id,inv,demand,forecast,received_shipment,order,Order_Supplier_0,Forecast_Retailer_0,Forecast_Retailer_1,Demand_Retailer_0,Demand_Retailer_1
0.0,0.0,1616.0,1616.0,0.0,6464.0,6464.0,1132.0,484.0,1132.0,484.0
0.0,0.0,1436.0,1526.0,0.0,6104.0,6104.0,1068.0,458.0,1004.0,432.0
0.0,0.0,1444.0,1498.0,6464.0,4024.0,4024.0,1049.0,449.0,1012.0,432.0
0.0,1968.0,1400.0,1474.0,6104.0,0.0,0.0,1032.0,442.0,980.0,420.0
0.0,6672.0,0.0,1180.0,4024.0,0.0,0.0,826.0,354.0,0.0,0.0
0.0,10696.0,0.0,983.0,0.0,0.0,0.0,688.0,295.0,0.0,0.0
0.0,10696.0,0.0,843.0,0.0,0.0,0.0,590.0,253.0,0.0,0.0
0.0,10696.0,0.0,737.0,0.0,0.0,0.0,516.0,221.0,0.0,0.0
0.0,10696.0,0.0,655.0,0.0,0.0,0.0,459.0,196.0,0.0,0.0
0.0,10696.0,0.0,590.0,0.0,0.0,0.0,413.0,177.0,0.0,0.0
0.0,10696.0,0.0,536.0,0.0,0.0,0.0,375.0,161.0,0.0,0.0
0.0,10696.0,0.0,491.0,0.0,0.0,0.0,344.0,147.0,0.0,0.0
0.0,10696.0,10.0,454.0,0.0,0.0,0.0,318.0,136.0,7.0,3.0
0.0,10686.0,368.0,448.0,0.0,0.0,0.0,314.0,134.0,259.0,109.0
0.0,10318.0,718.0,466.0,0.0,0.0,0.0,326.0,140.0,501.0,217.0
0.0,9600.0,735.0,483.0,0.0,0.0,0.0,338.0,145.0,513.0,222.0
0.0,8865.0,439.0,480.0,0.0,0.0,0.0,336.0,144.0,308.0,131.0
0.0,8426.0,30.0,456.0,0.0,0.0,0.0,319.0,137.0,22.0,8.0
0.0,8396.0,0.0,431.0,0.0,0.0,0.0,302.0,129.0,0.0,0.0
0.0,8396.0,276.0,423.0,0.0,0.0,0.0,296.0,127.0,192.0,84.0
0.0,8120.0,651.0,434.0,0.0,0.0,0.0,304.0,130.0,456.0,195.0
0.0,7469.0,691.0,446.0,0.0,0.0,0.0,312.0,134.0,484.0,207.0
0.0,6778.0,363.0,443.0,0.0,0.0,0.0,310.0,133.0,256.0,107.0
0.0,6415.0,45.0,426.0,0.0,0.0,0.0,298.0,128.0,30.0,15.0
0.0,6370.0,0.0,409.0,0.0,0.0,0.0,286.0,123.0,0.0,0.0
0.0,6370.0,267.0,403.0,0.0,0.0,0.0,282.0,121.0,187.0,80.0
0.0,6103.0,630.0,412.0,0.0,0.0,0.0,288.0,124.0,441.0,189.0
0.0,5473.0,675.0,421.0,0.0,0.0,0.0,295.0,126.0,471.0,204.0
0.0,4798.0,396.0,420.0,0.0,0.0,0.0,294.0,126.0,276.0,120.0
0.0,4402.0,58.0,409.0,0.0,0.0,0.0,286.0,123.0,41.0,17.0
0.0,4344.0,1.0,396.0,0.0,0.0,0.0,277.0,119.0,1.0,0.0
0.0,4343.0,287.0,391.0,0.0,0.0,0.0,274.0,117.0,205.0,82.0
0.0,4056.0,591.0,398.0,0.0,0.0,0.0,279.0,119.0,416.0,175.0
0.0,3465.0,668.0,406.0,0.0,0.0,0.0,284.0,122.0,466.0,202.0
0.0,2797.0,373.0,404.0,0.0,0.0,0.0,283.0,121.0,256.0,117.0
0.0,2424.0,86.0,396.0,0.0,0.0,0.0,277.0,119.0,58.0,28.0
0.0,2338.0,40.0,386.0,0.0,0.0,0.0,270.0,116.0,31.0,9.0
0.0,2298.0,269.0,383.0,0.0,0.0,0.0,268.0,115.0,192.0,77.0
0.0,2029.0,590.0,388.0,0.0,113.0,113.0,272.0,116.0,414.0,176.0
0.0,1439.0,685.0,396.0,0.0,830.0,830.0,277.0,119.0,478.0,207.0
0.0,754.0,506.0,399.0,113.0,1235.0,1235.0,279.0,120.0,353.0,153.0
0.0,361.0,118.0,392.0,830.0,495.0,495.0,274.0,118.0,82.0,36.0
0.0,1073.0,0.0,383.0,1235.0,0.0,0.0,268.0,115.0,0.0,0.0
0.0,2308.0,193.0,379.0,495.0,0.0,0.0,265.0,114.0,137.0,56.0
0.0,2610.0,529.0,381.0,0.0,0.0,0.0,267.0,114.0,372.0,157.0
0.0,2081.0,743.0,390.0,0.0,222.0,222.0,273.0,117.0,521.0,222.0
0.0,1338.0,563.0,393.0,0.0,797.0,797.0,275.0,118.0,393.0,170.0
0.0,775.0,115.0,387.0,222.0,666.0,666.0,271.0,116.0,77.0,38.0
0.0,882.0,0.0,380.0,797.0,0.0,0.0,266.0,114.0,0.0,0.0
0.0,1679.0,127.0,374.0,666.0,0.0,0.0,262.0,112.0,90.0,37.0
0.0,2218.0,465.0,377.0,0.0,0.0,0.0,264.0,113.0,327.0,138.0
0.0,1753.0,664.0,382.0,0.0,439.0,439.0,267.0,115.0,464.0,200.0
0.0,1089.0,505.0,360.0,0.0,856.0,856.0,252.0,108.0,353.0,152.0
0.0,584.0,239.0,337.0,439.0,564.0,564.0,236.0,101.0,166.0,73.0
0.0,784.0,128.0,313.0,856.0,0.0,0.0,219.0,94.0,90.0,38.0
0.0,1512.0,258.0,290.0,564.0,0.0,0.0,203.0,87.0,182.0,76.0
0.0,1818.0,493.0,300.0,0.0,0.0,0.0,210.0,90.0,346.0,147.0
0.0,1325.0,654.0,313.0,0.0,581.0,581.0,219.0,94.0,456.0,198.0
0.0,671.0,516.0,323.0,0.0,1137.0,1137.0,226.0,97.0,360.0,156.0
0.0,155.0,273.0,327.0,581.0,845.0,845.0,229.0,98.0,193.0,80.0
0.0,463.0,197.0,331.0,1137.0,0.0,0.0,232.0,99.0,138.0,59.0
0.0,1403.0,259.0,336.0,845.0,0.0,0.0,235.0,101.0,181.0,78.0
0.0,1989.0,452.0,345.0,0.0,0.0,0.0,242.0,103.0,316.0,136.0
0.0,1537.0,567.0,356.0,0.0,454.0,454.0,249.0,107.0,397.0,170.0
0.0,970.0,469.0,364.0,0.0,955.0,955.0,255.0,109.0,329.0,140.0
0.0,501.0,283.0,363.0,454.0,780.0,780.0,254.0,109.0,200.0,83.0
0.0,672.0,140.0,352.0,955.0,0.0,0.0,246.0,106.0,98.0,42.0
0.0,1487.0,248.0,343.0,780.0,0.0,0.0,240.0,103.0,172.0,76.0
0.0,2019.0,499.0,344.0,0.0,0.0,0.0,241.0,103.0,348.0,151.0
0.0,1520.0,612.0,354.0,0.0,508.0,508.0,248.0,106.0,430.0,182.0
0.0,908.0,504.0,364.0,0.0,1052.0,1052.0,255.0,109.0,356.0,148.0
0.0,404.0,343.0,366.0,508.0,895.0,895.0,256.0,110.0,240.0,103.0
0.0,569.0,222.0,357.0,1052.0,29.0,29.0,250.0,107.0,152.0,70.0
0.0,1399.0,270.0,350.0,895.0,0.0,0.0,245.0,105.0,187.0,83.0
0.0,2024.0,458.0,351.0,29.0,0.0,0.0,246.0,105.0,320.0,138.0
0.0,1595.0,591.0,362.0,0.0,444.0,444.0,253.0,109.0,416.0,175.0
0.0,1004.0,560.0,373.0,0.0,1048.0,1048.0,261.0,112.0,396.0,164.0
0.0,444.0,410.0,375.0,444.0,1022.0,1022.0,263.0,112.0,288.0,122.0
0.0,478.0,162.0,367.0,1048.0,104.0,104.0,257.0,110.0,109.0,53.0
0.0,1364.0,155.0,356.0,1022.0,0.0,0.0,249.0,107.0,104.0,51.0
0.0,2231.0,312.0,354.0,104.0,0.0,0.0,248.0,106.0,218.0,94.0
0.0,2023.0,481.0,363.0,0.0,0.0,0.0,254.0,109.0,340.0,141.0
0.0,1542.0,529.0,373.0,0.0,479.0,479.0,261.0,112.0,375.0,154.0
0.0,1013.0,450.0,376.0,0.0,941.0,941.0,263.0,113.0,316.0,134.0
0.0,563.0,308.0,370.0,479.0,746.0,746.0,259.0,111.0,210.0,98.0
0.0,734.0,251.0,363.0,941.0,28.0,28.0,254.0,109.0,170.0,81.0
0.0,1424.0,384.0,363.0,746.0,0.0,0.0,254.0,109.0,267.0,117.0
0.0,1786.0,483.0,370.0,28.0,149.0,149.0,259.0,111.0,342.0,141.0
0.0,1331.0,455.0,379.0,0.0,640.0,640.0,265.0,114.0,324.0,131.0
0.0,876.0,320.0,380.0,149.0,815.0,815.0,266.0,114.0,227.0,93.0
0.0,705.0,255.0,373.0,640.0,402.0,402.0,261.0,112.0,176.0,79.0
0.0,1090.0,343.0,367.0,815.0,0.0,0.0,257.0,110.0,236.0,107.0
0.0,1562.0,477.0,366.0,402.0,0.0,0.0,256.0,110.0,332.0,145.0
0.0,1487.0,569.0,374.0,0.0,578.0,578.0,262.0,112.0,399.0,170.0
0.0,918.0,475.0,384.0,0.0,1093.0,1093.0,269.0,115.0,336.0,139.0
0.0,443.0,296.0,386.0,578.0,819.0,819.0,270.0,116.0,210.0,86.0
0.0,725.0,296.0,381.0,1093.0,2.0,2.0,267.0,114.0,206.0,90.0
0.0,1522.0,407.0,375.0,819.0,0.0,0.0,262.0,113.0,281.0,126.0
0.0,1934.0,492.0,373.0,2.0,48.0,48.0,261.0,112.0,342.0,150.0
0.0,1444.0,469.0,380.0,0.0,545.0,545.0,266.0,114.0,328.0,141.0
0.0,975.0,414.0,388.0,48.0,943.0,943.0,272.0,116.0,293.0,121.0
0.0,609.0,346.0,393.0,545.0,764.0,764.0,275.0,118.0,244.0,102.0
0.0,808.0,390.0,391.0,943.0,203.0,203.0,274.0,117.0,274.0,116.0
0.0,1361.0,491.0,387.0,764.0,0.0,0.0,271.0,116.0,341.0,150.0
0.0,1634.0,514.0,387.0,203.0,225.0,225.0,271.0,116.0,357.0,157.0
0.0,1323.0,387.0,390.0,0.0,624.0,624.0,273.0,117.0,271.0,116.0
0.0,936.0,310.0,394.0,225.0,725.0,725.0,276.0,118.0,221.0,89.0
0.0,851.0,303.0,396.0,624.0,412.0,412.0,277.0,119.0,213.0,90.0
0.0,1172.0,384.0,393.0,725.0,59.0,59.0,275.0,118.0,266.0,118.0
0.0,1513.0,497.0,390.0,412.0,132.0,132.0,273.0,117.0,344.0,153.0
0.0,1428.0,558.0,390.0,59.0,631.0,631.0,273.0,117.0,391.0,167.0
0.0,929.0,540.0,396.0,132.0,1063.0,1063.0,277.0,119.0,381.0,159.0
0.0,521.0,493.0,401.0,631.0,945.0,945.0,281.0,120.0,349.0,144.0
0.0,659.0,465.0,406.0,1063.0,367.0,367.0,284.0,122.0,327.0,138.0
0.0,1257.0,402.0,404.0,945.0,0.0,0.0,283.0,121.0,279.0,123.0
0.0,1800.0,346.0,400.0,367.0,0.0,0.0,280.0,120.0,238.0,108.0
0.0,1821.0,417.0,399.0,0.0,192.0,192.0,279.0,120.0,290.0,127.0
0.0,1404.0,519.0,404.0,0.0,731.0,731.0,283.0,121.0,367.0,152.0
0.0,885.0,591.0,413.0,192.0,1166.0,1166.0,289.0,124.0,419.0,172.0
0.0,486.0,531.0,418.0,731.0,986.0,986.0,293.0,125.0,372.0,159.0
0.0,686.0,369.0,416.0,1166.0,181.0,181.0,291.0,125.0,253.0,116.0
0.0,1483.0,340.0,410.0,986.0,0.0,0.0,287.0,123.0,232.0,108.0
0.0,2129.0,354.0,407.0,181.0,0.0,0.0,285.0,122.0,247.0,107.0
0.0,1956.0,412.0,409.0,0.0,92.0,92.0,286.0,123.0,295.0,117.0
0.0,1544.0,431.0,413.0,0.0,539.0,539.0,289.0,124.0,309.0,122.0
0.0,1113.0,416.0,416.0,92.0,875.0,875.0,291.0,125.0,292.0,124.0
0.0,789.0,423.0,414.0,539.0,751.0,751.0,290.0,124.0,288.0,135.0
0.0,905.0,465.0,412.0,875.0,333.0,333.0,288.0,124.0,317.0,148.0
0.0,1315.0,461.0,410.0,751.0,35.0,35.0,287.0,123.0,322.0,139.0
0.0,1605.0,410.0,410.0,333.0,112.0,112.0,287.0,123.0,295.0,115.0
0.0,1528.0,396.0,415.0,35.0,493.0,493.0,291.0,124.0,288.0,108.0
0.0,1167.0,368.0,419.0,112.0,765.0,765.0,294.0,125.0,260.0,108.0
0.0,911.0,364.0,420.0,493.0,640.0,640.0,294.0,126.0,245.0,119.0
0.0,1040.0,389.0,419.0,765.0,260.0,260.0,293.0,126.0,260.0,129.0
0.0,1416.0,481.0,418.0,640.0,97.0,97.0,292.0,126.0,334.0,147.0
0.0,1575.0,521.0,419.0,260.0,362.0,362.0,293.0,126.0,374.0,147.0
0.0,1314.0,417.0,421.0,97.0,690.0,690.0,295.0,126.0,304.0,113.0
0.0,994.0,299.0,422.0,362.0,631.0,631.0,296.0,126.0,212.0,87.0
0.0,1057.0,288.0,420.0,690.0,221.0,221.0,294.0,126.0,192.0,96.0
0.0,1459.0,405.0,419.0,631.0,0.0,0.0,293.0,126.0,272.0,133.0
0.0,1685.0,466.0,419.0,221.0,236.0,236.0,293.0,126.0,324.0,142.0
0.0,1440.0,494.0,422.0,0.0,742.0,742.0,295.0,127.0,356.0,138.0
0.0,946.0,442.0,426.0,236.0,964.0,964.0,298.0,128.0,319.0,123.0
0.0,740.0,247.0,424.0,742.0,461.0,461.0,297.0,127.0,174.0,73.0
0.0,1235.0,216.0,419.0,964.0,0.0,0.0,293.0,126.0,143.0,73.0
0.0,1983.0,345.0,414.0,461.0,0.0,0.0,290.0,124.0,231.0,114.0
0.0,2099.0,486.0,415.0,0.0,47.0,47.0,290.0,125.0,338.0,148.0
0.0,1613.0,634.0,421.0,0.0,705.0,705.0,295.0,126.0,453.0,181.0
0.0,979.0,559.0,426.0,47.0,1237.0,1237.0,298.0,128.0,403.0,156.0
0.0,467.0,412.0,427.0,705.0,948.0,948.0,299.0,128.0,292.0,120.0
0.0,760.0,257.0,421.0,1237.0,0.0,0.0,295.0,126.0,169.0,88.0
0.0,1740.0,247.0,417.0,948.0,0.0,0.0,292.0,125.0,158.0,89.0
0.0,2441.0,416.0,418.0,0.0,0.0,0.0,292.0,126.0,287.0,129.0
0.0,2025.0,625.0,423.0,0.0,292.0,292.0,296.0,127.0,449.0,176.0
0.0,1400.0,668.0,428.0,0.0,980.0,980.0,300.0,128.0,483.0,185.0
0.0,732.0,570.0,430.0,292.0,1266.0,1266.0,301.0,129.0,401.0,169.0
0.0,454.0,365.0,427.0,980.0,639.0,639.0,299.0,128.0,243.0,122.0
0.0,1069.0,233.0,424.0,1266.0,0.0,0.0,297.0,127.0,150.0,83.0
0.0,2102.0,291.0,423.0,639.0,0.0,0.0,296.0,127.0,203.0,88.0
0.0,2450.0,520.0,427.0,0.0,0.0,0.0,299.0,128.0,375.0,145.0
0.0,1930.0,620.0,433.0,0.0,422.0,422.0,303.0,130.0,446.0,174.0
0.0,1310.0,503.0,432.0,0.0,921.0,921.0,303.0,129.0,353.0,150.0
0.0,807.0,386.0,429.0,422.0,873.0,873.0,300.0,129.0,259.0,127.0
0.0,843.0,354.0,426.0,921.0,294.0,294.0,298.0,128.0,236.0,118.0
0.0,1410.0,408.0,424.0,873.0,0.0,0.0,296.0,128.0,284.0,124.0
0.0,1875.0,500.0,425.0,294.0,31.0,31.0,297.0,128.0,363.0,137.0
0.0,1669.0,562.0,428.0,0.0,605.0,605.0,300.0,128.0,405.0,157.0
0.0,1107.0,583.0,432.0,31.0,1173.0,1173.0,303.0,129.0,409.0,174.0
0.0,555.0,487.0,434.0,605.0,1063.0,1063.0,304.0,130.0,330.0,157.0
0.0,673.0,412.0,432.0,1173.0,294.0,294.0,302.0,130.0,278.0,134.0
0.0,1434.0,377.0,428.0,1063.0,0.0,0.0,299.0,129.0,263.0,114.0
0.0,2120.0,460.0,426.0,294.0,0.0,0.0,298.0,128.0,330.0,130.0
0.0,1954.0,527.0,429.0,0.0,289.0,289.0,300.0,129.0,378.0,149.0
0.0,1427.0,583.0,434.0,0.0,892.0,892.0,304.0,130.0,409.0,174.0
0.0,844.0,560.0,438.0,289.0,1179.0,1179.0,307.0,131.0,386.0,174.0
0.0,573.0,465.0,439.0,892.0,756.0,756.0,307.0,132.0,317.0,148.0
0.0,1000.0,346.0,437.0,1179.0,0.0,0.0,306.0,131.0,241.0,105.0
0.0,1833.0,375.0,436.0,756.0,0.0,0.0,305.0,131.0,268.0,107.0
0.0,2214.0,476.0,437.0,0.0,10.0,10.0,306.0,131.0,340.0,136.0
0.0,1738.0,611.0,440.0,0.0,633.0,633.0,308.0,132.0,430.0,181.0
0.0,1127.0,624.0,443.0,10.0,1259.0,1259.0,310.0,133.0,431.0,193.0
0.0,513.0,473.0,445.0,633.0,1107.0,1107.0,311.0,134.0,323.0,150.0
0.0,673.0,272.0,442.0,1259.0,108.0,108.0,309.0,133.0,188.0,84.0
0.0,1660.0,196.0,439.0,1107.0,0.0,0.0,307.0,132.0,143.0,53.0
0.0,2571.0,445.0,440.0,108.0,0.0,0.0,308.0,132.0,322.0,123.0
0.0,2234.0,777.0,448.0,0.0,335.0,335.0,314.0,134.0,548.0,229.0
0.0,1457.0,749.0,453.0,0.0,1104.0,1104.0,317.0,136.0,517.0,232.0
0.0,708.0,432.0,451.0,335.0,1193.0,1193.0,316.0,135.0,292.0,140.0
0.0,611.0,77.0,445.0,1104.0,142.0,142.0,311.0,134.0,51.0,26.0
0.0,1638.0,61.0,440.0,1193.0,0.0,0.0,308.0,132.0,50.0,11.0
0.0,2770.0,421.0,443.0,142.0,0.0,0.0,310.0,133.0,302.0,119.0
0.0,2491.0,791.0,450.0,0.0,100.0,100.0,315.0,135.0,555.0,236.0
0.0,1700.0,822.0,457.0,0.0,950.0,950.0,320.0,137.0,571.0,251.0
0.0,878.0,514.0,457.0,100.0,1364.0,1364.0,320.0,137.0,355.0,159.0
0.0,464.0,156.0,452.0,950.0,550.0,550.0,316.0,136.0,106.0,50.0
0.0,1258.0,41.0,448.0,1364.0,0.0,0.0,313.0,135.0,33.0,8.0
0.0,2581.0,335.0,450.0,550.0,0.0,0.0,315.0,135.0,242.0,93.0
0.0,2796.0,759.0,458.0,0.0,0.0,0.0,321.0,137.0,533.0,226.0
0.0,2037.0,852.0,465.0,0.0,675.0,675.0,326.0,139.0,592.0,260.0
0.0,1185.0,566.0,464.0,0.0,1237.0,1237.0,325.0,139.0,390.0,176.0
0.0,619.0,202.0,457.0,675.0,736.0,736.0,320.0,137.0,138.0,64.0
0.0,1092.0,120.0,452.0,1237.0,0.0,0.0,316.0,136.0,87.0,33.0
0.0,2209.0,403.0,454.0,736.0,0.0,0.0,318.0,136.0,290.0,113.0
0.0,2542.0,757.0,464.0,0.0,71.0,71.0,325.0,139.0,536.0,221.0
0.0,1785.0,784.0,471.0,0.0,883.0,883.0,330.0,141.0,547.0,237.0
0.0,1001.0,492.0,469.0,71.0,1296.0,1296.0,328.0,141.0,334.0,158.0
0.0,580.0,158.0,459.0,883.0,531.0,531.0,321.0,138.0,105.0,53.0
0.0,1305.0,209.0,452.0,1296.0,0.0,0.0,316.0,136.0,148.0,61.0
0.0,2392.0,556.0,456.0,531.0,0.0,0.0,319.0,137.0,398.0,158.0
0.0,2367.0,880.0,468.0,0.0,385.0,385.0,328.0,140.0,624.0,256.0
0.0,1487.0,825.0,478.0,0.0,1250.0,1250.0,335.0,143.0,575.0,250.0
0.0,662.0,506.0,478.0,385.0,1371.0,1371.0,335.0,143.0,345.0,161.0
0.0,541.0,155.0,469.0,1250.0,240.0,240.0,328.0,141.0,100.0,55.0
0.0,1636.0,157.0,462.0,1371.0,0.0,0.0,323.0,139.0,113.0,44.0
0.0,2850.0,479.0,464.0,240.0,0.0,0.0,325.0,139.0,346.0,133.0
0.0,2611.0,839.0,474.0,0.0,124.0,124.0,332.0,142.0,596.0,243.0
0.0,1772.0,877.0,482.0,0.0,1033.0,1033.0,338.0,144.0,610.0,267.0
0.0,895.0,537.0,483.0,124.0,1450.0,1450.0,338.0,145.0,363.0,174.0
0.0,482.0,127.0,475.0,1033.0,512.0,512.0,332.0,143.0,80.0,47.0
0.0,1388.0,62.0,465.0,1450.0,0.0,0.0,325.0,140.0,47.0,15.0
0.0,2776.0,496.0,465.0,512.0,0.0,0.0,326.0,139.0,361.0,135.0
0.0,2792.0,941.0,475.0,0.0,49.0,49.0,333.0,142.0,669.0,272.0
0.0,1851.0,876.0,485.0,0.0,965.0,965.0,340.0,145.0,610.0,266.0
0.0,975.0,375.0,483.0,49.0,1283.0,1283.0,338.0,145.0,248.0,127.0
0.0,649.0,13.0,473.0,965.0,291.0,291.0,331.0,142.0,0.0,13.0
0.0,1601.0,172.0,465.0,1283.0,0.0,0.0,325.0,140.0,122.0,50.0
0.0,2712.0,631.0,467.0,291.0,0.0,0.0,327.0,140.0,455.0,176.0
0.0,2372.0,1018.0,477.0,0.0,554.0,554.0,334.0,143.0,723.0,295.0
0.0,1354.0,924.0,488.0,0.0,1522.0,1522.0,342.0,146.0,645.0,279.0
0.0,430.0,400.0,489.0,554.0,1372.0,1372.0,342.0,147.0,268.0,132.0
0.0,584.0,8.0,480.0,1522.0,0.0,0.0,336.0,144.0,0.0,8.0
0.0,2098.0,141.0,470.0,1372.0,0.0,0.0,329.0,141.0,100.0,41.0
0.0,3329.0,620.0,471.0,0.0,0.0,0.0,330.0,141.0,441.0,179.0
0.0,2709.0,959.0,480.0,0.0,170.0,170.0,336.0,144.0,677.0,282.0
0.0,1750.0,863.0,491.0,0.0,1077.0,1077.0,344.0,147.0,601.0,262.0
0.0,887.0,345.0,494.0,170.0,1264.0,1264.0,346.0,148.0,234.0,111.0
0.0,712.0,0.0,486.0,1077.0,155.0,155.0,340.0,146.0,0.0,0.0
0.0,1789.0,104.0,473.0,1264.0,0.0,0.0,331.0,142.0,75.0,29.0
0.0,2949.0,604.0,470.0,155.0,0.0,0.0,329.0,141.0,426.0,178.0
0.0,2500.0,897.0,479.0,0.0,313.0,313.0,335.0,144.0,628.0,269.0
0.0,1603.0,784.0,493.0,0.0,1153.0,1153.0,345.0,148.0,548.0,236.0
0.0,819.0,407.0,500.0,313.0,1275.0,1275.0,350.0,150.0,282.0,125.0
0.0,725.0,94.0,493.0,1153.0,188.0,188.0,345.0,148.0,64.0,30.0
0.0,1784.0,268.0,483.0,1275.0,0.0,0.0,338.0,145.0,188.0,80.0
0.0,2791.0,685.0,480.0,188.0,0.0,0.0,336.0,144.0,483.0,202.0
0.0,2294.0,951.0,488.0,0.0,609.0,609.0,342.0,146.0,670.0,281.0
0.0,1343.0,684.0,498.0,0.0,1333.0,1333.0,349.0,149.0,478.0,206.0
0.0,659.0,181.0,501.0,609.0,917.0,917.0,351.0,150.0,120.0,61.0
0.0,1087.0,1.0,495.0,1333.0,0.0,0.0,346.0,149.0,0.0,1.0
0.0,2419.0,273.0,486.0,917.0,0.0,0.0,340.0,146.0,193.0,80.0
0.0,3063.0,782.0,484.0,0.0,0.0,0.0,339.0,145.0,551.0,231.0
0.0,2281.0,993.0,493.0,0.0,684.0,684.0,345.0,148.0,697.0,296.0
0.0,1288.0,660.0,501.0,0.0,1376.0,1376.0,351.0,150.0,459.0,201.0
0.0,628.0,123.0,501.0,684.0,815.0,815.0,351.0,150.0,81.0,42.0
0.0,1189.0,23.0,494.0,1376.0,0.0,0.0,346.0,148.0,15.0,8.0
0.0,2542.0,381.0,487.0,815.0,0.0,0.0,341.0,146.0,268.0,113.0
0.0,2976.0,859.0,489.0,0.0,0.0,0.0,342.0,147.0,605.0,254.0
0.0,2117.0,1025.0,498.0,0.0,900.0,900.0,349.0,149.0,721.0,304.0
0.0,1092.0,660.0,508.0,0.0,1600.0,1600.0,356.0,152.0,460.0,200.0
0.0,432.0,151.0,507.0,900.0,847.0,847.0,355.0,152.0,102.0,49.0
0.0,1181.0,6.0,496.0,1600.0,0.0,0.0,347.0,149.0,0.0,6.0
0.0,2775.0,364.0,486.0,847.0,0.0,0.0,340.0,146.0,257.0,107.0
0.0,3258.0,854.0,487.0,0.0,0.0,0.0,341.0,146.0,604.0,250.0
0.0,2404.0,1007.0,497.0,0.0,591.0,591.0,348.0,149.0,709.0,298.0
0.0,1397.0,634.0,507.0,0.0,1265.0,1265.0,355.0,152.0,442.0,192.0
0.0,763.0,203.0,507.0,591.0,877.0,877.0,355.0,152.0,135.0,68.0
0.0,1151.0,0.0,497.0,1265.0,0.0,0.0,348.0,149.0,0.0,0.0
0.0,2416.0,332.0,488.0,877.0,0.0,0.0,341.0,147.0,234.0,98.0
0.0,2961.0,912.0,489.0,0.0,0.0,0.0,342.0,147.0,640.0,272.0
0.0,2049.0,1113.0,500.0,0.0,1064.0,1064.0,350.0,150.0,780.0,333.0
0.0,936.0,762.0,512.0,0.0,1874.0,1874.0,359.0,153.0,531.0,231.0
0.0,174.0,194.0,514.0,1064.0,1012.0,1012.0,360.0,154.0,134.0,60.0
0.0,1044.0,0.0,505.0,1874.0,0.0,0.0,353.0,152.0,0.0,0.0
0.0,2918.0,215.0,491.0,1012.0,0.0,0.0,343.0,148.0,152.0,63.0
0.0,3715.0,787.0,489.0,0.0,0.0,0.0,342.0,147.0,555.0,232.0
0.0,2928.0,1080.0,503.0,0.0,164.0,164.0,352.0,151.0,756.0,324.0
0.0,1848.0,881.0,520.0,0.0,1113.0,1113.0,364.0,156.0,614.0,267.0
0.0,967.0,305.0,522.0,164.0,1262.0,1262.0,366.0,156.0,211.0,94.0
0.0,826.0,0.0,510.0,1113.0,101.0,101.0,357.0,153.0,0.0,0.0
0.0,1939.0,271.0,496.0,1262.0,0.0,0.0,347.0,149.0,192.0,79.0
0.0,2930.0,823.0,493.0,101.0,0.0,0.0,345.0,148.0,578.0,245.0
0.0,2208.0,1089.0,507.0,0.0,909.0,909.0,355.0,152.0,762.0,327.0
0.0,1119.0,781.0,521.0,0.0,1746.0,1746.0,365.0,156.0,546.0,235.0
0.0,338.0,178.0,523.0,909.0,1023.0,1023.0,366.0,157.0,123.0,55.0
0.0,1069.0,0.0,510.0,1746.0,0.0,0.0,357.0,153.0,0.0,0.0
0.0,2815.0,273.0,497.0,1023.0,0.0,0.0,348.0,149.0,193.0,80.0
0.0,3565.0,789.0,496.0,0.0,0.0,0.0,347.0,149.0,554.0,235.0
0.0,2776.0,990.0,508.0,0.0,246.0,246.0,356.0,152.0,693.0,297.0
0.0,1786.0,783.0,523.0,0.0,1089.0,1089.0,366.0,157.0,546.0,237.0
0.0,1003.0,243.0,526.0,246.0,1098.0,1098.0,368.0,158.0,167.0,76.0
0.0,1006.0,17.0,515.0,1089.0,0.0,0.0,360.0,155.0,12.0,5.0
0.0,2078.0,264.0,503.0,1098.0,0.0,0.0,352.0,151.0,189.0,75.0
0.0,2912.0,739.0,501.0,0.0,0.0,0.0,351.0,150.0,521.0,218.0
0.0,2173.0,1002.0,513.0,0.0,881.0,881.0,359.0,154.0,698.0,304.0
0.0,1171.0,788.0,527.0,0.0,1725.0,1725.0,369.0,158.0,546.0,242.0
0.0,383.0,323.0,527.0,881.0,1167.0,1167.0,369.0,158.0,224.0,99.0
0.0,941.0,72.0,516.0,1725.0,0.0,0.0,361.0,155.0,54.0,18.0
0.0,2594.0,237.0,502.0,1167.0,0.0,0.0,351.0,151.0,170.0,67.0
0.0,3524.0,771.0,504.0,0.0,0.0,0.0,353.0,151.0,541.0,230.0
0.0,2753.0,1028.0,520.0,0.0,355.0,355.0,364.0,156.0,717.0,311.0
0.0,1725.0,784.0,535.0,0.0,1199.0,1199.0,375.0,160.0,546.0,238.0
0.0,941.0,173.0,533.0,355.0,1009.0,1009.0,373.0,160.0,120.0,53.0
0.0,1123.0,0.0,519.0,1199.0,0.0,0.0,363.0,156.0,0.0,0.0
0.0,2322.0,291.0,504.0,1009.0,0.0,0.0,353.0,151.0,208.0,83.0
0.0,3040.0,809.0,507.0,0.0,0.0,0.0,355.0,152.0,569.0,240.0
0.0,2231.0,1012.0,524.0,0.0,877.0,877.0,367.0,157.0,708.0,304.0
0.0,1219.0,706.0,537.0,0.0,1635.0,1635.0,376.0,161.0,490.0,216.0
0.0,513.0,210.0,534.0,877.0,956.0,956.0,374.0,160.0,143.0,67.0
0.0,1180.0,17.0,519.0,1635.0,0.0,0.0,363.0,156.0,13.0,4.0
0.0,2798.0,353.0,506.0,956.0,0.0,0.0,354.0,152.0,252.0,101.0
0.0,3401.0,896.0,510.0,0.0,0.0,0.0,357.0,153.0,632.0,264.0
0.0,2505.0,1079.0,528.0,0.0,686.0,686.0,370.0,158.0,755.0,324.0
0.0,1426.0,665.0,540.0,0.0,1399.0,1399.0,378.0,162.0,459.0,206.0
0.0,761.0,99.0,536.0,686.0,796.0,796.0,375.0,161.0,63.0,36.0
0.0,1348.0,22.0,519.0,1399.0,0.0,0.0,363.0,156.0,15.0,7.0
0.0,2725.0,506.0,510.0,796.0,0.0,0.0,357.0,153.0,360.0,146.0
0.0,3015.0,1031.0,517.0,0.0,84.0,84.0,362.0,155.0,729.0,302.0
0.0,1984.0,1102.0,534.0,0.0,1254.0,1254.0,374.0,160.0,773.0,329.0
0.0,882.0,657.0,547.0,84.0,1879.0,1879.0,383.0,164.0,454.0,203.0
0.0,309.0,96.0,543.0,1254.0,705.0,705.0,380.0,163.0,60.0,36.0
0.0,1467.0,0.0,525.0,1879.0,0.0,0.0,367.0,158.0,0.0,0.0
0.0,3346.0,469.0,513.0,705.0,0.0,0.0,359.0,154.0,335.0,134.0
0.0,3582.0,1005.0,517.0,0.0,0.0,0.0,362.0,155.0,709.0,296.0
0.0,2577.0,1141.0,536.0,0.0,708.0,708.0,375.0,161.0,796.0,345.0
0.0,1436.0,723.0,550.0,0.0,1487.0,1487.0,385.0,165.0,499.0,224.0
0.0,713.0,93.0,547.0,708.0,860.0,860.0,383.0,164.0,62.0,31.0
0.0,1328.0,0.0,532.0,1487.0,0.0,0.0,372.0,160.0,0.0,0.0
0.0,2815.0,417.0,519.0,860.0,0.0,0.0,363.0,156.0,296.0,121.0
0.0,3258.0,986.0,521.0,0.0,0.0,0.0,365.0,156.0,694.0,292.0
0.0,2272.0,1123.0,537.0,0.0,999.0,999.0,376.0,161.0,787.0,336.0
0.0,1149.0,775.0,552.0,0.0,1834.0,1834.0,386.0,166.0,538.0,237.0
0.0,374.0,284.0,552.0,999.0,1119.0,1119.0,386.0,166.0,193.0,91.0
0.0,1089.0,42.0,537.0,1834.0,0.0,0.0,376.0,161.0,31.0,11.0
0.0,2881.0,335.0,523.0,1119.0,0.0,0.0,366.0,157.0,240.0,95.0
0.0,3665.0,792.0,523.0,0.0,0.0,0.0,366.0,157.0,558.0,234.0
0.0,2873.0,1063.0,540.0,0.0,350.0,350.0,378.0,162.0,743.0,320.0
0.0,1810.0,788.0,555.0,0.0,1198.0,1198.0,388.0,167.0,546.0,242.0
0.0,1022.0,246.0,555.0,350.0,1094.0,1094.0,388.0,167.0,169.0,77.0
0.0,1126.0,93.0,542.0,1198.0,0.0,0.0,379.0,163.0,66.0,27.0
0.0,2231.0,407.0,530.0,1094.0,0.0,0.0,371.0,159.0,290.0,117.0
0.0,2918.0,841.0,531.0,0.0,47.0,47.0,372.0,159.0,593.0,248.0
0.0,2077.0,998.0,546.0,0.0,1105.0,1105.0,382.0,164.0,696.0,302.0
0.0,1079.0,714.0,559.0,47.0,1824.0,1824.0,391.0,168.0,493.0,221.0
0.0,412.0,267.0,559.0,1105.0,986.0,986.0,391.0,168.0,184.0,83.0
0.0,1250.0,124.0,547.0,1824.0,0.0,0.0,383.0,164.0,92.0,32.0
0.0,2950.0,442.0,537.0,986.0,0.0,0.0,376.0,161.0,316.0,126.0
0.0,3494.0,899.0,538.0,0.0,0.0,0.0,377.0,161.0,632.0,267.0
0.0,2595.0,1007.0,551.0,0.0,616.0,616.0,386.0,165.0,701.0,306.0
0.0,1588.0,667.0,563.0,0.0,1331.0,1331.0,394.0,169.0,460.0,207.0
0.0,921.0,191.0,562.0,616.0,902.0,902.0,393.0,169.0,132.0,59.0
0.0,1346.0,129.0,550.0,1331.0,0.0,0.0,385.0,165.0,93.0,36.0
0.0,2548.0,532.0,540.0,902.0,0.0,0.0,378.0,162.0,378.0,154.0
0.0,2918.0,886.0,543.0,0.0,140.0,140.0,380.0,163.0,623.0,263.0
0.0,2032.0,966.0,557.0,0.0,1162.0,1162.0,390.0,167.0,673.0,293.0
0.0,1066.0,631.0,570.0,140.0,1705.0,1705.0,399.0,171.0,436.0,195.0
0.0,575.0,293.0,570.0,1162.0,836.0,836.0,399.0,171.0,204.0,89.0
0.0,1444.0,239.0,559.0,1705.0,0.0,0.0,391.0,168.0,170.0,69.0
0.0,2910.0,524.0,550.0,836.0,0.0,0.0,385.0,165.0,372.0,152.0
0.0,3222.0,789.0,551.0,0.0,0.0,0.0,386.0,165.0,555.0,234.0
0.0,2433.0,744.0,561.0,0.0,555.0,555.0,393.0,168.0,518.0,226.0
0.0,1689.0,521.0,571.0,0.0,1116.0,1116.0,400.0,171.0,359.0,162.0
0.0,1168.0,348.0,570.0,555.0,905.0,905.0,399.0,171.0,239.0,109.0
0.0,1375.0,374.0,560.0,1116.0,123.0,123.0,392.0,168.0,266.0,108.0
0.0,2117.0,619.0,552.0,905.0,0.0,0.0,386.0,166.0,439.0,180.0
0.0,2403.0,745.0,554.0,123.0,435.0,435.0,388.0,166.0,524.0,221.0
0.0,1781.0,679.0,564.0,0.0,1154.0,1154.0,395.0,169.0,472.0,207.0
0.0,1102.0,554.0,575.0,435.0,1317.0,1317.0,403.0,172.0,383.0,171.0
0.0,983.0,481.0,574.0,1154.0,640.0,640.0,402.0,172.0,335.0,146.0
0.0,1656.0,528.0,565.0,1317.0,0.0,0.0,395.0,170.0,371.0,157.0
0.0,2445.0,600.0,555.0,640.0,0.0,0.0,388.0,167.0,422.0,178.0
0.0,2485.0,698.0,556.0,0.0,437.0,437.0,389.0,167.0,490.0,208.0
0.0,1787.0,699.0,567.0,0.0,1180.0,1180.0,397.0,170.0,490.0,209.0
0.0,1088.0,564.0,578.0,437.0,1351.0,1351.0,405.0,173.0,394.0,170.0
0.0,961.0,514.0,579.0,1180.0,689.0,689.0,405.0,174.0,357.0,157.0
0.0,1627.0,520.0,570.0,1351.0,0.0,0.0,399.0,171.0,362.0,158.0
0.0,2458.0,613.0,560.0,689.0,0.0,0.0,392.0,168.0,430.0,183.0
0.0,2534.0,672.0,559.0,0.0,374.0,374.0,391.0,168.0,473.0,199.0
0.0,1862.0,626.0,569.0,0.0,1040.0,1040.0,398.0,171.0,441.0,185.0
0.0,1236.0,501.0,578.0,374.0,1203.0,1203.0,405.0,173.0,351.0,150.0
0.0,1109.0,519.0,580.0,1040.0,690.0,690.0,406.0,174.0,362.0,157.0
0.0,1630.0,702.0,575.0,1203.0,169.0,169.0,402.0,173.0,488.0,214.0
0.0,2131.0,794.0,569.0,690.0,249.0,249.0,398.0,171.0,555.0,239.0
0.0,2027.0,667.0,567.0,169.0,739.0,739.0,397.0,170.0,468.0,199.0
0.0,1529.0,497.0,571.0,249.0,1003.0,1003.0,400.0,171.0,350.0,147.0
0.0,1281.0,468.0,579.0,739.0,764.0,764.0,405.0,174.0,327.0,141.0
0.0,1552.0,618.0,584.0,1003.0,399.0,399.0,409.0,175.0,431.0,187.0
0.0,1937.0,718.0,583.0,764.0,349.0,349.0,408.0,175.0,503.0,215.0
0.0,1983.0,704.0,576.0,399.0,626.0,626.0,403.0,173.0,495.0,209.0
0.0,1678.0,560.0,571.0,349.0,817.0,817.0,400.0,171.0,392.0,168.0
0.0,1467.0,487.0,577.0,626.0,702.0,702.0,404.0,173.0,340.0,147.0
0.0,1606.0,476.0,584.0,817.0,389.0,389.0,409.0,175.0,331.0,145.0
0.0,1947.0,629.0,588.0,702.0,332.0,332.0,412.0,176.0,440.0,189.0
0.0,2020.0,683.0,585.0,389.0,614.0,614.0,409.0,176.0,480.0,203.0
0.0,1726.0,629.0,578.0,332.0,883.0,883.0,405.0,173.0,444.0,185.0
0.0,1429.0,587.0,575.0,614.0,844.0,844.0,403.0,172.0,411.0,176.0
0.0,1456.0,500.0,580.0,883.0,481.0,481.0,406.0,174.0,346.0,154.0
0.0,1839.0,520.0,587.0,844.0,185.0,185.0,411.0,176.0,360.0,160.0
0.0,2163.0,637.0,592.0,481.0,361.0,361.0,414.0,178.0,447.0,190.0
0.0,2007.0,716.0,587.0,185.0,872.0,872.0,411.0,176.0,506.0,210.0
0.0,1476.0,680.0,581.0,361.0,1167.0,1167.0,407.0,174.0,478.0,202.0
0.0,1157.0,625.0,581.0,872.0,920.0,920.0,407.0,174.0,436.0,189.0
0.0,1404.0,475.0,586.0,1167.0,248.0,248.0,410.0,176.0,329.0,146.0
0.0,2096.0,437.0,592.0,920.0,0.0,0.0,414.0,178.0,304.0,133.0
0.0,2579.0,530.0,592.0,248.0,71.0,71.0,414.0,178.0,371.0,159.0
0.0,2297.0,657.0,587.0,0.0,708.0,708.0,411.0,176.0,460.0,197.0
0.0,1640.0,700.0,583.0,71.0,1321.0,1321.0,408.0,175.0,493.0,207.0
0.0,1011.0,684.0,584.0,708.0,1301.0,1301.0,409.0,175.0,480.0,204.0
0.0,1035.0,515.0,588.0,1321.0,511.0,511.0,412.0,176.0,360.0,155.0
0.0,1841.0,424.0,591.0,1301.0,0.0,0.0,414.0,177.0,292.0,132.0
0.0,2718.0,458.0,590.0,511.0,0.0,0.0,413.0,177.0,319.0,139.0
0.0,2771.0,648.0,587.0,0.0,225.0,225.0,411.0,176.0,455.0,193.0
0.0,2123.0,785.0,589.0,0.0,1018.0,1018.0,412.0,177.0,552.0,233.0
0.0,1338.0,713.0,592.0,225.0,1518.0,1518.0,414.0,178.0,500.0,213.0
0.0,850.0,484.0,594.0,1018.0,992.0,992.0,416.0,178.0,337.0,147.0
0.0,1384.0,386.0,594.0,1518.0,0.0,0.0,416.0,178.0,269.0,117.0
0.0,2516.0,462.0,592.0,992.0,0.0,0.0,414.0,178.0,323.0,139.0
0.0,3046.0,719.0,592.0,0.0,41.0,41.0,414.0,178.0,504.0,215.0
0.0,2327.0,859.0,594.0,0.0,908.0,908.0,416.0,178.0,604.0,255.0
0.0,1468.0,722.0,598.0,41.0,1605.0,1605.0,419.0,179.0,506.0,216.0
0.0,787.0,487.0,598.0,908.0,1184.0,1184.0,419.0,179.0,340.0,147.0
0.0,1208.0,372.0,595.0,1605.0,0.0,0.0,416.0,179.0,259.0,113.0
0.0,2441.0,472.0,593.0,1184.0,0.0,0.0,415.0,178.0,330.0,142.0
0.0,3153.0,710.0,593.0,0.0,0.0,0.0,415.0,178.0,498.0,212.0
0.0,2443.0,781.0,594.0,0.0,714.0,714.0,416.0,178.0,547.0,234.0
0.0,1662.0,689.0,597.0,0.0,1415.0,1415.0,418.0,179.0,483.0,206.0
0.0,973.0,575.0,598.0,714.0,1280.0,1280.0,419.0,179.0,403.0,172.0
0.0,1112.0,531.0,598.0,1415.0,396.0,396.0,419.0,179.0,373.0,158.0
0.0,1996.0,591.0,597.0,1280.0,0.0,0.0,418.0,179.0,413.0,178.0
0.0,2685.0,683.0,597.0,396.0,0.0,0.0,418.0,179.0,476.0,207.0
0.0,2398.0,683.0,599.0,0.0,681.0,681.0,419.0,180.0,478.0,205.0
0.0,1715.0,631.0,601.0,0.0,1320.0,1320.0,421.0,180.0,445.0,186.0
0.0,1084.0,629.0,604.0,681.0,1280.0,1280.0,423.0,181.0,441.0,188.0
0.0,1136.0,617.0,602.0,1320.0,569.0,569.0,421.0,181.0,431.0,186.0
0.0,1839.0,663.0,600.0,1280.0,0.0,0.0,420.0,180.0,461.0,202.0
0.0,2456.0,690.0,600.0,569.0,65.0,65.0,420.0,180.0,482.0,208.0
0.0,2335.0,656.0,603.0,0.0,733.0,733.0,422.0,181.0,461.0,195.0
0.0,1679.0,620.0,606.0,65.0,1300.0,1300.0,424.0,182.0,437.0,183.0
0.0,1124.0,593.0,606.0,733.0,1160.0,1160.0,424.0,182.0,416.0,177.0
0.0,1264.0,628.0,604.0,1300.0,480.0,480.0,423.0,181.0,436.0,192.0
0.0,1936.0,703.0,603.0,1160.0,19.0,19.0,422.0,181.0,489.0,214.0
0.0,2393.0,719.0,607.0,480.0,274.0,274.0,425.0,182.0,505.0,214.0
0.0,2154.0,640.0,610.0,19.0,907.0,907.0,427.0,183.0,453.0,187.0
0.0,1533.0,579.0,611.0,274.0,1216.0,1216.0,428.0,183.0,407.0,172.0
0.0,1228.0,569.0,610.0,907.0,874.0,874.0,427.0,183.0,395.0,174.0
0.0,1566.0,672.0,610.0,1216.0,330.0,330.0,427.0,183.0,465.0,207.0
0.0,2110.0,711.0,612.0,874.0,175.0,175.0,428.0,184.0,497.0,214.0
0.0,2273.0,686.0,614.0,330.0,539.0,539.0,430.0,184.0,485.0,201.0
0.0,1917.0,630.0,616.0,175.0,1002.0,1002.0,431.0,185.0,445.0,185.0
0.0,1462.0,575.0,617.0,539.0,1042.0,1042.0,432.0,185.0,403.0,172.0
0.0,1426.0,569.0,616.0,1002.0,605.0,605.0,431.0,185.0,395.0,174.0
0.0,1859.0,651.0,614.0,1042.0,206.0,206.0,430.0,184.0,453.0,198.0
0.0,2250.0,661.0,614.0,605.0,262.0,262.0,430.0,184.0,462.0,199.0
0.0,2194.0,626.0,614.0,206.0,682.0,682.0,430.0,184.0,440.0,186.0
0.0,1774.0,582.0,617.0,262.0,1014.0,1014.0,432.0,185.0,411.0,171.0
0.0,1454.0,579.0,620.0,682.0,923.0,923.0,434.0,186.0,407.0,172.0
0.0,1557.0,607.0,621.0,1014.0,520.0,520.0,435.0,186.0,421.0,186.0
0.0,1964.0,652.0,620.0,923.0,245.0,245.0,434.0,186.0,452.0,200.0
0.0,2235.0,649.0,620.0,520.0,374.0,374.0,434.0,186.0,454.0,195.0
0.0,2106.0,661.0,619.0,245.0,786.0,786.0,433.0,186.0,467.0,194.0
0.0,1690.0,621.0,621.0,374.0,1041.0,1041.0,435.0,186.0,438.0,183.0
0.0,1443.0,584.0,624.0,786.0,851.0,851.0,437.0,187.0,409.0,175.0
0.0,1645.0,616.0,627.0,1041.0,438.0,438.0,439.0,188.0,429.0,187.0
0.0,2070.0,687.0,628.0,851.0,278.0,278.0,440.0,188.0,477.0,210.0
0.0,2234.0,739.0,627.0,438.0,575.0,575.0,439.0,188.0,517.0,222.0
0.0,1933.0,754.0,628.0,278.0,1055.0,1055.0,440.0,188.0,530.0,224.0
0.0,1457.0,625.0,631.0,575.0,1117.0,1117.0,442.0,189.0,441.0,184.0
0.0,1407.0,555.0,634.0,1055.0,629.0,629.0,444.0,190.0,391.0,164.0
0.0,1907.0,594.0,637.0,1117.0,118.0,118.0,446.0,191.0,413.0,181.0
0.0,2430.0,652.0,636.0,629.0,137.0,137.0,445.0,191.0,451.0,201.0
0.0,2407.0,716.0,633.0,118.0,723.0,723.0,443.0,190.0,500.0,216.0
0.0,1809.0,754.0,633.0,137.0,1340.0,1340.0,443.0,190.0,530.0,224.0
0.0,1192.0,684.0,637.0,723.0,1317.0,1317.0,446.0,191.0,482.0,202.0
0.0,1231.0,661.0,643.0,1340.0,662.0,662.0,450.0,193.0,463.0,198.0
0.0,1910.0,685.0,647.0,1317.0,46.0,46.0,453.0,194.0,478.0,207.0
0.0,2542.0,701.0,646.0,662.0,81.0,81.0,452.0,194.0,487.0,214.0
0.0,2503.0,691.0,644.0,46.0,718.0,718.0,451.0,193.0,484.0,207.0
0.0,1858.0,731.0,646.0,81.0,1376.0,1376.0,452.0,194.0,514.0,217.0
0.0,1208.0,716.0,648.0,718.0,1382.0,1382.0,454.0,194.0,503.0,213.0
0.0,1210.0,617.0,650.0,1376.0,631.0,631.0,455.0,195.0,431.0,186.0
0.0,1969.0,632.0,650.0,1382.0,0.0,0.0,455.0,195.0,439.0,193.0
0.0,2719.0,708.0,651.0,631.0,0.0,0.0,456.0,195.0,493.0,215.0
0.0,2642.0,720.0,652.0,0.0,686.0,686.0,456.0,196.0,506.0,214.0
0.0,1922.0,612.0,651.0,0.0,1294.0,1294.0,456.0,195.0,433.0,179.0
0.0,1310.0,637.0,651.0,686.0,1245.0,1245.0,456.0,195.0,450.0,187.0
0.0,1359.0,689.0,653.0,1294.0,648.0,648.0,457.0,196.0,479.0,210.0
0.0,1964.0,716.0,654.0,1245.0,123.0,123.0,458.0,196.0,494.0,222.0
0.0,2493.0,707.0,654.0,648.0,182.0,182.0,458.0,196.0,492.0,215.0
0.0,2434.0,670.0,654.0,123.0,729.0,729.0,458.0,196.0,473.0,197.0
0.0,1887.0,569.0,654.0,182.0,1116.0,1116.0,458.0,196.0,405.0,164.0
0.0,1500.0,552.0,653.0,729.0,935.0,935.0,457.0,196.0,389.0,163.0
0.0,1677.0,650.0,653.0,1116.0,469.0,469.0,457.0,196.0,451.0,199.0
0.0,2143.0,803.0,656.0,935.0,349.0,349.0,459.0,197.0,557.0,246.0
0.0,2275.0,789.0,656.0,469.0,669.0,669.0,459.0,197.0,551.0,238.0
0.0,1955.0,616.0,656.0,349.0,936.0,936.0,459.0,197.0,435.0,181.0
0.0,1688.0,549.0,656.0,669.0,816.0,816.0,459.0,197.0,388.0,161.0
0.0,1808.0,550.0,656.0,936.0,430.0,430.0,459.0,197.0,384.0,166.0
0.0,2194.0,661.0,654.0,816.0,267.0,267.0,458.0,196.0,458.0,203.0
0.0,2349.0,781.0,656.0,430.0,626.0,626.0,459.0,197.0,544.0,237.0
0.0,1998.0,763.0,657.0,267.0,1126.0,1126.0,460.0,197.0,536.0,227.0
0.0,1502.0,655.0,659.0,626.0,1163.0,1163.0,461.0,198.0,463.0,192.0
0.0,1473.0,495.0,657.0,1126.0,524.0,524.0,460.0,197.0,349.0,146.0
0.0,2104.0,527.0,656.0,1163.0,0.0,0.0,459.0,197.0,368.0,159.0
0.0,2740.0,665.0,656.0,524.0,25.0,25.0,459.0,197.0,462.0,203.0
0.0,2599.0,816.0,659.0,0.0,853.0,853.0,461.0,198.0,567.0,249.0
0.0,1783.0,829.0,663.0,25.0,1673.0,1673.0,464.0,199.0,581.0,248.0
0.0,979.0,633.0,664.0,853.0,1457.0,1457.0,465.0,199.0,448.0,185.0
0.0,1199.0,485.0,662.0,1673.0,261.0,261.0,463.0,199.0,344.0,141.0
0.0,2387.0,520.0,660.0,1457.0,0.0,0.0,462.0,198.0,362.0,158.0
0.0,3324.0,745.0,663.0,261.0,0.0,0.0,464.0,199.0,516.0,229.0
0.0,2840.0,931.0,667.0,0.0,759.0,759.0,467.0,200.0,648.0,283.0
0.0,1909.0,836.0,671.0,0.0,1611.0,1611.0,470.0,201.0,586.0,250.0
0.0,1073.0,539.0,670.0,759.0,1387.0,1387.0,469.0,201.0,383.0,156.0
0.0,1293.0,381.0,666.0,1611.0,141.0,141.0,466.0,200.0,273.0,108.0
0.0,2523.0,509.0,664.0,1387.0,0.0,0.0,465.0,199.0,357.0,152.0
0.0,3401.0,849.0,667.0,141.0,0.0,0.0,467.0,200.0,587.0,262.0
0.0,2693.0,1051.0,673.0,0.0,1050.0,1050.0,471.0,202.0,728.0,323.0
0.0,1642.0,849.0,674.0,0.0,1903.0,1903.0,472.0,202.0,594.0,255.0
0.0,793.0,495.0,672.0,1050.0,1340.0,1340.0,470.0,202.0,355.0,140.0
0.0,1348.0,339.0,668.0,1903.0,0.0,0.0,468.0,200.0,246.0,93.0
0.0,2912.0,473.0,666.0,1340.0,0.0,0.0,466.0,200.0,331.0,142.0
0.0,3779.0,849.0,669.0,0.0,0.0,0.0,468.0,201.0,584.0,265.0
0.0,2930.0,1086.0,676.0,0.0,860.0,860.0,473.0,203.0,751.0,335.0
0.0,1844.0,934.0,680.0,0.0,1810.0,1810.0,476.0,204.0,655.0,279.0
0.0,910.0,571.0,677.0,860.0,1509.0,1509.0,474.0,203.0,411.0,160.0
0.0,1199.0,348.0,671.0,1810.0,23.0,23.0,470.0,201.0,254.0,94.0
0.0,2661.0,489.0,668.0,1509.0,0.0,0.0,468.0,200.0,341.0,148.0
0.0,3681.0,834.0,670.0,23.0,0.0,0.0,469.0,201.0,569.0,265.0
0.0,2870.0,1055.0,678.0,0.0,897.0,897.0,474.0,204.0,726.0,329.0
0.0,1815.0,936.0,682.0,0.0,1849.0,1849.0,477.0,205.0,656.0,280.0
0.0,879.0,518.0,677.0,897.0,1450.0,1450.0,474.0,203.0,379.0,139.0
0.0,1258.0,350.0,672.0,1849.0,0.0,0.0,471.0,201.0,260.0,90.0
0.0,2757.0,531.0,671.0,1450.0,0.0,0.0,470.0,201.0,369.0,162.0
0.0,3676.0,892.0,674.0,0.0,0.0,0.0,472.0,202.0,608.0,284.0
0.0,2784.0,1090.0,681.0,0.0,1030.0,1030.0,476.0,205.0,748.0,342.0
0.0,1694.0,898.0,686.0,0.0,1948.0,1948.0,480.0,206.0,631.0,267.0
0.0,796.0,437.0,683.0,1030.0,1343.0,1343.0,478.0,205.0,322.0,115.0
0.0,1389.0,175.0,673.0,1948.0,0.0,0.0,471.0,202.0,138.0,37.0
0.0,3162.0,387.0,667.0,1343.0,0.0,0.0,467.0,200.0,270.0,117.0
0.0,4118.0,923.0,671.0,0.0,0.0,0.0,470.0,201.0,628.0,295.0
0.0,3195.0,1243.0,682.0,0.0,776.0,776.0,477.0,205.0,853.0,390.0
0.0,1952.0,1028.0,691.0,0.0,1840.0,1840.0,483.0,208.0,722.0,306.0
0.0,924.0,483.0,689.0,776.0,1539.0,1539.0,482.0,207.0,359.0,124.0
0.0,1217.0,158.0,680.0,1840.0,0.0,0.0,476.0,204.0,126.0,32.0
0.0,2899.0,365.0,671.0,1539.0,0.0,0.0,470.0,201.0,250.0,115.0
0.0,4073.0,908.0,674.0,0.0,0.0,0.0,472.0,202.0,616.0,292.0
0.0,3165.0,1260.0,686.0,0.0,839.0,839.0,480.0,206.0,869.0,391.0
0.0,1905.0,1063.0,696.0,0.0,1942.0,1942.0,487.0,209.0,751.0,312.0
0.0,842.0,519.0,696.0,839.0,1622.0,1622.0,487.0,209.0,382.0,137.0
0.0,1162.0,99.0,685.0,1942.0,0.0,0.0,480.0,205.0,81.0,18.0
0.0,3005.0,303.0,675.0,1622.0,0.0,0.0,473.0,202.0,206.0,97.0
0.0,4324.0,952.0,679.0,0.0,0.0,0.0,475.0,204.0,647.0,305.0
0.0,3372.0,1359.0,692.0,0.0,755.0,755.0,484.0,208.0,938.0,421.0
0.0,2013.0,1146.0,705.0,0.0,1953.0,1953.0,493.0,212.0,808.0,338.0
0.0,867.0,484.0,704.0,755.0,1678.0,1678.0,493.0,211.0,358.0,126.0
0.0,1138.0,77.0,692.0,1953.0,0.0,0.0,485.0,207.0,70.0,7.0
0.0,3014.0,264.0,682.0,1678.0,0.0,0.0,478.0,204.0,182.0,82.0
0.0,4428.0,880.0,683.0,0.0,0.0,0.0,478.0,205.0,597.0,283.0
0.0,3548.0,1353.0,698.0,0.0,597.0,597.0,488.0,210.0,929.0,424.0
0.0,2195.0,1183.0,711.0,0.0,1832.0,1832.0,497.0,214.0,830.0,353.0
0.0,1012.0,487.0,710.0,597.0,1718.0,1718.0,497.0,213.0,361.0,126.0
0.0,1122.0,10.0,696.0,1832.0,0.0,0.0,487.0,209.0,10.0,0.0
0.0,2944.0,264.0,683.0,1718.0,0.0,0.0,478.0,205.0,183.0,81.0
0.0,4398.0,900.0,684.0,0.0,0.0,0.0,479.0,205.0,625.0,275.0
0.0,3498.0,1401.0,700.0,0.0,703.0,703.0,490.0,210.0,977.0,424.0
0.0,2097.0,1141.0,716.0,0.0,1908.0,1908.0,501.0,215.0,799.0,342.0
0.0,956.0,437.0,714.0,703.0,1634.0,1634.0,500.0,214.0,311.0,126.0
0.0,1222.0,3.0,697.0,1908.0,0.0,0.0,488.0,209.0,3.0,0.0
0.0,3127.0,292.0,683.0,1634.0,0.0,0.0,478.0,205.0,204.0,88.0
0.0,4469.0,990.0,686.0,0.0,0.0,0.0,480.0,206.0,693.0,297.0
0.0,3479.0,1351.0,703.0,0.0,684.0,684.0,492.0,211.0,945.0,406.0
0.0,2128.0,1055.0,716.0,0.0,1791.0,1791.0,501.0,215.0,738.0,317.0
0.0,1073.0,394.0,715.0,684.0,1497.0,1497.0,500.0,215.0,274.0,120.0
0.0,1363.0,65.0,700.0,1791.0,0.0,0.0,490.0,210.0,44.0,21.0
0.0,3089.0,417.0,687.0,1497.0,0.0,0.0,481.0,206.0,293.0,124.0
0.0,4169.0,1076.0,690.0,0.0,0.0,0.0,483.0,207.0,756.0,320.0
0.0,3093.0,1378.0,704.0,0.0,1101.0,1101.0,493.0,211.0,966.0,412.0
0.0,1715.0,1001.0,717.0,0.0,2154.0,2154.0,502.0,215.0,699.0,302.0
0.0,714.0,360.0,715.0,1101.0,1405.0,1405.0,500.0,215.0,249.0,111.0
0.0,1455.0,26.0,700.0,2154.0,0.0,0.0,490.0,210.0,17.0,9.0
0.0,3583.0,366.0,687.0,1405.0,0.0,0.0,481.0,206.0,258.0,108.0
0.0,4622.0,1013.0,688.0,0.0,0.0,0.0,482.0,206.0,711.0,302.0
0.0,3609.0,1406.0,704.0,0.0,613.0,613.0,493.0,211.0,987.0,419.0
0.0,2203.0,1147.0,720.0,0.0,1824.0,1824.0,504.0,216.0,804.0,343.0
0.0,1056.0,525.0,720.0,613.0,1736.0,1736.0,504.0,216.0,364.0,161.0
0.0,1144.0,95.0,704.0,1824.0,0.0,0.0,493.0,211.0,62.0,33.0
0.0,2873.0,290.0,690.0,1736.0,0.0,0.0,483.0,207.0,202.0,88.0
0.0,4319.0,879.0,688.0,0.0,0.0,0.0,482.0,206.0,619.0,260.0
0.0,3440.0,1402.0,707.0,0.0,790.0,790.0,495.0,212.0,986.0,416.0
0.0,2038.0,1237.0,728.0,0.0,2111.0,2111.0,509.0,219.0,868.0,369.0
0.0,801.0,619.0,732.0,790.0,1956.0,1956.0,512.0,220.0,429.0,190.0
0.0,972.0,81.0,716.0,2111.0,0.0,0.0,501.0,215.0,50.0,31.0
0.0,3002.0,239.0,697.0,1956.0,0.0,0.0,488.0,209.0,166.0,73.0
0.0,4719.0,913.0,694.0,0.0,0.0,0.0,486.0,208.0,646.0,267.0
0.0,3806.0,1411.0,713.0,0.0,457.0,457.0,499.0,214.0,993.0,418.0
0.0,2395.0,1239.0,733.0,0.0,1776.0,1776.0,513.0,220.0,867.0,372.0
0.0,1156.0,601.0,738.0,457.0,1940.0,1940.0,516.0,222.0,416.0,185.0
0.0,1012.0,134.0,723.0,1776.0,238.0,238.0,506.0,217.0,88.0,46.0
0.0,2654.0,240.0,703.0,1940.0,0.0,0.0,492.0,211.0,167.0,73.0
0.0,4354.0,812.0,698.0,238.0,0.0,0.0,489.0,209.0,573.0,239.0
0.0,3780.0,1319.0,714.0,0.0,395.0,395.0,500.0,214.0,929.0,390.0
0.0,2461.0,1207.0,735.0,0.0,1686.0,1686.0,514.0,221.0,847.0,360.0
0.0,1254.0,528.0,739.0,395.0,1835.0,1835.0,517.0,222.0,365.0,163.0
0.0,1121.0,67.0,723.0,1686.0,152.0,152.0,506.0,217.0,40.0,27.0
0.0,2740.0,202.0,700.0,1835.0,0.0,0.0,490.0,210.0,141.0,61.0
0.0,4373.0,897.0,695.0,152.0,0.0,0.0,487.0,208.0,633.0,264.0
0.0,3628.0,1453.0,714.0,0.0,681.0,681.0,500.0,214.0,1024.0,429.0
0.0,2175.0,1278.0,737.0,0.0,2051.0,2051.0,516.0,221.0,896.0,382.0
0.0,897.0,590.0,743.0,681.0,1984.0,1984.0,520.0,223.0,409.0,181.0
0.0,988.0,53.0,727.0,2051.0,0.0,0.0,509.0,218.0,29.0,24.0
0.0,2986.0,194.0,705.0,1984.0,0.0,0.0,494.0,211.0,132.0,62.0
0.0,4776.0,847.0,698.0,0.0,0.0,0.0,489.0,209.0,597.0,250.0
0.0,3929.0,1381.0,716.0,0.0,316.0,316.0,501.0,215.0,976.0,405.0
0.0,2548.0,1259.0,740.0,0.0,1671.0,1671.0,518.0,222.0,888.0,371.0
0.0,1289.0,575.0,746.0,316.0,1954.0,1954.0,522.0,224.0,399.0,176.0
0.0,1030.0,59.0,730.0,1671.0,278.0,278.0,511.0,219.0,32.0,27.0
0.0,2642.0,201.0,707.0,1954.0,0.0,0.0,495.0,212.0,135.0,66.0
0.0,4395.0,870.0,701.0,278.0,0.0,0.0,491.0,210.0,611.0,259.0
0.0,3803.0,1383.0,720.0,0.0,460.0,460.0,504.0,216.0,976.0,407.0
0.0,2420.0,1274.0,744.0,0.0,1830.0,1830.0,521.0,223.0,899.0,375.0
0.0,1146.0,627.0,751.0,460.0,2025.0,2025.0,526.0,225.0,438.0,189.0
0.0,979.0,45.0,733.0,1830.0,168.0,168.0,513.0,220.0,23.0,22.0
0.0,2764.0,179.0,710.0,2025.0,0.0,0.0,497.0,213.0,116.0,63.0
0.0,4610.0,885.0,706.0,168.0,0.0,0.0,494.0,212.0,620.0,265.0
0.0,3893.0,1412.0,726.0,0.0,423.0,423.0,508.0,218.0,998.0,414.0
0.0,2481.0,1271.0,750.0,0.0,1790.0,1790.0,525.0,225.0,899.0,372.0
0.0,1210.0,586.0,753.0,423.0,1965.0,1965.0,527.0,226.0,410.0,176.0
0.0,1047.0,59.0,733.0,1790.0,154.0,154.0,513.0,220.0,32.0,27.0
0.0,2778.0,262.0,712.0,1965.0,0.0,0.0,498.0,214.0,173.0,89.0
0.0,4481.0,946.0,710.0,154.0,0.0,0.0,497.0,213.0,662.0,284.0
0.0,3689.0,1397.0,730.0,0.0,628.0,628.0,511.0,219.0,987.0,410.0
0.0,2292.0,1228.0,754.0,0.0,1952.0,1952.0,528.0,226.0,871.0,357.0
0.0,1064.0,565.0,757.0,628.0,1901.0,1901.0,530.0,227.0,395.0,170.0
0.0,1127.0,206.0,742.0,1952.0,95.0,95.0,519.0,223.0,133.0,73.0
0.0,2873.0,475.0,723.0,1901.0,0.0,0.0,506.0,217.0,323.0,152.0
0.0,4299.0,1016.0,722.0,95.0,0.0,0.0,505.0,217.0,713.0,303.0
0.0,3378.0,1332.0,737.0,0.0,902.0,902.0,516.0,221.0,944.0,388.0
0.0,2046.0,1063.0,755.0,0.0,2037.0,2037.0,529.0,226.0,754.0,309.0
0.0,983.0,503.0,760.0,902.0,1658.0,1658.0,532.0,228.0,352.0,151.0
0.0,1382.0,265.0,748.0,2037.0,0.0,0.0,524.0,224.0,175.0,90.0
0.0,3154.0,575.0,732.0,1658.0,0.0,0.0,512.0,220.0,392.0,183.0
0.0,4237.0,1104.0,729.0,0.0,0.0,0.0,510.0,219.0,771.0,333.0
0.0,3133.0,1348.0,743.0,0.0,1187.0,1187.0,520.0,223.0,952.0,396.0
0.0,1785.0,1011.0,761.0,0.0,2270.0,2270.0,533.0,228.0,719.0,292.0
0.0,774.0,518.0,767.0,1187.0,1625.0,1625.0,537.0,230.0,364.0,154.0
0.0,1443.0,264.0,754.0,2270.0,0.0,0.0,528.0,226.0,175.0,89.0
0.0,3449.0,534.0,737.0,1625.0,0.0,0.0,516.0,221.0,364.0,170.0
0.0,4540.0,1034.0,733.0,0.0,0.0,0.0,513.0,220.0,724.0,310.0
0.0,3506.0,1308.0,747.0,0.0,790.0,790.0,523.0,224.0,927.0,381.0
0.0,2198.0,1126.0,766.0,0.0,1992.0,1992.0,537.0,229.0,798.0,328.0
0.0,1072.0,562.0,772.0,790.0,1788.0,1788.0,541.0,231.0,392.0,170.0
0.0,1300.0,227.0,761.0,1992.0,0.0,0.0,533.0,228.0,146.0,81.0
0.0,3065.0,449.0,745.0,1788.0,0.0,0.0,521.0,224.0,304.0,145.0
0.0,4404.0,975.0,740.0,0.0,0.0,0.0,518.0,222.0,686.0,289.0
0.0,3429.0,1314.0,754.0,0.0,901.0,901.0,528.0,226.0,932.0,382.0
0.0,2115.0,1099.0,775.0,0.0,2084.0,2084.0,543.0,232.0,779.0,320.0
0.0,1016.0,567.0,782.0,901.0,1778.0,1778.0,548.0,234.0,393.0,174.0
0.0,1350.0,157.0,767.0,2084.0,0.0,0.0,537.0,230.0,98.0,59.0
0.0,3277.0,425.0,748.0,1778.0,0.0,0.0,523.0,225.0,288.0,137.0
0.0,4630.0,1028.0,743.0,0.0,0.0,0.0,520.0,223.0,723.0,305.0
0.0,3602.0,1372.0,758.0,0.0,802.0,802.0,531.0,227.0,973.0,399.0
0.0,2230.0,1121.0,778.0,0.0,2003.0,2003.0,545.0,233.0,794.0,327.0
0.0,1109.0,537.0,785.0,802.0,1766.0,1766.0,550.0,235.0,374.0,163.0
0.0,1374.0,171.0,773.0,2003.0,0.0,0.0,541.0,232.0,107.0,64.0
0.0,3206.0,357.0,752.0,1766.0,0.0,0.0,526.0,226.0,239.0,118.0
0.0,4615.0,913.0,746.0,0.0,0.0,0.0,522.0,224.0,641.0,272.0
0.0,3702.0,1377.0,761.0,0.0,719.0,719.0,533.0,228.0,978.0,399.0
0.0,2325.0,1269.0,784.0,0.0,2080.0,2080.0,549.0,235.0,899.0,370.0
0.0,1056.0,645.0,793.0,719.0,2042.0,2042.0,555.0,238.0,448.0,197.0
0.0,1130.0,147.0,779.0,2080.0,53.0,53.0,545.0,234.0,90.0,57.0
0.0,3063.0,242.0,757.0,2042.0,0.0,0.0,530.0,227.0,160.0,82.0
0.0,4863.0,865.0,749.0,53.0,0.0,0.0,524.0,225.0,610.0,255.0
0.0,4051.0,1396.0,764.0,0.0,401.0,401.0,535.0,229.0,988.0,408.0
0.0,2655.0,1282.0,788.0,0.0,1779.0,1779.0,552.0,236.0,905.0,377.0
0.0,1373.0,677.0,798.0,401.0,2095.0,2095.0,559.0,239.0,471.0,206.0
0.0,1097.0,213.0,784.0,1779.0,473.0,473.0,549.0,235.0,140.0,73.0
0.0,2663.0,350.0,764.0,2095.0,0.0,0.0,535.0,229.0,237.0,113.0
0.0,4408.0,938.0,758.0,473.0,0.0,0.0,530.0,228.0,659.0,279.0
0.0,3943.0,1410.0,773.0,0.0,559.0,559.0,541.0,232.0,996.0,414.0
0.0,2533.0,1292.0,797.0,0.0,1947.0,1947.0,558.0,239.0,912.0,380.0
0.0,1241.0,629.0,804.0,559.0,2045.0,2045.0,563.0,241.0,439.0,190.0
0.0,1171.0,182.0,790.0,1947.0,224.0,224.0,553.0,237.0,117.0,65.0
0.0,2936.0,274.0,768.0,2045.0,0.0,0.0,537.0,231.0,183.0,91.0
0.0,4707.0,866.0,761.0,224.0,0.0,0.0,532.0,229.0,608.0,258.0
0.0,4065.0,1405.0,777.0,0.0,448.0,448.0,544.0,233.0,995.0,410.0
0.0,2660.0,1346.0,799.0,0.0,1882.0,1882.0,560.0,239.0,952.0,394.0
0.0,1314.0,716.0,804.0,448.0,2170.0,2170.0,563.0,241.0,498.0,218.0
0.0,1046.0,158.0,787.0,1882.0,378.0,378.0,551.0,236.0,99.0,59.0
0.0,2770.0,266.0,766.0,2170.0,0.0,0.0,536.0,230.0,178.0,88.0
0.0,4674.0,916.0,764.0,378.0,0.0,0.0,534.0,230.0,646.0,270.0
0.0,4136.0,1504.0,783.0,0.0,500.0,500.0,548.0,235.0,1064.0,440.0
0.0,2632.0,1402.0,805.0,0.0,1990.0,1990.0,564.0,241.0,988.0,414.0
0.0,1230.0,711.0,808.0,500.0,2213.0,2213.0,566.0,242.0,493.0,218.0
0.0,1019.0,117.0,788.0,1990.0,260.0,260.0,552.0,236.0,71.0,46.0
0.0,2892.0,281.0,769.0,2213.0,0.0,0.0,538.0,231.0,192.0,89.0
0.0,4824.0,1018.0,769.0,260.0,0.0,0.0,538.0,231.0,717.0,301.0
0.0,4066.0,1613.0,789.0,0.0,703.0,703.0,552.0,237.0,1138.0,475.0
0.0,2453.0,1379.0,811.0,0.0,2170.0,2170.0,568.0,243.0,971.0,408.0
0.0,1074.0,590.0,812.0,703.0,2061.0,2061.0,569.0,243.0,410.0,180.0
0.0,1187.0,21.0,793.0,2170.0,0.0,0.0,555.0,238.0,7.0,14.0
0.0,3336.0,186.0,770.0,2061.0,0.0,0.0,539.0,231.0,124.0,62.0
0.0,5211.0,988.0,768.0,0.0,0.0,0.0,537.0,231.0,693.0,295.0
0.0,4223.0,1616.0,789.0,0.0,549.0,549.0,552.0,237.0,1140.0,476.0
0.0,2607.0,1456.0,812.0,0.0,2097.0,2097.0,569.0,243.0,1024.0,432.0
0.0,1151.0,657.0,816.0,549.0,2221.0,2221.0,572.0,244.0,457.0,200.0
0.0,1043.0,1.0,797.0,2097.0,49.0,49.0,558.0,239.0,0.0,1.0
0.0,3139.0,121.0,774.0,2221.0,0.0,0.0,542.0,232.0,80.0,41.0
0.0,5239.0,901.0,770.0,49.0,0.0,0.0,539.0,231.0,628.0,273.0
0.0,4387.0,1553.0,790.0,0.0,326.0,326.0,553.0,237.0,1089.0,464.0
0.0,2834.0,1511.0,816.0,0.0,1941.0,1941.0,571.0,245.0,1062.0,449.0
0.0,1323.0,782.0,822.0,326.0,2421.0,2421.0,576.0,246.0,550.0,232.0
0.0,867.0,126.0,805.0,1941.0,538.0,538.0,564.0,241.0,85.0,41.0
0.0,2682.0,188.0,783.0,2421.0,0.0,0.0,548.0,235.0,127.0,61.0
0.0,4915.0,829.0,776.0,538.0,0.0,0.0,543.0,233.0,579.0,250.0
0.0,4624.0,1312.0,792.0,0.0,0.0,0.0,554.0,238.0,922.0,390.0
0.0,3312.0,1254.0,813.0,0.0,1194.0,1194.0,569.0,244.0,884.0,370.0
0.0,2058.0,747.0,820.0,0.0,1969.0,1969.0,574.0,246.0,524.0,223.0
0.0,1311.0,283.0,808.0,1194.0,1010.0,1010.0,566.0,242.0,193.0,90.0
0.0,2222.0,299.0,787.0,1969.0,0.0,0.0,551.0,236.0,203.0,96.0
0.0,3892.0,772.0,778.0,1010.0,0.0,0.0,544.0,234.0,538.0,234.0
0.0,4130.0,1320.0,790.0,0.0,350.0,350.0,553.0,237.0,929.0,391.0
0.0,2810.0,1295.0,813.0,0.0,1737.0,1737.0,569.0,244.0,914.0,381.0
0.0,1515.0,772.0,822.0,350.0,2195.0,2195.0,576.0,246.0,544.0,228.0
0.0,1093.0,269.0,811.0,1737.0,683.0,683.0,568.0,243.0,182.0,87.0
0.0,2561.0,253.0,789.0,2195.0,0.0,0.0,552.0,237.0,167.0,86.0
0.0,4503.0,818.0,780.0,683.0,0.0,0.0,546.0,234.0,570.0,248.0
0.0,4368.0,1351.0,793.0,0.0,155.0,155.0,555.0,238.0,953.0,398.0
0.0,3017.0,1339.0,815.0,0.0,1582.0,1582.0,571.0,244.0,947.0,392.0
0.0,1678.0,787.0,824.0,155.0,2250.0,2250.0,577.0,247.0,553.0,234.0
0.0,1046.0,304.0,811.0,1582.0,920.0,920.0,568.0,243.0,206.0,98.0
0.0,2324.0,349.0,790.0,2250.0,0.0,0.0,553.0,237.0,235.0,114.0
0.0,4225.0,862.0,782.0,920.0,0.0,0.0,547.0,235.0,601.0,261.0
0.0,4283.0,1379.0,797.0,0.0,284.0,284.0,558.0,239.0,971.0,408.0
0.0,2904.0,1402.0,821.0,0.0,1782.0,1782.0,575.0,246.0,991.0,411.0
0.0,1502.0,851.0,831.0,284.0,2389.0,2389.0,582.0,249.0,598.0,253.0
0.0,935.0,290.0,821.0,1782.0,857.0,857.0,575.0,246.0,197.0,93.0
0.0,2427.0,222.0,797.0,2389.0,0.0,0.0,558.0,239.0,147.0,75.0
0.0,4594.0,790.0,787.0,857.0,0.0,0.0,551.0,236.0,551.0,239.0
0.0,4661.0,1365.0,800.0,0.0,0.0,0.0,560.0,240.0,963.0,402.0
0.0,3296.0,1418.0,824.0,0.0,1418.0,1418.0,577.0,247.0,999.0,419.0
0.0,1878.0,887.0,835.0,0.0,2349.0,2349.0,585.0,250.0,620.0,267.0
0.0,991.0,347.0,824.0,1418.0,1234.0,1234.0,577.0,247.0,237.0,110.0
0.0,2062.0,291.0,802.0,2349.0,0.0,0.0,561.0,241.0,199.0,92.0
0.0,4120.0,761.0,789.0,1234.0,0.0,0.0,552.0,237.0,534.0,227.0
0.0,4593.0,1327.0,801.0,0.0,0.0,0.0,561.0,240.0,936.0,391.0
0.0,3266.0,1437.0,827.0,0.0,1479.0,1479.0,579.0,248.0,1010.0,427.0
0.0,1829.0,922.0,838.0,0.0,2445.0,2445.0,587.0,251.0,644.0,278.0
0.0,907.0,314.0,825.0,1479.0,1228.0,1228.0,578.0,247.0,214.0,100.0
0.0,2072.0,288.0,800.0,2445.0,0.0,0.0,560.0,240.0,197.0,91.0
0.0,4229.0,865.0,790.0,1228.0,0.0,0.0,553.0,237.0,605.0,260.0
0.0,4592.0,1453.0,806.0,0.0,85.0,85.0,564.0,242.0,1022.0,431.0
0.0,3139.0,1452.0,834.0,0.0,1649.0,1649.0,584.0,250.0,1020.0,432.0
0.0,1687.0,865.0,847.0,85.0,2481.0,2481.0,593.0,254.0,605.0,260.0
0.0,907.0,249.0,833.0,1649.0,1025.0,1025.0,583.0,250.0,170.0,79.0
0.0,2307.0,188.0,806.0,2481.0,0.0,0.0,564.0,242.0,128.0,60.0
0.0,4600.0,787.0,792.0,1025.0,0.0,0.0,554.0,238.0,552.0,235.0
0.0,4838.0,1466.0,807.0,0.0,0.0,0.0,565.0,242.0,1029.0,437.0
0.0,3372.0,1576.0,839.0,0.0,1560.0,1560.0,587.0,252.0,1107.0,469.0
0.0,1796.0,940.0,854.0,0.0,2560.0,2560.0,598.0,256.0,659.0,281.0
0.0,856.0,174.0,840.0,1560.0,1118.0,1118.0,588.0,252.0,116.0,58.0
0.0,2242.0,82.0,812.0,2560.0,0.0,0.0,568.0,244.0,52.0,30.0
0.0,4720.0,751.0,797.0,1118.0,0.0,0.0,558.0,239.0,526.0,225.0
0.0,5087.0,1526.0,812.0,0.0,0.0,0.0,568.0,244.0,1075.0,451.0
0.0,3561.0,1558.0,839.0,0.0,1353.0,1353.0,587.0,252.0,1096.0,462.0
0.0,2003.0,844.0,851.0,0.0,2245.0,2245.0,596.0,255.0,588.0,256.0
0.0,1159.0,152.0,839.0,1353.0,996.0,996.0,587.0,252.0,101.0,51.0
0.0,2360.0,118.0,816.0,2245.0,0.0,0.0,571.0,245.0,78.0,40.0
0.0,4487.0,773.0,806.0,996.0,0.0,0.0,564.0,242.0,543.0,230.0
0.0,4710.0,1499.0,820.0,0.0,69.0,69.0,574.0,246.0,1056.0,443.0
0.0,3211.0,1598.0,846.0,0.0,1771.0,1771.0,592.0,254.0,1122.0,476.0
0.0,1613.0,889.0,857.0,69.0,2635.0,2635.0,600.0,257.0,620.0,269.0
0.0,793.0,107.0,844.0,1771.0,919.0,919.0,591.0,253.0,69.0,38.0
0.0,2457.0,76.0,820.0,2635.0,0.0,0.0,574.0,246.0,51.0,25.0
0.0,5016.0,820.0,812.0,919.0,0.0,0.0,568.0,244.0,576.0,244.0
0.0,5115.0,1570.0,827.0,0.0,0.0,0.0,579.0,248.0,1103.0,467.0
0.0,3545.0,1598.0,853.0,0.0,1465.0,1465.0,597.0,256.0,1122.0,476.0
0.0,1947.0,847.0,864.0,0.0,2356.0,2356.0,605.0,259.0,591.0,256.0
0.0,1100.0,118.0,850.0,1465.0,953.0,953.0,595.0,255.0,77.0,41.0
0.0,2447.0,162.0,827.0,2356.0,0.0,0.0,579.0,248.0,112.0,50.0
0.0,4641.0,902.0,819.0,953.0,0.0,0.0,573.0,246.0,633.0,269.0
0.0,4692.0,1618.0,835.0,0.0,266.0,266.0,584.0,251.0,1137.0,481.0
0.0,3074.0,1616.0,860.0,0.0,1982.0,1982.0,602.0,258.0,1135.0,481.0
0.0,1458.0,864.0,870.0,266.0,2620.0,2620.0,609.0,261.0,601.0,263.0
0.0,860.0,116.0,856.0,1982.0,698.0,698.0,599.0,257.0,75.0,41.0
0.0,2726.0,68.0,830.0,2620.0,0.0,0.0,581.0,249.0,44.0,24.0
0.0,5278.0,865.0,820.0,698.0,0.0,0.0,574.0,246.0,609.0,256.0
0.0,5111.0,1581.0,834.0,0.0,0.0,0.0,584.0,250.0,1113.0,468.0
0.0,3530.0,1596.0,860.0,0.0,1506.0,1506.0,602.0,258.0,1121.0,475.0
0.0,1934.0,858.0,871.0,0.0,2408.0,2408.0,610.0,261.0,599.0,259.0
0.0,1076.0,166.0,860.0,1506.0,1024.0,1024.0,602.0,258.0,111.0,55.0
0.0,2416.0,190.0,837.0,2408.0,0.0,0.0,586.0,251.0,128.0,62.0
0.0,4634.0,979.0,829.0,1024.0,0.0,0.0,580.0,249.0,685.0,294.0
0.0,4679.0,1665.0,843.0,0.0,358.0,358.0,590.0,253.0,1170.0,495.0
0.0,3014.0,1553.0,867.0,0.0,2007.0,2007.0,607.0,260.0,1092.0,461.0
0.0,1461.0,792.0,877.0,358.0,2481.0,2481.0,614.0,263.0,556.0,236.0
0.0,1027.0,109.0,864.0,2007.0,531.0,531.0,605.0,259.0,74.0,35.0
0.0,2925.0,207.0,843.0,2481.0,0.0,0.0,590.0,253.0,138.0,69.0
0.0,5199.0,1051.0,835.0,531.0,0.0,0.0,584.0,251.0,732.0,319.0
0.0,4679.0,1778.0,852.0,0.0,507.0,507.0,596.0,256.0,1247.0,531.0
0.0,2901.0,1598.0,876.0,0.0,2201.0,2201.0,613.0,263.0,1125.0,473.0
0.0,1303.0,746.0,885.0,507.0,2476.0,2476.0,620.0,265.0,527.0,219.0
0.0,1064.0,34.0,869.0,2201.0,245.0,245.0,608.0,261.0,22.0,12.0
0.0,3231.0,181.0,844.0,2476.0,0.0,0.0,591.0,253.0,120.0,61.0
0.0,5526.0,1089.0,838.0,245.0,0.0,0.0,586.0,252.0,756.0,333.0
0.0,4682.0,1830.0,856.0,0.0,572.0,572.0,599.0,257.0,1283.0,547.0
0.0,2852.0,1620.0,883.0,0.0,2300.0,2300.0,618.0,265.0,1142.0,478.0
0.0,1232.0,702.0,893.0,572.0,2470.0,2470.0,625.0,268.0,497.0,205.0
0.0,1102.0,0.0,877.0,2300.0,106.0,106.0,614.0,263.0,0.0,0.0
0.0,3402.0,167.0,853.0,2470.0,0.0,0.0,597.0,256.0,110.0,57.0
0.0,5705.0,1009.0,842.0,106.0,0.0,0.0,589.0,253.0,698.0,311.0
0.0,4802.0,1679.0,856.0,0.0,301.0,301.0,599.0,257.0,1174.0,505.0
0.0,3123.0,1615.0,883.0,0.0,2024.0,2024.0,618.0,265.0,1137.0,478.0
0.0,1508.0,789.0,897.0,301.0,2568.0,2568.0,628.0,269.0,560.0,229.0
0.0,1020.0,65.0,884.0,2024.0,557.0,557.0,619.0,265.0,48.0,17.0
0.0,2979.0,160.0,857.0,2568.0,0.0,0.0,600.0,257.0,107.0,53.0
0.0,5387.0,957.0,846.0,557.0,0.0,0.0,592.0,254.0,661.0,296.0
0.0,4987.0,1727.0,863.0,0.0,192.0,192.0,604.0,259.0,1206.0,521.0
0.0,3260.0,1614.0,891.0,0.0,1918.0,1918.0,624.0,267.0,1136.0,478.0
0.0,1646.0,758.0,903.0,192.0,2532.0,2532.0,632.0,271.0,538.0,220.0
0.0,1080.0,0.0,888.0,1918.0,554.0,554.0,622.0,266.0,0.0,0.0
0.0,2998.0,57.0,860.0,2532.0,0.0,0.0,602.0,258.0,34.0,23.0
0.0,5473.0,860.0,846.0,554.0,0.0,0.0,592.0,254.0,599.0,261.0
0.0,5167.0,1671.0,862.0,0.0,0.0,0.0,603.0,259.0,1171.0,500.0
0.0,3496.0,1705.0,893.0,0.0,1781.0,1781.0,625.0,268.0,1199.0,506.0
0.0,1791.0,869.0,907.0,0.0,2706.0,2706.0,635.0,272.0,611.0,258.0
0.0,922.0,47.0,893.0,1781.0,916.0,916.0,625.0,268.0,31.0,16.0
0.0,2656.0,82.0,864.0,2706.0,0.0,0.0,605.0,259.0,51.0,31.0
0.0,5280.0,884.0,850.0,916.0,0.0,0.0,595.0,255.0,614.0,270.0
0.0,5312.0,1685.0,866.0,0.0,0.0,0.0,606.0,260.0,1182.0,503.0
0.0,3627.0,1636.0,896.0,0.0,1593.0,1593.0,627.0,269.0,1151.0,485.0
0.0,1991.0,822.0,908.0,0.0,2463.0,2463.0,636.0,272.0,579.0,243.0
0.0,1169.0,69.0,893.0,1593.0,879.0,879.0,625.0,268.0,47.0,22.0
0.0,2693.0,133.0,863.0,2463.0,0.0,0.0,604.0,259.0,88.0,45.0
0.0,5023.0,968.0,852.0,879.0,0.0,0.0,596.0,256.0,674.0,294.0
0.0,4934.0,1765.0,869.0,0.0,307.0,307.0,608.0,261.0,1235.0,530.0
0.0,3169.0,1664.0,899.0,0.0,2091.0,2091.0,629.0,270.0,1168.0,496.0
0.0,1505.0,810.0,913.0,307.0,2650.0,2650.0,639.0,274.0,572.0,238.0
0.0,1002.0,50.0,897.0,2091.0,545.0,545.0,628.0,269.0,37.0,13.0
0.0,3043.0,138.0,869.0,2650.0,0.0,0.0,608.0,261.0,92.0,46.0
0.0,5555.0,1009.0,858.0,545.0,0.0,0.0,600.0,258.0,701.0,308.0
0.0,5091.0,1744.0,875.0,0.0,153.0,153.0,612.0,263.0,1220.0,524.0
0.0,3347.0,1621.0,903.0,0.0,1886.0,1886.0,632.0,271.0,1139.0,482.0
0.0,1726.0,720.0,913.0,153.0,2493.0,2493.0,639.0,274.0,509.0,211.0
0.0,1159.0,0.0,894.0,1886.0,531.0,531.0,626.0,268.0,0.0,0.0
0.0,3045.0,135.0,864.0,2493.0,0.0,0.0,605.0,259.0,92.0,43.0
0.0,5403.0,1004.0,854.0,531.0,0.0,0.0,598.0,256.0,700.0,304.0
0.0,4930.0,1759.0,873.0,0.0,321.0,321.0,611.0,262.0,1231.0,528.0
0.0,3171.0,1700.0,903.0,0.0,2141.0,2141.0,632.0,271.0,1191.0,509.0
0.0,1471.0,834.0,916.0,321.0,2706.0,2706.0,641.0,275.0,585.0,249.0
0.0,958.0,70.0,897.0,2141.0,559.0,559.0,628.0,269.0,49.0,21.0
0.0,3029.0,206.0,867.0,2706.0,0.0,0.0,607.0,260.0,143.0,63.0
0.0,5529.0,1084.0,857.0,559.0,0.0,0.0,600.0,257.0,759.0,325.0
0.0,5004.0,1772.0,876.0,0.0,272.0,272.0,613.0,263.0,1242.0,530.0
0.0,3232.0,1623.0,907.0,0.0,2019.0,2019.0,635.0,272.0,1135.0,488.0
0.0,1609.0,715.0,917.0,272.0,2502.0,2502.0,642.0,275.0,501.0,214.0
0.0,1166.0,67.0,897.0,2019.0,470.0,470.0,628.0,269.0,47.0,20.0
0.0,3118.0,285.0,868.0,2502.0,0.0,0.0,608.0,260.0,199.0,86.0
0.0,5335.0,1155.0,859.0,470.0,0.0,0.0,601.0,258.0,809.0,346.0
0.0,4650.0,1762.0,879.0,0.0,628.0,628.0,615.0,264.0,1233.0,529.0
0.0,2888.0,1551.0,909.0,0.0,2299.0,2299.0,636.0,273.0,1086.0,465.0
0.0,1337.0,740.0,920.0,628.0,2455.0,2455.0,644.0,276.0,517.0,223.0
0.0,1225.0,140.0,903.0,2299.0,228.0,228.0,632.0,271.0,98.0,42.0
0.0,3384.0,294.0,877.0,2455.0,0.0,0.0,614.0,263.0,208.0,86.0
0.0,5545.0,1049.0,866.0,228.0,0.0,0.0,606.0,260.0,735.0,314.0
0.0,4724.0,1746.0,884.0,0.0,558.0,558.0,619.0,265.0,1220.0,526.0
0.0,2978.0,1627.0,914.0,0.0,2305.0,2305.0,640.0,274.0,1137.0,490.0
0.0,1351.0,734.0,926.0,558.0,2529.0,2529.0,648.0,278.0,513.0,221.0
0.0,1175.0,1.0,907.0,2305.0,149.0,149.0,635.0,272.0,1.0,0.0
0.0,3479.0,136.0,877.0,2529.0,0.0,0.0,614.0,263.0,97.0,39.0
0.0,5872.0,1038.0,866.0,149.0,0.0,0.0,606.0,260.0,729.0,309.0
0.0,4983.0,1851.0,886.0,0.0,412.0,412.0,620.0,266.0,1295.0,556.0
0.0,3132.0,1774.0,920.0,0.0,2322.0,2322.0,644.0,276.0,1240.0,534.0
0.0,1358.0,805.0,934.0,412.0,2771.0,2771.0,654.0,280.0,561.0,244.0
0.0,965.0,0.0,918.0,2322.0,385.0,385.0,643.0,275.0,0.0,0.0
0.0,3287.0,63.0,887.0,2771.0,0.0,0.0,621.0,266.0,45.0,18.0
0.0,5995.0,956.0,873.0,385.0,0.0,0.0,611.0,262.0,670.0,286.0
0.0,5424.0,1885.0,893.0,0.0,33.0,33.0,625.0,268.0,1322.0,563.0
0.0,3539.0,1890.0,927.0,0.0,2059.0,2059.0,649.0,278.0,1323.0,567.0
0.0,1649.0,881.0,943.0,33.0,2971.0,2971.0,660.0,283.0,614.0,267.0
0.0,801.0,0.0,926.0,2059.0,844.0,844.0,648.0,278.0,0.0,0.0
0.0,2860.0,0.0,894.0,2971.0,0.0,0.0,626.0,268.0,0.0,0.0
0.0,5831.0,917.0,880.0,844.0,0.0,0.0,616.0,264.0,643.0,274.0
0.0,5758.0,1768.0,899.0,0.0,0.0,0.0,629.0,270.0,1239.0,529.0
0.0,3990.0,1787.0,931.0,0.0,1521.0,1521.0,652.0,279.0,1251.0,536.0
0.0,2203.0,944.0,947.0,0.0,2529.0,2529.0,663.0,284.0,661.0,283.0
0.0,1259.0,61.0,930.0,1521.0,1001.0,1001.0,651.0,279.0,43.0,18.0
0.0,2719.0,78.0,897.0,2529.0,0.0,0.0,628.0,269.0,52.0,26.0
0.0,5170.0,983.0,884.0,1001.0,0.0,0.0,619.0,265.0,688.0,295.0
0.0,5188.0,1834.0,903.0,0.0,258.0,258.0,632.0,271.0,1286.0,548.0
0.0,3354.0,1724.0,936.0,0.0,2114.0,2114.0,655.0,281.0,1208.0,516.0
0.0,1630.0,830.0,949.0,258.0,2738.0,2738.0,664.0,285.0,581.0,249.0
0.0,1058.0,4.0,930.0,2114.0,552.0,552.0,651.0,279.0,2.0,2.0
0.0,3168.0,94.0,898.0,2738.0,0.0,0.0,629.0,269.0,65.0,29.0
0.0,5812.0,1012.0,886.0,552.0,0.0,0.0,620.0,266.0,707.0,305.0
0.0,5352.0,1933.0,910.0,0.0,221.0,221.0,637.0,273.0,1352.0,581.0
0.0,3419.0,1882.0,946.0,0.0,2247.0,2247.0,662.0,284.0,1319.0,563.0
0.0,1537.0,934.0,961.0,221.0,3020.0,3020.0,673.0,288.0,655.0,279.0
0.0,824.0,0.0,942.0,2247.0,697.0,697.0,659.0,283.0,0.0,0.0
0.0,3071.0,0.0,908.0,3020.0,0.0,0.0,636.0,272.0,0.0,0.0
0.0,6091.0,921.0,893.0,697.0,0.0,0.0,625.0,268.0,646.0,275.0
0.0,5867.0,1901.0,914.0,0.0,0.0,0.0,640.0,274.0,1330.0,571.0
0.0,3966.0,1891.0,949.0,0.0,1721.0,1721.0,664.0,285.0,1323.0,568.0
0.0,2075.0,914.0,963.0,0.0,2691.0,2691.0,674.0,289.0,640.0,274.0
0.0,1161.0,54.0,943.0,1721.0,944.0,944.0,660.0,283.0,37.0,17.0
0.0,2828.0,57.0,910.0,2691.0,0.0,0.0,637.0,273.0,39.0,18.0
0.0,5462.0,988.0,897.0,944.0,0.0,0.0,628.0,269.0,693.0,295.0
0.0,5418.0,1841.0,919.0,0.0,99.0,99.0,643.0,276.0,1291.0,550.0
0.0,3577.0,1799.0,953.0,0.0,2034.0,2034.0,667.0,286.0,1260.0,539.0
0.0,1778.0,879.0,964.0,99.0,2858.0,2858.0,675.0,289.0,614.0,265.0
0.0,998.0,0.0,941.0,2034.0,732.0,732.0,659.0,282.0,0.0,0.0
0.0,3032.0,39.0,908.0,2858.0,0.0,0.0,636.0,272.0,26.0,13.0
0.0,5851.0,1027.0,898.0,732.0,0.0,0.0,629.0,269.0,719.0,308.0
0.0,5556.0,1942.0,921.0,0.0,70.0,70.0,645.0,276.0,1361.0,581.0
0.0,3614.0,1818.0,954.0,0.0,2020.0,2020.0,668.0,286.0,1273.0,545.0
0.0,1796.0,854.0,964.0,70.0,2844.0,2844.0,675.0,289.0,595.0,259.0
0.0,1012.0,0.0,944.0,2020.0,744.0,744.0,661.0,283.0,0.0,0.0
0.0,3032.0,0.0,910.0,2844.0,0.0,0.0,637.0,273.0,0.0,0.0
0.0,5876.0,847.0,896.0,744.0,0.0,0.0,627.0,269.0,594.0,253.0
0.0,5773.0,1764.0,916.0,0.0,0.0,0.0,641.0,275.0,1236.0,528.0
0.0,4009.0,1878.0,951.0,0.0,1673.0,1673.0,666.0,285.0,1313.0,565.0
0.0,2131.0,1051.0,969.0,0.0,2796.0,2796.0,678.0,291.0,734.0,317.0
0.0,1080.0,120.0,951.0,1673.0,1171.0,1171.0,666.0,285.0,85.0,35.0
0.0,2633.0,39.0,917.0,2796.0,0.0,0.0,642.0,275.0,30.0,9.0
0.0,5390.0,853.0,899.0,1171.0,0.0,0.0,629.0,270.0,599.0,254.0
0.0,5708.0,1716.0,917.0,0.0,0.0,0.0,642.0,275.0,1200.0,516.0
0.0,3992.0,1794.0,951.0,0.0,1606.0,1606.0,666.0,285.0,1251.0,543.0
0.0,2198.0,966.0,968.0,0.0,2640.0,2640.0,678.0,290.0,674.0,292.0
0.0,1232.0,87.0,952.0,1606.0,1057.0,1057.0,666.0,286.0,61.0,26.0
0.0,2751.0,0.0,916.0,2640.0,0.0,0.0,641.0,275.0,0.0,0.0
0.0,5391.0,888.0,896.0,1057.0,0.0,0.0,627.0,269.0,625.0,263.0
0.0,5560.0,1762.0,913.0,0.0,0.0,0.0,639.0,274.0,1237.0,525.0
0.0,3798.0,1788.0,947.0,0.0,1778.0,1778.0,663.0,284.0,1252.0,536.0
0.0,2010.0,1023.0,967.0,0.0,2881.0,2881.0,677.0,290.0,714.0,309.0
0.0,987.0,164.0,953.0,1778.0,1211.0,1211.0,667.0,286.0,112.0,52.0
0.0,2601.0,98.0,920.0,2881.0,0.0,0.0,644.0,276.0,66.0,32.0
0.0,5384.0,858.0,903.0,1211.0,0.0,0.0,632.0,271.0,601.0,257.0
0.0,5737.0,1756.0,918.0,0.0,0.0,0.0,643.0,275.0,1233.0,523.0
0.0,3981.0,1822.0,952.0,0.0,1649.0,1649.0,666.0,286.0,1279.0,543.0
0.0,2159.0,1030.0,970.0,0.0,2751.0,2751.0,679.0,291.0,721.0,309.0
0.0,1129.0,188.0,956.0,1649.0,1234.0,1234.0,669.0,287.0,126.0,62.0
0.0,2590.0,110.0,922.0,2751.0,0.0,0.0,645.0,277.0,71.0,39.0
0.0,5231.0,872.0,906.0,1234.0,0.0,0.0,634.0,272.0,611.0,261.0
0.0,5593.0,1765.0,923.0,0.0,0.0,0.0,646.0,277.0,1243.0,522.0
0.0,3828.0,1884.0,960.0,0.0,1896.0,1896.0,672.0,288.0,1324.0,560.0
0.0,1944.0,1073.0,978.0,0.0,3041.0,3041.0,685.0,293.0,749.0,324.0
0.0,871.0,242.0,964.0,1896.0,1331.0,1331.0,675.0,289.0,162.0,80.0
0.0,2525.0,73.0,927.0,3041.0,0.0,0.0,649.0,278.0,47.0,26.0
0.0,5493.0,754.0,906.0,1331.0,0.0,0.0,634.0,272.0,530.0,224.0
0.0,6070.0,1647.0,920.0,0.0,0.0,0.0,644.0,276.0,1159.0,488.0
0.0,4423.0,1881.0,956.0,0.0,1282.0,1282.0,669.0,287.0,1319.0,562.0
0.0,2542.0,1255.0,980.0,0.0,2633.0,2633.0,686.0,294.0,876.0,379.0
0.0,1287.0,278.0,967.0,1282.0,1577.0,1577.0,677.0,290.0,190.0,88.0
0.0,2291.0,21.0,932.0,2633.0,0.0,0.0,652.0,280.0,13.0,8.0
0.0,4903.0,727.0,909.0,1577.0,0.0,0.0,636.0,273.0,513.0,214.0
0.0,5753.0,1715.0,924.0,0.0,0.0,0.0,647.0,277.0,1205.0,510.0
0.0,4038.0,1950.0,961.0,0.0,1756.0,1756.0,673.0,288.0,1367.0,583.0
0.0,2088.0,1236.0,984.0,0.0,3084.0,3084.0,689.0,295.0,861.0,375.0
0.0,852.0,332.0,971.0,1756.0,1608.0,1608.0,680.0,291.0,227.0,105.0
0.0,2276.0,9.0,936.0,3084.0,0.0,0.0,655.0,281.0,5.0,4.0
0.0,5351.0,594.0,913.0,1608.0,0.0,0.0,639.0,274.0,420.0,174.0
0.0,6365.0,1539.0,926.0,0.0,0.0,0.0,648.0,278.0,1083.0,456.0
0.0,4826.0,1903.0,963.0,0.0,929.0,929.0,674.0,289.0,1335.0,568.0
0.0,2923.0,1327.0,987.0,0.0,2352.0,2352.0,691.0,296.0,923.0,404.0
0.0,1596.0,357.0,974.0,929.0,1728.0,1728.0,682.0,292.0,243.0,114.0
0.0,2168.0,0.0,937.0,2352.0,0.0,0.0,656.0,281.0,0.0,0.0
0.0,4520.0,579.0,913.0,1728.0,0.0,0.0,639.0,274.0,410.0,169.0
0.0,5669.0,1599.0,927.0,0.0,0.0,0.0,649.0,278.0,1125.0,474.0
0.0,4070.0,2032.0,966.0,0.0,1826.0,1826.0,676.0,290.0,1422.0,610.0
0.0,2038.0,1387.0,993.0,0.0,3321.0,3321.0,695.0,298.0,966.0,421.0
0.0,651.0,396.0,984.0,1826.0,1855.0,1855.0,689.0,295.0,272.0,124.0
0.0,2081.0,0.0,950.0,3321.0,0.0,0.0,665.0,285.0,0.0,0.0
0.0,5402.0,579.0,926.0,1855.0,0.0,0.0,648.0,278.0,411.0,168.0
0.0,6678.0,1603.0,936.0,0.0,0.0,0.0,655.0,281.0,1126.0,477.0
0.0,5075.0,2054.0,973.0,0.0,871.0,871.0,681.0,292.0,1437.0,617.0
0.0,3021.0,1438.0,1000.0,0.0,2417.0,2417.0,700.0,300.0,1002.0,436.0
0.0,1583.0,364.0,990.0,871.0,1870.0,1870.0,693.0,297.0,252.0,112.0
0.0,2090.0,0.0,957.0,2417.0,0.0,0.0,670.0,287.0,0.0,0.0
0.0,4507.0,435.0,931.0,1870.0,0.0,0.0,652.0,279.0,308.0,127.0
0.0,5942.0,1382.0,940.0,0.0,0.0,0.0,658.0,282.0,971.0,411.0
0.0,4560.0,1944.0,975.0,0.0,1284.0,1284.0,683.0,292.0,1362.0,582.0
0.0,2616.0,1573.0,1006.0,0.0,2981.0,2981.0,704.0,302.0,1098.0,475.0
0.0,1043.0,626.0,1000.0,1284.0,2299.0,2299.0,700.0,300.0,434.0,192.0
0.0,1701.0,8.0,967.0,2981.0,0.0,0.0,677.0,290.0,3.0,5.0
0.0,4674.0,283.0,938.0,2299.0,0.0,0.0,656.0,282.0,200.0,83.0
0.0,6690.0,1323.0,943.0,0.0,0.0,0.0,660.0,283.0,932.0,391.0
0.0,5367.0,2020.0,980.0,0.0,573.0,573.0,686.0,294.0,1418.0,602.0
0.0,3347.0,1703.0,1010.0,0.0,2396.0,2396.0,707.0,303.0,1191.0,512.0
0.0,1644.0,669.0,1007.0,573.0,2480.0,2480.0,705.0,302.0,462.0,207.0
0.0,1548.0,0.0,973.0,2396.0,0.0,0.0,681.0,292.0,0.0,0.0
0.0,3944.0,246.0,943.0,2480.0,0.0,0.0,660.0,283.0,173.0,73.0
0.0,6178.0,1209.0,946.0,0.0,0.0,0.0,662.0,284.0,847.0,362.0
0.0,4969.0,1976.0,980.0,0.0,927.0,927.0,686.0,294.0,1384.0,592.0
0.0,2993.0,1769.0,1013.0,0.0,2828.0,2828.0,709.0,304.0,1238.0,531.0
0.0,1224.0,753.0,1010.0,927.0,2642.0,2642.0,707.0,303.0,523.0,230.0
0.0,1398.0,8.0,976.0,2828.0,0.0,0.0,683.0,293.0,3.0,5.0
0.0,4218.0,236.0,945.0,2642.0,0.0,0.0,661.0,284.0,167.0,69.0
0.0,6624.0,1253.0,947.0,0.0,0.0,0.0,663.0,284.0,883.0,370.0
0.0,5371.0,2090.0,984.0,0.0,655.0,655.0,689.0,295.0,1467.0,623.0
0.0,3281.0,1845.0,1017.0,0.0,2632.0,2632.0,712.0,305.0,1288.0,557.0
0.0,1436.0,743.0,1017.0,655.0,2720.0,2720.0,712.0,305.0,514.0,229.0
0.0,1348.0,0.0,986.0,2632.0,0.0,0.0,690.0,296.0,0.0,0.0
0.0,3980.0,226.0,954.0,2720.0,0.0,0.0,668.0,286.0,161.0,65.0
0.0,6474.0,1213.0,953.0,0.0,0.0,0.0,667.0,286.0,851.0,362.0
0.0,5261.0,2048.0,987.0,0.0,735.0,735.0,691.0,296.0,1435.0,613.0
0.0,3213.0,1887.0,1023.0,0.0,2766.0,2766.0,716.0,307.0,1319.0,568.0
0.0,1326.0,914.0,1026.0,735.0,2957.0,2957.0,718.0,308.0,638.0,276.0
0.0,1147.0,88.0,996.0,2766.0,159.0,159.0,697.0,299.0,63.0,25.0
0.0,3825.0,195.0,962.0,2957.0,0.0,0.0,673.0,289.0,137.0,58.0
0.0,6587.0,1175.0,960.0,159.0,0.0,0.0,672.0,288.0,823.0,352.0
0.0,5571.0,2068.0,994.0,0.0,473.0,473.0,696.0,298.0,1449.0,619.0
0.0,3503.0,1870.0,1030.0,0.0,2487.0,2487.0,721.0,309.0,1308.0,562.0
0.0,1633.0,846.0,1034.0,473.0,2876.0,2876.0,724.0,310.0,591.0,255.0
0.0,1260.0,17.0,1005.0,2487.0,290.0,290.0,703.0,302.0,10.0,7.0
0.0,3730.0,167.0,972.0,2876.0,0.0,0.0,680.0,292.0,117.0,50.0
0.0,6439.0,1133.0,967.0,290.0,0.0,0.0,677.0,290.0,795.0,338.0
0.0,5596.0,1996.0,1000.0,0.0,400.0,400.0,700.0,300.0,1397.0,599.0
0.0,3600.0,1907.0,1036.0,0.0,2451.0,2451.0,725.0,311.0,1335.0,572.0
0.0,1693.0,878.0,1042.0,400.0,2953.0,2953.0,729.0,313.0,615.0,263.0
0.0,1215.0,0.0,1011.0,2451.0,378.0,378.0,708.0,303.0,0.0,0.0
0.0,3666.0,0.0,972.0,2953.0,0.0,0.0,680.0,292.0,0.0,0.0
0.0,6619.0,934.0,963.0,378.0,0.0,0.0,674.0,289.0,651.0,283.0
0.0,6063.0,1870.0,991.0,0.0,0.0,0.0,694.0,297.0,1308.0,562.0
0.0,4193.0,1909.0,1028.0,0.0,1828.0,1828.0,720.0,308.0,1338.0,571.0
0.0,2284.0,1075.0,1038.0,0.0,2943.0,2943.0,727.0,311.0,756.0,319.0
0.0,1209.0,188.0,1010.0,1828.0,1191.0,1191.0,707.0,303.0,133.0,55.0
0.0,2849.0,170.0,974.0,2943.0,0.0,0.0,682.0,292.0,114.0,56.0
0.0,5622.0,969.0,966.0,1191.0,0.0,0.0,676.0,290.0,672.0,297.0
0.0,5844.0,1871.0,994.0,0.0,3.0,3.0,696.0,298.0,1310.0,561.0
0.0,3973.0,1947.0,1032.0,0.0,2102.0,2102.0,722.0,310.0,1368.0,579.0
0.0,2026.0,1095.0,1044.0,3.0,3242.0,3242.0,731.0,313.0,774.0,321.0
0.0,934.0,134.0,1020.0,2102.0,1178.0,1178.0,714.0,306.0,96.0,38.0
0.0,2902.0,20.0,983.0,3242.0,0.0,0.0,688.0,295.0,9.0,11.0
0.0,6124.0,865.0,970.0,1178.0,0.0,0.0,679.0,291.0,598.0,267.0
0.0,6437.0,1875.0,994.0,0.0,0.0,0.0,696.0,298.0,1310.0,565.0
0.0,4562.0,2069.0,1034.0,0.0,1643.0,1643.0,724.0,310.0,1453.0,616.0
0.0,2493.0,1205.0,1051.0,0.0,2916.0,2916.0,736.0,315.0,849.0,356.0
0.0,1288.0,182.0,1030.0,1643.0,1371.0,1371.0,721.0,309.0,128.0,54.0
0.0,2749.0,0.0,990.0,2916.0,0.0,0.0,693.0,297.0,0.0,0.0
0.0,5665.0,798.0,973.0,1371.0,0.0,0.0,681.0,292.0,553.0,245.0
0.0,6238.0,1813.0,995.0,0.0,0.0,0.0,696.0,299.0,1265.0,548.0
0.0,4425.0,2022.0,1034.0,0.0,1733.0,1733.0,724.0,310.0,1417.0,605.0
0.0,2403.0,1261.0,1053.0,0.0,3070.0,3070.0,737.0,316.0,887.0,374.0
0.0,1142.0,260.0,1036.0,1733.0,1529.0,1529.0,725.0,311.0,186.0,74.0
0.0,2615.0,0.0,997.0,3070.0,0.0,0.0,698.0,299.0,0.0,0.0
0.0,5685.0,701.0,977.0,1529.0,0.0,0.0,684.0,293.0,485.0,216.0
0.0,6513.0,1782.0,997.0,0.0,0.0,0.0,698.0,299.0,1244.0,538.0
0.0,4731.0,2185.0,1039.0,0.0,1610.0,1610.0,727.0,312.0,1530.0,655.0
0.0,2546.0,1473.0,1063.0,0.0,3179.0,3179.0,744.0,319.0,1036.0,437.0
0.0,1073.0,383.0,1046.0,1610.0,1884.0,1884.0,732.0,314.0,271.0,112.0
0.0,2300.0,0.0,1006.0,3179.0,0.0,0.0,704.0,302.0,0.0,0.0
0.0,5479.0,667.0,983.0,1884.0,0.0,0.0,688.0,295.0,463.0,204.0
0.0,6696.0,1656.0,1000.0,0.0,0.0,0.0,700.0,300.0,1155.0,501.0
0.0,5040.0,2026.0,1039.0,0.0,1142.0,1142.0,727.0,312.0,1418.0,608.0
0.0,3014.0,1394.0,1061.0,0.0,2624.0,2624.0,743.0,318.0,980.0,414.0
0.0,1620.0,455.0,1047.0,1142.0,1881.0,1881.0,733.0,314.0,324.0,131.0
0.0,2307.0,98.0,1010.0,2624.0,0.0,0.0,707.0,303.0,70.0,28.0
0.0,4833.0,674.0,986.0,1881.0,0.0,0.0,690.0,296.0,468.0,206.0
0.0,6040.0,1669.0,1000.0,0.0,0.0,0.0,700.0,300.0,1163.0,506.0
0.0,4371.0,2075.0,1039.0,0.0,1860.0,1860.0,727.0,312.0,1448.0,627.0
0.0,2296.0,1543.0,1065.0,0.0,3507.0,3507.0,745.0,320.0,1083.0,460.0
0.0,753.0,579.0,1053.0,1860.0,2178.0,2178.0,737.0,316.0,413.0,166.0
0.0,2034.0,86.0,1015.0,3507.0,0.0,0.0,711.0,304.0,65.0,21.0
0.0,5455.0,599.0,991.0,2178.0,0.0,0.0,694.0,297.0,415.0,184.0
0.0,7034.0,1522.0,1004.0,0.0,0.0,0.0,703.0,301.0,1056.0,466.0
0.0,5512.0,2014.0,1042.0,0.0,670.0,670.0,729.0,313.0,1406.0,608.0
0.0,3498.0,1538.0,1069.0,0.0,2316.0,2316.0,748.0,321.0,1082.0,456.0
0.0,1960.0,572.0,1057.0,670.0,2170.0,2170.0,740.0,317.0,408.0,164.0
0.0,2058.0,65.0,1021.0,2316.0,0.0,0.0,715.0,306.0,48.0,17.0
0.0,4309.0,534.0,994.0,2170.0,0.0,0.0,696.0,298.0,369.0,165.0
0.0,5945.0,1550.0,1007.0,0.0,0.0,0.0,705.0,302.0,1080.0,470.0
0.0,4395.0,2080.0,1047.0,0.0,1873.0,1873.0,733.0,314.0,1455.0,625.0
0.0,2315.0,1602.0,1077.0,0.0,3595.0,3595.0,754.0,323.0,1124.0,478.0
0.0,713.0,636.0,1073.0,1873.0,2342.0,2342.0,751.0,322.0,448.0,188.0
0.0,1950.0,61.0,1037.0,3595.0,0.0,0.0,726.0,311.0,44.0,17.0
0.0,5484.0,437.0,1009.0,2342.0,0.0,0.0,706.0,303.0,304.0,133.0
0.0,7389.0,1477.0,1017.0,0.0,0.0,0.0,712.0,305.0,1029.0,448.0
0.0,5912.0,2134.0,1054.0,0.0,438.0,438.0,738.0,316.0,1492.0,642.0
0.0,3778.0,1620.0,1083.0,0.0,2174.0,2174.0,758.0,325.0,1139.0,481.0
0.0,2158.0,527.0,1074.0,438.0,2227.0,2227.0,752.0,322.0,374.0,153.0
0.0,2069.0,0.0,1038.0,2174.0,0.0,0.0,727.0,311.0,0.0,0.0
0.0,4243.0,425.0,1008.0,2227.0,0.0,0.0,706.0,302.0,294.0,131.0
0.0,6045.0,1499.0,1016.0,0.0,0.0,0.0,711.0,305.0,1044.0,455.0
0.0,4546.0,2148.0,1055.0,0.0,1822.0,1822.0,738.0,317.0,1503.0,645.0
0.0,2398.0,1669.0,1087.0,0.0,3619.0,3619.0,761.0,326.0,1173.0,496.0
0.0,729.0,535.0,1080.0,1822.0,2304.0,2304.0,756.0,324.0,378.0,157.0
0.0,2016.0,0.0,1044.0,3619.0,0.0,0.0,731.0,313.0,0.0,0.0
0.0,5635.0,351.0,1011.0,2304.0,0.0,0.0,708.0,303.0,242.0,109.0
0.0,7588.0,1459.0,1016.0,0.0,0.0,0.0,711.0,305.0,1016.0,443.0
0.0,6129.0,2176.0,1055.0,0.0,267.0,267.0,738.0,317.0,1523.0,653.0
0.0,3953.0,1730.0,1087.0,0.0,2125.0,2125.0,761.0,326.0,1216.0,514.0
0.0,2223.0,629.0,1084.0,267.0,2475.0,2475.0,759.0,325.0,447.0,182.0
0.0,1861.0,21.0,1050.0,2125.0,235.0,235.0,735.0,315.0,15.0,6.0
0.0,3965.0,418.0,1019.0,2475.0,0.0,0.0,713.0,306.0,286.0,132.0
0.0,6022.0,1427.0,1022.0,235.0,0.0,0.0,715.0,307.0,992.0,435.0
0.0,4830.0,2085.0,1057.0,0.0,1483.0,1483.0,740.0,317.0,1460.0,625.0
0.0,2745.0,1763.0,1092.0,0.0,3386.0,3386.0,764.0,328.0,1240.0,523.0
0.0,982.0,750.0,1093.0,1483.0,2657.0,2657.0,765.0,328.0,529.0,221.0
0.0,1715.0,47.0,1059.0,3386.0,0.0,0.0,741.0,318.0,34.0,13.0
0.0,5054.0,371.0,1024.0,2657.0,0.0,0.0,717.0,307.0,257.0,114.0
0.0,7340.0,1429.0,1023.0,0.0,0.0,0.0,716.0,307.0,995.0,434.0
0.0,5911.0,2131.0,1057.0,0.0,448.0,448.0,740.0,317.0,1491.0,640.0
0.0,3780.0,1786.0,1091.0,0.0,2370.0,2370.0,764.0,327.0,1253.0,533.0
0.0,1994.0,690.0,1091.0,448.0,2612.0,2612.0,764.0,327.0,488.0,202.0
0.0,1752.0,16.0,1060.0,2370.0,134.0,134.0,742.0,318.0,13.0,3.0
0.0,4106.0,467.0,1030.0,2612.0,0.0,0.0,721.0,309.0,322.0,145.0
0.0,6251.0,1558.0,1033.0,134.0,0.0,0.0,723.0,310.0,1085.0,473.0
0.0,4827.0,2184.0,1066.0,0.0,1621.0,1621.0,746.0,320.0,1528.0,656.0
0.0,2643.0,1712.0,1097.0,0.0,3457.0,3457.0,768.0,329.0,1204.0,508.0
0.0,931.0,682.0,1097.0,1621.0,2518.0,2518.0,768.0,329.0,482.0,200.0
0.0,1870.0,94.0,1067.0,3457.0,0.0,0.0,747.0,320.0,66.0,28.0
0.0,5233.0,445.0,1036.0,2518.0,0.0,0.0,725.0,311.0,306.0,139.0
0.0,7306.0,1421.0,1033.0,0.0,0.0,0.0,723.0,310.0,988.0,433.0
0.0,5885.0,1995.0,1060.0,0.0,350.0,350.0,742.0,318.0,1397.0,598.0
0.0,3890.0,1693.0,1092.0,0.0,2171.0,2171.0,764.0,328.0,1191.0,502.0
0.0,2197.0,744.0,1094.0,350.0,2573.0,2573.0,766.0,328.0,529.0,215.0
0.0,1803.0,152.0,1068.0,2171.0,450.0,450.0,748.0,320.0,107.0,45.0
0.0,3822.0,515.0,1040.0,2573.0,0.0,0.0,728.0,312.0,353.0,162.0
0.0,5880.0,1457.0,1037.0,450.0,0.0,0.0,726.0,311.0,1013.0,444.0
0.0,4873.0,2100.0,1067.0,0.0,1495.0,1495.0,747.0,320.0,1469.0,631.0
0.0,2773.0,1720.0,1099.0,0.0,3343.0,3343.0,769.0,330.0,1211.0,509.0
0.0,1053.0,719.0,1103.0,1495.0,2583.0,2583.0,772.0,331.0,511.0,208.0
0.0,1829.0,20.0,1073.0,3343.0,0.0,0.0,751.0,322.0,15.0,5.0
0.0,5152.0,401.0,1041.0,2583.0,0.0,0.0,729.0,312.0,274.0,127.0
0.0,7334.0,1440.0,1037.0,0.0,0.0,0.0,726.0,311.0,1000.0,440.0
0.0,5894.0,2079.0,1066.0,0.0,449.0,449.0,746.0,320.0,1454.0,625.0
0.0,3815.0,1641.0,1096.0,0.0,2210.0,2210.0,767.0,329.0,1154.0,487.0
0.0,2174.0,639.0,1100.0,449.0,2416.0,2416.0,770.0,330.0,455.0,184.0
0.0,1984.0,38.0,1072.0,2210.0,132.0,132.0,751.0,321.0,28.0,10.0
0.0,4156.0,509.0,1041.0,2416.0,0.0,0.0,729.0,312.0,351.0,158.0
0.0,6063.0,1607.0,1040.0,132.0,0.0,0.0,728.0,312.0,1118.0,489.0
0.0,4588.0,2159.0,1072.0,0.0,1859.0,1859.0,750.0,322.0,1510.0,649.0
0.0,2429.0,1629.0,1103.0,0.0,3612.0,3612.0,772.0,331.0,1147.0,482.0
0.0,800.0,538.0,1106.0,1859.0,2303.0,2303.0,774.0,332.0,382.0,156.0
0.0,2121.0,0.0,1077.0,3612.0,0.0,0.0,754.0,323.0,0.0,0.0
0.0,5733.0,538.0,1046.0,2303.0,0.0,0.0,732.0,314.0,371.0,167.0
0.0,7498.0,1577.0,1044.0,0.0,0.0,0.0,731.0,313.0,1098.0,479.0
0.0,5921.0,2181.0,1076.0,0.0,564.0,564.0,753.0,323.0,1526.0,655.0
0.0,3740.0,1654.0,1107.0,0.0,2342.0,2342.0,775.0,332.0,1163.0,491.0
0.0,2086.0,566.0,1111.0,564.0,2360.0,2360.0,778.0,333.0,403.0,163.0
0.0,2084.0,0.0,1084.0,2342.0,0.0,0.0,759.0,325.0,0.0,0.0
0.0,4426.0,434.0,1050.0,2360.0,0.0,0.0,735.0,315.0,297.0,137.0
0.0,6352.0,1445.0,1045.0,0.0,0.0,0.0,731.0,314.0,1005.0,440.0
0.0,4907.0,2142.0,1073.0,0.0,1527.0,1527.0,751.0,322.0,1501.0,641.0
0.0,2765.0,1788.0,1107.0,0.0,3451.0,3451.0,775.0,332.0,1260.0,528.0
0.0,977.0,841.0,1116.0,1527.0,2801.0,2801.0,781.0,335.0,595.0,246.0
0.0,1663.0,174.0,1091.0,3451.0,0.0,0.0,764.0,327.0,121.0,53.0
0.0,4940.0,497.0,1061.0,2801.0,0.0,0.0,743.0,318.0,339.0,158.0
0.0,7244.0,1426.0,1055.0,0.0,0.0,0.0,738.0,317.0,990.0,436.0
0.0,5818.0,2069.0,1080.0,0.0,571.0,571.0,756.0,324.0,1450.0,619.0
0.0,3749.0,1700.0,1112.0,0.0,2399.0,2399.0,778.0,334.0,1200.0,500.0
0.0,2049.0,785.0,1120.0,571.0,2645.0,2645.0,784.0,336.0,556.0,229.0
0.0,1835.0,176.0,1096.0,2399.0,326.0,326.0,767.0,329.0,120.0,56.0
0.0,4058.0,517.0,1064.0,2645.0,0.0,0.0,745.0,319.0,352.0,165.0
0.0,6186.0,1397.0,1057.0,326.0,0.0,0.0,740.0,317.0,971.0,426.0
0.0,5115.0,2048.0,1083.0,0.0,1265.0,1265.0,758.0,325.0,1439.0,609.0
0.0,3067.0,1791.0,1117.0,0.0,3192.0,3192.0,782.0,335.0,1263.0,528.0
0.0,1276.0,892.0,1126.0,1265.0,2855.0,2855.0,788.0,338.0,628.0,264.0
0.0,1649.0,236.0,1100.0,3192.0,0.0,0.0,770.0,330.0,161.0,75.0
0.0,4605.0,411.0,1066.0,2855.0,0.0,0.0,746.0,320.0,279.0,132.0
0.0,7049.0,1292.0,1058.0,0.0,0.0,0.0,740.0,318.0,901.0,391.0
0.0,5757.0,2002.0,1083.0,0.0,577.0,577.0,758.0,325.0,1407.0,595.0
0.0,3755.0,1812.0,1116.0,0.0,2521.0,2521.0,781.0,335.0,1276.0,536.0
0.0,1943.0,913.0,1125.0,577.0,2893.0,2893.0,788.0,337.0,642.0,271.0
0.0,1607.0,192.0,1101.0,2521.0,468.0,468.0,771.0,330.0,130.0,62.0
0.0,3936.0,473.0,1073.0,2893.0,0.0,0.0,751.0,322.0,323.0,150.0
0.0,6356.0,1407.0,1067.0,468.0,0.0,0.0,747.0,320.0,982.0,425.0
0.0,5417.0,2076.0,1093.0,0.0,1031.0,1031.0,765.0,328.0,1457.0,619.0
0.0,3341.0,1776.0,1124.0,0.0,2931.0,2931.0,787.0,337.0,1250.0,526.0
0.0,1565.0,860.0,1130.0,1031.0,2784.0,2784.0,791.0,339.0,606.0,254.0
0.0,1736.0,177.0,1106.0,2931.0,0.0,0.0,774.0,332.0,121.0,56.0
0.0,4490.0,436.0,1074.0,2784.0,0.0,0.0,752.0,322.0,297.0,139.0
0.0,6838.0,1357.0,1067.0,0.0,0.0,0.0,747.0,320.0,946.0,411.0
0.0,5481.0,2008.0,1092.0,0.0,895.0,895.0,764.0,328.0,1409.0,599.0
0.0,3473.0,1728.0,1124.0,0.0,2751.0,2751.0,787.0,337.0,1218.0,510.0
0.0,1745.0,897.0,1134.0,895.0,2793.0,2793.0,794.0,340.0,631.0,266.0
0.0,1743.0,329.0,1113.0,2751.0,287.0,287.0,779.0,334.0,226.0,103.0
0.0,4165.0,551.0,1083.0,2793.0,0.0,0.0,758.0,325.0,377.0,174.0
0.0,6407.0,1289.0,1076.0,287.0,0.0,0.0,753.0,323.0,899.0,390.0
0.0,5405.0,1866.0,1100.0,0.0,861.0,861.0,770.0,330.0,1313.0,553.0
0.0,3539.0,1673.0,1132.0,0.0,2662.0,2662.0,792.0,340.0,1178.0,495.0
0.0,1866.0,900.0,1139.0,861.0,2729.0,2729.0,797.0,342.0,633.0,267.0
0.0,1827.0,341.0,1114.0,2662.0,308.0,308.0,780.0,334.0,235.0,106.0
0.0,4148.0,596.0,1084.0,2729.0,0.0,0.0,759.0,325.0,409.0,187.0
0.0,6281.0,1365.0,1080.0,308.0,0.0,0.0,756.0,324.0,952.0,413.0
0.0,5224.0,1903.0,1106.0,0.0,1103.0,1103.0,774.0,332.0,1338.0,565.0
0.0,3321.0,1581.0,1136.0,0.0,2804.0,2804.0,795.0,341.0,1115.0,466.0
0.0,1740.0,792.0,1141.0,1103.0,2513.0,2513.0,799.0,342.0,558.0,234.0
0.0,2051.0,288.0,1117.0,2804.0,0.0,0.0,782.0,335.0,194.0,94.0
0.0,4567.0,588.0,1086.0,2513.0,0.0,0.0,760.0,326.0,403.0,185.0
0.0,6492.0,1439.0,1082.0,0.0,0.0,0.0,757.0,325.0,1005.0,434.0
0.0,5053.0,1971.0,1109.0,0.0,1354.0,1354.0,776.0,333.0,1386.0,585.0
0.0,3082.0,1690.0,1141.0,0.0,3172.0,3172.0,799.0,342.0,1191.0,499.0
0.0,1392.0,825.0,1148.0,1354.0,2671.0,2671.0,804.0,344.0,579.0,246.0
0.0,1921.0,274.0,1126.0,3172.0,0.0,0.0,788.0,338.0,185.0,89.0
0.0,4819.0,610.0,1097.0,2671.0,0.0,0.0,768.0,329.0,419.0,191.0
0.0,6880.0,1469.0,1090.0,0.0,0.0,0.0,763.0,327.0,1028.0,441.0
0.0,5411.0,1911.0,1112.0,0.0,948.0,948.0,778.0,334.0,1346.0,565.0
0.0,3500.0,1552.0,1137.0,0.0,2600.0,2600.0,796.0,341.0,1095.0,457.0
0.0,1948.0,807.0,1144.0,948.0,2487.0,2487.0,801.0,343.0,565.0,242.0
0.0,2089.0,447.0,1124.0,2600.0,254.0,254.0,787.0,337.0,303.0,144.0
0.0,4242.0,771.0,1100.0,2487.0,0.0,0.0,770.0,330.0,530.0,241.0
0.0,5958.0,1462.0,1095.0,254.0,0.0,0.0,766.0,329.0,1025.0,437.0
0.0,4750.0,1871.0,1116.0,0.0,1585.0,1585.0,781.0,335.0,1322.0,549.0
0.0,2879.0,1619.0,1144.0,0.0,3316.0,3316.0,801.0,343.0,1142.0,477.0
0.0,1260.0,888.0,1151.0,1585.0,2647.0,2647.0,806.0,345.0,618.0,270.0
0.0,1957.0,450.0,1133.0,3316.0,0.0,0.0,793.0,340.0,302.0,148.0
0.0,4823.0,731.0,1107.0,2647.0,0.0,0.0,775.0,332.0,502.0,229.0
0.0,6739.0,1398.0,1100.0,0.0,0.0,0.0,770.0,330.0,982.0,416.0
0.0,5341.0,1789.0,1117.0,0.0,916.0,916.0,782.0,335.0,1264.0,525.0
0.0,3552.0,1579.0,1143.0,0.0,2599.0,2599.0,800.0,343.0,1115.0,464.0
0.0,1973.0,930.0,1153.0,916.0,2653.0,2653.0,807.0,346.0,650.0,280.0
0.0,1959.0,522.0,1138.0,2599.0,516.0,516.0,797.0,341.0,353.0,169.0
0.0,4036.0,721.0,1113.0,2653.0,0.0,0.0,779.0,334.0,493.0,228.0
0.0,5968.0,1396.0,1105.0,516.0,0.0,0.0,773.0,332.0,979.0,417.0
0.0,5088.0,1774.0,1122.0,0.0,1174.0,1174.0,785.0,337.0,1255.0,519.0
0.0,3314.0,1589.0,1149.0,0.0,2871.0,2871.0,804.0,345.0,1122.0,467.0
0.0,1725.0,991.0,1158.0,1174.0,2724.0,2724.0,811.0,347.0,690.0,301.0
0.0,1908.0,605.0,1143.0,2871.0,398.0,398.0,800.0,343.0,411.0,194.0
0.0,4174.0,815.0,1119.0,2724.0,0.0,0.0,783.0,336.0,560.0,255.0
0.0,6083.0,1316.0,1110.0,398.0,0.0,0.0,777.0,333.0,923.0,393.0
0.0,5165.0,1641.0,1126.0,0.0,980.0,980.0,788.0,338.0,1161.0,480.0
0.0,3524.0,1446.0,1150.0,0.0,2522.0,2522.0,805.0,345.0,1023.0,423.0
0.0,2078.0,976.0,1160.0,980.0,2558.0,2558.0,812.0,348.0,683.0,293.0
0.0,2082.0,668.0,1147.0,2522.0,652.0,652.0,803.0,344.0,458.0,210.0
0.0,3936.0,860.0,1125.0,2558.0,0.0,0.0,787.0,338.0,590.0,270.0
0.0,5634.0,1396.0,1119.0,652.0,0.0,0.0,783.0,336.0,977.0,419.0
0.0,4890.0,1722.0,1134.0,0.0,1368.0,1368.0,794.0,340.0,1217.0,505.0
0.0,3168.0,1435.0,1156.0,0.0,2891.0,2891.0,809.0,347.0,1016.0,419.0
0.0,1733.0,853.0,1161.0,1368.0,2396.0,2396.0,813.0,348.0,597.0,256.0
0.0,2248.0,495.0,1146.0,2891.0,0.0,0.0,802.0,344.0,335.0,160.0
0.0,4644.0,810.0,1126.0,2396.0,0.0,0.0,788.0,338.0,554.0,256.0
0.0,6230.0,1499.0,1122.0,0.0,0.0,0.0,785.0,337.0,1049.0,450.0
0.0,4731.0,1873.0,1142.0,0.0,1710.0,1710.0,799.0,343.0,1322.0,551.0
0.0,2858.0,1490.0,1163.0,0.0,3284.0,3284.0,814.0,349.0,1054.0,436.0
0.0,1368.0,710.0,1165.0,1710.0,2292.0,2292.0,816.0,349.0,499.0,211.0
0.0,2368.0,384.0,1147.0,3284.0,0.0,0.0,803.0,344.0,258.0,126.0
0.0,5268.0,845.0,1126.0,2292.0,0.0,0.0,788.0,338.0,580.0,265.0
0.0,6715.0,1683.0,1128.0,0.0,0.0,0.0,789.0,339.0,1177.0,506.0
0.0,5032.0,1972.0,1151.0,0.0,1544.0,1544.0,805.0,346.0,1391.0,581.0
0.0,3060.0,1464.0,1174.0,0.0,3100.0,3100.0,822.0,352.0,1038.0,426.0
0.0,1596.0,640.0,1174.0,1544.0,2196.0,2196.0,822.0,352.0,449.0,191.0
0.0,2500.0,319.0,1153.0,3100.0,0.0,0.0,807.0,346.0,211.0,108.0
0.0,5281.0,796.0,1130.0,2196.0,0.0,0.0,791.0,339.0,544.0,252.0
0.0,6681.0,1569.0,1128.0,0.0,0.0,0.0,789.0,339.0,1100.0,469.0
0.0,5112.0,1968.0,1150.0,0.0,1456.0,1456.0,805.0,345.0,1391.0,577.0
0.0,3144.0,1597.0,1175.0,0.0,3153.0,3153.0,823.0,352.0,1131.0,466.0
0.0,1547.0,812.0,1179.0,1456.0,2525.0,2525.0,826.0,353.0,568.0,244.0
0.0,2191.0,414.0,1159.0,3153.0,0.0,0.0,811.0,348.0,275.0,139.0
0.0,4930.0,800.0,1138.0,2525.0,0.0,0.0,796.0,342.0,547.0,253.0
0.0,6655.0,1551.0,1138.0,0.0,0.0,0.0,796.0,342.0,1086.0,465.0
0.0,5104.0,1918.0,1159.0,0.0,1450.0,1450.0,811.0,348.0,1356.0,562.0
0.0,3186.0,1459.0,1178.0,0.0,2985.0,2985.0,825.0,353.0,1036.0,423.0
0.0,1727.0,699.0,1177.0,1450.0,2230.0,2230.0,824.0,353.0,491.0,208.0
0.0,2478.0,428.0,1157.0,2985.0,0.0,0.0,810.0,347.0,285.0,143.0
0.0,5035.0,969.0,1140.0,2230.0,0.0,0.0,798.0,342.0,663.0,306.0
0.0,6296.0,1690.0,1141.0,0.0,0.0,0.0,798.0,343.0,1181.0,509.0
0.0,4606.0,1887.0,1160.0,0.0,1921.0,1921.0,812.0,348.0,1334.0,553.0
0.0,2719.0,1384.0,1178.0,0.0,3377.0,3377.0,825.0,353.0,985.0,399.0
0.0,1335.0,663.0,1178.0,1921.0,2119.0,2119.0,825.0,353.0,467.0,196.0
0.0,2593.0,517.0,1160.0,3377.0,0.0,0.0,812.0,348.0,347.0,170.0
0.0,5453.0,1000.0,1145.0,2119.0,0.0,0.0,801.0,344.0,682.0,318.0
0.0,6572.0,1687.0,1147.0,0.0,0.0,0.0,802.0,345.0,1179.0,508.0
0.0,4885.0,1851.0,1165.0,0.0,1626.0,1626.0,815.0,350.0,1312.0,539.0
0.0,3034.0,1310.0,1180.0,0.0,2996.0,2996.0,826.0,354.0,935.0,375.0
0.0,1724.0,692.0,1179.0,1626.0,2058.0,2058.0,826.0,353.0,487.0,205.0
0.0,2658.0,592.0,1164.0,2996.0,0.0,0.0,815.0,349.0,396.0,196.0
0.0,5062.0,1122.0,1152.0,2058.0,0.0,0.0,806.0,346.0,767.0,355.0
0.0,5998.0,1702.0,1154.0,0.0,320.0,320.0,807.0,347.0,1190.0,512.0
0.0,4296.0,1786.0,1169.0,0.0,2166.0,2166.0,818.0,351.0,1268.0,518.0
0.0,2510.0,1250.0,1181.0,320.0,3144.0,3144.0,827.0,354.0,893.0,357.0
0.0,1580.0,671.0,1179.0,2166.0,1641.0,1641.0,826.0,353.0,471.0,200.0
0.0,3075.0,622.0,1165.0,3144.0,0.0,0.0,816.0,349.0,417.0,205.0
0.0,5597.0,1132.0,1155.0,1641.0,0.0,0.0,808.0,347.0,773.0,359.0
0.0,6106.0,1639.0,1159.0,0.0,169.0,169.0,811.0,348.0,1146.0,493.0
0.0,4467.0,1729.0,1173.0,0.0,1954.0,1954.0,821.0,352.0,1230.0,499.0
0.0,2738.0,1285.0,1185.0,169.0,3118.0,3118.0,830.0,355.0,922.0,363.0
0.0,1622.0,788.0,1184.0,1954.0,1948.0,1948.0,829.0,355.0,553.0,235.0
0.0,2788.0,682.0,1170.0,3118.0,0.0,0.0,819.0,351.0,455.0,227.0
0.0,5224.0,1099.0,1158.0,1948.0,0.0,0.0,810.0,348.0,747.0,352.0
0.0,6073.0,1601.0,1161.0,0.0,172.0,172.0,812.0,349.0,1122.0,479.0
0.0,4472.0,1682.0,1177.0,0.0,1918.0,1918.0,824.0,353.0,1201.0,481.0
0.0,2790.0,1208.0,1191.0,172.0,3010.0,3010.0,834.0,357.0,866.0,342.0
0.0,1754.0,658.0,1188.0,1918.0,1738.0,1738.0,832.0,356.0,456.0,202.0
0.0,3014.0,565.0,1170.0,3010.0,0.0,0.0,819.0,351.0,373.0,192.0
0.0,5459.0,1060.0,1155.0,1738.0,0.0,0.0,808.0,347.0,723.0,337.0
0.0,6137.0,1713.0,1159.0,0.0,212.0,212.0,811.0,348.0,1202.0,511.0
0.0,4424.0,1803.0,1180.0,0.0,2099.0,2099.0,826.0,354.0,1284.0,519.0
0.0,2621.0,1221.0,1196.0,212.0,3172.0,3172.0,838.0,358.0,874.0,347.0
0.0,1612.0,594.0,1191.0,2099.0,1647.0,1647.0,834.0,357.0,413.0,181.0
0.0,3117.0,539.0,1170.0,3172.0,0.0,0.0,819.0,351.0,354.0,185.0
0.0,5750.0,1095.0,1152.0,1647.0,0.0,0.0,806.0,346.0,747.0,348.0
0.0,6302.0,1718.0,1157.0,0.0,44.0,44.0,809.0,348.0,1205.0,513.0
0.0,4584.0,1851.0,1180.0,0.0,1987.0,1987.0,826.0,354.0,1320.0,531.0
0.0,2733.0,1336.0,1201.0,44.0,3363.0,3363.0,841.0,360.0,957.0,379.0
0.0,1441.0,579.0,1196.0,1987.0,1935.0,1935.0,838.0,358.0,403.0,176.0
0.0,2849.0,408.0,1174.0,3363.0,0.0,0.0,822.0,352.0,260.0,148.0
0.0,5804.0,1046.0,1156.0,1935.0,0.0,0.0,809.0,347.0,709.0,337.0
0.0,6693.0,1817.0,1160.0,0.0,0.0,0.0,811.0,349.0,1274.0,543.0
0.0,4876.0,2035.0,1183.0,0.0,1891.0,1891.0,828.0,355.0,1451.0,584.0
0.0,2841.0,1443.0,1203.0,0.0,3414.0,3414.0,843.0,360.0,1036.0,407.0
0.0,1398.0,602.0,1199.0,1891.0,2109.0,2109.0,840.0,359.0,421.0,181.0
0.0,2687.0,353.0,1177.0,3414.0,0.0,0.0,824.0,353.0,218.0,135.0
0.0,5748.0,992.0,1159.0,2109.0,0.0,0.0,811.0,348.0,667.0,325.0
0.0,6865.0,1890.0,1167.0,0.0,0.0,0.0,816.0,351.0,1324.0,566.0
0.0,4975.0,2116.0,1195.0,0.0,1921.0,1921.0,836.0,359.0,1511.0,605.0
0.0,2859.0,1453.0,1214.0,0.0,3450.0,3450.0,850.0,364.0,1046.0,407.0
0.0,1406.0,612.0,1207.0,1921.0,2113.0,2113.0,846.0,361.0,426.0,186.0
0.0,2715.0,379.0,1182.0,3450.0,0.0,0.0,828.0,354.0,234.0,145.0
0.0,5786.0,1005.0,1165.0,2113.0,0.0,0.0,815.0,350.0,676.0,329.0
0.0,6894.0,1891.0,1174.0,0.0,0.0,0.0,821.0,353.0,1326.0,565.0
0.0,5003.0,2146.0,1203.0,0.0,1955.0,1955.0,842.0,361.0,1534.0,612.0
0.0,2857.0,1482.0,1222.0,0.0,3513.0,3513.0,856.0,366.0,1067.0,415.0
0.0,1375.0,591.0,1214.0,1955.0,2117.0,2117.0,851.0,363.0,410.0,181.0
0.0,2739.0,326.0,1188.0,3513.0,0.0,0.0,832.0,356.0,195.0,131.0
0.0,5926.0,970.0,1171.0,2117.0,0.0,0.0,819.0,352.0,651.0,319.0
0.0,7073.0,1878.0,1181.0,0.0,0.0,0.0,826.0,355.0,1318.0,560.0
0.0,5195.0,2120.0,1209.0,0.0,1761.0,1761.0,846.0,363.0,1515.0,605.0
0.0,3075.0,1478.0,1226.0,0.0,3307.0,3307.0,859.0,367.0,1062.0,416.0
0.0,1597.0,598.0,1216.0,1761.0,2104.0,2104.0,852.0,364.0,416.0,182.0
0.0,2760.0,331.0,1190.0,3307.0,0.0,0.0,833.0,357.0,202.0,129.0
0.0,5736.0,974.0,1174.0,2104.0,0.0,0.0,821.0,353.0,656.0,318.0
0.0,6866.0,1886.0,1187.0,0.0,0.0,0.0,830.0,357.0,1321.0,565.0
0.0,4980.0,2163.0,1215.0,0.0,2043.0,2043.0,850.0,365.0,1542.0,621.0
0.0,2817.0,1366.0,1229.0,0.0,3465.0,3465.0,861.0,368.0,985.0,381.0
0.0,1451.0,367.0,1214.0,2043.0,1729.0,1729.0,851.0,363.0,258.0,109.0
0.0,3127.0,275.0,1188.0,3465.0,0.0,0.0,832.0,356.0,163.0,112.0
0.0,6317.0,1146.0,1178.0,1729.0,0.0,0.0,824.0,354.0,773.0,373.0
0.0,6900.0,2074.0,1193.0,0.0,0.0,0.0,834.0,359.0,1452.0,622.0
0.0,4826.0,2198.0,1219.0,0.0,2248.0,2248.0,853.0,366.0,1565.0,633.0
0.0,2628.0,1360.0,1232.0,0.0,3660.0,3660.0,863.0,369.0,979.0,381.0
0.0,1268.0,350.0,1219.0,2248.0,1710.0,1710.0,854.0,365.0,246.0,104.0
0.0,3166.0,201.0,1191.0,3660.0,0.0,0.0,834.0,357.0,115.0,86.0
0.0,6625.0,1061.0,1179.0,1710.0,0.0,0.0,825.0,354.0,717.0,344.0
0.0,7274.0,2099.0,1197.0,0.0,0.0,0.0,837.0,360.0,1468.0,631.0
0.0,5175.0,2271.0,1228.0,0.0,2008.0,2008.0,859.0,369.0,1615.0,656.0
0.0,2904.0,1332.0,1242.0,0.0,3396.0,3396.0,870.0,372.0,960.0,372.0
0.0,1572.0,363.0,1229.0,2008.0,1699.0,1699.0,861.0,368.0,256.0,107.0
0.0,3217.0,153.0,1199.0,3396.0,0.0,0.0,840.0,359.0,80.0,73.0
0.0,6460.0,973.0,1182.0,1699.0,0.0,0.0,827.0,355.0,652.0,321.0
0.0,7186.0,2036.0,1199.0,0.0,0.0,0.0,838.0,361.0,1424.0,612.0
0.0,5150.0,2268.0,1231.0,0.0,2042.0,2042.0,861.0,370.0,1613.0,655.0
0.0,2882.0,1432.0,1248.0,0.0,3542.0,3542.0,874.0,374.0,1030.0,402.0
0.0,1450.0,313.0,1233.0,2042.0,1753.0,1753.0,864.0,369.0,221.0,92.0
0.0,3179.0,149.0,1202.0,3542.0,0.0,0.0,842.0,360.0,80.0,69.0
0.0,6572.0,1075.0,1188.0,1753.0,0.0,0.0,831.0,357.0,726.0,349.0
0.0,7250.0,2132.0,1203.0,0.0,0.0,0.0,841.0,362.0,1490.0,642.0
0.0,5118.0,2305.0,1236.0,0.0,2131.0,2131.0,865.0,371.0,1637.0,668.0
0.0,2813.0,1340.0,1254.0,0.0,3543.0,3543.0,878.0,376.0,964.0,376.0
0.0,1473.0,205.0,1238.0,2131.0,1553.0,1553.0,868.0,370.0,146.0,59.0
0.0,3399.0,64.0,1204.0,3543.0,0.0,0.0,843.0,361.0,21.0,43.0
0.0,6878.0,1122.0,1187.0,1553.0,0.0,0.0,830.0,357.0,759.0,363.0
0.0,7309.0,2298.0,1203.0,0.0,0.0,0.0,841.0,362.0,1606.0,692.0
0.0,5011.0,2350.0,1237.0,0.0,2287.0,2287.0,865.0,372.0,1669.0,681.0
0.0,2661.0,1222.0,1254.0,0.0,3577.0,3577.0,878.0,376.0,882.0,340.0
0.0,1439.0,57.0,1236.0,2287.0,1275.0,1275.0,866.0,370.0,41.0,16.0
0.0,3669.0,119.0,1202.0,3577.0,0.0,0.0,842.0,360.0,59.0,60.0
0.0,7127.0,1266.0,1185.0,1275.0,0.0,0.0,829.0,356.0,861.0,405.0
0.0,7136.0,2400.0,1203.0,0.0,76.0,76.0,841.0,362.0,1679.0,721.0
0.0,4736.0,2391.0,1238.0,0.0,2607.0,2607.0,866.0,372.0,1698.0,693.0
0.0,2345.0,1234.0,1254.0,76.0,3829.0,3829.0,878.0,376.0,889.0,345.0
0.0,1187.0,141.0,1237.0,2607.0,1295.0,1295.0,867.0,370.0,98.0,43.0
0.0,3653.0,163.0,1204.0,3829.0,0.0,0.0,843.0,361.0,88.0,75.0
0.0,7319.0,1318.0,1188.0,1295.0,0.0,0.0,831.0,357.0,897.0,421.0
0.0,7296.0,2419.0,1206.0,0.0,0.0,0.0,843.0,363.0,1695.0,724.0
0.0,4877.0,2335.0,1239.0,0.0,2414.0,2414.0,867.0,372.0,1662.0,673.0
0.0,2542.0,1119.0,1255.0,0.0,3597.0,3597.0,879.0,376.0,809.0,310.0
0.0,1423.0,70.0,1237.0,2414.0,1181.0,1181.0,867.0,370.0,47.0,23.0
0.0,3767.0,188.0,1205.0,3597.0,0.0,0.0,844.0,361.0,104.0,84.0
0.0,7176.0,1395.0,1191.0,1181.0,0.0,0.0,833.0,358.0,949.0,446.0
0.0,6962.0,2491.0,1210.0,0.0,369.0,369.0,846.0,364.0,1745.0,746.0
0.0,4471.0,2344.0,1244.0,0.0,2849.0,2849.0,870.0,374.0,1670.0,674.0
0.0,2127.0,1163.0,1261.0,369.0,3711.0,3711.0,883.0,378.0,843.0,320.0
0.0,1333.0,69.0,1243.0,2849.0,859.0,859.0,871.0,372.0,45.0,24.0
0.0,4113.0,167.0,1210.0,3711.0,0.0,0.0,847.0,363.0,86.0,81.0
0.0,7657.0,1356.0,1194.0,859.0,0.0,0.0,835.0,359.0,922.0,434.0
0.0,7160.0,2465.0,1216.0,0.0,169.0,169.0,850.0,366.0,1729.0,736.0
0.0,4695.0,2339.0,1254.0,0.0,2660.0,2660.0,877.0,377.0,1669.0,670.0
0.0,2356.0,1170.0,1271.0,169.0,3729.0,3729.0,890.0,381.0,847.0,323.0
0.0,1355.0,82.0,1250.0,2660.0,1067.0,1067.0,876.0,374.0,54.0,28.0
0.0,3933.0,180.0,1214.0,3729.0,0.0,0.0,850.0,364.0,93.0,87.0
0.0,7482.0,1307.0,1197.0,1067.0,0.0,0.0,837.0,360.0,888.0,419.0
0.0,7242.0,2350.0,1216.0,0.0,0.0,0.0,850.0,366.0,1650.0,700.0
0.0,4892.0,2294.0,1253.0,0.0,2414.0,2414.0,877.0,376.0,1636.0,658.0
0.0,2598.0,1262.0,1273.0,0.0,3756.0,3756.0,892.0,381.0,911.0,351.0
0.0,1336.0,262.0,1258.0,2414.0,1544.0,1544.0,882.0,376.0,179.0,83.0
0.0,3488.0,240.0,1222.0,3756.0,0.0,0.0,856.0,366.0,136.0,104.0
0.0,7004.0,1302.0,1204.0,1544.0,0.0,0.0,842.0,362.0,885.0,417.0
0.0,7246.0,2309.0,1223.0,0.0,0.0,0.0,855.0,368.0,1620.0,689.0
0.0,4937.0,2221.0,1258.0,0.0,2316.0,2316.0,880.0,378.0,1586.0,635.0
0.0,2716.0,1214.0,1279.0,0.0,3614.0,3614.0,896.0,383.0,877.0,337.0
0.0,1502.0,259.0,1264.0,2316.0,1497.0,1497.0,886.0,378.0,176.0,83.0
0.0,3559.0,257.0,1231.0,3614.0,0.0,0.0,862.0,369.0,147.0,110.0
0.0,6916.0,1306.0,1212.0,1497.0,0.0,0.0,848.0,364.0,889.0,417.0
0.0,7107.0,2285.0,1229.0,0.0,94.0,94.0,859.0,370.0,1607.0,678.0
0.0,4822.0,2257.0,1266.0,0.0,2499.0,2499.0,886.0,380.0,1612.0,645.0
0.0,2565.0,1234.0,1287.0,94.0,3723.0,3723.0,901.0,386.0,888.0,346.0
0.0,1425.0,228.0,1270.0,2499.0,1384.0,1384.0,890.0,380.0,152.0,76.0
0.0,3696.0,305.0,1235.0,3723.0,0.0,0.0,865.0,370.0,180.0,125.0
0.0,7114.0,1263.0,1215.0,1384.0,0.0,0.0,850.0,365.0,861.0,402.0
0.0,7235.0,2228.0,1233.0,0.0,0.0,0.0,862.0,371.0,1568.0,660.0
0.0,5007.0,2290.0,1272.0,0.0,2371.0,2371.0,890.0,382.0,1634.0,656.0
0.0,2717.0,1329.0,1297.0,0.0,3800.0,3800.0,908.0,389.0,954.0,375.0
0.0,1388.0,308.0,1281.0,2371.0,1673.0,1673.0,898.0,383.0,208.0,100.0
0.0,3451.0,222.0,1241.0,3800.0,0.0,0.0,869.0,372.0,124.0,98.0
0.0,7029.0,1166.0,1218.0,1673.0,0.0,0.0,852.0,366.0,791.0,375.0
0.0,7536.0,2195.0,1237.0,0.0,0.0,0.0,865.0,372.0,1544.0,651.0
0.0,5341.0,2317.0,1281.0,0.0,2100.0,2100.0,896.0,385.0,1653.0,664.0
0.0,3024.0,1426.0,1306.0,0.0,3626.0,3626.0,915.0,391.0,1022.0,404.0
0.0,1598.0,501.0,1291.0,2100.0,1967.0,1967.0,905.0,386.0,344.0,157.0
0.0,3197.0,351.0,1251.0,3626.0,0.0,0.0,876.0,375.0,215.0,136.0
0.0,6472.0,1093.0,1227.0,1967.0,0.0,0.0,858.0,369.0,741.0,352.0
0.0,7346.0,2029.0,1242.0,0.0,0.0,0.0,868.0,374.0,1427.0,602.0
0.0,5317.0,2187.0,1282.0,0.0,1998.0,1998.0,897.0,385.0,1562.0,625.0
0.0,3130.0,1472.0,1306.0,0.0,3566.0,3566.0,915.0,391.0,1056.0,416.0
0.0,1658.0,543.0,1292.0,1998.0,2055.0,2055.0,905.0,387.0,373.0,170.0
0.0,3113.0,367.0,1252.0,3566.0,0.0,0.0,877.0,375.0,225.0,142.0
0.0,6312.0,1106.0,1228.0,2055.0,0.0,0.0,859.0,369.0,749.0,357.0
0.0,7261.0,2064.0,1247.0,0.0,0.0,0.0,872.0,375.0,1451.0,613.0
0.0,5197.0,2237.0,1288.0,0.0,2192.0,2192.0,901.0,387.0,1597.0,640.0
0.0,2960.0,1442.0,1312.0,0.0,3730.0,3730.0,919.0,393.0,1034.0,408.0
0.0,1518.0,489.0,1296.0,2192.0,1963.0,1963.0,908.0,388.0,336.0,153.0
0.0,3221.0,385.0,1255.0,3730.0,0.0,0.0,879.0,376.0,237.0,148.0
0.0,6566.0,1180.0,1232.0,1963.0,0.0,0.0,862.0,370.0,800.0,380.0
0.0,7349.0,2109.0,1250.0,0.0,0.0,0.0,874.0,376.0,1483.0,626.0
0.0,5240.0,2223.0,1292.0,0.0,2151.0,2151.0,904.0,388.0,1590.0,633.0
0.0,3017.0,1354.0,1315.0,0.0,3597.0,3597.0,921.0,394.0,975.0,379.0
0.0,1663.0,481.0,1297.0,2151.0,1855.0,1855.0,909.0,388.0,328.0,153.0
0.0,3333.0,428.0,1258.0,3597.0,0.0,0.0,881.0,377.0,264.0,164.0
0.0,6502.0,1237.0,1237.0,1855.0,0.0,0.0,865.0,372.0,840.0,397.0
0.0,7120.0,2056.0,1255.0,0.0,0.0,0.0,877.0,378.0,1449.0,607.0
0.0,5064.0,2085.0,1293.0,0.0,2193.0,2193.0,905.0,388.0,1495.0,590.0
0.0,2979.0,1342.0,1315.0,0.0,3623.0,3623.0,921.0,394.0,965.0,377.0
0.0,1637.0,500.0,1300.0,2193.0,1870.0,1870.0,911.0,389.0,341.0,159.0
0.0,3330.0,463.0,1264.0,3623.0,0.0,0.0,885.0,379.0,288.0,175.0
0.0,6490.0,1268.0,1244.0,1870.0,0.0,0.0,870.0,374.0,862.0,406.0
0.0,7092.0,2041.0,1259.0,0.0,0.0,0.0,880.0,379.0,1438.0,603.0
0.0,5051.0,2150.0,1295.0,0.0,2279.0,2279.0,906.0,389.0,1541.0,609.0
0.0,2901.0,1444.0,1318.0,0.0,3815.0,3815.0,923.0,395.0,1036.0,408.0
0.0,1457.0,578.0,1304.0,2279.0,2058.0,2058.0,914.0,390.0,397.0,181.0
0.0,3158.0,412.0,1268.0,3815.0,0.0,0.0,888.0,380.0,253.0,159.0
0.0,6561.0,1045.0,1245.0,2058.0,0.0,0.0,871.0,374.0,704.0,341.0
0.0,7574.0,1935.0,1259.0,0.0,0.0,0.0,880.0,379.0,1362.0,573.0
0.0,5639.0,2130.0,1295.0,0.0,1671.0,1671.0,906.0,389.0,1526.0,604.0
0.0,3509.0,1442.0,1318.0,0.0,3205.0,3205.0,923.0,395.0,1037.0,405.0
0.0,2067.0,586.0,1304.0,1671.0,2064.0,2064.0,914.0,390.0,403.0,183.0
0.0,3152.0,427.0,1268.0,3205.0,0.0,0.0,888.0,380.0,265.0,162.0
0.0,5930.0,1141.0,1247.0,2064.0,0.0,0.0,872.0,375.0,772.0,369.0
0.0,6853.0,2032.0,1262.0,0.0,227.0,227.0,882.0,380.0,1431.0,601.0
0.0,4821.0,2201.0,1300.0,0.0,2580.0,2580.0,910.0,390.0,1573.0,628.0
0.0,2620.0,1465.0,1322.0,227.0,3906.0,3906.0,926.0,396.0,1049.0,416.0
0.0,1382.0,562.0,1309.0,2580.0,1836.0,1836.0,917.0,392.0,387.0,175.0
0.0,3400.0,336.0,1272.0,3906.0,0.0,0.0,891.0,381.0,204.0,132.0
0.0,6970.0,1142.0,1251.0,1836.0,0.0,0.0,875.0,376.0,776.0,366.0
0.0,7664.0,2101.0,1266.0,0.0,0.0,0.0,885.0,381.0,1476.0,625.0
0.0,5563.0,2243.0,1302.0,0.0,1888.0,1888.0,911.0,391.0,1600.0,643.0
0.0,3320.0,1456.0,1326.0,0.0,3440.0,3440.0,929.0,397.0,1045.0,411.0
0.0,1864.0,560.0,1314.0,1888.0,2064.0,2064.0,921.0,393.0,386.0,174.0
0.0,3192.0,374.0,1280.0,3440.0,0.0,0.0,896.0,384.0,230.0,144.0
0.0,6258.0,1135.0,1257.0,2064.0,0.0,0.0,879.0,378.0,770.0,365.0
0.0,7187.0,2053.0,1269.0,0.0,0.0,0.0,887.0,382.0,1443.0,610.0
0.0,5134.0,2244.0,1302.0,0.0,2318.0,2318.0,911.0,391.0,1601.0,643.0
0.0,2890.0,1483.0,1325.0,0.0,3893.0,3893.0,928.0,397.0,1062.0,421.0
0.0,1407.0,577.0,1314.0,2318.0,2108.0,2108.0,921.0,393.0,399.0,178.0
0.0,3148.0,377.0,1282.0,3893.0,0.0,0.0,898.0,384.0,235.0,142.0
0.0,6664.0,1114.0,1262.0,2108.0,0.0,0.0,883.0,379.0,757.0,357.0
0.0,7658.0,2087.0,1273.0,0.0,0.0,0.0,890.0,383.0,1464.0,623.0
0.0,5571.0,2344.0,1308.0,0.0,2005.0,2005.0,915.0,393.0,1669.0,675.0
0.0,3227.0,1551.0,1331.0,0.0,3648.0,3648.0,932.0,399.0,1111.0,440.0
0.0,1676.0,520.0,1320.0,2005.0,2119.0,2119.0,925.0,395.0,361.0,159.0
0.0,3161.0,289.0,1285.0,3648.0,0.0,0.0,900.0,385.0,174.0,115.0
0.0,6520.0,1144.0,1265.0,2119.0,0.0,0.0,885.0,380.0,775.0,369.0
0.0,7495.0,2209.0,1280.0,0.0,0.0,0.0,895.0,385.0,1550.0,659.0
0.0,5286.0,2399.0,1316.0,0.0,2377.0,2377.0,921.0,395.0,1706.0,693.0
0.0,2887.0,1493.0,1338.0,0.0,3958.0,3958.0,937.0,401.0,1068.0,425.0
0.0,1394.0,445.0,1323.0,2377.0,1966.0,1966.0,927.0,396.0,309.0,136.0
0.0,3326.0,291.0,1288.0,3958.0,0.0,0.0,902.0,386.0,178.0,113.0
0.0,6993.0,1152.0,1268.0,1966.0,0.0,0.0,887.0,381.0,783.0,369.0
0.0,7807.0,2199.0,1284.0,0.0,0.0,0.0,898.0,386.0,1540.0,659.0
0.0,5608.0,2336.0,1319.0,0.0,2004.0,2004.0,923.0,396.0,1662.0,674.0
0.0,3272.0,1481.0,1340.0,0.0,3569.0,3569.0,939.0,401.0,1060.0,421.0
0.0,1791.0,458.0,1325.0,2004.0,1963.0,1963.0,929.0,396.0,318.0,140.0
0.0,3337.0,334.0,1292.0,3569.0,0.0,0.0,905.0,387.0,209.0,125.0
0.0,6572.0,1142.0,1274.0,1963.0,0.0,0.0,891.0,383.0,777.0,365.0
0.0,7393.0,2139.0,1289.0,0.0,0.0,0.0,901.0,388.0,1500.0,639.0
0.0,5254.0,2268.0,1323.0,0.0,2306.0,2306.0,926.0,397.0,1611.0,657.0
0.0,2986.0,1448.0,1342.0,0.0,3830.0,3830.0,940.0,402.0,1034.0,414.0
0.0,1538.0,520.0,1327.0,2306.0,1984.0,1984.0,930.0,397.0,361.0,159.0
0.0,3324.0,356.0,1295.0,3830.0,0.0,0.0,907.0,388.0,227.0,129.0
0.0,6798.0,1149.0,1275.0,1984.0,0.0,0.0,892.0,383.0,784.0,365.0
0.0,7633.0,2121.0,1289.0,0.0,0.0,0.0,901.0,388.0,1487.0,634.0
0.0,5512.0,2293.0,1322.0,0.0,2069.0,2069.0,925.0,397.0,1629.0,664.0
0.0,3219.0,1488.0,1342.0,0.0,3637.0,3637.0,940.0,402.0,1063.0,425.0
0.0,1731.0,597.0,1334.0,2069.0,2133.0,2133.0,935.0,399.0,416.0,181.0
0.0,3203.0,344.0,1304.0,3637.0,0.0,0.0,913.0,391.0,216.0,128.0
0.0,6496.0,1014.0,1282.0,2133.0,0.0,0.0,897.0,385.0,687.0,327.0
0.0,7615.0,1920.0,1291.0,0.0,0.0,0.0,903.0,388.0,1346.0,574.0
0.0,5695.0,2274.0,1324.0,0.0,1875.0,1875.0,926.0,398.0,1615.0,659.0
0.0,3421.0,1655.0,1348.0,0.0,3626.0,3626.0,944.0,404.0,1181.0,474.0
0.0,1766.0,666.0,1338.0,1875.0,2377.0,2377.0,938.0,400.0,464.0,202.0
0.0,2975.0,375.0,1306.0,3626.0,0.0,0.0,915.0,391.0,239.0,136.0
0.0,6226.0,1035.0,1284.0,2377.0,0.0,0.0,898.0,386.0,703.0,332.0
0.0,7568.0,1978.0,1294.0,0.0,0.0,0.0,905.0,389.0,1388.0,590.0
0.0,5590.0,2239.0,1326.0,0.0,1953.0,1953.0,928.0,398.0,1592.0,647.0
0.0,3351.0,1574.0,1349.0,0.0,3619.0,3619.0,945.0,404.0,1120.0,454.0
0.0,1777.0,631.0,1340.0,1953.0,2261.0,2261.0,939.0,401.0,438.0,193.0
0.0,3099.0,353.0,1307.0,3619.0,0.0,0.0,915.0,392.0,225.0,128.0
0.0,6365.0,1029.0,1283.0,2261.0,0.0,0.0,898.0,385.0,702.0,327.0
0.0,7597.0,2012.0,1293.0,0.0,0.0,0.0,904.0,389.0,1409.0,603.0
0.0,5585.0,2376.0,1328.0,0.0,2103.0,2103.0,929.0,399.0,1683.0,693.0
0.0,3209.0,1714.0,1354.0,0.0,3921.0,3921.0,948.0,406.0,1220.0,494.0
0.0,1495.0,692.0,1346.0,2103.0,2478.0,2478.0,943.0,403.0,485.0,207.0
0.0,2906.0,345.0,1312.0,3921.0,0.0,0.0,919.0,393.0,220.0,125.0
0.0,6482.0,1050.0,1290.0,2478.0,0.0,0.0,902.0,388.0,714.0,336.0
0.0,7910.0,2074.0,1301.0,0.0,0.0,0.0,910.0,391.0,1451.0,623.0
0.0,5836.0,2405.0,1337.0,0.0,1917.0,1917.0,935.0,402.0,1705.0,700.0
0.0,3431.0,1674.0,1361.0,0.0,3687.0,3687.0,953.0,408.0,1195.0,479.0
0.0,1757.0,602.0,1352.0,1917.0,2336.0,2336.0,947.0,405.0,423.0,179.0
0.0,3072.0,315.0,1318.0,3687.0,0.0,0.0,923.0,395.0,196.0,119.0
0.0,6444.0,1039.0,1292.0,2336.0,0.0,0.0,904.0,388.0,704.0,335.0
0.0,7741.0,2109.0,1303.0,0.0,0.0,0.0,911.0,392.0,1476.0,633.0
0.0,5632.0,2448.0,1341.0,0.0,2180.0,2180.0,938.0,403.0,1738.0,710.0
0.0,3184.0,1781.0,1369.0,0.0,4073.0,4073.0,959.0,410.0,1270.0,511.0
0.0,1403.0,660.0,1360.0,2180.0,2517.0,2517.0,953.0,407.0,461.0,199.0
0.0,2923.0,226.0,1321.0,4073.0,0.0,0.0,925.0,396.0,134.0,92.0
0.0,6770.0,936.0,1294.0,2517.0,0.0,0.0,905.0,389.0,632.0,304.0
0.0,8351.0,2132.0,1306.0,0.0,0.0,0.0,913.0,393.0,1496.0,636.0
0.0,6219.0,2532.0,1346.0,0.0,1697.0,1697.0,942.0,404.0,1799.0,733.0
0.0,3687.0,1788.0,1375.0,0.0,3601.0,3601.0,963.0,412.0,1272.0,516.0
0.0,1899.0,701.0,1366.0,1697.0,2569.0,2569.0,957.0,409.0,487.0,214.0
0.0,2895.0,219.0,1328.0,3601.0,0.0,0.0,930.0,398.0,129.0,90.0
0.0,6277.0,906.0,1301.0,2569.0,0.0,0.0,910.0,391.0,612.0,294.0
0.0,7940.0,2046.0,1311.0,0.0,0.0,0.0,917.0,394.0,1434.0,612.0
0.0,5894.0,2544.0,1351.0,0.0,2054.0,2054.0,945.0,406.0,1806.0,738.0
0.0,3350.0,1902.0,1381.0,0.0,4076.0,4076.0,967.0,414.0,1353.0,549.0
0.0,1448.0,749.0,1374.0,2054.0,2743.0,2743.0,963.0,411.0,523.0,226.0
0.0,2753.0,278.0,1338.0,4076.0,0.0,0.0,937.0,401.0,170.0,108.0
0.0,6551.0,897.0,1312.0,2743.0,0.0,0.0,918.0,394.0,606.0,291.0
0.0,8397.0,1980.0,1322.0,0.0,0.0,0.0,924.0,398.0,1387.0,593.0
0.0,6417.0,2472.0,1359.0,0.0,1491.0,1491.0,951.0,408.0,1753.0,719.0
0.0,3945.0,1857.0,1388.0,0.0,3464.0,3464.0,972.0,416.0,1323.0,534.0
0.0,2088.0,736.0,1380.0,1491.0,2677.0,2677.0,967.0,413.0,514.0,222.0
0.0,2843.0,208.0,1344.0,3464.0,0.0,0.0,941.0,403.0,121.0,87.0
0.0,6099.0,795.0,1315.0,2677.0,0.0,0.0,920.0,395.0,533.0,262.0
0.0,7981.0,1880.0,1323.0,0.0,0.0,0.0,925.0,398.0,1320.0,560.0
0.0,6101.0,2391.0,1356.0,0.0,1714.0,1714.0,949.0,407.0,1700.0,691.0
0.0,3710.0,1846.0,1386.0,0.0,3680.0,3680.0,971.0,415.0,1313.0,533.0
0.0,1864.0,759.0,1380.0,1714.0,2701.0,2701.0,967.0,413.0,526.0,233.0
0.0,2819.0,241.0,1348.0,3680.0,0.0,0.0,944.0,404.0,144.0,97.0
0.0,6258.0,882.0,1322.0,2701.0,0.0,0.0,925.0,397.0,599.0,283.0
0.0,8077.0,1953.0,1327.0,0.0,0.0,0.0,928.0,399.0,1373.0,580.0
0.0,6124.0,2443.0,1362.0,0.0,1767.0,1767.0,953.0,409.0,1733.0,710.0
0.0,3681.0,1857.0,1391.0,0.0,3740.0,3740.0,974.0,417.0,1317.0,540.0
0.0,1824.0,743.0,1385.0,1767.0,2692.0,2692.0,970.0,415.0,514.0,229.0
0.0,2848.0,249.0,1351.0,3740.0,0.0,0.0,946.0,405.0,152.0,97.0
0.0,6339.0,908.0,1325.0,2692.0,0.0,0.0,927.0,398.0,618.0,290.0
0.0,8123.0,2034.0,1334.0,0.0,0.0,0.0,933.0,401.0,1430.0,604.0
0.0,6089.0,2493.0,1370.0,0.0,1884.0,1884.0,959.0,411.0,1770.0,723.0
0.0,3596.0,1777.0,1398.0,0.0,3773.0,3773.0,979.0,419.0,1260.0,517.0
0.0,1819.0,706.0,1392.0,1884.0,2571.0,2571.0,975.0,417.0,487.0,219.0
0.0,2997.0,265.0,1358.0,3773.0,0.0,0.0,951.0,407.0,162.0,103.0
0.0,6505.0,995.0,1332.0,2571.0,0.0,0.0,932.0,400.0,681.0,314.0
0.0,8081.0,2106.0,1339.0,0.0,0.0,0.0,937.0,402.0,1479.0,627.0
0.0,5975.0,2485.0,1373.0,0.0,2002.0,2002.0,961.0,412.0,1761.0,724.0
0.0,3490.0,1778.0,1401.0,0.0,3892.0,3892.0,981.0,420.0,1261.0,517.0
0.0,1712.0,667.0,1393.0,2002.0,2525.0,2525.0,976.0,417.0,462.0,205.0
0.0,3047.0,316.0,1360.0,3892.0,0.0,0.0,952.0,408.0,201.0,115.0
0.0,6623.0,985.0,1332.0,2525.0,0.0,0.0,932.0,400.0,673.0,312.0
0.0,8163.0,2019.0,1340.0,0.0,0.0,0.0,937.0,403.0,1417.0,602.0
0.0,6144.0,2437.0,1375.0,0.0,1793.0,1793.0,962.0,413.0,1727.0,710.0
0.0,3707.0,1805.0,1404.0,0.0,3714.0,3714.0,983.0,421.0,1281.0,524.0
0.0,1902.0,798.0,1399.0,1793.0,2699.0,2699.0,980.0,419.0,555.0,243.0
0.0,2897.0,406.0,1365.0,3714.0,0.0,0.0,956.0,409.0,263.0,143.0
0.0,6205.0,1038.0,1339.0,2699.0,0.0,0.0,937.0,402.0,710.0,328.0
0.0,7866.0,1994.0,1343.0,0.0,0.0,0.0,939.0,404.0,1399.0,595.0
0.0,5872.0,2350.0,1375.0,0.0,1978.0,1978.0,962.0,413.0,1666.0,684.0
0.0,3522.0,1783.0,1405.0,0.0,3881.0,3881.0,984.0,421.0,1264.0,519.0
0.0,1739.0,830.0,1403.0,1978.0,2725.0,2725.0,983.0,420.0,576.0,254.0
0.0,2887.0,436.0,1371.0,3881.0,0.0,0.0,960.0,411.0,284.0,152.0
0.0,6332.0,998.0,1341.0,2725.0,0.0,0.0,938.0,403.0,682.0,316.0
0.0,8059.0,1972.0,1344.0,0.0,0.0,0.0,940.0,404.0,1386.0,586.0
0.0,6087.0,2380.0,1376.0,0.0,1797.0,1797.0,963.0,413.0,1687.0,693.0
0.0,3707.0,1869.0,1408.0,0.0,3794.0,3794.0,986.0,422.0,1323.0,546.0
0.0,1838.0,860.0,1408.0,1797.0,2857.0,2857.0,986.0,422.0,596.0,264.0
0.0,2775.0,317.0,1374.0,3794.0,0.0,0.0,962.0,412.0,201.0,116.0
0.0,6252.0,837.0,1342.0,2857.0,0.0,0.0,939.0,403.0,570.0,267.0
0.0,8272.0,1950.0,1343.0,0.0,0.0,0.0,939.0,404.0,1371.0,579.0
0.0,6322.0,2516.0,1376.0,0.0,1698.0,1698.0,963.0,413.0,1783.0,733.0
0.0,3806.0,1885.0,1408.0,0.0,3711.0,3711.0,986.0,422.0,1337.0,548.0
0.0,1921.0,709.0,1403.0,1698.0,2702.0,2702.0,983.0,420.0,492.0,217.0
0.0,2910.0,232.0,1370.0,3711.0,0.0,0.0,959.0,411.0,138.0,94.0
0.0,6389.0,943.0,1341.0,2702.0,0.0,0.0,938.0,403.0,641.0,302.0
0.0,8148.0,2111.0,1346.0,0.0,0.0,0.0,941.0,405.0,1483.0,628.0
0.0,6037.0,2582.0,1381.0,0.0,2069.0,2069.0,966.0,415.0,1833.0,749.0
0.0,3455.0,1859.0,1413.0,0.0,4056.0,4056.0,990.0,423.0,1320.0,539.0
0.0,1596.0,681.0,1410.0,2069.0,2656.0,2656.0,988.0,422.0,471.0,210.0
0.0,2984.0,223.0,1378.0,4056.0,0.0,0.0,965.0,413.0,130.0,93.0
0.0,6817.0,926.0,1351.0,2656.0,0.0,0.0,945.0,406.0,629.0,297.0
0.0,8547.0,2050.0,1354.0,0.0,0.0,0.0,947.0,407.0,1442.0,608.0
0.0,6497.0,2511.0,1388.0,0.0,1566.0,1566.0,971.0,417.0,1782.0,729.0
0.0,3986.0,1829.0,1419.0,0.0,3519.0,3519.0,994.0,425.0,1299.0,530.0
0.0,2157.0,664.0,1415.0,1566.0,2601.0,2601.0,991.0,424.0,458.0,206.0
0.0,3059.0,239.0,1381.0,3519.0,0.0,0.0,967.0,414.0,143.0,96.0
0.0,6339.0,973.0,1354.0,2601.0,0.0,0.0,947.0,407.0,665.0,308.0
0.0,7967.0,2123.0,1358.0,0.0,0.0,0.0,950.0,408.0,1494.0,629.0
0.0,5844.0,2548.0,1393.0,0.0,2276.0,2276.0,975.0,418.0,1806.0,742.0
0.0,3296.0,1764.0,1422.0,0.0,4156.0,4156.0,996.0,426.0,1249.0,515.0
0.0,1532.0,581.0,1416.0,2276.0,2437.0,2437.0,992.0,424.0,400.0,181.0
0.0,3227.0,245.0,1381.0,4156.0,0.0,0.0,967.0,414.0,149.0,96.0
0.0,7138.0,1004.0,1353.0,2437.0,0.0,0.0,946.0,407.0,687.0,317.0
0.0,8571.0,2199.0,1361.0,0.0,0.0,0.0,952.0,409.0,1547.0,652.0
0.0,6372.0,2612.0,1398.0,0.0,1832.0,1832.0,978.0,420.0,1852.0,760.0
0.0,3760.0,1821.0,1428.0,0.0,3773.0,3773.0,1000.0,428.0,1289.0,532.0
0.0,1939.0,585.0,1420.0,1832.0,2494.0,2494.0,995.0,425.0,402.0,183.0
0.0,3186.0,172.0,1383.0,3773.0,0.0,0.0,968.0,415.0,97.0,75.0
0.0,6787.0,994.0,1354.0,2494.0,0.0,0.0,947.0,407.0,680.0,314.0
0.0,8287.0,2289.0,1364.0,0.0,0.0,0.0,954.0,410.0,1611.0,678.0
0.0,5998.0,2705.0,1403.0,0.0,2319.0,2319.0,982.0,421.0,1919.0,786.0
0.0,3293.0,1864.0,1432.0,0.0,4299.0,4299.0,1003.0,429.0,1322.0,542.0
0.0,1429.0,611.0,1426.0,2319.0,2567.0,2567.0,999.0,427.0,418.0,193.0
0.0,3137.0,121.0,1389.0,4299.0,0.0,0.0,972.0,417.0,59.0,62.0
0.0,7315.0,900.0,1359.0,2567.0,0.0,0.0,951.0,408.0,614.0,286.0
0.0,8982.0,2168.0,1367.0,0.0,0.0,0.0,956.0,411.0,1527.0,641.0
0.0,6814.0,2674.0,1403.0,0.0,1472.0,1472.0,982.0,421.0,1896.0,778.0
0.0,4140.0,1915.0,1432.0,0.0,3503.0,3503.0,1003.0,429.0,1355.0,560.0
0.0,2225.0,711.0,1425.0,1472.0,2714.0,2714.0,998.0,427.0,489.0,222.0
0.0,2986.0,277.0,1393.0,3503.0,0.0,0.0,975.0,418.0,169.0,108.0
0.0,6212.0,1040.0,1367.0,2714.0,0.0,0.0,956.0,411.0,713.0,327.0
0.0,7886.0,2275.0,1377.0,0.0,0.0,0.0,963.0,414.0,1602.0,673.0
0.0,5611.0,2708.0,1413.0,0.0,2749.0,2749.0,989.0,424.0,1921.0,787.0
0.0,2903.0,1815.0,1439.0,0.0,4668.0,4668.0,1008.0,431.0,1285.0,530.0
0.0,1088.0,636.0,1432.0,2749.0,2527.0,2527.0,1003.0,429.0,434.0,202.0
0.0,3201.0,301.0,1400.0,4668.0,0.0,0.0,980.0,420.0,186.0,115.0
0.0,7568.0,1101.0,1375.0,2527.0,0.0,0.0,962.0,413.0,754.0,347.0
0.0,8994.0,2223.0,1382.0,0.0,0.0,0.0,967.0,415.0,1567.0,656.0
0.0,6771.0,2540.0,1414.0,0.0,1425.0,1425.0,990.0,424.0,1804.0,736.0
0.0,4231.0,1704.0,1441.0,0.0,3237.0,3237.0,1009.0,432.0,1208.0,496.0
0.0,2527.0,581.0,1436.0,1425.0,2373.0,2373.0,1006.0,430.0,397.0,184.0
0.0,3371.0,225.0,1403.0,3237.0,0.0,0.0,982.0,421.0,131.0,94.0
0.0,6383.0,1108.0,1376.0,2373.0,0.0,0.0,963.0,413.0,760.0,348.0
0.0,7648.0,2305.0,1384.0,0.0,193.0,193.0,968.0,416.0,1623.0,682.0
0.0,5343.0,2658.0,1422.0,0.0,3003.0,3003.0,995.0,427.0,1887.0,771.0
0.0,2685.0,1759.0,1451.0,193.0,4685.0,4685.0,1016.0,435.0,1248.0,511.0
0.0,1119.0,536.0,1443.0,3003.0,2186.0,2186.0,1011.0,432.0,367.0,169.0
0.0,3586.0,176.0,1406.0,4685.0,0.0,0.0,984.0,422.0,98.0,78.0
0.0,8095.0,1091.0,1377.0,2186.0,0.0,0.0,963.0,414.0,744.0,347.0
0.0,9190.0,2333.0,1387.0,0.0,0.0,0.0,970.0,417.0,1640.0,693.0
0.0,6857.0,2660.0,1425.0,0.0,1503.0,1503.0,997.0,428.0,1889.0,771.0
0.0,4197.0,1687.0,1452.0,0.0,3298.0,3298.0,1017.0,435.0,1200.0,487.0
0.0,2510.0,531.0,1445.0,1503.0,2298.0,2298.0,1012.0,433.0,366.0,165.0
0.0,3482.0,251.0,1411.0,3298.0,0.0,0.0,988.0,423.0,149.0,102.0
0.0,6529.0,1157.0,1384.0,2298.0,0.0,0.0,968.0,416.0,789.0,368.0
0.0,7670.0,2385.0,1395.0,0.0,295.0,295.0,976.0,419.0,1675.0,710.0
0.0,5285.0,2682.0,1433.0,0.0,3129.0,3129.0,1003.0,430.0,1905.0,777.0
0.0,2603.0,1713.0,1462.0,295.0,4663.0,4663.0,1024.0,438.0,1221.0,492.0
0.0,1185.0,466.0,1453.0,3129.0,1964.0,1964.0,1018.0,435.0,322.0,144.0
0.0,3848.0,207.0,1416.0,4663.0,0.0,0.0,991.0,425.0,117.0,90.0
0.0,8304.0,1127.0,1388.0,1964.0,0.0,0.0,971.0,417.0,765.0,362.0
0.0,9141.0,2331.0,1400.0,0.0,0.0,0.0,979.0,421.0,1637.0,694.0
0.0,6810.0,2669.0,1439.0,0.0,1615.0,1615.0,1007.0,432.0,1896.0,773.0
0.0,4141.0,1758.0,1469.0,0.0,3493.0,3493.0,1029.0,440.0,1253.0,505.0
0.0,2383.0,486.0,1459.0,1615.0,2324.0,2324.0,1022.0,437.0,335.0,151.0
0.0,3512.0,148.0,1420.0,3493.0,0.0,0.0,994.0,426.0,76.0,72.0
0.0,6857.0,1075.0,1390.0,2324.0,0.0,0.0,972.0,418.0,730.0,345.0
0.0,8106.0,2353.0,1400.0,0.0,0.0,0.0,979.0,421.0,1652.0,701.0
0.0,5753.0,2746.0,1442.0,0.0,2761.0,2761.0,1009.0,433.0,1952.0,794.0
0.0,3007.0,1830.0,1473.0,0.0,4715.0,4715.0,1032.0,441.0,1303.0,527.0
0.0,1177.0,478.0,1463.0,2761.0,2392.0,2392.0,1025.0,438.0,327.0,151.0
0.0,3460.0,135.0,1421.0,4715.0,0.0,0.0,995.0,426.0,65.0,70.0
0.0,8040.0,1140.0,1391.0,2392.0,0.0,0.0,973.0,418.0,777.0,363.0
0.0,9292.0,2385.0,1402.0,0.0,0.0,0.0,980.0,422.0,1677.0,708.0
0.0,6907.0,2672.0,1442.0,0.0,1533.0,1533.0,1009.0,433.0,1899.0,773.0
0.0,4235.0,1714.0,1472.0,0.0,3367.0,3367.0,1031.0,441.0,1222.0,492.0
0.0,2521.0,520.0,1465.0,1533.0,2326.0,2326.0,1026.0,439.0,359.0,161.0
0.0,3534.0,278.0,1428.0,3367.0,0.0,0.0,1000.0,428.0,166.0,112.0
0.0,6623.0,1181.0,1400.0,2326.0,0.0,0.0,979.0,421.0,803.0,378.0
0.0,7768.0,2441.0,1410.0,0.0,313.0,313.0,986.0,424.0,1713.0,728.0
0.0,5327.0,2670.0,1447.0,0.0,3131.0,3131.0,1013.0,434.0,1899.0,771.0
0.0,2657.0,1729.0,1476.0,313.0,4663.0,4663.0,1034.0,442.0,1236.0,493.0
0.0,1241.0,602.0,1467.0,3131.0,2098.0,2098.0,1028.0,439.0,415.0,187.0
0.0,3770.0,371.0,1430.0,4663.0,0.0,0.0,1001.0,429.0,228.0,143.0
0.0,8062.0,1280.0,1403.0,2098.0,0.0,0.0,981.0,422.0,872.0,408.0
0.0,8880.0,2396.0,1414.0,0.0,0.0,0.0,989.0,425.0,1683.0,713.0
0.0,6484.0,2579.0,1452.0,0.0,1903.0,1903.0,1016.0,436.0,1837.0,742.0
0.0,3905.0,1626.0,1477.0,0.0,3629.0,3629.0,1035.0,442.0,1164.0,462.0
0.0,2279.0,547.0,1466.0,1903.0,2229.0,2229.0,1027.0,439.0,378.0,169.0
0.0,3635.0,413.0,1431.0,3629.0,0.0,0.0,1002.0,429.0,257.0,156.0
0.0,6851.0,1325.0,1408.0,2229.0,0.0,0.0,985.0,423.0,900.0,425.0
0.0,7755.0,2466.0,1423.0,0.0,403.0,403.0,995.0,428.0,1730.0,736.0
0.0,5289.0,2560.0,1460.0,0.0,3111.0,3111.0,1022.0,438.0,1823.0,737.0
0.0,2729.0,1630.0,1488.0,403.0,4450.0,4450.0,1042.0,446.0,1169.0,461.0
0.0,1502.0,515.0,1476.0,3111.0,1806.0,1806.0,1034.0,442.0,356.0,159.0
0.0,4098.0,335.0,1438.0,4450.0,0.0,0.0,1007.0,431.0,203.0,132.0
0.0,8213.0,1226.0,1411.0,1806.0,0.0,0.0,987.0,424.0,830.0,396.0
0.0,8793.0,2325.0,1422.0,0.0,0.0,0.0,994.0,428.0,1632.0,693.0
0.0,6468.0,2613.0,1462.0,0.0,1993.0,1993.0,1023.0,439.0,1863.0,750.0
0.0,3855.0,1802.0,1493.0,0.0,3919.0,3919.0,1046.0,447.0,1289.0,513.0
0.0,2053.0,609.0,1484.0,1993.0,2499.0,2499.0,1040.0,444.0,420.0,189.0
0.0,3437.0,218.0,1443.0,3919.0,0.0,0.0,1010.0,433.0,119.0,99.0
0.0,7138.0,1045.0,1412.0,2499.0,0.0,0.0,988.0,424.0,704.0,341.0
0.0,8592.0,2221.0,1423.0,0.0,0.0,0.0,995.0,428.0,1561.0,660.0
0.0,6371.0,2617.0,1462.0,0.0,2094.0,2094.0,1023.0,439.0,1866.0,751.0
0.0,3754.0,1816.0,1493.0,0.0,4034.0,4034.0,1046.0,447.0,1299.0,517.0
0.0,1938.0,646.0,1483.0,2094.0,2546.0,2546.0,1039.0,444.0,446.0,200.0
0.0,3386.0,256.0,1442.0,4034.0,0.0,0.0,1010.0,432.0,144.0,112.0
0.0,7164.0,1050.0,1410.0,2546.0,0.0,0.0,986.0,424.0,706.0,344.0
0.0,8660.0,2252.0,1420.0,0.0,0.0,0.0,993.0,427.0,1584.0,668.0
0.0,6408.0,2671.0,1463.0,0.0,2115.0,2115.0,1024.0,439.0,1906.0,765.0
0.0,3737.0,1882.0,1496.0,0.0,4129.0,4129.0,1048.0,448.0,1347.0,535.0
0.0,1855.0,642.0,1486.0,2115.0,2616.0,2616.0,1041.0,445.0,440.0,202.0
0.0,3328.0,208.0,1445.0,4129.0,0.0,0.0,1012.0,433.0,108.0,100.0
0.0,7249.0,993.0,1413.0,2616.0,0.0,0.0,988.0,425.0,666.0,327.0
0.0,8872.0,2213.0,1422.0,0.0,0.0,0.0,994.0,428.0,1558.0,655.0
0.0,6659.0,2670.0,1463.0,0.0,1863.0,1863.0,1024.0,439.0,1908.0,762.0
0.0,3989.0,1908.0,1497.0,0.0,3907.0,3907.0,1049.0,448.0,1366.0,542.0
0.0,2081.0,767.0,1491.0,1863.0,2787.0,2787.0,1045.0,446.0,528.0,239.0
0.0,3177.0,303.0,1452.0,3907.0,0.0,0.0,1017.0,435.0,173.0,130.0
0.0,6781.0,1019.0,1419.0,2787.0,0.0,0.0,992.0,427.0,683.0,336.0
0.0,8549.0,2219.0,1426.0,0.0,0.0,0.0,997.0,429.0,1563.0,656.0
0.0,6330.0,2665.0,1469.0,0.0,2211.0,2211.0,1028.0,441.0,1904.0,761.0
0.0,3665.0,1956.0,1503.0,0.0,4303.0,4303.0,1053.0,450.0,1398.0,558.0
0.0,1709.0,704.0,1495.0,2211.0,2764.0,2764.0,1048.0,447.0,486.0,218.0
0.0,3216.0,258.0,1454.0,4303.0,0.0,0.0,1018.0,436.0,143.0,115.0
0.0,7261.0,1105.0,1424.0,2764.0,0.0,0.0,996.0,428.0,742.0,363.0
0.0,8920.0,2304.0,1436.0,0.0,0.0,0.0,1004.0,432.0,1619.0,685.0
0.0,6616.0,2746.0,1478.0,0.0,2042.0,2042.0,1034.0,444.0,1961.0,785.0
0.0,3870.0,1920.0,1510.0,0.0,4090.0,4090.0,1058.0,452.0,1377.0,543.0
0.0,1950.0,659.0,1500.0,2042.0,2667.0,2667.0,1051.0,449.0,454.0,205.0
0.0,3333.0,194.0,1457.0,4090.0,0.0,0.0,1020.0,437.0,97.0,97.0
0.0,7229.0,1050.0,1426.0,2667.0,0.0,0.0,997.0,429.0,702.0,348.0
0.0,8846.0,2420.0,1439.0,0.0,0.0,0.0,1006.0,433.0,1701.0,719.0
0.0,6426.0,2863.0,1482.0,0.0,2365.0,2365.0,1037.0,445.0,2044.0,819.0
0.0,3563.0,1892.0,1512.0,0.0,4377.0,4377.0,1059.0,453.0,1356.0,536.0
0.0,1671.0,471.0,1496.0,2365.0,2419.0,2419.0,1048.0,448.0,323.0,148.0
0.0,3565.0,86.0,1451.0,4377.0,0.0,0.0,1016.0,435.0,20.0,66.0
0.0,7856.0,1152.0,1424.0,2419.0,0.0,0.0,996.0,428.0,773.0,379.0
0.0,9123.0,2632.0,1443.0,0.0,0.0,0.0,1009.0,434.0,1849.0,783.0
0.0,6491.0,2918.0,1489.0,0.0,2383.0,2383.0,1042.0,447.0,2084.0,834.0
0.0,3573.0,1806.0,1516.0,0.0,4297.0,4297.0,1062.0,454.0,1300.0,506.0
0.0,1767.0,405.0,1498.0,2383.0,2247.0,2247.0,1050.0,448.0,275.0,130.0
0.0,3745.0,78.0,1452.0,4297.0,0.0,0.0,1017.0,435.0,13.0,65.0
0.0,7964.0,1204.0,1426.0,2247.0,0.0,0.0,997.0,429.0,808.0,396.0
0.0,9007.0,2643.0,1446.0,0.0,0.0,0.0,1011.0,435.0,1857.0,786.0
0.0,6364.0,2920.0,1492.0,0.0,2524.0,2524.0,1044.0,448.0,2086.0,834.0
0.0,3444.0,1771.0,1520.0,0.0,4407.0,4407.0,1065.0,455.0,1276.0,495.0
0.0,1673.0,353.0,1502.0,2524.0,2164.0,2164.0,1053.0,449.0,240.0,113.0
0.0,3844.0,56.0,1459.0,4407.0,0.0,0.0,1022.0,437.0,0.0,56.0
0.0,8195.0,1250.0,1433.0,2164.0,0.0,0.0,1002.0,431.0,840.0,410.0
0.0,9109.0,2720.0,1450.0,0.0,0.0,0.0,1014.0,436.0,1908.0,812.0
0.0,6389.0,2970.0,1496.0,0.0,2565.0,2565.0,1047.0,449.0,2116.0,854.0
0.0,3419.0,1724.0,1525.0,0.0,4405.0,4405.0,1068.0,457.0,1241.0,483.0
0.0,1695.0,256.0,1510.0,2565.0,2036.0,2036.0,1058.0,452.0,175.0,81.0
0.0,4004.0,50.0,1468.0,4405.0,0.0,0.0,1028.0,440.0,0.0,50.0
0.0,8359.0,1285.0,1442.0,2036.0,0.0,0.0,1009.0,433.0,868.0,417.0
0.0,9110.0,2744.0,1460.0,0.0,0.0,0.0,1021.0,439.0,1923.0,821.0
0.0,6366.0,2945.0,1505.0,0.0,2599.0,2599.0,1053.0,452.0,2096.0,849.0
0.0,3421.0,1712.0,1532.0,0.0,4419.0,4419.0,1073.0,459.0,1229.0,483.0
0.0,1709.0,294.0,1518.0,2599.0,2058.0,2058.0,1064.0,454.0,203.0,91.0
0.0,4014.0,66.0,1476.0,4419.0,0.0,0.0,1034.0,442.0,13.0,53.0
0.0,8367.0,1277.0,1449.0,2058.0,0.0,0.0,1014.0,435.0,865.0,412.0
0.0,9148.0,2715.0,1465.0,0.0,0.0,0.0,1024.0,441.0,1902.0,813.0
0.0,6433.0,2955.0,1509.0,0.0,2558.0,2558.0,1056.0,453.0,2100.0,855.0
0.0,3478.0,1773.0,1539.0,0.0,4451.0,4451.0,1078.0,461.0,1269.0,504.0
0.0,1705.0,284.0,1526.0,2558.0,2125.0,2125.0,1069.0,457.0,196.0,88.0
0.0,3979.0,32.0,1484.0,4451.0,0.0,0.0,1039.0,445.0,0.0,32.0
0.0,8398.0,1235.0,1457.0,2125.0,0.0,0.0,1019.0,438.0,836.0,399.0
0.0,9288.0,2750.0,1473.0,0.0,0.0,0.0,1030.0,443.0,1920.0,830.0
0.0,6538.0,3052.0,1517.0,0.0,2582.0,2582.0,1061.0,456.0,2160.0,892.0
0.0,3486.0,1792.0,1545.0,0.0,4486.0,4486.0,1082.0,463.0,1284.0,508.0
0.0,1694.0,253.0,1531.0,2582.0,2101.0,2101.0,1073.0,458.0,180.0,73.0
0.0,4023.0,12.0,1488.0,4486.0,0.0,0.0,1043.0,445.0,0.0,12.0
0.0,8497.0,1218.0,1460.0,2101.0,0.0,0.0,1022.0,438.0,824.0,394.0
0.0,9380.0,2729.0,1475.0,0.0,0.0,0.0,1031.0,444.0,1890.0,839.0
0.0,6651.0,2974.0,1519.0,0.0,2399.0,2399.0,1062.0,457.0,2090.0,884.0
0.0,3677.0,1793.0,1548.0,0.0,4308.0,4308.0,1084.0,464.0,1285.0,508.0
0.0,1884.0,383.0,1534.0,2399.0,2236.0,2236.0,1075.0,459.0,287.0,96.0
0.0,3900.0,127.0,1493.0,4308.0,0.0,0.0,1046.0,447.0,79.0,48.0
0.0,8081.0,1337.0,1465.0,2236.0,0.0,0.0,1025.0,440.0,908.0,429.0
0.0,8980.0,2807.0,1482.0,0.0,0.0,0.0,1036.0,446.0,1945.0,862.0
0.0,6173.0,2984.0,1527.0,0.0,2919.0,2919.0,1068.0,459.0,2098.0,886.0
0.0,3189.0,1701.0,1557.0,0.0,4740.0,4740.0,1090.0,467.0,1221.0,480.0
0.0,1488.0,237.0,1541.0,2919.0,1994.0,1994.0,1080.0,461.0,184.0,53.0
0.0,4170.0,34.0,1494.0,4740.0,0.0,0.0,1047.0,447.0,13.0,21.0
0.0,8876.0,1395.0,1466.0,1994.0,0.0,0.0,1026.0,440.0,946.0,449.0
0.0,9475.0,2901.0,1486.0,0.0,0.0,0.0,1039.0,447.0,2012.0,889.0
0.0,6574.0,3071.0,1536.0,0.0,2641.0,2641.0,1074.0,462.0,2161.0,910.0
0.0,3503.0,1605.0,1565.0,0.0,4362.0,4362.0,1096.0,469.0,1152.0,453.0
0.0,1898.0,56.0,1544.0,2641.0,1693.0,1693.0,1082.0,462.0,56.0,0.0
0.0,4483.0,0.0,1493.0,4362.0,0.0,0.0,1046.0,447.0,0.0,0.0
0.0,8845.0,1428.0,1465.0,1693.0,0.0,0.0,1025.0,440.0,971.0,457.0
0.0,9110.0,2958.0,1487.0,0.0,0.0,0.0,1039.0,448.0,2042.0,916.0
0.0,6152.0,3034.0,1538.0,0.0,3034.0,3034.0,1075.0,463.0,2124.0,910.0
0.0,3118.0,1673.0,1568.0,0.0,4827.0,4827.0,1098.0,470.0,1202.0,471.0
0.0,1445.0,179.0,1548.0,3034.0,1892.0,1892.0,1085.0,463.0,156.0,23.0
0.0,4300.0,5.0,1498.0,4827.0,0.0,0.0,1050.0,448.0,3.0,2.0
0.0,9122.0,1394.0,1469.0,1892.0,0.0,0.0,1028.0,441.0,943.0,451.0
0.0,9620.0,2919.0,1491.0,0.0,0.0,0.0,1042.0,449.0,2011.0,908.0
0.0,6701.0,3083.0,1543.0,0.0,2554.0,2554.0,1079.0,464.0,2160.0,923.0
0.0,3618.0,1696.0,1574.0,0.0,4374.0,4374.0,1102.0,472.0,1220.0,476.0
0.0,1922.0,123.0,1552.0,2554.0,1855.0,1855.0,1088.0,464.0,119.0,4.0
0.0,4353.0,0.0,1501.0,4374.0,0.0,0.0,1052.0,449.0,0.0,0.0
0.0,8727.0,1371.0,1470.0,1855.0,0.0,0.0,1029.0,441.0,925.0,446.0
0.0,9211.0,2865.0,1492.0,0.0,0.0,0.0,1043.0,449.0,1971.0,894.0
0.0,6346.0,3042.0,1545.0,0.0,2876.0,2876.0,1080.0,465.0,2131.0,911.0
0.0,3304.0,1705.0,1577.0,0.0,4709.0,4709.0,1104.0,473.0,1230.0,475.0
0.0,1599.0,94.0,1554.0,2876.0,1835.0,1835.0,1089.0,465.0,94.0,0.0
0.0,4381.0,0.0,1501.0,4709.0,0.0,0.0,1052.0,449.0,0.0,0.0
0.0,9090.0,1321.0,1470.0,1835.0,0.0,0.0,1029.0,441.0,895.0,426.0
0.0,9604.0,2855.0,1492.0,0.0,0.0,0.0,1043.0,449.0,1969.0,886.0
0.0,6749.0,3058.0,1545.0,0.0,2489.0,2489.0,1080.0,465.0,2141.0,917.0
0.0,3691.0,1703.0,1577.0,0.0,4320.0,4320.0,1104.0,473.0,1223.0,480.0
0.0,1988.0,175.0,1555.0,2489.0,1918.0,1918.0,1090.0,465.0,153.0,22.0
0.0,4302.0,3.0,1503.0,4320.0,0.0,0.0,1053.0,450.0,0.0,3.0
0.0,8619.0,1365.0,1473.0,1918.0,0.0,0.0,1031.0,442.0,923.0,442.0
0.0,9172.0,2884.0,1495.0,0.0,0.0,0.0,1045.0,450.0,1988.0,896.0
0.0,6288.0,3045.0,1547.0,0.0,2945.0,2945.0,1082.0,465.0,2133.0,912.0
0.0,3243.0,1678.0,1579.0,0.0,4751.0,4751.0,1105.0,474.0,1208.0,470.0
0.0,1565.0,151.0,1558.0,2945.0,1873.0,1873.0,1092.0,466.0,138.0,13.0
0.0,4359.0,0.0,1505.0,4751.0,0.0,0.0,1055.0,450.0,0.0,0.0
0.0,9110.0,1397.0,1473.0,1873.0,0.0,0.0,1031.0,442.0,945.0,452.0
0.0,9586.0,2974.0,1496.0,0.0,0.0,0.0,1046.0,450.0,2047.0,927.0
0.0,6612.0,3148.0,1552.0,0.0,2744.0,2744.0,1085.0,467.0,2203.0,945.0
0.0,3464.0,1664.0,1583.0,0.0,4532.0,4532.0,1108.0,475.0,1199.0,465.0
0.0,1800.0,29.0,1561.0,2744.0,1729.0,1729.0,1093.0,468.0,29.0,0.0
0.0,4515.0,0.0,1508.0,4532.0,0.0,0.0,1056.0,452.0,0.0,0.0
0.0,9047.0,1345.0,1477.0,1729.0,0.0,0.0,1034.0,443.0,933.0,412.0
0.0,9431.0,2858.0,1498.0,0.0,0.0,0.0,1048.0,450.0,1992.0,866.0
0.0,6573.0,3046.0,1548.0,0.0,2665.0,2665.0,1083.0,465.0,2131.0,915.0
0.0,3527.0,1830.0,1582.0,0.0,4631.0,4631.0,1107.0,475.0,1291.0,539.0
0.0,1697.0,374.0,1562.0,2665.0,2260.0,2260.0,1094.0,468.0,273.0,101.0
0.0,3988.0,131.0,1512.0,4631.0,0.0,0.0,1059.0,453.0,93.0,38.0
0.0,8488.0,1290.0,1478.0,2260.0,0.0,0.0,1035.0,443.0,890.0,400.0
0.0,9458.0,2717.0,1498.0,0.0,0.0,0.0,1048.0,450.0,1888.0,829.0
0.0,6741.0,2994.0,1551.0,0.0,2457.0,2457.0,1085.0,466.0,2096.0,898.0
0.0,3747.0,1884.0,1586.0,0.0,4481.0,4481.0,1110.0,476.0,1331.0,553.0
0.0,1863.0,433.0,1568.0,2457.0,2385.0,2385.0,1098.0,470.0,318.0,115.0
0.0,3887.0,153.0,1516.0,4481.0,0.0,0.0,1062.0,454.0,108.0,45.0
0.0,8215.0,1307.0,1481.0,2385.0,0.0,0.0,1037.0,444.0,901.0,406.0
0.0,9293.0,2679.0,1502.0,0.0,0.0,0.0,1051.0,451.0,1862.0,817.0
0.0,6614.0,2993.0,1558.0,0.0,2611.0,2611.0,1090.0,468.0,2094.0,899.0
0.0,3621.0,1885.0,1595.0,0.0,4644.0,4644.0,1116.0,479.0,1333.0,552.0
0.0,1736.0,388.0,1575.0,2611.0,2341.0,2341.0,1103.0,472.0,286.0,102.0
0.0,3959.0,32.0,1519.0,4644.0,0.0,0.0,1064.0,455.0,23.0,9.0
0.0,8571.0,1204.0,1483.0,2341.0,0.0,0.0,1039.0,444.0,829.0,375.0
0.0,9708.0,2704.0,1503.0,0.0,0.0,0.0,1052.0,451.0,1878.0,826.0
0.0,7004.0,3030.0,1558.0,0.0,2258.0,2258.0,1090.0,468.0,2120.0,910.0
0.0,3974.0,1860.0,1594.0,0.0,4262.0,4262.0,1115.0,479.0,1316.0,544.0
0.0,2114.0,445.0,1575.0,2258.0,2373.0,2373.0,1103.0,472.0,328.0,117.0
0.0,3927.0,156.0,1523.0,4262.0,0.0,0.0,1067.0,456.0,109.0,47.0
0.0,8033.0,1328.0,1489.0,2373.0,0.0,0.0,1043.0,446.0,914.0,414.0
0.0,9078.0,2778.0,1509.0,0.0,0.0,0.0,1056.0,453.0,1930.0,848.0
0.0,6300.0,2981.0,1564.0,0.0,2937.0,2937.0,1094.0,470.0,2085.0,896.0
0.0,3319.0,1741.0,1598.0,0.0,4814.0,4814.0,1118.0,480.0,1234.0,507.0
0.0,1578.0,320.0,1578.0,2937.0,2117.0,2117.0,1105.0,473.0,239.0,81.0
0.0,4195.0,128.0,1526.0,4814.0,0.0,0.0,1069.0,457.0,89.0,39.0
0.0,8881.0,1412.0,1493.0,2117.0,0.0,0.0,1046.0,447.0,974.0,438.0
0.0,9586.0,2868.0,1516.0,0.0,0.0,0.0,1061.0,455.0,1992.0,876.0
0.0,6718.0,3053.0,1573.0,0.0,2627.0,2627.0,1100.0,473.0,2135.0,918.0
0.0,3665.0,1762.0,1607.0,0.0,4525.0,4525.0,1124.0,483.0,1247.0,515.0
0.0,1903.0,276.0,1587.0,2627.0,2094.0,2094.0,1111.0,476.0,210.0,66.0
0.0,4254.0,36.0,1533.0,4525.0,0.0,0.0,1074.0,459.0,28.0,8.0
0.0,8743.0,1332.0,1499.0,2094.0,0.0,0.0,1050.0,449.0,920.0,412.0
0.0,9505.0,2820.0,1521.0,0.0,0.0,0.0,1064.0,457.0,1956.0,864.0
0.0,6685.0,3017.0,1576.0,0.0,2636.0,2636.0,1102.0,474.0,2106.0,911.0
0.0,3668.0,1768.0,1610.0,0.0,4540.0,4540.0,1126.0,484.0,1251.0,517.0
0.0,1900.0,333.0,1590.0,2636.0,2157.0,2157.0,1113.0,477.0,252.0,81.0
0.0,4203.0,176.0,1537.0,4540.0,0.0,0.0,1077.0,460.0,127.0,49.0
0.0,8567.0,1435.0,1506.0,2157.0,0.0,0.0,1055.0,451.0,991.0,444.0
0.0,9289.0,2796.0,1528.0,0.0,0.0,0.0,1069.0,459.0,1941.0,855.0
0.0,6493.0,2934.0,1582.0,0.0,2769.0,2769.0,1106.0,476.0,2051.0,883.0
0.0,3559.0,1689.0,1614.0,0.0,4586.0,4586.0,1129.0,485.0,1194.0,495.0
0.0,1870.0,304.0,1593.0,2769.0,2037.0,2037.0,1115.0,478.0,230.0,74.0
0.0,4335.0,224.0,1540.0,4586.0,0.0,0.0,1079.0,461.0,159.0,65.0
0.0,8697.0,1576.0,1510.0,2037.0,0.0,0.0,1058.0,452.0,1089.0,487.0
0.0,9158.0,2970.0,1535.0,0.0,0.0,0.0,1074.0,461.0,2062.0,908.0
0.0,6188.0,2930.0,1591.0,0.0,3106.0,3106.0,1113.0,478.0,2048.0,882.0
0.0,3258.0,1544.0,1620.0,0.0,4766.0,4766.0,1134.0,486.0,1094.0,450.0
0.0,1714.0,213.0,1599.0,3106.0,1789.0,1789.0,1119.0,480.0,165.0,48.0
0.0,4607.0,216.0,1548.0,4766.0,0.0,0.0,1084.0,464.0,155.0,61.0
0.0,9157.0,1680.0,1521.0,1789.0,0.0,0.0,1065.0,456.0,1162.0,518.0
0.0,9266.0,3082.0,1546.0,0.0,0.0,0.0,1082.0,464.0,2140.0,942.0
0.0,6184.0,2996.0,1597.0,0.0,3200.0,3200.0,1117.0,480.0,2094.0,902.0
0.0,3188.0,1532.0,1623.0,0.0,4836.0,4836.0,1136.0,487.0,1088.0,444.0
0.0,1656.0,43.0,1600.0,3200.0,1587.0,1587.0,1120.0,480.0,43.0,0.0
0.0,4813.0,101.0,1549.0,4836.0,0.0,0.0,1085.0,464.0,74.0,27.0
0.0,9548.0,1633.0,1523.0,1587.0,0.0,0.0,1066.0,457.0,1133.0,500.0
0.0,9502.0,3108.0,1546.0,0.0,0.0,0.0,1082.0,464.0,2162.0,946.0
0.0,6394.0,3141.0,1598.0,0.0,3139.0,3139.0,1118.0,480.0,2194.0,947.0
0.0,3253.0,1628.0,1626.0,0.0,4879.0,4879.0,1138.0,488.0,1148.0,480.0
0.0,1625.0,27.0,1602.0,3139.0,1671.0,1671.0,1121.0,481.0,27.0,0.0
0.0,4737.0,19.0,1551.0,4879.0,0.0,0.0,1086.0,465.0,19.0,0.0
0.0,9597.0,1649.0,1525.0,1671.0,0.0,0.0,1068.0,457.0,1153.0,496.0
0.0,9619.0,3180.0,1550.0,0.0,0.0,0.0,1085.0,465.0,2219.0,961.0
0.0,6439.0,3136.0,1602.0,0.0,3105.0,3105.0,1121.0,481.0,2188.0,948.0
0.0,3303.0,1603.0,1633.0,0.0,4832.0,4832.0,1143.0,490.0,1124.0,479.0
0.0,1700.0,0.0,1610.0,3105.0,1635.0,1635.0,1127.0,483.0,0.0,0.0
0.0,4805.0,0.0,1558.0,4832.0,0.0,0.0,1091.0,467.0,0.0,0.0
0.0,9637.0,1582.0,1530.0,1635.0,0.0,0.0,1071.0,459.0,1113.0,469.0
0.0,9690.0,3192.0,1556.0,0.0,0.0,0.0,1089.0,467.0,2241.0,951.0
0.0,6498.0,3166.0,1608.0,0.0,3100.0,3100.0,1125.0,483.0,2216.0,950.0
0.0,3332.0,1621.0,1636.0,0.0,4833.0,4833.0,1145.0,491.0,1129.0,492.0
0.0,1711.0,129.0,1613.0,3100.0,1770.0,1770.0,1129.0,484.0,83.0,46.0
0.0,4682.0,87.0,1561.0,4833.0,0.0,0.0,1093.0,468.0,62.0,25.0
0.0,9428.0,1586.0,1534.0,1770.0,0.0,0.0,1074.0,460.0,1117.0,469.0
0.0,9612.0,3171.0,1562.0,0.0,0.0,0.0,1093.0,469.0,2225.0,946.0
0.0,6441.0,3145.0,1616.0,0.0,3168.0,3168.0,1131.0,485.0,2200.0,945.0
0.0,3296.0,1548.0,1643.0,0.0,4824.0,4824.0,1150.0,493.0,1077.0,471.0
0.0,1748.0,4.0,1616.0,3168.0,1552.0,1552.0,1131.0,485.0,0.0,4.0
0.0,4912.0,48.0,1563.0,4824.0,0.0,0.0,1094.0,469.0,35.0,13.0
0.0,9688.0,1651.0,1535.0,1552.0,0.0,0.0,1075.0,460.0,1161.0,490.0
0.0,9589.0,3204.0,1563.0,0.0,0.0,0.0,1094.0,469.0,2247.0,957.0
0.0,6385.0,3154.0,1619.0,0.0,3245.0,3245.0,1133.0,486.0,2207.0,947.0
0.0,3231.0,1490.0,1646.0,0.0,4843.0,4843.0,1152.0,494.0,1039.0,451.0
0.0,1741.0,0.0,1620.0,3245.0,1494.0,1494.0,1134.0,486.0,0.0,0.0
0.0,4986.0,0.0,1567.0,4843.0,0.0,0.0,1097.0,470.0,0.0,0.0
0.0,9829.0,1490.0,1537.0,1494.0,0.0,0.0,1076.0,461.0,1041.0,449.0
0.0,9833.0,3056.0,1562.0,0.0,0.0,0.0,1093.0,469.0,2137.0,919.0
0.0,6777.0,3167.0,1616.0,0.0,2854.0,2854.0,1131.0,485.0,2217.0,950.0
0.0,3610.0,1735.0,1646.0,0.0,4709.0,4709.0,1152.0,494.0,1217.0,518.0
0.0,1875.0,201.0,1623.0,2854.0,1964.0,1964.0,1136.0,487.0,144.0,57.0
0.0,4528.0,47.0,1570.0,4709.0,0.0,0.0,1099.0,471.0,35.0,12.0
0.0,9190.0,1403.0,1541.0,1964.0,0.0,0.0,1079.0,462.0,980.0,423.0
0.0,9751.0,2934.0,1564.0,0.0,0.0,0.0,1095.0,469.0,2051.0,883.0
0.0,6817.0,3153.0,1619.0,0.0,2812.0,2812.0,1133.0,486.0,2205.0,948.0
0.0,3664.0,1875.0,1651.0,0.0,4815.0,4815.0,1155.0,496.0,1313.0,562.0
0.0,1789.0,362.0,1627.0,2812.0,2269.0,2269.0,1139.0,488.0,256.0,106.0
0.0,4239.0,127.0,1573.0,4815.0,0.0,0.0,1101.0,472.0,92.0,35.0
0.0,8927.0,1405.0,1544.0,2269.0,0.0,0.0,1081.0,463.0,982.0,423.0
0.0,9791.0,2928.0,1570.0,0.0,0.0,0.0,1099.0,471.0,2046.0,882.0
0.0,6863.0,3119.0,1626.0,0.0,2760.0,2760.0,1138.0,488.0,2181.0,938.0
0.0,3744.0,1845.0,1658.0,0.0,4733.0,4733.0,1160.0,498.0,1291.0,554.0
0.0,1899.0,392.0,1633.0,2760.0,2265.0,2265.0,1143.0,490.0,276.0,116.0
0.0,4267.0,91.0,1575.0,4733.0,0.0,0.0,1103.0,472.0,67.0,24.0
0.0,8909.0,1255.0,1542.0,2265.0,0.0,0.0,1080.0,462.0,880.0,375.0
0.0,9919.0,2764.0,1566.0,0.0,0.0,0.0,1096.0,470.0,1933.0,831.0
0.0,7155.0,3156.0,1625.0,0.0,2501.0,2501.0,1137.0,488.0,2204.0,952.0
0.0,3999.0,1996.0,1662.0,0.0,4645.0,4645.0,1163.0,499.0,1395.0,601.0
0.0,2003.0,493.0,1640.0,2501.0,2549.0,2549.0,1148.0,492.0,349.0,144.0
0.0,4011.0,97.0,1582.0,4645.0,0.0,0.0,1108.0,474.0,74.0,23.0
0.0,8559.0,1303.0,1547.0,2549.0,0.0,0.0,1083.0,464.0,911.0,392.0
0.0,9805.0,2853.0,1570.0,0.0,0.0,0.0,1099.0,471.0,1991.0,862.0
0.0,6952.0,3148.0,1630.0,0.0,2716.0,2716.0,1141.0,489.0,2200.0,948.0
0.0,3804.0,1974.0,1668.0,0.0,4842.0,4842.0,1167.0,501.0,1383.0,591.0
0.0,1830.0,425.0,1644.0,2716.0,2455.0,2455.0,1151.0,493.0,304.0,121.0
0.0,4121.0,85.0,1584.0,4842.0,0.0,0.0,1109.0,475.0,63.0,22.0
0.0,8878.0,1300.0,1550.0,2455.0,0.0,0.0,1085.0,465.0,907.0,393.0
0.0,10033.0,2861.0,1573.0,0.0,0.0,0.0,1101.0,472.0,1996.0,865.0
0.0,7172.0,3247.0,1636.0,0.0,2619.0,2619.0,1145.0,491.0,2270.0,977.0
0.0,3925.0,1959.0,1673.0,0.0,4726.0,4726.0,1171.0,502.0,1374.0,585.0
0.0,1966.0,395.0,1651.0,2619.0,2414.0,2414.0,1156.0,495.0,283.0,112.0
0.0,4190.0,86.0,1591.0,4726.0,0.0,0.0,1114.0,477.0,65.0,21.0
0.0,8830.0,1356.0,1556.0,2414.0,0.0,0.0,1089.0,467.0,946.0,410.0
0.0,9888.0,2903.0,1580.0,0.0,0.0,0.0,1106.0,474.0,2024.0,879.0
0.0,6985.0,3223.0,1640.0,0.0,2798.0,2798.0,1148.0,492.0,2251.0,972.0
0.0,3762.0,2012.0,1677.0,0.0,4958.0,4958.0,1174.0,503.0,1411.0,601.0
0.0,1750.0,401.0,1654.0,2798.0,2469.0,2469.0,1158.0,496.0,287.0,114.0
0.0,4147.0,20.0,1594.0,4958.0,0.0,0.0,1116.0,478.0,20.0,0.0
0.0,9085.0,1245.0,1557.0,2469.0,0.0,0.0,1090.0,467.0,870.0,375.0
0.0,10309.0,2799.0,1581.0,0.0,0.0,0.0,1107.0,474.0,1952.0,847.0
0.0,7510.0,3199.0,1643.0,0.0,2261.0,2261.0,1150.0,493.0,2235.0,964.0
0.0,4311.0,2024.0,1681.0,0.0,4437.0,4437.0,1177.0,504.0,1420.0,604.0
0.0,2287.0,507.0,1659.0,2261.0,2595.0,2595.0,1161.0,498.0,361.0,146.0
0.0,4041.0,151.0,1600.0,4437.0,0.0,0.0,1120.0,480.0,110.0,41.0
0.0,8327.0,1277.0,1564.0,2595.0,0.0,0.0,1095.0,469.0,892.0,385.0
0.0,9645.0,2765.0,1589.0,0.0,0.0,0.0,1112.0,477.0,1928.0,837.0
0.0,6880.0,3180.0,1650.0,0.0,2900.0,2900.0,1155.0,495.0,2223.0,957.0
0.0,3700.0,2037.0,1689.0,0.0,5093.0,5093.0,1182.0,507.0,1429.0,608.0
0.0,1663.0,512.0,1670.0,2900.0,2629.0,2629.0,1169.0,501.0,367.0,145.0
0.0,4051.0,51.0,1612.0,5093.0,0.0,0.0,1129.0,483.0,41.0,10.0
0.0,9093.0,1236.0,1575.0,2629.0,0.0,0.0,1103.0,472.0,860.0,376.0
0.0,10486.0,2773.0,1595.0,0.0,0.0,0.0,1116.0,479.0,1929.0,844.0
0.0,7713.0,3169.0,1652.0,0.0,2064.0,2064.0,1156.0,496.0,2211.0,958.0
0.0,4544.0,2019.0,1690.0,0.0,4235.0,4235.0,1183.0,507.0,1419.0,600.0
0.0,2525.0,537.0,1673.0,2064.0,2640.0,2640.0,1171.0,502.0,388.0,149.0
0.0,4052.0,189.0,1621.0,4235.0,0.0,0.0,1135.0,486.0,140.0,49.0
0.0,8098.0,1277.0,1584.0,2640.0,0.0,0.0,1109.0,475.0,889.0,388.0
0.0,9461.0,2758.0,1602.0,0.0,0.0,0.0,1121.0,481.0,1918.0,840.0
0.0,6703.0,3140.0,1655.0,0.0,3057.0,3057.0,1158.0,497.0,2187.0,953.0
0.0,3563.0,2090.0,1693.0,0.0,5299.0,5299.0,1185.0,508.0,1466.0,624.0
0.0,1473.0,614.0,1677.0,3057.0,2792.0,2792.0,1174.0,503.0,445.0,169.0
0.0,3916.0,184.0,1625.0,5299.0,0.0,0.0,1138.0,487.0,141.0,43.0
0.0,9031.0,1214.0,1588.0,2792.0,0.0,0.0,1112.0,476.0,847.0,367.0
0.0,10609.0,2655.0,1604.0,0.0,0.0,0.0,1123.0,481.0,1843.0,812.0
0.0,7954.0,3049.0,1655.0,0.0,1715.0,1715.0,1158.0,497.0,2120.0,929.0
0.0,4905.0,2114.0,1694.0,0.0,3985.0,3985.0,1185.0,509.0,1482.0,632.0
0.0,2791.0,746.0,1684.0,1715.0,2976.0,2976.0,1179.0,505.0,537.0,209.0
0.0,3760.0,359.0,1638.0,3985.0,0.0,0.0,1147.0,491.0,266.0,93.0
0.0,7386.0,1261.0,1601.0,2976.0,0.0,0.0,1121.0,480.0,883.0,378.0
0.0,9101.0,2534.0,1611.0,0.0,0.0,0.0,1128.0,483.0,1759.0,775.0
0.0,6567.0,2897.0,1658.0,0.0,2962.0,2962.0,1160.0,498.0,2013.0,884.0
0.0,3670.0,2051.0,1695.0,0.0,5161.0,5161.0,1186.0,509.0,1434.0,617.0
0.0,1619.0,839.0,1686.0,2962.0,3002.0,3002.0,1180.0,506.0,600.0,239.0
0.0,3742.0,451.0,1640.0,5161.0,0.0,0.0,1148.0,492.0,330.0,121.0
0.0,8452.0,1321.0,1605.0,3002.0,0.0,0.0,1124.0,481.0,929.0,392.0
0.0,10133.0,2526.0,1616.0,0.0,0.0,0.0,1131.0,485.0,1757.0,769.0
0.0,7607.0,2825.0,1662.0,0.0,1866.0,1866.0,1163.0,499.0,1963.0,862.0
0.0,4782.0,1963.0,1698.0,0.0,3973.0,3973.0,1188.0,510.0,1368.0,595.0
0.0,2819.0,845.0,1689.0,1866.0,2916.0,2916.0,1182.0,507.0,601.0,244.0
0.0,3840.0,606.0,1646.0,3973.0,0.0,0.0,1152.0,494.0,441.0,165.0
0.0,7207.0,1411.0,1611.0,2916.0,0.0,0.0,1128.0,483.0,995.0,416.0
0.0,8712.0,2499.0,1621.0,0.0,271.0,271.0,1135.0,486.0,1738.0,761.0
0.0,6213.0,2764.0,1666.0,0.0,3215.0,3215.0,1166.0,500.0,1916.0,848.0
0.0,3449.0,1966.0,1702.0,271.0,5054.0,5054.0,1191.0,511.0,1370.0,596.0
0.0,1754.0,869.0,1693.0,3215.0,2672.0,2672.0,1185.0,508.0,621.0,248.0
0.0,4100.0,605.0,1650.0,5054.0,0.0,0.0,1155.0,495.0,441.0,164.0
0.0,8549.0,1371.0,1614.0,2672.0,0.0,0.0,1130.0,484.0,966.0,405.0
0.0,9850.0,2430.0,1621.0,0.0,0.0,0.0,1135.0,486.0,1690.0,740.0
0.0,7420.0,2786.0,1668.0,0.0,2038.0,2038.0,1167.0,501.0,1931.0,855.0
0.0,4634.0,1966.0,1705.0,0.0,4152.0,4152.0,1193.0,512.0,1368.0,598.0
0.0,2668.0,894.0,1698.0,2038.0,2980.0,2980.0,1188.0,510.0,638.0,256.0
0.0,3812.0,577.0,1655.0,4152.0,0.0,0.0,1159.0,496.0,423.0,154.0
0.0,7387.0,1396.0,1621.0,2980.0,0.0,0.0,1135.0,486.0,985.0,411.0
0.0,8971.0,2481.0,1630.0,0.0,30.0,30.0,1141.0,489.0,1727.0,754.0
0.0,6490.0,2747.0,1673.0,0.0,2949.0,2949.0,1171.0,502.0,1904.0,843.0
0.0,3743.0,1966.0,1708.0,30.0,5025.0,5025.0,1195.0,513.0,1368.0,598.0
0.0,1807.0,877.0,1700.0,2949.0,2921.0,2921.0,1190.0,510.0,622.0,255.0
0.0,3879.0,574.0,1658.0,5025.0,0.0,0.0,1161.0,497.0,419.0,155.0
0.0,8330.0,1279.0,1621.0,2921.0,0.0,0.0,1135.0,486.0,905.0,374.0
0.0,9972.0,2298.0,1626.0,0.0,0.0,0.0,1138.0,488.0,1601.0,697.0
0.0,7674.0,2714.0,1669.0,0.0,1716.0,1716.0,1168.0,501.0,1884.0,830.0
0.0,4960.0,2059.0,1707.0,0.0,3927.0,3927.0,1194.0,513.0,1430.0,629.0
0.0,2901.0,998.0,1702.0,1716.0,3189.0,3189.0,1191.0,511.0,703.0,295.0
0.0,3619.0,633.0,1661.0,3927.0,0.0,0.0,1163.0,498.0,460.0,173.0
0.0,6913.0,1321.0,1626.0,3189.0,0.0,0.0,1139.0,487.0,938.0,383.0
0.0,8781.0,2379.0,1633.0,0.0,130.0,130.0,1143.0,490.0,1660.0,719.0
0.0,6402.0,2743.0,1675.0,0.0,3041.0,3041.0,1172.0,503.0,1901.0,842.0
0.0,3659.0,2047.0,1711.0,130.0,5102.0,5102.0,1197.0,514.0,1419.0,628.0
0.0,1742.0,998.0,1705.0,3041.0,3035.0,3035.0,1193.0,512.0,705.0,293.0
0.0,3785.0,647.0,1665.0,5102.0,0.0,0.0,1166.0,499.0,473.0,174.0
0.0,8240.0,1337.0,1630.0,3035.0,0.0,0.0,1142.0,488.0,948.0,389.0
0.0,9938.0,2407.0,1637.0,0.0,0.0,0.0,1146.0,491.0,1677.0,730.0
0.0,7531.0,2747.0,1678.0,0.0,1928.0,1928.0,1174.0,504.0,1903.0,844.0
0.0,4784.0,2026.0,1713.0,0.0,4094.0,4094.0,1198.0,515.0,1406.0,620.0
0.0,2758.0,977.0,1708.0,1928.0,3123.0,3123.0,1195.0,513.0,693.0,284.0
0.0,3709.0,717.0,1671.0,4094.0,0.0,0.0,1170.0,501.0,523.0,194.0
0.0,7086.0,1424.0,1640.0,3123.0,0.0,0.0,1149.0,491.0,1010.0,414.0
0.0,8785.0,2433.0,1646.0,0.0,232.0,232.0,1153.0,493.0,1695.0,738.0
0.0,6352.0,2683.0,1683.0,0.0,3063.0,3063.0,1178.0,505.0,1857.0,826.0
0.0,3669.0,1986.0,1714.0,232.0,4941.0,4941.0,1199.0,515.0,1377.0,609.0
0.0,1915.0,971.0,1709.0,3063.0,2829.0,2829.0,1196.0,513.0,686.0,285.0
0.0,4007.0,671.0,1673.0,4941.0,0.0,0.0,1171.0,502.0,489.0,182.0
0.0,8277.0,1428.0,1645.0,2829.0,0.0,0.0,1152.0,493.0,1015.0,413.0
0.0,9678.0,2498.0,1653.0,0.0,0.0,0.0,1158.0,495.0,1742.0,756.0
0.0,7180.0,2780.0,1690.0,0.0,2360.0,2360.0,1183.0,507.0,1925.0,855.0
0.0,4400.0,1925.0,1719.0,0.0,4401.0,4401.0,1203.0,516.0,1332.0,593.0
0.0,2475.0,863.0,1711.0,2360.0,2872.0,2872.0,1197.0,514.0,611.0,252.0
0.0,3972.0,682.0,1674.0,4401.0,0.0,0.0,1172.0,502.0,501.0,181.0
0.0,7691.0,1494.0,1649.0,2872.0,0.0,0.0,1155.0,494.0,1060.0,434.0
0.0,9069.0,2500.0,1659.0,0.0,67.0,67.0,1162.0,497.0,1742.0,758.0
0.0,6569.0,2721.0,1696.0,0.0,2936.0,2936.0,1187.0,509.0,1882.0,839.0
0.0,3848.0,1952.0,1721.0,67.0,4921.0,4921.0,1204.0,517.0,1352.0,600.0
0.0,1963.0,977.0,1714.0,2936.0,2934.0,2934.0,1199.0,515.0,693.0,284.0
0.0,3922.0,692.0,1678.0,4921.0,0.0,0.0,1175.0,503.0,508.0,184.0
0.0,8151.0,1398.0,1652.0,2934.0,0.0,0.0,1157.0,495.0,993.0,405.0
0.0,9687.0,2400.0,1661.0,0.0,0.0,0.0,1163.0,498.0,1671.0,729.0
0.0,7287.0,2671.0,1695.0,0.0,2164.0,2164.0,1186.0,509.0,1846.0,825.0
0.0,4616.0,2009.0,1722.0,0.0,4281.0,4281.0,1205.0,517.0,1390.0,619.0
0.0,2607.0,1028.0,1715.0,2164.0,3117.0,3117.0,1200.0,515.0,727.0,301.0
0.0,3743.0,716.0,1683.0,4281.0,0.0,0.0,1178.0,505.0,526.0,190.0
0.0,7308.0,1336.0,1655.0,3117.0,0.0,0.0,1159.0,496.0,951.0,385.0
0.0,9089.0,2286.0,1661.0,0.0,0.0,0.0,1163.0,498.0,1591.0,695.0
0.0,6803.0,2650.0,1694.0,0.0,2623.0,2623.0,1186.0,508.0,1830.0,820.0
0.0,4153.0,2064.0,1724.0,0.0,4807.0,4807.0,1206.0,518.0,1430.0,634.0
0.0,2089.0,1144.0,1718.0,2623.0,3304.0,3304.0,1202.0,516.0,811.0,333.0
0.0,3568.0,784.0,1686.0,4807.0,0.0,0.0,1180.0,506.0,572.0,212.0
0.0,7591.0,1327.0,1658.0,3304.0,0.0,0.0,1161.0,497.0,942.0,385.0
0.0,9568.0,2237.0,1664.0,0.0,0.0,0.0,1165.0,499.0,1556.0,681.0
0.0,7331.0,2608.0,1697.0,0.0,2065.0,2065.0,1188.0,509.0,1804.0,804.0
0.0,4723.0,2061.0,1725.0,0.0,4238.0,4238.0,1207.0,518.0,1431.0,630.0
0.0,2662.0,1117.0,1722.0,2065.0,3278.0,3278.0,1205.0,517.0,793.0,324.0
0.0,3610.0,760.0,1693.0,4238.0,0.0,0.0,1185.0,508.0,553.0,207.0
0.0,7088.0,1327.0,1666.0,3278.0,0.0,0.0,1167.0,499.0,939.0,388.0
0.0,9039.0,2247.0,1669.0,0.0,0.0,0.0,1169.0,500.0,1563.0,684.0
0.0,6792.0,2593.0,1700.0,0.0,2601.0,2601.0,1190.0,510.0,1795.0,798.0
0.0,4199.0,2058.0,1728.0,0.0,4771.0,4771.0,1209.0,519.0,1430.0,628.0
0.0,2141.0,1189.0,1725.0,2601.0,3347.0,3347.0,1207.0,518.0,840.0,349.0
0.0,3553.0,801.0,1695.0,4771.0,0.0,0.0,1186.0,509.0,579.0,222.0
0.0,7523.0,1313.0,1668.0,3347.0,0.0,0.0,1168.0,500.0,930.0,383.0
0.0,9557.0,2266.0,1672.0,0.0,0.0,0.0,1171.0,501.0,1580.0,686.0
0.0,7291.0,2676.0,1704.0,0.0,2201.0,2201.0,1193.0,511.0,1856.0,820.0
0.0,4615.0,2069.0,1731.0,0.0,4378.0,4378.0,1211.0,520.0,1437.0,632.0
0.0,2546.0,1130.0,1727.0,2201.0,3291.0,3291.0,1208.0,519.0,797.0,333.0
0.0,3617.0,840.0,1697.0,4378.0,0.0,0.0,1188.0,509.0,604.0,236.0
0.0,7155.0,1403.0,1671.0,3291.0,0.0,0.0,1170.0,501.0,992.0,411.0
0.0,9043.0,2277.0,1676.0,0.0,0.0,0.0,1174.0,502.0,1589.0,688.0
0.0,6766.0,2561.0,1707.0,0.0,2623.0,2623.0,1195.0,512.0,1778.0,783.0
0.0,4205.0,2003.0,1731.0,0.0,4722.0,4722.0,1211.0,520.0,1391.0,612.0
0.0,2202.0,1196.0,1727.0,2623.0,3279.0,3279.0,1208.0,519.0,842.0,354.0
0.0,3629.0,913.0,1698.0,4722.0,0.0,0.0,1188.0,510.0,655.0,258.0
0.0,7438.0,1419.0,1674.0,3279.0,0.0,0.0,1172.0,502.0,1004.0,415.0
0.0,9298.0,2241.0,1678.0,0.0,0.0,0.0,1175.0,503.0,1563.0,678.0
0.0,7057.0,2524.0,1708.0,0.0,2299.0,2299.0,1196.0,512.0,1752.0,772.0
0.0,4533.0,2010.0,1734.0,0.0,4413.0,4413.0,1213.0,521.0,1395.0,615.0
0.0,2523.0,1250.0,1731.0,2299.0,3352.0,3352.0,1211.0,520.0,879.0,371.0
0.0,3572.0,1044.0,1703.0,4413.0,0.0,0.0,1192.0,511.0,748.0,296.0
0.0,6941.0,1534.0,1678.0,3352.0,0.0,0.0,1175.0,503.0,1087.0,447.0
0.0,8759.0,2212.0,1685.0,0.0,193.0,193.0,1180.0,505.0,1543.0,669.0
0.0,6547.0,2368.0,1713.0,0.0,2673.0,2673.0,1199.0,514.0,1639.0,729.0
0.0,4179.0,1886.0,1736.0,193.0,4458.0,4458.0,1215.0,521.0,1307.0,579.0
0.0,2486.0,1245.0,1731.0,2673.0,3010.0,3010.0,1211.0,520.0,877.0,368.0
0.0,3914.0,1120.0,1705.0,4458.0,0.0,0.0,1193.0,512.0,804.0,316.0
0.0,7252.0,1646.0,1684.0,3010.0,0.0,0.0,1179.0,505.0,1165.0,481.0
0.0,8616.0,2286.0,1691.0,0.0,434.0,434.0,1184.0,507.0,1593.0,693.0
0.0,6330.0,2405.0,1718.0,0.0,2947.0,2947.0,1203.0,515.0,1665.0,740.0
0.0,3925.0,1945.0,1742.0,434.0,4554.0,4554.0,1219.0,523.0,1350.0,595.0
0.0,2414.0,1290.0,1740.0,2947.0,2889.0,2889.0,1217.0,523.0,911.0,379.0
0.0,4071.0,1099.0,1715.0,4554.0,0.0,0.0,1200.0,515.0,789.0,310.0
0.0,7526.0,1520.0,1693.0,2889.0,0.0,0.0,1186.0,507.0,1074.0,446.0
0.0,8895.0,2151.0,1696.0,0.0,40.0,40.0,1188.0,508.0,1496.0,655.0
0.0,6744.0,2394.0,1721.0,0.0,2534.0,2534.0,1205.0,516.0,1657.0,737.0
0.0,4350.0,1927.0,1745.0,40.0,4517.0,4517.0,1221.0,524.0,1340.0,587.0
0.0,2463.0,1281.0,1744.0,2534.0,3260.0,3260.0,1220.0,524.0,905.0,376.0
0.0,3716.0,1102.0,1722.0,4517.0,0.0,0.0,1205.0,517.0,790.0,312.0
0.0,7131.0,1574.0,1701.0,3260.0,0.0,0.0,1191.0,510.0,1113.0,461.0
0.0,8817.0,2223.0,1703.0,0.0,218.0,218.0,1193.0,510.0,1546.0,677.0
0.0,6594.0,2404.0,1728.0,0.0,2722.0,2722.0,1210.0,518.0,1663.0,741.0
0.0,4190.0,1861.0,1749.0,218.0,4449.0,4449.0,1224.0,525.0,1292.0,569.0
0.0,2547.0,1181.0,1746.0,2722.0,2896.0,2896.0,1222.0,524.0,837.0,344.0
0.0,4088.0,1100.0,1724.0,4449.0,0.0,0.0,1207.0,517.0,792.0,308.0
0.0,7437.0,1653.0,1706.0,2896.0,0.0,0.0,1195.0,511.0,1169.0,484.0
0.0,8680.0,2236.0,1709.0,0.0,392.0,392.0,1197.0,512.0,1555.0,681.0
0.0,6444.0,2319.0,1732.0,0.0,2803.0,2803.0,1212.0,520.0,1600.0,719.0
0.0,4125.0,1857.0,1754.0,392.0,4356.0,4356.0,1227.0,527.0,1288.0,569.0
0.0,2660.0,1269.0,1752.0,2803.0,2814.0,2814.0,1226.0,526.0,901.0,368.0
0.0,4194.0,1136.0,1731.0,4356.0,0.0,0.0,1212.0,519.0,817.0,319.0
0.0,7414.0,1608.0,1712.0,2814.0,0.0,0.0,1199.0,513.0,1136.0,472.0
0.0,8620.0,2192.0,1715.0,0.0,432.0,432.0,1201.0,514.0,1523.0,669.0
0.0,6428.0,2294.0,1736.0,0.0,2810.0,2810.0,1215.0,521.0,1584.0,710.0
0.0,4134.0,1889.0,1757.0,432.0,4351.0,4351.0,1229.0,528.0,1311.0,578.0
0.0,2677.0,1279.0,1756.0,2810.0,2816.0,2816.0,1229.0,527.0,906.0,373.0
0.0,4208.0,1163.0,1734.0,4351.0,0.0,0.0,1214.0,520.0,836.0,327.0
0.0,7396.0,1654.0,1715.0,2816.0,0.0,0.0,1201.0,514.0,1169.0,485.0
0.0,8558.0,2312.0,1719.0,0.0,630.0,630.0,1204.0,515.0,1607.0,705.0
0.0,6246.0,2365.0,1743.0,0.0,3091.0,3091.0,1220.0,523.0,1633.0,732.0
0.0,3881.0,1766.0,1761.0,630.0,4299.0,4299.0,1232.0,529.0,1227.0,539.0
0.0,2745.0,1143.0,1756.0,3091.0,2331.0,2331.0,1229.0,527.0,812.0,331.0
0.0,4693.0,1159.0,1734.0,4299.0,0.0,0.0,1214.0,520.0,834.0,325.0
0.0,7833.0,1712.0,1718.0,2331.0,0.0,0.0,1203.0,515.0,1209.0,503.0
0.0,8452.0,2338.0,1725.0,0.0,786.0,786.0,1208.0,517.0,1626.0,712.0
0.0,6114.0,2375.0,1747.0,0.0,3249.0,3249.0,1223.0,524.0,1641.0,734.0
0.0,3739.0,1847.0,1765.0,786.0,4382.0,4382.0,1235.0,530.0,1280.0,567.0
0.0,2678.0,1242.0,1762.0,3249.0,2363.0,2363.0,1233.0,529.0,879.0,363.0
0.0,4685.0,1176.0,1742.0,4382.0,0.0,0.0,1219.0,523.0,843.0,333.0
0.0,7891.0,1719.0,1726.0,2363.0,0.0,0.0,1209.0,517.0,1215.0,504.0
0.0,8535.0,2284.0,1732.0,0.0,677.0,677.0,1213.0,519.0,1592.0,692.0
0.0,6251.0,2328.0,1753.0,0.0,3089.0,3089.0,1227.0,526.0,1611.0,717.0
0.0,3923.0,1843.0,1768.0,677.0,4315.0,4315.0,1237.0,531.0,1278.0,565.0
0.0,2757.0,1255.0,1762.0,3089.0,2457.0,2457.0,1233.0,529.0,885.0,370.0
0.0,4591.0,1259.0,1744.0,4315.0,0.0,0.0,1221.0,523.0,898.0,361.0
0.0,7647.0,1850.0,1734.0,2457.0,0.0,0.0,1214.0,520.0,1305.0,545.0
0.0,8254.0,2371.0,1743.0,0.0,1089.0,1089.0,1221.0,522.0,1654.0,717.0
0.0,5883.0,2325.0,1764.0,0.0,3498.0,3498.0,1235.0,529.0,1613.0,712.0
0.0,3558.0,1730.0,1776.0,1089.0,4187.0,4187.0,1243.0,533.0,1202.0,528.0
0.0,2917.0,1185.0,1767.0,3498.0,1838.0,1838.0,1236.0,531.0,832.0,353.0
0.0,5230.0,1252.0,1747.0,4187.0,0.0,0.0,1223.0,524.0,889.0,363.0
0.0,8165.0,1823.0,1735.0,1838.0,0.0,0.0,1215.0,520.0,1286.0,537.0
0.0,8180.0,2282.0,1742.0,0.0,1070.0,1070.0,1220.0,522.0,1595.0,687.0
0.0,5898.0,2256.0,1761.0,0.0,3402.0,3402.0,1233.0,528.0,1568.0,688.0
0.0,3642.0,1751.0,1773.0,1070.0,4131.0,4131.0,1241.0,532.0,1214.0,537.0
0.0,2961.0,1289.0,1769.0,3402.0,2002.0,2002.0,1238.0,531.0,903.0,386.0
0.0,5074.0,1318.0,1753.0,4131.0,0.0,0.0,1227.0,526.0,936.0,382.0
0.0,7887.0,1853.0,1742.0,2002.0,0.0,0.0,1220.0,522.0,1308.0,545.0
0.0,8036.0,2333.0,1751.0,0.0,1301.0,1301.0,1226.0,525.0,1632.0,701.0
0.0,5703.0,2246.0,1768.0,0.0,3615.0,3615.0,1238.0,530.0,1561.0,685.0
0.0,3457.0,1748.0,1781.0,1301.0,4114.0,4114.0,1246.0,535.0,1212.0,536.0
0.0,3010.0,1205.0,1774.0,3615.0,1676.0,1676.0,1241.0,533.0,842.0,363.0
0.0,5420.0,1173.0,1754.0,4114.0,0.0,0.0,1228.0,526.0,831.0,342.0
0.0,8361.0,1731.0,1741.0,1676.0,0.0,0.0,1219.0,522.0,1223.0,508.0
0.0,8306.0,2379.0,1751.0,0.0,1077.0,1077.0,1226.0,525.0,1669.0,710.0
0.0,5927.0,2425.0,1775.0,0.0,3598.0,3598.0,1243.0,532.0,1687.0,738.0
0.0,3502.0,1817.0,1789.0,1077.0,4394.0,4394.0,1252.0,537.0,1258.0,559.0
0.0,2762.0,1189.0,1780.0,3598.0,1949.0,1949.0,1245.0,535.0,830.0,359.0
0.0,5171.0,1039.0,1756.0,4394.0,0.0,0.0,1229.0,527.0,739.0,300.0
0.0,8526.0,1566.0,1742.0,1949.0,0.0,0.0,1220.0,522.0,1110.0,456.0
0.0,8909.0,2297.0,1751.0,0.0,392.0,392.0,1226.0,525.0,1610.0,687.0
0.0,6612.0,2474.0,1774.0,0.0,2958.0,2958.0,1242.0,532.0,1720.0,754.0
0.0,4138.0,1951.0,1789.0,392.0,4577.0,4577.0,1252.0,537.0,1353.0,598.0
0.0,2579.0,1230.0,1782.0,2958.0,2821.0,2821.0,1247.0,535.0,860.0,370.0
0.0,4307.0,1097.0,1762.0,4577.0,0.0,0.0,1233.0,529.0,778.0,319.0
0.0,7787.0,1658.0,1749.0,2821.0,0.0,0.0,1225.0,524.0,1173.0,485.0
0.0,8950.0,2301.0,1757.0,0.0,379.0,379.0,1231.0,526.0,1613.0,688.0
0.0,6649.0,2393.0,1778.0,0.0,2856.0,2856.0,1245.0,533.0,1665.0,728.0
0.0,4256.0,1877.0,1792.0,379.0,4410.0,4410.0,1254.0,538.0,1303.0,574.0
0.0,2758.0,1285.0,1785.0,2856.0,2811.0,2811.0,1249.0,536.0,896.0,389.0
0.0,4329.0,1210.0,1763.0,4410.0,0.0,0.0,1234.0,529.0,854.0,356.0
0.0,7529.0,1730.0,1751.0,2811.0,0.0,0.0,1226.0,525.0,1223.0,507.0
0.0,8610.0,2324.0,1762.0,0.0,762.0,762.0,1234.0,528.0,1630.0,694.0
0.0,6286.0,2324.0,1785.0,0.0,3178.0,3178.0,1250.0,535.0,1618.0,706.0
0.0,3962.0,1823.0,1798.0,762.0,4291.0,4291.0,1258.0,540.0,1265.0,558.0
0.0,2901.0,1322.0,1791.0,3178.0,2407.0,2407.0,1253.0,538.0,924.0,398.0
0.0,4757.0,1313.0,1771.0,4291.0,0.0,0.0,1239.0,532.0,927.0,386.0
0.0,7735.0,1828.0,1760.0,2407.0,0.0,0.0,1232.0,528.0,1290.0,538.0
0.0,8314.0,2257.0,1768.0,0.0,1015.0,1015.0,1238.0,530.0,1581.0,676.0
0.0,6057.0,2295.0,1788.0,0.0,3390.0,3390.0,1252.0,536.0,1598.0,697.0
0.0,3762.0,1873.0,1802.0,1015.0,4304.0,4304.0,1261.0,541.0,1300.0,573.0
0.0,2904.0,1367.0,1795.0,3390.0,2253.0,2253.0,1256.0,539.0,954.0,413.0
0.0,4927.0,1299.0,1776.0,4304.0,0.0,0.0,1243.0,533.0,919.0,380.0
0.0,7932.0,1753.0,1765.0,2253.0,0.0,0.0,1236.0,529.0,1241.0,512.0
0.0,8432.0,2250.0,1772.0,0.0,906.0,906.0,1241.0,531.0,1579.0,671.0
0.0,6182.0,2344.0,1794.0,0.0,3338.0,3338.0,1256.0,538.0,1629.0,715.0
0.0,3838.0,1903.0,1806.0,906.0,4383.0,4383.0,1264.0,542.0,1316.0,587.0
0.0,2841.0,1338.0,1797.0,3338.0,2347.0,2347.0,1257.0,540.0,934.0,404.0
0.0,4841.0,1277.0,1775.0,4383.0,0.0,0.0,1242.0,533.0,906.0,371.0
0.0,7947.0,1701.0,1763.0,2347.0,0.0,0.0,1234.0,529.0,1204.0,497.0
0.0,8593.0,2204.0,1772.0,0.0,699.0,699.0,1241.0,531.0,1544.0,660.0
0.0,6389.0,2338.0,1794.0,0.0,3125.0,3125.0,1256.0,538.0,1626.0,712.0
0.0,4051.0,1940.0,1808.0,699.0,4422.0,4422.0,1265.0,543.0,1346.0,594.0
0.0,2810.0,1411.0,1799.0,3125.0,2672.0,2672.0,1259.0,540.0,987.0,424.0
0.0,4524.0,1279.0,1780.0,4422.0,0.0,0.0,1246.0,534.0,905.0,374.0
0.0,7667.0,1658.0,1769.0,2672.0,0.0,0.0,1238.0,531.0,1171.0,487.0
0.0,8681.0,2122.0,1776.0,0.0,545.0,545.0,1244.0,532.0,1485.0,637.0
0.0,6559.0,2310.0,1796.0,0.0,2935.0,2935.0,1257.0,539.0,1607.0,703.0
0.0,4249.0,2012.0,1809.0,545.0,4454.0,4454.0,1266.0,543.0,1400.0,612.0
0.0,2782.0,1458.0,1802.0,2935.0,2949.0,2949.0,1261.0,541.0,1021.0,437.0
0.0,4259.0,1314.0,1782.0,4454.0,0.0,0.0,1247.0,535.0,930.0,384.0
0.0,7399.0,1700.0,1771.0,2949.0,0.0,0.0,1240.0,531.0,1198.0,502.0
0.0,8648.0,2164.0,1780.0,0.0,636.0,636.0,1246.0,534.0,1514.0,650.0
0.0,6484.0,2248.0,1800.0,0.0,2964.0,2964.0,1260.0,540.0,1563.0,685.0
0.0,4236.0,1877.0,1813.0,636.0,4257.0,4257.0,1269.0,544.0,1305.0,572.0
0.0,2995.0,1427.0,1808.0,2964.0,2700.0,2700.0,1265.0,543.0,1002.0,425.0
0.0,4532.0,1303.0,1786.0,4257.0,0.0,0.0,1250.0,536.0,923.0,380.0
0.0,7486.0,1649.0,1771.0,2700.0,0.0,0.0,1240.0,531.0,1162.0,487.0
0.0,8537.0,2085.0,1777.0,0.0,656.0,656.0,1244.0,533.0,1456.0,629.0
0.0,6452.0,2250.0,1797.0,0.0,2986.0,2986.0,1258.0,539.0,1564.0,686.0
0.0,4202.0,1897.0,1813.0,656.0,4291.0,4291.0,1269.0,544.0,1322.0,575.0
0.0,2961.0,1435.0,1811.0,2986.0,2732.0,2732.0,1267.0,544.0,1008.0,427.0
0.0,4512.0,1364.0,1793.0,4291.0,0.0,0.0,1255.0,538.0,964.0,400.0
0.0,7439.0,1761.0,1780.0,2732.0,0.0,0.0,1246.0,534.0,1237.0,524.0
0.0,8410.0,2176.0,1784.0,0.0,902.0,902.0,1249.0,535.0,1518.0,658.0
0.0,6234.0,2213.0,1803.0,0.0,3191.0,3191.0,1262.0,541.0,1541.0,672.0
0.0,4021.0,1866.0,1817.0,902.0,4211.0,4211.0,1272.0,545.0,1303.0,563.0
0.0,3057.0,1497.0,1815.0,3191.0,2509.0,2509.0,1270.0,545.0,1054.0,443.0
0.0,4751.0,1478.0,1799.0,4211.0,0.0,0.0,1259.0,540.0,1042.0,436.0
0.0,7484.0,1832.0,1787.0,2509.0,0.0,0.0,1251.0,536.0,1286.0,546.0
0.0,8161.0,2142.0,1793.0,0.0,1153.0,1153.0,1255.0,538.0,1496.0,646.0
0.0,6019.0,2114.0,1808.0,0.0,3327.0,3327.0,1266.0,542.0,1473.0,641.0
0.0,3905.0,1837.0,1820.0,1153.0,4059.0,4059.0,1274.0,546.0,1281.0,556.0
0.0,3221.0,1503.0,1816.0,3327.0,2219.0,2219.0,1271.0,545.0,1053.0,450.0
0.0,5045.0,1462.0,1800.0,4059.0,0.0,0.0,1260.0,540.0,1029.0,433.0
0.0,7642.0,1897.0,1792.0,2219.0,0.0,0.0,1254.0,538.0,1333.0,564.0
0.0,7964.0,2245.0,1800.0,0.0,1481.0,1481.0,1260.0,540.0,1571.0,674.0
0.0,5719.0,2120.0,1815.0,0.0,3661.0,3661.0,1271.0,544.0,1480.0,640.0
0.0,3599.0,1719.0,1823.0,1481.0,3931.0,3931.0,1276.0,547.0,1198.0,521.0
0.0,3361.0,1425.0,1815.0,3661.0,1663.0,1663.0,1270.0,545.0,996.0,429.0
0.0,5597.0,1589.0,1802.0,3931.0,0.0,0.0,1261.0,541.0,1117.0,472.0
0.0,7939.0,2007.0,1797.0,1663.0,0.0,0.0,1258.0,539.0,1411.0,596.0
0.0,7595.0,2195.0,1803.0,0.0,1812.0,1812.0,1262.0,541.0,1537.0,658.0
0.0,5400.0,2031.0,1816.0,0.0,3895.0,3895.0,1271.0,545.0,1417.0,614.0
0.0,3369.0,1745.0,1824.0,1812.0,3860.0,3860.0,1277.0,547.0,1215.0,530.0
0.0,3436.0,1552.0,1821.0,3895.0,1505.0,1505.0,1274.0,547.0,1086.0,466.0
0.0,5779.0,1701.0,1810.0,3860.0,0.0,0.0,1267.0,543.0,1198.0,503.0
0.0,7938.0,2027.0,1804.0,1505.0,0.0,0.0,1263.0,541.0,1424.0,603.0
0.0,7416.0,2221.0,1810.0,0.0,2045.0,2045.0,1267.0,543.0,1555.0,666.0
0.0,5195.0,2041.0,1824.0,0.0,4142.0,4142.0,1277.0,547.0,1424.0,617.0
0.0,3154.0,1669.0,1831.0,2045.0,3794.0,3794.0,1282.0,549.0,1160.0,509.0
0.0,3530.0,1462.0,1826.0,4142.0,1094.0,1094.0,1278.0,548.0,1021.0,441.0
0.0,6210.0,1617.0,1815.0,3794.0,0.0,0.0,1270.0,545.0,1139.0,478.0
0.0,8387.0,1977.0,1808.0,1094.0,0.0,0.0,1266.0,542.0,1393.0,584.0
0.0,7504.0,2171.0,1812.0,0.0,1915.0,1915.0,1269.0,543.0,1522.0,649.0
0.0,5333.0,2028.0,1824.0,0.0,3991.0,3991.0,1277.0,547.0,1413.0,615.0
0.0,3305.0,1666.0,1832.0,1915.0,3774.0,3774.0,1282.0,550.0,1157.0,509.0
0.0,3554.0,1499.0,1829.0,3991.0,1270.0,1270.0,1280.0,549.0,1045.0,454.0
0.0,6046.0,1694.0,1820.0,3774.0,0.0,0.0,1274.0,546.0,1193.0,501.0
0.0,8126.0,2081.0,1816.0,1270.0,0.0,0.0,1271.0,545.0,1465.0,616.0
0.0,7315.0,2220.0,1820.0,0.0,2185.0,2185.0,1274.0,546.0,1555.0,665.0
0.0,5095.0,2006.0,1831.0,0.0,4235.0,4235.0,1282.0,549.0,1399.0,607.0
0.0,3089.0,1571.0,1836.0,2185.0,3641.0,3641.0,1285.0,551.0,1092.0,479.0
0.0,3703.0,1431.0,1831.0,4235.0,817.0,817.0,1281.0,550.0,999.0,432.0
0.0,6507.0,1695.0,1822.0,3641.0,0.0,0.0,1275.0,547.0,1193.0,502.0
0.0,8453.0,2052.0,1818.0,817.0,54.0,54.0,1273.0,545.0,1446.0,606.0
0.0,7218.0,2206.0,1824.0,0.0,2284.0,2284.0,1277.0,547.0,1546.0,660.0
0.0,5012.0,1984.0,1834.0,54.0,4254.0,4254.0,1284.0,550.0,1381.0,603.0
0.0,3082.0,1649.0,1842.0,2284.0,3651.0,3651.0,1289.0,553.0,1146.0,503.0
0.0,3717.0,1590.0,1840.0,4254.0,979.0,979.0,1288.0,552.0,1112.0,478.0
0.0,6381.0,1786.0,1835.0,3651.0,0.0,0.0,1284.0,551.0,1257.0,529.0
0.0,8246.0,2035.0,1830.0,979.0,130.0,130.0,1281.0,549.0,1432.0,603.0
0.0,7190.0,2079.0,1834.0,0.0,2225.0,2225.0,1284.0,550.0,1457.0,622.0
0.0,5111.0,1878.0,1843.0,130.0,4009.0,4009.0,1290.0,553.0,1307.0,571.0
0.0,3363.0,1677.0,1849.0,2225.0,3485.0,3485.0,1294.0,555.0,1166.0,511.0
0.0,3911.0,1700.0,1847.0,4009.0,1168.0,1168.0,1293.0,554.0,1191.0,509.0
0.0,6220.0,1846.0,1841.0,3485.0,0.0,0.0,1289.0,552.0,1298.0,548.0
0.0,7859.0,2047.0,1838.0,1168.0,372.0,372.0,1287.0,551.0,1439.0,608.0
0.0,6980.0,2067.0,1841.0,0.0,2451.0,2451.0,1289.0,552.0,1448.0,619.0
0.0,4913.0,1833.0,1848.0,372.0,3940.0,3940.0,1294.0,554.0,1278.0,555.0
0.0,3452.0,1649.0,1852.0,2451.0,3154.0,3154.0,1296.0,556.0,1145.0,504.0
0.0,4254.0,1679.0,1848.0,3940.0,877.0,877.0,1293.0,555.0,1171.0,508.0
0.0,6515.0,1863.0,1843.0,3154.0,0.0,0.0,1290.0,553.0,1310.0,553.0
0.0,7806.0,1997.0,1841.0,877.0,678.0,678.0,1289.0,552.0,1408.0,589.0
0.0,6686.0,1970.0,1844.0,0.0,2660.0,2660.0,1291.0,553.0,1383.0,587.0
0.0,4716.0,1897.0,1851.0,678.0,3907.0,3907.0,1296.0,555.0,1320.0,577.0
0.0,3497.0,1794.0,1857.0,2660.0,3065.0,3065.0,1300.0,557.0,1245.0,549.0
0.0,4363.0,1742.0,1855.0,3907.0,892.0,892.0,1298.0,557.0,1215.0,527.0
0.0,6528.0,1828.0,1846.0,3065.0,0.0,0.0,1292.0,554.0,1287.0,541.0
0.0,7765.0,1942.0,1843.0,892.0,657.0,657.0,1290.0,553.0,1372.0,570.0
0.0,6715.0,1993.0,1848.0,0.0,2670.0,2670.0,1294.0,554.0,1399.0,594.0
0.0,4722.0,1915.0,1857.0,657.0,3964.0,3964.0,1300.0,557.0,1332.0,583.0
0.0,3464.0,1765.0,1861.0,2670.0,3075.0,3075.0,1302.0,559.0,1223.0,542.0
0.0,4369.0,1709.0,1855.0,3964.0,796.0,796.0,1298.0,557.0,1192.0,517.0
0.0,6624.0,1811.0,1848.0,3075.0,0.0,0.0,1293.0,555.0,1277.0,534.0
0.0,7888.0,1952.0,1847.0,796.0,656.0,656.0,1293.0,554.0,1380.0,572.0
0.0,6732.0,2007.0,1851.0,0.0,2679.0,2679.0,1296.0,555.0,1409.0,598.0
0.0,4725.0,1867.0,1857.0,656.0,3914.0,3914.0,1300.0,557.0,1296.0,571.0
0.0,3514.0,1750.0,1859.0,2679.0,2993.0,2993.0,1301.0,558.0,1210.0,540.0
0.0,4443.0,1767.0,1853.0,3914.0,822.0,822.0,1297.0,556.0,1234.0,533.0
0.0,6590.0,1913.0,1847.0,2993.0,0.0,0.0,1293.0,554.0,1351.0,562.0
0.0,7670.0,2010.0,1847.0,822.0,906.0,906.0,1293.0,554.0,1422.0,588.0
0.0,6482.0,2024.0,1854.0,0.0,2958.0,2958.0,1298.0,556.0,1418.0,606.0
0.0,4458.0,1914.0,1863.0,906.0,4002.0,4002.0,1304.0,559.0,1327.0,587.0
0.0,3450.0,1702.0,1864.0,2958.0,2750.0,2750.0,1304.0,560.0,1177.0,525.0
0.0,4706.0,1687.0,1858.0,4002.0,411.0,411.0,1300.0,558.0,1180.0,507.0
0.0,7021.0,1870.0,1853.0,2750.0,0.0,0.0,1297.0,556.0,1321.0,549.0
0.0,7901.0,2067.0,1853.0,411.0,1167.0,1167.0,1297.0,556.0,1460.0,607.0
0.0,6245.0,2037.0,1861.0,0.0,3236.0,3236.0,1303.0,558.0,1428.0,609.0
0.0,4208.0,1830.0,1867.0,1167.0,3923.0,3923.0,1307.0,560.0,1270.0,560.0
0.0,3545.0,1680.0,1866.0,3236.0,2363.0,2363.0,1306.0,560.0,1163.0,517.0
0.0,5101.0,1690.0,1859.0,3923.0,102.0,102.0,1301.0,558.0,1181.0,509.0
0.0,7334.0,1856.0,1852.0,2363.0,0.0,0.0,1296.0,556.0,1310.0,546.0
0.0,7841.0,2053.0,1853.0,102.0,1522.0,1522.0,1297.0,556.0,1450.0,603.0
0.0,5890.0,2061.0,1862.0,0.0,3619.0,3619.0,1304.0,558.0,1443.0,618.0
0.0,3829.0,1891.0,1871.0,1522.0,4024.0,4024.0,1310.0,561.0,1311.0,580.0
0.0,3460.0,1714.0,1872.0,3619.0,2123.0,2123.0,1310.0,562.0,1188.0,526.0
0.0,5365.0,1720.0,1865.0,4024.0,0.0,0.0,1305.0,560.0,1203.0,517.0
0.0,7669.0,1835.0,1858.0,2123.0,0.0,0.0,1300.0,558.0,1295.0,540.0
0.0,7957.0,1956.0,1857.0,0.0,1427.0,1427.0,1300.0,557.0,1381.0,575.0
0.0,6001.0,1984.0,1864.0,0.0,3439.0,3439.0,1305.0,559.0,1390.0,594.0
0.0,4017.0,1888.0,1870.0,1427.0,3924.0,3924.0,1309.0,561.0,1314.0,574.0
0.0,3556.0,1791.0,1870.0,3439.0,2276.0,2276.0,1309.0,561.0,1242.0,549.0
0.0,5204.0,1702.0,1863.0,3924.0,26.0,26.0,1304.0,559.0,1190.0,512.0
0.0,7426.0,1779.0,1858.0,2276.0,0.0,0.0,1300.0,558.0,1253.0,526.0
0.0,7923.0,1944.0,1859.0,26.0,1431.0,1431.0,1301.0,558.0,1371.0,573.0
0.0,6005.0,2031.0,1866.0,0.0,3490.0,3490.0,1306.0,560.0,1424.0,607.0
0.0,3974.0,1935.0,1870.0,1431.0,4010.0,4010.0,1309.0,561.0,1345.0,590.0
0.0,3470.0,1795.0,1869.0,3490.0,2311.0,2311.0,1308.0,561.0,1246.0,549.0
0.0,5165.0,1708.0,1862.0,4010.0,0.0,0.0,1303.0,559.0,1193.0,515.0
0.0,7467.0,1776.0,1857.0,2311.0,0.0,0.0,1300.0,557.0,1251.0,525.0
0.0,8002.0,1943.0,1860.0,0.0,1381.0,1381.0,1302.0,558.0,1372.0,571.0
0.0,6059.0,2034.0,1867.0,0.0,3443.0,3443.0,1307.0,560.0,1428.0,606.0
0.0,4025.0,2021.0,1874.0,1381.0,4111.0,4111.0,1312.0,562.0,1408.0,613.0
0.0,3385.0,1884.0,1873.0,3443.0,2548.0,2548.0,1311.0,562.0,1306.0,578.0
0.0,4944.0,1756.0,1869.0,4111.0,177.0,177.0,1308.0,561.0,1224.0,532.0
0.0,7299.0,1741.0,1865.0,2548.0,0.0,0.0,1305.0,560.0,1226.0,515.0
0.0,8106.0,1831.0,1863.0,177.0,1000.0,1000.0,1304.0,559.0,1293.0,538.0
0.0,6452.0,1961.0,1867.0,0.0,2977.0,2977.0,1307.0,560.0,1377.0,584.0
0.0,4491.0,2084.0,1873.0,1000.0,4085.0,4085.0,1311.0,562.0,1451.0,633.0
0.0,3407.0,2027.0,1877.0,2977.0,3151.0,3151.0,1314.0,563.0,1407.0,620.0
0.0,4357.0,1857.0,1875.0,4085.0,915.0,915.0,1312.0,563.0,1297.0,560.0
0.0,6585.0,1714.0,1870.0,3151.0,0.0,0.0,1309.0,561.0,1209.0,505.0
0.0,8022.0,1726.0,1866.0,915.0,253.0,253.0,1306.0,560.0,1220.0,506.0
0.0,7211.0,1920.0,1869.0,0.0,2185.0,2185.0,1309.0,560.0,1348.0,572.0
0.0,5291.0,2041.0,1875.0,253.0,3997.0,3997.0,1313.0,562.0,1421.0,620.0
0.0,3503.0,2029.0,1880.0,2185.0,3861.0,3861.0,1316.0,564.0,1406.0,623.0
0.0,3659.0,1915.0,1879.0,3997.0,1775.0,1775.0,1315.0,564.0,1335.0,580.0
0.0,5741.0,1845.0,1876.0,3861.0,0.0,0.0,1313.0,563.0,1299.0,546.0
0.0,7757.0,1871.0,1876.0,1775.0,0.0,0.0,1313.0,563.0,1325.0,546.0
0.0,7661.0,1898.0,1879.0,0.0,1753.0,1753.0,1316.0,563.0,1336.0,562.0
0.0,5763.0,1928.0,1882.0,0.0,3693.0,3693.0,1318.0,564.0,1342.0,586.0
0.0,3835.0,1873.0,1882.0,1753.0,3813.0,3813.0,1317.0,565.0,1295.0,578.0
0.0,3715.0,1827.0,1878.0,3693.0,1931.0,1931.0,1314.0,564.0,1272.0,555.0
0.0,5581.0,1882.0,1875.0,3813.0,0.0,0.0,1312.0,563.0,1327.0,555.0
0.0,7512.0,1974.0,1877.0,1931.0,39.0,39.0,1314.0,563.0,1398.0,576.0
0.0,7469.0,1996.0,1882.0,0.0,2055.0,2055.0,1318.0,564.0,1402.0,594.0
0.0,5473.0,1912.0,1887.0,39.0,3948.0,3948.0,1321.0,566.0,1327.0,585.0
0.0,3600.0,1833.0,1886.0,2055.0,3722.0,3722.0,1320.0,566.0,1268.0,565.0
0.0,3822.0,1860.0,1882.0,3948.0,1618.0,1618.0,1317.0,565.0,1298.0,562.0
0.0,5910.0,1961.0,1880.0,3722.0,0.0,0.0,1316.0,564.0,1382.0,579.0
0.0,7671.0,2025.0,1884.0,1618.0,272.0,272.0,1319.0,565.0,1432.0,593.0
0.0,7264.0,1943.0,1889.0,0.0,2235.0,2235.0,1323.0,566.0,1365.0,578.0
0.0,5321.0,1829.0,1891.0,272.0,3800.0,3800.0,1324.0,567.0,1272.0,557.0
0.0,3764.0,1780.0,1890.0,2235.0,3341.0,3341.0,1323.0,567.0,1231.0,549.0
0.0,4219.0,1803.0,1885.0,3800.0,1324.0,1324.0,1319.0,566.0,1257.0,546.0
0.0,6216.0,1972.0,1883.0,3341.0,0.0,0.0,1318.0,565.0,1389.0,583.0
0.0,7585.0,2084.0,1887.0,1324.0,723.0,723.0,1321.0,566.0,1474.0,610.0
0.0,6825.0,2105.0,1895.0,0.0,2860.0,2860.0,1327.0,568.0,1478.0,627.0
0.0,4720.0,1929.0,1898.0,723.0,4078.0,4078.0,1329.0,569.0,1340.0,589.0
0.0,3514.0,1708.0,1896.0,2860.0,2918.0,2918.0,1327.0,569.0,1182.0,526.0
0.0,4666.0,1719.0,1892.0,4078.0,543.0,543.0,1324.0,568.0,1198.0,521.0
0.0,7025.0,1962.0,1892.0,2918.0,0.0,0.0,1324.0,568.0,1383.0,579.0
0.0,7981.0,2164.0,1897.0,543.0,1228.0,1228.0,1328.0,569.0,1531.0,633.0
0.0,6360.0,2146.0,1904.0,0.0,3402.0,3402.0,1333.0,571.0,1507.0,639.0
0.0,4214.0,1870.0,1907.0,1228.0,4056.0,4056.0,1335.0,572.0,1299.0,571.0
0.0,3572.0,1600.0,1903.0,3402.0,2238.0,2238.0,1332.0,571.0,1105.0,495.0
0.0,5374.0,1712.0,1899.0,4056.0,0.0,0.0,1329.0,570.0,1193.0,519.0
0.0,7718.0,2022.0,1899.0,2238.0,0.0,0.0,1329.0,570.0,1425.0,597.0
0.0,7934.0,2235.0,1904.0,0.0,1917.0,1917.0,1333.0,571.0,1581.0,654.0
0.0,5699.0,2084.0,1910.0,0.0,4025.0,4025.0,1338.0,572.0,1466.0,618.0
0.0,3615.0,1690.0,1909.0,1917.0,3794.0,3794.0,1337.0,572.0,1174.0,516.0
0.0,3842.0,1549.0,1906.0,4025.0,1306.0,1306.0,1334.0,572.0,1066.0,483.0
0.0,6318.0,1753.0,1902.0,3794.0,0.0,0.0,1331.0,571.0,1218.0,535.0
0.0,8359.0,2140.0,1904.0,1306.0,91.0,91.0,1332.0,572.0,1508.0,632.0
0.0,7525.0,2279.0,1909.0,0.0,2390.0,2390.0,1336.0,573.0,1613.0,666.0
0.0,5246.0,2057.0,1912.0,91.0,4368.0,4368.0,1339.0,573.0,1449.0,608.0
0.0,3280.0,1645.0,1910.0,2390.0,3615.0,3615.0,1337.0,573.0,1143.0,502.0
0.0,4025.0,1510.0,1906.0,4368.0,741.0,741.0,1334.0,572.0,1039.0,471.0
0.0,6883.0,1876.0,1906.0,3615.0,0.0,0.0,1334.0,572.0,1303.0,573.0
0.0,8622.0,2244.0,1912.0,741.0,529.0,529.0,1338.0,574.0,1579.0,665.0
0.0,7119.0,2330.0,1917.0,0.0,2879.0,2879.0,1342.0,575.0,1651.0,679.0
0.0,4789.0,2030.0,1916.0,529.0,4376.0,4376.0,1342.0,574.0,1430.0,600.0
0.0,3288.0,1570.0,1911.0,2879.0,3047.0,3047.0,1338.0,573.0,1091.0,479.0
0.0,4597.0,1457.0,1906.0,4376.0,108.0,108.0,1334.0,572.0,1000.0,457.0
0.0,7516.0,1858.0,1908.0,3047.0,0.0,0.0,1335.0,573.0,1290.0,568.0
0.0,8705.0,2359.0,1917.0,108.0,1214.0,1214.0,1341.0,576.0,1662.0,697.0
0.0,6454.0,2476.0,1925.0,0.0,3722.0,3722.0,1348.0,577.0,1754.0,722.0
0.0,3978.0,2061.0,1926.0,1214.0,4573.0,4573.0,1349.0,577.0,1453.0,608.0
0.0,3131.0,1532.0,1919.0,3722.0,2355.0,2355.0,1344.0,575.0,1062.0,470.0
0.0,5321.0,1381.0,1910.0,4573.0,0.0,0.0,1337.0,573.0,946.0,435.0
0.0,8513.0,1751.0,1908.0,2355.0,0.0,0.0,1335.0,573.0,1214.0,537.0
0.0,9117.0,2358.0,1916.0,0.0,905.0,905.0,1341.0,575.0,1659.0,699.0
0.0,6759.0,2599.0,1929.0,0.0,3556.0,3556.0,1350.0,579.0,1841.0,758.0
0.0,4160.0,2202.0,1935.0,905.0,4877.0,4877.0,1355.0,580.0,1553.0,649.0
0.0,2863.0,1533.0,1929.0,3556.0,2830.0,2830.0,1351.0,578.0,1064.0,469.0
0.0,4886.0,1233.0,1917.0,4877.0,0.0,0.0,1342.0,575.0,842.0,391.0
0.0,8530.0,1659.0,1911.0,2830.0,0.0,0.0,1337.0,574.0,1149.0,510.0
0.0,9701.0,2414.0,1919.0,0.0,389.0,389.0,1343.0,576.0,1697.0,717.0
0.0,7287.0,2702.0,1934.0,0.0,3151.0,3151.0,1354.0,580.0,1912.0,790.0
0.0,4585.0,2244.0,1942.0,389.0,5038.0,5038.0,1360.0,582.0,1585.0,659.0
0.0,2730.0,1531.0,1936.0,3151.0,3394.0,3394.0,1356.0,580.0,1065.0,466.0
0.0,4350.0,1247.0,1923.0,5038.0,0.0,0.0,1346.0,577.0,850.0,397.0
0.0,8141.0,1668.0,1915.0,3394.0,0.0,0.0,1340.0,575.0,1151.0,517.0
0.0,9867.0,2355.0,1924.0,0.0,184.0,184.0,1346.0,578.0,1656.0,699.0
0.0,7512.0,2652.0,1940.0,0.0,2900.0,2900.0,1358.0,582.0,1882.0,770.0
0.0,4860.0,2162.0,1946.0,184.0,4902.0,4902.0,1363.0,583.0,1530.0,632.0
0.0,2882.0,1489.0,1941.0,2900.0,3471.0,3471.0,1359.0,582.0,1033.0,456.0
0.0,4293.0,1237.0,1926.0,4902.0,0.0,0.0,1348.0,578.0,839.0,398.0
0.0,7958.0,1741.0,1920.0,3471.0,0.0,0.0,1343.0,577.0,1202.0,539.0
0.0,9688.0,2480.0,1927.0,0.0,500.0,500.0,1348.0,579.0,1746.0,734.0
0.0,7208.0,2714.0,1943.0,0.0,3278.0,3278.0,1360.0,583.0,1925.0,789.0
0.0,4494.0,2192.0,1952.0,500.0,5006.0,5006.0,1367.0,585.0,1551.0,641.0
0.0,2802.0,1384.0,1945.0,3278.0,3084.0,3084.0,1362.0,583.0,960.0,424.0
0.0,4696.0,1135.0,1929.0,5006.0,0.0,0.0,1350.0,579.0,769.0,366.0
0.0,8567.0,1712.0,1921.0,3084.0,0.0,0.0,1344.0,577.0,1182.0,530.0
0.0,9939.0,2514.0,1928.0,0.0,287.0,287.0,1349.0,579.0,1769.0,745.0
0.0,7425.0,2735.0,1944.0,0.0,3086.0,3086.0,1361.0,583.0,1941.0,794.0
0.0,4690.0,2176.0,1955.0,287.0,5019.0,5019.0,1369.0,586.0,1539.0,637.0
0.0,2801.0,1355.0,1948.0,3086.0,3260.0,3260.0,1364.0,584.0,939.0,416.0
0.0,4532.0,1166.0,1932.0,5019.0,0.0,0.0,1352.0,580.0,789.0,377.0
0.0,8385.0,1756.0,1923.0,3260.0,0.0,0.0,1345.0,578.0,1211.0,545.0
0.0,9889.0,2533.0,1931.0,0.0,368.0,368.0,1351.0,580.0,1783.0,750.0
0.0,7356.0,2695.0,1950.0,0.0,3139.0,3139.0,1365.0,585.0,1913.0,782.0
0.0,4661.0,2155.0,1962.0,368.0,4974.0,4974.0,1374.0,588.0,1526.0,629.0
0.0,2874.0,1350.0,1955.0,3139.0,3157.0,3157.0,1369.0,586.0,936.0,414.0
0.0,4663.0,1123.0,1935.0,4974.0,0.0,0.0,1354.0,581.0,760.0,363.0
0.0,8514.0,1748.0,1925.0,3157.0,0.0,0.0,1347.0,578.0,1208.0,540.0
0.0,9923.0,2559.0,1934.0,0.0,372.0,372.0,1353.0,581.0,1799.0,760.0
0.0,7364.0,2813.0,1957.0,0.0,3277.0,3277.0,1370.0,587.0,1995.0,818.0
0.0,4551.0,2241.0,1971.0,372.0,5202.0,5202.0,1380.0,591.0,1585.0,656.0
0.0,2682.0,1449.0,1962.0,3277.0,3338.0,3338.0,1374.0,588.0,1005.0,444.0
0.0,4510.0,1112.0,1941.0,5202.0,0.0,0.0,1359.0,582.0,753.0,359.0
0.0,8600.0,1648.0,1928.0,3338.0,0.0,0.0,1349.0,579.0,1139.0,509.0
0.0,10290.0,2473.0,1937.0,0.0,0.0,0.0,1355.0,582.0,1742.0,731.0
0.0,7817.0,2728.0,1959.0,0.0,2747.0,2747.0,1371.0,588.0,1935.0,793.0
0.0,5089.0,2222.0,1973.0,0.0,5025.0,5025.0,1382.0,591.0,1571.0,651.0
0.0,2867.0,1514.0,1966.0,2747.0,3764.0,3764.0,1377.0,589.0,1047.0,467.0
0.0,4100.0,1228.0,1945.0,5025.0,0.0,0.0,1361.0,584.0,831.0,397.0
0.0,7897.0,1665.0,1930.0,3764.0,0.0,0.0,1350.0,580.0,1150.0,515.0
0.0,9996.0,2455.0,1937.0,0.0,207.0,207.0,1355.0,582.0,1733.0,722.0
0.0,7541.0,2766.0,1960.0,0.0,3065.0,3065.0,1372.0,588.0,1966.0,800.0
0.0,4775.0,2314.0,1979.0,207.0,5248.0,5248.0,1386.0,593.0,1633.0,681.0
0.0,2668.0,1545.0,1975.0,3065.0,3712.0,3712.0,1383.0,592.0,1066.0,479.0
0.0,4188.0,1160.0,1952.0,5248.0,0.0,0.0,1366.0,586.0,783.0,377.0
0.0,8276.0,1599.0,1933.0,3712.0,0.0,0.0,1352.0,581.0,1106.0,493.0
0.0,10389.0,2378.0,1935.0,0.0,0.0,0.0,1354.0,581.0,1680.0,698.0
0.0,8011.0,2686.0,1958.0,0.0,2507.0,2507.0,1371.0,587.0,1908.0,778.0
0.0,5325.0,2295.0,1978.0,0.0,4882.0,4882.0,1385.0,593.0,1620.0,675.0
0.0,3030.0,1620.0,1978.0,2507.0,3995.0,3995.0,1385.0,593.0,1121.0,499.0
0.0,3917.0,1312.0,1956.0,4882.0,337.0,337.0,1369.0,587.0,892.0,420.0
0.0,7487.0,1759.0,1938.0,3995.0,0.0,0.0,1356.0,582.0,1217.0,542.0
0.0,9723.0,2463.0,1942.0,337.0,171.0,171.0,1359.0,583.0,1737.0,726.0
0.0,7597.0,2745.0,1966.0,0.0,3012.0,3012.0,1376.0,590.0,1946.0,799.0
0.0,4852.0,2292.0,1986.0,171.0,5213.0,5213.0,1391.0,595.0,1617.0,675.0
0.0,2731.0,1486.0,1982.0,3012.0,3671.0,3671.0,1388.0,594.0,1028.0,458.0
0.0,4257.0,1214.0,1960.0,5213.0,0.0,0.0,1372.0,588.0,826.0,388.0
0.0,8256.0,1705.0,1942.0,3671.0,0.0,0.0,1359.0,583.0,1179.0,526.0
0.0,10222.0,2506.0,1948.0,0.0,76.0,76.0,1363.0,585.0,1766.0,740.0
0.0,7716.0,2812.0,1974.0,0.0,2992.0,2992.0,1382.0,592.0,1992.0,820.0
0.0,4904.0,2249.0,1994.0,76.0,5245.0,5245.0,1396.0,598.0,1587.0,662.0
0.0,2731.0,1436.0,1988.0,2992.0,3665.0,3665.0,1392.0,596.0,994.0,442.0
0.0,4287.0,1150.0,1963.0,5245.0,0.0,0.0,1374.0,589.0,781.0,369.0
0.0,8382.0,1663.0,1942.0,3665.0,0.0,0.0,1359.0,583.0,1151.0,512.0
0.0,10384.0,2490.0,1948.0,0.0,0.0,0.0,1363.0,585.0,1754.0,736.0
0.0,7894.0,2827.0,1976.0,0.0,2837.0,2837.0,1383.0,593.0,2004.0,823.0
0.0,5067.0,2342.0,1999.0,0.0,5271.0,5271.0,1400.0,599.0,1652.0,690.0
0.0,2725.0,1504.0,1995.0,2837.0,3922.0,3922.0,1397.0,598.0,1040.0,464.0
0.0,4058.0,1128.0,1968.0,5271.0,0.0,0.0,1378.0,590.0,764.0,364.0
0.0,8201.0,1574.0,1946.0,3922.0,0.0,0.0,1361.0,585.0,1090.0,484.0
0.0,10549.0,2477.0,1951.0,0.0,0.0,0.0,1365.0,586.0,1749.0,728.0
0.0,8072.0,2905.0,1982.0,0.0,2761.0,2761.0,1387.0,595.0,2059.0,846.0
0.0,5167.0,2448.0,2006.0,0.0,5305.0,5305.0,1405.0,601.0,1724.0,724.0
0.0,2719.0,1533.0,2002.0,2761.0,4061.0,4061.0,1402.0,600.0,1059.0,474.0
0.0,3947.0,1029.0,1973.0,5305.0,0.0,0.0,1381.0,592.0,696.0,333.0
0.0,8223.0,1432.0,1948.0,4061.0,0.0,0.0,1363.0,585.0,992.0,440.0
0.0,10852.0,2346.0,1952.0,0.0,0.0,0.0,1366.0,586.0,1656.0,690.0
0.0,8506.0,2892.0,1982.0,0.0,2314.0,2314.0,1387.0,595.0,2047.0,845.0
0.0,5614.0,2539.0,2009.0,0.0,4961.0,4961.0,1407.0,602.0,1787.0,752.0
0.0,3075.0,1679.0,2008.0,2314.0,4322.0,4322.0,1406.0,602.0,1162.0,517.0
0.0,3710.0,1178.0,1981.0,4961.0,431.0,431.0,1387.0,594.0,801.0,377.0
0.0,7493.0,1442.0,1955.0,4322.0,0.0,0.0,1368.0,587.0,998.0,444.0
0.0,10373.0,2257.0,1955.0,431.0,0.0,0.0,1368.0,587.0,1592.0,665.0
0.0,8547.0,2724.0,1980.0,0.0,2097.0,2097.0,1386.0,594.0,1932.0,792.0
0.0,5823.0,2478.0,2006.0,0.0,4679.0,4679.0,1405.0,601.0,1746.0,732.0
0.0,3345.0,1808.0,2009.0,2097.0,4402.0,4402.0,1407.0,602.0,1253.0,555.0
0.0,3634.0,1286.0,1986.0,4679.0,917.0,917.0,1390.0,596.0,876.0,410.0
0.0,7027.0,1501.0,1963.0,4402.0,0.0,0.0,1373.0,590.0,1039.0,462.0
0.0,9928.0,2204.0,1963.0,917.0,0.0,0.0,1373.0,590.0,1555.0,649.0
0.0,8641.0,2708.0,1986.0,0.0,2011.0,2011.0,1390.0,596.0,1919.0,789.0
0.0,5933.0,2485.0,2009.0,0.0,4588.0,4588.0,1407.0,602.0,1752.0,733.0
0.0,3448.0,1838.0,2013.0,2011.0,4431.0,4431.0,1410.0,603.0,1274.0,564.0
0.0,3621.0,1345.0,1992.0,4588.0,1104.0,1104.0,1394.0,598.0,916.0,429.0
0.0,6864.0,1497.0,1967.0,4431.0,0.0,0.0,1376.0,591.0,1035.0,462.0
0.0,9798.0,2162.0,1964.0,1104.0,0.0,0.0,1374.0,590.0,1526.0,636.0
0.0,8740.0,2639.0,1985.0,0.0,1839.0,1839.0,1389.0,596.0,1873.0,766.0
0.0,6101.0,2484.0,2010.0,0.0,4423.0,4423.0,1408.0,602.0,1753.0,731.0
0.0,3617.0,1862.0,2016.0,1839.0,4470.0,4470.0,1412.0,604.0,1292.0,570.0
0.0,3594.0,1372.0,1996.0,4423.0,1339.0,1339.0,1397.0,599.0,933.0,439.0
0.0,6645.0,1562.0,1974.0,4470.0,0.0,0.0,1381.0,593.0,1080.0,482.0
0.0,9553.0,2200.0,1973.0,1339.0,0.0,0.0,1380.0,593.0,1551.0,649.0
0.0,8692.0,2601.0,1992.0,0.0,1877.0,1877.0,1394.0,598.0,1847.0,754.0
0.0,6091.0,2425.0,2013.0,0.0,4386.0,4386.0,1410.0,603.0,1711.0,714.0
0.0,3666.0,1793.0,2013.0,1877.0,4302.0,4302.0,1410.0,603.0,1244.0,549.0
0.0,3750.0,1395.0,1993.0,4386.0,1231.0,1231.0,1395.0,598.0,952.0,443.0
0.0,6741.0,1611.0,1971.0,4302.0,0.0,0.0,1379.0,592.0,1114.0,497.0
0.0,9432.0,2265.0,1971.0,1231.0,0.0,0.0,1379.0,592.0,1596.0,669.0
0.0,8398.0,2635.0,1993.0,0.0,2209.0,2209.0,1395.0,598.0,1870.0,765.0
0.0,5763.0,2428.0,2016.0,0.0,4729.0,4729.0,1412.0,604.0,1712.0,716.0
0.0,3335.0,1783.0,2018.0,2209.0,4311.0,4311.0,1413.0,605.0,1235.0,548.0
0.0,3761.0,1369.0,1996.0,4729.0,863.0,863.0,1397.0,599.0,934.0,435.0
0.0,7121.0,1603.0,1973.0,4311.0,0.0,0.0,1380.0,593.0,1111.0,492.0
0.0,9829.0,2258.0,1973.0,863.0,0.0,0.0,1380.0,593.0,1595.0,663.0
0.0,8434.0,2613.0,1996.0,0.0,2163.0,2163.0,1397.0,599.0,1853.0,760.0
0.0,5821.0,2443.0,2021.0,0.0,4706.0,4706.0,1415.0,606.0,1719.0,724.0
0.0,3378.0,1829.0,2024.0,2163.0,4384.0,4384.0,1417.0,607.0,1265.0,564.0
0.0,3712.0,1413.0,2003.0,4706.0,1007.0,1007.0,1402.0,601.0,966.0,447.0
0.0,7005.0,1631.0,1980.0,4384.0,0.0,0.0,1385.0,595.0,1132.0,499.0
0.0,9758.0,2144.0,1977.0,1007.0,0.0,0.0,1383.0,594.0,1516.0,628.0
0.0,8621.0,2483.0,1994.0,0.0,1838.0,1838.0,1396.0,598.0,1763.0,720.0
0.0,6138.0,2319.0,2018.0,0.0,4253.0,4253.0,1413.0,605.0,1633.0,686.0
0.0,3819.0,1880.0,2024.0,1838.0,4319.0,4319.0,1417.0,607.0,1299.0,581.0
0.0,3777.0,1565.0,2006.0,4253.0,1559.0,1559.0,1404.0,602.0,1069.0,496.0
0.0,6465.0,1655.0,1982.0,4319.0,0.0,0.0,1387.0,595.0,1151.0,504.0
0.0,9129.0,2126.0,1975.0,1559.0,0.0,0.0,1382.0,593.0,1508.0,618.0
0.0,8562.0,2472.0,1994.0,0.0,1886.0,1886.0,1396.0,598.0,1755.0,717.0
0.0,6090.0,2345.0,2019.0,0.0,4331.0,4331.0,1414.0,605.0,1646.0,699.0
0.0,3745.0,1876.0,2028.0,1886.0,4357.0,4357.0,1420.0,608.0,1294.0,582.0
0.0,3755.0,1555.0,2013.0,4331.0,1521.0,1521.0,1409.0,604.0,1063.0,492.0
0.0,6531.0,1716.0,1990.0,4357.0,0.0,0.0,1392.0,598.0,1196.0,520.0
0.0,9172.0,2161.0,1982.0,1521.0,0.0,0.0,1387.0,595.0,1533.0,628.0
0.0,8532.0,2469.0,1998.0,0.0,1929.0,1929.0,1399.0,599.0,1754.0,715.0
0.0,6063.0,2325.0,2020.0,0.0,4342.0,4342.0,1415.0,605.0,1633.0,692.0
0.0,3738.0,1819.0,2028.0,1929.0,4264.0,4264.0,1420.0,608.0,1253.0,566.0
0.0,3848.0,1531.0,2013.0,4342.0,1393.0,1393.0,1409.0,604.0,1047.0,484.0
0.0,6659.0,1727.0,1994.0,4264.0,0.0,0.0,1395.0,599.0,1203.0,524.0
0.0,9196.0,2255.0,1990.0,1393.0,0.0,0.0,1392.0,598.0,1598.0,657.0
0.0,8334.0,2591.0,2005.0,0.0,2277.0,2277.0,1404.0,601.0,1839.0,752.0
0.0,5743.0,2361.0,2026.0,0.0,4722.0,4722.0,1419.0,607.0,1657.0,704.0
0.0,3382.0,1816.0,2032.0,2277.0,4285.0,4285.0,1423.0,609.0,1250.0,566.0
0.0,3843.0,1461.0,2017.0,4722.0,964.0,964.0,1412.0,605.0,997.0,464.0
0.0,7104.0,1688.0,1998.0,4285.0,0.0,0.0,1398.0,600.0,1178.0,510.0
0.0,9701.0,2302.0,1994.0,964.0,0.0,0.0,1395.0,599.0,1632.0,670.0
0.0,8363.0,2665.0,2010.0,0.0,2342.0,2342.0,1407.0,603.0,1890.0,775.0
0.0,5698.0,2497.0,2032.0,0.0,4927.0,4927.0,1423.0,609.0,1754.0,743.0
0.0,3201.0,1872.0,2039.0,2342.0,4485.0,4485.0,1428.0,611.0,1289.0,583.0
0.0,3671.0,1435.0,2026.0,4927.0,941.0,941.0,1418.0,608.0,978.0,457.0
0.0,7163.0,1593.0,2005.0,4485.0,0.0,0.0,1403.0,602.0,1111.0,482.0
0.0,10055.0,2249.0,2001.0,941.0,0.0,0.0,1400.0,601.0,1595.0,654.0
0.0,8747.0,2754.0,2018.0,0.0,2079.0,2079.0,1413.0,605.0,1954.0,800.0
0.0,5993.0,2599.0,2042.0,0.0,4774.0,4774.0,1430.0,612.0,1823.0,776.0
0.0,3394.0,1829.0,2046.0,2079.0,4540.0,4540.0,1433.0,613.0,1261.0,568.0
0.0,3644.0,1300.0,2029.0,4774.0,998.0,998.0,1420.0,609.0,884.0,416.0
0.0,7118.0,1539.0,2009.0,4540.0,0.0,0.0,1406.0,603.0,1073.0,466.0
0.0,10119.0,2360.0,2008.0,998.0,0.0,0.0,1405.0,603.0,1672.0,688.0
0.0,8757.0,2860.0,2028.0,0.0,2215.0,2215.0,1420.0,608.0,2027.0,833.0
0.0,5897.0,2693.0,2053.0,0.0,5008.0,5008.0,1438.0,615.0,1890.0,803.0
0.0,3204.0,1910.0,2059.0,2215.0,4727.0,4727.0,1442.0,617.0,1318.0,592.0
0.0,3509.0,1312.0,2040.0,5008.0,955.0,955.0,1428.0,612.0,892.0,420.0
0.0,7205.0,1401.0,2017.0,4727.0,0.0,0.0,1411.0,606.0,973.0,428.0
0.0,10531.0,2113.0,2011.0,955.0,0.0,0.0,1407.0,604.0,1498.0,615.0
0.0,9373.0,2770.0,2030.0,0.0,1517.0,1517.0,1421.0,609.0,1967.0,803.0
0.0,6603.0,2754.0,2056.0,0.0,4375.0,4375.0,1440.0,616.0,1938.0,816.0
0.0,3849.0,2099.0,2066.0,1517.0,4997.0,4997.0,1447.0,619.0,1450.0,649.0
0.0,3267.0,1420.0,2050.0,4375.0,1978.0,1978.0,1435.0,615.0,966.0,454.0
0.0,6222.0,1400.0,2027.0,4997.0,0.0,0.0,1418.0,609.0,970.0,430.0
0.0,9819.0,2078.0,2020.0,1978.0,0.0,0.0,1413.0,607.0,1474.0,604.0
0.0,9719.0,2752.0,2037.0,0.0,1181.0,1181.0,1426.0,611.0,1957.0,795.0
0.0,6967.0,2734.0,2063.0,0.0,4019.0,4019.0,1445.0,618.0,1925.0,809.0
0.0,4233.0,2036.0,2071.0,1181.0,4906.0,4906.0,1450.0,621.0,1403.0,633.0
0.0,3378.0,1356.0,2055.0,4019.0,2179.0,2179.0,1438.0,617.0,918.0,438.0
0.0,6041.0,1401.0,2034.0,4906.0,0.0,0.0,1423.0,611.0,970.0,431.0
0.0,9546.0,2044.0,2030.0,2179.0,0.0,0.0,1420.0,610.0,1451.0,593.0
0.0,9681.0,2636.0,2044.0,0.0,1131.0,1131.0,1431.0,613.0,1876.0,760.0
0.0,7045.0,2671.0,2065.0,0.0,3886.0,3886.0,1446.0,619.0,1881.0,790.0
0.0,4374.0,2139.0,2075.0,1131.0,4934.0,4934.0,1453.0,622.0,1476.0,663.0
0.0,3366.0,1576.0,2063.0,3886.0,2576.0,2576.0,1444.0,619.0,1072.0,504.0
0.0,5676.0,1437.0,2044.0,4934.0,0.0,0.0,1430.0,614.0,996.0,441.0
0.0,9173.0,1870.0,2035.0,2576.0,0.0,0.0,1424.0,611.0,1330.0,540.0
0.0,9879.0,2425.0,2045.0,0.0,726.0,726.0,1432.0,613.0,1728.0,697.0
0.0,7454.0,2612.0,2066.0,0.0,3422.0,3422.0,1447.0,619.0,1839.0,773.0
0.0,4842.0,2257.0,2076.0,726.0,4993.0,4993.0,1454.0,622.0,1557.0,700.0
0.0,3311.0,1702.0,2068.0,3422.0,3241.0,3241.0,1447.0,621.0,1159.0,543.0
0.0,5031.0,1563.0,2050.0,4993.0,0.0,0.0,1434.0,616.0,1086.0,477.0
0.0,8461.0,1926.0,2042.0,3241.0,0.0,0.0,1429.0,613.0,1371.0,555.0
0.0,9776.0,2488.0,2055.0,0.0,932.0,932.0,1439.0,616.0,1772.0,716.0
0.0,7288.0,2612.0,2076.0,0.0,3628.0,3628.0,1454.0,622.0,1836.0,776.0
0.0,4676.0,2227.0,2085.0,932.0,4959.0,4959.0,1460.0,625.0,1537.0,690.0
0.0,3381.0,1682.0,2075.0,3628.0,2973.0,2973.0,1452.0,623.0,1148.0,534.0
0.0,5327.0,1524.0,2054.0,4959.0,0.0,0.0,1437.0,617.0,1059.0,465.0
0.0,8762.0,1922.0,2045.0,2973.0,0.0,0.0,1431.0,614.0,1365.0,557.0
0.0,9813.0,2502.0,2058.0,0.0,921.0,921.0,1441.0,617.0,1780.0,722.0
0.0,7311.0,2648.0,2081.0,0.0,3661.0,3661.0,1458.0,623.0,1864.0,784.0
0.0,4663.0,2205.0,2092.0,921.0,4989.0,4989.0,1465.0,627.0,1525.0,680.0
0.0,3379.0,1650.0,2079.0,3661.0,2926.0,2926.0,1455.0,624.0,1123.0,527.0
0.0,5390.0,1515.0,2057.0,4989.0,0.0,0.0,1439.0,618.0,1048.0,467.0
0.0,8864.0,2008.0,2047.0,2926.0,0.0,0.0,1432.0,615.0,1425.0,583.0
0.0,9782.0,2557.0,2061.0,0.0,1019.0,1019.0,1443.0,618.0,1822.0,735.0
0.0,7225.0,2614.0,2083.0,0.0,3721.0,3721.0,1459.0,624.0,1842.0,772.0
0.0,4611.0,2161.0,2095.0,1019.0,4911.0,4911.0,1467.0,628.0,1494.0,667.0
0.0,3469.0,1648.0,2082.0,3721.0,2786.0,2786.0,1457.0,625.0,1123.0,525.0
0.0,5542.0,1567.0,2060.0,4911.0,0.0,0.0,1441.0,619.0,1085.0,482.0
0.0,8886.0,1937.0,2047.0,2786.0,0.0,0.0,1432.0,615.0,1373.0,564.0
0.0,9735.0,2450.0,2058.0,0.0,947.0,947.0,1441.0,617.0,1746.0,704.0
0.0,7285.0,2549.0,2083.0,0.0,3596.0,3596.0,1459.0,624.0,1797.0,752.0
0.0,4736.0,2176.0,2095.0,947.0,4873.0,4873.0,1467.0,628.0,1505.0,671.0
0.0,3507.0,1757.0,2083.0,3596.0,2986.0,2986.0,1458.0,625.0,1200.0,557.0
0.0,5346.0,1684.0,2061.0,4873.0,0.0,0.0,1442.0,619.0,1164.0,520.0
0.0,8535.0,1949.0,2047.0,2986.0,0.0,0.0,1432.0,615.0,1380.0,569.0
0.0,9572.0,2368.0,2056.0,0.0,1020.0,1020.0,1439.0,617.0,1689.0,679.0
0.0,7204.0,2526.0,2079.0,0.0,3638.0,3638.0,1456.0,623.0,1784.0,742.0
0.0,4678.0,2329.0,2096.0,1020.0,5015.0,5015.0,1468.0,628.0,1614.0,715.0
0.0,3369.0,1926.0,2093.0,3638.0,3291.0,3291.0,1465.0,628.0,1314.0,612.0
0.0,5081.0,1630.0,2071.0,5015.0,0.0,0.0,1449.0,622.0,1123.0,507.0
0.0,8466.0,1778.0,2053.0,3291.0,0.0,0.0,1436.0,617.0,1261.0,517.0
0.0,9979.0,2231.0,2054.0,0.0,468.0,468.0,1438.0,616.0,1599.0,632.0
0.0,7748.0,2537.0,2076.0,0.0,3093.0,3093.0,1454.0,622.0,1797.0,740.0
0.0,5211.0,2375.0,2095.0,468.0,5076.0,5076.0,1467.0,628.0,1646.0,729.0
0.0,3304.0,1860.0,2091.0,3093.0,3827.0,3827.0,1463.0,628.0,1263.0,597.0
0.0,4537.0,1564.0,2068.0,5076.0,223.0,223.0,1446.0,622.0,1072.0,492.0
0.0,8049.0,1756.0,2049.0,3827.0,0.0,0.0,1433.0,616.0,1245.0,511.0
0.0,10120.0,2241.0,2053.0,223.0,110.0,110.0,1437.0,616.0,1607.0,634.0
0.0,8102.0,2602.0,2077.0,0.0,2808.0,2808.0,1455.0,622.0,1845.0,757.0
0.0,5500.0,2448.0,2097.0,110.0,5226.0,5226.0,1469.0,628.0,1696.0,752.0
0.0,3162.0,1937.0,2095.0,2808.0,4347.0,4347.0,1466.0,629.0,1316.0,621.0
0.0,4033.0,1534.0,2074.0,5226.0,571.0,571.0,1451.0,623.0,1053.0,481.0
0.0,7725.0,1593.0,2053.0,4347.0,0.0,0.0,1436.0,617.0,1133.0,460.0
0.0,10479.0,2124.0,2053.0,571.0,0.0,0.0,1437.0,616.0,1524.0,600.0
0.0,8926.0,2601.0,2073.0,0.0,1967.0,1967.0,1452.0,621.0,1840.0,761.0
0.0,6325.0,2577.0,2095.0,0.0,4632.0,4632.0,1467.0,628.0,1787.0,790.0
0.0,3748.0,2092.0,2099.0,1967.0,4773.0,4773.0,1469.0,630.0,1427.0,665.0
0.0,3623.0,1627.0,2083.0,4632.0,1704.0,1704.0,1457.0,626.0,1121.0,506.0
0.0,6628.0,1583.0,2064.0,4773.0,0.0,0.0,1444.0,620.0,1128.0,455.0
0.0,9818.0,2010.0,2060.0,1704.0,0.0,0.0,1442.0,618.0,1445.0,565.0
0.0,9512.0,2517.0,2074.0,0.0,1301.0,1301.0,1453.0,621.0,1780.0,737.0
0.0,6995.0,2545.0,2093.0,0.0,3922.0,3922.0,1466.0,627.0,1760.0,785.0
0.0,4450.0,2131.0,2098.0,1301.0,4772.0,4772.0,1468.0,630.0,1453.0,678.0
0.0,3620.0,1707.0,2083.0,3922.0,2497.0,2497.0,1457.0,626.0,1178.0,529.0
0.0,5835.0,1714.0,2066.0,4772.0,0.0,0.0,1445.0,621.0,1220.0,494.0
0.0,8893.0,2144.0,2064.0,2497.0,0.0,0.0,1445.0,619.0,1539.0,605.0
0.0,9246.0,2479.0,2079.0,0.0,1549.0,1549.0,1456.0,623.0,1752.0,727.0
0.0,6767.0,2382.0,2096.0,0.0,3999.0,3999.0,1468.0,628.0,1646.0,736.0
0.0,4385.0,1955.0,2096.0,1549.0,4405.0,4405.0,1467.0,629.0,1330.0,625.0
0.0,3979.0,1706.0,2080.0,3999.0,2048.0,2048.0,1455.0,625.0,1177.0,529.0
0.0,6272.0,1945.0,2067.0,4405.0,0.0,0.0,1446.0,621.0,1385.0,560.0
0.0,8732.0,2325.0,2070.0,2048.0,0.0,0.0,1449.0,621.0,1665.0,660.0
0.0,8455.0,2500.0,2086.0,0.0,2389.0,2389.0,1461.0,625.0,1765.0,735.0
0.0,5955.0,2286.0,2100.0,0.0,4731.0,4731.0,1471.0,629.0,1578.0,708.0
0.0,3669.0,1884.0,2099.0,2389.0,4222.0,4222.0,1469.0,630.0,1282.0,602.0
0.0,4174.0,1717.0,2082.0,4731.0,1140.0,1140.0,1456.0,626.0,1187.0,530.0
0.0,7188.0,1960.0,2070.0,4222.0,0.0,0.0,1448.0,622.0,1395.0,565.0
0.0,9450.0,2397.0,2074.0,1140.0,103.0,103.0,1452.0,622.0,1714.0,683.0
0.0,8193.0,2571.0,2092.0,0.0,2746.0,2746.0,1465.0,627.0,1813.0,758.0
0.0,5622.0,2245.0,2105.0,103.0,4940.0,4940.0,1474.0,631.0,1549.0,696.0
0.0,3480.0,1788.0,2102.0,2746.0,3970.0,3970.0,1471.0,631.0,1217.0,571.0
0.0,4438.0,1629.0,2086.0,4940.0,595.0,595.0,1459.0,627.0,1128.0,501.0
0.0,7749.0,1946.0,2074.0,3970.0,0.0,0.0,1451.0,623.0,1383.0,563.0
0.0,9773.0,2484.0,2081.0,595.0,440.0,440.0,1457.0,624.0,1773.0,711.0
0.0,7884.0,2645.0,2097.0,0.0,3149.0,3149.0,1469.0,628.0,1865.0,780.0
0.0,5239.0,2324.0,2110.0,440.0,5085.0,5085.0,1478.0,632.0,1607.0,717.0
0.0,3355.0,1818.0,2107.0,3149.0,3742.0,3742.0,1475.0,632.0,1238.0,580.0
0.0,4686.0,1647.0,2094.0,5085.0,252.0,252.0,1465.0,629.0,1139.0,508.0
0.0,8124.0,1934.0,2083.0,3742.0,0.0,0.0,1457.0,626.0,1374.0,560.0
0.0,9932.0,2394.0,2084.0,252.0,546.0,546.0,1459.0,625.0,1709.0,685.0
0.0,7790.0,2488.0,2094.0,0.0,3074.0,3074.0,1467.0,627.0,1753.0,735.0
0.0,5302.0,2214.0,2106.0,546.0,4790.0,4790.0,1475.0,631.0,1529.0,685.0
0.0,3634.0,1799.0,2106.0,3074.0,3515.0,3515.0,1474.0,632.0,1227.0,572.0
0.0,4909.0,1717.0,2096.0,4790.0,402.0,402.0,1466.0,630.0,1192.0,525.0
0.0,7982.0,2005.0,2086.0,3515.0,0.0,0.0,1459.0,627.0,1426.0,579.0
0.0,9492.0,2473.0,2087.0,402.0,927.0,927.0,1461.0,626.0,1762.0,711.0
0.0,7421.0,2604.0,2102.0,0.0,3591.0,3591.0,1472.0,630.0,1834.0,770.0
0.0,4817.0,2218.0,2114.0,927.0,4930.0,4930.0,1481.0,633.0,1533.0,685.0
0.0,3526.0,1738.0,2114.0,3591.0,3077.0,3077.0,1480.0,634.0,1184.0,554.0
0.0,5379.0,1609.0,2103.0,4930.0,0.0,0.0,1471.0,632.0,1113.0,496.0
0.0,8700.0,2028.0,2091.0,3077.0,0.0,0.0,1463.0,628.0,1440.0,588.0
0.0,9749.0,2511.0,2093.0,0.0,1134.0,1134.0,1465.0,628.0,1791.0,720.0
0.0,7238.0,2589.0,2104.0,0.0,3767.0,3767.0,1474.0,630.0,1825.0,764.0
0.0,4649.0,2166.0,2117.0,1134.0,4851.0,4851.0,1483.0,634.0,1494.0,672.0
0.0,3617.0,1728.0,2120.0,3767.0,2824.0,2824.0,1484.0,636.0,1173.0,555.0
0.0,5656.0,1673.0,2111.0,4851.0,0.0,0.0,1477.0,634.0,1158.0,515.0
0.0,8834.0,2029.0,2100.0,2824.0,0.0,0.0,1469.0,631.0,1444.0,585.0
0.0,9629.0,2476.0,2098.0,0.0,1239.0,1239.0,1469.0,629.0,1770.0,706.0
0.0,7153.0,2516.0,2106.0,0.0,3787.0,3787.0,1475.0,631.0,1774.0,742.0
0.0,4637.0,2191.0,2117.0,1239.0,4783.0,4783.0,1483.0,634.0,1511.0,680.0
0.0,3685.0,1821.0,2122.0,3787.0,2837.0,2837.0,1485.0,637.0,1238.0,583.0
0.0,5651.0,1724.0,2116.0,4783.0,0.0,0.0,1480.0,636.0,1193.0,531.0
0.0,8710.0,2063.0,2107.0,2837.0,0.0,0.0,1474.0,633.0,1468.0,595.0
0.0,9484.0,2511.0,2107.0,0.0,1455.0,1455.0,1475.0,632.0,1795.0,716.0
0.0,6973.0,2625.0,2116.0,0.0,4116.0,4116.0,1482.0,634.0,1852.0,773.0
0.0,4348.0,2193.0,2126.0,1455.0,4894.0,4894.0,1489.0,637.0,1511.0,682.0
0.0,3610.0,1678.0,2125.0,4116.0,2452.0,2452.0,1487.0,638.0,1136.0,542.0
0.0,6048.0,1621.0,2115.0,4894.0,0.0,0.0,1479.0,636.0,1120.0,501.0
0.0,9321.0,2073.0,2107.0,2452.0,0.0,0.0,1474.0,633.0,1476.0,597.0
0.0,9700.0,2588.0,2111.0,0.0,1332.0,1332.0,1478.0,633.0,1850.0,738.0
0.0,7112.0,2646.0,2124.0,0.0,4030.0,4030.0,1488.0,636.0,1867.0,779.0
0.0,4466.0,2147.0,2133.0,1332.0,4881.0,4881.0,1494.0,639.0,1479.0,668.0
0.0,3651.0,1664.0,2127.0,4030.0,2491.0,2491.0,1489.0,638.0,1125.0,539.0
0.0,6017.0,1682.0,2115.0,4881.0,0.0,0.0,1479.0,636.0,1163.0,519.0
0.0,9216.0,2183.0,2109.0,2491.0,0.0,0.0,1475.0,634.0,1552.0,631.0
0.0,9524.0,2672.0,2117.0,0.0,1616.0,1616.0,1482.0,635.0,1910.0,762.0
0.0,6852.0,2665.0,2131.0,0.0,4337.0,4337.0,1493.0,638.0,1882.0,783.0
0.0,4187.0,2098.0,2139.0,1616.0,4851.0,4851.0,1498.0,641.0,1444.0,654.0
0.0,3705.0,1604.0,2132.0,4337.0,2090.0,2090.0,1492.0,640.0,1083.0,521.0
0.0,6438.0,1633.0,2117.0,4851.0,0.0,0.0,1481.0,636.0,1128.0,505.0
0.0,9656.0,2191.0,2110.0,2090.0,0.0,0.0,1476.0,634.0,1556.0,635.0
0.0,9555.0,2681.0,2118.0,0.0,1598.0,1598.0,1483.0,635.0,1915.0,766.0
0.0,6874.0,2625.0,2134.0,0.0,4287.0,4287.0,1495.0,639.0,1853.0,772.0
0.0,4249.0,2079.0,2143.0,1598.0,4804.0,4804.0,1501.0,642.0,1434.0,645.0
0.0,3768.0,1594.0,2136.0,4287.0,2083.0,2083.0,1495.0,641.0,1079.0,515.0
0.0,6461.0,1669.0,2120.0,4804.0,0.0,0.0,1483.0,637.0,1153.0,516.0
0.0,9596.0,2240.0,2113.0,2083.0,0.0,0.0,1478.0,635.0,1588.0,652.0
0.0,9439.0,2657.0,2119.0,0.0,1694.0,1694.0,1483.0,636.0,1897.0,760.0
0.0,6782.0,2541.0,2133.0,0.0,4291.0,4291.0,1494.0,639.0,1796.0,745.0
0.0,4241.0,2086.0,2141.0,1694.0,4715.0,4715.0,1500.0,641.0,1439.0,647.0
0.0,3849.0,1706.0,2137.0,4291.0,2114.0,2114.0,1496.0,641.0,1156.0,550.0
0.0,6434.0,1789.0,2126.0,4715.0,0.0,0.0,1487.0,639.0,1236.0,553.0
0.0,9360.0,2212.0,2120.0,2114.0,0.0,0.0,1483.0,637.0,1569.0,643.0
0.0,9262.0,2615.0,2128.0,0.0,1865.0,1865.0,1490.0,638.0,1869.0,746.0
0.0,6647.0,2546.0,2142.0,0.0,4467.0,4467.0,1501.0,641.0,1801.0,745.0
0.0,4101.0,2054.0,2149.0,1865.0,4684.0,4684.0,1505.0,644.0,1418.0,636.0
0.0,3912.0,1685.0,2143.0,4467.0,1878.0,1878.0,1500.0,643.0,1139.0,546.0
0.0,6694.0,1820.0,2130.0,4684.0,0.0,0.0,1490.0,640.0,1253.0,567.0
0.0,9558.0,2242.0,2123.0,1878.0,0.0,0.0,1485.0,638.0,1589.0,653.0
0.0,9194.0,2560.0,2130.0,0.0,1886.0,1886.0,1491.0,639.0,1834.0,726.0
0.0,6634.0,2420.0,2143.0,0.0,4358.0,4358.0,1501.0,642.0,1715.0,705.0
0.0,4214.0,2025.0,2151.0,1886.0,4529.0,4529.0,1507.0,644.0,1398.0,627.0
0.0,4075.0,1758.0,2146.0,4358.0,1909.0,1909.0,1502.0,644.0,1190.0,568.0
0.0,6675.0,1900.0,2133.0,4529.0,0.0,0.0,1492.0,641.0,1307.0,593.0
0.0,9304.0,2313.0,2129.0,1909.0,0.0,0.0,1489.0,640.0,1638.0,675.0
0.0,8900.0,2558.0,2136.0,0.0,2202.0,2202.0,1495.0,641.0,1831.0,727.0
0.0,6342.0,2375.0,2148.0,0.0,4625.0,4625.0,1505.0,643.0,1687.0,688.0
0.0,3967.0,1983.0,2154.0,2202.0,4430.0,4430.0,1509.0,645.0,1371.0,612.0
0.0,4186.0,1732.0,2149.0,4625.0,1517.0,1517.0,1504.0,645.0,1171.0,561.0
0.0,7079.0,1908.0,2138.0,4430.0,0.0,0.0,1495.0,643.0,1312.0,596.0
0.0,9601.0,2283.0,2133.0,1517.0,0.0,0.0,1492.0,641.0,1616.0,667.0
0.0,8835.0,2553.0,2140.0,0.0,2278.0,2278.0,1498.0,642.0,1826.0,727.0
0.0,6282.0,2469.0,2153.0,0.0,4799.0,4799.0,1508.0,645.0,1750.0,719.0
0.0,3813.0,2026.0,2158.0,2278.0,4567.0,4567.0,1512.0,646.0,1401.0,625.0
0.0,4065.0,1767.0,2153.0,4799.0,1515.0,1515.0,1507.0,646.0,1199.0,568.0
0.0,7097.0,1889.0,2140.0,4567.0,0.0,0.0,1497.0,643.0,1302.0,587.0
0.0,9775.0,2271.0,2134.0,1515.0,0.0,0.0,1493.0,641.0,1607.0,664.0
0.0,9019.0,2601.0,2141.0,0.0,2146.0,2146.0,1499.0,642.0,1857.0,744.0
0.0,6418.0,2524.0,2158.0,0.0,4738.0,4738.0,1512.0,646.0,1787.0,737.0
0.0,3894.0,2168.0,2168.0,2146.0,4800.0,4800.0,1519.0,649.0,1501.0,667.0
0.0,3872.0,1790.0,2163.0,4738.0,1832.0,1832.0,1514.0,649.0,1216.0,574.0
0.0,6820.0,1823.0,2149.0,4800.0,0.0,0.0,1503.0,646.0,1257.0,566.0
0.0,9797.0,2215.0,2140.0,1832.0,0.0,0.0,1497.0,643.0,1567.0,648.0
0.0,9414.0,2565.0,2148.0,0.0,1743.0,1743.0,1504.0,644.0,1832.0,733.0
0.0,6849.0,2481.0,2164.0,0.0,4288.0,4288.0,1516.0,648.0,1755.0,726.0
0.0,4368.0,2080.0,2171.0,1743.0,4653.0,4653.0,1521.0,650.0,1438.0,642.0
0.0,4031.0,1750.0,2163.0,4288.0,2083.0,2083.0,1514.0,649.0,1189.0,561.0
0.0,6569.0,1894.0,2149.0,4653.0,0.0,0.0,1503.0,646.0,1309.0,585.0
0.0,9328.0,2409.0,2143.0,2083.0,0.0,0.0,1499.0,644.0,1704.0,705.0
0.0,9002.0,2681.0,2154.0,0.0,2295.0,2295.0,1508.0,646.0,1912.0,769.0
0.0,6321.0,2394.0,2170.0,0.0,4753.0,4753.0,1520.0,650.0,1692.0,702.0
0.0,3927.0,1853.0,2174.0,2295.0,4327.0,4327.0,1523.0,651.0,1278.0,575.0
0.0,4369.0,1599.0,2163.0,4753.0,1129.0,1129.0,1514.0,649.0,1084.0,515.0
0.0,7523.0,1985.0,2149.0,4327.0,0.0,0.0,1503.0,646.0,1376.0,609.0
0.0,9865.0,2641.0,2150.0,1129.0,247.0,247.0,1504.0,646.0,1869.0,772.0
0.0,8353.0,2864.0,2164.0,0.0,3167.0,3167.0,1515.0,649.0,2040.0,824.0
0.0,5489.0,2410.0,2180.0,247.0,5394.0,5394.0,1527.0,653.0,1700.0,710.0
0.0,3326.0,1676.0,2180.0,3167.0,3903.0,3903.0,1527.0,653.0,1150.0,526.0
0.0,4817.0,1457.0,2166.0,5394.0,0.0,0.0,1516.0,650.0,985.0,472.0
0.0,8754.0,2001.0,2153.0,3903.0,0.0,0.0,1506.0,647.0,1390.0,611.0
0.0,10656.0,2674.0,2156.0,0.0,642.0,642.0,1508.0,648.0,1896.0,778.0
0.0,7982.0,2884.0,2171.0,0.0,3586.0,3586.0,1520.0,651.0,2052.0,832.0
0.0,5098.0,2319.0,2183.0,642.0,5311.0,5311.0,1529.0,654.0,1634.0,685.0
0.0,3421.0,1608.0,2179.0,3586.0,3317.0,3317.0,1526.0,653.0,1103.0,505.0
0.0,5399.0,1518.0,2166.0,5311.0,0.0,0.0,1516.0,650.0,1028.0,490.0
0.0,9192.0,2111.0,2156.0,3317.0,0.0,0.0,1508.0,648.0,1467.0,644.0
0.0,10398.0,2756.0,2160.0,0.0,998.0,998.0,1511.0,649.0,1953.0,803.0
0.0,7642.0,2852.0,2176.0,0.0,3914.0,3914.0,1523.0,653.0,2029.0,823.0
0.0,4790.0,2252.0,2186.0,998.0,5208.0,5208.0,1531.0,655.0,1588.0,664.0
0.0,3536.0,1587.0,2182.0,3914.0,2865.0,2865.0,1528.0,654.0,1090.0,497.0
0.0,5863.0,1546.0,2169.0,5208.0,0.0,0.0,1518.0,651.0,1048.0,498.0
0.0,9525.0,2156.0,2160.0,2865.0,0.0,0.0,1511.0,649.0,1497.0,659.0
0.0,10234.0,2764.0,2167.0,0.0,1198.0,1198.0,1516.0,651.0,1954.0,810.0
0.0,7470.0,2748.0,2181.0,0.0,4002.0,4002.0,1527.0,654.0,1955.0,793.0
0.0,4722.0,2130.0,2189.0,1198.0,4966.0,4966.0,1533.0,656.0,1506.0,624.0
0.0,3790.0,1607.0,2183.0,4002.0,2547.0,2547.0,1529.0,654.0,1107.0,500.0
0.0,6185.0,1676.0,2170.0,4966.0,0.0,0.0,1519.0,651.0,1140.0,536.0
0.0,9475.0,2227.0,2164.0,2547.0,0.0,0.0,1514.0,650.0,1545.0,682.0
0.0,9795.0,2791.0,2172.0,0.0,1684.0,1684.0,1519.0,653.0,1971.0,820.0
0.0,7004.0,2844.0,2189.0,0.0,4596.0,4596.0,1532.0,657.0,2023.0,821.0
0.0,4160.0,2177.0,2197.0,1684.0,5121.0,5121.0,1539.0,658.0,1539.0,638.0
0.0,3667.0,1564.0,2190.0,4596.0,2061.0,2061.0,1534.0,656.0,1076.0,488.0
0.0,6699.0,1542.0,2176.0,5121.0,0.0,0.0,1523.0,653.0,1047.0,495.0
0.0,10278.0,2183.0,2169.0,2061.0,0.0,0.0,1517.0,652.0,1514.0,669.0
0.0,10156.0,2913.0,2177.0,0.0,1465.0,1465.0,1523.0,654.0,2056.0,857.0
0.0,7243.0,2893.0,2194.0,0.0,4426.0,4426.0,1536.0,658.0,2057.0,836.0
0.0,4350.0,2220.0,2203.0,1465.0,5217.0,5217.0,1543.0,660.0,1569.0,651.0
0.0,3595.0,1511.0,2196.0,4426.0,2274.0,2274.0,1538.0,658.0,1042.0,469.0
0.0,6510.0,1450.0,2180.0,5217.0,0.0,0.0,1526.0,654.0,984.0,466.0
0.0,10277.0,2098.0,2170.0,2274.0,0.0,0.0,1518.0,652.0,1452.0,646.0
0.0,10453.0,2878.0,2177.0,0.0,1133.0,1133.0,1523.0,654.0,2030.0,848.0
0.0,7575.0,3007.0,2193.0,0.0,4204.0,4204.0,1535.0,658.0,2137.0,870.0
0.0,4568.0,2346.0,2204.0,1133.0,5461.0,5461.0,1544.0,660.0,1657.0,689.0
0.0,3355.0,1589.0,2200.0,4204.0,2830.0,2830.0,1541.0,659.0,1095.0,494.0
0.0,5970.0,1517.0,2186.0,5461.0,0.0,0.0,1530.0,656.0,1032.0,485.0
0.0,9914.0,2119.0,2177.0,2830.0,0.0,0.0,1523.0,654.0,1468.0,651.0
0.0,10625.0,2732.0,2183.0,0.0,839.0,839.0,1527.0,656.0,1930.0,802.0
0.0,7893.0,2770.0,2196.0,0.0,3661.0,3661.0,1537.0,659.0,1972.0,798.0
0.0,5123.0,2293.0,2206.0,839.0,5155.0,5155.0,1545.0,661.0,1619.0,674.0
0.0,3669.0,1763.0,2203.0,3661.0,3245.0,3245.0,1543.0,660.0,1215.0,548.0
0.0,5567.0,1676.0,2190.0,5155.0,0.0,0.0,1533.0,657.0,1140.0,536.0
0.0,9046.0,2109.0,2179.0,3245.0,0.0,0.0,1524.0,655.0,1462.0,647.0
0.0,10182.0,2654.0,2183.0,0.0,1204.0,1204.0,1527.0,656.0,1875.0,779.0
0.0,7528.0,2762.0,2201.0,0.0,4038.0,4038.0,1541.0,660.0,1966.0,796.0
0.0,4766.0,2356.0,2216.0,1204.0,5250.0,5250.0,1552.0,664.0,1663.0,693.0
0.0,3614.0,1901.0,2214.0,4038.0,3105.0,3105.0,1551.0,663.0,1313.0,588.0
0.0,5751.0,1764.0,2197.0,5250.0,0.0,0.0,1538.0,659.0,1203.0,561.0
0.0,9237.0,2124.0,2183.0,3105.0,0.0,0.0,1527.0,656.0,1474.0,650.0
0.0,10218.0,2537.0,2186.0,0.0,1063.0,1063.0,1529.0,657.0,1795.0,742.0
0.0,7681.0,2681.0,2204.0,0.0,3816.0,3816.0,1543.0,661.0,1907.0,774.0
0.0,5000.0,2405.0,2223.0,1063.0,5234.0,5234.0,1557.0,666.0,1696.0,709.0
0.0,3658.0,1908.0,2221.0,3816.0,3318.0,3318.0,1556.0,665.0,1318.0,590.0
0.0,5566.0,1754.0,2203.0,5234.0,0.0,0.0,1542.0,661.0,1196.0,558.0
0.0,9046.0,2111.0,2189.0,3318.0,0.0,0.0,1531.0,658.0,1465.0,646.0
0.0,10253.0,2591.0,2194.0,0.0,1114.0,1114.0,1535.0,659.0,1832.0,759.0
0.0,7662.0,2682.0,2214.0,0.0,3876.0,3876.0,1550.0,664.0,1908.0,774.0
0.0,4980.0,2381.0,2231.0,1114.0,5211.0,5211.0,1563.0,668.0,1680.0,701.0
0.0,3713.0,1854.0,2226.0,3876.0,3169.0,3169.0,1559.0,667.0,1279.0,575.0
0.0,5735.0,1639.0,2205.0,5211.0,0.0,0.0,1543.0,662.0,1115.0,524.0
0.0,9307.0,2000.0,2189.0,3169.0,0.0,0.0,1531.0,658.0,1388.0,612.0
0.0,10476.0,2585.0,2194.0,0.0,885.0,885.0,1535.0,659.0,1830.0,755.0
0.0,7891.0,2840.0,2219.0,0.0,3825.0,3825.0,1553.0,666.0,2019.0,821.0
0.0,5051.0,2434.0,2236.0,885.0,5442.0,5442.0,1566.0,670.0,1714.0,720.0
0.0,3502.0,1767.0,2228.0,3825.0,3352.0,3352.0,1560.0,668.0,1216.0,551.0
0.0,5560.0,1563.0,2205.0,5442.0,0.0,0.0,1543.0,662.0,1064.0,499.0
0.0,9439.0,1999.0,2191.0,3352.0,0.0,0.0,1533.0,658.0,1391.0,608.0
0.0,10792.0,2613.0,2200.0,0.0,621.0,621.0,1539.0,661.0,1851.0,762.0
0.0,8179.0,2773.0,2223.0,0.0,3486.0,3486.0,1556.0,667.0,1970.0,803.0
0.0,5406.0,2377.0,2236.0,621.0,5294.0,5294.0,1566.0,670.0,1671.0,706.0
0.0,3650.0,1812.0,2228.0,3486.0,3588.0,3588.0,1560.0,668.0,1245.0,567.0
0.0,5324.0,1667.0,2206.0,5294.0,0.0,0.0,1544.0,662.0,1136.0,531.0
0.0,8951.0,2035.0,2191.0,3588.0,0.0,0.0,1533.0,658.0,1419.0,616.0
0.0,10504.0,2540.0,2198.0,0.0,828.0,828.0,1538.0,660.0,1803.0,737.0
0.0,7964.0,2750.0,2221.0,0.0,3670.0,3670.0,1555.0,666.0,1957.0,793.0
0.0,5214.0,2541.0,2240.0,828.0,5459.0,5459.0,1569.0,671.0,1785.0,756.0
0.0,3501.0,2039.0,2237.0,3670.0,3816.0,3816.0,1567.0,670.0,1399.0,640.0
0.0,5132.0,1670.0,2213.0,5459.0,0.0,0.0,1549.0,664.0,1136.0,534.0
0.0,8921.0,1897.0,2194.0,3816.0,0.0,0.0,1535.0,659.0,1323.0,574.0
0.0,10840.0,2444.0,2198.0,0.0,396.0,396.0,1538.0,660.0,1738.0,706.0
0.0,8396.0,2745.0,2222.0,0.0,3237.0,3237.0,1556.0,666.0,1955.0,790.0
0.0,5651.0,2559.0,2243.0,396.0,5484.0,5484.0,1571.0,672.0,1799.0,760.0
0.0,3488.0,2059.0,2242.0,3237.0,4302.0,4302.0,1570.0,672.0,1414.0,645.0
0.0,4666.0,1686.0,2220.0,5484.0,416.0,416.0,1554.0,666.0,1147.0,539.0
0.0,8464.0,1851.0,2197.0,4302.0,0.0,0.0,1537.0,660.0,1290.0,561.0
0.0,10915.0,2364.0,2198.0,416.0,0.0,0.0,1538.0,660.0,1682.0,682.0
0.0,8967.0,2853.0,2222.0,0.0,2774.0,2774.0,1556.0,666.0,2028.0,825.0
0.0,6114.0,2773.0,2246.0,0.0,5643.0,5643.0,1573.0,673.0,1946.0,827.0
0.0,3341.0,2146.0,2246.0,2774.0,5015.0,5015.0,1573.0,673.0,1476.0,670.0
0.0,3969.0,1598.0,2225.0,5643.0,886.0,886.0,1557.0,668.0,1086.0,512.0
0.0,8014.0,1740.0,2206.0,5015.0,0.0,0.0,1543.0,663.0,1214.0,526.0
0.0,11289.0,2315.0,2205.0,886.0,0.0,0.0,1543.0,662.0,1648.0,667.0
0.0,9860.0,2808.0,2225.0,0.0,1848.0,1848.0,1558.0,667.0,1997.0,811.0
0.0,7052.0,2797.0,2247.0,0.0,4733.0,4733.0,1574.0,673.0,1963.0,834.0
0.0,4255.0,2205.0,2249.0,1848.0,5098.0,5098.0,1575.0,674.0,1517.0,688.0
0.0,3898.0,1686.0,2230.0,4733.0,1975.0,1975.0,1561.0,669.0,1147.0,539.0
0.0,6945.0,1690.0,2210.0,5098.0,0.0,0.0,1546.0,664.0,1176.0,514.0
0.0,10353.0,2286.0,2208.0,1975.0,0.0,0.0,1545.0,663.0,1628.0,658.0
0.0,10042.0,2826.0,2227.0,0.0,1692.0,1692.0,1559.0,668.0,2012.0,814.0
0.0,7216.0,2773.0,2246.0,0.0,4541.0,4541.0,1573.0,673.0,1947.0,826.0
0.0,4443.0,2243.0,2248.0,1692.0,5100.0,5100.0,1574.0,674.0,1542.0,701.0
0.0,3892.0,1728.0,2232.0,4541.0,2223.0,2223.0,1562.0,670.0,1177.0,551.0
0.0,6705.0,1747.0,2214.0,5100.0,0.0,0.0,1549.0,665.0,1218.0,529.0
0.0,10058.0,2299.0,2212.0,2223.0,0.0,0.0,1548.0,664.0,1638.0,661.0
0.0,9982.0,2819.0,2230.0,0.0,1757.0,1757.0,1561.0,669.0,2005.0,814.0
0.0,7163.0,2760.0,2249.0,0.0,4593.0,4593.0,1575.0,674.0,1935.0,825.0
0.0,4403.0,2227.0,2252.0,1757.0,5075.0,5075.0,1577.0,675.0,1530.0,697.0
0.0,3933.0,1747.0,2235.0,4593.0,2161.0,2161.0,1564.0,671.0,1192.0,555.0
0.0,6779.0,1737.0,2217.0,5075.0,0.0,0.0,1551.0,666.0,1214.0,523.0
0.0,10117.0,2257.0,2215.0,2161.0,0.0,0.0,1550.0,665.0,1609.0,648.0
0.0,10021.0,2744.0,2232.0,0.0,1651.0,1651.0,1563.0,669.0,1949.0,795.0
0.0,7277.0,2699.0,2252.0,0.0,4430.0,4430.0,1577.0,675.0,1890.0,809.0
0.0,4578.0,2223.0,2256.0,1651.0,5018.0,5018.0,1580.0,676.0,1530.0,693.0
0.0,4006.0,1835.0,2242.0,4430.0,2367.0,2367.0,1569.0,673.0,1256.0,579.0
0.0,6601.0,1800.0,2222.0,5018.0,0.0,0.0,1554.0,668.0,1259.0,541.0
0.0,9819.0,2203.0,2218.0,2367.0,0.0,0.0,1552.0,666.0,1568.0,635.0
0.0,9983.0,2687.0,2235.0,0.0,1644.0,1644.0,1565.0,670.0,1909.0,778.0
0.0,7296.0,2756.0,2259.0,0.0,4496.0,4496.0,1582.0,677.0,1930.0,826.0
0.0,4540.0,2332.0,2265.0,1644.0,5208.0,5208.0,1586.0,679.0,1606.0,726.0
0.0,3852.0,1830.0,2249.0,4496.0,2478.0,2478.0,1574.0,675.0,1255.0,575.0
0.0,6518.0,1724.0,2230.0,5208.0,0.0,0.0,1560.0,670.0,1204.0,520.0
0.0,10002.0,2151.0,2225.0,2478.0,0.0,0.0,1557.0,668.0,1530.0,621.0
0.0,10329.0,2649.0,2241.0,0.0,1284.0,1284.0,1569.0,672.0,1881.0,768.0
0.0,7680.0,2652.0,2260.0,0.0,4012.0,4012.0,1583.0,677.0,1858.0,794.0
0.0,5028.0,2264.0,2265.0,1284.0,5012.0,5012.0,1586.0,679.0,1561.0,703.0
0.0,4048.0,1857.0,2252.0,4012.0,2805.0,2805.0,1576.0,676.0,1276.0,581.0
0.0,6203.0,1856.0,2234.0,5012.0,0.0,0.0,1563.0,671.0,1299.0,557.0
0.0,9359.0,2199.0,2228.0,2805.0,0.0,0.0,1559.0,669.0,1562.0,637.0
0.0,9965.0,2572.0,2238.0,0.0,1559.0,1559.0,1567.0,671.0,1823.0,749.0
0.0,7393.0,2627.0,2256.0,0.0,4258.0,4258.0,1580.0,676.0,1840.0,787.0
0.0,4766.0,2416.0,2266.0,1559.0,5155.0,5155.0,1587.0,679.0,1668.0,748.0
0.0,3909.0,2024.0,2258.0,4258.0,2889.0,2889.0,1580.0,678.0,1392.0,632.0
0.0,6143.0,1852.0,2241.0,5155.0,0.0,0.0,1568.0,673.0,1296.0,556.0
0.0,9446.0,2036.0,2231.0,2889.0,0.0,0.0,1561.0,670.0,1448.0,588.0
0.0,10299.0,2454.0,2238.0,0.0,1107.0,1107.0,1567.0,671.0,1741.0,713.0
0.0,7845.0,2698.0,2258.0,0.0,3885.0,3885.0,1582.0,676.0,1891.0,807.0
0.0,5147.0,2526.0,2271.0,1107.0,5356.0,5356.0,1590.0,681.0,1745.0,781.0
0.0,3728.0,2167.0,2268.0,3885.0,3626.0,3626.0,1587.0,681.0,1491.0,676.0
0.0,5446.0,1889.0,2249.0,5356.0,83.0,83.0,1573.0,676.0,1321.0,568.0
0.0,8913.0,1978.0,2234.0,3626.0,0.0,0.0,1563.0,671.0,1409.0,569.0
0.0,10561.0,2403.0,2238.0,83.0,711.0,711.0,1567.0,671.0,1709.0,694.0
0.0,8241.0,2732.0,2260.0,0.0,3531.0,3531.0,1583.0,677.0,1913.0,819.0
0.0,5509.0,2606.0,2276.0,711.0,5490.0,5490.0,1594.0,682.0,1798.0,808.0
0.0,3614.0,2189.0,2275.0,3531.0,4144.0,4144.0,1592.0,683.0,1505.0,684.0
0.0,4956.0,1880.0,2256.0,5490.0,458.0,458.0,1578.0,678.0,1315.0,565.0
0.0,8566.0,1992.0,2241.0,4144.0,0.0,0.0,1568.0,673.0,1421.0,571.0
0.0,10718.0,2412.0,2245.0,458.0,216.0,216.0,1572.0,673.0,1717.0,695.0
0.0,8764.0,2688.0,2264.0,0.0,2980.0,2980.0,1586.0,678.0,1884.0,804.0
0.0,6076.0,2597.0,2282.0,216.0,5433.0,5433.0,1598.0,684.0,1791.0,806.0
0.0,3695.0,2192.0,2279.0,2980.0,4633.0,4633.0,1595.0,684.0,1505.0,687.0
0.0,4483.0,1908.0,2262.0,5433.0,1040.0,1040.0,1582.0,680.0,1334.0,574.0
0.0,8008.0,2082.0,2249.0,4633.0,0.0,0.0,1574.0,675.0,1485.0,597.0
0.0,10559.0,2449.0,2253.0,1040.0,0.0,0.0,1577.0,676.0,1742.0,707.0
0.0,9150.0,2694.0,2271.0,0.0,2628.0,2628.0,1591.0,680.0,1887.0,807.0
0.0,6456.0,2566.0,2288.0,0.0,5262.0,5262.0,1602.0,686.0,1768.0,798.0
0.0,3890.0,2204.0,2285.0,2628.0,4826.0,4826.0,1599.0,686.0,1515.0,689.0
0.0,4314.0,2033.0,2270.0,5262.0,1537.0,1537.0,1588.0,682.0,1422.0,611.0
0.0,7543.0,2119.0,2258.0,4826.0,0.0,0.0,1580.0,678.0,1511.0,608.0
0.0,10250.0,2350.0,2261.0,1537.0,0.0,0.0,1583.0,678.0,1674.0,676.0
0.0,9437.0,2531.0,2276.0,0.0,2198.0,2198.0,1594.0,682.0,1773.0,758.0
0.0,6906.0,2471.0,2289.0,0.0,4721.0,4721.0,1603.0,686.0,1703.0,768.0
0.0,4435.0,2191.0,2288.0,2198.0,4710.0,4710.0,1601.0,687.0,1506.0,685.0
0.0,4442.0,1983.0,2273.0,4721.0,1912.0,1912.0,1590.0,683.0,1384.0,599.0
0.0,7180.0,2113.0,2262.0,4710.0,0.0,0.0,1583.0,679.0,1505.0,608.0
0.0,9777.0,2417.0,2266.0,1912.0,0.0,0.0,1587.0,679.0,1722.0,695.0
0.0,9272.0,2633.0,2281.0,0.0,2485.0,2485.0,1598.0,683.0,1847.0,786.0
0.0,6639.0,2464.0,2294.0,0.0,5001.0,5001.0,1606.0,688.0,1697.0,767.0
0.0,4175.0,2124.0,2292.0,2485.0,4632.0,4632.0,1604.0,688.0,1456.0,668.0
0.0,4536.0,1959.0,2279.0,5001.0,1538.0,1538.0,1594.0,685.0,1368.0,591.0
0.0,7578.0,2098.0,2266.0,4632.0,0.0,0.0,1586.0,680.0,1496.0,602.0
0.0,10112.0,2416.0,2268.0,1538.0,0.0,0.0,1588.0,680.0,1722.0,694.0
0.0,9234.0,2591.0,2283.0,0.0,2489.0,2489.0,1599.0,684.0,1817.0,774.0
0.0,6643.0,2454.0,2296.0,0.0,4995.0,4995.0,1608.0,688.0,1689.0,765.0
0.0,4189.0,2130.0,2296.0,2489.0,4636.0,4636.0,1607.0,689.0,1459.0,671.0
0.0,4548.0,1918.0,2282.0,4995.0,1503.0,1503.0,1596.0,686.0,1341.0,577.0
0.0,7625.0,2086.0,2271.0,4636.0,0.0,0.0,1589.0,682.0,1489.0,597.0
0.0,10175.0,2423.0,2274.0,1503.0,0.0,0.0,1592.0,682.0,1726.0,697.0
0.0,9255.0,2644.0,2289.0,0.0,2545.0,2545.0,1603.0,686.0,1853.0,791.0
0.0,6611.0,2491.0,2301.0,0.0,5084.0,5084.0,1611.0,690.0,1716.0,775.0
0.0,4120.0,2144.0,2301.0,2545.0,4683.0,4683.0,1610.0,691.0,1469.0,675.0
0.0,4521.0,1911.0,2287.0,5084.0,1454.0,1454.0,1600.0,687.0,1335.0,576.0
0.0,7694.0,2019.0,2276.0,4683.0,0.0,0.0,1593.0,683.0,1442.0,577.0
0.0,10358.0,2374.0,2275.0,1454.0,0.0,0.0,1593.0,682.0,1695.0,679.0
0.0,9438.0,2652.0,2287.0,0.0,2362.0,2362.0,1602.0,685.0,1858.0,794.0
0.0,6786.0,2599.0,2302.0,0.0,5021.0,5021.0,1612.0,690.0,1789.0,810.0
0.0,4187.0,2257.0,2305.0,2362.0,4928.0,4928.0,1613.0,692.0,1550.0,707.0
0.0,4292.0,2009.0,2297.0,5021.0,1884.0,1884.0,1607.0,690.0,1405.0,604.0
0.0,7304.0,2053.0,2285.0,4928.0,0.0,0.0,1599.0,686.0,1466.0,587.0
0.0,10179.0,2324.0,2281.0,1884.0,0.0,0.0,1597.0,684.0,1657.0,667.0
0.0,9739.0,2567.0,2289.0,0.0,1984.0,1984.0,1603.0,686.0,1798.0,769.0
0.0,7172.0,2524.0,2301.0,0.0,4556.0,4556.0,1611.0,690.0,1738.0,786.0
0.0,4648.0,2265.0,2306.0,1984.0,4857.0,4857.0,1614.0,692.0,1557.0,708.0
0.0,4367.0,2067.0,2300.0,4556.0,2344.0,2344.0,1609.0,691.0,1447.0,620.0
0.0,6856.0,2219.0,2290.0,4857.0,0.0,0.0,1602.0,688.0,1580.0,639.0
0.0,9494.0,2475.0,2288.0,2344.0,0.0,0.0,1602.0,686.0,1760.0,715.0
0.0,9363.0,2593.0,2296.0,0.0,2414.0,2414.0,1608.0,688.0,1816.0,777.0
0.0,6770.0,2456.0,2306.0,0.0,4910.0,4910.0,1615.0,691.0,1691.0,765.0
0.0,4314.0,2172.0,2310.0,2414.0,4684.0,4684.0,1616.0,694.0,1491.0,681.0
0.0,4556.0,2086.0,2303.0,4910.0,1832.0,1832.0,1611.0,692.0,1460.0,626.0
0.0,7380.0,2191.0,2294.0,4684.0,0.0,0.0,1605.0,689.0,1563.0,628.0
0.0,9873.0,2394.0,2291.0,1832.0,0.0,0.0,1604.0,687.0,1705.0,689.0
0.0,9311.0,2510.0,2296.0,0.0,2383.0,2383.0,1608.0,688.0,1757.0,753.0
0.0,6801.0,2527.0,2308.0,0.0,4958.0,4958.0,1616.0,692.0,1738.0,789.0
0.0,4274.0,2335.0,2313.0,2383.0,4930.0,4930.0,1618.0,695.0,1604.0,731.0
0.0,4322.0,2146.0,2307.0,4958.0,2094.0,2094.0,1614.0,693.0,1504.0,642.0
0.0,7134.0,2111.0,2296.0,4930.0,0.0,0.0,1607.0,689.0,1509.0,602.0
0.0,9953.0,2295.0,2291.0,2094.0,0.0,0.0,1604.0,687.0,1637.0,658.0
0.0,9752.0,2473.0,2296.0,0.0,1905.0,1905.0,1608.0,688.0,1729.0,744.0
0.0,7279.0,2517.0,2305.0,0.0,4458.0,4458.0,1614.0,691.0,1731.0,786.0
0.0,4762.0,2381.0,2311.0,1905.0,4958.0,4958.0,1617.0,694.0,1636.0,745.0
0.0,4286.0,2258.0,2309.0,4458.0,2750.0,2750.0,1615.0,694.0,1583.0,675.0
0.0,6486.0,2210.0,2302.0,4958.0,0.0,0.0,1611.0,691.0,1577.0,633.0
0.0,9234.0,2289.0,2299.0,2750.0,0.0,0.0,1610.0,689.0,1631.0,658.0
0.0,9695.0,2433.0,2303.0,0.0,1950.0,1950.0,1613.0,690.0,1703.0,730.0
0.0,7262.0,2499.0,2314.0,0.0,4493.0,4493.0,1620.0,694.0,1719.0,780.0
0.0,4763.0,2360.0,2318.0,1950.0,4919.0,4919.0,1622.0,696.0,1622.0,738.0
0.0,4353.0,2156.0,2313.0,4493.0,2562.0,2562.0,1618.0,695.0,1509.0,647.0
0.0,6690.0,2095.0,2303.0,4919.0,0.0,0.0,1611.0,692.0,1496.0,599.0
0.0,9514.0,2259.0,2299.0,2562.0,0.0,0.0,1610.0,689.0,1612.0,647.0
0.0,9817.0,2518.0,2307.0,0.0,1929.0,1929.0,1616.0,691.0,1765.0,753.0
0.0,7299.0,2566.0,2318.0,0.0,4539.0,4539.0,1623.0,695.0,1768.0,798.0
0.0,4733.0,2409.0,2324.0,1929.0,5043.0,5043.0,1626.0,698.0,1654.0,755.0
0.0,4253.0,2179.0,2319.0,4539.0,2663.0,2663.0,1622.0,697.0,1522.0,657.0
0.0,6613.0,2020.0,2308.0,5043.0,0.0,0.0,1615.0,693.0,1442.0,578.0
0.0,9636.0,2110.0,2302.0,2663.0,0.0,0.0,1612.0,690.0,1508.0,602.0
0.0,10189.0,2424.0,2307.0,0.0,1463.0,1463.0,1616.0,691.0,1698.0,726.0
0.0,7765.0,2645.0,2322.0,0.0,4168.0,4168.0,1626.0,696.0,1823.0,822.0
0.0,5120.0,2585.0,2331.0,1463.0,5326.0,5326.0,1631.0,700.0,1781.0,804.0
0.0,3998.0,2255.0,2328.0,4168.0,3401.0,3401.0,1628.0,700.0,1577.0,678.0
0.0,5911.0,1982.0,2315.0,5326.0,5.0,5.0,1620.0,695.0,1414.0,568.0
0.0,9255.0,2024.0,2306.0,3401.0,0.0,0.0,1615.0,691.0,1445.0,579.0
0.0,10632.0,2353.0,2310.0,5.0,956.0,956.0,1618.0,692.0,1650.0,703.0
0.0,8284.0,2585.0,2323.0,0.0,3593.0,3593.0,1627.0,696.0,1784.0,801.0
0.0,5699.0,2584.0,2334.0,956.0,5265.0,5265.0,1633.0,701.0,1779.0,805.0
0.0,4071.0,2290.0,2332.0,3593.0,3954.0,3954.0,1631.0,701.0,1599.0,691.0
0.0,5374.0,2069.0,2321.0,5265.0,714.0,714.0,1624.0,697.0,1475.0,594.0
0.0,8570.0,2151.0,2312.0,3954.0,0.0,0.0,1619.0,693.0,1538.0,613.0
0.0,10373.0,2419.0,2316.0,714.0,596.0,596.0,1622.0,694.0,1696.0,723.0
0.0,8668.0,2568.0,2326.0,0.0,3204.0,3204.0,1629.0,697.0,1771.0,797.0
0.0,6100.0,2493.0,2335.0,596.0,5137.0,5137.0,1634.0,701.0,1713.0,780.0
0.0,4203.0,2294.0,2335.0,3204.0,4227.0,4227.0,1633.0,702.0,1601.0,693.0
0.0,5113.0,2097.0,2325.0,5137.0,1147.0,1147.0,1627.0,698.0,1495.0,602.0
0.0,8153.0,2143.0,2318.0,4227.0,0.0,0.0,1623.0,695.0,1533.0,610.0
0.0,10237.0,2398.0,2320.0,1147.0,294.0,294.0,1625.0,695.0,1683.0,715.0
0.0,8986.0,2596.0,2331.0,0.0,2934.0,2934.0,1632.0,699.0,1789.0,807.0
0.0,6390.0,2597.0,2338.0,294.0,5265.0,5265.0,1636.0,702.0,1785.0,812.0
0.0,4087.0,2350.0,2336.0,2934.0,4673.0,4673.0,1634.0,702.0,1640.0,710.0
0.0,4671.0,2084.0,2325.0,5265.0,1448.0,1448.0,1627.0,698.0,1487.0,597.0
0.0,7852.0,2031.0,2318.0,4673.0,0.0,0.0,1623.0,695.0,1455.0,576.0
0.0,10494.0,2338.0,2321.0,1448.0,0.0,0.0,1626.0,695.0,1643.0,695.0
0.0,9604.0,2713.0,2333.0,0.0,2441.0,2441.0,1634.0,699.0,1872.0,841.0
0.0,6891.0,2774.0,2344.0,0.0,5259.0,5259.0,1640.0,704.0,1908.0,866.0
0.0,4117.0,2475.0,2346.0,2441.0,5301.0,5301.0,1641.0,705.0,1724.0,751.0
0.0,4083.0,2065.0,2337.0,5259.0,2071.0,2071.0,1635.0,702.0,1472.0,593.0
0.0,7277.0,1953.0,2326.0,5301.0,0.0,0.0,1629.0,697.0,1401.0,552.0
0.0,10625.0,2312.0,2325.0,2071.0,0.0,0.0,1629.0,696.0,1628.0,684.0
0.0,10384.0,2824.0,2339.0,0.0,1796.0,1796.0,1638.0,701.0,1951.0,873.0
0.0,7560.0,2899.0,2354.0,0.0,4755.0,4755.0,1647.0,707.0,1995.0,904.0
0.0,4661.0,2418.0,2356.0,1796.0,5385.0,5385.0,1648.0,708.0,1685.0,733.0
0.0,4039.0,1910.0,2345.0,4755.0,2496.0,2496.0,1641.0,704.0,1362.0,548.0
0.0,6884.0,1825.0,2332.0,5385.0,0.0,0.0,1633.0,699.0,1310.0,515.0
0.0,10444.0,2330.0,2331.0,2496.0,0.0,0.0,1633.0,698.0,1640.0,690.0
0.0,10610.0,2879.0,2343.0,0.0,1641.0,1641.0,1641.0,702.0,1992.0,887.0
0.0,7731.0,2902.0,2356.0,0.0,4595.0,4595.0,1649.0,707.0,1999.0,903.0
0.0,4829.0,2356.0,2357.0,1641.0,5314.0,5314.0,1649.0,708.0,1640.0,716.0
0.0,4114.0,1925.0,2348.0,4595.0,2608.0,2608.0,1643.0,705.0,1369.0,556.0
0.0,6784.0,1977.0,2338.0,5314.0,0.0,0.0,1637.0,701.0,1416.0,561.0
0.0,10121.0,2467.0,2340.0,2608.0,0.0,0.0,1639.0,701.0,1737.0,730.0
0.0,10262.0,2863.0,2353.0,0.0,2013.0,2013.0,1648.0,705.0,1983.0,880.0
0.0,7399.0,2794.0,2366.0,0.0,4859.0,4859.0,1656.0,710.0,1923.0,871.0
0.0,4605.0,2311.0,2368.0,2013.0,5165.0,5165.0,1656.0,712.0,1607.0,704.0
0.0,4307.0,1911.0,2356.0,4859.0,2169.0,2169.0,1648.0,708.0,1357.0,554.0
0.0,7255.0,1941.0,2344.0,5165.0,0.0,0.0,1641.0,703.0,1390.0,551.0
0.0,10479.0,2388.0,2344.0,2169.0,0.0,0.0,1642.0,702.0,1684.0,704.0
0.0,10260.0,2804.0,2356.0,0.0,1968.0,1968.0,1650.0,706.0,1944.0,860.0
0.0,7456.0,2826.0,2372.0,0.0,4858.0,4858.0,1660.0,712.0,1947.0,879.0
0.0,4630.0,2335.0,2376.0,1968.0,5241.0,5241.0,1662.0,714.0,1623.0,712.0
0.0,4263.0,1866.0,2365.0,4858.0,2205.0,2205.0,1655.0,710.0,1326.0,540.0
0.0,7255.0,1885.0,2351.0,5241.0,0.0,0.0,1646.0,705.0,1351.0,534.0
0.0,10611.0,2365.0,2346.0,2205.0,0.0,0.0,1643.0,703.0,1667.0,698.0
0.0,10451.0,2838.0,2357.0,0.0,1815.0,1815.0,1651.0,706.0,1968.0,870.0
0.0,7613.0,2804.0,2373.0,0.0,4683.0,4683.0,1661.0,712.0,1930.0,874.0
0.0,4809.0,2362.0,2380.0,1815.0,5258.0,5258.0,1665.0,715.0,1640.0,722.0
0.0,4262.0,1927.0,2371.0,4683.0,2466.0,2466.0,1659.0,712.0,1369.0,558.0
0.0,7018.0,1980.0,2360.0,5258.0,0.0,0.0,1652.0,708.0,1419.0,561.0
0.0,10296.0,2418.0,2357.0,2466.0,0.0,0.0,1651.0,706.0,1705.0,713.0
0.0,10344.0,2846.0,2367.0,0.0,1970.0,1970.0,1658.0,709.0,1971.0,875.0
0.0,7498.0,2834.0,2382.0,0.0,4864.0,4864.0,1667.0,715.0,1950.0,884.0
0.0,4664.0,2325.0,2385.0,1970.0,5231.0,5231.0,1668.0,717.0,1615.0,710.0
0.0,4309.0,1854.0,2374.0,4864.0,2177.0,2177.0,1661.0,713.0,1319.0,535.0
0.0,7319.0,1973.0,2363.0,5231.0,0.0,0.0,1654.0,709.0,1414.0,559.0
0.0,10577.0,2445.0,2363.0,2177.0,0.0,0.0,1655.0,708.0,1723.0,722.0
0.0,10309.0,2845.0,2373.0,0.0,2028.0,2028.0,1662.0,711.0,1970.0,875.0
0.0,7464.0,2751.0,2385.0,0.0,4827.0,4827.0,1669.0,716.0,1894.0,857.0
0.0,4713.0,2208.0,2386.0,2028.0,5011.0,5011.0,1669.0,717.0,1534.0,674.0
0.0,4533.0,1851.0,2376.0,4827.0,1995.0,1995.0,1662.0,714.0,1317.0,534.0
0.0,7509.0,2020.0,2365.0,5011.0,0.0,0.0,1656.0,709.0,1444.0,576.0
0.0,10500.0,2602.0,2365.0,1995.0,0.0,0.0,1657.0,708.0,1831.0,771.0
0.0,9893.0,2970.0,2377.0,0.0,2585.0,2585.0,1665.0,712.0,2059.0,911.0
0.0,6923.0,2738.0,2389.0,0.0,5371.0,5371.0,1672.0,717.0,1888.0,850.0
0.0,4185.0,2205.0,2393.0,2585.0,5007.0,5007.0,1674.0,719.0,1533.0,672.0
0.0,4565.0,1894.0,2384.0,5371.0,1494.0,1494.0,1668.0,716.0,1345.0,549.0
0.0,8042.0,2122.0,2373.0,5007.0,0.0,0.0,1661.0,712.0,1515.0,607.0
0.0,10927.0,2649.0,2370.0,1494.0,0.0,0.0,1660.0,710.0,1863.0,786.0
0.0,9772.0,2912.0,2379.0,0.0,2656.0,2656.0,1666.0,713.0,2019.0,893.0
0.0,6860.0,2701.0,2392.0,0.0,5409.0,5409.0,1674.0,718.0,1861.0,840.0
0.0,4159.0,2159.0,2395.0,2656.0,4924.0,4924.0,1675.0,720.0,1501.0,658.0
0.0,4656.0,1821.0,2386.0,5409.0,1300.0,1300.0,1669.0,717.0,1294.0,527.0
0.0,8244.0,2081.0,2371.0,4924.0,0.0,0.0,1660.0,711.0,1488.0,593.0
0.0,11087.0,2649.0,2367.0,1300.0,0.0,0.0,1658.0,709.0,1866.0,783.0
0.0,9738.0,3003.0,2378.0,0.0,2777.0,2777.0,1665.0,713.0,2082.0,921.0
0.0,6735.0,2735.0,2393.0,0.0,5572.0,5572.0,1675.0,718.0,1883.0,852.0
0.0,4000.0,2166.0,2400.0,2777.0,4989.0,4989.0,1679.0,721.0,1506.0,660.0
0.0,4611.0,1828.0,2391.0,5572.0,1209.0,1209.0,1673.0,718.0,1301.0,527.0
0.0,8355.0,2018.0,2374.0,4989.0,0.0,0.0,1662.0,712.0,1443.0,575.0
0.0,11326.0,2586.0,2368.0,1209.0,0.0,0.0,1659.0,709.0,1820.0,766.0
0.0,9949.0,3001.0,2380.0,0.0,2572.0,2572.0,1667.0,713.0,2078.0,923.0
0.0,6948.0,2790.0,2397.0,0.0,5430.0,5430.0,1678.0,719.0,1919.0,871.0
0.0,4158.0,2195.0,2402.0,2572.0,5073.0,5073.0,1680.0,722.0,1525.0,670.0
0.0,4535.0,1855.0,2390.0,5430.0,1450.0,1450.0,1672.0,718.0,1322.0,533.0
0.0,8110.0,2069.0,2374.0,5073.0,0.0,0.0,1662.0,712.0,1483.0,586.0
0.0,11114.0,2641.0,2371.0,1450.0,0.0,0.0,1661.0,710.0,1861.0,780.0
0.0,9923.0,2925.0,2383.0,0.0,2534.0,2534.0,1669.0,714.0,2024.0,901.0
0.0,6998.0,2720.0,2399.0,0.0,5318.0,5318.0,1679.0,720.0,1869.0,851.0
0.0,4278.0,2193.0,2403.0,2534.0,4993.0,4993.0,1681.0,722.0,1522.0,671.0
0.0,4619.0,1847.0,2393.0,5318.0,1482.0,1482.0,1674.0,719.0,1315.0,532.0
0.0,8090.0,2080.0,2379.0,4993.0,0.0,0.0,1665.0,714.0,1492.0,588.0
0.0,11003.0,2625.0,2376.0,1482.0,0.0,0.0,1664.0,712.0,1851.0,774.0
0.0,9860.0,2985.0,2388.0,0.0,2677.0,2677.0,1672.0,716.0,2065.0,920.0
0.0,6875.0,2771.0,2405.0,0.0,5516.0,5516.0,1683.0,722.0,1903.0,868.0
0.0,4104.0,2201.0,2412.0,2677.0,5068.0,5068.0,1687.0,725.0,1530.0,671.0
0.0,4580.0,1827.0,2401.0,5516.0,1335.0,1335.0,1680.0,721.0,1302.0,525.0
0.0,8269.0,1992.0,2384.0,5068.0,0.0,0.0,1669.0,715.0,1428.0,564.0
0.0,11345.0,2568.0,2380.0,1335.0,0.0,0.0,1667.0,713.0,1809.0,759.0
0.0,10112.0,2925.0,2391.0,0.0,2377.0,2377.0,1674.0,717.0,2025.0,900.0
0.0,7187.0,2794.0,2408.0,0.0,5239.0,5239.0,1685.0,723.0,1923.0,871.0
0.0,4393.0,2302.0,2413.0,2377.0,5184.0,5184.0,1688.0,725.0,1598.0,704.0
0.0,4468.0,1851.0,2403.0,5239.0,1756.0,1756.0,1681.0,722.0,1318.0,533.0
0.0,7856.0,1945.0,2386.0,5184.0,0.0,0.0,1670.0,716.0,1397.0,548.0
0.0,11095.0,2480.0,2379.0,1756.0,0.0,0.0,1666.0,713.0,1749.0,731.0
0.0,10371.0,2914.0,2390.0,0.0,2103.0,2103.0,1674.0,716.0,2014.0,900.0
0.0,7457.0,2805.0,2408.0,0.0,4980.0,4980.0,1685.0,723.0,1925.0,880.0
0.0,4652.0,2273.0,2414.0,2103.0,5174.0,5174.0,1689.0,725.0,1581.0,692.0
0.0,4482.0,1866.0,2403.0,4980.0,2016.0,2016.0,1681.0,722.0,1333.0,533.0
0.0,7596.0,1973.0,2386.0,5174.0,0.0,0.0,1670.0,716.0,1418.0,555.0
0.0,10797.0,2568.0,2383.0,2016.0,0.0,0.0,1669.0,714.0,1809.0,759.0
0.0,10245.0,3018.0,2399.0,0.0,2369.0,2369.0,1680.0,719.0,2087.0,931.0
0.0,7227.0,2869.0,2418.0,0.0,5314.0,5314.0,1692.0,726.0,1971.0,898.0
0.0,4358.0,2363.0,2425.0,2369.0,5336.0,5336.0,1696.0,729.0,1642.0,721.0
0.0,4364.0,1985.0,2413.0,5314.0,1959.0,1959.0,1688.0,725.0,1415.0,570.0
0.0,7693.0,2047.0,2395.0,5336.0,0.0,0.0,1677.0,718.0,1472.0,575.0
0.0,10982.0,2515.0,2390.0,1959.0,0.0,0.0,1674.0,716.0,1772.0,743.0
0.0,10426.0,2952.0,2405.0,0.0,2146.0,2146.0,1684.0,721.0,2040.0,912.0
0.0,7474.0,2868.0,2423.0,0.0,5086.0,5086.0,1696.0,727.0,1970.0,898.0
0.0,4606.0,2318.0,2427.0,2146.0,5274.0,5274.0,1698.0,729.0,1610.0,708.0
0.0,4434.0,1840.0,2411.0,5086.0,1964.0,1964.0,1687.0,724.0,1313.0,527.0
0.0,7680.0,1899.0,2393.0,5274.0,0.0,0.0,1675.0,718.0,1367.0,532.0
0.0,11055.0,2404.0,2387.0,1964.0,0.0,0.0,1672.0,715.0,1697.0,707.0
0.0,10615.0,2947.0,2402.0,0.0,1940.0,1940.0,1682.0,720.0,2038.0,909.0
0.0,7668.0,3017.0,2425.0,0.0,5049.0,5049.0,1697.0,728.0,2074.0,943.0
0.0,4651.0,2460.0,2432.0,1940.0,5597.0,5597.0,1701.0,731.0,1709.0,751.0
0.0,4131.0,1922.0,2418.0,5049.0,2414.0,2414.0,1692.0,726.0,1369.0,553.0
0.0,7258.0,1921.0,2397.0,5597.0,0.0,0.0,1678.0,719.0,1381.0,540.0
0.0,10934.0,2466.0,2392.0,2414.0,0.0,0.0,1675.0,717.0,1740.0,726.0
0.0,10882.0,3029.0,2409.0,0.0,1783.0,1783.0,1687.0,722.0,2096.0,933.0
0.0,7853.0,2944.0,2430.0,0.0,4811.0,4811.0,1701.0,729.0,2025.0,919.0
0.0,4909.0,2372.0,2437.0,1783.0,5428.0,5428.0,1705.0,732.0,1647.0,725.0
0.0,4320.0,1845.0,2423.0,4811.0,2406.0,2406.0,1695.0,728.0,1314.0,531.0
0.0,7286.0,1998.0,2404.0,5428.0,0.0,0.0,1683.0,721.0,1434.0,564.0
0.0,10716.0,2603.0,2400.0,2406.0,0.0,0.0,1681.0,719.0,1835.0,768.0
0.0,10519.0,3002.0,2416.0,0.0,2147.0,2147.0,1692.0,724.0,2079.0,923.0
0.0,7517.0,2802.0,2433.0,0.0,5017.0,5017.0,1703.0,730.0,1926.0,876.0
0.0,4715.0,2243.0,2437.0,2147.0,5129.0,5129.0,1705.0,732.0,1557.0,686.0
0.0,4619.0,1854.0,2422.0,5017.0,1906.0,1906.0,1694.0,728.0,1320.0,534.0
0.0,7782.0,2040.0,2404.0,5129.0,0.0,0.0,1683.0,721.0,1464.0,576.0
0.0,10871.0,2586.0,2403.0,1906.0,0.0,0.0,1683.0,720.0,1824.0,762.0
0.0,10191.0,3056.0,2419.0,0.0,2541.0,2541.0,1694.0,725.0,2115.0,941.0
0.0,7135.0,2837.0,2438.0,0.0,5454.0,5454.0,1706.0,732.0,1948.0,889.0
0.0,4298.0,2142.0,2439.0,2541.0,5059.0,5059.0,1706.0,733.0,1487.0,655.0
0.0,4697.0,1684.0,2421.0,5454.0,1217.0,1217.0,1694.0,727.0,1204.0,480.0
0.0,8467.0,1975.0,2401.0,5059.0,0.0,0.0,1681.0,720.0,1420.0,555.0
0.0,11551.0,2721.0,2401.0,1217.0,0.0,0.0,1682.0,719.0,1917.0,804.0
0.0,10047.0,3180.0,2419.0,0.0,2809.0,2809.0,1694.0,725.0,2199.0,981.0
0.0,6867.0,2888.0,2439.0,0.0,5777.0,5777.0,1707.0,732.0,1982.0,906.0
0.0,3979.0,2075.0,2442.0,2809.0,5055.0,5055.0,1708.0,734.0,1440.0,635.0
0.0,4713.0,1589.0,2423.0,5777.0,791.0,791.0,1695.0,728.0,1139.0,450.0
0.0,8901.0,1942.0,2404.0,5055.0,0.0,0.0,1683.0,721.0,1400.0,542.0
0.0,12014.0,2807.0,2404.0,791.0,0.0,0.0,1684.0,720.0,1979.0,828.0
0.0,9998.0,3279.0,2423.0,0.0,2973.0,2973.0,1697.0,726.0,2269.0,1010.0
0.0,6719.0,2873.0,2442.0,0.0,5922.0,5922.0,1709.0,733.0,1972.0,901.0
0.0,3846.0,2083.0,2445.0,2973.0,5044.0,5044.0,1710.0,735.0,1444.0,639.0
0.0,4736.0,1674.0,2430.0,5922.0,736.0,736.0,1700.0,730.0,1198.0,476.0
0.0,8984.0,2029.0,2413.0,5044.0,0.0,0.0,1689.0,724.0,1459.0,570.0
0.0,11999.0,2807.0,2412.0,736.0,0.0,0.0,1690.0,722.0,1979.0,828.0
0.0,9928.0,3277.0,2432.0,0.0,3077.0,3077.0,1703.0,729.0,2268.0,1009.0
0.0,6651.0,2966.0,2453.0,0.0,6127.0,6127.0,1717.0,736.0,2039.0,927.0
0.0,3685.0,2122.0,2456.0,3077.0,5184.0,5184.0,1718.0,738.0,1471.0,651.0
0.0,4640.0,1553.0,2436.0,6127.0,530.0,530.0,1704.0,732.0,1113.0,440.0
0.0,9214.0,1892.0,2414.0,5184.0,0.0,0.0,1690.0,724.0,1362.0,530.0
0.0,12506.0,2790.0,2413.0,530.0,0.0,0.0,1690.0,723.0,1966.0,824.0
0.0,10246.0,3401.0,2433.0,0.0,2887.0,2887.0,1704.0,729.0,2356.0,1045.0
0.0,6845.0,3140.0,2455.0,0.0,6115.0,6115.0,1718.0,737.0,2160.0,980.0
0.0,3705.0,2230.0,2459.0,2887.0,5474.0,5474.0,1720.0,739.0,1549.0,681.0
0.0,4362.0,1585.0,2441.0,6115.0,872.0,872.0,1708.0,733.0,1134.0,451.0
0.0,8892.0,1807.0,2418.0,5474.0,0.0,0.0,1693.0,725.0,1303.0,504.0
0.0,12559.0,2670.0,2415.0,872.0,0.0,0.0,1692.0,723.0,1880.0,790.0
0.0,10761.0,3347.0,2435.0,0.0,2326.0,2326.0,1705.0,730.0,2317.0,1030.0
0.0,7414.0,3155.0,2460.0,0.0,5581.0,5581.0,1722.0,738.0,2174.0,981.0
0.0,4259.0,2319.0,2469.0,2326.0,5610.0,5610.0,1727.0,742.0,1613.0,706.0
0.0,4266.0,1716.0,2455.0,5581.0,1689.0,1689.0,1718.0,737.0,1226.0,490.0
0.0,8131.0,1906.0,2435.0,5610.0,0.0,0.0,1705.0,730.0,1368.0,538.0
0.0,11835.0,2677.0,2428.0,1689.0,0.0,0.0,1701.0,727.0,1883.0,794.0
0.0,10847.0,3274.0,2444.0,0.0,2203.0,2203.0,1712.0,732.0,2268.0,1006.0
0.0,7573.0,3114.0,2467.0,0.0,5409.0,5409.0,1727.0,740.0,2145.0,969.0
0.0,4459.0,2317.0,2475.0,2203.0,5555.0,5555.0,1731.0,744.0,1611.0,706.0
0.0,4345.0,1690.0,2460.0,5409.0,1776.0,1776.0,1721.0,739.0,1207.0,483.0
0.0,8064.0,1836.0,2437.0,5555.0,0.0,0.0,1706.0,731.0,1320.0,516.0
0.0,11783.0,2627.0,2431.0,1776.0,0.0,0.0,1703.0,728.0,1851.0,776.0
0.0,10932.0,3191.0,2446.0,0.0,2043.0,2043.0,1713.0,733.0,2211.0,980.0
0.0,7741.0,3062.0,2470.0,0.0,5201.0,5201.0,1729.0,741.0,2110.0,952.0
0.0,4679.0,2334.0,2476.0,2043.0,5516.0,5516.0,1732.0,744.0,1622.0,712.0
0.0,4388.0,1721.0,2460.0,5201.0,1972.0,1972.0,1721.0,739.0,1226.0,495.0
0.0,7868.0,1803.0,2437.0,5516.0,0.0,0.0,1706.0,731.0,1295.0,508.0
0.0,11581.0,2557.0,2431.0,1972.0,0.0,0.0,1703.0,728.0,1800.0,757.0
0.0,10996.0,3248.0,2451.0,0.0,2056.0,2056.0,1717.0,734.0,2252.0,996.0
0.0,7748.0,3194.0,2477.0,0.0,5354.0,5354.0,1734.0,743.0,2205.0,989.0
0.0,4554.0,2443.0,2484.0,2056.0,5769.0,5769.0,1738.0,746.0,1699.0,744.0
0.0,4167.0,1703.0,2467.0,5354.0,2050.0,2050.0,1726.0,741.0,1213.0,490.0
0.0,7818.0,1707.0,2441.0,5769.0,0.0,0.0,1709.0,732.0,1226.0,481.0
0.0,11880.0,2502.0,2435.0,2050.0,0.0,0.0,1706.0,729.0,1764.0,738.0
0.0,11428.0,3310.0,2457.0,0.0,1710.0,1710.0,1721.0,736.0,2297.0,1013.0
0.0,8118.0,3317.0,2489.0,0.0,5155.0,5155.0,1742.0,747.0,2289.0,1028.0
0.0,4801.0,2424.0,2497.0,1710.0,5901.0,5901.0,1747.0,750.0,1684.0,740.0
0.0,4087.0,1567.0,2476.0,5155.0,2229.0,2229.0,1732.0,744.0,1117.0,450.0
0.0,7675.0,1630.0,2445.0,5901.0,0.0,0.0,1712.0,733.0,1175.0,455.0
0.0,11946.0,2500.0,2438.0,2229.0,0.0,0.0,1708.0,730.0,1764.0,736.0
0.0,11675.0,3366.0,2463.0,0.0,1543.0,1543.0,1725.0,738.0,2336.0,1030.0
0.0,8309.0,3370.0,2497.0,0.0,5049.0,5049.0,1748.0,749.0,2323.0,1047.0
0.0,4939.0,2507.0,2508.0,1543.0,6057.0,6057.0,1754.0,754.0,1740.0,767.0
0.0,3975.0,1596.0,2484.0,5049.0,2508.0,2508.0,1738.0,746.0,1138.0,458.0
0.0,7428.0,1555.0,2451.0,6057.0,0.0,0.0,1716.0,735.0,1125.0,430.0
0.0,11930.0,2445.0,2444.0,2508.0,0.0,0.0,1712.0,732.0,1726.0,719.0
0.0,11993.0,3337.0,2467.0,0.0,1212.0,1212.0,1728.0,739.0,2313.0,1024.0
0.0,8656.0,3406.0,2500.0,0.0,4750.0,4750.0,1750.0,750.0,2348.0,1058.0
0.0,5250.0,2564.0,2511.0,1212.0,6146.0,6146.0,1757.0,754.0,1783.0,781.0
0.0,3898.0,1624.0,2488.0,4750.0,2928.0,2928.0,1741.0,747.0,1161.0,463.0
0.0,7024.0,1530.0,2455.0,6146.0,0.0,0.0,1719.0,736.0,1107.0,423.0
0.0,11640.0,2442.0,2444.0,2928.0,0.0,0.0,1712.0,732.0,1721.0,721.0
0.0,12126.0,3353.0,2469.0,0.0,1103.0,1103.0,1729.0,740.0,2321.0,1032.0
0.0,8773.0,3357.0,2503.0,0.0,4596.0,4596.0,1752.0,751.0,2312.0,1045.0
0.0,5416.0,2518.0,2515.0,1103.0,6059.0,6059.0,1759.0,756.0,1752.0,766.0
0.0,4001.0,1631.0,2493.0,4596.0,3006.0,3006.0,1744.0,749.0,1169.0,462.0
0.0,6966.0,1623.0,2458.0,6059.0,0.0,0.0,1721.0,737.0,1174.0,449.0
0.0,11402.0,2482.0,2446.0,3006.0,0.0,0.0,1713.0,733.0,1748.0,734.0
0.0,11926.0,3308.0,2467.0,0.0,1250.0,1250.0,1728.0,739.0,2287.0,1021.0
0.0,8618.0,3329.0,2500.0,0.0,4711.0,4711.0,1750.0,750.0,2291.0,1038.0
0.0,5289.0,2526.0,2514.0,1250.0,6043.0,6043.0,1759.0,755.0,1759.0,767.0
0.0,4013.0,1718.0,2496.0,4711.0,2978.0,2978.0,1746.0,750.0,1231.0,487.0
0.0,7006.0,1661.0,2464.0,6043.0,0.0,0.0,1725.0,739.0,1200.0,461.0
0.0,11388.0,2427.0,2450.0,2978.0,0.0,0.0,1716.0,734.0,1708.0,719.0
0.0,11939.0,3224.0,2467.0,0.0,1153.0,1153.0,1728.0,739.0,2230.0,994.0
0.0,8715.0,3281.0,2496.0,0.0,4550.0,4550.0,1747.0,749.0,2261.0,1020.0
0.0,5434.0,2606.0,2510.0,1153.0,6059.0,6059.0,1756.0,754.0,1815.0,791.0
0.0,3981.0,1865.0,2494.0,4550.0,3310.0,3310.0,1745.0,749.0,1330.0,535.0
0.0,6666.0,1803.0,2467.0,6059.0,0.0,0.0,1727.0,740.0,1297.0,506.0
0.0,10922.0,2511.0,2454.0,3310.0,0.0,0.0,1719.0,735.0,1768.0,743.0
0.0,11721.0,3266.0,2473.0,0.0,1437.0,1437.0,1732.0,741.0,2260.0,1006.0
0.0,8455.0,3240.0,2503.0,0.0,4797.0,4797.0,1752.0,751.0,2231.0,1009.0
0.0,5215.0,2494.0,2516.0,1437.0,5906.0,5906.0,1760.0,756.0,1736.0,758.0
0.0,4158.0,1777.0,2499.0,4797.0,2818.0,2818.0,1748.0,751.0,1272.0,505.0
0.0,7178.0,1810.0,2473.0,5906.0,0.0,0.0,1731.0,742.0,1303.0,507.0
0.0,11274.0,2496.0,2461.0,2818.0,0.0,0.0,1724.0,737.0,1755.0,741.0
0.0,11596.0,3216.0,2479.0,0.0,1536.0,1536.0,1736.0,743.0,2224.0,992.0
0.0,8380.0,3213.0,2508.0,0.0,4865.0,4865.0,1755.0,753.0,2214.0,999.0
0.0,5167.0,2524.0,2522.0,1536.0,5909.0,5909.0,1764.0,758.0,1758.0,766.0
0.0,4179.0,1804.0,2507.0,4865.0,2788.0,2788.0,1754.0,753.0,1289.0,515.0
0.0,7240.0,1729.0,2477.0,5909.0,0.0,0.0,1734.0,743.0,1244.0,485.0
0.0,11420.0,2453.0,2463.0,2788.0,0.0,0.0,1725.0,738.0,1726.0,727.0
0.0,11755.0,3181.0,2478.0,0.0,1338.0,1338.0,1735.0,743.0,2201.0,980.0
0.0,8574.0,3247.0,2507.0,0.0,4701.0,4701.0,1755.0,752.0,2239.0,1008.0
0.0,5327.0,2687.0,2526.0,1338.0,6126.0,6126.0,1767.0,759.0,1872.0,815.0
0.0,3978.0,1923.0,2515.0,4701.0,3304.0,3304.0,1760.0,755.0,1371.0,552.0
0.0,6756.0,1691.0,2484.0,6126.0,0.0,0.0,1739.0,745.0,1217.0,474.0
0.0,11191.0,2307.0,2464.0,3304.0,0.0,0.0,1726.0,738.0,1623.0,684.0
0.0,12188.0,3138.0,2478.0,0.0,862.0,862.0,1735.0,743.0,2170.0,968.0
0.0,9050.0,3348.0,2512.0,0.0,4346.0,4346.0,1758.0,754.0,2310.0,1038.0
0.0,5702.0,2748.0,2534.0,862.0,6320.0,6320.0,1773.0,761.0,1918.0,830.0
0.0,3816.0,1911.0,2523.0,4346.0,3841.0,3841.0,1765.0,758.0,1364.0,547.0
0.0,6251.0,1665.0,2490.0,6320.0,0.0,0.0,1743.0,747.0,1197.0,468.0
0.0,10906.0,2266.0,2469.0,3841.0,0.0,0.0,1729.0,740.0,1591.0,675.0
0.0,12481.0,3078.0,2479.0,0.0,513.0,513.0,1736.0,743.0,2128.0,950.0
0.0,9403.0,3328.0,2513.0,0.0,3977.0,3977.0,1759.0,754.0,2299.0,1029.0
0.0,6075.0,2732.0,2536.0,513.0,6288.0,6288.0,1774.0,762.0,1908.0,824.0
0.0,3856.0,1893.0,2524.0,3977.0,4156.0,4156.0,1766.0,758.0,1351.0,542.0
0.0,5940.0,1702.0,2493.0,6288.0,0.0,0.0,1745.0,748.0,1220.0,482.0
0.0,10526.0,2312.0,2472.0,4156.0,0.0,0.0,1731.0,741.0,1621.0,691.0
0.0,12370.0,3157.0,2484.0,0.0,723.0,723.0,1739.0,745.0,2185.0,972.0
0.0,9213.0,3372.0,2518.0,0.0,4231.0,4231.0,1762.0,756.0,2333.0,1039.0
0.0,5841.0,2745.0,2540.0,723.0,6341.0,6341.0,1777.0,763.0,1917.0,828.0
0.0,3819.0,1909.0,2530.0,4231.0,3979.0,3979.0,1770.0,760.0,1359.0,550.0
0.0,6141.0,1700.0,2499.0,6341.0,0.0,0.0,1749.0,750.0,1218.0,482.0
0.0,10782.0,2305.0,2479.0,3979.0,0.0,0.0,1736.0,743.0,1620.0,685.0
0.0,12456.0,3091.0,2489.0,0.0,591.0,591.0,1743.0,746.0,2142.0,949.0
0.0,9365.0,3337.0,2522.0,0.0,4060.0,4060.0,1765.0,757.0,2306.0,1031.0
0.0,6028.0,2737.0,2543.0,591.0,6290.0,6290.0,1779.0,764.0,1908.0,829.0
0.0,3882.0,1905.0,2533.0,4060.0,4095.0,4095.0,1772.0,761.0,1355.0,550.0
0.0,6037.0,1702.0,2501.0,6290.0,0.0,0.0,1751.0,750.0,1222.0,480.0
0.0,10625.0,2307.0,2482.0,4095.0,0.0,0.0,1738.0,744.0,1624.0,683.0
0.0,12413.0,3128.0,2493.0,0.0,687.0,687.0,1746.0,747.0,2168.0,960.0
0.0,9285.0,3401.0,2526.0,0.0,4220.0,4220.0,1768.0,758.0,2348.0,1053.0
0.0,5884.0,2819.0,2548.0,687.0,6440.0,6440.0,1782.0,766.0,1963.0,856.0
0.0,3752.0,2056.0,2541.0,4220.0,4248.0,4248.0,1778.0,763.0,1461.0,595.0
0.0,5916.0,1784.0,2514.0,6440.0,0.0,0.0,1760.0,754.0,1282.0,502.0
0.0,10572.0,2276.0,2494.0,4248.0,0.0,0.0,1747.0,747.0,1603.0,673.0
0.0,12544.0,3028.0,2502.0,0.0,492.0,492.0,1752.0,750.0,2096.0,932.0
0.0,9516.0,3299.0,2529.0,0.0,3899.0,3899.0,1770.0,759.0,2276.0,1023.0
0.0,6217.0,2865.0,2550.0,492.0,6356.0,6356.0,1784.0,766.0,1997.0,868.0
0.0,3844.0,2116.0,2543.0,3899.0,4545.0,4545.0,1779.0,764.0,1505.0,611.0
0.0,5627.0,1788.0,2514.0,6356.0,0.0,0.0,1760.0,754.0,1284.0,504.0
0.0,10195.0,2199.0,2494.0,4545.0,0.0,0.0,1747.0,747.0,1549.0,650.0
0.0,12541.0,3001.0,2504.0,0.0,476.0,476.0,1754.0,750.0,2079.0,922.0
0.0,9540.0,3401.0,2535.0,0.0,4001.0,4001.0,1774.0,761.0,2348.0,1053.0
0.0,6139.0,2932.0,2556.0,476.0,6541.0,6541.0,1788.0,768.0,2041.0,891.0
0.0,3683.0,2066.0,2549.0,4001.0,4578.0,4578.0,1783.0,766.0,1469.0,597.0
0.0,5618.0,1637.0,2518.0,6541.0,0.0,0.0,1763.0,755.0,1179.0,458.0
0.0,10522.0,2057.0,2496.0,4578.0,0.0,0.0,1748.0,748.0,1450.0,607.0
0.0,13043.0,2978.0,2505.0,0.0,0.0,0.0,1754.0,751.0,2063.0,915.0
0.0,10065.0,3457.0,2536.0,0.0,3536.0,3536.0,1775.0,761.0,2385.0,1072.0
0.0,6608.0,3013.0,2562.0,0.0,6653.0,6653.0,1792.0,770.0,2097.0,916.0
0.0,3595.0,2093.0,2554.0,3536.0,5178.0,5178.0,1787.0,767.0,1489.0,604.0
0.0,5038.0,1638.0,2524.0,6653.0,43.0,43.0,1767.0,757.0,1181.0,457.0
0.0,10053.0,2062.0,2502.0,5178.0,0.0,0.0,1752.0,750.0,1454.0,608.0
0.0,13169.0,2933.0,2506.0,43.0,0.0,0.0,1755.0,751.0,2031.0,902.0
0.0,10279.0,3410.0,2535.0,0.0,3271.0,3271.0,1774.0,761.0,2354.0,1056.0
0.0,6869.0,2905.0,2559.0,0.0,6272.0,6272.0,1790.0,769.0,2023.0,882.0
0.0,3964.0,2035.0,2553.0,3271.0,5012.0,5012.0,1786.0,767.0,1447.0,588.0
0.0,5200.0,1621.0,2524.0,6272.0,245.0,245.0,1767.0,757.0,1168.0,453.0
0.0,9851.0,2092.0,2500.0,5012.0,0.0,0.0,1751.0,749.0,1475.0,617.0
0.0,12771.0,3010.0,2505.0,245.0,14.0,14.0,1754.0,751.0,2084.0,926.0
0.0,10006.0,3442.0,2535.0,0.0,3576.0,3576.0,1774.0,761.0,2376.0,1066.0
0.0,6564.0,2971.0,2559.0,14.0,6629.0,6629.0,1790.0,769.0,2069.0,902.0
0.0,3607.0,2045.0,2555.0,3576.0,5082.0,5082.0,1788.0,767.0,1454.0,591.0
0.0,5138.0,1676.0,2528.0,6629.0,21.0,21.0,1770.0,758.0,1206.0,470.0
0.0,10091.0,2232.0,2507.0,5082.0,0.0,0.0,1756.0,751.0,1571.0,661.0
0.0,12941.0,3038.0,2513.0,21.0,128.0,128.0,1760.0,753.0,2102.0,936.0
0.0,9924.0,3347.0,2541.0,0.0,3587.0,3587.0,1778.0,763.0,2311.0,1036.0
0.0,6577.0,2839.0,2563.0,128.0,6386.0,6386.0,1793.0,770.0,1980.0,859.0
0.0,3866.0,1993.0,2557.0,3587.0,4768.0,4768.0,1789.0,768.0,1420.0,573.0
0.0,5460.0,1693.0,2528.0,6386.0,0.0,0.0,1770.0,758.0,1217.0,476.0
0.0,10153.0,2257.0,2507.0,4768.0,0.0,0.0,1756.0,751.0,1587.0,670.0
0.0,12664.0,3087.0,2513.0,0.0,475.0,475.0,1760.0,753.0,2136.0,951.0
0.0,9577.0,3387.0,2542.0,0.0,3978.0,3978.0,1779.0,763.0,2339.0,1048.0
0.0,6190.0,2813.0,2563.0,475.0,6400.0,6400.0,1793.0,770.0,1962.0,851.0
0.0,3852.0,2004.0,2558.0,3978.0,4406.0,4406.0,1790.0,768.0,1429.0,575.0
0.0,5826.0,1718.0,2531.0,6400.0,0.0,0.0,1772.0,759.0,1233.0,485.0
0.0,10508.0,2261.0,2510.0,4406.0,0.0,0.0,1758.0,752.0,1587.0,674.0
0.0,12653.0,3109.0,2518.0,0.0,528.0,528.0,1763.0,755.0,2151.0,958.0
0.0,9544.0,3409.0,2546.0,0.0,4049.0,4049.0,1782.0,764.0,2358.0,1051.0
0.0,6135.0,2888.0,2570.0,528.0,6505.0,6505.0,1798.0,772.0,2017.0,871.0
0.0,3775.0,2052.0,2565.0,4049.0,4488.0,4488.0,1795.0,770.0,1461.0,591.0
0.0,5772.0,1685.0,2537.0,6505.0,0.0,0.0,1776.0,761.0,1209.0,476.0
0.0,10592.0,2222.0,2514.0,4488.0,0.0,0.0,1761.0,753.0,1560.0,662.0
0.0,12858.0,3119.0,2520.0,0.0,341.0,341.0,1765.0,755.0,2158.0,961.0
0.0,9739.0,3463.0,2547.0,0.0,3912.0,3912.0,1783.0,764.0,2394.0,1069.0
0.0,6276.0,2940.0,2569.0,341.0,6599.0,6599.0,1797.0,772.0,2053.0,887.0
0.0,3677.0,2044.0,2565.0,3912.0,4715.0,4715.0,1795.0,770.0,1457.0,587.0
0.0,5545.0,1751.0,2540.0,6599.0,0.0,0.0,1778.0,762.0,1255.0,496.0
0.0,10393.0,2300.0,2521.0,4715.0,0.0,0.0,1766.0,755.0,1614.0,686.0
0.0,12808.0,3210.0,2528.0,0.0,514.0,514.0,1770.0,758.0,2219.0,991.0
0.0,9598.0,3507.0,2555.0,0.0,4129.0,4129.0,1788.0,767.0,2424.0,1083.0
0.0,6091.0,2863.0,2575.0,514.0,6558.0,6558.0,1801.0,774.0,2001.0,862.0
0.0,3742.0,1997.0,2571.0,4129.0,4410.0,4410.0,1799.0,772.0,1425.0,572.0
0.0,5874.0,1689.0,2546.0,6558.0,0.0,0.0,1782.0,764.0,1214.0,475.0
0.0,10743.0,2242.0,2524.0,4410.0,0.0,0.0,1768.0,756.0,1574.0,668.0
0.0,12911.0,3143.0,2528.0,0.0,344.0,344.0,1770.0,758.0,2174.0,969.0
0.0,9768.0,3467.0,2555.0,0.0,3919.0,3919.0,1788.0,767.0,2393.0,1074.0
0.0,6301.0,2825.0,2577.0,344.0,6488.0,6488.0,1803.0,774.0,1970.0,855.0
0.0,3820.0,1922.0,2575.0,3919.0,4483.0,4483.0,1802.0,773.0,1373.0,549.0
0.0,5817.0,1666.0,2550.0,6488.0,0.0,0.0,1785.0,765.0,1201.0,465.0
0.0,10639.0,2307.0,2527.0,4483.0,0.0,0.0,1770.0,757.0,1623.0,684.0
0.0,12815.0,3222.0,2532.0,0.0,535.0,535.0,1773.0,759.0,2226.0,996.0
0.0,9593.0,3441.0,2558.0,0.0,4080.0,4080.0,1790.0,768.0,2371.0,1070.0
0.0,6152.0,2770.0,2579.0,535.0,6399.0,6399.0,1804.0,775.0,1931.0,839.0
0.0,3917.0,1910.0,2577.0,4080.0,4221.0,4221.0,1803.0,774.0,1368.0,542.0
0.0,6087.0,1687.0,2552.0,6399.0,0.0,0.0,1787.0,765.0,1220.0,467.0
0.0,10799.0,2365.0,2533.0,4221.0,0.0,0.0,1774.0,759.0,1665.0,700.0
0.0,12655.0,3243.0,2539.0,0.0,744.0,744.0,1778.0,761.0,2240.0,1003.0
0.0,9412.0,3467.0,2566.0,0.0,4319.0,4319.0,1796.0,770.0,2387.0,1080.0
0.0,5945.0,2805.0,2589.0,744.0,6472.0,6472.0,1811.0,778.0,1952.0,853.0
0.0,3884.0,1852.0,2584.0,4319.0,3985.0,3985.0,1808.0,776.0,1325.0,527.0
0.0,6351.0,1570.0,2557.0,6472.0,0.0,0.0,1790.0,767.0,1139.0,431.0
0.0,11253.0,2268.0,2534.0,3985.0,0.0,0.0,1775.0,759.0,1600.0,668.0
0.0,12970.0,3245.0,2539.0,0.0,431.0,431.0,1778.0,761.0,2244.0,1001.0
0.0,9725.0,3517.0,2568.0,0.0,4064.0,4064.0,1797.0,771.0,2422.0,1095.0
0.0,6208.0,2895.0,2592.0,431.0,6624.0,6624.0,1813.0,779.0,2014.0,881.0
0.0,3744.0,1989.0,2587.0,4064.0,4529.0,4529.0,1810.0,777.0,1421.0,568.0
0.0,5819.0,1666.0,2560.0,6624.0,0.0,0.0,1792.0,768.0,1206.0,460.0
0.0,10777.0,2246.0,2539.0,4529.0,0.0,0.0,1778.0,761.0,1583.0,663.0
0.0,13060.0,3130.0,2545.0,0.0,250.0,250.0,1782.0,763.0,2162.0,968.0
0.0,9930.0,3408.0,2572.0,0.0,3766.0,3766.0,1800.0,772.0,2347.0,1061.0
0.0,6522.0,2926.0,2596.0,250.0,6538.0,6538.0,1816.0,780.0,2037.0,889.0
0.0,3846.0,2110.0,2593.0,3766.0,4870.0,4870.0,1814.0,779.0,1504.0,606.0
0.0,5502.0,1795.0,2568.0,6538.0,27.0,27.0,1798.0,770.0,1297.0,498.0
0.0,10245.0,2214.0,2545.0,4870.0,0.0,0.0,1783.0,762.0,1562.0,652.0
0.0,12901.0,3022.0,2549.0,27.0,290.0,290.0,1785.0,764.0,2085.0,937.0
0.0,9906.0,3364.0,2575.0,0.0,3758.0,3758.0,1802.0,773.0,2312.0,1052.0
0.0,6542.0,2938.0,2599.0,290.0,6502.0,6502.0,1818.0,781.0,2045.0,893.0
0.0,3894.0,2131.0,2597.0,3758.0,4867.0,4867.0,1817.0,780.0,1523.0,608.0
0.0,5521.0,1816.0,2572.0,6502.0,81.0,81.0,1801.0,771.0,1312.0,504.0
0.0,10207.0,2290.0,2550.0,4867.0,0.0,0.0,1786.0,764.0,1612.0,678.0
0.0,12784.0,3097.0,2554.0,81.0,448.0,448.0,1788.0,766.0,2137.0,960.0
0.0,9768.0,3397.0,2580.0,0.0,3949.0,3949.0,1805.0,775.0,2338.0,1059.0
0.0,6371.0,2958.0,2605.0,448.0,6559.0,6559.0,1822.0,783.0,2061.0,897.0
0.0,3861.0,2212.0,2604.0,3949.0,4818.0,4818.0,1822.0,782.0,1580.0,632.0
0.0,5598.0,1868.0,2581.0,6559.0,35.0,35.0,1807.0,774.0,1349.0,519.0
0.0,10289.0,2229.0,2557.0,4818.0,0.0,0.0,1791.0,766.0,1570.0,659.0
0.0,12878.0,2941.0,2556.0,35.0,252.0,252.0,1790.0,766.0,2027.0,914.0
0.0,9972.0,3296.0,2581.0,0.0,3648.0,3648.0,1806.0,775.0,2266.0,1030.0
0.0,6676.0,2952.0,2603.0,252.0,6436.0,6436.0,1821.0,782.0,2057.0,895.0
0.0,3976.0,2263.0,2603.0,3648.0,5051.0,5051.0,1821.0,782.0,1616.0,647.0
0.0,5361.0,1886.0,2578.0,6436.0,401.0,401.0,1805.0,773.0,1360.0,526.0
0.0,9911.0,2223.0,2553.0,5051.0,0.0,0.0,1788.0,765.0,1564.0,659.0
0.0,12739.0,2944.0,2555.0,401.0,24.0,24.0,1789.0,766.0,2030.0,914.0
0.0,10196.0,3350.0,2581.0,0.0,3478.0,3478.0,1806.0,775.0,2306.0,1044.0
0.0,6846.0,3026.0,2606.0,24.0,6580.0,6580.0,1823.0,783.0,2110.0,916.0
0.0,3844.0,2349.0,2608.0,3478.0,5459.0,5459.0,1825.0,783.0,1675.0,674.0
0.0,4973.0,1906.0,2584.0,6580.0,689.0,689.0,1809.0,775.0,1373.0,533.0
0.0,9647.0,2167.0,2560.0,5459.0,0.0,0.0,1793.0,767.0,1525.0,642.0
0.0,12939.0,2797.0,2559.0,689.0,0.0,0.0,1792.0,767.0,1928.0,869.0
0.0,10831.0,3204.0,2584.0,0.0,2709.0,2709.0,1808.0,776.0,2202.0,1002.0
0.0,7627.0,3008.0,2609.0,0.0,5817.0,5817.0,1825.0,784.0,2095.0,913.0
0.0,4619.0,2405.0,2611.0,2709.0,5521.0,5521.0,1827.0,784.0,1715.0,690.0
0.0,4923.0,1941.0,2587.0,5817.0,1549.0,1549.0,1811.0,776.0,1401.0,540.0
0.0,8799.0,2118.0,2561.0,5521.0,0.0,0.0,1794.0,767.0,1493.0,625.0
0.0,12202.0,2811.0,2562.0,1549.0,0.0,0.0,1794.0,768.0,1934.0,877.0
0.0,10940.0,3226.0,2587.0,0.0,2634.0,2634.0,1810.0,777.0,2217.0,1009.0
0.0,7714.0,2978.0,2612.0,0.0,5712.0,5712.0,1827.0,785.0,2077.0,901.0
0.0,4736.0,2319.0,2611.0,2634.0,5393.0,5393.0,1827.0,784.0,1657.0,662.0
0.0,5051.0,1948.0,2587.0,5712.0,1533.0,1533.0,1811.0,776.0,1402.0,546.0
0.0,8815.0,2270.0,2563.0,5393.0,0.0,0.0,1795.0,768.0,1595.0,675.0
0.0,11938.0,2907.0,2565.0,1533.0,0.0,0.0,1796.0,769.0,2002.0,905.0
0.0,10564.0,3275.0,2592.0,0.0,3079.0,3079.0,1814.0,778.0,2253.0,1022.0
0.0,7289.0,2988.0,2619.0,0.0,6175.0,6175.0,1832.0,787.0,2086.0,902.0
0.0,4301.0,2313.0,2621.0,3079.0,5417.0,5417.0,1834.0,787.0,1654.0,659.0
0.0,5067.0,1903.0,2595.0,6175.0,1041.0,1041.0,1817.0,778.0,1370.0,533.0
0.0,9339.0,2183.0,2570.0,5417.0,0.0,0.0,1800.0,770.0,1532.0,651.0
0.0,12573.0,2871.0,2569.0,1041.0,0.0,0.0,1799.0,770.0,1974.0,897.0
0.0,10743.0,3247.0,2592.0,0.0,2872.0,2872.0,1814.0,778.0,2236.0,1011.0
0.0,7496.0,3007.0,2619.0,0.0,5987.0,5987.0,1832.0,787.0,2101.0,906.0
0.0,4489.0,2312.0,2620.0,2872.0,5431.0,5431.0,1833.0,787.0,1651.0,661.0
0.0,5049.0,1909.0,2597.0,5987.0,1261.0,1261.0,1818.0,779.0,1374.0,535.0
0.0,9127.0,2194.0,2573.0,5431.0,0.0,0.0,1802.0,771.0,1542.0,652.0
0.0,12364.0,2907.0,2573.0,1261.0,0.0,0.0,1802.0,771.0,2003.0,904.0
0.0,10718.0,3320.0,2596.0,0.0,2986.0,2986.0,1817.0,779.0,2286.0,1034.0
0.0,7398.0,3080.0,2621.0,0.0,6166.0,6166.0,1833.0,788.0,2148.0,932.0
0.0,4318.0,2407.0,2624.0,2986.0,5599.0,5599.0,1836.0,788.0,1716.0,691.0
0.0,4897.0,1942.0,2604.0,6166.0,1295.0,1295.0,1823.0,781.0,1398.0,544.0
0.0,9121.0,2254.0,2582.0,5599.0,0.0,0.0,1809.0,773.0,1585.0,669.0
0.0,12466.0,2987.0,2583.0,1295.0,0.0,0.0,1809.0,774.0,2058.0,929.0
0.0,10774.0,3320.0,2606.0,0.0,2970.0,2970.0,1824.0,782.0,2285.0,1035.0
0.0,7454.0,2944.0,2628.0,0.0,6002.0,6002.0,1838.0,790.0,2055.0,889.0
0.0,4510.0,2201.0,2626.0,2970.0,5225.0,5225.0,1837.0,789.0,1573.0,628.0
0.0,5279.0,1876.0,2602.0,6002.0,1003.0,1003.0,1822.0,780.0,1351.0,525.0
0.0,9405.0,2278.0,2581.0,5225.0,0.0,0.0,1808.0,773.0,1601.0,677.0
0.0,12352.0,3099.0,2584.0,1003.0,80.0,80.0,1810.0,774.0,2138.0,961.0
0.0,10256.0,3448.0,2608.0,0.0,3624.0,3624.0,1825.0,783.0,2376.0,1072.0
0.0,6808.0,2988.0,2629.0,80.0,6616.0,6616.0,1839.0,790.0,2085.0,903.0
0.0,3900.0,2201.0,2629.0,3624.0,5193.0,5193.0,1839.0,790.0,1570.0,631.0
0.0,5323.0,1856.0,2608.0,6616.0,349.0,349.0,1826.0,782.0,1336.0,520.0
0.0,10083.0,2338.0,2590.0,5193.0,0.0,0.0,1814.0,776.0,1645.0,693.0
0.0,12938.0,3164.0,2593.0,349.0,249.0,249.0,1816.0,777.0,2185.0,979.0
0.0,10123.0,3492.0,2617.0,0.0,3837.0,3837.0,1831.0,786.0,2407.0,1085.0
0.0,6631.0,2963.0,2638.0,249.0,6635.0,6635.0,1845.0,793.0,2065.0,898.0
0.0,3917.0,2088.0,2636.0,3837.0,4878.0,4878.0,1844.0,792.0,1490.0,598.0
0.0,5666.0,1795.0,2613.0,6635.0,0.0,0.0,1829.0,784.0,1295.0,500.0
0.0,10506.0,2458.0,2596.0,4878.0,0.0,0.0,1818.0,778.0,1729.0,729.0
0.0,12926.0,3326.0,2602.0,0.0,808.0,808.0,1822.0,780.0,2299.0,1027.0
0.0,9600.0,3502.0,2624.0,0.0,4398.0,4398.0,1836.0,788.0,2414.0,1088.0
0.0,6098.0,2795.0,2641.0,808.0,6453.0,6453.0,1847.0,794.0,1948.0,847.0
0.0,4111.0,1892.0,2636.0,4398.0,3927.0,3927.0,1844.0,792.0,1353.0,539.0
0.0,6617.0,1776.0,2616.0,6453.0,0.0,0.0,1831.0,785.0,1280.0,496.0
0.0,11294.0,2500.0,2603.0,3927.0,0.0,0.0,1823.0,780.0,1758.0,742.0
0.0,12721.0,3418.0,2610.0,0.0,1137.0,1137.0,1828.0,782.0,2366.0,1052.0
0.0,9303.0,3549.0,2632.0,0.0,4774.0,4774.0,1842.0,790.0,2447.0,1102.0
0.0,5754.0,2771.0,2648.0,1137.0,6472.0,6472.0,1852.0,796.0,1930.0,841.0
0.0,4120.0,1809.0,2643.0,4774.0,3487.0,3487.0,1849.0,794.0,1294.0,515.0
0.0,7085.0,1637.0,2620.0,6472.0,0.0,0.0,1834.0,786.0,1183.0,454.0
0.0,11920.0,2404.0,2604.0,3487.0,0.0,0.0,1824.0,780.0,1692.0,712.0
0.0,13003.0,3378.0,2612.0,0.0,823.0,823.0,1829.0,783.0,2338.0,1040.0
0.0,9625.0,3588.0,2636.0,0.0,4507.0,4507.0,1845.0,791.0,2474.0,1114.0
0.0,6037.0,2851.0,2654.0,823.0,6607.0,6607.0,1856.0,798.0,1985.0,866.0
0.0,4009.0,1928.0,2647.0,4507.0,4000.0,4000.0,1852.0,795.0,1376.0,552.0
0.0,6588.0,1722.0,2624.0,6607.0,0.0,0.0,1837.0,787.0,1244.0,478.0
0.0,11473.0,2448.0,2608.0,4000.0,0.0,0.0,1827.0,781.0,1727.0,721.0
0.0,13025.0,3403.0,2616.0,0.0,842.0,842.0,1832.0,784.0,2354.0,1049.0
0.0,9622.0,3592.0,2641.0,0.0,4534.0,4534.0,1848.0,793.0,2474.0,1118.0
0.0,6030.0,2798.0,2658.0,842.0,6558.0,6558.0,1859.0,799.0,1946.0,852.0
0.0,4074.0,1803.0,2650.0,4534.0,3795.0,3795.0,1854.0,796.0,1290.0,513.0
0.0,6805.0,1629.0,2627.0,6558.0,0.0,0.0,1839.0,788.0,1182.0,447.0
0.0,11734.0,2467.0,2612.0,3795.0,0.0,0.0,1830.0,782.0,1739.0,728.0
0.0,13062.0,3517.0,2622.0,0.0,943.0,943.0,1836.0,786.0,2432.0,1085.0
0.0,9545.0,3654.0,2648.0,0.0,4701.0,4701.0,1853.0,795.0,2517.0,1137.0
0.0,5891.0,2805.0,2665.0,943.0,6631.0,6631.0,1864.0,801.0,1951.0,854.0
0.0,4029.0,1805.0,2657.0,4701.0,3703.0,3703.0,1859.0,798.0,1293.0,512.0
0.0,6925.0,1634.0,2632.0,6631.0,0.0,0.0,1843.0,789.0,1186.0,448.0
0.0,11922.0,2488.0,2617.0,3703.0,0.0,0.0,1833.0,784.0,1754.0,734.0
0.0,13137.0,3490.0,2624.0,0.0,849.0,849.0,1838.0,786.0,2413.0,1077.0
0.0,9647.0,3578.0,2647.0,0.0,4519.0,4519.0,1852.0,795.0,2461.0,1117.0
0.0,6069.0,2771.0,2663.0,849.0,6505.0,6505.0,1863.0,800.0,1927.0,844.0
0.0,4147.0,1806.0,2654.0,4519.0,3756.0,3756.0,1857.0,797.0,1294.0,512.0
0.0,6860.0,1660.0,2629.0,6505.0,0.0,0.0,1841.0,788.0,1203.0,457.0
0.0,11705.0,2569.0,2614.0,3756.0,0.0,0.0,1831.0,783.0,1812.0,757.0
0.0,12892.0,3582.0,2627.0,0.0,1198.0,1198.0,1840.0,787.0,2478.0,1104.0
0.0,9310.0,3716.0,2656.0,0.0,5030.0,5030.0,1859.0,797.0,2559.0,1157.0
0.0,5594.0,2784.0,2673.0,1198.0,6684.0,6684.0,1870.0,803.0,1937.0,847.0
0.0,4008.0,1780.0,2664.0,5030.0,3398.0,3398.0,1864.0,800.0,1275.0,505.0
0.0,7258.0,1675.0,2637.0,6684.0,0.0,0.0,1846.0,791.0,1213.0,462.0
0.0,12267.0,2606.0,2620.0,3398.0,0.0,0.0,1835.0,785.0,1837.0,769.0
0.0,13059.0,3578.0,2632.0,0.0,1047.0,1047.0,1843.0,789.0,2477.0,1101.0
0.0,9481.0,3617.0,2659.0,0.0,4772.0,4772.0,1861.0,798.0,2491.0,1126.0
0.0,5864.0,2644.0,2674.0,1047.0,6429.0,6429.0,1870.0,804.0,1837.0,807.0
0.0,4267.0,1733.0,2663.0,4772.0,3346.0,3346.0,1863.0,800.0,1240.0,493.0
0.0,7306.0,1766.0,2635.0,6429.0,0.0,0.0,1845.0,790.0,1277.0,489.0
0.0,11969.0,2717.0,2621.0,3346.0,0.0,0.0,1836.0,785.0,1913.0,804.0
0.0,12598.0,3646.0,2633.0,0.0,1580.0,1580.0,1844.0,789.0,2524.0,1122.0
0.0,8952.0,3605.0,2663.0,0.0,5305.0,5305.0,1864.0,799.0,2485.0,1120.0
0.0,5347.0,2598.0,2678.0,1580.0,6383.0,6383.0,1873.0,805.0,1807.0,791.0
0.0,4329.0,1669.0,2663.0,5305.0,2687.0,2687.0,1863.0,800.0,1195.0,474.0
0.0,7965.0,1734.0,2632.0,6383.0,0.0,0.0,1843.0,789.0,1252.0,482.0
0.0,12614.0,2799.0,2618.0,2687.0,0.0,0.0,1834.0,784.0,1972.0,827.0
0.0,12502.0,3724.0,2637.0,0.0,1770.0,1770.0,1847.0,790.0,2581.0,1143.0
0.0,8778.0,3596.0,2669.0,0.0,5494.0,5494.0,1868.0,801.0,2477.0,1119.0
0.0,5182.0,2586.0,2685.0,1770.0,6374.0,6374.0,1878.0,807.0,1797.0,789.0
0.0,4366.0,1673.0,2669.0,5494.0,2489.0,2489.0,1867.0,802.0,1199.0,474.0
0.0,8187.0,1764.0,2637.0,6374.0,0.0,0.0,1846.0,791.0,1276.0,488.0
0.0,12797.0,2769.0,2623.0,2489.0,0.0,0.0,1837.0,786.0,1949.0,820.0
0.0,12517.0,3659.0,2639.0,0.0,1698.0,1698.0,1848.0,791.0,2531.0,1128.0
0.0,8858.0,3527.0,2672.0,0.0,5357.0,5357.0,1870.0,802.0,2429.0,1098.0
0.0,5331.0,2593.0,2691.0,1698.0,6328.0,6328.0,1882.0,809.0,1805.0,788.0
0.0,4436.0,1699.0,2677.0,5357.0,2614.0,2614.0,1873.0,804.0,1219.0,480.0
0.0,8094.0,1811.0,2647.0,6328.0,0.0,0.0,1853.0,794.0,1307.0,504.0
0.0,12611.0,2753.0,2631.0,2614.0,0.0,0.0,1843.0,788.0,1937.0,816.0
0.0,12472.0,3545.0,2645.0,0.0,1653.0,1653.0,1852.0,793.0,2452.0,1093.0
0.0,8927.0,3476.0,2675.0,0.0,5249.0,5249.0,1872.0,803.0,2394.0,1082.0
0.0,5451.0,2555.0,2690.0,1653.0,6211.0,6211.0,1882.0,808.0,1779.0,776.0
0.0,4549.0,1775.0,2677.0,5249.0,2685.0,2685.0,1873.0,804.0,1272.0,503.0
0.0,8023.0,1963.0,2650.0,6211.0,0.0,0.0,1855.0,795.0,1414.0,549.0
0.0,12271.0,2865.0,2635.0,2685.0,0.0,0.0,1846.0,789.0,2017.0,848.0
0.0,12091.0,3552.0,2650.0,0.0,2061.0,2061.0,1856.0,794.0,2455.0,1097.0
0.0,8539.0,3364.0,2681.0,0.0,5549.0,5549.0,1876.0,805.0,2313.0,1051.0
0.0,5175.0,2473.0,2696.0,2061.0,6021.0,6021.0,1886.0,810.0,1722.0,751.0
0.0,4763.0,1722.0,2682.0,5549.0,2138.0,2138.0,1876.0,806.0,1237.0,485.0
0.0,8590.0,1964.0,2652.0,6021.0,0.0,0.0,1857.0,795.0,1417.0,547.0
0.0,12647.0,2926.0,2638.0,2138.0,0.0,0.0,1848.0,790.0,2057.0,869.0
0.0,11859.0,3654.0,2655.0,0.0,2415.0,2415.0,1859.0,796.0,2524.0,1130.0
0.0,8205.0,3390.0,2685.0,0.0,5925.0,5925.0,1879.0,806.0,2330.0,1060.0
0.0,4815.0,2433.0,2701.0,2415.0,6007.0,6007.0,1889.0,812.0,1695.0,738.0
0.0,4797.0,1656.0,2684.0,5925.0,1670.0,1670.0,1878.0,806.0,1194.0,462.0
0.0,9066.0,1930.0,2654.0,6007.0,0.0,0.0,1858.0,796.0,1395.0,535.0
0.0,13143.0,2984.0,2643.0,1670.0,0.0,0.0,1851.0,792.0,2096.0,888.0
0.0,11829.0,3770.0,2662.0,0.0,2589.0,2589.0,1864.0,798.0,2603.0,1167.0
0.0,8059.0,3466.0,2694.0,0.0,6183.0,6183.0,1885.0,809.0,2380.0,1086.0
0.0,4593.0,2417.0,2709.0,2589.0,6071.0,6071.0,1895.0,814.0,1684.0,733.0
0.0,4765.0,1563.0,2689.0,6183.0,1371.0,1371.0,1881.0,808.0,1130.0,433.0
0.0,9385.0,1863.0,2657.0,6071.0,0.0,0.0,1860.0,797.0,1349.0,514.0
0.0,13593.0,2986.0,2642.0,1371.0,0.0,0.0,1851.0,791.0,2099.0,887.0
0.0,11978.0,3798.0,2662.0,0.0,2468.0,2468.0,1864.0,798.0,2622.0,1176.0
0.0,8180.0,3474.0,2694.0,0.0,6070.0,6070.0,1885.0,809.0,2386.0,1088.0
0.0,4706.0,2413.0,2708.0,2468.0,6071.0,6071.0,1894.0,814.0,1680.0,733.0
0.0,4761.0,1642.0,2690.0,6070.0,1571.0,1571.0,1882.0,808.0,1186.0,456.0
0.0,9189.0,1944.0,2658.0,6071.0,0.0,0.0,1861.0,797.0,1405.0,539.0
0.0,13316.0,3019.0,2647.0,1571.0,0.0,0.0,1854.0,793.0,2122.0,897.0
0.0,11868.0,3826.0,2670.0,0.0,2638.0,2638.0,1870.0,800.0,2642.0,1184.0
0.0,8042.0,3507.0,2704.0,0.0,6281.0,6281.0,1892.0,812.0,2410.0,1097.0
0.0,4535.0,2392.0,2716.0,2638.0,6083.0,6083.0,1900.0,816.0,1666.0,726.0
0.0,4781.0,1608.0,2694.0,6281.0,1322.0,1322.0,1885.0,809.0,1163.0,445.0
0.0,9454.0,1969.0,2662.0,6083.0,0.0,0.0,1864.0,798.0,1425.0,544.0
0.0,13568.0,3059.0,2652.0,1322.0,0.0,0.0,1858.0,794.0,2148.0,911.0
0.0,11831.0,3774.0,2675.0,0.0,2643.0,2643.0,1873.0,802.0,2602.0,1172.0
0.0,8057.0,3463.0,2709.0,0.0,6242.0,6242.0,1896.0,813.0,2379.0,1084.0
0.0,4594.0,2380.0,2722.0,2643.0,6031.0,6031.0,1904.0,818.0,1662.0,718.0
0.0,4857.0,1654.0,2700.0,6242.0,1355.0,1355.0,1889.0,811.0,1199.0,455.0
0.0,9445.0,1948.0,2665.0,6031.0,0.0,0.0,1866.0,799.0,1409.0,539.0
0.0,13528.0,3031.0,2654.0,1355.0,0.0,0.0,1859.0,795.0,2124.0,907.0
0.0,11852.0,3837.0,2679.0,0.0,2701.0,2701.0,1876.0,803.0,2643.0,1194.0
0.0,8015.0,3470.0,2713.0,0.0,6307.0,6307.0,1898.0,815.0,2384.0,1086.0
0.0,4545.0,2381.0,2725.0,2701.0,6035.0,6035.0,1906.0,819.0,1666.0,715.0
0.0,4865.0,1602.0,2703.0,6307.0,1242.0,1242.0,1891.0,812.0,1166.0,436.0
0.0,9570.0,1906.0,2669.0,6035.0,0.0,0.0,1869.0,800.0,1378.0,528.0
0.0,13699.0,2993.0,2658.0,1242.0,0.0,0.0,1862.0,796.0,2094.0,899.0
0.0,11948.0,3787.0,2682.0,0.0,2567.0,2567.0,1878.0,804.0,2606.0,1181.0
0.0,8161.0,3515.0,2717.0,0.0,6222.0,6222.0,1901.0,816.0,2418.0,1097.0
0.0,4646.0,2421.0,2728.0,2567.0,6120.0,6120.0,1908.0,820.0,1697.0,724.0
0.0,4792.0,1638.0,2707.0,6222.0,1452.0,1452.0,1894.0,813.0,1191.0,447.0
0.0,9376.0,1872.0,2675.0,6120.0,0.0,0.0,1873.0,802.0,1352.0,520.0
0.0,13624.0,2949.0,2664.0,1452.0,0.0,0.0,1866.0,798.0,2063.0,886.0
0.0,12127.0,3768.0,2688.0,0.0,2393.0,2393.0,1882.0,806.0,2592.0,1176.0
0.0,8359.0,3527.0,2721.0,0.0,6052.0,6052.0,1904.0,817.0,2426.0,1101.0
0.0,4832.0,2451.0,2731.0,2393.0,6150.0,6150.0,1910.0,821.0,1720.0,731.0
0.0,4774.0,1601.0,2707.0,6052.0,1603.0,1603.0,1894.0,813.0,1168.0,433.0
0.0,9225.0,1827.0,2673.0,6150.0,0.0,0.0,1872.0,801.0,1319.0,508.0
0.0,13548.0,2916.0,2665.0,1603.0,0.0,0.0,1867.0,798.0,2035.0,881.0
0.0,12235.0,3745.0,2689.0,0.0,2266.0,2266.0,1883.0,806.0,2575.0,1170.0
0.0,8490.0,3583.0,2725.0,0.0,5993.0,5993.0,1907.0,818.0,2469.0,1114.0
0.0,4907.0,2563.0,2736.0,2266.0,6334.0,6334.0,1914.0,822.0,1803.0,760.0
0.0,4610.0,1691.0,2712.0,5993.0,1936.0,1936.0,1898.0,814.0,1229.0,462.0
0.0,8912.0,1831.0,2678.0,6334.0,0.0,0.0,1875.0,803.0,1318.0,513.0
0.0,13415.0,2863.0,2668.0,1936.0,0.0,0.0,1869.0,799.0,1996.0,867.0
0.0,12488.0,3785.0,2693.0,0.0,2069.0,2069.0,1886.0,807.0,2606.0,1179.0
0.0,8703.0,3710.0,2733.0,0.0,5939.0,5939.0,1912.0,821.0,2561.0,1149.0
0.0,4993.0,2622.0,2746.0,2069.0,6544.0,6544.0,1921.0,825.0,1843.0,779.0
0.0,4440.0,1627.0,2720.0,5939.0,2128.0,2128.0,1903.0,817.0,1182.0,445.0
0.0,8752.0,1674.0,2679.0,6544.0,0.0,0.0,1876.0,803.0,1206.0,468.0
0.0,13622.0,2785.0,2667.0,2128.0,0.0,0.0,1868.0,799.0,1942.0,843.0
0.0,12965.0,3826.0,2693.0,0.0,1633.0,1633.0,1886.0,807.0,2636.0,1190.0
0.0,9139.0,3721.0,2735.0,0.0,5522.0,5522.0,1914.0,821.0,2568.0,1153.0
0.0,5418.0,2631.0,2750.0,1633.0,6580.0,6580.0,1924.0,826.0,1847.0,784.0
0.0,4420.0,1613.0,2724.0,5522.0,2567.0,2567.0,1906.0,818.0,1171.0,442.0
0.0,8329.0,1747.0,2685.0,6580.0,0.0,0.0,1880.0,805.0,1262.0,485.0
0.0,13162.0,2857.0,2672.0,2567.0,0.0,0.0,1872.0,800.0,1994.0,863.0
0.0,12872.0,3877.0,2700.0,0.0,1805.0,1805.0,1891.0,809.0,2670.0,1207.0
0.0,8995.0,3737.0,2741.0,0.0,5706.0,5706.0,1918.0,823.0,2578.0,1159.0
0.0,5258.0,2635.0,2754.0,1805.0,6588.0,6588.0,1926.0,828.0,1852.0,783.0
0.0,4428.0,1587.0,2727.0,5706.0,2361.0,2361.0,1908.0,819.0,1155.0,432.0
0.0,8547.0,1705.0,2686.0,6588.0,0.0,0.0,1881.0,805.0,1231.0,474.0
0.0,13430.0,2907.0,2674.0,2361.0,0.0,0.0,1873.0,801.0,2027.0,880.0
0.0,12884.0,3934.0,2703.0,0.0,1862.0,1862.0,1893.0,810.0,2708.0,1226.0
0.0,8950.0,3769.0,2745.0,0.0,5799.0,5799.0,1921.0,824.0,2600.0,1169.0
0.0,5181.0,2601.0,2758.0,1862.0,6590.0,6590.0,1929.0,829.0,1828.0,773.0
0.0,4442.0,1569.0,2729.0,5799.0,2244.0,2244.0,1910.0,819.0,1145.0,424.0
0.0,8672.0,1717.0,2689.0,6590.0,0.0,0.0,1883.0,806.0,1240.0,477.0
0.0,13545.0,2911.0,2679.0,2244.0,0.0,0.0,1877.0,802.0,2029.0,882.0
0.0,12878.0,3939.0,2709.0,0.0,1897.0,1897.0,1897.0,812.0,2712.0,1227.0
0.0,8939.0,3784.0,2750.0,0.0,5845.0,5845.0,1924.0,826.0,2612.0,1172.0
0.0,5155.0,2586.0,2762.0,1897.0,6582.0,6582.0,1932.0,830.0,1817.0,769.0
0.0,4466.0,1552.0,2734.0,5845.0,2177.0,2177.0,1913.0,821.0,1130.0,422.0
0.0,8759.0,1763.0,2693.0,6582.0,0.0,0.0,1886.0,807.0,1272.0,491.0
0.0,13578.0,2960.0,2684.0,2177.0,0.0,0.0,1880.0,804.0,2067.0,893.0
0.0,12795.0,3934.0,2713.0,0.0,1991.0,1991.0,1900.0,813.0,2711.0,1223.0
0.0,8861.0,3728.0,2754.0,0.0,5883.0,5883.0,1927.0,827.0,2569.0,1159.0
0.0,5133.0,2527.0,2767.0,1991.0,6471.0,6471.0,1935.0,832.0,1772.0,755.0
0.0,4597.0,1516.0,2738.0,5883.0,1988.0,1988.0,1916.0,822.0,1105.0,411.0
0.0,8964.0,1790.0,2700.0,6471.0,0.0,0.0,1891.0,809.0,1293.0,497.0
0.0,13645.0,3017.0,2691.0,1988.0,0.0,0.0,1885.0,806.0,2108.0,909.0
0.0,12616.0,4015.0,2721.0,0.0,2283.0,2283.0,1905.0,816.0,2768.0,1247.0
0.0,8601.0,3781.0,2762.0,0.0,6228.0,6228.0,1932.0,830.0,2606.0,1175.0
0.0,4820.0,2499.0,2774.0,2283.0,6492.0,6492.0,1940.0,834.0,1752.0,747.0
0.0,4604.0,1433.0,2745.0,6228.0,1581.0,1581.0,1921.0,824.0,1046.0,387.0
0.0,9399.0,1698.0,2705.0,6492.0,0.0,0.0,1894.0,811.0,1227.0,471.0
0.0,14193.0,3032.0,2695.0,1581.0,0.0,0.0,1888.0,807.0,2119.0,913.0
0.0,12742.0,4061.0,2726.0,0.0,2223.0,2223.0,1909.0,817.0,2801.0,1260.0
0.0,8681.0,3790.0,2769.0,0.0,6185.0,6185.0,1937.0,832.0,2616.0,1174.0
0.0,4891.0,2483.0,2781.0,2223.0,6493.0,6493.0,1945.0,836.0,1741.0,742.0
0.0,4631.0,1447.0,2753.0,6185.0,1643.0,1643.0,1926.0,827.0,1054.0,393.0
0.0,9369.0,1699.0,2713.0,6493.0,0.0,0.0,1900.0,813.0,1226.0,473.0
0.0,14163.0,3024.0,2703.0,1643.0,0.0,0.0,1894.0,809.0,2112.0,912.0
0.0,12782.0,4065.0,2732.0,0.0,2211.0,2211.0,1913.0,819.0,2804.0,1261.0
0.0,8717.0,3860.0,2773.0,0.0,6235.0,6235.0,1940.0,833.0,2665.0,1195.0
0.0,4857.0,2566.0,2788.0,2211.0,6650.0,6650.0,1950.0,838.0,1802.0,764.0
0.0,4502.0,1423.0,2760.0,6235.0,1726.0,1726.0,1931.0,829.0,1039.0,384.0
0.0,9314.0,1614.0,2719.0,6650.0,0.0,0.0,1904.0,815.0,1167.0,447.0
0.0,14350.0,2903.0,2702.0,1726.0,0.0,0.0,1893.0,809.0,2025.0,878.0
0.0,13173.0,4064.0,2731.0,0.0,1815.0,1815.0,1912.0,819.0,2802.0,1262.0
0.0,9109.0,3908.0,2774.0,0.0,5895.0,5895.0,1941.0,833.0,2700.0,1208.0
0.0,5201.0,2633.0,2792.0,1815.0,6785.0,6785.0,1953.0,839.0,1850.0,783.0
0.0,4383.0,1509.0,2768.0,5895.0,2303.0,2303.0,1937.0,831.0,1099.0,410.0
0.0,8769.0,1653.0,2726.0,6785.0,0.0,0.0,1909.0,817.0,1194.0,459.0
0.0,13901.0,2948.0,2712.0,2303.0,0.0,0.0,1900.0,812.0,2057.0,891.0
0.0,13256.0,4122.0,2741.0,0.0,1830.0,1830.0,1919.0,822.0,2840.0,1282.0
0.0,9134.0,3974.0,2786.0,0.0,5984.0,5984.0,1949.0,837.0,2744.0,1230.0
0.0,5160.0,2648.0,2803.0,1830.0,6870.0,6870.0,1960.0,843.0,1862.0,786.0
0.0,4342.0,1509.0,2777.0,5984.0,2291.0,2291.0,1943.0,834.0,1101.0,408.0
0.0,8817.0,1644.0,2734.0,6870.0,0.0,0.0,1915.0,819.0,1187.0,457.0
0.0,14043.0,2909.0,2718.0,2291.0,0.0,0.0,1904.0,814.0,2029.0,880.0
0.0,13425.0,4008.0,2745.0,0.0,1563.0,1563.0,1922.0,823.0,2762.0,1246.0
0.0,9417.0,3850.0,2788.0,0.0,5585.0,5585.0,1951.0,837.0,2660.0,1190.0
0.0,5567.0,2606.0,2805.0,1563.0,6696.0,6696.0,1962.0,843.0,1830.0,776.0
0.0,4524.0,1575.0,2780.0,5585.0,2586.0,2586.0,1945.0,835.0,1143.0,432.0
0.0,8534.0,1759.0,2738.0,6696.0,0.0,0.0,1917.0,821.0,1267.0,492.0
0.0,13471.0,2965.0,2722.0,2586.0,0.0,0.0,1907.0,815.0,2071.0,894.0
0.0,13092.0,3986.0,2749.0,0.0,1890.0,1890.0,1925.0,824.0,2751.0,1235.0
0.0,9106.0,3872.0,2793.0,0.0,5938.0,5938.0,1954.0,839.0,2674.0,1198.0
0.0,5234.0,2741.0,2814.0,1890.0,6873.0,6873.0,1968.0,846.0,1920.0,821.0
0.0,4383.0,1653.0,2788.0,5938.0,2484.0,2484.0,1951.0,837.0,1196.0,457.0
0.0,8668.0,1675.0,2746.0,6873.0,0.0,0.0,1923.0,823.0,1210.0,465.0
0.0,13866.0,2794.0,2726.0,2484.0,0.0,0.0,1910.0,816.0,1954.0,840.0
0.0,13556.0,3920.0,2752.0,0.0,1372.0,1372.0,1927.0,825.0,2706.0,1214.0
0.0,9636.0,3940.0,2798.0,0.0,5496.0,5496.0,1958.0,840.0,2720.0,1220.0
0.0,5696.0,2812.0,2818.0,1372.0,7016.0,7016.0,1971.0,847.0,1968.0,844.0
0.0,4256.0,1654.0,2793.0,5496.0,3074.0,3074.0,1954.0,839.0,1195.0,459.0
0.0,8098.0,1613.0,2749.0,7016.0,0.0,0.0,1925.0,824.0,1168.0,445.0
0.0,13501.0,2755.0,2729.0,3074.0,0.0,0.0,1912.0,817.0,1930.0,825.0
0.0,13820.0,3902.0,2756.0,0.0,1106.0,1106.0,1930.0,826.0,2695.0,1207.0
0.0,9918.0,3894.0,2801.0,0.0,5180.0,5180.0,1960.0,841.0,2685.0,1209.0
0.0,6024.0,2768.0,2821.0,1106.0,6922.0,6922.0,1973.0,848.0,1933.0,835.0
0.0,4362.0,1635.0,2794.0,5180.0,3269.0,3269.0,1955.0,839.0,1181.0,454.0
0.0,7907.0,1592.0,2748.0,6922.0,0.0,0.0,1924.0,824.0,1157.0,435.0
0.0,13237.0,2718.0,2727.0,3269.0,0.0,0.0,1910.0,817.0,1909.0,809.0
0.0,13788.0,3961.0,2755.0,0.0,1193.0,1193.0,1929.0,826.0,2736.0,1225.0
0.0,9827.0,4024.0,2805.0,0.0,5417.0,5417.0,1963.0,842.0,2774.0,1250.0
0.0,5803.0,2858.0,2827.0,1193.0,7170.0,7170.0,1977.0,850.0,1996.0,862.0
0.0,4138.0,1624.0,2800.0,5417.0,3269.0,3269.0,1959.0,841.0,1175.0,449.0
0.0,7931.0,1439.0,2750.0,7170.0,0.0,0.0,1926.0,824.0,1050.0,389.0
0.0,13662.0,2571.0,2726.0,3269.0,0.0,0.0,1910.0,816.0,1804.0,767.0
0.0,14360.0,3931.0,2754.0,0.0,587.0,587.0,1929.0,825.0,2713.0,1218.0
0.0,10429.0,4097.0,2805.0,0.0,4888.0,4888.0,1963.0,842.0,2825.0,1272.0
0.0,6332.0,2957.0,2829.0,587.0,7354.0,7354.0,1979.0,850.0,2064.0,893.0
0.0,3962.0,1676.0,2804.0,4888.0,4042.0,4042.0,1962.0,842.0,1210.0,466.0
0.0,7174.0,1544.0,2755.0,7354.0,0.0,0.0,1929.0,826.0,1125.0,419.0
0.0,12984.0,2641.0,2732.0,4042.0,0.0,0.0,1914.0,818.0,1856.0,785.0
0.0,14385.0,3838.0,2756.0,0.0,477.0,477.0,1930.0,826.0,2650.0,1188.0
0.0,10547.0,3937.0,2804.0,0.0,4606.0,4606.0,1962.0,842.0,2712.0,1225.0
0.0,6610.0,2940.0,2830.0,477.0,7173.0,7173.0,1979.0,851.0,2049.0,891.0
0.0,4147.0,1716.0,2807.0,4606.0,4191.0,4191.0,1964.0,843.0,1236.0,480.0
0.0,7037.0,1542.0,2759.0,7173.0,0.0,0.0,1932.0,827.0,1123.0,419.0
0.0,12668.0,2633.0,2734.0,4191.0,0.0,0.0,1915.0,819.0,1853.0,780.0
0.0,14226.0,3901.0,2759.0,0.0,711.0,711.0,1932.0,827.0,2697.0,1204.0
0.0,10325.0,4024.0,2807.0,0.0,4927.0,4927.0,1964.0,843.0,2773.0,1251.0
0.0,6301.0,2905.0,2831.0,711.0,7217.0,7217.0,1980.0,851.0,2023.0,882.0
0.0,4107.0,1611.0,2806.0,4927.0,3801.0,3801.0,1963.0,843.0,1160.0,451.0
0.0,7423.0,1434.0,2753.0,7217.0,0.0,0.0,1928.0,825.0,1048.0,386.0
0.0,13206.0,2615.0,2727.0,3801.0,0.0,0.0,1911.0,816.0,1842.0,773.0
0.0,14392.0,3937.0,2752.0,0.0,553.0,553.0,1927.0,825.0,2722.0,1215.0
0.0,10455.0,4200.0,2804.0,0.0,4961.0,4961.0,1962.0,842.0,2896.0,1304.0
0.0,6255.0,3087.0,2831.0,553.0,7603.0,7603.0,1980.0,851.0,2152.0,935.0
0.0,3721.0,1754.0,2810.0,4961.0,4312.0,4312.0,1966.0,844.0,1261.0,493.0
0.0,6928.0,1508.0,2762.0,7603.0,0.0,0.0,1934.0,828.0,1096.0,412.0
0.0,13023.0,2575.0,2737.0,4312.0,0.0,0.0,1917.0,820.0,1811.0,764.0
0.0,14760.0,3903.0,2762.0,0.0,191.0,191.0,1934.0,828.0,2701.0,1202.0
0.0,10857.0,4220.0,2813.0,0.0,4615.0,4615.0,1968.0,845.0,2913.0,1307.0
0.0,6637.0,3120.0,2838.0,191.0,7644.0,7644.0,1985.0,853.0,2174.0,946.0
0.0,3708.0,1680.0,2814.0,4615.0,4613.0,4613.0,1969.0,845.0,1207.0,473.0
0.0,6643.0,1435.0,2765.0,7644.0,0.0,0.0,1936.0,829.0,1047.0,388.0
0.0,12852.0,2628.0,2741.0,4613.0,0.0,0.0,1920.0,821.0,1852.0,776.0
0.0,14837.0,4000.0,2766.0,0.0,227.0,227.0,1937.0,829.0,2769.0,1231.0
0.0,10837.0,4145.0,2814.0,0.0,4564.0,4564.0,1969.0,845.0,2858.0,1287.0
0.0,6692.0,2980.0,2838.0,227.0,7413.0,7413.0,1985.0,853.0,2072.0,908.0
0.0,3939.0,1668.0,2817.0,4564.0,4433.0,4433.0,1971.0,846.0,1198.0,470.0
0.0,6835.0,1482.0,2769.0,7413.0,0.0,0.0,1939.0,830.0,1082.0,400.0
0.0,12766.0,2570.0,2743.0,4433.0,0.0,0.0,1922.0,821.0,1812.0,758.0
0.0,14629.0,3892.0,2764.0,0.0,319.0,319.0,1936.0,828.0,2693.0,1199.0
0.0,10737.0,4097.0,2811.0,0.0,4604.0,4604.0,1967.0,844.0,2823.0,1274.0
0.0,6640.0,3039.0,2838.0,319.0,7432.0,7432.0,1985.0,853.0,2115.0,924.0
0.0,3920.0,1715.0,2819.0,4604.0,4467.0,4467.0,1972.0,847.0,1233.0,482.0
0.0,6809.0,1504.0,2772.0,7432.0,0.0,0.0,1941.0,831.0,1099.0,405.0
0.0,12737.0,2666.0,2749.0,4467.0,0.0,0.0,1926.0,823.0,1878.0,788.0
0.0,14538.0,3966.0,2772.0,0.0,516.0,516.0,1941.0,831.0,2743.0,1223.0
0.0,10572.0,4099.0,2819.0,0.0,4803.0,4803.0,1973.0,846.0,2824.0,1275.0
0.0,6473.0,2885.0,2844.0,516.0,7272.0,7272.0,1989.0,855.0,2007.0,878.0
0.0,4104.0,1529.0,2821.0,4803.0,3906.0,3906.0,1974.0,847.0,1103.0,426.0
0.0,7378.0,1403.0,2772.0,7272.0,0.0,0.0,1941.0,831.0,1026.0,377.0
0.0,13247.0,2718.0,2747.0,3906.0,0.0,0.0,1924.0,823.0,1915.0,803.0
0.0,14435.0,4156.0,2772.0,0.0,809.0,809.0,1941.0,831.0,2876.0,1280.0
0.0,10279.0,4211.0,2821.0,0.0,5216.0,5216.0,1974.0,847.0,2901.0,1310.0
0.0,6068.0,2855.0,2848.0,809.0,7370.0,7370.0,1992.0,856.0,1987.0,868.0
0.0,4022.0,1421.0,2827.0,5216.0,3491.0,3491.0,1978.0,849.0,1030.0,391.0
0.0,7817.0,1362.0,2778.0,7370.0,0.0,0.0,1945.0,833.0,1000.0,362.0
0.0,13825.0,2780.0,2752.0,3491.0,0.0,0.0,1928.0,824.0,1957.0,823.0
0.0,14536.0,4112.0,2774.0,0.0,672.0,672.0,1943.0,831.0,2843.0,1269.0
0.0,10424.0,4095.0,2821.0,0.0,4955.0,4955.0,1974.0,847.0,2820.0,1275.0
0.0,6329.0,2826.0,2845.0,672.0,7205.0,7205.0,1990.0,855.0,1967.0,859.0
0.0,4175.0,1513.0,2823.0,4955.0,3675.0,3675.0,1975.0,848.0,1094.0,419.0
0.0,7617.0,1545.0,2779.0,7205.0,0.0,0.0,1946.0,833.0,1127.0,418.0
0.0,13277.0,2944.0,2761.0,3675.0,0.0,0.0,1934.0,827.0,2071.0,873.0
0.0,14008.0,4263.0,2786.0,0.0,1399.0,1399.0,1951.0,835.0,2949.0,1314.0
0.0,9745.0,4162.0,2833.0,0.0,5749.0,5749.0,1983.0,850.0,2868.0,1294.0
0.0,5583.0,2777.0,2857.0,1399.0,7223.0,7223.0,1998.0,859.0,1935.0,842.0
0.0,4205.0,1427.0,2833.0,5749.0,2805.0,2805.0,1982.0,851.0,1035.0,392.0
0.0,8527.0,1430.0,2786.0,7223.0,0.0,0.0,1951.0,835.0,1046.0,384.0
0.0,14320.0,2832.0,2764.0,2805.0,0.0,0.0,1936.0,828.0,1990.0,842.0
0.0,14293.0,4203.0,2789.0,0.0,1066.0,1066.0,1953.0,836.0,2905.0,1298.0
0.0,10090.0,4154.0,2837.0,0.0,5412.0,5412.0,1985.0,852.0,2864.0,1290.0
0.0,5936.0,2777.0,2862.0,1066.0,7223.0,7223.0,2002.0,860.0,1938.0,839.0
0.0,4225.0,1490.0,2841.0,5412.0,3217.0,3217.0,1988.0,853.0,1079.0,411.0
0.0,8147.0,1567.0,2795.0,7223.0,0.0,0.0,1957.0,838.0,1140.0,427.0
0.0,13803.0,2913.0,2771.0,3217.0,0.0,0.0,1941.0,830.0,2045.0,868.0
0.0,14107.0,4220.0,2793.0,0.0,1285.0,1285.0,1956.0,837.0,2918.0,1302.0
0.0,9887.0,4127.0,2838.0,0.0,5592.0,5592.0,1986.0,852.0,2847.0,1280.0
0.0,5760.0,2679.0,2861.0,1285.0,7078.0,7078.0,2001.0,860.0,1868.0,811.0
0.0,4366.0,1423.0,2839.0,5592.0,2821.0,2821.0,1986.0,853.0,1032.0,391.0
0.0,8535.0,1611.0,2795.0,7078.0,0.0,0.0,1957.0,838.0,1171.0,440.0
0.0,14002.0,2971.0,2771.0,2821.0,0.0,0.0,1941.0,830.0,2086.0,885.0
0.0,13852.0,4248.0,2792.0,0.0,1564.0,1564.0,1955.0,837.0,2938.0,1310.0
0.0,9604.0,4196.0,2841.0,0.0,5956.0,5956.0,1988.0,853.0,2895.0,1301.0
0.0,5408.0,2790.0,2866.0,1564.0,7282.0,7282.0,2005.0,861.0,1945.0,845.0
0.0,4182.0,1460.0,2844.0,5956.0,2698.0,2698.0,1990.0,854.0,1056.0,404.0
0.0,8678.0,1537.0,2797.0,7282.0,0.0,0.0,1958.0,839.0,1119.0,418.0
0.0,14423.0,2989.0,2775.0,2698.0,0.0,0.0,1944.0,831.0,2101.0,888.0
0.0,14132.0,4278.0,2800.0,0.0,1346.0,1346.0,1961.0,839.0,2960.0,1318.0
0.0,9854.0,4140.0,2848.0,0.0,5678.0,5678.0,1993.0,855.0,2855.0,1285.0
0.0,5714.0,2727.0,2871.0,1346.0,7151.0,7151.0,2008.0,863.0,1902.0,825.0
0.0,4333.0,1487.0,2850.0,5678.0,2876.0,2876.0,1994.0,856.0,1075.0,412.0
0.0,8524.0,1583.0,2805.0,7151.0,0.0,0.0,1964.0,841.0,1150.0,433.0
0.0,14092.0,2977.0,2784.0,2876.0,0.0,0.0,1950.0,834.0,2090.0,887.0
0.0,13991.0,4305.0,2809.0,0.0,1550.0,1550.0,1967.0,842.0,2979.0,1326.0
0.0,9686.0,4256.0,2858.0,0.0,6002.0,6002.0,2000.0,858.0,2938.0,1318.0
0.0,5430.0,2824.0,2883.0,1550.0,7376.0,7376.0,2017.0,866.0,1971.0,853.0
0.0,4156.0,1344.0,2857.0,6002.0,2614.0,2614.0,1999.0,858.0,974.0,370.0
0.0,8814.0,1401.0,2808.0,7376.0,0.0,0.0,1966.0,842.0,1021.0,380.0
0.0,14789.0,2863.0,2784.0,2614.0,0.0,0.0,1950.0,834.0,2012.0,851.0
0.0,14540.0,4333.0,2812.0,0.0,1041.0,1041.0,1969.0,843.0,2999.0,1334.0
0.0,10207.0,4307.0,2865.0,0.0,5560.0,5560.0,2005.0,860.0,2974.0,1333.0
0.0,5900.0,2848.0,2893.0,1041.0,7479.0,7479.0,2024.0,869.0,1986.0,862.0
0.0,4093.0,1381.0,2867.0,5560.0,3196.0,3196.0,2006.0,861.0,1000.0,381.0
0.0,8272.0,1356.0,2814.0,7479.0,0.0,0.0,1970.0,844.0,989.0,367.0
0.0,14395.0,2866.0,2788.0,3196.0,0.0,0.0,1953.0,835.0,2012.0,854.0
0.0,14725.0,4376.0,2817.0,0.0,919.0,919.0,1973.0,844.0,3030.0,1346.0
0.0,10349.0,4324.0,2873.0,0.0,5467.0,5467.0,2011.0,862.0,2988.0,1336.0
0.0,6025.0,2805.0,2901.0,919.0,7465.0,7465.0,2029.0,872.0,1956.0,849.0
0.0,4139.0,1308.0,2873.0,5467.0,3194.0,3194.0,2010.0,863.0,947.0,361.0
0.0,8298.0,1370.0,2820.0,7465.0,0.0,0.0,1974.0,846.0,1000.0,370.0
0.0,14393.0,2839.0,2795.0,3194.0,0.0,0.0,1958.0,837.0,1997.0,842.0
0.0,14748.0,4300.0,2824.0,0.0,848.0,848.0,1978.0,846.0,2979.0,1321.0
0.0,10448.0,4235.0,2876.0,0.0,5291.0,5291.0,2013.0,863.0,2924.0,1311.0
0.0,6213.0,2764.0,2899.0,848.0,7299.0,7299.0,2028.0,871.0,1925.0,839.0
0.0,4297.0,1433.0,2870.0,5291.0,3325.0,3325.0,2008.0,862.0,1034.0,399.0
0.0,8155.0,1526.0,2818.0,7299.0,0.0,0.0,1973.0,845.0,1109.0,417.0
0.0,13928.0,2910.0,2794.0,3325.0,0.0,0.0,1957.0,837.0,2047.0,863.0
0.0,14343.0,4187.0,2821.0,0.0,1128.0,1128.0,1976.0,845.0,2899.0,1288.0
0.0,10156.0,4123.0,2873.0,0.0,5459.0,5459.0,2011.0,862.0,2844.0,1279.0
0.0,6033.0,2845.0,2901.0,1128.0,7288.0,7288.0,2029.0,872.0,1981.0,864.0
0.0,4316.0,1521.0,2875.0,5459.0,3246.0,3246.0,2011.0,864.0,1095.0,426.0
0.0,8254.0,1517.0,2824.0,7288.0,0.0,0.0,1977.0,847.0,1104.0,413.0
0.0,14025.0,2863.0,2798.0,3246.0,0.0,0.0,1960.0,838.0,2017.0,846.0
0.0,14408.0,4183.0,2826.0,0.0,1079.0,1079.0,1979.0,847.0,2899.0,1284.0
0.0,10225.0,4238.0,2878.0,0.0,5525.0,5525.0,2014.0,864.0,2923.0,1315.0
0.0,5987.0,2955.0,2905.0,1079.0,7509.0,7509.0,2032.0,873.0,2055.0,900.0
0.0,4111.0,1598.0,2880.0,5525.0,3482.0,3482.0,2015.0,865.0,1149.0,449.0
0.0,8038.0,1479.0,2827.0,7509.0,0.0,0.0,1979.0,848.0,1079.0,400.0
0.0,14068.0,2742.0,2801.0,3482.0,0.0,0.0,1962.0,839.0,1933.0,809.0
0.0,14808.0,4198.0,2830.0,0.0,710.0,710.0,1982.0,848.0,2908.0,1290.0
0.0,10610.0,4299.0,2885.0,0.0,5229.0,5229.0,2019.0,866.0,2965.0,1334.0
0.0,6311.0,3022.0,2912.0,710.0,7649.0,7649.0,2037.0,875.0,2103.0,919.0
0.0,3999.0,1625.0,2886.0,5229.0,3941.0,3941.0,2019.0,867.0,1168.0,457.0
0.0,7603.0,1499.0,2834.0,7649.0,0.0,0.0,1984.0,850.0,1092.0,407.0
0.0,13753.0,2794.0,2806.0,3941.0,0.0,0.0,1966.0,840.0,1968.0,826.0
0.0,14900.0,4222.0,2834.0,0.0,658.0,658.0,1985.0,849.0,2926.0,1296.0
0.0,10678.0,4300.0,2889.0,0.0,5178.0,5178.0,2022.0,867.0,2968.0,1332.0
0.0,6378.0,2924.0,2915.0,658.0,7548.0,7548.0,2039.0,876.0,2034.0,890.0
0.0,4112.0,1527.0,2887.0,5178.0,3785.0,3785.0,2020.0,867.0,1098.0,429.0
0.0,7763.0,1504.0,2834.0,7548.0,0.0,0.0,1984.0,850.0,1093.0,411.0
0.0,13807.0,2853.0,2809.0,3785.0,0.0,0.0,1968.0,841.0,2008.0,845.0
0.0,14739.0,4205.0,2837.0,0.0,814.0,814.0,1987.0,850.0,2914.0,1291.0
0.0,10534.0,4236.0,2891.0,0.0,5266.0,5266.0,2023.0,868.0,2925.0,1311.0
0.0,6298.0,2888.0,2915.0,814.0,7436.0,7436.0,2039.0,876.0,2012.0,876.0
0.0,4224.0,1552.0,2888.0,5266.0,3614.0,3614.0,2021.0,867.0,1117.0,435.0
0.0,7938.0,1509.0,2834.0,7436.0,0.0,0.0,1984.0,850.0,1095.0,414.0
0.0,13865.0,2844.0,2807.0,3614.0,0.0,0.0,1966.0,841.0,1999.0,845.0
0.0,14635.0,4228.0,2834.0,0.0,929.0,929.0,1985.0,849.0,2929.0,1299.0
0.0,10407.0,4345.0,2892.0,0.0,5506.0,5506.0,2024.0,868.0,3002.0,1343.0
0.0,6062.0,2971.0,2922.0,929.0,7668.0,7668.0,2044.0,878.0,2071.0,900.0
0.0,4020.0,1502.0,2896.0,5506.0,3560.0,3560.0,2026.0,870.0,1083.0,419.0
0.0,8024.0,1437.0,2840.0,7668.0,0.0,0.0,1988.0,852.0,1047.0,390.0
0.0,14255.0,2802.0,2811.0,3560.0,0.0,0.0,1969.0,842.0,1971.0,831.0
0.0,15013.0,4227.0,2837.0,0.0,562.0,562.0,1987.0,850.0,2927.0,1300.0
0.0,10786.0,4352.0,2895.0,0.0,5146.0,5146.0,2026.0,869.0,3003.0,1349.0
0.0,6434.0,3031.0,2927.0,562.0,7743.0,7743.0,2047.0,880.0,2111.0,920.0
0.0,3965.0,1565.0,2902.0,5146.0,4062.0,4062.0,2030.0,872.0,1128.0,437.0
0.0,7546.0,1434.0,2845.0,7743.0,0.0,0.0,1992.0,853.0,1045.0,389.0
0.0,13855.0,2669.0,2814.0,4062.0,0.0,0.0,1971.0,843.0,1880.0,789.0
0.0,15248.0,4068.0,2837.0,0.0,168.0,168.0,1987.0,850.0,2817.0,1251.0
0.0,11180.0,4196.0,2893.0,0.0,4588.0,4588.0,2025.0,868.0,2895.0,1301.0
0.0,6984.0,3017.0,2925.0,168.0,7565.0,7565.0,2046.0,879.0,2100.0,917.0
0.0,4135.0,1707.0,2903.0,4588.0,4596.0,4596.0,2031.0,872.0,1225.0,482.0
0.0,7016.0,1577.0,2851.0,7565.0,0.0,0.0,1996.0,855.0,1146.0,431.0
0.0,13004.0,2710.0,2821.0,4596.0,0.0,0.0,1976.0,845.0,1907.0,803.0
0.0,14890.0,4011.0,2846.0,0.0,505.0,505.0,1993.0,853.0,2777.0,1234.0
0.0,10879.0,4188.0,2898.0,0.0,4901.0,4901.0,2028.0,870.0,2891.0,1297.0
0.0,6691.0,3034.0,2928.0,505.0,7550.0,7550.0,2048.0,880.0,2114.0,920.0
0.0,4162.0,1703.0,2904.0,4901.0,4256.0,4256.0,2032.0,872.0,1223.0,480.0
0.0,7360.0,1601.0,2855.0,7550.0,0.0,0.0,1999.0,856.0,1161.0,440.0
0.0,13309.0,2792.0,2829.0,4256.0,0.0,0.0,1982.0,847.0,1964.0,828.0
0.0,14773.0,4031.0,2852.0,0.0,666.0,666.0,1997.0,855.0,2791.0,1240.0
0.0,10742.0,4167.0,2903.0,0.0,5037.0,5037.0,2032.0,871.0,2878.0,1289.0
0.0,6575.0,3047.0,2932.0,666.0,7534.0,7534.0,2051.0,881.0,2123.0,924.0
0.0,4194.0,1830.0,2913.0,5037.0,4251.0,4251.0,2038.0,875.0,1311.0,519.0
0.0,7401.0,1705.0,2864.0,7534.0,0.0,0.0,2005.0,859.0,1232.0,473.0
0.0,13230.0,2841.0,2838.0,4251.0,0.0,0.0,1988.0,850.0,1998.0,843.0
0.0,14640.0,4045.0,2859.0,0.0,841.0,841.0,2002.0,857.0,2802.0,1243.0
0.0,10595.0,4079.0,2906.0,0.0,5108.0,5108.0,2034.0,872.0,2816.0,1263.0
0.0,6516.0,2900.0,2934.0,841.0,7279.0,7279.0,2052.0,882.0,2020.0,880.0
0.0,4457.0,1751.0,2915.0,5108.0,3846.0,3846.0,2039.0,876.0,1253.0,498.0
0.0,7814.0,1780.0,2868.0,7279.0,0.0,0.0,2008.0,860.0,1283.0,497.0
0.0,13313.0,2967.0,2843.0,3846.0,0.0,0.0,1991.0,852.0,2088.0,879.0
0.0,14192.0,4086.0,2863.0,0.0,1346.0,1346.0,2005.0,858.0,2834.0,1252.0
0.0,10106.0,4023.0,2909.0,0.0,5553.0,5553.0,2036.0,873.0,2779.0,1244.0
0.0,6083.0,2854.0,2935.0,1346.0,7165.0,7165.0,2053.0,882.0,1988.0,866.0
0.0,4575.0,1700.0,2914.0,5553.0,3228.0,3228.0,2039.0,875.0,1216.0,484.0
0.0,8428.0,1773.0,2867.0,7165.0,0.0,0.0,2007.0,860.0,1277.0,496.0
0.0,13820.0,3009.0,2843.0,3228.0,0.0,0.0,1991.0,852.0,2117.0,892.0
0.0,14039.0,4174.0,2866.0,0.0,1599.0,1599.0,2007.0,859.0,2895.0,1279.0
0.0,9865.0,4097.0,2916.0,0.0,5896.0,5896.0,2041.0,875.0,2830.0,1267.0
0.0,5768.0,2812.0,2941.0,1599.0,7209.0,7209.0,2057.0,884.0,1957.0,855.0
0.0,4555.0,1663.0,2918.0,5896.0,2884.0,2884.0,2042.0,876.0,1192.0,471.0
0.0,8788.0,1833.0,2872.0,7209.0,0.0,0.0,2011.0,861.0,1322.0,511.0
0.0,14164.0,3069.0,2850.0,2884.0,0.0,0.0,1996.0,854.0,2159.0,910.0
0.0,13979.0,4210.0,2876.0,0.0,1735.0,1735.0,2014.0,862.0,2917.0,1293.0
0.0,9769.0,4082.0,2924.0,0.0,6009.0,6009.0,2046.0,878.0,2818.0,1264.0
0.0,5687.0,2863.0,2950.0,1735.0,7241.0,7241.0,2064.0,886.0,1994.0,869.0
0.0,4559.0,1703.0,2928.0,6009.0,2847.0,2847.0,2049.0,879.0,1221.0,482.0
0.0,8865.0,1814.0,2881.0,7241.0,0.0,0.0,2017.0,864.0,1310.0,504.0
0.0,14292.0,3048.0,2857.0,2847.0,0.0,0.0,2001.0,856.0,2145.0,903.0
0.0,14091.0,4128.0,2879.0,0.0,1553.0,1553.0,2016.0,863.0,2862.0,1266.0
0.0,9963.0,3997.0,2927.0,0.0,5742.0,5742.0,2048.0,879.0,2756.0,1241.0
0.0,5966.0,2812.0,2954.0,1553.0,7109.0,7109.0,2066.0,888.0,1955.0,857.0
0.0,4707.0,1769.0,2933.0,5742.0,3052.0,3052.0,2052.0,881.0,1268.0,501.0
0.0,8680.0,1847.0,2888.0,7109.0,0.0,0.0,2022.0,866.0,1336.0,511.0
0.0,13942.0,2967.0,2861.0,3052.0,0.0,0.0,2004.0,857.0,2090.0,877.0
0.0,14027.0,4013.0,2880.0,0.0,1506.0,1506.0,2017.0,863.0,2779.0,1234.0
0.0,10014.0,3989.0,2926.0,0.0,5679.0,5679.0,2048.0,878.0,2746.0,1243.0
0.0,6025.0,2825.0,2954.0,1506.0,7110.0,7110.0,2066.0,888.0,1964.0,861.0
0.0,4706.0,1666.0,2934.0,5679.0,3017.0,3017.0,2053.0,881.0,1199.0,467.0
0.0,8719.0,1776.0,2890.0,7110.0,0.0,0.0,2023.0,867.0,1288.0,488.0
0.0,14053.0,3022.0,2868.0,3017.0,0.0,0.0,2009.0,859.0,2127.0,895.0
0.0,14048.0,4147.0,2889.0,0.0,1655.0,1655.0,2023.0,866.0,2870.0,1277.0
0.0,9901.0,3985.0,2933.0,0.0,5816.0,5816.0,2053.0,880.0,2745.0,1240.0
0.0,5916.0,2710.0,2955.0,1655.0,6959.0,6959.0,2067.0,888.0,1888.0,822.0
0.0,4861.0,1700.0,2936.0,5816.0,2767.0,2767.0,2054.0,882.0,1224.0,476.0
0.0,8977.0,1934.0,2895.0,6959.0,0.0,0.0,2027.0,868.0,1395.0,539.0
0.0,14002.0,3189.0,2877.0,2767.0,0.0,0.0,2015.0,862.0,2241.0,948.0
0.0,13580.0,4151.0,2897.0,0.0,2159.0,2159.0,2029.0,868.0,2874.0,1277.0
0.0,9429.0,3875.0,2939.0,0.0,6202.0,6202.0,2057.0,882.0,2669.0,1206.0
0.0,5554.0,2658.0,2959.0,2159.0,6781.0,6781.0,2070.0,889.0,1849.0,809.0
0.0,5055.0,1728.0,2939.0,6202.0,2227.0,2227.0,2056.0,883.0,1243.0,485.0
0.0,9529.0,2013.0,2901.0,6781.0,0.0,0.0,2031.0,870.0,1455.0,558.0
0.0,14297.0,3175.0,2881.0,2227.0,0.0,0.0,2018.0,863.0,2235.0,940.0
0.0,13349.0,4134.0,2903.0,0.0,2397.0,2397.0,2033.0,870.0,2859.0,1275.0
0.0,9215.0,3876.0,2942.0,0.0,6429.0,6429.0,2059.0,883.0,2667.0,1209.0
0.0,5339.0,2677.0,2961.0,2397.0,6785.0,6785.0,2071.0,890.0,1861.0,816.0
0.0,5059.0,1784.0,2940.0,6429.0,2056.0,2056.0,2057.0,883.0,1282.0,502.0
0.0,9704.0,2034.0,2901.0,6785.0,0.0,0.0,2031.0,870.0,1470.0,564.0
0.0,14455.0,3198.0,2884.0,2056.0,0.0,0.0,2020.0,864.0,2253.0,945.0
0.0,13313.0,4134.0,2909.0,0.0,2457.0,2457.0,2037.0,872.0,2860.0,1274.0
0.0,9179.0,3872.0,2949.0,0.0,6489.0,6489.0,2064.0,885.0,2663.0,1209.0
0.0,5307.0,2658.0,2966.0,2457.0,6758.0,6758.0,2075.0,891.0,1846.0,812.0
0.0,5106.0,1764.0,2943.0,6489.0,1941.0,1941.0,2059.0,884.0,1269.0,495.0
0.0,9831.0,2077.0,2904.0,6758.0,0.0,0.0,2033.0,871.0,1504.0,573.0
0.0,14512.0,3313.0,2891.0,1941.0,0.0,0.0,2025.0,866.0,2333.0,980.0
0.0,13140.0,4178.0,2916.0,0.0,2702.0,2702.0,2042.0,874.0,2888.0,1290.0
0.0,8962.0,3851.0,2957.0,0.0,6717.0,6717.0,2069.0,888.0,2645.0,1206.0
0.0,5111.0,2707.0,2975.0,2702.0,6794.0,6794.0,2081.0,894.0,1882.0,825.0
0.0,5106.0,1795.0,2952.0,6717.0,1780.0,1780.0,2065.0,887.0,1294.0,501.0
0.0,10028.0,2017.0,2911.0,6794.0,0.0,0.0,2038.0,873.0,1462.0,555.0
0.0,14805.0,3220.0,2894.0,1780.0,0.0,0.0,2027.0,867.0,2265.0,955.0
0.0,13365.0,4154.0,2919.0,0.0,2465.0,2465.0,2044.0,875.0,2870.0,1284.0
0.0,9211.0,3897.0,2962.0,0.0,6534.0,6534.0,2073.0,889.0,2679.0,1218.0
0.0,5314.0,2678.0,2978.0,2465.0,6811.0,6811.0,2083.0,895.0,1863.0,815.0
0.0,5101.0,1772.0,2953.0,6534.0,1949.0,1949.0,2066.0,887.0,1279.0,493.0
0.0,9863.0,1990.0,2911.0,6811.0,0.0,0.0,2038.0,873.0,1442.0,548.0
0.0,14684.0,3182.0,2894.0,1949.0,0.0,0.0,2027.0,867.0,2238.0,944.0
0.0,13451.0,4081.0,2917.0,0.0,2298.0,2298.0,2043.0,874.0,2817.0,1264.0
0.0,9370.0,3880.0,2959.0,0.0,6346.0,6346.0,2071.0,888.0,2667.0,1213.0
0.0,5490.0,2772.0,2978.0,2298.0,6896.0,6896.0,2083.0,895.0,1931.0,841.0
0.0,5016.0,1799.0,2953.0,6346.0,2249.0,2249.0,2066.0,887.0,1299.0,500.0
0.0,9563.0,1938.0,2911.0,6896.0,0.0,0.0,2038.0,873.0,1406.0,532.0
0.0,14521.0,3046.0,2892.0,2249.0,0.0,0.0,2026.0,866.0,2142.0,904.0
0.0,13724.0,4054.0,2917.0,0.0,1998.0,1998.0,2043.0,874.0,2798.0,1256.0
0.0,9670.0,3905.0,2958.0,0.0,6067.0,6067.0,2070.0,888.0,2683.0,1222.0
0.0,5765.0,2794.0,2976.0,1998.0,6935.0,6935.0,2082.0,894.0,1946.0,848.0
0.0,4969.0,1832.0,2954.0,6067.0,2612.0,2612.0,2067.0,887.0,1324.0,508.0
0.0,9204.0,2029.0,2916.0,6935.0,0.0,0.0,2042.0,874.0,1470.0,559.0
0.0,14110.0,3157.0,2900.0,2612.0,0.0,0.0,2032.0,868.0,2218.0,939.0
0.0,13565.0,4106.0,2924.0,0.0,2237.0,2237.0,2048.0,876.0,2835.0,1271.0
0.0,9459.0,3864.0,2967.0,0.0,6273.0,6273.0,2076.0,891.0,2656.0,1208.0
0.0,5595.0,2667.0,2984.0,2237.0,6771.0,6771.0,2087.0,897.0,1856.0,811.0
0.0,5165.0,1753.0,2960.0,6273.0,2155.0,2155.0,2071.0,889.0,1266.0,487.0
0.0,9685.0,1985.0,2918.0,6771.0,0.0,0.0,2043.0,875.0,1439.0,546.0
0.0,14471.0,3184.0,2902.0,2155.0,0.0,0.0,2033.0,869.0,2238.0,946.0
0.0,13442.0,4139.0,2930.0,0.0,2417.0,2417.0,2052.0,878.0,2858.0,1281.0
0.0,9303.0,3898.0,2972.0,0.0,6483.0,6483.0,2080.0,892.0,2680.0,1218.0
0.0,5405.0,2740.0,2988.0,2417.0,6870.0,6870.0,2090.0,898.0,1909.0,831.0
0.0,5082.0,1822.0,2962.0,6483.0,2105.0,2105.0,2072.0,890.0,1316.0,506.0
0.0,9743.0,2039.0,2921.0,6870.0,0.0,0.0,2045.0,876.0,1474.0,565.0
0.0,14574.0,3175.0,2908.0,2105.0,0.0,0.0,2037.0,871.0,2230.0,945.0
0.0,13504.0,4139.0,2936.0,0.0,2379.0,2379.0,2056.0,880.0,2859.0,1280.0
0.0,9365.0,3884.0,2978.0,0.0,6431.0,6431.0,2084.0,894.0,2673.0,1211.0
0.0,5481.0,2687.0,2991.0,2379.0,6791.0,6791.0,2092.0,899.0,1873.0,814.0
0.0,5173.0,1762.0,2963.0,6431.0,2010.0,2010.0,2073.0,890.0,1272.0,490.0
0.0,9842.0,2063.0,2924.0,6791.0,0.0,0.0,2047.0,877.0,1488.0,575.0
0.0,14570.0,3252.0,2911.0,2010.0,0.0,0.0,2039.0,872.0,2282.0,970.0
0.0,13328.0,4152.0,2940.0,0.0,2584.0,2584.0,2059.0,881.0,2869.0,1283.0
0.0,9176.0,3923.0,2981.0,0.0,6671.0,6671.0,2086.0,895.0,2703.0,1220.0
0.0,5253.0,2771.0,2995.0,2584.0,6914.0,6914.0,2095.0,900.0,1932.0,839.0
0.0,5066.0,1885.0,2970.0,6671.0,2028.0,2028.0,2078.0,892.0,1356.0,529.0
0.0,9852.0,2064.0,2930.0,6914.0,0.0,0.0,2051.0,879.0,1489.0,575.0
0.0,14702.0,3163.0,2916.0,2028.0,0.0,0.0,2043.0,873.0,2223.0,940.0
0.0,13567.0,4050.0,2943.0,0.0,2255.0,2255.0,2061.0,882.0,2800.0,1250.0
0.0,9517.0,3797.0,2982.0,0.0,6208.0,6208.0,2087.0,895.0,2613.0,1184.0
0.0,5720.0,2760.0,2995.0,2255.0,6765.0,6765.0,2095.0,900.0,1923.0,837.0
0.0,5215.0,1918.0,2969.0,6208.0,2371.0,2371.0,2077.0,892.0,1377.0,541.0
0.0,9505.0,2183.0,2931.0,6765.0,0.0,0.0,2052.0,879.0,1570.0,613.0
0.0,14087.0,3256.0,2919.0,2371.0,0.0,0.0,2045.0,874.0,2288.0,968.0
0.0,13202.0,3966.0,2943.0,0.0,2536.0,2536.0,2061.0,882.0,2743.0,1223.0
0.0,9236.0,3714.0,2980.0,0.0,6398.0,6398.0,2086.0,894.0,2559.0,1155.0
0.0,5522.0,2767.0,2994.0,2536.0,6685.0,6685.0,2094.0,900.0,1928.0,839.0
0.0,5291.0,2086.0,2973.0,6398.0,2289.0,2289.0,2080.0,893.0,1492.0,594.0
0.0,9603.0,2313.0,2937.0,6685.0,0.0,0.0,2056.0,881.0,1661.0,652.0
0.0,13975.0,3204.0,2924.0,2289.0,0.0,0.0,2048.0,876.0,2253.0,951.0
0.0,13060.0,3851.0,2947.0,0.0,2579.0,2579.0,2064.0,883.0,2664.0,1187.0
0.0,9209.0,3698.0,2984.0,0.0,6425.0,6425.0,2088.0,896.0,2545.0,1153.0
0.0,5511.0,2880.0,3001.0,2579.0,6794.0,6794.0,2099.0,902.0,2006.0,874.0
0.0,5210.0,2065.0,2979.0,6425.0,2346.0,2346.0,2084.0,895.0,1478.0,587.0
0.0,9570.0,2148.0,2942.0,6794.0,0.0,0.0,2060.0,882.0,1547.0,601.0
0.0,14216.0,3069.0,2926.0,2346.0,0.0,0.0,2050.0,876.0,2159.0,910.0
0.0,13493.0,3878.0,2947.0,0.0,2173.0,2173.0,2064.0,883.0,2682.0,1196.0
0.0,9615.0,3820.0,2986.0,0.0,6149.0,6149.0,2090.0,896.0,2629.0,1191.0
0.0,5795.0,2895.0,3005.0,2173.0,6947.0,6947.0,2102.0,903.0,2014.0,881.0
0.0,5073.0,2107.0,2986.0,6149.0,2829.0,2829.0,2089.0,897.0,1507.0,600.0
0.0,9115.0,2179.0,2951.0,6947.0,0.0,0.0,2066.0,885.0,1570.0,609.0
0.0,13883.0,3094.0,2935.0,2829.0,0.0,0.0,2056.0,879.0,2178.0,916.0
0.0,13618.0,3885.0,2956.0,0.0,2091.0,2091.0,2070.0,886.0,2687.0,1198.0
0.0,9733.0,3748.0,2993.0,0.0,5987.0,5987.0,2095.0,898.0,2579.0,1169.0
0.0,5985.0,2822.0,3008.0,2091.0,6778.0,6778.0,2104.0,904.0,1963.0,859.0
0.0,5254.0,2047.0,2987.0,5987.0,2754.0,2754.0,2090.0,897.0,1465.0,582.0
0.0,9194.0,2216.0,2951.0,6778.0,0.0,0.0,2066.0,885.0,1597.0,619.0
0.0,13756.0,3164.0,2938.0,2754.0,0.0,0.0,2058.0,880.0,2230.0,934.0
0.0,13346.0,3933.0,2961.0,0.0,2431.0,2431.0,2074.0,887.0,2721.0,1212.0
0.0,9413.0,3689.0,2999.0,0.0,6272.0,6272.0,2099.0,900.0,2534.0,1155.0
0.0,5724.0,2726.0,3013.0,2431.0,6623.0,6623.0,2107.0,906.0,1893.0,833.0
0.0,5429.0,1971.0,2989.0,6272.0,2226.0,2226.0,2091.0,898.0,1413.0,558.0
0.0,9730.0,2246.0,2954.0,6623.0,0.0,0.0,2068.0,886.0,1622.0,624.0
0.0,14107.0,3310.0,2942.0,2226.0,0.0,0.0,2061.0,881.0,2332.0,978.0
0.0,13023.0,4031.0,2967.0,0.0,2876.0,2876.0,2078.0,889.0,2787.0,1244.0
0.0,8992.0,3769.0,3004.0,0.0,6793.0,6793.0,2102.0,902.0,2590.0,1179.0
0.0,5223.0,2689.0,3017.0,2876.0,6658.0,6658.0,2110.0,907.0,1869.0,820.0
0.0,5410.0,1900.0,2992.0,6793.0,1665.0,1665.0,2093.0,899.0,1365.0,535.0
0.0,10303.0,2211.0,2955.0,6658.0,0.0,0.0,2069.0,886.0,1596.0,615.0
0.0,14750.0,3255.0,2943.0,1665.0,0.0,0.0,2062.0,881.0,2292.0,963.0
0.0,13160.0,4066.0,2970.0,0.0,2786.0,2786.0,2080.0,890.0,2810.0,1256.0
0.0,9094.0,3826.0,3009.0,0.0,6768.0,6768.0,2106.0,903.0,2630.0,1196.0
0.0,5268.0,2840.0,3024.0,2786.0,6882.0,6882.0,2115.0,909.0,1974.0,866.0
0.0,5214.0,1994.0,3000.0,6768.0,2012.0,2012.0,2099.0,901.0,1431.0,563.0
0.0,9988.0,2148.0,2962.0,6882.0,0.0,0.0,2074.0,888.0,1553.0,595.0
0.0,14722.0,3165.0,2946.0,2012.0,0.0,0.0,2064.0,882.0,2230.0,935.0
0.0,13569.0,3979.0,2970.0,0.0,2290.0,2290.0,2080.0,890.0,2750.0,1229.0
0.0,9590.0,3788.0,3006.0,0.0,6222.0,6222.0,2104.0,902.0,2603.0,1185.0
0.0,5802.0,2898.0,3022.0,2290.0,6894.0,6894.0,2114.0,908.0,2015.0,883.0
0.0,5194.0,2106.0,3002.0,6222.0,2698.0,2698.0,2100.0,902.0,1509.0,597.0
0.0,9310.0,2205.0,2967.0,6894.0,0.0,0.0,2077.0,890.0,1592.0,613.0
0.0,13999.0,3137.0,2955.0,2698.0,0.0,0.0,2070.0,885.0,2209.0,928.0
0.0,13560.0,3956.0,2977.0,0.0,2304.0,2304.0,2085.0,892.0,2734.0,1222.0
0.0,9604.0,3778.0,3013.0,0.0,6226.0,6226.0,2109.0,904.0,2596.0,1182.0
0.0,5826.0,2833.0,3025.0,2304.0,6803.0,6803.0,2116.0,909.0,1970.0,863.0
0.0,5297.0,2075.0,3003.0,6226.0,2564.0,2564.0,2101.0,902.0,1488.0,587.0
0.0,9448.0,2201.0,2969.0,6803.0,0.0,0.0,2079.0,890.0,1588.0,613.0
0.0,14050.0,3126.0,2958.0,2564.0,0.0,0.0,2072.0,886.0,2200.0,926.0
0.0,13488.0,3927.0,2980.0,0.0,2359.0,2359.0,2087.0,893.0,2713.0,1214.0
0.0,9561.0,3850.0,3014.0,0.0,6345.0,6345.0,2109.0,905.0,2647.0,1203.0
0.0,5711.0,2944.0,3026.0,2359.0,6978.0,6978.0,2117.0,909.0,2050.0,894.0
0.0,5126.0,2101.0,3004.0,6345.0,2646.0,2646.0,2102.0,902.0,1508.0,593.0
0.0,9370.0,2124.0,2971.0,6978.0,0.0,0.0,2080.0,891.0,1535.0,589.0
0.0,14224.0,3075.0,2959.0,2646.0,0.0,0.0,2073.0,886.0,2163.0,912.0
0.0,13795.0,3948.0,2980.0,0.0,2073.0,2073.0,2087.0,893.0,2726.0,1222.0
0.0,9847.0,3873.0,3015.0,0.0,6086.0,6086.0,2110.0,905.0,2661.0,1212.0
0.0,5974.0,2949.0,3030.0,2073.0,7022.0,7022.0,2119.0,911.0,2053.0,896.0
0.0,5098.0,2066.0,3010.0,6086.0,2922.0,2922.0,2106.0,904.0,1485.0,581.0
0.0,9118.0,2111.0,2977.0,7022.0,0.0,0.0,2084.0,893.0,1529.0,582.0
0.0,14029.0,3115.0,2963.0,2922.0,0.0,0.0,2076.0,887.0,2193.0,922.0
0.0,13836.0,4031.0,2985.0,0.0,2135.0,2135.0,2091.0,894.0,2781.0,1250.0
0.0,9805.0,3972.0,3021.0,0.0,6251.0,6251.0,2114.0,907.0,2728.0,1244.0
0.0,5833.0,2928.0,3035.0,2135.0,7100.0,7100.0,2123.0,912.0,2038.0,890.0
0.0,5040.0,1972.0,3014.0,6251.0,2737.0,2737.0,2109.0,905.0,1421.0,551.0
0.0,9319.0,2060.0,2979.0,7100.0,0.0,0.0,2086.0,893.0,1495.0,565.0
0.0,14359.0,3092.0,2966.0,2737.0,0.0,0.0,2078.0,888.0,2174.0,918.0
0.0,14004.0,4057.0,2990.0,0.0,2013.0,2013.0,2094.0,896.0,2798.0,1259.0
0.0,9947.0,3962.0,3027.0,0.0,6123.0,6123.0,2118.0,909.0,2722.0,1240.0
0.0,5985.0,2951.0,3041.0,2013.0,7117.0,7117.0,2127.0,914.0,2057.0,894.0
0.0,5047.0,2061.0,3020.0,6123.0,2971.0,2971.0,2113.0,907.0,1484.0,577.0
0.0,9109.0,2151.0,2985.0,7117.0,0.0,0.0,2090.0,895.0,1557.0,594.0
0.0,14075.0,3084.0,2974.0,2971.0,0.0,0.0,2083.0,891.0,2167.0,917.0
0.0,13962.0,3919.0,2997.0,0.0,1945.0,1945.0,2099.0,898.0,2700.0,1219.0
0.0,10043.0,3890.0,3034.0,0.0,5983.0,5983.0,2123.0,911.0,2674.0,1216.0
0.0,6153.0,3109.0,3050.0,1945.0,7211.0,7211.0,2133.0,917.0,2169.0,940.0
0.0,4989.0,2215.0,3029.0,5983.0,3359.0,3359.0,2119.0,910.0,1592.0,623.0
0.0,8757.0,2159.0,2993.0,7211.0,0.0,0.0,2096.0,897.0,1561.0,598.0
0.0,13809.0,2943.0,2978.0,3359.0,0.0,0.0,2086.0,892.0,2067.0,876.0
0.0,14225.0,3801.0,2999.0,0.0,1572.0,1572.0,2100.0,899.0,2616.0,1185.0
0.0,10424.0,3918.0,3038.0,0.0,5646.0,5646.0,2126.0,912.0,2692.0,1226.0
0.0,6506.0,3144.0,3055.0,1572.0,7286.0,7286.0,2137.0,918.0,2196.0,948.0
0.0,4934.0,2337.0,3037.0,5646.0,3905.0,3905.0,2125.0,912.0,1681.0,656.0
0.0,8243.0,2243.0,3002.0,7286.0,0.0,0.0,2102.0,900.0,1620.0,623.0
0.0,13286.0,2942.0,2986.0,3905.0,0.0,0.0,2092.0,894.0,2064.0,878.0
0.0,14249.0,3679.0,3002.0,0.0,1438.0,1438.0,2102.0,900.0,2529.0,1150.0
0.0,10570.0,3750.0,3035.0,0.0,5320.0,5320.0,2124.0,911.0,2575.0,1175.0
0.0,6820.0,3182.0,3055.0,1438.0,7144.0,7144.0,2137.0,918.0,2222.0,960.0
0.0,5076.0,2429.0,3042.0,5320.0,4201.0,4201.0,2128.0,914.0,1745.0,684.0
0.0,7967.0,2314.0,3009.0,7144.0,0.0,0.0,2107.0,902.0,1671.0,643.0
0.0,12797.0,2892.0,2992.0,4201.0,0.0,0.0,2096.0,896.0,2032.0,860.0
0.0,14106.0,3677.0,3007.0,0.0,1599.0,1599.0,2106.0,901.0,2530.0,1147.0
0.0,10429.0,3818.0,3040.0,0.0,5549.0,5549.0,2127.0,913.0,2618.0,1200.0
0.0,6611.0,3219.0,3060.0,1599.0,7249.0,7249.0,2140.0,920.0,2244.0,975.0
0.0,4991.0,2418.0,3046.0,5549.0,4062.0,4062.0,2131.0,915.0,1738.0,680.0
0.0,8122.0,2223.0,3012.0,7249.0,0.0,0.0,2109.0,903.0,1611.0,612.0
0.0,13148.0,2920.0,2996.0,4062.0,0.0,0.0,2099.0,897.0,2053.0,867.0
0.0,14290.0,3797.0,3014.0,0.0,1563.0,1563.0,2111.0,903.0,2613.0,1184.0
0.0,10493.0,3969.0,3051.0,0.0,5680.0,5680.0,2135.0,916.0,2723.0,1246.0
0.0,6524.0,3273.0,3071.0,1563.0,7470.0,7470.0,2148.0,923.0,2280.0,993.0
0.0,4814.0,2381.0,3057.0,5680.0,4115.0,4115.0,2139.0,918.0,1712.0,669.0
0.0,8113.0,2226.0,3025.0,7470.0,0.0,0.0,2118.0,907.0,1613.0,613.0
0.0,13357.0,2820.0,3005.0,4115.0,0.0,0.0,2105.0,900.0,1986.0,834.0
0.0,14652.0,3661.0,3018.0,0.0,1081.0,1081.0,2114.0,904.0,2520.0,1141.0
0.0,10991.0,3911.0,3053.0,0.0,5132.0,5132.0,2136.0,917.0,2681.0,1230.0
0.0,7080.0,3357.0,3077.0,1081.0,7504.0,7504.0,2152.0,925.0,2335.0,1022.0
0.0,4804.0,2528.0,3066.0,5132.0,4856.0,4856.0,2145.0,921.0,1811.0,717.0
0.0,7408.0,2247.0,3034.0,7504.0,0.0,0.0,2124.0,910.0,1630.0,617.0
0.0,12665.0,2789.0,3013.0,4856.0,0.0,0.0,2111.0,902.0,1966.0,823.0
0.0,14732.0,3571.0,3024.0,0.0,935.0,935.0,2118.0,906.0,2456.0,1115.0
0.0,11161.0,3775.0,3058.0,0.0,4846.0,4846.0,2140.0,918.0,2585.0,1190.0
0.0,7386.0,3291.0,3080.0,935.0,7290.0,7290.0,2154.0,926.0,2291.0,1000.0
0.0,5030.0,2577.0,3070.0,4846.0,4981.0,4981.0,2148.0,922.0,1849.0,728.0
0.0,7299.0,2345.0,3038.0,7290.0,0.0,0.0,2127.0,911.0,1700.0,645.0
0.0,12244.0,2852.0,3016.0,4981.0,0.0,0.0,2113.0,903.0,2007.0,845.0
0.0,14373.0,3558.0,3028.0,0.0,1297.0,1297.0,2121.0,907.0,2444.0,1114.0
0.0,10815.0,3789.0,3063.0,0.0,5226.0,5226.0,2143.0,920.0,2596.0,1193.0
0.0,7026.0,3253.0,3086.0,1297.0,7274.0,7274.0,2158.0,928.0,2267.0,986.0
0.0,5070.0,2551.0,3076.0,5226.0,4559.0,4559.0,2152.0,924.0,1830.0,721.0
0.0,7745.0,2407.0,3044.0,7274.0,0.0,0.0,2131.0,913.0,1740.0,667.0
0.0,12612.0,2946.0,3025.0,4559.0,0.0,0.0,2119.0,906.0,2071.0,875.0
0.0,14225.0,3615.0,3037.0,0.0,1538.0,1538.0,2127.0,910.0,2485.0,1130.0
0.0,10610.0,3699.0,3068.0,0.0,5361.0,5361.0,2147.0,921.0,2534.0,1165.0
0.0,6911.0,3107.0,3087.0,1538.0,7006.0,7006.0,2159.0,928.0,2165.0,942.0
0.0,5342.0,2425.0,3075.0,5361.0,4022.0,4022.0,2151.0,924.0,1743.0,682.0
0.0,8278.0,2289.0,3043.0,7006.0,0.0,0.0,2131.0,912.0,1658.0,631.0
0.0,12995.0,2917.0,3025.0,4022.0,0.0,0.0,2119.0,906.0,2052.0,865.0
0.0,14100.0,3676.0,3036.0,0.0,1720.0,1720.0,2126.0,910.0,2529.0,1147.0
0.0,10424.0,3806.0,3066.0,0.0,5646.0,5646.0,2145.0,921.0,2608.0,1198.0
0.0,6618.0,3230.0,3086.0,1720.0,7236.0,7236.0,2158.0,928.0,2250.0,980.0
0.0,5108.0,2515.0,3078.0,5646.0,4073.0,4073.0,2153.0,925.0,1807.0,708.0
0.0,8239.0,2415.0,3052.0,7236.0,0.0,0.0,2137.0,915.0,1746.0,669.0
0.0,13060.0,2876.0,3032.0,4073.0,0.0,0.0,2124.0,908.0,2021.0,855.0
0.0,14257.0,3524.0,3039.0,0.0,1423.0,1423.0,2128.0,911.0,2420.0,1104.0
0.0,10733.0,3719.0,3066.0,0.0,5250.0,5250.0,2145.0,921.0,2547.0,1172.0
0.0,7014.0,3247.0,3085.0,1423.0,7150.0,7150.0,2157.0,928.0,2263.0,984.0
0.0,5190.0,2593.0,3078.0,5250.0,4465.0,4465.0,2153.0,925.0,1863.0,730.0
0.0,7847.0,2404.0,3053.0,7150.0,0.0,0.0,2138.0,915.0,1742.0,662.0
0.0,12593.0,2916.0,3037.0,4465.0,0.0,0.0,2128.0,909.0,2051.0,865.0
0.0,14142.0,3563.0,3044.0,0.0,1597.0,1597.0,2132.0,912.0,2446.0,1117.0
0.0,10579.0,3742.0,3070.0,0.0,5443.0,5443.0,2148.0,922.0,2560.0,1182.0
0.0,6837.0,3242.0,3087.0,1597.0,7156.0,7156.0,2159.0,928.0,2258.0,984.0
0.0,5192.0,2612.0,3082.0,5443.0,4305.0,4305.0,2156.0,926.0,1876.0,736.0
0.0,8023.0,2439.0,3059.0,7156.0,0.0,0.0,2142.0,917.0,1768.0,671.0
0.0,12740.0,2905.0,3041.0,4305.0,0.0,0.0,2131.0,910.0,2045.0,860.0
0.0,14140.0,3535.0,3047.0,0.0,1583.0,1583.0,2134.0,913.0,2425.0,1110.0
0.0,10605.0,3701.0,3071.0,0.0,5380.0,5380.0,2149.0,922.0,2531.0,1170.0
0.0,6904.0,3223.0,3091.0,1583.0,7100.0,7100.0,2162.0,929.0,2246.0,977.0
0.0,5264.0,2635.0,3085.0,5380.0,4331.0,4331.0,2158.0,927.0,1894.0,741.0
0.0,8009.0,2489.0,3060.0,7100.0,0.0,0.0,2143.0,917.0,1802.0,687.0
0.0,12620.0,2940.0,3040.0,4331.0,0.0,0.0,2130.0,910.0,2068.0,872.0
0.0,14011.0,3517.0,3045.0,0.0,1686.0,1686.0,2133.0,912.0,2412.0,1105.0
0.0,10494.0,3673.0,3070.0,0.0,5459.0,5459.0,2148.0,922.0,2511.0,1162.0
0.0,6821.0,3189.0,3089.0,1686.0,7038.0,7038.0,2160.0,929.0,2221.0,968.0
0.0,5318.0,2650.0,3085.0,5459.0,4213.0,4213.0,2158.0,927.0,1906.0,744.0
0.0,8127.0,2590.0,3065.0,7038.0,0.0,0.0,2146.0,919.0,1874.0,716.0
0.0,12575.0,3110.0,3049.0,4213.0,0.0,0.0,2136.0,913.0,2188.0,922.0
0.0,13678.0,3623.0,3054.0,0.0,2161.0,2161.0,2139.0,915.0,2486.0,1137.0
0.0,10055.0,3607.0,3075.0,0.0,5852.0,5852.0,2152.0,923.0,2464.0,1143.0
0.0,6448.0,3065.0,3091.0,2161.0,6820.0,6820.0,2162.0,929.0,2136.0,929.0
0.0,5544.0,2551.0,3086.0,5852.0,3499.0,3499.0,2159.0,927.0,1834.0,717.0
0.0,8845.0,2587.0,3068.0,6820.0,0.0,0.0,2148.0,920.0,1870.0,717.0
0.0,13078.0,3116.0,3055.0,3499.0,0.0,0.0,2140.0,915.0,2190.0,926.0
0.0,13461.0,3612.0,3061.0,0.0,2395.0,2395.0,2144.0,917.0,2478.0,1134.0
0.0,9849.0,3569.0,3080.0,0.0,6040.0,6040.0,2155.0,925.0,2439.0,1130.0
0.0,6280.0,3138.0,3096.0,2395.0,6847.0,6847.0,2165.0,931.0,2190.0,948.0
0.0,5537.0,2673.0,3092.0,6040.0,3464.0,3464.0,2163.0,929.0,1924.0,749.0
0.0,8904.0,2649.0,3075.0,6847.0,0.0,0.0,2153.0,922.0,1912.0,737.0
0.0,13102.0,3103.0,3061.0,3464.0,0.0,0.0,2145.0,916.0,2177.0,926.0
0.0,13463.0,3580.0,3067.0,0.0,2385.0,2385.0,2148.0,919.0,2453.0,1127.0
0.0,9883.0,3528.0,3086.0,0.0,5989.0,5989.0,2159.0,927.0,2413.0,1115.0
0.0,6355.0,2943.0,3097.0,2385.0,6591.0,6591.0,2166.0,931.0,2055.0,888.0
0.0,5797.0,2430.0,3086.0,5989.0,2988.0,2988.0,2159.0,927.0,1754.0,676.0
0.0,9356.0,2553.0,3066.0,6591.0,0.0,0.0,2147.0,919.0,1845.0,708.0
0.0,13394.0,3155.0,3056.0,2988.0,0.0,0.0,2141.0,915.0,2213.0,942.0
0.0,13227.0,3684.0,3067.0,0.0,2725.0,2725.0,2148.0,919.0,2524.0,1160.0
0.0,9543.0,3628.0,3090.0,0.0,6445.0,6445.0,2162.0,928.0,2481.0,1147.0
0.0,5915.0,2999.0,3103.0,2725.0,6771.0,6771.0,2170.0,933.0,2094.0,905.0
0.0,5641.0,2477.0,3095.0,6445.0,2771.0,2771.0,2165.0,930.0,1787.0,690.0
0.0,9609.0,2541.0,3073.0,6771.0,0.0,0.0,2152.0,921.0,1838.0,703.0
0.0,13839.0,3158.0,3061.0,2771.0,0.0,0.0,2145.0,916.0,2217.0,941.0
0.0,13452.0,3659.0,3069.0,0.0,2483.0,2483.0,2149.0,920.0,2508.0,1151.0
0.0,9793.0,3553.0,3089.0,0.0,6116.0,6116.0,2161.0,928.0,2426.0,1127.0
0.0,6240.0,3011.0,3100.0,2483.0,6688.0,6688.0,2168.0,932.0,2100.0,911.0
0.0,5712.0,2625.0,3096.0,6116.0,3181.0,3181.0,2166.0,930.0,1890.0,735.0
0.0,9203.0,2705.0,3080.0,6688.0,0.0,0.0,2157.0,923.0,1955.0,750.0
0.0,13186.0,3164.0,3070.0,3181.0,0.0,0.0,2151.0,919.0,2224.0,940.0
0.0,13203.0,3570.0,3075.0,0.0,2667.0,2667.0,2154.0,921.0,2448.0,1122.0
0.0,9633.0,3509.0,3093.0,0.0,6248.0,6248.0,2164.0,929.0,2396.0,1113.0
0.0,6124.0,3087.0,3106.0,2667.0,6720.0,6720.0,2172.0,934.0,2150.0,937.0
0.0,5704.0,2675.0,3102.0,6248.0,3131.0,3131.0,2170.0,932.0,1922.0,753.0
0.0,9277.0,2729.0,3086.0,6720.0,0.0,0.0,2161.0,925.0,1972.0,757.0
0.0,13268.0,3150.0,3074.0,3131.0,0.0,0.0,2154.0,920.0,2218.0,932.0
0.0,13249.0,3521.0,3080.0,0.0,2592.0,2592.0,2157.0,923.0,2413.0,1108.0
0.0,9728.0,3453.0,3096.0,0.0,6109.0,6109.0,2166.0,930.0,2352.0,1101.0
0.0,6275.0,3056.0,3108.0,2592.0,6621.0,6621.0,2173.0,935.0,2126.0,930.0
0.0,5811.0,2805.0,3105.0,6109.0,3305.0,3305.0,2172.0,933.0,2015.0,790.0
0.0,9115.0,2936.0,3095.0,6621.0,0.0,0.0,2167.0,928.0,2121.0,815.0
0.0,12800.0,3251.0,3085.0,3305.0,0.0,0.0,2162.0,923.0,2291.0,960.0
0.0,12854.0,3402.0,3089.0,0.0,2904.0,2904.0,2164.0,925.0,2328.0,1074.0
0.0,9452.0,3312.0,3102.0,0.0,6268.0,6268.0,2170.0,932.0,2251.0,1061.0
0.0,6140.0,2996.0,3112.0,2904.0,6400.0,6400.0,2176.0,936.0,2083.0,913.0
0.0,6048.0,2834.0,3109.0,6268.0,2954.0,2954.0,2175.0,934.0,2038.0,796.0
0.0,9482.0,3015.0,3100.0,6400.0,0.0,0.0,2171.0,929.0,2177.0,838.0
0.0,12867.0,3345.0,3094.0,2954.0,0.0,0.0,2168.0,926.0,2355.0,990.0
0.0,12476.0,3499.0,3100.0,0.0,3423.0,3423.0,2171.0,929.0,2396.0,1103.0
0.0,8977.0,3334.0,3113.0,0.0,6809.0,6809.0,2178.0,935.0,2268.0,1066.0
0.0,5643.0,2938.0,3119.0,3423.0,6348.0,6348.0,2181.0,938.0,2043.0,895.0
0.0,6128.0,2739.0,3112.0,6809.0,2250.0,2250.0,2177.0,935.0,1969.0,770.0
0.0,10198.0,2965.0,3099.0,6348.0,0.0,0.0,2170.0,929.0,2142.0,823.0
0.0,13581.0,3376.0,3095.0,2250.0,0.0,0.0,2169.0,926.0,2375.0,1001.0
0.0,12455.0,3537.0,3104.0,0.0,3498.0,3498.0,2174.0,930.0,2422.0,1115.0
0.0,8918.0,3332.0,3120.0,0.0,6894.0,6894.0,2183.0,937.0,2268.0,1064.0
0.0,5586.0,2924.0,3126.0,3498.0,6344.0,6344.0,2186.0,940.0,2036.0,888.0
0.0,6160.0,2706.0,3118.0,6894.0,2124.0,2124.0,2181.0,937.0,1946.0,760.0
0.0,10348.0,2886.0,3104.0,6344.0,0.0,0.0,2174.0,930.0,2083.0,803.0
0.0,13806.0,3280.0,3098.0,2124.0,0.0,0.0,2171.0,927.0,2308.0,972.0
0.0,12650.0,3471.0,3105.0,0.0,3241.0,3241.0,2175.0,930.0,2379.0,1092.0
0.0,9179.0,3351.0,3118.0,0.0,6644.0,6644.0,2182.0,936.0,2281.0,1070.0
0.0,5828.0,2954.0,3124.0,3241.0,6381.0,6381.0,2184.0,940.0,2054.0,900.0
0.0,6115.0,2723.0,3116.0,6644.0,2428.0,2428.0,2180.0,936.0,1957.0,766.0
0.0,10036.0,2828.0,3102.0,6381.0,0.0,0.0,2172.0,930.0,2046.0,782.0
0.0,13589.0,3263.0,3097.0,2428.0,0.0,0.0,2170.0,927.0,2298.0,965.0
0.0,12754.0,3508.0,3108.0,0.0,3186.0,3186.0,2177.0,931.0,2404.0,1104.0
0.0,9246.0,3299.0,3124.0,0.0,6549.0,6549.0,2186.0,938.0,2244.0,1055.0
0.0,5947.0,2913.0,3132.0,3186.0,6308.0,6308.0,2190.0,942.0,2024.0,889.0
0.0,6220.0,2722.0,3123.0,6549.0,2445.0,2445.0,2185.0,938.0,1957.0,765.0
0.0,10047.0,2936.0,3109.0,6308.0,0.0,0.0,2177.0,932.0,2123.0,813.0
0.0,13419.0,3311.0,3102.0,2445.0,0.0,0.0,2174.0,928.0,2334.0,977.0
0.0,12553.0,3497.0,3112.0,0.0,3392.0,3392.0,2180.0,932.0,2395.0,1102.0
0.0,9056.0,3265.0,3127.0,0.0,6717.0,6717.0,2188.0,939.0,2215.0,1050.0
0.0,5791.0,2879.0,3134.0,3392.0,6232.0,6232.0,2191.0,943.0,1999.0,880.0
0.0,6304.0,2718.0,3125.0,6717.0,2197.0,2197.0,2186.0,939.0,1957.0,761.0
0.0,10303.0,3063.0,3114.0,6232.0,0.0,0.0,2181.0,933.0,2214.0,849.0
0.0,13472.0,3462.0,3112.0,2197.0,241.0,241.0,2181.0,931.0,2440.0,1022.0
0.0,12207.0,3531.0,3122.0,0.0,3812.0,3812.0,2187.0,935.0,2418.0,1113.0
0.0,8676.0,3179.0,3133.0,241.0,6794.0,6794.0,2192.0,941.0,2155.0,1024.0
0.0,5738.0,2829.0,3135.0,3812.0,5819.0,5819.0,2192.0,943.0,1962.0,867.0
0.0,6721.0,2824.0,3128.0,6794.0,1821.0,1821.0,2188.0,940.0,2030.0,794.0
0.0,10691.0,3176.0,3122.0,5819.0,0.0,0.0,2186.0,936.0,2296.0,880.0
0.0,13334.0,3442.0,3120.0,1821.0,767.0,767.0,2186.0,934.0,2429.0,1013.0
0.0,11713.0,3386.0,3125.0,0.0,4173.0,4173.0,2189.0,936.0,2317.0,1069.0
0.0,8327.0,3143.0,3134.0,767.0,6585.0,6585.0,2193.0,941.0,2126.0,1017.0
0.0,5951.0,2890.0,3138.0,4173.0,5318.0,5318.0,2194.0,944.0,2002.0,888.0
0.0,7234.0,2937.0,3134.0,6585.0,1654.0,1654.0,2192.0,942.0,2110.0,827.0
0.0,10882.0,3177.0,3127.0,5318.0,0.0,0.0,2190.0,937.0,2300.0,877.0
0.0,13023.0,3367.0,3125.0,1654.0,1190.0,1190.0,2190.0,935.0,2376.0,991.0
0.0,11310.0,3355.0,3131.0,0.0,4569.0,4569.0,2193.0,938.0,2293.0,1062.0
0.0,7955.0,3134.0,3137.0,1190.0,6537.0,6537.0,2195.0,942.0,2118.0,1016.0
0.0,6011.0,2949.0,3138.0,4569.0,4921.0,4921.0,2194.0,944.0,2044.0,905.0
0.0,7631.0,2927.0,3131.0,6537.0,1283.0,1283.0,2190.0,941.0,2104.0,823.0
0.0,11241.0,3085.0,3125.0,4921.0,0.0,0.0,2188.0,937.0,2235.0,850.0
0.0,13077.0,3308.0,3125.0,1283.0,1448.0,1448.0,2190.0,935.0,2336.0,972.0
0.0,11052.0,3414.0,3133.0,0.0,4894.0,4894.0,2195.0,938.0,2336.0,1078.0
0.0,7638.0,3241.0,3141.0,1448.0,6719.0,6719.0,2198.0,943.0,2194.0,1047.0
0.0,5845.0,2947.0,3139.0,4894.0,4764.0,4764.0,2195.0,944.0,2042.0,905.0
0.0,7792.0,2877.0,3131.0,6719.0,890.0,890.0,2190.0,941.0,2068.0,809.0
0.0,11634.0,3153.0,3124.0,4764.0,0.0,0.0,2188.0,936.0,2283.0,870.0
0.0,13245.0,3426.0,3125.0,890.0,1791.0,1791.0,2190.0,935.0,2419.0,1007.0
0.0,10709.0,3495.0,3136.0,0.0,5330.0,5330.0,2197.0,939.0,2391.0,1104.0
0.0,7214.0,3224.0,3146.0,1791.0,6803.0,6803.0,2201.0,945.0,2180.0,1044.0
0.0,5781.0,2866.0,3144.0,5330.0,4331.0,4331.0,2198.0,946.0,1985.0,881.0
0.0,8245.0,2772.0,3132.0,6803.0,252.0,252.0,2191.0,941.0,1995.0,777.0
0.0,12276.0,3026.0,3123.0,4331.0,0.0,0.0,2187.0,936.0,2194.0,832.0
0.0,13581.0,3364.0,3123.0,252.0,2023.0,2023.0,2189.0,934.0,2379.0,985.0
0.0,10469.0,3461.0,3133.0,0.0,5524.0,5524.0,2195.0,938.0,2371.0,1090.0
0.0,7008.0,3263.0,3144.0,2023.0,6808.0,6808.0,2200.0,944.0,2205.0,1058.0
0.0,5768.0,2941.0,3145.0,5524.0,4229.0,4229.0,2199.0,946.0,2032.0,909.0
0.0,8351.0,2849.0,3137.0,6808.0,238.0,238.0,2194.0,943.0,2048.0,801.0
0.0,12310.0,3072.0,3129.0,4229.0,0.0,0.0,2191.0,938.0,2229.0,843.0
0.0,13467.0,3335.0,3129.0,238.0,2146.0,2146.0,2193.0,936.0,2361.0,974.0
0.0,10370.0,3475.0,3139.0,0.0,5661.0,5661.0,2199.0,940.0,2380.0,1095.0
0.0,6895.0,3300.0,3150.0,2146.0,6859.0,6859.0,2204.0,946.0,2231.0,1069.0
0.0,5741.0,3020.0,3154.0,5661.0,4234.0,4234.0,2205.0,949.0,2087.0,933.0
0.0,8382.0,2872.0,3147.0,6859.0,219.0,219.0,2201.0,946.0,2062.0,810.0
0.0,12369.0,3055.0,3138.0,4234.0,0.0,0.0,2197.0,941.0,2217.0,838.0
0.0,13548.0,3334.0,3138.0,219.0,2119.0,2119.0,2199.0,939.0,2362.0,972.0
0.0,10433.0,3415.0,3148.0,0.0,5574.0,5574.0,2205.0,943.0,2340.0,1075.0
0.0,7018.0,3186.0,3157.0,2119.0,6677.0,6677.0,2209.0,948.0,2151.0,1035.0
0.0,5951.0,2932.0,3157.0,5574.0,4035.0,4035.0,2207.0,950.0,2022.0,910.0
0.0,8593.0,2943.0,3150.0,6677.0,273.0,273.0,2203.0,947.0,2110.0,833.0
0.0,12327.0,3140.0,3143.0,4035.0,0.0,0.0,2201.0,942.0,2278.0,862.0
0.0,13222.0,3405.0,3145.0,273.0,2490.0,2490.0,2204.0,941.0,2413.0,992.0
0.0,10090.0,3474.0,3157.0,0.0,6012.0,6012.0,2212.0,945.0,2380.0,1094.0
0.0,6616.0,3242.0,3167.0,2490.0,6804.0,6804.0,2216.0,951.0,2189.0,1053.0
0.0,5864.0,2943.0,3165.0,6012.0,3727.0,3727.0,2213.0,952.0,2030.0,913.0
0.0,8933.0,2852.0,3153.0,6804.0,0.0,0.0,2205.0,948.0,2048.0,804.0
0.0,12885.0,3049.0,3143.0,3727.0,0.0,0.0,2201.0,942.0,2216.0,833.0
0.0,13563.0,3331.0,3146.0,0.0,2352.0,2352.0,2205.0,941.0,2362.0,969.0
0.0,10232.0,3432.0,3159.0,0.0,5836.0,5836.0,2213.0,946.0,2351.0,1081.0
0.0,6800.0,3352.0,3168.0,2352.0,6872.0,6872.0,2217.0,951.0,2266.0,1086.0
0.0,5800.0,3092.0,3167.0,5836.0,4124.0,4124.0,2214.0,953.0,2135.0,957.0
0.0,8544.0,2937.0,3157.0,6872.0,149.0,149.0,2208.0,949.0,2105.0,832.0
0.0,12479.0,3056.0,3151.0,4124.0,0.0,0.0,2206.0,945.0,2219.0,837.0
0.0,13547.0,3281.0,3154.0,149.0,2201.0,2201.0,2210.0,944.0,2327.0,954.0
0.0,10415.0,3466.0,3164.0,0.0,5707.0,5707.0,2217.0,947.0,2375.0,1091.0
0.0,6949.0,3365.0,3172.0,2201.0,6903.0,6903.0,2220.0,952.0,2274.0,1091.0
0.0,5785.0,3103.0,3171.0,5707.0,4295.0,4295.0,2217.0,954.0,2143.0,960.0
0.0,8389.0,2972.0,3163.0,6903.0,332.0,332.0,2212.0,951.0,2132.0,840.0
0.0,12320.0,3089.0,3158.0,4295.0,0.0,0.0,2211.0,947.0,2243.0,846.0
0.0,13526.0,3268.0,3161.0,332.0,2054.0,2054.0,2215.0,946.0,2317.0,951.0
0.0,10590.0,3369.0,3169.0,0.0,5455.0,5455.0,2220.0,949.0,2308.0,1061.0
0.0,7221.0,3318.0,3177.0,2054.0,6751.0,6751.0,2223.0,954.0,2241.0,1077.0
0.0,5957.0,3218.0,3179.0,5455.0,4522.0,4522.0,2223.0,956.0,2221.0,997.0
0.0,8194.0,3077.0,3175.0,6751.0,832.0,832.0,2220.0,955.0,2204.0,873.0
0.0,11868.0,3090.0,3168.0,4522.0,0.0,0.0,2218.0,950.0,2246.0,844.0
0.0,13300.0,3136.0,3166.0,832.0,1668.0,1668.0,2219.0,947.0,2228.0,908.0
0.0,10996.0,3222.0,3172.0,0.0,4914.0,4914.0,2222.0,950.0,2205.0,1017.0
0.0,7774.0,3273.0,3179.0,1668.0,6547.0,6547.0,2225.0,954.0,2209.0,1064.0
0.0,6169.0,3230.0,3181.0,4914.0,4871.0,4871.0,2224.0,957.0,2228.0,1002.0
0.0,7853.0,3186.0,3176.0,6547.0,1490.0,1490.0,2221.0,955.0,2278.0,908.0
0.0,11214.0,3114.0,3169.0,4871.0,0.0,0.0,2219.0,950.0,2262.0,852.0
0.0,12971.0,3006.0,3165.0,1490.0,1205.0,1205.0,2218.0,947.0,2137.0,869.0
0.0,11455.0,3072.0,3169.0,0.0,4293.0,4293.0,2220.0,949.0,2102.0,970.0
0.0,8383.0,3266.0,3178.0,1205.0,6390.0,6390.0,2224.0,954.0,2206.0,1060.0
0.0,6322.0,3370.0,3185.0,4293.0,5495.0,5495.0,2227.0,958.0,2324.0,1046.0
0.0,7245.0,3329.0,3185.0,6390.0,2434.0,2434.0,2227.0,958.0,2378.0,951.0
0.0,10306.0,3193.0,3179.0,5495.0,108.0,108.0,2226.0,953.0,2316.0,877.0
0.0,12608.0,3084.0,3175.0,2434.0,742.0,742.0,2225.0,950.0,2193.0,891.0
0.0,11958.0,3128.0,3180.0,108.0,3782.0,3782.0,2228.0,952.0,2141.0,987.0
0.0,8938.0,3171.0,3185.0,742.0,6231.0,6231.0,2229.0,956.0,2137.0,1034.0
0.0,6509.0,3263.0,3189.0,3782.0,5728.0,5728.0,2230.0,959.0,2251.0,1012.0
0.0,7028.0,3254.0,3188.0,6231.0,2747.0,2747.0,2229.0,959.0,2327.0,927.0
0.0,10005.0,3178.0,3182.0,5728.0,173.0,173.0,2228.0,954.0,2307.0,871.0
0.0,12555.0,3087.0,3178.0,2747.0,497.0,497.0,2227.0,951.0,2194.0,893.0
0.0,12215.0,3129.0,3180.0,173.0,3461.0,3461.0,2228.0,952.0,2141.0,988.0
0.0,9259.0,3294.0,3188.0,497.0,6290.0,6290.0,2231.0,957.0,2223.0,1071.0
0.0,6462.0,3366.0,3194.0,3461.0,6219.0,6219.0,2233.0,961.0,2323.0,1043.0
0.0,6557.0,3255.0,3192.0,6290.0,3176.0,3176.0,2232.0,960.0,2328.0,927.0
0.0,9592.0,3067.0,3185.0,6219.0,0.0,0.0,2230.0,955.0,2231.0,836.0
0.0,12744.0,2961.0,3181.0,3176.0,0.0,0.0,2229.0,952.0,2104.0,857.0
0.0,12959.0,3037.0,3183.0,0.0,2810.0,2810.0,2230.0,953.0,2073.0,964.0
0.0,9922.0,3285.0,3190.0,0.0,6123.0,6123.0,2232.0,958.0,2215.0,1070.0
0.0,6637.0,3449.0,3195.0,2810.0,6782.0,6782.0,2234.0,961.0,2384.0,1065.0
0.0,5998.0,3350.0,3195.0,6123.0,4009.0,4009.0,2234.0,961.0,2399.0,951.0
0.0,8771.0,3077.0,3187.0,6782.0,272.0,272.0,2231.0,956.0,2238.0,839.0
0.0,12476.0,2829.0,3179.0,4009.0,0.0,0.0,2228.0,951.0,2012.0,817.0
0.0,13656.0,2898.0,3178.0,272.0,1682.0,1682.0,2227.0,951.0,1976.0,922.0
0.0,11030.0,3304.0,3187.0,0.0,5022.0,5022.0,2230.0,957.0,2227.0,1077.0
0.0,7726.0,3598.0,3198.0,1682.0,6982.0,6982.0,2236.0,962.0,2485.0,1113.0
0.0,5810.0,3494.0,3201.0,5022.0,5466.0,5466.0,2238.0,963.0,2499.0,995.0
0.0,7338.0,3175.0,3195.0,6982.0,1635.0,1635.0,2237.0,958.0,2309.0,866.0
0.0,11145.0,2878.0,3187.0,5466.0,0.0,0.0,2233.0,954.0,2047.0,831.0
0.0,13733.0,2913.0,3183.0,1635.0,277.0,277.0,2230.0,953.0,1986.0,927.0
0.0,12455.0,3242.0,3189.0,0.0,3543.0,3543.0,2232.0,957.0,2184.0,1058.0
0.0,9213.0,3512.0,3198.0,277.0,6814.0,6814.0,2236.0,962.0,2426.0,1086.0
0.0,5978.0,3496.0,3202.0,3543.0,6783.0,6783.0,2239.0,963.0,2500.0,996.0
0.0,6025.0,3186.0,3197.0,6814.0,3135.0,3135.0,2238.0,959.0,2315.0,871.0
0.0,9653.0,2933.0,3188.0,6783.0,0.0,0.0,2234.0,954.0,2086.0,847.0
0.0,13503.0,2895.0,3184.0,3135.0,0.0,0.0,2231.0,953.0,1973.0,922.0
0.0,13743.0,3191.0,3188.0,0.0,2200.0,2200.0,2231.0,957.0,2147.0,1044.0
0.0,10552.0,3557.0,3198.0,0.0,5797.0,5797.0,2236.0,962.0,2458.0,1099.0
0.0,6995.0,3665.0,3205.0,2200.0,7290.0,7290.0,2241.0,964.0,2620.0,1045.0
0.0,5530.0,3328.0,3204.0,5797.0,4817.0,4817.0,2243.0,961.0,2416.0,912.0
0.0,7999.0,2907.0,3196.0,7290.0,402.0,402.0,2240.0,956.0,2064.0,843.0
0.0,12382.0,2832.0,3189.0,4817.0,0.0,0.0,2234.0,955.0,1925.0,907.0
0.0,14367.0,3203.0,3191.0,402.0,1198.0,1198.0,2233.0,958.0,2158.0,1045.0
0.0,11566.0,3615.0,3201.0,0.0,4853.0,4853.0,2238.0,963.0,2504.0,1111.0
0.0,7951.0,3641.0,3212.0,1198.0,7340.0,7340.0,2246.0,966.0,2605.0,1036.0
0.0,5508.0,3279.0,3212.0,4853.0,5766.0,5766.0,2249.0,963.0,2379.0,900.0
0.0,7082.0,2868.0,3205.0,7340.0,1266.0,1266.0,2246.0,959.0,2036.0,832.0
0.0,11554.0,2792.0,3196.0,5766.0,0.0,0.0,2239.0,957.0,1896.0,896.0
0.0,14528.0,3183.0,3196.0,1266.0,173.0,173.0,2237.0,959.0,2141.0,1042.0
0.0,12611.0,3616.0,3205.0,0.0,3825.0,3825.0,2241.0,964.0,2504.0,1112.0
0.0,8995.0,3652.0,3219.0,173.0,7360.0,7360.0,2251.0,968.0,2616.0,1036.0
0.0,5516.0,3235.0,3221.0,3825.0,6778.0,6778.0,2255.0,966.0,2351.0,884.0
0.0,6106.0,2789.0,3212.0,7360.0,2171.0,2171.0,2251.0,961.0,1979.0,810.0
0.0,10677.0,2822.0,3201.0,6778.0,0.0,0.0,2243.0,958.0,1918.0,904.0
0.0,14633.0,3235.0,3199.0,2171.0,0.0,0.0,2239.0,960.0,2179.0,1056.0
0.0,13569.0,3639.0,3208.0,0.0,2902.0,2902.0,2243.0,965.0,2519.0,1120.0
0.0,9930.0,3595.0,3219.0,0.0,6541.0,6541.0,2251.0,968.0,2574.0,1021.0
0.0,6335.0,3226.0,3220.0,2902.0,6869.0,6869.0,2254.0,966.0,2345.0,881.0
0.0,6011.0,2896.0,3215.0,6541.0,3204.0,3204.0,2253.0,962.0,2055.0,841.0
0.0,9656.0,2892.0,3207.0,6869.0,0.0,0.0,2247.0,960.0,1965.0,927.0
0.0,13633.0,3228.0,3207.0,3204.0,0.0,0.0,2244.0,963.0,2171.0,1057.0
0.0,13609.0,3570.0,3215.0,0.0,2821.0,2821.0,2248.0,967.0,2471.0,1099.0
0.0,10039.0,3519.0,3223.0,0.0,6372.0,6372.0,2254.0,969.0,2524.0,995.0
0.0,6520.0,3121.0,3222.0,2821.0,6668.0,6668.0,2256.0,966.0,2272.0,849.0
0.0,6220.0,2750.0,3212.0,6372.0,3006.0,3006.0,2251.0,961.0,1953.0,797.0
0.0,9842.0,2819.0,3202.0,6668.0,0.0,0.0,2243.0,959.0,1914.0,905.0
0.0,13691.0,3266.0,3202.0,3006.0,0.0,0.0,2241.0,961.0,2199.0,1067.0
0.0,13431.0,3606.0,3212.0,0.0,3023.0,3023.0,2246.0,966.0,2496.0,1110.0
0.0,9825.0,3594.0,3225.0,0.0,6669.0,6669.0,2255.0,970.0,2573.0,1021.0
0.0,6231.0,3205.0,3228.0,3023.0,6863.0,6863.0,2260.0,968.0,2330.0,875.0
0.0,6049.0,2879.0,3220.0,6669.0,3041.0,3041.0,2257.0,963.0,2046.0,833.0
0.0,9839.0,2847.0,3208.0,6863.0,0.0,0.0,2248.0,960.0,1937.0,910.0
0.0,13855.0,3151.0,3205.0,3041.0,0.0,0.0,2243.0,962.0,2119.0,1032.0
0.0,13745.0,3555.0,3214.0,0.0,2666.0,2666.0,2247.0,967.0,2456.0,1099.0
0.0,10190.0,3553.0,3228.0,0.0,6275.0,6275.0,2257.0,971.0,2541.0,1012.0
0.0,6637.0,3286.0,3235.0,2666.0,6923.0,6923.0,2265.0,970.0,2386.0,900.0
0.0,6017.0,3007.0,3229.0,6275.0,3631.0,3631.0,2263.0,966.0,2138.0,869.0
0.0,9285.0,2941.0,3217.0,6923.0,0.0,0.0,2254.0,963.0,2006.0,935.0
0.0,13267.0,3185.0,3211.0,3631.0,0.0,0.0,2247.0,964.0,2145.0,1040.0
0.0,13713.0,3473.0,3217.0,0.0,2628.0,2628.0,2249.0,968.0,2398.0,1075.0
0.0,10240.0,3613.0,3231.0,0.0,6297.0,6297.0,2259.0,972.0,2580.0,1033.0
0.0,6627.0,3363.0,3240.0,2628.0,7068.0,7068.0,2268.0,972.0,2438.0,925.0
0.0,5892.0,2964.0,3234.0,6297.0,3711.0,3711.0,2266.0,968.0,2108.0,856.0
0.0,9225.0,2872.0,3222.0,7068.0,0.0,0.0,2258.0,964.0,1961.0,911.0
0.0,13421.0,3209.0,3216.0,3711.0,0.0,0.0,2251.0,965.0,2162.0,1047.0
0.0,13923.0,3617.0,3225.0,0.0,2594.0,2594.0,2255.0,970.0,2498.0,1119.0
0.0,10306.0,3664.0,3239.0,0.0,6314.0,6314.0,2265.0,974.0,2615.0,1049.0
0.0,6642.0,3310.0,3247.0,2594.0,7062.0,7062.0,2273.0,974.0,2401.0,909.0
0.0,5926.0,2910.0,3241.0,6314.0,3634.0,3634.0,2271.0,970.0,2071.0,839.0
0.0,9330.0,2824.0,3227.0,7062.0,0.0,0.0,2261.0,966.0,1927.0,897.0
0.0,13568.0,3187.0,3218.0,3634.0,0.0,0.0,2252.0,966.0,2146.0,1041.0
0.0,14015.0,3620.0,3224.0,0.0,2501.0,2501.0,2254.0,970.0,2500.0,1120.0
0.0,10395.0,3723.0,3239.0,0.0,6284.0,6284.0,2265.0,974.0,2658.0,1065.0
0.0,6672.0,3410.0,3251.0,2501.0,7241.0,7241.0,2276.0,975.0,2470.0,940.0
0.0,5763.0,3014.0,3246.0,6284.0,3951.0,3951.0,2275.0,971.0,2142.0,872.0
0.0,9033.0,2854.0,3232.0,7241.0,0.0,0.0,2265.0,967.0,1947.0,907.0
0.0,13420.0,3103.0,3222.0,3951.0,0.0,0.0,2255.0,967.0,2090.0,1013.0
0.0,14268.0,3502.0,3227.0,0.0,2142.0,2142.0,2256.0,971.0,2420.0,1082.0
0.0,10766.0,3678.0,3242.0,0.0,5880.0,5880.0,2267.0,975.0,2625.0,1053.0
0.0,7088.0,3368.0,3252.0,2142.0,7146.0,7146.0,2277.0,975.0,2439.0,929.0
0.0,5862.0,2968.0,3249.0,5880.0,4222.0,4222.0,2277.0,972.0,2106.0,862.0
0.0,8774.0,2817.0,3233.0,7146.0,0.0,0.0,2265.0,968.0,1919.0,898.0
0.0,13103.0,3119.0,3223.0,4222.0,0.0,0.0,2256.0,967.0,2103.0,1016.0
0.0,14206.0,3518.0,3228.0,0.0,2224.0,2224.0,2257.0,971.0,2435.0,1083.0
0.0,10688.0,3703.0,3246.0,0.0,5999.0,5999.0,2270.0,976.0,2647.0,1056.0
0.0,6985.0,3411.0,3258.0,2224.0,7234.0,7234.0,2281.0,977.0,2469.0,942.0
0.0,5798.0,3026.0,3253.0,5999.0,4241.0,4241.0,2280.0,973.0,2144.0,882.0
0.0,8771.0,2866.0,3238.0,7234.0,0.0,0.0,2269.0,969.0,1951.0,915.0
0.0,13139.0,3064.0,3228.0,4241.0,0.0,0.0,2259.0,969.0,2064.0,1000.0
0.0,14316.0,3425.0,3232.0,0.0,2037.0,2037.0,2260.0,972.0,2372.0,1053.0
0.0,10891.0,3661.0,3246.0,0.0,5754.0,5754.0,2270.0,976.0,2618.0,1043.0
0.0,7230.0,3443.0,3258.0,2037.0,7208.0,7208.0,2281.0,977.0,2491.0,952.0
0.0,5824.0,3063.0,3255.0,5754.0,4505.0,4505.0,2281.0,974.0,2171.0,892.0
0.0,8515.0,2870.0,3241.0,7208.0,111.0,111.0,2271.0,970.0,1952.0,918.0
0.0,12853.0,2999.0,3231.0,4505.0,0.0,0.0,2261.0,970.0,2015.0,984.0
0.0,14359.0,3377.0,3236.0,111.0,1851.0,1851.0,2262.0,974.0,2338.0,1039.0
0.0,11093.0,3666.0,3253.0,0.0,5585.0,5585.0,2275.0,978.0,2624.0,1042.0
0.0,7427.0,3575.0,3268.0,1851.0,7369.0,7369.0,2288.0,980.0,2587.0,988.0
0.0,5703.0,3206.0,3266.0,5585.0,4982.0,4982.0,2289.0,977.0,2269.0,937.0
0.0,8082.0,2861.0,3253.0,7369.0,422.0,422.0,2279.0,974.0,1944.0,917.0
0.0,12590.0,2886.0,3238.0,4982.0,0.0,0.0,2266.0,972.0,1937.0,949.0
0.0,14686.0,3340.0,3241.0,422.0,1196.0,1196.0,2266.0,975.0,2312.0,1028.0
0.0,11768.0,3669.0,3256.0,0.0,4925.0,4925.0,2277.0,979.0,2628.0,1041.0
0.0,8099.0,3569.0,3271.0,1196.0,7358.0,7358.0,2290.0,981.0,2581.0,988.0
0.0,5726.0,3202.0,3272.0,4925.0,5639.0,5639.0,2293.0,979.0,2267.0,935.0
0.0,7449.0,2945.0,3260.0,7358.0,1178.0,1178.0,2284.0,976.0,2003.0,942.0
0.0,11862.0,3000.0,3249.0,5639.0,0.0,0.0,2274.0,975.0,2017.0,983.0
0.0,14501.0,3307.0,3249.0,1178.0,624.0,624.0,2272.0,977.0,2290.0,1017.0
0.0,12372.0,3587.0,3260.0,0.0,4255.0,4255.0,2280.0,980.0,2569.0,1018.0
0.0,8785.0,3527.0,3272.0,624.0,7206.0,7206.0,2291.0,981.0,2552.0,975.0
0.0,5882.0,3257.0,3273.0,4255.0,6212.0,6212.0,2294.0,979.0,2303.0,954.0
0.0,6880.0,3027.0,3264.0,7206.0,1997.0,1997.0,2287.0,977.0,2060.0,967.0
0.0,11059.0,3022.0,3254.0,6212.0,0.0,0.0,2277.0,977.0,2032.0,990.0
0.0,14249.0,3269.0,3251.0,1997.0,27.0,27.0,2273.0,978.0,2265.0,1004.0
0.0,12977.0,3521.0,3262.0,0.0,3592.0,3592.0,2281.0,981.0,2526.0,995.0
0.0,9456.0,3529.0,3275.0,27.0,7146.0,7146.0,2293.0,982.0,2555.0,974.0
0.0,5954.0,3288.0,3276.0,3592.0,6846.0,6846.0,2296.0,980.0,2325.0,963.0
0.0,6258.0,3038.0,3266.0,7146.0,2698.0,2698.0,2288.0,978.0,2065.0,973.0
0.0,10366.0,3040.0,3254.0,6846.0,0.0,0.0,2277.0,977.0,2040.0,1000.0
0.0,14172.0,3241.0,3252.0,2698.0,0.0,0.0,2274.0,978.0,2245.0,996.0
0.0,13629.0,3499.0,3263.0,0.0,2922.0,2922.0,2282.0,981.0,2511.0,988.0
0.0,10130.0,3532.0,3277.0,0.0,6510.0,6510.0,2294.0,983.0,2559.0,973.0
0.0,6598.0,3356.0,3280.0,2922.0,6956.0,6956.0,2299.0,981.0,2375.0,981.0
0.0,6164.0,3103.0,3270.0,6510.0,3509.0,3509.0,2291.0,979.0,2111.0,992.0
0.0,9571.0,3102.0,3258.0,6956.0,0.0,0.0,2280.0,978.0,2083.0,1019.0
0.0,13425.0,3355.0,3257.0,3509.0,0.0,0.0,2277.0,980.0,2321.0,1034.0
0.0,13579.0,3566.0,3268.0,0.0,3059.0,3059.0,2285.0,983.0,2557.0,1009.0
0.0,10013.0,3516.0,3281.0,0.0,6627.0,6627.0,2297.0,984.0,2551.0,965.0
0.0,6497.0,3260.0,3283.0,3059.0,6836.0,6836.0,2301.0,982.0,2312.0,948.0
0.0,6296.0,3031.0,3274.0,6627.0,3204.0,3204.0,2294.0,980.0,2059.0,972.0
0.0,9892.0,2986.0,3261.0,6836.0,0.0,0.0,2282.0,979.0,1999.0,987.0
0.0,13742.0,3278.0,3260.0,3204.0,0.0,0.0,2279.0,981.0,2266.0,1012.0
0.0,13668.0,3585.0,3272.0,0.0,3005.0,3005.0,2288.0,984.0,2572.0,1013.0
0.0,10083.0,3627.0,3286.0,0.0,6688.0,6688.0,2301.0,985.0,2628.0,999.0
0.0,6456.0,3343.0,3291.0,3005.0,7046.0,7046.0,2306.0,985.0,2368.0,975.0
0.0,6118.0,3040.0,3282.0,6688.0,3362.0,3362.0,2299.0,983.0,2068.0,972.0
0.0,9766.0,2913.0,3267.0,7046.0,0.0,0.0,2286.0,981.0,1950.0,963.0
0.0,13899.0,3214.0,3263.0,3362.0,0.0,0.0,2281.0,982.0,2220.0,994.0
0.0,14047.0,3576.0,3273.0,0.0,2621.0,2621.0,2289.0,984.0,2564.0,1012.0
0.0,10471.0,3674.0,3289.0,0.0,6359.0,6359.0,2303.0,986.0,2661.0,1013.0
0.0,6797.0,3422.0,3296.0,2621.0,7188.0,7188.0,2310.0,986.0,2425.0,997.0
0.0,5996.0,3019.0,3288.0,6359.0,3816.0,3816.0,2304.0,984.0,2052.0,967.0
0.0,9336.0,2897.0,3274.0,7188.0,0.0,0.0,2291.0,983.0,1937.0,960.0
0.0,13627.0,3172.0,3268.0,3816.0,0.0,0.0,2285.0,983.0,2192.0,980.0
0.0,14271.0,3601.0,3279.0,0.0,2446.0,2446.0,2293.0,986.0,2583.0,1018.0
0.0,10670.0,3796.0,3296.0,0.0,6310.0,6310.0,2308.0,988.0,2747.0,1049.0
0.0,6874.0,3506.0,3306.0,2446.0,7410.0,7410.0,2317.0,989.0,2480.0,1026.0
0.0,5814.0,2933.0,3297.0,6310.0,3997.0,3997.0,2310.0,987.0,1992.0,941.0
0.0,9191.0,2688.0,3278.0,7410.0,0.0,0.0,2294.0,984.0,1795.0,893.0
0.0,13913.0,3041.0,3268.0,3997.0,0.0,0.0,2285.0,983.0,2103.0,938.0
0.0,14869.0,3685.0,3277.0,0.0,1924.0,1924.0,2292.0,985.0,2639.0,1046.0
0.0,11184.0,3947.0,3299.0,0.0,5959.0,5959.0,2310.0,989.0,2849.0,1098.0
0.0,7237.0,3501.0,3310.0,1924.0,7580.0,7580.0,2320.0,990.0,2477.0,1024.0
0.0,5660.0,2843.0,3301.0,5959.0,4428.0,4428.0,2313.0,988.0,1929.0,914.0
0.0,8776.0,2656.0,3281.0,7580.0,0.0,0.0,2296.0,985.0,1774.0,882.0
0.0,13700.0,3184.0,3274.0,4428.0,0.0,0.0,2289.0,985.0,2203.0,981.0
0.0,14944.0,3818.0,3286.0,0.0,2018.0,2018.0,2298.0,988.0,2732.0,1086.0
0.0,11126.0,3935.0,3305.0,0.0,6029.0,6029.0,2314.0,991.0,2840.0,1095.0
0.0,7191.0,3397.0,3312.0,2018.0,7436.0,7436.0,2321.0,991.0,2405.0,992.0
0.0,5812.0,2734.0,3301.0,6029.0,4097.0,4097.0,2313.0,988.0,1855.0,879.0
0.0,9107.0,2619.0,3283.0,7436.0,0.0,0.0,2297.0,986.0,1747.0,872.0
0.0,13924.0,3179.0,3276.0,4097.0,0.0,0.0,2290.0,986.0,2195.0,984.0
0.0,14842.0,3930.0,3289.0,0.0,2244.0,2244.0,2300.0,989.0,2808.0,1122.0
0.0,10912.0,4044.0,3309.0,0.0,6368.0,6368.0,2317.0,992.0,2918.0,1126.0
0.0,6868.0,3405.0,3316.0,2244.0,7557.0,7557.0,2324.0,992.0,2415.0,990.0
0.0,5707.0,2663.0,3304.0,6368.0,3804.0,3804.0,2315.0,989.0,1808.0,855.0
0.0,9412.0,2542.0,3285.0,7557.0,0.0,0.0,2299.0,986.0,1692.0,850.0
0.0,14427.0,3295.0,3281.0,3804.0,0.0,0.0,2294.0,987.0,2275.0,1020.0
0.0,14936.0,4090.0,3296.0,0.0,2338.0,2338.0,2305.0,991.0,2917.0,1173.0
0.0,10846.0,4115.0,3317.0,0.0,6537.0,6537.0,2322.0,995.0,2966.0,1149.0
0.0,6731.0,3343.0,3323.0,2338.0,7566.0,7566.0,2329.0,994.0,2373.0,970.0
0.0,5726.0,2588.0,3311.0,6537.0,3569.0,3569.0,2320.0,991.0,1757.0,831.0
0.0,9675.0,2590.0,3293.0,7566.0,0.0,0.0,2304.0,989.0,1727.0,863.0
0.0,14651.0,3309.0,3289.0,3569.0,0.0,0.0,2299.0,990.0,2285.0,1024.0
0.0,14911.0,4010.0,3302.0,0.0,2307.0,2307.0,2309.0,993.0,2862.0,1148.0
0.0,10901.0,4069.0,3319.0,0.0,6444.0,6444.0,2324.0,995.0,2936.0,1133.0
0.0,6832.0,3362.0,3325.0,2307.0,7523.0,7523.0,2330.0,995.0,2385.0,977.0
0.0,5777.0,2652.0,3311.0,6444.0,3675.0,3675.0,2320.0,991.0,1800.0,852.0
0.0,9569.0,2651.0,3294.0,7523.0,0.0,0.0,2305.0,989.0,1769.0,882.0
0.0,14441.0,3350.0,3290.0,3675.0,0.0,0.0,2300.0,990.0,2313.0,1037.0
0.0,14766.0,4048.0,3306.0,0.0,2506.0,2506.0,2312.0,994.0,2888.0,1160.0
0.0,10718.0,4034.0,3325.0,0.0,6616.0,6616.0,2328.0,997.0,2911.0,1123.0
0.0,6684.0,3288.0,3330.0,2506.0,7418.0,7418.0,2334.0,996.0,2333.0,955.0
0.0,5902.0,2563.0,3317.0,6616.0,3313.0,3313.0,2324.0,993.0,1738.0,825.0
0.0,9955.0,2582.0,3298.0,7418.0,0.0,0.0,2308.0,990.0,1720.0,862.0
0.0,14791.0,3414.0,3294.0,3313.0,0.0,0.0,2303.0,991.0,2360.0,1054.0
0.0,14690.0,4153.0,3309.0,0.0,2699.0,2699.0,2314.0,995.0,2965.0,1188.0
0.0,10537.0,4085.0,3329.0,0.0,6864.0,6864.0,2331.0,998.0,2948.0,1137.0
0.0,6452.0,3242.0,3336.0,2699.0,7435.0,7435.0,2338.0,998.0,2298.0,944.0
0.0,5909.0,2477.0,3321.0,6864.0,2988.0,2988.0,2327.0,994.0,1674.0,803.0
0.0,10296.0,2538.0,3301.0,7435.0,0.0,0.0,2310.0,991.0,1688.0,850.0
0.0,15193.0,3410.0,3297.0,2988.0,0.0,0.0,2305.0,992.0,2358.0,1052.0
0.0,14771.0,4238.0,3312.0,0.0,2715.0,2715.0,2316.0,996.0,3027.0,1211.0
0.0,10533.0,4222.0,3335.0,0.0,7029.0,7029.0,2335.0,1000.0,3044.0,1178.0
0.0,6311.0,3284.0,3343.0,2715.0,7630.0,7630.0,2343.0,1000.0,2327.0,957.0
0.0,5742.0,2386.0,3328.0,7029.0,2927.0,2927.0,2332.0,996.0,1610.0,776.0
0.0,10385.0,2494.0,3307.0,7630.0,0.0,0.0,2314.0,993.0,1656.0,838.0
0.0,15521.0,3534.0,3301.0,2927.0,0.0,0.0,2308.0,993.0,2445.0,1089.0
0.0,14914.0,4333.0,3317.0,0.0,2687.0,2687.0,2320.0,997.0,3094.0,1239.0
0.0,10581.0,4150.0,3341.0,0.0,6933.0,6933.0,2339.0,1002.0,2993.0,1157.0
0.0,6431.0,3200.0,3350.0,2687.0,7482.0,7482.0,2348.0,1002.0,2269.0,931.0
0.0,5918.0,2398.0,3338.0,6933.0,2899.0,2899.0,2339.0,999.0,1617.0,781.0
0.0,10453.0,2562.0,3317.0,7482.0,0.0,0.0,2321.0,996.0,1704.0,858.0
0.0,15373.0,3503.0,3308.0,2899.0,0.0,0.0,2313.0,995.0,2424.0,1079.0
0.0,14769.0,4256.0,3322.0,0.0,2775.0,2775.0,2323.0,999.0,3042.0,1214.0
0.0,10513.0,4032.0,3345.0,0.0,6899.0,6899.0,2342.0,1003.0,2913.0,1119.0
0.0,6481.0,3057.0,3353.0,2775.0,7213.0,7213.0,2350.0,1003.0,2168.0,889.0
0.0,6199.0,2378.0,3337.0,6899.0,2628.0,2628.0,2338.0,999.0,1602.0,776.0
0.0,10720.0,2611.0,3314.0,7213.0,0.0,0.0,2319.0,995.0,1737.0,874.0
0.0,15322.0,3665.0,3309.0,2628.0,0.0,0.0,2313.0,996.0,2536.0,1129.0
0.0,14285.0,4388.0,3328.0,0.0,3415.0,3415.0,2327.0,1001.0,3134.0,1254.0
0.0,9897.0,4033.0,3353.0,0.0,7548.0,7548.0,2348.0,1005.0,2916.0,1117.0
0.0,5864.0,3009.0,3360.0,3415.0,7170.0,7170.0,2355.0,1005.0,2135.0,874.0
0.0,6270.0,2356.0,3345.0,7548.0,1918.0,1918.0,2344.0,1001.0,1586.0,770.0
0.0,11462.0,2665.0,3321.0,7170.0,0.0,0.0,2324.0,997.0,1772.0,893.0
0.0,15967.0,3636.0,3313.0,1918.0,0.0,0.0,2316.0,997.0,2516.0,1120.0
0.0,14249.0,4300.0,3330.0,0.0,3371.0,3371.0,2329.0,1001.0,3074.0,1226.0
0.0,9949.0,4042.0,3356.0,0.0,7517.0,7517.0,2350.0,1006.0,2921.0,1121.0
0.0,5907.0,3130.0,3368.0,3371.0,7324.0,7324.0,2360.0,1008.0,2220.0,910.0
0.0,6148.0,2450.0,3351.0,7517.0,2189.0,2189.0,2348.0,1003.0,1652.0,798.0
0.0,11215.0,2725.0,3325.0,7324.0,0.0,0.0,2327.0,998.0,1814.0,911.0
0.0,15814.0,3645.0,3316.0,2189.0,0.0,0.0,2318.0,998.0,2521.0,1124.0
0.0,14358.0,4265.0,3333.0,0.0,3239.0,3239.0,2331.0,1002.0,3050.0,1215.0
0.0,10093.0,3967.0,3361.0,0.0,7318.0,7318.0,2353.0,1008.0,2872.0,1095.0
0.0,6126.0,3091.0,3370.0,3239.0,7206.0,7206.0,2362.0,1008.0,2194.0,897.0
0.0,6274.0,2483.0,3354.0,7318.0,2307.0,2307.0,2350.0,1004.0,1672.0,811.0
0.0,11109.0,2814.0,3331.0,7206.0,0.0,0.0,2331.0,1000.0,1876.0,938.0
0.0,15501.0,3782.0,3326.0,2307.0,0.0,0.0,2325.0,1001.0,2618.0,1164.0
0.0,14026.0,4379.0,3345.0,0.0,3733.0,3733.0,2339.0,1006.0,3131.0,1248.0
0.0,9647.0,4024.0,3372.0,0.0,7865.0,7865.0,2361.0,1011.0,2910.0,1114.0
0.0,5623.0,2995.0,3379.0,3733.0,7155.0,7155.0,2368.0,1011.0,2124.0,871.0
0.0,6361.0,2398.0,3360.0,7865.0,1612.0,1612.0,2354.0,1006.0,1614.0,784.0
0.0,11828.0,2782.0,3335.0,7155.0,0.0,0.0,2334.0,1001.0,1855.0,927.0
0.0,16201.0,3829.0,3331.0,1612.0,0.0,0.0,2329.0,1002.0,2652.0,1177.0
0.0,13984.0,4509.0,3355.0,0.0,3945.0,3945.0,2346.0,1009.0,3220.0,1289.0
0.0,9475.0,4039.0,3383.0,0.0,8096.0,8096.0,2369.0,1014.0,2919.0,1120.0
0.0,5436.0,2945.0,3390.0,3945.0,7124.0,7124.0,2376.0,1014.0,2089.0,856.0
0.0,6436.0,2289.0,3369.0,8096.0,1233.0,1233.0,2360.0,1009.0,1538.0,751.0
0.0,12243.0,2758.0,3342.0,7124.0,0.0,0.0,2339.0,1003.0,1840.0,918.0
0.0,16609.0,3934.0,3339.0,1233.0,0.0,0.0,2334.0,1005.0,2726.0,1208.0
0.0,13908.0,4635.0,3366.0,0.0,4191.0,4191.0,2354.0,1012.0,3307.0,1328.0
0.0,9273.0,4074.0,3396.0,0.0,8385.0,8385.0,2378.0,1018.0,2943.0,1131.0
0.0,5199.0,2772.0,3402.0,4191.0,6990.0,6990.0,2384.0,1018.0,1969.0,803.0
0.0,6618.0,2081.0,3375.0,8385.0,578.0,578.0,2365.0,1010.0,1395.0,686.0
0.0,12922.0,2675.0,3345.0,6990.0,0.0,0.0,2341.0,1004.0,1782.0,893.0
0.0,17237.0,4013.0,3341.0,578.0,0.0,0.0,2336.0,1005.0,2780.0,1233.0
0.0,13802.0,4744.0,3369.0,0.0,4418.0,4418.0,2356.0,1013.0,3382.0,1362.0
0.0,9058.0,4040.0,3401.0,0.0,8586.0,8586.0,2381.0,1020.0,2917.0,1123.0
0.0,5018.0,2688.0,3405.0,4418.0,6872.0,6872.0,2386.0,1019.0,1909.0,779.0
0.0,6748.0,1976.0,3375.0,8586.0,142.0,142.0,2365.0,1010.0,1323.0,653.0
0.0,13358.0,2713.0,3344.0,6872.0,0.0,0.0,2340.0,1004.0,1811.0,902.0
0.0,17517.0,4137.0,3344.0,142.0,0.0,0.0,2338.0,1006.0,2869.0,1268.0
0.0,13522.0,4741.0,3373.0,0.0,4711.0,4711.0,2359.0,1014.0,3379.0,1362.0
0.0,8781.0,3970.0,3403.0,0.0,8801.0,8801.0,2383.0,1020.0,2866.0,1104.0
0.0,4811.0,2572.0,3403.0,4711.0,6662.0,6662.0,2385.0,1018.0,1827.0,745.0
0.0,6950.0,1985.0,3374.0,8801.0,0.0,0.0,2364.0,1010.0,1330.0,655.0
0.0,13766.0,2797.0,3347.0,6662.0,0.0,0.0,2342.0,1005.0,1869.0,928.0
0.0,17631.0,4207.0,3350.0,0.0,0.0,0.0,2342.0,1008.0,2918.0,1289.0
0.0,13424.0,4782.0,3383.0,0.0,4890.0,4890.0,2366.0,1017.0,3408.0,1374.0
0.0,8642.0,3958.0,3414.0,0.0,8972.0,8972.0,2390.0,1024.0,2858.0,1100.0
0.0,4684.0,2547.0,3412.0,4890.0,6621.0,6621.0,2391.0,1021.0,1811.0,736.0
0.0,7027.0,1912.0,3378.0,8972.0,0.0,0.0,2367.0,1011.0,1278.0,634.0
0.0,14087.0,2697.0,3345.0,6621.0,0.0,0.0,2341.0,1004.0,1799.0,898.0
0.0,18011.0,4169.0,3349.0,0.0,0.0,0.0,2341.0,1008.0,2891.0,1278.0
0.0,13842.0,4818.0,3383.0,0.0,4508.0,4508.0,2366.0,1017.0,3434.0,1384.0
0.0,9024.0,4038.0,3416.0,0.0,8678.0,8678.0,2392.0,1024.0,2915.0,1123.0
0.0,4986.0,2589.0,3414.0,4508.0,6751.0,6751.0,2393.0,1021.0,1838.0,751.0
0.0,6905.0,1904.0,3381.0,8678.0,0.0,0.0,2369.0,1012.0,1270.0,634.0
0.0,13679.0,2714.0,3351.0,6751.0,0.0,0.0,2345.0,1006.0,1812.0,902.0
0.0,17716.0,4192.0,3353.0,0.0,0.0,0.0,2344.0,1009.0,2909.0,1283.0
0.0,13524.0,4851.0,3386.0,0.0,4871.0,4871.0,2368.0,1018.0,3458.0,1393.0
0.0,8673.0,4048.0,3418.0,0.0,9047.0,9047.0,2393.0,1025.0,2921.0,1127.0
0.0,4625.0,2534.0,3413.0,4871.0,6690.0,6690.0,2392.0,1021.0,1799.0,735.0
0.0,6962.0,1892.0,3380.0,9047.0,0.0,0.0,2368.0,1012.0,1262.0,630.0
0.0,14117.0,2711.0,3350.0,6690.0,0.0,0.0,2344.0,1006.0,1810.0,901.0
0.0,18096.0,4233.0,3355.0,0.0,0.0,0.0,2345.0,1010.0,2936.0,1297.0
0.0,13863.0,4872.0,3389.0,0.0,4565.0,4565.0,2370.0,1019.0,3474.0,1398.0
0.0,8991.0,4032.0,3419.0,0.0,8717.0,8717.0,2394.0,1025.0,2910.0,1122.0
0.0,4959.0,2508.0,3413.0,4565.0,6636.0,6636.0,2392.0,1021.0,1781.0,727.0
0.0,7016.0,1933.0,3378.0,8717.0,0.0,0.0,2367.0,1011.0,1291.0,642.0
0.0,13800.0,2816.0,3348.0,6636.0,0.0,0.0,2343.0,1005.0,1884.0,932.0
0.0,17620.0,4289.0,3353.0,0.0,81.0,81.0,2344.0,1009.0,2977.0,1312.0
0.0,13331.0,4840.0,3388.0,0.0,5061.0,5061.0,2369.0,1019.0,3450.0,1390.0
0.0,8491.0,3932.0,3418.0,81.0,9032.0,9032.0,2393.0,1025.0,2840.0,1092.0
0.0,4640.0,2516.0,3413.0,5061.0,6467.0,6467.0,2392.0,1021.0,1787.0,729.0
0.0,7185.0,1977.0,3377.0,9032.0,0.0,0.0,2366.0,1011.0,1322.0,655.0
0.0,14240.0,2907.0,3347.0,6467.0,0.0,0.0,2342.0,1005.0,1947.0,960.0
0.0,17800.0,4380.0,3353.0,0.0,0.0,0.0,2344.0,1009.0,3038.0,1342.0
0.0,13420.0,4882.0,3390.0,0.0,5022.0,5022.0,2371.0,1019.0,3477.0,1405.0
0.0,8538.0,3908.0,3421.0,0.0,9054.0,9054.0,2395.0,1026.0,2823.0,1085.0
0.0,4630.0,2437.0,3415.0,5022.0,6445.0,6445.0,2393.0,1022.0,1734.0,703.0
0.0,7215.0,1956.0,3377.0,9054.0,0.0,0.0,2366.0,1011.0,1310.0,646.0
0.0,14313.0,2951.0,3344.0,6445.0,0.0,0.0,2340.0,1004.0,1981.0,970.0
0.0,17807.0,4406.0,3351.0,0.0,3.0,3.0,2343.0,1008.0,3056.0,1350.0
0.0,13401.0,4892.0,3392.0,0.0,5059.0,5059.0,2372.0,1020.0,3483.0,1409.0
0.0,8509.0,3885.0,3426.0,3.0,9077.0,9077.0,2399.0,1027.0,2806.0,1079.0
0.0,4627.0,2403.0,3421.0,5059.0,6401.0,6401.0,2397.0,1024.0,1707.0,696.0
0.0,7283.0,1884.0,3380.0,9077.0,0.0,0.0,2368.0,1012.0,1260.0,624.0
0.0,14476.0,2915.0,3345.0,6401.0,0.0,0.0,2341.0,1004.0,1954.0,961.0
0.0,17962.0,4427.0,3353.0,0.0,0.0,0.0,2344.0,1009.0,3072.0,1355.0
0.0,13535.0,4902.0,3395.0,0.0,4947.0,4947.0,2374.0,1021.0,3491.0,1411.0
0.0,8633.0,3881.0,3432.0,0.0,8976.0,8976.0,2403.0,1029.0,2804.0,1077.0
0.0,4752.0,2318.0,3424.0,4947.0,6315.0,6315.0,2400.0,1024.0,1649.0,669.0
0.0,7381.0,1788.0,3379.0,8976.0,0.0,0.0,2367.0,1012.0,1191.0,597.0
0.0,14569.0,2914.0,3344.0,6315.0,0.0,0.0,2340.0,1004.0,1954.0,960.0
0.0,17970.0,4530.0,3354.0,0.0,0.0,0.0,2345.0,1009.0,3144.0,1386.0
0.0,13440.0,5000.0,3401.0,0.0,5164.0,5164.0,2378.0,1023.0,3559.0,1441.0
0.0,8440.0,3864.0,3438.0,0.0,9176.0,9176.0,2407.0,1031.0,2791.0,1073.0
0.0,4576.0,2191.0,3426.0,5164.0,6155.0,6155.0,2401.0,1025.0,1561.0,630.0
0.0,7549.0,1724.0,3378.0,9176.0,0.0,0.0,2367.0,1011.0,1148.0,576.0
0.0,15001.0,2887.0,3341.0,6155.0,0.0,0.0,2338.0,1003.0,1935.0,952.0
0.0,18269.0,4602.0,3354.0,0.0,0.0,0.0,2345.0,1009.0,3194.0,1408.0
0.0,13667.0,5106.0,3403.0,0.0,5051.0,5051.0,2380.0,1023.0,3634.0,1472.0
0.0,8561.0,3938.0,3442.0,0.0,9145.0,9145.0,2410.0,1032.0,2842.0,1096.0
0.0,4623.0,2215.0,3433.0,5051.0,6273.0,6273.0,2406.0,1027.0,1577.0,638.0
0.0,7459.0,1669.0,3384.0,9145.0,0.0,0.0,2371.0,1013.0,1109.0,560.0
0.0,14935.0,2836.0,3347.0,6273.0,0.0,0.0,2342.0,1005.0,1899.0,937.0
0.0,18372.0,4569.0,3357.0,0.0,0.0,0.0,2347.0,1010.0,3171.0,1398.0
0.0,13803.0,5153.0,3406.0,0.0,4974.0,4974.0,2382.0,1024.0,3667.0,1486.0
0.0,8650.0,3984.0,3446.0,0.0,9118.0,9118.0,2413.0,1033.0,2874.0,1110.0
0.0,4666.0,2260.0,3437.0,4974.0,6368.0,6368.0,2409.0,1028.0,1607.0,653.0
0.0,7380.0,1659.0,3389.0,9118.0,0.0,0.0,2374.0,1015.0,1101.0,558.0
0.0,14839.0,2795.0,3350.0,6368.0,0.0,0.0,2344.0,1006.0,1871.0,924.0
0.0,18412.0,4592.0,3360.0,0.0,0.0,0.0,2349.0,1011.0,3190.0,1402.0
0.0,13820.0,5202.0,3411.0,0.0,5026.0,5026.0,2385.0,1026.0,3701.0,1501.0
0.0,8618.0,4004.0,3452.0,0.0,9194.0,9194.0,2417.0,1035.0,2887.0,1117.0
0.0,4614.0,2267.0,3443.0,5026.0,6399.0,6399.0,2413.0,1030.0,1613.0,654.0
0.0,7373.0,1699.0,3394.0,9194.0,0.0,0.0,2378.0,1016.0,1132.0,567.0
0.0,14868.0,2866.0,3355.0,6399.0,0.0,0.0,2348.0,1007.0,1921.0,945.0
0.0,18401.0,4570.0,3366.0,0.0,0.0,0.0,2353.0,1013.0,3171.0,1399.0
0.0,13831.0,5101.0,3416.0,0.0,4934.0,4934.0,2389.0,1027.0,3628.0,1473.0
0.0,8730.0,3995.0,3455.0,0.0,9085.0,9085.0,2419.0,1036.0,2883.0,1112.0
0.0,4735.0,2337.0,3446.0,4934.0,6452.0,6452.0,2415.0,1031.0,1662.0,675.0
0.0,7332.0,1796.0,3398.0,9085.0,0.0,0.0,2381.0,1017.0,1198.0,598.0
0.0,14621.0,2914.0,3361.0,6452.0,0.0,0.0,2352.0,1009.0,1956.0,958.0
0.0,18159.0,4555.0,3373.0,0.0,0.0,0.0,2358.0,1015.0,3162.0,1393.0
0.0,13604.0,5025.0,3422.0,0.0,5109.0,5109.0,2393.0,1029.0,3576.0,1449.0
0.0,8579.0,3998.0,3461.0,0.0,9263.0,9263.0,2423.0,1038.0,2883.0,1115.0
0.0,4581.0,2409.0,3451.0,5109.0,6523.0,6523.0,2418.0,1033.0,1712.0,697.0
0.0,7281.0,1812.0,3401.0,9263.0,0.0,0.0,2383.0,1018.0,1208.0,604.0
0.0,14732.0,2837.0,3362.0,6523.0,0.0,0.0,2353.0,1009.0,1900.0,937.0
0.0,18418.0,4458.0,3373.0,0.0,0.0,0.0,2358.0,1015.0,3096.0,1362.0
0.0,13960.0,5126.0,3425.0,0.0,4866.0,4866.0,2395.0,1030.0,3648.0,1478.0
0.0,8834.0,4183.0,3468.0,0.0,9221.0,9221.0,2428.0,1040.0,3014.0,1169.0
0.0,4651.0,2513.0,3459.0,4866.0,6832.0,6832.0,2424.0,1035.0,1785.0,728.0
0.0,7004.0,1777.0,3408.0,9221.0,0.0,0.0,2388.0,1020.0,1185.0,592.0
0.0,14448.0,2735.0,3367.0,6832.0,0.0,0.0,2356.0,1011.0,1827.0,908.0
0.0,18545.0,4385.0,3376.0,0.0,0.0,0.0,2360.0,1016.0,3042.0,1343.0
0.0,14160.0,5039.0,3427.0,0.0,4587.0,4587.0,2397.0,1030.0,3586.0,1453.0
0.0,9121.0,4058.0,3469.0,0.0,8813.0,8813.0,2429.0,1040.0,2928.0,1130.0
0.0,5063.0,2475.0,3460.0,4587.0,6665.0,6665.0,2425.0,1035.0,1761.0,714.0
0.0,7175.0,1814.0,3410.0,8813.0,0.0,0.0,2389.0,1021.0,1211.0,603.0
0.0,14174.0,2756.0,3369.0,6665.0,0.0,0.0,2358.0,1011.0,1843.0,913.0
0.0,18083.0,4399.0,3379.0,0.0,0.0,0.0,2362.0,1017.0,3052.0,1347.0
0.0,13684.0,5050.0,3432.0,0.0,5094.0,5094.0,2400.0,1032.0,3592.0,1458.0
0.0,8634.0,4115.0,3476.0,0.0,9385.0,9385.0,2434.0,1042.0,2967.0,1148.0
0.0,4519.0,2480.0,3468.0,5094.0,6739.0,6739.0,2430.0,1038.0,1764.0,716.0
0.0,7133.0,1795.0,3415.0,9385.0,0.0,0.0,2393.0,1022.0,1199.0,596.0
0.0,14723.0,2706.0,3371.0,6739.0,0.0,0.0,2359.0,1012.0,1809.0,897.0
0.0,18756.0,4354.0,3380.0,0.0,0.0,0.0,2363.0,1017.0,3017.0,1337.0
0.0,14402.0,5008.0,3435.0,0.0,4346.0,4346.0,2402.0,1033.0,3561.0,1447.0
0.0,9394.0,4036.0,3479.0,0.0,8558.0,8558.0,2436.0,1043.0,2911.0,1125.0
0.0,5358.0,2506.0,3472.0,4346.0,6690.0,6690.0,2433.0,1039.0,1783.0,723.0
0.0,7198.0,1924.0,3420.0,8558.0,0.0,0.0,2396.0,1024.0,1290.0,634.0
0.0,13832.0,2805.0,3376.0,6690.0,0.0,0.0,2362.0,1014.0,1878.0,927.0
0.0,17717.0,4311.0,3383.0,0.0,126.0,126.0,2365.0,1018.0,2989.0,1322.0
0.0,13406.0,4996.0,3436.0,0.0,5334.0,5334.0,2403.0,1033.0,3556.0,1440.0
0.0,8410.0,4112.0,3484.0,126.0,9512.0,9512.0,2439.0,1045.0,2966.0,1146.0
0.0,4424.0,2538.0,3478.0,5334.0,6692.0,6692.0,2437.0,1041.0,1804.0,734.0
0.0,7220.0,1882.0,3426.0,9512.0,0.0,0.0,2400.0,1026.0,1257.0,625.0
0.0,14850.0,2824.0,3381.0,6692.0,0.0,0.0,2366.0,1015.0,1890.0,934.0
0.0,18718.0,4345.0,3388.0,0.0,0.0,0.0,2369.0,1019.0,3015.0,1330.0
0.0,14373.0,4980.0,3440.0,0.0,4367.0,4367.0,2406.0,1034.0,3547.0,1433.0
0.0,9393.0,4038.0,3486.0,0.0,8589.0,8589.0,2441.0,1045.0,2911.0,1127.0
0.0,5355.0,2433.0,3479.0,4367.0,6627.0,6627.0,2438.0,1041.0,1729.0,704.0
0.0,7289.0,1781.0,3426.0,8589.0,0.0,0.0,2400.0,1026.0,1187.0,594.0
0.0,14097.0,2771.0,3378.0,6627.0,0.0,0.0,2364.0,1014.0,1854.0,917.0
0.0,17953.0,4460.0,3387.0,0.0,55.0,55.0,2368.0,1019.0,3094.0,1366.0
0.0,13493.0,5173.0,3443.0,0.0,5452.0,5452.0,2408.0,1035.0,3679.0,1494.0
0.0,8320.0,4184.0,3491.0,55.0,9773.0,9773.0,2444.0,1047.0,3016.0,1168.0
0.0,4191.0,2463.0,3483.0,5452.0,6752.0,6752.0,2441.0,1042.0,1753.0,710.0
0.0,7180.0,1793.0,3430.0,9773.0,0.0,0.0,2403.0,1027.0,1196.0,597.0
0.0,15160.0,2730.0,3384.0,6752.0,0.0,0.0,2368.0,1016.0,1823.0,907.0
0.0,19182.0,4475.0,3394.0,0.0,0.0,0.0,2373.0,1021.0,3105.0,1370.0
0.0,14707.0,5293.0,3450.0,0.0,4386.0,4386.0,2413.0,1037.0,3764.0,1529.0
0.0,9414.0,4342.0,3499.0,0.0,8924.0,8924.0,2450.0,1049.0,3127.0,1215.0
0.0,5072.0,2495.0,3492.0,4386.0,7005.0,7005.0,2447.0,1045.0,1775.0,720.0
0.0,6963.0,1630.0,3435.0,8924.0,0.0,0.0,2407.0,1028.0,1082.0,548.0
0.0,14257.0,2609.0,3388.0,7005.0,0.0,0.0,2371.0,1017.0,1737.0,872.0
0.0,18653.0,4452.0,3397.0,0.0,0.0,0.0,2375.0,1022.0,3086.0,1366.0
0.0,14201.0,5360.0,3455.0,0.0,4979.0,4979.0,2416.0,1039.0,3812.0,1548.0
0.0,8841.0,4441.0,3505.0,0.0,9620.0,9620.0,2454.0,1051.0,3199.0,1242.0
0.0,4400.0,2612.0,3500.0,4979.0,7233.0,7233.0,2453.0,1047.0,1860.0,752.0
0.0,6767.0,1611.0,3446.0,9620.0,0.0,0.0,2414.0,1032.0,1069.0,542.0
0.0,14776.0,2457.0,3394.0,7233.0,0.0,0.0,2375.0,1019.0,1628.0,829.0
0.0,19552.0,4330.0,3397.0,0.0,0.0,0.0,2375.0,1022.0,2998.0,1332.0
0.0,15222.0,5371.0,3452.0,0.0,3957.0,3957.0,2414.0,1038.0,3820.0,1551.0
0.0,9851.0,4579.0,3506.0,0.0,8752.0,8752.0,2455.0,1051.0,3297.0,1282.0
0.0,5272.0,2611.0,3503.0,3957.0,7394.0,7394.0,2455.0,1048.0,1861.0,750.0
0.0,6618.0,1499.0,3448.0,8752.0,0.0,0.0,2416.0,1032.0,992.0,507.0
0.0,13871.0,2402.0,3398.0,7394.0,0.0,0.0,2378.0,1020.0,1589.0,813.0
0.0,18863.0,4387.0,3404.0,0.0,0.0,0.0,2380.0,1024.0,3034.0,1353.0
0.0,14476.0,5407.0,3460.0,0.0,4771.0,4771.0,2420.0,1040.0,3843.0,1564.0
0.0,9069.0,4515.0,3512.0,0.0,9494.0,9494.0,2459.0,1053.0,3254.0,1261.0
0.0,4554.0,2591.0,3509.0,4771.0,7302.0,7302.0,2459.0,1050.0,1850.0,741.0
0.0,6734.0,1485.0,3453.0,9494.0,0.0,0.0,2419.0,1034.0,981.0,504.0
0.0,14743.0,2372.0,3401.0,7302.0,0.0,0.0,2380.0,1021.0,1567.0,805.0
0.0,19673.0,4347.0,3406.0,0.0,0.0,0.0,2381.0,1025.0,3008.0,1339.0
0.0,15326.0,5435.0,3462.0,0.0,3957.0,3957.0,2421.0,1041.0,3861.0,1574.0
0.0,9891.0,4514.0,3515.0,0.0,8683.0,8683.0,2461.0,1054.0,3251.0,1263.0
0.0,5377.0,2552.0,3512.0,3957.0,7266.0,7266.0,2461.0,1051.0,1822.0,730.0
0.0,6782.0,1528.0,3458.0,8683.0,0.0,0.0,2423.0,1035.0,1014.0,514.0
0.0,13937.0,2481.0,3409.0,7266.0,0.0,0.0,2386.0,1023.0,1645.0,836.0
0.0,18722.0,4398.0,3416.0,0.0,0.0,0.0,2388.0,1028.0,3041.0,1357.0
0.0,14324.0,5407.0,3472.0,0.0,4971.0,4971.0,2428.0,1044.0,3839.0,1568.0
0.0,8917.0,4528.0,3522.0,0.0,9699.0,9699.0,2466.0,1056.0,3262.0,1266.0
0.0,4389.0,2564.0,3517.0,4971.0,7272.0,7272.0,2465.0,1052.0,1834.0,730.0
0.0,6796.0,1522.0,3464.0,9699.0,0.0,0.0,2427.0,1037.0,1009.0,513.0
0.0,14973.0,2468.0,3415.0,7272.0,0.0,0.0,2390.0,1025.0,1633.0,835.0
0.0,19777.0,4392.0,3420.0,0.0,0.0,0.0,2391.0,1029.0,3036.0,1356.0
0.0,15385.0,5394.0,3475.0,0.0,3909.0,3909.0,2430.0,1045.0,3833.0,1561.0
0.0,9991.0,4476.0,3525.0,0.0,8585.0,8585.0,2468.0,1057.0,3229.0,1247.0
0.0,5515.0,2561.0,3520.0,3909.0,7217.0,7217.0,2467.0,1053.0,1831.0,730.0
0.0,6863.0,1564.0,3467.0,8585.0,0.0,0.0,2429.0,1038.0,1036.0,528.0
0.0,13884.0,2457.0,3418.0,7217.0,0.0,0.0,2392.0,1026.0,1623.0,834.0
0.0,18644.0,4390.0,3425.0,0.0,0.0,0.0,2394.0,1031.0,3036.0,1354.0
0.0,14254.0,5468.0,3483.0,0.0,5146.0,5146.0,2436.0,1047.0,3887.0,1581.0
0.0,8786.0,4572.0,3537.0,0.0,9934.0,9934.0,2476.0,1061.0,3295.0,1277.0
0.0,4214.0,2578.0,3533.0,5146.0,7350.0,7350.0,2476.0,1057.0,1841.0,737.0
0.0,6782.0,1523.0,3477.0,9934.0,0.0,0.0,2436.0,1041.0,1009.0,514.0
0.0,15193.0,2412.0,3424.0,7350.0,0.0,0.0,2396.0,1028.0,1595.0,817.0
0.0,20131.0,4412.0,3428.0,0.0,0.0,0.0,2397.0,1031.0,3052.0,1360.0
0.0,15719.0,5524.0,3487.0,0.0,3753.0,3753.0,2438.0,1049.0,3922.0,1602.0
0.0,10195.0,4652.0,3542.0,0.0,8625.0,8625.0,2480.0,1062.0,3349.0,1303.0
0.0,5543.0,2529.0,3538.0,3753.0,7385.0,7385.0,2479.0,1059.0,1808.0,721.0
0.0,6767.0,1395.0,3478.0,8625.0,0.0,0.0,2437.0,1041.0,920.0,475.0
0.0,13997.0,2331.0,3422.0,7385.0,0.0,0.0,2395.0,1027.0,1540.0,791.0
0.0,19051.0,4465.0,3424.0,0.0,0.0,0.0,2394.0,1030.0,3087.0,1378.0
0.0,14586.0,5677.0,3485.0,0.0,5031.0,5031.0,2437.0,1048.0,4028.0,1649.0
0.0,8909.0,4727.0,3545.0,0.0,9998.0,9998.0,2482.0,1063.0,3401.0,1326.0
0.0,4182.0,2592.0,3545.0,5031.0,7559.0,7559.0,2484.0,1061.0,1851.0,741.0
0.0,6621.0,1344.0,3485.0,9998.0,0.0,0.0,2442.0,1043.0,885.0,459.0
0.0,15275.0,2232.0,3425.0,7559.0,0.0,0.0,2397.0,1028.0,1470.0,762.0
0.0,20602.0,4434.0,3424.0,0.0,0.0,0.0,2394.0,1030.0,3067.0,1367.0
0.0,16168.0,5711.0,3484.0,0.0,3479.0,3479.0,2436.0,1048.0,4053.0,1658.0
0.0,10457.0,4808.0,3545.0,0.0,8531.0,8531.0,2482.0,1063.0,3459.0,1349.0
0.0,5649.0,2595.0,3549.0,3479.0,7663.0,7663.0,2487.0,1062.0,1856.0,739.0
0.0,6533.0,1328.0,3491.0,8531.0,228.0,228.0,2446.0,1045.0,873.0,455.0
0.0,13736.0,2233.0,3430.0,7663.0,0.0,0.0,2400.0,1030.0,1467.0,766.0
0.0,19166.0,4394.0,3427.0,228.0,0.0,0.0,2396.0,1031.0,3039.0,1355.0
0.0,15000.0,5662.0,3485.0,0.0,4602.0,4602.0,2437.0,1048.0,4021.0,1641.0
0.0,9338.0,4786.0,3548.0,0.0,9640.0,9640.0,2484.0,1064.0,3446.0,1340.0
0.0,4552.0,2653.0,3553.0,4602.0,7711.0,7711.0,2490.0,1063.0,1895.0,758.0
0.0,6501.0,1411.0,3496.0,9640.0,0.0,0.0,2450.0,1046.0,928.0,483.0
0.0,14730.0,2286.0,3436.0,7711.0,0.0,0.0,2405.0,1031.0,1504.0,782.0
0.0,20155.0,4381.0,3433.0,0.0,0.0,0.0,2400.0,1033.0,3030.0,1351.0
0.0,15774.0,5622.0,3492.0,0.0,3816.0,3816.0,2442.0,1050.0,3993.0,1629.0
0.0,10152.0,4740.0,3554.0,0.0,8804.0,8804.0,2488.0,1066.0,3413.0,1327.0
0.0,5412.0,2607.0,3559.0,3816.0,7615.0,7615.0,2494.0,1065.0,1862.0,745.0
0.0,6621.0,1384.0,3502.0,8804.0,0.0,0.0,2454.0,1048.0,912.0,472.0
0.0,14041.0,2297.0,3442.0,7615.0,0.0,0.0,2409.0,1033.0,1512.0,785.0
0.0,19359.0,4387.0,3439.0,0.0,0.0,0.0,2404.0,1035.0,3032.0,1355.0
0.0,14972.0,5658.0,3499.0,0.0,4682.0,4682.0,2447.0,1052.0,4017.0,1641.0
0.0,9314.0,4811.0,3562.0,0.0,9745.0,9745.0,2494.0,1068.0,3463.0,1348.0
0.0,4503.0,2637.0,3565.0,4682.0,7712.0,7712.0,2498.0,1067.0,1885.0,752.0
0.0,6548.0,1344.0,3506.0,9745.0,0.0,0.0,2457.0,1049.0,886.0,458.0
0.0,14949.0,2250.0,3445.0,7712.0,0.0,0.0,2411.0,1034.0,1482.0,768.0
0.0,20411.0,4395.0,3443.0,0.0,0.0,0.0,2407.0,1036.0,3037.0,1358.0
0.0,16016.0,5620.0,3502.0,0.0,3612.0,3612.0,2449.0,1053.0,3986.0,1634.0
0.0,10396.0,4798.0,3565.0,0.0,8662.0,8662.0,2496.0,1069.0,3451.0,1347.0
0.0,5598.0,2708.0,3569.0,3612.0,7774.0,7774.0,2501.0,1068.0,1936.0,772.0
0.0,6502.0,1423.0,3512.0,8662.0,307.0,307.0,2461.0,1051.0,942.0,481.0
0.0,13741.0,2151.0,3450.0,7774.0,0.0,0.0,2415.0,1035.0,1414.0,737.0
0.0,19364.0,4270.0,3446.0,307.0,0.0,0.0,2409.0,1037.0,2950.0,1320.0
0.0,15401.0,5672.0,3505.0,0.0,4291.0,4291.0,2451.0,1054.0,4024.0,1648.0
0.0,9729.0,4914.0,3570.0,0.0,9465.0,9465.0,2499.0,1071.0,3532.0,1382.0
0.0,4815.0,2716.0,3575.0,4291.0,7910.0,7910.0,2505.0,1070.0,1940.0,776.0
0.0,6390.0,1319.0,3516.0,9465.0,0.0,0.0,2464.0,1052.0,868.0,451.0
0.0,14536.0,2108.0,3452.0,7910.0,0.0,0.0,2416.0,1036.0,1383.0,725.0
0.0,20338.0,4294.0,3446.0,0.0,0.0,0.0,2409.0,1037.0,2967.0,1327.0
0.0,16044.0,5657.0,3505.0,0.0,3633.0,3633.0,2451.0,1054.0,4014.0,1643.0
0.0,10387.0,4908.0,3571.0,0.0,8805.0,8805.0,2500.0,1071.0,3528.0,1380.0
0.0,5479.0,2809.0,3578.0,3633.0,8009.0,8009.0,2507.0,1071.0,2006.0,803.0
0.0,6303.0,1361.0,3519.0,8805.0,329.0,329.0,2466.0,1053.0,899.0,462.0
0.0,13747.0,2120.0,3454.0,8009.0,0.0,0.0,2417.0,1037.0,1392.0,728.0
0.0,19636.0,4292.0,3447.0,329.0,0.0,0.0,2410.0,1037.0,2966.0,1326.0
0.0,15673.0,5750.0,3509.0,0.0,4113.0,4113.0,2454.0,1055.0,4078.0,1672.0
0.0,9923.0,4982.0,3578.0,0.0,9371.0,9371.0,2505.0,1073.0,3579.0,1403.0
0.0,4941.0,2785.0,3586.0,4113.0,8075.0,8075.0,2513.0,1073.0,1986.0,799.0
0.0,6269.0,1416.0,3528.0,9371.0,0.0,0.0,2472.0,1056.0,937.0,479.0
0.0,14224.0,2138.0,3460.0,8075.0,0.0,0.0,2422.0,1038.0,1406.0,732.0
0.0,20161.0,4266.0,3451.0,0.0,0.0,0.0,2413.0,1038.0,2950.0,1316.0
0.0,15895.0,5644.0,3509.0,0.0,3785.0,3785.0,2454.0,1055.0,4005.0,1639.0
0.0,10251.0,4912.0,3578.0,0.0,8973.0,8973.0,2505.0,1073.0,3530.0,1382.0
0.0,5339.0,2872.0,3590.0,3785.0,8108.0,8108.0,2516.0,1074.0,2046.0,826.0
0.0,6252.0,1544.0,3535.0,8973.0,459.0,459.0,2477.0,1058.0,1026.0,518.0
0.0,13681.0,2196.0,3468.0,8108.0,0.0,0.0,2427.0,1041.0,1447.0,749.0
0.0,19593.0,4233.0,3457.0,459.0,0.0,0.0,2417.0,1040.0,2929.0,1304.0
0.0,15819.0,5585.0,3514.0,0.0,3822.0,3822.0,2457.0,1057.0,3963.0,1622.0
0.0,10234.0,4858.0,3582.0,0.0,8952.0,8952.0,2508.0,1074.0,3488.0,1370.0
0.0,5376.0,2840.0,3593.0,3822.0,8014.0,8014.0,2518.0,1075.0,2023.0,817.0
0.0,6358.0,1508.0,3538.0,8952.0,350.0,350.0,2479.0,1059.0,1003.0,505.0
0.0,13802.0,2191.0,3472.0,8014.0,0.0,0.0,2430.0,1042.0,1447.0,744.0
0.0,19625.0,4246.0,3461.0,350.0,0.0,0.0,2420.0,1041.0,2935.0,1311.0
0.0,15729.0,5533.0,3517.0,0.0,3872.0,3872.0,2459.0,1058.0,3925.0,1608.0
0.0,10196.0,4805.0,3581.0,0.0,8933.0,8933.0,2507.0,1074.0,3451.0,1354.0
0.0,5391.0,2822.0,3592.0,3872.0,7927.0,7927.0,2517.0,1075.0,2012.0,810.0
0.0,6441.0,1570.0,3538.0,8933.0,348.0,348.0,2479.0,1059.0,1045.0,525.0
0.0,13804.0,2270.0,3473.0,7927.0,0.0,0.0,2431.0,1042.0,1498.0,772.0
0.0,19461.0,4238.0,3464.0,348.0,0.0,0.0,2422.0,1042.0,2931.0,1307.0
0.0,15571.0,5453.0,3518.0,0.0,3954.0,3954.0,2460.0,1058.0,3872.0,1581.0
0.0,10118.0,4771.0,3584.0,0.0,8989.0,8989.0,2509.0,1075.0,3430.0,1341.0
0.0,5347.0,2845.0,3594.0,3954.0,7920.0,7920.0,2519.0,1075.0,2028.0,817.0
0.0,6456.0,1597.0,3541.0,8989.0,316.0,316.0,2481.0,1060.0,1064.0,533.0
0.0,13848.0,2343.0,3476.0,7920.0,0.0,0.0,2433.0,1043.0,1548.0,795.0
0.0,19425.0,4290.0,3467.0,316.0,0.0,0.0,2424.0,1043.0,2965.0,1325.0
0.0,15451.0,5440.0,3521.0,0.0,4073.0,4073.0,2462.0,1059.0,3862.0,1578.0
0.0,10011.0,4669.0,3584.0,0.0,8994.0,8994.0,2509.0,1075.0,3360.0,1309.0
0.0,5342.0,2752.0,3595.0,4073.0,7717.0,7717.0,2519.0,1076.0,1964.0,788.0
0.0,6663.0,1613.0,3541.0,8994.0,120.0,120.0,2481.0,1060.0,1075.0,538.0
0.0,14044.0,2435.0,3479.0,7717.0,0.0,0.0,2435.0,1044.0,1614.0,821.0
0.0,19326.0,4375.0,3471.0,120.0,0.0,0.0,2427.0,1044.0,3026.0,1349.0
0.0,15071.0,5548.0,3526.0,0.0,4581.0,4581.0,2466.0,1060.0,3936.0,1612.0
0.0,9523.0,4668.0,3588.0,0.0,9497.0,9497.0,2512.0,1076.0,3356.0,1312.0
0.0,4855.0,2658.0,3598.0,4581.0,7614.0,7614.0,2521.0,1077.0,1898.0,760.0
0.0,6778.0,1517.0,3545.0,9497.0,0.0,0.0,2484.0,1061.0,1011.0,506.0
0.0,14758.0,2435.0,3483.0,7614.0,0.0,0.0,2438.0,1045.0,1617.0,818.0
0.0,19937.0,4477.0,3474.0,0.0,0.0,0.0,2429.0,1045.0,3097.0,1380.0
0.0,15460.0,5637.0,3531.0,0.0,4301.0,4301.0,2469.0,1062.0,3996.0,1641.0
0.0,9823.0,4697.0,3596.0,0.0,9258.0,9258.0,2517.0,1079.0,3375.0,1322.0
0.0,5126.0,2603.0,3605.0,4301.0,7596.0,7596.0,2526.0,1079.0,1859.0,744.0
0.0,6824.0,1464.0,3551.0,9258.0,0.0,0.0,2488.0,1063.0,973.0,491.0
0.0,14618.0,2350.0,3487.0,7596.0,0.0,0.0,2441.0,1046.0,1556.0,794.0
0.0,19864.0,4485.0,3479.0,0.0,0.0,0.0,2432.0,1047.0,3103.0,1382.0
0.0,15379.0,5732.0,3535.0,0.0,4493.0,4493.0,2472.0,1063.0,4066.0,1666.0
0.0,9647.0,4857.0,3603.0,0.0,9622.0,9622.0,2522.0,1081.0,3488.0,1369.0
0.0,4790.0,2651.0,3612.0,4493.0,7816.0,7816.0,2531.0,1081.0,1890.0,761.0
0.0,6632.0,1330.0,3555.0,9622.0,0.0,0.0,2491.0,1064.0,877.0,453.0
0.0,14924.0,2262.0,3489.0,7816.0,0.0,0.0,2442.0,1047.0,1495.0,767.0
0.0,20478.0,4489.0,3480.0,0.0,0.0,0.0,2433.0,1047.0,3109.0,1380.0
0.0,15989.0,5814.0,3538.0,0.0,3977.0,3977.0,2474.0,1064.0,4122.0,1692.0
0.0,10175.0,4939.0,3605.0,0.0,9184.0,9184.0,2524.0,1081.0,3543.0,1396.0
0.0,5236.0,2710.0,3616.0,3977.0,7961.0,7961.0,2534.0,1082.0,1932.0,778.0
0.0,6503.0,1343.0,3560.0,9184.0,0.0,0.0,2494.0,1066.0,889.0,454.0
0.0,14344.0,2247.0,3495.0,7961.0,0.0,0.0,2446.0,1049.0,1486.0,761.0
0.0,20058.0,4538.0,3487.0,0.0,0.0,0.0,2438.0,1049.0,3142.0,1396.0
0.0,15520.0,5891.0,3545.0,0.0,4551.0,4551.0,2479.0,1066.0,4176.0,1715.0
0.0,9629.0,4898.0,3610.0,0.0,9709.0,9709.0,2527.0,1083.0,3515.0,1383.0
0.0,4731.0,2541.0,3616.0,4551.0,7723.0,7723.0,2534.0,1082.0,1813.0,728.0
0.0,6741.0,1207.0,3558.0,9709.0,0.0,0.0,2493.0,1065.0,793.0,414.0
0.0,15243.0,2270.0,3495.0,7723.0,0.0,0.0,2446.0,1049.0,1503.0,767.0
0.0,20696.0,4560.0,3488.0,0.0,0.0,0.0,2439.0,1049.0,3158.0,1402.0
0.0,16136.0,5836.0,3546.0,0.0,3884.0,3884.0,2480.0,1066.0,4137.0,1699.0
0.0,10300.0,4910.0,3612.0,0.0,9058.0,9058.0,2529.0,1083.0,3521.0,1389.0
0.0,5390.0,2610.0,3620.0,3884.0,7816.0,7816.0,2536.0,1084.0,1860.0,750.0
0.0,6664.0,1282.0,3563.0,9058.0,0.0,0.0,2496.0,1067.0,846.0,436.0
0.0,14440.0,2280.0,3501.0,7816.0,0.0,0.0,2450.0,1051.0,1510.0,770.0
0.0,19976.0,4588.0,3497.0,0.0,0.0,0.0,2445.0,1052.0,3178.0,1410.0
0.0,15388.0,5894.0,3555.0,0.0,4726.0,4726.0,2486.0,1069.0,4179.0,1715.0
0.0,9494.0,4836.0,3618.0,0.0,9814.0,9814.0,2533.0,1085.0,3472.0,1364.0
0.0,4658.0,2485.0,3622.0,4726.0,7589.0,7589.0,2538.0,1084.0,1773.0,712.0
0.0,6899.0,1260.0,3565.0,9814.0,0.0,0.0,2498.0,1067.0,827.0,433.0
0.0,15453.0,2369.0,3506.0,7589.0,0.0,0.0,2454.0,1052.0,1571.0,798.0
0.0,20673.0,4665.0,3504.0,0.0,0.0,0.0,2450.0,1054.0,3233.0,1432.0
0.0,16008.0,5860.0,3562.0,0.0,4100.0,4100.0,2491.0,1071.0,4158.0,1702.0
0.0,10148.0,4782.0,3623.0,0.0,9126.0,9126.0,2536.0,1087.0,3433.0,1349.0
0.0,5366.0,2491.0,3626.0,4100.0,7529.0,7529.0,2541.0,1085.0,1773.0,718.0
0.0,6975.0,1219.0,3567.0,9126.0,0.0,0.0,2499.0,1068.0,797.0,422.0
0.0,14882.0,2332.0,3507.0,7529.0,0.0,0.0,2454.0,1053.0,1548.0,784.0
0.0,20079.0,4751.0,3508.0,0.0,0.0,0.0,2453.0,1055.0,3297.0,1454.0
0.0,15328.0,5986.0,3571.0,0.0,4942.0,4942.0,2497.0,1074.0,4246.0,1740.0
0.0,9342.0,4842.0,3633.0,0.0,10032.0,10032.0,2543.0,1090.0,3475.0,1367.0
0.0,4500.0,2400.0,3632.0,4942.0,7486.0,7486.0,2545.0,1087.0,1710.0,690.0
0.0,7042.0,1186.0,3571.0,10032.0,0.0,0.0,2502.0,1069.0,773.0,413.0
0.0,15888.0,2335.0,3509.0,7486.0,0.0,0.0,2456.0,1053.0,1549.0,786.0
0.0,21039.0,4697.0,3510.0,0.0,0.0,0.0,2454.0,1056.0,3258.0,1439.0
0.0,16342.0,5934.0,3572.0,0.0,3880.0,3880.0,2498.0,1074.0,4209.0,1725.0
0.0,10408.0,4740.0,3634.0,0.0,8868.0,8868.0,2544.0,1090.0,3403.0,1337.0
0.0,5668.0,2433.0,3635.0,3880.0,7425.0,7425.0,2547.0,1088.0,1734.0,699.0
0.0,7115.0,1319.0,3574.0,8868.0,0.0,0.0,2504.0,1070.0,870.0,449.0
0.0,14664.0,2513.0,3514.0,7425.0,0.0,0.0,2459.0,1055.0,1672.0,841.0
0.0,19576.0,4831.0,3517.0,0.0,0.0,0.0,2459.0,1058.0,3349.0,1482.0
0.0,14745.0,5942.0,3581.0,0.0,5521.0,5521.0,2504.0,1077.0,4212.0,1730.0
0.0,8803.0,4684.0,3643.0,0.0,10453.0,10453.0,2550.0,1093.0,3365.0,1319.0
0.0,4119.0,2330.0,3642.0,5521.0,7258.0,7258.0,2552.0,1090.0,1666.0,664.0
0.0,7310.0,1276.0,3581.0,10453.0,0.0,0.0,2509.0,1072.0,842.0,434.0
0.0,16487.0,2584.0,3519.0,7258.0,0.0,0.0,2463.0,1056.0,1721.0,863.0
0.0,21161.0,4931.0,3521.0,0.0,0.0,0.0,2462.0,1059.0,3415.0,1516.0
0.0,16230.0,5954.0,3585.0,0.0,4064.0,4064.0,2507.0,1078.0,4220.0,1734.0
0.0,10276.0,4692.0,3650.0,0.0,9016.0,9016.0,2555.0,1095.0,3373.0,1319.0
0.0,5584.0,2367.0,3652.0,4064.0,7327.0,7327.0,2559.0,1093.0,1693.0,674.0
0.0,7281.0,1307.0,3590.0,9016.0,0.0,0.0,2515.0,1075.0,861.0,446.0
0.0,14990.0,2507.0,3526.0,7327.0,0.0,0.0,2468.0,1058.0,1665.0,842.0
0.0,19810.0,4830.0,3524.0,0.0,0.0,0.0,2464.0,1060.0,3345.0,1485.0
0.0,14980.0,5950.0,3586.0,0.0,5314.0,5314.0,2508.0,1078.0,4220.0,1730.0
0.0,9030.0,4712.0,3651.0,0.0,10286.0,10286.0,2556.0,1095.0,3389.0,1323.0
0.0,4318.0,2386.0,3655.0,5314.0,7374.0,7374.0,2561.0,1094.0,1707.0,679.0
0.0,7246.0,1320.0,3592.0,10286.0,0.0,0.0,2517.0,1075.0,870.0,450.0
0.0,16212.0,2533.0,3528.0,7374.0,0.0,0.0,2469.0,1059.0,1682.0,851.0
0.0,21053.0,4871.0,3527.0,0.0,0.0,0.0,2466.0,1061.0,3371.0,1500.0
0.0,16182.0,6030.0,3595.0,0.0,4228.0,4228.0,2514.0,1081.0,4273.0,1757.0
0.0,10152.0,4783.0,3663.0,0.0,9283.0,9283.0,2564.0,1099.0,3440.0,1343.0
0.0,5369.0,2359.0,3665.0,4228.0,7422.0,7422.0,2568.0,1097.0,1691.0,668.0
0.0,7238.0,1322.0,3602.0,9283.0,0.0,0.0,2524.0,1078.0,874.0,448.0
0.0,15199.0,2613.0,3541.0,7422.0,0.0,0.0,2478.0,1063.0,1736.0,877.0
0.0,20008.0,4892.0,3540.0,0.0,0.0,0.0,2475.0,1065.0,3383.0,1509.0
0.0,15116.0,5893.0,3604.0,0.0,5193.0,5193.0,2520.0,1084.0,4178.0,1715.0
0.0,9223.0,4638.0,3668.0,0.0,10087.0,10087.0,2568.0,1100.0,3342.0,1296.0
0.0,4585.0,2376.0,3670.0,5193.0,7278.0,7278.0,2572.0,1098.0,1703.0,673.0
0.0,7402.0,1369.0,3608.0,10087.0,0.0,0.0,2528.0,1080.0,904.0,465.0
0.0,16120.0,2627.0,3545.0,7278.0,0.0,0.0,2481.0,1064.0,1745.0,882.0
0.0,20771.0,4912.0,3547.0,0.0,0.0,0.0,2480.0,1067.0,3398.0,1514.0
0.0,15859.0,5906.0,3612.0,0.0,4495.0,4495.0,2526.0,1086.0,4189.0,1717.0
0.0,9953.0,4620.0,3677.0,0.0,9375.0,9375.0,2574.0,1103.0,3329.0,1291.0
0.0,5333.0,2314.0,3676.0,4495.0,7190.0,7190.0,2576.0,1100.0,1660.0,654.0
0.0,7514.0,1332.0,3612.0,9375.0,0.0,0.0,2531.0,1081.0,876.0,456.0
0.0,15557.0,2626.0,3549.0,7190.0,0.0,0.0,2484.0,1065.0,1743.0,883.0
0.0,20121.0,4903.0,3552.0,0.0,0.0,0.0,2483.0,1069.0,3393.0,1510.0
0.0,15218.0,5829.0,3616.0,0.0,5075.0,5075.0,2529.0,1087.0,4136.0,1693.0
0.0,9389.0,4503.0,3679.0,0.0,9830.0,9830.0,2576.0,1103.0,3248.0,1255.0
0.0,4886.0,2320.0,3679.0,5075.0,7075.0,7075.0,2578.0,1101.0,1661.0,659.0
0.0,7641.0,1497.0,3617.0,9830.0,0.0,0.0,2534.0,1083.0,990.0,507.0
0.0,15974.0,2780.0,3555.0,7075.0,0.0,0.0,2488.0,1067.0,1852.0,928.0
0.0,20269.0,4923.0,3556.0,0.0,0.0,0.0,2486.0,1070.0,3410.0,1513.0
0.0,15346.0,5770.0,3621.0,0.0,4908.0,4908.0,2532.0,1089.0,4095.0,1675.0
0.0,9576.0,4433.0,3684.0,0.0,9593.0,9593.0,2579.0,1105.0,3195.0,1238.0
0.0,5143.0,2243.0,3682.0,4908.0,6920.0,6920.0,2580.0,1102.0,1606.0,637.0
0.0,7808.0,1467.0,3620.0,9593.0,0.0,0.0,2536.0,1084.0,972.0,495.0
0.0,15934.0,2865.0,3561.0,6920.0,0.0,0.0,2492.0,1069.0,1913.0,952.0
0.0,19989.0,5012.0,3566.0,0.0,0.0,0.0,2493.0,1073.0,3473.0,1539.0
0.0,14977.0,5760.0,3630.0,0.0,5303.0,5303.0,2539.0,1091.0,4088.0,1672.0
0.0,9217.0,4445.0,3690.0,0.0,9988.0,9988.0,2583.0,1107.0,3201.0,1244.0
0.0,4772.0,2322.0,3686.0,5303.0,6991.0,6991.0,2583.0,1103.0,1660.0,662.0
0.0,7753.0,1453.0,3621.0,9988.0,0.0,0.0,2537.0,1084.0,964.0,489.0
0.0,16288.0,2800.0,3561.0,6991.0,0.0,0.0,2492.0,1069.0,1871.0,929.0
0.0,20479.0,5020.0,3567.0,0.0,0.0,0.0,2494.0,1073.0,3479.0,1541.0
0.0,15459.0,5882.0,3636.0,0.0,4967.0,4967.0,2543.0,1093.0,4170.0,1712.0
0.0,9577.0,4495.0,3698.0,0.0,9710.0,9710.0,2589.0,1109.0,3234.0,1261.0
0.0,5082.0,2277.0,3692.0,4967.0,6996.0,6996.0,2587.0,1105.0,1629.0,648.0
0.0,7772.0,1412.0,3624.0,9710.0,0.0,0.0,2539.0,1085.0,936.0,476.0
0.0,16070.0,2791.0,3563.0,6996.0,0.0,0.0,2494.0,1069.0,1867.0,924.0
0.0,20275.0,5025.0,3570.0,0.0,0.0,0.0,2496.0,1074.0,3483.0,1542.0
0.0,15250.0,5915.0,3638.0,0.0,5217.0,5217.0,2544.0,1094.0,4194.0,1721.0
0.0,9335.0,4554.0,3700.0,0.0,10019.0,10019.0,2590.0,1110.0,3273.0,1281.0
0.0,4781.0,2269.0,3696.0,5217.0,7055.0,7055.0,2590.0,1106.0,1621.0,648.0
0.0,7729.0,1413.0,3630.0,10019.0,0.0,0.0,2543.0,1087.0,938.0,475.0
0.0,16335.0,2756.0,3569.0,7055.0,0.0,0.0,2498.0,1071.0,1845.0,911.0
0.0,20634.0,5008.0,3574.0,0.0,0.0,0.0,2499.0,1075.0,3470.0,1538.0
0.0,15626.0,5905.0,3642.0,0.0,4847.0,4847.0,2547.0,1095.0,4183.0,1722.0
0.0,9721.0,4489.0,3703.0,0.0,9580.0,9580.0,2592.0,1111.0,3226.0,1263.0
0.0,5232.0,2225.0,3697.0,4847.0,6934.0,6934.0,2590.0,1107.0,1593.0,632.0
0.0,7854.0,1356.0,3629.0,9580.0,0.0,0.0,2543.0,1086.0,900.0,456.0
0.0,16078.0,2760.0,3566.0,6934.0,0.0,0.0,2496.0,1070.0,1850.0,910.0
0.0,20252.0,5064.0,3572.0,0.0,0.0,0.0,2498.0,1074.0,3509.0,1555.0
0.0,15188.0,5972.0,3641.0,0.0,5348.0,5348.0,2546.0,1095.0,4228.0,1744.0
0.0,9216.0,4527.0,3703.0,0.0,10123.0,10123.0,2592.0,1111.0,3254.0,1273.0
0.0,4689.0,2199.0,3695.0,5348.0,6942.0,6942.0,2589.0,1106.0,1577.0,622.0
0.0,7838.0,1323.0,3626.0,10123.0,0.0,0.0,2541.0,1085.0,876.0,447.0
0.0,16638.0,2737.0,3566.0,6942.0,0.0,0.0,2496.0,1070.0,1828.0,909.0
0.0,20843.0,5093.0,3574.0,0.0,0.0,0.0,2499.0,1075.0,3528.0,1565.0
0.0,15750.0,5932.0,3642.0,0.0,4750.0,4750.0,2547.0,1095.0,4202.0,1730.0
0.0,9818.0,4475.0,3703.0,0.0,9469.0,9469.0,2592.0,1111.0,3219.0,1256.0
0.0,5343.0,2243.0,3695.0,4750.0,6930.0,6930.0,2589.0,1106.0,1608.0,635.0
0.0,7850.0,1394.0,3628.0,9469.0,0.0,0.0,2542.0,1086.0,927.0,467.0
0.0,15925.0,2741.0,3566.0,6930.0,0.0,0.0,2496.0,1070.0,1832.0,909.0
0.0,20114.0,4932.0,3573.0,0.0,0.0,0.0,2498.0,1075.0,3413.0,1519.0
0.0,15182.0,5832.0,3641.0,0.0,5214.0,5214.0,2546.0,1095.0,4131.0,1701.0
0.0,9350.0,4501.0,3701.0,0.0,9955.0,9955.0,2591.0,1110.0,3237.0,1264.0
0.0,4849.0,2270.0,3695.0,5214.0,6987.0,6987.0,2589.0,1106.0,1627.0,643.0
0.0,7793.0,1417.0,3628.0,9955.0,0.0,0.0,2542.0,1086.0,945.0,472.0
0.0,16331.0,2757.0,3569.0,6987.0,0.0,0.0,2498.0,1071.0,1845.0,912.0
0.0,20561.0,4977.0,3577.0,0.0,0.0,0.0,2501.0,1076.0,3447.0,1530.0
0.0,15584.0,5878.0,3646.0,0.0,4878.0,4878.0,2550.0,1096.0,4160.0,1718.0
0.0,9706.0,4615.0,3706.0,0.0,9733.0,9733.0,2594.0,1112.0,3314.0,1301.0
0.0,5091.0,2374.0,3698.0,4878.0,7197.0,7197.0,2591.0,1107.0,1700.0,674.0
0.0,7595.0,1327.0,3629.0,9733.0,0.0,0.0,2543.0,1086.0,882.0,445.0
0.0,16001.0,2586.0,3568.0,7197.0,0.0,0.0,2497.0,1071.0,1726.0,860.0
0.0,20612.0,4879.0,3577.0,0.0,0.0,0.0,2501.0,1076.0,3378.0,1501.0
0.0,15733.0,5957.0,3648.0,0.0,4816.0,4816.0,2551.0,1097.0,4218.0,1739.0
0.0,9776.0,4723.0,3710.0,0.0,9787.0,9787.0,2597.0,1113.0,3391.0,1332.0
0.0,5053.0,2416.0,3702.0,4816.0,7355.0,7355.0,2594.0,1108.0,1728.0,688.0
0.0,7453.0,1377.0,3632.0,9787.0,0.0,0.0,2545.0,1087.0,914.0,463.0
0.0,15863.0,2612.0,3572.0,7355.0,0.0,0.0,2500.0,1072.0,1743.0,869.0
0.0,20606.0,4887.0,3580.0,0.0,0.0,0.0,2503.0,1077.0,3384.0,1503.0
0.0,15719.0,5955.0,3649.0,0.0,4832.0,4832.0,2552.0,1097.0,4218.0,1737.0
0.0,9764.0,4714.0,3712.0,0.0,9798.0,9798.0,2599.0,1113.0,3387.0,1327.0
0.0,5050.0,2394.0,3705.0,4832.0,7332.0,7332.0,2596.0,1109.0,1712.0,682.0
0.0,7488.0,1336.0,3634.0,9798.0,0.0,0.0,2546.0,1088.0,884.0,452.0
0.0,15950.0,2589.0,3570.0,7332.0,0.0,0.0,2499.0,1071.0,1725.0,864.0
0.0,20693.0,4946.0,3579.0,0.0,0.0,0.0,2503.0,1076.0,3427.0,1519.0
0.0,15747.0,6067.0,3652.0,0.0,4928.0,4928.0,2554.0,1098.0,4296.0,1771.0
0.0,9680.0,4782.0,3717.0,0.0,9970.0,9970.0,2602.0,1115.0,3433.0,1349.0
0.0,4898.0,2391.0,3709.0,4928.0,7401.0,7401.0,2599.0,1110.0,1710.0,681.0
0.0,7435.0,1286.0,3637.0,9970.0,0.0,0.0,2548.0,1089.0,851.0,435.0
0.0,16119.0,2558.0,4950.94657728923,7401.0,0.0,0.0,3471.5870744295926,1479.3595028596371,1705.0,853.0
0.0,20962.0,4955.0,5889.803908085834,0.0,7552.0,7552.0,4200.66603375757,1689.137874328264,3432.0,1523.0
0.0,16007.0,6048.0,4696.876434453066,0.0,8829.0,8829.0,3398.412825054948,1298.463609398119,4284.0,1764.0
0.0,9959.0,4784.0,2396.5281495951785,7552.0,0.0,0.0,1695.616171118884,700.9119784762947,3436.0,1348.0
0.0,12727.0,2414.0,1347.6598154158323,8829.0,0.0,0.0,893.0812161652641,454.57859925056835,1725.0,689.0
0.0,19142.0,1329.0,2495.0829452287153,0.0,0.0,0.0,1635.7840568344043,859.2988883943111,878.0,451.0
0.0,17813.0,2531.0,4937.895534028639,0.0,4470.0,4470.0,3460.266129261215,1477.6294047674246,1684.0,847.0
0.0,15282.0,4859.0,5916.198188321239,0.0,13242.0,13242.0,4219.9112227849,1696.2869655363395,3366.0,1493.0
0.0,10423.0,5989.0,4736.216738090668,4470.0,10041.0,10041.0,3427.6733823116883,1308.543355778979,4246.0,1743.0
0.0,8904.0,4812.0,2418.5790056719125,13242.0,0.0,0.0,1712.869815039543,705.7091906323692,3457.0,1355.0
0.0,17334.0,2513.0,1352.9518381460352,10041.0,0.0,0.0,897.8100863751836,455.14175177085167,1792.0,721.0
0.0,24862.0,1351.0,2445.574021597192,0.0,0.0,0.0,1599.9365260982308,845.6374954989608,890.0,461.0
0.0,23511.0,2519.0,4875.458880995756,0.0,0.0,0.0,3412.1750086975326,1463.2838722982233,1675.0,844.0
0.0,20992.0,4899.0,5931.754148454678,0.0,7634.0,7634.0,4232.589884418019,1699.1642640366588,3399.0,1500.0
0.0,16093.0,6050.0,4761.585498857008,0.0,9004.0,9004.0,3447.447839745509,1314.137659111499,4290.0,1760.0
0.0,10043.0,4821.0,2433.9758455688757,7634.0,0.0,0.0,1723.598265596827,710.3775799720485,3460.0,1361.0
0.0,12856.0,2482.0,1331.731083725931,9004.0,0.0,0.0,881.0994085330428,450.6316751928882,1769.0,713.0
0.0,19378.0,1320.0,2443.4782713581185,0.0,0.0,0.0,1599.3878158346697,844.0904555234488,870.0,450.0
0.0,18058.0,2482.0,4929.665351123366,0.0,4143.0,4143.0,3454.0243290830103,1475.6410220403561,1653.0,829.0
0.0,15576.0,4799.0,5966.571579931326,0.0,13090.0,13090.0,4257.504061884285,1709.067518047041,3329.0,1470.0
0.0,10777.0,6013.0,4815.610816303073,4143.0,10356.0,10356.0,3485.261930391871,1330.3488859112017,4263.0,1750.0
0.0,8907.0,4902.0,2454.6486936928195,13090.0,0.0,0.0,1739.751436136774,714.8972575560454,3514.0,1388.0
0.0,17095.0,2510.0,1315.5341143219023,10356.0,0.0,0.0,870.467444216833,445.0666701050693,1786.0,724.0
0.0,24941.0,1265.0,2400.1792201359344,0.0,0.0,0.0,1570.3431274619982,829.8360926739362,833.0,432.0
0.0,23676.0,2469.0,4882.017718754141,0.0,0.0,0.0,3415.572192036472,1466.445526717669,1645.0,824.0
0.0,21207.0,4865.0,5989.118231809572,0.0,7614.0,7614.0,4273.288921706326,1715.829310103246,3376.0,1489.0
0.0,16342.0,6084.0,4840.091827264907,0.0,9102.0,9102.0,3501.341310247033,1338.7505170178738,4314.0,1770.0
0.0,10258.0,4893.0,2461.8731887503523,7614.0,0.0,0.0,1745.0836064527277,716.7895822976246,3507.0,1386.0
0.0,12979.0,2506.0,1291.755328773413,9102.0,0.0,0.0,854.9414342438688,436.8138945295442,1782.0,724.0
0.0,19575.0,1216.0,2397.095118988008,0.0,0.0,0.0,1567.8556944926881,829.2394244953199,797.0,419.0
0.0,18359.0,2372.0,4928.39728072146,0.0,3726.0,3726.0,3449.957365734216,1478.4399149872445,1578.0,794.0
0.0,15987.0,4866.0,6036.432848696276,0.0,13024.0,13024.0,4307.378048944154,1729.0547997521219,3378.0,1488.0
0.0,11121.0,6124.0,4897.176139108262,3726.0,10866.0,10866.0,3539.794973720366,1357.3811653878959,4341.0,1783.0
0.0,8723.0,4929.0,2468.7130343767767,13024.0,0.0,0.0,1750.5013370074357,718.2116973693408,3534.0,1395.0
0.0,16818.0,2529.0,1276.0007860512455,10866.0,0.0,0.0,843.3028316256937,432.69795442555187,1798.0,731.0
0.0,25155.0,1376.0,2362.27054252788,0.0,0.0,0.0,1542.89090392744,819.3796386004401,907.0,469.0
0.0,23779.0,2510.0,4875.035876040314,0.0,0.0,0.0,3410.619660132006,1464.4162159083085,1673.0,837.0
0.0,21269.0,4811.0,6032.74079763689,0.0,7673.0,7673.0,4304.324552648775,1728.416244988115,3341.0,1470.0
0.0,16458.0,5978.0,4853.767169516719,0.0,8935.0,8935.0,3510.476894274942,1343.2902752417776,4242.0,1736.0
0.0,10480.0,4928.0,2514.831695888143,7673.0,0.0,0.0,1787.9419351186152,726.8897607695276,3532.0,1396.0
0.0,13225.0,2556.0,1291.133976075958,8935.0,0.0,0.0,854.2950326654479,436.83894341050996,1817.0,739.0
0.0,19604.0,1355.0,2378.214674440991,0.0,0.0,0.0,1554.440331085505,823.774343355486,891.0,464.0
0.0,18249.0,2520.0,4905.135982537205,0.0,3891.0,3891.0,3434.260797651509,1470.8751848856955,1680.0,840.0
0.0,15729.0,4875.0,6043.679598798226,0.0,13321.0,13321.0,4314.810301345705,1728.869297452521,3387.0,1488.0
0.0,10854.0,6072.0,4849.9297109977515,3891.0,10727.0,10727.0,3507.045968870015,1342.8837421277367,4307.0,1765.0
0.0,8673.0,4889.0,2475.073125901853,13321.0,0.0,0.0,1755.421613103583,719.6515127982698,3504.0,1385.0
0.0,17105.0,2534.0,1282.504087707924,10727.0,0.0,0.0,846.5047930114188,435.99929469650544,1800.0,734.0
0.0,25298.0,1324.0,2390.9115125004555,0.0,0.0,0.0,1564.0969890181664,826.8145234822892,871.0,453.0
0.0,23974.0,2510.0,4942.78529497127,0.0,0.0,0.0,3461.018255979731,1481.767038991539,1675.0,835.0
0.0,21464.0,4958.0,6055.4274537566835,0.0,7715.0,7715.0,4322.598452205173,1732.8290015515104,3444.0,1514.0
1.0,0.0,1616.0,1616.0,0.0,6464.0,6464.0,1132.0,484.0,1132.0,484.0
1.0,0.0,1436.0,1526.0,0.0,6104.0,6104.0,1068.0,458.0,1004.0,432.0
1.0,0.0,1444.0,1498.0,6464.0,4024.0,4024.0,1049.0,449.0,1012.0,432.0
1.0,1968.0,1400.0,1474.0,6104.0,0.0,0.0,1032.0,442.0,980.0,420.0
1.0,6672.0,0.0,1180.0,4024.0,0.0,0.0,826.0,354.0,0.0,0.0
1.0,10696.0,0.0,983.0,0.0,0.0,0.0,688.0,295.0,0.0,0.0
1.0,10696.0,0.0,843.0,0.0,0.0,0.0,590.0,253.0,0.0,0.0
1.0,10696.0,0.0,737.0,0.0,0.0,0.0,516.0,221.0,0.0,0.0
1.0,10696.0,0.0,655.0,0.0,0.0,0.0,459.0,196.0,0.0,0.0
1.0,10696.0,0.0,590.0,0.0,0.0,0.0,413.0,177.0,0.0,0.0
1.0,10696.0,0.0,536.0,0.0,0.0,0.0,375.0,161.0,0.0,0.0
1.0,10696.0,0.0,491.0,0.0,0.0,0.0,344.0,147.0,0.0,0.0
1.0,10696.0,10.0,454.0,0.0,0.0,0.0,318.0,136.0,7.0,3.0
1.0,10686.0,368.0,448.0,0.0,0.0,0.0,314.0,134.0,259.0,109.0
1.0,10318.0,718.0,466.0,0.0,0.0,0.0,326.0,140.0,501.0,217.0
1.0,9600.0,735.0,483.0,0.0,0.0,0.0,338.0,145.0,513.0,222.0
1.0,8865.0,439.0,480.0,0.0,0.0,0.0,336.0,144.0,308.0,131.0
1.0,8426.0,30.0,456.0,0.0,0.0,0.0,319.0,137.0,22.0,8.0
1.0,8396.0,0.0,431.0,0.0,0.0,0.0,302.0,129.0,0.0,0.0
1.0,8396.0,276.0,423.0,0.0,0.0,0.0,296.0,127.0,192.0,84.0
1.0,8120.0,651.0,434.0,0.0,0.0,0.0,304.0,130.0,456.0,195.0
1.0,7469.0,691.0,446.0,0.0,0.0,0.0,312.0,134.0,484.0,207.0
1.0,6778.0,363.0,443.0,0.0,0.0,0.0,310.0,133.0,256.0,107.0
1.0,6415.0,45.0,426.0,0.0,0.0,0.0,298.0,128.0,30.0,15.0
1.0,6370.0,0.0,409.0,0.0,0.0,0.0,286.0,123.0,0.0,0.0
1.0,6370.0,267.0,403.0,0.0,0.0,0.0,282.0,121.0,187.0,80.0
1.0,6103.0,630.0,412.0,0.0,0.0,0.0,288.0,124.0,441.0,189.0
1.0,5473.0,675.0,421.0,0.0,0.0,0.0,295.0,126.0,471.0,204.0
1.0,4798.0,396.0,420.0,0.0,0.0,0.0,294.0,126.0,276.0,120.0
1.0,4402.0,58.0,409.0,0.0,0.0,0.0,286.0,123.0,41.0,17.0
1.0,4344.0,1.0,396.0,0.0,0.0,0.0,277.0,119.0,1.0,0.0
1.0,4343.0,287.0,391.0,0.0,0.0,0.0,274.0,117.0,205.0,82.0
1.0,4056.0,591.0,398.0,0.0,0.0,0.0,279.0,119.0,416.0,175.0
1.0,3465.0,668.0,406.0,0.0,0.0,0.0,284.0,122.0,466.0,202.0
1.0,2797.0,373.0,404.0,0.0,0.0,0.0,283.0,121.0,256.0,117.0
1.0,2424.0,86.0,396.0,0.0,0.0,0.0,277.0,119.0,58.0,28.0
1.0,2338.0,40.0,386.0,0.0,0.0,0.0,270.0,116.0,31.0,9.0
1.0,2298.0,269.0,383.0,0.0,0.0,0.0,268.0,115.0,192.0,77.0
1.0,2029.0,590.0,388.0,0.0,113.0,113.0,272.0,116.0,414.0,176.0
1.0,1439.0,685.0,396.0,0.0,830.0,830.0,277.0,119.0,478.0,207.0
1.0,754.0,506.0,399.0,113.0,1235.0,1235.0,279.0,120.0,353.0,153.0
1.0,361.0,118.0,392.0,830.0,495.0,495.0,274.0,118.0,82.0,36.0
1.0,1073.0,0.0,383.0,1235.0,0.0,0.0,268.0,115.0,0.0,0.0
1.0,2308.0,193.0,379.0,495.0,0.0,0.0,265.0,114.0,137.0,56.0
1.0,2610.0,529.0,381.0,0.0,0.0,0.0,267.0,114.0,372.0,157.0
1.0,2081.0,743.0,390.0,0.0,222.0,222.0,273.0,117.0,521.0,222.0
1.0,1338.0,563.0,393.0,0.0,797.0,797.0,275.0,118.0,393.0,170.0
1.0,775.0,115.0,387.0,222.0,666.0,666.0,271.0,116.0,77.0,38.0
1.0,882.0,0.0,380.0,797.0,0.0,0.0,266.0,114.0,0.0,0.0
1.0,1679.0,127.0,374.0,666.0,0.0,0.0,262.0,112.0,90.0,37.0
1.0,2218.0,465.0,377.0,0.0,0.0,0.0,264.0,113.0,327.0,138.0
1.0,1753.0,664.0,382.0,0.0,439.0,439.0,267.0,115.0,464.0,200.0
1.0,1089.0,505.0,360.0,0.0,856.0,856.0,252.0,108.0,353.0,152.0
1.0,584.0,239.0,337.0,439.0,564.0,564.0,236.0,101.0,166.0,73.0
1.0,784.0,128.0,313.0,856.0,0.0,0.0,219.0,94.0,90.0,38.0
1.0,1512.0,258.0,290.0,564.0,0.0,0.0,203.0,87.0,182.0,76.0
1.0,1818.0,493.0,300.0,0.0,0.0,0.0,210.0,90.0,346.0,147.0
1.0,1325.0,654.0,313.0,0.0,581.0,581.0,219.0,94.0,456.0,198.0
1.0,671.0,516.0,323.0,0.0,1137.0,1137.0,226.0,97.0,360.0,156.0
1.0,155.0,273.0,327.0,581.0,845.0,845.0,229.0,98.0,193.0,80.0
1.0,463.0,197.0,331.0,1137.0,0.0,0.0,232.0,99.0,138.0,59.0
1.0,1403.0,259.0,336.0,845.0,0.0,0.0,235.0,101.0,181.0,78.0
1.0,1989.0,452.0,345.0,0.0,0.0,0.0,242.0,103.0,316.0,136.0
1.0,1537.0,567.0,356.0,0.0,454.0,454.0,249.0,107.0,397.0,170.0
1.0,970.0,469.0,364.0,0.0,955.0,955.0,255.0,109.0,329.0,140.0
1.0,501.0,283.0,363.0,454.0,780.0,780.0,254.0,109.0,200.0,83.0
1.0,672.0,140.0,352.0,955.0,0.0,0.0,246.0,106.0,98.0,42.0
1.0,1487.0,248.0,343.0,780.0,0.0,0.0,240.0,103.0,172.0,76.0
1.0,2019.0,499.0,344.0,0.0,0.0,0.0,241.0,103.0,348.0,151.0
1.0,1520.0,612.0,354.0,0.0,508.0,508.0,248.0,106.0,430.0,182.0
1.0,908.0,504.0,364.0,0.0,1052.0,1052.0,255.0,109.0,356.0,148.0
1.0,404.0,343.0,366.0,508.0,895.0,895.0,256.0,110.0,240.0,103.0
1.0,569.0,222.0,357.0,1052.0,29.0,29.0,250.0,107.0,152.0,70.0
1.0,1399.0,270.0,350.0,895.0,0.0,0.0,245.0,105.0,187.0,83.0
1.0,2024.0,458.0,351.0,29.0,0.0,0.0,246.0,105.0,320.0,138.0
1.0,1595.0,591.0,362.0,0.0,444.0,444.0,253.0,109.0,416.0,175.0
1.0,1004.0,560.0,373.0,0.0,1048.0,1048.0,261.0,112.0,396.0,164.0
1.0,444.0,410.0,375.0,444.0,1022.0,1022.0,263.0,112.0,288.0,122.0
1.0,478.0,162.0,367.0,1048.0,104.0,104.0,257.0,110.0,109.0,53.0
1.0,1364.0,155.0,356.0,1022.0,0.0,0.0,249.0,107.0,104.0,51.0
1.0,2231.0,312.0,354.0,104.0,0.0,0.0,248.0,106.0,218.0,94.0
1.0,2023.0,481.0,363.0,0.0,0.0,0.0,254.0,109.0,340.0,141.0
1.0,1542.0,529.0,373.0,0.0,479.0,479.0,261.0,112.0,375.0,154.0
1.0,1013.0,450.0,376.0,0.0,941.0,941.0,263.0,113.0,316.0,134.0
1.0,563.0,308.0,370.0,479.0,746.0,746.0,259.0,111.0,210.0,98.0
1.0,734.0,251.0,363.0,941.0,28.0,28.0,254.0,109.0,170.0,81.0
1.0,1424.0,384.0,363.0,746.0,0.0,0.0,254.0,109.0,267.0,117.0
1.0,1786.0,483.0,370.0,28.0,149.0,149.0,259.0,111.0,342.0,141.0
1.0,1331.0,455.0,379.0,0.0,640.0,640.0,265.0,114.0,324.0,131.0
1.0,876.0,320.0,380.0,149.0,815.0,815.0,266.0,114.0,227.0,93.0
1.0,705.0,255.0,373.0,640.0,402.0,402.0,261.0,112.0,176.0,79.0
1.0,1090.0,343.0,367.0,815.0,0.0,0.0,257.0,110.0,236.0,107.0
1.0,1562.0,477.0,366.0,402.0,0.0,0.0,256.0,110.0,332.0,145.0
1.0,1487.0,569.0,374.0,0.0,578.0,578.0,262.0,112.0,399.0,170.0
1.0,918.0,475.0,384.0,0.0,1093.0,1093.0,269.0,115.0,336.0,139.0
1.0,443.0,296.0,386.0,578.0,819.0,819.0,270.0,116.0,210.0,86.0
1.0,725.0,296.0,381.0,1093.0,2.0,2.0,267.0,114.0,206.0,90.0
1.0,1522.0,407.0,375.0,819.0,0.0,0.0,262.0,113.0,281.0,126.0
1.0,1934.0,492.0,373.0,2.0,48.0,48.0,261.0,112.0,342.0,150.0
1.0,1444.0,469.0,380.0,0.0,545.0,545.0,266.0,114.0,328.0,141.0
1.0,975.0,414.0,388.0,48.0,943.0,943.0,272.0,116.0,293.0,121.0
1.0,609.0,346.0,393.0,545.0,764.0,764.0,275.0,118.0,244.0,102.0
1.0,808.0,390.0,391.0,943.0,203.0,203.0,274.0,117.0,274.0,116.0
1.0,1361.0,491.0,387.0,764.0,0.0,0.0,271.0,116.0,341.0,150.0
1.0,1634.0,514.0,387.0,203.0,225.0,225.0,271.0,116.0,357.0,157.0
1.0,1323.0,387.0,390.0,0.0,624.0,624.0,273.0,117.0,271.0,116.0
1.0,936.0,310.0,394.0,225.0,725.0,725.0,276.0,118.0,221.0,89.0
1.0,851.0,303.0,396.0,624.0,412.0,412.0,277.0,119.0,213.0,90.0
1.0,1172.0,384.0,393.0,725.0,59.0,59.0,275.0,118.0,266.0,118.0
1.0,1513.0,497.0,390.0,412.0,132.0,132.0,273.0,117.0,344.0,153.0
1.0,1428.0,558.0,390.0,59.0,631.0,631.0,273.0,117.0,391.0,167.0
1.0,929.0,540.0,396.0,132.0,1063.0,1063.0,277.0,119.0,381.0,159.0
1.0,521.0,493.0,401.0,631.0,945.0,945.0,281.0,120.0,349.0,144.0
1.0,659.0,465.0,406.0,1063.0,367.0,367.0,284.0,122.0,327.0,138.0
1.0,1257.0,402.0,404.0,945.0,0.0,0.0,283.0,121.0,279.0,123.0
1.0,1800.0,346.0,400.0,367.0,0.0,0.0,280.0,120.0,238.0,108.0
1.0,1821.0,417.0,399.0,0.0,192.0,192.0,279.0,120.0,290.0,127.0
1.0,1404.0,519.0,404.0,0.0,731.0,731.0,283.0,121.0,367.0,152.0
1.0,885.0,591.0,413.0,192.0,1166.0,1166.0,289.0,124.0,419.0,172.0
1.0,486.0,531.0,418.0,731.0,986.0,986.0,293.0,125.0,372.0,159.0
1.0,686.0,369.0,416.0,1166.0,181.0,181.0,291.0,125.0,253.0,116.0
1.0,1483.0,340.0,410.0,986.0,0.0,0.0,287.0,123.0,232.0,108.0
1.0,2129.0,354.0,407.0,181.0,0.0,0.0,285.0,122.0,247.0,107.0
1.0,1956.0,412.0,409.0,0.0,92.0,92.0,286.0,123.0,295.0,117.0
1.0,1544.0,431.0,413.0,0.0,539.0,539.0,289.0,124.0,309.0,122.0
1.0,1113.0,416.0,416.0,92.0,875.0,875.0,291.0,125.0,292.0,124.0
1.0,789.0,423.0,414.0,539.0,751.0,751.0,290.0,124.0,288.0,135.0
1.0,905.0,465.0,412.0,875.0,333.0,333.0,288.0,124.0,317.0,148.0
1.0,1315.0,461.0,410.0,751.0,35.0,35.0,287.0,123.0,322.0,139.0
1.0,1605.0,410.0,410.0,333.0,112.0,112.0,287.0,123.0,295.0,115.0
1.0,1528.0,396.0,415.0,35.0,493.0,493.0,291.0,124.0,288.0,108.0
1.0,1167.0,368.0,419.0,112.0,765.0,765.0,294.0,125.0,260.0,108.0
1.0,911.0,364.0,420.0,493.0,640.0,640.0,294.0,126.0,245.0,119.0
1.0,1040.0,389.0,419.0,765.0,260.0,260.0,293.0,126.0,260.0,129.0
1.0,1416.0,481.0,418.0,640.0,97.0,97.0,292.0,126.0,334.0,147.0
1.0,1575.0,521.0,419.0,260.0,362.0,362.0,293.0,126.0,374.0,147.0
1.0,1314.0,417.0,421.0,97.0,690.0,690.0,295.0,126.0,304.0,113.0
1.0,994.0,299.0,422.0,362.0,631.0,631.0,296.0,126.0,212.0,87.0
1.0,1057.0,288.0,420.0,690.0,221.0,221.0,294.0,126.0,192.0,96.0
1.0,1459.0,405.0,419.0,631.0,0.0,0.0,293.0,126.0,272.0,133.0
1.0,1685.0,466.0,419.0,221.0,236.0,236.0,293.0,126.0,324.0,142.0
1.0,1440.0,494.0,422.0,0.0,742.0,742.0,295.0,127.0,356.0,138.0
1.0,946.0,442.0,426.0,236.0,964.0,964.0,298.0,128.0,319.0,123.0
1.0,740.0,247.0,424.0,742.0,461.0,461.0,297.0,127.0,174.0,73.0
1.0,1235.0,216.0,419.0,964.0,0.0,0.0,293.0,126.0,143.0,73.0
1.0,1983.0,345.0,414.0,461.0,0.0,0.0,290.0,124.0,231.0,114.0
1.0,2099.0,486.0,415.0,0.0,47.0,47.0,290.0,125.0,338.0,148.0
1.0,1613.0,634.0,421.0,0.0,705.0,705.0,295.0,126.0,453.0,181.0
1.0,979.0,559.0,426.0,47.0,1237.0,1237.0,298.0,128.0,403.0,156.0
1.0,467.0,412.0,427.0,705.0,948.0,948.0,299.0,128.0,292.0,120.0
1.0,760.0,257.0,421.0,1237.0,0.0,0.0,295.0,126.0,169.0,88.0
1.0,1740.0,247.0,417.0,948.0,0.0,0.0,292.0,125.0,158.0,89.0
1.0,2441.0,416.0,418.0,0.0,0.0,0.0,292.0,126.0,287.0,129.0
1.0,2025.0,625.0,423.0,0.0,292.0,292.0,296.0,127.0,449.0,176.0
1.0,1400.0,668.0,428.0,0.0,980.0,980.0,300.0,128.0,483.0,185.0
1.0,732.0,570.0,430.0,292.0,1266.0,1266.0,301.0,129.0,401.0,169.0
1.0,454.0,365.0,427.0,980.0,639.0,639.0,299.0,128.0,243.0,122.0
1.0,1069.0,233.0,424.0,1266.0,0.0,0.0,297.0,127.0,150.0,83.0
1.0,2102.0,291.0,423.0,639.0,0.0,0.0,296.0,127.0,203.0,88.0
1.0,2450.0,520.0,427.0,0.0,0.0,0.0,299.0,128.0,375.0,145.0
1.0,1930.0,620.0,433.0,0.0,422.0,422.0,303.0,130.0,446.0,174.0
1.0,1310.0,503.0,432.0,0.0,921.0,921.0,303.0,129.0,353.0,150.0
1.0,807.0,386.0,429.0,422.0,873.0,873.0,300.0,129.0,259.0,127.0
1.0,843.0,354.0,426.0,921.0,294.0,294.0,298.0,128.0,236.0,118.0
1.0,1410.0,408.0,424.0,873.0,0.0,0.0,296.0,128.0,284.0,124.0
1.0,1875.0,500.0,425.0,294.0,31.0,31.0,297.0,128.0,363.0,137.0
1.0,1669.0,562.0,428.0,0.0,605.0,605.0,300.0,128.0,405.0,157.0
1.0,1107.0,583.0,432.0,31.0,1173.0,1173.0,303.0,129.0,409.0,174.0
1.0,555.0,487.0,434.0,605.0,1063.0,1063.0,304.0,130.0,330.0,157.0
1.0,673.0,412.0,432.0,1173.0,294.0,294.0,302.0,130.0,278.0,134.0
1.0,1434.0,377.0,428.0,1063.0,0.0,0.0,299.0,129.0,263.0,114.0
1.0,2120.0,460.0,426.0,294.0,0.0,0.0,298.0,128.0,330.0,130.0
1.0,1954.0,527.0,429.0,0.0,289.0,289.0,300.0,129.0,378.0,149.0
1.0,1427.0,583.0,434.0,0.0,892.0,892.0,304.0,130.0,409.0,174.0
1.0,844.0,560.0,438.0,289.0,1179.0,1179.0,307.0,131.0,386.0,174.0
1.0,573.0,465.0,439.0,892.0,756.0,756.0,307.0,132.0,317.0,148.0
1.0,1000.0,346.0,437.0,1179.0,0.0,0.0,306.0,131.0,241.0,105.0
1.0,1833.0,375.0,436.0,756.0,0.0,0.0,305.0,131.0,268.0,107.0
1.0,2214.0,476.0,437.0,0.0,10.0,10.0,306.0,131.0,340.0,136.0
1.0,1738.0,611.0,440.0,0.0,633.0,633.0,308.0,132.0,430.0,181.0
1.0,1127.0,624.0,443.0,10.0,1259.0,1259.0,310.0,133.0,431.0,193.0
1.0,513.0,473.0,445.0,633.0,1107.0,1107.0,311.0,134.0,323.0,150.0
1.0,673.0,272.0,442.0,1259.0,108.0,108.0,309.0,133.0,188.0,84.0
1.0,1660.0,196.0,439.0,1107.0,0.0,0.0,307.0,132.0,143.0,53.0
1.0,2571.0,445.0,440.0,108.0,0.0,0.0,308.0,132.0,322.0,123.0
1.0,2234.0,777.0,448.0,0.0,335.0,335.0,314.0,134.0,548.0,229.0
1.0,1457.0,749.0,453.0,0.0,1104.0,1104.0,317.0,136.0,517.0,232.0
1.0,708.0,432.0,451.0,335.0,1193.0,1193.0,316.0,135.0,292.0,140.0
1.0,611.0,77.0,445.0,1104.0,142.0,142.0,311.0,134.0,51.0,26.0
1.0,1638.0,61.0,440.0,1193.0,0.0,0.0,308.0,132.0,50.0,11.0
1.0,2770.0,421.0,443.0,142.0,0.0,0.0,310.0,133.0,302.0,119.0
1.0,2491.0,791.0,450.0,0.0,100.0,100.0,315.0,135.0,555.0,236.0
1.0,1700.0,822.0,457.0,0.0,950.0,950.0,320.0,137.0,571.0,251.0
1.0,878.0,514.0,457.0,100.0,1364.0,1364.0,320.0,137.0,355.0,159.0
1.0,464.0,156.0,452.0,950.0,550.0,550.0,316.0,136.0,106.0,50.0
1.0,1258.0,41.0,448.0,1364.0,0.0,0.0,313.0,135.0,33.0,8.0
1.0,2581.0,335.0,450.0,550.0,0.0,0.0,315.0,135.0,242.0,93.0
1.0,2796.0,759.0,458.0,0.0,0.0,0.0,321.0,137.0,533.0,226.0
1.0,2037.0,852.0,465.0,0.0,675.0,675.0,326.0,139.0,592.0,260.0
1.0,1185.0,566.0,464.0,0.0,1237.0,1237.0,325.0,139.0,390.0,176.0
1.0,619.0,202.0,457.0,675.0,736.0,736.0,320.0,137.0,138.0,64.0
1.0,1092.0,120.0,452.0,1237.0,0.0,0.0,316.0,136.0,87.0,33.0
1.0,2209.0,403.0,454.0,736.0,0.0,0.0,318.0,136.0,290.0,113.0
1.0,2542.0,757.0,464.0,0.0,71.0,71.0,325.0,139.0,536.0,221.0
1.0,1785.0,784.0,471.0,0.0,883.0,883.0,330.0,141.0,547.0,237.0
1.0,1001.0,492.0,469.0,71.0,1296.0,1296.0,328.0,141.0,334.0,158.0
1.0,580.0,158.0,459.0,883.0,531.0,531.0,321.0,138.0,105.0,53.0
1.0,1305.0,209.0,452.0,1296.0,0.0,0.0,316.0,136.0,148.0,61.0
1.0,2392.0,556.0,456.0,531.0,0.0,0.0,319.0,137.0,398.0,158.0
1.0,2367.0,880.0,468.0,0.0,385.0,385.0,328.0,140.0,624.0,256.0
1.0,1487.0,825.0,478.0,0.0,1250.0,1250.0,335.0,143.0,575.0,250.0
1.0,662.0,506.0,478.0,385.0,1371.0,1371.0,335.0,143.0,345.0,161.0
1.0,541.0,155.0,469.0,1250.0,240.0,240.0,328.0,141.0,100.0,55.0
1.0,1636.0,157.0,462.0,1371.0,0.0,0.0,323.0,139.0,113.0,44.0
1.0,2850.0,479.0,464.0,240.0,0.0,0.0,325.0,139.0,346.0,133.0
1.0,2611.0,839.0,474.0,0.0,124.0,124.0,332.0,142.0,596.0,243.0
1.0,1772.0,877.0,482.0,0.0,1033.0,1033.0,338.0,144.0,610.0,267.0
1.0,895.0,537.0,483.0,124.0,1450.0,1450.0,338.0,145.0,363.0,174.0
1.0,482.0,127.0,475.0,1033.0,512.0,512.0,332.0,143.0,80.0,47.0
1.0,1388.0,62.0,465.0,1450.0,0.0,0.0,325.0,140.0,47.0,15.0
1.0,2776.0,496.0,465.0,512.0,0.0,0.0,326.0,139.0,361.0,135.0
1.0,2792.0,941.0,475.0,0.0,49.0,49.0,333.0,142.0,669.0,272.0
1.0,1851.0,876.0,485.0,0.0,965.0,965.0,340.0,145.0,610.0,266.0
1.0,975.0,375.0,483.0,49.0,1283.0,1283.0,338.0,145.0,248.0,127.0
1.0,649.0,13.0,473.0,965.0,291.0,291.0,331.0,142.0,0.0,13.0
1.0,1601.0,172.0,465.0,1283.0,0.0,0.0,325.0,140.0,122.0,50.0
1.0,2712.0,631.0,467.0,291.0,0.0,0.0,327.0,140.0,455.0,176.0
1.0,2372.0,1018.0,477.0,0.0,554.0,554.0,334.0,143.0,723.0,295.0
1.0,1354.0,924.0,488.0,0.0,1522.0,1522.0,342.0,146.0,645.0,279.0
1.0,430.0,400.0,489.0,554.0,1372.0,1372.0,342.0,147.0,268.0,132.0
1.0,584.0,8.0,480.0,1522.0,0.0,0.0,336.0,144.0,0.0,8.0
1.0,2098.0,141.0,470.0,1372.0,0.0,0.0,329.0,141.0,100.0,41.0
1.0,3329.0,620.0,471.0,0.0,0.0,0.0,330.0,141.0,441.0,179.0
1.0,2709.0,959.0,480.0,0.0,170.0,170.0,336.0,144.0,677.0,282.0
1.0,1750.0,863.0,491.0,0.0,1077.0,1077.0,344.0,147.0,601.0,262.0
1.0,887.0,345.0,494.0,170.0,1264.0,1264.0,346.0,148.0,234.0,111.0
1.0,712.0,0.0,486.0,1077.0,155.0,155.0,340.0,146.0,0.0,0.0
1.0,1789.0,104.0,473.0,1264.0,0.0,0.0,331.0,142.0,75.0,29.0
1.0,2949.0,604.0,470.0,155.0,0.0,0.0,329.0,141.0,426.0,178.0
1.0,2500.0,897.0,479.0,0.0,313.0,313.0,335.0,144.0,628.0,269.0
1.0,1603.0,784.0,493.0,0.0,1153.0,1153.0,345.0,148.0,548.0,236.0
1.0,819.0,407.0,500.0,313.0,1275.0,1275.0,350.0,150.0,282.0,125.0
1.0,725.0,94.0,493.0,1153.0,188.0,188.0,345.0,148.0,64.0,30.0
1.0,1784.0,268.0,483.0,1275.0,0.0,0.0,338.0,145.0,188.0,80.0
1.0,2791.0,685.0,480.0,188.0,0.0,0.0,336.0,144.0,483.0,202.0
1.0,2294.0,951.0,488.0,0.0,609.0,609.0,342.0,146.0,670.0,281.0
1.0,1343.0,684.0,498.0,0.0,1333.0,1333.0,349.0,149.0,478.0,206.0
1.0,659.0,181.0,501.0,609.0,917.0,917.0,351.0,150.0,120.0,61.0
1.0,1087.0,1.0,495.0,1333.0,0.0,0.0,346.0,149.0,0.0,1.0
1.0,2419.0,273.0,486.0,917.0,0.0,0.0,340.0,146.0,193.0,80.0
1.0,3063.0,782.0,484.0,0.0,0.0,0.0,339.0,145.0,551.0,231.0
1.0,2281.0,993.0,493.0,0.0,684.0,684.0,345.0,148.0,697.0,296.0
1.0,1288.0,660.0,501.0,0.0,1376.0,1376.0,351.0,150.0,459.0,201.0
1.0,628.0,123.0,501.0,684.0,815.0,815.0,351.0,150.0,81.0,42.0
1.0,1189.0,23.0,494.0,1376.0,0.0,0.0,346.0,148.0,15.0,8.0
1.0,2542.0,381.0,487.0,815.0,0.0,0.0,341.0,146.0,268.0,113.0
1.0,2976.0,859.0,489.0,0.0,0.0,0.0,342.0,147.0,605.0,254.0
1.0,2117.0,1025.0,498.0,0.0,900.0,900.0,349.0,149.0,721.0,304.0
1.0,1092.0,660.0,508.0,0.0,1600.0,1600.0,356.0,152.0,460.0,200.0
1.0,432.0,151.0,507.0,900.0,847.0,847.0,355.0,152.0,102.0,49.0
1.0,1181.0,6.0,496.0,1600.0,0.0,0.0,347.0,149.0,0.0,6.0
1.0,2775.0,364.0,486.0,847.0,0.0,0.0,340.0,146.0,257.0,107.0
1.0,3258.0,854.0,487.0,0.0,0.0,0.0,341.0,146.0,604.0,250.0
1.0,2404.0,1007.0,497.0,0.0,591.0,591.0,348.0,149.0,709.0,298.0
1.0,1397.0,634.0,507.0,0.0,1265.0,1265.0,355.0,152.0,442.0,192.0
1.0,763.0,203.0,507.0,591.0,877.0,877.0,355.0,152.0,135.0,68.0
1.0,1151.0,0.0,497.0,1265.0,0.0,0.0,348.0,149.0,0.0,0.0
1.0,2416.0,332.0,488.0,877.0,0.0,0.0,341.0,147.0,234.0,98.0
1.0,2961.0,912.0,489.0,0.0,0.0,0.0,342.0,147.0,640.0,272.0
1.0,2049.0,1113.0,500.0,0.0,1064.0,1064.0,350.0,150.0,780.0,333.0
1.0,936.0,762.0,512.0,0.0,1874.0,1874.0,359.0,153.0,531.0,231.0
1.0,174.0,194.0,514.0,1064.0,1012.0,1012.0,360.0,154.0,134.0,60.0
1.0,1044.0,0.0,505.0,1874.0,0.0,0.0,353.0,152.0,0.0,0.0
1.0,2918.0,215.0,491.0,1012.0,0.0,0.0,343.0,148.0,152.0,63.0
1.0,3715.0,787.0,489.0,0.0,0.0,0.0,342.0,147.0,555.0,232.0
1.0,2928.0,1080.0,503.0,0.0,164.0,164.0,352.0,151.0,756.0,324.0
1.0,1848.0,881.0,520.0,0.0,1113.0,1113.0,364.0,156.0,614.0,267.0
1.0,967.0,305.0,522.0,164.0,1262.0,1262.0,366.0,156.0,211.0,94.0
1.0,826.0,0.0,510.0,1113.0,101.0,101.0,357.0,153.0,0.0,0.0
1.0,1939.0,271.0,496.0,1262.0,0.0,0.0,347.0,149.0,192.0,79.0
1.0,2930.0,823.0,493.0,101.0,0.0,0.0,345.0,148.0,578.0,245.0
1.0,2208.0,1089.0,507.0,0.0,909.0,909.0,355.0,152.0,762.0,327.0
1.0,1119.0,781.0,521.0,0.0,1746.0,1746.0,365.0,156.0,546.0,235.0
1.0,338.0,178.0,523.0,909.0,1023.0,1023.0,366.0,157.0,123.0,55.0
1.0,1069.0,0.0,510.0,1746.0,0.0,0.0,357.0,153.0,0.0,0.0
1.0,2815.0,273.0,497.0,1023.0,0.0,0.0,348.0,149.0,193.0,80.0
1.0,3565.0,789.0,496.0,0.0,0.0,0.0,347.0,149.0,554.0,235.0
1.0,2776.0,990.0,508.0,0.0,246.0,246.0,356.0,152.0,693.0,297.0
1.0,1786.0,783.0,523.0,0.0,1089.0,1089.0,366.0,157.0,546.0,237.0
1.0,1003.0,243.0,526.0,246.0,1098.0,1098.0,368.0,158.0,167.0,76.0
1.0,1006.0,17.0,515.0,1089.0,0.0,0.0,360.0,155.0,12.0,5.0
1.0,2078.0,264.0,503.0,1098.0,0.0,0.0,352.0,151.0,189.0,75.0
1.0,2912.0,739.0,501.0,0.0,0.0,0.0,351.0,150.0,521.0,218.0
1.0,2173.0,1002.0,513.0,0.0,881.0,881.0,359.0,154.0,698.0,304.0
1.0,1171.0,788.0,527.0,0.0,1725.0,1725.0,369.0,158.0,546.0,242.0
1.0,383.0,323.0,527.0,881.0,1167.0,1167.0,369.0,158.0,224.0,99.0
1.0,941.0,72.0,516.0,1725.0,0.0,0.0,361.0,155.0,54.0,18.0
1.0,2594.0,237.0,502.0,1167.0,0.0,0.0,351.0,151.0,170.0,67.0
1.0,3524.0,771.0,504.0,0.0,0.0,0.0,353.0,151.0,541.0,230.0
1.0,2753.0,1028.0,520.0,0.0,355.0,355.0,364.0,156.0,717.0,311.0
1.0,1725.0,784.0,535.0,0.0,1199.0,1199.0,375.0,160.0,546.0,238.0
1.0,941.0,173.0,533.0,355.0,1009.0,1009.0,373.0,160.0,120.0,53.0
1.0,1123.0,0.0,519.0,1199.0,0.0,0.0,363.0,156.0,0.0,0.0
1.0,2322.0,291.0,504.0,1009.0,0.0,0.0,353.0,151.0,208.0,83.0
1.0,3040.0,809.0,507.0,0.0,0.0,0.0,355.0,152.0,569.0,240.0
1.0,2231.0,1012.0,524.0,0.0,877.0,877.0,367.0,157.0,708.0,304.0
1.0,1219.0,706.0,537.0,0.0,1635.0,1635.0,376.0,161.0,490.0,216.0
1.0,513.0,210.0,534.0,877.0,956.0,956.0,374.0,160.0,143.0,67.0
1.0,1180.0,17.0,519.0,1635.0,0.0,0.0,363.0,156.0,13.0,4.0
1.0,2798.0,353.0,506.0,956.0,0.0,0.0,354.0,152.0,252.0,101.0
1.0,3401.0,896.0,510.0,0.0,0.0,0.0,357.0,153.0,632.0,264.0
1.0,2505.0,1079.0,528.0,0.0,686.0,686.0,370.0,158.0,755.0,324.0
1.0,1426.0,665.0,540.0,0.0,1399.0,1399.0,378.0,162.0,459.0,206.0
1.0,761.0,99.0,536.0,686.0,796.0,796.0,375.0,161.0,63.0,36.0
1.0,1348.0,22.0,519.0,1399.0,0.0,0.0,363.0,156.0,15.0,7.0
1.0,2725.0,506.0,510.0,796.0,0.0,0.0,357.0,153.0,360.0,146.0
1.0,3015.0,1031.0,517.0,0.0,84.0,84.0,362.0,155.0,729.0,302.0
1.0,1984.0,1102.0,534.0,0.0,1254.0,1254.0,374.0,160.0,773.0,329.0
1.0,882.0,657.0,547.0,84.0,1879.0,1879.0,383.0,164.0,454.0,203.0
1.0,309.0,96.0,543.0,1254.0,705.0,705.0,380.0,163.0,60.0,36.0
1.0,1467.0,0.0,525.0,1879.0,0.0,0.0,367.0,158.0,0.0,0.0
1.0,3346.0,469.0,513.0,705.0,0.0,0.0,359.0,154.0,335.0,134.0
1.0,3582.0,1005.0,517.0,0.0,0.0,0.0,362.0,155.0,709.0,296.0
1.0,2577.0,1141.0,536.0,0.0,708.0,708.0,375.0,161.0,796.0,345.0
1.0,1436.0,723.0,550.0,0.0,1487.0,1487.0,385.0,165.0,499.0,224.0
1.0,713.0,93.0,547.0,708.0,860.0,860.0,383.0,164.0,62.0,31.0
1.0,1328.0,0.0,532.0,1487.0,0.0,0.0,372.0,160.0,0.0,0.0
1.0,2815.0,417.0,519.0,860.0,0.0,0.0,363.0,156.0,296.0,121.0
1.0,3258.0,986.0,521.0,0.0,0.0,0.0,365.0,156.0,694.0,292.0
1.0,2272.0,1123.0,537.0,0.0,999.0,999.0,376.0,161.0,787.0,336.0
1.0,1149.0,775.0,552.0,0.0,1834.0,1834.0,386.0,166.0,538.0,237.0
1.0,374.0,284.0,552.0,999.0,1119.0,1119.0,386.0,166.0,193.0,91.0
1.0,1089.0,42.0,537.0,1834.0,0.0,0.0,376.0,161.0,31.0,11.0
1.0,2881.0,335.0,523.0,1119.0,0.0,0.0,366.0,157.0,240.0,95.0
1.0,3665.0,792.0,523.0,0.0,0.0,0.0,366.0,157.0,558.0,234.0
1.0,2873.0,1063.0,540.0,0.0,350.0,350.0,378.0,162.0,743.0,320.0
1.0,1810.0,788.0,555.0,0.0,1198.0,1198.0,388.0,167.0,546.0,242.0
1.0,1022.0,246.0,555.0,350.0,1094.0,1094.0,388.0,167.0,169.0,77.0
1.0,1126.0,93.0,542.0,1198.0,0.0,0.0,379.0,163.0,66.0,27.0
1.0,2231.0,407.0,530.0,1094.0,0.0,0.0,371.0,159.0,290.0,117.0
1.0,2918.0,841.0,531.0,0.0,47.0,47.0,372.0,159.0,593.0,248.0
1.0,2077.0,998.0,546.0,0.0,1105.0,1105.0,382.0,164.0,696.0,302.0
1.0,1079.0,714.0,559.0,47.0,1824.0,1824.0,391.0,168.0,493.0,221.0
1.0,412.0,267.0,559.0,1105.0,986.0,986.0,391.0,168.0,184.0,83.0
1.0,1250.0,124.0,547.0,1824.0,0.0,0.0,383.0,164.0,92.0,32.0
1.0,2950.0,442.0,537.0,986.0,0.0,0.0,376.0,161.0,316.0,126.0
1.0,3494.0,899.0,538.0,0.0,0.0,0.0,377.0,161.0,632.0,267.0
1.0,2595.0,1007.0,551.0,0.0,616.0,616.0,386.0,165.0,701.0,306.0
1.0,1588.0,667.0,563.0,0.0,1331.0,1331.0,394.0,169.0,460.0,207.0
1.0,921.0,191.0,562.0,616.0,902.0,902.0,393.0,169.0,132.0,59.0
1.0,1346.0,129.0,550.0,1331.0,0.0,0.0,385.0,165.0,93.0,36.0
1.0,2548.0,532.0,540.0,902.0,0.0,0.0,378.0,162.0,378.0,154.0
1.0,2918.0,886.0,543.0,0.0,140.0,140.0,380.0,163.0,623.0,263.0
1.0,2032.0,966.0,557.0,0.0,1162.0,1162.0,390.0,167.0,673.0,293.0
1.0,1066.0,631.0,570.0,140.0,1705.0,1705.0,399.0,171.0,436.0,195.0
1.0,575.0,293.0,570.0,1162.0,836.0,836.0,399.0,171.0,204.0,89.0
1.0,1444.0,239.0,559.0,1705.0,0.0,0.0,391.0,168.0,170.0,69.0
1.0,2910.0,524.0,550.0,836.0,0.0,0.0,385.0,165.0,372.0,152.0
1.0,3222.0,789.0,551.0,0.0,0.0,0.0,386.0,165.0,555.0,234.0
1.0,2433.0,744.0,561.0,0.0,555.0,555.0,393.0,168.0,518.0,226.0
1.0,1689.0,521.0,571.0,0.0,1116.0,1116.0,400.0,171.0,359.0,162.0
1.0,1168.0,348.0,570.0,555.0,905.0,905.0,399.0,171.0,239.0,109.0
1.0,1375.0,374.0,560.0,1116.0,123.0,123.0,392.0,168.0,266.0,108.0
1.0,2117.0,619.0,552.0,905.0,0.0,0.0,386.0,166.0,439.0,180.0
1.0,2403.0,745.0,554.0,123.0,435.0,435.0,388.0,166.0,524.0,221.0
1.0,1781.0,679.0,564.0,0.0,1154.0,1154.0,395.0,169.0,472.0,207.0
1.0,1102.0,554.0,575.0,435.0,1317.0,1317.0,403.0,172.0,383.0,171.0
1.0,983.0,481.0,574.0,1154.0,640.0,640.0,402.0,172.0,335.0,146.0
1.0,1656.0,528.0,565.0,1317.0,0.0,0.0,395.0,170.0,371.0,157.0
1.0,2445.0,600.0,555.0,640.0,0.0,0.0,388.0,167.0,422.0,178.0
1.0,2485.0,698.0,556.0,0.0,437.0,437.0,389.0,167.0,490.0,208.0
1.0,1787.0,699.0,567.0,0.0,1180.0,1180.0,397.0,170.0,490.0,209.0
1.0,1088.0,564.0,578.0,437.0,1351.0,1351.0,405.0,173.0,394.0,170.0
1.0,961.0,514.0,579.0,1180.0,689.0,689.0,405.0,174.0,357.0,157.0
1.0,1627.0,520.0,570.0,1351.0,0.0,0.0,399.0,171.0,362.0,158.0
1.0,2458.0,613.0,560.0,689.0,0.0,0.0,392.0,168.0,430.0,183.0
1.0,2534.0,672.0,559.0,0.0,374.0,374.0,391.0,168.0,473.0,199.0
1.0,1862.0,626.0,569.0,0.0,1040.0,1040.0,398.0,171.0,441.0,185.0
1.0,1236.0,501.0,578.0,374.0,1203.0,1203.0,405.0,173.0,351.0,150.0
1.0,1109.0,519.0,580.0,1040.0,690.0,690.0,406.0,174.0,362.0,157.0
1.0,1630.0,702.0,575.0,1203.0,169.0,169.0,402.0,173.0,488.0,214.0
1.0,2131.0,794.0,569.0,690.0,249.0,249.0,398.0,171.0,555.0,239.0
1.0,2027.0,667.0,567.0,169.0,739.0,739.0,397.0,170.0,468.0,199.0
1.0,1529.0,497.0,571.0,249.0,1003.0,1003.0,400.0,171.0,350.0,147.0
1.0,1281.0,468.0,579.0,739.0,764.0,764.0,405.0,174.0,327.0,141.0
1.0,1552.0,618.0,584.0,1003.0,399.0,399.0,409.0,175.0,431.0,187.0
1.0,1937.0,718.0,583.0,764.0,349.0,349.0,408.0,175.0,503.0,215.0
1.0,1983.0,704.0,576.0,399.0,626.0,626.0,403.0,173.0,495.0,209.0
1.0,1678.0,560.0,571.0,349.0,817.0,817.0,400.0,171.0,392.0,168.0
1.0,1467.0,487.0,577.0,626.0,702.0,702.0,404.0,173.0,340.0,147.0
1.0,1606.0,476.0,584.0,817.0,389.0,389.0,409.0,175.0,331.0,145.0
1.0,1947.0,629.0,588.0,702.0,332.0,332.0,412.0,176.0,440.0,189.0
1.0,2020.0,683.0,585.0,389.0,614.0,614.0,409.0,176.0,480.0,203.0
1.0,1726.0,629.0,578.0,332.0,883.0,883.0,405.0,173.0,444.0,185.0
1.0,1429.0,587.0,575.0,614.0,844.0,844.0,403.0,172.0,411.0,176.0
1.0,1456.0,500.0,580.0,883.0,481.0,481.0,406.0,174.0,346.0,154.0
1.0,1839.0,520.0,587.0,844.0,185.0,185.0,411.0,176.0,360.0,160.0
1.0,2163.0,637.0,592.0,481.0,361.0,361.0,414.0,178.0,447.0,190.0
1.0,2007.0,716.0,587.0,185.0,872.0,872.0,411.0,176.0,506.0,210.0
1.0,1476.0,680.0,581.0,361.0,1167.0,1167.0,407.0,174.0,478.0,202.0
1.0,1157.0,625.0,581.0,872.0,920.0,920.0,407.0,174.0,436.0,189.0
1.0,1404.0,475.0,586.0,1167.0,248.0,248.0,410.0,176.0,329.0,146.0
1.0,2096.0,437.0,592.0,920.0,0.0,0.0,414.0,178.0,304.0,133.0
1.0,2579.0,530.0,592.0,248.0,71.0,71.0,414.0,178.0,371.0,159.0
1.0,2297.0,657.0,587.0,0.0,708.0,708.0,411.0,176.0,460.0,197.0
1.0,1640.0,700.0,583.0,71.0,1321.0,1321.0,408.0,175.0,493.0,207.0
1.0,1011.0,684.0,584.0,708.0,1301.0,1301.0,409.0,175.0,480.0,204.0
1.0,1035.0,515.0,588.0,1321.0,511.0,511.0,412.0,176.0,360.0,155.0
1.0,1841.0,424.0,591.0,1301.0,0.0,0.0,414.0,177.0,292.0,132.0
1.0,2718.0,458.0,590.0,511.0,0.0,0.0,413.0,177.0,319.0,139.0
1.0,2771.0,648.0,587.0,0.0,225.0,225.0,411.0,176.0,455.0,193.0
1.0,2123.0,785.0,589.0,0.0,1018.0,1018.0,412.0,177.0,552.0,233.0
1.0,1338.0,713.0,592.0,225.0,1518.0,1518.0,414.0,178.0,500.0,213.0
1.0,850.0,484.0,594.0,1018.0,992.0,992.0,416.0,178.0,337.0,147.0
1.0,1384.0,386.0,594.0,1518.0,0.0,0.0,416.0,178.0,269.0,117.0
1.0,2516.0,462.0,592.0,992.0,0.0,0.0,414.0,178.0,323.0,139.0
1.0,3046.0,719.0,592.0,0.0,41.0,41.0,414.0,178.0,504.0,215.0
1.0,2327.0,859.0,594.0,0.0,908.0,908.0,416.0,178.0,604.0,255.0
1.0,1468.0,722.0,598.0,41.0,1605.0,1605.0,419.0,179.0,506.0,216.0
1.0,787.0,487.0,598.0,908.0,1184.0,1184.0,419.0,179.0,340.0,147.0
1.0,1208.0,372.0,595.0,1605.0,0.0,0.0,416.0,179.0,259.0,113.0
1.0,2441.0,472.0,593.0,1184.0,0.0,0.0,415.0,178.0,330.0,142.0
1.0,3153.0,710.0,593.0,0.0,0.0,0.0,415.0,178.0,498.0,212.0
1.0,2443.0,781.0,594.0,0.0,714.0,714.0,416.0,178.0,547.0,234.0
1.0,1662.0,689.0,597.0,0.0,1415.0,1415.0,418.0,179.0,483.0,206.0
1.0,973.0,575.0,598.0,714.0,1280.0,1280.0,419.0,179.0,403.0,172.0
1.0,1112.0,531.0,598.0,1415.0,396.0,396.0,419.0,179.0,373.0,158.0
1.0,1996.0,591.0,597.0,1280.0,0.0,0.0,418.0,179.0,413.0,178.0
1.0,2685.0,683.0,597.0,396.0,0.0,0.0,418.0,179.0,476.0,207.0
1.0,2398.0,683.0,599.0,0.0,681.0,681.0,419.0,180.0,478.0,205.0
1.0,1715.0,631.0,601.0,0.0,1320.0,1320.0,421.0,180.0,445.0,186.0
1.0,1084.0,629.0,604.0,681.0,1280.0,1280.0,423.0,181.0,441.0,188.0
1.0,1136.0,617.0,602.0,1320.0,569.0,569.0,421.0,181.0,431.0,186.0
1.0,1839.0,663.0,600.0,1280.0,0.0,0.0,420.0,180.0,461.0,202.0
1.0,2456.0,690.0,600.0,569.0,65.0,65.0,420.0,180.0,482.0,208.0
1.0,2335.0,656.0,603.0,0.0,733.0,733.0,422.0,181.0,461.0,195.0
1.0,1679.0,620.0,606.0,65.0,1300.0,1300.0,424.0,182.0,437.0,183.0
1.0,1124.0,593.0,606.0,733.0,1160.0,1160.0,424.0,182.0,416.0,177.0
1.0,1264.0,628.0,604.0,1300.0,480.0,480.0,423.0,181.0,436.0,192.0
1.0,1936.0,703.0,603.0,1160.0,19.0,19.0,422.0,181.0,489.0,214.0
1.0,2393.0,719.0,607.0,480.0,274.0,274.0,425.0,182.0,505.0,214.0
1.0,2154.0,640.0,610.0,19.0,907.0,907.0,427.0,183.0,453.0,187.0
1.0,1533.0,579.0,611.0,274.0,1216.0,1216.0,428.0,183.0,407.0,172.0
1.0,1228.0,569.0,610.0,907.0,874.0,874.0,427.0,183.0,395.0,174.0
1.0,1566.0,672.0,610.0,1216.0,330.0,330.0,427.0,183.0,465.0,207.0
1.0,2110.0,711.0,612.0,874.0,175.0,175.0,428.0,184.0,497.0,214.0
1.0,2273.0,686.0,614.0,330.0,539.0,539.0,430.0,184.0,485.0,201.0
1.0,1917.0,630.0,616.0,175.0,1002.0,1002.0,431.0,185.0,445.0,185.0
1.0,1462.0,575.0,617.0,539.0,1042.0,1042.0,432.0,185.0,403.0,172.0
1.0,1426.0,569.0,616.0,1002.0,605.0,605.0,431.0,185.0,395.0,174.0
1.0,1859.0,651.0,614.0,1042.0,206.0,206.0,430.0,184.0,453.0,198.0
1.0,2250.0,661.0,614.0,605.0,262.0,262.0,430.0,184.0,462.0,199.0
1.0,2194.0,626.0,614.0,206.0,682.0,682.0,430.0,184.0,440.0,186.0
1.0,1774.0,582.0,617.0,262.0,1014.0,1014.0,432.0,185.0,411.0,171.0
1.0,1454.0,579.0,620.0,682.0,923.0,923.0,434.0,186.0,407.0,172.0
1.0,1557.0,607.0,621.0,1014.0,520.0,520.0,435.0,186.0,421.0,186.0
1.0,1964.0,652.0,620.0,923.0,245.0,245.0,434.0,186.0,452.0,200.0
1.0,2235.0,649.0,620.0,520.0,374.0,374.0,434.0,186.0,454.0,195.0
1.0,2106.0,661.0,619.0,245.0,786.0,786.0,433.0,186.0,467.0,194.0
1.0,1690.0,621.0,621.0,374.0,1041.0,1041.0,435.0,186.0,438.0,183.0
1.0,1443.0,584.0,624.0,786.0,851.0,851.0,437.0,187.0,409.0,175.0
1.0,1645.0,616.0,627.0,1041.0,438.0,438.0,439.0,188.0,429.0,187.0
1.0,2070.0,687.0,628.0,851.0,278.0,278.0,440.0,188.0,477.0,210.0
1.0,2234.0,739.0,627.0,438.0,575.0,575.0,439.0,188.0,517.0,222.0
1.0,1933.0,754.0,628.0,278.0,1055.0,1055.0,440.0,188.0,530.0,224.0
1.0,1457.0,625.0,631.0,575.0,1117.0,1117.0,442.0,189.0,441.0,184.0
1.0,1407.0,555.0,634.0,1055.0,629.0,629.0,444.0,190.0,391.0,164.0
1.0,1907.0,594.0,637.0,1117.0,118.0,118.0,446.0,191.0,413.0,181.0
1.0,2430.0,652.0,636.0,629.0,137.0,137.0,445.0,191.0,451.0,201.0
1.0,2407.0,716.0,633.0,118.0,723.0,723.0,443.0,190.0,500.0,216.0
1.0,1809.0,754.0,633.0,137.0,1340.0,1340.0,443.0,190.0,530.0,224.0
1.0,1192.0,684.0,637.0,723.0,1317.0,1317.0,446.0,191.0,482.0,202.0
1.0,1231.0,661.0,643.0,1340.0,662.0,662.0,450.0,193.0,463.0,198.0
1.0,1910.0,685.0,647.0,1317.0,46.0,46.0,453.0,194.0,478.0,207.0
1.0,2542.0,701.0,646.0,662.0,81.0,81.0,452.0,194.0,487.0,214.0
1.0,2503.0,691.0,644.0,46.0,718.0,718.0,451.0,193.0,484.0,207.0
1.0,1858.0,731.0,646.0,81.0,1376.0,1376.0,452.0,194.0,514.0,217.0
1.0,1208.0,716.0,648.0,718.0,1382.0,1382.0,454.0,194.0,503.0,213.0
1.0,1210.0,617.0,650.0,1376.0,631.0,631.0,455.0,195.0,431.0,186.0
1.0,1969.0,632.0,650.0,1382.0,0.0,0.0,455.0,195.0,439.0,193.0
1.0,2719.0,708.0,651.0,631.0,0.0,0.0,456.0,195.0,493.0,215.0
1.0,2642.0,720.0,652.0,0.0,686.0,686.0,456.0,196.0,506.0,214.0
1.0,1922.0,612.0,651.0,0.0,1294.0,1294.0,456.0,195.0,433.0,179.0
1.0,1310.0,637.0,651.0,686.0,1245.0,1245.0,456.0,195.0,450.0,187.0
1.0,1359.0,689.0,653.0,1294.0,648.0,648.0,457.0,196.0,479.0,210.0
1.0,1964.0,716.0,654.0,1245.0,123.0,123.0,458.0,196.0,494.0,222.0
1.0,2493.0,707.0,654.0,648.0,182.0,182.0,458.0,196.0,492.0,215.0
1.0,2434.0,670.0,654.0,123.0,729.0,729.0,458.0,196.0,473.0,197.0
1.0,1887.0,569.0,654.0,182.0,1116.0,1116.0,458.0,196.0,405.0,164.0
1.0,1500.0,552.0,653.0,729.0,935.0,935.0,457.0,196.0,389.0,163.0
1.0,1677.0,650.0,653.0,1116.0,469.0,469.0,457.0,196.0,451.0,199.0
1.0,2143.0,803.0,656.0,935.0,349.0,349.0,459.0,197.0,557.0,246.0
1.0,2275.0,789.0,656.0,469.0,669.0,669.0,459.0,197.0,551.0,238.0
1.0,1955.0,616.0,656.0,349.0,936.0,936.0,459.0,197.0,435.0,181.0
1.0,1688.0,549.0,656.0,669.0,816.0,816.0,459.0,197.0,388.0,161.0
1.0,1808.0,550.0,656.0,936.0,430.0,430.0,459.0,197.0,384.0,166.0
1.0,2194.0,661.0,654.0,816.0,267.0,267.0,458.0,196.0,458.0,203.0
1.0,2349.0,781.0,656.0,430.0,626.0,626.0,459.0,197.0,544.0,237.0
1.0,1998.0,763.0,657.0,267.0,1126.0,1126.0,460.0,197.0,536.0,227.0
1.0,1502.0,655.0,659.0,626.0,1163.0,1163.0,461.0,198.0,463.0,192.0
1.0,1473.0,495.0,657.0,1126.0,524.0,524.0,460.0,197.0,349.0,146.0
1.0,2104.0,527.0,656.0,1163.0,0.0,0.0,459.0,197.0,368.0,159.0
1.0,2740.0,665.0,656.0,524.0,25.0,25.0,459.0,197.0,462.0,203.0
1.0,2599.0,816.0,659.0,0.0,853.0,853.0,461.0,198.0,567.0,249.0
1.0,1783.0,829.0,663.0,25.0,1673.0,1673.0,464.0,199.0,581.0,248.0
1.0,979.0,633.0,664.0,853.0,1457.0,1457.0,465.0,199.0,448.0,185.0
1.0,1199.0,485.0,662.0,1673.0,261.0,261.0,463.0,199.0,344.0,141.0
1.0,2387.0,520.0,660.0,1457.0,0.0,0.0,462.0,198.0,362.0,158.0
1.0,3324.0,745.0,663.0,261.0,0.0,0.0,464.0,199.0,516.0,229.0
1.0,2840.0,931.0,667.0,0.0,759.0,759.0,467.0,200.0,648.0,283.0
1.0,1909.0,836.0,671.0,0.0,1611.0,1611.0,470.0,201.0,586.0,250.0
1.0,1073.0,539.0,670.0,759.0,1387.0,1387.0,469.0,201.0,383.0,156.0
1.0,1293.0,381.0,666.0,1611.0,141.0,141.0,466.0,200.0,273.0,108.0
1.0,2523.0,509.0,664.0,1387.0,0.0,0.0,465.0,199.0,357.0,152.0
1.0,3401.0,849.0,667.0,141.0,0.0,0.0,467.0,200.0,587.0,262.0
1.0,2693.0,1051.0,673.0,0.0,1050.0,1050.0,471.0,202.0,728.0,323.0
1.0,1642.0,849.0,674.0,0.0,1903.0,1903.0,472.0,202.0,594.0,255.0
1.0,793.0,495.0,672.0,1050.0,1340.0,1340.0,470.0,202.0,355.0,140.0
1.0,1348.0,339.0,668.0,1903.0,0.0,0.0,468.0,200.0,246.0,93.0
1.0,2912.0,473.0,666.0,1340.0,0.0,0.0,466.0,200.0,331.0,142.0
1.0,3779.0,849.0,669.0,0.0,0.0,0.0,468.0,201.0,584.0,265.0
1.0,2930.0,1086.0,676.0,0.0,860.0,860.0,473.0,203.0,751.0,335.0
1.0,1844.0,934.0,680.0,0.0,1810.0,1810.0,476.0,204.0,655.0,279.0
1.0,910.0,571.0,677.0,860.0,1509.0,1509.0,474.0,203.0,411.0,160.0
1.0,1199.0,348.0,671.0,1810.0,23.0,23.0,470.0,201.0,254.0,94.0
1.0,2661.0,489.0,668.0,1509.0,0.0,0.0,468.0,200.0,341.0,148.0
1.0,3681.0,834.0,670.0,23.0,0.0,0.0,469.0,201.0,569.0,265.0
1.0,2870.0,1055.0,678.0,0.0,897.0,897.0,474.0,204.0,726.0,329.0
1.0,1815.0,936.0,682.0,0.0,1849.0,1849.0,477.0,205.0,656.0,280.0
1.0,879.0,518.0,677.0,897.0,1450.0,1450.0,474.0,203.0,379.0,139.0
1.0,1258.0,350.0,672.0,1849.0,0.0,0.0,471.0,201.0,260.0,90.0
1.0,2757.0,531.0,671.0,1450.0,0.0,0.0,470.0,201.0,369.0,162.0
1.0,3676.0,892.0,674.0,0.0,0.0,0.0,472.0,202.0,608.0,284.0
1.0,2784.0,1090.0,681.0,0.0,1030.0,1030.0,476.0,205.0,748.0,342.0
1.0,1694.0,898.0,686.0,0.0,1948.0,1948.0,480.0,206.0,631.0,267.0
1.0,796.0,437.0,683.0,1030.0,1343.0,1343.0,478.0,205.0,322.0,115.0
1.0,1389.0,175.0,673.0,1948.0,0.0,0.0,471.0,202.0,138.0,37.0
1.0,3162.0,387.0,667.0,1343.0,0.0,0.0,467.0,200.0,270.0,117.0
1.0,4118.0,923.0,671.0,0.0,0.0,0.0,470.0,201.0,628.0,295.0
1.0,3195.0,1243.0,682.0,0.0,776.0,776.0,477.0,205.0,853.0,390.0
1.0,1952.0,1028.0,691.0,0.0,1840.0,1840.0,483.0,208.0,722.0,306.0
1.0,924.0,483.0,689.0,776.0,1539.0,1539.0,482.0,207.0,359.0,124.0
1.0,1217.0,158.0,680.0,1840.0,0.0,0.0,476.0,204.0,126.0,32.0
1.0,2899.0,365.0,671.0,1539.0,0.0,0.0,470.0,201.0,250.0,115.0
1.0,4073.0,908.0,674.0,0.0,0.0,0.0,472.0,202.0,616.0,292.0
1.0,3165.0,1260.0,686.0,0.0,839.0,839.0,480.0,206.0,869.0,391.0
1.0,1905.0,1063.0,696.0,0.0,1942.0,1942.0,487.0,209.0,751.0,312.0
1.0,842.0,519.0,696.0,839.0,1622.0,1622.0,487.0,209.0,382.0,137.0
1.0,1162.0,99.0,685.0,1942.0,0.0,0.0,480.0,205.0,81.0,18.0
1.0,3005.0,303.0,675.0,1622.0,0.0,0.0,473.0,202.0,206.0,97.0
1.0,4324.0,952.0,679.0,0.0,0.0,0.0,475.0,204.0,647.0,305.0
1.0,3372.0,1359.0,692.0,0.0,755.0,755.0,484.0,208.0,938.0,421.0
1.0,2013.0,1146.0,705.0,0.0,1953.0,1953.0,493.0,212.0,808.0,338.0
1.0,867.0,484.0,704.0,755.0,1678.0,1678.0,493.0,211.0,358.0,126.0
1.0,1138.0,77.0,692.0,1953.0,0.0,0.0,485.0,207.0,70.0,7.0
1.0,3014.0,264.0,682.0,1678.0,0.0,0.0,478.0,204.0,182.0,82.0
1.0,4428.0,880.0,683.0,0.0,0.0,0.0,478.0,205.0,597.0,283.0
1.0,3548.0,1353.0,698.0,0.0,597.0,597.0,488.0,210.0,929.0,424.0
1.0,2195.0,1183.0,711.0,0.0,1832.0,1832.0,497.0,214.0,830.0,353.0
1.0,1012.0,487.0,710.0,597.0,1718.0,1718.0,497.0,213.0,361.0,126.0
1.0,1122.0,10.0,696.0,1832.0,0.0,0.0,487.0,209.0,10.0,0.0
1.0,2944.0,264.0,683.0,1718.0,0.0,0.0,478.0,205.0,183.0,81.0
1.0,4398.0,900.0,684.0,0.0,0.0,0.0,479.0,205.0,625.0,275.0
1.0,3498.0,1401.0,700.0,0.0,703.0,703.0,490.0,210.0,977.0,424.0
1.0,2097.0,1141.0,716.0,0.0,1908.0,1908.0,501.0,215.0,799.0,342.0
1.0,956.0,437.0,714.0,703.0,1634.0,1634.0,500.0,214.0,311.0,126.0
1.0,1222.0,3.0,697.0,1908.0,0.0,0.0,488.0,209.0,3.0,0.0
1.0,3127.0,292.0,683.0,1634.0,0.0,0.0,478.0,205.0,204.0,88.0
1.0,4469.0,990.0,686.0,0.0,0.0,0.0,480.0,206.0,693.0,297.0
1.0,3479.0,1351.0,703.0,0.0,684.0,684.0,492.0,211.0,945.0,406.0
1.0,2128.0,1055.0,716.0,0.0,1791.0,1791.0,501.0,215.0,738.0,317.0
1.0,1073.0,394.0,715.0,684.0,1497.0,1497.0,500.0,215.0,274.0,120.0
1.0,1363.0,65.0,700.0,1791.0,0.0,0.0,490.0,210.0,44.0,21.0
1.0,3089.0,417.0,687.0,1497.0,0.0,0.0,481.0,206.0,293.0,124.0
1.0,4169.0,1076.0,690.0,0.0,0.0,0.0,483.0,207.0,756.0,320.0
1.0,3093.0,1378.0,704.0,0.0,1101.0,1101.0,493.0,211.0,966.0,412.0
1.0,1715.0,1001.0,717.0,0.0,2154.0,2154.0,502.0,215.0,699.0,302.0
1.0,714.0,360.0,715.0,1101.0,1405.0,1405.0,500.0,215.0,249.0,111.0
1.0,1455.0,26.0,700.0,2154.0,0.0,0.0,490.0,210.0,17.0,9.0
1.0,3583.0,366.0,687.0,1405.0,0.0,0.0,481.0,206.0,258.0,108.0
1.0,4622.0,1013.0,688.0,0.0,0.0,0.0,482.0,206.0,711.0,302.0
1.0,3609.0,1406.0,704.0,0.0,613.0,613.0,493.0,211.0,987.0,419.0
1.0,2203.0,1147.0,720.0,0.0,1824.0,1824.0,504.0,216.0,804.0,343.0
1.0,1056.0,525.0,720.0,613.0,1736.0,1736.0,504.0,216.0,364.0,161.0
1.0,1144.0,95.0,704.0,1824.0,0.0,0.0,493.0,211.0,62.0,33.0
1.0,2873.0,290.0,690.0,1736.0,0.0,0.0,483.0,207.0,202.0,88.0
1.0,4319.0,879.0,688.0,0.0,0.0,0.0,482.0,206.0,619.0,260.0
1.0,3440.0,1402.0,707.0,0.0,790.0,790.0,495.0,212.0,986.0,416.0
1.0,2038.0,1237.0,728.0,0.0,2111.0,2111.0,509.0,219.0,868.0,369.0
1.0,801.0,619.0,732.0,790.0,1956.0,1956.0,512.0,220.0,429.0,190.0
1.0,972.0,81.0,716.0,2111.0,0.0,0.0,501.0,215.0,50.0,31.0
1.0,3002.0,239.0,697.0,1956.0,0.0,0.0,488.0,209.0,166.0,73.0
1.0,4719.0,913.0,694.0,0.0,0.0,0.0,486.0,208.0,646.0,267.0
1.0,3806.0,1411.0,713.0,0.0,457.0,457.0,499.0,214.0,993.0,418.0
1.0,2395.0,1239.0,733.0,0.0,1776.0,1776.0,513.0,220.0,867.0,372.0
1.0,1156.0,601.0,738.0,457.0,1940.0,1940.0,516.0,222.0,416.0,185.0
1.0,1012.0,134.0,723.0,1776.0,238.0,238.0,506.0,217.0,88.0,46.0
1.0,2654.0,240.0,703.0,1940.0,0.0,0.0,492.0,211.0,167.0,73.0
1.0,4354.0,812.0,698.0,238.0,0.0,0.0,489.0,209.0,573.0,239.0
1.0,3780.0,1319.0,714.0,0.0,395.0,395.0,500.0,214.0,929.0,390.0
1.0,2461.0,1207.0,735.0,0.0,1686.0,1686.0,514.0,221.0,847.0,360.0
1.0,1254.0,528.0,739.0,395.0,1835.0,1835.0,517.0,222.0,365.0,163.0
1.0,1121.0,67.0,723.0,1686.0,152.0,152.0,506.0,217.0,40.0,27.0
1.0,2740.0,202.0,700.0,1835.0,0.0,0.0,490.0,210.0,141.0,61.0
1.0,4373.0,897.0,695.0,152.0,0.0,0.0,487.0,208.0,633.0,264.0
1.0,3628.0,1453.0,714.0,0.0,681.0,681.0,500.0,214.0,1024.0,429.0
1.0,2175.0,1278.0,737.0,0.0,2051.0,2051.0,516.0,221.0,896.0,382.0
1.0,897.0,590.0,743.0,681.0,1984.0,1984.0,520.0,223.0,409.0,181.0
1.0,988.0,53.0,727.0,2051.0,0.0,0.0,509.0,218.0,29.0,24.0
1.0,2986.0,194.0,705.0,1984.0,0.0,0.0,494.0,211.0,132.0,62.0
1.0,4776.0,847.0,698.0,0.0,0.0,0.0,489.0,209.0,597.0,250.0
1.0,3929.0,1381.0,716.0,0.0,316.0,316.0,501.0,215.0,976.0,405.0
1.0,2548.0,1259.0,740.0,0.0,1671.0,1671.0,518.0,222.0,888.0,371.0
1.0,1289.0,575.0,746.0,316.0,1954.0,1954.0,522.0,224.0,399.0,176.0
1.0,1030.0,59.0,730.0,1671.0,278.0,278.0,511.0,219.0,32.0,27.0
1.0,2642.0,201.0,707.0,1954.0,0.0,0.0,495.0,212.0,135.0,66.0
1.0,4395.0,870.0,701.0,278.0,0.0,0.0,491.0,210.0,611.0,259.0
1.0,3803.0,1383.0,720.0,0.0,460.0,460.0,504.0,216.0,976.0,407.0
1.0,2420.0,1274.0,744.0,0.0,1830.0,1830.0,521.0,223.0,899.0,375.0
1.0,1146.0,627.0,751.0,460.0,2025.0,2025.0,526.0,225.0,438.0,189.0
1.0,979.0,45.0,733.0,1830.0,168.0,168.0,513.0,220.0,23.0,22.0
1.0,2764.0,179.0,710.0,2025.0,0.0,0.0,497.0,213.0,116.0,63.0
1.0,4610.0,885.0,706.0,168.0,0.0,0.0,494.0,212.0,620.0,265.0
1.0,3893.0,1412.0,726.0,0.0,423.0,423.0,508.0,218.0,998.0,414.0
1.0,2481.0,1271.0,750.0,0.0,1790.0,1790.0,525.0,225.0,899.0,372.0
1.0,1210.0,586.0,753.0,423.0,1965.0,1965.0,527.0,226.0,410.0,176.0
1.0,1047.0,59.0,733.0,1790.0,154.0,154.0,513.0,220.0,32.0,27.0
1.0,2778.0,262.0,712.0,1965.0,0.0,0.0,498.0,214.0,173.0,89.0
1.0,4481.0,946.0,710.0,154.0,0.0,0.0,497.0,213.0,662.0,284.0
1.0,3689.0,1397.0,730.0,0.0,628.0,628.0,511.0,219.0,987.0,410.0
1.0,2292.0,1228.0,754.0,0.0,1952.0,1952.0,528.0,226.0,871.0,357.0
1.0,1064.0,565.0,757.0,628.0,1901.0,1901.0,530.0,227.0,395.0,170.0
1.0,1127.0,206.0,742.0,1952.0,95.0,95.0,519.0,223.0,133.0,73.0
1.0,2873.0,475.0,723.0,1901.0,0.0,0.0,506.0,217.0,323.0,152.0
1.0,4299.0,1016.0,722.0,95.0,0.0,0.0,505.0,217.0,713.0,303.0
1.0,3378.0,1332.0,737.0,0.0,902.0,902.0,516.0,221.0,944.0,388.0
1.0,2046.0,1063.0,755.0,0.0,2037.0,2037.0,529.0,226.0,754.0,309.0
1.0,983.0,503.0,760.0,902.0,1658.0,1658.0,532.0,228.0,352.0,151.0
1.0,1382.0,265.0,748.0,2037.0,0.0,0.0,524.0,224.0,175.0,90.0
1.0,3154.0,575.0,732.0,1658.0,0.0,0.0,512.0,220.0,392.0,183.0
1.0,4237.0,1104.0,729.0,0.0,0.0,0.0,510.0,219.0,771.0,333.0
1.0,3133.0,1348.0,743.0,0.0,1187.0,1187.0,520.0,223.0,952.0,396.0
1.0,1785.0,1011.0,761.0,0.0,2270.0,2270.0,533.0,228.0,719.0,292.0
1.0,774.0,518.0,767.0,1187.0,1625.0,1625.0,537.0,230.0,364.0,154.0
1.0,1443.0,264.0,754.0,2270.0,0.0,0.0,528.0,226.0,175.0,89.0
1.0,3449.0,534.0,737.0,1625.0,0.0,0.0,516.0,221.0,364.0,170.0
1.0,4540.0,1034.0,733.0,0.0,0.0,0.0,513.0,220.0,724.0,310.0
1.0,3506.0,1308.0,747.0,0.0,790.0,790.0,523.0,224.0,927.0,381.0
1.0,2198.0,1126.0,766.0,0.0,1992.0,1992.0,537.0,229.0,798.0,328.0
1.0,1072.0,562.0,772.0,790.0,1788.0,1788.0,541.0,231.0,392.0,170.0
1.0,1300.0,227.0,761.0,1992.0,0.0,0.0,533.0,228.0,146.0,81.0
1.0,3065.0,449.0,745.0,1788.0,0.0,0.0,521.0,224.0,304.0,145.0
1.0,4404.0,975.0,740.0,0.0,0.0,0.0,518.0,222.0,686.0,289.0
1.0,3429.0,1314.0,754.0,0.0,901.0,901.0,528.0,226.0,932.0,382.0
1.0,2115.0,1099.0,775.0,0.0,2084.0,2084.0,543.0,232.0,779.0,320.0
1.0,1016.0,567.0,782.0,901.0,1778.0,1778.0,548.0,234.0,393.0,174.0
1.0,1350.0,157.0,767.0,2084.0,0.0,0.0,537.0,230.0,98.0,59.0
1.0,3277.0,425.0,748.0,1778.0,0.0,0.0,523.0,225.0,288.0,137.0
1.0,4630.0,1028.0,743.0,0.0,0.0,0.0,520.0,223.0,723.0,305.0
1.0,3602.0,1372.0,758.0,0.0,802.0,802.0,531.0,227.0,973.0,399.0
1.0,2230.0,1121.0,778.0,0.0,2003.0,2003.0,545.0,233.0,794.0,327.0
1.0,1109.0,537.0,785.0,802.0,1766.0,1766.0,550.0,235.0,374.0,163.0
1.0,1374.0,171.0,773.0,2003.0,0.0,0.0,541.0,232.0,107.0,64.0
1.0,3206.0,357.0,752.0,1766.0,0.0,0.0,526.0,226.0,239.0,118.0
1.0,4615.0,913.0,746.0,0.0,0.0,0.0,522.0,224.0,641.0,272.0
1.0,3702.0,1377.0,761.0,0.0,719.0,719.0,533.0,228.0,978.0,399.0
1.0,2325.0,1269.0,784.0,0.0,2080.0,2080.0,549.0,235.0,899.0,370.0
1.0,1056.0,645.0,793.0,719.0,2042.0,2042.0,555.0,238.0,448.0,197.0
1.0,1130.0,147.0,779.0,2080.0,53.0,53.0,545.0,234.0,90.0,57.0
1.0,3063.0,242.0,757.0,2042.0,0.0,0.0,530.0,227.0,160.0,82.0
1.0,4863.0,865.0,749.0,53.0,0.0,0.0,524.0,225.0,610.0,255.0
1.0,4051.0,1396.0,764.0,0.0,401.0,401.0,535.0,229.0,988.0,408.0
1.0,2655.0,1282.0,788.0,0.0,1779.0,1779.0,552.0,236.0,905.0,377.0
1.0,1373.0,677.0,798.0,401.0,2095.0,2095.0,559.0,239.0,471.0,206.0
1.0,1097.0,213.0,784.0,1779.0,473.0,473.0,549.0,235.0,140.0,73.0
1.0,2663.0,350.0,764.0,2095.0,0.0,0.0,535.0,229.0,237.0,113.0
1.0,4408.0,938.0,758.0,473.0,0.0,0.0,530.0,228.0,659.0,279.0
1.0,3943.0,1410.0,773.0,0.0,559.0,559.0,541.0,232.0,996.0,414.0
1.0,2533.0,1292.0,797.0,0.0,1947.0,1947.0,558.0,239.0,912.0,380.0
1.0,1241.0,629.0,804.0,559.0,2045.0,2045.0,563.0,241.0,439.0,190.0
1.0,1171.0,182.0,790.0,1947.0,224.0,224.0,553.0,237.0,117.0,65.0
1.0,2936.0,274.0,768.0,2045.0,0.0,0.0,537.0,231.0,183.0,91.0
1.0,4707.0,866.0,761.0,224.0,0.0,0.0,532.0,229.0,608.0,258.0
1.0,4065.0,1405.0,777.0,0.0,448.0,448.0,544.0,233.0,995.0,410.0
1.0,2660.0,1346.0,799.0,0.0,1882.0,1882.0,560.0,239.0,952.0,394.0
1.0,1314.0,716.0,804.0,448.0,2170.0,2170.0,563.0,241.0,498.0,218.0
1.0,1046.0,158.0,787.0,1882.0,378.0,378.0,551.0,236.0,99.0,59.0
1.0,2770.0,266.0,766.0,2170.0,0.0,0.0,536.0,230.0,178.0,88.0
1.0,4674.0,916.0,764.0,378.0,0.0,0.0,534.0,230.0,646.0,270.0
1.0,4136.0,1504.0,783.0,0.0,500.0,500.0,548.0,235.0,1064.0,440.0
1.0,2632.0,1402.0,805.0,0.0,1990.0,1990.0,564.0,241.0,988.0,414.0
1.0,1230.0,711.0,808.0,500.0,2213.0,2213.0,566.0,242.0,493.0,218.0
1.0,1019.0,117.0,788.0,1990.0,260.0,260.0,552.0,236.0,71.0,46.0
1.0,2892.0,281.0,769.0,2213.0,0.0,0.0,538.0,231.0,192.0,89.0
1.0,4824.0,1018.0,769.0,260.0,0.0,0.0,538.0,231.0,717.0,301.0
1.0,4066.0,1613.0,789.0,0.0,703.0,703.0,552.0,237.0,1138.0,475.0
1.0,2453.0,1379.0,811.0,0.0,2170.0,2170.0,568.0,243.0,971.0,408.0
1.0,1074.0,590.0,812.0,703.0,2061.0,2061.0,569.0,243.0,410.0,180.0
1.0,1187.0,21.0,793.0,2170.0,0.0,0.0,555.0,238.0,7.0,14.0
1.0,3336.0,186.0,770.0,2061.0,0.0,0.0,539.0,231.0,124.0,62.0
1.0,5211.0,988.0,768.0,0.0,0.0,0.0,537.0,231.0,693.0,295.0
1.0,4223.0,1616.0,789.0,0.0,549.0,549.0,552.0,237.0,1140.0,476.0
1.0,2607.0,1456.0,812.0,0.0,2097.0,2097.0,569.0,243.0,1024.0,432.0
1.0,1151.0,657.0,816.0,549.0,2221.0,2221.0,572.0,244.0,457.0,200.0
1.0,1043.0,1.0,797.0,2097.0,49.0,49.0,558.0,239.0,0.0,1.0
1.0,3139.0,121.0,774.0,2221.0,0.0,0.0,542.0,232.0,80.0,41.0
1.0,5239.0,901.0,770.0,49.0,0.0,0.0,539.0,231.0,628.0,273.0
1.0,4387.0,1553.0,790.0,0.0,326.0,326.0,553.0,237.0,1089.0,464.0
1.0,2834.0,1511.0,816.0,0.0,1941.0,1941.0,571.0,245.0,1062.0,449.0
1.0,1323.0,782.0,822.0,326.0,2421.0,2421.0,576.0,246.0,550.0,232.0
1.0,867.0,126.0,805.0,1941.0,538.0,538.0,564.0,241.0,85.0,41.0
1.0,2682.0,188.0,783.0,2421.0,0.0,0.0,548.0,235.0,127.0,61.0
1.0,4915.0,829.0,776.0,538.0,0.0,0.0,543.0,233.0,579.0,250.0
1.0,4624.0,1312.0,792.0,0.0,0.0,0.0,554.0,238.0,922.0,390.0
1.0,3312.0,1254.0,813.0,0.0,1194.0,1194.0,569.0,244.0,884.0,370.0
1.0,2058.0,747.0,820.0,0.0,1969.0,1969.0,574.0,246.0,524.0,223.0
1.0,1311.0,283.0,808.0,1194.0,1010.0,1010.0,566.0,242.0,193.0,90.0
1.0,2222.0,299.0,787.0,1969.0,0.0,0.0,551.0,236.0,203.0,96.0
1.0,3892.0,772.0,778.0,1010.0,0.0,0.0,544.0,234.0,538.0,234.0
1.0,4130.0,1320.0,790.0,0.0,350.0,350.0,553.0,237.0,929.0,391.0
1.0,2810.0,1295.0,813.0,0.0,1737.0,1737.0,569.0,244.0,914.0,381.0
1.0,1515.0,772.0,822.0,350.0,2195.0,2195.0,576.0,246.0,544.0,228.0
1.0,1093.0,269.0,811.0,1737.0,683.0,683.0,568.0,243.0,182.0,87.0
1.0,2561.0,253.0,789.0,2195.0,0.0,0.0,552.0,237.0,167.0,86.0
1.0,4503.0,818.0,780.0,683.0,0.0,0.0,546.0,234.0,570.0,248.0
1.0,4368.0,1351.0,793.0,0.0,155.0,155.0,555.0,238.0,953.0,398.0
1.0,3017.0,1339.0,815.0,0.0,1582.0,1582.0,571.0,244.0,947.0,392.0
1.0,1678.0,787.0,824.0,155.0,2250.0,2250.0,577.0,247.0,553.0,234.0
1.0,1046.0,304.0,811.0,1582.0,920.0,920.0,568.0,243.0,206.0,98.0
1.0,2324.0,349.0,790.0,2250.0,0.0,0.0,553.0,237.0,235.0,114.0
1.0,4225.0,862.0,782.0,920.0,0.0,0.0,547.0,235.0,601.0,261.0
1.0,4283.0,1379.0,797.0,0.0,284.0,284.0,558.0,239.0,971.0,408.0
1.0,2904.0,1402.0,821.0,0.0,1782.0,1782.0,575.0,246.0,991.0,411.0
1.0,1502.0,851.0,831.0,284.0,2389.0,2389.0,582.0,249.0,598.0,253.0
1.0,935.0,290.0,821.0,1782.0,857.0,857.0,575.0,246.0,197.0,93.0
1.0,2427.0,222.0,797.0,2389.0,0.0,0.0,558.0,239.0,147.0,75.0
1.0,4594.0,790.0,787.0,857.0,0.0,0.0,551.0,236.0,551.0,239.0
1.0,4661.0,1365.0,800.0,0.0,0.0,0.0,560.0,240.0,963.0,402.0
1.0,3296.0,1418.0,824.0,0.0,1418.0,1418.0,577.0,247.0,999.0,419.0
1.0,1878.0,887.0,835.0,0.0,2349.0,2349.0,585.0,250.0,620.0,267.0
1.0,991.0,347.0,824.0,1418.0,1234.0,1234.0,577.0,247.0,237.0,110.0
1.0,2062.0,291.0,802.0,2349.0,0.0,0.0,561.0,241.0,199.0,92.0
1.0,4120.0,761.0,789.0,1234.0,0.0,0.0,552.0,237.0,534.0,227.0
1.0,4593.0,1327.0,801.0,0.0,0.0,0.0,561.0,240.0,936.0,391.0
1.0,3266.0,1437.0,827.0,0.0,1479.0,1479.0,579.0,248.0,1010.0,427.0
1.0,1829.0,922.0,838.0,0.0,2445.0,2445.0,587.0,251.0,644.0,278.0
1.0,907.0,314.0,825.0,1479.0,1228.0,1228.0,578.0,247.0,214.0,100.0
1.0,2072.0,288.0,800.0,2445.0,0.0,0.0,560.0,240.0,197.0,91.0
1.0,4229.0,865.0,790.0,1228.0,0.0,0.0,553.0,237.0,605.0,260.0
1.0,4592.0,1453.0,806.0,0.0,85.0,85.0,564.0,242.0,1022.0,431.0
1.0,3139.0,1452.0,834.0,0.0,1649.0,1649.0,584.0,250.0,1020.0,432.0
1.0,1687.0,865.0,847.0,85.0,2481.0,2481.0,593.0,254.0,605.0,260.0
1.0,907.0,249.0,833.0,1649.0,1025.0,1025.0,583.0,250.0,170.0,79.0
1.0,2307.0,188.0,806.0,2481.0,0.0,0.0,564.0,242.0,128.0,60.0
1.0,4600.0,787.0,792.0,1025.0,0.0,0.0,554.0,238.0,552.0,235.0
1.0,4838.0,1466.0,807.0,0.0,0.0,0.0,565.0,242.0,1029.0,437.0
1.0,3372.0,1576.0,839.0,0.0,1560.0,1560.0,587.0,252.0,1107.0,469.0
1.0,1796.0,940.0,854.0,0.0,2560.0,2560.0,598.0,256.0,659.0,281.0
1.0,856.0,174.0,840.0,1560.0,1118.0,1118.0,588.0,252.0,116.0,58.0
1.0,2242.0,82.0,812.0,2560.0,0.0,0.0,568.0,244.0,52.0,30.0
1.0,4720.0,751.0,797.0,1118.0,0.0,0.0,558.0,239.0,526.0,225.0
1.0,5087.0,1526.0,812.0,0.0,0.0,0.0,568.0,244.0,1075.0,451.0
1.0,3561.0,1558.0,839.0,0.0,1353.0,1353.0,587.0,252.0,1096.0,462.0
1.0,2003.0,844.0,851.0,0.0,2245.0,2245.0,596.0,255.0,588.0,256.0
1.0,1159.0,152.0,839.0,1353.0,996.0,996.0,587.0,252.0,101.0,51.0
1.0,2360.0,118.0,816.0,2245.0,0.0,0.0,571.0,245.0,78.0,40.0
1.0,4487.0,773.0,806.0,996.0,0.0,0.0,564.0,242.0,543.0,230.0
1.0,4710.0,1499.0,820.0,0.0,69.0,69.0,574.0,246.0,1056.0,443.0
1.0,3211.0,1598.0,846.0,0.0,1771.0,1771.0,592.0,254.0,1122.0,476.0
1.0,1613.0,889.0,857.0,69.0,2635.0,2635.0,600.0,257.0,620.0,269.0
1.0,793.0,107.0,844.0,1771.0,919.0,919.0,591.0,253.0,69.0,38.0
1.0,2457.0,76.0,820.0,2635.0,0.0,0.0,574.0,246.0,51.0,25.0
1.0,5016.0,820.0,812.0,919.0,0.0,0.0,568.0,244.0,576.0,244.0
1.0,5115.0,1570.0,827.0,0.0,0.0,0.0,579.0,248.0,1103.0,467.0
1.0,3545.0,1598.0,853.0,0.0,1465.0,1465.0,597.0,256.0,1122.0,476.0
1.0,1947.0,847.0,864.0,0.0,2356.0,2356.0,605.0,259.0,591.0,256.0
1.0,1100.0,118.0,850.0,1465.0,953.0,953.0,595.0,255.0,77.0,41.0
1.0,2447.0,162.0,827.0,2356.0,0.0,0.0,579.0,248.0,112.0,50.0
1.0,4641.0,902.0,819.0,953.0,0.0,0.0,573.0,246.0,633.0,269.0
1.0,4692.0,1618.0,835.0,0.0,266.0,266.0,584.0,251.0,1137.0,481.0
1.0,3074.0,1616.0,860.0,0.0,1982.0,1982.0,602.0,258.0,1135.0,481.0
1.0,1458.0,864.0,870.0,266.0,2620.0,2620.0,609.0,261.0,601.0,263.0
1.0,860.0,116.0,856.0,1982.0,698.0,698.0,599.0,257.0,75.0,41.0
1.0,2726.0,68.0,830.0,2620.0,0.0,0.0,581.0,249.0,44.0,24.0
1.0,5278.0,865.0,820.0,698.0,0.0,0.0,574.0,246.0,609.0,256.0
1.0,5111.0,1581.0,834.0,0.0,0.0,0.0,584.0,250.0,1113.0,468.0
1.0,3530.0,1596.0,860.0,0.0,1506.0,1506.0,602.0,258.0,1121.0,475.0
1.0,1934.0,858.0,871.0,0.0,2408.0,2408.0,610.0,261.0,599.0,259.0
1.0,1076.0,166.0,860.0,1506.0,1024.0,1024.0,602.0,258.0,111.0,55.0
1.0,2416.0,190.0,837.0,2408.0,0.0,0.0,586.0,251.0,128.0,62.0
1.0,4634.0,979.0,829.0,1024.0,0.0,0.0,580.0,249.0,685.0,294.0
1.0,4679.0,1665.0,843.0,0.0,358.0,358.0,590.0,253.0,1170.0,495.0
1.0,3014.0,1553.0,867.0,0.0,2007.0,2007.0,607.0,260.0,1092.0,461.0
1.0,1461.0,792.0,877.0,358.0,2481.0,2481.0,614.0,263.0,556.0,236.0
1.0,1027.0,109.0,864.0,2007.0,531.0,531.0,605.0,259.0,74.0,35.0
1.0,2925.0,207.0,843.0,2481.0,0.0,0.0,590.0,253.0,138.0,69.0
1.0,5199.0,1051.0,835.0,531.0,0.0,0.0,584.0,251.0,732.0,319.0
1.0,4679.0,1778.0,852.0,0.0,507.0,507.0,596.0,256.0,1247.0,531.0
1.0,2901.0,1598.0,876.0,0.0,2201.0,2201.0,613.0,263.0,1125.0,473.0
1.0,1303.0,746.0,885.0,507.0,2476.0,2476.0,620.0,265.0,527.0,219.0
1.0,1064.0,34.0,869.0,2201.0,245.0,245.0,608.0,261.0,22.0,12.0
1.0,3231.0,181.0,844.0,2476.0,0.0,0.0,591.0,253.0,120.0,61.0
1.0,5526.0,1089.0,838.0,245.0,0.0,0.0,586.0,252.0,756.0,333.0
1.0,4682.0,1830.0,856.0,0.0,572.0,572.0,599.0,257.0,1283.0,547.0
1.0,2852.0,1620.0,883.0,0.0,2300.0,2300.0,618.0,265.0,1142.0,478.0
1.0,1232.0,702.0,893.0,572.0,2470.0,2470.0,625.0,268.0,497.0,205.0
1.0,1102.0,0.0,877.0,2300.0,106.0,106.0,614.0,263.0,0.0,0.0
1.0,3402.0,167.0,853.0,2470.0,0.0,0.0,597.0,256.0,110.0,57.0
1.0,5705.0,1009.0,842.0,106.0,0.0,0.0,589.0,253.0,698.0,311.0
1.0,4802.0,1679.0,856.0,0.0,301.0,301.0,599.0,257.0,1174.0,505.0
1.0,3123.0,1615.0,883.0,0.0,2024.0,2024.0,618.0,265.0,1137.0,478.0
1.0,1508.0,789.0,897.0,301.0,2568.0,2568.0,628.0,269.0,560.0,229.0
1.0,1020.0,65.0,884.0,2024.0,557.0,557.0,619.0,265.0,48.0,17.0
1.0,2979.0,160.0,857.0,2568.0,0.0,0.0,600.0,257.0,107.0,53.0
1.0,5387.0,957.0,846.0,557.0,0.0,0.0,592.0,254.0,661.0,296.0
1.0,4987.0,1727.0,863.0,0.0,192.0,192.0,604.0,259.0,1206.0,521.0
1.0,3260.0,1614.0,891.0,0.0,1918.0,1918.0,624.0,267.0,1136.0,478.0
1.0,1646.0,758.0,903.0,192.0,2532.0,2532.0,632.0,271.0,538.0,220.0
1.0,1080.0,0.0,888.0,1918.0,554.0,554.0,622.0,266.0,0.0,0.0
1.0,2998.0,57.0,860.0,2532.0,0.0,0.0,602.0,258.0,34.0,23.0
1.0,5473.0,860.0,846.0,554.0,0.0,0.0,592.0,254.0,599.0,261.0
1.0,5167.0,1671.0,862.0,0.0,0.0,0.0,603.0,259.0,1171.0,500.0
1.0,3496.0,1705.0,893.0,0.0,1781.0,1781.0,625.0,268.0,1199.0,506.0
1.0,1791.0,869.0,907.0,0.0,2706.0,2706.0,635.0,272.0,611.0,258.0
1.0,922.0,47.0,893.0,1781.0,916.0,916.0,625.0,268.0,31.0,16.0
1.0,2656.0,82.0,864.0,2706.0,0.0,0.0,605.0,259.0,51.0,31.0
1.0,5280.0,884.0,850.0,916.0,0.0,0.0,595.0,255.0,614.0,270.0
1.0,5312.0,1685.0,866.0,0.0,0.0,0.0,606.0,260.0,1182.0,503.0
1.0,3627.0,1636.0,896.0,0.0,1593.0,1593.0,627.0,269.0,1151.0,485.0
1.0,1991.0,822.0,908.0,0.0,2463.0,2463.0,636.0,272.0,579.0,243.0
1.0,1169.0,69.0,893.0,1593.0,879.0,879.0,625.0,268.0,47.0,22.0
1.0,2693.0,133.0,863.0,2463.0,0.0,0.0,604.0,259.0,88.0,45.0
1.0,5023.0,968.0,852.0,879.0,0.0,0.0,596.0,256.0,674.0,294.0
1.0,4934.0,1765.0,869.0,0.0,307.0,307.0,608.0,261.0,1235.0,530.0
1.0,3169.0,1664.0,899.0,0.0,2091.0,2091.0,629.0,270.0,1168.0,496.0
1.0,1505.0,810.0,913.0,307.0,2650.0,2650.0,639.0,274.0,572.0,238.0
1.0,1002.0,50.0,897.0,2091.0,545.0,545.0,628.0,269.0,37.0,13.0
1.0,3043.0,138.0,869.0,2650.0,0.0,0.0,608.0,261.0,92.0,46.0
1.0,5555.0,1009.0,858.0,545.0,0.0,0.0,600.0,258.0,701.0,308.0
1.0,5091.0,1744.0,875.0,0.0,153.0,153.0,612.0,263.0,1220.0,524.0
1.0,3347.0,1621.0,903.0,0.0,1886.0,1886.0,632.0,271.0,1139.0,482.0
1.0,1726.0,720.0,913.0,153.0,2493.0,2493.0,639.0,274.0,509.0,211.0
1.0,1159.0,0.0,894.0,1886.0,531.0,531.0,626.0,268.0,0.0,0.0
1.0,3045.0,135.0,864.0,2493.0,0.0,0.0,605.0,259.0,92.0,43.0
1.0,5403.0,1004.0,854.0,531.0,0.0,0.0,598.0,256.0,700.0,304.0
1.0,4930.0,1759.0,873.0,0.0,321.0,321.0,611.0,262.0,1231.0,528.0
1.0,3171.0,1700.0,903.0,0.0,2141.0,2141.0,632.0,271.0,1191.0,509.0
1.0,1471.0,834.0,916.0,321.0,2706.0,2706.0,641.0,275.0,585.0,249.0
1.0,958.0,70.0,897.0,2141.0,559.0,559.0,628.0,269.0,49.0,21.0
1.0,3029.0,206.0,867.0,2706.0,0.0,0.0,607.0,260.0,143.0,63.0
1.0,5529.0,1084.0,857.0,559.0,0.0,0.0,600.0,257.0,759.0,325.0
1.0,5004.0,1772.0,876.0,0.0,272.0,272.0,613.0,263.0,1242.0,530.0
1.0,3232.0,1623.0,907.0,0.0,2019.0,2019.0,635.0,272.0,1135.0,488.0
1.0,1609.0,715.0,917.0,272.0,2502.0,2502.0,642.0,275.0,501.0,214.0
1.0,1166.0,67.0,897.0,2019.0,470.0,470.0,628.0,269.0,47.0,20.0
1.0,3118.0,285.0,868.0,2502.0,0.0,0.0,608.0,260.0,199.0,86.0
1.0,5335.0,1155.0,859.0,470.0,0.0,0.0,601.0,258.0,809.0,346.0
1.0,4650.0,1762.0,879.0,0.0,628.0,628.0,615.0,264.0,1233.0,529.0
1.0,2888.0,1551.0,909.0,0.0,2299.0,2299.0,636.0,273.0,1086.0,465.0
1.0,1337.0,740.0,920.0,628.0,2455.0,2455.0,644.0,276.0,517.0,223.0
1.0,1225.0,140.0,903.0,2299.0,228.0,228.0,632.0,271.0,98.0,42.0
1.0,3384.0,294.0,877.0,2455.0,0.0,0.0,614.0,263.0,208.0,86.0
1.0,5545.0,1049.0,866.0,228.0,0.0,0.0,606.0,260.0,735.0,314.0
1.0,4724.0,1746.0,884.0,0.0,558.0,558.0,619.0,265.0,1220.0,526.0
1.0,2978.0,1627.0,914.0,0.0,2305.0,2305.0,640.0,274.0,1137.0,490.0
1.0,1351.0,734.0,926.0,558.0,2529.0,2529.0,648.0,278.0,513.0,221.0
1.0,1175.0,1.0,907.0,2305.0,149.0,149.0,635.0,272.0,1.0,0.0
1.0,3479.0,136.0,877.0,2529.0,0.0,0.0,614.0,263.0,97.0,39.0
1.0,5872.0,1038.0,866.0,149.0,0.0,0.0,606.0,260.0,729.0,309.0
1.0,4983.0,1851.0,886.0,0.0,412.0,412.0,620.0,266.0,1295.0,556.0
1.0,3132.0,1774.0,920.0,0.0,2322.0,2322.0,644.0,276.0,1240.0,534.0
1.0,1358.0,805.0,934.0,412.0,2771.0,2771.0,654.0,280.0,561.0,244.0
1.0,965.0,0.0,918.0,2322.0,385.0,385.0,643.0,275.0,0.0,0.0
1.0,3287.0,63.0,887.0,2771.0,0.0,0.0,621.0,266.0,45.0,18.0
1.0,5995.0,956.0,873.0,385.0,0.0,0.0,611.0,262.0,670.0,286.0
1.0,5424.0,1885.0,893.0,0.0,33.0,33.0,625.0,268.0,1322.0,563.0
1.0,3539.0,1890.0,927.0,0.0,2059.0,2059.0,649.0,278.0,1323.0,567.0
1.0,1649.0,881.0,943.0,33.0,2971.0,2971.0,660.0,283.0,614.0,267.0
1.0,801.0,0.0,926.0,2059.0,844.0,844.0,648.0,278.0,0.0,0.0
1.0,2860.0,0.0,894.0,2971.0,0.0,0.0,626.0,268.0,0.0,0.0
1.0,5831.0,917.0,880.0,844.0,0.0,0.0,616.0,264.0,643.0,274.0
1.0,5758.0,1768.0,899.0,0.0,0.0,0.0,629.0,270.0,1239.0,529.0
1.0,3990.0,1787.0,931.0,0.0,1521.0,1521.0,652.0,279.0,1251.0,536.0
1.0,2203.0,944.0,947.0,0.0,2529.0,2529.0,663.0,284.0,661.0,283.0
1.0,1259.0,61.0,930.0,1521.0,1001.0,1001.0,651.0,279.0,43.0,18.0
1.0,2719.0,78.0,897.0,2529.0,0.0,0.0,628.0,269.0,52.0,26.0
1.0,5170.0,983.0,884.0,1001.0,0.0,0.0,619.0,265.0,688.0,295.0
1.0,5188.0,1834.0,903.0,0.0,258.0,258.0,632.0,271.0,1286.0,548.0
1.0,3354.0,1724.0,936.0,0.0,2114.0,2114.0,655.0,281.0,1208.0,516.0
1.0,1630.0,830.0,949.0,258.0,2738.0,2738.0,664.0,285.0,581.0,249.0
1.0,1058.0,4.0,930.0,2114.0,552.0,552.0,651.0,279.0,2.0,2.0
1.0,3168.0,94.0,898.0,2738.0,0.0,0.0,629.0,269.0,65.0,29.0
1.0,5812.0,1012.0,886.0,552.0,0.0,0.0,620.0,266.0,707.0,305.0
1.0,5352.0,1933.0,910.0,0.0,221.0,221.0,637.0,273.0,1352.0,581.0
1.0,3419.0,1882.0,946.0,0.0,2247.0,2247.0,662.0,284.0,1319.0,563.0
1.0,1537.0,934.0,961.0,221.0,3020.0,3020.0,673.0,288.0,655.0,279.0
1.0,824.0,0.0,942.0,2247.0,697.0,697.0,659.0,283.0,0.0,0.0
1.0,3071.0,0.0,908.0,3020.0,0.0,0.0,636.0,272.0,0.0,0.0
1.0,6091.0,921.0,893.0,697.0,0.0,0.0,625.0,268.0,646.0,275.0
1.0,5867.0,1901.0,914.0,0.0,0.0,0.0,640.0,274.0,1330.0,571.0
1.0,3966.0,1891.0,949.0,0.0,1721.0,1721.0,664.0,285.0,1323.0,568.0
1.0,2075.0,914.0,963.0,0.0,2691.0,2691.0,674.0,289.0,640.0,274.0
1.0,1161.0,54.0,943.0,1721.0,944.0,944.0,660.0,283.0,37.0,17.0
1.0,2828.0,57.0,910.0,2691.0,0.0,0.0,637.0,273.0,39.0,18.0
1.0,5462.0,988.0,897.0,944.0,0.0,0.0,628.0,269.0,693.0,295.0
1.0,5418.0,1841.0,919.0,0.0,99.0,99.0,643.0,276.0,1291.0,550.0
1.0,3577.0,1799.0,953.0,0.0,2034.0,2034.0,667.0,286.0,1260.0,539.0
1.0,1778.0,879.0,964.0,99.0,2858.0,2858.0,675.0,289.0,614.0,265.0
1.0,998.0,0.0,941.0,2034.0,732.0,732.0,659.0,282.0,0.0,0.0
1.0,3032.0,39.0,908.0,2858.0,0.0,0.0,636.0,272.0,26.0,13.0
1.0,5851.0,1027.0,898.0,732.0,0.0,0.0,629.0,269.0,719.0,308.0
1.0,5556.0,1942.0,921.0,0.0,70.0,70.0,645.0,276.0,1361.0,581.0
1.0,3614.0,1818.0,954.0,0.0,2020.0,2020.0,668.0,286.0,1273.0,545.0
1.0,1796.0,854.0,964.0,70.0,2844.0,2844.0,675.0,289.0,595.0,259.0
1.0,1012.0,0.0,944.0,2020.0,744.0,744.0,661.0,283.0,0.0,0.0
1.0,3032.0,0.0,910.0,2844.0,0.0,0.0,637.0,273.0,0.0,0.0
1.0,5876.0,847.0,896.0,744.0,0.0,0.0,627.0,269.0,594.0,253.0
1.0,5773.0,1764.0,916.0,0.0,0.0,0.0,641.0,275.0,1236.0,528.0
1.0,4009.0,1878.0,951.0,0.0,1673.0,1673.0,666.0,285.0,1313.0,565.0
1.0,2131.0,1051.0,969.0,0.0,2796.0,2796.0,678.0,291.0,734.0,317.0
1.0,1080.0,120.0,951.0,1673.0,1171.0,1171.0,666.0,285.0,85.0,35.0
1.0,2633.0,39.0,917.0,2796.0,0.0,0.0,642.0,275.0,30.0,9.0
1.0,5390.0,853.0,899.0,1171.0,0.0,0.0,629.0,270.0,599.0,254.0
1.0,5708.0,1716.0,917.0,0.0,0.0,0.0,642.0,275.0,1200.0,516.0
1.0,3992.0,1794.0,951.0,0.0,1606.0,1606.0,666.0,285.0,1251.0,543.0
1.0,2198.0,966.0,968.0,0.0,2640.0,2640.0,678.0,290.0,674.0,292.0
1.0,1232.0,87.0,952.0,1606.0,1057.0,1057.0,666.0,286.0,61.0,26.0
1.0,2751.0,0.0,916.0,2640.0,0.0,0.0,641.0,275.0,0.0,0.0
1.0,5391.0,888.0,896.0,1057.0,0.0,0.0,627.0,269.0,625.0,263.0
1.0,5560.0,1762.0,913.0,0.0,0.0,0.0,639.0,274.0,1237.0,525.0
1.0,3798.0,1788.0,947.0,0.0,1778.0,1778.0,663.0,284.0,1252.0,536.0
1.0,2010.0,1023.0,967.0,0.0,2881.0,2881.0,677.0,290.0,714.0,309.0
1.0,987.0,164.0,953.0,1778.0,1211.0,1211.0,667.0,286.0,112.0,52.0
1.0,2601.0,98.0,920.0,2881.0,0.0,0.0,644.0,276.0,66.0,32.0
1.0,5384.0,858.0,903.0,1211.0,0.0,0.0,632.0,271.0,601.0,257.0
1.0,5737.0,1756.0,918.0,0.0,0.0,0.0,643.0,275.0,1233.0,523.0
1.0,3981.0,1822.0,952.0,0.0,1649.0,1649.0,666.0,286.0,1279.0,543.0
1.0,2159.0,1030.0,970.0,0.0,2751.0,2751.0,679.0,291.0,721.0,309.0
1.0,1129.0,188.0,956.0,1649.0,1234.0,1234.0,669.0,287.0,126.0,62.0
1.0,2590.0,110.0,922.0,2751.0,0.0,0.0,645.0,277.0,71.0,39.0
1.0,5231.0,872.0,906.0,1234.0,0.0,0.0,634.0,272.0,611.0,261.0
1.0,5593.0,1765.0,923.0,0.0,0.0,0.0,646.0,277.0,1243.0,522.0
1.0,3828.0,1884.0,960.0,0.0,1896.0,1896.0,672.0,288.0,1324.0,560.0
1.0,1944.0,1073.0,978.0,0.0,3041.0,3041.0,685.0,293.0,749.0,324.0
1.0,871.0,242.0,964.0,1896.0,1331.0,1331.0,675.0,289.0,162.0,80.0
1.0,2525.0,73.0,927.0,3041.0,0.0,0.0,649.0,278.0,47.0,26.0
1.0,5493.0,754.0,906.0,1331.0,0.0,0.0,634.0,272.0,530.0,224.0
1.0,6070.0,1647.0,920.0,0.0,0.0,0.0,644.0,276.0,1159.0,488.0
1.0,4423.0,1881.0,956.0,0.0,1282.0,1282.0,669.0,287.0,1319.0,562.0
1.0,2542.0,1255.0,980.0,0.0,2633.0,2633.0,686.0,294.0,876.0,379.0
1.0,1287.0,278.0,967.0,1282.0,1577.0,1577.0,677.0,290.0,190.0,88.0
1.0,2291.0,21.0,932.0,2633.0,0.0,0.0,652.0,280.0,13.0,8.0
1.0,4903.0,727.0,909.0,1577.0,0.0,0.0,636.0,273.0,513.0,214.0
1.0,5753.0,1715.0,924.0,0.0,0.0,0.0,647.0,277.0,1205.0,510.0
1.0,4038.0,1950.0,961.0,0.0,1756.0,1756.0,673.0,288.0,1367.0,583.0
1.0,2088.0,1236.0,984.0,0.0,3084.0,3084.0,689.0,295.0,861.0,375.0
1.0,852.0,332.0,971.0,1756.0,1608.0,1608.0,680.0,291.0,227.0,105.0
1.0,2276.0,9.0,936.0,3084.0,0.0,0.0,655.0,281.0,5.0,4.0
1.0,5351.0,594.0,913.0,1608.0,0.0,0.0,639.0,274.0,420.0,174.0
1.0,6365.0,1539.0,926.0,0.0,0.0,0.0,648.0,278.0,1083.0,456.0
1.0,4826.0,1903.0,963.0,0.0,929.0,929.0,674.0,289.0,1335.0,568.0
1.0,2923.0,1327.0,987.0,0.0,2352.0,2352.0,691.0,296.0,923.0,404.0
1.0,1596.0,357.0,974.0,929.0,1728.0,1728.0,682.0,292.0,243.0,114.0
1.0,2168.0,0.0,937.0,2352.0,0.0,0.0,656.0,281.0,0.0,0.0
1.0,4520.0,579.0,913.0,1728.0,0.0,0.0,639.0,274.0,410.0,169.0
1.0,5669.0,1599.0,927.0,0.0,0.0,0.0,649.0,278.0,1125.0,474.0
1.0,4070.0,2032.0,966.0,0.0,1826.0,1826.0,676.0,290.0,1422.0,610.0
1.0,2038.0,1387.0,993.0,0.0,3321.0,3321.0,695.0,298.0,966.0,421.0
1.0,651.0,396.0,984.0,1826.0,1855.0,1855.0,689.0,295.0,272.0,124.0
1.0,2081.0,0.0,950.0,3321.0,0.0,0.0,665.0,285.0,0.0,0.0
1.0,5402.0,579.0,926.0,1855.0,0.0,0.0,648.0,278.0,411.0,168.0
1.0,6678.0,1603.0,936.0,0.0,0.0,0.0,655.0,281.0,1126.0,477.0
1.0,5075.0,2054.0,973.0,0.0,871.0,871.0,681.0,292.0,1437.0,617.0
1.0,3021.0,1438.0,1000.0,0.0,2417.0,2417.0,700.0,300.0,1002.0,436.0
1.0,1583.0,364.0,990.0,871.0,1870.0,1870.0,693.0,297.0,252.0,112.0
1.0,2090.0,0.0,957.0,2417.0,0.0,0.0,670.0,287.0,0.0,0.0
1.0,4507.0,435.0,931.0,1870.0,0.0,0.0,652.0,279.0,308.0,127.0
1.0,5942.0,1382.0,940.0,0.0,0.0,0.0,658.0,282.0,971.0,411.0
1.0,4560.0,1944.0,975.0,0.0,1284.0,1284.0,683.0,292.0,1362.0,582.0
1.0,2616.0,1573.0,1006.0,0.0,2981.0,2981.0,704.0,302.0,1098.0,475.0
1.0,1043.0,626.0,1000.0,1284.0,2299.0,2299.0,700.0,300.0,434.0,192.0
1.0,1701.0,8.0,967.0,2981.0,0.0,0.0,677.0,290.0,3.0,5.0
1.0,4674.0,283.0,938.0,2299.0,0.0,0.0,656.0,282.0,200.0,83.0
1.0,6690.0,1323.0,943.0,0.0,0.0,0.0,660.0,283.0,932.0,391.0
1.0,5367.0,2020.0,980.0,0.0,573.0,573.0,686.0,294.0,1418.0,602.0
1.0,3347.0,1703.0,1010.0,0.0,2396.0,2396.0,707.0,303.0,1191.0,512.0
1.0,1644.0,669.0,1007.0,573.0,2480.0,2480.0,705.0,302.0,462.0,207.0
1.0,1548.0,0.0,973.0,2396.0,0.0,0.0,681.0,292.0,0.0,0.0
1.0,3944.0,246.0,943.0,2480.0,0.0,0.0,660.0,283.0,173.0,73.0
1.0,6178.0,1209.0,946.0,0.0,0.0,0.0,662.0,284.0,847.0,362.0
1.0,4969.0,1976.0,980.0,0.0,927.0,927.0,686.0,294.0,1384.0,592.0
1.0,2993.0,1769.0,1013.0,0.0,2828.0,2828.0,709.0,304.0,1238.0,531.0
1.0,1224.0,753.0,1010.0,927.0,2642.0,2642.0,707.0,303.0,523.0,230.0
1.0,1398.0,8.0,976.0,2828.0,0.0,0.0,683.0,293.0,3.0,5.0
1.0,4218.0,236.0,945.0,2642.0,0.0,0.0,661.0,284.0,167.0,69.0
1.0,6624.0,1253.0,947.0,0.0,0.0,0.0,663.0,284.0,883.0,370.0
1.0,5371.0,2090.0,984.0,0.0,655.0,655.0,689.0,295.0,1467.0,623.0
1.0,3281.0,1845.0,1017.0,0.0,2632.0,2632.0,712.0,305.0,1288.0,557.0
1.0,1436.0,743.0,1017.0,655.0,2720.0,2720.0,712.0,305.0,514.0,229.0
1.0,1348.0,0.0,986.0,2632.0,0.0,0.0,690.0,296.0,0.0,0.0
1.0,3980.0,226.0,954.0,2720.0,0.0,0.0,668.0,286.0,161.0,65.0
1.0,6474.0,1213.0,953.0,0.0,0.0,0.0,667.0,286.0,851.0,362.0
1.0,5261.0,2048.0,987.0,0.0,735.0,735.0,691.0,296.0,1435.0,613.0
1.0,3213.0,1887.0,1023.0,0.0,2766.0,2766.0,716.0,307.0,1319.0,568.0
1.0,1326.0,914.0,1026.0,735.0,2957.0,2957.0,718.0,308.0,638.0,276.0
1.0,1147.0,88.0,996.0,2766.0,159.0,159.0,697.0,299.0,63.0,25.0
1.0,3825.0,195.0,962.0,2957.0,0.0,0.0,673.0,289.0,137.0,58.0
1.0,6587.0,1175.0,960.0,159.0,0.0,0.0,672.0,288.0,823.0,352.0
1.0,5571.0,2068.0,994.0,0.0,473.0,473.0,696.0,298.0,1449.0,619.0
1.0,3503.0,1870.0,1030.0,0.0,2487.0,2487.0,721.0,309.0,1308.0,562.0
1.0,1633.0,846.0,1034.0,473.0,2876.0,2876.0,724.0,310.0,591.0,255.0
1.0,1260.0,17.0,1005.0,2487.0,290.0,290.0,703.0,302.0,10.0,7.0
1.0,3730.0,167.0,972.0,2876.0,0.0,0.0,680.0,292.0,117.0,50.0
1.0,6439.0,1133.0,967.0,290.0,0.0,0.0,677.0,290.0,795.0,338.0
1.0,5596.0,1996.0,1000.0,0.0,400.0,400.0,700.0,300.0,1397.0,599.0
1.0,3600.0,1907.0,1036.0,0.0,2451.0,2451.0,725.0,311.0,1335.0,572.0
1.0,1693.0,878.0,1042.0,400.0,2953.0,2953.0,729.0,313.0,615.0,263.0
1.0,1215.0,0.0,1011.0,2451.0,378.0,378.0,708.0,303.0,0.0,0.0
1.0,3666.0,0.0,972.0,2953.0,0.0,0.0,680.0,292.0,0.0,0.0
1.0,6619.0,934.0,963.0,378.0,0.0,0.0,674.0,289.0,651.0,283.0
1.0,6063.0,1870.0,991.0,0.0,0.0,0.0,694.0,297.0,1308.0,562.0
1.0,4193.0,1909.0,1028.0,0.0,1828.0,1828.0,720.0,308.0,1338.0,571.0
1.0,2284.0,1075.0,1038.0,0.0,2943.0,2943.0,727.0,311.0,756.0,319.0
1.0,1209.0,188.0,1010.0,1828.0,1191.0,1191.0,707.0,303.0,133.0,55.0
1.0,2849.0,170.0,974.0,2943.0,0.0,0.0,682.0,292.0,114.0,56.0
1.0,5622.0,969.0,966.0,1191.0,0.0,0.0,676.0,290.0,672.0,297.0
1.0,5844.0,1871.0,994.0,0.0,3.0,3.0,696.0,298.0,1310.0,561.0
1.0,3973.0,1947.0,1032.0,0.0,2102.0,2102.0,722.0,310.0,1368.0,579.0
1.0,2026.0,1095.0,1044.0,3.0,3242.0,3242.0,731.0,313.0,774.0,321.0
1.0,934.0,134.0,1020.0,2102.0,1178.0,1178.0,714.0,306.0,96.0,38.0
1.0,2902.0,20.0,983.0,3242.0,0.0,0.0,688.0,295.0,9.0,11.0
1.0,6124.0,865.0,970.0,1178.0,0.0,0.0,679.0,291.0,598.0,267.0
1.0,6437.0,1875.0,994.0,0.0,0.0,0.0,696.0,298.0,1310.0,565.0
1.0,4562.0,2069.0,1034.0,0.0,1643.0,1643.0,724.0,310.0,1453.0,616.0
1.0,2493.0,1205.0,1051.0,0.0,2916.0,2916.0,736.0,315.0,849.0,356.0
1.0,1288.0,182.0,1030.0,1643.0,1371.0,1371.0,721.0,309.0,128.0,54.0
1.0,2749.0,0.0,990.0,2916.0,0.0,0.0,693.0,297.0,0.0,0.0
1.0,5665.0,798.0,973.0,1371.0,0.0,0.0,681.0,292.0,553.0,245.0
1.0,6238.0,1813.0,995.0,0.0,0.0,0.0,696.0,299.0,1265.0,548.0
1.0,4425.0,2022.0,1034.0,0.0,1733.0,1733.0,724.0,310.0,1417.0,605.0
1.0,2403.0,1261.0,1053.0,0.0,3070.0,3070.0,737.0,316.0,887.0,374.0
1.0,1142.0,260.0,1036.0,1733.0,1529.0,1529.0,725.0,311.0,186.0,74.0
1.0,2615.0,0.0,997.0,3070.0,0.0,0.0,698.0,299.0,0.0,0.0
1.0,5685.0,701.0,977.0,1529.0,0.0,0.0,684.0,293.0,485.0,216.0
1.0,6513.0,1782.0,997.0,0.0,0.0,0.0,698.0,299.0,1244.0,538.0
1.0,4731.0,2185.0,1039.0,0.0,1610.0,1610.0,727.0,312.0,1530.0,655.0
1.0,2546.0,1473.0,1063.0,0.0,3179.0,3179.0,744.0,319.0,1036.0,437.0
1.0,1073.0,383.0,1046.0,1610.0,1884.0,1884.0,732.0,314.0,271.0,112.0
1.0,2300.0,0.0,1006.0,3179.0,0.0,0.0,704.0,302.0,0.0,0.0
1.0,5479.0,667.0,983.0,1884.0,0.0,0.0,688.0,295.0,463.0,204.0
1.0,6696.0,1656.0,1000.0,0.0,0.0,0.0,700.0,300.0,1155.0,501.0
1.0,5040.0,2026.0,1039.0,0.0,1142.0,1142.0,727.0,312.0,1418.0,608.0
1.0,3014.0,1394.0,1061.0,0.0,2624.0,2624.0,743.0,318.0,980.0,414.0
1.0,1620.0,455.0,1047.0,1142.0,1881.0,1881.0,733.0,314.0,324.0,131.0
1.0,2307.0,98.0,1010.0,2624.0,0.0,0.0,707.0,303.0,70.0,28.0
1.0,4833.0,674.0,986.0,1881.0,0.0,0.0,690.0,296.0,468.0,206.0
1.0,6040.0,1669.0,1000.0,0.0,0.0,0.0,700.0,300.0,1163.0,506.0
1.0,4371.0,2075.0,1039.0,0.0,1860.0,1860.0,727.0,312.0,1448.0,627.0
1.0,2296.0,1543.0,1065.0,0.0,3507.0,3507.0,745.0,320.0,1083.0,460.0
1.0,753.0,579.0,1053.0,1860.0,2178.0,2178.0,737.0,316.0,413.0,166.0
1.0,2034.0,86.0,1015.0,3507.0,0.0,0.0,711.0,304.0,65.0,21.0
1.0,5455.0,599.0,991.0,2178.0,0.0,0.0,694.0,297.0,415.0,184.0
1.0,7034.0,1522.0,1004.0,0.0,0.0,0.0,703.0,301.0,1056.0,466.0
1.0,5512.0,2014.0,1042.0,0.0,670.0,670.0,729.0,313.0,1406.0,608.0
1.0,3498.0,1538.0,1069.0,0.0,2316.0,2316.0,748.0,321.0,1082.0,456.0
1.0,1960.0,572.0,1057.0,670.0,2170.0,2170.0,740.0,317.0,408.0,164.0
1.0,2058.0,65.0,1021.0,2316.0,0.0,0.0,715.0,306.0,48.0,17.0
1.0,4309.0,534.0,994.0,2170.0,0.0,0.0,696.0,298.0,369.0,165.0
1.0,5945.0,1550.0,1007.0,0.0,0.0,0.0,705.0,302.0,1080.0,470.0
1.0,4395.0,2080.0,1047.0,0.0,1873.0,1873.0,733.0,314.0,1455.0,625.0
1.0,2315.0,1602.0,1077.0,0.0,3595.0,3595.0,754.0,323.0,1124.0,478.0
1.0,713.0,636.0,1073.0,1873.0,2342.0,2342.0,751.0,322.0,448.0,188.0
1.0,1950.0,61.0,1037.0,3595.0,0.0,0.0,726.0,311.0,44.0,17.0
1.0,5484.0,437.0,1009.0,2342.0,0.0,0.0,706.0,303.0,304.0,133.0
1.0,7389.0,1477.0,1017.0,0.0,0.0,0.0,712.0,305.0,1029.0,448.0
1.0,5912.0,2134.0,1054.0,0.0,438.0,438.0,738.0,316.0,1492.0,642.0
1.0,3778.0,1620.0,1083.0,0.0,2174.0,2174.0,758.0,325.0,1139.0,481.0
1.0,2158.0,527.0,1074.0,438.0,2227.0,2227.0,752.0,322.0,374.0,153.0
1.0,2069.0,0.0,1038.0,2174.0,0.0,0.0,727.0,311.0,0.0,0.0
1.0,4243.0,425.0,1008.0,2227.0,0.0,0.0,706.0,302.0,294.0,131.0
1.0,6045.0,1499.0,1016.0,0.0,0.0,0.0,711.0,305.0,1044.0,455.0
1.0,4546.0,2148.0,1055.0,0.0,1822.0,1822.0,738.0,317.0,1503.0,645.0
1.0,2398.0,1669.0,1087.0,0.0,3619.0,3619.0,761.0,326.0,1173.0,496.0
1.0,729.0,535.0,1080.0,1822.0,2304.0,2304.0,756.0,324.0,378.0,157.0
1.0,2016.0,0.0,1044.0,3619.0,0.0,0.0,731.0,313.0,0.0,0.0
1.0,5635.0,351.0,1011.0,2304.0,0.0,0.0,708.0,303.0,242.0,109.0
1.0,7588.0,1459.0,1016.0,0.0,0.0,0.0,711.0,305.0,1016.0,443.0
1.0,6129.0,2176.0,1055.0,0.0,267.0,267.0,738.0,317.0,1523.0,653.0
1.0,3953.0,1730.0,1087.0,0.0,2125.0,2125.0,761.0,326.0,1216.0,514.0
1.0,2223.0,629.0,1084.0,267.0,2475.0,2475.0,759.0,325.0,447.0,182.0
1.0,1861.0,21.0,1050.0,2125.0,235.0,235.0,735.0,315.0,15.0,6.0
1.0,3965.0,418.0,1019.0,2475.0,0.0,0.0,713.0,306.0,286.0,132.0
1.0,6022.0,1427.0,1022.0,235.0,0.0,0.0,715.0,307.0,992.0,435.0
1.0,4830.0,2085.0,1057.0,0.0,1483.0,1483.0,740.0,317.0,1460.0,625.0
1.0,2745.0,1763.0,1092.0,0.0,3386.0,3386.0,764.0,328.0,1240.0,523.0
1.0,982.0,750.0,1093.0,1483.0,2657.0,2657.0,765.0,328.0,529.0,221.0
1.0,1715.0,47.0,1059.0,3386.0,0.0,0.0,741.0,318.0,34.0,13.0
1.0,5054.0,371.0,1024.0,2657.0,0.0,0.0,717.0,307.0,257.0,114.0
1.0,7340.0,1429.0,1023.0,0.0,0.0,0.0,716.0,307.0,995.0,434.0
1.0,5911.0,2131.0,1057.0,0.0,448.0,448.0,740.0,317.0,1491.0,640.0
1.0,3780.0,1786.0,1091.0,0.0,2370.0,2370.0,764.0,327.0,1253.0,533.0
1.0,1994.0,690.0,1091.0,448.0,2612.0,2612.0,764.0,327.0,488.0,202.0
1.0,1752.0,16.0,1060.0,2370.0,134.0,134.0,742.0,318.0,13.0,3.0
1.0,4106.0,467.0,1030.0,2612.0,0.0,0.0,721.0,309.0,322.0,145.0
1.0,6251.0,1558.0,1033.0,134.0,0.0,0.0,723.0,310.0,1085.0,473.0
1.0,4827.0,2184.0,1066.0,0.0,1621.0,1621.0,746.0,320.0,1528.0,656.0
1.0,2643.0,1712.0,1097.0,0.0,3457.0,3457.0,768.0,329.0,1204.0,508.0
1.0,931.0,682.0,1097.0,1621.0,2518.0,2518.0,768.0,329.0,482.0,200.0
1.0,1870.0,94.0,1067.0,3457.0,0.0,0.0,747.0,320.0,66.0,28.0
1.0,5233.0,445.0,1036.0,2518.0,0.0,0.0,725.0,311.0,306.0,139.0
1.0,7306.0,1421.0,1033.0,0.0,0.0,0.0,723.0,310.0,988.0,433.0
1.0,5885.0,1995.0,1060.0,0.0,350.0,350.0,742.0,318.0,1397.0,598.0
1.0,3890.0,1693.0,1092.0,0.0,2171.0,2171.0,764.0,328.0,1191.0,502.0
1.0,2197.0,744.0,1094.0,350.0,2573.0,2573.0,766.0,328.0,529.0,215.0
1.0,1803.0,152.0,1068.0,2171.0,450.0,450.0,748.0,320.0,107.0,45.0
1.0,3822.0,515.0,1040.0,2573.0,0.0,0.0,728.0,312.0,353.0,162.0
1.0,5880.0,1457.0,1037.0,450.0,0.0,0.0,726.0,311.0,1013.0,444.0
1.0,4873.0,2100.0,1067.0,0.0,1495.0,1495.0,747.0,320.0,1469.0,631.0
1.0,2773.0,1720.0,1099.0,0.0,3343.0,3343.0,769.0,330.0,1211.0,509.0
1.0,1053.0,719.0,1103.0,1495.0,2583.0,2583.0,772.0,331.0,511.0,208.0
1.0,1829.0,20.0,1073.0,3343.0,0.0,0.0,751.0,322.0,15.0,5.0
1.0,5152.0,401.0,1041.0,2583.0,0.0,0.0,729.0,312.0,274.0,127.0
1.0,7334.0,1440.0,1037.0,0.0,0.0,0.0,726.0,311.0,1000.0,440.0
1.0,5894.0,2079.0,1066.0,0.0,449.0,449.0,746.0,320.0,1454.0,625.0
1.0,3815.0,1641.0,1096.0,0.0,2210.0,2210.0,767.0,329.0,1154.0,487.0
1.0,2174.0,639.0,1100.0,449.0,2416.0,2416.0,770.0,330.0,455.0,184.0
1.0,1984.0,38.0,1072.0,2210.0,132.0,132.0,751.0,321.0,28.0,10.0
1.0,4156.0,509.0,1041.0,2416.0,0.0,0.0,729.0,312.0,351.0,158.0
1.0,6063.0,1607.0,1040.0,132.0,0.0,0.0,728.0,312.0,1118.0,489.0
1.0,4588.0,2159.0,1072.0,0.0,1859.0,1859.0,750.0,322.0,1510.0,649.0
1.0,2429.0,1629.0,1103.0,0.0,3612.0,3612.0,772.0,331.0,1147.0,482.0
1.0,800.0,538.0,1106.0,1859.0,2303.0,2303.0,774.0,332.0,382.0,156.0
1.0,2121.0,0.0,1077.0,3612.0,0.0,0.0,754.0,323.0,0.0,0.0
1.0,5733.0,538.0,1046.0,2303.0,0.0,0.0,732.0,314.0,371.0,167.0
1.0,7498.0,1577.0,1044.0,0.0,0.0,0.0,731.0,313.0,1098.0,479.0
1.0,5921.0,2181.0,1076.0,0.0,564.0,564.0,753.0,323.0,1526.0,655.0
1.0,3740.0,1654.0,1107.0,0.0,2342.0,2342.0,775.0,332.0,1163.0,491.0
1.0,2086.0,566.0,1111.0,564.0,2360.0,2360.0,778.0,333.0,403.0,163.0
1.0,2084.0,0.0,1084.0,2342.0,0.0,0.0,759.0,325.0,0.0,0.0
1.0,4426.0,434.0,1050.0,2360.0,0.0,0.0,735.0,315.0,297.0,137.0
1.0,6352.0,1445.0,1045.0,0.0,0.0,0.0,731.0,314.0,1005.0,440.0
1.0,4907.0,2142.0,1073.0,0.0,1527.0,1527.0,751.0,322.0,1501.0,641.0
1.0,2765.0,1788.0,1107.0,0.0,3451.0,3451.0,775.0,332.0,1260.0,528.0
1.0,977.0,841.0,1116.0,1527.0,2801.0,2801.0,781.0,335.0,595.0,246.0
1.0,1663.0,174.0,1091.0,3451.0,0.0,0.0,764.0,327.0,121.0,53.0
1.0,4940.0,497.0,1061.0,2801.0,0.0,0.0,743.0,318.0,339.0,158.0
1.0,7244.0,1426.0,1055.0,0.0,0.0,0.0,738.0,317.0,990.0,436.0
1.0,5818.0,2069.0,1080.0,0.0,571.0,571.0,756.0,324.0,1450.0,619.0
1.0,3749.0,1700.0,1112.0,0.0,2399.0,2399.0,778.0,334.0,1200.0,500.0
1.0,2049.0,785.0,1120.0,571.0,2645.0,2645.0,784.0,336.0,556.0,229.0
1.0,1835.0,176.0,1096.0,2399.0,326.0,326.0,767.0,329.0,120.0,56.0
1.0,4058.0,517.0,1064.0,2645.0,0.0,0.0,745.0,319.0,352.0,165.0
1.0,6186.0,1397.0,1057.0,326.0,0.0,0.0,740.0,317.0,971.0,426.0
1.0,5115.0,2048.0,1083.0,0.0,1265.0,1265.0,758.0,325.0,1439.0,609.0
1.0,3067.0,1791.0,1117.0,0.0,3192.0,3192.0,782.0,335.0,1263.0,528.0
1.0,1276.0,892.0,1126.0,1265.0,2855.0,2855.0,788.0,338.0,628.0,264.0
1.0,1649.0,236.0,1100.0,3192.0,0.0,0.0,770.0,330.0,161.0,75.0
1.0,4605.0,411.0,1066.0,2855.0,0.0,0.0,746.0,320.0,279.0,132.0
1.0,7049.0,1292.0,1058.0,0.0,0.0,0.0,740.0,318.0,901.0,391.0
1.0,5757.0,2002.0,1083.0,0.0,577.0,577.0,758.0,325.0,1407.0,595.0
1.0,3755.0,1812.0,1116.0,0.0,2521.0,2521.0,781.0,335.0,1276.0,536.0
1.0,1943.0,913.0,1125.0,577.0,2893.0,2893.0,788.0,337.0,642.0,271.0
1.0,1607.0,192.0,1101.0,2521.0,468.0,468.0,771.0,330.0,130.0,62.0
1.0,3936.0,473.0,1073.0,2893.0,0.0,0.0,751.0,322.0,323.0,150.0
1.0,6356.0,1407.0,1067.0,468.0,0.0,0.0,747.0,320.0,982.0,425.0
1.0,5417.0,2076.0,1093.0,0.0,1031.0,1031.0,765.0,328.0,1457.0,619.0
1.0,3341.0,1776.0,1124.0,0.0,2931.0,2931.0,787.0,337.0,1250.0,526.0
1.0,1565.0,860.0,1130.0,1031.0,2784.0,2784.0,791.0,339.0,606.0,254.0
1.0,1736.0,177.0,1106.0,2931.0,0.0,0.0,774.0,332.0,121.0,56.0
1.0,4490.0,436.0,1074.0,2784.0,0.0,0.0,752.0,322.0,297.0,139.0
1.0,6838.0,1357.0,1067.0,0.0,0.0,0.0,747.0,320.0,946.0,411.0
1.0,5481.0,2008.0,1092.0,0.0,895.0,895.0,764.0,328.0,1409.0,599.0
1.0,3473.0,1728.0,1124.0,0.0,2751.0,2751.0,787.0,337.0,1218.0,510.0
1.0,1745.0,897.0,1134.0,895.0,2793.0,2793.0,794.0,340.0,631.0,266.0
1.0,1743.0,329.0,1113.0,2751.0,287.0,287.0,779.0,334.0,226.0,103.0
1.0,4165.0,551.0,1083.0,2793.0,0.0,0.0,758.0,325.0,377.0,174.0
1.0,6407.0,1289.0,1076.0,287.0,0.0,0.0,753.0,323.0,899.0,390.0
1.0,5405.0,1866.0,1100.0,0.0,861.0,861.0,770.0,330.0,1313.0,553.0
1.0,3539.0,1673.0,1132.0,0.0,2662.0,2662.0,792.0,340.0,1178.0,495.0
1.0,1866.0,900.0,1139.0,861.0,2729.0,2729.0,797.0,342.0,633.0,267.0
1.0,1827.0,341.0,1114.0,2662.0,308.0,308.0,780.0,334.0,235.0,106.0
1.0,4148.0,596.0,1084.0,2729.0,0.0,0.0,759.0,325.0,409.0,187.0
1.0,6281.0,1365.0,1080.0,308.0,0.0,0.0,756.0,324.0,952.0,413.0
1.0,5224.0,1903.0,1106.0,0.0,1103.0,1103.0,774.0,332.0,1338.0,565.0
1.0,3321.0,1581.0,1136.0,0.0,2804.0,2804.0,795.0,341.0,1115.0,466.0
1.0,1740.0,792.0,1141.0,1103.0,2513.0,2513.0,799.0,342.0,558.0,234.0
1.0,2051.0,288.0,1117.0,2804.0,0.0,0.0,782.0,335.0,194.0,94.0
1.0,4567.0,588.0,1086.0,2513.0,0.0,0.0,760.0,326.0,403.0,185.0
1.0,6492.0,1439.0,1082.0,0.0,0.0,0.0,757.0,325.0,1005.0,434.0
1.0,5053.0,1971.0,1109.0,0.0,1354.0,1354.0,776.0,333.0,1386.0,585.0
1.0,3082.0,1690.0,1141.0,0.0,3172.0,3172.0,799.0,342.0,1191.0,499.0
1.0,1392.0,825.0,1148.0,1354.0,2671.0,2671.0,804.0,344.0,579.0,246.0
1.0,1921.0,274.0,1126.0,3172.0,0.0,0.0,788.0,338.0,185.0,89.0
1.0,4819.0,610.0,1097.0,2671.0,0.0,0.0,768.0,329.0,419.0,191.0
1.0,6880.0,1469.0,1090.0,0.0,0.0,0.0,763.0,327.0,1028.0,441.0
1.0,5411.0,1911.0,1112.0,0.0,948.0,948.0,778.0,334.0,1346.0,565.0
1.0,3500.0,1552.0,1137.0,0.0,2600.0,2600.0,796.0,341.0,1095.0,457.0
1.0,1948.0,807.0,1144.0,948.0,2487.0,2487.0,801.0,343.0,565.0,242.0
1.0,2089.0,447.0,1124.0,2600.0,254.0,254.0,787.0,337.0,303.0,144.0
1.0,4242.0,771.0,1100.0,2487.0,0.0,0.0,770.0,330.0,530.0,241.0
1.0,5958.0,1462.0,1095.0,254.0,0.0,0.0,766.0,329.0,1025.0,437.0
1.0,4750.0,1871.0,1116.0,0.0,1585.0,1585.0,781.0,335.0,1322.0,549.0
1.0,2879.0,1619.0,1144.0,0.0,3316.0,3316.0,801.0,343.0,1142.0,477.0
1.0,1260.0,888.0,1151.0,1585.0,2647.0,2647.0,806.0,345.0,618.0,270.0
1.0,1957.0,450.0,1133.0,3316.0,0.0,0.0,793.0,340.0,302.0,148.0
1.0,4823.0,731.0,1107.0,2647.0,0.0,0.0,775.0,332.0,502.0,229.0
1.0,6739.0,1398.0,1100.0,0.0,0.0,0.0,770.0,330.0,982.0,416.0
1.0,5341.0,1789.0,1117.0,0.0,916.0,916.0,782.0,335.0,1264.0,525.0
1.0,3552.0,1579.0,1143.0,0.0,2599.0,2599.0,800.0,343.0,1115.0,464.0
1.0,1973.0,930.0,1153.0,916.0,2653.0,2653.0,807.0,346.0,650.0,280.0
1.0,1959.0,522.0,1138.0,2599.0,516.0,516.0,797.0,341.0,353.0,169.0
1.0,4036.0,721.0,1113.0,2653.0,0.0,0.0,779.0,334.0,493.0,228.0
1.0,5968.0,1396.0,1105.0,516.0,0.0,0.0,773.0,332.0,979.0,417.0
1.0,5088.0,1774.0,1122.0,0.0,1174.0,1174.0,785.0,337.0,1255.0,519.0
1.0,3314.0,1589.0,1149.0,0.0,2871.0,2871.0,804.0,345.0,1122.0,467.0
1.0,1725.0,991.0,1158.0,1174.0,2724.0,2724.0,811.0,347.0,690.0,301.0
1.0,1908.0,605.0,1143.0,2871.0,398.0,398.0,800.0,343.0,411.0,194.0
1.0,4174.0,815.0,1119.0,2724.0,0.0,0.0,783.0,336.0,560.0,255.0
1.0,6083.0,1316.0,1110.0,398.0,0.0,0.0,777.0,333.0,923.0,393.0
1.0,5165.0,1641.0,1126.0,0.0,980.0,980.0,788.0,338.0,1161.0,480.0
1.0,3524.0,1446.0,1150.0,0.0,2522.0,2522.0,805.0,345.0,1023.0,423.0
1.0,2078.0,976.0,1160.0,980.0,2558.0,2558.0,812.0,348.0,683.0,293.0
1.0,2082.0,668.0,1147.0,2522.0,652.0,652.0,803.0,344.0,458.0,210.0
1.0,3936.0,860.0,1125.0,2558.0,0.0,0.0,787.0,338.0,590.0,270.0
1.0,5634.0,1396.0,1119.0,652.0,0.0,0.0,783.0,336.0,977.0,419.0
1.0,4890.0,1722.0,1134.0,0.0,1368.0,1368.0,794.0,340.0,1217.0,505.0
1.0,3168.0,1435.0,1156.0,0.0,2891.0,2891.0,809.0,347.0,1016.0,419.0
1.0,1733.0,853.0,1161.0,1368.0,2396.0,2396.0,813.0,348.0,597.0,256.0
1.0,2248.0,495.0,1146.0,2891.0,0.0,0.0,802.0,344.0,335.0,160.0
1.0,4644.0,810.0,1126.0,2396.0,0.0,0.0,788.0,338.0,554.0,256.0
1.0,6230.0,1499.0,1122.0,0.0,0.0,0.0,785.0,337.0,1049.0,450.0
1.0,4731.0,1873.0,1142.0,0.0,1710.0,1710.0,799.0,343.0,1322.0,551.0
1.0,2858.0,1490.0,1163.0,0.0,3284.0,3284.0,814.0,349.0,1054.0,436.0
1.0,1368.0,710.0,1165.0,1710.0,2292.0,2292.0,816.0,349.0,499.0,211.0
1.0,2368.0,384.0,1147.0,3284.0,0.0,0.0,803.0,344.0,258.0,126.0
1.0,5268.0,845.0,1126.0,2292.0,0.0,0.0,788.0,338.0,580.0,265.0
1.0,6715.0,1683.0,1128.0,0.0,0.0,0.0,789.0,339.0,1177.0,506.0
1.0,5032.0,1972.0,1151.0,0.0,1544.0,1544.0,805.0,346.0,1391.0,581.0
1.0,3060.0,1464.0,1174.0,0.0,3100.0,3100.0,822.0,352.0,1038.0,426.0
1.0,1596.0,640.0,1174.0,1544.0,2196.0,2196.0,822.0,352.0,449.0,191.0
1.0,2500.0,319.0,1153.0,3100.0,0.0,0.0,807.0,346.0,211.0,108.0
1.0,5281.0,796.0,1130.0,2196.0,0.0,0.0,791.0,339.0,544.0,252.0
1.0,6681.0,1569.0,1128.0,0.0,0.0,0.0,789.0,339.0,1100.0,469.0
1.0,5112.0,1968.0,1150.0,0.0,1456.0,1456.0,805.0,345.0,1391.0,577.0
1.0,3144.0,1597.0,1175.0,0.0,3153.0,3153.0,823.0,352.0,1131.0,466.0
1.0,1547.0,812.0,1179.0,1456.0,2525.0,2525.0,826.0,353.0,568.0,244.0
1.0,2191.0,414.0,1159.0,3153.0,0.0,0.0,811.0,348.0,275.0,139.0
1.0,4930.0,800.0,1138.0,2525.0,0.0,0.0,796.0,342.0,547.0,253.0
1.0,6655.0,1551.0,1138.0,0.0,0.0,0.0,796.0,342.0,1086.0,465.0
1.0,5104.0,1918.0,1159.0,0.0,1450.0,1450.0,811.0,348.0,1356.0,562.0
1.0,3186.0,1459.0,1178.0,0.0,2985.0,2985.0,825.0,353.0,1036.0,423.0
1.0,1727.0,699.0,1177.0,1450.0,2230.0,2230.0,824.0,353.0,491.0,208.0
1.0,2478.0,428.0,1157.0,2985.0,0.0,0.0,810.0,347.0,285.0,143.0
1.0,5035.0,969.0,1140.0,2230.0,0.0,0.0,798.0,342.0,663.0,306.0
1.0,6296.0,1690.0,1141.0,0.0,0.0,0.0,798.0,343.0,1181.0,509.0
1.0,4606.0,1887.0,1160.0,0.0,1921.0,1921.0,812.0,348.0,1334.0,553.0
1.0,2719.0,1384.0,1178.0,0.0,3377.0,3377.0,825.0,353.0,985.0,399.0
1.0,1335.0,663.0,1178.0,1921.0,2119.0,2119.0,825.0,353.0,467.0,196.0
1.0,2593.0,517.0,1160.0,3377.0,0.0,0.0,812.0,348.0,347.0,170.0
1.0,5453.0,1000.0,1145.0,2119.0,0.0,0.0,801.0,344.0,682.0,318.0
1.0,6572.0,1687.0,1147.0,0.0,0.0,0.0,802.0,345.0,1179.0,508.0
1.0,4885.0,1851.0,1165.0,0.0,1626.0,1626.0,815.0,350.0,1312.0,539.0
1.0,3034.0,1310.0,1180.0,0.0,2996.0,2996.0,826.0,354.0,935.0,375.0
1.0,1724.0,692.0,1179.0,1626.0,2058.0,2058.0,826.0,353.0,487.0,205.0
1.0,2658.0,592.0,1164.0,2996.0,0.0,0.0,815.0,349.0,396.0,196.0
1.0,5062.0,1122.0,1152.0,2058.0,0.0,0.0,806.0,346.0,767.0,355.0
1.0,5998.0,1702.0,1154.0,0.0,320.0,320.0,807.0,347.0,1190.0,512.0
1.0,4296.0,1786.0,1169.0,0.0,2166.0,2166.0,818.0,351.0,1268.0,518.0
1.0,2510.0,1250.0,1181.0,320.0,3144.0,3144.0,827.0,354.0,893.0,357.0
1.0,1580.0,671.0,1179.0,2166.0,1641.0,1641.0,826.0,353.0,471.0,200.0
1.0,3075.0,622.0,1165.0,3144.0,0.0,0.0,816.0,349.0,417.0,205.0
1.0,5597.0,1132.0,1155.0,1641.0,0.0,0.0,808.0,347.0,773.0,359.0
1.0,6106.0,1639.0,1159.0,0.0,169.0,169.0,811.0,348.0,1146.0,493.0
1.0,4467.0,1729.0,1173.0,0.0,1954.0,1954.0,821.0,352.0,1230.0,499.0
1.0,2738.0,1285.0,1185.0,169.0,3118.0,3118.0,830.0,355.0,922.0,363.0
1.0,1622.0,788.0,1184.0,1954.0,1948.0,1948.0,829.0,355.0,553.0,235.0
1.0,2788.0,682.0,1170.0,3118.0,0.0,0.0,819.0,351.0,455.0,227.0
1.0,5224.0,1099.0,1158.0,1948.0,0.0,0.0,810.0,348.0,747.0,352.0
1.0,6073.0,1601.0,1161.0,0.0,172.0,172.0,812.0,349.0,1122.0,479.0
1.0,4472.0,1682.0,1177.0,0.0,1918.0,1918.0,824.0,353.0,1201.0,481.0
1.0,2790.0,1208.0,1191.0,172.0,3010.0,3010.0,834.0,357.0,866.0,342.0
1.0,1754.0,658.0,1188.0,1918.0,1738.0,1738.0,832.0,356.0,456.0,202.0
1.0,3014.0,565.0,1170.0,3010.0,0.0,0.0,819.0,351.0,373.0,192.0
1.0,5459.0,1060.0,1155.0,1738.0,0.0,0.0,808.0,347.0,723.0,337.0
1.0,6137.0,1713.0,1159.0,0.0,212.0,212.0,811.0,348.0,1202.0,511.0
1.0,4424.0,1803.0,1180.0,0.0,2099.0,2099.0,826.0,354.0,1284.0,519.0
1.0,2621.0,1221.0,1196.0,212.0,3172.0,3172.0,838.0,358.0,874.0,347.0
1.0,1612.0,594.0,1191.0,2099.0,1647.0,1647.0,834.0,357.0,413.0,181.0
1.0,3117.0,539.0,1170.0,3172.0,0.0,0.0,819.0,351.0,354.0,185.0
1.0,5750.0,1095.0,1152.0,1647.0,0.0,0.0,806.0,346.0,747.0,348.0
1.0,6302.0,1718.0,1157.0,0.0,44.0,44.0,809.0,348.0,1205.0,513.0
1.0,4584.0,1851.0,1180.0,0.0,1987.0,1987.0,826.0,354.0,1320.0,531.0
1.0,2733.0,1336.0,1201.0,44.0,3363.0,3363.0,841.0,360.0,957.0,379.0
1.0,1441.0,579.0,1196.0,1987.0,1935.0,1935.0,838.0,358.0,403.0,176.0
1.0,2849.0,408.0,1174.0,3363.0,0.0,0.0,822.0,352.0,260.0,148.0
1.0,5804.0,1046.0,1156.0,1935.0,0.0,0.0,809.0,347.0,709.0,337.0
1.0,6693.0,1817.0,1160.0,0.0,0.0,0.0,811.0,349.0,1274.0,543.0
1.0,4876.0,2035.0,1183.0,0.0,1891.0,1891.0,828.0,355.0,1451.0,584.0
1.0,2841.0,1443.0,1203.0,0.0,3414.0,3414.0,843.0,360.0,1036.0,407.0
1.0,1398.0,602.0,1199.0,1891.0,2109.0,2109.0,840.0,359.0,421.0,181.0
1.0,2687.0,353.0,1177.0,3414.0,0.0,0.0,824.0,353.0,218.0,135.0
1.0,5748.0,992.0,1159.0,2109.0,0.0,0.0,811.0,348.0,667.0,325.0
1.0,6865.0,1890.0,1167.0,0.0,0.0,0.0,816.0,351.0,1324.0,566.0
1.0,4975.0,2116.0,1195.0,0.0,1921.0,1921.0,836.0,359.0,1511.0,605.0
1.0,2859.0,1453.0,1214.0,0.0,3450.0,3450.0,850.0,364.0,1046.0,407.0
1.0,1406.0,612.0,1207.0,1921.0,2113.0,2113.0,846.0,361.0,426.0,186.0
1.0,2715.0,379.0,1182.0,3450.0,0.0,0.0,828.0,354.0,234.0,145.0
1.0,5786.0,1005.0,1165.0,2113.0,0.0,0.0,815.0,350.0,676.0,329.0
1.0,6894.0,1891.0,1174.0,0.0,0.0,0.0,821.0,353.0,1326.0,565.0
1.0,5003.0,2146.0,1203.0,0.0,1955.0,1955.0,842.0,361.0,1534.0,612.0
1.0,2857.0,1482.0,1222.0,0.0,3513.0,3513.0,856.0,366.0,1067.0,415.0
1.0,1375.0,591.0,1214.0,1955.0,2117.0,2117.0,851.0,363.0,410.0,181.0
1.0,2739.0,326.0,1188.0,3513.0,0.0,0.0,832.0,356.0,195.0,131.0
1.0,5926.0,970.0,1171.0,2117.0,0.0,0.0,819.0,352.0,651.0,319.0
1.0,7073.0,1878.0,1181.0,0.0,0.0,0.0,826.0,355.0,1318.0,560.0
1.0,5195.0,2120.0,1209.0,0.0,1761.0,1761.0,846.0,363.0,1515.0,605.0
1.0,3075.0,1478.0,1226.0,0.0,3307.0,3307.0,859.0,367.0,1062.0,416.0
1.0,1597.0,598.0,1216.0,1761.0,2104.0,2104.0,852.0,364.0,416.0,182.0
1.0,2760.0,331.0,1190.0,3307.0,0.0,0.0,833.0,357.0,202.0,129.0
1.0,5736.0,974.0,1174.0,2104.0,0.0,0.0,821.0,353.0,656.0,318.0
1.0,6866.0,1886.0,1187.0,0.0,0.0,0.0,830.0,357.0,1321.0,565.0
1.0,4980.0,2163.0,1215.0,0.0,2043.0,2043.0,850.0,365.0,1542.0,621.0
1.0,2817.0,1366.0,1229.0,0.0,3465.0,3465.0,861.0,368.0,985.0,381.0
1.0,1451.0,367.0,1214.0,2043.0,1729.0,1729.0,851.0,363.0,258.0,109.0
1.0,3127.0,275.0,1188.0,3465.0,0.0,0.0,832.0,356.0,163.0,112.0
1.0,6317.0,1146.0,1178.0,1729.0,0.0,0.0,824.0,354.0,773.0,373.0
1.0,6900.0,2074.0,1193.0,0.0,0.0,0.0,834.0,359.0,1452.0,622.0
1.0,4826.0,2198.0,1219.0,0.0,2248.0,2248.0,853.0,366.0,1565.0,633.0
1.0,2628.0,1360.0,1232.0,0.0,3660.0,3660.0,863.0,369.0,979.0,381.0
1.0,1268.0,350.0,1219.0,2248.0,1710.0,1710.0,854.0,365.0,246.0,104.0
1.0,3166.0,201.0,1191.0,3660.0,0.0,0.0,834.0,357.0,115.0,86.0
1.0,6625.0,1061.0,1179.0,1710.0,0.0,0.0,825.0,354.0,717.0,344.0
1.0,7274.0,2099.0,1197.0,0.0,0.0,0.0,837.0,360.0,1468.0,631.0
1.0,5175.0,2271.0,1228.0,0.0,2008.0,2008.0,859.0,369.0,1615.0,656.0
1.0,2904.0,1332.0,1242.0,0.0,3396.0,3396.0,870.0,372.0,960.0,372.0
1.0,1572.0,363.0,1229.0,2008.0,1699.0,1699.0,861.0,368.0,256.0,107.0
1.0,3217.0,153.0,1199.0,3396.0,0.0,0.0,840.0,359.0,80.0,73.0
1.0,6460.0,973.0,1182.0,1699.0,0.0,0.0,827.0,355.0,652.0,321.0
1.0,7186.0,2036.0,1199.0,0.0,0.0,0.0,838.0,361.0,1424.0,612.0
1.0,5150.0,2268.0,1231.0,0.0,2042.0,2042.0,861.0,370.0,1613.0,655.0
1.0,2882.0,1432.0,1248.0,0.0,3542.0,3542.0,874.0,374.0,1030.0,402.0
1.0,1450.0,313.0,1233.0,2042.0,1753.0,1753.0,864.0,369.0,221.0,92.0
1.0,3179.0,149.0,1202.0,3542.0,0.0,0.0,842.0,360.0,80.0,69.0
1.0,6572.0,1075.0,1188.0,1753.0,0.0,0.0,831.0,357.0,726.0,349.0
1.0,7250.0,2132.0,1203.0,0.0,0.0,0.0,841.0,362.0,1490.0,642.0
1.0,5118.0,2305.0,1236.0,0.0,2131.0,2131.0,865.0,371.0,1637.0,668.0
1.0,2813.0,1340.0,1254.0,0.0,3543.0,3543.0,878.0,376.0,964.0,376.0
1.0,1473.0,205.0,1238.0,2131.0,1553.0,1553.0,868.0,370.0,146.0,59.0
1.0,3399.0,64.0,1204.0,3543.0,0.0,0.0,843.0,361.0,21.0,43.0
1.0,6878.0,1122.0,1187.0,1553.0,0.0,0.0,830.0,357.0,759.0,363.0
1.0,7309.0,2298.0,1203.0,0.0,0.0,0.0,841.0,362.0,1606.0,692.0
1.0,5011.0,2350.0,1237.0,0.0,2287.0,2287.0,865.0,372.0,1669.0,681.0
1.0,2661.0,1222.0,1254.0,0.0,3577.0,3577.0,878.0,376.0,882.0,340.0
1.0,1439.0,57.0,1236.0,2287.0,1275.0,1275.0,866.0,370.0,41.0,16.0
1.0,3669.0,119.0,1202.0,3577.0,0.0,0.0,842.0,360.0,59.0,60.0
1.0,7127.0,1266.0,1185.0,1275.0,0.0,0.0,829.0,356.0,861.0,405.0
1.0,7136.0,2400.0,1203.0,0.0,76.0,76.0,841.0,362.0,1679.0,721.0
1.0,4736.0,2391.0,1238.0,0.0,2607.0,2607.0,866.0,372.0,1698.0,693.0
1.0,2345.0,1234.0,1254.0,76.0,3829.0,3829.0,878.0,376.0,889.0,345.0
1.0,1187.0,141.0,1237.0,2607.0,1295.0,1295.0,867.0,370.0,98.0,43.0
1.0,3653.0,163.0,1204.0,3829.0,0.0,0.0,843.0,361.0,88.0,75.0
1.0,7319.0,1318.0,1188.0,1295.0,0.0,0.0,831.0,357.0,897.0,421.0
1.0,7296.0,2419.0,1206.0,0.0,0.0,0.0,843.0,363.0,1695.0,724.0
1.0,4877.0,2335.0,1239.0,0.0,2414.0,2414.0,867.0,372.0,1662.0,673.0
1.0,2542.0,1119.0,1255.0,0.0,3597.0,3597.0,879.0,376.0,809.0,310.0
1.0,1423.0,70.0,1237.0,2414.0,1181.0,1181.0,867.0,370.0,47.0,23.0
1.0,3767.0,188.0,1205.0,3597.0,0.0,0.0,844.0,361.0,104.0,84.0
1.0,7176.0,1395.0,1191.0,1181.0,0.0,0.0,833.0,358.0,949.0,446.0
1.0,6962.0,2491.0,1210.0,0.0,369.0,369.0,846.0,364.0,1745.0,746.0
1.0,4471.0,2344.0,1244.0,0.0,2849.0,2849.0,870.0,374.0,1670.0,674.0
1.0,2127.0,1163.0,1261.0,369.0,3711.0,3711.0,883.0,378.0,843.0,320.0
1.0,1333.0,69.0,1243.0,2849.0,859.0,859.0,871.0,372.0,45.0,24.0
1.0,4113.0,167.0,1210.0,3711.0,0.0,0.0,847.0,363.0,86.0,81.0
1.0,7657.0,1356.0,1194.0,859.0,0.0,0.0,835.0,359.0,922.0,434.0
1.0,7160.0,2465.0,1216.0,0.0,169.0,169.0,850.0,366.0,1729.0,736.0
1.0,4695.0,2339.0,1254.0,0.0,2660.0,2660.0,877.0,377.0,1669.0,670.0
1.0,2356.0,1170.0,1271.0,169.0,3729.0,3729.0,890.0,381.0,847.0,323.0
1.0,1355.0,82.0,1250.0,2660.0,1067.0,1067.0,876.0,374.0,54.0,28.0
1.0,3933.0,180.0,1214.0,3729.0,0.0,0.0,850.0,364.0,93.0,87.0
1.0,7482.0,1307.0,1197.0,1067.0,0.0,0.0,837.0,360.0,888.0,419.0
1.0,7242.0,2350.0,1216.0,0.0,0.0,0.0,850.0,366.0,1650.0,700.0
1.0,4892.0,2294.0,1253.0,0.0,2414.0,2414.0,877.0,376.0,1636.0,658.0
1.0,2598.0,1262.0,1273.0,0.0,3756.0,3756.0,892.0,381.0,911.0,351.0
1.0,1336.0,262.0,1258.0,2414.0,1544.0,1544.0,882.0,376.0,179.0,83.0
1.0,3488.0,240.0,1222.0,3756.0,0.0,0.0,856.0,366.0,136.0,104.0
1.0,7004.0,1302.0,1204.0,1544.0,0.0,0.0,842.0,362.0,885.0,417.0
1.0,7246.0,2309.0,1223.0,0.0,0.0,0.0,855.0,368.0,1620.0,689.0
1.0,4937.0,2221.0,1258.0,0.0,2316.0,2316.0,880.0,378.0,1586.0,635.0
1.0,2716.0,1214.0,1279.0,0.0,3614.0,3614.0,896.0,383.0,877.0,337.0
1.0,1502.0,259.0,1264.0,2316.0,1497.0,1497.0,886.0,378.0,176.0,83.0
1.0,3559.0,257.0,1231.0,3614.0,0.0,0.0,862.0,369.0,147.0,110.0
1.0,6916.0,1306.0,1212.0,1497.0,0.0,0.0,848.0,364.0,889.0,417.0
1.0,7107.0,2285.0,1229.0,0.0,94.0,94.0,859.0,370.0,1607.0,678.0
1.0,4822.0,2257.0,1266.0,0.0,2499.0,2499.0,886.0,380.0,1612.0,645.0
1.0,2565.0,1234.0,1287.0,94.0,3723.0,3723.0,901.0,386.0,888.0,346.0
1.0,1425.0,228.0,1270.0,2499.0,1384.0,1384.0,890.0,380.0,152.0,76.0
1.0,3696.0,305.0,1235.0,3723.0,0.0,0.0,865.0,370.0,180.0,125.0
1.0,7114.0,1263.0,1215.0,1384.0,0.0,0.0,850.0,365.0,861.0,402.0
1.0,7235.0,2228.0,1233.0,0.0,0.0,0.0,862.0,371.0,1568.0,660.0
1.0,5007.0,2290.0,1272.0,0.0,2371.0,2371.0,890.0,382.0,1634.0,656.0
1.0,2717.0,1329.0,1297.0,0.0,3800.0,3800.0,908.0,389.0,954.0,375.0
1.0,1388.0,308.0,1281.0,2371.0,1673.0,1673.0,898.0,383.0,208.0,100.0
1.0,3451.0,222.0,1241.0,3800.0,0.0,0.0,869.0,372.0,124.0,98.0
1.0,7029.0,1166.0,1218.0,1673.0,0.0,0.0,852.0,366.0,791.0,375.0
1.0,7536.0,2195.0,1237.0,0.0,0.0,0.0,865.0,372.0,1544.0,651.0
1.0,5341.0,2317.0,1281.0,0.0,2100.0,2100.0,896.0,385.0,1653.0,664.0
1.0,3024.0,1426.0,1306.0,0.0,3626.0,3626.0,915.0,391.0,1022.0,404.0
1.0,1598.0,501.0,1291.0,2100.0,1967.0,1967.0,905.0,386.0,344.0,157.0
1.0,3197.0,351.0,1251.0,3626.0,0.0,0.0,876.0,375.0,215.0,136.0
1.0,6472.0,1093.0,1227.0,1967.0,0.0,0.0,858.0,369.0,741.0,352.0
1.0,7346.0,2029.0,1242.0,0.0,0.0,0.0,868.0,374.0,1427.0,602.0
1.0,5317.0,2187.0,1282.0,0.0,1998.0,1998.0,897.0,385.0,1562.0,625.0
1.0,3130.0,1472.0,1306.0,0.0,3566.0,3566.0,915.0,391.0,1056.0,416.0
1.0,1658.0,543.0,1292.0,1998.0,2055.0,2055.0,905.0,387.0,373.0,170.0
1.0,3113.0,367.0,1252.0,3566.0,0.0,0.0,877.0,375.0,225.0,142.0
1.0,6312.0,1106.0,1228.0,2055.0,0.0,0.0,859.0,369.0,749.0,357.0
1.0,7261.0,2064.0,1247.0,0.0,0.0,0.0,872.0,375.0,1451.0,613.0
1.0,5197.0,2237.0,1288.0,0.0,2192.0,2192.0,901.0,387.0,1597.0,640.0
1.0,2960.0,1442.0,1312.0,0.0,3730.0,3730.0,919.0,393.0,1034.0,408.0
1.0,1518.0,489.0,1296.0,2192.0,1963.0,1963.0,908.0,388.0,336.0,153.0
1.0,3221.0,385.0,1255.0,3730.0,0.0,0.0,879.0,376.0,237.0,148.0
1.0,6566.0,1180.0,1232.0,1963.0,0.0,0.0,862.0,370.0,800.0,380.0
1.0,7349.0,2109.0,1250.0,0.0,0.0,0.0,874.0,376.0,1483.0,626.0
1.0,5240.0,2223.0,1292.0,0.0,2151.0,2151.0,904.0,388.0,1590.0,633.0
1.0,3017.0,1354.0,1315.0,0.0,3597.0,3597.0,921.0,394.0,975.0,379.0
1.0,1663.0,481.0,1297.0,2151.0,1855.0,1855.0,909.0,388.0,328.0,153.0
1.0,3333.0,428.0,1258.0,3597.0,0.0,0.0,881.0,377.0,264.0,164.0
1.0,6502.0,1237.0,1237.0,1855.0,0.0,0.0,865.0,372.0,840.0,397.0
1.0,7120.0,2056.0,1255.0,0.0,0.0,0.0,877.0,378.0,1449.0,607.0
1.0,5064.0,2085.0,1293.0,0.0,2193.0,2193.0,905.0,388.0,1495.0,590.0
1.0,2979.0,1342.0,1315.0,0.0,3623.0,3623.0,921.0,394.0,965.0,377.0
1.0,1637.0,500.0,1300.0,2193.0,1870.0,1870.0,911.0,389.0,341.0,159.0
1.0,3330.0,463.0,1264.0,3623.0,0.0,0.0,885.0,379.0,288.0,175.0
1.0,6490.0,1268.0,1244.0,1870.0,0.0,0.0,870.0,374.0,862.0,406.0
1.0,7092.0,2041.0,1259.0,0.0,0.0,0.0,880.0,379.0,1438.0,603.0
1.0,5051.0,2150.0,1295.0,0.0,2279.0,2279.0,906.0,389.0,1541.0,609.0
1.0,2901.0,1444.0,1318.0,0.0,3815.0,3815.0,923.0,395.0,1036.0,408.0
1.0,1457.0,578.0,1304.0,2279.0,2058.0,2058.0,914.0,390.0,397.0,181.0
1.0,3158.0,412.0,1268.0,3815.0,0.0,0.0,888.0,380.0,253.0,159.0
1.0,6561.0,1045.0,1245.0,2058.0,0.0,0.0,871.0,374.0,704.0,341.0
1.0,7574.0,1935.0,1259.0,0.0,0.0,0.0,880.0,379.0,1362.0,573.0
1.0,5639.0,2130.0,1295.0,0.0,1671.0,1671.0,906.0,389.0,1526.0,604.0
1.0,3509.0,1442.0,1318.0,0.0,3205.0,3205.0,923.0,395.0,1037.0,405.0
1.0,2067.0,586.0,1304.0,1671.0,2064.0,2064.0,914.0,390.0,403.0,183.0
1.0,3152.0,427.0,1268.0,3205.0,0.0,0.0,888.0,380.0,265.0,162.0
1.0,5930.0,1141.0,1247.0,2064.0,0.0,0.0,872.0,375.0,772.0,369.0
1.0,6853.0,2032.0,1262.0,0.0,227.0,227.0,882.0,380.0,1431.0,601.0
1.0,4821.0,2201.0,1300.0,0.0,2580.0,2580.0,910.0,390.0,1573.0,628.0
1.0,2620.0,1465.0,1322.0,227.0,3906.0,3906.0,926.0,396.0,1049.0,416.0
1.0,1382.0,562.0,1309.0,2580.0,1836.0,1836.0,917.0,392.0,387.0,175.0
1.0,3400.0,336.0,1272.0,3906.0,0.0,0.0,891.0,381.0,204.0,132.0
1.0,6970.0,1142.0,1251.0,1836.0,0.0,0.0,875.0,376.0,776.0,366.0
1.0,7664.0,2101.0,1266.0,0.0,0.0,0.0,885.0,381.0,1476.0,625.0
1.0,5563.0,2243.0,1302.0,0.0,1888.0,1888.0,911.0,391.0,1600.0,643.0
1.0,3320.0,1456.0,1326.0,0.0,3440.0,3440.0,929.0,397.0,1045.0,411.0
1.0,1864.0,560.0,1314.0,1888.0,2064.0,2064.0,921.0,393.0,386.0,174.0
1.0,3192.0,374.0,1280.0,3440.0,0.0,0.0,896.0,384.0,230.0,144.0
1.0,6258.0,1135.0,1257.0,2064.0,0.0,0.0,879.0,378.0,770.0,365.0
1.0,7187.0,2053.0,1269.0,0.0,0.0,0.0,887.0,382.0,1443.0,610.0
1.0,5134.0,2244.0,1302.0,0.0,2318.0,2318.0,911.0,391.0,1601.0,643.0
1.0,2890.0,1483.0,1325.0,0.0,3893.0,3893.0,928.0,397.0,1062.0,421.0
1.0,1407.0,577.0,1314.0,2318.0,2108.0,2108.0,921.0,393.0,399.0,178.0
1.0,3148.0,377.0,1282.0,3893.0,0.0,0.0,898.0,384.0,235.0,142.0
1.0,6664.0,1114.0,1262.0,2108.0,0.0,0.0,883.0,379.0,757.0,357.0
1.0,7658.0,2087.0,1273.0,0.0,0.0,0.0,890.0,383.0,1464.0,623.0
1.0,5571.0,2344.0,1308.0,0.0,2005.0,2005.0,915.0,393.0,1669.0,675.0
1.0,3227.0,1551.0,1331.0,0.0,3648.0,3648.0,932.0,399.0,1111.0,440.0
1.0,1676.0,520.0,1320.0,2005.0,2119.0,2119.0,925.0,395.0,361.0,159.0
1.0,3161.0,289.0,1285.0,3648.0,0.0,0.0,900.0,385.0,174.0,115.0
1.0,6520.0,1144.0,1265.0,2119.0,0.0,0.0,885.0,380.0,775.0,369.0
1.0,7495.0,2209.0,1280.0,0.0,0.0,0.0,895.0,385.0,1550.0,659.0
1.0,5286.0,2399.0,1316.0,0.0,2377.0,2377.0,921.0,395.0,1706.0,693.0
1.0,2887.0,1493.0,1338.0,0.0,3958.0,3958.0,937.0,401.0,1068.0,425.0
1.0,1394.0,445.0,1323.0,2377.0,1966.0,1966.0,927.0,396.0,309.0,136.0
1.0,3326.0,291.0,1288.0,3958.0,0.0,0.0,902.0,386.0,178.0,113.0
1.0,6993.0,1152.0,1268.0,1966.0,0.0,0.0,887.0,381.0,783.0,369.0
1.0,7807.0,2199.0,1284.0,0.0,0.0,0.0,898.0,386.0,1540.0,659.0
1.0,5608.0,2336.0,1319.0,0.0,2004.0,2004.0,923.0,396.0,1662.0,674.0
1.0,3272.0,1481.0,1340.0,0.0,3569.0,3569.0,939.0,401.0,1060.0,421.0
1.0,1791.0,458.0,1325.0,2004.0,1963.0,1963.0,929.0,396.0,318.0,140.0
1.0,3337.0,334.0,1292.0,3569.0,0.0,0.0,905.0,387.0,209.0,125.0
1.0,6572.0,1142.0,1274.0,1963.0,0.0,0.0,891.0,383.0,777.0,365.0
1.0,7393.0,2139.0,1289.0,0.0,0.0,0.0,901.0,388.0,1500.0,639.0
1.0,5254.0,2268.0,1323.0,0.0,2306.0,2306.0,926.0,397.0,1611.0,657.0
1.0,2986.0,1448.0,1342.0,0.0,3830.0,3830.0,940.0,402.0,1034.0,414.0
1.0,1538.0,520.0,1327.0,2306.0,1984.0,1984.0,930.0,397.0,361.0,159.0
1.0,3324.0,356.0,1295.0,3830.0,0.0,0.0,907.0,388.0,227.0,129.0
1.0,6798.0,1149.0,1275.0,1984.0,0.0,0.0,892.0,383.0,784.0,365.0
1.0,7633.0,2121.0,1289.0,0.0,0.0,0.0,901.0,388.0,1487.0,634.0
1.0,5512.0,2293.0,1322.0,0.0,2069.0,2069.0,925.0,397.0,1629.0,664.0
1.0,3219.0,1488.0,1342.0,0.0,3637.0,3637.0,940.0,402.0,1063.0,425.0
1.0,1731.0,597.0,1334.0,2069.0,2133.0,2133.0,935.0,399.0,416.0,181.0
1.0,3203.0,344.0,1304.0,3637.0,0.0,0.0,913.0,391.0,216.0,128.0
1.0,6496.0,1014.0,1282.0,2133.0,0.0,0.0,897.0,385.0,687.0,327.0
1.0,7615.0,1920.0,1291.0,0.0,0.0,0.0,903.0,388.0,1346.0,574.0
1.0,5695.0,2274.0,1324.0,0.0,1875.0,1875.0,926.0,398.0,1615.0,659.0
1.0,3421.0,1655.0,1348.0,0.0,3626.0,3626.0,944.0,404.0,1181.0,474.0
1.0,1766.0,666.0,1338.0,1875.0,2377.0,2377.0,938.0,400.0,464.0,202.0
1.0,2975.0,375.0,1306.0,3626.0,0.0,0.0,915.0,391.0,239.0,136.0
1.0,6226.0,1035.0,1284.0,2377.0,0.0,0.0,898.0,386.0,703.0,332.0
1.0,7568.0,1978.0,1294.0,0.0,0.0,0.0,905.0,389.0,1388.0,590.0
1.0,5590.0,2239.0,1326.0,0.0,1953.0,1953.0,928.0,398.0,1592.0,647.0
1.0,3351.0,1574.0,1349.0,0.0,3619.0,3619.0,945.0,404.0,1120.0,454.0
1.0,1777.0,631.0,1340.0,1953.0,2261.0,2261.0,939.0,401.0,438.0,193.0
1.0,3099.0,353.0,1307.0,3619.0,0.0,0.0,915.0,392.0,225.0,128.0
1.0,6365.0,1029.0,1283.0,2261.0,0.0,0.0,898.0,385.0,702.0,327.0
1.0,7597.0,2012.0,1293.0,0.0,0.0,0.0,904.0,389.0,1409.0,603.0
1.0,5585.0,2376.0,1328.0,0.0,2103.0,2103.0,929.0,399.0,1683.0,693.0
1.0,3209.0,1714.0,1354.0,0.0,3921.0,3921.0,948.0,406.0,1220.0,494.0
1.0,1495.0,692.0,1346.0,2103.0,2478.0,2478.0,943.0,403.0,485.0,207.0
1.0,2906.0,345.0,1312.0,3921.0,0.0,0.0,919.0,393.0,220.0,125.0
1.0,6482.0,1050.0,1290.0,2478.0,0.0,0.0,902.0,388.0,714.0,336.0
1.0,7910.0,2074.0,1301.0,0.0,0.0,0.0,910.0,391.0,1451.0,623.0
1.0,5836.0,2405.0,1337.0,0.0,1917.0,1917.0,935.0,402.0,1705.0,700.0
1.0,3431.0,1674.0,1361.0,0.0,3687.0,3687.0,953.0,408.0,1195.0,479.0
1.0,1757.0,602.0,1352.0,1917.0,2336.0,2336.0,947.0,405.0,423.0,179.0
1.0,3072.0,315.0,1318.0,3687.0,0.0,0.0,923.0,395.0,196.0,119.0
1.0,6444.0,1039.0,1292.0,2336.0,0.0,0.0,904.0,388.0,704.0,335.0
1.0,7741.0,2109.0,1303.0,0.0,0.0,0.0,911.0,392.0,1476.0,633.0
1.0,5632.0,2448.0,1341.0,0.0,2180.0,2180.0,938.0,403.0,1738.0,710.0
1.0,3184.0,1781.0,1369.0,0.0,4073.0,4073.0,959.0,410.0,1270.0,511.0
1.0,1403.0,660.0,1360.0,2180.0,2517.0,2517.0,953.0,407.0,461.0,199.0
1.0,2923.0,226.0,1321.0,4073.0,0.0,0.0,925.0,396.0,134.0,92.0
1.0,6770.0,936.0,1294.0,2517.0,0.0,0.0,905.0,389.0,632.0,304.0
1.0,8351.0,2132.0,1306.0,0.0,0.0,0.0,913.0,393.0,1496.0,636.0
1.0,6219.0,2532.0,1346.0,0.0,1697.0,1697.0,942.0,404.0,1799.0,733.0
1.0,3687.0,1788.0,1375.0,0.0,3601.0,3601.0,963.0,412.0,1272.0,516.0
1.0,1899.0,701.0,1366.0,1697.0,2569.0,2569.0,957.0,409.0,487.0,214.0
1.0,2895.0,219.0,1328.0,3601.0,0.0,0.0,930.0,398.0,129.0,90.0
1.0,6277.0,906.0,1301.0,2569.0,0.0,0.0,910.0,391.0,612.0,294.0
1.0,7940.0,2046.0,1311.0,0.0,0.0,0.0,917.0,394.0,1434.0,612.0
1.0,5894.0,2544.0,1351.0,0.0,2054.0,2054.0,945.0,406.0,1806.0,738.0
1.0,3350.0,1902.0,1381.0,0.0,4076.0,4076.0,967.0,414.0,1353.0,549.0
1.0,1448.0,749.0,1374.0,2054.0,2743.0,2743.0,963.0,411.0,523.0,226.0
1.0,2753.0,278.0,1338.0,4076.0,0.0,0.0,937.0,401.0,170.0,108.0
1.0,6551.0,897.0,1312.0,2743.0,0.0,0.0,918.0,394.0,606.0,291.0
1.0,8397.0,1980.0,1322.0,0.0,0.0,0.0,924.0,398.0,1387.0,593.0
1.0,6417.0,2472.0,1359.0,0.0,1491.0,1491.0,951.0,408.0,1753.0,719.0
1.0,3945.0,1857.0,1388.0,0.0,3464.0,3464.0,972.0,416.0,1323.0,534.0
1.0,2088.0,736.0,1380.0,1491.0,2677.0,2677.0,967.0,413.0,514.0,222.0
1.0,2843.0,208.0,1344.0,3464.0,0.0,0.0,941.0,403.0,121.0,87.0
1.0,6099.0,795.0,1315.0,2677.0,0.0,0.0,920.0,395.0,533.0,262.0
1.0,7981.0,1880.0,1323.0,0.0,0.0,0.0,925.0,398.0,1320.0,560.0
1.0,6101.0,2391.0,1356.0,0.0,1714.0,1714.0,949.0,407.0,1700.0,691.0
1.0,3710.0,1846.0,1386.0,0.0,3680.0,3680.0,971.0,415.0,1313.0,533.0
1.0,1864.0,759.0,1380.0,1714.0,2701.0,2701.0,967.0,413.0,526.0,233.0
1.0,2819.0,241.0,1348.0,3680.0,0.0,0.0,944.0,404.0,144.0,97.0
1.0,6258.0,882.0,1322.0,2701.0,0.0,0.0,925.0,397.0,599.0,283.0
1.0,8077.0,1953.0,1327.0,0.0,0.0,0.0,928.0,399.0,1373.0,580.0
1.0,6124.0,2443.0,1362.0,0.0,1767.0,1767.0,953.0,409.0,1733.0,710.0
1.0,3681.0,1857.0,1391.0,0.0,3740.0,3740.0,974.0,417.0,1317.0,540.0
1.0,1824.0,743.0,1385.0,1767.0,2692.0,2692.0,970.0,415.0,514.0,229.0
1.0,2848.0,249.0,1351.0,3740.0,0.0,0.0,946.0,405.0,152.0,97.0
1.0,6339.0,908.0,1325.0,2692.0,0.0,0.0,927.0,398.0,618.0,290.0
1.0,8123.0,2034.0,1334.0,0.0,0.0,0.0,933.0,401.0,1430.0,604.0
1.0,6089.0,2493.0,1370.0,0.0,1884.0,1884.0,959.0,411.0,1770.0,723.0
1.0,3596.0,1777.0,1398.0,0.0,3773.0,3773.0,979.0,419.0,1260.0,517.0
1.0,1819.0,706.0,1392.0,1884.0,2571.0,2571.0,975.0,417.0,487.0,219.0
1.0,2997.0,265.0,1358.0,3773.0,0.0,0.0,951.0,407.0,162.0,103.0
1.0,6505.0,995.0,1332.0,2571.0,0.0,0.0,932.0,400.0,681.0,314.0
1.0,8081.0,2106.0,1339.0,0.0,0.0,0.0,937.0,402.0,1479.0,627.0
1.0,5975.0,2485.0,1373.0,0.0,2002.0,2002.0,961.0,412.0,1761.0,724.0
1.0,3490.0,1778.0,1401.0,0.0,3892.0,3892.0,981.0,420.0,1261.0,517.0
1.0,1712.0,667.0,1393.0,2002.0,2525.0,2525.0,976.0,417.0,462.0,205.0
1.0,3047.0,316.0,1360.0,3892.0,0.0,0.0,952.0,408.0,201.0,115.0
1.0,6623.0,985.0,1332.0,2525.0,0.0,0.0,932.0,400.0,673.0,312.0
1.0,8163.0,2019.0,1340.0,0.0,0.0,0.0,937.0,403.0,1417.0,602.0
1.0,6144.0,2437.0,1375.0,0.0,1793.0,1793.0,962.0,413.0,1727.0,710.0
1.0,3707.0,1805.0,1404.0,0.0,3714.0,3714.0,983.0,421.0,1281.0,524.0
1.0,1902.0,798.0,1399.0,1793.0,2699.0,2699.0,980.0,419.0,555.0,243.0
1.0,2897.0,406.0,1365.0,3714.0,0.0,0.0,956.0,409.0,263.0,143.0
1.0,6205.0,1038.0,1339.0,2699.0,0.0,0.0,937.0,402.0,710.0,328.0
1.0,7866.0,1994.0,1343.0,0.0,0.0,0.0,939.0,404.0,1399.0,595.0
1.0,5872.0,2350.0,1375.0,0.0,1978.0,1978.0,962.0,413.0,1666.0,684.0
1.0,3522.0,1783.0,1405.0,0.0,3881.0,3881.0,984.0,421.0,1264.0,519.0
1.0,1739.0,830.0,1403.0,1978.0,2725.0,2725.0,983.0,420.0,576.0,254.0
1.0,2887.0,436.0,1371.0,3881.0,0.0,0.0,960.0,411.0,284.0,152.0
1.0,6332.0,998.0,1341.0,2725.0,0.0,0.0,938.0,403.0,682.0,316.0
1.0,8059.0,1972.0,1344.0,0.0,0.0,0.0,940.0,404.0,1386.0,586.0
1.0,6087.0,2380.0,1376.0,0.0,1797.0,1797.0,963.0,413.0,1687.0,693.0
1.0,3707.0,1869.0,1408.0,0.0,3794.0,3794.0,986.0,422.0,1323.0,546.0
1.0,1838.0,860.0,1408.0,1797.0,2857.0,2857.0,986.0,422.0,596.0,264.0
1.0,2775.0,317.0,1374.0,3794.0,0.0,0.0,962.0,412.0,201.0,116.0
1.0,6252.0,837.0,1342.0,2857.0,0.0,0.0,939.0,403.0,570.0,267.0
1.0,8272.0,1950.0,1343.0,0.0,0.0,0.0,939.0,404.0,1371.0,579.0
1.0,6322.0,2516.0,1376.0,0.0,1698.0,1698.0,963.0,413.0,1783.0,733.0
1.0,3806.0,1885.0,1408.0,0.0,3711.0,3711.0,986.0,422.0,1337.0,548.0
1.0,1921.0,709.0,1403.0,1698.0,2702.0,2702.0,983.0,420.0,492.0,217.0
1.0,2910.0,232.0,1370.0,3711.0,0.0,0.0,959.0,411.0,138.0,94.0
1.0,6389.0,943.0,1341.0,2702.0,0.0,0.0,938.0,403.0,641.0,302.0
1.0,8148.0,2111.0,1346.0,0.0,0.0,0.0,941.0,405.0,1483.0,628.0
1.0,6037.0,2582.0,1381.0,0.0,2069.0,2069.0,966.0,415.0,1833.0,749.0
1.0,3455.0,1859.0,1413.0,0.0,4056.0,4056.0,990.0,423.0,1320.0,539.0
1.0,1596.0,681.0,1410.0,2069.0,2656.0,2656.0,988.0,422.0,471.0,210.0
1.0,2984.0,223.0,1378.0,4056.0,0.0,0.0,965.0,413.0,130.0,93.0
1.0,6817.0,926.0,1351.0,2656.0,0.0,0.0,945.0,406.0,629.0,297.0
1.0,8547.0,2050.0,1354.0,0.0,0.0,0.0,947.0,407.0,1442.0,608.0
1.0,6497.0,2511.0,1388.0,0.0,1566.0,1566.0,971.0,417.0,1782.0,729.0
1.0,3986.0,1829.0,1419.0,0.0,3519.0,3519.0,994.0,425.0,1299.0,530.0
1.0,2157.0,664.0,1415.0,1566.0,2601.0,2601.0,991.0,424.0,458.0,206.0
1.0,3059.0,239.0,1381.0,3519.0,0.0,0.0,967.0,414.0,143.0,96.0
1.0,6339.0,973.0,1354.0,2601.0,0.0,0.0,947.0,407.0,665.0,308.0
1.0,7967.0,2123.0,1358.0,0.0,0.0,0.0,950.0,408.0,1494.0,629.0
1.0,5844.0,2548.0,1393.0,0.0,2276.0,2276.0,975.0,418.0,1806.0,742.0
1.0,3296.0,1764.0,1422.0,0.0,4156.0,4156.0,996.0,426.0,1249.0,515.0
1.0,1532.0,581.0,1416.0,2276.0,2437.0,2437.0,992.0,424.0,400.0,181.0
1.0,3227.0,245.0,1381.0,4156.0,0.0,0.0,967.0,414.0,149.0,96.0
1.0,7138.0,1004.0,1353.0,2437.0,0.0,0.0,946.0,407.0,687.0,317.0
1.0,8571.0,2199.0,1361.0,0.0,0.0,0.0,952.0,409.0,1547.0,652.0
1.0,6372.0,2612.0,1398.0,0.0,1832.0,1832.0,978.0,420.0,1852.0,760.0
1.0,3760.0,1821.0,1428.0,0.0,3773.0,3773.0,1000.0,428.0,1289.0,532.0
1.0,1939.0,585.0,1420.0,1832.0,2494.0,2494.0,995.0,425.0,402.0,183.0
1.0,3186.0,172.0,1383.0,3773.0,0.0,0.0,968.0,415.0,97.0,75.0
1.0,6787.0,994.0,1354.0,2494.0,0.0,0.0,947.0,407.0,680.0,314.0
1.0,8287.0,2289.0,1364.0,0.0,0.0,0.0,954.0,410.0,1611.0,678.0
1.0,5998.0,2705.0,1403.0,0.0,2319.0,2319.0,982.0,421.0,1919.0,786.0
1.0,3293.0,1864.0,1432.0,0.0,4299.0,4299.0,1003.0,429.0,1322.0,542.0
1.0,1429.0,611.0,1426.0,2319.0,2567.0,2567.0,999.0,427.0,418.0,193.0
1.0,3137.0,121.0,1389.0,4299.0,0.0,0.0,972.0,417.0,59.0,62.0
1.0,7315.0,900.0,1359.0,2567.0,0.0,0.0,951.0,408.0,614.0,286.0
1.0,8982.0,2168.0,1367.0,0.0,0.0,0.0,956.0,411.0,1527.0,641.0
1.0,6814.0,2674.0,1403.0,0.0,1472.0,1472.0,982.0,421.0,1896.0,778.0
1.0,4140.0,1915.0,1432.0,0.0,3503.0,3503.0,1003.0,429.0,1355.0,560.0
1.0,2225.0,711.0,1425.0,1472.0,2714.0,2714.0,998.0,427.0,489.0,222.0
1.0,2986.0,277.0,1393.0,3503.0,0.0,0.0,975.0,418.0,169.0,108.0
1.0,6212.0,1040.0,1367.0,2714.0,0.0,0.0,956.0,411.0,713.0,327.0
1.0,7886.0,2275.0,1377.0,0.0,0.0,0.0,963.0,414.0,1602.0,673.0
1.0,5611.0,2708.0,1413.0,0.0,2749.0,2749.0,989.0,424.0,1921.0,787.0
1.0,2903.0,1815.0,1439.0,0.0,4668.0,4668.0,1008.0,431.0,1285.0,530.0
1.0,1088.0,636.0,1432.0,2749.0,2527.0,2527.0,1003.0,429.0,434.0,202.0
1.0,3201.0,301.0,1400.0,4668.0,0.0,0.0,980.0,420.0,186.0,115.0
1.0,7568.0,1101.0,1375.0,2527.0,0.0,0.0,962.0,413.0,754.0,347.0
1.0,8994.0,2223.0,1382.0,0.0,0.0,0.0,967.0,415.0,1567.0,656.0
1.0,6771.0,2540.0,1414.0,0.0,1425.0,1425.0,990.0,424.0,1804.0,736.0
1.0,4231.0,1704.0,1441.0,0.0,3237.0,3237.0,1009.0,432.0,1208.0,496.0
1.0,2527.0,581.0,1436.0,1425.0,2373.0,2373.0,1006.0,430.0,397.0,184.0
1.0,3371.0,225.0,1403.0,3237.0,0.0,0.0,982.0,421.0,131.0,94.0
1.0,6383.0,1108.0,1376.0,2373.0,0.0,0.0,963.0,413.0,760.0,348.0
1.0,7648.0,2305.0,1384.0,0.0,193.0,193.0,968.0,416.0,1623.0,682.0
1.0,5343.0,2658.0,1422.0,0.0,3003.0,3003.0,995.0,427.0,1887.0,771.0
1.0,2685.0,1759.0,1451.0,193.0,4685.0,4685.0,1016.0,435.0,1248.0,511.0
1.0,1119.0,536.0,1443.0,3003.0,2186.0,2186.0,1011.0,432.0,367.0,169.0
1.0,3586.0,176.0,1406.0,4685.0,0.0,0.0,984.0,422.0,98.0,78.0
1.0,8095.0,1091.0,1377.0,2186.0,0.0,0.0,963.0,414.0,744.0,347.0
1.0,9190.0,2333.0,1387.0,0.0,0.0,0.0,970.0,417.0,1640.0,693.0
1.0,6857.0,2660.0,1425.0,0.0,1503.0,1503.0,997.0,428.0,1889.0,771.0
1.0,4197.0,1687.0,1452.0,0.0,3298.0,3298.0,1017.0,435.0,1200.0,487.0
1.0,2510.0,531.0,1445.0,1503.0,2298.0,2298.0,1012.0,433.0,366.0,165.0
1.0,3482.0,251.0,1411.0,3298.0,0.0,0.0,988.0,423.0,149.0,102.0
1.0,6529.0,1157.0,1384.0,2298.0,0.0,0.0,968.0,416.0,789.0,368.0
1.0,7670.0,2385.0,1395.0,0.0,295.0,295.0,976.0,419.0,1675.0,710.0
1.0,5285.0,2682.0,1433.0,0.0,3129.0,3129.0,1003.0,430.0,1905.0,777.0
1.0,2603.0,1713.0,1462.0,295.0,4663.0,4663.0,1024.0,438.0,1221.0,492.0
1.0,1185.0,466.0,1453.0,3129.0,1964.0,1964.0,1018.0,435.0,322.0,144.0
1.0,3848.0,207.0,1416.0,4663.0,0.0,0.0,991.0,425.0,117.0,90.0
1.0,8304.0,1127.0,1388.0,1964.0,0.0,0.0,971.0,417.0,765.0,362.0
1.0,9141.0,2331.0,1400.0,0.0,0.0,0.0,979.0,421.0,1637.0,694.0
1.0,6810.0,2669.0,1439.0,0.0,1615.0,1615.0,1007.0,432.0,1896.0,773.0
1.0,4141.0,1758.0,1469.0,0.0,3493.0,3493.0,1029.0,440.0,1253.0,505.0
1.0,2383.0,486.0,1459.0,1615.0,2324.0,2324.0,1022.0,437.0,335.0,151.0
1.0,3512.0,148.0,1420.0,3493.0,0.0,0.0,994.0,426.0,76.0,72.0
1.0,6857.0,1075.0,1390.0,2324.0,0.0,0.0,972.0,418.0,730.0,345.0
1.0,8106.0,2353.0,1400.0,0.0,0.0,0.0,979.0,421.0,1652.0,701.0
1.0,5753.0,2746.0,1442.0,0.0,2761.0,2761.0,1009.0,433.0,1952.0,794.0
1.0,3007.0,1830.0,1473.0,0.0,4715.0,4715.0,1032.0,441.0,1303.0,527.0
1.0,1177.0,478.0,1463.0,2761.0,2392.0,2392.0,1025.0,438.0,327.0,151.0
1.0,3460.0,135.0,1421.0,4715.0,0.0,0.0,995.0,426.0,65.0,70.0
1.0,8040.0,1140.0,1391.0,2392.0,0.0,0.0,973.0,418.0,777.0,363.0
1.0,9292.0,2385.0,1402.0,0.0,0.0,0.0,980.0,422.0,1677.0,708.0
1.0,6907.0,2672.0,1442.0,0.0,1533.0,1533.0,1009.0,433.0,1899.0,773.0
1.0,4235.0,1714.0,1472.0,0.0,3367.0,3367.0,1031.0,441.0,1222.0,492.0
1.0,2521.0,520.0,1465.0,1533.0,2326.0,2326.0,1026.0,439.0,359.0,161.0
1.0,3534.0,278.0,1428.0,3367.0,0.0,0.0,1000.0,428.0,166.0,112.0
1.0,6623.0,1181.0,1400.0,2326.0,0.0,0.0,979.0,421.0,803.0,378.0
1.0,7768.0,2441.0,1410.0,0.0,313.0,313.0,986.0,424.0,1713.0,728.0
1.0,5327.0,2670.0,1447.0,0.0,3131.0,3131.0,1013.0,434.0,1899.0,771.0
1.0,2657.0,1729.0,1476.0,313.0,4663.0,4663.0,1034.0,442.0,1236.0,493.0
1.0,1241.0,602.0,1467.0,3131.0,2098.0,2098.0,1028.0,439.0,415.0,187.0
1.0,3770.0,371.0,1430.0,4663.0,0.0,0.0,1001.0,429.0,228.0,143.0
1.0,8062.0,1280.0,1403.0,2098.0,0.0,0.0,981.0,422.0,872.0,408.0
1.0,8880.0,2396.0,1414.0,0.0,0.0,0.0,989.0,425.0,1683.0,713.0
1.0,6484.0,2579.0,1452.0,0.0,1903.0,1903.0,1016.0,436.0,1837.0,742.0
1.0,3905.0,1626.0,1477.0,0.0,3629.0,3629.0,1035.0,442.0,1164.0,462.0
1.0,2279.0,547.0,1466.0,1903.0,2229.0,2229.0,1027.0,439.0,378.0,169.0
1.0,3635.0,413.0,1431.0,3629.0,0.0,0.0,1002.0,429.0,257.0,156.0
1.0,6851.0,1325.0,1408.0,2229.0,0.0,0.0,985.0,423.0,900.0,425.0
1.0,7755.0,2466.0,1423.0,0.0,403.0,403.0,995.0,428.0,1730.0,736.0
1.0,5289.0,2560.0,1460.0,0.0,3111.0,3111.0,1022.0,438.0,1823.0,737.0
1.0,2729.0,1630.0,1488.0,403.0,4450.0,4450.0,1042.0,446.0,1169.0,461.0
1.0,1502.0,515.0,1476.0,3111.0,1806.0,1806.0,1034.0,442.0,356.0,159.0
1.0,4098.0,335.0,1438.0,4450.0,0.0,0.0,1007.0,431.0,203.0,132.0
1.0,8213.0,1226.0,1411.0,1806.0,0.0,0.0,987.0,424.0,830.0,396.0
1.0,8793.0,2325.0,1422.0,0.0,0.0,0.0,994.0,428.0,1632.0,693.0
1.0,6468.0,2613.0,1462.0,0.0,1993.0,1993.0,1023.0,439.0,1863.0,750.0
1.0,3855.0,1802.0,1493.0,0.0,3919.0,3919.0,1046.0,447.0,1289.0,513.0
1.0,2053.0,609.0,1484.0,1993.0,2499.0,2499.0,1040.0,444.0,420.0,189.0
1.0,3437.0,218.0,1443.0,3919.0,0.0,0.0,1010.0,433.0,119.0,99.0
1.0,7138.0,1045.0,1412.0,2499.0,0.0,0.0,988.0,424.0,704.0,341.0
1.0,8592.0,2221.0,1423.0,0.0,0.0,0.0,995.0,428.0,1561.0,660.0
1.0,6371.0,2617.0,1462.0,0.0,2094.0,2094.0,1023.0,439.0,1866.0,751.0
1.0,3754.0,1816.0,1493.0,0.0,4034.0,4034.0,1046.0,447.0,1299.0,517.0
1.0,1938.0,646.0,1483.0,2094.0,2546.0,2546.0,1039.0,444.0,446.0,200.0
1.0,3386.0,256.0,1442.0,4034.0,0.0,0.0,1010.0,432.0,144.0,112.0
1.0,7164.0,1050.0,1410.0,2546.0,0.0,0.0,986.0,424.0,706.0,344.0
1.0,8660.0,2252.0,1420.0,0.0,0.0,0.0,993.0,427.0,1584.0,668.0
1.0,6408.0,2671.0,1463.0,0.0,2115.0,2115.0,1024.0,439.0,1906.0,765.0
1.0,3737.0,1882.0,1496.0,0.0,4129.0,4129.0,1048.0,448.0,1347.0,535.0
1.0,1855.0,642.0,1486.0,2115.0,2616.0,2616.0,1041.0,445.0,440.0,202.0
1.0,3328.0,208.0,1445.0,4129.0,0.0,0.0,1012.0,433.0,108.0,100.0
1.0,7249.0,993.0,1413.0,2616.0,0.0,0.0,988.0,425.0,666.0,327.0
1.0,8872.0,2213.0,1422.0,0.0,0.0,0.0,994.0,428.0,1558.0,655.0
1.0,6659.0,2670.0,1463.0,0.0,1863.0,1863.0,1024.0,439.0,1908.0,762.0
1.0,3989.0,1908.0,1497.0,0.0,3907.0,3907.0,1049.0,448.0,1366.0,542.0
1.0,2081.0,767.0,1491.0,1863.0,2787.0,2787.0,1045.0,446.0,528.0,239.0
1.0,3177.0,303.0,1452.0,3907.0,0.0,0.0,1017.0,435.0,173.0,130.0
1.0,6781.0,1019.0,1419.0,2787.0,0.0,0.0,992.0,427.0,683.0,336.0
1.0,8549.0,2219.0,1426.0,0.0,0.0,0.0,997.0,429.0,1563.0,656.0
1.0,6330.0,2665.0,1469.0,0.0,2211.0,2211.0,1028.0,441.0,1904.0,761.0
1.0,3665.0,1956.0,1503.0,0.0,4303.0,4303.0,1053.0,450.0,1398.0,558.0
1.0,1709.0,704.0,1495.0,2211.0,2764.0,2764.0,1048.0,447.0,486.0,218.0
1.0,3216.0,258.0,1454.0,4303.0,0.0,0.0,1018.0,436.0,143.0,115.0
1.0,7261.0,1105.0,1424.0,2764.0,0.0,0.0,996.0,428.0,742.0,363.0
1.0,8920.0,2304.0,1436.0,0.0,0.0,0.0,1004.0,432.0,1619.0,685.0
1.0,6616.0,2746.0,1478.0,0.0,2042.0,2042.0,1034.0,444.0,1961.0,785.0
1.0,3870.0,1920.0,1510.0,0.0,4090.0,4090.0,1058.0,452.0,1377.0,543.0
1.0,1950.0,659.0,1500.0,2042.0,2667.0,2667.0,1051.0,449.0,454.0,205.0
1.0,3333.0,194.0,1457.0,4090.0,0.0,0.0,1020.0,437.0,97.0,97.0
1.0,7229.0,1050.0,1426.0,2667.0,0.0,0.0,997.0,429.0,702.0,348.0
1.0,8846.0,2420.0,1439.0,0.0,0.0,0.0,1006.0,433.0,1701.0,719.0
1.0,6426.0,2863.0,1482.0,0.0,2365.0,2365.0,1037.0,445.0,2044.0,819.0
1.0,3563.0,1892.0,1512.0,0.0,4377.0,4377.0,1059.0,453.0,1356.0,536.0
1.0,1671.0,471.0,1496.0,2365.0,2419.0,2419.0,1048.0,448.0,323.0,148.0
1.0,3565.0,86.0,1451.0,4377.0,0.0,0.0,1016.0,435.0,20.0,66.0
1.0,7856.0,1152.0,1424.0,2419.0,0.0,0.0,996.0,428.0,773.0,379.0
1.0,9123.0,2632.0,1443.0,0.0,0.0,0.0,1009.0,434.0,1849.0,783.0
1.0,6491.0,2918.0,1489.0,0.0,2383.0,2383.0,1042.0,447.0,2084.0,834.0
1.0,3573.0,1806.0,1516.0,0.0,4297.0,4297.0,1062.0,454.0,1300.0,506.0
1.0,1767.0,405.0,1498.0,2383.0,2247.0,2247.0,1050.0,448.0,275.0,130.0
1.0,3745.0,78.0,1452.0,4297.0,0.0,0.0,1017.0,435.0,13.0,65.0
1.0,7964.0,1204.0,1426.0,2247.0,0.0,0.0,997.0,429.0,808.0,396.0
1.0,9007.0,2643.0,1446.0,0.0,0.0,0.0,1011.0,435.0,1857.0,786.0
1.0,6364.0,2920.0,1492.0,0.0,2524.0,2524.0,1044.0,448.0,2086.0,834.0
1.0,3444.0,1771.0,1520.0,0.0,4407.0,4407.0,1065.0,455.0,1276.0,495.0
1.0,1673.0,353.0,1502.0,2524.0,2164.0,2164.0,1053.0,449.0,240.0,113.0
1.0,3844.0,56.0,1459.0,4407.0,0.0,0.0,1022.0,437.0,0.0,56.0
1.0,8195.0,1250.0,1433.0,2164.0,0.0,0.0,1002.0,431.0,840.0,410.0
1.0,9109.0,2720.0,1450.0,0.0,0.0,0.0,1014.0,436.0,1908.0,812.0
1.0,6389.0,2970.0,1496.0,0.0,2565.0,2565.0,1047.0,449.0,2116.0,854.0
1.0,3419.0,1724.0,1525.0,0.0,4405.0,4405.0,1068.0,457.0,1241.0,483.0
1.0,1695.0,256.0,1510.0,2565.0,2036.0,2036.0,1058.0,452.0,175.0,81.0
1.0,4004.0,50.0,1468.0,4405.0,0.0,0.0,1028.0,440.0,0.0,50.0
1.0,8359.0,1285.0,1442.0,2036.0,0.0,0.0,1009.0,433.0,868.0,417.0
1.0,9110.0,2744.0,1460.0,0.0,0.0,0.0,1021.0,439.0,1923.0,821.0
1.0,6366.0,2945.0,1505.0,0.0,2599.0,2599.0,1053.0,452.0,2096.0,849.0
1.0,3421.0,1712.0,1532.0,0.0,4419.0,4419.0,1073.0,459.0,1229.0,483.0
1.0,1709.0,294.0,1518.0,2599.0,2058.0,2058.0,1064.0,454.0,203.0,91.0
1.0,4014.0,66.0,1476.0,4419.0,0.0,0.0,1034.0,442.0,13.0,53.0
1.0,8367.0,1277.0,1449.0,2058.0,0.0,0.0,1014.0,435.0,865.0,412.0
1.0,9148.0,2715.0,1465.0,0.0,0.0,0.0,1024.0,441.0,1902.0,813.0
1.0,6433.0,2955.0,1509.0,0.0,2558.0,2558.0,1056.0,453.0,2100.0,855.0
1.0,3478.0,1773.0,1539.0,0.0,4451.0,4451.0,1078.0,461.0,1269.0,504.0
1.0,1705.0,284.0,1526.0,2558.0,2125.0,2125.0,1069.0,457.0,196.0,88.0
1.0,3979.0,32.0,1484.0,4451.0,0.0,0.0,1039.0,445.0,0.0,32.0
1.0,8398.0,1235.0,1457.0,2125.0,0.0,0.0,1019.0,438.0,836.0,399.0
1.0,9288.0,2750.0,1473.0,0.0,0.0,0.0,1030.0,443.0,1920.0,830.0
1.0,6538.0,3052.0,1517.0,0.0,2582.0,2582.0,1061.0,456.0,2160.0,892.0
1.0,3486.0,1792.0,1545.0,0.0,4486.0,4486.0,1082.0,463.0,1284.0,508.0
1.0,1694.0,253.0,1531.0,2582.0,2101.0,2101.0,1073.0,458.0,180.0,73.0
1.0,4023.0,12.0,1488.0,4486.0,0.0,0.0,1043.0,445.0,0.0,12.0
1.0,8497.0,1218.0,1460.0,2101.0,0.0,0.0,1022.0,438.0,824.0,394.0
1.0,9380.0,2729.0,1475.0,0.0,0.0,0.0,1031.0,444.0,1890.0,839.0
1.0,6651.0,2974.0,1519.0,0.0,2399.0,2399.0,1062.0,457.0,2090.0,884.0
1.0,3677.0,1793.0,1548.0,0.0,4308.0,4308.0,1084.0,464.0,1285.0,508.0
1.0,1884.0,383.0,1534.0,2399.0,2236.0,2236.0,1075.0,459.0,287.0,96.0
1.0,3900.0,127.0,1493.0,4308.0,0.0,0.0,1046.0,447.0,79.0,48.0
1.0,8081.0,1337.0,1465.0,2236.0,0.0,0.0,1025.0,440.0,908.0,429.0
1.0,8980.0,2807.0,1482.0,0.0,0.0,0.0,1036.0,446.0,1945.0,862.0
1.0,6173.0,2984.0,1527.0,0.0,2919.0,2919.0,1068.0,459.0,2098.0,886.0
1.0,3189.0,1701.0,1557.0,0.0,4740.0,4740.0,1090.0,467.0,1221.0,480.0
1.0,1488.0,237.0,1541.0,2919.0,1994.0,1994.0,1080.0,461.0,184.0,53.0
1.0,4170.0,34.0,1494.0,4740.0,0.0,0.0,1047.0,447.0,13.0,21.0
1.0,8876.0,1395.0,1466.0,1994.0,0.0,0.0,1026.0,440.0,946.0,449.0
1.0,9475.0,2901.0,1486.0,0.0,0.0,0.0,1039.0,447.0,2012.0,889.0
1.0,6574.0,3071.0,1536.0,0.0,2641.0,2641.0,1074.0,462.0,2161.0,910.0
1.0,3503.0,1605.0,1565.0,0.0,4362.0,4362.0,1096.0,469.0,1152.0,453.0
1.0,1898.0,56.0,1544.0,2641.0,1693.0,1693.0,1082.0,462.0,56.0,0.0
1.0,4483.0,0.0,1493.0,4362.0,0.0,0.0,1046.0,447.0,0.0,0.0
1.0,8845.0,1428.0,1465.0,1693.0,0.0,0.0,1025.0,440.0,971.0,457.0
1.0,9110.0,2958.0,1487.0,0.0,0.0,0.0,1039.0,448.0,2042.0,916.0
1.0,6152.0,3034.0,1538.0,0.0,3034.0,3034.0,1075.0,463.0,2124.0,910.0
1.0,3118.0,1673.0,1568.0,0.0,4827.0,4827.0,1098.0,470.0,1202.0,471.0
1.0,1445.0,179.0,1548.0,3034.0,1892.0,1892.0,1085.0,463.0,156.0,23.0
1.0,4300.0,5.0,1498.0,4827.0,0.0,0.0,1050.0,448.0,3.0,2.0
1.0,9122.0,1394.0,1469.0,1892.0,0.0,0.0,1028.0,441.0,943.0,451.0
1.0,9620.0,2919.0,1491.0,0.0,0.0,0.0,1042.0,449.0,2011.0,908.0
1.0,6701.0,3083.0,1543.0,0.0,2554.0,2554.0,1079.0,464.0,2160.0,923.0
1.0,3618.0,1696.0,1574.0,0.0,4374.0,4374.0,1102.0,472.0,1220.0,476.0
1.0,1922.0,123.0,1552.0,2554.0,1855.0,1855.0,1088.0,464.0,119.0,4.0
1.0,4353.0,0.0,1501.0,4374.0,0.0,0.0,1052.0,449.0,0.0,0.0
1.0,8727.0,1371.0,1470.0,1855.0,0.0,0.0,1029.0,441.0,925.0,446.0
1.0,9211.0,2865.0,1492.0,0.0,0.0,0.0,1043.0,449.0,1971.0,894.0
1.0,6346.0,3042.0,1545.0,0.0,2876.0,2876.0,1080.0,465.0,2131.0,911.0
1.0,3304.0,1705.0,1577.0,0.0,4709.0,4709.0,1104.0,473.0,1230.0,475.0
1.0,1599.0,94.0,1554.0,2876.0,1835.0,1835.0,1089.0,465.0,94.0,0.0
1.0,4381.0,0.0,1501.0,4709.0,0.0,0.0,1052.0,449.0,0.0,0.0
1.0,9090.0,1321.0,1470.0,1835.0,0.0,0.0,1029.0,441.0,895.0,426.0
1.0,9604.0,2855.0,1492.0,0.0,0.0,0.0,1043.0,449.0,1969.0,886.0
1.0,6749.0,3058.0,1545.0,0.0,2489.0,2489.0,1080.0,465.0,2141.0,917.0
1.0,3691.0,1703.0,1577.0,0.0,4320.0,4320.0,1104.0,473.0,1223.0,480.0
1.0,1988.0,175.0,1555.0,2489.0,1918.0,1918.0,1090.0,465.0,153.0,22.0
1.0,4302.0,3.0,1503.0,4320.0,0.0,0.0,1053.0,450.0,0.0,3.0
1.0,8619.0,1365.0,1473.0,1918.0,0.0,0.0,1031.0,442.0,923.0,442.0
1.0,9172.0,2884.0,1495.0,0.0,0.0,0.0,1045.0,450.0,1988.0,896.0
1.0,6288.0,3045.0,1547.0,0.0,2945.0,2945.0,1082.0,465.0,2133.0,912.0
1.0,3243.0,1678.0,1579.0,0.0,4751.0,4751.0,1105.0,474.0,1208.0,470.0
1.0,1565.0,151.0,1558.0,2945.0,1873.0,1873.0,1092.0,466.0,138.0,13.0
1.0,4359.0,0.0,1505.0,4751.0,0.0,0.0,1055.0,450.0,0.0,0.0
1.0,9110.0,1397.0,1473.0,1873.0,0.0,0.0,1031.0,442.0,945.0,452.0
1.0,9586.0,2974.0,1496.0,0.0,0.0,0.0,1046.0,450.0,2047.0,927.0
1.0,6612.0,3148.0,1552.0,0.0,2744.0,2744.0,1085.0,467.0,2203.0,945.0
1.0,3464.0,1664.0,1583.0,0.0,4532.0,4532.0,1108.0,475.0,1199.0,465.0
1.0,1800.0,29.0,1561.0,2744.0,1729.0,1729.0,1093.0,468.0,29.0,0.0
1.0,4515.0,0.0,1508.0,4532.0,0.0,0.0,1056.0,452.0,0.0,0.0
1.0,9047.0,1345.0,1477.0,1729.0,0.0,0.0,1034.0,443.0,933.0,412.0
1.0,9431.0,2858.0,1498.0,0.0,0.0,0.0,1048.0,450.0,1992.0,866.0
1.0,6573.0,3046.0,1548.0,0.0,2665.0,2665.0,1083.0,465.0,2131.0,915.0
1.0,3527.0,1830.0,1582.0,0.0,4631.0,4631.0,1107.0,475.0,1291.0,539.0
1.0,1697.0,374.0,1562.0,2665.0,2260.0,2260.0,1094.0,468.0,273.0,101.0
1.0,3988.0,131.0,1512.0,4631.0,0.0,0.0,1059.0,453.0,93.0,38.0
1.0,8488.0,1290.0,1478.0,2260.0,0.0,0.0,1035.0,443.0,890.0,400.0
1.0,9458.0,2717.0,1498.0,0.0,0.0,0.0,1048.0,450.0,1888.0,829.0
1.0,6741.0,2994.0,1551.0,0.0,2457.0,2457.0,1085.0,466.0,2096.0,898.0
1.0,3747.0,1884.0,1586.0,0.0,4481.0,4481.0,1110.0,476.0,1331.0,553.0
1.0,1863.0,433.0,1568.0,2457.0,2385.0,2385.0,1098.0,470.0,318.0,115.0
1.0,3887.0,153.0,1516.0,4481.0,0.0,0.0,1062.0,454.0,108.0,45.0
1.0,8215.0,1307.0,1481.0,2385.0,0.0,0.0,1037.0,444.0,901.0,406.0
1.0,9293.0,2679.0,1502.0,0.0,0.0,0.0,1051.0,451.0,1862.0,817.0
1.0,6614.0,2993.0,1558.0,0.0,2611.0,2611.0,1090.0,468.0,2094.0,899.0
1.0,3621.0,1885.0,1595.0,0.0,4644.0,4644.0,1116.0,479.0,1333.0,552.0
1.0,1736.0,388.0,1575.0,2611.0,2341.0,2341.0,1103.0,472.0,286.0,102.0
1.0,3959.0,32.0,1519.0,4644.0,0.0,0.0,1064.0,455.0,23.0,9.0
1.0,8571.0,1204.0,1483.0,2341.0,0.0,0.0,1039.0,444.0,829.0,375.0
1.0,9708.0,2704.0,1503.0,0.0,0.0,0.0,1052.0,451.0,1878.0,826.0
1.0,7004.0,3030.0,1558.0,0.0,2258.0,2258.0,1090.0,468.0,2120.0,910.0
1.0,3974.0,1860.0,1594.0,0.0,4262.0,4262.0,1115.0,479.0,1316.0,544.0
1.0,2114.0,445.0,1575.0,2258.0,2373.0,2373.0,1103.0,472.0,328.0,117.0
1.0,3927.0,156.0,1523.0,4262.0,0.0,0.0,1067.0,456.0,109.0,47.0
1.0,8033.0,1328.0,1489.0,2373.0,0.0,0.0,1043.0,446.0,914.0,414.0
1.0,9078.0,2778.0,1509.0,0.0,0.0,0.0,1056.0,453.0,1930.0,848.0
1.0,6300.0,2981.0,1564.0,0.0,2937.0,2937.0,1094.0,470.0,2085.0,896.0
1.0,3319.0,1741.0,1598.0,0.0,4814.0,4814.0,1118.0,480.0,1234.0,507.0
1.0,1578.0,320.0,1578.0,2937.0,2117.0,2117.0,1105.0,473.0,239.0,81.0
1.0,4195.0,128.0,1526.0,4814.0,0.0,0.0,1069.0,457.0,89.0,39.0
1.0,8881.0,1412.0,1493.0,2117.0,0.0,0.0,1046.0,447.0,974.0,438.0
1.0,9586.0,2868.0,1516.0,0.0,0.0,0.0,1061.0,455.0,1992.0,876.0
1.0,6718.0,3053.0,1573.0,0.0,2627.0,2627.0,1100.0,473.0,2135.0,918.0
1.0,3665.0,1762.0,1607.0,0.0,4525.0,4525.0,1124.0,483.0,1247.0,515.0
1.0,1903.0,276.0,1587.0,2627.0,2094.0,2094.0,1111.0,476.0,210.0,66.0
1.0,4254.0,36.0,1533.0,4525.0,0.0,0.0,1074.0,459.0,28.0,8.0
1.0,8743.0,1332.0,1499.0,2094.0,0.0,0.0,1050.0,449.0,920.0,412.0
1.0,9505.0,2820.0,1521.0,0.0,0.0,0.0,1064.0,457.0,1956.0,864.0
1.0,6685.0,3017.0,1576.0,0.0,2636.0,2636.0,1102.0,474.0,2106.0,911.0
1.0,3668.0,1768.0,1610.0,0.0,4540.0,4540.0,1126.0,484.0,1251.0,517.0
1.0,1900.0,333.0,1590.0,2636.0,2157.0,2157.0,1113.0,477.0,252.0,81.0
1.0,4203.0,176.0,1537.0,4540.0,0.0,0.0,1077.0,460.0,127.0,49.0
1.0,8567.0,1435.0,1506.0,2157.0,0.0,0.0,1055.0,451.0,991.0,444.0
1.0,9289.0,2796.0,1528.0,0.0,0.0,0.0,1069.0,459.0,1941.0,855.0
1.0,6493.0,2934.0,1582.0,0.0,2769.0,2769.0,1106.0,476.0,2051.0,883.0
1.0,3559.0,1689.0,1614.0,0.0,4586.0,4586.0,1129.0,485.0,1194.0,495.0
1.0,1870.0,304.0,1593.0,2769.0,2037.0,2037.0,1115.0,478.0,230.0,74.0
1.0,4335.0,224.0,1540.0,4586.0,0.0,0.0,1079.0,461.0,159.0,65.0
1.0,8697.0,1576.0,1510.0,2037.0,0.0,0.0,1058.0,452.0,1089.0,487.0
1.0,9158.0,2970.0,1535.0,0.0,0.0,0.0,1074.0,461.0,2062.0,908.0
1.0,6188.0,2930.0,1591.0,0.0,3106.0,3106.0,1113.0,478.0,2048.0,882.0
1.0,3258.0,1544.0,1620.0,0.0,4766.0,4766.0,1134.0,486.0,1094.0,450.0
1.0,1714.0,213.0,1599.0,3106.0,1789.0,1789.0,1119.0,480.0,165.0,48.0
1.0,4607.0,216.0,1548.0,4766.0,0.0,0.0,1084.0,464.0,155.0,61.0
1.0,9157.0,1680.0,1521.0,1789.0,0.0,0.0,1065.0,456.0,1162.0,518.0
1.0,9266.0,3082.0,1546.0,0.0,0.0,0.0,1082.0,464.0,2140.0,942.0
1.0,6184.0,2996.0,1597.0,0.0,3200.0,3200.0,1117.0,480.0,2094.0,902.0
1.0,3188.0,1532.0,1623.0,0.0,4836.0,4836.0,1136.0,487.0,1088.0,444.0
1.0,1656.0,43.0,1600.0,3200.0,1587.0,1587.0,1120.0,480.0,43.0,0.0
1.0,4813.0,101.0,1549.0,4836.0,0.0,0.0,1085.0,464.0,74.0,27.0
1.0,9548.0,1633.0,1523.0,1587.0,0.0,0.0,1066.0,457.0,1133.0,500.0
1.0,9502.0,3108.0,1546.0,0.0,0.0,0.0,1082.0,464.0,2162.0,946.0
1.0,6394.0,3141.0,1598.0,0.0,3139.0,3139.0,1118.0,480.0,2194.0,947.0
1.0,3253.0,1628.0,1626.0,0.0,4879.0,4879.0,1138.0,488.0,1148.0,480.0
1.0,1625.0,27.0,1602.0,3139.0,1671.0,1671.0,1121.0,481.0,27.0,0.0
1.0,4737.0,19.0,1551.0,4879.0,0.0,0.0,1086.0,465.0,19.0,0.0
1.0,9597.0,1649.0,1525.0,1671.0,0.0,0.0,1068.0,457.0,1153.0,496.0
1.0,9619.0,3180.0,1550.0,0.0,0.0,0.0,1085.0,465.0,2219.0,961.0
1.0,6439.0,3136.0,1602.0,0.0,3105.0,3105.0,1121.0,481.0,2188.0,948.0
1.0,3303.0,1603.0,1633.0,0.0,4832.0,4832.0,1143.0,490.0,1124.0,479.0
1.0,1700.0,0.0,1610.0,3105.0,1635.0,1635.0,1127.0,483.0,0.0,0.0
1.0,4805.0,0.0,1558.0,4832.0,0.0,0.0,1091.0,467.0,0.0,0.0
1.0,9637.0,1582.0,1530.0,1635.0,0.0,0.0,1071.0,459.0,1113.0,469.0
1.0,9690.0,3192.0,1556.0,0.0,0.0,0.0,1089.0,467.0,2241.0,951.0
1.0,6498.0,3166.0,1608.0,0.0,3100.0,3100.0,1125.0,483.0,2216.0,950.0
1.0,3332.0,1621.0,1636.0,0.0,4833.0,4833.0,1145.0,491.0,1129.0,492.0
1.0,1711.0,129.0,1613.0,3100.0,1770.0,1770.0,1129.0,484.0,83.0,46.0
1.0,4682.0,87.0,1561.0,4833.0,0.0,0.0,1093.0,468.0,62.0,25.0
1.0,9428.0,1586.0,1534.0,1770.0,0.0,0.0,1074.0,460.0,1117.0,469.0
1.0,9612.0,3171.0,1562.0,0.0,0.0,0.0,1093.0,469.0,2225.0,946.0
1.0,6441.0,3145.0,1616.0,0.0,3168.0,3168.0,1131.0,485.0,2200.0,945.0
1.0,3296.0,1548.0,1643.0,0.0,4824.0,4824.0,1150.0,493.0,1077.0,471.0
1.0,1748.0,4.0,1616.0,3168.0,1552.0,1552.0,1131.0,485.0,0.0,4.0
1.0,4912.0,48.0,1563.0,4824.0,0.0,0.0,1094.0,469.0,35.0,13.0
1.0,9688.0,1651.0,1535.0,1552.0,0.0,0.0,1075.0,460.0,1161.0,490.0
1.0,9589.0,3204.0,1563.0,0.0,0.0,0.0,1094.0,469.0,2247.0,957.0
1.0,6385.0,3154.0,1619.0,0.0,3245.0,3245.0,1133.0,486.0,2207.0,947.0
1.0,3231.0,1490.0,1646.0,0.0,4843.0,4843.0,1152.0,494.0,1039.0,451.0
1.0,1741.0,0.0,1620.0,3245.0,1494.0,1494.0,1134.0,486.0,0.0,0.0
1.0,4986.0,0.0,1567.0,4843.0,0.0,0.0,1097.0,470.0,0.0,0.0
1.0,9829.0,1490.0,1537.0,1494.0,0.0,0.0,1076.0,461.0,1041.0,449.0
1.0,9833.0,3056.0,1562.0,0.0,0.0,0.0,1093.0,469.0,2137.0,919.0
1.0,6777.0,3167.0,1616.0,0.0,2854.0,2854.0,1131.0,485.0,2217.0,950.0
1.0,3610.0,1735.0,1646.0,0.0,4709.0,4709.0,1152.0,494.0,1217.0,518.0
1.0,1875.0,201.0,1623.0,2854.0,1964.0,1964.0,1136.0,487.0,144.0,57.0
1.0,4528.0,47.0,1570.0,4709.0,0.0,0.0,1099.0,471.0,35.0,12.0
1.0,9190.0,1403.0,1541.0,1964.0,0.0,0.0,1079.0,462.0,980.0,423.0
1.0,9751.0,2934.0,1564.0,0.0,0.0,0.0,1095.0,469.0,2051.0,883.0
1.0,6817.0,3153.0,1619.0,0.0,2812.0,2812.0,1133.0,486.0,2205.0,948.0
1.0,3664.0,1875.0,1651.0,0.0,4815.0,4815.0,1155.0,496.0,1313.0,562.0
1.0,1789.0,362.0,1627.0,2812.0,2269.0,2269.0,1139.0,488.0,256.0,106.0
1.0,4239.0,127.0,1573.0,4815.0,0.0,0.0,1101.0,472.0,92.0,35.0
1.0,8927.0,1405.0,1544.0,2269.0,0.0,0.0,1081.0,463.0,982.0,423.0
1.0,9791.0,2928.0,1570.0,0.0,0.0,0.0,1099.0,471.0,2046.0,882.0
1.0,6863.0,3119.0,1626.0,0.0,2760.0,2760.0,1138.0,488.0,2181.0,938.0
1.0,3744.0,1845.0,1658.0,0.0,4733.0,4733.0,1160.0,498.0,1291.0,554.0
1.0,1899.0,392.0,1633.0,2760.0,2265.0,2265.0,1143.0,490.0,276.0,116.0
1.0,4267.0,91.0,1575.0,4733.0,0.0,0.0,1103.0,472.0,67.0,24.0
1.0,8909.0,1255.0,1542.0,2265.0,0.0,0.0,1080.0,462.0,880.0,375.0
1.0,9919.0,2764.0,1566.0,0.0,0.0,0.0,1096.0,470.0,1933.0,831.0
1.0,7155.0,3156.0,1625.0,0.0,2501.0,2501.0,1137.0,488.0,2204.0,952.0
1.0,3999.0,1996.0,1662.0,0.0,4645.0,4645.0,1163.0,499.0,1395.0,601.0
1.0,2003.0,493.0,1640.0,2501.0,2549.0,2549.0,1148.0,492.0,349.0,144.0
1.0,4011.0,97.0,1582.0,4645.0,0.0,0.0,1108.0,474.0,74.0,23.0
1.0,8559.0,1303.0,1547.0,2549.0,0.0,0.0,1083.0,464.0,911.0,392.0
1.0,9805.0,2853.0,1570.0,0.0,0.0,0.0,1099.0,471.0,1991.0,862.0
1.0,6952.0,3148.0,1630.0,0.0,2716.0,2716.0,1141.0,489.0,2200.0,948.0
1.0,3804.0,1974.0,1668.0,0.0,4842.0,4842.0,1167.0,501.0,1383.0,591.0
1.0,1830.0,425.0,1644.0,2716.0,2455.0,2455.0,1151.0,493.0,304.0,121.0
1.0,4121.0,85.0,1584.0,4842.0,0.0,0.0,1109.0,475.0,63.0,22.0
1.0,8878.0,1300.0,1550.0,2455.0,0.0,0.0,1085.0,465.0,907.0,393.0
1.0,10033.0,2861.0,1573.0,0.0,0.0,0.0,1101.0,472.0,1996.0,865.0
1.0,7172.0,3247.0,1636.0,0.0,2619.0,2619.0,1145.0,491.0,2270.0,977.0
1.0,3925.0,1959.0,1673.0,0.0,4726.0,4726.0,1171.0,502.0,1374.0,585.0
1.0,1966.0,395.0,1651.0,2619.0,2414.0,2414.0,1156.0,495.0,283.0,112.0
1.0,4190.0,86.0,1591.0,4726.0,0.0,0.0,1114.0,477.0,65.0,21.0
1.0,8830.0,1356.0,1556.0,2414.0,0.0,0.0,1089.0,467.0,946.0,410.0
1.0,9888.0,2903.0,1580.0,0.0,0.0,0.0,1106.0,474.0,2024.0,879.0
1.0,6985.0,3223.0,1640.0,0.0,2798.0,2798.0,1148.0,492.0,2251.0,972.0
1.0,3762.0,2012.0,1677.0,0.0,4958.0,4958.0,1174.0,503.0,1411.0,601.0
1.0,1750.0,401.0,1654.0,2798.0,2469.0,2469.0,1158.0,496.0,287.0,114.0
1.0,4147.0,20.0,1594.0,4958.0,0.0,0.0,1116.0,478.0,20.0,0.0
1.0,9085.0,1245.0,1557.0,2469.0,0.0,0.0,1090.0,467.0,870.0,375.0
1.0,10309.0,2799.0,1581.0,0.0,0.0,0.0,1107.0,474.0,1952.0,847.0
1.0,7510.0,3199.0,1643.0,0.0,2261.0,2261.0,1150.0,493.0,2235.0,964.0
1.0,4311.0,2024.0,1681.0,0.0,4437.0,4437.0,1177.0,504.0,1420.0,604.0
1.0,2287.0,507.0,1659.0,2261.0,2595.0,2595.0,1161.0,498.0,361.0,146.0
1.0,4041.0,151.0,1600.0,4437.0,0.0,0.0,1120.0,480.0,110.0,41.0
1.0,8327.0,1277.0,1564.0,2595.0,0.0,0.0,1095.0,469.0,892.0,385.0
1.0,9645.0,2765.0,1589.0,0.0,0.0,0.0,1112.0,477.0,1928.0,837.0
1.0,6880.0,3180.0,1650.0,0.0,2900.0,2900.0,1155.0,495.0,2223.0,957.0
1.0,3700.0,2037.0,1689.0,0.0,5093.0,5093.0,1182.0,507.0,1429.0,608.0
1.0,1663.0,512.0,1670.0,2900.0,2629.0,2629.0,1169.0,501.0,367.0,145.0
1.0,4051.0,51.0,1612.0,5093.0,0.0,0.0,1129.0,483.0,41.0,10.0
1.0,9093.0,1236.0,1575.0,2629.0,0.0,0.0,1103.0,472.0,860.0,376.0
1.0,10486.0,2773.0,1595.0,0.0,0.0,0.0,1116.0,479.0,1929.0,844.0
1.0,7713.0,3169.0,1652.0,0.0,2064.0,2064.0,1156.0,496.0,2211.0,958.0
1.0,4544.0,2019.0,1690.0,0.0,4235.0,4235.0,1183.0,507.0,1419.0,600.0
1.0,2525.0,537.0,1673.0,2064.0,2640.0,2640.0,1171.0,502.0,388.0,149.0
1.0,4052.0,189.0,1621.0,4235.0,0.0,0.0,1135.0,486.0,140.0,49.0
1.0,8098.0,1277.0,1584.0,2640.0,0.0,0.0,1109.0,475.0,889.0,388.0
1.0,9461.0,2758.0,1602.0,0.0,0.0,0.0,1121.0,481.0,1918.0,840.0
1.0,6703.0,3140.0,1655.0,0.0,3057.0,3057.0,1158.0,497.0,2187.0,953.0
1.0,3563.0,2090.0,1693.0,0.0,5299.0,5299.0,1185.0,508.0,1466.0,624.0
1.0,1473.0,614.0,1677.0,3057.0,2792.0,2792.0,1174.0,503.0,445.0,169.0
1.0,3916.0,184.0,1625.0,5299.0,0.0,0.0,1138.0,487.0,141.0,43.0
1.0,9031.0,1214.0,1588.0,2792.0,0.0,0.0,1112.0,476.0,847.0,367.0
1.0,10609.0,2655.0,1604.0,0.0,0.0,0.0,1123.0,481.0,1843.0,812.0
1.0,7954.0,3049.0,1655.0,0.0,1715.0,1715.0,1158.0,497.0,2120.0,929.0
1.0,4905.0,2114.0,1694.0,0.0,3985.0,3985.0,1185.0,509.0,1482.0,632.0
1.0,2791.0,746.0,1684.0,1715.0,2976.0,2976.0,1179.0,505.0,537.0,209.0
1.0,3760.0,359.0,1638.0,3985.0,0.0,0.0,1147.0,491.0,266.0,93.0
1.0,7386.0,1261.0,1601.0,2976.0,0.0,0.0,1121.0,480.0,883.0,378.0
1.0,9101.0,2534.0,1611.0,0.0,0.0,0.0,1128.0,483.0,1759.0,775.0
1.0,6567.0,2897.0,1658.0,0.0,2962.0,2962.0,1160.0,498.0,2013.0,884.0
1.0,3670.0,2051.0,1695.0,0.0,5161.0,5161.0,1186.0,509.0,1434.0,617.0
1.0,1619.0,839.0,1686.0,2962.0,3002.0,3002.0,1180.0,506.0,600.0,239.0
1.0,3742.0,451.0,1640.0,5161.0,0.0,0.0,1148.0,492.0,330.0,121.0
1.0,8452.0,1321.0,1605.0,3002.0,0.0,0.0,1124.0,481.0,929.0,392.0
1.0,10133.0,2526.0,1616.0,0.0,0.0,0.0,1131.0,485.0,1757.0,769.0
1.0,7607.0,2825.0,1662.0,0.0,1866.0,1866.0,1163.0,499.0,1963.0,862.0
1.0,4782.0,1963.0,1698.0,0.0,3973.0,3973.0,1188.0,510.0,1368.0,595.0
1.0,2819.0,845.0,1689.0,1866.0,2916.0,2916.0,1182.0,507.0,601.0,244.0
1.0,3840.0,606.0,1646.0,3973.0,0.0,0.0,1152.0,494.0,441.0,165.0
1.0,7207.0,1411.0,1611.0,2916.0,0.0,0.0,1128.0,483.0,995.0,416.0
1.0,8712.0,2499.0,1621.0,0.0,271.0,271.0,1135.0,486.0,1738.0,761.0
1.0,6213.0,2764.0,1666.0,0.0,3215.0,3215.0,1166.0,500.0,1916.0,848.0
1.0,3449.0,1966.0,1702.0,271.0,5054.0,5054.0,1191.0,511.0,1370.0,596.0
1.0,1754.0,869.0,1693.0,3215.0,2672.0,2672.0,1185.0,508.0,621.0,248.0
1.0,4100.0,605.0,1650.0,5054.0,0.0,0.0,1155.0,495.0,441.0,164.0
1.0,8549.0,1371.0,1614.0,2672.0,0.0,0.0,1130.0,484.0,966.0,405.0
1.0,9850.0,2430.0,1621.0,0.0,0.0,0.0,1135.0,486.0,1690.0,740.0
1.0,7420.0,2786.0,1668.0,0.0,2038.0,2038.0,1167.0,501.0,1931.0,855.0
1.0,4634.0,1966.0,1705.0,0.0,4152.0,4152.0,1193.0,512.0,1368.0,598.0
1.0,2668.0,894.0,1698.0,2038.0,2980.0,2980.0,1188.0,510.0,638.0,256.0
1.0,3812.0,577.0,1655.0,4152.0,0.0,0.0,1159.0,496.0,423.0,154.0
1.0,7387.0,1396.0,1621.0,2980.0,0.0,0.0,1135.0,486.0,985.0,411.0
1.0,8971.0,2481.0,1630.0,0.0,30.0,30.0,1141.0,489.0,1727.0,754.0
1.0,6490.0,2747.0,1673.0,0.0,2949.0,2949.0,1171.0,502.0,1904.0,843.0
1.0,3743.0,1966.0,1708.0,30.0,5025.0,5025.0,1195.0,513.0,1368.0,598.0
1.0,1807.0,877.0,1700.0,2949.0,2921.0,2921.0,1190.0,510.0,622.0,255.0
1.0,3879.0,574.0,1658.0,5025.0,0.0,0.0,1161.0,497.0,419.0,155.0
1.0,8330.0,1279.0,1621.0,2921.0,0.0,0.0,1135.0,486.0,905.0,374.0
1.0,9972.0,2298.0,1626.0,0.0,0.0,0.0,1138.0,488.0,1601.0,697.0
1.0,7674.0,2714.0,1669.0,0.0,1716.0,1716.0,1168.0,501.0,1884.0,830.0
1.0,4960.0,2059.0,1707.0,0.0,3927.0,3927.0,1194.0,513.0,1430.0,629.0
1.0,2901.0,998.0,1702.0,1716.0,3189.0,3189.0,1191.0,511.0,703.0,295.0
1.0,3619.0,633.0,1661.0,3927.0,0.0,0.0,1163.0,498.0,460.0,173.0
1.0,6913.0,1321.0,1626.0,3189.0,0.0,0.0,1139.0,487.0,938.0,383.0
1.0,8781.0,2379.0,1633.0,0.0,130.0,130.0,1143.0,490.0,1660.0,719.0
1.0,6402.0,2743.0,1675.0,0.0,3041.0,3041.0,1172.0,503.0,1901.0,842.0
1.0,3659.0,2047.0,1711.0,130.0,5102.0,5102.0,1197.0,514.0,1419.0,628.0
1.0,1742.0,998.0,1705.0,3041.0,3035.0,3035.0,1193.0,512.0,705.0,293.0
1.0,3785.0,647.0,1665.0,5102.0,0.0,0.0,1166.0,499.0,473.0,174.0
1.0,8240.0,1337.0,1630.0,3035.0,0.0,0.0,1142.0,488.0,948.0,389.0
1.0,9938.0,2407.0,1637.0,0.0,0.0,0.0,1146.0,491.0,1677.0,730.0
1.0,7531.0,2747.0,1678.0,0.0,1928.0,1928.0,1174.0,504.0,1903.0,844.0
1.0,4784.0,2026.0,1713.0,0.0,4094.0,4094.0,1198.0,515.0,1406.0,620.0
1.0,2758.0,977.0,1708.0,1928.0,3123.0,3123.0,1195.0,513.0,693.0,284.0
1.0,3709.0,717.0,1671.0,4094.0,0.0,0.0,1170.0,501.0,523.0,194.0
1.0,7086.0,1424.0,1640.0,3123.0,0.0,0.0,1149.0,491.0,1010.0,414.0
1.0,8785.0,2433.0,1646.0,0.0,232.0,232.0,1153.0,493.0,1695.0,738.0
1.0,6352.0,2683.0,1683.0,0.0,3063.0,3063.0,1178.0,505.0,1857.0,826.0
1.0,3669.0,1986.0,1714.0,232.0,4941.0,4941.0,1199.0,515.0,1377.0,609.0
1.0,1915.0,971.0,1709.0,3063.0,2829.0,2829.0,1196.0,513.0,686.0,285.0
1.0,4007.0,671.0,1673.0,4941.0,0.0,0.0,1171.0,502.0,489.0,182.0
1.0,8277.0,1428.0,1645.0,2829.0,0.0,0.0,1152.0,493.0,1015.0,413.0
1.0,9678.0,2498.0,1653.0,0.0,0.0,0.0,1158.0,495.0,1742.0,756.0
1.0,7180.0,2780.0,1690.0,0.0,2360.0,2360.0,1183.0,507.0,1925.0,855.0
1.0,4400.0,1925.0,1719.0,0.0,4401.0,4401.0,1203.0,516.0,1332.0,593.0
1.0,2475.0,863.0,1711.0,2360.0,2872.0,2872.0,1197.0,514.0,611.0,252.0
1.0,3972.0,682.0,1674.0,4401.0,0.0,0.0,1172.0,502.0,501.0,181.0
1.0,7691.0,1494.0,1649.0,2872.0,0.0,0.0,1155.0,494.0,1060.0,434.0
1.0,9069.0,2500.0,1659.0,0.0,67.0,67.0,1162.0,497.0,1742.0,758.0
1.0,6569.0,2721.0,1696.0,0.0,2936.0,2936.0,1187.0,509.0,1882.0,839.0
1.0,3848.0,1952.0,1721.0,67.0,4921.0,4921.0,1204.0,517.0,1352.0,600.0
1.0,1963.0,977.0,1714.0,2936.0,2934.0,2934.0,1199.0,515.0,693.0,284.0
1.0,3922.0,692.0,1678.0,4921.0,0.0,0.0,1175.0,503.0,508.0,184.0
1.0,8151.0,1398.0,1652.0,2934.0,0.0,0.0,1157.0,495.0,993.0,405.0
1.0,9687.0,2400.0,1661.0,0.0,0.0,0.0,1163.0,498.0,1671.0,729.0
1.0,7287.0,2671.0,1695.0,0.0,2164.0,2164.0,1186.0,509.0,1846.0,825.0
1.0,4616.0,2009.0,1722.0,0.0,4281.0,4281.0,1205.0,517.0,1390.0,619.0
1.0,2607.0,1028.0,1715.0,2164.0,3117.0,3117.0,1200.0,515.0,727.0,301.0
1.0,3743.0,716.0,1683.0,4281.0,0.0,0.0,1178.0,505.0,526.0,190.0
1.0,7308.0,1336.0,1655.0,3117.0,0.0,0.0,1159.0,496.0,951.0,385.0
1.0,9089.0,2286.0,1661.0,0.0,0.0,0.0,1163.0,498.0,1591.0,695.0
1.0,6803.0,2650.0,1694.0,0.0,2623.0,2623.0,1186.0,508.0,1830.0,820.0
1.0,4153.0,2064.0,1724.0,0.0,4807.0,4807.0,1206.0,518.0,1430.0,634.0
1.0,2089.0,1144.0,1718.0,2623.0,3304.0,3304.0,1202.0,516.0,811.0,333.0
1.0,3568.0,784.0,1686.0,4807.0,0.0,0.0,1180.0,506.0,572.0,212.0
1.0,7591.0,1327.0,1658.0,3304.0,0.0,0.0,1161.0,497.0,942.0,385.0
1.0,9568.0,2237.0,1664.0,0.0,0.0,0.0,1165.0,499.0,1556.0,681.0
1.0,7331.0,2608.0,1697.0,0.0,2065.0,2065.0,1188.0,509.0,1804.0,804.0
1.0,4723.0,2061.0,1725.0,0.0,4238.0,4238.0,1207.0,518.0,1431.0,630.0
1.0,2662.0,1117.0,1722.0,2065.0,3278.0,3278.0,1205.0,517.0,793.0,324.0
1.0,3610.0,760.0,1693.0,4238.0,0.0,0.0,1185.0,508.0,553.0,207.0
1.0,7088.0,1327.0,1666.0,3278.0,0.0,0.0,1167.0,499.0,939.0,388.0
1.0,9039.0,2247.0,1669.0,0.0,0.0,0.0,1169.0,500.0,1563.0,684.0
1.0,6792.0,2593.0,1700.0,0.0,2601.0,2601.0,1190.0,510.0,1795.0,798.0
1.0,4199.0,2058.0,1728.0,0.0,4771.0,4771.0,1209.0,519.0,1430.0,628.0
1.0,2141.0,1189.0,1725.0,2601.0,3347.0,3347.0,1207.0,518.0,840.0,349.0
1.0,3553.0,801.0,1695.0,4771.0,0.0,0.0,1186.0,509.0,579.0,222.0
1.0,7523.0,1313.0,1668.0,3347.0,0.0,0.0,1168.0,500.0,930.0,383.0
1.0,9557.0,2266.0,1672.0,0.0,0.0,0.0,1171.0,501.0,1580.0,686.0
1.0,7291.0,2676.0,1704.0,0.0,2201.0,2201.0,1193.0,511.0,1856.0,820.0
1.0,4615.0,2069.0,1731.0,0.0,4378.0,4378.0,1211.0,520.0,1437.0,632.0
1.0,2546.0,1130.0,1727.0,2201.0,3291.0,3291.0,1208.0,519.0,797.0,333.0
1.0,3617.0,840.0,1697.0,4378.0,0.0,0.0,1188.0,509.0,604.0,236.0
1.0,7155.0,1403.0,1671.0,3291.0,0.0,0.0,1170.0,501.0,992.0,411.0
1.0,9043.0,2277.0,1676.0,0.0,0.0,0.0,1174.0,502.0,1589.0,688.0
1.0,6766.0,2561.0,1707.0,0.0,2623.0,2623.0,1195.0,512.0,1778.0,783.0
1.0,4205.0,2003.0,1731.0,0.0,4722.0,4722.0,1211.0,520.0,1391.0,612.0
1.0,2202.0,1196.0,1727.0,2623.0,3279.0,3279.0,1208.0,519.0,842.0,354.0
1.0,3629.0,913.0,1698.0,4722.0,0.0,0.0,1188.0,510.0,655.0,258.0
1.0,7438.0,1419.0,1674.0,3279.0,0.0,0.0,1172.0,502.0,1004.0,415.0
1.0,9298.0,2241.0,1678.0,0.0,0.0,0.0,1175.0,503.0,1563.0,678.0
1.0,7057.0,2524.0,1708.0,0.0,2299.0,2299.0,1196.0,512.0,1752.0,772.0
1.0,4533.0,2010.0,1734.0,0.0,4413.0,4413.0,1213.0,521.0,1395.0,615.0
1.0,2523.0,1250.0,1731.0,2299.0,3352.0,3352.0,1211.0,520.0,879.0,371.0
1.0,3572.0,1044.0,1703.0,4413.0,0.0,0.0,1192.0,511.0,748.0,296.0
1.0,6941.0,1534.0,1678.0,3352.0,0.0,0.0,1175.0,503.0,1087.0,447.0
1.0,8759.0,2212.0,1685.0,0.0,193.0,193.0,1180.0,505.0,1543.0,669.0
1.0,6547.0,2368.0,1713.0,0.0,2673.0,2673.0,1199.0,514.0,1639.0,729.0
1.0,4179.0,1886.0,1736.0,193.0,4458.0,4458.0,1215.0,521.0,1307.0,579.0
1.0,2486.0,1245.0,1731.0,2673.0,3010.0,3010.0,1211.0,520.0,877.0,368.0
1.0,3914.0,1120.0,1705.0,4458.0,0.0,0.0,1193.0,512.0,804.0,316.0
1.0,7252.0,1646.0,1684.0,3010.0,0.0,0.0,1179.0,505.0,1165.0,481.0
1.0,8616.0,2286.0,1691.0,0.0,434.0,434.0,1184.0,507.0,1593.0,693.0
1.0,6330.0,2405.0,1718.0,0.0,2947.0,2947.0,1203.0,515.0,1665.0,740.0
1.0,3925.0,1945.0,1742.0,434.0,4554.0,4554.0,1219.0,523.0,1350.0,595.0
1.0,2414.0,1290.0,1740.0,2947.0,2889.0,2889.0,1217.0,523.0,911.0,379.0
1.0,4071.0,1099.0,1715.0,4554.0,0.0,0.0,1200.0,515.0,789.0,310.0
1.0,7526.0,1520.0,1693.0,2889.0,0.0,0.0,1186.0,507.0,1074.0,446.0
1.0,8895.0,2151.0,1696.0,0.0,40.0,40.0,1188.0,508.0,1496.0,655.0
1.0,6744.0,2394.0,1721.0,0.0,2534.0,2534.0,1205.0,516.0,1657.0,737.0
1.0,4350.0,1927.0,1745.0,40.0,4517.0,4517.0,1221.0,524.0,1340.0,587.0
1.0,2463.0,1281.0,1744.0,2534.0,3260.0,3260.0,1220.0,524.0,905.0,376.0
1.0,3716.0,1102.0,1722.0,4517.0,0.0,0.0,1205.0,517.0,790.0,312.0
1.0,7131.0,1574.0,1701.0,3260.0,0.0,0.0,1191.0,510.0,1113.0,461.0
1.0,8817.0,2223.0,1703.0,0.0,218.0,218.0,1193.0,510.0,1546.0,677.0
1.0,6594.0,2404.0,1728.0,0.0,2722.0,2722.0,1210.0,518.0,1663.0,741.0
1.0,4190.0,1861.0,1749.0,218.0,4449.0,4449.0,1224.0,525.0,1292.0,569.0
1.0,2547.0,1181.0,1746.0,2722.0,2896.0,2896.0,1222.0,524.0,837.0,344.0
1.0,4088.0,1100.0,1724.0,4449.0,0.0,0.0,1207.0,517.0,792.0,308.0
1.0,7437.0,1653.0,1706.0,2896.0,0.0,0.0,1195.0,511.0,1169.0,484.0
1.0,8680.0,2236.0,1709.0,0.0,392.0,392.0,1197.0,512.0,1555.0,681.0
1.0,6444.0,2319.0,1732.0,0.0,2803.0,2803.0,1212.0,520.0,1600.0,719.0
1.0,4125.0,1857.0,1754.0,392.0,4356.0,4356.0,1227.0,527.0,1288.0,569.0
1.0,2660.0,1269.0,1752.0,2803.0,2814.0,2814.0,1226.0,526.0,901.0,368.0
1.0,4194.0,1136.0,1731.0,4356.0,0.0,0.0,1212.0,519.0,817.0,319.0
1.0,7414.0,1608.0,1712.0,2814.0,0.0,0.0,1199.0,513.0,1136.0,472.0
1.0,8620.0,2192.0,1715.0,0.0,432.0,432.0,1201.0,514.0,1523.0,669.0
1.0,6428.0,2294.0,1736.0,0.0,2810.0,2810.0,1215.0,521.0,1584.0,710.0
1.0,4134.0,1889.0,1757.0,432.0,4351.0,4351.0,1229.0,528.0,1311.0,578.0
1.0,2677.0,1279.0,1756.0,2810.0,2816.0,2816.0,1229.0,527.0,906.0,373.0
1.0,4208.0,1163.0,1734.0,4351.0,0.0,0.0,1214.0,520.0,836.0,327.0
1.0,7396.0,1654.0,1715.0,2816.0,0.0,0.0,1201.0,514.0,1169.0,485.0
1.0,8558.0,2312.0,1719.0,0.0,630.0,630.0,1204.0,515.0,1607.0,705.0
1.0,6246.0,2365.0,1743.0,0.0,3091.0,3091.0,1220.0,523.0,1633.0,732.0
1.0,3881.0,1766.0,1761.0,630.0,4299.0,4299.0,1232.0,529.0,1227.0,539.0
1.0,2745.0,1143.0,1756.0,3091.0,2331.0,2331.0,1229.0,527.0,812.0,331.0
1.0,4693.0,1159.0,1734.0,4299.0,0.0,0.0,1214.0,520.0,834.0,325.0
1.0,7833.0,1712.0,1718.0,2331.0,0.0,0.0,1203.0,515.0,1209.0,503.0
1.0,8452.0,2338.0,1725.0,0.0,786.0,786.0,1208.0,517.0,1626.0,712.0
1.0,6114.0,2375.0,1747.0,0.0,3249.0,3249.0,1223.0,524.0,1641.0,734.0
1.0,3739.0,1847.0,1765.0,786.0,4382.0,4382.0,1235.0,530.0,1280.0,567.0
1.0,2678.0,1242.0,1762.0,3249.0,2363.0,2363.0,1233.0,529.0,879.0,363.0
1.0,4685.0,1176.0,1742.0,4382.0,0.0,0.0,1219.0,523.0,843.0,333.0
1.0,7891.0,1719.0,1726.0,2363.0,0.0,0.0,1209.0,517.0,1215.0,504.0
1.0,8535.0,2284.0,1732.0,0.0,677.0,677.0,1213.0,519.0,1592.0,692.0
1.0,6251.0,2328.0,1753.0,0.0,3089.0,3089.0,1227.0,526.0,1611.0,717.0
1.0,3923.0,1843.0,1768.0,677.0,4315.0,4315.0,1237.0,531.0,1278.0,565.0
1.0,2757.0,1255.0,1762.0,3089.0,2457.0,2457.0,1233.0,529.0,885.0,370.0
1.0,4591.0,1259.0,1744.0,4315.0,0.0,0.0,1221.0,523.0,898.0,361.0
1.0,7647.0,1850.0,1734.0,2457.0,0.0,0.0,1214.0,520.0,1305.0,545.0
1.0,8254.0,2371.0,1743.0,0.0,1089.0,1089.0,1221.0,522.0,1654.0,717.0
1.0,5883.0,2325.0,1764.0,0.0,3498.0,3498.0,1235.0,529.0,1613.0,712.0
1.0,3558.0,1730.0,1776.0,1089.0,4187.0,4187.0,1243.0,533.0,1202.0,528.0
1.0,2917.0,1185.0,1767.0,3498.0,1838.0,1838.0,1236.0,531.0,832.0,353.0
1.0,5230.0,1252.0,1747.0,4187.0,0.0,0.0,1223.0,524.0,889.0,363.0
1.0,8165.0,1823.0,1735.0,1838.0,0.0,0.0,1215.0,520.0,1286.0,537.0
1.0,8180.0,2282.0,1742.0,0.0,1070.0,1070.0,1220.0,522.0,1595.0,687.0
1.0,5898.0,2256.0,1761.0,0.0,3402.0,3402.0,1233.0,528.0,1568.0,688.0
1.0,3642.0,1751.0,1773.0,1070.0,4131.0,4131.0,1241.0,532.0,1214.0,537.0
1.0,2961.0,1289.0,1769.0,3402.0,2002.0,2002.0,1238.0,531.0,903.0,386.0
1.0,5074.0,1318.0,1753.0,4131.0,0.0,0.0,1227.0,526.0,936.0,382.0
1.0,7887.0,1853.0,1742.0,2002.0,0.0,0.0,1220.0,522.0,1308.0,545.0
1.0,8036.0,2333.0,1751.0,0.0,1301.0,1301.0,1226.0,525.0,1632.0,701.0
1.0,5703.0,2246.0,1768.0,0.0,3615.0,3615.0,1238.0,530.0,1561.0,685.0
1.0,3457.0,1748.0,1781.0,1301.0,4114.0,4114.0,1246.0,535.0,1212.0,536.0
1.0,3010.0,1205.0,1774.0,3615.0,1676.0,1676.0,1241.0,533.0,842.0,363.0
1.0,5420.0,1173.0,1754.0,4114.0,0.0,0.0,1228.0,526.0,831.0,342.0
1.0,8361.0,1731.0,1741.0,1676.0,0.0,0.0,1219.0,522.0,1223.0,508.0
1.0,8306.0,2379.0,1751.0,0.0,1077.0,1077.0,1226.0,525.0,1669.0,710.0
1.0,5927.0,2425.0,1775.0,0.0,3598.0,3598.0,1243.0,532.0,1687.0,738.0
1.0,3502.0,1817.0,1789.0,1077.0,4394.0,4394.0,1252.0,537.0,1258.0,559.0
1.0,2762.0,1189.0,1780.0,3598.0,1949.0,1949.0,1245.0,535.0,830.0,359.0
1.0,5171.0,1039.0,1756.0,4394.0,0.0,0.0,1229.0,527.0,739.0,300.0
1.0,8526.0,1566.0,1742.0,1949.0,0.0,0.0,1220.0,522.0,1110.0,456.0
1.0,8909.0,2297.0,1751.0,0.0,392.0,392.0,1226.0,525.0,1610.0,687.0
1.0,6612.0,2474.0,1774.0,0.0,2958.0,2958.0,1242.0,532.0,1720.0,754.0
1.0,4138.0,1951.0,1789.0,392.0,4577.0,4577.0,1252.0,537.0,1353.0,598.0
1.0,2579.0,1230.0,1782.0,2958.0,2821.0,2821.0,1247.0,535.0,860.0,370.0
1.0,4307.0,1097.0,1762.0,4577.0,0.0,0.0,1233.0,529.0,778.0,319.0
1.0,7787.0,1658.0,1749.0,2821.0,0.0,0.0,1225.0,524.0,1173.0,485.0
1.0,8950.0,2301.0,1757.0,0.0,379.0,379.0,1231.0,526.0,1613.0,688.0
1.0,6649.0,2393.0,1778.0,0.0,2856.0,2856.0,1245.0,533.0,1665.0,728.0
1.0,4256.0,1877.0,1792.0,379.0,4410.0,4410.0,1254.0,538.0,1303.0,574.0
1.0,2758.0,1285.0,1785.0,2856.0,2811.0,2811.0,1249.0,536.0,896.0,389.0
1.0,4329.0,1210.0,1763.0,4410.0,0.0,0.0,1234.0,529.0,854.0,356.0
1.0,7529.0,1730.0,1751.0,2811.0,0.0,0.0,1226.0,525.0,1223.0,507.0
1.0,8610.0,2324.0,1762.0,0.0,762.0,762.0,1234.0,528.0,1630.0,694.0
1.0,6286.0,2324.0,1785.0,0.0,3178.0,3178.0,1250.0,535.0,1618.0,706.0
1.0,3962.0,1823.0,1798.0,762.0,4291.0,4291.0,1258.0,540.0,1265.0,558.0
1.0,2901.0,1322.0,1791.0,3178.0,2407.0,2407.0,1253.0,538.0,924.0,398.0
1.0,4757.0,1313.0,1771.0,4291.0,0.0,0.0,1239.0,532.0,927.0,386.0
1.0,7735.0,1828.0,1760.0,2407.0,0.0,0.0,1232.0,528.0,1290.0,538.0
1.0,8314.0,2257.0,1768.0,0.0,1015.0,1015.0,1238.0,530.0,1581.0,676.0
1.0,6057.0,2295.0,1788.0,0.0,3390.0,3390.0,1252.0,536.0,1598.0,697.0
1.0,3762.0,1873.0,1802.0,1015.0,4304.0,4304.0,1261.0,541.0,1300.0,573.0
1.0,2904.0,1367.0,1795.0,3390.0,2253.0,2253.0,1256.0,539.0,954.0,413.0
1.0,4927.0,1299.0,1776.0,4304.0,0.0,0.0,1243.0,533.0,919.0,380.0
1.0,7932.0,1753.0,1765.0,2253.0,0.0,0.0,1236.0,529.0,1241.0,512.0
1.0,8432.0,2250.0,1772.0,0.0,906.0,906.0,1241.0,531.0,1579.0,671.0
1.0,6182.0,2344.0,1794.0,0.0,3338.0,3338.0,1256.0,538.0,1629.0,715.0
1.0,3838.0,1903.0,1806.0,906.0,4383.0,4383.0,1264.0,542.0,1316.0,587.0
1.0,2841.0,1338.0,1797.0,3338.0,2347.0,2347.0,1257.0,540.0,934.0,404.0
1.0,4841.0,1277.0,1775.0,4383.0,0.0,0.0,1242.0,533.0,906.0,371.0
1.0,7947.0,1701.0,1763.0,2347.0,0.0,0.0,1234.0,529.0,1204.0,497.0
1.0,8593.0,2204.0,1772.0,0.0,699.0,699.0,1241.0,531.0,1544.0,660.0
1.0,6389.0,2338.0,1794.0,0.0,3125.0,3125.0,1256.0,538.0,1626.0,712.0
1.0,4051.0,1940.0,1808.0,699.0,4422.0,4422.0,1265.0,543.0,1346.0,594.0
1.0,2810.0,1411.0,1799.0,3125.0,2672.0,2672.0,1259.0,540.0,987.0,424.0
1.0,4524.0,1279.0,1780.0,4422.0,0.0,0.0,1246.0,534.0,905.0,374.0
1.0,7667.0,1658.0,1769.0,2672.0,0.0,0.0,1238.0,531.0,1171.0,487.0
1.0,8681.0,2122.0,1776.0,0.0,545.0,545.0,1244.0,532.0,1485.0,637.0
1.0,6559.0,2310.0,1796.0,0.0,2935.0,2935.0,1257.0,539.0,1607.0,703.0
1.0,4249.0,2012.0,1809.0,545.0,4454.0,4454.0,1266.0,543.0,1400.0,612.0
1.0,2782.0,1458.0,1802.0,2935.0,2949.0,2949.0,1261.0,541.0,1021.0,437.0
1.0,4259.0,1314.0,1782.0,4454.0,0.0,0.0,1247.0,535.0,930.0,384.0
1.0,7399.0,1700.0,1771.0,2949.0,0.0,0.0,1240.0,531.0,1198.0,502.0
1.0,8648.0,2164.0,1780.0,0.0,636.0,636.0,1246.0,534.0,1514.0,650.0
1.0,6484.0,2248.0,1800.0,0.0,2964.0,2964.0,1260.0,540.0,1563.0,685.0
1.0,4236.0,1877.0,1813.0,636.0,4257.0,4257.0,1269.0,544.0,1305.0,572.0
1.0,2995.0,1427.0,1808.0,2964.0,2700.0,2700.0,1265.0,543.0,1002.0,425.0
1.0,4532.0,1303.0,1786.0,4257.0,0.0,0.0,1250.0,536.0,923.0,380.0
1.0,7486.0,1649.0,1771.0,2700.0,0.0,0.0,1240.0,531.0,1162.0,487.0
1.0,8537.0,2085.0,1777.0,0.0,656.0,656.0,1244.0,533.0,1456.0,629.0
1.0,6452.0,2250.0,1797.0,0.0,2986.0,2986.0,1258.0,539.0,1564.0,686.0
1.0,4202.0,1897.0,1813.0,656.0,4291.0,4291.0,1269.0,544.0,1322.0,575.0
1.0,2961.0,1435.0,1811.0,2986.0,2732.0,2732.0,1267.0,544.0,1008.0,427.0
1.0,4512.0,1364.0,1793.0,4291.0,0.0,0.0,1255.0,538.0,964.0,400.0
1.0,7439.0,1761.0,1780.0,2732.0,0.0,0.0,1246.0,534.0,1237.0,524.0
1.0,8410.0,2176.0,1784.0,0.0,902.0,902.0,1249.0,535.0,1518.0,658.0
1.0,6234.0,2213.0,1803.0,0.0,3191.0,3191.0,1262.0,541.0,1541.0,672.0
1.0,4021.0,1866.0,1817.0,902.0,4211.0,4211.0,1272.0,545.0,1303.0,563.0
1.0,3057.0,1497.0,1815.0,3191.0,2509.0,2509.0,1270.0,545.0,1054.0,443.0
1.0,4751.0,1478.0,1799.0,4211.0,0.0,0.0,1259.0,540.0,1042.0,436.0
1.0,7484.0,1832.0,1787.0,2509.0,0.0,0.0,1251.0,536.0,1286.0,546.0
1.0,8161.0,2142.0,1793.0,0.0,1153.0,1153.0,1255.0,538.0,1496.0,646.0
1.0,6019.0,2114.0,1808.0,0.0,3327.0,3327.0,1266.0,542.0,1473.0,641.0
1.0,3905.0,1837.0,1820.0,1153.0,4059.0,4059.0,1274.0,546.0,1281.0,556.0
1.0,3221.0,1503.0,1816.0,3327.0,2219.0,2219.0,1271.0,545.0,1053.0,450.0
1.0,5045.0,1462.0,1800.0,4059.0,0.0,0.0,1260.0,540.0,1029.0,433.0
1.0,7642.0,1897.0,1792.0,2219.0,0.0,0.0,1254.0,538.0,1333.0,564.0
1.0,7964.0,2245.0,1800.0,0.0,1481.0,1481.0,1260.0,540.0,1571.0,674.0
1.0,5719.0,2120.0,1815.0,0.0,3661.0,3661.0,1271.0,544.0,1480.0,640.0
1.0,3599.0,1719.0,1823.0,1481.0,3931.0,3931.0,1276.0,547.0,1198.0,521.0
1.0,3361.0,1425.0,1815.0,3661.0,1663.0,1663.0,1270.0,545.0,996.0,429.0
1.0,5597.0,1589.0,1802.0,3931.0,0.0,0.0,1261.0,541.0,1117.0,472.0
1.0,7939.0,2007.0,1797.0,1663.0,0.0,0.0,1258.0,539.0,1411.0,596.0
1.0,7595.0,2195.0,1803.0,0.0,1812.0,1812.0,1262.0,541.0,1537.0,658.0
1.0,5400.0,2031.0,1816.0,0.0,3895.0,3895.0,1271.0,545.0,1417.0,614.0
1.0,3369.0,1745.0,1824.0,1812.0,3860.0,3860.0,1277.0,547.0,1215.0,530.0
1.0,3436.0,1552.0,1821.0,3895.0,1505.0,1505.0,1274.0,547.0,1086.0,466.0
1.0,5779.0,1701.0,1810.0,3860.0,0.0,0.0,1267.0,543.0,1198.0,503.0
1.0,7938.0,2027.0,1804.0,1505.0,0.0,0.0,1263.0,541.0,1424.0,603.0
1.0,7416.0,2221.0,1810.0,0.0,2045.0,2045.0,1267.0,543.0,1555.0,666.0
1.0,5195.0,2041.0,1824.0,0.0,4142.0,4142.0,1277.0,547.0,1424.0,617.0
1.0,3154.0,1669.0,1831.0,2045.0,3794.0,3794.0,1282.0,549.0,1160.0,509.0
1.0,3530.0,1462.0,1826.0,4142.0,1094.0,1094.0,1278.0,548.0,1021.0,441.0
1.0,6210.0,1617.0,1815.0,3794.0,0.0,0.0,1270.0,545.0,1139.0,478.0
1.0,8387.0,1977.0,1808.0,1094.0,0.0,0.0,1266.0,542.0,1393.0,584.0
1.0,7504.0,2171.0,1812.0,0.0,1915.0,1915.0,1269.0,543.0,1522.0,649.0
1.0,5333.0,2028.0,1824.0,0.0,3991.0,3991.0,1277.0,547.0,1413.0,615.0
1.0,3305.0,1666.0,1832.0,1915.0,3774.0,3774.0,1282.0,550.0,1157.0,509.0
1.0,3554.0,1499.0,1829.0,3991.0,1270.0,1270.0,1280.0,549.0,1045.0,454.0
1.0,6046.0,1694.0,1820.0,3774.0,0.0,0.0,1274.0,546.0,1193.0,501.0
1.0,8126.0,2081.0,1816.0,1270.0,0.0,0.0,1271.0,545.0,1465.0,616.0
1.0,7315.0,2220.0,1820.0,0.0,2185.0,2185.0,1274.0,546.0,1555.0,665.0
1.0,5095.0,2006.0,1831.0,0.0,4235.0,4235.0,1282.0,549.0,1399.0,607.0
1.0,3089.0,1571.0,1836.0,2185.0,3641.0,3641.0,1285.0,551.0,1092.0,479.0
1.0,3703.0,1431.0,1831.0,4235.0,817.0,817.0,1281.0,550.0,999.0,432.0
1.0,6507.0,1695.0,1822.0,3641.0,0.0,0.0,1275.0,547.0,1193.0,502.0
1.0,8453.0,2052.0,1818.0,817.0,54.0,54.0,1273.0,545.0,1446.0,606.0
1.0,7218.0,2206.0,1824.0,0.0,2284.0,2284.0,1277.0,547.0,1546.0,660.0
1.0,5012.0,1984.0,1834.0,54.0,4254.0,4254.0,1284.0,550.0,1381.0,603.0
1.0,3082.0,1649.0,1842.0,2284.0,3651.0,3651.0,1289.0,553.0,1146.0,503.0
1.0,3717.0,1590.0,1840.0,4254.0,979.0,979.0,1288.0,552.0,1112.0,478.0
1.0,6381.0,1786.0,1835.0,3651.0,0.0,0.0,1284.0,551.0,1257.0,529.0
1.0,8246.0,2035.0,1830.0,979.0,130.0,130.0,1281.0,549.0,1432.0,603.0
1.0,7190.0,2079.0,1834.0,0.0,2225.0,2225.0,1284.0,550.0,1457.0,622.0
1.0,5111.0,1878.0,1843.0,130.0,4009.0,4009.0,1290.0,553.0,1307.0,571.0
1.0,3363.0,1677.0,1849.0,2225.0,3485.0,3485.0,1294.0,555.0,1166.0,511.0
1.0,3911.0,1700.0,1847.0,4009.0,1168.0,1168.0,1293.0,554.0,1191.0,509.0
1.0,6220.0,1846.0,1841.0,3485.0,0.0,0.0,1289.0,552.0,1298.0,548.0
1.0,7859.0,2047.0,1838.0,1168.0,372.0,372.0,1287.0,551.0,1439.0,608.0
1.0,6980.0,2067.0,1841.0,0.0,2451.0,2451.0,1289.0,552.0,1448.0,619.0
1.0,4913.0,1833.0,1848.0,372.0,3940.0,3940.0,1294.0,554.0,1278.0,555.0
1.0,3452.0,1649.0,1852.0,2451.0,3154.0,3154.0,1296.0,556.0,1145.0,504.0
1.0,4254.0,1679.0,1848.0,3940.0,877.0,877.0,1293.0,555.0,1171.0,508.0
1.0,6515.0,1863.0,1843.0,3154.0,0.0,0.0,1290.0,553.0,1310.0,553.0
1.0,7806.0,1997.0,1841.0,877.0,678.0,678.0,1289.0,552.0,1408.0,589.0
1.0,6686.0,1970.0,1844.0,0.0,2660.0,2660.0,1291.0,553.0,1383.0,587.0
1.0,4716.0,1897.0,1851.0,678.0,3907.0,3907.0,1296.0,555.0,1320.0,577.0
1.0,3497.0,1794.0,1857.0,2660.0,3065.0,3065.0,1300.0,557.0,1245.0,549.0
1.0,4363.0,1742.0,1855.0,3907.0,892.0,892.0,1298.0,557.0,1215.0,527.0
1.0,6528.0,1828.0,1846.0,3065.0,0.0,0.0,1292.0,554.0,1287.0,541.0
1.0,7765.0,1942.0,1843.0,892.0,657.0,657.0,1290.0,553.0,1372.0,570.0
1.0,6715.0,1993.0,1848.0,0.0,2670.0,2670.0,1294.0,554.0,1399.0,594.0
1.0,4722.0,1915.0,1857.0,657.0,3964.0,3964.0,1300.0,557.0,1332.0,583.0
1.0,3464.0,1765.0,1861.0,2670.0,3075.0,3075.0,1302.0,559.0,1223.0,542.0
1.0,4369.0,1709.0,1855.0,3964.0,796.0,796.0,1298.0,557.0,1192.0,517.0
1.0,6624.0,1811.0,1848.0,3075.0,0.0,0.0,1293.0,555.0,1277.0,534.0
1.0,7888.0,1952.0,1847.0,796.0,656.0,656.0,1293.0,554.0,1380.0,572.0
1.0,6732.0,2007.0,1851.0,0.0,2679.0,2679.0,1296.0,555.0,1409.0,598.0
1.0,4725.0,1867.0,1857.0,656.0,3914.0,3914.0,1300.0,557.0,1296.0,571.0
1.0,3514.0,1750.0,1859.0,2679.0,2993.0,2993.0,1301.0,558.0,1210.0,540.0
1.0,4443.0,1767.0,1853.0,3914.0,822.0,822.0,1297.0,556.0,1234.0,533.0
1.0,6590.0,1913.0,1847.0,2993.0,0.0,0.0,1293.0,554.0,1351.0,562.0
1.0,7670.0,2010.0,1847.0,822.0,906.0,906.0,1293.0,554.0,1422.0,588.0
1.0,6482.0,2024.0,1854.0,0.0,2958.0,2958.0,1298.0,556.0,1418.0,606.0
1.0,4458.0,1914.0,1863.0,906.0,4002.0,4002.0,1304.0,559.0,1327.0,587.0
1.0,3450.0,1702.0,1864.0,2958.0,2750.0,2750.0,1304.0,560.0,1177.0,525.0
1.0,4706.0,1687.0,1858.0,4002.0,411.0,411.0,1300.0,558.0,1180.0,507.0
1.0,7021.0,1870.0,1853.0,2750.0,0.0,0.0,1297.0,556.0,1321.0,549.0
1.0,7901.0,2067.0,1853.0,411.0,1167.0,1167.0,1297.0,556.0,1460.0,607.0
1.0,6245.0,2037.0,1861.0,0.0,3236.0,3236.0,1303.0,558.0,1428.0,609.0
1.0,4208.0,1830.0,1867.0,1167.0,3923.0,3923.0,1307.0,560.0,1270.0,560.0
1.0,3545.0,1680.0,1866.0,3236.0,2363.0,2363.0,1306.0,560.0,1163.0,517.0
1.0,5101.0,1690.0,1859.0,3923.0,102.0,102.0,1301.0,558.0,1181.0,509.0
1.0,7334.0,1856.0,1852.0,2363.0,0.0,0.0,1296.0,556.0,1310.0,546.0
1.0,7841.0,2053.0,1853.0,102.0,1522.0,1522.0,1297.0,556.0,1450.0,603.0
1.0,5890.0,2061.0,1862.0,0.0,3619.0,3619.0,1304.0,558.0,1443.0,618.0
1.0,3829.0,1891.0,1871.0,1522.0,4024.0,4024.0,1310.0,561.0,1311.0,580.0
1.0,3460.0,1714.0,1872.0,3619.0,2123.0,2123.0,1310.0,562.0,1188.0,526.0
1.0,5365.0,1720.0,1865.0,4024.0,0.0,0.0,1305.0,560.0,1203.0,517.0
1.0,7669.0,1835.0,1858.0,2123.0,0.0,0.0,1300.0,558.0,1295.0,540.0
1.0,7957.0,1956.0,1857.0,0.0,1427.0,1427.0,1300.0,557.0,1381.0,575.0
1.0,6001.0,1984.0,1864.0,0.0,3439.0,3439.0,1305.0,559.0,1390.0,594.0
1.0,4017.0,1888.0,1870.0,1427.0,3924.0,3924.0,1309.0,561.0,1314.0,574.0
1.0,3556.0,1791.0,1870.0,3439.0,2276.0,2276.0,1309.0,561.0,1242.0,549.0
1.0,5204.0,1702.0,1863.0,3924.0,26.0,26.0,1304.0,559.0,1190.0,512.0
1.0,7426.0,1779.0,1858.0,2276.0,0.0,0.0,1300.0,558.0,1253.0,526.0
1.0,7923.0,1944.0,1859.0,26.0,1431.0,1431.0,1301.0,558.0,1371.0,573.0
1.0,6005.0,2031.0,1866.0,0.0,3490.0,3490.0,1306.0,560.0,1424.0,607.0
1.0,3974.0,1935.0,1870.0,1431.0,4010.0,4010.0,1309.0,561.0,1345.0,590.0
1.0,3470.0,1795.0,1869.0,3490.0,2311.0,2311.0,1308.0,561.0,1246.0,549.0
1.0,5165.0,1708.0,1862.0,4010.0,0.0,0.0,1303.0,559.0,1193.0,515.0
1.0,7467.0,1776.0,1857.0,2311.0,0.0,0.0,1300.0,557.0,1251.0,525.0
1.0,8002.0,1943.0,1860.0,0.0,1381.0,1381.0,1302.0,558.0,1372.0,571.0
1.0,6059.0,2034.0,1867.0,0.0,3443.0,3443.0,1307.0,560.0,1428.0,606.0
1.0,4025.0,2021.0,1874.0,1381.0,4111.0,4111.0,1312.0,562.0,1408.0,613.0
1.0,3385.0,1884.0,1873.0,3443.0,2548.0,2548.0,1311.0,562.0,1306.0,578.0
1.0,4944.0,1756.0,1869.0,4111.0,177.0,177.0,1308.0,561.0,1224.0,532.0
1.0,7299.0,1741.0,1865.0,2548.0,0.0,0.0,1305.0,560.0,1226.0,515.0
1.0,8106.0,1831.0,1863.0,177.0,1000.0,1000.0,1304.0,559.0,1293.0,538.0
1.0,6452.0,1961.0,1867.0,0.0,2977.0,2977.0,1307.0,560.0,1377.0,584.0
1.0,4491.0,2084.0,1873.0,1000.0,4085.0,4085.0,1311.0,562.0,1451.0,633.0
1.0,3407.0,2027.0,1877.0,2977.0,3151.0,3151.0,1314.0,563.0,1407.0,620.0
1.0,4357.0,1857.0,1875.0,4085.0,915.0,915.0,1312.0,563.0,1297.0,560.0
1.0,6585.0,1714.0,1870.0,3151.0,0.0,0.0,1309.0,561.0,1209.0,505.0
1.0,8022.0,1726.0,1866.0,915.0,253.0,253.0,1306.0,560.0,1220.0,506.0
1.0,7211.0,1920.0,1869.0,0.0,2185.0,2185.0,1309.0,560.0,1348.0,572.0
1.0,5291.0,2041.0,1875.0,253.0,3997.0,3997.0,1313.0,562.0,1421.0,620.0
1.0,3503.0,2029.0,1880.0,2185.0,3861.0,3861.0,1316.0,564.0,1406.0,623.0
1.0,3659.0,1915.0,1879.0,3997.0,1775.0,1775.0,1315.0,564.0,1335.0,580.0
1.0,5741.0,1845.0,1876.0,3861.0,0.0,0.0,1313.0,563.0,1299.0,546.0
1.0,7757.0,1871.0,1876.0,1775.0,0.0,0.0,1313.0,563.0,1325.0,546.0
1.0,7661.0,1898.0,1879.0,0.0,1753.0,1753.0,1316.0,563.0,1336.0,562.0
1.0,5763.0,1928.0,1882.0,0.0,3693.0,3693.0,1318.0,564.0,1342.0,586.0
1.0,3835.0,1873.0,1882.0,1753.0,3813.0,3813.0,1317.0,565.0,1295.0,578.0
1.0,3715.0,1827.0,1878.0,3693.0,1931.0,1931.0,1314.0,564.0,1272.0,555.0
1.0,5581.0,1882.0,1875.0,3813.0,0.0,0.0,1312.0,563.0,1327.0,555.0
1.0,7512.0,1974.0,1877.0,1931.0,39.0,39.0,1314.0,563.0,1398.0,576.0
1.0,7469.0,1996.0,1882.0,0.0,2055.0,2055.0,1318.0,564.0,1402.0,594.0
1.0,5473.0,1912.0,1887.0,39.0,3948.0,3948.0,1321.0,566.0,1327.0,585.0
1.0,3600.0,1833.0,1886.0,2055.0,3722.0,3722.0,1320.0,566.0,1268.0,565.0
1.0,3822.0,1860.0,1882.0,3948.0,1618.0,1618.0,1317.0,565.0,1298.0,562.0
1.0,5910.0,1961.0,1880.0,3722.0,0.0,0.0,1316.0,564.0,1382.0,579.0
1.0,7671.0,2025.0,1884.0,1618.0,272.0,272.0,1319.0,565.0,1432.0,593.0
1.0,7264.0,1943.0,1889.0,0.0,2235.0,2235.0,1323.0,566.0,1365.0,578.0
1.0,5321.0,1829.0,1891.0,272.0,3800.0,3800.0,1324.0,567.0,1272.0,557.0
1.0,3764.0,1780.0,1890.0,2235.0,3341.0,3341.0,1323.0,567.0,1231.0,549.0
1.0,4219.0,1803.0,1885.0,3800.0,1324.0,1324.0,1319.0,566.0,1257.0,546.0
1.0,6216.0,1972.0,1883.0,3341.0,0.0,0.0,1318.0,565.0,1389.0,583.0
1.0,7585.0,2084.0,1887.0,1324.0,723.0,723.0,1321.0,566.0,1474.0,610.0
1.0,6825.0,2105.0,1895.0,0.0,2860.0,2860.0,1327.0,568.0,1478.0,627.0
1.0,4720.0,1929.0,1898.0,723.0,4078.0,4078.0,1329.0,569.0,1340.0,589.0
1.0,3514.0,1708.0,1896.0,2860.0,2918.0,2918.0,1327.0,569.0,1182.0,526.0
1.0,4666.0,1719.0,1892.0,4078.0,543.0,543.0,1324.0,568.0,1198.0,521.0
1.0,7025.0,1962.0,1892.0,2918.0,0.0,0.0,1324.0,568.0,1383.0,579.0
1.0,7981.0,2164.0,1897.0,543.0,1228.0,1228.0,1328.0,569.0,1531.0,633.0
1.0,6360.0,2146.0,1904.0,0.0,3402.0,3402.0,1333.0,571.0,1507.0,639.0
1.0,4214.0,1870.0,1907.0,1228.0,4056.0,4056.0,1335.0,572.0,1299.0,571.0
1.0,3572.0,1600.0,1903.0,3402.0,2238.0,2238.0,1332.0,571.0,1105.0,495.0
1.0,5374.0,1712.0,1899.0,4056.0,0.0,0.0,1329.0,570.0,1193.0,519.0
1.0,7718.0,2022.0,1899.0,2238.0,0.0,0.0,1329.0,570.0,1425.0,597.0
1.0,7934.0,2235.0,1904.0,0.0,1917.0,1917.0,1333.0,571.0,1581.0,654.0
1.0,5699.0,2084.0,1910.0,0.0,4025.0,4025.0,1338.0,572.0,1466.0,618.0
1.0,3615.0,1690.0,1909.0,1917.0,3794.0,3794.0,1337.0,572.0,1174.0,516.0
1.0,3842.0,1549.0,1906.0,4025.0,1306.0,1306.0,1334.0,572.0,1066.0,483.0
1.0,6318.0,1753.0,1902.0,3794.0,0.0,0.0,1331.0,571.0,1218.0,535.0
1.0,8359.0,2140.0,1904.0,1306.0,91.0,91.0,1332.0,572.0,1508.0,632.0
1.0,7525.0,2279.0,1909.0,0.0,2390.0,2390.0,1336.0,573.0,1613.0,666.0
1.0,5246.0,2057.0,1912.0,91.0,4368.0,4368.0,1339.0,573.0,1449.0,608.0
1.0,3280.0,1645.0,1910.0,2390.0,3615.0,3615.0,1337.0,573.0,1143.0,502.0
1.0,4025.0,1510.0,1906.0,4368.0,741.0,741.0,1334.0,572.0,1039.0,471.0
1.0,6883.0,1876.0,1906.0,3615.0,0.0,0.0,1334.0,572.0,1303.0,573.0
1.0,8622.0,2244.0,1912.0,741.0,529.0,529.0,1338.0,574.0,1579.0,665.0
1.0,7119.0,2330.0,1917.0,0.0,2879.0,2879.0,1342.0,575.0,1651.0,679.0
1.0,4789.0,2030.0,1916.0,529.0,4376.0,4376.0,1342.0,574.0,1430.0,600.0
1.0,3288.0,1570.0,1911.0,2879.0,3047.0,3047.0,1338.0,573.0,1091.0,479.0
1.0,4597.0,1457.0,1906.0,4376.0,108.0,108.0,1334.0,572.0,1000.0,457.0
1.0,7516.0,1858.0,1908.0,3047.0,0.0,0.0,1335.0,573.0,1290.0,568.0
1.0,8705.0,2359.0,1917.0,108.0,1214.0,1214.0,1341.0,576.0,1662.0,697.0
1.0,6454.0,2476.0,1925.0,0.0,3722.0,3722.0,1348.0,577.0,1754.0,722.0
1.0,3978.0,2061.0,1926.0,1214.0,4573.0,4573.0,1349.0,577.0,1453.0,608.0
1.0,3131.0,1532.0,1919.0,3722.0,2355.0,2355.0,1344.0,575.0,1062.0,470.0
1.0,5321.0,1381.0,1910.0,4573.0,0.0,0.0,1337.0,573.0,946.0,435.0
1.0,8513.0,1751.0,1908.0,2355.0,0.0,0.0,1335.0,573.0,1214.0,537.0
1.0,9117.0,2358.0,1916.0,0.0,905.0,905.0,1341.0,575.0,1659.0,699.0
1.0,6759.0,2599.0,1929.0,0.0,3556.0,3556.0,1350.0,579.0,1841.0,758.0
1.0,4160.0,2202.0,1935.0,905.0,4877.0,4877.0,1355.0,580.0,1553.0,649.0
1.0,2863.0,1533.0,1929.0,3556.0,2830.0,2830.0,1351.0,578.0,1064.0,469.0
1.0,4886.0,1233.0,1917.0,4877.0,0.0,0.0,1342.0,575.0,842.0,391.0
1.0,8530.0,1659.0,1911.0,2830.0,0.0,0.0,1337.0,574.0,1149.0,510.0
1.0,9701.0,2414.0,1919.0,0.0,389.0,389.0,1343.0,576.0,1697.0,717.0
1.0,7287.0,2702.0,1934.0,0.0,3151.0,3151.0,1354.0,580.0,1912.0,790.0
1.0,4585.0,2244.0,1942.0,389.0,5038.0,5038.0,1360.0,582.0,1585.0,659.0
1.0,2730.0,1531.0,1936.0,3151.0,3394.0,3394.0,1356.0,580.0,1065.0,466.0
1.0,4350.0,1247.0,1923.0,5038.0,0.0,0.0,1346.0,577.0,850.0,397.0
1.0,8141.0,1668.0,1915.0,3394.0,0.0,0.0,1340.0,575.0,1151.0,517.0
1.0,9867.0,2355.0,1924.0,0.0,184.0,184.0,1346.0,578.0,1656.0,699.0
1.0,7512.0,2652.0,1940.0,0.0,2900.0,2900.0,1358.0,582.0,1882.0,770.0
1.0,4860.0,2162.0,1946.0,184.0,4902.0,4902.0,1363.0,583.0,1530.0,632.0
1.0,2882.0,1489.0,1941.0,2900.0,3471.0,3471.0,1359.0,582.0,1033.0,456.0
1.0,4293.0,1237.0,1926.0,4902.0,0.0,0.0,1348.0,578.0,839.0,398.0
1.0,7958.0,1741.0,1920.0,3471.0,0.0,0.0,1343.0,577.0,1202.0,539.0
1.0,9688.0,2480.0,1927.0,0.0,500.0,500.0,1348.0,579.0,1746.0,734.0
1.0,7208.0,2714.0,1943.0,0.0,3278.0,3278.0,1360.0,583.0,1925.0,789.0
1.0,4494.0,2192.0,1952.0,500.0,5006.0,5006.0,1367.0,585.0,1551.0,641.0
1.0,2802.0,1384.0,1945.0,3278.0,3084.0,3084.0,1362.0,583.0,960.0,424.0
1.0,4696.0,1135.0,1929.0,5006.0,0.0,0.0,1350.0,579.0,769.0,366.0
1.0,8567.0,1712.0,1921.0,3084.0,0.0,0.0,1344.0,577.0,1182.0,530.0
1.0,9939.0,2514.0,1928.0,0.0,287.0,287.0,1349.0,579.0,1769.0,745.0
1.0,7425.0,2735.0,1944.0,0.0,3086.0,3086.0,1361.0,583.0,1941.0,794.0
1.0,4690.0,2176.0,1955.0,287.0,5019.0,5019.0,1369.0,586.0,1539.0,637.0
1.0,2801.0,1355.0,1948.0,3086.0,3260.0,3260.0,1364.0,584.0,939.0,416.0
1.0,4532.0,1166.0,1932.0,5019.0,0.0,0.0,1352.0,580.0,789.0,377.0
1.0,8385.0,1756.0,1923.0,3260.0,0.0,0.0,1345.0,578.0,1211.0,545.0
1.0,9889.0,2533.0,1931.0,0.0,368.0,368.0,1351.0,580.0,1783.0,750.0
1.0,7356.0,2695.0,1950.0,0.0,3139.0,3139.0,1365.0,585.0,1913.0,782.0
1.0,4661.0,2155.0,1962.0,368.0,4974.0,4974.0,1374.0,588.0,1526.0,629.0
1.0,2874.0,1350.0,1955.0,3139.0,3157.0,3157.0,1369.0,586.0,936.0,414.0
1.0,4663.0,1123.0,1935.0,4974.0,0.0,0.0,1354.0,581.0,760.0,363.0
1.0,8514.0,1748.0,1925.0,3157.0,0.0,0.0,1347.0,578.0,1208.0,540.0
1.0,9923.0,2559.0,1934.0,0.0,372.0,372.0,1353.0,581.0,1799.0,760.0
1.0,7364.0,2813.0,1957.0,0.0,3277.0,3277.0,1370.0,587.0,1995.0,818.0
1.0,4551.0,2241.0,1971.0,372.0,5202.0,5202.0,1380.0,591.0,1585.0,656.0
1.0,2682.0,1449.0,1962.0,3277.0,3338.0,3338.0,1374.0,588.0,1005.0,444.0
1.0,4510.0,1112.0,1941.0,5202.0,0.0,0.0,1359.0,582.0,753.0,359.0
1.0,8600.0,1648.0,1928.0,3338.0,0.0,0.0,1349.0,579.0,1139.0,509.0
1.0,10290.0,2473.0,1937.0,0.0,0.0,0.0,1355.0,582.0,1742.0,731.0
1.0,7817.0,2728.0,1959.0,0.0,2747.0,2747.0,1371.0,588.0,1935.0,793.0
1.0,5089.0,2222.0,1973.0,0.0,5025.0,5025.0,1382.0,591.0,1571.0,651.0
1.0,2867.0,1514.0,1966.0,2747.0,3764.0,3764.0,1377.0,589.0,1047.0,467.0
1.0,4100.0,1228.0,1945.0,5025.0,0.0,0.0,1361.0,584.0,831.0,397.0
1.0,7897.0,1665.0,1930.0,3764.0,0.0,0.0,1350.0,580.0,1150.0,515.0
1.0,9996.0,2455.0,1937.0,0.0,207.0,207.0,1355.0,582.0,1733.0,722.0
1.0,7541.0,2766.0,1960.0,0.0,3065.0,3065.0,1372.0,588.0,1966.0,800.0
1.0,4775.0,2314.0,1979.0,207.0,5248.0,5248.0,1386.0,593.0,1633.0,681.0
1.0,2668.0,1545.0,1975.0,3065.0,3712.0,3712.0,1383.0,592.0,1066.0,479.0
1.0,4188.0,1160.0,1952.0,5248.0,0.0,0.0,1366.0,586.0,783.0,377.0
1.0,8276.0,1599.0,1933.0,3712.0,0.0,0.0,1352.0,581.0,1106.0,493.0
1.0,10389.0,2378.0,1935.0,0.0,0.0,0.0,1354.0,581.0,1680.0,698.0
1.0,8011.0,2686.0,1958.0,0.0,2507.0,2507.0,1371.0,587.0,1908.0,778.0
1.0,5325.0,2295.0,1978.0,0.0,4882.0,4882.0,1385.0,593.0,1620.0,675.0
1.0,3030.0,1620.0,1978.0,2507.0,3995.0,3995.0,1385.0,593.0,1121.0,499.0
1.0,3917.0,1312.0,1956.0,4882.0,337.0,337.0,1369.0,587.0,892.0,420.0
1.0,7487.0,1759.0,1938.0,3995.0,0.0,0.0,1356.0,582.0,1217.0,542.0
1.0,9723.0,2463.0,1942.0,337.0,171.0,171.0,1359.0,583.0,1737.0,726.0
1.0,7597.0,2745.0,1966.0,0.0,3012.0,3012.0,1376.0,590.0,1946.0,799.0
1.0,4852.0,2292.0,1986.0,171.0,5213.0,5213.0,1391.0,595.0,1617.0,675.0
1.0,2731.0,1486.0,1982.0,3012.0,3671.0,3671.0,1388.0,594.0,1028.0,458.0
1.0,4257.0,1214.0,1960.0,5213.0,0.0,0.0,1372.0,588.0,826.0,388.0
1.0,8256.0,1705.0,1942.0,3671.0,0.0,0.0,1359.0,583.0,1179.0,526.0
1.0,10222.0,2506.0,1948.0,0.0,76.0,76.0,1363.0,585.0,1766.0,740.0
1.0,7716.0,2812.0,1974.0,0.0,2992.0,2992.0,1382.0,592.0,1992.0,820.0
1.0,4904.0,2249.0,1994.0,76.0,5245.0,5245.0,1396.0,598.0,1587.0,662.0
1.0,2731.0,1436.0,1988.0,2992.0,3665.0,3665.0,1392.0,596.0,994.0,442.0
1.0,4287.0,1150.0,1963.0,5245.0,0.0,0.0,1374.0,589.0,781.0,369.0
1.0,8382.0,1663.0,1942.0,3665.0,0.0,0.0,1359.0,583.0,1151.0,512.0
1.0,10384.0,2490.0,1948.0,0.0,0.0,0.0,1363.0,585.0,1754.0,736.0
1.0,7894.0,2827.0,1976.0,0.0,2837.0,2837.0,1383.0,593.0,2004.0,823.0
1.0,5067.0,2342.0,1999.0,0.0,5271.0,5271.0,1400.0,599.0,1652.0,690.0
1.0,2725.0,1504.0,1995.0,2837.0,3922.0,3922.0,1397.0,598.0,1040.0,464.0
1.0,4058.0,1128.0,1968.0,5271.0,0.0,0.0,1378.0,590.0,764.0,364.0
1.0,8201.0,1574.0,1946.0,3922.0,0.0,0.0,1361.0,585.0,1090.0,484.0
1.0,10549.0,2477.0,1951.0,0.0,0.0,0.0,1365.0,586.0,1749.0,728.0
1.0,8072.0,2905.0,1982.0,0.0,2761.0,2761.0,1387.0,595.0,2059.0,846.0
1.0,5167.0,2448.0,2006.0,0.0,5305.0,5305.0,1405.0,601.0,1724.0,724.0
1.0,2719.0,1533.0,2002.0,2761.0,4061.0,4061.0,1402.0,600.0,1059.0,474.0
1.0,3947.0,1029.0,1973.0,5305.0,0.0,0.0,1381.0,592.0,696.0,333.0
1.0,8223.0,1432.0,1948.0,4061.0,0.0,0.0,1363.0,585.0,992.0,440.0
1.0,10852.0,2346.0,1952.0,0.0,0.0,0.0,1366.0,586.0,1656.0,690.0
1.0,8506.0,2892.0,1982.0,0.0,2314.0,2314.0,1387.0,595.0,2047.0,845.0
1.0,5614.0,2539.0,2009.0,0.0,4961.0,4961.0,1407.0,602.0,1787.0,752.0
1.0,3075.0,1679.0,2008.0,2314.0,4322.0,4322.0,1406.0,602.0,1162.0,517.0
1.0,3710.0,1178.0,1981.0,4961.0,431.0,431.0,1387.0,594.0,801.0,377.0
1.0,7493.0,1442.0,1955.0,4322.0,0.0,0.0,1368.0,587.0,998.0,444.0
1.0,10373.0,2257.0,1955.0,431.0,0.0,0.0,1368.0,587.0,1592.0,665.0
1.0,8547.0,2724.0,1980.0,0.0,2097.0,2097.0,1386.0,594.0,1932.0,792.0
1.0,5823.0,2478.0,2006.0,0.0,4679.0,4679.0,1405.0,601.0,1746.0,732.0
1.0,3345.0,1808.0,2009.0,2097.0,4402.0,4402.0,1407.0,602.0,1253.0,555.0
1.0,3634.0,1286.0,1986.0,4679.0,917.0,917.0,1390.0,596.0,876.0,410.0
1.0,7027.0,1501.0,1963.0,4402.0,0.0,0.0,1373.0,590.0,1039.0,462.0
1.0,9928.0,2204.0,1963.0,917.0,0.0,0.0,1373.0,590.0,1555.0,649.0
1.0,8641.0,2708.0,1986.0,0.0,2011.0,2011.0,1390.0,596.0,1919.0,789.0
1.0,5933.0,2485.0,2009.0,0.0,4588.0,4588.0,1407.0,602.0,1752.0,733.0
1.0,3448.0,1838.0,2013.0,2011.0,4431.0,4431.0,1410.0,603.0,1274.0,564.0
1.0,3621.0,1345.0,1992.0,4588.0,1104.0,1104.0,1394.0,598.0,916.0,429.0
1.0,6864.0,1497.0,1967.0,4431.0,0.0,0.0,1376.0,591.0,1035.0,462.0
1.0,9798.0,2162.0,1964.0,1104.0,0.0,0.0,1374.0,590.0,1526.0,636.0
1.0,8740.0,2639.0,1985.0,0.0,1839.0,1839.0,1389.0,596.0,1873.0,766.0
1.0,6101.0,2484.0,2010.0,0.0,4423.0,4423.0,1408.0,602.0,1753.0,731.0
1.0,3617.0,1862.0,2016.0,1839.0,4470.0,4470.0,1412.0,604.0,1292.0,570.0
1.0,3594.0,1372.0,1996.0,4423.0,1339.0,1339.0,1397.0,599.0,933.0,439.0
1.0,6645.0,1562.0,1974.0,4470.0,0.0,0.0,1381.0,593.0,1080.0,482.0
1.0,9553.0,2200.0,1973.0,1339.0,0.0,0.0,1380.0,593.0,1551.0,649.0
1.0,8692.0,2601.0,1992.0,0.0,1877.0,1877.0,1394.0,598.0,1847.0,754.0
1.0,6091.0,2425.0,2013.0,0.0,4386.0,4386.0,1410.0,603.0,1711.0,714.0
1.0,3666.0,1793.0,2013.0,1877.0,4302.0,4302.0,1410.0,603.0,1244.0,549.0
1.0,3750.0,1395.0,1993.0,4386.0,1231.0,1231.0,1395.0,598.0,952.0,443.0
1.0,6741.0,1611.0,1971.0,4302.0,0.0,0.0,1379.0,592.0,1114.0,497.0
1.0,9432.0,2265.0,1971.0,1231.0,0.0,0.0,1379.0,592.0,1596.0,669.0
1.0,8398.0,2635.0,1993.0,0.0,2209.0,2209.0,1395.0,598.0,1870.0,765.0
1.0,5763.0,2428.0,2016.0,0.0,4729.0,4729.0,1412.0,604.0,1712.0,716.0
1.0,3335.0,1783.0,2018.0,2209.0,4311.0,4311.0,1413.0,605.0,1235.0,548.0
1.0,3761.0,1369.0,1996.0,4729.0,863.0,863.0,1397.0,599.0,934.0,435.0
1.0,7121.0,1603.0,1973.0,4311.0,0.0,0.0,1380.0,593.0,1111.0,492.0
1.0,9829.0,2258.0,1973.0,863.0,0.0,0.0,1380.0,593.0,1595.0,663.0
1.0,8434.0,2613.0,1996.0,0.0,2163.0,2163.0,1397.0,599.0,1853.0,760.0
1.0,5821.0,2443.0,2021.0,0.0,4706.0,4706.0,1415.0,606.0,1719.0,724.0
1.0,3378.0,1829.0,2024.0,2163.0,4384.0,4384.0,1417.0,607.0,1265.0,564.0
1.0,3712.0,1413.0,2003.0,4706.0,1007.0,1007.0,1402.0,601.0,966.0,447.0
1.0,7005.0,1631.0,1980.0,4384.0,0.0,0.0,1385.0,595.0,1132.0,499.0
1.0,9758.0,2144.0,1977.0,1007.0,0.0,0.0,1383.0,594.0,1516.0,628.0
1.0,8621.0,2483.0,1994.0,0.0,1838.0,1838.0,1396.0,598.0,1763.0,720.0
1.0,6138.0,2319.0,2018.0,0.0,4253.0,4253.0,1413.0,605.0,1633.0,686.0
1.0,3819.0,1880.0,2024.0,1838.0,4319.0,4319.0,1417.0,607.0,1299.0,581.0
1.0,3777.0,1565.0,2006.0,4253.0,1559.0,1559.0,1404.0,602.0,1069.0,496.0
1.0,6465.0,1655.0,1982.0,4319.0,0.0,0.0,1387.0,595.0,1151.0,504.0
1.0,9129.0,2126.0,1975.0,1559.0,0.0,0.0,1382.0,593.0,1508.0,618.0
1.0,8562.0,2472.0,1994.0,0.0,1886.0,1886.0,1396.0,598.0,1755.0,717.0
1.0,6090.0,2345.0,2019.0,0.0,4331.0,4331.0,1414.0,605.0,1646.0,699.0
1.0,3745.0,1876.0,2028.0,1886.0,4357.0,4357.0,1420.0,608.0,1294.0,582.0
1.0,3755.0,1555.0,2013.0,4331.0,1521.0,1521.0,1409.0,604.0,1063.0,492.0
1.0,6531.0,1716.0,1990.0,4357.0,0.0,0.0,1392.0,598.0,1196.0,520.0
1.0,9172.0,2161.0,1982.0,1521.0,0.0,0.0,1387.0,595.0,1533.0,628.0
1.0,8532.0,2469.0,1998.0,0.0,1929.0,1929.0,1399.0,599.0,1754.0,715.0
1.0,6063.0,2325.0,2020.0,0.0,4342.0,4342.0,1415.0,605.0,1633.0,692.0
1.0,3738.0,1819.0,2028.0,1929.0,4264.0,4264.0,1420.0,608.0,1253.0,566.0
1.0,3848.0,1531.0,2013.0,4342.0,1393.0,1393.0,1409.0,604.0,1047.0,484.0
1.0,6659.0,1727.0,1994.0,4264.0,0.0,0.0,1395.0,599.0,1203.0,524.0
1.0,9196.0,2255.0,1990.0,1393.0,0.0,0.0,1392.0,598.0,1598.0,657.0
1.0,8334.0,2591.0,2005.0,0.0,2277.0,2277.0,1404.0,601.0,1839.0,752.0
1.0,5743.0,2361.0,2026.0,0.0,4722.0,4722.0,1419.0,607.0,1657.0,704.0
1.0,3382.0,1816.0,2032.0,2277.0,4285.0,4285.0,1423.0,609.0,1250.0,566.0
1.0,3843.0,1461.0,2017.0,4722.0,964.0,964.0,1412.0,605.0,997.0,464.0
1.0,7104.0,1688.0,1998.0,4285.0,0.0,0.0,1398.0,600.0,1178.0,510.0
1.0,9701.0,2302.0,1994.0,964.0,0.0,0.0,1395.0,599.0,1632.0,670.0
1.0,8363.0,2665.0,2010.0,0.0,2342.0,2342.0,1407.0,603.0,1890.0,775.0
1.0,5698.0,2497.0,2032.0,0.0,4927.0,4927.0,1423.0,609.0,1754.0,743.0
1.0,3201.0,1872.0,2039.0,2342.0,4485.0,4485.0,1428.0,611.0,1289.0,583.0
1.0,3671.0,1435.0,2026.0,4927.0,941.0,941.0,1418.0,608.0,978.0,457.0
1.0,7163.0,1593.0,2005.0,4485.0,0.0,0.0,1403.0,602.0,1111.0,482.0
1.0,10055.0,2249.0,2001.0,941.0,0.0,0.0,1400.0,601.0,1595.0,654.0
1.0,8747.0,2754.0,2018.0,0.0,2079.0,2079.0,1413.0,605.0,1954.0,800.0
1.0,5993.0,2599.0,2042.0,0.0,4774.0,4774.0,1430.0,612.0,1823.0,776.0
1.0,3394.0,1829.0,2046.0,2079.0,4540.0,4540.0,1433.0,613.0,1261.0,568.0
1.0,3644.0,1300.0,2029.0,4774.0,998.0,998.0,1420.0,609.0,884.0,416.0
1.0,7118.0,1539.0,2009.0,4540.0,0.0,0.0,1406.0,603.0,1073.0,466.0
1.0,10119.0,2360.0,2008.0,998.0,0.0,0.0,1405.0,603.0,1672.0,688.0
1.0,8757.0,2860.0,2028.0,0.0,2215.0,2215.0,1420.0,608.0,2027.0,833.0
1.0,5897.0,2693.0,2053.0,0.0,5008.0,5008.0,1438.0,615.0,1890.0,803.0
1.0,3204.0,1910.0,2059.0,2215.0,4727.0,4727.0,1442.0,617.0,1318.0,592.0
1.0,3509.0,1312.0,2040.0,5008.0,955.0,955.0,1428.0,612.0,892.0,420.0
1.0,7205.0,1401.0,2017.0,4727.0,0.0,0.0,1411.0,606.0,973.0,428.0
1.0,10531.0,2113.0,2011.0,955.0,0.0,0.0,1407.0,604.0,1498.0,615.0
1.0,9373.0,2770.0,2030.0,0.0,1517.0,1517.0,1421.0,609.0,1967.0,803.0
1.0,6603.0,2754.0,2056.0,0.0,4375.0,4375.0,1440.0,616.0,1938.0,816.0
1.0,3849.0,2099.0,2066.0,1517.0,4997.0,4997.0,1447.0,619.0,1450.0,649.0
1.0,3267.0,1420.0,2050.0,4375.0,1978.0,1978.0,1435.0,615.0,966.0,454.0
1.0,6222.0,1400.0,2027.0,4997.0,0.0,0.0,1418.0,609.0,970.0,430.0
1.0,9819.0,2078.0,2020.0,1978.0,0.0,0.0,1413.0,607.0,1474.0,604.0
1.0,9719.0,2752.0,2037.0,0.0,1181.0,1181.0,1426.0,611.0,1957.0,795.0
1.0,6967.0,2734.0,2063.0,0.0,4019.0,4019.0,1445.0,618.0,1925.0,809.0
1.0,4233.0,2036.0,2071.0,1181.0,4906.0,4906.0,1450.0,621.0,1403.0,633.0
1.0,3378.0,1356.0,2055.0,4019.0,2179.0,2179.0,1438.0,617.0,918.0,438.0
1.0,6041.0,1401.0,2034.0,4906.0,0.0,0.0,1423.0,611.0,970.0,431.0
1.0,9546.0,2044.0,2030.0,2179.0,0.0,0.0,1420.0,610.0,1451.0,593.0
1.0,9681.0,2636.0,2044.0,0.0,1131.0,1131.0,1431.0,613.0,1876.0,760.0
1.0,7045.0,2671.0,2065.0,0.0,3886.0,3886.0,1446.0,619.0,1881.0,790.0
1.0,4374.0,2139.0,2075.0,1131.0,4934.0,4934.0,1453.0,622.0,1476.0,663.0
1.0,3366.0,1576.0,2063.0,3886.0,2576.0,2576.0,1444.0,619.0,1072.0,504.0
1.0,5676.0,1437.0,2044.0,4934.0,0.0,0.0,1430.0,614.0,996.0,441.0
1.0,9173.0,1870.0,2035.0,2576.0,0.0,0.0,1424.0,611.0,1330.0,540.0
1.0,9879.0,2425.0,2045.0,0.0,726.0,726.0,1432.0,613.0,1728.0,697.0
1.0,7454.0,2612.0,2066.0,0.0,3422.0,3422.0,1447.0,619.0,1839.0,773.0
1.0,4842.0,2257.0,2076.0,726.0,4993.0,4993.0,1454.0,622.0,1557.0,700.0
1.0,3311.0,1702.0,2068.0,3422.0,3241.0,3241.0,1447.0,621.0,1159.0,543.0
1.0,5031.0,1563.0,2050.0,4993.0,0.0,0.0,1434.0,616.0,1086.0,477.0
1.0,8461.0,1926.0,2042.0,3241.0,0.0,0.0,1429.0,613.0,1371.0,555.0
1.0,9776.0,2488.0,2055.0,0.0,932.0,932.0,1439.0,616.0,1772.0,716.0
1.0,7288.0,2612.0,2076.0,0.0,3628.0,3628.0,1454.0,622.0,1836.0,776.0
1.0,4676.0,2227.0,2085.0,932.0,4959.0,4959.0,1460.0,625.0,1537.0,690.0
1.0,3381.0,1682.0,2075.0,3628.0,2973.0,2973.0,1452.0,623.0,1148.0,534.0
1.0,5327.0,1524.0,2054.0,4959.0,0.0,0.0,1437.0,617.0,1059.0,465.0
1.0,8762.0,1922.0,2045.0,2973.0,0.0,0.0,1431.0,614.0,1365.0,557.0
1.0,9813.0,2502.0,2058.0,0.0,921.0,921.0,1441.0,617.0,1780.0,722.0
1.0,7311.0,2648.0,2081.0,0.0,3661.0,3661.0,1458.0,623.0,1864.0,784.0
1.0,4663.0,2205.0,2092.0,921.0,4989.0,4989.0,1465.0,627.0,1525.0,680.0
1.0,3379.0,1650.0,2079.0,3661.0,2926.0,2926.0,1455.0,624.0,1123.0,527.0
1.0,5390.0,1515.0,2057.0,4989.0,0.0,0.0,1439.0,618.0,1048.0,467.0
1.0,8864.0,2008.0,2047.0,2926.0,0.0,0.0,1432.0,615.0,1425.0,583.0
1.0,9782.0,2557.0,2061.0,0.0,1019.0,1019.0,1443.0,618.0,1822.0,735.0
1.0,7225.0,2614.0,2083.0,0.0,3721.0,3721.0,1459.0,624.0,1842.0,772.0
1.0,4611.0,2161.0,2095.0,1019.0,4911.0,4911.0,1467.0,628.0,1494.0,667.0
1.0,3469.0,1648.0,2082.0,3721.0,2786.0,2786.0,1457.0,625.0,1123.0,525.0
1.0,5542.0,1567.0,2060.0,4911.0,0.0,0.0,1441.0,619.0,1085.0,482.0
1.0,8886.0,1937.0,2047.0,2786.0,0.0,0.0,1432.0,615.0,1373.0,564.0
1.0,9735.0,2450.0,2058.0,0.0,947.0,947.0,1441.0,617.0,1746.0,704.0
1.0,7285.0,2549.0,2083.0,0.0,3596.0,3596.0,1459.0,624.0,1797.0,752.0
1.0,4736.0,2176.0,2095.0,947.0,4873.0,4873.0,1467.0,628.0,1505.0,671.0
1.0,3507.0,1757.0,2083.0,3596.0,2986.0,2986.0,1458.0,625.0,1200.0,557.0
1.0,5346.0,1684.0,2061.0,4873.0,0.0,0.0,1442.0,619.0,1164.0,520.0
1.0,8535.0,1949.0,2047.0,2986.0,0.0,0.0,1432.0,615.0,1380.0,569.0
1.0,9572.0,2368.0,2056.0,0.0,1020.0,1020.0,1439.0,617.0,1689.0,679.0
1.0,7204.0,2526.0,2079.0,0.0,3638.0,3638.0,1456.0,623.0,1784.0,742.0
1.0,4678.0,2329.0,2096.0,1020.0,5015.0,5015.0,1468.0,628.0,1614.0,715.0
1.0,3369.0,1926.0,2093.0,3638.0,3291.0,3291.0,1465.0,628.0,1314.0,612.0
1.0,5081.0,1630.0,2071.0,5015.0,0.0,0.0,1449.0,622.0,1123.0,507.0
1.0,8466.0,1778.0,2053.0,3291.0,0.0,0.0,1436.0,617.0,1261.0,517.0
1.0,9979.0,2231.0,2054.0,0.0,468.0,468.0,1438.0,616.0,1599.0,632.0
1.0,7748.0,2537.0,2076.0,0.0,3093.0,3093.0,1454.0,622.0,1797.0,740.0
1.0,5211.0,2375.0,2095.0,468.0,5076.0,5076.0,1467.0,628.0,1646.0,729.0
1.0,3304.0,1860.0,2091.0,3093.0,3827.0,3827.0,1463.0,628.0,1263.0,597.0
1.0,4537.0,1564.0,2068.0,5076.0,223.0,223.0,1446.0,622.0,1072.0,492.0
1.0,8049.0,1756.0,2049.0,3827.0,0.0,0.0,1433.0,616.0,1245.0,511.0
1.0,10120.0,2241.0,2053.0,223.0,110.0,110.0,1437.0,616.0,1607.0,634.0
1.0,8102.0,2602.0,2077.0,0.0,2808.0,2808.0,1455.0,622.0,1845.0,757.0
1.0,5500.0,2448.0,2097.0,110.0,5226.0,5226.0,1469.0,628.0,1696.0,752.0
1.0,3162.0,1937.0,2095.0,2808.0,4347.0,4347.0,1466.0,629.0,1316.0,621.0
1.0,4033.0,1534.0,2074.0,5226.0,571.0,571.0,1451.0,623.0,1053.0,481.0
1.0,7725.0,1593.0,2053.0,4347.0,0.0,0.0,1436.0,617.0,1133.0,460.0
1.0,10479.0,2124.0,2053.0,571.0,0.0,0.0,1437.0,616.0,1524.0,600.0
1.0,8926.0,2601.0,2073.0,0.0,1967.0,1967.0,1452.0,621.0,1840.0,761.0
1.0,6325.0,2577.0,2095.0,0.0,4632.0,4632.0,1467.0,628.0,1787.0,790.0
1.0,3748.0,2092.0,2099.0,1967.0,4773.0,4773.0,1469.0,630.0,1427.0,665.0
1.0,3623.0,1627.0,2083.0,4632.0,1704.0,1704.0,1457.0,626.0,1121.0,506.0
1.0,6628.0,1583.0,2064.0,4773.0,0.0,0.0,1444.0,620.0,1128.0,455.0
1.0,9818.0,2010.0,2060.0,1704.0,0.0,0.0,1442.0,618.0,1445.0,565.0
1.0,9512.0,2517.0,2074.0,0.0,1301.0,1301.0,1453.0,621.0,1780.0,737.0
1.0,6995.0,2545.0,2093.0,0.0,3922.0,3922.0,1466.0,627.0,1760.0,785.0
1.0,4450.0,2131.0,2098.0,1301.0,4772.0,4772.0,1468.0,630.0,1453.0,678.0
1.0,3620.0,1707.0,2083.0,3922.0,2497.0,2497.0,1457.0,626.0,1178.0,529.0
1.0,5835.0,1714.0,2066.0,4772.0,0.0,0.0,1445.0,621.0,1220.0,494.0
1.0,8893.0,2144.0,2064.0,2497.0,0.0,0.0,1445.0,619.0,1539.0,605.0
1.0,9246.0,2479.0,2079.0,0.0,1549.0,1549.0,1456.0,623.0,1752.0,727.0
1.0,6767.0,2382.0,2096.0,0.0,3999.0,3999.0,1468.0,628.0,1646.0,736.0
1.0,4385.0,1955.0,2096.0,1549.0,4405.0,4405.0,1467.0,629.0,1330.0,625.0
1.0,3979.0,1706.0,2080.0,3999.0,2048.0,2048.0,1455.0,625.0,1177.0,529.0
1.0,6272.0,1945.0,2067.0,4405.0,0.0,0.0,1446.0,621.0,1385.0,560.0
1.0,8732.0,2325.0,2070.0,2048.0,0.0,0.0,1449.0,621.0,1665.0,660.0
1.0,8455.0,2500.0,2086.0,0.0,2389.0,2389.0,1461.0,625.0,1765.0,735.0
1.0,5955.0,2286.0,2100.0,0.0,4731.0,4731.0,1471.0,629.0,1578.0,708.0
1.0,3669.0,1884.0,2099.0,2389.0,4222.0,4222.0,1469.0,630.0,1282.0,602.0
1.0,4174.0,1717.0,2082.0,4731.0,1140.0,1140.0,1456.0,626.0,1187.0,530.0
1.0,7188.0,1960.0,2070.0,4222.0,0.0,0.0,1448.0,622.0,1395.0,565.0
1.0,9450.0,2397.0,2074.0,1140.0,103.0,103.0,1452.0,622.0,1714.0,683.0
1.0,8193.0,2571.0,2092.0,0.0,2746.0,2746.0,1465.0,627.0,1813.0,758.0
1.0,5622.0,2245.0,2105.0,103.0,4940.0,4940.0,1474.0,631.0,1549.0,696.0
1.0,3480.0,1788.0,2102.0,2746.0,3970.0,3970.0,1471.0,631.0,1217.0,571.0
1.0,4438.0,1629.0,2086.0,4940.0,595.0,595.0,1459.0,627.0,1128.0,501.0
1.0,7749.0,1946.0,2074.0,3970.0,0.0,0.0,1451.0,623.0,1383.0,563.0
1.0,9773.0,2484.0,2081.0,595.0,440.0,440.0,1457.0,624.0,1773.0,711.0
1.0,7884.0,2645.0,2097.0,0.0,3149.0,3149.0,1469.0,628.0,1865.0,780.0
1.0,5239.0,2324.0,2110.0,440.0,5085.0,5085.0,1478.0,632.0,1607.0,717.0
1.0,3355.0,1818.0,2107.0,3149.0,3742.0,3742.0,1475.0,632.0,1238.0,580.0
1.0,4686.0,1647.0,2094.0,5085.0,252.0,252.0,1465.0,629.0,1139.0,508.0
1.0,8124.0,1934.0,2083.0,3742.0,0.0,0.0,1457.0,626.0,1374.0,560.0
1.0,9932.0,2394.0,2084.0,252.0,546.0,546.0,1459.0,625.0,1709.0,685.0
1.0,7790.0,2488.0,2094.0,0.0,3074.0,3074.0,1467.0,627.0,1753.0,735.0
1.0,5302.0,2214.0,2106.0,546.0,4790.0,4790.0,1475.0,631.0,1529.0,685.0
1.0,3634.0,1799.0,2106.0,3074.0,3515.0,3515.0,1474.0,632.0,1227.0,572.0
1.0,4909.0,1717.0,2096.0,4790.0,402.0,402.0,1466.0,630.0,1192.0,525.0
1.0,7982.0,2005.0,2086.0,3515.0,0.0,0.0,1459.0,627.0,1426.0,579.0
1.0,9492.0,2473.0,2087.0,402.0,927.0,927.0,1461.0,626.0,1762.0,711.0
1.0,7421.0,2604.0,2102.0,0.0,3591.0,3591.0,1472.0,630.0,1834.0,770.0
1.0,4817.0,2218.0,2114.0,927.0,4930.0,4930.0,1481.0,633.0,1533.0,685.0
1.0,3526.0,1738.0,2114.0,3591.0,3077.0,3077.0,1480.0,634.0,1184.0,554.0
1.0,5379.0,1609.0,2103.0,4930.0,0.0,0.0,1471.0,632.0,1113.0,496.0
1.0,8700.0,2028.0,2091.0,3077.0,0.0,0.0,1463.0,628.0,1440.0,588.0
1.0,9749.0,2511.0,2093.0,0.0,1134.0,1134.0,1465.0,628.0,1791.0,720.0
1.0,7238.0,2589.0,2104.0,0.0,3767.0,3767.0,1474.0,630.0,1825.0,764.0
1.0,4649.0,2166.0,2117.0,1134.0,4851.0,4851.0,1483.0,634.0,1494.0,672.0
1.0,3617.0,1728.0,2120.0,3767.0,2824.0,2824.0,1484.0,636.0,1173.0,555.0
1.0,5656.0,1673.0,2111.0,4851.0,0.0,0.0,1477.0,634.0,1158.0,515.0
1.0,8834.0,2029.0,2100.0,2824.0,0.0,0.0,1469.0,631.0,1444.0,585.0
1.0,9629.0,2476.0,2098.0,0.0,1239.0,1239.0,1469.0,629.0,1770.0,706.0
1.0,7153.0,2516.0,2106.0,0.0,3787.0,3787.0,1475.0,631.0,1774.0,742.0
1.0,4637.0,2191.0,2117.0,1239.0,4783.0,4783.0,1483.0,634.0,1511.0,680.0
1.0,3685.0,1821.0,2122.0,3787.0,2837.0,2837.0,1485.0,637.0,1238.0,583.0
1.0,5651.0,1724.0,2116.0,4783.0,0.0,0.0,1480.0,636.0,1193.0,531.0
1.0,8710.0,2063.0,2107.0,2837.0,0.0,0.0,1474.0,633.0,1468.0,595.0
1.0,9484.0,2511.0,2107.0,0.0,1455.0,1455.0,1475.0,632.0,1795.0,716.0
1.0,6973.0,2625.0,2116.0,0.0,4116.0,4116.0,1482.0,634.0,1852.0,773.0
1.0,4348.0,2193.0,2126.0,1455.0,4894.0,4894.0,1489.0,637.0,1511.0,682.0
1.0,3610.0,1678.0,2125.0,4116.0,2452.0,2452.0,1487.0,638.0,1136.0,542.0
1.0,6048.0,1621.0,2115.0,4894.0,0.0,0.0,1479.0,636.0,1120.0,501.0
1.0,9321.0,2073.0,2107.0,2452.0,0.0,0.0,1474.0,633.0,1476.0,597.0
1.0,9700.0,2588.0,2111.0,0.0,1332.0,1332.0,1478.0,633.0,1850.0,738.0
1.0,7112.0,2646.0,2124.0,0.0,4030.0,4030.0,1488.0,636.0,1867.0,779.0
1.0,4466.0,2147.0,2133.0,1332.0,4881.0,4881.0,1494.0,639.0,1479.0,668.0
1.0,3651.0,1664.0,2127.0,4030.0,2491.0,2491.0,1489.0,638.0,1125.0,539.0
1.0,6017.0,1682.0,2115.0,4881.0,0.0,0.0,1479.0,636.0,1163.0,519.0
1.0,9216.0,2183.0,2109.0,2491.0,0.0,0.0,1475.0,634.0,1552.0,631.0
1.0,9524.0,2672.0,2117.0,0.0,1616.0,1616.0,1482.0,635.0,1910.0,762.0
1.0,6852.0,2665.0,2131.0,0.0,4337.0,4337.0,1493.0,638.0,1882.0,783.0
1.0,4187.0,2098.0,2139.0,1616.0,4851.0,4851.0,1498.0,641.0,1444.0,654.0
1.0,3705.0,1604.0,2132.0,4337.0,2090.0,2090.0,1492.0,640.0,1083.0,521.0
1.0,6438.0,1633.0,2117.0,4851.0,0.0,0.0,1481.0,636.0,1128.0,505.0
1.0,9656.0,2191.0,2110.0,2090.0,0.0,0.0,1476.0,634.0,1556.0,635.0
1.0,9555.0,2681.0,2118.0,0.0,1598.0,1598.0,1483.0,635.0,1915.0,766.0
1.0,6874.0,2625.0,2134.0,0.0,4287.0,4287.0,1495.0,639.0,1853.0,772.0
1.0,4249.0,2079.0,2143.0,1598.0,4804.0,4804.0,1501.0,642.0,1434.0,645.0
1.0,3768.0,1594.0,2136.0,4287.0,2083.0,2083.0,1495.0,641.0,1079.0,515.0
1.0,6461.0,1669.0,2120.0,4804.0,0.0,0.0,1483.0,637.0,1153.0,516.0
1.0,9596.0,2240.0,2113.0,2083.0,0.0,0.0,1478.0,635.0,1588.0,652.0
1.0,9439.0,2657.0,2119.0,0.0,1694.0,1694.0,1483.0,636.0,1897.0,760.0
1.0,6782.0,2541.0,2133.0,0.0,4291.0,4291.0,1494.0,639.0,1796.0,745.0
1.0,4241.0,2086.0,2141.0,1694.0,4715.0,4715.0,1500.0,641.0,1439.0,647.0
1.0,3849.0,1706.0,2137.0,4291.0,2114.0,2114.0,1496.0,641.0,1156.0,550.0
1.0,6434.0,1789.0,2126.0,4715.0,0.0,0.0,1487.0,639.0,1236.0,553.0
1.0,9360.0,2212.0,2120.0,2114.0,0.0,0.0,1483.0,637.0,1569.0,643.0
1.0,9262.0,2615.0,2128.0,0.0,1865.0,1865.0,1490.0,638.0,1869.0,746.0
1.0,6647.0,2546.0,2142.0,0.0,4467.0,4467.0,1501.0,641.0,1801.0,745.0
1.0,4101.0,2054.0,2149.0,1865.0,4684.0,4684.0,1505.0,644.0,1418.0,636.0
1.0,3912.0,1685.0,2143.0,4467.0,1878.0,1878.0,1500.0,643.0,1139.0,546.0
1.0,6694.0,1820.0,2130.0,4684.0,0.0,0.0,1490.0,640.0,1253.0,567.0
1.0,9558.0,2242.0,2123.0,1878.0,0.0,0.0,1485.0,638.0,1589.0,653.0
1.0,9194.0,2560.0,2130.0,0.0,1886.0,1886.0,1491.0,639.0,1834.0,726.0
1.0,6634.0,2420.0,2143.0,0.0,4358.0,4358.0,1501.0,642.0,1715.0,705.0
1.0,4214.0,2025.0,2151.0,1886.0,4529.0,4529.0,1507.0,644.0,1398.0,627.0
1.0,4075.0,1758.0,2146.0,4358.0,1909.0,1909.0,1502.0,644.0,1190.0,568.0
1.0,6675.0,1900.0,2133.0,4529.0,0.0,0.0,1492.0,641.0,1307.0,593.0
1.0,9304.0,2313.0,2129.0,1909.0,0.0,0.0,1489.0,640.0,1638.0,675.0
1.0,8900.0,2558.0,2136.0,0.0,2202.0,2202.0,1495.0,641.0,1831.0,727.0
1.0,6342.0,2375.0,2148.0,0.0,4625.0,4625.0,1505.0,643.0,1687.0,688.0
1.0,3967.0,1983.0,2154.0,2202.0,4430.0,4430.0,1509.0,645.0,1371.0,612.0
1.0,4186.0,1732.0,2149.0,4625.0,1517.0,1517.0,1504.0,645.0,1171.0,561.0
1.0,7079.0,1908.0,2138.0,4430.0,0.0,0.0,1495.0,643.0,1312.0,596.0
1.0,9601.0,2283.0,2133.0,1517.0,0.0,0.0,1492.0,641.0,1616.0,667.0
1.0,8835.0,2553.0,2140.0,0.0,2278.0,2278.0,1498.0,642.0,1826.0,727.0
1.0,6282.0,2469.0,2153.0,0.0,4799.0,4799.0,1508.0,645.0,1750.0,719.0
1.0,3813.0,2026.0,2158.0,2278.0,4567.0,4567.0,1512.0,646.0,1401.0,625.0
1.0,4065.0,1767.0,2153.0,4799.0,1515.0,1515.0,1507.0,646.0,1199.0,568.0
1.0,7097.0,1889.0,2140.0,4567.0,0.0,0.0,1497.0,643.0,1302.0,587.0
1.0,9775.0,2271.0,2134.0,1515.0,0.0,0.0,1493.0,641.0,1607.0,664.0
1.0,9019.0,2601.0,2141.0,0.0,2146.0,2146.0,1499.0,642.0,1857.0,744.0
1.0,6418.0,2524.0,2158.0,0.0,4738.0,4738.0,1512.0,646.0,1787.0,737.0
1.0,3894.0,2168.0,2168.0,2146.0,4800.0,4800.0,1519.0,649.0,1501.0,667.0
1.0,3872.0,1790.0,2163.0,4738.0,1832.0,1832.0,1514.0,649.0,1216.0,574.0
1.0,6820.0,1823.0,2149.0,4800.0,0.0,0.0,1503.0,646.0,1257.0,566.0
1.0,9797.0,2215.0,2140.0,1832.0,0.0,0.0,1497.0,643.0,1567.0,648.0
1.0,9414.0,2565.0,2148.0,0.0,1743.0,1743.0,1504.0,644.0,1832.0,733.0
1.0,6849.0,2481.0,2164.0,0.0,4288.0,4288.0,1516.0,648.0,1755.0,726.0
1.0,4368.0,2080.0,2171.0,1743.0,4653.0,4653.0,1521.0,650.0,1438.0,642.0
1.0,4031.0,1750.0,2163.0,4288.0,2083.0,2083.0,1514.0,649.0,1189.0,561.0
1.0,6569.0,1894.0,2149.0,4653.0,0.0,0.0,1503.0,646.0,1309.0,585.0
1.0,9328.0,2409.0,2143.0,2083.0,0.0,0.0,1499.0,644.0,1704.0,705.0
1.0,9002.0,2681.0,2154.0,0.0,2295.0,2295.0,1508.0,646.0,1912.0,769.0
1.0,6321.0,2394.0,2170.0,0.0,4753.0,4753.0,1520.0,650.0,1692.0,702.0
1.0,3927.0,1853.0,2174.0,2295.0,4327.0,4327.0,1523.0,651.0,1278.0,575.0
1.0,4369.0,1599.0,2163.0,4753.0,1129.0,1129.0,1514.0,649.0,1084.0,515.0
1.0,7523.0,1985.0,2149.0,4327.0,0.0,0.0,1503.0,646.0,1376.0,609.0
1.0,9865.0,2641.0,2150.0,1129.0,247.0,247.0,1504.0,646.0,1869.0,772.0
1.0,8353.0,2864.0,2164.0,0.0,3167.0,3167.0,1515.0,649.0,2040.0,824.0
1.0,5489.0,2410.0,2180.0,247.0,5394.0,5394.0,1527.0,653.0,1700.0,710.0
1.0,3326.0,1676.0,2180.0,3167.0,3903.0,3903.0,1527.0,653.0,1150.0,526.0
1.0,4817.0,1457.0,2166.0,5394.0,0.0,0.0,1516.0,650.0,985.0,472.0
1.0,8754.0,2001.0,2153.0,3903.0,0.0,0.0,1506.0,647.0,1390.0,611.0
1.0,10656.0,2674.0,2156.0,0.0,642.0,642.0,1508.0,648.0,1896.0,778.0
1.0,7982.0,2884.0,2171.0,0.0,3586.0,3586.0,1520.0,651.0,2052.0,832.0
1.0,5098.0,2319.0,2183.0,642.0,5311.0,5311.0,1529.0,654.0,1634.0,685.0
1.0,3421.0,1608.0,2179.0,3586.0,3317.0,3317.0,1526.0,653.0,1103.0,505.0
1.0,5399.0,1518.0,2166.0,5311.0,0.0,0.0,1516.0,650.0,1028.0,490.0
1.0,9192.0,2111.0,2156.0,3317.0,0.0,0.0,1508.0,648.0,1467.0,644.0
1.0,10398.0,2756.0,2160.0,0.0,998.0,998.0,1511.0,649.0,1953.0,803.0
1.0,7642.0,2852.0,2176.0,0.0,3914.0,3914.0,1523.0,653.0,2029.0,823.0
1.0,4790.0,2252.0,2186.0,998.0,5208.0,5208.0,1531.0,655.0,1588.0,664.0
1.0,3536.0,1587.0,2182.0,3914.0,2865.0,2865.0,1528.0,654.0,1090.0,497.0
1.0,5863.0,1546.0,2169.0,5208.0,0.0,0.0,1518.0,651.0,1048.0,498.0
1.0,9525.0,2156.0,2160.0,2865.0,0.0,0.0,1511.0,649.0,1497.0,659.0
1.0,10234.0,2764.0,2167.0,0.0,1198.0,1198.0,1516.0,651.0,1954.0,810.0
1.0,7470.0,2748.0,2181.0,0.0,4002.0,4002.0,1527.0,654.0,1955.0,793.0
1.0,4722.0,2130.0,2189.0,1198.0,4966.0,4966.0,1533.0,656.0,1506.0,624.0
1.0,3790.0,1607.0,2183.0,4002.0,2547.0,2547.0,1529.0,654.0,1107.0,500.0
1.0,6185.0,1676.0,2170.0,4966.0,0.0,0.0,1519.0,651.0,1140.0,536.0
1.0,9475.0,2227.0,2164.0,2547.0,0.0,0.0,1514.0,650.0,1545.0,682.0
1.0,9795.0,2791.0,2172.0,0.0,1684.0,1684.0,1519.0,653.0,1971.0,820.0
1.0,7004.0,2844.0,2189.0,0.0,4596.0,4596.0,1532.0,657.0,2023.0,821.0
1.0,4160.0,2177.0,2197.0,1684.0,5121.0,5121.0,1539.0,658.0,1539.0,638.0
1.0,3667.0,1564.0,2190.0,4596.0,2061.0,2061.0,1534.0,656.0,1076.0,488.0
1.0,6699.0,1542.0,2176.0,5121.0,0.0,0.0,1523.0,653.0,1047.0,495.0
1.0,10278.0,2183.0,2169.0,2061.0,0.0,0.0,1517.0,652.0,1514.0,669.0
1.0,10156.0,2913.0,2177.0,0.0,1465.0,1465.0,1523.0,654.0,2056.0,857.0
1.0,7243.0,2893.0,2194.0,0.0,4426.0,4426.0,1536.0,658.0,2057.0,836.0
1.0,4350.0,2220.0,2203.0,1465.0,5217.0,5217.0,1543.0,660.0,1569.0,651.0
1.0,3595.0,1511.0,2196.0,4426.0,2274.0,2274.0,1538.0,658.0,1042.0,469.0
1.0,6510.0,1450.0,2180.0,5217.0,0.0,0.0,1526.0,654.0,984.0,466.0
1.0,10277.0,2098.0,2170.0,2274.0,0.0,0.0,1518.0,652.0,1452.0,646.0
1.0,10453.0,2878.0,2177.0,0.0,1133.0,1133.0,1523.0,654.0,2030.0,848.0
1.0,7575.0,3007.0,2193.0,0.0,4204.0,4204.0,1535.0,658.0,2137.0,870.0
1.0,4568.0,2346.0,2204.0,1133.0,5461.0,5461.0,1544.0,660.0,1657.0,689.0
1.0,3355.0,1589.0,2200.0,4204.0,2830.0,2830.0,1541.0,659.0,1095.0,494.0
1.0,5970.0,1517.0,2186.0,5461.0,0.0,0.0,1530.0,656.0,1032.0,485.0
1.0,9914.0,2119.0,2177.0,2830.0,0.0,0.0,1523.0,654.0,1468.0,651.0
1.0,10625.0,2732.0,2183.0,0.0,839.0,839.0,1527.0,656.0,1930.0,802.0
1.0,7893.0,2770.0,2196.0,0.0,3661.0,3661.0,1537.0,659.0,1972.0,798.0
1.0,5123.0,2293.0,2206.0,839.0,5155.0,5155.0,1545.0,661.0,1619.0,674.0
1.0,3669.0,1763.0,2203.0,3661.0,3245.0,3245.0,1543.0,660.0,1215.0,548.0
1.0,5567.0,1676.0,2190.0,5155.0,0.0,0.0,1533.0,657.0,1140.0,536.0
1.0,9046.0,2109.0,2179.0,3245.0,0.0,0.0,1524.0,655.0,1462.0,647.0
1.0,10182.0,2654.0,2183.0,0.0,1204.0,1204.0,1527.0,656.0,1875.0,779.0
1.0,7528.0,2762.0,2201.0,0.0,4038.0,4038.0,1541.0,660.0,1966.0,796.0
1.0,4766.0,2356.0,2216.0,1204.0,5250.0,5250.0,1552.0,664.0,1663.0,693.0
1.0,3614.0,1901.0,2214.0,4038.0,3105.0,3105.0,1551.0,663.0,1313.0,588.0
1.0,5751.0,1764.0,2197.0,5250.0,0.0,0.0,1538.0,659.0,1203.0,561.0
1.0,9237.0,2124.0,2183.0,3105.0,0.0,0.0,1527.0,656.0,1474.0,650.0
1.0,10218.0,2537.0,2186.0,0.0,1063.0,1063.0,1529.0,657.0,1795.0,742.0
1.0,7681.0,2681.0,2204.0,0.0,3816.0,3816.0,1543.0,661.0,1907.0,774.0
1.0,5000.0,2405.0,2223.0,1063.0,5234.0,5234.0,1557.0,666.0,1696.0,709.0
1.0,3658.0,1908.0,2221.0,3816.0,3318.0,3318.0,1556.0,665.0,1318.0,590.0
1.0,5566.0,1754.0,2203.0,5234.0,0.0,0.0,1542.0,661.0,1196.0,558.0
1.0,9046.0,2111.0,2189.0,3318.0,0.0,0.0,1531.0,658.0,1465.0,646.0
1.0,10253.0,2591.0,2194.0,0.0,1114.0,1114.0,1535.0,659.0,1832.0,759.0
1.0,7662.0,2682.0,2214.0,0.0,3876.0,3876.0,1550.0,664.0,1908.0,774.0
1.0,4980.0,2381.0,2231.0,1114.0,5211.0,5211.0,1563.0,668.0,1680.0,701.0
1.0,3713.0,1854.0,2226.0,3876.0,3169.0,3169.0,1559.0,667.0,1279.0,575.0
1.0,5735.0,1639.0,2205.0,5211.0,0.0,0.0,1543.0,662.0,1115.0,524.0
1.0,9307.0,2000.0,2189.0,3169.0,0.0,0.0,1531.0,658.0,1388.0,612.0
1.0,10476.0,2585.0,2194.0,0.0,885.0,885.0,1535.0,659.0,1830.0,755.0
1.0,7891.0,2840.0,2219.0,0.0,3825.0,3825.0,1553.0,666.0,2019.0,821.0
1.0,5051.0,2434.0,2236.0,885.0,5442.0,5442.0,1566.0,670.0,1714.0,720.0
1.0,3502.0,1767.0,2228.0,3825.0,3352.0,3352.0,1560.0,668.0,1216.0,551.0
1.0,5560.0,1563.0,2205.0,5442.0,0.0,0.0,1543.0,662.0,1064.0,499.0
1.0,9439.0,1999.0,2191.0,3352.0,0.0,0.0,1533.0,658.0,1391.0,608.0
1.0,10792.0,2613.0,2200.0,0.0,621.0,621.0,1539.0,661.0,1851.0,762.0
1.0,8179.0,2773.0,2223.0,0.0,3486.0,3486.0,1556.0,667.0,1970.0,803.0
1.0,5406.0,2377.0,2236.0,621.0,5294.0,5294.0,1566.0,670.0,1671.0,706.0
1.0,3650.0,1812.0,2228.0,3486.0,3588.0,3588.0,1560.0,668.0,1245.0,567.0
1.0,5324.0,1667.0,2206.0,5294.0,0.0,0.0,1544.0,662.0,1136.0,531.0
1.0,8951.0,2035.0,2191.0,3588.0,0.0,0.0,1533.0,658.0,1419.0,616.0
1.0,10504.0,2540.0,2198.0,0.0,828.0,828.0,1538.0,660.0,1803.0,737.0
1.0,7964.0,2750.0,2221.0,0.0,3670.0,3670.0,1555.0,666.0,1957.0,793.0
1.0,5214.0,2541.0,2240.0,828.0,5459.0,5459.0,1569.0,671.0,1785.0,756.0
1.0,3501.0,2039.0,2237.0,3670.0,3816.0,3816.0,1567.0,670.0,1399.0,640.0
1.0,5132.0,1670.0,2213.0,5459.0,0.0,0.0,1549.0,664.0,1136.0,534.0
1.0,8921.0,1897.0,2194.0,3816.0,0.0,0.0,1535.0,659.0,1323.0,574.0
1.0,10840.0,2444.0,2198.0,0.0,396.0,396.0,1538.0,660.0,1738.0,706.0
1.0,8396.0,2745.0,2222.0,0.0,3237.0,3237.0,1556.0,666.0,1955.0,790.0
1.0,5651.0,2559.0,2243.0,396.0,5484.0,5484.0,1571.0,672.0,1799.0,760.0
1.0,3488.0,2059.0,2242.0,3237.0,4302.0,4302.0,1570.0,672.0,1414.0,645.0
1.0,4666.0,1686.0,2220.0,5484.0,416.0,416.0,1554.0,666.0,1147.0,539.0
1.0,8464.0,1851.0,2197.0,4302.0,0.0,0.0,1537.0,660.0,1290.0,561.0
1.0,10915.0,2364.0,2198.0,416.0,0.0,0.0,1538.0,660.0,1682.0,682.0
1.0,8967.0,2853.0,2222.0,0.0,2774.0,2774.0,1556.0,666.0,2028.0,825.0
1.0,6114.0,2773.0,2246.0,0.0,5643.0,5643.0,1573.0,673.0,1946.0,827.0
1.0,3341.0,2146.0,2246.0,2774.0,5015.0,5015.0,1573.0,673.0,1476.0,670.0
1.0,3969.0,1598.0,2225.0,5643.0,886.0,886.0,1557.0,668.0,1086.0,512.0
1.0,8014.0,1740.0,2206.0,5015.0,0.0,0.0,1543.0,663.0,1214.0,526.0
1.0,11289.0,2315.0,2205.0,886.0,0.0,0.0,1543.0,662.0,1648.0,667.0
1.0,9860.0,2808.0,2225.0,0.0,1848.0,1848.0,1558.0,667.0,1997.0,811.0
1.0,7052.0,2797.0,2247.0,0.0,4733.0,4733.0,1574.0,673.0,1963.0,834.0
1.0,4255.0,2205.0,2249.0,1848.0,5098.0,5098.0,1575.0,674.0,1517.0,688.0
1.0,3898.0,1686.0,2230.0,4733.0,1975.0,1975.0,1561.0,669.0,1147.0,539.0
1.0,6945.0,1690.0,2210.0,5098.0,0.0,0.0,1546.0,664.0,1176.0,514.0
1.0,10353.0,2286.0,2208.0,1975.0,0.0,0.0,1545.0,663.0,1628.0,658.0
1.0,10042.0,2826.0,2227.0,0.0,1692.0,1692.0,1559.0,668.0,2012.0,814.0
1.0,7216.0,2773.0,2246.0,0.0,4541.0,4541.0,1573.0,673.0,1947.0,826.0
1.0,4443.0,2243.0,2248.0,1692.0,5100.0,5100.0,1574.0,674.0,1542.0,701.0
1.0,3892.0,1728.0,2232.0,4541.0,2223.0,2223.0,1562.0,670.0,1177.0,551.0
1.0,6705.0,1747.0,2214.0,5100.0,0.0,0.0,1549.0,665.0,1218.0,529.0
1.0,10058.0,2299.0,2212.0,2223.0,0.0,0.0,1548.0,664.0,1638.0,661.0
1.0,9982.0,2819.0,2230.0,0.0,1757.0,1757.0,1561.0,669.0,2005.0,814.0
1.0,7163.0,2760.0,2249.0,0.0,4593.0,4593.0,1575.0,674.0,1935.0,825.0
1.0,4403.0,2227.0,2252.0,1757.0,5075.0,5075.0,1577.0,675.0,1530.0,697.0
1.0,3933.0,1747.0,2235.0,4593.0,2161.0,2161.0,1564.0,671.0,1192.0,555.0
1.0,6779.0,1737.0,2217.0,5075.0,0.0,0.0,1551.0,666.0,1214.0,523.0
1.0,10117.0,2257.0,2215.0,2161.0,0.0,0.0,1550.0,665.0,1609.0,648.0
1.0,10021.0,2744.0,2232.0,0.0,1651.0,1651.0,1563.0,669.0,1949.0,795.0
1.0,7277.0,2699.0,2252.0,0.0,4430.0,4430.0,1577.0,675.0,1890.0,809.0
1.0,4578.0,2223.0,2256.0,1651.0,5018.0,5018.0,1580.0,676.0,1530.0,693.0
1.0,4006.0,1835.0,2242.0,4430.0,2367.0,2367.0,1569.0,673.0,1256.0,579.0
1.0,6601.0,1800.0,2222.0,5018.0,0.0,0.0,1554.0,668.0,1259.0,541.0
1.0,9819.0,2203.0,2218.0,2367.0,0.0,0.0,1552.0,666.0,1568.0,635.0
1.0,9983.0,2687.0,2235.0,0.0,1644.0,1644.0,1565.0,670.0,1909.0,778.0
1.0,7296.0,2756.0,2259.0,0.0,4496.0,4496.0,1582.0,677.0,1930.0,826.0
1.0,4540.0,2332.0,2265.0,1644.0,5208.0,5208.0,1586.0,679.0,1606.0,726.0
1.0,3852.0,1830.0,2249.0,4496.0,2478.0,2478.0,1574.0,675.0,1255.0,575.0
1.0,6518.0,1724.0,2230.0,5208.0,0.0,0.0,1560.0,670.0,1204.0,520.0
1.0,10002.0,2151.0,2225.0,2478.0,0.0,0.0,1557.0,668.0,1530.0,621.0
1.0,10329.0,2649.0,2241.0,0.0,1284.0,1284.0,1569.0,672.0,1881.0,768.0
1.0,7680.0,2652.0,2260.0,0.0,4012.0,4012.0,1583.0,677.0,1858.0,794.0
1.0,5028.0,2264.0,2265.0,1284.0,5012.0,5012.0,1586.0,679.0,1561.0,703.0
1.0,4048.0,1857.0,2252.0,4012.0,2805.0,2805.0,1576.0,676.0,1276.0,581.0
1.0,6203.0,1856.0,2234.0,5012.0,0.0,0.0,1563.0,671.0,1299.0,557.0
1.0,9359.0,2199.0,2228.0,2805.0,0.0,0.0,1559.0,669.0,1562.0,637.0
1.0,9965.0,2572.0,2238.0,0.0,1559.0,1559.0,1567.0,671.0,1823.0,749.0
1.0,7393.0,2627.0,2256.0,0.0,4258.0,4258.0,1580.0,676.0,1840.0,787.0
1.0,4766.0,2416.0,2266.0,1559.0,5155.0,5155.0,1587.0,679.0,1668.0,748.0
1.0,3909.0,2024.0,2258.0,4258.0,2889.0,2889.0,1580.0,678.0,1392.0,632.0
1.0,6143.0,1852.0,2241.0,5155.0,0.0,0.0,1568.0,673.0,1296.0,556.0
1.0,9446.0,2036.0,2231.0,2889.0,0.0,0.0,1561.0,670.0,1448.0,588.0
1.0,10299.0,2454.0,2238.0,0.0,1107.0,1107.0,1567.0,671.0,1741.0,713.0
1.0,7845.0,2698.0,2258.0,0.0,3885.0,3885.0,1582.0,676.0,1891.0,807.0
1.0,5147.0,2526.0,2271.0,1107.0,5356.0,5356.0,1590.0,681.0,1745.0,781.0
1.0,3728.0,2167.0,2268.0,3885.0,3626.0,3626.0,1587.0,681.0,1491.0,676.0
1.0,5446.0,1889.0,2249.0,5356.0,83.0,83.0,1573.0,676.0,1321.0,568.0
1.0,8913.0,1978.0,2234.0,3626.0,0.0,0.0,1563.0,671.0,1409.0,569.0
1.0,10561.0,2403.0,2238.0,83.0,711.0,711.0,1567.0,671.0,1709.0,694.0
1.0,8241.0,2732.0,2260.0,0.0,3531.0,3531.0,1583.0,677.0,1913.0,819.0
1.0,5509.0,2606.0,2276.0,711.0,5490.0,5490.0,1594.0,682.0,1798.0,808.0
1.0,3614.0,2189.0,2275.0,3531.0,4144.0,4144.0,1592.0,683.0,1505.0,684.0
1.0,4956.0,1880.0,2256.0,5490.0,458.0,458.0,1578.0,678.0,1315.0,565.0
1.0,8566.0,1992.0,2241.0,4144.0,0.0,0.0,1568.0,673.0,1421.0,571.0
1.0,10718.0,2412.0,2245.0,458.0,216.0,216.0,1572.0,673.0,1717.0,695.0
1.0,8764.0,2688.0,2264.0,0.0,2980.0,2980.0,1586.0,678.0,1884.0,804.0
1.0,6076.0,2597.0,2282.0,216.0,5433.0,5433.0,1598.0,684.0,1791.0,806.0
1.0,3695.0,2192.0,2279.0,2980.0,4633.0,4633.0,1595.0,684.0,1505.0,687.0
1.0,4483.0,1908.0,2262.0,5433.0,1040.0,1040.0,1582.0,680.0,1334.0,574.0
1.0,8008.0,2082.0,2249.0,4633.0,0.0,0.0,1574.0,675.0,1485.0,597.0
1.0,10559.0,2449.0,2253.0,1040.0,0.0,0.0,1577.0,676.0,1742.0,707.0
1.0,9150.0,2694.0,2271.0,0.0,2628.0,2628.0,1591.0,680.0,1887.0,807.0
1.0,6456.0,2566.0,2288.0,0.0,5262.0,5262.0,1602.0,686.0,1768.0,798.0
1.0,3890.0,2204.0,2285.0,2628.0,4826.0,4826.0,1599.0,686.0,1515.0,689.0
1.0,4314.0,2033.0,2270.0,5262.0,1537.0,1537.0,1588.0,682.0,1422.0,611.0
1.0,7543.0,2119.0,2258.0,4826.0,0.0,0.0,1580.0,678.0,1511.0,608.0
1.0,10250.0,2350.0,2261.0,1537.0,0.0,0.0,1583.0,678.0,1674.0,676.0
1.0,9437.0,2531.0,2276.0,0.0,2198.0,2198.0,1594.0,682.0,1773.0,758.0
1.0,6906.0,2471.0,2289.0,0.0,4721.0,4721.0,1603.0,686.0,1703.0,768.0
1.0,4435.0,2191.0,2288.0,2198.0,4710.0,4710.0,1601.0,687.0,1506.0,685.0
1.0,4442.0,1983.0,2273.0,4721.0,1912.0,1912.0,1590.0,683.0,1384.0,599.0
1.0,7180.0,2113.0,2262.0,4710.0,0.0,0.0,1583.0,679.0,1505.0,608.0
1.0,9777.0,2417.0,2266.0,1912.0,0.0,0.0,1587.0,679.0,1722.0,695.0
1.0,9272.0,2633.0,2281.0,0.0,2485.0,2485.0,1598.0,683.0,1847.0,786.0
1.0,6639.0,2464.0,2294.0,0.0,5001.0,5001.0,1606.0,688.0,1697.0,767.0
1.0,4175.0,2124.0,2292.0,2485.0,4632.0,4632.0,1604.0,688.0,1456.0,668.0
1.0,4536.0,1959.0,2279.0,5001.0,1538.0,1538.0,1594.0,685.0,1368.0,591.0
1.0,7578.0,2098.0,2266.0,4632.0,0.0,0.0,1586.0,680.0,1496.0,602.0
1.0,10112.0,2416.0,2268.0,1538.0,0.0,0.0,1588.0,680.0,1722.0,694.0
1.0,9234.0,2591.0,2283.0,0.0,2489.0,2489.0,1599.0,684.0,1817.0,774.0
1.0,6643.0,2454.0,2296.0,0.0,4995.0,4995.0,1608.0,688.0,1689.0,765.0
1.0,4189.0,2130.0,2296.0,2489.0,4636.0,4636.0,1607.0,689.0,1459.0,671.0
1.0,4548.0,1918.0,2282.0,4995.0,1503.0,1503.0,1596.0,686.0,1341.0,577.0
1.0,7625.0,2086.0,2271.0,4636.0,0.0,0.0,1589.0,682.0,1489.0,597.0
1.0,10175.0,2423.0,2274.0,1503.0,0.0,0.0,1592.0,682.0,1726.0,697.0
1.0,9255.0,2644.0,2289.0,0.0,2545.0,2545.0,1603.0,686.0,1853.0,791.0
1.0,6611.0,2491.0,2301.0,0.0,5084.0,5084.0,1611.0,690.0,1716.0,775.0
1.0,4120.0,2144.0,2301.0,2545.0,4683.0,4683.0,1610.0,691.0,1469.0,675.0
1.0,4521.0,1911.0,2287.0,5084.0,1454.0,1454.0,1600.0,687.0,1335.0,576.0
1.0,7694.0,2019.0,2276.0,4683.0,0.0,0.0,1593.0,683.0,1442.0,577.0
1.0,10358.0,2374.0,2275.0,1454.0,0.0,0.0,1593.0,682.0,1695.0,679.0
1.0,9438.0,2652.0,2287.0,0.0,2362.0,2362.0,1602.0,685.0,1858.0,794.0
1.0,6786.0,2599.0,2302.0,0.0,5021.0,5021.0,1612.0,690.0,1789.0,810.0
1.0,4187.0,2257.0,2305.0,2362.0,4928.0,4928.0,1613.0,692.0,1550.0,707.0
1.0,4292.0,2009.0,2297.0,5021.0,1884.0,1884.0,1607.0,690.0,1405.0,604.0
1.0,7304.0,2053.0,2285.0,4928.0,0.0,0.0,1599.0,686.0,1466.0,587.0
1.0,10179.0,2324.0,2281.0,1884.0,0.0,0.0,1597.0,684.0,1657.0,667.0
1.0,9739.0,2567.0,2289.0,0.0,1984.0,1984.0,1603.0,686.0,1798.0,769.0
1.0,7172.0,2524.0,2301.0,0.0,4556.0,4556.0,1611.0,690.0,1738.0,786.0
1.0,4648.0,2265.0,2306.0,1984.0,4857.0,4857.0,1614.0,692.0,1557.0,708.0
1.0,4367.0,2067.0,2300.0,4556.0,2344.0,2344.0,1609.0,691.0,1447.0,620.0
1.0,6856.0,2219.0,2290.0,4857.0,0.0,0.0,1602.0,688.0,1580.0,639.0
1.0,9494.0,2475.0,2288.0,2344.0,0.0,0.0,1602.0,686.0,1760.0,715.0
1.0,9363.0,2593.0,2296.0,0.0,2414.0,2414.0,1608.0,688.0,1816.0,777.0
1.0,6770.0,2456.0,2306.0,0.0,4910.0,4910.0,1615.0,691.0,1691.0,765.0
1.0,4314.0,2172.0,2310.0,2414.0,4684.0,4684.0,1616.0,694.0,1491.0,681.0
1.0,4556.0,2086.0,2303.0,4910.0,1832.0,1832.0,1611.0,692.0,1460.0,626.0
1.0,7380.0,2191.0,2294.0,4684.0,0.0,0.0,1605.0,689.0,1563.0,628.0
1.0,9873.0,2394.0,2291.0,1832.0,0.0,0.0,1604.0,687.0,1705.0,689.0
1.0,9311.0,2510.0,2296.0,0.0,2383.0,2383.0,1608.0,688.0,1757.0,753.0
1.0,6801.0,2527.0,2308.0,0.0,4958.0,4958.0,1616.0,692.0,1738.0,789.0
1.0,4274.0,2335.0,2313.0,2383.0,4930.0,4930.0,1618.0,695.0,1604.0,731.0
1.0,4322.0,2146.0,2307.0,4958.0,2094.0,2094.0,1614.0,693.0,1504.0,642.0
1.0,7134.0,2111.0,2296.0,4930.0,0.0,0.0,1607.0,689.0,1509.0,602.0
1.0,9953.0,2295.0,2291.0,2094.0,0.0,0.0,1604.0,687.0,1637.0,658.0
1.0,9752.0,2473.0,2296.0,0.0,1905.0,1905.0,1608.0,688.0,1729.0,744.0
1.0,7279.0,2517.0,2305.0,0.0,4458.0,4458.0,1614.0,691.0,1731.0,786.0
1.0,4762.0,2381.0,2311.0,1905.0,4958.0,4958.0,1617.0,694.0,1636.0,745.0
1.0,4286.0,2258.0,2309.0,4458.0,2750.0,2750.0,1615.0,694.0,1583.0,675.0
1.0,6486.0,2210.0,2302.0,4958.0,0.0,0.0,1611.0,691.0,1577.0,633.0
1.0,9234.0,2289.0,2299.0,2750.0,0.0,0.0,1610.0,689.0,1631.0,658.0
1.0,9695.0,2433.0,2303.0,0.0,1950.0,1950.0,1613.0,690.0,1703.0,730.0
1.0,7262.0,2499.0,2314.0,0.0,4493.0,4493.0,1620.0,694.0,1719.0,780.0
1.0,4763.0,2360.0,2318.0,1950.0,4919.0,4919.0,1622.0,696.0,1622.0,738.0
1.0,4353.0,2156.0,2313.0,4493.0,2562.0,2562.0,1618.0,695.0,1509.0,647.0
1.0,6690.0,2095.0,2303.0,4919.0,0.0,0.0,1611.0,692.0,1496.0,599.0
1.0,9514.0,2259.0,2299.0,2562.0,0.0,0.0,1610.0,689.0,1612.0,647.0
1.0,9817.0,2518.0,2307.0,0.0,1929.0,1929.0,1616.0,691.0,1765.0,753.0
1.0,7299.0,2566.0,2318.0,0.0,4539.0,4539.0,1623.0,695.0,1768.0,798.0
1.0,4733.0,2409.0,2324.0,1929.0,5043.0,5043.0,1626.0,698.0,1654.0,755.0
1.0,4253.0,2179.0,2319.0,4539.0,2663.0,2663.0,1622.0,697.0,1522.0,657.0
1.0,6613.0,2020.0,2308.0,5043.0,0.0,0.0,1615.0,693.0,1442.0,578.0
1.0,9636.0,2110.0,2302.0,2663.0,0.0,0.0,1612.0,690.0,1508.0,602.0
1.0,10189.0,2424.0,2307.0,0.0,1463.0,1463.0,1616.0,691.0,1698.0,726.0
1.0,7765.0,2645.0,2322.0,0.0,4168.0,4168.0,1626.0,696.0,1823.0,822.0
1.0,5120.0,2585.0,2331.0,1463.0,5326.0,5326.0,1631.0,700.0,1781.0,804.0
1.0,3998.0,2255.0,2328.0,4168.0,3401.0,3401.0,1628.0,700.0,1577.0,678.0
1.0,5911.0,1982.0,2315.0,5326.0,5.0,5.0,1620.0,695.0,1414.0,568.0
1.0,9255.0,2024.0,2306.0,3401.0,0.0,0.0,1615.0,691.0,1445.0,579.0
1.0,10632.0,2353.0,2310.0,5.0,956.0,956.0,1618.0,692.0,1650.0,703.0
1.0,8284.0,2585.0,2323.0,0.0,3593.0,3593.0,1627.0,696.0,1784.0,801.0
1.0,5699.0,2584.0,2334.0,956.0,5265.0,5265.0,1633.0,701.0,1779.0,805.0
1.0,4071.0,2290.0,2332.0,3593.0,3954.0,3954.0,1631.0,701.0,1599.0,691.0
1.0,5374.0,2069.0,2321.0,5265.0,714.0,714.0,1624.0,697.0,1475.0,594.0
1.0,8570.0,2151.0,2312.0,3954.0,0.0,0.0,1619.0,693.0,1538.0,613.0
1.0,10373.0,2419.0,2316.0,714.0,596.0,596.0,1622.0,694.0,1696.0,723.0
1.0,8668.0,2568.0,2326.0,0.0,3204.0,3204.0,1629.0,697.0,1771.0,797.0
1.0,6100.0,2493.0,2335.0,596.0,5137.0,5137.0,1634.0,701.0,1713.0,780.0
1.0,4203.0,2294.0,2335.0,3204.0,4227.0,4227.0,1633.0,702.0,1601.0,693.0
1.0,5113.0,2097.0,2325.0,5137.0,1147.0,1147.0,1627.0,698.0,1495.0,602.0
1.0,8153.0,2143.0,2318.0,4227.0,0.0,0.0,1623.0,695.0,1533.0,610.0
1.0,10237.0,2398.0,2320.0,1147.0,294.0,294.0,1625.0,695.0,1683.0,715.0
1.0,8986.0,2596.0,2331.0,0.0,2934.0,2934.0,1632.0,699.0,1789.0,807.0
1.0,6390.0,2597.0,2338.0,294.0,5265.0,5265.0,1636.0,702.0,1785.0,812.0
1.0,4087.0,2350.0,2336.0,2934.0,4673.0,4673.0,1634.0,702.0,1640.0,710.0
1.0,4671.0,2084.0,2325.0,5265.0,1448.0,1448.0,1627.0,698.0,1487.0,597.0
1.0,7852.0,2031.0,2318.0,4673.0,0.0,0.0,1623.0,695.0,1455.0,576.0
1.0,10494.0,2338.0,2321.0,1448.0,0.0,0.0,1626.0,695.0,1643.0,695.0
1.0,9604.0,2713.0,2333.0,0.0,2441.0,2441.0,1634.0,699.0,1872.0,841.0
1.0,6891.0,2774.0,2344.0,0.0,5259.0,5259.0,1640.0,704.0,1908.0,866.0
1.0,4117.0,2475.0,2346.0,2441.0,5301.0,5301.0,1641.0,705.0,1724.0,751.0
1.0,4083.0,2065.0,2337.0,5259.0,2071.0,2071.0,1635.0,702.0,1472.0,593.0
1.0,7277.0,1953.0,2326.0,5301.0,0.0,0.0,1629.0,697.0,1401.0,552.0
1.0,10625.0,2312.0,2325.0,2071.0,0.0,0.0,1629.0,696.0,1628.0,684.0
1.0,10384.0,2824.0,2339.0,0.0,1796.0,1796.0,1638.0,701.0,1951.0,873.0
1.0,7560.0,2899.0,2354.0,0.0,4755.0,4755.0,1647.0,707.0,1995.0,904.0
1.0,4661.0,2418.0,2356.0,1796.0,5385.0,5385.0,1648.0,708.0,1685.0,733.0
1.0,4039.0,1910.0,2345.0,4755.0,2496.0,2496.0,1641.0,704.0,1362.0,548.0
1.0,6884.0,1825.0,2332.0,5385.0,0.0,0.0,1633.0,699.0,1310.0,515.0
1.0,10444.0,2330.0,2331.0,2496.0,0.0,0.0,1633.0,698.0,1640.0,690.0
1.0,10610.0,2879.0,2343.0,0.0,1641.0,1641.0,1641.0,702.0,1992.0,887.0
1.0,7731.0,2902.0,2356.0,0.0,4595.0,4595.0,1649.0,707.0,1999.0,903.0
1.0,4829.0,2356.0,2357.0,1641.0,5314.0,5314.0,1649.0,708.0,1640.0,716.0
1.0,4114.0,1925.0,2348.0,4595.0,2608.0,2608.0,1643.0,705.0,1369.0,556.0
1.0,6784.0,1977.0,2338.0,5314.0,0.0,0.0,1637.0,701.0,1416.0,561.0
1.0,10121.0,2467.0,2340.0,2608.0,0.0,0.0,1639.0,701.0,1737.0,730.0
1.0,10262.0,2863.0,2353.0,0.0,2013.0,2013.0,1648.0,705.0,1983.0,880.0
1.0,7399.0,2794.0,2366.0,0.0,4859.0,4859.0,1656.0,710.0,1923.0,871.0
1.0,4605.0,2311.0,2368.0,2013.0,5165.0,5165.0,1656.0,712.0,1607.0,704.0
1.0,4307.0,1911.0,2356.0,4859.0,2169.0,2169.0,1648.0,708.0,1357.0,554.0
1.0,7255.0,1941.0,2344.0,5165.0,0.0,0.0,1641.0,703.0,1390.0,551.0
1.0,10479.0,2388.0,2344.0,2169.0,0.0,0.0,1642.0,702.0,1684.0,704.0
1.0,10260.0,2804.0,2356.0,0.0,1968.0,1968.0,1650.0,706.0,1944.0,860.0
1.0,7456.0,2826.0,2372.0,0.0,4858.0,4858.0,1660.0,712.0,1947.0,879.0
1.0,4630.0,2335.0,2376.0,1968.0,5241.0,5241.0,1662.0,714.0,1623.0,712.0
1.0,4263.0,1866.0,2365.0,4858.0,2205.0,2205.0,1655.0,710.0,1326.0,540.0
1.0,7255.0,1885.0,2351.0,5241.0,0.0,0.0,1646.0,705.0,1351.0,534.0
1.0,10611.0,2365.0,2346.0,2205.0,0.0,0.0,1643.0,703.0,1667.0,698.0
1.0,10451.0,2838.0,2357.0,0.0,1815.0,1815.0,1651.0,706.0,1968.0,870.0
1.0,7613.0,2804.0,2373.0,0.0,4683.0,4683.0,1661.0,712.0,1930.0,874.0
1.0,4809.0,2362.0,2380.0,1815.0,5258.0,5258.0,1665.0,715.0,1640.0,722.0
1.0,4262.0,1927.0,2371.0,4683.0,2466.0,2466.0,1659.0,712.0,1369.0,558.0
1.0,7018.0,1980.0,2360.0,5258.0,0.0,0.0,1652.0,708.0,1419.0,561.0
1.0,10296.0,2418.0,2357.0,2466.0,0.0,0.0,1651.0,706.0,1705.0,713.0
1.0,10344.0,2846.0,2367.0,0.0,1970.0,1970.0,1658.0,709.0,1971.0,875.0
1.0,7498.0,2834.0,2382.0,0.0,4864.0,4864.0,1667.0,715.0,1950.0,884.0
1.0,4664.0,2325.0,2385.0,1970.0,5231.0,5231.0,1668.0,717.0,1615.0,710.0
1.0,4309.0,1854.0,2374.0,4864.0,2177.0,2177.0,1661.0,713.0,1319.0,535.0
1.0,7319.0,1973.0,2363.0,5231.0,0.0,0.0,1654.0,709.0,1414.0,559.0
1.0,10577.0,2445.0,2363.0,2177.0,0.0,0.0,1655.0,708.0,1723.0,722.0
1.0,10309.0,2845.0,2373.0,0.0,2028.0,2028.0,1662.0,711.0,1970.0,875.0
1.0,7464.0,2751.0,2385.0,0.0,4827.0,4827.0,1669.0,716.0,1894.0,857.0
1.0,4713.0,2208.0,2386.0,2028.0,5011.0,5011.0,1669.0,717.0,1534.0,674.0
1.0,4533.0,1851.0,2376.0,4827.0,1995.0,1995.0,1662.0,714.0,1317.0,534.0
1.0,7509.0,2020.0,2365.0,5011.0,0.0,0.0,1656.0,709.0,1444.0,576.0
1.0,10500.0,2602.0,2365.0,1995.0,0.0,0.0,1657.0,708.0,1831.0,771.0
1.0,9893.0,2970.0,2377.0,0.0,2585.0,2585.0,1665.0,712.0,2059.0,911.0
1.0,6923.0,2738.0,2389.0,0.0,5371.0,5371.0,1672.0,717.0,1888.0,850.0
1.0,4185.0,2205.0,2393.0,2585.0,5007.0,5007.0,1674.0,719.0,1533.0,672.0
1.0,4565.0,1894.0,2384.0,5371.0,1494.0,1494.0,1668.0,716.0,1345.0,549.0
1.0,8042.0,2122.0,2373.0,5007.0,0.0,0.0,1661.0,712.0,1515.0,607.0
1.0,10927.0,2649.0,2370.0,1494.0,0.0,0.0,1660.0,710.0,1863.0,786.0
1.0,9772.0,2912.0,2379.0,0.0,2656.0,2656.0,1666.0,713.0,2019.0,893.0
1.0,6860.0,2701.0,2392.0,0.0,5409.0,5409.0,1674.0,718.0,1861.0,840.0
1.0,4159.0,2159.0,2395.0,2656.0,4924.0,4924.0,1675.0,720.0,1501.0,658.0
1.0,4656.0,1821.0,2386.0,5409.0,1300.0,1300.0,1669.0,717.0,1294.0,527.0
1.0,8244.0,2081.0,2371.0,4924.0,0.0,0.0,1660.0,711.0,1488.0,593.0
1.0,11087.0,2649.0,2367.0,1300.0,0.0,0.0,1658.0,709.0,1866.0,783.0
1.0,9738.0,3003.0,2378.0,0.0,2777.0,2777.0,1665.0,713.0,2082.0,921.0
1.0,6735.0,2735.0,2393.0,0.0,5572.0,5572.0,1675.0,718.0,1883.0,852.0
1.0,4000.0,2166.0,2400.0,2777.0,4989.0,4989.0,1679.0,721.0,1506.0,660.0
1.0,4611.0,1828.0,2391.0,5572.0,1209.0,1209.0,1673.0,718.0,1301.0,527.0
1.0,8355.0,2018.0,2374.0,4989.0,0.0,0.0,1662.0,712.0,1443.0,575.0
1.0,11326.0,2586.0,2368.0,1209.0,0.0,0.0,1659.0,709.0,1820.0,766.0
1.0,9949.0,3001.0,2380.0,0.0,2572.0,2572.0,1667.0,713.0,2078.0,923.0
1.0,6948.0,2790.0,2397.0,0.0,5430.0,5430.0,1678.0,719.0,1919.0,871.0
1.0,4158.0,2195.0,2402.0,2572.0,5073.0,5073.0,1680.0,722.0,1525.0,670.0
1.0,4535.0,1855.0,2390.0,5430.0,1450.0,1450.0,1672.0,718.0,1322.0,533.0
1.0,8110.0,2069.0,2374.0,5073.0,0.0,0.0,1662.0,712.0,1483.0,586.0
1.0,11114.0,2641.0,2371.0,1450.0,0.0,0.0,1661.0,710.0,1861.0,780.0
1.0,9923.0,2925.0,2383.0,0.0,2534.0,2534.0,1669.0,714.0,2024.0,901.0
1.0,6998.0,2720.0,2399.0,0.0,5318.0,5318.0,1679.0,720.0,1869.0,851.0
1.0,4278.0,2193.0,2403.0,2534.0,4993.0,4993.0,1681.0,722.0,1522.0,671.0
1.0,4619.0,1847.0,2393.0,5318.0,1482.0,1482.0,1674.0,719.0,1315.0,532.0
1.0,8090.0,2080.0,2379.0,4993.0,0.0,0.0,1665.0,714.0,1492.0,588.0
1.0,11003.0,2625.0,2376.0,1482.0,0.0,0.0,1664.0,712.0,1851.0,774.0
1.0,9860.0,2985.0,2388.0,0.0,2677.0,2677.0,1672.0,716.0,2065.0,920.0
1.0,6875.0,2771.0,2405.0,0.0,5516.0,5516.0,1683.0,722.0,1903.0,868.0
1.0,4104.0,2201.0,2412.0,2677.0,5068.0,5068.0,1687.0,725.0,1530.0,671.0
1.0,4580.0,1827.0,2401.0,5516.0,1335.0,1335.0,1680.0,721.0,1302.0,525.0
1.0,8269.0,1992.0,2384.0,5068.0,0.0,0.0,1669.0,715.0,1428.0,564.0
1.0,11345.0,2568.0,2380.0,1335.0,0.0,0.0,1667.0,713.0,1809.0,759.0
1.0,10112.0,2925.0,2391.0,0.0,2377.0,2377.0,1674.0,717.0,2025.0,900.0
1.0,7187.0,2794.0,2408.0,0.0,5239.0,5239.0,1685.0,723.0,1923.0,871.0
1.0,4393.0,2302.0,2413.0,2377.0,5184.0,5184.0,1688.0,725.0,1598.0,704.0
1.0,4468.0,1851.0,2403.0,5239.0,1756.0,1756.0,1681.0,722.0,1318.0,533.0
1.0,7856.0,1945.0,2386.0,5184.0,0.0,0.0,1670.0,716.0,1397.0,548.0
1.0,11095.0,2480.0,2379.0,1756.0,0.0,0.0,1666.0,713.0,1749.0,731.0
1.0,10371.0,2914.0,2390.0,0.0,2103.0,2103.0,1674.0,716.0,2014.0,900.0
1.0,7457.0,2805.0,2408.0,0.0,4980.0,4980.0,1685.0,723.0,1925.0,880.0
1.0,4652.0,2273.0,2414.0,2103.0,5174.0,5174.0,1689.0,725.0,1581.0,692.0
1.0,4482.0,1866.0,2403.0,4980.0,2016.0,2016.0,1681.0,722.0,1333.0,533.0
1.0,7596.0,1973.0,2386.0,5174.0,0.0,0.0,1670.0,716.0,1418.0,555.0
1.0,10797.0,2568.0,2383.0,2016.0,0.0,0.0,1669.0,714.0,1809.0,759.0
1.0,10245.0,3018.0,2399.0,0.0,2369.0,2369.0,1680.0,719.0,2087.0,931.0
1.0,7227.0,2869.0,2418.0,0.0,5314.0,5314.0,1692.0,726.0,1971.0,898.0
1.0,4358.0,2363.0,2425.0,2369.0,5336.0,5336.0,1696.0,729.0,1642.0,721.0
1.0,4364.0,1985.0,2413.0,5314.0,1959.0,1959.0,1688.0,725.0,1415.0,570.0
1.0,7693.0,2047.0,2395.0,5336.0,0.0,0.0,1677.0,718.0,1472.0,575.0
1.0,10982.0,2515.0,2390.0,1959.0,0.0,0.0,1674.0,716.0,1772.0,743.0
1.0,10426.0,2952.0,2405.0,0.0,2146.0,2146.0,1684.0,721.0,2040.0,912.0
1.0,7474.0,2868.0,2423.0,0.0,5086.0,5086.0,1696.0,727.0,1970.0,898.0
1.0,4606.0,2318.0,2427.0,2146.0,5274.0,5274.0,1698.0,729.0,1610.0,708.0
1.0,4434.0,1840.0,2411.0,5086.0,1964.0,1964.0,1687.0,724.0,1313.0,527.0
1.0,7680.0,1899.0,2393.0,5274.0,0.0,0.0,1675.0,718.0,1367.0,532.0
1.0,11055.0,2404.0,2387.0,1964.0,0.0,0.0,1672.0,715.0,1697.0,707.0
1.0,10615.0,2947.0,2402.0,0.0,1940.0,1940.0,1682.0,720.0,2038.0,909.0
1.0,7668.0,3017.0,2425.0,0.0,5049.0,5049.0,1697.0,728.0,2074.0,943.0
1.0,4651.0,2460.0,2432.0,1940.0,5597.0,5597.0,1701.0,731.0,1709.0,751.0
1.0,4131.0,1922.0,2418.0,5049.0,2414.0,2414.0,1692.0,726.0,1369.0,553.0
1.0,7258.0,1921.0,2397.0,5597.0,0.0,0.0,1678.0,719.0,1381.0,540.0
1.0,10934.0,2466.0,2392.0,2414.0,0.0,0.0,1675.0,717.0,1740.0,726.0
1.0,10882.0,3029.0,2409.0,0.0,1783.0,1783.0,1687.0,722.0,2096.0,933.0
1.0,7853.0,2944.0,2430.0,0.0,4811.0,4811.0,1701.0,729.0,2025.0,919.0
1.0,4909.0,2372.0,2437.0,1783.0,5428.0,5428.0,1705.0,732.0,1647.0,725.0
1.0,4320.0,1845.0,2423.0,4811.0,2406.0,2406.0,1695.0,728.0,1314.0,531.0
1.0,7286.0,1998.0,2404.0,5428.0,0.0,0.0,1683.0,721.0,1434.0,564.0
1.0,10716.0,2603.0,2400.0,2406.0,0.0,0.0,1681.0,719.0,1835.0,768.0
1.0,10519.0,3002.0,2416.0,0.0,2147.0,2147.0,1692.0,724.0,2079.0,923.0
1.0,7517.0,2802.0,2433.0,0.0,5017.0,5017.0,1703.0,730.0,1926.0,876.0
1.0,4715.0,2243.0,2437.0,2147.0,5129.0,5129.0,1705.0,732.0,1557.0,686.0
1.0,4619.0,1854.0,2422.0,5017.0,1906.0,1906.0,1694.0,728.0,1320.0,534.0
1.0,7782.0,2040.0,2404.0,5129.0,0.0,0.0,1683.0,721.0,1464.0,576.0
1.0,10871.0,2586.0,2403.0,1906.0,0.0,0.0,1683.0,720.0,1824.0,762.0
1.0,10191.0,3056.0,2419.0,0.0,2541.0,2541.0,1694.0,725.0,2115.0,941.0
1.0,7135.0,2837.0,2438.0,0.0,5454.0,5454.0,1706.0,732.0,1948.0,889.0
1.0,4298.0,2142.0,2439.0,2541.0,5059.0,5059.0,1706.0,733.0,1487.0,655.0
1.0,4697.0,1684.0,2421.0,5454.0,1217.0,1217.0,1694.0,727.0,1204.0,480.0
1.0,8467.0,1975.0,2401.0,5059.0,0.0,0.0,1681.0,720.0,1420.0,555.0
1.0,11551.0,2721.0,2401.0,1217.0,0.0,0.0,1682.0,719.0,1917.0,804.0
1.0,10047.0,3180.0,2419.0,0.0,2809.0,2809.0,1694.0,725.0,2199.0,981.0
1.0,6867.0,2888.0,2439.0,0.0,5777.0,5777.0,1707.0,732.0,1982.0,906.0
1.0,3979.0,2075.0,2442.0,2809.0,5055.0,5055.0,1708.0,734.0,1440.0,635.0
1.0,4713.0,1589.0,2423.0,5777.0,791.0,791.0,1695.0,728.0,1139.0,450.0
1.0,8901.0,1942.0,2404.0,5055.0,0.0,0.0,1683.0,721.0,1400.0,542.0
1.0,12014.0,2807.0,2404.0,791.0,0.0,0.0,1684.0,720.0,1979.0,828.0
1.0,9998.0,3279.0,2423.0,0.0,2973.0,2973.0,1697.0,726.0,2269.0,1010.0
1.0,6719.0,2873.0,2442.0,0.0,5922.0,5922.0,1709.0,733.0,1972.0,901.0
1.0,3846.0,2083.0,2445.0,2973.0,5044.0,5044.0,1710.0,735.0,1444.0,639.0
1.0,4736.0,1674.0,2430.0,5922.0,736.0,736.0,1700.0,730.0,1198.0,476.0
1.0,8984.0,2029.0,2413.0,5044.0,0.0,0.0,1689.0,724.0,1459.0,570.0
1.0,11999.0,2807.0,2412.0,736.0,0.0,0.0,1690.0,722.0,1979.0,828.0
1.0,9928.0,3277.0,2432.0,0.0,3077.0,3077.0,1703.0,729.0,2268.0,1009.0
1.0,6651.0,2966.0,2453.0,0.0,6127.0,6127.0,1717.0,736.0,2039.0,927.0
1.0,3685.0,2122.0,2456.0,3077.0,5184.0,5184.0,1718.0,738.0,1471.0,651.0
1.0,4640.0,1553.0,2436.0,6127.0,530.0,530.0,1704.0,732.0,1113.0,440.0
1.0,9214.0,1892.0,2414.0,5184.0,0.0,0.0,1690.0,724.0,1362.0,530.0
1.0,12506.0,2790.0,2413.0,530.0,0.0,0.0,1690.0,723.0,1966.0,824.0
1.0,10246.0,3401.0,2433.0,0.0,2887.0,2887.0,1704.0,729.0,2356.0,1045.0
1.0,6845.0,3140.0,2455.0,0.0,6115.0,6115.0,1718.0,737.0,2160.0,980.0
1.0,3705.0,2230.0,2459.0,2887.0,5474.0,5474.0,1720.0,739.0,1549.0,681.0
1.0,4362.0,1585.0,2441.0,6115.0,872.0,872.0,1708.0,733.0,1134.0,451.0
1.0,8892.0,1807.0,2418.0,5474.0,0.0,0.0,1693.0,725.0,1303.0,504.0
1.0,12559.0,2670.0,2415.0,872.0,0.0,0.0,1692.0,723.0,1880.0,790.0
1.0,10761.0,3347.0,2435.0,0.0,2326.0,2326.0,1705.0,730.0,2317.0,1030.0
1.0,7414.0,3155.0,2460.0,0.0,5581.0,5581.0,1722.0,738.0,2174.0,981.0
1.0,4259.0,2319.0,2469.0,2326.0,5610.0,5610.0,1727.0,742.0,1613.0,706.0
1.0,4266.0,1716.0,2455.0,5581.0,1689.0,1689.0,1718.0,737.0,1226.0,490.0
1.0,8131.0,1906.0,2435.0,5610.0,0.0,0.0,1705.0,730.0,1368.0,538.0
1.0,11835.0,2677.0,2428.0,1689.0,0.0,0.0,1701.0,727.0,1883.0,794.0
1.0,10847.0,3274.0,2444.0,0.0,2203.0,2203.0,1712.0,732.0,2268.0,1006.0
1.0,7573.0,3114.0,2467.0,0.0,5409.0,5409.0,1727.0,740.0,2145.0,969.0
1.0,4459.0,2317.0,2475.0,2203.0,5555.0,5555.0,1731.0,744.0,1611.0,706.0
1.0,4345.0,1690.0,2460.0,5409.0,1776.0,1776.0,1721.0,739.0,1207.0,483.0
1.0,8064.0,1836.0,2437.0,5555.0,0.0,0.0,1706.0,731.0,1320.0,516.0
1.0,11783.0,2627.0,2431.0,1776.0,0.0,0.0,1703.0,728.0,1851.0,776.0
1.0,10932.0,3191.0,2446.0,0.0,2043.0,2043.0,1713.0,733.0,2211.0,980.0
1.0,7741.0,3062.0,2470.0,0.0,5201.0,5201.0,1729.0,741.0,2110.0,952.0
1.0,4679.0,2334.0,2476.0,2043.0,5516.0,5516.0,1732.0,744.0,1622.0,712.0
1.0,4388.0,1721.0,2460.0,5201.0,1972.0,1972.0,1721.0,739.0,1226.0,495.0
1.0,7868.0,1803.0,2437.0,5516.0,0.0,0.0,1706.0,731.0,1295.0,508.0
1.0,11581.0,2557.0,2431.0,1972.0,0.0,0.0,1703.0,728.0,1800.0,757.0
1.0,10996.0,3248.0,2451.0,0.0,2056.0,2056.0,1717.0,734.0,2252.0,996.0
1.0,7748.0,3194.0,2477.0,0.0,5354.0,5354.0,1734.0,743.0,2205.0,989.0
1.0,4554.0,2443.0,2484.0,2056.0,5769.0,5769.0,1738.0,746.0,1699.0,744.0
1.0,4167.0,1703.0,2467.0,5354.0,2050.0,2050.0,1726.0,741.0,1213.0,490.0
1.0,7818.0,1707.0,2441.0,5769.0,0.0,0.0,1709.0,732.0,1226.0,481.0
1.0,11880.0,2502.0,2435.0,2050.0,0.0,0.0,1706.0,729.0,1764.0,738.0
1.0,11428.0,3310.0,2457.0,0.0,1710.0,1710.0,1721.0,736.0,2297.0,1013.0
1.0,8118.0,3317.0,2489.0,0.0,5155.0,5155.0,1742.0,747.0,2289.0,1028.0
1.0,4801.0,2424.0,2497.0,1710.0,5901.0,5901.0,1747.0,750.0,1684.0,740.0
1.0,4087.0,1567.0,2476.0,5155.0,2229.0,2229.0,1732.0,744.0,1117.0,450.0
1.0,7675.0,1630.0,2445.0,5901.0,0.0,0.0,1712.0,733.0,1175.0,455.0
1.0,11946.0,2500.0,2438.0,2229.0,0.0,0.0,1708.0,730.0,1764.0,736.0
1.0,11675.0,3366.0,2463.0,0.0,1543.0,1543.0,1725.0,738.0,2336.0,1030.0
1.0,8309.0,3370.0,2497.0,0.0,5049.0,5049.0,1748.0,749.0,2323.0,1047.0
1.0,4939.0,2507.0,2508.0,1543.0,6057.0,6057.0,1754.0,754.0,1740.0,767.0
1.0,3975.0,1596.0,2484.0,5049.0,2508.0,2508.0,1738.0,746.0,1138.0,458.0
1.0,7428.0,1555.0,2451.0,6057.0,0.0,0.0,1716.0,735.0,1125.0,430.0
1.0,11930.0,2445.0,2444.0,2508.0,0.0,0.0,1712.0,732.0,1726.0,719.0
1.0,11993.0,3337.0,2467.0,0.0,1212.0,1212.0,1728.0,739.0,2313.0,1024.0
1.0,8656.0,3406.0,2500.0,0.0,4750.0,4750.0,1750.0,750.0,2348.0,1058.0
1.0,5250.0,2564.0,2511.0,1212.0,6146.0,6146.0,1757.0,754.0,1783.0,781.0
1.0,3898.0,1624.0,2488.0,4750.0,2928.0,2928.0,1741.0,747.0,1161.0,463.0
1.0,7024.0,1530.0,2455.0,6146.0,0.0,0.0,1719.0,736.0,1107.0,423.0
1.0,11640.0,2442.0,2444.0,2928.0,0.0,0.0,1712.0,732.0,1721.0,721.0
1.0,12126.0,3353.0,2469.0,0.0,1103.0,1103.0,1729.0,740.0,2321.0,1032.0
1.0,8773.0,3357.0,2503.0,0.0,4596.0,4596.0,1752.0,751.0,2312.0,1045.0
1.0,5416.0,2518.0,2515.0,1103.0,6059.0,6059.0,1759.0,756.0,1752.0,766.0
1.0,4001.0,1631.0,2493.0,4596.0,3006.0,3006.0,1744.0,749.0,1169.0,462.0
1.0,6966.0,1623.0,2458.0,6059.0,0.0,0.0,1721.0,737.0,1174.0,449.0
1.0,11402.0,2482.0,2446.0,3006.0,0.0,0.0,1713.0,733.0,1748.0,734.0
1.0,11926.0,3308.0,2467.0,0.0,1250.0,1250.0,1728.0,739.0,2287.0,1021.0
1.0,8618.0,3329.0,2500.0,0.0,4711.0,4711.0,1750.0,750.0,2291.0,1038.0
1.0,5289.0,2526.0,2514.0,1250.0,6043.0,6043.0,1759.0,755.0,1759.0,767.0
1.0,4013.0,1718.0,2496.0,4711.0,2978.0,2978.0,1746.0,750.0,1231.0,487.0
1.0,7006.0,1661.0,2464.0,6043.0,0.0,0.0,1725.0,739.0,1200.0,461.0
1.0,11388.0,2427.0,2450.0,2978.0,0.0,0.0,1716.0,734.0,1708.0,719.0
1.0,11939.0,3224.0,2467.0,0.0,1153.0,1153.0,1728.0,739.0,2230.0,994.0
1.0,8715.0,3281.0,2496.0,0.0,4550.0,4550.0,1747.0,749.0,2261.0,1020.0
1.0,5434.0,2606.0,2510.0,1153.0,6059.0,6059.0,1756.0,754.0,1815.0,791.0
1.0,3981.0,1865.0,2494.0,4550.0,3310.0,3310.0,1745.0,749.0,1330.0,535.0
1.0,6666.0,1803.0,2467.0,6059.0,0.0,0.0,1727.0,740.0,1297.0,506.0
1.0,10922.0,2511.0,2454.0,3310.0,0.0,0.0,1719.0,735.0,1768.0,743.0
1.0,11721.0,3266.0,2473.0,0.0,1437.0,1437.0,1732.0,741.0,2260.0,1006.0
1.0,8455.0,3240.0,2503.0,0.0,4797.0,4797.0,1752.0,751.0,2231.0,1009.0
1.0,5215.0,2494.0,2516.0,1437.0,5906.0,5906.0,1760.0,756.0,1736.0,758.0
1.0,4158.0,1777.0,2499.0,4797.0,2818.0,2818.0,1748.0,751.0,1272.0,505.0
1.0,7178.0,1810.0,2473.0,5906.0,0.0,0.0,1731.0,742.0,1303.0,507.0
1.0,11274.0,2496.0,2461.0,2818.0,0.0,0.0,1724.0,737.0,1755.0,741.0
1.0,11596.0,3216.0,2479.0,0.0,1536.0,1536.0,1736.0,743.0,2224.0,992.0
1.0,8380.0,3213.0,2508.0,0.0,4865.0,4865.0,1755.0,753.0,2214.0,999.0
1.0,5167.0,2524.0,2522.0,1536.0,5909.0,5909.0,1764.0,758.0,1758.0,766.0
1.0,4179.0,1804.0,2507.0,4865.0,2788.0,2788.0,1754.0,753.0,1289.0,515.0
1.0,7240.0,1729.0,2477.0,5909.0,0.0,0.0,1734.0,743.0,1244.0,485.0
1.0,11420.0,2453.0,2463.0,2788.0,0.0,0.0,1725.0,738.0,1726.0,727.0
1.0,11755.0,3181.0,2478.0,0.0,1338.0,1338.0,1735.0,743.0,2201.0,980.0
1.0,8574.0,3247.0,2507.0,0.0,4701.0,4701.0,1755.0,752.0,2239.0,1008.0
1.0,5327.0,2687.0,2526.0,1338.0,6126.0,6126.0,1767.0,759.0,1872.0,815.0
1.0,3978.0,1923.0,2515.0,4701.0,3304.0,3304.0,1760.0,755.0,1371.0,552.0
1.0,6756.0,1691.0,2484.0,6126.0,0.0,0.0,1739.0,745.0,1217.0,474.0
1.0,11191.0,2307.0,2464.0,3304.0,0.0,0.0,1726.0,738.0,1623.0,684.0
1.0,12188.0,3138.0,2478.0,0.0,862.0,862.0,1735.0,743.0,2170.0,968.0
1.0,9050.0,3348.0,2512.0,0.0,4346.0,4346.0,1758.0,754.0,2310.0,1038.0
1.0,5702.0,2748.0,2534.0,862.0,6320.0,6320.0,1773.0,761.0,1918.0,830.0
1.0,3816.0,1911.0,2523.0,4346.0,3841.0,3841.0,1765.0,758.0,1364.0,547.0
1.0,6251.0,1665.0,2490.0,6320.0,0.0,0.0,1743.0,747.0,1197.0,468.0
1.0,10906.0,2266.0,2469.0,3841.0,0.0,0.0,1729.0,740.0,1591.0,675.0
1.0,12481.0,3078.0,2479.0,0.0,513.0,513.0,1736.0,743.0,2128.0,950.0
1.0,9403.0,3328.0,2513.0,0.0,3977.0,3977.0,1759.0,754.0,2299.0,1029.0
1.0,6075.0,2732.0,2536.0,513.0,6288.0,6288.0,1774.0,762.0,1908.0,824.0
1.0,3856.0,1893.0,2524.0,3977.0,4156.0,4156.0,1766.0,758.0,1351.0,542.0
1.0,5940.0,1702.0,2493.0,6288.0,0.0,0.0,1745.0,748.0,1220.0,482.0
1.0,10526.0,2312.0,2472.0,4156.0,0.0,0.0,1731.0,741.0,1621.0,691.0
1.0,12370.0,3157.0,2484.0,0.0,723.0,723.0,1739.0,745.0,2185.0,972.0
1.0,9213.0,3372.0,2518.0,0.0,4231.0,4231.0,1762.0,756.0,2333.0,1039.0
1.0,5841.0,2745.0,2540.0,723.0,6341.0,6341.0,1777.0,763.0,1917.0,828.0
1.0,3819.0,1909.0,2530.0,4231.0,3979.0,3979.0,1770.0,760.0,1359.0,550.0
1.0,6141.0,1700.0,2499.0,6341.0,0.0,0.0,1749.0,750.0,1218.0,482.0
1.0,10782.0,2305.0,2479.0,3979.0,0.0,0.0,1736.0,743.0,1620.0,685.0
1.0,12456.0,3091.0,2489.0,0.0,591.0,591.0,1743.0,746.0,2142.0,949.0
1.0,9365.0,3337.0,2522.0,0.0,4060.0,4060.0,1765.0,757.0,2306.0,1031.0
1.0,6028.0,2737.0,2543.0,591.0,6290.0,6290.0,1779.0,764.0,1908.0,829.0
1.0,3882.0,1905.0,2533.0,4060.0,4095.0,4095.0,1772.0,761.0,1355.0,550.0
1.0,6037.0,1702.0,2501.0,6290.0,0.0,0.0,1751.0,750.0,1222.0,480.0
1.0,10625.0,2307.0,2482.0,4095.0,0.0,0.0,1738.0,744.0,1624.0,683.0
1.0,12413.0,3128.0,2493.0,0.0,687.0,687.0,1746.0,747.0,2168.0,960.0
1.0,9285.0,3401.0,2526.0,0.0,4220.0,4220.0,1768.0,758.0,2348.0,1053.0
1.0,5884.0,2819.0,2548.0,687.0,6440.0,6440.0,1782.0,766.0,1963.0,856.0
1.0,3752.0,2056.0,2541.0,4220.0,4248.0,4248.0,1778.0,763.0,1461.0,595.0
1.0,5916.0,1784.0,2514.0,6440.0,0.0,0.0,1760.0,754.0,1282.0,502.0
1.0,10572.0,2276.0,2494.0,4248.0,0.0,0.0,1747.0,747.0,1603.0,673.0
1.0,12544.0,3028.0,2502.0,0.0,492.0,492.0,1752.0,750.0,2096.0,932.0
1.0,9516.0,3299.0,2529.0,0.0,3899.0,3899.0,1770.0,759.0,2276.0,1023.0
1.0,6217.0,2865.0,2550.0,492.0,6356.0,6356.0,1784.0,766.0,1997.0,868.0
1.0,3844.0,2116.0,2543.0,3899.0,4545.0,4545.0,1779.0,764.0,1505.0,611.0
1.0,5627.0,1788.0,2514.0,6356.0,0.0,0.0,1760.0,754.0,1284.0,504.0
1.0,10195.0,2199.0,2494.0,4545.0,0.0,0.0,1747.0,747.0,1549.0,650.0
1.0,12541.0,3001.0,2504.0,0.0,476.0,476.0,1754.0,750.0,2079.0,922.0
1.0,9540.0,3401.0,2535.0,0.0,4001.0,4001.0,1774.0,761.0,2348.0,1053.0
1.0,6139.0,2932.0,2556.0,476.0,6541.0,6541.0,1788.0,768.0,2041.0,891.0
1.0,3683.0,2066.0,2549.0,4001.0,4578.0,4578.0,1783.0,766.0,1469.0,597.0
1.0,5618.0,1637.0,2518.0,6541.0,0.0,0.0,1763.0,755.0,1179.0,458.0
1.0,10522.0,2057.0,2496.0,4578.0,0.0,0.0,1748.0,748.0,1450.0,607.0
1.0,13043.0,2978.0,2505.0,0.0,0.0,0.0,1754.0,751.0,2063.0,915.0
1.0,10065.0,3457.0,2536.0,0.0,3536.0,3536.0,1775.0,761.0,2385.0,1072.0
1.0,6608.0,3013.0,2562.0,0.0,6653.0,6653.0,1792.0,770.0,2097.0,916.0
1.0,3595.0,2093.0,2554.0,3536.0,5178.0,5178.0,1787.0,767.0,1489.0,604.0
1.0,5038.0,1638.0,2524.0,6653.0,43.0,43.0,1767.0,757.0,1181.0,457.0
1.0,10053.0,2062.0,2502.0,5178.0,0.0,0.0,1752.0,750.0,1454.0,608.0
1.0,13169.0,2933.0,2506.0,43.0,0.0,0.0,1755.0,751.0,2031.0,902.0
1.0,10279.0,3410.0,2535.0,0.0,3271.0,3271.0,1774.0,761.0,2354.0,1056.0
1.0,6869.0,2905.0,2559.0,0.0,6272.0,6272.0,1790.0,769.0,2023.0,882.0
1.0,3964.0,2035.0,2553.0,3271.0,5012.0,5012.0,1786.0,767.0,1447.0,588.0
1.0,5200.0,1621.0,2524.0,6272.0,245.0,245.0,1767.0,757.0,1168.0,453.0
1.0,9851.0,2092.0,2500.0,5012.0,0.0,0.0,1751.0,749.0,1475.0,617.0
1.0,12771.0,3010.0,2505.0,245.0,14.0,14.0,1754.0,751.0,2084.0,926.0
1.0,10006.0,3442.0,2535.0,0.0,3576.0,3576.0,1774.0,761.0,2376.0,1066.0
1.0,6564.0,2971.0,2559.0,14.0,6629.0,6629.0,1790.0,769.0,2069.0,902.0
1.0,3607.0,2045.0,2555.0,3576.0,5082.0,5082.0,1788.0,767.0,1454.0,591.0
1.0,5138.0,1676.0,2528.0,6629.0,21.0,21.0,1770.0,758.0,1206.0,470.0
1.0,10091.0,2232.0,2507.0,5082.0,0.0,0.0,1756.0,751.0,1571.0,661.0
1.0,12941.0,3038.0,2513.0,21.0,128.0,128.0,1760.0,753.0,2102.0,936.0
1.0,9924.0,3347.0,2541.0,0.0,3587.0,3587.0,1778.0,763.0,2311.0,1036.0
1.0,6577.0,2839.0,2563.0,128.0,6386.0,6386.0,1793.0,770.0,1980.0,859.0
1.0,3866.0,1993.0,2557.0,3587.0,4768.0,4768.0,1789.0,768.0,1420.0,573.0
1.0,5460.0,1693.0,2528.0,6386.0,0.0,0.0,1770.0,758.0,1217.0,476.0
1.0,10153.0,2257.0,2507.0,4768.0,0.0,0.0,1756.0,751.0,1587.0,670.0
1.0,12664.0,3087.0,2513.0,0.0,475.0,475.0,1760.0,753.0,2136.0,951.0
1.0,9577.0,3387.0,2542.0,0.0,3978.0,3978.0,1779.0,763.0,2339.0,1048.0
1.0,6190.0,2813.0,2563.0,475.0,6400.0,6400.0,1793.0,770.0,1962.0,851.0
1.0,3852.0,2004.0,2558.0,3978.0,4406.0,4406.0,1790.0,768.0,1429.0,575.0
1.0,5826.0,1718.0,2531.0,6400.0,0.0,0.0,1772.0,759.0,1233.0,485.0
1.0,10508.0,2261.0,2510.0,4406.0,0.0,0.0,1758.0,752.0,1587.0,674.0
1.0,12653.0,3109.0,2518.0,0.0,528.0,528.0,1763.0,755.0,2151.0,958.0
1.0,9544.0,3409.0,2546.0,0.0,4049.0,4049.0,1782.0,764.0,2358.0,1051.0
1.0,6135.0,2888.0,2570.0,528.0,6505.0,6505.0,1798.0,772.0,2017.0,871.0
1.0,3775.0,2052.0,2565.0,4049.0,4488.0,4488.0,1795.0,770.0,1461.0,591.0
1.0,5772.0,1685.0,2537.0,6505.0,0.0,0.0,1776.0,761.0,1209.0,476.0
1.0,10592.0,2222.0,2514.0,4488.0,0.0,0.0,1761.0,753.0,1560.0,662.0
1.0,12858.0,3119.0,2520.0,0.0,341.0,341.0,1765.0,755.0,2158.0,961.0
1.0,9739.0,3463.0,2547.0,0.0,3912.0,3912.0,1783.0,764.0,2394.0,1069.0
1.0,6276.0,2940.0,2569.0,341.0,6599.0,6599.0,1797.0,772.0,2053.0,887.0
1.0,3677.0,2044.0,2565.0,3912.0,4715.0,4715.0,1795.0,770.0,1457.0,587.0
1.0,5545.0,1751.0,2540.0,6599.0,0.0,0.0,1778.0,762.0,1255.0,496.0
1.0,10393.0,2300.0,2521.0,4715.0,0.0,0.0,1766.0,755.0,1614.0,686.0
1.0,12808.0,3210.0,2528.0,0.0,514.0,514.0,1770.0,758.0,2219.0,991.0
1.0,9598.0,3507.0,2555.0,0.0,4129.0,4129.0,1788.0,767.0,2424.0,1083.0
1.0,6091.0,2863.0,2575.0,514.0,6558.0,6558.0,1801.0,774.0,2001.0,862.0
1.0,3742.0,1997.0,2571.0,4129.0,4410.0,4410.0,1799.0,772.0,1425.0,572.0
1.0,5874.0,1689.0,2546.0,6558.0,0.0,0.0,1782.0,764.0,1214.0,475.0
1.0,10743.0,2242.0,2524.0,4410.0,0.0,0.0,1768.0,756.0,1574.0,668.0
1.0,12911.0,3143.0,2528.0,0.0,344.0,344.0,1770.0,758.0,2174.0,969.0
1.0,9768.0,3467.0,2555.0,0.0,3919.0,3919.0,1788.0,767.0,2393.0,1074.0
1.0,6301.0,2825.0,2577.0,344.0,6488.0,6488.0,1803.0,774.0,1970.0,855.0
1.0,3820.0,1922.0,2575.0,3919.0,4483.0,4483.0,1802.0,773.0,1373.0,549.0
1.0,5817.0,1666.0,2550.0,6488.0,0.0,0.0,1785.0,765.0,1201.0,465.0
1.0,10639.0,2307.0,2527.0,4483.0,0.0,0.0,1770.0,757.0,1623.0,684.0
1.0,12815.0,3222.0,2532.0,0.0,535.0,535.0,1773.0,759.0,2226.0,996.0
1.0,9593.0,3441.0,2558.0,0.0,4080.0,4080.0,1790.0,768.0,2371.0,1070.0
1.0,6152.0,2770.0,2579.0,535.0,6399.0,6399.0,1804.0,775.0,1931.0,839.0
1.0,3917.0,1910.0,2577.0,4080.0,4221.0,4221.0,1803.0,774.0,1368.0,542.0
1.0,6087.0,1687.0,2552.0,6399.0,0.0,0.0,1787.0,765.0,1220.0,467.0
1.0,10799.0,2365.0,2533.0,4221.0,0.0,0.0,1774.0,759.0,1665.0,700.0
1.0,12655.0,3243.0,2539.0,0.0,744.0,744.0,1778.0,761.0,2240.0,1003.0
1.0,9412.0,3467.0,2566.0,0.0,4319.0,4319.0,1796.0,770.0,2387.0,1080.0
1.0,5945.0,2805.0,2589.0,744.0,6472.0,6472.0,1811.0,778.0,1952.0,853.0
1.0,3884.0,1852.0,2584.0,4319.0,3985.0,3985.0,1808.0,776.0,1325.0,527.0
1.0,6351.0,1570.0,2557.0,6472.0,0.0,0.0,1790.0,767.0,1139.0,431.0
1.0,11253.0,2268.0,2534.0,3985.0,0.0,0.0,1775.0,759.0,1600.0,668.0
1.0,12970.0,3245.0,2539.0,0.0,431.0,431.0,1778.0,761.0,2244.0,1001.0
1.0,9725.0,3517.0,2568.0,0.0,4064.0,4064.0,1797.0,771.0,2422.0,1095.0
1.0,6208.0,2895.0,2592.0,431.0,6624.0,6624.0,1813.0,779.0,2014.0,881.0
1.0,3744.0,1989.0,2587.0,4064.0,4529.0,4529.0,1810.0,777.0,1421.0,568.0
1.0,5819.0,1666.0,2560.0,6624.0,0.0,0.0,1792.0,768.0,1206.0,460.0
1.0,10777.0,2246.0,2539.0,4529.0,0.0,0.0,1778.0,761.0,1583.0,663.0
1.0,13060.0,3130.0,2545.0,0.0,250.0,250.0,1782.0,763.0,2162.0,968.0
1.0,9930.0,3408.0,2572.0,0.0,3766.0,3766.0,1800.0,772.0,2347.0,1061.0
1.0,6522.0,2926.0,2596.0,250.0,6538.0,6538.0,1816.0,780.0,2037.0,889.0
1.0,3846.0,2110.0,2593.0,3766.0,4870.0,4870.0,1814.0,779.0,1504.0,606.0
1.0,5502.0,1795.0,2568.0,6538.0,27.0,27.0,1798.0,770.0,1297.0,498.0
1.0,10245.0,2214.0,2545.0,4870.0,0.0,0.0,1783.0,762.0,1562.0,652.0
1.0,12901.0,3022.0,2549.0,27.0,290.0,290.0,1785.0,764.0,2085.0,937.0
1.0,9906.0,3364.0,2575.0,0.0,3758.0,3758.0,1802.0,773.0,2312.0,1052.0
1.0,6542.0,2938.0,2599.0,290.0,6502.0,6502.0,1818.0,781.0,2045.0,893.0
1.0,3894.0,2131.0,2597.0,3758.0,4867.0,4867.0,1817.0,780.0,1523.0,608.0
1.0,5521.0,1816.0,2572.0,6502.0,81.0,81.0,1801.0,771.0,1312.0,504.0
1.0,10207.0,2290.0,2550.0,4867.0,0.0,0.0,1786.0,764.0,1612.0,678.0
1.0,12784.0,3097.0,2554.0,81.0,448.0,448.0,1788.0,766.0,2137.0,960.0
1.0,9768.0,3397.0,2580.0,0.0,3949.0,3949.0,1805.0,775.0,2338.0,1059.0
1.0,6371.0,2958.0,2605.0,448.0,6559.0,6559.0,1822.0,783.0,2061.0,897.0
1.0,3861.0,2212.0,2604.0,3949.0,4818.0,4818.0,1822.0,782.0,1580.0,632.0
1.0,5598.0,1868.0,2581.0,6559.0,35.0,35.0,1807.0,774.0,1349.0,519.0
1.0,10289.0,2229.0,2557.0,4818.0,0.0,0.0,1791.0,766.0,1570.0,659.0
1.0,12878.0,2941.0,2556.0,35.0,252.0,252.0,1790.0,766.0,2027.0,914.0
1.0,9972.0,3296.0,2581.0,0.0,3648.0,3648.0,1806.0,775.0,2266.0,1030.0
1.0,6676.0,2952.0,2603.0,252.0,6436.0,6436.0,1821.0,782.0,2057.0,895.0
1.0,3976.0,2263.0,2603.0,3648.0,5051.0,5051.0,1821.0,782.0,1616.0,647.0
1.0,5361.0,1886.0,2578.0,6436.0,401.0,401.0,1805.0,773.0,1360.0,526.0
1.0,9911.0,2223.0,2553.0,5051.0,0.0,0.0,1788.0,765.0,1564.0,659.0
1.0,12739.0,2944.0,2555.0,401.0,24.0,24.0,1789.0,766.0,2030.0,914.0
1.0,10196.0,3350.0,2581.0,0.0,3478.0,3478.0,1806.0,775.0,2306.0,1044.0
1.0,6846.0,3026.0,2606.0,24.0,6580.0,6580.0,1823.0,783.0,2110.0,916.0
1.0,3844.0,2349.0,2608.0,3478.0,5459.0,5459.0,1825.0,783.0,1675.0,674.0
1.0,4973.0,1906.0,2584.0,6580.0,689.0,689.0,1809.0,775.0,1373.0,533.0
1.0,9647.0,2167.0,2560.0,5459.0,0.0,0.0,1793.0,767.0,1525.0,642.0
1.0,12939.0,2797.0,2559.0,689.0,0.0,0.0,1792.0,767.0,1928.0,869.0
1.0,10831.0,3204.0,2584.0,0.0,2709.0,2709.0,1808.0,776.0,2202.0,1002.0
1.0,7627.0,3008.0,2609.0,0.0,5817.0,5817.0,1825.0,784.0,2095.0,913.0
1.0,4619.0,2405.0,2611.0,2709.0,5521.0,5521.0,1827.0,784.0,1715.0,690.0
1.0,4923.0,1941.0,2587.0,5817.0,1549.0,1549.0,1811.0,776.0,1401.0,540.0
1.0,8799.0,2118.0,2561.0,5521.0,0.0,0.0,1794.0,767.0,1493.0,625.0
1.0,12202.0,2811.0,2562.0,1549.0,0.0,0.0,1794.0,768.0,1934.0,877.0
1.0,10940.0,3226.0,2587.0,0.0,2634.0,2634.0,1810.0,777.0,2217.0,1009.0
1.0,7714.0,2978.0,2612.0,0.0,5712.0,5712.0,1827.0,785.0,2077.0,901.0
1.0,4736.0,2319.0,2611.0,2634.0,5393.0,5393.0,1827.0,784.0,1657.0,662.0
1.0,5051.0,1948.0,2587.0,5712.0,1533.0,1533.0,1811.0,776.0,1402.0,546.0
1.0,8815.0,2270.0,2563.0,5393.0,0.0,0.0,1795.0,768.0,1595.0,675.0
1.0,11938.0,2907.0,2565.0,1533.0,0.0,0.0,1796.0,769.0,2002.0,905.0
1.0,10564.0,3275.0,2592.0,0.0,3079.0,3079.0,1814.0,778.0,2253.0,1022.0
1.0,7289.0,2988.0,2619.0,0.0,6175.0,6175.0,1832.0,787.0,2086.0,902.0
1.0,4301.0,2313.0,2621.0,3079.0,5417.0,5417.0,1834.0,787.0,1654.0,659.0
1.0,5067.0,1903.0,2595.0,6175.0,1041.0,1041.0,1817.0,778.0,1370.0,533.0
1.0,9339.0,2183.0,2570.0,5417.0,0.0,0.0,1800.0,770.0,1532.0,651.0
1.0,12573.0,2871.0,2569.0,1041.0,0.0,0.0,1799.0,770.0,1974.0,897.0
1.0,10743.0,3247.0,2592.0,0.0,2872.0,2872.0,1814.0,778.0,2236.0,1011.0
1.0,7496.0,3007.0,2619.0,0.0,5987.0,5987.0,1832.0,787.0,2101.0,906.0
1.0,4489.0,2312.0,2620.0,2872.0,5431.0,5431.0,1833.0,787.0,1651.0,661.0
1.0,5049.0,1909.0,2597.0,5987.0,1261.0,1261.0,1818.0,779.0,1374.0,535.0
1.0,9127.0,2194.0,2573.0,5431.0,0.0,0.0,1802.0,771.0,1542.0,652.0
1.0,12364.0,2907.0,2573.0,1261.0,0.0,0.0,1802.0,771.0,2003.0,904.0
1.0,10718.0,3320.0,2596.0,0.0,2986.0,2986.0,1817.0,779.0,2286.0,1034.0
1.0,7398.0,3080.0,2621.0,0.0,6166.0,6166.0,1833.0,788.0,2148.0,932.0
1.0,4318.0,2407.0,2624.0,2986.0,5599.0,5599.0,1836.0,788.0,1716.0,691.0
1.0,4897.0,1942.0,2604.0,6166.0,1295.0,1295.0,1823.0,781.0,1398.0,544.0
1.0,9121.0,2254.0,2582.0,5599.0,0.0,0.0,1809.0,773.0,1585.0,669.0
1.0,12466.0,2987.0,2583.0,1295.0,0.0,0.0,1809.0,774.0,2058.0,929.0
1.0,10774.0,3320.0,2606.0,0.0,2970.0,2970.0,1824.0,782.0,2285.0,1035.0
1.0,7454.0,2944.0,2628.0,0.0,6002.0,6002.0,1838.0,790.0,2055.0,889.0
1.0,4510.0,2201.0,2626.0,2970.0,5225.0,5225.0,1837.0,789.0,1573.0,628.0
1.0,5279.0,1876.0,2602.0,6002.0,1003.0,1003.0,1822.0,780.0,1351.0,525.0
1.0,9405.0,2278.0,2581.0,5225.0,0.0,0.0,1808.0,773.0,1601.0,677.0
1.0,12352.0,3099.0,2584.0,1003.0,80.0,80.0,1810.0,774.0,2138.0,961.0
1.0,10256.0,3448.0,2608.0,0.0,3624.0,3624.0,1825.0,783.0,2376.0,1072.0
1.0,6808.0,2988.0,2629.0,80.0,6616.0,6616.0,1839.0,790.0,2085.0,903.0
1.0,3900.0,2201.0,2629.0,3624.0,5193.0,5193.0,1839.0,790.0,1570.0,631.0
1.0,5323.0,1856.0,2608.0,6616.0,349.0,349.0,1826.0,782.0,1336.0,520.0
1.0,10083.0,2338.0,2590.0,5193.0,0.0,0.0,1814.0,776.0,1645.0,693.0
1.0,12938.0,3164.0,2593.0,349.0,249.0,249.0,1816.0,777.0,2185.0,979.0
1.0,10123.0,3492.0,2617.0,0.0,3837.0,3837.0,1831.0,786.0,2407.0,1085.0
1.0,6631.0,2963.0,2638.0,249.0,6635.0,6635.0,1845.0,793.0,2065.0,898.0
1.0,3917.0,2088.0,2636.0,3837.0,4878.0,4878.0,1844.0,792.0,1490.0,598.0
1.0,5666.0,1795.0,2613.0,6635.0,0.0,0.0,1829.0,784.0,1295.0,500.0
1.0,10506.0,2458.0,2596.0,4878.0,0.0,0.0,1818.0,778.0,1729.0,729.0
1.0,12926.0,3326.0,2602.0,0.0,808.0,808.0,1822.0,780.0,2299.0,1027.0
1.0,9600.0,3502.0,2624.0,0.0,4398.0,4398.0,1836.0,788.0,2414.0,1088.0
1.0,6098.0,2795.0,2641.0,808.0,6453.0,6453.0,1847.0,794.0,1948.0,847.0
1.0,4111.0,1892.0,2636.0,4398.0,3927.0,3927.0,1844.0,792.0,1353.0,539.0
1.0,6617.0,1776.0,2616.0,6453.0,0.0,0.0,1831.0,785.0,1280.0,496.0
1.0,11294.0,2500.0,2603.0,3927.0,0.0,0.0,1823.0,780.0,1758.0,742.0
1.0,12721.0,3418.0,2610.0,0.0,1137.0,1137.0,1828.0,782.0,2366.0,1052.0
1.0,9303.0,3549.0,2632.0,0.0,4774.0,4774.0,1842.0,790.0,2447.0,1102.0
1.0,5754.0,2771.0,2648.0,1137.0,6472.0,6472.0,1852.0,796.0,1930.0,841.0
1.0,4120.0,1809.0,2643.0,4774.0,3487.0,3487.0,1849.0,794.0,1294.0,515.0
1.0,7085.0,1637.0,2620.0,6472.0,0.0,0.0,1834.0,786.0,1183.0,454.0
1.0,11920.0,2404.0,2604.0,3487.0,0.0,0.0,1824.0,780.0,1692.0,712.0
1.0,13003.0,3378.0,2612.0,0.0,823.0,823.0,1829.0,783.0,2338.0,1040.0
1.0,9625.0,3588.0,2636.0,0.0,4507.0,4507.0,1845.0,791.0,2474.0,1114.0
1.0,6037.0,2851.0,2654.0,823.0,6607.0,6607.0,1856.0,798.0,1985.0,866.0
1.0,4009.0,1928.0,2647.0,4507.0,4000.0,4000.0,1852.0,795.0,1376.0,552.0
1.0,6588.0,1722.0,2624.0,6607.0,0.0,0.0,1837.0,787.0,1244.0,478.0
1.0,11473.0,2448.0,2608.0,4000.0,0.0,0.0,1827.0,781.0,1727.0,721.0
1.0,13025.0,3403.0,2616.0,0.0,842.0,842.0,1832.0,784.0,2354.0,1049.0
1.0,9622.0,3592.0,2641.0,0.0,4534.0,4534.0,1848.0,793.0,2474.0,1118.0
1.0,6030.0,2798.0,2658.0,842.0,6558.0,6558.0,1859.0,799.0,1946.0,852.0
1.0,4074.0,1803.0,2650.0,4534.0,3795.0,3795.0,1854.0,796.0,1290.0,513.0
1.0,6805.0,1629.0,2627.0,6558.0,0.0,0.0,1839.0,788.0,1182.0,447.0
1.0,11734.0,2467.0,2612.0,3795.0,0.0,0.0,1830.0,782.0,1739.0,728.0
1.0,13062.0,3517.0,2622.0,0.0,943.0,943.0,1836.0,786.0,2432.0,1085.0
1.0,9545.0,3654.0,2648.0,0.0,4701.0,4701.0,1853.0,795.0,2517.0,1137.0
1.0,5891.0,2805.0,2665.0,943.0,6631.0,6631.0,1864.0,801.0,1951.0,854.0
1.0,4029.0,1805.0,2657.0,4701.0,3703.0,3703.0,1859.0,798.0,1293.0,512.0
1.0,6925.0,1634.0,2632.0,6631.0,0.0,0.0,1843.0,789.0,1186.0,448.0
1.0,11922.0,2488.0,2617.0,3703.0,0.0,0.0,1833.0,784.0,1754.0,734.0
1.0,13137.0,3490.0,2624.0,0.0,849.0,849.0,1838.0,786.0,2413.0,1077.0
1.0,9647.0,3578.0,2647.0,0.0,4519.0,4519.0,1852.0,795.0,2461.0,1117.0
1.0,6069.0,2771.0,2663.0,849.0,6505.0,6505.0,1863.0,800.0,1927.0,844.0
1.0,4147.0,1806.0,2654.0,4519.0,3756.0,3756.0,1857.0,797.0,1294.0,512.0
1.0,6860.0,1660.0,2629.0,6505.0,0.0,0.0,1841.0,788.0,1203.0,457.0
1.0,11705.0,2569.0,2614.0,3756.0,0.0,0.0,1831.0,783.0,1812.0,757.0
1.0,12892.0,3582.0,2627.0,0.0,1198.0,1198.0,1840.0,787.0,2478.0,1104.0
1.0,9310.0,3716.0,2656.0,0.0,5030.0,5030.0,1859.0,797.0,2559.0,1157.0
1.0,5594.0,2784.0,2673.0,1198.0,6684.0,6684.0,1870.0,803.0,1937.0,847.0
1.0,4008.0,1780.0,2664.0,5030.0,3398.0,3398.0,1864.0,800.0,1275.0,505.0
1.0,7258.0,1675.0,2637.0,6684.0,0.0,0.0,1846.0,791.0,1213.0,462.0
1.0,12267.0,2606.0,2620.0,3398.0,0.0,0.0,1835.0,785.0,1837.0,769.0
1.0,13059.0,3578.0,2632.0,0.0,1047.0,1047.0,1843.0,789.0,2477.0,1101.0
1.0,9481.0,3617.0,2659.0,0.0,4772.0,4772.0,1861.0,798.0,2491.0,1126.0
1.0,5864.0,2644.0,2674.0,1047.0,6429.0,6429.0,1870.0,804.0,1837.0,807.0
1.0,4267.0,1733.0,2663.0,4772.0,3346.0,3346.0,1863.0,800.0,1240.0,493.0
1.0,7306.0,1766.0,2635.0,6429.0,0.0,0.0,1845.0,790.0,1277.0,489.0
1.0,11969.0,2717.0,2621.0,3346.0,0.0,0.0,1836.0,785.0,1913.0,804.0
1.0,12598.0,3646.0,2633.0,0.0,1580.0,1580.0,1844.0,789.0,2524.0,1122.0
1.0,8952.0,3605.0,2663.0,0.0,5305.0,5305.0,1864.0,799.0,2485.0,1120.0
1.0,5347.0,2598.0,2678.0,1580.0,6383.0,6383.0,1873.0,805.0,1807.0,791.0
1.0,4329.0,1669.0,2663.0,5305.0,2687.0,2687.0,1863.0,800.0,1195.0,474.0
1.0,7965.0,1734.0,2632.0,6383.0,0.0,0.0,1843.0,789.0,1252.0,482.0
1.0,12614.0,2799.0,2618.0,2687.0,0.0,0.0,1834.0,784.0,1972.0,827.0
1.0,12502.0,3724.0,2637.0,0.0,1770.0,1770.0,1847.0,790.0,2581.0,1143.0
1.0,8778.0,3596.0,2669.0,0.0,5494.0,5494.0,1868.0,801.0,2477.0,1119.0
1.0,5182.0,2586.0,2685.0,1770.0,6374.0,6374.0,1878.0,807.0,1797.0,789.0
1.0,4366.0,1673.0,2669.0,5494.0,2489.0,2489.0,1867.0,802.0,1199.0,474.0
1.0,8187.0,1764.0,2637.0,6374.0,0.0,0.0,1846.0,791.0,1276.0,488.0
1.0,12797.0,2769.0,2623.0,2489.0,0.0,0.0,1837.0,786.0,1949.0,820.0
1.0,12517.0,3659.0,2639.0,0.0,1698.0,1698.0,1848.0,791.0,2531.0,1128.0
1.0,8858.0,3527.0,2672.0,0.0,5357.0,5357.0,1870.0,802.0,2429.0,1098.0
1.0,5331.0,2593.0,2691.0,1698.0,6328.0,6328.0,1882.0,809.0,1805.0,788.0
1.0,4436.0,1699.0,2677.0,5357.0,2614.0,2614.0,1873.0,804.0,1219.0,480.0
1.0,8094.0,1811.0,2647.0,6328.0,0.0,0.0,1853.0,794.0,1307.0,504.0
1.0,12611.0,2753.0,2631.0,2614.0,0.0,0.0,1843.0,788.0,1937.0,816.0
1.0,12472.0,3545.0,2645.0,0.0,1653.0,1653.0,1852.0,793.0,2452.0,1093.0
1.0,8927.0,3476.0,2675.0,0.0,5249.0,5249.0,1872.0,803.0,2394.0,1082.0
1.0,5451.0,2555.0,2690.0,1653.0,6211.0,6211.0,1882.0,808.0,1779.0,776.0
1.0,4549.0,1775.0,2677.0,5249.0,2685.0,2685.0,1873.0,804.0,1272.0,503.0
1.0,8023.0,1963.0,2650.0,6211.0,0.0,0.0,1855.0,795.0,1414.0,549.0
1.0,12271.0,2865.0,2635.0,2685.0,0.0,0.0,1846.0,789.0,2017.0,848.0
1.0,12091.0,3552.0,2650.0,0.0,2061.0,2061.0,1856.0,794.0,2455.0,1097.0
1.0,8539.0,3364.0,2681.0,0.0,5549.0,5549.0,1876.0,805.0,2313.0,1051.0
1.0,5175.0,2473.0,2696.0,2061.0,6021.0,6021.0,1886.0,810.0,1722.0,751.0
1.0,4763.0,1722.0,2682.0,5549.0,2138.0,2138.0,1876.0,806.0,1237.0,485.0
1.0,8590.0,1964.0,2652.0,6021.0,0.0,0.0,1857.0,795.0,1417.0,547.0
1.0,12647.0,2926.0,2638.0,2138.0,0.0,0.0,1848.0,790.0,2057.0,869.0
1.0,11859.0,3654.0,2655.0,0.0,2415.0,2415.0,1859.0,796.0,2524.0,1130.0
1.0,8205.0,3390.0,2685.0,0.0,5925.0,5925.0,1879.0,806.0,2330.0,1060.0
1.0,4815.0,2433.0,2701.0,2415.0,6007.0,6007.0,1889.0,812.0,1695.0,738.0
1.0,4797.0,1656.0,2684.0,5925.0,1670.0,1670.0,1878.0,806.0,1194.0,462.0
1.0,9066.0,1930.0,2654.0,6007.0,0.0,0.0,1858.0,796.0,1395.0,535.0
1.0,13143.0,2984.0,2643.0,1670.0,0.0,0.0,1851.0,792.0,2096.0,888.0
1.0,11829.0,3770.0,2662.0,0.0,2589.0,2589.0,1864.0,798.0,2603.0,1167.0
1.0,8059.0,3466.0,2694.0,0.0,6183.0,6183.0,1885.0,809.0,2380.0,1086.0
1.0,4593.0,2417.0,2709.0,2589.0,6071.0,6071.0,1895.0,814.0,1684.0,733.0
1.0,4765.0,1563.0,2689.0,6183.0,1371.0,1371.0,1881.0,808.0,1130.0,433.0
1.0,9385.0,1863.0,2657.0,6071.0,0.0,0.0,1860.0,797.0,1349.0,514.0
1.0,13593.0,2986.0,2642.0,1371.0,0.0,0.0,1851.0,791.0,2099.0,887.0
1.0,11978.0,3798.0,2662.0,0.0,2468.0,2468.0,1864.0,798.0,2622.0,1176.0
1.0,8180.0,3474.0,2694.0,0.0,6070.0,6070.0,1885.0,809.0,2386.0,1088.0
1.0,4706.0,2413.0,2708.0,2468.0,6071.0,6071.0,1894.0,814.0,1680.0,733.0
1.0,4761.0,1642.0,2690.0,6070.0,1571.0,1571.0,1882.0,808.0,1186.0,456.0
1.0,9189.0,1944.0,2658.0,6071.0,0.0,0.0,1861.0,797.0,1405.0,539.0
1.0,13316.0,3019.0,2647.0,1571.0,0.0,0.0,1854.0,793.0,2122.0,897.0
1.0,11868.0,3826.0,2670.0,0.0,2638.0,2638.0,1870.0,800.0,2642.0,1184.0
1.0,8042.0,3507.0,2704.0,0.0,6281.0,6281.0,1892.0,812.0,2410.0,1097.0
1.0,4535.0,2392.0,2716.0,2638.0,6083.0,6083.0,1900.0,816.0,1666.0,726.0
1.0,4781.0,1608.0,2694.0,6281.0,1322.0,1322.0,1885.0,809.0,1163.0,445.0
1.0,9454.0,1969.0,2662.0,6083.0,0.0,0.0,1864.0,798.0,1425.0,544.0
1.0,13568.0,3059.0,2652.0,1322.0,0.0,0.0,1858.0,794.0,2148.0,911.0
1.0,11831.0,3774.0,2675.0,0.0,2643.0,2643.0,1873.0,802.0,2602.0,1172.0
1.0,8057.0,3463.0,2709.0,0.0,6242.0,6242.0,1896.0,813.0,2379.0,1084.0
1.0,4594.0,2380.0,2722.0,2643.0,6031.0,6031.0,1904.0,818.0,1662.0,718.0
1.0,4857.0,1654.0,2700.0,6242.0,1355.0,1355.0,1889.0,811.0,1199.0,455.0
1.0,9445.0,1948.0,2665.0,6031.0,0.0,0.0,1866.0,799.0,1409.0,539.0
1.0,13528.0,3031.0,2654.0,1355.0,0.0,0.0,1859.0,795.0,2124.0,907.0
1.0,11852.0,3837.0,2679.0,0.0,2701.0,2701.0,1876.0,803.0,2643.0,1194.0
1.0,8015.0,3470.0,2713.0,0.0,6307.0,6307.0,1898.0,815.0,2384.0,1086.0
1.0,4545.0,2381.0,2725.0,2701.0,6035.0,6035.0,1906.0,819.0,1666.0,715.0
1.0,4865.0,1602.0,2703.0,6307.0,1242.0,1242.0,1891.0,812.0,1166.0,436.0
1.0,9570.0,1906.0,2669.0,6035.0,0.0,0.0,1869.0,800.0,1378.0,528.0
1.0,13699.0,2993.0,2658.0,1242.0,0.0,0.0,1862.0,796.0,2094.0,899.0
1.0,11948.0,3787.0,2682.0,0.0,2567.0,2567.0,1878.0,804.0,2606.0,1181.0
1.0,8161.0,3515.0,2717.0,0.0,6222.0,6222.0,1901.0,816.0,2418.0,1097.0
1.0,4646.0,2421.0,2728.0,2567.0,6120.0,6120.0,1908.0,820.0,1697.0,724.0
1.0,4792.0,1638.0,2707.0,6222.0,1452.0,1452.0,1894.0,813.0,1191.0,447.0
1.0,9376.0,1872.0,2675.0,6120.0,0.0,0.0,1873.0,802.0,1352.0,520.0
1.0,13624.0,2949.0,2664.0,1452.0,0.0,0.0,1866.0,798.0,2063.0,886.0
1.0,12127.0,3768.0,2688.0,0.0,2393.0,2393.0,1882.0,806.0,2592.0,1176.0
1.0,8359.0,3527.0,2721.0,0.0,6052.0,6052.0,1904.0,817.0,2426.0,1101.0
1.0,4832.0,2451.0,2731.0,2393.0,6150.0,6150.0,1910.0,821.0,1720.0,731.0
1.0,4774.0,1601.0,2707.0,6052.0,1603.0,1603.0,1894.0,813.0,1168.0,433.0
1.0,9225.0,1827.0,2673.0,6150.0,0.0,0.0,1872.0,801.0,1319.0,508.0
1.0,13548.0,2916.0,2665.0,1603.0,0.0,0.0,1867.0,798.0,2035.0,881.0
1.0,12235.0,3745.0,2689.0,0.0,2266.0,2266.0,1883.0,806.0,2575.0,1170.0
1.0,8490.0,3583.0,2725.0,0.0,5993.0,5993.0,1907.0,818.0,2469.0,1114.0
1.0,4907.0,2563.0,2736.0,2266.0,6334.0,6334.0,1914.0,822.0,1803.0,760.0
1.0,4610.0,1691.0,2712.0,5993.0,1936.0,1936.0,1898.0,814.0,1229.0,462.0
1.0,8912.0,1831.0,2678.0,6334.0,0.0,0.0,1875.0,803.0,1318.0,513.0
1.0,13415.0,2863.0,2668.0,1936.0,0.0,0.0,1869.0,799.0,1996.0,867.0
1.0,12488.0,3785.0,2693.0,0.0,2069.0,2069.0,1886.0,807.0,2606.0,1179.0
1.0,8703.0,3710.0,2733.0,0.0,5939.0,5939.0,1912.0,821.0,2561.0,1149.0
1.0,4993.0,2622.0,2746.0,2069.0,6544.0,6544.0,1921.0,825.0,1843.0,779.0
1.0,4440.0,1627.0,2720.0,5939.0,2128.0,2128.0,1903.0,817.0,1182.0,445.0
1.0,8752.0,1674.0,2679.0,6544.0,0.0,0.0,1876.0,803.0,1206.0,468.0
1.0,13622.0,2785.0,2667.0,2128.0,0.0,0.0,1868.0,799.0,1942.0,843.0
1.0,12965.0,3826.0,2693.0,0.0,1633.0,1633.0,1886.0,807.0,2636.0,1190.0
1.0,9139.0,3721.0,2735.0,0.0,5522.0,5522.0,1914.0,821.0,2568.0,1153.0
1.0,5418.0,2631.0,2750.0,1633.0,6580.0,6580.0,1924.0,826.0,1847.0,784.0
1.0,4420.0,1613.0,2724.0,5522.0,2567.0,2567.0,1906.0,818.0,1171.0,442.0
1.0,8329.0,1747.0,2685.0,6580.0,0.0,0.0,1880.0,805.0,1262.0,485.0
1.0,13162.0,2857.0,2672.0,2567.0,0.0,0.0,1872.0,800.0,1994.0,863.0
1.0,12872.0,3877.0,2700.0,0.0,1805.0,1805.0,1891.0,809.0,2670.0,1207.0
1.0,8995.0,3737.0,2741.0,0.0,5706.0,5706.0,1918.0,823.0,2578.0,1159.0
1.0,5258.0,2635.0,2754.0,1805.0,6588.0,6588.0,1926.0,828.0,1852.0,783.0
1.0,4428.0,1587.0,2727.0,5706.0,2361.0,2361.0,1908.0,819.0,1155.0,432.0
1.0,8547.0,1705.0,2686.0,6588.0,0.0,0.0,1881.0,805.0,1231.0,474.0
1.0,13430.0,2907.0,2674.0,2361.0,0.0,0.0,1873.0,801.0,2027.0,880.0
1.0,12884.0,3934.0,2703.0,0.0,1862.0,1862.0,1893.0,810.0,2708.0,1226.0
1.0,8950.0,3769.0,2745.0,0.0,5799.0,5799.0,1921.0,824.0,2600.0,1169.0
1.0,5181.0,2601.0,2758.0,1862.0,6590.0,6590.0,1929.0,829.0,1828.0,773.0
1.0,4442.0,1569.0,2729.0,5799.0,2244.0,2244.0,1910.0,819.0,1145.0,424.0
1.0,8672.0,1717.0,2689.0,6590.0,0.0,0.0,1883.0,806.0,1240.0,477.0
1.0,13545.0,2911.0,2679.0,2244.0,0.0,0.0,1877.0,802.0,2029.0,882.0
1.0,12878.0,3939.0,2709.0,0.0,1897.0,1897.0,1897.0,812.0,2712.0,1227.0
1.0,8939.0,3784.0,2750.0,0.0,5845.0,5845.0,1924.0,826.0,2612.0,1172.0
1.0,5155.0,2586.0,2762.0,1897.0,6582.0,6582.0,1932.0,830.0,1817.0,769.0
1.0,4466.0,1552.0,2734.0,5845.0,2177.0,2177.0,1913.0,821.0,1130.0,422.0
1.0,8759.0,1763.0,2693.0,6582.0,0.0,0.0,1886.0,807.0,1272.0,491.0
1.0,13578.0,2960.0,2684.0,2177.0,0.0,0.0,1880.0,804.0,2067.0,893.0
1.0,12795.0,3934.0,2713.0,0.0,1991.0,1991.0,1900.0,813.0,2711.0,1223.0
1.0,8861.0,3728.0,2754.0,0.0,5883.0,5883.0,1927.0,827.0,2569.0,1159.0
1.0,5133.0,2527.0,2767.0,1991.0,6471.0,6471.0,1935.0,832.0,1772.0,755.0
1.0,4597.0,1516.0,2738.0,5883.0,1988.0,1988.0,1916.0,822.0,1105.0,411.0
1.0,8964.0,1790.0,2700.0,6471.0,0.0,0.0,1891.0,809.0,1293.0,497.0
1.0,13645.0,3017.0,2691.0,1988.0,0.0,0.0,1885.0,806.0,2108.0,909.0
1.0,12616.0,4015.0,2721.0,0.0,2283.0,2283.0,1905.0,816.0,2768.0,1247.0
1.0,8601.0,3781.0,2762.0,0.0,6228.0,6228.0,1932.0,830.0,2606.0,1175.0
1.0,4820.0,2499.0,2774.0,2283.0,6492.0,6492.0,1940.0,834.0,1752.0,747.0
1.0,4604.0,1433.0,2745.0,6228.0,1581.0,1581.0,1921.0,824.0,1046.0,387.0
1.0,9399.0,1698.0,2705.0,6492.0,0.0,0.0,1894.0,811.0,1227.0,471.0
1.0,14193.0,3032.0,2695.0,1581.0,0.0,0.0,1888.0,807.0,2119.0,913.0
1.0,12742.0,4061.0,2726.0,0.0,2223.0,2223.0,1909.0,817.0,2801.0,1260.0
1.0,8681.0,3790.0,2769.0,0.0,6185.0,6185.0,1937.0,832.0,2616.0,1174.0
1.0,4891.0,2483.0,2781.0,2223.0,6493.0,6493.0,1945.0,836.0,1741.0,742.0
1.0,4631.0,1447.0,2753.0,6185.0,1643.0,1643.0,1926.0,827.0,1054.0,393.0
1.0,9369.0,1699.0,2713.0,6493.0,0.0,0.0,1900.0,813.0,1226.0,473.0
1.0,14163.0,3024.0,2703.0,1643.0,0.0,0.0,1894.0,809.0,2112.0,912.0
1.0,12782.0,4065.0,2732.0,0.0,2211.0,2211.0,1913.0,819.0,2804.0,1261.0
1.0,8717.0,3860.0,2773.0,0.0,6235.0,6235.0,1940.0,833.0,2665.0,1195.0
1.0,4857.0,2566.0,2788.0,2211.0,6650.0,6650.0,1950.0,838.0,1802.0,764.0
1.0,4502.0,1423.0,2760.0,6235.0,1726.0,1726.0,1931.0,829.0,1039.0,384.0
1.0,9314.0,1614.0,2719.0,6650.0,0.0,0.0,1904.0,815.0,1167.0,447.0
1.0,14350.0,2903.0,2702.0,1726.0,0.0,0.0,1893.0,809.0,2025.0,878.0
1.0,13173.0,4064.0,2731.0,0.0,1815.0,1815.0,1912.0,819.0,2802.0,1262.0
1.0,9109.0,3908.0,2774.0,0.0,5895.0,5895.0,1941.0,833.0,2700.0,1208.0
1.0,5201.0,2633.0,2792.0,1815.0,6785.0,6785.0,1953.0,839.0,1850.0,783.0
1.0,4383.0,1509.0,2768.0,5895.0,2303.0,2303.0,1937.0,831.0,1099.0,410.0
1.0,8769.0,1653.0,2726.0,6785.0,0.0,0.0,1909.0,817.0,1194.0,459.0
1.0,13901.0,2948.0,2712.0,2303.0,0.0,0.0,1900.0,812.0,2057.0,891.0
1.0,13256.0,4122.0,2741.0,0.0,1830.0,1830.0,1919.0,822.0,2840.0,1282.0
1.0,9134.0,3974.0,2786.0,0.0,5984.0,5984.0,1949.0,837.0,2744.0,1230.0
1.0,5160.0,2648.0,2803.0,1830.0,6870.0,6870.0,1960.0,843.0,1862.0,786.0
1.0,4342.0,1509.0,2777.0,5984.0,2291.0,2291.0,1943.0,834.0,1101.0,408.0
1.0,8817.0,1644.0,2734.0,6870.0,0.0,0.0,1915.0,819.0,1187.0,457.0
1.0,14043.0,2909.0,2718.0,2291.0,0.0,0.0,1904.0,814.0,2029.0,880.0
1.0,13425.0,4008.0,2745.0,0.0,1563.0,1563.0,1922.0,823.0,2762.0,1246.0
1.0,9417.0,3850.0,2788.0,0.0,5585.0,5585.0,1951.0,837.0,2660.0,1190.0
1.0,5567.0,2606.0,2805.0,1563.0,6696.0,6696.0,1962.0,843.0,1830.0,776.0
1.0,4524.0,1575.0,2780.0,5585.0,2586.0,2586.0,1945.0,835.0,1143.0,432.0
1.0,8534.0,1759.0,2738.0,6696.0,0.0,0.0,1917.0,821.0,1267.0,492.0
1.0,13471.0,2965.0,2722.0,2586.0,0.0,0.0,1907.0,815.0,2071.0,894.0
1.0,13092.0,3986.0,2749.0,0.0,1890.0,1890.0,1925.0,824.0,2751.0,1235.0
1.0,9106.0,3872.0,2793.0,0.0,5938.0,5938.0,1954.0,839.0,2674.0,1198.0
1.0,5234.0,2741.0,2814.0,1890.0,6873.0,6873.0,1968.0,846.0,1920.0,821.0
1.0,4383.0,1653.0,2788.0,5938.0,2484.0,2484.0,1951.0,837.0,1196.0,457.0
1.0,8668.0,1675.0,2746.0,6873.0,0.0,0.0,1923.0,823.0,1210.0,465.0
1.0,13866.0,2794.0,2726.0,2484.0,0.0,0.0,1910.0,816.0,1954.0,840.0
1.0,13556.0,3920.0,2752.0,0.0,1372.0,1372.0,1927.0,825.0,2706.0,1214.0
1.0,9636.0,3940.0,2798.0,0.0,5496.0,5496.0,1958.0,840.0,2720.0,1220.0
1.0,5696.0,2812.0,2818.0,1372.0,7016.0,7016.0,1971.0,847.0,1968.0,844.0
1.0,4256.0,1654.0,2793.0,5496.0,3074.0,3074.0,1954.0,839.0,1195.0,459.0
1.0,8098.0,1613.0,2749.0,7016.0,0.0,0.0,1925.0,824.0,1168.0,445.0
1.0,13501.0,2755.0,2729.0,3074.0,0.0,0.0,1912.0,817.0,1930.0,825.0
1.0,13820.0,3902.0,2756.0,0.0,1106.0,1106.0,1930.0,826.0,2695.0,1207.0
1.0,9918.0,3894.0,2801.0,0.0,5180.0,5180.0,1960.0,841.0,2685.0,1209.0
1.0,6024.0,2768.0,2821.0,1106.0,6922.0,6922.0,1973.0,848.0,1933.0,835.0
1.0,4362.0,1635.0,2794.0,5180.0,3269.0,3269.0,1955.0,839.0,1181.0,454.0
1.0,7907.0,1592.0,2748.0,6922.0,0.0,0.0,1924.0,824.0,1157.0,435.0
1.0,13237.0,2718.0,2727.0,3269.0,0.0,0.0,1910.0,817.0,1909.0,809.0
1.0,13788.0,3961.0,2755.0,0.0,1193.0,1193.0,1929.0,826.0,2736.0,1225.0
1.0,9827.0,4024.0,2805.0,0.0,5417.0,5417.0,1963.0,842.0,2774.0,1250.0
1.0,5803.0,2858.0,2827.0,1193.0,7170.0,7170.0,1977.0,850.0,1996.0,862.0
1.0,4138.0,1624.0,2800.0,5417.0,3269.0,3269.0,1959.0,841.0,1175.0,449.0
1.0,7931.0,1439.0,2750.0,7170.0,0.0,0.0,1926.0,824.0,1050.0,389.0
1.0,13662.0,2571.0,2726.0,3269.0,0.0,0.0,1910.0,816.0,1804.0,767.0
1.0,14360.0,3931.0,2754.0,0.0,587.0,587.0,1929.0,825.0,2713.0,1218.0
1.0,10429.0,4097.0,2805.0,0.0,4888.0,4888.0,1963.0,842.0,2825.0,1272.0
1.0,6332.0,2957.0,2829.0,587.0,7354.0,7354.0,1979.0,850.0,2064.0,893.0
1.0,3962.0,1676.0,2804.0,4888.0,4042.0,4042.0,1962.0,842.0,1210.0,466.0
1.0,7174.0,1544.0,2755.0,7354.0,0.0,0.0,1929.0,826.0,1125.0,419.0
1.0,12984.0,2641.0,2732.0,4042.0,0.0,0.0,1914.0,818.0,1856.0,785.0
1.0,14385.0,3838.0,2756.0,0.0,477.0,477.0,1930.0,826.0,2650.0,1188.0
1.0,10547.0,3937.0,2804.0,0.0,4606.0,4606.0,1962.0,842.0,2712.0,1225.0
1.0,6610.0,2940.0,2830.0,477.0,7173.0,7173.0,1979.0,851.0,2049.0,891.0
1.0,4147.0,1716.0,2807.0,4606.0,4191.0,4191.0,1964.0,843.0,1236.0,480.0
1.0,7037.0,1542.0,2759.0,7173.0,0.0,0.0,1932.0,827.0,1123.0,419.0
1.0,12668.0,2633.0,2734.0,4191.0,0.0,0.0,1915.0,819.0,1853.0,780.0
1.0,14226.0,3901.0,2759.0,0.0,711.0,711.0,1932.0,827.0,2697.0,1204.0
1.0,10325.0,4024.0,2807.0,0.0,4927.0,4927.0,1964.0,843.0,2773.0,1251.0
1.0,6301.0,2905.0,2831.0,711.0,7217.0,7217.0,1980.0,851.0,2023.0,882.0
1.0,4107.0,1611.0,2806.0,4927.0,3801.0,3801.0,1963.0,843.0,1160.0,451.0
1.0,7423.0,1434.0,2753.0,7217.0,0.0,0.0,1928.0,825.0,1048.0,386.0
1.0,13206.0,2615.0,2727.0,3801.0,0.0,0.0,1911.0,816.0,1842.0,773.0
1.0,14392.0,3937.0,2752.0,0.0,553.0,553.0,1927.0,825.0,2722.0,1215.0
1.0,10455.0,4200.0,2804.0,0.0,4961.0,4961.0,1962.0,842.0,2896.0,1304.0
1.0,6255.0,3087.0,2831.0,553.0,7603.0,7603.0,1980.0,851.0,2152.0,935.0
1.0,3721.0,1754.0,2810.0,4961.0,4312.0,4312.0,1966.0,844.0,1261.0,493.0
1.0,6928.0,1508.0,2762.0,7603.0,0.0,0.0,1934.0,828.0,1096.0,412.0
1.0,13023.0,2575.0,2737.0,4312.0,0.0,0.0,1917.0,820.0,1811.0,764.0
1.0,14760.0,3903.0,2762.0,0.0,191.0,191.0,1934.0,828.0,2701.0,1202.0
1.0,10857.0,4220.0,2813.0,0.0,4615.0,4615.0,1968.0,845.0,2913.0,1307.0
1.0,6637.0,3120.0,2838.0,191.0,7644.0,7644.0,1985.0,853.0,2174.0,946.0
1.0,3708.0,1680.0,2814.0,4615.0,4613.0,4613.0,1969.0,845.0,1207.0,473.0
1.0,6643.0,1435.0,2765.0,7644.0,0.0,0.0,1936.0,829.0,1047.0,388.0
1.0,12852.0,2628.0,2741.0,4613.0,0.0,0.0,1920.0,821.0,1852.0,776.0
1.0,14837.0,4000.0,2766.0,0.0,227.0,227.0,1937.0,829.0,2769.0,1231.0
1.0,10837.0,4145.0,2814.0,0.0,4564.0,4564.0,1969.0,845.0,2858.0,1287.0
1.0,6692.0,2980.0,2838.0,227.0,7413.0,7413.0,1985.0,853.0,2072.0,908.0
1.0,3939.0,1668.0,2817.0,4564.0,4433.0,4433.0,1971.0,846.0,1198.0,470.0
1.0,6835.0,1482.0,2769.0,7413.0,0.0,0.0,1939.0,830.0,1082.0,400.0
1.0,12766.0,2570.0,2743.0,4433.0,0.0,0.0,1922.0,821.0,1812.0,758.0
1.0,14629.0,3892.0,2764.0,0.0,319.0,319.0,1936.0,828.0,2693.0,1199.0
1.0,10737.0,4097.0,2811.0,0.0,4604.0,4604.0,1967.0,844.0,2823.0,1274.0
1.0,6640.0,3039.0,2838.0,319.0,7432.0,7432.0,1985.0,853.0,2115.0,924.0
1.0,3920.0,1715.0,2819.0,4604.0,4467.0,4467.0,1972.0,847.0,1233.0,482.0
1.0,6809.0,1504.0,2772.0,7432.0,0.0,0.0,1941.0,831.0,1099.0,405.0
1.0,12737.0,2666.0,2749.0,4467.0,0.0,0.0,1926.0,823.0,1878.0,788.0
1.0,14538.0,3966.0,2772.0,0.0,516.0,516.0,1941.0,831.0,2743.0,1223.0
1.0,10572.0,4099.0,2819.0,0.0,4803.0,4803.0,1973.0,846.0,2824.0,1275.0
1.0,6473.0,2885.0,2844.0,516.0,7272.0,7272.0,1989.0,855.0,2007.0,878.0
1.0,4104.0,1529.0,2821.0,4803.0,3906.0,3906.0,1974.0,847.0,1103.0,426.0
1.0,7378.0,1403.0,2772.0,7272.0,0.0,0.0,1941.0,831.0,1026.0,377.0
1.0,13247.0,2718.0,2747.0,3906.0,0.0,0.0,1924.0,823.0,1915.0,803.0
1.0,14435.0,4156.0,2772.0,0.0,809.0,809.0,1941.0,831.0,2876.0,1280.0
1.0,10279.0,4211.0,2821.0,0.0,5216.0,5216.0,1974.0,847.0,2901.0,1310.0
1.0,6068.0,2855.0,2848.0,809.0,7370.0,7370.0,1992.0,856.0,1987.0,868.0
1.0,4022.0,1421.0,2827.0,5216.0,3491.0,3491.0,1978.0,849.0,1030.0,391.0
1.0,7817.0,1362.0,2778.0,7370.0,0.0,0.0,1945.0,833.0,1000.0,362.0
1.0,13825.0,2780.0,2752.0,3491.0,0.0,0.0,1928.0,824.0,1957.0,823.0
1.0,14536.0,4112.0,2774.0,0.0,672.0,672.0,1943.0,831.0,2843.0,1269.0
1.0,10424.0,4095.0,2821.0,0.0,4955.0,4955.0,1974.0,847.0,2820.0,1275.0
1.0,6329.0,2826.0,2845.0,672.0,7205.0,7205.0,1990.0,855.0,1967.0,859.0
1.0,4175.0,1513.0,2823.0,4955.0,3675.0,3675.0,1975.0,848.0,1094.0,419.0
1.0,7617.0,1545.0,2779.0,7205.0,0.0,0.0,1946.0,833.0,1127.0,418.0
1.0,13277.0,2944.0,2761.0,3675.0,0.0,0.0,1934.0,827.0,2071.0,873.0
1.0,14008.0,4263.0,2786.0,0.0,1399.0,1399.0,1951.0,835.0,2949.0,1314.0
1.0,9745.0,4162.0,2833.0,0.0,5749.0,5749.0,1983.0,850.0,2868.0,1294.0
1.0,5583.0,2777.0,2857.0,1399.0,7223.0,7223.0,1998.0,859.0,1935.0,842.0
1.0,4205.0,1427.0,2833.0,5749.0,2805.0,2805.0,1982.0,851.0,1035.0,392.0
1.0,8527.0,1430.0,2786.0,7223.0,0.0,0.0,1951.0,835.0,1046.0,384.0
1.0,14320.0,2832.0,2764.0,2805.0,0.0,0.0,1936.0,828.0,1990.0,842.0
1.0,14293.0,4203.0,2789.0,0.0,1066.0,1066.0,1953.0,836.0,2905.0,1298.0
1.0,10090.0,4154.0,2837.0,0.0,5412.0,5412.0,1985.0,852.0,2864.0,1290.0
1.0,5936.0,2777.0,2862.0,1066.0,7223.0,7223.0,2002.0,860.0,1938.0,839.0
1.0,4225.0,1490.0,2841.0,5412.0,3217.0,3217.0,1988.0,853.0,1079.0,411.0
1.0,8147.0,1567.0,2795.0,7223.0,0.0,0.0,1957.0,838.0,1140.0,427.0
1.0,13803.0,2913.0,2771.0,3217.0,0.0,0.0,1941.0,830.0,2045.0,868.0
1.0,14107.0,4220.0,2793.0,0.0,1285.0,1285.0,1956.0,837.0,2918.0,1302.0
1.0,9887.0,4127.0,2838.0,0.0,5592.0,5592.0,1986.0,852.0,2847.0,1280.0
1.0,5760.0,2679.0,2861.0,1285.0,7078.0,7078.0,2001.0,860.0,1868.0,811.0
1.0,4366.0,1423.0,2839.0,5592.0,2821.0,2821.0,1986.0,853.0,1032.0,391.0
1.0,8535.0,1611.0,2795.0,7078.0,0.0,0.0,1957.0,838.0,1171.0,440.0
1.0,14002.0,2971.0,2771.0,2821.0,0.0,0.0,1941.0,830.0,2086.0,885.0
1.0,13852.0,4248.0,2792.0,0.0,1564.0,1564.0,1955.0,837.0,2938.0,1310.0
1.0,9604.0,4196.0,2841.0,0.0,5956.0,5956.0,1988.0,853.0,2895.0,1301.0
1.0,5408.0,2790.0,2866.0,1564.0,7282.0,7282.0,2005.0,861.0,1945.0,845.0
1.0,4182.0,1460.0,2844.0,5956.0,2698.0,2698.0,1990.0,854.0,1056.0,404.0
1.0,8678.0,1537.0,2797.0,7282.0,0.0,0.0,1958.0,839.0,1119.0,418.0
1.0,14423.0,2989.0,2775.0,2698.0,0.0,0.0,1944.0,831.0,2101.0,888.0
1.0,14132.0,4278.0,2800.0,0.0,1346.0,1346.0,1961.0,839.0,2960.0,1318.0
1.0,9854.0,4140.0,2848.0,0.0,5678.0,5678.0,1993.0,855.0,2855.0,1285.0
1.0,5714.0,2727.0,2871.0,1346.0,7151.0,7151.0,2008.0,863.0,1902.0,825.0
1.0,4333.0,1487.0,2850.0,5678.0,2876.0,2876.0,1994.0,856.0,1075.0,412.0
1.0,8524.0,1583.0,2805.0,7151.0,0.0,0.0,1964.0,841.0,1150.0,433.0
1.0,14092.0,2977.0,2784.0,2876.0,0.0,0.0,1950.0,834.0,2090.0,887.0
1.0,13991.0,4305.0,2809.0,0.0,1550.0,1550.0,1967.0,842.0,2979.0,1326.0
1.0,9686.0,4256.0,2858.0,0.0,6002.0,6002.0,2000.0,858.0,2938.0,1318.0
1.0,5430.0,2824.0,2883.0,1550.0,7376.0,7376.0,2017.0,866.0,1971.0,853.0
1.0,4156.0,1344.0,2857.0,6002.0,2614.0,2614.0,1999.0,858.0,974.0,370.0
1.0,8814.0,1401.0,2808.0,7376.0,0.0,0.0,1966.0,842.0,1021.0,380.0
1.0,14789.0,2863.0,2784.0,2614.0,0.0,0.0,1950.0,834.0,2012.0,851.0
1.0,14540.0,4333.0,2812.0,0.0,1041.0,1041.0,1969.0,843.0,2999.0,1334.0
1.0,10207.0,4307.0,2865.0,0.0,5560.0,5560.0,2005.0,860.0,2974.0,1333.0
1.0,5900.0,2848.0,2893.0,1041.0,7479.0,7479.0,2024.0,869.0,1986.0,862.0
1.0,4093.0,1381.0,2867.0,5560.0,3196.0,3196.0,2006.0,861.0,1000.0,381.0
1.0,8272.0,1356.0,2814.0,7479.0,0.0,0.0,1970.0,844.0,989.0,367.0
1.0,14395.0,2866.0,2788.0,3196.0,0.0,0.0,1953.0,835.0,2012.0,854.0
1.0,14725.0,4376.0,2817.0,0.0,919.0,919.0,1973.0,844.0,3030.0,1346.0
1.0,10349.0,4324.0,2873.0,0.0,5467.0,5467.0,2011.0,862.0,2988.0,1336.0
1.0,6025.0,2805.0,2901.0,919.0,7465.0,7465.0,2029.0,872.0,1956.0,849.0
1.0,4139.0,1308.0,2873.0,5467.0,3194.0,3194.0,2010.0,863.0,947.0,361.0
1.0,8298.0,1370.0,2820.0,7465.0,0.0,0.0,1974.0,846.0,1000.0,370.0
1.0,14393.0,2839.0,2795.0,3194.0,0.0,0.0,1958.0,837.0,1997.0,842.0
1.0,14748.0,4300.0,2824.0,0.0,848.0,848.0,1978.0,846.0,2979.0,1321.0
1.0,10448.0,4235.0,2876.0,0.0,5291.0,5291.0,2013.0,863.0,2924.0,1311.0
1.0,6213.0,2764.0,2899.0,848.0,7299.0,7299.0,2028.0,871.0,1925.0,839.0
1.0,4297.0,1433.0,2870.0,5291.0,3325.0,3325.0,2008.0,862.0,1034.0,399.0
1.0,8155.0,1526.0,2818.0,7299.0,0.0,0.0,1973.0,845.0,1109.0,417.0
1.0,13928.0,2910.0,2794.0,3325.0,0.0,0.0,1957.0,837.0,2047.0,863.0
1.0,14343.0,4187.0,2821.0,0.0,1128.0,1128.0,1976.0,845.0,2899.0,1288.0
1.0,10156.0,4123.0,2873.0,0.0,5459.0,5459.0,2011.0,862.0,2844.0,1279.0
1.0,6033.0,2845.0,2901.0,1128.0,7288.0,7288.0,2029.0,872.0,1981.0,864.0
1.0,4316.0,1521.0,2875.0,5459.0,3246.0,3246.0,2011.0,864.0,1095.0,426.0
1.0,8254.0,1517.0,2824.0,7288.0,0.0,0.0,1977.0,847.0,1104.0,413.0
1.0,14025.0,2863.0,2798.0,3246.0,0.0,0.0,1960.0,838.0,2017.0,846.0
1.0,14408.0,4183.0,2826.0,0.0,1079.0,1079.0,1979.0,847.0,2899.0,1284.0
1.0,10225.0,4238.0,2878.0,0.0,5525.0,5525.0,2014.0,864.0,2923.0,1315.0
1.0,5987.0,2955.0,2905.0,1079.0,7509.0,7509.0,2032.0,873.0,2055.0,900.0
1.0,4111.0,1598.0,2880.0,5525.0,3482.0,3482.0,2015.0,865.0,1149.0,449.0
1.0,8038.0,1479.0,2827.0,7509.0,0.0,0.0,1979.0,848.0,1079.0,400.0
1.0,14068.0,2742.0,2801.0,3482.0,0.0,0.0,1962.0,839.0,1933.0,809.0
1.0,14808.0,4198.0,2830.0,0.0,710.0,710.0,1982.0,848.0,2908.0,1290.0
1.0,10610.0,4299.0,2885.0,0.0,5229.0,5229.0,2019.0,866.0,2965.0,1334.0
1.0,6311.0,3022.0,2912.0,710.0,7649.0,7649.0,2037.0,875.0,2103.0,919.0
1.0,3999.0,1625.0,2886.0,5229.0,3941.0,3941.0,2019.0,867.0,1168.0,457.0
1.0,7603.0,1499.0,2834.0,7649.0,0.0,0.0,1984.0,850.0,1092.0,407.0
1.0,13753.0,2794.0,2806.0,3941.0,0.0,0.0,1966.0,840.0,1968.0,826.0
1.0,14900.0,4222.0,2834.0,0.0,658.0,658.0,1985.0,849.0,2926.0,1296.0
1.0,10678.0,4300.0,2889.0,0.0,5178.0,5178.0,2022.0,867.0,2968.0,1332.0
1.0,6378.0,2924.0,2915.0,658.0,7548.0,7548.0,2039.0,876.0,2034.0,890.0
1.0,4112.0,1527.0,2887.0,5178.0,3785.0,3785.0,2020.0,867.0,1098.0,429.0
1.0,7763.0,1504.0,2834.0,7548.0,0.0,0.0,1984.0,850.0,1093.0,411.0
1.0,13807.0,2853.0,2809.0,3785.0,0.0,0.0,1968.0,841.0,2008.0,845.0
1.0,14739.0,4205.0,2837.0,0.0,814.0,814.0,1987.0,850.0,2914.0,1291.0
1.0,10534.0,4236.0,2891.0,0.0,5266.0,5266.0,2023.0,868.0,2925.0,1311.0
1.0,6298.0,2888.0,2915.0,814.0,7436.0,7436.0,2039.0,876.0,2012.0,876.0
1.0,4224.0,1552.0,2888.0,5266.0,3614.0,3614.0,2021.0,867.0,1117.0,435.0
1.0,7938.0,1509.0,2834.0,7436.0,0.0,0.0,1984.0,850.0,1095.0,414.0
1.0,13865.0,2844.0,2807.0,3614.0,0.0,0.0,1966.0,841.0,1999.0,845.0
1.0,14635.0,4228.0,2834.0,0.0,929.0,929.0,1985.0,849.0,2929.0,1299.0
1.0,10407.0,4345.0,2892.0,0.0,5506.0,5506.0,2024.0,868.0,3002.0,1343.0
1.0,6062.0,2971.0,2922.0,929.0,7668.0,7668.0,2044.0,878.0,2071.0,900.0
1.0,4020.0,1502.0,2896.0,5506.0,3560.0,3560.0,2026.0,870.0,1083.0,419.0
1.0,8024.0,1437.0,2840.0,7668.0,0.0,0.0,1988.0,852.0,1047.0,390.0
1.0,14255.0,2802.0,2811.0,3560.0,0.0,0.0,1969.0,842.0,1971.0,831.0
1.0,15013.0,4227.0,2837.0,0.0,562.0,562.0,1987.0,850.0,2927.0,1300.0
1.0,10786.0,4352.0,2895.0,0.0,5146.0,5146.0,2026.0,869.0,3003.0,1349.0
1.0,6434.0,3031.0,2927.0,562.0,7743.0,7743.0,2047.0,880.0,2111.0,920.0
1.0,3965.0,1565.0,2902.0,5146.0,4062.0,4062.0,2030.0,872.0,1128.0,437.0
1.0,7546.0,1434.0,2845.0,7743.0,0.0,0.0,1992.0,853.0,1045.0,389.0
1.0,13855.0,2669.0,2814.0,4062.0,0.0,0.0,1971.0,843.0,1880.0,789.0
1.0,15248.0,4068.0,2837.0,0.0,168.0,168.0,1987.0,850.0,2817.0,1251.0
1.0,11180.0,4196.0,2893.0,0.0,4588.0,4588.0,2025.0,868.0,2895.0,1301.0
1.0,6984.0,3017.0,2925.0,168.0,7565.0,7565.0,2046.0,879.0,2100.0,917.0
1.0,4135.0,1707.0,2903.0,4588.0,4596.0,4596.0,2031.0,872.0,1225.0,482.0
1.0,7016.0,1577.0,2851.0,7565.0,0.0,0.0,1996.0,855.0,1146.0,431.0
1.0,13004.0,2710.0,2821.0,4596.0,0.0,0.0,1976.0,845.0,1907.0,803.0
1.0,14890.0,4011.0,2846.0,0.0,505.0,505.0,1993.0,853.0,2777.0,1234.0
1.0,10879.0,4188.0,2898.0,0.0,4901.0,4901.0,2028.0,870.0,2891.0,1297.0
1.0,6691.0,3034.0,2928.0,505.0,7550.0,7550.0,2048.0,880.0,2114.0,920.0
1.0,4162.0,1703.0,2904.0,4901.0,4256.0,4256.0,2032.0,872.0,1223.0,480.0
1.0,7360.0,1601.0,2855.0,7550.0,0.0,0.0,1999.0,856.0,1161.0,440.0
1.0,13309.0,2792.0,2829.0,4256.0,0.0,0.0,1982.0,847.0,1964.0,828.0
1.0,14773.0,4031.0,2852.0,0.0,666.0,666.0,1997.0,855.0,2791.0,1240.0
1.0,10742.0,4167.0,2903.0,0.0,5037.0,5037.0,2032.0,871.0,2878.0,1289.0
1.0,6575.0,3047.0,2932.0,666.0,7534.0,7534.0,2051.0,881.0,2123.0,924.0
1.0,4194.0,1830.0,2913.0,5037.0,4251.0,4251.0,2038.0,875.0,1311.0,519.0
1.0,7401.0,1705.0,2864.0,7534.0,0.0,0.0,2005.0,859.0,1232.0,473.0
1.0,13230.0,2841.0,2838.0,4251.0,0.0,0.0,1988.0,850.0,1998.0,843.0
1.0,14640.0,4045.0,2859.0,0.0,841.0,841.0,2002.0,857.0,2802.0,1243.0
1.0,10595.0,4079.0,2906.0,0.0,5108.0,5108.0,2034.0,872.0,2816.0,1263.0
1.0,6516.0,2900.0,2934.0,841.0,7279.0,7279.0,2052.0,882.0,2020.0,880.0
1.0,4457.0,1751.0,2915.0,5108.0,3846.0,3846.0,2039.0,876.0,1253.0,498.0
1.0,7814.0,1780.0,2868.0,7279.0,0.0,0.0,2008.0,860.0,1283.0,497.0
1.0,13313.0,2967.0,2843.0,3846.0,0.0,0.0,1991.0,852.0,2088.0,879.0
1.0,14192.0,4086.0,2863.0,0.0,1346.0,1346.0,2005.0,858.0,2834.0,1252.0
1.0,10106.0,4023.0,2909.0,0.0,5553.0,5553.0,2036.0,873.0,2779.0,1244.0
1.0,6083.0,2854.0,2935.0,1346.0,7165.0,7165.0,2053.0,882.0,1988.0,866.0
1.0,4575.0,1700.0,2914.0,5553.0,3228.0,3228.0,2039.0,875.0,1216.0,484.0
1.0,8428.0,1773.0,2867.0,7165.0,0.0,0.0,2007.0,860.0,1277.0,496.0
1.0,13820.0,3009.0,2843.0,3228.0,0.0,0.0,1991.0,852.0,2117.0,892.0
1.0,14039.0,4174.0,2866.0,0.0,1599.0,1599.0,2007.0,859.0,2895.0,1279.0
1.0,9865.0,4097.0,2916.0,0.0,5896.0,5896.0,2041.0,875.0,2830.0,1267.0
1.0,5768.0,2812.0,2941.0,1599.0,7209.0,7209.0,2057.0,884.0,1957.0,855.0
1.0,4555.0,1663.0,2918.0,5896.0,2884.0,2884.0,2042.0,876.0,1192.0,471.0
1.0,8788.0,1833.0,2872.0,7209.0,0.0,0.0,2011.0,861.0,1322.0,511.0
1.0,14164.0,3069.0,2850.0,2884.0,0.0,0.0,1996.0,854.0,2159.0,910.0
1.0,13979.0,4210.0,2876.0,0.0,1735.0,1735.0,2014.0,862.0,2917.0,1293.0
1.0,9769.0,4082.0,2924.0,0.0,6009.0,6009.0,2046.0,878.0,2818.0,1264.0
1.0,5687.0,2863.0,2950.0,1735.0,7241.0,7241.0,2064.0,886.0,1994.0,869.0
1.0,4559.0,1703.0,2928.0,6009.0,2847.0,2847.0,2049.0,879.0,1221.0,482.0
1.0,8865.0,1814.0,2881.0,7241.0,0.0,0.0,2017.0,864.0,1310.0,504.0
1.0,14292.0,3048.0,2857.0,2847.0,0.0,0.0,2001.0,856.0,2145.0,903.0
1.0,14091.0,4128.0,2879.0,0.0,1553.0,1553.0,2016.0,863.0,2862.0,1266.0
1.0,9963.0,3997.0,2927.0,0.0,5742.0,5742.0,2048.0,879.0,2756.0,1241.0
1.0,5966.0,2812.0,2954.0,1553.0,7109.0,7109.0,2066.0,888.0,1955.0,857.0
1.0,4707.0,1769.0,2933.0,5742.0,3052.0,3052.0,2052.0,881.0,1268.0,501.0
1.0,8680.0,1847.0,2888.0,7109.0,0.0,0.0,2022.0,866.0,1336.0,511.0
1.0,13942.0,2967.0,2861.0,3052.0,0.0,0.0,2004.0,857.0,2090.0,877.0
1.0,14027.0,4013.0,2880.0,0.0,1506.0,1506.0,2017.0,863.0,2779.0,1234.0
1.0,10014.0,3989.0,2926.0,0.0,5679.0,5679.0,2048.0,878.0,2746.0,1243.0
1.0,6025.0,2825.0,2954.0,1506.0,7110.0,7110.0,2066.0,888.0,1964.0,861.0
1.0,4706.0,1666.0,2934.0,5679.0,3017.0,3017.0,2053.0,881.0,1199.0,467.0
1.0,8719.0,1776.0,2890.0,7110.0,0.0,0.0,2023.0,867.0,1288.0,488.0
1.0,14053.0,3022.0,2868.0,3017.0,0.0,0.0,2009.0,859.0,2127.0,895.0
1.0,14048.0,4147.0,2889.0,0.0,1655.0,1655.0,2023.0,866.0,2870.0,1277.0
1.0,9901.0,3985.0,2933.0,0.0,5816.0,5816.0,2053.0,880.0,2745.0,1240.0
1.0,5916.0,2710.0,2955.0,1655.0,6959.0,6959.0,2067.0,888.0,1888.0,822.0
1.0,4861.0,1700.0,2936.0,5816.0,2767.0,2767.0,2054.0,882.0,1224.0,476.0
1.0,8977.0,1934.0,2895.0,6959.0,0.0,0.0,2027.0,868.0,1395.0,539.0
1.0,14002.0,3189.0,2877.0,2767.0,0.0,0.0,2015.0,862.0,2241.0,948.0
1.0,13580.0,4151.0,2897.0,0.0,2159.0,2159.0,2029.0,868.0,2874.0,1277.0
1.0,9429.0,3875.0,2939.0,0.0,6202.0,6202.0,2057.0,882.0,2669.0,1206.0
1.0,5554.0,2658.0,2959.0,2159.0,6781.0,6781.0,2070.0,889.0,1849.0,809.0
1.0,5055.0,1728.0,2939.0,6202.0,2227.0,2227.0,2056.0,883.0,1243.0,485.0
1.0,9529.0,2013.0,2901.0,6781.0,0.0,0.0,2031.0,870.0,1455.0,558.0
1.0,14297.0,3175.0,2881.0,2227.0,0.0,0.0,2018.0,863.0,2235.0,940.0
1.0,13349.0,4134.0,2903.0,0.0,2397.0,2397.0,2033.0,870.0,2859.0,1275.0
1.0,9215.0,3876.0,2942.0,0.0,6429.0,6429.0,2059.0,883.0,2667.0,1209.0
1.0,5339.0,2677.0,2961.0,2397.0,6785.0,6785.0,2071.0,890.0,1861.0,816.0
1.0,5059.0,1784.0,2940.0,6429.0,2056.0,2056.0,2057.0,883.0,1282.0,502.0
1.0,9704.0,2034.0,2901.0,6785.0,0.0,0.0,2031.0,870.0,1470.0,564.0
1.0,14455.0,3198.0,2884.0,2056.0,0.0,0.0,2020.0,864.0,2253.0,945.0
1.0,13313.0,4134.0,2909.0,0.0,2457.0,2457.0,2037.0,872.0,2860.0,1274.0
1.0,9179.0,3872.0,2949.0,0.0,6489.0,6489.0,2064.0,885.0,2663.0,1209.0
1.0,5307.0,2658.0,2966.0,2457.0,6758.0,6758.0,2075.0,891.0,1846.0,812.0
1.0,5106.0,1764.0,2943.0,6489.0,1941.0,1941.0,2059.0,884.0,1269.0,495.0
1.0,9831.0,2077.0,2904.0,6758.0,0.0,0.0,2033.0,871.0,1504.0,573.0
1.0,14512.0,3313.0,2891.0,1941.0,0.0,0.0,2025.0,866.0,2333.0,980.0
1.0,13140.0,4178.0,2916.0,0.0,2702.0,2702.0,2042.0,874.0,2888.0,1290.0
1.0,8962.0,3851.0,2957.0,0.0,6717.0,6717.0,2069.0,888.0,2645.0,1206.0
1.0,5111.0,2707.0,2975.0,2702.0,6794.0,6794.0,2081.0,894.0,1882.0,825.0
1.0,5106.0,1795.0,2952.0,6717.0,1780.0,1780.0,2065.0,887.0,1294.0,501.0
1.0,10028.0,2017.0,2911.0,6794.0,0.0,0.0,2038.0,873.0,1462.0,555.0
1.0,14805.0,3220.0,2894.0,1780.0,0.0,0.0,2027.0,867.0,2265.0,955.0
1.0,13365.0,4154.0,2919.0,0.0,2465.0,2465.0,2044.0,875.0,2870.0,1284.0
1.0,9211.0,3897.0,2962.0,0.0,6534.0,6534.0,2073.0,889.0,2679.0,1218.0
1.0,5314.0,2678.0,2978.0,2465.0,6811.0,6811.0,2083.0,895.0,1863.0,815.0
1.0,5101.0,1772.0,2953.0,6534.0,1949.0,1949.0,2066.0,887.0,1279.0,493.0
1.0,9863.0,1990.0,2911.0,6811.0,0.0,0.0,2038.0,873.0,1442.0,548.0
1.0,14684.0,3182.0,2894.0,1949.0,0.0,0.0,2027.0,867.0,2238.0,944.0
1.0,13451.0,4081.0,2917.0,0.0,2298.0,2298.0,2043.0,874.0,2817.0,1264.0
1.0,9370.0,3880.0,2959.0,0.0,6346.0,6346.0,2071.0,888.0,2667.0,1213.0
1.0,5490.0,2772.0,2978.0,2298.0,6896.0,6896.0,2083.0,895.0,1931.0,841.0
1.0,5016.0,1799.0,2953.0,6346.0,2249.0,2249.0,2066.0,887.0,1299.0,500.0
1.0,9563.0,1938.0,2911.0,6896.0,0.0,0.0,2038.0,873.0,1406.0,532.0
1.0,14521.0,3046.0,2892.0,2249.0,0.0,0.0,2026.0,866.0,2142.0,904.0
1.0,13724.0,4054.0,2917.0,0.0,1998.0,1998.0,2043.0,874.0,2798.0,1256.0
1.0,9670.0,3905.0,2958.0,0.0,6067.0,6067.0,2070.0,888.0,2683.0,1222.0
1.0,5765.0,2794.0,2976.0,1998.0,6935.0,6935.0,2082.0,894.0,1946.0,848.0
1.0,4969.0,1832.0,2954.0,6067.0,2612.0,2612.0,2067.0,887.0,1324.0,508.0
1.0,9204.0,2029.0,2916.0,6935.0,0.0,0.0,2042.0,874.0,1470.0,559.0
1.0,14110.0,3157.0,2900.0,2612.0,0.0,0.0,2032.0,868.0,2218.0,939.0
1.0,13565.0,4106.0,2924.0,0.0,2237.0,2237.0,2048.0,876.0,2835.0,1271.0
1.0,9459.0,3864.0,2967.0,0.0,6273.0,6273.0,2076.0,891.0,2656.0,1208.0
1.0,5595.0,2667.0,2984.0,2237.0,6771.0,6771.0,2087.0,897.0,1856.0,811.0
1.0,5165.0,1753.0,2960.0,6273.0,2155.0,2155.0,2071.0,889.0,1266.0,487.0
1.0,9685.0,1985.0,2918.0,6771.0,0.0,0.0,2043.0,875.0,1439.0,546.0
1.0,14471.0,3184.0,2902.0,2155.0,0.0,0.0,2033.0,869.0,2238.0,946.0
1.0,13442.0,4139.0,2930.0,0.0,2417.0,2417.0,2052.0,878.0,2858.0,1281.0
1.0,9303.0,3898.0,2972.0,0.0,6483.0,6483.0,2080.0,892.0,2680.0,1218.0
1.0,5405.0,2740.0,2988.0,2417.0,6870.0,6870.0,2090.0,898.0,1909.0,831.0
1.0,5082.0,1822.0,2962.0,6483.0,2105.0,2105.0,2072.0,890.0,1316.0,506.0
1.0,9743.0,2039.0,2921.0,6870.0,0.0,0.0,2045.0,876.0,1474.0,565.0
1.0,14574.0,3175.0,2908.0,2105.0,0.0,0.0,2037.0,871.0,2230.0,945.0
1.0,13504.0,4139.0,2936.0,0.0,2379.0,2379.0,2056.0,880.0,2859.0,1280.0
1.0,9365.0,3884.0,2978.0,0.0,6431.0,6431.0,2084.0,894.0,2673.0,1211.0
1.0,5481.0,2687.0,2991.0,2379.0,6791.0,6791.0,2092.0,899.0,1873.0,814.0
1.0,5173.0,1762.0,2963.0,6431.0,2010.0,2010.0,2073.0,890.0,1272.0,490.0
1.0,9842.0,2063.0,2924.0,6791.0,0.0,0.0,2047.0,877.0,1488.0,575.0
1.0,14570.0,3252.0,2911.0,2010.0,0.0,0.0,2039.0,872.0,2282.0,970.0
1.0,13328.0,4152.0,2940.0,0.0,2584.0,2584.0,2059.0,881.0,2869.0,1283.0
1.0,9176.0,3923.0,2981.0,0.0,6671.0,6671.0,2086.0,895.0,2703.0,1220.0
1.0,5253.0,2771.0,2995.0,2584.0,6914.0,6914.0,2095.0,900.0,1932.0,839.0
1.0,5066.0,1885.0,2970.0,6671.0,2028.0,2028.0,2078.0,892.0,1356.0,529.0
1.0,9852.0,2064.0,2930.0,6914.0,0.0,0.0,2051.0,879.0,1489.0,575.0
1.0,14702.0,3163.0,2916.0,2028.0,0.0,0.0,2043.0,873.0,2223.0,940.0
1.0,13567.0,4050.0,2943.0,0.0,2255.0,2255.0,2061.0,882.0,2800.0,1250.0
1.0,9517.0,3797.0,2982.0,0.0,6208.0,6208.0,2087.0,895.0,2613.0,1184.0
1.0,5720.0,2760.0,2995.0,2255.0,6765.0,6765.0,2095.0,900.0,1923.0,837.0
1.0,5215.0,1918.0,2969.0,6208.0,2371.0,2371.0,2077.0,892.0,1377.0,541.0
1.0,9505.0,2183.0,2931.0,6765.0,0.0,0.0,2052.0,879.0,1570.0,613.0
1.0,14087.0,3256.0,2919.0,2371.0,0.0,0.0,2045.0,874.0,2288.0,968.0
1.0,13202.0,3966.0,2943.0,0.0,2536.0,2536.0,2061.0,882.0,2743.0,1223.0
1.0,9236.0,3714.0,2980.0,0.0,6398.0,6398.0,2086.0,894.0,2559.0,1155.0
1.0,5522.0,2767.0,2994.0,2536.0,6685.0,6685.0,2094.0,900.0,1928.0,839.0
1.0,5291.0,2086.0,2973.0,6398.0,2289.0,2289.0,2080.0,893.0,1492.0,594.0
1.0,9603.0,2313.0,2937.0,6685.0,0.0,0.0,2056.0,881.0,1661.0,652.0
1.0,13975.0,3204.0,2924.0,2289.0,0.0,0.0,2048.0,876.0,2253.0,951.0
1.0,13060.0,3851.0,2947.0,0.0,2579.0,2579.0,2064.0,883.0,2664.0,1187.0
1.0,9209.0,3698.0,2984.0,0.0,6425.0,6425.0,2088.0,896.0,2545.0,1153.0
1.0,5511.0,2880.0,3001.0,2579.0,6794.0,6794.0,2099.0,902.0,2006.0,874.0
1.0,5210.0,2065.0,2979.0,6425.0,2346.0,2346.0,2084.0,895.0,1478.0,587.0
1.0,9570.0,2148.0,2942.0,6794.0,0.0,0.0,2060.0,882.0,1547.0,601.0
1.0,14216.0,3069.0,2926.0,2346.0,0.0,0.0,2050.0,876.0,2159.0,910.0
1.0,13493.0,3878.0,2947.0,0.0,2173.0,2173.0,2064.0,883.0,2682.0,1196.0
1.0,9615.0,3820.0,2986.0,0.0,6149.0,6149.0,2090.0,896.0,2629.0,1191.0
1.0,5795.0,2895.0,3005.0,2173.0,6947.0,6947.0,2102.0,903.0,2014.0,881.0
1.0,5073.0,2107.0,2986.0,6149.0,2829.0,2829.0,2089.0,897.0,1507.0,600.0
1.0,9115.0,2179.0,2951.0,6947.0,0.0,0.0,2066.0,885.0,1570.0,609.0
1.0,13883.0,3094.0,2935.0,2829.0,0.0,0.0,2056.0,879.0,2178.0,916.0
1.0,13618.0,3885.0,2956.0,0.0,2091.0,2091.0,2070.0,886.0,2687.0,1198.0
1.0,9733.0,3748.0,2993.0,0.0,5987.0,5987.0,2095.0,898.0,2579.0,1169.0
1.0,5985.0,2822.0,3008.0,2091.0,6778.0,6778.0,2104.0,904.0,1963.0,859.0
1.0,5254.0,2047.0,2987.0,5987.0,2754.0,2754.0,2090.0,897.0,1465.0,582.0
1.0,9194.0,2216.0,2951.0,6778.0,0.0,0.0,2066.0,885.0,1597.0,619.0
1.0,13756.0,3164.0,2938.0,2754.0,0.0,0.0,2058.0,880.0,2230.0,934.0
1.0,13346.0,3933.0,2961.0,0.0,2431.0,2431.0,2074.0,887.0,2721.0,1212.0
1.0,9413.0,3689.0,2999.0,0.0,6272.0,6272.0,2099.0,900.0,2534.0,1155.0
1.0,5724.0,2726.0,3013.0,2431.0,6623.0,6623.0,2107.0,906.0,1893.0,833.0
1.0,5429.0,1971.0,2989.0,6272.0,2226.0,2226.0,2091.0,898.0,1413.0,558.0
1.0,9730.0,2246.0,2954.0,6623.0,0.0,0.0,2068.0,886.0,1622.0,624.0
1.0,14107.0,3310.0,2942.0,2226.0,0.0,0.0,2061.0,881.0,2332.0,978.0
1.0,13023.0,4031.0,2967.0,0.0,2876.0,2876.0,2078.0,889.0,2787.0,1244.0
1.0,8992.0,3769.0,3004.0,0.0,6793.0,6793.0,2102.0,902.0,2590.0,1179.0
1.0,5223.0,2689.0,3017.0,2876.0,6658.0,6658.0,2110.0,907.0,1869.0,820.0
1.0,5410.0,1900.0,2992.0,6793.0,1665.0,1665.0,2093.0,899.0,1365.0,535.0
1.0,10303.0,2211.0,2955.0,6658.0,0.0,0.0,2069.0,886.0,1596.0,615.0
1.0,14750.0,3255.0,2943.0,1665.0,0.0,0.0,2062.0,881.0,2292.0,963.0
1.0,13160.0,4066.0,2970.0,0.0,2786.0,2786.0,2080.0,890.0,2810.0,1256.0
1.0,9094.0,3826.0,3009.0,0.0,6768.0,6768.0,2106.0,903.0,2630.0,1196.0
1.0,5268.0,2840.0,3024.0,2786.0,6882.0,6882.0,2115.0,909.0,1974.0,866.0
1.0,5214.0,1994.0,3000.0,6768.0,2012.0,2012.0,2099.0,901.0,1431.0,563.0
1.0,9988.0,2148.0,2962.0,6882.0,0.0,0.0,2074.0,888.0,1553.0,595.0
1.0,14722.0,3165.0,2946.0,2012.0,0.0,0.0,2064.0,882.0,2230.0,935.0
1.0,13569.0,3979.0,2970.0,0.0,2290.0,2290.0,2080.0,890.0,2750.0,1229.0
1.0,9590.0,3788.0,3006.0,0.0,6222.0,6222.0,2104.0,902.0,2603.0,1185.0
1.0,5802.0,2898.0,3022.0,2290.0,6894.0,6894.0,2114.0,908.0,2015.0,883.0
1.0,5194.0,2106.0,3002.0,6222.0,2698.0,2698.0,2100.0,902.0,1509.0,597.0
1.0,9310.0,2205.0,2967.0,6894.0,0.0,0.0,2077.0,890.0,1592.0,613.0
1.0,13999.0,3137.0,2955.0,2698.0,0.0,0.0,2070.0,885.0,2209.0,928.0
1.0,13560.0,3956.0,2977.0,0.0,2304.0,2304.0,2085.0,892.0,2734.0,1222.0
1.0,9604.0,3778.0,3013.0,0.0,6226.0,6226.0,2109.0,904.0,2596.0,1182.0
1.0,5826.0,2833.0,3025.0,2304.0,6803.0,6803.0,2116.0,909.0,1970.0,863.0
1.0,5297.0,2075.0,3003.0,6226.0,2564.0,2564.0,2101.0,902.0,1488.0,587.0
1.0,9448.0,2201.0,2969.0,6803.0,0.0,0.0,2079.0,890.0,1588.0,613.0
1.0,14050.0,3126.0,2958.0,2564.0,0.0,0.0,2072.0,886.0,2200.0,926.0
1.0,13488.0,3927.0,2980.0,0.0,2359.0,2359.0,2087.0,893.0,2713.0,1214.0
1.0,9561.0,3850.0,3014.0,0.0,6345.0,6345.0,2109.0,905.0,2647.0,1203.0
1.0,5711.0,2944.0,3026.0,2359.0,6978.0,6978.0,2117.0,909.0,2050.0,894.0
1.0,5126.0,2101.0,3004.0,6345.0,2646.0,2646.0,2102.0,902.0,1508.0,593.0
1.0,9370.0,2124.0,2971.0,6978.0,0.0,0.0,2080.0,891.0,1535.0,589.0
1.0,14224.0,3075.0,2959.0,2646.0,0.0,0.0,2073.0,886.0,2163.0,912.0
1.0,13795.0,3948.0,2980.0,0.0,2073.0,2073.0,2087.0,893.0,2726.0,1222.0
1.0,9847.0,3873.0,3015.0,0.0,6086.0,6086.0,2110.0,905.0,2661.0,1212.0
1.0,5974.0,2949.0,3030.0,2073.0,7022.0,7022.0,2119.0,911.0,2053.0,896.0
1.0,5098.0,2066.0,3010.0,6086.0,2922.0,2922.0,2106.0,904.0,1485.0,581.0
1.0,9118.0,2111.0,2977.0,7022.0,0.0,0.0,2084.0,893.0,1529.0,582.0
1.0,14029.0,3115.0,2963.0,2922.0,0.0,0.0,2076.0,887.0,2193.0,922.0
1.0,13836.0,4031.0,2985.0,0.0,2135.0,2135.0,2091.0,894.0,2781.0,1250.0
1.0,9805.0,3972.0,3021.0,0.0,6251.0,6251.0,2114.0,907.0,2728.0,1244.0
1.0,5833.0,2928.0,3035.0,2135.0,7100.0,7100.0,2123.0,912.0,2038.0,890.0
1.0,5040.0,1972.0,3014.0,6251.0,2737.0,2737.0,2109.0,905.0,1421.0,551.0
1.0,9319.0,2060.0,2979.0,7100.0,0.0,0.0,2086.0,893.0,1495.0,565.0
1.0,14359.0,3092.0,2966.0,2737.0,0.0,0.0,2078.0,888.0,2174.0,918.0
1.0,14004.0,4057.0,2990.0,0.0,2013.0,2013.0,2094.0,896.0,2798.0,1259.0
1.0,9947.0,3962.0,3027.0,0.0,6123.0,6123.0,2118.0,909.0,2722.0,1240.0
1.0,5985.0,2951.0,3041.0,2013.0,7117.0,7117.0,2127.0,914.0,2057.0,894.0
1.0,5047.0,2061.0,3020.0,6123.0,2971.0,2971.0,2113.0,907.0,1484.0,577.0
1.0,9109.0,2151.0,2985.0,7117.0,0.0,0.0,2090.0,895.0,1557.0,594.0
1.0,14075.0,3084.0,2974.0,2971.0,0.0,0.0,2083.0,891.0,2167.0,917.0
1.0,13962.0,3919.0,2997.0,0.0,1945.0,1945.0,2099.0,898.0,2700.0,1219.0
1.0,10043.0,3890.0,3034.0,0.0,5983.0,5983.0,2123.0,911.0,2674.0,1216.0
1.0,6153.0,3109.0,3050.0,1945.0,7211.0,7211.0,2133.0,917.0,2169.0,940.0
1.0,4989.0,2215.0,3029.0,5983.0,3359.0,3359.0,2119.0,910.0,1592.0,623.0
1.0,8757.0,2159.0,2993.0,7211.0,0.0,0.0,2096.0,897.0,1561.0,598.0
1.0,13809.0,2943.0,2978.0,3359.0,0.0,0.0,2086.0,892.0,2067.0,876.0
1.0,14225.0,3801.0,2999.0,0.0,1572.0,1572.0,2100.0,899.0,2616.0,1185.0
1.0,10424.0,3918.0,3038.0,0.0,5646.0,5646.0,2126.0,912.0,2692.0,1226.0
1.0,6506.0,3144.0,3055.0,1572.0,7286.0,7286.0,2137.0,918.0,2196.0,948.0
1.0,4934.0,2337.0,3037.0,5646.0,3905.0,3905.0,2125.0,912.0,1681.0,656.0
1.0,8243.0,2243.0,3002.0,7286.0,0.0,0.0,2102.0,900.0,1620.0,623.0
1.0,13286.0,2942.0,2986.0,3905.0,0.0,0.0,2092.0,894.0,2064.0,878.0
1.0,14249.0,3679.0,3002.0,0.0,1438.0,1438.0,2102.0,900.0,2529.0,1150.0
1.0,10570.0,3750.0,3035.0,0.0,5320.0,5320.0,2124.0,911.0,2575.0,1175.0
1.0,6820.0,3182.0,3055.0,1438.0,7144.0,7144.0,2137.0,918.0,2222.0,960.0
1.0,5076.0,2429.0,3042.0,5320.0,4201.0,4201.0,2128.0,914.0,1745.0,684.0
1.0,7967.0,2314.0,3009.0,7144.0,0.0,0.0,2107.0,902.0,1671.0,643.0
1.0,12797.0,2892.0,2992.0,4201.0,0.0,0.0,2096.0,896.0,2032.0,860.0
1.0,14106.0,3677.0,3007.0,0.0,1599.0,1599.0,2106.0,901.0,2530.0,1147.0
1.0,10429.0,3818.0,3040.0,0.0,5549.0,5549.0,2127.0,913.0,2618.0,1200.0
1.0,6611.0,3219.0,3060.0,1599.0,7249.0,7249.0,2140.0,920.0,2244.0,975.0
1.0,4991.0,2418.0,3046.0,5549.0,4062.0,4062.0,2131.0,915.0,1738.0,680.0
1.0,8122.0,2223.0,3012.0,7249.0,0.0,0.0,2109.0,903.0,1611.0,612.0
1.0,13148.0,2920.0,2996.0,4062.0,0.0,0.0,2099.0,897.0,2053.0,867.0
1.0,14290.0,3797.0,3014.0,0.0,1563.0,1563.0,2111.0,903.0,2613.0,1184.0
1.0,10493.0,3969.0,3051.0,0.0,5680.0,5680.0,2135.0,916.0,2723.0,1246.0
1.0,6524.0,3273.0,3071.0,1563.0,7470.0,7470.0,2148.0,923.0,2280.0,993.0
1.0,4814.0,2381.0,3057.0,5680.0,4115.0,4115.0,2139.0,918.0,1712.0,669.0
1.0,8113.0,2226.0,3025.0,7470.0,0.0,0.0,2118.0,907.0,1613.0,613.0
1.0,13357.0,2820.0,3005.0,4115.0,0.0,0.0,2105.0,900.0,1986.0,834.0
1.0,14652.0,3661.0,3018.0,0.0,1081.0,1081.0,2114.0,904.0,2520.0,1141.0
1.0,10991.0,3911.0,3053.0,0.0,5132.0,5132.0,2136.0,917.0,2681.0,1230.0
1.0,7080.0,3357.0,3077.0,1081.0,7504.0,7504.0,2152.0,925.0,2335.0,1022.0
1.0,4804.0,2528.0,3066.0,5132.0,4856.0,4856.0,2145.0,921.0,1811.0,717.0
1.0,7408.0,2247.0,3034.0,7504.0,0.0,0.0,2124.0,910.0,1630.0,617.0
1.0,12665.0,2789.0,3013.0,4856.0,0.0,0.0,2111.0,902.0,1966.0,823.0
1.0,14732.0,3571.0,3024.0,0.0,935.0,935.0,2118.0,906.0,2456.0,1115.0
1.0,11161.0,3775.0,3058.0,0.0,4846.0,4846.0,2140.0,918.0,2585.0,1190.0
1.0,7386.0,3291.0,3080.0,935.0,7290.0,7290.0,2154.0,926.0,2291.0,1000.0
1.0,5030.0,2577.0,3070.0,4846.0,4981.0,4981.0,2148.0,922.0,1849.0,728.0
1.0,7299.0,2345.0,3038.0,7290.0,0.0,0.0,2127.0,911.0,1700.0,645.0
1.0,12244.0,2852.0,3016.0,4981.0,0.0,0.0,2113.0,903.0,2007.0,845.0
1.0,14373.0,3558.0,3028.0,0.0,1297.0,1297.0,2121.0,907.0,2444.0,1114.0
1.0,10815.0,3789.0,3063.0,0.0,5226.0,5226.0,2143.0,920.0,2596.0,1193.0
1.0,7026.0,3253.0,3086.0,1297.0,7274.0,7274.0,2158.0,928.0,2267.0,986.0
1.0,5070.0,2551.0,3076.0,5226.0,4559.0,4559.0,2152.0,924.0,1830.0,721.0
1.0,7745.0,2407.0,3044.0,7274.0,0.0,0.0,2131.0,913.0,1740.0,667.0
1.0,12612.0,2946.0,3025.0,4559.0,0.0,0.0,2119.0,906.0,2071.0,875.0
1.0,14225.0,3615.0,3037.0,0.0,1538.0,1538.0,2127.0,910.0,2485.0,1130.0
1.0,10610.0,3699.0,3068.0,0.0,5361.0,5361.0,2147.0,921.0,2534.0,1165.0
1.0,6911.0,3107.0,3087.0,1538.0,7006.0,7006.0,2159.0,928.0,2165.0,942.0
1.0,5342.0,2425.0,3075.0,5361.0,4022.0,4022.0,2151.0,924.0,1743.0,682.0
1.0,8278.0,2289.0,3043.0,7006.0,0.0,0.0,2131.0,912.0,1658.0,631.0
1.0,12995.0,2917.0,3025.0,4022.0,0.0,0.0,2119.0,906.0,2052.0,865.0
1.0,14100.0,3676.0,3036.0,0.0,1720.0,1720.0,2126.0,910.0,2529.0,1147.0
1.0,10424.0,3806.0,3066.0,0.0,5646.0,5646.0,2145.0,921.0,2608.0,1198.0
1.0,6618.0,3230.0,3086.0,1720.0,7236.0,7236.0,2158.0,928.0,2250.0,980.0
1.0,5108.0,2515.0,3078.0,5646.0,4073.0,4073.0,2153.0,925.0,1807.0,708.0
1.0,8239.0,2415.0,3052.0,7236.0,0.0,0.0,2137.0,915.0,1746.0,669.0
1.0,13060.0,2876.0,3032.0,4073.0,0.0,0.0,2124.0,908.0,2021.0,855.0
1.0,14257.0,3524.0,3039.0,0.0,1423.0,1423.0,2128.0,911.0,2420.0,1104.0
1.0,10733.0,3719.0,3066.0,0.0,5250.0,5250.0,2145.0,921.0,2547.0,1172.0
1.0,7014.0,3247.0,3085.0,1423.0,7150.0,7150.0,2157.0,928.0,2263.0,984.0
1.0,5190.0,2593.0,3078.0,5250.0,4465.0,4465.0,2153.0,925.0,1863.0,730.0
1.0,7847.0,2404.0,3053.0,7150.0,0.0,0.0,2138.0,915.0,1742.0,662.0
1.0,12593.0,2916.0,3037.0,4465.0,0.0,0.0,2128.0,909.0,2051.0,865.0
1.0,14142.0,3563.0,3044.0,0.0,1597.0,1597.0,2132.0,912.0,2446.0,1117.0
1.0,10579.0,3742.0,3070.0,0.0,5443.0,5443.0,2148.0,922.0,2560.0,1182.0
1.0,6837.0,3242.0,3087.0,1597.0,7156.0,7156.0,2159.0,928.0,2258.0,984.0
1.0,5192.0,2612.0,3082.0,5443.0,4305.0,4305.0,2156.0,926.0,1876.0,736.0
1.0,8023.0,2439.0,3059.0,7156.0,0.0,0.0,2142.0,917.0,1768.0,671.0
1.0,12740.0,2905.0,3041.0,4305.0,0.0,0.0,2131.0,910.0,2045.0,860.0
1.0,14140.0,3535.0,3047.0,0.0,1583.0,1583.0,2134.0,913.0,2425.0,1110.0
1.0,10605.0,3701.0,3071.0,0.0,5380.0,5380.0,2149.0,922.0,2531.0,1170.0
1.0,6904.0,3223.0,3091.0,1583.0,7100.0,7100.0,2162.0,929.0,2246.0,977.0
1.0,5264.0,2635.0,3085.0,5380.0,4331.0,4331.0,2158.0,927.0,1894.0,741.0
1.0,8009.0,2489.0,3060.0,7100.0,0.0,0.0,2143.0,917.0,1802.0,687.0
1.0,12620.0,2940.0,3040.0,4331.0,0.0,0.0,2130.0,910.0,2068.0,872.0
1.0,14011.0,3517.0,3045.0,0.0,1686.0,1686.0,2133.0,912.0,2412.0,1105.0
1.0,10494.0,3673.0,3070.0,0.0,5459.0,5459.0,2148.0,922.0,2511.0,1162.0
1.0,6821.0,3189.0,3089.0,1686.0,7038.0,7038.0,2160.0,929.0,2221.0,968.0
1.0,5318.0,2650.0,3085.0,5459.0,4213.0,4213.0,2158.0,927.0,1906.0,744.0
1.0,8127.0,2590.0,3065.0,7038.0,0.0,0.0,2146.0,919.0,1874.0,716.0
1.0,12575.0,3110.0,3049.0,4213.0,0.0,0.0,2136.0,913.0,2188.0,922.0
1.0,13678.0,3623.0,3054.0,0.0,2161.0,2161.0,2139.0,915.0,2486.0,1137.0
1.0,10055.0,3607.0,3075.0,0.0,5852.0,5852.0,2152.0,923.0,2464.0,1143.0
1.0,6448.0,3065.0,3091.0,2161.0,6820.0,6820.0,2162.0,929.0,2136.0,929.0
1.0,5544.0,2551.0,3086.0,5852.0,3499.0,3499.0,2159.0,927.0,1834.0,717.0
1.0,8845.0,2587.0,3068.0,6820.0,0.0,0.0,2148.0,920.0,1870.0,717.0
1.0,13078.0,3116.0,3055.0,3499.0,0.0,0.0,2140.0,915.0,2190.0,926.0
1.0,13461.0,3612.0,3061.0,0.0,2395.0,2395.0,2144.0,917.0,2478.0,1134.0
1.0,9849.0,3569.0,3080.0,0.0,6040.0,6040.0,2155.0,925.0,2439.0,1130.0
1.0,6280.0,3138.0,3096.0,2395.0,6847.0,6847.0,2165.0,931.0,2190.0,948.0
1.0,5537.0,2673.0,3092.0,6040.0,3464.0,3464.0,2163.0,929.0,1924.0,749.0
1.0,8904.0,2649.0,3075.0,6847.0,0.0,0.0,2153.0,922.0,1912.0,737.0
1.0,13102.0,3103.0,3061.0,3464.0,0.0,0.0,2145.0,916.0,2177.0,926.0
1.0,13463.0,3580.0,3067.0,0.0,2385.0,2385.0,2148.0,919.0,2453.0,1127.0
1.0,9883.0,3528.0,3086.0,0.0,5989.0,5989.0,2159.0,927.0,2413.0,1115.0
1.0,6355.0,2943.0,3097.0,2385.0,6591.0,6591.0,2166.0,931.0,2055.0,888.0
1.0,5797.0,2430.0,3086.0,5989.0,2988.0,2988.0,2159.0,927.0,1754.0,676.0
1.0,9356.0,2553.0,3066.0,6591.0,0.0,0.0,2147.0,919.0,1845.0,708.0
1.0,13394.0,3155.0,3056.0,2988.0,0.0,0.0,2141.0,915.0,2213.0,942.0
1.0,13227.0,3684.0,3067.0,0.0,2725.0,2725.0,2148.0,919.0,2524.0,1160.0
1.0,9543.0,3628.0,3090.0,0.0,6445.0,6445.0,2162.0,928.0,2481.0,1147.0
1.0,5915.0,2999.0,3103.0,2725.0,6771.0,6771.0,2170.0,933.0,2094.0,905.0
1.0,5641.0,2477.0,3095.0,6445.0,2771.0,2771.0,2165.0,930.0,1787.0,690.0
1.0,9609.0,2541.0,3073.0,6771.0,0.0,0.0,2152.0,921.0,1838.0,703.0
1.0,13839.0,3158.0,3061.0,2771.0,0.0,0.0,2145.0,916.0,2217.0,941.0
1.0,13452.0,3659.0,3069.0,0.0,2483.0,2483.0,2149.0,920.0,2508.0,1151.0
1.0,9793.0,3553.0,3089.0,0.0,6116.0,6116.0,2161.0,928.0,2426.0,1127.0
1.0,6240.0,3011.0,3100.0,2483.0,6688.0,6688.0,2168.0,932.0,2100.0,911.0
1.0,5712.0,2625.0,3096.0,6116.0,3181.0,3181.0,2166.0,930.0,1890.0,735.0
1.0,9203.0,2705.0,3080.0,6688.0,0.0,0.0,2157.0,923.0,1955.0,750.0
1.0,13186.0,3164.0,3070.0,3181.0,0.0,0.0,2151.0,919.0,2224.0,940.0
1.0,13203.0,3570.0,3075.0,0.0,2667.0,2667.0,2154.0,921.0,2448.0,1122.0
1.0,9633.0,3509.0,3093.0,0.0,6248.0,6248.0,2164.0,929.0,2396.0,1113.0
1.0,6124.0,3087.0,3106.0,2667.0,6720.0,6720.0,2172.0,934.0,2150.0,937.0
1.0,5704.0,2675.0,3102.0,6248.0,3131.0,3131.0,2170.0,932.0,1922.0,753.0
1.0,9277.0,2729.0,3086.0,6720.0,0.0,0.0,2161.0,925.0,1972.0,757.0
1.0,13268.0,3150.0,3074.0,3131.0,0.0,0.0,2154.0,920.0,2218.0,932.0
1.0,13249.0,3521.0,3080.0,0.0,2592.0,2592.0,2157.0,923.0,2413.0,1108.0
1.0,9728.0,3453.0,3096.0,0.0,6109.0,6109.0,2166.0,930.0,2352.0,1101.0
1.0,6275.0,3056.0,3108.0,2592.0,6621.0,6621.0,2173.0,935.0,2126.0,930.0
1.0,5811.0,2805.0,3105.0,6109.0,3305.0,3305.0,2172.0,933.0,2015.0,790.0
1.0,9115.0,2936.0,3095.0,6621.0,0.0,0.0,2167.0,928.0,2121.0,815.0
1.0,12800.0,3251.0,3085.0,3305.0,0.0,0.0,2162.0,923.0,2291.0,960.0
1.0,12854.0,3402.0,3089.0,0.0,2904.0,2904.0,2164.0,925.0,2328.0,1074.0
1.0,9452.0,3312.0,3102.0,0.0,6268.0,6268.0,2170.0,932.0,2251.0,1061.0
1.0,6140.0,2996.0,3112.0,2904.0,6400.0,6400.0,2176.0,936.0,2083.0,913.0
1.0,6048.0,2834.0,3109.0,6268.0,2954.0,2954.0,2175.0,934.0,2038.0,796.0
1.0,9482.0,3015.0,3100.0,6400.0,0.0,0.0,2171.0,929.0,2177.0,838.0
1.0,12867.0,3345.0,3094.0,2954.0,0.0,0.0,2168.0,926.0,2355.0,990.0
1.0,12476.0,3499.0,3100.0,0.0,3423.0,3423.0,2171.0,929.0,2396.0,1103.0
1.0,8977.0,3334.0,3113.0,0.0,6809.0,6809.0,2178.0,935.0,2268.0,1066.0
1.0,5643.0,2938.0,3119.0,3423.0,6348.0,6348.0,2181.0,938.0,2043.0,895.0
1.0,6128.0,2739.0,3112.0,6809.0,2250.0,2250.0,2177.0,935.0,1969.0,770.0
1.0,10198.0,2965.0,3099.0,6348.0,0.0,0.0,2170.0,929.0,2142.0,823.0
1.0,13581.0,3376.0,3095.0,2250.0,0.0,0.0,2169.0,926.0,2375.0,1001.0
1.0,12455.0,3537.0,3104.0,0.0,3498.0,3498.0,2174.0,930.0,2422.0,1115.0
1.0,8918.0,3332.0,3120.0,0.0,6894.0,6894.0,2183.0,937.0,2268.0,1064.0
1.0,5586.0,2924.0,3126.0,3498.0,6344.0,6344.0,2186.0,940.0,2036.0,888.0
1.0,6160.0,2706.0,3118.0,6894.0,2124.0,2124.0,2181.0,937.0,1946.0,760.0
1.0,10348.0,2886.0,3104.0,6344.0,0.0,0.0,2174.0,930.0,2083.0,803.0
1.0,13806.0,3280.0,3098.0,2124.0,0.0,0.0,2171.0,927.0,2308.0,972.0
1.0,12650.0,3471.0,3105.0,0.0,3241.0,3241.0,2175.0,930.0,2379.0,1092.0
1.0,9179.0,3351.0,3118.0,0.0,6644.0,6644.0,2182.0,936.0,2281.0,1070.0
1.0,5828.0,2954.0,3124.0,3241.0,6381.0,6381.0,2184.0,940.0,2054.0,900.0
1.0,6115.0,2723.0,3116.0,6644.0,2428.0,2428.0,2180.0,936.0,1957.0,766.0
1.0,10036.0,2828.0,3102.0,6381.0,0.0,0.0,2172.0,930.0,2046.0,782.0
1.0,13589.0,3263.0,3097.0,2428.0,0.0,0.0,2170.0,927.0,2298.0,965.0
1.0,12754.0,3508.0,3108.0,0.0,3186.0,3186.0,2177.0,931.0,2404.0,1104.0
1.0,9246.0,3299.0,3124.0,0.0,6549.0,6549.0,2186.0,938.0,2244.0,1055.0
1.0,5947.0,2913.0,3132.0,3186.0,6308.0,6308.0,2190.0,942.0,2024.0,889.0
1.0,6220.0,2722.0,3123.0,6549.0,2445.0,2445.0,2185.0,938.0,1957.0,765.0
1.0,10047.0,2936.0,3109.0,6308.0,0.0,0.0,2177.0,932.0,2123.0,813.0
1.0,13419.0,3311.0,3102.0,2445.0,0.0,0.0,2174.0,928.0,2334.0,977.0
1.0,12553.0,3497.0,3112.0,0.0,3392.0,3392.0,2180.0,932.0,2395.0,1102.0
1.0,9056.0,3265.0,3127.0,0.0,6717.0,6717.0,2188.0,939.0,2215.0,1050.0
1.0,5791.0,2879.0,3134.0,3392.0,6232.0,6232.0,2191.0,943.0,1999.0,880.0
1.0,6304.0,2718.0,3125.0,6717.0,2197.0,2197.0,2186.0,939.0,1957.0,761.0
1.0,10303.0,3063.0,3114.0,6232.0,0.0,0.0,2181.0,933.0,2214.0,849.0
1.0,13472.0,3462.0,3112.0,2197.0,241.0,241.0,2181.0,931.0,2440.0,1022.0
1.0,12207.0,3531.0,3122.0,0.0,3812.0,3812.0,2187.0,935.0,2418.0,1113.0
1.0,8676.0,3179.0,3133.0,241.0,6794.0,6794.0,2192.0,941.0,2155.0,1024.0
1.0,5738.0,2829.0,3135.0,3812.0,5819.0,5819.0,2192.0,943.0,1962.0,867.0
1.0,6721.0,2824.0,3128.0,6794.0,1821.0,1821.0,2188.0,940.0,2030.0,794.0
1.0,10691.0,3176.0,3122.0,5819.0,0.0,0.0,2186.0,936.0,2296.0,880.0
1.0,13334.0,3442.0,3120.0,1821.0,767.0,767.0,2186.0,934.0,2429.0,1013.0
1.0,11713.0,3386.0,3125.0,0.0,4173.0,4173.0,2189.0,936.0,2317.0,1069.0
1.0,8327.0,3143.0,3134.0,767.0,6585.0,6585.0,2193.0,941.0,2126.0,1017.0
1.0,5951.0,2890.0,3138.0,4173.0,5318.0,5318.0,2194.0,944.0,2002.0,888.0
1.0,7234.0,2937.0,3134.0,6585.0,1654.0,1654.0,2192.0,942.0,2110.0,827.0
1.0,10882.0,3177.0,3127.0,5318.0,0.0,0.0,2190.0,937.0,2300.0,877.0
1.0,13023.0,3367.0,3125.0,1654.0,1190.0,1190.0,2190.0,935.0,2376.0,991.0
1.0,11310.0,3355.0,3131.0,0.0,4569.0,4569.0,2193.0,938.0,2293.0,1062.0
1.0,7955.0,3134.0,3137.0,1190.0,6537.0,6537.0,2195.0,942.0,2118.0,1016.0
1.0,6011.0,2949.0,3138.0,4569.0,4921.0,4921.0,2194.0,944.0,2044.0,905.0
1.0,7631.0,2927.0,3131.0,6537.0,1283.0,1283.0,2190.0,941.0,2104.0,823.0
1.0,11241.0,3085.0,3125.0,4921.0,0.0,0.0,2188.0,937.0,2235.0,850.0
1.0,13077.0,3308.0,3125.0,1283.0,1448.0,1448.0,2190.0,935.0,2336.0,972.0
1.0,11052.0,3414.0,3133.0,0.0,4894.0,4894.0,2195.0,938.0,2336.0,1078.0
1.0,7638.0,3241.0,3141.0,1448.0,6719.0,6719.0,2198.0,943.0,2194.0,1047.0
1.0,5845.0,2947.0,3139.0,4894.0,4764.0,4764.0,2195.0,944.0,2042.0,905.0
1.0,7792.0,2877.0,3131.0,6719.0,890.0,890.0,2190.0,941.0,2068.0,809.0
1.0,11634.0,3153.0,3124.0,4764.0,0.0,0.0,2188.0,936.0,2283.0,870.0
1.0,13245.0,3426.0,3125.0,890.0,1791.0,1791.0,2190.0,935.0,2419.0,1007.0
1.0,10709.0,3495.0,3136.0,0.0,5330.0,5330.0,2197.0,939.0,2391.0,1104.0
1.0,7214.0,3224.0,3146.0,1791.0,6803.0,6803.0,2201.0,945.0,2180.0,1044.0
1.0,5781.0,2866.0,3144.0,5330.0,4331.0,4331.0,2198.0,946.0,1985.0,881.0
1.0,8245.0,2772.0,3132.0,6803.0,252.0,252.0,2191.0,941.0,1995.0,777.0
1.0,12276.0,3026.0,3123.0,4331.0,0.0,0.0,2187.0,936.0,2194.0,832.0
1.0,13581.0,3364.0,3123.0,252.0,2023.0,2023.0,2189.0,934.0,2379.0,985.0
1.0,10469.0,3461.0,3133.0,0.0,5524.0,5524.0,2195.0,938.0,2371.0,1090.0
1.0,7008.0,3263.0,3144.0,2023.0,6808.0,6808.0,2200.0,944.0,2205.0,1058.0
1.0,5768.0,2941.0,3145.0,5524.0,4229.0,4229.0,2199.0,946.0,2032.0,909.0
1.0,8351.0,2849.0,3137.0,6808.0,238.0,238.0,2194.0,943.0,2048.0,801.0
1.0,12310.0,3072.0,3129.0,4229.0,0.0,0.0,2191.0,938.0,2229.0,843.0
1.0,13467.0,3335.0,3129.0,238.0,2146.0,2146.0,2193.0,936.0,2361.0,974.0
1.0,10370.0,3475.0,3139.0,0.0,5661.0,5661.0,2199.0,940.0,2380.0,1095.0
1.0,6895.0,3300.0,3150.0,2146.0,6859.0,6859.0,2204.0,946.0,2231.0,1069.0
1.0,5741.0,3020.0,3154.0,5661.0,4234.0,4234.0,2205.0,949.0,2087.0,933.0
1.0,8382.0,2872.0,3147.0,6859.0,219.0,219.0,2201.0,946.0,2062.0,810.0
1.0,12369.0,3055.0,3138.0,4234.0,0.0,0.0,2197.0,941.0,2217.0,838.0
1.0,13548.0,3334.0,3138.0,219.0,2119.0,2119.0,2199.0,939.0,2362.0,972.0
1.0,10433.0,3415.0,3148.0,0.0,5574.0,5574.0,2205.0,943.0,2340.0,1075.0
1.0,7018.0,3186.0,3157.0,2119.0,6677.0,6677.0,2209.0,948.0,2151.0,1035.0
1.0,5951.0,2932.0,3157.0,5574.0,4035.0,4035.0,2207.0,950.0,2022.0,910.0
1.0,8593.0,2943.0,3150.0,6677.0,273.0,273.0,2203.0,947.0,2110.0,833.0
1.0,12327.0,3140.0,3143.0,4035.0,0.0,0.0,2201.0,942.0,2278.0,862.0
1.0,13222.0,3405.0,3145.0,273.0,2490.0,2490.0,2204.0,941.0,2413.0,992.0
1.0,10090.0,3474.0,3157.0,0.0,6012.0,6012.0,2212.0,945.0,2380.0,1094.0
1.0,6616.0,3242.0,3167.0,2490.0,6804.0,6804.0,2216.0,951.0,2189.0,1053.0
1.0,5864.0,2943.0,3165.0,6012.0,3727.0,3727.0,2213.0,952.0,2030.0,913.0
1.0,8933.0,2852.0,3153.0,6804.0,0.0,0.0,2205.0,948.0,2048.0,804.0
1.0,12885.0,3049.0,3143.0,3727.0,0.0,0.0,2201.0,942.0,2216.0,833.0
1.0,13563.0,3331.0,3146.0,0.0,2352.0,2352.0,2205.0,941.0,2362.0,969.0
1.0,10232.0,3432.0,3159.0,0.0,5836.0,5836.0,2213.0,946.0,2351.0,1081.0
1.0,6800.0,3352.0,3168.0,2352.0,6872.0,6872.0,2217.0,951.0,2266.0,1086.0
1.0,5800.0,3092.0,3167.0,5836.0,4124.0,4124.0,2214.0,953.0,2135.0,957.0
1.0,8544.0,2937.0,3157.0,6872.0,149.0,149.0,2208.0,949.0,2105.0,832.0
1.0,12479.0,3056.0,3151.0,4124.0,0.0,0.0,2206.0,945.0,2219.0,837.0
1.0,13547.0,3281.0,3154.0,149.0,2201.0,2201.0,2210.0,944.0,2327.0,954.0
1.0,10415.0,3466.0,3164.0,0.0,5707.0,5707.0,2217.0,947.0,2375.0,1091.0
1.0,6949.0,3365.0,3172.0,2201.0,6903.0,6903.0,2220.0,952.0,2274.0,1091.0
1.0,5785.0,3103.0,3171.0,5707.0,4295.0,4295.0,2217.0,954.0,2143.0,960.0
1.0,8389.0,2972.0,3163.0,6903.0,332.0,332.0,2212.0,951.0,2132.0,840.0
1.0,12320.0,3089.0,3158.0,4295.0,0.0,0.0,2211.0,947.0,2243.0,846.0
1.0,13526.0,3268.0,3161.0,332.0,2054.0,2054.0,2215.0,946.0,2317.0,951.0
1.0,10590.0,3369.0,3169.0,0.0,5455.0,5455.0,2220.0,949.0,2308.0,1061.0
1.0,7221.0,3318.0,3177.0,2054.0,6751.0,6751.0,2223.0,954.0,2241.0,1077.0
1.0,5957.0,3218.0,3179.0,5455.0,4522.0,4522.0,2223.0,956.0,2221.0,997.0
1.0,8194.0,3077.0,3175.0,6751.0,832.0,832.0,2220.0,955.0,2204.0,873.0
1.0,11868.0,3090.0,3168.0,4522.0,0.0,0.0,2218.0,950.0,2246.0,844.0
1.0,13300.0,3136.0,3166.0,832.0,1668.0,1668.0,2219.0,947.0,2228.0,908.0
1.0,10996.0,3222.0,3172.0,0.0,4914.0,4914.0,2222.0,950.0,2205.0,1017.0
1.0,7774.0,3273.0,3179.0,1668.0,6547.0,6547.0,2225.0,954.0,2209.0,1064.0
1.0,6169.0,3230.0,3181.0,4914.0,4871.0,4871.0,2224.0,957.0,2228.0,1002.0
1.0,7853.0,3186.0,3176.0,6547.0,1490.0,1490.0,2221.0,955.0,2278.0,908.0
1.0,11214.0,3114.0,3169.0,4871.0,0.0,0.0,2219.0,950.0,2262.0,852.0
1.0,12971.0,3006.0,3165.0,1490.0,1205.0,1205.0,2218.0,947.0,2137.0,869.0
1.0,11455.0,3072.0,3169.0,0.0,4293.0,4293.0,2220.0,949.0,2102.0,970.0
1.0,8383.0,3266.0,3178.0,1205.0,6390.0,6390.0,2224.0,954.0,2206.0,1060.0
1.0,6322.0,3370.0,3185.0,4293.0,5495.0,5495.0,2227.0,958.0,2324.0,1046.0
1.0,7245.0,3329.0,3185.0,6390.0,2434.0,2434.0,2227.0,958.0,2378.0,951.0
1.0,10306.0,3193.0,3179.0,5495.0,108.0,108.0,2226.0,953.0,2316.0,877.0
1.0,12608.0,3084.0,3175.0,2434.0,742.0,742.0,2225.0,950.0,2193.0,891.0
1.0,11958.0,3128.0,3180.0,108.0,3782.0,3782.0,2228.0,952.0,2141.0,987.0
1.0,8938.0,3171.0,3185.0,742.0,6231.0,6231.0,2229.0,956.0,2137.0,1034.0
1.0,6509.0,3263.0,3189.0,3782.0,5728.0,5728.0,2230.0,959.0,2251.0,1012.0
1.0,7028.0,3254.0,3188.0,6231.0,2747.0,2747.0,2229.0,959.0,2327.0,927.0
1.0,10005.0,3178.0,3182.0,5728.0,173.0,173.0,2228.0,954.0,2307.0,871.0
1.0,12555.0,3087.0,3178.0,2747.0,497.0,497.0,2227.0,951.0,2194.0,893.0
1.0,12215.0,3129.0,3180.0,173.0,3461.0,3461.0,2228.0,952.0,2141.0,988.0
1.0,9259.0,3294.0,3188.0,497.0,6290.0,6290.0,2231.0,957.0,2223.0,1071.0
1.0,6462.0,3366.0,3194.0,3461.0,6219.0,6219.0,2233.0,961.0,2323.0,1043.0
1.0,6557.0,3255.0,3192.0,6290.0,3176.0,3176.0,2232.0,960.0,2328.0,927.0
1.0,9592.0,3067.0,3185.0,6219.0,0.0,0.0,2230.0,955.0,2231.0,836.0
1.0,12744.0,2961.0,3181.0,3176.0,0.0,0.0,2229.0,952.0,2104.0,857.0
1.0,12959.0,3037.0,3183.0,0.0,2810.0,2810.0,2230.0,953.0,2073.0,964.0
1.0,9922.0,3285.0,3190.0,0.0,6123.0,6123.0,2232.0,958.0,2215.0,1070.0
1.0,6637.0,3449.0,3195.0,2810.0,6782.0,6782.0,2234.0,961.0,2384.0,1065.0
1.0,5998.0,3350.0,3195.0,6123.0,4009.0,4009.0,2234.0,961.0,2399.0,951.0
1.0,8771.0,3077.0,3187.0,6782.0,272.0,272.0,2231.0,956.0,2238.0,839.0
1.0,12476.0,2829.0,3179.0,4009.0,0.0,0.0,2228.0,951.0,2012.0,817.0
1.0,13656.0,2898.0,3178.0,272.0,1682.0,1682.0,2227.0,951.0,1976.0,922.0
1.0,11030.0,3304.0,3187.0,0.0,5022.0,5022.0,2230.0,957.0,2227.0,1077.0
1.0,7726.0,3598.0,3198.0,1682.0,6982.0,6982.0,2236.0,962.0,2485.0,1113.0
1.0,5810.0,3494.0,3201.0,5022.0,5466.0,5466.0,2238.0,963.0,2499.0,995.0
1.0,7338.0,3175.0,3195.0,6982.0,1635.0,1635.0,2237.0,958.0,2309.0,866.0
1.0,11145.0,2878.0,3187.0,5466.0,0.0,0.0,2233.0,954.0,2047.0,831.0
1.0,13733.0,2913.0,3183.0,1635.0,277.0,277.0,2230.0,953.0,1986.0,927.0
1.0,12455.0,3242.0,3189.0,0.0,3543.0,3543.0,2232.0,957.0,2184.0,1058.0
1.0,9213.0,3512.0,3198.0,277.0,6814.0,6814.0,2236.0,962.0,2426.0,1086.0
1.0,5978.0,3496.0,3202.0,3543.0,6783.0,6783.0,2239.0,963.0,2500.0,996.0
1.0,6025.0,3186.0,3197.0,6814.0,3135.0,3135.0,2238.0,959.0,2315.0,871.0
1.0,9653.0,2933.0,3188.0,6783.0,0.0,0.0,2234.0,954.0,2086.0,847.0
1.0,13503.0,2895.0,3184.0,3135.0,0.0,0.0,2231.0,953.0,1973.0,922.0
1.0,13743.0,3191.0,3188.0,0.0,2200.0,2200.0,2231.0,957.0,2147.0,1044.0
1.0,10552.0,3557.0,3198.0,0.0,5797.0,5797.0,2236.0,962.0,2458.0,1099.0
1.0,6995.0,3665.0,3205.0,2200.0,7290.0,7290.0,2241.0,964.0,2620.0,1045.0
1.0,5530.0,3328.0,3204.0,5797.0,4817.0,4817.0,2243.0,961.0,2416.0,912.0
1.0,7999.0,2907.0,3196.0,7290.0,402.0,402.0,2240.0,956.0,2064.0,843.0
1.0,12382.0,2832.0,3189.0,4817.0,0.0,0.0,2234.0,955.0,1925.0,907.0
1.0,14367.0,3203.0,3191.0,402.0,1198.0,1198.0,2233.0,958.0,2158.0,1045.0
1.0,11566.0,3615.0,3201.0,0.0,4853.0,4853.0,2238.0,963.0,2504.0,1111.0
1.0,7951.0,3641.0,3212.0,1198.0,7340.0,7340.0,2246.0,966.0,2605.0,1036.0
1.0,5508.0,3279.0,3212.0,4853.0,5766.0,5766.0,2249.0,963.0,2379.0,900.0
1.0,7082.0,2868.0,3205.0,7340.0,1266.0,1266.0,2246.0,959.0,2036.0,832.0
1.0,11554.0,2792.0,3196.0,5766.0,0.0,0.0,2239.0,957.0,1896.0,896.0
1.0,14528.0,3183.0,3196.0,1266.0,173.0,173.0,2237.0,959.0,2141.0,1042.0
1.0,12611.0,3616.0,3205.0,0.0,3825.0,3825.0,2241.0,964.0,2504.0,1112.0
1.0,8995.0,3652.0,3219.0,173.0,7360.0,7360.0,2251.0,968.0,2616.0,1036.0
1.0,5516.0,3235.0,3221.0,3825.0,6778.0,6778.0,2255.0,966.0,2351.0,884.0
1.0,6106.0,2789.0,3212.0,7360.0,2171.0,2171.0,2251.0,961.0,1979.0,810.0
1.0,10677.0,2822.0,3201.0,6778.0,0.0,0.0,2243.0,958.0,1918.0,904.0
1.0,14633.0,3235.0,3199.0,2171.0,0.0,0.0,2239.0,960.0,2179.0,1056.0
1.0,13569.0,3639.0,3208.0,0.0,2902.0,2902.0,2243.0,965.0,2519.0,1120.0
1.0,9930.0,3595.0,3219.0,0.0,6541.0,6541.0,2251.0,968.0,2574.0,1021.0
1.0,6335.0,3226.0,3220.0,2902.0,6869.0,6869.0,2254.0,966.0,2345.0,881.0
1.0,6011.0,2896.0,3215.0,6541.0,3204.0,3204.0,2253.0,962.0,2055.0,841.0
1.0,9656.0,2892.0,3207.0,6869.0,0.0,0.0,2247.0,960.0,1965.0,927.0
1.0,13633.0,3228.0,3207.0,3204.0,0.0,0.0,2244.0,963.0,2171.0,1057.0
1.0,13609.0,3570.0,3215.0,0.0,2821.0,2821.0,2248.0,967.0,2471.0,1099.0
1.0,10039.0,3519.0,3223.0,0.0,6372.0,6372.0,2254.0,969.0,2524.0,995.0
1.0,6520.0,3121.0,3222.0,2821.0,6668.0,6668.0,2256.0,966.0,2272.0,849.0
1.0,6220.0,2750.0,3212.0,6372.0,3006.0,3006.0,2251.0,961.0,1953.0,797.0
1.0,9842.0,2819.0,3202.0,6668.0,0.0,0.0,2243.0,959.0,1914.0,905.0
1.0,13691.0,3266.0,3202.0,3006.0,0.0,0.0,2241.0,961.0,2199.0,1067.0
1.0,13431.0,3606.0,3212.0,0.0,3023.0,3023.0,2246.0,966.0,2496.0,1110.0
1.0,9825.0,3594.0,3225.0,0.0,6669.0,6669.0,2255.0,970.0,2573.0,1021.0
1.0,6231.0,3205.0,3228.0,3023.0,6863.0,6863.0,2260.0,968.0,2330.0,875.0
1.0,6049.0,2879.0,3220.0,6669.0,3041.0,3041.0,2257.0,963.0,2046.0,833.0
1.0,9839.0,2847.0,3208.0,6863.0,0.0,0.0,2248.0,960.0,1937.0,910.0
1.0,13855.0,3151.0,3205.0,3041.0,0.0,0.0,2243.0,962.0,2119.0,1032.0
1.0,13745.0,3555.0,3214.0,0.0,2666.0,2666.0,2247.0,967.0,2456.0,1099.0
1.0,10190.0,3553.0,3228.0,0.0,6275.0,6275.0,2257.0,971.0,2541.0,1012.0
1.0,6637.0,3286.0,3235.0,2666.0,6923.0,6923.0,2265.0,970.0,2386.0,900.0
1.0,6017.0,3007.0,3229.0,6275.0,3631.0,3631.0,2263.0,966.0,2138.0,869.0
1.0,9285.0,2941.0,3217.0,6923.0,0.0,0.0,2254.0,963.0,2006.0,935.0
1.0,13267.0,3185.0,3211.0,3631.0,0.0,0.0,2247.0,964.0,2145.0,1040.0
1.0,13713.0,3473.0,3217.0,0.0,2628.0,2628.0,2249.0,968.0,2398.0,1075.0
1.0,10240.0,3613.0,3231.0,0.0,6297.0,6297.0,2259.0,972.0,2580.0,1033.0
1.0,6627.0,3363.0,3240.0,2628.0,7068.0,7068.0,2268.0,972.0,2438.0,925.0
1.0,5892.0,2964.0,3234.0,6297.0,3711.0,3711.0,2266.0,968.0,2108.0,856.0
1.0,9225.0,2872.0,3222.0,7068.0,0.0,0.0,2258.0,964.0,1961.0,911.0
1.0,13421.0,3209.0,3216.0,3711.0,0.0,0.0,2251.0,965.0,2162.0,1047.0
1.0,13923.0,3617.0,3225.0,0.0,2594.0,2594.0,2255.0,970.0,2498.0,1119.0
1.0,10306.0,3664.0,3239.0,0.0,6314.0,6314.0,2265.0,974.0,2615.0,1049.0
1.0,6642.0,3310.0,3247.0,2594.0,7062.0,7062.0,2273.0,974.0,2401.0,909.0
1.0,5926.0,2910.0,3241.0,6314.0,3634.0,3634.0,2271.0,970.0,2071.0,839.0
1.0,9330.0,2824.0,3227.0,7062.0,0.0,0.0,2261.0,966.0,1927.0,897.0
1.0,13568.0,3187.0,3218.0,3634.0,0.0,0.0,2252.0,966.0,2146.0,1041.0
1.0,14015.0,3620.0,3224.0,0.0,2501.0,2501.0,2254.0,970.0,2500.0,1120.0
1.0,10395.0,3723.0,3239.0,0.0,6284.0,6284.0,2265.0,974.0,2658.0,1065.0
1.0,6672.0,3410.0,3251.0,2501.0,7241.0,7241.0,2276.0,975.0,2470.0,940.0
1.0,5763.0,3014.0,3246.0,6284.0,3951.0,3951.0,2275.0,971.0,2142.0,872.0
1.0,9033.0,2854.0,3232.0,7241.0,0.0,0.0,2265.0,967.0,1947.0,907.0
1.0,13420.0,3103.0,3222.0,3951.0,0.0,0.0,2255.0,967.0,2090.0,1013.0
1.0,14268.0,3502.0,3227.0,0.0,2142.0,2142.0,2256.0,971.0,2420.0,1082.0
1.0,10766.0,3678.0,3242.0,0.0,5880.0,5880.0,2267.0,975.0,2625.0,1053.0
1.0,7088.0,3368.0,3252.0,2142.0,7146.0,7146.0,2277.0,975.0,2439.0,929.0
1.0,5862.0,2968.0,3249.0,5880.0,4222.0,4222.0,2277.0,972.0,2106.0,862.0
1.0,8774.0,2817.0,3233.0,7146.0,0.0,0.0,2265.0,968.0,1919.0,898.0
1.0,13103.0,3119.0,3223.0,4222.0,0.0,0.0,2256.0,967.0,2103.0,1016.0
1.0,14206.0,3518.0,3228.0,0.0,2224.0,2224.0,2257.0,971.0,2435.0,1083.0
1.0,10688.0,3703.0,3246.0,0.0,5999.0,5999.0,2270.0,976.0,2647.0,1056.0
1.0,6985.0,3411.0,3258.0,2224.0,7234.0,7234.0,2281.0,977.0,2469.0,942.0
1.0,5798.0,3026.0,3253.0,5999.0,4241.0,4241.0,2280.0,973.0,2144.0,882.0
1.0,8771.0,2866.0,3238.0,7234.0,0.0,0.0,2269.0,969.0,1951.0,915.0
1.0,13139.0,3064.0,3228.0,4241.0,0.0,0.0,2259.0,969.0,2064.0,1000.0
1.0,14316.0,3425.0,3232.0,0.0,2037.0,2037.0,2260.0,972.0,2372.0,1053.0
1.0,10891.0,3661.0,3246.0,0.0,5754.0,5754.0,2270.0,976.0,2618.0,1043.0
1.0,7230.0,3443.0,3258.0,2037.0,7208.0,7208.0,2281.0,977.0,2491.0,952.0
1.0,5824.0,3063.0,3255.0,5754.0,4505.0,4505.0,2281.0,974.0,2171.0,892.0
1.0,8515.0,2870.0,3241.0,7208.0,111.0,111.0,2271.0,970.0,1952.0,918.0
1.0,12853.0,2999.0,3231.0,4505.0,0.0,0.0,2261.0,970.0,2015.0,984.0
1.0,14359.0,3377.0,3236.0,111.0,1851.0,1851.0,2262.0,974.0,2338.0,1039.0
1.0,11093.0,3666.0,3253.0,0.0,5585.0,5585.0,2275.0,978.0,2624.0,1042.0
1.0,7427.0,3575.0,3268.0,1851.0,7369.0,7369.0,2288.0,980.0,2587.0,988.0
1.0,5703.0,3206.0,3266.0,5585.0,4982.0,4982.0,2289.0,977.0,2269.0,937.0
1.0,8082.0,2861.0,3253.0,7369.0,422.0,422.0,2279.0,974.0,1944.0,917.0
1.0,12590.0,2886.0,3238.0,4982.0,0.0,0.0,2266.0,972.0,1937.0,949.0
1.0,14686.0,3340.0,3241.0,422.0,1196.0,1196.0,2266.0,975.0,2312.0,1028.0
1.0,11768.0,3669.0,3256.0,0.0,4925.0,4925.0,2277.0,979.0,2628.0,1041.0
1.0,8099.0,3569.0,3271.0,1196.0,7358.0,7358.0,2290.0,981.0,2581.0,988.0
1.0,5726.0,3202.0,3272.0,4925.0,5639.0,5639.0,2293.0,979.0,2267.0,935.0
1.0,7449.0,2945.0,3260.0,7358.0,1178.0,1178.0,2284.0,976.0,2003.0,942.0
1.0,11862.0,3000.0,3249.0,5639.0,0.0,0.0,2274.0,975.0,2017.0,983.0
1.0,14501.0,3307.0,3249.0,1178.0,624.0,624.0,2272.0,977.0,2290.0,1017.0
1.0,12372.0,3587.0,3260.0,0.0,4255.0,4255.0,2280.0,980.0,2569.0,1018.0
1.0,8785.0,3527.0,3272.0,624.0,7206.0,7206.0,2291.0,981.0,2552.0,975.0
1.0,5882.0,3257.0,3273.0,4255.0,6212.0,6212.0,2294.0,979.0,2303.0,954.0
1.0,6880.0,3027.0,3264.0,7206.0,1997.0,1997.0,2287.0,977.0,2060.0,967.0
1.0,11059.0,3022.0,3254.0,6212.0,0.0,0.0,2277.0,977.0,2032.0,990.0
1.0,14249.0,3269.0,3251.0,1997.0,27.0,27.0,2273.0,978.0,2265.0,1004.0
1.0,12977.0,3521.0,3262.0,0.0,3592.0,3592.0,2281.0,981.0,2526.0,995.0
1.0,9456.0,3529.0,3275.0,27.0,7146.0,7146.0,2293.0,982.0,2555.0,974.0
1.0,5954.0,3288.0,3276.0,3592.0,6846.0,6846.0,2296.0,980.0,2325.0,963.0
1.0,6258.0,3038.0,3266.0,7146.0,2698.0,2698.0,2288.0,978.0,2065.0,973.0
1.0,10366.0,3040.0,3254.0,6846.0,0.0,0.0,2277.0,977.0,2040.0,1000.0
1.0,14172.0,3241.0,3252.0,2698.0,0.0,0.0,2274.0,978.0,2245.0,996.0
1.0,13629.0,3499.0,3263.0,0.0,2922.0,2922.0,2282.0,981.0,2511.0,988.0
1.0,10130.0,3532.0,3277.0,0.0,6510.0,6510.0,2294.0,983.0,2559.0,973.0
1.0,6598.0,3356.0,3280.0,2922.0,6956.0,6956.0,2299.0,981.0,2375.0,981.0
1.0,6164.0,3103.0,3270.0,6510.0,3509.0,3509.0,2291.0,979.0,2111.0,992.0
1.0,9571.0,3102.0,3258.0,6956.0,0.0,0.0,2280.0,978.0,2083.0,1019.0
1.0,13425.0,3355.0,3257.0,3509.0,0.0,0.0,2277.0,980.0,2321.0,1034.0
1.0,13579.0,3566.0,3268.0,0.0,3059.0,3059.0,2285.0,983.0,2557.0,1009.0
1.0,10013.0,3516.0,3281.0,0.0,6627.0,6627.0,2297.0,984.0,2551.0,965.0
1.0,6497.0,3260.0,3283.0,3059.0,6836.0,6836.0,2301.0,982.0,2312.0,948.0
1.0,6296.0,3031.0,3274.0,6627.0,3204.0,3204.0,2294.0,980.0,2059.0,972.0
1.0,9892.0,2986.0,3261.0,6836.0,0.0,0.0,2282.0,979.0,1999.0,987.0
1.0,13742.0,3278.0,3260.0,3204.0,0.0,0.0,2279.0,981.0,2266.0,1012.0
1.0,13668.0,3585.0,3272.0,0.0,3005.0,3005.0,2288.0,984.0,2572.0,1013.0
1.0,10083.0,3627.0,3286.0,0.0,6688.0,6688.0,2301.0,985.0,2628.0,999.0
1.0,6456.0,3343.0,3291.0,3005.0,7046.0,7046.0,2306.0,985.0,2368.0,975.0
1.0,6118.0,3040.0,3282.0,6688.0,3362.0,3362.0,2299.0,983.0,2068.0,972.0
1.0,9766.0,2913.0,3267.0,7046.0,0.0,0.0,2286.0,981.0,1950.0,963.0
1.0,13899.0,3214.0,3263.0,3362.0,0.0,0.0,2281.0,982.0,2220.0,994.0
1.0,14047.0,3576.0,3273.0,0.0,2621.0,2621.0,2289.0,984.0,2564.0,1012.0
1.0,10471.0,3674.0,3289.0,0.0,6359.0,6359.0,2303.0,986.0,2661.0,1013.0
1.0,6797.0,3422.0,3296.0,2621.0,7188.0,7188.0,2310.0,986.0,2425.0,997.0
1.0,5996.0,3019.0,3288.0,6359.0,3816.0,3816.0,2304.0,984.0,2052.0,967.0
1.0,9336.0,2897.0,3274.0,7188.0,0.0,0.0,2291.0,983.0,1937.0,960.0
1.0,13627.0,3172.0,3268.0,3816.0,0.0,0.0,2285.0,983.0,2192.0,980.0
1.0,14271.0,3601.0,3279.0,0.0,2446.0,2446.0,2293.0,986.0,2583.0,1018.0
1.0,10670.0,3796.0,3296.0,0.0,6310.0,6310.0,2308.0,988.0,2747.0,1049.0
1.0,6874.0,3506.0,3306.0,2446.0,7410.0,7410.0,2317.0,989.0,2480.0,1026.0
1.0,5814.0,2933.0,3297.0,6310.0,3997.0,3997.0,2310.0,987.0,1992.0,941.0
1.0,9191.0,2688.0,3278.0,7410.0,0.0,0.0,2294.0,984.0,1795.0,893.0
1.0,13913.0,3041.0,3268.0,3997.0,0.0,0.0,2285.0,983.0,2103.0,938.0
1.0,14869.0,3685.0,3277.0,0.0,1924.0,1924.0,2292.0,985.0,2639.0,1046.0
1.0,11184.0,3947.0,3299.0,0.0,5959.0,5959.0,2310.0,989.0,2849.0,1098.0
1.0,7237.0,3501.0,3310.0,1924.0,7580.0,7580.0,2320.0,990.0,2477.0,1024.0
1.0,5660.0,2843.0,3301.0,5959.0,4428.0,4428.0,2313.0,988.0,1929.0,914.0
1.0,8776.0,2656.0,3281.0,7580.0,0.0,0.0,2296.0,985.0,1774.0,882.0
1.0,13700.0,3184.0,3274.0,4428.0,0.0,0.0,2289.0,985.0,2203.0,981.0
1.0,14944.0,3818.0,3286.0,0.0,2018.0,2018.0,2298.0,988.0,2732.0,1086.0
1.0,11126.0,3935.0,3305.0,0.0,6029.0,6029.0,2314.0,991.0,2840.0,1095.0
1.0,7191.0,3397.0,3312.0,2018.0,7436.0,7436.0,2321.0,991.0,2405.0,992.0
1.0,5812.0,2734.0,3301.0,6029.0,4097.0,4097.0,2313.0,988.0,1855.0,879.0
1.0,9107.0,2619.0,3283.0,7436.0,0.0,0.0,2297.0,986.0,1747.0,872.0
1.0,13924.0,3179.0,3276.0,4097.0,0.0,0.0,2290.0,986.0,2195.0,984.0
1.0,14842.0,3930.0,3289.0,0.0,2244.0,2244.0,2300.0,989.0,2808.0,1122.0
1.0,10912.0,4044.0,3309.0,0.0,6368.0,6368.0,2317.0,992.0,2918.0,1126.0
1.0,6868.0,3405.0,3316.0,2244.0,7557.0,7557.0,2324.0,992.0,2415.0,990.0
1.0,5707.0,2663.0,3304.0,6368.0,3804.0,3804.0,2315.0,989.0,1808.0,855.0
1.0,9412.0,2542.0,3285.0,7557.0,0.0,0.0,2299.0,986.0,1692.0,850.0
1.0,14427.0,3295.0,3281.0,3804.0,0.0,0.0,2294.0,987.0,2275.0,1020.0
1.0,14936.0,4090.0,3296.0,0.0,2338.0,2338.0,2305.0,991.0,2917.0,1173.0
1.0,10846.0,4115.0,3317.0,0.0,6537.0,6537.0,2322.0,995.0,2966.0,1149.0
1.0,6731.0,3343.0,3323.0,2338.0,7566.0,7566.0,2329.0,994.0,2373.0,970.0
1.0,5726.0,2588.0,3311.0,6537.0,3569.0,3569.0,2320.0,991.0,1757.0,831.0
1.0,9675.0,2590.0,3293.0,7566.0,0.0,0.0,2304.0,989.0,1727.0,863.0
1.0,14651.0,3309.0,3289.0,3569.0,0.0,0.0,2299.0,990.0,2285.0,1024.0
1.0,14911.0,4010.0,3302.0,0.0,2307.0,2307.0,2309.0,993.0,2862.0,1148.0
1.0,10901.0,4069.0,3319.0,0.0,6444.0,6444.0,2324.0,995.0,2936.0,1133.0
1.0,6832.0,3362.0,3325.0,2307.0,7523.0,7523.0,2330.0,995.0,2385.0,977.0
1.0,5777.0,2652.0,3311.0,6444.0,3675.0,3675.0,2320.0,991.0,1800.0,852.0
1.0,9569.0,2651.0,3294.0,7523.0,0.0,0.0,2305.0,989.0,1769.0,882.0
1.0,14441.0,3350.0,3290.0,3675.0,0.0,0.0,2300.0,990.0,2313.0,1037.0
1.0,14766.0,4048.0,3306.0,0.0,2506.0,2506.0,2312.0,994.0,2888.0,1160.0
1.0,10718.0,4034.0,3325.0,0.0,6616.0,6616.0,2328.0,997.0,2911.0,1123.0
1.0,6684.0,3288.0,3330.0,2506.0,7418.0,7418.0,2334.0,996.0,2333.0,955.0
1.0,5902.0,2563.0,3317.0,6616.0,3313.0,3313.0,2324.0,993.0,1738.0,825.0
1.0,9955.0,2582.0,3298.0,7418.0,0.0,0.0,2308.0,990.0,1720.0,862.0
1.0,14791.0,3414.0,3294.0,3313.0,0.0,0.0,2303.0,991.0,2360.0,1054.0
1.0,14690.0,4153.0,3309.0,0.0,2699.0,2699.0,2314.0,995.0,2965.0,1188.0
1.0,10537.0,4085.0,3329.0,0.0,6864.0,6864.0,2331.0,998.0,2948.0,1137.0
1.0,6452.0,3242.0,3336.0,2699.0,7435.0,7435.0,2338.0,998.0,2298.0,944.0
1.0,5909.0,2477.0,3321.0,6864.0,2988.0,2988.0,2327.0,994.0,1674.0,803.0
1.0,10296.0,2538.0,3301.0,7435.0,0.0,0.0,2310.0,991.0,1688.0,850.0
1.0,15193.0,3410.0,3297.0,2988.0,0.0,0.0,2305.0,992.0,2358.0,1052.0
1.0,14771.0,4238.0,3312.0,0.0,2715.0,2715.0,2316.0,996.0,3027.0,1211.0
1.0,10533.0,4222.0,3335.0,0.0,7029.0,7029.0,2335.0,1000.0,3044.0,1178.0
1.0,6311.0,3284.0,3343.0,2715.0,7630.0,7630.0,2343.0,1000.0,2327.0,957.0
1.0,5742.0,2386.0,3328.0,7029.0,2927.0,2927.0,2332.0,996.0,1610.0,776.0
1.0,10385.0,2494.0,3307.0,7630.0,0.0,0.0,2314.0,993.0,1656.0,838.0
1.0,15521.0,3534.0,3301.0,2927.0,0.0,0.0,2308.0,993.0,2445.0,1089.0
1.0,14914.0,4333.0,3317.0,0.0,2687.0,2687.0,2320.0,997.0,3094.0,1239.0
1.0,10581.0,4150.0,3341.0,0.0,6933.0,6933.0,2339.0,1002.0,2993.0,1157.0
1.0,6431.0,3200.0,3350.0,2687.0,7482.0,7482.0,2348.0,1002.0,2269.0,931.0
1.0,5918.0,2398.0,3338.0,6933.0,2899.0,2899.0,2339.0,999.0,1617.0,781.0
1.0,10453.0,2562.0,3317.0,7482.0,0.0,0.0,2321.0,996.0,1704.0,858.0
1.0,15373.0,3503.0,3308.0,2899.0,0.0,0.0,2313.0,995.0,2424.0,1079.0
1.0,14769.0,4256.0,3322.0,0.0,2775.0,2775.0,2323.0,999.0,3042.0,1214.0
1.0,10513.0,4032.0,3345.0,0.0,6899.0,6899.0,2342.0,1003.0,2913.0,1119.0
1.0,6481.0,3057.0,3353.0,2775.0,7213.0,7213.0,2350.0,1003.0,2168.0,889.0
1.0,6199.0,2378.0,3337.0,6899.0,2628.0,2628.0,2338.0,999.0,1602.0,776.0
1.0,10720.0,2611.0,3314.0,7213.0,0.0,0.0,2319.0,995.0,1737.0,874.0
1.0,15322.0,3665.0,3309.0,2628.0,0.0,0.0,2313.0,996.0,2536.0,1129.0
1.0,14285.0,4388.0,3328.0,0.0,3415.0,3415.0,2327.0,1001.0,3134.0,1254.0
1.0,9897.0,4033.0,3353.0,0.0,7548.0,7548.0,2348.0,1005.0,2916.0,1117.0
1.0,5864.0,3009.0,3360.0,3415.0,7170.0,7170.0,2355.0,1005.0,2135.0,874.0
1.0,6270.0,2356.0,3345.0,7548.0,1918.0,1918.0,2344.0,1001.0,1586.0,770.0
1.0,11462.0,2665.0,3321.0,7170.0,0.0,0.0,2324.0,997.0,1772.0,893.0
1.0,15967.0,3636.0,3313.0,1918.0,0.0,0.0,2316.0,997.0,2516.0,1120.0
1.0,14249.0,4300.0,3330.0,0.0,3371.0,3371.0,2329.0,1001.0,3074.0,1226.0
1.0,9949.0,4042.0,3356.0,0.0,7517.0,7517.0,2350.0,1006.0,2921.0,1121.0
1.0,5907.0,3130.0,3368.0,3371.0,7324.0,7324.0,2360.0,1008.0,2220.0,910.0
1.0,6148.0,2450.0,3351.0,7517.0,2189.0,2189.0,2348.0,1003.0,1652.0,798.0
1.0,11215.0,2725.0,3325.0,7324.0,0.0,0.0,2327.0,998.0,1814.0,911.0
1.0,15814.0,3645.0,3316.0,2189.0,0.0,0.0,2318.0,998.0,2521.0,1124.0
1.0,14358.0,4265.0,3333.0,0.0,3239.0,3239.0,2331.0,1002.0,3050.0,1215.0
1.0,10093.0,3967.0,3361.0,0.0,7318.0,7318.0,2353.0,1008.0,2872.0,1095.0
1.0,6126.0,3091.0,3370.0,3239.0,7206.0,7206.0,2362.0,1008.0,2194.0,897.0
1.0,6274.0,2483.0,3354.0,7318.0,2307.0,2307.0,2350.0,1004.0,1672.0,811.0
1.0,11109.0,2814.0,3331.0,7206.0,0.0,0.0,2331.0,1000.0,1876.0,938.0
1.0,15501.0,3782.0,3326.0,2307.0,0.0,0.0,2325.0,1001.0,2618.0,1164.0
1.0,14026.0,4379.0,3345.0,0.0,3733.0,3733.0,2339.0,1006.0,3131.0,1248.0
1.0,9647.0,4024.0,3372.0,0.0,7865.0,7865.0,2361.0,1011.0,2910.0,1114.0
1.0,5623.0,2995.0,3379.0,3733.0,7155.0,7155.0,2368.0,1011.0,2124.0,871.0
1.0,6361.0,2398.0,3360.0,7865.0,1612.0,1612.0,2354.0,1006.0,1614.0,784.0
1.0,11828.0,2782.0,3335.0,7155.0,0.0,0.0,2334.0,1001.0,1855.0,927.0
1.0,16201.0,3829.0,3331.0,1612.0,0.0,0.0,2329.0,1002.0,2652.0,1177.0
1.0,13984.0,4509.0,3355.0,0.0,3945.0,3945.0,2346.0,1009.0,3220.0,1289.0
1.0,9475.0,4039.0,3383.0,0.0,8096.0,8096.0,2369.0,1014.0,2919.0,1120.0
1.0,5436.0,2945.0,3390.0,3945.0,7124.0,7124.0,2376.0,1014.0,2089.0,856.0
1.0,6436.0,2289.0,3369.0,8096.0,1233.0,1233.0,2360.0,1009.0,1538.0,751.0
1.0,12243.0,2758.0,3342.0,7124.0,0.0,0.0,2339.0,1003.0,1840.0,918.0
1.0,16609.0,3934.0,3339.0,1233.0,0.0,0.0,2334.0,1005.0,2726.0,1208.0
1.0,13908.0,4635.0,3366.0,0.0,4191.0,4191.0,2354.0,1012.0,3307.0,1328.0
1.0,9273.0,4074.0,3396.0,0.0,8385.0,8385.0,2378.0,1018.0,2943.0,1131.0
1.0,5199.0,2772.0,3402.0,4191.0,6990.0,6990.0,2384.0,1018.0,1969.0,803.0
1.0,6618.0,2081.0,3375.0,8385.0,578.0,578.0,2365.0,1010.0,1395.0,686.0
1.0,12922.0,2675.0,3345.0,6990.0,0.0,0.0,2341.0,1004.0,1782.0,893.0
1.0,17237.0,4013.0,3341.0,578.0,0.0,0.0,2336.0,1005.0,2780.0,1233.0
1.0,13802.0,4744.0,3369.0,0.0,4418.0,4418.0,2356.0,1013.0,3382.0,1362.0
1.0,9058.0,4040.0,3401.0,0.0,8586.0,8586.0,2381.0,1020.0,2917.0,1123.0
1.0,5018.0,2688.0,3405.0,4418.0,6872.0,6872.0,2386.0,1019.0,1909.0,779.0
1.0,6748.0,1976.0,3375.0,8586.0,142.0,142.0,2365.0,1010.0,1323.0,653.0
1.0,13358.0,2713.0,3344.0,6872.0,0.0,0.0,2340.0,1004.0,1811.0,902.0
1.0,17517.0,4137.0,3344.0,142.0,0.0,0.0,2338.0,1006.0,2869.0,1268.0
1.0,13522.0,4741.0,3373.0,0.0,4711.0,4711.0,2359.0,1014.0,3379.0,1362.0
1.0,8781.0,3970.0,3403.0,0.0,8801.0,8801.0,2383.0,1020.0,2866.0,1104.0
1.0,4811.0,2572.0,3403.0,4711.0,6662.0,6662.0,2385.0,1018.0,1827.0,745.0
1.0,6950.0,1985.0,3374.0,8801.0,0.0,0.0,2364.0,1010.0,1330.0,655.0
1.0,13766.0,2797.0,3347.0,6662.0,0.0,0.0,2342.0,1005.0,1869.0,928.0
1.0,17631.0,4207.0,3350.0,0.0,0.0,0.0,2342.0,1008.0,2918.0,1289.0
1.0,13424.0,4782.0,3383.0,0.0,4890.0,4890.0,2366.0,1017.0,3408.0,1374.0
1.0,8642.0,3958.0,3414.0,0.0,8972.0,8972.0,2390.0,1024.0,2858.0,1100.0
1.0,4684.0,2547.0,3412.0,4890.0,6621.0,6621.0,2391.0,1021.0,1811.0,736.0
1.0,7027.0,1912.0,3378.0,8972.0,0.0,0.0,2367.0,1011.0,1278.0,634.0
1.0,14087.0,2697.0,3345.0,6621.0,0.0,0.0,2341.0,1004.0,1799.0,898.0
1.0,18011.0,4169.0,3349.0,0.0,0.0,0.0,2341.0,1008.0,2891.0,1278.0
1.0,13842.0,4818.0,3383.0,0.0,4508.0,4508.0,2366.0,1017.0,3434.0,1384.0
1.0,9024.0,4038.0,3416.0,0.0,8678.0,8678.0,2392.0,1024.0,2915.0,1123.0
1.0,4986.0,2589.0,3414.0,4508.0,6751.0,6751.0,2393.0,1021.0,1838.0,751.0
1.0,6905.0,1904.0,3381.0,8678.0,0.0,0.0,2369.0,1012.0,1270.0,634.0
1.0,13679.0,2714.0,3351.0,6751.0,0.0,0.0,2345.0,1006.0,1812.0,902.0
1.0,17716.0,4192.0,3353.0,0.0,0.0,0.0,2344.0,1009.0,2909.0,1283.0
1.0,13524.0,4851.0,3386.0,0.0,4871.0,4871.0,2368.0,1018.0,3458.0,1393.0
1.0,8673.0,4048.0,3418.0,0.0,9047.0,9047.0,2393.0,1025.0,2921.0,1127.0
1.0,4625.0,2534.0,3413.0,4871.0,6690.0,6690.0,2392.0,1021.0,1799.0,735.0
1.0,6962.0,1892.0,3380.0,9047.0,0.0,0.0,2368.0,1012.0,1262.0,630.0
1.0,14117.0,2711.0,3350.0,6690.0,0.0,0.0,2344.0,1006.0,1810.0,901.0
1.0,18096.0,4233.0,3355.0,0.0,0.0,0.0,2345.0,1010.0,2936.0,1297.0
1.0,13863.0,4872.0,3389.0,0.0,4565.0,4565.0,2370.0,1019.0,3474.0,1398.0
1.0,8991.0,4032.0,3419.0,0.0,8717.0,8717.0,2394.0,1025.0,2910.0,1122.0
1.0,4959.0,2508.0,3413.0,4565.0,6636.0,6636.0,2392.0,1021.0,1781.0,727.0
1.0,7016.0,1933.0,3378.0,8717.0,0.0,0.0,2367.0,1011.0,1291.0,642.0
1.0,13800.0,2816.0,3348.0,6636.0,0.0,0.0,2343.0,1005.0,1884.0,932.0
1.0,17620.0,4289.0,3353.0,0.0,81.0,81.0,2344.0,1009.0,2977.0,1312.0
1.0,13331.0,4840.0,3388.0,0.0,5061.0,5061.0,2369.0,1019.0,3450.0,1390.0
1.0,8491.0,3932.0,3418.0,81.0,9032.0,9032.0,2393.0,1025.0,2840.0,1092.0
1.0,4640.0,2516.0,3413.0,5061.0,6467.0,6467.0,2392.0,1021.0,1787.0,729.0
1.0,7185.0,1977.0,3377.0,9032.0,0.0,0.0,2366.0,1011.0,1322.0,655.0
1.0,14240.0,2907.0,3347.0,6467.0,0.0,0.0,2342.0,1005.0,1947.0,960.0
1.0,17800.0,4380.0,3353.0,0.0,0.0,0.0,2344.0,1009.0,3038.0,1342.0
1.0,13420.0,4882.0,3390.0,0.0,5022.0,5022.0,2371.0,1019.0,3477.0,1405.0
1.0,8538.0,3908.0,3421.0,0.0,9054.0,9054.0,2395.0,1026.0,2823.0,1085.0
1.0,4630.0,2437.0,3415.0,5022.0,6445.0,6445.0,2393.0,1022.0,1734.0,703.0
1.0,7215.0,1956.0,3377.0,9054.0,0.0,0.0,2366.0,1011.0,1310.0,646.0
1.0,14313.0,2951.0,3344.0,6445.0,0.0,0.0,2340.0,1004.0,1981.0,970.0
1.0,17807.0,4406.0,3351.0,0.0,3.0,3.0,2343.0,1008.0,3056.0,1350.0
1.0,13401.0,4892.0,3392.0,0.0,5059.0,5059.0,2372.0,1020.0,3483.0,1409.0
1.0,8509.0,3885.0,3426.0,3.0,9077.0,9077.0,2399.0,1027.0,2806.0,1079.0
1.0,4627.0,2403.0,3421.0,5059.0,6401.0,6401.0,2397.0,1024.0,1707.0,696.0
1.0,7283.0,1884.0,3380.0,9077.0,0.0,0.0,2368.0,1012.0,1260.0,624.0
1.0,14476.0,2915.0,3345.0,6401.0,0.0,0.0,2341.0,1004.0,1954.0,961.0
1.0,17962.0,4427.0,3353.0,0.0,0.0,0.0,2344.0,1009.0,3072.0,1355.0
1.0,13535.0,4902.0,3395.0,0.0,4947.0,4947.0,2374.0,1021.0,3491.0,1411.0
1.0,8633.0,3881.0,3432.0,0.0,8976.0,8976.0,2403.0,1029.0,2804.0,1077.0
1.0,4752.0,2318.0,3424.0,4947.0,6315.0,6315.0,2400.0,1024.0,1649.0,669.0
1.0,7381.0,1788.0,3379.0,8976.0,0.0,0.0,2367.0,1012.0,1191.0,597.0
1.0,14569.0,2914.0,3344.0,6315.0,0.0,0.0,2340.0,1004.0,1954.0,960.0
1.0,17970.0,4530.0,3354.0,0.0,0.0,0.0,2345.0,1009.0,3144.0,1386.0
1.0,13440.0,5000.0,3401.0,0.0,5164.0,5164.0,2378.0,1023.0,3559.0,1441.0
1.0,8440.0,3864.0,3438.0,0.0,9176.0,9176.0,2407.0,1031.0,2791.0,1073.0
1.0,4576.0,2191.0,3426.0,5164.0,6155.0,6155.0,2401.0,1025.0,1561.0,630.0
1.0,7549.0,1724.0,3378.0,9176.0,0.0,0.0,2367.0,1011.0,1148.0,576.0
1.0,15001.0,2887.0,3341.0,6155.0,0.0,0.0,2338.0,1003.0,1935.0,952.0
1.0,18269.0,4602.0,3354.0,0.0,0.0,0.0,2345.0,1009.0,3194.0,1408.0
1.0,13667.0,5106.0,3403.0,0.0,5051.0,5051.0,2380.0,1023.0,3634.0,1472.0
1.0,8561.0,3938.0,3442.0,0.0,9145.0,9145.0,2410.0,1032.0,2842.0,1096.0
1.0,4623.0,2215.0,3433.0,5051.0,6273.0,6273.0,2406.0,1027.0,1577.0,638.0
1.0,7459.0,1669.0,3384.0,9145.0,0.0,0.0,2371.0,1013.0,1109.0,560.0
1.0,14935.0,2836.0,3347.0,6273.0,0.0,0.0,2342.0,1005.0,1899.0,937.0
1.0,18372.0,4569.0,3357.0,0.0,0.0,0.0,2347.0,1010.0,3171.0,1398.0
1.0,13803.0,5153.0,3406.0,0.0,4974.0,4974.0,2382.0,1024.0,3667.0,1486.0
1.0,8650.0,3984.0,3446.0,0.0,9118.0,9118.0,2413.0,1033.0,2874.0,1110.0
1.0,4666.0,2260.0,3437.0,4974.0,6368.0,6368.0,2409.0,1028.0,1607.0,653.0
1.0,7380.0,1659.0,3389.0,9118.0,0.0,0.0,2374.0,1015.0,1101.0,558.0
1.0,14839.0,2795.0,3350.0,6368.0,0.0,0.0,2344.0,1006.0,1871.0,924.0
1.0,18412.0,4592.0,3360.0,0.0,0.0,0.0,2349.0,1011.0,3190.0,1402.0
1.0,13820.0,5202.0,3411.0,0.0,5026.0,5026.0,2385.0,1026.0,3701.0,1501.0
1.0,8618.0,4004.0,3452.0,0.0,9194.0,9194.0,2417.0,1035.0,2887.0,1117.0
1.0,4614.0,2267.0,3443.0,5026.0,6399.0,6399.0,2413.0,1030.0,1613.0,654.0
1.0,7373.0,1699.0,3394.0,9194.0,0.0,0.0,2378.0,1016.0,1132.0,567.0
1.0,14868.0,2866.0,3355.0,6399.0,0.0,0.0,2348.0,1007.0,1921.0,945.0
1.0,18401.0,4570.0,3366.0,0.0,0.0,0.0,2353.0,1013.0,3171.0,1399.0
1.0,13831.0,5101.0,3416.0,0.0,4934.0,4934.0,2389.0,1027.0,3628.0,1473.0
1.0,8730.0,3995.0,3455.0,0.0,9085.0,9085.0,2419.0,1036.0,2883.0,1112.0
1.0,4735.0,2337.0,3446.0,4934.0,6452.0,6452.0,2415.0,1031.0,1662.0,675.0
1.0,7332.0,1796.0,3398.0,9085.0,0.0,0.0,2381.0,1017.0,1198.0,598.0
1.0,14621.0,2914.0,3361.0,6452.0,0.0,0.0,2352.0,1009.0,1956.0,958.0
1.0,18159.0,4555.0,3373.0,0.0,0.0,0.0,2358.0,1015.0,3162.0,1393.0
1.0,13604.0,5025.0,3422.0,0.0,5109.0,5109.0,2393.0,1029.0,3576.0,1449.0
1.0,8579.0,3998.0,3461.0,0.0,9263.0,9263.0,2423.0,1038.0,2883.0,1115.0
1.0,4581.0,2409.0,3451.0,5109.0,6523.0,6523.0,2418.0,1033.0,1712.0,697.0
1.0,7281.0,1812.0,3401.0,9263.0,0.0,0.0,2383.0,1018.0,1208.0,604.0
1.0,14732.0,2837.0,3362.0,6523.0,0.0,0.0,2353.0,1009.0,1900.0,937.0
1.0,18418.0,4458.0,3373.0,0.0,0.0,0.0,2358.0,1015.0,3096.0,1362.0
1.0,13960.0,5126.0,3425.0,0.0,4866.0,4866.0,2395.0,1030.0,3648.0,1478.0
1.0,8834.0,4183.0,3468.0,0.0,9221.0,9221.0,2428.0,1040.0,3014.0,1169.0
1.0,4651.0,2513.0,3459.0,4866.0,6832.0,6832.0,2424.0,1035.0,1785.0,728.0
1.0,7004.0,1777.0,3408.0,9221.0,0.0,0.0,2388.0,1020.0,1185.0,592.0
1.0,14448.0,2735.0,3367.0,6832.0,0.0,0.0,2356.0,1011.0,1827.0,908.0
1.0,18545.0,4385.0,3376.0,0.0,0.0,0.0,2360.0,1016.0,3042.0,1343.0
1.0,14160.0,5039.0,3427.0,0.0,4587.0,4587.0,2397.0,1030.0,3586.0,1453.0
1.0,9121.0,4058.0,3469.0,0.0,8813.0,8813.0,2429.0,1040.0,2928.0,1130.0
1.0,5063.0,2475.0,3460.0,4587.0,6665.0,6665.0,2425.0,1035.0,1761.0,714.0
1.0,7175.0,1814.0,3410.0,8813.0,0.0,0.0,2389.0,1021.0,1211.0,603.0
1.0,14174.0,2756.0,3369.0,6665.0,0.0,0.0,2358.0,1011.0,1843.0,913.0
1.0,18083.0,4399.0,3379.0,0.0,0.0,0.0,2362.0,1017.0,3052.0,1347.0
1.0,13684.0,5050.0,3432.0,0.0,5094.0,5094.0,2400.0,1032.0,3592.0,1458.0
1.0,8634.0,4115.0,3476.0,0.0,9385.0,9385.0,2434.0,1042.0,2967.0,1148.0
1.0,4519.0,2480.0,3468.0,5094.0,6739.0,6739.0,2430.0,1038.0,1764.0,716.0
1.0,7133.0,1795.0,3415.0,9385.0,0.0,0.0,2393.0,1022.0,1199.0,596.0
1.0,14723.0,2706.0,3371.0,6739.0,0.0,0.0,2359.0,1012.0,1809.0,897.0
1.0,18756.0,4354.0,3380.0,0.0,0.0,0.0,2363.0,1017.0,3017.0,1337.0
1.0,14402.0,5008.0,3435.0,0.0,4346.0,4346.0,2402.0,1033.0,3561.0,1447.0
1.0,9394.0,4036.0,3479.0,0.0,8558.0,8558.0,2436.0,1043.0,2911.0,1125.0
1.0,5358.0,2506.0,3472.0,4346.0,6690.0,6690.0,2433.0,1039.0,1783.0,723.0
1.0,7198.0,1924.0,3420.0,8558.0,0.0,0.0,2396.0,1024.0,1290.0,634.0
1.0,13832.0,2805.0,3376.0,6690.0,0.0,0.0,2362.0,1014.0,1878.0,927.0
1.0,17717.0,4311.0,3383.0,0.0,126.0,126.0,2365.0,1018.0,2989.0,1322.0
1.0,13406.0,4996.0,3436.0,0.0,5334.0,5334.0,2403.0,1033.0,3556.0,1440.0
1.0,8410.0,4112.0,3484.0,126.0,9512.0,9512.0,2439.0,1045.0,2966.0,1146.0
1.0,4424.0,2538.0,3478.0,5334.0,6692.0,6692.0,2437.0,1041.0,1804.0,734.0
1.0,7220.0,1882.0,3426.0,9512.0,0.0,0.0,2400.0,1026.0,1257.0,625.0
1.0,14850.0,2824.0,3381.0,6692.0,0.0,0.0,2366.0,1015.0,1890.0,934.0
1.0,18718.0,4345.0,3388.0,0.0,0.0,0.0,2369.0,1019.0,3015.0,1330.0
1.0,14373.0,4980.0,3440.0,0.0,4367.0,4367.0,2406.0,1034.0,3547.0,1433.0
1.0,9393.0,4038.0,3486.0,0.0,8589.0,8589.0,2441.0,1045.0,2911.0,1127.0
1.0,5355.0,2433.0,3479.0,4367.0,6627.0,6627.0,2438.0,1041.0,1729.0,704.0
1.0,7289.0,1781.0,3426.0,8589.0,0.0,0.0,2400.0,1026.0,1187.0,594.0
1.0,14097.0,2771.0,3378.0,6627.0,0.0,0.0,2364.0,1014.0,1854.0,917.0
1.0,17953.0,4460.0,3387.0,0.0,55.0,55.0,2368.0,1019.0,3094.0,1366.0
1.0,13493.0,5173.0,3443.0,0.0,5452.0,5452.0,2408.0,1035.0,3679.0,1494.0
1.0,8320.0,4184.0,3491.0,55.0,9773.0,9773.0,2444.0,1047.0,3016.0,1168.0
1.0,4191.0,2463.0,3483.0,5452.0,6752.0,6752.0,2441.0,1042.0,1753.0,710.0
1.0,7180.0,1793.0,3430.0,9773.0,0.0,0.0,2403.0,1027.0,1196.0,597.0
1.0,15160.0,2730.0,3384.0,6752.0,0.0,0.0,2368.0,1016.0,1823.0,907.0
1.0,19182.0,4475.0,3394.0,0.0,0.0,0.0,2373.0,1021.0,3105.0,1370.0
1.0,14707.0,5293.0,3450.0,0.0,4386.0,4386.0,2413.0,1037.0,3764.0,1529.0
1.0,9414.0,4342.0,3499.0,0.0,8924.0,8924.0,2450.0,1049.0,3127.0,1215.0
1.0,5072.0,2495.0,3492.0,4386.0,7005.0,7005.0,2447.0,1045.0,1775.0,720.0
1.0,6963.0,1630.0,3435.0,8924.0,0.0,0.0,2407.0,1028.0,1082.0,548.0
1.0,14257.0,2609.0,3388.0,7005.0,0.0,0.0,2371.0,1017.0,1737.0,872.0
1.0,18653.0,4452.0,3397.0,0.0,0.0,0.0,2375.0,1022.0,3086.0,1366.0
1.0,14201.0,5360.0,3455.0,0.0,4979.0,4979.0,2416.0,1039.0,3812.0,1548.0
1.0,8841.0,4441.0,3505.0,0.0,9620.0,9620.0,2454.0,1051.0,3199.0,1242.0
1.0,4400.0,2612.0,3500.0,4979.0,7233.0,7233.0,2453.0,1047.0,1860.0,752.0
1.0,6767.0,1611.0,3446.0,9620.0,0.0,0.0,2414.0,1032.0,1069.0,542.0
1.0,14776.0,2457.0,3394.0,7233.0,0.0,0.0,2375.0,1019.0,1628.0,829.0
1.0,19552.0,4330.0,3397.0,0.0,0.0,0.0,2375.0,1022.0,2998.0,1332.0
1.0,15222.0,5371.0,3452.0,0.0,3957.0,3957.0,2414.0,1038.0,3820.0,1551.0
1.0,9851.0,4579.0,3506.0,0.0,8752.0,8752.0,2455.0,1051.0,3297.0,1282.0
1.0,5272.0,2611.0,3503.0,3957.0,7394.0,7394.0,2455.0,1048.0,1861.0,750.0
1.0,6618.0,1499.0,3448.0,8752.0,0.0,0.0,2416.0,1032.0,992.0,507.0
1.0,13871.0,2402.0,3398.0,7394.0,0.0,0.0,2378.0,1020.0,1589.0,813.0
1.0,18863.0,4387.0,3404.0,0.0,0.0,0.0,2380.0,1024.0,3034.0,1353.0
1.0,14476.0,5407.0,3460.0,0.0,4771.0,4771.0,2420.0,1040.0,3843.0,1564.0
1.0,9069.0,4515.0,3512.0,0.0,9494.0,9494.0,2459.0,1053.0,3254.0,1261.0
1.0,4554.0,2591.0,3509.0,4771.0,7302.0,7302.0,2459.0,1050.0,1850.0,741.0
1.0,6734.0,1485.0,3453.0,9494.0,0.0,0.0,2419.0,1034.0,981.0,504.0
1.0,14743.0,2372.0,3401.0,7302.0,0.0,0.0,2380.0,1021.0,1567.0,805.0
1.0,19673.0,4347.0,3406.0,0.0,0.0,0.0,2381.0,1025.0,3008.0,1339.0
1.0,15326.0,5435.0,3462.0,0.0,3957.0,3957.0,2421.0,1041.0,3861.0,1574.0
1.0,9891.0,4514.0,3515.0,0.0,8683.0,8683.0,2461.0,1054.0,3251.0,1263.0
1.0,5377.0,2552.0,3512.0,3957.0,7266.0,7266.0,2461.0,1051.0,1822.0,730.0
1.0,6782.0,1528.0,3458.0,8683.0,0.0,0.0,2423.0,1035.0,1014.0,514.0
1.0,13937.0,2481.0,3409.0,7266.0,0.0,0.0,2386.0,1023.0,1645.0,836.0
1.0,18722.0,4398.0,3416.0,0.0,0.0,0.0,2388.0,1028.0,3041.0,1357.0
1.0,14324.0,5407.0,3472.0,0.0,4971.0,4971.0,2428.0,1044.0,3839.0,1568.0
1.0,8917.0,4528.0,3522.0,0.0,9699.0,9699.0,2466.0,1056.0,3262.0,1266.0
1.0,4389.0,2564.0,3517.0,4971.0,7272.0,7272.0,2465.0,1052.0,1834.0,730.0
1.0,6796.0,1522.0,3464.0,9699.0,0.0,0.0,2427.0,1037.0,1009.0,513.0
1.0,14973.0,2468.0,3415.0,7272.0,0.0,0.0,2390.0,1025.0,1633.0,835.0
1.0,19777.0,4392.0,3420.0,0.0,0.0,0.0,2391.0,1029.0,3036.0,1356.0
1.0,15385.0,5394.0,3475.0,0.0,3909.0,3909.0,2430.0,1045.0,3833.0,1561.0
1.0,9991.0,4476.0,3525.0,0.0,8585.0,8585.0,2468.0,1057.0,3229.0,1247.0
1.0,5515.0,2561.0,3520.0,3909.0,7217.0,7217.0,2467.0,1053.0,1831.0,730.0
1.0,6863.0,1564.0,3467.0,8585.0,0.0,0.0,2429.0,1038.0,1036.0,528.0
1.0,13884.0,2457.0,3418.0,7217.0,0.0,0.0,2392.0,1026.0,1623.0,834.0
1.0,18644.0,4390.0,3425.0,0.0,0.0,0.0,2394.0,1031.0,3036.0,1354.0
1.0,14254.0,5468.0,3483.0,0.0,5146.0,5146.0,2436.0,1047.0,3887.0,1581.0
1.0,8786.0,4572.0,3537.0,0.0,9934.0,9934.0,2476.0,1061.0,3295.0,1277.0
1.0,4214.0,2578.0,3533.0,5146.0,7350.0,7350.0,2476.0,1057.0,1841.0,737.0
1.0,6782.0,1523.0,3477.0,9934.0,0.0,0.0,2436.0,1041.0,1009.0,514.0
1.0,15193.0,2412.0,3424.0,7350.0,0.0,0.0,2396.0,1028.0,1595.0,817.0
1.0,20131.0,4412.0,3428.0,0.0,0.0,0.0,2397.0,1031.0,3052.0,1360.0
1.0,15719.0,5524.0,3487.0,0.0,3753.0,3753.0,2438.0,1049.0,3922.0,1602.0
1.0,10195.0,4652.0,3542.0,0.0,8625.0,8625.0,2480.0,1062.0,3349.0,1303.0
1.0,5543.0,2529.0,3538.0,3753.0,7385.0,7385.0,2479.0,1059.0,1808.0,721.0
1.0,6767.0,1395.0,3478.0,8625.0,0.0,0.0,2437.0,1041.0,920.0,475.0
1.0,13997.0,2331.0,3422.0,7385.0,0.0,0.0,2395.0,1027.0,1540.0,791.0
1.0,19051.0,4465.0,3424.0,0.0,0.0,0.0,2394.0,1030.0,3087.0,1378.0
1.0,14586.0,5677.0,3485.0,0.0,5031.0,5031.0,2437.0,1048.0,4028.0,1649.0
1.0,8909.0,4727.0,3545.0,0.0,9998.0,9998.0,2482.0,1063.0,3401.0,1326.0
1.0,4182.0,2592.0,3545.0,5031.0,7559.0,7559.0,2484.0,1061.0,1851.0,741.0
1.0,6621.0,1344.0,3485.0,9998.0,0.0,0.0,2442.0,1043.0,885.0,459.0
1.0,15275.0,2232.0,3425.0,7559.0,0.0,0.0,2397.0,1028.0,1470.0,762.0
1.0,20602.0,4434.0,3424.0,0.0,0.0,0.0,2394.0,1030.0,3067.0,1367.0
1.0,16168.0,5711.0,3484.0,0.0,3479.0,3479.0,2436.0,1048.0,4053.0,1658.0
1.0,10457.0,4808.0,3545.0,0.0,8531.0,8531.0,2482.0,1063.0,3459.0,1349.0
1.0,5649.0,2595.0,3549.0,3479.0,7663.0,7663.0,2487.0,1062.0,1856.0,739.0
1.0,6533.0,1328.0,3491.0,8531.0,228.0,228.0,2446.0,1045.0,873.0,455.0
1.0,13736.0,2233.0,3430.0,7663.0,0.0,0.0,2400.0,1030.0,1467.0,766.0
1.0,19166.0,4394.0,3427.0,228.0,0.0,0.0,2396.0,1031.0,3039.0,1355.0
1.0,15000.0,5662.0,3485.0,0.0,4602.0,4602.0,2437.0,1048.0,4021.0,1641.0
1.0,9338.0,4786.0,3548.0,0.0,9640.0,9640.0,2484.0,1064.0,3446.0,1340.0
1.0,4552.0,2653.0,3553.0,4602.0,7711.0,7711.0,2490.0,1063.0,1895.0,758.0
1.0,6501.0,1411.0,3496.0,9640.0,0.0,0.0,2450.0,1046.0,928.0,483.0
1.0,14730.0,2286.0,3436.0,7711.0,0.0,0.0,2405.0,1031.0,1504.0,782.0
1.0,20155.0,4381.0,3433.0,0.0,0.0,0.0,2400.0,1033.0,3030.0,1351.0
1.0,15774.0,5622.0,3492.0,0.0,3816.0,3816.0,2442.0,1050.0,3993.0,1629.0
1.0,10152.0,4740.0,3554.0,0.0,8804.0,8804.0,2488.0,1066.0,3413.0,1327.0
1.0,5412.0,2607.0,3559.0,3816.0,7615.0,7615.0,2494.0,1065.0,1862.0,745.0
1.0,6621.0,1384.0,3502.0,8804.0,0.0,0.0,2454.0,1048.0,912.0,472.0
1.0,14041.0,2297.0,3442.0,7615.0,0.0,0.0,2409.0,1033.0,1512.0,785.0
1.0,19359.0,4387.0,3439.0,0.0,0.0,0.0,2404.0,1035.0,3032.0,1355.0
1.0,14972.0,5658.0,3499.0,0.0,4682.0,4682.0,2447.0,1052.0,4017.0,1641.0
1.0,9314.0,4811.0,3562.0,0.0,9745.0,9745.0,2494.0,1068.0,3463.0,1348.0
1.0,4503.0,2637.0,3565.0,4682.0,7712.0,7712.0,2498.0,1067.0,1885.0,752.0
1.0,6548.0,1344.0,3506.0,9745.0,0.0,0.0,2457.0,1049.0,886.0,458.0
1.0,14949.0,2250.0,3445.0,7712.0,0.0,0.0,2411.0,1034.0,1482.0,768.0
1.0,20411.0,4395.0,3443.0,0.0,0.0,0.0,2407.0,1036.0,3037.0,1358.0
1.0,16016.0,5620.0,3502.0,0.0,3612.0,3612.0,2449.0,1053.0,3986.0,1634.0
1.0,10396.0,4798.0,3565.0,0.0,8662.0,8662.0,2496.0,1069.0,3451.0,1347.0
1.0,5598.0,2708.0,3569.0,3612.0,7774.0,7774.0,2501.0,1068.0,1936.0,772.0
1.0,6502.0,1423.0,3512.0,8662.0,307.0,307.0,2461.0,1051.0,942.0,481.0
1.0,13741.0,2151.0,3450.0,7774.0,0.0,0.0,2415.0,1035.0,1414.0,737.0
1.0,19364.0,4270.0,3446.0,307.0,0.0,0.0,2409.0,1037.0,2950.0,1320.0
1.0,15401.0,5672.0,3505.0,0.0,4291.0,4291.0,2451.0,1054.0,4024.0,1648.0
1.0,9729.0,4914.0,3570.0,0.0,9465.0,9465.0,2499.0,1071.0,3532.0,1382.0
1.0,4815.0,2716.0,3575.0,4291.0,7910.0,7910.0,2505.0,1070.0,1940.0,776.0
1.0,6390.0,1319.0,3516.0,9465.0,0.0,0.0,2464.0,1052.0,868.0,451.0
1.0,14536.0,2108.0,3452.0,7910.0,0.0,0.0,2416.0,1036.0,1383.0,725.0
1.0,20338.0,4294.0,3446.0,0.0,0.0,0.0,2409.0,1037.0,2967.0,1327.0
1.0,16044.0,5657.0,3505.0,0.0,3633.0,3633.0,2451.0,1054.0,4014.0,1643.0
1.0,10387.0,4908.0,3571.0,0.0,8805.0,8805.0,2500.0,1071.0,3528.0,1380.0
1.0,5479.0,2809.0,3578.0,3633.0,8009.0,8009.0,2507.0,1071.0,2006.0,803.0
1.0,6303.0,1361.0,3519.0,8805.0,329.0,329.0,2466.0,1053.0,899.0,462.0
1.0,13747.0,2120.0,3454.0,8009.0,0.0,0.0,2417.0,1037.0,1392.0,728.0
1.0,19636.0,4292.0,3447.0,329.0,0.0,0.0,2410.0,1037.0,2966.0,1326.0
1.0,15673.0,5750.0,3509.0,0.0,4113.0,4113.0,2454.0,1055.0,4078.0,1672.0
1.0,9923.0,4982.0,3578.0,0.0,9371.0,9371.0,2505.0,1073.0,3579.0,1403.0
1.0,4941.0,2785.0,3586.0,4113.0,8075.0,8075.0,2513.0,1073.0,1986.0,799.0
1.0,6269.0,1416.0,3528.0,9371.0,0.0,0.0,2472.0,1056.0,937.0,479.0
1.0,14224.0,2138.0,3460.0,8075.0,0.0,0.0,2422.0,1038.0,1406.0,732.0
1.0,20161.0,4266.0,3451.0,0.0,0.0,0.0,2413.0,1038.0,2950.0,1316.0
1.0,15895.0,5644.0,3509.0,0.0,3785.0,3785.0,2454.0,1055.0,4005.0,1639.0
1.0,10251.0,4912.0,3578.0,0.0,8973.0,8973.0,2505.0,1073.0,3530.0,1382.0
1.0,5339.0,2872.0,3590.0,3785.0,8108.0,8108.0,2516.0,1074.0,2046.0,826.0
1.0,6252.0,1544.0,3535.0,8973.0,459.0,459.0,2477.0,1058.0,1026.0,518.0
1.0,13681.0,2196.0,3468.0,8108.0,0.0,0.0,2427.0,1041.0,1447.0,749.0
1.0,19593.0,4233.0,3457.0,459.0,0.0,0.0,2417.0,1040.0,2929.0,1304.0
1.0,15819.0,5585.0,3514.0,0.0,3822.0,3822.0,2457.0,1057.0,3963.0,1622.0
1.0,10234.0,4858.0,3582.0,0.0,8952.0,8952.0,2508.0,1074.0,3488.0,1370.0
1.0,5376.0,2840.0,3593.0,3822.0,8014.0,8014.0,2518.0,1075.0,2023.0,817.0
1.0,6358.0,1508.0,3538.0,8952.0,350.0,350.0,2479.0,1059.0,1003.0,505.0
1.0,13802.0,2191.0,3472.0,8014.0,0.0,0.0,2430.0,1042.0,1447.0,744.0
1.0,19625.0,4246.0,3461.0,350.0,0.0,0.0,2420.0,1041.0,2935.0,1311.0
1.0,15729.0,5533.0,3517.0,0.0,3872.0,3872.0,2459.0,1058.0,3925.0,1608.0
1.0,10196.0,4805.0,3581.0,0.0,8933.0,8933.0,2507.0,1074.0,3451.0,1354.0
1.0,5391.0,2822.0,3592.0,3872.0,7927.0,7927.0,2517.0,1075.0,2012.0,810.0
1.0,6441.0,1570.0,3538.0,8933.0,348.0,348.0,2479.0,1059.0,1045.0,525.0
1.0,13804.0,2270.0,3473.0,7927.0,0.0,0.0,2431.0,1042.0,1498.0,772.0
1.0,19461.0,4238.0,3464.0,348.0,0.0,0.0,2422.0,1042.0,2931.0,1307.0
1.0,15571.0,5453.0,3518.0,0.0,3954.0,3954.0,2460.0,1058.0,3872.0,1581.0
1.0,10118.0,4771.0,3584.0,0.0,8989.0,8989.0,2509.0,1075.0,3430.0,1341.0
1.0,5347.0,2845.0,3594.0,3954.0,7920.0,7920.0,2519.0,1075.0,2028.0,817.0
1.0,6456.0,1597.0,3541.0,8989.0,316.0,316.0,2481.0,1060.0,1064.0,533.0
1.0,13848.0,2343.0,3476.0,7920.0,0.0,0.0,2433.0,1043.0,1548.0,795.0
1.0,19425.0,4290.0,3467.0,316.0,0.0,0.0,2424.0,1043.0,2965.0,1325.0
1.0,15451.0,5440.0,3521.0,0.0,4073.0,4073.0,2462.0,1059.0,3862.0,1578.0
1.0,10011.0,4669.0,3584.0,0.0,8994.0,8994.0,2509.0,1075.0,3360.0,1309.0
1.0,5342.0,2752.0,3595.0,4073.0,7717.0,7717.0,2519.0,1076.0,1964.0,788.0
1.0,6663.0,1613.0,3541.0,8994.0,120.0,120.0,2481.0,1060.0,1075.0,538.0
1.0,14044.0,2435.0,3479.0,7717.0,0.0,0.0,2435.0,1044.0,1614.0,821.0
1.0,19326.0,4375.0,3471.0,120.0,0.0,0.0,2427.0,1044.0,3026.0,1349.0
1.0,15071.0,5548.0,3526.0,0.0,4581.0,4581.0,2466.0,1060.0,3936.0,1612.0
1.0,9523.0,4668.0,3588.0,0.0,9497.0,9497.0,2512.0,1076.0,3356.0,1312.0
1.0,4855.0,2658.0,3598.0,4581.0,7614.0,7614.0,2521.0,1077.0,1898.0,760.0
1.0,6778.0,1517.0,3545.0,9497.0,0.0,0.0,2484.0,1061.0,1011.0,506.0
1.0,14758.0,2435.0,3483.0,7614.0,0.0,0.0,2438.0,1045.0,1617.0,818.0
1.0,19937.0,4477.0,3474.0,0.0,0.0,0.0,2429.0,1045.0,3097.0,1380.0
1.0,15460.0,5637.0,3531.0,0.0,4301.0,4301.0,2469.0,1062.0,3996.0,1641.0
1.0,9823.0,4697.0,3596.0,0.0,9258.0,9258.0,2517.0,1079.0,3375.0,1322.0
1.0,5126.0,2603.0,3605.0,4301.0,7596.0,7596.0,2526.0,1079.0,1859.0,744.0
1.0,6824.0,1464.0,3551.0,9258.0,0.0,0.0,2488.0,1063.0,973.0,491.0
1.0,14618.0,2350.0,3487.0,7596.0,0.0,0.0,2441.0,1046.0,1556.0,794.0
1.0,19864.0,4485.0,3479.0,0.0,0.0,0.0,2432.0,1047.0,3103.0,1382.0
1.0,15379.0,5732.0,3535.0,0.0,4493.0,4493.0,2472.0,1063.0,4066.0,1666.0
1.0,9647.0,4857.0,3603.0,0.0,9622.0,9622.0,2522.0,1081.0,3488.0,1369.0
1.0,4790.0,2651.0,3612.0,4493.0,7816.0,7816.0,2531.0,1081.0,1890.0,761.0
1.0,6632.0,1330.0,3555.0,9622.0,0.0,0.0,2491.0,1064.0,877.0,453.0
1.0,14924.0,2262.0,3489.0,7816.0,0.0,0.0,2442.0,1047.0,1495.0,767.0
1.0,20478.0,4489.0,3480.0,0.0,0.0,0.0,2433.0,1047.0,3109.0,1380.0
1.0,15989.0,5814.0,3538.0,0.0,3977.0,3977.0,2474.0,1064.0,4122.0,1692.0
1.0,10175.0,4939.0,3605.0,0.0,9184.0,9184.0,2524.0,1081.0,3543.0,1396.0
1.0,5236.0,2710.0,3616.0,3977.0,7961.0,7961.0,2534.0,1082.0,1932.0,778.0
1.0,6503.0,1343.0,3560.0,9184.0,0.0,0.0,2494.0,1066.0,889.0,454.0
1.0,14344.0,2247.0,3495.0,7961.0,0.0,0.0,2446.0,1049.0,1486.0,761.0
1.0,20058.0,4538.0,3487.0,0.0,0.0,0.0,2438.0,1049.0,3142.0,1396.0
1.0,15520.0,5891.0,3545.0,0.0,4551.0,4551.0,2479.0,1066.0,4176.0,1715.0
1.0,9629.0,4898.0,3610.0,0.0,9709.0,9709.0,2527.0,1083.0,3515.0,1383.0
1.0,4731.0,2541.0,3616.0,4551.0,7723.0,7723.0,2534.0,1082.0,1813.0,728.0
1.0,6741.0,1207.0,3558.0,9709.0,0.0,0.0,2493.0,1065.0,793.0,414.0
1.0,15243.0,2270.0,3495.0,7723.0,0.0,0.0,2446.0,1049.0,1503.0,767.0
1.0,20696.0,4560.0,3488.0,0.0,0.0,0.0,2439.0,1049.0,3158.0,1402.0
1.0,16136.0,5836.0,3546.0,0.0,3884.0,3884.0,2480.0,1066.0,4137.0,1699.0
1.0,10300.0,4910.0,3612.0,0.0,9058.0,9058.0,2529.0,1083.0,3521.0,1389.0
1.0,5390.0,2610.0,3620.0,3884.0,7816.0,7816.0,2536.0,1084.0,1860.0,750.0
1.0,6664.0,1282.0,3563.0,9058.0,0.0,0.0,2496.0,1067.0,846.0,436.0
1.0,14440.0,2280.0,3501.0,7816.0,0.0,0.0,2450.0,1051.0,1510.0,770.0
1.0,19976.0,4588.0,3497.0,0.0,0.0,0.0,2445.0,1052.0,3178.0,1410.0
1.0,15388.0,5894.0,3555.0,0.0,4726.0,4726.0,2486.0,1069.0,4179.0,1715.0
1.0,9494.0,4836.0,3618.0,0.0,9814.0,9814.0,2533.0,1085.0,3472.0,1364.0
1.0,4658.0,2485.0,3622.0,4726.0,7589.0,7589.0,2538.0,1084.0,1773.0,712.0
1.0,6899.0,1260.0,3565.0,9814.0,0.0,0.0,2498.0,1067.0,827.0,433.0
1.0,15453.0,2369.0,3506.0,7589.0,0.0,0.0,2454.0,1052.0,1571.0,798.0
1.0,20673.0,4665.0,3504.0,0.0,0.0,0.0,2450.0,1054.0,3233.0,1432.0
1.0,16008.0,5860.0,3562.0,0.0,4100.0,4100.0,2491.0,1071.0,4158.0,1702.0
1.0,10148.0,4782.0,3623.0,0.0,9126.0,9126.0,2536.0,1087.0,3433.0,1349.0
1.0,5366.0,2491.0,3626.0,4100.0,7529.0,7529.0,2541.0,1085.0,1773.0,718.0
1.0,6975.0,1219.0,3567.0,9126.0,0.0,0.0,2499.0,1068.0,797.0,422.0
1.0,14882.0,2332.0,3507.0,7529.0,0.0,0.0,2454.0,1053.0,1548.0,784.0
1.0,20079.0,4751.0,3508.0,0.0,0.0,0.0,2453.0,1055.0,3297.0,1454.0
1.0,15328.0,5986.0,3571.0,0.0,4942.0,4942.0,2497.0,1074.0,4246.0,1740.0
1.0,9342.0,4842.0,3633.0,0.0,10032.0,10032.0,2543.0,1090.0,3475.0,1367.0
1.0,4500.0,2400.0,3632.0,4942.0,7486.0,7486.0,2545.0,1087.0,1710.0,690.0
1.0,7042.0,1186.0,3571.0,10032.0,0.0,0.0,2502.0,1069.0,773.0,413.0
1.0,15888.0,2335.0,3509.0,7486.0,0.0,0.0,2456.0,1053.0,1549.0,786.0
1.0,21039.0,4697.0,3510.0,0.0,0.0,0.0,2454.0,1056.0,3258.0,1439.0
1.0,16342.0,5934.0,3572.0,0.0,3880.0,3880.0,2498.0,1074.0,4209.0,1725.0
1.0,10408.0,4740.0,3634.0,0.0,8868.0,8868.0,2544.0,1090.0,3403.0,1337.0
1.0,5668.0,2433.0,3635.0,3880.0,7425.0,7425.0,2547.0,1088.0,1734.0,699.0
1.0,7115.0,1319.0,3574.0,8868.0,0.0,0.0,2504.0,1070.0,870.0,449.0
1.0,14664.0,2513.0,3514.0,7425.0,0.0,0.0,2459.0,1055.0,1672.0,841.0
1.0,19576.0,4831.0,3517.0,0.0,0.0,0.0,2459.0,1058.0,3349.0,1482.0
1.0,14745.0,5942.0,3581.0,0.0,5521.0,5521.0,2504.0,1077.0,4212.0,1730.0
1.0,8803.0,4684.0,3643.0,0.0,10453.0,10453.0,2550.0,1093.0,3365.0,1319.0
1.0,4119.0,2330.0,3642.0,5521.0,7258.0,7258.0,2552.0,1090.0,1666.0,664.0
1.0,7310.0,1276.0,3581.0,10453.0,0.0,0.0,2509.0,1072.0,842.0,434.0
1.0,16487.0,2584.0,3519.0,7258.0,0.0,0.0,2463.0,1056.0,1721.0,863.0
1.0,21161.0,4931.0,3521.0,0.0,0.0,0.0,2462.0,1059.0,3415.0,1516.0
1.0,16230.0,5954.0,3585.0,0.0,4064.0,4064.0,2507.0,1078.0,4220.0,1734.0
1.0,10276.0,4692.0,3650.0,0.0,9016.0,9016.0,2555.0,1095.0,3373.0,1319.0
1.0,5584.0,2367.0,3652.0,4064.0,7327.0,7327.0,2559.0,1093.0,1693.0,674.0
1.0,7281.0,1307.0,3590.0,9016.0,0.0,0.0,2515.0,1075.0,861.0,446.0
1.0,14990.0,2507.0,3526.0,7327.0,0.0,0.0,2468.0,1058.0,1665.0,842.0
1.0,19810.0,4830.0,3524.0,0.0,0.0,0.0,2464.0,1060.0,3345.0,1485.0
1.0,14980.0,5950.0,3586.0,0.0,5314.0,5314.0,2508.0,1078.0,4220.0,1730.0
1.0,9030.0,4712.0,3651.0,0.0,10286.0,10286.0,2556.0,1095.0,3389.0,1323.0
1.0,4318.0,2386.0,3655.0,5314.0,7374.0,7374.0,2561.0,1094.0,1707.0,679.0
1.0,7246.0,1320.0,3592.0,10286.0,0.0,0.0,2517.0,1075.0,870.0,450.0
1.0,16212.0,2533.0,3528.0,7374.0,0.0,0.0,2469.0,1059.0,1682.0,851.0
1.0,21053.0,4871.0,3527.0,0.0,0.0,0.0,2466.0,1061.0,3371.0,1500.0
1.0,16182.0,6030.0,3595.0,0.0,4228.0,4228.0,2514.0,1081.0,4273.0,1757.0
1.0,10152.0,4783.0,3663.0,0.0,9283.0,9283.0,2564.0,1099.0,3440.0,1343.0
1.0,5369.0,2359.0,3665.0,4228.0,7422.0,7422.0,2568.0,1097.0,1691.0,668.0
1.0,7238.0,1322.0,3602.0,9283.0,0.0,0.0,2524.0,1078.0,874.0,448.0
1.0,15199.0,2613.0,3541.0,7422.0,0.0,0.0,2478.0,1063.0,1736.0,877.0
1.0,20008.0,4892.0,3540.0,0.0,0.0,0.0,2475.0,1065.0,3383.0,1509.0
1.0,15116.0,5893.0,3604.0,0.0,5193.0,5193.0,2520.0,1084.0,4178.0,1715.0
1.0,9223.0,4638.0,3668.0,0.0,10087.0,10087.0,2568.0,1100.0,3342.0,1296.0
1.0,4585.0,2376.0,3670.0,5193.0,7278.0,7278.0,2572.0,1098.0,1703.0,673.0
1.0,7402.0,1369.0,3608.0,10087.0,0.0,0.0,2528.0,1080.0,904.0,465.0
1.0,16120.0,2627.0,3545.0,7278.0,0.0,0.0,2481.0,1064.0,1745.0,882.0
1.0,20771.0,4912.0,3547.0,0.0,0.0,0.0,2480.0,1067.0,3398.0,1514.0
1.0,15859.0,5906.0,3612.0,0.0,4495.0,4495.0,2526.0,1086.0,4189.0,1717.0
1.0,9953.0,4620.0,3677.0,0.0,9375.0,9375.0,2574.0,1103.0,3329.0,1291.0
1.0,5333.0,2314.0,3676.0,4495.0,7190.0,7190.0,2576.0,1100.0,1660.0,654.0
1.0,7514.0,1332.0,3612.0,9375.0,0.0,0.0,2531.0,1081.0,876.0,456.0
1.0,15557.0,2626.0,3549.0,7190.0,0.0,0.0,2484.0,1065.0,1743.0,883.0
1.0,20121.0,4903.0,3552.0,0.0,0.0,0.0,2483.0,1069.0,3393.0,1510.0
1.0,15218.0,5829.0,3616.0,0.0,5075.0,5075.0,2529.0,1087.0,4136.0,1693.0
1.0,9389.0,4503.0,3679.0,0.0,9830.0,9830.0,2576.0,1103.0,3248.0,1255.0
1.0,4886.0,2320.0,3679.0,5075.0,7075.0,7075.0,2578.0,1101.0,1661.0,659.0
1.0,7641.0,1497.0,3617.0,9830.0,0.0,0.0,2534.0,1083.0,990.0,507.0
1.0,15974.0,2780.0,3555.0,7075.0,0.0,0.0,2488.0,1067.0,1852.0,928.0
1.0,20269.0,4923.0,3556.0,0.0,0.0,0.0,2486.0,1070.0,3410.0,1513.0
1.0,15346.0,5770.0,3621.0,0.0,4908.0,4908.0,2532.0,1089.0,4095.0,1675.0
1.0,9576.0,4433.0,3684.0,0.0,9593.0,9593.0,2579.0,1105.0,3195.0,1238.0
1.0,5143.0,2243.0,3682.0,4908.0,6920.0,6920.0,2580.0,1102.0,1606.0,637.0
1.0,7808.0,1467.0,3620.0,9593.0,0.0,0.0,2536.0,1084.0,972.0,495.0
1.0,15934.0,2865.0,3561.0,6920.0,0.0,0.0,2492.0,1069.0,1913.0,952.0
1.0,19989.0,5012.0,3566.0,0.0,0.0,0.0,2493.0,1073.0,3473.0,1539.0
1.0,14977.0,5760.0,3630.0,0.0,5303.0,5303.0,2539.0,1091.0,4088.0,1672.0
1.0,9217.0,4445.0,3690.0,0.0,9988.0,9988.0,2583.0,1107.0,3201.0,1244.0
1.0,4772.0,2322.0,3686.0,5303.0,6991.0,6991.0,2583.0,1103.0,1660.0,662.0
1.0,7753.0,1453.0,3621.0,9988.0,0.0,0.0,2537.0,1084.0,964.0,489.0
1.0,16288.0,2800.0,3561.0,6991.0,0.0,0.0,2492.0,1069.0,1871.0,929.0
1.0,20479.0,5020.0,3567.0,0.0,0.0,0.0,2494.0,1073.0,3479.0,1541.0
1.0,15459.0,5882.0,3636.0,0.0,4967.0,4967.0,2543.0,1093.0,4170.0,1712.0
1.0,9577.0,4495.0,3698.0,0.0,9710.0,9710.0,2589.0,1109.0,3234.0,1261.0
1.0,5082.0,2277.0,3692.0,4967.0,6996.0,6996.0,2587.0,1105.0,1629.0,648.0
1.0,7772.0,1412.0,3624.0,9710.0,0.0,0.0,2539.0,1085.0,936.0,476.0
1.0,16070.0,2791.0,3563.0,6996.0,0.0,0.0,2494.0,1069.0,1867.0,924.0
1.0,20275.0,5025.0,3570.0,0.0,0.0,0.0,2496.0,1074.0,3483.0,1542.0
1.0,15250.0,5915.0,3638.0,0.0,5217.0,5217.0,2544.0,1094.0,4194.0,1721.0
1.0,9335.0,4554.0,3700.0,0.0,10019.0,10019.0,2590.0,1110.0,3273.0,1281.0
1.0,4781.0,2269.0,3696.0,5217.0,7055.0,7055.0,2590.0,1106.0,1621.0,648.0
1.0,7729.0,1413.0,3630.0,10019.0,0.0,0.0,2543.0,1087.0,938.0,475.0
1.0,16335.0,2756.0,3569.0,7055.0,0.0,0.0,2498.0,1071.0,1845.0,911.0
1.0,20634.0,5008.0,3574.0,0.0,0.0,0.0,2499.0,1075.0,3470.0,1538.0
1.0,15626.0,5905.0,3642.0,0.0,4847.0,4847.0,2547.0,1095.0,4183.0,1722.0
1.0,9721.0,4489.0,3703.0,0.0,9580.0,9580.0,2592.0,1111.0,3226.0,1263.0
1.0,5232.0,2225.0,3697.0,4847.0,6934.0,6934.0,2590.0,1107.0,1593.0,632.0
1.0,7854.0,1356.0,3629.0,9580.0,0.0,0.0,2543.0,1086.0,900.0,456.0
1.0,16078.0,2760.0,3566.0,6934.0,0.0,0.0,2496.0,1070.0,1850.0,910.0
1.0,20252.0,5064.0,3572.0,0.0,0.0,0.0,2498.0,1074.0,3509.0,1555.0
1.0,15188.0,5972.0,3641.0,0.0,5348.0,5348.0,2546.0,1095.0,4228.0,1744.0
1.0,9216.0,4527.0,3703.0,0.0,10123.0,10123.0,2592.0,1111.0,3254.0,1273.0
1.0,4689.0,2199.0,3695.0,5348.0,6942.0,6942.0,2589.0,1106.0,1577.0,622.0
1.0,7838.0,1323.0,3626.0,10123.0,0.0,0.0,2541.0,1085.0,876.0,447.0
1.0,16638.0,2737.0,3566.0,6942.0,0.0,0.0,2496.0,1070.0,1828.0,909.0
1.0,20843.0,5093.0,3574.0,0.0,0.0,0.0,2499.0,1075.0,3528.0,1565.0
1.0,15750.0,5932.0,3642.0,0.0,4750.0,4750.0,2547.0,1095.0,4202.0,1730.0
1.0,9818.0,4475.0,3703.0,0.0,9469.0,9469.0,2592.0,1111.0,3219.0,1256.0
1.0,5343.0,2243.0,3695.0,4750.0,6930.0,6930.0,2589.0,1106.0,1608.0,635.0
1.0,7850.0,1394.0,3628.0,9469.0,0.0,0.0,2542.0,1086.0,927.0,467.0
1.0,15925.0,2741.0,3566.0,6930.0,0.0,0.0,2496.0,1070.0,1832.0,909.0
1.0,20114.0,4932.0,3573.0,0.0,0.0,0.0,2498.0,1075.0,3413.0,1519.0
1.0,15182.0,5832.0,3641.0,0.0,5214.0,5214.0,2546.0,1095.0,4131.0,1701.0
1.0,9350.0,4501.0,3701.0,0.0,9955.0,9955.0,2591.0,1110.0,3237.0,1264.0
1.0,4849.0,2270.0,3695.0,5214.0,6987.0,6987.0,2589.0,1106.0,1627.0,643.0
1.0,7793.0,1417.0,3628.0,9955.0,0.0,0.0,2542.0,1086.0,945.0,472.0
1.0,16331.0,2757.0,3569.0,6987.0,0.0,0.0,2498.0,1071.0,1845.0,912.0
1.0,20561.0,4977.0,3577.0,0.0,0.0,0.0,2501.0,1076.0,3447.0,1530.0
1.0,15584.0,5878.0,3646.0,0.0,4878.0,4878.0,2550.0,1096.0,4160.0,1718.0
1.0,9706.0,4615.0,3706.0,0.0,9733.0,9733.0,2594.0,1112.0,3314.0,1301.0
1.0,5091.0,2374.0,3698.0,4878.0,7197.0,7197.0,2591.0,1107.0,1700.0,674.0
1.0,7595.0,1327.0,3629.0,9733.0,0.0,0.0,2543.0,1086.0,882.0,445.0
1.0,16001.0,2586.0,3568.0,7197.0,0.0,0.0,2497.0,1071.0,1726.0,860.0
1.0,20612.0,4879.0,3577.0,0.0,0.0,0.0,2501.0,1076.0,3378.0,1501.0
1.0,15733.0,5957.0,3648.0,0.0,4816.0,4816.0,2551.0,1097.0,4218.0,1739.0
1.0,9776.0,4723.0,3710.0,0.0,9787.0,9787.0,2597.0,1113.0,3391.0,1332.0
1.0,5053.0,2416.0,3702.0,4816.0,7355.0,7355.0,2594.0,1108.0,1728.0,688.0
1.0,7453.0,1377.0,3632.0,9787.0,0.0,0.0,2545.0,1087.0,914.0,463.0
1.0,15863.0,2612.0,3572.0,7355.0,0.0,0.0,2500.0,1072.0,1743.0,869.0
1.0,20606.0,4887.0,3580.0,0.0,0.0,0.0,2503.0,1077.0,3384.0,1503.0
1.0,15719.0,5955.0,3649.0,0.0,4832.0,4832.0,2552.0,1097.0,4218.0,1737.0
1.0,9764.0,4714.0,3712.0,0.0,9798.0,9798.0,2599.0,1113.0,3387.0,1327.0
1.0,5050.0,2394.0,3705.0,4832.0,7332.0,7332.0,2596.0,1109.0,1712.0,682.0
1.0,7488.0,1336.0,3634.0,9798.0,0.0,0.0,2546.0,1088.0,884.0,452.0
1.0,15950.0,2589.0,3570.0,7332.0,0.0,0.0,2499.0,1071.0,1725.0,864.0
1.0,20693.0,4946.0,3579.0,0.0,0.0,0.0,2503.0,1076.0,3427.0,1519.0
1.0,15747.0,6067.0,3652.0,0.0,4928.0,4928.0,2554.0,1098.0,4296.0,1771.0
1.0,9680.0,4782.0,3717.0,0.0,9970.0,9970.0,2602.0,1115.0,3433.0,1349.0
1.0,4898.0,2391.0,3709.0,4928.0,7401.0,7401.0,2599.0,1110.0,1710.0,681.0
1.0,7435.0,1286.0,3637.0,9970.0,0.0,0.0,2548.0,1089.0,851.0,435.0
1.0,16119.0,2558.0,4853.824273206226,7401.0,0.0,0.0,3384.0791954233864,1469.7450777828394,1705.0,853.0
1.0,20962.0,4955.0,5947.952531894081,0.0,7785.0,7785.0,4249.2440041305035,1698.708527763578,3432.0,1523.0
1.0,16007.0,6048.0,4758.40287789363,0.0,9074.0,9074.0,3433.3261424236507,1325.0767354699797,4284.0,1764.0
1.0,9959.0,4784.0,2355.333995785856,7785.0,0.0,0.0,1675.0676947927814,680.2663009930748,3436.0,1348.0
1.0,12960.0,2414.0,1280.5502697224554,9074.0,0.0,0.0,851.177426444692,429.3728432777634,1725.0,689.0
1.0,19620.0,1329.0,2562.09543775583,0.0,0.0,0.0,1693.9501967798692,868.1452409759607,878.0,451.0
1.0,18291.0,2531.0,4842.705927338547,0.0,3611.0,3611.0,3374.602254161235,1468.1036731773117,1684.0,847.0
1.0,15760.0,4859.0,5969.723797915765,0.0,12978.0,12978.0,4265.624009725965,1704.0997881898006,3366.0,1493.0
1.0,10901.0,5989.0,4803.032326343614,3611.0,10689.0,10689.0,3465.632563841797,1337.3997625018171,4246.0,1743.0
1.0,8523.0,4812.0,2376.8693564632476,12978.0,0.0,0.0,1690.3815716104114,686.4877848528363,3457.0,1355.0
1.0,16689.0,2513.0,1280.501130824956,10689.0,0.0,0.0,851.3382636259,429.16286719905577,1792.0,721.0
1.0,24865.0,1351.0,2516.81012864488,0.0,0.0,0.0,1660.9970524302926,855.8130762145872,890.0,461.0
1.0,23514.0,2519.0,4801.948214401409,0.0,0.0,0.0,3344.486737222969,1457.4614771784402,1675.0,844.0
1.0,20995.0,4899.0,5986.233311971071,0.0,7849.0,7849.0,4277.077995040237,1709.155316930834,3399.0,1500.0
1.0,16096.0,6050.0,4832.357697414462,0.0,9283.0,9283.0,3487.539600184291,1344.8180972301711,4290.0,1760.0
1.0,10046.0,4821.0,2387.7869569866834,7849.0,0.0,0.0,1700.1476904119017,687.6392665747817,3460.0,1361.0
1.0,13074.0,2482.0,1273.5224693157638,9283.0,0.0,0.0,846.2502814279687,427.272187887795,1769.0,713.0
1.0,19875.0,1320.0,2512.9825762332284,0.0,0.0,0.0,1658.7361733326143,854.2464029006142,870.0,450.0
1.0,18555.0,2482.0,4830.754927019702,0.0,3250.0,3250.0,3364.44291978361,1466.3120072360928,1653.0,829.0
1.0,16073.0,4799.0,6013.821116896906,0.0,12781.0,12781.0,4295.790380777969,1718.0307361189361,3329.0,1470.0
1.0,11274.0,6013.0,4875.67249507836,3250.0,10992.0,10992.0,3517.836360219862,1357.836134858498,4263.0,1750.0
1.0,8511.0,4902.0,2414.3371976778812,12781.0,0.0,0.0,1718.9029366072646,695.4342610706166,3514.0,1388.0
1.0,16390.0,2510.0,1258.1328309746812,10992.0,0.0,0.0,833.9800594698054,424.1527715048758,1786.0,724.0
1.0,24872.0,1265.0,2475.2061432750675,0.0,0.0,0.0,1633.406446256059,841.7996970190084,833.0,432.0
1.0,23607.0,2469.0,4812.4621516202005,0.0,0.0,0.0,3351.367628198631,1461.09452342157,1645.0,824.0
1.0,21138.0,4865.0,6039.563559360557,0.0,7886.0,7886.0,4313.728627116043,1725.8349322445135,3376.0,1489.0
1.0,16273.0,6084.0,4899.287489470579,0.0,9408.0,9408.0,3531.7049117085608,1367.5825777620182,4314.0,1770.0
1.0,10189.0,4893.0,2412.3745532546363,7886.0,0.0,0.0,1718.98375688913,693.3907963655062,3507.0,1386.0
1.0,13182.0,2506.0,1236.0275615870098,9408.0,0.0,0.0,819.4245355852483,416.60302600176146,1782.0,724.0
1.0,20084.0,1216.0,2465.4083961045626,0.0,0.0,0.0,1627.9802400157278,837.428156088835,797.0,419.0
1.0,18868.0,2372.0,4844.003956554659,0.0,2880.0,2880.0,3372.754795710158,1471.2491608445014,1578.0,794.0
1.0,16496.0,4866.0,6075.918460946218,0.0,12674.0,12674.0,4337.727912564529,1738.190548381689,3378.0,1488.0
1.0,11630.0,6124.0,4932.377741116734,2880.0,11343.0,11343.0,3554.18162659848,1378.196114518254,4341.0,1783.0
1.0,8386.0,4929.0,2430.6389662983634,12674.0,0.0,0.0,1731.3912367514363,699.2477295469271,3534.0,1395.0
1.0,16131.0,2529.0,1217.3767767690197,11343.0,0.0,0.0,805.5300348410406,411.8467419279792,1798.0,731.0
1.0,24945.0,1376.0,2436.703589927024,0.0,0.0,0.0,1608.2613364834078,828.4422534436163,907.0,469.0
1.0,23569.0,2510.0,4824.599915806352,0.0,0.0,0.0,3361.1582099979623,1463.4417058083902,1673.0,837.0
1.0,21059.0,4811.0,6070.748398193574,0.0,8035.0,8035.0,4334.541376123256,1736.207022070318,3341.0,1470.0
1.0,16248.0,5978.0,4921.725826305097,0.0,9417.0,9417.0,3546.432921820916,1375.2929044841808,4242.0,1736.0
1.0,10270.0,4928.0,2433.597498672658,8035.0,0.0,0.0,1733.3386761575653,700.2588225150924,3532.0,1396.0
1.0,13377.0,2556.0,1233.3535072614532,9417.0,0.0,0.0,817.4747262006754,415.87878106077767,1817.0,739.0
1.0,20238.0,1355.0,2445.9292093171225,0.0,0.0,0.0,1615.2458638046028,830.6833455125195,891.0,464.0
1.0,18883.0,2520.0,4825.400523749009,0.0,2938.0,2938.0,3359.7892461778915,1465.6112775711176,1680.0,840.0
1.0,16363.0,4875.0,6080.275770897064,0.0,12833.0,12833.0,4341.73389917979,1738.5418717172747,3387.0,1488.0
1.0,11488.0,6072.0,4931.558822001092,2938.0,11373.0,11373.0,3554.91238334187,1376.646438659222,4307.0,1765.0
1.0,8354.0,4889.0,2409.7223151367457,12833.0,0.0,0.0,1717.0980975990597,692.624217537686,3504.0,1385.0
1.0,16298.0,2534.0,1229.3243014340544,11373.0,0.0,0.0,813.9192765046032,415.4050249294512,1800.0,734.0
1.0,25137.0,1324.0,2456.831576530406,0.0,0.0,0.0,1623.4539427091127,833.3776338212933,871.0,453.0
1.0,23813.0,2510.0,4857.29530793913,0.0,0.0,0.0,3382.5281851234863,1474.7671228156432,1675.0,835.0
1.0,21303.0,4958.0,6090.655907749178,0.0,8018.0,8018.0,4347.958989001505,1742.696918747673,3444.0,1514.0
2.0,0.0,1616.0,1616.0,0.0,6464.0,6464.0,1132.0,484.0,1132.0,484.0
2.0,0.0,1436.0,1526.0,0.0,6104.0,6104.0,1068.0,458.0,1004.0,432.0
2.0,0.0,1444.0,1498.0,6464.0,4024.0,4024.0,1049.0,449.0,1012.0,432.0
2.0,1968.0,1400.0,1474.0,6104.0,0.0,0.0,1032.0,442.0,980.0,420.0
2.0,6672.0,0.0,1180.0,4024.0,0.0,0.0,826.0,354.0,0.0,0.0
2.0,10696.0,0.0,983.0,0.0,0.0,0.0,688.0,295.0,0.0,0.0
2.0,10696.0,0.0,843.0,0.0,0.0,0.0,590.0,253.0,0.0,0.0
2.0,10696.0,0.0,737.0,0.0,0.0,0.0,516.0,221.0,0.0,0.0
2.0,10696.0,0.0,655.0,0.0,0.0,0.0,459.0,196.0,0.0,0.0
2.0,10696.0,0.0,590.0,0.0,0.0,0.0,413.0,177.0,0.0,0.0
2.0,10696.0,0.0,536.0,0.0,0.0,0.0,375.0,161.0,0.0,0.0
2.0,10696.0,0.0,491.0,0.0,0.0,0.0,344.0,147.0,0.0,0.0
2.0,10696.0,11.0,454.0,0.0,0.0,0.0,318.0,136.0,8.0,3.0
2.0,10685.0,369.0,448.0,0.0,0.0,0.0,314.0,134.0,260.0,109.0
2.0,10316.0,718.0,466.0,0.0,0.0,0.0,326.0,140.0,501.0,217.0
2.0,9598.0,738.0,483.0,0.0,0.0,0.0,338.0,145.0,516.0,222.0
2.0,8860.0,438.0,480.0,0.0,0.0,0.0,336.0,144.0,307.0,131.0
2.0,8422.0,26.0,456.0,0.0,0.0,0.0,319.0,137.0,18.0,8.0
2.0,8396.0,0.0,431.0,0.0,0.0,0.0,302.0,129.0,0.0,0.0
2.0,8396.0,277.0,424.0,0.0,0.0,0.0,297.0,127.0,193.0,84.0
2.0,8119.0,652.0,434.0,0.0,0.0,0.0,304.0,130.0,457.0,195.0
2.0,7467.0,691.0,446.0,0.0,0.0,0.0,312.0,134.0,484.0,207.0
2.0,6776.0,362.0,443.0,0.0,0.0,0.0,310.0,133.0,255.0,107.0
2.0,6414.0,49.0,426.0,0.0,0.0,0.0,298.0,128.0,34.0,15.0
2.0,6365.0,0.0,409.0,0.0,0.0,0.0,286.0,123.0,0.0,0.0
2.0,6365.0,264.0,403.0,0.0,0.0,0.0,282.0,121.0,184.0,80.0
2.0,6101.0,627.0,412.0,0.0,0.0,0.0,288.0,124.0,438.0,189.0
2.0,5474.0,675.0,421.0,0.0,0.0,0.0,295.0,126.0,471.0,204.0
2.0,4799.0,399.0,420.0,0.0,0.0,0.0,294.0,126.0,279.0,120.0
2.0,4400.0,62.0,409.0,0.0,0.0,0.0,286.0,123.0,45.0,17.0
2.0,4338.0,2.0,396.0,0.0,0.0,0.0,277.0,119.0,2.0,0.0
2.0,4336.0,284.0,391.0,0.0,0.0,0.0,274.0,117.0,202.0,82.0
2.0,4052.0,587.0,398.0,0.0,0.0,0.0,279.0,119.0,412.0,175.0
2.0,3465.0,667.0,406.0,0.0,0.0,0.0,284.0,122.0,465.0,202.0
2.0,2798.0,376.0,404.0,0.0,0.0,0.0,283.0,121.0,259.0,117.0
2.0,2422.0,90.0,396.0,0.0,0.0,0.0,277.0,119.0,62.0,28.0
2.0,2332.0,41.0,387.0,0.0,0.0,0.0,271.0,116.0,32.0,9.0
2.0,2291.0,266.0,383.0,0.0,0.0,0.0,268.0,115.0,189.0,77.0
2.0,2025.0,586.0,388.0,0.0,113.0,113.0,272.0,116.0,410.0,176.0
2.0,1439.0,684.0,396.0,0.0,829.0,829.0,277.0,119.0,477.0,207.0
2.0,755.0,509.0,399.0,113.0,1237.0,1237.0,279.0,120.0,356.0,153.0
2.0,359.0,122.0,393.0,829.0,506.0,506.0,275.0,118.0,86.0,36.0
2.0,1066.0,0.0,383.0,1237.0,0.0,0.0,268.0,115.0,0.0,0.0
2.0,2303.0,190.0,379.0,506.0,0.0,0.0,265.0,114.0,134.0,56.0
2.0,2619.0,526.0,381.0,0.0,0.0,0.0,267.0,114.0,369.0,157.0
2.0,2093.0,743.0,390.0,0.0,210.0,210.0,273.0,117.0,521.0,222.0
2.0,1350.0,566.0,394.0,0.0,792.0,792.0,276.0,118.0,396.0,170.0
2.0,784.0,119.0,387.0,210.0,673.0,673.0,271.0,116.0,81.0,38.0
2.0,875.0,0.0,380.0,792.0,0.0,0.0,266.0,114.0,0.0,0.0
2.0,1667.0,124.0,374.0,673.0,0.0,0.0,262.0,112.0,87.0,37.0
2.0,2216.0,462.0,377.0,0.0,0.0,0.0,264.0,113.0,324.0,138.0
2.0,1754.0,668.0,383.0,0.0,446.0,446.0,268.0,115.0,468.0,200.0
2.0,1086.0,508.0,361.0,0.0,866.0,866.0,253.0,108.0,356.0,152.0
2.0,578.0,238.0,337.0,446.0,562.0,562.0,236.0,101.0,165.0,73.0
2.0,786.0,124.0,313.0,866.0,0.0,0.0,219.0,94.0,86.0,38.0
2.0,1528.0,255.0,290.0,562.0,0.0,0.0,203.0,87.0,179.0,76.0
2.0,1835.0,494.0,300.0,0.0,0.0,0.0,210.0,90.0,347.0,147.0
2.0,1341.0,658.0,313.0,0.0,569.0,569.0,219.0,94.0,460.0,198.0
2.0,683.0,519.0,323.0,0.0,1128.0,1128.0,226.0,97.0,363.0,156.0
2.0,164.0,272.0,327.0,569.0,847.0,847.0,229.0,98.0,192.0,80.0
2.0,461.0,197.0,331.0,1128.0,0.0,0.0,232.0,99.0,138.0,59.0
2.0,1392.0,256.0,337.0,847.0,0.0,0.0,236.0,101.0,178.0,78.0
2.0,1983.0,449.0,345.0,0.0,0.0,0.0,242.0,103.0,313.0,136.0
2.0,1534.0,567.0,356.0,0.0,457.0,457.0,249.0,107.0,397.0,170.0
2.0,967.0,472.0,364.0,0.0,961.0,961.0,255.0,109.0,332.0,140.0
2.0,495.0,286.0,363.0,457.0,786.0,786.0,254.0,109.0,203.0,83.0
2.0,666.0,140.0,353.0,961.0,0.0,0.0,247.0,106.0,98.0,42.0
2.0,1487.0,249.0,343.0,786.0,0.0,0.0,240.0,103.0,173.0,76.0
2.0,2024.0,496.0,344.0,0.0,0.0,0.0,241.0,103.0,345.0,151.0
2.0,1528.0,608.0,355.0,0.0,500.0,500.0,249.0,106.0,426.0,182.0
2.0,920.0,503.0,364.0,0.0,1039.0,1039.0,255.0,109.0,355.0,148.0
2.0,417.0,346.0,366.0,500.0,893.0,893.0,256.0,110.0,243.0,103.0
2.0,571.0,226.0,358.0,1039.0,48.0,48.0,251.0,107.0,156.0,70.0
2.0,1384.0,271.0,350.0,893.0,0.0,0.0,245.0,105.0,188.0,83.0
2.0,2006.0,455.0,351.0,48.0,0.0,0.0,246.0,105.0,317.0,138.0
2.0,1599.0,587.0,362.0,0.0,436.0,436.0,253.0,109.0,412.0,175.0
2.0,1012.0,559.0,373.0,0.0,1039.0,1039.0,261.0,112.0,395.0,164.0
2.0,453.0,413.0,375.0,436.0,1024.0,1024.0,263.0,112.0,291.0,122.0
2.0,476.0,166.0,367.0,1039.0,119.0,119.0,257.0,110.0,113.0,53.0
2.0,1349.0,157.0,357.0,1024.0,0.0,0.0,250.0,107.0,106.0,51.0
2.0,2216.0,310.0,354.0,119.0,0.0,0.0,248.0,106.0,216.0,94.0
2.0,2025.0,477.0,363.0,0.0,0.0,0.0,254.0,109.0,336.0,141.0
2.0,1548.0,527.0,373.0,0.0,471.0,471.0,261.0,112.0,373.0,154.0
2.0,1021.0,452.0,376.0,0.0,935.0,935.0,263.0,113.0,318.0,134.0
2.0,569.0,313.0,371.0,471.0,757.0,757.0,260.0,111.0,215.0,98.0
2.0,727.0,254.0,363.0,935.0,44.0,44.0,254.0,109.0,173.0,81.0
2.0,1408.0,386.0,363.0,757.0,0.0,0.0,254.0,109.0,269.0,117.0
2.0,1779.0,478.0,371.0,44.0,139.0,139.0,260.0,111.0,337.0,141.0
2.0,1345.0,452.0,379.0,0.0,623.0,623.0,265.0,114.0,321.0,131.0
2.0,893.0,318.0,380.0,139.0,806.0,806.0,266.0,114.0,225.0,93.0
2.0,714.0,256.0,373.0,623.0,411.0,411.0,261.0,112.0,177.0,79.0
2.0,1081.0,346.0,367.0,806.0,0.0,0.0,257.0,110.0,239.0,107.0
2.0,1541.0,479.0,366.0,411.0,0.0,0.0,256.0,110.0,334.0,145.0
2.0,1473.0,569.0,374.0,0.0,592.0,592.0,262.0,112.0,399.0,170.0
2.0,904.0,473.0,384.0,0.0,1105.0,1105.0,269.0,115.0,334.0,139.0
2.0,431.0,294.0,386.0,592.0,815.0,815.0,270.0,116.0,208.0,86.0
2.0,729.0,296.0,381.0,1105.0,0.0,0.0,267.0,114.0,206.0,90.0
2.0,1538.0,409.0,375.0,815.0,0.0,0.0,262.0,113.0,283.0,126.0
2.0,1944.0,494.0,373.0,0.0,42.0,42.0,261.0,112.0,344.0,150.0
2.0,1450.0,469.0,380.0,0.0,539.0,539.0,266.0,114.0,328.0,141.0
2.0,981.0,412.0,388.0,42.0,941.0,941.0,272.0,116.0,291.0,121.0
2.0,611.0,344.0,393.0,539.0,766.0,766.0,275.0,118.0,242.0,102.0
2.0,806.0,390.0,391.0,941.0,207.0,207.0,274.0,117.0,274.0,116.0
2.0,1357.0,494.0,387.0,766.0,0.0,0.0,271.0,116.0,344.0,150.0
2.0,1629.0,521.0,388.0,207.0,237.0,237.0,272.0,116.0,364.0,157.0
2.0,1315.0,387.0,391.0,0.0,636.0,636.0,274.0,117.0,271.0,116.0
2.0,928.0,303.0,394.0,237.0,714.0,714.0,276.0,118.0,214.0,89.0
2.0,862.0,296.0,396.0,636.0,382.0,382.0,277.0,119.0,206.0,90.0
2.0,1202.0,384.0,393.0,714.0,40.0,40.0,275.0,118.0,266.0,118.0
2.0,1532.0,504.0,390.0,382.0,150.0,150.0,273.0,117.0,351.0,153.0
2.0,1410.0,569.0,391.0,40.0,683.0,683.0,274.0,117.0,402.0,167.0
2.0,881.0,540.0,396.0,150.0,1093.0,1093.0,277.0,119.0,381.0,159.0
2.0,491.0,482.0,401.0,683.0,912.0,912.0,281.0,120.0,338.0,144.0
2.0,692.0,454.0,406.0,1093.0,293.0,293.0,284.0,122.0,316.0,138.0
2.0,1331.0,402.0,404.0,912.0,0.0,0.0,283.0,121.0,279.0,123.0
2.0,1841.0,361.0,400.0,293.0,0.0,0.0,280.0,120.0,253.0,108.0
2.0,1773.0,428.0,400.0,0.0,255.0,255.0,280.0,120.0,301.0,127.0
2.0,1345.0,516.0,404.0,0.0,787.0,787.0,283.0,121.0,364.0,152.0
2.0,829.0,577.0,413.0,255.0,1145.0,1145.0,289.0,124.0,405.0,172.0
2.0,507.0,520.0,417.0,787.0,894.0,894.0,292.0,125.0,361.0,159.0
2.0,774.0,372.0,416.0,1145.0,117.0,117.0,291.0,125.0,256.0,116.0
2.0,1547.0,354.0,410.0,894.0,0.0,0.0,287.0,123.0,246.0,108.0
2.0,2087.0,365.0,407.0,117.0,0.0,0.0,285.0,122.0,258.0,107.0
2.0,1839.0,409.0,409.0,0.0,206.0,206.0,286.0,123.0,292.0,117.0
2.0,1430.0,417.0,413.0,0.0,639.0,639.0,289.0,124.0,295.0,122.0
2.0,1013.0,405.0,416.0,206.0,850.0,850.0,291.0,125.0,281.0,124.0
2.0,814.0,426.0,414.0,639.0,629.0,629.0,290.0,124.0,291.0,135.0
2.0,1027.0,483.0,413.0,850.0,258.0,258.0,289.0,124.0,335.0,148.0
2.0,1394.0,476.0,411.0,629.0,97.0,97.0,288.0,123.0,337.0,139.0
2.0,1547.0,403.0,411.0,258.0,242.0,242.0,288.0,123.0,288.0,115.0
2.0,1402.0,374.0,415.0,97.0,535.0,535.0,291.0,124.0,266.0,108.0
2.0,1125.0,353.0,418.0,242.0,658.0,658.0,293.0,125.0,245.0,108.0
2.0,1014.0,371.0,420.0,535.0,502.0,502.0,294.0,126.0,252.0,119.0
2.0,1178.0,415.0,419.0,658.0,255.0,255.0,293.0,126.0,286.0,129.0
2.0,1421.0,496.0,418.0,502.0,245.0,245.0,292.0,126.0,349.0,147.0
2.0,1427.0,510.0,419.0,255.0,504.0,504.0,293.0,126.0,363.0,147.0
2.0,1172.0,391.0,421.0,245.0,658.0,658.0,295.0,126.0,278.0,113.0
2.0,1026.0,284.0,421.0,504.0,438.0,438.0,295.0,126.0,197.0,87.0
2.0,1246.0,299.0,420.0,658.0,75.0,75.0,294.0,126.0,203.0,96.0
2.0,1605.0,431.0,419.0,438.0,64.0,64.0,293.0,126.0,298.0,133.0
2.0,1612.0,481.0,419.0,75.0,470.0,470.0,293.0,126.0,339.0,142.0
2.0,1206.0,483.0,423.0,64.0,905.0,905.0,296.0,127.0,345.0,138.0
2.0,787.0,416.0,426.0,470.0,863.0,863.0,298.0,128.0,293.0,123.0
2.0,841.0,232.0,423.0,905.0,178.0,178.0,296.0,127.0,159.0,73.0
2.0,1514.0,227.0,419.0,863.0,0.0,0.0,293.0,126.0,154.0,73.0
2.0,2150.0,371.0,414.0,178.0,0.0,0.0,290.0,124.0,257.0,114.0
2.0,1957.0,501.0,416.0,0.0,208.0,208.0,291.0,125.0,353.0,148.0
2.0,1456.0,623.0,421.0,0.0,851.0,851.0,295.0,126.0,442.0,181.0
2.0,833.0,533.0,426.0,208.0,1196.0,1196.0,298.0,128.0,377.0,156.0
2.0,508.0,397.0,426.0,851.0,742.0,742.0,298.0,128.0,277.0,120.0
2.0,962.0,268.0,421.0,1196.0,0.0,0.0,295.0,126.0,180.0,88.0
2.0,1890.0,273.0,417.0,742.0,0.0,0.0,292.0,125.0,184.0,89.0
2.0,2359.0,431.0,418.0,0.0,0.0,0.0,292.0,126.0,302.0,129.0
2.0,1928.0,614.0,423.0,0.0,378.0,378.0,296.0,127.0,438.0,176.0
2.0,1314.0,643.0,428.0,0.0,1041.0,1041.0,300.0,128.0,458.0,185.0
2.0,671.0,556.0,430.0,378.0,1227.0,1227.0,301.0,129.0,387.0,169.0
2.0,493.0,376.0,427.0,1041.0,550.0,550.0,299.0,128.0,254.0,122.0
2.0,1158.0,259.0,424.0,1227.0,0.0,0.0,297.0,127.0,176.0,83.0
2.0,2126.0,306.0,424.0,550.0,0.0,0.0,297.0,127.0,218.0,88.0
2.0,2370.0,509.0,428.0,0.0,0.0,0.0,300.0,128.0,364.0,145.0
2.0,1861.0,594.0,433.0,0.0,465.0,465.0,303.0,130.0,420.0,174.0
2.0,1267.0,488.0,432.0,0.0,949.0,949.0,303.0,129.0,338.0,150.0
2.0,779.0,397.0,429.0,465.0,869.0,869.0,300.0,129.0,270.0,127.0
2.0,847.0,380.0,426.0,949.0,288.0,288.0,298.0,128.0,262.0,118.0
2.0,1416.0,427.0,425.0,869.0,0.0,0.0,297.0,128.0,303.0,124.0
2.0,1858.0,489.0,426.0,288.0,47.0,47.0,298.0,128.0,352.0,137.0
2.0,1657.0,532.0,428.0,0.0,587.0,587.0,300.0,128.0,375.0,157.0
2.0,1125.0,565.0,431.0,47.0,1117.0,1117.0,302.0,129.0,391.0,174.0
2.0,607.0,499.0,433.0,587.0,1037.0,1037.0,303.0,130.0,342.0,157.0
2.0,695.0,442.0,432.0,1117.0,358.0,358.0,302.0,130.0,308.0,134.0
2.0,1370.0,395.0,429.0,1037.0,0.0,0.0,300.0,129.0,281.0,114.0
2.0,2012.0,448.0,427.0,358.0,0.0,0.0,299.0,128.0,318.0,130.0
2.0,1922.0,497.0,429.0,0.0,291.0,291.0,300.0,129.0,348.0,149.0
2.0,1425.0,565.0,433.0,0.0,872.0,872.0,303.0,130.0,391.0,174.0
2.0,860.0,572.0,437.0,291.0,1169.0,1169.0,306.0,131.0,398.0,174.0
2.0,579.0,495.0,439.0,872.0,800.0,800.0,307.0,132.0,347.0,148.0
2.0,956.0,364.0,437.0,1169.0,0.0,0.0,306.0,131.0,259.0,105.0
2.0,1761.0,363.0,437.0,800.0,0.0,0.0,306.0,131.0,256.0,107.0
2.0,2198.0,446.0,437.0,0.0,0.0,0.0,306.0,131.0,310.0,136.0
2.0,1752.0,593.0,440.0,0.0,601.0,601.0,308.0,132.0,412.0,181.0
2.0,1159.0,636.0,443.0,0.0,1249.0,1249.0,310.0,133.0,443.0,193.0
2.0,523.0,503.0,445.0,601.0,1159.0,1159.0,311.0,134.0,353.0,150.0
2.0,621.0,291.0,443.0,1249.0,193.0,193.0,310.0,133.0,207.0,84.0
2.0,1579.0,186.0,440.0,1159.0,0.0,0.0,308.0,132.0,133.0,53.0
2.0,2552.0,416.0,440.0,193.0,0.0,0.0,308.0,132.0,293.0,123.0
2.0,2329.0,758.0,447.0,0.0,217.0,217.0,313.0,134.0,529.0,229.0
2.0,1571.0,759.0,453.0,0.0,1000.0,1000.0,317.0,136.0,527.0,232.0
2.0,812.0,461.0,451.0,217.0,1236.0,1236.0,316.0,135.0,321.0,140.0
2.0,568.0,96.0,446.0,1000.0,312.0,312.0,312.0,134.0,70.0,26.0
2.0,1472.0,51.0,441.0,1236.0,0.0,0.0,309.0,132.0,40.0,11.0
2.0,2657.0,396.0,443.0,312.0,0.0,0.0,310.0,133.0,277.0,119.0
2.0,2573.0,772.0,450.0,0.0,0.0,0.0,315.0,135.0,536.0,236.0
2.0,1801.0,828.0,456.0,0.0,851.0,851.0,319.0,137.0,577.0,251.0
2.0,973.0,539.0,457.0,0.0,1394.0,1394.0,320.0,137.0,380.0,159.0
2.0,434.0,175.0,453.0,851.0,702.0,702.0,317.0,136.0,125.0,50.0
2.0,1110.0,35.0,449.0,1394.0,0.0,0.0,314.0,135.0,27.0,8.0
2.0,2469.0,310.0,450.0,702.0,0.0,0.0,315.0,135.0,217.0,93.0
2.0,2861.0,740.0,457.0,0.0,0.0,0.0,320.0,137.0,514.0,226.0
2.0,2121.0,858.0,464.0,0.0,593.0,593.0,325.0,139.0,598.0,260.0
2.0,1263.0,591.0,464.0,0.0,1184.0,1184.0,325.0,139.0,415.0,176.0
2.0,672.0,221.0,457.0,593.0,784.0,784.0,320.0,137.0,157.0,64.0
2.0,1044.0,114.0,453.0,1184.0,0.0,0.0,317.0,136.0,81.0,33.0
2.0,2114.0,378.0,454.0,784.0,0.0,0.0,318.0,136.0,265.0,113.0
2.0,2520.0,738.0,464.0,0.0,74.0,74.0,325.0,139.0,517.0,221.0
2.0,1782.0,790.0,470.0,0.0,888.0,888.0,329.0,141.0,553.0,237.0
2.0,992.0,517.0,469.0,74.0,1327.0,1327.0,328.0,141.0,359.0,158.0
2.0,549.0,177.0,460.0,888.0,580.0,580.0,322.0,138.0,124.0,53.0
2.0,1260.0,204.0,453.0,1327.0,0.0,0.0,317.0,136.0,143.0,61.0
2.0,2383.0,532.0,456.0,580.0,0.0,0.0,319.0,137.0,374.0,158.0
2.0,2431.0,862.0,467.0,0.0,299.0,299.0,327.0,140.0,606.0,256.0
2.0,1569.0,831.0,477.0,0.0,1170.0,1170.0,334.0,143.0,581.0,250.0
2.0,738.0,530.0,477.0,299.0,1401.0,1401.0,334.0,143.0,369.0,161.0
2.0,507.0,173.0,470.0,1170.0,376.0,376.0,329.0,141.0,118.0,55.0
2.0,1504.0,151.0,463.0,1401.0,0.0,0.0,324.0,139.0,107.0,44.0
2.0,2754.0,455.0,464.0,376.0,0.0,0.0,325.0,139.0,322.0,133.0
2.0,2675.0,821.0,473.0,0.0,38.0,38.0,331.0,142.0,578.0,243.0
2.0,1854.0,883.0,481.0,0.0,953.0,953.0,337.0,144.0,616.0,267.0
2.0,971.0,565.0,483.0,38.0,1488.0,1488.0,338.0,145.0,391.0,174.0
2.0,444.0,149.0,476.0,953.0,656.0,656.0,333.0,143.0,102.0,47.0
2.0,1248.0,52.0,466.0,1488.0,0.0,0.0,326.0,140.0,37.0,15.0
2.0,2684.0,464.0,465.0,656.0,0.0,0.0,326.0,139.0,329.0,135.0
2.0,2876.0,919.0,474.0,0.0,0.0,0.0,332.0,142.0,647.0,272.0
2.0,1957.0,886.0,484.0,0.0,865.0,865.0,339.0,145.0,620.0,266.0
2.0,1071.0,407.0,483.0,0.0,1268.0,1268.0,338.0,145.0,280.0,127.0
2.0,664.0,32.0,474.0,865.0,399.0,399.0,332.0,142.0,19.0,13.0
2.0,1497.0,162.0,466.0,1268.0,0.0,0.0,326.0,140.0,112.0,50.0
2.0,2603.0,602.0,467.0,399.0,0.0,0.0,327.0,140.0,426.0,176.0
2.0,2400.0,999.0,477.0,0.0,507.0,507.0,334.0,143.0,704.0,295.0
2.0,1401.0,934.0,487.0,0.0,1481.0,1481.0,341.0,146.0,655.0,279.0
2.0,467.0,429.0,489.0,507.0,1411.0,1411.0,342.0,147.0,297.0,132.0
2.0,545.0,8.0,480.0,1481.0,0.0,0.0,336.0,144.0,0.0,8.0
2.0,2018.0,131.0,471.0,1411.0,0.0,0.0,330.0,141.0,90.0,41.0
2.0,3298.0,610.0,471.0,0.0,0.0,0.0,330.0,141.0,431.0,179.0
2.0,2688.0,959.0,480.0,0.0,191.0,191.0,336.0,144.0,677.0,282.0
2.0,1729.0,873.0,491.0,0.0,1108.0,1108.0,344.0,147.0,611.0,262.0
2.0,856.0,355.0,494.0,191.0,1284.0,1284.0,346.0,148.0,244.0,111.0
2.0,692.0,0.0,486.0,1108.0,144.0,144.0,340.0,146.0,0.0,0.0
2.0,1800.0,94.0,473.0,1284.0,0.0,0.0,331.0,142.0,65.0,29.0
2.0,2990.0,594.0,470.0,144.0,0.0,0.0,329.0,141.0,416.0,178.0
2.0,2540.0,897.0,479.0,0.0,273.0,273.0,335.0,144.0,628.0,269.0
2.0,1643.0,794.0,493.0,0.0,1123.0,1123.0,345.0,148.0,558.0,236.0
2.0,849.0,417.0,499.0,273.0,1291.0,1291.0,349.0,150.0,292.0,125.0
2.0,705.0,94.0,493.0,1123.0,238.0,238.0,345.0,148.0,64.0,30.0
2.0,1734.0,258.0,483.0,1291.0,0.0,0.0,338.0,145.0,178.0,80.0
2.0,2767.0,675.0,480.0,238.0,0.0,0.0,336.0,144.0,473.0,202.0
2.0,2330.0,951.0,488.0,0.0,573.0,573.0,342.0,146.0,670.0,281.0
2.0,1379.0,694.0,498.0,0.0,1307.0,1307.0,349.0,149.0,488.0,206.0
2.0,685.0,191.0,501.0,573.0,937.0,937.0,351.0,150.0,130.0,61.0
2.0,1067.0,1.0,496.0,1307.0,0.0,0.0,347.0,149.0,0.0,1.0
2.0,2373.0,264.0,486.0,937.0,0.0,0.0,340.0,146.0,184.0,80.0
2.0,3046.0,773.0,484.0,0.0,0.0,0.0,339.0,145.0,542.0,231.0
2.0,2273.0,993.0,493.0,0.0,692.0,692.0,345.0,148.0,697.0,296.0
2.0,1280.0,670.0,501.0,0.0,1394.0,1394.0,351.0,150.0,469.0,201.0
2.0,610.0,133.0,501.0,692.0,835.0,835.0,351.0,150.0,91.0,42.0
2.0,1169.0,23.0,494.0,1394.0,0.0,0.0,346.0,148.0,15.0,8.0
2.0,2540.0,372.0,487.0,835.0,0.0,0.0,341.0,146.0,259.0,113.0
2.0,3003.0,850.0,489.0,0.0,0.0,0.0,342.0,147.0,596.0,254.0
2.0,2153.0,1025.0,498.0,0.0,864.0,864.0,349.0,149.0,721.0,304.0
2.0,1128.0,669.0,508.0,0.0,1573.0,1573.0,356.0,152.0,469.0,200.0
2.0,459.0,161.0,507.0,864.0,866.0,866.0,355.0,152.0,112.0,49.0
2.0,1162.0,11.0,497.0,1573.0,0.0,0.0,348.0,149.0,5.0,6.0
2.0,2724.0,355.0,487.0,866.0,0.0,0.0,341.0,146.0,248.0,107.0
2.0,3235.0,840.0,487.0,0.0,0.0,0.0,341.0,146.0,590.0,250.0
2.0,2395.0,1002.0,497.0,0.0,595.0,595.0,348.0,149.0,704.0,298.0
2.0,1393.0,643.0,506.0,0.0,1274.0,1274.0,354.0,152.0,451.0,192.0
2.0,750.0,217.0,507.0,595.0,900.0,900.0,355.0,152.0,149.0,68.0
2.0,1128.0,0.0,498.0,1274.0,0.0,0.0,349.0,149.0,0.0,0.0
2.0,2402.0,325.0,489.0,900.0,0.0,0.0,342.0,147.0,227.0,98.0
2.0,2977.0,910.0,489.0,0.0,0.0,0.0,342.0,147.0,638.0,272.0
2.0,2067.0,1114.0,500.0,0.0,1047.0,1047.0,350.0,150.0,781.0,333.0
2.0,953.0,765.0,511.0,0.0,1856.0,1856.0,358.0,153.0,534.0,231.0
2.0,188.0,196.0,514.0,1047.0,1017.0,1017.0,360.0,154.0,136.0,60.0
2.0,1039.0,0.0,506.0,1856.0,0.0,0.0,354.0,152.0,0.0,0.0
2.0,2895.0,212.0,492.0,1017.0,0.0,0.0,344.0,148.0,149.0,63.0
2.0,3700.0,785.0,490.0,0.0,0.0,0.0,343.0,147.0,553.0,232.0
2.0,2915.0,1085.0,503.0,0.0,182.0,182.0,352.0,151.0,761.0,324.0
2.0,1830.0,888.0,520.0,0.0,1138.0,1138.0,364.0,156.0,621.0,267.0
2.0,942.0,303.0,522.0,182.0,1267.0,1267.0,366.0,156.0,209.0,94.0
2.0,821.0,0.0,510.0,1138.0,81.0,81.0,357.0,153.0,0.0,0.0
2.0,1959.0,264.0,496.0,1267.0,0.0,0.0,347.0,149.0,185.0,79.0
2.0,2962.0,816.0,494.0,81.0,0.0,0.0,346.0,148.0,571.0,245.0
2.0,2227.0,1093.0,507.0,0.0,894.0,894.0,355.0,152.0,766.0,327.0
2.0,1134.0,788.0,521.0,0.0,1738.0,1738.0,365.0,156.0,553.0,235.0
2.0,346.0,181.0,523.0,894.0,1033.0,1033.0,366.0,157.0,126.0,55.0
2.0,1059.0,0.0,511.0,1738.0,0.0,0.0,358.0,153.0,0.0,0.0
2.0,2797.0,267.0,497.0,1033.0,0.0,0.0,348.0,149.0,187.0,80.0
2.0,3563.0,783.0,496.0,0.0,0.0,0.0,347.0,149.0,548.0,235.0
2.0,2780.0,994.0,508.0,0.0,246.0,246.0,356.0,152.0,697.0,297.0
2.0,1786.0,789.0,523.0,0.0,1095.0,1095.0,366.0,157.0,552.0,237.0
2.0,997.0,245.0,526.0,246.0,1106.0,1106.0,368.0,158.0,169.0,76.0
2.0,998.0,13.0,516.0,1095.0,0.0,0.0,361.0,155.0,8.0,5.0
2.0,2080.0,258.0,503.0,1106.0,0.0,0.0,352.0,151.0,183.0,75.0
2.0,2928.0,737.0,501.0,0.0,0.0,0.0,351.0,150.0,519.0,218.0
2.0,2191.0,1007.0,513.0,0.0,868.0,868.0,359.0,154.0,703.0,304.0
2.0,1184.0,795.0,527.0,0.0,1719.0,1719.0,369.0,158.0,553.0,242.0
2.0,389.0,326.0,528.0,868.0,1181.0,1181.0,370.0,158.0,227.0,99.0
2.0,931.0,68.0,516.0,1719.0,0.0,0.0,361.0,155.0,50.0,18.0
2.0,2582.0,234.0,503.0,1181.0,0.0,0.0,352.0,151.0,167.0,67.0
2.0,3529.0,768.0,504.0,0.0,0.0,0.0,353.0,151.0,538.0,230.0
2.0,2761.0,1032.0,520.0,0.0,351.0,351.0,364.0,156.0,721.0,311.0
2.0,1729.0,787.0,535.0,0.0,1198.0,1198.0,375.0,160.0,549.0,238.0
2.0,942.0,172.0,533.0,351.0,1011.0,1011.0,373.0,160.0,119.0,53.0
2.0,1121.0,0.0,519.0,1198.0,0.0,0.0,363.0,156.0,0.0,0.0
2.0,2319.0,292.0,505.0,1011.0,0.0,0.0,354.0,151.0,209.0,83.0
2.0,3038.0,806.0,507.0,0.0,0.0,0.0,355.0,152.0,566.0,240.0
2.0,2232.0,1008.0,524.0,0.0,872.0,872.0,367.0,157.0,704.0,304.0
2.0,1224.0,705.0,537.0,0.0,1629.0,1629.0,376.0,161.0,489.0,216.0
2.0,519.0,217.0,534.0,872.0,962.0,962.0,374.0,160.0,150.0,67.0
2.0,1174.0,22.0,519.0,1629.0,0.0,0.0,363.0,156.0,18.0,4.0
2.0,2781.0,351.0,506.0,962.0,0.0,0.0,354.0,152.0,250.0,101.0
2.0,3392.0,889.0,510.0,0.0,0.0,0.0,357.0,153.0,625.0,264.0
2.0,2503.0,1074.0,527.0,0.0,679.0,679.0,369.0,158.0,750.0,324.0
2.0,1429.0,671.0,540.0,0.0,1402.0,1402.0,378.0,162.0,465.0,206.0
2.0,758.0,110.0,536.0,679.0,817.0,817.0,375.0,161.0,74.0,36.0
2.0,1327.0,23.0,520.0,1402.0,0.0,0.0,364.0,156.0,16.0,7.0
2.0,2706.0,501.0,510.0,817.0,0.0,0.0,357.0,153.0,355.0,146.0
2.0,3022.0,1021.0,517.0,0.0,67.0,67.0,362.0,155.0,719.0,302.0
2.0,2001.0,1102.0,534.0,0.0,1237.0,1237.0,374.0,160.0,773.0,329.0
2.0,899.0,667.0,547.0,67.0,1889.0,1889.0,383.0,164.0,464.0,203.0
2.0,299.0,106.0,543.0,1237.0,742.0,742.0,380.0,163.0,70.0,36.0
2.0,1430.0,0.0,526.0,1889.0,0.0,0.0,368.0,158.0,0.0,0.0
2.0,3319.0,455.0,513.0,742.0,0.0,0.0,359.0,154.0,321.0,134.0
2.0,3606.0,991.0,517.0,0.0,0.0,0.0,362.0,155.0,695.0,296.0
2.0,2615.0,1142.0,536.0,0.0,671.0,671.0,375.0,161.0,797.0,345.0
2.0,1473.0,739.0,550.0,0.0,1466.0,1466.0,385.0,165.0,515.0,224.0
2.0,734.0,108.0,547.0,671.0,891.0,891.0,383.0,164.0,77.0,31.0
2.0,1297.0,0.0,533.0,1466.0,0.0,0.0,373.0,160.0,0.0,0.0
2.0,2763.0,406.0,520.0,891.0,0.0,0.0,364.0,156.0,285.0,121.0
2.0,3248.0,971.0,521.0,0.0,0.0,0.0,365.0,156.0,679.0,292.0
2.0,2277.0,1119.0,537.0,0.0,990.0,990.0,376.0,161.0,783.0,336.0
2.0,1158.0,790.0,552.0,0.0,1840.0,1840.0,386.0,166.0,553.0,237.0
2.0,368.0,304.0,553.0,990.0,1158.0,1158.0,387.0,166.0,213.0,91.0
2.0,1054.0,43.0,538.0,1840.0,0.0,0.0,377.0,161.0,32.0,11.0
2.0,2851.0,317.0,523.0,1158.0,0.0,0.0,366.0,157.0,222.0,95.0
2.0,3692.0,773.0,523.0,0.0,0.0,0.0,366.0,157.0,539.0,234.0
2.0,2919.0,1063.0,540.0,0.0,304.0,304.0,378.0,162.0,743.0,320.0
2.0,1856.0,807.0,556.0,0.0,1175.0,1175.0,389.0,167.0,565.0,242.0
2.0,1049.0,265.0,556.0,304.0,1136.0,1136.0,389.0,167.0,188.0,77.0
2.0,1088.0,97.0,542.0,1175.0,2.0,2.0,379.0,163.0,70.0,27.0
2.0,2166.0,392.0,530.0,1136.0,0.0,0.0,371.0,159.0,275.0,117.0
2.0,2910.0,818.0,531.0,2.0,30.0,30.0,372.0,159.0,570.0,248.0
2.0,2094.0,994.0,546.0,0.0,1084.0,1084.0,382.0,164.0,692.0,302.0
2.0,1100.0,733.0,559.0,30.0,1839.0,1839.0,391.0,168.0,512.0,221.0
2.0,397.0,287.0,560.0,1084.0,1046.0,1046.0,392.0,168.0,204.0,83.0
2.0,1194.0,126.0,548.0,1839.0,0.0,0.0,384.0,164.0,94.0,32.0
2.0,2907.0,425.0,537.0,1046.0,0.0,0.0,376.0,161.0,299.0,126.0
2.0,3528.0,880.0,538.0,0.0,0.0,0.0,377.0,161.0,613.0,267.0
2.0,2648.0,1005.0,551.0,0.0,561.0,561.0,386.0,165.0,699.0,306.0
2.0,1643.0,685.0,563.0,0.0,1294.0,1294.0,394.0,169.0,478.0,207.0
2.0,958.0,212.0,563.0,561.0,945.0,945.0,394.0,169.0,153.0,59.0
2.0,1307.0,132.0,551.0,1294.0,0.0,0.0,386.0,165.0,96.0,36.0
2.0,2469.0,514.0,541.0,945.0,0.0,0.0,379.0,162.0,360.0,154.0
2.0,2900.0,865.0,543.0,0.0,137.0,137.0,380.0,163.0,602.0,263.0
2.0,2035.0,964.0,557.0,0.0,1157.0,1157.0,390.0,167.0,671.0,293.0
2.0,1071.0,650.0,570.0,137.0,1722.0,1722.0,399.0,171.0,455.0,195.0
2.0,558.0,318.0,570.0,1157.0,883.0,883.0,399.0,171.0,229.0,89.0
2.0,1397.0,241.0,560.0,1722.0,0.0,0.0,392.0,168.0,172.0,69.0
2.0,2878.0,505.0,550.0,883.0,0.0,0.0,385.0,165.0,353.0,152.0
2.0,3256.0,764.0,551.0,0.0,0.0,0.0,386.0,165.0,530.0,234.0
2.0,2492.0,739.0,561.0,0.0,491.0,491.0,393.0,168.0,513.0,226.0
2.0,1753.0,545.0,571.0,0.0,1076.0,1076.0,400.0,171.0,383.0,162.0
2.0,1208.0,373.0,571.0,491.0,958.0,958.0,400.0,171.0,264.0,109.0
2.0,1326.0,375.0,561.0,1076.0,217.0,217.0,393.0,168.0,267.0,108.0
2.0,2027.0,600.0,553.0,958.0,0.0,0.0,387.0,166.0,420.0,180.0
2.0,2385.0,721.0,554.0,217.0,335.0,335.0,388.0,166.0,500.0,221.0
2.0,1881.0,674.0,564.0,0.0,1049.0,1049.0,395.0,169.0,467.0,207.0
2.0,1207.0,573.0,575.0,335.0,1331.0,1331.0,403.0,172.0,402.0,171.0
2.0,969.0,505.0,575.0,1049.0,787.0,787.0,403.0,172.0,359.0,146.0
2.0,1513.0,533.0,566.0,1331.0,0.0,0.0,396.0,170.0,376.0,157.0
2.0,2311.0,585.0,556.0,787.0,0.0,0.0,389.0,167.0,407.0,178.0
2.0,2513.0,674.0,556.0,0.0,385.0,385.0,389.0,167.0,466.0,208.0
2.0,1839.0,690.0,567.0,0.0,1119.0,1119.0,397.0,170.0,481.0,209.0
2.0,1149.0,579.0,578.0,385.0,1357.0,1357.0,405.0,173.0,409.0,170.0
2.0,955.0,538.0,580.0,1119.0,784.0,784.0,406.0,174.0,381.0,157.0
2.0,1536.0,529.0,571.0,1357.0,0.0,0.0,400.0,171.0,371.0,158.0
2.0,2364.0,602.0,560.0,784.0,0.0,0.0,392.0,168.0,419.0,183.0
2.0,2546.0,653.0,559.0,0.0,343.0,343.0,391.0,168.0,454.0,199.0
2.0,1893.0,614.0,569.0,0.0,997.0,997.0,398.0,171.0,429.0,185.0
2.0,1279.0,508.0,578.0,343.0,1198.0,1198.0,405.0,173.0,358.0,150.0
2.0,1114.0,539.0,581.0,997.0,752.0,752.0,407.0,174.0,382.0,157.0
2.0,1572.0,715.0,576.0,1198.0,249.0,249.0,403.0,173.0,501.0,214.0
2.0,2055.0,787.0,570.0,752.0,260.0,260.0,399.0,171.0,548.0,239.0
2.0,2020.0,652.0,567.0,249.0,651.0,651.0,397.0,170.0,453.0,199.0
2.0,1617.0,485.0,570.0,260.0,888.0,888.0,399.0,171.0,338.0,147.0
2.0,1392.0,475.0,579.0,651.0,748.0,748.0,405.0,174.0,334.0,141.0
2.0,1568.0,637.0,585.0,888.0,521.0,521.0,410.0,175.0,450.0,187.0
2.0,1819.0,726.0,584.0,748.0,495.0,495.0,409.0,175.0,511.0,215.0
2.0,1841.0,697.0,577.0,521.0,643.0,643.0,404.0,173.0,488.0,209.0
2.0,1665.0,541.0,571.0,495.0,665.0,665.0,400.0,171.0,373.0,168.0
2.0,1619.0,479.0,576.0,643.0,521.0,521.0,403.0,173.0,332.0,147.0
2.0,1783.0,487.0,583.0,665.0,371.0,371.0,408.0,175.0,342.0,145.0
2.0,1961.0,648.0,588.0,521.0,518.0,518.0,412.0,176.0,459.0,189.0
2.0,1834.0,691.0,586.0,371.0,830.0,830.0,410.0,176.0,488.0,203.0
2.0,1514.0,614.0,578.0,518.0,894.0,894.0,405.0,173.0,429.0,185.0
2.0,1418.0,564.0,575.0,830.0,616.0,616.0,403.0,172.0,388.0,176.0
2.0,1684.0,492.0,579.0,894.0,230.0,230.0,405.0,174.0,338.0,154.0
2.0,2086.0,535.0,587.0,616.0,181.0,181.0,411.0,176.0,375.0,160.0
2.0,2167.0,660.0,592.0,230.0,631.0,631.0,414.0,178.0,470.0,190.0
2.0,1737.0,724.0,588.0,181.0,1158.0,1158.0,412.0,176.0,514.0,210.0
2.0,1194.0,666.0,582.0,631.0,1169.0,1169.0,408.0,174.0,464.0,202.0
2.0,1159.0,603.0,580.0,1158.0,606.0,606.0,406.0,174.0,414.0,189.0
2.0,1714.0,467.0,586.0,1169.0,0.0,0.0,410.0,176.0,321.0,146.0
2.0,2416.0,451.0,592.0,606.0,0.0,0.0,414.0,178.0,318.0,133.0
2.0,2571.0,557.0,593.0,0.0,358.0,358.0,415.0,178.0,398.0,159.0
2.0,2014.0,670.0,588.0,0.0,1008.0,1008.0,412.0,176.0,473.0,197.0
2.0,1344.0,682.0,583.0,358.0,1312.0,1312.0,408.0,175.0,475.0,207.0
2.0,1020.0,653.0,583.0,1008.0,957.0,957.0,408.0,175.0,449.0,204.0
2.0,1375.0,502.0,587.0,1312.0,163.0,163.0,411.0,176.0,347.0,155.0
2.0,2185.0,447.0,590.0,957.0,0.0,0.0,413.0,177.0,315.0,132.0
2.0,2695.0,491.0,590.0,163.0,0.0,0.0,413.0,177.0,352.0,139.0
2.0,2367.0,662.0,588.0,0.0,647.0,647.0,412.0,176.0,469.0,193.0
2.0,1705.0,762.0,589.0,0.0,1413.0,1413.0,412.0,177.0,529.0,233.0
2.0,943.0,676.0,592.0,647.0,1454.0,1454.0,414.0,178.0,463.0,213.0
2.0,914.0,470.0,593.0,1413.0,515.0,515.0,415.0,178.0,323.0,147.0
2.0,1857.0,409.0,594.0,1454.0,0.0,0.0,416.0,178.0,292.0,117.0
2.0,2902.0,499.0,592.0,515.0,0.0,0.0,414.0,178.0,360.0,139.0
2.0,2918.0,733.0,593.0,0.0,187.0,187.0,415.0,178.0,518.0,215.0
2.0,2185.0,836.0,595.0,0.0,1031.0,1031.0,417.0,178.0,581.0,255.0
2.0,1349.0,689.0,597.0,187.0,1541.0,1541.0,418.0,179.0,473.0,216.0
2.0,847.0,474.0,597.0,1031.0,984.0,984.0,418.0,179.0,327.0,147.0
2.0,1404.0,392.0,595.0,1541.0,0.0,0.0,416.0,179.0,279.0,113.0
2.0,2553.0,505.0,593.0,984.0,0.0,0.0,415.0,178.0,363.0,142.0
2.0,3032.0,723.0,594.0,0.0,67.0,67.0,416.0,178.0,511.0,212.0
2.0,2309.0,761.0,595.0,0.0,832.0,832.0,417.0,178.0,527.0,234.0
2.0,1548.0,656.0,597.0,67.0,1429.0,1429.0,418.0,179.0,450.0,206.0
2.0,959.0,566.0,597.0,832.0,1163.0,1163.0,418.0,179.0,394.0,172.0
2.0,1225.0,551.0,597.0,1429.0,285.0,285.0,418.0,179.0,393.0,158.0
2.0,2103.0,620.0,598.0,1163.0,0.0,0.0,419.0,179.0,442.0,178.0
2.0,2646.0,692.0,598.0,285.0,153.0,153.0,419.0,179.0,485.0,207.0
2.0,2239.0,663.0,600.0,0.0,824.0,824.0,420.0,180.0,458.0,205.0
2.0,1576.0,602.0,601.0,153.0,1277.0,1277.0,421.0,180.0,416.0,186.0
2.0,1127.0,620.0,603.0,824.0,1081.0,1081.0,422.0,181.0,432.0,188.0
2.0,1331.0,641.0,602.0,1277.0,441.0,441.0,421.0,181.0,455.0,186.0
2.0,1967.0,692.0,600.0,1081.0,44.0,44.0,420.0,180.0,490.0,202.0
2.0,2356.0,695.0,601.0,441.0,302.0,302.0,421.0,180.0,487.0,208.0
2.0,2102.0,632.0,604.0,44.0,902.0,902.0,423.0,181.0,437.0,195.0
2.0,1514.0,595.0,606.0,302.0,1203.0,1203.0,424.0,182.0,412.0,183.0
2.0,1221.0,589.0,605.0,902.0,886.0,886.0,423.0,182.0,412.0,177.0
2.0,1534.0,653.0,603.0,1203.0,328.0,328.0,422.0,181.0,461.0,192.0
2.0,2084.0,728.0,604.0,886.0,174.0,174.0,423.0,181.0,514.0,214.0
2.0,2242.0,719.0,607.0,328.0,577.0,577.0,425.0,182.0,505.0,214.0
2.0,1851.0,616.0,610.0,174.0,1031.0,1031.0,427.0,183.0,429.0,187.0
2.0,1409.0,559.0,611.0,577.0,1017.0,1017.0,428.0,183.0,387.0,172.0
2.0,1427.0,573.0,610.0,1031.0,555.0,555.0,427.0,183.0,399.0,174.0
2.0,1885.0,692.0,610.0,1017.0,230.0,230.0,427.0,183.0,485.0,207.0
2.0,2210.0,728.0,613.0,555.0,415.0,415.0,429.0,184.0,514.0,214.0
2.0,2037.0,683.0,614.0,230.0,872.0,872.0,430.0,184.0,482.0,201.0
2.0,1584.0,610.0,617.0,415.0,1079.0,1079.0,432.0,185.0,425.0,185.0
2.0,1389.0,558.0,617.0,872.0,765.0,765.0,432.0,185.0,386.0,172.0
2.0,1703.0,572.0,616.0,1079.0,254.0,254.0,431.0,185.0,398.0,174.0
2.0,2210.0,671.0,614.0,765.0,152.0,152.0,430.0,184.0,473.0,198.0
2.0,2304.0,682.0,614.0,254.0,580.0,580.0,430.0,184.0,483.0,199.0
2.0,1876.0,623.0,615.0,152.0,1055.0,1055.0,431.0,184.0,437.0,186.0
2.0,1405.0,558.0,617.0,580.0,1041.0,1041.0,432.0,185.0,387.0,171.0
2.0,1427.0,562.0,620.0,1055.0,560.0,560.0,434.0,186.0,390.0,172.0
2.0,1920.0,611.0,620.0,1041.0,130.0,130.0,434.0,186.0,425.0,186.0
2.0,2350.0,674.0,620.0,560.0,244.0,244.0,434.0,186.0,474.0,200.0
2.0,2236.0,667.0,620.0,130.0,781.0,781.0,434.0,186.0,472.0,195.0
2.0,1699.0,661.0,620.0,244.0,1198.0,1198.0,434.0,186.0,467.0,194.0
2.0,1282.0,599.0,622.0,781.0,1024.0,1024.0,436.0,186.0,416.0,183.0
2.0,1464.0,562.0,624.0,1198.0,396.0,396.0,437.0,187.0,387.0,175.0
2.0,2100.0,617.0,627.0,1024.0,1.0,1.0,439.0,188.0,430.0,187.0
2.0,2507.0,710.0,627.0,396.0,315.0,315.0,439.0,188.0,500.0,210.0
2.0,2193.0,761.0,627.0,1.0,1075.0,1075.0,439.0,188.0,539.0,222.0
2.0,1433.0,753.0,629.0,315.0,1521.0,1521.0,441.0,188.0,529.0,224.0
2.0,995.0,602.0,631.0,1075.0,1056.0,1056.0,442.0,189.0,418.0,184.0
2.0,1468.0,533.0,634.0,1521.0,80.0,80.0,444.0,190.0,369.0,164.0
2.0,2456.0,595.0,636.0,1056.0,0.0,0.0,445.0,191.0,414.0,181.0
2.0,2917.0,676.0,635.0,80.0,219.0,219.0,444.0,191.0,475.0,201.0
2.0,2321.0,739.0,633.0,0.0,950.0,950.0,443.0,190.0,523.0,216.0
2.0,1582.0,754.0,634.0,219.0,1489.0,1489.0,444.0,190.0,530.0,224.0
2.0,1047.0,661.0,638.0,950.0,1216.0,1216.0,447.0,191.0,459.0,202.0
2.0,1336.0,638.0,643.0,1489.0,385.0,385.0,450.0,193.0,440.0,198.0
2.0,2187.0,685.0,646.0,1216.0,0.0,0.0,452.0,194.0,478.0,207.0
2.0,2718.0,724.0,646.0,385.0,205.0,205.0,452.0,194.0,510.0,214.0
2.0,2379.0,714.0,645.0,0.0,915.0,915.0,452.0,193.0,507.0,207.0
2.0,1665.0,732.0,647.0,205.0,1450.0,1450.0,453.0,194.0,515.0,217.0
2.0,1138.0,698.0,649.0,915.0,1241.0,1241.0,455.0,194.0,485.0,213.0
2.0,1355.0,594.0,650.0,1450.0,389.0,389.0,455.0,195.0,408.0,186.0
2.0,2211.0,627.0,650.0,1241.0,0.0,0.0,455.0,195.0,434.0,193.0
2.0,2825.0,730.0,650.0,389.0,116.0,116.0,455.0,195.0,515.0,215.0
2.0,2484.0,743.0,653.0,0.0,871.0,871.0,457.0,196.0,529.0,214.0
2.0,1741.0,613.0,652.0,116.0,1364.0,1364.0,457.0,195.0,434.0,179.0
2.0,1244.0,615.0,652.0,871.0,1108.0,1108.0,457.0,195.0,428.0,187.0
2.0,1500.0,667.0,653.0,1364.0,415.0,415.0,457.0,196.0,457.0,210.0
2.0,2197.0,717.0,653.0,1108.0,24.0,24.0,457.0,196.0,495.0,222.0
2.0,2588.0,730.0,654.0,415.0,343.0,343.0,458.0,196.0,515.0,215.0
2.0,2273.0,692.0,655.0,24.0,1015.0,1015.0,459.0,196.0,495.0,197.0
2.0,1605.0,568.0,655.0,343.0,1240.0,1240.0,459.0,196.0,404.0,164.0
2.0,1380.0,530.0,654.0,1015.0,751.0,751.0,458.0,196.0,367.0,163.0
2.0,1865.0,629.0,653.0,1240.0,136.0,136.0,457.0,196.0,430.0,199.0
2.0,2476.0,804.0,655.0,751.0,197.0,197.0,458.0,197.0,558.0,246.0
2.0,2423.0,811.0,656.0,136.0,876.0,876.0,459.0,197.0,573.0,238.0
2.0,1748.0,637.0,657.0,197.0,1320.0,1320.0,460.0,197.0,456.0,181.0
2.0,1308.0,548.0,657.0,876.0,992.0,992.0,460.0,197.0,387.0,161.0
2.0,1636.0,532.0,656.0,1320.0,200.0,200.0,459.0,197.0,366.0,166.0
2.0,2424.0,645.0,654.0,992.0,0.0,0.0,458.0,196.0,442.0,203.0
2.0,2771.0,779.0,656.0,200.0,432.0,432.0,459.0,197.0,542.0,237.0
2.0,2192.0,778.0,657.0,0.0,1214.0,1214.0,460.0,197.0,551.0,227.0
2.0,1414.0,676.0,659.0,432.0,1466.0,1466.0,461.0,198.0,484.0,192.0
2.0,1170.0,498.0,658.0,1214.0,746.0,746.0,461.0,197.0,352.0,146.0
2.0,1886.0,509.0,657.0,1466.0,0.0,0.0,460.0,197.0,350.0,159.0
2.0,2843.0,645.0,656.0,746.0,0.0,0.0,459.0,197.0,442.0,203.0
2.0,2944.0,814.0,659.0,0.0,506.0,506.0,461.0,198.0,565.0,249.0
2.0,2130.0,847.0,663.0,0.0,1369.0,1369.0,464.0,199.0,599.0,248.0
2.0,1283.0,653.0,664.0,506.0,1520.0,1520.0,465.0,199.0,468.0,185.0
2.0,1136.0,491.0,664.0,1369.0,642.0,642.0,465.0,199.0,350.0,141.0
2.0,2014.0,502.0,661.0,1520.0,0.0,0.0,463.0,198.0,344.0,158.0
2.0,3032.0,725.0,662.0,642.0,0.0,0.0,463.0,199.0,496.0,229.0
2.0,2949.0,925.0,667.0,0.0,644.0,644.0,467.0,200.0,642.0,283.0
2.0,2024.0,854.0,670.0,0.0,1510.0,1510.0,469.0,201.0,604.0,250.0
2.0,1170.0,559.0,670.0,644.0,1425.0,1425.0,469.0,201.0,403.0,156.0
2.0,1255.0,383.0,667.0,1510.0,286.0,286.0,467.0,200.0,275.0,108.0
2.0,2382.0,491.0,664.0,1425.0,0.0,0.0,465.0,199.0,339.0,152.0
2.0,3316.0,829.0,666.0,286.0,0.0,0.0,466.0,200.0,567.0,262.0
2.0,2773.0,1053.0,672.0,0.0,968.0,968.0,470.0,202.0,730.0,323.0
2.0,1720.0,868.0,674.0,0.0,1844.0,1844.0,472.0,202.0,613.0,255.0
2.0,852.0,512.0,673.0,968.0,1384.0,1384.0,471.0,202.0,372.0,140.0
2.0,1308.0,337.0,668.0,1844.0,0.0,0.0,468.0,200.0,244.0,93.0
2.0,2815.0,454.0,667.0,1384.0,0.0,0.0,467.0,200.0,312.0,142.0
2.0,3745.0,832.0,669.0,0.0,0.0,0.0,468.0,201.0,567.0,265.0
2.0,2913.0,1088.0,676.0,0.0,879.0,879.0,473.0,203.0,753.0,335.0
2.0,1825.0,953.0,679.0,0.0,1844.0,1844.0,475.0,204.0,674.0,279.0
2.0,872.0,588.0,678.0,879.0,1549.0,1549.0,475.0,203.0,428.0,160.0
2.0,1163.0,346.0,672.0,1844.0,27.0,27.0,471.0,201.0,252.0,94.0
2.0,2661.0,471.0,668.0,1549.0,0.0,0.0,468.0,200.0,323.0,148.0
2.0,3739.0,818.0,670.0,27.0,0.0,0.0,469.0,201.0,553.0,265.0
2.0,2948.0,1057.0,677.0,0.0,817.0,817.0,473.0,204.0,728.0,329.0
2.0,1891.0,958.0,681.0,0.0,1791.0,1791.0,476.0,205.0,678.0,280.0
2.0,933.0,534.0,678.0,817.0,1496.0,1496.0,475.0,203.0,395.0,139.0
2.0,1216.0,344.0,673.0,1791.0,29.0,29.0,472.0,201.0,254.0,90.0
2.0,2663.0,514.0,671.0,1496.0,0.0,0.0,470.0,201.0,352.0,162.0
2.0,3645.0,877.0,674.0,29.0,0.0,0.0,472.0,202.0,593.0,284.0
2.0,2797.0,1092.0,681.0,0.0,1019.0,1019.0,476.0,205.0,750.0,342.0
2.0,1705.0,915.0,686.0,0.0,1954.0,1954.0,480.0,206.0,648.0,267.0
2.0,790.0,452.0,683.0,1019.0,1375.0,1375.0,478.0,205.0,337.0,115.0
2.0,1357.0,177.0,674.0,1954.0,0.0,0.0,472.0,202.0,140.0,37.0
2.0,3134.0,370.0,668.0,1375.0,0.0,0.0,468.0,200.0,253.0,117.0
2.0,4139.0,904.0,670.0,0.0,0.0,0.0,469.0,201.0,609.0,295.0
2.0,3235.0,1241.0,681.0,0.0,730.0,730.0,476.0,205.0,851.0,390.0
2.0,1994.0,1045.0,691.0,0.0,1815.0,1815.0,483.0,208.0,739.0,306.0
2.0,949.0,502.0,690.0,730.0,1583.0,1583.0,483.0,207.0,378.0,124.0
2.0,1177.0,160.0,681.0,1815.0,0.0,0.0,477.0,204.0,128.0,32.0
2.0,2832.0,348.0,672.0,1583.0,0.0,0.0,471.0,201.0,233.0,115.0
2.0,4067.0,889.0,673.0,0.0,0.0,0.0,471.0,202.0,597.0,292.0
2.0,3178.0,1258.0,685.0,0.0,820.0,820.0,479.0,206.0,867.0,391.0
2.0,1920.0,1080.0,696.0,0.0,1944.0,1944.0,487.0,209.0,768.0,312.0
2.0,840.0,538.0,696.0,820.0,1662.0,1662.0,487.0,209.0,401.0,137.0
2.0,1122.0,101.0,685.0,1944.0,0.0,0.0,480.0,205.0,83.0,18.0
2.0,2965.0,287.0,676.0,1662.0,0.0,0.0,474.0,202.0,190.0,97.0
2.0,4340.0,935.0,679.0,0.0,0.0,0.0,475.0,204.0,630.0,305.0
2.0,3405.0,1362.0,692.0,0.0,725.0,725.0,484.0,208.0,941.0,421.0
2.0,2043.0,1162.0,705.0,0.0,1939.0,1939.0,493.0,212.0,824.0,338.0
2.0,881.0,497.0,704.0,725.0,1707.0,1707.0,493.0,211.0,371.0,126.0
2.0,1109.0,74.0,693.0,1939.0,0.0,0.0,486.0,207.0,67.0,7.0
2.0,2974.0,248.0,682.0,1707.0,0.0,0.0,478.0,204.0,166.0,82.0
2.0,4433.0,867.0,683.0,0.0,0.0,0.0,478.0,205.0,584.0,283.0
2.0,3566.0,1356.0,697.0,0.0,578.0,578.0,487.0,210.0,932.0,424.0
2.0,2210.0,1199.0,711.0,0.0,1833.0,1833.0,497.0,214.0,846.0,353.0
2.0,1011.0,500.0,710.0,578.0,1751.0,1751.0,497.0,213.0,374.0,126.0
2.0,1089.0,11.0,697.0,1833.0,0.0,0.0,488.0,209.0,11.0,0.0
2.0,2911.0,248.0,684.0,1751.0,0.0,0.0,479.0,205.0,167.0,81.0
2.0,4414.0,883.0,684.0,0.0,0.0,0.0,479.0,205.0,608.0,275.0
2.0,3531.0,1401.0,700.0,0.0,670.0,670.0,490.0,210.0,977.0,424.0
2.0,2130.0,1162.0,715.0,0.0,1892.0,1892.0,500.0,215.0,820.0,342.0
2.0,968.0,455.0,714.0,670.0,1673.0,1673.0,500.0,214.0,329.0,126.0
2.0,1183.0,0.0,698.0,1892.0,0.0,0.0,489.0,209.0,0.0,0.0
2.0,3075.0,272.0,684.0,1673.0,0.0,0.0,479.0,205.0,184.0,88.0
2.0,4476.0,974.0,686.0,0.0,0.0,0.0,480.0,206.0,677.0,297.0
2.0,3502.0,1355.0,702.0,0.0,661.0,661.0,491.0,211.0,949.0,406.0
2.0,2147.0,1075.0,716.0,0.0,1792.0,1792.0,501.0,215.0,758.0,317.0
2.0,1072.0,411.0,716.0,661.0,1542.0,1542.0,501.0,215.0,291.0,120.0
2.0,1322.0,62.0,700.0,1792.0,0.0,0.0,490.0,210.0,41.0,21.0
2.0,3052.0,397.0,687.0,1542.0,0.0,0.0,481.0,206.0,273.0,124.0
2.0,4197.0,1059.0,689.0,0.0,0.0,0.0,482.0,207.0,739.0,320.0
2.0,3138.0,1381.0,704.0,0.0,1059.0,1059.0,493.0,211.0,969.0,412.0
2.0,1757.0,1021.0,717.0,0.0,2132.0,2132.0,502.0,215.0,719.0,302.0
2.0,736.0,377.0,716.0,1059.0,1446.0,1446.0,501.0,215.0,266.0,111.0
2.0,1418.0,23.0,700.0,2132.0,0.0,0.0,490.0,210.0,14.0,9.0
2.0,3527.0,347.0,687.0,1446.0,0.0,0.0,481.0,206.0,239.0,108.0
2.0,4626.0,997.0,687.0,0.0,0.0,0.0,481.0,206.0,695.0,302.0
2.0,3629.0,1409.0,704.0,0.0,596.0,596.0,493.0,211.0,990.0,419.0
2.0,2220.0,1166.0,720.0,0.0,1826.0,1826.0,504.0,216.0,823.0,343.0
2.0,1054.0,541.0,720.0,596.0,1771.0,1771.0,504.0,216.0,380.0,161.0
2.0,1109.0,92.0,705.0,1826.0,0.0,0.0,494.0,211.0,59.0,33.0
2.0,2843.0,271.0,690.0,1771.0,0.0,0.0,483.0,207.0,183.0,88.0
2.0,4343.0,863.0,688.0,0.0,0.0,0.0,482.0,206.0,603.0,260.0
2.0,3480.0,1405.0,707.0,0.0,753.0,753.0,495.0,212.0,989.0,416.0
2.0,2075.0,1256.0,728.0,0.0,2093.0,2093.0,509.0,219.0,887.0,369.0
2.0,819.0,639.0,733.0,753.0,1999.0,1999.0,513.0,220.0,449.0,190.0
2.0,933.0,83.0,717.0,2093.0,0.0,0.0,502.0,215.0,52.0,31.0
2.0,2943.0,217.0,698.0,1999.0,0.0,0.0,489.0,209.0,144.0,73.0
2.0,4725.0,889.0,694.0,0.0,0.0,0.0,486.0,208.0,622.0,267.0
2.0,3836.0,1413.0,712.0,0.0,425.0,425.0,498.0,214.0,995.0,418.0
2.0,2423.0,1261.0,733.0,0.0,1770.0,1770.0,513.0,220.0,889.0,372.0
2.0,1162.0,622.0,739.0,425.0,1991.0,1991.0,517.0,222.0,437.0,185.0
2.0,965.0,133.0,724.0,1770.0,294.0,294.0,507.0,217.0,87.0,46.0
2.0,2602.0,219.0,704.0,1991.0,0.0,0.0,493.0,211.0,146.0,73.0
2.0,4374.0,792.0,698.0,294.0,0.0,0.0,489.0,209.0,553.0,239.0
2.0,3876.0,1320.0,713.0,0.0,296.0,296.0,499.0,214.0,930.0,390.0
2.0,2556.0,1228.0,735.0,0.0,1612.0,1612.0,514.0,221.0,868.0,360.0
2.0,1328.0,548.0,740.0,296.0,1884.0,1884.0,518.0,222.0,385.0,163.0
2.0,1076.0,66.0,724.0,1612.0,274.0,274.0,507.0,217.0,39.0,27.0
2.0,2622.0,185.0,701.0,1884.0,0.0,0.0,491.0,210.0,124.0,61.0
2.0,4321.0,877.0,695.0,274.0,0.0,0.0,487.0,208.0,613.0,264.0
2.0,3718.0,1450.0,713.0,0.0,584.0,584.0,499.0,214.0,1021.0,429.0
2.0,2268.0,1296.0,737.0,0.0,1976.0,1976.0,516.0,221.0,914.0,382.0
2.0,972.0,611.0,744.0,584.0,2031.0,2031.0,521.0,223.0,430.0,181.0
2.0,945.0,60.0,728.0,1976.0,51.0,51.0,510.0,218.0,36.0,24.0
2.0,2861.0,180.0,705.0,2031.0,0.0,0.0,494.0,211.0,118.0,62.0
2.0,4712.0,826.0,698.0,51.0,0.0,0.0,489.0,209.0,576.0,250.0
2.0,3937.0,1370.0,716.0,0.0,297.0,297.0,501.0,215.0,965.0,405.0
2.0,2567.0,1269.0,740.0,0.0,1662.0,1662.0,518.0,222.0,898.0,371.0
2.0,1298.0,596.0,747.0,297.0,1989.0,1989.0,523.0,224.0,420.0,176.0
2.0,999.0,70.0,731.0,1662.0,333.0,333.0,512.0,219.0,43.0,27.0
2.0,2591.0,191.0,707.0,1989.0,0.0,0.0,495.0,212.0,125.0,66.0
2.0,4389.0,849.0,701.0,333.0,0.0,0.0,491.0,210.0,590.0,259.0
2.0,3873.0,1372.0,719.0,0.0,375.0,375.0,503.0,216.0,965.0,407.0
2.0,2501.0,1285.0,744.0,0.0,1760.0,1760.0,521.0,223.0,910.0,375.0
2.0,1216.0,649.0,751.0,375.0,2062.0,2062.0,526.0,225.0,460.0,189.0
2.0,942.0,56.0,734.0,1760.0,290.0,290.0,514.0,220.0,34.0,22.0
2.0,2646.0,169.0,710.0,2062.0,0.0,0.0,497.0,213.0,106.0,63.0
2.0,4539.0,864.0,706.0,290.0,0.0,0.0,494.0,212.0,599.0,265.0
2.0,3965.0,1401.0,726.0,0.0,340.0,340.0,508.0,218.0,987.0,414.0
2.0,2564.0,1282.0,749.0,0.0,1714.0,1714.0,524.0,225.0,910.0,372.0
2.0,1282.0,608.0,753.0,340.0,1998.0,1998.0,527.0,226.0,432.0,176.0
2.0,1014.0,74.0,734.0,1714.0,282.0,282.0,514.0,220.0,47.0,27.0
2.0,2654.0,251.0,713.0,1998.0,0.0,0.0,499.0,214.0,162.0,89.0
2.0,4401.0,920.0,710.0,282.0,0.0,0.0,497.0,213.0,636.0,284.0
2.0,3763.0,1386.0,730.0,0.0,543.0,543.0,511.0,219.0,976.0,410.0
2.0,2377.0,1239.0,753.0,0.0,1874.0,1874.0,527.0,226.0,882.0,357.0
2.0,1138.0,587.0,758.0,543.0,1938.0,1938.0,531.0,227.0,417.0,170.0
2.0,1094.0,218.0,743.0,1874.0,222.0,222.0,520.0,223.0,145.0,73.0
2.0,2750.0,466.0,724.0,1938.0,0.0,0.0,507.0,217.0,314.0,152.0
2.0,4222.0,995.0,722.0,222.0,0.0,0.0,505.0,217.0,692.0,303.0
2.0,3449.0,1320.0,736.0,0.0,815.0,815.0,515.0,221.0,932.0,388.0
2.0,2129.0,1072.0,755.0,0.0,1963.0,1963.0,529.0,226.0,763.0,309.0
2.0,1057.0,524.0,760.0,815.0,1692.0,1692.0,532.0,228.0,373.0,151.0
2.0,1348.0,277.0,748.0,1963.0,0.0,0.0,524.0,224.0,187.0,90.0
2.0,3034.0,566.0,733.0,1692.0,0.0,0.0,513.0,220.0,383.0,183.0
2.0,4160.0,1084.0,729.0,0.0,0.0,0.0,510.0,219.0,751.0,333.0
2.0,3076.0,1342.0,743.0,0.0,1238.0,1238.0,520.0,223.0,946.0,396.0
2.0,1734.0,1021.0,761.0,0.0,2331.0,2331.0,533.0,228.0,729.0,292.0
2.0,713.0,534.0,767.0,1238.0,1651.0,1651.0,537.0,230.0,380.0,154.0
2.0,1417.0,270.0,755.0,2331.0,0.0,0.0,529.0,226.0,181.0,89.0
2.0,3478.0,525.0,738.0,1651.0,0.0,0.0,517.0,221.0,355.0,170.0
2.0,4604.0,1023.0,733.0,0.0,0.0,0.0,513.0,220.0,713.0,310.0
2.0,3581.0,1302.0,746.0,0.0,705.0,705.0,522.0,224.0,921.0,381.0
2.0,2279.0,1131.0,765.0,0.0,1912.0,1912.0,536.0,229.0,803.0,328.0
2.0,1148.0,578.0,772.0,705.0,1813.0,1813.0,541.0,231.0,408.0,170.0
2.0,1275.0,238.0,762.0,1912.0,99.0,99.0,534.0,228.0,157.0,81.0
2.0,2949.0,440.0,745.0,1813.0,0.0,0.0,521.0,224.0,295.0,145.0
2.0,4322.0,956.0,740.0,99.0,0.0,0.0,518.0,222.0,667.0,289.0
2.0,3465.0,1308.0,754.0,0.0,859.0,859.0,528.0,226.0,926.0,382.0
2.0,2157.0,1108.0,774.0,0.0,2047.0,2047.0,542.0,232.0,788.0,320.0
2.0,1049.0,583.0,782.0,859.0,1803.0,1803.0,548.0,234.0,409.0,174.0
2.0,1325.0,164.0,768.0,2047.0,0.0,0.0,538.0,230.0,105.0,59.0
2.0,3208.0,416.0,749.0,1803.0,0.0,0.0,524.0,225.0,279.0,137.0
2.0,4595.0,1013.0,743.0,0.0,0.0,0.0,520.0,223.0,708.0,305.0
2.0,3582.0,1367.0,757.0,0.0,813.0,813.0,530.0,227.0,968.0,399.0
2.0,2215.0,1136.0,778.0,0.0,2033.0,2033.0,545.0,233.0,809.0,327.0
2.0,1079.0,553.0,785.0,813.0,1801.0,1801.0,550.0,235.0,390.0,163.0
2.0,1339.0,172.0,773.0,2033.0,0.0,0.0,541.0,232.0,108.0,64.0
2.0,3200.0,342.0,753.0,1801.0,0.0,0.0,527.0,226.0,224.0,118.0
2.0,4659.0,897.0,746.0,0.0,0.0,0.0,522.0,224.0,625.0,272.0
2.0,3762.0,1377.0,761.0,0.0,659.0,659.0,533.0,228.0,978.0,399.0
2.0,2385.0,1286.0,784.0,0.0,2037.0,2037.0,549.0,235.0,916.0,370.0
2.0,1099.0,666.0,794.0,659.0,2084.0,2084.0,556.0,238.0,469.0,197.0
2.0,1092.0,148.0,780.0,2037.0,139.0,139.0,546.0,234.0,91.0,57.0
2.0,2981.0,226.0,758.0,2084.0,0.0,0.0,531.0,227.0,144.0,82.0
2.0,4839.0,845.0,749.0,139.0,0.0,0.0,524.0,225.0,590.0,255.0
2.0,4133.0,1392.0,763.0,0.0,311.0,311.0,534.0,229.0,984.0,408.0
2.0,2741.0,1298.0,788.0,0.0,1709.0,1709.0,552.0,236.0,921.0,377.0
2.0,1443.0,701.0,798.0,311.0,2139.0,2139.0,559.0,239.0,495.0,206.0
2.0,1053.0,218.0,785.0,1709.0,596.0,596.0,550.0,235.0,145.0,73.0
2.0,2544.0,335.0,765.0,2139.0,0.0,0.0,536.0,229.0,222.0,113.0
2.0,4348.0,915.0,758.0,596.0,0.0,0.0,530.0,228.0,636.0,279.0
2.0,4029.0,1407.0,773.0,0.0,470.0,470.0,541.0,232.0,993.0,414.0
2.0,2622.0,1312.0,797.0,0.0,1878.0,1878.0,558.0,239.0,932.0,380.0
2.0,1310.0,648.0,805.0,470.0,2088.0,2088.0,564.0,241.0,458.0,190.0
2.0,1132.0,185.0,791.0,1878.0,339.0,339.0,554.0,237.0,120.0,65.0
2.0,2825.0,258.0,769.0,2088.0,0.0,0.0,538.0,231.0,167.0,91.0
2.0,4655.0,847.0,762.0,339.0,0.0,0.0,533.0,229.0,589.0,258.0
2.0,4147.0,1403.0,777.0,0.0,364.0,364.0,544.0,233.0,993.0,410.0
2.0,2744.0,1359.0,799.0,0.0,1811.0,1811.0,560.0,239.0,965.0,394.0
2.0,1385.0,731.0,804.0,364.0,2198.0,2198.0,563.0,241.0,513.0,218.0
2.0,1018.0,160.0,788.0,1811.0,483.0,483.0,552.0,236.0,101.0,59.0
2.0,2669.0,253.0,767.0,2198.0,0.0,0.0,537.0,230.0,165.0,88.0
2.0,4614.0,901.0,765.0,483.0,0.0,0.0,535.0,230.0,631.0,270.0
2.0,4196.0,1502.0,783.0,0.0,438.0,438.0,548.0,235.0,1062.0,440.0
2.0,2694.0,1415.0,805.0,0.0,1941.0,1941.0,564.0,241.0,1001.0,414.0
2.0,1279.0,726.0,808.0,438.0,2241.0,2241.0,566.0,242.0,508.0,218.0
2.0,991.0,119.0,789.0,1941.0,343.0,343.0,553.0,236.0,73.0,46.0
2.0,2813.0,268.0,769.0,2241.0,0.0,0.0,538.0,231.0,179.0,89.0
2.0,4786.0,1004.0,769.0,343.0,0.0,0.0,538.0,231.0,703.0,301.0
2.0,4125.0,1616.0,789.0,0.0,647.0,647.0,552.0,237.0,1141.0,475.0
2.0,2509.0,1392.0,811.0,0.0,2127.0,2127.0,568.0,243.0,984.0,408.0
2.0,1117.0,605.0,812.0,647.0,2089.0,2089.0,569.0,243.0,425.0,180.0
2.0,1159.0,19.0,794.0,2127.0,0.0,0.0,556.0,238.0,5.0,14.0
2.0,3267.0,170.0,771.0,2089.0,0.0,0.0,540.0,231.0,108.0,62.0
2.0,5186.0,974.0,769.0,0.0,0.0,0.0,538.0,231.0,679.0,295.0
2.0,4212.0,1619.0,789.0,0.0,563.0,563.0,552.0,237.0,1143.0,476.0
2.0,2593.0,1477.0,812.0,0.0,2132.0,2132.0,569.0,243.0,1045.0,432.0
2.0,1116.0,671.0,816.0,563.0,2256.0,2256.0,572.0,244.0,471.0,200.0
2.0,1008.0,1.0,798.0,2132.0,53.0,53.0,559.0,239.0,0.0,1.0
2.0,3139.0,104.0,775.0,2256.0,0.0,0.0,543.0,232.0,63.0,41.0
2.0,5291.0,880.0,770.0,53.0,0.0,0.0,539.0,231.0,607.0,273.0
2.0,4464.0,1549.0,789.0,0.0,241.0,241.0,552.0,237.0,1085.0,464.0
2.0,2915.0,1528.0,816.0,0.0,1877.0,1877.0,571.0,245.0,1079.0,449.0
2.0,1387.0,803.0,823.0,241.0,2467.0,2467.0,577.0,246.0,571.0,232.0
2.0,825.0,130.0,806.0,1877.0,652.0,652.0,565.0,241.0,89.0,41.0
2.0,2572.0,172.0,783.0,2467.0,0.0,0.0,548.0,235.0,111.0,61.0
2.0,4867.0,809.0,776.0,652.0,0.0,0.0,543.0,233.0,559.0,250.0
2.0,4710.0,1312.0,792.0,0.0,0.0,0.0,554.0,238.0,922.0,390.0
2.0,3398.0,1270.0,813.0,0.0,1124.0,1124.0,569.0,244.0,900.0,370.0
2.0,2128.0,763.0,821.0,0.0,1919.0,1919.0,575.0,246.0,540.0,223.0
2.0,1365.0,287.0,809.0,1124.0,1034.0,1034.0,567.0,242.0,197.0,90.0
2.0,2202.0,283.0,787.0,1919.0,0.0,0.0,551.0,236.0,187.0,96.0
2.0,3838.0,752.0,778.0,1034.0,0.0,0.0,544.0,234.0,518.0,234.0
2.0,4120.0,1320.0,790.0,0.0,360.0,360.0,553.0,237.0,929.0,391.0
2.0,2800.0,1311.0,813.0,0.0,1763.0,1763.0,569.0,244.0,930.0,381.0
2.0,1489.0,789.0,823.0,360.0,2232.0,2232.0,577.0,246.0,561.0,228.0
2.0,1060.0,270.0,812.0,1763.0,695.0,695.0,569.0,243.0,183.0,87.0
2.0,2553.0,238.0,790.0,2232.0,0.0,0.0,553.0,237.0,152.0,86.0
2.0,4547.0,803.0,780.0,695.0,0.0,0.0,546.0,234.0,555.0,248.0
2.0,4439.0,1351.0,793.0,0.0,84.0,84.0,555.0,238.0,953.0,398.0
2.0,3088.0,1354.0,814.0,0.0,1522.0,1522.0,570.0,244.0,962.0,392.0
2.0,1734.0,803.0,824.0,84.0,2281.0,2281.0,577.0,247.0,569.0,234.0
2.0,1015.0,305.0,812.0,1522.0,1016.0,1016.0,569.0,243.0,207.0,98.0
2.0,2232.0,335.0,791.0,2281.0,0.0,0.0,554.0,237.0,221.0,114.0
2.0,4178.0,847.0,782.0,1016.0,0.0,0.0,547.0,235.0,586.0,261.0
2.0,4347.0,1382.0,796.0,0.0,219.0,219.0,557.0,239.0,974.0,408.0
2.0,2965.0,1416.0,820.0,0.0,1731.0,1731.0,574.0,246.0,1005.0,411.0
2.0,1549.0,862.0,832.0,219.0,2422.0,2422.0,583.0,249.0,609.0,253.0
2.0,906.0,288.0,821.0,1731.0,935.0,935.0,575.0,246.0,195.0,93.0
2.0,2349.0,209.0,798.0,2422.0,0.0,0.0,559.0,239.0,134.0,75.0
2.0,4562.0,783.0,787.0,935.0,0.0,0.0,551.0,236.0,544.0,239.0
2.0,4714.0,1367.0,799.0,0.0,0.0,0.0,559.0,240.0,965.0,402.0
2.0,3347.0,1431.0,824.0,0.0,1380.0,1380.0,577.0,247.0,1012.0,419.0
2.0,1916.0,898.0,836.0,0.0,2326.0,2326.0,586.0,250.0,631.0,267.0
2.0,1018.0,346.0,825.0,1380.0,1248.0,1248.0,578.0,247.0,236.0,110.0
2.0,2052.0,275.0,802.0,2326.0,0.0,0.0,561.0,241.0,183.0,92.0
2.0,4103.0,750.0,789.0,1248.0,0.0,0.0,552.0,237.0,523.0,227.0
2.0,4601.0,1328.0,800.0,0.0,0.0,0.0,560.0,240.0,937.0,391.0
2.0,3273.0,1450.0,827.0,0.0,1485.0,1485.0,579.0,248.0,1023.0,427.0
2.0,1823.0,934.0,839.0,0.0,2467.0,2467.0,588.0,251.0,656.0,278.0
2.0,889.0,313.0,825.0,1485.0,1239.0,1239.0,578.0,247.0,213.0,100.0
2.0,2061.0,276.0,800.0,2467.0,0.0,0.0,560.0,240.0,185.0,91.0
2.0,4252.0,859.0,790.0,1239.0,0.0,0.0,553.0,237.0,599.0,260.0
2.0,4632.0,1455.0,806.0,0.0,47.0,47.0,564.0,242.0,1024.0,431.0
2.0,3177.0,1460.0,834.0,0.0,1619.0,1619.0,584.0,250.0,1028.0,432.0
2.0,1717.0,872.0,848.0,47.0,2500.0,2500.0,594.0,254.0,612.0,260.0
2.0,892.0,248.0,834.0,1619.0,1073.0,1073.0,584.0,250.0,169.0,79.0
2.0,2263.0,181.0,806.0,2500.0,0.0,0.0,564.0,242.0,121.0,60.0
2.0,4582.0,785.0,793.0,1073.0,0.0,0.0,555.0,238.0,550.0,235.0
2.0,4870.0,1467.0,807.0,0.0,0.0,0.0,565.0,242.0,1030.0,437.0
2.0,3403.0,1579.0,839.0,0.0,1532.0,1532.0,587.0,252.0,1110.0,469.0
2.0,1824.0,943.0,854.0,0.0,2535.0,2535.0,598.0,256.0,662.0,281.0
2.0,881.0,178.0,841.0,1532.0,1129.0,1129.0,589.0,252.0,120.0,58.0
2.0,2235.0,84.0,813.0,2535.0,0.0,0.0,569.0,244.0,54.0,30.0
2.0,4686.0,745.0,797.0,1129.0,0.0,0.0,558.0,239.0,520.0,225.0
2.0,5070.0,1518.0,812.0,0.0,0.0,0.0,568.0,244.0,1067.0,451.0
2.0,3552.0,1556.0,839.0,0.0,1360.0,1360.0,587.0,252.0,1094.0,462.0
2.0,1996.0,854.0,851.0,0.0,2262.0,2262.0,596.0,255.0,598.0,256.0
2.0,1142.0,160.0,840.0,1360.0,1018.0,1018.0,588.0,252.0,109.0,51.0
2.0,2342.0,120.0,817.0,2262.0,0.0,0.0,572.0,245.0,80.0,40.0
2.0,4484.0,763.0,807.0,1018.0,0.0,0.0,565.0,242.0,533.0,230.0
2.0,4739.0,1492.0,820.0,0.0,33.0,33.0,574.0,246.0,1049.0,443.0
2.0,3247.0,1602.0,846.0,0.0,1739.0,1739.0,592.0,254.0,1126.0,476.0
2.0,1645.0,897.0,858.0,33.0,2651.0,2651.0,601.0,257.0,628.0,269.0
2.0,781.0,115.0,845.0,1739.0,975.0,975.0,592.0,253.0,77.0,38.0
2.0,2405.0,73.0,821.0,2651.0,0.0,0.0,575.0,246.0,48.0,25.0
2.0,4983.0,810.0,812.0,975.0,0.0,0.0,568.0,244.0,566.0,244.0
2.0,5148.0,1567.0,827.0,0.0,0.0,0.0,579.0,248.0,1100.0,467.0
2.0,3581.0,1601.0,853.0,0.0,1432.0,1432.0,597.0,256.0,1125.0,476.0
2.0,1980.0,853.0,864.0,0.0,2329.0,2329.0,605.0,259.0,597.0,256.0
2.0,1127.0,126.0,851.0,1432.0,971.0,971.0,596.0,255.0,85.0,41.0
2.0,2433.0,160.0,828.0,2329.0,0.0,0.0,580.0,248.0,110.0,50.0
2.0,4602.0,896.0,820.0,971.0,0.0,0.0,574.0,246.0,627.0,269.0
2.0,4677.0,1614.0,835.0,0.0,277.0,277.0,584.0,251.0,1133.0,481.0
2.0,3063.0,1615.0,860.0,0.0,1992.0,1992.0,602.0,258.0,1134.0,481.0
2.0,1448.0,871.0,871.0,277.0,2630.0,2630.0,610.0,261.0,608.0,263.0
2.0,854.0,120.0,857.0,1992.0,702.0,702.0,600.0,257.0,79.0,41.0
2.0,2726.0,70.0,831.0,2630.0,0.0,0.0,582.0,249.0,46.0,24.0
2.0,5286.0,859.0,820.0,702.0,0.0,0.0,574.0,246.0,603.0,256.0
2.0,5129.0,1577.0,834.0,0.0,0.0,0.0,584.0,250.0,1109.0,468.0
2.0,3552.0,1595.0,860.0,0.0,1483.0,1483.0,602.0,258.0,1120.0,475.0
2.0,1957.0,862.0,872.0,0.0,2393.0,2393.0,611.0,261.0,603.0,259.0
2.0,1095.0,176.0,861.0,1483.0,1042.0,1042.0,603.0,258.0,121.0,55.0
2.0,2402.0,196.0,838.0,2393.0,0.0,0.0,587.0,251.0,134.0,62.0
2.0,4599.0,971.0,829.0,1042.0,0.0,0.0,580.0,249.0,677.0,294.0
2.0,4670.0,1655.0,843.0,0.0,357.0,357.0,590.0,253.0,1160.0,495.0
2.0,3015.0,1551.0,867.0,0.0,2004.0,2004.0,607.0,260.0,1090.0,461.0
2.0,1464.0,800.0,877.0,357.0,2487.0,2487.0,614.0,263.0,564.0,236.0
2.0,1021.0,115.0,865.0,2004.0,550.0,550.0,606.0,259.0,80.0,35.0
2.0,2910.0,210.0,843.0,2487.0,0.0,0.0,590.0,253.0,141.0,69.0
2.0,5187.0,1048.0,836.0,550.0,0.0,0.0,585.0,251.0,729.0,319.0
2.0,4689.0,1769.0,852.0,0.0,488.0,488.0,596.0,256.0,1238.0,531.0
2.0,2920.0,1596.0,876.0,0.0,2180.0,2180.0,613.0,263.0,1123.0,473.0
2.0,1324.0,750.0,885.0,488.0,2478.0,2478.0,620.0,265.0,531.0,219.0
2.0,1062.0,40.0,870.0,2180.0,278.0,278.0,609.0,261.0,28.0,12.0
2.0,3202.0,183.0,845.0,2478.0,0.0,0.0,592.0,253.0,122.0,61.0
2.0,5497.0,1085.0,838.0,278.0,0.0,0.0,586.0,252.0,752.0,333.0
2.0,4690.0,1824.0,856.0,0.0,558.0,558.0,599.0,257.0,1277.0,547.0
2.0,2866.0,1623.0,883.0,0.0,2289.0,2289.0,618.0,265.0,1145.0,478.0
2.0,1243.0,707.0,893.0,558.0,2478.0,2478.0,625.0,268.0,502.0,205.0
2.0,1094.0,0.0,878.0,2289.0,129.0,129.0,615.0,263.0,0.0,0.0
2.0,3383.0,165.0,853.0,2478.0,0.0,0.0,597.0,256.0,108.0,57.0
2.0,5696.0,1007.0,842.0,129.0,0.0,0.0,589.0,253.0,696.0,311.0
2.0,4818.0,1683.0,856.0,0.0,289.0,289.0,599.0,257.0,1178.0,505.0
2.0,3135.0,1617.0,884.0,0.0,2018.0,2018.0,619.0,265.0,1139.0,478.0
2.0,1518.0,787.0,897.0,289.0,2568.0,2568.0,628.0,269.0,558.0,229.0
2.0,1020.0,61.0,884.0,2018.0,559.0,559.0,619.0,265.0,44.0,17.0
2.0,2977.0,158.0,858.0,2568.0,0.0,0.0,601.0,257.0,105.0,53.0
2.0,5387.0,960.0,846.0,559.0,0.0,0.0,592.0,254.0,664.0,296.0
2.0,4986.0,1737.0,863.0,0.0,203.0,203.0,604.0,259.0,1216.0,521.0
2.0,3249.0,1621.0,891.0,0.0,1936.0,1936.0,624.0,267.0,1143.0,478.0
2.0,1628.0,751.0,904.0,203.0,2536.0,2536.0,633.0,271.0,531.0,220.0
2.0,1080.0,0.0,888.0,1936.0,536.0,536.0,622.0,266.0,0.0,0.0
2.0,3016.0,54.0,861.0,2536.0,0.0,0.0,603.0,258.0,31.0,23.0
2.0,5498.0,853.0,847.0,536.0,0.0,0.0,593.0,254.0,592.0,261.0
2.0,5181.0,1667.0,862.0,0.0,0.0,0.0,603.0,259.0,1167.0,500.0
2.0,3514.0,1708.0,893.0,0.0,1766.0,1766.0,625.0,268.0,1202.0,506.0
2.0,1806.0,881.0,908.0,0.0,2707.0,2707.0,636.0,272.0,623.0,258.0
2.0,925.0,52.0,894.0,1766.0,937.0,937.0,626.0,268.0,36.0,16.0
2.0,2639.0,75.0,864.0,2707.0,0.0,0.0,605.0,259.0,44.0,31.0
2.0,5271.0,873.0,850.0,937.0,0.0,0.0,595.0,255.0,603.0,270.0
2.0,5335.0,1681.0,866.0,0.0,0.0,0.0,606.0,260.0,1178.0,503.0
2.0,3654.0,1647.0,896.0,0.0,1577.0,1577.0,627.0,269.0,1162.0,485.0
2.0,2007.0,837.0,908.0,0.0,2462.0,2462.0,636.0,272.0,594.0,243.0
2.0,1170.0,70.0,893.0,1577.0,895.0,895.0,625.0,268.0,48.0,22.0
2.0,2677.0,120.0,864.0,2462.0,0.0,0.0,605.0,259.0,75.0,45.0
2.0,5019.0,954.0,852.0,895.0,0.0,0.0,596.0,256.0,660.0,294.0
2.0,4960.0,1765.0,869.0,0.0,281.0,281.0,608.0,261.0,1235.0,530.0
2.0,3195.0,1678.0,899.0,0.0,2079.0,2079.0,629.0,270.0,1182.0,496.0
2.0,1517.0,825.0,913.0,281.0,2679.0,2679.0,639.0,274.0,587.0,238.0
2.0,973.0,51.0,898.0,2079.0,591.0,591.0,629.0,269.0,38.0,13.0
2.0,3001.0,129.0,870.0,2679.0,0.0,0.0,609.0,261.0,83.0,46.0
2.0,5551.0,995.0,858.0,591.0,0.0,0.0,600.0,258.0,687.0,308.0
2.0,5147.0,1743.0,875.0,0.0,96.0,96.0,612.0,263.0,1219.0,524.0
2.0,3404.0,1631.0,903.0,0.0,1839.0,1839.0,632.0,271.0,1149.0,482.0
2.0,1773.0,732.0,914.0,96.0,2519.0,2519.0,640.0,274.0,521.0,211.0
2.0,1137.0,0.0,895.0,1839.0,604.0,604.0,627.0,268.0,0.0,0.0
2.0,2976.0,125.0,865.0,2519.0,0.0,0.0,606.0,259.0,82.0,43.0
2.0,5370.0,994.0,854.0,604.0,0.0,0.0,598.0,256.0,690.0,304.0
2.0,4980.0,1759.0,873.0,0.0,271.0,271.0,611.0,262.0,1231.0,528.0
2.0,3221.0,1711.0,904.0,0.0,2106.0,2106.0,633.0,271.0,1202.0,509.0
2.0,1510.0,845.0,916.0,271.0,2728.0,2728.0,641.0,275.0,596.0,249.0
2.0,936.0,71.0,897.0,2106.0,617.0,617.0,628.0,269.0,50.0,21.0
2.0,2971.0,200.0,867.0,2728.0,0.0,0.0,607.0,260.0,137.0,63.0
2.0,5499.0,1078.0,857.0,617.0,0.0,0.0,600.0,257.0,753.0,325.0
2.0,5038.0,1768.0,877.0,0.0,238.0,238.0,614.0,263.0,1238.0,530.0
2.0,3270.0,1629.0,907.0,0.0,1987.0,1987.0,635.0,272.0,1141.0,488.0
2.0,1641.0,721.0,917.0,238.0,2510.0,2510.0,642.0,275.0,507.0,214.0
2.0,1158.0,67.0,898.0,1987.0,514.0,514.0,629.0,269.0,47.0,20.0
2.0,3078.0,279.0,868.0,2510.0,0.0,0.0,608.0,260.0,193.0,86.0
2.0,5309.0,1150.0,859.0,514.0,0.0,0.0,601.0,258.0,804.0,346.0
2.0,4673.0,1767.0,880.0,0.0,614.0,614.0,616.0,264.0,1238.0,529.0
2.0,2906.0,1557.0,910.0,0.0,2291.0,2291.0,637.0,273.0,1092.0,465.0
2.0,1349.0,741.0,920.0,614.0,2458.0,2458.0,644.0,276.0,518.0,223.0
2.0,1222.0,135.0,904.0,2291.0,238.0,238.0,633.0,271.0,93.0,42.0
2.0,3378.0,289.0,877.0,2458.0,0.0,0.0,614.0,263.0,203.0,86.0
2.0,5547.0,1053.0,866.0,238.0,0.0,0.0,606.0,260.0,739.0,314.0
2.0,4732.0,1752.0,884.0,0.0,556.0,556.0,619.0,265.0,1226.0,526.0
2.0,2980.0,1630.0,914.0,0.0,2306.0,2306.0,640.0,274.0,1140.0,490.0
2.0,1350.0,735.0,926.0,556.0,2533.0,2533.0,648.0,278.0,514.0,221.0
2.0,1171.0,0.0,907.0,2306.0,151.0,151.0,635.0,272.0,0.0,0.0
2.0,3477.0,130.0,877.0,2533.0,0.0,0.0,614.0,263.0,91.0,39.0
2.0,5880.0,1033.0,866.0,151.0,0.0,0.0,606.0,260.0,724.0,309.0
2.0,4998.0,1852.0,886.0,0.0,398.0,398.0,620.0,266.0,1296.0,556.0
2.0,3146.0,1785.0,920.0,0.0,2319.0,2319.0,644.0,276.0,1251.0,534.0
2.0,1361.0,811.0,935.0,398.0,2792.0,2792.0,655.0,280.0,567.0,244.0
2.0,948.0,0.0,918.0,2319.0,405.0,405.0,643.0,275.0,0.0,0.0
2.0,3267.0,53.0,888.0,2792.0,0.0,0.0,622.0,266.0,35.0,18.0
2.0,6006.0,950.0,873.0,405.0,0.0,0.0,611.0,262.0,664.0,286.0
2.0,5461.0,1885.0,893.0,0.0,0.0,0.0,625.0,268.0,1322.0,563.0
2.0,3576.0,1896.0,928.0,0.0,2032.0,2032.0,650.0,278.0,1329.0,567.0
2.0,1680.0,888.0,944.0,0.0,2984.0,2984.0,661.0,283.0,621.0,267.0
2.0,792.0,0.0,927.0,2032.0,884.0,884.0,649.0,278.0,0.0,0.0
2.0,2824.0,0.0,894.0,2984.0,0.0,0.0,626.0,268.0,0.0,0.0
2.0,5808.0,912.0,880.0,884.0,0.0,0.0,616.0,264.0,638.0,274.0
2.0,5780.0,1763.0,899.0,0.0,0.0,0.0,629.0,270.0,1234.0,529.0
2.0,4017.0,1791.0,931.0,0.0,1498.0,1498.0,652.0,279.0,1255.0,536.0
2.0,2226.0,949.0,947.0,0.0,2511.0,2511.0,663.0,284.0,666.0,283.0
2.0,1277.0,63.0,930.0,1498.0,1008.0,1008.0,651.0,279.0,45.0,18.0
2.0,2712.0,79.0,898.0,2511.0,0.0,0.0,629.0,269.0,53.0,26.0
2.0,5144.0,978.0,884.0,1008.0,0.0,0.0,619.0,265.0,683.0,295.0
2.0,5174.0,1829.0,903.0,0.0,267.0,267.0,632.0,271.0,1281.0,548.0
2.0,3345.0,1729.0,936.0,0.0,2128.0,2128.0,655.0,281.0,1213.0,516.0
2.0,1616.0,836.0,950.0,267.0,2753.0,2753.0,665.0,285.0,587.0,249.0
2.0,1047.0,5.0,931.0,2128.0,554.0,554.0,652.0,279.0,3.0,2.0
2.0,3170.0,93.0,898.0,2753.0,0.0,0.0,629.0,269.0,64.0,29.0
2.0,5830.0,1006.0,887.0,554.0,0.0,0.0,621.0,266.0,701.0,305.0
2.0,5378.0,1928.0,910.0,0.0,190.0,190.0,637.0,273.0,1347.0,581.0
2.0,3450.0,1887.0,946.0,0.0,2221.0,2221.0,662.0,284.0,1324.0,563.0
2.0,1563.0,944.0,961.0,190.0,3035.0,3035.0,673.0,288.0,665.0,279.0
2.0,809.0,0.0,943.0,2221.0,742.0,742.0,660.0,283.0,0.0,0.0
2.0,3030.0,0.0,908.0,3035.0,0.0,0.0,636.0,272.0,0.0,0.0
2.0,6065.0,913.0,894.0,742.0,0.0,0.0,626.0,268.0,638.0,275.0
2.0,5894.0,1894.0,913.0,0.0,0.0,0.0,639.0,274.0,1323.0,571.0
2.0,4000.0,1896.0,949.0,0.0,1692.0,1692.0,664.0,285.0,1328.0,568.0
2.0,2104.0,923.0,963.0,0.0,2671.0,2671.0,674.0,289.0,649.0,274.0
2.0,1181.0,58.0,943.0,1692.0,957.0,957.0,660.0,283.0,41.0,17.0
2.0,2815.0,56.0,910.0,2671.0,0.0,0.0,637.0,273.0,38.0,18.0
2.0,5430.0,979.0,897.0,957.0,0.0,0.0,628.0,269.0,684.0,295.0
2.0,5408.0,1838.0,919.0,0.0,106.0,106.0,643.0,276.0,1288.0,550.0
2.0,3570.0,1806.0,953.0,0.0,2048.0,2048.0,667.0,286.0,1267.0,539.0
2.0,1764.0,885.0,964.0,106.0,2871.0,2871.0,675.0,289.0,620.0,265.0
2.0,985.0,0.0,942.0,2048.0,735.0,735.0,660.0,282.0,0.0,0.0
2.0,3033.0,34.0,908.0,2871.0,0.0,0.0,636.0,272.0,21.0,13.0
2.0,5870.0,1022.0,898.0,735.0,0.0,0.0,629.0,269.0,714.0,308.0
2.0,5583.0,1943.0,921.0,0.0,44.0,44.0,645.0,276.0,1362.0,581.0
2.0,3640.0,1828.0,954.0,0.0,2004.0,2004.0,668.0,286.0,1283.0,545.0
2.0,1812.0,864.0,965.0,44.0,2868.0,2868.0,676.0,289.0,605.0,259.0
2.0,992.0,0.0,945.0,2004.0,784.0,784.0,662.0,283.0,0.0,0.0
2.0,2996.0,0.0,911.0,2868.0,0.0,0.0,638.0,273.0,0.0,0.0
2.0,5864.0,834.0,896.0,784.0,0.0,0.0,627.0,269.0,581.0,253.0
2.0,5814.0,1755.0,916.0,0.0,0.0,0.0,641.0,275.0,1227.0,528.0
2.0,4059.0,1882.0,951.0,0.0,1627.0,1627.0,666.0,285.0,1317.0,565.0
2.0,2177.0,1061.0,970.0,0.0,2764.0,2764.0,679.0,291.0,744.0,317.0
2.0,1116.0,127.0,952.0,1627.0,1192.0,1192.0,667.0,285.0,92.0,35.0
2.0,2616.0,36.0,917.0,2764.0,0.0,0.0,642.0,275.0,27.0,9.0
2.0,5344.0,843.0,900.0,1192.0,0.0,0.0,630.0,270.0,589.0,254.0
2.0,5693.0,1713.0,917.0,0.0,0.0,0.0,642.0,275.0,1197.0,516.0
2.0,3980.0,1797.0,951.0,0.0,1621.0,1621.0,666.0,285.0,1254.0,543.0
2.0,2183.0,972.0,968.0,0.0,2661.0,2661.0,678.0,290.0,680.0,292.0
2.0,1211.0,94.0,953.0,1621.0,1074.0,1074.0,667.0,286.0,68.0,26.0
2.0,2738.0,0.0,916.0,2661.0,0.0,0.0,641.0,275.0,0.0,0.0
2.0,5399.0,883.0,897.0,1074.0,0.0,0.0,628.0,269.0,620.0,263.0
2.0,5590.0,1757.0,913.0,0.0,0.0,0.0,639.0,274.0,1232.0,525.0
2.0,3833.0,1785.0,947.0,0.0,1740.0,1740.0,663.0,284.0,1249.0,536.0
2.0,2048.0,1026.0,967.0,0.0,2846.0,2846.0,677.0,290.0,717.0,309.0
2.0,1022.0,171.0,953.0,1740.0,1221.0,1221.0,667.0,286.0,119.0,52.0
2.0,2591.0,106.0,921.0,2846.0,0.0,0.0,645.0,276.0,74.0,32.0
2.0,5331.0,855.0,903.0,1221.0,0.0,0.0,632.0,271.0,598.0,257.0
2.0,5697.0,1746.0,918.0,0.0,0.0,0.0,643.0,275.0,1223.0,523.0
2.0,3951.0,1819.0,953.0,0.0,1680.0,1680.0,667.0,286.0,1276.0,543.0
2.0,2132.0,1037.0,971.0,0.0,2789.0,2789.0,680.0,291.0,728.0,309.0
2.0,1095.0,195.0,956.0,1680.0,1244.0,1244.0,669.0,287.0,133.0,62.0
2.0,2580.0,111.0,923.0,2789.0,0.0,0.0,646.0,277.0,72.0,39.0
2.0,5258.0,866.0,906.0,1244.0,0.0,0.0,634.0,272.0,605.0,261.0
2.0,5636.0,1758.0,924.0,0.0,0.0,0.0,647.0,277.0,1236.0,522.0
2.0,3878.0,1884.0,960.0,0.0,1846.0,1846.0,672.0,288.0,1324.0,560.0
2.0,1994.0,1085.0,978.0,0.0,3003.0,3003.0,685.0,293.0,761.0,324.0
2.0,909.0,250.0,964.0,1846.0,1351.0,1351.0,675.0,289.0,170.0,80.0
2.0,2505.0,70.0,928.0,3003.0,0.0,0.0,650.0,278.0,44.0,26.0
2.0,5438.0,748.0,907.0,1351.0,0.0,0.0,635.0,272.0,524.0,224.0
2.0,6041.0,1645.0,920.0,0.0,0.0,0.0,644.0,276.0,1157.0,488.0
2.0,4396.0,1885.0,957.0,0.0,1317.0,1317.0,670.0,287.0,1323.0,562.0
2.0,2511.0,1262.0,981.0,0.0,2675.0,2675.0,687.0,294.0,883.0,379.0
2.0,1249.0,277.0,968.0,1317.0,1583.0,1583.0,678.0,290.0,189.0,88.0
2.0,2289.0,13.0,933.0,2675.0,0.0,0.0,653.0,280.0,5.0,8.0
2.0,4951.0,720.0,910.0,1583.0,0.0,0.0,637.0,273.0,506.0,214.0
2.0,5814.0,1716.0,925.0,0.0,0.0,0.0,648.0,277.0,1206.0,510.0
2.0,4098.0,1962.0,961.0,0.0,1708.0,1708.0,673.0,288.0,1379.0,583.0
2.0,2136.0,1248.0,984.0,0.0,3048.0,3048.0,689.0,295.0,873.0,375.0
2.0,888.0,329.0,971.0,1708.0,1617.0,1617.0,680.0,291.0,224.0,105.0
2.0,2267.0,4.0,937.0,3048.0,0.0,0.0,656.0,281.0,0.0,4.0
2.0,5311.0,582.0,913.0,1617.0,0.0,0.0,639.0,274.0,408.0,174.0
2.0,6346.0,1533.0,926.0,0.0,0.0,0.0,648.0,278.0,1077.0,456.0
2.0,4813.0,1909.0,963.0,0.0,948.0,948.0,674.0,289.0,1341.0,568.0
2.0,2904.0,1339.0,987.0,0.0,2383.0,2383.0,691.0,296.0,935.0,404.0
2.0,1565.0,367.0,974.0,948.0,1750.0,1750.0,682.0,292.0,253.0,114.0
2.0,2146.0,0.0,937.0,2383.0,0.0,0.0,656.0,281.0,0.0,0.0
2.0,4529.0,564.0,913.0,1750.0,0.0,0.0,639.0,274.0,395.0,169.0
2.0,5715.0,1585.0,927.0,0.0,0.0,0.0,649.0,278.0,1111.0,474.0
2.0,4130.0,2037.0,966.0,0.0,1771.0,1771.0,676.0,290.0,1427.0,610.0
2.0,2093.0,1402.0,993.0,0.0,3281.0,3281.0,695.0,298.0,981.0,421.0
2.0,691.0,407.0,985.0,1771.0,1885.0,1885.0,690.0,295.0,283.0,124.0
2.0,2055.0,0.0,951.0,3281.0,0.0,0.0,666.0,285.0,0.0,0.0
2.0,5336.0,565.0,926.0,1885.0,0.0,0.0,648.0,278.0,397.0,168.0
2.0,6656.0,1589.0,936.0,0.0,0.0,0.0,655.0,281.0,1112.0,477.0
2.0,5067.0,2058.0,973.0,0.0,883.0,883.0,681.0,292.0,1441.0,617.0
2.0,3009.0,1456.0,1000.0,0.0,2447.0,2447.0,700.0,300.0,1020.0,436.0
2.0,1553.0,375.0,991.0,883.0,1903.0,1903.0,694.0,297.0,263.0,112.0
2.0,2061.0,0.0,958.0,2447.0,0.0,0.0,671.0,287.0,0.0,0.0
2.0,4508.0,417.0,932.0,1903.0,0.0,0.0,653.0,279.0,290.0,127.0
2.0,5994.0,1368.0,940.0,0.0,0.0,0.0,658.0,282.0,957.0,411.0
2.0,4626.0,1948.0,975.0,0.0,1222.0,1222.0,683.0,292.0,1366.0,582.0
2.0,2678.0,1587.0,1006.0,0.0,2933.0,2933.0,704.0,302.0,1112.0,475.0
2.0,1091.0,640.0,1001.0,1222.0,2331.0,2331.0,701.0,300.0,448.0,192.0
2.0,1673.0,9.0,967.0,2933.0,0.0,0.0,677.0,290.0,4.0,5.0
2.0,4597.0,266.0,939.0,2331.0,0.0,0.0,657.0,282.0,183.0,83.0
2.0,6662.0,1305.0,944.0,0.0,0.0,0.0,661.0,283.0,914.0,391.0
2.0,5357.0,2023.0,980.0,0.0,586.0,586.0,686.0,294.0,1421.0,602.0
2.0,3334.0,1721.0,1010.0,0.0,2427.0,2427.0,707.0,303.0,1209.0,512.0
2.0,1613.0,684.0,1007.0,586.0,2513.0,2513.0,705.0,302.0,477.0,207.0
2.0,1515.0,0.0,974.0,2427.0,0.0,0.0,682.0,292.0,0.0,0.0
2.0,3942.0,232.0,943.0,2513.0,0.0,0.0,660.0,283.0,159.0,73.0
2.0,6223.0,1195.0,946.0,0.0,0.0,0.0,662.0,284.0,833.0,362.0
2.0,5028.0,1973.0,980.0,0.0,865.0,865.0,686.0,294.0,1381.0,592.0
2.0,3055.0,1785.0,1013.0,0.0,2782.0,2782.0,709.0,304.0,1254.0,531.0
2.0,1270.0,773.0,1011.0,865.0,2682.0,2682.0,708.0,303.0,543.0,230.0
2.0,1362.0,8.0,977.0,2782.0,0.0,0.0,684.0,293.0,3.0,5.0
2.0,4136.0,216.0,945.0,2682.0,0.0,0.0,661.0,284.0,147.0,69.0
2.0,6602.0,1233.0,947.0,0.0,0.0,0.0,663.0,284.0,863.0,370.0
2.0,5369.0,2090.0,983.0,0.0,653.0,653.0,688.0,295.0,1467.0,623.0
2.0,3279.0,1870.0,1018.0,0.0,2663.0,2663.0,713.0,305.0,1313.0,557.0
2.0,1409.0,765.0,1018.0,653.0,2775.0,2775.0,713.0,305.0,536.0,229.0
2.0,1297.0,0.0,987.0,2663.0,0.0,0.0,691.0,296.0,0.0,0.0
2.0,3960.0,202.0,954.0,2775.0,0.0,0.0,668.0,286.0,137.0,65.0
2.0,6533.0,1193.0,953.0,0.0,0.0,0.0,667.0,286.0,831.0,362.0
2.0,5340.0,2052.0,987.0,0.0,660.0,660.0,691.0,296.0,1439.0,613.0
2.0,3288.0,1907.0,1023.0,0.0,2711.0,2711.0,716.0,307.0,1339.0,568.0
2.0,1381.0,930.0,1027.0,660.0,2997.0,2997.0,719.0,308.0,654.0,276.0
2.0,1111.0,84.0,996.0,2711.0,246.0,246.0,697.0,299.0,59.0,25.0
2.0,3738.0,180.0,962.0,2997.0,0.0,0.0,673.0,289.0,122.0,58.0
2.0,6555.0,1164.0,960.0,246.0,0.0,0.0,672.0,288.0,812.0,352.0
2.0,5637.0,2069.0,994.0,0.0,408.0,408.0,696.0,298.0,1450.0,619.0
2.0,3568.0,1882.0,1030.0,0.0,2434.0,2434.0,721.0,309.0,1320.0,562.0
2.0,1686.0,861.0,1035.0,408.0,2907.0,2907.0,725.0,310.0,606.0,255.0
2.0,1233.0,20.0,1006.0,2434.0,377.0,377.0,704.0,302.0,13.0,7.0
2.0,3647.0,152.0,972.0,2907.0,0.0,0.0,680.0,292.0,102.0,50.0
2.0,6402.0,1119.0,967.0,377.0,0.0,0.0,677.0,290.0,781.0,338.0
2.0,5660.0,1998.0,1000.0,0.0,338.0,338.0,700.0,300.0,1399.0,599.0
2.0,3662.0,1920.0,1036.0,0.0,2402.0,2402.0,725.0,311.0,1348.0,572.0
2.0,1742.0,890.0,1043.0,338.0,2982.0,2982.0,730.0,313.0,627.0,263.0
2.0,1190.0,0.0,1012.0,2402.0,456.0,456.0,709.0,303.0,0.0,0.0
2.0,3592.0,0.0,973.0,2982.0,0.0,0.0,681.0,292.0,0.0,0.0
2.0,6574.0,921.0,963.0,456.0,0.0,0.0,674.0,289.0,638.0,283.0
2.0,6109.0,1857.0,991.0,0.0,0.0,0.0,694.0,297.0,1295.0,562.0
2.0,4252.0,1909.0,1028.0,0.0,1769.0,1769.0,720.0,308.0,1338.0,571.0
2.0,2343.0,1089.0,1038.0,0.0,2898.0,2898.0,727.0,311.0,770.0,319.0
2.0,1254.0,203.0,1011.0,1769.0,1224.0,1224.0,708.0,303.0,148.0,55.0
2.0,2820.0,171.0,975.0,2898.0,0.0,0.0,683.0,292.0,115.0,56.0
2.0,5547.0,955.0,966.0,1224.0,0.0,0.0,676.0,290.0,658.0,297.0
2.0,5816.0,1860.0,994.0,0.0,20.0,20.0,696.0,298.0,1299.0,561.0
2.0,3956.0,1950.0,1032.0,0.0,2122.0,2122.0,722.0,310.0,1371.0,579.0
2.0,2006.0,1105.0,1045.0,20.0,3259.0,3259.0,732.0,313.0,784.0,321.0
2.0,921.0,145.0,1021.0,2122.0,1186.0,1186.0,715.0,306.0,107.0,38.0
2.0,2898.0,17.0,984.0,3259.0,0.0,0.0,689.0,295.0,6.0,11.0
2.0,6140.0,851.0,970.0,1186.0,0.0,0.0,679.0,291.0,584.0,267.0
2.0,6475.0,1869.0,993.0,0.0,0.0,0.0,695.0,298.0,1304.0,565.0
2.0,4606.0,2073.0,1033.0,0.0,1599.0,1599.0,723.0,310.0,1457.0,616.0
2.0,2533.0,1215.0,1051.0,0.0,2886.0,2886.0,736.0,315.0,859.0,356.0
2.0,1318.0,189.0,1030.0,1599.0,1392.0,1392.0,721.0,309.0,135.0,54.0
2.0,2728.0,0.0,991.0,2886.0,0.0,0.0,694.0,297.0,0.0,0.0
2.0,5614.0,792.0,973.0,1392.0,0.0,0.0,681.0,292.0,547.0,245.0
2.0,6214.0,1803.0,995.0,0.0,0.0,0.0,696.0,299.0,1255.0,548.0
2.0,4411.0,2023.0,1034.0,0.0,1748.0,1748.0,724.0,310.0,1418.0,605.0
2.0,2388.0,1268.0,1054.0,0.0,3096.0,3096.0,738.0,316.0,894.0,374.0
2.0,1120.0,266.0,1036.0,1748.0,1542.0,1542.0,725.0,311.0,192.0,74.0
2.0,2602.0,0.0,998.0,3096.0,0.0,0.0,699.0,299.0,0.0,0.0
2.0,5698.0,699.0,977.0,1542.0,0.0,0.0,684.0,293.0,483.0,216.0
2.0,6541.0,1776.0,996.0,0.0,0.0,0.0,697.0,299.0,1238.0,538.0
2.0,4765.0,2182.0,1039.0,0.0,1573.0,1573.0,727.0,312.0,1527.0,655.0
2.0,2583.0,1477.0,1063.0,0.0,3146.0,3146.0,744.0,319.0,1040.0,437.0
2.0,1106.0,391.0,1047.0,1573.0,1900.0,1900.0,733.0,314.0,279.0,112.0
2.0,2288.0,0.0,1006.0,3146.0,0.0,0.0,704.0,302.0,0.0,0.0
2.0,5434.0,664.0,983.0,1900.0,0.0,0.0,688.0,295.0,460.0,204.0
2.0,6670.0,1654.0,1000.0,0.0,0.0,0.0,700.0,300.0,1153.0,501.0
2.0,5016.0,2028.0,1039.0,0.0,1168.0,1168.0,727.0,312.0,1420.0,608.0
2.0,2988.0,1398.0,1061.0,0.0,2654.0,2654.0,743.0,318.0,984.0,414.0
2.0,1590.0,457.0,1048.0,1168.0,1891.0,1891.0,734.0,314.0,326.0,131.0
2.0,2301.0,96.0,1010.0,2654.0,0.0,0.0,707.0,303.0,68.0,28.0
2.0,4859.0,670.0,987.0,1891.0,0.0,0.0,691.0,296.0,464.0,206.0
2.0,6080.0,1667.0,1000.0,0.0,0.0,0.0,700.0,300.0,1161.0,506.0
2.0,4413.0,2082.0,1039.0,0.0,1825.0,1825.0,727.0,312.0,1455.0,627.0
2.0,2331.0,1548.0,1066.0,0.0,3481.0,3481.0,746.0,320.0,1088.0,460.0
2.0,783.0,581.0,1054.0,1825.0,2189.0,2189.0,738.0,316.0,415.0,166.0
2.0,2027.0,80.0,1015.0,3481.0,0.0,0.0,711.0,304.0,59.0,21.0
2.0,5428.0,595.0,991.0,2189.0,0.0,0.0,694.0,297.0,411.0,184.0
2.0,7022.0,1520.0,1003.0,0.0,0.0,0.0,702.0,301.0,1054.0,466.0
2.0,5502.0,2017.0,1042.0,0.0,683.0,683.0,729.0,313.0,1409.0,608.0
2.0,3485.0,1547.0,1069.0,0.0,2338.0,2338.0,748.0,321.0,1091.0,456.0
2.0,1938.0,579.0,1058.0,683.0,2190.0,2190.0,741.0,317.0,415.0,164.0
2.0,2042.0,63.0,1021.0,2338.0,0.0,0.0,715.0,306.0,46.0,17.0
2.0,4317.0,525.0,994.0,2190.0,0.0,0.0,696.0,298.0,360.0,165.0
2.0,5982.0,1539.0,1007.0,0.0,0.0,0.0,705.0,302.0,1069.0,470.0
2.0,4443.0,2079.0,1047.0,0.0,1824.0,1824.0,733.0,314.0,1454.0,625.0
2.0,2364.0,1613.0,1078.0,0.0,3561.0,3561.0,755.0,323.0,1135.0,478.0
2.0,751.0,649.0,1073.0,1824.0,2366.0,2366.0,751.0,322.0,461.0,188.0
2.0,1926.0,63.0,1038.0,3561.0,0.0,0.0,727.0,311.0,46.0,17.0
2.0,5424.0,431.0,1010.0,2366.0,0.0,0.0,707.0,303.0,298.0,133.0
2.0,7359.0,1469.0,1017.0,0.0,0.0,0.0,712.0,305.0,1021.0,448.0
2.0,5890.0,2128.0,1054.0,0.0,454.0,454.0,738.0,316.0,1486.0,642.0
2.0,3762.0,1622.0,1082.0,0.0,2188.0,2188.0,757.0,325.0,1141.0,481.0
2.0,2140.0,535.0,1074.0,454.0,2237.0,2237.0,752.0,322.0,382.0,153.0
2.0,2059.0,0.0,1038.0,2188.0,0.0,0.0,727.0,311.0,0.0,0.0
2.0,4247.0,423.0,1008.0,2237.0,0.0,0.0,706.0,302.0,292.0,131.0
2.0,6061.0,1498.0,1016.0,0.0,0.0,0.0,711.0,305.0,1043.0,455.0
2.0,4563.0,2150.0,1055.0,0.0,1807.0,1807.0,738.0,317.0,1505.0,645.0
2.0,2413.0,1676.0,1087.0,0.0,3611.0,3611.0,761.0,326.0,1180.0,496.0
2.0,737.0,536.0,1081.0,1807.0,2316.0,2316.0,757.0,324.0,379.0,157.0
2.0,2008.0,0.0,1045.0,3611.0,0.0,0.0,732.0,313.0,0.0,0.0
2.0,5619.0,346.0,1011.0,2316.0,0.0,0.0,708.0,303.0,237.0,109.0
2.0,7589.0,1458.0,1016.0,0.0,0.0,0.0,711.0,305.0,1015.0,443.0
2.0,6131.0,2176.0,1055.0,0.0,265.0,265.0,738.0,317.0,1523.0,653.0
2.0,3955.0,1731.0,1087.0,0.0,2124.0,2124.0,761.0,326.0,1217.0,514.0
2.0,2224.0,630.0,1085.0,265.0,2481.0,2481.0,760.0,325.0,448.0,182.0
2.0,1859.0,21.0,1051.0,2124.0,242.0,242.0,736.0,315.0,15.0,6.0
2.0,3962.0,422.0,1020.0,2481.0,0.0,0.0,714.0,306.0,290.0,132.0
2.0,6021.0,1431.0,1023.0,242.0,0.0,0.0,716.0,307.0,996.0,435.0
2.0,4832.0,2082.0,1057.0,0.0,1478.0,1478.0,740.0,317.0,1457.0,625.0
2.0,2750.0,1761.0,1092.0,0.0,3379.0,3379.0,764.0,328.0,1238.0,523.0
2.0,989.0,751.0,1093.0,1478.0,2656.0,2656.0,765.0,328.0,530.0,221.0
2.0,1716.0,50.0,1060.0,3379.0,0.0,0.0,742.0,318.0,37.0,13.0
2.0,5045.0,369.0,1024.0,2656.0,0.0,0.0,717.0,307.0,255.0,114.0
2.0,7332.0,1425.0,1024.0,0.0,0.0,0.0,717.0,307.0,991.0,434.0
2.0,5907.0,2133.0,1057.0,0.0,454.0,454.0,740.0,317.0,1493.0,640.0
2.0,3774.0,1788.0,1091.0,0.0,2378.0,2378.0,764.0,327.0,1255.0,533.0
2.0,1986.0,694.0,1092.0,454.0,2622.0,2622.0,765.0,327.0,492.0,202.0
2.0,1746.0,14.0,1061.0,2378.0,134.0,134.0,743.0,318.0,11.0,3.0
2.0,4110.0,462.0,1030.0,2622.0,0.0,0.0,721.0,309.0,317.0,145.0
2.0,6270.0,1555.0,1033.0,134.0,0.0,0.0,723.0,310.0,1082.0,473.0
2.0,4849.0,2190.0,1067.0,0.0,1609.0,1609.0,747.0,320.0,1534.0,656.0
2.0,2659.0,1718.0,1098.0,0.0,3451.0,3451.0,769.0,329.0,1210.0,508.0
2.0,941.0,687.0,1098.0,1609.0,2529.0,2529.0,769.0,329.0,487.0,200.0
2.0,1863.0,90.0,1068.0,3451.0,0.0,0.0,748.0,320.0,62.0,28.0
2.0,5224.0,440.0,1037.0,2529.0,0.0,0.0,726.0,311.0,301.0,139.0
2.0,7313.0,1420.0,1034.0,0.0,0.0,0.0,724.0,310.0,987.0,433.0
2.0,5893.0,1999.0,1061.0,0.0,350.0,350.0,743.0,318.0,1401.0,598.0
2.0,3894.0,1694.0,1092.0,0.0,2168.0,2168.0,764.0,328.0,1192.0,502.0
2.0,2200.0,741.0,1095.0,350.0,2571.0,2571.0,767.0,328.0,526.0,215.0
2.0,1809.0,148.0,1068.0,2168.0,443.0,443.0,748.0,320.0,103.0,45.0
2.0,3829.0,515.0,1040.0,2571.0,0.0,0.0,728.0,312.0,353.0,162.0
2.0,5885.0,1462.0,1038.0,443.0,0.0,0.0,727.0,311.0,1018.0,444.0
2.0,4866.0,2110.0,1067.0,0.0,1512.0,1512.0,747.0,320.0,1479.0,631.0
2.0,2756.0,1721.0,1100.0,0.0,3365.0,3365.0,770.0,330.0,1212.0,509.0
2.0,1035.0,714.0,1103.0,1512.0,2579.0,2579.0,772.0,331.0,506.0,208.0
2.0,1833.0,10.0,1074.0,3365.0,0.0,0.0,752.0,322.0,5.0,5.0
2.0,5188.0,400.0,1041.0,2579.0,0.0,0.0,729.0,312.0,273.0,127.0
2.0,7367.0,1449.0,1038.0,0.0,0.0,0.0,727.0,311.0,1009.0,440.0
2.0,5918.0,2086.0,1066.0,0.0,432.0,432.0,746.0,320.0,1461.0,625.0
2.0,3832.0,1644.0,1096.0,0.0,2196.0,2196.0,767.0,329.0,1157.0,487.0
2.0,2188.0,632.0,1100.0,432.0,2412.0,2412.0,770.0,330.0,448.0,184.0
2.0,1988.0,32.0,1072.0,2196.0,136.0,136.0,751.0,321.0,22.0,10.0
2.0,4152.0,506.0,1041.0,2412.0,0.0,0.0,729.0,312.0,348.0,158.0
2.0,6058.0,1610.0,1041.0,136.0,0.0,0.0,729.0,312.0,1121.0,489.0
2.0,4584.0,2165.0,1073.0,0.0,1873.0,1873.0,751.0,322.0,1516.0,649.0
2.0,2419.0,1632.0,1104.0,0.0,3629.0,3629.0,773.0,331.0,1150.0,482.0
2.0,787.0,540.0,1106.0,1873.0,2304.0,2304.0,774.0,332.0,384.0,156.0
2.0,2120.0,0.0,1077.0,3629.0,0.0,0.0,754.0,323.0,0.0,0.0
2.0,5749.0,531.0,1046.0,2304.0,0.0,0.0,732.0,314.0,364.0,167.0
2.0,7522.0,1570.0,1044.0,0.0,0.0,0.0,731.0,313.0,1091.0,479.0
2.0,5952.0,2181.0,1076.0,0.0,533.0,533.0,753.0,323.0,1526.0,655.0
2.0,3771.0,1661.0,1107.0,0.0,2318.0,2318.0,775.0,332.0,1170.0,491.0
2.0,2110.0,573.0,1112.0,533.0,2378.0,2378.0,779.0,333.0,410.0,163.0
2.0,2070.0,0.0,1084.0,2318.0,0.0,0.0,759.0,325.0,0.0,0.0
2.0,4388.0,427.0,1050.0,2378.0,0.0,0.0,735.0,315.0,290.0,137.0
2.0,6339.0,1438.0,1045.0,0.0,0.0,0.0,731.0,314.0,998.0,440.0
2.0,4901.0,2143.0,1073.0,0.0,1534.0,1534.0,751.0,322.0,1502.0,641.0
2.0,2758.0,1796.0,1108.0,0.0,3470.0,3470.0,776.0,332.0,1268.0,528.0
2.0,962.0,848.0,1117.0,1534.0,2820.0,2820.0,782.0,335.0,602.0,246.0
2.0,1648.0,173.0,1092.0,3470.0,0.0,0.0,765.0,327.0,120.0,53.0
2.0,4945.0,490.0,1061.0,2820.0,0.0,0.0,743.0,318.0,332.0,158.0
2.0,7275.0,1420.0,1055.0,0.0,0.0,0.0,738.0,317.0,984.0,436.0
2.0,5855.0,2070.0,1080.0,0.0,535.0,535.0,756.0,324.0,1451.0,619.0
2.0,3785.0,1707.0,1112.0,0.0,2370.0,2370.0,778.0,334.0,1207.0,500.0
2.0,2078.0,792.0,1120.0,535.0,2659.0,2659.0,784.0,336.0,563.0,229.0
2.0,1821.0,176.0,1097.0,2370.0,373.0,373.0,768.0,329.0,120.0,56.0
2.0,4015.0,514.0,1065.0,2659.0,0.0,0.0,746.0,319.0,349.0,165.0
2.0,6160.0,1390.0,1057.0,373.0,0.0,0.0,740.0,317.0,964.0,426.0
2.0,5143.0,2045.0,1083.0,0.0,1234.0,1234.0,758.0,325.0,1436.0,609.0
2.0,3098.0,1795.0,1117.0,0.0,3165.0,3165.0,782.0,335.0,1267.0,528.0
2.0,1303.0,903.0,1126.0,1234.0,2870.0,2870.0,788.0,338.0,639.0,264.0
2.0,1634.0,239.0,1101.0,3165.0,0.0,0.0,771.0,330.0,164.0,75.0
2.0,4560.0,407.0,1067.0,2870.0,0.0,0.0,747.0,320.0,275.0,132.0
2.0,7023.0,1281.0,1058.0,0.0,0.0,0.0,740.0,318.0,890.0,391.0
2.0,5742.0,1995.0,1083.0,0.0,585.0,585.0,758.0,325.0,1400.0,595.0
2.0,3747.0,1820.0,1117.0,0.0,2541.0,2541.0,782.0,335.0,1284.0,536.0
2.0,1927.0,925.0,1125.0,585.0,2913.0,2913.0,788.0,337.0,654.0,271.0
2.0,1587.0,200.0,1102.0,2541.0,480.0,480.0,772.0,330.0,138.0,62.0
2.0,3928.0,470.0,1073.0,2913.0,0.0,0.0,751.0,322.0,320.0,150.0
2.0,6371.0,1393.0,1067.0,480.0,0.0,0.0,747.0,320.0,968.0,425.0
2.0,5458.0,2065.0,1093.0,0.0,979.0,979.0,765.0,328.0,1446.0,619.0
2.0,3393.0,1780.0,1124.0,0.0,2883.0,2883.0,787.0,337.0,1254.0,526.0
2.0,1613.0,875.0,1131.0,979.0,2807.0,2807.0,792.0,339.0,621.0,254.0
2.0,1717.0,188.0,1107.0,2883.0,16.0,16.0,775.0,332.0,132.0,56.0
2.0,4412.0,436.0,1074.0,2807.0,0.0,0.0,752.0,322.0,297.0,139.0
2.0,6783.0,1343.0,1067.0,16.0,0.0,0.0,747.0,320.0,932.0,411.0
2.0,5456.0,1998.0,1092.0,0.0,910.0,910.0,764.0,328.0,1399.0,599.0
2.0,3458.0,1728.0,1124.0,0.0,2766.0,2766.0,787.0,337.0,1218.0,510.0
2.0,1730.0,907.0,1134.0,910.0,2803.0,2803.0,794.0,340.0,641.0,266.0
2.0,1733.0,343.0,1113.0,2766.0,296.0,296.0,779.0,334.0,240.0,103.0
2.0,4156.0,555.0,1084.0,2803.0,0.0,0.0,759.0,325.0,381.0,174.0
2.0,6404.0,1275.0,1076.0,296.0,0.0,0.0,753.0,323.0,885.0,390.0
2.0,5425.0,1849.0,1100.0,0.0,824.0,824.0,770.0,330.0,1296.0,553.0
2.0,3576.0,1675.0,1132.0,0.0,2627.0,2627.0,792.0,340.0,1180.0,495.0
2.0,1901.0,919.0,1140.0,824.0,2754.0,2754.0,798.0,342.0,652.0,267.0
2.0,1806.0,354.0,1115.0,2627.0,381.0,381.0,781.0,334.0,248.0,106.0
2.0,4079.0,594.0,1085.0,2754.0,0.0,0.0,760.0,325.0,407.0,187.0
2.0,6239.0,1346.0,1080.0,381.0,0.0,0.0,756.0,324.0,933.0,413.0
2.0,5274.0,1886.0,1106.0,0.0,1036.0,1036.0,774.0,332.0,1321.0,565.0
2.0,3388.0,1584.0,1136.0,0.0,2740.0,2740.0,795.0,341.0,1118.0,466.0
2.0,1804.0,812.0,1141.0,1036.0,2536.0,2536.0,799.0,342.0,578.0,234.0
2.0,2028.0,305.0,1117.0,2740.0,5.0,5.0,782.0,335.0,211.0,94.0
2.0,4463.0,585.0,1087.0,2536.0,0.0,0.0,761.0,326.0,400.0,185.0
2.0,6414.0,1419.0,1082.0,5.0,0.0,0.0,757.0,325.0,985.0,434.0
2.0,5000.0,1954.0,1109.0,0.0,1390.0,1390.0,776.0,333.0,1369.0,585.0
2.0,3046.0,1694.0,1141.0,0.0,3212.0,3212.0,799.0,342.0,1195.0,499.0
2.0,1352.0,851.0,1149.0,1390.0,2705.0,2705.0,805.0,344.0,605.0,246.0
2.0,1891.0,293.0,1127.0,3212.0,0.0,0.0,789.0,338.0,204.0,89.0
2.0,4810.0,607.0,1097.0,2705.0,0.0,0.0,768.0,329.0,416.0,191.0
2.0,6908.0,1443.0,1090.0,0.0,0.0,0.0,763.0,327.0,1002.0,441.0
2.0,5465.0,1889.0,1111.0,0.0,868.0,868.0,777.0,334.0,1324.0,565.0
2.0,3576.0,1556.0,1137.0,0.0,2528.0,2528.0,796.0,341.0,1099.0,457.0
2.0,2020.0,838.0,1144.0,868.0,2526.0,2526.0,801.0,343.0,596.0,242.0
2.0,2050.0,474.0,1126.0,2528.0,400.0,400.0,789.0,337.0,330.0,144.0
2.0,4104.0,767.0,1101.0,2526.0,0.0,0.0,771.0,330.0,526.0,241.0
2.0,5863.0,1431.0,1096.0,400.0,0.0,0.0,767.0,329.0,994.0,437.0
2.0,4832.0,1840.0,1116.0,0.0,1472.0,1472.0,781.0,335.0,1291.0,549.0
2.0,2992.0,1620.0,1143.0,0.0,3200.0,3200.0,800.0,343.0,1143.0,477.0
2.0,1372.0,924.0,1151.0,1472.0,2684.0,2684.0,806.0,345.0,654.0,270.0
2.0,1920.0,481.0,1134.0,3200.0,0.0,0.0,794.0,340.0,333.0,148.0
2.0,4639.0,727.0,1108.0,2684.0,0.0,0.0,776.0,332.0,498.0,229.0
2.0,6596.0,1363.0,1100.0,0.0,0.0,0.0,770.0,330.0,947.0,416.0
2.0,5233.0,1763.0,1116.0,0.0,994.0,994.0,781.0,335.0,1238.0,525.0
2.0,3470.0,1584.0,1143.0,0.0,2686.0,2686.0,800.0,343.0,1120.0,464.0
2.0,1886.0,961.0,1154.0,994.0,2697.0,2697.0,808.0,346.0,681.0,280.0
2.0,1919.0,549.0,1139.0,2686.0,500.0,500.0,798.0,341.0,380.0,169.0
2.0,4056.0,717.0,1114.0,2697.0,0.0,0.0,780.0,334.0,489.0,228.0
2.0,6036.0,1365.0,1106.0,500.0,0.0,0.0,774.0,332.0,948.0,417.0
2.0,5171.0,1748.0,1122.0,0.0,1065.0,1065.0,785.0,337.0,1229.0,519.0
2.0,3423.0,1598.0,1149.0,0.0,2771.0,2771.0,804.0,345.0,1131.0,467.0
2.0,1825.0,1026.0,1159.0,1065.0,2772.0,2772.0,812.0,347.0,725.0,301.0
2.0,1864.0,632.0,1145.0,2771.0,577.0,577.0,802.0,343.0,438.0,194.0
2.0,4003.0,807.0,1120.0,2772.0,0.0,0.0,784.0,336.0,552.0,255.0
2.0,5968.0,1277.0,1110.0,577.0,0.0,0.0,777.0,333.0,884.0,393.0
2.0,5268.0,1610.0,1125.0,0.0,842.0,842.0,787.0,338.0,1130.0,480.0
2.0,3658.0,1458.0,1149.0,0.0,2396.0,2396.0,804.0,345.0,1035.0,423.0
2.0,2200.0,1015.0,1161.0,842.0,2617.0,2617.0,813.0,348.0,722.0,293.0
2.0,2027.0,695.0,1148.0,2396.0,864.0,864.0,804.0,344.0,485.0,210.0
2.0,3728.0,852.0,1126.0,2617.0,0.0,0.0,788.0,338.0,582.0,270.0
2.0,5493.0,1357.0,1119.0,864.0,0.0,0.0,783.0,336.0,938.0,419.0
2.0,5000.0,1696.0,1133.0,0.0,1228.0,1228.0,793.0,340.0,1191.0,505.0
2.0,3304.0,1444.0,1156.0,0.0,2764.0,2764.0,809.0,347.0,1025.0,419.0
2.0,1860.0,888.0,1161.0,1228.0,2444.0,2444.0,813.0,348.0,632.0,256.0
2.0,2200.0,526.0,1147.0,2764.0,150.0,150.0,803.0,344.0,366.0,160.0
2.0,4438.0,802.0,1127.0,2444.0,0.0,0.0,789.0,338.0,546.0,256.0
2.0,6080.0,1461.0,1123.0,150.0,0.0,0.0,786.0,337.0,1011.0,450.0
2.0,4769.0,1843.0,1141.0,0.0,1638.0,1638.0,798.0,343.0,1292.0,551.0
2.0,2926.0,1498.0,1163.0,0.0,3224.0,3224.0,814.0,349.0,1062.0,436.0
2.0,1428.0,752.0,1165.0,1638.0,2346.0,2346.0,816.0,349.0,541.0,211.0
2.0,2314.0,414.0,1148.0,3224.0,0.0,0.0,804.0,344.0,288.0,126.0
2.0,5124.0,833.0,1127.0,2346.0,0.0,0.0,789.0,338.0,568.0,265.0
2.0,6637.0,1642.0,1129.0,0.0,0.0,0.0,790.0,339.0,1136.0,506.0
2.0,4995.0,1943.0,1151.0,0.0,1552.0,1552.0,805.0,346.0,1362.0,581.0
2.0,3052.0,1480.0,1173.0,0.0,3120.0,3120.0,821.0,352.0,1054.0,426.0
2.0,1572.0,681.0,1175.0,1552.0,2257.0,2257.0,823.0,352.0,490.0,191.0
2.0,2443.0,348.0,1154.0,3120.0,0.0,0.0,808.0,346.0,240.0,108.0
2.0,5215.0,781.0,1131.0,2257.0,0.0,0.0,792.0,339.0,529.0,252.0
2.0,6691.0,1525.0,1129.0,0.0,0.0,0.0,790.0,339.0,1056.0,469.0
2.0,5166.0,1940.0,1149.0,0.0,1370.0,1370.0,804.0,345.0,1363.0,577.0
2.0,3226.0,1613.0,1174.0,0.0,3083.0,3083.0,822.0,352.0,1147.0,466.0
2.0,1613.0,856.0,1179.0,1370.0,2589.0,2589.0,826.0,353.0,612.0,244.0
2.0,2127.0,442.0,1161.0,3083.0,0.0,0.0,813.0,348.0,303.0,139.0
2.0,4768.0,788.0,1139.0,2589.0,0.0,0.0,797.0,342.0,535.0,253.0
2.0,6569.0,1508.0,1138.0,0.0,0.0,0.0,796.0,342.0,1043.0,465.0
2.0,5061.0,1887.0,1158.0,0.0,1458.0,1458.0,810.0,348.0,1325.0,562.0
2.0,3174.0,1471.0,1177.0,0.0,3005.0,3005.0,824.0,353.0,1048.0,423.0
2.0,1703.0,746.0,1177.0,1458.0,2293.0,2293.0,824.0,353.0,538.0,208.0
2.0,2415.0,460.0,1158.0,3005.0,0.0,0.0,811.0,347.0,317.0,143.0
2.0,4960.0,955.0,1141.0,2293.0,0.0,0.0,799.0,342.0,649.0,306.0
2.0,6298.0,1644.0,1142.0,0.0,0.0,0.0,799.0,343.0,1135.0,509.0
2.0,4654.0,1860.0,1159.0,0.0,1842.0,1842.0,811.0,348.0,1307.0,553.0
2.0,2794.0,1399.0,1177.0,0.0,3313.0,3313.0,824.0,353.0,1000.0,399.0
2.0,1395.0,705.0,1177.0,1842.0,2176.0,2176.0,824.0,353.0,509.0,196.0
2.0,2532.0,544.0,1161.0,3313.0,0.0,0.0,813.0,348.0,374.0,170.0
2.0,5301.0,989.0,1147.0,2176.0,0.0,0.0,803.0,344.0,671.0,318.0
2.0,6488.0,1645.0,1148.0,0.0,0.0,0.0,803.0,345.0,1137.0,508.0
2.0,4843.0,1821.0,1164.0,0.0,1634.0,1634.0,814.0,350.0,1282.0,539.0
2.0,3022.0,1322.0,1179.0,0.0,3016.0,3016.0,825.0,354.0,947.0,375.0
2.0,1700.0,734.0,1179.0,1634.0,2116.0,2116.0,826.0,353.0,529.0,205.0
2.0,2600.0,627.0,1165.0,3016.0,0.0,0.0,816.0,349.0,431.0,196.0
2.0,4989.0,1112.0,1153.0,2116.0,0.0,0.0,807.0,346.0,757.0,355.0
2.0,5993.0,1662.0,1154.0,0.0,285.0,285.0,807.0,347.0,1150.0,512.0
2.0,4331.0,1753.0,1168.0,0.0,2094.0,2094.0,817.0,351.0,1235.0,518.0
2.0,2578.0,1261.0,1180.0,285.0,3118.0,3118.0,826.0,354.0,904.0,357.0
2.0,1602.0,711.0,1178.0,2094.0,1727.0,1727.0,825.0,353.0,511.0,200.0
2.0,2985.0,651.0,1166.0,3118.0,0.0,0.0,817.0,349.0,446.0,205.0
2.0,5452.0,1125.0,1157.0,1727.0,0.0,0.0,810.0,347.0,766.0,359.0
2.0,6054.0,1603.0,1159.0,0.0,185.0,185.0,811.0,348.0,1110.0,493.0
2.0,4451.0,1696.0,1173.0,0.0,1937.0,1937.0,821.0,352.0,1197.0,499.0
2.0,2755.0,1288.0,1184.0,185.0,3084.0,3084.0,829.0,355.0,925.0,363.0
2.0,1652.0,825.0,1184.0,1937.0,1972.0,1972.0,829.0,355.0,590.0,235.0
2.0,2764.0,720.0,1172.0,3084.0,0.0,0.0,821.0,351.0,493.0,227.0
2.0,5128.0,1096.0,1160.0,1972.0,0.0,0.0,812.0,348.0,744.0,352.0
2.0,6004.0,1561.0,1162.0,0.0,205.0,205.0,813.0,349.0,1082.0,479.0
2.0,4443.0,1645.0,1176.0,0.0,1906.0,1906.0,823.0,353.0,1164.0,481.0
2.0,2798.0,1212.0,1190.0,205.0,2969.0,2969.0,833.0,357.0,870.0,342.0
2.0,1791.0,704.0,1188.0,1906.0,1759.0,1759.0,832.0,356.0,502.0,202.0
2.0,2993.0,603.0,1172.0,2969.0,0.0,0.0,821.0,351.0,411.0,192.0
2.0,5359.0,1056.0,1157.0,1759.0,0.0,0.0,810.0,347.0,719.0,337.0
2.0,6062.0,1668.0,1160.0,0.0,246.0,246.0,812.0,348.0,1157.0,511.0
2.0,4394.0,1766.0,1179.0,0.0,2088.0,2088.0,825.0,354.0,1247.0,519.0
2.0,2628.0,1225.0,1194.0,246.0,3127.0,3127.0,836.0,358.0,878.0,347.0
2.0,1649.0,636.0,1191.0,2088.0,1663.0,1663.0,834.0,357.0,455.0,181.0
2.0,3101.0,581.0,1171.0,3127.0,0.0,0.0,820.0,351.0,396.0,185.0
2.0,5647.0,1092.0,1154.0,1663.0,0.0,0.0,808.0,346.0,744.0,348.0
2.0,6218.0,1677.0,1158.0,0.0,91.0,91.0,810.0,348.0,1164.0,513.0
2.0,4541.0,1810.0,1179.0,0.0,1985.0,1985.0,825.0,354.0,1279.0,531.0
2.0,2731.0,1340.0,1199.0,91.0,3314.0,3314.0,839.0,360.0,961.0,379.0
2.0,1482.0,620.0,1196.0,1985.0,1937.0,1937.0,838.0,358.0,444.0,176.0
2.0,2847.0,445.0,1175.0,3314.0,0.0,0.0,823.0,352.0,297.0,148.0
2.0,5716.0,1047.0,1158.0,1937.0,0.0,0.0,811.0,347.0,710.0,337.0
2.0,6606.0,1777.0,1161.0,0.0,0.0,0.0,812.0,349.0,1234.0,543.0
2.0,4829.0,1994.0,1183.0,0.0,1897.0,1897.0,828.0,355.0,1410.0,584.0
2.0,2835.0,1442.0,1202.0,0.0,3415.0,3415.0,842.0,360.0,1035.0,407.0
2.0,1393.0,642.0,1199.0,1897.0,2148.0,2148.0,840.0,359.0,461.0,181.0
2.0,2648.0,394.0,1178.0,3415.0,0.0,0.0,825.0,353.0,259.0,135.0
2.0,5669.0,993.0,1160.0,2148.0,0.0,0.0,812.0,348.0,668.0,325.0
2.0,6824.0,1850.0,1168.0,0.0,0.0,0.0,817.0,351.0,1284.0,566.0
2.0,4974.0,2075.0,1194.0,0.0,1877.0,1877.0,835.0,359.0,1470.0,605.0
2.0,2899.0,1452.0,1213.0,0.0,3405.0,3405.0,849.0,364.0,1045.0,407.0
2.0,1447.0,652.0,1206.0,1877.0,2152.0,2152.0,845.0,361.0,466.0,186.0
2.0,2672.0,425.0,1183.0,3405.0,0.0,0.0,829.0,354.0,280.0,145.0
2.0,5652.0,1011.0,1167.0,2152.0,0.0,0.0,817.0,350.0,682.0,329.0
2.0,6793.0,1852.0,1175.0,0.0,0.0,0.0,822.0,353.0,1287.0,565.0
2.0,4941.0,2098.0,1202.0,0.0,1965.0,1965.0,841.0,361.0,1486.0,612.0
2.0,2843.0,1473.0,1220.0,0.0,3510.0,3510.0,854.0,366.0,1058.0,415.0
2.0,1370.0,631.0,1213.0,1965.0,2148.0,2148.0,850.0,363.0,450.0,181.0
2.0,2704.0,375.0,1189.0,3510.0,0.0,0.0,833.0,356.0,244.0,131.0
2.0,5839.0,979.0,1173.0,2148.0,0.0,0.0,821.0,352.0,660.0,319.0
2.0,7008.0,1838.0,1182.0,0.0,0.0,0.0,827.0,355.0,1278.0,560.0
2.0,5170.0,2072.0,1208.0,0.0,1734.0,1734.0,845.0,363.0,1467.0,605.0
2.0,3098.0,1474.0,1225.0,0.0,3276.0,3276.0,858.0,367.0,1058.0,416.0
2.0,1624.0,638.0,1216.0,1734.0,2144.0,2144.0,852.0,364.0,456.0,182.0
2.0,2720.0,375.0,1191.0,3276.0,0.0,0.0,834.0,357.0,246.0,129.0
2.0,5621.0,978.0,1176.0,2144.0,0.0,0.0,823.0,353.0,660.0,318.0
2.0,6787.0,1851.0,1188.0,0.0,0.0,0.0,831.0,357.0,1286.0,565.0
2.0,4936.0,2121.0,1215.0,0.0,2045.0,2045.0,850.0,365.0,1500.0,621.0
2.0,2815.0,1360.0,1228.0,0.0,3457.0,3457.0,860.0,368.0,979.0,381.0
2.0,1455.0,404.0,1214.0,2045.0,1760.0,1760.0,851.0,363.0,295.0,109.0
2.0,3096.0,322.0,1190.0,3457.0,0.0,0.0,834.0,356.0,210.0,112.0
2.0,6231.0,1153.0,1180.0,1760.0,0.0,0.0,826.0,354.0,780.0,373.0
2.0,6838.0,2034.0,1194.0,0.0,0.0,0.0,835.0,359.0,1412.0,622.0
2.0,4804.0,2155.0,1219.0,0.0,2227.0,2227.0,853.0,366.0,1522.0,633.0
2.0,2649.0,1354.0,1231.0,0.0,3629.0,3629.0,862.0,369.0,973.0,381.0
2.0,1295.0,387.0,1218.0,2227.0,1737.0,1737.0,853.0,365.0,283.0,104.0
2.0,3135.0,248.0,1192.0,3629.0,0.0,0.0,835.0,357.0,162.0,86.0
2.0,6516.0,1067.0,1181.0,1737.0,0.0,0.0,827.0,354.0,723.0,344.0
2.0,7186.0,2058.0,1198.0,0.0,0.0,0.0,838.0,360.0,1427.0,631.0
2.0,5128.0,2228.0,1227.0,0.0,2008.0,2008.0,858.0,369.0,1572.0,656.0
2.0,2900.0,1326.0,1241.0,0.0,3390.0,3390.0,869.0,372.0,954.0,372.0
2.0,1574.0,400.0,1229.0,2008.0,1734.0,1734.0,861.0,368.0,293.0,107.0
2.0,3182.0,196.0,1200.0,3390.0,0.0,0.0,841.0,359.0,123.0,73.0
2.0,6376.0,980.0,1184.0,1734.0,0.0,0.0,829.0,355.0,659.0,321.0
2.0,7130.0,2001.0,1200.0,0.0,0.0,0.0,839.0,361.0,1389.0,612.0
2.0,5129.0,2230.0,1231.0,0.0,2025.0,2025.0,861.0,370.0,1575.0,655.0
2.0,2899.0,1426.0,1247.0,0.0,3515.0,3515.0,873.0,374.0,1024.0,402.0
2.0,1473.0,345.0,1232.0,2025.0,1775.0,1775.0,863.0,369.0,253.0,92.0
2.0,3153.0,187.0,1203.0,3515.0,0.0,0.0,843.0,360.0,118.0,69.0
2.0,6481.0,1085.0,1190.0,1775.0,0.0,0.0,833.0,357.0,736.0,349.0
2.0,7171.0,2104.0,1204.0,0.0,0.0,0.0,842.0,362.0,1462.0,642.0
2.0,5067.0,2268.0,1236.0,0.0,2145.0,2145.0,865.0,371.0,1600.0,668.0
2.0,2799.0,1331.0,1253.0,0.0,3544.0,3544.0,877.0,376.0,955.0,376.0
2.0,1468.0,230.0,1237.0,2145.0,1565.0,1565.0,867.0,370.0,171.0,59.0
2.0,3383.0,98.0,1205.0,3544.0,0.0,0.0,844.0,361.0,55.0,43.0
2.0,6829.0,1131.0,1189.0,1565.0,0.0,0.0,832.0,357.0,768.0,363.0
2.0,7263.0,2277.0,1204.0,0.0,0.0,0.0,842.0,362.0,1585.0,692.0
2.0,4986.0,2316.0,1237.0,0.0,2278.0,2278.0,865.0,372.0,1635.0,681.0
2.0,2670.0,1209.0,1253.0,0.0,3551.0,3551.0,877.0,376.0,869.0,340.0
2.0,1461.0,78.0,1235.0,2278.0,1279.0,1279.0,865.0,370.0,62.0,16.0
2.0,3661.0,153.0,1202.0,3551.0,0.0,0.0,842.0,360.0,93.0,60.0
2.0,7059.0,1279.0,1187.0,1279.0,0.0,0.0,831.0,356.0,874.0,405.0
2.0,7059.0,2379.0,1205.0,0.0,140.0,140.0,843.0,362.0,1658.0,721.0
2.0,4680.0,2358.0,1238.0,0.0,2630.0,2630.0,866.0,372.0,1665.0,693.0
2.0,2322.0,1222.0,1253.0,140.0,3772.0,3772.0,877.0,376.0,877.0,345.0
2.0,1240.0,163.0,1236.0,2630.0,1237.0,1237.0,866.0,370.0,120.0,43.0
2.0,3707.0,197.0,1205.0,3772.0,0.0,0.0,844.0,361.0,122.0,75.0
2.0,7282.0,1334.0,1190.0,1237.0,0.0,0.0,833.0,357.0,913.0,421.0
2.0,7185.0,2398.0,1208.0,0.0,45.0,45.0,845.0,363.0,1674.0,724.0
2.0,4787.0,2298.0,1239.0,0.0,2467.0,2467.0,867.0,372.0,1625.0,673.0
2.0,2489.0,1103.0,1254.0,45.0,3585.0,3585.0,878.0,376.0,793.0,310.0
2.0,1431.0,95.0,1237.0,2467.0,1145.0,1145.0,867.0,370.0,72.0,23.0
2.0,3803.0,229.0,1206.0,3585.0,0.0,0.0,845.0,361.0,145.0,84.0
2.0,7159.0,1407.0,1193.0,1145.0,0.0,0.0,835.0,358.0,961.0,446.0
2.0,6897.0,2462.0,1212.0,0.0,413.0,413.0,848.0,364.0,1716.0,746.0
2.0,4435.0,2303.0,1244.0,0.0,2844.0,2844.0,870.0,374.0,1629.0,674.0
2.0,2132.0,1151.0,1260.0,413.0,3646.0,3646.0,882.0,378.0,831.0,320.0
2.0,1394.0,103.0,1242.0,2844.0,833.0,833.0,870.0,372.0,79.0,24.0
2.0,4135.0,209.0,1211.0,3646.0,0.0,0.0,848.0,363.0,128.0,81.0
2.0,7572.0,1364.0,1196.0,833.0,0.0,0.0,837.0,359.0,930.0,434.0
2.0,7041.0,2431.0,1217.0,0.0,258.0,258.0,851.0,366.0,1695.0,736.0
2.0,4610.0,2298.0,1253.0,0.0,2700.0,2700.0,876.0,377.0,1628.0,670.0
2.0,2312.0,1163.0,1270.0,258.0,3673.0,3673.0,889.0,381.0,840.0,323.0
2.0,1407.0,120.0,1249.0,2700.0,1009.0,1009.0,875.0,374.0,92.0,28.0
2.0,3987.0,221.0,1215.0,3673.0,0.0,0.0,851.0,364.0,134.0,87.0
2.0,7439.0,1310.0,1199.0,1009.0,0.0,0.0,839.0,360.0,891.0,419.0
2.0,7138.0,2317.0,1217.0,0.0,47.0,47.0,851.0,366.0,1617.0,700.0
2.0,4821.0,2254.0,1252.0,0.0,2441.0,2441.0,876.0,376.0,1596.0,658.0
2.0,2567.0,1256.0,1272.0,47.0,3730.0,3730.0,891.0,381.0,905.0,351.0
2.0,1358.0,296.0,1257.0,2441.0,1525.0,1525.0,881.0,376.0,213.0,83.0
2.0,3503.0,281.0,1223.0,3730.0,0.0,0.0,857.0,366.0,177.0,104.0
2.0,6952.0,1309.0,1206.0,1525.0,0.0,0.0,844.0,362.0,892.0,417.0
2.0,7168.0,2275.0,1224.0,0.0,3.0,3.0,856.0,368.0,1586.0,689.0
2.0,4893.0,2181.0,1258.0,0.0,2320.0,2320.0,880.0,378.0,1546.0,635.0
2.0,2712.0,1212.0,1277.0,3.0,3605.0,3605.0,894.0,383.0,875.0,337.0
2.0,1503.0,297.0,1264.0,2320.0,1530.0,1530.0,886.0,378.0,214.0,83.0
2.0,3526.0,298.0,1232.0,3605.0,0.0,0.0,863.0,369.0,188.0,110.0
2.0,6833.0,1305.0,1214.0,1530.0,0.0,0.0,850.0,364.0,888.0,417.0
2.0,7058.0,2243.0,1230.0,0.0,105.0,105.0,860.0,370.0,1565.0,678.0
2.0,4815.0,2216.0,1265.0,0.0,2461.0,2461.0,885.0,380.0,1571.0,645.0
2.0,2599.0,1236.0,1286.0,105.0,3676.0,3676.0,900.0,386.0,890.0,346.0
2.0,1468.0,271.0,1270.0,2461.0,1422.0,1422.0,890.0,380.0,195.0,76.0
2.0,3658.0,347.0,1236.0,3676.0,0.0,0.0,866.0,370.0,222.0,125.0
2.0,6987.0,1262.0,1217.0,1422.0,0.0,0.0,852.0,365.0,860.0,402.0
2.0,7147.0,2186.0,1234.0,0.0,0.0,0.0,863.0,371.0,1526.0,660.0
2.0,4961.0,2249.0,1272.0,0.0,2376.0,2376.0,890.0,382.0,1593.0,656.0
2.0,2712.0,1330.0,1296.0,0.0,3802.0,3802.0,907.0,389.0,955.0,375.0
2.0,1382.0,350.0,1280.0,2376.0,1712.0,1712.0,897.0,383.0,250.0,100.0
2.0,3408.0,264.0,1242.0,3802.0,0.0,0.0,870.0,372.0,166.0,98.0
2.0,6946.0,1166.0,1220.0,1712.0,0.0,0.0,854.0,366.0,791.0,375.0
2.0,7492.0,2154.0,1238.0,0.0,0.0,0.0,866.0,372.0,1503.0,651.0
2.0,5338.0,2276.0,1281.0,0.0,2062.0,2062.0,896.0,385.0,1612.0,664.0
2.0,3062.0,1430.0,1305.0,0.0,3588.0,3588.0,914.0,391.0,1026.0,404.0
2.0,1632.0,542.0,1290.0,2062.0,2008.0,2008.0,904.0,386.0,385.0,157.0
2.0,3152.0,389.0,1252.0,3588.0,0.0,0.0,877.0,375.0,253.0,136.0
2.0,6351.0,1091.0,1229.0,2008.0,0.0,0.0,860.0,369.0,739.0,352.0
2.0,7268.0,1994.0,1243.0,0.0,0.0,0.0,869.0,374.0,1392.0,602.0
2.0,5274.0,2150.0,1281.0,0.0,2000.0,2000.0,896.0,385.0,1525.0,625.0
2.0,3124.0,1470.0,1305.0,0.0,3566.0,3566.0,914.0,391.0,1054.0,416.0
2.0,1654.0,579.0,1292.0,2000.0,2093.0,2093.0,905.0,387.0,409.0,170.0
2.0,3075.0,406.0,1253.0,3566.0,0.0,0.0,878.0,375.0,264.0,142.0
2.0,6235.0,1114.0,1230.0,2093.0,0.0,0.0,861.0,369.0,757.0,357.0
2.0,7214.0,2029.0,1248.0,0.0,0.0,0.0,873.0,375.0,1416.0,613.0
2.0,5185.0,2194.0,1288.0,0.0,2161.0,2161.0,901.0,387.0,1554.0,640.0
2.0,2991.0,1434.0,1311.0,0.0,3687.0,3687.0,918.0,393.0,1026.0,408.0
2.0,1557.0,529.0,1295.0,2161.0,1991.0,1991.0,907.0,388.0,376.0,153.0
2.0,3189.0,430.0,1255.0,3687.0,0.0,0.0,879.0,376.0,282.0,148.0
2.0,6446.0,1189.0,1234.0,1991.0,0.0,0.0,864.0,370.0,809.0,380.0
2.0,7248.0,2073.0,1252.0,0.0,0.0,0.0,876.0,376.0,1447.0,626.0
2.0,5175.0,2175.0,1292.0,0.0,2168.0,2168.0,904.0,388.0,1542.0,633.0
2.0,3000.0,1342.0,1314.0,0.0,3598.0,3598.0,920.0,394.0,963.0,379.0
2.0,1658.0,518.0,1297.0,2168.0,1880.0,1880.0,909.0,388.0,365.0,153.0
2.0,3308.0,481.0,1259.0,3598.0,0.0,0.0,882.0,377.0,317.0,164.0
2.0,6425.0,1253.0,1240.0,1880.0,0.0,0.0,868.0,372.0,856.0,397.0
2.0,7052.0,2015.0,1256.0,0.0,0.0,0.0,878.0,378.0,1408.0,607.0
2.0,5037.0,2029.0,1292.0,0.0,2160.0,2160.0,904.0,388.0,1439.0,590.0
2.0,3008.0,1331.0,1314.0,0.0,3579.0,3579.0,920.0,394.0,954.0,377.0
2.0,1677.0,541.0,1299.0,2160.0,1900.0,1900.0,910.0,389.0,382.0,159.0
2.0,3296.0,515.0,1265.0,3579.0,0.0,0.0,886.0,379.0,340.0,175.0
2.0,6360.0,1279.0,1246.0,1900.0,0.0,0.0,872.0,374.0,873.0,406.0
2.0,6981.0,2000.0,1260.0,0.0,59.0,59.0,881.0,379.0,1397.0,603.0
2.0,4981.0,2098.0,1295.0,0.0,2297.0,2297.0,906.0,389.0,1489.0,609.0
2.0,2883.0,1433.0,1317.0,59.0,3759.0,3759.0,922.0,395.0,1025.0,408.0
2.0,1509.0,619.0,1303.0,2297.0,2025.0,2025.0,913.0,390.0,438.0,181.0
2.0,3187.0,464.0,1269.0,3759.0,0.0,0.0,889.0,380.0,305.0,159.0
2.0,6482.0,1056.0,1247.0,2025.0,0.0,0.0,873.0,374.0,715.0,341.0
2.0,7451.0,1895.0,1260.0,0.0,0.0,0.0,881.0,379.0,1322.0,573.0
2.0,5556.0,2080.0,1295.0,0.0,1704.0,1704.0,906.0,389.0,1476.0,604.0
2.0,3476.0,1436.0,1317.0,0.0,3228.0,3228.0,922.0,395.0,1031.0,405.0
2.0,2040.0,626.0,1303.0,1704.0,2094.0,2094.0,913.0,390.0,443.0,183.0
2.0,3118.0,473.0,1269.0,3228.0,0.0,0.0,889.0,380.0,311.0,162.0
2.0,5873.0,1148.0,1249.0,2094.0,0.0,0.0,874.0,375.0,779.0,369.0
2.0,6819.0,1994.0,1264.0,0.0,231.0,231.0,884.0,380.0,1393.0,601.0
2.0,4825.0,2160.0,1299.0,0.0,2531.0,2531.0,909.0,390.0,1532.0,628.0
2.0,2665.0,1462.0,1321.0,231.0,3850.0,3850.0,925.0,396.0,1046.0,416.0
2.0,1434.0,596.0,1309.0,2531.0,1867.0,1867.0,917.0,392.0,421.0,175.0
2.0,3369.0,378.0,1273.0,3850.0,0.0,0.0,892.0,381.0,246.0,132.0
2.0,6841.0,1146.0,1253.0,1867.0,0.0,0.0,877.0,376.0,780.0,366.0
2.0,7562.0,2067.0,1267.0,0.0,0.0,0.0,886.0,381.0,1442.0,625.0
2.0,5495.0,2201.0,1302.0,0.0,1914.0,1914.0,911.0,391.0,1558.0,643.0
2.0,3294.0,1448.0,1325.0,0.0,3454.0,3454.0,928.0,397.0,1037.0,411.0
2.0,1846.0,594.0,1314.0,1914.0,2090.0,2090.0,921.0,393.0,420.0,174.0
2.0,3166.0,416.0,1281.0,3454.0,0.0,0.0,897.0,384.0,272.0,144.0
2.0,6204.0,1144.0,1259.0,2090.0,0.0,0.0,881.0,378.0,779.0,365.0
2.0,7150.0,2025.0,1270.0,0.0,0.0,0.0,888.0,382.0,1415.0,610.0
2.0,5125.0,2203.0,1302.0,0.0,2286.0,2286.0,911.0,391.0,1560.0,643.0
2.0,2922.0,1471.0,1323.0,0.0,3841.0,3841.0,926.0,397.0,1050.0,421.0
2.0,1451.0,610.0,1313.0,2286.0,2125.0,2125.0,920.0,393.0,432.0,178.0
2.0,3127.0,423.0,1283.0,3841.0,0.0,0.0,899.0,384.0,281.0,142.0
2.0,6545.0,1123.0,1263.0,2125.0,0.0,0.0,884.0,379.0,766.0,357.0
2.0,7547.0,2054.0,1275.0,0.0,0.0,0.0,892.0,383.0,1431.0,623.0
2.0,5493.0,2298.0,1308.0,0.0,2037.0,2037.0,915.0,393.0,1623.0,675.0
2.0,3195.0,1538.0,1330.0,0.0,3663.0,3663.0,931.0,399.0,1098.0,440.0
2.0,1657.0,557.0,1319.0,2037.0,2139.0,2139.0,924.0,395.0,398.0,159.0
2.0,3137.0,339.0,1286.0,3663.0,0.0,0.0,901.0,385.0,224.0,115.0
2.0,6461.0,1153.0,1266.0,2139.0,0.0,0.0,886.0,380.0,784.0,369.0
2.0,7447.0,2169.0,1281.0,0.0,0.0,0.0,896.0,385.0,1510.0,659.0
2.0,5278.0,2355.0,1316.0,0.0,2341.0,2341.0,921.0,395.0,1662.0,693.0
2.0,2923.0,1486.0,1337.0,0.0,3911.0,3911.0,936.0,401.0,1061.0,425.0
2.0,1437.0,483.0,1323.0,2341.0,1997.0,1997.0,927.0,396.0,347.0,136.0
2.0,3295.0,337.0,1289.0,3911.0,0.0,0.0,903.0,386.0,224.0,113.0
2.0,6869.0,1165.0,1270.0,1997.0,0.0,0.0,889.0,381.0,796.0,369.0
2.0,7701.0,2166.0,1285.0,0.0,0.0,0.0,899.0,386.0,1507.0,659.0
2.0,5535.0,2286.0,1319.0,0.0,2027.0,2027.0,923.0,396.0,1612.0,674.0
2.0,3249.0,1469.0,1338.0,0.0,3572.0,3572.0,937.0,401.0,1048.0,421.0
2.0,1780.0,492.0,1324.0,2027.0,1981.0,1981.0,928.0,396.0,352.0,140.0
2.0,3315.0,381.0,1292.0,3572.0,0.0,0.0,905.0,387.0,256.0,125.0
2.0,6506.0,1156.0,1276.0,1981.0,0.0,0.0,893.0,383.0,791.0,365.0
2.0,7331.0,2110.0,1291.0,0.0,0.0,0.0,903.0,388.0,1471.0,639.0
2.0,5221.0,2221.0,1323.0,0.0,2292.0,2292.0,926.0,397.0,1564.0,657.0
2.0,3000.0,1430.0,1341.0,0.0,3794.0,3794.0,939.0,402.0,1016.0,414.0
2.0,1570.0,553.0,1326.0,2292.0,1995.0,1995.0,929.0,397.0,394.0,159.0
2.0,3309.0,403.0,1296.0,3794.0,0.0,0.0,908.0,388.0,274.0,129.0
2.0,6700.0,1168.0,1278.0,1995.0,0.0,0.0,895.0,383.0,803.0,365.0
2.0,7527.0,2093.0,1291.0,0.0,0.0,0.0,903.0,388.0,1459.0,634.0
2.0,5434.0,2242.0,1322.0,0.0,2096.0,2096.0,925.0,397.0,1578.0,664.0
2.0,3192.0,1469.0,1341.0,0.0,3641.0,3641.0,939.0,402.0,1044.0,425.0
2.0,1723.0,626.0,1333.0,2096.0,2139.0,2139.0,934.0,399.0,445.0,181.0
2.0,3193.0,393.0,1305.0,3641.0,0.0,0.0,914.0,391.0,265.0,128.0
2.0,6441.0,1035.0,1284.0,2139.0,0.0,0.0,899.0,385.0,708.0,327.0
2.0,7545.0,1897.0,1292.0,0.0,0.0,0.0,904.0,388.0,1323.0,574.0
2.0,5648.0,2231.0,1324.0,0.0,1879.0,1879.0,926.0,398.0,1572.0,659.0
2.0,3417.0,1632.0,1346.0,0.0,3599.0,3599.0,942.0,404.0,1158.0,474.0
2.0,1785.0,690.0,1337.0,1879.0,2374.0,2374.0,937.0,400.0,488.0,202.0
2.0,2974.0,418.0,1306.0,3599.0,0.0,0.0,915.0,391.0,282.0,136.0
2.0,6155.0,1058.0,1286.0,2374.0,0.0,0.0,900.0,386.0,726.0,332.0
2.0,7471.0,1955.0,1295.0,0.0,0.0,0.0,906.0,389.0,1365.0,590.0
2.0,5516.0,2193.0,1326.0,0.0,1981.0,1981.0,928.0,398.0,1546.0,647.0
2.0,3323.0,1556.0,1348.0,0.0,3625.0,3625.0,944.0,404.0,1102.0,454.0
2.0,1767.0,656.0,1339.0,1981.0,2264.0,2264.0,938.0,401.0,463.0,193.0
2.0,3092.0,396.0,1308.0,3625.0,0.0,0.0,916.0,392.0,268.0,128.0
2.0,6321.0,1047.0,1284.0,2264.0,0.0,0.0,899.0,385.0,720.0,327.0
2.0,7538.0,1992.0,1295.0,0.0,0.0,0.0,906.0,389.0,1389.0,603.0
2.0,5546.0,2334.0,1329.0,0.0,2104.0,2104.0,930.0,399.0,1641.0,693.0
2.0,3212.0,1693.0,1354.0,0.0,3897.0,3897.0,948.0,406.0,1199.0,494.0
2.0,1519.0,717.0,1345.0,2104.0,2474.0,2474.0,942.0,403.0,510.0,207.0
2.0,2906.0,391.0,1313.0,3897.0,0.0,0.0,920.0,393.0,266.0,125.0
2.0,6412.0,1072.0,1292.0,2474.0,0.0,0.0,904.0,388.0,736.0,336.0
2.0,7814.0,2050.0,1303.0,0.0,0.0,0.0,912.0,391.0,1427.0,623.0
2.0,5764.0,2356.0,1337.0,0.0,1940.0,1940.0,935.0,402.0,1656.0,700.0
2.0,3408.0,1649.0,1360.0,0.0,3681.0,3681.0,952.0,408.0,1170.0,479.0
2.0,1759.0,627.0,1351.0,1940.0,2332.0,2332.0,946.0,405.0,448.0,179.0
2.0,3072.0,370.0,1318.0,3681.0,0.0,0.0,923.0,395.0,251.0,119.0
2.0,6383.0,1065.0,1294.0,2332.0,0.0,0.0,906.0,388.0,730.0,335.0
2.0,7650.0,2080.0,1305.0,0.0,0.0,0.0,913.0,392.0,1447.0,633.0
2.0,5570.0,2394.0,1341.0,0.0,2188.0,2188.0,938.0,403.0,1684.0,710.0
2.0,3176.0,1760.0,1367.0,0.0,4052.0,4052.0,957.0,410.0,1249.0,511.0
2.0,1416.0,690.0,1359.0,2188.0,2522.0,2522.0,952.0,407.0,491.0,199.0
2.0,2914.0,278.0,1322.0,4052.0,0.0,0.0,926.0,396.0,186.0,92.0
2.0,6688.0,962.0,1296.0,2522.0,0.0,0.0,907.0,389.0,658.0,304.0
2.0,8248.0,2102.0,1308.0,0.0,0.0,0.0,915.0,393.0,1466.0,636.0
2.0,6146.0,2476.0,1346.0,0.0,1714.0,1714.0,942.0,404.0,1743.0,733.0
2.0,3670.0,1766.0,1373.0,0.0,3588.0,3588.0,961.0,412.0,1250.0,516.0
2.0,1904.0,735.0,1365.0,1714.0,2577.0,2577.0,956.0,409.0,521.0,214.0
2.0,2883.0,272.0,1329.0,3588.0,0.0,0.0,931.0,398.0,182.0,90.0
2.0,6199.0,926.0,1303.0,2577.0,0.0,0.0,912.0,391.0,632.0,294.0
2.0,7850.0,2017.0,1313.0,0.0,0.0,0.0,919.0,394.0,1405.0,612.0
2.0,5833.0,2496.0,1352.0,0.0,2071.0,2071.0,946.0,406.0,1758.0,738.0
2.0,3337.0,1880.0,1380.0,0.0,4063.0,4063.0,966.0,414.0,1331.0,549.0
2.0,1457.0,775.0,1373.0,2071.0,2739.0,2739.0,962.0,411.0,549.0,226.0
2.0,2753.0,327.0,1339.0,4063.0,0.0,0.0,938.0,401.0,219.0,108.0
2.0,6489.0,925.0,1314.0,2739.0,0.0,0.0,920.0,394.0,634.0,291.0
2.0,8303.0,1956.0,1324.0,0.0,0.0,0.0,926.0,398.0,1363.0,593.0
2.0,6347.0,2424.0,1360.0,0.0,1517.0,1517.0,952.0,408.0,1705.0,719.0
2.0,3923.0,1833.0,1387.0,0.0,3458.0,3458.0,971.0,416.0,1299.0,534.0
2.0,2090.0,757.0,1379.0,1517.0,2666.0,2666.0,966.0,413.0,535.0,222.0
2.0,2850.0,253.0,1344.0,3458.0,0.0,0.0,941.0,403.0,166.0,87.0
2.0,6055.0,819.0,1317.0,2666.0,0.0,0.0,922.0,395.0,557.0,262.0
2.0,7902.0,1859.0,1325.0,0.0,0.0,0.0,927.0,398.0,1299.0,560.0
2.0,6043.0,2346.0,1357.0,0.0,1731.0,1731.0,950.0,407.0,1655.0,691.0
2.0,3697.0,1823.0,1385.0,0.0,3666.0,3666.0,970.0,415.0,1290.0,533.0
2.0,1874.0,785.0,1380.0,1731.0,2700.0,2700.0,967.0,413.0,552.0,233.0
2.0,2820.0,290.0,1349.0,3666.0,0.0,0.0,945.0,404.0,193.0,97.0
2.0,6196.0,901.0,1323.0,2700.0,0.0,0.0,926.0,397.0,618.0,283.0
2.0,7995.0,1924.0,1329.0,0.0,0.0,0.0,930.0,399.0,1344.0,580.0
2.0,6071.0,2395.0,1362.0,0.0,1772.0,1772.0,953.0,409.0,1685.0,710.0
2.0,3676.0,1839.0,1390.0,0.0,3723.0,3723.0,973.0,417.0,1299.0,540.0
2.0,1837.0,777.0,1384.0,1772.0,2704.0,2704.0,969.0,415.0,548.0,229.0
2.0,2832.0,297.0,1352.0,3723.0,0.0,0.0,947.0,405.0,200.0,97.0
2.0,6258.0,922.0,1327.0,2704.0,0.0,0.0,929.0,398.0,632.0,290.0
2.0,8040.0,2000.0,1336.0,0.0,0.0,0.0,935.0,401.0,1396.0,604.0
2.0,6040.0,2445.0,1370.0,0.0,1885.0,1885.0,959.0,411.0,1722.0,723.0
2.0,3595.0,1763.0,1397.0,0.0,3756.0,3756.0,978.0,419.0,1246.0,517.0
2.0,1832.0,744.0,1391.0,1885.0,2591.0,2591.0,974.0,417.0,525.0,219.0
2.0,2973.0,317.0,1359.0,3756.0,0.0,0.0,952.0,407.0,214.0,103.0
2.0,6412.0,1006.0,1333.0,2591.0,0.0,0.0,933.0,400.0,692.0,314.0
2.0,7997.0,2070.0,1340.0,0.0,0.0,0.0,938.0,402.0,1443.0,627.0
2.0,5927.0,2434.0,1373.0,0.0,1999.0,1999.0,961.0,412.0,1710.0,724.0
2.0,3493.0,1768.0,1400.0,0.0,3875.0,3875.0,980.0,420.0,1251.0,517.0
2.0,1725.0,705.0,1393.0,1999.0,2553.0,2553.0,976.0,417.0,500.0,205.0
2.0,3019.0,365.0,1361.0,3875.0,0.0,0.0,953.0,408.0,250.0,115.0
2.0,6529.0,1001.0,1334.0,2553.0,0.0,0.0,934.0,400.0,689.0,312.0
2.0,8081.0,1987.0,1341.0,0.0,0.0,0.0,938.0,403.0,1385.0,602.0
2.0,6094.0,2389.0,1375.0,0.0,1795.0,1795.0,962.0,413.0,1679.0,710.0
2.0,3705.0,1790.0,1403.0,0.0,3697.0,3697.0,982.0,421.0,1266.0,524.0
2.0,1915.0,827.0,1398.0,1795.0,2709.0,2709.0,979.0,419.0,584.0,243.0
2.0,2883.0,450.0,1366.0,3697.0,0.0,0.0,957.0,409.0,307.0,143.0
2.0,6130.0,1054.0,1340.0,2709.0,0.0,0.0,938.0,402.0,726.0,328.0
2.0,7785.0,1967.0,1345.0,0.0,0.0,0.0,941.0,404.0,1372.0,595.0
2.0,5818.0,2307.0,1376.0,0.0,1993.0,1993.0,963.0,413.0,1623.0,684.0
2.0,3511.0,1767.0,1404.0,0.0,3872.0,3872.0,983.0,421.0,1248.0,519.0
2.0,1744.0,858.0,1402.0,1993.0,2729.0,2729.0,982.0,420.0,604.0,254.0
2.0,2879.0,481.0,1371.0,3872.0,0.0,0.0,960.0,411.0,329.0,152.0
2.0,6270.0,1020.0,1343.0,2729.0,0.0,0.0,940.0,403.0,704.0,316.0
2.0,7979.0,1945.0,1346.0,0.0,0.0,0.0,942.0,404.0,1359.0,586.0
2.0,6034.0,2336.0,1377.0,0.0,1810.0,1810.0,964.0,413.0,1643.0,693.0
2.0,3698.0,1853.0,1407.0,0.0,3783.0,3783.0,985.0,422.0,1307.0,546.0
2.0,1845.0,888.0,1407.0,1810.0,2861.0,2861.0,985.0,422.0,624.0,264.0
2.0,2767.0,358.0,1375.0,3783.0,0.0,0.0,963.0,412.0,242.0,116.0
2.0,6192.0,854.0,1343.0,2861.0,0.0,0.0,940.0,403.0,587.0,267.0
2.0,8199.0,1922.0,1345.0,0.0,0.0,0.0,941.0,404.0,1343.0,579.0
2.0,6277.0,2475.0,1377.0,0.0,1706.0,1706.0,964.0,413.0,1742.0,733.0
2.0,3802.0,1869.0,1407.0,0.0,3695.0,3695.0,985.0,422.0,1321.0,548.0
2.0,1933.0,735.0,1403.0,1706.0,2708.0,2708.0,983.0,420.0,518.0,217.0
2.0,2904.0,278.0,1371.0,3695.0,0.0,0.0,960.0,411.0,184.0,94.0
2.0,6321.0,959.0,1343.0,2708.0,0.0,0.0,940.0,403.0,657.0,302.0
2.0,8070.0,2086.0,1348.0,0.0,0.0,0.0,943.0,405.0,1458.0,628.0
2.0,5984.0,2538.0,1382.0,0.0,2082.0,2082.0,967.0,415.0,1789.0,749.0
2.0,3446.0,1840.0,1412.0,0.0,4042.0,4042.0,989.0,423.0,1301.0,539.0
2.0,1606.0,707.0,1410.0,2082.0,2659.0,2659.0,988.0,422.0,497.0,210.0
2.0,2981.0,269.0,1379.0,4042.0,0.0,0.0,966.0,413.0,176.0,93.0
2.0,6754.0,946.0,1353.0,2659.0,0.0,0.0,947.0,406.0,649.0,297.0
2.0,8467.0,2028.0,1356.0,0.0,0.0,0.0,949.0,407.0,1420.0,608.0
2.0,6439.0,2470.0,1389.0,0.0,1587.0,1587.0,972.0,417.0,1741.0,729.0
2.0,3969.0,1806.0,1418.0,0.0,3509.0,3509.0,993.0,425.0,1276.0,530.0
2.0,2163.0,686.0,1414.0,1587.0,2592.0,2592.0,990.0,424.0,480.0,206.0
2.0,3064.0,285.0,1382.0,3509.0,0.0,0.0,968.0,414.0,189.0,96.0
2.0,6288.0,993.0,1356.0,2592.0,0.0,0.0,949.0,407.0,685.0,308.0
2.0,7887.0,2097.0,1360.0,0.0,0.0,0.0,952.0,408.0,1468.0,629.0
2.0,5790.0,2502.0,1393.0,0.0,2284.0,2284.0,975.0,418.0,1760.0,742.0
2.0,3288.0,1744.0,1421.0,0.0,4140.0,4140.0,995.0,426.0,1229.0,515.0
2.0,1544.0,612.0,1415.0,2284.0,2444.0,2444.0,991.0,424.0,431.0,181.0
2.0,3216.0,293.0,1382.0,4140.0,0.0,0.0,968.0,414.0,197.0,96.0
2.0,7063.0,1022.0,1356.0,2444.0,0.0,0.0,949.0,407.0,705.0,317.0
2.0,8485.0,2173.0,1363.0,0.0,0.0,0.0,954.0,409.0,1521.0,652.0
2.0,6312.0,2568.0,1399.0,0.0,1852.0,1852.0,979.0,420.0,1808.0,760.0
2.0,3744.0,1804.0,1427.0,0.0,3768.0,3768.0,999.0,428.0,1272.0,532.0
2.0,1940.0,613.0,1419.0,1852.0,2497.0,2497.0,994.0,425.0,430.0,183.0
2.0,3179.0,213.0,1384.0,3768.0,0.0,0.0,969.0,415.0,138.0,75.0
2.0,6734.0,1011.0,1356.0,2497.0,0.0,0.0,949.0,407.0,697.0,314.0
2.0,8220.0,2265.0,1366.0,0.0,0.0,0.0,956.0,410.0,1587.0,678.0
2.0,5955.0,2660.0,1403.0,0.0,2317.0,2317.0,982.0,421.0,1874.0,786.0
2.0,3295.0,1843.0,1431.0,0.0,4272.0,4272.0,1002.0,429.0,1301.0,542.0
2.0,1452.0,639.0,1425.0,2317.0,2570.0,2570.0,998.0,427.0,446.0,193.0
2.0,3130.0,167.0,1390.0,4272.0,0.0,0.0,973.0,417.0,105.0,62.0
2.0,7235.0,918.0,1361.0,2570.0,0.0,0.0,953.0,408.0,632.0,286.0
2.0,8887.0,2140.0,1368.0,0.0,0.0,0.0,957.0,411.0,1499.0,641.0
2.0,6747.0,2632.0,1403.0,0.0,1497.0,1497.0,982.0,421.0,1854.0,778.0
2.0,4115.0,1902.0,1431.0,0.0,3511.0,3511.0,1002.0,429.0,1342.0,560.0
2.0,2213.0,736.0,1425.0,1497.0,2726.0,2726.0,998.0,427.0,514.0,222.0
2.0,2974.0,320.0,1393.0,3511.0,0.0,0.0,975.0,418.0,212.0,108.0
2.0,6165.0,1058.0,1369.0,2726.0,0.0,0.0,958.0,411.0,731.0,327.0
2.0,7833.0,2247.0,1378.0,0.0,0.0,0.0,964.0,414.0,1574.0,673.0
2.0,5586.0,2662.0,1413.0,0.0,2728.0,2728.0,989.0,424.0,1875.0,787.0
2.0,2924.0,1801.0,1438.0,0.0,4629.0,4629.0,1007.0,431.0,1271.0,530.0
2.0,1123.0,669.0,1431.0,2728.0,2542.0,2542.0,1002.0,429.0,467.0,202.0
2.0,3182.0,348.0,1401.0,4629.0,0.0,0.0,981.0,420.0,233.0,115.0
2.0,7463.0,1116.0,1377.0,2542.0,0.0,0.0,964.0,413.0,769.0,347.0
2.0,8889.0,2191.0,1383.0,0.0,0.0,0.0,968.0,415.0,1535.0,656.0
2.0,6698.0,2490.0,1414.0,0.0,1448.0,1448.0,990.0,424.0,1754.0,736.0
2.0,4208.0,1690.0,1440.0,0.0,3242.0,3242.0,1008.0,432.0,1194.0,496.0
2.0,2518.0,614.0,1435.0,1448.0,2388.0,2388.0,1005.0,430.0,430.0,184.0
2.0,3352.0,273.0,1404.0,3242.0,0.0,0.0,983.0,421.0,179.0,94.0
2.0,6321.0,1123.0,1377.0,2388.0,0.0,0.0,964.0,413.0,775.0,348.0
2.0,7586.0,2272.0,1386.0,0.0,230.0,230.0,970.0,416.0,1590.0,682.0
2.0,5314.0,2615.0,1422.0,0.0,2989.0,2989.0,995.0,427.0,1844.0,771.0
2.0,2699.0,1749.0,1450.0,230.0,4620.0,4620.0,1015.0,435.0,1238.0,511.0
2.0,1180.0,565.0,1442.0,2989.0,2164.0,2164.0,1010.0,432.0,396.0,169.0
2.0,3604.0,215.0,1407.0,4620.0,0.0,0.0,985.0,422.0,137.0,78.0
2.0,8009.0,1101.0,1379.0,2164.0,0.0,0.0,965.0,414.0,754.0,347.0
2.0,9072.0,2304.0,1388.0,0.0,0.0,0.0,971.0,417.0,1611.0,693.0
2.0,6768.0,2621.0,1425.0,0.0,1553.0,1553.0,997.0,428.0,1850.0,771.0
2.0,4147.0,1681.0,1452.0,0.0,3342.0,3342.0,1017.0,435.0,1194.0,487.0
2.0,2466.0,560.0,1445.0,1553.0,2321.0,2321.0,1012.0,433.0,395.0,165.0
2.0,3459.0,286.0,1411.0,3342.0,0.0,0.0,988.0,423.0,184.0,102.0
2.0,6515.0,1168.0,1386.0,2321.0,0.0,0.0,970.0,416.0,800.0,368.0
2.0,7668.0,2358.0,1396.0,0.0,274.0,274.0,977.0,419.0,1648.0,710.0
2.0,5310.0,2649.0,1434.0,0.0,3075.0,3075.0,1004.0,430.0,1872.0,777.0
2.0,2661.0,1707.0,1462.0,274.0,4620.0,4620.0,1024.0,438.0,1215.0,492.0
2.0,1228.0,489.0,1452.0,3075.0,1994.0,1994.0,1017.0,435.0,345.0,144.0
2.0,3814.0,237.0,1417.0,4620.0,0.0,0.0,992.0,425.0,147.0,90.0
2.0,8197.0,1135.0,1390.0,1994.0,0.0,0.0,973.0,417.0,773.0,362.0
2.0,9056.0,2310.0,1401.0,0.0,0.0,0.0,980.0,421.0,1616.0,694.0
2.0,6746.0,2641.0,1440.0,0.0,1655.0,1655.0,1008.0,432.0,1868.0,773.0
2.0,4105.0,1752.0,1468.0,0.0,3519.0,3519.0,1028.0,440.0,1247.0,505.0
2.0,2353.0,513.0,1458.0,1655.0,2337.0,2337.0,1021.0,437.0,362.0,151.0
2.0,3495.0,182.0,1420.0,3519.0,0.0,0.0,994.0,426.0,110.0,72.0
2.0,6832.0,1083.0,1392.0,2337.0,0.0,0.0,974.0,418.0,738.0,345.0
2.0,8086.0,2328.0,1401.0,0.0,0.0,0.0,980.0,421.0,1627.0,701.0
2.0,5758.0,2710.0,1442.0,0.0,2720.0,2720.0,1009.0,433.0,1916.0,794.0
2.0,3048.0,1819.0,1472.0,0.0,4659.0,4659.0,1031.0,441.0,1292.0,527.0
2.0,1229.0,503.0,1462.0,2720.0,2402.0,2402.0,1024.0,438.0,352.0,151.0
2.0,3446.0,175.0,1422.0,4659.0,0.0,0.0,996.0,426.0,105.0,70.0
2.0,7930.0,1155.0,1393.0,2402.0,0.0,0.0,975.0,418.0,792.0,363.0
2.0,9177.0,2360.0,1404.0,0.0,0.0,0.0,982.0,422.0,1652.0,708.0
2.0,6817.0,2629.0,1442.0,0.0,1580.0,1580.0,1009.0,433.0,1856.0,773.0
2.0,4188.0,1696.0,1471.0,0.0,3392.0,3392.0,1030.0,441.0,1204.0,492.0
2.0,2492.0,545.0,1464.0,1580.0,2329.0,2329.0,1025.0,439.0,384.0,161.0
2.0,3527.0,322.0,1429.0,3392.0,0.0,0.0,1001.0,428.0,210.0,112.0
2.0,6597.0,1204.0,1402.0,2329.0,0.0,0.0,981.0,421.0,826.0,378.0
2.0,7722.0,2416.0,1412.0,0.0,342.0,342.0,988.0,424.0,1688.0,728.0
2.0,5306.0,2622.0,1447.0,0.0,3104.0,3104.0,1013.0,434.0,1851.0,771.0
2.0,2684.0,1710.0,1475.0,342.0,4584.0,4584.0,1033.0,442.0,1217.0,493.0
2.0,1316.0,632.0,1466.0,3104.0,2076.0,2076.0,1027.0,439.0,445.0,187.0
2.0,3788.0,420.0,1431.0,4584.0,0.0,0.0,1002.0,429.0,277.0,143.0
2.0,7952.0,1296.0,1405.0,2076.0,0.0,0.0,983.0,422.0,888.0,408.0
2.0,8732.0,2364.0,1415.0,0.0,0.0,0.0,990.0,425.0,1651.0,713.0
2.0,6368.0,2535.0,1452.0,0.0,1975.0,1975.0,1016.0,436.0,1793.0,742.0
2.0,3833.0,1610.0,1476.0,0.0,3681.0,3681.0,1034.0,442.0,1148.0,462.0
2.0,2223.0,576.0,1466.0,1975.0,2242.0,2242.0,1027.0,439.0,407.0,169.0
2.0,3622.0,459.0,1432.0,3681.0,0.0,0.0,1003.0,429.0,303.0,156.0
2.0,6844.0,1347.0,1410.0,2242.0,0.0,0.0,987.0,423.0,922.0,425.0
2.0,7739.0,2443.0,1425.0,0.0,404.0,404.0,997.0,428.0,1707.0,736.0
2.0,5296.0,2515.0,1461.0,0.0,3063.0,3063.0,1023.0,438.0,1778.0,737.0
2.0,2781.0,1605.0,1487.0,404.0,4368.0,4368.0,1041.0,446.0,1144.0,461.0
2.0,1580.0,540.0,1476.0,3063.0,1801.0,1801.0,1034.0,442.0,381.0,159.0
2.0,4103.0,381.0,1439.0,4368.0,0.0,0.0,1008.0,431.0,249.0,132.0
2.0,8090.0,1251.0,1413.0,1801.0,0.0,0.0,989.0,424.0,855.0,396.0
2.0,8640.0,2300.0,1424.0,0.0,0.0,0.0,996.0,428.0,1607.0,693.0
2.0,6340.0,2563.0,1462.0,0.0,2071.0,2071.0,1023.0,439.0,1813.0,750.0
2.0,3777.0,1781.0,1492.0,0.0,3972.0,3972.0,1045.0,447.0,1268.0,513.0
2.0,1996.0,635.0,1483.0,2071.0,2500.0,2500.0,1039.0,444.0,446.0,189.0
2.0,3432.0,265.0,1444.0,3972.0,0.0,0.0,1011.0,433.0,166.0,99.0
2.0,7139.0,1067.0,1414.0,2500.0,0.0,0.0,990.0,424.0,726.0,341.0
2.0,8572.0,2200.0,1424.0,0.0,0.0,0.0,996.0,428.0,1540.0,660.0
2.0,6372.0,2570.0,1463.0,0.0,2050.0,2050.0,1024.0,439.0,1819.0,751.0
2.0,3802.0,1791.0,1492.0,0.0,3957.0,3957.0,1045.0,447.0,1274.0,517.0
2.0,2011.0,672.0,1482.0,2050.0,2539.0,2539.0,1038.0,444.0,472.0,200.0
2.0,3389.0,308.0,1442.0,3957.0,0.0,0.0,1010.0,432.0,196.0,112.0
2.0,7038.0,1076.0,1412.0,2539.0,0.0,0.0,988.0,424.0,732.0,344.0
2.0,8501.0,2222.0,1422.0,0.0,0.0,0.0,995.0,427.0,1554.0,668.0
2.0,6279.0,2620.0,1463.0,0.0,2193.0,2193.0,1024.0,439.0,1855.0,765.0
2.0,3659.0,1858.0,1495.0,0.0,4179.0,4179.0,1047.0,448.0,1323.0,535.0
2.0,1801.0,674.0,1486.0,2193.0,2624.0,2624.0,1041.0,445.0,472.0,202.0
2.0,3320.0,260.0,1446.0,4179.0,0.0,0.0,1013.0,433.0,160.0,100.0
2.0,7239.0,1017.0,1415.0,2624.0,0.0,0.0,990.0,425.0,690.0,327.0
2.0,8846.0,2185.0,1424.0,0.0,0.0,0.0,996.0,428.0,1530.0,655.0
2.0,6661.0,2614.0,1463.0,0.0,1805.0,1805.0,1024.0,439.0,1852.0,762.0
2.0,4047.0,1884.0,1496.0,0.0,3821.0,3821.0,1048.0,448.0,1342.0,542.0
2.0,2163.0,796.0,1490.0,1805.0,2788.0,2788.0,1044.0,446.0,557.0,239.0
2.0,3172.0,360.0,1453.0,3821.0,0.0,0.0,1018.0,435.0,230.0,130.0
2.0,6633.0,1048.0,1421.0,2788.0,0.0,0.0,994.0,427.0,712.0,336.0
2.0,8373.0,2192.0,1428.0,0.0,0.0,0.0,999.0,429.0,1536.0,656.0
2.0,6181.0,2609.0,1469.0,0.0,2304.0,2304.0,1028.0,441.0,1848.0,761.0
2.0,3572.0,1928.0,1502.0,0.0,4364.0,4364.0,1052.0,450.0,1370.0,558.0
2.0,1644.0,729.0,1494.0,2304.0,2757.0,2757.0,1047.0,447.0,511.0,218.0
2.0,3219.0,316.0,1455.0,4364.0,0.0,0.0,1019.0,436.0,201.0,115.0
2.0,7267.0,1135.0,1426.0,2757.0,0.0,0.0,998.0,428.0,772.0,363.0
2.0,8889.0,2280.0,1438.0,0.0,0.0,0.0,1006.0,432.0,1595.0,685.0
2.0,6609.0,2693.0,1479.0,0.0,2000.0,2000.0,1035.0,444.0,1908.0,785.0
2.0,3916.0,1891.0,1509.0,0.0,4011.0,4011.0,1057.0,452.0,1348.0,543.0
2.0,2025.0,679.0,1499.0,2000.0,2650.0,2650.0,1050.0,449.0,474.0,205.0
2.0,3346.0,248.0,1457.0,4011.0,0.0,0.0,1020.0,437.0,151.0,97.0
2.0,7109.0,1084.0,1428.0,2650.0,0.0,0.0,999.0,429.0,736.0,348.0
2.0,8675.0,2401.0,1441.0,0.0,0.0,0.0,1008.0,433.0,1682.0,719.0
2.0,6274.0,2806.0,1483.0,0.0,2464.0,2464.0,1038.0,445.0,1987.0,819.0
2.0,3468.0,1854.0,1511.0,0.0,4430.0,4430.0,1058.0,453.0,1318.0,536.0
2.0,1614.0,495.0,1495.0,2464.0,2397.0,2397.0,1047.0,448.0,347.0,148.0
2.0,3583.0,145.0,1452.0,4430.0,0.0,0.0,1017.0,435.0,79.0,66.0
2.0,7868.0,1192.0,1426.0,2397.0,0.0,0.0,998.0,428.0,813.0,379.0
2.0,9073.0,2610.0,1445.0,0.0,0.0,0.0,1011.0,434.0,1827.0,783.0
2.0,6463.0,2860.0,1489.0,0.0,2353.0,2353.0,1042.0,447.0,2026.0,834.0
2.0,3603.0,1766.0,1515.0,0.0,4223.0,4223.0,1061.0,454.0,1260.0,506.0
2.0,1837.0,427.0,1497.0,2353.0,2225.0,2225.0,1049.0,448.0,297.0,130.0
2.0,3763.0,137.0,1452.0,4223.0,0.0,0.0,1017.0,435.0,72.0,65.0
2.0,7849.0,1241.0,1428.0,2225.0,0.0,0.0,999.0,429.0,845.0,396.0
2.0,8833.0,2622.0,1448.0,0.0,0.0,0.0,1013.0,435.0,1836.0,786.0
2.0,6211.0,2866.0,1492.0,0.0,2623.0,2623.0,1044.0,448.0,2032.0,834.0
2.0,3345.0,1735.0,1519.0,0.0,4466.0,4466.0,1064.0,455.0,1240.0,495.0
2.0,1610.0,375.0,1501.0,2623.0,2146.0,2146.0,1052.0,449.0,262.0,113.0
2.0,3858.0,101.0,1459.0,4466.0,0.0,0.0,1022.0,437.0,45.0,56.0
2.0,8223.0,1286.0,1435.0,2146.0,0.0,0.0,1004.0,431.0,876.0,410.0
2.0,9083.0,2711.0,1452.0,0.0,0.0,0.0,1016.0,436.0,1899.0,812.0
2.0,6372.0,2926.0,1496.0,0.0,2538.0,2538.0,1047.0,449.0,2072.0,854.0
2.0,3446.0,1689.0,1524.0,0.0,4339.0,4339.0,1067.0,457.0,1206.0,483.0
2.0,1757.0,261.0,1509.0,2538.0,2002.0,2002.0,1057.0,452.0,180.0,81.0
2.0,4034.0,87.0,1468.0,4339.0,0.0,0.0,1028.0,440.0,37.0,50.0
2.0,8286.0,1325.0,1444.0,2002.0,0.0,0.0,1011.0,433.0,908.0,417.0
2.0,8963.0,2747.0,1462.0,0.0,0.0,0.0,1023.0,439.0,1926.0,821.0
2.0,6216.0,2905.0,1506.0,0.0,2713.0,2713.0,1054.0,452.0,2056.0,849.0
2.0,3311.0,1670.0,1532.0,0.0,4487.0,4487.0,1073.0,459.0,1187.0,483.0
2.0,1641.0,292.0,1516.0,2713.0,2002.0,2002.0,1062.0,454.0,201.0,91.0
2.0,4062.0,110.0,1476.0,4487.0,0.0,0.0,1034.0,442.0,57.0,53.0
2.0,8439.0,1319.0,1450.0,2002.0,0.0,0.0,1015.0,435.0,907.0,412.0
2.0,9122.0,2717.0,1468.0,0.0,0.0,0.0,1027.0,441.0,1904.0,813.0
2.0,6405.0,2916.0,1510.0,0.0,2551.0,2551.0,1057.0,453.0,2061.0,855.0
2.0,3489.0,1733.0,1539.0,0.0,4400.0,4400.0,1078.0,461.0,1229.0,504.0
2.0,1756.0,280.0,1525.0,2551.0,2073.0,2073.0,1068.0,457.0,192.0,88.0
2.0,4027.0,44.0,1484.0,4400.0,0.0,0.0,1039.0,445.0,12.0,32.0
2.0,8383.0,1275.0,1458.0,2073.0,0.0,0.0,1020.0,438.0,876.0,399.0
2.0,9181.0,2779.0,1475.0,0.0,0.0,0.0,1032.0,443.0,1949.0,830.0
2.0,6402.0,3042.0,1518.0,0.0,2712.0,2712.0,1062.0,456.0,2150.0,892.0
2.0,3360.0,1753.0,1545.0,0.0,4573.0,4573.0,1082.0,463.0,1245.0,508.0
2.0,1607.0,225.0,1529.0,2712.0,2022.0,2022.0,1071.0,458.0,152.0,73.0
2.0,4094.0,12.0,1487.0,4573.0,0.0,0.0,1042.0,445.0,0.0,12.0
2.0,8655.0,1258.0,1461.0,2022.0,0.0,0.0,1023.0,438.0,864.0,394.0
2.0,9419.0,2769.0,1477.0,0.0,0.0,0.0,1033.0,444.0,1930.0,839.0
2.0,6650.0,2978.0,1521.0,0.0,2412.0,2412.0,1064.0,457.0,2094.0,884.0
2.0,3672.0,1754.0,1548.0,0.0,4274.0,4274.0,1084.0,464.0,1246.0,508.0
2.0,1918.0,345.0,1533.0,2412.0,2147.0,2147.0,1074.0,459.0,249.0,96.0
2.0,3985.0,128.0,1492.0,4274.0,0.0,0.0,1045.0,447.0,80.0,48.0
2.0,8131.0,1372.0,1466.0,2147.0,0.0,0.0,1026.0,440.0,943.0,429.0
2.0,8906.0,2846.0,1484.0,0.0,0.0,0.0,1038.0,446.0,1984.0,862.0
2.0,6060.0,2985.0,1529.0,0.0,3041.0,3041.0,1070.0,459.0,2099.0,886.0
2.0,3075.0,1664.0,1557.0,0.0,4817.0,4817.0,1090.0,467.0,1184.0,480.0
2.0,1411.0,200.0,1539.0,3041.0,1904.0,1904.0,1078.0,461.0,147.0,53.0
2.0,4252.0,34.0,1493.0,4817.0,0.0,0.0,1046.0,447.0,13.0,21.0
2.0,9035.0,1436.0,1467.0,1904.0,0.0,0.0,1027.0,440.0,987.0,449.0
2.0,9503.0,2943.0,1488.0,0.0,0.0,0.0,1041.0,447.0,2054.0,889.0
2.0,6560.0,3068.0,1538.0,0.0,2660.0,2660.0,1076.0,462.0,2158.0,910.0
2.0,3492.0,1560.0,1565.0,0.0,4328.0,4328.0,1096.0,469.0,1107.0,453.0
2.0,1932.0,15.0,1542.0,2660.0,1591.0,1591.0,1080.0,462.0,15.0,0.0
2.0,4577.0,0.0,1492.0,4328.0,0.0,0.0,1045.0,447.0,0.0,0.0
2.0,8905.0,1477.0,1466.0,1591.0,0.0,0.0,1026.0,440.0,1020.0,457.0
2.0,9019.0,3008.0,1490.0,0.0,0.0,0.0,1042.0,448.0,2092.0,916.0
2.0,6011.0,3036.0,1540.0,0.0,3185.0,3185.0,1077.0,463.0,2126.0,910.0
2.0,2975.0,1622.0,1568.0,0.0,4919.0,4919.0,1098.0,470.0,1151.0,471.0
2.0,1353.0,127.0,1547.0,3185.0,1777.0,1777.0,1084.0,463.0,104.0,23.0
2.0,4411.0,5.0,1496.0,4919.0,0.0,0.0,1048.0,448.0,3.0,2.0
2.0,9325.0,1446.0,1469.0,1777.0,0.0,0.0,1028.0,441.0,995.0,451.0
2.0,9656.0,2975.0,1493.0,0.0,0.0,0.0,1044.0,449.0,2067.0,908.0
2.0,6681.0,3088.0,1545.0,0.0,2587.0,2587.0,1081.0,464.0,2165.0,923.0
2.0,3593.0,1641.0,1574.0,0.0,4344.0,4344.0,1102.0,472.0,1165.0,476.0
2.0,1952.0,67.0,1551.0,2587.0,1732.0,1732.0,1087.0,464.0,63.0,4.0
2.0,4472.0,0.0,1499.0,4344.0,0.0,0.0,1050.0,449.0,0.0,0.0
2.0,8816.0,1424.0,1470.0,1732.0,0.0,0.0,1029.0,441.0,978.0,446.0
2.0,9124.0,2922.0,1494.0,0.0,0.0,0.0,1045.0,449.0,2028.0,894.0
2.0,6202.0,3042.0,1548.0,0.0,3032.0,3032.0,1083.0,465.0,2131.0,911.0
2.0,3160.0,1652.0,1577.0,0.0,4800.0,4800.0,1104.0,473.0,1177.0,475.0
2.0,1508.0,41.0,1553.0,3032.0,1713.0,1713.0,1088.0,465.0,41.0,0.0
2.0,4499.0,0.0,1500.0,4800.0,0.0,0.0,1051.0,449.0,0.0,0.0
2.0,9299.0,1371.0,1470.0,1713.0,0.0,0.0,1029.0,441.0,945.0,426.0
2.0,9641.0,2910.0,1494.0,0.0,0.0,0.0,1045.0,449.0,2024.0,886.0
2.0,6731.0,3064.0,1548.0,0.0,2525.0,2525.0,1083.0,465.0,2147.0,917.0
2.0,3667.0,1650.0,1577.0,0.0,4291.0,4291.0,1104.0,473.0,1170.0,480.0
2.0,2017.0,121.0,1554.0,2525.0,1795.0,1795.0,1089.0,465.0,99.0,22.0
2.0,4421.0,3.0,1502.0,4291.0,0.0,0.0,1052.0,450.0,0.0,3.0
2.0,8709.0,1415.0,1473.0,1795.0,0.0,0.0,1031.0,442.0,973.0,442.0
2.0,9089.0,2935.0,1497.0,0.0,0.0,0.0,1047.0,450.0,2039.0,896.0
2.0,6154.0,3051.0,1549.0,0.0,3093.0,3093.0,1084.0,465.0,2139.0,912.0
2.0,3103.0,1630.0,1580.0,0.0,4847.0,4847.0,1106.0,474.0,1160.0,470.0
2.0,1473.0,97.0,1557.0,3093.0,1759.0,1759.0,1091.0,466.0,84.0,13.0
2.0,4469.0,0.0,1504.0,4847.0,0.0,0.0,1054.0,450.0,0.0,0.0
2.0,9316.0,1446.0,1473.0,1759.0,0.0,0.0,1031.0,442.0,994.0,452.0
2.0,9629.0,3023.0,1498.0,0.0,0.0,0.0,1048.0,450.0,2096.0,927.0
2.0,6606.0,3149.0,1554.0,0.0,2759.0,2759.0,1087.0,467.0,2204.0,945.0
2.0,3457.0,1617.0,1584.0,0.0,4496.0,4496.0,1109.0,475.0,1152.0,465.0
2.0,1840.0,0.0,1561.0,2759.0,1645.0,1645.0,1093.0,468.0,0.0,0.0
2.0,4599.0,0.0,1508.0,4496.0,0.0,0.0,1056.0,452.0,0.0,0.0
2.0,9095.0,1378.0,1477.0,1645.0,0.0,0.0,1034.0,443.0,966.0,412.0
2.0,9362.0,2887.0,1499.0,0.0,0.0,0.0,1049.0,450.0,2021.0,866.0
2.0,6475.0,3047.0,1550.0,0.0,2772.0,2772.0,1085.0,465.0,2132.0,915.0
2.0,3428.0,1798.0,1583.0,0.0,4702.0,4702.0,1108.0,475.0,1259.0,539.0
2.0,1630.0,341.0,1562.0,2772.0,2187.0,2187.0,1094.0,468.0,240.0,101.0
2.0,4061.0,130.0,1511.0,4702.0,0.0,0.0,1058.0,453.0,92.0,38.0
2.0,8633.0,1322.0,1478.0,2187.0,0.0,0.0,1035.0,443.0,922.0,400.0
2.0,9498.0,2754.0,1499.0,0.0,0.0,0.0,1049.0,450.0,1925.0,829.0
2.0,6744.0,2999.0,1553.0,0.0,2467.0,2467.0,1087.0,466.0,2101.0,898.0
2.0,3745.0,1852.0,1588.0,0.0,4459.0,4459.0,1112.0,476.0,1299.0,553.0
2.0,1893.0,392.0,1568.0,2467.0,2304.0,2304.0,1098.0,470.0,277.0,115.0
2.0,3968.0,145.0,1514.0,4459.0,0.0,0.0,1060.0,454.0,100.0,45.0
2.0,8282.0,1340.0,1481.0,2304.0,0.0,0.0,1037.0,444.0,934.0,406.0
2.0,9246.0,2724.0,1503.0,0.0,0.0,0.0,1052.0,451.0,1907.0,817.0
2.0,6522.0,3005.0,1561.0,0.0,2727.0,2727.0,1093.0,468.0,2106.0,899.0
2.0,3517.0,1852.0,1597.0,0.0,4723.0,4723.0,1118.0,479.0,1300.0,552.0
2.0,1665.0,340.0,1575.0,2727.0,2248.0,2248.0,1103.0,472.0,238.0,102.0
2.0,4052.0,17.0,1517.0,4723.0,0.0,0.0,1062.0,455.0,8.0,9.0
2.0,8758.0,1241.0,1482.0,2248.0,0.0,0.0,1038.0,444.0,866.0,375.0
2.0,9765.0,2753.0,1504.0,0.0,0.0,0.0,1053.0,451.0,1927.0,826.0
2.0,7012.0,3043.0,1560.0,0.0,2271.0,2271.0,1092.0,468.0,2133.0,910.0
2.0,3969.0,1824.0,1596.0,0.0,4239.0,4239.0,1117.0,479.0,1280.0,544.0
2.0,2145.0,396.0,1575.0,2271.0,2280.0,2280.0,1103.0,472.0,279.0,117.0
2.0,4020.0,147.0,1521.0,4239.0,0.0,0.0,1065.0,456.0,100.0,47.0
2.0,8112.0,1364.0,1488.0,2280.0,0.0,0.0,1042.0,446.0,950.0,414.0
2.0,9028.0,2824.0,1510.0,0.0,0.0,0.0,1057.0,453.0,1976.0,848.0
2.0,6204.0,2995.0,1566.0,0.0,3055.0,3055.0,1096.0,470.0,2099.0,896.0
2.0,3209.0,1710.0,1600.0,0.0,4901.0,4901.0,1120.0,480.0,1203.0,507.0
2.0,1499.0,272.0,1577.0,3055.0,2026.0,2026.0,1104.0,473.0,191.0,81.0
2.0,4282.0,116.0,1524.0,4901.0,0.0,0.0,1067.0,457.0,77.0,39.0
2.0,9067.0,1448.0,1492.0,2026.0,0.0,0.0,1045.0,447.0,1010.0,438.0
2.0,9645.0,2913.0,1517.0,0.0,0.0,0.0,1062.0,455.0,2037.0,876.0
2.0,6732.0,3063.0,1575.0,0.0,2631.0,2631.0,1102.0,473.0,2145.0,918.0
2.0,3669.0,1732.0,1609.0,0.0,4499.0,4499.0,1126.0,483.0,1217.0,515.0
2.0,1937.0,237.0,1587.0,2631.0,2017.0,2017.0,1111.0,476.0,171.0,66.0
2.0,4331.0,28.0,1531.0,4499.0,0.0,0.0,1072.0,459.0,20.0,8.0
2.0,8802.0,1359.0,1498.0,2017.0,0.0,0.0,1049.0,449.0,947.0,412.0
2.0,9460.0,2860.0,1522.0,0.0,0.0,0.0,1065.0,457.0,1996.0,864.0
2.0,6600.0,3031.0,1578.0,0.0,2743.0,2743.0,1104.0,474.0,2120.0,911.0
2.0,3569.0,1738.0,1612.0,0.0,4617.0,4617.0,1128.0,484.0,1221.0,517.0
2.0,1831.0,294.0,1590.0,2743.0,2080.0,2080.0,1113.0,477.0,213.0,81.0
2.0,4280.0,167.0,1536.0,4617.0,0.0,0.0,1076.0,460.0,118.0,49.0
2.0,8730.0,1465.0,1505.0,2080.0,0.0,0.0,1054.0,451.0,1021.0,444.0
2.0,9345.0,2831.0,1529.0,0.0,0.0,0.0,1070.0,459.0,1976.0,855.0
2.0,6514.0,2943.0,1584.0,0.0,2765.0,2765.0,1108.0,476.0,2060.0,883.0
2.0,3571.0,1659.0,1616.0,0.0,4552.0,4552.0,1131.0,485.0,1164.0,495.0
2.0,1912.0,266.0,1593.0,2765.0,1961.0,1961.0,1115.0,478.0,192.0,74.0
2.0,4411.0,217.0,1539.0,4552.0,0.0,0.0,1078.0,461.0,152.0,65.0
2.0,8746.0,1612.0,1509.0,1961.0,0.0,0.0,1057.0,452.0,1125.0,487.0
2.0,9095.0,3009.0,1536.0,0.0,58.0,58.0,1075.0,461.0,2101.0,908.0
2.0,6086.0,2938.0,1593.0,0.0,3224.0,3224.0,1115.0,478.0,2056.0,882.0
2.0,3148.0,1510.0,1621.0,58.0,4788.0,4788.0,1135.0,486.0,1060.0,450.0
2.0,1696.0,176.0,1599.0,3224.0,1652.0,1652.0,1119.0,480.0,128.0,48.0
2.0,4744.0,210.0,1547.0,4788.0,0.0,0.0,1083.0,464.0,149.0,61.0
2.0,9322.0,1715.0,1521.0,1652.0,0.0,0.0,1065.0,456.0,1197.0,518.0
2.0,9259.0,3123.0,1547.0,0.0,52.0,52.0,1083.0,464.0,2181.0,942.0
2.0,6136.0,3003.0,1599.0,0.0,3263.0,3263.0,1119.0,480.0,2101.0,902.0
2.0,3133.0,1494.0,1624.0,52.0,4805.0,4805.0,1137.0,487.0,1050.0,444.0
2.0,1691.0,2.0,1599.0,3263.0,1444.0,1444.0,1119.0,480.0,2.0,0.0
2.0,4952.0,95.0,1548.0,4805.0,0.0,0.0,1084.0,464.0,68.0,27.0
2.0,9662.0,1669.0,1523.0,1444.0,0.0,0.0,1066.0,457.0,1169.0,500.0
2.0,9437.0,3151.0,1547.0,0.0,0.0,0.0,1083.0,464.0,2205.0,946.0
2.0,6286.0,3152.0,1600.0,0.0,3266.0,3266.0,1120.0,480.0,2205.0,947.0
2.0,3134.0,1597.0,1628.0,0.0,4975.0,4975.0,1140.0,488.0,1117.0,480.0
2.0,1537.0,0.0,1603.0,3266.0,1609.0,1609.0,1122.0,481.0,0.0,0.0
2.0,4803.0,4.0,1550.0,4975.0,0.0,0.0,1085.0,465.0,4.0,0.0
2.0,9774.0,1665.0,1524.0,1609.0,0.0,0.0,1067.0,457.0,1169.0,496.0
2.0,9718.0,3212.0,1550.0,0.0,0.0,0.0,1085.0,465.0,2251.0,961.0
2.0,6506.0,3153.0,1604.0,0.0,3063.0,3063.0,1123.0,481.0,2205.0,948.0
2.0,3353.0,1585.0,1634.0,0.0,4768.0,4768.0,1144.0,490.0,1106.0,479.0
2.0,1768.0,0.0,1611.0,3063.0,1613.0,1613.0,1128.0,483.0,0.0,0.0
2.0,4831.0,0.0,1558.0,4768.0,0.0,0.0,1091.0,467.0,0.0,0.0
2.0,9599.0,1570.0,1530.0,1613.0,0.0,0.0,1071.0,459.0,1101.0,469.0
2.0,9642.0,3181.0,1556.0,0.0,0.0,0.0,1089.0,467.0,2230.0,951.0
2.0,6461.0,3168.0,1609.0,0.0,3143.0,3143.0,1126.0,483.0,2218.0,950.0
2.0,3293.0,1635.0,1637.0,0.0,4890.0,4890.0,1146.0,491.0,1143.0,492.0
2.0,1658.0,142.0,1614.0,3143.0,1797.0,1797.0,1130.0,484.0,96.0,46.0
2.0,4659.0,82.0,1561.0,4890.0,0.0,0.0,1093.0,468.0,57.0,25.0
2.0,9467.0,1572.0,1534.0,1797.0,0.0,0.0,1074.0,460.0,1103.0,469.0
2.0,9692.0,3158.0,1562.0,0.0,0.0,0.0,1093.0,469.0,2212.0,946.0
2.0,6534.0,3147.0,1617.0,0.0,3081.0,3081.0,1132.0,485.0,2202.0,945.0
2.0,3387.0,1567.0,1645.0,0.0,4760.0,4760.0,1152.0,493.0,1096.0,471.0
2.0,1820.0,13.0,1617.0,3081.0,1580.0,1580.0,1132.0,485.0,9.0,4.0
2.0,4888.0,47.0,1563.0,4760.0,0.0,0.0,1094.0,469.0,34.0,13.0
2.0,9601.0,1638.0,1535.0,1580.0,0.0,0.0,1075.0,460.0,1148.0,490.0
2.0,9543.0,3192.0,1563.0,0.0,0.0,0.0,1094.0,469.0,2235.0,957.0
2.0,6351.0,3159.0,1620.0,0.0,3288.0,3288.0,1134.0,486.0,2212.0,947.0
2.0,3192.0,1504.0,1647.0,0.0,4900.0,4900.0,1153.0,494.0,1053.0,451.0
2.0,1688.0,0.0,1621.0,3288.0,1508.0,1508.0,1135.0,486.0,0.0,0.0
2.0,4976.0,0.0,1567.0,4900.0,0.0,0.0,1097.0,470.0,0.0,0.0
2.0,9876.0,1487.0,1537.0,1508.0,0.0,0.0,1076.0,461.0,1038.0,449.0
2.0,9897.0,3053.0,1563.0,0.0,0.0,0.0,1094.0,469.0,2134.0,919.0
2.0,6844.0,3171.0,1617.0,0.0,2795.0,2795.0,1132.0,485.0,2221.0,950.0
2.0,3673.0,1743.0,1647.0,0.0,4658.0,4658.0,1153.0,494.0,1225.0,518.0
2.0,1930.0,206.0,1624.0,2795.0,1977.0,1977.0,1137.0,487.0,149.0,57.0
2.0,4519.0,40.0,1570.0,4658.0,0.0,0.0,1099.0,471.0,28.0,12.0
2.0,9137.0,1395.0,1540.0,1977.0,0.0,0.0,1078.0,462.0,972.0,423.0
2.0,9719.0,2930.0,1564.0,0.0,0.0,0.0,1095.0,469.0,2047.0,883.0
2.0,6789.0,3157.0,1620.0,0.0,2848.0,2848.0,1134.0,486.0,2209.0,948.0
2.0,3632.0,1888.0,1653.0,0.0,4868.0,4868.0,1157.0,496.0,1326.0,562.0
2.0,1744.0,372.0,1628.0,2848.0,2292.0,2292.0,1140.0,488.0,266.0,106.0
2.0,4220.0,121.0,1573.0,4868.0,0.0,0.0,1101.0,472.0,86.0,35.0
2.0,8967.0,1394.0,1544.0,2292.0,0.0,0.0,1081.0,463.0,971.0,423.0
2.0,9865.0,2924.0,1570.0,0.0,0.0,0.0,1099.0,471.0,2042.0,882.0
2.0,6941.0,3123.0,1627.0,0.0,2690.0,2690.0,1139.0,488.0,2185.0,938.0
2.0,3818.0,1857.0,1659.0,0.0,4675.0,4675.0,1161.0,498.0,1303.0,554.0
2.0,1961.0,401.0,1634.0,2690.0,2286.0,2286.0,1144.0,490.0,285.0,116.0
2.0,4250.0,89.0,1575.0,4675.0,0.0,0.0,1103.0,472.0,65.0,24.0
2.0,8836.0,1241.0,1541.0,2286.0,0.0,0.0,1079.0,462.0,866.0,375.0
2.0,9881.0,2752.0,1566.0,0.0,0.0,0.0,1096.0,470.0,1921.0,831.0
2.0,7129.0,3162.0,1626.0,0.0,2537.0,2537.0,1138.0,488.0,2210.0,952.0
2.0,3967.0,2011.0,1663.0,0.0,4696.0,4696.0,1164.0,499.0,1410.0,601.0
2.0,1956.0,502.0,1641.0,2537.0,2573.0,2573.0,1149.0,492.0,358.0,144.0
2.0,3991.0,92.0,1582.0,4696.0,0.0,0.0,1108.0,474.0,69.0,23.0
2.0,8595.0,1294.0,1546.0,2573.0,0.0,0.0,1082.0,464.0,902.0,392.0
2.0,9874.0,2849.0,1570.0,0.0,0.0,0.0,1099.0,471.0,1987.0,862.0
2.0,7025.0,3149.0,1631.0,0.0,2648.0,2648.0,1142.0,489.0,2201.0,948.0
2.0,3876.0,1979.0,1669.0,0.0,4779.0,4779.0,1168.0,501.0,1388.0,591.0
2.0,1897.0,429.0,1645.0,2648.0,2464.0,2464.0,1152.0,493.0,308.0,121.0
2.0,4116.0,84.0,1585.0,4779.0,0.0,0.0,1110.0,475.0,62.0,22.0
2.0,8811.0,1299.0,1550.0,2464.0,0.0,0.0,1085.0,465.0,906.0,393.0
2.0,9976.0,2861.0,1574.0,0.0,0.0,0.0,1102.0,472.0,1996.0,865.0
2.0,7115.0,3244.0,1636.0,0.0,2673.0,2673.0,1145.0,491.0,2267.0,977.0
2.0,3871.0,1961.0,1674.0,0.0,4786.0,4786.0,1172.0,502.0,1376.0,585.0
2.0,1910.0,400.0,1651.0,2673.0,2421.0,2421.0,1156.0,495.0,288.0,112.0
2.0,4183.0,86.0,1591.0,4786.0,0.0,0.0,1114.0,477.0,65.0,21.0
2.0,8883.0,1355.0,1557.0,2421.0,0.0,0.0,1090.0,467.0,945.0,410.0
2.0,9949.0,2903.0,1581.0,0.0,0.0,0.0,1107.0,474.0,2024.0,879.0
2.0,7046.0,3225.0,1640.0,0.0,2739.0,2739.0,1148.0,492.0,2253.0,972.0
2.0,3821.0,2010.0,1677.0,0.0,4897.0,4897.0,1174.0,503.0,1409.0,601.0
2.0,1811.0,401.0,1655.0,2739.0,2471.0,2471.0,1159.0,496.0,287.0,114.0
2.0,4149.0,23.0,1595.0,4897.0,0.0,0.0,1117.0,478.0,23.0,0.0
2.0,9023.0,1245.0,1558.0,2471.0,0.0,0.0,1091.0,467.0,870.0,375.0
2.0,10249.0,2797.0,1581.0,0.0,0.0,0.0,1107.0,474.0,1950.0,847.0
2.0,7452.0,3197.0,1643.0,0.0,2317.0,2317.0,1150.0,493.0,2233.0,964.0
2.0,4255.0,2024.0,1681.0,0.0,4493.0,4493.0,1177.0,504.0,1420.0,604.0
2.0,2231.0,510.0,1660.0,2317.0,2602.0,2602.0,1162.0,498.0,364.0,146.0
2.0,4038.0,155.0,1601.0,4493.0,0.0,0.0,1121.0,480.0,114.0,41.0
2.0,8376.0,1283.0,1565.0,2602.0,0.0,0.0,1096.0,469.0,898.0,385.0
2.0,9695.0,2767.0,1590.0,0.0,0.0,0.0,1113.0,477.0,1930.0,837.0
2.0,6928.0,3177.0,1650.0,0.0,2849.0,2849.0,1155.0,495.0,2220.0,957.0
2.0,3751.0,2032.0,1690.0,0.0,5041.0,5041.0,1183.0,507.0,1424.0,608.0
2.0,1719.0,506.0,1671.0,2849.0,2622.0,2622.0,1170.0,501.0,361.0,145.0
2.0,4062.0,51.0,1612.0,5041.0,0.0,0.0,1129.0,483.0,41.0,10.0
2.0,9052.0,1243.0,1575.0,2622.0,0.0,0.0,1103.0,472.0,867.0,376.0
2.0,10431.0,2785.0,1596.0,0.0,0.0,0.0,1117.0,479.0,1941.0,844.0
2.0,7646.0,3175.0,1653.0,0.0,2141.0,2141.0,1157.0,496.0,2217.0,958.0
2.0,4471.0,2014.0,1691.0,0.0,4307.0,4307.0,1184.0,507.0,1414.0,600.0
2.0,2457.0,523.0,1674.0,2141.0,2621.0,2621.0,1172.0,502.0,374.0,149.0
2.0,4075.0,180.0,1621.0,4307.0,0.0,0.0,1135.0,486.0,131.0,49.0
2.0,8202.0,1283.0,1585.0,2621.0,0.0,0.0,1110.0,475.0,895.0,388.0
2.0,9540.0,2777.0,1603.0,0.0,0.0,0.0,1122.0,481.0,1937.0,840.0
2.0,6763.0,3154.0,1656.0,0.0,3015.0,3015.0,1159.0,497.0,2201.0,953.0
2.0,3609.0,2086.0,1693.0,0.0,5249.0,5249.0,1185.0,508.0,1462.0,624.0
2.0,1523.0,593.0,1678.0,3015.0,2767.0,2767.0,1175.0,503.0,424.0,169.0
2.0,3945.0,168.0,1625.0,5249.0,0.0,0.0,1138.0,487.0,125.0,43.0
2.0,9026.0,1223.0,1588.0,2767.0,0.0,0.0,1112.0,476.0,856.0,367.0
2.0,10570.0,2681.0,1604.0,0.0,0.0,0.0,1123.0,481.0,1869.0,812.0
2.0,7889.0,3067.0,1656.0,0.0,1802.0,1802.0,1159.0,497.0,2138.0,929.0
2.0,4822.0,2102.0,1695.0,0.0,4060.0,4060.0,1186.0,509.0,1470.0,632.0
2.0,2720.0,721.0,1684.0,1802.0,2935.0,2935.0,1179.0,505.0,512.0,209.0
2.0,3801.0,343.0,1638.0,4060.0,0.0,0.0,1147.0,491.0,250.0,93.0
2.0,7518.0,1270.0,1602.0,2935.0,0.0,0.0,1122.0,480.0,892.0,378.0
2.0,9183.0,2564.0,1612.0,0.0,0.0,0.0,1129.0,483.0,1789.0,775.0
2.0,6619.0,2915.0,1659.0,0.0,2932.0,2932.0,1161.0,498.0,2031.0,884.0
2.0,3704.0,2043.0,1696.0,0.0,5123.0,5123.0,1187.0,509.0,1426.0,617.0
2.0,1661.0,810.0,1687.0,2932.0,2965.0,2965.0,1181.0,506.0,571.0,239.0
2.0,3783.0,434.0,1641.0,5123.0,0.0,0.0,1149.0,492.0,313.0,121.0
2.0,8472.0,1329.0,1605.0,2965.0,0.0,0.0,1124.0,481.0,937.0,392.0
2.0,10108.0,2555.0,1617.0,0.0,0.0,0.0,1132.0,485.0,1786.0,769.0
2.0,7553.0,2843.0,1663.0,0.0,1942.0,1942.0,1164.0,499.0,1981.0,862.0
2.0,4710.0,1957.0,1699.0,0.0,4043.0,4043.0,1189.0,510.0,1362.0,595.0
2.0,2753.0,817.0,1690.0,1942.0,2882.0,2882.0,1183.0,507.0,573.0,244.0
2.0,3878.0,584.0,1646.0,4043.0,0.0,0.0,1152.0,494.0,419.0,165.0
2.0,7337.0,1417.0,1611.0,2882.0,0.0,0.0,1128.0,483.0,1001.0,416.0
2.0,8802.0,2532.0,1622.0,0.0,218.0,218.0,1136.0,486.0,1771.0,761.0
2.0,6270.0,2791.0,1667.0,0.0,3189.0,3189.0,1167.0,500.0,1943.0,848.0
2.0,3479.0,1957.0,1703.0,218.0,5072.0,5072.0,1192.0,511.0,1361.0,596.0
2.0,1740.0,834.0,1694.0,3189.0,2681.0,2681.0,1186.0,508.0,586.0,248.0
2.0,4095.0,580.0,1650.0,5072.0,0.0,0.0,1155.0,495.0,416.0,164.0
2.0,8587.0,1386.0,1614.0,2681.0,0.0,0.0,1130.0,484.0,981.0,405.0
2.0,9882.0,2471.0,1622.0,0.0,0.0,0.0,1136.0,486.0,1731.0,740.0
2.0,7411.0,2813.0,1669.0,0.0,2078.0,2078.0,1168.0,501.0,1958.0,855.0
2.0,4598.0,1952.0,1706.0,0.0,4178.0,4178.0,1194.0,512.0,1354.0,598.0
2.0,2646.0,853.0,1699.0,2078.0,2925.0,2925.0,1189.0,510.0,597.0,256.0
2.0,3871.0,550.0,1655.0,4178.0,0.0,0.0,1159.0,496.0,396.0,154.0
2.0,7499.0,1411.0,1621.0,2925.0,0.0,0.0,1135.0,486.0,1000.0,411.0
2.0,9013.0,2519.0,1631.0,0.0,30.0,30.0,1142.0,489.0,1765.0,754.0
2.0,6494.0,2775.0,1674.0,0.0,2977.0,2977.0,1172.0,502.0,1932.0,843.0
2.0,3719.0,1953.0,1709.0,30.0,5040.0,5040.0,1196.0,513.0,1355.0,598.0
2.0,1796.0,840.0,1700.0,2977.0,2867.0,2867.0,1190.0,510.0,585.0,255.0
2.0,3933.0,547.0,1657.0,5040.0,0.0,0.0,1160.0,497.0,392.0,155.0
2.0,8426.0,1293.0,1621.0,2867.0,0.0,0.0,1135.0,486.0,919.0,374.0
2.0,10000.0,2339.0,1627.0,0.0,0.0,0.0,1139.0,488.0,1642.0,697.0
2.0,7661.0,2737.0,1670.0,0.0,1756.0,1756.0,1169.0,501.0,1907.0,830.0
2.0,4924.0,2045.0,1709.0,0.0,3957.0,3957.0,1196.0,513.0,1416.0,629.0
2.0,2879.0,962.0,1703.0,1756.0,3139.0,3139.0,1192.0,511.0,667.0,295.0
2.0,3673.0,611.0,1661.0,3957.0,0.0,0.0,1163.0,498.0,438.0,173.0
2.0,7019.0,1336.0,1626.0,3139.0,0.0,0.0,1139.0,487.0,953.0,383.0
2.0,8822.0,2412.0,1634.0,0.0,126.0,126.0,1144.0,490.0,1693.0,719.0
2.0,6410.0,2762.0,1677.0,0.0,3060.0,3060.0,1174.0,503.0,1920.0,842.0
2.0,3648.0,2037.0,1712.0,126.0,5111.0,5111.0,1198.0,514.0,1409.0,628.0
2.0,1737.0,969.0,1706.0,3060.0,2996.0,2996.0,1194.0,512.0,676.0,293.0
2.0,3828.0,629.0,1665.0,5111.0,0.0,0.0,1166.0,499.0,455.0,174.0
2.0,8310.0,1345.0,1630.0,2996.0,0.0,0.0,1142.0,488.0,956.0,389.0
2.0,9961.0,2434.0,1637.0,0.0,0.0,0.0,1146.0,491.0,1704.0,730.0
2.0,7527.0,2771.0,1679.0,0.0,1960.0,1960.0,1175.0,504.0,1927.0,844.0
2.0,4756.0,2024.0,1715.0,0.0,4128.0,4128.0,1200.0,515.0,1404.0,620.0
2.0,2732.0,952.0,1709.0,1960.0,3096.0,3096.0,1196.0,513.0,668.0,284.0
2.0,3740.0,690.0,1671.0,4128.0,0.0,0.0,1170.0,501.0,496.0,194.0
2.0,7178.0,1422.0,1639.0,3096.0,0.0,0.0,1148.0,491.0,1008.0,414.0
2.0,8852.0,2463.0,1646.0,0.0,195.0,195.0,1153.0,493.0,1725.0,738.0
2.0,6389.0,2715.0,1684.0,0.0,3062.0,3062.0,1179.0,505.0,1889.0,826.0
2.0,3674.0,1988.0,1716.0,195.0,4983.0,4983.0,1201.0,515.0,1379.0,609.0
2.0,1881.0,938.0,1709.0,3062.0,2831.0,2831.0,1196.0,513.0,653.0,285.0
2.0,4005.0,641.0,1673.0,4983.0,0.0,0.0,1171.0,502.0,459.0,182.0
2.0,8347.0,1428.0,1644.0,2831.0,0.0,0.0,1151.0,493.0,1015.0,413.0
2.0,9750.0,2533.0,1653.0,0.0,0.0,0.0,1158.0,495.0,1777.0,756.0
2.0,7217.0,2812.0,1692.0,0.0,2363.0,2363.0,1185.0,507.0,1957.0,855.0
2.0,4405.0,1927.0,1720.0,0.0,4402.0,4402.0,1204.0,516.0,1334.0,593.0
2.0,2478.0,830.0,1711.0,2363.0,2833.0,2833.0,1197.0,514.0,578.0,252.0
2.0,4011.0,648.0,1674.0,4402.0,0.0,0.0,1172.0,502.0,467.0,181.0
2.0,7765.0,1497.0,1648.0,2833.0,0.0,0.0,1154.0,494.0,1063.0,434.0
2.0,9101.0,2533.0,1659.0,0.0,68.0,68.0,1162.0,497.0,1775.0,758.0
2.0,6568.0,2752.0,1697.0,0.0,2972.0,2972.0,1188.0,509.0,1913.0,839.0
2.0,3816.0,1954.0,1723.0,68.0,4962.0,4962.0,1206.0,517.0,1354.0,600.0
2.0,1930.0,949.0,1715.0,2972.0,2907.0,2907.0,1200.0,515.0,665.0,284.0
2.0,3953.0,663.0,1678.0,4962.0,0.0,0.0,1175.0,503.0,479.0,184.0
2.0,8252.0,1398.0,1652.0,2907.0,0.0,0.0,1157.0,495.0,993.0,405.0
2.0,9761.0,2429.0,1661.0,0.0,0.0,0.0,1163.0,498.0,1700.0,729.0
2.0,7332.0,2701.0,1697.0,0.0,2157.0,2157.0,1188.0,509.0,1876.0,825.0
2.0,4631.0,2006.0,1724.0,0.0,4271.0,4271.0,1207.0,517.0,1387.0,619.0
2.0,2625.0,999.0,1716.0,2157.0,3081.0,3081.0,1201.0,515.0,698.0,301.0
2.0,3783.0,687.0,1682.0,4271.0,0.0,0.0,1177.0,505.0,497.0,190.0
2.0,7367.0,1337.0,1654.0,3081.0,0.0,0.0,1158.0,496.0,952.0,385.0
2.0,9111.0,2320.0,1661.0,0.0,0.0,0.0,1163.0,498.0,1625.0,695.0
2.0,6791.0,2683.0,1696.0,0.0,2676.0,2676.0,1188.0,508.0,1863.0,820.0
2.0,4108.0,2063.0,1725.0,0.0,4855.0,4855.0,1207.0,518.0,1429.0,634.0
2.0,2045.0,1110.0,1719.0,2676.0,3265.0,3265.0,1203.0,516.0,777.0,333.0
2.0,3611.0,748.0,1686.0,4855.0,0.0,0.0,1180.0,506.0,536.0,212.0
2.0,7718.0,1330.0,1658.0,3265.0,0.0,0.0,1161.0,497.0,945.0,385.0
2.0,9653.0,2276.0,1664.0,0.0,0.0,0.0,1165.0,499.0,1595.0,681.0
2.0,7377.0,2640.0,1698.0,0.0,2055.0,2055.0,1189.0,509.0,1836.0,804.0
2.0,4737.0,2059.0,1727.0,0.0,4230.0,4230.0,1209.0,518.0,1429.0,630.0
2.0,2678.0,1080.0,1723.0,2055.0,3239.0,3239.0,1206.0,517.0,756.0,324.0
2.0,3653.0,730.0,1693.0,4230.0,0.0,0.0,1185.0,508.0,523.0,207.0
2.0,7153.0,1335.0,1665.0,3239.0,0.0,0.0,1166.0,499.0,947.0,388.0
2.0,9057.0,2281.0,1670.0,0.0,0.0,0.0,1170.0,500.0,1597.0,684.0
2.0,6776.0,2623.0,1702.0,0.0,2655.0,2655.0,1192.0,510.0,1825.0,798.0
2.0,4153.0,2055.0,1730.0,0.0,4822.0,4822.0,1211.0,519.0,1427.0,628.0
2.0,2098.0,1153.0,1726.0,2655.0,3304.0,3304.0,1208.0,518.0,804.0,349.0
2.0,3600.0,769.0,1695.0,4822.0,0.0,0.0,1186.0,509.0,547.0,222.0
2.0,7653.0,1317.0,1667.0,3304.0,0.0,0.0,1167.0,500.0,934.0,383.0
2.0,9640.0,2303.0,1672.0,0.0,0.0,0.0,1171.0,501.0,1617.0,686.0
2.0,7337.0,2713.0,1705.0,0.0,2196.0,2196.0,1194.0,511.0,1893.0,820.0
2.0,4624.0,2066.0,1733.0,0.0,4374.0,4374.0,1213.0,520.0,1434.0,632.0
2.0,2558.0,1095.0,1728.0,2196.0,3253.0,3253.0,1209.0,519.0,762.0,333.0
2.0,3659.0,808.0,1697.0,4374.0,0.0,0.0,1188.0,509.0,572.0,236.0
2.0,7225.0,1407.0,1671.0,3253.0,0.0,0.0,1170.0,501.0,996.0,411.0
2.0,9071.0,2309.0,1676.0,0.0,0.0,0.0,1174.0,502.0,1621.0,688.0
2.0,6762.0,2590.0,1708.0,0.0,2660.0,2660.0,1196.0,512.0,1807.0,783.0
2.0,4172.0,2005.0,1733.0,0.0,4765.0,4765.0,1213.0,520.0,1393.0,612.0
2.0,2167.0,1170.0,1728.0,2660.0,3255.0,3255.0,1209.0,519.0,816.0,354.0
2.0,3657.0,886.0,1698.0,4765.0,0.0,0.0,1188.0,510.0,628.0,258.0
2.0,7536.0,1419.0,1673.0,3255.0,0.0,0.0,1171.0,502.0,1004.0,415.0
2.0,9372.0,2269.0,1678.0,0.0,0.0,0.0,1175.0,503.0,1591.0,678.0
2.0,7103.0,2552.0,1709.0,0.0,2285.0,2285.0,1197.0,512.0,1780.0,772.0
2.0,4551.0,2010.0,1736.0,0.0,4403.0,4403.0,1215.0,521.0,1395.0,615.0
2.0,2541.0,1223.0,1732.0,2285.0,3325.0,3325.0,1212.0,520.0,852.0,371.0
2.0,3603.0,1014.0,1703.0,4403.0,0.0,0.0,1192.0,511.0,718.0,296.0
2.0,6992.0,1535.0,1678.0,3325.0,0.0,0.0,1175.0,503.0,1088.0,447.0
2.0,8782.0,2244.0,1685.0,0.0,202.0,202.0,1180.0,505.0,1575.0,669.0
2.0,6538.0,2396.0,1714.0,0.0,2714.0,2714.0,1200.0,514.0,1667.0,729.0
2.0,4142.0,1882.0,1738.0,202.0,4490.0,4490.0,1217.0,521.0,1303.0,579.0
2.0,2462.0,1217.0,1732.0,2714.0,2969.0,2969.0,1212.0,520.0,849.0,368.0
2.0,3959.0,1097.0,1705.0,4490.0,0.0,0.0,1193.0,512.0,781.0,316.0
2.0,7352.0,1651.0,1684.0,2969.0,0.0,0.0,1179.0,505.0,1170.0,481.0
2.0,8670.0,2315.0,1691.0,0.0,409.0,409.0,1184.0,507.0,1622.0,693.0
2.0,6355.0,2425.0,1719.0,0.0,2946.0,2946.0,1204.0,515.0,1685.0,740.0
2.0,3930.0,1937.0,1743.0,409.0,4570.0,4570.0,1220.0,523.0,1342.0,595.0
2.0,2402.0,1262.0,1741.0,2946.0,2878.0,2878.0,1218.0,523.0,883.0,379.0
2.0,4086.0,1083.0,1715.0,4570.0,0.0,0.0,1200.0,515.0,773.0,310.0
2.0,7573.0,1529.0,1692.0,2878.0,0.0,0.0,1185.0,507.0,1083.0,446.0
2.0,8922.0,2176.0,1696.0,0.0,38.0,38.0,1188.0,508.0,1521.0,655.0
2.0,6746.0,2411.0,1723.0,0.0,2557.0,2557.0,1207.0,516.0,1674.0,737.0
2.0,4335.0,1919.0,1747.0,38.0,4534.0,4534.0,1223.0,524.0,1332.0,587.0
2.0,2454.0,1256.0,1745.0,2557.0,3225.0,3225.0,1221.0,524.0,880.0,376.0
2.0,3755.0,1085.0,1722.0,4534.0,0.0,0.0,1205.0,517.0,773.0,312.0
2.0,7204.0,1583.0,1701.0,3225.0,0.0,0.0,1191.0,510.0,1122.0,461.0
2.0,8846.0,2254.0,1703.0,0.0,220.0,220.0,1193.0,510.0,1577.0,677.0
2.0,6592.0,2422.0,1729.0,0.0,2746.0,2746.0,1211.0,518.0,1681.0,741.0
2.0,4170.0,1852.0,1750.0,220.0,4462.0,4462.0,1225.0,525.0,1283.0,569.0
2.0,2538.0,1151.0,1746.0,2746.0,2851.0,2851.0,1222.0,524.0,807.0,344.0
2.0,4133.0,1079.0,1724.0,4462.0,0.0,0.0,1207.0,517.0,771.0,308.0
2.0,7516.0,1667.0,1705.0,2851.0,0.0,0.0,1194.0,511.0,1183.0,484.0
2.0,8700.0,2271.0,1709.0,0.0,407.0,407.0,1197.0,512.0,1590.0,681.0
2.0,6429.0,2340.0,1734.0,0.0,2847.0,2847.0,1214.0,520.0,1621.0,719.0
2.0,4089.0,1844.0,1755.0,407.0,4368.0,4368.0,1228.0,527.0,1275.0,569.0
2.0,2652.0,1231.0,1753.0,2847.0,2744.0,2744.0,1227.0,526.0,863.0,368.0
2.0,4268.0,1116.0,1730.0,4368.0,0.0,0.0,1211.0,519.0,797.0,319.0
2.0,7520.0,1627.0,1711.0,2744.0,0.0,0.0,1198.0,513.0,1155.0,472.0
2.0,8637.0,2232.0,1715.0,0.0,455.0,455.0,1201.0,514.0,1563.0,669.0
2.0,6405.0,2316.0,1737.0,0.0,2859.0,2859.0,1216.0,521.0,1606.0,710.0
2.0,4089.0,1868.0,1759.0,455.0,4360.0,4360.0,1231.0,528.0,1290.0,578.0
2.0,2676.0,1237.0,1756.0,2859.0,2726.0,2726.0,1229.0,527.0,864.0,373.0
2.0,4298.0,1143.0,1734.0,4360.0,0.0,0.0,1214.0,520.0,816.0,327.0
2.0,7515.0,1680.0,1715.0,2726.0,0.0,0.0,1201.0,514.0,1195.0,485.0
2.0,8561.0,2359.0,1720.0,0.0,678.0,678.0,1205.0,515.0,1654.0,705.0
2.0,6202.0,2387.0,1745.0,0.0,3165.0,3165.0,1222.0,523.0,1655.0,732.0
2.0,3815.0,1741.0,1763.0,678.0,4300.0,4300.0,1234.0,529.0,1202.0,539.0
2.0,2752.0,1097.0,1757.0,3165.0,2208.0,2208.0,1230.0,527.0,766.0,331.0
2.0,4820.0,1134.0,1734.0,4300.0,0.0,0.0,1214.0,520.0,809.0,325.0
2.0,7986.0,1737.0,1718.0,2208.0,0.0,0.0,1203.0,515.0,1234.0,503.0
2.0,8457.0,2384.0,1725.0,0.0,827.0,827.0,1208.0,517.0,1672.0,712.0
2.0,6073.0,2397.0,1749.0,0.0,3320.0,3320.0,1225.0,524.0,1663.0,734.0
2.0,3676.0,1824.0,1767.0,827.0,4389.0,4389.0,1237.0,530.0,1257.0,567.0
2.0,2679.0,1198.0,1763.0,3320.0,2251.0,2251.0,1234.0,529.0,835.0,363.0
2.0,4801.0,1160.0,1742.0,4389.0,0.0,0.0,1219.0,523.0,827.0,333.0
2.0,8030.0,1747.0,1725.0,2251.0,0.0,0.0,1208.0,517.0,1243.0,504.0
2.0,8534.0,2325.0,1732.0,0.0,719.0,719.0,1213.0,519.0,1633.0,692.0
2.0,6209.0,2341.0,1754.0,0.0,3148.0,3148.0,1228.0,526.0,1624.0,717.0
2.0,3868.0,1816.0,1769.0,719.0,4305.0,4305.0,1238.0,531.0,1251.0,565.0
2.0,2771.0,1216.0,1763.0,3148.0,2349.0,2349.0,1234.0,529.0,846.0,370.0
2.0,4703.0,1252.0,1743.0,4305.0,0.0,0.0,1220.0,523.0,891.0,361.0
2.0,7756.0,1882.0,1734.0,2349.0,0.0,0.0,1214.0,520.0,1337.0,545.0
2.0,8223.0,2407.0,1743.0,0.0,1156.0,1156.0,1221.0,522.0,1690.0,717.0
2.0,5816.0,2329.0,1765.0,0.0,3573.0,3573.0,1236.0,529.0,1617.0,712.0
2.0,3487.0,1702.0,1777.0,1156.0,4167.0,4167.0,1244.0,533.0,1174.0,528.0
2.0,2941.0,1153.0,1768.0,3573.0,1711.0,1711.0,1237.0,531.0,800.0,353.0
2.0,5361.0,1244.0,1746.0,4167.0,0.0,0.0,1222.0,524.0,881.0,363.0
2.0,8284.0,1847.0,1735.0,1711.0,0.0,0.0,1215.0,520.0,1310.0,537.0
2.0,8148.0,2319.0,1743.0,0.0,1143.0,1143.0,1221.0,522.0,1632.0,687.0
2.0,5829.0,2269.0,1762.0,0.0,3488.0,3488.0,1234.0,528.0,1581.0,688.0
2.0,3560.0,1728.0,1774.0,1143.0,4121.0,4121.0,1242.0,532.0,1191.0,537.0
2.0,2975.0,1254.0,1769.0,3488.0,1867.0,1867.0,1238.0,531.0,868.0,386.0
2.0,5209.0,1307.0,1753.0,4121.0,0.0,0.0,1227.0,526.0,925.0,382.0
2.0,8023.0,1873.0,1742.0,1867.0,0.0,0.0,1220.0,522.0,1328.0,545.0
2.0,8017.0,2368.0,1751.0,0.0,1355.0,1355.0,1226.0,525.0,1667.0,701.0
2.0,5649.0,2258.0,1770.0,0.0,3689.0,3689.0,1240.0,530.0,1573.0,685.0
2.0,3391.0,1725.0,1783.0,1355.0,4111.0,4111.0,1248.0,535.0,1189.0,536.0
2.0,3021.0,1175.0,1775.0,3689.0,1565.0,1565.0,1242.0,533.0,812.0,363.0
2.0,5535.0,1162.0,1753.0,4111.0,0.0,0.0,1227.0,526.0,820.0,342.0
2.0,8484.0,1750.0,1741.0,1565.0,0.0,0.0,1219.0,522.0,1242.0,508.0
2.0,8299.0,2410.0,1752.0,0.0,1119.0,1119.0,1227.0,525.0,1700.0,710.0
2.0,5889.0,2441.0,1776.0,0.0,3656.0,3656.0,1244.0,532.0,1703.0,738.0
2.0,3448.0,1802.0,1790.0,1119.0,4395.0,4395.0,1253.0,537.0,1243.0,559.0
2.0,2765.0,1158.0,1781.0,3656.0,1861.0,1861.0,1246.0,535.0,799.0,359.0
2.0,5263.0,1020.0,1756.0,4395.0,0.0,0.0,1229.0,527.0,720.0,300.0
2.0,8638.0,1579.0,1741.0,1861.0,0.0,0.0,1219.0,522.0,1123.0,456.0
2.0,8920.0,2329.0,1751.0,0.0,413.0,413.0,1226.0,525.0,1642.0,687.0
2.0,6591.0,2493.0,1775.0,0.0,3002.0,3002.0,1243.0,532.0,1739.0,754.0
2.0,4098.0,1938.0,1791.0,413.0,4591.0,4591.0,1254.0,537.0,1340.0,598.0
2.0,2573.0,1198.0,1783.0,3002.0,2755.0,2755.0,1248.0,535.0,828.0,370.0
2.0,4377.0,1078.0,1761.0,4591.0,0.0,0.0,1232.0,529.0,759.0,319.0
2.0,7890.0,1676.0,1748.0,2755.0,0.0,0.0,1224.0,524.0,1191.0,485.0
2.0,8969.0,2334.0,1757.0,0.0,393.0,393.0,1231.0,526.0,1646.0,688.0
2.0,6635.0,2413.0,1780.0,0.0,2898.0,2898.0,1247.0,533.0,1685.0,728.0
2.0,4222.0,1860.0,1794.0,393.0,4421.0,4421.0,1256.0,538.0,1286.0,574.0
2.0,2755.0,1249.0,1785.0,2898.0,2736.0,2736.0,1249.0,536.0,860.0,389.0
2.0,4404.0,1192.0,1763.0,4421.0,0.0,0.0,1234.0,529.0,836.0,356.0
2.0,7633.0,1752.0,1751.0,2736.0,0.0,0.0,1226.0,525.0,1245.0,507.0
2.0,8617.0,2364.0,1763.0,0.0,799.0,799.0,1235.0,528.0,1670.0,694.0
2.0,6253.0,2338.0,1786.0,0.0,3229.0,3229.0,1251.0,535.0,1632.0,706.0
2.0,3915.0,1798.0,1800.0,799.0,4284.0,4284.0,1260.0,540.0,1240.0,558.0
2.0,2916.0,1288.0,1791.0,3229.0,2307.0,2307.0,1253.0,538.0,890.0,398.0
2.0,4857.0,1301.0,1770.0,4284.0,0.0,0.0,1238.0,532.0,915.0,386.0
2.0,7840.0,1851.0,1760.0,2307.0,0.0,0.0,1232.0,528.0,1313.0,538.0
2.0,8296.0,2292.0,1769.0,0.0,1072.0,1072.0,1239.0,530.0,1616.0,676.0
2.0,6004.0,2312.0,1790.0,0.0,3468.0,3468.0,1254.0,536.0,1615.0,697.0
2.0,3692.0,1852.0,1803.0,1072.0,4300.0,4300.0,1262.0,541.0,1279.0,573.0
2.0,2912.0,1334.0,1795.0,3468.0,2134.0,2134.0,1256.0,539.0,921.0,413.0
2.0,5046.0,1283.0,1775.0,4300.0,0.0,0.0,1242.0,533.0,903.0,380.0
2.0,8063.0,1770.0,1764.0,2134.0,0.0,0.0,1235.0,529.0,1258.0,512.0
2.0,8427.0,2283.0,1773.0,0.0,948.0,948.0,1242.0,531.0,1612.0,671.0
2.0,6144.0,2361.0,1795.0,0.0,3397.0,3397.0,1257.0,538.0,1646.0,715.0
2.0,3783.0,1888.0,1807.0,948.0,4385.0,4385.0,1265.0,542.0,1301.0,587.0
2.0,2843.0,1307.0,1797.0,3397.0,2255.0,2255.0,1257.0,540.0,903.0,404.0
2.0,4933.0,1262.0,1775.0,4385.0,0.0,0.0,1242.0,533.0,891.0,371.0
2.0,8056.0,1721.0,1763.0,2255.0,0.0,0.0,1234.0,529.0,1224.0,497.0
2.0,8590.0,2239.0,1773.0,0.0,741.0,741.0,1242.0,531.0,1579.0,660.0
2.0,6351.0,2349.0,1796.0,0.0,3182.0,3182.0,1258.0,538.0,1637.0,712.0
2.0,4002.0,1920.0,1809.0,741.0,4413.0,4413.0,1266.0,543.0,1326.0,594.0
2.0,2823.0,1377.0,1800.0,3182.0,2572.0,2572.0,1260.0,540.0,953.0,424.0
2.0,4628.0,1265.0,1779.0,4413.0,0.0,0.0,1245.0,534.0,891.0,374.0
2.0,7776.0,1678.0,1769.0,2572.0,0.0,0.0,1238.0,531.0,1191.0,487.0
2.0,8670.0,2160.0,1776.0,0.0,594.0,594.0,1244.0,532.0,1523.0,637.0
2.0,6510.0,2329.0,1798.0,0.0,3011.0,3011.0,1259.0,539.0,1626.0,703.0
2.0,4181.0,1990.0,1810.0,594.0,4455.0,4455.0,1267.0,543.0,1378.0,612.0
2.0,2785.0,1418.0,1802.0,3011.0,2830.0,2830.0,1261.0,541.0,981.0,437.0
2.0,4378.0,1296.0,1781.0,4455.0,0.0,0.0,1246.0,535.0,912.0,384.0
2.0,7537.0,1723.0,1771.0,2830.0,0.0,0.0,1240.0,531.0,1221.0,502.0
2.0,8644.0,2210.0,1781.0,0.0,690.0,690.0,1247.0,534.0,1560.0,650.0
2.0,6434.0,2271.0,1802.0,0.0,3045.0,3045.0,1262.0,540.0,1586.0,685.0
2.0,4163.0,1854.0,1814.0,690.0,4257.0,4257.0,1270.0,544.0,1282.0,572.0
2.0,2999.0,1378.0,1808.0,3045.0,2566.0,2566.0,1265.0,543.0,953.0,425.0
2.0,4666.0,1278.0,1785.0,4257.0,0.0,0.0,1249.0,536.0,898.0,380.0
2.0,7645.0,1674.0,1771.0,2566.0,0.0,0.0,1240.0,531.0,1187.0,487.0
2.0,8537.0,2135.0,1778.0,0.0,710.0,710.0,1245.0,533.0,1506.0,629.0
2.0,6402.0,2276.0,1799.0,0.0,3070.0,3070.0,1260.0,539.0,1590.0,686.0
2.0,4126.0,1873.0,1815.0,710.0,4297.0,4297.0,1271.0,544.0,1298.0,575.0
2.0,2963.0,1386.0,1812.0,3070.0,2601.0,2601.0,1268.0,544.0,959.0,427.0
2.0,4647.0,1344.0,1792.0,4297.0,0.0,0.0,1254.0,538.0,944.0,400.0
2.0,7600.0,1790.0,1779.0,2601.0,0.0,0.0,1245.0,534.0,1266.0,524.0
2.0,8411.0,2226.0,1785.0,0.0,955.0,955.0,1250.0,535.0,1568.0,658.0
2.0,6185.0,2235.0,1805.0,0.0,3270.0,3270.0,1264.0,541.0,1563.0,672.0
2.0,3950.0,1838.0,1819.0,955.0,4209.0,4209.0,1274.0,545.0,1275.0,563.0
2.0,3067.0,1447.0,1815.0,3270.0,2370.0,2370.0,1270.0,545.0,1004.0,443.0
2.0,4890.0,1457.0,1798.0,4209.0,0.0,0.0,1258.0,540.0,1021.0,436.0
2.0,7642.0,1857.0,1787.0,2370.0,0.0,0.0,1251.0,536.0,1311.0,546.0
2.0,8155.0,2188.0,1794.0,0.0,1209.0,1209.0,1256.0,538.0,1542.0,646.0
2.0,5967.0,2136.0,1810.0,0.0,3409.0,3409.0,1268.0,542.0,1495.0,641.0
2.0,3831.0,1814.0,1822.0,1209.0,4062.0,4062.0,1276.0,546.0,1258.0,556.0
2.0,3226.0,1463.0,1817.0,3409.0,2096.0,2096.0,1272.0,545.0,1013.0,450.0
2.0,5172.0,1446.0,1799.0,4062.0,0.0,0.0,1259.0,540.0,1013.0,433.0
2.0,7788.0,1918.0,1792.0,2096.0,0.0,0.0,1254.0,538.0,1354.0,564.0
2.0,7966.0,2282.0,1801.0,0.0,1520.0,1520.0,1261.0,540.0,1608.0,674.0
2.0,5684.0,2140.0,1816.0,0.0,3720.0,3720.0,1272.0,544.0,1500.0,640.0
2.0,3544.0,1698.0,1825.0,1520.0,3934.0,3934.0,1278.0,547.0,1177.0,521.0
2.0,3366.0,1385.0,1816.0,3720.0,1563.0,1563.0,1271.0,545.0,956.0,429.0
2.0,5701.0,1574.0,1802.0,3934.0,0.0,0.0,1261.0,541.0,1102.0,472.0
2.0,8061.0,2032.0,1796.0,1563.0,0.0,0.0,1257.0,539.0,1436.0,596.0
2.0,7592.0,2235.0,1804.0,0.0,1859.0,1859.0,1263.0,541.0,1577.0,658.0
2.0,5357.0,2047.0,1818.0,0.0,3962.0,3962.0,1273.0,545.0,1433.0,614.0
2.0,3310.0,1721.0,1825.0,1859.0,3852.0,3852.0,1278.0,547.0,1191.0,530.0
2.0,3448.0,1509.0,1821.0,3962.0,1383.0,1383.0,1274.0,547.0,1043.0,466.0
2.0,5901.0,1682.0,1809.0,3852.0,0.0,0.0,1266.0,543.0,1179.0,503.0
2.0,8071.0,2055.0,1803.0,1383.0,0.0,0.0,1262.0,541.0,1452.0,603.0
2.0,7399.0,2264.0,1811.0,0.0,2109.0,2109.0,1268.0,543.0,1598.0,666.0
2.0,5135.0,2060.0,1825.0,0.0,4225.0,4225.0,1278.0,547.0,1443.0,617.0
2.0,3075.0,1646.0,1832.0,2109.0,3790.0,3790.0,1283.0,549.0,1137.0,509.0
2.0,3538.0,1421.0,1826.0,4225.0,962.0,962.0,1278.0,548.0,980.0,441.0
2.0,6342.0,1596.0,1815.0,3790.0,0.0,0.0,1270.0,545.0,1118.0,478.0
2.0,8536.0,1998.0,1807.0,962.0,0.0,0.0,1265.0,542.0,1414.0,584.0
2.0,7500.0,2213.0,1813.0,0.0,1965.0,1965.0,1270.0,543.0,1564.0,649.0
2.0,5287.0,2053.0,1826.0,0.0,4070.0,4070.0,1279.0,547.0,1438.0,615.0
2.0,3234.0,1650.0,1834.0,1965.0,3787.0,3787.0,1284.0,550.0,1141.0,509.0
2.0,3549.0,1458.0,1829.0,4070.0,1155.0,1155.0,1280.0,549.0,1004.0,454.0
2.0,6161.0,1666.0,1819.0,3787.0,0.0,0.0,1273.0,546.0,1165.0,501.0
2.0,8282.0,2099.0,1816.0,1155.0,0.0,0.0,1271.0,545.0,1483.0,616.0
2.0,7338.0,2267.0,1821.0,0.0,2213.0,2213.0,1275.0,546.0,1602.0,665.0
2.0,5071.0,2032.0,1833.0,0.0,4293.0,4293.0,1284.0,549.0,1425.0,607.0
2.0,3039.0,1551.0,1838.0,2213.0,3651.0,3651.0,1287.0,551.0,1072.0,479.0
2.0,3701.0,1389.0,1832.0,4293.0,723.0,723.0,1282.0,550.0,957.0,432.0
2.0,6605.0,1669.0,1821.0,3651.0,0.0,0.0,1274.0,547.0,1167.0,502.0
2.0,8587.0,2068.0,1817.0,723.0,26.0,26.0,1272.0,545.0,1462.0,606.0
2.0,7242.0,2248.0,1825.0,0.0,2306.0,2306.0,1278.0,547.0,1588.0,660.0
2.0,4994.0,2015.0,1836.0,26.0,4339.0,4339.0,1286.0,550.0,1412.0,603.0
2.0,3005.0,1639.0,1844.0,2306.0,3704.0,3704.0,1291.0,553.0,1136.0,503.0
2.0,3672.0,1550.0,1841.0,4339.0,903.0,903.0,1289.0,552.0,1072.0,478.0
2.0,6461.0,1753.0,1834.0,3704.0,0.0,0.0,1283.0,551.0,1224.0,529.0
2.0,8412.0,2047.0,1829.0,903.0,48.0,48.0,1280.0,549.0,1444.0,603.0
2.0,7268.0,2125.0,1834.0,0.0,2193.0,2193.0,1284.0,550.0,1503.0,622.0
2.0,5143.0,1908.0,1845.0,48.0,4097.0,4097.0,1292.0,553.0,1337.0,571.0
2.0,3283.0,1661.0,1851.0,2193.0,3589.0,3589.0,1296.0,555.0,1150.0,511.0
2.0,3815.0,1654.0,1847.0,4097.0,1130.0,1130.0,1293.0,554.0,1145.0,509.0
2.0,6258.0,1821.0,1840.0,3589.0,0.0,0.0,1288.0,552.0,1273.0,548.0
2.0,8026.0,2068.0,1837.0,1130.0,260.0,260.0,1286.0,551.0,1460.0,608.0
2.0,7088.0,2110.0,1842.0,0.0,2390.0,2390.0,1290.0,552.0,1491.0,619.0
2.0,4978.0,1855.0,1850.0,260.0,4017.0,4017.0,1296.0,554.0,1300.0,555.0
2.0,3383.0,1633.0,1854.0,2390.0,3276.0,3276.0,1298.0,556.0,1129.0,504.0
2.0,4140.0,1641.0,1849.0,4017.0,880.0,880.0,1294.0,555.0,1133.0,508.0
2.0,6516.0,1838.0,1842.0,3276.0,0.0,0.0,1289.0,553.0,1285.0,553.0
2.0,7954.0,2015.0,1840.0,880.0,541.0,541.0,1288.0,552.0,1426.0,589.0
2.0,6819.0,2009.0,1844.0,0.0,2566.0,2566.0,1291.0,553.0,1422.0,587.0
2.0,4810.0,1922.0,1852.0,541.0,3979.0,3979.0,1297.0,555.0,1345.0,577.0
2.0,3429.0,1781.0,1859.0,2566.0,3222.0,3222.0,1302.0,557.0,1232.0,549.0
2.0,4214.0,1704.0,1855.0,3979.0,931.0,931.0,1298.0,557.0,1177.0,527.0
2.0,6489.0,1803.0,1846.0,3222.0,0.0,0.0,1292.0,554.0,1262.0,541.0
2.0,7908.0,1956.0,1842.0,931.0,485.0,485.0,1289.0,553.0,1386.0,570.0
2.0,6883.0,2028.0,1848.0,0.0,2537.0,2537.0,1294.0,554.0,1434.0,594.0
2.0,4855.0,1940.0,1859.0,485.0,4036.0,4036.0,1302.0,557.0,1357.0,583.0
2.0,3400.0,1751.0,1863.0,2537.0,3266.0,3266.0,1304.0,559.0,1209.0,542.0
2.0,4186.0,1671.0,1856.0,4036.0,873.0,873.0,1299.0,557.0,1154.0,517.0
2.0,6551.0,1792.0,1848.0,3266.0,0.0,0.0,1293.0,555.0,1258.0,534.0
2.0,8025.0,1971.0,1846.0,873.0,457.0,457.0,1292.0,554.0,1399.0,572.0
2.0,6927.0,2042.0,1852.0,0.0,2523.0,2523.0,1297.0,555.0,1444.0,598.0
2.0,4885.0,1887.0,1859.0,457.0,3981.0,3981.0,1302.0,557.0,1316.0,571.0
2.0,3455.0,1735.0,1860.0,2523.0,3197.0,3197.0,1302.0,558.0,1195.0,540.0
2.0,4243.0,1728.0,1853.0,3981.0,916.0,916.0,1297.0,556.0,1195.0,533.0
2.0,6496.0,1890.0,1846.0,3197.0,0.0,0.0,1292.0,554.0,1328.0,562.0
2.0,7803.0,2027.0,1846.0,916.0,692.0,692.0,1292.0,554.0,1439.0,588.0
2.0,6692.0,2065.0,1854.0,0.0,2789.0,2789.0,1298.0,556.0,1459.0,606.0
2.0,4627.0,1938.0,1864.0,692.0,4075.0,4075.0,1305.0,559.0,1351.0,587.0
2.0,3381.0,1686.0,1866.0,2789.0,2980.0,2980.0,1306.0,560.0,1161.0,525.0
2.0,4484.0,1648.0,1859.0,4075.0,525.0,525.0,1301.0,558.0,1141.0,507.0
2.0,6911.0,1848.0,1852.0,2980.0,0.0,0.0,1296.0,556.0,1299.0,549.0
2.0,8043.0,2088.0,1853.0,525.0,932.0,932.0,1297.0,556.0,1481.0,607.0
2.0,6480.0,2077.0,1861.0,0.0,3041.0,3041.0,1303.0,558.0,1468.0,609.0
2.0,4403.0,1850.0,1869.0,932.0,3991.0,3991.0,1309.0,560.0,1290.0,560.0
2.0,3485.0,1665.0,1868.0,3041.0,2611.0,2611.0,1308.0,560.0,1148.0,517.0
2.0,4861.0,1652.0,1860.0,3991.0,240.0,240.0,1302.0,558.0,1143.0,509.0
2.0,7200.0,1834.0,1852.0,2611.0,0.0,0.0,1296.0,556.0,1288.0,546.0
2.0,7977.0,2074.0,1852.0,240.0,1265.0,1265.0,1296.0,556.0,1471.0,603.0
2.0,6143.0,2104.0,1862.0,0.0,3409.0,3409.0,1304.0,558.0,1486.0,618.0
2.0,4039.0,1914.0,1873.0,1265.0,4102.0,4102.0,1312.0,561.0,1334.0,580.0
2.0,3390.0,1691.0,1874.0,3409.0,2388.0,2388.0,1312.0,562.0,1165.0,526.0
2.0,5108.0,1679.0,1866.0,4102.0,0.0,0.0,1306.0,560.0,1162.0,517.0
2.0,7531.0,1817.0,1858.0,2388.0,0.0,0.0,1300.0,558.0,1277.0,540.0
2.0,8102.0,1979.0,1857.0,0.0,1305.0,1305.0,1300.0,557.0,1404.0,575.0
2.0,6123.0,2026.0,1864.0,0.0,3359.0,3359.0,1305.0,559.0,1432.0,594.0
2.0,4097.0,1904.0,1871.0,1305.0,3986.0,3986.0,1310.0,561.0,1330.0,574.0
2.0,3498.0,1769.0,1871.0,3359.0,2396.0,2396.0,1310.0,561.0,1220.0,549.0
2.0,5088.0,1660.0,1864.0,3986.0,42.0,42.0,1305.0,559.0,1148.0,512.0
2.0,7414.0,1763.0,1858.0,2396.0,0.0,0.0,1300.0,558.0,1237.0,526.0
2.0,8047.0,1966.0,1859.0,42.0,1313.0,1313.0,1301.0,558.0,1393.0,573.0
2.0,6123.0,2070.0,1867.0,0.0,3415.0,3415.0,1307.0,560.0,1463.0,607.0
2.0,4053.0,1957.0,1872.0,1313.0,4079.0,4079.0,1311.0,561.0,1367.0,590.0
2.0,3409.0,1775.0,1871.0,3415.0,2435.0,2435.0,1310.0,561.0,1226.0,549.0
2.0,5049.0,1671.0,1863.0,4079.0,0.0,0.0,1304.0,559.0,1156.0,515.0
2.0,7457.0,1760.0,1856.0,2435.0,0.0,0.0,1299.0,557.0,1235.0,525.0
2.0,8132.0,1964.0,1859.0,0.0,1268.0,1268.0,1301.0,558.0,1393.0,571.0
2.0,6168.0,2071.0,1867.0,0.0,3371.0,3371.0,1307.0,560.0,1465.0,606.0
2.0,4097.0,2034.0,1875.0,1268.0,4169.0,4169.0,1313.0,562.0,1421.0,613.0
2.0,3331.0,1861.0,1875.0,3371.0,2659.0,2659.0,1313.0,562.0,1283.0,578.0
2.0,4841.0,1721.0,1869.0,4169.0,187.0,187.0,1308.0,561.0,1189.0,532.0
2.0,7289.0,1734.0,1865.0,2659.0,0.0,0.0,1305.0,560.0,1219.0,515.0
2.0,8214.0,1859.0,1863.0,187.0,910.0,910.0,1304.0,559.0,1321.0,538.0
2.0,6542.0,1996.0,1868.0,0.0,2926.0,2926.0,1308.0,560.0,1412.0,584.0
2.0,4546.0,2088.0,1875.0,910.0,4132.0,4132.0,1313.0,562.0,1455.0,633.0
2.0,3368.0,2000.0,1878.0,2926.0,3218.0,3218.0,1315.0,563.0,1380.0,620.0
2.0,4294.0,1823.0,1876.0,4132.0,901.0,901.0,1313.0,563.0,1263.0,560.0
2.0,6603.0,1711.0,1869.0,3218.0,0.0,0.0,1308.0,561.0,1206.0,505.0
2.0,8110.0,1758.0,1866.0,901.0,211.0,211.0,1306.0,560.0,1252.0,506.0
2.0,7253.0,1951.0,1870.0,0.0,2178.0,2178.0,1310.0,560.0,1379.0,572.0
2.0,5302.0,2040.0,1877.0,211.0,4035.0,4035.0,1315.0,562.0,1420.0,620.0
2.0,3473.0,2001.0,1881.0,2178.0,3874.0,3874.0,1317.0,564.0,1378.0,623.0
2.0,3650.0,1888.0,1879.0,4035.0,1719.0,1719.0,1315.0,564.0,1308.0,580.0
2.0,5797.0,1846.0,1876.0,3874.0,0.0,0.0,1313.0,563.0,1300.0,546.0
2.0,7825.0,1896.0,1876.0,1719.0,0.0,0.0,1313.0,563.0,1350.0,546.0
2.0,7648.0,1923.0,1879.0,0.0,1791.0,1791.0,1316.0,563.0,1361.0,562.0
2.0,5725.0,1932.0,1883.0,0.0,3739.0,3739.0,1319.0,564.0,1346.0,586.0
2.0,3793.0,1853.0,1883.0,1791.0,3801.0,3801.0,1318.0,565.0,1275.0,578.0
2.0,3731.0,1799.0,1879.0,3739.0,1845.0,1845.0,1315.0,564.0,1244.0,555.0
2.0,5671.0,1874.0,1875.0,3801.0,0.0,0.0,1312.0,563.0,1319.0,555.0
2.0,7598.0,1999.0,1876.0,1845.0,60.0,60.0,1313.0,563.0,1423.0,576.0
2.0,7444.0,2030.0,1882.0,0.0,2114.0,2114.0,1318.0,564.0,1436.0,594.0
2.0,5414.0,1922.0,1888.0,60.0,4000.0,4000.0,1322.0,566.0,1337.0,585.0
2.0,3552.0,1805.0,1887.0,2114.0,3687.0,3687.0,1321.0,566.0,1240.0,565.0
2.0,3861.0,1827.0,1882.0,4000.0,1494.0,1494.0,1317.0,565.0,1265.0,562.0
2.0,6034.0,1956.0,1879.0,3687.0,0.0,0.0,1315.0,564.0,1377.0,579.0
2.0,7765.0,2053.0,1883.0,1494.0,326.0,326.0,1318.0,565.0,1460.0,593.0
2.0,7206.0,1977.0,1889.0,0.0,2327.0,2327.0,1323.0,566.0,1399.0,578.0
2.0,5229.0,1835.0,1893.0,326.0,3852.0,3852.0,1326.0,567.0,1278.0,557.0
2.0,3720.0,1748.0,1891.0,2327.0,3265.0,3265.0,1324.0,567.0,1199.0,549.0
2.0,4299.0,1770.0,1885.0,3852.0,1159.0,1159.0,1319.0,566.0,1224.0,546.0
2.0,6381.0,1971.0,1883.0,3265.0,0.0,0.0,1318.0,565.0,1388.0,583.0
2.0,7675.0,2112.0,1887.0,1159.0,826.0,826.0,1321.0,566.0,1502.0,610.0
2.0,6722.0,2139.0,1895.0,0.0,2997.0,2997.0,1327.0,568.0,1512.0,627.0
2.0,4583.0,1935.0,1900.0,826.0,4126.0,4126.0,1331.0,569.0,1346.0,589.0
2.0,3474.0,1681.0,1898.0,2997.0,2802.0,2802.0,1329.0,569.0,1155.0,526.0
2.0,4790.0,1687.0,1892.0,4126.0,339.0,339.0,1324.0,568.0,1166.0,521.0
2.0,7229.0,1957.0,1891.0,2802.0,0.0,0.0,1323.0,568.0,1378.0,579.0
2.0,8074.0,2192.0,1896.0,339.0,1363.0,1363.0,1327.0,569.0,1559.0,633.0
2.0,6221.0,2175.0,1905.0,0.0,3574.0,3574.0,1334.0,571.0,1536.0,639.0
2.0,4046.0,1872.0,1908.0,1363.0,4095.0,4095.0,1336.0,572.0,1301.0,571.0
2.0,3537.0,1577.0,1905.0,3574.0,2086.0,2086.0,1334.0,571.0,1082.0,495.0
2.0,5534.0,1684.0,1899.0,4095.0,0.0,0.0,1329.0,570.0,1165.0,519.0
2.0,7945.0,2021.0,1898.0,2086.0,0.0,0.0,1328.0,570.0,1424.0,597.0
2.0,8010.0,2262.0,1904.0,0.0,1868.0,1868.0,1333.0,571.0,1608.0,654.0
2.0,5748.0,2108.0,1910.0,0.0,4000.0,4000.0,1338.0,572.0,1490.0,618.0
2.0,3640.0,1687.0,1910.0,1868.0,3819.0,3819.0,1338.0,572.0,1171.0,516.0
2.0,3821.0,1523.0,1907.0,4000.0,1330.0,1330.0,1335.0,572.0,1040.0,483.0
2.0,6298.0,1731.0,1902.0,3819.0,0.0,0.0,1331.0,571.0,1196.0,535.0
2.0,8386.0,2145.0,1904.0,1330.0,45.0,45.0,1332.0,572.0,1513.0,632.0
2.0,7571.0,2311.0,1909.0,0.0,2376.0,2376.0,1336.0,573.0,1645.0,666.0
2.0,5260.0,2080.0,1913.0,45.0,4427.0,4427.0,1340.0,573.0,1472.0,608.0
2.0,3225.0,1637.0,1912.0,2376.0,3684.0,3684.0,1339.0,573.0,1135.0,502.0
2.0,3964.0,1484.0,1907.0,4427.0,721.0,721.0,1335.0,572.0,1013.0,471.0
2.0,6907.0,1859.0,1906.0,3684.0,0.0,0.0,1334.0,572.0,1286.0,573.0
2.0,8732.0,2253.0,1911.0,721.0,444.0,444.0,1337.0,574.0,1588.0,665.0
2.0,7200.0,2352.0,1917.0,0.0,2820.0,2820.0,1342.0,575.0,1673.0,679.0
2.0,4848.0,2048.0,1917.0,444.0,4424.0,4424.0,1343.0,574.0,1448.0,600.0
2.0,3244.0,1563.0,1912.0,2820.0,3147.0,3147.0,1339.0,573.0,1084.0,479.0
2.0,4501.0,1433.0,1907.0,4424.0,136.0,136.0,1335.0,572.0,976.0,457.0
2.0,7492.0,1845.0,1909.0,3147.0,0.0,0.0,1336.0,573.0,1277.0,568.0
2.0,8794.0,2366.0,1917.0,136.0,1104.0,1104.0,1341.0,576.0,1669.0,697.0
2.0,6564.0,2497.0,1925.0,0.0,3633.0,3633.0,1348.0,577.0,1775.0,722.0
2.0,4067.0,2080.0,1927.0,1104.0,4617.0,4617.0,1350.0,577.0,1472.0,608.0
2.0,3091.0,1531.0,1920.0,3633.0,2487.0,2487.0,1345.0,575.0,1061.0,470.0
2.0,5193.0,1357.0,1911.0,4617.0,0.0,0.0,1338.0,573.0,922.0,435.0
2.0,8453.0,1733.0,1908.0,2487.0,0.0,0.0,1335.0,573.0,1196.0,537.0
2.0,9207.0,2360.0,1916.0,0.0,817.0,817.0,1341.0,575.0,1661.0,699.0
2.0,6847.0,2623.0,1929.0,0.0,3492.0,3492.0,1350.0,579.0,1865.0,758.0
2.0,4224.0,2224.0,1936.0,817.0,4927.0,4927.0,1356.0,580.0,1575.0,649.0
2.0,2817.0,1532.0,1931.0,3492.0,2947.0,2947.0,1353.0,578.0,1063.0,469.0
2.0,4777.0,1207.0,1918.0,4927.0,0.0,0.0,1343.0,575.0,816.0,391.0
2.0,8497.0,1639.0,1911.0,2947.0,0.0,0.0,1337.0,574.0,1129.0,510.0
2.0,9805.0,2421.0,1919.0,0.0,292.0,292.0,1343.0,576.0,1704.0,717.0
2.0,7384.0,2730.0,1934.0,0.0,3082.0,3082.0,1354.0,580.0,1940.0,790.0
2.0,4654.0,2262.0,1943.0,292.0,5088.0,5088.0,1361.0,582.0,1603.0,659.0
2.0,2684.0,1525.0,1937.0,3082.0,3507.0,3507.0,1357.0,580.0,1059.0,466.0
2.0,4241.0,1220.0,1924.0,5088.0,0.0,0.0,1347.0,577.0,823.0,397.0
2.0,8109.0,1652.0,1915.0,3507.0,0.0,0.0,1340.0,575.0,1135.0,517.0
2.0,9964.0,2363.0,1923.0,0.0,91.0,91.0,1345.0,578.0,1664.0,699.0
2.0,7601.0,2676.0,1940.0,0.0,2835.0,2835.0,1358.0,582.0,1906.0,770.0
2.0,4925.0,2183.0,1947.0,91.0,4955.0,4955.0,1364.0,583.0,1551.0,632.0
2.0,2833.0,1483.0,1942.0,2835.0,3583.0,3583.0,1360.0,582.0,1027.0,456.0
2.0,4185.0,1214.0,1927.0,4955.0,0.0,0.0,1349.0,578.0,816.0,398.0
2.0,7926.0,1725.0,1920.0,3583.0,0.0,0.0,1343.0,577.0,1186.0,539.0
2.0,9784.0,2488.0,1927.0,0.0,412.0,412.0,1348.0,579.0,1754.0,734.0
2.0,7296.0,2738.0,1943.0,0.0,3214.0,3214.0,1360.0,583.0,1949.0,789.0
2.0,4558.0,2208.0,1953.0,412.0,5050.0,5050.0,1368.0,585.0,1567.0,641.0
2.0,2762.0,1372.0,1946.0,3214.0,3180.0,3180.0,1363.0,583.0,948.0,424.0
2.0,4604.0,1107.0,1930.0,5050.0,0.0,0.0,1351.0,579.0,741.0,366.0
2.0,8547.0,1700.0,1921.0,3180.0,0.0,0.0,1344.0,577.0,1170.0,530.0
2.0,10027.0,2531.0,1927.0,0.0,212.0,212.0,1348.0,579.0,1786.0,745.0
2.0,7496.0,2761.0,1944.0,0.0,3041.0,3041.0,1361.0,583.0,1967.0,794.0
2.0,4735.0,2186.0,1956.0,212.0,5063.0,5063.0,1370.0,586.0,1549.0,637.0
2.0,2761.0,1344.0,1950.0,3041.0,3342.0,3342.0,1366.0,584.0,928.0,416.0
2.0,4458.0,1145.0,1933.0,5063.0,0.0,0.0,1353.0,580.0,768.0,377.0
2.0,8376.0,1747.0,1923.0,3342.0,0.0,0.0,1345.0,578.0,1202.0,545.0
2.0,9971.0,2545.0,1931.0,0.0,298.0,298.0,1351.0,580.0,1795.0,750.0
2.0,7426.0,2717.0,1951.0,0.0,3095.0,3095.0,1366.0,585.0,1935.0,782.0
2.0,4709.0,2166.0,1963.0,298.0,5011.0,5011.0,1375.0,588.0,1537.0,629.0
2.0,2841.0,1340.0,1956.0,3095.0,3228.0,3228.0,1370.0,586.0,926.0,414.0
2.0,4596.0,1098.0,1936.0,5011.0,0.0,0.0,1355.0,581.0,735.0,363.0
2.0,8509.0,1737.0,1925.0,3228.0,0.0,0.0,1347.0,578.0,1197.0,540.0
2.0,10000.0,2574.0,1934.0,0.0,310.0,310.0,1353.0,581.0,1814.0,760.0
2.0,7426.0,2835.0,1957.0,0.0,3237.0,3237.0,1370.0,587.0,2017.0,818.0
2.0,4591.0,2249.0,1972.0,310.0,5236.0,5236.0,1381.0,591.0,1593.0,656.0
2.0,2652.0,1435.0,1964.0,3237.0,3402.0,3402.0,1376.0,588.0,991.0,444.0
2.0,4454.0,1095.0,1941.0,5236.0,0.0,0.0,1359.0,582.0,736.0,359.0
2.0,8595.0,1641.0,1928.0,3402.0,0.0,0.0,1349.0,579.0,1132.0,509.0
2.0,10356.0,2483.0,1937.0,0.0,0.0,0.0,1355.0,582.0,1752.0,731.0
2.0,7873.0,2745.0,1959.0,0.0,2708.0,2708.0,1371.0,588.0,1952.0,793.0
2.0,5128.0,2229.0,1974.0,0.0,4997.0,4997.0,1383.0,591.0,1578.0,651.0
2.0,2899.0,1509.0,1967.0,2708.0,3770.0,3770.0,1378.0,589.0,1042.0,467.0
2.0,4098.0,1217.0,1946.0,4997.0,0.0,0.0,1362.0,584.0,820.0,397.0
2.0,7878.0,1655.0,1930.0,3770.0,0.0,0.0,1350.0,580.0,1140.0,515.0
2.0,9993.0,2457.0,1937.0,0.0,212.0,212.0,1355.0,582.0,1735.0,722.0
2.0,7536.0,2783.0,1961.0,0.0,3091.0,3091.0,1373.0,588.0,1983.0,800.0
2.0,4753.0,2330.0,1980.0,212.0,5285.0,5285.0,1387.0,593.0,1649.0,681.0
2.0,2635.0,1544.0,1976.0,3091.0,3722.0,3722.0,1384.0,592.0,1065.0,479.0
2.0,4182.0,1139.0,1953.0,5285.0,0.0,0.0,1367.0,586.0,762.0,377.0
2.0,8328.0,1580.0,1933.0,3722.0,0.0,0.0,1352.0,581.0,1087.0,493.0
2.0,10470.0,2381.0,1935.0,0.0,0.0,0.0,1354.0,581.0,1683.0,698.0
2.0,8089.0,2712.0,1958.0,0.0,2455.0,2455.0,1371.0,587.0,1934.0,778.0
2.0,5377.0,2319.0,1980.0,0.0,4862.0,4862.0,1387.0,593.0,1644.0,675.0
2.0,3058.0,1619.0,1979.0,2455.0,4022.0,4022.0,1386.0,593.0,1120.0,499.0
2.0,3894.0,1288.0,1957.0,4862.0,360.0,360.0,1370.0,587.0,868.0,420.0
2.0,7468.0,1733.0,1938.0,4022.0,0.0,0.0,1356.0,582.0,1191.0,542.0
2.0,9757.0,2462.0,1942.0,360.0,113.0,113.0,1359.0,583.0,1736.0,726.0
2.0,7655.0,2774.0,1966.0,0.0,2983.0,2983.0,1376.0,590.0,1975.0,799.0
2.0,4881.0,2319.0,1987.0,113.0,5273.0,5273.0,1392.0,595.0,1644.0,675.0
2.0,2675.0,1485.0,1984.0,2983.0,3763.0,3763.0,1390.0,594.0,1027.0,458.0
2.0,4173.0,1186.0,1961.0,5273.0,0.0,0.0,1373.0,588.0,798.0,388.0
2.0,8260.0,1682.0,1942.0,3763.0,0.0,0.0,1359.0,583.0,1156.0,526.0
2.0,10341.0,2508.0,1948.0,0.0,0.0,0.0,1363.0,585.0,1768.0,740.0
2.0,7833.0,2841.0,1974.0,0.0,2904.0,2904.0,1382.0,592.0,2021.0,820.0
2.0,4992.0,2273.0,1995.0,0.0,5261.0,5261.0,1397.0,598.0,1611.0,662.0
2.0,2719.0,1432.0,1990.0,2904.0,3769.0,3769.0,1394.0,596.0,990.0,442.0
2.0,4191.0,1123.0,1963.0,5261.0,0.0,0.0,1374.0,589.0,754.0,369.0
2.0,8329.0,1641.0,1942.0,3769.0,0.0,0.0,1359.0,583.0,1129.0,512.0
2.0,10457.0,2495.0,1947.0,0.0,0.0,0.0,1362.0,585.0,1759.0,736.0
2.0,7962.0,2859.0,1976.0,0.0,2801.0,2801.0,1383.0,593.0,2036.0,823.0
2.0,5103.0,2366.0,2000.0,0.0,5263.0,5263.0,1401.0,599.0,1676.0,690.0
2.0,2737.0,1501.0,1997.0,2801.0,3951.0,3951.0,1399.0,598.0,1037.0,464.0
2.0,4037.0,1101.0,1968.0,5263.0,0.0,0.0,1378.0,590.0,737.0,364.0
2.0,8199.0,1547.0,1946.0,3951.0,0.0,0.0,1361.0,585.0,1063.0,484.0
2.0,10603.0,2478.0,1951.0,0.0,0.0,0.0,1365.0,586.0,1750.0,728.0
2.0,8125.0,2934.0,1982.0,0.0,2737.0,2737.0,1387.0,595.0,2088.0,846.0
2.0,5191.0,2480.0,2007.0,0.0,5317.0,5317.0,1406.0,601.0,1756.0,724.0
2.0,2711.0,1537.0,2004.0,2737.0,4105.0,4105.0,1404.0,600.0,1063.0,474.0
2.0,3911.0,1002.0,1974.0,5317.0,0.0,0.0,1382.0,592.0,669.0,333.0
2.0,8226.0,1402.0,1948.0,4105.0,0.0,0.0,1363.0,585.0,962.0,440.0
2.0,10929.0,2339.0,1951.0,0.0,0.0,0.0,1365.0,586.0,1649.0,690.0
2.0,8590.0,2916.0,1982.0,0.0,2254.0,2254.0,1387.0,595.0,2071.0,845.0
2.0,5674.0,2571.0,2010.0,0.0,4937.0,4937.0,1408.0,602.0,1819.0,752.0
2.0,3103.0,1692.0,2010.0,2254.0,4375.0,4375.0,1408.0,602.0,1175.0,517.0
2.0,3665.0,1156.0,1982.0,4937.0,482.0,482.0,1388.0,594.0,779.0,377.0
2.0,7446.0,1411.0,1955.0,4375.0,0.0,0.0,1368.0,587.0,967.0,444.0
2.0,10410.0,2248.0,1955.0,482.0,0.0,0.0,1368.0,587.0,1583.0,665.0
2.0,8644.0,2743.0,1980.0,0.0,2019.0,2019.0,1386.0,594.0,1951.0,792.0
2.0,5901.0,2510.0,2007.0,0.0,4637.0,4637.0,1406.0,601.0,1778.0,732.0
2.0,3391.0,1822.0,2011.0,2019.0,4456.0,4456.0,1409.0,602.0,1267.0,555.0
2.0,3588.0,1268.0,1987.0,4637.0,991.0,991.0,1391.0,596.0,858.0,410.0
2.0,6957.0,1465.0,1963.0,4456.0,0.0,0.0,1373.0,590.0,1003.0,462.0
2.0,9948.0,2191.0,1962.0,991.0,0.0,0.0,1372.0,590.0,1542.0,649.0
2.0,8748.0,2732.0,1986.0,0.0,1928.0,1928.0,1390.0,596.0,1943.0,789.0
2.0,6016.0,2519.0,2010.0,0.0,4543.0,4543.0,1408.0,602.0,1786.0,733.0
2.0,3497.0,1852.0,2014.0,1928.0,4483.0,4483.0,1411.0,603.0,1288.0,564.0
2.0,3573.0,1322.0,1993.0,4543.0,1178.0,1178.0,1395.0,598.0,893.0,429.0
2.0,6794.0,1461.0,1967.0,4483.0,0.0,0.0,1376.0,591.0,999.0,462.0
2.0,9816.0,2154.0,1964.0,1178.0,0.0,0.0,1374.0,590.0,1518.0,636.0
2.0,8840.0,2663.0,1986.0,0.0,1767.0,1767.0,1390.0,596.0,1897.0,766.0
2.0,6177.0,2517.0,2011.0,0.0,4384.0,4384.0,1409.0,602.0,1786.0,731.0
2.0,3660.0,1876.0,2018.0,1767.0,4521.0,4521.0,1414.0,604.0,1306.0,570.0
2.0,3551.0,1354.0,1998.0,4384.0,1411.0,1411.0,1399.0,599.0,915.0,439.0
2.0,6581.0,1526.0,1975.0,4521.0,0.0,0.0,1382.0,593.0,1044.0,482.0
2.0,9576.0,2186.0,1973.0,1411.0,0.0,0.0,1380.0,593.0,1537.0,649.0
2.0,8801.0,2623.0,1992.0,0.0,1790.0,1790.0,1394.0,598.0,1869.0,754.0
2.0,6178.0,2458.0,2014.0,0.0,4336.0,4336.0,1411.0,603.0,1744.0,714.0
2.0,3720.0,1805.0,2015.0,1790.0,4355.0,4355.0,1412.0,603.0,1256.0,549.0
2.0,3705.0,1379.0,1995.0,4336.0,1318.0,1318.0,1397.0,598.0,936.0,443.0
2.0,6662.0,1579.0,1972.0,4355.0,0.0,0.0,1380.0,592.0,1082.0,497.0
2.0,9438.0,2254.0,1970.0,1318.0,0.0,0.0,1378.0,592.0,1585.0,669.0
2.0,8502.0,2652.0,1993.0,0.0,2122.0,2122.0,1395.0,598.0,1887.0,765.0
2.0,5850.0,2461.0,2017.0,0.0,4679.0,4679.0,1413.0,604.0,1745.0,716.0
2.0,3389.0,1800.0,2020.0,2122.0,4369.0,4369.0,1415.0,605.0,1252.0,548.0
2.0,3711.0,1350.0,1998.0,4679.0,952.0,952.0,1399.0,599.0,915.0,435.0
2.0,7040.0,1567.0,1973.0,4369.0,0.0,0.0,1380.0,593.0,1075.0,492.0
2.0,9842.0,2242.0,1973.0,952.0,0.0,0.0,1380.0,593.0,1579.0,663.0
2.0,8552.0,2638.0,1996.0,0.0,2070.0,2070.0,1397.0,599.0,1878.0,760.0
2.0,5914.0,2480.0,2022.0,0.0,4654.0,4654.0,1416.0,606.0,1756.0,724.0
2.0,3434.0,1846.0,2026.0,2070.0,4446.0,4446.0,1419.0,607.0,1282.0,564.0
2.0,3658.0,1394.0,2004.0,4654.0,1098.0,1098.0,1403.0,601.0,947.0,447.0
2.0,6918.0,1592.0,1980.0,4446.0,0.0,0.0,1385.0,595.0,1093.0,499.0
2.0,9772.0,2125.0,1976.0,1098.0,0.0,0.0,1382.0,594.0,1497.0,628.0
2.0,8745.0,2504.0,1994.0,0.0,1735.0,1735.0,1396.0,598.0,1784.0,720.0
2.0,6241.0,2359.0,2019.0,0.0,4194.0,4194.0,1414.0,605.0,1673.0,686.0
2.0,3882.0,1904.0,2026.0,1735.0,4391.0,4391.0,1419.0,607.0,1323.0,581.0
2.0,3713.0,1546.0,2008.0,4194.0,1671.0,1671.0,1406.0,602.0,1050.0,496.0
2.0,6361.0,1616.0,1982.0,4391.0,0.0,0.0,1387.0,595.0,1112.0,504.0
2.0,9136.0,2103.0,1975.0,1671.0,0.0,0.0,1382.0,593.0,1485.0,618.0
2.0,8704.0,2489.0,1993.0,0.0,1757.0,1757.0,1395.0,598.0,1772.0,717.0
2.0,6215.0,2390.0,2020.0,0.0,4255.0,4255.0,1415.0,605.0,1691.0,699.0
2.0,3825.0,1905.0,2030.0,1757.0,4443.0,4443.0,1422.0,608.0,1323.0,582.0
2.0,3677.0,1540.0,2014.0,4255.0,1664.0,1664.0,1410.0,604.0,1048.0,492.0
2.0,6392.0,1672.0,1991.0,4443.0,0.0,0.0,1393.0,598.0,1152.0,520.0
2.0,9163.0,2133.0,1982.0,1664.0,0.0,0.0,1387.0,595.0,1505.0,628.0
2.0,8694.0,2486.0,1997.0,0.0,1780.0,1780.0,1398.0,599.0,1771.0,715.0
2.0,6208.0,2371.0,2021.0,0.0,4247.0,4247.0,1416.0,605.0,1679.0,692.0
2.0,3837.0,1848.0,2030.0,1780.0,4351.0,4351.0,1422.0,608.0,1282.0,566.0
2.0,3769.0,1514.0,2015.0,4247.0,1558.0,1558.0,1411.0,604.0,1030.0,484.0
2.0,6502.0,1682.0,1995.0,4351.0,0.0,0.0,1396.0,599.0,1158.0,524.0
2.0,9171.0,2224.0,1990.0,1558.0,0.0,0.0,1392.0,598.0,1567.0,657.0
2.0,8505.0,2610.0,2004.0,0.0,2121.0,2121.0,1403.0,601.0,1858.0,752.0
2.0,5895.0,2407.0,2026.0,0.0,4616.0,4616.0,1419.0,607.0,1703.0,704.0
2.0,3488.0,1848.0,2034.0,2121.0,4375.0,4375.0,1425.0,609.0,1282.0,566.0
2.0,3761.0,1448.0,2019.0,4616.0,1147.0,1147.0,1414.0,605.0,984.0,464.0
2.0,6929.0,1644.0,1998.0,4375.0,0.0,0.0,1398.0,600.0,1134.0,510.0
2.0,9660.0,2271.0,1994.0,1147.0,0.0,0.0,1395.0,599.0,1601.0,670.0
2.0,8536.0,2678.0,2010.0,0.0,2182.0,2182.0,1407.0,603.0,1903.0,775.0
2.0,5858.0,2541.0,2033.0,0.0,4815.0,4815.0,1424.0,609.0,1798.0,743.0
2.0,3317.0,1904.0,2041.0,2182.0,4569.0,4569.0,1430.0,611.0,1321.0,583.0
2.0,3595.0,1424.0,2028.0,4815.0,1126.0,1126.0,1420.0,608.0,967.0,457.0
2.0,6986.0,1547.0,2006.0,4569.0,0.0,0.0,1404.0,602.0,1065.0,482.0
2.0,10008.0,2218.0,2000.0,1126.0,0.0,0.0,1399.0,601.0,1564.0,654.0
2.0,8916.0,2769.0,2017.0,0.0,1921.0,1921.0,1412.0,605.0,1969.0,800.0
2.0,6147.0,2646.0,2042.0,0.0,4667.0,4667.0,1430.0,612.0,1870.0,776.0
2.0,3501.0,1857.0,2048.0,1921.0,4627.0,4627.0,1435.0,613.0,1289.0,568.0
2.0,3565.0,1286.0,2031.0,4667.0,1178.0,1178.0,1422.0,609.0,870.0,416.0
2.0,6946.0,1494.0,2009.0,4627.0,0.0,0.0,1406.0,603.0,1028.0,466.0
2.0,10079.0,2329.0,2007.0,1178.0,0.0,0.0,1404.0,603.0,1641.0,688.0
2.0,8928.0,2875.0,2027.0,0.0,2055.0,2055.0,1419.0,608.0,2042.0,833.0
2.0,6053.0,2740.0,2054.0,0.0,4903.0,4903.0,1439.0,615.0,1937.0,803.0
2.0,3313.0,1942.0,2061.0,2055.0,4818.0,4818.0,1444.0,617.0,1350.0,592.0
2.0,3426.0,1301.0,2042.0,4903.0,1140.0,1140.0,1430.0,612.0,881.0,420.0
2.0,7028.0,1358.0,2018.0,4818.0,0.0,0.0,1412.0,606.0,930.0,428.0
2.0,10488.0,2081.0,2010.0,1140.0,0.0,0.0,1406.0,604.0,1466.0,615.0
2.0,9547.0,2782.0,2029.0,0.0,1351.0,1351.0,1420.0,609.0,1979.0,803.0
2.0,6765.0,2798.0,2057.0,0.0,4261.0,4261.0,1441.0,616.0,1982.0,816.0
2.0,3967.0,2131.0,2068.0,1351.0,5085.0,5085.0,1449.0,619.0,1482.0,649.0
2.0,3187.0,1404.0,2052.0,4261.0,2164.0,2164.0,1437.0,615.0,950.0,454.0
2.0,6044.0,1356.0,2027.0,5085.0,0.0,0.0,1418.0,609.0,926.0,430.0
2.0,9773.0,2046.0,2019.0,2164.0,0.0,0.0,1412.0,607.0,1442.0,604.0
2.0,9891.0,2765.0,2037.0,0.0,1022.0,1022.0,1426.0,611.0,1970.0,795.0
2.0,7126.0,2784.0,2063.0,0.0,3910.0,3910.0,1445.0,618.0,1975.0,809.0
2.0,4342.0,2074.0,2073.0,1022.0,5002.0,5002.0,1452.0,621.0,1441.0,633.0
2.0,3290.0,1340.0,2058.0,3910.0,2372.0,2372.0,1441.0,617.0,902.0,438.0
2.0,5860.0,1351.0,2035.0,5002.0,0.0,0.0,1424.0,611.0,920.0,431.0
2.0,9511.0,2010.0,2029.0,2372.0,0.0,0.0,1419.0,610.0,1417.0,593.0
2.0,9873.0,2649.0,2043.0,0.0,948.0,948.0,1430.0,613.0,1889.0,760.0
2.0,7224.0,2719.0,2066.0,0.0,3759.0,3759.0,1447.0,619.0,1929.0,790.0
2.0,4505.0,2179.0,2077.0,948.0,5034.0,5034.0,1455.0,622.0,1516.0,663.0
2.0,3274.0,1568.0,2065.0,3759.0,2795.0,2795.0,1446.0,619.0,1064.0,504.0
2.0,5465.0,1390.0,2045.0,5034.0,0.0,0.0,1431.0,614.0,949.0,441.0
2.0,9109.0,1832.0,2034.0,2795.0,0.0,0.0,1423.0,611.0,1292.0,540.0
2.0,10072.0,2435.0,2044.0,0.0,539.0,539.0,1431.0,613.0,1738.0,697.0
2.0,7637.0,2656.0,2066.0,0.0,3283.0,3283.0,1447.0,619.0,1883.0,773.0
2.0,4981.0,2296.0,2078.0,539.0,5088.0,5088.0,1456.0,622.0,1596.0,700.0
2.0,3224.0,1697.0,2070.0,3283.0,3470.0,3470.0,1449.0,621.0,1154.0,543.0
2.0,4810.0,1519.0,2051.0,5088.0,0.0,0.0,1435.0,616.0,1042.0,477.0
2.0,8379.0,1883.0,2041.0,3470.0,0.0,0.0,1428.0,613.0,1328.0,555.0
2.0,9966.0,2490.0,2053.0,0.0,736.0,736.0,1437.0,616.0,1774.0,716.0
2.0,7476.0,2662.0,2076.0,0.0,3490.0,3490.0,1454.0,622.0,1886.0,776.0
2.0,4814.0,2276.0,2087.0,736.0,5074.0,5074.0,1462.0,625.0,1586.0,690.0
2.0,3274.0,1681.0,2077.0,3490.0,3225.0,3225.0,1454.0,623.0,1147.0,534.0
2.0,5083.0,1475.0,2055.0,5074.0,0.0,0.0,1438.0,617.0,1010.0,465.0
2.0,8682.0,1875.0,2044.0,3225.0,0.0,0.0,1430.0,614.0,1318.0,557.0
2.0,10032.0,2501.0,2057.0,0.0,697.0,697.0,1440.0,617.0,1779.0,722.0
2.0,7531.0,2695.0,2081.0,0.0,3488.0,3488.0,1458.0,623.0,1911.0,784.0
2.0,4836.0,2258.0,2093.0,697.0,5097.0,5097.0,1466.0,627.0,1578.0,680.0
2.0,3275.0,1656.0,2081.0,3488.0,3217.0,3217.0,1457.0,624.0,1129.0,527.0
2.0,5107.0,1465.0,2058.0,5097.0,0.0,0.0,1440.0,618.0,998.0,467.0
2.0,8739.0,1952.0,2047.0,3217.0,0.0,0.0,1432.0,615.0,1369.0,583.0
2.0,10004.0,2555.0,2059.0,0.0,787.0,787.0,1441.0,618.0,1820.0,735.0
2.0,7449.0,2669.0,2083.0,0.0,3552.0,3552.0,1459.0,624.0,1897.0,772.0
2.0,4780.0,2219.0,2096.0,787.0,5036.0,5036.0,1468.0,628.0,1552.0,667.0
2.0,3348.0,1652.0,2085.0,3552.0,3092.0,3092.0,1460.0,625.0,1127.0,525.0
2.0,5248.0,1514.0,2061.0,5036.0,0.0,0.0,1442.0,619.0,1032.0,482.0
2.0,8770.0,1881.0,2046.0,3092.0,0.0,0.0,1431.0,615.0,1317.0,564.0
2.0,9981.0,2444.0,2057.0,0.0,691.0,691.0,1440.0,617.0,1740.0,704.0
2.0,7537.0,2604.0,2083.0,0.0,3399.0,3399.0,1459.0,624.0,1852.0,752.0
2.0,4933.0,2238.0,2097.0,691.0,5002.0,5002.0,1469.0,628.0,1567.0,671.0
2.0,3386.0,1761.0,2086.0,3399.0,3320.0,3320.0,1461.0,625.0,1204.0,557.0
2.0,5024.0,1631.0,2062.0,5002.0,0.0,0.0,1443.0,619.0,1111.0,520.0
2.0,8395.0,1893.0,2046.0,3320.0,0.0,0.0,1431.0,615.0,1324.0,569.0
2.0,9822.0,2362.0,2055.0,0.0,760.0,760.0,1438.0,617.0,1683.0,679.0
2.0,7460.0,2581.0,2079.0,0.0,3437.0,3437.0,1456.0,623.0,1839.0,742.0
2.0,4879.0,2391.0,2098.0,760.0,5144.0,5144.0,1470.0,628.0,1676.0,715.0
2.0,3248.0,1934.0,2096.0,3437.0,3633.0,3633.0,1468.0,628.0,1322.0,612.0
2.0,4751.0,1577.0,2072.0,5144.0,0.0,0.0,1450.0,622.0,1070.0,507.0
2.0,8318.0,1717.0,2052.0,3633.0,0.0,0.0,1435.0,617.0,1200.0,517.0
2.0,10234.0,2220.0,2053.0,0.0,198.0,198.0,1437.0,616.0,1588.0,632.0
2.0,8014.0,2588.0,2076.0,0.0,2878.0,2878.0,1454.0,622.0,1848.0,740.0
2.0,5426.0,2437.0,2097.0,198.0,5201.0,5201.0,1469.0,628.0,1708.0,729.0
2.0,3187.0,1876.0,2094.0,2878.0,4187.0,4187.0,1466.0,628.0,1279.0,597.0
2.0,4189.0,1519.0,2070.0,5201.0,409.0,409.0,1448.0,622.0,1027.0,492.0
2.0,7871.0,1696.0,2049.0,4187.0,0.0,0.0,1433.0,616.0,1185.0,511.0
2.0,10362.0,2227.0,2052.0,409.0,0.0,0.0,1436.0,616.0,1593.0,634.0
2.0,8544.0,2644.0,2077.0,0.0,2408.0,2408.0,1455.0,622.0,1887.0,757.0
2.0,5900.0,2509.0,2099.0,0.0,5005.0,5005.0,1471.0,628.0,1757.0,752.0
2.0,3391.0,1957.0,2098.0,2408.0,4550.0,4550.0,1469.0,629.0,1336.0,621.0
2.0,3842.0,1489.0,2075.0,5005.0,942.0,942.0,1452.0,623.0,1008.0,481.0
2.0,7358.0,1528.0,2053.0,4550.0,0.0,0.0,1436.0,617.0,1068.0,460.0
2.0,10380.0,2109.0,2052.0,942.0,0.0,0.0,1436.0,616.0,1509.0,600.0
2.0,9213.0,2651.0,2073.0,0.0,1730.0,1730.0,1452.0,621.0,1890.0,761.0
2.0,6562.0,2643.0,2097.0,0.0,4469.0,4469.0,1469.0,628.0,1853.0,790.0
2.0,3919.0,2108.0,2102.0,1730.0,4867.0,4867.0,1472.0,630.0,1443.0,665.0
2.0,3541.0,1577.0,2085.0,4469.0,1907.0,1907.0,1459.0,626.0,1071.0,506.0
2.0,6433.0,1517.0,2063.0,4867.0,0.0,0.0,1443.0,620.0,1062.0,455.0
2.0,9783.0,1990.0,2058.0,1907.0,0.0,0.0,1440.0,618.0,1425.0,565.0
2.0,9700.0,2567.0,2074.0,0.0,1163.0,1163.0,1453.0,621.0,1830.0,737.0
2.0,7133.0,2616.0,2095.0,0.0,3863.0,3863.0,1468.0,627.0,1831.0,785.0
2.0,4517.0,2153.0,2101.0,1163.0,4877.0,4877.0,1471.0,630.0,1475.0,678.0
2.0,3527.0,1658.0,2085.0,3863.0,2608.0,2608.0,1459.0,626.0,1129.0,529.0
2.0,5732.0,1644.0,2065.0,4877.0,0.0,0.0,1444.0,621.0,1150.0,494.0
2.0,8965.0,2119.0,2062.0,2608.0,0.0,0.0,1443.0,619.0,1514.0,605.0
2.0,9454.0,2529.0,2079.0,0.0,1391.0,1391.0,1456.0,623.0,1802.0,727.0
2.0,6925.0,2457.0,2097.0,0.0,3920.0,3920.0,1469.0,628.0,1721.0,736.0
2.0,4468.0,1977.0,2099.0,1391.0,4514.0,4514.0,1470.0,629.0,1352.0,625.0
2.0,3882.0,1658.0,2082.0,3920.0,2184.0,2184.0,1457.0,625.0,1129.0,529.0
2.0,6144.0,1875.0,2067.0,4514.0,0.0,0.0,1446.0,621.0,1315.0,560.0
2.0,8783.0,2304.0,2068.0,2184.0,0.0,0.0,1447.0,621.0,1644.0,660.0
2.0,8663.0,2546.0,2085.0,0.0,2223.0,2223.0,1460.0,625.0,1811.0,735.0
2.0,6117.0,2357.0,2102.0,0.0,4648.0,4648.0,1473.0,629.0,1649.0,708.0
2.0,3760.0,1905.0,2102.0,2223.0,4330.0,4330.0,1472.0,630.0,1303.0,602.0
2.0,4078.0,1672.0,2085.0,4648.0,1286.0,1286.0,1459.0,626.0,1142.0,530.0
2.0,7054.0,1894.0,2070.0,4330.0,0.0,0.0,1448.0,622.0,1329.0,565.0
2.0,9490.0,2372.0,2072.0,1286.0,0.0,0.0,1450.0,622.0,1689.0,683.0
2.0,8404.0,2617.0,2091.0,0.0,2577.0,2577.0,1464.0,627.0,1859.0,758.0
2.0,5787.0,2316.0,2107.0,0.0,4957.0,4957.0,1476.0,631.0,1620.0,696.0
2.0,3471.0,1814.0,2105.0,2577.0,4186.0,4186.0,1474.0,631.0,1243.0,571.0
2.0,4234.0,1585.0,2089.0,4957.0,750.0,750.0,1462.0,627.0,1084.0,501.0
2.0,7606.0,1877.0,2074.0,4186.0,0.0,0.0,1451.0,623.0,1314.0,563.0
2.0,9915.0,2459.0,2079.0,750.0,110.0,110.0,1455.0,624.0,1748.0,711.0
2.0,8206.0,2689.0,2096.0,0.0,2867.0,2867.0,1468.0,628.0,1909.0,780.0
2.0,5517.0,2390.0,2111.0,110.0,5207.0,5207.0,1479.0,632.0,1673.0,717.0
2.0,3237.0,1844.0,2110.0,2867.0,4180.0,4180.0,1478.0,632.0,1264.0,580.0
2.0,4260.0,1604.0,2096.0,5207.0,521.0,521.0,1467.0,629.0,1096.0,508.0
2.0,7863.0,1866.0,2082.0,4180.0,0.0,0.0,1456.0,626.0,1306.0,560.0
2.0,10177.0,2373.0,2082.0,521.0,3.0,3.0,1457.0,625.0,1688.0,685.0
2.0,8325.0,2536.0,2093.0,0.0,2583.0,2583.0,1466.0,627.0,1801.0,735.0
2.0,5789.0,2284.0,2107.0,3.0,4920.0,4920.0,1476.0,631.0,1599.0,685.0
2.0,3508.0,1821.0,2109.0,2583.0,4166.0,4166.0,1477.0,632.0,1249.0,572.0
2.0,4270.0,1665.0,2098.0,4920.0,867.0,867.0,1468.0,630.0,1140.0,525.0
2.0,7525.0,1932.0,2086.0,4166.0,0.0,0.0,1459.0,627.0,1353.0,579.0
2.0,9759.0,2457.0,2086.0,867.0,175.0,175.0,1460.0,626.0,1746.0,711.0
2.0,8169.0,2657.0,2101.0,0.0,2892.0,2892.0,1471.0,630.0,1887.0,770.0
2.0,5512.0,2287.0,2115.0,175.0,5060.0,5060.0,1482.0,633.0,1602.0,685.0
2.0,3400.0,1755.0,2117.0,2892.0,3931.0,3931.0,1483.0,634.0,1201.0,554.0
2.0,4537.0,1561.0,2105.0,5060.0,384.0,384.0,1473.0,632.0,1065.0,496.0
2.0,8036.0,1959.0,2091.0,3931.0,0.0,0.0,1463.0,628.0,1371.0,588.0
2.0,10008.0,2491.0,2091.0,384.0,463.0,463.0,1463.0,628.0,1771.0,720.0
2.0,7901.0,2643.0,2103.0,0.0,3154.0,3154.0,1473.0,630.0,1879.0,764.0
2.0,5258.0,2237.0,2118.0,463.0,4988.0,4988.0,1484.0,634.0,1565.0,672.0
2.0,3484.0,1750.0,2122.0,3154.0,3600.0,3600.0,1486.0,636.0,1195.0,555.0
2.0,4888.0,1620.0,2113.0,4988.0,196.0,196.0,1479.0,634.0,1105.0,515.0
2.0,8256.0,1958.0,2100.0,3600.0,0.0,0.0,1469.0,631.0,1373.0,585.0
2.0,9898.0,2459.0,2096.0,196.0,749.0,749.0,1467.0,629.0,1753.0,706.0
2.0,7635.0,2567.0,2105.0,0.0,3352.0,3352.0,1474.0,631.0,1825.0,742.0
2.0,5068.0,2260.0,2118.0,749.0,4915.0,4915.0,1484.0,634.0,1580.0,680.0
2.0,3557.0,1839.0,2125.0,3352.0,3430.0,3430.0,1488.0,637.0,1256.0,583.0
2.0,5070.0,1678.0,2118.0,4915.0,165.0,165.0,1482.0,636.0,1147.0,531.0
2.0,8307.0,2000.0,2107.0,3430.0,0.0,0.0,1474.0,633.0,1405.0,595.0
2.0,9737.0,2491.0,2105.0,165.0,1009.0,1009.0,1473.0,632.0,1775.0,716.0
2.0,7411.0,2669.0,2115.0,0.0,3718.0,3718.0,1481.0,634.0,1896.0,773.0
2.0,4742.0,2261.0,2127.0,1009.0,5018.0,5018.0,1490.0,637.0,1579.0,682.0
2.0,3490.0,1703.0,2128.0,3718.0,3007.0,3007.0,1490.0,638.0,1161.0,542.0
2.0,5505.0,1579.0,2118.0,5018.0,0.0,0.0,1482.0,636.0,1078.0,501.0
2.0,8944.0,2007.0,2107.0,3007.0,0.0,0.0,1474.0,633.0,1410.0,597.0
2.0,9944.0,2564.0,2109.0,0.0,1056.0,1056.0,1476.0,633.0,1826.0,738.0
2.0,7380.0,2688.0,2123.0,0.0,3800.0,3800.0,1487.0,636.0,1909.0,779.0
2.0,4692.0,2209.0,2134.0,1056.0,4997.0,4997.0,1495.0,639.0,1541.0,668.0
2.0,3539.0,1689.0,2130.0,3800.0,2870.0,2870.0,1492.0,638.0,1150.0,539.0
2.0,5650.0,1645.0,2118.0,4997.0,0.0,0.0,1482.0,636.0,1126.0,519.0
2.0,9002.0,2118.0,2109.0,2870.0,0.0,0.0,1475.0,634.0,1487.0,631.0
2.0,9754.0,2644.0,2115.0,0.0,1350.0,1350.0,1480.0,635.0,1882.0,762.0
2.0,7110.0,2703.0,2130.0,0.0,4113.0,4113.0,1492.0,638.0,1920.0,783.0
2.0,4407.0,2168.0,2140.0,1350.0,4971.0,4971.0,1499.0,641.0,1514.0,654.0
2.0,3589.0,1637.0,2135.0,4113.0,2475.0,2475.0,1495.0,640.0,1116.0,521.0
2.0,6065.0,1593.0,2119.0,4971.0,0.0,0.0,1483.0,636.0,1088.0,505.0
2.0,9443.0,2122.0,2110.0,2475.0,0.0,0.0,1476.0,634.0,1487.0,635.0
2.0,9796.0,2648.0,2116.0,0.0,1316.0,1316.0,1481.0,635.0,1882.0,766.0
2.0,7148.0,2666.0,2133.0,0.0,4050.0,4050.0,1494.0,639.0,1894.0,772.0
2.0,4482.0,2149.0,2144.0,1316.0,4927.0,4927.0,1502.0,642.0,1504.0,645.0
2.0,3649.0,1628.0,2139.0,4050.0,2485.0,2485.0,1498.0,641.0,1113.0,515.0
2.0,6071.0,1633.0,2123.0,4927.0,0.0,0.0,1486.0,637.0,1117.0,516.0
2.0,9365.0,2167.0,2113.0,2485.0,0.0,0.0,1478.0,635.0,1515.0,652.0
2.0,9683.0,2625.0,2118.0,0.0,1414.0,1414.0,1482.0,636.0,1865.0,760.0
2.0,7058.0,2582.0,2132.0,0.0,4052.0,4052.0,1493.0,639.0,1837.0,745.0
2.0,4476.0,2155.0,2142.0,1414.0,4833.0,4833.0,1501.0,641.0,1508.0,647.0
2.0,3735.0,1739.0,2140.0,4052.0,2512.0,2512.0,1499.0,641.0,1189.0,550.0
2.0,6048.0,1754.0,2128.0,4833.0,0.0,0.0,1489.0,639.0,1201.0,553.0
2.0,9127.0,2144.0,2120.0,2512.0,0.0,0.0,1483.0,637.0,1501.0,643.0
2.0,9495.0,2582.0,2126.0,0.0,1591.0,1591.0,1488.0,638.0,1836.0,746.0
2.0,6913.0,2582.0,2140.0,0.0,4229.0,4229.0,1499.0,641.0,1837.0,745.0
2.0,4331.0,2123.0,2150.0,1591.0,4801.0,4801.0,1506.0,644.0,1487.0,636.0
2.0,3799.0,1719.0,2145.0,4229.0,2271.0,2271.0,1502.0,643.0,1173.0,546.0
2.0,6309.0,1786.0,2132.0,4801.0,0.0,0.0,1492.0,640.0,1219.0,567.0
2.0,9324.0,2174.0,2123.0,2271.0,0.0,0.0,1485.0,638.0,1521.0,653.0
2.0,9421.0,2522.0,2128.0,0.0,1613.0,1613.0,1489.0,639.0,1796.0,726.0
2.0,6899.0,2455.0,2142.0,0.0,4124.0,4124.0,1500.0,642.0,1750.0,705.0
2.0,4444.0,2099.0,2151.0,1613.0,4646.0,4646.0,1507.0,644.0,1472.0,627.0
2.0,3958.0,1797.0,2149.0,4124.0,2311.0,2311.0,1505.0,644.0,1229.0,568.0
2.0,6285.0,1865.0,2136.0,4646.0,0.0,0.0,1495.0,641.0,1272.0,593.0
2.0,9066.0,2239.0,2129.0,2311.0,0.0,0.0,1489.0,640.0,1564.0,675.0
2.0,9138.0,2520.0,2134.0,0.0,1918.0,1918.0,1493.0,641.0,1793.0,727.0
2.0,6618.0,2408.0,2147.0,0.0,4378.0,4378.0,1504.0,643.0,1720.0,688.0
2.0,4210.0,2054.0,2155.0,1918.0,4546.0,4546.0,1510.0,645.0,1442.0,612.0
2.0,4074.0,1775.0,2152.0,4378.0,1931.0,1931.0,1507.0,645.0,1214.0,561.0
2.0,6677.0,1877.0,2141.0,4546.0,0.0,0.0,1498.0,643.0,1281.0,596.0
2.0,9346.0,2213.0,2134.0,1931.0,0.0,0.0,1493.0,641.0,1546.0,667.0
2.0,9064.0,2514.0,2138.0,0.0,2002.0,2002.0,1496.0,642.0,1787.0,727.0
2.0,6550.0,2501.0,2152.0,0.0,4559.0,4559.0,1507.0,645.0,1782.0,719.0
2.0,4049.0,2098.0,2159.0,2002.0,4683.0,4683.0,1513.0,646.0,1473.0,625.0
2.0,3953.0,1808.0,2156.0,4559.0,1920.0,1920.0,1510.0,646.0,1240.0,568.0
2.0,6704.0,1854.0,2143.0,4683.0,0.0,0.0,1500.0,643.0,1267.0,587.0
2.0,9533.0,2196.0,2134.0,1920.0,0.0,0.0,1493.0,641.0,1532.0,664.0
2.0,9257.0,2565.0,2140.0,0.0,1868.0,1868.0,1498.0,642.0,1821.0,744.0
2.0,6692.0,2564.0,2156.0,0.0,4496.0,4496.0,1510.0,646.0,1827.0,737.0
2.0,4128.0,2241.0,2169.0,1868.0,4921.0,4921.0,1520.0,649.0,1574.0,667.0
2.0,3755.0,1823.0,2166.0,4496.0,2236.0,2236.0,1517.0,649.0,1249.0,574.0
2.0,6428.0,1784.0,2151.0,4921.0,0.0,0.0,1505.0,646.0,1218.0,566.0
2.0,9565.0,2144.0,2140.0,2236.0,0.0,0.0,1497.0,643.0,1496.0,648.0
2.0,9657.0,2534.0,2146.0,0.0,1461.0,1461.0,1502.0,644.0,1801.0,733.0
2.0,7123.0,2526.0,2163.0,0.0,4055.0,4055.0,1515.0,648.0,1800.0,726.0
2.0,4597.0,2156.0,2172.0,1461.0,4786.0,4786.0,1522.0,650.0,1514.0,642.0
2.0,3902.0,1782.0,2166.0,4055.0,2489.0,2489.0,1517.0,649.0,1221.0,561.0
2.0,6175.0,1847.0,2151.0,4786.0,0.0,0.0,1505.0,646.0,1262.0,585.0
2.0,9114.0,2334.0,2144.0,2489.0,0.0,0.0,1500.0,644.0,1629.0,705.0
2.0,9269.0,2650.0,2153.0,0.0,1993.0,1993.0,1507.0,646.0,1881.0,769.0
2.0,6619.0,2442.0,2169.0,0.0,4499.0,4499.0,1519.0,650.0,1740.0,702.0
2.0,4177.0,1933.0,2175.0,1993.0,4463.0,4463.0,1524.0,651.0,1358.0,575.0
2.0,4237.0,1632.0,2166.0,4499.0,1560.0,1560.0,1517.0,649.0,1117.0,515.0
2.0,7104.0,1935.0,2152.0,4463.0,0.0,0.0,1506.0,646.0,1326.0,609.0
2.0,9632.0,2563.0,2150.0,1560.0,0.0,0.0,1504.0,646.0,1791.0,772.0
2.0,8629.0,2836.0,2163.0,0.0,2859.0,2859.0,1514.0,649.0,2012.0,824.0
2.0,5793.0,2457.0,2179.0,0.0,5380.0,5380.0,1526.0,653.0,1747.0,710.0
2.0,3336.0,1756.0,2181.0,2859.0,4285.0,4285.0,1528.0,653.0,1230.0,526.0
2.0,4439.0,1486.0,2168.0,5380.0,339.0,339.0,1518.0,650.0,1014.0,472.0
2.0,8333.0,1955.0,2155.0,4285.0,0.0,0.0,1508.0,647.0,1344.0,611.0
2.0,10663.0,2600.0,2156.0,339.0,222.0,222.0,1508.0,648.0,1822.0,778.0
2.0,8402.0,2853.0,2169.0,0.0,3127.0,3127.0,1518.0,651.0,2021.0,832.0
2.0,5549.0,2367.0,2182.0,222.0,5324.0,5324.0,1528.0,654.0,1682.0,685.0
2.0,3404.0,1687.0,2180.0,3127.0,3876.0,3876.0,1527.0,653.0,1182.0,505.0
2.0,4844.0,1550.0,2169.0,5324.0,58.0,58.0,1519.0,650.0,1060.0,490.0
2.0,8618.0,2061.0,2159.0,3876.0,0.0,0.0,1511.0,648.0,1417.0,644.0
2.0,10433.0,2678.0,2160.0,58.0,827.0,827.0,1511.0,649.0,1875.0,803.0
2.0,7813.0,2825.0,2174.0,0.0,3708.0,3708.0,1521.0,653.0,2002.0,823.0
2.0,4988.0,2300.0,2185.0,827.0,5225.0,5225.0,1530.0,655.0,1636.0,664.0
2.0,3515.0,1663.0,2183.0,3708.0,3172.0,3172.0,1529.0,654.0,1166.0,497.0
2.0,5560.0,1579.0,2172.0,5225.0,0.0,0.0,1521.0,651.0,1081.0,498.0
2.0,9206.0,2114.0,2163.0,3172.0,0.0,0.0,1514.0,649.0,1455.0,659.0
2.0,10264.0,2690.0,2168.0,0.0,1098.0,1098.0,1517.0,651.0,1880.0,810.0
2.0,7574.0,2717.0,2179.0,0.0,3859.0,3859.0,1525.0,654.0,1924.0,793.0
2.0,4857.0,2173.0,2187.0,1098.0,4966.0,4966.0,1531.0,656.0,1549.0,624.0
2.0,3782.0,1681.0,2184.0,3859.0,2776.0,2776.0,1530.0,654.0,1181.0,500.0
2.0,5960.0,1707.0,2173.0,4966.0,0.0,0.0,1522.0,651.0,1171.0,536.0
2.0,9219.0,2180.0,2166.0,2776.0,0.0,0.0,1516.0,650.0,1498.0,682.0
2.0,9815.0,2718.0,2173.0,0.0,1595.0,1595.0,1520.0,653.0,1898.0,820.0
2.0,7097.0,2819.0,2188.0,0.0,4474.0,4474.0,1531.0,657.0,1998.0,821.0
2.0,4278.0,2226.0,2196.0,1595.0,5137.0,5137.0,1538.0,658.0,1588.0,638.0
2.0,3647.0,1639.0,2191.0,4474.0,2282.0,2282.0,1535.0,656.0,1151.0,488.0
2.0,6482.0,1569.0,2179.0,5137.0,0.0,0.0,1526.0,653.0,1074.0,495.0
2.0,10050.0,2136.0,2172.0,2282.0,0.0,0.0,1520.0,652.0,1467.0,669.0
2.0,10196.0,2839.0,2178.0,0.0,1355.0,1355.0,1524.0,654.0,1982.0,857.0
2.0,7357.0,2867.0,2193.0,0.0,4282.0,4282.0,1535.0,658.0,2031.0,836.0
2.0,4490.0,2268.0,2202.0,1355.0,5231.0,5231.0,1542.0,660.0,1617.0,651.0
2.0,3577.0,1586.0,2197.0,4282.0,2515.0,2515.0,1539.0,658.0,1117.0,469.0
2.0,6273.0,1478.0,2183.0,5231.0,0.0,0.0,1529.0,654.0,1012.0,466.0
2.0,10026.0,2052.0,2173.0,2515.0,0.0,0.0,1521.0,652.0,1406.0,646.0
2.0,10489.0,2805.0,2178.0,0.0,1028.0,1028.0,1524.0,654.0,1957.0,848.0
2.0,7684.0,2976.0,2192.0,0.0,4060.0,4060.0,1534.0,658.0,2106.0,870.0
2.0,4708.0,2389.0,2202.0,1028.0,5461.0,5461.0,1542.0,660.0,1700.0,689.0
2.0,3347.0,1667.0,2201.0,4060.0,3064.0,3064.0,1542.0,659.0,1173.0,494.0
2.0,5740.0,1549.0,2189.0,5461.0,0.0,0.0,1533.0,656.0,1064.0,485.0
2.0,9652.0,2074.0,2180.0,3064.0,0.0,0.0,1526.0,654.0,1423.0,651.0
2.0,10642.0,2656.0,2183.0,0.0,746.0,746.0,1527.0,656.0,1854.0,802.0
2.0,7986.0,2740.0,2194.0,0.0,3530.0,3530.0,1535.0,659.0,1942.0,798.0
2.0,5246.0,2344.0,2205.0,746.0,5172.0,5172.0,1544.0,661.0,1670.0,674.0
2.0,3648.0,1845.0,2205.0,3530.0,3487.0,3487.0,1545.0,660.0,1297.0,548.0
2.0,5333.0,1703.0,2193.0,5172.0,0.0,0.0,1536.0,657.0,1167.0,536.0
2.0,8802.0,2059.0,2182.0,3487.0,0.0,0.0,1527.0,655.0,1412.0,647.0
2.0,10230.0,2577.0,2184.0,0.0,1083.0,1083.0,1528.0,656.0,1798.0,779.0
2.0,7653.0,2736.0,2199.0,0.0,3879.0,3879.0,1539.0,660.0,1940.0,796.0
2.0,4917.0,2408.0,2214.0,1083.0,5264.0,5264.0,1550.0,664.0,1715.0,693.0
2.0,3592.0,1980.0,2215.0,3879.0,3369.0,3369.0,1552.0,663.0,1392.0,588.0
2.0,5491.0,1792.0,2200.0,5264.0,0.0,0.0,1541.0,659.0,1231.0,561.0
2.0,8963.0,2074.0,2186.0,3369.0,0.0,0.0,1530.0,656.0,1424.0,650.0
2.0,10258.0,2456.0,2186.0,0.0,942.0,942.0,1529.0,657.0,1714.0,742.0
2.0,7802.0,2655.0,2203.0,0.0,3665.0,3665.0,1542.0,661.0,1881.0,774.0
2.0,5147.0,2460.0,2222.0,942.0,5259.0,5259.0,1556.0,666.0,1751.0,709.0
2.0,3629.0,1990.0,2222.0,3665.0,3584.0,3584.0,1557.0,665.0,1400.0,590.0
2.0,5304.0,1782.0,2206.0,5259.0,43.0,43.0,1545.0,661.0,1224.0,558.0
2.0,8781.0,2058.0,2192.0,3584.0,0.0,0.0,1534.0,658.0,1412.0,646.0
2.0,10307.0,2507.0,2194.0,43.0,933.0,933.0,1535.0,659.0,1748.0,759.0
2.0,7843.0,2656.0,2212.0,0.0,3661.0,3661.0,1548.0,664.0,1882.0,774.0
2.0,5187.0,2440.0,2229.0,933.0,5236.0,5236.0,1561.0,668.0,1739.0,701.0
2.0,3680.0,1939.0,2227.0,3661.0,3506.0,3506.0,1560.0,667.0,1364.0,575.0
2.0,5402.0,1666.0,2208.0,5236.0,0.0,0.0,1546.0,662.0,1142.0,524.0
2.0,8972.0,1939.0,2191.0,3506.0,0.0,0.0,1533.0,658.0,1327.0,612.0
2.0,10539.0,2502.0,2194.0,0.0,739.0,739.0,1535.0,659.0,1747.0,755.0
2.0,8037.0,2819.0,2217.0,0.0,3650.0,3650.0,1551.0,666.0,1998.0,821.0
2.0,5218.0,2497.0,2235.0,739.0,5480.0,5480.0,1565.0,670.0,1777.0,720.0
2.0,3460.0,1847.0,2230.0,3650.0,3657.0,3657.0,1562.0,668.0,1296.0,551.0
2.0,5263.0,1580.0,2208.0,5480.0,0.0,0.0,1546.0,662.0,1081.0,499.0
2.0,9163.0,1936.0,2193.0,3657.0,0.0,0.0,1535.0,658.0,1328.0,608.0
2.0,10884.0,2537.0,2200.0,0.0,453.0,453.0,1539.0,661.0,1775.0,762.0
2.0,8347.0,2761.0,2221.0,0.0,3298.0,3298.0,1554.0,667.0,1958.0,803.0
2.0,5586.0,2442.0,2235.0,453.0,5343.0,5343.0,1565.0,670.0,1736.0,706.0
2.0,3597.0,1890.0,2230.0,3298.0,3915.0,3915.0,1562.0,668.0,1323.0,567.0
2.0,5005.0,1681.0,2209.0,5343.0,169.0,169.0,1547.0,662.0,1150.0,531.0
2.0,8667.0,1971.0,2193.0,3915.0,0.0,0.0,1535.0,658.0,1355.0,616.0
2.0,10611.0,2463.0,2198.0,169.0,475.0,475.0,1538.0,660.0,1726.0,737.0
2.0,8317.0,2734.0,2219.0,0.0,3293.0,3293.0,1553.0,666.0,1941.0,793.0
2.0,5583.0,2606.0,2239.0,475.0,5504.0,5504.0,1568.0,671.0,1850.0,756.0
2.0,3452.0,2121.0,2238.0,3293.0,4328.0,4328.0,1568.0,670.0,1481.0,640.0
2.0,4624.0,1687.0,2216.0,5504.0,423.0,423.0,1552.0,664.0,1153.0,534.0
2.0,8441.0,1829.0,2196.0,4328.0,0.0,0.0,1537.0,659.0,1255.0,574.0
2.0,10940.0,2364.0,2198.0,423.0,0.0,0.0,1538.0,660.0,1658.0,706.0
2.0,8999.0,2729.0,2220.0,0.0,2610.0,2610.0,1554.0,666.0,1939.0,790.0
2.0,6270.0,2628.0,2242.0,0.0,5326.0,5326.0,1570.0,672.0,1868.0,760.0
2.0,3642.0,2144.0,2244.0,2610.0,4868.0,4868.0,1572.0,672.0,1499.0,645.0
2.0,4108.0,1703.0,2223.0,5326.0,1161.0,1161.0,1557.0,666.0,1164.0,539.0
2.0,7731.0,1784.0,2200.0,4868.0,0.0,0.0,1540.0,660.0,1223.0,561.0
2.0,10815.0,2281.0,2198.0,1161.0,0.0,0.0,1538.0,660.0,1599.0,682.0
2.0,9695.0,2838.0,2220.0,0.0,2023.0,2023.0,1554.0,666.0,2013.0,825.0
2.0,6857.0,2838.0,2245.0,0.0,4961.0,4961.0,1572.0,673.0,2011.0,827.0
2.0,4019.0,2231.0,2248.0,2023.0,5181.0,5181.0,1575.0,673.0,1561.0,670.0
2.0,3811.0,1618.0,2228.0,4961.0,1758.0,1758.0,1560.0,668.0,1106.0,512.0
2.0,7154.0,1676.0,2208.0,5181.0,0.0,0.0,1545.0,663.0,1150.0,526.0
2.0,10659.0,2232.0,2205.0,1758.0,0.0,0.0,1543.0,662.0,1565.0,667.0
2.0,10185.0,2789.0,2223.0,0.0,1496.0,1496.0,1556.0,667.0,1978.0,811.0
2.0,7396.0,2861.0,2246.0,0.0,4449.0,4449.0,1573.0,673.0,2027.0,834.0
2.0,4535.0,2289.0,2250.0,1496.0,5258.0,5258.0,1576.0,674.0,1601.0,688.0
2.0,3742.0,1706.0,2233.0,4449.0,2447.0,2447.0,1564.0,669.0,1167.0,539.0
2.0,6485.0,1626.0,2212.0,5258.0,0.0,0.0,1548.0,664.0,1112.0,514.0
2.0,10117.0,2198.0,2208.0,2447.0,0.0,0.0,1545.0,663.0,1540.0,658.0
2.0,10366.0,2803.0,2225.0,0.0,1337.0,1337.0,1557.0,668.0,1989.0,814.0
2.0,7563.0,2842.0,2245.0,0.0,4259.0,4259.0,1572.0,673.0,2016.0,826.0
2.0,4721.0,2336.0,2250.0,1337.0,5278.0,5278.0,1576.0,674.0,1635.0,701.0
2.0,3722.0,1753.0,2236.0,4259.0,2716.0,2716.0,1566.0,670.0,1202.0,551.0
2.0,6228.0,1680.0,2217.0,5278.0,0.0,0.0,1552.0,665.0,1151.0,529.0
2.0,9826.0,2204.0,2212.0,2716.0,0.0,0.0,1548.0,664.0,1543.0,661.0
2.0,10338.0,2792.0,2228.0,0.0,1366.0,1366.0,1559.0,669.0,1978.0,814.0
2.0,7546.0,2829.0,2248.0,0.0,4275.0,4275.0,1574.0,674.0,2004.0,825.0
2.0,4717.0,2328.0,2253.0,1366.0,5257.0,5257.0,1578.0,675.0,1631.0,697.0
2.0,3755.0,1776.0,2239.0,4275.0,2702.0,2702.0,1568.0,671.0,1221.0,555.0
2.0,6254.0,1670.0,2220.0,5257.0,0.0,0.0,1554.0,666.0,1147.0,523.0
2.0,9841.0,2157.0,2214.0,2702.0,0.0,0.0,1549.0,665.0,1509.0,648.0
2.0,10386.0,2715.0,2229.0,0.0,1245.0,1245.0,1560.0,669.0,1920.0,795.0
2.0,7671.0,2770.0,2251.0,0.0,4103.0,4103.0,1576.0,675.0,1961.0,809.0
2.0,4901.0,2319.0,2258.0,1245.0,5205.0,5205.0,1582.0,676.0,1626.0,693.0
2.0,3827.0,1861.0,2246.0,4103.0,2915.0,2915.0,1573.0,673.0,1282.0,579.0
2.0,6069.0,1735.0,2225.0,5205.0,0.0,0.0,1557.0,668.0,1194.0,541.0
2.0,9539.0,2109.0,2217.0,2915.0,0.0,0.0,1551.0,666.0,1474.0,635.0
2.0,10345.0,2662.0,2233.0,0.0,1249.0,1249.0,1563.0,670.0,1884.0,778.0
2.0,7683.0,2822.0,2257.0,0.0,4167.0,4167.0,1580.0,677.0,1996.0,826.0
2.0,4861.0,2424.0,2266.0,1249.0,5378.0,5378.0,1587.0,679.0,1698.0,726.0
2.0,3686.0,1857.0,2253.0,4167.0,3016.0,3016.0,1578.0,675.0,1282.0,575.0
2.0,5996.0,1664.0,2232.0,5378.0,0.0,0.0,1562.0,670.0,1144.0,520.0
2.0,9710.0,2065.0,2225.0,3016.0,0.0,0.0,1557.0,668.0,1444.0,621.0
2.0,10661.0,2624.0,2239.0,0.0,919.0,919.0,1567.0,672.0,1856.0,768.0
2.0,8037.0,2713.0,2259.0,0.0,3712.0,3712.0,1582.0,677.0,1919.0,794.0
2.0,5324.0,2351.0,2266.0,919.0,5172.0,5172.0,1587.0,679.0,1648.0,703.0
2.0,3892.0,1883.0,2255.0,3712.0,3299.0,3299.0,1579.0,676.0,1302.0,581.0
2.0,5721.0,1795.0,2237.0,5172.0,0.0,0.0,1566.0,671.0,1238.0,557.0
2.0,9098.0,2109.0,2227.0,3299.0,0.0,0.0,1558.0,669.0,1472.0,637.0
2.0,10288.0,2543.0,2235.0,0.0,1195.0,1195.0,1564.0,671.0,1794.0,749.0
2.0,7745.0,2688.0,2255.0,0.0,3963.0,3963.0,1579.0,676.0,1901.0,787.0
2.0,5057.0,2507.0,2267.0,1195.0,5323.0,5323.0,1588.0,679.0,1759.0,748.0
2.0,3745.0,2059.0,2262.0,3963.0,3399.0,3399.0,1584.0,678.0,1427.0,632.0
2.0,5649.0,1793.0,2244.0,5323.0,0.0,0.0,1571.0,673.0,1237.0,556.0
2.0,9179.0,1947.0,2231.0,3399.0,0.0,0.0,1561.0,670.0,1359.0,588.0
2.0,10631.0,2425.0,2236.0,0.0,738.0,738.0,1565.0,671.0,1712.0,713.0
2.0,8206.0,2755.0,2256.0,0.0,3573.0,3573.0,1580.0,676.0,1948.0,807.0
2.0,5451.0,2616.0,2273.0,738.0,5519.0,5519.0,1592.0,681.0,1835.0,781.0
2.0,3573.0,2201.0,2271.0,3573.0,4139.0,4139.0,1590.0,681.0,1525.0,676.0
2.0,4945.0,1834.0,2252.0,5519.0,378.0,378.0,1576.0,676.0,1266.0,568.0
2.0,8630.0,1885.0,2234.0,4139.0,0.0,0.0,1563.0,671.0,1316.0,569.0
2.0,10884.0,2366.0,2236.0,378.0,48.0,48.0,1565.0,671.0,1672.0,694.0
2.0,8896.0,2792.0,2258.0,0.0,2928.0,2928.0,1581.0,677.0,1973.0,819.0
2.0,6104.0,2699.0,2278.0,48.0,5659.0,5659.0,1596.0,682.0,1891.0,808.0
2.0,3453.0,2223.0,2278.0,2928.0,4954.0,4954.0,1595.0,683.0,1539.0,684.0
2.0,4158.0,1826.0,2259.0,5659.0,1045.0,1045.0,1581.0,678.0,1261.0,565.0
2.0,7991.0,1904.0,2241.0,4954.0,0.0,0.0,1568.0,673.0,1333.0,571.0
2.0,11041.0,2379.0,2243.0,1045.0,0.0,0.0,1570.0,673.0,1684.0,695.0
2.0,9707.0,2743.0,2262.0,0.0,2084.0,2084.0,1584.0,678.0,1939.0,804.0
2.0,6964.0,2681.0,2283.0,0.0,4849.0,4849.0,1599.0,684.0,1875.0,806.0
2.0,4283.0,2226.0,2283.0,2084.0,4991.0,4991.0,1599.0,684.0,1539.0,687.0
2.0,4141.0,1859.0,2266.0,4849.0,1933.0,1933.0,1586.0,680.0,1285.0,574.0
2.0,7131.0,1996.0,2249.0,4991.0,0.0,0.0,1574.0,675.0,1399.0,597.0
2.0,10126.0,2416.0,2251.0,1933.0,0.0,0.0,1575.0,676.0,1709.0,707.0
2.0,9643.0,2748.0,2269.0,0.0,2181.0,2181.0,1589.0,680.0,1941.0,807.0
2.0,6895.0,2654.0,2289.0,0.0,4915.0,4915.0,1603.0,686.0,1856.0,798.0
2.0,4241.0,2234.0,2289.0,2181.0,4968.0,4968.0,1603.0,686.0,1545.0,689.0
2.0,4188.0,1980.0,2273.0,4915.0,1969.0,1969.0,1591.0,682.0,1369.0,611.0
2.0,7123.0,2037.0,2258.0,4968.0,0.0,0.0,1580.0,678.0,1429.0,608.0
2.0,10054.0,2318.0,2258.0,1969.0,0.0,0.0,1580.0,678.0,1642.0,676.0
2.0,9705.0,2586.0,2274.0,0.0,1977.0,1977.0,1592.0,682.0,1828.0,758.0
2.0,7119.0,2558.0,2290.0,0.0,4599.0,4599.0,1604.0,686.0,1790.0,768.0
2.0,4561.0,2219.0,2292.0,1977.0,4849.0,4849.0,1605.0,687.0,1534.0,685.0
2.0,4319.0,1929.0,2277.0,4599.0,2119.0,2119.0,1594.0,683.0,1330.0,599.0
2.0,6989.0,2028.0,2262.0,4849.0,0.0,0.0,1583.0,679.0,1420.0,608.0
2.0,9810.0,2391.0,2263.0,2119.0,0.0,0.0,1584.0,679.0,1696.0,695.0
2.0,9538.0,2693.0,2279.0,0.0,2271.0,2271.0,1596.0,683.0,1907.0,786.0
2.0,6845.0,2551.0,2296.0,0.0,4890.0,4890.0,1608.0,688.0,1784.0,767.0
2.0,4294.0,2148.0,2296.0,2271.0,4767.0,4767.0,1608.0,688.0,1480.0,668.0
2.0,4417.0,1901.0,2282.0,4890.0,1722.0,1722.0,1597.0,685.0,1310.0,591.0
2.0,7406.0,2017.0,2266.0,4767.0,0.0,0.0,1586.0,680.0,1415.0,602.0
2.0,10156.0,2394.0,2266.0,1722.0,0.0,0.0,1586.0,680.0,1700.0,694.0
2.0,9484.0,2651.0,2281.0,0.0,2291.0,2291.0,1597.0,684.0,1877.0,774.0
2.0,6833.0,2536.0,2297.0,0.0,4891.0,4891.0,1609.0,688.0,1771.0,765.0
2.0,4297.0,2153.0,2299.0,2291.0,4761.0,4761.0,1610.0,689.0,1482.0,671.0
2.0,4435.0,1855.0,2285.0,4891.0,1669.0,1669.0,1599.0,686.0,1278.0,577.0
2.0,7471.0,2005.0,2271.0,4761.0,0.0,0.0,1589.0,682.0,1408.0,597.0
2.0,10227.0,2406.0,2272.0,1669.0,0.0,0.0,1590.0,682.0,1709.0,697.0
2.0,9490.0,2709.0,2288.0,0.0,2371.0,2371.0,1602.0,686.0,1918.0,791.0
2.0,6781.0,2574.0,2303.0,0.0,5005.0,5005.0,1613.0,690.0,1799.0,775.0
2.0,4207.0,2163.0,2304.0,2371.0,4801.0,4801.0,1613.0,691.0,1488.0,675.0
2.0,4415.0,1844.0,2290.0,5005.0,1584.0,1584.0,1603.0,687.0,1268.0,576.0
2.0,7576.0,1934.0,2276.0,4801.0,0.0,0.0,1593.0,683.0,1357.0,577.0
2.0,10443.0,2356.0,2273.0,1584.0,0.0,0.0,1591.0,682.0,1677.0,679.0
2.0,9671.0,2724.0,2286.0,0.0,2197.0,2197.0,1601.0,685.0,1930.0,794.0
2.0,6947.0,2689.0,2303.0,0.0,4954.0,4954.0,1613.0,690.0,1879.0,810.0
2.0,4258.0,2272.0,2309.0,2197.0,5053.0,5053.0,1617.0,692.0,1565.0,707.0
2.0,4183.0,1935.0,2300.0,4954.0,1998.0,1998.0,1610.0,690.0,1331.0,604.0
2.0,7202.0,1969.0,2285.0,5053.0,0.0,0.0,1599.0,686.0,1382.0,587.0
2.0,10286.0,2315.0,2279.0,1998.0,0.0,0.0,1595.0,684.0,1648.0,667.0
2.0,9969.0,2638.0,2288.0,0.0,1821.0,1821.0,1602.0,686.0,1869.0,769.0
2.0,7331.0,2609.0,2302.0,0.0,4486.0,4486.0,1612.0,690.0,1823.0,786.0
2.0,4722.0,2275.0,2309.0,1821.0,4968.0,4968.0,1617.0,692.0,1567.0,708.0
2.0,4268.0,1996.0,2303.0,4486.0,2454.0,2454.0,1612.0,691.0,1376.0,620.0
2.0,6758.0,2139.0,2291.0,4968.0,0.0,0.0,1603.0,688.0,1500.0,639.0
2.0,9587.0,2467.0,2286.0,2454.0,0.0,0.0,1600.0,686.0,1752.0,715.0
2.0,9574.0,2665.0,2295.0,0.0,2271.0,2271.0,1607.0,688.0,1888.0,777.0
2.0,6909.0,2537.0,2307.0,0.0,4856.0,4856.0,1616.0,691.0,1772.0,765.0
2.0,4372.0,2182.0,2314.0,2271.0,4795.0,4795.0,1620.0,694.0,1501.0,681.0
2.0,4461.0,2016.0,2306.0,4856.0,1923.0,1923.0,1614.0,692.0,1390.0,626.0
2.0,7301.0,2112.0,2294.0,4795.0,0.0,0.0,1605.0,689.0,1484.0,628.0
2.0,9984.0,2382.0,2289.0,1923.0,0.0,0.0,1602.0,687.0,1693.0,689.0
2.0,9525.0,2582.0,2295.0,0.0,2237.0,2237.0,1607.0,688.0,1829.0,753.0
2.0,6943.0,2611.0,2310.0,0.0,4908.0,4908.0,1618.0,692.0,1822.0,789.0
2.0,4332.0,2347.0,2317.0,2237.0,5046.0,5046.0,1622.0,695.0,1616.0,731.0
2.0,4222.0,2070.0,2309.0,4908.0,2176.0,2176.0,1616.0,693.0,1428.0,642.0
2.0,7060.0,2028.0,2295.0,5046.0,0.0,0.0,1606.0,689.0,1426.0,602.0
2.0,10078.0,2284.0,2289.0,2176.0,0.0,0.0,1602.0,687.0,1626.0,658.0
2.0,9970.0,2549.0,2295.0,0.0,1759.0,1759.0,1607.0,688.0,1805.0,744.0
2.0,7421.0,2605.0,2307.0,0.0,4412.0,4412.0,1616.0,691.0,1819.0,786.0
2.0,4816.0,2394.0,2314.0,1759.0,5075.0,5075.0,1620.0,694.0,1649.0,745.0
2.0,4181.0,2180.0,2311.0,4412.0,2831.0,2831.0,1617.0,694.0,1505.0,675.0
2.0,6413.0,2124.0,2302.0,5075.0,0.0,0.0,1611.0,691.0,1491.0,633.0
2.0,9364.0,2278.0,2297.0,2831.0,0.0,0.0,1608.0,689.0,1620.0,658.0
2.0,9917.0,2513.0,2302.0,0.0,1804.0,1804.0,1612.0,690.0,1783.0,730.0
2.0,7404.0,2590.0,2316.0,0.0,4450.0,4450.0,1622.0,694.0,1810.0,780.0
2.0,4814.0,2372.0,2322.0,1804.0,5042.0,5042.0,1626.0,696.0,1634.0,738.0
2.0,4246.0,2078.0,2316.0,4450.0,2646.0,2646.0,1621.0,695.0,1431.0,647.0
2.0,6618.0,2002.0,2303.0,5042.0,0.0,0.0,1611.0,692.0,1403.0,599.0
2.0,9658.0,2244.0,2296.0,2646.0,0.0,0.0,1607.0,689.0,1597.0,647.0
2.0,10060.0,2597.0,2305.0,0.0,1757.0,1757.0,1614.0,691.0,1844.0,753.0
2.0,7463.0,2661.0,2320.0,0.0,4478.0,4478.0,1625.0,695.0,1863.0,798.0
2.0,4802.0,2429.0,2328.0,1757.0,5182.0,5182.0,1630.0,698.0,1674.0,755.0
2.0,4130.0,2101.0,2322.0,4478.0,2781.0,2781.0,1625.0,697.0,1444.0,657.0
2.0,6507.0,1926.0,2308.0,5182.0,0.0,0.0,1615.0,693.0,1348.0,578.0
2.0,9763.0,2094.0,2299.0,2781.0,0.0,0.0,1609.0,690.0,1492.0,602.0
2.0,10450.0,2503.0,2306.0,0.0,1277.0,1277.0,1615.0,691.0,1777.0,726.0
2.0,7947.0,2741.0,2323.0,0.0,4086.0,4086.0,1627.0,696.0,1919.0,822.0
2.0,5206.0,2602.0,2335.0,1277.0,5459.0,5459.0,1635.0,700.0,1798.0,804.0
2.0,3881.0,2176.0,2331.0,4086.0,3533.0,3533.0,1631.0,700.0,1498.0,678.0
2.0,5791.0,1887.0,2314.0,5459.0,0.0,0.0,1619.0,695.0,1319.0,568.0
2.0,9363.0,2008.0,2303.0,3533.0,0.0,0.0,1612.0,691.0,1429.0,579.0
2.0,10888.0,2429.0,2309.0,0.0,777.0,777.0,1617.0,692.0,1726.0,703.0
2.0,8459.0,2678.0,2325.0,0.0,3519.0,3519.0,1629.0,696.0,1877.0,801.0
2.0,5781.0,2606.0,2338.0,777.0,5400.0,5400.0,1637.0,701.0,1801.0,805.0
2.0,3952.0,2219.0,2335.0,3519.0,4088.0,4088.0,1634.0,701.0,1528.0,691.0
2.0,5252.0,1976.0,2321.0,5400.0,608.0,608.0,1624.0,697.0,1382.0,594.0
2.0,8676.0,2125.0,2310.0,4088.0,0.0,0.0,1617.0,693.0,1512.0,613.0
2.0,10639.0,2491.0,2315.0,608.0,504.0,504.0,1621.0,694.0,1768.0,723.0
2.0,8756.0,2663.0,2328.0,0.0,3219.0,3219.0,1631.0,697.0,1866.0,797.0
2.0,6093.0,2521.0,2339.0,504.0,5280.0,5280.0,1638.0,701.0,1741.0,780.0
2.0,4076.0,2228.0,2338.0,3219.0,4285.0,4285.0,1636.0,702.0,1535.0,693.0
2.0,5067.0,2003.0,2325.0,5280.0,956.0,956.0,1627.0,698.0,1401.0,602.0
2.0,8344.0,2116.0,2315.0,4285.0,0.0,0.0,1620.0,695.0,1506.0,610.0
2.0,10513.0,2461.0,2319.0,956.0,268.0,268.0,1624.0,695.0,1746.0,715.0
2.0,9008.0,2686.0,2333.0,0.0,3010.0,3010.0,1634.0,699.0,1879.0,807.0
2.0,6322.0,2624.0,2342.0,268.0,5402.0,5402.0,1640.0,702.0,1812.0,812.0
2.0,3966.0,2292.0,2338.0,3010.0,4668.0,4668.0,1636.0,702.0,1582.0,710.0
2.0,4684.0,2000.0,2325.0,5402.0,1214.0,1214.0,1627.0,698.0,1403.0,597.0
2.0,8086.0,2001.0,2315.0,4668.0,0.0,0.0,1620.0,695.0,1425.0,576.0
2.0,10753.0,2393.0,2319.0,1214.0,0.0,0.0,1624.0,695.0,1698.0,695.0
2.0,9574.0,2803.0,2334.0,0.0,2565.0,2565.0,1635.0,699.0,1962.0,841.0
2.0,6771.0,2805.0,2348.0,0.0,5426.0,5426.0,1644.0,704.0,1939.0,866.0
2.0,3966.0,2421.0,2348.0,2565.0,5282.0,5282.0,1643.0,705.0,1670.0,751.0
2.0,4110.0,1977.0,2337.0,5426.0,1789.0,1789.0,1635.0,702.0,1384.0,593.0
2.0,7559.0,1924.0,2323.0,5282.0,0.0,0.0,1626.0,697.0,1372.0,552.0
2.0,10917.0,2368.0,2324.0,1789.0,0.0,0.0,1628.0,696.0,1684.0,684.0
2.0,10338.0,2914.0,2340.0,0.0,1936.0,1936.0,1639.0,701.0,2041.0,873.0
2.0,7424.0,2933.0,2358.0,0.0,4941.0,4941.0,1651.0,707.0,2029.0,904.0
2.0,4491.0,2359.0,2359.0,1936.0,5368.0,5368.0,1651.0,708.0,1626.0,733.0
2.0,4068.0,1818.0,2345.0,4941.0,2189.0,2189.0,1641.0,704.0,1270.0,548.0
2.0,7191.0,1793.0,2329.0,5368.0,0.0,0.0,1630.0,699.0,1278.0,515.0
2.0,10766.0,2391.0,2329.0,2189.0,0.0,0.0,1631.0,698.0,1701.0,690.0
2.0,10564.0,2973.0,2344.0,0.0,1785.0,1785.0,1642.0,702.0,2086.0,887.0
2.0,7591.0,2940.0,2360.0,0.0,4789.0,4789.0,1653.0,707.0,2037.0,903.0
2.0,4651.0,2301.0,2360.0,1785.0,5305.0,5305.0,1652.0,708.0,1585.0,716.0
2.0,4135.0,1833.0,2347.0,4789.0,2297.0,2297.0,1642.0,705.0,1277.0,556.0
2.0,7091.0,1941.0,2335.0,5305.0,0.0,0.0,1634.0,701.0,1380.0,561.0
2.0,10455.0,2520.0,2338.0,2297.0,0.0,0.0,1637.0,701.0,1790.0,730.0
2.0,10232.0,2953.0,2355.0,0.0,2141.0,2141.0,1650.0,705.0,2073.0,880.0
2.0,7279.0,2836.0,2370.0,0.0,5037.0,5037.0,1660.0,710.0,1965.0,871.0
2.0,4443.0,2260.0,2372.0,2141.0,5164.0,5164.0,1660.0,712.0,1556.0,704.0
2.0,4324.0,1823.0,2357.0,5037.0,1890.0,1890.0,1649.0,708.0,1269.0,554.0
2.0,7538.0,1901.0,2342.0,5164.0,0.0,0.0,1639.0,703.0,1350.0,551.0
2.0,10801.0,2436.0,2342.0,1890.0,0.0,0.0,1640.0,702.0,1732.0,704.0
2.0,10255.0,2897.0,2357.0,0.0,2070.0,2070.0,1651.0,706.0,2037.0,860.0
2.0,7358.0,2871.0,2376.0,0.0,5017.0,5017.0,1664.0,712.0,1992.0,879.0
2.0,4487.0,2284.0,2379.0,2070.0,5243.0,5243.0,1665.0,714.0,1572.0,712.0
2.0,4273.0,1775.0,2365.0,5017.0,1945.0,1945.0,1655.0,710.0,1235.0,540.0
2.0,7515.0,1846.0,2348.0,5243.0,0.0,0.0,1643.0,705.0,1312.0,534.0
2.0,10912.0,2418.0,2345.0,1945.0,0.0,0.0,1642.0,703.0,1720.0,698.0
2.0,10439.0,2931.0,2358.0,0.0,1924.0,1924.0,1652.0,706.0,2061.0,870.0
2.0,7508.0,2845.0,2377.0,0.0,4845.0,4845.0,1665.0,712.0,1971.0,874.0
2.0,4663.0,2311.0,2383.0,1924.0,5256.0,5256.0,1668.0,715.0,1589.0,722.0
2.0,4276.0,1836.0,2371.0,4845.0,2199.0,2199.0,1659.0,712.0,1278.0,558.0
2.0,7285.0,1940.0,2358.0,5256.0,0.0,0.0,1650.0,708.0,1379.0,561.0
2.0,10601.0,2470.0,2355.0,2199.0,0.0,0.0,1649.0,706.0,1757.0,713.0
2.0,10330.0,2935.0,2368.0,0.0,2077.0,2077.0,1659.0,709.0,2060.0,875.0
2.0,7395.0,2876.0,2386.0,0.0,5025.0,5025.0,1671.0,715.0,1992.0,884.0
2.0,4519.0,2279.0,2389.0,2077.0,5239.0,5239.0,1672.0,717.0,1569.0,710.0
2.0,4317.0,1767.0,2375.0,5025.0,1925.0,1925.0,1662.0,713.0,1232.0,535.0
2.0,7575.0,1933.0,2361.0,5239.0,0.0,0.0,1652.0,709.0,1374.0,559.0
2.0,10881.0,2493.0,2361.0,1925.0,0.0,0.0,1653.0,708.0,1771.0,722.0
2.0,10313.0,2934.0,2374.0,0.0,2117.0,2117.0,1663.0,711.0,2059.0,875.0
2.0,7379.0,2789.0,2389.0,0.0,4966.0,4966.0,1673.0,716.0,1932.0,857.0
2.0,4590.0,2162.0,2390.0,2117.0,5015.0,5015.0,1673.0,717.0,1488.0,674.0
2.0,4545.0,1768.0,2377.0,4966.0,1765.0,1765.0,1663.0,714.0,1234.0,534.0
2.0,7743.0,1984.0,2363.0,5015.0,0.0,0.0,1654.0,709.0,1408.0,576.0
2.0,10774.0,2649.0,2363.0,1765.0,0.0,0.0,1655.0,708.0,1878.0,771.0
2.0,9890.0,3053.0,2378.0,0.0,2675.0,2675.0,1666.0,712.0,2142.0,911.0
2.0,6837.0,2771.0,2393.0,0.0,5506.0,5506.0,1676.0,717.0,1921.0,850.0
2.0,4066.0,2160.0,2396.0,2675.0,5003.0,5003.0,1677.0,719.0,1488.0,672.0
2.0,4581.0,1817.0,2385.0,5506.0,1270.0,1270.0,1669.0,716.0,1268.0,549.0
2.0,8270.0,2091.0,2372.0,5003.0,0.0,0.0,1660.0,712.0,1484.0,607.0
2.0,11182.0,2696.0,2369.0,1270.0,0.0,0.0,1659.0,710.0,1910.0,786.0
2.0,9756.0,2991.0,2380.0,0.0,2755.0,2755.0,1667.0,713.0,2098.0,893.0
2.0,6765.0,2733.0,2395.0,0.0,5548.0,5548.0,1677.0,718.0,1893.0,840.0
2.0,4032.0,2112.0,2399.0,2755.0,4921.0,4921.0,1679.0,720.0,1454.0,658.0
2.0,4675.0,1743.0,2387.0,5548.0,1068.0,1068.0,1670.0,717.0,1216.0,527.0
2.0,8480.0,2051.0,2369.0,4921.0,0.0,0.0,1658.0,711.0,1458.0,593.0
2.0,11350.0,2697.0,2365.0,1068.0,0.0,0.0,1656.0,709.0,1914.0,783.0
2.0,9721.0,3078.0,2379.0,0.0,2873.0,2873.0,1666.0,713.0,2157.0,921.0
2.0,6643.0,2763.0,2397.0,0.0,5708.0,5708.0,1679.0,718.0,1911.0,852.0
2.0,3880.0,2124.0,2403.0,2873.0,4983.0,4983.0,1682.0,721.0,1464.0,660.0
2.0,4629.0,1755.0,2391.0,5708.0,982.0,982.0,1673.0,718.0,1228.0,527.0
2.0,8582.0,1992.0,2372.0,4983.0,0.0,0.0,1660.0,712.0,1417.0,575.0
2.0,11573.0,2634.0,2366.0,982.0,0.0,0.0,1657.0,709.0,1868.0,766.0
2.0,9921.0,3076.0,2381.0,0.0,2679.0,2679.0,1668.0,713.0,2153.0,923.0
2.0,6845.0,2817.0,2400.0,0.0,5572.0,5572.0,1681.0,719.0,1946.0,871.0
2.0,4028.0,2147.0,2405.0,2679.0,5060.0,5060.0,1683.0,722.0,1477.0,670.0
2.0,4560.0,1776.0,2390.0,5572.0,1204.0,1204.0,1672.0,718.0,1243.0,533.0
2.0,8356.0,2042.0,2372.0,5060.0,0.0,0.0,1660.0,712.0,1456.0,586.0
2.0,11374.0,2689.0,2369.0,1204.0,0.0,0.0,1659.0,710.0,1909.0,780.0
2.0,9889.0,3005.0,2384.0,0.0,2652.0,2652.0,1670.0,714.0,2104.0,901.0
2.0,6884.0,2753.0,2402.0,0.0,5477.0,5477.0,1682.0,720.0,1902.0,851.0
2.0,4131.0,2143.0,2406.0,2652.0,4984.0,4984.0,1684.0,722.0,1472.0,671.0
2.0,4640.0,1769.0,2394.0,5477.0,1228.0,1228.0,1675.0,719.0,1237.0,532.0
2.0,8348.0,2049.0,2378.0,4984.0,0.0,0.0,1664.0,714.0,1461.0,588.0
2.0,11283.0,2673.0,2374.0,1228.0,0.0,0.0,1662.0,712.0,1899.0,774.0
2.0,9838.0,3069.0,2389.0,0.0,2787.0,2787.0,1673.0,716.0,2149.0,920.0
2.0,6769.0,2807.0,2409.0,0.0,5674.0,5674.0,1687.0,722.0,1939.0,868.0
2.0,3962.0,2150.0,2415.0,2787.0,5061.0,5061.0,1690.0,725.0,1479.0,671.0
2.0,4599.0,1745.0,2401.0,5674.0,1076.0,1076.0,1680.0,721.0,1220.0,525.0
2.0,8528.0,1962.0,2382.0,5061.0,0.0,0.0,1667.0,715.0,1398.0,564.0
2.0,11627.0,2621.0,2378.0,1076.0,0.0,0.0,1665.0,713.0,1862.0,759.0
2.0,10082.0,3009.0,2392.0,0.0,2495.0,2495.0,1675.0,717.0,2109.0,900.0
2.0,7073.0,2826.0,2411.0,0.0,5397.0,5397.0,1688.0,723.0,1955.0,871.0
2.0,4247.0,2250.0,2417.0,2495.0,5176.0,5176.0,1692.0,725.0,1546.0,704.0
2.0,4492.0,1768.0,2404.0,5397.0,1495.0,1495.0,1682.0,722.0,1235.0,533.0
2.0,8121.0,1915.0,2384.0,5176.0,0.0,0.0,1668.0,716.0,1367.0,548.0
2.0,11382.0,2529.0,2377.0,1495.0,0.0,0.0,1664.0,713.0,1798.0,731.0
2.0,10348.0,2998.0,2391.0,0.0,2214.0,2214.0,1675.0,716.0,2098.0,900.0
2.0,7350.0,2840.0,2412.0,0.0,5138.0,5138.0,1689.0,723.0,1960.0,880.0
2.0,4510.0,2221.0,2417.0,2214.0,5165.0,5165.0,1692.0,725.0,1529.0,692.0
2.0,4503.0,1779.0,2404.0,5138.0,1754.0,1754.0,1682.0,722.0,1246.0,533.0
2.0,7862.0,1939.0,2385.0,5165.0,0.0,0.0,1669.0,716.0,1384.0,555.0
2.0,11088.0,2625.0,2381.0,1754.0,0.0,0.0,1667.0,714.0,1866.0,759.0
2.0,10217.0,3106.0,2399.0,0.0,2485.0,2485.0,1680.0,719.0,2175.0,931.0
2.0,7111.0,2905.0,2421.0,0.0,5478.0,5478.0,1695.0,726.0,2007.0,898.0
2.0,4206.0,2308.0,2428.0,2485.0,5329.0,5329.0,1699.0,729.0,1587.0,721.0
2.0,4383.0,1899.0,2413.0,5478.0,1690.0,1690.0,1688.0,725.0,1329.0,570.0
2.0,7962.0,2016.0,2393.0,5329.0,0.0,0.0,1675.0,718.0,1441.0,575.0
2.0,11275.0,2571.0,2389.0,1690.0,0.0,0.0,1673.0,716.0,1828.0,743.0
2.0,10394.0,3036.0,2406.0,0.0,2266.0,2266.0,1685.0,721.0,2124.0,912.0
2.0,7358.0,2897.0,2426.0,0.0,5243.0,5243.0,1699.0,727.0,1999.0,898.0
2.0,4461.0,2268.0,2430.0,2266.0,5261.0,5261.0,1701.0,729.0,1560.0,708.0
2.0,4459.0,1761.0,2412.0,5243.0,1707.0,1707.0,1688.0,724.0,1234.0,527.0
2.0,7941.0,1870.0,2391.0,5261.0,0.0,0.0,1673.0,718.0,1338.0,532.0
2.0,11332.0,2455.0,2385.0,1707.0,0.0,0.0,1670.0,715.0,1748.0,707.0
2.0,10584.0,3024.0,2403.0,0.0,2052.0,2052.0,1683.0,720.0,2115.0,909.0
2.0,7560.0,3048.0,2428.0,0.0,5200.0,5200.0,1700.0,728.0,2105.0,943.0
2.0,4512.0,2411.0,2435.0,2052.0,5587.0,5587.0,1704.0,731.0,1660.0,751.0
2.0,4153.0,1843.0,2418.0,5200.0,2162.0,2162.0,1692.0,726.0,1290.0,553.0
2.0,7510.0,1896.0,2396.0,5587.0,0.0,0.0,1677.0,719.0,1356.0,540.0
2.0,11201.0,2521.0,2391.0,2162.0,0.0,0.0,1674.0,717.0,1795.0,726.0
2.0,10842.0,3110.0,2410.0,0.0,1908.0,1908.0,1688.0,722.0,2177.0,933.0
2.0,7732.0,2971.0,2433.0,0.0,4971.0,4971.0,1704.0,729.0,2052.0,919.0
2.0,4761.0,2319.0,2439.0,1908.0,5406.0,5406.0,1707.0,732.0,1594.0,725.0
2.0,4350.0,1766.0,2423.0,4971.0,2137.0,2137.0,1695.0,728.0,1235.0,531.0
2.0,7555.0,1969.0,2402.0,5406.0,0.0,0.0,1681.0,721.0,1405.0,564.0
2.0,10992.0,2657.0,2399.0,2137.0,0.0,0.0,1680.0,719.0,1889.0,768.0
2.0,10472.0,3086.0,2417.0,0.0,2282.0,2282.0,1693.0,724.0,2163.0,923.0
2.0,7386.0,2832.0,2437.0,0.0,5194.0,5194.0,1707.0,730.0,1956.0,876.0
2.0,4554.0,2190.0,2440.0,2282.0,5114.0,5114.0,1708.0,732.0,1504.0,686.0
2.0,4646.0,1772.0,2423.0,5194.0,1624.0,1624.0,1695.0,728.0,1238.0,534.0
2.0,8068.0,2012.0,2403.0,5114.0,0.0,0.0,1682.0,721.0,1436.0,576.0
2.0,11170.0,2637.0,2401.0,1624.0,0.0,0.0,1681.0,720.0,1875.0,762.0
2.0,10157.0,3140.0,2420.0,0.0,2663.0,2663.0,1695.0,725.0,2199.0,941.0
2.0,7017.0,2871.0,2442.0,0.0,5622.0,5622.0,1710.0,732.0,1982.0,889.0
2.0,4146.0,2093.0,2442.0,2663.0,5052.0,5052.0,1709.0,733.0,1438.0,655.0
2.0,4716.0,1601.0,2421.0,5622.0,947.0,947.0,1694.0,727.0,1121.0,480.0
2.0,8737.0,1942.0,2399.0,5052.0,0.0,0.0,1679.0,720.0,1387.0,555.0
2.0,11847.0,2772.0,2399.0,947.0,0.0,0.0,1680.0,719.0,1968.0,804.0
2.0,10022.0,3261.0,2420.0,0.0,2919.0,2919.0,1695.0,725.0,2280.0,981.0
2.0,6761.0,2923.0,2443.0,0.0,5934.0,5934.0,1711.0,732.0,2017.0,906.0
2.0,3838.0,2029.0,2445.0,2919.0,5052.0,5052.0,1711.0,734.0,1394.0,635.0
2.0,4728.0,1509.0,2423.0,5934.0,539.0,539.0,1695.0,728.0,1059.0,450.0
2.0,9153.0,1908.0,2402.0,5052.0,0.0,0.0,1681.0,721.0,1366.0,542.0
2.0,12297.0,2854.0,2402.0,539.0,0.0,0.0,1682.0,720.0,2026.0,828.0
2.0,9982.0,3360.0,2424.0,0.0,3074.0,3074.0,1698.0,726.0,2350.0,1010.0
2.0,6622.0,2907.0,2446.0,0.0,6069.0,6069.0,1713.0,733.0,2006.0,901.0
2.0,3715.0,2037.0,2448.0,3074.0,5040.0,5040.0,1713.0,735.0,1398.0,639.0
2.0,4752.0,1595.0,2430.0,6069.0,494.0,494.0,1700.0,730.0,1119.0,476.0
2.0,9226.0,1997.0,2411.0,5040.0,0.0,0.0,1687.0,724.0,1427.0,570.0
2.0,12269.0,2854.0,2411.0,494.0,0.0,0.0,1689.0,722.0,2026.0,828.0
2.0,9909.0,3356.0,2433.0,0.0,3179.0,3179.0,1704.0,729.0,2347.0,1009.0
2.0,6553.0,2994.0,2456.0,0.0,6265.0,6265.0,1720.0,736.0,2067.0,927.0
2.0,3559.0,2076.0,2459.0,3179.0,5174.0,5174.0,1721.0,738.0,1425.0,651.0
2.0,4662.0,1476.0,2437.0,6265.0,297.0,297.0,1705.0,732.0,1036.0,440.0
2.0,9451.0,1865.0,2413.0,5174.0,0.0,0.0,1689.0,724.0,1335.0,530.0
2.0,12760.0,2836.0,2412.0,297.0,0.0,0.0,1689.0,723.0,2012.0,824.0
2.0,10221.0,3475.0,2434.0,0.0,2990.0,2990.0,1705.0,729.0,2430.0,1045.0
2.0,6746.0,3172.0,2459.0,0.0,6262.0,6262.0,1722.0,737.0,2192.0,980.0
2.0,3574.0,2189.0,2462.0,2990.0,5473.0,5473.0,1723.0,739.0,1508.0,681.0
2.0,4375.0,1509.0,2441.0,6262.0,636.0,636.0,1708.0,733.0,1058.0,451.0
2.0,9128.0,1777.0,2417.0,5473.0,0.0,0.0,1692.0,725.0,1273.0,504.0
2.0,12824.0,2717.0,2413.0,636.0,0.0,0.0,1690.0,723.0,1927.0,790.0
2.0,10743.0,3425.0,2436.0,0.0,2426.0,2426.0,1706.0,730.0,2395.0,1030.0
2.0,7318.0,3183.0,2463.0,0.0,5717.0,5717.0,1725.0,738.0,2202.0,981.0
2.0,4135.0,2273.0,2471.0,2426.0,5596.0,5596.0,1729.0,742.0,1567.0,706.0
2.0,4288.0,1638.0,2455.0,5717.0,1453.0,1453.0,1718.0,737.0,1148.0,490.0
2.0,8367.0,1874.0,2433.0,5596.0,0.0,0.0,1703.0,730.0,1336.0,538.0
2.0,12089.0,2723.0,2427.0,1453.0,0.0,0.0,1700.0,727.0,1929.0,794.0
2.0,10819.0,3357.0,2445.0,0.0,2318.0,2318.0,1713.0,732.0,2351.0,1006.0
2.0,7462.0,3148.0,2470.0,0.0,5566.0,5566.0,1730.0,740.0,2179.0,969.0
2.0,4314.0,2273.0,2478.0,2318.0,5553.0,5553.0,1734.0,744.0,1567.0,706.0
2.0,4359.0,1613.0,2460.0,5566.0,1528.0,1528.0,1721.0,739.0,1130.0,483.0
2.0,8312.0,1804.0,2435.0,5553.0,0.0,0.0,1704.0,731.0,1288.0,516.0
2.0,12061.0,2673.0,2429.0,1528.0,0.0,0.0,1701.0,728.0,1897.0,776.0
2.0,10916.0,3265.0,2447.0,0.0,2137.0,2137.0,1714.0,733.0,2285.0,980.0
2.0,7651.0,3091.0,2473.0,0.0,5332.0,5332.0,1732.0,741.0,2139.0,952.0
2.0,4560.0,2294.0,2479.0,2137.0,5513.0,5513.0,1735.0,744.0,1582.0,712.0
2.0,4403.0,1653.0,2460.0,5332.0,1758.0,1758.0,1721.0,739.0,1158.0,495.0
2.0,8082.0,1775.0,2435.0,5513.0,0.0,0.0,1704.0,731.0,1267.0,508.0
2.0,11820.0,2598.0,2430.0,1758.0,0.0,0.0,1702.0,728.0,1841.0,757.0
2.0,10980.0,3318.0,2451.0,0.0,2142.0,2142.0,1717.0,734.0,2322.0,996.0
2.0,7662.0,3224.0,2480.0,0.0,5482.0,5482.0,1737.0,743.0,2235.0,989.0
2.0,4438.0,2404.0,2487.0,2142.0,5772.0,5772.0,1741.0,746.0,1660.0,744.0
2.0,4176.0,1630.0,2468.0,5482.0,1844.0,1844.0,1727.0,741.0,1140.0,490.0
2.0,8028.0,1677.0,2439.0,5772.0,0.0,0.0,1707.0,732.0,1196.0,481.0
2.0,12123.0,2542.0,2433.0,1844.0,0.0,0.0,1704.0,729.0,1804.0,738.0
2.0,11425.0,3385.0,2458.0,0.0,1792.0,1792.0,1722.0,736.0,2372.0,1013.0
2.0,8040.0,3352.0,2492.0,0.0,5280.0,5280.0,1745.0,747.0,2324.0,1028.0
2.0,4688.0,2381.0,2500.0,1792.0,5901.0,5901.0,1750.0,750.0,1641.0,740.0
2.0,4099.0,1493.0,2476.0,5280.0,2018.0,2018.0,1732.0,744.0,1043.0,450.0
2.0,7886.0,1599.0,2443.0,5901.0,0.0,0.0,1710.0,733.0,1144.0,455.0
2.0,12188.0,2544.0,2436.0,2018.0,0.0,0.0,1706.0,730.0,1808.0,736.0
2.0,11662.0,3438.0,2464.0,0.0,1632.0,1632.0,1726.0,738.0,2408.0,1030.0
2.0,8224.0,3403.0,2500.0,0.0,5179.0,5179.0,1751.0,749.0,2356.0,1047.0
2.0,4821.0,2468.0,2511.0,1632.0,6059.0,6059.0,1757.0,754.0,1701.0,767.0
2.0,3985.0,1525.0,2485.0,5179.0,2301.0,2301.0,1739.0,746.0,1067.0,458.0
2.0,7639.0,1520.0,2450.0,6059.0,0.0,0.0,1715.0,735.0,1090.0,430.0
2.0,12178.0,2481.0,2442.0,2301.0,0.0,0.0,1710.0,732.0,1762.0,719.0
2.0,11998.0,3412.0,2468.0,0.0,1286.0,1286.0,1729.0,739.0,2388.0,1024.0
2.0,8586.0,3446.0,2503.0,0.0,4872.0,4872.0,1753.0,750.0,2388.0,1058.0
2.0,5140.0,2525.0,2513.0,1286.0,6151.0,6151.0,1759.0,754.0,1744.0,781.0
2.0,3901.0,1550.0,2488.0,4872.0,2729.0,2729.0,1741.0,747.0,1087.0,463.0
2.0,7223.0,1492.0,2453.0,6151.0,0.0,0.0,1717.0,736.0,1069.0,423.0
2.0,11882.0,2483.0,2443.0,2729.0,0.0,0.0,1711.0,732.0,1762.0,721.0
2.0,12128.0,3428.0,2470.0,0.0,1180.0,1180.0,1730.0,740.0,2396.0,1032.0
2.0,8700.0,3395.0,2506.0,0.0,4719.0,4719.0,1755.0,751.0,2350.0,1045.0
2.0,5305.0,2478.0,2518.0,1180.0,6065.0,6065.0,1762.0,756.0,1712.0,766.0
2.0,4007.0,1558.0,2493.0,4719.0,2804.0,2804.0,1744.0,749.0,1096.0,462.0
2.0,7168.0,1590.0,2457.0,6065.0,0.0,0.0,1720.0,737.0,1141.0,449.0
2.0,11643.0,2519.0,2445.0,2804.0,0.0,0.0,1712.0,733.0,1785.0,734.0
2.0,11928.0,3382.0,2467.0,0.0,1322.0,1322.0,1728.0,739.0,2361.0,1021.0
2.0,8546.0,3366.0,2503.0,0.0,4832.0,4832.0,1753.0,750.0,2328.0,1038.0
2.0,5180.0,2490.0,2516.0,1322.0,6052.0,6052.0,1761.0,755.0,1723.0,767.0
2.0,4012.0,1646.0,2497.0,4832.0,2790.0,2790.0,1747.0,750.0,1159.0,487.0
2.0,7198.0,1622.0,2462.0,6052.0,0.0,0.0,1723.0,739.0,1161.0,461.0
2.0,11628.0,2465.0,2448.0,2790.0,0.0,0.0,1714.0,734.0,1746.0,719.0
2.0,11953.0,3302.0,2467.0,0.0,1217.0,1217.0,1728.0,739.0,2308.0,994.0
2.0,8651.0,3318.0,2499.0,0.0,4663.0,4663.0,1750.0,749.0,2298.0,1020.0
2.0,5333.0,2570.0,2513.0,1217.0,6072.0,6072.0,1759.0,754.0,1779.0,791.0
2.0,3980.0,1793.0,2495.0,4663.0,3130.0,3130.0,1746.0,749.0,1258.0,535.0
2.0,6850.0,1764.0,2465.0,6072.0,0.0,0.0,1725.0,740.0,1258.0,506.0
2.0,11158.0,2549.0,2453.0,3130.0,0.0,0.0,1718.0,735.0,1806.0,743.0
2.0,11739.0,3344.0,2474.0,0.0,1501.0,1501.0,1733.0,741.0,2338.0,1006.0
2.0,8395.0,3281.0,2506.0,0.0,4910.0,4910.0,1755.0,751.0,2272.0,1009.0
2.0,5114.0,2458.0,2519.0,1501.0,5919.0,5919.0,1763.0,756.0,1700.0,758.0
2.0,4157.0,1697.0,2500.0,4910.0,2630.0,2630.0,1749.0,751.0,1192.0,505.0
2.0,7370.0,1771.0,2471.0,5919.0,0.0,0.0,1729.0,742.0,1264.0,507.0
2.0,11518.0,2538.0,2460.0,2630.0,0.0,0.0,1723.0,737.0,1797.0,741.0
2.0,11610.0,3294.0,2480.0,0.0,1604.0,1604.0,1737.0,743.0,2302.0,992.0
2.0,8316.0,3254.0,2511.0,0.0,4982.0,4982.0,1758.0,753.0,2255.0,999.0
2.0,5062.0,2484.0,2524.0,1604.0,5914.0,5914.0,1766.0,758.0,1718.0,766.0
2.0,4182.0,1727.0,2507.0,4982.0,2591.0,2591.0,1754.0,753.0,1212.0,515.0
2.0,7437.0,1693.0,2476.0,5914.0,0.0,0.0,1733.0,743.0,1208.0,485.0
2.0,11658.0,2491.0,2462.0,2591.0,0.0,0.0,1724.0,738.0,1764.0,727.0
2.0,11758.0,3260.0,2479.0,0.0,1418.0,1418.0,1736.0,743.0,2280.0,980.0
2.0,8498.0,3289.0,2510.0,0.0,4831.0,4831.0,1758.0,752.0,2281.0,1008.0
2.0,5209.0,2651.0,2529.0,1418.0,6140.0,6140.0,1770.0,759.0,1836.0,815.0
2.0,3976.0,1846.0,2515.0,4831.0,3099.0,3099.0,1760.0,755.0,1294.0,552.0
2.0,6961.0,1647.0,2482.0,6140.0,0.0,0.0,1737.0,745.0,1173.0,474.0
2.0,11454.0,2345.0,2462.0,3099.0,0.0,0.0,1724.0,738.0,1661.0,684.0
2.0,12208.0,3220.0,2479.0,0.0,928.0,928.0,1736.0,743.0,2252.0,968.0
2.0,8988.0,3393.0,2515.0,0.0,4465.0,4465.0,1761.0,754.0,2355.0,1038.0
2.0,5595.0,2712.0,2537.0,928.0,6337.0,6337.0,1776.0,761.0,1882.0,830.0
2.0,3811.0,1827.0,2523.0,4465.0,3643.0,3643.0,1765.0,758.0,1280.0,547.0
2.0,6449.0,1622.0,2488.0,6337.0,0.0,0.0,1741.0,747.0,1154.0,468.0
2.0,11164.0,2308.0,2467.0,3643.0,0.0,0.0,1727.0,740.0,1633.0,675.0
2.0,12499.0,3164.0,2480.0,0.0,585.0,585.0,1737.0,743.0,2214.0,950.0
2.0,9335.0,3369.0,2516.0,0.0,4098.0,4098.0,1762.0,754.0,2340.0,1029.0
2.0,5966.0,2692.0,2539.0,585.0,6297.0,6297.0,1777.0,762.0,1868.0,824.0
2.0,3859.0,1813.0,2525.0,4098.0,3956.0,3956.0,1767.0,758.0,1271.0,542.0
2.0,6144.0,1663.0,2492.0,6297.0,0.0,0.0,1744.0,748.0,1181.0,482.0
2.0,10778.0,2354.0,2471.0,3956.0,0.0,0.0,1730.0,741.0,1663.0,691.0
2.0,12380.0,3239.0,2485.0,0.0,799.0,799.0,1740.0,745.0,2267.0,972.0
2.0,9141.0,3413.0,2521.0,0.0,4356.0,4356.0,1765.0,756.0,2374.0,1039.0
2.0,5728.0,2705.0,2543.0,799.0,6350.0,6350.0,1780.0,763.0,1877.0,828.0
2.0,3822.0,1828.0,2531.0,4356.0,3774.0,3774.0,1771.0,760.0,1278.0,550.0
2.0,6350.0,1660.0,2498.0,6350.0,0.0,0.0,1748.0,750.0,1178.0,482.0
2.0,11040.0,2347.0,2478.0,3774.0,0.0,0.0,1735.0,743.0,1662.0,685.0
2.0,12467.0,3173.0,2490.0,0.0,666.0,666.0,1744.0,746.0,2224.0,949.0
2.0,9294.0,3378.0,2525.0,0.0,4184.0,4184.0,1768.0,757.0,2347.0,1031.0
2.0,5916.0,2697.0,2546.0,666.0,6299.0,6299.0,1782.0,764.0,1868.0,829.0
2.0,3885.0,1825.0,2534.0,4184.0,3892.0,3892.0,1773.0,761.0,1275.0,550.0
2.0,6244.0,1662.0,2500.0,6299.0,0.0,0.0,1750.0,750.0,1182.0,480.0
2.0,10881.0,2348.0,2481.0,3892.0,0.0,0.0,1737.0,744.0,1665.0,683.0
2.0,12425.0,3210.0,2494.0,0.0,761.0,761.0,1747.0,747.0,2250.0,960.0
2.0,9215.0,3443.0,2529.0,0.0,4344.0,4344.0,1771.0,758.0,2390.0,1053.0
2.0,5772.0,2780.0,2552.0,761.0,6455.0,6455.0,1786.0,766.0,1924.0,856.0
2.0,3753.0,1976.0,2542.0,4344.0,4047.0,4047.0,1779.0,763.0,1381.0,595.0
2.0,6121.0,1744.0,2512.0,6455.0,0.0,0.0,1758.0,754.0,1242.0,502.0
2.0,10832.0,2317.0,2493.0,4047.0,0.0,0.0,1746.0,747.0,1644.0,673.0
2.0,12562.0,3110.0,2503.0,0.0,560.0,560.0,1753.0,750.0,2178.0,932.0
2.0,9452.0,3341.0,2533.0,0.0,4021.0,4021.0,1774.0,759.0,2318.0,1023.0
2.0,6111.0,2822.0,2553.0,560.0,6363.0,6363.0,1787.0,766.0,1954.0,868.0
2.0,3849.0,2036.0,2544.0,4021.0,4342.0,4342.0,1780.0,764.0,1425.0,611.0
2.0,5834.0,1752.0,2513.0,6363.0,0.0,0.0,1759.0,754.0,1248.0,504.0
2.0,10445.0,2244.0,2493.0,4342.0,0.0,0.0,1746.0,747.0,1594.0,650.0
2.0,12543.0,3083.0,2505.0,0.0,560.0,560.0,1755.0,750.0,2161.0,922.0
2.0,9460.0,3435.0,2538.0,0.0,4127.0,4127.0,1777.0,761.0,2382.0,1053.0
2.0,6025.0,2889.0,2560.0,560.0,6544.0,6544.0,1792.0,768.0,1998.0,891.0
2.0,3696.0,1990.0,2550.0,4127.0,4367.0,4367.0,1784.0,766.0,1393.0,597.0
2.0,5833.0,1605.0,2517.0,6544.0,0.0,0.0,1762.0,755.0,1147.0,458.0
2.0,10772.0,2101.0,2495.0,4367.0,0.0,0.0,1747.0,748.0,1494.0,607.0
2.0,13038.0,3054.0,2506.0,0.0,40.0,40.0,1755.0,751.0,2139.0,915.0
2.0,9984.0,3490.0,2539.0,0.0,3662.0,3662.0,1778.0,761.0,2418.0,1072.0
2.0,6494.0,2970.0,2564.0,40.0,6692.0,6692.0,1794.0,770.0,2054.0,916.0
2.0,3564.0,2014.0,2555.0,3662.0,5008.0,5008.0,1788.0,767.0,1410.0,604.0
2.0,5212.0,1606.0,2523.0,6692.0,0.0,0.0,1766.0,757.0,1149.0,457.0
2.0,10298.0,2110.0,2501.0,5008.0,0.0,0.0,1751.0,750.0,1502.0,608.0
2.0,13196.0,3010.0,2507.0,0.0,0.0,0.0,1756.0,751.0,2108.0,902.0
2.0,10186.0,3443.0,2538.0,0.0,3409.0,3409.0,1777.0,761.0,2387.0,1056.0
2.0,6743.0,2861.0,2562.0,0.0,6366.0,6366.0,1793.0,769.0,1979.0,882.0
2.0,3882.0,1959.0,2554.0,3409.0,4884.0,4884.0,1787.0,767.0,1371.0,588.0
2.0,5332.0,1586.0,2523.0,6366.0,0.0,0.0,1766.0,757.0,1133.0,453.0
2.0,10112.0,2134.0,2498.0,4884.0,0.0,0.0,1749.0,749.0,1517.0,617.0
2.0,12862.0,3088.0,2506.0,0.0,250.0,250.0,1755.0,751.0,2162.0,926.0
2.0,9774.0,3482.0,2538.0,0.0,3860.0,3860.0,1777.0,761.0,2416.0,1066.0
2.0,6292.0,2934.0,2563.0,250.0,6644.0,6644.0,1794.0,769.0,2032.0,902.0
2.0,3608.0,1969.0,2556.0,3860.0,4725.0,4725.0,1789.0,767.0,1378.0,591.0
2.0,5499.0,1638.0,2527.0,6644.0,0.0,0.0,1769.0,758.0,1168.0,470.0
2.0,10505.0,2271.0,2506.0,4725.0,0.0,0.0,1755.0,751.0,1610.0,661.0
2.0,12959.0,3116.0,2514.0,0.0,213.0,213.0,1761.0,753.0,2180.0,936.0
2.0,9843.0,3387.0,2544.0,0.0,3720.0,3720.0,1781.0,763.0,2351.0,1036.0
2.0,6456.0,2802.0,2566.0,213.0,6397.0,6397.0,1796.0,770.0,1943.0,859.0
2.0,3867.0,1912.0,2558.0,3720.0,4557.0,4557.0,1790.0,768.0,1339.0,573.0
2.0,5675.0,1649.0,2527.0,6397.0,0.0,0.0,1769.0,758.0,1173.0,476.0
2.0,10423.0,2299.0,2505.0,4557.0,0.0,0.0,1754.0,751.0,1629.0,670.0
2.0,12681.0,3174.0,2514.0,0.0,549.0,549.0,1761.0,753.0,2223.0,951.0
2.0,9507.0,3432.0,2545.0,0.0,4105.0,4105.0,1782.0,763.0,2384.0,1048.0
2.0,6075.0,2772.0,2567.0,549.0,6416.0,6416.0,1797.0,770.0,1921.0,851.0
2.0,3852.0,1919.0,2558.0,4105.0,4194.0,4194.0,1790.0,768.0,1344.0,575.0
2.0,6038.0,1674.0,2530.0,6416.0,0.0,0.0,1771.0,759.0,1189.0,485.0
2.0,10780.0,2303.0,2509.0,4194.0,0.0,0.0,1757.0,752.0,1629.0,674.0
2.0,12671.0,3196.0,2519.0,0.0,601.0,601.0,1764.0,755.0,2238.0,958.0
2.0,9475.0,3454.0,2550.0,0.0,4179.0,4179.0,1786.0,764.0,2403.0,1051.0
2.0,6021.0,2846.0,2573.0,601.0,6516.0,6516.0,1801.0,772.0,1975.0,871.0
2.0,3776.0,1962.0,2565.0,4179.0,4267.0,4267.0,1795.0,770.0,1371.0,591.0
2.0,5993.0,1637.0,2535.0,6516.0,0.0,0.0,1774.0,761.0,1161.0,476.0
2.0,10872.0,2269.0,2512.0,4267.0,0.0,0.0,1759.0,753.0,1607.0,662.0
2.0,12870.0,3215.0,2521.0,0.0,429.0,429.0,1766.0,755.0,2254.0,961.0
2.0,9655.0,3508.0,2550.0,0.0,4053.0,4053.0,1786.0,764.0,2439.0,1069.0
2.0,6147.0,2893.0,2573.0,429.0,6609.0,6609.0,1801.0,772.0,2006.0,887.0
2.0,3683.0,1949.0,2565.0,4053.0,4473.0,4473.0,1795.0,770.0,1362.0,587.0
2.0,5787.0,1708.0,2539.0,6609.0,0.0,0.0,1777.0,762.0,1212.0,496.0
2.0,10688.0,2349.0,2519.0,4473.0,0.0,0.0,1764.0,755.0,1663.0,686.0
2.0,12812.0,3306.0,2529.0,0.0,610.0,610.0,1771.0,758.0,2315.0,991.0
2.0,9506.0,3554.0,2558.0,0.0,4280.0,4280.0,1791.0,767.0,2471.0,1083.0
2.0,5952.0,2815.0,2579.0,610.0,6569.0,6569.0,1805.0,774.0,1953.0,862.0
2.0,3747.0,1899.0,2571.0,4280.0,4156.0,4156.0,1799.0,772.0,1327.0,572.0
2.0,6128.0,1644.0,2544.0,6569.0,0.0,0.0,1780.0,764.0,1169.0,475.0
2.0,11053.0,2296.0,2522.0,4156.0,0.0,0.0,1766.0,756.0,1628.0,668.0
2.0,12913.0,3239.0,2529.0,0.0,442.0,442.0,1771.0,758.0,2270.0,969.0
2.0,9674.0,3514.0,2558.0,0.0,4072.0,4072.0,1791.0,767.0,2440.0,1074.0
2.0,6160.0,2776.0,2580.0,442.0,6494.0,6494.0,1806.0,774.0,1921.0,855.0
2.0,3826.0,1827.0,2575.0,4072.0,4229.0,4229.0,1802.0,773.0,1278.0,549.0
2.0,6071.0,1621.0,2548.0,6494.0,0.0,0.0,1783.0,765.0,1156.0,465.0
2.0,10944.0,2354.0,2526.0,4229.0,0.0,0.0,1769.0,757.0,1670.0,684.0
2.0,12819.0,3319.0,2533.0,0.0,632.0,632.0,1774.0,759.0,2323.0,996.0
2.0,9500.0,3492.0,2561.0,0.0,4236.0,4236.0,1793.0,768.0,2422.0,1070.0
2.0,6008.0,2725.0,2582.0,632.0,6413.0,6413.0,1807.0,775.0,1886.0,839.0
2.0,3915.0,1815.0,2577.0,4236.0,3972.0,3972.0,1803.0,774.0,1273.0,542.0
2.0,6336.0,1638.0,2550.0,6413.0,0.0,0.0,1785.0,765.0,1171.0,467.0
2.0,11111.0,2412.0,2531.0,3972.0,0.0,0.0,1772.0,759.0,1712.0,700.0
2.0,12671.0,3336.0,2540.0,0.0,825.0,825.0,1779.0,761.0,2333.0,1003.0
2.0,9335.0,3518.0,2569.0,0.0,4459.0,4459.0,1799.0,770.0,2438.0,1080.0
2.0,5817.0,2764.0,2592.0,825.0,6490.0,6490.0,1814.0,778.0,1911.0,853.0
2.0,3878.0,1761.0,2585.0,4459.0,3764.0,3764.0,1809.0,776.0,1234.0,527.0
2.0,6576.0,1521.0,2555.0,6490.0,0.0,0.0,1788.0,767.0,1090.0,431.0
2.0,11545.0,2307.0,2532.0,3764.0,0.0,0.0,1773.0,759.0,1639.0,668.0
2.0,13002.0,3334.0,2540.0,0.0,492.0,492.0,1779.0,761.0,2333.0,1001.0
2.0,9668.0,3572.0,2571.0,0.0,4188.0,4188.0,1800.0,771.0,2477.0,1095.0
2.0,6096.0,2862.0,2595.0,492.0,6654.0,6654.0,1816.0,779.0,1981.0,881.0
2.0,3726.0,1898.0,2588.0,4188.0,4336.0,4336.0,1811.0,777.0,1330.0,568.0
2.0,6016.0,1609.0,2559.0,6654.0,0.0,0.0,1791.0,768.0,1149.0,460.0
2.0,11061.0,2285.0,2538.0,4336.0,0.0,0.0,1777.0,761.0,1622.0,663.0
2.0,13112.0,3227.0,2546.0,0.0,299.0,299.0,1783.0,763.0,2259.0,968.0
2.0,9885.0,3463.0,2575.0,0.0,3878.0,3878.0,1803.0,772.0,2402.0,1061.0
2.0,6422.0,2889.0,2599.0,299.0,6564.0,6564.0,1819.0,780.0,2000.0,889.0
2.0,3832.0,2019.0,2594.0,3878.0,4685.0,4685.0,1815.0,779.0,1413.0,606.0
2.0,5691.0,1738.0,2566.0,6564.0,0.0,0.0,1796.0,770.0,1240.0,498.0
2.0,10517.0,2252.0,2543.0,4685.0,0.0,0.0,1781.0,762.0,1600.0,652.0
2.0,12950.0,3118.0,2550.0,0.0,368.0,368.0,1786.0,764.0,2181.0,937.0
2.0,9832.0,3423.0,2579.0,0.0,3907.0,3907.0,1806.0,773.0,2371.0,1052.0
2.0,6409.0,2902.0,2602.0,368.0,6533.0,6533.0,1821.0,781.0,2009.0,893.0
2.0,3875.0,2037.0,2598.0,3907.0,4647.0,4647.0,1818.0,780.0,1429.0,608.0
2.0,5745.0,1759.0,2570.0,6533.0,0.0,0.0,1799.0,771.0,1255.0,504.0
2.0,10519.0,2328.0,2548.0,4647.0,0.0,0.0,1784.0,764.0,1650.0,678.0
2.0,12838.0,3193.0,2555.0,0.0,575.0,575.0,1789.0,766.0,2233.0,960.0
2.0,9645.0,3456.0,2584.0,0.0,4147.0,4147.0,1809.0,775.0,2397.0,1059.0
2.0,6189.0,2921.0,2609.0,575.0,6593.0,6593.0,1826.0,783.0,2024.0,897.0
2.0,3843.0,2116.0,2605.0,4147.0,4546.0,4546.0,1823.0,782.0,1484.0,632.0
2.0,5874.0,1810.0,2579.0,6593.0,0.0,0.0,1805.0,774.0,1291.0,519.0
2.0,10657.0,2268.0,2555.0,4546.0,0.0,0.0,1789.0,766.0,1609.0,659.0
2.0,12935.0,3039.0,2557.0,0.0,332.0,332.0,1791.0,766.0,2125.0,914.0
2.0,9896.0,3356.0,2585.0,0.0,3800.0,3800.0,1810.0,775.0,2326.0,1030.0
2.0,6540.0,2915.0,2607.0,332.0,6471.0,6471.0,1825.0,782.0,2020.0,895.0
2.0,3957.0,2166.0,2604.0,3800.0,4825.0,4825.0,1822.0,782.0,1519.0,647.0
2.0,5591.0,1827.0,2576.0,6471.0,69.0,69.0,1803.0,773.0,1301.0,526.0
2.0,10235.0,2262.0,2551.0,4825.0,0.0,0.0,1786.0,765.0,1603.0,659.0
2.0,12798.0,3039.0,2555.0,69.0,392.0,392.0,1789.0,766.0,2125.0,914.0
2.0,9828.0,3407.0,2584.0,0.0,3915.0,3915.0,1809.0,775.0,2363.0,1044.0
2.0,6421.0,2993.0,2610.0,392.0,6620.0,6620.0,1827.0,783.0,2077.0,916.0
2.0,3820.0,2259.0,2609.0,3915.0,4960.0,4960.0,1826.0,783.0,1585.0,674.0
2.0,5476.0,1850.0,2583.0,6620.0,86.0,86.0,1808.0,775.0,1317.0,533.0
2.0,10246.0,2202.0,2558.0,4960.0,0.0,0.0,1791.0,767.0,1560.0,642.0
2.0,13004.0,2889.0,2560.0,86.0,39.0,39.0,1793.0,767.0,2020.0,869.0
2.0,10201.0,3262.0,2588.0,0.0,3413.0,3413.0,1812.0,776.0,2260.0,1002.0
2.0,6939.0,2974.0,2613.0,39.0,6448.0,6448.0,1829.0,784.0,2061.0,913.0
2.0,4004.0,2314.0,2612.0,3413.0,5345.0,5345.0,1828.0,784.0,1624.0,690.0
2.0,5103.0,1880.0,2585.0,6448.0,669.0,669.0,1809.0,776.0,1340.0,540.0
2.0,9671.0,2153.0,2559.0,5345.0,0.0,0.0,1792.0,767.0,1528.0,625.0
2.0,12863.0,2908.0,2563.0,669.0,0.0,0.0,1795.0,768.0,2031.0,877.0
2.0,10624.0,3288.0,2591.0,0.0,3028.0,3028.0,1814.0,777.0,2279.0,1009.0
2.0,7336.0,2943.0,2616.0,0.0,6071.0,6071.0,1831.0,785.0,2042.0,901.0
2.0,4393.0,2222.0,2612.0,3028.0,5249.0,5249.0,1828.0,784.0,1560.0,662.0
2.0,5199.0,1887.0,2585.0,6071.0,957.0,957.0,1809.0,776.0,1341.0,546.0
2.0,9383.0,2307.0,2561.0,5249.0,0.0,0.0,1793.0,768.0,1632.0,675.0
2.0,12325.0,3006.0,2566.0,957.0,0.0,0.0,1797.0,769.0,2101.0,905.0
2.0,10276.0,3333.0,2596.0,0.0,3441.0,3441.0,1818.0,778.0,2311.0,1022.0
2.0,6943.0,2952.0,2623.0,0.0,6501.0,6501.0,1836.0,787.0,2050.0,902.0
2.0,3991.0,2216.0,2622.0,3441.0,5272.0,5272.0,1835.0,787.0,1557.0,659.0
2.0,5216.0,1847.0,2593.0,6501.0,502.0,502.0,1815.0,778.0,1314.0,533.0
2.0,9870.0,2221.0,2568.0,5272.0,0.0,0.0,1798.0,770.0,1570.0,651.0
2.0,12921.0,2970.0,2569.0,502.0,0.0,0.0,1799.0,770.0,2073.0,897.0
2.0,10453.0,3305.0,2596.0,0.0,3236.0,3236.0,1818.0,778.0,2294.0,1011.0
2.0,7148.0,2971.0,2622.0,0.0,6311.0,6311.0,1835.0,787.0,2065.0,906.0
2.0,4177.0,2219.0,2621.0,3236.0,5290.0,5290.0,1834.0,787.0,1558.0,661.0
2.0,5194.0,1853.0,2595.0,6311.0,728.0,728.0,1816.0,779.0,1318.0,535.0
2.0,9652.0,2232.0,2571.0,5290.0,0.0,0.0,1800.0,771.0,1580.0,652.0
2.0,12710.0,2998.0,2573.0,728.0,0.0,0.0,1802.0,771.0,2094.0,904.0
2.0,10440.0,3378.0,2599.0,0.0,3334.0,3334.0,1820.0,779.0,2344.0,1034.0
2.0,7062.0,3044.0,2625.0,0.0,6482.0,6482.0,1837.0,788.0,2112.0,932.0
2.0,4018.0,2318.0,2625.0,3334.0,5466.0,5466.0,1837.0,788.0,1627.0,691.0
2.0,5034.0,1890.0,2602.0,6482.0,782.0,782.0,1821.0,781.0,1346.0,544.0
2.0,9626.0,2291.0,2580.0,5466.0,0.0,0.0,1807.0,773.0,1622.0,669.0
2.0,12801.0,3077.0,2584.0,782.0,0.0,0.0,1810.0,774.0,2148.0,929.0
2.0,10506.0,3374.0,2609.0,0.0,3304.0,3304.0,1827.0,782.0,2339.0,1035.0
2.0,7132.0,2908.0,2632.0,0.0,6304.0,6304.0,1842.0,790.0,2019.0,889.0
2.0,4224.0,2111.0,2627.0,3304.0,5091.0,5091.0,1838.0,789.0,1483.0,628.0
2.0,5417.0,1823.0,2601.0,6304.0,506.0,506.0,1821.0,780.0,1298.0,525.0
2.0,9898.0,2312.0,2579.0,5091.0,0.0,0.0,1806.0,773.0,1635.0,677.0
2.0,12677.0,3191.0,2584.0,506.0,344.0,344.0,1810.0,774.0,2230.0,961.0
2.0,9992.0,3507.0,2611.0,0.0,3959.0,3959.0,1828.0,783.0,2435.0,1072.0
2.0,6485.0,2956.0,2633.0,344.0,6659.0,6659.0,1843.0,790.0,2053.0,903.0
2.0,3873.0,2111.0,2630.0,3959.0,4799.0,4799.0,1840.0,790.0,1480.0,631.0
2.0,5721.0,1799.0,2606.0,6659.0,0.0,0.0,1824.0,782.0,1279.0,520.0
2.0,10581.0,2372.0,2588.0,4799.0,0.0,0.0,1812.0,776.0,1679.0,693.0
2.0,13008.0,3255.0,2593.0,0.0,619.0,619.0,1816.0,777.0,2276.0,979.0
2.0,9753.0,3550.0,2621.0,0.0,4281.0,4281.0,1835.0,786.0,2465.0,1085.0
2.0,6203.0,2930.0,2642.0,619.0,6676.0,6676.0,1849.0,793.0,2032.0,898.0
2.0,3892.0,1998.0,2637.0,4281.0,4373.0,4373.0,1845.0,792.0,1400.0,598.0
2.0,6175.0,1739.0,2612.0,6676.0,0.0,0.0,1828.0,784.0,1239.0,500.0
2.0,11112.0,2492.0,2594.0,4373.0,0.0,0.0,1816.0,778.0,1763.0,729.0
2.0,12993.0,3417.0,2602.0,0.0,832.0,832.0,1822.0,780.0,2390.0,1027.0
2.0,9576.0,3555.0,2627.0,0.0,4487.0,4487.0,1839.0,788.0,2467.0,1088.0
2.0,6021.0,2762.0,2645.0,832.0,6489.0,6489.0,1851.0,794.0,1915.0,847.0
2.0,4091.0,1807.0,2637.0,4487.0,3777.0,3777.0,1845.0,792.0,1268.0,539.0
2.0,6771.0,1725.0,2615.0,6489.0,0.0,0.0,1830.0,785.0,1229.0,496.0
2.0,11535.0,2535.0,2601.0,3777.0,0.0,0.0,1821.0,780.0,1793.0,742.0
2.0,12777.0,3501.0,2610.0,0.0,1164.0,1164.0,1828.0,782.0,2449.0,1052.0
2.0,9276.0,3601.0,2635.0,0.0,4865.0,4865.0,1845.0,790.0,2499.0,1102.0
2.0,5675.0,2741.0,2652.0,1164.0,6510.0,6510.0,1856.0,796.0,1900.0,841.0
2.0,4098.0,1728.0,2644.0,4865.0,3341.0,3341.0,1850.0,794.0,1213.0,515.0
2.0,7235.0,1587.0,2619.0,6510.0,0.0,0.0,1833.0,786.0,1133.0,454.0
2.0,12158.0,2435.0,2602.0,3341.0,0.0,0.0,1822.0,780.0,1723.0,712.0
2.0,13064.0,3460.0,2612.0,0.0,844.0,844.0,1829.0,783.0,2420.0,1040.0
2.0,9604.0,3636.0,2639.0,0.0,4588.0,4588.0,1848.0,791.0,2522.0,1114.0
2.0,5968.0,2822.0,2658.0,844.0,6642.0,6642.0,1860.0,798.0,1956.0,866.0
2.0,3990.0,1852.0,2648.0,4588.0,3866.0,3866.0,1853.0,795.0,1300.0,552.0
2.0,6726.0,1676.0,2623.0,6642.0,0.0,0.0,1836.0,787.0,1198.0,478.0
2.0,11692.0,2475.0,2606.0,3866.0,0.0,0.0,1825.0,781.0,1754.0,721.0
2.0,13083.0,3481.0,2616.0,0.0,862.0,862.0,1832.0,784.0,2432.0,1049.0
2.0,9602.0,3644.0,2644.0,0.0,4618.0,4618.0,1851.0,793.0,2526.0,1118.0
2.0,5958.0,2773.0,2662.0,862.0,6601.0,6601.0,1863.0,799.0,1921.0,852.0
2.0,4047.0,1726.0,2652.0,4618.0,3669.0,3669.0,1856.0,796.0,1213.0,513.0
2.0,6939.0,1574.0,2626.0,6601.0,0.0,0.0,1838.0,788.0,1127.0,447.0
2.0,11966.0,2490.0,2609.0,3669.0,0.0,0.0,1827.0,782.0,1762.0,728.0
2.0,13145.0,3600.0,2622.0,0.0,943.0,943.0,1836.0,786.0,2515.0,1085.0
2.0,9545.0,3714.0,2651.0,0.0,4773.0,4773.0,1856.0,795.0,2577.0,1137.0
2.0,5831.0,2782.0,2668.0,943.0,6680.0,6680.0,1867.0,801.0,1928.0,854.0
2.0,3992.0,1719.0,2658.0,4773.0,3586.0,3586.0,1860.0,798.0,1207.0,512.0
2.0,7046.0,1572.0,2631.0,6680.0,0.0,0.0,1842.0,789.0,1124.0,448.0
2.0,12154.0,2517.0,2615.0,3586.0,0.0,0.0,1831.0,784.0,1783.0,734.0
2.0,13223.0,3582.0,2624.0,0.0,855.0,855.0,1838.0,786.0,2505.0,1077.0
2.0,9641.0,3642.0,2651.0,0.0,4605.0,4605.0,1856.0,795.0,2525.0,1117.0
2.0,5999.0,2744.0,2666.0,855.0,6554.0,6554.0,1866.0,800.0,1900.0,844.0
2.0,4110.0,1716.0,2655.0,4605.0,3621.0,3621.0,1858.0,797.0,1204.0,512.0
2.0,6999.0,1598.0,2627.0,6554.0,0.0,0.0,1839.0,788.0,1141.0,457.0
2.0,11955.0,2598.0,2612.0,3621.0,0.0,0.0,1829.0,783.0,1841.0,757.0
2.0,12978.0,3674.0,2627.0,0.0,1204.0,1204.0,1840.0,787.0,2570.0,1104.0
2.0,9304.0,3780.0,2659.0,0.0,5112.0,5112.0,1862.0,797.0,2623.0,1157.0
2.0,5524.0,2757.0,2677.0,1204.0,6737.0,6737.0,1874.0,803.0,1910.0,847.0
2.0,3971.0,1690.0,2665.0,5112.0,3267.0,3267.0,1865.0,800.0,1185.0,505.0
2.0,7393.0,1613.0,2635.0,6737.0,0.0,0.0,1844.0,791.0,1151.0,462.0
2.0,12517.0,2635.0,2618.0,3267.0,0.0,0.0,1833.0,785.0,1866.0,769.0
2.0,13149.0,3670.0,2632.0,0.0,1049.0,1049.0,1843.0,789.0,2569.0,1101.0
2.0,9479.0,3681.0,2662.0,0.0,4850.0,4850.0,1864.0,798.0,2555.0,1126.0
2.0,5798.0,2613.0,2678.0,1049.0,6478.0,6478.0,1874.0,804.0,1806.0,807.0
2.0,4234.0,1643.0,2664.0,4850.0,3215.0,3215.0,1864.0,800.0,1150.0,493.0
2.0,7441.0,1708.0,2634.0,6478.0,0.0,0.0,1844.0,790.0,1219.0,489.0
2.0,12211.0,2750.0,2619.0,3215.0,0.0,0.0,1834.0,785.0,1946.0,804.0
2.0,12676.0,3737.0,2634.0,0.0,1597.0,1597.0,1845.0,789.0,2615.0,1122.0
2.0,8939.0,3664.0,2666.0,0.0,5389.0,5389.0,1867.0,799.0,2544.0,1120.0
2.0,5275.0,2567.0,2682.0,1597.0,6423.0,6423.0,1877.0,805.0,1776.0,791.0
2.0,4305.0,1575.0,2664.0,5389.0,2537.0,2537.0,1864.0,800.0,1101.0,474.0
2.0,8119.0,1672.0,2630.0,6423.0,0.0,0.0,1841.0,789.0,1190.0,482.0
2.0,12870.0,2836.0,2616.0,2537.0,0.0,0.0,1832.0,784.0,2009.0,827.0
2.0,12571.0,3824.0,2637.0,0.0,1801.0,1801.0,1847.0,790.0,2681.0,1143.0
2.0,8747.0,3659.0,2673.0,0.0,5604.0,5604.0,1872.0,801.0,2540.0,1119.0
2.0,5088.0,2549.0,2689.0,1801.0,6416.0,6416.0,1882.0,807.0,1760.0,789.0
2.0,4340.0,1574.0,2671.0,5604.0,2314.0,2314.0,1869.0,802.0,1100.0,474.0
2.0,8370.0,1699.0,2636.0,6416.0,0.0,0.0,1845.0,791.0,1211.0,488.0
2.0,13087.0,2807.0,2621.0,2314.0,0.0,0.0,1835.0,786.0,1987.0,820.0
2.0,12594.0,3762.0,2640.0,0.0,1728.0,1728.0,1849.0,791.0,2634.0,1128.0
2.0,8832.0,3593.0,2676.0,0.0,5465.0,5465.0,1874.0,802.0,2495.0,1098.0
2.0,5239.0,2553.0,2695.0,1728.0,6366.0,6366.0,1886.0,809.0,1765.0,788.0
2.0,4414.0,1598.0,2678.0,5465.0,2431.0,2431.0,1874.0,804.0,1118.0,480.0
2.0,8281.0,1747.0,2646.0,6366.0,0.0,0.0,1852.0,794.0,1243.0,504.0
2.0,12900.0,2794.0,2629.0,2431.0,0.0,0.0,1841.0,788.0,1978.0,816.0
2.0,12537.0,3647.0,2646.0,0.0,1694.0,1694.0,1853.0,793.0,2554.0,1093.0
2.0,8890.0,3541.0,2678.0,0.0,5363.0,5363.0,1875.0,803.0,2459.0,1082.0
2.0,5349.0,2514.0,2693.0,1694.0,6243.0,6243.0,1885.0,808.0,1738.0,776.0
2.0,4529.0,1674.0,2678.0,5363.0,2494.0,2494.0,1874.0,804.0,1171.0,503.0
2.0,8218.0,1904.0,2648.0,6243.0,0.0,0.0,1853.0,795.0,1355.0,549.0
2.0,12557.0,2903.0,2633.0,2494.0,0.0,0.0,1844.0,789.0,2055.0,848.0
2.0,12148.0,3654.0,2650.0,0.0,2106.0,2106.0,1856.0,794.0,2557.0,1097.0
2.0,8494.0,3429.0,2684.0,0.0,5671.0,5671.0,1879.0,805.0,2378.0,1051.0
2.0,5065.0,2433.0,2700.0,2106.0,6062.0,6062.0,1890.0,810.0,1682.0,751.0
2.0,4738.0,1622.0,2684.0,5671.0,1949.0,1949.0,1878.0,806.0,1137.0,485.0
2.0,8787.0,1904.0,2650.0,6062.0,0.0,0.0,1855.0,795.0,1357.0,547.0
2.0,12945.0,2967.0,2636.0,1949.0,0.0,0.0,1846.0,790.0,2098.0,869.0
2.0,11927.0,3756.0,2656.0,0.0,2453.0,2453.0,1860.0,796.0,2626.0,1130.0
2.0,8171.0,3452.0,2688.0,0.0,6033.0,6033.0,1882.0,806.0,2392.0,1060.0
2.0,4719.0,2394.0,2705.0,2453.0,6042.0,6042.0,1893.0,812.0,1656.0,738.0
2.0,4778.0,1552.0,2685.0,6033.0,1481.0,1481.0,1879.0,806.0,1090.0,462.0
2.0,9259.0,1866.0,2653.0,6042.0,0.0,0.0,1857.0,796.0,1331.0,535.0
2.0,13435.0,3029.0,2641.0,1481.0,0.0,0.0,1849.0,792.0,2141.0,888.0
2.0,11887.0,3876.0,2663.0,0.0,2641.0,2641.0,1865.0,798.0,2709.0,1167.0
2.0,8011.0,3532.0,2698.0,0.0,6313.0,6313.0,1889.0,809.0,2446.0,1086.0
2.0,4479.0,2374.0,2712.0,2641.0,6102.0,6102.0,1898.0,814.0,1641.0,733.0
2.0,4746.0,1458.0,2691.0,6313.0,1163.0,1163.0,1883.0,808.0,1025.0,433.0
2.0,9601.0,1801.0,2655.0,6102.0,0.0,0.0,1858.0,797.0,1287.0,514.0
2.0,13902.0,3030.0,2640.0,1163.0,0.0,0.0,1849.0,791.0,2143.0,887.0
2.0,12035.0,3905.0,2662.0,0.0,2518.0,2518.0,1864.0,798.0,2729.0,1176.0
2.0,8130.0,3534.0,2698.0,0.0,6196.0,6196.0,1889.0,809.0,2446.0,1088.0
2.0,4596.0,2371.0,2712.0,2518.0,6105.0,6105.0,1898.0,814.0,1638.0,733.0
2.0,4743.0,1541.0,2691.0,6196.0,1366.0,1366.0,1883.0,808.0,1085.0,456.0
2.0,9398.0,1886.0,2657.0,6105.0,0.0,0.0,1860.0,797.0,1347.0,539.0
2.0,13617.0,3063.0,2645.0,1366.0,0.0,0.0,1852.0,793.0,2166.0,897.0
2.0,11920.0,3929.0,2670.0,0.0,2689.0,2689.0,1870.0,800.0,2745.0,1184.0
2.0,7991.0,3566.0,2707.0,0.0,6403.0,6403.0,1895.0,812.0,2469.0,1097.0
2.0,4425.0,2349.0,2719.0,2689.0,6111.0,6111.0,1903.0,816.0,1623.0,726.0
2.0,4765.0,1507.0,2695.0,6403.0,1119.0,1119.0,1886.0,809.0,1062.0,445.0
2.0,9661.0,1908.0,2660.0,6111.0,0.0,0.0,1862.0,798.0,1364.0,544.0
2.0,13864.0,3103.0,2649.0,1119.0,0.0,0.0,1855.0,794.0,2192.0,911.0
2.0,11880.0,3880.0,2675.0,0.0,2700.0,2700.0,1873.0,802.0,2708.0,1172.0
2.0,8000.0,3526.0,2712.0,0.0,6374.0,6374.0,1899.0,813.0,2442.0,1084.0
2.0,4474.0,2333.0,2725.0,2700.0,6059.0,6059.0,1907.0,818.0,1615.0,718.0
2.0,4841.0,1549.0,2701.0,6374.0,1138.0,1138.0,1890.0,811.0,1094.0,455.0
2.0,9666.0,1891.0,2663.0,6059.0,0.0,0.0,1864.0,799.0,1352.0,539.0
2.0,13834.0,3080.0,2652.0,1138.0,0.0,0.0,1857.0,795.0,2173.0,907.0
2.0,11892.0,3944.0,2679.0,0.0,2768.0,2768.0,1876.0,803.0,2750.0,1194.0
2.0,7948.0,3529.0,2717.0,0.0,6449.0,6449.0,1902.0,815.0,2443.0,1086.0
2.0,4419.0,2334.0,2729.0,2768.0,6063.0,6063.0,1910.0,819.0,1619.0,715.0
2.0,4853.0,1496.0,2704.0,6449.0,1010.0,1010.0,1892.0,812.0,1060.0,436.0
2.0,9806.0,1848.0,2667.0,6063.0,0.0,0.0,1867.0,800.0,1320.0,528.0
2.0,14021.0,3042.0,2656.0,1010.0,0.0,0.0,1860.0,796.0,2143.0,899.0
2.0,11989.0,3895.0,2682.0,0.0,2634.0,2634.0,1878.0,804.0,2714.0,1181.0
2.0,8094.0,3575.0,2720.0,0.0,6361.0,6361.0,1904.0,816.0,2478.0,1097.0
2.0,4519.0,2374.0,2732.0,2634.0,6149.0,6149.0,1912.0,820.0,1650.0,724.0
2.0,4779.0,1528.0,2708.0,6361.0,1220.0,1220.0,1895.0,813.0,1081.0,447.0
2.0,9612.0,1814.0,2673.0,6149.0,0.0,0.0,1871.0,802.0,1294.0,520.0
2.0,13947.0,2998.0,2662.0,1220.0,0.0,0.0,1864.0,798.0,2112.0,886.0
2.0,12169.0,3880.0,2689.0,0.0,2467.0,2467.0,1883.0,806.0,2704.0,1176.0
2.0,8289.0,3586.0,2725.0,0.0,6197.0,6197.0,1908.0,817.0,2485.0,1101.0
2.0,4703.0,2403.0,2735.0,2467.0,6173.0,6173.0,1914.0,821.0,1672.0,731.0
2.0,4767.0,1495.0,2708.0,6197.0,1363.0,1363.0,1895.0,813.0,1062.0,433.0
2.0,9469.0,1770.0,2671.0,6173.0,0.0,0.0,1870.0,801.0,1262.0,508.0
2.0,13872.0,2962.0,2662.0,1363.0,0.0,0.0,1864.0,798.0,2081.0,881.0
2.0,12273.0,3849.0,2689.0,0.0,2332.0,2332.0,1883.0,806.0,2679.0,1170.0
2.0,8424.0,3646.0,2728.0,0.0,6134.0,6134.0,1910.0,818.0,2532.0,1114.0
2.0,4778.0,2519.0,2740.0,2332.0,6369.0,6369.0,1918.0,822.0,1759.0,760.0
2.0,4591.0,1589.0,2713.0,6134.0,1716.0,1716.0,1899.0,814.0,1127.0,462.0
2.0,9136.0,1774.0,2676.0,6369.0,0.0,0.0,1873.0,803.0,1261.0,513.0
2.0,13731.0,2909.0,2665.0,1716.0,0.0,0.0,1866.0,799.0,2042.0,867.0
2.0,12538.0,3885.0,2694.0,0.0,2123.0,2123.0,1887.0,807.0,2706.0,1179.0
2.0,8653.0,3769.0,2737.0,0.0,6064.0,6064.0,1916.0,821.0,2620.0,1149.0
2.0,4884.0,2582.0,2750.0,2123.0,6575.0,6575.0,1925.0,825.0,1803.0,779.0
2.0,4425.0,1529.0,2722.0,6064.0,1928.0,1928.0,1905.0,817.0,1084.0,445.0
2.0,8960.0,1617.0,2678.0,6575.0,0.0,0.0,1875.0,803.0,1149.0,468.0
2.0,13918.0,2827.0,2665.0,1928.0,0.0,0.0,1866.0,799.0,1984.0,843.0
2.0,13019.0,3926.0,2694.0,0.0,1683.0,1683.0,1887.0,807.0,2736.0,1190.0
2.0,9093.0,3780.0,2739.0,0.0,5643.0,5643.0,1918.0,821.0,2627.0,1153.0
2.0,5313.0,2590.0,2754.0,1683.0,6610.0,6610.0,1928.0,826.0,1806.0,784.0
2.0,4406.0,1513.0,2725.0,5643.0,2364.0,2364.0,1907.0,818.0,1071.0,442.0
2.0,8536.0,1685.0,2683.0,6610.0,0.0,0.0,1878.0,805.0,1200.0,485.0
2.0,13461.0,2900.0,2670.0,2364.0,0.0,0.0,1870.0,800.0,2037.0,863.0
2.0,12925.0,3983.0,2701.0,0.0,1862.0,1862.0,1892.0,809.0,2776.0,1207.0
2.0,8942.0,3801.0,2745.0,0.0,5839.0,5839.0,1922.0,823.0,2642.0,1159.0
2.0,5141.0,2593.0,2758.0,1862.0,6622.0,6622.0,1930.0,828.0,1810.0,783.0
2.0,4410.0,1482.0,2728.0,5839.0,2145.0,2145.0,1909.0,819.0,1050.0,432.0
2.0,8767.0,1639.0,2684.0,6622.0,0.0,0.0,1879.0,805.0,1165.0,474.0
2.0,13750.0,2951.0,2672.0,2145.0,0.0,0.0,1871.0,801.0,2071.0,880.0
2.0,12944.0,4045.0,2704.0,0.0,1917.0,1917.0,1894.0,810.0,2819.0,1226.0
2.0,8899.0,3837.0,2749.0,0.0,5934.0,5934.0,1925.0,824.0,2668.0,1169.0
2.0,5062.0,2558.0,2762.0,1917.0,6627.0,6627.0,1933.0,829.0,1785.0,773.0
2.0,4421.0,1458.0,2730.0,5934.0,2023.0,2023.0,1911.0,819.0,1034.0,424.0
2.0,8897.0,1649.0,2687.0,6627.0,0.0,0.0,1881.0,806.0,1172.0,477.0
2.0,13875.0,2955.0,2676.0,2023.0,0.0,0.0,1874.0,802.0,2073.0,882.0
2.0,12943.0,4051.0,2709.0,0.0,1944.0,1944.0,1897.0,812.0,2824.0,1227.0
2.0,8892.0,3853.0,2754.0,0.0,5977.0,5977.0,1928.0,826.0,2681.0,1172.0
2.0,5039.0,2544.0,2766.0,1944.0,6625.0,6625.0,1936.0,830.0,1775.0,769.0
2.0,4439.0,1442.0,2735.0,5977.0,1966.0,1966.0,1914.0,821.0,1020.0,422.0
2.0,8974.0,1692.0,2691.0,6625.0,0.0,0.0,1884.0,807.0,1201.0,491.0
2.0,13907.0,3004.0,2682.0,1966.0,0.0,0.0,1878.0,804.0,2111.0,893.0
2.0,12869.0,4046.0,2714.0,0.0,2033.0,2033.0,1901.0,813.0,2823.0,1223.0
2.0,8823.0,3800.0,2758.0,0.0,6009.0,6009.0,1931.0,827.0,2641.0,1159.0
2.0,5023.0,2488.0,2771.0,2033.0,6516.0,6516.0,1939.0,832.0,1733.0,755.0
2.0,4568.0,1406.0,2739.0,6009.0,1785.0,1785.0,1917.0,822.0,995.0,411.0
2.0,9171.0,1716.0,2697.0,6516.0,0.0,0.0,1888.0,809.0,1219.0,497.0
2.0,13971.0,3058.0,2688.0,1785.0,0.0,0.0,1882.0,806.0,2149.0,909.0
2.0,12698.0,4131.0,2722.0,0.0,2321.0,2321.0,1906.0,816.0,2884.0,1247.0
2.0,8567.0,3857.0,2766.0,0.0,6354.0,6354.0,1936.0,830.0,2682.0,1175.0
2.0,4710.0,2460.0,2779.0,2321.0,6545.0,6545.0,1945.0,834.0,1713.0,747.0
2.0,4571.0,1319.0,2746.0,6354.0,1378.0,1378.0,1922.0,824.0,932.0,387.0
2.0,9606.0,1624.0,2703.0,6545.0,0.0,0.0,1892.0,811.0,1153.0,471.0
2.0,14527.0,3073.0,2693.0,1378.0,0.0,0.0,1886.0,807.0,2160.0,913.0
2.0,12832.0,4177.0,2727.0,0.0,2253.0,2253.0,1910.0,817.0,2917.0,1260.0
2.0,8655.0,3866.0,2773.0,0.0,6303.0,6303.0,1941.0,832.0,2692.0,1174.0
2.0,4789.0,2444.0,2786.0,2253.0,6546.0,6546.0,1950.0,836.0,1702.0,742.0
2.0,4598.0,1333.0,2755.0,6303.0,1452.0,1452.0,1928.0,827.0,940.0,393.0
2.0,9568.0,1625.0,2711.0,6546.0,0.0,0.0,1898.0,813.0,1152.0,473.0
2.0,14489.0,3065.0,2700.0,1452.0,0.0,0.0,1891.0,809.0,2153.0,912.0
2.0,12876.0,4181.0,2732.0,0.0,2233.0,2233.0,1913.0,819.0,2920.0,1261.0
2.0,8695.0,3936.0,2777.0,0.0,6349.0,6349.0,1944.0,833.0,2741.0,1195.0
2.0,4759.0,2527.0,2792.0,2233.0,6703.0,6703.0,1954.0,838.0,1763.0,764.0
2.0,4465.0,1309.0,2761.0,6349.0,1539.0,1539.0,1932.0,829.0,925.0,384.0
2.0,9505.0,1540.0,2716.0,6703.0,0.0,0.0,1901.0,815.0,1093.0,447.0
2.0,14668.0,2944.0,2700.0,1539.0,0.0,0.0,1891.0,809.0,2066.0,878.0
2.0,13263.0,4180.0,2731.0,0.0,1841.0,1841.0,1912.0,819.0,2918.0,1262.0
2.0,9083.0,3984.0,2778.0,0.0,6013.0,6013.0,1945.0,833.0,2776.0,1208.0
2.0,5099.0,2593.0,2797.0,1841.0,6841.0,6841.0,1958.0,839.0,1810.0,783.0
2.0,4347.0,1394.0,2769.0,6013.0,2110.0,2110.0,1938.0,831.0,984.0,410.0
2.0,8966.0,1579.0,2724.0,6841.0,0.0,0.0,1907.0,817.0,1120.0,459.0
2.0,14228.0,2990.0,2709.0,2110.0,0.0,0.0,1897.0,812.0,2099.0,891.0
2.0,13348.0,4239.0,2741.0,0.0,1855.0,1855.0,1919.0,822.0,2957.0,1282.0
2.0,9109.0,4050.0,2790.0,0.0,6101.0,6101.0,1953.0,837.0,2820.0,1230.0
2.0,5059.0,2608.0,2808.0,1855.0,6926.0,6926.0,1965.0,843.0,1822.0,786.0
2.0,4306.0,1394.0,2779.0,6101.0,2103.0,2103.0,1945.0,834.0,986.0,408.0
2.0,9013.0,1570.0,2732.0,6926.0,0.0,0.0,1913.0,819.0,1113.0,457.0
2.0,14369.0,2951.0,2716.0,2103.0,0.0,0.0,1902.0,814.0,2071.0,880.0
2.0,13521.0,4125.0,2745.0,0.0,1584.0,1584.0,1922.0,823.0,2879.0,1246.0
2.0,9396.0,3922.0,2791.0,0.0,5690.0,5690.0,1954.0,837.0,2732.0,1190.0
2.0,5474.0,2566.0,2810.0,1584.0,6748.0,6748.0,1967.0,843.0,1790.0,776.0
2.0,4492.0,1464.0,2782.0,5690.0,2410.0,2410.0,1947.0,835.0,1032.0,432.0
2.0,8718.0,1688.0,2736.0,6748.0,0.0,0.0,1915.0,821.0,1196.0,492.0
2.0,13778.0,3005.0,2720.0,2410.0,0.0,0.0,1905.0,815.0,2111.0,894.0
2.0,13183.0,4094.0,2749.0,0.0,1907.0,1907.0,1925.0,824.0,2859.0,1235.0
2.0,9089.0,3945.0,2797.0,0.0,6044.0,6044.0,1958.0,839.0,2747.0,1198.0
2.0,5144.0,2707.0,2818.0,1907.0,6928.0,6928.0,1972.0,846.0,1886.0,821.0
2.0,4344.0,1547.0,2790.0,6044.0,2319.0,2319.0,1953.0,837.0,1090.0,457.0
2.0,8841.0,1604.0,2744.0,6928.0,0.0,0.0,1921.0,823.0,1139.0,465.0
2.0,14165.0,2830.0,2723.0,2319.0,0.0,0.0,1907.0,816.0,1990.0,840.0
2.0,13654.0,4028.0,2752.0,0.0,1382.0,1382.0,1927.0,825.0,2814.0,1214.0
2.0,9626.0,4013.0,2801.0,0.0,5591.0,5591.0,1961.0,840.0,2793.0,1220.0
2.0,5613.0,2778.0,2823.0,1382.0,7075.0,7075.0,1976.0,847.0,1934.0,844.0
2.0,4217.0,1548.0,2795.0,5591.0,2920.0,2920.0,1956.0,839.0,1089.0,459.0
2.0,8260.0,1542.0,2747.0,7075.0,0.0,0.0,1923.0,824.0,1097.0,445.0
2.0,13793.0,2791.0,2727.0,2920.0,0.0,0.0,1910.0,817.0,1966.0,825.0
2.0,13922.0,4009.0,2756.0,0.0,1111.0,1111.0,1930.0,826.0,2802.0,1207.0
2.0,9913.0,3965.0,2805.0,0.0,5272.0,5272.0,1964.0,841.0,2756.0,1209.0
2.0,5948.0,2733.0,2825.0,1111.0,6974.0,6974.0,1977.0,848.0,1898.0,835.0
2.0,4326.0,1530.0,2796.0,5272.0,3116.0,3116.0,1957.0,839.0,1076.0,454.0
2.0,8068.0,1523.0,2746.0,6974.0,0.0,0.0,1922.0,824.0,1088.0,435.0
2.0,13519.0,2754.0,2725.0,3116.0,0.0,0.0,1908.0,817.0,1945.0,809.0
2.0,13881.0,4063.0,2755.0,0.0,1202.0,1202.0,1929.0,826.0,2838.0,1225.0
2.0,9818.0,4095.0,2808.0,0.0,5509.0,5509.0,1966.0,842.0,2845.0,1250.0
2.0,5723.0,2827.0,2832.0,1202.0,7230.0,7230.0,1982.0,850.0,1965.0,862.0
2.0,4098.0,1522.0,2802.0,5509.0,3123.0,3123.0,1961.0,841.0,1073.0,449.0
2.0,8085.0,1364.0,2748.0,7230.0,0.0,0.0,1924.0,824.0,975.0,389.0
2.0,13951.0,2599.0,2723.0,3123.0,0.0,0.0,1907.0,816.0,1832.0,767.0
2.0,14475.0,4039.0,2754.0,0.0,580.0,580.0,1929.0,825.0,2821.0,1218.0
2.0,10436.0,4178.0,2808.0,0.0,4974.0,4974.0,1966.0,842.0,2906.0,1272.0
2.0,6258.0,2931.0,2833.0,580.0,7425.0,7425.0,1983.0,850.0,2038.0,893.0
2.0,3907.0,1569.0,2805.0,4974.0,3908.0,3908.0,1963.0,842.0,1103.0,466.0
2.0,7312.0,1464.0,2753.0,7425.0,0.0,0.0,1927.0,826.0,1045.0,419.0
2.0,13273.0,2669.0,2729.0,3908.0,0.0,0.0,1911.0,818.0,1884.0,785.0
2.0,14512.0,3942.0,2756.0,0.0,454.0,454.0,1930.0,826.0,2754.0,1188.0
2.0,10570.0,4017.0,2808.0,0.0,4679.0,4679.0,1966.0,842.0,2792.0,1225.0
2.0,6553.0,2917.0,2835.0,454.0,7250.0,7250.0,1984.0,851.0,2026.0,891.0
2.0,4090.0,1614.0,2809.0,4679.0,4081.0,4081.0,1966.0,843.0,1134.0,480.0
2.0,7155.0,1464.0,2757.0,7250.0,0.0,0.0,1930.0,827.0,1045.0,419.0
2.0,12941.0,2654.0,2731.0,4081.0,0.0,0.0,1912.0,819.0,1874.0,780.0
2.0,14368.0,4005.0,2758.0,0.0,669.0,669.0,1931.0,827.0,2801.0,1204.0
2.0,10363.0,4104.0,2810.0,0.0,4981.0,4981.0,1967.0,843.0,2853.0,1251.0
2.0,6259.0,2886.0,2835.0,669.0,7298.0,7298.0,1984.0,851.0,2004.0,882.0
2.0,4042.0,1513.0,2807.0,4981.0,3718.0,3718.0,1964.0,843.0,1062.0,451.0
2.0,7510.0,1356.0,2751.0,7298.0,0.0,0.0,1926.0,825.0,970.0,386.0
2.0,13452.0,2636.0,2724.0,3718.0,0.0,0.0,1908.0,816.0,1863.0,773.0
2.0,14534.0,4037.0,2752.0,0.0,511.0,511.0,1927.0,825.0,2822.0,1215.0
2.0,10497.0,4280.0,2807.0,0.0,5011.0,5011.0,1965.0,842.0,2976.0,1304.0
2.0,6217.0,3063.0,2836.0,511.0,7679.0,7679.0,1985.0,851.0,2128.0,935.0
2.0,3665.0,1655.0,2811.0,5011.0,4223.0,4223.0,1967.0,844.0,1162.0,493.0
2.0,7021.0,1434.0,2760.0,7679.0,0.0,0.0,1932.0,828.0,1022.0,412.0
2.0,13266.0,2600.0,2734.0,4223.0,0.0,0.0,1914.0,820.0,1836.0,764.0
2.0,14889.0,4003.0,2762.0,0.0,162.0,162.0,1934.0,828.0,2801.0,1202.0
2.0,10886.0,4296.0,2816.0,0.0,4674.0,4674.0,1971.0,845.0,2989.0,1307.0
2.0,6590.0,3097.0,2843.0,162.0,7717.0,7717.0,1990.0,853.0,2151.0,946.0
2.0,3655.0,1582.0,2816.0,4674.0,4517.0,4517.0,1971.0,845.0,1109.0,473.0
2.0,6747.0,1361.0,2763.0,7717.0,0.0,0.0,1934.0,829.0,973.0,388.0
2.0,13103.0,2649.0,2738.0,4517.0,0.0,0.0,1917.0,821.0,1873.0,776.0
2.0,14971.0,4100.0,2765.0,0.0,189.0,189.0,1936.0,829.0,2869.0,1231.0
2.0,10871.0,4225.0,2817.0,0.0,4622.0,4622.0,1972.0,845.0,2938.0,1287.0
2.0,6646.0,2961.0,2842.0,189.0,7494.0,7494.0,1989.0,853.0,2053.0,908.0
2.0,3874.0,1566.0,2818.0,4622.0,4342.0,4342.0,1972.0,846.0,1096.0,470.0
2.0,6930.0,1400.0,2767.0,7494.0,0.0,0.0,1937.0,830.0,1000.0,400.0
2.0,13024.0,2595.0,2740.0,4342.0,0.0,0.0,1919.0,821.0,1837.0,758.0
2.0,14771.0,4000.0,2764.0,0.0,285.0,285.0,1936.0,828.0,2801.0,1199.0
2.0,10771.0,4181.0,2815.0,0.0,4670.0,4670.0,1971.0,844.0,2907.0,1274.0
2.0,6590.0,3016.0,2843.0,285.0,7513.0,7513.0,1990.0,853.0,2092.0,924.0
2.0,3859.0,1604.0,2821.0,4670.0,4359.0,4359.0,1974.0,847.0,1122.0,482.0
2.0,6925.0,1417.0,2770.0,7513.0,0.0,0.0,1939.0,831.0,1012.0,405.0
2.0,13021.0,2695.0,2746.0,4359.0,0.0,0.0,1923.0,823.0,1907.0,788.0
2.0,14685.0,4078.0,2772.0,0.0,481.0,481.0,1941.0,831.0,2855.0,1223.0
2.0,10607.0,4187.0,2823.0,0.0,4872.0,4872.0,1977.0,846.0,2912.0,1275.0
2.0,6420.0,2862.0,2849.0,481.0,7357.0,7357.0,1994.0,855.0,1984.0,878.0
2.0,4039.0,1419.0,2822.0,4872.0,3796.0,3796.0,1975.0,847.0,993.0,426.0
2.0,7492.0,1317.0,2770.0,7357.0,0.0,0.0,1939.0,831.0,940.0,377.0
2.0,13532.0,2743.0,2745.0,3796.0,0.0,0.0,1922.0,823.0,1940.0,803.0
2.0,14585.0,4264.0,2772.0,0.0,767.0,767.0,1941.0,831.0,2984.0,1280.0
2.0,10321.0,4299.0,2825.0,0.0,5278.0,5278.0,1978.0,847.0,2989.0,1310.0
2.0,6022.0,2836.0,2853.0,767.0,7459.0,7459.0,1997.0,856.0,1968.0,868.0
2.0,3953.0,1315.0,2829.0,5278.0,3400.0,3400.0,1980.0,849.0,924.0,391.0
2.0,7916.0,1275.0,2776.0,7459.0,0.0,0.0,1943.0,833.0,913.0,362.0
2.0,14100.0,2796.0,2749.0,3400.0,0.0,0.0,1925.0,824.0,1973.0,823.0
2.0,14704.0,4220.0,2774.0,0.0,612.0,612.0,1943.0,831.0,2951.0,1269.0
2.0,10484.0,4188.0,2824.0,0.0,5000.0,5000.0,1977.0,847.0,2913.0,1275.0
2.0,6296.0,2812.0,2850.0,612.0,7304.0,7304.0,1995.0,855.0,1953.0,859.0
2.0,4096.0,1407.0,2826.0,5000.0,3615.0,3615.0,1978.0,848.0,988.0,419.0
2.0,7689.0,1449.0,2777.0,7304.0,0.0,0.0,1944.0,833.0,1031.0,418.0
2.0,13544.0,2958.0,2758.0,3615.0,0.0,0.0,1931.0,827.0,2085.0,873.0
2.0,14201.0,4374.0,2786.0,0.0,1317.0,1317.0,1951.0,835.0,3060.0,1314.0
2.0,9827.0,4259.0,2836.0,0.0,5776.0,5776.0,1986.0,850.0,2965.0,1294.0
2.0,5568.0,2764.0,2862.0,1317.0,7327.0,7327.0,2003.0,859.0,1922.0,842.0
2.0,4121.0,1318.0,2836.0,5776.0,2765.0,2765.0,1985.0,851.0,926.0,392.0
2.0,8579.0,1334.0,2784.0,7327.0,0.0,0.0,1949.0,835.0,950.0,384.0
2.0,14572.0,2845.0,2761.0,2765.0,0.0,0.0,1933.0,828.0,2003.0,842.0
2.0,14492.0,4312.0,2788.0,0.0,972.0,972.0,1952.0,836.0,3014.0,1298.0
2.0,10180.0,4247.0,2840.0,0.0,5427.0,5427.0,1988.0,852.0,2957.0,1290.0
2.0,5933.0,2766.0,2867.0,972.0,7329.0,7329.0,2007.0,860.0,1927.0,839.0
2.0,4139.0,1387.0,2843.0,5427.0,3193.0,3193.0,1990.0,853.0,976.0,411.0
2.0,8179.0,1476.0,2794.0,7329.0,0.0,0.0,1956.0,838.0,1049.0,427.0
2.0,14032.0,2926.0,2768.0,3193.0,0.0,0.0,1938.0,830.0,2058.0,868.0
2.0,14299.0,4324.0,2792.0,0.0,1193.0,1193.0,1955.0,837.0,3022.0,1302.0
2.0,9975.0,4215.0,2841.0,0.0,5604.0,5604.0,1989.0,852.0,2935.0,1280.0
2.0,5760.0,2668.0,2865.0,1193.0,7175.0,7175.0,2005.0,860.0,1857.0,811.0
2.0,4285.0,1321.0,2841.0,5604.0,2796.0,2796.0,1988.0,853.0,930.0,391.0
2.0,8568.0,1524.0,2793.0,7175.0,0.0,0.0,1955.0,838.0,1084.0,440.0
2.0,14219.0,2982.0,2768.0,2796.0,0.0,0.0,1938.0,830.0,2097.0,885.0
2.0,14033.0,4351.0,2792.0,0.0,1486.0,1486.0,1955.0,837.0,3041.0,1310.0
2.0,9682.0,4285.0,2844.0,0.0,5979.0,5979.0,1991.0,853.0,2984.0,1301.0
2.0,5397.0,2780.0,2871.0,1486.0,7381.0,7381.0,2010.0,861.0,1935.0,845.0
2.0,4103.0,1362.0,2846.0,5979.0,2664.0,2664.0,1992.0,854.0,958.0,404.0
2.0,8720.0,1450.0,2796.0,7381.0,0.0,0.0,1957.0,839.0,1032.0,418.0
2.0,14651.0,2996.0,2772.0,2664.0,0.0,0.0,1941.0,831.0,2108.0,888.0
2.0,14319.0,4372.0,2799.0,0.0,1249.0,1249.0,1960.0,839.0,3054.0,1318.0
2.0,9947.0,4231.0,2850.0,0.0,5684.0,5684.0,1995.0,855.0,2946.0,1285.0
2.0,5716.0,2720.0,2876.0,1249.0,7259.0,7259.0,2013.0,863.0,1895.0,825.0
2.0,4245.0,1394.0,2852.0,5684.0,2873.0,2873.0,1996.0,856.0,982.0,412.0
2.0,8535.0,1494.0,2804.0,7259.0,0.0,0.0,1963.0,841.0,1061.0,433.0
2.0,14300.0,2986.0,2781.0,2873.0,0.0,0.0,1947.0,834.0,2099.0,887.0
2.0,14187.0,4403.0,2808.0,0.0,1448.0,1448.0,1966.0,842.0,3077.0,1326.0
2.0,9784.0,4345.0,2861.0,0.0,6005.0,6005.0,2003.0,858.0,3027.0,1318.0
2.0,5439.0,2812.0,2887.0,1448.0,7473.0,7473.0,2021.0,866.0,1959.0,853.0
2.0,4075.0,1248.0,2859.0,6005.0,2604.0,2604.0,2001.0,858.0,878.0,370.0
2.0,8832.0,1317.0,2806.0,7473.0,0.0,0.0,1964.0,842.0,937.0,380.0
2.0,14988.0,2872.0,2781.0,2604.0,0.0,0.0,1947.0,834.0,2021.0,851.0
2.0,14720.0,4431.0,2812.0,0.0,959.0,959.0,1969.0,843.0,3097.0,1334.0
2.0,10289.0,4396.0,2868.0,0.0,5579.0,5579.0,2008.0,860.0,3063.0,1333.0
2.0,5893.0,2836.0,2897.0,959.0,7572.0,7572.0,2028.0,869.0,1974.0,862.0
2.0,4016.0,1280.0,2869.0,5579.0,3161.0,3161.0,2008.0,861.0,899.0,381.0
2.0,8315.0,1271.0,2812.0,7572.0,0.0,0.0,1968.0,844.0,904.0,367.0
2.0,14616.0,2879.0,2785.0,3161.0,0.0,0.0,1950.0,835.0,2025.0,854.0
2.0,14898.0,4475.0,2816.0,0.0,841.0,841.0,1972.0,844.0,3129.0,1346.0
2.0,10423.0,4415.0,2876.0,0.0,5496.0,5496.0,2014.0,862.0,3079.0,1336.0
2.0,6008.0,2798.0,2905.0,841.0,7569.0,7569.0,2033.0,872.0,1949.0,849.0
2.0,4051.0,1211.0,2875.0,5496.0,3164.0,3164.0,2012.0,863.0,850.0,361.0
2.0,8336.0,1281.0,2819.0,7569.0,0.0,0.0,1973.0,846.0,911.0,370.0
2.0,14624.0,2848.0,2792.0,3164.0,0.0,0.0,1955.0,837.0,2006.0,842.0
2.0,14940.0,4398.0,2823.0,0.0,750.0,750.0,1977.0,846.0,3077.0,1321.0
2.0,10542.0,4325.0,2879.0,0.0,5299.0,5299.0,2016.0,863.0,3014.0,1311.0
2.0,6217.0,2753.0,2904.0,750.0,7402.0,7402.0,2033.0,871.0,1914.0,839.0
2.0,4214.0,1333.0,2873.0,5299.0,3312.0,3312.0,2011.0,862.0,934.0,399.0
2.0,8180.0,1438.0,2816.0,7402.0,0.0,0.0,1971.0,845.0,1021.0,417.0
2.0,14144.0,2923.0,2791.0,3312.0,0.0,0.0,1954.0,837.0,2060.0,863.0
2.0,14533.0,4289.0,2820.0,0.0,1036.0,1036.0,1975.0,845.0,3001.0,1288.0
2.0,10244.0,4216.0,2875.0,0.0,5472.0,5472.0,2013.0,862.0,2937.0,1279.0
2.0,6028.0,2833.0,2905.0,1036.0,7389.0,7389.0,2033.0,872.0,1969.0,864.0
2.0,4231.0,1421.0,2878.0,5472.0,3230.0,3230.0,2014.0,864.0,995.0,426.0
2.0,8282.0,1430.0,2822.0,7389.0,0.0,0.0,1975.0,847.0,1017.0,413.0
2.0,14241.0,2877.0,2795.0,3230.0,0.0,0.0,1957.0,838.0,2031.0,846.0
2.0,14594.0,4284.0,2825.0,0.0,990.0,990.0,1978.0,847.0,3000.0,1284.0
2.0,10310.0,4326.0,2881.0,0.0,5540.0,5540.0,2017.0,864.0,3011.0,1315.0
2.0,5984.0,2939.0,2909.0,990.0,7601.0,7601.0,2036.0,873.0,2039.0,900.0
2.0,4035.0,1498.0,2882.0,5540.0,3451.0,3451.0,2017.0,865.0,1049.0,449.0
2.0,8077.0,1392.0,2826.0,7601.0,0.0,0.0,1978.0,848.0,992.0,400.0
2.0,14286.0,2759.0,2798.0,3451.0,0.0,0.0,1959.0,839.0,1950.0,809.0
2.0,14978.0,4303.0,2829.0,0.0,641.0,641.0,1981.0,848.0,3013.0,1290.0
2.0,10675.0,4388.0,2888.0,0.0,5265.0,5265.0,2022.0,866.0,3054.0,1334.0
2.0,6287.0,3003.0,2916.0,641.0,7739.0,7739.0,2041.0,875.0,2084.0,919.0
2.0,3925.0,1522.0,2888.0,5265.0,3884.0,3884.0,2021.0,867.0,1065.0,457.0
2.0,7668.0,1415.0,2832.0,7739.0,0.0,0.0,1982.0,850.0,1008.0,407.0
2.0,13992.0,2814.0,2803.0,3884.0,0.0,0.0,1963.0,840.0,1988.0,826.0
2.0,15062.0,4327.0,2833.0,0.0,597.0,597.0,1984.0,849.0,3031.0,1296.0
2.0,10735.0,4386.0,2891.0,0.0,5215.0,5215.0,2024.0,867.0,3054.0,1332.0
2.0,6349.0,2906.0,2919.0,597.0,7636.0,7636.0,2043.0,876.0,2016.0,890.0
2.0,4040.0,1424.0,2889.0,5215.0,3725.0,3725.0,2022.0,867.0,995.0,429.0
2.0,7831.0,1420.0,2833.0,7636.0,0.0,0.0,1983.0,850.0,1009.0,411.0
2.0,14047.0,2873.0,2806.0,3725.0,0.0,0.0,1965.0,841.0,2028.0,845.0
2.0,14899.0,4310.0,2837.0,0.0,759.0,759.0,1987.0,850.0,3019.0,1291.0
2.0,10589.0,4322.0,2894.0,0.0,5309.0,5309.0,2026.0,868.0,3011.0,1311.0
2.0,6267.0,2870.0,2920.0,759.0,7524.0,7524.0,2044.0,876.0,1994.0,876.0
2.0,4156.0,1448.0,2890.0,5309.0,3543.0,3543.0,2023.0,867.0,1013.0,435.0
2.0,8017.0,1424.0,2833.0,7524.0,0.0,0.0,1983.0,850.0,1010.0,414.0
2.0,14117.0,2864.0,2805.0,3543.0,0.0,0.0,1964.0,841.0,2019.0,845.0
2.0,14796.0,4334.0,2833.0,0.0,870.0,870.0,1984.0,849.0,3035.0,1299.0
2.0,10462.0,4432.0,2895.0,0.0,5550.0,5550.0,2027.0,868.0,3089.0,1343.0
2.0,6030.0,2953.0,2926.0,870.0,7757.0,7757.0,2048.0,878.0,2053.0,900.0
2.0,3947.0,1398.0,2898.0,5550.0,3493.0,3493.0,2028.0,870.0,979.0,419.0
2.0,8099.0,1348.0,2839.0,7757.0,0.0,0.0,1987.0,852.0,958.0,390.0
2.0,14508.0,2822.0,2808.0,3493.0,0.0,0.0,1966.0,842.0,1991.0,831.0
2.0,15179.0,4337.0,2837.0,0.0,506.0,506.0,1987.0,850.0,3037.0,1300.0
2.0,10842.0,4443.0,2898.0,0.0,5193.0,5193.0,2029.0,869.0,3094.0,1349.0
2.0,6399.0,3013.0,2932.0,506.0,7836.0,7836.0,2052.0,880.0,2093.0,920.0
2.0,3892.0,1457.0,2905.0,5193.0,3992.0,3992.0,2033.0,872.0,1020.0,437.0
2.0,7628.0,1345.0,2844.0,7836.0,0.0,0.0,1991.0,853.0,956.0,389.0
2.0,14119.0,2685.0,2811.0,3992.0,0.0,0.0,1968.0,843.0,1896.0,789.0
2.0,15426.0,4178.0,2837.0,0.0,100.0,100.0,1987.0,850.0,2927.0,1251.0
2.0,11248.0,4291.0,2896.0,0.0,4627.0,4627.0,2028.0,868.0,2990.0,1301.0
2.0,6957.0,3003.0,2930.0,100.0,7666.0,7666.0,2051.0,879.0,2086.0,917.0
2.0,4054.0,1599.0,2906.0,4627.0,4542.0,4542.0,2034.0,872.0,1117.0,482.0
2.0,7082.0,1484.0,2850.0,7666.0,0.0,0.0,1995.0,855.0,1053.0,431.0
2.0,13264.0,2726.0,2819.0,4542.0,0.0,0.0,1974.0,845.0,1923.0,803.0
2.0,15080.0,4121.0,2845.0,0.0,421.0,421.0,1992.0,853.0,2887.0,1234.0
2.0,10959.0,4279.0,2902.0,0.0,4928.0,4928.0,2032.0,870.0,2982.0,1297.0
2.0,6680.0,3016.0,2932.0,421.0,7643.0,7643.0,2052.0,880.0,2096.0,920.0
2.0,4085.0,1599.0,2906.0,4928.0,4210.0,4210.0,2034.0,872.0,1119.0,480.0
2.0,7414.0,1516.0,2853.0,7643.0,0.0,0.0,1997.0,856.0,1076.0,440.0
2.0,13541.0,2812.0,2826.0,4210.0,0.0,0.0,1979.0,847.0,1984.0,828.0
2.0,14939.0,4133.0,2852.0,0.0,602.0,602.0,1997.0,855.0,2893.0,1240.0
2.0,10806.0,4254.0,2906.0,0.0,5072.0,5072.0,2035.0,871.0,2965.0,1289.0
2.0,6552.0,3033.0,2937.0,602.0,7627.0,7627.0,2056.0,881.0,2109.0,924.0
2.0,4121.0,1730.0,2915.0,5072.0,4197.0,4197.0,2040.0,875.0,1211.0,519.0
2.0,7463.0,1620.0,2863.0,7627.0,0.0,0.0,2004.0,859.0,1147.0,473.0
2.0,13470.0,2857.0,2835.0,4197.0,0.0,0.0,1985.0,850.0,2014.0,843.0
2.0,14810.0,4147.0,2859.0,0.0,773.0,773.0,2002.0,857.0,2904.0,1243.0
2.0,10663.0,4166.0,2909.0,0.0,5139.0,5139.0,2037.0,872.0,2903.0,1263.0
2.0,6497.0,2886.0,2939.0,773.0,7372.0,7372.0,2057.0,882.0,2006.0,880.0
2.0,4384.0,1651.0,2917.0,5139.0,3796.0,3796.0,2041.0,876.0,1153.0,498.0
2.0,7872.0,1695.0,2867.0,7372.0,0.0,0.0,2007.0,860.0,1198.0,497.0
2.0,13549.0,2983.0,2840.0,3796.0,0.0,0.0,1988.0,852.0,2104.0,879.0
2.0,14362.0,4188.0,2863.0,0.0,1278.0,1278.0,2005.0,858.0,2936.0,1252.0
2.0,10174.0,4110.0,2912.0,0.0,5584.0,5584.0,2039.0,873.0,2866.0,1244.0
2.0,6064.0,2840.0,2940.0,1278.0,7258.0,7258.0,2058.0,882.0,1974.0,866.0
2.0,4502.0,1600.0,2916.0,5584.0,3178.0,3178.0,2041.0,875.0,1116.0,484.0
2.0,8486.0,1688.0,2866.0,7258.0,0.0,0.0,2006.0,860.0,1192.0,496.0
2.0,14056.0,3025.0,2840.0,3178.0,0.0,0.0,1988.0,852.0,2133.0,892.0
2.0,14209.0,4276.0,2866.0,0.0,1531.0,1531.0,2007.0,859.0,2997.0,1279.0
2.0,9933.0,4184.0,2919.0,0.0,5927.0,5927.0,2044.0,875.0,2917.0,1267.0
2.0,5749.0,2798.0,2946.0,1531.0,7302.0,7302.0,2062.0,884.0,1943.0,855.0
2.0,4482.0,1563.0,2920.0,5927.0,2834.0,2834.0,2044.0,876.0,1092.0,471.0
2.0,8846.0,1748.0,2871.0,7302.0,0.0,0.0,2010.0,861.0,1237.0,511.0
2.0,14400.0,3085.0,2848.0,2834.0,0.0,0.0,1994.0,854.0,2175.0,910.0
2.0,14149.0,4312.0,2875.0,0.0,1663.0,1663.0,2013.0,862.0,3019.0,1293.0
2.0,9837.0,4169.0,2928.0,0.0,6044.0,6044.0,2050.0,878.0,2905.0,1264.0
2.0,5668.0,2849.0,2954.0,1663.0,7334.0,7334.0,2068.0,886.0,1980.0,869.0
2.0,4482.0,1603.0,2930.0,6044.0,2797.0,2797.0,2051.0,879.0,1121.0,482.0
2.0,8923.0,1729.0,2880.0,7334.0,0.0,0.0,2016.0,864.0,1225.0,504.0
2.0,14528.0,3064.0,2854.0,2797.0,0.0,0.0,1998.0,856.0,2161.0,903.0
2.0,14261.0,4229.0,2879.0,0.0,1484.0,1484.0,2016.0,863.0,2963.0,1266.0
2.0,10032.0,4083.0,2931.0,0.0,5775.0,5775.0,2052.0,879.0,2842.0,1241.0
2.0,5949.0,2798.0,2959.0,1484.0,7201.0,7201.0,2071.0,888.0,1941.0,857.0
2.0,4635.0,1670.0,2936.0,5775.0,3004.0,3004.0,2055.0,881.0,1169.0,501.0
2.0,8740.0,1762.0,2886.0,7201.0,0.0,0.0,2020.0,866.0,1251.0,511.0
2.0,14179.0,2982.0,2858.0,3004.0,0.0,0.0,2001.0,857.0,2105.0,877.0
2.0,14201.0,4114.0,2880.0,0.0,1433.0,1433.0,2017.0,863.0,2880.0,1234.0
2.0,10087.0,4076.0,2929.0,0.0,5705.0,5705.0,2051.0,878.0,2833.0,1243.0
2.0,6011.0,2812.0,2959.0,1433.0,7204.0,7204.0,2071.0,888.0,1951.0,861.0
2.0,4632.0,1567.0,2936.0,5705.0,2974.0,2974.0,2055.0,881.0,1100.0,467.0
2.0,8770.0,1691.0,2889.0,7204.0,0.0,0.0,2022.0,867.0,1203.0,488.0
2.0,14283.0,3037.0,2865.0,2974.0,0.0,0.0,2006.0,859.0,2142.0,895.0
2.0,14220.0,4248.0,2889.0,0.0,1584.0,1584.0,2023.0,866.0,2971.0,1277.0
2.0,9972.0,4072.0,2936.0,0.0,5844.0,5844.0,2056.0,880.0,2832.0,1240.0
2.0,5900.0,2692.0,2959.0,1584.0,7044.0,7044.0,2071.0,888.0,1870.0,822.0
2.0,4792.0,1600.0,2938.0,5844.0,2716.0,2716.0,2056.0,882.0,1124.0,476.0
2.0,9036.0,1853.0,2894.0,7044.0,0.0,0.0,2026.0,868.0,1314.0,539.0
2.0,14227.0,3209.0,2874.0,2716.0,0.0,0.0,2012.0,862.0,2261.0,948.0
2.0,13734.0,4249.0,2897.0,0.0,2103.0,2103.0,2029.0,868.0,2972.0,1277.0
2.0,9485.0,3958.0,2942.0,0.0,6241.0,6241.0,2060.0,882.0,2752.0,1206.0
2.0,5527.0,2644.0,2964.0,2103.0,6870.0,6870.0,2075.0,889.0,1835.0,809.0
2.0,4986.0,1632.0,2942.0,6241.0,2173.0,2173.0,2059.0,883.0,1147.0,485.0
2.0,9595.0,1932.0,2900.0,6870.0,0.0,0.0,2030.0,870.0,1374.0,558.0
2.0,14533.0,3190.0,2879.0,2173.0,0.0,0.0,2016.0,863.0,2250.0,940.0
2.0,13516.0,4231.0,2902.0,0.0,2323.0,2323.0,2032.0,870.0,2956.0,1275.0
2.0,9285.0,3959.0,2945.0,0.0,6454.0,6454.0,2062.0,883.0,2750.0,1209.0
2.0,5326.0,2664.0,2965.0,2323.0,6875.0,6875.0,2075.0,890.0,1848.0,816.0
2.0,4985.0,1689.0,2942.0,6454.0,2018.0,2018.0,2059.0,883.0,1187.0,502.0
2.0,9750.0,1953.0,2900.0,6875.0,0.0,0.0,2030.0,870.0,1389.0,564.0
2.0,14672.0,3213.0,2882.0,2018.0,0.0,0.0,2018.0,864.0,2268.0,945.0
2.0,13477.0,4231.0,2908.0,0.0,2386.0,2386.0,2036.0,872.0,2957.0,1274.0
2.0,9246.0,3951.0,2952.0,0.0,6513.0,6513.0,2067.0,885.0,2742.0,1209.0
2.0,5295.0,2645.0,2970.0,2386.0,6844.0,6844.0,2079.0,891.0,1833.0,812.0
2.0,5036.0,1673.0,2945.0,6513.0,1904.0,1904.0,2061.0,884.0,1178.0,495.0
2.0,9876.0,2000.0,2903.0,6844.0,0.0,0.0,2032.0,871.0,1427.0,573.0
2.0,14720.0,3328.0,2888.0,1904.0,0.0,0.0,2022.0,866.0,2348.0,980.0
2.0,13296.0,4271.0,2916.0,0.0,2639.0,2639.0,2042.0,874.0,2981.0,1290.0
2.0,9025.0,3930.0,2960.0,0.0,6745.0,6745.0,2072.0,888.0,2724.0,1206.0
2.0,5095.0,2694.0,2979.0,2639.0,6876.0,6876.0,2085.0,894.0,1869.0,825.0
2.0,5040.0,1704.0,2955.0,6745.0,1739.0,1739.0,2068.0,887.0,1203.0,501.0
2.0,10081.0,1940.0,2910.0,6876.0,0.0,0.0,2037.0,873.0,1385.0,555.0
2.0,15017.0,3235.0,2891.0,1739.0,0.0,0.0,2024.0,867.0,2280.0,955.0
2.0,13521.0,4247.0,2919.0,0.0,2402.0,2402.0,2044.0,875.0,2963.0,1284.0
2.0,9274.0,3976.0,2965.0,0.0,6562.0,6562.0,2076.0,889.0,2758.0,1218.0
2.0,5298.0,2665.0,2983.0,2402.0,6897.0,6897.0,2088.0,895.0,1850.0,815.0
2.0,5035.0,1681.0,2956.0,6562.0,1908.0,1908.0,2069.0,887.0,1188.0,493.0
2.0,9916.0,1913.0,2910.0,6897.0,0.0,0.0,2037.0,873.0,1365.0,548.0
2.0,14900.0,3197.0,2891.0,1908.0,0.0,0.0,2024.0,867.0,2253.0,944.0
2.0,13611.0,4174.0,2916.0,0.0,2227.0,2227.0,2042.0,874.0,2910.0,1264.0
2.0,9437.0,3959.0,2962.0,0.0,6370.0,6370.0,2074.0,888.0,2746.0,1213.0
2.0,5478.0,2759.0,2982.0,2227.0,6982.0,6982.0,2087.0,895.0,1918.0,841.0
2.0,4946.0,1704.0,2955.0,6370.0,2208.0,2208.0,2068.0,887.0,1204.0,500.0
2.0,9612.0,1860.0,2910.0,6982.0,0.0,0.0,2037.0,873.0,1328.0,532.0
2.0,14734.0,3064.0,2890.0,2208.0,0.0,0.0,2024.0,866.0,2160.0,904.0
2.0,13878.0,4151.0,2916.0,0.0,1937.0,1937.0,2042.0,874.0,2895.0,1256.0
2.0,9727.0,3984.0,2961.0,0.0,6101.0,6101.0,2073.0,888.0,2762.0,1222.0
2.0,5743.0,2777.0,2980.0,1937.0,7017.0,7017.0,2086.0,894.0,1929.0,848.0
2.0,4903.0,1733.0,2956.0,6101.0,2553.0,2553.0,2069.0,887.0,1225.0,508.0
2.0,9271.0,1952.0,2914.0,7017.0,0.0,0.0,2040.0,874.0,1393.0,559.0
2.0,14336.0,3180.0,2897.0,2553.0,0.0,0.0,2029.0,868.0,2241.0,939.0
2.0,13709.0,4207.0,2924.0,0.0,2194.0,2194.0,2048.0,876.0,2936.0,1271.0
2.0,9502.0,3943.0,2970.0,0.0,6321.0,6321.0,2079.0,891.0,2735.0,1208.0
2.0,5559.0,2646.0,2989.0,2194.0,6849.0,6849.0,2092.0,897.0,1835.0,811.0
2.0,5107.0,1654.0,2962.0,6321.0,2074.0,2074.0,2073.0,889.0,1167.0,487.0
2.0,9774.0,1908.0,2917.0,6849.0,0.0,0.0,2042.0,875.0,1362.0,546.0
2.0,14715.0,3207.0,2900.0,2074.0,0.0,0.0,2031.0,869.0,2261.0,946.0
2.0,13582.0,4240.0,2930.0,0.0,2378.0,2378.0,2052.0,878.0,2959.0,1281.0
2.0,9342.0,3977.0,2975.0,0.0,6535.0,6535.0,2083.0,892.0,2759.0,1218.0
2.0,5365.0,2719.0,2992.0,2378.0,6944.0,6944.0,2094.0,898.0,1888.0,831.0
2.0,5024.0,1722.0,2964.0,6535.0,2019.0,2019.0,2074.0,890.0,1216.0,506.0
2.0,9837.0,1961.0,2920.0,6944.0,0.0,0.0,2044.0,876.0,1396.0,565.0
2.0,14820.0,3198.0,2905.0,2019.0,0.0,0.0,2034.0,871.0,2253.0,945.0
2.0,13641.0,4241.0,2936.0,0.0,2344.0,2344.0,2056.0,880.0,2961.0,1280.0
2.0,9400.0,3964.0,2981.0,0.0,6488.0,6488.0,2087.0,894.0,2753.0,1211.0
2.0,5436.0,2666.0,2995.0,2344.0,6866.0,6866.0,2096.0,899.0,1852.0,814.0
2.0,5114.0,1658.0,2965.0,6488.0,1916.0,1916.0,2075.0,890.0,1168.0,490.0
2.0,9944.0,1985.0,2923.0,6866.0,0.0,0.0,2046.0,877.0,1410.0,575.0
2.0,14825.0,3279.0,2909.0,1916.0,0.0,0.0,2037.0,872.0,2309.0,970.0
2.0,13462.0,4258.0,2940.0,0.0,2556.0,2556.0,2059.0,881.0,2975.0,1283.0
2.0,9204.0,4003.0,2984.0,0.0,6735.0,6735.0,2089.0,895.0,2783.0,1220.0
2.0,5201.0,2746.0,2999.0,2556.0,6985.0,6985.0,2099.0,900.0,1907.0,839.0
2.0,5011.0,1781.0,2972.0,6735.0,1923.0,1923.0,2080.0,892.0,1252.0,529.0
2.0,9965.0,1986.0,2929.0,6985.0,0.0,0.0,2050.0,879.0,1411.0,575.0
2.0,14964.0,3190.0,2914.0,1923.0,0.0,0.0,2041.0,873.0,2250.0,940.0
2.0,13697.0,4155.0,2943.0,0.0,2230.0,2230.0,2061.0,882.0,2905.0,1250.0
2.0,9542.0,3876.0,2985.0,0.0,6274.0,6274.0,2090.0,895.0,2692.0,1184.0
2.0,5666.0,2735.0,2999.0,2230.0,6835.0,6835.0,2099.0,900.0,1898.0,837.0
2.0,5161.0,1815.0,2971.0,6274.0,2264.0,2264.0,2079.0,892.0,1274.0,541.0
2.0,9620.0,2105.0,2929.0,6835.0,0.0,0.0,2050.0,879.0,1492.0,613.0
2.0,14350.0,3278.0,2916.0,2264.0,0.0,0.0,2042.0,874.0,2310.0,968.0
2.0,13336.0,4071.0,2943.0,0.0,2507.0,2507.0,2061.0,882.0,2848.0,1223.0
2.0,9265.0,3798.0,2983.0,0.0,6465.0,6465.0,2089.0,894.0,2643.0,1155.0
2.0,5467.0,2746.0,2999.0,2507.0,6768.0,6768.0,2099.0,900.0,1907.0,839.0
2.0,5228.0,1982.0,2975.0,6465.0,2189.0,2189.0,2082.0,893.0,1388.0,594.0
2.0,9711.0,2231.0,2936.0,6768.0,0.0,0.0,2055.0,881.0,1579.0,652.0
2.0,14248.0,3227.0,2922.0,2189.0,0.0,0.0,2046.0,876.0,2276.0,951.0
2.0,13210.0,3957.0,2946.0,0.0,2531.0,2531.0,2063.0,883.0,2770.0,1187.0
2.0,9253.0,3782.0,2987.0,0.0,6477.0,6477.0,2091.0,896.0,2629.0,1153.0
2.0,5471.0,2859.0,3005.0,2531.0,6877.0,6877.0,2103.0,902.0,1985.0,874.0
2.0,5143.0,1961.0,2981.0,6477.0,2265.0,2265.0,2086.0,895.0,1374.0,587.0
2.0,9659.0,2066.0,2940.0,6877.0,0.0,0.0,2058.0,882.0,1465.0,601.0
2.0,14470.0,3092.0,2924.0,2265.0,0.0,0.0,2048.0,876.0,2182.0,910.0
2.0,13643.0,3984.0,2947.0,0.0,2129.0,2129.0,2064.0,883.0,2788.0,1196.0
2.0,9659.0,3904.0,2989.0,0.0,6201.0,6201.0,2093.0,896.0,2713.0,1191.0
2.0,5755.0,2874.0,3009.0,2129.0,7026.0,7026.0,2106.0,903.0,1993.0,881.0
2.0,5010.0,2003.0,2988.0,6201.0,2744.0,2744.0,2091.0,897.0,1403.0,600.0
2.0,9208.0,2097.0,2949.0,7026.0,0.0,0.0,2064.0,885.0,1488.0,609.0
2.0,14137.0,3117.0,2933.0,2744.0,0.0,0.0,2054.0,879.0,2201.0,916.0
2.0,13764.0,3991.0,2956.0,0.0,2051.0,2051.0,2070.0,886.0,2793.0,1198.0
2.0,9773.0,3832.0,2996.0,0.0,6043.0,6043.0,2098.0,898.0,2663.0,1169.0
2.0,5941.0,2801.0,3012.0,2051.0,6857.0,6857.0,2108.0,904.0,1942.0,859.0
2.0,5191.0,1943.0,2989.0,6043.0,2665.0,2665.0,2092.0,897.0,1361.0,582.0
2.0,9291.0,2130.0,2949.0,6857.0,0.0,0.0,2064.0,885.0,1511.0,619.0
2.0,14018.0,3187.0,2935.0,2665.0,0.0,0.0,2055.0,880.0,2253.0,934.0
2.0,13496.0,4039.0,2961.0,0.0,2387.0,2387.0,2074.0,887.0,2827.0,1212.0
2.0,9457.0,3777.0,3002.0,0.0,6328.0,6328.0,2102.0,900.0,2622.0,1155.0
2.0,5680.0,2709.0,3018.0,2387.0,6714.0,6714.0,2112.0,906.0,1876.0,833.0
2.0,5358.0,1867.0,2992.0,6328.0,2149.0,2149.0,2094.0,898.0,1309.0,558.0
2.0,9819.0,2160.0,2952.0,6714.0,0.0,0.0,2066.0,886.0,1536.0,624.0
2.0,14373.0,3329.0,2939.0,2149.0,0.0,0.0,2058.0,881.0,2351.0,978.0
2.0,13193.0,4137.0,2967.0,0.0,2812.0,2812.0,2078.0,889.0,2893.0,1244.0
2.0,9056.0,3857.0,3008.0,0.0,6833.0,6833.0,2106.0,902.0,2678.0,1179.0
2.0,5199.0,2672.0,3021.0,2812.0,6745.0,6745.0,2114.0,907.0,1852.0,820.0
2.0,5339.0,1796.0,2994.0,6833.0,1600.0,1600.0,2095.0,899.0,1261.0,535.0
2.0,10376.0,2125.0,2954.0,6745.0,0.0,0.0,2068.0,886.0,1510.0,615.0
2.0,14996.0,3274.0,2940.0,1600.0,0.0,0.0,2059.0,881.0,2311.0,963.0
2.0,13322.0,4172.0,2969.0,0.0,2726.0,2726.0,2079.0,890.0,2916.0,1256.0
2.0,9150.0,3914.0,3012.0,0.0,6812.0,6812.0,2109.0,903.0,2718.0,1196.0
2.0,5236.0,2823.0,3029.0,2726.0,6977.0,6977.0,2120.0,909.0,1957.0,866.0
2.0,5139.0,1889.0,3002.0,6812.0,1946.0,1946.0,2101.0,901.0,1326.0,563.0
2.0,10062.0,2061.0,2960.0,6977.0,0.0,0.0,2072.0,888.0,1466.0,595.0
2.0,14978.0,3183.0,2944.0,1946.0,0.0,0.0,2062.0,882.0,2248.0,935.0
2.0,13741.0,4081.0,2970.0,0.0,2220.0,2220.0,2080.0,890.0,2852.0,1229.0
2.0,9660.0,3877.0,3009.0,0.0,6253.0,6253.0,2107.0,902.0,2692.0,1185.0
2.0,5783.0,2882.0,3027.0,2220.0,6987.0,6987.0,2119.0,908.0,1999.0,883.0
2.0,5121.0,2006.0,3005.0,6253.0,2652.0,2652.0,2103.0,902.0,1409.0,597.0
2.0,9368.0,2122.0,2966.0,6987.0,0.0,0.0,2076.0,890.0,1509.0,613.0
2.0,14233.0,3155.0,2952.0,2652.0,0.0,0.0,2067.0,885.0,2227.0,928.0
2.0,13730.0,4058.0,2977.0,0.0,2236.0,2236.0,2085.0,892.0,2836.0,1222.0
2.0,9672.0,3863.0,3016.0,0.0,6255.0,6255.0,2112.0,904.0,2681.0,1182.0
2.0,5809.0,2816.0,3030.0,2236.0,6891.0,6891.0,2121.0,909.0,1953.0,863.0
2.0,5229.0,1974.0,3005.0,6255.0,2510.0,2510.0,2103.0,902.0,1387.0,587.0
2.0,9510.0,2118.0,2967.0,6891.0,0.0,0.0,2077.0,890.0,1505.0,613.0
2.0,14283.0,3145.0,2955.0,2510.0,0.0,0.0,2069.0,886.0,2219.0,926.0
2.0,13648.0,4030.0,2980.0,0.0,2302.0,2302.0,2087.0,893.0,2816.0,1214.0
2.0,9618.0,3935.0,3017.0,0.0,6385.0,6385.0,2112.0,905.0,2732.0,1203.0
2.0,5683.0,2923.0,3030.0,2302.0,7058.0,7058.0,2121.0,909.0,2029.0,894.0
2.0,5062.0,2000.0,3006.0,6385.0,2577.0,2577.0,2104.0,902.0,1407.0,593.0
2.0,9447.0,2045.0,2970.0,7058.0,0.0,0.0,2079.0,891.0,1456.0,589.0
2.0,14460.0,3098.0,2957.0,2577.0,0.0,0.0,2071.0,886.0,2186.0,912.0
2.0,13939.0,4051.0,2980.0,0.0,2032.0,2032.0,2087.0,893.0,2829.0,1222.0
2.0,9888.0,3954.0,3018.0,0.0,6138.0,6138.0,2113.0,905.0,2742.0,1212.0
2.0,5934.0,2928.0,3035.0,2032.0,7102.0,7102.0,2124.0,911.0,2032.0,896.0
2.0,5038.0,1965.0,3013.0,6138.0,2841.0,2841.0,2109.0,904.0,1384.0,581.0
2.0,9211.0,2028.0,2976.0,7102.0,0.0,0.0,2083.0,893.0,1446.0,582.0
2.0,14285.0,3138.0,2960.0,2841.0,0.0,0.0,2073.0,887.0,2216.0,922.0
2.0,13988.0,4138.0,2984.0,0.0,2086.0,2086.0,2090.0,894.0,2888.0,1250.0
2.0,9850.0,4057.0,3025.0,0.0,6307.0,6307.0,2118.0,907.0,2813.0,1244.0
2.0,5793.0,2907.0,3040.0,2086.0,7188.0,7188.0,2128.0,912.0,2017.0,890.0
2.0,4972.0,1867.0,3016.0,6307.0,2652.0,2652.0,2111.0,905.0,1316.0,551.0
2.0,9412.0,1977.0,2977.0,7188.0,0.0,0.0,2084.0,893.0,1412.0,565.0
2.0,14623.0,3115.0,2963.0,2652.0,0.0,0.0,2075.0,888.0,2197.0,918.0
2.0,14160.0,4163.0,2990.0,0.0,1963.0,1963.0,2094.0,896.0,2904.0,1259.0
2.0,9997.0,4046.0,3031.0,0.0,6173.0,6173.0,2122.0,909.0,2806.0,1240.0
2.0,5951.0,2930.0,3046.0,1963.0,7200.0,7200.0,2132.0,914.0,2036.0,894.0
2.0,4984.0,1957.0,3022.0,6173.0,2888.0,2888.0,2115.0,907.0,1380.0,577.0
2.0,9200.0,2069.0,2984.0,7200.0,0.0,0.0,2089.0,895.0,1475.0,594.0
2.0,14331.0,3106.0,2971.0,2888.0,0.0,0.0,2080.0,891.0,2189.0,917.0
2.0,14113.0,4024.0,2996.0,0.0,1895.0,1895.0,2098.0,898.0,2805.0,1219.0
2.0,10089.0,3970.0,3037.0,0.0,6029.0,6029.0,2126.0,911.0,2754.0,1216.0
2.0,6119.0,3089.0,3055.0,1895.0,7295.0,7295.0,2138.0,917.0,2149.0,940.0
2.0,4925.0,2116.0,3031.0,6029.0,3286.0,3286.0,2121.0,910.0,1493.0,623.0
2.0,8838.0,2081.0,2991.0,7295.0,0.0,0.0,2094.0,897.0,1483.0,598.0
2.0,14052.0,2965.0,2975.0,3286.0,0.0,0.0,2083.0,892.0,2089.0,876.0
2.0,14373.0,3902.0,2999.0,0.0,1525.0,1525.0,2100.0,899.0,2717.0,1185.0
2.0,10471.0,3998.0,3041.0,0.0,5691.0,5691.0,2129.0,912.0,2772.0,1226.0
2.0,6473.0,3120.0,3059.0,1525.0,7358.0,7358.0,2141.0,918.0,2172.0,948.0
2.0,4878.0,2234.0,3039.0,5691.0,3821.0,3821.0,2127.0,912.0,1578.0,656.0
2.0,8335.0,2169.0,3001.0,7358.0,0.0,0.0,2101.0,900.0,1546.0,623.0
2.0,13524.0,2972.0,2983.0,3821.0,0.0,0.0,2089.0,894.0,2094.0,878.0
2.0,14373.0,3784.0,3002.0,0.0,1419.0,1419.0,2102.0,900.0,2634.0,1150.0
2.0,10589.0,3826.0,3038.0,0.0,5389.0,5389.0,2127.0,911.0,2651.0,1175.0
2.0,6763.0,3154.0,3059.0,1419.0,7208.0,7208.0,2141.0,918.0,2194.0,960.0
2.0,5028.0,2326.0,3044.0,5389.0,4085.0,4085.0,2130.0,914.0,1642.0,684.0
2.0,8091.0,2240.0,3008.0,7208.0,0.0,0.0,2106.0,902.0,1597.0,643.0
2.0,13059.0,2922.0,2990.0,4085.0,0.0,0.0,2094.0,896.0,2062.0,860.0
2.0,14222.0,3782.0,3007.0,0.0,1588.0,1588.0,2106.0,901.0,2635.0,1147.0
2.0,10440.0,3894.0,3043.0,0.0,5626.0,5626.0,2130.0,913.0,2694.0,1200.0
2.0,6546.0,3191.0,3064.0,1588.0,7313.0,7313.0,2144.0,920.0,2216.0,975.0
2.0,4943.0,2315.0,3048.0,5626.0,3938.0,3938.0,2133.0,915.0,1635.0,680.0
2.0,8254.0,2149.0,3011.0,7313.0,0.0,0.0,2108.0,903.0,1537.0,612.0
2.0,13418.0,2950.0,2993.0,3938.0,0.0,0.0,2096.0,897.0,2083.0,867.0
2.0,14406.0,3902.0,3014.0,0.0,1552.0,1552.0,2111.0,903.0,2718.0,1184.0
2.0,10504.0,4045.0,3054.0,0.0,5757.0,5757.0,2138.0,916.0,2799.0,1246.0
2.0,6459.0,3245.0,3075.0,1552.0,7534.0,7534.0,2152.0,923.0,2252.0,993.0
2.0,4766.0,2278.0,3059.0,5757.0,3991.0,3991.0,2141.0,918.0,1609.0,669.0
2.0,8245.0,2152.0,3023.0,7534.0,0.0,0.0,2116.0,907.0,1539.0,613.0
2.0,13627.0,2846.0,3002.0,3991.0,0.0,0.0,2102.0,900.0,2012.0,834.0
2.0,14772.0,3765.0,3018.0,0.0,1065.0,1065.0,2114.0,904.0,2624.0,1141.0
2.0,11007.0,3990.0,3057.0,0.0,5211.0,5211.0,2140.0,917.0,2760.0,1230.0
2.0,7017.0,3333.0,3081.0,1065.0,7575.0,7575.0,2156.0,925.0,2311.0,1022.0
2.0,4749.0,2426.0,3068.0,5211.0,4738.0,4738.0,2147.0,921.0,1709.0,717.0
2.0,7534.0,2170.0,3033.0,7575.0,0.0,0.0,2123.0,910.0,1553.0,617.0
2.0,12939.0,2815.0,3010.0,4738.0,0.0,0.0,2108.0,902.0,1992.0,823.0
2.0,14862.0,3675.0,3024.0,0.0,909.0,909.0,2118.0,906.0,2560.0,1115.0
2.0,11187.0,3854.0,3061.0,0.0,4911.0,4911.0,2143.0,918.0,2664.0,1190.0
2.0,7333.0,3267.0,3085.0,909.0,7365.0,7365.0,2159.0,926.0,2267.0,1000.0
2.0,4975.0,2475.0,3072.0,4911.0,4877.0,4877.0,2150.0,922.0,1747.0,728.0
2.0,7411.0,2268.0,3036.0,7365.0,0.0,0.0,2125.0,911.0,1623.0,645.0
2.0,12508.0,2878.0,3013.0,4877.0,0.0,0.0,2110.0,903.0,2033.0,845.0
2.0,14507.0,3661.0,3027.0,0.0,1262.0,1262.0,2120.0,907.0,2547.0,1114.0
2.0,10846.0,3867.0,3067.0,0.0,5289.0,5289.0,2147.0,920.0,2674.0,1193.0
2.0,6979.0,3229.0,3091.0,1262.0,7352.0,7352.0,2163.0,928.0,2243.0,986.0
2.0,5012.0,2450.0,3078.0,5289.0,4461.0,4461.0,2154.0,924.0,1729.0,721.0
2.0,7851.0,2331.0,3043.0,7352.0,0.0,0.0,2130.0,913.0,1664.0,667.0
2.0,12872.0,2972.0,3022.0,4461.0,0.0,0.0,2116.0,906.0,2097.0,875.0
2.0,14361.0,3718.0,3037.0,0.0,1505.0,1505.0,2127.0,910.0,2588.0,1130.0
2.0,10643.0,3777.0,3071.0,0.0,5418.0,5418.0,2150.0,921.0,2612.0,1165.0
2.0,6866.0,3083.0,3091.0,1505.0,7076.0,7076.0,2163.0,928.0,2141.0,942.0
2.0,5288.0,2324.0,3077.0,5418.0,3926.0,3926.0,2153.0,924.0,1642.0,682.0
2.0,8382.0,2212.0,3041.0,7076.0,0.0,0.0,2129.0,912.0,1581.0,631.0
2.0,13246.0,2942.0,3022.0,3926.0,0.0,0.0,2116.0,906.0,2077.0,865.0
2.0,14230.0,3779.0,3035.0,0.0,1689.0,1689.0,2125.0,910.0,2632.0,1147.0
2.0,10451.0,3885.0,3069.0,0.0,5710.0,5710.0,2148.0,921.0,2687.0,1198.0
2.0,6566.0,3207.0,3091.0,1689.0,7316.0,7316.0,2163.0,928.0,2227.0,980.0
2.0,5048.0,2414.0,3080.0,5710.0,3976.0,3976.0,2155.0,925.0,1706.0,708.0
2.0,8344.0,2338.0,3050.0,7316.0,0.0,0.0,2135.0,915.0,1669.0,669.0
2.0,13322.0,2901.0,3029.0,3976.0,0.0,0.0,2121.0,908.0,2046.0,855.0
2.0,14397.0,3627.0,3039.0,0.0,1386.0,1386.0,2128.0,911.0,2523.0,1104.0
2.0,10770.0,3798.0,3069.0,0.0,5304.0,5304.0,2148.0,921.0,2626.0,1172.0
2.0,6972.0,3224.0,3089.0,1386.0,7222.0,7222.0,2161.0,928.0,2240.0,984.0
2.0,5134.0,2492.0,3080.0,5304.0,4374.0,4374.0,2155.0,925.0,1762.0,730.0
2.0,7946.0,2327.0,3051.0,7222.0,0.0,0.0,2136.0,915.0,1665.0,662.0
2.0,12841.0,2940.0,3034.0,4374.0,0.0,0.0,2125.0,909.0,2075.0,865.0
2.0,14275.0,3665.0,3044.0,0.0,1566.0,1566.0,2132.0,912.0,2548.0,1117.0
2.0,10610.0,3821.0,3073.0,0.0,5503.0,5503.0,2151.0,922.0,2639.0,1182.0
2.0,6789.0,3220.0,3092.0,1566.0,7233.0,7233.0,2164.0,928.0,2236.0,984.0
2.0,5135.0,2512.0,3084.0,5503.0,4210.0,4210.0,2158.0,926.0,1776.0,736.0
2.0,8126.0,2362.0,3057.0,7233.0,0.0,0.0,2140.0,917.0,1691.0,671.0
2.0,12997.0,2929.0,3038.0,4210.0,0.0,0.0,2128.0,910.0,2069.0,860.0
2.0,14278.0,3637.0,3047.0,0.0,1547.0,1547.0,2134.0,913.0,2527.0,1110.0
2.0,10641.0,3780.0,3075.0,0.0,5439.0,5439.0,2153.0,922.0,2610.0,1170.0
2.0,6861.0,3201.0,3095.0,1547.0,7173.0,7173.0,2166.0,929.0,2224.0,977.0
2.0,5207.0,2535.0,3087.0,5439.0,4237.0,4237.0,2160.0,927.0,1794.0,741.0
2.0,8111.0,2412.0,3058.0,7173.0,0.0,0.0,2141.0,917.0,1725.0,687.0
2.0,12872.0,2964.0,3038.0,4237.0,0.0,0.0,2128.0,910.0,2092.0,872.0
2.0,14145.0,3619.0,3045.0,0.0,1654.0,1654.0,2133.0,912.0,2514.0,1105.0
2.0,10526.0,3752.0,3074.0,0.0,5522.0,5522.0,2152.0,922.0,2590.0,1162.0
2.0,6774.0,3167.0,3093.0,1654.0,7111.0,7111.0,2164.0,929.0,2199.0,968.0
2.0,5261.0,2550.0,3087.0,5522.0,4115.0,4115.0,2160.0,927.0,1806.0,744.0
2.0,8233.0,2513.0,3063.0,7111.0,0.0,0.0,2144.0,919.0,1797.0,716.0
2.0,12831.0,3134.0,3047.0,4115.0,0.0,0.0,2134.0,913.0,2212.0,922.0
2.0,13812.0,3725.0,3054.0,0.0,2129.0,2129.0,2139.0,915.0,2588.0,1137.0
2.0,10087.0,3686.0,3078.0,0.0,5911.0,5911.0,2155.0,923.0,2543.0,1143.0
2.0,6401.0,3039.0,3095.0,2129.0,6889.0,6889.0,2166.0,929.0,2110.0,929.0
2.0,5491.0,2451.0,3088.0,5911.0,3401.0,3401.0,2161.0,927.0,1734.0,717.0
2.0,8951.0,2514.0,3066.0,6889.0,0.0,0.0,2146.0,920.0,1797.0,717.0
2.0,13326.0,3144.0,3053.0,3401.0,0.0,0.0,2138.0,915.0,2218.0,926.0
2.0,13583.0,3714.0,3061.0,0.0,2375.0,2375.0,2144.0,917.0,2580.0,1134.0
2.0,9869.0,3644.0,3083.0,0.0,6107.0,6107.0,2158.0,925.0,2514.0,1130.0
2.0,6225.0,3112.0,3100.0,2375.0,6912.0,6912.0,2169.0,931.0,2164.0,948.0
2.0,5488.0,2573.0,3094.0,6107.0,3354.0,3354.0,2165.0,929.0,1824.0,749.0
2.0,9022.0,2576.0,3073.0,6912.0,0.0,0.0,2151.0,922.0,1839.0,737.0
2.0,13358.0,3131.0,3058.0,3354.0,0.0,0.0,2142.0,916.0,2205.0,926.0
2.0,13581.0,3682.0,3067.0,0.0,2369.0,2369.0,2148.0,919.0,2555.0,1127.0
2.0,9899.0,3603.0,3090.0,0.0,6064.0,6064.0,2163.0,927.0,2488.0,1115.0
2.0,6296.0,2917.0,3101.0,2369.0,6656.0,6656.0,2170.0,931.0,2029.0,888.0
2.0,5748.0,2330.0,3088.0,6064.0,2870.0,2870.0,2161.0,927.0,1654.0,676.0
2.0,9482.0,2480.0,3065.0,6656.0,0.0,0.0,2146.0,919.0,1772.0,708.0
2.0,13658.0,3183.0,3054.0,2870.0,0.0,0.0,2139.0,915.0,2241.0,942.0
2.0,13345.0,3786.0,3067.0,0.0,2709.0,2709.0,2148.0,919.0,2626.0,1160.0
2.0,9559.0,3703.0,3093.0,0.0,6516.0,6516.0,2165.0,928.0,2556.0,1147.0
2.0,5856.0,2973.0,3108.0,2709.0,6840.0,6840.0,2175.0,933.0,2068.0,905.0
2.0,5592.0,2377.0,3097.0,6516.0,2657.0,2657.0,2167.0,930.0,1687.0,690.0
2.0,9731.0,2464.0,3072.0,6840.0,0.0,0.0,2151.0,921.0,1761.0,703.0
2.0,14107.0,3186.0,3058.0,2657.0,0.0,0.0,2142.0,916.0,2245.0,941.0
2.0,13578.0,3765.0,3069.0,0.0,2463.0,2463.0,2149.0,920.0,2614.0,1151.0
2.0,9813.0,3631.0,3093.0,0.0,6190.0,6190.0,2165.0,928.0,2504.0,1127.0
2.0,6182.0,2983.0,3105.0,2463.0,6758.0,6758.0,2173.0,932.0,2072.0,911.0
2.0,5662.0,2520.0,3098.0,6190.0,3060.0,3060.0,2168.0,930.0,1785.0,735.0
2.0,9332.0,2629.0,3078.0,6758.0,0.0,0.0,2155.0,923.0,1879.0,750.0
2.0,13461.0,3194.0,3067.0,3060.0,0.0,0.0,2148.0,919.0,2254.0,940.0
2.0,13327.0,3677.0,3075.0,0.0,2650.0,2650.0,2154.0,921.0,2555.0,1122.0
2.0,9650.0,3587.0,3097.0,0.0,6325.0,6325.0,2168.0,929.0,2474.0,1113.0
2.0,6063.0,3059.0,3111.0,2650.0,6790.0,6790.0,2177.0,934.0,2122.0,937.0
2.0,5654.0,2570.0,3104.0,6325.0,3007.0,3007.0,2172.0,932.0,1817.0,753.0
2.0,9409.0,2653.0,3084.0,6790.0,0.0,0.0,2159.0,925.0,1896.0,757.0
2.0,13546.0,3176.0,3071.0,3007.0,0.0,0.0,2151.0,920.0,2244.0,932.0
2.0,13377.0,3628.0,3080.0,0.0,2571.0,2571.0,2157.0,923.0,2520.0,1108.0
2.0,9749.0,3535.0,3100.0,0.0,6186.0,6186.0,2170.0,930.0,2434.0,1101.0
2.0,6214.0,3032.0,3112.0,2571.0,6695.0,6695.0,2177.0,935.0,2102.0,930.0
2.0,5753.0,2700.0,3107.0,6186.0,3189.0,3189.0,2174.0,933.0,1910.0,790.0
2.0,9239.0,2856.0,3093.0,6695.0,0.0,0.0,2165.0,928.0,2041.0,815.0
2.0,13078.0,3277.0,3082.0,3189.0,0.0,0.0,2159.0,923.0,2317.0,960.0
2.0,12990.0,3509.0,3089.0,0.0,2875.0,2875.0,2164.0,925.0,2435.0,1074.0
2.0,9481.0,3393.0,3106.0,0.0,6336.0,6336.0,2174.0,932.0,2332.0,1061.0
2.0,6088.0,2971.0,3116.0,2875.0,6472.0,6472.0,2180.0,936.0,2058.0,913.0
2.0,5992.0,2729.0,3111.0,6336.0,2845.0,2845.0,2177.0,934.0,1933.0,796.0
2.0,9599.0,2936.0,3098.0,6472.0,0.0,0.0,2169.0,929.0,2098.0,838.0
2.0,13135.0,3372.0,3091.0,2845.0,0.0,0.0,2165.0,926.0,2382.0,990.0
2.0,12608.0,3606.0,3100.0,0.0,3398.0,3398.0,2171.0,929.0,2503.0,1103.0
2.0,9002.0,3411.0,3116.0,0.0,6873.0,6873.0,2181.0,935.0,2345.0,1066.0
2.0,5591.0,2913.0,3124.0,3398.0,6420.0,6420.0,2186.0,938.0,2018.0,895.0
2.0,6076.0,2638.0,3114.0,6873.0,2145.0,2145.0,2179.0,935.0,1868.0,770.0
2.0,10311.0,2890.0,3098.0,6420.0,0.0,0.0,2169.0,929.0,2067.0,823.0
2.0,13841.0,3403.0,3092.0,2145.0,0.0,0.0,2166.0,926.0,2402.0,1001.0
2.0,12583.0,3640.0,3104.0,0.0,3473.0,3473.0,2174.0,930.0,2525.0,1115.0
2.0,8943.0,3409.0,3123.0,0.0,6958.0,6958.0,2186.0,937.0,2345.0,1064.0
2.0,5534.0,2899.0,3130.0,3473.0,6412.0,6412.0,2190.0,940.0,2011.0,888.0
2.0,6108.0,2605.0,3120.0,6958.0,2019.0,2019.0,2183.0,937.0,1845.0,760.0
2.0,10461.0,2811.0,3102.0,6412.0,0.0,0.0,2172.0,930.0,2008.0,803.0
2.0,14062.0,3303.0,3095.0,2019.0,0.0,0.0,2168.0,927.0,2331.0,972.0
2.0,12778.0,3574.0,3105.0,0.0,3216.0,3216.0,2175.0,930.0,2482.0,1092.0
2.0,9204.0,3432.0,3121.0,0.0,6712.0,6712.0,2185.0,936.0,2362.0,1070.0
2.0,5772.0,2933.0,3129.0,3216.0,6461.0,6461.0,2189.0,940.0,2033.0,900.0
2.0,6055.0,2618.0,3118.0,6712.0,2323.0,2323.0,2182.0,936.0,1852.0,766.0
2.0,10149.0,2749.0,3101.0,6461.0,0.0,0.0,2171.0,930.0,1967.0,782.0
2.0,13861.0,3290.0,3094.0,2323.0,0.0,0.0,2167.0,927.0,2325.0,965.0
2.0,12894.0,3615.0,3108.0,0.0,3153.0,3153.0,2177.0,931.0,2511.0,1104.0
2.0,9279.0,3380.0,3128.0,0.0,6613.0,6613.0,2190.0,938.0,2325.0,1055.0
2.0,5899.0,2888.0,3136.0,3153.0,6380.0,6380.0,2194.0,942.0,1999.0,889.0
2.0,6164.0,2617.0,3124.0,6613.0,2336.0,2336.0,2186.0,938.0,1852.0,765.0
2.0,10160.0,2857.0,3107.0,6380.0,0.0,0.0,2175.0,932.0,2044.0,813.0
2.0,13683.0,3338.0,3100.0,2336.0,0.0,0.0,2172.0,928.0,2361.0,977.0
2.0,12681.0,3604.0,3112.0,0.0,3371.0,3371.0,2180.0,932.0,2502.0,1102.0
2.0,9077.0,3346.0,3131.0,0.0,6793.0,6793.0,2192.0,939.0,2296.0,1050.0
2.0,5731.0,2853.0,3139.0,3371.0,6307.0,6307.0,2196.0,943.0,1973.0,880.0
2.0,6249.0,2612.0,3127.0,6793.0,2078.0,2078.0,2188.0,939.0,1851.0,761.0
2.0,10430.0,2984.0,3112.0,6307.0,0.0,0.0,2179.0,933.0,2135.0,849.0
2.0,13753.0,3490.0,3109.0,2078.0,95.0,95.0,2178.0,931.0,2468.0,1022.0
2.0,12341.0,3639.0,3122.0,0.0,3786.0,3786.0,2187.0,935.0,2526.0,1113.0
2.0,8702.0,3260.0,3137.0,95.0,7011.0,7011.0,2196.0,941.0,2236.0,1024.0
2.0,5537.0,2803.0,3140.0,3786.0,6040.0,6040.0,2197.0,943.0,1936.0,867.0
2.0,6520.0,2718.0,3130.0,7011.0,1707.0,1707.0,2190.0,940.0,1924.0,794.0
2.0,10813.0,3097.0,3120.0,6040.0,0.0,0.0,2184.0,936.0,2217.0,880.0
2.0,13756.0,3470.0,3118.0,1707.0,479.0,479.0,2184.0,934.0,2457.0,1013.0
2.0,11993.0,3494.0,3125.0,0.0,4001.0,4001.0,2189.0,936.0,2425.0,1069.0
2.0,8499.0,3224.0,3138.0,479.0,6798.0,6798.0,2197.0,941.0,2207.0,1017.0
2.0,5754.0,2864.0,3142.0,4001.0,5677.0,5677.0,2198.0,944.0,1976.0,888.0
2.0,6891.0,2831.0,3136.0,6798.0,1686.0,1686.0,2194.0,942.0,2004.0,827.0
2.0,10858.0,3094.0,3125.0,5677.0,0.0,0.0,2188.0,937.0,2217.0,877.0
2.0,13441.0,3395.0,3122.0,1686.0,756.0,756.0,2187.0,935.0,2404.0,991.0
2.0,11732.0,3467.0,3131.0,0.0,4259.0,4259.0,2193.0,938.0,2405.0,1062.0
2.0,8265.0,3219.0,3141.0,756.0,6762.0,6762.0,2199.0,942.0,2203.0,1016.0
2.0,5802.0,2923.0,3142.0,4259.0,5430.0,5430.0,2198.0,944.0,2018.0,905.0
2.0,7138.0,2817.0,3133.0,6762.0,1449.0,1449.0,2192.0,941.0,1994.0,823.0
2.0,11083.0,3001.0,3124.0,5430.0,0.0,0.0,2187.0,937.0,2151.0,850.0
2.0,13512.0,3335.0,3122.0,1449.0,862.0,862.0,2187.0,935.0,2363.0,972.0
2.0,11626.0,3526.0,3133.0,0.0,4432.0,4432.0,2195.0,938.0,2448.0,1078.0
2.0,8100.0,3327.0,3144.0,862.0,6941.0,6941.0,2201.0,943.0,2280.0,1047.0
2.0,5635.0,2922.0,3144.0,4432.0,5431.0,5431.0,2200.0,944.0,2017.0,905.0
2.0,7145.0,2767.0,3133.0,6941.0,1213.0,1213.0,2192.0,941.0,1958.0,809.0
2.0,11319.0,3069.0,3122.0,5431.0,0.0,0.0,2186.0,936.0,2199.0,870.0
2.0,13681.0,3453.0,3123.0,1213.0,1051.0,1051.0,2188.0,935.0,2446.0,1007.0
2.0,11441.0,3607.0,3136.0,0.0,4710.0,4710.0,2197.0,939.0,2503.0,1104.0
2.0,7834.0,3310.0,3150.0,1051.0,7025.0,7025.0,2205.0,945.0,2266.0,1044.0
2.0,5575.0,2841.0,3149.0,4710.0,5152.0,5152.0,2203.0,946.0,1960.0,881.0
2.0,7444.0,2662.0,3134.0,7025.0,729.0,729.0,2193.0,941.0,1885.0,777.0
2.0,11807.0,2942.0,3121.0,5152.0,0.0,0.0,2185.0,936.0,2110.0,832.0
2.0,14017.0,3391.0,3120.0,729.0,1125.0,1125.0,2186.0,934.0,2406.0,985.0
2.0,11355.0,3573.0,3133.0,0.0,4750.0,4750.0,2195.0,938.0,2483.0,1090.0
2.0,7782.0,3349.0,3148.0,1125.0,7034.0,7034.0,2204.0,944.0,2291.0,1058.0
2.0,5558.0,2916.0,3150.0,4750.0,5208.0,5208.0,2204.0,946.0,2007.0,909.0
2.0,7392.0,2738.0,3139.0,7034.0,868.0,868.0,2196.0,943.0,1937.0,801.0
2.0,11688.0,2987.0,3128.0,5208.0,0.0,0.0,2190.0,938.0,2144.0,843.0
2.0,13909.0,3362.0,3126.0,868.0,1089.0,1089.0,2190.0,936.0,2388.0,974.0
2.0,11415.0,3588.0,3139.0,0.0,4729.0,4729.0,2199.0,940.0,2493.0,1095.0
2.0,7827.0,3387.0,3154.0,1089.0,7087.0,7087.0,2208.0,946.0,2318.0,1069.0
2.0,5529.0,2995.0,3159.0,4729.0,5373.0,5373.0,2210.0,949.0,2062.0,933.0
2.0,7263.0,2761.0,3149.0,7087.0,1007.0,1007.0,2203.0,946.0,1951.0,810.0
2.0,11589.0,2969.0,3136.0,5373.0,0.0,0.0,2195.0,941.0,2131.0,838.0
2.0,13993.0,3360.0,3135.0,1007.0,900.0,900.0,2196.0,939.0,2388.0,972.0
2.0,11640.0,3528.0,3148.0,0.0,4480.0,4480.0,2205.0,943.0,2453.0,1075.0
2.0,8112.0,3274.0,3161.0,900.0,6906.0,6906.0,2213.0,948.0,2239.0,1035.0
2.0,5738.0,2908.0,3162.0,4480.0,5338.0,5338.0,2212.0,950.0,1998.0,910.0
2.0,7310.0,2832.0,3152.0,6906.0,1224.0,1224.0,2205.0,947.0,1999.0,833.0
2.0,11384.0,3054.0,3141.0,5338.0,0.0,0.0,2199.0,942.0,2192.0,862.0
2.0,13668.0,3431.0,3143.0,1224.0,1111.0,1111.0,2202.0,941.0,2439.0,992.0
2.0,11461.0,3586.0,3157.0,0.0,4753.0,4753.0,2212.0,945.0,2492.0,1094.0
2.0,7875.0,3329.0,3171.0,1111.0,7027.0,7027.0,2220.0,951.0,2276.0,1053.0
2.0,5657.0,2919.0,3169.0,4753.0,5185.0,5185.0,2217.0,952.0,2006.0,913.0
2.0,7491.0,2741.0,3155.0,7027.0,843.0,843.0,2207.0,948.0,1937.0,804.0
2.0,11777.0,2963.0,3141.0,5185.0,0.0,0.0,2199.0,942.0,2130.0,833.0
2.0,13999.0,3357.0,3143.0,843.0,1087.0,1087.0,2202.0,941.0,2388.0,969.0
2.0,11485.0,3545.0,3158.0,0.0,4692.0,4692.0,2212.0,946.0,2464.0,1081.0
2.0,7940.0,3440.0,3172.0,1087.0,7101.0,7101.0,2221.0,951.0,2354.0,1086.0
2.0,5587.0,3068.0,3172.0,4692.0,5477.0,5477.0,2219.0,953.0,2111.0,957.0
2.0,7211.0,2826.0,3159.0,7101.0,1150.0,1150.0,2210.0,949.0,1994.0,832.0
2.0,11486.0,2970.0,3149.0,5477.0,0.0,0.0,2204.0,945.0,2133.0,837.0
2.0,13993.0,3307.0,3151.0,1150.0,768.0,768.0,2207.0,944.0,2353.0,954.0
2.0,11836.0,3579.0,3164.0,0.0,4399.0,4399.0,2217.0,947.0,2488.0,1091.0
2.0,8257.0,3453.0,3176.0,768.0,7132.0,7132.0,2224.0,952.0,2362.0,1091.0
2.0,5572.0,3079.0,3176.0,4399.0,5812.0,5812.0,2222.0,954.0,2119.0,960.0
2.0,6892.0,2861.0,3165.0,7132.0,1497.0,1497.0,2214.0,951.0,2021.0,840.0
2.0,11163.0,3003.0,3157.0,5812.0,0.0,0.0,2210.0,947.0,2157.0,846.0
2.0,13972.0,3293.0,3158.0,1497.0,456.0,456.0,2212.0,946.0,2342.0,951.0
2.0,12176.0,3481.0,3169.0,0.0,3981.0,3981.0,2220.0,949.0,2420.0,1061.0
2.0,8695.0,3406.0,3181.0,456.0,6979.0,6979.0,2227.0,954.0,2329.0,1077.0
2.0,5745.0,3195.0,3183.0,3981.0,6201.0,6201.0,2227.0,956.0,2198.0,997.0
2.0,6531.0,2967.0,3177.0,6979.0,2165.0,2165.0,2222.0,955.0,2094.0,873.0
2.0,10543.0,3004.0,3167.0,6201.0,0.0,0.0,2217.0,950.0,2160.0,844.0
2.0,13740.0,3161.0,3163.0,2165.0,0.0,0.0,2216.0,947.0,2253.0,908.0
2.0,12744.0,3334.0,3172.0,0.0,3278.0,3278.0,2222.0,950.0,2317.0,1017.0
2.0,9410.0,3361.0,3183.0,0.0,6683.0,6683.0,2229.0,954.0,2297.0,1064.0
2.0,6049.0,3207.0,3186.0,3278.0,6624.0,6624.0,2229.0,957.0,2205.0,1002.0
2.0,6120.0,3076.0,3178.0,6683.0,2985.0,2985.0,2223.0,955.0,2168.0,908.0
2.0,9727.0,3028.0,3167.0,6624.0,0.0,0.0,2217.0,950.0,2176.0,852.0
2.0,13323.0,3031.0,3162.0,2985.0,0.0,0.0,2215.0,947.0,2162.0,869.0
2.0,13277.0,3184.0,3169.0,0.0,2583.0,2583.0,2220.0,949.0,2214.0,970.0
2.0,10093.0,3354.0,3182.0,0.0,5989.0,5989.0,2228.0,954.0,2294.0,1060.0
2.0,6739.0,3347.0,3189.0,2583.0,6781.0,6781.0,2231.0,958.0,2301.0,1046.0
2.0,5975.0,3219.0,3187.0,5989.0,4003.0,4003.0,2229.0,958.0,2268.0,951.0
2.0,8745.0,3107.0,3177.0,6781.0,289.0,289.0,2224.0,953.0,2230.0,877.0
2.0,12419.0,3109.0,3172.0,4003.0,0.0,0.0,2222.0,950.0,2218.0,891.0
2.0,13313.0,3240.0,3179.0,289.0,2354.0,2354.0,2227.0,952.0,2253.0,987.0
2.0,10362.0,3258.0,3189.0,0.0,5652.0,5652.0,2233.0,956.0,2224.0,1034.0
2.0,7104.0,3235.0,3193.0,2354.0,6549.0,6549.0,2234.0,959.0,2223.0,1012.0
2.0,6223.0,3144.0,3190.0,5652.0,4029.0,4029.0,2231.0,959.0,2217.0,927.0
2.0,8731.0,3097.0,3180.0,6549.0,537.0,537.0,2226.0,954.0,2226.0,871.0
2.0,12183.0,3117.0,3175.0,4029.0,0.0,0.0,2224.0,951.0,2224.0,893.0
2.0,13095.0,3241.0,3180.0,537.0,2329.0,2329.0,2228.0,952.0,2253.0,988.0
2.0,10391.0,3377.0,3192.0,0.0,5754.0,5754.0,2235.0,957.0,2306.0,1071.0
2.0,7014.0,3337.0,3199.0,2329.0,6790.0,6790.0,2238.0,961.0,2294.0,1043.0
2.0,6006.0,3144.0,3194.0,5754.0,4160.0,4160.0,2234.0,960.0,2217.0,927.0
2.0,8616.0,2986.0,3184.0,6790.0,316.0,316.0,2229.0,955.0,2150.0,836.0
2.0,12420.0,2992.0,3179.0,4160.0,0.0,0.0,2227.0,952.0,2135.0,857.0
2.0,13588.0,3150.0,3183.0,316.0,1978.0,1978.0,2230.0,953.0,2186.0,964.0
2.0,10754.0,3368.0,3194.0,0.0,5390.0,5390.0,2236.0,958.0,2298.0,1070.0
2.0,7386.0,3420.0,3200.0,1978.0,6856.0,6856.0,2239.0,961.0,2355.0,1065.0
2.0,5944.0,3239.0,3197.0,5390.0,4693.0,4693.0,2236.0,961.0,2288.0,951.0
2.0,8095.0,2996.0,3186.0,6856.0,789.0,789.0,2230.0,956.0,2157.0,839.0
2.0,11955.0,2860.0,3176.0,4693.0,0.0,0.0,2225.0,951.0,2043.0,817.0
2.0,13788.0,3011.0,3178.0,789.0,1146.0,1146.0,2227.0,951.0,2089.0,922.0
2.0,11566.0,3387.0,3191.0,0.0,4585.0,4585.0,2234.0,957.0,2310.0,1077.0
2.0,8179.0,3569.0,3202.0,1146.0,7052.0,7052.0,2240.0,962.0,2456.0,1113.0
2.0,5756.0,3383.0,3203.0,4585.0,5854.0,5854.0,2240.0,963.0,2388.0,995.0
2.0,6958.0,3094.0,3194.0,7052.0,1860.0,1860.0,2236.0,958.0,2228.0,866.0
2.0,10916.0,2909.0,3184.0,5854.0,0.0,0.0,2230.0,954.0,2078.0,831.0
2.0,13861.0,3026.0,3183.0,1860.0,37.0,37.0,2230.0,953.0,2099.0,927.0
2.0,12695.0,3325.0,3192.0,0.0,3398.0,3398.0,2235.0,957.0,2267.0,1058.0
2.0,9370.0,3483.0,3203.0,37.0,6888.0,6888.0,2241.0,962.0,2397.0,1086.0
2.0,5924.0,3385.0,3204.0,3398.0,6879.0,6879.0,2241.0,963.0,2389.0,996.0
2.0,5937.0,3105.0,3195.0,6888.0,3060.0,3060.0,2236.0,959.0,2234.0,871.0
2.0,9720.0,2964.0,3186.0,6879.0,0.0,0.0,2232.0,954.0,2117.0,847.0
2.0,13635.0,3008.0,3184.0,3060.0,0.0,0.0,2231.0,953.0,2086.0,922.0
2.0,13687.0,3274.0,3192.0,0.0,2355.0,2355.0,2235.0,957.0,2230.0,1044.0
2.0,10413.0,3528.0,3202.0,0.0,5923.0,5923.0,2240.0,962.0,2429.0,1099.0
2.0,6885.0,3554.0,3207.0,2355.0,7142.0,7142.0,2243.0,964.0,2509.0,1045.0
2.0,5686.0,3247.0,3203.0,5923.0,4450.0,4450.0,2242.0,961.0,2335.0,912.0
2.0,8362.0,2938.0,3193.0,7142.0,206.0,206.0,2237.0,956.0,2095.0,843.0
2.0,12566.0,2945.0,3189.0,4450.0,0.0,0.0,2234.0,955.0,2038.0,907.0
2.0,14071.0,3286.0,3195.0,206.0,1789.0,1789.0,2237.0,958.0,2241.0,1045.0
2.0,10991.0,3586.0,3206.0,0.0,5419.0,5419.0,2243.0,963.0,2475.0,1111.0
2.0,7405.0,3530.0,3214.0,1789.0,7192.0,7192.0,2248.0,966.0,2494.0,1036.0
2.0,5664.0,3198.0,3210.0,5419.0,4955.0,4955.0,2247.0,963.0,2298.0,900.0
2.0,7885.0,2899.0,3202.0,7192.0,630.0,630.0,2243.0,959.0,2067.0,832.0
2.0,12178.0,2905.0,3196.0,4955.0,0.0,0.0,2239.0,957.0,2009.0,896.0
2.0,14228.0,3266.0,3199.0,630.0,1204.0,1204.0,2240.0,959.0,2224.0,1042.0
2.0,11592.0,3586.0,3210.0,0.0,4834.0,4834.0,2246.0,964.0,2474.0,1112.0
2.0,8006.0,3540.0,3221.0,1204.0,7214.0,7214.0,2253.0,968.0,2504.0,1036.0
2.0,5670.0,3154.0,3220.0,4834.0,5530.0,5530.0,2254.0,966.0,2270.0,884.0
2.0,7350.0,2821.0,3209.0,7214.0,1093.0,1093.0,2248.0,961.0,2011.0,810.0
2.0,11743.0,2932.0,3201.0,5530.0,0.0,0.0,2243.0,958.0,2028.0,904.0
2.0,14341.0,3318.0,3203.0,1093.0,696.0,696.0,2243.0,960.0,2262.0,1056.0
2.0,12116.0,3613.0,3213.0,0.0,4349.0,4349.0,2248.0,965.0,2493.0,1120.0
2.0,8503.0,3487.0,3221.0,696.0,7172.0,7172.0,2253.0,968.0,2466.0,1021.0
2.0,5712.0,3141.0,3219.0,4349.0,5956.0,5956.0,2253.0,966.0,2260.0,881.0
2.0,6920.0,2924.0,3212.0,7172.0,1680.0,1680.0,2250.0,962.0,2083.0,841.0
2.0,11168.0,3006.0,3207.0,5956.0,0.0,0.0,2247.0,960.0,2079.0,927.0
2.0,14118.0,3315.0,3211.0,1680.0,361.0,361.0,2248.0,963.0,2258.0,1057.0
2.0,12483.0,3544.0,3219.0,0.0,3937.0,3937.0,2252.0,967.0,2445.0,1099.0
2.0,8939.0,3407.0,3225.0,361.0,7007.0,7007.0,2256.0,969.0,2412.0,995.0
2.0,5893.0,3036.0,3221.0,3937.0,6090.0,6090.0,2255.0,966.0,2187.0,849.0
2.0,6794.0,2778.0,3209.0,7007.0,1813.0,1813.0,2248.0,961.0,1981.0,797.0
2.0,11023.0,2933.0,3202.0,6090.0,0.0,0.0,2243.0,959.0,2028.0,905.0
2.0,14180.0,3353.0,3206.0,1813.0,184.0,184.0,2245.0,961.0,2286.0,1067.0
2.0,12640.0,3580.0,3217.0,0.0,3808.0,3808.0,2251.0,966.0,2470.0,1110.0
2.0,9060.0,3482.0,3227.0,184.0,7146.0,7146.0,2257.0,970.0,2461.0,1021.0
2.0,5762.0,3120.0,3226.0,3808.0,6454.0,6454.0,2258.0,968.0,2245.0,875.0
2.0,6450.0,2907.0,3217.0,7146.0,2179.0,2179.0,2254.0,963.0,2074.0,833.0
2.0,10689.0,2961.0,3208.0,6454.0,0.0,0.0,2248.0,960.0,2051.0,910.0
2.0,14182.0,3238.0,3208.0,2179.0,0.0,0.0,2246.0,962.0,2206.0,1032.0
2.0,13123.0,3529.0,3219.0,0.0,3282.0,3282.0,2252.0,967.0,2430.0,1099.0
2.0,9594.0,3441.0,3230.0,0.0,6767.0,6767.0,2259.0,971.0,2429.0,1012.0
2.0,6153.0,3201.0,3233.0,3282.0,6698.0,6698.0,2263.0,970.0,2301.0,900.0
2.0,6234.0,3035.0,3226.0,6767.0,2938.0,2938.0,2260.0,966.0,2166.0,869.0
2.0,9966.0,3055.0,3217.0,6698.0,0.0,0.0,2254.0,963.0,2120.0,935.0
2.0,13609.0,3272.0,3215.0,2938.0,0.0,0.0,2251.0,964.0,2232.0,1040.0
2.0,13275.0,3447.0,3222.0,0.0,3060.0,3060.0,2254.0,968.0,2372.0,1075.0
2.0,9828.0,3501.0,3233.0,0.0,6605.0,6605.0,2261.0,972.0,2468.0,1033.0
2.0,6327.0,3278.0,3238.0,3060.0,6843.0,6843.0,2266.0,972.0,2353.0,925.0
2.0,6109.0,2992.0,3232.0,6605.0,3206.0,3206.0,2264.0,968.0,2136.0,856.0
2.0,9722.0,2986.0,3221.0,6843.0,0.0,0.0,2257.0,964.0,2075.0,911.0
2.0,13579.0,3296.0,3220.0,3206.0,0.0,0.0,2255.0,965.0,2249.0,1047.0
2.0,13489.0,3591.0,3229.0,0.0,3018.0,3018.0,2259.0,970.0,2472.0,1119.0
2.0,9898.0,3552.0,3241.0,0.0,6618.0,6618.0,2267.0,974.0,2503.0,1049.0
2.0,6346.0,3225.0,3245.0,3018.0,6841.0,6841.0,2271.0,974.0,2316.0,909.0
2.0,6139.0,2938.0,3239.0,6618.0,3137.0,3137.0,2269.0,970.0,2099.0,839.0
2.0,9819.0,2938.0,3227.0,6841.0,0.0,0.0,2261.0,966.0,2041.0,897.0
2.0,13722.0,3274.0,3222.0,3137.0,0.0,0.0,2256.0,966.0,2233.0,1041.0
2.0,13585.0,3594.0,3229.0,0.0,2925.0,2925.0,2259.0,970.0,2474.0,1120.0
2.0,9991.0,3611.0,3241.0,0.0,6584.0,6584.0,2267.0,974.0,2546.0,1065.0
2.0,6380.0,3325.0,3249.0,2925.0,7016.0,7016.0,2274.0,975.0,2385.0,940.0
2.0,5980.0,3042.0,3244.0,6584.0,3454.0,3454.0,2273.0,971.0,2170.0,872.0
2.0,9522.0,2968.0,3232.0,7016.0,0.0,0.0,2265.0,967.0,2061.0,907.0
2.0,13570.0,3186.0,3225.0,3454.0,0.0,0.0,2258.0,967.0,2173.0,1013.0
2.0,13838.0,3476.0,3231.0,0.0,2562.0,2562.0,2260.0,971.0,2394.0,1082.0
2.0,10362.0,3570.0,3244.0,0.0,6184.0,6184.0,2269.0,975.0,2517.0,1053.0
2.0,6792.0,3287.0,3251.0,2562.0,6937.0,6937.0,2276.0,975.0,2358.0,929.0
2.0,6067.0,2996.0,3246.0,6184.0,3729.0,3729.0,2274.0,972.0,2134.0,862.0
2.0,9255.0,2927.0,3233.0,6937.0,0.0,0.0,2265.0,968.0,2029.0,898.0
2.0,13265.0,3202.0,3226.0,3729.0,0.0,0.0,2259.0,967.0,2186.0,1016.0
2.0,13792.0,3492.0,3233.0,0.0,2632.0,2632.0,2262.0,971.0,2409.0,1083.0
2.0,10300.0,3595.0,3248.0,0.0,6287.0,6287.0,2272.0,976.0,2539.0,1056.0
2.0,6705.0,3330.0,3256.0,2632.0,7017.0,7017.0,2279.0,977.0,2388.0,942.0
2.0,6007.0,3054.0,3250.0,6287.0,3760.0,3760.0,2277.0,973.0,2172.0,882.0
2.0,9240.0,2976.0,3238.0,7017.0,0.0,0.0,2269.0,969.0,2061.0,915.0
2.0,13281.0,3147.0,3232.0,3760.0,0.0,0.0,2263.0,969.0,2147.0,1000.0
2.0,13894.0,3399.0,3236.0,0.0,2449.0,2449.0,2264.0,972.0,2346.0,1053.0
2.0,10495.0,3553.0,3249.0,0.0,6054.0,6054.0,2273.0,976.0,2510.0,1043.0
2.0,6942.0,3362.0,3256.0,2449.0,6995.0,6995.0,2279.0,977.0,2410.0,952.0
2.0,6029.0,3091.0,3252.0,6054.0,4016.0,4016.0,2278.0,974.0,2199.0,892.0
2.0,8992.0,2980.0,3240.0,6995.0,0.0,0.0,2270.0,970.0,2062.0,918.0
2.0,13007.0,3082.0,3234.0,4016.0,0.0,0.0,2264.0,970.0,2098.0,984.0
2.0,13941.0,3351.0,3241.0,0.0,2374.0,2374.0,2267.0,974.0,2312.0,1039.0
2.0,10590.0,3558.0,3255.0,0.0,5988.0,5988.0,2277.0,978.0,2516.0,1042.0
2.0,7032.0,3494.0,3266.0,2374.0,7152.0,7152.0,2286.0,980.0,2506.0,988.0
2.0,5912.0,3234.0,3264.0,5988.0,4390.0,4390.0,2287.0,977.0,2297.0,937.0
2.0,8666.0,2971.0,3253.0,7152.0,165.0,165.0,2279.0,974.0,2054.0,917.0
2.0,12847.0,2968.0,3242.0,4390.0,0.0,0.0,2270.0,972.0,2019.0,949.0
2.0,14269.0,3313.0,3246.0,165.0,1863.0,1863.0,2271.0,975.0,2285.0,1028.0
2.0,11121.0,3561.0,3258.0,0.0,5472.0,5472.0,2279.0,979.0,2520.0,1041.0
2.0,7560.0,3489.0,3269.0,1863.0,7142.0,7142.0,2288.0,981.0,2501.0,988.0
2.0,5934.0,3231.0,3269.0,5472.0,4901.0,4901.0,2290.0,979.0,2296.0,935.0
2.0,8175.0,3055.0,3260.0,7142.0,778.0,778.0,2284.0,976.0,2113.0,942.0
2.0,12262.0,3082.0,3252.0,4901.0,0.0,0.0,2277.0,975.0,2099.0,983.0
2.0,14081.0,3280.0,3254.0,778.0,1437.0,1437.0,2277.0,977.0,2263.0,1017.0
2.0,11579.0,3479.0,3262.0,0.0,4948.0,4948.0,2282.0,980.0,2461.0,1018.0
2.0,8100.0,3447.0,3270.0,1437.0,6990.0,6990.0,2289.0,981.0,2472.0,975.0
2.0,6090.0,3286.0,3270.0,4948.0,5328.0,5328.0,2291.0,979.0,2332.0,954.0
2.0,7752.0,3137.0,3264.0,6990.0,1451.0,1451.0,2287.0,977.0,2170.0,967.0
2.0,11605.0,3104.0,3257.0,5328.0,0.0,0.0,2280.0,977.0,2114.0,990.0
2.0,13829.0,3242.0,3256.0,1451.0,986.0,986.0,2278.0,978.0,2238.0,1004.0
2.0,12038.0,3413.0,3265.0,0.0,4435.0,4435.0,2284.0,981.0,2418.0,995.0
2.0,8625.0,3449.0,3273.0,986.0,6930.0,6930.0,2291.0,982.0,2475.0,974.0
2.0,6162.0,3317.0,3273.0,4435.0,5812.0,5812.0,2293.0,980.0,2354.0,963.0
2.0,7280.0,3148.0,3266.0,6930.0,2002.0,2002.0,2288.0,978.0,2175.0,973.0
2.0,11062.0,3122.0,3257.0,5812.0,0.0,0.0,2280.0,977.0,2122.0,1000.0
2.0,13752.0,3214.0,3256.0,2002.0,484.0,484.0,2278.0,978.0,2218.0,996.0
2.0,12540.0,3391.0,3265.0,0.0,3911.0,3911.0,2284.0,981.0,2403.0,988.0
2.0,9149.0,3452.0,3276.0,484.0,6923.0,6923.0,2293.0,983.0,2479.0,973.0
2.0,6181.0,3385.0,3277.0,3911.0,6401.0,6401.0,2296.0,981.0,2404.0,981.0
2.0,6707.0,3213.0,3270.0,6923.0,2663.0,2663.0,2291.0,979.0,2221.0,992.0
2.0,10417.0,3184.0,3262.0,6401.0,0.0,0.0,2284.0,978.0,2165.0,1019.0
2.0,13634.0,3328.0,3262.0,2663.0,79.0,79.0,2282.0,980.0,2294.0,1034.0
2.0,12969.0,3458.0,3270.0,0.0,3569.0,3569.0,2287.0,983.0,2449.0,1009.0
2.0,9511.0,3436.0,3279.0,79.0,6962.0,6962.0,2295.0,984.0,2471.0,965.0
2.0,6154.0,3289.0,3280.0,3569.0,6686.0,6686.0,2298.0,982.0,2341.0,948.0
2.0,6434.0,3141.0,3274.0,6962.0,2841.0,2841.0,2294.0,980.0,2169.0,972.0
2.0,10255.0,3068.0,3265.0,6686.0,0.0,0.0,2286.0,979.0,2081.0,987.0
2.0,13873.0,3251.0,3264.0,2841.0,0.0,0.0,2283.0,981.0,2239.0,1012.0
2.0,13463.0,3477.0,3274.0,0.0,3110.0,3110.0,2290.0,984.0,2464.0,1013.0
2.0,9986.0,3547.0,3285.0,0.0,6701.0,6701.0,2300.0,985.0,2548.0,999.0
2.0,6439.0,3372.0,3289.0,3110.0,6979.0,6979.0,2304.0,985.0,2397.0,975.0
2.0,6177.0,3150.0,3282.0,6701.0,3400.0,3400.0,2299.0,983.0,2178.0,972.0
2.0,9728.0,2995.0,3271.0,6979.0,0.0,0.0,2290.0,981.0,2032.0,963.0
2.0,13712.0,3187.0,3268.0,3400.0,0.0,0.0,2286.0,982.0,2193.0,994.0
2.0,13925.0,3468.0,3275.0,0.0,2643.0,2643.0,2291.0,984.0,2456.0,1012.0
2.0,10457.0,3594.0,3287.0,0.0,6285.0,6285.0,2301.0,986.0,2581.0,1013.0
2.0,6863.0,3451.0,3293.0,2643.0,7117.0,7117.0,2307.0,986.0,2454.0,997.0
2.0,6055.0,3129.0,3288.0,6285.0,3941.0,3941.0,2304.0,984.0,2162.0,967.0
2.0,9211.0,2979.0,3277.0,7117.0,0.0,0.0,2294.0,983.0,2019.0,960.0
2.0,13349.0,3145.0,3273.0,3941.0,0.0,0.0,2290.0,983.0,2165.0,980.0
2.0,14145.0,3493.0,3281.0,0.0,2472.0,2472.0,2295.0,986.0,2475.0,1018.0
2.0,10652.0,3716.0,3294.0,0.0,6240.0,6240.0,2306.0,988.0,2667.0,1049.0
2.0,6936.0,3535.0,3303.0,2472.0,7339.0,7339.0,2314.0,989.0,2509.0,1026.0
2.0,5873.0,3043.0,3297.0,6240.0,4118.0,4118.0,2310.0,987.0,2102.0,941.0
2.0,9070.0,2770.0,3282.0,7339.0,0.0,0.0,2298.0,984.0,1877.0,893.0
2.0,13639.0,3014.0,3273.0,4118.0,0.0,0.0,2290.0,983.0,2076.0,938.0
2.0,14743.0,3577.0,3279.0,0.0,1950.0,1950.0,2294.0,985.0,2531.0,1046.0
2.0,11166.0,3867.0,3297.0,0.0,5889.0,5889.0,2308.0,989.0,2769.0,1098.0
2.0,7299.0,3530.0,3307.0,1950.0,7509.0,7509.0,2317.0,990.0,2506.0,1024.0
2.0,5719.0,2953.0,3301.0,5889.0,4549.0,4549.0,2313.0,988.0,2039.0,914.0
2.0,8655.0,2738.0,3285.0,7509.0,0.0,0.0,2300.0,985.0,1856.0,882.0
2.0,13426.0,3157.0,3279.0,4549.0,0.0,0.0,2294.0,985.0,2176.0,981.0
2.0,14818.0,3710.0,3288.0,0.0,2044.0,2044.0,2300.0,988.0,2624.0,1086.0
2.0,11108.0,3855.0,3303.0,0.0,5959.0,5959.0,2312.0,991.0,2760.0,1095.0
2.0,7253.0,3426.0,3310.0,2044.0,7369.0,7369.0,2319.0,991.0,2434.0,992.0
2.0,5871.0,2844.0,3301.0,5959.0,4218.0,4218.0,2313.0,988.0,1965.0,879.0
2.0,8986.0,2701.0,3287.0,7369.0,0.0,0.0,2301.0,986.0,1829.0,872.0
2.0,13654.0,3152.0,3281.0,4218.0,0.0,0.0,2295.0,986.0,2168.0,984.0
2.0,14720.0,3822.0,3291.0,0.0,2266.0,2266.0,2302.0,989.0,2700.0,1122.0
2.0,10898.0,3964.0,3307.0,0.0,6294.0,6294.0,2315.0,992.0,2838.0,1126.0
2.0,6934.0,3434.0,3313.0,2266.0,7486.0,7486.0,2321.0,992.0,2444.0,990.0
2.0,5766.0,2773.0,3304.0,6294.0,3929.0,3929.0,2315.0,989.0,1918.0,855.0
2.0,9287.0,2624.0,3289.0,7486.0,0.0,0.0,2303.0,986.0,1774.0,850.0
2.0,14149.0,3268.0,3285.0,3929.0,0.0,0.0,2298.0,987.0,2248.0,1020.0
2.0,14810.0,3982.0,3298.0,0.0,2364.0,2364.0,2307.0,991.0,2809.0,1173.0
2.0,10828.0,4035.0,3316.0,0.0,6471.0,6471.0,2321.0,995.0,2886.0,1149.0
2.0,6793.0,3368.0,3320.0,2364.0,7491.0,7491.0,2326.0,994.0,2398.0,970.0
2.0,5789.0,2698.0,3310.0,6471.0,3678.0,3678.0,2319.0,991.0,1867.0,831.0
2.0,9562.0,2676.0,3297.0,7491.0,0.0,0.0,2308.0,989.0,1813.0,863.0
2.0,14377.0,3286.0,3294.0,3678.0,0.0,0.0,2304.0,990.0,2262.0,1024.0
2.0,14769.0,3902.0,3304.0,0.0,2349.0,2349.0,2311.0,993.0,2754.0,1148.0
2.0,10867.0,3985.0,3318.0,0.0,6390.0,6390.0,2323.0,995.0,2852.0,1133.0
2.0,6882.0,3387.0,3322.0,2349.0,7444.0,7444.0,2327.0,995.0,2410.0,977.0
2.0,5844.0,2762.0,3311.0,6390.0,3772.0,3772.0,2320.0,991.0,1910.0,852.0
2.0,9472.0,2737.0,3298.0,7444.0,0.0,0.0,2309.0,989.0,1855.0,882.0
2.0,14179.0,3327.0,3295.0,3772.0,0.0,0.0,2305.0,990.0,2290.0,1037.0
2.0,14624.0,3940.0,3308.0,0.0,2548.0,2548.0,2314.0,994.0,2780.0,1160.0
2.0,10684.0,3950.0,3323.0,0.0,6558.0,6558.0,2326.0,997.0,2827.0,1123.0
2.0,6734.0,3313.0,3328.0,2548.0,7343.0,7343.0,2332.0,996.0,2358.0,955.0
2.0,5969.0,2673.0,3317.0,6558.0,3414.0,3414.0,2324.0,993.0,1848.0,825.0
2.0,9854.0,2668.0,3301.0,7343.0,0.0,0.0,2311.0,990.0,1806.0,862.0
2.0,14529.0,3391.0,3298.0,3414.0,0.0,0.0,2307.0,991.0,2337.0,1054.0
2.0,14552.0,4045.0,3311.0,0.0,2737.0,2737.0,2316.0,995.0,2857.0,1188.0
2.0,10507.0,4001.0,3327.0,0.0,6802.0,6802.0,2329.0,998.0,2864.0,1137.0
2.0,6506.0,3267.0,3333.0,2737.0,7356.0,7356.0,2335.0,998.0,2323.0,944.0
2.0,5976.0,2587.0,3321.0,6802.0,3093.0,3093.0,2327.0,994.0,1784.0,803.0
2.0,10191.0,2624.0,3305.0,7356.0,0.0,0.0,2314.0,991.0,1774.0,850.0
2.0,14923.0,3387.0,3301.0,3093.0,0.0,0.0,2309.0,992.0,2335.0,1052.0
2.0,14629.0,4130.0,3314.0,0.0,2757.0,2757.0,2318.0,996.0,2919.0,1211.0
2.0,10499.0,4138.0,3334.0,0.0,6975.0,6975.0,2334.0,1000.0,2960.0,1178.0
2.0,6361.0,3309.0,3340.0,2757.0,7551.0,7551.0,2340.0,1000.0,2352.0,957.0
2.0,5809.0,2496.0,3327.0,6975.0,3020.0,3020.0,2331.0,996.0,1720.0,776.0
2.0,10288.0,2580.0,3310.0,7551.0,0.0,0.0,2317.0,993.0,1742.0,838.0
2.0,15259.0,3511.0,3306.0,3020.0,0.0,0.0,2313.0,993.0,2422.0,1089.0
2.0,14768.0,4225.0,3319.0,0.0,2733.0,2733.0,2322.0,997.0,2986.0,1239.0
2.0,10543.0,4066.0,3339.0,0.0,6879.0,6879.0,2337.0,1002.0,2909.0,1157.0
2.0,6477.0,3225.0,3347.0,2733.0,7403.0,7403.0,2345.0,1002.0,2294.0,931.0
2.0,5985.0,2508.0,3338.0,6879.0,2996.0,2996.0,2339.0,999.0,1727.0,781.0
2.0,10356.0,2648.0,3320.0,7403.0,0.0,0.0,2324.0,996.0,1790.0,858.0
2.0,15111.0,3480.0,3312.0,2996.0,0.0,0.0,2317.0,995.0,2401.0,1079.0
2.0,14627.0,4148.0,3325.0,0.0,2821.0,2821.0,2326.0,999.0,2934.0,1214.0
2.0,10479.0,3948.0,3344.0,0.0,6845.0,6845.0,2341.0,1003.0,2829.0,1119.0
2.0,6531.0,3082.0,3350.0,2821.0,7130.0,7130.0,2347.0,1003.0,2193.0,889.0
2.0,6270.0,2488.0,3337.0,6845.0,2721.0,2721.0,2338.0,999.0,1712.0,776.0
2.0,10627.0,2697.0,3318.0,7130.0,0.0,0.0,2323.0,995.0,1823.0,874.0
2.0,15060.0,3642.0,3314.0,2721.0,0.0,0.0,2318.0,996.0,2513.0,1129.0
2.0,14139.0,4280.0,3331.0,0.0,3465.0,3465.0,2330.0,1001.0,3026.0,1254.0
2.0,9859.0,3949.0,3351.0,0.0,7494.0,7494.0,2346.0,1005.0,2832.0,1117.0
2.0,5910.0,3034.0,3358.0,3465.0,7091.0,7091.0,2353.0,1005.0,2160.0,874.0
2.0,6341.0,2466.0,3344.0,7494.0,2007.0,2007.0,2343.0,1001.0,1696.0,770.0
2.0,11369.0,2751.0,3324.0,7091.0,0.0,0.0,2327.0,997.0,1858.0,893.0
2.0,15709.0,3613.0,3318.0,2007.0,0.0,0.0,2321.0,997.0,2493.0,1120.0
2.0,14103.0,4192.0,3332.0,0.0,3417.0,3417.0,2331.0,1001.0,2966.0,1226.0
2.0,9911.0,3958.0,3354.0,0.0,7463.0,7463.0,2348.0,1006.0,2837.0,1121.0
2.0,5953.0,3155.0,3365.0,3417.0,7245.0,7245.0,2357.0,1008.0,2245.0,910.0
2.0,6215.0,2560.0,3351.0,7463.0,2286.0,2286.0,2348.0,1003.0,1762.0,798.0
2.0,11118.0,2811.0,3329.0,7245.0,0.0,0.0,2331.0,998.0,1900.0,911.0
2.0,15552.0,3622.0,3321.0,2286.0,0.0,0.0,2323.0,998.0,2498.0,1124.0
2.0,14216.0,4157.0,3336.0,0.0,3285.0,3285.0,2334.0,1002.0,2942.0,1215.0
2.0,10059.0,3883.0,3359.0,0.0,7260.0,7260.0,2351.0,1008.0,2788.0,1095.0
2.0,6176.0,3116.0,3367.0,3285.0,7123.0,7123.0,2359.0,1008.0,2219.0,897.0
2.0,6345.0,2593.0,3354.0,7260.0,2404.0,2404.0,2350.0,1004.0,1782.0,811.0
2.0,11012.0,2900.0,3335.0,7123.0,0.0,0.0,2335.0,1000.0,1962.0,938.0
2.0,15235.0,3759.0,3331.0,2404.0,0.0,0.0,2330.0,1001.0,2595.0,1164.0
2.0,13880.0,4271.0,3348.0,0.0,3783.0,3783.0,2342.0,1006.0,3023.0,1248.0
2.0,9609.0,3940.0,3370.0,0.0,7811.0,7811.0,2359.0,1011.0,2826.0,1114.0
2.0,5669.0,3020.0,3376.0,3783.0,7072.0,7072.0,2365.0,1011.0,2149.0,871.0
2.0,6432.0,2508.0,3360.0,7811.0,1705.0,1705.0,2354.0,1006.0,1724.0,784.0
2.0,11735.0,2868.0,3339.0,7072.0,0.0,0.0,2338.0,1001.0,1941.0,927.0
2.0,15939.0,3806.0,3336.0,1705.0,0.0,0.0,2334.0,1002.0,2629.0,1177.0
2.0,13838.0,4401.0,3357.0,0.0,3991.0,3991.0,2348.0,1009.0,3112.0,1289.0
2.0,9437.0,3955.0,3381.0,0.0,8042.0,8042.0,2367.0,1014.0,2835.0,1120.0
2.0,5482.0,2970.0,3387.0,3991.0,7045.0,7045.0,2373.0,1014.0,2114.0,856.0
2.0,6503.0,2399.0,3369.0,8042.0,1330.0,1330.0,2360.0,1009.0,1648.0,751.0
2.0,12146.0,2844.0,3345.0,7045.0,0.0,0.0,2342.0,1003.0,1926.0,918.0
2.0,16347.0,3911.0,3344.0,1330.0,0.0,0.0,2339.0,1005.0,2703.0,1208.0
2.0,13766.0,4527.0,3368.0,0.0,4233.0,4233.0,2356.0,1012.0,3199.0,1328.0
2.0,9239.0,3990.0,3395.0,0.0,8331.0,8331.0,2377.0,1018.0,2859.0,1131.0
2.0,5249.0,2797.0,3399.0,4233.0,6911.0,6911.0,2381.0,1018.0,1994.0,803.0
2.0,6685.0,2191.0,3375.0,8331.0,675.0,675.0,2365.0,1010.0,1505.0,686.0
2.0,12825.0,2761.0,3349.0,6911.0,0.0,0.0,2345.0,1004.0,1868.0,893.0
2.0,16975.0,3990.0,3346.0,675.0,0.0,0.0,2341.0,1005.0,2757.0,1233.0
2.0,13660.0,4636.0,3371.0,0.0,4460.0,4460.0,2358.0,1013.0,3274.0,1362.0
2.0,9024.0,3956.0,3400.0,0.0,8532.0,8532.0,2380.0,1020.0,2833.0,1123.0
2.0,5068.0,2717.0,3403.0,4460.0,6801.0,6801.0,2384.0,1019.0,1938.0,779.0
2.0,6811.0,2086.0,3375.0,8532.0,243.0,243.0,2365.0,1010.0,1433.0,653.0
2.0,13257.0,2795.0,3348.0,6801.0,0.0,0.0,2344.0,1004.0,1893.0,902.0
2.0,17263.0,4110.0,3348.0,243.0,0.0,0.0,2342.0,1006.0,2842.0,1268.0
2.0,13396.0,4633.0,3375.0,0.0,4737.0,4737.0,2361.0,1014.0,3271.0,1362.0
2.0,8763.0,3890.0,3402.0,0.0,8735.0,8735.0,2382.0,1020.0,2786.0,1104.0
2.0,4873.0,2601.0,3401.0,4737.0,6595.0,6595.0,2383.0,1018.0,1856.0,745.0
2.0,7009.0,2095.0,3374.0,8735.0,0.0,0.0,2364.0,1010.0,1440.0,655.0
2.0,13649.0,2879.0,3350.0,6595.0,0.0,0.0,2345.0,1005.0,1951.0,928.0
2.0,17365.0,4180.0,3355.0,0.0,235.0,235.0,2347.0,1008.0,2891.0,1289.0
2.0,13185.0,4674.0,3385.0,0.0,5029.0,5029.0,2368.0,1017.0,3300.0,1374.0
2.0,8511.0,3878.0,3412.0,235.0,8780.0,8780.0,2388.0,1024.0,2778.0,1100.0
2.0,4868.0,2580.0,3410.0,5029.0,6323.0,6323.0,2389.0,1021.0,1844.0,736.0
2.0,7317.0,2022.0,3378.0,8780.0,0.0,0.0,2367.0,1011.0,1388.0,634.0
2.0,14075.0,2775.0,3349.0,6323.0,0.0,0.0,2345.0,1004.0,1877.0,898.0
2.0,17623.0,4138.0,3354.0,0.0,0.0,0.0,2346.0,1008.0,2860.0,1278.0
2.0,13485.0,4710.0,3385.0,0.0,4765.0,4765.0,2368.0,1017.0,3326.0,1384.0
2.0,8775.0,3962.0,3414.0,0.0,8843.0,8843.0,2390.0,1024.0,2839.0,1123.0
2.0,4813.0,2622.0,3411.0,4765.0,6688.0,6688.0,2390.0,1021.0,1871.0,751.0
2.0,6956.0,2014.0,3381.0,8843.0,0.0,0.0,2369.0,1012.0,1380.0,634.0
2.0,13785.0,2792.0,3354.0,6688.0,0.0,0.0,2348.0,1006.0,1890.0,902.0
2.0,17681.0,4161.0,3358.0,0.0,0.0,0.0,2349.0,1009.0,2878.0,1283.0
2.0,13520.0,4743.0,3388.0,0.0,4775.0,4775.0,2370.0,1018.0,3350.0,1393.0
2.0,8777.0,3972.0,3416.0,0.0,8859.0,8859.0,2391.0,1025.0,2845.0,1127.0
2.0,4805.0,2567.0,3411.0,4775.0,6631.0,6631.0,2390.0,1021.0,1832.0,735.0
2.0,7013.0,2002.0,3380.0,8859.0,0.0,0.0,2368.0,1012.0,1372.0,630.0
2.0,13870.0,2789.0,3354.0,6631.0,0.0,0.0,2348.0,1006.0,1888.0,901.0
2.0,17712.0,4202.0,3360.0,0.0,0.0,0.0,2350.0,1010.0,2905.0,1297.0
2.0,13510.0,4764.0,3391.0,0.0,4818.0,4818.0,2372.0,1019.0,3366.0,1398.0
2.0,8746.0,3956.0,3417.0,0.0,8878.0,8878.0,2392.0,1025.0,2834.0,1122.0
2.0,4790.0,2541.0,3410.0,4818.0,6573.0,6573.0,2389.0,1021.0,1814.0,727.0
2.0,7067.0,2047.0,3378.0,8878.0,0.0,0.0,2367.0,1011.0,1405.0,642.0
2.0,13898.0,2894.0,3351.0,6573.0,0.0,0.0,2346.0,1005.0,1962.0,932.0
2.0,17577.0,4254.0,3357.0,0.0,105.0,105.0,2348.0,1009.0,2942.0,1312.0
2.0,13323.0,4728.0,3390.0,0.0,4965.0,4965.0,2371.0,1019.0,3338.0,1390.0
2.0,8595.0,3856.0,3416.0,105.0,8820.0,8820.0,2391.0,1025.0,2764.0,1092.0
2.0,4844.0,2553.0,3410.0,4965.0,6384.0,6384.0,2389.0,1021.0,1824.0,729.0
2.0,7256.0,2091.0,3377.0,8820.0,0.0,0.0,2366.0,1011.0,1436.0,655.0
2.0,13985.0,2985.0,3350.0,6384.0,0.0,0.0,2345.0,1005.0,2025.0,960.0
2.0,17384.0,4345.0,3357.0,0.0,389.0,389.0,2348.0,1009.0,3003.0,1342.0
2.0,13039.0,4770.0,3391.0,0.0,5295.0,5295.0,2372.0,1019.0,3365.0,1405.0
2.0,8269.0,3832.0,3420.0,389.0,8854.0,8854.0,2394.0,1026.0,2747.0,1085.0
2.0,4826.0,2474.0,3413.0,5295.0,6005.0,6005.0,2391.0,1022.0,1771.0,703.0
2.0,7647.0,2070.0,3377.0,8854.0,0.0,0.0,2366.0,1011.0,1424.0,646.0
2.0,14431.0,3029.0,3348.0,6005.0,0.0,0.0,2344.0,1004.0,2059.0,970.0
2.0,17407.0,4371.0,3355.0,0.0,384.0,384.0,2347.0,1008.0,3021.0,1350.0
2.0,13036.0,4780.0,3394.0,0.0,5320.0,5320.0,2374.0,1020.0,3371.0,1409.0
2.0,8256.0,3809.0,3424.0,384.0,8865.0,8865.0,2397.0,1027.0,2730.0,1079.0
2.0,4831.0,2440.0,3419.0,5320.0,5965.0,5965.0,2395.0,1024.0,1744.0,696.0
2.0,7711.0,1998.0,3380.0,8865.0,0.0,0.0,2368.0,1012.0,1374.0,624.0
2.0,14578.0,2993.0,3348.0,5965.0,0.0,0.0,2344.0,1004.0,2032.0,961.0
2.0,17550.0,4392.0,3357.0,0.0,270.0,270.0,2348.0,1009.0,3037.0,1355.0
2.0,13158.0,4790.0,3397.0,0.0,5220.0,5220.0,2376.0,1021.0,3379.0,1411.0
2.0,8368.0,3805.0,3430.0,270.0,8887.0,8887.0,2401.0,1029.0,2728.0,1077.0
2.0,4833.0,2355.0,3421.0,5220.0,5986.0,5986.0,2397.0,1024.0,1686.0,669.0
2.0,7698.0,1902.0,3379.0,8887.0,0.0,0.0,2367.0,1012.0,1305.0,597.0
2.0,14683.0,2992.0,3348.0,5986.0,0.0,0.0,2344.0,1004.0,2032.0,960.0
2.0,17677.0,4495.0,3359.0,0.0,254.0,254.0,2350.0,1009.0,3109.0,1386.0
2.0,13182.0,4888.0,3403.0,0.0,5318.0,5318.0,2380.0,1023.0,3447.0,1441.0
2.0,8294.0,3788.0,3436.0,254.0,8984.0,8984.0,2405.0,1031.0,2715.0,1073.0
2.0,4760.0,2228.0,3423.0,5318.0,5842.0,5842.0,2398.0,1025.0,1598.0,630.0
2.0,7850.0,1838.0,3378.0,8984.0,0.0,0.0,2367.0,1011.0,1262.0,576.0
2.0,14996.0,2965.0,3345.0,5842.0,0.0,0.0,2342.0,1003.0,2013.0,952.0
2.0,17873.0,4567.0,3358.0,0.0,126.0,126.0,2349.0,1009.0,3159.0,1408.0
2.0,13306.0,4994.0,3405.0,0.0,5308.0,5308.0,2382.0,1023.0,3522.0,1472.0
2.0,8312.0,3862.0,3440.0,126.0,9184.0,9184.0,2408.0,1032.0,2766.0,1096.0
2.0,4576.0,2252.0,3430.0,5308.0,6088.0,6088.0,2403.0,1027.0,1614.0,638.0
2.0,7632.0,1783.0,3385.0,9184.0,0.0,0.0,2372.0,1013.0,1223.0,560.0
2.0,15033.0,2914.0,3351.0,6088.0,0.0,0.0,2346.0,1005.0,1977.0,937.0
2.0,18207.0,4534.0,3361.0,0.0,0.0,0.0,2351.0,1010.0,3136.0,1398.0
2.0,13673.0,5042.0,3408.0,0.0,5001.0,5001.0,2384.0,1024.0,3556.0,1486.0
2.0,8631.0,3909.0,3444.0,0.0,9054.0,9054.0,2411.0,1033.0,2799.0,1110.0
2.0,4722.0,2297.0,3434.0,5001.0,6310.0,6310.0,2406.0,1028.0,1644.0,653.0
2.0,7426.0,1772.0,3389.0,9054.0,0.0,0.0,2374.0,1015.0,1214.0,558.0
2.0,14708.0,2872.0,3353.0,6310.0,0.0,0.0,2347.0,1006.0,1948.0,924.0
2.0,18146.0,4557.0,3364.0,0.0,0.0,0.0,2353.0,1011.0,3155.0,1402.0
2.0,13589.0,5091.0,3413.0,0.0,5154.0,5154.0,2387.0,1026.0,3590.0,1501.0
2.0,8498.0,3929.0,3450.0,0.0,9231.0,9231.0,2415.0,1035.0,2812.0,1117.0
2.0,4569.0,2304.0,3440.0,5154.0,6341.0,6341.0,2410.0,1030.0,1650.0,654.0
2.0,7419.0,1812.0,3394.0,9231.0,0.0,0.0,2378.0,1016.0,1245.0,567.0
2.0,14838.0,2943.0,3359.0,6341.0,0.0,0.0,2352.0,1007.0,1998.0,945.0
2.0,18236.0,4535.0,3371.0,0.0,0.0,0.0,2358.0,1013.0,3136.0,1399.0
2.0,13701.0,4994.0,3418.0,0.0,4965.0,4965.0,2391.0,1027.0,3521.0,1473.0
2.0,8707.0,3920.0,3454.0,0.0,9029.0,9029.0,2418.0,1036.0,2808.0,1112.0
2.0,4787.0,2370.0,3443.0,4965.0,6390.0,6390.0,2412.0,1031.0,1695.0,675.0
2.0,7382.0,1905.0,3398.0,9029.0,0.0,0.0,2381.0,1017.0,1307.0,598.0
2.0,14506.0,2991.0,3365.0,6390.0,0.0,0.0,2356.0,1009.0,2033.0,958.0
2.0,17905.0,4524.0,3378.0,0.0,131.0,131.0,2363.0,1015.0,3131.0,1393.0
2.0,13381.0,4918.0,3424.0,0.0,5233.0,5233.0,2395.0,1029.0,3469.0,1449.0
2.0,8463.0,3924.0,3459.0,131.0,9166.0,9166.0,2421.0,1038.0,2809.0,1115.0
2.0,4670.0,2443.0,3449.0,5233.0,6336.0,6336.0,2416.0,1033.0,1746.0,697.0
2.0,7460.0,1921.0,3401.0,9166.0,0.0,0.0,2383.0,1018.0,1317.0,604.0
2.0,14705.0,2917.0,3366.0,6336.0,0.0,0.0,2357.0,1009.0,1980.0,937.0
2.0,18124.0,4426.0,3378.0,0.0,0.0,0.0,2363.0,1015.0,3064.0,1362.0
2.0,13698.0,5015.0,3427.0,0.0,5025.0,5025.0,2397.0,1030.0,3537.0,1478.0
2.0,8683.0,4105.0,3466.0,0.0,9286.0,9286.0,2426.0,1040.0,2936.0,1169.0
2.0,4578.0,2547.0,3456.0,5025.0,6768.0,6768.0,2421.0,1035.0,1819.0,728.0
2.0,7056.0,1890.0,3408.0,9286.0,0.0,0.0,2388.0,1020.0,1298.0,592.0
2.0,14452.0,2815.0,3371.0,6768.0,0.0,0.0,2360.0,1011.0,1907.0,908.0
2.0,18405.0,4353.0,3381.0,0.0,0.0,0.0,2365.0,1016.0,3010.0,1343.0
2.0,14052.0,4932.0,3429.0,0.0,4596.0,4596.0,2399.0,1030.0,3479.0,1453.0
2.0,9120.0,3980.0,3467.0,0.0,8728.0,8728.0,2427.0,1040.0,2850.0,1130.0
2.0,5140.0,2505.0,3457.0,4596.0,6597.0,6597.0,2422.0,1035.0,1791.0,714.0
2.0,7231.0,1923.0,3410.0,8728.0,0.0,0.0,2389.0,1021.0,1320.0,603.0
2.0,14036.0,2836.0,3372.0,6597.0,0.0,0.0,2361.0,1011.0,1923.0,913.0
2.0,17797.0,4371.0,3384.0,0.0,110.0,110.0,2367.0,1017.0,3024.0,1347.0
2.0,13426.0,4943.0,3434.0,0.0,5253.0,5253.0,2402.0,1032.0,3485.0,1458.0
2.0,8483.0,4037.0,3474.0,110.0,9340.0,9340.0,2432.0,1042.0,2889.0,1148.0
2.0,4556.0,2510.0,3466.0,5253.0,6565.0,6565.0,2428.0,1038.0,1794.0,716.0
2.0,7299.0,1904.0,3415.0,9340.0,0.0,0.0,2393.0,1022.0,1308.0,596.0
2.0,14735.0,2786.0,3375.0,6565.0,0.0,0.0,2363.0,1012.0,1889.0,897.0
2.0,18514.0,4326.0,3385.0,0.0,0.0,0.0,2368.0,1017.0,2989.0,1337.0
2.0,14188.0,4901.0,3437.0,0.0,4461.0,4461.0,2404.0,1033.0,3454.0,1447.0
2.0,9287.0,3958.0,3477.0,0.0,8579.0,8579.0,2434.0,1043.0,2833.0,1125.0
2.0,5329.0,2536.0,3469.0,4461.0,6622.0,6622.0,2430.0,1039.0,1813.0,723.0
2.0,7254.0,2033.0,3420.0,8579.0,0.0,0.0,2396.0,1024.0,1399.0,634.0
2.0,13800.0,2885.0,3380.0,6622.0,0.0,0.0,2366.0,1014.0,1958.0,927.0
2.0,17537.0,4283.0,3388.0,0.0,298.0,298.0,2370.0,1018.0,2961.0,1322.0
2.0,13254.0,4889.0,3438.0,0.0,5387.0,5387.0,2405.0,1033.0,3449.0,1440.0
2.0,8365.0,4034.0,3482.0,298.0,9299.0,9299.0,2437.0,1045.0,2888.0,1146.0
2.0,4629.0,2568.0,3476.0,5387.0,6456.0,6456.0,2435.0,1041.0,1834.0,734.0
2.0,7448.0,1992.0,3427.0,9299.0,0.0,0.0,2401.0,1026.0,1367.0,625.0
2.0,14755.0,2905.0,3385.0,6456.0,0.0,0.0,2370.0,1015.0,1971.0,934.0
2.0,18306.0,4317.0,3393.0,0.0,0.0,0.0,2374.0,1019.0,2987.0,1330.0
2.0,13989.0,4872.0,3442.0,0.0,4651.0,4651.0,2408.0,1034.0,3439.0,1433.0
2.0,9117.0,3959.0,3484.0,0.0,8778.0,8778.0,2439.0,1045.0,2832.0,1127.0
2.0,5158.0,2463.0,3477.0,4651.0,6562.0,6562.0,2436.0,1041.0,1759.0,704.0
2.0,7346.0,1891.0,3426.0,8778.0,0.0,0.0,2400.0,1026.0,1297.0,594.0
2.0,14233.0,2852.0,3382.0,6562.0,0.0,0.0,2368.0,1014.0,1935.0,917.0
2.0,17943.0,4432.0,3392.0,0.0,57.0,57.0,2373.0,1019.0,3066.0,1366.0
2.0,13511.0,5065.0,3445.0,0.0,5334.0,5334.0,2410.0,1035.0,3571.0,1494.0
2.0,8446.0,4105.0,3490.0,57.0,9562.0,9562.0,2443.0,1047.0,2937.0,1168.0
2.0,4398.0,2493.0,3480.0,5334.0,6681.0,6681.0,2438.0,1042.0,1783.0,710.0
2.0,7239.0,1903.0,3430.0,9562.0,0.0,0.0,2403.0,1027.0,1306.0,597.0
2.0,14898.0,2811.0,3388.0,6681.0,0.0,0.0,2372.0,1016.0,1904.0,907.0
2.0,18768.0,4447.0,3398.0,0.0,0.0,0.0,2377.0,1021.0,3077.0,1370.0
2.0,14321.0,5185.0,3452.0,0.0,4672.0,4672.0,2415.0,1037.0,3656.0,1529.0
2.0,9136.0,4263.0,3497.0,0.0,9115.0,9115.0,2448.0,1049.0,3048.0,1215.0
2.0,4873.0,2525.0,3489.0,4672.0,6936.0,6936.0,2444.0,1045.0,1805.0,720.0
2.0,7020.0,1744.0,3435.0,9115.0,0.0,0.0,2407.0,1028.0,1196.0,548.0
2.0,14391.0,2695.0,3392.0,6936.0,0.0,0.0,2375.0,1017.0,1823.0,872.0
2.0,18632.0,4421.0,3402.0,0.0,0.0,0.0,2380.0,1022.0,3055.0,1366.0
2.0,14211.0,5244.0,3456.0,0.0,4857.0,4857.0,2417.0,1039.0,3696.0,1548.0
2.0,8967.0,4357.0,3503.0,0.0,9402.0,9402.0,2452.0,1051.0,3115.0,1242.0
2.0,4610.0,2645.0,3497.0,4857.0,7166.0,7166.0,2450.0,1047.0,1893.0,752.0
2.0,6822.0,1729.0,3446.0,9402.0,0.0,0.0,2414.0,1032.0,1187.0,542.0
2.0,14495.0,2543.0,3398.0,7166.0,0.0,0.0,2379.0,1019.0,1714.0,829.0
2.0,19118.0,4299.0,3402.0,0.0,0.0,0.0,2380.0,1022.0,2967.0,1332.0
2.0,14819.0,5255.0,3454.0,0.0,4252.0,4252.0,2416.0,1038.0,3704.0,1551.0
2.0,9564.0,4496.0,3504.0,0.0,8948.0,8948.0,2453.0,1051.0,3214.0,1282.0
2.0,5068.0,2645.0,3501.0,4252.0,7329.0,7329.0,2453.0,1048.0,1895.0,750.0
2.0,6675.0,1617.0,3448.0,8948.0,0.0,0.0,2416.0,1032.0,1110.0,507.0
2.0,14006.0,2487.0,3401.0,7329.0,0.0,0.0,2381.0,1020.0,1674.0,813.0
2.0,18848.0,4355.0,3408.0,0.0,0.0,0.0,2384.0,1024.0,3002.0,1353.0
2.0,14493.0,5291.0,3462.0,0.0,4646.0,4646.0,2422.0,1040.0,3727.0,1564.0
2.0,9202.0,4432.0,3510.0,0.0,9270.0,9270.0,2457.0,1053.0,3171.0,1261.0
2.0,4770.0,2625.0,3506.0,4646.0,7233.0,7233.0,2456.0,1050.0,1884.0,741.0
2.0,6791.0,1603.0,3453.0,9270.0,0.0,0.0,2419.0,1034.0,1099.0,504.0
2.0,14458.0,2457.0,3405.0,7233.0,0.0,0.0,2384.0,1021.0,1652.0,805.0
2.0,19234.0,4315.0,3411.0,0.0,0.0,0.0,2386.0,1025.0,2976.0,1339.0
2.0,14919.0,5319.0,3464.0,0.0,4256.0,4256.0,2423.0,1041.0,3745.0,1574.0
2.0,9600.0,4432.0,3513.0,0.0,8884.0,8884.0,2459.0,1054.0,3169.0,1263.0
2.0,5168.0,2587.0,3510.0,4256.0,7203.0,7203.0,2459.0,1051.0,1857.0,730.0
2.0,6837.0,1650.0,3458.0,8884.0,0.0,0.0,2423.0,1035.0,1136.0,514.0
2.0,14071.0,2565.0,3413.0,7203.0,0.0,0.0,2390.0,1023.0,1729.0,836.0
2.0,18709.0,4361.0,3421.0,0.0,0.0,0.0,2393.0,1028.0,3004.0,1357.0
2.0,14348.0,5287.0,3474.0,0.0,4835.0,4835.0,2430.0,1044.0,3719.0,1568.0
2.0,9061.0,4446.0,3520.0,0.0,9465.0,9465.0,2464.0,1056.0,3180.0,1266.0
2.0,4615.0,2603.0,3514.0,4835.0,7209.0,7209.0,2462.0,1052.0,1873.0,730.0
2.0,6847.0,1648.0,3464.0,9465.0,0.0,0.0,2427.0,1037.0,1135.0,513.0
2.0,14664.0,2552.0,3419.0,7209.0,0.0,0.0,2394.0,1025.0,1717.0,835.0
2.0,19321.0,4351.0,3425.0,0.0,0.0,0.0,2396.0,1029.0,2995.0,1356.0
2.0,14970.0,5270.0,3477.0,0.0,4208.0,4208.0,2432.0,1045.0,3709.0,1561.0
2.0,9700.0,4394.0,3523.0,0.0,8786.0,8786.0,2466.0,1057.0,3147.0,1247.0
2.0,5306.0,2604.0,3517.0,4208.0,7158.0,7158.0,2464.0,1053.0,1874.0,730.0
2.0,6910.0,1690.0,3467.0,8786.0,0.0,0.0,2429.0,1038.0,1162.0,528.0
2.0,14006.0,2541.0,3422.0,7158.0,0.0,0.0,2396.0,1026.0,1707.0,834.0
2.0,18623.0,4349.0,3430.0,0.0,0.0,0.0,2399.0,1031.0,2995.0,1354.0
2.0,14274.0,5344.0,3485.0,0.0,5010.0,5010.0,2438.0,1047.0,3763.0,1581.0
2.0,8930.0,4494.0,3536.0,0.0,9708.0,9708.0,2475.0,1061.0,3217.0,1277.0
2.0,4436.0,2621.0,3531.0,5010.0,7299.0,7299.0,2474.0,1057.0,1884.0,737.0
2.0,6825.0,1645.0,3477.0,9708.0,0.0,0.0,2436.0,1041.0,1131.0,514.0
2.0,14888.0,2492.0,3428.0,7299.0,0.0,0.0,2400.0,1028.0,1675.0,817.0
2.0,19695.0,4371.0,3432.0,0.0,0.0,0.0,2401.0,1031.0,3011.0,1360.0
2.0,15324.0,5404.0,3489.0,0.0,4036.0,4036.0,2440.0,1049.0,3802.0,1602.0
2.0,9920.0,4574.0,3540.0,0.0,8814.0,8814.0,2478.0,1062.0,3271.0,1303.0
2.0,5346.0,2572.0,3536.0,4036.0,7334.0,7334.0,2477.0,1059.0,1851.0,721.0
2.0,6810.0,1521.0,3479.0,8814.0,0.0,0.0,2438.0,1041.0,1046.0,475.0
2.0,14103.0,2411.0,3426.0,7334.0,0.0,0.0,2399.0,1027.0,1620.0,791.0
2.0,19026.0,4420.0,3429.0,0.0,0.0,0.0,2399.0,1030.0,3042.0,1378.0
2.0,14606.0,5553.0,3487.0,0.0,4895.0,4895.0,2439.0,1048.0,3904.0,1649.0
2.0,9053.0,4649.0,3543.0,0.0,9768.0,9768.0,2480.0,1063.0,3323.0,1326.0
2.0,4404.0,2639.0,3542.0,4895.0,7508.0,7508.0,2481.0,1061.0,1898.0,741.0
2.0,6660.0,1470.0,3485.0,9768.0,0.0,0.0,2442.0,1043.0,1011.0,459.0
2.0,14958.0,2312.0,3429.0,7508.0,0.0,0.0,2401.0,1028.0,1550.0,762.0
2.0,20154.0,4389.0,3429.0,0.0,0.0,0.0,2399.0,1030.0,3022.0,1367.0
2.0,15765.0,5587.0,3486.0,0.0,3766.0,3766.0,2438.0,1048.0,3929.0,1658.0
2.0,10178.0,4730.0,3543.0,0.0,8724.0,8724.0,2480.0,1063.0,3381.0,1349.0
2.0,5448.0,2642.0,3546.0,3766.0,7612.0,7612.0,2484.0,1062.0,1903.0,739.0
2.0,6572.0,1454.0,3491.0,8724.0,122.0,122.0,2446.0,1045.0,999.0,455.0
2.0,13842.0,2313.0,3435.0,7612.0,0.0,0.0,2405.0,1030.0,1547.0,766.0
2.0,19141.0,4349.0,3431.0,122.0,0.0,0.0,2400.0,1031.0,2994.0,1355.0
2.0,14914.0,5538.0,3487.0,0.0,4572.0,4572.0,2439.0,1048.0,3897.0,1641.0
2.0,9376.0,4708.0,3546.0,0.0,9516.0,9516.0,2482.0,1064.0,3368.0,1340.0
2.0,4668.0,2700.0,3550.0,4572.0,7660.0,7660.0,2487.0,1063.0,1942.0,758.0
2.0,6540.0,1537.0,3496.0,9516.0,0.0,0.0,2450.0,1046.0,1054.0,483.0
2.0,14519.0,2366.0,3440.0,7660.0,0.0,0.0,2409.0,1031.0,1584.0,782.0
2.0,19813.0,4336.0,3438.0,0.0,0.0,0.0,2405.0,1033.0,2985.0,1351.0
2.0,15477.0,5498.0,3493.0,0.0,3993.0,3993.0,2443.0,1050.0,3869.0,1629.0
2.0,9979.0,4662.0,3552.0,0.0,8891.0,8891.0,2486.0,1066.0,3335.0,1327.0
2.0,5317.0,2654.0,3556.0,3993.0,7568.0,7568.0,2491.0,1065.0,1909.0,745.0
2.0,6656.0,1510.0,3502.0,8891.0,0.0,0.0,2454.0,1048.0,1038.0,472.0
2.0,14037.0,2377.0,3446.0,7568.0,0.0,0.0,2413.0,1033.0,1592.0,785.0
2.0,19228.0,4342.0,3444.0,0.0,0.0,0.0,2409.0,1035.0,2987.0,1355.0
2.0,14886.0,5534.0,3500.0,0.0,4648.0,4648.0,2448.0,1052.0,3893.0,1641.0
2.0,9352.0,4733.0,3560.0,0.0,9621.0,9621.0,2492.0,1068.0,3385.0,1348.0
2.0,4619.0,2684.0,3562.0,4648.0,7665.0,7665.0,2495.0,1067.0,1932.0,752.0
2.0,6583.0,1470.0,3506.0,9621.0,0.0,0.0,2457.0,1049.0,1012.0,458.0
2.0,14734.0,2330.0,3450.0,7665.0,0.0,0.0,2416.0,1034.0,1562.0,768.0
2.0,20069.0,4350.0,3448.0,0.0,0.0,0.0,2412.0,1036.0,2992.0,1358.0
2.0,15719.0,5496.0,3503.0,0.0,3789.0,3789.0,2450.0,1053.0,3862.0,1634.0
2.0,10223.0,4720.0,3562.0,0.0,8745.0,8745.0,2493.0,1069.0,3373.0,1347.0
2.0,5503.0,2755.0,3566.0,3789.0,7727.0,7727.0,2498.0,1068.0,1983.0,772.0
2.0,6537.0,1549.0,3512.0,8745.0,315.0,315.0,2461.0,1051.0,1068.0,481.0
2.0,13733.0,2231.0,3454.0,7727.0,0.0,0.0,2419.0,1035.0,1494.0,737.0
2.0,19229.0,4225.0,3451.0,315.0,0.0,0.0,2414.0,1037.0,2905.0,1320.0
2.0,15319.0,5548.0,3507.0,0.0,4257.0,4257.0,2453.0,1054.0,3900.0,1648.0
2.0,9771.0,4836.0,3568.0,0.0,9337.0,9337.0,2497.0,1071.0,3454.0,1382.0
2.0,4935.0,2763.0,3573.0,4257.0,7863.0,7863.0,2503.0,1070.0,1987.0,776.0
2.0,6429.0,1445.0,3516.0,9337.0,0.0,0.0,2464.0,1052.0,994.0,451.0
2.0,14321.0,2188.0,3456.0,7863.0,0.0,0.0,2420.0,1036.0,1463.0,725.0
2.0,19996.0,4249.0,3451.0,0.0,0.0,0.0,2414.0,1037.0,2922.0,1327.0
2.0,15747.0,5533.0,3507.0,0.0,3814.0,3814.0,2453.0,1054.0,3890.0,1643.0
2.0,10214.0,4830.0,3568.0,0.0,8888.0,8888.0,2497.0,1071.0,3450.0,1380.0
2.0,5384.0,2856.0,3576.0,3814.0,7962.0,7962.0,2505.0,1071.0,2053.0,803.0
2.0,6342.0,1487.0,3519.0,8888.0,333.0,333.0,2466.0,1053.0,1025.0,462.0
2.0,13743.0,2200.0,3459.0,7962.0,0.0,0.0,2422.0,1037.0,1472.0,728.0
2.0,19505.0,4247.0,3452.0,333.0,0.0,0.0,2415.0,1037.0,2921.0,1326.0
2.0,15591.0,5627.0,3510.0,0.0,4076.0,4076.0,2455.0,1055.0,3955.0,1672.0
2.0,9964.0,4905.0,3576.0,0.0,9245.0,9245.0,2503.0,1073.0,3502.0,1403.0
2.0,5059.0,2832.0,3583.0,4076.0,8029.0,8029.0,2510.0,1073.0,2033.0,799.0
2.0,6303.0,1541.0,3528.0,9245.0,105.0,105.0,2472.0,1056.0,1062.0,479.0
2.0,14007.0,2217.0,3464.0,8029.0,0.0,0.0,2426.0,1038.0,1485.0,732.0
2.0,19819.0,4221.0,3456.0,105.0,0.0,0.0,2418.0,1038.0,2905.0,1316.0
2.0,15703.0,5522.0,3511.0,0.0,3863.0,3863.0,2456.0,1055.0,3883.0,1639.0
2.0,10181.0,4836.0,3576.0,0.0,8959.0,8959.0,2503.0,1073.0,3454.0,1382.0
2.0,5345.0,2920.0,3587.0,3863.0,8060.0,8060.0,2513.0,1074.0,2094.0,826.0
2.0,6288.0,1669.0,3535.0,8959.0,562.0,562.0,2477.0,1058.0,1151.0,518.0
2.0,13578.0,2274.0,3472.0,8060.0,0.0,0.0,2431.0,1041.0,1525.0,749.0
2.0,19364.0,4187.0,3462.0,562.0,0.0,0.0,2422.0,1040.0,2883.0,1304.0
2.0,15739.0,5462.0,3516.0,0.0,3787.0,3787.0,2459.0,1057.0,3840.0,1622.0
2.0,10277.0,4782.0,3579.0,0.0,8821.0,8821.0,2505.0,1074.0,3412.0,1370.0
2.0,5495.0,2888.0,3590.0,3787.0,7966.0,7966.0,2515.0,1075.0,2071.0,817.0
2.0,6394.0,1634.0,3539.0,8821.0,575.0,575.0,2480.0,1059.0,1129.0,505.0
2.0,13581.0,2270.0,3476.0,7966.0,0.0,0.0,2434.0,1042.0,1526.0,744.0
2.0,19277.0,4200.0,3466.0,575.0,0.0,0.0,2425.0,1041.0,2889.0,1311.0
2.0,15652.0,5409.0,3518.0,0.0,3829.0,3829.0,2460.0,1058.0,3801.0,1608.0
2.0,10243.0,4732.0,3579.0,0.0,8805.0,8805.0,2505.0,1074.0,3378.0,1354.0
2.0,5511.0,2870.0,3589.0,3829.0,7886.0,7886.0,2514.0,1075.0,2060.0,810.0
2.0,6470.0,1692.0,3538.0,8805.0,569.0,569.0,2479.0,1059.0,1167.0,525.0
2.0,13583.0,2345.0,3477.0,7886.0,0.0,0.0,2435.0,1042.0,1573.0,772.0
2.0,19124.0,4192.0,3469.0,569.0,0.0,0.0,2427.0,1042.0,2885.0,1307.0
2.0,15501.0,5333.0,3520.0,0.0,3912.0,3912.0,2462.0,1058.0,3752.0,1581.0
2.0,10168.0,4698.0,3582.0,0.0,8858.0,8858.0,2507.0,1075.0,3357.0,1341.0
2.0,5470.0,2893.0,3591.0,3912.0,7875.0,7875.0,2516.0,1075.0,2076.0,817.0
2.0,6489.0,1719.0,3541.0,8858.0,536.0,536.0,2481.0,1060.0,1186.0,533.0
2.0,13628.0,2418.0,3481.0,7875.0,0.0,0.0,2438.0,1043.0,1623.0,795.0
2.0,19085.0,4244.0,3472.0,536.0,0.0,0.0,2429.0,1043.0,2919.0,1325.0
2.0,15377.0,5320.0,3522.0,0.0,4031.0,4031.0,2463.0,1059.0,3742.0,1578.0
2.0,10057.0,4596.0,3582.0,0.0,8867.0,8867.0,2507.0,1075.0,3287.0,1309.0
2.0,5461.0,2800.0,3592.0,4031.0,7676.0,7676.0,2516.0,1076.0,2012.0,788.0
2.0,6692.0,1735.0,3541.0,8867.0,340.0,340.0,2481.0,1060.0,1197.0,538.0
2.0,13824.0,2514.0,3484.0,7676.0,0.0,0.0,2440.0,1044.0,1693.0,821.0
2.0,18986.0,4329.0,3476.0,340.0,0.0,0.0,2432.0,1044.0,2980.0,1349.0
2.0,14997.0,5424.0,3527.0,0.0,4535.0,4535.0,2467.0,1060.0,3812.0,1612.0
2.0,9573.0,4591.0,3586.0,0.0,9362.0,9362.0,2510.0,1076.0,3279.0,1312.0
2.0,4982.0,2706.0,3595.0,4535.0,7569.0,7569.0,2518.0,1077.0,1946.0,760.0
2.0,6811.0,1643.0,3545.0,9362.0,0.0,0.0,2484.0,1061.0,1137.0,506.0
2.0,14530.0,2514.0,3487.0,7569.0,0.0,0.0,2442.0,1045.0,1696.0,818.0
2.0,19585.0,4431.0,3479.0,0.0,0.0,0.0,2434.0,1045.0,3051.0,1380.0
2.0,15154.0,5513.0,3533.0,0.0,4491.0,4491.0,2471.0,1062.0,3872.0,1641.0
2.0,9641.0,4620.0,3594.0,0.0,9355.0,9355.0,2515.0,1079.0,3298.0,1322.0
2.0,5021.0,2655.0,3603.0,4491.0,7555.0,7555.0,2524.0,1079.0,1911.0,744.0
2.0,6857.0,1591.0,3551.0,9355.0,0.0,0.0,2488.0,1063.0,1100.0,491.0
2.0,14621.0,2426.0,3491.0,7555.0,0.0,0.0,2445.0,1046.0,1632.0,794.0
2.0,19750.0,4435.0,3484.0,0.0,0.0,0.0,2437.0,1047.0,3053.0,1382.0
2.0,15315.0,5607.0,3537.0,0.0,4440.0,4440.0,2474.0,1063.0,3941.0,1666.0
2.0,9708.0,4787.0,3601.0,0.0,9483.0,9483.0,2520.0,1081.0,3418.0,1369.0
2.0,4921.0,2703.0,3610.0,4440.0,7782.0,7782.0,2529.0,1081.0,1942.0,761.0
2.0,6658.0,1453.0,3556.0,9483.0,0.0,0.0,2492.0,1064.0,1000.0,453.0
2.0,14688.0,2334.0,3493.0,7782.0,0.0,0.0,2446.0,1047.0,1567.0,767.0
2.0,20136.0,4439.0,3484.0,0.0,0.0,0.0,2437.0,1047.0,3059.0,1380.0
2.0,15697.0,5693.0,3539.0,0.0,4152.0,4152.0,2475.0,1064.0,4001.0,1692.0
2.0,10004.0,4869.0,3603.0,0.0,9277.0,9277.0,2522.0,1081.0,3473.0,1396.0
2.0,5135.0,2762.0,3613.0,4152.0,7927.0,7927.0,2531.0,1082.0,1984.0,778.0
2.0,6525.0,1470.0,3561.0,9277.0,0.0,0.0,2495.0,1066.0,1016.0,454.0
2.0,14332.0,2319.0,3499.0,7927.0,0.0,0.0,2450.0,1049.0,1558.0,761.0
2.0,19940.0,4484.0,3492.0,0.0,0.0,0.0,2443.0,1049.0,3088.0,1396.0
2.0,15456.0,5767.0,3547.0,0.0,4499.0,4499.0,2481.0,1066.0,4052.0,1715.0
2.0,9689.0,4829.0,3608.0,0.0,9572.0,9572.0,2525.0,1083.0,3446.0,1383.0
2.0,4860.0,2597.0,3614.0,4499.0,7694.0,7694.0,2532.0,1082.0,1869.0,728.0
2.0,6762.0,1333.0,3559.0,9572.0,0.0,0.0,2494.0,1065.0,919.0,414.0
2.0,15001.0,2341.0,3499.0,7694.0,0.0,0.0,2450.0,1049.0,1574.0,767.0
2.0,20354.0,4506.0,3493.0,0.0,0.0,0.0,2444.0,1049.0,3104.0,1402.0
2.0,15848.0,5712.0,3548.0,0.0,4056.0,4056.0,2482.0,1066.0,4013.0,1699.0
2.0,10136.0,4842.0,3609.0,0.0,9142.0,9142.0,2526.0,1083.0,3453.0,1389.0
2.0,5294.0,2667.0,3618.0,4056.0,7789.0,7789.0,2534.0,1084.0,1917.0,750.0
2.0,6683.0,1408.0,3564.0,9142.0,0.0,0.0,2497.0,1067.0,972.0,436.0
2.0,14417.0,2350.0,3505.0,7789.0,0.0,0.0,2454.0,1051.0,1580.0,770.0
2.0,19856.0,4533.0,3501.0,0.0,0.0,0.0,2449.0,1052.0,3123.0,1410.0
2.0,15323.0,5770.0,3557.0,0.0,4675.0,4675.0,2488.0,1069.0,4055.0,1715.0
2.0,9553.0,4768.0,3616.0,0.0,9679.0,9679.0,2531.0,1085.0,3404.0,1364.0
2.0,4785.0,2542.0,3620.0,4675.0,7562.0,7562.0,2536.0,1084.0,1830.0,712.0
2.0,6918.0,1386.0,3565.0,9679.0,0.0,0.0,2498.0,1067.0,953.0,433.0
2.0,15211.0,2439.0,3510.0,7562.0,0.0,0.0,2458.0,1052.0,1641.0,798.0
2.0,20334.0,4610.0,3508.0,0.0,0.0,0.0,2454.0,1054.0,3178.0,1432.0
2.0,15724.0,5737.0,3563.0,0.0,4265.0,4265.0,2492.0,1071.0,4035.0,1702.0
2.0,9987.0,4719.0,3621.0,0.0,9216.0,9216.0,2534.0,1087.0,3370.0,1349.0
2.0,5268.0,2548.0,3623.0,4265.0,7507.0,7507.0,2538.0,1085.0,1830.0,718.0
2.0,6985.0,1340.0,3568.0,9216.0,0.0,0.0,2500.0,1068.0,918.0,422.0
2.0,14861.0,2397.0,3512.0,7507.0,0.0,0.0,2459.0,1053.0,1613.0,784.0
2.0,19971.0,4696.0,3513.0,0.0,0.0,0.0,2458.0,1055.0,3242.0,1454.0
2.0,15275.0,5867.0,3572.0,0.0,4880.0,4880.0,2498.0,1074.0,4127.0,1740.0
2.0,9408.0,4779.0,3631.0,0.0,9895.0,9895.0,2541.0,1090.0,3412.0,1367.0
2.0,4629.0,2457.0,3630.0,4880.0,7468.0,7468.0,2543.0,1087.0,1767.0,690.0
2.0,7052.0,1307.0,3571.0,9895.0,0.0,0.0,2502.0,1069.0,894.0,413.0
2.0,15640.0,2400.0,3513.0,7468.0,0.0,0.0,2460.0,1053.0,1614.0,786.0
2.0,20708.0,4642.0,3515.0,0.0,0.0,0.0,2459.0,1056.0,3203.0,1439.0
2.0,16066.0,5815.0,3574.0,0.0,4045.0,4045.0,2500.0,1074.0,4090.0,1725.0
2.0,10251.0,4677.0,3632.0,0.0,8954.0,8954.0,2542.0,1090.0,3340.0,1337.0
2.0,5574.0,2490.0,3632.0,4045.0,7399.0,7399.0,2544.0,1088.0,1791.0,699.0
2.0,7129.0,1440.0,3574.0,8954.0,0.0,0.0,2504.0,1070.0,991.0,449.0
2.0,14643.0,2578.0,3518.0,7399.0,0.0,0.0,2463.0,1055.0,1737.0,841.0
2.0,19464.0,4776.0,3521.0,0.0,0.0,0.0,2463.0,1058.0,3294.0,1482.0
2.0,14688.0,5823.0,3582.0,0.0,5463.0,5463.0,2505.0,1077.0,4093.0,1730.0
2.0,8865.0,4621.0,3641.0,0.0,10320.0,10320.0,2548.0,1093.0,3302.0,1319.0
2.0,4244.0,2387.0,3639.0,5463.0,7236.0,7236.0,2549.0,1090.0,1723.0,664.0
2.0,7320.0,1397.0,3581.0,10320.0,0.0,0.0,2509.0,1072.0,963.0,434.0
2.0,16243.0,2649.0,3524.0,7236.0,0.0,0.0,2468.0,1056.0,1786.0,863.0
2.0,20830.0,4876.0,3526.0,0.0,0.0,0.0,2467.0,1059.0,3360.0,1516.0
2.0,15954.0,5835.0,3586.0,0.0,4225.0,4225.0,2508.0,1078.0,4101.0,1734.0
2.0,10119.0,4629.0,3648.0,0.0,9102.0,9102.0,2553.0,1095.0,3310.0,1319.0
2.0,5490.0,2428.0,3649.0,4225.0,7309.0,7309.0,2556.0,1093.0,1754.0,674.0
2.0,7287.0,1428.0,3591.0,9102.0,0.0,0.0,2516.0,1075.0,982.0,446.0
2.0,14961.0,2568.0,3530.0,7309.0,0.0,0.0,2472.0,1058.0,1726.0,842.0
2.0,19702.0,4776.0,3529.0,0.0,0.0,0.0,2469.0,1060.0,3291.0,1485.0
2.0,14926.0,5832.0,3588.0,0.0,5258.0,5258.0,2510.0,1078.0,4102.0,1730.0
2.0,9094.0,4649.0,3649.0,0.0,10151.0,10151.0,2554.0,1095.0,3326.0,1323.0
2.0,4445.0,2442.0,3652.0,5258.0,7347.0,7347.0,2558.0,1094.0,1763.0,679.0
2.0,7261.0,1440.0,3593.0,10151.0,0.0,0.0,2518.0,1075.0,990.0,450.0
2.0,15972.0,2598.0,3532.0,7347.0,0.0,0.0,2473.0,1059.0,1747.0,851.0
2.0,20721.0,4817.0,3532.0,0.0,0.0,0.0,2471.0,1061.0,3317.0,1500.0
2.0,15904.0,5912.0,3596.0,0.0,4392.0,4392.0,2515.0,1081.0,4155.0,1757.0
2.0,9992.0,4720.0,3661.0,0.0,9372.0,9372.0,2562.0,1099.0,3377.0,1343.0
2.0,5272.0,2415.0,3663.0,4392.0,7403.0,7403.0,2566.0,1097.0,1747.0,668.0
2.0,7249.0,1442.0,3603.0,9372.0,0.0,0.0,2525.0,1078.0,994.0,448.0
2.0,15179.0,2679.0,3545.0,7403.0,0.0,0.0,2482.0,1063.0,1802.0,877.0
2.0,19903.0,4839.0,3545.0,0.0,0.0,0.0,2480.0,1065.0,3330.0,1509.0
2.0,15064.0,5775.0,3605.0,0.0,5131.0,5131.0,2521.0,1084.0,4060.0,1715.0
2.0,9289.0,4574.0,3666.0,0.0,9949.0,9949.0,2566.0,1100.0,3278.0,1296.0
2.0,4715.0,2431.0,3667.0,5131.0,7253.0,7253.0,2569.0,1098.0,1758.0,673.0
2.0,7415.0,1489.0,3609.0,9949.0,0.0,0.0,2529.0,1080.0,1024.0,465.0
2.0,15875.0,2693.0,3550.0,7253.0,0.0,0.0,2486.0,1064.0,1811.0,882.0
2.0,20435.0,4859.0,3551.0,0.0,0.0,0.0,2484.0,1067.0,3345.0,1514.0
2.0,15576.0,5788.0,3613.0,0.0,4664.0,4664.0,2527.0,1086.0,4071.0,1717.0
2.0,9788.0,4556.0,3675.0,0.0,9468.0,9468.0,2572.0,1103.0,3265.0,1291.0
2.0,5232.0,2369.0,3673.0,4664.0,7165.0,7165.0,2573.0,1100.0,1715.0,654.0
2.0,7527.0,1452.0,3612.0,9468.0,0.0,0.0,2531.0,1081.0,996.0,456.0
2.0,15543.0,2692.0,3554.0,7165.0,0.0,0.0,2489.0,1065.0,1809.0,883.0
2.0,20016.0,4850.0,3557.0,0.0,0.0,0.0,2488.0,1069.0,3340.0,1510.0
2.0,15166.0,5711.0,3617.0,0.0,5013.0,5013.0,2530.0,1087.0,4018.0,1693.0
2.0,9455.0,4439.0,3677.0,0.0,9692.0,9692.0,2574.0,1103.0,3184.0,1255.0
2.0,5016.0,2375.0,3677.0,5013.0,7054.0,7054.0,2576.0,1101.0,1716.0,659.0
2.0,7654.0,1617.0,3618.0,9692.0,0.0,0.0,2535.0,1083.0,1110.0,507.0
2.0,15729.0,2846.0,3559.0,7054.0,0.0,0.0,2492.0,1067.0,1918.0,928.0
2.0,19937.0,4870.0,3561.0,0.0,0.0,0.0,2491.0,1070.0,3357.0,1513.0
2.0,15067.0,5652.0,3623.0,0.0,5077.0,5077.0,2534.0,1089.0,3977.0,1675.0
2.0,9415.0,4369.0,3682.0,0.0,9682.0,9682.0,2577.0,1105.0,3131.0,1238.0
2.0,5046.0,2298.0,3680.0,5077.0,6895.0,6895.0,2578.0,1102.0,1661.0,637.0
2.0,7825.0,1587.0,3621.0,9682.0,0.0,0.0,2537.0,1084.0,1092.0,495.0
2.0,15920.0,2931.0,3565.0,6895.0,0.0,0.0,2496.0,1069.0,1979.0,952.0
2.0,19884.0,4959.0,3571.0,0.0,0.0,0.0,2498.0,1073.0,3420.0,1539.0
2.0,14925.0,5646.0,3631.0,0.0,5245.0,5245.0,2540.0,1091.0,3974.0,1672.0
2.0,9279.0,4381.0,3688.0,0.0,9854.0,9854.0,2581.0,1107.0,3137.0,1244.0
2.0,4898.0,2373.0,3684.0,5245.0,6966.0,6966.0,2581.0,1103.0,1711.0,662.0
2.0,7770.0,1569.0,3622.0,9854.0,0.0,0.0,2538.0,1084.0,1080.0,489.0
2.0,16055.0,2866.0,3566.0,6966.0,0.0,0.0,2497.0,1069.0,1937.0,929.0
2.0,20155.0,4971.0,3572.0,0.0,0.0,0.0,2499.0,1073.0,3430.0,1541.0
2.0,15184.0,5768.0,3637.0,0.0,5132.0,5132.0,2544.0,1093.0,4056.0,1712.0
2.0,9416.0,4431.0,3695.0,0.0,9795.0,9795.0,2586.0,1109.0,3170.0,1261.0
2.0,4985.0,2328.0,3689.0,5132.0,6967.0,6967.0,2584.0,1105.0,1680.0,648.0
2.0,7789.0,1528.0,3625.0,9795.0,0.0,0.0,2540.0,1085.0,1052.0,476.0
2.0,16056.0,2857.0,3567.0,6967.0,0.0,0.0,2498.0,1069.0,1933.0,924.0
2.0,20166.0,4976.0,3575.0,0.0,0.0,0.0,2501.0,1074.0,3434.0,1542.0
2.0,15190.0,5801.0,3639.0,0.0,5167.0,5167.0,2545.0,1094.0,4080.0,1721.0
2.0,9389.0,4490.0,3698.0,0.0,9893.0,9893.0,2588.0,1110.0,3209.0,1281.0
2.0,4899.0,2320.0,3693.0,5167.0,7026.0,7026.0,2587.0,1106.0,1672.0,648.0
2.0,7746.0,1529.0,3631.0,9893.0,0.0,0.0,2544.0,1087.0,1054.0,475.0
2.0,16110.0,2822.0,3573.0,7026.0,0.0,0.0,2502.0,1071.0,1911.0,911.0
2.0,20314.0,4959.0,3579.0,0.0,0.0,0.0,2504.0,1075.0,3421.0,1538.0
2.0,15355.0,5791.0,3643.0,0.0,5008.0,5008.0,2548.0,1095.0,4069.0,1722.0
2.0,9564.0,4425.0,3701.0,0.0,9665.0,9665.0,2590.0,1111.0,3162.0,1263.0
2.0,5139.0,2276.0,3695.0,5008.0,6909.0,6909.0,2588.0,1107.0,1644.0,632.0
2.0,7871.0,1472.0,3630.0,9665.0,0.0,0.0,2544.0,1086.0,1016.0,456.0
2.0,16064.0,2826.0,3571.0,6909.0,0.0,0.0,2501.0,1070.0,1916.0,910.0
2.0,20147.0,5015.0,3576.0,0.0,0.0,0.0,2502.0,1074.0,3460.0,1555.0
2.0,15132.0,5858.0,3643.0,0.0,5298.0,5298.0,2548.0,1095.0,4114.0,1744.0
2.0,9274.0,4463.0,3701.0,0.0,9993.0,9993.0,2590.0,1111.0,3190.0,1273.0
2.0,4811.0,2250.0,3693.0,5298.0,6913.0,6913.0,2587.0,1106.0,1628.0,622.0
2.0,7859.0,1439.0,3627.0,9993.0,0.0,0.0,2542.0,1085.0,992.0,447.0
2.0,16413.0,2803.0,3570.0,6913.0,0.0,0.0,2500.0,1070.0,1894.0,909.0
2.0,20523.0,5044.0,3579.0,0.0,0.0,0.0,2504.0,1075.0,3479.0,1565.0
2.0,15479.0,5818.0,3644.0,0.0,4915.0,4915.0,2549.0,1095.0,4088.0,1730.0
2.0,9661.0,4411.0,3701.0,0.0,9554.0,9554.0,2590.0,1111.0,3155.0,1256.0
2.0,5250.0,2295.0,3693.0,4915.0,6902.0,6902.0,2587.0,1106.0,1660.0,635.0
2.0,7870.0,1511.0,3629.0,9554.0,0.0,0.0,2543.0,1086.0,1044.0,467.0
2.0,15913.0,2808.0,3571.0,6902.0,0.0,0.0,2501.0,1070.0,1899.0,909.0
2.0,20007.0,4883.0,3578.0,0.0,0.0,0.0,2503.0,1075.0,3364.0,1519.0
2.0,15124.0,5717.0,3642.0,0.0,5161.0,5161.0,2547.0,1095.0,4016.0,1701.0
2.0,9407.0,4436.0,3699.0,0.0,9825.0,9825.0,2589.0,1110.0,3172.0,1264.0
2.0,4971.0,2321.0,3692.0,5161.0,6957.0,6957.0,2586.0,1106.0,1678.0,643.0
2.0,7811.0,1534.0,3628.0,9825.0,0.0,0.0,2542.0,1086.0,1062.0,472.0
2.0,16102.0,2824.0,3573.0,6957.0,0.0,0.0,2502.0,1071.0,1912.0,912.0
2.0,20235.0,4928.0,3582.0,0.0,0.0,0.0,2506.0,1076.0,3398.0,1530.0
2.0,15307.0,5763.0,3647.0,0.0,5044.0,5044.0,2551.0,1096.0,4045.0,1718.0
2.0,9544.0,4550.0,3704.0,0.0,9822.0,9822.0,2592.0,1112.0,3249.0,1301.0
2.0,4994.0,2425.0,3696.0,5044.0,7171.0,7171.0,2589.0,1107.0,1751.0,674.0
2.0,7613.0,1448.0,3629.0,9822.0,0.0,0.0,2543.0,1086.0,1003.0,445.0
2.0,15987.0,2653.0,3572.0,7171.0,0.0,0.0,2501.0,1071.0,1793.0,860.0
2.0,20505.0,4826.0,3581.0,0.0,0.0,0.0,2505.0,1076.0,3325.0,1501.0
2.0,15679.0,5838.0,3649.0,0.0,4755.0,4755.0,2552.0,1097.0,4099.0,1739.0
2.0,9841.0,4658.0,3708.0,0.0,9649.0,9649.0,2595.0,1113.0,3326.0,1332.0
2.0,5183.0,2471.0,3699.0,4755.0,7329.0,7329.0,2591.0,1108.0,1783.0,688.0
2.0,7467.0,1498.0,3632.0,9649.0,0.0,0.0,2545.0,1087.0,1035.0,463.0
2.0,15618.0,2679.0,3576.0,7329.0,0.0,0.0,2504.0,1072.0,1810.0,869.0
2.0,20268.0,4834.0,3585.0,0.0,0.0,0.0,2508.0,1077.0,3331.0,1503.0
2.0,15434.0,5836.0,3650.0,0.0,5002.0,5002.0,2553.0,1097.0,4099.0,1737.0
2.0,9598.0,4649.0,3710.0,0.0,9891.0,9891.0,2597.0,1113.0,3322.0,1327.0
2.0,4949.0,2449.0,3702.0,5002.0,7306.0,7306.0,2593.0,1109.0,1767.0,682.0
2.0,7502.0,1458.0,3635.0,9891.0,0.0,0.0,2547.0,1088.0,1006.0,452.0
2.0,15935.0,2657.0,3574.0,7306.0,0.0,0.0,2503.0,1071.0,1793.0,864.0
2.0,20584.0,4893.0,3583.0,0.0,0.0,0.0,2507.0,1076.0,3374.0,1519.0
2.0,15691.0,5947.0,3653.0,0.0,4868.0,4868.0,2555.0,1098.0,4176.0,1771.0
2.0,9744.0,4716.0,3715.0,0.0,9832.0,9832.0,2600.0,1115.0,3367.0,1349.0
2.0,5028.0,2446.0,3706.0,4868.0,7374.0,7374.0,2596.0,1110.0,1765.0,681.0
2.0,7450.0,1408.0,3638.0,9832.0,0.0,0.0,2549.0,1089.0,973.0,435.0
2.0,15874.0,2626.0,4787.620989794545,7374.0,0.0,0.0,3321.3819246442226,1466.2390651503215,1773.0,853.0
2.0,20622.0,4906.0,5780.1326476276845,0.0,7404.0,7404.0,4074.559192874537,1705.573454753147,3383.0,1523.0
2.0,15716.0,5928.0,4604.394555491651,0.0,8629.0,8629.0,3292.7335725355356,1311.660982956115,4164.0,1764.0
2.0,9788.0,4714.0,2485.342658140819,7404.0,0.0,0.0,1788.7618037140578,696.5808544267611,3366.0,1348.0
2.0,12478.0,2465.0,1446.3953875837224,8629.0,0.0,0.0,978.8707662376037,467.5246213461188,1776.0,689.0
2.0,18642.0,1451.0,2551.540138350197,0.0,0.0,0.0,1716.2416163949988,835.2985219551982,1000.0,451.0
2.0,17191.0,2604.0,4785.59599916912,0.0,4556.0,4556.0,3321.7725535268287,1463.8234456422915,1757.0,847.0
2.0,14587.0,4815.0,5796.149411157472,0.0,13412.0,13412.0,4085.0195778443895,1711.1298333130821,3322.0,1493.0
2.0,9772.0,5869.0,4650.926482467647,4556.0,10145.0,10145.0,3326.9179028502767,1324.0085796173694,4126.0,1743.0
2.0,8459.0,4741.0,2503.431041185724,13412.0,0.0,0.0,1801.9092949884716,701.5217461972527,3386.0,1355.0
2.0,17130.0,2560.0,1445.5450748865314,10145.0,0.0,0.0,978.2128890124236,467.33218587410784,1839.0,721.0
2.0,24715.0,1470.0,2492.4477530603426,0.0,0.0,0.0,1673.9176357558183,818.5301173045243,1009.0,461.0
2.0,23245.0,2592.0,4748.908740512026,0.0,0.0,0.0,3295.1384268145684,1453.7703136974574,1748.0,844.0
2.0,20653.0,4854.0,5806.152032448948,0.0,7425.0,7425.0,4091.6996439963395,1714.4523884526088,3354.0,1500.0
2.0,15799.0,5933.0,4677.039634866545,0.0,8842.0,8842.0,3343.081058237706,1333.9585766288392,4173.0,1760.0
2.0,9866.0,4750.0,2532.997358787259,7425.0,0.0,0.0,1823.9858054806316,709.0115533066275,3389.0,1361.0
2.0,12541.0,2533.0,1435.2446242195647,8842.0,0.0,0.0,970.5401426390104,464.7044815805542,1820.0,713.0
2.0,18850.0,1439.0,2494.1340822125894,0.0,0.0,0.0,1675.0851431560727,819.0489390565168,989.0,450.0
2.0,17411.0,2551.0,4769.620350437818,0.0,4219.0,4219.0,3312.7155079585937,1456.9048424792245,1722.0,829.0
2.0,14860.0,4750.0,5848.171690490173,0.0,13283.0,13283.0,4118.532778950021,1729.638911540152,3280.0,1470.0
2.0,10110.0,5896.0,4719.343434432011,4219.0,10444.0,10444.0,3373.359861334661,1345.9835730973498,4146.0,1750.0
2.0,8433.0,4836.0,2553.1985159640935,13283.0,0.0,0.0,1838.6745634146855,714.523952549408,3448.0,1388.0
2.0,16880.0,2562.0,1413.22933935347,10444.0,0.0,0.0,956.0046964500696,457.2246429034004,1838.0,724.0
2.0,24762.0,1384.0,2446.6901209012585,0.0,0.0,0.0,1640.9752219694867,805.714898931772,952.0,432.0
2.0,23378.0,2537.0,4741.062854222606,0.0,0.0,0.0,3291.312183017877,1449.7506712047289,1713.0,824.0
2.0,20841.0,4815.0,5878.557811662036,0.0,7489.0,7489.0,4137.277177092233,1741.280634569804,3326.0,1489.0
2.0,16026.0,5967.0,4748.166635596299,0.0,8933.0,8933.0,3392.338149377142,1355.8284862191563,4197.0,1770.0
2.0,10059.0,4827.0,2555.3847303442117,7489.0,0.0,0.0,1839.1974074932757,716.1873228509357,3441.0,1386.0
2.0,12721.0,2558.0,1392.777009049153,8933.0,0.0,0.0,942.0473109394245,450.7296981097286,1834.0,724.0
2.0,19096.0,1335.0,2441.281144710011,0.0,0.0,0.0,1638.3184276741426,802.9627170358683,916.0,419.0
2.0,17761.0,2440.0,4773.113306782442,0.0,3771.0,3771.0,3317.155912665664,1455.9573941167782,1646.0,794.0
2.0,15321.0,4816.0,5917.090222529783,0.0,13163.0,13163.0,4161.388781047467,1755.7014414823157,3328.0,1488.0
2.0,10505.0,6007.0,4789.193872275114,3771.0,10888.0,10888.0,3421.9024877543225,1367.2913845207916,4224.0,1783.0
2.0,8269.0,4863.0,2571.894704594998,13163.0,0.0,0.0,1852.0057546042576,719.8889499907403,3468.0,1395.0
2.0,16569.0,2581.0,1380.024997524874,10888.0,0.0,0.0,933.7567479359279,446.2682495889461,1850.0,731.0
2.0,24876.0,1495.0,2410.065532348745,0.0,0.0,0.0,1615.1501517243587,794.9153806243862,1026.0,469.0
2.0,23381.0,2578.0,4745.821754576775,0.0,0.0,0.0,3292.2955716184238,1453.5261829583512,1741.0,837.0
2.0,20803.0,4761.0,5903.286606830341,0.0,7571.0,7571.0,4151.966163508768,1751.3204433215735,3291.0,1470.0
2.0,16042.0,5861.0,4771.829402488046,0.0,8906.0,8906.0,3408.4794466071717,1363.3499558808742,4125.0,1736.0
2.0,10181.0,4862.0,2588.8380900418433,7571.0,0.0,0.0,1866.4638213927835,722.3742686490596,3466.0,1396.0
2.0,12890.0,2608.0,1397.3029640115915,8906.0,0.0,0.0,945.2855169894599,452.0174470221316,1869.0,739.0
2.0,19188.0,1478.0,2434.3293035938855,0.0,0.0,0.0,1632.8199967558887,801.5093068379966,1014.0,464.0
2.0,17710.0,2588.0,4765.587326109797,0.0,3941.0,3941.0,3308.988501719717,1456.5988243900795,1748.0,840.0
2.0,15122.0,4822.0,5915.018354417638,0.0,13360.0,13360.0,4158.736251758445,1756.2821026591923,3334.0,1488.0
2.0,10300.0,5952.0,4769.362368163004,3941.0,10788.0,10788.0,3409.0023668465888,1360.3600013164155,4187.0,1765.0
2.0,8289.0,4823.0,2569.6205621232593,13360.0,0.0,0.0,1850.84224564743,718.7783164758291,3438.0,1385.0
2.0,16826.0,2589.0,1386.3368662582852,10788.0,0.0,0.0,936.1387539668067,450.19811229147865,1855.0,734.0
2.0,25025.0,1446.0,2445.3409597783084,0.0,0.0,0.0,1639.6739380762906,805.667021702018,993.0,453.0
2.0,23579.0,2578.0,4774.5531562411215,0.0,0.0,0.0,3314.461418760866,1460.0917374802557,1743.0,835.0
2.0,21001.0,4905.0,5926.046451103932,0.0,7608.0,7608.0,4166.517451149763,1759.5289999541692,3391.0,1514.0
