agg_orders_level_0,agg_orders_level_1
2745.0,8235.0
2844.0,5736.0
385.0,0.0
957.0,0.0
1004.0,0.0
1086.0,0.0
946.0,297.0
1165.0,1037.0
1009.0,883.0
977.0,863.0
1052.0,983.0
955.0,871.0
902.0,818.0
898.0,829.0
904.0,841.0
1086.0,1068.0
1026.0,996.0
1088.0,1076.0
1055.0,1040.0
985.0,955.0
869.0,830.0
941.0,911.0
1003.0,991.0
1132.0,1129.0
1007.0,995.0
1037.0,1022.0
957.0,945.0
835.0,805.0
1001.0,989.0
1175.0,1184.0
1086.0,1083.0
1098.0,1098.0
976.0,961.0
1099.0,1102.0
1184.0,1193.0
981.0,975.0
1100.0,1097.0
1117.0,1117.0
1141.0,1147.0
1146.0,1152.0
1061.0,1058.0
1008.0,999.0
1048.0,1042.0
1209.0,1218.0
1222.0,1231.0
1095.0,1098.0
1020.0,1014.0
895.0,880.0
981.0,975.0
1043.0,1037.0
1138.0,1144.0
1177.0,1183.0
1214.0,1124.0
1024.0,916.0
1069.0,1108.0
1090.0,1102.0
1368.0,1389.0
1153.0,1156.0
1092.0,1098.0
1095.0,1092.0
1103.0,1109.0
1064.0,1073.0
1141.0,1144.0
1086.0,1092.0
1353.0,1380.0
1274.0,1295.0
1112.0,1124.0
1208.0,1214.0
1246.0,1261.0
1076.0,1076.0
1427.0,1448.0
1147.0,1153.0
1360.0,1390.0
1318.0,1339.0
1191.0,1200.0
968.0,962.0
1001.0,1001.0
1076.0,1073.0
1229.0,1247.0
1348.0,1381.0
1517.0,1544.0
1088.0,1082.0
1142.0,1145.0
1074.0,1077.0
1157.0,1166.0
1141.0,1144.0
1084.0,1078.0
1211.0,1223.0
1219.0,1225.0
1175.0,1178.0
1138.0,1141.0
1284.0,1290.0
1279.0,1294.0
1075.0,1078.0
1360.0,1378.0
1216.0,1216.0
1134.0,1125.0
1140.0,1146.0
1249.0,1264.0
1258.0,1279.0
1241.0,1256.0
1269.0,1281.0
1246.0,1249.0
1147.0,1147.0
1066.0,1060.0
1196.0,1205.0
1275.0,1284.0
1343.0,1361.0
1503.0,1509.0
1332.0,1344.0
1136.0,1136.0
958.0,955.0
1306.0,1318.0
1352.0,1364.0
1368.0,1383.0
1331.0,1346.0
1253.0,1250.0
1106.0,1088.0
1203.0,1209.0
1266.0,1272.0
1123.0,1117.0
1184.0,1187.0
1305.0,1302.0
1232.0,1235.0
1159.0,1144.0
1142.0,1133.0
1188.0,1191.0
1078.0,1084.0
1460.0,1481.0
1191.0,1200.0
1228.0,1231.0
1193.0,1184.0
1380.0,1368.0
1285.0,1300.0
1389.0,1404.0
1271.0,1280.0
1297.0,1309.0
1280.0,1283.0
1203.0,1215.0
1314.0,1317.0
1299.0,1302.0
1330.0,1342.0
1375.0,1384.0
1342.0,1348.0
1216.0,1213.0
1283.0,1295.0
1184.0,1175.0
1214.0,1214.0
1318.0,1327.0
1483.0,1504.0
1233.0,1230.0
1361.0,1364.0
1386.0,1401.0
1201.0,1195.0
1452.0,1467.0
1349.0,1355.0
1336.0,1354.0
1353.0,1359.0
1136.0,1133.0
1200.0,1188.0
1134.0,1119.0
1445.0,1445.0
1487.0,1508.0
1322.0,1343.0
1364.0,1370.0
1243.0,1234.0
1249.0,1243.0
1276.0,1273.0
1433.0,1445.0
1499.0,1520.0
1413.0,1425.0
1263.0,1266.0
1299.0,1308.0
1370.0,1376.0
1113.0,1104.0
1422.0,1434.0
1480.0,1498.0
1498.0,1519.0
1274.0,1280.0
1480.0,1501.0
1258.0,1249.0
1257.0,1257.0
1490.0,1505.0
1601.0,1625.0
1360.0,1360.0
1226.0,1223.0
1308.0,1302.0
1270.0,1270.0
1427.0,1436.0
1363.0,1366.0
1556.0,1577.0
1281.0,1281.0
1360.0,1363.0
1422.0,1425.0
1295.0,1295.0
1240.0,1231.0
1540.0,1558.0
1412.0,1421.0
1408.0,1420.0
1370.0,1379.0
1229.0,1229.0
1358.0,1343.0
1440.0,1458.0
1413.0,1416.0
1548.0,1554.0
1417.0,1429.0
1403.0,1400.0
1530.0,1539.0
1376.0,1379.0
1369.0,1369.0
1440.0,1464.0
1571.0,1589.0
1297.0,1309.0
1407.0,1404.0
1477.0,1477.0
1445.0,1448.0
1361.0,1361.0
1517.0,1535.0
1532.0,1547.0
1663.0,1684.0
1353.0,1350.0
1494.0,1491.0
1410.0,1413.0
1410.0,1419.0
1481.0,1487.0
1672.0,1696.0
1560.0,1584.0
1365.0,1356.0
1457.0,1457.0
1388.0,1382.0
1481.0,1499.0
1352.0,1340.0
1625.0,1649.0
1655.0,1673.0
1433.0,1436.0
1366.0,1348.0
1512.0,1521.0
1306.0,1312.0
1433.0,1442.0
1561.0,1579.0
1463.0,1457.0
1696.0,1717.0
1323.0,1314.0
1376.0,1382.0
1556.0,1565.0
1489.0,1498.0
1490.0,1496.0
1713.0,1743.0
1542.0,1542.0
1433.0,1433.0
1403.0,1403.0
1378.0,1378.0
1669.0,1693.0
1489.0,1498.0
1581.0,1587.0
1553.0,1562.0
1583.0,1589.0
1578.0,1587.0
1503.0,1506.0
1433.0,1427.0
1696.0,1714.0
1601.0,1616.0
1493.0,1496.0
1667.0,1673.0
1476.0,1482.0
1512.0,1518.0
1536.0,1545.0
1405.0,1405.0
1654.0,1666.0
1517.0,1520.0
1531.0,1528.0
1472.0,1460.0
1294.0,1291.0
1434.0,1434.0
1696.0,1711.0
1555.0,1564.0
1631.0,1640.0
1630.0,1624.0
1550.0,1547.0
1341.0,1341.0
1518.0,1527.0
1640.0,1655.0
1604.0,1610.0
1566.0,1575.0
1467.0,1458.0
1431.0,1422.0
1508.0,1505.0
1650.0,1671.0
1655.0,1664.0
1714.0,1741.0
1523.0,1523.0
1457.0,1454.0
1531.0,1531.0
1420.0,1405.0
1609.0,1627.0
1780.0,1807.0
1578.0,1575.0
1586.0,1589.0
1472.0,1472.0
1634.0,1631.0
1501.0,1495.0
1584.0,1596.0
1695.0,1713.0
1614.0,1629.0
1732.0,1732.0
1571.0,1577.0
1624.0,1627.0
1447.0,1444.0
1640.0,1640.0
1746.0,1755.0
1742.0,1757.0
1705.0,1720.0
1697.0,1694.0
1489.0,1483.0
1678.0,1690.0
1668.0,1671.0
1646.0,1652.0
1719.0,1734.0
1794.0,1806.0
1724.0,1745.0
1566.0,1557.0
1631.0,1640.0
1708.0,1723.0
1881.0,1902.0
1764.0,1791.0
1676.0,1688.0
1613.0,1607.0
1581.0,1581.0
1635.0,1641.0
1624.0,1615.0
1661.0,1673.0
1688.0,1709.0
1707.0,1716.0
1655.0,1658.0
1572.0,1569.0
1597.0,1600.0
1735.0,1753.0
1683.0,1698.0
1878.0,1899.0
1721.0,1724.0
1782.0,1785.0
1680.0,1680.0
1662.0,1671.0
1737.0,1749.0
1825.0,1843.0
1881.0,1911.0
1724.0,1730.0
1515.0,1497.0
1765.0,1777.0
1719.0,1728.0
1571.0,1574.0
1879.0,1894.0
1891.0,1915.0
1837.0,1852.0
1674.0,1674.0
1657.0,1660.0
1592.0,1580.0
1646.0,1652.0
1698.0,1701.0
1781.0,1802.0
1702.0,1705.0
1715.0,1712.0
1697.0,1697.0
1607.0,1601.0
1659.0,1656.0
1973.0,2003.0
1852.0,1861.0
1824.0,1830.0
1725.0,1728.0
1556.0,1553.0
1713.0,1704.0
1613.0,1607.0
1969.0,1996.0
1900.0,1912.0
1586.0,1583.0
1597.0,1576.0
1635.0,1629.0
1841.0,1853.0
1782.0,1791.0
1932.0,1950.0
1757.0,1766.0
1846.0,1858.0
1722.0,1722.0
1628.0,1625.0
1745.0,1748.0
1656.0,1659.0
1851.0,1866.0
1751.0,1760.0
1717.0,1717.0
1764.0,1767.0
1817.0,1817.0
1836.0,1839.0
1739.0,1736.0
1837.0,1846.0
1779.0,1785.0
1865.0,1874.0
1839.0,1839.0
1713.0,1704.0
1821.0,1827.0
1837.0,1855.0
1814.0,1817.0
1880.0,1889.0
1885.0,1903.0
1859.0,1859.0
1814.0,1811.0
1762.0,1756.0
1668.0,1668.0
1743.0,1749.0
1975.0,1996.0
1846.0,1858.0
1839.0,1845.0
1823.0,1826.0
1607.0,1601.0
2024.0,2045.0
1835.0,1838.0
1910.0,1931.0
1912.0,1927.0
1869.0,1860.0
1847.0,1850.0
1790.0,1787.0
1707.0,1707.0
1952.0,1973.0
1893.0,1908.0
1948.0,1969.0
1763.0,1745.0
1795.0,1786.0
1758.0,1770.0
1849.0,1867.0
1971.0,1986.0
1895.0,1898.0
1677.0,1674.0
1769.0,1763.0
1879.0,1885.0
1722.0,1713.0
1874.0,1886.0
1780.0,1783.0
1990.0,2005.0
1773.0,1779.0
1835.0,1835.0
1687.0,1681.0
1621.0,1618.0
1997.0,2012.0
2084.0,2096.0
1953.0,1962.0
1884.0,1896.0
2043.0,2055.0
1882.0,1882.0
1829.0,1829.0
2103.0,2115.0
1812.0,1821.0
2053.0,2068.0
2010.0,2019.0
1939.0,1945.0
1838.0,1838.0
1877.0,1874.0
1940.0,1943.0
1997.0,2009.0
2013.0,2028.0
1945.0,1963.0
1972.0,1987.0
1851.0,1842.0
1701.0,1695.0
2005.0,2008.0
1852.0,1858.0
1993.0,2014.0
2009.0,2009.0
1944.0,1950.0
1971.0,1971.0
1858.0,1858.0
1789.0,1780.0
1905.0,1911.0
2052.0,2067.0
2048.0,2069.0
1912.0,1912.0
1856.0,1853.0
1812.0,1803.0
1899.0,1908.0
1990.0,1999.0
1968.0,1986.0
2096.0,2105.0
1850.0,1838.0
2024.0,2033.0
1839.0,1851.0
1776.0,1779.0
2150.0,2165.0
2034.0,2052.0
2014.0,2020.0
2032.0,2050.0
1868.0,1859.0
1935.0,1944.0
1985.0,1991.0
2027.0,2048.0
2186.0,2219.0
2105.0,2114.0
1967.0,1955.0
1805.0,1799.0
1949.0,1952.0
1949.0,1940.0
2113.0,2131.0
2118.0,2133.0
2023.0,2020.0
1862.0,1865.0
1939.0,1933.0
1897.0,1894.0
2095.0,2101.0
2131.0,2146.0
2077.0,2086.0
1892.0,1889.0
2039.0,2045.0
2059.0,2062.0
2088.0,2094.0
1957.0,1960.0
2071.0,2083.0
2040.0,2058.0
2263.0,2278.0
1982.0,1988.0
1876.0,1873.0
2001.0,1998.0
1999.0,1999.0
2028.0,2037.0
1969.0,1969.0
2185.0,2215.0
2000.0,2003.0
1975.0,1966.0
1944.0,1944.0
2097.0,2103.0
2118.0,2133.0
2236.0,2266.0
2012.0,2018.0
2171.0,2177.0
2029.0,2035.0
1880.0,1859.0
1944.0,1962.0
2084.0,2087.0
2126.0,2138.0
2021.0,2033.0
2016.0,2013.0
1933.0,1930.0
1983.0,1977.0
2042.0,2048.0
2213.0,2225.0
2197.0,2215.0
2278.0,2293.0
1986.0,1986.0
2027.0,2021.0
2030.0,2021.0
2125.0,2134.0
2065.0,2077.0
2150.0,2165.0
2136.0,2145.0
1948.0,1939.0
2013.0,2010.0
1957.0,1951.0
2134.0,2149.0
2074.0,2080.0
2197.0,2218.0
2193.0,2199.0
2161.0,2161.0
2056.0,2059.0
2145.0,2160.0
2279.0,2285.0
2173.0,2182.0
2131.0,2137.0
2179.0,2185.0
1984.0,1984.0
2084.0,2084.0
1970.0,1955.0
1990.0,1990.0
2210.0,2228.0
2229.0,2244.0
2245.0,2263.0
2005.0,1999.0
2235.0,2250.0
2082.0,2079.0
2148.0,2154.0
2175.0,2187.0
2081.0,2087.0
2280.0,2295.0
2042.0,2033.0
2003.0,1994.0
2065.0,2065.0
2280.0,2289.0
2154.0,2157.0
2280.0,2307.0
2365.0,2392.0
2115.0,2112.0
2077.0,2074.0
2199.0,2211.0
2218.0,2230.0
2238.0,2259.0
2155.0,2158.0
2259.0,2271.0
2333.0,2339.0
2095.0,2092.0
2038.0,2026.0
2062.0,2065.0
2189.0,2201.0
2186.0,2189.0
2136.0,2142.0
2137.0,2140.0
1975.0,1969.0
2053.0,2044.0
2093.0,2099.0
2405.0,2432.0
2187.0,2199.0
2333.0,2342.0
2083.0,2083.0
2219.0,2222.0
2047.0,2038.0
2062.0,2059.0
2365.0,2383.0
2167.0,2167.0
2229.0,2229.0
2057.0,2045.0
2005.0,2002.0
2086.0,2080.0
2146.0,2152.0
2290.0,2302.0
2308.0,2326.0
2243.0,2258.0
2369.0,2384.0
2192.0,2186.0
2256.0,2259.0
2231.0,2240.0
2420.0,2435.0
2282.0,2291.0
2327.0,2336.0
2185.0,2185.0
2210.0,2222.0
2051.0,2036.0
2262.0,2274.0
2397.0,2421.0
2342.0,2357.0
2423.0,2429.0
2294.0,2300.0
2171.0,2168.0
2159.0,2144.0
2346.0,2364.0
2229.0,2235.0
2282.0,2291.0
2276.0,2276.0
2291.0,2297.0
2283.0,2289.0
2189.0,2186.0
2097.0,2082.0
2252.0,2261.0
2390.0,2405.0
2192.0,2204.0
2291.0,2297.0
2191.0,2194.0
2208.0,2211.0
2280.0,2289.0
2349.0,2367.0
2434.0,2461.0
2454.0,2469.0
2355.0,2349.0
2186.0,2186.0
2378.0,2387.0
2192.0,2192.0
2395.0,2416.0
2497.0,2515.0
2364.0,2385.0
2307.0,2307.0
2323.0,2323.0
2224.0,2227.0
2320.0,2335.0
2513.0,2543.0
2487.0,2508.0
2473.0,2497.0
2407.0,2410.0
2330.0,2330.0
2309.0,2321.0
2404.0,2398.0
2494.0,2515.0
2485.0,2497.0
2555.0,2576.0
2218.0,2203.0
2370.0,2379.0
2216.0,2207.0
2469.0,2484.0
2515.0,2536.0
2479.0,2500.0
2367.0,2379.0
2254.0,2239.0
2411.0,2420.0
2101.0,2080.0
2528.0,2540.0
2433.0,2451.0
2597.0,2621.0
2456.0,2465.0
2402.0,2408.0
2272.0,2269.0
2444.0,2456.0
2408.0,2417.0
2460.0,2472.0
2501.0,2513.0
2481.0,2502.0
2426.0,2441.0
2438.0,2441.0
2379.0,2388.0
2352.0,2358.0
2581.0,2602.0
2455.0,2467.0
2441.0,2453.0
2401.0,2401.0
2398.0,2404.0
2417.0,2408.0
2288.0,2282.0
2525.0,2552.0
2325.0,2319.0
2485.0,2500.0
2347.0,2344.0
2406.0,2403.0
2280.0,2274.0
2523.0,2535.0
2511.0,2520.0
2521.0,2542.0
2570.0,2585.0
2418.0,2409.0
2324.0,2318.0
2244.0,2229.0
2364.0,2361.0
2429.0,2435.0
2397.0,2400.0
2348.0,2345.0
2340.0,2334.0
2271.0,2256.0
2403.0,2397.0
2340.0,2346.0
2513.0,2519.0
2515.0,2533.0
2602.0,2611.0
2443.0,2437.0
2378.0,2375.0
2223.0,2214.0
2508.0,2526.0
2688.0,2703.0
2661.0,2691.0
2454.0,2451.0
2369.0,2366.0
2402.0,2390.0
2535.0,2538.0
2418.0,2415.0
2551.0,2572.0
2662.0,2674.0
2550.0,2556.0
2406.0,2406.0
2456.0,2453.0
2416.0,2410.0
2527.0,2539.0
2452.0,2449.0
2673.0,2688.0
2399.0,2402.0
2464.0,2458.0
2455.0,2452.0
2480.0,2483.0
2425.0,2425.0
2690.0,2714.0
2497.0,2500.0
2489.0,2495.0
2562.0,2568.0
2552.0,2564.0
2523.0,2526.0
2543.0,2558.0
2600.0,2609.0
2597.0,2612.0
2420.0,2414.0
2430.0,2424.0
2452.0,2449.0
2617.0,2617.0
2575.0,2590.0
2716.0,2740.0
2548.0,2560.0
2493.0,2505.0
2502.0,2508.0
2417.0,2417.0
2432.0,2435.0
2530.0,2542.0
2515.0,2524.0
2691.0,2709.0
2623.0,2644.0
2570.0,2570.0
2507.0,2507.0
2447.0,2441.0
2532.0,2538.0
2518.0,2521.0
2808.0,2844.0
2495.0,2495.0
2707.0,2707.0
2542.0,2536.0
2466.0,2463.0
2607.0,2625.0
2729.0,2747.0
2722.0,2734.0
2541.0,2547.0
2605.0,2608.0
2454.0,2442.0
2412.0,2400.0
2543.0,2555.0
2629.0,2638.0
2642.0,2654.0
2695.0,2710.0
2471.0,2471.0
2366.0,2345.0
2363.0,2363.0
2451.0,2451.0
2761.0,2779.0
2675.0,2684.0
2617.0,2629.0
2578.0,2569.0
2468.0,2468.0
2467.0,2467.0
2755.0,2767.0
2701.0,2707.0
2764.0,2779.0
2735.0,2747.0
2548.0,2545.0
2546.0,2543.0
2569.0,2575.0
2659.0,2674.0
2823.0,2841.0
2812.0,2824.0
2590.0,2593.0
2642.0,2639.0
2671.0,2677.0
2663.0,2672.0
2665.0,2671.0
2662.0,2683.0
2772.0,2784.0
2731.0,2749.0
2576.0,2576.0
2576.0,2570.0
2549.0,2546.0
2694.0,2703.0
2728.0,2740.0
2787.0,2805.0
2642.0,2648.0
2619.0,2622.0
2637.0,2628.0
2682.0,2694.0
2686.0,2686.0
2818.0,2833.0
2660.0,2672.0
2811.0,2823.0
2735.0,2738.0
2712.0,2709.0
2629.0,2635.0
2614.0,2614.0
2838.0,2859.0
2742.0,2760.0
2802.0,2817.0
2724.0,2730.0
2662.0,2662.0
2820.0,2829.0
2671.0,2680.0
2926.0,2962.0
2875.0,2905.0
2835.0,2853.0
2724.0,2724.0
2616.0,2613.0
2591.0,2591.0
2705.0,2714.0
2742.0,2754.0
2838.0,2859.0
2713.0,2710.0
2687.0,2690.0
2486.0,2468.0
2670.0,2667.0
2683.0,2689.0
2932.0,2959.0
2944.0,2962.0
2757.0,2763.0
2707.0,2701.0
2670.0,2661.0
2690.0,2696.0
2630.0,2630.0
2796.0,2799.0
2880.0,2898.0
2656.0,2656.0
2707.0,2710.0
2613.0,2598.0
2825.0,2834.0
2815.0,2830.0
3202.0,3238.0
2852.0,2867.0
2900.0,2915.0
2738.0,2735.0
2710.0,2707.0
2718.0,2724.0
2695.0,2695.0
2908.0,2923.0
2858.0,2870.0
2861.0,2870.0
2580.0,2568.0
2608.0,2599.0
2704.0,2704.0
2825.0,2828.0
2859.0,2868.0
2898.0,2916.0
2945.0,2966.0
2813.0,2810.0
2700.0,2694.0
2630.0,2624.0
2770.0,2773.0
2756.0,2762.0
2762.0,2756.0
2872.0,2884.0
2807.0,2801.0
2762.0,2756.0
2671.0,2659.0
3004.0,3022.0
2987.0,3008.0
2831.0,2846.0
2959.0,2974.0
2780.0,2783.0
2698.0,2686.0
2875.0,2887.0
2847.0,2853.0
2818.0,2839.0
2921.0,2933.0
2682.0,2688.0
2826.0,2817.0
2824.0,2818.0
2934.0,2943.0
2702.0,2702.0
2885.0,2894.0
2979.0,2997.0
2957.0,2978.0
2861.0,2864.0
2755.0,2749.0
2738.0,2741.0
2862.0,2874.0
3128.0,3155.0
3031.0,3040.0
2801.0,2804.0
2833.0,2812.0
2905.0,2908.0
2880.0,2880.0
3025.0,3043.0
2971.0,2983.0
2919.0,2928.0
2770.0,2779.0
2980.0,2983.0
2786.0,2780.0
2853.0,2853.0
2903.0,2918.0
2988.0,3015.0
2849.0,2855.0
2929.0,2935.0
2824.0,2824.0
2822.0,2816.0
2836.0,2827.0
2810.0,2807.0
3187.0,3220.0
2881.0,2896.0
2887.0,2896.0
2812.0,2812.0
2956.0,2968.0
2893.0,2896.0
3009.0,3021.0
3082.0,3100.0
3156.0,3183.0
2881.0,2872.0
2942.0,2942.0
2826.0,2823.0
2708.0,2696.0
2878.0,2881.0
2963.0,2984.0
2934.0,2934.0
2897.0,2897.0
2968.0,2974.0
2835.0,2835.0
2845.0,2854.0
2742.0,2739.0
2901.0,2907.0
3042.0,3048.0
2980.0,2995.0
3204.0,3219.0
2980.0,2977.0
2944.0,2947.0
3033.0,3048.0
3039.0,3051.0
3002.0,3017.0
3066.0,3084.0
3014.0,3002.0
2766.0,2748.0
2930.0,2942.0
2982.0,2988.0
3132.0,3141.0
3199.0,3220.0
2947.0,2944.0
3119.0,3125.0
2747.0,2741.0
2835.0,2838.0
2890.0,2890.0
3175.0,3193.0
3135.0,3150.0
3123.0,3138.0
2867.0,2858.0
2934.0,2943.0
3037.0,3037.0
3153.0,3177.0
3213.0,3231.0
3028.0,3040.0
2986.0,2998.0
3090.0,3090.0
2745.0,2730.0
2923.0,2923.0
2942.0,2951.0
3050.0,3056.0
3173.0,3188.0
2960.0,2957.0
3038.0,3041.0
2854.0,2830.0
3049.0,3064.0
3069.0,3075.0
3202.0,3226.0
3109.0,3133.0
3134.0,3143.0
2881.0,2878.0
2898.0,2898.0
2946.0,2946.0
3028.0,3031.0
3227.0,3248.0
3214.0,3235.0
3027.0,3048.0
3079.0,3088.0
2922.0,2916.0
3043.0,3046.0
2949.0,2937.0
3199.0,3208.0
3116.0,3128.0
2908.0,2896.0
3046.0,3049.0
3149.0,3158.0
3056.0,3056.0
3105.0,3105.0
3149.0,3173.0
3046.0,3055.0
3179.0,3188.0
2981.0,2978.0
2943.0,2928.0
3020.0,3023.0
3173.0,3176.0
3155.0,3176.0
3230.0,3254.0
3072.0,3084.0
3160.0,3154.0
2866.0,2854.0
3078.0,3075.0
3083.0,3098.0
3262.0,3277.0
3263.0,3275.0
3016.0,3010.0
3070.0,3064.0
2994.0,2988.0
2926.0,2923.0
3103.0,3106.0
3319.0,3352.0
3169.0,3184.0
3170.0,3182.0
3199.0,3208.0
2965.0,2959.0
3131.0,3137.0
3304.0,3316.0
3340.0,3370.0
3154.0,3163.0
3067.0,3064.0
2988.0,2973.0
3142.0,3145.0
3133.0,3139.0
3184.0,3193.0
3005.0,3017.0
3280.0,3298.0
3028.0,3031.0
3158.0,3152.0
3096.0,3087.0
3129.0,3135.0
3300.0,3312.0
3314.0,3338.0
3321.0,3333.0
3084.0,3096.0
3324.0,3330.0
3142.0,3142.0
3006.0,3015.0
3271.0,3280.0
3233.0,3239.0
3309.0,3327.0
3194.0,3200.0
3284.0,3290.0
3178.0,3187.0
3077.0,3071.0
3117.0,3123.0
3312.0,3336.0
3368.0,3386.0
3203.0,3203.0
2977.0,2968.0
3092.0,3083.0
3205.0,3217.0
3234.0,3234.0
3235.0,3256.0
3337.0,3352.0
3161.0,3167.0
3225.0,3225.0
3093.0,3075.0
3057.0,3060.0
3164.0,3176.0
3344.0,3356.0
3365.0,3398.0
3167.0,3173.0
3140.0,3122.0
3185.0,3191.0
3095.0,3092.0
3251.0,3254.0
3375.0,3399.0
3511.0,3529.0
3097.0,3085.0
3167.0,3158.0
3158.0,3161.0
3140.0,3140.0
3251.0,3269.0
3174.0,3171.0
3428.0,3446.0
3345.0,3360.0
3197.0,3206.0
3184.0,3178.0
3138.0,3144.0
3110.0,3110.0
3552.0,3573.0
3417.0,3438.0
3183.0,3174.0
3204.0,3201.0
3131.0,3119.0
3346.0,3361.0
3180.0,3168.0
3423.0,3444.0
3113.0,3116.0
3298.0,3295.0
3200.0,3200.0
3261.0,3258.0
3208.0,3208.0
3421.0,3436.0
3245.0,3245.0
3589.0,3619.0
3186.0,3189.0
3411.0,3417.0
3220.0,3211.0
3253.0,3256.0
3387.0,3411.0
3355.0,3373.0
3358.0,3364.0
3465.0,3480.0
3244.0,3241.0
3326.0,3326.0
3236.0,3245.0
3269.0,3269.0
3348.0,3360.0
3407.0,3431.0
3309.0,3318.0
3273.0,3267.0
3223.0,3217.0
3303.0,3309.0
3400.0,3412.0
3413.0,3428.0
3307.0,3316.0
3297.0,3306.0
3405.0,3402.0
3345.0,3339.0
3245.0,3248.0
3396.0,3414.0
3363.0,3375.0
3318.0,3330.0
3347.0,3350.0
3359.0,3368.0
3322.0,3319.0
3169.0,3157.0
3311.0,3320.0
3397.0,3409.0
3636.0,3660.0
3552.0,3579.0
3435.0,3432.0
3515.0,3521.0
3278.0,3281.0
3494.0,3509.0
3434.0,3452.0
3441.0,3441.0
3481.0,3505.0
3385.0,3385.0
3366.0,3378.0
3368.0,3371.0
3550.0,3577.0
3534.0,3543.0
3430.0,3442.0
3299.0,3296.0
3338.0,3341.0
3388.0,3379.0
3382.0,3388.0
3410.0,3410.0
3459.0,3474.0
3554.0,3572.0
3501.0,3510.0
3344.0,3344.0
3420.0,3423.0
3288.0,3276.0
3373.0,3379.0
3533.0,3542.0
3444.0,3465.0
3394.0,3400.0
3420.0,3420.0
3333.0,3330.0
3404.0,3407.0
3478.0,3493.0
3541.0,3559.0
3550.0,3565.0
3360.0,3360.0
3474.0,3477.0
3461.0,3467.0
3370.0,3373.0
3339.0,3336.0
3364.0,3367.0
3533.0,3551.0
3474.0,3477.0
3393.0,3393.0
3461.0,3467.0
3441.0,3450.0
3525.0,3537.0
3544.0,3556.0
3469.0,3484.0
3403.0,3409.0
3333.0,3330.0
3307.0,3286.0
3360.0,3351.0
3383.0,3380.0
3487.0,3484.0
3614.0,3632.0
3637.0,3649.0
3548.0,3551.0
3457.0,3460.0
3364.0,3355.0
3425.0,3428.0
3605.0,3617.0
3404.0,3407.0
3451.0,3448.0
3522.0,3522.0
3408.0,3405.0
3275.0,3275.0
3465.0,3471.0
3690.0,3705.0
3333.0,3330.0
3417.0,3417.0
3474.0,3474.0
3450.0,3447.0
3397.0,3394.0
3380.0,3377.0
3599.0,3614.0
3586.0,3601.0
3505.0,3514.0
3491.0,3488.0
3512.0,3515.0
3451.0,3457.0
3718.0,3736.0
3597.0,3609.0
3380.0,3380.0
3589.0,3595.0
3492.0,3489.0
3398.0,3389.0
3418.0,3421.0
3528.0,3531.0
3696.0,3708.0
3586.0,3598.0
3547.0,3559.0
3549.0,3558.0
3458.0,3458.0
3451.0,3448.0
3649.0,3667.0
3649.0,3661.0
3600.0,3606.0
3513.0,3510.0
3496.0,3496.0
3668.0,3677.0
3599.0,3614.0
3482.0,3491.0
3648.0,3666.0
3439.0,3439.0
3844.0,3877.0
3537.0,3537.0
3349.0,3334.0
3358.0,3343.0
3499.0,3493.0
3749.0,3767.0
3824.0,3851.0
3471.0,3474.0
3588.0,3585.0
3566.0,3578.0
3453.0,3453.0
3586.0,3589.0
3616.0,3631.0
3740.0,3761.0
3576.0,3588.0
3659.0,3659.0
3631.0,3643.0
3447.0,3450.0
3551.0,3557.0
3731.0,3743.0
3714.0,3732.0
3662.0,3680.0
3624.0,3630.0
3426.0,3417.0
3667.0,3673.0
3578.0,3584.0
3690.0,3699.0
3728.0,3743.0
3467.0,3455.0
3671.0,3671.0
3563.0,3575.0
3520.0,3517.0
3802.0,3820.0
3649.0,3664.0
3801.0,3819.0
3602.0,3611.0
3512.0,3500.0
3706.0,3712.0
3397.0,3388.0
3694.0,3703.0
3722.0,3737.0
3663.0,3675.0
3629.0,3632.0
3600.0,3594.0
3672.0,3672.0
3630.0,3636.0
3664.0,3676.0
3799.0,3805.0
3681.0,3693.0
3847.0,3865.0
3609.0,3609.0
3658.0,3670.0
3564.0,3549.0
3721.0,3730.0
3839.0,3866.0
3637.0,3655.0
3569.0,3569.0
3722.0,3722.0
3550.0,3535.0
3602.0,3608.0
3660.0,3666.0
3818.0,3833.0
3686.0,3701.0
3753.0,3759.0
3839.0,3851.0
3636.0,3630.0
3577.0,3577.0
3775.0,3787.0
3875.0,3884.0
3734.0,3755.0
3775.0,3784.0
3611.0,3608.0
3633.0,3627.0
3620.0,3617.0
3594.0,3594.0
3888.0,3912.0
4026.0,4047.0
3828.0,3837.0
3706.0,3712.0
3600.0,3594.0
3576.0,3582.0
3891.0,3900.0
3841.0,3859.0
3987.0,4017.0
3843.0,3846.0
3762.0,3765.0
3767.0,3767.0
3542.0,3533.0
3947.0,3977.0
3841.0,3847.0
3859.0,3883.0
3827.0,3839.0
3466.0,3454.0
3580.0,3574.0
3690.0,3693.0
3859.0,3877.0
3750.0,3750.0
3732.0,3735.0
3914.0,3935.0
3716.0,3710.0
3712.0,3712.0
3693.0,3684.0
3778.0,3790.0
3892.0,3904.0
3983.0,4004.0
3889.0,3898.0
3837.0,3837.0
3682.0,3688.0
3712.0,3721.0
3895.0,3904.0
3636.0,3642.0
3834.0,3843.0
3956.0,3977.0
3677.0,3668.0
3736.0,3736.0
3689.0,3689.0
3805.0,3802.0
3963.0,3978.0
3952.0,3979.0
3794.0,3794.0
3771.0,3759.0
3856.0,3871.0
3616.0,3601.0
3973.0,3997.0
3789.0,3795.0
3896.0,3914.0
3864.0,3879.0
3764.0,3758.0
3652.0,3634.0
3851.0,3848.0
3907.0,3919.0
3894.0,3915.0
3950.0,3965.0
3999.0,4008.0
3796.0,3796.0
3502.0,3475.0
3728.0,3719.0
3903.0,3909.0
3921.0,3930.0
4041.0,4071.0
3984.0,3984.0
3849.0,3852.0
3653.0,3641.0
3561.0,3546.0
3802.0,3823.0
4036.0,4060.0
3826.0,3832.0
3961.0,3970.0
3911.0,3917.0
3766.0,3769.0
3833.0,3827.0
3857.0,3869.0
3925.0,3937.0
3993.0,4008.0
3791.0,3794.0
3847.0,3841.0
3681.0,3663.0
3778.0,3778.0
3762.0,3756.0
4088.0,4109.0
4095.0,4116.0
3840.0,3837.0
3884.0,3899.0
3746.0,3746.0
3762.0,3747.0
3905.0,3917.0
3962.0,3977.0
3878.0,3887.0
3846.0,3852.0
3801.0,3789.0
3946.0,3946.0
3961.0,3973.0
3869.0,3875.0
3920.0,3920.0
3885.0,3900.0
3812.0,3806.0
3958.0,3961.0
3893.0,3896.0
3863.0,3860.0
4018.0,4039.0
4062.0,4083.0
4055.0,4067.0
3959.0,3965.0
3980.0,3983.0
3787.0,3775.0
3978.0,3981.0
4002.0,4008.0
3910.0,3940.0
4041.0,4056.0
3961.0,3961.0
3880.0,3880.0
3863.0,3854.0
3896.0,3893.0
3830.0,3827.0
3938.0,3953.0
4006.0,4030.0
4107.0,4128.0
3968.0,3965.0
3850.0,3850.0
3931.0,3931.0
3922.0,3922.0
4078.0,4093.0
3942.0,3951.0
4070.0,4082.0
3845.0,3842.0
3954.0,3948.0
4060.0,4078.0
3949.0,3958.0
4055.0,4070.0
4080.0,4101.0
4146.0,4167.0
3834.0,3819.0
3970.0,3964.0
3920.0,3926.0
3921.0,3921.0
3922.0,3934.0
4140.0,4158.0
4112.0,4127.0
3824.0,3815.0
3763.0,3757.0
3862.0,3862.0
4169.0,4190.0
4160.0,4172.0
3964.0,3967.0
4026.0,4035.0
3955.0,3958.0
3963.0,3966.0
3981.0,3990.0
4030.0,4033.0
4040.0,4049.0
3977.0,3986.0
4194.0,4203.0
4057.0,4057.0
3993.0,3990.0
4070.0,4073.0
4125.0,4134.0
4057.0,4075.0
4177.0,4189.0
3989.0,3986.0
3910.0,3913.0
4016.0,4013.0
3976.0,3976.0
4043.0,4049.0
4139.0,4157.0
4109.0,4124.0
4210.0,4225.0
4122.0,4131.0
4041.0,4053.0
4100.0,4094.0
4152.0,4167.0
4327.0,4351.0
4188.0,4206.0
4033.0,4036.0
4193.0,4202.0
4138.0,4150.0
4109.0,4112.0
4034.0,4046.0
4129.0,4135.0
4169.0,4178.0
4216.0,4231.0
4118.0,4121.0
4111.0,4114.0
3917.0,3899.0
4138.0,4159.0
4158.0,4167.0
4243.0,4264.0
4230.0,4245.0
3971.0,3974.0
4058.0,4055.0
3932.0,3920.0
4105.0,4123.0
4227.0,4257.0
4186.0,4201.0
4090.0,4084.0
4128.0,4128.0
4079.0,4085.0
4138.0,4144.0
4070.0,4076.0
4187.0,4202.0
4371.0,4395.0
4238.0,4247.0
4156.0,4168.0
4185.0,4194.0
4085.0,4079.0
4151.0,4157.0
4292.0,4307.0
4097.0,4100.0
4225.0,4228.0
4055.0,4055.0
4013.0,4004.0
4121.0,4127.0
4141.0,4153.0
4054.0,4060.0
4190.0,4202.0
4330.0,4348.0
4176.0,4179.0
4155.0,4155.0
4078.0,4072.0
4139.0,4142.0
4314.0,4326.0
4193.0,4196.0
4246.0,4255.0
3961.0,3940.0
4095.0,4092.0
4158.0,4164.0
4219.0,4219.0
4257.0,4266.0
4189.0,4192.0
4247.0,4259.0
4178.0,4178.0
4149.0,4152.0
4012.0,4000.0
4236.0,4242.0
4193.0,4199.0
4263.0,4281.0
4237.0,4240.0
4262.0,4271.0
4068.0,4059.0
3979.0,3964.0
4061.0,4064.0
4328.0,4343.0
4165.0,4180.0
4281.0,4290.0
4264.0,4264.0
4255.0,4261.0
4111.0,4111.0
4318.0,4333.0
4367.0,4382.0
4267.0,4273.0
4324.0,4342.0
4217.0,4217.0
4176.0,4164.0
4081.0,4072.0
4251.0,4254.0
4384.0,4402.0
4240.0,4246.0
4268.0,4274.0
4108.0,4099.0
4241.0,4247.0
4225.0,4222.0
4335.0,4353.0
4409.0,4436.0
4323.0,4332.0
4230.0,4233.0
4241.0,4250.0
4083.0,4080.0
4219.0,4216.0
4170.0,4167.0
4327.0,4336.0
4549.0,4576.0
4342.0,4351.0
4235.0,4229.0
4218.0,4224.0
4281.0,4284.0
4427.0,4454.0
4261.0,4273.0
4498.0,4516.0
4293.0,4296.0
4199.0,4196.0
4259.0,4262.0
4349.0,4352.0
4417.0,4435.0
4454.0,4472.0
4429.0,4453.0
4388.0,4394.0
4219.0,4225.0
4340.0,4340.0
4202.0,4205.0
4346.0,4343.0
4334.0,4358.0
4391.0,4412.0
4206.0,4215.0
4276.0,4273.0
4364.0,4373.0
4092.0,4080.0
4300.0,4303.0
4355.0,4364.0
4507.0,4528.0
4433.0,4439.0
4251.0,4248.0
4210.0,4198.0
4132.0,4126.0
4329.0,4341.0
4459.0,4468.0
4384.0,4408.0
4347.0,4347.0
4434.0,4440.0
4276.0,4276.0
4205.0,4202.0
4259.0,4262.0
4434.0,4449.0
4495.0,4513.0
4395.0,4395.0
4421.0,4427.0
4160.0,4151.0
4272.0,4275.0
4310.0,4310.0
4419.0,4437.0
4628.0,4655.0
4460.0,4475.0
4286.0,4286.0
4100.0,4070.0
4268.0,4262.0
4385.0,4394.0
4585.0,4609.0
4487.0,4502.0
4364.0,4352.0
4351.0,4363.0
4339.0,4324.0
4317.0,4323.0
4508.0,4526.0
4598.0,4616.0
4576.0,4591.0
4444.0,4444.0
4330.0,4324.0
4284.0,4275.0
4321.0,4315.0
4442.0,4457.0
4429.0,4435.0
4575.0,4596.0
4450.0,4456.0
4399.0,4402.0
4389.0,4389.0
4304.0,4310.0
4325.0,4328.0
4422.0,4425.0
4607.0,4637.0
4301.0,4301.0
4503.0,4512.0
4286.0,4271.0
4398.0,4398.0
4477.0,4492.0
4562.0,4583.0
4538.0,4559.0
4385.0,4388.0
4327.0,4321.0
4345.0,4339.0
4298.0,4298.0
4427.0,4424.0
4526.0,4541.0
4561.0,4579.0
4552.0,4576.0
4359.0,4350.0
4401.0,4395.0
4448.0,4454.0
4475.0,4481.0
4513.0,4528.0
4543.0,4564.0
4625.0,4637.0
4396.0,4396.0
4320.0,4308.0
4312.0,4297.0
4453.0,4465.0
4521.0,4542.0
4428.0,4437.0
4693.0,4714.0
4331.0,4313.0
4441.0,4441.0
4354.0,4357.0
4422.0,4425.0
4874.0,4904.0
4622.0,4637.0
4433.0,4433.0
4429.0,4417.0
4433.0,4427.0
4484.0,4481.0
4672.0,4696.0
4635.0,4650.0
4420.0,4432.0
4607.0,4616.0
4601.0,4610.0
4510.0,4504.0
4512.0,4518.0
4280.0,4271.0
4578.0,4587.0
4614.0,4635.0
4423.0,4429.0
4601.0,4610.0
4511.0,4505.0
4365.0,4371.0
4490.0,4487.0
4555.0,4573.0
4689.0,4701.0
4380.0,4380.0
4605.0,4605.0
4551.0,4551.0
4495.0,4501.0
4594.0,4615.0
4666.0,4678.0
4504.0,4519.0
4630.0,4642.0
4401.0,4392.0
4497.0,4494.0
4491.0,4488.0
4566.0,4572.0
4658.0,4679.0
4513.0,4513.0
4544.0,4550.0
4653.0,4662.0
4608.0,4614.0
4457.0,4448.0
4372.0,4369.0
4548.0,4560.0
4662.0,4683.0
4669.0,4678.0
4528.0,4531.0
4526.0,4535.0
4440.0,4425.0
4526.0,4529.0
4664.0,4682.0
4681.0,4699.0
4502.0,4511.0
4557.0,4530.0
4602.0,4605.0
4455.0,4458.0
4618.0,4630.0
4671.0,4683.0
4686.0,4698.0
4642.0,4639.0
4547.0,4547.0
4596.0,4602.0
4505.0,4499.0
4636.0,4636.0
4655.0,4664.0
4675.0,4684.0
4513.0,4528.0
4538.0,4538.0
4321.0,4303.0
4479.0,4482.0
4560.0,4557.0
4894.0,4918.0
4773.0,4794.0
4736.0,4751.0
4634.0,4637.0
4495.0,4483.0
4702.0,4726.0
4661.0,4664.0
4879.0,4894.0
4846.0,4864.0
4748.0,4757.0
4767.0,4773.0
4598.0,4607.0
4712.0,4715.0
4600.0,4612.0
4874.0,4892.0
4709.0,4727.0
4711.0,4720.0
4620.0,4617.0
4585.0,4582.0
4583.0,4589.0
4600.0,4597.0
4722.0,4728.0
4858.0,4885.0
4754.0,4772.0
4749.0,4764.0
4522.0,4510.0
4601.0,4601.0
4628.0,4631.0
4694.0,4709.0
4580.0,4583.0
4711.0,4723.0
4711.0,4714.0
4672.0,4672.0
4654.0,4666.0
4657.0,4657.0
4719.0,4725.0
4893.0,4923.0
4786.0,4792.0
4622.0,4622.0
4727.0,4727.0
4709.0,4715.0
4604.0,4610.0
4781.0,4790.0
4912.0,4936.0
4928.0,4943.0
4609.0,4609.0
4579.0,4570.0
4756.0,4774.0
4875.0,4893.0
4864.0,4894.0
4866.0,4890.0
4790.0,4799.0
4759.0,4750.0
4771.0,4774.0
4655.0,4649.0
4794.0,4806.0
4938.0,4962.0
4970.0,4988.0
4701.0,4701.0
4625.0,4610.0
4668.0,4656.0
4637.0,4634.0
4607.0,4595.0
4843.0,4858.0
4881.0,4893.0
4726.0,4732.0
4575.0,4557.0
4542.0,4530.0
4799.0,4805.0
5015.0,5039.0
4675.0,4681.0
4886.0,4901.0
4603.0,4609.0
4802.0,4799.0
4688.0,4682.0
4749.0,4752.0
4675.0,4666.0
4889.0,4913.0
4900.0,4915.0
4714.0,4720.0
4837.0,4843.0
4756.0,4765.0
4887.0,4902.0
4788.0,4788.0
4908.0,4926.0
4818.0,4827.0
4829.0,4841.0
4746.0,4743.0
4723.0,4714.0
4710.0,4710.0
4856.0,4865.0
4844.0,4850.0
4826.0,4838.0
5015.0,5033.0
4806.0,4809.0
4805.0,4796.0
4762.0,4756.0
4906.0,4924.0
4866.0,4881.0
4913.0,4919.0
4856.0,4859.0
4856.0,4856.0
4921.0,4921.0
4689.0,4683.0
4935.0,4947.0
4940.0,4955.0
4912.0,4924.0
4925.0,4928.0
4891.0,4891.0
4740.0,4728.0
4864.0,4873.0
5026.0,5050.0
4952.0,4964.0
4977.0,4998.0
4984.0,5002.0
4795.0,4795.0
4876.0,4879.0
4804.0,4810.0
4925.0,4946.0
5127.0,5157.0
5027.0,5042.0
4932.0,4923.0
4682.0,4685.0
4646.0,4631.0
4742.0,4751.0
4852.0,4852.0
5055.0,5079.0
4926.0,4935.0
4871.0,4883.0
4826.0,4820.0
4703.0,4691.0
4831.0,4843.0
4802.0,4799.0
5034.0,5055.0
4980.0,4980.0
4989.0,4998.0
4895.0,4898.0
5005.0,5017.0
4773.0,4767.0
4932.0,4941.0
5150.0,5174.0
5160.0,5190.0
4934.0,4937.0
5025.0,5037.0
4944.0,4947.0
4883.0,4877.0
5071.0,5089.0
5091.0,5103.0
4915.0,4927.0
4979.0,4982.0
4915.0,4915.0
4978.0,4984.0
4953.0,4959.0
4904.0,4904.0
4973.0,4982.0
4949.0,4961.0
5140.0,5149.0
5067.0,5079.0
4874.0,4871.0
4687.0,4672.0
4970.0,4973.0
5005.0,5023.0
5119.0,5134.0
4965.0,4959.0
4711.0,4699.0
4835.0,4829.0
5028.0,5025.0
4871.0,4880.0
5006.0,5006.0
5034.0,5052.0
5007.0,5010.0
4870.0,4858.0
4721.0,4706.0
4933.0,4930.0
4950.0,4968.0
5037.0,5055.0
5193.0,5220.0
4986.0,4995.0
5091.0,5091.0
4755.0,4746.0
4844.0,4844.0
4855.0,4855.0
5001.0,5022.0
4975.0,4981.0
4946.0,4958.0
4922.0,4907.0
5073.0,5082.0
4785.0,4773.0
4976.0,4982.0
5063.0,5066.0
5232.0,5259.0
4983.0,4983.0
4986.0,4977.0
4886.0,4871.0
4988.0,4994.0
4976.0,4973.0
5184.0,5193.0
5087.0,5102.0
4901.0,4892.0
5044.0,5041.0
4980.0,4986.0
4997.0,4997.0
5204.0,5216.0
5132.0,5141.0
5235.0,5253.0
5186.0,5207.0
5089.0,5095.0
4940.0,4937.0
4897.0,4882.0
5133.0,5139.0
5112.0,5124.0
5084.0,5108.0
5175.0,5187.0
5027.0,5027.0
5036.0,5027.0
5077.0,5086.0
4818.0,4824.0
5273.0,5300.0
5033.0,5036.0
5069.0,5078.0
5120.0,5126.0
5049.0,5049.0
5107.0,5110.0
5022.0,5037.0
5164.0,5188.0
5233.0,5248.0
5054.0,5060.0
5115.0,5121.0
5050.0,5044.0
4992.0,4992.0
5062.0,5059.0
5103.0,5124.0
5163.0,5178.0
5160.0,5178.0
5181.0,5193.0
5204.0,5219.0
5175.0,5187.0
5157.0,5169.0
5146.0,5149.0
5278.0,5311.0
5125.0,5134.0
5092.0,5089.0
5053.0,5047.0
4922.0,4919.0
5047.0,5047.0
5178.0,5199.0
5261.0,5273.0
5166.0,5178.0
4958.0,4943.0
5071.0,5071.0
5027.0,5039.0
5188.0,5191.0
5117.0,5126.0
5280.0,5298.0
5099.0,5090.0
4989.0,4983.0
5125.0,5119.0
5048.0,5039.0
5168.0,5171.0
5219.0,5237.0
5182.0,5200.0
5049.0,5046.0
5023.0,5017.0
5179.0,5182.0
5014.0,5005.0
5147.0,5153.0
5270.0,5282.0
5270.0,5282.0
5178.0,5199.0
5138.0,5132.0
5156.0,5162.0
5206.0,5212.0
5116.0,5116.0
5281.0,5296.0
5155.0,5161.0
5266.0,5275.0
5102.0,5102.0
5008.0,4990.0
5059.0,5065.0
5348.0,5360.0
5425.0,5446.0
5335.0,5356.0
5241.0,5250.0
5223.0,5229.0
5027.0,5018.0
5020.0,5014.0
5264.0,5270.0
5348.0,5354.0
5235.0,5238.0
5082.0,5079.0
5276.0,5282.0
5221.0,5218.0
5037.0,5031.0
5125.0,5128.0
5529.0,5556.0
5295.0,5319.0
5128.0,5134.0
5200.0,5194.0
5153.0,5153.0
5122.0,5119.0
5170.0,5179.0
5284.0,5299.0
5345.0,5363.0
5307.0,5313.0
5210.0,5219.0
5055.0,5040.0
5207.0,5216.0
5247.0,5259.0
5356.0,5368.0
5402.0,5423.0
5384.0,5396.0
5262.0,5265.0
5091.0,5082.0
5384.0,5408.0
5495.0,5522.0
5390.0,5402.0
5470.0,5494.0
5250.0,5262.0
5319.0,5316.0
5164.0,5161.0
5218.0,5221.0
5323.0,5329.0
5438.0,5459.0
5400.0,5409.0
5291.0,5300.0
5151.0,5148.0
5296.0,5302.0
5287.0,5287.0
5287.0,5293.0
5486.0,5522.0
5299.0,5308.0
5357.0,5360.0
5250.0,5238.0
5347.0,5347.0
5178.0,5178.0
5166.0,5157.0
5415.0,5439.0
5300.0,5318.0
5246.0,5246.0
5272.0,5269.0
5285.0,5288.0
5253.0,5262.0
5425.0,5431.0
5458.0,5476.0
5480.0,5504.0
5350.0,5359.0
5381.0,5372.0
5321.0,5327.0
5291.0,5300.0
5319.0,5325.0
5396.0,5411.0
5500.0,5518.0
5416.0,5434.0
5393.0,5399.0
5300.0,5294.0
5237.0,5234.0
5367.0,5382.0
5495.0,5516.0
5453.0,5468.0
5425.0,5434.0
5428.0,5434.0
5430.0,5433.0
5202.0,5187.0
5364.0,5373.0
5511.0,5532.0
5454.0,5460.0
5543.0,5543.0
5225.0,5219.0
5348.0,5336.0
5147.0,5144.0
5318.0,5318.0
5453.0,5471.0
5367.0,5376.0
5431.0,5437.0
5464.0,5464.0
5286.0,5277.0
5162.0,5153.0
5405.0,5429.0
5365.0,5365.0
5611.0,5629.0
5359.0,5365.0
5261.0,5249.0
5364.0,5367.0
5271.0,5262.0
5526.0,5544.0
5434.0,5437.0
5555.0,5576.0
5610.0,5637.0
5370.0,5370.0
5365.0,5368.0
5376.0,5385.0
5307.0,5307.0
5600.0,5621.0
5531.0,5540.0
5379.0,5379.0
5294.0,5285.0
5329.0,5320.0
5375.0,5375.0
5512.0,5521.0
5539.0,5557.0
5584.0,5593.0
5476.0,5491.0
5397.0,5397.0
5460.0,5454.0
5304.0,5298.0
5359.0,5356.0
5372.0,5378.0
5510.0,5522.0
5397.0,5400.0
5453.0,5453.0
5405.0,5402.0
5247.0,5238.0
5407.0,5404.0
5444.0,5450.0
5583.0,5601.0
5520.0,5529.0
5537.0,5540.0
5448.0,5442.0
5376.0,5370.0
5326.0,5332.0
5695.0,5716.0
5668.0,5692.0
5590.0,5614.0
5481.0,5478.0
5449.0,5455.0
5363.0,5360.0
5604.0,5610.0
5495.0,5507.0
5481.0,5499.0
5494.0,5500.0
5508.0,5517.0
5406.0,5394.0
5404.0,5407.0
5553.0,5568.0
5593.0,5608.0
5543.0,5561.0
5498.0,5495.0
5498.0,5504.0
5332.0,5314.0
5378.0,5366.0
5563.0,5575.0
5597.0,5609.0
5626.0,5638.0
5379.0,5388.0
5558.0,5555.0
5325.0,5313.0
5405.0,5408.0
5619.0,5634.0
5668.0,5689.0
5760.0,5784.0
5558.0,5561.0
5402.0,5393.0
5582.0,5579.0
5410.0,5410.0
5569.0,5581.0
5722.0,5737.0
5707.0,5728.0
5513.0,5519.0
5414.0,5417.0
5494.0,5491.0
5644.0,5665.0
5434.0,5425.0
5707.0,5731.0
5591.0,5609.0
5557.0,5563.0
5622.0,5634.0
5466.0,5463.0
5408.0,5396.0
5629.0,5638.0
5648.0,5657.0
5543.0,5555.0
5692.0,5710.0
5352.0,5337.0
5510.0,5495.0
5659.0,5662.0
5756.0,5777.0
5623.0,5632.0
5619.0,5634.0
5458.0,5449.0
5487.0,5487.0
5406.0,5397.0
5551.0,5557.0
5672.0,5684.0
5737.0,5755.0
5592.0,5607.0
5635.0,5635.0
5617.0,5617.0
5533.0,5533.0
5463.0,5460.0
5650.0,5659.0
5748.0,5769.0
5703.0,5727.0
5540.0,5537.0
5651.0,5654.0
5670.0,5673.0
5478.0,5484.0
5538.0,5535.0
5604.0,5622.0
5694.0,5715.0
5776.0,5782.0
5662.0,5665.0
5426.0,5402.0
5569.0,5569.0
5640.0,5655.0
5744.0,5750.0
5673.0,5691.0
5688.0,5700.0
5593.0,5581.0
5341.0,5323.0
5588.0,5594.0
5682.0,5691.0
5728.0,5743.0
5592.0,5589.0
5554.0,5560.0
5670.0,5667.0
5573.0,5573.0
5637.0,5646.0
5597.0,5594.0
5631.0,5637.0
5637.0,5652.0
5604.0,5601.0
5604.0,5601.0
5578.0,5581.0
5536.0,5524.0
5673.0,5697.0
5750.0,5762.0
5696.0,5696.0
5648.0,5645.0
5817.0,5826.0
5526.0,5523.0
5598.0,5601.0
5693.0,5711.0
5723.0,5738.0
5880.0,5898.0
5641.0,5644.0
5569.0,5557.0
5734.0,5740.0
5640.0,5643.0
5706.0,5709.0
5805.0,5820.0
5775.0,5796.0
5811.0,5823.0
5747.0,5744.0
5620.0,5611.0
5563.0,5566.0
5585.0,5579.0
5901.0,5922.0
5811.0,5826.0
5824.0,5842.0
5847.0,5859.0
5553.0,5544.0
5493.0,5481.0
5780.0,5789.0
5767.0,5785.0
5933.0,5948.0
5774.0,5786.0
5799.0,5802.0
5570.0,5567.0
5566.0,5560.0
5772.0,5778.0
5703.0,5724.0
5625.0,5628.0
5667.0,5667.0
5868.0,5874.0
5745.0,5754.0
5763.0,5772.0
5691.0,5691.0
5870.0,5888.0
5776.0,5785.0
5803.0,5815.0
5710.0,5719.0
5729.0,5732.0
5759.0,5771.0
5704.0,5710.0
5881.0,5896.0
5827.0,5842.0
5722.0,5722.0
5810.0,5819.0
5686.0,5680.0
5579.0,5579.0
5658.0,5649.0
5969.0,5996.0
5938.0,5956.0
5838.0,5844.0
5903.0,5915.0
5763.0,5757.0
5797.0,5803.0
5792.0,5810.0
5867.0,5873.0
5906.0,5921.0
5724.0,5724.0
5833.0,5833.0
5771.0,5774.0
5755.0,5746.0
5918.0,5930.0
5841.0,5859.0
5922.0,5943.0
5767.0,5773.0
5818.0,5815.0
5680.0,5671.0
5801.0,5798.0
5851.0,5857.0
5833.0,5845.0
5935.0,5962.0
5965.0,5974.0
5903.0,5915.0
5891.0,5885.0
5875.0,5881.0
5864.0,5870.0
5910.0,5925.0
5915.0,5936.0
5874.0,5883.0
6067.0,6088.0
5729.0,5735.0
5760.0,5766.0
5835.0,5835.0
5897.0,5903.0
5961.0,5970.0
5819.0,5828.0
5816.0,5813.0
5608.0,5596.0
5936.0,5945.0
5880.0,5889.0
5920.0,5935.0
5970.0,5982.0
6048.0,6066.0
5993.0,5996.0
5915.0,5924.0
5963.0,5978.0
5816.0,5813.0
6048.0,6072.0
6112.0,6142.0
5794.0,5800.0
5790.0,5781.0
5787.0,5781.0
5929.0,5932.0
5886.0,5883.0
6054.0,6072.0
5946.0,5955.0
5939.0,5951.0
5865.0,5859.0
5973.0,5979.0
5846.0,5852.0
5892.0,5892.0
5963.0,5981.0
6038.0,6053.0
5953.0,5956.0
5915.0,5924.0
5877.0,5868.0
5802.0,5802.0
5762.0,5756.0
6096.0,6126.0
5890.0,5890.0
5949.0,5961.0
5778.0,5772.0
5963.0,5966.0
5948.0,5945.0
5963.0,5969.0
5941.0,5941.0
5872.0,5872.0
6025.0,6034.0
5913.0,5916.0
5899.0,5893.0
6072.0,6090.0
5857.0,5842.0
5998.0,6013.0
6000.0,6018.0
5983.0,5989.0
5893.0,5890.0
5834.0,5828.0
5922.0,5928.0
6070.0,6085.0
6113.0,6143.0
5887.0,5887.0
5992.0,5995.0
5892.0,5886.0
5925.0,5922.0
5859.0,5853.0
5974.0,5974.0
6089.0,6098.0
6058.0,6064.0
5966.0,5972.0
5961.0,5958.0
5825.0,5810.0
6028.0,6037.0
6095.0,6116.0
6072.0,6084.0
6060.0,6072.0
5971.0,5971.0
5749.0,5734.0
5830.0,5821.0
6018.0,6024.0
5805.0,5805.0
6098.0,6107.0
6113.0,6122.0
6032.0,6044.0
5961.0,5958.0
5820.0,5811.0
5898.0,5895.0
5907.0,5904.0
6004.0,6010.0
6162.0,6183.0
6052.0,6073.0
6048.0,6042.0
6055.0,6061.0
5990.0,5996.0
6022.0,6037.0
6021.0,6024.0
5941.0,5941.0
6034.0,6037.0
6018.0,6024.0
6110.0,6122.0
5938.0,5932.0
5938.0,5944.0
6124.0,6136.0
6297.0,6306.0
6034.0,6043.0
5854.0,5845.0
6023.0,6032.0
6033.0,6033.0
6083.0,6092.0
6133.0,6151.0
6169.0,6181.0
5957.0,5954.0
6119.0,6122.0
6202.0,6217.0
5985.0,5985.0
6089.0,6101.0
6157.0,6166.0
6201.0,6225.0
6250.0,6265.0
6206.0,6215.0
6126.0,6129.0
5913.0,5913.0
6122.0,6125.0
6154.0,6178.0
6046.0,6046.0
6077.0,6074.0
6138.0,6144.0
6099.0,6099.0
6146.0,6155.0
6093.0,6114.0
6104.0,6119.0
6354.0,6372.0
6222.0,6249.0
6066.0,6066.0
6102.0,6099.0
6008.0,6008.0
6041.0,6047.0
6266.0,6287.0
6165.0,6180.0
6174.0,6195.0
6097.0,6097.0
6159.0,6162.0
6020.0,6014.0
6199.0,6211.0
6095.0,6101.0
6426.0,6450.0
6009.0,6006.0
6208.0,6220.0
6070.0,6076.0
6077.0,6080.0
6252.0,6264.0
6273.0,6282.0
6177.0,6192.0
6351.0,6372.0
6250.0,6259.0
6055.0,6040.0
6178.0,6187.0
6173.0,6191.0
6226.0,6238.0
6357.0,6378.0
6047.0,6041.0
6281.0,6293.0
6312.0,6318.0
6211.0,6229.0
6315.0,6324.0
6307.0,6313.0
6267.0,6285.0
6235.0,6244.0
6227.0,6230.0
6034.0,6025.0
6059.0,6047.0
6312.0,6318.0
6254.0,6260.0
6193.0,6211.0
6181.0,6181.0
6069.0,6069.0
6236.0,6245.0
6241.0,6247.0
6111.0,6117.0
6242.0,6245.0
6334.0,6346.0
6257.0,6266.0
6358.0,6376.0
6301.0,6292.0
6112.0,6106.0
6288.0,6303.0
6444.0,6465.0
6163.0,6172.0
6244.0,6256.0
6222.0,6219.0
6243.0,6246.0
6085.0,6079.0
6343.0,6358.0
6370.0,6385.0
6214.0,6220.0
6502.0,6526.0
6314.0,6326.0
6192.0,6174.0
6239.0,6254.0
6124.0,6118.0
6482.0,6506.0
6400.0,6421.0
6265.0,6265.0
6123.0,6114.0
6041.0,6032.0
6227.0,6224.0
6339.0,6342.0
6351.0,6366.0
6459.0,6474.0
6308.0,6320.0
6237.0,6237.0
6171.0,6156.0
6045.0,6048.0
6242.0,6236.0
6302.0,6305.0
6326.0,6332.0
6289.0,6289.0
6103.0,6091.0
6131.0,6122.0
6193.0,6190.0
6350.0,6353.0
6555.0,6588.0
6375.0,6396.0
6234.0,6231.0
6254.0,6251.0
6229.0,6235.0
6277.0,6277.0
6325.0,6340.0
6440.0,6455.0
6281.0,6287.0
6388.0,6400.0
6322.0,6328.0
6250.0,6241.0
6222.0,6219.0
6437.0,6446.0
6374.0,6374.0
6458.0,6482.0
6330.0,6330.0
6372.0,6369.0
6340.0,6349.0
6204.0,6204.0
6389.0,6398.0
6409.0,6418.0
6353.0,6368.0
6371.0,6371.0
6220.0,6214.0
6348.0,6354.0
6330.0,6321.0
6379.0,6382.0
6476.0,6494.0
6429.0,6438.0
6463.0,6484.0
6426.0,6423.0
6197.0,6185.0
6300.0,6300.0
6342.0,6354.0
6485.0,6515.0
6319.0,6325.0
6420.0,6420.0
6345.0,6342.0
6311.0,6305.0
6192.0,6186.0
6435.0,6447.0
6421.0,6436.0
6591.0,6621.0
6359.0,6368.0
6351.0,6351.0
6217.0,6214.0
6158.0,6149.0
6397.0,6412.0
6450.0,6471.0
6483.0,6501.0
6418.0,6421.0
6285.0,6270.0
6361.0,6361.0
6403.0,6409.0
6352.0,6358.0
6480.0,6501.0
6590.0,6605.0
6465.0,6471.0
6311.0,6308.0
6454.0,6460.0
6340.0,6337.0
6505.0,6514.0
6464.0,6476.0
6380.0,6389.0
6289.0,6283.0
6523.0,6535.0
6495.0,6492.0
6334.0,6331.0
6468.0,6480.0
6529.0,6538.0
6446.0,6458.0
6343.0,6343.0
6331.0,6325.0
6263.0,6257.0
6296.0,6293.0
6428.0,6437.0
6504.0,6519.0
6412.0,6415.0
6503.0,6509.0
6429.0,6426.0
6494.0,6497.0
6392.0,6389.0
6421.0,6418.0
6550.0,6574.0
6479.0,6485.0
6334.0,6337.0
6435.0,6432.0
6330.0,6330.0
6457.0,6460.0
6382.0,6385.0
6552.0,6567.0
6469.0,6487.0
6511.0,6511.0
6546.0,6552.0
6459.0,6453.0
6347.0,6347.0
6503.0,6509.0
6579.0,6600.0
6681.0,6714.0
6543.0,6552.0
6456.0,6456.0
6555.0,6558.0
6446.0,6446.0
6505.0,6520.0
6598.0,6613.0
6540.0,6543.0
6604.0,6622.0
6620.0,6626.0
6511.0,6505.0
6333.0,6330.0
6470.0,6473.0
6608.0,6620.0
6879.0,6912.0
6495.0,6492.0
6528.0,6534.0
6411.0,6414.0
6281.0,6278.0
6585.0,6591.0
6601.0,6604.0
6527.0,6536.0
6494.0,6497.0
6490.0,6487.0
6526.0,6535.0
6511.0,6520.0
6540.0,6549.0
6700.0,6727.0
6622.0,6643.0
6528.0,6534.0
6424.0,6415.0
6523.0,6529.0
6490.0,6493.0
6560.0,6566.0
6712.0,6721.0
6676.0,6697.0
6613.0,6622.0
6684.0,6693.0
6556.0,6562.0
6478.0,6487.0
6594.0,6600.0
6645.0,6666.0
6708.0,6723.0
6623.0,6635.0
6539.0,6536.0
6473.0,6470.0
6411.0,6411.0
6723.0,6732.0
6660.0,6672.0
6717.0,6738.0
6529.0,6532.0
6621.0,6621.0
6469.0,6457.0
6525.0,6525.0
6548.0,6551.0
6619.0,6625.0
6472.0,6472.0
6751.0,6772.0
6614.0,6611.0
6516.0,6513.0
6560.0,6554.0
6678.0,6687.0
6696.0,6705.0
6659.0,6680.0
6724.0,6733.0
6598.0,6598.0
6503.0,6482.0
6587.0,6596.0
6702.0,6711.0
6753.0,6771.0
6750.0,6780.0
6680.0,6683.0
6648.0,6651.0
6511.0,6508.0
6492.0,6492.0
6720.0,6738.0
6568.0,6571.0
6832.0,6850.0
6700.0,6706.0
6655.0,6649.0
6678.0,6687.0
6591.0,6594.0
6716.0,6734.0
6851.0,6866.0
6697.0,6712.0
6595.0,6595.0
6704.0,6704.0
6523.0,6514.0
6443.0,6434.0
6694.0,6694.0
6811.0,6823.0
6755.0,6770.0
6725.0,6734.0
6678.0,6684.0
6786.0,6786.0
6632.0,6635.0
6897.0,6921.0
6752.0,6764.0
6694.0,6715.0
6641.0,6635.0
6612.0,6609.0
6656.0,6650.0
6710.0,6719.0
6782.0,6791.0
6880.0,6904.0
6666.0,6678.0
6625.0,6625.0
6635.0,6641.0
6527.0,6530.0
6555.0,6543.0
6615.0,6612.0
6860.0,6881.0
6774.0,6783.0
6790.0,6799.0
6696.0,6696.0
6741.0,6747.0
6753.0,6756.0
6768.0,6777.0
6613.0,6616.0
6845.0,6863.0
6749.0,6752.0
6606.0,6594.0
6634.0,6631.0
6660.0,6657.0
6686.0,6692.0
6846.0,6858.0
6841.0,6865.0
6804.0,6810.0
6663.0,6672.0
6724.0,6715.0
6822.0,6828.0
6697.0,6700.0
6845.0,6854.0
7001.0,7025.0
6789.0,6792.0
6733.0,6727.0
6573.0,6567.0
6640.0,6640.0
6771.0,6777.0
6786.0,6798.0
6934.0,6964.0
6708.0,6708.0
6642.0,6636.0
6735.0,6729.0
6523.0,6514.0
6886.0,6895.0
6930.0,6942.0
6875.0,6887.0
6807.0,6804.0
6961.0,6973.0
6653.0,6650.0
6839.0,6851.0
6705.0,6714.0
6697.0,6694.0
6876.0,6885.0
6821.0,6824.0
6774.0,6768.0
6672.0,6672.0
6771.0,6780.0
6699.0,6702.0
6936.0,6963.0
6883.0,6901.0
6864.0,6876.0
6842.0,6842.0
6758.0,6758.0
6733.0,6727.0
6992.0,7010.0
6884.0,6890.0
6846.0,6852.0
6749.0,6749.0
6816.0,6831.0
6831.0,6828.0
6779.0,6782.0
6862.0,6874.0
6843.0,6858.0
6911.0,6926.0
6905.0,6920.0
6862.0,6862.0
6833.0,6830.0
6856.0,6859.0
6855.0,6864.0
6919.0,6931.0
6819.0,6822.0
6782.0,6785.0
6893.0,6896.0
6558.0,6534.0
6857.0,6860.0
6846.0,6855.0
6875.0,6887.0
7018.0,7042.0
6851.0,6854.0
6789.0,6792.0
6669.0,6651.0
6800.0,6803.0
6940.0,6961.0
6982.0,6994.0
7093.0,7129.0
6961.0,6964.0
6888.0,6885.0
6887.0,6884.0
6797.0,6797.0
6898.0,6898.0
7035.0,7056.0
6985.0,7000.0
6965.0,6977.0
6871.0,6877.0
6833.0,6827.0
6803.0,6809.0
6974.0,6983.0
7122.0,7149.0
6973.0,6982.0
7005.0,7020.0
6870.0,6870.0
6892.0,6895.0
6808.0,6799.0
7029.0,7047.0
7082.0,7097.0
6875.0,6884.0
6863.0,6854.0
6947.0,6953.0
6761.0,6752.0
6830.0,6839.0
6879.0,6882.0
7080.0,7092.0
6971.0,6989.0
7059.0,7065.0
7035.0,7047.0
6853.0,6847.0
6707.0,6695.0
6927.0,6933.0
7075.0,7090.0
7005.0,7014.0
6992.0,6998.0
6971.0,6974.0
7020.0,7032.0
6977.0,6992.0
6990.0,6993.0
7087.0,7120.0
7092.0,7104.0
6994.0,7000.0
7088.0,7103.0
6927.0,6921.0
6924.0,6930.0
6939.0,6945.0
6995.0,7013.0
7117.0,7135.0
7061.0,7073.0
6909.0,6903.0
6908.0,6893.0
6748.0,6736.0
7066.0,7081.0
7090.0,7099.0
6990.0,7002.0
6974.0,6977.0
6852.0,6840.0
7008.0,7011.0
6990.0,6993.0
6975.0,6978.0
7061.0,7073.0
7148.0,7175.0
7077.0,7077.0
6942.0,6930.0
6949.0,6952.0
7074.0,7074.0
6966.0,6975.0
7140.0,7155.0
6990.0,6999.0
7020.0,7017.0
7069.0,7075.0
7059.0,7065.0
7033.0,7042.0
7124.0,7139.0
7191.0,7215.0
7245.0,7272.0
6981.0,6981.0
6978.0,6969.0
7092.0,7098.0
6977.0,6980.0
7191.0,7194.0
7184.0,7205.0
7224.0,7257.0
7148.0,7160.0
7048.0,7045.0
6977.0,6974.0
6977.0,6977.0
7121.0,7130.0
7135.0,7141.0
7104.0,7113.0
7091.0,7097.0
6999.0,6990.0
7053.0,7053.0
7016.0,7013.0
7117.0,7123.0
7246.0,7264.0
7105.0,7114.0
7124.0,7139.0
7043.0,7046.0
6986.0,6977.0
7109.0,7115.0
7152.0,7161.0
7228.0,7246.0
7158.0,7182.0
7057.0,7051.0
7064.0,7070.0
7033.0,7033.0
7100.0,7106.0
7020.0,7035.0
7237.0,7246.0
7286.0,7304.0
7052.0,7058.0
6832.0,6814.0
7098.0,7098.0
6996.0,6996.0
7133.0,7142.0
7352.0,7373.0
7318.0,7330.0
7123.0,7135.0
7126.0,7126.0
7129.0,7138.0
6938.0,6932.0
6971.0,6965.0
7358.0,7373.0
7406.0,7430.0
7235.0,7241.0
6956.0,6941.0
7124.0,7118.0
7163.0,7172.0
7239.0,7251.0
7311.0,7332.0
7339.0,7357.0
7230.0,7230.0
7218.0,7221.0
7044.0,7032.0
7132.0,7132.0
7141.0,7144.0
7362.0,7392.0
7258.0,7270.0
7222.0,7228.0
6986.0,6977.0
7167.0,7170.0
7055.0,7055.0
7067.0,7070.0
7372.0,7390.0
7333.0,7348.0
7137.0,7143.0
7245.0,7245.0
7189.0,7192.0
7211.0,7217.0
7087.0,7084.0
7189.0,7207.0
7182.0,7185.0
7120.0,7117.0
7159.0,7156.0
7234.0,7237.0
7020.0,7020.0
7244.0,7253.0
7476.0,7500.0
7169.0,7172.0
7204.0,7216.0
7074.0,7068.0
7142.0,7133.0
7147.0,7147.0
7044.0,7062.0
7310.0,7316.0
7283.0,7304.0
7254.0,7263.0
7134.0,7116.0
7166.0,7163.0
7236.0,7242.0
7210.0,7210.0
7423.0,7444.0
7438.0,7462.0
7180.0,7195.0
7148.0,7136.0
7158.0,7143.0
7077.0,7068.0
7370.0,7397.0
7385.0,7394.0
7223.0,7229.0
7301.0,7307.0
7250.0,7247.0
7265.0,7259.0
7075.0,7066.0
7161.0,7161.0
7252.0,7261.0
7336.0,7348.0
7463.0,7481.0
7258.0,7252.0
7032.0,7020.0
7336.0,7339.0
7412.0,7439.0
7496.0,7514.0
7324.0,7336.0
7250.0,7268.0
7180.0,7168.0
7192.0,7183.0
7304.0,7316.0
7159.0,7150.0
7349.0,7361.0
7251.0,7254.0
7333.0,7342.0
7228.0,7237.0
7190.0,7181.0
7164.0,7173.0
7232.0,7235.0
7458.0,7470.0
7287.0,7302.0
7309.0,7315.0
7366.0,7360.0
7288.0,7297.0
7377.0,7383.0
7205.0,7214.0
7371.0,7386.0
7334.0,7346.0
7390.0,7405.0
7309.0,7312.0
7350.0,7350.0
7243.0,7246.0
7352.0,7361.0
7430.0,7448.0
7680.0,7704.0
7419.0,7434.0
7146.0,7128.0
7218.0,7203.0
7227.0,7233.0
7425.0,7446.0
7278.0,7275.0
7378.0,7399.0
7333.0,7330.0
7386.0,7383.0
7319.0,7331.0
7231.0,7228.0
7183.0,7177.0
7409.0,7415.0
7419.0,7437.0
7497.0,7518.0
7195.0,7195.0
7318.0,7315.0
7140.0,7122.0
7238.0,7232.0
7503.0,7536.0
7464.0,7473.0
7413.0,7413.0
7243.0,7225.0
7291.0,7288.0
7337.0,7346.0
7467.0,7482.0
7511.0,7529.0
7472.0,7481.0
7646.0,7676.0
7357.0,7357.0
7341.0,7344.0
7319.0,7319.0
7392.0,7401.0
7442.0,7460.0
7568.0,7592.0
7374.0,7380.0
7351.0,7342.0
7335.0,7341.0
7236.0,7230.0
7622.0,7637.0
7657.0,7681.0
7561.0,7573.0
7454.0,7466.0
7432.0,7435.0
7410.0,7410.0
7271.0,7268.0
7408.0,7411.0
7622.0,7640.0
7479.0,7494.0
7598.0,7610.0
7406.0,7409.0
7439.0,7418.0
7521.0,7533.0
7342.0,7348.0
7546.0,7564.0
7407.0,7419.0
7442.0,7445.0
7528.0,7540.0
7324.0,7324.0
7396.0,7396.0
7333.0,7330.0
7482.0,7494.0
7570.0,7588.0
7234.0,7240.0
7356.0,7356.0
7374.0,7365.0
7455.0,7455.0
7344.0,7356.0
7504.0,7513.0
7755.0,7788.0
7572.0,7590.0
7475.0,7478.0
7507.0,7510.0
7531.0,7531.0
7337.0,7346.0
7547.0,7559.0
7691.0,7712.0
7562.0,7568.0
7540.0,7543.0
7334.0,7325.0
7456.0,7447.0
7500.0,7506.0
7581.0,7596.0
7495.0,7504.0
7707.0,7728.0
7400.0,7394.0
7294.0,7282.0
7449.0,7452.0
7575.0,7587.0
7541.0,7553.0
7659.0,7680.0
7646.0,7655.0
7428.0,7413.0
7495.0,7489.0
7418.0,7415.0
7474.0,7480.0
7699.0,7714.0
7613.0,7628.0
7513.0,7519.0
7507.0,7504.0
7507.0,7507.0
7511.0,7508.0
7649.0,7664.0
7645.0,7654.0
7771.0,7786.0
7569.0,7587.0
7679.0,7682.0
7534.0,7543.0
7516.0,7522.0
7552.0,7549.0
7856.0,7889.0
7555.0,7564.0
7739.0,7763.0
7492.0,7492.0
7675.0,7681.0
7520.0,7538.0
7590.0,7605.0
7661.0,7676.0
7582.0,7591.0
7672.0,7690.0
7473.0,7467.0
7580.0,7574.0
7544.0,7541.0
7529.0,7532.0
7590.0,7593.0
7570.0,7573.0
7673.0,7697.0
7536.0,7530.0
7590.0,7581.0
7375.0,7366.0
7601.0,7610.0
7751.0,7772.0
7682.0,7700.0
7671.0,7677.0
7626.0,7629.0
7553.0,7556.0
7469.0,7454.0
7534.0,7540.0
7688.0,7718.0
7716.0,7728.0
7539.0,7536.0
7531.0,7528.0
7501.0,7492.0
7717.0,7723.0
7604.0,7613.0
7727.0,7742.0
7639.0,7654.0
7705.0,7714.0
7726.0,7729.0
7561.0,7555.0
7609.0,7621.0
7674.0,7683.0
7767.0,7779.0
7755.0,7767.0
7725.0,7734.0
7675.0,7678.0
7600.0,7585.0
7615.0,7621.0
7637.0,7637.0
7562.0,7556.0
7736.0,7751.0
7636.0,7642.0
7505.0,7484.0
7591.0,7591.0
7482.0,7470.0
7717.0,7726.0
7787.0,7796.0
7791.0,7809.0
7786.0,7801.0
7526.0,7514.0
7590.0,7587.0
7619.0,7619.0
7641.0,7647.0
7787.0,7805.0
7738.0,7747.0
7721.0,7733.0
7659.0,7659.0
7608.0,7611.0
7647.0,7644.0
7657.0,7666.0
7801.0,7813.0
7859.0,7886.0
7815.0,7830.0
7542.0,7530.0
7571.0,7562.0
7617.0,7614.0
7540.0,7540.0
7682.0,7682.0
7795.0,7816.0
7701.0,7716.0
7710.0,7710.0
7656.0,7647.0
7575.0,7581.0
7700.0,7703.0
7727.0,7748.0
7878.0,7884.0
7882.0,7897.0
7743.0,7743.0
7639.0,7645.0
7688.0,7688.0
7580.0,7568.0
7821.0,7836.0
7868.0,7886.0
7850.0,7859.0
7566.0,7551.0
7785.0,7788.0
7442.0,7427.0
7604.0,7601.0
7854.0,7866.0
7889.0,7907.0
7994.0,8012.0
7708.0,7714.0
7680.0,7677.0
7659.0,7662.0
7807.0,7822.0
7991.0,8018.0
7759.0,7771.0
7700.0,7700.0
7785.0,7785.0
7648.0,7645.0
7709.0,7703.0
7888.0,7909.0
7824.0,7836.0
7824.0,7839.0
7762.0,7768.0
7595.0,7586.0
7553.0,7541.0
7785.0,7785.0
7872.0,7887.0
7891.0,7906.0
7889.0,7901.0
7709.0,7715.0
7886.0,7889.0
7767.0,7758.0
7882.0,7888.0
7720.0,7735.0
7871.0,7886.0
7894.0,7906.0
7758.0,7776.0
7758.0,7761.0
7655.0,7649.0
7686.0,7689.0
7902.0,7905.0
8023.0,8047.0
7835.0,7853.0
7859.0,7862.0
7901.0,7913.0
7782.0,7776.0
7757.0,7748.0
7774.0,7780.0
7946.0,7961.0
7765.0,7768.0
7814.0,7829.0
7954.0,7960.0
7788.0,7788.0
7561.0,7543.0
7903.0,7921.0
7848.0,7851.0
7908.0,7935.0
7893.0,7914.0
7866.0,7866.0
7857.0,7851.0
7856.0,7853.0
7779.0,7779.0
8033.0,8054.0
7831.0,7840.0
7870.0,7873.0
7951.0,7948.0
7840.0,7846.0
7843.0,7852.0
7890.0,7896.0
7844.0,7856.0
7950.0,7965.0
8001.0,8007.0
7885.0,7888.0
7689.0,7686.0
7792.0,7792.0
7956.0,7971.0
8009.0,8036.0
7882.0,7888.0
7907.0,7910.0
8051.0,8066.0
7826.0,7817.0
7851.0,7857.0
7672.0,7660.0
7988.0,8000.0
8152.0,8170.0
7862.0,7871.0
7807.0,7801.0
7931.0,7937.0
7756.0,7753.0
7909.0,7918.0
7905.0,7917.0
7968.0,7986.0
7895.0,7898.0
7826.0,7814.0
7960.0,7963.0
7805.0,7805.0
8036.0,8045.0
7927.0,7930.0
7887.0,7899.0
7952.0,7964.0
7937.0,7934.0
7938.0,7947.0
7893.0,7902.0
8001.0,8001.0
8070.0,8085.0
8059.0,8089.0
7910.0,7910.0
7940.0,7946.0
7970.0,7970.0
7864.0,7864.0
7995.0,8007.0
8135.0,8147.0
8081.0,8093.0
8144.0,8168.0
7937.0,7928.0
8009.0,8024.0
7869.0,7869.0
7921.0,7918.0
7908.0,7908.0
8090.0,8108.0
7991.0,7997.0
8107.0,8125.0
8019.0,8016.0
7956.0,7953.0
7998.0,8007.0
8154.0,8184.0
7933.0,7936.0
7987.0,7993.0
7988.0,7985.0
7953.0,7956.0
7992.0,7995.0
7955.0,7952.0
8029.0,8041.0
8128.0,8146.0
8026.0,8047.0
8028.0,8028.0
7917.0,7905.0
7993.0,7999.0
7975.0,7987.0
8083.0,8089.0
8225.0,8255.0
8055.0,8064.0
7863.0,7857.0
7973.0,7973.0
7890.0,7890.0
8063.0,8078.0
8169.0,8181.0
8046.0,8064.0
8126.0,8126.0
8131.0,8146.0
8137.0,8149.0
7863.0,7860.0
7922.0,7919.0
8110.0,8116.0
8224.0,8245.0
8080.0,8083.0
7959.0,7956.0
7932.0,7926.0
7933.0,7933.0
8146.0,8161.0
8107.0,8113.0
8167.0,8182.0
8043.0,8049.0
7949.0,7940.0
8035.0,8029.0
7995.0,7989.0
8053.0,8056.0
8190.0,8202.0
8032.0,8041.0
8140.0,8152.0
7983.0,7989.0
8076.0,8073.0
7933.0,7930.0
8068.0,8065.0
8043.0,8043.0
7874.0,7868.0
8160.0,8175.0
8212.0,8215.0
8128.0,8137.0
8120.0,8126.0
8050.0,8053.0
8028.0,8034.0
8274.0,8295.0
7965.0,7965.0
8157.0,8160.0
8118.0,8118.0
8088.0,8091.0
8224.0,8236.0
8237.0,8258.0
8114.0,8117.0
8093.0,8102.0
8160.0,8163.0
7930.0,7912.0
8111.0,8114.0
7905.0,7908.0
8246.0,8261.0
8250.0,8271.0
8203.0,8212.0
8195.0,8198.0
8017.0,8017.0
8010.0,8004.0
8279.0,8285.0
8280.0,8289.0
8214.0,8232.0
8129.0,8141.0
8067.0,8064.0
8070.0,8064.0
8039.0,8036.0
8229.0,8241.0
8094.0,8109.0
8164.0,8173.0
8122.0,8119.0
8160.0,8169.0
8213.0,8216.0
8077.0,8080.0
8283.0,8298.0
8245.0,8257.0
8375.0,8399.0
8122.0,8122.0
8135.0,8138.0
8113.0,8110.0
8084.0,8087.0
8333.0,8348.0
8353.0,8371.0
8388.0,8418.0
8210.0,8216.0
8190.0,8199.0
8290.0,8317.0
8103.0,8097.0
8034.0,8025.0
8413.0,8428.0
8106.0,8103.0
8149.0,8155.0
8110.0,8119.0
7972.0,7951.0
8071.0,8080.0
8066.0,8057.0
8225.0,8231.0
8246.0,8258.0
8269.0,8272.0
8069.0,8060.0
8078.0,8075.0
8159.0,8156.0
8142.0,8148.0
8315.0,8333.0
8431.0,8449.0
8331.0,8364.0
8372.0,8372.0
8134.0,8128.0
8080.0,8071.0
8088.0,8082.0
8398.0,8422.0
8364.0,8388.0
8358.0,8361.0
8177.0,8168.0
8148.0,8145.0
8030.0,8030.0
8222.0,8225.0
8225.0,8234.0
8198.0,8207.0
8259.0,8262.0
8223.0,8229.0
8275.0,8287.0
8271.0,8280.0
8367.0,8376.0
8448.0,8454.0
8362.0,8386.0
8393.0,8396.0
8163.0,8160.0
8237.0,8231.0
8146.0,8143.0
8284.0,8293.0
8435.0,8456.0
8386.0,8404.0
8416.0,8419.0
8232.0,8226.0
8307.0,8301.0
8289.0,8295.0
8277.0,8283.0
8308.0,8305.0
8334.0,8352.0
8335.0,8347.0
8206.0,8197.0
8263.0,8272.0
8242.0,8245.0
8391.0,8412.0
8343.0,8358.0
8390.0,8414.0
8381.0,8396.0
8235.0,8238.0
8362.0,8368.0
8301.0,8304.0
8502.0,8526.0
8353.0,8368.0
8351.0,8363.0
8327.0,8339.0
8359.0,8362.0
8278.0,8269.0
8183.0,8174.0
8348.0,8345.0
8259.0,8271.0
8494.0,8515.0
8309.0,8321.0
8322.0,8316.0
8229.0,8226.0
8228.0,8222.0
8426.0,8435.0
8271.0,8280.0
8502.0,8529.0
8409.0,8418.0
8204.0,8204.0
8453.0,8468.0
8322.0,8325.0
8329.0,8335.0
8515.0,8524.0
8422.0,8440.0
8436.0,8436.0
8264.0,8249.0
8170.0,8161.0
8171.0,8159.0
8416.0,8434.0
8590.0,8608.0
8565.0,8589.0
8392.0,8398.0
8339.0,8336.0
8291.0,8282.0
8321.0,8315.0
8377.0,8389.0
8532.0,8544.0
8511.0,8523.0
8413.0,8419.0
8276.0,8273.0
8391.0,8400.0
8261.0,8255.0
8423.0,8432.0
8627.0,8651.0
8571.0,8589.0
8452.0,8455.0
8492.0,8498.0
8177.0,8171.0
8345.0,8339.0
8526.0,8544.0
8343.0,8340.0
8561.0,8576.0
8406.0,8400.0
8332.0,8332.0
8439.0,8445.0
8441.0,8450.0
8267.0,8258.0
8493.0,8508.0
8590.0,8614.0
8354.0,8354.0
8422.0,8428.0
8497.0,8503.0
8339.0,8336.0
8626.0,8644.0
8497.0,8512.0
8486.0,8504.0
8522.0,8522.0
8591.0,8612.0
8359.0,8350.0
8288.0,8279.0
8479.0,8497.0
8637.0,8646.0
8554.0,8569.0
8362.0,8365.0
8349.0,8343.0
8368.0,8365.0
8292.0,8283.0
8440.0,8446.0
8545.0,8569.0
8638.0,8668.0
8538.0,8538.0
8509.0,8506.0
8410.0,8407.0
8400.0,8397.0
8420.0,8426.0
8505.0,8511.0
8634.0,8652.0
8603.0,8621.0
8494.0,8488.0
8425.0,8419.0
8391.0,8394.0
8449.0,8461.0
8685.0,8700.0
8740.0,8764.0
8657.0,8675.0
8576.0,8573.0
8397.0,8385.0
8363.0,8360.0
8378.0,8372.0
8537.0,8552.0
8639.0,8660.0
8559.0,8562.0
8491.0,8497.0
8320.0,8308.0
8419.0,8419.0
8524.0,8536.0
8724.0,8736.0
8721.0,8739.0
8588.0,8609.0
8562.0,8565.0
8476.0,8470.0
8578.0,8587.0
8632.0,8650.0
8602.0,8605.0
8637.0,8652.0
8442.0,8433.0
8513.0,8516.0
8507.0,8507.0
8461.0,8461.0
8585.0,8582.0
8576.0,8588.0
8652.0,8676.0
8552.0,8555.0
8707.0,8710.0
8558.0,8555.0
8437.0,8446.0
8643.0,8658.0
8670.0,8688.0
8747.0,8774.0
8711.0,8726.0
8642.0,8648.0
8609.0,8606.0
8560.0,8563.0
8520.0,8520.0
8638.0,8650.0
8636.0,8648.0
8670.0,8688.0
8641.0,8650.0
8566.0,8560.0
8394.0,8379.0
8637.0,8649.0
8596.0,8605.0
8712.0,8727.0
8678.0,8693.0
8747.0,8756.0
8526.0,8505.0
8586.0,8583.0
8443.0,8437.0
8741.0,8762.0
8671.0,8689.0
8942.0,8975.0
8688.0,8700.0
8634.0,8634.0
8515.0,8503.0
8564.0,8573.0
8745.0,8769.0
8731.0,8749.0
8793.0,8814.0
8620.0,8614.0
8331.0,8307.0
8813.0,8822.0
8675.0,8678.0
8714.0,8735.0
8681.0,8684.0
8745.0,8751.0
8725.0,8731.0
8624.0,8627.0
8609.0,8615.0
8650.0,8659.0
8818.0,8836.0
8802.0,8820.0
8863.0,8881.0
8599.0,8602.0
8688.0,8691.0
8538.0,8538.0
8627.0,8624.0
8845.0,8854.0
8894.0,8924.0
8685.0,8688.0
8671.0,8671.0
8736.0,8736.0
8480.0,8465.0
8730.0,8736.0
8829.0,8841.0
8805.0,8820.0
8701.0,8710.0
8589.0,8586.0
8588.0,8585.0
8649.0,8646.0
8685.0,8688.0
8764.0,8776.0
8678.0,8696.0
8751.0,8757.0
8795.0,8810.0
8647.0,8638.0
8604.0,8601.0
8816.0,8819.0
8782.0,8797.0
8758.0,8770.0
8706.0,8724.0
8908.0,8914.0
8775.0,8781.0
8648.0,8627.0
8856.0,8871.0
8777.0,8783.0
8827.0,8845.0
8810.0,8825.0
8849.0,8849.0
8687.0,8693.0
8806.0,8803.0
8859.0,8874.0
8953.0,8986.0
8856.0,8862.0
8781.0,8784.0
8614.0,8611.0
8600.0,8597.0
8659.0,8653.0
8582.0,8573.0
8914.0,8929.0
8775.0,8784.0
8700.0,8706.0
8880.0,8880.0
8725.0,8725.0
8730.0,8721.0
8792.0,8801.0
8917.0,8929.0
8946.0,8970.0
8815.0,8830.0
8851.0,8851.0
8796.0,8793.0
8673.0,8664.0
8778.0,8787.0
8871.0,8880.0
8937.0,8967.0
8978.0,8990.0
8750.0,8744.0
8702.0,8696.0
8531.0,8522.0
8917.0,8938.0
8971.0,8989.0
8901.0,8916.0
8710.0,8713.0
8648.0,8645.0
8627.0,8618.0
8600.0,8594.0
8826.0,8829.0
8874.0,8883.0
8819.0,8834.0
8821.0,8818.0
8802.0,8805.0
8786.0,8789.0
8676.0,8670.0
8764.0,8761.0
8828.0,8828.0
8997.0,9015.0
8808.0,8808.0
8930.0,8942.0
8790.0,8784.0
8886.0,8892.0
8816.0,8813.0
9019.0,9040.0
8901.0,8907.0
8854.0,8854.0
8820.0,8811.0
8839.0,8839.0
8738.0,8735.0
8746.0,8752.0
8896.0,8914.0
8856.0,8871.0
8931.0,8946.0
8869.0,8869.0
8944.0,8950.0
8833.0,8845.0
9017.0,9020.0
9050.0,9071.0
9124.0,9148.0
9010.0,9019.0
8792.0,8786.0
8726.0,8717.0
8667.0,8652.0
8900.0,8906.0
8908.0,8914.0
8863.0,8875.0
9032.0,9047.0
8972.0,8975.0
8698.0,8686.0
8758.0,8743.0
8884.0,8896.0
9071.0,9092.0
9162.0,9198.0
9022.0,9031.0
8847.0,8835.0
8716.0,8710.0
8787.0,8790.0
8965.0,8983.0
8972.0,8993.0
9047.0,9074.0
8986.0,8992.0
8797.0,8791.0
8930.0,8942.0
8817.0,8811.0
8913.0,8922.0
8948.0,8960.0
8975.0,8990.0
9018.0,9027.0
8976.0,8988.0
8766.0,8754.0
8907.0,8913.0
8861.0,8858.0
9077.0,9092.0
8894.0,8891.0
9041.0,9062.0
8814.0,8799.0
8900.0,8900.0
9059.0,9068.0
8866.0,8869.0
8943.0,8949.0
8911.0,8926.0
8877.0,8883.0
8922.0,8919.0
8946.0,8952.0
8833.0,8824.0
8965.0,8974.0
8994.0,8994.0
9060.0,9084.0
8977.0,8968.0
9003.0,9003.0
8929.0,8911.0
8799.0,8793.0
8873.0,8873.0
9088.0,9115.0
8951.0,8963.0
8864.0,8861.0
8964.0,8967.0
8996.0,9002.0
8752.0,8740.0
9001.0,9001.0
9141.0,9171.0
9056.0,9071.0
9139.0,9151.0
9021.0,9018.0
8912.0,8897.0
8848.0,8839.0
9019.0,9031.0
8937.0,8949.0
8996.0,9011.0
9016.0,9016.0
9089.0,9098.0
9080.0,9080.0
8961.0,8961.0
8885.0,8888.0
9119.0,9128.0
9121.0,9139.0
9083.0,9095.0
8985.0,8988.0
9013.0,9013.0
8852.0,8846.0
9100.0,9106.0
9207.0,9231.0
9146.0,9158.0
8992.0,9004.0
9096.0,9096.0
8959.0,8956.0
8910.0,8910.0
9146.0,9164.0
9249.0,9264.0
9172.0,9181.0
9087.0,9099.0
8988.0,8994.0
9053.0,9059.0
8964.0,8970.0
9176.0,9188.0
9092.0,9107.0
9225.0,9243.0
9145.0,9154.0
9084.0,9090.0
9105.0,9108.0
9165.0,9177.0
9062.0,9065.0
9207.0,9225.0
9161.0,9179.0
9152.0,9176.0
9081.0,9072.0
8931.0,8928.0
8970.0,8979.0
8929.0,8929.0
9179.0,9191.0
9171.0,9195.0
9144.0,9150.0
9153.0,9156.0
9186.0,9192.0
8977.0,8968.0
9170.0,9176.0
9268.0,9286.0
9113.0,9134.0
9141.0,9147.0
9239.0,9254.0
9095.0,9101.0
8928.0,8925.0
8998.0,8992.0
9192.0,9198.0
9170.0,9185.0
9286.0,9307.0
9267.0,9276.0
9094.0,9088.0
8983.0,8980.0
9084.0,9090.0
9217.0,9229.0
9341.0,9374.0
9091.0,9088.0
9123.0,9117.0
9137.0,9131.0
9001.0,9004.0
9218.0,9230.0
9304.0,9316.0
9288.0,9318.0
9212.0,9212.0
9215.0,9215.0
9089.0,9083.0
8990.0,8981.0
9120.0,9129.0
9324.0,9339.0
9289.0,9310.0
9143.0,9140.0
9150.0,9150.0
9166.0,9163.0
9034.0,9031.0
9233.0,9245.0
9196.0,9202.0
9333.0,9339.0
9252.0,9264.0
9263.0,9266.0
9107.0,9107.0
9112.0,9109.0
9100.0,9097.0
9090.0,9099.0
9457.0,9487.0
9127.0,9139.0
9141.0,9138.0
9228.0,9228.0
9014.0,9008.0
9286.0,9295.0
9326.0,9335.0
9355.0,9373.0
9125.0,9125.0
9206.0,9203.0
9121.0,9124.0
9211.0,9214.0
9167.0,9161.0
9345.0,9357.0
9275.0,9299.0
9325.0,9340.0
9158.0,9155.0
9040.0,9034.0
9102.0,9093.0
9305.0,9308.0
9428.0,9446.0
9357.0,9375.0
9262.0,9277.0
9270.0,9273.0
9281.0,9278.0
9135.0,9132.0
9231.0,9243.0
9266.0,9275.0
9261.0,9273.0
9192.0,9189.0
9277.0,9274.0
9013.0,9001.0
9159.0,9153.0
9046.0,9037.0
9417.0,9438.0
9304.0,9322.0
9226.0,9229.0
9276.0,9273.0
9319.0,9322.0
9252.0,9261.0
9393.0,9408.0
9453.0,9468.0
9627.0,9663.0
9406.0,9415.0
9281.0,9284.0
9246.0,9243.0
9216.0,9210.0
9366.0,9375.0
9254.0,9266.0
9379.0,9391.0
9309.0,9327.0
9350.0,9359.0
9189.0,9174.0
9243.0,9249.0
9367.0,9379.0
9318.0,9324.0
9449.0,9479.0
9361.0,9358.0
9196.0,9196.0
9262.0,9253.0
9265.0,9268.0
9425.0,9440.0
9316.0,9328.0
9133.0,9127.0
9524.0,9548.0
9235.0,9226.0
9289.0,9292.0
9413.0,9416.0
9359.0,9374.0
9449.0,9470.0
9162.0,9165.0
9195.0,9192.0
9212.0,9197.0
9290.0,9287.0
9079.0,9067.0
9285.0,9288.0
9499.0,9511.0
9497.0,9515.0
9271.0,9277.0
9305.0,9305.0
9214.0,9217.0
9212.0,9209.0
9291.0,9291.0
9345.0,9363.0
9320.0,9329.0
9336.0,9357.0
9254.0,9239.0
9444.0,9456.0
9284.0,9284.0
9409.0,9421.0
9335.0,9332.0
9587.0,9608.0
9380.0,9380.0
9419.0,9410.0
9324.0,9315.0
9202.0,9193.0
9367.0,9367.0
9651.0,9675.0
9459.0,9474.0
9348.0,9351.0
9259.0,9256.0
9467.0,9470.0
9455.0,9461.0
9451.0,9460.0
9431.0,9449.0
9531.0,9540.0
9440.0,9446.0
9379.0,9382.0
9192.0,9180.0
9396.0,9399.0
9367.0,9373.0
9536.0,9554.0
9578.0,9596.0
9531.0,9534.0
9530.0,9545.0
9314.0,9323.0
9345.0,9336.0
9413.0,9425.0
9590.0,9605.0
9387.0,9384.0
9459.0,9468.0
9466.0,9466.0
9370.0,9388.0
9463.0,9469.0
9354.0,9366.0
9493.0,9502.0
9453.0,9477.0
9423.0,9432.0
9452.0,9452.0
9287.0,9272.0
9360.0,9363.0
9417.0,9429.0
9459.0,9468.0
9693.0,9723.0
9497.0,9506.0
9538.0,9550.0
9429.0,9438.0
9386.0,9386.0
9323.0,9326.0
9409.0,9406.0
9381.0,9384.0
9490.0,9505.0
9515.0,9518.0
9329.0,9314.0
9475.0,9484.0
9456.0,9456.0
9490.0,9499.0
9593.0,9617.0
9480.0,9486.0
9549.0,9543.0
9352.0,9346.0
9394.0,9394.0
9435.0,9447.0
9647.0,9659.0
9429.0,9426.0
9454.0,9454.0
9471.0,9477.0
9356.0,9341.0
9438.0,9441.0
9643.0,9655.0
9545.0,9569.0
9688.0,9706.0
9573.0,9579.0
9508.0,9505.0
9436.0,9433.0
9433.0,9424.0
9461.0,9458.0
9563.0,9581.0
9840.0,9867.0
9509.0,9515.0
9396.0,9384.0
9471.0,9477.0
9655.0,9667.0
9611.0,9617.0
9680.0,9701.0
9558.0,9561.0
9691.0,9712.0
9558.0,9558.0
9492.0,9498.0
9553.0,9559.0
9562.0,9565.0
9716.0,9746.0
9723.0,9738.0
9581.0,9596.0
9633.0,9639.0
9400.0,9388.0
9581.0,9584.0
9437.0,9434.0
9591.0,9597.0
9666.0,9687.0
9524.0,9530.0
9685.0,9700.0
9576.0,9588.0
9588.0,9594.0
9552.0,9555.0
9536.0,9548.0
9683.0,9695.0
9664.0,9676.0
9619.0,9625.0
9638.0,9644.0
9550.0,9553.0
9492.0,9486.0
9553.0,9571.0
9699.0,9711.0
9580.0,9586.0
9556.0,9553.0
9486.0,9489.0
9566.0,9572.0
9658.0,9670.0
9593.0,9608.0
9530.0,9533.0
9705.0,9714.0
9789.0,9801.0
9599.0,9593.0
9331.0,9319.0
9635.0,9638.0
9733.0,9754.0
9716.0,9731.0
9551.0,9557.0
9685.0,9688.0
9517.0,9499.0
9563.0,9566.0
9689.0,9713.0
9827.0,9842.0
9751.0,9760.0
9679.0,9682.0
9536.0,9527.0
9696.0,9702.0
9602.0,9599.0
9692.0,9698.0
9741.0,9753.0
9680.0,9695.0
9741.0,9747.0
9536.0,9524.0
9563.0,9554.0
9570.0,9570.0
9648.0,9651.0
9817.0,9838.0
9733.0,9745.0
9583.0,9586.0
9614.0,9620.0
9578.0,9572.0
9725.0,9737.0
9532.0,9526.0
9846.0,9858.0
9716.0,9719.0
9632.0,9638.0
9702.0,9714.0
9423.0,9405.0
9664.0,9667.0
9721.0,9724.0
9803.0,9815.0
9823.0,9838.0
9694.0,9709.0
9791.0,9800.0
9647.0,9644.0
9671.0,9680.0
9697.0,9703.0
9647.0,9656.0
9893.0,9911.0
9725.0,9734.0
9673.0,9676.0
9670.0,9676.0
9550.0,9541.0
9697.0,9694.0
9845.0,9857.0
9703.0,9724.0
9901.0,9913.0
9752.0,9755.0
9708.0,9714.0
9576.0,9573.0
9690.0,9696.0
9815.0,9830.0
9731.0,9737.0
9768.0,9771.0
9838.0,9841.0
9747.0,9750.0
9682.0,9679.0
9718.0,9727.0
9861.0,9867.0
9825.0,9840.0
9747.0,9747.0
9853.0,9865.0
9631.0,9628.0
9919.0,9931.0
9867.0,9885.0
9838.0,9856.0
9764.0,9773.0
9781.0,9790.0
9588.0,9573.0
9648.0,9648.0
9743.0,9746.0
9841.0,9853.0
9977.0,10004.0
9780.0,9780.0
9862.0,9880.0
9680.0,9674.0
9726.0,9729.0
9918.0,9930.0
9956.0,9974.0
9802.0,9826.0
9722.0,9716.0
9720.0,9723.0
9824.0,9827.0
9755.0,9749.0
9847.0,9859.0
9754.0,9751.0
9847.0,9859.0
10039.0,10063.0
9802.0,9808.0
9811.0,9817.0
9753.0,9747.0
9808.0,9808.0
9860.0,9875.0
9917.0,9926.0
9874.0,9898.0
9751.0,9751.0
9803.0,9800.0
9992.0,10013.0
9773.0,9764.0
9888.0,9894.0
9997.0,10018.0
10004.0,10025.0
10035.0,10053.0
9885.0,9891.0
9758.0,9761.0
9843.0,9846.0
9879.0,9882.0
9906.0,9912.0
9765.0,9777.0
9863.0,9866.0
9909.0,9915.0
9920.0,9923.0
9807.0,9810.0
9846.0,9846.0
10057.0,10081.0
9928.0,9934.0
9899.0,9899.0
9908.0,9911.0
9824.0,9824.0
9891.0,9900.0
9822.0,9834.0
10054.0,10075.0
9880.0,9895.0
10094.0,10103.0
9627.0,9609.0
9879.0,9885.0
9824.0,9821.0
9872.0,9884.0
10122.0,10146.0
9880.0,9877.0
9883.0,9877.0
9726.0,9723.0
9896.0,9911.0
9840.0,9843.0
9777.0,9777.0
10071.0,10086.0
10057.0,10069.0
9963.0,9975.0
9888.0,9891.0
9882.0,9873.0
9685.0,9679.0
9972.0,9978.0
10007.0,10022.0
9907.0,9913.0
9990.0,9999.0
9940.0,9940.0
9881.0,9884.0
10002.0,10014.0
9879.0,9882.0
10063.0,10069.0
9950.0,9965.0
10091.0,10097.0
9928.0,9928.0
9752.0,9731.0
9911.0,9908.0
9857.0,9857.0
10167.0,10188.0
10044.0,10053.0
9868.0,9865.0
10029.0,10041.0
9958.0,9970.0
9817.0,9814.0
9982.0,9985.0
9959.0,9962.0
10008.0,10017.0
10089.0,10104.0
9874.0,9865.0
9958.0,9958.0
9922.0,9922.0
9838.0,9838.0
10042.0,10054.0
10088.0,10097.0
9976.0,9988.0
9863.0,9851.0
10009.0,10015.0
9934.0,9925.0
10049.0,10073.0
10144.0,10159.0
10052.0,10070.0
10068.0,10077.0
9933.0,9921.0
10052.0,10064.0
9955.0,9955.0
9894.0,9903.0
10150.0,10165.0
10082.0,10100.0
10079.0,10094.0
10085.0,10088.0
9834.0,9822.0
9977.0,9977.0
9963.0,9969.0
10200.0,10218.0
10118.0,10142.0
10047.0,10050.0
10013.0,10013.0
9977.0,9983.0
9927.0,9921.0
9996.0,9999.0
10038.0,10047.0
10167.0,10176.0
10030.0,10042.0
10041.0,10035.0
9779.0,9773.0
9956.0,9947.0
10031.0,10037.0
10103.0,10130.0
10097.0,10103.0
10065.0,10074.0
10148.0,10148.0
9967.0,9964.0
10151.0,10169.0
10074.0,10074.0
10120.0,10129.0
10278.0,10305.0
10055.0,10058.0
10053.0,10062.0
10071.0,10071.0
9936.0,9930.0
10041.0,10053.0
10075.0,10075.0
10210.0,10231.0
10028.0,10037.0
10083.0,10083.0
10114.0,10117.0
10111.0,10117.0
10219.0,10243.0
10031.0,10031.0
10094.0,10103.0
10036.0,10033.0
10044.0,10044.0
9943.0,9934.0
10103.0,10103.0
10199.0,10217.0
10150.0,10153.0
10127.0,10139.0
10229.0,10247.0
10146.0,10146.0
9923.0,9914.0
9786.0,9771.0
10248.0,10257.0
10243.0,10267.0
10159.0,10168.0
10098.0,10104.0
10037.0,10034.0
10151.0,10148.0
10001.0,10001.0
10088.0,10088.0
10067.0,10070.0
10133.0,10148.0
10038.0,10041.0
10285.0,10300.0
10007.0,9998.0
10160.0,10172.0
10143.0,10146.0
10374.0,10410.0
10354.0,10375.0
10074.0,10074.0
10211.0,10214.0
10127.0,10133.0
10182.0,10188.0
10095.0,10092.0
10214.0,10229.0
10046.0,10040.0
10144.0,10150.0
10021.0,10015.0
10141.0,10135.0
10074.0,10071.0
10197.0,10206.0
10227.0,10239.0
10319.0,10337.0
10249.0,10261.0
10208.0,10217.0
10140.0,10137.0
10143.0,10146.0
10132.0,10135.0
10224.0,10230.0
10328.0,10346.0
10285.0,10282.0
10068.0,10074.0
9991.0,9988.0
10121.0,10124.0
10322.0,10337.0
10221.0,10236.0
10352.0,10367.0
10170.0,10170.0
10150.0,10147.0
10210.0,10219.0
10252.0,10249.0
10124.0,10127.0
10325.0,10346.0
10210.0,10231.0
10160.0,10154.0
10263.0,10266.0
10251.0,10260.0
10330.0,10339.0
10116.0,10122.0
10308.0,10317.0
10361.0,10382.0
10421.0,10439.0
10363.0,10384.0
10224.0,10230.0
10194.0,10203.0
10221.0,10215.0
10236.0,10248.0
10409.0,10421.0
10368.0,10386.0
10215.0,10203.0
10211.0,10208.0
10289.0,10295.0
10118.0,10112.0
10292.0,10307.0
10284.0,10284.0
10251.0,10269.0
10266.0,10263.0
10074.0,10077.0
10071.0,10068.0
10113.0,10116.0
10306.0,10312.0
10330.0,10345.0
10324.0,10336.0
10322.0,10328.0
10103.0,10088.0
10120.0,10114.0
10286.0,10292.0
10462.0,10480.0
10396.0,10408.0
10478.0,10502.0
10326.0,10329.0
10341.0,10338.0
10479.0,10491.0
10223.0,10238.0
10372.0,10390.0
10378.0,10393.0
10449.0,10461.0
10329.0,10329.0
10215.0,10209.0
10202.0,10208.0
10293.0,10296.0
10460.0,10475.0
10433.0,10445.0
10286.0,10295.0
10315.0,10312.0
10045.0,10033.0
10086.0,10083.0
10320.0,10326.0
10476.0,10491.0
10420.0,10420.0
10439.0,10463.0
10278.0,10272.0
10161.0,10155.0
10346.0,10337.0
10146.0,10131.0
10515.0,10536.0
10441.0,10456.0
10376.0,10388.0
10268.0,10262.0
10330.0,10330.0
10224.0,10218.0
10355.0,10361.0
10452.0,10464.0
10393.0,10402.0
10572.0,10599.0
10362.0,10359.0
10361.0,10367.0
10028.0,10016.0
10437.0,10449.0
10565.0,10595.0
10424.0,10442.0
10620.0,10647.0
10411.0,10414.0
10405.0,10417.0
10228.0,10219.0
10380.0,10383.0
10420.0,10441.0
10401.0,10413.0
10392.0,10398.0
10438.0,10438.0
10163.0,10157.0
10235.0,10214.0
10321.0,10324.0
10529.0,10538.0
10463.0,10463.0
10427.0,10439.0
10217.0,10205.0
10234.0,10228.0
10163.0,10148.0
10422.0,10422.0
10433.0,10448.0
10417.0,10432.0
10417.0,10423.0
10380.0,10380.0
10307.0,10295.0
10449.0,10458.0
10446.0,10452.0
10593.0,10626.0
10489.0,10513.0
10610.0,10625.0
10284.0,10278.0
10387.0,10381.0
10462.0,10465.0
10544.0,10556.0
10599.0,10626.0
10410.0,10413.0
10480.0,10498.0
10317.0,10308.0
10401.0,10398.0
10321.0,10318.0
10472.0,10487.0
10359.0,10359.0
10710.0,10740.0
10604.0,10619.0
10399.0,10390.0
10406.0,10409.0
10319.0,10307.0
10440.0,10440.0
10585.0,10597.0
10673.0,10712.0
10487.0,10490.0
10365.0,10356.0
10341.0,10332.0
10387.0,10378.0
10431.0,10431.0
10495.0,10498.0
10573.0,10597.0
10545.0,10551.0
10361.0,10355.0
10526.0,10538.0
10308.0,10299.0
10497.0,10503.0
10513.0,10534.0
10642.0,10666.0
10648.0,10663.0
10437.0,10431.0
10539.0,10548.0
10408.0,10408.0
10594.0,10612.0
10528.0,10549.0
10696.0,10729.0
10639.0,10645.0
10432.0,10432.0
10397.0,10394.0
10627.0,10639.0
10485.0,10491.0
10693.0,10720.0
10566.0,10572.0
10584.0,10590.0
10491.0,10488.0
10471.0,10468.0
10513.0,10507.0
10610.0,10634.0
10650.0,10659.0
10675.0,10687.0
10664.0,10673.0
10395.0,10386.0
10414.0,10411.0
10609.0,10618.0
10657.0,10675.0
10776.0,10794.0
10539.0,10557.0
10436.0,10436.0
10520.0,10526.0
10488.0,10473.0
10539.0,10539.0
10502.0,10508.0
10664.0,10679.0
10690.0,10708.0
10608.0,10620.0
10604.0,10601.0
10425.0,10419.0
10421.0,10415.0
10681.0,10696.0
10631.0,10646.0
10541.0,10553.0
10606.0,10615.0
10623.0,10629.0
10496.0,10493.0
10636.0,10642.0
10653.0,10671.0
10660.0,10666.0
10676.0,10697.0
10756.0,10774.0
10594.0,10594.0
10608.0,10608.0
10504.0,10492.0
10790.0,10817.0
10708.0,10714.0
10539.0,10545.0
10527.0,10524.0
10689.0,10698.0
10367.0,10352.0
10539.0,10530.0
10625.0,10640.0
10867.0,10894.0
10710.0,10710.0
10778.0,10799.0
10569.0,10563.0
10597.0,10597.0
10471.0,10465.0
10554.0,10557.0
10894.0,10921.0
10686.0,10695.0
10694.0,10697.0
10636.0,10636.0
10560.0,10551.0
10611.0,10608.0
10644.0,10662.0
10754.0,10769.0
10741.0,10753.0
10670.0,10670.0
10646.0,10637.0
10737.0,10749.0
10538.0,10544.0
10561.0,10564.0
10918.0,10945.0
10773.0,10782.0
10499.0,10502.0
10492.0,10480.0
10569.0,10560.0
10599.0,10599.0
10686.0,10692.0
10740.0,10755.0
10627.0,10642.0
10781.0,10790.0
10638.0,10629.0
10573.0,10582.0
10670.0,10676.0
10598.0,10589.0
10722.0,10737.0
10799.0,10808.0
10535.0,10535.0
10423.0,10399.0
10545.0,10542.0
10629.0,10620.0
10660.0,10669.0
10787.0,10796.0
10621.0,10630.0
10751.0,10745.0
10594.0,10588.0
10592.0,10595.0
10689.0,10698.0
10641.0,10638.0
10707.0,10728.0
10697.0,10709.0
10754.0,10760.0
10634.0,10619.0
10753.0,10753.0
10567.0,10558.0
10814.0,10829.0
10814.0,10826.0
10809.0,10830.0
10787.0,10799.0
10642.0,10621.0
10596.0,10593.0
10558.0,10552.0
10702.0,10708.0
10885.0,10900.0
10835.0,10850.0
10612.0,10609.0
10753.0,10753.0
10682.0,10682.0
10686.0,10686.0
10590.0,10587.0
10816.0,10816.0
10874.0,10898.0
10852.0,10864.0
10736.0,10727.0
10624.0,10618.0
10590.0,10593.0
10650.0,10659.0
10921.0,10942.0
11102.0,11132.0
10830.0,10839.0
10713.0,10707.0
10752.0,10767.0
10568.0,10553.0
10867.0,10882.0
10973.0,10991.0
10876.0,10891.0
10943.0,10961.0
10846.0,10852.0
10782.0,10779.0
10598.0,10604.0
10754.0,10775.0
10909.0,10933.0
10855.0,10864.0
10801.0,10810.0
10788.0,10788.0
10801.0,10810.0
10914.0,10920.0
10748.0,10763.0
10895.0,10913.0
10957.0,10969.0
10833.0,10845.0
10753.0,10753.0
10843.0,10855.0
10747.0,10744.0
10800.0,10812.0
10933.0,10945.0
11004.0,11028.0
10885.0,10891.0
10821.0,10818.0
10869.0,10872.0
10698.0,10692.0
10816.0,10828.0
10925.0,10949.0
10828.0,10837.0
10826.0,10832.0
10763.0,10760.0
10675.0,10663.0
10751.0,10760.0
10914.0,10923.0
11014.0,11032.0
10815.0,10824.0
11014.0,11038.0
10847.0,10850.0
10820.0,10817.0
10858.0,10861.0
10696.0,10690.0
10947.0,10965.0
11029.0,11056.0
10860.0,10875.0
10983.0,10983.0
10855.0,10843.0
10810.0,10801.0
10869.0,10887.0
10790.0,10787.0
10993.0,11020.0
11021.0,11027.0
10930.0,10927.0
10925.0,10931.0
10692.0,10677.0
10970.0,10973.0
10978.0,10996.0
10800.0,10809.0
10988.0,11000.0
10723.0,10714.0
10918.0,10918.0
10795.0,10795.0
10920.0,10935.0
11044.0,11059.0
10945.0,10945.0
10909.0,10915.0
10850.0,10847.0
10655.0,10637.0
10912.0,10921.0
10977.0,10989.0
11050.0,11062.0
11054.0,11069.0
10855.0,10858.0
10966.0,10972.0
10911.0,10896.0
10731.0,10731.0
10990.0,10996.0
10924.0,10930.0
10979.0,10991.0
10901.0,10907.0
10941.0,10941.0
10941.0,10950.0
10916.0,10922.0
11064.0,11079.0
10974.0,10989.0
11164.0,11191.0
10925.0,10928.0
10957.0,10951.0
10936.0,10948.0
10843.0,10825.0
10959.0,10965.0
11001.0,11013.0
10955.0,10967.0
11010.0,11025.0
10841.0,10838.0
11098.0,11101.0
10854.0,10851.0
10914.0,10908.0
10914.0,10920.0
11053.0,11068.0
11003.0,11012.0
11086.0,11098.0
10858.0,10849.0
10797.0,10788.0
10951.0,10951.0
10996.0,11002.0
11085.0,10747.0
11059.0,11016.0
11122.0,11117.0
10927.0,10700.0
10928.0,11067.0
10972.0,11058.0
11028.0,11282.0
11192.0,11150.0
11016.0,10824.0
10862.0,10652.0
10823.0,10766.0
10852.0,10976.0
10957.0,11273.0
11157.0,11132.0
11191.0,11088.0
10929.0,10837.0
11148.0,10900.0
10867.0,10918.0
11020.0,11291.0
10937.0,10793.0
11106.0,11590.0
11086.0,10636.0
11084.0,11115.0
11014.0,10871.0
11086.0,11050.0
10806.0,11036.0
11274.0,11439.0
11201.0,11323.0
11103.0,10734.0
10939.0,10953.0
10990.0,10767.0
10959.0,11003.0
10981.0,11222.0
11078.0,11261.0
11178.0,11341.0
11121.0,10687.0
11083.0,11237.0
11170.0,10923.0
11131.0,11038.0
11017.0,11228.0
11034.0,11331.0
11181.0,11186.0
11066.0,10697.0
11116.0,11516.0
11099.0,10581.0
11052.0,11074.0
10933.0,11184.0
11089.0,11157.0
11066.0,11140.0
11166.0,10964.0
