id,inv,demand,forecast,received_shipment,order,Order_Supplier_0,Forecast_Retailer_0,Forecast_Retailer_1,Demand_Retailer_0,Demand_Retailer_1
0.0,0.0,1316.0,1316.0,0.0,5264.0,5264.0,940.0,376.0,940.0,376.0
0.0,0.0,1332.0,1324.0,0.0,5296.0,5296.0,946.0,378.0,952.0,380.0
0.0,0.0,1356.0,1335.0,5264.0,4080.0,4080.0,960.0,375.0,988.0,368.0
0.0,1260.0,1388.0,1348.0,5296.0,224.0,224.0,971.0,377.0,1004.0,384.0
0.0,5168.0,0.0,1079.0,4080.0,0.0,0.0,777.0,302.0,0.0,0.0
0.0,9248.0,0.0,898.0,224.0,0.0,0.0,647.0,251.0,0.0,0.0
0.0,9472.0,0.0,770.0,0.0,0.0,0.0,555.0,215.0,0.0,0.0
0.0,9472.0,0.0,674.0,0.0,0.0,0.0,486.0,188.0,0.0,0.0
0.0,9472.0,0.0,600.0,0.0,0.0,0.0,432.0,168.0,0.0,0.0
0.0,9472.0,0.0,539.0,0.0,0.0,0.0,388.0,151.0,0.0,0.0
0.0,9472.0,178.0,506.0,0.0,0.0,0.0,364.0,142.0,121.0,57.0
0.0,9294.0,594.0,514.0,0.0,0.0,0.0,368.0,146.0,409.0,185.0
0.0,8700.0,770.0,533.0,0.0,0.0,0.0,379.0,154.0,518.0,252.0
0.0,7930.0,560.0,535.0,0.0,0.0,0.0,379.0,156.0,380.0,180.0
0.0,7370.0,141.0,509.0,0.0,0.0,0.0,361.0,148.0,103.0,38.0
0.0,7229.0,0.0,477.0,0.0,0.0,0.0,338.0,139.0,0.0,0.0
0.0,7229.0,156.0,459.0,0.0,0.0,0.0,326.0,133.0,121.0,35.0
0.0,7073.0,520.0,462.0,0.0,0.0,0.0,328.0,134.0,369.0,151.0
0.0,6553.0,732.0,476.0,0.0,0.0,0.0,338.0,138.0,510.0,222.0
0.0,5821.0,595.0,482.0,0.0,0.0,0.0,341.0,141.0,410.0,185.0
0.0,5226.0,199.0,469.0,0.0,0.0,0.0,332.0,137.0,142.0,57.0
0.0,5027.0,8.0,447.0,0.0,0.0,0.0,317.0,130.0,8.0,0.0
0.0,5019.0,114.0,433.0,0.0,0.0,0.0,307.0,126.0,96.0,18.0
0.0,4905.0,462.0,435.0,0.0,0.0,0.0,309.0,126.0,336.0,126.0
0.0,4443.0,704.0,445.0,0.0,0.0,0.0,316.0,129.0,500.0,204.0
0.0,3739.0,585.0,451.0,0.0,0.0,0.0,320.0,131.0,406.0,179.0
0.0,3154.0,206.0,442.0,0.0,0.0,0.0,313.0,129.0,133.0,73.0
0.0,2948.0,0.0,426.0,0.0,0.0,0.0,302.0,124.0,0.0,0.0
0.0,2948.0,78.0,413.0,0.0,0.0,0.0,293.0,120.0,55.0,23.0
0.0,2870.0,422.0,413.0,0.0,0.0,0.0,293.0,120.0,300.0,122.0
0.0,2448.0,660.0,422.0,0.0,0.0,0.0,299.0,123.0,466.0,194.0
0.0,1788.0,585.0,427.0,0.0,505.0,505.0,302.0,125.0,408.0,177.0
0.0,1203.0,260.0,421.0,0.0,741.0,741.0,298.0,123.0,174.0,86.0
0.0,943.0,32.0,410.0,505.0,224.0,224.0,290.0,120.0,17.0,15.0
0.0,1416.0,117.0,402.0,741.0,0.0,0.0,284.0,118.0,84.0,33.0
0.0,2040.0,418.0,403.0,224.0,0.0,0.0,285.0,118.0,305.0,113.0
0.0,1846.0,602.0,408.0,0.0,388.0,388.0,289.0,119.0,433.0,169.0
0.0,1244.0,502.0,410.0,0.0,898.0,898.0,290.0,120.0,348.0,154.0
0.0,742.0,235.0,406.0,388.0,729.0,729.0,287.0,119.0,150.0,85.0
0.0,895.0,79.0,398.0,898.0,0.0,0.0,281.0,117.0,44.0,35.0
0.0,1714.0,129.0,391.0,729.0,0.0,0.0,276.0,115.0,75.0,54.0
0.0,2314.0,366.0,391.0,0.0,0.0,0.0,276.0,115.0,266.0,100.0
0.0,1948.0,590.0,395.0,0.0,222.0,222.0,279.0,116.0,430.0,160.0
0.0,1358.0,546.0,398.0,0.0,780.0,780.0,281.0,117.0,381.0,165.0
0.0,812.0,278.0,396.0,222.0,828.0,828.0,279.0,117.0,161.0,117.0
0.0,756.0,52.0,389.0,780.0,72.0,72.0,273.0,116.0,0.0,52.0
0.0,1484.0,113.0,382.0,828.0,0.0,0.0,268.0,114.0,60.0,53.0
0.0,2199.0,411.0,383.0,72.0,0.0,0.0,269.0,114.0,312.0,99.0
0.0,1860.0,664.0,389.0,0.0,360.0,360.0,274.0,115.0,507.0,157.0
0.0,1196.0,624.0,394.0,0.0,1004.0,1004.0,278.0,116.0,453.0,171.0
0.0,572.0,315.0,392.0,360.0,951.0,951.0,276.0,116.0,196.0,119.0
0.0,617.0,56.0,386.0,1004.0,0.0,0.0,271.0,115.0,0.0,56.0
0.0,1565.0,91.0,362.0,951.0,0.0,0.0,253.0,109.0,30.0,61.0
0.0,2425.0,439.0,345.0,0.0,0.0,0.0,241.0,104.0,308.0,131.0
0.0,1986.0,710.0,333.0,0.0,56.0,56.0,232.0,101.0,529.0,181.0
0.0,1276.0,684.0,318.0,0.0,680.0,680.0,222.0,96.0,516.0,168.0
0.0,592.0,400.0,327.0,56.0,1060.0,1060.0,228.0,99.0,282.0,118.0
0.0,248.0,159.0,329.0,680.0,547.0,547.0,229.0,100.0,79.0,80.0
0.0,769.0,141.0,332.0,1060.0,0.0,0.0,231.0,101.0,75.0,66.0
0.0,1688.0,385.0,339.0,547.0,0.0,0.0,236.0,103.0,285.0,100.0
0.0,1850.0,657.0,352.0,0.0,215.0,215.0,246.0,106.0,515.0,142.0
0.0,1193.0,685.0,365.0,0.0,952.0,952.0,256.0,109.0,521.0,164.0
0.0,508.0,509.0,372.0,215.0,1274.0,1274.0,261.0,111.0,349.0,160.0
0.0,214.0,240.0,365.0,952.0,534.0,534.0,255.0,110.0,123.0,117.0
0.0,926.0,163.0,354.0,1274.0,0.0,0.0,247.0,107.0,86.0,77.0
0.0,2037.0,347.0,350.0,534.0,0.0,0.0,245.0,105.0,262.0,85.0
0.0,2224.0,636.0,359.0,0.0,0.0,0.0,252.0,107.0,505.0,131.0
0.0,1588.0,731.0,373.0,0.0,635.0,635.0,263.0,110.0,567.0,164.0
0.0,857.0,519.0,380.0,0.0,1182.0,1182.0,268.0,112.0,366.0,153.0
0.0,338.0,140.0,373.0,635.0,659.0,659.0,262.0,111.0,37.0,103.0
0.0,833.0,81.0,360.0,1182.0,0.0,0.0,252.0,108.0,0.0,81.0
0.0,1934.0,291.0,354.0,659.0,0.0,0.0,248.0,106.0,207.0,84.0
0.0,2302.0,625.0,363.0,0.0,0.0,0.0,255.0,108.0,501.0,124.0
0.0,1677.0,724.0,376.0,0.0,551.0,551.0,265.0,111.0,552.0,172.0
0.0,953.0,519.0,384.0,0.0,1102.0,1102.0,270.0,114.0,357.0,162.0
0.0,434.0,147.0,378.0,551.0,674.0,674.0,265.0,113.0,50.0,97.0
0.0,838.0,57.0,365.0,1102.0,0.0,0.0,255.0,110.0,0.0,57.0
0.0,1883.0,250.0,359.0,674.0,0.0,0.0,251.0,108.0,186.0,64.0
0.0,2307.0,582.0,366.0,0.0,0.0,0.0,257.0,109.0,456.0,126.0
0.0,1725.0,745.0,380.0,0.0,540.0,540.0,268.0,112.0,584.0,161.0
0.0,980.0,550.0,390.0,0.0,1130.0,1130.0,275.0,115.0,402.0,148.0
0.0,430.0,181.0,385.0,540.0,751.0,751.0,271.0,114.0,82.0,99.0
0.0,789.0,59.0,374.0,1130.0,0.0,0.0,262.0,112.0,0.0,59.0
0.0,1860.0,170.0,365.0,751.0,0.0,0.0,256.0,109.0,106.0,64.0
0.0,2441.0,454.0,370.0,0.0,0.0,0.0,260.0,110.0,354.0,100.0
0.0,1987.0,666.0,381.0,0.0,203.0,203.0,269.0,112.0,526.0,140.0
0.0,1321.0,579.0,390.0,0.0,818.0,818.0,276.0,114.0,449.0,130.0
0.0,742.0,293.0,388.0,203.0,900.0,900.0,274.0,114.0,204.0,89.0
0.0,652.0,73.0,378.0,818.0,115.0,115.0,266.0,112.0,0.0,73.0
0.0,1397.0,166.0,371.0,900.0,0.0,0.0,261.0,110.0,76.0,90.0
0.0,2131.0,443.0,375.0,115.0,0.0,0.0,264.0,111.0,314.0,129.0
0.0,1803.0,670.0,387.0,0.0,415.0,415.0,273.0,114.0,508.0,162.0
0.0,1133.0,571.0,395.0,0.0,1018.0,1018.0,280.0,115.0,427.0,144.0
0.0,562.0,239.0,392.0,415.0,830.0,830.0,277.0,115.0,142.0,97.0
0.0,738.0,70.0,383.0,1018.0,0.0,0.0,269.0,114.0,0.0,70.0
0.0,1686.0,156.0,375.0,830.0,0.0,0.0,263.0,112.0,63.0,93.0
0.0,2360.0,436.0,378.0,0.0,0.0,0.0,265.0,113.0,296.0,140.0
0.0,1924.0,612.0,389.0,0.0,244.0,244.0,274.0,115.0,456.0,156.0
0.0,1312.0,498.0,396.0,0.0,770.0,770.0,280.0,116.0,373.0,125.0
0.0,814.0,227.0,393.0,244.0,741.0,741.0,277.0,116.0,132.0,95.0
0.0,831.0,107.0,382.0,770.0,34.0,34.0,267.0,115.0,19.0,88.0
0.0,1494.0,286.0,376.0,741.0,0.0,0.0,262.0,114.0,167.0,119.0
0.0,1949.0,557.0,380.0,34.0,94.0,94.0,266.0,114.0,405.0,152.0
0.0,1426.0,653.0,391.0,0.0,791.0,791.0,275.0,116.0,492.0,161.0
0.0,773.0,524.0,400.0,94.0,1257.0,1257.0,282.0,118.0,388.0,136.0
0.0,343.0,272.0,397.0,791.0,726.0,726.0,280.0,117.0,164.0,108.0
0.0,862.0,179.0,387.0,1257.0,0.0,0.0,271.0,116.0,68.0,111.0
0.0,1940.0,366.0,381.0,726.0,0.0,0.0,265.0,116.0,221.0,145.0
0.0,2300.0,594.0,385.0,0.0,0.0,0.0,268.0,117.0,427.0,167.0
0.0,1706.0,690.0,395.0,0.0,564.0,564.0,277.0,118.0,535.0,155.0
0.0,1016.0,565.0,402.0,0.0,1157.0,1157.0,283.0,119.0,429.0,136.0
0.0,451.0,343.0,402.0,564.0,936.0,936.0,282.0,120.0,230.0,113.0
0.0,672.0,256.0,394.0,1157.0,3.0,3.0,275.0,119.0,131.0,125.0
0.0,1573.0,398.0,388.0,936.0,0.0,0.0,269.0,119.0,239.0,159.0
0.0,2111.0,629.0,390.0,3.0,75.0,75.0,271.0,119.0,452.0,177.0
0.0,1485.0,685.0,399.0,0.0,796.0,796.0,279.0,120.0,526.0,159.0
0.0,800.0,566.0,407.0,75.0,1319.0,1319.0,286.0,121.0,428.0,138.0
0.0,309.0,354.0,407.0,796.0,877.0,877.0,285.0,122.0,242.0,112.0
0.0,751.0,263.0,401.0,1319.0,0.0,0.0,279.0,122.0,150.0,113.0
0.0,1807.0,404.0,393.0,877.0,0.0,0.0,272.0,121.0,250.0,154.0
0.0,2280.0,596.0,396.0,0.0,0.0,0.0,274.0,122.0,426.0,170.0
0.0,1684.0,647.0,406.0,0.0,587.0,587.0,283.0,123.0,505.0,142.0
0.0,1037.0,486.0,413.0,0.0,1101.0,1101.0,290.0,123.0,386.0,100.0
0.0,551.0,252.0,412.0,587.0,762.0,762.0,289.0,123.0,157.0,95.0
0.0,886.0,179.0,404.0,1101.0,0.0,0.0,281.0,123.0,62.0,117.0
0.0,1808.0,327.0,396.0,762.0,0.0,0.0,274.0,122.0,185.0,142.0
0.0,2243.0,551.0,396.0,0.0,0.0,0.0,274.0,122.0,393.0,158.0
0.0,1692.0,637.0,406.0,0.0,569.0,569.0,283.0,123.0,510.0,127.0
0.0,1055.0,497.0,415.0,0.0,1102.0,1102.0,291.0,124.0,402.0,95.0
0.0,558.0,263.0,414.0,569.0,792.0,792.0,290.0,124.0,166.0,97.0
0.0,864.0,161.0,406.0,1102.0,0.0,0.0,282.0,124.0,40.0,121.0
0.0,1805.0,316.0,399.0,792.0,0.0,0.0,275.0,124.0,176.0,140.0
0.0,2281.0,572.0,398.0,0.0,0.0,0.0,275.0,123.0,438.0,134.0
0.0,1709.0,702.0,409.0,0.0,629.0,629.0,285.0,124.0,583.0,119.0
0.0,1007.0,554.0,418.0,0.0,1219.0,1219.0,293.0,125.0,437.0,117.0
0.0,453.0,276.0,421.0,629.0,878.0,878.0,295.0,126.0,175.0,101.0
0.0,806.0,153.0,415.0,1219.0,0.0,0.0,289.0,126.0,60.0,93.0
0.0,1872.0,292.0,408.0,878.0,0.0,0.0,283.0,125.0,199.0,93.0
0.0,2458.0,484.0,405.0,0.0,0.0,0.0,281.0,124.0,376.0,108.0
0.0,1974.0,613.0,412.0,0.0,287.0,287.0,287.0,125.0,487.0,126.0
0.0,1361.0,531.0,420.0,0.0,850.0,850.0,294.0,126.0,396.0,135.0
0.0,830.0,323.0,424.0,287.0,902.0,902.0,297.0,127.0,195.0,128.0
0.0,794.0,185.0,418.0,850.0,213.0,213.0,292.0,126.0,76.0,109.0
0.0,1459.0,254.0,410.0,902.0,0.0,0.0,285.0,125.0,152.0,102.0
0.0,2107.0,467.0,409.0,213.0,0.0,0.0,284.0,125.0,348.0,119.0
0.0,1853.0,583.0,416.0,0.0,394.0,394.0,290.0,126.0,452.0,131.0
0.0,1270.0,454.0,423.0,0.0,876.0,876.0,296.0,127.0,323.0,131.0
0.0,816.0,234.0,424.0,394.0,720.0,720.0,297.0,127.0,127.0,107.0
0.0,976.0,159.0,418.0,876.0,0.0,0.0,292.0,126.0,50.0,109.0
0.0,1693.0,330.0,414.0,720.0,0.0,0.0,288.0,126.0,207.0,123.0
0.0,2083.0,562.0,414.0,0.0,135.0,135.0,288.0,126.0,417.0,145.0
0.0,1521.0,630.0,422.0,0.0,797.0,797.0,295.0,127.0,477.0,153.0
0.0,891.0,450.0,429.0,135.0,1140.0,1140.0,301.0,128.0,317.0,133.0
0.0,576.0,226.0,428.0,797.0,565.0,565.0,300.0,128.0,113.0,113.0
0.0,1147.0,210.0,421.0,1140.0,0.0,0.0,294.0,127.0,88.0,122.0
0.0,2077.0,395.0,416.0,565.0,0.0,0.0,289.0,127.0,249.0,146.0
0.0,2247.0,623.0,418.0,0.0,48.0,48.0,291.0,127.0,474.0,149.0
0.0,1624.0,695.0,426.0,0.0,775.0,775.0,298.0,128.0,546.0,149.0
0.0,929.0,521.0,433.0,48.0,1276.0,1276.0,304.0,129.0,375.0,146.0
0.0,456.0,266.0,431.0,775.0,759.0,759.0,302.0,129.0,115.0,151.0
0.0,965.0,247.0,425.0,1276.0,0.0,0.0,296.0,129.0,98.0,149.0
0.0,1994.0,462.0,420.0,759.0,0.0,0.0,292.0,128.0,323.0,139.0
0.0,2291.0,704.0,422.0,0.0,101.0,101.0,294.0,128.0,563.0,141.0
0.0,1587.0,756.0,430.0,0.0,889.0,889.0,301.0,129.0,594.0,162.0
0.0,831.0,610.0,438.0,101.0,1430.0,1430.0,307.0,131.0,420.0,190.0
0.0,322.0,371.0,437.0,889.0,908.0,908.0,306.0,131.0,182.0,189.0
0.0,840.0,271.0,430.0,1430.0,0.0,0.0,299.0,131.0,118.0,153.0
0.0,1999.0,376.0,424.0,908.0,0.0,0.0,294.0,130.0,266.0,110.0
0.0,2531.0,647.0,425.0,0.0,0.0,0.0,296.0,129.0,530.0,117.0
0.0,1884.0,788.0,434.0,0.0,640.0,640.0,304.0,130.0,630.0,158.0
0.0,1096.0,653.0,442.0,0.0,1325.0,1325.0,310.0,132.0,461.0,192.0
0.0,443.0,356.0,440.0,640.0,1033.0,1033.0,308.0,132.0,173.0,183.0
0.0,727.0,212.0,433.0,1325.0,0.0,0.0,301.0,132.0,65.0,147.0
0.0,1840.0,338.0,427.0,1033.0,0.0,0.0,296.0,131.0,231.0,107.0
0.0,2535.0,617.0,429.0,0.0,0.0,0.0,298.0,131.0,507.0,110.0
0.0,1918.0,743.0,439.0,0.0,581.0,581.0,307.0,132.0,599.0,144.0
0.0,1175.0,557.0,446.0,0.0,1166.0,1166.0,313.0,133.0,387.0,170.0
0.0,618.0,304.0,446.0,581.0,889.0,889.0,312.0,134.0,130.0,174.0
0.0,895.0,164.0,439.0,1166.0,0.0,0.0,305.0,134.0,27.0,137.0
0.0,1897.0,321.0,432.0,889.0,0.0,0.0,299.0,133.0,210.0,111.0
0.0,2465.0,611.0,435.0,0.0,0.0,0.0,301.0,134.0,501.0,110.0
0.0,1854.0,719.0,443.0,0.0,637.0,637.0,309.0,134.0,590.0,129.0
0.0,1135.0,584.0,451.0,0.0,1253.0,1253.0,316.0,135.0,420.0,164.0
0.0,551.0,303.0,451.0,637.0,919.0,919.0,316.0,135.0,149.0,154.0
0.0,885.0,157.0,443.0,1253.0,0.0,0.0,308.0,135.0,41.0,116.0
0.0,1981.0,284.0,435.0,919.0,0.0,0.0,301.0,134.0,219.0,65.0
0.0,2616.0,553.0,435.0,0.0,0.0,0.0,302.0,133.0,487.0,66.0
0.0,2063.0,738.0,444.0,0.0,451.0,451.0,311.0,133.0,612.0,126.0
0.0,1325.0,616.0,453.0,0.0,1103.0,1103.0,318.0,135.0,449.0,167.0
0.0,709.0,309.0,453.0,451.0,961.0,961.0,317.0,136.0,142.0,167.0
0.0,851.0,131.0,447.0,1103.0,0.0,0.0,310.0,137.0,0.0,131.0
0.0,1823.0,201.0,439.0,961.0,0.0,0.0,303.0,136.0,112.0,89.0
0.0,2583.0,518.0,438.0,0.0,0.0,0.0,303.0,135.0,441.0,77.0
0.0,2065.0,751.0,447.0,0.0,474.0,474.0,312.0,135.0,627.0,124.0
0.0,1314.0,644.0,456.0,0.0,1154.0,1154.0,320.0,136.0,480.0,164.0
0.0,670.0,342.0,457.0,474.0,1026.0,1026.0,320.0,137.0,170.0,172.0
0.0,802.0,125.0,450.0,1154.0,0.0,0.0,313.0,137.0,0.0,125.0
0.0,1831.0,159.0,443.0,1026.0,0.0,0.0,306.0,137.0,65.0,94.0
0.0,2698.0,427.0,442.0,0.0,0.0,0.0,306.0,136.0,340.0,87.0
0.0,2271.0,691.0,450.0,0.0,220.0,220.0,314.0,136.0,565.0,126.0
0.0,1580.0,674.0,460.0,0.0,934.0,934.0,323.0,137.0,501.0,173.0
0.0,906.0,379.0,461.0,220.0,1097.0,1097.0,323.0,138.0,208.0,171.0
0.0,747.0,121.0,453.0,934.0,252.0,252.0,315.0,138.0,0.0,121.0
0.0,1560.0,154.0,443.0,1097.0,0.0,0.0,307.0,136.0,69.0,85.0
0.0,2503.0,500.0,445.0,252.0,0.0,0.0,309.0,136.0,386.0,114.0
0.0,2255.0,773.0,455.0,0.0,338.0,338.0,318.0,137.0,612.0,161.0
0.0,1482.0,736.0,465.0,0.0,1114.0,1114.0,327.0,138.0,546.0,190.0
0.0,746.0,400.0,466.0,338.0,1180.0,1180.0,327.0,139.0,233.0,167.0
0.0,684.0,128.0,456.0,1114.0,154.0,154.0,318.0,138.0,8.0,120.0
0.0,1670.0,243.0,447.0,1180.0,0.0,0.0,310.0,137.0,141.0,102.0
0.0,2607.0,627.0,449.0,154.0,0.0,0.0,312.0,137.0,486.0,141.0
0.0,2134.0,933.0,462.0,0.0,647.0,647.0,324.0,138.0,750.0,183.0
0.0,1201.0,808.0,473.0,0.0,1499.0,1499.0,334.0,139.0,613.0,195.0
0.0,393.0,421.0,472.0,647.0,1269.0,1269.0,333.0,139.0,245.0,176.0
0.0,619.0,130.0,461.0,1499.0,0.0,0.0,322.0,139.0,6.0,124.0
0.0,1988.0,262.0,451.0,1269.0,0.0,0.0,313.0,138.0,146.0,116.0
0.0,2995.0,675.0,453.0,0.0,0.0,0.0,315.0,138.0,519.0,156.0
0.0,2320.0,923.0,463.0,0.0,455.0,455.0,326.0,137.0,740.0,183.0
0.0,1397.0,781.0,473.0,0.0,1276.0,1276.0,335.0,138.0,584.0,197.0
0.0,616.0,453.0,474.0,455.0,1278.0,1278.0,335.0,139.0,284.0,169.0
0.0,618.0,210.0,467.0,1276.0,184.0,184.0,327.0,140.0,73.0,137.0
0.0,1684.0,269.0,456.0,1278.0,0.0,0.0,317.0,139.0,126.0,143.0
0.0,2693.0,577.0,455.0,184.0,0.0,0.0,316.0,139.0,406.0,171.0
0.0,2300.0,848.0,464.0,0.0,404.0,404.0,325.0,139.0,656.0,192.0
0.0,1452.0,783.0,475.0,0.0,1231.0,1231.0,335.0,140.0,600.0,183.0
0.0,669.0,472.0,478.0,404.0,1311.0,1311.0,337.0,141.0,327.0,145.0
0.0,601.0,207.0,470.0,1231.0,255.0,255.0,329.0,141.0,98.0,109.0
0.0,1625.0,223.0,460.0,1311.0,0.0,0.0,320.0,140.0,115.0,108.0
0.0,2713.0,522.0,460.0,255.0,0.0,0.0,320.0,140.0,360.0,162.0
0.0,2446.0,777.0,468.0,0.0,203.0,203.0,328.0,140.0,571.0,206.0
0.0,1669.0,742.0,479.0,0.0,989.0,989.0,338.0,141.0,549.0,193.0
0.0,927.0,420.0,482.0,203.0,1218.0,1218.0,340.0,142.0,292.0,128.0
0.0,710.0,196.0,473.0,989.0,389.0,389.0,332.0,141.0,112.0,84.0
0.0,1503.0,293.0,466.0,1218.0,0.0,0.0,325.0,141.0,194.0,99.0
0.0,2428.0,561.0,465.0,389.0,0.0,0.0,324.0,141.0,403.0,158.0
0.0,2256.0,724.0,473.0,0.0,360.0,360.0,332.0,141.0,530.0,194.0
0.0,1532.0,626.0,482.0,0.0,1022.0,1022.0,339.0,143.0,441.0,185.0
0.0,906.0,366.0,484.0,360.0,1036.0,1036.0,340.0,144.0,238.0,128.0
0.0,900.0,156.0,476.0,1022.0,138.0,138.0,332.0,144.0,87.0,69.0
0.0,1766.0,245.0,466.0,1036.0,0.0,0.0,323.0,143.0,170.0,75.0
0.0,2557.0,582.0,465.0,138.0,0.0,0.0,323.0,142.0,450.0,132.0
0.0,2113.0,804.0,476.0,0.0,595.0,595.0,333.0,143.0,618.0,186.0
0.0,1309.0,688.0,486.0,0.0,1323.0,1323.0,343.0,143.0,521.0,167.0
0.0,621.0,344.0,489.0,595.0,1084.0,1084.0,345.0,144.0,231.0,113.0
0.0,872.0,138.0,482.0,1323.0,0.0,0.0,338.0,144.0,69.0,69.0
0.0,2057.0,231.0,472.0,1084.0,0.0,0.0,329.0,143.0,161.0,70.0
0.0,2910.0,525.0,469.0,0.0,0.0,0.0,327.0,142.0,401.0,124.0
0.0,2385.0,801.0,478.0,0.0,328.0,328.0,336.0,142.0,604.0,197.0
0.0,1584.0,694.0,488.0,0.0,1062.0,1062.0,345.0,143.0,511.0,183.0
0.0,890.0,297.0,492.0,328.0,1047.0,1047.0,348.0,144.0,191.0,106.0
0.0,921.0,43.0,484.0,1062.0,0.0,0.0,341.0,143.0,0.0,43.0
0.0,1940.0,179.0,474.0,1047.0,0.0,0.0,332.0,142.0,104.0,75.0
0.0,2808.0,590.0,473.0,0.0,0.0,0.0,331.0,142.0,431.0,159.0
0.0,2218.0,833.0,481.0,0.0,539.0,539.0,339.0,142.0,619.0,214.0
0.0,1385.0,725.0,493.0,0.0,1312.0,1312.0,349.0,144.0,520.0,205.0
0.0,660.0,360.0,497.0,539.0,1149.0,1149.0,352.0,145.0,234.0,126.0
0.0,839.0,99.0,489.0,1312.0,0.0,0.0,345.0,144.0,24.0,75.0
0.0,2052.0,215.0,479.0,1149.0,0.0,0.0,336.0,143.0,124.0,91.0
0.0,2986.0,594.0,476.0,0.0,0.0,0.0,334.0,142.0,426.0,168.0
0.0,2392.0,941.0,486.0,0.0,493.0,493.0,342.0,144.0,701.0,240.0
0.0,1451.0,844.0,500.0,0.0,1393.0,1393.0,354.0,146.0,615.0,229.0
0.0,607.0,421.0,504.0,493.0,1337.0,1337.0,357.0,147.0,272.0,149.0
0.0,679.0,73.0,493.0,1393.0,0.0,0.0,348.0,145.0,11.0,62.0
0.0,1999.0,191.0,478.0,1337.0,0.0,0.0,335.0,143.0,114.0,77.0
0.0,3145.0,668.0,476.0,0.0,0.0,0.0,333.0,143.0,490.0,178.0
0.0,2477.0,1064.0,488.0,0.0,539.0,539.0,343.0,145.0,786.0,278.0
0.0,1413.0,960.0,504.0,0.0,1563.0,1563.0,356.0,148.0,684.0,276.0
0.0,453.0,453.0,507.0,539.0,1489.0,1489.0,359.0,148.0,300.0,153.0
0.0,539.0,41.0,495.0,1563.0,0.0,0.0,349.0,146.0,0.0,41.0
0.0,2061.0,148.0,481.0,1489.0,0.0,0.0,337.0,144.0,81.0,67.0
0.0,3402.0,756.0,480.0,0.0,0.0,0.0,336.0,144.0,542.0,214.0
0.0,2646.0,1190.0,494.0,0.0,520.0,520.0,347.0,147.0,875.0,315.0
0.0,1456.0,999.0,510.0,0.0,1583.0,1583.0,360.0,150.0,722.0,277.0
0.0,457.0,349.0,512.0,520.0,1420.0,1420.0,362.0,150.0,220.0,129.0
0.0,628.0,33.0,501.0,1583.0,0.0,0.0,354.0,147.0,0.0,33.0
0.0,2178.0,125.0,487.0,1420.0,0.0,0.0,342.0,145.0,46.0,79.0
0.0,3473.0,656.0,484.0,0.0,0.0,0.0,339.0,145.0,434.0,222.0
0.0,2817.0,1067.0,496.0,0.0,234.0,234.0,347.0,149.0,752.0,315.0
0.0,1750.0,948.0,510.0,0.0,1238.0,1238.0,358.0,152.0,673.0,275.0
0.0,802.0,448.0,514.0,234.0,1468.0,1468.0,362.0,152.0,322.0,126.0
0.0,588.0,64.0,506.0,1238.0,262.0,262.0,356.0,150.0,29.0,35.0
0.0,1762.0,161.0,494.0,1468.0,0.0,0.0,346.0,148.0,74.0,87.0
0.0,3069.0,642.0,491.0,262.0,0.0,0.0,343.0,148.0,409.0,233.0
0.0,2689.0,1007.0,503.0,0.0,330.0,330.0,351.0,152.0,695.0,312.0
0.0,1682.0,833.0,515.0,0.0,1211.0,1211.0,360.0,155.0,596.0,237.0
0.0,849.0,350.0,516.0,330.0,1235.0,1235.0,362.0,154.0,272.0,78.0
0.0,829.0,27.0,506.0,1211.0,11.0,11.0,355.0,151.0,27.0,0.0
0.0,2013.0,166.0,496.0,1235.0,0.0,0.0,347.0,149.0,105.0,61.0
0.0,3082.0,641.0,495.0,11.0,0.0,0.0,346.0,149.0,437.0,204.0
0.0,2452.0,1032.0,509.0,0.0,616.0,616.0,356.0,153.0,718.0,314.0
0.0,1420.0,888.0,522.0,0.0,1556.0,1556.0,366.0,156.0,631.0,257.0
0.0,532.0,341.0,525.0,616.0,1293.0,1293.0,368.0,157.0,256.0,85.0
0.0,807.0,4.0,513.0,1556.0,0.0,0.0,359.0,154.0,4.0,0.0
0.0,2359.0,142.0,501.0,1293.0,0.0,0.0,350.0,151.0,121.0,21.0
0.0,3510.0,628.0,500.0,0.0,0.0,0.0,349.0,151.0,459.0,169.0
0.0,2882.0,999.0,512.0,0.0,165.0,165.0,358.0,154.0,709.0,290.0
0.0,1883.0,856.0,526.0,0.0,1077.0,1077.0,368.0,158.0,598.0,258.0
0.0,1027.0,356.0,529.0,165.0,1280.0,1280.0,370.0,159.0,246.0,110.0
0.0,836.0,1.0,518.0,1077.0,160.0,160.0,362.0,156.0,0.0,1.0
0.0,1912.0,110.0,505.0,1280.0,0.0,0.0,352.0,153.0,76.0,34.0
0.0,3082.0,603.0,503.0,160.0,0.0,0.0,350.0,153.0,436.0,167.0
0.0,2639.0,984.0,516.0,0.0,409.0,409.0,360.0,156.0,710.0,274.0
0.0,1655.0,868.0,532.0,0.0,1341.0,1341.0,372.0,160.0,613.0,255.0
0.0,787.0,291.0,534.0,409.0,1231.0,1231.0,373.0,161.0,165.0,126.0
0.0,905.0,12.0,523.0,1341.0,0.0,0.0,365.0,158.0,0.0,12.0
0.0,2234.0,96.0,509.0,1231.0,0.0,0.0,354.0,155.0,58.0,38.0
0.0,3369.0,550.0,506.0,0.0,0.0,0.0,352.0,154.0,390.0,160.0
0.0,2819.0,941.0,517.0,0.0,190.0,190.0,360.0,157.0,663.0,278.0
0.0,1878.0,883.0,532.0,0.0,1133.0,1133.0,371.0,161.0,621.0,262.0
0.0,995.0,466.0,537.0,190.0,1429.0,1429.0,375.0,162.0,325.0,141.0
0.0,719.0,117.0,527.0,1133.0,373.0,373.0,368.0,159.0,66.0,51.0
0.0,1735.0,157.0,513.0,1429.0,0.0,0.0,357.0,156.0,95.0,62.0
0.0,3007.0,614.0,508.0,373.0,0.0,0.0,353.0,155.0,432.0,182.0
0.0,2766.0,975.0,518.0,0.0,281.0,281.0,361.0,157.0,706.0,269.0
0.0,1791.0,954.0,536.0,0.0,1307.0,1307.0,375.0,161.0,695.0,259.0
0.0,837.0,556.0,543.0,281.0,1610.0,1610.0,380.0,163.0,398.0,158.0
0.0,562.0,169.0,533.0,1307.0,432.0,432.0,372.0,161.0,98.0,71.0
0.0,1700.0,204.0,517.0,1610.0,0.0,0.0,360.0,157.0,112.0,92.0
0.0,3106.0,634.0,511.0,432.0,0.0,0.0,355.0,156.0,424.0,210.0
0.0,2904.0,1056.0,522.0,0.0,240.0,240.0,363.0,159.0,755.0,301.0
0.0,1848.0,1043.0,541.0,0.0,1359.0,1359.0,378.0,163.0,769.0,274.0
0.0,805.0,594.0,550.0,240.0,1749.0,1749.0,385.0,165.0,432.0,162.0
0.0,451.0,129.0,538.0,1359.0,471.0,471.0,376.0,162.0,67.0,62.0
0.0,1681.0,156.0,518.0,1749.0,0.0,0.0,360.0,158.0,71.0,85.0
0.0,3274.0,658.0,511.0,471.0,0.0,0.0,355.0,156.0,448.0,210.0
0.0,3087.0,1102.0,526.0,0.0,119.0,119.0,366.0,160.0,799.0,303.0
0.0,1985.0,1056.0,545.0,0.0,1251.0,1251.0,381.0,164.0,773.0,283.0
0.0,929.0,537.0,553.0,119.0,1701.0,1701.0,387.0,166.0,382.0,155.0
0.0,511.0,82.0,542.0,1251.0,488.0,488.0,379.0,163.0,18.0,64.0
0.0,1680.0,135.0,525.0,1701.0,0.0,0.0,366.0,159.0,35.0,100.0
0.0,3246.0,646.0,519.0,488.0,0.0,0.0,361.0,158.0,424.0,222.0
0.0,3088.0,1051.0,530.0,0.0,83.0,83.0,369.0,161.0,751.0,300.0
0.0,2037.0,997.0,548.0,0.0,1152.0,1152.0,383.0,165.0,735.0,262.0
0.0,1040.0,520.0,555.0,83.0,1617.0,1617.0,388.0,167.0,373.0,147.0
0.0,603.0,108.0,544.0,1152.0,529.0,529.0,381.0,163.0,39.0,69.0
0.0,1647.0,146.0,528.0,1617.0,0.0,0.0,369.0,159.0,49.0,97.0
0.0,3118.0,615.0,524.0,529.0,0.0,0.0,365.0,159.0,411.0,204.0
0.0,3032.0,1023.0,537.0,0.0,139.0,139.0,374.0,163.0,728.0,295.0
0.0,2009.0,1006.0,556.0,0.0,1221.0,1221.0,388.0,168.0,732.0,274.0
0.0,1003.0,515.0,563.0,139.0,1625.0,1625.0,393.0,170.0,365.0,150.0
0.0,627.0,53.0,551.0,1221.0,409.0,409.0,384.0,167.0,9.0,44.0
0.0,1795.0,95.0,533.0,1625.0,0.0,0.0,371.0,162.0,38.0,57.0
0.0,3325.0,616.0,528.0,409.0,0.0,0.0,368.0,160.0,446.0,170.0
0.0,3118.0,1072.0,542.0,0.0,122.0,122.0,378.0,164.0,807.0,265.0
0.0,2046.0,1003.0,562.0,0.0,1205.0,1205.0,393.0,169.0,743.0,260.0
0.0,1043.0,458.0,567.0,122.0,1561.0,1561.0,396.0,171.0,293.0,165.0
0.0,707.0,73.0,556.0,1205.0,385.0,385.0,387.0,169.0,0.0,73.0
0.0,1839.0,80.0,539.0,1561.0,0.0,0.0,374.0,165.0,19.0,61.0
0.0,3320.0,569.0,534.0,385.0,0.0,0.0,371.0,163.0,427.0,142.0
0.0,3136.0,1019.0,546.0,0.0,67.0,67.0,381.0,165.0,790.0,229.0
0.0,2117.0,921.0,564.0,0.0,1060.0,1060.0,395.0,169.0,709.0,212.0
0.0,1196.0,449.0,570.0,67.0,1466.0,1466.0,399.0,171.0,322.0,127.0
0.0,814.0,71.0,560.0,1060.0,437.0,437.0,391.0,169.0,0.0,71.0
0.0,1803.0,107.0,543.0,1466.0,0.0,0.0,377.0,166.0,0.0,107.0
0.0,3162.0,539.0,537.0,437.0,0.0,0.0,373.0,164.0,364.0,175.0
0.0,3060.0,945.0,549.0,0.0,81.0,81.0,383.0,166.0,722.0,223.0
0.0,2115.0,909.0,567.0,0.0,1062.0,1062.0,397.0,170.0,708.0,201.0
0.0,1206.0,481.0,574.0,81.0,1490.0,1490.0,402.0,172.0,350.0,131.0
0.0,806.0,96.0,565.0,1062.0,488.0,488.0,395.0,170.0,20.0,76.0
0.0,1772.0,141.0,550.0,1490.0,0.0,0.0,384.0,166.0,56.0,85.0
0.0,3121.0,535.0,543.0,488.0,0.0,0.0,379.0,164.0,383.0,152.0
0.0,3074.0,965.0,553.0,0.0,103.0,103.0,387.0,166.0,741.0,224.0
0.0,2109.0,988.0,569.0,0.0,1155.0,1155.0,400.0,169.0,759.0,229.0
0.0,1121.0,586.0,577.0,103.0,1670.0,1670.0,406.0,171.0,410.0,176.0
0.0,638.0,162.0,569.0,1155.0,645.0,645.0,399.0,170.0,41.0,121.0
0.0,1631.0,144.0,553.0,1670.0,0.0,0.0,386.0,167.0,28.0,116.0
0.0,3157.0,578.0,546.0,645.0,0.0,0.0,380.0,166.0,408.0,170.0
0.0,3224.0,1031.0,555.0,0.0,27.0,27.0,388.0,167.0,801.0,230.0
0.0,2193.0,1065.0,572.0,0.0,1160.0,1160.0,402.0,170.0,815.0,250.0
0.0,1128.0,669.0,581.0,27.0,1838.0,1838.0,409.0,172.0,474.0,195.0
0.0,486.0,239.0,574.0,1160.0,889.0,889.0,403.0,171.0,118.0,121.0
0.0,1407.0,207.0,557.0,1838.0,0.0,0.0,390.0,167.0,86.0,121.0
0.0,3038.0,629.0,550.0,889.0,0.0,0.0,384.0,166.0,439.0,190.0
0.0,3298.0,1082.0,559.0,0.0,20.0,20.0,392.0,167.0,833.0,249.0
0.0,2216.0,1058.0,577.0,0.0,1150.0,1150.0,406.0,171.0,824.0,234.0
0.0,1158.0,604.0,585.0,20.0,1766.0,1766.0,413.0,172.0,430.0,174.0
0.0,574.0,213.0,577.0,1150.0,797.0,797.0,406.0,171.0,74.0,139.0
0.0,1511.0,259.0,560.0,1766.0,0.0,0.0,392.0,168.0,99.0,160.0
0.0,3018.0,693.0,553.0,797.0,0.0,0.0,386.0,167.0,470.0,223.0
0.0,3122.0,1079.0,564.0,0.0,213.0,213.0,395.0,169.0,829.0,250.0
0.0,2043.0,991.0,582.0,0.0,1276.0,1276.0,410.0,172.0,772.0,219.0
0.0,1052.0,520.0,589.0,213.0,1611.0,1611.0,416.0,173.0,347.0,173.0
0.0,745.0,146.0,579.0,1276.0,441.0,441.0,407.0,172.0,0.0,146.0
0.0,1875.0,227.0,563.0,1611.0,0.0,0.0,394.0,169.0,64.0,163.0
0.0,3259.0,688.0,557.0,441.0,0.0,0.0,389.0,168.0,469.0,219.0
0.0,3012.0,1062.0,568.0,0.0,322.0,322.0,398.0,170.0,819.0,243.0
0.0,1950.0,953.0,584.0,0.0,1339.0,1339.0,411.0,173.0,751.0,202.0
0.0,997.0,496.0,591.0,322.0,1541.0,1541.0,417.0,174.0,337.0,159.0
0.0,823.0,145.0,582.0,1339.0,311.0,311.0,409.0,173.0,0.0,145.0
0.0,2017.0,237.0,566.0,1541.0,0.0,0.0,396.0,170.0,68.0,169.0
0.0,3321.0,700.0,561.0,311.0,0.0,0.0,392.0,169.0,500.0,200.0
0.0,2932.0,1051.0,571.0,0.0,403.0,403.0,401.0,170.0,841.0,210.0
0.0,1881.0,947.0,588.0,0.0,1418.0,1418.0,415.0,173.0,759.0,188.0
0.0,934.0,500.0,596.0,403.0,1547.0,1547.0,421.0,175.0,329.0,171.0
0.0,837.0,167.0,587.0,1418.0,260.0,260.0,412.0,175.0,0.0,167.0
0.0,2088.0,272.0,573.0,1547.0,0.0,0.0,399.0,174.0,84.0,188.0
0.0,3363.0,722.0,566.0,260.0,0.0,0.0,394.0,172.0,529.0,193.0
0.0,2901.0,1012.0,577.0,0.0,419.0,419.0,405.0,172.0,838.0,174.0
0.0,1889.0,877.0,593.0,0.0,1360.0,1360.0,419.0,174.0,726.0,151.0
0.0,1012.0,434.0,599.0,419.0,1399.0,1399.0,424.0,175.0,298.0,136.0
0.0,997.0,163.0,592.0,1360.0,174.0,174.0,416.0,176.0,0.0,163.0
0.0,2194.0,254.0,577.0,1399.0,0.0,0.0,402.0,175.0,73.0,181.0
0.0,3339.0,610.0,571.0,174.0,0.0,0.0,397.0,174.0,440.0,170.0
0.0,2903.0,939.0,580.0,0.0,356.0,356.0,406.0,174.0,789.0,150.0
0.0,1964.0,833.0,596.0,0.0,1253.0,1253.0,420.0,176.0,709.0,124.0
0.0,1131.0,454.0,602.0,356.0,1375.0,1375.0,426.0,176.0,325.0,129.0
0.0,1033.0,182.0,595.0,1253.0,276.0,276.0,419.0,176.0,0.0,182.0
0.0,2104.0,250.0,582.0,1375.0,0.0,0.0,406.0,176.0,46.0,204.0
0.0,3229.0,607.0,575.0,276.0,0.0,0.0,400.0,175.0,418.0,189.0
0.0,2898.0,923.0,584.0,0.0,361.0,361.0,408.0,176.0,759.0,164.0
0.0,1975.0,871.0,599.0,0.0,1292.0,1292.0,422.0,177.0,729.0,142.0
0.0,1104.0,533.0,607.0,361.0,1496.0,1496.0,428.0,179.0,383.0,150.0
0.0,932.0,219.0,601.0,1292.0,399.0,399.0,422.0,179.0,41.0,178.0
0.0,2005.0,205.0,586.0,1496.0,0.0,0.0,407.0,179.0,4.0,201.0
0.0,3296.0,554.0,578.0,399.0,0.0,0.0,400.0,178.0,359.0,195.0
0.0,3141.0,959.0,585.0,0.0,158.0,158.0,407.0,178.0,783.0,176.0
0.0,2182.0,997.0,601.0,0.0,1219.0,1219.0,422.0,179.0,841.0,156.0
0.0,1185.0,664.0,611.0,158.0,1765.0,1765.0,432.0,179.0,511.0,153.0
0.0,679.0,312.0,605.0,1219.0,834.0,834.0,426.0,179.0,139.0,173.0
0.0,1586.0,286.0,592.0,1765.0,0.0,0.0,413.0,179.0,82.0,204.0
0.0,3065.0,579.0,582.0,834.0,0.0,0.0,404.0,178.0,376.0,203.0
0.0,3320.0,978.0,588.0,0.0,10.0,10.0,410.0,178.0,788.0,190.0
0.0,2342.0,1082.0,604.0,0.0,1156.0,1156.0,425.0,179.0,903.0,179.0
0.0,1260.0,774.0,615.0,10.0,1964.0,1964.0,435.0,180.0,590.0,184.0
0.0,496.0,389.0,610.0,1156.0,1177.0,1177.0,430.0,180.0,207.0,182.0
0.0,1263.0,279.0,595.0,1964.0,0.0,0.0,416.0,179.0,83.0,196.0
0.0,2948.0,561.0,586.0,1177.0,0.0,0.0,407.0,179.0,334.0,227.0
0.0,3564.0,961.0,592.0,0.0,0.0,0.0,412.0,180.0,728.0,233.0
0.0,2603.0,1106.0,610.0,0.0,943.0,943.0,428.0,182.0,892.0,214.0
0.0,1497.0,786.0,620.0,0.0,1769.0,1769.0,438.0,182.0,610.0,176.0
0.0,711.0,392.0,614.0,943.0,1194.0,1194.0,433.0,181.0,226.0,166.0
0.0,1262.0,236.0,597.0,1769.0,0.0,0.0,418.0,179.0,56.0,180.0
0.0,2795.0,531.0,589.0,1194.0,0.0,0.0,410.0,179.0,311.0,220.0
0.0,3458.0,973.0,598.0,0.0,0.0,0.0,417.0,181.0,718.0,255.0
0.0,2485.0,1093.0,616.0,0.0,1072.0,1072.0,433.0,183.0,854.0,239.0
0.0,1392.0,794.0,626.0,0.0,1906.0,1906.0,443.0,183.0,605.0,189.0
0.0,598.0,308.0,620.0,1072.0,1118.0,1118.0,438.0,182.0,169.0,139.0
0.0,1362.0,185.0,603.0,1906.0,0.0,0.0,423.0,180.0,32.0,153.0
0.0,3083.0,503.0,594.0,1118.0,0.0,0.0,414.0,180.0,306.0,197.0
0.0,3698.0,944.0,602.0,0.0,0.0,0.0,421.0,181.0,707.0,237.0
0.0,2754.0,1107.0,621.0,0.0,837.0,837.0,438.0,183.0,860.0,247.0
0.0,1647.0,809.0,632.0,0.0,1690.0,1690.0,448.0,184.0,611.0,198.0
0.0,838.0,355.0,625.0,837.0,1180.0,1180.0,442.0,183.0,207.0,148.0
0.0,1320.0,232.0,610.0,1690.0,0.0,0.0,428.0,182.0,74.0,158.0
0.0,2778.0,538.0,602.0,1180.0,0.0,0.0,420.0,182.0,332.0,206.0
0.0,3420.0,985.0,611.0,0.0,9.0,9.0,427.0,184.0,725.0,260.0
0.0,2435.0,1062.0,628.0,0.0,1139.0,1139.0,443.0,185.0,822.0,240.0
0.0,1373.0,701.0,637.0,9.0,1867.0,1867.0,452.0,185.0,541.0,160.0
0.0,681.0,265.0,628.0,1139.0,957.0,957.0,445.0,183.0,165.0,100.0
0.0,1555.0,184.0,612.0,1867.0,0.0,0.0,430.0,182.0,62.0,122.0
0.0,3238.0,542.0,605.0,957.0,0.0,0.0,422.0,183.0,334.0,208.0
0.0,3653.0,978.0,616.0,0.0,0.0,0.0,430.0,186.0,709.0,269.0
0.0,2675.0,1057.0,633.0,0.0,914.0,914.0,446.0,187.0,814.0,243.0
0.0,1618.0,678.0,641.0,0.0,1624.0,1624.0,454.0,187.0,525.0,153.0
0.0,940.0,217.0,633.0,914.0,895.0,895.0,448.0,185.0,118.0,99.0
0.0,1637.0,133.0,618.0,1624.0,0.0,0.0,433.0,185.0,0.0,133.0
0.0,3128.0,490.0,612.0,895.0,0.0,0.0,425.0,187.0,265.0,225.0
0.0,3533.0,963.0,622.0,0.0,0.0,0.0,432.0,190.0,689.0,274.0
0.0,2570.0,1066.0,639.0,0.0,1052.0,1052.0,448.0,191.0,829.0,237.0
0.0,1504.0,689.0,646.0,0.0,1769.0,1769.0,457.0,189.0,559.0,130.0
0.0,815.0,186.0,638.0,1052.0,871.0,871.0,451.0,187.0,109.0,77.0
0.0,1681.0,128.0,624.0,1769.0,0.0,0.0,437.0,187.0,0.0,128.0
0.0,3322.0,426.0,615.0,871.0,0.0,0.0,427.0,188.0,198.0,228.0
0.0,3767.0,907.0,622.0,0.0,0.0,0.0,431.0,191.0,633.0,274.0
0.0,2860.0,1104.0,640.0,0.0,804.0,804.0,448.0,192.0,875.0,229.0
0.0,1756.0,819.0,650.0,0.0,1663.0,1663.0,460.0,190.0,676.0,143.0
0.0,937.0,321.0,647.0,804.0,1168.0,1168.0,458.0,189.0,226.0,95.0
0.0,1420.0,148.0,631.0,1663.0,0.0,0.0,443.0,188.0,0.0,148.0
0.0,2935.0,447.0,621.0,1168.0,0.0,0.0,431.0,190.0,211.0,236.0
0.0,3656.0,945.0,626.0,0.0,0.0,0.0,434.0,192.0,667.0,278.0
0.0,2711.0,1105.0,641.0,0.0,958.0,958.0,448.0,193.0,879.0,226.0
0.0,1606.0,817.0,651.0,0.0,1815.0,1815.0,459.0,192.0,675.0,142.0
0.0,789.0,399.0,648.0,958.0,1244.0,1244.0,458.0,190.0,283.0,116.0
0.0,1348.0,313.0,635.0,1815.0,0.0,0.0,445.0,190.0,133.0,180.0
0.0,2850.0,611.0,626.0,1244.0,0.0,0.0,434.0,192.0,348.0,263.0
0.0,3483.0,1026.0,630.0,0.0,63.0,63.0,437.0,193.0,741.0,285.0
0.0,2457.0,1103.0,644.0,0.0,1222.0,1222.0,450.0,194.0,882.0,221.0
0.0,1354.0,775.0,654.0,63.0,1974.0,1974.0,461.0,193.0,641.0,134.0
0.0,642.0,298.0,649.0,1222.0,1030.0,1030.0,458.0,191.0,184.0,114.0
0.0,1566.0,233.0,635.0,1974.0,0.0,0.0,445.0,190.0,53.0,180.0
0.0,3307.0,641.0,626.0,1030.0,0.0,0.0,435.0,191.0,373.0,268.0
0.0,3696.0,1147.0,633.0,0.0,0.0,0.0,440.0,193.0,852.0,295.0
0.0,2549.0,1189.0,648.0,0.0,1232.0,1232.0,454.0,194.0,956.0,233.0
0.0,1360.0,732.0,658.0,0.0,2004.0,2004.0,464.0,194.0,596.0,136.0
0.0,628.0,227.0,652.0,1232.0,975.0,975.0,460.0,192.0,108.0,119.0
0.0,1633.0,196.0,637.0,2004.0,0.0,0.0,446.0,191.0,0.0,196.0
0.0,3441.0,609.0,627.0,975.0,0.0,0.0,436.0,191.0,323.0,286.0
0.0,3807.0,1092.0,634.0,0.0,0.0,0.0,440.0,194.0,786.0,306.0
0.0,2715.0,1189.0,650.0,0.0,1074.0,1074.0,455.0,195.0,961.0,228.0
0.0,1526.0,767.0,662.0,0.0,1889.0,1889.0,467.0,195.0,641.0,126.0
0.0,759.0,241.0,656.0,1074.0,1032.0,1032.0,463.0,193.0,128.0,113.0
0.0,1592.0,206.0,643.0,1889.0,0.0,0.0,450.0,193.0,0.0,206.0
0.0,3275.0,614.0,633.0,1032.0,0.0,0.0,439.0,194.0,300.0,314.0
0.0,3693.0,1074.0,638.0,0.0,0.0,0.0,442.0,196.0,751.0,323.0
0.0,2619.0,1143.0,654.0,0.0,1140.0,1140.0,456.0,198.0,936.0,207.0
0.0,1476.0,698.0,662.0,0.0,1870.0,1870.0,466.0,196.0,609.0,89.0
0.0,778.0,205.0,656.0,1140.0,911.0,911.0,462.0,194.0,132.0,73.0
0.0,1713.0,173.0,640.0,1870.0,0.0,0.0,448.0,192.0,2.0,171.0
0.0,3410.0,622.0,631.0,911.0,0.0,0.0,438.0,193.0,312.0,310.0
0.0,3699.0,1112.0,640.0,0.0,0.0,0.0,443.0,197.0,780.0,332.0
0.0,2587.0,1181.0,657.0,0.0,1222.0,1222.0,458.0,199.0,953.0,228.0
0.0,1406.0,732.0,667.0,0.0,1994.0,1994.0,469.0,198.0,643.0,89.0
0.0,674.0,165.0,660.0,1222.0,909.0,909.0,465.0,195.0,113.0,52.0
0.0,1731.0,151.0,644.0,1994.0,0.0,0.0,451.0,193.0,0.0,151.0
0.0,3574.0,574.0,635.0,909.0,0.0,0.0,441.0,194.0,267.0,307.0
0.0,3909.0,1055.0,642.0,0.0,0.0,0.0,444.0,198.0,717.0,338.0
0.0,2854.0,1115.0,659.0,0.0,897.0,897.0,459.0,200.0,891.0,224.0
0.0,1739.0,690.0,670.0,0.0,1631.0,1631.0,471.0,199.0,620.0,70.0
0.0,1049.0,201.0,665.0,897.0,915.0,915.0,470.0,195.0,175.0,26.0
0.0,1745.0,166.0,649.0,1631.0,0.0,0.0,456.0,193.0,0.0,166.0
0.0,3210.0,540.0,639.0,915.0,0.0,0.0,444.0,195.0,214.0,326.0
0.0,3585.0,1004.0,645.0,0.0,0.0,0.0,446.0,199.0,647.0,357.0
0.0,2581.0,1069.0,662.0,0.0,1136.0,1136.0,460.0,202.0,852.0,217.0
0.0,1512.0,677.0,673.0,0.0,1857.0,1857.0,473.0,200.0,634.0,43.0
0.0,835.0,270.0,670.0,1136.0,979.0,979.0,474.0,196.0,245.0,25.0
0.0,1701.0,205.0,657.0,1857.0,0.0,0.0,462.0,195.0,30.0,175.0
0.0,3353.0,603.0,647.0,979.0,0.0,0.0,450.0,197.0,259.0,344.0
0.0,3729.0,1088.0,652.0,0.0,0.0,0.0,451.0,201.0,716.0,372.0
0.0,2641.0,1102.0,667.0,0.0,1129.0,1129.0,463.0,204.0,882.0,220.0
0.0,1539.0,681.0,678.0,0.0,1854.0,1854.0,476.0,202.0,635.0,46.0
0.0,858.0,263.0,674.0,1129.0,972.0,972.0,476.0,198.0,236.0,27.0
0.0,1724.0,257.0,661.0,1854.0,0.0,0.0,465.0,196.0,74.0,183.0
0.0,3321.0,677.0,652.0,972.0,0.0,0.0,454.0,198.0,321.0,356.0
0.0,3616.0,1125.0,658.0,0.0,141.0,141.0,455.0,203.0,743.0,382.0
0.0,2491.0,1164.0,673.0,0.0,1365.0,1365.0,468.0,205.0,948.0,216.0
0.0,1327.0,744.0,681.0,141.0,2000.0,2000.0,479.0,202.0,708.0,36.0
0.0,724.0,334.0,676.0,1365.0,949.0,949.0,479.0,197.0,314.0,20.0
0.0,1755.0,333.0,663.0,2000.0,0.0,0.0,467.0,196.0,137.0,196.0
0.0,3422.0,724.0,656.0,949.0,0.0,0.0,457.0,199.0,349.0,375.0
0.0,3647.0,1159.0,663.0,0.0,164.0,164.0,459.0,204.0,766.0,393.0
0.0,2488.0,1186.0,680.0,0.0,1418.0,1418.0,474.0,206.0,961.0,225.0
0.0,1302.0,798.0,691.0,164.0,2096.0,2096.0,487.0,204.0,726.0,72.0
0.0,668.0,341.0,685.0,1418.0,995.0,995.0,485.0,200.0,280.0,61.0
0.0,1745.0,312.0,669.0,2096.0,0.0,0.0,471.0,198.0,108.0,204.0
0.0,3529.0,722.0,659.0,995.0,0.0,0.0,459.0,200.0,357.0,365.0
0.0,3802.0,1134.0,667.0,0.0,0.0,0.0,462.0,205.0,752.0,382.0
0.0,2668.0,1103.0,684.0,0.0,1171.0,1171.0,477.0,207.0,870.0,233.0
0.0,1565.0,691.0,694.0,0.0,1902.0,1902.0,489.0,205.0,627.0,64.0
0.0,874.0,291.0,687.0,1171.0,994.0,994.0,487.0,200.0,232.0,59.0
0.0,1754.0,273.0,672.0,1902.0,0.0,0.0,474.0,198.0,69.0,204.0
0.0,3383.0,676.0,662.0,994.0,0.0,0.0,461.0,201.0,324.0,352.0
0.0,3701.0,1116.0,668.0,0.0,87.0,87.0,463.0,205.0,752.0,364.0
0.0,2585.0,1175.0,687.0,0.0,1338.0,1338.0,479.0,208.0,944.0,231.0
0.0,1410.0,758.0,697.0,87.0,2049.0,2049.0,492.0,205.0,683.0,75.0
0.0,739.0,304.0,691.0,1338.0,991.0,991.0,491.0,200.0,246.0,58.0
0.0,1773.0,219.0,675.0,2049.0,0.0,0.0,477.0,198.0,29.0,190.0
0.0,3603.0,596.0,664.0,991.0,0.0,0.0,464.0,200.0,266.0,330.0
0.0,3998.0,1091.0,672.0,0.0,0.0,0.0,467.0,205.0,738.0,353.0
0.0,2907.0,1218.0,691.0,0.0,1075.0,1075.0,483.0,208.0,976.0,242.0
0.0,1689.0,828.0,704.0,0.0,1955.0,1955.0,497.0,207.0,729.0,99.0
0.0,861.0,313.0,698.0,1075.0,1169.0,1169.0,496.0,202.0,258.0,55.0
0.0,1623.0,173.0,680.0,1955.0,0.0,0.0,481.0,199.0,9.0,164.0
0.0,3405.0,559.0,669.0,1169.0,0.0,0.0,468.0,201.0,243.0,316.0
0.0,4015.0,1079.0,675.0,0.0,0.0,0.0,469.0,206.0,725.0,354.0
0.0,2936.0,1182.0,694.0,0.0,1022.0,1022.0,485.0,209.0,942.0,240.0
0.0,1754.0,794.0,707.0,0.0,1868.0,1868.0,499.0,208.0,698.0,96.0
0.0,960.0,278.0,701.0,1022.0,1100.0,1100.0,498.0,203.0,222.0,56.0
0.0,1704.0,171.0,684.0,1868.0,0.0,0.0,484.0,200.0,0.0,171.0
0.0,3401.0,530.0,673.0,1100.0,0.0,0.0,471.0,202.0,223.0,307.0
0.0,3971.0,1027.0,679.0,0.0,0.0,0.0,472.0,207.0,677.0,350.0
0.0,2944.0,1156.0,698.0,0.0,1004.0,1004.0,486.0,212.0,896.0,260.0
0.0,1788.0,776.0,710.0,0.0,1828.0,1828.0,499.0,211.0,667.0,109.0
0.0,1012.0,289.0,704.0,1004.0,1089.0,1089.0,499.0,205.0,229.0,60.0
0.0,1727.0,192.0,689.0,1828.0,0.0,0.0,488.0,201.0,43.0,149.0
0.0,3363.0,569.0,679.0,1089.0,0.0,0.0,476.0,203.0,268.0,301.0
0.0,3883.0,1054.0,686.0,0.0,0.0,0.0,477.0,209.0,688.0,366.0
0.0,2829.0,1185.0,704.0,0.0,1172.0,1172.0,490.0,214.0,906.0,279.0
0.0,1644.0,828.0,716.0,0.0,2048.0,2048.0,503.0,213.0,692.0,136.0
0.0,816.0,329.0,711.0,1172.0,1185.0,1185.0,503.0,208.0,270.0,59.0
0.0,1659.0,181.0,693.0,2048.0,0.0,0.0,490.0,203.0,42.0,139.0
0.0,3526.0,554.0,683.0,1185.0,0.0,0.0,478.0,205.0,271.0,283.0
0.0,4157.0,1071.0,690.0,0.0,0.0,0.0,480.0,210.0,727.0,344.0
0.0,3086.0,1246.0,709.0,0.0,996.0,996.0,494.0,215.0,975.0,271.0
0.0,1840.0,874.0,721.0,0.0,1918.0,1918.0,507.0,214.0,742.0,132.0
0.0,966.0,353.0,715.0,996.0,1251.0,1251.0,506.0,209.0,272.0,81.0
0.0,1609.0,269.0,698.0,1918.0,0.0,0.0,493.0,205.0,83.0,186.0
0.0,3258.0,664.0,689.0,1251.0,0.0,0.0,482.0,207.0,340.0,324.0
0.0,3845.0,1168.0,697.0,0.0,111.0,111.0,483.0,214.0,797.0,371.0
0.0,2677.0,1276.0,715.0,0.0,1459.0,1459.0,497.0,218.0,1002.0,274.0
0.0,1401.0,867.0,725.0,111.0,2255.0,2255.0,508.0,217.0,739.0,128.0
0.0,645.0,401.0,720.0,1459.0,1177.0,1177.0,508.0,212.0,315.0,86.0
0.0,1703.0,297.0,703.0,2255.0,0.0,0.0,495.0,208.0,103.0,194.0
0.0,3661.0,661.0,693.0,1177.0,0.0,0.0,483.0,210.0,335.0,326.0
0.0,4177.0,1138.0,699.0,0.0,0.0,0.0,484.0,215.0,786.0,352.0
0.0,3039.0,1236.0,717.0,0.0,1065.0,1065.0,498.0,219.0,994.0,242.0
0.0,1803.0,838.0,727.0,0.0,1943.0,1943.0,510.0,217.0,731.0,107.0
0.0,965.0,357.0,720.0,1065.0,1207.0,1207.0,508.0,212.0,258.0,99.0
0.0,1673.0,278.0,703.0,1943.0,0.0,0.0,495.0,208.0,70.0,208.0
0.0,3338.0,666.0,694.0,1207.0,0.0,0.0,484.0,210.0,327.0,339.0
0.0,3879.0,1145.0,703.0,0.0,78.0,78.0,487.0,216.0,791.0,354.0
0.0,2734.0,1200.0,720.0,0.0,1346.0,1346.0,501.0,219.0,957.0,243.0
0.0,1534.0,797.0,731.0,78.0,2109.0,2109.0,513.0,218.0,676.0,121.0
0.0,815.0,355.0,724.0,1346.0,1090.0,1090.0,511.0,213.0,239.0,116.0
0.0,1806.0,271.0,708.0,2109.0,0.0,0.0,498.0,210.0,52.0,219.0
0.0,3644.0,669.0,698.0,1090.0,0.0,0.0,486.0,212.0,339.0,330.0
0.0,4065.0,1146.0,707.0,0.0,0.0,0.0,489.0,218.0,802.0,344.0
0.0,2919.0,1189.0,723.0,0.0,1162.0,1162.0,502.0,221.0,953.0,236.0
0.0,1730.0,745.0,733.0,0.0,1947.0,1947.0,514.0,219.0,642.0,103.0
0.0,985.0,251.0,727.0,1162.0,1012.0,1012.0,512.0,215.0,169.0,82.0
0.0,1896.0,256.0,711.0,1947.0,0.0,0.0,499.0,212.0,42.0,214.0
0.0,3587.0,699.0,701.0,1012.0,0.0,0.0,487.0,214.0,364.0,335.0
0.0,3900.0,1144.0,706.0,0.0,68.0,68.0,488.0,218.0,809.0,335.0
0.0,2756.0,1167.0,723.0,0.0,1303.0,1303.0,502.0,221.0,952.0,215.0
0.0,1589.0,788.0,735.0,68.0,2071.0,2071.0,515.0,220.0,700.0,88.0
0.0,869.0,348.0,731.0,1303.0,1100.0,1100.0,516.0,215.0,264.0,84.0
0.0,1824.0,292.0,715.0,2071.0,0.0,0.0,503.0,212.0,86.0,206.0
0.0,3603.0,661.0,706.0,1100.0,0.0,0.0,492.0,214.0,335.0,326.0
0.0,4042.0,1101.0,712.0,0.0,0.0,0.0,493.0,219.0,766.0,335.0
0.0,2941.0,1126.0,728.0,0.0,1097.0,1097.0,506.0,222.0,902.0,224.0
0.0,1815.0,740.0,739.0,0.0,1881.0,1881.0,518.0,221.0,624.0,116.0
0.0,1075.0,326.0,735.0,1097.0,1094.0,1094.0,518.0,217.0,216.0,110.0
0.0,1846.0,283.0,720.0,1881.0,0.0,0.0,506.0,214.0,80.0,203.0
0.0,3444.0,646.0,711.0,1094.0,0.0,0.0,496.0,215.0,340.0,306.0
0.0,3892.0,1032.0,716.0,0.0,4.0,4.0,497.0,219.0,731.0,301.0
0.0,2860.0,1059.0,731.0,0.0,1123.0,1123.0,509.0,222.0,858.0,201.0
0.0,1801.0,698.0,740.0,4.0,1853.0,1853.0,519.0,221.0,586.0,112.0
0.0,1107.0,281.0,735.0,1123.0,991.0,991.0,517.0,218.0,154.0,127.0
0.0,1949.0,245.0,719.0,1853.0,0.0,0.0,504.0,215.0,24.0,221.0
0.0,3557.0,686.0,710.0,991.0,0.0,0.0,494.0,216.0,358.0,328.0
0.0,3862.0,1192.0,717.0,0.0,198.0,198.0,497.0,220.0,851.0,341.0
0.0,2670.0,1277.0,734.0,0.0,1543.0,1543.0,511.0,223.0,1019.0,258.0
0.0,1393.0,819.0,747.0,198.0,2216.0,2216.0,523.0,224.0,673.0,146.0
0.0,772.0,288.0,742.0,1543.0,941.0,941.0,522.0,220.0,173.0,115.0
0.0,2027.0,247.0,726.0,2216.0,0.0,0.0,508.0,218.0,38.0,209.0
0.0,3996.0,714.0,716.0,941.0,0.0,0.0,497.0,219.0,378.0,336.0
0.0,4223.0,1190.0,722.0,0.0,0.0,0.0,499.0,223.0,843.0,347.0
0.0,3033.0,1244.0,739.0,0.0,1167.0,1167.0,513.0,226.0,1010.0,234.0
0.0,1789.0,790.0,749.0,0.0,1997.0,1997.0,524.0,225.0,680.0,110.0
0.0,999.0,334.0,743.0,1167.0,1140.0,1140.0,522.0,221.0,224.0,110.0
0.0,1832.0,368.0,727.0,1997.0,0.0,0.0,509.0,218.0,124.0,244.0
0.0,3461.0,819.0,719.0,1140.0,0.0,0.0,499.0,220.0,443.0,376.0
0.0,3782.0,1272.0,727.0,0.0,398.0,398.0,502.0,225.0,892.0,380.0
0.0,2510.0,1279.0,744.0,0.0,1745.0,1745.0,516.0,228.0,1044.0,235.0
0.0,1231.0,821.0,754.0,398.0,2208.0,2208.0,528.0,226.0,737.0,84.0
0.0,808.0,363.0,748.0,1745.0,802.0,802.0,527.0,221.0,280.0,83.0
0.0,2190.0,377.0,733.0,2208.0,0.0,0.0,514.0,219.0,137.0,240.0
0.0,4021.0,840.0,725.0,802.0,0.0,0.0,504.0,221.0,460.0,380.0
0.0,3983.0,1276.0,734.0,0.0,229.0,229.0,507.0,227.0,898.0,378.0
0.0,2707.0,1263.0,751.0,0.0,1560.0,1560.0,522.0,229.0,1025.0,238.0
0.0,1444.0,791.0,761.0,229.0,2162.0,2162.0,534.0,227.0,682.0,109.0
0.0,882.0,307.0,754.0,1560.0,881.0,881.0,531.0,223.0,204.0,103.0
0.0,2135.0,306.0,738.0,2162.0,0.0,0.0,518.0,220.0,77.0,229.0
0.0,3991.0,764.0,730.0,881.0,0.0,0.0,507.0,223.0,412.0,352.0
0.0,4108.0,1223.0,738.0,0.0,67.0,67.0,511.0,227.0,872.0,351.0
0.0,2885.0,1216.0,754.0,0.0,1347.0,1347.0,525.0,229.0,989.0,227.0
0.0,1669.0,707.0,763.0,67.0,2023.0,2023.0,536.0,227.0,613.0,94.0
0.0,1029.0,252.0,755.0,1347.0,896.0,896.0,533.0,222.0,165.0,87.0
0.0,2124.0,294.0,739.0,2023.0,0.0,0.0,519.0,220.0,65.0,229.0
0.0,3853.0,826.0,732.0,896.0,0.0,0.0,509.0,223.0,441.0,385.0
0.0,3923.0,1327.0,742.0,0.0,372.0,372.0,514.0,228.0,940.0,387.0
0.0,2596.0,1256.0,762.0,0.0,1708.0,1708.0,531.0,231.0,1029.0,227.0
0.0,1340.0,666.0,770.0,372.0,2034.0,2034.0,542.0,228.0,619.0,47.0
0.0,1046.0,198.0,760.0,1708.0,484.0,484.0,538.0,222.0,154.0,44.0
0.0,2556.0,319.0,744.0,2034.0,0.0,0.0,524.0,220.0,87.0,232.0
0.0,4271.0,897.0,739.0,484.0,0.0,0.0,515.0,224.0,491.0,406.0
0.0,3858.0,1316.0,750.0,0.0,458.0,458.0,520.0,230.0,928.0,388.0
0.0,2542.0,1182.0,765.0,0.0,1700.0,1700.0,533.0,232.0,984.0,198.0
0.0,1360.0,602.0,771.0,458.0,1868.0,1868.0,543.0,228.0,578.0,24.0
0.0,1216.0,147.0,762.0,1700.0,279.0,279.0,539.0,223.0,110.0,37.0
0.0,2769.0,320.0,746.0,1868.0,0.0,0.0,525.0,221.0,75.0,245.0
0.0,4317.0,891.0,742.0,279.0,0.0,0.0,517.0,225.0,476.0,415.0
0.0,3705.0,1325.0,753.0,0.0,632.0,632.0,523.0,230.0,936.0,389.0
0.0,2380.0,1215.0,771.0,0.0,1919.0,1919.0,539.0,232.0,1020.0,195.0
0.0,1165.0,586.0,776.0,632.0,1893.0,1893.0,548.0,228.0,558.0,28.0
0.0,1211.0,92.0,766.0,1919.0,26.0,26.0,542.0,224.0,31.0,61.0
0.0,3038.0,253.0,751.0,1893.0,0.0,0.0,528.0,223.0,0.0,253.0
0.0,4678.0,881.0,747.0,26.0,0.0,0.0,520.0,227.0,467.0,414.0
0.0,3823.0,1388.0,760.0,0.0,605.0,605.0,528.0,232.0,989.0,399.0
0.0,2435.0,1214.0,778.0,0.0,1891.0,1891.0,544.0,234.0,1007.0,207.0
0.0,1221.0,583.0,785.0,605.0,1897.0,1897.0,554.0,231.0,528.0,55.0
0.0,1243.0,109.0,774.0,1891.0,71.0,71.0,548.0,226.0,30.0,79.0
0.0,3025.0,255.0,756.0,1897.0,0.0,0.0,532.0,224.0,14.0,241.0
0.0,4667.0,902.0,749.0,71.0,0.0,0.0,522.0,227.0,505.0,397.0
0.0,3836.0,1386.0,759.0,0.0,586.0,586.0,528.0,231.0,992.0,394.0
0.0,2450.0,1235.0,778.0,0.0,1897.0,1897.0,544.0,234.0,1001.0,234.0
0.0,1215.0,662.0,785.0,586.0,2001.0,2001.0,554.0,231.0,577.0,85.0
0.0,1139.0,229.0,776.0,1897.0,297.0,297.0,550.0,226.0,137.0,92.0
0.0,2807.0,379.0,761.0,2001.0,0.0,0.0,536.0,225.0,124.0,255.0
0.0,4429.0,965.0,755.0,297.0,0.0,0.0,527.0,228.0,556.0,409.0
0.0,3761.0,1429.0,768.0,0.0,740.0,740.0,534.0,234.0,1017.0,412.0
0.0,2332.0,1281.0,786.0,0.0,2093.0,2093.0,549.0,237.0,1024.0,257.0
0.0,1051.0,670.0,792.0,740.0,2047.0,2047.0,558.0,234.0,578.0,92.0
0.0,1121.0,272.0,780.0,2093.0,178.0,178.0,552.0,228.0,172.0,100.0
0.0,2942.0,445.0,765.0,2047.0,0.0,0.0,539.0,226.0,196.0,249.0
0.0,4544.0,1045.0,760.0,178.0,0.0,0.0,531.0,229.0,637.0,408.0
0.0,3677.0,1452.0,773.0,0.0,867.0,867.0,537.0,236.0,1029.0,423.0
0.0,2225.0,1301.0,791.0,0.0,2240.0,2240.0,551.0,240.0,1018.0,283.0
0.0,924.0,705.0,797.0,867.0,2102.0,2102.0,560.0,237.0,591.0,114.0
0.0,1086.0,257.0,786.0,2240.0,75.0,75.0,554.0,232.0,173.0,84.0
0.0,3069.0,400.0,769.0,2102.0,0.0,0.0,541.0,228.0,185.0,215.0
0.0,4771.0,982.0,763.0,75.0,0.0,0.0,532.0,231.0,585.0,397.0
0.0,3864.0,1364.0,774.0,0.0,596.0,596.0,537.0,237.0,946.0,418.0
0.0,2500.0,1192.0,792.0,0.0,1860.0,1860.0,551.0,241.0,919.0,273.0
0.0,1308.0,678.0,799.0,596.0,1970.0,1970.0,561.0,238.0,577.0,101.0
0.0,1226.0,332.0,790.0,1860.0,406.0,406.0,557.0,233.0,251.0,81.0
0.0,2754.0,471.0,776.0,1970.0,0.0,0.0,545.0,231.0,237.0,234.0
0.0,4253.0,949.0,771.0,406.0,0.0,0.0,537.0,234.0,545.0,404.0
0.0,3710.0,1313.0,782.0,0.0,731.0,731.0,542.0,240.0,895.0,418.0
0.0,2397.0,1171.0,800.0,0.0,1974.0,1974.0,556.0,244.0,910.0,261.0
0.0,1226.0,623.0,807.0,731.0,1894.0,1894.0,566.0,241.0,552.0,71.0
0.0,1334.0,270.0,796.0,1974.0,146.0,146.0,562.0,234.0,227.0,43.0
0.0,3038.0,446.0,778.0,1894.0,0.0,0.0,548.0,230.0,248.0,198.0
0.0,4486.0,926.0,773.0,146.0,0.0,0.0,539.0,234.0,538.0,388.0
0.0,3706.0,1274.0,784.0,0.0,704.0,704.0,543.0,241.0,848.0,426.0
0.0,2432.0,1148.0,802.0,0.0,1924.0,1924.0,557.0,245.0,876.0,272.0
0.0,1284.0,670.0,809.0,704.0,1918.0,1918.0,567.0,242.0,597.0,73.0
0.0,1318.0,305.0,798.0,1924.0,255.0,255.0,563.0,235.0,284.0,21.0
0.0,2937.0,412.0,781.0,1918.0,0.0,0.0,550.0,231.0,240.0,172.0
0.0,4443.0,867.0,775.0,255.0,0.0,0.0,541.0,234.0,512.0,355.0
0.0,3831.0,1243.0,787.0,0.0,560.0,560.0,546.0,241.0,836.0,407.0
0.0,2588.0,1157.0,806.0,0.0,1793.0,1793.0,560.0,246.0,872.0,285.0
0.0,1431.0,689.0,813.0,560.0,1950.0,1950.0,570.0,243.0,576.0,113.0
0.0,1302.0,335.0,802.0,1793.0,448.0,448.0,566.0,236.0,273.0,62.0
0.0,2760.0,398.0,784.0,1950.0,0.0,0.0,552.0,232.0,220.0,178.0
0.0,4312.0,837.0,778.0,448.0,0.0,0.0,542.0,236.0,476.0,361.0
0.0,3923.0,1154.0,789.0,0.0,387.0,387.0,546.0,243.0,751.0,403.0
0.0,2769.0,1101.0,808.0,0.0,1564.0,1564.0,561.0,247.0,820.0,281.0
0.0,1668.0,737.0,817.0,387.0,1950.0,1950.0,573.0,244.0,617.0,120.0
0.0,1318.0,398.0,808.0,1564.0,748.0,748.0,570.0,238.0,331.0,67.0
0.0,2484.0,434.0,790.0,1950.0,0.0,0.0,556.0,234.0,256.0,178.0
0.0,4000.0,805.0,781.0,748.0,0.0,0.0,545.0,236.0,464.0,341.0
0.0,3943.0,1135.0,793.0,0.0,364.0,364.0,550.0,243.0,740.0,395.0
0.0,2808.0,1108.0,812.0,0.0,1548.0,1548.0,565.0,247.0,820.0,288.0
0.0,1700.0,735.0,820.0,364.0,1951.0,1951.0,576.0,244.0,609.0,126.0
0.0,1329.0,440.0,811.0,1548.0,807.0,807.0,573.0,238.0,356.0,84.0
0.0,2437.0,479.0,795.0,1951.0,0.0,0.0,560.0,235.0,290.0,189.0
0.0,3909.0,817.0,786.0,807.0,0.0,0.0,549.0,237.0,465.0,352.0
0.0,3899.0,1166.0,796.0,0.0,451.0,451.0,553.0,243.0,752.0,414.0
0.0,2733.0,1225.0,815.0,0.0,1752.0,1752.0,567.0,248.0,898.0,327.0
0.0,1508.0,886.0,825.0,451.0,2227.0,2227.0,579.0,246.0,713.0,173.0
0.0,1073.0,488.0,816.0,1752.0,927.0,927.0,576.0,240.0,408.0,80.0
0.0,2337.0,462.0,797.0,2227.0,0.0,0.0,562.0,235.0,282.0,180.0
0.0,4102.0,827.0,788.0,927.0,0.0,0.0,551.0,237.0,476.0,351.0
0.0,4202.0,1235.0,800.0,0.0,233.0,233.0,556.0,244.0,807.0,428.0
0.0,2967.0,1270.0,818.0,0.0,1575.0,1575.0,570.0,248.0,926.0,344.0
0.0,1697.0,912.0,828.0,233.0,2294.0,2294.0,581.0,247.0,734.0,178.0
0.0,1018.0,504.0,817.0,1575.0,1179.0,1179.0,576.0,241.0,408.0,96.0
0.0,2089.0,484.0,798.0,2294.0,0.0,0.0,562.0,236.0,292.0,192.0
0.0,3899.0,843.0,790.0,1179.0,0.0,0.0,552.0,238.0,481.0,362.0
0.0,4235.0,1232.0,800.0,0.0,197.0,197.0,556.0,244.0,793.0,439.0
0.0,3003.0,1239.0,818.0,0.0,1508.0,1508.0,569.0,249.0,899.0,340.0
0.0,1764.0,918.0,828.0,197.0,2269.0,2269.0,580.0,248.0,747.0,171.0
0.0,1043.0,567.0,820.0,1508.0,1296.0,1296.0,578.0,242.0,471.0,96.0
0.0,1984.0,473.0,804.0,2269.0,0.0,0.0,566.0,238.0,297.0,176.0
0.0,3780.0,761.0,795.0,1296.0,0.0,0.0,556.0,239.0,419.0,342.0
0.0,4315.0,1125.0,803.0,0.0,22.0,22.0,558.0,245.0,704.0,421.0
0.0,3190.0,1226.0,821.0,0.0,1320.0,1320.0,570.0,251.0,864.0,362.0
0.0,1964.0,920.0,830.0,22.0,2254.0,2254.0,580.0,250.0,725.0,195.0
0.0,1066.0,554.0,822.0,1320.0,1456.0,1456.0,578.0,244.0,466.0,88.0
0.0,1832.0,474.0,806.0,2254.0,0.0,0.0,567.0,239.0,318.0,156.0
0.0,3612.0,761.0,798.0,1456.0,0.0,0.0,558.0,240.0,448.0,313.0
0.0,4307.0,1135.0,807.0,0.0,56.0,56.0,561.0,246.0,725.0,410.0
0.0,3172.0,1236.0,826.0,0.0,1368.0,1368.0,574.0,252.0,884.0,352.0
0.0,1936.0,904.0,835.0,56.0,2252.0,2252.0,583.0,252.0,711.0,193.0
0.0,1088.0,538.0,827.0,1368.0,1390.0,1390.0,581.0,246.0,453.0,85.0
0.0,1918.0,492.0,813.0,2252.0,0.0,0.0,572.0,241.0,356.0,136.0
0.0,3678.0,785.0,806.0,1390.0,0.0,0.0,565.0,241.0,499.0,286.0
0.0,4283.0,1167.0,815.0,0.0,144.0,144.0,568.0,247.0,779.0,388.0
0.0,3116.0,1219.0,833.0,0.0,1435.0,1435.0,579.0,254.0,866.0,353.0
0.0,1897.0,876.0,842.0,144.0,2203.0,2203.0,588.0,254.0,688.0,188.0
0.0,1165.0,460.0,834.0,1435.0,1196.0,1196.0,586.0,248.0,390.0,70.0
0.0,2140.0,424.0,818.0,2203.0,0.0,0.0,575.0,243.0,309.0,115.0
0.0,3919.0,776.0,811.0,1196.0,0.0,0.0,568.0,243.0,502.0,274.0
0.0,4339.0,1152.0,820.0,0.0,93.0,93.0,572.0,248.0,757.0,395.0
0.0,3187.0,1217.0,837.0,0.0,1378.0,1378.0,583.0,254.0,864.0,353.0
0.0,1970.0,853.0,846.0,93.0,2174.0,2174.0,592.0,254.0,668.0,185.0
0.0,1210.0,439.0,838.0,1378.0,1203.0,1203.0,590.0,248.0,364.0,75.0
0.0,2149.0,381.0,823.0,2174.0,0.0,0.0,580.0,243.0,252.0,129.0
0.0,3942.0,713.0,816.0,1203.0,0.0,0.0,573.0,243.0,428.0,285.0
0.0,4432.0,1122.0,823.0,0.0,0.0,0.0,575.0,248.0,735.0,387.0
0.0,3310.0,1215.0,838.0,0.0,1257.0,1257.0,585.0,253.0,873.0,342.0
0.0,2095.0,885.0,848.0,0.0,2182.0,2182.0,594.0,254.0,692.0,193.0
0.0,1210.0,430.0,840.0,1257.0,1323.0,1323.0,591.0,249.0,329.0,101.0
0.0,2037.0,360.0,825.0,2182.0,0.0,0.0,581.0,244.0,211.0,149.0
0.0,3859.0,728.0,818.0,1323.0,0.0,0.0,573.0,245.0,430.0,298.0
0.0,4454.0,1167.0,826.0,0.0,17.0,17.0,576.0,250.0,757.0,410.0
0.0,3287.0,1261.0,842.0,0.0,1342.0,1342.0,587.0,255.0,902.0,359.0
0.0,2026.0,955.0,851.0,17.0,2316.0,2316.0,595.0,256.0,730.0,225.0
0.0,1088.0,531.0,846.0,1342.0,1485.0,1485.0,594.0,252.0,394.0,137.0
0.0,1899.0,474.0,832.0,2316.0,0.0,0.0,585.0,247.0,298.0,176.0
0.0,3741.0,782.0,824.0,1485.0,0.0,0.0,577.0,247.0,475.0,307.0
0.0,4444.0,1139.0,829.0,0.0,11.0,11.0,578.0,251.0,751.0,388.0
0.0,3305.0,1226.0,843.0,0.0,1293.0,1293.0,587.0,256.0,871.0,355.0
0.0,2079.0,1015.0,853.0,11.0,2337.0,2337.0,596.0,257.0,775.0,240.0
0.0,1075.0,694.0,851.0,1293.0,1730.0,1730.0,597.0,254.0,533.0,161.0
0.0,1674.0,584.0,838.0,2337.0,0.0,0.0,589.0,249.0,389.0,195.0
0.0,3427.0,811.0,830.0,1730.0,0.0,0.0,581.0,249.0,499.0,312.0
0.0,4346.0,1146.0,834.0,0.0,136.0,136.0,581.0,253.0,749.0,397.0
0.0,3200.0,1244.0,848.0,0.0,1436.0,1436.0,590.0,258.0,883.0,361.0
0.0,1956.0,1026.0,859.0,136.0,2370.0,2370.0,600.0,259.0,775.0,251.0
0.0,1066.0,718.0,856.0,1436.0,1640.0,1640.0,601.0,255.0,555.0,163.0
0.0,1784.0,620.0,844.0,2370.0,0.0,0.0,594.0,250.0,446.0,174.0
0.0,3534.0,826.0,837.0,1640.0,0.0,0.0,587.0,250.0,518.0,308.0
0.0,4348.0,1118.0,840.0,0.0,130.0,130.0,586.0,254.0,715.0,403.0
0.0,3230.0,1219.0,853.0,0.0,1401.0,1401.0,594.0,259.0,846.0,373.0
0.0,2011.0,978.0,863.0,130.0,2289.0,2289.0,602.0,261.0,742.0,236.0
0.0,1163.0,658.0,861.0,1401.0,1538.0,1538.0,604.0,257.0,512.0,146.0
0.0,1906.0,563.0,850.0,2289.0,0.0,0.0,598.0,252.0,378.0,185.0
0.0,3632.0,786.0,842.0,1538.0,0.0,0.0,590.0,252.0,463.0,323.0
0.0,4384.0,1131.0,846.0,0.0,131.0,131.0,590.0,256.0,707.0,424.0
0.0,3253.0,1216.0,858.0,0.0,1395.0,1395.0,597.0,261.0,844.0,372.0
0.0,2037.0,977.0,867.0,131.0,2277.0,2277.0,605.0,262.0,764.0,213.0
0.0,1191.0,633.0,865.0,1395.0,1507.0,1507.0,607.0,258.0,527.0,106.0
0.0,1953.0,545.0,854.0,2277.0,0.0,0.0,600.0,254.0,386.0,159.0
0.0,3685.0,775.0,845.0,1507.0,0.0,0.0,592.0,253.0,463.0,312.0
0.0,4417.0,1085.0,849.0,0.0,64.0,64.0,592.0,257.0,680.0,405.0
0.0,3332.0,1177.0,861.0,0.0,1289.0,1289.0,599.0,262.0,823.0,354.0
0.0,2155.0,964.0,870.0,64.0,2225.0,2225.0,606.0,264.0,752.0,212.0
0.0,1255.0,641.0,867.0,1289.0,1565.0,1565.0,607.0,260.0,533.0,108.0
0.0,1903.0,544.0,856.0,2225.0,0.0,0.0,600.0,256.0,398.0,146.0
0.0,3584.0,770.0,847.0,1565.0,0.0,0.0,593.0,254.0,491.0,279.0
0.0,4379.0,1083.0,851.0,0.0,108.0,108.0,593.0,258.0,706.0,377.0
0.0,3296.0,1214.0,865.0,0.0,1378.0,1378.0,602.0,263.0,860.0,354.0
0.0,2082.0,961.0,875.0,108.0,2271.0,2271.0,610.0,265.0,746.0,215.0
0.0,1229.0,606.0,872.0,1378.0,1487.0,1487.0,610.0,262.0,497.0,109.0
0.0,2001.0,475.0,859.0,2271.0,0.0,0.0,602.0,257.0,345.0,130.0
0.0,3797.0,704.0,849.0,1487.0,0.0,0.0,594.0,255.0,441.0,263.0
0.0,4580.0,1053.0,853.0,0.0,0.0,0.0,594.0,259.0,674.0,379.0
0.0,3527.0,1176.0,868.0,0.0,1121.0,1121.0,604.0,264.0,839.0,337.0
0.0,2351.0,941.0,878.0,0.0,2102.0,2102.0,613.0,265.0,749.0,192.0
0.0,1410.0,603.0,876.0,1121.0,1576.0,1576.0,615.0,261.0,511.0,92.0
0.0,1928.0,476.0,864.0,2102.0,0.0,0.0,607.0,257.0,315.0,161.0
0.0,3554.0,679.0,853.0,1576.0,0.0,0.0,597.0,256.0,369.0,310.0
0.0,4451.0,997.0,855.0,0.0,0.0,0.0,595.0,260.0,612.0,385.0
0.0,3454.0,1119.0,869.0,0.0,1141.0,1141.0,605.0,264.0,810.0,309.0
0.0,2335.0,946.0,880.0,0.0,2131.0,2131.0,615.0,265.0,764.0,182.0
0.0,1389.0,657.0,878.0,1141.0,1639.0,1639.0,617.0,261.0,534.0,123.0
0.0,1873.0,554.0,866.0,2131.0,14.0,14.0,609.0,257.0,354.0,200.0
0.0,3450.0,753.0,857.0,1639.0,0.0,0.0,600.0,257.0,409.0,344.0
0.0,4336.0,1051.0,859.0,14.0,137.0,137.0,598.0,261.0,641.0,410.0
0.0,3299.0,1165.0,871.0,0.0,1350.0,1350.0,607.0,264.0,843.0,322.0
0.0,2134.0,1001.0,881.0,137.0,2254.0,2254.0,617.0,264.0,827.0,174.0
0.0,1270.0,719.0,880.0,1350.0,1619.0,1619.0,619.0,261.0,590.0,129.0
0.0,1901.0,626.0,870.0,2254.0,0.0,0.0,612.0,258.0,397.0,229.0
0.0,3529.0,826.0,862.0,1619.0,0.0,0.0,604.0,258.0,447.0,379.0
0.0,4322.0,1127.0,865.0,0.0,265.0,265.0,603.0,262.0,706.0,421.0
0.0,3195.0,1230.0,875.0,0.0,1535.0,1535.0,610.0,265.0,917.0,313.0
0.0,1965.0,1039.0,884.0,265.0,2345.0,2345.0,620.0,264.0,870.0,169.0
0.0,1191.0,751.0,883.0,1535.0,1557.0,1557.0,622.0,261.0,603.0,148.0
0.0,1975.0,662.0,873.0,2345.0,0.0,0.0,615.0,258.0,397.0,265.0
0.0,3658.0,851.0,866.0,1557.0,0.0,0.0,607.0,259.0,454.0,397.0
0.0,4364.0,1157.0,868.0,0.0,265.0,265.0,606.0,262.0,737.0,420.0
0.0,3207.0,1273.0,879.0,0.0,1582.0,1582.0,614.0,265.0,956.0,317.0
0.0,1934.0,1078.0,888.0,265.0,2431.0,2431.0,622.0,266.0,886.0,192.0
0.0,1121.0,748.0,886.0,1582.0,1589.0,1589.0,623.0,263.0,582.0,166.0
0.0,1955.0,639.0,877.0,2431.0,0.0,0.0,617.0,260.0,374.0,265.0
0.0,3747.0,854.0,870.0,1589.0,0.0,0.0,609.0,261.0,461.0,393.0
0.0,4482.0,1174.0,874.0,0.0,188.0,188.0,610.0,264.0,760.0,414.0
0.0,3308.0,1317.0,886.0,0.0,1553.0,1553.0,619.0,267.0,995.0,322.0
0.0,1991.0,1097.0,897.0,188.0,2506.0,2506.0,629.0,268.0,886.0,211.0
0.0,1082.0,739.0,896.0,1553.0,1688.0,1688.0,631.0,265.0,557.0,182.0
0.0,1896.0,562.0,885.0,2506.0,0.0,0.0,623.0,262.0,305.0,257.0
0.0,3840.0,762.0,876.0,1688.0,0.0,0.0,614.0,262.0,395.0,367.0
0.0,4766.0,1131.0,879.0,0.0,0.0,0.0,614.0,265.0,732.0,399.0
0.0,3635.0,1294.0,891.0,0.0,1223.0,1223.0,622.0,269.0,983.0,311.0
0.0,2341.0,1104.0,902.0,0.0,2371.0,2371.0,632.0,270.0,899.0,205.0
0.0,1237.0,712.0,902.0,1223.0,1860.0,1860.0,634.0,268.0,541.0,171.0
0.0,1748.0,517.0,890.0,2371.0,0.0,0.0,626.0,264.0,279.0,238.0
0.0,3602.0,713.0,882.0,1860.0,0.0,0.0,618.0,264.0,383.0,330.0
0.0,4749.0,1136.0,885.0,0.0,0.0,0.0,618.0,267.0,773.0,363.0
0.0,3613.0,1301.0,897.0,0.0,1276.0,1276.0,627.0,270.0,1014.0,287.0
0.0,2312.0,1021.0,907.0,0.0,2337.0,2337.0,636.0,271.0,840.0,181.0
0.0,1291.0,605.0,904.0,1276.0,1654.0,1654.0,635.0,269.0,450.0,155.0
0.0,1962.0,472.0,892.0,2337.0,0.0,0.0,626.0,266.0,246.0,226.0
0.0,3827.0,751.0,883.0,1654.0,0.0,0.0,618.0,265.0,429.0,322.0
0.0,4730.0,1156.0,886.0,0.0,0.0,0.0,619.0,267.0,813.0,343.0
0.0,3574.0,1311.0,900.0,0.0,1337.0,1337.0,629.0,271.0,1032.0,279.0
0.0,2263.0,1043.0,911.0,0.0,2424.0,2424.0,639.0,272.0,857.0,186.0
0.0,1220.0,603.0,909.0,1337.0,1682.0,1682.0,639.0,270.0,440.0,163.0
0.0,1954.0,433.0,897.0,2424.0,0.0,0.0,630.0,267.0,189.0,244.0
0.0,3945.0,681.0,887.0,1682.0,0.0,0.0,620.0,267.0,351.0,330.0
0.0,4946.0,1097.0,891.0,0.0,0.0,0.0,621.0,270.0,761.0,336.0
0.0,3849.0,1267.0,903.0,0.0,1030.0,1030.0,630.0,273.0,1006.0,261.0
0.0,2582.0,998.0,914.0,0.0,2072.0,2072.0,640.0,274.0,816.0,182.0
0.0,1584.0,577.0,911.0,1030.0,1607.0,1607.0,640.0,271.0,402.0,175.0
0.0,2037.0,406.0,900.0,2072.0,0.0,0.0,632.0,268.0,173.0,233.0
0.0,3703.0,675.0,892.0,1607.0,0.0,0.0,624.0,268.0,371.0,304.0
0.0,4635.0,1125.0,895.0,0.0,70.0,70.0,624.0,271.0,796.0,329.0
0.0,3510.0,1321.0,908.0,0.0,1443.0,1443.0,634.0,274.0,1039.0,282.0
0.0,2189.0,1069.0,917.0,70.0,2478.0,2478.0,643.0,274.0,846.0,223.0
0.0,1190.0,614.0,915.0,1443.0,1641.0,1641.0,643.0,272.0,411.0,203.0
0.0,2019.0,441.0,903.0,2478.0,0.0,0.0,635.0,268.0,200.0,241.0
0.0,4056.0,740.0,895.0,1641.0,0.0,0.0,627.0,268.0,413.0,327.0
0.0,4957.0,1216.0,899.0,0.0,0.0,0.0,627.0,272.0,855.0,361.0
0.0,3741.0,1418.0,912.0,0.0,1325.0,1325.0,637.0,275.0,1110.0,308.0
0.0,2323.0,1141.0,922.0,0.0,2506.0,2506.0,647.0,275.0,916.0,225.0
0.0,1182.0,668.0,920.0,1325.0,1841.0,1841.0,648.0,272.0,478.0,190.0
0.0,1839.0,487.0,908.0,2506.0,0.0,0.0,639.0,269.0,232.0,255.0
0.0,3858.0,806.0,899.0,1841.0,0.0,0.0,630.0,269.0,450.0,356.0
0.0,4893.0,1297.0,904.0,0.0,20.0,20.0,630.0,274.0,905.0,392.0
0.0,3596.0,1459.0,918.0,0.0,1535.0,1535.0,641.0,277.0,1138.0,321.0
0.0,2137.0,1158.0,927.0,20.0,2709.0,2709.0,651.0,276.0,921.0,237.0
0.0,999.0,653.0,924.0,1535.0,1815.0,1815.0,651.0,273.0,459.0,194.0
0.0,1881.0,465.0,910.0,2709.0,0.0,0.0,641.0,269.0,215.0,250.0
0.0,4125.0,776.0,900.0,1815.0,0.0,0.0,630.0,270.0,412.0,364.0
0.0,5164.0,1304.0,905.0,0.0,0.0,0.0,630.0,275.0,882.0,422.0
0.0,3860.0,1546.0,920.0,0.0,1366.0,1366.0,642.0,278.0,1187.0,359.0
0.0,2314.0,1218.0,932.0,0.0,2632.0,2632.0,654.0,278.0,984.0,234.0
0.0,1096.0,685.0,928.0,1366.0,1935.0,1935.0,654.0,274.0,500.0,185.0
0.0,1777.0,438.0,914.0,2632.0,0.0,0.0,643.0,271.0,190.0,248.0
0.0,3971.0,694.0,902.0,1935.0,0.0,0.0,631.0,271.0,346.0,348.0
0.0,5212.0,1259.0,905.0,0.0,0.0,0.0,630.0,275.0,854.0,405.0
0.0,3953.0,1538.0,920.0,0.0,1265.0,1265.0,642.0,278.0,1184.0,354.0
0.0,2415.0,1213.0,933.0,0.0,2530.0,2530.0,655.0,278.0,965.0,248.0
0.0,1202.0,655.0,931.0,1265.0,1912.0,1912.0,656.0,275.0,462.0,193.0
0.0,1812.0,374.0,916.0,2530.0,0.0,0.0,645.0,271.0,136.0,238.0
0.0,3968.0,675.0,904.0,1912.0,0.0,0.0,632.0,272.0,327.0,348.0
0.0,5205.0,1275.0,908.0,0.0,0.0,0.0,632.0,276.0,866.0,409.0
0.0,3930.0,1544.0,924.0,0.0,1310.0,1310.0,644.0,280.0,1191.0,353.0
0.0,2386.0,1246.0,938.0,0.0,2612.0,2612.0,658.0,280.0,1008.0,238.0
0.0,1140.0,658.0,936.0,1310.0,1952.0,1952.0,660.0,276.0,492.0,166.0
0.0,1792.0,339.0,922.0,2612.0,0.0,0.0,648.0,274.0,112.0,227.0
0.0,4065.0,612.0,908.0,1952.0,0.0,0.0,633.0,275.0,271.0,341.0
0.0,5405.0,1228.0,912.0,0.0,0.0,0.0,633.0,279.0,833.0,395.0
0.0,4177.0,1535.0,930.0,0.0,1078.0,1078.0,648.0,282.0,1209.0,326.0
0.0,2642.0,1251.0,945.0,0.0,2389.0,2389.0,663.0,282.0,1036.0,215.0
0.0,1391.0,654.0,943.0,1078.0,1957.0,1957.0,664.0,279.0,496.0,158.0
0.0,1815.0,337.0,927.0,2389.0,0.0,0.0,651.0,276.0,120.0,217.0
0.0,3867.0,583.0,913.0,1957.0,0.0,0.0,636.0,277.0,257.0,326.0
0.0,5241.0,1159.0,916.0,0.0,0.0,0.0,635.0,281.0,788.0,371.0
0.0,4082.0,1495.0,933.0,0.0,1145.0,1145.0,649.0,284.0,1163.0,332.0
0.0,2587.0,1216.0,948.0,0.0,2421.0,2421.0,664.0,284.0,996.0,220.0
0.0,1371.0,601.0,946.0,1145.0,1869.0,1869.0,666.0,280.0,445.0,156.0
0.0,1915.0,293.0,931.0,2421.0,0.0,0.0,653.0,278.0,83.0,210.0
0.0,4043.0,590.0,918.0,1869.0,0.0,0.0,639.0,279.0,265.0,325.0
0.0,5322.0,1188.0,921.0,0.0,0.0,0.0,638.0,283.0,811.0,377.0
0.0,4134.0,1469.0,939.0,0.0,1091.0,1091.0,653.0,286.0,1145.0,324.0
0.0,2665.0,1184.0,954.0,0.0,2335.0,2335.0,668.0,286.0,957.0,227.0
0.0,1481.0,577.0,952.0,1091.0,1813.0,1813.0,669.0,283.0,412.0,165.0
0.0,1995.0,266.0,935.0,2335.0,0.0,0.0,654.0,281.0,61.0,205.0
0.0,4064.0,587.0,921.0,1813.0,0.0,0.0,640.0,281.0,271.0,316.0
0.0,5290.0,1212.0,924.0,0.0,0.0,0.0,639.0,285.0,817.0,395.0
0.0,4078.0,1554.0,942.0,0.0,1244.0,1244.0,654.0,288.0,1200.0,354.0
0.0,2524.0,1307.0,958.0,0.0,2615.0,2615.0,671.0,287.0,1075.0,232.0
0.0,1217.0,689.0,958.0,1244.0,2060.0,2060.0,674.0,284.0,538.0,151.0
0.0,1772.0,297.0,940.0,2615.0,0.0,0.0,659.0,281.0,100.0,197.0
0.0,4090.0,569.0,923.0,2060.0,0.0,0.0,642.0,281.0,227.0,342.0
0.0,5581.0,1210.0,924.0,0.0,0.0,0.0,639.0,285.0,779.0,431.0
0.0,4371.0,1613.0,943.0,0.0,1014.0,1014.0,654.0,289.0,1234.0,379.0
0.0,2758.0,1395.0,961.0,0.0,2481.0,2481.0,672.0,289.0,1164.0,231.0
0.0,1363.0,791.0,961.0,1014.0,2258.0,2258.0,676.0,285.0,644.0,147.0
0.0,1586.0,367.0,943.0,2481.0,72.0,72.0,662.0,281.0,172.0,195.0
0.0,3700.0,607.0,925.0,2258.0,0.0,0.0,644.0,281.0,251.0,356.0
0.0,5351.0,1285.0,929.0,72.0,0.0,0.0,643.0,286.0,823.0,462.0
0.0,4138.0,1738.0,949.0,0.0,1396.0,1396.0,659.0,290.0,1328.0,410.0
0.0,2400.0,1471.0,969.0,0.0,2947.0,2947.0,679.0,290.0,1214.0,257.0
0.0,929.0,732.0,968.0,1396.0,2279.0,2279.0,682.0,286.0,593.0,139.0
0.0,1593.0,279.0,948.0,2947.0,0.0,0.0,667.0,281.0,103.0,176.0
0.0,4261.0,506.0,928.0,2279.0,0.0,0.0,647.0,281.0,169.0,337.0
0.0,6034.0,1238.0,928.0,0.0,0.0,0.0,643.0,285.0,770.0,468.0
0.0,4796.0,1751.0,949.0,0.0,751.0,751.0,659.0,290.0,1304.0,447.0
0.0,3045.0,1525.0,970.0,0.0,2360.0,2360.0,679.0,291.0,1232.0,293.0
0.0,1520.0,753.0,971.0,751.0,2366.0,2366.0,684.0,287.0,601.0,152.0
0.0,1518.0,242.0,951.0,2360.0,168.0,168.0,668.0,283.0,59.0,183.0
0.0,3636.0,487.0,931.0,2366.0,0.0,0.0,648.0,283.0,135.0,352.0
0.0,5515.0,1255.0,932.0,168.0,0.0,0.0,645.0,287.0,781.0,474.0
0.0,4428.0,1748.0,953.0,0.0,1132.0,1132.0,661.0,292.0,1313.0,435.0
0.0,2680.0,1482.0,974.0,0.0,2698.0,2698.0,682.0,292.0,1215.0,267.0
0.0,1198.0,720.0,976.0,1132.0,2294.0,2294.0,687.0,289.0,578.0,142.0
0.0,1610.0,238.0,955.0,2698.0,0.0,0.0,671.0,284.0,59.0,179.0
0.0,4070.0,468.0,934.0,2294.0,0.0,0.0,650.0,284.0,113.0,355.0
0.0,5896.0,1214.0,934.0,0.0,0.0,0.0,645.0,289.0,728.0,486.0
0.0,4682.0,1736.0,955.0,0.0,874.0,874.0,661.0,294.0,1313.0,423.0
0.0,2946.0,1507.0,977.0,0.0,2469.0,2469.0,683.0,294.0,1270.0,237.0
0.0,1439.0,718.0,979.0,874.0,2321.0,2321.0,690.0,289.0,614.0,104.0
0.0,1595.0,196.0,959.0,2469.0,0.0,0.0,674.0,285.0,31.0,165.0
0.0,3868.0,472.0,939.0,2321.0,0.0,0.0,653.0,286.0,111.0,361.0
0.0,5717.0,1262.0,939.0,0.0,0.0,0.0,648.0,291.0,758.0,504.0
0.0,4455.0,1735.0,959.0,0.0,1116.0,1116.0,663.0,296.0,1308.0,427.0
0.0,2720.0,1423.0,980.0,0.0,2623.0,2623.0,684.0,296.0,1214.0,209.0
0.0,1297.0,632.0,982.0,1116.0,2147.0,2147.0,691.0,291.0,578.0,54.0
0.0,1781.0,154.0,963.0,2623.0,0.0,0.0,676.0,287.0,19.0,135.0
0.0,4250.0,437.0,942.0,2147.0,0.0,0.0,655.0,287.0,71.0,366.0
0.0,5960.0,1220.0,942.0,0.0,0.0,0.0,649.0,293.0,704.0,516.0
0.0,4740.0,1729.0,964.0,0.0,845.0,845.0,666.0,298.0,1292.0,437.0
0.0,3011.0,1436.0,986.0,0.0,2369.0,2369.0,688.0,298.0,1233.0,203.0
0.0,1575.0,627.0,987.0,845.0,2155.0,2155.0,694.0,293.0,589.0,38.0
0.0,1793.0,115.0,965.0,2369.0,0.0,0.0,678.0,287.0,10.0,105.0
0.0,4047.0,432.0,946.0,2155.0,0.0,0.0,658.0,288.0,87.0,345.0
0.0,5770.0,1278.0,947.0,0.0,0.0,0.0,654.0,293.0,765.0,513.0
0.0,4492.0,1806.0,971.0,0.0,1198.0,1198.0,672.0,299.0,1340.0,466.0
0.0,2686.0,1431.0,994.0,0.0,2721.0,2721.0,694.0,300.0,1199.0,232.0
0.0,1255.0,512.0,993.0,1198.0,2031.0,2031.0,698.0,295.0,457.0,55.0
0.0,1941.0,107.0,971.0,2721.0,0.0,0.0,682.0,289.0,0.0,107.0
0.0,4555.0,474.0,950.0,2031.0,0.0,0.0,661.0,289.0,129.0,345.0
0.0,6112.0,1292.0,950.0,0.0,0.0,0.0,656.0,294.0,776.0,516.0
0.0,4820.0,1794.0,971.0,0.0,858.0,858.0,671.0,300.0,1325.0,469.0
0.0,3026.0,1471.0,993.0,0.0,2417.0,2417.0,692.0,301.0,1224.0,247.0
0.0,1555.0,680.0,996.0,858.0,2251.0,2251.0,700.0,296.0,601.0,79.0
0.0,1733.0,214.0,977.0,2417.0,0.0,0.0,686.0,291.0,77.0,137.0
0.0,3936.0,561.0,956.0,2251.0,0.0,0.0,666.0,290.0,199.0,362.0
0.0,5626.0,1338.0,955.0,0.0,0.0,0.0,659.0,296.0,809.0,529.0
0.0,4288.0,1794.0,975.0,0.0,1406.0,1406.0,673.0,302.0,1330.0,464.0
0.0,2494.0,1491.0,996.0,0.0,2981.0,2981.0,693.0,303.0,1254.0,237.0
0.0,1003.0,709.0,999.0,1406.0,2296.0,2296.0,701.0,298.0,635.0,74.0
0.0,1700.0,305.0,979.0,2981.0,0.0,0.0,688.0,291.0,162.0,143.0
0.0,4376.0,638.0,959.0,2296.0,0.0,0.0,668.0,291.0,261.0,377.0
0.0,6034.0,1426.0,958.0,0.0,0.0,0.0,661.0,297.0,870.0,556.0
0.0,4608.0,1836.0,978.0,0.0,1140.0,1140.0,675.0,303.0,1348.0,488.0
0.0,2772.0,1464.0,1002.0,0.0,2700.0,2700.0,697.0,305.0,1216.0,248.0
0.0,1308.0,716.0,1006.0,1140.0,2292.0,2292.0,706.0,300.0,636.0,80.0
0.0,1732.0,312.0,988.0,2700.0,0.0,0.0,694.0,294.0,161.0,151.0
0.0,4120.0,657.0,967.0,2292.0,0.0,0.0,674.0,293.0,263.0,394.0
0.0,5755.0,1388.0,964.0,0.0,0.0,0.0,666.0,298.0,835.0,553.0
0.0,4367.0,1748.0,983.0,0.0,1313.0,1313.0,679.0,304.0,1267.0,481.0
0.0,2619.0,1404.0,1005.0,0.0,2805.0,2805.0,700.0,305.0,1152.0,252.0
0.0,1215.0,670.0,1009.0,1313.0,2178.0,2178.0,709.0,300.0,583.0,87.0
0.0,1858.0,292.0,991.0,2805.0,0.0,0.0,697.0,294.0,146.0,146.0
0.0,4371.0,631.0,970.0,2178.0,0.0,0.0,677.0,293.0,266.0,365.0
0.0,5918.0,1360.0,967.0,0.0,0.0,0.0,669.0,298.0,824.0,536.0
0.0,4558.0,1771.0,987.0,0.0,1161.0,1161.0,682.0,305.0,1267.0,504.0
0.0,2787.0,1437.0,1010.0,0.0,2690.0,2690.0,703.0,307.0,1149.0,288.0
0.0,1350.0,689.0,1015.0,1161.0,2238.0,2238.0,713.0,302.0,595.0,94.0
0.0,1822.0,260.0,996.0,2690.0,0.0,0.0,701.0,295.0,138.0,122.0
0.0,4252.0,569.0,973.0,2238.0,0.0,0.0,680.0,293.0,233.0,336.0
0.0,5921.0,1322.0,970.0,0.0,0.0,0.0,671.0,299.0,795.0,527.0
0.0,4599.0,1813.0,991.0,0.0,1178.0,1178.0,684.0,307.0,1299.0,514.0
0.0,2786.0,1511.0,1016.0,0.0,2789.0,2789.0,707.0,309.0,1218.0,293.0
0.0,1275.0,727.0,1022.0,1178.0,2362.0,2362.0,718.0,304.0,643.0,84.0
0.0,1726.0,252.0,1002.0,2789.0,0.0,0.0,706.0,296.0,160.0,92.0
0.0,4263.0,508.0,978.0,2362.0,0.0,0.0,685.0,293.0,199.0,309.0
0.0,6117.0,1256.0,975.0,0.0,0.0,0.0,676.0,299.0,752.0,504.0
0.0,4861.0,1726.0,996.0,0.0,849.0,849.0,688.0,308.0,1231.0,495.0
0.0,3135.0,1462.0,1021.0,0.0,2411.0,2411.0,710.0,311.0,1171.0,291.0
0.0,1673.0,737.0,1027.0,849.0,2323.0,2323.0,722.0,305.0,645.0,92.0
0.0,1785.0,279.0,1009.0,2411.0,119.0,119.0,712.0,297.0,192.0,87.0
0.0,3917.0,515.0,985.0,2323.0,0.0,0.0,691.0,294.0,219.0,296.0
0.0,5725.0,1206.0,981.0,119.0,0.0,0.0,681.0,300.0,705.0,501.0
0.0,4638.0,1693.0,1001.0,0.0,1059.0,1059.0,692.0,309.0,1186.0,507.0
0.0,2945.0,1434.0,1027.0,0.0,2597.0,2597.0,714.0,313.0,1127.0,307.0
0.0,1511.0,723.0,1032.0,1059.0,2281.0,2281.0,724.0,308.0,616.0,107.0
0.0,1847.0,245.0,1012.0,2597.0,0.0,0.0,712.0,300.0,150.0,95.0
0.0,4199.0,469.0,987.0,2281.0,0.0,0.0,690.0,297.0,193.0,276.0
0.0,6011.0,1200.0,982.0,0.0,0.0,0.0,681.0,301.0,722.0,478.0
0.0,4811.0,1718.0,1006.0,0.0,931.0,931.0,696.0,310.0,1221.0,497.0
0.0,3093.0,1469.0,1032.0,0.0,2504.0,2504.0,718.0,314.0,1163.0,306.0
0.0,1624.0,752.0,1037.0,931.0,2345.0,2345.0,728.0,309.0,637.0,115.0
0.0,1803.0,287.0,1018.0,2504.0,52.0,52.0,716.0,302.0,174.0,113.0
0.0,4020.0,509.0,993.0,2345.0,0.0,0.0,695.0,298.0,215.0,294.0
0.0,5856.0,1274.0,989.0,52.0,0.0,0.0,686.0,303.0,787.0,487.0
0.0,4634.0,1810.0,1011.0,0.0,1220.0,1220.0,700.0,311.0,1308.0,502.0
0.0,2824.0,1551.0,1036.0,0.0,2871.0,2871.0,722.0,314.0,1233.0,318.0
0.0,1273.0,785.0,1041.0,1220.0,2456.0,2456.0,731.0,310.0,655.0,130.0
0.0,1708.0,279.0,1021.0,2871.0,0.0,0.0,719.0,302.0,186.0,93.0
0.0,4300.0,545.0,997.0,2456.0,0.0,0.0,699.0,298.0,275.0,270.0
0.0,6211.0,1299.0,993.0,0.0,0.0,0.0,690.0,303.0,814.0,485.0
0.0,4912.0,1855.0,1015.0,0.0,1003.0,1003.0,704.0,311.0,1328.0,527.0
0.0,3057.0,1623.0,1040.0,0.0,2726.0,2726.0,725.0,315.0,1277.0,346.0
0.0,1434.0,893.0,1046.0,1003.0,2640.0,2640.0,735.0,311.0,759.0,134.0
0.0,1544.0,354.0,1025.0,2726.0,184.0,184.0,723.0,302.0,254.0,100.0
0.0,3916.0,558.0,1000.0,2640.0,0.0,0.0,702.0,298.0,270.0,288.0
0.0,5998.0,1350.0,998.0,184.0,0.0,0.0,695.0,303.0,839.0,511.0
0.0,4832.0,1866.0,1020.0,0.0,1114.0,1114.0,708.0,312.0,1330.0,536.0
0.0,2966.0,1581.0,1045.0,0.0,2795.0,2795.0,729.0,316.0,1235.0,346.0
0.0,1385.0,806.0,1048.0,1114.0,2499.0,2499.0,737.0,311.0,669.0,137.0
0.0,1693.0,340.0,1027.0,2795.0,0.0,0.0,725.0,302.0,214.0,126.0
0.0,4148.0,583.0,1005.0,2499.0,0.0,0.0,706.0,299.0,270.0,313.0
0.0,6064.0,1298.0,1002.0,0.0,0.0,0.0,698.0,304.0,782.0,516.0
0.0,4766.0,1781.0,1024.0,0.0,1111.0,1111.0,711.0,313.0,1261.0,520.0
0.0,2985.0,1475.0,1047.0,0.0,2678.0,2678.0,731.0,316.0,1158.0,317.0
0.0,1510.0,735.0,1049.0,1111.0,2310.0,2310.0,738.0,311.0,614.0,121.0
0.0,1886.0,329.0,1029.0,2678.0,0.0,0.0,726.0,303.0,205.0,124.0
0.0,4235.0,639.0,1007.0,2310.0,0.0,0.0,707.0,300.0,311.0,328.0
0.0,5906.0,1336.0,1005.0,0.0,0.0,0.0,701.0,304.0,809.0,527.0
0.0,4570.0,1795.0,1027.0,0.0,1333.0,1333.0,714.0,313.0,1269.0,526.0
0.0,2775.0,1474.0,1050.0,0.0,2899.0,2899.0,734.0,316.0,1165.0,309.0
0.0,1301.0,724.0,1053.0,1333.0,2302.0,2302.0,741.0,312.0,623.0,101.0
0.0,1910.0,277.0,1032.0,2899.0,0.0,0.0,729.0,303.0,189.0,88.0
0.0,4532.0,605.0,1009.0,2302.0,0.0,0.0,710.0,299.0,301.0,304.0
0.0,6229.0,1400.0,1008.0,0.0,0.0,0.0,703.0,305.0,837.0,563.0
0.0,4829.0,1835.0,1029.0,0.0,1122.0,1122.0,715.0,314.0,1265.0,570.0
0.0,2994.0,1481.0,1052.0,0.0,2695.0,2695.0,734.0,318.0,1158.0,323.0
0.0,1513.0,685.0,1056.0,1122.0,2274.0,2274.0,742.0,314.0,623.0,62.0
0.0,1950.0,236.0,1036.0,2695.0,0.0,0.0,731.0,305.0,191.0,45.0
0.0,4409.0,545.0,1013.0,2274.0,0.0,0.0,712.0,301.0,248.0,297.0
0.0,6138.0,1366.0,1012.0,0.0,0.0,0.0,705.0,307.0,786.0,580.0
0.0,4772.0,1818.0,1032.0,0.0,1174.0,1174.0,716.0,316.0,1228.0,590.0
0.0,2954.0,1427.0,1055.0,0.0,2693.0,2693.0,734.0,321.0,1109.0,318.0
0.0,1527.0,668.0,1058.0,1174.0,2199.0,2199.0,742.0,316.0,616.0,52.0
0.0,2033.0,232.0,1039.0,2693.0,0.0,0.0,732.0,307.0,187.0,45.0
0.0,4494.0,565.0,1017.0,2199.0,0.0,0.0,714.0,303.0,272.0,293.0
0.0,6128.0,1333.0,1015.0,0.0,0.0,0.0,707.0,308.0,771.0,562.0
0.0,4795.0,1766.0,1035.0,0.0,1111.0,1111.0,718.0,317.0,1181.0,585.0
0.0,3029.0,1434.0,1058.0,0.0,2637.0,2637.0,737.0,321.0,1117.0,317.0
0.0,1595.0,652.0,1062.0,1111.0,2194.0,2194.0,745.0,317.0,612.0,40.0
0.0,2054.0,223.0,1043.0,2637.0,0.0,0.0,735.0,308.0,197.0,26.0
0.0,4468.0,585.0,1021.0,2194.0,0.0,0.0,717.0,304.0,293.0,292.0
0.0,6077.0,1403.0,1019.0,0.0,0.0,0.0,710.0,309.0,824.0,579.0
0.0,4674.0,1839.0,1041.0,0.0,1329.0,1329.0,722.0,319.0,1236.0,603.0
0.0,2835.0,1483.0,1064.0,0.0,2904.0,2904.0,741.0,323.0,1153.0,330.0
0.0,1352.0,720.0,1068.0,1329.0,2311.0,2311.0,750.0,318.0,681.0,39.0
0.0,1961.0,316.0,1049.0,2904.0,0.0,0.0,740.0,309.0,293.0,23.0
0.0,4549.0,672.0,1027.0,2311.0,0.0,0.0,722.0,305.0,371.0,301.0
0.0,6188.0,1431.0,1025.0,0.0,0.0,0.0,715.0,310.0,844.0,587.0
0.0,4757.0,1898.0,1047.0,0.0,1329.0,1329.0,727.0,320.0,1288.0,610.0
0.0,2859.0,1585.0,1071.0,0.0,3010.0,3010.0,747.0,324.0,1255.0,330.0
0.0,1274.0,758.0,1076.0,1329.0,2459.0,2459.0,756.0,320.0,727.0,31.0
0.0,1845.0,297.0,1057.0,3010.0,0.0,0.0,746.0,311.0,276.0,21.0
0.0,4558.0,669.0,1034.0,2459.0,0.0,0.0,727.0,307.0,350.0,319.0
0.0,6348.0,1483.0,1031.0,0.0,0.0,0.0,719.0,312.0,867.0,616.0
0.0,4865.0,1942.0,1051.0,0.0,1281.0,1281.0,729.0,322.0,1307.0,635.0
0.0,2923.0,1591.0,1075.0,0.0,2968.0,2968.0,749.0,326.0,1247.0,344.0
0.0,1332.0,781.0,1079.0,1281.0,2484.0,2484.0,758.0,321.0,752.0,29.0
0.0,1832.0,315.0,1059.0,2968.0,0.0,0.0,747.0,312.0,295.0,20.0
0.0,4485.0,660.0,1036.0,2484.0,0.0,0.0,728.0,308.0,340.0,320.0
0.0,6309.0,1493.0,1034.0,0.0,0.0,0.0,721.0,313.0,857.0,636.0
0.0,4816.0,1954.0,1056.0,0.0,1362.0,1362.0,733.0,323.0,1306.0,648.0
0.0,2862.0,1580.0,1080.0,0.0,3038.0,3038.0,753.0,327.0,1234.0,346.0
0.0,1282.0,736.0,1084.0,1362.0,2428.0,2428.0,762.0,322.0,720.0,16.0
0.0,1908.0,286.0,1064.0,3038.0,0.0,0.0,752.0,312.0,286.0,0.0
0.0,4660.0,655.0,1043.0,2428.0,0.0,0.0,735.0,308.0,353.0,302.0
0.0,6433.0,1488.0,1043.0,0.0,0.0,0.0,729.0,314.0,845.0,643.0
0.0,4945.0,1937.0,1066.0,0.0,1256.0,1256.0,741.0,325.0,1257.0,680.0
0.0,3008.0,1507.0,1088.0,0.0,2851.0,2851.0,759.0,329.0,1141.0,366.0
0.0,1501.0,656.0,1088.0,1256.0,2251.0,2251.0,765.0,323.0,647.0,9.0
0.0,2101.0,246.0,1068.0,2851.0,0.0,0.0,755.0,313.0,246.0,0.0
0.0,4706.0,599.0,1044.0,2251.0,0.0,0.0,736.0,308.0,329.0,270.0
0.0,6358.0,1453.0,1044.0,0.0,0.0,0.0,730.0,314.0,852.0,601.0
0.0,4905.0,1926.0,1067.0,0.0,1289.0,1289.0,743.0,324.0,1278.0,648.0
0.0,2979.0,1571.0,1092.0,0.0,2960.0,2960.0,762.0,330.0,1193.0,378.0
0.0,1408.0,712.0,1094.0,1289.0,2391.0,2391.0,769.0,325.0,659.0,53.0
0.0,1985.0,250.0,1072.0,2960.0,0.0,0.0,758.0,314.0,245.0,5.0
0.0,4695.0,615.0,1048.0,2391.0,0.0,0.0,740.0,308.0,344.0,271.0
0.0,6471.0,1465.0,1048.0,0.0,0.0,0.0,735.0,313.0,879.0,586.0
0.0,5006.0,1943.0,1073.0,0.0,1229.0,1229.0,748.0,325.0,1302.0,641.0
0.0,3063.0,1562.0,1098.0,0.0,2891.0,2891.0,767.0,331.0,1176.0,386.0
0.0,1501.0,680.0,1101.0,1229.0,2354.0,2354.0,774.0,327.0,615.0,65.0
0.0,2050.0,187.0,1078.0,2891.0,0.0,0.0,762.0,316.0,186.0,1.0
0.0,4754.0,595.0,1054.0,2354.0,0.0,0.0,745.0,309.0,327.0,268.0
0.0,6513.0,1488.0,1056.0,0.0,0.0,0.0,741.0,315.0,896.0,592.0
0.0,5025.0,1907.0,1080.0,0.0,1202.0,1202.0,754.0,326.0,1274.0,633.0
0.0,3118.0,1493.0,1104.0,0.0,2791.0,2791.0,772.0,332.0,1128.0,365.0
0.0,1625.0,650.0,1106.0,1202.0,2247.0,2247.0,778.0,328.0,578.0,72.0
0.0,2177.0,216.0,1083.0,2791.0,0.0,0.0,766.0,317.0,188.0,28.0
0.0,4752.0,594.0,1062.0,2247.0,0.0,0.0,750.0,312.0,315.0,279.0
0.0,6405.0,1440.0,1062.0,0.0,0.0,0.0,745.0,317.0,861.0,579.0
0.0,4965.0,1854.0,1084.0,0.0,1225.0,1225.0,757.0,327.0,1249.0,605.0
0.0,3111.0,1466.0,1109.0,0.0,2791.0,2791.0,775.0,334.0,1118.0,348.0
0.0,1645.0,642.0,1109.0,1225.0,2208.0,2208.0,780.0,329.0,585.0,57.0
0.0,2228.0,212.0,1086.0,2791.0,0.0,0.0,768.0,318.0,189.0,23.0
0.0,4807.0,644.0,1064.0,2208.0,0.0,0.0,751.0,313.0,332.0,312.0
0.0,6371.0,1503.0,1064.0,0.0,0.0,0.0,746.0,318.0,883.0,620.0
0.0,4868.0,1900.0,1087.0,0.0,1380.0,1380.0,757.0,330.0,1270.0,630.0
0.0,2968.0,1512.0,1110.0,0.0,2984.0,2984.0,774.0,336.0,1162.0,350.0
0.0,1456.0,711.0,1110.0,1380.0,2315.0,2315.0,779.0,331.0,675.0,36.0
0.0,2125.0,288.0,1089.0,2984.0,0.0,0.0,769.0,320.0,282.0,6.0
0.0,4821.0,669.0,1065.0,2315.0,0.0,0.0,751.0,314.0,361.0,308.0
0.0,6467.0,1496.0,1063.0,0.0,0.0,0.0,743.0,320.0,862.0,634.0
0.0,4971.0,1986.0,1087.0,0.0,1363.0,1363.0,755.0,332.0,1323.0,663.0
0.0,2985.0,1647.0,1113.0,0.0,3114.0,3114.0,774.0,339.0,1282.0,365.0
0.0,1338.0,800.0,1115.0,1363.0,2559.0,2559.0,782.0,333.0,764.0,36.0
0.0,1901.0,325.0,1093.0,3114.0,0.0,0.0,771.0,322.0,312.0,13.0
0.0,4690.0,660.0,1068.0,2559.0,0.0,0.0,753.0,315.0,346.0,314.0
0.0,6589.0,1476.0,1066.0,0.0,0.0,0.0,745.0,321.0,843.0,633.0
0.0,5113.0,1994.0,1089.0,0.0,1237.0,1237.0,756.0,333.0,1323.0,671.0
0.0,3119.0,1676.0,1115.0,0.0,3017.0,3017.0,775.0,340.0,1293.0,383.0
0.0,1443.0,815.0,1118.0,1237.0,2607.0,2607.0,783.0,335.0,769.0,46.0
0.0,1865.0,241.0,1095.0,3017.0,0.0,0.0,772.0,323.0,235.0,6.0
0.0,4641.0,602.0,1068.0,2607.0,0.0,0.0,752.0,316.0,286.0,316.0
0.0,6646.0,1502.0,1067.0,0.0,0.0,0.0,745.0,322.0,864.0,638.0
0.0,5144.0,1999.0,1091.0,0.0,1219.0,1219.0,757.0,334.0,1339.0,660.0
0.0,3145.0,1622.0,1117.0,0.0,2945.0,2945.0,776.0,341.0,1278.0,344.0
0.0,1523.0,761.0,1119.0,1219.0,2495.0,2495.0,783.0,336.0,729.0,32.0
0.0,1981.0,273.0,1095.0,2945.0,0.0,0.0,771.0,324.0,242.0,31.0
0.0,4653.0,634.0,1070.0,2495.0,0.0,0.0,753.0,317.0,308.0,326.0
0.0,6514.0,1456.0,1069.0,0.0,0.0,0.0,747.0,322.0,839.0,617.0
0.0,5058.0,1948.0,1094.0,0.0,1266.0,1266.0,760.0,334.0,1326.0,622.0
0.0,3110.0,1613.0,1120.0,0.0,2983.0,2983.0,780.0,340.0,1283.0,330.0
0.0,1497.0,812.0,1124.0,1266.0,2545.0,2545.0,788.0,336.0,754.0,58.0
0.0,1951.0,354.0,1104.0,2983.0,0.0,0.0,778.0,326.0,284.0,70.0
0.0,4580.0,657.0,1079.0,2545.0,0.0,0.0,759.0,320.0,319.0,338.0
0.0,6468.0,1405.0,1076.0,0.0,0.0,0.0,752.0,324.0,806.0,599.0
0.0,5063.0,1884.0,1098.0,0.0,1213.0,1213.0,764.0,334.0,1304.0,580.0
0.0,3179.0,1574.0,1124.0,0.0,2891.0,2891.0,784.0,340.0,1260.0,314.0
0.0,1605.0,790.0,1127.0,1213.0,2480.0,2480.0,791.0,336.0,725.0,65.0
0.0,2028.0,309.0,1105.0,2891.0,0.0,0.0,778.0,327.0,226.0,83.0
0.0,4610.0,616.0,1080.0,2480.0,0.0,0.0,759.0,321.0,273.0,343.0
0.0,6474.0,1429.0,1077.0,0.0,0.0,0.0,752.0,325.0,840.0,589.0
0.0,5045.0,1929.0,1101.0,0.0,1288.0,1288.0,767.0,334.0,1366.0,563.0
0.0,3116.0,1597.0,1128.0,0.0,2993.0,2993.0,788.0,340.0,1300.0,297.0
0.0,1519.0,741.0,1131.0,1288.0,2458.0,2458.0,795.0,336.0,685.0,56.0
0.0,2066.0,230.0,1107.0,2993.0,0.0,0.0,780.0,327.0,134.0,96.0
0.0,4829.0,585.0,1082.0,2458.0,0.0,0.0,760.0,322.0,196.0,389.0
0.0,6702.0,1447.0,1081.0,0.0,0.0,0.0,754.0,327.0,827.0,620.0
0.0,5255.0,1923.0,1105.0,0.0,1088.0,1088.0,769.0,336.0,1361.0,562.0
0.0,3332.0,1561.0,1131.0,0.0,2753.0,2753.0,790.0,341.0,1297.0,264.0
0.0,1771.0,705.0,1133.0,1088.0,2378.0,2378.0,797.0,336.0,674.0,31.0
0.0,2154.0,220.0,1110.0,2753.0,0.0,0.0,783.0,327.0,124.0,96.0
0.0,4687.0,618.0,1086.0,2378.0,0.0,0.0,763.0,323.0,222.0,396.0
0.0,6447.0,1452.0,1086.0,0.0,0.0,0.0,758.0,328.0,835.0,617.0
0.0,4995.0,1964.0,1111.0,0.0,1413.0,1413.0,773.0,338.0,1395.0,569.0
0.0,3031.0,1583.0,1137.0,0.0,3100.0,3100.0,794.0,343.0,1287.0,296.0
0.0,1448.0,716.0,1138.0,1413.0,2407.0,2407.0,800.0,338.0,641.0,75.0
0.0,2145.0,196.0,1114.0,3100.0,0.0,0.0,785.0,329.0,89.0,107.0
0.0,5049.0,566.0,1088.0,2407.0,0.0,0.0,765.0,323.0,209.0,357.0
0.0,6890.0,1503.0,1088.0,0.0,0.0,0.0,760.0,328.0,916.0,587.0
0.0,5387.0,2099.0,1114.0,0.0,1168.0,1168.0,776.0,338.0,1516.0,583.0
0.0,3288.0,1753.0,1143.0,0.0,3037.0,3037.0,798.0,345.0,1412.0,341.0
0.0,1535.0,819.0,1146.0,1168.0,2700.0,2700.0,805.0,341.0,713.0,106.0
0.0,1884.0,213.0,1121.0,3037.0,0.0,0.0,790.0,331.0,94.0,119.0
0.0,4708.0,543.0,1093.0,2700.0,0.0,0.0,768.0,325.0,180.0,363.0
0.0,6865.0,1530.0,1091.0,0.0,0.0,0.0,761.0,330.0,925.0,605.0
0.0,5335.0,2203.0,1118.0,0.0,1340.0,1340.0,777.0,341.0,1609.0,594.0
0.0,3132.0,1849.0,1147.0,0.0,3305.0,3305.0,800.0,347.0,1516.0,333.0
0.0,1283.0,828.0,1151.0,1340.0,2809.0,2809.0,808.0,343.0,733.0,95.0
0.0,1795.0,143.0,1124.0,3305.0,0.0,0.0,792.0,332.0,33.0,110.0
0.0,4957.0,486.0,1095.0,2809.0,0.0,0.0,769.0,326.0,125.0,361.0
0.0,7280.0,1568.0,1094.0,0.0,0.0,0.0,763.0,331.0,962.0,606.0
0.0,5712.0,2282.0,1122.0,0.0,1058.0,1058.0,780.0,342.0,1674.0,608.0
0.0,3430.0,1882.0,1153.0,0.0,3064.0,3064.0,805.0,348.0,1529.0,353.0
0.0,1548.0,776.0,1157.0,1058.0,2798.0,2798.0,813.0,344.0,677.0,99.0
0.0,1830.0,83.0,1129.0,3064.0,0.0,0.0,796.0,333.0,0.0,83.0
0.0,4811.0,449.0,1099.0,2798.0,0.0,0.0,772.0,327.0,114.0,335.0
0.0,7160.0,1529.0,1098.0,0.0,0.0,0.0,766.0,332.0,922.0,607.0
0.0,5631.0,2224.0,1126.0,0.0,1097.0,1097.0,782.0,344.0,1604.0,620.0
0.0,3407.0,1856.0,1156.0,0.0,3073.0,3073.0,806.0,350.0,1493.0,363.0
0.0,1551.0,800.0,1160.0,1097.0,2792.0,2792.0,814.0,346.0,703.0,97.0
0.0,1848.0,105.0,1134.0,3073.0,0.0,0.0,799.0,335.0,31.0,74.0
0.0,4816.0,461.0,1105.0,2792.0,0.0,0.0,776.0,329.0,142.0,319.0
0.0,7147.0,1496.0,1103.0,0.0,0.0,0.0,769.0,334.0,910.0,586.0
0.0,5651.0,2160.0,1129.0,0.0,1025.0,1025.0,784.0,345.0,1536.0,624.0
0.0,3491.0,1798.0,1156.0,0.0,2931.0,2931.0,805.0,351.0,1419.0,379.0
0.0,1693.0,777.0,1159.0,1025.0,2695.0,2695.0,813.0,346.0,690.0,87.0
0.0,1941.0,111.0,1134.0,2931.0,0.0,0.0,798.0,336.0,50.0,61.0
0.0,4761.0,492.0,1107.0,2695.0,0.0,0.0,776.0,331.0,171.0,321.0
0.0,6964.0,1499.0,1106.0,0.0,0.0,0.0,770.0,336.0,916.0,583.0
0.0,5465.0,2136.0,1131.0,0.0,1195.0,1195.0,785.0,346.0,1538.0,598.0
0.0,3329.0,1819.0,1161.0,0.0,3134.0,3134.0,809.0,352.0,1453.0,366.0
0.0,1510.0,812.0,1164.0,1195.0,2763.0,2763.0,817.0,347.0,719.0,93.0
0.0,1893.0,151.0,1140.0,3134.0,0.0,0.0,803.0,337.0,92.0,59.0
0.0,4876.0,437.0,1111.0,2763.0,0.0,0.0,780.0,331.0,147.0,290.0
0.0,7202.0,1436.0,1108.0,0.0,0.0,0.0,771.0,337.0,872.0,564.0
0.0,5766.0,2131.0,1135.0,0.0,905.0,905.0,788.0,347.0,1533.0,598.0
0.0,3635.0,1748.0,1164.0,0.0,2769.0,2769.0,812.0,352.0,1391.0,357.0
0.0,1887.0,731.0,1166.0,905.0,2603.0,2603.0,820.0,346.0,634.0,97.0
0.0,2061.0,127.0,1141.0,2769.0,0.0,0.0,805.0,336.0,50.0,77.0
0.0,4703.0,517.0,1114.0,2603.0,0.0,0.0,783.0,331.0,205.0,312.0
0.0,6789.0,1485.0,1113.0,0.0,0.0,0.0,776.0,337.0,914.0,571.0
0.0,5304.0,2058.0,1139.0,0.0,1310.0,1310.0,791.0,348.0,1472.0,586.0
0.0,3246.0,1652.0,1167.0,0.0,3074.0,3074.0,814.0,353.0,1300.0,352.0
0.0,1594.0,702.0,1168.0,1310.0,2470.0,2470.0,821.0,347.0,599.0,103.0
0.0,2202.0,144.0,1143.0,3074.0,0.0,0.0,806.0,337.0,37.0,107.0
0.0,5132.0,551.0,1115.0,2470.0,0.0,0.0,782.0,333.0,190.0,361.0
0.0,7051.0,1546.0,1115.0,0.0,0.0,0.0,776.0,339.0,960.0,586.0
0.0,5505.0,2125.0,1142.0,0.0,1188.0,1188.0,794.0,348.0,1554.0,571.0
0.0,3380.0,1714.0,1172.0,0.0,3022.0,3022.0,819.0,353.0,1382.0,332.0
0.0,1666.0,756.0,1175.0,1188.0,2602.0,2602.0,827.0,348.0,628.0,128.0
0.0,2098.0,252.0,1151.0,3022.0,0.0,0.0,811.0,340.0,104.0,148.0
0.0,4868.0,680.0,1124.0,2602.0,0.0,0.0,788.0,336.0,311.0,369.0
0.0,6790.0,1592.0,1120.0,0.0,0.0,0.0,780.0,340.0,1017.0,575.0
0.0,5198.0,2131.0,1146.0,0.0,1517.0,1517.0,797.0,349.0,1573.0,558.0
0.0,3067.0,1737.0,1175.0,0.0,3370.0,3370.0,822.0,353.0,1399.0,338.0
0.0,1330.0,826.0,1181.0,1517.0,2703.0,2703.0,832.0,349.0,692.0,134.0
0.0,2021.0,297.0,1157.0,3370.0,0.0,0.0,817.0,340.0,137.0,160.0
0.0,5094.0,682.0,1127.0,2703.0,0.0,0.0,791.0,336.0,290.0,392.0
0.0,7115.0,1619.0,1123.0,0.0,0.0,0.0,782.0,341.0,1028.0,591.0
0.0,5496.0,2163.0,1148.0,0.0,1259.0,1259.0,798.0,350.0,1591.0,572.0
0.0,3333.0,1760.0,1180.0,0.0,3147.0,3147.0,825.0,355.0,1419.0,341.0
0.0,1573.0,842.0,1186.0,1259.0,2754.0,2754.0,836.0,350.0,712.0,130.0
0.0,1990.0,275.0,1162.0,3147.0,0.0,0.0,820.0,342.0,131.0,144.0
0.0,4862.0,642.0,1130.0,2754.0,0.0,0.0,793.0,337.0,253.0,389.0
0.0,6974.0,1599.0,1125.0,0.0,0.0,0.0,783.0,342.0,990.0,609.0
0.0,5375.0,2144.0,1151.0,0.0,1373.0,1373.0,799.0,352.0,1554.0,590.0
0.0,3231.0,1752.0,1183.0,0.0,3253.0,3253.0,826.0,357.0,1396.0,356.0
0.0,1479.0,803.0,1190.0,1373.0,2711.0,2711.0,837.0,353.0,684.0,119.0
0.0,2049.0,229.0,1166.0,3253.0,0.0,0.0,822.0,344.0,103.0,126.0
0.0,5073.0,594.0,1134.0,2711.0,0.0,0.0,795.0,339.0,234.0,360.0
0.0,7190.0,1565.0,1128.0,0.0,0.0,0.0,785.0,343.0,977.0,588.0
0.0,5625.0,2162.0,1154.0,0.0,1153.0,1153.0,802.0,352.0,1581.0,581.0
0.0,3463.0,1778.0,1187.0,0.0,3063.0,3063.0,829.0,358.0,1415.0,363.0
0.0,1685.0,810.0,1193.0,1153.0,2744.0,2744.0,839.0,354.0,676.0,134.0
0.0,2028.0,235.0,1169.0,3063.0,0.0,0.0,824.0,345.0,121.0,114.0
0.0,4856.0,587.0,1138.0,2744.0,0.0,0.0,799.0,339.0,254.0,333.0
0.0,7013.0,1545.0,1133.0,0.0,0.0,0.0,790.0,343.0,964.0,581.0
0.0,5468.0,2171.0,1160.0,0.0,1343.0,1343.0,807.0,353.0,1573.0,598.0
0.0,3297.0,1838.0,1194.0,0.0,3317.0,3317.0,835.0,359.0,1462.0,376.0
0.0,1459.0,837.0,1200.0,1343.0,2835.0,2835.0,845.0,355.0,730.0,107.0
0.0,1965.0,180.0,1176.0,3317.0,0.0,0.0,830.0,346.0,96.0,84.0
0.0,5102.0,525.0,1144.0,2835.0,0.0,0.0,803.0,341.0,179.0,346.0
0.0,7412.0,1532.0,1138.0,0.0,0.0,0.0,793.0,345.0,932.0,600.0
0.0,5880.0,2179.0,1165.0,0.0,959.0,959.0,810.0,355.0,1591.0,588.0
0.0,3701.0,1811.0,1197.0,0.0,2898.0,2898.0,837.0,360.0,1480.0,331.0
0.0,1890.0,784.0,1204.0,959.0,2751.0,2751.0,848.0,356.0,706.0,78.0
0.0,2065.0,98.0,1178.0,2898.0,0.0,0.0,831.0,347.0,9.0,89.0
0.0,4865.0,470.0,1146.0,2751.0,0.0,0.0,804.0,342.0,115.0,355.0
0.0,7146.0,1518.0,1141.0,0.0,0.0,0.0,794.0,347.0,910.0,608.0
0.0,5628.0,2187.0,1169.0,0.0,1235.0,1235.0,813.0,356.0,1594.0,593.0
0.0,3441.0,1819.0,1202.0,0.0,3186.0,3186.0,841.0,361.0,1497.0,322.0
0.0,1622.0,796.0,1208.0,1235.0,2771.0,2771.0,851.0,357.0,718.0,78.0
0.0,2061.0,130.0,1182.0,3186.0,0.0,0.0,834.0,348.0,30.0,100.0
0.0,5117.0,533.0,1152.0,2771.0,0.0,0.0,808.0,344.0,149.0,384.0
0.0,7355.0,1550.0,1150.0,0.0,0.0,0.0,801.0,349.0,932.0,618.0
0.0,5805.0,2149.0,1178.0,0.0,1056.0,1056.0,820.0,358.0,1564.0,585.0
0.0,3656.0,1721.0,1208.0,0.0,2897.0,2897.0,846.0,362.0,1409.0,312.0
0.0,1935.0,771.0,1213.0,1056.0,2632.0,2632.0,856.0,357.0,690.0,81.0
0.0,2220.0,209.0,1187.0,2897.0,0.0,0.0,839.0,348.0,69.0,140.0
0.0,4908.0,615.0,1157.0,2632.0,0.0,0.0,812.0,345.0,186.0,429.0
0.0,6925.0,1618.0,1155.0,0.0,0.0,0.0,804.0,351.0,966.0,652.0
0.0,5307.0,2211.0,1184.0,0.0,1640.0,1640.0,824.0,360.0,1634.0,577.0
0.0,3096.0,1797.0,1213.0,0.0,3553.0,3553.0,850.0,363.0,1498.0,299.0
0.0,1299.0,798.0,1216.0,1640.0,2723.0,2723.0,858.0,358.0,708.0,90.0
0.0,2141.0,186.0,1189.0,3553.0,0.0,0.0,839.0,350.0,28.0,158.0
0.0,5508.0,604.0,1159.0,2723.0,0.0,0.0,812.0,347.0,164.0,440.0
0.0,7627.0,1660.0,1158.0,0.0,0.0,0.0,804.0,354.0,997.0,663.0
0.0,5967.0,2304.0,1186.0,0.0,1081.0,1081.0,824.0,362.0,1712.0,592.0
0.0,3663.0,1890.0,1217.0,0.0,3095.0,3095.0,852.0,365.0,1590.0,300.0
0.0,1773.0,862.0,1220.0,1081.0,2888.0,2888.0,861.0,359.0,771.0,91.0
0.0,1992.0,270.0,1194.0,3095.0,0.0,0.0,843.0,351.0,109.0,161.0
0.0,4817.0,693.0,1166.0,2888.0,0.0,0.0,817.0,349.0,243.0,450.0
0.0,7012.0,1696.0,1165.0,0.0,0.0,0.0,810.0,355.0,1039.0,657.0
0.0,5316.0,2283.0,1193.0,0.0,1739.0,1739.0,829.0,364.0,1690.0,593.0
0.0,3033.0,1852.0,1223.0,0.0,3711.0,3711.0,856.0,367.0,1539.0,313.0
0.0,1181.0,857.0,1227.0,1739.0,2845.0,2845.0,866.0,361.0,756.0,101.0
0.0,2063.0,264.0,1201.0,3711.0,0.0,0.0,848.0,353.0,83.0,181.0
0.0,5510.0,685.0,1173.0,2845.0,0.0,0.0,822.0,351.0,212.0,473.0
0.0,7670.0,1661.0,1171.0,0.0,0.0,0.0,814.0,357.0,984.0,677.0
0.0,6009.0,2244.0,1199.0,0.0,1031.0,1031.0,833.0,366.0,1647.0,597.0
0.0,3765.0,1838.0,1231.0,0.0,2997.0,2997.0,861.0,370.0,1535.0,303.0
0.0,1927.0,849.0,1235.0,1031.0,2831.0,2831.0,871.0,364.0,770.0,79.0
0.0,2109.0,253.0,1210.0,2997.0,0.0,0.0,854.0,356.0,109.0,144.0
0.0,4853.0,642.0,1181.0,2831.0,0.0,0.0,828.0,353.0,209.0,433.0
0.0,7042.0,1648.0,1178.0,0.0,0.0,0.0,819.0,359.0,984.0,664.0
0.0,5394.0,2255.0,1206.0,0.0,1685.0,1685.0,838.0,368.0,1657.0,598.0
0.0,3139.0,1839.0,1236.0,0.0,3644.0,3644.0,865.0,371.0,1528.0,311.0
0.0,1300.0,807.0,1241.0,1685.0,2786.0,2786.0,875.0,366.0,734.0,73.0
0.0,2178.0,149.0,1215.0,3644.0,0.0,0.0,857.0,358.0,22.0,127.0
0.0,5673.0,550.0,1183.0,2786.0,0.0,0.0,829.0,354.0,145.0,405.0
0.0,7909.0,1589.0,1179.0,0.0,0.0,0.0,820.0,359.0,972.0,617.0
0.0,6320.0,2212.0,1204.0,0.0,708.0,708.0,837.0,367.0,1644.0,568.0
0.0,4108.0,1823.0,1237.0,0.0,2663.0,2663.0,865.0,372.0,1522.0,301.0
0.0,2285.0,839.0,1243.0,708.0,2818.0,2818.0,876.0,367.0,754.0,85.0
0.0,2154.0,203.0,1217.0,2663.0,254.0,254.0,859.0,358.0,60.0,143.0
0.0,4614.0,589.0,1186.0,2818.0,0.0,0.0,832.0,354.0,178.0,411.0
0.0,6843.0,1584.0,1182.0,254.0,0.0,0.0,822.0,360.0,975.0,609.0
0.0,5513.0,2196.0,1209.0,0.0,1519.0,1519.0,840.0,369.0,1636.0,560.0
0.0,3317.0,1811.0,1242.0,0.0,3462.0,3462.0,869.0,373.0,1502.0,309.0
0.0,1506.0,824.0,1248.0,1519.0,2791.0,2791.0,880.0,368.0,722.0,102.0
0.0,2201.0,151.0,1222.0,3462.0,0.0,0.0,863.0,359.0,26.0,125.0
0.0,5512.0,555.0,1191.0,2791.0,0.0,0.0,836.0,355.0,175.0,380.0
0.0,7748.0,1566.0,1187.0,0.0,0.0,0.0,826.0,361.0,958.0,608.0
0.0,6182.0,2175.0,1212.0,0.0,841.0,841.0,842.0,370.0,1586.0,589.0
0.0,4007.0,1806.0,1245.0,0.0,2779.0,2779.0,870.0,375.0,1473.0,333.0
0.0,2201.0,815.0,1250.0,841.0,2773.0,2773.0,881.0,369.0,717.0,98.0
0.0,2227.0,199.0,1225.0,2779.0,93.0,93.0,865.0,360.0,83.0,116.0
0.0,4807.0,565.0,1193.0,2773.0,0.0,0.0,838.0,355.0,201.0,364.0
0.0,7015.0,1549.0,1191.0,93.0,0.0,0.0,830.0,361.0,948.0,601.0
0.0,5559.0,2149.0,1217.0,0.0,1458.0,1458.0,846.0,371.0,1543.0,606.0
0.0,3410.0,1775.0,1247.0,0.0,3353.0,3353.0,872.0,375.0,1411.0,364.0
0.0,1635.0,837.0,1252.0,1458.0,2752.0,2752.0,882.0,370.0,709.0,128.0
0.0,2256.0,276.0,1226.0,3353.0,0.0,0.0,866.0,360.0,136.0,140.0
0.0,5333.0,603.0,1195.0,2752.0,0.0,0.0,839.0,356.0,229.0,374.0
0.0,7482.0,1594.0,1191.0,0.0,0.0,0.0,829.0,362.0,968.0,626.0
0.0,5888.0,2271.0,1220.0,0.0,1263.0,1263.0,847.0,373.0,1641.0,630.0
0.0,3617.0,1948.0,1253.0,0.0,3343.0,3343.0,876.0,377.0,1573.0,375.0
0.0,1669.0,928.0,1260.0,1263.0,3036.0,3036.0,889.0,371.0,799.0,129.0
0.0,2004.0,259.0,1233.0,3343.0,0.0,0.0,872.0,361.0,122.0,137.0
0.0,5088.0,584.0,1199.0,3036.0,0.0,0.0,842.0,357.0,184.0,400.0
0.0,7540.0,1638.0,1194.0,0.0,0.0,0.0,831.0,363.0,998.0,640.0
0.0,5902.0,2326.0,1223.0,0.0,1316.0,1316.0,849.0,374.0,1683.0,643.0
0.0,3576.0,1983.0,1255.0,0.0,3427.0,3427.0,877.0,378.0,1603.0,380.0
0.0,1593.0,985.0,1261.0,1316.0,3120.0,3120.0,889.0,372.0,853.0,132.0
0.0,1924.0,329.0,1235.0,3427.0,0.0,0.0,873.0,362.0,189.0,140.0
0.0,5022.0,665.0,1204.0,3120.0,0.0,0.0,845.0,359.0,255.0,410.0
0.0,7477.0,1630.0,1200.0,0.0,0.0,0.0,834.0,366.0,959.0,671.0
0.0,5847.0,2286.0,1227.0,0.0,1347.0,1347.0,850.0,377.0,1612.0,674.0
0.0,3561.0,1957.0,1260.0,0.0,3436.0,3436.0,879.0,381.0,1552.0,405.0
0.0,1604.0,972.0,1265.0,1347.0,3081.0,3081.0,891.0,374.0,854.0,118.0
0.0,1979.0,327.0,1239.0,3436.0,0.0,0.0,876.0,363.0,222.0,105.0
0.0,5088.0,679.0,1209.0,3081.0,0.0,0.0,850.0,359.0,275.0,404.0
0.0,7490.0,1676.0,1206.0,0.0,0.0,0.0,839.0,367.0,987.0,689.0
0.0,5814.0,2295.0,1234.0,0.0,1417.0,1417.0,856.0,378.0,1609.0,686.0
0.0,3519.0,1886.0,1265.0,0.0,3427.0,3427.0,882.0,383.0,1496.0,390.0
0.0,1633.0,895.0,1271.0,1417.0,2929.0,2929.0,894.0,377.0,799.0,96.0
0.0,2155.0,258.0,1244.0,3427.0,0.0,0.0,878.0,366.0,176.0,82.0
0.0,5324.0,609.0,1212.0,2929.0,0.0,0.0,851.0,361.0,257.0,352.0
0.0,7644.0,1595.0,1207.0,0.0,0.0,0.0,840.0,367.0,961.0,634.0
0.0,6049.0,2194.0,1234.0,0.0,1081.0,1081.0,856.0,378.0,1541.0,653.0
0.0,3855.0,1870.0,1267.0,0.0,3083.0,3083.0,883.0,384.0,1465.0,405.0
0.0,1985.0,937.0,1274.0,1081.0,2967.0,2967.0,896.0,378.0,809.0,128.0
0.0,2129.0,319.0,1250.0,3083.0,107.0,107.0,882.0,368.0,217.0,102.0
0.0,4893.0,621.0,1220.0,2967.0,0.0,0.0,856.0,364.0,288.0,333.0
0.0,7239.0,1532.0,1214.0,107.0,0.0,0.0,844.0,370.0,924.0,608.0
0.0,5814.0,2171.0,1240.0,0.0,1317.0,1317.0,859.0,381.0,1518.0,653.0
0.0,3643.0,1903.0,1272.0,0.0,3348.0,3348.0,886.0,386.0,1499.0,404.0
0.0,1740.0,983.0,1279.0,1317.0,3042.0,3042.0,899.0,380.0,855.0,128.0
0.0,2074.0,293.0,1255.0,3348.0,0.0,0.0,885.0,370.0,216.0,77.0
0.0,5129.0,526.0,1223.0,3042.0,0.0,0.0,858.0,365.0,220.0,306.0
0.0,7645.0,1510.0,1217.0,0.0,0.0,0.0,846.0,371.0,911.0,599.0
0.0,6135.0,2171.0,1243.0,0.0,1008.0,1008.0,862.0,381.0,1524.0,647.0
0.0,3964.0,1894.0,1276.0,0.0,3034.0,3034.0,890.0,386.0,1493.0,401.0
0.0,2070.0,932.0,1283.0,1008.0,2986.0,2986.0,902.0,381.0,817.0,115.0
0.0,2146.0,279.0,1259.0,3034.0,135.0,135.0,888.0,371.0,215.0,64.0
0.0,4901.0,577.0,1228.0,2986.0,0.0,0.0,863.0,365.0,271.0,306.0
0.0,7310.0,1486.0,1222.0,135.0,0.0,0.0,852.0,370.0,895.0,591.0
0.0,5959.0,2076.0,1246.0,0.0,1101.0,1101.0,865.0,381.0,1436.0,640.0
0.0,3883.0,1808.0,1277.0,0.0,3033.0,3033.0,891.0,386.0,1403.0,405.0
0.0,2075.0,976.0,1285.0,1101.0,2940.0,2940.0,903.0,382.0,833.0,143.0
0.0,2200.0,351.0,1262.0,3033.0,166.0,166.0,890.0,372.0,251.0,100.0
0.0,4882.0,592.0,1232.0,2940.0,0.0,0.0,865.0,367.0,282.0,310.0
0.0,7230.0,1432.0,1226.0,166.0,0.0,0.0,855.0,371.0,869.0,563.0
0.0,5964.0,2032.0,1249.0,0.0,1064.0,1064.0,869.0,380.0,1426.0,606.0
0.0,3932.0,1812.0,1278.0,0.0,2992.0,2992.0,893.0,385.0,1394.0,418.0
0.0,2120.0,1048.0,1286.0,1064.0,3008.0,3008.0,905.0,381.0,864.0,184.0
0.0,2136.0,499.0,1265.0,2992.0,431.0,431.0,893.0,372.0,358.0,141.0
0.0,4629.0,739.0,1236.0,3008.0,0.0,0.0,869.0,367.0,392.0,347.0
0.0,6898.0,1559.0,1229.0,431.0,0.0,0.0,858.0,371.0,961.0,598.0
0.0,5770.0,2137.0,1252.0,0.0,1375.0,1375.0,871.0,381.0,1491.0,646.0
0.0,3633.0,1897.0,1283.0,0.0,3396.0,3396.0,896.0,387.0,1453.0,444.0
0.0,1736.0,1104.0,1293.0,1375.0,3165.0,3165.0,910.0,383.0,906.0,198.0
0.0,2007.0,499.0,1271.0,3396.0,180.0,180.0,898.0,373.0,357.0,142.0
0.0,4904.0,726.0,1240.0,3165.0,0.0,0.0,873.0,367.0,394.0,332.0
0.0,7343.0,1541.0,1233.0,180.0,0.0,0.0,861.0,372.0,946.0,595.0
0.0,5982.0,2142.0,1254.0,0.0,1176.0,1176.0,872.0,382.0,1471.0,671.0
0.0,3840.0,1936.0,1285.0,0.0,3236.0,3236.0,897.0,388.0,1462.0,474.0
0.0,1904.0,1164.0,1294.0,1176.0,3260.0,3260.0,910.0,384.0,953.0,211.0
0.0,1916.0,606.0,1275.0,3236.0,554.0,554.0,901.0,374.0,470.0,136.0
0.0,4546.0,765.0,1246.0,3260.0,0.0,0.0,878.0,368.0,434.0,331.0
0.0,7041.0,1486.0,1237.0,554.0,0.0,0.0,866.0,371.0,895.0,591.0
0.0,6109.0,2061.0,1258.0,0.0,984.0,984.0,876.0,382.0,1392.0,669.0
0.0,4048.0,1898.0,1288.0,0.0,3002.0,3002.0,899.0,389.0,1427.0,471.0
0.0,2150.0,1165.0,1297.0,984.0,3219.0,3219.0,912.0,385.0,961.0,204.0
0.0,1969.0,596.0,1276.0,3002.0,729.0,729.0,902.0,374.0,452.0,144.0
0.0,4375.0,717.0,1246.0,3219.0,0.0,0.0,878.0,368.0,382.0,335.0
0.0,6877.0,1434.0,1238.0,729.0,0.0,0.0,866.0,372.0,846.0,588.0
0.0,6172.0,2038.0,1259.0,0.0,902.0,902.0,877.0,382.0,1379.0,659.0
0.0,4134.0,1914.0,1291.0,0.0,2944.0,2944.0,901.0,390.0,1427.0,487.0
0.0,2220.0,1203.0,1303.0,902.0,3293.0,3293.0,915.0,388.0,984.0,219.0
0.0,1919.0,557.0,1282.0,2944.0,822.0,822.0,905.0,377.0,455.0,102.0
0.0,4306.0,636.0,1253.0,3293.0,0.0,0.0,883.0,370.0,365.0,271.0
0.0,6963.0,1353.0,1243.0,822.0,0.0,0.0,870.0,373.0,817.0,536.0
0.0,6432.0,1987.0,1263.0,0.0,607.0,607.0,881.0,382.0,1348.0,639.0
0.0,4445.0,1887.0,1294.0,0.0,2618.0,2618.0,904.0,390.0,1408.0,479.0
0.0,2558.0,1204.0,1305.0,607.0,3259.0,3259.0,917.0,388.0,963.0,241.0
0.0,1961.0,620.0,1287.0,2618.0,1189.0,1189.0,908.0,379.0,489.0,131.0
0.0,3959.0,747.0,1259.0,3259.0,0.0,0.0,888.0,371.0,474.0,273.0
0.0,6471.0,1398.0,1250.0,1189.0,0.0,0.0,876.0,374.0,871.0,527.0
0.0,6262.0,1935.0,1268.0,0.0,745.0,745.0,885.0,383.0,1316.0,619.0
0.0,4327.0,1824.0,1298.0,0.0,2689.0,2689.0,907.0,391.0,1352.0,472.0
0.0,2503.0,1163.0,1310.0,745.0,3155.0,3155.0,921.0,389.0,936.0,227.0
0.0,2085.0,634.0,1293.0,2689.0,1032.0,1032.0,913.0,380.0,498.0,136.0
0.0,4140.0,739.0,1265.0,3155.0,0.0,0.0,892.0,373.0,467.0,272.0
0.0,6556.0,1346.0,1255.0,1032.0,0.0,0.0,880.0,375.0,852.0,494.0
0.0,6242.0,1828.0,1272.0,0.0,674.0,674.0,888.0,384.0,1247.0,581.0
0.0,4414.0,1698.0,1299.0,0.0,2480.0,2480.0,908.0,391.0,1242.0,456.0
0.0,2716.0,1119.0,1310.0,674.0,2969.0,2969.0,919.0,391.0,861.0,258.0
0.0,2271.0,659.0,1294.0,2480.0,1084.0,1084.0,912.0,382.0,492.0,167.0
0.0,4092.0,797.0,1270.0,2969.0,0.0,0.0,894.0,376.0,514.0,283.0
0.0,6264.0,1384.0,1261.0,1084.0,0.0,0.0,884.0,377.0,900.0,484.0
0.0,5964.0,1828.0,1278.0,0.0,976.0,976.0,893.0,385.0,1268.0,560.0
0.0,4136.0,1650.0,1303.0,0.0,2726.0,2726.0,911.0,392.0,1192.0,458.0
0.0,2486.0,1104.0,1313.0,976.0,2894.0,2894.0,921.0,392.0,814.0,290.0
0.0,2358.0,681.0,1298.0,2726.0,789.0,789.0,913.0,385.0,478.0,203.0
0.0,4403.0,870.0,1276.0,2894.0,0.0,0.0,897.0,379.0,574.0,296.0
0.0,6427.0,1460.0,1269.0,789.0,0.0,0.0,889.0,380.0,991.0,469.0
0.0,5756.0,1886.0,1285.0,0.0,1270.0,1270.0,898.0,387.0,1322.0,564.0
0.0,3870.0,1722.0,1309.0,0.0,3088.0,3088.0,915.0,394.0,1226.0,496.0
0.0,2148.0,1140.0,1316.0,1270.0,2986.0,2986.0,923.0,393.0,820.0,320.0
0.0,2278.0,702.0,1300.0,3088.0,536.0,536.0,914.0,386.0,482.0,220.0
0.0,4664.0,909.0,1276.0,2986.0,0.0,0.0,897.0,379.0,610.0,299.0
0.0,6741.0,1544.0,1269.0,536.0,0.0,0.0,889.0,380.0,1060.0,484.0
0.0,5733.0,1939.0,1286.0,0.0,1350.0,1350.0,898.0,388.0,1348.0,591.0
0.0,3794.0,1764.0,1310.0,0.0,3210.0,3210.0,915.0,395.0,1260.0,504.0
0.0,2030.0,1225.0,1319.0,1350.0,3121.0,3121.0,925.0,394.0,902.0,323.0
0.0,2155.0,823.0,1306.0,3210.0,682.0,682.0,918.0,388.0,586.0,237.0
0.0,4542.0,1006.0,1284.0,3121.0,0.0,0.0,903.0,381.0,676.0,330.0
0.0,6657.0,1540.0,1276.0,682.0,0.0,0.0,895.0,381.0,1041.0,499.0
0.0,5799.0,1862.0,1290.0,0.0,1223.0,1223.0,901.0,389.0,1282.0,580.0
0.0,3937.0,1698.0,1311.0,0.0,3005.0,3005.0,915.0,396.0,1197.0,501.0
0.0,2239.0,1222.0,1320.0,1223.0,3040.0,3040.0,924.0,396.0,884.0,338.0
0.0,2240.0,898.0,1308.0,3005.0,885.0,885.0,919.0,389.0,645.0,253.0
0.0,4347.0,1058.0,1289.0,3040.0,0.0,0.0,906.0,383.0,716.0,342.0
0.0,6329.0,1530.0,1282.0,885.0,0.0,0.0,898.0,384.0,1020.0,510.0
0.0,5684.0,1836.0,1295.0,0.0,1332.0,1332.0,904.0,391.0,1252.0,584.0
0.0,3848.0,1663.0,1315.0,0.0,3075.0,3075.0,917.0,398.0,1168.0,495.0
0.0,2185.0,1181.0,1324.0,1332.0,2960.0,2960.0,926.0,398.0,844.0,337.0
0.0,2336.0,863.0,1313.0,3075.0,704.0,704.0,922.0,391.0,605.0,258.0
0.0,4548.0,1021.0,1293.0,2960.0,0.0,0.0,908.0,385.0,682.0,339.0
0.0,6487.0,1483.0,1285.0,704.0,0.0,0.0,900.0,385.0,994.0,489.0
0.0,5708.0,1772.0,1296.0,0.0,1248.0,1248.0,904.0,392.0,1216.0,556.0
0.0,3936.0,1616.0,1316.0,0.0,2944.0,2944.0,917.0,399.0,1137.0,479.0
0.0,2320.0,1170.0,1327.0,1248.0,2910.0,2910.0,927.0,400.0,850.0,320.0
0.0,2398.0,900.0,1318.0,2944.0,830.0,830.0,923.0,395.0,645.0,255.0
0.0,4442.0,1055.0,1300.0,2910.0,0.0,0.0,911.0,389.0,719.0,336.0
0.0,6297.0,1493.0,1292.0,830.0,0.0,0.0,903.0,389.0,1000.0,493.0
0.0,5634.0,1765.0,1303.0,0.0,1343.0,1343.0,908.0,395.0,1216.0,549.0
0.0,3869.0,1625.0,1322.0,0.0,3044.0,3044.0,921.0,401.0,1161.0,464.0
0.0,2244.0,1181.0,1331.0,1343.0,2918.0,2918.0,929.0,402.0,879.0,302.0
0.0,2406.0,840.0,1320.0,3044.0,670.0,670.0,924.0,396.0,612.0,228.0
0.0,4610.0,957.0,1301.0,2918.0,0.0,0.0,911.0,390.0,644.0,313.0
0.0,6571.0,1448.0,1294.0,670.0,0.0,0.0,904.0,390.0,968.0,480.0
0.0,5793.0,1800.0,1307.0,0.0,1235.0,1235.0,910.0,397.0,1253.0,547.0
0.0,3993.0,1660.0,1326.0,0.0,2971.0,2971.0,923.0,403.0,1207.0,453.0
0.0,2333.0,1154.0,1334.0,1235.0,2922.0,2922.0,931.0,403.0,867.0,287.0
0.0,2414.0,763.0,1323.0,2971.0,670.0,670.0,925.0,398.0,547.0,216.0
0.0,4622.0,913.0,1305.0,2922.0,0.0,0.0,913.0,392.0,606.0,307.0
0.0,6631.0,1406.0,1300.0,670.0,0.0,0.0,907.0,393.0,936.0,470.0
0.0,5895.0,1794.0,1312.0,0.0,1147.0,1147.0,914.0,398.0,1244.0,550.0
0.0,4101.0,1655.0,1332.0,0.0,2882.0,2882.0,928.0,404.0,1198.0,457.0
0.0,2446.0,1103.0,1338.0,1147.0,2862.0,2862.0,934.0,404.0,817.0,286.0
0.0,2490.0,698.0,1324.0,2882.0,622.0,622.0,926.0,398.0,501.0,197.0
0.0,4674.0,869.0,1306.0,2862.0,0.0,0.0,913.0,393.0,593.0,276.0
0.0,6667.0,1432.0,1302.0,622.0,0.0,0.0,909.0,393.0,974.0,458.0
0.0,5857.0,1816.0,1315.0,0.0,1219.0,1219.0,917.0,398.0,1249.0,567.0
0.0,4041.0,1659.0,1335.0,0.0,2958.0,2958.0,931.0,404.0,1171.0,488.0
0.0,2382.0,1133.0,1339.0,1219.0,2888.0,2888.0,935.0,404.0,811.0,322.0
0.0,2468.0,758.0,1326.0,2958.0,636.0,636.0,926.0,400.0,532.0,226.0
0.0,4668.0,941.0,1307.0,2888.0,0.0,0.0,913.0,394.0,648.0,293.0
0.0,6615.0,1533.0,1304.0,636.0,0.0,0.0,910.0,394.0,1064.0,469.0
0.0,5718.0,1910.0,1319.0,0.0,1468.0,1468.0,920.0,399.0,1344.0,566.0
0.0,3808.0,1732.0,1339.0,0.0,3280.0,3280.0,935.0,404.0,1239.0,493.0
0.0,2076.0,1172.0,1344.0,1468.0,3004.0,3004.0,940.0,404.0,851.0,321.0
0.0,2372.0,800.0,1329.0,3280.0,464.0,464.0,930.0,399.0,571.0,229.0
0.0,4852.0,1006.0,1312.0,3004.0,0.0,0.0,918.0,394.0,696.0,310.0
0.0,6850.0,1626.0,1309.0,464.0,0.0,0.0,915.0,394.0,1133.0,493.0
0.0,5688.0,2013.0,1324.0,0.0,1621.0,1621.0,925.0,399.0,1425.0,588.0
0.0,3675.0,1773.0,1342.0,0.0,3466.0,3466.0,938.0,404.0,1263.0,510.0
0.0,1902.0,1168.0,1345.0,1621.0,3025.0,3025.0,941.0,404.0,837.0,331.0
0.0,2355.0,813.0,1331.0,3466.0,316.0,316.0,932.0,399.0,565.0,248.0
0.0,5008.0,1037.0,1315.0,3025.0,0.0,0.0,921.0,394.0,707.0,330.0
0.0,6996.0,1629.0,1315.0,316.0,0.0,0.0,920.0,395.0,1113.0,516.0
0.0,5683.0,2006.0,1329.0,0.0,1639.0,1639.0,929.0,400.0,1390.0,616.0
0.0,3677.0,1772.0,1346.0,0.0,3479.0,3479.0,941.0,405.0,1255.0,517.0
0.0,1905.0,1153.0,1348.0,1639.0,3001.0,3001.0,943.0,405.0,832.0,321.0
0.0,2391.0,737.0,1333.0,3479.0,199.0,199.0,934.0,399.0,520.0,217.0
0.0,5133.0,937.0,1316.0,3001.0,0.0,0.0,922.0,394.0,623.0,314.0
0.0,7197.0,1601.0,1315.0,199.0,0.0,0.0,920.0,395.0,1067.0,534.0
0.0,5795.0,2056.0,1331.0,0.0,1585.0,1585.0,930.0,401.0,1409.0,647.0
0.0,3739.0,1880.0,1351.0,0.0,3545.0,3545.0,945.0,406.0,1337.0,543.0
0.0,1859.0,1205.0,1354.0,1585.0,3177.0,3177.0,948.0,406.0,879.0,326.0
0.0,2239.0,741.0,1340.0,3545.0,317.0,317.0,939.0,401.0,516.0,225.0
0.0,5043.0,945.0,1324.0,3177.0,0.0,0.0,928.0,396.0,610.0,335.0
0.0,7275.0,1582.0,1324.0,317.0,0.0,0.0,926.0,398.0,1049.0,533.0
0.0,6010.0,2018.0,1340.0,0.0,1368.0,1368.0,936.0,404.0,1387.0,631.0
0.0,3992.0,1788.0,1356.0,0.0,3220.0,3220.0,948.0,408.0,1278.0,510.0
0.0,2204.0,1171.0,1359.0,1368.0,3035.0,3035.0,951.0,408.0,873.0,298.0
0.0,2401.0,722.0,1344.0,3220.0,477.0,477.0,942.0,402.0,515.0,207.0
0.0,4899.0,905.0,1328.0,3035.0,0.0,0.0,930.0,398.0,595.0,310.0
0.0,7029.0,1561.0,1326.0,477.0,0.0,0.0,928.0,398.0,1057.0,504.0
0.0,5945.0,2009.0,1342.0,0.0,1432.0,1432.0,938.0,404.0,1406.0,603.0
0.0,3936.0,1802.0,1361.0,0.0,3310.0,3310.0,951.0,410.0,1291.0,511.0
0.0,2134.0,1162.0,1365.0,1432.0,3056.0,3056.0,955.0,410.0,838.0,324.0
0.0,2404.0,705.0,1351.0,3310.0,395.0,395.0,946.0,405.0,498.0,207.0
0.0,5009.0,898.0,1333.0,3056.0,0.0,0.0,934.0,399.0,616.0,282.0
0.0,7167.0,1535.0,1331.0,395.0,0.0,0.0,931.0,400.0,1059.0,476.0
0.0,6027.0,1988.0,1347.0,0.0,1349.0,1349.0,941.0,406.0,1395.0,593.0
0.0,4039.0,1790.0,1366.0,0.0,3215.0,3215.0,955.0,411.0,1285.0,505.0
0.0,2249.0,1087.0,1370.0,1349.0,2969.0,2969.0,959.0,411.0,794.0,293.0
0.0,2511.0,586.0,1354.0,3215.0,276.0,276.0,949.0,405.0,423.0,163.0
0.0,5140.0,830.0,1336.0,2969.0,0.0,0.0,936.0,400.0,567.0,263.0
0.0,7279.0,1557.0,1333.0,276.0,0.0,0.0,933.0,400.0,1066.0,491.0
0.0,5998.0,2031.0,1352.0,0.0,1441.0,1441.0,945.0,407.0,1418.0,613.0
0.0,3967.0,1807.0,1373.0,0.0,3332.0,3332.0,960.0,413.0,1280.0,527.0
0.0,2160.0,1098.0,1378.0,1441.0,3009.0,3009.0,964.0,414.0,793.0,305.0
0.0,2503.0,589.0,1361.0,3332.0,198.0,198.0,953.0,408.0,413.0,176.0
0.0,5246.0,792.0,1341.0,3009.0,0.0,0.0,939.0,402.0,521.0,271.0
0.0,7463.0,1499.0,1338.0,198.0,0.0,0.0,936.0,402.0,1010.0,489.0
0.0,6162.0,2065.0,1356.0,0.0,1327.0,1327.0,948.0,408.0,1453.0,612.0
0.0,4097.0,1878.0,1378.0,0.0,3293.0,3293.0,964.0,414.0,1364.0,514.0
0.0,2219.0,1157.0,1382.0,1327.0,3139.0,3139.0,968.0,414.0,848.0,309.0
0.0,2389.0,620.0,1364.0,3293.0,394.0,394.0,956.0,408.0,433.0,187.0
0.0,5062.0,855.0,1344.0,3139.0,0.0,0.0,941.0,403.0,568.0,287.0
0.0,7346.0,1592.0,1341.0,394.0,0.0,0.0,938.0,403.0,1077.0,515.0
0.0,6148.0,2128.0,1360.0,0.0,1420.0,1420.0,950.0,410.0,1490.0,638.0
0.0,4020.0,1969.0,1383.0,0.0,3481.0,3481.0,967.0,416.0,1426.0,543.0
0.0,2051.0,1278.0,1388.0,1420.0,3359.0,3359.0,972.0,416.0,953.0,325.0
0.0,2193.0,723.0,1370.0,3481.0,529.0,529.0,960.0,410.0,531.0,192.0
0.0,4951.0,871.0,1348.0,3359.0,0.0,0.0,944.0,404.0,579.0,292.0
0.0,7439.0,1610.0,1344.0,529.0,0.0,0.0,940.0,404.0,1095.0,515.0
0.0,6358.0,2146.0,1364.0,0.0,1244.0,1244.0,953.0,411.0,1496.0,650.0
0.0,4212.0,2002.0,1387.0,0.0,3338.0,3338.0,970.0,417.0,1434.0,568.0
0.0,2210.0,1305.0,1392.0,1244.0,3419.0,3419.0,975.0,417.0,961.0,344.0
0.0,2149.0,757.0,1375.0,3338.0,770.0,770.0,964.0,411.0,550.0,207.0
0.0,4730.0,891.0,1354.0,3419.0,0.0,0.0,949.0,405.0,600.0,291.0
0.0,7258.0,1583.0,1350.0,770.0,0.0,0.0,945.0,405.0,1061.0,522.0
0.0,6445.0,2154.0,1369.0,0.0,1185.0,1185.0,957.0,412.0,1481.0,673.0
0.0,4291.0,1994.0,1393.0,0.0,3275.0,3275.0,974.0,419.0,1398.0,596.0
0.0,2297.0,1247.0,1399.0,1185.0,3361.0,3361.0,979.0,420.0,885.0,362.0
0.0,2235.0,685.0,1382.0,3275.0,703.0,703.0,968.0,414.0,480.0,205.0
0.0,4825.0,875.0,1359.0,3361.0,0.0,0.0,952.0,407.0,577.0,298.0
0.0,7311.0,1600.0,1354.0,703.0,0.0,0.0,947.0,407.0,1076.0,524.0
0.0,6414.0,2160.0,1372.0,0.0,1234.0,1234.0,959.0,413.0,1510.0,650.0
0.0,4254.0,1955.0,1395.0,0.0,3281.0,3281.0,976.0,419.0,1396.0,559.0
0.0,2299.0,1212.0,1400.0,1234.0,3279.0,3279.0,981.0,419.0,872.0,340.0
0.0,2321.0,666.0,1383.0,3281.0,596.0,596.0,970.0,413.0,458.0,208.0
0.0,4936.0,897.0,1362.0,3279.0,0.0,0.0,955.0,407.0,601.0,296.0
0.0,7318.0,1613.0,1358.0,596.0,0.0,0.0,951.0,407.0,1091.0,522.0
0.0,6301.0,2106.0,1376.0,0.0,1309.0,1309.0,962.0,414.0,1454.0,652.0
0.0,4195.0,1881.0,1398.0,0.0,3278.0,3278.0,978.0,420.0,1332.0,549.0
0.0,2314.0,1193.0,1404.0,1309.0,3186.0,3186.0,984.0,420.0,882.0,311.0
0.0,2430.0,700.0,1387.0,3278.0,540.0,540.0,973.0,414.0,507.0,193.0
0.0,5008.0,945.0,1367.0,3186.0,0.0,0.0,958.0,409.0,627.0,318.0
0.0,7249.0,1665.0,1364.0,540.0,0.0,0.0,955.0,409.0,1131.0,534.0
0.0,6124.0,2096.0,1382.0,0.0,1500.0,1500.0,967.0,415.0,1491.0,605.0
0.0,4028.0,1824.0,1404.0,0.0,3412.0,3412.0,984.0,420.0,1340.0,484.0
0.0,2204.0,1082.0,1407.0,1500.0,3006.0,3006.0,987.0,420.0,788.0,294.0
0.0,2622.0,637.0,1389.0,3412.0,159.0,159.0,974.0,415.0,412.0,225.0
0.0,5397.0,912.0,1369.0,3006.0,0.0,0.0,958.0,411.0,557.0,355.0
0.0,7491.0,1618.0,1366.0,159.0,0.0,0.0,955.0,411.0,1089.0,529.0
0.0,6032.0,2060.0,1385.0,0.0,1568.0,1568.0,968.0,417.0,1486.0,574.0
0.0,3972.0,1785.0,1407.0,0.0,3441.0,3441.0,985.0,422.0,1337.0,448.0
0.0,2187.0,1102.0,1413.0,1568.0,2999.0,2999.0,990.0,423.0,818.0,284.0
0.0,2653.0,668.0,1396.0,3441.0,158.0,158.0,978.0,418.0,418.0,250.0
0.0,5426.0,893.0,1373.0,2999.0,0.0,0.0,960.0,413.0,509.0,384.0
0.0,7532.0,1555.0,1369.0,158.0,0.0,0.0,955.0,414.0,1009.0,546.0
0.0,6135.0,1987.0,1386.0,0.0,1396.0,1396.0,967.0,419.0,1412.0,575.0
0.0,4148.0,1781.0,1409.0,0.0,3269.0,3269.0,985.0,424.0,1341.0,440.0
0.0,2367.0,1170.0,1416.0,1396.0,3071.0,3071.0,992.0,424.0,897.0,273.0
0.0,2593.0,763.0,1403.0,3269.0,513.0,513.0,983.0,420.0,516.0,247.0
0.0,5099.0,954.0,1381.0,3071.0,0.0,0.0,966.0,415.0,584.0,370.0
0.0,7216.0,1540.0,1374.0,513.0,0.0,0.0,959.0,415.0,1004.0,536.0
0.0,6189.0,2012.0,1390.0,0.0,1383.0,1383.0,970.0,420.0,1435.0,577.0
0.0,4177.0,1877.0,1415.0,0.0,3360.0,3360.0,989.0,426.0,1411.0,466.0
0.0,2300.0,1319.0,1424.0,1383.0,3332.0,3332.0,998.0,426.0,1006.0,313.0
0.0,2364.0,829.0,1409.0,3360.0,741.0,741.0,988.0,421.0,573.0,256.0
0.0,4895.0,909.0,1386.0,3332.0,0.0,0.0,970.0,416.0,562.0,347.0
0.0,7318.0,1555.0,1378.0,741.0,0.0,0.0,963.0,415.0,1045.0,510.0
0.0,6504.0,2063.0,1393.0,0.0,1131.0,1131.0,973.0,420.0,1481.0,582.0
0.0,4441.0,1958.0,1417.0,0.0,3185.0,3185.0,991.0,426.0,1468.0,490.0
0.0,2483.0,1345.0,1426.0,1131.0,3435.0,3435.0,999.0,427.0,1012.0,333.0
0.0,2269.0,827.0,1411.0,3185.0,1017.0,1017.0,989.0,422.0,561.0,266.0
0.0,4627.0,1001.0,1388.0,3435.0,0.0,0.0,972.0,416.0,628.0,373.0
0.0,7061.0,1619.0,1381.0,1017.0,0.0,0.0,965.0,416.0,1085.0,534.0
0.0,6459.0,2101.0,1397.0,0.0,1230.0,1230.0,976.0,421.0,1510.0,591.0
0.0,4358.0,1962.0,1420.0,0.0,3284.0,3284.0,994.0,426.0,1477.0,485.0
0.0,2396.0,1322.0,1428.0,1230.0,3408.0,3408.0,1001.0,427.0,985.0,337.0
0.0,2304.0,772.0,1412.0,3284.0,832.0,832.0,990.0,422.0,497.0,275.0
0.0,4816.0,874.0,1388.0,3408.0,0.0,0.0,972.0,416.0,503.0,371.0
0.0,7350.0,1543.0,1379.0,832.0,0.0,0.0,964.0,415.0,1008.0,535.0
0.0,6639.0,2118.0,1395.0,0.0,1059.0,1059.0,976.0,419.0,1526.0,592.0
0.0,4521.0,2029.0,1422.0,0.0,3196.0,3196.0,997.0,425.0,1538.0,491.0
0.0,2492.0,1347.0,1431.0,1059.0,3520.0,3520.0,1005.0,426.0,1014.0,333.0
0.0,2204.0,756.0,1415.0,3196.0,1016.0,1016.0,994.0,421.0,481.0,275.0
0.0,4644.0,851.0,1389.0,3520.0,0.0,0.0,974.0,415.0,484.0,367.0
0.0,7313.0,1549.0,1382.0,1016.0,0.0,0.0,967.0,415.0,1022.0,527.0
0.0,6780.0,2144.0,1400.0,0.0,964.0,964.0,980.0,420.0,1542.0,602.0
0.0,4636.0,2025.0,1426.0,0.0,3093.0,3093.0,1000.0,426.0,1505.0,520.0
0.0,2611.0,1333.0,1434.0,964.0,3494.0,3494.0,1007.0,427.0,973.0,360.0
0.0,2242.0,759.0,1417.0,3093.0,1092.0,1092.0,995.0,422.0,475.0,284.0
0.0,4576.0,846.0,1394.0,3494.0,0.0,0.0,977.0,417.0,489.0,357.0
0.0,7224.0,1496.0,1386.0,1092.0,0.0,0.0,970.0,416.0,1001.0,495.0
0.0,6820.0,2108.0,1404.0,0.0,904.0,904.0,983.0,421.0,1532.0,576.0
0.0,4712.0,2069.0,1430.0,0.0,3077.0,3077.0,1003.0,427.0,1568.0,501.0
0.0,2643.0,1372.0,1438.0,904.0,3577.0,3577.0,1011.0,427.0,1023.0,349.0
0.0,2175.0,683.0,1419.0,3077.0,1107.0,1107.0,997.0,422.0,409.0,274.0
0.0,4569.0,740.0,1393.0,3577.0,0.0,0.0,976.0,417.0,392.0,348.0
0.0,7406.0,1454.0,1386.0,1107.0,0.0,0.0,968.0,418.0,957.0,497.0
0.0,7059.0,2155.0,1406.0,0.0,720.0,720.0,983.0,423.0,1572.0,583.0
0.0,4904.0,2103.0,1435.0,0.0,2939.0,2939.0,1006.0,429.0,1598.0,505.0
0.0,2801.0,1393.0,1444.0,720.0,3648.0,3648.0,1016.0,428.0,1050.0,343.0
0.0,2128.0,697.0,1426.0,2939.0,1334.0,1334.0,1003.0,423.0,434.0,263.0
0.0,4370.0,735.0,1401.0,3648.0,0.0,0.0,982.0,419.0,378.0,357.0
0.0,7283.0,1411.0,1393.0,1334.0,0.0,0.0,973.0,420.0,892.0,519.0
0.0,7206.0,2003.0,1411.0,0.0,441.0,441.0,985.0,426.0,1424.0,579.0
0.0,5203.0,1985.0,1437.0,0.0,2530.0,2530.0,1006.0,431.0,1497.0,488.0
0.0,3218.0,1380.0,1446.0,441.0,3505.0,3505.0,1016.0,430.0,1042.0,338.0
0.0,2279.0,781.0,1430.0,2530.0,1692.0,1692.0,1006.0,424.0,519.0,262.0
0.0,4028.0,770.0,1408.0,3505.0,0.0,0.0,988.0,420.0,432.0,338.0
0.0,6763.0,1342.0,1399.0,1692.0,0.0,0.0,978.0,421.0,852.0,490.0
0.0,7113.0,1926.0,1413.0,0.0,465.0,465.0,987.0,426.0,1359.0,567.0
0.0,5187.0,1994.0,1437.0,0.0,2555.0,2555.0,1006.0,431.0,1485.0,509.0
0.0,3193.0,1491.0,1447.0,465.0,3621.0,3621.0,1016.0,431.0,1120.0,371.0
0.0,2167.0,888.0,1435.0,2555.0,1906.0,1906.0,1008.0,427.0,602.0,286.0
0.0,3834.0,807.0,1412.0,3621.0,0.0,0.0,990.0,422.0,465.0,342.0
0.0,6648.0,1341.0,1402.0,1906.0,0.0,0.0,979.0,423.0,853.0,488.0
0.0,7213.0,1932.0,1414.0,0.0,375.0,375.0,986.0,428.0,1358.0,574.0
0.0,5281.0,2055.0,1437.0,0.0,2522.0,2522.0,1004.0,433.0,1532.0,523.0
0.0,3226.0,1618.0,1451.0,375.0,3821.0,3821.0,1017.0,434.0,1219.0,399.0
0.0,1983.0,1022.0,1440.0,2522.0,2277.0,2277.0,1010.0,430.0,714.0,308.0
0.0,3483.0,857.0,1417.0,3821.0,0.0,0.0,992.0,425.0,517.0,340.0
0.0,6447.0,1302.0,1404.0,2277.0,0.0,0.0,980.0,424.0,851.0,451.0
0.0,7422.0,1966.0,1417.0,0.0,212.0,212.0,988.0,429.0,1414.0,552.0
0.0,5456.0,2195.0,1443.0,0.0,2511.0,2511.0,1009.0,434.0,1664.0,531.0
0.0,3261.0,1740.0,1457.0,212.0,4095.0,4095.0,1022.0,435.0,1311.0,429.0
0.0,1733.0,1041.0,1446.0,2511.0,2581.0,2581.0,1015.0,431.0,697.0,344.0
0.0,3203.0,776.0,1421.0,4095.0,0.0,0.0,994.0,427.0,413.0,363.0
0.0,6522.0,1199.0,1405.0,2581.0,0.0,0.0,979.0,426.0,741.0,458.0
0.0,7904.0,1924.0,1417.0,0.0,0.0,0.0,987.0,430.0,1382.0,542.0
0.0,5980.0,2223.0,1445.0,0.0,2023.0,2023.0,1010.0,435.0,1700.0,523.0
0.0,3757.0,1805.0,1463.0,0.0,3900.0,3900.0,1027.0,436.0,1374.0,431.0
0.0,1952.0,1055.0,1453.0,2023.0,2892.0,2892.0,1021.0,432.0,716.0,339.0
0.0,2920.0,718.0,1427.0,3900.0,0.0,0.0,999.0,428.0,354.0,364.0
0.0,6102.0,1120.0,1410.0,2892.0,0.0,0.0,982.0,428.0,647.0,473.0
0.0,7874.0,1878.0,1420.0,0.0,0.0,0.0,988.0,432.0,1322.0,556.0
0.0,5996.0,2200.0,1447.0,0.0,1992.0,1992.0,1011.0,436.0,1687.0,513.0
0.0,3796.0,1824.0,1466.0,0.0,3892.0,3892.0,1029.0,437.0,1420.0,404.0
0.0,1972.0,1070.0,1457.0,1992.0,2934.0,2934.0,1023.0,434.0,731.0,339.0
0.0,2894.0,726.0,1430.0,3892.0,0.0,0.0,1001.0,429.0,368.0,358.0
0.0,6060.0,1109.0,1412.0,2934.0,0.0,0.0,984.0,428.0,646.0,463.0
0.0,7885.0,1843.0,1421.0,0.0,0.0,0.0,990.0,431.0,1305.0,538.0
0.0,6042.0,2196.0,1450.0,0.0,1954.0,1954.0,1014.0,436.0,1685.0,511.0
0.0,3846.0,1810.0,1468.0,0.0,3836.0,3836.0,1031.0,437.0,1395.0,415.0
0.0,2036.0,1040.0,1459.0,1954.0,2886.0,2886.0,1025.0,434.0,696.0,344.0
0.0,2950.0,683.0,1432.0,3836.0,0.0,0.0,1002.0,430.0,317.0,366.0
0.0,6103.0,1136.0,1414.0,2886.0,0.0,0.0,985.0,429.0,674.0,462.0
0.0,7853.0,1899.0,1424.0,0.0,0.0,0.0,991.0,433.0,1356.0,543.0
0.0,5954.0,2184.0,1452.0,0.0,2038.0,2038.0,1015.0,437.0,1674.0,510.0
0.0,3770.0,1728.0,1472.0,0.0,3846.0,3846.0,1034.0,438.0,1335.0,393.0
0.0,2042.0,987.0,1463.0,2038.0,2759.0,2759.0,1028.0,435.0,670.0,317.0
0.0,3093.0,671.0,1434.0,3846.0,0.0,0.0,1004.0,430.0,322.0,349.0
0.0,6268.0,1110.0,1415.0,2759.0,0.0,0.0,986.0,429.0,649.0,461.0
0.0,7917.0,1853.0,1424.0,0.0,0.0,0.0,991.0,433.0,1321.0,532.0
0.0,6064.0,2176.0,1453.0,0.0,1924.0,1924.0,1015.0,438.0,1664.0,512.0
0.0,3888.0,1769.0,1472.0,0.0,3769.0,3769.0,1033.0,439.0,1343.0,426.0
0.0,2119.0,1036.0,1465.0,1924.0,2853.0,2853.0,1029.0,436.0,687.0,349.0
0.0,3007.0,720.0,1441.0,3769.0,0.0,0.0,1009.0,432.0,348.0,372.0
0.0,6056.0,1113.0,1423.0,2853.0,0.0,0.0,992.0,431.0,655.0,458.0
0.0,7796.0,1829.0,1433.0,0.0,0.0,0.0,998.0,435.0,1318.0,511.0
0.0,5967.0,2177.0,1459.0,0.0,2046.0,2046.0,1020.0,439.0,1672.0,505.0
0.0,3790.0,1723.0,1477.0,0.0,3841.0,3841.0,1036.0,441.0,1289.0,434.0
0.0,2067.0,969.0,1471.0,2046.0,2740.0,2740.0,1032.0,439.0,601.0,368.0
0.0,3144.0,650.0,1446.0,3841.0,0.0,0.0,1011.0,435.0,272.0,378.0
0.0,6335.0,1085.0,1429.0,2740.0,0.0,0.0,995.0,434.0,652.0,433.0
0.0,7990.0,1893.0,1436.0,0.0,0.0,0.0,1000.0,436.0,1395.0,498.0
0.0,6097.0,2248.0,1462.0,0.0,1999.0,1999.0,1022.0,440.0,1751.0,497.0
0.0,3849.0,1802.0,1481.0,0.0,3877.0,3877.0,1039.0,442.0,1370.0,432.0
0.0,2047.0,1049.0,1476.0,1999.0,2907.0,2907.0,1036.0,440.0,674.0,375.0
0.0,2997.0,694.0,1452.0,3877.0,0.0,0.0,1016.0,436.0,315.0,379.0
0.0,6180.0,1116.0,1433.0,2907.0,0.0,0.0,999.0,434.0,679.0,437.0
0.0,7971.0,1920.0,1439.0,0.0,0.0,0.0,1003.0,436.0,1427.0,493.0
0.0,6051.0,2315.0,1465.0,0.0,2124.0,2124.0,1025.0,440.0,1810.0,505.0
0.0,3736.0,1884.0,1484.0,0.0,4084.0,4084.0,1042.0,442.0,1427.0,457.0
0.0,1852.0,1093.0,1480.0,2124.0,3037.0,3037.0,1039.0,441.0,694.0,399.0
0.0,2883.0,746.0,1457.0,4084.0,0.0,0.0,1019.0,438.0,360.0,386.0
0.0,6221.0,1194.0,1437.0,3037.0,0.0,0.0,1001.0,436.0,754.0,440.0
0.0,8064.0,1991.0,1443.0,0.0,0.0,0.0,1005.0,438.0,1481.0,510.0
0.0,6073.0,2340.0,1467.0,0.0,2135.0,2135.0,1026.0,441.0,1822.0,518.0
0.0,3733.0,1889.0,1489.0,0.0,4112.0,4112.0,1046.0,443.0,1431.0,458.0
0.0,1844.0,1062.0,1486.0,2135.0,3027.0,3027.0,1044.0,442.0,671.0,391.0
0.0,2917.0,690.0,1463.0,4112.0,0.0,0.0,1024.0,439.0,311.0,379.0
0.0,6339.0,1172.0,1442.0,3027.0,0.0,0.0,1005.0,437.0,731.0,441.0
0.0,8194.0,1961.0,1445.0,0.0,0.0,0.0,1006.0,439.0,1436.0,525.0
0.0,6233.0,2332.0,1470.0,0.0,1979.0,1979.0,1027.0,443.0,1788.0,544.0
0.0,3901.0,1891.0,1493.0,0.0,3962.0,3962.0,1048.0,445.0,1424.0,467.0
0.0,2010.0,1058.0,1491.0,1979.0,3033.0,3033.0,1048.0,443.0,680.0,378.0
0.0,2931.0,664.0,1468.0,3962.0,0.0,0.0,1029.0,439.0,301.0,363.0
0.0,6229.0,1134.0,1447.0,3033.0,0.0,0.0,1009.0,438.0,674.0,460.0
0.0,8128.0,1967.0,1450.0,0.0,0.0,0.0,1009.0,441.0,1430.0,537.0
0.0,6161.0,2338.0,1475.0,0.0,2077.0,2077.0,1030.0,445.0,1800.0,538.0
0.0,3823.0,1885.0,1496.0,0.0,4046.0,4046.0,1050.0,446.0,1435.0,450.0
0.0,1938.0,1031.0,1495.0,2077.0,2996.0,2996.0,1051.0,444.0,692.0,339.0
0.0,2984.0,613.0,1472.0,4046.0,0.0,0.0,1032.0,440.0,289.0,324.0
0.0,6417.0,1056.0,1450.0,2996.0,0.0,0.0,1012.0,438.0,636.0,420.0
0.0,8357.0,1933.0,1452.0,0.0,0.0,0.0,1012.0,440.0,1401.0,532.0
0.0,6424.0,2407.0,1478.0,0.0,1895.0,1895.0,1033.0,445.0,1832.0,575.0
0.0,4017.0,1993.0,1503.0,0.0,3988.0,3988.0,1056.0,447.0,1494.0,499.0
0.0,2024.0,1089.0,1503.0,1895.0,3182.0,3182.0,1057.0,446.0,710.0,379.0
0.0,2830.0,580.0,1477.0,3988.0,0.0,0.0,1036.0,441.0,268.0,312.0
0.0,6238.0,981.0,1454.0,3182.0,0.0,0.0,1015.0,439.0,606.0,375.0
0.0,8439.0,1904.0,1458.0,0.0,0.0,0.0,1017.0,441.0,1399.0,505.0
0.0,6535.0,2395.0,1485.0,0.0,1800.0,1800.0,1039.0,446.0,1816.0,579.0
0.0,4140.0,1982.0,1510.0,0.0,3882.0,3882.0,1061.0,449.0,1469.0,513.0
0.0,2158.0,1038.0,1508.0,1800.0,3112.0,3112.0,1061.0,447.0,660.0,378.0
0.0,2920.0,547.0,1483.0,3882.0,0.0,0.0,1040.0,443.0,228.0,319.0
0.0,6255.0,981.0,1460.0,3112.0,0.0,0.0,1019.0,441.0,601.0,380.0
0.0,8386.0,1889.0,1462.0,0.0,0.0,0.0,1020.0,442.0,1398.0,491.0
0.0,6497.0,2341.0,1487.0,0.0,1792.0,1792.0,1041.0,446.0,1774.0,567.0
0.0,4156.0,1923.0,1511.0,0.0,3811.0,3811.0,1062.0,449.0,1421.0,502.0
0.0,2233.0,1053.0,1509.0,1792.0,3064.0,3064.0,1062.0,447.0,677.0,376.0
0.0,2972.0,581.0,1485.0,3811.0,0.0,0.0,1042.0,443.0,266.0,315.0
0.0,6202.0,993.0,1463.0,3064.0,0.0,0.0,1022.0,441.0,605.0,388.0
0.0,8273.0,1875.0,1466.0,0.0,0.0,0.0,1023.0,443.0,1336.0,539.0
0.0,6398.0,2355.0,1493.0,0.0,1929.0,1929.0,1045.0,448.0,1757.0,598.0
0.0,4043.0,1989.0,1518.0,0.0,4018.0,4018.0,1068.0,450.0,1467.0,522.0
0.0,2054.0,1097.0,1518.0,1929.0,3186.0,3186.0,1069.0,449.0,716.0,381.0
0.0,2886.0,653.0,1494.0,4018.0,0.0,0.0,1048.0,446.0,327.0,326.0
0.0,6251.0,1046.0,1471.0,3186.0,0.0,0.0,1027.0,444.0,634.0,412.0
0.0,8391.0,1910.0,1473.0,0.0,0.0,0.0,1027.0,446.0,1368.0,542.0
0.0,6481.0,2363.0,1499.0,0.0,1878.0,1878.0,1048.0,451.0,1769.0,594.0
0.0,4118.0,1977.0,1523.0,0.0,3951.0,3951.0,1070.0,453.0,1471.0,506.0
0.0,2141.0,1107.0,1524.0,1878.0,3184.0,3184.0,1072.0,452.0,749.0,358.0
0.0,2912.0,675.0,1500.0,3951.0,0.0,0.0,1051.0,449.0,344.0,331.0
0.0,6188.0,1113.0,1476.0,3184.0,0.0,0.0,1029.0,447.0,678.0,435.0
0.0,8259.0,1998.0,1479.0,0.0,0.0,0.0,1029.0,450.0,1415.0,583.0
0.0,6261.0,2449.0,1505.0,0.0,2208.0,2208.0,1051.0,454.0,1835.0,614.0
0.0,3812.0,2052.0,1529.0,0.0,4356.0,4356.0,1073.0,456.0,1539.0,513.0
0.0,1760.0,1157.0,1529.0,2208.0,3305.0,3305.0,1074.0,455.0,786.0,371.0
0.0,2811.0,655.0,1503.0,4356.0,0.0,0.0,1052.0,451.0,329.0,326.0
0.0,6512.0,1069.0,1478.0,3305.0,0.0,0.0,1029.0,449.0,652.0,417.0
0.0,8748.0,1979.0,1480.0,0.0,0.0,0.0,1029.0,451.0,1426.0,553.0
0.0,6769.0,2461.0,1507.0,0.0,1720.0,1720.0,1052.0,455.0,1858.0,603.0
0.0,4308.0,2064.0,1534.0,0.0,3892.0,3892.0,1076.0,458.0,1542.0,522.0
0.0,2244.0,1157.0,1534.0,1720.0,3329.0,3329.0,1077.0,457.0,774.0,383.0
0.0,2807.0,667.0,1508.0,3892.0,0.0,0.0,1055.0,453.0,339.0,328.0
0.0,6032.0,1081.0,1485.0,3329.0,0.0,0.0,1034.0,451.0,658.0,423.0
0.0,8280.0,1958.0,1485.0,0.0,0.0,0.0,1033.0,452.0,1402.0,556.0
0.0,6322.0,2412.0,1511.0,0.0,2134.0,2134.0,1055.0,456.0,1826.0,586.0
0.0,3910.0,2013.0,1538.0,0.0,4255.0,4255.0,1079.0,459.0,1526.0,487.0
0.0,1897.0,1169.0,1538.0,2134.0,3290.0,3290.0,1081.0,457.0,800.0,369.0
0.0,2862.0,698.0,1514.0,4255.0,0.0,0.0,1060.0,454.0,344.0,354.0
0.0,6419.0,1036.0,1489.0,3290.0,0.0,0.0,1037.0,452.0,599.0,437.0
0.0,8673.0,1822.0,1488.0,0.0,0.0,0.0,1035.0,453.0,1299.0,523.0
0.0,6851.0,2273.0,1512.0,0.0,1470.0,1470.0,1055.0,457.0,1728.0,545.0
0.0,4578.0,1964.0,1538.0,0.0,3538.0,3538.0,1078.0,460.0,1483.0,481.0
0.0,2614.0,1201.0,1541.0,1470.0,3281.0,3281.0,1081.0,460.0,810.0,391.0
0.0,2883.0,765.0,1518.0,3538.0,416.0,416.0,1062.0,456.0,399.0,366.0
0.0,5656.0,1056.0,1492.0,3281.0,0.0,0.0,1038.0,454.0,625.0,431.0
0.0,7881.0,1845.0,1489.0,416.0,0.0,0.0,1035.0,454.0,1325.0,520.0
0.0,6452.0,2343.0,1513.0,0.0,1943.0,1943.0,1056.0,457.0,1794.0,549.0
0.0,4109.0,2043.0,1541.0,0.0,4098.0,4098.0,1081.0,460.0,1562.0,481.0
0.0,2066.0,1193.0,1545.0,1943.0,3364.0,3364.0,1085.0,460.0,827.0,366.0
0.0,2816.0,671.0,1522.0,4098.0,0.0,0.0,1065.0,457.0,340.0,331.0
0.0,6243.0,965.0,1495.0,3364.0,0.0,0.0,1041.0,454.0,561.0,404.0
0.0,8642.0,1837.0,1492.0,0.0,0.0,0.0,1038.0,454.0,1311.0,526.0
0.0,6805.0,2359.0,1516.0,0.0,1618.0,1618.0,1059.0,457.0,1791.0,568.0
0.0,4446.0,2011.0,1545.0,0.0,3745.0,3745.0,1084.0,461.0,1523.0,488.0
0.0,2435.0,1180.0,1549.0,1618.0,3323.0,3323.0,1088.0,461.0,810.0,370.0
0.0,2873.0,718.0,1527.0,3745.0,208.0,208.0,1069.0,458.0,382.0,336.0
0.0,5900.0,1038.0,1502.0,3323.0,0.0,0.0,1047.0,455.0,617.0,421.0
0.0,8185.0,1794.0,1499.0,208.0,0.0,0.0,1044.0,455.0,1263.0,531.0
0.0,6599.0,2191.0,1521.0,0.0,1676.0,1676.0,1062.0,459.0,1633.0,558.0
0.0,4408.0,1899.0,1546.0,0.0,3675.0,3675.0,1084.0,462.0,1437.0,462.0
0.0,2509.0,1199.0,1550.0,1676.0,3214.0,3214.0,1089.0,461.0,846.0,353.0
0.0,2986.0,756.0,1528.0,3675.0,207.0,207.0,1071.0,457.0,409.0,347.0
0.0,5905.0,1073.0,1504.0,3214.0,0.0,0.0,1049.0,455.0,617.0,456.0
0.0,8046.0,1824.0,1500.0,207.0,0.0,0.0,1045.0,455.0,1261.0,563.0
0.0,6429.0,2252.0,1523.0,0.0,1915.0,1915.0,1064.0,459.0,1681.0,571.0
0.0,4177.0,1948.0,1548.0,0.0,3963.0,3963.0,1086.0,462.0,1461.0,487.0
0.0,2229.0,1242.0,1552.0,1915.0,3306.0,3306.0,1090.0,462.0,850.0,392.0
0.0,2902.0,837.0,1530.0,3963.0,92.0,92.0,1072.0,458.0,462.0,375.0
0.0,6028.0,1147.0,1508.0,3306.0,0.0,0.0,1052.0,456.0,696.0,451.0
0.0,8187.0,1885.0,1505.0,92.0,0.0,0.0,1049.0,456.0,1340.0,545.0
0.0,6394.0,2332.0,1529.0,0.0,2054.0,2054.0,1069.0,460.0,1765.0,567.0
0.0,4062.0,2038.0,1556.0,0.0,4200.0,4200.0,1092.0,464.0,1538.0,500.0
0.0,2024.0,1298.0,1559.0,2054.0,3456.0,3456.0,1096.0,463.0,894.0,404.0
0.0,2780.0,823.0,1536.0,4200.0,0.0,0.0,1077.0,459.0,448.0,375.0
0.0,6157.0,1105.0,1511.0,3456.0,0.0,0.0,1055.0,456.0,656.0,449.0
0.0,8508.0,1891.0,1508.0,0.0,0.0,0.0,1051.0,457.0,1348.0,543.0
0.0,6617.0,2411.0,1531.0,0.0,1918.0,1918.0,1071.0,460.0,1837.0,574.0
0.0,4206.0,2149.0,1560.0,0.0,4183.0,4183.0,1096.0,464.0,1633.0,516.0
0.0,2057.0,1370.0,1566.0,1918.0,3659.0,3659.0,1102.0,464.0,948.0,422.0
0.0,2605.0,816.0,1544.0,4183.0,204.0,204.0,1083.0,461.0,437.0,379.0
0.0,5972.0,1069.0,1517.0,3659.0,0.0,0.0,1059.0,458.0,632.0,437.0
0.0,8562.0,1854.0,1513.0,204.0,0.0,0.0,1055.0,458.0,1303.0,551.0
0.0,6912.0,2388.0,1536.0,0.0,1620.0,1620.0,1074.0,462.0,1798.0,590.0
0.0,4524.0,2141.0,1565.0,0.0,3877.0,3877.0,1099.0,466.0,1635.0,506.0
0.0,2383.0,1335.0,1570.0,1620.0,3612.0,3612.0,1105.0,465.0,941.0,394.0
0.0,2668.0,820.0,1548.0,3877.0,467.0,467.0,1087.0,461.0,453.0,367.0
0.0,5725.0,1091.0,1523.0,3612.0,0.0,0.0,1064.0,459.0,645.0,446.0
0.0,8246.0,1887.0,1520.0,467.0,0.0,0.0,1060.0,460.0,1327.0,560.0
0.0,6826.0,2360.0,1543.0,0.0,1706.0,1706.0,1079.0,464.0,1777.0,583.0
0.0,4466.0,2024.0,1569.0,0.0,3834.0,3834.0,1102.0,467.0,1524.0,500.0
0.0,2442.0,1219.0,1572.0,1706.0,3359.0,3359.0,1106.0,466.0,831.0,388.0
0.0,2929.0,763.0,1552.0,3834.0,208.0,208.0,1089.0,463.0,417.0,346.0
0.0,6000.0,1098.0,1529.0,3359.0,0.0,0.0,1069.0,460.0,677.0,421.0
0.0,8261.0,1915.0,1529.0,208.0,0.0,0.0,1067.0,462.0,1373.0,542.0
0.0,6554.0,2379.0,1551.0,0.0,2029.0,2029.0,1086.0,465.0,1796.0,583.0
0.0,4175.0,2011.0,1575.0,0.0,4136.0,4136.0,1107.0,468.0,1506.0,505.0
0.0,2164.0,1201.0,1578.0,2029.0,3320.0,3320.0,1111.0,467.0,825.0,376.0
0.0,2992.0,779.0,1557.0,4136.0,0.0,0.0,1094.0,463.0,444.0,335.0
0.0,6349.0,1121.0,1534.0,3320.0,0.0,0.0,1073.0,461.0,697.0,424.0
0.0,8548.0,1899.0,1531.0,0.0,0.0,0.0,1069.0,462.0,1360.0,539.0
0.0,6649.0,2331.0,1553.0,0.0,1894.0,1894.0,1087.0,466.0,1760.0,571.0
0.0,4318.0,1989.0,1578.0,0.0,3983.0,3983.0,1109.0,469.0,1502.0,487.0
0.0,2329.0,1203.0,1582.0,1894.0,3308.0,3308.0,1114.0,468.0,835.0,368.0
0.0,3020.0,731.0,1562.0,3983.0,0.0,0.0,1097.0,465.0,394.0,337.0
0.0,6272.0,1096.0,1537.0,3308.0,0.0,0.0,1075.0,462.0,675.0,421.0
0.0,8484.0,1890.0,1535.0,0.0,0.0,0.0,1072.0,463.0,1341.0,549.0
0.0,6594.0,2317.0,1556.0,0.0,1947.0,1947.0,1089.0,467.0,1726.0,591.0
0.0,4277.0,1973.0,1580.0,0.0,4016.0,4016.0,1110.0,470.0,1467.0,506.0
0.0,2304.0,1175.0,1583.0,1947.0,3256.0,3256.0,1114.0,469.0,811.0,364.0
0.0,3076.0,726.0,1563.0,4016.0,0.0,0.0,1097.0,466.0,396.0,330.0
0.0,6366.0,1072.0,1541.0,3256.0,0.0,0.0,1078.0,463.0,635.0,437.0
0.0,8550.0,1856.0,1540.0,0.0,0.0,0.0,1075.0,465.0,1289.0,567.0
0.0,6694.0,2300.0,1562.0,0.0,1854.0,1854.0,1092.0,470.0,1708.0,592.0
0.0,4394.0,1986.0,1586.0,0.0,3936.0,3936.0,1113.0,473.0,1492.0,494.0
0.0,2408.0,1197.0,1588.0,1854.0,3287.0,3287.0,1117.0,471.0,825.0,372.0
0.0,3065.0,752.0,1567.0,3936.0,19.0,19.0,1100.0,467.0,400.0,352.0
0.0,6249.0,1116.0,1546.0,3287.0,0.0,0.0,1081.0,465.0,671.0,445.0
0.0,8420.0,1918.0,1545.0,19.0,0.0,0.0,1079.0,466.0,1353.0,565.0
0.0,6521.0,2351.0,1566.0,0.0,2094.0,2094.0,1096.0,470.0,1749.0,602.0
0.0,4170.0,1996.0,1588.0,0.0,4178.0,4178.0,1115.0,473.0,1474.0,522.0
0.0,2174.0,1220.0,1590.0,2094.0,3312.0,3312.0,1118.0,472.0,823.0,397.0
0.0,3048.0,826.0,1570.0,4178.0,0.0,0.0,1101.0,469.0,448.0,378.0
0.0,6400.0,1220.0,1548.0,3312.0,0.0,0.0,1082.0,466.0,768.0,452.0
0.0,8492.0,1981.0,1547.0,0.0,0.0,0.0,1079.0,468.0,1410.0,571.0
0.0,6511.0,2417.0,1569.0,0.0,2182.0,2182.0,1097.0,472.0,1807.0,610.0
0.0,4094.0,2034.0,1592.0,0.0,4308.0,4308.0,1117.0,475.0,1503.0,531.0
0.0,2060.0,1258.0,1595.0,2182.0,3396.0,3396.0,1121.0,474.0,845.0,413.0
0.0,2984.0,836.0,1575.0,4308.0,0.0,0.0,1104.0,471.0,473.0,363.0
0.0,6456.0,1258.0,1552.0,3396.0,0.0,0.0,1084.0,468.0,801.0,457.0
0.0,8594.0,2074.0,1551.0,0.0,0.0,0.0,1081.0,470.0,1471.0,603.0
0.0,6520.0,2460.0,1572.0,0.0,2228.0,2228.0,1097.0,475.0,1802.0,658.0
0.0,4060.0,2030.0,1595.0,0.0,4350.0,4350.0,1117.0,478.0,1484.0,546.0
0.0,2030.0,1217.0,1598.0,2228.0,3351.0,3351.0,1121.0,477.0,825.0,392.0
0.0,3041.0,809.0,1578.0,4350.0,0.0,0.0,1105.0,473.0,459.0,350.0
0.0,6582.0,1225.0,1555.0,3351.0,0.0,0.0,1085.0,470.0,792.0,433.0
0.0,8708.0,2004.0,1552.0,0.0,0.0,0.0,1081.0,471.0,1430.0,574.0
0.0,6704.0,2446.0,1574.0,0.0,2038.0,2038.0,1098.0,476.0,1805.0,641.0
0.0,4258.0,2066.0,1598.0,0.0,4200.0,4200.0,1118.0,480.0,1502.0,564.0
0.0,2192.0,1269.0,1601.0,2038.0,3443.0,3443.0,1122.0,479.0,847.0,422.0
0.0,2961.0,810.0,1581.0,4200.0,0.0,0.0,1106.0,475.0,463.0,347.0
0.0,6351.0,1137.0,1557.0,3443.0,0.0,0.0,1085.0,472.0,727.0,410.0
0.0,8657.0,1937.0,1556.0,0.0,0.0,0.0,1083.0,473.0,1404.0,533.0
0.0,6720.0,2392.0,1578.0,0.0,1984.0,1984.0,1101.0,477.0,1785.0,607.0
0.0,4328.0,2030.0,1603.0,0.0,4114.0,4114.0,1122.0,481.0,1474.0,556.0
0.0,2298.0,1259.0,1606.0,1984.0,3401.0,3401.0,1124.0,482.0,805.0,454.0
0.0,3023.0,803.0,1584.0,4114.0,2.0,2.0,1106.0,478.0,424.0,379.0
0.0,6334.0,1142.0,1561.0,3401.0,0.0,0.0,1086.0,475.0,740.0,402.0
0.0,8593.0,1972.0,1560.0,2.0,0.0,0.0,1085.0,475.0,1465.0,507.0
0.0,6623.0,2440.0,1584.0,0.0,2153.0,2153.0,1105.0,479.0,1863.0,577.0
0.0,4183.0,2051.0,1608.0,0.0,4300.0,4300.0,1125.0,483.0,1518.0,533.0
0.0,2132.0,1206.0,1610.0,2153.0,3361.0,3361.0,1127.0,483.0,774.0,432.0
0.0,3079.0,729.0,1587.0,4300.0,0.0,0.0,1108.0,479.0,369.0,360.0
0.0,6650.0,1102.0,1564.0,3361.0,0.0,0.0,1088.0,476.0,702.0,400.0
0.0,8909.0,1973.0,1564.0,0.0,0.0,0.0,1087.0,477.0,1460.0,513.0
0.0,6936.0,2454.0,1588.0,0.0,1870.0,1870.0,1107.0,481.0,1868.0,586.0
0.0,4482.0,2043.0,1612.0,0.0,4009.0,4009.0,1128.0,484.0,1516.0,527.0
0.0,2439.0,1179.0,1614.0,1870.0,3326.0,3326.0,1130.0,484.0,759.0,420.0
0.0,3130.0,655.0,1590.0,4009.0,0.0,0.0,1110.0,480.0,310.0,345.0
0.0,6484.0,1086.0,1567.0,3326.0,0.0,0.0,1090.0,477.0,693.0,393.0
0.0,8724.0,1981.0,1566.0,0.0,0.0,0.0,1090.0,476.0,1487.0,494.0
0.0,6743.0,2439.0,1592.0,0.0,2064.0,2064.0,1111.0,481.0,1859.0,580.0
0.0,4304.0,2022.0,1616.0,0.0,4182.0,4182.0,1131.0,485.0,1465.0,557.0
0.0,2282.0,1112.0,1617.0,2064.0,3234.0,3234.0,1132.0,485.0,669.0,443.0
0.0,3234.0,601.0,1592.0,4182.0,0.0,0.0,1112.0,480.0,273.0,328.0
0.0,6815.0,1040.0,1568.0,3234.0,0.0,0.0,1092.0,476.0,675.0,365.0
0.0,9009.0,2013.0,1569.0,0.0,0.0,0.0,1093.0,476.0,1502.0,511.0
0.0,6996.0,2499.0,1594.0,0.0,1879.0,1879.0,1113.0,481.0,1877.0,622.0
0.0,4497.0,2051.0,1619.0,0.0,4030.0,4030.0,1133.0,486.0,1461.0,590.0
0.0,2446.0,1081.0,1619.0,1879.0,3232.0,3232.0,1133.0,486.0,642.0,439.0
0.0,3244.0,597.0,1593.0,4030.0,0.0,0.0,1112.0,481.0,277.0,320.0
0.0,6677.0,1118.0,1570.0,3232.0,0.0,0.0,1093.0,477.0,739.0,379.0
0.0,8791.0,2109.0,1571.0,0.0,0.0,0.0,1094.0,477.0,1552.0,557.0
0.0,6682.0,2631.0,1598.0,0.0,2341.0,2341.0,1116.0,482.0,1966.0,665.0
0.0,4051.0,2176.0,1625.0,0.0,4625.0,4625.0,1138.0,487.0,1577.0,599.0
0.0,1875.0,1174.0,1623.0,2341.0,3450.0,3450.0,1137.0,486.0,741.0,433.0
0.0,3042.0,654.0,1599.0,4625.0,0.0,0.0,1117.0,482.0,332.0,322.0
0.0,7013.0,1163.0,1574.0,3450.0,0.0,0.0,1096.0,478.0,742.0,421.0
0.0,9300.0,2185.0,1577.0,0.0,0.0,0.0,1098.0,479.0,1584.0,601.0
0.0,7115.0,2724.0,1605.0,0.0,2029.0,2029.0,1121.0,484.0,2042.0,682.0
0.0,4391.0,2201.0,1632.0,0.0,4338.0,4338.0,1143.0,489.0,1625.0,576.0
0.0,2190.0,1199.0,1631.0,2029.0,3504.0,3504.0,1143.0,488.0,793.0,406.0
0.0,3020.0,679.0,1603.0,4338.0,0.0,0.0,1121.0,482.0,347.0,332.0
0.0,6679.0,1166.0,1578.0,3504.0,0.0,0.0,1100.0,478.0,736.0,430.0
0.0,9017.0,2223.0,1582.0,0.0,0.0,0.0,1103.0,479.0,1610.0,613.0
0.0,6794.0,2749.0,1612.0,0.0,2403.0,2403.0,1127.0,485.0,2059.0,690.0
0.0,4045.0,2166.0,1637.0,0.0,4669.0,4669.0,1148.0,489.0,1592.0,574.0
0.0,1879.0,1111.0,1636.0,2403.0,3373.0,3373.0,1147.0,489.0,708.0,403.0
0.0,3171.0,611.0,1608.0,4669.0,0.0,0.0,1124.0,484.0,262.0,349.0
0.0,7229.0,1133.0,1584.0,3373.0,0.0,0.0,1103.0,481.0,690.0,443.0
0.0,9469.0,2168.0,1585.0,0.0,0.0,0.0,1104.0,481.0,1571.0,597.0
0.0,7301.0,2697.0,1613.0,0.0,1848.0,1848.0,1127.0,486.0,2042.0,655.0
0.0,4604.0,2150.0,1639.0,0.0,4102.0,4102.0,1149.0,490.0,1604.0,546.0
0.0,2454.0,1086.0,1637.0,1848.0,3332.0,3332.0,1148.0,489.0,692.0,394.0
0.0,3216.0,575.0,1612.0,4102.0,0.0,0.0,1126.0,486.0,226.0,349.0
0.0,6743.0,1150.0,1588.0,3332.0,0.0,0.0,1105.0,483.0,691.0,459.0
0.0,8925.0,2201.0,1591.0,0.0,0.0,0.0,1107.0,484.0,1595.0,606.0
0.0,6724.0,2670.0,1619.0,0.0,2422.0,2422.0,1131.0,488.0,2021.0,649.0
0.0,4054.0,2055.0,1642.0,0.0,4569.0,4569.0,1152.0,490.0,1532.0,523.0
0.0,1999.0,996.0,1639.0,2422.0,3131.0,3131.0,1150.0,489.0,642.0,354.0
0.0,3425.0,603.0,1613.0,4569.0,0.0,0.0,1127.0,486.0,268.0,335.0
0.0,7391.0,1257.0,1590.0,3131.0,0.0,0.0,1106.0,484.0,786.0,471.0
0.0,9265.0,2292.0,1595.0,0.0,0.0,0.0,1109.0,486.0,1680.0,612.0
0.0,6973.0,2654.0,1623.0,0.0,2173.0,2173.0,1134.0,489.0,2039.0,615.0
0.0,4319.0,1994.0,1647.0,0.0,4263.0,4263.0,1155.0,492.0,1504.0,490.0
0.0,2325.0,1005.0,1645.0,2173.0,3087.0,3087.0,1154.0,491.0,638.0,367.0
0.0,3493.0,616.0,1619.0,4263.0,0.0,0.0,1131.0,488.0,265.0,351.0
0.0,7140.0,1222.0,1595.0,3087.0,0.0,0.0,1110.0,485.0,772.0,450.0
0.0,9005.0,2194.0,1598.0,0.0,0.0,0.0,1112.0,486.0,1607.0,587.0
0.0,6811.0,2587.0,1626.0,0.0,2280.0,2280.0,1136.0,490.0,1984.0,603.0
0.0,4224.0,1984.0,1651.0,0.0,4364.0,4364.0,1158.0,493.0,1499.0,485.0
0.0,2240.0,960.0,1649.0,2280.0,3036.0,3036.0,1157.0,492.0,613.0,347.0
0.0,3560.0,587.0,1622.0,4364.0,0.0,0.0,1133.0,489.0,249.0,338.0
0.0,7337.0,1199.0,1598.0,3036.0,0.0,0.0,1111.0,487.0,730.0,469.0
0.0,9174.0,2176.0,1600.0,0.0,0.0,0.0,1113.0,487.0,1575.0,601.0
0.0,6998.0,2599.0,1630.0,0.0,2121.0,2121.0,1139.0,491.0,1988.0,611.0
0.0,4399.0,1969.0,1655.0,0.0,4190.0,4190.0,1162.0,493.0,1500.0,469.0
0.0,2430.0,933.0,1654.0,2121.0,2998.0,2998.0,1161.0,493.0,608.0,325.0
0.0,3618.0,537.0,1625.0,4190.0,0.0,0.0,1136.0,489.0,198.0,339.0
0.0,7271.0,1217.0,1601.0,2998.0,0.0,0.0,1114.0,487.0,723.0,494.0
0.0,9052.0,2250.0,1605.0,0.0,0.0,0.0,1117.0,488.0,1607.0,643.0
0.0,6802.0,2648.0,1634.0,0.0,2382.0,2382.0,1143.0,491.0,2025.0,623.0
0.0,4154.0,2018.0,1662.0,0.0,4512.0,4512.0,1168.0,494.0,1539.0,479.0
0.0,2136.0,979.0,1660.0,2382.0,3101.0,3101.0,1166.0,494.0,638.0,341.0
0.0,3539.0,591.0,1630.0,4512.0,0.0,0.0,1140.0,490.0,224.0,367.0
0.0,7460.0,1243.0,1603.0,3101.0,0.0,0.0,1116.0,487.0,730.0,513.0
0.0,9318.0,2323.0,1606.0,0.0,0.0,0.0,1118.0,488.0,1689.0,634.0
0.0,6995.0,2755.0,1637.0,0.0,2308.0,2308.0,1145.0,492.0,2129.0,626.0
0.0,4240.0,2093.0,1664.0,0.0,4509.0,4509.0,1169.0,495.0,1600.0,493.0
0.0,2147.0,1017.0,1662.0,2308.0,3210.0,3210.0,1168.0,494.0,645.0,372.0
0.0,3438.0,648.0,1632.0,4509.0,0.0,0.0,1142.0,490.0,249.0,399.0
0.0,7299.0,1331.0,1605.0,3210.0,0.0,0.0,1118.0,487.0,802.0,529.0
0.0,9178.0,2408.0,1609.0,0.0,0.0,0.0,1120.0,489.0,1746.0,662.0
0.0,6770.0,2811.0,1640.0,0.0,2601.0,2601.0,1147.0,493.0,2160.0,651.0
0.0,3959.0,2129.0,1668.0,0.0,4842.0,4842.0,1171.0,497.0,1625.0,504.0
0.0,1830.0,1008.0,1665.0,2601.0,3237.0,3237.0,1170.0,495.0,648.0,360.0
0.0,3423.0,553.0,1633.0,4842.0,0.0,0.0,1142.0,491.0,187.0,366.0
0.0,7712.0,1294.0,1605.0,3237.0,0.0,0.0,1117.0,488.0,757.0,537.0
0.0,9655.0,2510.0,1611.0,0.0,0.0,0.0,1121.0,490.0,1811.0,699.0
0.0,7145.0,2916.0,1646.0,0.0,2355.0,2355.0,1151.0,495.0,2235.0,681.0
0.0,4229.0,2133.0,1676.0,0.0,4608.0,4608.0,1177.0,499.0,1616.0,517.0
0.0,2096.0,961.0,1672.0,2355.0,3198.0,3198.0,1175.0,497.0,601.0,360.0
0.0,3490.0,571.0,1642.0,4608.0,0.0,0.0,1149.0,493.0,210.0,361.0
0.0,7527.0,1307.0,1615.0,3198.0,0.0,0.0,1125.0,490.0,789.0,518.0
0.0,9418.0,2474.0,1621.0,0.0,0.0,0.0,1128.0,493.0,1780.0,694.0
0.0,6944.0,2865.0,1655.0,0.0,2541.0,2541.0,1157.0,498.0,2179.0,686.0
0.0,4079.0,2052.0,1683.0,0.0,4705.0,4705.0,1182.0,501.0,1559.0,493.0
0.0,2027.0,819.0,1677.0,2541.0,2959.0,2959.0,1179.0,498.0,510.0,309.0
0.0,3749.0,441.0,1643.0,4705.0,0.0,0.0,1150.0,493.0,106.0,335.0
0.0,8013.0,1329.0,1617.0,2959.0,0.0,0.0,1126.0,491.0,776.0,553.0
0.0,9643.0,2572.0,1627.0,0.0,0.0,0.0,1132.0,495.0,1846.0,726.0
0.0,7071.0,2902.0,1664.0,0.0,2487.0,2487.0,1163.0,501.0,2232.0,670.0
0.0,4169.0,1979.0,1690.0,0.0,4570.0,4570.0,1187.0,503.0,1539.0,440.0
0.0,2190.0,717.0,1680.0,2487.0,2760.0,2760.0,1181.0,499.0,443.0,274.0
0.0,3960.0,371.0,1643.0,4570.0,0.0,0.0,1149.0,494.0,41.0,330.0
0.0,8159.0,1286.0,1617.0,2760.0,0.0,0.0,1125.0,492.0,761.0,525.0
0.0,9633.0,2541.0,1628.0,0.0,0.0,0.0,1132.0,496.0,1859.0,682.0
0.0,7092.0,2912.0,1664.0,0.0,2476.0,2476.0,1163.0,501.0,2268.0,644.0
0.0,4180.0,2003.0,1691.0,0.0,4587.0,4587.0,1188.0,503.0,1563.0,440.0
0.0,2177.0,735.0,1682.0,2476.0,2810.0,2810.0,1182.0,500.0,451.0,284.0
0.0,3918.0,410.0,1648.0,4587.0,0.0,0.0,1153.0,495.0,90.0,320.0
0.0,8095.0,1304.0,1623.0,2810.0,0.0,0.0,1130.0,493.0,795.0,509.0
0.0,9601.0,2531.0,1633.0,0.0,0.0,0.0,1136.0,497.0,1849.0,682.0
0.0,7070.0,2863.0,1670.0,0.0,2473.0,2473.0,1167.0,503.0,2203.0,660.0
0.0,4207.0,1914.0,1695.0,0.0,4487.0,4487.0,1190.0,505.0,1469.0,445.0
0.0,2293.0,700.0,1686.0,2473.0,2678.0,2678.0,1185.0,501.0,432.0,268.0
0.0,4066.0,430.0,1652.0,4487.0,0.0,0.0,1157.0,495.0,117.0,313.0
0.0,8123.0,1343.0,1628.0,2678.0,0.0,0.0,1134.0,494.0,808.0,535.0
0.0,9458.0,2531.0,1638.0,0.0,0.0,0.0,1140.0,498.0,1831.0,700.0
0.0,6927.0,2796.0,1675.0,0.0,2569.0,2569.0,1170.0,505.0,2146.0,650.0
0.0,4131.0,1880.0,1700.0,0.0,4549.0,4549.0,1194.0,506.0,1451.0,429.0
0.0,2251.0,680.0,1690.0,2569.0,2620.0,2620.0,1188.0,502.0,413.0,267.0
0.0,4140.0,433.0,1655.0,4549.0,0.0,0.0,1159.0,496.0,107.0,326.0
0.0,8256.0,1408.0,1631.0,2620.0,0.0,0.0,1137.0,494.0,865.0,543.0
0.0,9468.0,2612.0,1643.0,0.0,0.0,0.0,1144.0,499.0,1911.0,701.0
0.0,6856.0,2860.0,1679.0,0.0,2720.0,2720.0,1174.0,505.0,2194.0,666.0
0.0,3996.0,1925.0,1705.0,0.0,4749.0,4749.0,1198.0,507.0,1466.0,459.0
0.0,2071.0,774.0,1695.0,2720.0,2763.0,2763.0,1193.0,502.0,482.0,292.0
0.0,4017.0,541.0,1661.0,4749.0,0.0,0.0,1165.0,496.0,211.0,330.0
0.0,8225.0,1453.0,1636.0,2763.0,0.0,0.0,1141.0,495.0,923.0,530.0
0.0,9535.0,2594.0,1646.0,0.0,0.0,0.0,1147.0,499.0,1894.0,700.0
0.0,6941.0,2874.0,1682.0,0.0,2661.0,2661.0,1177.0,505.0,2189.0,685.0
0.0,4067.0,2057.0,1709.0,0.0,4826.0,4826.0,1202.0,507.0,1545.0,512.0
0.0,2010.0,885.0,1700.0,2661.0,3014.0,3014.0,1197.0,503.0,537.0,348.0
0.0,3786.0,595.0,1665.0,4826.0,0.0,0.0,1168.0,497.0,240.0,355.0
0.0,8017.0,1460.0,1639.0,3014.0,0.0,0.0,1144.0,495.0,933.0,527.0
0.0,9571.0,2643.0,1649.0,0.0,0.0,0.0,1150.0,499.0,1951.0,692.0
0.0,6928.0,2937.0,1686.0,0.0,2753.0,2753.0,1181.0,505.0,2249.0,688.0
0.0,3991.0,2017.0,1714.0,0.0,4882.0,4882.0,1206.0,508.0,1489.0,528.0
0.0,1974.0,879.0,1706.0,2753.0,2976.0,2976.0,1201.0,505.0,509.0,370.0
0.0,3848.0,580.0,1669.0,4882.0,0.0,0.0,1171.0,498.0,219.0,361.0
0.0,8150.0,1471.0,1641.0,2976.0,0.0,0.0,1146.0,495.0,946.0,525.0
0.0,9655.0,2649.0,1651.0,0.0,0.0,0.0,1152.0,499.0,1946.0,703.0
0.0,7006.0,2923.0,1689.0,0.0,2673.0,2673.0,1183.0,506.0,2213.0,710.0
0.0,4083.0,2011.0,1717.0,0.0,4796.0,4796.0,1208.0,509.0,1478.0,533.0
0.0,2072.0,823.0,1707.0,2673.0,2906.0,2906.0,1201.0,506.0,461.0,362.0
0.0,3922.0,541.0,1670.0,4796.0,0.0,0.0,1171.0,499.0,189.0,352.0
0.0,8177.0,1446.0,1643.0,2906.0,0.0,0.0,1147.0,496.0,933.0,513.0
0.0,9637.0,2648.0,1655.0,0.0,0.0,0.0,1155.0,500.0,1959.0,689.0
0.0,6989.0,2921.0,1695.0,0.0,2712.0,2712.0,1188.0,507.0,2226.0,695.0
0.0,4068.0,1989.0,1725.0,0.0,4821.0,4821.0,1214.0,511.0,1467.0,522.0
0.0,2079.0,801.0,1715.0,2712.0,2870.0,2870.0,1208.0,507.0,458.0,343.0
0.0,3990.0,489.0,1674.0,4821.0,0.0,0.0,1175.0,499.0,163.0,326.0
0.0,8322.0,1401.0,1646.0,2870.0,0.0,0.0,1150.0,496.0,902.0,499.0
0.0,9791.0,2628.0,1658.0,0.0,0.0,0.0,1157.0,501.0,1941.0,687.0
0.0,7163.0,2964.0,1701.0,0.0,2605.0,2605.0,1192.0,509.0,2251.0,713.0
0.0,4199.0,2042.0,1733.0,0.0,4775.0,4775.0,1220.0,513.0,1506.0,536.0
0.0,2157.0,783.0,1723.0,2605.0,2913.0,2913.0,1214.0,509.0,453.0,330.0
0.0,3979.0,439.0,1683.0,4775.0,0.0,0.0,1181.0,502.0,137.0,302.0
0.0,8315.0,1375.0,1654.0,2913.0,0.0,0.0,1155.0,499.0,901.0,474.0
0.0,9853.0,2612.0,1665.0,0.0,0.0,0.0,1162.0,503.0,1948.0,664.0
0.0,7241.0,2942.0,1708.0,0.0,2533.0,2533.0,1197.0,511.0,2254.0,688.0
0.0,4299.0,2020.0,1739.0,0.0,4677.0,4677.0,1224.0,515.0,1489.0,531.0
0.0,2279.0,760.0,1729.0,2533.0,2864.0,2864.0,1217.0,512.0,420.0,340.0
0.0,4052.0,397.0,1687.0,4677.0,0.0,0.0,1183.0,504.0,85.0,312.0
0.0,8332.0,1304.0,1658.0,2864.0,0.0,0.0,1157.0,501.0,838.0,466.0
0.0,9892.0,2567.0,1670.0,0.0,0.0,0.0,1165.0,505.0,1921.0,646.0
0.0,7325.0,2911.0,1713.0,0.0,2438.0,2438.0,1200.0,513.0,2223.0,688.0
0.0,4414.0,1975.0,1742.0,0.0,4529.0,4529.0,1225.0,517.0,1446.0,529.0
0.0,2439.0,704.0,1730.0,2438.0,2747.0,2747.0,1217.0,513.0,372.0,332.0
0.0,4173.0,364.0,1688.0,4529.0,0.0,0.0,1183.0,505.0,53.0,311.0
0.0,8338.0,1273.0,1659.0,2747.0,0.0,0.0,1157.0,502.0,814.0,459.0
0.0,9812.0,2587.0,1673.0,0.0,0.0,0.0,1167.0,506.0,1944.0,643.0
0.0,7225.0,2958.0,1716.0,0.0,2597.0,2597.0,1202.0,514.0,2273.0,685.0
0.0,4267.0,2016.0,1747.0,0.0,4737.0,4737.0,1229.0,518.0,1478.0,538.0
0.0,2251.0,716.0,1734.0,2597.0,2804.0,2804.0,1219.0,515.0,346.0,370.0
0.0,4132.0,387.0,1690.0,4737.0,0.0,0.0,1183.0,507.0,64.0,323.0
0.0,8482.0,1366.0,1662.0,2804.0,0.0,0.0,1159.0,503.0,917.0,449.0
0.0,9920.0,2678.0,1677.0,0.0,0.0,0.0,1170.0,507.0,2045.0,633.0
0.0,7242.0,3018.0,1719.0,0.0,2652.0,2652.0,1205.0,514.0,2324.0,694.0
0.0,4224.0,2046.0,1749.0,0.0,4818.0,4818.0,1230.0,519.0,1475.0,571.0
0.0,2178.0,752.0,1735.0,2652.0,2862.0,2862.0,1219.0,516.0,363.0,389.0
0.0,4078.0,429.0,1693.0,4818.0,0.0,0.0,1184.0,509.0,96.0,333.0
0.0,8467.0,1427.0,1666.0,2862.0,0.0,0.0,1161.0,505.0,976.0,451.0
0.0,9902.0,2774.0,1679.0,0.0,0.0,0.0,1172.0,507.0,2131.0,643.0
0.0,7128.0,3122.0,1722.0,0.0,2882.0,2882.0,1208.0,514.0,2416.0,706.0
0.0,4006.0,2154.0,1752.0,0.0,5156.0,5156.0,1234.0,518.0,1571.0,583.0
0.0,1852.0,808.0,1740.0,2882.0,3034.0,3034.0,1224.0,516.0,417.0,391.0
0.0,3926.0,466.0,1698.0,5156.0,0.0,0.0,1189.0,509.0,115.0,351.0
0.0,8616.0,1464.0,1669.0,3034.0,0.0,0.0,1164.0,505.0,975.0,489.0
0.0,10186.0,2768.0,1684.0,0.0,0.0,0.0,1176.0,508.0,2086.0,682.0
0.0,7418.0,3082.0,1726.0,0.0,2568.0,2568.0,1211.0,515.0,2360.0,722.0
0.0,4336.0,2087.0,1756.0,0.0,4775.0,4775.0,1236.0,520.0,1498.0,589.0
0.0,2249.0,840.0,1744.0,2568.0,2999.0,2999.0,1226.0,518.0,417.0,423.0
0.0,3977.0,529.0,1702.0,4775.0,0.0,0.0,1191.0,511.0,150.0,379.0
0.0,8223.0,1519.0,1675.0,2999.0,0.0,0.0,1168.0,507.0,1010.0,509.0
0.0,9703.0,2782.0,1690.0,0.0,0.0,0.0,1180.0,510.0,2111.0,671.0
0.0,6921.0,3018.0,1733.0,0.0,3029.0,3029.0,1216.0,517.0,2322.0,696.0
0.0,3903.0,1962.0,1760.0,0.0,5099.0,5099.0,1239.0,521.0,1400.0,562.0
0.0,1941.0,671.0,1745.0,3029.0,2681.0,2681.0,1227.0,518.0,281.0,390.0
0.0,4299.0,480.0,1703.0,5099.0,0.0,0.0,1191.0,512.0,122.0,358.0
0.0,8918.0,1561.0,1677.0,2681.0,0.0,0.0,1169.0,508.0,1054.0,507.0
0.0,10038.0,2782.0,1692.0,0.0,0.0,0.0,1181.0,511.0,2122.0,660.0
0.0,7256.0,2968.0,1734.0,0.0,2648.0,2648.0,1216.0,518.0,2279.0,689.0
0.0,4288.0,1971.0,1762.0,0.0,4731.0,4731.0,1240.0,522.0,1404.0,567.0
0.0,2317.0,769.0,1750.0,2648.0,2804.0,2804.0,1230.0,520.0,374.0,395.0
0.0,4196.0,538.0,1710.0,4731.0,0.0,0.0,1196.0,514.0,178.0,360.0
0.0,8389.0,1518.0,1683.0,2804.0,0.0,0.0,1173.0,510.0,1029.0,489.0
0.0,9675.0,2736.0,1696.0,0.0,0.0,0.0,1184.0,512.0,2082.0,654.0
0.0,6939.0,2928.0,1737.0,0.0,2937.0,2937.0,1218.0,519.0,2244.0,684.0
0.0,4011.0,1933.0,1766.0,0.0,4986.0,4986.0,1242.0,524.0,1372.0,561.0
0.0,2078.0,737.0,1753.0,2937.0,2734.0,2734.0,1231.0,522.0,336.0,401.0
0.0,4278.0,539.0,1713.0,4986.0,0.0,0.0,1197.0,516.0,187.0,352.0
0.0,8725.0,1521.0,1686.0,2734.0,0.0,0.0,1174.0,512.0,1055.0,466.0
0.0,9938.0,2674.0,1699.0,0.0,0.0,0.0,1185.0,514.0,2049.0,625.0
0.0,7264.0,2881.0,1739.0,0.0,2573.0,2573.0,1219.0,520.0,2202.0,679.0
0.0,4383.0,1911.0,1769.0,0.0,4604.0,4604.0,1244.0,525.0,1345.0,566.0
0.0,2472.0,717.0,1758.0,2573.0,2704.0,2704.0,1234.0,524.0,318.0,399.0
0.0,4328.0,491.0,1717.0,4604.0,0.0,0.0,1199.0,518.0,143.0,348.0
0.0,8441.0,1479.0,1690.0,2704.0,0.0,0.0,1176.0,514.0,1012.0,467.0
0.0,9666.0,2706.0,1704.0,0.0,0.0,0.0,1188.0,516.0,2085.0,621.0
0.0,6960.0,2912.0,1746.0,0.0,2936.0,2936.0,1224.0,522.0,2254.0,658.0
0.0,4048.0,1918.0,1776.0,0.0,4974.0,4974.0,1250.0,526.0,1370.0,548.0
0.0,2130.0,651.0,1764.0,2936.0,2641.0,2641.0,1239.0,525.0,251.0,400.0
0.0,4415.0,412.0,1722.0,4974.0,0.0,0.0,1202.0,520.0,44.0,368.0
0.0,8977.0,1445.0,1693.0,2641.0,0.0,0.0,1177.0,516.0,949.0,496.0
0.0,10173.0,2705.0,1707.0,0.0,0.0,0.0,1189.0,518.0,2084.0,621.0
0.0,7468.0,2970.0,1750.0,0.0,2502.0,2502.0,1227.0,523.0,2349.0,621.0
0.0,4498.0,1963.0,1781.0,0.0,4589.0,4589.0,1254.0,527.0,1449.0,514.0
0.0,2535.0,689.0,1767.0,2502.0,2720.0,2720.0,1241.0,526.0,276.0,413.0
0.0,4348.0,465.0,1724.0,4589.0,0.0,0.0,1203.0,521.0,60.0,405.0
0.0,8472.0,1499.0,1696.0,2720.0,0.0,0.0,1178.0,518.0,990.0,509.0
0.0,9693.0,2790.0,1710.0,0.0,0.0,0.0,1191.0,519.0,2167.0,623.0
0.0,6903.0,3039.0,1754.0,0.0,3152.0,3152.0,1230.0,524.0,2403.0,636.0
0.0,3864.0,2028.0,1785.0,0.0,5304.0,5304.0,1257.0,528.0,1495.0,533.0
0.0,1836.0,765.0,1772.0,3152.0,2865.0,2865.0,1245.0,527.0,341.0,424.0
0.0,4223.0,551.0,1729.0,5304.0,0.0,0.0,1206.0,523.0,125.0,426.0
0.0,8976.0,1599.0,1700.0,2865.0,0.0,0.0,1180.0,520.0,1064.0,535.0
0.0,10242.0,2882.0,1713.0,0.0,0.0,0.0,1193.0,520.0,2256.0,626.0
0.0,7360.0,3093.0,1758.0,0.0,2765.0,2765.0,1233.0,525.0,2464.0,629.0
0.0,4267.0,1994.0,1787.0,0.0,4875.0,4875.0,1259.0,528.0,1468.0,526.0
0.0,2273.0,715.0,1773.0,2765.0,2769.0,2769.0,1245.0,528.0,262.0,453.0
0.0,4323.0,525.0,1729.0,4875.0,0.0,0.0,1206.0,523.0,62.0,463.0
0.0,8673.0,1633.0,1702.0,2769.0,0.0,0.0,1182.0,520.0,1087.0,546.0
0.0,9809.0,2911.0,1718.0,0.0,0.0,0.0,1197.0,521.0,2291.0,620.0
0.0,6898.0,3119.0,1761.0,0.0,3265.0,3265.0,1237.0,524.0,2502.0,617.0
0.0,3779.0,2018.0,1790.0,0.0,5399.0,5399.0,1263.0,527.0,1483.0,535.0
0.0,1761.0,690.0,1775.0,3265.0,2764.0,2764.0,1248.0,527.0,220.0,470.0
0.0,4336.0,474.0,1730.0,5399.0,0.0,0.0,1207.0,523.0,0.0,474.0
0.0,9261.0,1561.0,1702.0,2764.0,0.0,0.0,1182.0,520.0,1014.0,547.0
0.0,10464.0,2895.0,1719.0,0.0,0.0,0.0,1198.0,521.0,2268.0,627.0
0.0,7569.0,3105.0,1767.0,0.0,2604.0,2604.0,1241.0,526.0,2478.0,627.0
0.0,4464.0,2039.0,1797.0,0.0,4763.0,4763.0,1267.0,530.0,1481.0,558.0
0.0,2425.0,720.0,1780.0,2604.0,2811.0,2811.0,1251.0,529.0,238.0,482.0
0.0,4309.0,474.0,1736.0,4763.0,0.0,0.0,1210.0,526.0,0.0,474.0
0.0,8598.0,1538.0,1708.0,2811.0,0.0,0.0,1186.0,522.0,1018.0,520.0
0.0,9871.0,2831.0,1725.0,0.0,0.0,0.0,1202.0,523.0,2245.0,586.0
0.0,7040.0,3075.0,1769.0,0.0,3111.0,3111.0,1242.0,527.0,2463.0,612.0
0.0,3965.0,2054.0,1799.0,0.0,5285.0,5285.0,1268.0,531.0,1492.0,562.0
0.0,1911.0,763.0,1784.0,3111.0,2877.0,2877.0,1253.0,531.0,277.0,486.0
0.0,4259.0,501.0,1741.0,5285.0,0.0,0.0,1214.0,527.0,38.0,463.0
0.0,9043.0,1523.0,1714.0,2877.0,0.0,0.0,1190.0,524.0,997.0,526.0
0.0,10397.0,2775.0,1730.0,0.0,0.0,0.0,1206.0,524.0,2186.0,589.0
0.0,7622.0,3050.0,1775.0,0.0,2528.0,2528.0,1247.0,528.0,2462.0,588.0
0.0,4572.0,2047.0,1804.0,0.0,4691.0,4691.0,1272.0,532.0,1512.0,535.0
0.0,2525.0,789.0,1790.0,2528.0,2896.0,2896.0,1258.0,532.0,324.0,465.0
0.0,4264.0,480.0,1747.0,4691.0,0.0,0.0,1219.0,528.0,30.0,450.0
0.0,8475.0,1478.0,1720.0,2896.0,0.0,0.0,1195.0,525.0,962.0,516.0
0.0,9893.0,2750.0,1737.0,0.0,0.0,0.0,1211.0,526.0,2155.0,595.0
0.0,7143.0,3022.0,1780.0,0.0,2999.0,2999.0,1251.0,529.0,2427.0,595.0
0.0,4121.0,2046.0,1811.0,0.0,5169.0,5169.0,1278.0,533.0,1512.0,534.0
0.0,2075.0,763.0,1797.0,2999.0,2877.0,2877.0,1264.0,533.0,311.0,452.0
0.0,4311.0,458.0,1754.0,5169.0,0.0,0.0,1225.0,529.0,25.0,433.0
0.0,9022.0,1402.0,1724.0,2877.0,0.0,0.0,1198.0,526.0,890.0,512.0
0.0,10497.0,2666.0,1739.0,0.0,0.0,0.0,1212.0,527.0,2059.0,607.0
0.0,7831.0,3033.0,1785.0,0.0,2342.0,2342.0,1253.0,532.0,2417.0,616.0
0.0,4798.0,2090.0,1817.0,0.0,4560.0,4560.0,1282.0,535.0,1560.0,530.0
0.0,2708.0,786.0,1804.0,2342.0,2952.0,2952.0,1271.0,533.0,358.0,428.0
0.0,4264.0,434.0,1761.0,4560.0,0.0,0.0,1231.0,530.0,4.0,430.0
0.0,8390.0,1377.0,1730.0,2952.0,0.0,0.0,1202.0,528.0,851.0,526.0
0.0,9965.0,2652.0,1744.0,0.0,0.0,0.0,1214.0,530.0,2038.0,614.0
0.0,7313.0,3015.0,1788.0,0.0,2854.0,2854.0,1254.0,534.0,2395.0,620.0
0.0,4298.0,2170.0,1820.0,0.0,5152.0,5152.0,1284.0,536.0,1626.0,544.0
0.0,2128.0,930.0,1810.0,2854.0,3188.0,3188.0,1275.0,535.0,473.0,457.0
0.0,4052.0,513.0,1766.0,5152.0,0.0,0.0,1234.0,532.0,79.0,434.0
0.0,8691.0,1366.0,1734.0,3188.0,0.0,0.0,1205.0,529.0,856.0,510.0
0.0,10513.0,2665.0,1747.0,0.0,0.0,0.0,1216.0,531.0,2062.0,603.0
0.0,7848.0,3094.0,1791.0,0.0,2410.0,2410.0,1256.0,535.0,2469.0,625.0
0.0,4754.0,2244.0,1823.0,0.0,4782.0,4782.0,1286.0,537.0,1687.0,557.0
0.0,2510.0,961.0,1811.0,2410.0,3285.0,3285.0,1275.0,536.0,485.0,476.0
0.0,3959.0,535.0,1766.0,4782.0,0.0,0.0,1233.0,533.0,70.0,465.0
0.0,8206.0,1456.0,1735.0,3285.0,0.0,0.0,1204.0,531.0,919.0,537.0
0.0,10035.0,2767.0,1750.0,0.0,0.0,0.0,1217.0,533.0,2146.0,621.0
0.0,7268.0,3163.0,1796.0,0.0,3079.0,3079.0,1260.0,536.0,2524.0,639.0
0.0,4105.0,2224.0,1829.0,0.0,5435.0,5435.0,1291.0,538.0,1667.0,557.0
0.0,1881.0,922.0,1816.0,3079.0,3226.0,3226.0,1279.0,537.0,458.0,464.0
0.0,4038.0,542.0,1770.0,5435.0,0.0,0.0,1237.0,533.0,93.0,449.0
0.0,8931.0,1473.0,1738.0,3226.0,0.0,0.0,1206.0,532.0,933.0,540.0
0.0,10684.0,2760.0,1753.0,0.0,0.0,0.0,1219.0,534.0,2129.0,631.0
0.0,7924.0,3111.0,1799.0,0.0,2383.0,2383.0,1262.0,537.0,2478.0,633.0
0.0,4813.0,2149.0,1831.0,0.0,4660.0,4660.0,1293.0,538.0,1619.0,530.0
0.0,2664.0,839.0,1817.0,2383.0,3060.0,3060.0,1281.0,536.0,388.0,451.0
0.0,4208.0,502.0,1771.0,4660.0,0.0,0.0,1238.0,533.0,34.0,468.0
0.0,8366.0,1531.0,1741.0,3060.0,0.0,0.0,1209.0,532.0,962.0,569.0
0.0,9895.0,2826.0,1757.0,0.0,0.0,0.0,1223.0,534.0,2172.0,654.0
0.0,7069.0,3119.0,1803.0,0.0,3262.0,3262.0,1266.0,537.0,2475.0,644.0
0.0,3950.0,2133.0,1835.0,0.0,5523.0,5523.0,1296.0,539.0,1578.0,555.0
0.0,1817.0,854.0,1822.0,3262.0,3063.0,3063.0,1284.0,538.0,386.0,468.0
0.0,4225.0,589.0,1778.0,5523.0,0.0,0.0,1243.0,535.0,129.0,460.0
0.0,9159.0,1540.0,1749.0,3063.0,0.0,0.0,1215.0,534.0,1005.0,535.0
0.0,10682.0,2754.0,1762.0,0.0,0.0,0.0,1227.0,535.0,2118.0,636.0
0.0,7928.0,3053.0,1806.0,0.0,2349.0,2349.0,1268.0,538.0,2401.0,652.0
0.0,4875.0,2114.0,1837.0,0.0,4587.0,4587.0,1297.0,540.0,1550.0,564.0
0.0,2761.0,916.0,1826.0,2349.0,3110.0,3110.0,1287.0,539.0,455.0,461.0
0.0,4194.0,617.0,1784.0,4587.0,0.0,0.0,1248.0,536.0,184.0,433.0
0.0,8164.0,1506.0,1755.0,3110.0,0.0,0.0,1220.0,535.0,983.0,523.0
0.0,9768.0,2691.0,1766.0,0.0,0.0,0.0,1230.0,536.0,2062.0,629.0
0.0,7077.0,2974.0,1809.0,0.0,3133.0,3133.0,1269.0,540.0,2345.0,629.0
0.0,4103.0,2083.0,1839.0,0.0,5336.0,5336.0,1298.0,541.0,1547.0,536.0
0.0,2020.0,892.0,1828.0,3133.0,3051.0,3051.0,1288.0,540.0,434.0,458.0
0.0,4261.0,573.0,1787.0,5336.0,0.0,0.0,1249.0,538.0,101.0,472.0
0.0,9024.0,1445.0,1756.0,3051.0,0.0,0.0,1219.0,537.0,883.0,562.0
0.0,10630.0,2653.0,1768.0,0.0,0.0,0.0,1229.0,539.0,2032.0,621.0
0.0,7977.0,2969.0,1810.0,0.0,2232.0,2232.0,1269.0,541.0,2380.0,589.0
0.0,5008.0,2054.0,1841.0,0.0,4410.0,4410.0,1298.0,543.0,1550.0,504.0
0.0,2954.0,837.0,1830.0,2232.0,2971.0,2971.0,1288.0,542.0,389.0,448.0
0.0,4349.0,524.0,1788.0,4410.0,0.0,0.0,1249.0,539.0,33.0,491.0
0.0,8235.0,1442.0,1759.0,2971.0,0.0,0.0,1220.0,539.0,867.0,575.0
0.0,9764.0,2663.0,1769.0,0.0,0.0,0.0,1229.0,540.0,2047.0,616.0
0.0,7101.0,2975.0,1811.0,0.0,3118.0,3118.0,1268.0,543.0,2402.0,573.0
0.0,4126.0,2079.0,1843.0,0.0,5325.0,5325.0,1299.0,544.0,1586.0,493.0
0.0,2047.0,878.0,1834.0,3118.0,3049.0,3049.0,1291.0,543.0,429.0,449.0
0.0,4287.0,583.0,1793.0,5325.0,0.0,0.0,1253.0,540.0,93.0,490.0
0.0,9029.0,1504.0,1764.0,3049.0,0.0,0.0,1225.0,539.0,938.0,566.0
0.0,10574.0,2774.0,1776.0,0.0,0.0,0.0,1235.0,541.0,2151.0,623.0
0.0,7800.0,3091.0,1817.0,0.0,2559.0,2559.0,1274.0,543.0,2501.0,590.0
0.0,4709.0,2133.0,1849.0,0.0,4820.0,4820.0,1304.0,545.0,1621.0,512.0
0.0,2576.0,880.0,1840.0,2559.0,3105.0,3105.0,1296.0,544.0,426.0,454.0
0.0,4255.0,584.0,1800.0,4820.0,0.0,0.0,1258.0,542.0,86.0,498.0
0.0,8491.0,1536.0,1770.0,3105.0,0.0,0.0,1229.0,541.0,952.0,584.0
0.0,10060.0,2784.0,1780.0,0.0,0.0,0.0,1238.0,542.0,2162.0,622.0
0.0,7276.0,3120.0,1821.0,0.0,3128.0,3128.0,1277.0,544.0,2537.0,583.0
0.0,4156.0,2231.0,1854.0,0.0,5491.0,5491.0,1309.0,545.0,1723.0,508.0
0.0,1925.0,1045.0,1846.0,3128.0,3376.0,3376.0,1302.0,544.0,548.0,497.0
0.0,4008.0,715.0,1807.0,5491.0,0.0,0.0,1264.0,543.0,179.0,536.0
0.0,8784.0,1575.0,1776.0,3376.0,0.0,0.0,1234.0,542.0,972.0,603.0
0.0,10585.0,2722.0,1785.0,0.0,0.0,0.0,1242.0,543.0,2102.0,620.0
0.0,7863.0,3042.0,1827.0,0.0,2487.0,2487.0,1281.0,546.0,2462.0,580.0
0.0,4821.0,2211.0,1859.0,0.0,4826.0,4826.0,1312.0,547.0,1691.0,520.0
0.0,2610.0,1061.0,1850.0,2487.0,3364.0,3364.0,1304.0,546.0,552.0,509.0
0.0,4036.0,772.0,1813.0,4826.0,0.0,0.0,1268.0,545.0,216.0,556.0
0.0,8090.0,1548.0,1782.0,3364.0,0.0,0.0,1238.0,544.0,957.0,591.0
0.0,9906.0,2628.0,1791.0,0.0,0.0,0.0,1246.0,545.0,2035.0,593.0
0.0,7278.0,2938.0,1832.0,0.0,2988.0,2988.0,1285.0,547.0,2386.0,552.0
0.0,4340.0,2221.0,1865.0,0.0,5341.0,5341.0,1317.0,548.0,1689.0,532.0
0.0,2119.0,1092.0,1857.0,2988.0,3413.0,3413.0,1309.0,548.0,560.0,532.0
0.0,4015.0,710.0,1816.0,5341.0,0.0,0.0,1270.0,546.0,150.0,560.0
0.0,8646.0,1493.0,1785.0,3413.0,0.0,0.0,1240.0,545.0,906.0,587.0
0.0,10566.0,2610.0,1794.0,0.0,0.0,0.0,1249.0,545.0,2032.0,578.0
0.0,7956.0,2992.0,1835.0,0.0,2376.0,2376.0,1288.0,547.0,2454.0,538.0
0.0,4964.0,2227.0,1866.0,0.0,4727.0,4727.0,1318.0,548.0,1696.0,531.0
0.0,2737.0,1092.0,1858.0,2376.0,3411.0,3411.0,1310.0,548.0,551.0,541.0
0.0,4021.0,718.0,1819.0,4727.0,0.0,0.0,1272.0,547.0,145.0,573.0
0.0,8030.0,1488.0,1789.0,3411.0,0.0,0.0,1243.0,546.0,892.0,596.0
0.0,9953.0,2593.0,1798.0,0.0,0.0,0.0,1252.0,546.0,2020.0,573.0
0.0,7360.0,2915.0,1836.0,0.0,2899.0,2899.0,1289.0,547.0,2385.0,530.0
0.0,4445.0,2188.0,1867.0,0.0,5211.0,5211.0,1318.0,549.0,1674.0,514.0
0.0,2257.0,1094.0,1859.0,2899.0,3374.0,3374.0,1310.0,549.0,567.0,527.0
0.0,4062.0,710.0,1820.0,5211.0,0.0,0.0,1273.0,547.0,160.0,550.0
0.0,8563.0,1434.0,1790.0,3374.0,0.0,0.0,1244.0,546.0,858.0,576.0
0.0,10503.0,2533.0,1799.0,0.0,0.0,0.0,1252.0,547.0,1962.0,571.0
0.0,7970.0,2960.0,1839.0,0.0,2346.0,2346.0,1290.0,549.0,2414.0,546.0
0.0,5010.0,2244.0,1871.0,0.0,4718.0,4718.0,1321.0,550.0,1707.0,537.0
0.0,2766.0,1081.0,1864.0,2346.0,3425.0,3425.0,1315.0,549.0,553.0,528.0
0.0,4031.0,686.0,1827.0,4718.0,0.0,0.0,1279.0,548.0,147.0,539.0
0.0,8063.0,1403.0,1796.0,3425.0,0.0,0.0,1249.0,547.0,850.0,553.0
0.0,10085.0,2526.0,1805.0,0.0,0.0,0.0,1257.0,548.0,1964.0,562.0
0.0,7559.0,2942.0,1845.0,0.0,2763.0,2763.0,1295.0,550.0,2374.0,568.0
0.0,4617.0,2223.0,1879.0,0.0,5122.0,5122.0,1327.0,552.0,1660.0,563.0
0.0,2394.0,1080.0,1871.0,2763.0,3407.0,3407.0,1320.0,551.0,530.0,550.0
0.0,4077.0,682.0,1834.0,5122.0,0.0,0.0,1284.0,550.0,148.0,534.0
0.0,8517.0,1422.0,1804.0,3407.0,0.0,0.0,1255.0,549.0,883.0,539.0
0.0,10502.0,2538.0,1812.0,0.0,0.0,0.0,1262.0,550.0,1976.0,562.0
0.0,7964.0,2931.0,1852.0,0.0,2375.0,2375.0,1299.0,553.0,2331.0,600.0
0.0,5033.0,2205.0,1884.0,0.0,4708.0,4708.0,1328.0,556.0,1602.0,603.0
0.0,2828.0,1088.0,1875.0,2375.0,3385.0,3385.0,1320.0,555.0,528.0,560.0
0.0,4115.0,680.0,1835.0,4708.0,0.0,0.0,1281.0,554.0,159.0,521.0
0.0,8143.0,1468.0,1804.0,3385.0,0.0,0.0,1252.0,552.0,948.0,520.0
0.0,10060.0,2658.0,1814.0,0.0,0.0,0.0,1261.0,553.0,2095.0,563.0
0.0,7402.0,3058.0,1856.0,0.0,3080.0,3080.0,1300.0,556.0,2465.0,593.0
0.0,4344.0,2247.0,1888.0,0.0,5455.0,5455.0,1330.0,558.0,1661.0,586.0
0.0,2097.0,1062.0,1879.0,3080.0,3401.0,3401.0,1322.0,557.0,518.0,544.0
0.0,4115.0,706.0,1839.0,5455.0,0.0,0.0,1284.0,555.0,187.0,519.0
0.0,8864.0,1553.0,1809.0,3401.0,0.0,0.0,1255.0,554.0,1014.0,539.0
0.0,10712.0,2748.0,1818.0,0.0,0.0,0.0,1263.0,555.0,2170.0,578.0
0.0,7964.0,3085.0,1857.0,0.0,2549.0,2549.0,1300.0,557.0,2478.0,607.0
0.0,4879.0,2279.0,1888.0,0.0,4952.0,4952.0,1329.0,559.0,1678.0,601.0
0.0,2600.0,1113.0,1879.0,2549.0,3480.0,3480.0,1321.0,558.0,566.0,547.0
0.0,4036.0,763.0,1842.0,4952.0,0.0,0.0,1286.0,556.0,244.0,519.0
0.0,8225.0,1580.0,1813.0,3480.0,0.0,0.0,1258.0,555.0,1045.0,535.0
0.0,10125.0,2754.0,1824.0,0.0,0.0,0.0,1268.0,556.0,2173.0,581.0
0.0,7371.0,3124.0,1863.0,0.0,3205.0,3205.0,1305.0,558.0,2498.0,626.0
0.0,4247.0,2276.0,1892.0,0.0,5597.0,5597.0,1333.0,559.0,1661.0,615.0
0.0,1971.0,1047.0,1883.0,3205.0,3403.0,3403.0,1324.0,559.0,490.0,557.0
0.0,4129.0,659.0,1845.0,5597.0,0.0,0.0,1288.0,557.0,155.0,504.0
0.0,9067.0,1517.0,1817.0,3403.0,0.0,0.0,1261.0,556.0,1011.0,506.0
0.0,10953.0,2715.0,1827.0,0.0,0.0,0.0,1270.0,557.0,2158.0,557.0
0.0,8238.0,3064.0,1865.0,0.0,2286.0,2286.0,1307.0,558.0,2453.0,611.0
0.0,5174.0,2249.0,1894.0,0.0,4651.0,4651.0,1335.0,559.0,1625.0,624.0
0.0,2925.0,1074.0,1886.0,2286.0,3407.0,3407.0,1327.0,559.0,496.0,578.0
0.0,4137.0,717.0,1850.0,4651.0,0.0,0.0,1292.0,558.0,199.0,518.0
0.0,8071.0,1511.0,1821.0,3407.0,0.0,0.0,1264.0,557.0,999.0,512.0
0.0,9967.0,2662.0,1830.0,0.0,15.0,15.0,1272.0,558.0,2118.0,544.0
0.0,7305.0,3052.0,1868.0,0.0,3219.0,3219.0,1309.0,559.0,2452.0,600.0
0.0,4253.0,2244.0,1896.0,15.0,5560.0,5560.0,1337.0,559.0,1640.0,604.0
0.0,2024.0,1051.0,1889.0,3219.0,3364.0,3364.0,1330.0,559.0,498.0,553.0
0.0,4192.0,658.0,1851.0,5560.0,0.0,0.0,1294.0,557.0,166.0,492.0
0.0,9094.0,1519.0,1825.0,3364.0,0.0,0.0,1268.0,557.0,1016.0,503.0
0.0,10939.0,2743.0,1835.0,0.0,0.0,0.0,1278.0,557.0,2180.0,563.0
0.0,8196.0,3058.0,1873.0,0.0,2354.0,2354.0,1314.0,559.0,2449.0,609.0
0.0,5138.0,2143.0,1900.0,0.0,4605.0,4605.0,1340.0,560.0,1552.0,591.0
0.0,2995.0,957.0,1891.0,2354.0,3172.0,3172.0,1332.0,559.0,429.0,528.0
0.0,4392.0,667.0,1855.0,4605.0,0.0,0.0,1298.0,557.0,178.0,489.0
0.0,8330.0,1580.0,1829.0,3172.0,0.0,0.0,1272.0,557.0,1060.0,520.0
0.0,9922.0,2775.0,1839.0,0.0,209.0,209.0,1281.0,558.0,2187.0,588.0
0.0,7147.0,3058.0,1877.0,0.0,3419.0,3419.0,1317.0,560.0,2440.0,618.0
0.0,4089.0,2100.0,1904.0,209.0,5418.0,5418.0,1344.0,560.0,1514.0,586.0
0.0,2198.0,883.0,1894.0,3419.0,2842.0,2842.0,1334.0,560.0,350.0,533.0
0.0,4734.0,644.0,1858.0,5418.0,0.0,0.0,1299.0,559.0,127.0,517.0
0.0,9508.0,1608.0,1832.0,2842.0,0.0,0.0,1273.0,559.0,1059.0,549.0
0.0,10742.0,2770.0,1843.0,0.0,0.0,0.0,1284.0,559.0,2189.0,581.0
0.0,7972.0,2993.0,1880.0,0.0,2541.0,2541.0,1320.0,560.0,2402.0,591.0
0.0,4979.0,2044.0,1906.0,0.0,4689.0,4689.0,1345.0,561.0,1480.0,564.0
0.0,2935.0,867.0,1895.0,2541.0,2971.0,2971.0,1335.0,560.0,355.0,512.0
0.0,4609.0,680.0,1859.0,4689.0,0.0,0.0,1300.0,559.0,176.0,504.0
0.0,8618.0,1662.0,1835.0,2971.0,0.0,0.0,1277.0,558.0,1105.0,557.0
0.0,9927.0,2825.0,1847.0,0.0,286.0,286.0,1289.0,558.0,2221.0,604.0
0.0,7102.0,2998.0,1883.0,0.0,3428.0,3428.0,1324.0,559.0,2381.0,617.0
0.0,4104.0,2037.0,1909.0,286.0,5283.0,5283.0,1349.0,560.0,1455.0,582.0
0.0,2353.0,947.0,1899.0,3428.0,2762.0,2762.0,1339.0,560.0,421.0,526.0
0.0,4834.0,780.0,1864.0,5283.0,0.0,0.0,1304.0,560.0,262.0,518.0
0.0,9337.0,1765.0,1839.0,2762.0,0.0,0.0,1280.0,559.0,1204.0,561.0
0.0,10334.0,2900.0,1852.0,0.0,0.0,0.0,1292.0,560.0,2284.0,616.0
0.0,7434.0,3039.0,1890.0,0.0,3165.0,3165.0,1328.0,562.0,2394.0,645.0
0.0,4395.0,2101.0,1916.0,0.0,5370.0,5370.0,1353.0,563.0,1500.0,601.0
0.0,2294.0,1047.0,1906.0,3165.0,3212.0,3212.0,1343.0,563.0,499.0,548.0
0.0,4412.0,885.0,1870.0,5370.0,0.0,0.0,1308.0,562.0,360.0,525.0
0.0,8897.0,1831.0,1847.0,3212.0,0.0,0.0,1285.0,562.0,1258.0,573.0
0.0,10278.0,2892.0,1858.0,0.0,46.0,46.0,1296.0,562.0,2261.0,631.0
0.0,7386.0,3017.0,1895.0,0.0,3211.0,3211.0,1331.0,564.0,2385.0,632.0
0.0,4369.0,2083.0,1920.0,46.0,5348.0,5348.0,1355.0,565.0,1499.0,584.0
0.0,2332.0,1027.0,1909.0,3211.0,3120.0,3120.0,1344.0,565.0,487.0,540.0
0.0,4516.0,901.0,1874.0,5348.0,0.0,0.0,1310.0,564.0,366.0,535.0
0.0,8963.0,1826.0,1849.0,3120.0,0.0,0.0,1286.0,563.0,1253.0,573.0
0.0,10257.0,2841.0,1860.0,0.0,24.0,24.0,1297.0,563.0,2240.0,601.0
0.0,7416.0,2957.0,1897.0,0.0,3129.0,3129.0,1333.0,564.0,2357.0,600.0
0.0,4459.0,2050.0,1923.0,24.0,5259.0,5259.0,1358.0,565.0,1462.0,588.0
0.0,2433.0,1038.0,1914.0,3129.0,3132.0,3132.0,1347.0,567.0,459.0,579.0
0.0,4524.0,911.0,1879.0,5259.0,0.0,0.0,1312.0,567.0,337.0,574.0
0.0,8872.0,1789.0,1855.0,3132.0,0.0,0.0,1289.0,566.0,1227.0,562.0
0.0,10215.0,2831.0,1866.0,0.0,80.0,80.0,1301.0,565.0,2255.0,576.0
0.0,7384.0,2950.0,1903.0,0.0,3178.0,3178.0,1337.0,566.0,2359.0,591.0
0.0,4434.0,2014.0,1927.0,80.0,5208.0,5208.0,1360.0,567.0,1411.0,603.0
0.0,2500.0,1015.0,1918.0,3178.0,3009.0,3009.0,1349.0,569.0,424.0,591.0
0.0,4663.0,929.0,1884.0,5208.0,0.0,0.0,1315.0,569.0,354.0,575.0
0.0,8942.0,1800.0,1860.0,3009.0,0.0,0.0,1292.0,568.0,1255.0,545.0
0.0,10151.0,2762.0,1870.0,0.0,91.0,91.0,1303.0,567.0,2234.0,528.0
0.0,7389.0,2853.0,1905.0,0.0,3084.0,3084.0,1338.0,567.0,2305.0,548.0
0.0,4536.0,2020.0,1931.0,91.0,5117.0,5117.0,1362.0,569.0,1429.0,591.0
0.0,2607.0,1077.0,1922.0,3084.0,3074.0,3074.0,1352.0,570.0,476.0,601.0
0.0,4614.0,972.0,1889.0,5117.0,0.0,0.0,1318.0,571.0,399.0,573.0
0.0,8759.0,1794.0,1864.0,3074.0,0.0,0.0,1295.0,569.0,1268.0,526.0
0.0,10039.0,2686.0,1875.0,0.0,147.0,147.0,1307.0,568.0,2172.0,514.0
0.0,7353.0,2753.0,1909.0,0.0,3036.0,3036.0,1341.0,568.0,2212.0,541.0
0.0,4600.0,1978.0,1934.0,147.0,4967.0,4967.0,1364.0,570.0,1378.0,600.0
0.0,2769.0,1078.0,1925.0,3036.0,2973.0,2973.0,1353.0,572.0,445.0,633.0
0.0,4727.0,980.0,1890.0,4967.0,0.0,0.0,1318.0,572.0,386.0,594.0
0.0,8714.0,1753.0,1865.0,2973.0,0.0,0.0,1295.0,570.0,1242.0,511.0
0.0,9934.0,2651.0,1876.0,0.0,221.0,221.0,1308.0,568.0,2181.0,470.0
0.0,7283.0,2765.0,1912.0,0.0,3130.0,3130.0,1344.0,568.0,2247.0,518.0
0.0,4518.0,1993.0,1937.0,221.0,5002.0,5002.0,1368.0,569.0,1389.0,604.0
0.0,2746.0,1108.0,1928.0,3130.0,2944.0,2944.0,1357.0,571.0,453.0,655.0
0.0,4768.0,994.0,1894.0,5002.0,0.0,0.0,1322.0,572.0,369.0,625.0
0.0,8776.0,1747.0,1870.0,2944.0,0.0,0.0,1299.0,571.0,1198.0,549.0
0.0,9973.0,2643.0,1881.0,0.0,194.0,194.0,1311.0,570.0,2145.0,498.0
0.0,7330.0,2814.0,1919.0,0.0,3160.0,3160.0,1349.0,570.0,2297.0,517.0
0.0,4516.0,2023.0,1945.0,194.0,5093.0,5093.0,1373.0,572.0,1427.0,596.0
0.0,2687.0,1075.0,1934.0,3160.0,2964.0,2964.0,1360.0,574.0,423.0,652.0
0.0,4772.0,996.0,1899.0,5093.0,0.0,0.0,1324.0,575.0,348.0,648.0
0.0,8869.0,1843.0,1876.0,2964.0,0.0,0.0,1302.0,574.0,1263.0,580.0
0.0,9990.0,2772.0,1890.0,0.0,342.0,342.0,1317.0,573.0,2247.0,525.0
0.0,7218.0,2877.0,1927.0,0.0,3367.0,3367.0,1354.0,573.0,2338.0,539.0
0.0,4341.0,2049.0,1952.0,342.0,5174.0,5174.0,1377.0,575.0,1451.0,598.0
0.0,2634.0,1118.0,1940.0,3367.0,2877.0,2877.0,1363.0,577.0,458.0,660.0
0.0,4883.0,1002.0,1903.0,5174.0,0.0,0.0,1326.0,577.0,364.0,638.0
0.0,9055.0,1875.0,1881.0,2877.0,0.0,0.0,1305.0,576.0,1304.0,571.0
0.0,10057.0,2848.0,1895.0,0.0,371.0,371.0,1321.0,574.0,2328.0,520.0
0.0,7209.0,2976.0,1932.0,0.0,3495.0,3495.0,1358.0,574.0,2432.0,544.0
0.0,4233.0,2135.0,1956.0,371.0,5355.0,5355.0,1380.0,576.0,1511.0,624.0
0.0,2469.0,1126.0,1943.0,3495.0,2934.0,2934.0,1365.0,578.0,464.0,662.0
0.0,4838.0,1024.0,1907.0,5355.0,0.0,0.0,1329.0,578.0,384.0,640.0
0.0,9169.0,1879.0,1885.0,2934.0,0.0,0.0,1308.0,577.0,1301.0,578.0
0.0,10224.0,2835.0,1900.0,0.0,211.0,211.0,1324.0,576.0,2308.0,527.0
0.0,7389.0,2941.0,1936.0,0.0,3296.0,3296.0,1360.0,576.0,2394.0,547.0
0.0,4448.0,2067.0,1958.0,211.0,5240.0,5240.0,1381.0,577.0,1450.0,617.0
0.0,2592.0,1141.0,1945.0,3296.0,3033.0,3033.0,1366.0,579.0,459.0,682.0
0.0,4747.0,1042.0,1911.0,5240.0,0.0,0.0,1330.0,581.0,380.0,662.0
0.0,8945.0,1877.0,1890.0,3033.0,0.0,0.0,1310.0,580.0,1298.0,579.0
0.0,10101.0,2821.0,1905.0,0.0,340.0,340.0,1326.0,579.0,2311.0,510.0
0.0,7280.0,2938.0,1941.0,0.0,3422.0,3422.0,1363.0,578.0,2406.0,532.0
0.0,4342.0,2051.0,1963.0,340.0,5221.0,5221.0,1385.0,578.0,1456.0,595.0
0.0,2631.0,1031.0,1949.0,3422.0,2774.0,2774.0,1369.0,580.0,387.0,644.0
0.0,5022.0,931.0,1912.0,5221.0,0.0,0.0,1331.0,581.0,293.0,638.0
0.0,9312.0,1816.0,1891.0,2774.0,0.0,0.0,1310.0,581.0,1243.0,573.0
0.0,10270.0,2801.0,1906.0,0.0,155.0,155.0,1327.0,579.0,2294.0,507.0
0.0,7469.0,2933.0,1943.0,0.0,3236.0,3236.0,1365.0,578.0,2403.0,530.0
0.0,4536.0,2073.0,1964.0,155.0,5238.0,5238.0,1386.0,578.0,1470.0,603.0
0.0,2618.0,1080.0,1950.0,3236.0,3026.0,3026.0,1370.0,580.0,423.0,657.0
0.0,4774.0,936.0,1915.0,5238.0,0.0,0.0,1333.0,582.0,310.0,626.0
0.0,9076.0,1836.0,1895.0,3026.0,0.0,0.0,1313.0,582.0,1284.0,552.0
0.0,10266.0,2836.0,1911.0,0.0,214.0,214.0,1331.0,580.0,2346.0,490.0
0.0,7430.0,2962.0,1947.0,0.0,3320.0,3320.0,1369.0,578.0,2454.0,508.0
0.0,4468.0,2075.0,1969.0,214.0,5269.0,5269.0,1390.0,579.0,1483.0,592.0
0.0,2607.0,1062.0,1955.0,3320.0,2955.0,2955.0,1373.0,582.0,393.0,669.0
0.0,4865.0,916.0,1921.0,5269.0,0.0,0.0,1336.0,585.0,251.0,665.0
0.0,9218.0,1759.0,1902.0,2955.0,0.0,0.0,1317.0,585.0,1193.0,566.0
0.0,10414.0,2771.0,1917.0,0.0,25.0,25.0,1334.0,583.0,2294.0,477.0
0.0,7643.0,2918.0,1952.0,0.0,3083.0,3083.0,1373.0,579.0,2450.0,468.0
0.0,4725.0,2046.0,1973.0,25.0,5188.0,5188.0,1394.0,579.0,1487.0,559.0
0.0,2704.0,1050.0,1959.0,3083.0,3099.0,3099.0,1377.0,582.0,386.0,664.0
0.0,4737.0,948.0,1927.0,5188.0,0.0,0.0,1341.0,586.0,261.0,687.0
0.0,8977.0,1801.0,1908.0,3099.0,0.0,0.0,1321.0,587.0,1213.0,588.0
0.0,10275.0,2753.0,1923.0,0.0,170.0,170.0,1338.0,585.0,2281.0,472.0
0.0,7522.0,2849.0,1956.0,0.0,3151.0,3151.0,1375.0,581.0,2382.0,467.0
0.0,4673.0,1991.0,1975.0,170.0,5048.0,5048.0,1395.0,580.0,1412.0,579.0
0.0,2852.0,1096.0,1963.0,3151.0,2945.0,2945.0,1380.0,583.0,398.0,698.0
0.0,4907.0,983.0,1931.0,5048.0,0.0,0.0,1344.0,587.0,285.0,698.0
0.0,8972.0,1795.0,1911.0,2945.0,0.0,0.0,1323.0,588.0,1211.0,584.0
0.0,10122.0,2709.0,1925.0,0.0,287.0,287.0,1339.0,586.0,2253.0,456.0
0.0,7413.0,2839.0,1958.0,0.0,3258.0,3258.0,1376.0,582.0,2377.0,462.0
0.0,4574.0,2077.0,1979.0,287.0,5132.0,5132.0,1398.0,581.0,1483.0,594.0
0.0,2784.0,1194.0,1967.0,3258.0,3020.0,3020.0,1383.0,584.0,473.0,721.0
0.0,4848.0,1074.0,1934.0,5132.0,0.0,0.0,1347.0,587.0,349.0,725.0
0.0,8906.0,1863.0,1914.0,3020.0,0.0,0.0,1326.0,588.0,1268.0,595.0
0.0,10063.0,2751.0,1928.0,0.0,400.0,400.0,1342.0,586.0,2278.0,473.0
0.0,7312.0,2890.0,1962.0,0.0,3426.0,3426.0,1379.0,583.0,2403.0,487.0
0.0,4422.0,2164.0,1984.0,400.0,5278.0,5278.0,1402.0,582.0,1552.0,612.0
0.0,2658.0,1266.0,1972.0,3426.0,3070.0,3070.0,1387.0,585.0,539.0,727.0
0.0,4818.0,1108.0,1939.0,5278.0,0.0,0.0,1350.0,589.0,393.0,715.0
0.0,8988.0,1874.0,1918.0,3070.0,0.0,0.0,1328.0,590.0,1298.0,576.0
0.0,10184.0,2775.0,1931.0,0.0,315.0,315.0,1344.0,587.0,2309.0,466.0
0.0,7409.0,2934.0,1965.0,0.0,3385.0,3385.0,1382.0,583.0,2433.0,501.0
0.0,4475.0,2195.0,1988.0,315.0,5357.0,5357.0,1404.0,584.0,1542.0,653.0
0.0,2595.0,1281.0,1976.0,3385.0,3205.0,3205.0,1389.0,587.0,521.0,760.0
0.0,4699.0,1143.0,1943.0,5357.0,0.0,0.0,1352.0,591.0,415.0,728.0
0.0,8913.0,1876.0,1923.0,3205.0,0.0,0.0,1331.0,592.0,1300.0,576.0
0.0,10242.0,2808.0,1938.0,0.0,318.0,318.0,1349.0,589.0,2340.0,468.0
0.0,7434.0,2958.0,1972.0,0.0,3412.0,3412.0,1387.0,585.0,2459.0,499.0
0.0,4476.0,2162.0,1994.0,318.0,5344.0,5344.0,1409.0,585.0,1531.0,631.0
0.0,2632.0,1206.0,1980.0,3412.0,3082.0,3082.0,1393.0,587.0,481.0,725.0
0.0,4838.0,1064.0,1947.0,5344.0,0.0,0.0,1356.0,591.0,360.0,704.0
0.0,9118.0,1858.0,1926.0,3082.0,0.0,0.0,1334.0,592.0,1271.0,587.0
0.0,10342.0,2794.0,1940.0,0.0,212.0,212.0,1350.0,590.0,2303.0,491.0
0.0,7548.0,2922.0,1977.0,0.0,3282.0,3282.0,1389.0,588.0,2418.0,504.0
0.0,4626.0,2112.0,1999.0,212.0,5270.0,5270.0,1412.0,587.0,1492.0,620.0
0.0,2726.0,1183.0,1988.0,3282.0,3127.0,3127.0,1398.0,590.0,479.0,704.0
0.0,4825.0,1024.0,1953.0,5270.0,0.0,0.0,1360.0,593.0,337.0,687.0
0.0,9071.0,1815.0,1932.0,3127.0,0.0,0.0,1338.0,594.0,1230.0,585.0
0.0,10383.0,2763.0,1945.0,0.0,160.0,160.0,1353.0,592.0,2284.0,479.0
0.0,7620.0,2925.0,1980.0,0.0,3225.0,3225.0,1392.0,588.0,2443.0,482.0
0.0,4695.0,2130.0,2004.0,160.0,5291.0,5291.0,1416.0,588.0,1540.0,590.0
0.0,2725.0,1171.0,1990.0,3225.0,3181.0,3181.0,1400.0,590.0,486.0,685.0
0.0,4779.0,1009.0,1956.0,5291.0,0.0,0.0,1362.0,594.0,326.0,683.0
0.0,9061.0,1766.0,1932.0,3181.0,0.0,0.0,1337.0,595.0,1188.0,578.0
0.0,10476.0,2755.0,1945.0,0.0,59.0,59.0,1352.0,593.0,2270.0,485.0
0.0,7721.0,2961.0,1982.0,0.0,3168.0,3168.0,1392.0,590.0,2469.0,492.0
0.0,4760.0,2159.0,2006.0,59.0,5364.0,5364.0,1418.0,588.0,1571.0,588.0
0.0,2660.0,1182.0,1995.0,3168.0,3334.0,3334.0,1405.0,590.0,513.0,669.0
0.0,4646.0,987.0,1961.0,5364.0,0.0,0.0,1367.0,594.0,336.0,651.0
0.0,9023.0,1741.0,1939.0,3334.0,0.0,0.0,1343.0,596.0,1183.0,558.0
0.0,10616.0,2722.0,1951.0,0.0,0.0,0.0,1357.0,594.0,2237.0,485.0
0.0,7894.0,2935.0,1987.0,0.0,2989.0,2989.0,1396.0,591.0,2433.0,502.0
0.0,4959.0,2152.0,2011.0,0.0,5237.0,5237.0,1422.0,589.0,1572.0,580.0
0.0,2807.0,1148.0,1998.0,2989.0,3344.0,3344.0,1408.0,590.0,486.0,662.0
0.0,4648.0,910.0,1963.0,5237.0,0.0,0.0,1369.0,594.0,261.0,649.0
0.0,8975.0,1673.0,1940.0,3344.0,0.0,0.0,1344.0,596.0,1110.0,563.0
0.0,10646.0,2694.0,1953.0,0.0,0.0,0.0,1359.0,594.0,2192.0,502.0
0.0,7952.0,2917.0,1988.0,0.0,2917.0,2917.0,1397.0,591.0,2386.0,531.0
0.0,5035.0,2189.0,2011.0,0.0,5198.0,5198.0,1422.0,589.0,1567.0,622.0
0.0,2846.0,1188.0,2000.0,2917.0,3425.0,3425.0,1409.0,591.0,508.0,680.0
0.0,4575.0,951.0,1966.0,5198.0,0.0,0.0,1371.0,595.0,309.0,642.0
0.0,8822.0,1691.0,1944.0,3425.0,0.0,0.0,1347.0,597.0,1135.0,556.0
0.0,10556.0,2692.0,1956.0,0.0,0.0,0.0,1361.0,595.0,2192.0,500.0
0.0,7864.0,2954.0,1990.0,0.0,3050.0,3050.0,1398.0,592.0,2409.0,545.0
0.0,4910.0,2227.0,2012.0,0.0,5365.0,5365.0,1422.0,590.0,1596.0,631.0
0.0,2683.0,1239.0,2000.0,3050.0,3506.0,3506.0,1408.0,592.0,548.0,691.0
0.0,4494.0,994.0,1966.0,5365.0,0.0,0.0,1371.0,595.0,338.0,656.0
0.0,8865.0,1778.0,1945.0,3506.0,0.0,0.0,1348.0,597.0,1211.0,567.0
0.0,10593.0,2825.0,1957.0,0.0,60.0,60.0,1362.0,595.0,2293.0,532.0
0.0,7768.0,3090.0,1992.0,0.0,3290.0,3290.0,1400.0,592.0,2508.0,582.0
0.0,4678.0,2308.0,2015.0,60.0,5630.0,5630.0,1424.0,591.0,1636.0,672.0
0.0,2430.0,1217.0,2003.0,3290.0,3509.0,3509.0,1409.0,594.0,523.0,694.0
0.0,4503.0,955.0,1968.0,5630.0,0.0,0.0,1371.0,597.0,311.0,644.0
0.0,9178.0,1781.0,1946.0,3509.0,0.0,0.0,1348.0,598.0,1224.0,557.0
0.0,10906.0,2926.0,1960.0,0.0,0.0,0.0,1364.0,596.0,2396.0,530.0
0.0,7980.0,3226.0,1998.0,0.0,3238.0,3238.0,1405.0,593.0,2629.0,597.0
0.0,4754.0,2370.0,2021.0,0.0,5700.0,5700.0,1429.0,592.0,1691.0,679.0
0.0,2384.0,1200.0,2008.0,3238.0,3610.0,3610.0,1414.0,594.0,497.0,703.0
0.0,4422.0,882.0,1971.0,5700.0,0.0,0.0,1373.0,598.0,234.0,648.0
0.0,9240.0,1759.0,1948.0,3610.0,0.0,0.0,1349.0,599.0,1189.0,570.0
0.0,11091.0,2921.0,1962.0,0.0,0.0,0.0,1365.0,597.0,2382.0,539.0
0.0,8170.0,3215.0,2001.0,0.0,3049.0,3049.0,1406.0,595.0,2618.0,597.0
0.0,4955.0,2382.0,2026.0,0.0,5531.0,5531.0,1432.0,594.0,1702.0,680.0
0.0,2573.0,1188.0,2013.0,3049.0,3618.0,3618.0,1417.0,596.0,495.0,693.0
0.0,4434.0,852.0,1976.0,5531.0,0.0,0.0,1377.0,599.0,208.0,644.0
0.0,9113.0,1709.0,1953.0,3618.0,0.0,0.0,1352.0,601.0,1130.0,579.0
0.0,11022.0,2872.0,1967.0,0.0,0.0,0.0,1368.0,599.0,2321.0,551.0
0.0,8150.0,3162.0,2005.0,0.0,3032.0,3032.0,1408.0,597.0,2576.0,586.0
0.0,4988.0,2336.0,2030.0,0.0,5468.0,5468.0,1434.0,596.0,1698.0,638.0
0.0,2652.0,1157.0,2018.0,3032.0,3545.0,3545.0,1420.0,598.0,503.0,654.0
0.0,4527.0,823.0,1980.0,5468.0,0.0,0.0,1380.0,600.0,197.0,626.0
0.0,9172.0,1691.0,1957.0,3545.0,0.0,0.0,1355.0,602.0,1109.0,582.0
0.0,11026.0,2865.0,1971.0,0.0,0.0,0.0,1369.0,602.0,2307.0,558.0
0.0,8161.0,3175.0,2009.0,0.0,3050.0,3050.0,1410.0,599.0,2605.0,570.0
0.0,4986.0,2306.0,2035.0,0.0,5460.0,5460.0,1437.0,598.0,1707.0,599.0
0.0,2680.0,1145.0,2023.0,3050.0,3507.0,3507.0,1424.0,599.0,517.0,628.0
0.0,4585.0,849.0,1986.0,5460.0,0.0,0.0,1384.0,602.0,219.0,630.0
0.0,9196.0,1679.0,1962.0,3507.0,0.0,0.0,1358.0,604.0,1084.0,595.0
0.0,11024.0,2828.0,1974.0,0.0,0.0,0.0,1371.0,603.0,2262.0,566.0
0.0,8196.0,3176.0,2012.0,0.0,3028.0,3028.0,1411.0,601.0,2612.0,564.0
0.0,5020.0,2353.0,2039.0,0.0,5489.0,5489.0,1439.0,600.0,1772.0,581.0
0.0,2667.0,1153.0,2028.0,3028.0,3570.0,3570.0,1427.0,601.0,554.0,599.0
0.0,4542.0,798.0,1991.0,5489.0,0.0,0.0,1388.0,603.0,193.0,605.0
0.0,9233.0,1609.0,1965.0,3570.0,0.0,0.0,1360.0,605.0,1012.0,597.0
0.0,11194.0,2768.0,1977.0,0.0,0.0,0.0,1372.0,605.0,2179.0,589.0
0.0,8426.0,3113.0,2015.0,0.0,2747.0,2747.0,1411.0,604.0,2516.0,597.0
0.0,5313.0,2298.0,2042.0,0.0,5153.0,5153.0,1439.0,603.0,1695.0,603.0
0.0,3015.0,1156.0,2031.0,2747.0,3518.0,3518.0,1428.0,603.0,567.0,589.0
0.0,4606.0,821.0,1996.0,5153.0,0.0,0.0,1391.0,605.0,246.0,575.0
0.0,8938.0,1668.0,1972.0,3518.0,0.0,0.0,1366.0,606.0,1088.0,580.0
0.0,10788.0,2820.0,1983.0,0.0,0.0,0.0,1378.0,605.0,2227.0,593.0
0.0,7968.0,3112.0,2021.0,0.0,3228.0,3228.0,1417.0,604.0,2508.0,604.0
0.0,4856.0,2272.0,2046.0,0.0,5600.0,5600.0,1443.0,603.0,1655.0,617.0
0.0,2584.0,1159.0,2036.0,3228.0,3491.0,3491.0,1431.0,605.0,529.0,630.0
0.0,4653.0,887.0,2001.0,5600.0,0.0,0.0,1394.0,607.0,282.0,605.0
0.0,9366.0,1745.0,1978.0,3491.0,0.0,0.0,1370.0,608.0,1146.0,599.0
0.0,11112.0,2869.0,1990.0,0.0,0.0,0.0,1383.0,607.0,2272.0,597.0
0.0,8243.0,3146.0,2027.0,0.0,3011.0,3011.0,1421.0,606.0,2529.0,617.0
0.0,5097.0,2348.0,2053.0,0.0,5463.0,5463.0,1448.0,605.0,1713.0,635.0
0.0,2749.0,1223.0,2042.0,3011.0,3631.0,3631.0,1436.0,606.0,611.0,612.0
0.0,4537.0,911.0,2005.0,5463.0,0.0,0.0,1398.0,607.0,325.0,586.0
0.0,9089.0,1738.0,1979.0,3631.0,0.0,0.0,1372.0,607.0,1138.0,600.0
0.0,10982.0,2939.0,1991.0,0.0,0.0,0.0,1384.0,607.0,2288.0,651.0
0.0,8043.0,3285.0,2031.0,0.0,3366.0,3366.0,1424.0,607.0,2604.0,681.0
0.0,4758.0,2452.0,2060.0,0.0,5934.0,5934.0,1453.0,607.0,1786.0,666.0
0.0,2306.0,1258.0,2050.0,3366.0,3786.0,3786.0,1442.0,608.0,641.0,617.0
0.0,4414.0,893.0,2011.0,5934.0,0.0,0.0,1402.0,609.0,321.0,572.0
0.0,9455.0,1707.0,1982.0,3786.0,0.0,0.0,1373.0,609.0,1117.0,590.0
0.0,11534.0,2895.0,1991.0,0.0,0.0,0.0,1383.0,608.0,2249.0,646.0
0.0,8639.0,3284.0,2031.0,0.0,2769.0,2769.0,1423.0,608.0,2583.0,701.0
0.0,5355.0,2537.0,2063.0,0.0,5434.0,5434.0,1454.0,609.0,1846.0,691.0
0.0,2818.0,1388.0,2056.0,2769.0,4025.0,4025.0,1446.0,610.0,755.0,633.0
0.0,4199.0,945.0,2019.0,5434.0,0.0,0.0,1408.0,611.0,378.0,567.0
0.0,8688.0,1692.0,1989.0,4025.0,0.0,0.0,1379.0,610.0,1125.0,567.0
0.0,11021.0,2862.0,1998.0,0.0,0.0,0.0,1389.0,609.0,2226.0,636.0
0.0,8159.0,3222.0,2038.0,0.0,3215.0,3215.0,1428.0,610.0,2525.0,697.0
0.0,4937.0,2420.0,2068.0,0.0,5755.0,5755.0,1457.0,611.0,1720.0,700.0
0.0,2517.0,1277.0,2060.0,3215.0,3785.0,3785.0,1448.0,612.0,642.0,635.0
0.0,4455.0,923.0,2022.0,5755.0,0.0,0.0,1410.0,612.0,359.0,564.0
0.0,9287.0,1708.0,1994.0,3785.0,0.0,0.0,1383.0,611.0,1160.0,548.0
0.0,11364.0,2831.0,2004.0,0.0,0.0,0.0,1393.0,611.0,2220.0,611.0
0.0,8533.0,3232.0,2044.0,0.0,2875.0,2875.0,1432.0,612.0,2534.0,698.0
0.0,5301.0,2436.0,2075.0,0.0,5435.0,5435.0,1462.0,613.0,1740.0,696.0
0.0,2865.0,1290.0,2067.0,2875.0,3818.0,3818.0,1453.0,614.0,665.0,625.0
0.0,4450.0,936.0,2029.0,5435.0,0.0,0.0,1416.0,613.0,390.0,546.0
0.0,8949.0,1677.0,2001.0,3818.0,0.0,0.0,1388.0,613.0,1153.0,524.0
0.0,11090.0,2820.0,2011.0,0.0,0.0,0.0,1398.0,613.0,2213.0,607.0
0.0,8270.0,3218.0,2051.0,0.0,3152.0,3152.0,1437.0,614.0,2527.0,691.0
0.0,5052.0,2470.0,2082.0,0.0,5746.0,5746.0,1467.0,615.0,1778.0,692.0
0.0,2582.0,1325.0,2075.0,3152.0,3891.0,3891.0,1459.0,616.0,703.0,622.0
0.0,4409.0,920.0,2038.0,5746.0,0.0,0.0,1423.0,615.0,370.0,550.0
0.0,9235.0,1623.0,2009.0,3891.0,0.0,0.0,1394.0,615.0,1095.0,528.0
0.0,11503.0,2764.0,2016.0,0.0,0.0,0.0,1401.0,615.0,2178.0,586.0
0.0,8739.0,3184.0,2055.0,0.0,2665.0,2665.0,1439.0,616.0,2519.0,665.0
0.0,5555.0,2429.0,2086.0,0.0,5218.0,5218.0,1469.0,617.0,1759.0,670.0
0.0,3126.0,1243.0,2079.0,2665.0,3768.0,3768.0,1462.0,617.0,650.0,593.0
0.0,4548.0,797.0,2042.0,5218.0,0.0,0.0,1426.0,616.0,277.0,520.0
0.0,8969.0,1548.0,2011.0,3768.0,0.0,0.0,1397.0,614.0,1031.0,517.0
0.0,11189.0,2791.0,2021.0,0.0,0.0,0.0,1407.0,614.0,2194.0,597.0
0.0,8398.0,3222.0,2061.0,0.0,3068.0,3068.0,1445.0,616.0,2553.0,669.0
0.0,5176.0,2417.0,2092.0,0.0,5609.0,5609.0,1474.0,618.0,1746.0,671.0
0.0,2759.0,1169.0,2082.0,3068.0,3670.0,3670.0,1464.0,618.0,588.0,581.0
0.0,4658.0,753.0,2042.0,5609.0,0.0,0.0,1426.0,616.0,241.0,512.0
0.0,9514.0,1574.0,2013.0,3670.0,0.0,0.0,1398.0,615.0,1044.0,530.0
0.0,11610.0,2849.0,2024.0,0.0,0.0,0.0,1409.0,615.0,2224.0,625.0
0.0,8761.0,3287.0,2065.0,0.0,2786.0,2786.0,1449.0,616.0,2595.0,692.0
0.0,5474.0,2491.0,2095.0,0.0,5397.0,5397.0,1478.0,617.0,1810.0,681.0
0.0,2983.0,1243.0,2085.0,2786.0,3814.0,3814.0,1468.0,617.0,652.0,591.0
0.0,4526.0,809.0,2046.0,5397.0,0.0,0.0,1430.0,616.0,274.0,535.0
0.0,9114.0,1585.0,2016.0,3814.0,0.0,0.0,1401.0,615.0,1022.0,563.0
0.0,11343.0,2830.0,2025.0,0.0,0.0,0.0,1410.0,615.0,2194.0,636.0
0.0,8513.0,3315.0,2066.0,0.0,3066.0,3066.0,1449.0,617.0,2618.0,697.0
0.0,5198.0,2601.0,2099.0,0.0,5799.0,5799.0,1480.0,619.0,1914.0,687.0
0.0,2597.0,1397.0,2091.0,3066.0,4098.0,4098.0,1472.0,619.0,769.0,628.0
0.0,4266.0,899.0,2053.0,5799.0,0.0,0.0,1435.0,618.0,320.0,579.0
0.0,9166.0,1612.0,2020.0,4098.0,0.0,0.0,1404.0,616.0,1032.0,580.0
0.0,11652.0,2818.0,2027.0,0.0,0.0,0.0,1412.0,615.0,2182.0,636.0
0.0,8834.0,3336.0,2067.0,0.0,2770.0,2770.0,1450.0,617.0,2635.0,701.0
0.0,5498.0,2669.0,2102.0,0.0,5579.0,5579.0,1482.0,620.0,1961.0,708.0
0.0,2829.0,1494.0,2097.0,2770.0,4283.0,4283.0,1477.0,620.0,853.0,641.0
0.0,4105.0,989.0,2060.0,5579.0,0.0,0.0,1441.0,619.0,402.0,587.0
0.0,8695.0,1640.0,2029.0,4283.0,0.0,0.0,1412.0,617.0,1060.0,580.0
0.0,11338.0,2804.0,2034.0,0.0,0.0,0.0,1418.0,616.0,2165.0,639.0
0.0,8534.0,3285.0,2070.0,0.0,3031.0,3031.0,1453.0,617.0,2586.0,699.0
0.0,5249.0,2641.0,2103.0,0.0,5804.0,5804.0,1483.0,620.0,1938.0,703.0
0.0,2608.0,1450.0,2099.0,3031.0,4207.0,4207.0,1477.0,622.0,801.0,649.0
0.0,4189.0,928.0,2062.0,5804.0,0.0,0.0,1441.0,621.0,342.0,586.0
0.0,9065.0,1583.0,2030.0,4207.0,0.0,0.0,1412.0,618.0,1007.0,576.0
0.0,11689.0,2740.0,2036.0,0.0,0.0,0.0,1419.0,617.0,2098.0,642.0
0.0,8949.0,3300.0,2075.0,0.0,2651.0,2651.0,1456.0,619.0,2588.0,712.0
0.0,5649.0,2633.0,2108.0,0.0,5416.0,5416.0,1486.0,622.0,1915.0,718.0
0.0,3016.0,1451.0,2103.0,2651.0,4196.0,4196.0,1479.0,624.0,801.0,650.0
0.0,4216.0,947.0,2067.0,5416.0,0.0,0.0,1444.0,623.0,386.0,561.0
0.0,8685.0,1578.0,2035.0,4196.0,0.0,0.0,1415.0,620.0,1035.0,543.0
0.0,11303.0,2725.0,2040.0,0.0,0.0,0.0,1422.0,618.0,2108.0,617.0
0.0,8578.0,3200.0,2078.0,0.0,2934.0,2934.0,1458.0,620.0,2495.0,705.0
0.0,5378.0,2565.0,2108.0,0.0,5619.0,5619.0,1485.0,623.0,1843.0,722.0
0.0,2813.0,1491.0,2105.0,2934.0,4164.0,4164.0,1480.0,625.0,844.0,647.0
0.0,4256.0,998.0,2070.0,5619.0,0.0,0.0,1446.0,624.0,451.0,547.0
0.0,8877.0,1568.0,2038.0,4164.0,0.0,0.0,1417.0,621.0,1045.0,523.0
0.0,11473.0,2592.0,2041.0,0.0,0.0,0.0,1422.0,619.0,2009.0,583.0
0.0,8881.0,3135.0,2075.0,0.0,2554.0,2554.0,1455.0,620.0,2445.0,690.0
0.0,5746.0,2612.0,2108.0,0.0,5298.0,5298.0,1485.0,623.0,1901.0,711.0
0.0,3134.0,1553.0,2107.0,2554.0,4293.0,4293.0,1481.0,626.0,907.0,646.0
0.0,4135.0,1040.0,2073.0,5298.0,0.0,0.0,1448.0,625.0,473.0,567.0
0.0,8393.0,1549.0,2042.0,4293.0,0.0,0.0,1419.0,623.0,1004.0,545.0
0.0,11137.0,2554.0,2044.0,0.0,0.0,0.0,1423.0,621.0,1972.0,582.0
0.0,8583.0,3098.0,2080.0,0.0,2835.0,2835.0,1458.0,622.0,2448.0,650.0
0.0,5485.0,2580.0,2114.0,0.0,5551.0,5551.0,1489.0,625.0,1901.0,679.0
0.0,2905.0,1517.0,2113.0,2835.0,4229.0,4229.0,1486.0,627.0,887.0,630.0
0.0,4223.0,980.0,2079.0,5551.0,0.0,0.0,1452.0,627.0,415.0,565.0
0.0,8794.0,1519.0,2046.0,4229.0,0.0,0.0,1421.0,625.0,959.0,560.0
0.0,11504.0,2568.0,2048.0,0.0,0.0,0.0,1425.0,623.0,1964.0,604.0
0.0,8936.0,3073.0,2085.0,0.0,2477.0,2477.0,1460.0,625.0,2407.0,666.0
0.0,5863.0,2521.0,2120.0,0.0,5138.0,5138.0,1492.0,628.0,1858.0,663.0
0.0,3342.0,1486.0,2118.0,2477.0,4139.0,4139.0,1488.0,630.0,878.0,608.0
0.0,4333.0,993.0,2082.0,5138.0,0.0,0.0,1454.0,628.0,429.0,564.0
0.0,8478.0,1534.0,2049.0,4139.0,0.0,0.0,1423.0,626.0,972.0,562.0
0.0,11083.0,2567.0,2049.0,0.0,0.0,0.0,1425.0,624.0,1960.0,607.0
0.0,8516.0,3073.0,2085.0,0.0,2897.0,2897.0,1459.0,626.0,2418.0,655.0
0.0,5443.0,2582.0,2119.0,0.0,5615.0,5615.0,1491.0,628.0,1918.0,664.0
0.0,2861.0,1587.0,2119.0,2897.0,4305.0,4305.0,1490.0,629.0,967.0,620.0
0.0,4171.0,1146.0,2086.0,5615.0,0.0,0.0,1458.0,628.0,555.0,591.0
0.0,8640.0,1662.0,2055.0,4305.0,0.0,0.0,1429.0,626.0,1081.0,581.0
0.0,11283.0,2617.0,2056.0,0.0,0.0,0.0,1431.0,625.0,2003.0,614.0
0.0,8666.0,3087.0,2088.0,0.0,2773.0,2773.0,1462.0,626.0,2411.0,676.0
0.0,5579.0,2604.0,2121.0,0.0,5509.0,5509.0,1493.0,628.0,1913.0,691.0
0.0,2975.0,1679.0,2122.0,2773.0,4419.0,4419.0,1492.0,630.0,1008.0,671.0
0.0,4069.0,1230.0,2091.0,5509.0,16.0,16.0,1462.0,629.0,614.0,616.0
0.0,8348.0,1753.0,2061.0,4419.0,0.0,0.0,1434.0,627.0,1162.0,591.0
0.0,11014.0,2691.0,2061.0,16.0,0.0,0.0,1436.0,625.0,2071.0,620.0
0.0,8339.0,3111.0,2092.0,0.0,3140.0,3140.0,1466.0,626.0,2428.0,683.0
0.0,5228.0,2569.0,2123.0,0.0,5833.0,5833.0,1494.0,629.0,1857.0,712.0
0.0,2659.0,1595.0,2122.0,3140.0,4284.0,4284.0,1492.0,630.0,917.0,678.0
0.0,4204.0,1201.0,2091.0,5833.0,0.0,0.0,1461.0,630.0,574.0,627.0
0.0,8836.0,1775.0,2062.0,4284.0,0.0,0.0,1434.0,628.0,1166.0,609.0
0.0,11345.0,2729.0,2064.0,0.0,0.0,0.0,1437.0,627.0,2104.0,625.0
0.0,8616.0,3137.0,2096.0,0.0,2905.0,2905.0,1469.0,627.0,2469.0,668.0
0.0,5479.0,2579.0,2128.0,0.0,5612.0,5612.0,1498.0,630.0,1862.0,717.0
0.0,2900.0,1583.0,2128.0,2905.0,4290.0,4290.0,1496.0,632.0,878.0,705.0
0.0,4222.0,1176.0,2097.0,5612.0,0.0,0.0,1465.0,632.0,528.0,648.0
0.0,8658.0,1725.0,2067.0,4290.0,0.0,0.0,1437.0,630.0,1129.0,596.0
0.0,11223.0,2705.0,2069.0,0.0,0.0,0.0,1441.0,628.0,2093.0,612.0
0.0,8518.0,3107.0,2101.0,0.0,2993.0,2993.0,1473.0,628.0,2450.0,657.0
0.0,5411.0,2567.0,2132.0,0.0,5684.0,5684.0,1501.0,631.0,1873.0,694.0
0.0,2844.0,1560.0,2132.0,2993.0,4251.0,4251.0,1498.0,634.0,874.0,686.0
0.0,4277.0,1120.0,2100.0,5684.0,0.0,0.0,1466.0,634.0,468.0,652.0
0.0,8841.0,1689.0,2071.0,4251.0,0.0,0.0,1439.0,632.0,1090.0,599.0
0.0,11403.0,2709.0,2075.0,0.0,0.0,0.0,1445.0,630.0,2128.0,581.0
0.0,8694.0,3133.0,2106.0,0.0,2863.0,2863.0,1477.0,629.0,2503.0,630.0
0.0,5561.0,2581.0,2136.0,0.0,5564.0,5564.0,1504.0,632.0,1884.0,697.0
0.0,2980.0,1566.0,2137.0,2863.0,4271.0,4271.0,1501.0,636.0,861.0,705.0
0.0,4277.0,1094.0,2108.0,5564.0,0.0,0.0,1471.0,637.0,450.0,644.0
0.0,8747.0,1646.0,2079.0,4271.0,0.0,0.0,1444.0,635.0,1056.0,590.0
0.0,11372.0,2671.0,2080.0,0.0,0.0,0.0,1448.0,632.0,2097.0,574.0
0.0,8701.0,3135.0,2110.0,0.0,2874.0,2874.0,1479.0,631.0,2530.0,605.0
0.0,5566.0,2555.0,2139.0,0.0,5545.0,5545.0,1506.0,633.0,1886.0,669.0
0.0,3011.0,1523.0,2139.0,2874.0,4194.0,4194.0,1503.0,636.0,834.0,689.0
0.0,4362.0,1055.0,2110.0,5545.0,0.0,0.0,1473.0,637.0,406.0,649.0
0.0,8852.0,1597.0,2081.0,4194.0,0.0,0.0,1445.0,636.0,1016.0,581.0
0.0,11449.0,2652.0,2083.0,0.0,0.0,0.0,1449.0,634.0,2103.0,549.0
0.0,8797.0,3111.0,2114.0,0.0,2770.0,2770.0,1481.0,633.0,2522.0,589.0
0.0,5686.0,2533.0,2144.0,0.0,5423.0,5423.0,1509.0,635.0,1877.0,656.0
0.0,3153.0,1474.0,2142.0,2770.0,4119.0,4119.0,1505.0,637.0,781.0,693.0
0.0,4449.0,1003.0,2112.0,5423.0,0.0,0.0,1474.0,638.0,343.0,660.0
0.0,8869.0,1599.0,2084.0,4119.0,0.0,0.0,1447.0,637.0,1013.0,586.0
0.0,11389.0,2657.0,2087.0,0.0,0.0,0.0,1453.0,634.0,2121.0,536.0
0.0,8732.0,3117.0,2118.0,0.0,2857.0,2857.0,1484.0,634.0,2538.0,579.0
0.0,5615.0,2522.0,2148.0,0.0,5499.0,5499.0,1512.0,636.0,1865.0,657.0
0.0,3093.0,1504.0,2147.0,2857.0,4142.0,4142.0,1509.0,638.0,793.0,711.0
0.0,4446.0,1112.0,2119.0,5499.0,0.0,0.0,1479.0,640.0,426.0,686.0
0.0,8833.0,1735.0,2093.0,4142.0,0.0,0.0,1454.0,639.0,1118.0,617.0
0.0,11240.0,2727.0,2096.0,0.0,0.0,0.0,1459.0,637.0,2185.0,542.0
0.0,8513.0,3119.0,2125.0,0.0,3106.0,3106.0,1490.0,635.0,2572.0,547.0
0.0,5394.0,2509.0,2151.0,0.0,5719.0,5719.0,1515.0,636.0,1870.0,639.0
0.0,2885.0,1523.0,2149.0,3106.0,4128.0,4128.0,1510.0,639.0,797.0,726.0
0.0,4468.0,1187.0,2121.0,5719.0,0.0,0.0,1480.0,641.0,454.0,733.0
0.0,9000.0,1808.0,2097.0,4128.0,0.0,0.0,1456.0,641.0,1165.0,643.0
0.0,11320.0,2770.0,2100.0,0.0,0.0,0.0,1462.0,638.0,2217.0,553.0
0.0,8550.0,3139.0,2128.0,0.0,3101.0,3101.0,1492.0,636.0,2589.0,550.0
0.0,5411.0,2522.0,2153.0,0.0,5723.0,5723.0,1517.0,636.0,1879.0,643.0
0.0,2889.0,1528.0,2149.0,3101.0,4134.0,4134.0,1510.0,639.0,814.0,714.0
0.0,4462.0,1185.0,2120.0,5723.0,0.0,0.0,1479.0,641.0,457.0,728.0
0.0,9000.0,1848.0,2095.0,4134.0,0.0,0.0,1455.0,640.0,1178.0,670.0
0.0,11286.0,2904.0,2101.0,0.0,22.0,22.0,1463.0,638.0,2296.0,608.0
0.0,8382.0,3291.0,2135.0,0.0,3449.0,3449.0,1498.0,637.0,2704.0,587.0
0.0,5091.0,2596.0,2161.0,22.0,6127.0,6127.0,1524.0,637.0,1962.0,634.0
0.0,2517.0,1483.0,2156.0,3449.0,4141.0,4141.0,1517.0,639.0,776.0,707.0
0.0,4483.0,1094.0,2125.0,6127.0,0.0,0.0,1484.0,641.0,363.0,731.0
0.0,9516.0,1799.0,2099.0,4141.0,0.0,0.0,1458.0,641.0,1125.0,674.0
0.0,11858.0,2892.0,2105.0,0.0,0.0,0.0,1466.0,639.0,2278.0,614.0
0.0,8966.0,3280.0,2138.0,0.0,2866.0,2866.0,1501.0,637.0,2693.0,587.0
0.0,5686.0,2547.0,2163.0,0.0,5513.0,5513.0,1527.0,636.0,1923.0,624.0
0.0,3139.0,1427.0,2158.0,2866.0,4054.0,4054.0,1520.0,638.0,733.0,694.0
0.0,4578.0,1048.0,2126.0,5513.0,0.0,0.0,1486.0,640.0,321.0,727.0
0.0,9043.0,1809.0,2101.0,4054.0,0.0,0.0,1460.0,641.0,1112.0,697.0
0.0,11288.0,2920.0,2108.0,0.0,64.0,64.0,1468.0,640.0,2293.0,627.0
0.0,8368.0,3292.0,2141.0,0.0,3488.0,3488.0,1503.0,638.0,2696.0,596.0
0.0,5076.0,2503.0,2168.0,64.0,6035.0,6035.0,1530.0,638.0,1877.0,626.0
0.0,2637.0,1378.0,2162.0,3488.0,3901.0,3901.0,1523.0,639.0,699.0,679.0
0.0,4747.0,1039.0,2130.0,6035.0,0.0,0.0,1488.0,642.0,321.0,718.0
0.0,9743.0,1817.0,2104.0,3901.0,0.0,0.0,1461.0,643.0,1120.0,697.0
0.0,11827.0,2874.0,2110.0,0.0,0.0,0.0,1469.0,641.0,2258.0,616.0
0.0,8953.0,3198.0,2141.0,0.0,2809.0,2809.0,1502.0,639.0,2624.0,574.0
0.0,5755.0,2448.0,2167.0,0.0,5361.0,5361.0,1529.0,638.0,1845.0,603.0
0.0,3307.0,1419.0,2163.0,2809.0,3955.0,3955.0,1523.0,640.0,739.0,680.0
0.0,4697.0,1126.0,2133.0,5361.0,0.0,0.0,1490.0,643.0,383.0,743.0
0.0,8932.0,1874.0,2109.0,3955.0,0.0,0.0,1464.0,645.0,1149.0,725.0
0.0,11013.0,2905.0,2116.0,0.0,356.0,356.0,1471.0,645.0,2280.0,625.0
0.0,8108.0,3165.0,2148.0,0.0,3649.0,3649.0,1506.0,642.0,2619.0,546.0
0.0,4943.0,2364.0,2173.0,356.0,5757.0,5757.0,1533.0,640.0,1814.0,550.0
0.0,2935.0,1354.0,2168.0,3649.0,3442.0,3442.0,1527.0,641.0,707.0,647.0
0.0,5230.0,1117.0,2139.0,5757.0,0.0,0.0,1494.0,645.0,382.0,735.0
0.0,9870.0,1855.0,2114.0,3442.0,0.0,0.0,1467.0,647.0,1133.0,722.0
0.0,11457.0,2849.0,2120.0,0.0,0.0,0.0,1474.0,646.0,2239.0,610.0
0.0,8608.0,3071.0,2151.0,0.0,3067.0,3067.0,1508.0,643.0,2566.0,505.0
0.0,5537.0,2342.0,2176.0,0.0,5509.0,5509.0,1536.0,640.0,1808.0,534.0
0.0,3195.0,1398.0,2173.0,3067.0,3828.0,3828.0,1531.0,642.0,731.0,667.0
0.0,4864.0,1154.0,2144.0,5509.0,0.0,0.0,1497.0,647.0,376.0,778.0
0.0,9219.0,1884.0,2120.0,3828.0,0.0,0.0,1470.0,650.0,1131.0,753.0
0.0,11163.0,2787.0,2125.0,0.0,124.0,124.0,1476.0,649.0,2177.0,610.0
0.0,8376.0,3030.0,2155.0,0.0,3274.0,3274.0,1510.0,645.0,2536.0,494.0
0.0,5346.0,2350.0,2178.0,124.0,5592.0,5592.0,1536.0,642.0,1805.0,545.0
0.0,3120.0,1502.0,2174.0,3274.0,3804.0,3804.0,1530.0,644.0,813.0,689.0
0.0,4892.0,1316.0,2146.0,5592.0,0.0,0.0,1498.0,648.0,522.0,794.0
0.0,9168.0,1961.0,2124.0,3804.0,0.0,0.0,1472.0,652.0,1207.0,754.0
0.0,11011.0,2829.0,2131.0,0.0,342.0,342.0,1479.0,652.0,2228.0,601.0
0.0,8182.0,3023.0,2159.0,0.0,3477.0,3477.0,1512.0,647.0,2532.0,491.0
0.0,5159.0,2372.0,2182.0,342.0,5599.0,5599.0,1539.0,643.0,1843.0,529.0
0.0,3129.0,1563.0,2177.0,3477.0,3665.0,3665.0,1533.0,644.0,854.0,709.0
0.0,5043.0,1400.0,2152.0,5599.0,0.0,0.0,1502.0,650.0,568.0,832.0
0.0,9242.0,2026.0,2130.0,3665.0,0.0,0.0,1476.0,654.0,1260.0,766.0
0.0,10881.0,2861.0,2136.0,0.0,524.0,524.0,1483.0,653.0,2268.0,593.0
0.0,8020.0,3061.0,2166.0,0.0,3705.0,3705.0,1517.0,649.0,2569.0,492.0
0.0,4959.0,2431.0,2190.0,524.0,5708.0,5708.0,1544.0,646.0,1873.0,558.0
0.0,3052.0,1619.0,2186.0,3705.0,3606.0,3606.0,1539.0,647.0,888.0,731.0
0.0,5138.0,1415.0,2157.0,5708.0,0.0,0.0,1506.0,651.0,571.0,844.0
0.0,9431.0,2051.0,2133.0,3606.0,0.0,0.0,1478.0,655.0,1266.0,785.0
0.0,10986.0,2888.0,2139.0,0.0,458.0,458.0,1484.0,655.0,2274.0,614.0
0.0,8098.0,3061.0,2169.0,0.0,3639.0,3639.0,1518.0,651.0,2567.0,494.0
0.0,5037.0,2372.0,2194.0,458.0,5653.0,5653.0,1547.0,647.0,1842.0,530.0
0.0,3123.0,1524.0,2188.0,3639.0,3514.0,3514.0,1541.0,647.0,825.0,699.0
0.0,5238.0,1345.0,2158.0,5653.0,0.0,0.0,1507.0,651.0,520.0,825.0
0.0,9546.0,2012.0,2134.0,3514.0,0.0,0.0,1479.0,655.0,1228.0,784.0
0.0,11048.0,2870.0,2140.0,0.0,382.0,382.0,1485.0,655.0,2247.0,623.0
0.0,8178.0,3065.0,2171.0,0.0,3571.0,3571.0,1520.0,651.0,2558.0,507.0
0.0,5113.0,2403.0,2198.0,382.0,5700.0,5700.0,1550.0,648.0,1847.0,556.0
0.0,3092.0,1563.0,2193.0,3571.0,3672.0,3672.0,1545.0,648.0,851.0,712.0
0.0,5100.0,1378.0,2163.0,5700.0,0.0,0.0,1511.0,652.0,554.0,824.0
0.0,9422.0,2033.0,2140.0,3672.0,0.0,0.0,1484.0,656.0,1248.0,785.0
0.0,11061.0,2862.0,2146.0,0.0,385.0,385.0,1490.0,656.0,2237.0,625.0
0.0,8199.0,3010.0,2177.0,0.0,3519.0,3519.0,1525.0,652.0,2511.0,499.0
0.0,5189.0,2332.0,2202.0,385.0,5566.0,5566.0,1553.0,649.0,1786.0,546.0
0.0,3242.0,1515.0,2196.0,3519.0,3538.0,3538.0,1547.0,649.0,802.0,713.0
0.0,5246.0,1413.0,2169.0,5566.0,0.0,0.0,1515.0,654.0,577.0,836.0
0.0,9399.0,2113.0,2147.0,3538.0,0.0,0.0,1490.0,657.0,1339.0,774.0
0.0,10824.0,2867.0,2155.0,0.0,663.0,663.0,1498.0,657.0,2267.0,600.0
0.0,7957.0,2908.0,2185.0,0.0,3691.0,3691.0,1531.0,654.0,2426.0,482.0
0.0,5049.0,2247.0,2206.0,663.0,5359.0,5359.0,1557.0,649.0,1721.0,526.0
0.0,3465.0,1547.0,2200.0,3691.0,3191.0,3191.0,1551.0,649.0,848.0,699.0
0.0,5609.0,1464.0,2172.0,5359.0,0.0,0.0,1519.0,653.0,638.0,826.0
0.0,9504.0,2094.0,2151.0,3191.0,0.0,0.0,1494.0,657.0,1307.0,787.0
0.0,10601.0,2795.0,2159.0,0.0,830.0,830.0,1501.0,658.0,2191.0,604.0
0.0,7806.0,2892.0,2189.0,0.0,3842.0,3842.0,1534.0,655.0,2418.0,474.0
0.0,4914.0,2259.0,2211.0,830.0,5359.0,5359.0,1560.0,651.0,1726.0,533.0
0.0,3485.0,1548.0,2205.0,3842.0,3041.0,3041.0,1554.0,651.0,822.0,726.0
0.0,5779.0,1456.0,2179.0,5359.0,0.0,0.0,1523.0,656.0,603.0,853.0
0.0,9682.0,2073.0,2159.0,3041.0,0.0,0.0,1498.0,661.0,1288.0,785.0
0.0,10650.0,2788.0,2168.0,0.0,810.0,810.0,1506.0,662.0,2201.0,587.0
0.0,7862.0,2853.0,2196.0,0.0,3775.0,3775.0,1538.0,658.0,2410.0,443.0
0.0,5009.0,2194.0,2216.0,810.0,5239.0,5239.0,1563.0,653.0,1686.0,508.0
0.0,3625.0,1505.0,2208.0,3775.0,2937.0,2937.0,1556.0,652.0,792.0,713.0
0.0,5895.0,1455.0,2183.0,5239.0,0.0,0.0,1526.0,657.0,604.0,851.0
0.0,9679.0,2121.0,2165.0,2937.0,0.0,0.0,1503.0,662.0,1332.0,789.0
0.0,10495.0,2832.0,2175.0,0.0,1037.0,1037.0,1512.0,663.0,2248.0,584.0
0.0,7663.0,2855.0,2200.0,0.0,3992.0,3992.0,1542.0,658.0,2417.0,438.0
0.0,4808.0,2201.0,2218.0,1037.0,5228.0,5228.0,1565.0,653.0,1698.0,503.0
0.0,3644.0,1528.0,2209.0,3992.0,2728.0,2728.0,1557.0,652.0,804.0,724.0
0.0,6108.0,1533.0,2184.0,5228.0,0.0,0.0,1527.0,657.0,658.0,875.0
0.0,9803.0,2213.0,2169.0,2728.0,0.0,0.0,1505.0,664.0,1400.0,813.0
0.0,10318.0,2931.0,2180.0,0.0,1333.0,1333.0,1515.0,665.0,2326.0,605.0
0.0,7387.0,2935.0,2206.0,0.0,4372.0,4372.0,1546.0,660.0,2484.0,451.0
0.0,4452.0,2253.0,2222.0,1333.0,5356.0,5356.0,1568.0,654.0,1734.0,519.0
0.0,3532.0,1564.0,2214.0,4372.0,2516.0,2516.0,1560.0,654.0,821.0,743.0
0.0,6340.0,1544.0,2188.0,5356.0,0.0,0.0,1529.0,659.0,661.0,883.0
0.0,10152.0,2249.0,2172.0,2516.0,0.0,0.0,1507.0,665.0,1432.0,817.0
0.0,10419.0,2963.0,2183.0,0.0,1276.0,1276.0,1517.0,666.0,2367.0,596.0
0.0,7456.0,2979.0,2209.0,0.0,4359.0,4359.0,1548.0,661.0,2541.0,438.0
0.0,4477.0,2284.0,2226.0,1276.0,5435.0,5435.0,1572.0,654.0,1769.0,515.0
0.0,3469.0,1571.0,2217.0,4359.0,2611.0,2611.0,1563.0,654.0,812.0,759.0
0.0,6257.0,1520.0,2191.0,5435.0,0.0,0.0,1531.0,660.0,602.0,918.0
0.0,10172.0,2248.0,2175.0,2611.0,0.0,0.0,1508.0,667.0,1394.0,854.0
0.0,10535.0,2973.0,2186.0,0.0,1182.0,1182.0,1518.0,668.0,2367.0,606.0
0.0,7562.0,2992.0,2214.0,0.0,4286.0,4286.0,1551.0,663.0,2556.0,436.0
0.0,4570.0,2243.0,2232.0,1182.0,5419.0,5419.0,1575.0,657.0,1748.0,495.0
0.0,3509.0,1513.0,2222.0,4286.0,2606.0,2606.0,1567.0,655.0,788.0,725.0
0.0,6282.0,1527.0,2196.0,5419.0,0.0,0.0,1535.0,661.0,621.0,906.0
0.0,10174.0,2223.0,2180.0,2606.0,0.0,0.0,1513.0,667.0,1376.0,847.0
0.0,10557.0,2922.0,2190.0,0.0,1125.0,1125.0,1522.0,668.0,2319.0,603.0
0.0,7635.0,2959.0,2217.0,0.0,4192.0,4192.0,1554.0,663.0,2525.0,434.0
0.0,4676.0,2266.0,2234.0,1125.0,5401.0,5401.0,1577.0,657.0,1759.0,507.0
0.0,3535.0,1500.0,2224.0,4192.0,2669.0,2669.0,1568.0,656.0,755.0,745.0
0.0,6227.0,1472.0,2197.0,5401.0,0.0,0.0,1535.0,662.0,562.0,910.0
0.0,10156.0,2252.0,2182.0,2669.0,0.0,0.0,1514.0,668.0,1398.0,854.0
0.0,10573.0,2974.0,2195.0,0.0,1181.0,1181.0,1525.0,670.0,2364.0,610.0
0.0,7599.0,2957.0,2223.0,0.0,4250.0,4250.0,1559.0,664.0,2545.0,412.0
0.0,4642.0,2205.0,2238.0,1181.0,5334.0,5334.0,1581.0,657.0,1732.0,473.0
0.0,3618.0,1480.0,2225.0,4250.0,2512.0,2512.0,1569.0,656.0,740.0,740.0
0.0,6388.0,1513.0,2200.0,5334.0,0.0,0.0,1537.0,663.0,572.0,941.0
0.0,10209.0,2251.0,2187.0,2512.0,0.0,0.0,1517.0,670.0,1391.0,860.0
0.0,10470.0,2972.0,2201.0,0.0,1306.0,1306.0,1530.0,671.0,2390.0,582.0
0.0,7498.0,2913.0,2227.0,0.0,4323.0,4323.0,1562.0,665.0,2522.0,391.0
0.0,4585.0,2161.0,2240.0,1306.0,5230.0,5230.0,1582.0,658.0,1684.0,477.0
0.0,3730.0,1447.0,2228.0,4323.0,2306.0,2306.0,1570.0,658.0,688.0,759.0
0.0,6606.0,1470.0,2202.0,5230.0,0.0,0.0,1538.0,664.0,532.0,938.0
0.0,10366.0,2285.0,2191.0,2306.0,0.0,0.0,1519.0,672.0,1436.0,849.0
0.0,10387.0,3000.0,2205.0,0.0,1433.0,1433.0,1533.0,672.0,2423.0,577.0
0.0,7387.0,2918.0,2231.0,0.0,4455.0,4455.0,1565.0,666.0,2521.0,397.0
0.0,4469.0,2106.0,2244.0,1433.0,5180.0,5180.0,1585.0,659.0,1622.0,484.0
0.0,3796.0,1337.0,2229.0,4455.0,2002.0,2002.0,1571.0,658.0,588.0,749.0
0.0,6914.0,1394.0,2203.0,5180.0,0.0,0.0,1538.0,665.0,465.0,929.0
0.0,10700.0,2210.0,2191.0,2002.0,0.0,0.0,1518.0,673.0,1364.0,846.0
0.0,10492.0,2982.0,2206.0,0.0,1314.0,1314.0,1532.0,674.0,2421.0,561.0
0.0,7510.0,2937.0,2233.0,0.0,4359.0,4359.0,1566.0,667.0,2550.0,387.0
0.0,4573.0,2118.0,2246.0,1314.0,5215.0,5215.0,1586.0,660.0,1635.0,483.0
0.0,3769.0,1363.0,2231.0,4359.0,2159.0,2159.0,1571.0,660.0,587.0,776.0
0.0,6765.0,1468.0,2205.0,5215.0,0.0,0.0,1538.0,667.0,503.0,965.0
0.0,10512.0,2325.0,2195.0,2159.0,0.0,0.0,1520.0,675.0,1475.0,850.0
0.0,10346.0,3130.0,2213.0,0.0,1636.0,1636.0,1536.0,677.0,2556.0,574.0
0.0,7216.0,3036.0,2241.0,0.0,4784.0,4784.0,1571.0,670.0,2636.0,400.0
0.0,4180.0,2167.0,2254.0,1636.0,5367.0,5367.0,1591.0,663.0,1660.0,507.0
0.0,3649.0,1417.0,2239.0,4784.0,1940.0,1940.0,1576.0,663.0,627.0,790.0
0.0,7016.0,1552.0,2213.0,5367.0,0.0,0.0,1543.0,670.0,591.0,961.0
0.0,10831.0,2377.0,2201.0,1940.0,0.0,0.0,1524.0,677.0,1532.0,845.0
0.0,10394.0,3073.0,2217.0,0.0,1547.0,1547.0,1539.0,678.0,2526.0,547.0
0.0,7321.0,2970.0,2244.0,0.0,4625.0,4625.0,1573.0,671.0,2582.0,388.0
0.0,4351.0,2156.0,2256.0,1547.0,5282.0,5282.0,1592.0,664.0,1646.0,510.0
0.0,3742.0,1494.0,2242.0,4625.0,2095.0,2095.0,1578.0,664.0,693.0,801.0
0.0,6873.0,1652.0,2217.0,5282.0,0.0,0.0,1546.0,671.0,680.0,972.0
0.0,10503.0,2435.0,2206.0,2095.0,0.0,0.0,1527.0,679.0,1580.0,855.0
0.0,10163.0,3037.0,2220.0,0.0,1754.0,1754.0,1541.0,679.0,2498.0,539.0
0.0,7126.0,2903.0,2246.0,0.0,4761.0,4761.0,1574.0,672.0,2543.0,360.0
0.0,4223.0,2150.0,2259.0,1754.0,5209.0,5209.0,1595.0,664.0,1655.0,495.0
0.0,3827.0,1543.0,2245.0,4761.0,1935.0,1935.0,1582.0,663.0,727.0,816.0
0.0,7045.0,1681.0,2219.0,5209.0,0.0,0.0,1549.0,670.0,679.0,1002.0
0.0,10573.0,2441.0,2209.0,1935.0,0.0,0.0,1530.0,679.0,1571.0,870.0
0.0,10067.0,3058.0,2225.0,0.0,1891.0,1891.0,1545.0,680.0,2513.0,545.0
0.0,7009.0,2865.0,2251.0,0.0,4860.0,4860.0,1578.0,673.0,2503.0,362.0
0.0,4144.0,2104.0,2262.0,1891.0,5117.0,5117.0,1597.0,665.0,1603.0,501.0
0.0,3931.0,1514.0,2249.0,4860.0,1719.0,1719.0,1584.0,665.0,681.0,833.0
0.0,7277.0,1660.0,2224.0,5117.0,0.0,0.0,1551.0,673.0,642.0,1018.0
0.0,10734.0,2431.0,2214.0,1719.0,0.0,0.0,1533.0,681.0,1551.0,880.0
0.0,10022.0,3012.0,2229.0,0.0,1906.0,1906.0,1547.0,682.0,2480.0,532.0
0.0,7010.0,2817.0,2254.0,0.0,4823.0,4823.0,1580.0,674.0,2485.0,332.0
0.0,4193.0,2059.0,2265.0,1906.0,5020.0,5020.0,1599.0,666.0,1576.0,483.0
0.0,4040.0,1515.0,2251.0,4823.0,1656.0,1656.0,1586.0,665.0,698.0,817.0
0.0,7348.0,1678.0,2225.0,5020.0,0.0,0.0,1553.0,672.0,670.0,1008.0
0.0,10690.0,2405.0,2215.0,1656.0,0.0,0.0,1534.0,681.0,1533.0,872.0
0.0,9941.0,2954.0,2230.0,0.0,1933.0,1933.0,1547.0,683.0,2414.0,540.0
0.0,6987.0,2778.0,2255.0,0.0,4811.0,4811.0,1580.0,675.0,2441.0,337.0
0.0,4209.0,2073.0,2265.0,1933.0,4991.0,4991.0,1599.0,666.0,1604.0,469.0
0.0,4069.0,1524.0,2252.0,4811.0,1652.0,1652.0,1587.0,665.0,721.0,803.0
0.0,7356.0,1710.0,2227.0,4991.0,0.0,0.0,1554.0,673.0,702.0,1008.0
0.0,10637.0,2459.0,2219.0,1652.0,0.0,0.0,1536.0,683.0,1565.0,894.0
0.0,9830.0,2999.0,2234.0,0.0,2105.0,2105.0,1550.0,684.0,2450.0,549.0
0.0,6831.0,2820.0,2261.0,0.0,5033.0,5033.0,1585.0,676.0,2492.0,328.0
0.0,4011.0,2047.0,2271.0,2105.0,5015.0,5015.0,1605.0,666.0,1587.0,460.0
0.0,4069.0,1460.0,2256.0,5033.0,1382.0,1382.0,1590.0,666.0,644.0,816.0
0.0,7642.0,1626.0,2229.0,5015.0,0.0,0.0,1555.0,674.0,605.0,1021.0
0.0,11031.0,2376.0,2219.0,1382.0,0.0,0.0,1536.0,683.0,1505.0,871.0
0.0,10037.0,2993.0,2236.0,0.0,1900.0,1900.0,1552.0,684.0,2461.0,532.0
0.0,7044.0,2855.0,2266.0,0.0,4875.0,4875.0,1589.0,677.0,2514.0,341.0
0.0,4189.0,2064.0,2278.0,1900.0,5087.0,5087.0,1610.0,668.0,1587.0,477.0
0.0,4025.0,1467.0,2264.0,4875.0,1623.0,1623.0,1597.0,667.0,645.0,822.0
0.0,7433.0,1614.0,2238.0,5087.0,0.0,0.0,1562.0,676.0,599.0,1015.0
0.0,10906.0,2362.0,2226.0,1623.0,0.0,0.0,1541.0,685.0,1501.0,861.0
0.0,10167.0,2953.0,2243.0,0.0,1758.0,1758.0,1557.0,686.0,2437.0,516.0
0.0,7214.0,2845.0,2272.0,0.0,4719.0,4719.0,1594.0,678.0,2505.0,340.0
0.0,4369.0,2150.0,2285.0,1758.0,5163.0,5163.0,1616.0,669.0,1646.0,504.0
0.0,3977.0,1553.0,2270.0,4719.0,1937.0,1937.0,1601.0,669.0,707.0,846.0
0.0,7143.0,1613.0,2240.0,5163.0,0.0,0.0,1563.0,677.0,592.0,1021.0
0.0,10693.0,2310.0,2227.0,1937.0,0.0,0.0,1541.0,686.0,1467.0,843.0
0.0,10320.0,2972.0,2241.0,0.0,1616.0,1616.0,1556.0,685.0,2479.0,493.0
0.0,7348.0,2936.0,2271.0,0.0,4672.0,4672.0,1594.0,677.0,2605.0,331.0
0.0,4412.0,2268.0,2284.0,1616.0,5376.0,5376.0,1616.0,668.0,1735.0,533.0
0.0,3760.0,1640.0,2271.0,4672.0,2292.0,2292.0,1602.0,669.0,760.0,880.0
0.0,6792.0,1645.0,2243.0,5376.0,0.0,0.0,1565.0,678.0,619.0,1026.0
0.0,10523.0,2347.0,2231.0,2292.0,0.0,0.0,1544.0,687.0,1506.0,841.0
0.0,10468.0,3008.0,2247.0,0.0,1528.0,1528.0,1560.0,687.0,2488.0,520.0
0.0,7460.0,2992.0,2277.0,0.0,4640.0,4640.0,1598.0,679.0,2625.0,367.0
0.0,4468.0,2320.0,2289.0,1528.0,5480.0,5480.0,1619.0,670.0,1787.0,533.0
0.0,3676.0,1666.0,2275.0,4640.0,2450.0,2450.0,1604.0,671.0,800.0,866.0
0.0,6650.0,1696.0,2249.0,5480.0,0.0,0.0,1569.0,680.0,670.0,1026.0
0.0,10434.0,2367.0,2238.0,2450.0,0.0,0.0,1549.0,689.0,1516.0,851.0
0.0,10517.0,2990.0,2255.0,0.0,1493.0,1493.0,1565.0,690.0,2477.0,513.0
0.0,7527.0,2945.0,2282.0,0.0,4546.0,4546.0,1601.0,681.0,2585.0,360.0
0.0,4582.0,2298.0,2293.0,1493.0,5395.0,5395.0,1621.0,672.0,1757.0,541.0
0.0,3777.0,1698.0,2280.0,4546.0,2495.0,2495.0,1607.0,673.0,804.0,894.0
0.0,6625.0,1713.0,2253.0,5395.0,0.0,0.0,1571.0,682.0,678.0,1035.0
0.0,10307.0,2338.0,2243.0,2495.0,0.0,0.0,1552.0,691.0,1507.0,831.0
0.0,10464.0,2920.0,2259.0,0.0,1492.0,1492.0,1568.0,691.0,2428.0,492.0
0.0,7544.0,2868.0,2285.0,0.0,4464.0,4464.0,1603.0,682.0,2518.0,350.0
0.0,4676.0,2237.0,2296.0,1492.0,5253.0,5253.0,1623.0,673.0,1680.0,557.0
0.0,3931.0,1632.0,2281.0,4464.0,2361.0,2361.0,1608.0,673.0,744.0,888.0
0.0,6763.0,1640.0,2254.0,5253.0,0.0,0.0,1572.0,682.0,632.0,1008.0
0.0,10376.0,2299.0,2244.0,2361.0,0.0,0.0,1553.0,691.0,1488.0,811.0
0.0,10438.0,2942.0,2262.0,0.0,1552.0,1552.0,1570.0,692.0,2442.0,500.0
0.0,7496.0,2933.0,2288.0,0.0,4589.0,4589.0,1605.0,683.0,2558.0,375.0
0.0,4563.0,2273.0,2300.0,1552.0,5358.0,5358.0,1626.0,674.0,1721.0,552.0
0.0,3842.0,1627.0,2285.0,4589.0,2336.0,2336.0,1611.0,674.0,777.0,850.0
0.0,6804.0,1661.0,2260.0,5358.0,0.0,0.0,1578.0,682.0,684.0,977.0
0.0,10501.0,2287.0,2251.0,2336.0,0.0,0.0,1560.0,691.0,1498.0,789.0
0.0,10550.0,2918.0,2267.0,0.0,1436.0,1436.0,1575.0,692.0,2415.0,503.0
0.0,7632.0,2924.0,2294.0,0.0,4468.0,4468.0,1610.0,684.0,2516.0,408.0
0.0,4708.0,2273.0,2305.0,1436.0,5349.0,5349.0,1629.0,676.0,1687.0,586.0
0.0,3871.0,1590.0,2288.0,4468.0,2403.0,2403.0,1613.0,675.0,750.0,840.0
0.0,6749.0,1583.0,2261.0,5349.0,0.0,0.0,1579.0,682.0,659.0,924.0
0.0,10515.0,2274.0,2251.0,2403.0,0.0,0.0,1560.0,691.0,1504.0,770.0
0.0,10644.0,2952.0,2268.0,0.0,1380.0,1380.0,1576.0,692.0,2430.0,522.0
0.0,7692.0,2963.0,2296.0,0.0,4455.0,4455.0,1612.0,684.0,2522.0,441.0
0.0,4729.0,2283.0,2309.0,1380.0,5410.0,5410.0,1633.0,676.0,1683.0,600.0
0.0,3826.0,1596.0,2294.0,4455.0,2491.0,2491.0,1618.0,676.0,759.0,837.0
0.0,6685.0,1583.0,2267.0,5410.0,0.0,0.0,1584.0,683.0,651.0,932.0
0.0,10512.0,2261.0,2255.0,2491.0,0.0,0.0,1563.0,692.0,1464.0,797.0
0.0,10742.0,2958.0,2273.0,0.0,1308.0,1308.0,1579.0,694.0,2405.0,553.0
0.0,7784.0,2944.0,2301.0,0.0,4364.0,4364.0,1615.0,686.0,2503.0,441.0
0.0,4840.0,2246.0,2314.0,1308.0,5354.0,5354.0,1636.0,678.0,1679.0,567.0
0.0,3902.0,1594.0,2298.0,4364.0,2520.0,2520.0,1621.0,677.0,764.0,830.0
0.0,6672.0,1623.0,2273.0,5354.0,0.0,0.0,1588.0,685.0,679.0,944.0
0.0,10403.0,2315.0,2262.0,2520.0,0.0,0.0,1568.0,694.0,1508.0,807.0
0.0,10608.0,3005.0,2279.0,0.0,1513.0,1513.0,1583.0,696.0,2429.0,576.0
0.0,7603.0,2972.0,2306.0,0.0,4593.0,4593.0,1618.0,688.0,2510.0,462.0
0.0,4631.0,2290.0,2320.0,1513.0,5426.0,5426.0,1640.0,680.0,1705.0,585.0
0.0,3854.0,1622.0,2307.0,4593.0,2403.0,2403.0,1627.0,680.0,795.0,827.0
0.0,6825.0,1632.0,2280.0,5426.0,0.0,0.0,1592.0,688.0,699.0,933.0
0.0,10619.0,2341.0,2269.0,2403.0,0.0,0.0,1572.0,697.0,1528.0,813.0
0.0,10681.0,3054.0,2284.0,0.0,1509.0,1509.0,1586.0,698.0,2477.0,577.0
0.0,7627.0,3076.0,2312.0,0.0,4697.0,4697.0,1622.0,690.0,2619.0,457.0
0.0,4551.0,2407.0,2327.0,1509.0,5655.0,5655.0,1645.0,682.0,1823.0,584.0
0.0,3653.0,1724.0,2315.0,4697.0,2634.0,2634.0,1633.0,682.0,878.0,846.0
0.0,6626.0,1701.0,2289.0,5655.0,0.0,0.0,1599.0,690.0,737.0,964.0
0.0,10580.0,2342.0,2277.0,2634.0,0.0,0.0,1578.0,699.0,1527.0,815.0
0.0,10872.0,3004.0,2290.0,0.0,1292.0,1292.0,1590.0,700.0,2437.0,567.0
0.0,7868.0,3029.0,2317.0,0.0,4429.0,4429.0,1625.0,692.0,2569.0,460.0
0.0,4839.0,2414.0,2330.0,1292.0,5603.0,5603.0,1646.0,684.0,1802.0,612.0
0.0,3717.0,1799.0,2319.0,4429.0,2929.0,2929.0,1635.0,684.0,933.0,866.0
0.0,6347.0,1756.0,2295.0,5603.0,0.0,0.0,1603.0,692.0,806.0,950.0
0.0,10194.0,2342.0,2284.0,2929.0,0.0,0.0,1583.0,701.0,1540.0,802.0
0.0,10781.0,2953.0,2296.0,0.0,1356.0,1356.0,1595.0,701.0,2398.0,555.0
0.0,7828.0,2940.0,2320.0,0.0,4392.0,4392.0,1627.0,693.0,2482.0,458.0
0.0,4888.0,2320.0,2332.0,1356.0,5404.0,5404.0,1647.0,685.0,1715.0,605.0
0.0,3924.0,1749.0,2320.0,4392.0,2713.0,2713.0,1635.0,685.0,884.0,865.0
0.0,6567.0,1785.0,2299.0,5404.0,0.0,0.0,1605.0,694.0,828.0,957.0
0.0,10186.0,2362.0,2289.0,2713.0,0.0,0.0,1586.0,703.0,1571.0,791.0
0.0,10537.0,2918.0,2302.0,0.0,1589.0,1589.0,1600.0,702.0,2389.0,529.0
0.0,7619.0,2848.0,2325.0,0.0,4529.0,4529.0,1632.0,693.0,2413.0,435.0
0.0,4771.0,2275.0,2338.0,1589.0,5267.0,5267.0,1652.0,686.0,1673.0,602.0
0.0,4085.0,1786.0,2328.0,4529.0,2484.0,2484.0,1641.0,687.0,916.0,870.0
0.0,6828.0,1816.0,2306.0,5267.0,0.0,0.0,1611.0,695.0,865.0,951.0
0.0,10279.0,2356.0,2295.0,2484.0,0.0,0.0,1592.0,703.0,1572.0,784.0
0.0,10407.0,2899.0,2308.0,0.0,1724.0,1724.0,1605.0,703.0,2383.0,516.0
0.0,7508.0,2845.0,2331.0,0.0,4661.0,4661.0,1637.0,694.0,2442.0,403.0
0.0,4663.0,2297.0,2342.0,1724.0,5278.0,5278.0,1656.0,686.0,1717.0,580.0
0.0,4090.0,1754.0,2333.0,4661.0,2335.0,2335.0,1645.0,688.0,896.0,858.0
0.0,6997.0,1754.0,2311.0,5278.0,0.0,0.0,1614.0,697.0,786.0,968.0
0.0,10521.0,2294.0,2298.0,2335.0,0.0,0.0,1594.0,704.0,1490.0,804.0
0.0,10562.0,2873.0,2310.0,0.0,1551.0,1551.0,1607.0,703.0,2351.0,522.0
0.0,7689.0,2874.0,2334.0,0.0,4521.0,4521.0,1639.0,695.0,2458.0,416.0
0.0,4815.0,2269.0,2347.0,1551.0,5291.0,5291.0,1659.0,688.0,1695.0,574.0
0.0,4097.0,1695.0,2337.0,4521.0,2425.0,2425.0,1647.0,690.0,845.0,850.0
0.0,6923.0,1707.0,2313.0,5291.0,0.0,0.0,1615.0,698.0,761.0,946.0
0.0,10507.0,2296.0,2299.0,2425.0,0.0,0.0,1595.0,704.0,1519.0,777.0
0.0,10636.0,2856.0,2311.0,0.0,1464.0,1464.0,1608.0,703.0,2336.0,520.0
0.0,7780.0,2843.0,2335.0,0.0,4403.0,4403.0,1640.0,695.0,2404.0,439.0
0.0,4937.0,2265.0,2348.0,1464.0,5256.0,5256.0,1659.0,689.0,1662.0,603.0
0.0,4136.0,1677.0,2337.0,4403.0,2486.0,2486.0,1647.0,690.0,817.0,860.0
0.0,6862.0,1701.0,2313.0,5256.0,0.0,0.0,1615.0,698.0,745.0,956.0
0.0,10417.0,2328.0,2300.0,2486.0,0.0,0.0,1596.0,704.0,1535.0,793.0
0.0,10575.0,2937.0,2314.0,0.0,1618.0,1618.0,1610.0,704.0,2407.0,530.0
0.0,7638.0,2902.0,2339.0,0.0,4620.0,4620.0,1643.0,696.0,2476.0,426.0
0.0,4736.0,2287.0,2351.0,1618.0,5337.0,5337.0,1662.0,689.0,1687.0,600.0
0.0,4067.0,1702.0,2340.0,4620.0,2375.0,2375.0,1649.0,691.0,824.0,878.0
0.0,6985.0,1752.0,2315.0,5337.0,0.0,0.0,1617.0,698.0,771.0,981.0
0.0,10570.0,2367.0,2304.0,2375.0,0.0,0.0,1599.0,705.0,1568.0,799.0
0.0,10578.0,2995.0,2318.0,0.0,1689.0,1689.0,1614.0,704.0,2457.0,538.0
0.0,7583.0,2974.0,2344.0,0.0,4767.0,4767.0,1647.0,697.0,2532.0,442.0
0.0,4609.0,2313.0,2356.0,1689.0,5439.0,5439.0,1666.0,690.0,1711.0,602.0
0.0,3985.0,1723.0,2345.0,4767.0,2351.0,2351.0,1653.0,692.0,838.0,885.0
0.0,7029.0,1749.0,2320.0,5439.0,0.0,0.0,1620.0,700.0,749.0,1000.0
0.0,10719.0,2431.0,2307.0,2351.0,0.0,0.0,1600.0,707.0,1601.0,830.0
0.0,10639.0,3072.0,2320.0,0.0,1713.0,1713.0,1614.0,706.0,2522.0,550.0
0.0,7567.0,3061.0,2346.0,0.0,4878.0,4878.0,1647.0,699.0,2622.0,439.0
0.0,4506.0,2446.0,2360.0,1713.0,5667.0,5667.0,1668.0,692.0,1825.0,621.0
0.0,3773.0,1794.0,2350.0,4878.0,2543.0,2543.0,1656.0,694.0,891.0,903.0
0.0,6857.0,1770.0,2326.0,5667.0,0.0,0.0,1624.0,702.0,759.0,1011.0
0.0,10754.0,2392.0,2313.0,2543.0,0.0,0.0,1604.0,709.0,1560.0,832.0
0.0,10905.0,3038.0,2326.0,0.0,1437.0,1437.0,1618.0,708.0,2495.0,543.0
0.0,7867.0,3095.0,2351.0,0.0,4632.0,4632.0,1651.0,700.0,2666.0,429.0
0.0,4772.0,2503.0,2365.0,1437.0,5754.0,5754.0,1672.0,693.0,1884.0,619.0
0.0,3706.0,1805.0,2355.0,4632.0,2887.0,2887.0,1660.0,695.0,902.0,903.0
0.0,6533.0,1715.0,2331.0,5754.0,0.0,0.0,1627.0,704.0,719.0,996.0
0.0,10572.0,2255.0,2317.0,2887.0,0.0,0.0,1607.0,710.0,1451.0,804.0
0.0,11204.0,2933.0,2330.0,0.0,1049.0,1049.0,1621.0,709.0,2406.0,527.0
0.0,8271.0,3017.0,2354.0,0.0,4162.0,4162.0,1653.0,701.0,2567.0,450.0
0.0,5254.0,2479.0,2368.0,1049.0,5648.0,5648.0,1673.0,695.0,1842.0,637.0
0.0,3824.0,1819.0,2357.0,4162.0,3261.0,3261.0,1660.0,697.0,896.0,923.0
0.0,6167.0,1729.0,2334.0,5648.0,0.0,0.0,1628.0,706.0,726.0,1003.0
0.0,10086.0,2266.0,2323.0,3261.0,0.0,0.0,1610.0,713.0,1472.0,794.0
0.0,11081.0,2956.0,2335.0,0.0,1215.0,1215.0,1624.0,711.0,2448.0,508.0
0.0,8125.0,3031.0,2360.0,0.0,4346.0,4346.0,1657.0,703.0,2601.0,430.0
0.0,5094.0,2431.0,2372.0,1215.0,5610.0,5610.0,1675.0,697.0,1801.0,630.0
0.0,3878.0,1802.0,2361.0,4346.0,3022.0,3022.0,1662.0,699.0,885.0,917.0
0.0,6422.0,1741.0,2339.0,5610.0,0.0,0.0,1630.0,709.0,746.0,995.0
0.0,10291.0,2310.0,2328.0,3022.0,0.0,0.0,1612.0,716.0,1518.0,792.0
0.0,11003.0,2906.0,2340.0,0.0,1263.0,1263.0,1626.0,714.0,2419.0,487.0
0.0,8097.0,2938.0,2363.0,0.0,4293.0,4293.0,1658.0,705.0,2561.0,377.0
0.0,5159.0,2377.0,2375.0,1263.0,5455.0,5455.0,1677.0,698.0,1781.0,596.0
0.0,4045.0,1782.0,2365.0,4293.0,2904.0,2904.0,1665.0,700.0,874.0,908.0
0.0,6556.0,1757.0,2343.0,5455.0,0.0,0.0,1634.0,709.0,748.0,1009.0
0.0,10254.0,2335.0,2334.0,2904.0,0.0,0.0,1617.0,717.0,1536.0,799.0
0.0,10823.0,2908.0,2346.0,0.0,1469.0,1469.0,1631.0,715.0,2434.0,474.0
0.0,7915.0,2932.0,2369.0,0.0,4493.0,4493.0,1664.0,705.0,2561.0,371.0
0.0,4983.0,2334.0,2382.0,1469.0,5410.0,5410.0,1683.0,699.0,1737.0,597.0
0.0,4118.0,1757.0,2371.0,4493.0,2630.0,2630.0,1669.0,702.0,833.0,924.0
0.0,6854.0,1753.0,2350.0,5410.0,0.0,0.0,1639.0,711.0,734.0,1019.0
0.0,10511.0,2333.0,2340.0,2630.0,0.0,0.0,1622.0,718.0,1558.0,775.0
0.0,10808.0,2914.0,2353.0,0.0,1518.0,1518.0,1638.0,715.0,2456.0,458.0
0.0,7894.0,2887.0,2375.0,0.0,4493.0,4493.0,1670.0,705.0,2517.0,370.0
0.0,5007.0,2281.0,2387.0,1518.0,5304.0,5304.0,1688.0,699.0,1681.0,600.0
0.0,4244.0,1676.0,2374.0,4493.0,2435.0,2435.0,1673.0,701.0,758.0,918.0
0.0,7061.0,1711.0,2350.0,5304.0,0.0,0.0,1640.0,710.0,691.0,1020.0
0.0,10654.0,2355.0,2340.0,2435.0,0.0,0.0,1623.0,717.0,1559.0,796.0
0.0,10734.0,2971.0,2353.0,0.0,1649.0,1649.0,1638.0,715.0,2496.0,475.0
0.0,7763.0,2925.0,2377.0,0.0,4670.0,4670.0,1671.0,706.0,2537.0,388.0
0.0,4838.0,2300.0,2388.0,1649.0,5365.0,5365.0,1689.0,699.0,1677.0,623.0
0.0,4187.0,1718.0,2375.0,4670.0,2361.0,2361.0,1673.0,702.0,760.0,958.0
0.0,7139.0,1772.0,2352.0,5365.0,0.0,0.0,1640.0,712.0,722.0,1050.0
0.0,10732.0,2456.0,2342.0,2361.0,0.0,0.0,1623.0,719.0,1639.0,817.0
0.0,10637.0,3062.0,2356.0,0.0,1849.0,1849.0,1639.0,717.0,2570.0,492.0
0.0,7575.0,2993.0,2380.0,0.0,4938.0,4938.0,1673.0,707.0,2607.0,386.0
0.0,4582.0,2321.0,2392.0,1849.0,5458.0,5458.0,1692.0,700.0,1714.0,607.0
0.0,4110.0,1757.0,2378.0,4938.0,2221.0,2221.0,1676.0,702.0,810.0,947.0
0.0,7291.0,1840.0,2355.0,5458.0,0.0,0.0,1643.0,712.0,773.0,1067.0
0.0,10909.0,2501.0,2344.0,2221.0,0.0,0.0,1624.0,720.0,1639.0,862.0
0.0,10629.0,3056.0,2356.0,0.0,1851.0,1851.0,1638.0,718.0,2537.0,519.0
0.0,7573.0,3043.0,2379.0,0.0,4986.0,4986.0,1671.0,708.0,2654.0,389.0
0.0,4530.0,2452.0,2392.0,1851.0,5639.0,5639.0,1692.0,700.0,1850.0,602.0
0.0,3929.0,1897.0,2384.0,4986.0,2518.0,2518.0,1681.0,703.0,945.0,952.0
0.0,7018.0,1886.0,2361.0,5639.0,0.0,0.0,1648.0,713.0,801.0,1085.0
0.0,10771.0,2468.0,2349.0,2518.0,0.0,0.0,1627.0,722.0,1591.0,877.0
0.0,10821.0,3012.0,2359.0,0.0,1627.0,1627.0,1639.0,720.0,2489.0,523.0
0.0,7809.0,2972.0,2381.0,0.0,4687.0,4687.0,1671.0,710.0,2580.0,392.0
0.0,4837.0,2420.0,2395.0,1627.0,5536.0,5536.0,1692.0,703.0,1806.0,614.0
0.0,4044.0,1903.0,2388.0,4687.0,2724.0,2724.0,1682.0,706.0,929.0,974.0
0.0,6828.0,1918.0,2369.0,5536.0,0.0,0.0,1652.0,717.0,821.0,1097.0
0.0,10446.0,2460.0,2358.0,2724.0,0.0,0.0,1633.0,725.0,1596.0,864.0
0.0,10710.0,2978.0,2367.0,0.0,1736.0,1736.0,1645.0,722.0,2470.0,508.0
0.0,7732.0,2942.0,2389.0,0.0,4766.0,4766.0,1677.0,712.0,2556.0,386.0
0.0,4790.0,2326.0,2400.0,1736.0,5400.0,5400.0,1696.0,704.0,1719.0,607.0
0.0,4200.0,1758.0,2391.0,4766.0,2356.0,2356.0,1684.0,707.0,825.0,933.0
0.0,7208.0,1843.0,2369.0,5400.0,0.0,0.0,1652.0,717.0,795.0,1048.0
0.0,10765.0,2517.0,2359.0,2356.0,0.0,0.0,1634.0,725.0,1685.0,832.0
0.0,10604.0,3072.0,2372.0,0.0,1956.0,1956.0,1649.0,723.0,2571.0,501.0
0.0,7532.0,2967.0,2394.0,0.0,5011.0,5011.0,1682.0,712.0,2587.0,380.0
0.0,4565.0,2231.0,2403.0,1956.0,5322.0,5322.0,1699.0,704.0,1649.0,582.0
0.0,4290.0,1681.0,2392.0,5011.0,1948.0,1948.0,1685.0,707.0,769.0,912.0
0.0,7620.0,1836.0,2371.0,5322.0,0.0,0.0,1653.0,718.0,778.0,1058.0
0.0,11106.0,2521.0,2363.0,1948.0,0.0,0.0,1636.0,727.0,1669.0,852.0
0.0,10533.0,3064.0,2376.0,0.0,2035.0,2035.0,1651.0,725.0,2561.0,503.0
0.0,7469.0,2946.0,2399.0,0.0,5073.0,5073.0,1684.0,715.0,2576.0,370.0
0.0,4523.0,2234.0,2407.0,2035.0,5304.0,5304.0,1701.0,706.0,1668.0,566.0
0.0,4324.0,1683.0,2395.0,5073.0,1866.0,1866.0,1687.0,708.0,785.0,898.0
0.0,7714.0,1789.0,2374.0,5304.0,0.0,0.0,1655.0,719.0,762.0,1027.0
0.0,11229.0,2462.0,2364.0,1866.0,0.0,0.0,1637.0,727.0,1644.0,818.0
0.0,10633.0,3031.0,2378.0,0.0,1910.0,1910.0,1653.0,725.0,2532.0,499.0
0.0,7602.0,2915.0,2400.0,0.0,4913.0,4913.0,1685.0,715.0,2547.0,368.0
0.0,4687.0,2178.0,2409.0,1910.0,5217.0,5217.0,1703.0,706.0,1623.0,555.0
0.0,4419.0,1592.0,2394.0,4913.0,1836.0,1836.0,1686.0,708.0,710.0,882.0
0.0,7740.0,1723.0,2372.0,5217.0,0.0,0.0,1653.0,719.0,708.0,1015.0
0.0,11234.0,2483.0,2363.0,1836.0,0.0,0.0,1636.0,727.0,1661.0,822.0
0.0,10587.0,3052.0,2378.0,0.0,1977.0,1977.0,1653.0,725.0,2551.0,501.0
0.0,7535.0,2956.0,2403.0,0.0,5033.0,5033.0,1688.0,715.0,2568.0,388.0
0.0,4579.0,2258.0,2413.0,1977.0,5354.0,5354.0,1706.0,707.0,1649.0,609.0
0.0,4298.0,1657.0,2400.0,5033.0,1926.0,1926.0,1690.0,710.0,732.0,925.0
0.0,7674.0,1716.0,2375.0,5354.0,0.0,0.0,1655.0,720.0,680.0,1036.0
0.0,11312.0,2410.0,2366.0,1926.0,0.0,0.0,1637.0,729.0,1590.0,820.0
0.0,10828.0,3082.0,2380.0,0.0,1774.0,1774.0,1654.0,726.0,2580.0,502.0
0.0,7746.0,3077.0,2408.0,0.0,4963.0,4963.0,1692.0,716.0,2686.0,391.0
0.0,4669.0,2379.0,2419.0,1774.0,5612.0,5612.0,1712.0,707.0,1761.0,618.0
0.0,4064.0,1720.0,2405.0,4963.0,2313.0,2313.0,1695.0,710.0,773.0,947.0
0.0,7307.0,1767.0,2380.0,5612.0,0.0,0.0,1659.0,721.0,706.0,1061.0
0.0,11152.0,2491.0,2371.0,2313.0,0.0,0.0,1641.0,730.0,1647.0,844.0
0.0,10974.0,3155.0,2386.0,0.0,1725.0,1725.0,1658.0,728.0,2645.0,510.0
0.0,7819.0,3149.0,2413.0,0.0,4982.0,4982.0,1696.0,717.0,2743.0,406.0
0.0,4670.0,2440.0,2424.0,1725.0,5741.0,5741.0,1715.0,709.0,1788.0,652.0
0.0,3955.0,1778.0,2411.0,4982.0,2485.0,2485.0,1699.0,712.0,796.0,982.0
0.0,7159.0,1867.0,2388.0,5741.0,0.0,0.0,1665.0,723.0,772.0,1095.0
0.0,11033.0,2584.0,2379.0,2485.0,0.0,0.0,1647.0,732.0,1725.0,859.0
0.0,10934.0,3220.0,2393.0,0.0,1858.0,1858.0,1663.0,730.0,2687.0,533.0
0.0,7714.0,3124.0,2417.0,0.0,5078.0,5078.0,1697.0,720.0,2706.0,418.0
0.0,4590.0,2394.0,2427.0,1858.0,5654.0,5654.0,1716.0,711.0,1765.0,629.0
0.0,4054.0,1760.0,2413.0,5078.0,2280.0,2280.0,1700.0,713.0,791.0,969.0
0.0,7372.0,1878.0,2391.0,5654.0,0.0,0.0,1667.0,724.0,783.0,1095.0
0.0,11148.0,2616.0,2384.0,2280.0,0.0,0.0,1651.0,733.0,1749.0,867.0
0.0,10812.0,3188.0,2400.0,0.0,1976.0,1976.0,1668.0,732.0,2662.0,526.0
0.0,7624.0,3079.0,2422.0,0.0,5143.0,5143.0,1701.0,721.0,2674.0,405.0
0.0,4545.0,2366.0,2431.0,1976.0,5569.0,5569.0,1719.0,712.0,1734.0,632.0
0.0,4155.0,1741.0,2417.0,5143.0,2111.0,2111.0,1703.0,714.0,771.0,970.0
0.0,7557.0,1848.0,2395.0,5569.0,0.0,0.0,1670.0,725.0,769.0,1079.0
0.0,11278.0,2548.0,2388.0,2111.0,0.0,0.0,1654.0,734.0,1691.0,857.0
0.0,10841.0,3156.0,2404.0,0.0,1931.0,1931.0,1672.0,732.0,2640.0,516.0
0.0,7685.0,3056.0,2429.0,0.0,5087.0,5087.0,1707.0,722.0,2652.0,404.0
0.0,4629.0,2345.0,2438.0,1931.0,5537.0,5537.0,1724.0,714.0,1716.0,629.0
0.0,4215.0,1741.0,2423.0,5087.0,2131.0,2131.0,1707.0,716.0,769.0,972.0
0.0,7561.0,1827.0,2399.0,5537.0,0.0,0.0,1672.0,727.0,757.0,1070.0
0.0,11271.0,2497.0,2390.0,2131.0,0.0,0.0,1654.0,736.0,1683.0,814.0
0.0,10905.0,3121.0,2408.0,0.0,1848.0,1848.0,1674.0,734.0,2653.0,468.0
0.0,7784.0,3069.0,2434.0,0.0,5021.0,5021.0,1711.0,723.0,2681.0,388.0
0.0,4715.0,2380.0,2444.0,1848.0,5593.0,5593.0,1729.0,715.0,1740.0,640.0
0.0,4183.0,1764.0,2430.0,5021.0,2280.0,2280.0,1712.0,718.0,786.0,978.0
0.0,7440.0,1762.0,2404.0,5593.0,0.0,0.0,1676.0,728.0,706.0,1056.0
0.0,11271.0,2446.0,2395.0,2280.0,0.0,0.0,1658.0,737.0,1643.0,803.0
0.0,11105.0,3139.0,2413.0,0.0,1686.0,1686.0,1678.0,735.0,2684.0,455.0
0.0,7966.0,3091.0,2440.0,0.0,4885.0,4885.0,1715.0,725.0,2720.0,371.0
0.0,4875.0,2415.0,2452.0,1686.0,5662.0,5662.0,1735.0,717.0,1776.0,639.0
0.0,4146.0,1688.0,2437.0,4885.0,2405.0,2405.0,1717.0,720.0,710.0,978.0
0.0,7343.0,1673.0,2411.0,5662.0,0.0,0.0,1680.0,731.0,613.0,1060.0
0.0,11332.0,2408.0,2401.0,2405.0,0.0,0.0,1662.0,739.0,1596.0,812.0
0.0,11329.0,3128.0,2419.0,0.0,1475.0,1475.0,1681.0,738.0,2653.0,475.0
0.0,8201.0,3107.0,2448.0,0.0,4698.0,4698.0,1720.0,728.0,2720.0,387.0
0.0,5094.0,2367.0,2461.0,1475.0,5642.0,5642.0,1740.0,721.0,1740.0,627.0
0.0,4202.0,1667.0,2445.0,4698.0,2547.0,2547.0,1721.0,724.0,694.0,973.0
0.0,7233.0,1687.0,2419.0,5642.0,0.0,0.0,1685.0,734.0,642.0,1045.0
0.0,11188.0,2390.0,2408.0,2547.0,0.0,0.0,1666.0,742.0,1601.0,789.0
0.0,11345.0,3041.0,2423.0,0.0,1388.0,1388.0,1684.0,739.0,2586.0,455.0
0.0,8304.0,3052.0,2450.0,0.0,4548.0,4548.0,1721.0,729.0,2664.0,388.0
0.0,5252.0,2433.0,2463.0,1388.0,5645.0,5645.0,1742.0,721.0,1779.0,654.0
0.0,4207.0,1764.0,2452.0,4548.0,2817.0,2817.0,1727.0,725.0,782.0,982.0
0.0,6991.0,1753.0,2426.0,5645.0,0.0,0.0,1691.0,735.0,703.0,1050.0
0.0,10883.0,2386.0,2412.0,2817.0,0.0,0.0,1669.0,743.0,1581.0,805.0
0.0,11314.0,3047.0,2425.0,0.0,1433.0,1433.0,1685.0,740.0,2566.0,481.0
0.0,8267.0,3080.0,2451.0,0.0,4617.0,4617.0,1721.0,730.0,2665.0,415.0
0.0,5187.0,2484.0,2466.0,1433.0,5728.0,5728.0,1743.0,723.0,1820.0,664.0
0.0,4136.0,1826.0,2452.0,4617.0,2881.0,2881.0,1727.0,725.0,855.0,971.0
0.0,6927.0,1853.0,2427.0,5728.0,0.0,0.0,1692.0,735.0,799.0,1054.0
0.0,10802.0,2515.0,2415.0,2881.0,0.0,0.0,1672.0,743.0,1690.0,825.0
0.0,11168.0,3155.0,2429.0,0.0,1703.0,1703.0,1688.0,741.0,2641.0,514.0
0.0,8013.0,3154.0,2455.0,0.0,4961.0,4961.0,1725.0,730.0,2715.0,439.0
0.0,4859.0,2532.0,2468.0,1703.0,5842.0,5842.0,1746.0,722.0,1858.0,674.0
0.0,4030.0,1896.0,2455.0,4961.0,2725.0,2725.0,1730.0,725.0,911.0,985.0
0.0,7095.0,1854.0,2429.0,5842.0,0.0,0.0,1694.0,735.0,800.0,1054.0
0.0,11083.0,2489.0,2417.0,2725.0,0.0,0.0,1674.0,743.0,1656.0,833.0
0.0,11319.0,3149.0,2431.0,0.0,1554.0,1554.0,1690.0,741.0,2611.0,538.0
0.0,8170.0,3204.0,2458.0,0.0,4866.0,4866.0,1727.0,731.0,2732.0,472.0
0.0,4966.0,2551.0,2471.0,1554.0,5915.0,5915.0,1748.0,723.0,1872.0,679.0
0.0,3969.0,1860.0,2457.0,4866.0,2853.0,2853.0,1732.0,725.0,895.0,965.0
0.0,6975.0,1832.0,2431.0,5915.0,0.0,0.0,1696.0,735.0,795.0,1037.0
0.0,11058.0,2473.0,2419.0,2853.0,0.0,0.0,1676.0,743.0,1633.0,840.0
0.0,11438.0,3143.0,2434.0,0.0,1441.0,1441.0,1692.0,742.0,2577.0,566.0
0.0,8295.0,3158.0,2462.0,0.0,4711.0,4711.0,1729.0,733.0,2680.0,478.0
0.0,5137.0,2509.0,2474.0,1441.0,5827.0,5827.0,1749.0,725.0,1828.0,681.0
0.0,4069.0,1889.0,2462.0,4711.0,2957.0,2957.0,1735.0,727.0,927.0,962.0
0.0,6891.0,1892.0,2437.0,5827.0,0.0,0.0,1700.0,737.0,854.0,1038.0
0.0,10826.0,2466.0,2426.0,2957.0,0.0,0.0,1681.0,745.0,1642.0,824.0
0.0,11317.0,3042.0,2440.0,0.0,1485.0,1485.0,1696.0,744.0,2501.0,541.0
0.0,8275.0,3062.0,2465.0,0.0,4647.0,4647.0,1731.0,734.0,2593.0,469.0
0.0,5213.0,2515.0,2478.0,1485.0,5729.0,5729.0,1752.0,726.0,1840.0,675.0
0.0,4183.0,1922.0,2467.0,4647.0,2960.0,2960.0,1738.0,729.0,969.0,953.0
0.0,6908.0,1905.0,2444.0,5729.0,0.0,0.0,1704.0,740.0,868.0,1037.0
0.0,10732.0,2413.0,2431.0,2960.0,0.0,0.0,1683.0,748.0,1594.0,819.0
0.0,11279.0,2982.0,2443.0,0.0,1475.0,1475.0,1697.0,746.0,2461.0,521.0
0.0,8297.0,3062.0,2468.0,0.0,4637.0,4637.0,1732.0,736.0,2620.0,442.0
0.0,5235.0,2551.0,2483.0,1475.0,5773.0,5773.0,1755.0,728.0,1890.0,661.0
0.0,4159.0,1942.0,2473.0,4637.0,3038.0,3038.0,1742.0,731.0,982.0,960.0
0.0,6854.0,1867.0,2448.0,5773.0,0.0,0.0,1706.0,742.0,832.0,1035.0
0.0,10760.0,2363.0,2434.0,3038.0,0.0,0.0,1684.0,750.0,1558.0,805.0
0.0,11435.0,2913.0,2444.0,0.0,1254.0,1254.0,1697.0,747.0,2434.0,479.0
0.0,8522.0,3004.0,2469.0,0.0,4358.0,4358.0,1733.0,736.0,2610.0,394.0
0.0,5518.0,2515.0,2485.0,1254.0,5683.0,5683.0,1757.0,728.0,1870.0,645.0
0.0,4257.0,1977.0,2477.0,4358.0,3270.0,3270.0,1746.0,731.0,1015.0,962.0
0.0,6638.0,1887.0,2454.0,5683.0,0.0,0.0,1712.0,742.0,847.0,1040.0
0.0,10434.0,2315.0,2438.0,3270.0,0.0,0.0,1688.0,750.0,1494.0,821.0
0.0,11389.0,2864.0,2448.0,0.0,1267.0,1267.0,1700.0,748.0,2364.0,500.0
0.0,8525.0,2958.0,2473.0,0.0,4325.0,4325.0,1736.0,737.0,2567.0,391.0
0.0,5567.0,2511.0,2488.0,1267.0,5629.0,5629.0,1760.0,728.0,1892.0,619.0
0.0,4323.0,1978.0,2481.0,4325.0,3254.0,3254.0,1749.0,732.0,1026.0,952.0
0.0,6670.0,1900.0,2458.0,5629.0,0.0,0.0,1715.0,743.0,844.0,1056.0
0.0,10399.0,2327.0,2445.0,3254.0,0.0,0.0,1693.0,752.0,1506.0,821.0
0.0,11326.0,2859.0,2452.0,0.0,1341.0,1341.0,1704.0,748.0,2369.0,490.0
0.0,8467.0,2973.0,2476.0,0.0,4410.0,4410.0,1739.0,737.0,2573.0,400.0
0.0,5494.0,2568.0,2491.0,1341.0,5697.0,5697.0,1762.0,729.0,1922.0,646.0
0.0,4267.0,2010.0,2484.0,4410.0,3269.0,3269.0,1752.0,732.0,1054.0,956.0
0.0,6667.0,1883.0,2462.0,5697.0,0.0,0.0,1719.0,743.0,853.0,1030.0
0.0,10481.0,2372.0,2449.0,3269.0,0.0,0.0,1698.0,751.0,1546.0,826.0
0.0,11378.0,2975.0,2458.0,0.0,1429.0,1429.0,1710.0,748.0,2443.0,532.0
0.0,8403.0,3101.0,2482.0,0.0,4626.0,4626.0,1744.0,738.0,2650.0,451.0
0.0,5302.0,2616.0,2497.0,1429.0,5873.0,5873.0,1767.0,730.0,1966.0,650.0
0.0,4115.0,2045.0,2488.0,4626.0,3256.0,3256.0,1755.0,733.0,1099.0,946.0
0.0,6696.0,1930.0,2465.0,5873.0,0.0,0.0,1722.0,743.0,888.0,1042.0
0.0,10639.0,2400.0,2450.0,3256.0,0.0,0.0,1699.0,751.0,1542.0,858.0
0.0,11495.0,3029.0,2459.0,0.0,1370.0,1370.0,1710.0,749.0,2449.0,580.0
0.0,8466.0,3193.0,2485.0,0.0,4667.0,4667.0,1745.0,740.0,2703.0,490.0
0.0,5273.0,2692.0,2501.0,1370.0,6053.0,6053.0,1769.0,732.0,2028.0,664.0
0.0,3951.0,2058.0,2492.0,4667.0,3408.0,3408.0,1758.0,734.0,1113.0,945.0
0.0,6560.0,1893.0,2468.0,6053.0,0.0,0.0,1724.0,744.0,858.0,1035.0
0.0,10720.0,2372.0,2452.0,3408.0,0.0,0.0,1701.0,751.0,1520.0,852.0
0.0,11756.0,3062.0,2462.0,0.0,1154.0,1154.0,1713.0,749.0,2473.0,589.0
0.0,8694.0,3227.0,2488.0,0.0,4485.0,4485.0,1748.0,740.0,2732.0,495.0
0.0,5467.0,2700.0,2505.0,1154.0,6099.0,6099.0,1771.0,734.0,2015.0,685.0
0.0,3921.0,2032.0,2496.0,4485.0,3610.0,3610.0,1760.0,736.0,1065.0,967.0
0.0,6374.0,1878.0,2472.0,6099.0,0.0,0.0,1727.0,745.0,827.0,1051.0
0.0,10595.0,2387.0,2458.0,3610.0,0.0,0.0,1705.0,753.0,1524.0,863.0
0.0,11818.0,3048.0,2468.0,0.0,1102.0,1102.0,1717.0,751.0,2460.0,588.0
0.0,8770.0,3207.0,2493.0,0.0,4409.0,4409.0,1751.0,742.0,2701.0,506.0
0.0,5563.0,2696.0,2509.0,1102.0,6067.0,6067.0,1773.0,736.0,2006.0,690.0
0.0,3969.0,2007.0,2500.0,4409.0,3629.0,3629.0,1762.0,738.0,1058.0,949.0
0.0,6371.0,1818.0,2476.0,6067.0,0.0,0.0,1729.0,747.0,794.0,1024.0
0.0,10620.0,2337.0,2463.0,3629.0,0.0,0.0,1708.0,755.0,1486.0,851.0
0.0,11912.0,3038.0,2473.0,0.0,1018.0,1018.0,1720.0,753.0,2458.0,580.0
0.0,8874.0,3230.0,2498.0,0.0,4348.0,4348.0,1754.0,744.0,2740.0,490.0
0.0,5644.0,2685.0,2513.0,1018.0,6075.0,6075.0,1776.0,737.0,2025.0,660.0
0.0,3977.0,2027.0,2505.0,4348.0,3722.0,3722.0,1766.0,739.0,1093.0,934.0
0.0,6298.0,1895.0,2485.0,6075.0,0.0,0.0,1736.0,749.0,866.0,1029.0
0.0,10478.0,2354.0,2470.0,3722.0,0.0,0.0,1714.0,756.0,1506.0,848.0
0.0,11846.0,2983.0,2479.0,0.0,1053.0,1053.0,1724.0,755.0,2412.0,571.0
0.0,8863.0,3098.0,2501.0,0.0,4239.0,4239.0,1756.0,745.0,2637.0,461.0
0.0,5765.0,2598.0,2515.0,1053.0,5840.0,5840.0,1778.0,737.0,1972.0,626.0
0.0,4220.0,2030.0,2508.0,4239.0,3603.0,3603.0,1769.0,739.0,1111.0,919.0
0.0,6429.0,1957.0,2491.0,5840.0,0.0,0.0,1740.0,751.0,900.0,1057.0
0.0,10312.0,2378.0,2479.0,3603.0,0.0,0.0,1719.0,760.0,1507.0,871.0
0.0,11537.0,2898.0,2486.0,0.0,1305.0,1305.0,1728.0,758.0,2353.0,545.0
0.0,8639.0,2955.0,2504.0,0.0,4332.0,4332.0,1757.0,747.0,2528.0,427.0
0.0,5684.0,2484.0,2516.0,1305.0,5559.0,5559.0,1777.0,739.0,1874.0,610.0
0.0,4505.0,1999.0,2510.0,4332.0,3202.0,3202.0,1769.0,741.0,1070.0,929.0
0.0,6838.0,1961.0,2492.0,5559.0,0.0,0.0,1740.0,752.0,901.0,1060.0
0.0,10436.0,2452.0,2482.0,3202.0,0.0,0.0,1721.0,761.0,1578.0,874.0
0.0,11186.0,2945.0,2491.0,0.0,1723.0,1723.0,1731.0,760.0,2391.0,554.0
0.0,8241.0,2954.0,2510.0,0.0,4753.0,4753.0,1760.0,750.0,2550.0,404.0
0.0,5287.0,2489.0,2521.0,1723.0,5563.0,5563.0,1780.0,741.0,1875.0,614.0
0.0,4521.0,2001.0,2515.0,4753.0,2787.0,2787.0,1771.0,744.0,1044.0,957.0
0.0,7273.0,1961.0,2498.0,5563.0,0.0,0.0,1743.0,755.0,890.0,1071.0
0.0,10875.0,2472.0,2488.0,2787.0,0.0,0.0,1724.0,764.0,1604.0,868.0
0.0,11190.0,3014.0,2497.0,0.0,1812.0,1812.0,1735.0,762.0,2470.0,544.0
0.0,8176.0,2996.0,2515.0,0.0,4880.0,4880.0,1764.0,751.0,2584.0,412.0
0.0,5180.0,2461.0,2526.0,1812.0,5573.0,5573.0,1783.0,743.0,1854.0,607.0
0.0,4531.0,1995.0,2519.0,4880.0,2660.0,2660.0,1774.0,745.0,1058.0,937.0
0.0,7416.0,2013.0,2501.0,5573.0,0.0,0.0,1745.0,756.0,941.0,1072.0
0.0,10976.0,2581.0,2491.0,2660.0,0.0,0.0,1727.0,764.0,1691.0,890.0
0.0,11055.0,3111.0,2501.0,0.0,2060.0,2060.0,1738.0,763.0,2541.0,570.0
0.0,7944.0,3055.0,2520.0,0.0,5191.0,5191.0,1767.0,753.0,2621.0,434.0
0.0,4889.0,2464.0,2530.0,2060.0,5635.0,5635.0,1785.0,745.0,1836.0,628.0
0.0,4485.0,1972.0,2522.0,5191.0,2384.0,2384.0,1775.0,747.0,1016.0,956.0
0.0,7704.0,2124.0,2505.0,5635.0,0.0,0.0,1748.0,757.0,1025.0,1099.0
0.0,11215.0,2721.0,2496.0,2384.0,0.0,0.0,1731.0,765.0,1821.0,900.0
0.0,10878.0,3192.0,2505.0,0.0,2334.0,2334.0,1742.0,763.0,2621.0,571.0
0.0,7686.0,3053.0,2524.0,0.0,5463.0,5463.0,1771.0,753.0,2626.0,427.0
0.0,4633.0,2448.0,2535.0,2334.0,5621.0,5621.0,1790.0,745.0,1818.0,630.0
0.0,4519.0,1988.0,2528.0,5463.0,2118.0,2118.0,1780.0,748.0,1007.0,981.0
0.0,7994.0,2127.0,2509.0,5621.0,0.0,0.0,1751.0,758.0,985.0,1142.0
0.0,11488.0,2705.0,2500.0,2118.0,0.0,0.0,1733.0,767.0,1775.0,930.0
0.0,10901.0,3139.0,2508.0,0.0,2270.0,2270.0,1744.0,764.0,2573.0,566.0
0.0,7762.0,3008.0,2527.0,0.0,5354.0,5354.0,1773.0,754.0,2589.0,419.0
0.0,4754.0,2424.0,2538.0,2270.0,5552.0,5552.0,1792.0,746.0,1800.0,624.0
0.0,4600.0,1988.0,2530.0,5354.0,2154.0,2154.0,1782.0,748.0,1005.0,983.0
0.0,7966.0,2115.0,2511.0,5552.0,0.0,0.0,1753.0,758.0,982.0,1133.0
0.0,11403.0,2649.0,2501.0,2154.0,0.0,0.0,1735.0,766.0,1727.0,922.0
0.0,10908.0,3060.0,2508.0,0.0,2184.0,2184.0,1744.0,764.0,2499.0,561.0
0.0,7848.0,2955.0,2527.0,0.0,5215.0,5215.0,1773.0,754.0,2543.0,412.0
0.0,4893.0,2450.0,2538.0,2184.0,5525.0,5525.0,1792.0,746.0,1828.0,622.0
0.0,4627.0,2039.0,2532.0,5215.0,2325.0,2325.0,1784.0,748.0,1060.0,979.0
0.0,7803.0,2143.0,2515.0,5525.0,0.0,0.0,1756.0,759.0,1011.0,1132.0
0.0,11185.0,2614.0,2503.0,2325.0,0.0,0.0,1736.0,767.0,1694.0,920.0
0.0,10896.0,3043.0,2510.0,0.0,2187.0,2187.0,1745.0,765.0,2484.0,559.0
0.0,7853.0,2960.0,2528.0,0.0,5219.0,5219.0,1773.0,755.0,2557.0,403.0
0.0,4893.0,2432.0,2539.0,2187.0,5508.0,5508.0,1792.0,747.0,1829.0,603.0
0.0,4648.0,2013.0,2532.0,5219.0,2274.0,2274.0,1783.0,749.0,1054.0,959.0
0.0,7854.0,2151.0,2516.0,5508.0,0.0,0.0,1756.0,760.0,1008.0,1143.0
0.0,11211.0,2669.0,2508.0,2274.0,0.0,0.0,1739.0,769.0,1727.0,942.0
0.0,10816.0,3076.0,2517.0,0.0,2328.0,2328.0,1749.0,768.0,2505.0,571.0
0.0,7740.0,2893.0,2534.0,0.0,5289.0,5289.0,1776.0,758.0,2513.0,380.0
0.0,4847.0,2338.0,2541.0,2328.0,5327.0,5327.0,1793.0,748.0,1774.0,564.0
0.0,4837.0,1979.0,2534.0,5289.0,1989.0,1989.0,1784.0,750.0,1043.0,936.0
0.0,8147.0,2168.0,2519.0,5327.0,0.0,0.0,1758.0,761.0,1038.0,1130.0
0.0,11306.0,2688.0,2514.0,1989.0,0.0,0.0,1743.0,771.0,1748.0,940.0
0.0,10607.0,3029.0,2525.0,0.0,2522.0,2522.0,1755.0,770.0,2468.0,561.0
0.0,7578.0,2873.0,2541.0,0.0,5459.0,5459.0,1782.0,759.0,2498.0,375.0
0.0,4705.0,2335.0,2549.0,2522.0,5304.0,5304.0,1799.0,750.0,1757.0,578.0
0.0,4892.0,1949.0,2539.0,5459.0,1754.0,1754.0,1788.0,751.0,1003.0,946.0
0.0,8402.0,2106.0,2523.0,5304.0,0.0,0.0,1761.0,762.0,987.0,1119.0
0.0,11600.0,2640.0,2517.0,1754.0,0.0,0.0,1745.0,772.0,1735.0,905.0
0.0,10714.0,3002.0,2526.0,0.0,2392.0,2392.0,1756.0,770.0,2465.0,537.0
0.0,7712.0,2879.0,2543.0,0.0,5339.0,5339.0,1784.0,759.0,2500.0,379.0
0.0,4833.0,2397.0,2552.0,2392.0,5380.0,5380.0,1802.0,750.0,1798.0,599.0
0.0,4828.0,2056.0,2544.0,5339.0,2065.0,2065.0,1792.0,752.0,1089.0,967.0
0.0,8111.0,2179.0,2528.0,5380.0,0.0,0.0,1765.0,763.0,1045.0,1134.0
0.0,11312.0,2626.0,2521.0,2065.0,0.0,0.0,1748.0,773.0,1705.0,921.0
0.0,10751.0,2929.0,2530.0,0.0,2298.0,2298.0,1758.0,772.0,2396.0,533.0
0.0,7822.0,2841.0,2546.0,0.0,5203.0,5203.0,1785.0,761.0,2462.0,379.0
0.0,4981.0,2448.0,2554.0,2298.0,5385.0,5385.0,1802.0,752.0,1837.0,611.0
0.0,4831.0,2128.0,2546.0,5203.0,2278.0,2278.0,1792.0,754.0,1131.0,997.0
0.0,7906.0,2232.0,2528.0,5385.0,0.0,0.0,1763.0,765.0,1081.0,1151.0
0.0,11059.0,2662.0,2521.0,2278.0,0.0,0.0,1747.0,774.0,1755.0,907.0
0.0,10675.0,3020.0,2531.0,0.0,2469.0,2469.0,1759.0,772.0,2496.0,524.0
0.0,7655.0,3011.0,2552.0,0.0,5564.0,5564.0,1790.0,762.0,2615.0,396.0
0.0,4644.0,2617.0,2561.0,2469.0,5748.0,5748.0,1808.0,753.0,1972.0,645.0
0.0,4496.0,2214.0,2551.0,5564.0,2358.0,2358.0,1796.0,755.0,1194.0,1020.0
0.0,7846.0,2224.0,2532.0,5748.0,0.0,0.0,1766.0,766.0,1067.0,1157.0
0.0,11370.0,2620.0,2525.0,2358.0,0.0,0.0,1749.0,776.0,1701.0,919.0
0.0,11108.0,3003.0,2535.0,0.0,2035.0,2035.0,1761.0,774.0,2467.0,536.0
0.0,8105.0,3007.0,2555.0,0.0,5122.0,5122.0,1792.0,763.0,2611.0,396.0
0.0,5098.0,2604.0,2564.0,2035.0,5727.0,5727.0,1811.0,753.0,1974.0,630.0
0.0,4529.0,2246.0,2555.0,5122.0,2815.0,2815.0,1800.0,755.0,1224.0,1022.0
0.0,7405.0,2261.0,2538.0,5727.0,0.0,0.0,1772.0,766.0,1090.0,1171.0
0.0,10871.0,2597.0,2530.0,2815.0,0.0,0.0,1754.0,776.0,1665.0,932.0
0.0,11089.0,2916.0,2540.0,0.0,1987.0,1987.0,1765.0,775.0,2362.0,554.0
0.0,8173.0,2913.0,2558.0,0.0,4972.0,4972.0,1794.0,764.0,2514.0,399.0
0.0,5260.0,2625.0,2567.0,1987.0,5646.0,5646.0,1813.0,754.0,1985.0,640.0
0.0,4622.0,2287.0,2560.0,4972.0,2933.0,2933.0,1804.0,756.0,1257.0,1030.0
0.0,7307.0,2237.0,2545.0,5646.0,0.0,0.0,1777.0,768.0,1058.0,1179.0
0.0,10716.0,2584.0,2537.0,2933.0,0.0,0.0,1759.0,778.0,1645.0,939.0
0.0,11065.0,2947.0,2547.0,0.0,2070.0,2070.0,1770.0,777.0,2394.0,553.0
0.0,8118.0,2935.0,2565.0,0.0,5077.0,5077.0,1799.0,766.0,2541.0,394.0
0.0,5183.0,2603.0,2573.0,2070.0,5642.0,5642.0,1817.0,756.0,1991.0,612.0
0.0,4650.0,2247.0,2566.0,5077.0,2784.0,2784.0,1809.0,757.0,1248.0,999.0
0.0,7480.0,2215.0,2550.0,5642.0,0.0,0.0,1781.0,769.0,1035.0,1180.0
0.0,10907.0,2532.0,2542.0,2784.0,0.0,0.0,1762.0,780.0,1586.0,946.0
0.0,11159.0,2876.0,2551.0,0.0,1921.0,1921.0,1772.0,779.0,2330.0,546.0
0.0,8283.0,2865.0,2567.0,0.0,4850.0,4850.0,1800.0,767.0,2509.0,356.0
0.0,5418.0,2591.0,2575.0,1921.0,5552.0,5552.0,1819.0,756.0,1997.0,594.0
0.0,4748.0,2298.0,2568.0,4850.0,2972.0,2972.0,1810.0,758.0,1278.0,1020.0
0.0,7300.0,2281.0,2553.0,5552.0,0.0,0.0,1783.0,770.0,1086.0,1195.0
0.0,10571.0,2539.0,2546.0,2972.0,0.0,0.0,1765.0,781.0,1582.0,957.0
0.0,11004.0,2828.0,2556.0,0.0,2048.0,2048.0,1775.0,781.0,2287.0,541.0
0.0,8176.0,2837.0,2572.0,0.0,4949.0,4949.0,1802.0,770.0,2471.0,366.0
0.0,5339.0,2539.0,2579.0,2048.0,5468.0,5468.0,1820.0,759.0,1950.0,589.0
0.0,4848.0,2276.0,2571.0,4949.0,2763.0,2763.0,1811.0,760.0,1290.0,986.0
0.0,7521.0,2290.0,2557.0,5468.0,0.0,0.0,1785.0,772.0,1125.0,1165.0
0.0,10699.0,2567.0,2552.0,2763.0,0.0,0.0,1769.0,783.0,1621.0,946.0
0.0,10895.0,2810.0,2560.0,0.0,2155.0,2155.0,1778.0,782.0,2263.0,547.0
0.0,8085.0,2764.0,2576.0,0.0,4983.0,4983.0,1805.0,771.0,2401.0,363.0
0.0,5321.0,2479.0,2584.0,2155.0,5339.0,5339.0,1823.0,761.0,1896.0,583.0
0.0,4997.0,2230.0,2575.0,4983.0,2550.0,2550.0,1813.0,762.0,1247.0,983.0
0.0,7750.0,2273.0,2561.0,5339.0,0.0,0.0,1787.0,774.0,1123.0,1150.0
0.0,10816.0,2577.0,2556.0,2550.0,0.0,0.0,1771.0,785.0,1639.0,938.0
0.0,10789.0,2842.0,2564.0,0.0,2309.0,2309.0,1780.0,784.0,2288.0,554.0
0.0,7947.0,2862.0,2580.0,0.0,5235.0,5235.0,1807.0,773.0,2474.0,388.0
0.0,5085.0,2554.0,2587.0,2309.0,5508.0,5508.0,1825.0,762.0,1965.0,589.0
0.0,4840.0,2237.0,2579.0,5235.0,2478.0,2478.0,1816.0,763.0,1254.0,983.0
0.0,7838.0,2283.0,2566.0,5508.0,0.0,0.0,1791.0,775.0,1118.0,1165.0
0.0,11063.0,2608.0,2563.0,2478.0,0.0,0.0,1776.0,787.0,1647.0,961.0
0.0,10933.0,2897.0,2571.0,0.0,2248.0,2248.0,1785.0,786.0,2326.0,571.0
0.0,8036.0,2915.0,2586.0,0.0,5223.0,5223.0,1812.0,774.0,2537.0,378.0
0.0,5121.0,2628.0,2594.0,2248.0,5635.0,5635.0,1831.0,763.0,2051.0,577.0
0.0,4741.0,2313.0,2587.0,5223.0,2697.0,2697.0,1823.0,764.0,1332.0,981.0
0.0,7651.0,2308.0,2573.0,5635.0,0.0,0.0,1796.0,777.0,1126.0,1182.0
0.0,10978.0,2627.0,2566.0,2697.0,0.0,0.0,1778.0,788.0,1667.0,960.0
0.0,11048.0,2936.0,2572.0,0.0,2176.0,2176.0,1786.0,786.0,2378.0,558.0
0.0,8112.0,2964.0,2587.0,0.0,5200.0,5200.0,1813.0,774.0,2578.0,386.0
0.0,5148.0,2721.0,2597.0,2176.0,5785.0,5785.0,1833.0,764.0,2108.0,613.0
0.0,4603.0,2410.0,2592.0,5200.0,2975.0,2975.0,1827.0,765.0,1392.0,1018.0
0.0,7393.0,2305.0,2579.0,5785.0,0.0,0.0,1801.0,778.0,1111.0,1194.0
0.0,10873.0,2527.0,2570.0,2975.0,0.0,0.0,1781.0,789.0,1574.0,953.0
0.0,11321.0,2851.0,2574.0,0.0,1826.0,1826.0,1787.0,787.0,2314.0,537.0
0.0,8470.0,2947.0,2587.0,0.0,4825.0,4825.0,1813.0,774.0,2579.0,368.0
0.0,5523.0,2779.0,2598.0,1826.0,5822.0,5822.0,1834.0,764.0,2147.0,632.0
0.0,4570.0,2443.0,2595.0,4825.0,3428.0,3428.0,1829.0,766.0,1414.0,1029.0
0.0,6952.0,2282.0,2583.0,5822.0,0.0,0.0,1805.0,778.0,1109.0,1173.0
0.0,10492.0,2482.0,2574.0,3428.0,0.0,0.0,1786.0,788.0,1544.0,938.0
0.0,11438.0,2837.0,2578.0,0.0,1711.0,1711.0,1791.0,787.0,2270.0,567.0
0.0,8601.0,2933.0,2591.0,0.0,4696.0,4696.0,1816.0,775.0,2517.0,416.0
0.0,5668.0,2737.0,2600.0,1711.0,5758.0,5758.0,1835.0,765.0,2086.0,651.0
0.0,4642.0,2419.0,2597.0,4696.0,3469.0,3469.0,1831.0,766.0,1402.0,1017.0
0.0,6919.0,2304.0,2585.0,5758.0,0.0,0.0,1807.0,778.0,1148.0,1156.0
0.0,10373.0,2508.0,2576.0,3469.0,0.0,0.0,1788.0,788.0,1577.0,931.0
0.0,11334.0,2823.0,2581.0,0.0,1813.0,1813.0,1794.0,787.0,2270.0,553.0
0.0,8511.0,2952.0,2594.0,0.0,4817.0,4817.0,1818.0,776.0,2543.0,409.0
0.0,5559.0,2716.0,2603.0,1813.0,5756.0,5756.0,1838.0,765.0,2072.0,644.0
0.0,4656.0,2359.0,2601.0,4817.0,3290.0,3290.0,1834.0,767.0,1344.0,1015.0
0.0,7114.0,2234.0,2588.0,5756.0,0.0,0.0,1810.0,778.0,1082.0,1152.0
0.0,10636.0,2481.0,2581.0,3290.0,0.0,0.0,1792.0,789.0,1559.0,922.0
0.0,11445.0,2849.0,2585.0,0.0,1744.0,1744.0,1797.0,788.0,2307.0,542.0
0.0,8596.0,2932.0,2598.0,0.0,4728.0,4728.0,1822.0,776.0,2535.0,397.0
0.0,5664.0,2682.0,2605.0,1744.0,5694.0,5694.0,1840.0,765.0,2058.0,624.0
0.0,4726.0,2308.0,2601.0,4728.0,3258.0,3258.0,1835.0,766.0,1318.0,990.0
0.0,7146.0,2194.0,2589.0,5694.0,0.0,0.0,1812.0,777.0,1058.0,1136.0
0.0,10646.0,2442.0,2581.0,3258.0,0.0,0.0,1793.0,788.0,1527.0,915.0
0.0,11462.0,2824.0,2587.0,0.0,1710.0,1710.0,1800.0,787.0,2268.0,556.0
0.0,8638.0,2957.0,2600.0,0.0,4719.0,4719.0,1824.0,776.0,2547.0,410.0
0.0,5681.0,2657.0,2607.0,1710.0,5694.0,5694.0,1841.0,766.0,2035.0,622.0
0.0,4734.0,2316.0,2602.0,4719.0,3271.0,3271.0,1835.0,767.0,1313.0,1003.0
0.0,7137.0,2206.0,2591.0,5694.0,0.0,0.0,1812.0,779.0,1052.0,1154.0
0.0,10625.0,2517.0,2586.0,3271.0,0.0,0.0,1796.0,790.0,1574.0,943.0
0.0,11379.0,2850.0,2593.0,0.0,1843.0,1843.0,1804.0,789.0,2282.0,568.0
0.0,8529.0,2914.0,2606.0,0.0,4809.0,4809.0,1828.0,778.0,2511.0,403.0
0.0,5615.0,2638.0,2613.0,1843.0,5632.0,5632.0,1845.0,768.0,2022.0,616.0
0.0,4820.0,2302.0,2608.0,4809.0,3105.0,3105.0,1839.0,769.0,1296.0,1006.0
0.0,7327.0,2205.0,2596.0,5632.0,0.0,0.0,1815.0,781.0,1039.0,1166.0
0.0,10754.0,2451.0,2587.0,3105.0,0.0,0.0,1796.0,791.0,1529.0,922.0
0.0,11408.0,2850.0,2593.0,0.0,1814.0,1814.0,1803.0,790.0,2319.0,531.0
0.0,8558.0,3023.0,2608.0,0.0,4897.0,4897.0,1829.0,779.0,2620.0,403.0
0.0,5535.0,2792.0,2618.0,1814.0,5915.0,5915.0,1849.0,769.0,2132.0,660.0
0.0,4557.0,2413.0,2615.0,4897.0,3419.0,3419.0,1844.0,771.0,1366.0,1047.0
0.0,7041.0,2248.0,2602.0,5915.0,0.0,0.0,1820.0,782.0,1082.0,1166.0
0.0,10708.0,2461.0,2594.0,3419.0,0.0,0.0,1801.0,793.0,1556.0,905.0
0.0,11666.0,2866.0,2598.0,0.0,1592.0,1592.0,1806.0,792.0,2347.0,519.0
0.0,8800.0,3075.0,2612.0,0.0,4723.0,4723.0,1832.0,780.0,2668.0,407.0
0.0,5725.0,2903.0,2624.0,1592.0,6082.0,6082.0,1853.0,771.0,2220.0,683.0
0.0,4414.0,2516.0,2622.0,4723.0,3867.0,3867.0,1849.0,773.0,1433.0,1083.0
0.0,6621.0,2310.0,2610.0,6082.0,47.0,47.0,1824.0,786.0,1109.0,1201.0
0.0,10393.0,2495.0,2601.0,3867.0,0.0,0.0,1805.0,796.0,1580.0,915.0
0.0,11765.0,2860.0,2604.0,47.0,1464.0,1464.0,1810.0,794.0,2352.0,508.0
0.0,8952.0,3007.0,2615.0,0.0,4515.0,4515.0,1834.0,781.0,2637.0,370.0
0.0,5945.0,2832.0,2625.0,1464.0,5923.0,5923.0,1854.0,771.0,2174.0,658.0
0.0,4577.0,2512.0,2625.0,4515.0,3920.0,3920.0,1851.0,774.0,1425.0,1087.0
0.0,6580.0,2387.0,2616.0,5923.0,348.0,348.0,1829.0,787.0,1155.0,1232.0
0.0,10116.0,2570.0,2609.0,3920.0,0.0,0.0,1811.0,798.0,1623.0,947.0
0.0,11466.0,2838.0,2610.0,348.0,1464.0,1464.0,1814.0,796.0,2331.0,507.0
0.0,8976.0,2952.0,2620.0,0.0,4456.0,4456.0,1837.0,783.0,2580.0,372.0
0.0,6024.0,2775.0,2629.0,1464.0,5803.0,5803.0,1856.0,773.0,2113.0,662.0
0.0,4713.0,2467.0,2629.0,4456.0,3814.0,3814.0,1853.0,776.0,1381.0,1086.0
0.0,6702.0,2369.0,2620.0,5803.0,344.0,344.0,1831.0,789.0,1139.0,1230.0
0.0,10136.0,2536.0,2612.0,3814.0,0.0,0.0,1813.0,799.0,1596.0,940.0
0.0,11414.0,2830.0,2614.0,344.0,1528.0,1528.0,1818.0,796.0,2331.0,499.0
0.0,8928.0,2930.0,2624.0,0.0,4498.0,4498.0,1841.0,783.0,2580.0,350.0
0.0,5998.0,2737.0,2632.0,1528.0,5739.0,5739.0,1859.0,773.0,2101.0,636.0
0.0,4789.0,2453.0,2631.0,4498.0,3690.0,3690.0,1855.0,776.0,1367.0,1086.0
0.0,6834.0,2344.0,2622.0,5739.0,259.0,259.0,1833.0,789.0,1104.0,1240.0
0.0,10229.0,2506.0,2614.0,3690.0,0.0,0.0,1814.0,800.0,1568.0,938.0
0.0,11413.0,2808.0,2615.0,259.0,1596.0,1596.0,1819.0,796.0,2334.0,474.0
0.0,8864.0,2915.0,2626.0,0.0,4555.0,4555.0,1843.0,783.0,2585.0,330.0
0.0,5949.0,2758.0,2635.0,1596.0,5753.0,5753.0,1862.0,773.0,2106.0,652.0
0.0,4787.0,2469.0,2635.0,4555.0,3667.0,3667.0,1858.0,777.0,1354.0,1115.0
0.0,6873.0,2334.0,2626.0,5753.0,212.0,212.0,1835.0,791.0,1087.0,1247.0
0.0,10292.0,2556.0,2618.0,3667.0,0.0,0.0,1817.0,801.0,1621.0,935.0
0.0,11403.0,2829.0,2621.0,212.0,1698.0,1698.0,1823.0,798.0,2365.0,464.0
0.0,8786.0,2891.0,2633.0,0.0,4637.0,4637.0,1848.0,785.0,2577.0,314.0
0.0,5895.0,2662.0,2641.0,1698.0,5633.0,5633.0,1866.0,775.0,2020.0,642.0
0.0,4931.0,2361.0,2640.0,4637.0,3353.0,3353.0,1861.0,779.0,1246.0,1115.0
0.0,7207.0,2311.0,2630.0,5633.0,0.0,0.0,1837.0,793.0,1057.0,1254.0
0.0,10529.0,2557.0,2623.0,3353.0,0.0,0.0,1820.0,803.0,1625.0,932.0
0.0,11325.0,2871.0,2627.0,0.0,2054.0,2054.0,1827.0,800.0,2404.0,467.0
0.0,8454.0,2925.0,2638.0,0.0,5023.0,5023.0,1851.0,787.0,2598.0,327.0
0.0,5529.0,2627.0,2646.0,2054.0,5628.0,5628.0,1869.0,777.0,1991.0,636.0
0.0,4956.0,2330.0,2643.0,5023.0,2923.0,2923.0,1863.0,780.0,1228.0,1102.0
0.0,7649.0,2339.0,2633.0,5628.0,0.0,0.0,1840.0,793.0,1071.0,1268.0
0.0,10938.0,2610.0,2627.0,2923.0,0.0,0.0,1823.0,804.0,1655.0,955.0
0.0,11251.0,2896.0,2632.0,0.0,2173.0,2173.0,1831.0,801.0,2413.0,483.0
0.0,8355.0,2928.0,2644.0,0.0,5149.0,5149.0,1856.0,788.0,2605.0,323.0
0.0,5427.0,2641.0,2653.0,2173.0,5653.0,5653.0,1875.0,778.0,2016.0,625.0
0.0,4959.0,2328.0,2650.0,5149.0,2820.0,2820.0,1869.0,781.0,1225.0,1103.0
0.0,7780.0,2305.0,2640.0,5653.0,0.0,0.0,1844.0,796.0,1037.0,1268.0
0.0,11128.0,2604.0,2631.0,2820.0,0.0,0.0,1825.0,806.0,1652.0,952.0
0.0,11344.0,2946.0,2635.0,0.0,2142.0,2142.0,1832.0,803.0,2460.0,486.0
0.0,8398.0,3019.0,2646.0,0.0,5205.0,5205.0,1857.0,789.0,2679.0,340.0
0.0,5379.0,2731.0,2655.0,2142.0,5830.0,5830.0,1876.0,779.0,2086.0,645.0
0.0,4790.0,2355.0,2653.0,5205.0,2972.0,2972.0,1870.0,783.0,1249.0,1106.0
0.0,7640.0,2275.0,2642.0,5830.0,0.0,0.0,1845.0,797.0,1024.0,1251.0
0.0,11195.0,2589.0,2633.0,2972.0,0.0,0.0,1825.0,808.0,1638.0,951.0
0.0,11578.0,3020.0,2635.0,0.0,1982.0,1982.0,1831.0,804.0,2513.0,507.0
0.0,8558.0,3132.0,2646.0,0.0,5158.0,5158.0,1856.0,790.0,2767.0,365.0
0.0,5426.0,2842.0,2657.0,1982.0,6062.0,6062.0,1877.0,780.0,2163.0,679.0
0.0,4566.0,2403.0,2655.0,5158.0,3299.0,3299.0,1871.0,784.0,1292.0,1111.0
0.0,7321.0,2250.0,2644.0,6062.0,0.0,0.0,1846.0,798.0,1022.0,1228.0
0.0,11133.0,2591.0,2636.0,3299.0,0.0,0.0,1827.0,809.0,1667.0,924.0
0.0,11841.0,3056.0,2640.0,0.0,1775.0,1775.0,1834.0,806.0,2558.0,498.0
0.0,8785.0,3180.0,2653.0,0.0,5007.0,5007.0,1861.0,792.0,2800.0,380.0
0.0,5605.0,2797.0,2660.0,1775.0,6057.0,6057.0,1879.0,781.0,2110.0,687.0
0.0,4583.0,2296.0,2656.0,5007.0,3330.0,3330.0,1871.0,785.0,1186.0,1110.0
0.0,7294.0,2195.0,2643.0,6057.0,0.0,0.0,1844.0,799.0,953.0,1242.0
0.0,11156.0,2587.0,2636.0,3330.0,0.0,0.0,1827.0,809.0,1665.0,922.0
0.0,11899.0,3068.0,2642.0,0.0,1737.0,1737.0,1836.0,806.0,2581.0,487.0
0.0,8831.0,3177.0,2655.0,0.0,4966.0,4966.0,1863.0,792.0,2825.0,352.0
0.0,5654.0,2796.0,2664.0,1737.0,6061.0,6061.0,1883.0,781.0,2136.0,660.0
0.0,4595.0,2310.0,2659.0,4966.0,3385.0,3385.0,1875.0,784.0,1187.0,1123.0
0.0,7251.0,2182.0,2646.0,6061.0,0.0,0.0,1847.0,799.0,909.0,1273.0
0.0,11130.0,2534.0,2639.0,3385.0,0.0,0.0,1828.0,811.0,1583.0,951.0
0.0,11981.0,3029.0,2645.0,0.0,1628.0,1628.0,1837.0,808.0,2550.0,479.0
0.0,8952.0,3163.0,2658.0,0.0,4843.0,4843.0,1865.0,793.0,2843.0,320.0
0.0,5789.0,2807.0,2668.0,1628.0,6062.0,6062.0,1886.0,782.0,2164.0,643.0
0.0,4610.0,2338.0,2664.0,4843.0,3541.0,3541.0,1879.0,785.0,1216.0,1122.0
0.0,7115.0,2186.0,2652.0,6062.0,0.0,0.0,1852.0,800.0,915.0,1271.0
0.0,10991.0,2522.0,2644.0,3541.0,0.0,0.0,1832.0,812.0,1572.0,950.0
0.0,12010.0,3020.0,2649.0,0.0,1606.0,1606.0,1840.0,809.0,2538.0,482.0
0.0,8990.0,3169.0,2663.0,0.0,4831.0,4831.0,1869.0,794.0,2847.0,322.0
0.0,5821.0,2842.0,2672.0,1606.0,6103.0,6103.0,1890.0,782.0,2200.0,642.0
0.0,4585.0,2322.0,2669.0,4831.0,3582.0,3582.0,1883.0,786.0,1213.0,1109.0
0.0,7094.0,2124.0,2655.0,6103.0,0.0,0.0,1854.0,801.0,870.0,1254.0
0.0,11073.0,2478.0,2647.0,3582.0,0.0,0.0,1834.0,813.0,1539.0,939.0
0.0,12177.0,3018.0,2654.0,0.0,1457.0,1457.0,1844.0,810.0,2540.0,478.0
0.0,9159.0,3227.0,2670.0,0.0,4748.0,4748.0,1875.0,795.0,2881.0,346.0
0.0,5932.0,2865.0,2680.0,1457.0,6196.0,6196.0,1897.0,783.0,2208.0,657.0
0.0,4524.0,2291.0,2675.0,4748.0,3719.0,3719.0,1889.0,786.0,1194.0,1097.0
0.0,6981.0,2051.0,2660.0,6196.0,0.0,0.0,1859.0,801.0,818.0,1233.0
0.0,11126.0,2392.0,2650.0,3719.0,0.0,0.0,1837.0,813.0,1468.0,924.0
0.0,12453.0,2988.0,2656.0,0.0,1159.0,1159.0,1846.0,810.0,2479.0,509.0
0.0,9465.0,3213.0,2673.0,0.0,4440.0,4440.0,1877.0,796.0,2839.0,374.0
0.0,6252.0,2867.0,2684.0,1159.0,6192.0,6192.0,1899.0,785.0,2196.0,671.0
0.0,4544.0,2307.0,2678.0,4440.0,4035.0,4035.0,1891.0,787.0,1221.0,1086.0
0.0,6677.0,2115.0,2663.0,6192.0,0.0,0.0,1862.0,801.0,900.0,1215.0
0.0,10754.0,2453.0,2653.0,4035.0,0.0,0.0,1840.0,813.0,1503.0,950.0
0.0,12336.0,3001.0,2661.0,0.0,1309.0,1309.0,1849.0,812.0,2444.0,557.0
0.0,9335.0,3176.0,2677.0,0.0,4549.0,4549.0,1878.0,799.0,2775.0,401.0
0.0,6159.0,2819.0,2687.0,1309.0,6099.0,6099.0,1900.0,787.0,2166.0,653.0
0.0,4649.0,2315.0,2681.0,4549.0,3841.0,3841.0,1892.0,789.0,1246.0,1069.0
0.0,6883.0,2150.0,2666.0,6099.0,0.0,0.0,1863.0,803.0,920.0,1230.0
0.0,10832.0,2532.0,2657.0,3841.0,0.0,0.0,1841.0,816.0,1556.0,976.0
0.0,12141.0,3051.0,2663.0,0.0,1562.0,1562.0,1849.0,814.0,2497.0,554.0
0.0,9090.0,3225.0,2679.0,0.0,4851.0,4851.0,1879.0,800.0,2832.0,393.0
0.0,5865.0,2877.0,2691.0,1562.0,6214.0,6214.0,1902.0,789.0,2221.0,656.0
0.0,4550.0,2405.0,2687.0,4851.0,3752.0,3752.0,1896.0,791.0,1313.0,1092.0
0.0,6996.0,2283.0,2674.0,6214.0,0.0,0.0,1868.0,806.0,1027.0,1256.0
0.0,10927.0,2641.0,2664.0,3752.0,0.0,0.0,1846.0,818.0,1650.0,991.0
0.0,12038.0,3098.0,2669.0,0.0,1736.0,1736.0,1854.0,815.0,2548.0,550.0
0.0,8940.0,3190.0,2685.0,0.0,4990.0,4990.0,1883.0,802.0,2800.0,390.0
0.0,5750.0,2831.0,2696.0,1736.0,6129.0,6129.0,1905.0,791.0,2169.0,662.0
0.0,4655.0,2414.0,2692.0,4990.0,3537.0,3537.0,1898.0,794.0,1311.0,1103.0
0.0,7231.0,2323.0,2678.0,6129.0,0.0,0.0,1869.0,809.0,1064.0,1259.0
0.0,11037.0,2654.0,2667.0,3537.0,0.0,0.0,1847.0,820.0,1676.0,978.0
0.0,11920.0,3103.0,2674.0,0.0,1879.0,1879.0,1856.0,818.0,2555.0,548.0
0.0,8817.0,3228.0,2692.0,0.0,5179.0,5179.0,1888.0,804.0,2846.0,382.0
0.0,5589.0,2853.0,2704.0,1879.0,6201.0,6201.0,1912.0,792.0,2201.0,652.0
0.0,4615.0,2381.0,2700.0,5179.0,3387.0,3387.0,1904.0,796.0,1280.0,1101.0
0.0,7413.0,2254.0,2685.0,6201.0,0.0,0.0,1874.0,811.0,983.0,1271.0
0.0,11360.0,2580.0,2673.0,3387.0,0.0,0.0,1850.0,823.0,1592.0,988.0
0.0,12167.0,3037.0,2677.0,0.0,1578.0,1578.0,1857.0,820.0,2506.0,531.0
0.0,9130.0,3162.0,2694.0,0.0,4808.0,4808.0,1888.0,806.0,2810.0,352.0
0.0,5968.0,2853.0,2707.0,1578.0,6135.0,6135.0,1913.0,794.0,2199.0,654.0
0.0,4693.0,2406.0,2705.0,4808.0,3725.0,3725.0,1908.0,797.0,1295.0,1111.0
0.0,7095.0,2245.0,2689.0,6135.0,0.0,0.0,1877.0,812.0,982.0,1263.0
0.0,10985.0,2504.0,2676.0,3725.0,0.0,0.0,1852.0,824.0,1545.0,959.0
0.0,12206.0,2972.0,2679.0,0.0,1482.0,1482.0,1858.0,821.0,2468.0,504.0
0.0,9234.0,3195.0,2696.0,0.0,4745.0,4745.0,1889.0,807.0,2828.0,367.0
0.0,6039.0,2902.0,2710.0,1482.0,6221.0,6221.0,1915.0,795.0,2230.0,672.0
0.0,4619.0,2406.0,2708.0,4745.0,3874.0,3874.0,1909.0,799.0,1287.0,1119.0
0.0,6958.0,2195.0,2691.0,6221.0,0.0,0.0,1878.0,813.0,944.0,1251.0
0.0,10984.0,2500.0,2679.0,3874.0,0.0,0.0,1854.0,825.0,1565.0,935.0
0.0,12358.0,3004.0,2682.0,0.0,1374.0,1374.0,1860.0,822.0,2512.0,492.0
0.0,9354.0,3210.0,2700.0,0.0,4656.0,4656.0,1892.0,808.0,2860.0,350.0
0.0,6144.0,2888.0,2714.0,1374.0,6226.0,6226.0,1918.0,796.0,2224.0,664.0
0.0,4630.0,2382.0,2712.0,4656.0,3944.0,3944.0,1912.0,800.0,1273.0,1109.0
0.0,6904.0,2185.0,2697.0,6226.0,0.0,0.0,1882.0,815.0,936.0,1249.0
0.0,10945.0,2475.0,2682.0,3944.0,0.0,0.0,1856.0,826.0,1543.0,932.0
0.0,12414.0,2976.0,2684.0,0.0,1298.0,1298.0,1862.0,822.0,2505.0,471.0
0.0,9438.0,3189.0,2701.0,0.0,4555.0,4555.0,1893.0,808.0,2852.0,337.0
0.0,6249.0,2886.0,2718.0,1298.0,6211.0,6211.0,1921.0,797.0,2229.0,657.0
0.0,4661.0,2382.0,2717.0,4555.0,4034.0,4034.0,1916.0,801.0,1240.0,1142.0
0.0,6834.0,2170.0,2701.0,6211.0,0.0,0.0,1886.0,815.0,898.0,1272.0
0.0,10875.0,2487.0,2687.0,4034.0,0.0,0.0,1861.0,826.0,1549.0,938.0
0.0,12422.0,2967.0,2689.0,0.0,1301.0,1301.0,1867.0,822.0,2503.0,464.0
0.0,9455.0,3128.0,2705.0,0.0,4493.0,4493.0,1898.0,807.0,2813.0,315.0
0.0,6327.0,2800.0,2718.0,1301.0,6044.0,6044.0,1921.0,797.0,2138.0,662.0
0.0,4828.0,2322.0,2716.0,4493.0,3865.0,3865.0,1915.0,801.0,1176.0,1146.0
0.0,6999.0,2216.0,2701.0,6044.0,0.0,0.0,1886.0,815.0,917.0,1299.0
0.0,10827.0,2556.0,2689.0,3865.0,0.0,0.0,1863.0,826.0,1597.0,959.0
0.0,12136.0,3061.0,2694.0,0.0,1701.0,1701.0,1871.0,823.0,2566.0,495.0
0.0,9075.0,3206.0,2711.0,0.0,4975.0,4975.0,1902.0,809.0,2850.0,356.0
0.0,5869.0,2883.0,2724.0,1701.0,6209.0,6209.0,1926.0,798.0,2210.0,673.0
0.0,4687.0,2390.0,2722.0,4975.0,3616.0,3616.0,1921.0,801.0,1259.0,1131.0
0.0,7272.0,2207.0,2705.0,6209.0,0.0,0.0,1890.0,815.0,921.0,1286.0
0.0,11274.0,2547.0,2692.0,3616.0,0.0,0.0,1866.0,826.0,1576.0,971.0
0.0,12343.0,3109.0,2697.0,0.0,1554.0,1554.0,1873.0,824.0,2586.0,523.0
0.0,9234.0,3335.0,2715.0,0.0,4961.0,4961.0,1905.0,810.0,2955.0,380.0
0.0,5899.0,3005.0,2729.0,1554.0,6468.0,6468.0,1930.0,799.0,2315.0,690.0
0.0,4448.0,2466.0,2725.0,4961.0,3957.0,3957.0,1923.0,802.0,1333.0,1133.0
0.0,6943.0,2250.0,2709.0,6468.0,0.0,0.0,1893.0,816.0,972.0,1278.0
0.0,11161.0,2565.0,2697.0,3957.0,0.0,0.0,1869.0,828.0,1563.0,1002.0
0.0,12553.0,3116.0,2702.0,0.0,1371.0,1371.0,1876.0,826.0,2537.0,579.0
0.0,9437.0,3360.0,2721.0,0.0,4807.0,4807.0,1908.0,813.0,2937.0,423.0
0.0,6077.0,3028.0,2734.0,1371.0,6516.0,6516.0,1932.0,802.0,2347.0,681.0
0.0,4420.0,2482.0,2731.0,4807.0,4179.0,4179.0,1927.0,804.0,1375.0,1107.0
0.0,6745.0,2254.0,2714.0,6516.0,0.0,0.0,1896.0,818.0,987.0,1267.0
0.0,11007.0,2581.0,2702.0,4179.0,0.0,0.0,1872.0,830.0,1593.0,988.0
0.0,12605.0,3099.0,2707.0,0.0,1322.0,1322.0,1879.0,828.0,2538.0,561.0
0.0,9506.0,3249.0,2723.0,0.0,4635.0,4635.0,1909.0,814.0,2866.0,383.0
0.0,6257.0,2913.0,2737.0,1322.0,6282.0,6282.0,1934.0,803.0,2247.0,666.0
0.0,4666.0,2432.0,2733.0,4635.0,4063.0,4063.0,1928.0,805.0,1309.0,1123.0
0.0,6869.0,2307.0,2719.0,6282.0,32.0,32.0,1899.0,820.0,1003.0,1304.0
0.0,10844.0,2634.0,2709.0,4063.0,0.0,0.0,1876.0,833.0,1617.0,1017.0
0.0,12273.0,3076.0,2714.0,32.0,1627.0,1627.0,1883.0,831.0,2529.0,547.0
0.0,9229.0,3163.0,2728.0,0.0,4846.0,4846.0,1912.0,816.0,2812.0,351.0
0.0,6066.0,2834.0,2739.0,1627.0,6097.0,6097.0,1935.0,804.0,2198.0,636.0
0.0,4859.0,2439.0,2738.0,4846.0,3686.0,3686.0,1931.0,807.0,1326.0,1113.0
0.0,7266.0,2376.0,2727.0,6097.0,0.0,0.0,1904.0,823.0,1068.0,1308.0
0.0,10987.0,2706.0,2717.0,3686.0,0.0,0.0,1882.0,835.0,1687.0,1019.0
0.0,11967.0,3077.0,2720.0,0.0,1990.0,1990.0,1888.0,832.0,2555.0,522.0
0.0,8890.0,3112.0,2734.0,0.0,5158.0,5158.0,1917.0,817.0,2796.0,316.0
0.0,5778.0,2760.0,2745.0,1990.0,5972.0,5972.0,1941.0,804.0,2153.0,607.0
0.0,5008.0,2380.0,2743.0,5158.0,3186.0,3186.0,1935.0,808.0,1281.0,1099.0
0.0,7786.0,2384.0,2731.0,5972.0,0.0,0.0,1908.0,823.0,1077.0,1307.0
0.0,11374.0,2739.0,2722.0,3186.0,0.0,0.0,1886.0,836.0,1715.0,1024.0
0.0,11821.0,3088.0,2725.0,0.0,2167.0,2167.0,1892.0,833.0,2570.0,518.0
0.0,8733.0,3074.0,2739.0,0.0,5297.0,5297.0,1921.0,818.0,2767.0,307.0
0.0,5659.0,2714.0,2749.0,2167.0,5884.0,5884.0,1944.0,805.0,2121.0,593.0
0.0,5112.0,2334.0,2746.0,5297.0,2909.0,2909.0,1938.0,808.0,1243.0,1091.0
0.0,8075.0,2309.0,2733.0,5884.0,0.0,0.0,1909.0,824.0,1003.0,1306.0
0.0,11650.0,2660.0,2724.0,2909.0,0.0,0.0,1886.0,838.0,1642.0,1018.0
0.0,11899.0,3000.0,2726.0,0.0,2005.0,2005.0,1891.0,835.0,2493.0,507.0
0.0,8899.0,3050.0,2738.0,0.0,5103.0,5103.0,1920.0,818.0,2762.0,288.0
0.0,5849.0,2793.0,2750.0,2005.0,5939.0,5939.0,1945.0,805.0,2202.0,591.0
0.0,5061.0,2444.0,2750.0,5103.0,3280.0,3280.0,1941.0,809.0,1318.0,1126.0
0.0,7720.0,2334.0,2738.0,5939.0,0.0,0.0,1912.0,826.0,982.0,1352.0
0.0,11325.0,2596.0,2727.0,3280.0,0.0,0.0,1887.0,840.0,1557.0,1039.0
0.0,12009.0,2991.0,2731.0,0.0,1906.0,1906.0,1894.0,837.0,2489.0,502.0
0.0,9018.0,3109.0,2746.0,0.0,5075.0,5075.0,1926.0,820.0,2822.0,287.0
0.0,5909.0,2865.0,2758.0,1906.0,6082.0,6082.0,1951.0,807.0,2245.0,620.0
0.0,4950.0,2484.0,2757.0,5075.0,3487.0,3487.0,1946.0,811.0,1316.0,1168.0
0.0,7541.0,2352.0,2743.0,6082.0,0.0,0.0,1915.0,828.0,976.0,1376.0
0.0,11271.0,2567.0,2731.0,3487.0,0.0,0.0,1890.0,841.0,1540.0,1027.0
0.0,12191.0,2975.0,2732.0,0.0,1712.0,1712.0,1895.0,837.0,2484.0,491.0
0.0,9216.0,3136.0,2747.0,0.0,4908.0,4908.0,1926.0,821.0,2848.0,288.0
0.0,6080.0,2924.0,2761.0,1712.0,6176.0,6176.0,1952.0,809.0,2281.0,643.0
0.0,4868.0,2534.0,2761.0,4908.0,3802.0,3802.0,1948.0,813.0,1343.0,1191.0
0.0,7242.0,2403.0,2748.0,6176.0,0.0,0.0,1918.0,830.0,1021.0,1382.0
0.0,11015.0,2716.0,2735.0,3802.0,0.0,0.0,1893.0,842.0,1684.0,1032.0
0.0,12101.0,3109.0,2737.0,0.0,1956.0,1956.0,1899.0,838.0,2613.0,496.0
0.0,8992.0,3202.0,2752.0,0.0,5218.0,5218.0,1929.0,823.0,2892.0,310.0
0.0,5790.0,2924.0,2764.0,1956.0,6234.0,6234.0,1953.0,811.0,2251.0,673.0
0.0,4822.0,2545.0,2764.0,5218.0,3561.0,3561.0,1949.0,815.0,1349.0,1196.0
0.0,7495.0,2478.0,2752.0,6234.0,0.0,0.0,1922.0,830.0,1102.0,1376.0
0.0,11251.0,2776.0,2741.0,3561.0,0.0,0.0,1899.0,842.0,1733.0,1043.0
0.0,12036.0,3117.0,2743.0,0.0,2053.0,2053.0,1904.0,839.0,2608.0,509.0
0.0,8919.0,3131.0,2754.0,0.0,5228.0,5228.0,1931.0,823.0,2817.0,314.0
0.0,5788.0,2855.0,2767.0,2053.0,6082.0,6082.0,1955.0,812.0,2200.0,655.0
0.0,4986.0,2559.0,2766.0,5228.0,3409.0,3409.0,1950.0,816.0,1357.0,1202.0
0.0,7655.0,2490.0,2754.0,6082.0,0.0,0.0,1922.0,832.0,1094.0,1396.0
0.0,11247.0,2726.0,2744.0,3409.0,0.0,0.0,1900.0,844.0,1686.0,1040.0
0.0,11930.0,3043.0,2746.0,0.0,2097.0,2097.0,1905.0,841.0,2536.0,507.0
0.0,8887.0,3113.0,2760.0,0.0,5266.0,5266.0,1934.0,826.0,2799.0,314.0
0.0,5774.0,2862.0,2771.0,2097.0,6075.0,6075.0,1957.0,814.0,2196.0,666.0
0.0,5009.0,2570.0,2769.0,5266.0,3371.0,3371.0,1952.0,817.0,1364.0,1206.0
0.0,7705.0,2490.0,2758.0,6075.0,0.0,0.0,1925.0,833.0,1102.0,1388.0
0.0,11290.0,2702.0,2749.0,3371.0,0.0,0.0,1903.0,846.0,1677.0,1025.0
0.0,11959.0,2993.0,2752.0,0.0,2042.0,2042.0,1909.0,843.0,2506.0,487.0
0.0,8966.0,3096.0,2765.0,0.0,5190.0,5190.0,1937.0,828.0,2786.0,310.0
0.0,5870.0,2878.0,2775.0,2042.0,6066.0,6066.0,1959.0,816.0,2216.0,662.0
0.0,5034.0,2564.0,2772.0,5190.0,3428.0,3428.0,1953.0,819.0,1375.0,1189.0
0.0,7660.0,2472.0,2760.0,6066.0,0.0,0.0,1925.0,835.0,1114.0,1358.0
0.0,11254.0,2690.0,2752.0,3428.0,0.0,0.0,1904.0,848.0,1690.0,1000.0
0.0,11992.0,3010.0,2757.0,0.0,2046.0,2046.0,1911.0,846.0,2521.0,489.0
0.0,8982.0,3113.0,2771.0,0.0,5215.0,5215.0,1940.0,831.0,2791.0,322.0
0.0,5869.0,2876.0,2780.0,2046.0,6081.0,6081.0,1962.0,818.0,2220.0,656.0
0.0,5039.0,2530.0,2776.0,5215.0,3380.0,3380.0,1955.0,821.0,1376.0,1154.0
0.0,7724.0,2413.0,2763.0,6081.0,0.0,0.0,1927.0,836.0,1093.0,1320.0
0.0,11392.0,2644.0,2755.0,3380.0,0.0,0.0,1906.0,849.0,1664.0,980.0
0.0,12128.0,2971.0,2760.0,0.0,1883.0,1883.0,1913.0,847.0,2495.0,476.0
0.0,9157.0,3103.0,2775.0,0.0,5046.0,5046.0,1943.0,832.0,2793.0,310.0
0.0,6054.0,2883.0,2785.0,1883.0,6086.0,6086.0,1966.0,819.0,2234.0,649.0
0.0,5054.0,2542.0,2783.0,5046.0,3574.0,3574.0,1961.0,822.0,1380.0,1162.0
0.0,7558.0,2397.0,2772.0,6086.0,0.0,0.0,1934.0,838.0,1061.0,1336.0
0.0,11247.0,2576.0,2762.0,3574.0,0.0,0.0,1911.0,851.0,1591.0,985.0
0.0,12245.0,2925.0,2765.0,0.0,1740.0,1740.0,1916.0,849.0,2455.0,470.0
0.0,9320.0,3030.0,2777.0,0.0,4818.0,4818.0,1944.0,833.0,2737.0,293.0
0.0,6290.0,2820.0,2786.0,1740.0,5934.0,5934.0,1967.0,819.0,2187.0,633.0
0.0,5210.0,2503.0,2785.0,4818.0,3615.0,3615.0,1963.0,822.0,1346.0,1157.0
0.0,7525.0,2389.0,2773.0,5934.0,22.0,22.0,1935.0,838.0,1041.0,1348.0
0.0,11070.0,2639.0,2764.0,3615.0,0.0,0.0,1912.0,852.0,1621.0,1018.0
0.0,12046.0,2960.0,2765.0,22.0,1952.0,1952.0,1916.0,849.0,2477.0,483.0
0.0,9108.0,3056.0,2777.0,0.0,5056.0,5056.0,1944.0,833.0,2754.0,302.0
0.0,6052.0,2873.0,2787.0,1952.0,6017.0,6017.0,1968.0,819.0,2224.0,649.0
0.0,5131.0,2558.0,2787.0,5056.0,3519.0,3519.0,1965.0,822.0,1370.0,1188.0
0.0,7629.0,2481.0,2777.0,6017.0,0.0,0.0,1938.0,839.0,1109.0,1372.0
0.0,11165.0,2730.0,2769.0,3519.0,0.0,0.0,1916.0,853.0,1708.0,1022.0
0.0,11954.0,3000.0,2771.0,0.0,2130.0,2130.0,1921.0,850.0,2519.0,481.0
0.0,8954.0,3080.0,2781.0,0.0,5250.0,5250.0,1948.0,833.0,2777.0,303.0
0.0,5874.0,2897.0,2791.0,2130.0,6057.0,6057.0,1972.0,819.0,2233.0,664.0
0.0,5107.0,2670.0,2789.0,5250.0,3469.0,3469.0,1967.0,822.0,1457.0,1213.0
0.0,7687.0,2612.0,2780.0,6057.0,0.0,0.0,1940.0,840.0,1209.0,1403.0
0.0,11132.0,2812.0,2772.0,3469.0,0.0,0.0,1918.0,854.0,1749.0,1063.0
0.0,11789.0,3076.0,2775.0,0.0,2387.0,2387.0,1924.0,851.0,2554.0,522.0
0.0,8713.0,3101.0,2786.0,0.0,5532.0,5532.0,1952.0,834.0,2791.0,310.0
0.0,5612.0,2902.0,2794.0,2387.0,6079.0,6079.0,1974.0,820.0,2257.0,645.0
0.0,5097.0,2693.0,2793.0,5532.0,3236.0,3236.0,1970.0,823.0,1499.0,1194.0
0.0,7936.0,2661.0,2784.0,6079.0,0.0,0.0,1943.0,841.0,1230.0,1431.0
0.0,11354.0,2831.0,2778.0,3236.0,0.0,0.0,1922.0,856.0,1742.0,1089.0
0.0,11759.0,3039.0,2781.0,0.0,2404.0,2404.0,1928.0,853.0,2515.0,524.0
0.0,8720.0,3034.0,2791.0,0.0,5478.0,5478.0,1955.0,836.0,2749.0,285.0
0.0,5686.0,2841.0,2797.0,2404.0,5939.0,5939.0,1977.0,820.0,2236.0,605.0
0.0,5249.0,2663.0,2796.0,5478.0,3120.0,3120.0,1973.0,823.0,1472.0,1191.0
0.0,8064.0,2652.0,2789.0,5939.0,0.0,0.0,1948.0,841.0,1211.0,1441.0
0.0,11351.0,2813.0,2783.0,3120.0,0.0,0.0,1927.0,856.0,1711.0,1102.0
0.0,11658.0,2983.0,2786.0,0.0,2469.0,2469.0,1932.0,854.0,2463.0,520.0
0.0,8675.0,3005.0,2794.0,0.0,5506.0,5506.0,1958.0,836.0,2731.0,274.0
0.0,5670.0,2858.0,2801.0,2469.0,5923.0,5923.0,1980.0,821.0,2250.0,608.0
0.0,5281.0,2696.0,2801.0,5506.0,3113.0,3113.0,1977.0,824.0,1507.0,1189.0
0.0,8091.0,2654.0,2794.0,5923.0,0.0,0.0,1952.0,842.0,1231.0,1423.0
0.0,11360.0,2778.0,2788.0,3113.0,0.0,0.0,1931.0,857.0,1696.0,1082.0
0.0,11695.0,2929.0,2789.0,0.0,2390.0,2390.0,1935.0,854.0,2421.0,508.0
0.0,8766.0,2981.0,2797.0,0.0,5403.0,5403.0,1961.0,836.0,2707.0,274.0
0.0,5785.0,2845.0,2805.0,2390.0,5890.0,5890.0,1983.0,822.0,2243.0,602.0
0.0,5330.0,2690.0,2804.0,5403.0,3173.0,3173.0,1979.0,825.0,1517.0,1173.0
0.0,8043.0,2641.0,2798.0,5890.0,0.0,0.0,1955.0,843.0,1234.0,1407.0
0.0,11292.0,2725.0,2790.0,3173.0,0.0,0.0,1933.0,857.0,1672.0,1053.0
0.0,11740.0,2890.0,2790.0,0.0,2310.0,2310.0,1937.0,853.0,2412.0,478.0
0.0,8850.0,2997.0,2799.0,0.0,5343.0,5343.0,1963.0,836.0,2739.0,258.0
0.0,5853.0,2915.0,2808.0,2310.0,5984.0,5984.0,1986.0,822.0,2310.0,605.0
0.0,5248.0,2697.0,2810.0,5343.0,3346.0,3346.0,1984.0,826.0,1528.0,1169.0
0.0,7894.0,2543.0,2801.0,5984.0,0.0,0.0,1958.0,843.0,1158.0,1385.0
0.0,11335.0,2604.0,2792.0,3346.0,0.0,0.0,1934.0,858.0,1554.0,1050.0
0.0,12077.0,2835.0,2790.0,0.0,1918.0,1918.0,1936.0,854.0,2349.0,486.0
0.0,9242.0,3000.0,2800.0,0.0,4958.0,4958.0,1963.0,837.0,2748.0,252.0
0.0,6242.0,2906.0,2810.0,1918.0,5986.0,5986.0,1987.0,823.0,2310.0,596.0
0.0,5254.0,2659.0,2811.0,4958.0,3691.0,3691.0,1985.0,826.0,1498.0,1161.0
0.0,7553.0,2542.0,2804.0,5986.0,219.0,219.0,1960.0,844.0,1148.0,1394.0
0.0,10997.0,2642.0,2796.0,3691.0,0.0,0.0,1938.0,858.0,1586.0,1056.0
0.0,12046.0,2872.0,2797.0,219.0,1795.0,1795.0,1941.0,856.0,2374.0,498.0
0.0,9393.0,2965.0,2806.0,0.0,4796.0,4796.0,1967.0,839.0,2696.0,269.0
0.0,6428.0,2874.0,2815.0,1795.0,5911.0,5911.0,1991.0,824.0,2271.0,603.0
0.0,5349.0,2662.0,2815.0,4796.0,3777.0,3777.0,1988.0,827.0,1492.0,1170.0
0.0,7483.0,2566.0,2808.0,5911.0,404.0,404.0,1963.0,845.0,1148.0,1418.0
0.0,10828.0,2705.0,2801.0,3777.0,0.0,0.0,1941.0,860.0,1624.0,1081.0
0.0,11900.0,2903.0,2803.0,404.0,1811.0,1811.0,1945.0,858.0,2403.0,500.0
0.0,9401.0,2989.0,2811.0,0.0,4832.0,4832.0,1971.0,840.0,2734.0,255.0
0.0,6412.0,2901.0,2819.0,1811.0,5954.0,5954.0,1994.0,825.0,2293.0,608.0
0.0,5322.0,2737.0,2818.0,4832.0,3855.0,3855.0,1990.0,828.0,1538.0,1199.0
0.0,7417.0,2701.0,2813.0,5954.0,582.0,582.0,1966.0,847.0,1258.0,1443.0
0.0,10670.0,2791.0,2808.0,3855.0,0.0,0.0,1946.0,862.0,1712.0,1079.0
0.0,11734.0,2962.0,2809.0,582.0,1882.0,1882.0,1950.0,859.0,2460.0,502.0
0.0,9354.0,3034.0,2816.0,0.0,4944.0,4944.0,1975.0,841.0,2750.0,284.0
0.0,6320.0,2917.0,2821.0,1882.0,5999.0,5999.0,1995.0,826.0,2280.0,637.0
0.0,5285.0,2789.0,2821.0,4944.0,3844.0,3844.0,1992.0,829.0,1568.0,1221.0
0.0,7440.0,2778.0,2815.0,5999.0,599.0,599.0,1968.0,847.0,1331.0,1447.0
0.0,10661.0,2901.0,2812.0,3844.0,0.0,0.0,1950.0,862.0,1816.0,1085.0
0.0,11604.0,3004.0,2813.0,599.0,2053.0,2053.0,1954.0,859.0,2496.0,508.0
0.0,9199.0,3016.0,2820.0,0.0,5097.0,5097.0,1978.0,842.0,2714.0,302.0
0.0,6183.0,2953.0,2825.0,2053.0,6017.0,6017.0,1998.0,827.0,2291.0,662.0
0.0,5283.0,2891.0,2826.0,5097.0,3815.0,3815.0,1996.0,830.0,1650.0,1241.0
0.0,7489.0,2849.0,2823.0,6017.0,635.0,635.0,1975.0,848.0,1385.0,1464.0
0.0,10657.0,2864.0,2820.0,3815.0,0.0,0.0,1956.0,864.0,1766.0,1098.0
0.0,11608.0,2888.0,2820.0,635.0,1925.0,1925.0,1958.0,862.0,2381.0,507.0
0.0,9355.0,2916.0,2826.0,0.0,4865.0,4865.0,1981.0,845.0,2628.0,288.0
0.0,6439.0,2903.0,2829.0,1925.0,5855.0,5855.0,2000.0,829.0,2244.0,659.0
0.0,5461.0,2898.0,2831.0,4865.0,3896.0,3896.0,1999.0,832.0,1642.0,1256.0
0.0,7428.0,2872.0,2830.0,5855.0,909.0,909.0,1979.0,851.0,1399.0,1473.0
0.0,10411.0,2839.0,2826.0,3896.0,0.0,0.0,1960.0,866.0,1752.0,1087.0
0.0,11468.0,2860.0,2826.0,909.0,1787.0,1787.0,1962.0,864.0,2368.0,492.0
0.0,9517.0,2883.0,2830.0,0.0,4686.0,4686.0,1983.0,847.0,2608.0,275.0
0.0,6634.0,2896.0,2835.0,1787.0,5815.0,5815.0,2003.0,832.0,2253.0,643.0
0.0,5525.0,2874.0,2837.0,4686.0,4011.0,4011.0,2002.0,835.0,1635.0,1239.0
0.0,7337.0,2851.0,2835.0,5815.0,1039.0,1039.0,1982.0,853.0,1392.0,1459.0
0.0,10301.0,2804.0,2831.0,4011.0,0.0,0.0,1963.0,868.0,1730.0,1074.0
0.0,11508.0,2813.0,2831.0,1039.0,1590.0,1590.0,1965.0,866.0,2334.0,479.0
0.0,9734.0,2834.0,2834.0,0.0,4436.0,4436.0,1985.0,849.0,2566.0,268.0
0.0,6900.0,2855.0,2838.0,1590.0,5717.0,5717.0,2004.0,834.0,2214.0,641.0
0.0,5635.0,2852.0,2840.0,4436.0,4141.0,4141.0,2003.0,837.0,1627.0,1225.0
0.0,7219.0,2880.0,2840.0,5717.0,1304.0,1304.0,1984.0,856.0,1443.0,1437.0
0.0,10056.0,2862.0,2837.0,4141.0,13.0,13.0,1966.0,871.0,1790.0,1072.0
0.0,11335.0,2848.0,2836.0,1304.0,1553.0,1553.0,1967.0,869.0,2374.0,474.0
0.0,9791.0,2828.0,2839.0,13.0,4380.0,4380.0,1988.0,851.0,2587.0,241.0
0.0,6976.0,2822.0,2844.0,1553.0,5669.0,5669.0,2008.0,836.0,2207.0,615.0
0.0,5707.0,2789.0,2848.0,4380.0,4094.0,4094.0,2009.0,839.0,1589.0,1200.0
0.0,7298.0,2798.0,2847.0,5669.0,1219.0,1219.0,1990.0,857.0,1376.0,1422.0
0.0,10169.0,2840.0,2844.0,4094.0,0.0,0.0,1972.0,872.0,1792.0,1048.0
0.0,11423.0,2860.0,2843.0,1219.0,1590.0,1590.0,1973.0,870.0,2404.0,456.0
0.0,9782.0,2840.0,2846.0,0.0,4442.0,4442.0,1994.0,852.0,2587.0,253.0
0.0,6942.0,2764.0,2851.0,1590.0,5636.0,5636.0,2014.0,837.0,2144.0,620.0
0.0,5768.0,2725.0,2852.0,4442.0,3923.0,3923.0,2012.0,840.0,1532.0,1193.0
0.0,7485.0,2766.0,2850.0,5636.0,1045.0,1045.0,1993.0,857.0,1353.0,1413.0
0.0,10355.0,2836.0,2848.0,3923.0,0.0,0.0,1975.0,873.0,1772.0,1064.0
0.0,11442.0,2868.0,2847.0,1045.0,1769.0,1769.0,1977.0,870.0,2390.0,478.0
0.0,9619.0,2833.0,2851.0,0.0,4618.0,4618.0,1998.0,853.0,2575.0,258.0
0.0,6786.0,2778.0,2855.0,1769.0,5643.0,5643.0,2018.0,837.0,2164.0,614.0
0.0,5777.0,2799.0,2857.0,4618.0,3832.0,3832.0,2017.0,840.0,1597.0,1202.0
0.0,7596.0,2866.0,2856.0,5643.0,1051.0,1051.0,1998.0,858.0,1427.0,1439.0
0.0,10373.0,2889.0,2855.0,3832.0,104.0,104.0,1981.0,874.0,1805.0,1084.0
0.0,11316.0,2847.0,2853.0,1051.0,1892.0,1892.0,1982.0,871.0,2363.0,484.0
0.0,9520.0,2825.0,2855.0,104.0,4621.0,4621.0,2002.0,853.0,2576.0,249.0
0.0,6799.0,2818.0,2857.0,1892.0,5555.0,5555.0,2020.0,837.0,2203.0,615.0
0.0,5873.0,2906.0,2859.0,4621.0,3848.0,3848.0,2019.0,840.0,1675.0,1231.0
0.0,7588.0,2955.0,2859.0,5555.0,1248.0,1248.0,2001.0,858.0,1493.0,1462.0
0.0,10188.0,2950.0,2858.0,3848.0,346.0,346.0,1984.0,874.0,1854.0,1096.0
0.0,11086.0,2906.0,2857.0,1248.0,2000.0,2000.0,1986.0,871.0,2409.0,497.0
0.0,9428.0,2931.0,2860.0,346.0,4597.0,4597.0,2007.0,853.0,2659.0,272.0
0.0,6843.0,2934.0,2863.0,2000.0,5543.0,5543.0,2025.0,838.0,2294.0,640.0
0.0,5909.0,2914.0,2864.0,4597.0,3864.0,3864.0,2023.0,841.0,1676.0,1238.0
0.0,7592.0,2912.0,2861.0,5543.0,1221.0,1221.0,2002.0,859.0,1436.0,1476.0
0.0,10223.0,2939.0,2860.0,3864.0,292.0,292.0,1985.0,875.0,1826.0,1113.0
0.0,11148.0,2989.0,2861.0,1221.0,2064.0,2064.0,1989.0,872.0,2478.0,511.0
0.0,9380.0,2955.0,2862.0,292.0,4731.0,4731.0,2009.0,853.0,2679.0,276.0
0.0,6717.0,2891.0,2863.0,2064.0,5562.0,5562.0,2025.0,838.0,2242.0,649.0
0.0,5890.0,2874.0,2863.0,4731.0,3705.0,3705.0,2022.0,841.0,1611.0,1263.0
0.0,7747.0,2887.0,2863.0,5562.0,1030.0,1030.0,2003.0,860.0,1405.0,1482.0
0.0,10422.0,2979.0,2864.0,3705.0,308.0,308.0,1989.0,875.0,1864.0,1115.0
0.0,11148.0,3025.0,2867.0,1030.0,2315.0,2315.0,1994.0,873.0,2511.0,514.0
0.0,9153.0,2981.0,2868.0,308.0,4992.0,4992.0,2014.0,854.0,2705.0,276.0
0.0,6480.0,2851.0,2868.0,2315.0,5528.0,5528.0,2030.0,838.0,2212.0,639.0
0.0,5944.0,2753.0,2866.0,4992.0,3281.0,3281.0,2025.0,841.0,1511.0,1242.0
0.0,8183.0,2815.0,2865.0,5528.0,564.0,564.0,2005.0,860.0,1323.0,1492.0
0.0,10896.0,2961.0,2867.0,3281.0,252.0,252.0,1990.0,877.0,1815.0,1146.0
0.0,11216.0,3046.0,2870.0,564.0,2746.0,2746.0,1995.0,875.0,2511.0,535.0
0.0,8734.0,3009.0,2872.0,252.0,5511.0,5511.0,2016.0,856.0,2733.0,276.0
0.0,5977.0,2814.0,2872.0,2746.0,5579.0,5579.0,2032.0,840.0,2195.0,619.0
0.0,5909.0,2733.0,2870.0,5511.0,2793.0,2793.0,2027.0,843.0,1493.0,1240.0
0.0,8687.0,2850.0,2871.0,5579.0,68.0,68.0,2008.0,863.0,1361.0,1489.0
0.0,11416.0,2992.0,2874.0,2793.0,279.0,279.0,1995.0,879.0,1864.0,1128.0
0.0,11217.0,3035.0,2877.0,68.0,3258.0,3258.0,2001.0,876.0,2530.0,505.0
0.0,8250.0,2907.0,2879.0,279.0,5894.0,5894.0,2021.0,858.0,2661.0,246.0
0.0,5622.0,2743.0,2876.0,3258.0,5367.0,5367.0,2034.0,842.0,2130.0,613.0
0.0,6137.0,2720.0,2873.0,5894.0,2181.0,2181.0,2028.0,845.0,1492.0,1228.0
0.0,9311.0,2881.0,2874.0,5367.0,0.0,0.0,2010.0,864.0,1410.0,1471.0
0.0,11797.0,3062.0,2879.0,2181.0,600.0,600.0,1998.0,881.0,1961.0,1101.0
0.0,10916.0,3047.0,2882.0,0.0,3659.0,3659.0,2004.0,878.0,2564.0,483.0
0.0,7869.0,2862.0,2883.0,600.0,5925.0,5925.0,2024.0,859.0,2630.0,232.0
0.0,5607.0,2612.0,2880.0,3659.0,4866.0,4866.0,2037.0,843.0,2017.0,595.0
0.0,6654.0,2583.0,2876.0,5925.0,1508.0,1508.0,2029.0,847.0,1371.0,1212.0
0.0,9996.0,2830.0,2875.0,4866.0,0.0,0.0,2008.0,867.0,1339.0,1491.0
0.0,12032.0,3097.0,2879.0,1508.0,1073.0,1073.0,1996.0,883.0,1972.0,1125.0
0.0,10443.0,3095.0,2886.0,0.0,4196.0,4196.0,2005.0,881.0,2605.0,490.0
0.0,7348.0,2821.0,2888.0,1073.0,5952.0,5952.0,2026.0,862.0,2601.0,220.0
0.0,5600.0,2545.0,2883.0,4196.0,4281.0,4281.0,2037.0,846.0,1959.0,586.0
0.0,7251.0,2553.0,2878.0,5952.0,862.0,862.0,2029.0,849.0,1351.0,1202.0
0.0,10650.0,2837.0,2878.0,4281.0,0.0,0.0,2010.0,868.0,1378.0,1459.0
0.0,12094.0,3114.0,2883.0,862.0,1690.0,1690.0,1999.0,884.0,2006.0,1108.0
0.0,9842.0,3137.0,2890.0,0.0,4855.0,4855.0,2008.0,882.0,2630.0,507.0
0.0,6705.0,2860.0,2892.0,1690.0,6033.0,6033.0,2028.0,864.0,2614.0,246.0
0.0,5535.0,2566.0,2885.0,4855.0,3716.0,3716.0,2038.0,847.0,1971.0,595.0
0.0,7824.0,2557.0,2879.0,6033.0,216.0,216.0,2029.0,850.0,1347.0,1210.0
0.0,11300.0,2838.0,2879.0,3716.0,0.0,0.0,2010.0,869.0,1352.0,1486.0
0.0,12178.0,3166.0,2885.0,216.0,2312.0,2312.0,1999.0,886.0,2031.0,1135.0
0.0,9228.0,3225.0,2893.0,0.0,5569.0,5569.0,2009.0,884.0,2722.0,503.0
0.0,6003.0,2962.0,2895.0,2312.0,6227.0,6227.0,2030.0,865.0,2737.0,225.0
0.0,5353.0,2703.0,2890.0,5569.0,3341.0,3341.0,2042.0,848.0,2118.0,585.0
0.0,8219.0,2667.0,2883.0,6227.0,0.0,0.0,2033.0,850.0,1429.0,1238.0
0.0,11779.0,2876.0,2883.0,3341.0,0.0,0.0,2013.0,870.0,1350.0,1526.0
0.0,12244.0,3179.0,2888.0,0.0,2487.0,2487.0,2001.0,887.0,2022.0,1157.0
0.0,9065.0,3257.0,2894.0,0.0,5768.0,5768.0,2010.0,884.0,2773.0,484.0
0.0,5808.0,2999.0,2896.0,2487.0,6288.0,6288.0,2032.0,864.0,2812.0,187.0
0.0,5296.0,2692.0,2892.0,5768.0,3196.0,3196.0,2045.0,847.0,2117.0,575.0
0.0,8372.0,2623.0,2885.0,6288.0,0.0,0.0,2036.0,849.0,1374.0,1249.0
0.0,12037.0,2913.0,2885.0,3196.0,0.0,0.0,2015.0,870.0,1346.0,1567.0
0.0,12320.0,3244.0,2889.0,0.0,2480.0,2480.0,2002.0,887.0,2046.0,1198.0
0.0,9076.0,3295.0,2898.0,0.0,5811.0,5811.0,2013.0,885.0,2785.0,510.0
0.0,5781.0,3036.0,2900.0,2480.0,6375.0,6375.0,2036.0,864.0,2830.0,206.0
0.0,5225.0,2740.0,2898.0,5811.0,3296.0,3296.0,2051.0,847.0,2153.0,587.0
0.0,8296.0,2649.0,2891.0,6375.0,0.0,0.0,2041.0,850.0,1371.0,1278.0
0.0,12022.0,2877.0,2889.0,3296.0,0.0,0.0,2018.0,871.0,1293.0,1584.0
0.0,12441.0,3193.0,2893.0,0.0,2324.0,2324.0,2004.0,889.0,1995.0,1198.0
0.0,9248.0,3262.0,2901.0,0.0,5618.0,5618.0,2015.0,886.0,2762.0,500.0
0.0,5986.0,3045.0,2906.0,2324.0,6359.0,6359.0,2040.0,866.0,2846.0,199.0
0.0,5265.0,2724.0,2904.0,5618.0,3457.0,3457.0,2056.0,848.0,2141.0,583.0
0.0,8159.0,2607.0,2898.0,6359.0,0.0,0.0,2047.0,851.0,1344.0,1263.0
0.0,11911.0,2849.0,2893.0,3457.0,0.0,0.0,2023.0,870.0,1287.0,1562.0
0.0,12519.0,3147.0,2897.0,0.0,2216.0,2216.0,2009.0,888.0,1968.0,1179.0
0.0,9372.0,3260.0,2905.0,0.0,5508.0,5508.0,2019.0,886.0,2747.0,513.0
0.0,6112.0,3022.0,2911.0,2216.0,6338.0,6338.0,2045.0,866.0,2806.0,216.0
0.0,5306.0,2711.0,2908.0,5508.0,3529.0,3529.0,2059.0,849.0,2115.0,596.0
0.0,8103.0,2625.0,2901.0,6338.0,0.0,0.0,2050.0,851.0,1371.0,1254.0
0.0,11816.0,2845.0,2897.0,3529.0,0.0,0.0,2026.0,871.0,1322.0,1523.0
0.0,12500.0,3190.0,2903.0,0.0,2302.0,2302.0,2014.0,889.0,2025.0,1165.0
0.0,9310.0,3270.0,2913.0,0.0,5612.0,5612.0,2026.0,887.0,2735.0,535.0
0.0,6040.0,2966.0,2918.0,2302.0,6296.0,6296.0,2050.0,868.0,2727.0,239.0
0.0,5376.0,2602.0,2913.0,5612.0,3266.0,3266.0,2062.0,851.0,2032.0,570.0
0.0,8386.0,2548.0,2903.0,6296.0,0.0,0.0,2050.0,853.0,1349.0,1199.0
0.0,12134.0,2858.0,2898.0,3266.0,0.0,0.0,2026.0,872.0,1348.0,1510.0
0.0,12542.0,3251.0,2907.0,0.0,2337.0,2337.0,2016.0,891.0,2074.0,1177.0
0.0,9291.0,3290.0,2919.0,0.0,5675.0,5675.0,2030.0,889.0,2760.0,530.0
0.0,6001.0,2898.0,2925.0,2337.0,6260.0,6260.0,2055.0,870.0,2685.0,213.0
0.0,5440.0,2467.0,2919.0,5675.0,3028.0,3028.0,2067.0,852.0,1929.0,538.0
0.0,8648.0,2461.0,2906.0,6260.0,0.0,0.0,2053.0,853.0,1267.0,1194.0
0.0,12447.0,2862.0,2902.0,3028.0,0.0,0.0,2029.0,873.0,1344.0,1518.0
0.0,12613.0,3293.0,2910.0,0.0,2320.0,2320.0,2019.0,891.0,2110.0,1183.0
0.0,9320.0,3332.0,2925.0,0.0,5712.0,5712.0,2035.0,890.0,2791.0,541.0
0.0,5988.0,2916.0,2933.0,2320.0,6340.0,6340.0,2061.0,872.0,2701.0,215.0
0.0,5392.0,2470.0,2926.0,5712.0,3070.0,3070.0,2072.0,854.0,1936.0,534.0
0.0,8634.0,2450.0,2913.0,6340.0,0.0,0.0,2058.0,855.0,1260.0,1190.0
0.0,12524.0,2865.0,2908.0,3070.0,0.0,0.0,2033.0,875.0,1334.0,1531.0
0.0,12729.0,3334.0,2917.0,0.0,2273.0,2273.0,2023.0,894.0,2120.0,1214.0
0.0,9395.0,3376.0,2933.0,0.0,5713.0,5713.0,2040.0,893.0,2828.0,548.0
0.0,6019.0,2926.0,2939.0,2273.0,6390.0,6390.0,2066.0,873.0,2724.0,202.0
0.0,5366.0,2477.0,2933.0,5713.0,3130.0,3130.0,2078.0,855.0,1949.0,528.0
0.0,8602.0,2486.0,2919.0,6390.0,0.0,0.0,2063.0,856.0,1287.0,1199.0
0.0,12506.0,2965.0,2914.0,3130.0,0.0,0.0,2038.0,876.0,1421.0,1544.0
0.0,12671.0,3425.0,2923.0,0.0,2446.0,2446.0,2028.0,895.0,2207.0,1218.0
0.0,9246.0,3429.0,2938.0,0.0,5935.0,5935.0,2043.0,895.0,2874.0,555.0
0.0,5817.0,2929.0,2942.0,2446.0,6434.0,6434.0,2067.0,875.0,2709.0,220.0
0.0,5334.0,2456.0,2934.0,5935.0,2923.0,2923.0,2078.0,856.0,1920.0,536.0
0.0,8813.0,2513.0,2922.0,6434.0,0.0,0.0,2065.0,857.0,1305.0,1208.0
0.0,12734.0,3016.0,2917.0,2923.0,0.0,0.0,2039.0,878.0,1463.0,1553.0
0.0,12641.0,3495.0,2927.0,0.0,2562.0,2562.0,2029.0,898.0,2265.0,1230.0
0.0,9146.0,3457.0,2941.0,0.0,6075.0,6075.0,2044.0,897.0,2901.0,556.0
0.0,5689.0,2956.0,2948.0,2562.0,6497.0,6497.0,2070.0,878.0,2721.0,235.0
0.0,5295.0,2497.0,2939.0,6075.0,2883.0,2883.0,2081.0,858.0,1937.0,560.0
0.0,8873.0,2520.0,2926.0,6497.0,0.0,0.0,2067.0,859.0,1305.0,1215.0
0.0,12850.0,3011.0,2920.0,2883.0,0.0,0.0,2041.0,879.0,1459.0,1552.0
0.0,12722.0,3487.0,2929.0,0.0,2481.0,2481.0,2031.0,898.0,2268.0,1219.0
0.0,9235.0,3454.0,2943.0,0.0,5991.0,5991.0,2045.0,898.0,2883.0,571.0
0.0,5781.0,2963.0,2949.0,2481.0,6497.0,6497.0,2071.0,878.0,2730.0,233.0
0.0,5299.0,2501.0,2941.0,5991.0,2975.0,2975.0,2083.0,858.0,1943.0,558.0
0.0,8789.0,2505.0,2928.0,6497.0,0.0,0.0,2069.0,859.0,1274.0,1231.0
0.0,12781.0,2934.0,2922.0,2975.0,0.0,0.0,2043.0,879.0,1379.0,1555.0
0.0,12822.0,3400.0,2929.0,0.0,2294.0,2294.0,2030.0,899.0,2173.0,1227.0
0.0,9422.0,3420.0,2942.0,0.0,5766.0,5766.0,2044.0,898.0,2854.0,566.0
0.0,6002.0,2961.0,2949.0,2294.0,6461.0,6461.0,2070.0,879.0,2729.0,232.0
0.0,5335.0,2475.0,2941.0,5766.0,3138.0,3138.0,2082.0,859.0,1916.0,559.0
0.0,8626.0,2485.0,2929.0,6461.0,0.0,0.0,2068.0,861.0,1242.0,1243.0
0.0,12602.0,2955.0,2923.0,3138.0,0.0,0.0,2042.0,881.0,1383.0,1572.0
0.0,12785.0,3430.0,2931.0,0.0,2369.0,2369.0,2031.0,900.0,2215.0,1215.0
0.0,9355.0,3394.0,2944.0,0.0,5815.0,5815.0,2045.0,899.0,2872.0,522.0
0.0,5961.0,2916.0,2950.0,2369.0,6386.0,6386.0,2071.0,879.0,2712.0,204.0
0.0,5414.0,2452.0,2942.0,5815.0,2991.0,2991.0,2082.0,860.0,1894.0,558.0
0.0,8777.0,2465.0,2928.0,6386.0,0.0,0.0,2067.0,861.0,1230.0,1235.0
0.0,12698.0,2998.0,2923.0,2991.0,0.0,0.0,2042.0,881.0,1433.0,1565.0
0.0,12691.0,3496.0,2933.0,0.0,2537.0,2537.0,2033.0,900.0,2279.0,1217.0
0.0,9195.0,3501.0,2951.0,0.0,6110.0,6110.0,2051.0,900.0,2951.0,550.0
0.0,5694.0,2964.0,2959.0,2537.0,6569.0,6569.0,2078.0,881.0,2747.0,217.0
0.0,5267.0,2416.0,2950.0,6110.0,2839.0,2839.0,2088.0,862.0,1864.0,552.0
0.0,8961.0,2411.0,2934.0,6569.0,0.0,0.0,2071.0,863.0,1192.0,1219.0
0.0,13119.0,2957.0,2928.0,2839.0,0.0,0.0,2045.0,883.0,1404.0,1553.0
0.0,13001.0,3445.0,2938.0,0.0,2196.0,2196.0,2036.0,902.0,2226.0,1219.0
0.0,9556.0,3393.0,2956.0,0.0,5661.0,5661.0,2054.0,902.0,2854.0,539.0
0.0,6163.0,2859.0,2963.0,2196.0,6352.0,6352.0,2080.0,883.0,2660.0,199.0
0.0,5500.0,2377.0,2954.0,5661.0,3032.0,3032.0,2090.0,864.0,1849.0,528.0
0.0,8784.0,2445.0,2938.0,6352.0,0.0,0.0,2073.0,865.0,1225.0,1220.0
0.0,12691.0,2951.0,2931.0,3032.0,0.0,0.0,2046.0,885.0,1374.0,1577.0
0.0,12772.0,3420.0,2940.0,0.0,2408.0,2408.0,2036.0,904.0,2190.0,1230.0
0.0,9352.0,3390.0,2958.0,0.0,5870.0,5870.0,2054.0,904.0,2853.0,537.0
0.0,5962.0,2872.0,2966.0,2408.0,6366.0,6366.0,2081.0,885.0,2679.0,193.0
0.0,5498.0,2377.0,2957.0,5870.0,2837.0,2837.0,2091.0,866.0,1838.0,539.0
0.0,8991.0,2453.0,2940.0,6366.0,0.0,0.0,2073.0,867.0,1207.0,1246.0
0.0,12904.0,2986.0,2932.0,2837.0,0.0,0.0,2046.0,886.0,1406.0,1580.0
0.0,12755.0,3479.0,2943.0,0.0,2496.0,2496.0,2037.0,906.0,2270.0,1209.0
0.0,9276.0,3456.0,2961.0,0.0,6024.0,6024.0,2056.0,905.0,2946.0,510.0
0.0,5820.0,2917.0,2970.0,2496.0,6481.0,6481.0,2084.0,886.0,2750.0,167.0
0.0,5399.0,2401.0,2959.0,6024.0,2814.0,2814.0,2093.0,866.0,1852.0,549.0
0.0,9022.0,2437.0,2940.0,6481.0,0.0,0.0,2073.0,867.0,1173.0,1264.0
0.0,13066.0,2979.0,2931.0,2814.0,0.0,0.0,2044.0,887.0,1383.0,1596.0
0.0,12901.0,3528.0,2943.0,0.0,2399.0,2399.0,2036.0,907.0,2304.0,1224.0
0.0,9373.0,3536.0,2963.0,0.0,6015.0,6015.0,2057.0,906.0,3016.0,520.0
0.0,5837.0,3057.0,2974.0,2399.0,6717.0,6717.0,2087.0,887.0,2860.0,197.0
0.0,5179.0,2549.0,2965.0,6015.0,3215.0,3215.0,2097.0,868.0,1978.0,571.0
0.0,8645.0,2499.0,2946.0,6717.0,0.0,0.0,2077.0,869.0,1238.0,1261.0
0.0,12863.0,2974.0,2937.0,3215.0,0.0,0.0,2048.0,889.0,1365.0,1609.0
0.0,13104.0,3533.0,2948.0,0.0,2221.0,2221.0,2040.0,908.0,2297.0,1236.0
0.0,9571.0,3568.0,2968.0,0.0,5869.0,5869.0,2061.0,907.0,3046.0,522.0
0.0,6003.0,3038.0,2978.0,2221.0,6726.0,6726.0,2090.0,888.0,2836.0,202.0
0.0,5186.0,2473.0,2968.0,5869.0,3290.0,3290.0,2099.0,869.0,1897.0,576.0
0.0,8582.0,2421.0,2947.0,6726.0,0.0,0.0,2077.0,870.0,1154.0,1267.0
0.0,12887.0,2981.0,2939.0,3290.0,0.0,0.0,2049.0,890.0,1388.0,1593.0
0.0,13196.0,3546.0,2950.0,0.0,2150.0,2150.0,2041.0,909.0,2321.0,1225.0
0.0,9650.0,3587.0,2970.0,0.0,5817.0,5817.0,2062.0,908.0,3051.0,536.0
0.0,6063.0,3090.0,2982.0,2150.0,6805.0,6805.0,2093.0,889.0,2864.0,226.0
0.0,5123.0,2487.0,2973.0,5817.0,3439.0,3439.0,2103.0,870.0,1898.0,589.0
0.0,8453.0,2399.0,2954.0,6805.0,0.0,0.0,2083.0,871.0,1129.0,1270.0
0.0,12859.0,2949.0,2945.0,3439.0,0.0,0.0,2054.0,891.0,1365.0,1584.0
0.0,13349.0,3556.0,2956.0,0.0,2031.0,2031.0,2046.0,910.0,2325.0,1231.0
0.0,9793.0,3596.0,2978.0,0.0,5715.0,5715.0,2068.0,910.0,3048.0,548.0
0.0,6197.0,3041.0,2988.0,2031.0,6765.0,6765.0,2098.0,890.0,2812.0,229.0
0.0,5187.0,2409.0,2978.0,5715.0,3419.0,3419.0,2107.0,871.0,1838.0,571.0
0.0,8493.0,2332.0,2956.0,6765.0,0.0,0.0,2085.0,871.0,1101.0,1231.0
0.0,12926.0,2931.0,2948.0,3419.0,0.0,0.0,2057.0,891.0,1375.0,1556.0
0.0,13414.0,3625.0,2962.0,0.0,2059.0,2059.0,2051.0,911.0,2398.0,1227.0
0.0,9789.0,3666.0,2985.0,0.0,5817.0,5817.0,2074.0,911.0,3098.0,568.0
0.0,6123.0,3075.0,2997.0,2059.0,6881.0,6881.0,2105.0,892.0,2830.0,245.0
0.0,5107.0,2434.0,2986.0,5817.0,3454.0,3454.0,2113.0,873.0,1856.0,578.0
0.0,8490.0,2343.0,2963.0,6881.0,0.0,0.0,2090.0,873.0,1112.0,1231.0
0.0,13028.0,2858.0,2951.0,3454.0,0.0,0.0,2059.0,892.0,1314.0,1544.0
0.0,13624.0,3477.0,2961.0,0.0,1697.0,1697.0,2049.0,912.0,2264.0,1213.0
0.0,10147.0,3588.0,2984.0,0.0,5377.0,5377.0,2072.0,912.0,3035.0,553.0
0.0,6559.0,3088.0,2997.0,1697.0,6820.0,6820.0,2104.0,893.0,2843.0,245.0
0.0,5168.0,2500.0,2988.0,5377.0,3907.0,3907.0,2114.0,874.0,1912.0,588.0
0.0,8045.0,2345.0,2967.0,6820.0,0.0,0.0,2092.0,875.0,1118.0,1227.0
0.0,12520.0,2825.0,2956.0,3907.0,0.0,0.0,2062.0,894.0,1276.0,1549.0
0.0,13602.0,3435.0,2967.0,0.0,1701.0,1701.0,2053.0,914.0,2218.0,1217.0
0.0,10167.0,3582.0,2990.0,0.0,5375.0,5375.0,2076.0,914.0,3018.0,564.0
0.0,6585.0,3096.0,3002.0,1701.0,6818.0,6818.0,2107.0,895.0,2852.0,244.0
0.0,5190.0,2449.0,2993.0,5375.0,3856.0,3856.0,2117.0,876.0,1886.0,563.0
0.0,8116.0,2308.0,2972.0,6818.0,0.0,0.0,2096.0,876.0,1086.0,1222.0
0.0,12626.0,2794.0,2960.0,3856.0,0.0,0.0,2065.0,895.0,1245.0,1549.0
0.0,13688.0,3426.0,2971.0,0.0,1622.0,1622.0,2056.0,915.0,2225.0,1201.0
0.0,10262.0,3600.0,2994.0,0.0,5314.0,5314.0,2079.0,915.0,3051.0,549.0
0.0,6662.0,3110.0,3007.0,1622.0,6854.0,6854.0,2112.0,895.0,2877.0,233.0
0.0,5174.0,2496.0,2997.0,5314.0,3996.0,3996.0,2121.0,876.0,1915.0,581.0
0.0,7992.0,2364.0,2976.0,6854.0,0.0,0.0,2099.0,877.0,1124.0,1240.0
0.0,12482.0,2854.0,2965.0,3996.0,0.0,0.0,2068.0,897.0,1294.0,1560.0
0.0,13624.0,3504.0,2975.0,0.0,1780.0,1780.0,2058.0,917.0,2278.0,1226.0
0.0,10120.0,3687.0,3001.0,0.0,5571.0,5571.0,2083.0,918.0,3118.0,569.0
0.0,6433.0,3179.0,3015.0,1780.0,7026.0,7026.0,2117.0,898.0,2931.0,248.0
0.0,5034.0,2498.0,3005.0,5571.0,3913.0,3913.0,2127.0,878.0,1929.0,569.0
0.0,8107.0,2355.0,2983.0,7026.0,0.0,0.0,2105.0,878.0,1131.0,1224.0
0.0,12778.0,2934.0,2971.0,3913.0,0.0,0.0,2073.0,898.0,1372.0,1562.0
0.0,13757.0,3613.0,2982.0,0.0,1784.0,1784.0,2064.0,918.0,2387.0,1226.0
0.0,10144.0,3760.0,3006.0,0.0,5640.0,5640.0,2087.0,919.0,3167.0,593.0
0.0,6384.0,3241.0,3020.0,1784.0,7153.0,7153.0,2120.0,900.0,2967.0,274.0
0.0,4927.0,2529.0,3011.0,5640.0,4006.0,4006.0,2131.0,880.0,1946.0,583.0
0.0,8038.0,2362.0,2989.0,7153.0,0.0,0.0,2109.0,880.0,1148.0,1214.0
0.0,12829.0,2891.0,2975.0,4006.0,0.0,0.0,2076.0,899.0,1340.0,1551.0
0.0,13944.0,3596.0,2987.0,0.0,1600.0,1600.0,2067.0,920.0,2344.0,1252.0
0.0,10348.0,3784.0,3011.0,0.0,5480.0,5480.0,2091.0,920.0,3173.0,611.0
0.0,6564.0,3243.0,3027.0,1600.0,7187.0,7187.0,2126.0,901.0,2962.0,281.0
0.0,4921.0,2487.0,3018.0,5480.0,4158.0,4158.0,2136.0,882.0,1915.0,572.0
0.0,7914.0,2293.0,2994.0,7187.0,0.0,0.0,2113.0,881.0,1092.0,1201.0
0.0,12808.0,2866.0,2980.0,4158.0,0.0,0.0,2080.0,900.0,1335.0,1531.0
0.0,14100.0,3573.0,2989.0,0.0,1429.0,1429.0,2069.0,920.0,2333.0,1240.0
0.0,10527.0,3729.0,3013.0,0.0,5254.0,5254.0,2093.0,920.0,3112.0,617.0
0.0,6798.0,3197.0,3028.0,1429.0,7082.0,7082.0,2127.0,901.0,2914.0,283.0
0.0,5030.0,2453.0,3019.0,5254.0,4245.0,4245.0,2137.0,882.0,1878.0,575.0
0.0,7831.0,2326.0,2995.0,7082.0,0.0,0.0,2114.0,881.0,1121.0,1205.0
0.0,12587.0,2894.0,2981.0,4245.0,0.0,0.0,2081.0,900.0,1361.0,1533.0
0.0,13938.0,3621.0,2993.0,0.0,1655.0,1655.0,2073.0,920.0,2396.0,1225.0
0.0,10317.0,3724.0,3018.0,0.0,5479.0,5479.0,2098.0,920.0,3130.0,594.0
0.0,6593.0,3146.0,3034.0,1655.0,7034.0,7034.0,2132.0,902.0,2867.0,279.0
0.0,5102.0,2431.0,3024.0,5479.0,3946.0,3946.0,2141.0,883.0,1841.0,590.0
0.0,8150.0,2303.0,2999.0,7034.0,0.0,0.0,2116.0,883.0,1097.0,1206.0
0.0,12881.0,2865.0,2984.0,3946.0,0.0,0.0,2083.0,901.0,1356.0,1509.0
0.0,13962.0,3560.0,2993.0,0.0,1570.0,1570.0,2074.0,919.0,2360.0,1200.0
0.0,10402.0,3684.0,3017.0,0.0,5350.0,5350.0,2097.0,920.0,3085.0,599.0
0.0,6718.0,3095.0,3031.0,1570.0,6931.0,6931.0,2129.0,902.0,2786.0,309.0
0.0,5193.0,2424.0,3023.0,5350.0,3973.0,3973.0,2139.0,884.0,1814.0,610.0
0.0,8119.0,2399.0,3002.0,6931.0,0.0,0.0,2118.0,884.0,1181.0,1218.0
0.0,12651.0,2978.0,2990.0,3973.0,0.0,0.0,2088.0,902.0,1471.0,1507.0
0.0,13646.0,3579.0,3000.0,0.0,1933.0,1933.0,2079.0,921.0,2385.0,1194.0
0.0,10067.0,3602.0,3021.0,0.0,5619.0,5619.0,2101.0,920.0,3020.0,582.0
0.0,6465.0,3016.0,3033.0,1933.0,6750.0,6750.0,2131.0,902.0,2723.0,293.0
0.0,5382.0,2384.0,3025.0,5619.0,3483.0,3483.0,2141.0,884.0,1780.0,604.0
0.0,8617.0,2334.0,3004.0,6750.0,0.0,0.0,2120.0,884.0,1118.0,1216.0
0.0,13033.0,2912.0,2991.0,3483.0,0.0,0.0,2089.0,902.0,1403.0,1509.0
0.0,13604.0,3583.0,3001.0,0.0,1983.0,1983.0,2080.0,921.0,2386.0,1197.0
0.0,10021.0,3640.0,3023.0,0.0,5711.0,5711.0,2102.0,921.0,3046.0,594.0
0.0,6381.0,3038.0,3037.0,1983.0,6822.0,6822.0,2134.0,903.0,2745.0,293.0
0.0,5326.0,2388.0,3030.0,5711.0,3471.0,3471.0,2144.0,886.0,1771.0,617.0
0.0,8649.0,2324.0,3008.0,6822.0,0.0,0.0,2122.0,886.0,1090.0,1234.0
0.0,13147.0,2936.0,2996.0,3471.0,0.0,0.0,2091.0,905.0,1409.0,1527.0
0.0,13682.0,3637.0,3006.0,0.0,1979.0,1979.0,2082.0,924.0,2429.0,1208.0
0.0,10045.0,3698.0,3029.0,0.0,5769.0,5769.0,2105.0,924.0,3092.0,606.0
0.0,6347.0,3068.0,3042.0,1979.0,6910.0,6910.0,2136.0,906.0,2769.0,299.0
0.0,5258.0,2393.0,3034.0,5769.0,3502.0,3502.0,2146.0,888.0,1802.0,591.0
0.0,8634.0,2341.0,3011.0,6910.0,0.0,0.0,2124.0,887.0,1142.0,1199.0
0.0,13203.0,2990.0,2998.0,3502.0,0.0,0.0,2093.0,905.0,1465.0,1525.0
0.0,13715.0,3715.0,3009.0,0.0,2036.0,2036.0,2084.0,925.0,2461.0,1254.0
0.0,10000.0,3793.0,3033.0,0.0,5925.0,5925.0,2107.0,926.0,3145.0,648.0
0.0,6207.0,3141.0,3048.0,2036.0,7090.0,7090.0,2139.0,909.0,2815.0,326.0
0.0,5102.0,2416.0,3038.0,5925.0,3541.0,3541.0,2148.0,890.0,1819.0,597.0
0.0,8611.0,2358.0,3015.0,7090.0,0.0,0.0,2125.0,890.0,1175.0,1183.0
0.0,13343.0,3013.0,3000.0,3541.0,0.0,0.0,2093.0,907.0,1516.0,1497.0
0.0,13871.0,3749.0,3010.0,0.0,1918.0,1918.0,2084.0,926.0,2510.0,1239.0
0.0,10122.0,3849.0,3035.0,0.0,5867.0,5867.0,2108.0,927.0,3172.0,677.0
0.0,6273.0,3191.0,3051.0,1918.0,7204.0,7204.0,2140.0,911.0,2823.0,368.0
0.0,5000.0,2436.0,3042.0,5867.0,3737.0,3737.0,2149.0,893.0,1828.0,608.0
0.0,8431.0,2351.0,3018.0,7204.0,0.0,0.0,2127.0,891.0,1202.0,1149.0
0.0,13284.0,2992.0,3003.0,3737.0,0.0,0.0,2096.0,907.0,1527.0,1465.0
0.0,14029.0,3724.0,3012.0,0.0,1743.0,1743.0,2086.0,926.0,2484.0,1240.0
0.0,10305.0,3811.0,3038.0,0.0,5658.0,5658.0,2110.0,928.0,3118.0,693.0
0.0,6494.0,3147.0,3054.0,1743.0,7126.0,7126.0,2142.0,912.0,2771.0,376.0
0.0,5090.0,2402.0,3046.0,5658.0,3838.0,3838.0,2151.0,895.0,1793.0,609.0
0.0,8346.0,2297.0,3021.0,7126.0,0.0,0.0,2128.0,893.0,1149.0,1148.0
0.0,13175.0,2935.0,3005.0,3838.0,0.0,0.0,2096.0,909.0,1472.0,1463.0
0.0,14078.0,3698.0,3015.0,0.0,1680.0,1680.0,2088.0,927.0,2473.0,1225.0
0.0,10380.0,3850.0,3042.0,0.0,5638.0,5638.0,2113.0,929.0,3166.0,684.0
0.0,6530.0,3237.0,3059.0,1680.0,7263.0,7263.0,2146.0,913.0,2865.0,372.0
0.0,4973.0,2450.0,3051.0,5638.0,4043.0,4043.0,2155.0,896.0,1832.0,618.0
0.0,8161.0,2292.0,3025.0,7263.0,0.0,0.0,2131.0,894.0,1127.0,1165.0
0.0,13132.0,2887.0,3009.0,4043.0,0.0,0.0,2098.0,911.0,1426.0,1461.0
0.0,14288.0,3621.0,3019.0,0.0,1409.0,1409.0,2090.0,929.0,2424.0,1197.0
0.0,10667.0,3807.0,3045.0,0.0,5320.0,5320.0,2115.0,930.0,3154.0,653.0
0.0,6860.0,3224.0,3063.0,1409.0,7207.0,7207.0,2149.0,914.0,2864.0,360.0
0.0,5045.0,2483.0,3056.0,5320.0,4342.0,4342.0,2159.0,897.0,1863.0,620.0
0.0,7882.0,2309.0,3031.0,7207.0,0.0,0.0,2135.0,896.0,1143.0,1166.0
0.0,12780.0,2865.0,3016.0,4342.0,0.0,0.0,2103.0,913.0,1402.0,1463.0
0.0,14257.0,3575.0,3025.0,0.0,1418.0,1418.0,2095.0,930.0,2380.0,1195.0
0.0,10682.0,3718.0,3050.0,0.0,5236.0,5236.0,2120.0,930.0,3095.0,623.0
0.0,6964.0,3174.0,3064.0,1418.0,7048.0,7048.0,2151.0,913.0,2832.0,342.0
0.0,5208.0,2511.0,3055.0,5236.0,4287.0,4287.0,2159.0,896.0,1884.0,627.0
0.0,7933.0,2369.0,3032.0,7048.0,0.0,0.0,2136.0,896.0,1181.0,1188.0
0.0,12612.0,2941.0,3020.0,4287.0,0.0,0.0,2106.0,914.0,1449.0,1492.0
0.0,13958.0,3609.0,3031.0,0.0,1775.0,1775.0,2100.0,931.0,2394.0,1215.0
0.0,10349.0,3671.0,3055.0,0.0,5542.0,5542.0,2124.0,931.0,3059.0,612.0
0.0,6678.0,3066.0,3070.0,1775.0,6893.0,6893.0,2156.0,914.0,2764.0,302.0
0.0,5387.0,2384.0,3059.0,5542.0,3691.0,3691.0,2163.0,896.0,1778.0,606.0
0.0,8545.0,2358.0,3036.0,6893.0,0.0,0.0,2139.0,897.0,1136.0,1222.0
0.0,13080.0,3004.0,3024.0,3691.0,0.0,0.0,2109.0,915.0,1487.0,1517.0
0.0,13767.0,3659.0,3035.0,0.0,2032.0,2032.0,2103.0,932.0,2453.0,1206.0
0.0,10108.0,3701.0,3061.0,0.0,5837.0,5837.0,2129.0,932.0,3101.0,600.0
0.0,6407.0,3065.0,3075.0,2032.0,6926.0,6926.0,2161.0,914.0,2757.0,308.0
0.0,5374.0,2398.0,3065.0,5837.0,3447.0,3447.0,2168.0,897.0,1763.0,635.0
0.0,8813.0,2399.0,3041.0,6926.0,0.0,0.0,2143.0,898.0,1141.0,1258.0
0.0,13340.0,3029.0,3028.0,3447.0,0.0,0.0,2112.0,916.0,1496.0,1533.0
0.0,13758.0,3680.0,3040.0,0.0,2082.0,2082.0,2107.0,933.0,2475.0,1205.0
0.0,10078.0,3698.0,3065.0,0.0,5880.0,5880.0,2132.0,933.0,3107.0,591.0
0.0,6380.0,3074.0,3079.0,2082.0,6928.0,6928.0,2163.0,916.0,2744.0,330.0
0.0,5388.0,2454.0,3069.0,5880.0,3462.0,3462.0,2169.0,900.0,1788.0,666.0
0.0,8814.0,2476.0,3045.0,6928.0,0.0,0.0,2145.0,900.0,1208.0,1268.0
0.0,13266.0,3138.0,3032.0,3462.0,0.0,0.0,2115.0,917.0,1612.0,1526.0
0.0,13590.0,3777.0,3045.0,0.0,2367.0,2367.0,2111.0,934.0,2596.0,1181.0
0.0,9813.0,3737.0,3070.0,0.0,6204.0,6204.0,2137.0,933.0,3155.0,582.0
0.0,6076.0,3107.0,3084.0,2367.0,7000.0,7000.0,2167.0,917.0,2764.0,343.0
0.0,5336.0,2520.0,3075.0,6204.0,3280.0,3280.0,2173.0,902.0,1815.0,705.0
0.0,9020.0,2597.0,3052.0,7000.0,0.0,0.0,2149.0,903.0,1280.0,1317.0
0.0,13423.0,3232.0,3041.0,3280.0,0.0,0.0,2121.0,920.0,1678.0,1554.0
0.0,13471.0,3792.0,3053.0,0.0,2533.0,2533.0,2117.0,936.0,2604.0,1188.0
0.0,9679.0,3724.0,3077.0,0.0,6353.0,6353.0,2142.0,935.0,3147.0,577.0
0.0,5955.0,3047.0,3090.0,2533.0,6919.0,6919.0,2171.0,919.0,2733.0,314.0
0.0,5441.0,2432.0,3080.0,6353.0,2958.0,2958.0,2176.0,904.0,1764.0,668.0
0.0,9362.0,2511.0,3057.0,6919.0,0.0,0.0,2152.0,905.0,1229.0,1282.0
0.0,13770.0,3221.0,3045.0,2958.0,0.0,0.0,2124.0,921.0,1668.0,1553.0
0.0,13507.0,3843.0,3058.0,0.0,2568.0,2568.0,2121.0,937.0,2645.0,1198.0
0.0,9664.0,3742.0,3085.0,0.0,6418.0,6418.0,2148.0,937.0,3156.0,586.0
0.0,5922.0,3026.0,3098.0,2568.0,6928.0,6928.0,2177.0,921.0,2690.0,336.0
0.0,5464.0,2415.0,3088.0,6418.0,2885.0,2885.0,2182.0,906.0,1722.0,693.0
0.0,9467.0,2477.0,3065.0,6928.0,0.0,0.0,2158.0,907.0,1199.0,1278.0
0.0,13918.0,3197.0,3052.0,2885.0,0.0,0.0,2129.0,923.0,1673.0,1524.0
0.0,13606.0,3788.0,3063.0,0.0,2434.0,2434.0,2124.0,939.0,2607.0,1181.0
0.0,9818.0,3653.0,3086.0,0.0,6179.0,6179.0,2148.0,938.0,3074.0,579.0
0.0,6165.0,2962.0,3099.0,2434.0,6759.0,6759.0,2177.0,922.0,2624.0,338.0
0.0,5637.0,2411.0,3090.0,6179.0,2955.0,2955.0,2183.0,907.0,1734.0,677.0
0.0,9405.0,2539.0,3069.0,6759.0,0.0,0.0,2160.0,909.0,1272.0,1267.0
0.0,13625.0,3195.0,3057.0,2955.0,0.0,0.0,2132.0,925.0,1677.0,1518.0
0.0,13385.0,3763.0,3068.0,0.0,2650.0,2650.0,2127.0,941.0,2588.0,1175.0
0.0,9622.0,3620.0,3090.0,0.0,6358.0,6358.0,2150.0,940.0,3053.0,567.0
0.0,6002.0,2947.0,3101.0,2650.0,6699.0,6699.0,2178.0,923.0,2649.0,298.0
0.0,5705.0,2417.0,3093.0,6358.0,2726.0,2726.0,2186.0,907.0,1781.0,636.0
0.0,9646.0,2590.0,3074.0,6699.0,0.0,0.0,2165.0,909.0,1324.0,1266.0
0.0,13755.0,3283.0,3066.0,2726.0,0.0,0.0,2139.0,927.0,1731.0,1552.0
0.0,13198.0,3785.0,3078.0,0.0,2899.0,2899.0,2135.0,943.0,2589.0,1196.0
0.0,9413.0,3583.0,3099.0,0.0,6566.0,6566.0,2157.0,942.0,3030.0,553.0
0.0,5830.0,2871.0,3108.0,2899.0,6574.0,6574.0,2184.0,924.0,2586.0,285.0
0.0,5858.0,2332.0,3096.0,6566.0,2292.0,2292.0,2188.0,908.0,1701.0,631.0
0.0,10092.0,2506.0,3075.0,6574.0,0.0,0.0,2167.0,908.0,1256.0,1250.0
0.0,14160.0,3224.0,3066.0,2292.0,0.0,0.0,2140.0,926.0,1700.0,1524.0
0.0,13228.0,3766.0,3080.0,0.0,2858.0,2858.0,2137.0,943.0,2566.0,1200.0
0.0,9462.0,3574.0,3103.0,0.0,6524.0,6524.0,2160.0,943.0,2985.0,589.0
0.0,5888.0,2867.0,3113.0,2858.0,6573.0,6573.0,2188.0,925.0,2576.0,291.0
0.0,5879.0,2309.0,3099.0,6524.0,2302.0,2302.0,2191.0,908.0,1687.0,622.0
0.0,10094.0,2507.0,3076.0,6573.0,0.0,0.0,2168.0,908.0,1260.0,1247.0
0.0,14160.0,3275.0,3068.0,2302.0,0.0,0.0,2142.0,926.0,1738.0,1537.0
0.0,13187.0,3797.0,3083.0,0.0,2942.0,2942.0,2139.0,944.0,2587.0,1210.0
0.0,9390.0,3612.0,3106.0,0.0,6646.0,6646.0,2163.0,943.0,3008.0,604.0
0.0,5778.0,2858.0,3115.0,2942.0,6598.0,6598.0,2190.0,925.0,2555.0,303.0
0.0,5862.0,2341.0,3101.0,6646.0,2237.0,2237.0,2194.0,907.0,1719.0,622.0
0.0,10167.0,2571.0,3081.0,6598.0,0.0,0.0,2172.0,909.0,1302.0,1269.0
0.0,14194.0,3351.0,3074.0,2237.0,0.0,0.0,2146.0,928.0,1764.0,1587.0
0.0,13080.0,3880.0,3090.0,0.0,3160.0,3160.0,2144.0,946.0,2618.0,1262.0
0.0,9200.0,3623.0,3112.0,0.0,6871.0,6871.0,2167.0,945.0,3006.0,617.0
0.0,5577.0,2889.0,3120.0,3160.0,6632.0,6632.0,2194.0,926.0,2605.0,284.0
0.0,5848.0,2389.0,3105.0,6871.0,2090.0,2090.0,2197.0,908.0,1777.0,612.0
0.0,10330.0,2628.0,3083.0,6632.0,0.0,0.0,2173.0,910.0,1350.0,1278.0
0.0,14334.0,3375.0,3077.0,2090.0,0.0,0.0,2147.0,930.0,1777.0,1598.0
0.0,13049.0,3902.0,3091.0,0.0,3217.0,3217.0,2144.0,947.0,2635.0,1267.0
0.0,9147.0,3718.0,3115.0,0.0,7031.0,7031.0,2169.0,946.0,3099.0,619.0
0.0,5429.0,2979.0,3122.0,3217.0,6821.0,6821.0,2196.0,926.0,2671.0,308.0
0.0,5667.0,2426.0,3107.0,7031.0,2156.0,2156.0,2198.0,909.0,1786.0,640.0
0.0,10272.0,2638.0,3085.0,6821.0,0.0,0.0,2174.0,911.0,1358.0,1280.0
0.0,14455.0,3382.0,3077.0,2156.0,0.0,0.0,2147.0,930.0,1779.0,1603.0
0.0,13229.0,3948.0,3095.0,0.0,3099.0,3099.0,2146.0,949.0,2665.0,1283.0
0.0,9281.0,3770.0,3120.0,0.0,6969.0,6969.0,2172.0,948.0,3134.0,636.0
0.0,5511.0,3034.0,3131.0,3099.0,6948.0,6948.0,2201.0,930.0,2723.0,311.0
0.0,5576.0,2486.0,3117.0,6969.0,2409.0,2409.0,2205.0,912.0,1844.0,642.0
0.0,10059.0,2584.0,3093.0,6948.0,0.0,0.0,2179.0,914.0,1310.0,1274.0
0.0,14423.0,3254.0,3083.0,2409.0,0.0,0.0,2150.0,933.0,1663.0,1591.0
0.0,13578.0,3785.0,3097.0,0.0,2595.0,2595.0,2147.0,950.0,2536.0,1249.0
0.0,9793.0,3675.0,3122.0,0.0,6370.0,6370.0,2173.0,949.0,3071.0,604.0
0.0,6118.0,3017.0,3133.0,2595.0,6836.0,6836.0,2203.0,930.0,2728.0,289.0
0.0,5696.0,2481.0,3119.0,6370.0,2891.0,2891.0,2206.0,913.0,1842.0,639.0
0.0,9585.0,2558.0,3095.0,6836.0,0.0,0.0,2180.0,915.0,1279.0,1279.0
0.0,13863.0,3225.0,3087.0,2891.0,0.0,0.0,2153.0,934.0,1654.0,1571.0
0.0,13529.0,3775.0,3102.0,0.0,2654.0,2654.0,2151.0,951.0,2542.0,1233.0
0.0,9754.0,3666.0,3126.0,0.0,6416.0,6416.0,2177.0,949.0,3066.0,600.0
0.0,6088.0,3037.0,3136.0,2654.0,6839.0,6839.0,2205.0,931.0,2728.0,309.0
0.0,5705.0,2491.0,3123.0,6416.0,2862.0,2862.0,2209.0,914.0,1867.0,624.0
0.0,9630.0,2572.0,3099.0,6839.0,0.0,0.0,2184.0,915.0,1324.0,1248.0
0.0,13897.0,3225.0,3092.0,2862.0,0.0,0.0,2158.0,934.0,1668.0,1557.0
0.0,13534.0,3760.0,3107.0,0.0,2654.0,2654.0,2155.0,952.0,2525.0,1235.0
0.0,9774.0,3685.0,3132.0,0.0,6439.0,6439.0,2180.0,952.0,3084.0,601.0
0.0,6089.0,3042.0,3141.0,2654.0,6863.0,6863.0,2208.0,933.0,2765.0,277.0
0.0,5701.0,2442.0,3124.0,6439.0,2798.0,2798.0,2210.0,914.0,1851.0,591.0
0.0,9698.0,2529.0,3100.0,6863.0,0.0,0.0,2185.0,915.0,1283.0,1246.0
0.0,14032.0,3192.0,3093.0,2798.0,0.0,0.0,2158.0,935.0,1608.0,1584.0
0.0,13638.0,3771.0,3110.0,0.0,2573.0,2573.0,2156.0,954.0,2509.0,1262.0
0.0,9867.0,3698.0,3136.0,0.0,6375.0,6375.0,2183.0,953.0,3096.0,602.0
0.0,6169.0,3000.0,3146.0,2573.0,6842.0,6842.0,2212.0,934.0,2738.0,262.0
0.0,5742.0,2422.0,3130.0,6375.0,2825.0,2825.0,2214.0,916.0,1832.0,590.0
0.0,9695.0,2488.0,3106.0,6842.0,0.0,0.0,2189.0,917.0,1252.0,1236.0
0.0,14049.0,3162.0,3098.0,2825.0,0.0,0.0,2162.0,936.0,1596.0,1566.0
0.0,13712.0,3762.0,3115.0,0.0,2510.0,2510.0,2161.0,954.0,2503.0,1259.0
0.0,9950.0,3676.0,3141.0,0.0,6290.0,6290.0,2187.0,954.0,3050.0,626.0
0.0,6274.0,2960.0,3150.0,2510.0,6776.0,6776.0,2214.0,936.0,2669.0,291.0
0.0,5824.0,2334.0,3132.0,6290.0,2748.0,2748.0,2214.0,918.0,1748.0,586.0
0.0,9780.0,2459.0,3106.0,6776.0,0.0,0.0,2188.0,918.0,1234.0,1225.0
0.0,14097.0,3192.0,3099.0,2748.0,0.0,0.0,2162.0,937.0,1620.0,1572.0
0.0,13653.0,3823.0,3116.0,0.0,2634.0,2634.0,2161.0,955.0,2537.0,1286.0
0.0,9830.0,3725.0,3143.0,0.0,6467.0,6467.0,2187.0,956.0,3077.0,648.0
0.0,6105.0,2996.0,3151.0,2634.0,6861.0,6861.0,2214.0,937.0,2702.0,294.0
0.0,5743.0,2393.0,3133.0,6467.0,2715.0,2715.0,2215.0,918.0,1800.0,593.0
0.0,9817.0,2552.0,3108.0,6861.0,0.0,0.0,2190.0,918.0,1298.0,1254.0
0.0,14126.0,3330.0,3102.0,2715.0,0.0,0.0,2165.0,937.0,1722.0,1608.0
0.0,13511.0,3929.0,3122.0,0.0,2906.0,2906.0,2166.0,956.0,2639.0,1290.0
0.0,9582.0,3786.0,3149.0,0.0,6800.0,6800.0,2192.0,957.0,3151.0,635.0
0.0,5796.0,3054.0,3157.0,2906.0,6980.0,6980.0,2219.0,938.0,2751.0,303.0
0.0,5648.0,2443.0,3139.0,6800.0,2551.0,2551.0,2220.0,919.0,1823.0,620.0
0.0,10005.0,2607.0,3115.0,6980.0,0.0,0.0,2195.0,920.0,1317.0,1290.0
0.0,14378.0,3335.0,3107.0,2551.0,0.0,0.0,2168.0,939.0,1701.0,1634.0
0.0,13594.0,3945.0,3125.0,0.0,2851.0,2851.0,2167.0,958.0,2635.0,1310.0
0.0,9649.0,3815.0,3152.0,0.0,6774.0,6774.0,2194.0,958.0,3176.0,639.0
0.0,5834.0,3112.0,3162.0,2851.0,7075.0,7075.0,2222.0,940.0,2813.0,299.0
0.0,5573.0,2484.0,3144.0,6774.0,2713.0,2713.0,2223.0,921.0,1856.0,628.0
0.0,9863.0,2572.0,3117.0,7075.0,0.0,0.0,2196.0,921.0,1270.0,1302.0
0.0,14366.0,3358.0,3110.0,2713.0,0.0,0.0,2169.0,941.0,1703.0,1655.0
0.0,13721.0,4007.0,3128.0,0.0,2798.0,2798.0,2168.0,960.0,2685.0,1322.0
0.0,9714.0,3849.0,3155.0,0.0,6755.0,6755.0,2195.0,960.0,3242.0,607.0
0.0,5865.0,3028.0,3163.0,2798.0,7017.0,7017.0,2223.0,940.0,2779.0,249.0
0.0,5635.0,2351.0,3146.0,6755.0,2545.0,2545.0,2225.0,921.0,1742.0,609.0
0.0,10039.0,2532.0,3122.0,7017.0,0.0,0.0,2199.0,923.0,1199.0,1333.0
0.0,14524.0,3367.0,3115.0,2545.0,0.0,0.0,2172.0,943.0,1680.0,1687.0
0.0,13702.0,4025.0,3135.0,0.0,2863.0,2863.0,2172.0,963.0,2715.0,1310.0
0.0,9677.0,3848.0,3162.0,0.0,6819.0,6819.0,2200.0,962.0,3279.0,569.0
0.0,5829.0,3020.0,3170.0,2863.0,7008.0,7008.0,2229.0,941.0,2796.0,224.0
0.0,5672.0,2291.0,3152.0,6819.0,2408.0,2408.0,2230.0,922.0,1702.0,589.0
0.0,10200.0,2432.0,3126.0,7008.0,0.0,0.0,2202.0,924.0,1112.0,1320.0
0.0,14776.0,3272.0,3119.0,2408.0,0.0,0.0,2174.0,945.0,1575.0,1697.0
0.0,13912.0,3997.0,3138.0,0.0,2637.0,2637.0,2173.0,965.0,2683.0,1314.0
0.0,9915.0,3864.0,3163.0,0.0,6601.0,6601.0,2200.0,963.0,3310.0,554.0
0.0,6051.0,3005.0,3172.0,2637.0,7005.0,7005.0,2229.0,943.0,2818.0,187.0
0.0,5683.0,2297.0,3154.0,6601.0,2629.0,2629.0,2230.0,924.0,1724.0,573.0
0.0,9987.0,2436.0,3129.0,7005.0,0.0,0.0,2203.0,926.0,1101.0,1335.0
0.0,14556.0,3301.0,3122.0,2629.0,0.0,0.0,2175.0,947.0,1609.0,1692.0
0.0,13884.0,4023.0,3140.0,0.0,2699.0,2699.0,2174.0,966.0,2735.0,1288.0
0.0,9861.0,3913.0,3168.0,0.0,6724.0,6724.0,2203.0,965.0,3380.0,533.0
0.0,5948.0,3000.0,3177.0,2699.0,7061.0,7061.0,2233.0,944.0,2835.0,165.0
0.0,5647.0,2246.0,3160.0,6724.0,2515.0,2515.0,2235.0,925.0,1676.0,570.0
0.0,10125.0,2362.0,3132.0,7061.0,0.0,0.0,2206.0,926.0,1030.0,1332.0
0.0,14824.0,3205.0,3123.0,2515.0,0.0,0.0,2176.0,947.0,1527.0,1678.0
0.0,14134.0,3988.0,3142.0,0.0,2422.0,2422.0,2176.0,966.0,2721.0,1267.0
0.0,10146.0,3864.0,3170.0,0.0,6398.0,6398.0,2205.0,965.0,3362.0,502.0
0.0,6282.0,3023.0,3180.0,2422.0,7039.0,7039.0,2236.0,944.0,2857.0,166.0
0.0,5681.0,2254.0,3162.0,6398.0,2823.0,2823.0,2237.0,925.0,1666.0,588.0
0.0,9825.0,2341.0,3135.0,7039.0,0.0,0.0,2208.0,927.0,996.0,1345.0
0.0,14523.0,3192.0,3125.0,2823.0,0.0,0.0,2178.0,947.0,1501.0,1691.0
0.0,14154.0,3953.0,3144.0,0.0,2375.0,2375.0,2178.0,966.0,2671.0,1282.0
0.0,10201.0,3852.0,3174.0,0.0,6347.0,6347.0,2209.0,965.0,3326.0,526.0
0.0,6349.0,3001.0,3184.0,2375.0,7013.0,7013.0,2239.0,945.0,2824.0,177.0
0.0,5723.0,2280.0,3167.0,6347.0,2878.0,2878.0,2241.0,926.0,1682.0,598.0
0.0,9790.0,2421.0,3140.0,7013.0,0.0,0.0,2212.0,928.0,1069.0,1352.0
0.0,14382.0,3260.0,3131.0,2878.0,0.0,0.0,2183.0,948.0,1569.0,1691.0
0.0,14000.0,3985.0,3150.0,0.0,2585.0,2585.0,2183.0,967.0,2702.0,1283.0
0.0,10015.0,3888.0,3179.0,0.0,6589.0,6589.0,2213.0,966.0,3333.0,555.0
0.0,6127.0,3079.0,3189.0,2585.0,7123.0,7123.0,2243.0,946.0,2842.0,237.0
0.0,5633.0,2346.0,3170.0,6589.0,2804.0,2804.0,2242.0,928.0,1713.0,633.0
0.0,9876.0,2445.0,3141.0,7123.0,0.0,0.0,2212.0,929.0,1079.0,1366.0
0.0,14554.0,3287.0,3131.0,2804.0,0.0,0.0,2182.0,949.0,1598.0,1689.0
0.0,14071.0,4055.0,3151.0,0.0,2588.0,2588.0,2183.0,968.0,2767.0,1288.0
0.0,10016.0,4047.0,3182.0,0.0,6759.0,6759.0,2215.0,967.0,3475.0,572.0
0.0,5969.0,3253.0,3194.0,2588.0,7472.0,7472.0,2247.0,947.0,3001.0,252.0
0.0,5304.0,2437.0,3177.0,6759.0,3082.0,3082.0,2249.0,928.0,1786.0,651.0
0.0,9626.0,2417.0,3148.0,7472.0,0.0,0.0,2218.0,930.0,1032.0,1385.0
0.0,14681.0,3218.0,3136.0,3082.0,0.0,0.0,2185.0,951.0,1493.0,1725.0
0.0,14545.0,4075.0,3155.0,0.0,2150.0,2150.0,2184.0,971.0,2751.0,1324.0
0.0,10470.0,4137.0,3187.0,0.0,6415.0,6415.0,2217.0,970.0,3555.0,582.0
0.0,6333.0,3342.0,3201.0,2150.0,7663.0,7663.0,2252.0,949.0,3118.0,224.0
0.0,5141.0,2447.0,3184.0,6415.0,3627.0,3627.0,2255.0,929.0,1824.0,623.0
0.0,9109.0,2361.0,3152.0,7663.0,0.0,0.0,2222.0,930.0,980.0,1381.0
0.0,14411.0,3155.0,3139.0,3627.0,0.0,0.0,2187.0,952.0,1410.0,1745.0
0.0,14883.0,4054.0,3159.0,0.0,1807.0,1807.0,2186.0,973.0,2716.0,1338.0
0.0,10829.0,4165.0,3194.0,0.0,6112.0,6112.0,2221.0,973.0,3578.0,587.0
0.0,6664.0,3325.0,3208.0,1807.0,7686.0,7686.0,2257.0,951.0,3094.0,231.0
0.0,5146.0,2388.0,3190.0,6112.0,3890.0,3890.0,2259.0,931.0,1769.0,619.0
0.0,8870.0,2259.0,3156.0,7686.0,0.0,0.0,2224.0,932.0,892.0,1367.0
0.0,14297.0,3083.0,3141.0,3890.0,0.0,0.0,2187.0,954.0,1363.0,1720.0
0.0,15104.0,4009.0,3160.0,0.0,1545.0,1545.0,2185.0,975.0,2682.0,1327.0
0.0,11095.0,4127.0,3196.0,0.0,5816.0,5816.0,2221.0,975.0,3562.0,565.0
0.0,6968.0,3348.0,3213.0,1545.0,7687.0,7687.0,2260.0,953.0,3142.0,206.0
0.0,5165.0,2449.0,3197.0,5816.0,4256.0,4256.0,2265.0,932.0,1842.0,607.0
0.0,8532.0,2280.0,3165.0,7687.0,0.0,0.0,2231.0,934.0,911.0,1369.0
0.0,13939.0,3031.0,3148.0,4256.0,0.0,0.0,2192.0,956.0,1305.0,1726.0
0.0,15164.0,3926.0,3166.0,0.0,1426.0,1426.0,2188.0,978.0,2611.0,1315.0
0.0,11238.0,4121.0,3201.0,0.0,5687.0,5687.0,2224.0,977.0,3564.0,557.0
0.0,7117.0,3399.0,3220.0,1426.0,7736.0,7736.0,2264.0,956.0,3203.0,196.0
0.0,5144.0,2438.0,3203.0,5687.0,4419.0,4419.0,2269.0,934.0,1847.0,591.0
0.0,8393.0,2203.0,3168.0,7736.0,0.0,0.0,2233.0,935.0,863.0,1340.0
0.0,13926.0,2949.0,3150.0,4419.0,0.0,0.0,2192.0,958.0,1258.0,1691.0
0.0,15396.0,3883.0,3166.0,0.0,1151.0,1151.0,2187.0,979.0,2595.0,1288.0
0.0,11513.0,4104.0,3202.0,0.0,5399.0,5399.0,2223.0,979.0,3562.0,542.0
0.0,7409.0,3389.0,3222.0,1151.0,7717.0,7717.0,2265.0,957.0,3200.0,189.0
0.0,5171.0,2436.0,3207.0,5399.0,4694.0,4694.0,2271.0,936.0,1850.0,586.0
0.0,8134.0,2177.0,3173.0,7717.0,0.0,0.0,2236.0,937.0,860.0,1317.0
0.0,13674.0,2887.0,3153.0,4694.0,0.0,0.0,2194.0,959.0,1222.0,1665.0
0.0,15481.0,3861.0,3170.0,0.0,1060.0,1060.0,2189.0,981.0,2575.0,1286.0
0.0,11620.0,4099.0,3205.0,0.0,5299.0,5299.0,2225.0,980.0,3538.0,561.0
0.0,7521.0,3359.0,3224.0,1060.0,7674.0,7674.0,2266.0,958.0,3153.0,206.0
0.0,5222.0,2425.0,3210.0,5299.0,4744.0,4744.0,2273.0,937.0,1833.0,592.0
0.0,8096.0,2149.0,3175.0,7674.0,0.0,0.0,2237.0,938.0,825.0,1324.0
0.0,13621.0,2885.0,3157.0,4744.0,0.0,0.0,2197.0,960.0,1211.0,1674.0
0.0,15480.0,3902.0,3174.0,0.0,1118.0,1118.0,2193.0,981.0,2613.0,1289.0
0.0,11578.0,4211.0,3211.0,0.0,5477.0,5477.0,2230.0,981.0,3647.0,564.0
0.0,7367.0,3429.0,3230.0,1118.0,7864.0,7864.0,2271.0,959.0,3201.0,228.0
0.0,5056.0,2380.0,3213.0,5477.0,4699.0,4699.0,2275.0,938.0,1761.0,619.0
0.0,8153.0,2111.0,3177.0,7864.0,0.0,0.0,2238.0,939.0,777.0,1334.0
0.0,13906.0,2950.0,3160.0,4699.0,0.0,0.0,2199.0,961.0,1277.0,1673.0
0.0,15655.0,4063.0,3179.0,0.0,1124.0,1124.0,2197.0,982.0,2752.0,1311.0
0.0,11592.0,4338.0,3217.0,0.0,5614.0,5614.0,2236.0,981.0,3743.0,595.0
0.0,7254.0,3520.0,3237.0,1124.0,8090.0,8090.0,2278.0,959.0,3265.0,255.0
0.0,4858.0,2404.0,3220.0,5614.0,4812.0,4812.0,2281.0,939.0,1761.0,643.0
0.0,8068.0,2143.0,3184.0,8090.0,0.0,0.0,2243.0,941.0,780.0,1363.0
0.0,14015.0,2940.0,3162.0,4812.0,0.0,0.0,2200.0,962.0,1256.0,1684.0
0.0,15887.0,4071.0,3178.0,0.0,896.0,896.0,2196.0,982.0,2769.0,1302.0
0.0,11816.0,4402.0,3216.0,0.0,5450.0,5450.0,2235.0,981.0,3812.0,590.0
0.0,7414.0,3601.0,3239.0,896.0,8247.0,8247.0,2279.0,960.0,3341.0,260.0
0.0,4709.0,2492.0,3225.0,5450.0,5233.0,5233.0,2286.0,939.0,1834.0,658.0
0.0,7667.0,2190.0,3188.0,8247.0,0.0,0.0,2248.0,940.0,807.0,1383.0
0.0,13724.0,2967.0,3166.0,5233.0,0.0,0.0,2204.0,962.0,1255.0,1712.0
0.0,15990.0,4052.0,3180.0,0.0,782.0,782.0,2197.0,983.0,2745.0,1307.0
0.0,11938.0,4390.0,3217.0,0.0,5320.0,5320.0,2235.0,982.0,3811.0,579.0
0.0,7548.0,3624.0,3241.0,782.0,8258.0,8258.0,2281.0,960.0,3367.0,257.0
0.0,4706.0,2530.0,3229.0,5320.0,5420.0,5420.0,2289.0,940.0,1848.0,682.0
0.0,7496.0,2166.0,3193.0,8258.0,0.0,0.0,2252.0,941.0,759.0,1407.0
0.0,13588.0,2868.0,3168.0,5420.0,0.0,0.0,2205.0,963.0,1159.0,1709.0
0.0,16140.0,3985.0,3181.0,0.0,569.0,569.0,2198.0,983.0,2700.0,1285.0
0.0,12155.0,4372.0,3219.0,0.0,5093.0,5093.0,2237.0,982.0,3808.0,564.0
0.0,7783.0,3641.0,3246.0,569.0,8273.0,8273.0,2285.0,961.0,3378.0,263.0
0.0,4711.0,2507.0,3235.0,5093.0,5643.0,5643.0,2294.0,941.0,1827.0,680.0
0.0,7297.0,2123.0,3198.0,8273.0,0.0,0.0,2256.0,942.0,709.0,1414.0
0.0,13447.0,2835.0,3173.0,5643.0,0.0,0.0,2209.0,964.0,1127.0,1708.0
0.0,16255.0,3939.0,3185.0,0.0,424.0,424.0,2200.0,985.0,2664.0,1275.0
0.0,12316.0,4354.0,3222.0,0.0,4926.0,4926.0,2238.0,984.0,3815.0,539.0
0.0,7962.0,3694.0,3248.0,424.0,8300.0,8300.0,2286.0,962.0,3442.0,252.0
0.0,4692.0,2569.0,3239.0,4926.0,5907.0,5907.0,2297.0,942.0,1889.0,680.0
0.0,7049.0,2084.0,3204.0,8300.0,0.0,0.0,2260.0,944.0,683.0,1401.0
0.0,13265.0,2759.0,3178.0,5907.0,0.0,0.0,2212.0,966.0,1058.0,1701.0
0.0,16413.0,3933.0,3188.0,0.0,272.0,272.0,2202.0,986.0,2676.0,1257.0
0.0,12480.0,4428.0,3226.0,0.0,4852.0,4852.0,2241.0,985.0,3889.0,539.0
0.0,8052.0,3708.0,3255.0,272.0,8404.0,8404.0,2291.0,964.0,3466.0,242.0
0.0,4616.0,2470.0,3246.0,4852.0,5986.0,5986.0,2302.0,944.0,1816.0,654.0
0.0,6998.0,1996.0,3210.0,8404.0,0.0,0.0,2264.0,946.0,624.0,1372.0
0.0,13406.0,2734.0,3183.0,5986.0,0.0,0.0,2216.0,967.0,1056.0,1678.0
0.0,16658.0,3962.0,3194.0,0.0,80.0,80.0,2206.0,988.0,2704.0,1258.0
0.0,12696.0,4464.0,3233.0,0.0,4700.0,4700.0,2246.0,987.0,3913.0,551.0
0.0,8232.0,3702.0,3263.0,80.0,8442.0,8442.0,2296.0,967.0,3456.0,246.0
0.0,4610.0,2429.0,3254.0,4700.0,6135.0,6135.0,2307.0,947.0,1783.0,646.0
0.0,6881.0,1921.0,3216.0,8442.0,0.0,0.0,2268.0,948.0,565.0,1356.0
0.0,13402.0,2690.0,3190.0,6135.0,0.0,0.0,2220.0,970.0,1021.0,1669.0
0.0,16847.0,3941.0,3201.0,0.0,0.0,0.0,2211.0,990.0,2681.0,1260.0
0.0,12906.0,4460.0,3240.0,0.0,4514.0,4514.0,2251.0,989.0,3911.0,549.0
0.0,8446.0,3711.0,3270.0,0.0,8345.0,8345.0,2301.0,969.0,3454.0,257.0
0.0,4735.0,2419.0,3261.0,4514.0,6214.0,6214.0,2312.0,949.0,1758.0,661.0
0.0,6830.0,1857.0,3222.0,8345.0,0.0,0.0,2271.0,951.0,502.0,1355.0
0.0,13318.0,2620.0,3191.0,6214.0,0.0,0.0,2220.0,971.0,966.0,1654.0
0.0,16912.0,3936.0,3201.0,0.0,0.0,0.0,2210.0,991.0,2674.0,1262.0
0.0,12976.0,4517.0,3242.0,0.0,4509.0,4509.0,2252.0,990.0,3965.0,552.0
0.0,8459.0,3788.0,3275.0,0.0,8429.0,8429.0,2305.0,970.0,3521.0,267.0
0.0,4671.0,2458.0,3265.0,4509.0,6338.0,6338.0,2315.0,950.0,1792.0,666.0
0.0,6722.0,1846.0,3222.0,8429.0,0.0,0.0,2271.0,951.0,487.0,1359.0
0.0,13305.0,2622.0,3189.0,6338.0,0.0,0.0,2218.0,971.0,976.0,1646.0
0.0,17021.0,4024.0,3199.0,0.0,0.0,0.0,2208.0,991.0,2764.0,1260.0
0.0,12997.0,4684.0,3243.0,0.0,4659.0,4659.0,2253.0,990.0,4095.0,589.0
0.0,8313.0,3916.0,3276.0,0.0,8707.0,8707.0,2307.0,969.0,3611.0,305.0
0.0,4397.0,2526.0,3269.0,4659.0,6546.0,6546.0,2319.0,950.0,1840.0,686.0
0.0,6530.0,1917.0,3227.0,8707.0,0.0,0.0,2276.0,951.0,554.0,1363.0
0.0,13320.0,2721.0,3195.0,6546.0,0.0,0.0,2223.0,972.0,1064.0,1657.0
0.0,17145.0,4099.0,3204.0,0.0,0.0,0.0,2213.0,991.0,2818.0,1281.0
0.0,13046.0,4708.0,3247.0,0.0,4650.0,4650.0,2257.0,990.0,4100.0,608.0
0.0,8338.0,3904.0,3280.0,0.0,8686.0,8686.0,2310.0,970.0,3588.0,316.0
0.0,4434.0,2509.0,3271.0,4650.0,6509.0,6509.0,2321.0,950.0,1814.0,695.0
0.0,6575.0,1929.0,3231.0,8686.0,0.0,0.0,2279.0,952.0,541.0,1388.0
0.0,13332.0,2753.0,3199.0,6509.0,0.0,0.0,2226.0,973.0,1067.0,1686.0
0.0,17088.0,4140.0,3209.0,0.0,0.0,0.0,2216.0,993.0,2852.0,1288.0
0.0,12948.0,4730.0,3251.0,0.0,4786.0,4786.0,2260.0,991.0,4134.0,596.0
0.0,8218.0,3905.0,3284.0,0.0,8823.0,8823.0,2314.0,970.0,3593.0,312.0
0.0,4313.0,2489.0,3277.0,4786.0,6498.0,6498.0,2326.0,951.0,1767.0,722.0
0.0,6610.0,1886.0,3237.0,8823.0,0.0,0.0,2283.0,954.0,470.0,1416.0
0.0,13547.0,2698.0,3205.0,6498.0,0.0,0.0,2229.0,976.0,1004.0,1694.0
0.0,17347.0,4091.0,3213.0,0.0,0.0,0.0,2218.0,995.0,2808.0,1283.0
0.0,13256.0,4656.0,3254.0,0.0,4416.0,4416.0,2261.0,993.0,4070.0,586.0
0.0,8600.0,3843.0,3288.0,0.0,8395.0,8395.0,2316.0,972.0,3542.0,301.0
0.0,4757.0,2450.0,3281.0,4416.0,6401.0,6401.0,2328.0,953.0,1749.0,701.0
0.0,6723.0,1876.0,3241.0,8395.0,0.0,0.0,2286.0,955.0,483.0,1393.0
0.0,13242.0,2742.0,3210.0,6401.0,0.0,0.0,2233.0,977.0,1060.0,1682.0
0.0,16901.0,4135.0,3219.0,0.0,110.0,110.0,2222.0,997.0,2858.0,1277.0
0.0,12766.0,4655.0,3259.0,0.0,4925.0,4925.0,2264.0,995.0,4075.0,580.0
0.0,8111.0,3817.0,3292.0,110.0,8764.0,8764.0,2319.0,973.0,3532.0,285.0
0.0,4404.0,2457.0,3286.0,4925.0,6272.0,6272.0,2332.0,954.0,1762.0,695.0
0.0,6872.0,1889.0,3246.0,8764.0,0.0,0.0,2290.0,956.0,500.0,1389.0
0.0,13747.0,2703.0,3213.0,6272.0,0.0,0.0,2235.0,978.0,1037.0,1666.0
0.0,17316.0,4104.0,3221.0,0.0,0.0,0.0,2223.0,998.0,2844.0,1260.0
0.0,13212.0,4646.0,3263.0,0.0,4486.0,4486.0,2267.0,996.0,4077.0,569.0
0.0,8566.0,3788.0,3297.0,0.0,8410.0,8410.0,2322.0,975.0,3508.0,280.0
0.0,4778.0,2395.0,3291.0,4486.0,6295.0,6295.0,2335.0,956.0,1722.0,673.0
0.0,6869.0,1868.0,3251.0,8410.0,0.0,0.0,2293.0,958.0,502.0,1366.0
0.0,13411.0,2694.0,3217.0,6295.0,0.0,0.0,2238.0,979.0,1034.0,1660.0
0.0,17012.0,4084.0,3224.0,0.0,0.0,0.0,2225.0,999.0,2819.0,1265.0
0.0,12928.0,4619.0,3266.0,0.0,4755.0,4755.0,2269.0,997.0,4052.0,567.0
0.0,8309.0,3734.0,3301.0,0.0,8629.0,8629.0,2325.0,976.0,3470.0,264.0
0.0,4575.0,2324.0,3294.0,4755.0,6170.0,6170.0,2337.0,957.0,1669.0,655.0
0.0,7006.0,1841.0,3254.0,8629.0,0.0,0.0,2295.0,959.0,483.0,1358.0
0.0,13794.0,2732.0,3220.0,6170.0,0.0,0.0,2240.0,980.0,1068.0,1664.0
0.0,17232.0,4082.0,3228.0,0.0,0.0,0.0,2228.0,1000.0,2800.0,1282.0
0.0,13150.0,4542.0,3268.0,0.0,4464.0,4464.0,2270.0,998.0,3953.0,589.0
0.0,8608.0,3709.0,3304.0,0.0,8317.0,8317.0,2326.0,978.0,3437.0,272.0
0.0,4899.0,2405.0,3299.0,4464.0,6238.0,6238.0,2341.0,958.0,1741.0,664.0
0.0,6958.0,1911.0,3261.0,8317.0,0.0,0.0,2301.0,960.0,568.0,1343.0
0.0,13364.0,2718.0,3226.0,6238.0,0.0,0.0,2245.0,981.0,1068.0,1650.0
0.0,16884.0,4073.0,3231.0,0.0,113.0,113.0,2231.0,1000.0,2801.0,1272.0
0.0,12811.0,4616.0,3273.0,0.0,4897.0,4897.0,2274.0,999.0,4013.0,603.0
0.0,8195.0,3797.0,3311.0,113.0,8733.0,8733.0,2332.0,979.0,3493.0,304.0
0.0,4511.0,2457.0,3307.0,4897.0,6277.0,6277.0,2347.0,960.0,1775.0,682.0
0.0,6951.0,2013.0,3268.0,8733.0,0.0,0.0,2306.0,962.0,647.0,1366.0
0.0,13671.0,2855.0,3233.0,6277.0,0.0,0.0,2250.0,983.0,1188.0,1667.0
0.0,17093.0,4152.0,3238.0,0.0,11.0,11.0,2236.0,1002.0,2875.0,1277.0
0.0,12941.0,4588.0,3278.0,0.0,4759.0,4759.0,2278.0,1000.0,3990.0,598.0
0.0,8353.0,3745.0,3313.0,11.0,8633.0,8633.0,2333.0,980.0,3438.0,307.0
0.0,4619.0,2448.0,3307.0,4759.0,6298.0,6298.0,2346.0,961.0,1751.0,697.0
0.0,6930.0,2051.0,3268.0,8633.0,0.0,0.0,2305.0,963.0,676.0,1375.0
0.0,13512.0,2926.0,3234.0,6298.0,0.0,0.0,2250.0,984.0,1257.0,1669.0
0.0,16884.0,4206.0,3240.0,0.0,282.0,282.0,2238.0,1002.0,2918.0,1288.0
0.0,12678.0,4629.0,3281.0,0.0,5075.0,5075.0,2280.0,1001.0,4012.0,617.0
0.0,8049.0,3766.0,3316.0,282.0,8699.0,8699.0,2336.0,980.0,3449.0,317.0
0.0,4565.0,2521.0,3311.0,5075.0,6125.0,6125.0,2350.0,961.0,1819.0,702.0
0.0,7119.0,2111.0,3273.0,8699.0,0.0,0.0,2309.0,964.0,709.0,1402.0
0.0,13707.0,2919.0,3237.0,6125.0,0.0,0.0,2253.0,984.0,1239.0,1680.0
0.0,16913.0,4116.0,3242.0,0.0,171.0,171.0,2239.0,1003.0,2845.0,1271.0
0.0,12797.0,4523.0,3281.0,0.0,4850.0,4850.0,2280.0,1001.0,3914.0,609.0
0.0,8274.0,3727.0,3316.0,171.0,8546.0,8546.0,2336.0,980.0,3376.0,351.0
0.0,4718.0,2526.0,3313.0,4850.0,6210.0,6210.0,2351.0,962.0,1777.0,749.0
0.0,7042.0,2124.0,3275.0,8546.0,0.0,0.0,2311.0,964.0,722.0,1402.0
0.0,13464.0,2908.0,3241.0,6210.0,0.0,0.0,2257.0,984.0,1277.0,1631.0
0.0,16766.0,4112.0,3247.0,0.0,334.0,334.0,2245.0,1002.0,2884.0,1228.0
0.0,12654.0,4509.0,3286.0,0.0,4999.0,4999.0,2286.0,1000.0,3910.0,599.0
0.0,8145.0,3728.0,3322.0,334.0,8537.0,8537.0,2341.0,981.0,3346.0,382.0
0.0,4751.0,2533.0,3318.0,4999.0,6055.0,6055.0,2355.0,963.0,1763.0,770.0
0.0,7217.0,2097.0,3279.0,8537.0,0.0,0.0,2313.0,966.0,701.0,1396.0
0.0,13657.0,2866.0,3245.0,6055.0,0.0,0.0,2259.0,986.0,1232.0,1634.0
0.0,16846.0,4058.0,3249.0,0.0,208.0,208.0,2245.0,1004.0,2816.0,1242.0
0.0,12788.0,4486.0,3288.0,0.0,4850.0,4850.0,2286.0,1002.0,3902.0,584.0
0.0,8302.0,3740.0,3324.0,208.0,8526.0,8526.0,2342.0,982.0,3398.0,342.0
0.0,4770.0,2548.0,3320.0,4850.0,6208.0,6208.0,2356.0,964.0,1789.0,759.0
0.0,7072.0,2119.0,3282.0,8526.0,0.0,0.0,2315.0,967.0,708.0,1411.0
0.0,13479.0,2840.0,3248.0,6208.0,0.0,0.0,2260.0,988.0,1220.0,1620.0
0.0,16847.0,4031.0,3252.0,0.0,192.0,192.0,2247.0,1005.0,2835.0,1196.0
0.0,12816.0,4468.0,3292.0,0.0,4820.0,4820.0,2289.0,1003.0,3909.0,559.0
0.0,8348.0,3718.0,3328.0,192.0,8490.0,8490.0,2345.0,983.0,3381.0,337.0
0.0,4822.0,2492.0,3324.0,4820.0,6146.0,6146.0,2358.0,966.0,1735.0,757.0
0.0,7150.0,2051.0,3285.0,8490.0,0.0,0.0,2316.0,969.0,646.0,1405.0
0.0,13589.0,2810.0,3250.0,6146.0,0.0,0.0,2261.0,989.0,1183.0,1627.0
0.0,16925.0,3983.0,3255.0,0.0,78.0,78.0,2248.0,1007.0,2786.0,1197.0
0.0,12942.0,4395.0,3295.0,0.0,4633.0,4633.0,2290.0,1005.0,3848.0,547.0
0.0,8547.0,3638.0,3329.0,78.0,8329.0,8329.0,2344.0,985.0,3316.0,322.0
0.0,4987.0,2494.0,3324.0,4633.0,6170.0,6170.0,2357.0,967.0,1752.0,742.0
0.0,7126.0,2066.0,3285.0,8329.0,0.0,0.0,2316.0,969.0,670.0,1396.0
0.0,13389.0,2840.0,3253.0,6170.0,0.0,0.0,2264.0,989.0,1218.0,1622.0
0.0,16719.0,4032.0,3259.0,0.0,349.0,349.0,2252.0,1007.0,2816.0,1216.0
0.0,12687.0,4454.0,3299.0,0.0,4963.0,4963.0,2293.0,1006.0,3884.0,570.0
0.0,8233.0,3694.0,3333.0,349.0,8444.0,8444.0,2347.0,986.0,3363.0,331.0
0.0,4888.0,2497.0,3329.0,4963.0,5962.0,5962.0,2360.0,969.0,1755.0,742.0
0.0,7354.0,2099.0,3290.0,8444.0,0.0,0.0,2319.0,971.0,684.0,1415.0
0.0,13699.0,2892.0,3258.0,5962.0,0.0,0.0,2266.0,992.0,1230.0,1662.0
0.0,16769.0,4074.0,3263.0,0.0,357.0,357.0,2254.0,1009.0,2850.0,1224.0
0.0,12695.0,4499.0,3302.0,0.0,5012.0,5012.0,2295.0,1007.0,3955.0,544.0
0.0,8196.0,3738.0,3335.0,357.0,8525.0,8525.0,2349.0,986.0,3437.0,301.0
0.0,4815.0,2587.0,3330.0,5012.0,6080.0,6080.0,2361.0,969.0,1830.0,757.0
0.0,7240.0,2205.0,3293.0,8525.0,0.0,0.0,2321.0,972.0,757.0,1448.0
0.0,13560.0,2975.0,3262.0,6080.0,0.0,0.0,2269.0,993.0,1291.0,1684.0
0.0,16665.0,4149.0,3270.0,0.0,564.0,564.0,2259.0,1011.0,2911.0,1238.0
0.0,12516.0,4526.0,3309.0,0.0,5246.0,5246.0,2301.0,1008.0,3970.0,556.0
0.0,7990.0,3728.0,3342.0,564.0,8542.0,8542.0,2354.0,988.0,3404.0,324.0
0.0,4826.0,2609.0,3336.0,5246.0,5881.0,5881.0,2365.0,971.0,1831.0,778.0
0.0,7463.0,2259.0,3298.0,8542.0,0.0,0.0,2324.0,974.0,789.0,1470.0
0.0,13746.0,3040.0,3268.0,5881.0,0.0,0.0,2273.0,995.0,1343.0,1697.0
0.0,16587.0,4176.0,3276.0,0.0,693.0,693.0,2263.0,1013.0,2944.0,1232.0
0.0,12411.0,4517.0,3314.0,0.0,5362.0,5362.0,2304.0,1010.0,3971.0,546.0
0.0,7894.0,3718.0,3345.0,693.0,8511.0,8511.0,2356.0,989.0,3404.0,314.0
0.0,4869.0,2566.0,3338.0,5362.0,5687.0,5687.0,2366.0,972.0,1768.0,798.0
0.0,7665.0,2178.0,3301.0,8511.0,0.0,0.0,2325.0,976.0,694.0,1484.0
0.0,13998.0,2954.0,3271.0,5687.0,0.0,0.0,2274.0,997.0,1257.0,1697.0
0.0,16731.0,4119.0,3279.0,0.0,504.0,504.0,2265.0,1014.0,2896.0,1223.0
0.0,12612.0,4467.0,3315.0,0.0,5115.0,5115.0,2306.0,1009.0,3934.0,533.0
0.0,8145.0,3688.0,3346.0,504.0,8423.0,8423.0,2357.0,989.0,3369.0,319.0
0.0,4961.0,2524.0,3338.0,5115.0,5800.0,5800.0,2366.0,972.0,1734.0,790.0
0.0,7552.0,2209.0,3302.0,8423.0,0.0,0.0,2324.0,978.0,718.0,1491.0
0.0,13766.0,3041.0,3273.0,5800.0,0.0,0.0,2274.0,999.0,1327.0,1714.0
0.0,16525.0,4179.0,3282.0,0.0,782.0,782.0,2267.0,1015.0,2947.0,1232.0
0.0,12346.0,4448.0,3319.0,0.0,5378.0,5378.0,2308.0,1011.0,3919.0,529.0
0.0,7898.0,3598.0,3348.0,782.0,8310.0,8310.0,2358.0,990.0,3299.0,299.0
0.0,5082.0,2508.0,3341.0,5378.0,5412.0,5412.0,2368.0,973.0,1742.0,766.0
0.0,7952.0,2231.0,3305.0,8310.0,0.0,0.0,2328.0,977.0,763.0,1468.0
0.0,14031.0,3082.0,3279.0,5412.0,0.0,0.0,2280.0,999.0,1374.0,1708.0
0.0,16361.0,4168.0,3287.0,0.0,955.0,955.0,2271.0,1016.0,2928.0,1240.0
0.0,12193.0,4423.0,3323.0,0.0,5522.0,5522.0,2311.0,1012.0,3888.0,535.0
0.0,7770.0,3630.0,3352.0,955.0,8313.0,8313.0,2362.0,990.0,3340.0,290.0
0.0,5095.0,2551.0,3347.0,5522.0,5322.0,5322.0,2373.0,974.0,1798.0,753.0
0.0,8066.0,2276.0,3313.0,8313.0,0.0,0.0,2334.0,979.0,807.0,1469.0
0.0,14103.0,3061.0,3285.0,5322.0,0.0,0.0,2284.0,1001.0,1338.0,1723.0
0.0,16364.0,4082.0,3293.0,0.0,890.0,890.0,2274.0,1019.0,2824.0,1258.0
0.0,12282.0,4313.0,3328.0,0.0,5343.0,5343.0,2313.0,1015.0,3779.0,534.0
0.0,7969.0,3561.0,3357.0,890.0,8130.0,8130.0,2364.0,993.0,3283.0,278.0
0.0,5298.0,2541.0,3352.0,5343.0,5308.0,5308.0,2376.0,976.0,1821.0,720.0
0.0,8100.0,2309.0,3319.0,8130.0,0.0,0.0,2339.0,980.0,869.0,1440.0
0.0,13921.0,3059.0,3294.0,5308.0,0.0,0.0,2291.0,1003.0,1344.0,1715.0
0.0,16170.0,4050.0,3302.0,0.0,1088.0,1088.0,2281.0,1021.0,2784.0,1266.0
0.0,12120.0,4268.0,3336.0,0.0,5492.0,5492.0,2319.0,1017.0,3724.0,544.0
0.0,7852.0,3527.0,3363.0,1088.0,8039.0,8039.0,2368.0,995.0,3249.0,278.0
0.0,5413.0,2507.0,3357.0,5492.0,5030.0,5030.0,2379.0,978.0,1784.0,723.0
0.0,8398.0,2244.0,3323.0,8039.0,0.0,0.0,2341.0,982.0,831.0,1413.0
0.0,14193.0,3018.0,3295.0,5030.0,0.0,0.0,2292.0,1003.0,1333.0,1685.0
0.0,16205.0,4071.0,3302.0,0.0,1074.0,1074.0,2281.0,1021.0,2805.0,1266.0
0.0,12134.0,4368.0,3339.0,0.0,5590.0,5590.0,2321.0,1018.0,3811.0,557.0
0.0,7766.0,3618.0,3368.0,1074.0,8250.0,8250.0,2372.0,996.0,3333.0,285.0
0.0,5222.0,2587.0,3362.0,5590.0,5223.0,5223.0,2384.0,978.0,1866.0,721.0
0.0,8225.0,2289.0,3328.0,8250.0,0.0,0.0,2346.0,982.0,854.0,1435.0
0.0,14186.0,3015.0,3299.0,5223.0,0.0,0.0,2294.0,1005.0,1285.0,1730.0
0.0,16394.0,4070.0,3305.0,0.0,896.0,896.0,2281.0,1024.0,2766.0,1304.0
0.0,12324.0,4409.0,3340.0,0.0,5445.0,5445.0,2320.0,1020.0,3844.0,565.0
0.0,7915.0,3669.0,3368.0,896.0,8330.0,8330.0,2371.0,997.0,3426.0,243.0
0.0,5142.0,2641.0,3362.0,5445.0,5502.0,5502.0,2384.0,978.0,1968.0,673.0
0.0,7946.0,2325.0,3328.0,8330.0,0.0,0.0,2346.0,982.0,895.0,1430.0
0.0,13951.0,3083.0,3300.0,5502.0,0.0,0.0,2295.0,1005.0,1317.0,1766.0
0.0,16370.0,4190.0,3309.0,0.0,1056.0,1056.0,2284.0,1025.0,2842.0,1348.0
0.0,12180.0,4520.0,3345.0,0.0,5720.0,5720.0,2324.0,1021.0,3928.0,592.0
0.0,7660.0,3719.0,3373.0,1056.0,8495.0,8495.0,2376.0,997.0,3472.0,247.0
0.0,4997.0,2616.0,3365.0,5720.0,5359.0,5359.0,2387.0,978.0,1948.0,668.0
0.0,8101.0,2313.0,3329.0,8495.0,0.0,0.0,2347.0,982.0,863.0,1450.0
0.0,14283.0,3081.0,3302.0,5359.0,0.0,0.0,2296.0,1006.0,1290.0,1791.0
0.0,16561.0,4202.0,3311.0,0.0,885.0,885.0,2285.0,1026.0,2836.0,1366.0
0.0,12359.0,4527.0,3349.0,0.0,5564.0,5564.0,2327.0,1022.0,3939.0,588.0
0.0,7832.0,3676.0,3378.0,885.0,8471.0,8471.0,2380.0,998.0,3446.0,230.0
0.0,5041.0,2531.0,3369.0,5564.0,5402.0,5402.0,2391.0,978.0,1873.0,658.0
0.0,8074.0,2291.0,3334.0,8471.0,0.0,0.0,2352.0,982.0,830.0,1461.0
0.0,14254.0,3148.0,3308.0,5402.0,0.0,0.0,2301.0,1007.0,1322.0,1826.0
0.0,16508.0,4277.0,3320.0,0.0,1049.0,1049.0,2292.0,1028.0,2898.0,1379.0
0.0,12231.0,4527.0,3359.0,0.0,5732.0,5732.0,2335.0,1024.0,3954.0,573.0
0.0,7704.0,3638.0,3386.0,1049.0,8429.0,8429.0,2387.0,999.0,3430.0,208.0
0.0,5115.0,2453.0,3374.0,5732.0,5102.0,5102.0,2396.0,978.0,1805.0,648.0
0.0,8394.0,2188.0,3337.0,8429.0,0.0,0.0,2354.0,983.0,721.0,1467.0
0.0,14635.0,3123.0,3311.0,5102.0,0.0,0.0,2303.0,1008.0,1308.0,1815.0
0.0,16614.0,4334.0,3325.0,0.0,1020.0,1020.0,2297.0,1028.0,2971.0,1363.0
0.0,12280.0,4584.0,3365.0,0.0,5764.0,5764.0,2341.0,1024.0,4023.0,561.0
0.0,7696.0,3612.0,3392.0,1020.0,8464.0,8464.0,2392.0,1000.0,3400.0,212.0
0.0,5104.0,2368.0,3378.0,5764.0,5012.0,5012.0,2398.0,980.0,1712.0,656.0
0.0,8500.0,2126.0,3339.0,8464.0,0.0,0.0,2355.0,984.0,667.0,1459.0
0.0,14838.0,3122.0,3314.0,5012.0,0.0,0.0,2305.0,1009.0,1306.0,1816.0
0.0,16728.0,4329.0,3327.0,0.0,909.0,909.0,2298.0,1029.0,2978.0,1351.0
0.0,12399.0,4542.0,3366.0,0.0,5607.0,5607.0,2341.0,1025.0,4008.0,534.0
0.0,7857.0,3566.0,3390.0,909.0,8360.0,8360.0,2390.0,1000.0,3392.0,174.0
0.0,5200.0,2412.0,3377.0,5607.0,5113.0,5113.0,2398.0,979.0,1757.0,655.0
0.0,8395.0,2204.0,3342.0,8360.0,0.0,0.0,2358.0,984.0,721.0,1483.0
0.0,14551.0,3135.0,3319.0,5113.0,0.0,0.0,2310.0,1009.0,1308.0,1827.0
0.0,16529.0,4288.0,3333.0,0.0,1091.0,1091.0,2304.0,1029.0,2944.0,1344.0
0.0,12241.0,4461.0,3370.0,0.0,5700.0,5700.0,2345.0,1025.0,3946.0,515.0
0.0,7780.0,3494.0,3393.0,1091.0,8195.0,8195.0,2392.0,1001.0,3325.0,169.0
0.0,5377.0,2360.0,3379.0,5700.0,4799.0,4799.0,2399.0,980.0,1700.0,660.0
0.0,8717.0,2173.0,3343.0,8195.0,0.0,0.0,2358.0,985.0,687.0,1486.0
0.0,14739.0,3130.0,3321.0,4799.0,0.0,0.0,2312.0,1009.0,1292.0,1838.0
0.0,16408.0,4309.0,3336.0,0.0,1245.0,1245.0,2306.0,1030.0,2948.0,1361.0
0.0,12099.0,4534.0,3375.0,0.0,5935.0,5935.0,2348.0,1027.0,3988.0,546.0
0.0,7565.0,3549.0,3400.0,1245.0,8339.0,8339.0,2397.0,1003.0,3362.0,187.0
0.0,5261.0,2392.0,3389.0,5935.0,4752.0,4752.0,2405.0,984.0,1726.0,666.0
0.0,8804.0,2178.0,3351.0,8339.0,0.0,0.0,2363.0,988.0,668.0,1510.0
0.0,14965.0,3141.0,3329.0,4752.0,0.0,0.0,2315.0,1014.0,1276.0,1865.0
0.0,16576.0,4297.0,3341.0,0.0,1085.0,1085.0,2307.0,1034.0,2935.0,1362.0
0.0,12279.0,4555.0,3379.0,0.0,5792.0,5792.0,2349.0,1030.0,4044.0,511.0
0.0,7724.0,3627.0,3405.0,1085.0,8438.0,8438.0,2399.0,1006.0,3465.0,162.0
0.0,5182.0,2469.0,3394.0,5792.0,5071.0,5071.0,2409.0,985.0,1801.0,668.0
0.0,8505.0,2228.0,3359.0,8438.0,0.0,0.0,2370.0,989.0,712.0,1516.0
0.0,14715.0,3187.0,3335.0,5071.0,0.0,0.0,2321.0,1014.0,1317.0,1870.0
0.0,16599.0,4381.0,3349.0,0.0,1178.0,1178.0,2313.0,1036.0,3013.0,1368.0
0.0,12218.0,4622.0,3387.0,0.0,5952.0,5952.0,2354.0,1033.0,4110.0,512.0
0.0,7596.0,3672.0,3414.0,1178.0,8554.0,8554.0,2405.0,1009.0,3512.0,160.0
0.0,5102.0,2512.0,3402.0,5952.0,5066.0,5066.0,2414.0,988.0,1835.0,677.0
0.0,8542.0,2300.0,3366.0,8554.0,0.0,0.0,2374.0,992.0,749.0,1551.0
0.0,14796.0,3251.0,3342.0,5066.0,0.0,0.0,2325.0,1017.0,1350.0,1901.0
0.0,16611.0,4360.0,3354.0,0.0,1165.0,1165.0,2316.0,1038.0,2996.0,1364.0
0.0,12251.0,4565.0,3391.0,0.0,5878.0,5878.0,2357.0,1034.0,4091.0,474.0
0.0,7686.0,3667.0,3417.0,1165.0,8484.0,8484.0,2408.0,1009.0,3529.0,138.0
0.0,5184.0,2573.0,3407.0,5878.0,5139.0,5139.0,2419.0,988.0,1867.0,706.0
0.0,8489.0,2333.0,3372.0,8484.0,0.0,0.0,2379.0,993.0,742.0,1591.0
0.0,14640.0,3204.0,3346.0,5139.0,0.0,0.0,2328.0,1018.0,1287.0,1917.0
0.0,16575.0,4283.0,3358.0,0.0,1140.0,1140.0,2318.0,1040.0,2930.0,1353.0
0.0,12292.0,4488.0,3395.0,0.0,5776.0,5776.0,2359.0,1036.0,4034.0,454.0
0.0,7804.0,3662.0,3422.0,1140.0,8406.0,8406.0,2412.0,1010.0,3538.0,124.0
0.0,5282.0,2577.0,3410.0,5776.0,5159.0,5159.0,2422.0,988.0,1892.0,685.0
0.0,8481.0,2311.0,3373.0,8406.0,0.0,0.0,2381.0,992.0,729.0,1582.0
0.0,14576.0,3160.0,3346.0,5159.0,0.0,0.0,2328.0,1018.0,1229.0,1931.0
0.0,16575.0,4250.0,3359.0,0.0,1111.0,1111.0,2318.0,1041.0,2881.0,1369.0
0.0,12325.0,4482.0,3397.0,0.0,5745.0,5745.0,2360.0,1037.0,4019.0,463.0
0.0,7843.0,3653.0,3425.0,1111.0,8399.0,8399.0,2414.0,1011.0,3532.0,121.0
0.0,5301.0,2549.0,3414.0,5745.0,5159.0,5159.0,2425.0,989.0,1879.0,670.0
0.0,8497.0,2301.0,3375.0,8399.0,0.0,0.0,2382.0,993.0,728.0,1573.0
0.0,14595.0,3168.0,3348.0,5159.0,0.0,0.0,2329.0,1019.0,1255.0,1913.0
0.0,16586.0,4304.0,3362.0,0.0,1166.0,1166.0,2320.0,1042.0,2918.0,1386.0
0.0,12282.0,4575.0,3404.0,0.0,5909.0,5909.0,2365.0,1039.0,4078.0,497.0
0.0,7707.0,3684.0,3434.0,1166.0,8547.0,8547.0,2421.0,1013.0,3556.0,128.0
0.0,5189.0,2499.0,3422.0,5909.0,5089.0,5089.0,2431.0,991.0,1850.0,649.0
0.0,8599.0,2189.0,3381.0,8547.0,0.0,0.0,2387.0,994.0,661.0,1528.0
0.0,14957.0,3106.0,3354.0,5089.0,0.0,0.0,2333.0,1021.0,1195.0,1911.0
0.0,16940.0,4281.0,3367.0,0.0,809.0,809.0,2323.0,1044.0,2893.0,1388.0
0.0,12659.0,4565.0,3409.0,0.0,5542.0,5542.0,2368.0,1041.0,4077.0,488.0
0.0,8094.0,3704.0,3438.0,809.0,8553.0,8553.0,2423.0,1015.0,3581.0,123.0
0.0,5199.0,2503.0,3425.0,5542.0,5462.0,5462.0,2433.0,992.0,1868.0,635.0
0.0,8238.0,2176.0,3384.0,8553.0,0.0,0.0,2389.0,995.0,645.0,1531.0
0.0,14615.0,3081.0,3358.0,5462.0,0.0,0.0,2336.0,1022.0,1173.0,1908.0
0.0,16996.0,4295.0,3374.0,0.0,795.0,795.0,2328.0,1046.0,2896.0,1399.0
0.0,12701.0,4596.0,3417.0,0.0,5563.0,5563.0,2374.0,1043.0,4087.0,509.0
0.0,8105.0,3703.0,3446.0,795.0,8587.0,8587.0,2429.0,1017.0,3559.0,144.0
0.0,5197.0,2485.0,3433.0,5563.0,5457.0,5457.0,2439.0,994.0,1820.0,665.0
0.0,8275.0,2174.0,3392.0,8587.0,0.0,0.0,2394.0,998.0,634.0,1540.0
0.0,14688.0,3073.0,3364.0,5457.0,0.0,0.0,2340.0,1024.0,1179.0,1894.0
0.0,17072.0,4234.0,3378.0,0.0,674.0,674.0,2331.0,1047.0,2849.0,1385.0
0.0,12838.0,4551.0,3419.0,0.0,5389.0,5389.0,2375.0,1044.0,4035.0,516.0
0.0,8287.0,3706.0,3448.0,674.0,8537.0,8537.0,2430.0,1018.0,3553.0,153.0
0.0,5255.0,2510.0,3437.0,5389.0,5614.0,5614.0,2442.0,995.0,1850.0,660.0
0.0,8134.0,2206.0,3396.0,8537.0,0.0,0.0,2398.0,998.0,688.0,1518.0
0.0,14465.0,3100.0,3368.0,5614.0,0.0,0.0,2344.0,1024.0,1211.0,1889.0
0.0,16979.0,4300.0,3381.0,0.0,845.0,845.0,2333.0,1048.0,2897.0,1403.0
0.0,12679.0,4571.0,3421.0,0.0,5576.0,5576.0,2376.0,1045.0,4040.0,531.0
0.0,8108.0,3697.0,3449.0,845.0,8540.0,8540.0,2430.0,1019.0,3545.0,152.0
0.0,5256.0,2556.0,3438.0,5576.0,5476.0,5476.0,2442.0,996.0,1917.0,639.0
0.0,8276.0,2310.0,3397.0,8540.0,0.0,0.0,2399.0,998.0,803.0,1507.0
0.0,14506.0,3216.0,3371.0,5476.0,0.0,0.0,2346.0,1025.0,1313.0,1903.0
0.0,16766.0,4374.0,3384.0,0.0,1144.0,1144.0,2335.0,1049.0,2945.0,1429.0
0.0,12392.0,4612.0,3424.0,0.0,5916.0,5916.0,2377.0,1047.0,4050.0,562.0
0.0,7780.0,3706.0,3451.0,1144.0,8586.0,8586.0,2431.0,1020.0,3542.0,164.0
0.0,5218.0,2576.0,3438.0,5916.0,5194.0,5194.0,2442.0,996.0,1941.0,635.0
0.0,8558.0,2322.0,3399.0,8586.0,0.0,0.0,2400.0,999.0,811.0,1511.0
0.0,14822.0,3212.0,3374.0,5194.0,0.0,0.0,2347.0,1027.0,1301.0,1911.0
0.0,16804.0,4376.0,3387.0,0.0,1120.0,1120.0,2335.0,1052.0,2931.0,1445.0
0.0,12428.0,4635.0,3427.0,0.0,5915.0,5915.0,2378.0,1049.0,4067.0,568.0
0.0,7793.0,3761.0,3454.0,1120.0,8664.0,8664.0,2432.0,1022.0,3588.0,173.0
0.0,5152.0,2629.0,3443.0,5915.0,5334.0,5334.0,2446.0,997.0,1987.0,642.0
0.0,8438.0,2324.0,3405.0,8664.0,0.0,0.0,2405.0,1000.0,826.0,1498.0
0.0,14778.0,3146.0,3380.0,5334.0,0.0,0.0,2352.0,1028.0,1261.0,1885.0
0.0,16966.0,4271.0,3392.0,0.0,873.0,873.0,2339.0,1053.0,2841.0,1430.0
0.0,12695.0,4545.0,3429.0,0.0,5566.0,5566.0,2378.0,1051.0,3957.0,588.0
0.0,8150.0,3725.0,3457.0,873.0,8530.0,8530.0,2433.0,1024.0,3554.0,171.0
0.0,5298.0,2609.0,3446.0,5566.0,5529.0,5529.0,2448.0,998.0,2014.0,595.0
0.0,8255.0,2329.0,3409.0,8530.0,0.0,0.0,2409.0,1000.0,877.0,1452.0
0.0,14456.0,3168.0,3383.0,5529.0,0.0,0.0,2356.0,1027.0,1272.0,1896.0
0.0,16817.0,4273.0,3396.0,0.0,1040.0,1040.0,2343.0,1053.0,2819.0,1454.0
0.0,12544.0,4517.0,3433.0,0.0,5705.0,5705.0,2382.0,1051.0,3947.0,570.0
0.0,8027.0,3689.0,3460.0,1040.0,8462.0,8462.0,2437.0,1023.0,3550.0,139.0
0.0,5378.0,2586.0,3449.0,5705.0,5299.0,5299.0,2451.0,998.0,1997.0,589.0
0.0,8497.0,2344.0,3411.0,8462.0,0.0,0.0,2412.0,999.0,878.0,1466.0
0.0,14615.0,3161.0,3384.0,5299.0,0.0,0.0,2358.0,1026.0,1261.0,1900.0
0.0,16753.0,4261.0,3395.0,0.0,1088.0,1088.0,2343.0,1052.0,2805.0,1456.0
0.0,12492.0,4533.0,3434.0,0.0,5777.0,5777.0,2384.0,1050.0,3955.0,578.0
0.0,7959.0,3717.0,3464.0,1088.0,8526.0,8526.0,2440.0,1024.0,3573.0,144.0
0.0,5330.0,2585.0,3453.0,5777.0,5290.0,5290.0,2455.0,998.0,2016.0,569.0
0.0,8522.0,2294.0,3416.0,8526.0,0.0,0.0,2416.0,1000.0,831.0,1463.0
0.0,14754.0,3117.0,3387.0,5290.0,0.0,0.0,2360.0,1027.0,1202.0,1915.0
0.0,16927.0,4221.0,3398.0,0.0,886.0,886.0,2345.0,1053.0,2761.0,1460.0
0.0,12706.0,4512.0,3436.0,0.0,5550.0,5550.0,2385.0,1051.0,3949.0,563.0
0.0,8194.0,3689.0,3465.0,886.0,8469.0,8469.0,2441.0,1024.0,3557.0,132.0
0.0,5391.0,2578.0,3455.0,5550.0,5457.0,5457.0,2456.0,999.0,1983.0,595.0
0.0,8363.0,2247.0,3416.0,8469.0,0.0,0.0,2415.0,1001.0,766.0,1481.0
0.0,14585.0,3056.0,3387.0,5457.0,0.0,0.0,2359.0,1028.0,1150.0,1906.0
0.0,16986.0,4196.0,3396.0,0.0,794.0,794.0,2343.0,1053.0,2750.0,1446.0
0.0,12790.0,4565.0,3436.0,0.0,5519.0,5519.0,2385.0,1051.0,4003.0,562.0
0.0,8225.0,3801.0,3467.0,794.0,8650.0,8650.0,2443.0,1024.0,3653.0,148.0
0.0,5218.0,2663.0,3459.0,5519.0,5762.0,5762.0,2460.0,999.0,2037.0,626.0
0.0,8074.0,2284.0,3422.0,8650.0,0.0,0.0,2420.0,1002.0,775.0,1509.0
0.0,14440.0,3014.0,3392.0,5762.0,0.0,0.0,2364.0,1028.0,1114.0,1900.0
0.0,17188.0,4122.0,3400.0,0.0,534.0,534.0,2347.0,1053.0,2686.0,1436.0
0.0,13066.0,4526.0,3439.0,0.0,5216.0,5216.0,2388.0,1051.0,3953.0,573.0
0.0,8540.0,3832.0,3470.0,534.0,8638.0,8638.0,2444.0,1026.0,3650.0,182.0
0.0,5242.0,2729.0,3463.0,5216.0,6123.0,6123.0,2461.0,1002.0,2083.0,646.0
0.0,7729.0,2359.0,3426.0,8638.0,0.0,0.0,2422.0,1004.0,862.0,1497.0
0.0,14008.0,3089.0,3397.0,6123.0,0.0,0.0,2367.0,1030.0,1193.0,1896.0
0.0,17042.0,4197.0,3407.0,0.0,783.0,783.0,2352.0,1055.0,2746.0,1451.0
0.0,12845.0,4560.0,3445.0,0.0,5495.0,5495.0,2391.0,1054.0,3959.0,601.0
0.0,8285.0,3895.0,3476.0,783.0,8731.0,8731.0,2447.0,1029.0,3685.0,210.0
0.0,5173.0,2842.0,3469.0,5495.0,6050.0,6050.0,2464.0,1005.0,2197.0,645.0
0.0,7826.0,2448.0,3432.0,8731.0,0.0,0.0,2426.0,1006.0,963.0,1485.0
0.0,14109.0,3135.0,3404.0,6050.0,0.0,0.0,2372.0,1032.0,1240.0,1895.0
0.0,17024.0,4196.0,3413.0,0.0,824.0,824.0,2356.0,1057.0,2744.0,1452.0
0.0,12828.0,4575.0,3451.0,0.0,5551.0,5551.0,2395.0,1056.0,3980.0,595.0
0.0,8253.0,3895.0,3481.0,824.0,8742.0,8742.0,2451.0,1030.0,3711.0,184.0
0.0,5182.0,2846.0,3474.0,5551.0,6009.0,6009.0,2468.0,1006.0,2195.0,651.0
0.0,7887.0,2454.0,3437.0,8742.0,0.0,0.0,2430.0,1007.0,938.0,1516.0
0.0,14175.0,3101.0,3408.0,6009.0,0.0,0.0,2375.0,1033.0,1184.0,1917.0
0.0,17083.0,4175.0,3415.0,0.0,752.0,752.0,2357.0,1058.0,2698.0,1477.0
0.0,12908.0,4603.0,3454.0,0.0,5511.0,5511.0,2396.0,1058.0,3990.0,613.0
0.0,8305.0,3906.0,3484.0,752.0,8785.0,8785.0,2451.0,1033.0,3710.0,196.0
0.0,5151.0,2808.0,3478.0,5511.0,6058.0,6058.0,2469.0,1009.0,2180.0,628.0
0.0,7854.0,2402.0,3442.0,8785.0,0.0,0.0,2432.0,1010.0,926.0,1476.0
0.0,14237.0,3077.0,3414.0,6058.0,0.0,0.0,2379.0,1035.0,1176.0,1901.0
0.0,17218.0,4139.0,3421.0,0.0,605.0,605.0,2361.0,1060.0,2650.0,1489.0
0.0,13079.0,4529.0,3459.0,0.0,5286.0,5286.0,2398.0,1061.0,3897.0,632.0
0.0,8550.0,3839.0,3487.0,605.0,8632.0,8632.0,2451.0,1036.0,3667.0,172.0
0.0,5316.0,2798.0,3480.0,5286.0,6116.0,6116.0,2469.0,1011.0,2211.0,587.0
0.0,7804.0,2441.0,3445.0,8632.0,0.0,0.0,2434.0,1011.0,982.0,1459.0
0.0,13995.0,3115.0,3418.0,6116.0,0.0,0.0,2381.0,1037.0,1199.0,1916.0
0.0,16996.0,4137.0,3427.0,0.0,849.0,849.0,2364.0,1063.0,2656.0,1481.0
0.0,12859.0,4476.0,3463.0,0.0,5469.0,5469.0,2400.0,1063.0,3875.0,601.0
0.0,8383.0,3804.0,3491.0,849.0,8536.0,8536.0,2453.0,1038.0,3652.0,152.0
0.0,5428.0,2830.0,3485.0,5469.0,5873.0,5873.0,2472.0,1013.0,2229.0,601.0
0.0,8067.0,2473.0,3450.0,8536.0,0.0,0.0,2437.0,1013.0,1000.0,1473.0
0.0,14130.0,3111.0,3423.0,5873.0,0.0,0.0,2384.0,1039.0,1200.0,1911.0
0.0,16892.0,4080.0,3430.0,0.0,908.0,908.0,2366.0,1064.0,2606.0,1474.0
0.0,12812.0,4421.0,3466.0,0.0,5473.0,5473.0,2401.0,1065.0,3836.0,585.0
0.0,8391.0,3794.0,3494.0,908.0,8471.0,8471.0,2455.0,1039.0,3664.0,130.0
0.0,5505.0,2819.0,3488.0,5473.0,5793.0,5793.0,2475.0,1013.0,2237.0,582.0
0.0,8159.0,2488.0,3456.0,8471.0,0.0,0.0,2442.0,1014.0,1020.0,1468.0
0.0,14142.0,3120.0,3428.0,5793.0,0.0,0.0,2389.0,1039.0,1211.0,1909.0
0.0,16815.0,4068.0,3436.0,0.0,997.0,997.0,2371.0,1065.0,2605.0,1463.0
0.0,12747.0,4401.0,3471.0,0.0,5538.0,5538.0,2406.0,1065.0,3814.0,587.0
0.0,8346.0,3802.0,3500.0,997.0,8459.0,8459.0,2461.0,1039.0,3641.0,161.0
0.0,5541.0,2830.0,3496.0,5538.0,5735.0,5735.0,2482.0,1014.0,2250.0,580.0
0.0,8249.0,2444.0,3462.0,8459.0,0.0,0.0,2448.0,1014.0,984.0,1460.0
0.0,14264.0,3025.0,3433.0,5735.0,0.0,0.0,2393.0,1040.0,1112.0,1913.0
0.0,16974.0,3986.0,3437.0,0.0,760.0,760.0,2371.0,1066.0,2520.0,1466.0
0.0,12988.0,4358.0,3470.0,0.0,5250.0,5250.0,2405.0,1065.0,3786.0,572.0
0.0,8630.0,3853.0,3500.0,760.0,8463.0,8463.0,2461.0,1039.0,3696.0,157.0
0.0,5537.0,2909.0,3497.0,5250.0,6110.0,6110.0,2483.0,1014.0,2273.0,636.0
0.0,7878.0,2522.0,3466.0,8463.0,45.0,45.0,2450.0,1016.0,988.0,1534.0
0.0,13819.0,3047.0,3439.0,6110.0,0.0,0.0,2396.0,1043.0,1098.0,1949.0
0.0,16882.0,3989.0,3441.0,45.0,826.0,826.0,2374.0,1067.0,2513.0,1476.0
0.0,12938.0,4433.0,3474.0,0.0,5391.0,5391.0,2408.0,1066.0,3863.0,570.0
0.0,8505.0,3924.0,3504.0,826.0,8609.0,8609.0,2464.0,1040.0,3778.0,146.0
0.0,5407.0,2981.0,3501.0,5391.0,6187.0,6187.0,2486.0,1015.0,2363.0,618.0
0.0,7817.0,2566.0,3471.0,8609.0,24.0,24.0,2454.0,1017.0,1044.0,1522.0
0.0,13860.0,3106.0,3442.0,6187.0,0.0,0.0,2399.0,1043.0,1136.0,1970.0
0.0,16941.0,4090.0,3446.0,24.0,909.0,909.0,2378.0,1068.0,2570.0,1520.0
0.0,12875.0,4545.0,3479.0,0.0,5586.0,5586.0,2411.0,1068.0,3924.0,621.0
0.0,8330.0,4000.0,3508.0,909.0,8793.0,8793.0,2466.0,1042.0,3834.0,166.0
0.0,5239.0,2994.0,3507.0,5586.0,6197.0,6197.0,2489.0,1018.0,2392.0,602.0
0.0,7831.0,2552.0,3475.0,8793.0,0.0,0.0,2456.0,1019.0,1052.0,1500.0
0.0,14072.0,3133.0,3447.0,6197.0,0.0,0.0,2402.0,1045.0,1170.0,1963.0
0.0,17136.0,4153.0,3452.0,0.0,825.0,825.0,2381.0,1071.0,2607.0,1546.0
0.0,12983.0,4568.0,3485.0,0.0,5525.0,5525.0,2414.0,1071.0,3930.0,638.0
0.0,8415.0,3947.0,3514.0,825.0,8763.0,8763.0,2469.0,1045.0,3791.0,156.0
0.0,5293.0,2953.0,3511.0,5525.0,6179.0,6179.0,2492.0,1019.0,2366.0,587.0
0.0,7865.0,2544.0,3479.0,8763.0,0.0,0.0,2460.0,1019.0,1046.0,1498.0
0.0,14084.0,3152.0,3452.0,6179.0,0.0,0.0,2406.0,1046.0,1180.0,1972.0
0.0,17111.0,4161.0,3456.0,0.0,874.0,874.0,2385.0,1071.0,2623.0,1538.0
0.0,12950.0,4571.0,3490.0,0.0,5581.0,5581.0,2419.0,1071.0,3941.0,630.0
0.0,8379.0,3934.0,3520.0,874.0,8761.0,8761.0,2474.0,1046.0,3788.0,146.0
0.0,5319.0,2872.0,3516.0,5581.0,6036.0,6036.0,2496.0,1020.0,2297.0,575.0
0.0,8028.0,2484.0,3484.0,8761.0,0.0,0.0,2464.0,1020.0,1011.0,1473.0
0.0,14305.0,3153.0,3458.0,6036.0,0.0,0.0,2412.0,1046.0,1196.0,1957.0
0.0,17188.0,4186.0,3464.0,0.0,854.0,854.0,2392.0,1072.0,2640.0,1546.0
0.0,13002.0,4524.0,3498.0,0.0,5514.0,5514.0,2425.0,1073.0,3889.0,635.0
0.0,8478.0,3813.0,3523.0,854.0,8573.0,8573.0,2476.0,1047.0,3680.0,133.0
0.0,5519.0,2812.0,3518.0,5514.0,5851.0,5851.0,2497.0,1021.0,2274.0,538.0
0.0,8221.0,2488.0,3486.0,8573.0,0.0,0.0,2466.0,1020.0,1042.0,1446.0
0.0,14306.0,3175.0,3461.0,5851.0,0.0,0.0,2415.0,1046.0,1235.0,1940.0
0.0,16982.0,4206.0,3469.0,0.0,1100.0,1100.0,2396.0,1073.0,2668.0,1538.0
0.0,12776.0,4530.0,3501.0,0.0,5758.0,5758.0,2428.0,1073.0,3893.0,637.0
0.0,8246.0,3832.0,3528.0,1100.0,8598.0,8598.0,2480.0,1048.0,3694.0,138.0
0.0,5514.0,2789.0,3521.0,5758.0,5601.0,5601.0,2500.0,1021.0,2254.0,535.0
0.0,8483.0,2462.0,3490.0,8598.0,0.0,0.0,2470.0,1020.0,1037.0,1425.0
0.0,14619.0,3188.0,3467.0,5601.0,0.0,0.0,2421.0,1046.0,1261.0,1927.0
0.0,17032.0,4214.0,3475.0,0.0,1082.0,1082.0,2402.0,1073.0,2671.0,1543.0
0.0,12818.0,4509.0,3507.0,0.0,5719.0,5719.0,2433.0,1074.0,3865.0,644.0
0.0,8309.0,3765.0,3532.0,1082.0,8502.0,8502.0,2483.0,1049.0,3627.0,138.0
0.0,5626.0,2725.0,3524.0,5719.0,5476.0,5476.0,2502.0,1022.0,2206.0,519.0
0.0,8620.0,2464.0,3493.0,8502.0,0.0,0.0,2472.0,1021.0,1041.0,1423.0
0.0,14658.0,3215.0,3471.0,5476.0,0.0,0.0,2423.0,1048.0,1268.0,1947.0
0.0,16919.0,4184.0,3478.0,0.0,1177.0,1177.0,2404.0,1074.0,2647.0,1537.0
0.0,12735.0,4428.0,3509.0,0.0,5729.0,5729.0,2434.0,1075.0,3800.0,628.0
0.0,8307.0,3693.0,3532.0,1177.0,8337.0,8337.0,2483.0,1049.0,3557.0,136.0
0.0,5791.0,2704.0,3527.0,5729.0,5292.0,5292.0,2504.0,1023.0,2168.0,536.0
0.0,8816.0,2496.0,3498.0,8337.0,0.0,0.0,2476.0,1022.0,1054.0,1442.0
0.0,14657.0,3289.0,3477.0,5292.0,0.0,0.0,2428.0,1049.0,1333.0,1956.0
0.0,16660.0,4218.0,3484.0,0.0,1494.0,1494.0,2408.0,1076.0,2660.0,1558.0
0.0,12442.0,4423.0,3513.0,0.0,6033.0,6033.0,2437.0,1076.0,3770.0,653.0
0.0,8019.0,3675.0,3536.0,1494.0,8306.0,8306.0,2486.0,1050.0,3538.0,137.0
0.0,5838.0,2717.0,3529.0,6033.0,4962.0,4962.0,2507.0,1022.0,2175.0,542.0
0.0,9154.0,2545.0,3502.0,8306.0,0.0,0.0,2480.0,1022.0,1090.0,1455.0
0.0,14915.0,3342.0,3481.0,4962.0,0.0,0.0,2432.0,1049.0,1370.0,1972.0
0.0,16535.0,4331.0,3489.0,0.0,1752.0,1752.0,2412.0,1077.0,2752.0,1579.0
0.0,12204.0,4491.0,3517.0,0.0,6355.0,6355.0,2440.0,1077.0,3825.0,666.0
0.0,7713.0,3683.0,3539.0,1752.0,8374.0,8374.0,2488.0,1051.0,3539.0,144.0
0.0,5782.0,2761.0,3533.0,6355.0,4756.0,4756.0,2509.0,1024.0,2206.0,555.0
0.0,9376.0,2618.0,3504.0,8374.0,0.0,0.0,2481.0,1023.0,1131.0,1487.0
0.0,15132.0,3461.0,3483.0,4756.0,0.0,0.0,2433.0,1050.0,1452.0,2009.0
0.0,16427.0,4432.0,3491.0,0.0,1969.0,1969.0,2414.0,1077.0,2836.0,1596.0
0.0,11995.0,4551.0,3522.0,0.0,6644.0,6644.0,2443.0,1079.0,3885.0,666.0
0.0,7444.0,3747.0,3545.0,1969.0,8514.0,8514.0,2492.0,1053.0,3589.0,158.0
0.0,5666.0,2806.0,3538.0,6644.0,4648.0,4648.0,2512.0,1026.0,2240.0,566.0
0.0,9504.0,2659.0,3510.0,8514.0,0.0,0.0,2485.0,1025.0,1165.0,1494.0
0.0,15359.0,3439.0,3487.0,4648.0,0.0,0.0,2436.0,1051.0,1421.0,2018.0
0.0,16568.0,4406.0,3497.0,0.0,1826.0,1826.0,2417.0,1080.0,2788.0,1618.0
0.0,12162.0,4617.0,3528.0,0.0,6567.0,6567.0,2447.0,1081.0,3929.0,688.0
0.0,7545.0,3808.0,3553.0,1826.0,8649.0,8649.0,2497.0,1056.0,3657.0,151.0
0.0,5563.0,2751.0,3545.0,6567.0,4801.0,4801.0,2517.0,1028.0,2221.0,530.0
0.0,9379.0,2488.0,3513.0,8649.0,0.0,0.0,2487.0,1026.0,1042.0,1446.0
0.0,15540.0,3319.0,3489.0,4801.0,0.0,0.0,2437.0,1052.0,1325.0,1994.0
0.0,17022.0,4370.0,3498.0,0.0,1340.0,1340.0,2417.0,1081.0,2749.0,1621.0
0.0,12652.0,4615.0,3531.0,0.0,6087.0,6087.0,2448.0,1083.0,3926.0,689.0
0.0,8037.0,3799.0,3556.0,1340.0,8646.0,8646.0,2499.0,1057.0,3668.0,131.0
0.0,5578.0,2753.0,3549.0,6087.0,5284.0,5284.0,2519.0,1030.0,2228.0,525.0
0.0,8912.0,2485.0,3516.0,8646.0,0.0,0.0,2488.0,1028.0,1031.0,1454.0
0.0,15073.0,3323.0,3493.0,5284.0,0.0,0.0,2439.0,1054.0,1328.0,1995.0
0.0,17034.0,4400.0,3503.0,0.0,1378.0,1378.0,2421.0,1082.0,2783.0,1617.0
0.0,12634.0,4652.0,3539.0,0.0,6174.0,6174.0,2454.0,1085.0,3965.0,687.0
0.0,7982.0,3809.0,3565.0,1378.0,8709.0,8709.0,2505.0,1060.0,3675.0,134.0
0.0,5551.0,2723.0,3555.0,6174.0,5218.0,5218.0,2523.0,1032.0,2218.0,505.0
0.0,9002.0,2442.0,3522.0,8709.0,0.0,0.0,2492.0,1030.0,1012.0,1430.0
0.0,15269.0,3250.0,3497.0,5218.0,0.0,0.0,2441.0,1056.0,1280.0,1970.0
0.0,17237.0,4355.0,3507.0,0.0,1146.0,1146.0,2423.0,1084.0,2751.0,1604.0
0.0,12882.0,4628.0,3543.0,0.0,5918.0,5918.0,2456.0,1087.0,3944.0,684.0
0.0,8254.0,3773.0,3568.0,1146.0,8645.0,8645.0,2506.0,1062.0,3650.0,123.0
0.0,5627.0,2688.0,3559.0,5918.0,5379.0,5379.0,2524.0,1035.0,2185.0,503.0
0.0,8857.0,2474.0,3525.0,8645.0,0.0,0.0,2493.0,1032.0,1052.0,1422.0
0.0,15028.0,3336.0,3503.0,5379.0,0.0,0.0,2445.0,1058.0,1371.0,1965.0
0.0,17071.0,4371.0,3515.0,0.0,1360.0,1360.0,2429.0,1086.0,2790.0,1581.0
0.0,12700.0,4570.0,3549.0,0.0,6066.0,6066.0,2461.0,1088.0,3917.0,653.0
0.0,8130.0,3696.0,3573.0,1360.0,8498.0,8498.0,2510.0,1063.0,3588.0,108.0
0.0,5794.0,2609.0,3562.0,6066.0,4997.0,4997.0,2527.0,1035.0,2112.0,497.0
0.0,9251.0,2402.0,3527.0,8498.0,0.0,0.0,2494.0,1033.0,970.0,1432.0
0.0,15347.0,3299.0,3506.0,4997.0,0.0,0.0,2447.0,1059.0,1317.0,1982.0
0.0,17045.0,4399.0,3519.0,0.0,1430.0,1430.0,2432.0,1087.0,2807.0,1592.0
0.0,12646.0,4590.0,3555.0,0.0,6164.0,6164.0,2466.0,1089.0,3940.0,650.0
0.0,8056.0,3670.0,3578.0,1430.0,8496.0,8496.0,2515.0,1063.0,3572.0,98.0
0.0,5816.0,2592.0,3564.0,6164.0,4868.0,4868.0,2529.0,1035.0,2086.0,506.0
0.0,9388.0,2412.0,3530.0,8496.0,0.0,0.0,2497.0,1033.0,966.0,1446.0
0.0,15472.0,3311.0,3508.0,4868.0,0.0,0.0,2449.0,1059.0,1309.0,2002.0
0.0,17029.0,4395.0,3522.0,0.0,1454.0,1454.0,2435.0,1087.0,2793.0,1602.0
0.0,12634.0,4613.0,3559.0,0.0,6215.0,6215.0,2469.0,1090.0,3943.0,670.0
0.0,8021.0,3722.0,3581.0,1454.0,8571.0,8571.0,2517.0,1064.0,3610.0,112.0
0.0,5753.0,2656.0,3568.0,6215.0,4960.0,4960.0,2532.0,1036.0,2147.0,509.0
0.0,9312.0,2488.0,3533.0,8571.0,0.0,0.0,2499.0,1034.0,1023.0,1465.0
0.0,15395.0,3392.0,3512.0,4960.0,0.0,0.0,2452.0,1060.0,1361.0,2031.0
0.0,16963.0,4501.0,3528.0,0.0,1650.0,1650.0,2439.0,1089.0,2862.0,1639.0
0.0,12462.0,4695.0,3564.0,0.0,6489.0,6489.0,2473.0,1091.0,4002.0,693.0
0.0,7767.0,3786.0,3587.0,1650.0,8717.0,8717.0,2522.0,1065.0,3662.0,124.0
0.0,5631.0,2702.0,3572.0,6489.0,4870.0,4870.0,2536.0,1036.0,2180.0,522.0
0.0,9418.0,2501.0,3535.0,8717.0,0.0,0.0,2501.0,1034.0,1032.0,1469.0
0.0,15634.0,3448.0,3514.0,4870.0,0.0,0.0,2453.0,1061.0,1398.0,2050.0
0.0,17056.0,4574.0,3530.0,0.0,1638.0,1638.0,2440.0,1090.0,2911.0,1663.0
0.0,12482.0,4765.0,3568.0,0.0,6555.0,6555.0,2476.0,1092.0,4065.0,700.0
0.0,7717.0,3849.0,3591.0,1638.0,8858.0,8858.0,2525.0,1066.0,3730.0,119.0
0.0,5506.0,2721.0,3577.0,6555.0,4968.0,4968.0,2540.0,1037.0,2211.0,510.0
0.0,9340.0,2486.0,3540.0,8858.0,0.0,0.0,2506.0,1034.0,1014.0,1472.0
0.0,15712.0,3336.0,3515.0,4968.0,0.0,0.0,2455.0,1060.0,1279.0,2057.0
0.0,17344.0,4494.0,3529.0,0.0,1266.0,1266.0,2439.0,1090.0,2811.0,1683.0
0.0,12850.0,4769.0,3567.0,0.0,6187.0,6187.0,2474.0,1093.0,4048.0,721.0
0.0,8081.0,3892.0,3594.0,1266.0,8921.0,8921.0,2526.0,1068.0,3750.0,142.0
0.0,5455.0,2723.0,3583.0,6187.0,5413.0,5413.0,2543.0,1040.0,2210.0,513.0
0.0,8919.0,2454.0,3546.0,8921.0,0.0,0.0,2509.0,1037.0,985.0,1469.0
0.0,15386.0,3325.0,3521.0,5413.0,0.0,0.0,2458.0,1063.0,1279.0,2046.0
0.0,17474.0,4455.0,3533.0,0.0,1113.0,1113.0,2441.0,1092.0,2796.0,1659.0
0.0,13019.0,4733.0,3572.0,0.0,6002.0,6002.0,2476.0,1096.0,4019.0,714.0
0.0,8286.0,3875.0,3599.0,1113.0,8872.0,8872.0,2528.0,1071.0,3726.0,149.0
0.0,5524.0,2731.0,3587.0,6002.0,5553.0,5553.0,2544.0,1043.0,2203.0,528.0
0.0,8795.0,2412.0,3548.0,8872.0,0.0,0.0,2509.0,1039.0,964.0,1448.0
0.0,15255.0,3239.0,3522.0,5553.0,0.0,0.0,2457.0,1065.0,1241.0,1998.0
0.0,17569.0,4415.0,3533.0,0.0,978.0,978.0,2440.0,1093.0,2796.0,1619.0
0.0,13154.0,4764.0,3573.0,0.0,5902.0,5902.0,2476.0,1097.0,4066.0,698.0
0.0,8390.0,3924.0,3601.0,978.0,8960.0,8960.0,2529.0,1072.0,3777.0,147.0
0.0,5444.0,2717.0,3591.0,5902.0,5735.0,5735.0,2547.0,1044.0,2203.0,514.0
0.0,8629.0,2397.0,3553.0,8960.0,0.0,0.0,2512.0,1041.0,963.0,1434.0
0.0,15192.0,3245.0,3527.0,5735.0,0.0,0.0,2461.0,1066.0,1255.0,1990.0
0.0,17682.0,4430.0,3539.0,0.0,904.0,904.0,2444.0,1095.0,2809.0,1621.0
0.0,13252.0,4734.0,3579.0,0.0,5798.0,5798.0,2480.0,1099.0,4034.0,700.0
0.0,8518.0,3903.0,3606.0,904.0,8905.0,8905.0,2532.0,1074.0,3741.0,162.0
0.0,5519.0,2733.0,3595.0,5798.0,5796.0,5796.0,2548.0,1047.0,2217.0,516.0
0.0,8584.0,2375.0,3556.0,8905.0,0.0,0.0,2512.0,1044.0,950.0,1425.0
0.0,15114.0,3175.0,3530.0,5796.0,0.0,0.0,2461.0,1069.0,1218.0,1957.0
0.0,17735.0,4308.0,3541.0,0.0,737.0,737.0,2444.0,1097.0,2732.0,1576.0
0.0,13427.0,4660.0,3580.0,0.0,5553.0,5553.0,2480.0,1100.0,3988.0,672.0
0.0,8767.0,3864.0,3609.0,737.0,8796.0,8796.0,2533.0,1076.0,3706.0,158.0
0.0,5640.0,2730.0,3598.0,5553.0,5929.0,5929.0,2550.0,1048.0,2196.0,534.0
0.0,8463.0,2396.0,3559.0,8796.0,0.0,0.0,2514.0,1045.0,975.0,1421.0
0.0,14863.0,3176.0,3532.0,5929.0,0.0,0.0,2462.0,1070.0,1231.0,1945.0
0.0,17616.0,4302.0,3544.0,0.0,862.0,862.0,2446.0,1098.0,2720.0,1582.0
0.0,13314.0,4639.0,3584.0,0.0,5661.0,5661.0,2482.0,1102.0,3956.0,683.0
0.0,8675.0,3831.0,3611.0,862.0,8738.0,8738.0,2534.0,1077.0,3670.0,161.0
0.0,5706.0,2735.0,3600.0,5661.0,5768.0,5768.0,2551.0,1049.0,2189.0,546.0
0.0,8632.0,2438.0,3562.0,8738.0,0.0,0.0,2516.0,1046.0,988.0,1450.0
0.0,14932.0,3252.0,3536.0,5768.0,0.0,0.0,2465.0,1071.0,1281.0,1971.0
0.0,17448.0,4321.0,3547.0,0.0,1061.0,1061.0,2448.0,1099.0,2731.0,1590.0
0.0,13127.0,4616.0,3585.0,0.0,5829.0,5829.0,2482.0,1103.0,3925.0,691.0
0.0,8511.0,3877.0,3612.0,1061.0,8753.0,8753.0,2534.0,1078.0,3693.0,184.0
0.0,5695.0,2874.0,3602.0,5829.0,5758.0,5758.0,2552.0,1050.0,2300.0,574.0
0.0,8650.0,2586.0,3565.0,8753.0,0.0,0.0,2518.0,1047.0,1108.0,1478.0
0.0,14817.0,3300.0,3538.0,5758.0,0.0,0.0,2466.0,1072.0,1318.0,1982.0
0.0,17275.0,4333.0,3549.0,0.0,1254.0,1254.0,2449.0,1100.0,2746.0,1587.0
0.0,12942.0,4650.0,3586.0,0.0,6052.0,6052.0,2483.0,1103.0,3968.0,682.0
0.0,8292.0,3960.0,3614.0,1254.0,8870.0,8870.0,2536.0,1078.0,3780.0,180.0
0.0,5586.0,2943.0,3604.0,6052.0,5721.0,5721.0,2554.0,1050.0,2356.0,587.0
0.0,8695.0,2636.0,3567.0,8870.0,0.0,0.0,2520.0,1047.0,1143.0,1493.0
0.0,14929.0,3338.0,3540.0,5721.0,0.0,0.0,2468.0,1072.0,1332.0,2006.0
0.0,17312.0,4364.0,3550.0,0.0,1252.0,1252.0,2449.0,1101.0,2753.0,1611.0
0.0,12948.0,4714.0,3588.0,0.0,6118.0,6118.0,2483.0,1105.0,3998.0,716.0
0.0,8234.0,4009.0,3617.0,1252.0,8991.0,8991.0,2537.0,1080.0,3800.0,209.0
0.0,5477.0,2950.0,3610.0,6118.0,5795.0,5795.0,2558.0,1052.0,2353.0,597.0
0.0,8645.0,2629.0,3574.0,8991.0,0.0,0.0,2525.0,1049.0,1137.0,1492.0
0.0,15007.0,3314.0,3546.0,5795.0,0.0,0.0,2473.0,1073.0,1320.0,1994.0
0.0,17488.0,4328.0,3554.0,0.0,1056.0,1056.0,2453.0,1101.0,2712.0,1616.0
0.0,13160.0,4652.0,3592.0,0.0,5860.0,5860.0,2486.0,1106.0,3914.0,738.0
0.0,8508.0,3961.0,3620.0,1056.0,8877.0,8877.0,2538.0,1082.0,3726.0,235.0
0.0,5603.0,2945.0,3613.0,5860.0,5934.0,5934.0,2559.0,1054.0,2343.0,602.0
0.0,8518.0,2609.0,3578.0,8877.0,0.0,0.0,2527.0,1051.0,1145.0,1464.0
0.0,14786.0,3326.0,3550.0,5934.0,0.0,0.0,2476.0,1074.0,1375.0,1951.0
0.0,17394.0,4324.0,3559.0,0.0,1166.0,1166.0,2457.0,1102.0,2743.0,1581.0
0.0,13070.0,4623.0,3596.0,0.0,5937.0,5937.0,2490.0,1106.0,3877.0,746.0
0.0,8447.0,3919.0,3625.0,1166.0,8806.0,8806.0,2542.0,1083.0,3665.0,254.0
0.0,5694.0,2934.0,3619.0,5937.0,5779.0,5779.0,2563.0,1056.0,2337.0,597.0
0.0,8697.0,2630.0,3585.0,8806.0,0.0,0.0,2532.0,1053.0,1190.0,1440.0
0.0,14873.0,3322.0,3557.0,5779.0,0.0,0.0,2480.0,1077.0,1383.0,1939.0
0.0,17330.0,4320.0,3564.0,0.0,1246.0,1246.0,2460.0,1104.0,2725.0,1595.0
0.0,13010.0,4604.0,3601.0,0.0,5998.0,5998.0,2492.0,1109.0,3865.0,739.0
0.0,8406.0,3906.0,3630.0,1246.0,8774.0,8774.0,2544.0,1086.0,3668.0,238.0
0.0,5746.0,2893.0,3623.0,5998.0,5641.0,5641.0,2564.0,1059.0,2309.0,584.0
0.0,8851.0,2534.0,3587.0,8774.0,0.0,0.0,2532.0,1055.0,1118.0,1416.0
0.0,15091.0,3220.0,3558.0,5641.0,0.0,0.0,2480.0,1078.0,1326.0,1894.0
0.0,17512.0,4285.0,3564.0,0.0,1029.0,1029.0,2460.0,1104.0,2746.0,1539.0
0.0,13227.0,4663.0,3602.0,0.0,5844.0,5844.0,2494.0,1108.0,3938.0,725.0
0.0,8564.0,3964.0,3632.0,1029.0,8899.0,8899.0,2546.0,1086.0,3693.0,271.0
0.0,5629.0,2888.0,3626.0,5844.0,5919.0,5919.0,2566.0,1060.0,2261.0,627.0
0.0,8585.0,2523.0,3592.0,8899.0,0.0,0.0,2535.0,1057.0,1104.0,1419.0
0.0,14961.0,3188.0,3564.0,5919.0,0.0,0.0,2484.0,1080.0,1327.0,1861.0
0.0,17692.0,4213.0,3571.0,0.0,805.0,805.0,2465.0,1106.0,2726.0,1487.0
0.0,13479.0,4574.0,3607.0,0.0,5523.0,5523.0,2498.0,1109.0,3892.0,682.0
0.0,8905.0,3944.0,3637.0,805.0,8782.0,8782.0,2550.0,1087.0,3670.0,274.0
0.0,5766.0,2929.0,3631.0,5523.0,6164.0,6164.0,2569.0,1062.0,2260.0,669.0
0.0,8360.0,2560.0,3598.0,8782.0,0.0,0.0,2538.0,1060.0,1104.0,1456.0
0.0,14582.0,3184.0,3570.0,6164.0,0.0,0.0,2488.0,1082.0,1324.0,1860.0
0.0,17562.0,4221.0,3578.0,0.0,971.0,971.0,2470.0,1108.0,2729.0,1492.0
0.0,13341.0,4625.0,3614.0,0.0,5740.0,5740.0,2503.0,1111.0,3922.0,703.0
0.0,8716.0,4012.0,3644.0,971.0,8901.0,8901.0,2555.0,1089.0,3725.0,287.0
0.0,5675.0,3014.0,3639.0,5740.0,6155.0,6155.0,2576.0,1063.0,2349.0,665.0
0.0,8401.0,2568.0,3606.0,8901.0,0.0,0.0,2545.0,1061.0,1122.0,1446.0
0.0,14734.0,3165.0,3578.0,6155.0,0.0,0.0,2495.0,1083.0,1322.0,1843.0
0.0,17724.0,4163.0,3583.0,0.0,771.0,771.0,2476.0,1107.0,2704.0,1459.0
0.0,13561.0,4609.0,3617.0,0.0,5516.0,5516.0,2507.0,1110.0,3910.0,699.0
0.0,8952.0,4077.0,3645.0,771.0,8934.0,8934.0,2558.0,1087.0,3762.0,315.0
0.0,5646.0,3079.0,3641.0,5516.0,6481.0,6481.0,2578.0,1063.0,2384.0,695.0
0.0,8083.0,2673.0,3610.0,8934.0,96.0,96.0,2549.0,1061.0,1191.0,1482.0
0.0,14344.0,3263.0,3583.0,6481.0,0.0,0.0,2499.0,1084.0,1387.0,1876.0
0.0,17562.0,4270.0,3589.0,96.0,968.0,968.0,2480.0,1109.0,2786.0,1484.0
0.0,13388.0,4692.0,3622.0,0.0,5792.0,5792.0,2511.0,1111.0,3981.0,711.0
0.0,8696.0,4148.0,3651.0,968.0,9088.0,9088.0,2562.0,1089.0,3808.0,340.0
0.0,5516.0,3135.0,3647.0,5792.0,6415.0,6415.0,2583.0,1064.0,2419.0,716.0
0.0,8173.0,2711.0,3616.0,9088.0,0.0,0.0,2554.0,1062.0,1214.0,1497.0
0.0,14550.0,3289.0,3588.0,6415.0,0.0,0.0,2504.0,1084.0,1406.0,1883.0
0.0,17676.0,4309.0,3594.0,0.0,1009.0,1009.0,2485.0,1109.0,2814.0,1495.0
0.0,13367.0,4719.0,3627.0,0.0,5860.0,5860.0,2516.0,1111.0,3995.0,724.0
0.0,8648.0,4110.0,3656.0,1009.0,9077.0,9077.0,2567.0,1089.0,3771.0,339.0
0.0,5547.0,3083.0,3652.0,5860.0,6284.0,6284.0,2587.0,1065.0,2354.0,729.0
0.0,8324.0,2646.0,3620.0,9077.0,0.0,0.0,2557.0,1063.0,1153.0,1493.0
0.0,14755.0,3221.0,3592.0,6284.0,0.0,0.0,2508.0,1084.0,1353.0,1868.0
0.0,17818.0,4270.0,3598.0,0.0,844.0,844.0,2490.0,1108.0,2785.0,1485.0
0.0,13548.0,4706.0,3632.0,0.0,5686.0,5686.0,2521.0,1111.0,3980.0,726.0
0.0,8842.0,4080.0,3660.0,844.0,9034.0,9034.0,2571.0,1089.0,3733.0,347.0
0.0,5606.0,3038.0,3655.0,5686.0,6366.0,6366.0,2589.0,1066.0,2301.0,737.0
0.0,8254.0,2608.0,3621.0,9034.0,0.0,0.0,2557.0,1064.0,1111.0,1497.0
0.0,14680.0,3284.0,3596.0,6366.0,0.0,0.0,2510.0,1086.0,1411.0,1873.0
0.0,17762.0,4339.0,3604.0,0.0,993.0,993.0,2494.0,1110.0,2853.0,1486.0
0.0,13423.0,4766.0,3639.0,0.0,5899.0,5899.0,2527.0,1112.0,4037.0,729.0
0.0,8657.0,4056.0,3666.0,993.0,9070.0,9070.0,2575.0,1091.0,3709.0,347.0
0.0,5594.0,2923.0,3659.0,5899.0,6066.0,6066.0,2591.0,1068.0,2207.0,716.0
0.0,8570.0,2535.0,3625.0,9070.0,0.0,0.0,2560.0,1065.0,1077.0,1458.0
0.0,15105.0,3264.0,3598.0,6066.0,0.0,0.0,2512.0,1086.0,1418.0,1846.0
0.0,17907.0,4361.0,3607.0,0.0,882.0,882.0,2497.0,1110.0,2878.0,1483.0
0.0,13546.0,4752.0,3643.0,0.0,5778.0,5778.0,2530.0,1113.0,4022.0,730.0
0.0,8794.0,4014.0,3672.0,882.0,9026.0,9026.0,2580.0,1092.0,3688.0,326.0
0.0,5662.0,2877.0,3665.0,5778.0,6097.0,6097.0,2596.0,1069.0,2197.0,680.0
0.0,8563.0,2513.0,3631.0,9026.0,0.0,0.0,2564.0,1067.0,1070.0,1443.0
0.0,15076.0,3256.0,3604.0,6097.0,0.0,0.0,2516.0,1088.0,1412.0,1844.0
0.0,17917.0,4371.0,3612.0,0.0,902.0,902.0,2500.0,1112.0,2885.0,1486.0
0.0,13546.0,4751.0,3648.0,0.0,5797.0,5797.0,2534.0,1114.0,4033.0,718.0
0.0,8795.0,4011.0,3676.0,902.0,9018.0,9018.0,2584.0,1092.0,3701.0,310.0
0.0,5686.0,2888.0,3670.0,5797.0,6085.0,6085.0,2601.0,1069.0,2219.0,669.0
0.0,8595.0,2527.0,3639.0,9018.0,0.0,0.0,2570.0,1069.0,1079.0,1448.0
0.0,15086.0,3234.0,3612.0,6085.0,0.0,0.0,2521.0,1091.0,1372.0,1862.0
0.0,17937.0,4270.0,3618.0,0.0,805.0,805.0,2504.0,1114.0,2790.0,1480.0
0.0,13667.0,4661.0,3652.0,0.0,5602.0,5602.0,2537.0,1115.0,3972.0,689.0
0.0,9006.0,3994.0,3679.0,805.0,8899.0,8899.0,2587.0,1092.0,3706.0,288.0
0.0,5817.0,2923.0,3675.0,5602.0,6204.0,6204.0,2605.0,1070.0,2242.0,681.0
0.0,8496.0,2479.0,3641.0,8899.0,0.0,0.0,2572.0,1069.0,1014.0,1465.0
0.0,14916.0,3180.0,3614.0,6204.0,0.0,0.0,2522.0,1092.0,1311.0,1869.0
0.0,17940.0,4333.0,3619.0,0.0,869.0,869.0,2504.0,1115.0,2835.0,1498.0
0.0,13607.0,4735.0,3652.0,0.0,5736.0,5736.0,2537.0,1115.0,4040.0,695.0
0.0,8872.0,4030.0,3681.0,869.0,9013.0,9013.0,2588.0,1093.0,3753.0,277.0
0.0,5711.0,2942.0,3676.0,5736.0,6199.0,6199.0,2606.0,1070.0,2276.0,666.0
0.0,8505.0,2538.0,3645.0,9013.0,0.0,0.0,2574.0,1071.0,1058.0,1480.0
0.0,14980.0,3262.0,3619.0,6199.0,0.0,0.0,2525.0,1094.0,1364.0,1898.0
0.0,17917.0,4388.0,3625.0,0.0,971.0,971.0,2508.0,1117.0,2883.0,1505.0
0.0,13529.0,4792.0,3658.0,0.0,5895.0,5895.0,2541.0,1117.0,4087.0,705.0
0.0,8737.0,4079.0,3685.0,971.0,9111.0,9111.0,2591.0,1094.0,3785.0,294.0
0.0,5629.0,2975.0,3679.0,5895.0,6167.0,6167.0,2608.0,1071.0,2287.0,688.0
0.0,8549.0,2594.0,3648.0,9111.0,0.0,0.0,2576.0,1072.0,1090.0,1504.0
0.0,15066.0,3330.0,3621.0,6167.0,0.0,0.0,2526.0,1095.0,1408.0,1922.0
0.0,17903.0,4423.0,3627.0,0.0,1028.0,1028.0,2509.0,1118.0,2891.0,1532.0
0.0,13480.0,4812.0,3659.0,0.0,5968.0,5968.0,2541.0,1118.0,4093.0,719.0
0.0,8668.0,4132.0,3686.0,1028.0,9180.0,9180.0,2592.0,1094.0,3851.0,281.0
0.0,5564.0,3064.0,3681.0,5968.0,6256.0,6256.0,2610.0,1071.0,2381.0,683.0
0.0,8468.0,2626.0,3650.0,9180.0,0.0,0.0,2578.0,1072.0,1123.0,1503.0
0.0,15022.0,3280.0,3622.0,6256.0,0.0,0.0,2527.0,1095.0,1360.0,1920.0
0.0,17998.0,4394.0,3627.0,0.0,904.0,904.0,2509.0,1118.0,2853.0,1541.0
0.0,13604.0,4837.0,3661.0,0.0,5877.0,5877.0,2543.0,1118.0,4104.0,733.0
0.0,8767.0,4179.0,3690.0,904.0,9268.0,9268.0,2595.0,1095.0,3868.0,311.0
0.0,5492.0,3044.0,3687.0,5877.0,6423.0,6423.0,2614.0,1073.0,2337.0,707.0
0.0,8325.0,2600.0,3654.0,9268.0,0.0,0.0,2581.0,1073.0,1078.0,1522.0
0.0,14993.0,3226.0,3626.0,6423.0,0.0,0.0,2530.0,1096.0,1303.0,1923.0
0.0,18190.0,4341.0,3631.0,0.0,675.0,675.0,2512.0,1119.0,2811.0,1530.0
0.0,13849.0,4788.0,3665.0,0.0,5599.0,5599.0,2546.0,1119.0,4057.0,731.0
0.0,9061.0,4132.0,3694.0,675.0,9172.0,9172.0,2598.0,1096.0,3826.0,306.0
0.0,5604.0,3006.0,3689.0,5599.0,6559.0,6559.0,2616.0,1073.0,2316.0,690.0
0.0,8197.0,2552.0,3654.0,9172.0,0.0,0.0,2581.0,1073.0,1070.0,1482.0
0.0,14817.0,3284.0,3626.0,6559.0,0.0,0.0,2530.0,1096.0,1381.0,1903.0
0.0,18092.0,4396.0,3633.0,0.0,836.0,836.0,2514.0,1119.0,2854.0,1542.0
0.0,13696.0,4804.0,3669.0,0.0,5784.0,5784.0,2549.0,1120.0,4053.0,751.0
0.0,8892.0,4086.0,3698.0,836.0,9150.0,9150.0,2601.0,1097.0,3776.0,310.0
0.0,5642.0,2965.0,3693.0,5784.0,6311.0,6311.0,2618.0,1075.0,2304.0,661.0
0.0,8461.0,2584.0,3658.0,9150.0,0.0,0.0,2584.0,1074.0,1121.0,1463.0
0.0,15027.0,3276.0,3630.0,6311.0,0.0,0.0,2533.0,1097.0,1363.0,1913.0
0.0,18062.0,4403.0,3638.0,0.0,893.0,893.0,2517.0,1121.0,2854.0,1549.0
0.0,13659.0,4822.0,3675.0,0.0,5863.0,5863.0,2553.0,1122.0,4076.0,746.0
0.0,8837.0,4102.0,3706.0,893.0,9196.0,9196.0,2606.0,1100.0,3806.0,296.0
0.0,5628.0,2946.0,3700.0,5863.0,6255.0,6255.0,2623.0,1077.0,2300.0,646.0
0.0,8545.0,2520.0,3664.0,9196.0,0.0,0.0,2588.0,1076.0,1070.0,1450.0
0.0,15221.0,3209.0,3635.0,6255.0,0.0,0.0,2536.0,1099.0,1307.0,1902.0
0.0,18267.0,4360.0,3642.0,0.0,661.0,661.0,2519.0,1123.0,2807.0,1553.0
0.0,13907.0,4790.0,3678.0,0.0,5595.0,5595.0,2554.0,1124.0,4039.0,751.0
0.0,9117.0,4086.0,3708.0,661.0,9140.0,9140.0,2606.0,1102.0,3785.0,301.0
0.0,5692.0,2943.0,3703.0,5595.0,6468.0,6468.0,2624.0,1079.0,2308.0,635.0
0.0,8344.0,2496.0,3668.0,9140.0,0.0,0.0,2591.0,1077.0,1080.0,1416.0
0.0,14988.0,3205.0,3640.0,6468.0,0.0,0.0,2540.0,1100.0,1326.0,1879.0
0.0,18251.0,4331.0,3646.0,0.0,664.0,664.0,2522.0,1124.0,2791.0,1540.0
0.0,13920.0,4742.0,3682.0,0.0,5550.0,5550.0,2556.0,1126.0,3979.0,763.0
0.0,9178.0,4069.0,3712.0,664.0,9075.0,9075.0,2608.0,1104.0,3749.0,320.0
0.0,5773.0,2962.0,3708.0,5550.0,6471.0,6471.0,2628.0,1080.0,2317.0,645.0
0.0,8361.0,2551.0,3674.0,9075.0,0.0,0.0,2595.0,1079.0,1125.0,1426.0
0.0,14885.0,3202.0,3645.0,6471.0,0.0,0.0,2543.0,1102.0,1336.0,1866.0
0.0,18154.0,4317.0,3650.0,0.0,763.0,763.0,2524.0,1126.0,2771.0,1546.0
0.0,13837.0,4800.0,3685.0,0.0,5703.0,5703.0,2557.0,1128.0,4013.0,787.0
0.0,9037.0,4180.0,3717.0,763.0,9248.0,9248.0,2611.0,1106.0,3836.0,344.0
0.0,5620.0,3078.0,3714.0,5703.0,6611.0,6611.0,2631.0,1083.0,2414.0,664.0
0.0,8245.0,2633.0,3679.0,9248.0,0.0,0.0,2598.0,1081.0,1202.0,1431.0
0.0,14860.0,3244.0,3650.0,6611.0,0.0,0.0,2546.0,1104.0,1374.0,1870.0
0.0,18227.0,4307.0,3655.0,0.0,700.0,700.0,2527.0,1128.0,2763.0,1544.0
0.0,13920.0,4769.0,3689.0,0.0,5605.0,5605.0,2559.0,1130.0,3974.0,795.0
0.0,9151.0,4213.0,3720.0,700.0,9242.0,9242.0,2612.0,1108.0,3844.0,369.0
1.0,0.0,1412.0,1412.0,0.0,5648.0,5648.0,1028.0,384.0,1028.0,384.0
1.0,0.0,1412.0,1412.0,0.0,5648.0,5648.0,1030.0,382.0,1032.0,380.0
1.0,0.0,1428.0,1417.0,5648.0,4272.0,4272.0,1033.0,384.0,1040.0,388.0
1.0,1396.0,1404.0,1414.0,5648.0,16.0,16.0,1027.0,387.0,1008.0,396.0
1.0,5640.0,0.0,1132.0,4272.0,0.0,0.0,822.0,310.0,0.0,0.0
1.0,9912.0,0.0,943.0,16.0,0.0,0.0,685.0,258.0,0.0,0.0
1.0,9928.0,0.0,808.0,0.0,0.0,0.0,587.0,221.0,0.0,0.0
1.0,9928.0,0.0,708.0,0.0,0.0,0.0,514.0,194.0,0.0,0.0
1.0,9928.0,0.0,628.0,0.0,0.0,0.0,456.0,172.0,0.0,0.0
1.0,9928.0,0.0,566.0,0.0,0.0,0.0,411.0,155.0,0.0,0.0
1.0,9928.0,0.0,514.0,0.0,0.0,0.0,373.0,141.0,0.0,0.0
1.0,9928.0,212.0,489.0,0.0,0.0,0.0,352.0,137.0,111.0,101.0
1.0,9716.0,627.0,500.0,0.0,0.0,0.0,357.0,143.0,419.0,208.0
1.0,9089.0,831.0,524.0,0.0,0.0,0.0,374.0,150.0,592.0,239.0
1.0,8258.0,564.0,526.0,0.0,0.0,0.0,377.0,149.0,431.0,133.0
1.0,7694.0,150.0,503.0,0.0,0.0,0.0,363.0,140.0,145.0,5.0
1.0,7544.0,0.0,473.0,0.0,0.0,0.0,342.0,131.0,0.0,0.0
1.0,7544.0,192.0,457.0,0.0,0.0,0.0,328.0,129.0,97.0,95.0
1.0,7352.0,546.0,462.0,0.0,0.0,0.0,329.0,133.0,339.0,207.0
1.0,6806.0,743.0,476.0,0.0,0.0,0.0,338.0,138.0,521.0,222.0
1.0,6063.0,509.0,478.0,0.0,0.0,0.0,341.0,137.0,388.0,121.0
1.0,5554.0,141.0,462.0,0.0,0.0,0.0,331.0,131.0,135.0,6.0
1.0,5413.0,7.0,442.0,0.0,0.0,0.0,317.0,125.0,7.0,0.0
1.0,5406.0,209.0,432.0,0.0,0.0,0.0,308.0,124.0,109.0,100.0
1.0,5197.0,575.0,438.0,0.0,0.0,0.0,311.0,127.0,374.0,201.0
1.0,4622.0,701.0,448.0,0.0,0.0,0.0,318.0,130.0,500.0,201.0
1.0,3921.0,473.0,449.0,0.0,0.0,0.0,320.0,129.0,364.0,109.0
1.0,3448.0,103.0,437.0,0.0,0.0,0.0,311.0,126.0,73.0,30.0
1.0,3345.0,30.0,423.0,0.0,0.0,0.0,300.0,123.0,0.0,30.0
1.0,3315.0,178.0,415.0,0.0,0.0,0.0,293.0,122.0,87.0,91.0
1.0,3137.0,477.0,417.0,0.0,0.0,0.0,294.0,123.0,321.0,156.0
1.0,2660.0,635.0,424.0,0.0,0.0,0.0,300.0,124.0,467.0,168.0
1.0,2025.0,493.0,426.0,0.0,172.0,172.0,302.0,124.0,378.0,115.0
1.0,1532.0,224.0,420.0,0.0,372.0,372.0,298.0,122.0,166.0,58.0
1.0,1308.0,63.0,410.0,172.0,223.0,223.0,290.0,120.0,11.0,52.0
1.0,1417.0,169.0,403.0,372.0,0.0,0.0,284.0,119.0,82.0,87.0
1.0,1620.0,393.0,403.0,223.0,162.0,162.0,284.0,119.0,270.0,123.0
1.0,1450.0,580.0,408.0,0.0,762.0,762.0,288.0,120.0,437.0,143.0
1.0,870.0,512.0,410.0,162.0,1120.0,1120.0,290.0,120.0,392.0,120.0
1.0,520.0,292.0,408.0,762.0,642.0,642.0,289.0,119.0,217.0,75.0
1.0,990.0,121.0,400.0,1120.0,0.0,0.0,283.0,117.0,69.0,52.0
1.0,1989.0,170.0,395.0,642.0,0.0,0.0,279.0,116.0,94.0,76.0
1.0,2461.0,355.0,394.0,0.0,0.0,0.0,278.0,116.0,232.0,123.0
1.0,2106.0,484.0,396.0,0.0,0.0,0.0,279.0,117.0,343.0,141.0
1.0,1622.0,485.0,398.0,0.0,455.0,455.0,281.0,117.0,347.0,138.0
1.0,1137.0,334.0,396.0,0.0,781.0,781.0,279.0,117.0,226.0,108.0
1.0,803.0,174.0,392.0,455.0,484.0,484.0,276.0,116.0,108.0,66.0
1.0,1084.0,176.0,387.0,781.0,0.0,0.0,272.0,115.0,110.0,66.0
1.0,1689.0,330.0,386.0,484.0,0.0,0.0,271.0,115.0,226.0,104.0
1.0,1843.0,522.0,388.0,0.0,231.0,231.0,273.0,115.0,372.0,150.0
1.0,1321.0,549.0,392.0,0.0,796.0,796.0,276.0,116.0,400.0,149.0
1.0,772.0,415.0,392.0,231.0,980.0,980.0,276.0,116.0,298.0,117.0
1.0,588.0,218.0,369.0,796.0,310.0,310.0,259.0,110.0,129.0,89.0
1.0,1166.0,205.0,347.0,980.0,0.0,0.0,242.0,105.0,123.0,82.0
1.0,1941.0,339.0,325.0,310.0,0.0,0.0,226.0,99.0,231.0,108.0
1.0,1912.0,519.0,308.0,0.0,0.0,0.0,214.0,94.0,372.0,147.0
1.0,1393.0,582.0,319.0,0.0,465.0,465.0,222.0,97.0,431.0,151.0
1.0,811.0,471.0,329.0,0.0,976.0,976.0,229.0,100.0,341.0,130.0
1.0,340.0,241.0,333.0,465.0,768.0,768.0,231.0,102.0,142.0,99.0
1.0,564.0,172.0,336.0,976.0,0.0,0.0,233.0,103.0,86.0,86.0
1.0,1368.0,350.0,343.0,768.0,0.0,0.0,238.0,105.0,251.0,99.0
1.0,1786.0,597.0,354.0,0.0,227.0,227.0,246.0,108.0,451.0,146.0
1.0,1189.0,671.0,367.0,0.0,950.0,950.0,256.0,111.0,499.0,172.0
1.0,518.0,460.0,372.0,227.0,1203.0,1203.0,260.0,112.0,315.0,145.0
1.0,285.0,203.0,364.0,950.0,424.0,424.0,254.0,110.0,105.0,98.0
1.0,1032.0,152.0,351.0,1203.0,0.0,0.0,244.0,107.0,75.0,77.0
1.0,2083.0,359.0,347.0,424.0,0.0,0.0,240.0,107.0,249.0,110.0
1.0,2148.0,602.0,355.0,0.0,0.0,0.0,246.0,109.0,457.0,145.0
1.0,1546.0,671.0,368.0,0.0,597.0,597.0,256.0,112.0,508.0,163.0
1.0,875.0,478.0,374.0,0.0,1099.0,1099.0,261.0,113.0,338.0,140.0
1.0,397.0,231.0,368.0,597.0,709.0,709.0,257.0,111.0,126.0,105.0
1.0,763.0,165.0,357.0,1099.0,0.0,0.0,248.0,109.0,85.0,80.0
1.0,1697.0,388.0,355.0,709.0,0.0,0.0,247.0,108.0,296.0,92.0
1.0,2018.0,660.0,364.0,0.0,98.0,98.0,254.0,110.0,542.0,118.0
1.0,1358.0,738.0,379.0,0.0,896.0,896.0,266.0,113.0,594.0,144.0
1.0,620.0,484.0,384.0,98.0,1302.0,1302.0,270.0,114.0,340.0,144.0
1.0,234.0,168.0,376.0,896.0,542.0,542.0,264.0,112.0,51.0,117.0
1.0,962.0,96.0,365.0,1302.0,0.0,0.0,255.0,110.0,8.0,88.0
1.0,2168.0,330.0,362.0,542.0,0.0,0.0,252.0,110.0,233.0,97.0
1.0,2380.0,603.0,371.0,0.0,0.0,0.0,260.0,111.0,492.0,111.0
1.0,1777.0,689.0,384.0,0.0,448.0,448.0,271.0,113.0,559.0,130.0
1.0,1088.0,489.0,390.0,0.0,961.0,961.0,276.0,114.0,359.0,130.0
1.0,599.0,202.0,385.0,448.0,695.0,695.0,272.0,113.0,102.0,100.0
1.0,845.0,85.0,374.0,961.0,0.0,0.0,263.0,111.0,0.0,85.0
1.0,1721.0,250.0,370.0,695.0,0.0,0.0,259.0,111.0,157.0,93.0
1.0,2166.0,510.0,375.0,0.0,0.0,0.0,263.0,112.0,392.0,118.0
1.0,1656.0,581.0,385.0,0.0,465.0,465.0,272.0,113.0,459.0,122.0
1.0,1075.0,421.0,390.0,0.0,906.0,906.0,276.0,114.0,324.0,97.0
1.0,654.0,164.0,386.0,465.0,589.0,589.0,273.0,113.0,95.0,69.0
1.0,955.0,96.0,376.0,906.0,0.0,0.0,265.0,111.0,29.0,67.0
1.0,1765.0,222.0,371.0,589.0,0.0,0.0,260.0,111.0,127.0,95.0
1.0,2132.0,476.0,374.0,0.0,0.0,0.0,262.0,112.0,341.0,135.0
1.0,1656.0,579.0,383.0,0.0,455.0,455.0,269.0,114.0,420.0,159.0
1.0,1077.0,435.0,388.0,0.0,910.0,910.0,273.0,115.0,288.0,147.0
1.0,642.0,161.0,384.0,455.0,600.0,600.0,269.0,115.0,57.0,104.0
1.0,936.0,72.0,376.0,910.0,0.0,0.0,263.0,113.0,7.0,65.0
1.0,1774.0,243.0,372.0,600.0,0.0,0.0,260.0,112.0,173.0,70.0
1.0,2131.0,547.0,375.0,0.0,0.0,0.0,263.0,112.0,428.0,119.0
1.0,1584.0,678.0,385.0,0.0,634.0,634.0,271.0,114.0,501.0,177.0
1.0,906.0,459.0,391.0,0.0,1117.0,1117.0,275.0,116.0,304.0,155.0
1.0,447.0,144.0,387.0,634.0,611.0,611.0,271.0,116.0,40.0,104.0
1.0,937.0,74.0,379.0,1117.0,0.0,0.0,264.0,115.0,0.0,74.0
1.0,1980.0,275.0,374.0,611.0,0.0,0.0,260.0,114.0,180.0,95.0
1.0,2316.0,608.0,377.0,0.0,0.0,0.0,263.0,114.0,465.0,143.0
1.0,1708.0,723.0,387.0,0.0,563.0,563.0,271.0,116.0,553.0,170.0
1.0,985.0,524.0,393.0,0.0,1111.0,1111.0,276.0,117.0,365.0,159.0
1.0,461.0,258.0,392.0,563.0,802.0,802.0,274.0,118.0,121.0,137.0
1.0,766.0,158.0,385.0,1111.0,0.0,0.0,268.0,117.0,56.0,102.0
1.0,1719.0,350.0,380.0,802.0,0.0,0.0,264.0,116.0,252.0,98.0
1.0,2171.0,660.0,384.0,0.0,25.0,25.0,268.0,116.0,533.0,127.0
1.0,1511.0,809.0,394.0,0.0,874.0,874.0,277.0,117.0,624.0,185.0
1.0,702.0,594.0,403.0,25.0,1479.0,1479.0,283.0,120.0,401.0,193.0
1.0,133.0,271.0,402.0,874.0,872.0,872.0,281.0,121.0,113.0,158.0
1.0,736.0,111.0,392.0,1479.0,0.0,0.0,272.0,120.0,19.0,92.0
1.0,2104.0,317.0,385.0,872.0,0.0,0.0,267.0,118.0,241.0,76.0
1.0,2659.0,709.0,390.0,0.0,0.0,0.0,272.0,118.0,567.0,142.0
1.0,1950.0,877.0,403.0,0.0,539.0,539.0,283.0,120.0,659.0,218.0
1.0,1073.0,653.0,413.0,0.0,1232.0,1232.0,290.0,123.0,439.0,214.0
1.0,420.0,301.0,411.0,539.0,986.0,986.0,288.0,123.0,148.0,153.0
1.0,658.0,153.0,402.0,1232.0,0.0,0.0,280.0,122.0,70.0,83.0
1.0,1737.0,279.0,395.0,986.0,0.0,0.0,275.0,120.0,210.0,69.0
1.0,2444.0,577.0,397.0,0.0,0.0,0.0,277.0,120.0,449.0,128.0
1.0,1867.0,742.0,407.0,0.0,503.0,503.0,285.0,122.0,560.0,182.0
1.0,1125.0,642.0,416.0,0.0,1181.0,1181.0,292.0,124.0,447.0,195.0
1.0,483.0,327.0,415.0,503.0,1001.0,1001.0,290.0,125.0,179.0,148.0
1.0,659.0,159.0,406.0,1181.0,0.0,0.0,281.0,125.0,63.0,96.0
1.0,1681.0,262.0,396.0,1001.0,0.0,0.0,273.0,123.0,188.0,74.0
1.0,2420.0,502.0,396.0,0.0,0.0,0.0,274.0,122.0,399.0,103.0
1.0,1918.0,627.0,405.0,0.0,329.0,329.0,282.0,123.0,482.0,145.0
1.0,1291.0,510.0,413.0,0.0,871.0,871.0,289.0,124.0,344.0,166.0
1.0,781.0,260.0,412.0,329.0,798.0,798.0,286.0,126.0,109.0,151.0
1.0,850.0,155.0,404.0,871.0,50.0,50.0,278.0,126.0,35.0,120.0
1.0,1566.0,308.0,396.0,798.0,0.0,0.0,271.0,125.0,217.0,91.0
1.0,2056.0,543.0,397.0,50.0,25.0,25.0,273.0,124.0,451.0,92.0
1.0,1563.0,636.0,406.0,0.0,697.0,697.0,281.0,125.0,519.0,117.0
1.0,927.0,462.0,413.0,25.0,1162.0,1162.0,287.0,126.0,322.0,140.0
1.0,490.0,197.0,412.0,697.0,658.0,658.0,285.0,127.0,53.0,144.0
1.0,990.0,102.0,403.0,1162.0,0.0,0.0,277.0,126.0,0.0,102.0
1.0,2050.0,269.0,398.0,658.0,0.0,0.0,272.0,126.0,183.0,86.0
1.0,2439.0,574.0,400.0,0.0,0.0,0.0,275.0,125.0,490.0,84.0
1.0,1865.0,696.0,410.0,0.0,471.0,471.0,284.0,126.0,570.0,126.0
1.0,1169.0,528.0,419.0,0.0,1035.0,1035.0,291.0,128.0,372.0,156.0
1.0,641.0,232.0,419.0,471.0,796.0,796.0,290.0,129.0,85.0,147.0
1.0,880.0,99.0,412.0,1035.0,0.0,0.0,284.0,128.0,0.0,99.0
1.0,1816.0,265.0,406.0,796.0,0.0,0.0,279.0,127.0,201.0,64.0
1.0,2347.0,565.0,408.0,0.0,0.0,0.0,283.0,125.0,496.0,69.0
1.0,1782.0,702.0,419.0,0.0,596.0,596.0,294.0,125.0,594.0,108.0
1.0,1080.0,534.0,428.0,0.0,1166.0,1166.0,301.0,127.0,391.0,143.0
1.0,546.0,252.0,428.0,596.0,822.0,822.0,300.0,128.0,96.0,156.0
1.0,890.0,149.0,421.0,1166.0,0.0,0.0,292.0,129.0,15.0,134.0
1.0,1907.0,343.0,414.0,822.0,0.0,0.0,287.0,127.0,253.0,90.0
1.0,2386.0,606.0,416.0,0.0,0.0,0.0,291.0,125.0,535.0,71.0
1.0,1780.0,685.0,427.0,0.0,613.0,613.0,302.0,125.0,579.0,106.0
1.0,1095.0,487.0,435.0,0.0,1132.0,1132.0,308.0,127.0,334.0,153.0
1.0,608.0,229.0,434.0,613.0,744.0,744.0,306.0,128.0,64.0,165.0
1.0,992.0,193.0,426.0,1132.0,0.0,0.0,298.0,128.0,52.0,141.0
1.0,1931.0,449.0,421.0,744.0,0.0,0.0,294.0,127.0,333.0,116.0
1.0,2226.0,696.0,424.0,0.0,166.0,166.0,298.0,126.0,583.0,113.0
1.0,1530.0,670.0,432.0,0.0,868.0,868.0,306.0,126.0,523.0,147.0
1.0,860.0,416.0,437.0,166.0,1138.0,1138.0,309.0,128.0,247.0,169.0
1.0,610.0,209.0,434.0,868.0,467.0,467.0,305.0,129.0,38.0,171.0
1.0,1269.0,243.0,427.0,1138.0,0.0,0.0,297.0,130.0,97.0,146.0
1.0,2164.0,538.0,421.0,467.0,0.0,0.0,293.0,128.0,417.0,121.0
1.0,2093.0,707.0,423.0,0.0,306.0,306.0,296.0,127.0,587.0,120.0
1.0,1386.0,638.0,430.0,0.0,972.0,972.0,303.0,127.0,470.0,168.0
1.0,748.0,386.0,436.0,306.0,1076.0,1076.0,307.0,129.0,198.0,188.0
1.0,668.0,234.0,434.0,972.0,330.0,330.0,303.0,131.0,61.0,173.0
1.0,1406.0,330.0,427.0,1076.0,0.0,0.0,296.0,131.0,203.0,127.0
1.0,2152.0,579.0,421.0,330.0,0.0,0.0,293.0,128.0,473.0,106.0
1.0,1903.0,756.0,423.0,0.0,545.0,545.0,296.0,127.0,610.0,146.0
1.0,1147.0,646.0,430.0,0.0,1219.0,1219.0,302.0,128.0,458.0,188.0
1.0,501.0,354.0,434.0,545.0,1044.0,1044.0,304.0,130.0,150.0,204.0
1.0,692.0,189.0,432.0,1219.0,6.0,6.0,300.0,132.0,29.0,160.0
1.0,1722.0,316.0,427.0,1044.0,0.0,0.0,295.0,132.0,197.0,119.0
1.0,2450.0,584.0,423.0,6.0,0.0,0.0,293.0,130.0,463.0,121.0
1.0,1872.0,752.0,426.0,0.0,584.0,584.0,296.0,130.0,587.0,165.0
1.0,1120.0,650.0,432.0,0.0,1258.0,1258.0,301.0,131.0,455.0,195.0
1.0,470.0,401.0,437.0,584.0,1095.0,1095.0,304.0,133.0,211.0,190.0
1.0,653.0,247.0,436.0,1258.0,80.0,80.0,302.0,134.0,95.0,152.0
1.0,1664.0,334.0,433.0,1095.0,0.0,0.0,299.0,134.0,228.0,106.0
1.0,2425.0,608.0,433.0,80.0,0.0,0.0,300.0,133.0,506.0,102.0
1.0,1897.0,778.0,438.0,0.0,633.0,633.0,305.0,133.0,626.0,152.0
1.0,1119.0,657.0,446.0,0.0,1322.0,1322.0,312.0,134.0,460.0,197.0
1.0,462.0,383.0,450.0,633.0,1088.0,1088.0,315.0,135.0,198.0,185.0
1.0,712.0,205.0,448.0,1322.0,0.0,0.0,312.0,136.0,91.0,114.0
1.0,1829.0,273.0,443.0,1088.0,0.0,0.0,308.0,135.0,206.0,67.0
1.0,2644.0,540.0,441.0,0.0,0.0,0.0,306.0,135.0,446.0,94.0
1.0,2104.0,700.0,446.0,0.0,380.0,380.0,311.0,135.0,545.0,155.0
1.0,1404.0,627.0,454.0,0.0,1039.0,1039.0,318.0,136.0,419.0,208.0
1.0,777.0,422.0,460.0,380.0,1105.0,1105.0,322.0,138.0,215.0,207.0
1.0,735.0,244.0,459.0,1039.0,306.0,306.0,320.0,139.0,113.0,131.0
1.0,1530.0,239.0,453.0,1105.0,0.0,0.0,315.0,138.0,193.0,46.0
1.0,2396.0,394.0,448.0,306.0,0.0,0.0,311.0,137.0,356.0,38.0
1.0,2308.0,568.0,448.0,0.0,52.0,52.0,312.0,136.0,464.0,104.0
1.0,1740.0,584.0,454.0,0.0,660.0,660.0,318.0,136.0,397.0,187.0
1.0,1156.0,440.0,461.0,52.0,1076.0,1076.0,323.0,138.0,237.0,203.0
1.0,768.0,267.0,462.0,660.0,687.0,687.0,322.0,140.0,139.0,128.0
1.0,1161.0,232.0,455.0,1076.0,0.0,0.0,316.0,139.0,201.0,31.0
1.0,2005.0,382.0,449.0,687.0,0.0,0.0,312.0,137.0,363.0,19.0
1.0,2310.0,544.0,450.0,0.0,34.0,34.0,313.0,137.0,440.0,104.0
1.0,1766.0,606.0,456.0,0.0,664.0,664.0,318.0,138.0,387.0,219.0
1.0,1160.0,432.0,462.0,34.0,1086.0,1086.0,322.0,140.0,197.0,235.0
1.0,762.0,260.0,460.0,664.0,674.0,674.0,319.0,141.0,116.0,144.0
1.0,1166.0,217.0,453.0,1086.0,0.0,0.0,313.0,140.0,194.0,23.0
1.0,2035.0,345.0,446.0,674.0,0.0,0.0,308.0,138.0,338.0,7.0
1.0,2364.0,555.0,447.0,0.0,0.0,0.0,310.0,137.0,438.0,117.0
1.0,1809.0,641.0,455.0,0.0,652.0,652.0,316.0,139.0,400.0,241.0
1.0,1168.0,546.0,462.0,0.0,1226.0,1226.0,321.0,141.0,290.0,256.0
1.0,622.0,337.0,459.0,652.0,899.0,899.0,318.0,141.0,193.0,144.0
1.0,937.0,232.0,451.0,1226.0,0.0,0.0,311.0,140.0,205.0,27.0
1.0,1931.0,373.0,445.0,899.0,0.0,0.0,308.0,137.0,350.0,23.0
1.0,2457.0,625.0,449.0,0.0,0.0,0.0,312.0,137.0,498.0,127.0
1.0,1832.0,724.0,459.0,0.0,728.0,728.0,321.0,138.0,481.0,243.0
1.0,1108.0,600.0,466.0,0.0,1356.0,1356.0,326.0,140.0,342.0,258.0
1.0,508.0,361.0,463.0,728.0,977.0,977.0,322.0,141.0,200.0,161.0
1.0,875.0,276.0,454.0,1356.0,0.0,0.0,315.0,139.0,229.0,47.0
1.0,1955.0,444.0,450.0,977.0,0.0,0.0,313.0,137.0,410.0,34.0
1.0,2488.0,647.0,456.0,0.0,0.0,0.0,320.0,136.0,511.0,136.0
1.0,1841.0,746.0,465.0,0.0,765.0,765.0,328.0,137.0,495.0,251.0
1.0,1095.0,641.0,471.0,0.0,1430.0,1430.0,331.0,140.0,370.0,271.0
1.0,454.0,409.0,468.0,765.0,1062.0,1062.0,327.0,141.0,249.0,160.0
1.0,810.0,341.0,460.0,1430.0,0.0,0.0,321.0,139.0,307.0,34.0
1.0,1899.0,497.0,457.0,1062.0,0.0,0.0,321.0,136.0,461.0,36.0
1.0,2464.0,688.0,463.0,0.0,76.0,76.0,328.0,135.0,539.0,149.0
1.0,1776.0,717.0,474.0,0.0,837.0,837.0,337.0,137.0,457.0,260.0
1.0,1059.0,582.0,479.0,76.0,1363.0,1363.0,339.0,140.0,311.0,271.0
1.0,553.0,426.0,476.0,837.0,940.0,940.0,335.0,141.0,255.0,171.0
1.0,964.0,382.0,469.0,1363.0,0.0,0.0,330.0,139.0,325.0,57.0
1.0,1945.0,493.0,466.0,940.0,0.0,0.0,330.0,136.0,456.0,37.0
1.0,2392.0,599.0,469.0,0.0,83.0,83.0,335.0,134.0,479.0,120.0
1.0,1793.0,624.0,477.0,0.0,739.0,739.0,341.0,136.0,385.0,239.0
1.0,1169.0,553.0,480.0,83.0,1221.0,1221.0,341.0,139.0,274.0,279.0
1.0,699.0,440.0,477.0,739.0,910.0,910.0,336.0,141.0,239.0,201.0
1.0,998.0,390.0,470.0,1221.0,51.0,51.0,330.0,140.0,314.0,76.0
1.0,1829.0,444.0,466.0,910.0,0.0,0.0,329.0,137.0,403.0,41.0
1.0,2295.0,547.0,469.0,51.0,77.0,77.0,334.0,135.0,437.0,110.0
1.0,1799.0,562.0,476.0,0.0,667.0,667.0,339.0,137.0,341.0,221.0
1.0,1237.0,465.0,480.0,77.0,1071.0,1071.0,339.0,141.0,206.0,259.0
1.0,849.0,335.0,476.0,667.0,723.0,723.0,333.0,143.0,150.0,185.0
1.0,1181.0,328.0,469.0,1071.0,0.0,0.0,328.0,141.0,264.0,64.0
1.0,1924.0,421.0,464.0,723.0,0.0,0.0,327.0,137.0,412.0,9.0
1.0,2226.0,572.0,467.0,0.0,214.0,214.0,332.0,135.0,468.0,104.0
1.0,1654.0,584.0,474.0,0.0,826.0,826.0,337.0,137.0,348.0,236.0
1.0,1070.0,417.0,478.0,214.0,1045.0,1045.0,336.0,142.0,151.0,266.0
1.0,867.0,282.0,475.0,826.0,489.0,489.0,331.0,144.0,107.0,175.0
1.0,1411.0,295.0,470.0,1045.0,0.0,0.0,327.0,143.0,237.0,58.0
1.0,2161.0,449.0,467.0,489.0,0.0,0.0,327.0,140.0,422.0,27.0
1.0,2201.0,626.0,471.0,0.0,309.0,309.0,333.0,138.0,517.0,109.0
1.0,1575.0,644.0,478.0,0.0,981.0,981.0,338.0,140.0,414.0,230.0
1.0,931.0,450.0,482.0,309.0,1138.0,1138.0,338.0,144.0,207.0,243.0
1.0,790.0,271.0,480.0,981.0,420.0,420.0,333.0,147.0,113.0,158.0
1.0,1500.0,255.0,475.0,1138.0,0.0,0.0,329.0,146.0,208.0,47.0
1.0,2383.0,430.0,471.0,420.0,0.0,0.0,329.0,142.0,401.0,29.0
1.0,2373.0,666.0,476.0,0.0,197.0,197.0,336.0,140.0,549.0,117.0
1.0,1707.0,748.0,486.0,0.0,985.0,985.0,344.0,142.0,513.0,235.0
1.0,959.0,584.0,492.0,197.0,1396.0,1396.0,346.0,146.0,329.0,255.0
1.0,572.0,333.0,493.0,985.0,748.0,748.0,343.0,150.0,154.0,179.0
1.0,1224.0,247.0,487.0,1396.0,0.0,0.0,338.0,149.0,183.0,64.0
1.0,2373.0,442.0,483.0,748.0,0.0,0.0,338.0,145.0,397.0,45.0
1.0,2679.0,729.0,486.0,0.0,0.0,0.0,343.0,143.0,588.0,141.0
1.0,1950.0,771.0,494.0,0.0,797.0,797.0,350.0,144.0,540.0,231.0
1.0,1179.0,581.0,501.0,0.0,1406.0,1406.0,353.0,148.0,345.0,236.0
1.0,598.0,357.0,500.0,797.0,962.0,962.0,349.0,151.0,180.0,177.0
1.0,1038.0,298.0,495.0,1406.0,0.0,0.0,344.0,151.0,199.0,99.0
1.0,2146.0,440.0,490.0,962.0,0.0,0.0,342.0,148.0,367.0,73.0
1.0,2668.0,665.0,490.0,0.0,0.0,0.0,345.0,145.0,528.0,137.0
1.0,2003.0,752.0,498.0,0.0,741.0,741.0,352.0,146.0,535.0,217.0
1.0,1251.0,621.0,505.0,0.0,1390.0,1390.0,355.0,150.0,394.0,227.0
1.0,630.0,422.0,504.0,741.0,1067.0,1067.0,352.0,152.0,254.0,168.0
1.0,949.0,341.0,498.0,1390.0,0.0,0.0,346.0,152.0,218.0,123.0
1.0,1998.0,471.0,492.0,1067.0,0.0,0.0,343.0,149.0,359.0,112.0
1.0,2594.0,680.0,494.0,0.0,62.0,62.0,347.0,147.0,535.0,145.0
1.0,1914.0,725.0,499.0,0.0,807.0,807.0,352.0,147.0,543.0,182.0
1.0,1189.0,567.0,504.0,62.0,1332.0,1332.0,354.0,150.0,371.0,196.0
1.0,684.0,424.0,502.0,807.0,941.0,941.0,349.0,153.0,243.0,181.0
1.0,1067.0,394.0,497.0,1332.0,0.0,0.0,344.0,153.0,245.0,149.0
1.0,2005.0,519.0,493.0,941.0,0.0,0.0,342.0,151.0,393.0,126.0
1.0,2427.0,659.0,494.0,0.0,208.0,208.0,346.0,148.0,515.0,144.0
1.0,1768.0,669.0,499.0,0.0,897.0,897.0,351.0,148.0,494.0,175.0
1.0,1099.0,522.0,502.0,208.0,1223.0,1223.0,351.0,151.0,322.0,200.0
1.0,785.0,377.0,500.0,897.0,695.0,695.0,346.0,154.0,196.0,181.0
1.0,1305.0,363.0,495.0,1223.0,0.0,0.0,341.0,154.0,227.0,136.0
1.0,2165.0,495.0,493.0,695.0,0.0,0.0,341.0,152.0,386.0,109.0
1.0,2365.0,664.0,495.0,0.0,279.0,279.0,346.0,149.0,538.0,126.0
1.0,1701.0,678.0,499.0,0.0,973.0,973.0,351.0,148.0,513.0,165.0
1.0,1023.0,573.0,503.0,279.0,1283.0,1283.0,353.0,150.0,394.0,179.0
1.0,729.0,393.0,502.0,973.0,699.0,699.0,350.0,152.0,245.0,148.0
1.0,1309.0,379.0,499.0,1283.0,0.0,0.0,346.0,153.0,238.0,141.0
1.0,2213.0,513.0,498.0,699.0,0.0,0.0,347.0,151.0,370.0,143.0
1.0,2399.0,636.0,501.0,0.0,241.0,241.0,352.0,149.0,478.0,158.0
1.0,1763.0,596.0,506.0,0.0,857.0,857.0,357.0,149.0,437.0,159.0
1.0,1167.0,442.0,508.0,241.0,1066.0,1066.0,358.0,150.0,295.0,147.0
1.0,966.0,375.0,507.0,857.0,580.0,580.0,354.0,153.0,221.0,154.0
1.0,1448.0,461.0,505.0,1066.0,0.0,0.0,351.0,154.0,309.0,152.0
1.0,2053.0,598.0,506.0,580.0,0.0,0.0,353.0,153.0,441.0,157.0
1.0,2035.0,657.0,510.0,0.0,662.0,662.0,360.0,150.0,503.0,154.0
1.0,1378.0,581.0,516.0,0.0,1267.0,1267.0,366.0,150.0,427.0,154.0
1.0,797.0,491.0,520.0,662.0,1112.0,1112.0,368.0,152.0,334.0,157.0
1.0,968.0,411.0,519.0,1267.0,252.0,252.0,365.0,154.0,252.0,159.0
1.0,1824.0,405.0,515.0,1112.0,0.0,0.0,360.0,155.0,265.0,140.0
1.0,2531.0,499.0,512.0,252.0,0.0,0.0,359.0,153.0,360.0,139.0
1.0,2284.0,596.0,514.0,0.0,368.0,368.0,363.0,151.0,451.0,145.0
1.0,1688.0,544.0,520.0,0.0,936.0,936.0,369.0,151.0,394.0,150.0
1.0,1144.0,455.0,523.0,368.0,1035.0,1035.0,370.0,153.0,290.0,165.0
1.0,1057.0,417.0,523.0,936.0,516.0,516.0,367.0,156.0,231.0,186.0
1.0,1576.0,455.0,520.0,1035.0,0.0,0.0,362.0,158.0,281.0,174.0
1.0,2156.0,503.0,515.0,516.0,0.0,0.0,359.0,156.0,373.0,130.0
1.0,2169.0,578.0,515.0,0.0,469.0,469.0,362.0,153.0,454.0,124.0
1.0,1591.0,609.0,520.0,0.0,1098.0,1098.0,367.0,153.0,453.0,156.0
1.0,982.0,556.0,526.0,469.0,1209.0,1209.0,371.0,155.0,361.0,195.0
1.0,895.0,469.0,527.0,1098.0,584.0,584.0,369.0,158.0,278.0,191.0
1.0,1524.0,413.0,520.0,1209.0,0.0,0.0,362.0,158.0,254.0,159.0
1.0,2320.0,472.0,515.0,584.0,0.0,0.0,358.0,157.0,319.0,153.0
1.0,2432.0,592.0,515.0,0.0,220.0,220.0,359.0,156.0,416.0,176.0
1.0,1840.0,693.0,521.0,0.0,937.0,937.0,365.0,156.0,479.0,214.0
1.0,1147.0,674.0,529.0,220.0,1423.0,1423.0,370.0,159.0,462.0,212.0
1.0,693.0,549.0,530.0,937.0,1039.0,1039.0,370.0,160.0,383.0,166.0
1.0,1081.0,455.0,526.0,1423.0,55.0,55.0,366.0,160.0,311.0,144.0
1.0,2049.0,486.0,521.0,1039.0,0.0,0.0,362.0,159.0,331.0,155.0
1.0,2602.0,628.0,521.0,55.0,55.0,55.0,363.0,158.0,440.0,188.0
1.0,2029.0,734.0,528.0,0.0,817.0,817.0,368.0,160.0,499.0,235.0
1.0,1295.0,696.0,535.0,55.0,1486.0,1486.0,373.0,162.0,468.0,228.0
1.0,654.0,562.0,536.0,817.0,1235.0,1235.0,373.0,163.0,397.0,165.0
1.0,909.0,515.0,533.0,1486.0,252.0,252.0,370.0,163.0,383.0,132.0
1.0,1880.0,572.0,530.0,1235.0,0.0,0.0,368.0,162.0,427.0,145.0
1.0,2543.0,686.0,532.0,252.0,19.0,19.0,370.0,162.0,482.0,204.0
1.0,2109.0,715.0,538.0,0.0,758.0,758.0,375.0,163.0,477.0,238.0
1.0,1394.0,649.0,542.0,19.0,1404.0,1404.0,378.0,164.0,435.0,214.0
1.0,764.0,500.0,543.0,758.0,1150.0,1150.0,378.0,165.0,344.0,156.0
1.0,1022.0,486.0,540.0,1404.0,220.0,220.0,375.0,165.0,358.0,128.0
1.0,1940.0,614.0,538.0,1150.0,0.0,0.0,374.0,164.0,463.0,151.0
1.0,2476.0,720.0,542.0,220.0,192.0,192.0,378.0,164.0,521.0,199.0
1.0,1976.0,730.0,549.0,0.0,950.0,950.0,384.0,165.0,496.0,234.0
1.0,1246.0,632.0,554.0,192.0,1410.0,1410.0,387.0,167.0,409.0,223.0
1.0,806.0,467.0,554.0,950.0,927.0,927.0,386.0,168.0,318.0,149.0
1.0,1289.0,433.0,549.0,1410.0,0.0,0.0,382.0,167.0,351.0,82.0
1.0,2266.0,546.0,547.0,927.0,0.0,0.0,381.0,166.0,447.0,99.0
1.0,2647.0,649.0,547.0,0.0,190.0,190.0,382.0,165.0,471.0,178.0
1.0,1998.0,697.0,554.0,0.0,915.0,915.0,387.0,167.0,462.0,235.0
1.0,1301.0,588.0,557.0,190.0,1325.0,1325.0,389.0,168.0,379.0,209.0
1.0,903.0,429.0,556.0,915.0,835.0,835.0,388.0,168.0,286.0,143.0
1.0,1389.0,398.0,551.0,1325.0,0.0,0.0,384.0,167.0,298.0,100.0
1.0,2316.0,509.0,549.0,835.0,0.0,0.0,383.0,166.0,398.0,111.0
1.0,2642.0,635.0,554.0,0.0,209.0,209.0,387.0,167.0,474.0,161.0
1.0,2007.0,579.0,558.0,0.0,804.0,804.0,390.0,168.0,377.0,202.0
1.0,1428.0,438.0,557.0,209.0,1029.0,1029.0,389.0,168.0,248.0,190.0
1.0,1199.0,359.0,552.0,804.0,564.0,564.0,384.0,168.0,220.0,139.0
1.0,1644.0,404.0,548.0,1029.0,0.0,0.0,381.0,167.0,318.0,86.0
1.0,2269.0,541.0,546.0,564.0,0.0,0.0,381.0,165.0,454.0,87.0
1.0,2292.0,625.0,549.0,0.0,529.0,529.0,384.0,165.0,482.0,143.0
1.0,1667.0,576.0,553.0,0.0,1121.0,1121.0,387.0,166.0,371.0,205.0
1.0,1091.0,434.0,553.0,529.0,1026.0,1026.0,385.0,168.0,209.0,225.0
1.0,1186.0,368.0,550.0,1121.0,261.0,261.0,382.0,168.0,198.0,170.0
1.0,1939.0,427.0,547.0,1026.0,0.0,0.0,380.0,167.0,333.0,94.0
1.0,2538.0,582.0,548.0,261.0,0.0,0.0,382.0,166.0,497.0,85.0
1.0,2217.0,687.0,553.0,0.0,682.0,682.0,387.0,166.0,541.0,146.0
1.0,1530.0,648.0,557.0,0.0,1346.0,1346.0,391.0,166.0,430.0,218.0
1.0,882.0,489.0,557.0,682.0,1153.0,1153.0,390.0,167.0,267.0,222.0
1.0,1075.0,375.0,555.0,1346.0,174.0,174.0,387.0,168.0,202.0,173.0
1.0,2046.0,408.0,552.0,1153.0,0.0,0.0,384.0,168.0,304.0,104.0
1.0,2791.0,564.0,551.0,174.0,0.0,0.0,385.0,166.0,470.0,94.0
1.0,2401.0,706.0,554.0,0.0,521.0,521.0,388.0,166.0,552.0,154.0
1.0,1695.0,736.0,559.0,0.0,1277.0,1277.0,393.0,166.0,521.0,215.0
1.0,959.0,622.0,564.0,521.0,1398.0,1398.0,396.0,168.0,388.0,234.0
1.0,858.0,480.0,563.0,1277.0,597.0,597.0,395.0,168.0,291.0,189.0
1.0,1655.0,477.0,561.0,1398.0,0.0,0.0,393.0,168.0,339.0,138.0
1.0,2576.0,616.0,560.0,597.0,0.0,0.0,394.0,166.0,490.0,126.0
1.0,2557.0,786.0,562.0,0.0,477.0,477.0,397.0,165.0,610.0,176.0
1.0,1771.0,803.0,567.0,0.0,1300.0,1300.0,400.0,167.0,559.0,244.0
1.0,968.0,661.0,571.0,477.0,1500.0,1500.0,402.0,169.0,409.0,252.0
1.0,784.0,561.0,572.0,1300.0,765.0,765.0,402.0,170.0,360.0,201.0
1.0,1523.0,485.0,570.0,1500.0,0.0,0.0,401.0,169.0,351.0,134.0
1.0,2538.0,569.0,567.0,765.0,0.0,0.0,400.0,167.0,439.0,130.0
1.0,2734.0,727.0,567.0,0.0,261.0,261.0,401.0,166.0,533.0,194.0
1.0,2007.0,813.0,572.0,0.0,1094.0,1094.0,404.0,168.0,543.0,270.0
1.0,1194.0,738.0,576.0,261.0,1587.0,1587.0,405.0,171.0,458.0,280.0
1.0,717.0,567.0,575.0,1094.0,1056.0,1056.0,403.0,172.0,346.0,221.0
1.0,1244.0,524.0,573.0,1587.0,0.0,0.0,402.0,171.0,388.0,136.0
1.0,2307.0,592.0,571.0,1056.0,0.0,0.0,402.0,169.0,472.0,120.0
1.0,2771.0,701.0,571.0,0.0,214.0,214.0,403.0,168.0,521.0,180.0
1.0,2070.0,734.0,576.0,0.0,968.0,968.0,406.0,170.0,482.0,252.0
1.0,1336.0,675.0,580.0,214.0,1445.0,1445.0,407.0,173.0,401.0,274.0
1.0,875.0,575.0,579.0,968.0,1048.0,1048.0,405.0,174.0,354.0,221.0
1.0,1268.0,527.0,575.0,1445.0,114.0,114.0,402.0,173.0,380.0,147.0
1.0,2186.0,598.0,572.0,1048.0,0.0,0.0,401.0,171.0,470.0,128.0
1.0,2636.0,683.0,573.0,114.0,225.0,225.0,403.0,170.0,504.0,179.0
1.0,2067.0,701.0,578.0,0.0,946.0,946.0,406.0,172.0,471.0,230.0
1.0,1366.0,575.0,580.0,225.0,1304.0,1304.0,406.0,174.0,347.0,228.0
1.0,1016.0,479.0,579.0,946.0,833.0,833.0,403.0,176.0,302.0,177.0
1.0,1483.0,497.0,576.0,1304.0,14.0,14.0,401.0,175.0,365.0,132.0
1.0,2290.0,618.0,574.0,833.0,0.0,0.0,401.0,173.0,474.0,144.0
1.0,2505.0,717.0,577.0,14.0,506.0,506.0,404.0,173.0,514.0,203.0
1.0,1802.0,674.0,582.0,0.0,1200.0,1200.0,407.0,175.0,441.0,233.0
1.0,1128.0,481.0,584.0,506.0,1183.0,1183.0,407.0,177.0,282.0,199.0
1.0,1153.0,380.0,582.0,1200.0,355.0,355.0,404.0,178.0,231.0,149.0
1.0,1973.0,482.0,578.0,1183.0,0.0,0.0,401.0,177.0,351.0,131.0
1.0,2674.0,654.0,580.0,355.0,0.0,0.0,404.0,176.0,514.0,140.0
1.0,2375.0,749.0,586.0,0.0,718.0,718.0,410.0,176.0,573.0,176.0
1.0,1626.0,653.0,591.0,0.0,1391.0,1391.0,414.0,177.0,452.0,201.0
1.0,973.0,478.0,593.0,718.0,1159.0,1159.0,414.0,179.0,296.0,182.0
1.0,1213.0,380.0,590.0,1391.0,136.0,136.0,410.0,180.0,234.0,146.0
1.0,2224.0,484.0,586.0,1159.0,0.0,0.0,407.0,179.0,358.0,126.0
1.0,2899.0,664.0,589.0,136.0,0.0,0.0,411.0,178.0,531.0,133.0
1.0,2371.0,742.0,595.0,0.0,751.0,751.0,418.0,177.0,576.0,166.0
1.0,1629.0,626.0,599.0,0.0,1393.0,1393.0,422.0,177.0,434.0,192.0
1.0,1003.0,492.0,600.0,751.0,1138.0,1138.0,421.0,179.0,291.0,201.0
1.0,1262.0,424.0,598.0,1393.0,161.0,161.0,417.0,181.0,257.0,167.0
1.0,2231.0,459.0,593.0,1138.0,0.0,0.0,413.0,180.0,352.0,107.0
1.0,2910.0,644.0,593.0,161.0,0.0,0.0,415.0,178.0,531.0,113.0
1.0,2427.0,738.0,598.0,0.0,703.0,703.0,421.0,177.0,576.0,162.0
1.0,1689.0,656.0,604.0,0.0,1383.0,1383.0,426.0,178.0,441.0,215.0
1.0,1033.0,503.0,605.0,703.0,1187.0,1187.0,425.0,180.0,282.0,221.0
1.0,1233.0,398.0,602.0,1383.0,190.0,190.0,420.0,182.0,224.0,174.0
1.0,2218.0,488.0,597.0,1187.0,0.0,0.0,416.0,181.0,346.0,142.0
1.0,2917.0,638.0,596.0,190.0,0.0,0.0,416.0,180.0,499.0,139.0
1.0,2469.0,696.0,598.0,0.0,619.0,619.0,419.0,179.0,532.0,164.0
1.0,1773.0,648.0,601.0,0.0,1279.0,1279.0,422.0,179.0,447.0,201.0
1.0,1125.0,544.0,602.0,619.0,1208.0,1208.0,422.0,180.0,330.0,214.0
1.0,1200.0,531.0,601.0,1279.0,456.0,456.0,419.0,182.0,329.0,202.0
1.0,1948.0,625.0,598.0,1208.0,0.0,0.0,416.0,182.0,456.0,169.0
1.0,2531.0,705.0,596.0,456.0,102.0,102.0,416.0,180.0,559.0,146.0
1.0,2282.0,703.0,596.0,0.0,805.0,805.0,418.0,178.0,537.0,166.0
1.0,1579.0,581.0,597.0,102.0,1288.0,1288.0,419.0,178.0,389.0,192.0
1.0,1100.0,524.0,597.0,805.0,1007.0,1007.0,417.0,180.0,285.0,239.0
1.0,1381.0,589.0,598.0,1288.0,312.0,312.0,416.0,182.0,347.0,242.0
1.0,2080.0,714.0,597.0,1007.0,15.0,15.0,415.0,182.0,522.0,192.0
1.0,2373.0,784.0,597.0,312.0,487.0,487.0,417.0,180.0,639.0,145.0
1.0,1901.0,726.0,596.0,15.0,1194.0,1194.0,419.0,177.0,570.0,156.0
1.0,1190.0,601.0,597.0,487.0,1312.0,1312.0,420.0,177.0,394.0,207.0
1.0,1076.0,526.0,597.0,1194.0,644.0,644.0,418.0,179.0,266.0,260.0
1.0,1744.0,571.0,597.0,1312.0,0.0,0.0,415.0,182.0,314.0,257.0
1.0,2485.0,709.0,597.0,644.0,0.0,0.0,414.0,183.0,500.0,209.0
1.0,2420.0,815.0,599.0,0.0,791.0,791.0,418.0,181.0,661.0,154.0
1.0,1605.0,808.0,601.0,0.0,1607.0,1607.0,422.0,179.0,640.0,168.0
1.0,797.0,671.0,602.0,791.0,1491.0,1491.0,424.0,178.0,455.0,216.0
1.0,917.0,542.0,603.0,1607.0,430.0,430.0,423.0,180.0,299.0,243.0
1.0,1982.0,585.0,603.0,1491.0,0.0,0.0,421.0,182.0,356.0,229.0
1.0,2888.0,719.0,603.0,430.0,0.0,0.0,421.0,182.0,537.0,182.0
1.0,2599.0,802.0,606.0,0.0,627.0,627.0,425.0,181.0,651.0,151.0
1.0,1797.0,760.0,609.0,0.0,1399.0,1399.0,429.0,180.0,584.0,176.0
1.0,1037.0,593.0,612.0,627.0,1377.0,1377.0,431.0,181.0,365.0,228.0
1.0,1071.0,496.0,611.0,1399.0,470.0,470.0,428.0,183.0,256.0,240.0
1.0,1974.0,558.0,610.0,1377.0,0.0,0.0,426.0,184.0,354.0,204.0
1.0,2793.0,725.0,610.0,470.0,0.0,0.0,427.0,183.0,556.0,169.0
1.0,2538.0,789.0,613.0,0.0,703.0,703.0,431.0,182.0,637.0,152.0
1.0,1749.0,683.0,616.0,0.0,1398.0,1398.0,435.0,181.0,510.0,173.0
1.0,1066.0,502.0,619.0,703.0,1209.0,1209.0,436.0,183.0,284.0,218.0
1.0,1267.0,441.0,618.0,1398.0,248.0,248.0,433.0,185.0,202.0,239.0
1.0,2224.0,619.0,617.0,1209.0,0.0,0.0,431.0,186.0,398.0,221.0
1.0,2814.0,795.0,618.0,248.0,205.0,205.0,432.0,186.0,621.0,174.0
1.0,2267.0,811.0,621.0,0.0,1028.0,1028.0,436.0,185.0,675.0,136.0
1.0,1456.0,585.0,623.0,205.0,1416.0,1416.0,439.0,184.0,444.0,141.0
1.0,1076.0,359.0,623.0,1028.0,747.0,747.0,438.0,185.0,175.0,184.0
1.0,1745.0,385.0,621.0,1416.0,0.0,0.0,434.0,187.0,147.0,238.0
1.0,2776.0,623.0,620.0,747.0,0.0,0.0,431.0,189.0,392.0,231.0
1.0,2900.0,782.0,621.0,0.0,366.0,366.0,432.0,189.0,604.0,178.0
1.0,2118.0,730.0,623.0,0.0,1104.0,1104.0,435.0,188.0,597.0,133.0
1.0,1388.0,536.0,624.0,366.0,1278.0,1278.0,437.0,187.0,400.0,136.0
1.0,1218.0,424.0,624.0,1104.0,598.0,598.0,437.0,187.0,233.0,191.0
1.0,1898.0,465.0,624.0,1278.0,0.0,0.0,434.0,190.0,223.0,242.0
1.0,2711.0,602.0,623.0,598.0,0.0,0.0,431.0,192.0,373.0,229.0
1.0,2707.0,694.0,622.0,0.0,475.0,475.0,430.0,192.0,532.0,162.0
1.0,2013.0,667.0,623.0,0.0,1146.0,1146.0,433.0,190.0,563.0,104.0
1.0,1346.0,556.0,623.0,475.0,1227.0,1227.0,435.0,188.0,433.0,123.0
1.0,1265.0,528.0,626.0,1146.0,621.0,621.0,437.0,189.0,327.0,201.0
1.0,1883.0,597.0,629.0,1227.0,3.0,3.0,438.0,191.0,352.0,245.0
1.0,2513.0,719.0,630.0,621.0,105.0,105.0,437.0,193.0,476.0,243.0
1.0,2415.0,780.0,631.0,3.0,886.0,886.0,438.0,193.0,598.0,182.0
1.0,1638.0,724.0,633.0,105.0,1513.0,1513.0,441.0,192.0,594.0,130.0
1.0,1019.0,586.0,634.0,886.0,1217.0,1217.0,444.0,190.0,460.0,126.0
1.0,1319.0,543.0,634.0,1513.0,247.0,247.0,444.0,190.0,354.0,189.0
1.0,2289.0,656.0,635.0,1217.0,0.0,0.0,443.0,192.0,389.0,267.0
1.0,2850.0,789.0,636.0,247.0,236.0,236.0,442.0,194.0,525.0,264.0
1.0,2308.0,802.0,638.0,0.0,1046.0,1046.0,444.0,194.0,617.0,185.0
1.0,1506.0,706.0,641.0,236.0,1528.0,1528.0,448.0,193.0,590.0,116.0
1.0,1036.0,618.0,642.0,1046.0,1104.0,1104.0,451.0,191.0,478.0,140.0
1.0,1464.0,648.0,643.0,1528.0,228.0,228.0,453.0,190.0,421.0,227.0
1.0,2344.0,720.0,643.0,1104.0,0.0,0.0,451.0,192.0,435.0,285.0
1.0,2728.0,769.0,643.0,228.0,385.0,385.0,449.0,194.0,518.0,251.0
1.0,2187.0,775.0,644.0,0.0,1164.0,1164.0,450.0,194.0,613.0,162.0
1.0,1412.0,707.0,646.0,385.0,1494.0,1494.0,453.0,193.0,594.0,113.0
1.0,1090.0,657.0,648.0,1164.0,995.0,995.0,458.0,190.0,510.0,147.0
1.0,1597.0,635.0,650.0,1494.0,144.0,144.0,460.0,190.0,401.0,234.0
1.0,2456.0,680.0,650.0,995.0,0.0,0.0,458.0,192.0,390.0,290.0
1.0,2771.0,741.0,648.0,144.0,418.0,418.0,454.0,194.0,485.0,256.0
1.0,2174.0,786.0,648.0,0.0,1204.0,1204.0,454.0,194.0,614.0,172.0
1.0,1388.0,743.0,649.0,418.0,1533.0,1533.0,457.0,192.0,624.0,119.0
1.0,1063.0,614.0,650.0,1204.0,947.0,947.0,460.0,190.0,465.0,149.0
1.0,1653.0,531.0,649.0,1533.0,0.0,0.0,459.0,190.0,290.0,241.0
1.0,2655.0,631.0,647.0,947.0,0.0,0.0,455.0,192.0,336.0,295.0
1.0,2971.0,777.0,647.0,0.0,394.0,394.0,453.0,194.0,519.0,258.0
1.0,2194.0,798.0,648.0,0.0,1196.0,1196.0,454.0,194.0,637.0,161.0
1.0,1396.0,689.0,650.0,394.0,1499.0,1499.0,458.0,192.0,594.0,95.0
1.0,1101.0,504.0,650.0,1196.0,807.0,807.0,461.0,189.0,390.0,114.0
1.0,1793.0,462.0,648.0,1499.0,0.0,0.0,459.0,189.0,249.0,213.0
1.0,2830.0,577.0,645.0,807.0,0.0,0.0,453.0,192.0,283.0,294.0
1.0,3060.0,753.0,644.0,0.0,269.0,269.0,450.0,194.0,473.0,280.0
1.0,2307.0,785.0,646.0,0.0,1062.0,1062.0,452.0,194.0,604.0,181.0
1.0,1522.0,669.0,650.0,269.0,1478.0,1478.0,458.0,192.0,579.0,90.0
1.0,1122.0,527.0,651.0,1062.0,947.0,947.0,462.0,189.0,428.0,99.0
1.0,1657.0,481.0,649.0,1478.0,0.0,0.0,460.0,189.0,276.0,205.0
1.0,2654.0,595.0,644.0,947.0,0.0,0.0,453.0,191.0,292.0,303.0
1.0,3006.0,710.0,643.0,0.0,276.0,276.0,449.0,194.0,433.0,277.0
1.0,2296.0,720.0,645.0,0.0,1004.0,1004.0,451.0,194.0,574.0,146.0
1.0,1576.0,644.0,651.0,276.0,1396.0,1396.0,459.0,192.0,585.0,59.0
1.0,1208.0,579.0,654.0,1004.0,983.0,983.0,465.0,189.0,467.0,112.0
1.0,1633.0,587.0,654.0,1396.0,174.0,174.0,464.0,190.0,327.0,260.0
1.0,2442.0,638.0,651.0,983.0,0.0,0.0,458.0,193.0,299.0,339.0
1.0,2787.0,675.0,650.0,174.0,314.0,314.0,454.0,196.0,401.0,274.0
1.0,2286.0,673.0,652.0,0.0,995.0,995.0,457.0,195.0,557.0,116.0
1.0,1613.0,644.0,657.0,314.0,1345.0,1345.0,464.0,193.0,584.0,60.0
1.0,1283.0,648.0,661.0,995.0,1014.0,1014.0,470.0,191.0,508.0,140.0
1.0,1630.0,630.0,661.0,1345.0,299.0,299.0,469.0,192.0,354.0,276.0
1.0,2345.0,662.0,660.0,1014.0,0.0,0.0,465.0,195.0,320.0,342.0
1.0,2697.0,714.0,662.0,299.0,366.0,366.0,463.0,199.0,432.0,282.0
1.0,2282.0,723.0,664.0,0.0,1097.0,1097.0,465.0,199.0,580.0,143.0
1.0,1559.0,679.0,667.0,366.0,1422.0,1422.0,471.0,196.0,621.0,58.0
1.0,1246.0,656.0,668.0,1097.0,985.0,985.0,474.0,194.0,526.0,130.0
1.0,1687.0,654.0,667.0,1422.0,213.0,213.0,473.0,194.0,388.0,266.0
1.0,2455.0,680.0,665.0,985.0,0.0,0.0,467.0,198.0,318.0,362.0
1.0,2760.0,728.0,665.0,213.0,415.0,415.0,464.0,201.0,431.0,297.0
1.0,2245.0,737.0,668.0,0.0,1164.0,1164.0,466.0,202.0,575.0,162.0
1.0,1508.0,717.0,672.0,415.0,1482.0,1482.0,472.0,200.0,623.0,94.0
1.0,1206.0,695.0,673.0,1164.0,1017.0,1017.0,475.0,198.0,543.0,152.0
1.0,1675.0,680.0,670.0,1482.0,203.0,203.0,472.0,198.0,406.0,274.0
1.0,2477.0,667.0,668.0,1017.0,0.0,0.0,467.0,201.0,332.0,335.0
1.0,2827.0,668.0,667.0,203.0,306.0,306.0,463.0,204.0,401.0,267.0
1.0,2362.0,705.0,669.0,0.0,1019.0,1019.0,465.0,204.0,554.0,151.0
1.0,1657.0,776.0,671.0,306.0,1497.0,1497.0,469.0,202.0,666.0,110.0
1.0,1187.0,756.0,672.0,1019.0,1238.0,1238.0,472.0,200.0,581.0,175.0
1.0,1450.0,719.0,670.0,1497.0,452.0,452.0,470.0,200.0,429.0,290.0
1.0,2228.0,654.0,669.0,1238.0,0.0,0.0,465.0,204.0,318.0,336.0
1.0,2812.0,639.0,668.0,452.0,47.0,47.0,461.0,207.0,379.0,260.0
1.0,2625.0,686.0,668.0,0.0,733.0,733.0,462.0,206.0,570.0,116.0
1.0,1939.0,765.0,670.0,47.0,1459.0,1459.0,467.0,203.0,677.0,88.0
1.0,1221.0,793.0,672.0,733.0,1527.0,1527.0,471.0,201.0,606.0,187.0
1.0,1161.0,734.0,672.0,1459.0,802.0,802.0,470.0,202.0,426.0,308.0
1.0,1886.0,639.0,669.0,1527.0,0.0,0.0,464.0,205.0,303.0,336.0
1.0,2774.0,664.0,668.0,802.0,0.0,0.0,460.0,208.0,416.0,248.0
1.0,2912.0,750.0,670.0,0.0,518.0,518.0,463.0,207.0,622.0,128.0
1.0,2162.0,851.0,677.0,0.0,1397.0,1397.0,472.0,205.0,751.0,100.0
1.0,1311.0,788.0,680.0,518.0,1679.0,1679.0,477.0,203.0,595.0,193.0
1.0,1041.0,684.0,678.0,1397.0,958.0,958.0,474.0,204.0,377.0,307.0
1.0,1754.0,608.0,675.0,1679.0,0.0,0.0,468.0,207.0,293.0,315.0
1.0,2825.0,632.0,673.0,958.0,0.0,0.0,464.0,209.0,426.0,206.0
1.0,3151.0,744.0,678.0,0.0,305.0,305.0,470.0,208.0,666.0,78.0
1.0,2407.0,831.0,685.0,0.0,1164.0,1164.0,480.0,205.0,759.0,72.0
1.0,1576.0,820.0,689.0,305.0,1695.0,1695.0,486.0,203.0,626.0,194.0
1.0,1061.0,697.0,688.0,1164.0,1224.0,1224.0,484.0,204.0,383.0,314.0
1.0,1528.0,569.0,685.0,1695.0,86.0,86.0,478.0,207.0,247.0,322.0
1.0,2654.0,562.0,682.0,1224.0,0.0,0.0,473.0,209.0,350.0,212.0
1.0,3316.0,684.0,685.0,86.0,22.0,22.0,476.0,209.0,587.0,97.0
1.0,2718.0,783.0,691.0,0.0,829.0,829.0,484.0,207.0,699.0,84.0
1.0,1935.0,795.0,695.0,22.0,1618.0,1618.0,490.0,205.0,610.0,185.0
1.0,1162.0,705.0,695.0,829.0,1494.0,1494.0,490.0,205.0,410.0,295.0
1.0,1286.0,581.0,692.0,1618.0,445.0,445.0,484.0,208.0,274.0,307.0
1.0,2323.0,526.0,690.0,1494.0,0.0,0.0,479.0,211.0,326.0,200.0
1.0,3291.0,589.0,690.0,445.0,0.0,0.0,480.0,210.0,502.0,87.0
1.0,3147.0,713.0,693.0,0.0,338.0,338.0,486.0,207.0,630.0,83.0
1.0,2434.0,765.0,695.0,0.0,1111.0,1111.0,491.0,204.0,582.0,183.0
1.0,1669.0,713.0,696.0,338.0,1490.0,1490.0,492.0,204.0,421.0,292.0
1.0,1294.0,602.0,695.0,1111.0,977.0,977.0,487.0,208.0,304.0,298.0
1.0,1803.0,512.0,691.0,1490.0,0.0,0.0,481.0,210.0,307.0,205.0
1.0,2781.0,559.0,690.0,977.0,0.0,0.0,480.0,210.0,456.0,103.0
1.0,3199.0,702.0,691.0,0.0,267.0,267.0,485.0,206.0,606.0,96.0
1.0,2497.0,804.0,694.0,0.0,1083.0,1083.0,491.0,203.0,611.0,193.0
1.0,1693.0,754.0,695.0,267.0,1574.0,1574.0,491.0,204.0,443.0,311.0
1.0,1206.0,627.0,694.0,1083.0,1114.0,1114.0,486.0,208.0,296.0,331.0
1.0,1662.0,534.0,691.0,1574.0,62.0,62.0,480.0,211.0,309.0,225.0
1.0,2702.0,588.0,689.0,1114.0,0.0,0.0,479.0,210.0,485.0,103.0
1.0,3228.0,758.0,691.0,62.0,232.0,232.0,484.0,207.0,656.0,102.0
1.0,2532.0,899.0,695.0,0.0,1147.0,1147.0,491.0,204.0,672.0,227.0
1.0,1633.0,867.0,698.0,232.0,1794.0,1794.0,493.0,205.0,530.0,337.0
1.0,998.0,688.0,697.0,1147.0,1331.0,1331.0,489.0,208.0,364.0,324.0
1.0,1457.0,553.0,693.0,1794.0,74.0,74.0,483.0,210.0,352.0,201.0
1.0,2698.0,633.0,693.0,1331.0,0.0,0.0,483.0,210.0,519.0,114.0
1.0,3396.0,816.0,695.0,74.0,126.0,126.0,488.0,207.0,669.0,147.0
1.0,2654.0,935.0,700.0,0.0,1081.0,1081.0,494.0,206.0,672.0,263.0
1.0,1719.0,886.0,704.0,126.0,1857.0,1857.0,497.0,207.0,537.0,349.0
1.0,959.0,709.0,704.0,1081.0,1485.0,1485.0,494.0,210.0,400.0,309.0
1.0,1331.0,652.0,702.0,1857.0,272.0,272.0,490.0,212.0,440.0,212.0
1.0,2536.0,735.0,702.0,1485.0,0.0,0.0,490.0,212.0,592.0,143.0
1.0,3286.0,854.0,705.0,272.0,116.0,116.0,495.0,210.0,686.0,168.0
1.0,2704.0,895.0,709.0,0.0,1027.0,1027.0,501.0,208.0,624.0,271.0
1.0,1809.0,871.0,713.0,116.0,1798.0,1798.0,504.0,209.0,547.0,324.0
1.0,1054.0,782.0,715.0,1027.0,1561.0,1561.0,502.0,213.0,485.0,297.0
1.0,1299.0,731.0,714.0,1798.0,490.0,490.0,499.0,215.0,518.0,213.0
1.0,2366.0,756.0,714.0,1561.0,0.0,0.0,499.0,215.0,609.0,147.0
1.0,3171.0,863.0,716.0,490.0,66.0,66.0,504.0,212.0,687.0,176.0
1.0,2798.0,904.0,722.0,0.0,994.0,994.0,511.0,211.0,633.0,271.0
1.0,1894.0,769.0,723.0,66.0,1701.0,1701.0,511.0,212.0,448.0,321.0
1.0,1191.0,623.0,721.0,994.0,1322.0,1322.0,506.0,215.0,340.0,283.0
1.0,1562.0,636.0,717.0,1701.0,241.0,241.0,500.0,217.0,429.0,207.0
1.0,2627.0,765.0,716.0,1322.0,0.0,0.0,500.0,216.0,615.0,150.0
1.0,3184.0,900.0,721.0,241.0,359.0,359.0,507.0,214.0,728.0,172.0
1.0,2525.0,870.0,725.0,0.0,1245.0,1245.0,513.0,212.0,630.0,240.0
1.0,1655.0,740.0,728.0,359.0,1638.0,1638.0,514.0,214.0,452.0,288.0
1.0,1274.0,571.0,724.0,1245.0,948.0,948.0,507.0,217.0,317.0,254.0
1.0,1948.0,550.0,719.0,1638.0,0.0,0.0,500.0,219.0,370.0,180.0
1.0,3036.0,673.0,717.0,948.0,0.0,0.0,498.0,219.0,519.0,154.0
1.0,3311.0,839.0,719.0,0.0,404.0,404.0,503.0,216.0,655.0,184.0
1.0,2472.0,829.0,724.0,0.0,1253.0,1253.0,509.0,215.0,587.0,242.0
1.0,1643.0,683.0,727.0,404.0,1544.0,1544.0,511.0,216.0,413.0,270.0
1.0,1364.0,541.0,723.0,1253.0,816.0,816.0,505.0,218.0,301.0,240.0
1.0,2076.0,497.0,718.0,1544.0,0.0,0.0,498.0,220.0,337.0,160.0
1.0,3123.0,625.0,715.0,816.0,0.0,0.0,496.0,219.0,490.0,135.0
1.0,3314.0,806.0,717.0,0.0,360.0,360.0,500.0,217.0,632.0,174.0
1.0,2508.0,840.0,721.0,0.0,1216.0,1216.0,506.0,215.0,600.0,240.0
1.0,1668.0,716.0,726.0,360.0,1592.0,1592.0,509.0,217.0,448.0,268.0
1.0,1312.0,551.0,725.0,1216.0,923.0,923.0,505.0,220.0,312.0,239.0
1.0,1977.0,514.0,721.0,1592.0,0.0,0.0,500.0,221.0,350.0,164.0
1.0,3055.0,622.0,718.0,923.0,0.0,0.0,498.0,220.0,505.0,117.0
1.0,3356.0,805.0,720.0,0.0,329.0,329.0,503.0,217.0,655.0,150.0
1.0,2551.0,855.0,725.0,0.0,1204.0,1204.0,509.0,216.0,630.0,225.0
1.0,1696.0,700.0,729.0,329.0,1591.0,1591.0,512.0,217.0,444.0,256.0
1.0,1325.0,564.0,729.0,1204.0,951.0,951.0,509.0,220.0,317.0,247.0
1.0,1965.0,591.0,726.0,1591.0,0.0,0.0,505.0,221.0,393.0,198.0
1.0,2965.0,724.0,725.0,951.0,0.0,0.0,504.0,221.0,570.0,154.0
1.0,3192.0,858.0,727.0,0.0,574.0,574.0,509.0,218.0,694.0,164.0
1.0,2334.0,865.0,732.0,0.0,1459.0,1459.0,516.0,216.0,639.0,226.0
1.0,1469.0,779.0,736.0,574.0,1680.0,1680.0,519.0,217.0,488.0,291.0
1.0,1264.0,642.0,737.0,1459.0,867.0,867.0,517.0,220.0,369.0,273.0
1.0,2081.0,590.0,734.0,1680.0,0.0,0.0,512.0,222.0,399.0,191.0
1.0,3171.0,695.0,730.0,867.0,0.0,0.0,510.0,220.0,557.0,138.0
1.0,3343.0,883.0,730.0,0.0,460.0,460.0,513.0,217.0,718.0,165.0
1.0,2460.0,948.0,736.0,0.0,1432.0,1432.0,520.0,216.0,705.0,243.0
1.0,1512.0,855.0,742.0,460.0,1851.0,1851.0,524.0,218.0,552.0,303.0
1.0,1117.0,670.0,742.0,1432.0,1089.0,1089.0,521.0,221.0,390.0,280.0
1.0,1879.0,606.0,738.0,1851.0,0.0,0.0,516.0,222.0,396.0,210.0
1.0,3124.0,706.0,733.0,1089.0,0.0,0.0,513.0,220.0,544.0,162.0
1.0,3507.0,896.0,734.0,0.0,325.0,325.0,517.0,217.0,703.0,193.0
1.0,2611.0,952.0,738.0,0.0,1293.0,1293.0,522.0,216.0,681.0,271.0
1.0,1659.0,865.0,743.0,325.0,1853.0,1853.0,524.0,219.0,529.0,336.0
1.0,1119.0,696.0,742.0,1293.0,1252.0,1252.0,520.0,222.0,383.0,313.0
1.0,1716.0,624.0,737.0,1853.0,3.0,3.0,514.0,223.0,411.0,213.0
1.0,2945.0,730.0,734.0,1252.0,0.0,0.0,514.0,220.0,584.0,146.0
1.0,3467.0,909.0,735.0,3.0,379.0,379.0,517.0,218.0,729.0,180.0
1.0,2561.0,980.0,738.0,0.0,1371.0,1371.0,521.0,217.0,696.0,284.0
1.0,1581.0,858.0,741.0,379.0,1862.0,1862.0,521.0,220.0,507.0,351.0
1.0,1102.0,704.0,740.0,1371.0,1191.0,1191.0,517.0,223.0,397.0,307.0
1.0,1769.0,671.0,737.0,1862.0,0.0,0.0,513.0,224.0,460.0,211.0
1.0,2960.0,755.0,733.0,1191.0,0.0,0.0,512.0,221.0,615.0,140.0
1.0,3396.0,851.0,735.0,0.0,395.0,395.0,517.0,218.0,682.0,169.0
1.0,2545.0,906.0,740.0,0.0,1321.0,1321.0,522.0,218.0,625.0,281.0
1.0,1639.0,806.0,744.0,395.0,1748.0,1748.0,523.0,221.0,466.0,340.0
1.0,1228.0,708.0,743.0,1321.0,1131.0,1131.0,519.0,224.0,403.0,305.0
1.0,1841.0,684.0,738.0,1748.0,47.0,47.0,514.0,224.0,476.0,208.0
1.0,2905.0,759.0,737.0,1131.0,0.0,0.0,514.0,223.0,611.0,148.0
1.0,3277.0,901.0,740.0,47.0,537.0,537.0,519.0,221.0,713.0,188.0
1.0,2423.0,956.0,746.0,0.0,1517.0,1517.0,525.0,221.0,667.0,289.0
1.0,1467.0,842.0,752.0,537.0,1846.0,1846.0,528.0,224.0,504.0,338.0
1.0,1162.0,657.0,752.0,1517.0,986.0,986.0,525.0,227.0,373.0,284.0
1.0,2022.0,569.0,747.0,1846.0,0.0,0.0,520.0,227.0,383.0,186.0
1.0,3299.0,701.0,745.0,986.0,0.0,0.0,520.0,225.0,573.0,128.0
1.0,3584.0,905.0,749.0,0.0,317.0,317.0,526.0,223.0,729.0,176.0
1.0,2679.0,955.0,756.0,0.0,1300.0,1300.0,533.0,223.0,692.0,263.0
1.0,1724.0,779.0,763.0,317.0,1790.0,1790.0,536.0,227.0,459.0,320.0
1.0,1262.0,577.0,762.0,1300.0,1063.0,1063.0,532.0,230.0,286.0,291.0
1.0,1985.0,515.0,756.0,1790.0,0.0,0.0,526.0,230.0,324.0,191.0
1.0,3260.0,711.0,753.0,1063.0,0.0,0.0,525.0,228.0,574.0,137.0
1.0,3612.0,944.0,758.0,0.0,364.0,364.0,532.0,226.0,778.0,166.0
1.0,2668.0,952.0,765.0,0.0,1344.0,1344.0,539.0,226.0,697.0,255.0
1.0,1716.0,773.0,770.0,364.0,1773.0,1773.0,541.0,229.0,441.0,332.0
1.0,1307.0,553.0,769.0,1344.0,978.0,978.0,536.0,233.0,251.0,302.0
1.0,2098.0,463.0,763.0,1773.0,0.0,0.0,529.0,234.0,278.0,185.0
1.0,3408.0,677.0,759.0,978.0,0.0,0.0,527.0,232.0,557.0,120.0
1.0,3709.0,996.0,765.0,0.0,347.0,347.0,535.0,230.0,838.0,158.0
1.0,2713.0,1041.0,774.0,0.0,1424.0,1424.0,544.0,230.0,783.0,258.0
1.0,1672.0,813.0,778.0,347.0,1906.0,1906.0,545.0,233.0,469.0,344.0
1.0,1206.0,489.0,773.0,1424.0,951.0,951.0,538.0,235.0,197.0,292.0
1.0,2141.0,394.0,764.0,1906.0,0.0,0.0,529.0,235.0,238.0,156.0
1.0,3653.0,690.0,761.0,951.0,0.0,0.0,528.0,233.0,599.0,91.0
1.0,3914.0,1014.0,765.0,0.0,160.0,160.0,535.0,230.0,852.0,162.0
1.0,2900.0,1068.0,774.0,0.0,1264.0,1264.0,544.0,230.0,788.0,280.0
1.0,1832.0,769.0,777.0,160.0,1885.0,1885.0,544.0,233.0,434.0,335.0
1.0,1223.0,450.0,772.0,1264.0,1051.0,1051.0,536.0,236.0,156.0,294.0
1.0,2037.0,455.0,765.0,1885.0,0.0,0.0,528.0,237.0,268.0,187.0
1.0,3467.0,761.0,760.0,1051.0,0.0,0.0,526.0,234.0,626.0,135.0
1.0,3757.0,1083.0,765.0,0.0,386.0,386.0,533.0,232.0,898.0,185.0
1.0,2674.0,1086.0,773.0,0.0,1504.0,1504.0,541.0,232.0,809.0,277.0
1.0,1588.0,799.0,776.0,386.0,1929.0,1929.0,542.0,234.0,469.0,330.0
1.0,1175.0,511.0,773.0,1504.0,924.0,924.0,536.0,237.0,206.0,305.0
1.0,2168.0,530.0,766.0,1929.0,0.0,0.0,528.0,238.0,312.0,218.0
1.0,3567.0,820.0,764.0,924.0,0.0,0.0,528.0,236.0,659.0,161.0
1.0,3671.0,1112.0,769.0,0.0,517.0,517.0,536.0,233.0,927.0,185.0
1.0,2559.0,1109.0,776.0,0.0,1654.0,1654.0,544.0,232.0,844.0,265.0
1.0,1450.0,823.0,780.0,517.0,1976.0,1976.0,546.0,234.0,488.0,335.0
1.0,1144.0,526.0,776.0,1654.0,832.0,832.0,539.0,237.0,211.0,315.0
1.0,2272.0,528.0,769.0,1976.0,0.0,0.0,531.0,238.0,307.0,221.0
1.0,3720.0,806.0,766.0,832.0,0.0,0.0,530.0,236.0,652.0,154.0
1.0,3746.0,1182.0,771.0,0.0,520.0,520.0,539.0,232.0,998.0,184.0
1.0,2564.0,1250.0,782.0,0.0,1814.0,1814.0,550.0,232.0,968.0,282.0
1.0,1314.0,932.0,788.0,520.0,2250.0,2250.0,553.0,235.0,586.0,346.0
1.0,902.0,567.0,784.0,1814.0,987.0,987.0,546.0,238.0,255.0,312.0
1.0,2149.0,430.0,775.0,2250.0,0.0,0.0,537.0,238.0,233.0,197.0
1.0,3969.0,738.0,773.0,987.0,0.0,0.0,537.0,236.0,598.0,140.0
1.0,4218.0,1113.0,779.0,0.0,11.0,11.0,546.0,233.0,935.0,178.0
1.0,3105.0,1232.0,788.0,0.0,1279.0,1279.0,556.0,232.0,944.0,288.0
1.0,1873.0,946.0,793.0,11.0,2234.0,2234.0,558.0,235.0,600.0,346.0
1.0,938.0,512.0,789.0,1279.0,1451.0,1451.0,551.0,238.0,211.0,301.0
1.0,1705.0,396.0,779.0,2234.0,0.0,0.0,541.0,238.0,201.0,195.0
1.0,3543.0,732.0,774.0,1451.0,0.0,0.0,539.0,235.0,591.0,141.0
1.0,4262.0,1161.0,780.0,0.0,19.0,19.0,548.0,232.0,966.0,195.0
1.0,3101.0,1236.0,792.0,0.0,1303.0,1303.0,559.0,233.0,936.0,300.0
1.0,1865.0,873.0,798.0,19.0,2181.0,2181.0,562.0,236.0,531.0,342.0
1.0,1011.0,388.0,792.0,1303.0,1242.0,1242.0,553.0,239.0,111.0,277.0
1.0,1926.0,295.0,780.0,2181.0,0.0,0.0,541.0,239.0,118.0,177.0
1.0,3812.0,696.0,775.0,1242.0,0.0,0.0,539.0,236.0,557.0,139.0
1.0,4358.0,1181.0,783.0,0.0,0.0,0.0,549.0,234.0,972.0,209.0
1.0,3177.0,1277.0,796.0,0.0,1284.0,1284.0,562.0,234.0,970.0,307.0
1.0,1900.0,862.0,803.0,0.0,2174.0,2174.0,566.0,237.0,525.0,337.0
1.0,1038.0,311.0,796.0,1284.0,1173.0,1173.0,556.0,240.0,50.0,261.0
1.0,2011.0,198.0,780.0,2174.0,0.0,0.0,541.0,239.0,45.0,153.0
1.0,3987.0,664.0,775.0,1173.0,0.0,0.0,538.0,237.0,524.0,140.0
1.0,4496.0,1186.0,783.0,0.0,0.0,0.0,548.0,235.0,980.0,206.0
1.0,3310.0,1294.0,798.0,0.0,1176.0,1176.0,563.0,235.0,985.0,309.0
1.0,2016.0,888.0,806.0,0.0,2096.0,2096.0,568.0,238.0,544.0,344.0
1.0,1128.0,351.0,799.0,1176.0,1243.0,1243.0,558.0,241.0,72.0,279.0
1.0,1953.0,246.0,785.0,2096.0,0.0,0.0,544.0,241.0,67.0,179.0
1.0,3803.0,676.0,778.0,1243.0,0.0,0.0,539.0,239.0,541.0,135.0
1.0,4370.0,1179.0,785.0,0.0,0.0,0.0,549.0,236.0,991.0,188.0
1.0,3191.0,1291.0,800.0,0.0,1300.0,1300.0,564.0,236.0,994.0,297.0
1.0,1900.0,911.0,811.0,0.0,2255.0,2255.0,571.0,240.0,570.0,341.0
1.0,989.0,418.0,805.0,1300.0,1349.0,1349.0,562.0,243.0,131.0,287.0
1.0,1871.0,325.0,792.0,2255.0,0.0,0.0,548.0,244.0,142.0,183.0
1.0,3801.0,725.0,785.0,1349.0,0.0,0.0,544.0,241.0,573.0,152.0
1.0,4425.0,1203.0,794.0,0.0,0.0,0.0,555.0,239.0,989.0,214.0
1.0,3222.0,1309.0,810.0,0.0,1327.0,1327.0,571.0,239.0,1002.0,307.0
1.0,1913.0,919.0,819.0,0.0,2282.0,2282.0,577.0,242.0,568.0,351.0
1.0,994.0,471.0,813.0,1327.0,1402.0,1402.0,568.0,245.0,176.0,295.0
1.0,1850.0,448.0,801.0,2282.0,0.0,0.0,555.0,246.0,242.0,206.0
1.0,3684.0,846.0,797.0,1402.0,0.0,0.0,553.0,244.0,682.0,164.0
1.0,4240.0,1254.0,805.0,0.0,234.0,234.0,564.0,241.0,1044.0,210.0
1.0,2986.0,1268.0,820.0,0.0,1562.0,1562.0,579.0,241.0,968.0,300.0
1.0,1718.0,891.0,827.0,234.0,2247.0,2247.0,583.0,244.0,542.0,349.0
1.0,1061.0,537.0,822.0,1562.0,1202.0,1202.0,575.0,247.0,235.0,302.0
1.0,2086.0,532.0,810.0,2247.0,0.0,0.0,563.0,247.0,332.0,200.0
1.0,3801.0,870.0,806.0,1202.0,0.0,0.0,561.0,245.0,717.0,153.0
1.0,4133.0,1223.0,814.0,0.0,346.0,346.0,571.0,243.0,999.0,224.0
1.0,2910.0,1230.0,827.0,0.0,1628.0,1628.0,584.0,243.0,907.0,323.0
1.0,1680.0,905.0,834.0,346.0,2215.0,2215.0,589.0,245.0,558.0,347.0
1.0,1121.0,543.0,829.0,1628.0,1110.0,1110.0,581.0,248.0,249.0,294.0
1.0,2206.0,482.0,816.0,2215.0,0.0,0.0,568.0,248.0,283.0,199.0
1.0,3939.0,790.0,807.0,1110.0,0.0,0.0,561.0,246.0,627.0,163.0
1.0,4259.0,1161.0,811.0,0.0,146.0,146.0,568.0,243.0,943.0,218.0
1.0,3098.0,1225.0,824.0,0.0,1423.0,1423.0,581.0,243.0,916.0,309.0
1.0,1873.0,951.0,834.0,146.0,2268.0,2268.0,588.0,246.0,608.0,343.0
1.0,1068.0,573.0,831.0,1423.0,1406.0,1406.0,582.0,249.0,291.0,282.0
1.0,1918.0,439.0,817.0,2268.0,0.0,0.0,568.0,249.0,241.0,198.0
1.0,3747.0,674.0,807.0,1406.0,0.0,0.0,560.0,247.0,504.0,170.0
1.0,4479.0,1053.0,809.0,0.0,0.0,0.0,565.0,244.0,839.0,214.0
1.0,3426.0,1194.0,822.0,0.0,1056.0,1056.0,578.0,244.0,916.0,278.0
1.0,2232.0,966.0,833.0,0.0,2066.0,2066.0,587.0,246.0,655.0,311.0
1.0,1266.0,580.0,830.0,1056.0,1578.0,1578.0,581.0,249.0,301.0,279.0
1.0,1742.0,428.0,816.0,2066.0,0.0,0.0,567.0,249.0,216.0,212.0
1.0,3380.0,631.0,805.0,1578.0,0.0,0.0,558.0,247.0,467.0,164.0
1.0,4327.0,1000.0,807.0,0.0,0.0,0.0,563.0,244.0,799.0,201.0
1.0,3327.0,1185.0,822.0,0.0,1146.0,1146.0,578.0,244.0,905.0,280.0
1.0,2142.0,996.0,835.0,0.0,2194.0,2194.0,589.0,246.0,694.0,302.0
1.0,1146.0,592.0,834.0,1146.0,1636.0,1636.0,585.0,249.0,334.0,258.0
1.0,1700.0,423.0,819.0,2194.0,0.0,0.0,571.0,248.0,231.0,192.0
1.0,3471.0,640.0,807.0,1636.0,0.0,0.0,561.0,246.0,470.0,170.0
1.0,4467.0,1010.0,809.0,0.0,0.0,0.0,566.0,243.0,793.0,217.0
1.0,3457.0,1203.0,827.0,0.0,1054.0,1054.0,583.0,244.0,914.0,289.0
1.0,2254.0,1006.0,842.0,0.0,2120.0,2120.0,595.0,247.0,691.0,315.0
1.0,1248.0,605.0,841.0,1054.0,1667.0,1667.0,592.0,249.0,354.0,251.0
1.0,1697.0,418.0,827.0,2120.0,0.0,0.0,578.0,249.0,236.0,182.0
1.0,3399.0,617.0,814.0,1667.0,0.0,0.0,568.0,246.0,456.0,161.0
1.0,4449.0,1025.0,816.0,0.0,0.0,0.0,572.0,244.0,792.0,233.0
1.0,3424.0,1244.0,833.0,0.0,1152.0,1152.0,589.0,244.0,928.0,316.0
1.0,2180.0,1024.0,848.0,0.0,2236.0,2236.0,601.0,247.0,697.0,327.0
1.0,1156.0,626.0,848.0,1152.0,1710.0,1710.0,598.0,250.0,373.0,253.0
1.0,1682.0,459.0,833.0,2236.0,0.0,0.0,584.0,249.0,281.0,178.0
1.0,3459.0,673.0,822.0,1710.0,0.0,0.0,575.0,247.0,504.0,169.0
1.0,4496.0,1052.0,824.0,0.0,0.0,0.0,579.0,245.0,809.0,243.0
1.0,3444.0,1205.0,839.0,0.0,1117.0,1117.0,594.0,245.0,893.0,312.0
1.0,2239.0,1011.0,852.0,0.0,2180.0,2180.0,604.0,248.0,687.0,324.0
1.0,1228.0,662.0,851.0,1117.0,1721.0,1721.0,601.0,250.0,395.0,267.0
1.0,1683.0,521.0,838.0,2180.0,10.0,10.0,588.0,250.0,301.0,220.0
1.0,3342.0,700.0,826.0,1721.0,0.0,0.0,578.0,248.0,496.0,204.0
1.0,4363.0,1063.0,830.0,10.0,10.0,10.0,583.0,247.0,814.0,249.0
1.0,3310.0,1253.0,844.0,0.0,1319.0,1319.0,597.0,247.0,935.0,318.0
1.0,2057.0,1078.0,857.0,10.0,2439.0,2439.0,607.0,250.0,740.0,338.0
1.0,989.0,690.0,854.0,1319.0,1798.0,1798.0,602.0,252.0,400.0,290.0
1.0,1618.0,506.0,839.0,2439.0,0.0,0.0,587.0,252.0,282.0,224.0
1.0,3551.0,706.0,829.0,1798.0,0.0,0.0,578.0,251.0,481.0,225.0
1.0,4643.0,1105.0,833.0,0.0,0.0,0.0,583.0,250.0,819.0,286.0
1.0,3538.0,1296.0,847.0,0.0,1146.0,1146.0,597.0,250.0,959.0,337.0
1.0,2242.0,1079.0,858.0,0.0,2269.0,2269.0,605.0,253.0,748.0,331.0
1.0,1163.0,692.0,854.0,1146.0,1799.0,1799.0,599.0,255.0,424.0,268.0
1.0,1617.0,531.0,841.0,2269.0,9.0,9.0,586.0,255.0,312.0,219.0
1.0,3355.0,735.0,831.0,1799.0,0.0,0.0,578.0,253.0,508.0,227.0
1.0,4419.0,1119.0,835.0,9.0,31.0,31.0,583.0,252.0,828.0,291.0
1.0,3309.0,1282.0,850.0,0.0,1373.0,1373.0,597.0,253.0,937.0,345.0
1.0,2027.0,1153.0,863.0,31.0,2547.0,2547.0,607.0,256.0,799.0,354.0
1.0,905.0,756.0,862.0,1373.0,1926.0,1926.0,604.0,258.0,483.0,273.0
1.0,1522.0,537.0,850.0,2547.0,0.0,0.0,592.0,258.0,337.0,200.0
1.0,3532.0,708.0,840.0,1926.0,0.0,0.0,584.0,256.0,504.0,204.0
1.0,4750.0,1113.0,843.0,0.0,0.0,0.0,589.0,254.0,836.0,277.0
1.0,3637.0,1322.0,858.0,0.0,1117.0,1117.0,602.0,256.0,973.0,349.0
1.0,2315.0,1155.0,872.0,0.0,2328.0,2328.0,613.0,259.0,808.0,347.0
1.0,1160.0,778.0,873.0,1117.0,1993.0,1993.0,613.0,260.0,512.0,266.0
1.0,1499.0,535.0,863.0,2328.0,160.0,160.0,603.0,260.0,353.0,182.0
1.0,3292.0,650.0,853.0,1993.0,0.0,0.0,595.0,258.0,480.0,170.0
1.0,4635.0,1033.0,854.0,160.0,0.0,0.0,597.0,257.0,777.0,256.0
1.0,3762.0,1243.0,867.0,0.0,949.0,949.0,609.0,258.0,912.0,331.0
1.0,2519.0,1094.0,880.0,0.0,2095.0,2095.0,620.0,260.0,769.0,325.0
1.0,1425.0,757.0,882.0,949.0,1911.0,1911.0,621.0,261.0,508.0,249.0
1.0,1617.0,545.0,873.0,2095.0,325.0,325.0,612.0,261.0,369.0,176.0
1.0,3167.0,598.0,862.0,1911.0,0.0,0.0,603.0,259.0,433.0,165.0
1.0,4480.0,904.0,860.0,325.0,0.0,0.0,602.0,258.0,654.0,250.0
1.0,3901.0,1160.0,871.0,0.0,743.0,743.0,612.0,259.0,823.0,337.0
1.0,2741.0,1098.0,884.0,0.0,1893.0,1893.0,622.0,262.0,753.0,345.0
1.0,1643.0,727.0,886.0,743.0,1885.0,1885.0,622.0,264.0,477.0,250.0
1.0,1659.0,443.0,875.0,1893.0,391.0,391.0,612.0,263.0,283.0,160.0
1.0,3109.0,544.0,862.0,1885.0,0.0,0.0,602.0,260.0,400.0,144.0
1.0,4450.0,906.0,860.0,391.0,0.0,0.0,602.0,258.0,690.0,216.0
1.0,3935.0,1114.0,870.0,0.0,659.0,659.0,611.0,259.0,808.0,306.0
1.0,2821.0,1011.0,882.0,0.0,1718.0,1718.0,620.0,262.0,700.0,311.0
1.0,1810.0,699.0,883.0,659.0,1762.0,1762.0,620.0,263.0,453.0,246.0
1.0,1770.0,506.0,873.0,1718.0,510.0,510.0,611.0,262.0,314.0,192.0
1.0,2982.0,593.0,861.0,1762.0,0.0,0.0,601.0,260.0,400.0,193.0
1.0,4151.0,914.0,859.0,510.0,0.0,0.0,600.0,259.0,662.0,252.0
1.0,3747.0,1116.0,867.0,0.0,837.0,837.0,608.0,259.0,815.0,301.0
1.0,2631.0,1011.0,879.0,0.0,1896.0,1896.0,617.0,262.0,719.0,292.0
1.0,1620.0,705.0,879.0,837.0,1764.0,1764.0,616.0,263.0,459.0,246.0
1.0,1752.0,486.0,868.0,1896.0,310.0,310.0,606.0,262.0,278.0,208.0
1.0,3162.0,655.0,858.0,1764.0,0.0,0.0,597.0,261.0,431.0,224.0
1.0,4271.0,990.0,858.0,310.0,0.0,0.0,598.0,260.0,724.0,266.0
1.0,3591.0,1192.0,868.0,0.0,1073.0,1073.0,607.0,261.0,880.0,312.0
1.0,2399.0,1062.0,878.0,0.0,2175.0,2175.0,616.0,262.0,763.0,299.0
1.0,1337.0,749.0,879.0,1073.0,1855.0,1855.0,616.0,263.0,513.0,236.0
1.0,1661.0,560.0,869.0,2175.0,200.0,200.0,607.0,262.0,364.0,196.0
1.0,3276.0,712.0,859.0,1855.0,0.0,0.0,599.0,260.0,491.0,221.0
1.0,4419.0,1095.0,859.0,200.0,0.0,0.0,600.0,259.0,801.0,294.0
1.0,3524.0,1310.0,871.0,0.0,1270.0,1270.0,611.0,260.0,968.0,342.0
1.0,2214.0,1160.0,883.0,0.0,2478.0,2478.0,621.0,262.0,812.0,348.0
1.0,1054.0,811.0,885.0,1270.0,2027.0,2027.0,622.0,263.0,526.0,285.0
1.0,1513.0,584.0,875.0,2478.0,93.0,93.0,613.0,262.0,364.0,220.0
1.0,3407.0,722.0,864.0,2027.0,0.0,0.0,604.0,260.0,498.0,224.0
1.0,4712.0,1107.0,865.0,93.0,0.0,0.0,606.0,259.0,822.0,285.0
1.0,3698.0,1374.0,878.0,0.0,1188.0,1188.0,617.0,261.0,1009.0,365.0
1.0,2324.0,1203.0,891.0,0.0,2443.0,2443.0,627.0,264.0,835.0,368.0
1.0,1121.0,844.0,893.0,1188.0,2107.0,2107.0,628.0,265.0,544.0,300.0
1.0,1465.0,636.0,884.0,2443.0,264.0,264.0,620.0,264.0,401.0,235.0
1.0,3272.0,782.0,874.0,2107.0,0.0,0.0,612.0,262.0,556.0,226.0
1.0,4597.0,1105.0,873.0,264.0,0.0,0.0,613.0,260.0,826.0,279.0
1.0,3756.0,1325.0,884.0,0.0,1105.0,1105.0,622.0,262.0,973.0,352.0
1.0,2431.0,1168.0,896.0,0.0,2321.0,2321.0,631.0,265.0,801.0,367.0
1.0,1263.0,790.0,898.0,1105.0,2014.0,2014.0,631.0,267.0,490.0,300.0
1.0,1578.0,558.0,887.0,2321.0,207.0,207.0,621.0,266.0,343.0,215.0
1.0,3341.0,723.0,876.0,2014.0,0.0,0.0,613.0,263.0,514.0,209.0
1.0,4632.0,1067.0,874.0,207.0,0.0,0.0,612.0,262.0,788.0,279.0
1.0,3772.0,1287.0,884.0,0.0,1051.0,1051.0,620.0,264.0,931.0,356.0
1.0,2485.0,1146.0,895.0,0.0,2241.0,2241.0,628.0,267.0,776.0,370.0
1.0,1339.0,774.0,898.0,1051.0,1976.0,1976.0,628.0,270.0,464.0,310.0
1.0,1616.0,532.0,888.0,2241.0,227.0,227.0,619.0,269.0,311.0,221.0
1.0,3325.0,638.0,877.0,1976.0,0.0,0.0,610.0,267.0,431.0,207.0
1.0,4663.0,1018.0,876.0,227.0,0.0,0.0,610.0,266.0,748.0,270.0
1.0,3872.0,1261.0,885.0,0.0,929.0,929.0,617.0,268.0,910.0,351.0
1.0,2611.0,1149.0,896.0,0.0,2122.0,2122.0,625.0,271.0,779.0,370.0
1.0,1462.0,759.0,899.0,929.0,1964.0,1964.0,626.0,273.0,489.0,270.0
1.0,1632.0,547.0,893.0,2122.0,365.0,365.0,621.0,272.0,373.0,174.0
1.0,3207.0,610.0,882.0,1964.0,0.0,0.0,613.0,269.0,434.0,176.0
1.0,4561.0,904.0,878.0,365.0,0.0,0.0,611.0,267.0,647.0,257.0
1.0,4022.0,1213.0,888.0,0.0,743.0,743.0,619.0,269.0,859.0,354.0
1.0,2809.0,1147.0,902.0,0.0,1946.0,1946.0,629.0,273.0,796.0,351.0
1.0,1662.0,797.0,906.0,743.0,2016.0,2016.0,631.0,275.0,534.0,263.0
1.0,1608.0,506.0,898.0,1946.0,544.0,544.0,624.0,274.0,343.0,163.0
1.0,3048.0,560.0,888.0,2016.0,0.0,0.0,617.0,271.0,408.0,152.0
1.0,4504.0,961.0,887.0,544.0,0.0,0.0,617.0,270.0,719.0,242.0
1.0,4087.0,1273.0,898.0,0.0,778.0,778.0,626.0,272.0,930.0,343.0
1.0,2814.0,1178.0,911.0,0.0,2008.0,2008.0,636.0,275.0,824.0,354.0
1.0,1636.0,809.0,915.0,778.0,2055.0,2055.0,639.0,276.0,548.0,261.0
1.0,1605.0,500.0,907.0,2008.0,515.0,515.0,633.0,274.0,339.0,161.0
1.0,3113.0,576.0,897.0,2055.0,0.0,0.0,625.0,272.0,423.0,153.0
1.0,4592.0,969.0,896.0,515.0,0.0,0.0,625.0,271.0,718.0,251.0
1.0,4138.0,1323.0,908.0,0.0,817.0,817.0,635.0,273.0,969.0,354.0
1.0,2815.0,1245.0,923.0,0.0,2122.0,2122.0,647.0,276.0,887.0,358.0
1.0,1570.0,796.0,925.0,817.0,2109.0,2109.0,649.0,276.0,535.0,261.0
1.0,1591.0,471.0,916.0,2122.0,422.0,422.0,641.0,275.0,305.0,166.0
1.0,3242.0,570.0,903.0,2109.0,0.0,0.0,631.0,272.0,402.0,168.0
1.0,4781.0,1002.0,902.0,422.0,0.0,0.0,631.0,271.0,736.0,266.0
1.0,4201.0,1361.0,914.0,0.0,816.0,816.0,640.0,274.0,989.0,372.0
1.0,2840.0,1290.0,927.0,0.0,2158.0,2158.0,650.0,277.0,904.0,386.0
1.0,1550.0,819.0,929.0,816.0,2169.0,2169.0,651.0,278.0,544.0,275.0
1.0,1547.0,456.0,918.0,2158.0,423.0,423.0,642.0,276.0,290.0,166.0
1.0,3249.0,550.0,903.0,2169.0,0.0,0.0,630.0,273.0,383.0,167.0
1.0,4868.0,1035.0,900.0,423.0,0.0,0.0,629.0,271.0,754.0,281.0
1.0,4256.0,1386.0,912.0,0.0,778.0,778.0,639.0,273.0,1008.0,378.0
1.0,2870.0,1281.0,925.0,0.0,2111.0,2111.0,649.0,276.0,906.0,375.0
1.0,1589.0,864.0,928.0,778.0,2209.0,2209.0,651.0,277.0,589.0,275.0
1.0,1503.0,515.0,916.0,2111.0,565.0,565.0,641.0,275.0,329.0,186.0
1.0,3099.0,599.0,901.0,2209.0,0.0,0.0,629.0,272.0,398.0,201.0
1.0,4709.0,1044.0,898.0,565.0,0.0,0.0,628.0,270.0,755.0,289.0
1.0,4230.0,1397.0,909.0,0.0,803.0,803.0,637.0,272.0,1039.0,358.0
1.0,2833.0,1310.0,922.0,0.0,2165.0,2165.0,648.0,274.0,963.0,347.0
1.0,1523.0,882.0,924.0,803.0,2252.0,2252.0,649.0,275.0,595.0,287.0
1.0,1444.0,552.0,913.0,2165.0,595.0,595.0,639.0,274.0,327.0,225.0
1.0,3057.0,633.0,900.0,2252.0,0.0,0.0,628.0,272.0,393.0,240.0
1.0,4676.0,1100.0,899.0,595.0,0.0,0.0,628.0,271.0,780.0,320.0
1.0,4171.0,1453.0,911.0,0.0,926.0,926.0,639.0,272.0,1067.0,386.0
1.0,2718.0,1299.0,925.0,0.0,2281.0,2281.0,650.0,275.0,935.0,364.0
1.0,1419.0,868.0,929.0,926.0,2239.0,2239.0,652.0,277.0,597.0,271.0
1.0,1477.0,514.0,918.0,2281.0,428.0,428.0,643.0,275.0,334.0,180.0
1.0,3244.0,616.0,905.0,2239.0,0.0,0.0,634.0,271.0,427.0,189.0
1.0,4867.0,1120.0,905.0,428.0,0.0,0.0,634.0,271.0,790.0,330.0
1.0,4175.0,1496.0,918.0,0.0,993.0,993.0,645.0,273.0,1065.0,431.0
1.0,2679.0,1328.0,933.0,0.0,2381.0,2381.0,657.0,276.0,942.0,386.0
1.0,1351.0,788.0,937.0,993.0,2192.0,2192.0,660.0,277.0,552.0,236.0
1.0,1556.0,416.0,925.0,2381.0,179.0,179.0,651.0,274.0,285.0,131.0
1.0,3521.0,645.0,913.0,2192.0,0.0,0.0,642.0,271.0,471.0,174.0
1.0,5068.0,1212.0,914.0,179.0,0.0,0.0,644.0,270.0,867.0,345.0
1.0,4035.0,1535.0,929.0,0.0,1216.0,1216.0,655.0,274.0,1066.0,469.0
1.0,2500.0,1268.0,943.0,0.0,2540.0,2540.0,665.0,278.0,863.0,405.0
1.0,1232.0,713.0,946.0,1216.0,2049.0,2049.0,666.0,280.0,482.0,231.0
1.0,1735.0,414.0,936.0,2540.0,0.0,0.0,659.0,277.0,312.0,102.0
1.0,3861.0,624.0,925.0,2049.0,0.0,0.0,652.0,273.0,478.0,146.0
1.0,5286.0,1127.0,924.0,0.0,0.0,0.0,652.0,272.0,799.0,328.0
1.0,4159.0,1411.0,936.0,0.0,996.0,996.0,660.0,276.0,957.0,454.0
1.0,2748.0,1187.0,949.0,0.0,2235.0,2235.0,669.0,280.0,789.0,398.0
1.0,1561.0,711.0,952.0,996.0,1962.0,1962.0,670.0,282.0,485.0,226.0
1.0,1846.0,427.0,942.0,2235.0,114.0,114.0,663.0,279.0,329.0,98.0
1.0,3654.0,639.0,929.0,1962.0,0.0,0.0,654.0,275.0,487.0,152.0
1.0,4977.0,1153.0,929.0,114.0,0.0,0.0,654.0,275.0,815.0,338.0
1.0,3938.0,1395.0,941.0,0.0,1221.0,1221.0,662.0,279.0,944.0,451.0
1.0,2543.0,1167.0,953.0,0.0,2436.0,2436.0,670.0,283.0,772.0,395.0
1.0,1376.0,673.0,955.0,1221.0,1896.0,1896.0,671.0,284.0,459.0,214.0
1.0,1924.0,421.0,944.0,2436.0,0.0,0.0,662.0,282.0,298.0,123.0
1.0,3939.0,647.0,931.0,1896.0,0.0,0.0,652.0,279.0,450.0,197.0
1.0,5188.0,1124.0,929.0,0.0,0.0,0.0,650.0,279.0,768.0,356.0
1.0,4064.0,1405.0,940.0,0.0,1101.0,1101.0,658.0,282.0,954.0,451.0
1.0,2659.0,1218.0,955.0,0.0,2379.0,2379.0,668.0,287.0,837.0,381.0
1.0,1441.0,746.0,958.0,1101.0,2036.0,2036.0,671.0,287.0,540.0,206.0
1.0,1796.0,473.0,948.0,2379.0,90.0,90.0,664.0,284.0,352.0,121.0
1.0,3702.0,681.0,935.0,2036.0,0.0,0.0,654.0,281.0,481.0,200.0
1.0,5057.0,1168.0,933.0,90.0,0.0,0.0,652.0,281.0,791.0,377.0
1.0,3979.0,1444.0,945.0,0.0,1245.0,1245.0,660.0,285.0,985.0,459.0
1.0,2535.0,1246.0,960.0,0.0,2551.0,2551.0,671.0,289.0,865.0,381.0
1.0,1289.0,825.0,966.0,1245.0,2155.0,2155.0,676.0,290.0,604.0,221.0
1.0,1709.0,575.0,957.0,2551.0,143.0,143.0,670.0,287.0,460.0,115.0
1.0,3685.0,733.0,944.0,2155.0,0.0,0.0,661.0,283.0,547.0,186.0
1.0,5107.0,1161.0,941.0,143.0,0.0,0.0,659.0,282.0,807.0,354.0
1.0,4089.0,1431.0,953.0,0.0,1154.0,1154.0,667.0,286.0,974.0,457.0
1.0,2658.0,1278.0,967.0,0.0,2488.0,2488.0,677.0,290.0,878.0,400.0
1.0,1380.0,893.0,973.0,1154.0,2251.0,2251.0,682.0,291.0,644.0,249.0
1.0,1641.0,630.0,965.0,2488.0,361.0,361.0,677.0,288.0,494.0,136.0
1.0,3499.0,772.0,953.0,2251.0,0.0,0.0,668.0,285.0,579.0,193.0
1.0,4978.0,1170.0,950.0,361.0,0.0,0.0,665.0,285.0,813.0,357.0
1.0,4169.0,1430.0,960.0,0.0,1101.0,1101.0,672.0,288.0,967.0,463.0
1.0,2739.0,1284.0,975.0,0.0,2445.0,2445.0,683.0,292.0,864.0,420.0
1.0,1455.0,863.0,979.0,1101.0,2223.0,2223.0,687.0,292.0,616.0,247.0
1.0,1693.0,590.0,969.0,2445.0,328.0,328.0,681.0,288.0,479.0,111.0
1.0,3548.0,772.0,956.0,2223.0,0.0,0.0,672.0,284.0,606.0,166.0
1.0,4999.0,1239.0,955.0,328.0,0.0,0.0,671.0,284.0,884.0,355.0
1.0,4088.0,1488.0,967.0,0.0,1268.0,1268.0,679.0,288.0,999.0,489.0
1.0,2600.0,1218.0,981.0,0.0,2542.0,2542.0,688.0,293.0,802.0,416.0
1.0,1382.0,727.0,982.0,1268.0,2005.0,2005.0,689.0,293.0,499.0,228.0
1.0,1923.0,486.0,971.0,2542.0,0.0,0.0,682.0,289.0,400.0,86.0
1.0,3979.0,715.0,956.0,2005.0,0.0,0.0,673.0,283.0,580.0,135.0
1.0,5269.0,1191.0,953.0,0.0,0.0,0.0,671.0,282.0,845.0,346.0
1.0,4078.0,1436.0,965.0,0.0,1218.0,1218.0,678.0,287.0,940.0,496.0
1.0,2642.0,1200.0,980.0,0.0,2478.0,2478.0,687.0,293.0,761.0,439.0
1.0,1442.0,734.0,982.0,1218.0,2002.0,2002.0,688.0,294.0,495.0,239.0
1.0,1926.0,458.0,967.0,2478.0,0.0,0.0,678.0,289.0,378.0,80.0
1.0,3946.0,662.0,951.0,2002.0,0.0,0.0,668.0,283.0,534.0,128.0
1.0,5286.0,1151.0,948.0,0.0,0.0,0.0,667.0,281.0,820.0,331.0
1.0,4135.0,1433.0,962.0,0.0,1146.0,1146.0,676.0,286.0,942.0,491.0
1.0,2702.0,1221.0,978.0,0.0,2431.0,2431.0,685.0,293.0,788.0,433.0
1.0,1481.0,713.0,980.0,1146.0,2006.0,2006.0,686.0,294.0,497.0,216.0
1.0,1914.0,406.0,966.0,2431.0,0.0,0.0,677.0,289.0,351.0,55.0
1.0,3939.0,666.0,952.0,2006.0,0.0,0.0,669.0,283.0,537.0,129.0
1.0,5279.0,1182.0,952.0,0.0,0.0,0.0,670.0,282.0,824.0,358.0
1.0,4097.0,1472.0,966.0,0.0,1239.0,1239.0,679.0,287.0,963.0,509.0
1.0,2625.0,1193.0,980.0,0.0,2488.0,2488.0,687.0,293.0,773.0,420.0
1.0,1432.0,676.0,981.0,1239.0,1929.0,1929.0,687.0,294.0,479.0,197.0
1.0,1995.0,389.0,967.0,2488.0,0.0,0.0,678.0,289.0,331.0,58.0
1.0,4094.0,677.0,953.0,1929.0,0.0,0.0,670.0,283.0,526.0,151.0
1.0,5346.0,1212.0,954.0,0.0,0.0,0.0,671.0,283.0,845.0,367.0
1.0,4134.0,1473.0,969.0,0.0,1215.0,1215.0,681.0,288.0,980.0,493.0
1.0,2661.0,1229.0,985.0,0.0,2508.0,2508.0,691.0,294.0,809.0,420.0
1.0,1432.0,708.0,986.0,1215.0,2005.0,2005.0,692.0,294.0,492.0,216.0
1.0,1939.0,406.0,972.0,2508.0,0.0,0.0,683.0,289.0,318.0,88.0
1.0,4041.0,730.0,960.0,2005.0,0.0,0.0,676.0,284.0,556.0,174.0
1.0,5316.0,1312.0,961.0,0.0,0.0,0.0,677.0,284.0,932.0,380.0
1.0,4004.0,1552.0,976.0,0.0,1452.0,1452.0,687.0,289.0,1052.0,500.0
1.0,2452.0,1267.0,992.0,0.0,2783.0,2783.0,697.0,295.0,845.0,422.0
1.0,1185.0,749.0,993.0,1452.0,2084.0,2084.0,698.0,295.0,533.0,216.0
1.0,1888.0,509.0,980.0,2783.0,0.0,0.0,690.0,290.0,402.0,107.0
1.0,4162.0,776.0,968.0,2084.0,0.0,0.0,683.0,285.0,582.0,194.0
1.0,5470.0,1271.0,968.0,0.0,0.0,0.0,683.0,285.0,875.0,396.0
1.0,4199.0,1538.0,982.0,0.0,1267.0,1267.0,691.0,291.0,1021.0,517.0
1.0,2661.0,1284.0,995.0,0.0,2603.0,2603.0,698.0,297.0,846.0,438.0
1.0,1377.0,823.0,997.0,1267.0,2167.0,2167.0,699.0,298.0,592.0,231.0
1.0,1821.0,558.0,985.0,2603.0,74.0,74.0,692.0,293.0,464.0,94.0
1.0,3866.0,790.0,973.0,2167.0,0.0,0.0,685.0,288.0,607.0,183.0
1.0,5243.0,1253.0,973.0,74.0,0.0,0.0,685.0,288.0,851.0,402.0
1.0,4064.0,1490.0,984.0,0.0,1362.0,1362.0,691.0,293.0,955.0,535.0
1.0,2574.0,1295.0,996.0,0.0,2705.0,2705.0,697.0,299.0,837.0,458.0
1.0,1279.0,830.0,998.0,1362.0,2181.0,2181.0,697.0,301.0,580.0,250.0
1.0,1811.0,609.0,987.0,2705.0,41.0,41.0,691.0,296.0,483.0,126.0
1.0,3907.0,810.0,975.0,2181.0,0.0,0.0,684.0,291.0,605.0,205.0
1.0,5278.0,1249.0,975.0,41.0,0.0,0.0,684.0,291.0,849.0,400.0
1.0,4070.0,1449.0,986.0,0.0,1323.0,1323.0,690.0,296.0,938.0,511.0
1.0,2621.0,1242.0,999.0,0.0,2617.0,2617.0,697.0,302.0,818.0,424.0
1.0,1379.0,793.0,999.0,1323.0,2087.0,2087.0,696.0,303.0,570.0,223.0
1.0,1909.0,561.0,986.0,2617.0,0.0,0.0,688.0,298.0,465.0,96.0
1.0,3965.0,766.0,972.0,2087.0,0.0,0.0,680.0,292.0,602.0,164.0
1.0,5286.0,1183.0,971.0,0.0,0.0,0.0,680.0,291.0,815.0,368.0
1.0,4103.0,1430.0,984.0,0.0,1263.0,1263.0,688.0,296.0,908.0,522.0
1.0,2673.0,1275.0,1000.0,0.0,2602.0,2602.0,696.0,304.0,811.0,464.0
1.0,1398.0,845.0,1002.0,1263.0,2192.0,2192.0,696.0,306.0,595.0,250.0
1.0,1816.0,584.0,991.0,2602.0,130.0,130.0,690.0,301.0,489.0,95.0
1.0,3834.0,696.0,976.0,2192.0,0.0,0.0,682.0,294.0,552.0,144.0
1.0,5330.0,1116.0,975.0,130.0,0.0,0.0,683.0,292.0,779.0,337.0
1.0,4344.0,1429.0,989.0,0.0,1041.0,1041.0,691.0,298.0,923.0,506.0
1.0,2915.0,1300.0,1005.0,0.0,2405.0,2405.0,700.0,305.0,837.0,463.0
1.0,1615.0,861.0,1008.0,1041.0,2237.0,2237.0,701.0,307.0,611.0,250.0
1.0,1795.0,561.0,996.0,2405.0,345.0,345.0,694.0,302.0,479.0,82.0
1.0,3639.0,684.0,982.0,2237.0,0.0,0.0,687.0,295.0,563.0,121.0
1.0,5192.0,1112.0,980.0,345.0,0.0,0.0,687.0,293.0,796.0,316.0
1.0,4425.0,1431.0,994.0,0.0,982.0,982.0,696.0,298.0,957.0,474.0
1.0,2994.0,1305.0,1011.0,0.0,2355.0,2355.0,706.0,305.0,871.0,434.0
1.0,1689.0,839.0,1015.0,982.0,2228.0,2228.0,708.0,307.0,606.0,233.0
1.0,1832.0,550.0,1003.0,2355.0,375.0,375.0,701.0,302.0,462.0,88.0
1.0,3637.0,670.0,987.0,2228.0,0.0,0.0,692.0,295.0,532.0,138.0
1.0,5195.0,1110.0,986.0,375.0,0.0,0.0,692.0,294.0,758.0,352.0
1.0,4460.0,1369.0,999.0,0.0,905.0,905.0,699.0,300.0,860.0,509.0
1.0,3091.0,1246.0,1015.0,0.0,2215.0,2215.0,708.0,307.0,795.0,451.0
1.0,1845.0,844.0,1019.0,905.0,2170.0,2170.0,710.0,309.0,613.0,231.0
1.0,1906.0,595.0,1007.0,2215.0,502.0,502.0,704.0,303.0,526.0,69.0
1.0,3526.0,724.0,992.0,2170.0,0.0,0.0,696.0,296.0,590.0,134.0
1.0,4972.0,1098.0,990.0,502.0,0.0,0.0,695.0,295.0,742.0,356.0
1.0,4376.0,1401.0,1003.0,0.0,1037.0,1037.0,702.0,301.0,881.0,520.0
1.0,2975.0,1294.0,1020.0,0.0,2399.0,2399.0,712.0,308.0,834.0,460.0
1.0,1681.0,850.0,1023.0,1037.0,2224.0,2224.0,714.0,309.0,621.0,229.0
1.0,1868.0,503.0,1007.0,2399.0,264.0,264.0,704.0,303.0,448.0,55.0
1.0,3764.0,632.0,990.0,2224.0,0.0,0.0,694.0,296.0,493.0,139.0
1.0,5356.0,1130.0,987.0,264.0,0.0,0.0,692.0,295.0,753.0,377.0
1.0,4490.0,1491.0,1001.0,0.0,1005.0,1005.0,700.0,301.0,957.0,534.0
1.0,2999.0,1391.0,1018.0,0.0,2464.0,2464.0,710.0,308.0,912.0,479.0
1.0,1608.0,919.0,1020.0,1005.0,2386.0,2386.0,711.0,309.0,666.0,253.0
1.0,1694.0,550.0,1007.0,2464.0,420.0,420.0,703.0,304.0,452.0,98.0
1.0,3608.0,668.0,990.0,2386.0,0.0,0.0,693.0,297.0,490.0,178.0
1.0,5326.0,1179.0,988.0,420.0,0.0,0.0,692.0,296.0,779.0,400.0
1.0,4567.0,1553.0,1002.0,0.0,994.0,994.0,700.0,302.0,1008.0,545.0
1.0,3014.0,1442.0,1019.0,0.0,2504.0,2504.0,709.0,310.0,957.0,485.0
1.0,1572.0,943.0,1022.0,994.0,2465.0,2465.0,711.0,311.0,685.0,258.0
1.0,1623.0,566.0,1009.0,2504.0,475.0,475.0,704.0,305.0,480.0,86.0
1.0,3561.0,722.0,994.0,2465.0,0.0,0.0,696.0,298.0,572.0,150.0
1.0,5304.0,1278.0,994.0,475.0,0.0,0.0,697.0,297.0,860.0,418.0
1.0,4501.0,1680.0,1010.0,0.0,1219.0,1219.0,706.0,304.0,1076.0,604.0
1.0,2821.0,1475.0,1026.0,0.0,2758.0,2758.0,715.0,311.0,964.0,511.0
1.0,1346.0,895.0,1028.0,1219.0,2442.0,2442.0,716.0,312.0,645.0,250.0
1.0,1670.0,571.0,1015.0,2758.0,203.0,203.0,709.0,306.0,479.0,92.0
1.0,3857.0,803.0,1003.0,2442.0,0.0,0.0,703.0,300.0,628.0,175.0
1.0,5496.0,1335.0,1004.0,203.0,0.0,0.0,705.0,299.0,931.0,404.0
1.0,4364.0,1645.0,1021.0,0.0,1365.0,1365.0,715.0,306.0,1077.0,568.0
1.0,2719.0,1439.0,1038.0,0.0,2872.0,2872.0,724.0,314.0,953.0,486.0
1.0,1280.0,902.0,1041.0,1365.0,2421.0,2421.0,726.0,315.0,657.0,245.0
1.0,1743.0,581.0,1029.0,2872.0,82.0,82.0,719.0,310.0,476.0,105.0
1.0,4034.0,769.0,1017.0,2421.0,0.0,0.0,713.0,304.0,579.0,190.0
1.0,5686.0,1299.0,1017.0,82.0,0.0,0.0,714.0,303.0,862.0,437.0
1.0,4469.0,1617.0,1032.0,0.0,1276.0,1276.0,723.0,309.0,1059.0,558.0
1.0,2852.0,1396.0,1048.0,0.0,2736.0,2736.0,732.0,316.0,964.0,432.0
1.0,1456.0,853.0,1050.0,1276.0,2321.0,2321.0,734.0,316.0,665.0,188.0
1.0,1879.0,552.0,1039.0,2736.0,93.0,93.0,728.0,311.0,477.0,75.0
1.0,4063.0,760.0,1027.0,2321.0,0.0,0.0,721.0,306.0,556.0,204.0
1.0,5624.0,1238.0,1025.0,93.0,0.0,0.0,720.0,305.0,808.0,430.0
1.0,4479.0,1514.0,1038.0,0.0,1187.0,1187.0,728.0,310.0,984.0,530.0
1.0,2965.0,1304.0,1053.0,0.0,2551.0,2551.0,736.0,317.0,896.0,408.0
1.0,1661.0,768.0,1054.0,1187.0,2136.0,2136.0,736.0,318.0,581.0,187.0
1.0,2080.0,436.0,1041.0,2551.0,0.0,0.0,728.0,313.0,364.0,72.0
1.0,4195.0,671.0,1027.0,2136.0,0.0,0.0,719.0,308.0,489.0,182.0
1.0,5660.0,1240.0,1025.0,0.0,0.0,0.0,718.0,307.0,830.0,410.0
1.0,4420.0,1550.0,1039.0,0.0,1286.0,1286.0,726.0,313.0,1018.0,532.0
1.0,2870.0,1295.0,1053.0,0.0,2637.0,2637.0,734.0,319.0,865.0,430.0
1.0,1575.0,698.0,1054.0,1286.0,2053.0,2053.0,733.0,321.0,502.0,196.0
1.0,2163.0,370.0,1040.0,2637.0,0.0,0.0,725.0,315.0,324.0,46.0
1.0,4430.0,649.0,1025.0,2053.0,0.0,0.0,718.0,307.0,517.0,132.0
1.0,5834.0,1271.0,1026.0,0.0,0.0,0.0,720.0,306.0,896.0,375.0
1.0,4563.0,1603.0,1041.0,0.0,1204.0,1204.0,729.0,312.0,1062.0,541.0
1.0,2960.0,1308.0,1054.0,0.0,2564.0,2564.0,735.0,319.0,846.0,462.0
1.0,1652.0,723.0,1054.0,1204.0,2083.0,2083.0,733.0,321.0,506.0,217.0
1.0,2133.0,411.0,1041.0,2564.0,0.0,0.0,726.0,315.0,367.0,44.0
1.0,4286.0,683.0,1027.0,2083.0,0.0,0.0,720.0,307.0,565.0,118.0
1.0,5686.0,1271.0,1027.0,0.0,0.0,0.0,721.0,306.0,887.0,384.0
1.0,4415.0,1600.0,1041.0,0.0,1349.0,1349.0,729.0,312.0,1040.0,560.0
1.0,2815.0,1397.0,1058.0,0.0,2814.0,2814.0,738.0,320.0,915.0,482.0
1.0,1418.0,861.0,1063.0,1349.0,2346.0,2346.0,741.0,322.0,646.0,215.0
1.0,1906.0,512.0,1050.0,2814.0,0.0,0.0,735.0,315.0,471.0,41.0
1.0,4208.0,730.0,1037.0,2346.0,0.0,0.0,729.0,308.0,596.0,134.0
1.0,5824.0,1307.0,1035.0,0.0,0.0,0.0,728.0,307.0,890.0,417.0
1.0,4517.0,1719.0,1050.0,0.0,1402.0,1402.0,736.0,314.0,1101.0,618.0
1.0,2798.0,1459.0,1068.0,0.0,2933.0,2933.0,746.0,322.0,939.0,520.0
1.0,1339.0,827.0,1070.0,1402.0,2366.0,2366.0,748.0,322.0,614.0,213.0
1.0,1914.0,406.0,1056.0,2933.0,0.0,0.0,741.0,315.0,393.0,13.0
1.0,4441.0,694.0,1039.0,2366.0,0.0,0.0,732.0,307.0,576.0,118.0
1.0,6113.0,1452.0,1039.0,0.0,0.0,0.0,733.0,306.0,1007.0,445.0
1.0,4661.0,1868.0,1057.0,0.0,1435.0,1435.0,744.0,313.0,1217.0,651.0
1.0,2793.0,1537.0,1076.0,0.0,3048.0,3048.0,754.0,322.0,999.0,538.0
1.0,1256.0,798.0,1077.0,1435.0,2415.0,2415.0,754.0,323.0,583.0,215.0
1.0,1893.0,403.0,1061.0,3048.0,0.0,0.0,745.0,316.0,395.0,8.0
1.0,4538.0,673.0,1041.0,2415.0,0.0,0.0,735.0,306.0,555.0,118.0
1.0,6280.0,1373.0,1039.0,0.0,0.0,0.0,734.0,305.0,941.0,432.0
1.0,4907.0,1829.0,1057.0,0.0,1150.0,1150.0,745.0,312.0,1172.0,657.0
1.0,3078.0,1561.0,1076.0,0.0,2787.0,2787.0,755.0,321.0,1002.0,559.0
1.0,1517.0,826.0,1077.0,1150.0,2467.0,2467.0,754.0,323.0,589.0,237.0
1.0,1841.0,353.0,1058.0,2787.0,0.0,0.0,743.0,315.0,342.0,11.0
1.0,4275.0,633.0,1038.0,2467.0,0.0,0.0,732.0,306.0,515.0,118.0
1.0,6109.0,1378.0,1037.0,0.0,0.0,0.0,731.0,306.0,935.0,443.0
1.0,4731.0,1869.0,1056.0,0.0,1362.0,1362.0,742.0,314.0,1205.0,664.0
1.0,2862.0,1595.0,1076.0,0.0,3037.0,3037.0,753.0,323.0,1029.0,566.0
1.0,1267.0,795.0,1075.0,1362.0,2466.0,2466.0,752.0,323.0,561.0,234.0
1.0,1834.0,290.0,1056.0,3037.0,0.0,0.0,741.0,315.0,285.0,5.0
1.0,4581.0,590.0,1036.0,2466.0,0.0,0.0,730.0,306.0,491.0,99.0
1.0,6457.0,1371.0,1036.0,0.0,0.0,0.0,730.0,306.0,936.0,435.0
1.0,5086.0,1863.0,1056.0,0.0,1001.0,1001.0,740.0,316.0,1186.0,677.0
1.0,3223.0,1575.0,1075.0,0.0,2652.0,2652.0,750.0,325.0,1004.0,571.0
1.0,1648.0,771.0,1076.0,1001.0,2426.0,2426.0,750.0,326.0,544.0,227.0
1.0,1878.0,281.0,1057.0,2652.0,0.0,0.0,740.0,317.0,281.0,0.0
1.0,4249.0,549.0,1039.0,2426.0,0.0,0.0,730.0,309.0,476.0,73.0
1.0,6126.0,1333.0,1039.0,0.0,0.0,0.0,731.0,308.0,943.0,390.0
1.0,4793.0,1828.0,1059.0,0.0,1271.0,1271.0,742.0,317.0,1177.0,651.0
1.0,2965.0,1551.0,1081.0,0.0,2910.0,2910.0,754.0,327.0,981.0,570.0
1.0,1414.0,797.0,1083.0,1271.0,2444.0,2444.0,755.0,328.0,541.0,256.0
1.0,1888.0,313.0,1066.0,2910.0,0.0,0.0,745.0,321.0,297.0,16.0
1.0,4485.0,608.0,1047.0,2444.0,0.0,0.0,735.0,312.0,523.0,85.0
1.0,6321.0,1372.0,1048.0,0.0,0.0,0.0,737.0,311.0,980.0,392.0
1.0,4949.0,1882.0,1072.0,0.0,1221.0,1221.0,752.0,320.0,1251.0,631.0
1.0,3067.0,1600.0,1095.0,0.0,2913.0,2913.0,765.0,330.0,1027.0,573.0
1.0,1467.0,754.0,1097.0,1221.0,2454.0,2454.0,765.0,332.0,487.0,267.0
1.0,1934.0,200.0,1076.0,2913.0,0.0,0.0,751.0,325.0,199.0,1.0
1.0,4647.0,516.0,1056.0,2454.0,0.0,0.0,740.0,316.0,468.0,48.0
1.0,6585.0,1400.0,1057.0,0.0,0.0,0.0,743.0,314.0,1024.0,376.0
1.0,5185.0,1968.0,1081.0,0.0,1107.0,1107.0,759.0,322.0,1330.0,638.0
1.0,3217.0,1602.0,1105.0,0.0,2805.0,2805.0,772.0,333.0,1019.0,583.0
1.0,1615.0,709.0,1105.0,1107.0,2407.0,2407.0,770.0,335.0,451.0,258.0
1.0,2013.0,184.0,1084.0,2805.0,0.0,0.0,756.0,328.0,184.0,0.0
1.0,4634.0,533.0,1063.0,2407.0,0.0,0.0,745.0,318.0,489.0,44.0
1.0,6508.0,1421.0,1064.0,0.0,0.0,0.0,748.0,316.0,1051.0,370.0
1.0,5087.0,1960.0,1085.0,0.0,1213.0,1213.0,761.0,324.0,1310.0,650.0
1.0,3127.0,1588.0,1106.0,0.0,2885.0,2885.0,771.0,335.0,987.0,601.0
1.0,1539.0,739.0,1106.0,1213.0,2411.0,2411.0,768.0,338.0,465.0,274.0
1.0,2013.0,217.0,1085.0,2885.0,0.0,0.0,755.0,330.0,217.0,0.0
1.0,4681.0,595.0,1063.0,2411.0,0.0,0.0,744.0,319.0,530.0,65.0
1.0,6497.0,1452.0,1063.0,0.0,0.0,0.0,747.0,316.0,1069.0,383.0
1.0,5045.0,1944.0,1085.0,0.0,1239.0,1239.0,760.0,325.0,1303.0,641.0
1.0,3101.0,1652.0,1109.0,0.0,2987.0,2987.0,773.0,336.0,1045.0,607.0
1.0,1449.0,807.0,1111.0,1239.0,2563.0,2563.0,771.0,340.0,506.0,301.0
1.0,1881.0,284.0,1088.0,2987.0,0.0,0.0,757.0,331.0,256.0,28.0
1.0,4584.0,595.0,1064.0,2563.0,0.0,0.0,744.0,320.0,527.0,68.0
1.0,6552.0,1442.0,1062.0,0.0,0.0,0.0,745.0,317.0,1064.0,378.0
1.0,5110.0,1968.0,1085.0,0.0,1198.0,1198.0,759.0,326.0,1312.0,656.0
1.0,3142.0,1650.0,1109.0,0.0,2944.0,2944.0,771.0,338.0,1022.0,628.0
1.0,1492.0,793.0,1111.0,1198.0,2547.0,2547.0,770.0,341.0,492.0,301.0
1.0,1897.0,302.0,1090.0,2944.0,0.0,0.0,757.0,333.0,285.0,17.0
1.0,4539.0,655.0,1067.0,2547.0,0.0,0.0,746.0,321.0,607.0,48.0
1.0,6431.0,1512.0,1067.0,0.0,0.0,0.0,749.0,318.0,1134.0,378.0
1.0,4919.0,2017.0,1089.0,0.0,1454.0,1454.0,763.0,326.0,1339.0,678.0
1.0,2902.0,1664.0,1115.0,0.0,3222.0,3222.0,776.0,339.0,1024.0,640.0
1.0,1238.0,817.0,1118.0,1454.0,2597.0,2597.0,776.0,342.0,523.0,294.0
1.0,1875.0,323.0,1098.0,3222.0,0.0,0.0,765.0,333.0,322.0,1.0
1.0,4774.0,654.0,1074.0,2597.0,0.0,0.0,753.0,321.0,614.0,40.0
1.0,6717.0,1458.0,1072.0,0.0,0.0,0.0,754.0,318.0,1081.0,377.0
1.0,5259.0,1952.0,1094.0,0.0,1069.0,1069.0,768.0,326.0,1274.0,678.0
1.0,3307.0,1633.0,1120.0,0.0,2806.0,2806.0,782.0,338.0,995.0,638.0
1.0,1674.0,809.0,1124.0,1069.0,2562.0,2562.0,782.0,342.0,515.0,294.0
1.0,1934.0,337.0,1105.0,2806.0,17.0,17.0,771.0,334.0,337.0,0.0
1.0,4403.0,693.0,1081.0,2562.0,0.0,0.0,760.0,321.0,664.0,29.0
1.0,6272.0,1511.0,1080.0,17.0,0.0,0.0,763.0,317.0,1149.0,362.0
1.0,4778.0,1945.0,1104.0,0.0,1583.0,1583.0,778.0,326.0,1286.0,659.0
1.0,2833.0,1542.0,1128.0,0.0,3221.0,3221.0,790.0,338.0,910.0,632.0
1.0,1291.0,718.0,1131.0,1583.0,2368.0,2368.0,789.0,342.0,420.0,298.0
1.0,2156.0,322.0,1111.0,3221.0,0.0,0.0,776.0,335.0,314.0,8.0
1.0,5055.0,691.0,1089.0,2368.0,0.0,0.0,766.0,323.0,646.0,45.0
1.0,6732.0,1446.0,1087.0,0.0,0.0,0.0,768.0,319.0,1076.0,370.0
1.0,5286.0,1777.0,1107.0,0.0,919.0,919.0,780.0,327.0,1135.0,642.0
1.0,3509.0,1381.0,1127.0,0.0,2380.0,2380.0,789.0,338.0,780.0,601.0
1.0,2128.0,708.0,1129.0,919.0,2177.0,2177.0,787.0,342.0,425.0,283.0
1.0,2339.0,424.0,1110.0,2380.0,145.0,145.0,776.0,334.0,424.0,0.0
1.0,4295.0,804.0,1090.0,2177.0,0.0,0.0,767.0,323.0,748.0,56.0
1.0,5668.0,1452.0,1087.0,145.0,0.0,0.0,767.0,320.0,1067.0,385.0
1.0,4361.0,1681.0,1105.0,0.0,1740.0,1740.0,778.0,327.0,1042.0,639.0
1.0,2680.0,1313.0,1126.0,0.0,3137.0,3137.0,788.0,338.0,728.0,585.0
1.0,1367.0,700.0,1130.0,1740.0,2113.0,2113.0,787.0,343.0,413.0,287.0
1.0,2407.0,477.0,1112.0,3137.0,0.0,0.0,776.0,336.0,452.0,25.0
1.0,5067.0,862.0,1091.0,2113.0,0.0,0.0,766.0,325.0,793.0,69.0
1.0,6318.0,1484.0,1088.0,0.0,0.0,0.0,767.0,321.0,1104.0,380.0
1.0,4834.0,1709.0,1107.0,0.0,1303.0,1303.0,779.0,328.0,1061.0,648.0
1.0,3125.0,1300.0,1129.0,0.0,2691.0,2691.0,789.0,340.0,698.0,602.0
1.0,1825.0,713.0,1133.0,1303.0,2117.0,2117.0,788.0,345.0,415.0,298.0
1.0,2415.0,506.0,1115.0,2691.0,0.0,0.0,777.0,338.0,475.0,31.0
1.0,4600.0,879.0,1094.0,2117.0,0.0,0.0,767.0,327.0,804.0,75.0
1.0,5838.0,1529.0,1093.0,0.0,63.0,63.0,770.0,323.0,1138.0,391.0
1.0,4309.0,1790.0,1114.0,0.0,1937.0,1937.0,783.0,331.0,1134.0,656.0
1.0,2519.0,1417.0,1137.0,63.0,3383.0,3383.0,794.0,343.0,798.0,619.0
1.0,1165.0,789.0,1140.0,1937.0,2247.0,2247.0,793.0,347.0,480.0,309.0
1.0,2313.0,584.0,1124.0,3383.0,0.0,0.0,783.0,341.0,544.0,40.0
1.0,5112.0,926.0,1104.0,2247.0,0.0,0.0,774.0,330.0,835.0,91.0
1.0,6433.0,1514.0,1101.0,0.0,0.0,0.0,775.0,326.0,1110.0,404.0
1.0,4919.0,1780.0,1120.0,0.0,1341.0,1341.0,787.0,333.0,1119.0,661.0
1.0,3139.0,1454.0,1142.0,0.0,2883.0,2883.0,798.0,344.0,843.0,611.0
1.0,1685.0,855.0,1147.0,1341.0,2417.0,2417.0,798.0,349.0,551.0,304.0
1.0,2171.0,640.0,1132.0,2883.0,114.0,114.0,789.0,343.0,589.0,51.0
1.0,4414.0,1032.0,1114.0,2417.0,0.0,0.0,782.0,332.0,933.0,99.0
1.0,5799.0,1619.0,1114.0,114.0,162.0,162.0,786.0,328.0,1208.0,411.0
1.0,4294.0,1810.0,1133.0,0.0,2048.0,2048.0,798.0,335.0,1152.0,658.0
1.0,2484.0,1387.0,1154.0,162.0,3357.0,3357.0,808.0,346.0,778.0,609.0
1.0,1259.0,774.0,1156.0,2048.0,2091.0,2091.0,805.0,351.0,469.0,305.0
1.0,2533.0,587.0,1138.0,3357.0,0.0,0.0,794.0,344.0,548.0,39.0
1.0,5303.0,1016.0,1119.0,2091.0,0.0,0.0,786.0,333.0,935.0,81.0
1.0,6378.0,1601.0,1118.0,0.0,0.0,0.0,790.0,328.0,1218.0,383.0
1.0,4777.0,1790.0,1137.0,0.0,1561.0,1561.0,802.0,335.0,1142.0,648.0
1.0,2987.0,1387.0,1157.0,0.0,3028.0,3028.0,810.0,347.0,761.0,626.0
1.0,1600.0,792.0,1159.0,1561.0,2267.0,2267.0,807.0,352.0,458.0,334.0
1.0,2369.0,601.0,1143.0,3028.0,0.0,0.0,797.0,346.0,545.0,56.0
1.0,4796.0,976.0,1124.0,2267.0,0.0,0.0,790.0,334.0,913.0,63.0
1.0,6087.0,1516.0,1122.0,0.0,0.0,0.0,793.0,329.0,1159.0,357.0
1.0,4571.0,1649.0,1138.0,0.0,1630.0,1630.0,803.0,335.0,1020.0,629.0
1.0,2922.0,1252.0,1156.0,0.0,2954.0,2954.0,809.0,347.0,643.0,609.0
1.0,1670.0,735.0,1157.0,1630.0,2063.0,2063.0,804.0,353.0,411.0,324.0
1.0,2565.0,587.0,1139.0,2954.0,0.0,0.0,792.0,347.0,547.0,40.0
1.0,4932.0,961.0,1120.0,2063.0,0.0,0.0,785.0,335.0,908.0,53.0
1.0,6034.0,1503.0,1120.0,0.0,0.0,0.0,790.0,330.0,1147.0,356.0
1.0,4531.0,1661.0,1137.0,0.0,1678.0,1678.0,801.0,336.0,1014.0,647.0
1.0,2870.0,1272.0,1155.0,0.0,3022.0,3022.0,807.0,348.0,647.0,625.0
1.0,1598.0,718.0,1156.0,1678.0,2066.0,2066.0,803.0,353.0,403.0,315.0
1.0,2558.0,563.0,1140.0,3022.0,0.0,0.0,793.0,347.0,552.0,11.0
1.0,5017.0,906.0,1123.0,2066.0,0.0,0.0,788.0,335.0,881.0,25.0
1.0,6177.0,1448.0,1124.0,0.0,0.0,0.0,794.0,330.0,1113.0,335.0
1.0,4729.0,1648.0,1141.0,0.0,1483.0,1483.0,805.0,336.0,1010.0,638.0
1.0,3081.0,1321.0,1159.0,0.0,2876.0,2876.0,810.0,349.0,689.0,632.0
1.0,1760.0,825.0,1160.0,1483.0,2222.0,2222.0,806.0,354.0,494.0,331.0
1.0,2418.0,634.0,1144.0,2876.0,0.0,0.0,797.0,347.0,606.0,28.0
1.0,4660.0,927.0,1129.0,2222.0,0.0,0.0,794.0,335.0,905.0,22.0
1.0,5955.0,1408.0,1131.0,0.0,0.0,0.0,801.0,330.0,1083.0,325.0
1.0,4547.0,1619.0,1149.0,0.0,1668.0,1668.0,812.0,337.0,984.0,635.0
1.0,2928.0,1316.0,1164.0,0.0,3044.0,3044.0,816.0,348.0,687.0,629.0
1.0,1612.0,816.0,1164.0,1668.0,2192.0,2192.0,811.0,353.0,496.0,320.0
1.0,2464.0,670.0,1149.0,3044.0,0.0,0.0,802.0,347.0,635.0,35.0
1.0,4838.0,1003.0,1135.0,2192.0,0.0,0.0,800.0,335.0,953.0,50.0
1.0,6027.0,1496.0,1138.0,0.0,21.0,21.0,808.0,330.0,1142.0,354.0
1.0,4531.0,1642.0,1156.0,0.0,1735.0,1735.0,819.0,337.0,1001.0,641.0
1.0,2889.0,1319.0,1172.0,21.0,3097.0,3097.0,823.0,349.0,662.0,657.0
1.0,1591.0,801.0,1170.0,1735.0,2155.0,2155.0,816.0,354.0,444.0,357.0
1.0,2525.0,647.0,1154.0,3097.0,0.0,0.0,806.0,348.0,608.0,39.0
1.0,4975.0,1034.0,1139.0,2155.0,0.0,0.0,803.0,336.0,997.0,37.0
1.0,6096.0,1563.0,1142.0,0.0,35.0,35.0,811.0,331.0,1211.0,352.0
1.0,4533.0,1682.0,1159.0,0.0,1785.0,1785.0,822.0,337.0,1017.0,665.0
1.0,2851.0,1291.0,1173.0,35.0,3097.0,3097.0,823.0,350.0,618.0,673.0
1.0,1595.0,802.0,1170.0,1785.0,2102.0,2102.0,815.0,355.0,428.0,374.0
1.0,2578.0,689.0,1155.0,3097.0,0.0,0.0,806.0,349.0,611.0,78.0
1.0,4986.0,1084.0,1141.0,2102.0,0.0,0.0,803.0,338.0,1008.0,76.0
1.0,6004.0,1599.0,1144.0,0.0,171.0,171.0,811.0,333.0,1232.0,367.0
1.0,4405.0,1708.0,1161.0,0.0,1947.0,1947.0,821.0,340.0,1052.0,656.0
1.0,2697.0,1298.0,1173.0,171.0,3122.0,3122.0,821.0,352.0,625.0,673.0
1.0,1570.0,778.0,1168.0,1947.0,1933.0,1933.0,811.0,357.0,397.0,381.0
1.0,2739.0,656.0,1149.0,3122.0,0.0,0.0,799.0,350.0,590.0,66.0
1.0,5205.0,1066.0,1135.0,1933.0,0.0,0.0,796.0,339.0,1002.0,64.0
1.0,6072.0,1591.0,1139.0,0.0,75.0,75.0,805.0,334.0,1221.0,370.0
1.0,4481.0,1738.0,1158.0,0.0,1889.0,1889.0,816.0,342.0,1055.0,683.0
1.0,2743.0,1340.0,1172.0,75.0,3210.0,3210.0,818.0,354.0,661.0,679.0
1.0,1478.0,843.0,1168.0,1889.0,2148.0,2148.0,809.0,359.0,482.0,361.0
1.0,2524.0,723.0,1152.0,3210.0,0.0,0.0,799.0,353.0,672.0,51.0
1.0,5011.0,1096.0,1139.0,2148.0,0.0,0.0,797.0,342.0,1035.0,61.0
1.0,6063.0,1599.0,1142.0,0.0,104.0,104.0,805.0,337.0,1211.0,388.0
1.0,4464.0,1709.0,1160.0,0.0,1885.0,1885.0,816.0,344.0,1009.0,700.0
1.0,2755.0,1340.0,1174.0,104.0,3177.0,3177.0,818.0,356.0,662.0,678.0
1.0,1519.0,851.0,1172.0,1885.0,2135.0,2135.0,811.0,361.0,513.0,338.0
1.0,2553.0,738.0,1157.0,3177.0,0.0,0.0,802.0,355.0,715.0,23.0
1.0,4992.0,1121.0,1147.0,2135.0,0.0,0.0,803.0,344.0,1063.0,58.0
1.0,6006.0,1567.0,1153.0,0.0,173.0,173.0,813.0,340.0,1167.0,400.0
1.0,4439.0,1645.0,1171.0,0.0,1890.0,1890.0,824.0,347.0,966.0,679.0
1.0,2794.0,1266.0,1183.0,173.0,3031.0,3031.0,825.0,358.0,638.0,628.0
1.0,1701.0,832.0,1181.0,1890.0,1965.0,1965.0,818.0,363.0,527.0,305.0
1.0,2759.0,785.0,1167.0,3031.0,0.0,0.0,810.0,357.0,746.0,39.0
1.0,5005.0,1120.0,1157.0,1965.0,0.0,0.0,811.0,346.0,1051.0,69.0
1.0,5850.0,1492.0,1161.0,0.0,286.0,286.0,820.0,341.0,1117.0,375.0
1.0,4358.0,1568.0,1178.0,0.0,1922.0,1922.0,830.0,348.0,903.0,665.0
1.0,2790.0,1274.0,1191.0,286.0,2962.0,2962.0,832.0,359.0,651.0,623.0
1.0,1802.0,845.0,1190.0,1922.0,1881.0,1881.0,825.0,365.0,547.0,298.0
1.0,2879.0,734.0,1176.0,2962.0,0.0,0.0,818.0,358.0,722.0,12.0
1.0,5107.0,1031.0,1164.0,1881.0,0.0,0.0,817.0,347.0,984.0,47.0
1.0,5957.0,1465.0,1167.0,0.0,176.0,176.0,825.0,342.0,1088.0,377.0
1.0,4492.0,1565.0,1181.0,0.0,1797.0,1797.0,833.0,348.0,907.0,658.0
1.0,2927.0,1226.0,1193.0,176.0,2895.0,2895.0,833.0,360.0,593.0,633.0
1.0,1877.0,769.0,1190.0,1797.0,1855.0,1855.0,824.0,366.0,443.0,326.0
1.0,2905.0,714.0,1176.0,2895.0,0.0,0.0,816.0,360.0,675.0,39.0
1.0,5086.0,1077.0,1166.0,1855.0,0.0,0.0,817.0,349.0,1024.0,53.0
1.0,5864.0,1479.0,1169.0,0.0,291.0,291.0,825.0,344.0,1129.0,350.0
1.0,4385.0,1514.0,1183.0,0.0,1861.0,1861.0,833.0,350.0,891.0,623.0
1.0,2871.0,1166.0,1192.0,291.0,2772.0,2772.0,831.0,361.0,549.0,617.0
1.0,1996.0,772.0,1187.0,1861.0,1663.0,1663.0,821.0,366.0,436.0,336.0
1.0,3085.0,742.0,1173.0,2772.0,0.0,0.0,812.0,361.0,674.0,68.0
1.0,5115.0,1124.0,1163.0,1663.0,0.0,0.0,813.0,350.0,1049.0,75.0
1.0,5654.0,1508.0,1167.0,0.0,522.0,522.0,823.0,344.0,1157.0,351.0
1.0,4146.0,1568.0,1181.0,0.0,2146.0,2146.0,832.0,349.0,940.0,628.0
1.0,2578.0,1206.0,1193.0,522.0,2878.0,2878.0,832.0,361.0,579.0,627.0
1.0,1894.0,815.0,1188.0,2146.0,1527.0,1527.0,821.0,367.0,464.0,351.0
1.0,3225.0,830.0,1174.0,2878.0,0.0,0.0,812.0,362.0,742.0,88.0
1.0,5273.0,1194.0,1165.0,1527.0,0.0,0.0,814.0,351.0,1093.0,101.0
1.0,5606.0,1570.0,1170.0,0.0,644.0,644.0,825.0,345.0,1195.0,375.0
1.0,4036.0,1613.0,1185.0,0.0,2317.0,2317.0,835.0,350.0,966.0,647.0
1.0,2423.0,1301.0,1197.0,644.0,3022.0,3022.0,836.0,361.0,655.0,646.0
1.0,1766.0,911.0,1194.0,2317.0,1604.0,1604.0,827.0,367.0,541.0,370.0
1.0,3172.0,891.0,1181.0,3022.0,0.0,0.0,819.0,362.0,789.0,102.0
1.0,5303.0,1185.0,1170.0,1604.0,0.0,0.0,819.0,351.0,1093.0,92.0
1.0,5722.0,1568.0,1175.0,0.0,546.0,546.0,830.0,345.0,1198.0,370.0
1.0,4154.0,1661.0,1193.0,0.0,2279.0,2279.0,842.0,351.0,983.0,678.0
1.0,2493.0,1366.0,1206.0,546.0,3151.0,3151.0,843.0,363.0,683.0,683.0
1.0,1673.0,998.0,1205.0,2279.0,1866.0,1866.0,836.0,369.0,617.0,381.0
1.0,2954.0,922.0,1191.0,3151.0,0.0,0.0,828.0,363.0,832.0,90.0
1.0,5183.0,1231.0,1182.0,1866.0,0.0,0.0,830.0,352.0,1138.0,93.0
1.0,5818.0,1600.0,1187.0,0.0,530.0,530.0,841.0,346.0,1219.0,381.0
1.0,4218.0,1668.0,1203.0,0.0,2262.0,2262.0,851.0,352.0,996.0,672.0
1.0,2550.0,1370.0,1215.0,530.0,3150.0,3150.0,851.0,364.0,687.0,683.0
1.0,1710.0,933.0,1213.0,2262.0,1813.0,1813.0,842.0,371.0,547.0,386.0
1.0,3039.0,870.0,1198.0,3150.0,0.0,0.0,833.0,365.0,784.0,86.0
1.0,5319.0,1171.0,1188.0,1813.0,0.0,0.0,835.0,353.0,1094.0,77.0
1.0,5961.0,1569.0,1192.0,0.0,376.0,376.0,845.0,347.0,1193.0,376.0
1.0,4392.0,1667.0,1208.0,0.0,2107.0,2107.0,854.0,354.0,977.0,690.0
1.0,2725.0,1312.0,1219.0,376.0,3087.0,3087.0,852.0,367.0,620.0,692.0
1.0,1789.0,879.0,1214.0,2107.0,1839.0,1839.0,841.0,373.0,498.0,381.0
1.0,3017.0,805.0,1200.0,3087.0,0.0,0.0,833.0,367.0,728.0,77.0
1.0,5299.0,1128.0,1190.0,1839.0,0.0,0.0,835.0,355.0,1057.0,71.0
1.0,6010.0,1562.0,1195.0,0.0,332.0,332.0,845.0,350.0,1176.0,386.0
1.0,4448.0,1628.0,1210.0,0.0,2020.0,2020.0,853.0,357.0,955.0,673.0
1.0,2820.0,1255.0,1220.0,332.0,2983.0,2983.0,851.0,369.0,608.0,647.0
1.0,1897.0,827.0,1214.0,2020.0,1766.0,1766.0,840.0,374.0,482.0,345.0
1.0,3090.0,727.0,1199.0,2983.0,0.0,0.0,831.0,368.0,668.0,59.0
1.0,5346.0,1099.0,1190.0,1766.0,0.0,0.0,833.0,357.0,1009.0,90.0
1.0,6013.0,1520.0,1195.0,0.0,287.0,287.0,842.0,353.0,1129.0,391.0
1.0,4493.0,1593.0,1210.0,0.0,1940.0,1940.0,850.0,360.0,922.0,671.0
1.0,2900.0,1243.0,1219.0,287.0,2932.0,2932.0,847.0,372.0,593.0,650.0
1.0,1944.0,785.0,1215.0,1940.0,1761.0,1761.0,837.0,378.0,452.0,333.0
1.0,3099.0,716.0,1200.0,2932.0,0.0,0.0,829.0,371.0,682.0,34.0
1.0,5315.0,1139.0,1192.0,1761.0,0.0,0.0,832.0,360.0,1074.0,65.0
1.0,5937.0,1584.0,1199.0,0.0,443.0,443.0,844.0,355.0,1204.0,380.0
1.0,4353.0,1634.0,1216.0,0.0,2145.0,2145.0,854.0,362.0,965.0,669.0
1.0,2719.0,1208.0,1225.0,443.0,2946.0,2946.0,852.0,373.0,569.0,639.0
1.0,1954.0,773.0,1219.0,2145.0,1550.0,1550.0,841.0,378.0,442.0,331.0
1.0,3326.0,777.0,1205.0,2946.0,0.0,0.0,833.0,372.0,742.0,35.0
1.0,5495.0,1187.0,1199.0,1550.0,0.0,0.0,838.0,361.0,1150.0,37.0
1.0,5858.0,1592.0,1207.0,0.0,562.0,562.0,851.0,356.0,1231.0,361.0
1.0,4266.0,1613.0,1224.0,0.0,2243.0,2243.0,861.0,363.0,936.0,677.0
1.0,2653.0,1243.0,1234.0,562.0,2964.0,2964.0,859.0,375.0,556.0,687.0
1.0,1972.0,845.0,1228.0,2243.0,1542.0,1542.0,848.0,380.0,476.0,369.0
1.0,3370.0,869.0,1215.0,2964.0,0.0,0.0,841.0,374.0,827.0,42.0
1.0,5465.0,1233.0,1210.0,1542.0,0.0,0.0,847.0,363.0,1213.0,20.0
1.0,5774.0,1583.0,1217.0,0.0,677.0,677.0,860.0,357.0,1244.0,339.0
1.0,4191.0,1594.0,1231.0,0.0,2327.0,2327.0,868.0,363.0,922.0,672.0
1.0,2597.0,1244.0,1240.0,677.0,2930.0,2930.0,865.0,375.0,546.0,698.0
1.0,2030.0,868.0,1233.0,2327.0,1443.0,1443.0,853.0,380.0,489.0,379.0
1.0,3489.0,848.0,1219.0,2930.0,0.0,0.0,845.0,374.0,792.0,56.0
1.0,5571.0,1201.0,1211.0,1443.0,0.0,0.0,849.0,362.0,1167.0,34.0
1.0,5813.0,1596.0,1218.0,0.0,655.0,655.0,861.0,357.0,1256.0,340.0
1.0,4217.0,1650.0,1231.0,0.0,2357.0,2357.0,869.0,362.0,973.0,677.0
1.0,2567.0,1311.0,1240.0,655.0,3049.0,3049.0,866.0,374.0,614.0,697.0
1.0,1911.0,935.0,1235.0,2357.0,1607.0,1607.0,855.0,380.0,541.0,394.0
1.0,3333.0,931.0,1222.0,3049.0,0.0,0.0,848.0,374.0,850.0,81.0
1.0,5451.0,1272.0,1215.0,1607.0,0.0,0.0,853.0,362.0,1210.0,62.0
1.0,5786.0,1614.0,1219.0,0.0,704.0,704.0,863.0,356.0,1247.0,367.0
1.0,4172.0,1613.0,1232.0,0.0,2369.0,2369.0,870.0,362.0,933.0,680.0
1.0,2559.0,1307.0,1238.0,704.0,2996.0,2996.0,865.0,373.0,621.0,686.0
1.0,1956.0,959.0,1234.0,2369.0,1570.0,1570.0,855.0,379.0,576.0,383.0
1.0,3366.0,942.0,1221.0,2996.0,0.0,0.0,848.0,373.0,861.0,81.0
1.0,5420.0,1287.0,1214.0,1570.0,0.0,0.0,852.0,362.0,1200.0,87.0
1.0,5703.0,1595.0,1218.0,0.0,764.0,764.0,862.0,356.0,1215.0,380.0
1.0,4108.0,1598.0,1231.0,0.0,2414.0,2414.0,869.0,362.0,918.0,680.0
1.0,2510.0,1280.0,1238.0,764.0,2958.0,2958.0,865.0,373.0,596.0,684.0
1.0,1994.0,937.0,1234.0,2414.0,1465.0,1465.0,855.0,379.0,555.0,382.0
1.0,3471.0,947.0,1222.0,2958.0,0.0,0.0,849.0,373.0,872.0,75.0
1.0,5482.0,1264.0,1215.0,1465.0,0.0,0.0,853.0,362.0,1185.0,79.0
1.0,5683.0,1564.0,1220.0,0.0,761.0,761.0,864.0,356.0,1189.0,375.0
1.0,4119.0,1565.0,1232.0,0.0,2374.0,2374.0,871.0,361.0,885.0,680.0
1.0,2554.0,1249.0,1241.0,761.0,2898.0,2898.0,868.0,373.0,554.0,695.0
1.0,2066.0,966.0,1238.0,2374.0,1478.0,1478.0,859.0,379.0,572.0,394.0
1.0,3474.0,969.0,1226.0,2898.0,0.0,0.0,853.0,373.0,896.0,73.0
1.0,5403.0,1253.0,1219.0,1478.0,0.0,0.0,857.0,362.0,1180.0,73.0
1.0,5628.0,1541.0,1225.0,0.0,813.0,813.0,868.0,357.0,1155.0,386.0
1.0,4087.0,1529.0,1238.0,0.0,2394.0,2394.0,875.0,363.0,840.0,689.0
1.0,2558.0,1272.0,1248.0,813.0,2893.0,2893.0,873.0,375.0,593.0,679.0
1.0,2099.0,1005.0,1247.0,2394.0,1500.0,1500.0,866.0,381.0,641.0,364.0
1.0,3488.0,1020.0,1237.0,2893.0,0.0,0.0,863.0,374.0,953.0,67.0
1.0,5361.0,1260.0,1231.0,1500.0,0.0,0.0,868.0,363.0,1188.0,72.0
1.0,5601.0,1506.0,1236.0,0.0,849.0,849.0,878.0,358.0,1122.0,384.0
1.0,4095.0,1468.0,1249.0,0.0,2369.0,2369.0,885.0,364.0,788.0,680.0
1.0,2627.0,1239.0,1259.0,849.0,2799.0,2799.0,882.0,377.0,548.0,691.0
1.0,2237.0,995.0,1256.0,2369.0,1413.0,1413.0,873.0,383.0,618.0,377.0
1.0,3611.0,997.0,1245.0,2799.0,0.0,0.0,868.0,377.0,947.0,50.0
1.0,5413.0,1237.0,1238.0,1413.0,0.0,0.0,873.0,365.0,1188.0,49.0
1.0,5589.0,1443.0,1242.0,0.0,822.0,822.0,883.0,359.0,1085.0,358.0
1.0,4146.0,1455.0,1255.0,0.0,2329.0,2329.0,889.0,366.0,783.0,672.0
1.0,2691.0,1235.0,1264.0,822.0,2778.0,2778.0,885.0,379.0,542.0,693.0
1.0,2278.0,1039.0,1261.0,2329.0,1476.0,1476.0,876.0,385.0,654.0,385.0
1.0,3568.0,1054.0,1251.0,2778.0,0.0,0.0,871.0,380.0,970.0,84.0
1.0,5292.0,1240.0,1243.0,1476.0,0.0,0.0,875.0,368.0,1171.0,69.0
1.0,5528.0,1421.0,1247.0,0.0,881.0,881.0,885.0,362.0,1068.0,353.0
1.0,4107.0,1433.0,1258.0,0.0,2358.0,2358.0,891.0,367.0,771.0,662.0
1.0,2674.0,1253.0,1266.0,881.0,2762.0,2762.0,886.0,380.0,566.0,687.0
1.0,2302.0,1060.0,1262.0,2358.0,1448.0,1448.0,875.0,387.0,658.0,402.0
1.0,3600.0,1075.0,1253.0,2762.0,0.0,0.0,870.0,383.0,965.0,110.0
1.0,5287.0,1253.0,1246.0,1448.0,0.0,0.0,874.0,372.0,1164.0,89.0
1.0,5482.0,1419.0,1249.0,0.0,933.0,933.0,884.0,365.0,1049.0,370.0
1.0,4063.0,1457.0,1261.0,0.0,2438.0,2438.0,890.0,371.0,792.0,665.0
1.0,2606.0,1328.0,1270.0,933.0,2869.0,2869.0,887.0,383.0,638.0,690.0
1.0,2211.0,1168.0,1270.0,2438.0,1599.0,1599.0,879.0,391.0,736.0,432.0
1.0,3481.0,1090.0,1260.0,2869.0,0.0,0.0,873.0,387.0,961.0,129.0
1.0,5260.0,1236.0,1251.0,1599.0,0.0,0.0,876.0,375.0,1150.0,86.0
1.0,5623.0,1448.0,1255.0,0.0,845.0,845.0,886.0,369.0,1097.0,351.0
1.0,4175.0,1491.0,1265.0,0.0,2376.0,2376.0,891.0,374.0,833.0,658.0
1.0,2684.0,1328.0,1272.0,845.0,2887.0,2887.0,887.0,385.0,644.0,684.0
1.0,2201.0,1163.0,1271.0,2376.0,1670.0,1670.0,879.0,392.0,751.0,412.0
1.0,3414.0,1148.0,1262.0,2887.0,0.0,0.0,875.0,387.0,1044.0,104.0
1.0,5153.0,1344.0,1257.0,1670.0,0.0,0.0,881.0,376.0,1249.0,95.0
1.0,5479.0,1464.0,1260.0,0.0,1025.0,1025.0,890.0,370.0,1079.0,385.0
1.0,4015.0,1472.0,1270.0,0.0,2537.0,2537.0,894.0,376.0,793.0,679.0
1.0,2543.0,1348.0,1277.0,1025.0,2888.0,2888.0,890.0,387.0,649.0,699.0
1.0,2220.0,1221.0,1276.0,2537.0,1568.0,1568.0,882.0,394.0,810.0,411.0
1.0,3536.0,1214.0,1269.0,2888.0,0.0,0.0,880.0,389.0,1102.0,112.0
1.0,5210.0,1332.0,1263.0,1568.0,0.0,0.0,886.0,377.0,1249.0,83.0
1.0,5446.0,1456.0,1267.0,0.0,1078.0,1078.0,896.0,371.0,1106.0,350.0
1.0,3990.0,1474.0,1277.0,0.0,2592.0,2592.0,901.0,376.0,824.0,650.0
1.0,2516.0,1346.0,1285.0,1078.0,2892.0,2892.0,897.0,388.0,659.0,687.0
1.0,2248.0,1206.0,1284.0,2592.0,1502.0,1502.0,890.0,394.0,788.0,418.0
1.0,3634.0,1183.0,1276.0,2892.0,0.0,0.0,887.0,389.0,1069.0,114.0
1.0,5343.0,1288.0,1271.0,1502.0,0.0,0.0,893.0,378.0,1197.0,91.0
1.0,5557.0,1408.0,1274.0,0.0,947.0,947.0,903.0,371.0,1052.0,356.0
1.0,4149.0,1459.0,1283.0,0.0,2442.0,2442.0,907.0,376.0,794.0,665.0
1.0,2690.0,1301.0,1290.0,947.0,2824.0,2824.0,902.0,388.0,611.0,690.0
1.0,2336.0,1162.0,1288.0,2442.0,1536.0,1536.0,893.0,395.0,747.0,415.0
1.0,3616.0,1127.0,1280.0,2824.0,0.0,0.0,891.0,389.0,1024.0,103.0
1.0,5313.0,1224.0,1274.0,1536.0,0.0,0.0,897.0,377.0,1185.0,39.0
1.0,5625.0,1350.0,1276.0,0.0,829.0,829.0,906.0,370.0,1040.0,310.0
1.0,4275.0,1325.0,1282.0,0.0,2178.0,2178.0,907.0,375.0,699.0,626.0
1.0,2950.0,1178.0,1285.0,829.0,2539.0,2539.0,898.0,387.0,496.0,682.0
1.0,2601.0,1085.0,1282.0,2178.0,1434.0,1434.0,888.0,394.0,654.0,431.0
1.0,3694.0,1111.0,1274.0,2539.0,0.0,0.0,885.0,389.0,987.0,124.0
1.0,5122.0,1280.0,1271.0,1434.0,0.0,0.0,894.0,377.0,1207.0,73.0
1.0,5276.0,1380.0,1273.0,0.0,1196.0,1196.0,903.0,370.0,1045.0,335.0
1.0,3896.0,1293.0,1279.0,0.0,2513.0,2513.0,904.0,375.0,658.0,635.0
1.0,2603.0,1143.0,1282.0,1196.0,2472.0,2472.0,895.0,387.0,481.0,662.0
1.0,2656.0,1083.0,1279.0,2513.0,1030.0,1030.0,885.0,394.0,673.0,410.0
1.0,4086.0,1158.0,1273.0,2472.0,0.0,0.0,884.0,389.0,1030.0,128.0
1.0,5400.0,1293.0,1270.0,1030.0,0.0,0.0,892.0,378.0,1202.0,91.0
1.0,5137.0,1378.0,1272.0,0.0,1329.0,1329.0,901.0,371.0,1034.0,344.0
1.0,3759.0,1339.0,1278.0,0.0,2692.0,2692.0,902.0,376.0,699.0,640.0
1.0,2420.0,1211.0,1282.0,1329.0,2590.0,2590.0,894.0,388.0,532.0,679.0
1.0,2538.0,1078.0,1278.0,2692.0,960.0,960.0,884.0,394.0,667.0,411.0
1.0,4152.0,1127.0,1273.0,2590.0,0.0,0.0,883.0,390.0,1006.0,121.0
1.0,5615.0,1317.0,1270.0,960.0,0.0,0.0,891.0,379.0,1207.0,110.0
1.0,5258.0,1493.0,1276.0,0.0,1339.0,1339.0,902.0,374.0,1099.0,394.0
1.0,3765.0,1493.0,1284.0,0.0,2864.0,2864.0,905.0,379.0,808.0,685.0
1.0,2272.0,1310.0,1288.0,1339.0,2851.0,2851.0,898.0,390.0,625.0,685.0
1.0,2301.0,1100.0,1285.0,2864.0,1075.0,1075.0,890.0,395.0,738.0,362.0
1.0,4065.0,1116.0,1280.0,2851.0,0.0,0.0,890.0,390.0,1039.0,77.0
1.0,5800.0,1312.0,1276.0,1075.0,0.0,0.0,897.0,379.0,1199.0,113.0
1.0,5563.0,1559.0,1281.0,0.0,1120.0,1120.0,907.0,374.0,1115.0,444.0
1.0,4004.0,1623.0,1289.0,0.0,2775.0,2775.0,909.0,380.0,880.0,743.0
1.0,2381.0,1435.0,1297.0,1120.0,3122.0,3122.0,905.0,392.0,727.0,708.0
1.0,2066.0,1177.0,1295.0,2775.0,1516.0,1516.0,898.0,397.0,804.0,373.0
1.0,3664.0,1098.0,1289.0,3122.0,0.0,0.0,897.0,392.0,1018.0,80.0
1.0,5688.0,1283.0,1284.0,1516.0,0.0,0.0,903.0,381.0,1166.0,117.0
1.0,5921.0,1550.0,1289.0,0.0,785.0,785.0,912.0,377.0,1104.0,446.0
1.0,4371.0,1607.0,1297.0,0.0,2424.0,2424.0,914.0,383.0,880.0,727.0
1.0,2764.0,1448.0,1303.0,785.0,3111.0,3111.0,909.0,394.0,762.0,686.0
1.0,2101.0,1226.0,1301.0,2424.0,1905.0,1905.0,901.0,400.0,846.0,380.0
1.0,3299.0,1187.0,1295.0,3111.0,0.0,0.0,901.0,394.0,1076.0,111.0
1.0,5223.0,1351.0,1293.0,1905.0,0.0,0.0,909.0,384.0,1200.0,151.0
1.0,5777.0,1535.0,1296.0,0.0,942.0,942.0,917.0,379.0,1080.0,455.0
1.0,4242.0,1544.0,1303.0,0.0,2514.0,2514.0,917.0,386.0,814.0,730.0
1.0,2698.0,1370.0,1306.0,942.0,2954.0,2954.0,909.0,397.0,676.0,694.0
1.0,2270.0,1151.0,1302.0,2514.0,1575.0,1575.0,900.0,402.0,794.0,357.0
1.0,3633.0,1101.0,1296.0,2954.0,0.0,0.0,899.0,397.0,1033.0,68.0
1.0,5486.0,1277.0,1291.0,1575.0,0.0,0.0,905.0,386.0,1155.0,122.0
1.0,5784.0,1522.0,1295.0,0.0,918.0,918.0,913.0,382.0,1051.0,471.0
1.0,4262.0,1544.0,1302.0,0.0,2490.0,2490.0,913.0,389.0,790.0,754.0
1.0,2718.0,1338.0,1305.0,918.0,2922.0,2922.0,905.0,400.0,656.0,682.0
1.0,2298.0,1091.0,1301.0,2490.0,1507.0,1507.0,897.0,404.0,759.0,332.0
1.0,3697.0,1087.0,1294.0,2922.0,0.0,0.0,896.0,398.0,1040.0,47.0
1.0,5532.0,1301.0,1292.0,1507.0,0.0,0.0,904.0,388.0,1195.0,106.0
1.0,5738.0,1503.0,1296.0,0.0,949.0,949.0,913.0,383.0,1060.0,443.0
1.0,4235.0,1508.0,1302.0,0.0,2481.0,2481.0,913.0,389.0,780.0,728.0
1.0,2727.0,1317.0,1306.0,949.0,2865.0,2865.0,906.0,400.0,623.0,694.0
1.0,2359.0,1085.0,1303.0,2481.0,1457.0,1457.0,897.0,406.0,729.0,356.0
1.0,3755.0,1049.0,1297.0,2865.0,0.0,0.0,896.0,401.0,1004.0,45.0
1.0,5571.0,1314.0,1297.0,1457.0,0.0,0.0,906.0,391.0,1220.0,94.0
1.0,5714.0,1578.0,1305.0,0.0,1084.0,1084.0,919.0,386.0,1136.0,442.0
1.0,4136.0,1568.0,1314.0,0.0,2688.0,2688.0,922.0,392.0,854.0,714.0
1.0,2568.0,1336.0,1318.0,1084.0,2956.0,2956.0,916.0,402.0,681.0,655.0
1.0,2316.0,1044.0,1314.0,2688.0,1296.0,1296.0,908.0,406.0,744.0,300.0
1.0,3960.0,998.0,1306.0,2956.0,0.0,0.0,906.0,400.0,978.0,20.0
1.0,5918.0,1268.0,1306.0,1296.0,0.0,0.0,916.0,390.0,1175.0,93.0
1.0,5946.0,1556.0,1314.0,0.0,866.0,866.0,928.0,386.0,1115.0,441.0
1.0,4390.0,1578.0,1324.0,0.0,2484.0,2484.0,932.0,392.0,840.0,738.0
1.0,2812.0,1301.0,1327.0,866.0,2931.0,2931.0,924.0,403.0,620.0,681.0
1.0,2377.0,1004.0,1321.0,2484.0,1427.0,1427.0,914.0,407.0,687.0,317.0
1.0,3857.0,1000.0,1314.0,2931.0,0.0,0.0,913.0,401.0,992.0,8.0
1.0,5788.0,1291.0,1313.0,1427.0,0.0,0.0,923.0,390.0,1220.0,71.0
1.0,5924.0,1574.0,1320.0,0.0,930.0,930.0,935.0,385.0,1138.0,436.0
1.0,4350.0,1566.0,1329.0,0.0,2532.0,2532.0,938.0,391.0,821.0,745.0
1.0,2784.0,1286.0,1332.0,930.0,2900.0,2900.0,930.0,402.0,588.0,698.0
1.0,2428.0,1031.0,1327.0,2532.0,1379.0,1379.0,920.0,407.0,690.0,341.0
1.0,3929.0,1022.0,1318.0,2900.0,0.0,0.0,918.0,400.0,989.0,33.0
1.0,5807.0,1299.0,1314.0,1379.0,0.0,0.0,925.0,389.0,1208.0,91.0
1.0,5887.0,1620.0,1320.0,0.0,1013.0,1013.0,936.0,384.0,1184.0,436.0
1.0,4267.0,1672.0,1331.0,0.0,2729.0,2729.0,940.0,391.0,922.0,750.0
1.0,2595.0,1405.0,1336.0,1013.0,3141.0,3141.0,933.0,403.0,692.0,713.0
1.0,2203.0,1029.0,1331.0,2729.0,1421.0,1421.0,923.0,408.0,662.0,367.0
1.0,3903.0,946.0,1319.0,3141.0,0.0,0.0,918.0,401.0,899.0,47.0
1.0,6098.0,1256.0,1312.0,1421.0,0.0,0.0,924.0,388.0,1178.0,78.0
1.0,6263.0,1657.0,1317.0,0.0,662.0,662.0,934.0,383.0,1216.0,441.0
1.0,4606.0,1794.0,1328.0,0.0,2500.0,2500.0,937.0,391.0,997.0,797.0
1.0,2812.0,1492.0,1336.0,662.0,3362.0,3362.0,932.0,404.0,732.0,760.0
1.0,1982.0,1071.0,1332.0,2500.0,1917.0,1917.0,923.0,409.0,694.0,377.0
1.0,3411.0,1008.0,1322.0,3362.0,0.0,0.0,920.0,402.0,941.0,67.0
1.0,5765.0,1296.0,1315.0,1917.0,0.0,0.0,925.0,390.0,1177.0,119.0
1.0,6386.0,1677.0,1320.0,0.0,571.0,571.0,934.0,386.0,1196.0,481.0
1.0,4709.0,1750.0,1330.0,0.0,2361.0,2361.0,936.0,394.0,965.0,785.0
1.0,2959.0,1496.0,1336.0,571.0,3310.0,3310.0,930.0,406.0,748.0,748.0
1.0,2034.0,1167.0,1332.0,2361.0,2100.0,2100.0,921.0,411.0,776.0,391.0
1.0,3228.0,1079.0,1323.0,3310.0,0.0,0.0,920.0,403.0,1006.0,73.0
1.0,5459.0,1294.0,1319.0,2100.0,0.0,0.0,927.0,392.0,1178.0,116.0
1.0,6265.0,1593.0,1323.0,0.0,620.0,620.0,936.0,387.0,1128.0,465.0
1.0,4672.0,1714.0,1333.0,0.0,2374.0,2374.0,938.0,395.0,936.0,778.0
1.0,2958.0,1515.0,1342.0,620.0,3305.0,3305.0,934.0,408.0,785.0,730.0
1.0,2063.0,1257.0,1341.0,2374.0,2184.0,2184.0,928.0,413.0,867.0,390.0
1.0,3180.0,1126.0,1333.0,3305.0,0.0,0.0,928.0,405.0,1062.0,64.0
1.0,5359.0,1315.0,1330.0,2184.0,0.0,0.0,937.0,393.0,1220.0,95.0
1.0,6228.0,1584.0,1334.0,0.0,692.0,692.0,946.0,388.0,1141.0,443.0
1.0,4644.0,1656.0,1344.0,0.0,2388.0,2388.0,948.0,396.0,890.0,766.0
1.0,2988.0,1513.0,1353.0,692.0,3245.0,3245.0,943.0,410.0,766.0,747.0
1.0,2167.0,1243.0,1352.0,2388.0,2096.0,2096.0,936.0,416.0,843.0,400.0
1.0,3312.0,1149.0,1345.0,3245.0,0.0,0.0,937.0,408.0,1074.0,75.0
1.0,5408.0,1291.0,1341.0,2096.0,0.0,0.0,945.0,396.0,1219.0,72.0
1.0,6213.0,1496.0,1344.0,0.0,659.0,659.0,954.0,390.0,1101.0,395.0
1.0,4717.0,1591.0,1355.0,0.0,2294.0,2294.0,957.0,398.0,850.0,741.0
1.0,3126.0,1461.0,1362.0,659.0,3124.0,3124.0,951.0,411.0,715.0,746.0
1.0,2324.0,1238.0,1361.0,2294.0,2064.0,2064.0,944.0,417.0,827.0,411.0
1.0,3380.0,1101.0,1352.0,3124.0,5.0,5.0,942.0,410.0,1037.0,64.0
1.0,5403.0,1184.0,1344.0,2064.0,0.0,0.0,947.0,397.0,1115.0,69.0
1.0,6283.0,1413.0,1345.0,5.0,505.0,505.0,953.0,392.0,1016.0,397.0
1.0,4875.0,1567.0,1356.0,0.0,2116.0,2116.0,955.0,401.0,831.0,736.0
1.0,3308.0,1419.0,1363.0,505.0,3058.0,3058.0,949.0,414.0,691.0,728.0
1.0,2394.0,1181.0,1362.0,2116.0,2119.0,2119.0,942.0,420.0,788.0,393.0
1.0,3329.0,1037.0,1352.0,3058.0,58.0,58.0,939.0,413.0,973.0,64.0
1.0,5350.0,1147.0,1344.0,2119.0,0.0,0.0,944.0,400.0,1084.0,63.0
1.0,6322.0,1394.0,1345.0,58.0,394.0,394.0,951.0,394.0,1010.0,384.0
1.0,4986.0,1531.0,1356.0,0.0,1969.0,1969.0,954.0,402.0,821.0,710.0
1.0,3455.0,1430.0,1363.0,394.0,3033.0,3033.0,948.0,415.0,715.0,715.0
1.0,2419.0,1174.0,1362.0,1969.0,2234.0,2234.0,940.0,422.0,786.0,388.0
1.0,3214.0,1064.0,1351.0,3033.0,221.0,221.0,937.0,414.0,999.0,65.0
1.0,5183.0,1218.0,1346.0,2234.0,0.0,0.0,944.0,402.0,1143.0,75.0
1.0,6199.0,1479.0,1349.0,221.0,455.0,455.0,953.0,396.0,1077.0,402.0
1.0,4941.0,1618.0,1360.0,0.0,2117.0,2117.0,957.0,403.0,888.0,730.0
1.0,3323.0,1484.0,1369.0,455.0,3182.0,3182.0,953.0,416.0,770.0,714.0
1.0,2294.0,1211.0,1367.0,2117.0,2268.0,2268.0,945.0,422.0,830.0,381.0
1.0,3200.0,1080.0,1357.0,3182.0,126.0,126.0,942.0,415.0,1010.0,70.0
1.0,5302.0,1203.0,1348.0,2268.0,0.0,0.0,946.0,402.0,1125.0,78.0
1.0,6367.0,1508.0,1350.0,126.0,415.0,415.0,954.0,396.0,1086.0,422.0
1.0,4985.0,1679.0,1363.0,0.0,2146.0,2146.0,959.0,404.0,938.0,741.0
1.0,3306.0,1539.0,1374.0,415.0,3314.0,3314.0,957.0,417.0,802.0,737.0
1.0,2182.0,1266.0,1374.0,2146.0,2434.0,2434.0,951.0,423.0,863.0,403.0
1.0,3062.0,1114.0,1364.0,3314.0,194.0,194.0,948.0,416.0,1038.0,76.0
1.0,5262.0,1288.0,1353.0,2434.0,0.0,0.0,951.0,402.0,1201.0,87.0
1.0,6408.0,1617.0,1357.0,194.0,443.0,443.0,961.0,396.0,1205.0,412.0
1.0,4985.0,1777.0,1370.0,0.0,2272.0,2272.0,967.0,403.0,1033.0,744.0
1.0,3208.0,1589.0,1381.0,443.0,3462.0,3462.0,965.0,416.0,824.0,765.0
1.0,2062.0,1233.0,1380.0,2272.0,2419.0,2419.0,958.0,422.0,815.0,418.0
1.0,3101.0,1059.0,1368.0,3462.0,0.0,0.0,954.0,414.0,988.0,71.0
1.0,5504.0,1267.0,1359.0,2419.0,0.0,0.0,958.0,401.0,1179.0,88.0
1.0,6656.0,1630.0,1362.0,0.0,422.0,422.0,967.0,395.0,1195.0,435.0
1.0,5026.0,1802.0,1373.0,0.0,2268.0,2268.0,971.0,402.0,1029.0,773.0
1.0,3224.0,1619.0,1383.0,422.0,3505.0,3505.0,968.0,415.0,853.0,766.0
1.0,2027.0,1256.0,1383.0,2268.0,2493.0,2493.0,962.0,421.0,836.0,420.0
1.0,3039.0,1095.0,1373.0,3505.0,43.0,43.0,959.0,414.0,998.0,97.0
1.0,5449.0,1261.0,1364.0,2493.0,0.0,0.0,963.0,401.0,1146.0,115.0
1.0,6681.0,1629.0,1367.0,43.0,373.0,373.0,971.0,396.0,1167.0,462.0
1.0,5095.0,1798.0,1378.0,0.0,2215.0,2215.0,974.0,404.0,1028.0,770.0
1.0,3297.0,1569.0,1386.0,373.0,3443.0,3443.0,970.0,416.0,838.0,731.0
1.0,2101.0,1175.0,1383.0,2215.0,2391.0,2391.0,961.0,422.0,792.0,383.0
1.0,3141.0,996.0,1372.0,3443.0,0.0,0.0,957.0,415.0,917.0,79.0
1.0,5588.0,1218.0,1364.0,2391.0,0.0,0.0,961.0,403.0,1078.0,140.0
1.0,6761.0,1605.0,1365.0,0.0,304.0,304.0,967.0,398.0,1117.0,488.0
1.0,5156.0,1784.0,1376.0,0.0,2132.0,2132.0,971.0,405.0,1016.0,768.0
1.0,3372.0,1538.0,1383.0,304.0,3394.0,3394.0,966.0,417.0,847.0,691.0
1.0,2138.0,1140.0,1380.0,2132.0,2390.0,2390.0,958.0,422.0,787.0,353.0
1.0,3130.0,969.0,1370.0,3394.0,0.0,0.0,954.0,416.0,896.0,73.0
1.0,5555.0,1177.0,1363.0,2390.0,0.0,0.0,958.0,405.0,1028.0,149.0
1.0,6768.0,1510.0,1363.0,0.0,194.0,194.0,963.0,400.0,1017.0,493.0
1.0,5258.0,1676.0,1372.0,0.0,1906.0,1906.0,965.0,407.0,905.0,771.0
1.0,3582.0,1516.0,1380.0,194.0,3260.0,3260.0,961.0,419.0,821.0,695.0
1.0,2260.0,1191.0,1380.0,1906.0,2545.0,2545.0,956.0,424.0,848.0,343.0
1.0,2975.0,1031.0,1372.0,3260.0,284.0,284.0,954.0,418.0,951.0,80.0
1.0,5204.0,1163.0,1365.0,2545.0,0.0,0.0,958.0,407.0,1015.0,148.0
1.0,6586.0,1507.0,1366.0,284.0,101.0,101.0,964.0,402.0,1024.0,483.0
1.0,5363.0,1719.0,1377.0,0.0,1864.0,1864.0,968.0,409.0,974.0,745.0
1.0,3644.0,1598.0,1387.0,101.0,3401.0,3401.0,967.0,420.0,931.0,667.0
1.0,2147.0,1262.0,1390.0,1864.0,2811.0,2811.0,964.0,426.0,926.0,336.0
1.0,2749.0,1033.0,1383.0,3401.0,415.0,415.0,963.0,420.0,947.0,86.0
1.0,5117.0,1154.0,1375.0,2811.0,0.0,0.0,966.0,409.0,1000.0,154.0
1.0,6774.0,1457.0,1375.0,415.0,0.0,0.0,971.0,404.0,984.0,473.0
1.0,5732.0,1705.0,1386.0,0.0,1517.0,1517.0,975.0,411.0,976.0,729.0
1.0,4027.0,1665.0,1398.0,0.0,3230.0,3230.0,975.0,423.0,984.0,681.0
1.0,2362.0,1349.0,1400.0,1517.0,3070.0,3070.0,971.0,429.0,971.0,378.0
1.0,2530.0,1093.0,1392.0,3230.0,901.0,901.0,969.0,423.0,973.0,120.0
1.0,4667.0,1156.0,1383.0,3070.0,0.0,0.0,971.0,412.0,988.0,168.0
1.0,6581.0,1487.0,1384.0,901.0,0.0,0.0,976.0,408.0,1005.0,482.0
1.0,5995.0,1755.0,1395.0,0.0,1340.0,1340.0,980.0,415.0,1036.0,719.0
1.0,4240.0,1691.0,1406.0,0.0,3075.0,3075.0,980.0,426.0,1026.0,665.0
1.0,2549.0,1333.0,1409.0,1340.0,3080.0,3080.0,977.0,432.0,961.0,372.0
1.0,2556.0,1024.0,1399.0,3075.0,989.0,989.0,973.0,426.0,902.0,122.0
1.0,4607.0,1128.0,1389.0,3080.0,0.0,0.0,974.0,415.0,952.0,176.0
1.0,6559.0,1515.0,1388.0,989.0,0.0,0.0,978.0,410.0,1018.0,497.0
1.0,6033.0,1815.0,1399.0,0.0,1378.0,1378.0,982.0,417.0,1063.0,752.0
1.0,4218.0,1684.0,1410.0,0.0,3106.0,3106.0,981.0,429.0,1013.0,671.0
1.0,2534.0,1295.0,1409.0,1378.0,3019.0,3019.0,976.0,433.0,951.0,344.0
1.0,2617.0,1022.0,1398.0,3106.0,891.0,891.0,971.0,427.0,933.0,89.0
1.0,4701.0,1182.0,1387.0,3019.0,0.0,0.0,971.0,416.0,999.0,183.0
1.0,6538.0,1588.0,1387.0,891.0,0.0,0.0,975.0,412.0,1044.0,544.0
1.0,5841.0,1816.0,1399.0,0.0,1571.0,1571.0,979.0,420.0,1018.0,798.0
1.0,4025.0,1662.0,1409.0,0.0,3273.0,3273.0,978.0,431.0,972.0,690.0
1.0,2363.0,1271.0,1410.0,1571.0,2977.0,2977.0,974.0,436.0,950.0,321.0
1.0,2663.0,1076.0,1399.0,3273.0,736.0,736.0,970.0,429.0,1014.0,62.0
1.0,4860.0,1251.0,1388.0,2977.0,0.0,0.0,971.0,417.0,1071.0,180.0
1.0,6586.0,1616.0,1388.0,736.0,0.0,0.0,975.0,413.0,1068.0,548.0
1.0,5706.0,1797.0,1399.0,0.0,1687.0,1687.0,979.0,420.0,1002.0,795.0
1.0,3909.0,1647.0,1410.0,0.0,3378.0,3378.0,978.0,432.0,971.0,676.0
1.0,2262.0,1253.0,1409.0,1687.0,2940.0,2940.0,974.0,435.0,945.0,308.0
1.0,2696.0,1057.0,1399.0,3378.0,579.0,579.0,971.0,428.0,986.0,71.0
1.0,5017.0,1223.0,1388.0,2940.0,0.0,0.0,971.0,417.0,1034.0,189.0
1.0,6734.0,1580.0,1388.0,579.0,0.0,0.0,975.0,413.0,1035.0,545.0
1.0,5733.0,1853.0,1401.0,0.0,1724.0,1724.0,980.0,421.0,1060.0,793.0
1.0,3880.0,1755.0,1415.0,0.0,3535.0,3535.0,983.0,432.0,1073.0,682.0
1.0,2125.0,1373.0,1418.0,1724.0,3196.0,3196.0,982.0,436.0,1051.0,322.0
1.0,2476.0,1044.0,1408.0,3535.0,665.0,665.0,980.0,428.0,983.0,61.0
1.0,4967.0,1129.0,1395.0,3196.0,0.0,0.0,979.0,416.0,962.0,167.0
1.0,7034.0,1523.0,1395.0,665.0,0.0,0.0,982.0,413.0,1003.0,520.0
1.0,6176.0,1821.0,1408.0,0.0,1277.0,1277.0,987.0,421.0,1055.0,766.0
1.0,4355.0,1734.0,1422.0,0.0,3067.0,3067.0,990.0,432.0,1075.0,659.0
1.0,2621.0,1378.0,1427.0,1277.0,3188.0,3188.0,991.0,436.0,1050.0,328.0
1.0,2520.0,1076.0,1418.0,3067.0,1161.0,1161.0,990.0,428.0,999.0,77.0
1.0,4511.0,1140.0,1408.0,3188.0,0.0,0.0,992.0,416.0,975.0,165.0
1.0,6559.0,1497.0,1407.0,1161.0,0.0,0.0,995.0,412.0,993.0,504.0
1.0,6223.0,1765.0,1418.0,0.0,1214.0,1214.0,998.0,420.0,1004.0,761.0
1.0,4458.0,1682.0,1431.0,0.0,2948.0,2948.0,999.0,432.0,1010.0,672.0
1.0,2776.0,1296.0,1433.0,1214.0,3038.0,3038.0,998.0,435.0,969.0,327.0
1.0,2694.0,984.0,1423.0,2948.0,1034.0,1034.0,996.0,427.0,905.0,79.0
1.0,4658.0,1110.0,1411.0,3038.0,0.0,0.0,995.0,416.0,930.0,180.0
1.0,6586.0,1509.0,1410.0,1034.0,0.0,0.0,996.0,414.0,975.0,534.0
1.0,6111.0,1799.0,1420.0,0.0,1368.0,1368.0,998.0,422.0,1017.0,782.0
1.0,4312.0,1668.0,1433.0,0.0,3088.0,3088.0,999.0,434.0,996.0,672.0
1.0,2644.0,1247.0,1434.0,1368.0,2971.0,2971.0,997.0,437.0,938.0,309.0
1.0,2765.0,984.0,1425.0,3088.0,831.0,831.0,996.0,429.0,930.0,54.0
1.0,4869.0,1129.0,1414.0,2971.0,0.0,0.0,996.0,418.0,973.0,156.0
1.0,6711.0,1527.0,1412.0,831.0,0.0,0.0,997.0,415.0,1002.0,525.0
1.0,6015.0,1785.0,1419.0,0.0,1446.0,1446.0,997.0,422.0,1000.0,785.0
1.0,4230.0,1649.0,1430.0,0.0,3139.0,3139.0,997.0,433.0,961.0,688.0
1.0,2581.0,1270.0,1433.0,1446.0,2975.0,2975.0,996.0,437.0,933.0,337.0
1.0,2757.0,1011.0,1423.0,3139.0,807.0,807.0,994.0,429.0,928.0,83.0
1.0,4885.0,1178.0,1413.0,2975.0,0.0,0.0,994.0,419.0,985.0,193.0
1.0,6682.0,1587.0,1410.0,807.0,0.0,0.0,994.0,416.0,1048.0,539.0
1.0,5902.0,1830.0,1420.0,0.0,1608.0,1608.0,996.0,424.0,1046.0,784.0
1.0,4072.0,1703.0,1433.0,0.0,3363.0,3363.0,998.0,435.0,1018.0,685.0
1.0,2369.0,1309.0,1436.0,1608.0,3076.0,3076.0,998.0,438.0,966.0,343.0
1.0,2668.0,1048.0,1428.0,3363.0,729.0,729.0,997.0,431.0,940.0,108.0
1.0,4983.0,1207.0,1416.0,3076.0,0.0,0.0,995.0,421.0,992.0,215.0
1.0,6852.0,1650.0,1415.0,729.0,0.0,0.0,997.0,418.0,1088.0,562.0
1.0,5931.0,1955.0,1427.0,0.0,1732.0,1732.0,1000.0,427.0,1150.0,805.0
1.0,3976.0,1808.0,1443.0,0.0,3604.0,3604.0,1004.0,439.0,1103.0,705.0
1.0,2168.0,1374.0,1446.0,1732.0,3258.0,3258.0,1004.0,442.0,1022.0,352.0
1.0,2526.0,1084.0,1437.0,3604.0,702.0,702.0,1003.0,434.0,988.0,96.0
1.0,5046.0,1203.0,1425.0,3258.0,0.0,0.0,1003.0,422.0,1015.0,188.0
1.0,7101.0,1658.0,1425.0,702.0,0.0,0.0,1005.0,420.0,1093.0,565.0
1.0,6145.0,2009.0,1440.0,0.0,1624.0,1624.0,1010.0,430.0,1176.0,833.0
1.0,4136.0,1824.0,1454.0,0.0,3504.0,3504.0,1012.0,442.0,1116.0,708.0
1.0,2312.0,1359.0,1456.0,1624.0,3247.0,3247.0,1011.0,445.0,1039.0,320.0
1.0,2577.0,1043.0,1444.0,3504.0,738.0,738.0,1009.0,435.0,980.0,63.0
1.0,5038.0,1223.0,1434.0,3247.0,0.0,0.0,1010.0,424.0,1032.0,191.0
1.0,7062.0,1696.0,1435.0,738.0,0.0,0.0,1013.0,422.0,1110.0,586.0
1.0,6104.0,2007.0,1449.0,0.0,1699.0,1699.0,1017.0,432.0,1167.0,840.0
1.0,4097.0,1833.0,1464.0,0.0,3592.0,3592.0,1020.0,444.0,1128.0,705.0
1.0,2264.0,1299.0,1466.0,1699.0,3200.0,3200.0,1019.0,447.0,986.0,313.0
1.0,2664.0,918.0,1453.0,3592.0,474.0,474.0,1016.0,437.0,883.0,35.0
1.0,5338.0,1082.0,1438.0,3200.0,0.0,0.0,1013.0,425.0,930.0,152.0
1.0,7456.0,1626.0,1435.0,474.0,0.0,0.0,1013.0,422.0,1065.0,561.0
1.0,6304.0,1988.0,1447.0,0.0,1472.0,1472.0,1015.0,432.0,1143.0,845.0
1.0,4316.0,1832.0,1463.0,0.0,3368.0,3368.0,1018.0,445.0,1123.0,709.0
1.0,2484.0,1289.0,1465.0,1472.0,3193.0,3193.0,1018.0,447.0,985.0,304.0
1.0,2667.0,897.0,1453.0,3368.0,674.0,674.0,1015.0,438.0,857.0,40.0
1.0,5138.0,1041.0,1439.0,3193.0,0.0,0.0,1012.0,427.0,867.0,174.0
1.0,7290.0,1561.0,1435.0,674.0,0.0,0.0,1010.0,425.0,987.0,574.0
1.0,6403.0,1928.0,1446.0,0.0,1309.0,1309.0,1011.0,435.0,1104.0,824.0
1.0,4475.0,1769.0,1459.0,0.0,3130.0,3130.0,1013.0,446.0,1087.0,682.0
1.0,2706.0,1281.0,1462.0,1309.0,3114.0,3114.0,1013.0,449.0,999.0,282.0
1.0,2734.0,934.0,1451.0,3130.0,874.0,874.0,1012.0,439.0,921.0,13.0
1.0,4930.0,1048.0,1437.0,3114.0,0.0,0.0,1010.0,427.0,904.0,144.0
1.0,6996.0,1528.0,1434.0,874.0,0.0,0.0,1009.0,425.0,981.0,547.0
1.0,6342.0,1890.0,1445.0,0.0,1328.0,1328.0,1011.0,434.0,1074.0,816.0
1.0,4452.0,1751.0,1460.0,0.0,3139.0,3139.0,1014.0,446.0,1068.0,683.0
1.0,2701.0,1252.0,1463.0,1328.0,3075.0,3075.0,1015.0,448.0,973.0,279.0
1.0,2777.0,904.0,1452.0,3139.0,796.0,796.0,1014.0,438.0,887.0,17.0
1.0,5012.0,1082.0,1438.0,3075.0,0.0,0.0,1012.0,426.0,934.0,148.0
1.0,7005.0,1607.0,1436.0,796.0,0.0,0.0,1013.0,423.0,1060.0,547.0
1.0,6194.0,1943.0,1450.0,0.0,1549.0,1549.0,1017.0,433.0,1116.0,827.0
1.0,4251.0,1726.0,1465.0,0.0,3335.0,3335.0,1019.0,446.0,1035.0,691.0
1.0,2525.0,1196.0,1465.0,1549.0,2982.0,2982.0,1017.0,448.0,909.0,287.0
1.0,2878.0,916.0,1453.0,3335.0,515.0,515.0,1015.0,438.0,893.0,23.0
1.0,5297.0,1170.0,1442.0,2982.0,0.0,0.0,1016.0,426.0,1013.0,157.0
1.0,7109.0,1706.0,1443.0,515.0,0.0,0.0,1019.0,424.0,1149.0,557.0
1.0,5918.0,1975.0,1456.0,0.0,1881.0,1881.0,1023.0,433.0,1150.0,825.0
1.0,3943.0,1743.0,1471.0,0.0,3684.0,3684.0,1026.0,445.0,1041.0,702.0
1.0,2200.0,1262.0,1472.0,1881.0,3069.0,3069.0,1025.0,447.0,946.0,316.0
1.0,2819.0,975.0,1460.0,3684.0,312.0,312.0,1022.0,438.0,915.0,60.0
1.0,5528.0,1179.0,1448.0,3069.0,0.0,0.0,1021.0,427.0,1003.0,176.0
1.0,7418.0,1689.0,1447.0,312.0,0.0,0.0,1023.0,424.0,1118.0,571.0
1.0,6041.0,2013.0,1461.0,0.0,1816.0,1816.0,1027.0,434.0,1160.0,853.0
1.0,4028.0,1838.0,1476.0,0.0,3714.0,3714.0,1030.0,446.0,1100.0,738.0
1.0,2190.0,1321.0,1479.0,1816.0,3231.0,3231.0,1030.0,449.0,987.0,334.0
1.0,2685.0,995.0,1466.0,3714.0,460.0,460.0,1027.0,439.0,946.0,49.0
1.0,5404.0,1151.0,1451.0,3231.0,0.0,0.0,1024.0,427.0,968.0,183.0
1.0,7484.0,1686.0,1449.0,460.0,0.0,0.0,1024.0,425.0,1092.0,594.0
1.0,6258.0,2041.0,1461.0,0.0,1627.0,1627.0,1026.0,435.0,1172.0,869.0
1.0,4217.0,1896.0,1477.0,0.0,3587.0,3587.0,1030.0,447.0,1171.0,725.0
1.0,2321.0,1355.0,1479.0,1627.0,3323.0,3323.0,1030.0,449.0,1034.0,321.0
1.0,2593.0,946.0,1466.0,3587.0,630.0,630.0,1027.0,439.0,902.0,44.0
1.0,5234.0,1091.0,1449.0,3323.0,0.0,0.0,1022.0,427.0,908.0,183.0
1.0,7466.0,1701.0,1446.0,630.0,0.0,0.0,1021.0,425.0,1089.0,612.0
1.0,6395.0,2124.0,1460.0,0.0,1569.0,1569.0,1024.0,436.0,1214.0,910.0
1.0,4271.0,1959.0,1478.0,0.0,3600.0,3600.0,1028.0,450.0,1189.0,770.0
1.0,2312.0,1368.0,1481.0,1569.0,3411.0,3411.0,1029.0,452.0,1050.0,318.0
1.0,2513.0,950.0,1467.0,3600.0,705.0,705.0,1025.0,442.0,921.0,29.0
1.0,5163.0,1066.0,1449.0,3411.0,0.0,0.0,1020.0,429.0,898.0,168.0
1.0,7508.0,1639.0,1445.0,705.0,0.0,0.0,1018.0,427.0,1029.0,610.0
1.0,6574.0,2092.0,1460.0,0.0,1358.0,1358.0,1022.0,438.0,1187.0,905.0
1.0,4482.0,1965.0,1480.0,0.0,3403.0,3403.0,1028.0,452.0,1204.0,761.0
1.0,2517.0,1390.0,1486.0,1358.0,3459.0,3459.0,1030.0,456.0,1054.0,336.0
1.0,2485.0,945.0,1473.0,3403.0,949.0,949.0,1028.0,445.0,915.0,30.0
1.0,4943.0,1073.0,1455.0,3459.0,0.0,0.0,1023.0,432.0,919.0,154.0
1.0,7329.0,1660.0,1452.0,949.0,0.0,0.0,1022.0,430.0,1076.0,584.0
1.0,6618.0,2114.0,1468.0,0.0,1368.0,1368.0,1027.0,441.0,1228.0,886.0
1.0,4504.0,1937.0,1488.0,0.0,3385.0,3385.0,1033.0,455.0,1190.0,747.0
1.0,2567.0,1324.0,1493.0,1368.0,3361.0,3361.0,1036.0,457.0,1003.0,321.0
1.0,2611.0,915.0,1481.0,3385.0,843.0,843.0,1034.0,447.0,900.0,15.0
1.0,5081.0,1052.0,1464.0,3361.0,0.0,0.0,1031.0,433.0,910.0,142.0
1.0,7390.0,1655.0,1462.0,843.0,0.0,0.0,1031.0,431.0,1085.0,570.0
1.0,6578.0,2116.0,1478.0,0.0,1450.0,1450.0,1035.0,443.0,1251.0,865.0
1.0,4462.0,1942.0,1497.0,0.0,3468.0,3468.0,1041.0,456.0,1207.0,735.0
1.0,2520.0,1326.0,1503.0,1450.0,3368.0,3368.0,1043.0,460.0,1015.0,311.0
1.0,2644.0,908.0,1491.0,3468.0,760.0,760.0,1042.0,449.0,905.0,3.0
1.0,5204.0,1046.0,1475.0,3368.0,0.0,0.0,1039.0,436.0,918.0,128.0
1.0,7526.0,1622.0,1472.0,760.0,0.0,0.0,1039.0,433.0,1076.0,546.0
1.0,6664.0,2066.0,1487.0,0.0,1350.0,1350.0,1043.0,444.0,1205.0,861.0
1.0,4598.0,1898.0,1506.0,0.0,3324.0,3324.0,1048.0,458.0,1155.0,743.0
1.0,2700.0,1326.0,1512.0,1350.0,3324.0,3324.0,1050.0,462.0,999.0,327.0
1.0,2724.0,918.0,1498.0,3324.0,862.0,862.0,1046.0,452.0,889.0,29.0
1.0,5130.0,1022.0,1480.0,3324.0,0.0,0.0,1042.0,438.0,906.0,116.0
1.0,7432.0,1593.0,1478.0,862.0,0.0,0.0,1043.0,435.0,1073.0,520.0
1.0,6701.0,2022.0,1494.0,0.0,1297.0,1297.0,1048.0,446.0,1182.0,840.0
1.0,4679.0,1902.0,1513.0,0.0,3275.0,3275.0,1053.0,460.0,1132.0,770.0
1.0,2777.0,1358.0,1516.0,1297.0,3348.0,3348.0,1052.0,464.0,980.0,378.0
1.0,2716.0,951.0,1502.0,3275.0,968.0,968.0,1048.0,454.0,908.0,43.0
1.0,5040.0,1100.0,1485.0,3348.0,0.0,0.0,1044.0,441.0,986.0,114.0
1.0,7288.0,1623.0,1483.0,968.0,0.0,0.0,1046.0,437.0,1123.0,500.0
1.0,6633.0,1984.0,1497.0,0.0,1339.0,1339.0,1050.0,447.0,1156.0,828.0
1.0,4649.0,1853.0,1513.0,0.0,3256.0,3256.0,1053.0,460.0,1091.0,762.0
1.0,2796.0,1312.0,1516.0,1339.0,3241.0,3241.0,1052.0,464.0,941.0,371.0
1.0,2823.0,942.0,1502.0,3256.0,871.0,871.0,1048.0,454.0,876.0,66.0
1.0,5137.0,1145.0,1486.0,3241.0,0.0,0.0,1045.0,441.0,1002.0,143.0
1.0,7233.0,1727.0,1483.0,871.0,0.0,0.0,1046.0,437.0,1196.0,531.0
1.0,6377.0,2112.0,1498.0,0.0,1727.0,1727.0,1052.0,446.0,1276.0,836.0
1.0,4265.0,1933.0,1516.0,0.0,3732.0,3732.0,1056.0,460.0,1175.0,758.0
1.0,2332.0,1343.0,1520.0,1727.0,3364.0,3364.0,1056.0,464.0,969.0,374.0
1.0,2716.0,920.0,1505.0,3732.0,492.0,492.0,1052.0,453.0,848.0,72.0
1.0,5528.0,1096.0,1487.0,3364.0,0.0,0.0,1047.0,440.0,932.0,164.0
1.0,7796.0,1740.0,1484.0,492.0,0.0,0.0,1047.0,437.0,1175.0,565.0
1.0,6548.0,2221.0,1500.0,0.0,1673.0,1673.0,1053.0,447.0,1348.0,873.0
1.0,4327.0,2090.0,1522.0,0.0,3851.0,3851.0,1061.0,461.0,1321.0,769.0
1.0,2237.0,1427.0,1529.0,1673.0,3633.0,3633.0,1064.0,465.0,1072.0,355.0
1.0,2483.0,946.0,1514.0,3851.0,668.0,668.0,1060.0,454.0,878.0,68.0
1.0,5388.0,1160.0,1496.0,3633.0,0.0,0.0,1056.0,440.0,965.0,195.0
1.0,7861.0,1826.0,1493.0,668.0,0.0,0.0,1056.0,437.0,1220.0,606.0
1.0,6703.0,2294.0,1511.0,0.0,1635.0,1635.0,1063.0,448.0,1418.0,876.0
1.0,4409.0,2091.0,1533.0,0.0,3814.0,3814.0,1071.0,462.0,1339.0,752.0
1.0,2318.0,1377.0,1539.0,1635.0,3580.0,3580.0,1074.0,465.0,1027.0,350.0
1.0,2576.0,870.0,1524.0,3814.0,576.0,576.0,1069.0,455.0,781.0,89.0
1.0,5520.0,1091.0,1505.0,3580.0,0.0,0.0,1063.0,442.0,869.0,222.0
1.0,8009.0,1845.0,1503.0,576.0,0.0,0.0,1063.0,440.0,1221.0,624.0
1.0,6740.0,2332.0,1521.0,0.0,1676.0,1676.0,1071.0,450.0,1456.0,876.0
1.0,4408.0,2082.0,1543.0,0.0,3846.0,3846.0,1080.0,463.0,1362.0,720.0
1.0,2326.0,1339.0,1548.0,1676.0,3529.0,3529.0,1081.0,467.0,1013.0,326.0
1.0,2663.0,837.0,1532.0,3846.0,456.0,456.0,1075.0,457.0,743.0,94.0
1.0,5672.0,1040.0,1512.0,3529.0,0.0,0.0,1067.0,445.0,810.0,230.0
1.0,8161.0,1755.0,1508.0,456.0,0.0,0.0,1066.0,442.0,1145.0,610.0
1.0,6862.0,2245.0,1526.0,0.0,1487.0,1487.0,1074.0,452.0,1400.0,845.0
1.0,4617.0,1997.0,1547.0,0.0,3568.0,3568.0,1082.0,465.0,1313.0,684.0
1.0,2620.0,1284.0,1551.0,1487.0,3381.0,3381.0,1083.0,468.0,985.0,299.0
1.0,2823.0,769.0,1533.0,3568.0,510.0,510.0,1075.0,458.0,690.0,79.0
1.0,5622.0,969.0,1511.0,3381.0,0.0,0.0,1065.0,446.0,733.0,236.0
1.0,8034.0,1679.0,1507.0,510.0,0.0,0.0,1063.0,444.0,1061.0,618.0
1.0,6865.0,2167.0,1523.0,0.0,1394.0,1394.0,1069.0,454.0,1325.0,842.0
1.0,4698.0,1959.0,1543.0,0.0,3433.0,3433.0,1076.0,467.0,1285.0,674.0
1.0,2739.0,1212.0,1546.0,1394.0,3263.0,3263.0,1076.0,470.0,934.0,278.0
1.0,2921.0,696.0,1529.0,3433.0,458.0,458.0,1068.0,461.0,642.0,54.0
1.0,5658.0,934.0,1506.0,3263.0,0.0,0.0,1058.0,448.0,715.0,219.0
1.0,7987.0,1695.0,1503.0,458.0,0.0,0.0,1057.0,446.0,1064.0,631.0
1.0,6750.0,2243.0,1521.0,0.0,1577.0,1577.0,1064.0,457.0,1374.0,869.0
1.0,4507.0,2043.0,1542.0,0.0,3704.0,3704.0,1073.0,469.0,1351.0,692.0
1.0,2464.0,1271.0,1547.0,1577.0,3418.0,3418.0,1075.0,472.0,1003.0,268.0
1.0,2770.0,696.0,1530.0,3704.0,342.0,342.0,1067.0,463.0,664.0,32.0
1.0,5778.0,918.0,1509.0,3418.0,0.0,0.0,1058.0,451.0,716.0,202.0
1.0,8278.0,1734.0,1505.0,342.0,0.0,0.0,1057.0,448.0,1110.0,624.0
1.0,6886.0,2289.0,1523.0,0.0,1495.0,1495.0,1066.0,457.0,1424.0,865.0
1.0,4597.0,2067.0,1545.0,0.0,3650.0,3650.0,1075.0,470.0,1383.0,684.0
1.0,2530.0,1305.0,1549.0,1495.0,3476.0,3476.0,1076.0,473.0,1022.0,283.0
1.0,2720.0,775.0,1532.0,3650.0,533.0,533.0,1068.0,464.0,715.0,60.0
1.0,5595.0,1003.0,1513.0,3476.0,0.0,0.0,1060.0,453.0,768.0,235.0
1.0,8068.0,1775.0,1512.0,533.0,0.0,0.0,1061.0,451.0,1127.0,648.0
1.0,6826.0,2303.0,1531.0,0.0,1601.0,1601.0,1071.0,460.0,1437.0,866.0
1.0,4523.0,2108.0,1553.0,0.0,3797.0,3797.0,1081.0,472.0,1418.0,690.0
1.0,2415.0,1358.0,1558.0,1601.0,3574.0,3574.0,1083.0,475.0,1073.0,285.0
1.0,2658.0,813.0,1540.0,3797.0,518.0,518.0,1074.0,466.0,759.0,54.0
1.0,5642.0,1049.0,1519.0,3574.0,0.0,0.0,1065.0,454.0,812.0,237.0
1.0,8167.0,1822.0,1517.0,518.0,0.0,0.0,1065.0,452.0,1164.0,658.0
1.0,6863.0,2329.0,1536.0,0.0,1610.0,1610.0,1074.0,462.0,1449.0,880.0
1.0,4534.0,2108.0,1559.0,0.0,3810.0,3810.0,1085.0,474.0,1395.0,713.0
1.0,2426.0,1400.0,1565.0,1610.0,3624.0,3624.0,1088.0,477.0,1092.0,308.0
1.0,2636.0,925.0,1550.0,3810.0,679.0,679.0,1082.0,468.0,860.0,65.0
1.0,5521.0,1118.0,1528.0,3624.0,0.0,0.0,1073.0,455.0,895.0,223.0
1.0,8027.0,1781.0,1522.0,679.0,0.0,0.0,1070.0,452.0,1154.0,627.0
1.0,6925.0,2257.0,1538.0,0.0,1484.0,1484.0,1076.0,462.0,1376.0,881.0
1.0,4668.0,2066.0,1560.0,0.0,3638.0,3638.0,1085.0,475.0,1349.0,717.0
1.0,2602.0,1380.0,1564.0,1484.0,3550.0,3550.0,1087.0,477.0,1092.0,288.0
1.0,2706.0,942.0,1547.0,3638.0,786.0,786.0,1081.0,466.0,905.0,37.0
1.0,5402.0,1174.0,1526.0,3550.0,0.0,0.0,1072.0,454.0,922.0,252.0
1.0,7778.0,1808.0,1519.0,786.0,0.0,0.0,1067.0,452.0,1124.0,684.0
1.0,6756.0,2239.0,1536.0,0.0,1627.0,1627.0,1073.0,463.0,1322.0,917.0
1.0,4517.0,2032.0,1559.0,0.0,3751.0,3751.0,1084.0,475.0,1330.0,702.0
1.0,2485.0,1371.0,1564.0,1627.0,3515.0,3515.0,1088.0,476.0,1100.0,271.0
1.0,2741.0,878.0,1546.0,3751.0,570.0,570.0,1081.0,465.0,851.0,27.0
1.0,5614.0,1066.0,1521.0,3515.0,0.0,0.0,1069.0,452.0,847.0,219.0
1.0,8063.0,1744.0,1515.0,570.0,0.0,0.0,1064.0,451.0,1085.0,659.0
1.0,6889.0,2222.0,1532.0,0.0,1461.0,1461.0,1070.0,462.0,1323.0,899.0
1.0,4667.0,2070.0,1556.0,0.0,3627.0,3627.0,1082.0,474.0,1359.0,711.0
1.0,2597.0,1414.0,1563.0,1461.0,3608.0,3608.0,1088.0,475.0,1135.0,279.0
1.0,2644.0,902.0,1546.0,3627.0,815.0,815.0,1083.0,463.0,881.0,21.0
1.0,5369.0,1060.0,1523.0,3608.0,0.0,0.0,1072.0,451.0,851.0,209.0
1.0,7917.0,1687.0,1518.0,815.0,0.0,0.0,1067.0,451.0,1024.0,663.0
1.0,7045.0,2151.0,1534.0,0.0,1242.0,1242.0,1072.0,462.0,1240.0,911.0
1.0,4894.0,1999.0,1557.0,0.0,3333.0,3333.0,1083.0,474.0,1295.0,704.0
1.0,2895.0,1407.0,1566.0,1242.0,3534.0,3534.0,1091.0,475.0,1140.0,267.0
1.0,2730.0,952.0,1553.0,3333.0,1101.0,1101.0,1089.0,464.0,933.0,19.0
1.0,5111.0,1074.0,1531.0,3534.0,0.0,0.0,1080.0,451.0,862.0,212.0
1.0,7571.0,1664.0,1526.0,1101.0,0.0,0.0,1075.0,451.0,1026.0,638.0
1.0,7008.0,2129.0,1544.0,0.0,1297.0,1297.0,1081.0,463.0,1232.0,897.0
1.0,4879.0,2024.0,1568.0,0.0,3417.0,3417.0,1093.0,475.0,1307.0,717.0
1.0,2855.0,1478.0,1579.0,1297.0,3642.0,3642.0,1102.0,477.0,1190.0,288.0
1.0,2674.0,1018.0,1566.0,3417.0,1191.0,1191.0,1101.0,465.0,980.0,38.0
1.0,5073.0,1084.0,1543.0,3642.0,0.0,0.0,1091.0,452.0,884.0,200.0
1.0,7631.0,1668.0,1536.0,1191.0,0.0,0.0,1085.0,451.0,1037.0,631.0
1.0,7154.0,2130.0,1553.0,0.0,1188.0,1188.0,1090.0,463.0,1243.0,887.0
1.0,5024.0,2010.0,1579.0,0.0,3302.0,3302.0,1102.0,477.0,1283.0,727.0
1.0,3014.0,1431.0,1589.0,1188.0,3585.0,3585.0,1110.0,479.0,1110.0,321.0
1.0,2771.0,965.0,1574.0,3302.0,1188.0,1188.0,1106.0,468.0,908.0,57.0
1.0,5108.0,1107.0,1551.0,3585.0,0.0,0.0,1096.0,455.0,898.0,209.0
1.0,7586.0,1679.0,1543.0,1188.0,0.0,0.0,1089.0,454.0,1064.0,615.0
1.0,7095.0,2153.0,1559.0,0.0,1294.0,1294.0,1094.0,465.0,1273.0,880.0
1.0,4942.0,2035.0,1584.0,0.0,3429.0,3429.0,1105.0,479.0,1289.0,746.0
1.0,2907.0,1428.0,1592.0,1294.0,3595.0,3595.0,1111.0,481.0,1088.0,340.0
1.0,2773.0,950.0,1576.0,3429.0,1052.0,1052.0,1107.0,469.0,883.0,67.0
1.0,5252.0,1119.0,1553.0,3595.0,0.0,0.0,1096.0,457.0,900.0,219.0
1.0,7728.0,1749.0,1546.0,1052.0,0.0,0.0,1090.0,456.0,1112.0,637.0
1.0,7031.0,2222.0,1563.0,0.0,1443.0,1443.0,1095.0,468.0,1321.0,901.0
1.0,4809.0,2076.0,1587.0,0.0,3615.0,3615.0,1106.0,481.0,1322.0,754.0
1.0,2733.0,1484.0,1595.0,1443.0,3688.0,3688.0,1112.0,483.0,1145.0,339.0
1.0,2692.0,1041.0,1581.0,3615.0,1058.0,1058.0,1109.0,472.0,966.0,75.0
1.0,5266.0,1163.0,1558.0,3688.0,0.0,0.0,1099.0,459.0,944.0,219.0
1.0,7791.0,1755.0,1552.0,1058.0,0.0,0.0,1094.0,458.0,1110.0,645.0
1.0,7094.0,2197.0,1567.0,0.0,1371.0,1371.0,1097.0,470.0,1290.0,907.0
1.0,4897.0,2035.0,1589.0,0.0,3494.0,3494.0,1106.0,483.0,1288.0,747.0
1.0,2862.0,1465.0,1595.0,1371.0,3612.0,3612.0,1110.0,485.0,1141.0,324.0
1.0,2768.0,1025.0,1580.0,3494.0,1083.0,1083.0,1106.0,474.0,956.0,69.0
1.0,5237.0,1248.0,1561.0,3612.0,0.0,0.0,1099.0,462.0,1006.0,242.0
1.0,7601.0,1841.0,1557.0,1083.0,0.0,0.0,1096.0,461.0,1181.0,660.0
1.0,6843.0,2221.0,1572.0,0.0,1666.0,1666.0,1100.0,472.0,1310.0,911.0
1.0,4622.0,2003.0,1593.0,0.0,3753.0,3753.0,1107.0,486.0,1266.0,737.0
1.0,2619.0,1420.0,1598.0,1666.0,3527.0,3527.0,1111.0,487.0,1102.0,318.0
1.0,2865.0,1001.0,1582.0,3753.0,711.0,711.0,1107.0,475.0,947.0,54.0
1.0,5617.0,1268.0,1564.0,3527.0,0.0,0.0,1102.0,462.0,1031.0,237.0
1.0,7876.0,1898.0,1562.0,711.0,0.0,0.0,1100.0,462.0,1223.0,675.0
1.0,6689.0,2251.0,1578.0,0.0,1874.0,1874.0,1104.0,474.0,1331.0,920.0
1.0,4438.0,1970.0,1599.0,0.0,3928.0,3928.0,1112.0,487.0,1252.0,718.0
1.0,2468.0,1369.0,1605.0,1874.0,3447.0,3447.0,1116.0,489.0,1083.0,286.0
1.0,2973.0,1067.0,1592.0,3928.0,534.0,534.0,1115.0,477.0,1013.0,54.0
1.0,5834.0,1325.0,1574.0,3447.0,0.0,0.0,1110.0,464.0,1086.0,239.0
1.0,7956.0,1919.0,1571.0,534.0,0.0,0.0,1108.0,463.0,1254.0,665.0
1.0,6571.0,2243.0,1587.0,0.0,2020.0,2020.0,1112.0,475.0,1337.0,906.0
1.0,4328.0,1949.0,1608.0,0.0,4053.0,4053.0,1119.0,489.0,1218.0,731.0
1.0,2379.0,1295.0,1613.0,2020.0,3348.0,3348.0,1122.0,491.0,995.0,300.0
1.0,3104.0,960.0,1599.0,4053.0,199.0,199.0,1120.0,479.0,927.0,33.0
1.0,6197.0,1262.0,1581.0,3348.0,0.0,0.0,1116.0,465.0,1055.0,207.0
1.0,8283.0,1892.0,1579.0,199.0,0.0,0.0,1115.0,464.0,1251.0,641.0
1.0,6590.0,2224.0,1595.0,0.0,2014.0,2014.0,1119.0,476.0,1319.0,905.0
1.0,4366.0,1895.0,1613.0,0.0,3981.0,3981.0,1123.0,490.0,1173.0,722.0
1.0,2471.0,1223.0,1616.0,2014.0,3202.0,3202.0,1125.0,491.0,943.0,280.0
1.0,3262.0,857.0,1600.0,3981.0,14.0,14.0,1121.0,479.0,844.0,13.0
1.0,6386.0,1222.0,1583.0,3202.0,0.0,0.0,1117.0,466.0,1017.0,205.0
1.0,8366.0,1913.0,1580.0,14.0,0.0,0.0,1116.0,464.0,1266.0,647.0
1.0,6467.0,2246.0,1595.0,0.0,2159.0,2159.0,1119.0,476.0,1341.0,905.0
1.0,4221.0,1843.0,1611.0,0.0,4066.0,4066.0,1122.0,489.0,1134.0,709.0
1.0,2378.0,1162.0,1613.0,2159.0,3077.0,3077.0,1122.0,491.0,879.0,283.0
1.0,3375.0,830.0,1597.0,4066.0,0.0,0.0,1118.0,479.0,798.0,32.0
1.0,6611.0,1200.0,1578.0,3077.0,0.0,0.0,1112.0,466.0,976.0,224.0
1.0,8488.0,1950.0,1577.0,0.0,0.0,0.0,1112.0,465.0,1281.0,669.0
1.0,6538.0,2350.0,1595.0,0.0,2192.0,2192.0,1118.0,477.0,1425.0,925.0
1.0,4188.0,1961.0,1615.0,0.0,4233.0,4233.0,1125.0,490.0,1239.0,722.0
1.0,2227.0,1134.0,1615.0,2192.0,3175.0,3175.0,1124.0,491.0,862.0,272.0
1.0,3285.0,773.0,1598.0,4233.0,0.0,0.0,1118.0,480.0,729.0,44.0
1.0,6745.0,1191.0,1579.0,3175.0,0.0,0.0,1111.0,468.0,940.0,251.0
1.0,8729.0,2020.0,1579.0,0.0,0.0,0.0,1112.0,467.0,1329.0,691.0
1.0,6709.0,2448.0,1599.0,0.0,2135.0,2135.0,1121.0,478.0,1530.0,918.0
1.0,4261.0,2033.0,1619.0,0.0,4248.0,4248.0,1129.0,490.0,1322.0,711.0
1.0,2228.0,1169.0,1621.0,2135.0,3290.0,3290.0,1129.0,492.0,887.0,282.0
1.0,3194.0,746.0,1601.0,4248.0,0.0,0.0,1121.0,480.0,693.0,53.0
1.0,6696.0,1194.0,1581.0,3290.0,0.0,0.0,1113.0,468.0,932.0,262.0
1.0,8792.0,2092.0,1582.0,0.0,0.0,0.0,1115.0,467.0,1388.0,704.0
1.0,6700.0,2550.0,1602.0,0.0,2258.0,2258.0,1123.0,479.0,1609.0,941.0
1.0,4150.0,2129.0,1623.0,0.0,4471.0,4471.0,1132.0,491.0,1408.0,721.0
1.0,2021.0,1216.0,1624.0,2258.0,3433.0,3433.0,1132.0,492.0,929.0,287.0
1.0,3063.0,767.0,1605.0,4471.0,0.0,0.0,1123.0,482.0,679.0,88.0
1.0,6767.0,1238.0,1586.0,3433.0,0.0,0.0,1116.0,470.0,921.0,317.0
1.0,8962.0,2157.0,1589.0,0.0,0.0,0.0,1119.0,470.0,1414.0,743.0
1.0,6805.0,2610.0,1611.0,0.0,2249.0,2249.0,1129.0,482.0,1681.0,929.0
1.0,4195.0,2168.0,1633.0,0.0,4505.0,4505.0,1139.0,494.0,1462.0,706.0
1.0,2027.0,1286.0,1634.0,2249.0,3546.0,3546.0,1139.0,495.0,1005.0,281.0
1.0,2990.0,819.0,1614.0,4505.0,0.0,0.0,1130.0,484.0,731.0,88.0
1.0,6676.0,1206.0,1595.0,3546.0,0.0,0.0,1122.0,473.0,874.0,332.0
1.0,9016.0,2063.0,1596.0,0.0,0.0,0.0,1123.0,473.0,1322.0,741.0
1.0,6953.0,2541.0,1617.0,0.0,2056.0,2056.0,1133.0,484.0,1625.0,916.0
1.0,4412.0,2171.0,1640.0,0.0,4319.0,4319.0,1144.0,496.0,1499.0,672.0
1.0,2241.0,1296.0,1641.0,2056.0,3563.0,3563.0,1144.0,497.0,1040.0,256.0
1.0,3001.0,832.0,1619.0,4319.0,0.0,0.0,1134.0,485.0,734.0,98.0
1.0,6488.0,1185.0,1600.0,3563.0,0.0,0.0,1125.0,475.0,831.0,354.0
1.0,8866.0,1967.0,1599.0,0.0,0.0,0.0,1124.0,475.0,1206.0,761.0
1.0,6899.0,2429.0,1619.0,0.0,2006.0,2006.0,1132.0,487.0,1536.0,893.0
1.0,4470.0,2123.0,1640.0,0.0,4213.0,4213.0,1142.0,498.0,1496.0,627.0
1.0,2347.0,1312.0,1640.0,2006.0,3519.0,3519.0,1142.0,498.0,1085.0,227.0
1.0,3041.0,822.0,1619.0,4213.0,44.0,44.0,1132.0,487.0,726.0,96.0
1.0,6432.0,1130.0,1598.0,3519.0,0.0,0.0,1121.0,477.0,763.0,367.0
1.0,8821.0,1960.0,1597.0,44.0,0.0,0.0,1120.0,477.0,1202.0,758.0
1.0,6905.0,2460.0,1619.0,0.0,2031.0,2031.0,1131.0,488.0,1576.0,884.0
1.0,4445.0,2108.0,1641.0,0.0,4227.0,4227.0,1142.0,499.0,1498.0,610.0
1.0,2337.0,1261.0,1642.0,2031.0,3461.0,3461.0,1142.0,500.0,1041.0,220.0
1.0,3107.0,773.0,1620.0,4227.0,0.0,0.0,1131.0,489.0,685.0,88.0
1.0,6561.0,1098.0,1599.0,3461.0,0.0,0.0,1121.0,478.0,764.0,334.0
1.0,8924.0,1940.0,1599.0,0.0,0.0,0.0,1121.0,478.0,1201.0,739.0
1.0,6984.0,2432.0,1623.0,0.0,1940.0,1940.0,1133.0,490.0,1552.0,880.0
1.0,4552.0,2094.0,1647.0,0.0,4130.0,4130.0,1145.0,502.0,1476.0,618.0
1.0,2458.0,1304.0,1648.0,1940.0,3498.0,3498.0,1146.0,502.0,1088.0,216.0
1.0,3094.0,796.0,1627.0,4130.0,80.0,80.0,1136.0,491.0,723.0,73.0
1.0,6428.0,1095.0,1605.0,3498.0,0.0,0.0,1125.0,480.0,772.0,323.0
1.0,8831.0,1867.0,1605.0,80.0,0.0,0.0,1125.0,480.0,1157.0,710.0
1.0,7044.0,2381.0,1629.0,0.0,1853.0,1853.0,1138.0,491.0,1519.0,862.0
1.0,4663.0,2080.0,1652.0,0.0,4025.0,4025.0,1150.0,502.0,1462.0,618.0
1.0,2583.0,1336.0,1655.0,1853.0,3520.0,3520.0,1153.0,502.0,1106.0,230.0
1.0,3100.0,886.0,1635.0,4025.0,301.0,301.0,1144.0,491.0,798.0,88.0
1.0,6239.0,1166.0,1612.0,3520.0,0.0,0.0,1132.0,480.0,833.0,333.0
1.0,8593.0,1867.0,1610.0,301.0,0.0,0.0,1131.0,479.0,1154.0,713.0
1.0,7027.0,2368.0,1633.0,0.0,1873.0,1873.0,1143.0,490.0,1518.0,850.0
1.0,4659.0,2162.0,1660.0,0.0,4143.0,4143.0,1159.0,501.0,1551.0,611.0
1.0,2497.0,1409.0,1664.0,1873.0,3695.0,3695.0,1163.0,501.0,1165.0,244.0
1.0,2961.0,873.0,1642.0,4143.0,337.0,337.0,1152.0,490.0,756.0,117.0
1.0,6231.0,1091.0,1616.0,3695.0,0.0,0.0,1137.0,479.0,734.0,357.0
1.0,8835.0,1840.0,1613.0,337.0,0.0,0.0,1133.0,480.0,1123.0,717.0
1.0,7332.0,2392.0,1636.0,0.0,1604.0,1604.0,1146.0,490.0,1549.0,843.0
1.0,4940.0,2215.0,1664.0,0.0,3931.0,3931.0,1163.0,501.0,1592.0,623.0
1.0,2725.0,1464.0,1670.0,1604.0,3815.0,3815.0,1168.0,502.0,1185.0,279.0
1.0,2865.0,939.0,1647.0,3931.0,731.0,731.0,1156.0,491.0,777.0,162.0
1.0,5857.0,1127.0,1620.0,3815.0,0.0,0.0,1140.0,480.0,759.0,368.0
1.0,8545.0,1860.0,1615.0,731.0,0.0,0.0,1135.0,480.0,1147.0,713.0
1.0,7416.0,2429.0,1639.0,0.0,1569.0,1569.0,1148.0,491.0,1591.0,838.0
1.0,4987.0,2268.0,1667.0,0.0,3949.0,3949.0,1166.0,501.0,1633.0,635.0
1.0,2719.0,1503.0,1673.0,1569.0,3907.0,3907.0,1172.0,501.0,1213.0,290.0
1.0,2785.0,915.0,1649.0,3949.0,777.0,777.0,1159.0,490.0,745.0,170.0
1.0,5819.0,1117.0,1620.0,3907.0,0.0,0.0,1140.0,480.0,710.0,407.0
1.0,8609.0,1859.0,1614.0,777.0,0.0,0.0,1134.0,480.0,1132.0,727.0
1.0,7527.0,2462.0,1637.0,0.0,1483.0,1483.0,1146.0,491.0,1616.0,846.0
1.0,5065.0,2288.0,1665.0,0.0,3883.0,3883.0,1163.0,502.0,1639.0,649.0
1.0,2777.0,1504.0,1670.0,1483.0,3924.0,3924.0,1169.0,501.0,1193.0,311.0
1.0,2756.0,910.0,1648.0,3883.0,863.0,863.0,1158.0,490.0,725.0,185.0
1.0,5729.0,1115.0,1621.0,3924.0,0.0,0.0,1140.0,481.0,715.0,400.0
1.0,8538.0,1923.0,1616.0,863.0,0.0,0.0,1134.0,482.0,1177.0,746.0
1.0,7478.0,2509.0,1640.0,0.0,1591.0,1591.0,1146.0,494.0,1639.0,870.0
1.0,4969.0,2255.0,1667.0,0.0,3954.0,3954.0,1163.0,504.0,1624.0,631.0
1.0,2714.0,1448.0,1672.0,1591.0,3831.0,3831.0,1169.0,503.0,1174.0,274.0
1.0,2857.0,914.0,1652.0,3954.0,711.0,711.0,1161.0,491.0,753.0,161.0
1.0,5897.0,1127.0,1626.0,3831.0,0.0,0.0,1145.0,481.0,729.0,398.0
1.0,8601.0,1925.0,1623.0,711.0,0.0,0.0,1139.0,484.0,1170.0,755.0
1.0,7387.0,2504.0,1645.0,0.0,1697.0,1697.0,1149.0,496.0,1639.0,865.0
1.0,4883.0,2303.0,1674.0,0.0,4116.0,4116.0,1168.0,506.0,1675.0,628.0
1.0,2580.0,1480.0,1680.0,1697.0,3923.0,3923.0,1176.0,504.0,1214.0,266.0
1.0,2797.0,863.0,1660.0,4116.0,590.0,590.0,1167.0,493.0,723.0,140.0
1.0,6050.0,1085.0,1633.0,3923.0,0.0,0.0,1150.0,483.0,709.0,376.0
1.0,8888.0,1897.0,1629.0,590.0,0.0,0.0,1144.0,485.0,1154.0,743.0
1.0,7581.0,2497.0,1653.0,0.0,1528.0,1528.0,1155.0,498.0,1615.0,882.0
1.0,5084.0,2282.0,1682.0,0.0,3926.0,3926.0,1173.0,509.0,1629.0,653.0
1.0,2802.0,1428.0,1689.0,1528.0,3854.0,3854.0,1181.0,508.0,1160.0,268.0
1.0,2902.0,820.0,1667.0,3926.0,660.0,660.0,1171.0,496.0,707.0,113.0
1.0,6008.0,1051.0,1640.0,3854.0,0.0,0.0,1155.0,485.0,718.0,333.0
1.0,8811.0,1884.0,1636.0,660.0,0.0,0.0,1149.0,487.0,1167.0,717.0
1.0,7587.0,2468.0,1659.0,0.0,1517.0,1517.0,1159.0,500.0,1579.0,889.0
1.0,5119.0,2230.0,1686.0,0.0,3855.0,3855.0,1175.0,511.0,1567.0,663.0
1.0,2889.0,1417.0,1693.0,1517.0,3783.0,3783.0,1182.0,511.0,1135.0,282.0
1.0,2989.0,803.0,1672.0,3855.0,647.0,647.0,1173.0,499.0,699.0,104.0
1.0,6041.0,978.0,1645.0,3783.0,0.0,0.0,1157.0,488.0,669.0,309.0
1.0,8846.0,1800.0,1640.0,647.0,0.0,0.0,1150.0,490.0,1116.0,684.0
1.0,7693.0,2440.0,1661.0,0.0,1391.0,1391.0,1159.0,502.0,1578.0,862.0
1.0,5253.0,2275.0,1688.0,0.0,3774.0,3774.0,1175.0,513.0,1607.0,668.0
1.0,2978.0,1436.0,1692.0,1391.0,3835.0,3835.0,1180.0,512.0,1136.0,300.0
1.0,2933.0,730.0,1671.0,3774.0,707.0,707.0,1170.0,501.0,611.0,119.0
1.0,5977.0,935.0,1644.0,3835.0,0.0,0.0,1153.0,491.0,614.0,321.0
1.0,8877.0,1825.0,1637.0,707.0,0.0,0.0,1145.0,492.0,1132.0,693.0
1.0,7759.0,2508.0,1658.0,0.0,1381.0,1381.0,1154.0,504.0,1631.0,877.0
1.0,5251.0,2313.0,1685.0,0.0,3802.0,3802.0,1170.0,515.0,1632.0,681.0
1.0,2938.0,1449.0,1692.0,1381.0,3898.0,3898.0,1178.0,514.0,1143.0,306.0
1.0,2870.0,786.0,1672.0,3802.0,802.0,802.0,1169.0,503.0,651.0,135.0
1.0,5886.0,1017.0,1646.0,3898.0,0.0,0.0,1153.0,493.0,685.0,332.0
1.0,8767.0,1880.0,1639.0,802.0,0.0,0.0,1144.0,495.0,1169.0,711.0
1.0,7689.0,2507.0,1660.0,0.0,1458.0,1458.0,1153.0,507.0,1624.0,883.0
1.0,5182.0,2275.0,1686.0,0.0,3837.0,3837.0,1169.0,517.0,1592.0,683.0
1.0,2907.0,1476.0,1691.0,1458.0,3875.0,3875.0,1176.0,515.0,1168.0,308.0
1.0,2889.0,830.0,1672.0,3837.0,792.0,792.0,1168.0,504.0,712.0,118.0
1.0,5896.0,1074.0,1646.0,3875.0,0.0,0.0,1152.0,494.0,753.0,321.0
1.0,8697.0,1978.0,1641.0,792.0,0.0,0.0,1145.0,496.0,1260.0,718.0
1.0,7511.0,2631.0,1662.0,0.0,1768.0,1768.0,1155.0,507.0,1726.0,905.0
1.0,4880.0,2380.0,1690.0,0.0,4260.0,4260.0,1173.0,517.0,1692.0,688.0
1.0,2500.0,1510.0,1697.0,1768.0,4030.0,4030.0,1182.0,515.0,1212.0,298.0
1.0,2758.0,884.0,1679.0,4260.0,582.0,582.0,1175.0,504.0,747.0,137.0
1.0,6134.0,1117.0,1653.0,4030.0,0.0,0.0,1159.0,494.0,777.0,340.0
1.0,9047.0,2028.0,1649.0,582.0,0.0,0.0,1153.0,496.0,1308.0,720.0
1.0,7601.0,2676.0,1671.0,0.0,1759.0,1759.0,1164.0,507.0,1768.0,908.0
1.0,4925.0,2411.0,1699.0,0.0,4282.0,4282.0,1182.0,517.0,1698.0,713.0
1.0,2514.0,1513.0,1707.0,1759.0,4068.0,4068.0,1191.0,516.0,1186.0,327.0
1.0,2760.0,861.0,1687.0,4282.0,567.0,567.0,1183.0,504.0,733.0,128.0
1.0,6181.0,1093.0,1659.0,4068.0,0.0,0.0,1166.0,493.0,785.0,308.0
1.0,9156.0,1988.0,1654.0,567.0,0.0,0.0,1160.0,494.0,1295.0,693.0
1.0,7735.0,2627.0,1677.0,0.0,1600.0,1600.0,1171.0,506.0,1721.0,906.0
1.0,5108.0,2381.0,1705.0,0.0,4093.0,4093.0,1188.0,517.0,1653.0,728.0
1.0,2727.0,1522.0,1713.0,1600.0,4047.0,4047.0,1196.0,517.0,1168.0,354.0
1.0,2805.0,877.0,1693.0,4093.0,751.0,751.0,1188.0,505.0,729.0,148.0
1.0,6021.0,1048.0,1665.0,4047.0,0.0,0.0,1171.0,494.0,740.0,308.0
1.0,9020.0,1860.0,1656.0,751.0,0.0,0.0,1161.0,495.0,1186.0,674.0
1.0,7911.0,2480.0,1676.0,0.0,1273.0,1273.0,1169.0,507.0,1607.0,873.0
1.0,5431.0,2319.0,1704.0,0.0,3704.0,3704.0,1186.0,518.0,1605.0,714.0
1.0,3112.0,1539.0,1712.0,1273.0,4002.0,4002.0,1195.0,517.0,1190.0,349.0
1.0,2846.0,901.0,1693.0,3704.0,1123.0,1123.0,1187.0,506.0,740.0,161.0
1.0,5649.0,1042.0,1665.0,4002.0,0.0,0.0,1170.0,495.0,744.0,298.0
1.0,8609.0,1801.0,1656.0,1123.0,0.0,0.0,1161.0,495.0,1155.0,646.0
1.0,7931.0,2385.0,1674.0,0.0,1150.0,1150.0,1168.0,506.0,1535.0,850.0
1.0,5546.0,2259.0,1702.0,0.0,3521.0,3521.0,1184.0,518.0,1523.0,736.0
1.0,3287.0,1547.0,1711.0,1150.0,3954.0,3954.0,1192.0,519.0,1149.0,398.0
1.0,2890.0,930.0,1693.0,3521.0,1291.0,1291.0,1185.0,508.0,779.0,151.0
1.0,5481.0,1038.0,1666.0,3954.0,0.0,0.0,1170.0,496.0,780.0,258.0
1.0,8397.0,1742.0,1656.0,1291.0,0.0,0.0,1161.0,495.0,1122.0,620.0
1.0,7946.0,2373.0,1674.0,0.0,1123.0,1123.0,1168.0,506.0,1506.0,867.0
1.0,5573.0,2280.0,1703.0,0.0,3519.0,3519.0,1184.0,519.0,1526.0,754.0
1.0,3293.0,1557.0,1714.0,1123.0,3997.0,3997.0,1193.0,521.0,1156.0,401.0
1.0,2859.0,944.0,1697.0,3519.0,1354.0,1354.0,1187.0,510.0,797.0,147.0
1.0,5434.0,1058.0,1672.0,3997.0,0.0,0.0,1173.0,499.0,814.0,244.0
1.0,8373.0,1817.0,1663.0,1354.0,0.0,0.0,1165.0,498.0,1203.0,614.0
1.0,7910.0,2460.0,1682.0,0.0,1278.0,1278.0,1173.0,509.0,1567.0,893.0
1.0,5450.0,2386.0,1714.0,0.0,3792.0,3792.0,1192.0,522.0,1594.0,792.0
1.0,3064.0,1644.0,1728.0,1278.0,4214.0,4214.0,1204.0,524.0,1236.0,408.0
1.0,2698.0,988.0,1712.0,3792.0,1346.0,1346.0,1199.0,513.0,860.0,128.0
1.0,5502.0,1049.0,1684.0,4214.0,0.0,0.0,1183.0,501.0,802.0,247.0
1.0,8667.0,1728.0,1672.0,1346.0,0.0,0.0,1173.0,499.0,1109.0,619.0
1.0,8285.0,2410.0,1691.0,0.0,889.0,889.0,1180.0,511.0,1518.0,892.0
1.0,5875.0,2404.0,1722.0,0.0,3417.0,3417.0,1199.0,523.0,1640.0,764.0
1.0,3471.0,1766.0,1736.0,889.0,4350.0,4350.0,1212.0,524.0,1368.0,398.0
1.0,2594.0,1083.0,1721.0,3417.0,1956.0,1956.0,1208.0,513.0,936.0,147.0
1.0,4928.0,1110.0,1694.0,4350.0,0.0,0.0,1192.0,502.0,830.0,280.0
1.0,8168.0,1753.0,1684.0,1956.0,0.0,0.0,1183.0,501.0,1100.0,653.0
1.0,8371.0,2384.0,1701.0,0.0,817.0,817.0,1189.0,512.0,1487.0,897.0
1.0,5987.0,2387.0,1731.0,0.0,3324.0,3324.0,1206.0,525.0,1610.0,777.0
1.0,3600.0,1767.0,1744.0,817.0,4326.0,4326.0,1218.0,526.0,1369.0,398.0
1.0,2650.0,1119.0,1728.0,3324.0,2057.0,2057.0,1213.0,515.0,983.0,136.0
1.0,4855.0,1146.0,1699.0,4326.0,0.0,0.0,1196.0,503.0,871.0,275.0
1.0,8035.0,1772.0,1688.0,2057.0,0.0,0.0,1185.0,503.0,1109.0,663.0
1.0,8320.0,2438.0,1706.0,0.0,942.0,942.0,1191.0,515.0,1500.0,938.0
1.0,5882.0,2424.0,1736.0,0.0,3486.0,3486.0,1208.0,528.0,1625.0,799.0
1.0,3458.0,1730.0,1747.0,942.0,4318.0,4318.0,1218.0,529.0,1344.0,386.0
1.0,2670.0,1056.0,1729.0,3486.0,1816.0,1816.0,1212.0,517.0,947.0,109.0
1.0,5100.0,1109.0,1698.0,4318.0,0.0,0.0,1194.0,504.0,852.0,257.0
1.0,8309.0,1810.0,1687.0,1816.0,0.0,0.0,1183.0,504.0,1118.0,692.0
1.0,8315.0,2434.0,1704.0,0.0,935.0,935.0,1188.0,516.0,1475.0,959.0
1.0,5881.0,2382.0,1734.0,0.0,3437.0,3437.0,1205.0,529.0,1600.0,782.0
1.0,3499.0,1714.0,1745.0,935.0,4260.0,4260.0,1216.0,529.0,1374.0,340.0
1.0,2720.0,1084.0,1728.0,3437.0,1839.0,1839.0,1211.0,517.0,1020.0,64.0
1.0,5073.0,1117.0,1699.0,4260.0,0.0,0.0,1194.0,505.0,847.0,270.0
1.0,8216.0,1788.0,1688.0,1839.0,0.0,0.0,1183.0,505.0,1056.0,732.0
1.0,8267.0,2433.0,1705.0,0.0,986.0,986.0,1188.0,517.0,1444.0,989.0
1.0,5834.0,2342.0,1733.0,0.0,3440.0,3440.0,1204.0,529.0,1581.0,761.0
1.0,3492.0,1663.0,1745.0,986.0,4165.0,4165.0,1216.0,529.0,1366.0,297.0
1.0,2815.0,1072.0,1730.0,3440.0,1737.0,1737.0,1213.0,517.0,1018.0,54.0
1.0,5183.0,1182.0,1705.0,4165.0,0.0,0.0,1200.0,505.0,914.0,268.0
1.0,8166.0,1828.0,1696.0,1737.0,0.0,0.0,1190.0,506.0,1091.0,737.0
1.0,8075.0,2387.0,1712.0,0.0,1160.0,1160.0,1194.0,518.0,1401.0,986.0
1.0,5688.0,2343.0,1740.0,0.0,3615.0,3615.0,1210.0,530.0,1580.0,763.0
1.0,3345.0,1689.0,1752.0,1160.0,4192.0,4192.0,1222.0,530.0,1380.0,309.0
1.0,2816.0,1059.0,1738.0,3615.0,1580.0,1580.0,1220.0,518.0,1012.0,47.0
1.0,5372.0,1122.0,1713.0,4192.0,0.0,0.0,1206.0,507.0,845.0,277.0
1.0,8442.0,1769.0,1704.0,1580.0,0.0,0.0,1197.0,507.0,1021.0,748.0
1.0,8253.0,2386.0,1721.0,0.0,1017.0,1017.0,1202.0,519.0,1408.0,978.0
1.0,5867.0,2381.0,1748.0,0.0,3506.0,3506.0,1218.0,530.0,1645.0,736.0
1.0,3486.0,1713.0,1761.0,1017.0,4254.0,4254.0,1231.0,530.0,1457.0,256.0
1.0,2790.0,1051.0,1748.0,3506.0,1747.0,1747.0,1230.0,518.0,1041.0,10.0
1.0,5245.0,1022.0,1722.0,4254.0,0.0,0.0,1216.0,506.0,764.0,258.0
1.0,8477.0,1665.0,1710.0,1747.0,0.0,0.0,1204.0,506.0,924.0,741.0
1.0,8559.0,2339.0,1725.0,0.0,680.0,680.0,1208.0,517.0,1349.0,990.0
1.0,6220.0,2390.0,1753.0,0.0,3182.0,3182.0,1223.0,530.0,1607.0,783.0
1.0,3830.0,1719.0,1766.0,680.0,4273.0,4273.0,1235.0,531.0,1419.0,300.0
1.0,2791.0,1044.0,1750.0,3182.0,2071.0,2071.0,1231.0,519.0,1021.0,23.0
1.0,4929.0,1001.0,1723.0,4273.0,0.0,0.0,1216.0,507.0,773.0,228.0
1.0,8201.0,1675.0,1709.0,2071.0,0.0,0.0,1204.0,505.0,952.0,723.0
1.0,8597.0,2412.0,1724.0,0.0,711.0,711.0,1207.0,517.0,1379.0,1033.0
1.0,6185.0,2470.0,1752.0,0.0,3293.0,3293.0,1221.0,531.0,1626.0,844.0
1.0,3715.0,1757.0,1766.0,711.0,4395.0,4395.0,1233.0,533.0,1425.0,332.0
1.0,2669.0,1052.0,1753.0,3293.0,2102.0,2102.0,1232.0,521.0,1024.0,28.0
1.0,4910.0,1046.0,1727.0,4395.0,0.0,0.0,1218.0,509.0,812.0,234.0
1.0,8259.0,1767.0,1714.0,2102.0,0.0,0.0,1206.0,508.0,1025.0,742.0
1.0,8594.0,2476.0,1729.0,0.0,798.0,798.0,1208.0,521.0,1438.0,1038.0
1.0,6118.0,2477.0,1755.0,0.0,3379.0,3379.0,1221.0,534.0,1635.0,842.0
1.0,3641.0,1773.0,1768.0,798.0,4406.0,4406.0,1233.0,535.0,1435.0,338.0
1.0,2666.0,1074.0,1754.0,3379.0,2045.0,2045.0,1231.0,523.0,1030.0,44.0
1.0,4971.0,1076.0,1729.0,4406.0,0.0,0.0,1218.0,511.0,818.0,258.0
1.0,8301.0,1764.0,1718.0,2045.0,0.0,0.0,1207.0,511.0,1007.0,757.0
1.0,8582.0,2483.0,1731.0,0.0,825.0,825.0,1208.0,523.0,1430.0,1053.0
1.0,6099.0,2510.0,1758.0,0.0,3443.0,3443.0,1221.0,537.0,1675.0,835.0
1.0,3589.0,1778.0,1771.0,825.0,4448.0,4448.0,1233.0,538.0,1458.0,320.0
1.0,2636.0,1082.0,1756.0,3443.0,2027.0,2027.0,1231.0,525.0,1047.0,35.0
1.0,4997.0,1143.0,1732.0,4448.0,0.0,0.0,1219.0,513.0,874.0,269.0
1.0,8302.0,1864.0,1721.0,2027.0,0.0,0.0,1209.0,512.0,1090.0,774.0
1.0,8465.0,2576.0,1738.0,0.0,1063.0,1063.0,1213.0,525.0,1534.0,1042.0
1.0,5889.0,2518.0,1765.0,0.0,3689.0,3689.0,1227.0,538.0,1711.0,807.0
1.0,3371.0,1771.0,1778.0,1063.0,4449.0,4449.0,1239.0,539.0,1470.0,301.0
1.0,2663.0,1107.0,1764.0,3689.0,1811.0,1811.0,1238.0,526.0,1066.0,41.0
1.0,5245.0,1192.0,1740.0,4449.0,0.0,0.0,1227.0,513.0,909.0,283.0
1.0,8502.0,1943.0,1733.0,1811.0,0.0,0.0,1219.0,514.0,1145.0,798.0
1.0,8370.0,2602.0,1750.0,0.0,1232.0,1232.0,1222.0,528.0,1528.0,1074.0
1.0,5768.0,2515.0,1777.0,0.0,3855.0,3855.0,1234.0,543.0,1679.0,836.0
1.0,3253.0,1702.0,1788.0,1232.0,4369.0,4369.0,1245.0,543.0,1409.0,293.0
1.0,2783.0,1019.0,1773.0,3855.0,1473.0,1473.0,1244.0,529.0,1007.0,12.0
1.0,5619.0,1116.0,1748.0,4369.0,0.0,0.0,1233.0,515.0,854.0,262.0
1.0,8872.0,1926.0,1740.0,1473.0,0.0,0.0,1224.0,516.0,1135.0,791.0
1.0,8419.0,2643.0,1759.0,0.0,1260.0,1260.0,1228.0,531.0,1577.0,1066.0
1.0,5776.0,2487.0,1786.0,0.0,3855.0,3855.0,1241.0,545.0,1697.0,790.0
1.0,3289.0,1618.0,1795.0,1260.0,4249.0,4249.0,1250.0,545.0,1366.0,252.0
1.0,2931.0,954.0,1777.0,3855.0,1276.0,1276.0,1247.0,530.0,954.0,0.0
1.0,5832.0,1080.0,1752.0,4249.0,0.0,0.0,1236.0,516.0,825.0,255.0
1.0,9001.0,1892.0,1744.0,1276.0,0.0,0.0,1227.0,517.0,1111.0,781.0
1.0,8385.0,2576.0,1761.0,0.0,1235.0,1235.0,1230.0,531.0,1519.0,1057.0
1.0,5809.0,2443.0,1788.0,0.0,3786.0,3786.0,1242.0,546.0,1637.0,806.0
1.0,3366.0,1562.0,1796.0,1235.0,4145.0,4145.0,1251.0,545.0,1296.0,266.0
1.0,3039.0,887.0,1779.0,3786.0,1178.0,1178.0,1248.0,531.0,887.0,0.0
1.0,5938.0,1016.0,1753.0,4145.0,0.0,0.0,1237.0,516.0,803.0,213.0
1.0,9067.0,1799.0,1742.0,1178.0,0.0,0.0,1226.0,516.0,1072.0,727.0
1.0,8446.0,2530.0,1757.0,0.0,1112.0,1112.0,1226.0,531.0,1506.0,1024.0
1.0,5916.0,2441.0,1785.0,0.0,3665.0,3665.0,1238.0,547.0,1621.0,820.0
1.0,3475.0,1609.0,1796.0,1112.0,4206.0,4206.0,1248.0,548.0,1287.0,322.0
1.0,2978.0,867.0,1780.0,3665.0,1344.0,1344.0,1246.0,534.0,857.0,10.0
1.0,5776.0,992.0,1754.0,4206.0,0.0,0.0,1235.0,519.0,781.0,211.0
1.0,8990.0,1800.0,1743.0,1344.0,0.0,0.0,1226.0,517.0,1112.0,688.0
1.0,8534.0,2543.0,1758.0,0.0,1041.0,1041.0,1228.0,530.0,1545.0,998.0
1.0,5991.0,2454.0,1786.0,0.0,3607.0,3607.0,1240.0,546.0,1632.0,822.0
1.0,3537.0,1672.0,1799.0,1041.0,4290.0,4290.0,1251.0,548.0,1316.0,356.0
1.0,2906.0,949.0,1784.0,3607.0,1572.0,1572.0,1249.0,535.0,895.0,54.0
1.0,5564.0,1022.0,1758.0,4290.0,0.0,0.0,1239.0,519.0,812.0,210.0
1.0,8832.0,1830.0,1746.0,1572.0,0.0,0.0,1230.0,516.0,1162.0,668.0
1.0,8574.0,2575.0,1762.0,0.0,1049.0,1049.0,1233.0,529.0,1594.0,981.0
1.0,5999.0,2505.0,1790.0,0.0,3666.0,3666.0,1246.0,544.0,1682.0,823.0
1.0,3494.0,1711.0,1803.0,1049.0,4380.0,4380.0,1256.0,547.0,1337.0,374.0
1.0,2832.0,1006.0,1788.0,3666.0,1660.0,1660.0,1254.0,534.0,920.0,86.0
1.0,5492.0,1116.0,1762.0,4380.0,0.0,0.0,1243.0,519.0,874.0,242.0
1.0,8756.0,1925.0,1751.0,1660.0,0.0,0.0,1235.0,516.0,1217.0,708.0
1.0,8491.0,2628.0,1767.0,0.0,1205.0,1205.0,1238.0,529.0,1625.0,1003.0
1.0,5863.0,2481.0,1794.0,0.0,3794.0,3794.0,1250.0,544.0,1651.0,830.0
1.0,3382.0,1667.0,1806.0,1205.0,4304.0,4304.0,1260.0,546.0,1314.0,353.0
1.0,2920.0,1045.0,1792.0,3794.0,1499.0,1499.0,1259.0,533.0,971.0,74.0
1.0,5669.0,1229.0,1768.0,4304.0,0.0,0.0,1250.0,518.0,959.0,270.0
1.0,8744.0,2012.0,1758.0,1499.0,0.0,0.0,1242.0,516.0,1269.0,743.0
1.0,8231.0,2645.0,1774.0,0.0,1510.0,1510.0,1245.0,529.0,1617.0,1028.0
1.0,5586.0,2479.0,1802.0,0.0,4101.0,4101.0,1257.0,545.0,1639.0,840.0
1.0,3107.0,1696.0,1813.0,1510.0,4331.0,4331.0,1266.0,547.0,1331.0,365.0
1.0,2921.0,1066.0,1797.0,4101.0,1232.0,1232.0,1264.0,533.0,996.0,70.0
1.0,5956.0,1203.0,1770.0,4331.0,0.0,0.0,1252.0,518.0,945.0,258.0
1.0,9084.0,2041.0,1761.0,1232.0,0.0,0.0,1244.0,517.0,1286.0,755.0
1.0,8275.0,2676.0,1779.0,0.0,1517.0,1517.0,1247.0,532.0,1613.0,1063.0
1.0,5599.0,2494.0,1806.0,0.0,4119.0,4119.0,1258.0,548.0,1629.0,865.0
1.0,3105.0,1657.0,1814.0,1517.0,4291.0,4291.0,1265.0,549.0,1289.0,368.0
1.0,2965.0,1013.0,1796.0,4119.0,1113.0,1113.0,1261.0,535.0,956.0,57.0
1.0,6071.0,1239.0,1770.0,4291.0,0.0,0.0,1251.0,519.0,979.0,260.0
1.0,9123.0,2088.0,1762.0,1113.0,0.0,0.0,1244.0,518.0,1317.0,771.0
1.0,8148.0,2686.0,1781.0,0.0,1662.0,1662.0,1248.0,533.0,1612.0,1074.0
1.0,5462.0,2431.0,1809.0,0.0,4205.0,4205.0,1259.0,550.0,1567.0,864.0
1.0,3031.0,1536.0,1817.0,1662.0,4111.0,4111.0,1266.0,551.0,1212.0,324.0
1.0,3157.0,920.0,1797.0,4205.0,746.0,746.0,1261.0,536.0,901.0,19.0
1.0,6442.0,1214.0,1769.0,4111.0,0.0,0.0,1249.0,520.0,960.0,254.0
1.0,9339.0,2098.0,1762.0,746.0,0.0,0.0,1242.0,520.0,1313.0,785.0
1.0,7987.0,2686.0,1783.0,0.0,1831.0,1831.0,1247.0,536.0,1620.0,1066.0
1.0,5301.0,2422.0,1811.0,0.0,4365.0,4365.0,1259.0,552.0,1583.0,839.0
1.0,2879.0,1539.0,1819.0,1831.0,4105.0,4105.0,1266.0,553.0,1223.0,316.0
1.0,3171.0,902.0,1801.0,4365.0,570.0,570.0,1262.0,539.0,870.0,32.0
1.0,6634.0,1148.0,1773.0,4105.0,0.0,0.0,1249.0,524.0,880.0,268.0
1.0,9591.0,2016.0,1765.0,570.0,0.0,0.0,1242.0,523.0,1233.0,783.0
1.0,8145.0,2644.0,1785.0,0.0,1639.0,1639.0,1247.0,538.0,1590.0,1054.0
1.0,5501.0,2394.0,1815.0,0.0,4153.0,4153.0,1261.0,554.0,1592.0,802.0
1.0,3107.0,1540.0,1825.0,1639.0,4094.0,4094.0,1270.0,555.0,1263.0,277.0
1.0,3206.0,913.0,1808.0,4153.0,786.0,786.0,1267.0,541.0,908.0,5.0
1.0,6446.0,1131.0,1781.0,4094.0,0.0,0.0,1255.0,526.0,886.0,245.0
1.0,9409.0,1966.0,1772.0,786.0,0.0,0.0,1247.0,525.0,1200.0,766.0
1.0,8229.0,2601.0,1791.0,0.0,1536.0,1536.0,1252.0,539.0,1553.0,1048.0
1.0,5628.0,2422.0,1820.0,0.0,4074.0,4074.0,1266.0,554.0,1605.0,817.0
1.0,3206.0,1609.0,1832.0,1536.0,4195.0,4195.0,1276.0,556.0,1308.0,301.0
1.0,3133.0,1009.0,1817.0,4074.0,1070.0,1070.0,1274.0,543.0,988.0,21.0
1.0,6198.0,1159.0,1791.0,4195.0,0.0,0.0,1262.0,529.0,932.0,227.0
1.0,9234.0,1963.0,1781.0,1070.0,0.0,0.0,1254.0,527.0,1235.0,728.0
1.0,8341.0,2544.0,1797.0,0.0,1391.0,1391.0,1258.0,539.0,1526.0,1018.0
1.0,5797.0,2388.0,1825.0,0.0,3891.0,3891.0,1271.0,554.0,1570.0,818.0
1.0,3409.0,1611.0,1837.0,1391.0,4159.0,4159.0,1281.0,556.0,1298.0,313.0
1.0,3189.0,1034.0,1822.0,3891.0,1242.0,1242.0,1278.0,544.0,1004.0,30.0
1.0,6046.0,1262.0,1796.0,4159.0,0.0,0.0,1266.0,530.0,991.0,271.0
1.0,8943.0,2035.0,1787.0,1242.0,0.0,0.0,1258.0,529.0,1262.0,773.0
1.0,8150.0,2556.0,1803.0,0.0,1618.0,1618.0,1261.0,542.0,1509.0,1047.0
1.0,5594.0,2333.0,1829.0,0.0,4055.0,4055.0,1273.0,556.0,1519.0,814.0
1.0,3261.0,1609.0,1839.0,1618.0,4086.0,4086.0,1281.0,558.0,1288.0,321.0
1.0,3270.0,1067.0,1822.0,4055.0,1030.0,1030.0,1277.0,545.0,1021.0,46.0
1.0,6258.0,1292.0,1796.0,4086.0,0.0,0.0,1265.0,531.0,1016.0,276.0
1.0,9052.0,2051.0,1788.0,1030.0,0.0,0.0,1258.0,530.0,1287.0,764.0
1.0,8031.0,2580.0,1806.0,0.0,1773.0,1773.0,1263.0,543.0,1548.0,1032.0
1.0,5451.0,2341.0,1830.0,0.0,4210.0,4210.0,1273.0,557.0,1517.0,824.0
1.0,3110.0,1589.0,1838.0,1773.0,4058.0,4058.0,1279.0,559.0,1240.0,349.0
1.0,3294.0,1077.0,1820.0,4210.0,853.0,853.0,1274.0,546.0,1002.0,75.0
1.0,6427.0,1339.0,1794.0,4058.0,0.0,0.0,1263.0,531.0,1066.0,273.0
1.0,9146.0,2099.0,1788.0,853.0,0.0,0.0,1258.0,530.0,1354.0,745.0
1.0,7900.0,2589.0,1804.0,0.0,1905.0,1905.0,1262.0,542.0,1564.0,1025.0
1.0,5311.0,2370.0,1829.0,0.0,4375.0,4375.0,1272.0,557.0,1532.0,838.0
1.0,2941.0,1666.0,1838.0,1905.0,4172.0,4172.0,1279.0,559.0,1288.0,378.0
1.0,3180.0,1181.0,1822.0,4375.0,914.0,914.0,1275.0,547.0,1085.0,96.0
1.0,6374.0,1375.0,1797.0,4172.0,0.0,0.0,1265.0,532.0,1092.0,283.0
1.0,9171.0,2059.0,1789.0,914.0,0.0,0.0,1259.0,530.0,1304.0,755.0
1.0,8026.0,2578.0,1806.0,0.0,1776.0,1776.0,1264.0,542.0,1543.0,1035.0
1.0,5448.0,2395.0,1832.0,0.0,4275.0,4275.0,1275.0,557.0,1560.0,835.0
1.0,3053.0,1647.0,1840.0,1776.0,4178.0,4178.0,1281.0,559.0,1288.0,359.0
1.0,3182.0,1141.0,1822.0,4275.0,972.0,972.0,1276.0,546.0,1060.0,81.0
1.0,6316.0,1362.0,1797.0,4178.0,0.0,0.0,1266.0,531.0,1084.0,278.0
1.0,9132.0,2125.0,1791.0,972.0,0.0,0.0,1262.0,529.0,1367.0,758.0
1.0,7979.0,2682.0,1813.0,0.0,1955.0,1955.0,1270.0,543.0,1626.0,1056.0
1.0,5297.0,2454.0,1843.0,0.0,4529.0,4529.0,1284.0,559.0,1591.0,863.0
1.0,2843.0,1620.0,1850.0,1955.0,4222.0,4222.0,1289.0,561.0,1261.0,359.0
1.0,3178.0,1064.0,1831.0,4529.0,681.0,681.0,1284.0,547.0,1013.0,51.0
1.0,6643.0,1279.0,1803.0,4222.0,0.0,0.0,1272.0,531.0,1023.0,256.0
1.0,9586.0,2060.0,1797.0,681.0,0.0,0.0,1267.0,530.0,1296.0,764.0
1.0,8207.0,2601.0,1817.0,0.0,1662.0,1662.0,1273.0,544.0,1542.0,1059.0
1.0,5606.0,2364.0,1845.0,0.0,4138.0,4138.0,1285.0,560.0,1497.0,867.0
1.0,3242.0,1593.0,1853.0,1662.0,4101.0,4101.0,1291.0,562.0,1230.0,363.0
1.0,3311.0,1074.0,1836.0,4138.0,969.0,969.0,1288.0,548.0,1026.0,48.0
1.0,6375.0,1283.0,1809.0,4101.0,0.0,0.0,1277.0,532.0,1064.0,219.0
1.0,9193.0,2045.0,1802.0,969.0,0.0,0.0,1272.0,530.0,1330.0,715.0
1.0,8117.0,2544.0,1822.0,0.0,1715.0,1715.0,1277.0,545.0,1497.0,1047.0
1.0,5573.0,2307.0,1849.0,0.0,4130.0,4130.0,1287.0,562.0,1416.0,891.0
1.0,3266.0,1557.0,1857.0,1715.0,4004.0,4004.0,1292.0,565.0,1159.0,398.0
1.0,3424.0,1057.0,1839.0,4130.0,859.0,859.0,1288.0,551.0,1002.0,55.0
1.0,6497.0,1270.0,1814.0,4004.0,0.0,0.0,1279.0,535.0,1076.0,194.0
1.0,9231.0,2016.0,1806.0,859.0,0.0,0.0,1274.0,532.0,1327.0,689.0
1.0,8074.0,2542.0,1824.0,0.0,1764.0,1764.0,1277.0,547.0,1496.0,1046.0
1.0,5532.0,2324.0,1849.0,0.0,4188.0,4188.0,1285.0,564.0,1421.0,903.0
1.0,3208.0,1536.0,1856.0,1764.0,3988.0,3988.0,1289.0,567.0,1121.0,415.0
1.0,3436.0,993.0,1838.0,4188.0,721.0,721.0,1284.0,554.0,944.0,49.0
1.0,6631.0,1245.0,1812.0,3988.0,0.0,0.0,1274.0,538.0,1056.0,189.0
1.0,9374.0,2039.0,1806.0,721.0,0.0,0.0,1270.0,536.0,1358.0,681.0
1.0,8056.0,2581.0,1825.0,0.0,1825.0,1825.0,1275.0,550.0,1543.0,1038.0
1.0,5475.0,2356.0,1850.0,0.0,4281.0,4281.0,1284.0,566.0,1455.0,901.0
1.0,3119.0,1571.0,1856.0,1825.0,4051.0,4051.0,1287.0,569.0,1166.0,405.0
1.0,3373.0,1051.0,1837.0,4281.0,745.0,745.0,1282.0,555.0,1000.0,51.0
1.0,6603.0,1319.0,1814.0,4051.0,0.0,0.0,1275.0,539.0,1123.0,196.0
1.0,9335.0,2090.0,1808.0,745.0,0.0,0.0,1272.0,536.0,1403.0,687.0
1.0,7990.0,2637.0,1828.0,0.0,1959.0,1959.0,1278.0,550.0,1578.0,1059.0
1.0,5353.0,2410.0,1855.0,0.0,4477.0,4477.0,1287.0,568.0,1467.0,943.0
1.0,2943.0,1614.0,1861.0,1959.0,4156.0,4156.0,1290.0,571.0,1173.0,441.0
1.0,3288.0,1052.0,1841.0,4477.0,651.0,651.0,1284.0,557.0,997.0,55.0
1.0,6713.0,1336.0,1817.0,4156.0,0.0,0.0,1277.0,540.0,1170.0,166.0
1.0,9533.0,2157.0,1813.0,651.0,0.0,0.0,1276.0,537.0,1494.0,663.0
1.0,8027.0,2744.0,1836.0,0.0,2061.0,2061.0,1285.0,551.0,1674.0,1070.0
1.0,5283.0,2483.0,1863.0,0.0,4652.0,4652.0,1295.0,568.0,1521.0,962.0
1.0,2800.0,1656.0,1869.0,2061.0,4271.0,4271.0,1297.0,572.0,1203.0,453.0
1.0,3205.0,1108.0,1850.0,4652.0,651.0,651.0,1291.0,559.0,1046.0,62.0
1.0,6749.0,1376.0,1827.0,4271.0,0.0,0.0,1285.0,542.0,1209.0,167.0
1.0,9644.0,2220.0,1824.0,651.0,0.0,0.0,1285.0,539.0,1548.0,672.0
1.0,8075.0,2730.0,1844.0,0.0,2031.0,2031.0,1292.0,552.0,1671.0,1059.0
1.0,5345.0,2414.0,1868.0,0.0,4541.0,4541.0,1299.0,569.0,1451.0,963.0
1.0,2931.0,1627.0,1873.0,2031.0,4157.0,4157.0,1301.0,572.0,1162.0,465.0
1.0,3335.0,1104.0,1855.0,4541.0,648.0,648.0,1296.0,559.0,1041.0,63.0
1.0,6772.0,1397.0,1831.0,4157.0,0.0,0.0,1289.0,542.0,1222.0,175.0
1.0,9532.0,2267.0,1830.0,648.0,0.0,0.0,1290.0,540.0,1574.0,693.0
1.0,7913.0,2797.0,1852.0,0.0,2292.0,2292.0,1298.0,554.0,1718.0,1079.0
1.0,5116.0,2366.0,1875.0,0.0,4750.0,4750.0,1305.0,570.0,1424.0,942.0
1.0,2750.0,1480.0,1877.0,2292.0,3946.0,3946.0,1304.0,573.0,1051.0,429.0
1.0,3562.0,1015.0,1855.0,4750.0,123.0,123.0,1296.0,559.0,958.0,57.0
1.0,7297.0,1371.0,1831.0,3946.0,0.0,0.0,1288.0,543.0,1185.0,186.0
1.0,9872.0,2256.0,1827.0,123.0,0.0,0.0,1287.0,540.0,1559.0,697.0
1.0,7739.0,2784.0,1849.0,0.0,2441.0,2441.0,1296.0,553.0,1705.0,1079.0
1.0,4955.0,2385.0,1875.0,0.0,4930.0,4930.0,1304.0,571.0,1429.0,956.0
1.0,2570.0,1479.0,1878.0,2441.0,3980.0,3980.0,1304.0,574.0,1034.0,445.0
1.0,3532.0,960.0,1858.0,4930.0,0.0,0.0,1297.0,561.0,913.0,47.0
1.0,7502.0,1316.0,1832.0,3980.0,0.0,0.0,1289.0,543.0,1154.0,162.0
1.0,10166.0,2204.0,1830.0,0.0,0.0,0.0,1290.0,540.0,1522.0,682.0
1.0,7962.0,2739.0,1851.0,0.0,2181.0,2181.0,1298.0,553.0,1667.0,1072.0
1.0,5223.0,2406.0,1877.0,0.0,4691.0,4691.0,1306.0,571.0,1441.0,965.0
1.0,2817.0,1502.0,1882.0,2181.0,4032.0,4032.0,1306.0,576.0,1054.0,448.0
1.0,3496.0,902.0,1859.0,4691.0,151.0,151.0,1297.0,562.0,867.0,35.0
1.0,7285.0,1226.0,1834.0,4032.0,0.0,0.0,1289.0,545.0,1082.0,144.0
1.0,10091.0,2173.0,1832.0,151.0,0.0,0.0,1291.0,541.0,1505.0,668.0
1.0,8069.0,2780.0,1855.0,0.0,2131.0,2131.0,1301.0,554.0,1698.0,1082.0
1.0,5289.0,2488.0,1883.0,0.0,4731.0,4731.0,1311.0,572.0,1508.0,980.0
1.0,2801.0,1547.0,1888.0,2131.0,4167.0,4167.0,1311.0,577.0,1098.0,449.0
1.0,3385.0,885.0,1866.0,4731.0,233.0,233.0,1302.0,564.0,858.0,27.0
1.0,7231.0,1125.0,1839.0,4167.0,0.0,0.0,1293.0,546.0,998.0,127.0
1.0,10273.0,2108.0,1835.0,233.0,0.0,0.0,1293.0,542.0,1444.0,664.0
1.0,8398.0,2863.0,1861.0,0.0,1909.0,1909.0,1306.0,555.0,1766.0,1097.0
1.0,5535.0,2622.0,1892.0,0.0,4655.0,4655.0,1319.0,573.0,1623.0,999.0
1.0,2913.0,1630.0,1899.0,1909.0,4404.0,4404.0,1321.0,578.0,1168.0,462.0
1.0,3192.0,890.0,1877.0,4655.0,551.0,551.0,1311.0,566.0,842.0,48.0
1.0,6957.0,1127.0,1849.0,4404.0,0.0,0.0,1300.0,549.0,981.0,146.0
1.0,10234.0,2105.0,1844.0,551.0,0.0,0.0,1300.0,544.0,1439.0,666.0
1.0,8680.0,2879.0,1869.0,0.0,1675.0,1675.0,1312.0,557.0,1802.0,1077.0
1.0,5801.0,2667.0,1900.0,0.0,4466.0,4466.0,1325.0,575.0,1675.0,992.0
1.0,3134.0,1694.0,1908.0,1675.0,4517.0,4517.0,1327.0,581.0,1209.0,485.0
1.0,3115.0,942.0,1885.0,4466.0,901.0,901.0,1316.0,569.0,873.0,69.0
1.0,6639.0,1198.0,1858.0,4517.0,0.0,0.0,1306.0,552.0,1040.0,158.0
1.0,9958.0,2157.0,1853.0,901.0,0.0,0.0,1307.0,546.0,1494.0,663.0
1.0,8702.0,2867.0,1877.0,0.0,1673.0,1673.0,1318.0,559.0,1789.0,1078.0
1.0,5835.0,2652.0,1908.0,0.0,4449.0,4449.0,1331.0,577.0,1654.0,998.0
1.0,3183.0,1714.0,1915.0,1673.0,4518.0,4518.0,1332.0,583.0,1222.0,492.0
1.0,3142.0,1013.0,1893.0,4449.0,994.0,994.0,1321.0,572.0,929.0,84.0
1.0,6578.0,1221.0,1864.0,4518.0,0.0,0.0,1309.0,555.0,1045.0,176.0
1.0,9875.0,2105.0,1856.0,994.0,0.0,0.0,1307.0,549.0,1429.0,676.0
1.0,8764.0,2798.0,1878.0,0.0,1546.0,1546.0,1317.0,561.0,1710.0,1088.0
1.0,5966.0,2572.0,1907.0,0.0,4234.0,4234.0,1327.0,580.0,1571.0,1001.0
1.0,3394.0,1675.0,1912.0,1546.0,4383.0,4383.0,1326.0,586.0,1172.0,503.0
1.0,3265.0,1075.0,1891.0,4234.0,1140.0,1140.0,1316.0,575.0,981.0,94.0
1.0,6424.0,1373.0,1864.0,4383.0,0.0,0.0,1306.0,558.0,1179.0,194.0
1.0,9434.0,2232.0,1861.0,1140.0,0.0,0.0,1308.0,553.0,1535.0,697.0
1.0,8342.0,2778.0,1883.0,0.0,1968.0,1968.0,1318.0,565.0,1686.0,1092.0
1.0,5564.0,2455.0,1909.0,0.0,4527.0,4527.0,1326.0,583.0,1489.0,966.0
1.0,3109.0,1599.0,1913.0,1968.0,4174.0,4174.0,1325.0,588.0,1137.0,462.0
1.0,3478.0,1100.0,1890.0,4527.0,655.0,655.0,1314.0,576.0,1008.0,92.0
1.0,6905.0,1457.0,1865.0,4174.0,0.0,0.0,1305.0,560.0,1243.0,214.0
1.0,9622.0,2298.0,1863.0,655.0,0.0,0.0,1308.0,555.0,1595.0,703.0
1.0,7979.0,2802.0,1889.0,0.0,2379.0,2379.0,1321.0,568.0,1732.0,1070.0
1.0,5177.0,2387.0,1915.0,0.0,4870.0,4870.0,1330.0,585.0,1446.0,941.0
1.0,2790.0,1548.0,1919.0,2379.0,4055.0,4055.0,1329.0,590.0,1097.0,451.0
1.0,3621.0,1133.0,1897.0,4870.0,230.0,230.0,1319.0,578.0,1046.0,87.0
1.0,7358.0,1536.0,1872.0,4055.0,0.0,0.0,1311.0,561.0,1317.0,219.0
1.0,9877.0,2318.0,1871.0,230.0,0.0,0.0,1315.0,556.0,1621.0,697.0
1.0,7789.0,2687.0,1895.0,0.0,2478.0,2478.0,1327.0,568.0,1650.0,1037.0
1.0,5102.0,2280.0,1921.0,0.0,4862.0,4862.0,1336.0,585.0,1362.0,918.0
1.0,2822.0,1487.0,1924.0,2478.0,3883.0,3883.0,1334.0,590.0,1049.0,438.0
1.0,3813.0,1093.0,1902.0,4862.0,26.0,26.0,1324.0,578.0,1006.0,87.0
1.0,7582.0,1513.0,1879.0,3883.0,0.0,0.0,1317.0,562.0,1311.0,202.0
1.0,9952.0,2311.0,1877.0,26.0,0.0,0.0,1321.0,556.0,1640.0,671.0
1.0,7667.0,2699.0,1900.0,0.0,2632.0,2632.0,1333.0,567.0,1681.0,1018.0
1.0,4968.0,2283.0,1927.0,0.0,5023.0,5023.0,1343.0,584.0,1389.0,894.0
1.0,2685.0,1461.0,1931.0,2632.0,3868.0,3868.0,1342.0,589.0,1041.0,420.0
1.0,3856.0,1051.0,1910.0,5023.0,0.0,0.0,1332.0,578.0,967.0,84.0
1.0,7828.0,1455.0,1884.0,3868.0,0.0,0.0,1323.0,561.0,1234.0,221.0
1.0,10241.0,2280.0,1880.0,0.0,0.0,0.0,1324.0,556.0,1584.0,696.0
1.0,7961.0,2682.0,1902.0,0.0,2329.0,2329.0,1335.0,567.0,1646.0,1036.0
1.0,5279.0,2290.0,1929.0,0.0,4727.0,4727.0,1345.0,584.0,1379.0,911.0
1.0,2989.0,1479.0,1936.0,2329.0,3905.0,3905.0,1346.0,590.0,1052.0,427.0
1.0,3839.0,1039.0,1915.0,4727.0,133.0,133.0,1337.0,578.0,974.0,65.0
1.0,7527.0,1422.0,1887.0,3905.0,0.0,0.0,1326.0,561.0,1224.0,198.0
1.0,10010.0,2233.0,1880.0,133.0,0.0,0.0,1325.0,555.0,1544.0,689.0
1.0,7910.0,2689.0,1900.0,0.0,2379.0,2379.0,1334.0,566.0,1631.0,1058.0
1.0,5221.0,2308.0,1927.0,0.0,4795.0,4795.0,1344.0,583.0,1381.0,927.0
1.0,2913.0,1483.0,1934.0,2379.0,3927.0,3927.0,1345.0,589.0,1052.0,431.0
1.0,3809.0,1098.0,1914.0,4795.0,150.0,150.0,1337.0,577.0,1020.0,78.0
1.0,7506.0,1460.0,1888.0,3927.0,0.0,0.0,1327.0,561.0,1257.0,203.0
1.0,9973.0,2244.0,1879.0,150.0,0.0,0.0,1324.0,555.0,1547.0,697.0
1.0,7879.0,2698.0,1898.0,0.0,2411.0,2411.0,1332.0,566.0,1620.0,1078.0
1.0,5181.0,2335.0,1925.0,0.0,4854.0,4854.0,1342.0,583.0,1390.0,945.0
1.0,2846.0,1553.0,1932.0,2411.0,4024.0,4024.0,1343.0,589.0,1101.0,452.0
1.0,3704.0,1134.0,1913.0,4854.0,228.0,228.0,1335.0,578.0,1052.0,82.0
1.0,7424.0,1524.0,1887.0,4024.0,0.0,0.0,1326.0,561.0,1304.0,220.0
1.0,9924.0,2350.0,1881.0,228.0,0.0,0.0,1325.0,556.0,1617.0,733.0
1.0,7802.0,2823.0,1902.0,0.0,2629.0,2629.0,1334.0,568.0,1711.0,1112.0
1.0,4979.0,2432.0,1930.0,0.0,5173.0,5173.0,1345.0,585.0,1475.0,957.0
1.0,2547.0,1579.0,1937.0,2629.0,4151.0,4151.0,1347.0,590.0,1156.0,423.0
1.0,3597.0,1137.0,1917.0,5173.0,35.0,35.0,1340.0,577.0,1087.0,50.0
1.0,7633.0,1552.0,1894.0,4151.0,0.0,0.0,1333.0,561.0,1326.0,226.0
1.0,10232.0,2445.0,1891.0,35.0,0.0,0.0,1335.0,556.0,1673.0,772.0
1.0,7822.0,2887.0,1915.0,0.0,2725.0,2725.0,1346.0,569.0,1739.0,1148.0
1.0,4935.0,2443.0,1941.0,0.0,5272.0,5272.0,1355.0,586.0,1466.0,977.0
1.0,2492.0,1579.0,1945.0,2725.0,4142.0,4142.0,1355.0,590.0,1147.0,432.0
1.0,3638.0,1146.0,1924.0,5272.0,0.0,0.0,1346.0,578.0,1091.0,55.0
1.0,7764.0,1568.0,1901.0,4142.0,0.0,0.0,1340.0,561.0,1347.0,221.0
1.0,10338.0,2443.0,1901.0,0.0,0.0,0.0,1343.0,558.0,1662.0,781.0
1.0,7895.0,2889.0,1925.0,0.0,2694.0,2694.0,1354.0,571.0,1728.0,1161.0
1.0,5006.0,2430.0,1951.0,0.0,5228.0,5228.0,1363.0,588.0,1454.0,976.0
1.0,2576.0,1552.0,1953.0,2694.0,4094.0,4094.0,1360.0,593.0,1116.0,436.0
1.0,3718.0,1124.0,1930.0,5228.0,0.0,0.0,1350.0,580.0,1057.0,67.0
1.0,7822.0,1551.0,1906.0,4094.0,0.0,0.0,1342.0,564.0,1319.0,232.0
1.0,10365.0,2443.0,1907.0,0.0,0.0,0.0,1346.0,561.0,1673.0,770.0
1.0,7922.0,2855.0,1932.0,0.0,2661.0,2661.0,1358.0,574.0,1726.0,1129.0
1.0,5067.0,2387.0,1956.0,0.0,5144.0,5144.0,1366.0,590.0,1438.0,949.0
1.0,2680.0,1469.0,1955.0,2661.0,3948.0,3948.0,1361.0,594.0,1054.0,415.0
1.0,3872.0,1059.0,1931.0,5144.0,0.0,0.0,1349.0,582.0,989.0,70.0
1.0,7957.0,1573.0,1910.0,3948.0,0.0,0.0,1343.0,567.0,1322.0,251.0
1.0,10332.0,2437.0,1912.0,0.0,0.0,0.0,1348.0,564.0,1671.0,766.0
1.0,7895.0,2828.0,1939.0,0.0,2689.0,2689.0,1362.0,577.0,1731.0,1097.0
1.0,5067.0,2343.0,1963.0,0.0,5128.0,5128.0,1370.0,593.0,1432.0,911.0
1.0,2724.0,1443.0,1961.0,2689.0,3874.0,3874.0,1365.0,596.0,1043.0,400.0
1.0,3970.0,1010.0,1936.0,5128.0,0.0,0.0,1351.0,585.0,936.0,74.0
1.0,8088.0,1479.0,1912.0,3874.0,0.0,0.0,1342.0,570.0,1231.0,248.0
1.0,10483.0,2320.0,1913.0,0.0,0.0,0.0,1346.0,567.0,1576.0,744.0
1.0,8163.0,2738.0,1938.0,0.0,2327.0,2327.0,1358.0,580.0,1667.0,1071.0
1.0,5425.0,2318.0,1962.0,0.0,4741.0,4741.0,1367.0,595.0,1428.0,890.0
1.0,3107.0,1485.0,1963.0,2327.0,3903.0,3903.0,1364.0,599.0,1094.0,391.0
1.0,3949.0,1070.0,1940.0,4741.0,140.0,140.0,1353.0,587.0,984.0,86.0
1.0,7620.0,1481.0,1916.0,3903.0,0.0,0.0,1344.0,572.0,1216.0,265.0
1.0,10042.0,2300.0,1917.0,140.0,0.0,0.0,1348.0,569.0,1548.0,752.0
1.0,7882.0,2708.0,1940.0,0.0,2586.0,2586.0,1359.0,581.0,1653.0,1055.0
1.0,5174.0,2318.0,1965.0,0.0,5004.0,5004.0,1368.0,597.0,1446.0,872.0
1.0,2856.0,1510.0,1966.0,2586.0,3932.0,3932.0,1366.0,600.0,1127.0,383.0
1.0,3932.0,1095.0,1944.0,5004.0,0.0,0.0,1356.0,588.0,1014.0,81.0
1.0,7841.0,1470.0,1921.0,3932.0,0.0,0.0,1348.0,573.0,1206.0,264.0
1.0,10303.0,2325.0,1922.0,0.0,0.0,0.0,1352.0,570.0,1574.0,751.0
1.0,7978.0,2764.0,1946.0,0.0,2570.0,2570.0,1364.0,582.0,1709.0,1055.0
1.0,5214.0,2354.0,1970.0,0.0,5020.0,5020.0,1373.0,597.0,1483.0,871.0
1.0,2860.0,1537.0,1972.0,2570.0,3995.0,3995.0,1371.0,601.0,1146.0,391.0
1.0,3893.0,1126.0,1950.0,5020.0,13.0,13.0,1361.0,589.0,1036.0,90.0
1.0,7787.0,1516.0,1927.0,3995.0,0.0,0.0,1354.0,573.0,1248.0,268.0
1.0,10266.0,2358.0,1928.0,13.0,0.0,0.0,1358.0,570.0,1590.0,768.0
1.0,7921.0,2807.0,1952.0,0.0,2694.0,2694.0,1370.0,582.0,1731.0,1076.0
1.0,5114.0,2430.0,1977.0,0.0,5224.0,5224.0,1380.0,597.0,1555.0,875.0
1.0,2684.0,1590.0,1978.0,2694.0,4124.0,4124.0,1378.0,600.0,1207.0,383.0
1.0,3788.0,1123.0,1955.0,5224.0,0.0,0.0,1367.0,588.0,1032.0,91.0
1.0,7889.0,1531.0,1929.0,4124.0,0.0,0.0,1357.0,572.0,1228.0,303.0
1.0,10482.0,2380.0,1929.0,0.0,0.0,0.0,1360.0,569.0,1583.0,797.0
1.0,8102.0,2830.0,1953.0,0.0,2540.0,2540.0,1371.0,582.0,1741.0,1089.0
1.0,5272.0,2484.0,1979.0,0.0,5128.0,5128.0,1380.0,599.0,1575.0,909.0
1.0,2788.0,1657.0,1981.0,2540.0,4253.0,4253.0,1378.0,603.0,1234.0,423.0
1.0,3671.0,1169.0,1957.0,5128.0,198.0,198.0,1367.0,590.0,1058.0,111.0
1.0,7630.0,1537.0,1930.0,4253.0,0.0,0.0,1357.0,573.0,1254.0,283.0
1.0,10346.0,2380.0,1929.0,198.0,0.0,0.0,1360.0,569.0,1601.0,779.0
1.0,8164.0,2858.0,1954.0,0.0,2510.0,2510.0,1371.0,583.0,1740.0,1118.0
1.0,5306.0,2446.0,1979.0,0.0,5056.0,5056.0,1379.0,600.0,1507.0,939.0
1.0,2860.0,1582.0,1979.0,2510.0,4128.0,4128.0,1375.0,604.0,1147.0,435.0
1.0,3788.0,1118.0,1953.0,5056.0,86.0,86.0,1363.0,590.0,1030.0,88.0
1.0,7726.0,1539.0,1927.0,4128.0,0.0,0.0,1354.0,573.0,1269.0,270.0
1.0,10315.0,2392.0,1926.0,86.0,0.0,0.0,1357.0,569.0,1613.0,779.0
1.0,8009.0,2850.0,1952.0,0.0,2649.0,2649.0,1369.0,583.0,1729.0,1121.0
1.0,5159.0,2455.0,1978.0,0.0,5208.0,5208.0,1378.0,600.0,1500.0,955.0
1.0,2704.0,1588.0,1978.0,2649.0,4147.0,4147.0,1374.0,604.0,1136.0,452.0
1.0,3765.0,1111.0,1953.0,5208.0,0.0,0.0,1362.0,591.0,1010.0,101.0
1.0,7862.0,1482.0,1926.0,4147.0,0.0,0.0,1352.0,574.0,1238.0,244.0
1.0,10527.0,2349.0,1925.0,0.0,0.0,0.0,1355.0,570.0,1587.0,762.0
1.0,8178.0,2910.0,1953.0,0.0,2544.0,2544.0,1369.0,584.0,1768.0,1142.0
1.0,5268.0,2562.0,1982.0,0.0,5222.0,5222.0,1380.0,602.0,1583.0,979.0
1.0,2706.0,1611.0,1983.0,2544.0,4293.0,4293.0,1377.0,606.0,1164.0,447.0
1.0,3639.0,1005.0,1955.0,5222.0,0.0,0.0,1363.0,592.0,946.0,59.0
1.0,7856.0,1379.0,1927.0,4293.0,0.0,0.0,1352.0,575.0,1167.0,212.0
1.0,10770.0,2334.0,1928.0,0.0,0.0,0.0,1356.0,572.0,1602.0,732.0
1.0,8436.0,2935.0,1955.0,0.0,2319.0,2319.0,1370.0,585.0,1818.0,1117.0
1.0,5501.0,2584.0,1986.0,0.0,5027.0,5027.0,1383.0,603.0,1605.0,979.0
1.0,2917.0,1628.0,1989.0,2319.0,4348.0,4348.0,1382.0,607.0,1179.0,449.0
1.0,3608.0,1002.0,1964.0,5027.0,223.0,223.0,1370.0,594.0,937.0,65.0
1.0,7633.0,1360.0,1937.0,4348.0,0.0,0.0,1360.0,577.0,1141.0,219.0
1.0,10621.0,2328.0,1937.0,223.0,0.0,0.0,1363.0,574.0,1592.0,736.0
1.0,8516.0,2906.0,1965.0,0.0,2250.0,2250.0,1377.0,588.0,1801.0,1105.0
1.0,5610.0,2533.0,1993.0,0.0,4895.0,4895.0,1388.0,605.0,1587.0,946.0
1.0,3077.0,1619.0,1996.0,2250.0,4276.0,4276.0,1388.0,608.0,1187.0,432.0
1.0,3708.0,1026.0,1971.0,4895.0,307.0,307.0,1376.0,595.0,961.0,65.0
1.0,7577.0,1372.0,1945.0,4276.0,0.0,0.0,1367.0,578.0,1152.0,220.0
1.0,10481.0,2297.0,1945.0,307.0,0.0,0.0,1369.0,576.0,1560.0,737.0
1.0,8491.0,2948.0,1972.0,0.0,2345.0,2345.0,1382.0,590.0,1829.0,1119.0
1.0,5543.0,2624.0,2002.0,0.0,5089.0,5089.0,1395.0,607.0,1651.0,973.0
1.0,2919.0,1619.0,2004.0,2345.0,4371.0,4371.0,1394.0,610.0,1184.0,435.0
1.0,3645.0,915.0,1978.0,5089.0,93.0,93.0,1381.0,597.0,859.0,56.0
1.0,7819.0,1247.0,1949.0,4371.0,0.0,0.0,1368.0,581.0,1047.0,200.0
1.0,10943.0,2287.0,1947.0,93.0,0.0,0.0,1369.0,578.0,1546.0,741.0
1.0,8749.0,3020.0,1976.0,0.0,2175.0,2175.0,1384.0,592.0,1898.0,1122.0
1.0,5729.0,2734.0,2006.0,0.0,5029.0,5029.0,1397.0,609.0,1749.0,985.0
1.0,2995.0,1716.0,2010.0,2175.0,4586.0,4586.0,1397.0,613.0,1251.0,465.0
1.0,3454.0,948.0,1984.0,5029.0,401.0,401.0,1384.0,600.0,880.0,68.0
1.0,7535.0,1191.0,1952.0,4586.0,0.0,0.0,1369.0,583.0,983.0,208.0
1.0,10930.0,2226.0,1948.0,401.0,0.0,0.0,1368.0,580.0,1496.0,730.0
1.0,9105.0,3005.0,1975.0,0.0,1800.0,1800.0,1381.0,594.0,1896.0,1109.0
1.0,6100.0,2811.0,2008.0,0.0,4743.0,4743.0,1396.0,612.0,1819.0,992.0
1.0,3289.0,1793.0,2013.0,1800.0,4756.0,4756.0,1398.0,615.0,1312.0,481.0
1.0,3296.0,962.0,1986.0,4743.0,867.0,867.0,1384.0,602.0,867.0,95.0
1.0,7077.0,1152.0,1954.0,4756.0,0.0,0.0,1369.0,585.0,927.0,225.0
1.0,10681.0,2189.0,1948.0,867.0,0.0,0.0,1366.0,582.0,1452.0,737.0
1.0,9359.0,3089.0,1975.0,0.0,1630.0,1630.0,1380.0,595.0,1966.0,1123.0
1.0,6270.0,2901.0,2009.0,0.0,4667.0,4667.0,1397.0,612.0,1915.0,986.0
1.0,3369.0,1855.0,2015.0,1630.0,4916.0,4916.0,1399.0,616.0,1379.0,476.0
1.0,3144.0,977.0,1988.0,4667.0,1118.0,1118.0,1386.0,602.0,889.0,88.0
1.0,6834.0,1204.0,1956.0,4916.0,0.0,0.0,1371.0,585.0,979.0,225.0
1.0,10546.0,2287.0,1953.0,1118.0,0.0,0.0,1372.0,581.0,1543.0,744.0
1.0,9377.0,3124.0,1983.0,0.0,1679.0,1679.0,1388.0,595.0,1997.0,1127.0
1.0,6253.0,2901.0,2017.0,0.0,4716.0,4716.0,1405.0,612.0,1911.0,990.0
1.0,3352.0,1868.0,2023.0,1679.0,4929.0,4929.0,1407.0,616.0,1398.0,470.0
1.0,3163.0,1035.0,1997.0,4716.0,1144.0,1144.0,1395.0,602.0,953.0,82.0
1.0,6844.0,1253.0,1966.0,4929.0,0.0,0.0,1381.0,585.0,1023.0,230.0
1.0,10520.0,2269.0,1963.0,1144.0,0.0,0.0,1381.0,582.0,1500.0,769.0
1.0,9395.0,3110.0,1992.0,0.0,1683.0,1683.0,1397.0,595.0,1955.0,1155.0
1.0,6285.0,2906.0,2027.0,0.0,4729.0,4729.0,1414.0,613.0,1907.0,999.0
1.0,3379.0,1867.0,2034.0,1683.0,4941.0,4941.0,1418.0,616.0,1419.0,448.0
1.0,3195.0,1022.0,2008.0,4729.0,1130.0,1130.0,1405.0,603.0,952.0,70.0
1.0,6902.0,1175.0,1975.0,4941.0,0.0,0.0,1390.0,585.0,953.0,222.0
1.0,10668.0,2198.0,1968.0,1130.0,0.0,0.0,1387.0,581.0,1456.0,742.0
1.0,9600.0,3036.0,1996.0,0.0,1420.0,1420.0,1402.0,594.0,1909.0,1127.0
1.0,6564.0,2840.0,2031.0,0.0,4400.0,4400.0,1419.0,612.0,1861.0,979.0
1.0,3724.0,1820.0,2039.0,1420.0,4832.0,4832.0,1423.0,616.0,1367.0,453.0
1.0,3324.0,940.0,2013.0,4400.0,1268.0,1268.0,1409.0,604.0,865.0,75.0
1.0,6784.0,1116.0,1978.0,4832.0,0.0,0.0,1391.0,587.0,891.0,225.0
1.0,10500.0,2206.0,1970.0,1268.0,0.0,0.0,1388.0,582.0,1444.0,762.0
1.0,9562.0,3035.0,1997.0,0.0,1461.0,1461.0,1402.0,595.0,1909.0,1126.0
1.0,6527.0,2770.0,2031.0,0.0,4367.0,4367.0,1419.0,612.0,1814.0,956.0
1.0,3757.0,1713.0,2038.0,1461.0,4647.0,4647.0,1421.0,617.0,1273.0,440.0
1.0,3505.0,936.0,2011.0,4367.0,1108.0,1108.0,1407.0,604.0,849.0,87.0
1.0,6936.0,1189.0,1978.0,4647.0,0.0,0.0,1390.0,588.0,935.0,254.0
1.0,10394.0,2180.0,1971.0,1108.0,0.0,0.0,1387.0,584.0,1418.0,762.0
1.0,9322.0,2969.0,1997.0,0.0,1635.0,1635.0,1400.0,597.0,1859.0,1110.0
1.0,6353.0,2734.0,2030.0,0.0,4501.0,4501.0,1416.0,614.0,1800.0,934.0
1.0,3619.0,1739.0,2037.0,1635.0,4633.0,4633.0,1419.0,618.0,1312.0,427.0
1.0,3515.0,1022.0,2013.0,4501.0,1058.0,1058.0,1407.0,606.0,931.0,91.0
1.0,6994.0,1249.0,1980.0,4633.0,0.0,0.0,1391.0,589.0,980.0,269.0
1.0,10378.0,2179.0,1972.0,1058.0,0.0,0.0,1386.0,586.0,1393.0,786.0
1.0,9257.0,2923.0,1997.0,0.0,1654.0,1654.0,1398.0,599.0,1806.0,1117.0
1.0,6334.0,2754.0,2033.0,0.0,4552.0,4552.0,1417.0,616.0,1826.0,928.0
1.0,3580.0,1824.0,2043.0,1654.0,4762.0,4762.0,1423.0,620.0,1408.0,416.0
1.0,3410.0,1077.0,2020.0,4552.0,1195.0,1195.0,1413.0,607.0,992.0,85.0
1.0,6885.0,1258.0,1986.0,4762.0,0.0,0.0,1395.0,591.0,993.0,265.0
1.0,10389.0,2216.0,1976.0,1195.0,0.0,0.0,1389.0,587.0,1427.0,789.0
1.0,9368.0,3029.0,2001.0,0.0,1665.0,1665.0,1401.0,600.0,1887.0,1142.0
1.0,6339.0,2825.0,2037.0,0.0,4634.0,4634.0,1420.0,617.0,1854.0,971.0
1.0,3514.0,1849.0,2050.0,1665.0,4870.0,4870.0,1428.0,622.0,1405.0,444.0
1.0,3330.0,1113.0,2029.0,4634.0,1265.0,1265.0,1419.0,610.0,1004.0,109.0
1.0,6851.0,1355.0,1997.0,4870.0,0.0,0.0,1403.0,594.0,1069.0,286.0
1.0,10366.0,2297.0,1987.0,1265.0,0.0,0.0,1396.0,591.0,1484.0,813.0
1.0,9334.0,3037.0,2011.0,0.0,1747.0,1747.0,1407.0,604.0,1881.0,1156.0
1.0,6297.0,2832.0,2047.0,0.0,4723.0,4723.0,1426.0,621.0,1852.0,980.0
1.0,3465.0,1857.0,2061.0,1747.0,4889.0,4889.0,1436.0,625.0,1418.0,439.0
1.0,3355.0,1152.0,2040.0,4723.0,1234.0,1234.0,1428.0,612.0,1063.0,89.0
1.0,6926.0,1385.0,2008.0,4889.0,0.0,0.0,1412.0,596.0,1125.0,260.0
1.0,10430.0,2353.0,1997.0,1234.0,0.0,0.0,1405.0,592.0,1557.0,796.0
1.0,9311.0,3067.0,2021.0,0.0,1840.0,1840.0,1416.0,605.0,1921.0,1146.0
1.0,6244.0,2797.0,2056.0,0.0,4777.0,4777.0,1434.0,622.0,1831.0,966.0
1.0,3447.0,1793.0,2067.0,1840.0,4774.0,4774.0,1441.0,626.0,1356.0,437.0
1.0,3494.0,1070.0,2044.0,4777.0,975.0,975.0,1430.0,614.0,962.0,108.0
1.0,7201.0,1370.0,2010.0,4774.0,0.0,0.0,1412.0,598.0,1075.0,295.0
1.0,10605.0,2379.0,2000.0,975.0,0.0,0.0,1406.0,594.0,1569.0,810.0
1.0,9201.0,3077.0,2023.0,0.0,1968.0,1968.0,1416.0,607.0,1926.0,1151.0
1.0,6124.0,2766.0,2056.0,0.0,4866.0,4866.0,1432.0,624.0,1810.0,956.0
1.0,3358.0,1740.0,2066.0,1968.0,4678.0,4678.0,1438.0,628.0,1319.0,421.0
1.0,3586.0,1050.0,2043.0,4866.0,770.0,770.0,1428.0,615.0,965.0,85.0
1.0,7402.0,1404.0,2010.0,4678.0,0.0,0.0,1412.0,598.0,1126.0,278.0
1.0,10676.0,2410.0,2000.0,770.0,0.0,0.0,1406.0,594.0,1601.0,809.0
1.0,9036.0,3069.0,2023.0,0.0,2125.0,2125.0,1415.0,608.0,1920.0,1149.0
1.0,5967.0,2718.0,2056.0,0.0,4975.0,4975.0,1431.0,625.0,1759.0,959.0
1.0,3249.0,1730.0,2067.0,2125.0,4624.0,4624.0,1438.0,629.0,1299.0,431.0
1.0,3644.0,1029.0,2044.0,4975.0,586.0,586.0,1428.0,616.0,958.0,71.0
1.0,7590.0,1314.0,2011.0,4624.0,0.0,0.0,1412.0,599.0,1065.0,249.0
1.0,10900.0,2303.0,2000.0,586.0,0.0,0.0,1405.0,595.0,1523.0,780.0
1.0,9183.0,2987.0,2023.0,0.0,1896.0,1896.0,1415.0,608.0,1859.0,1128.0
1.0,6196.0,2751.0,2057.0,0.0,4783.0,4783.0,1432.0,625.0,1775.0,976.0
1.0,3445.0,1783.0,2071.0,1896.0,4726.0,4726.0,1441.0,630.0,1341.0,442.0
1.0,3558.0,1017.0,2047.0,4783.0,864.0,864.0,1431.0,616.0,953.0,64.0
1.0,7324.0,1284.0,2014.0,4726.0,0.0,0.0,1415.0,599.0,1050.0,234.0
1.0,10766.0,2262.0,2004.0,864.0,0.0,0.0,1409.0,595.0,1493.0,769.0
1.0,9368.0,2991.0,2029.0,0.0,1739.0,1739.0,1420.0,609.0,1844.0,1147.0
1.0,6377.0,2778.0,2064.0,0.0,4657.0,4657.0,1438.0,626.0,1789.0,989.0
1.0,3599.0,1787.0,2076.0,1739.0,4753.0,4753.0,1446.0,630.0,1339.0,448.0
1.0,3551.0,1054.0,2054.0,4657.0,1062.0,1062.0,1437.0,617.0,990.0,64.0
1.0,7154.0,1277.0,2022.0,4753.0,0.0,0.0,1422.0,600.0,1054.0,223.0
1.0,10630.0,2199.0,2011.0,1062.0,0.0,0.0,1415.0,596.0,1453.0,746.0
1.0,9493.0,2951.0,2034.0,0.0,1594.0,1594.0,1425.0,609.0,1833.0,1118.0
1.0,6542.0,2787.0,2068.0,0.0,4517.0,4517.0,1442.0,626.0,1814.0,973.0
1.0,3755.0,1870.0,2080.0,1594.0,4841.0,4841.0,1450.0,630.0,1401.0,469.0
1.0,3479.0,1127.0,2060.0,4517.0,1371.0,1371.0,1443.0,617.0,1027.0,100.0
1.0,6869.0,1267.0,2028.0,4841.0,0.0,0.0,1428.0,600.0,1033.0,234.0
1.0,10443.0,2190.0,2017.0,1371.0,0.0,0.0,1421.0,596.0,1454.0,736.0
1.0,9624.0,2995.0,2040.0,0.0,1531.0,1531.0,1430.0,610.0,1884.0,1111.0
1.0,6629.0,2828.0,2074.0,0.0,4495.0,4495.0,1447.0,627.0,1841.0,987.0
1.0,3801.0,1852.0,2085.0,1531.0,4860.0,4860.0,1454.0,631.0,1368.0,484.0
1.0,3480.0,1059.0,2063.0,4495.0,1336.0,1336.0,1445.0,618.0,948.0,111.0
1.0,6916.0,1284.0,2029.0,4860.0,0.0,0.0,1428.0,601.0,1037.0,247.0
1.0,10492.0,2268.0,2019.0,1336.0,0.0,0.0,1422.0,597.0,1510.0,758.0
1.0,9560.0,3038.0,2041.0,0.0,1642.0,1642.0,1431.0,610.0,1905.0,1133.0
1.0,6522.0,2811.0,2074.0,0.0,4585.0,4585.0,1447.0,627.0,1814.0,997.0
1.0,3711.0,1849.0,2083.0,1642.0,4828.0,4828.0,1452.0,631.0,1337.0,512.0
1.0,3504.0,1096.0,2061.0,4585.0,1251.0,1251.0,1442.0,619.0,951.0,145.0
1.0,6993.0,1337.0,2028.0,4828.0,0.0,0.0,1426.0,602.0,1069.0,268.0
1.0,10484.0,2319.0,2017.0,1251.0,0.0,0.0,1420.0,597.0,1552.0,767.0
1.0,9416.0,3094.0,2041.0,0.0,1842.0,1842.0,1431.0,610.0,1975.0,1119.0
1.0,6322.0,2855.0,2075.0,0.0,4833.0,4833.0,1447.0,628.0,1868.0,987.0
1.0,3467.0,1892.0,2085.0,1842.0,4923.0,4923.0,1452.0,633.0,1381.0,511.0
1.0,3417.0,1165.0,2062.0,4833.0,1163.0,1163.0,1441.0,621.0,995.0,170.0
1.0,7085.0,1361.0,2028.0,4923.0,0.0,0.0,1424.0,604.0,1061.0,300.0
1.0,10647.0,2332.0,2020.0,1163.0,0.0,0.0,1419.0,601.0,1557.0,775.0
1.0,9478.0,3113.0,2045.0,0.0,1815.0,1815.0,1431.0,614.0,1987.0,1126.0
1.0,6365.0,2894.0,2080.0,0.0,4849.0,4849.0,1449.0,631.0,1908.0,986.0
1.0,3471.0,1898.0,2091.0,1815.0,4976.0,4976.0,1456.0,635.0,1398.0,500.0
1.0,3388.0,1173.0,2067.0,4849.0,1204.0,1204.0,1445.0,622.0,998.0,175.0
1.0,7064.0,1404.0,2034.0,4976.0,0.0,0.0,1428.0,606.0,1090.0,314.0
1.0,10636.0,2381.0,2027.0,1204.0,0.0,0.0,1424.0,603.0,1600.0,781.0
1.0,9459.0,3125.0,2054.0,0.0,1882.0,1882.0,1438.0,616.0,2016.0,1109.0
1.0,6334.0,2913.0,2090.0,0.0,4939.0,4939.0,1457.0,633.0,1941.0,972.0
1.0,3421.0,1910.0,2100.0,1882.0,5007.0,5007.0,1462.0,638.0,1410.0,500.0
1.0,3393.0,1117.0,2074.0,4939.0,1081.0,1081.0,1449.0,625.0,945.0,172.0
1.0,7215.0,1373.0,2042.0,5007.0,0.0,0.0,1433.0,609.0,1061.0,312.0
1.0,10849.0,2365.0,2036.0,1081.0,0.0,0.0,1430.0,606.0,1596.0,769.0
1.0,9565.0,3132.0,2062.0,0.0,1815.0,1815.0,1444.0,618.0,2050.0,1082.0
1.0,6433.0,2881.0,2098.0,0.0,4840.0,4840.0,1463.0,635.0,1943.0,938.0
1.0,3552.0,1839.0,2108.0,1815.0,4904.0,4904.0,1469.0,639.0,1365.0,474.0
1.0,3528.0,1073.0,2084.0,4840.0,1041.0,1041.0,1457.0,627.0,916.0,157.0
1.0,7295.0,1351.0,2053.0,4904.0,0.0,0.0,1442.0,611.0,1044.0,307.0
1.0,10848.0,2391.0,2046.0,1041.0,0.0,0.0,1439.0,607.0,1623.0,768.0
1.0,9498.0,3098.0,2072.0,0.0,1888.0,1888.0,1452.0,620.0,2020.0,1078.0
1.0,6400.0,2816.0,2106.0,0.0,4840.0,4840.0,1470.0,636.0,1897.0,919.0
1.0,3584.0,1771.0,2115.0,1888.0,4759.0,4759.0,1475.0,640.0,1316.0,455.0
1.0,3701.0,1016.0,2091.0,4840.0,839.0,839.0,1463.0,628.0,862.0,154.0
1.0,7525.0,1290.0,2058.0,4759.0,0.0,0.0,1446.0,612.0,985.0,305.0
1.0,10994.0,2323.0,2050.0,839.0,0.0,0.0,1442.0,608.0,1560.0,763.0
1.0,9510.0,3073.0,2075.0,0.0,1863.0,1863.0,1455.0,620.0,1998.0,1075.0
1.0,6437.0,2765.0,2107.0,0.0,4756.0,4756.0,1471.0,636.0,1851.0,914.0
1.0,3672.0,1714.0,2116.0,1863.0,4643.0,4643.0,1475.0,641.0,1269.0,445.0
1.0,3821.0,1013.0,2093.0,4756.0,808.0,808.0,1464.0,629.0,866.0,147.0
1.0,7564.0,1277.0,2061.0,4643.0,0.0,0.0,1448.0,613.0,980.0,297.0
1.0,10930.0,2257.0,2051.0,808.0,0.0,0.0,1442.0,609.0,1504.0,753.0
1.0,9481.0,3003.0,2073.0,0.0,1814.0,1814.0,1452.0,621.0,1935.0,1068.0
1.0,6478.0,2757.0,2104.0,0.0,4695.0,4695.0,1468.0,636.0,1842.0,915.0
1.0,3721.0,1762.0,2114.0,1814.0,4683.0,4683.0,1473.0,641.0,1298.0,464.0
1.0,3773.0,1012.0,2090.0,4695.0,904.0,904.0,1461.0,629.0,859.0,153.0
1.0,7456.0,1279.0,2058.0,4683.0,0.0,0.0,1444.0,614.0,977.0,302.0
1.0,10860.0,2311.0,2047.0,904.0,0.0,0.0,1438.0,609.0,1559.0,752.0
1.0,9453.0,3095.0,2072.0,0.0,1930.0,1930.0,1451.0,621.0,2029.0,1066.0
1.0,6358.0,2858.0,2106.0,0.0,4924.0,4924.0,1470.0,636.0,1935.0,923.0
1.0,3500.0,1812.0,2116.0,1930.0,4846.0,4846.0,1476.0,640.0,1341.0,471.0
1.0,3618.0,1012.0,2092.0,4924.0,838.0,838.0,1463.0,629.0,843.0,169.0
1.0,7530.0,1323.0,2059.0,4846.0,0.0,0.0,1445.0,614.0,986.0,337.0
1.0,11053.0,2394.0,2051.0,838.0,0.0,0.0,1441.0,610.0,1607.0,787.0
1.0,9497.0,3156.0,2077.0,0.0,1967.0,1967.0,1456.0,621.0,2082.0,1074.0
1.0,6341.0,2871.0,2110.0,0.0,4970.0,4970.0,1475.0,635.0,1954.0,917.0
1.0,3470.0,1840.0,2120.0,1967.0,4883.0,4883.0,1481.0,639.0,1374.0,466.0
1.0,3597.0,1079.0,2096.0,4970.0,896.0,896.0,1468.0,628.0,887.0,192.0
1.0,7488.0,1389.0,2064.0,4883.0,0.0,0.0,1450.0,614.0,1019.0,370.0
1.0,10982.0,2473.0,2056.0,896.0,0.0,0.0,1446.0,610.0,1670.0,803.0
1.0,9405.0,3242.0,2082.0,0.0,2165.0,2165.0,1461.0,621.0,2163.0,1079.0
1.0,6163.0,2940.0,2116.0,0.0,5241.0,5241.0,1481.0,635.0,2032.0,908.0
1.0,3223.0,1895.0,2127.0,2165.0,5015.0,5015.0,1488.0,639.0,1418.0,477.0
1.0,3493.0,1148.0,2104.0,5241.0,830.0,830.0,1476.0,628.0,922.0,226.0
1.0,7586.0,1424.0,2071.0,5015.0,0.0,0.0,1457.0,614.0,1034.0,390.0
1.0,11177.0,2455.0,2063.0,830.0,0.0,0.0,1452.0,611.0,1642.0,813.0
1.0,9552.0,3250.0,2089.0,0.0,2054.0,2054.0,1467.0,622.0,2180.0,1070.0
1.0,6302.0,2958.0,2123.0,0.0,5148.0,5148.0,1488.0,635.0,2065.0,893.0
1.0,3344.0,1881.0,2132.0,2054.0,5011.0,5011.0,1494.0,638.0,1418.0,463.0
1.0,3517.0,1118.0,2108.0,5148.0,885.0,885.0,1480.0,628.0,892.0,226.0
1.0,7547.0,1394.0,2074.0,5011.0,0.0,0.0,1460.0,614.0,980.0,414.0
1.0,11164.0,2453.0,2066.0,885.0,0.0,0.0,1454.0,612.0,1609.0,844.0
1.0,9596.0,3178.0,2090.0,0.0,1942.0,1942.0,1467.0,623.0,2089.0,1089.0
1.0,6418.0,2879.0,2124.0,0.0,4957.0,4957.0,1487.0,637.0,1988.0,891.0
1.0,3539.0,1856.0,2134.0,1942.0,4911.0,4911.0,1494.0,640.0,1400.0,456.0
1.0,3625.0,1126.0,2109.0,4957.0,980.0,980.0,1480.0,629.0,899.0,227.0
1.0,7456.0,1380.0,2076.0,4911.0,0.0,0.0,1459.0,617.0,961.0,419.0
1.0,10987.0,2369.0,2066.0,980.0,0.0,0.0,1451.0,615.0,1532.0,837.0
1.0,9598.0,3133.0,2091.0,0.0,1899.0,1899.0,1465.0,626.0,2063.0,1070.0
1.0,6465.0,2881.0,2126.0,0.0,4920.0,4920.0,1486.0,640.0,2006.0,875.0
1.0,3584.0,1878.0,2136.0,1899.0,4939.0,4939.0,1493.0,643.0,1408.0,470.0
1.0,3605.0,1092.0,2111.0,4920.0,1011.0,1011.0,1478.0,633.0,858.0,234.0
1.0,7433.0,1301.0,2076.0,4939.0,0.0,0.0,1456.0,620.0,886.0,415.0
1.0,11071.0,2268.0,2066.0,1011.0,0.0,0.0,1448.0,618.0,1463.0,805.0
1.0,9814.0,3042.0,2091.0,0.0,1592.0,1592.0,1462.0,629.0,2023.0,1019.0
1.0,6772.0,2870.0,2126.0,0.0,4602.0,4602.0,1484.0,642.0,2020.0,850.0
1.0,3902.0,1942.0,2138.0,1592.0,5000.0,5000.0,1493.0,645.0,1473.0,469.0
1.0,3552.0,1109.0,2115.0,4602.0,1415.0,1415.0,1480.0,635.0,860.0,249.0
1.0,7045.0,1239.0,2080.0,5000.0,0.0,0.0,1457.0,623.0,828.0,411.0
1.0,10806.0,2218.0,2069.0,1415.0,0.0,0.0,1449.0,620.0,1429.0,789.0
1.0,10003.0,3109.0,2096.0,0.0,1490.0,1490.0,1465.0,631.0,2099.0,1010.0
1.0,6894.0,2948.0,2133.0,0.0,4586.0,4586.0,1489.0,644.0,2107.0,841.0
1.0,3946.0,1931.0,2146.0,1490.0,5079.0,5079.0,1498.0,648.0,1466.0,465.0
1.0,3505.0,1123.0,2124.0,4586.0,1528.0,1528.0,1486.0,638.0,858.0,265.0
1.0,6968.0,1295.0,2092.0,5079.0,0.0,0.0,1466.0,626.0,876.0,419.0
1.0,10752.0,2241.0,2081.0,1528.0,0.0,0.0,1458.0,623.0,1458.0,783.0
1.0,10039.0,2997.0,2105.0,0.0,1378.0,1378.0,1472.0,633.0,2026.0,971.0
1.0,7042.0,2842.0,2141.0,0.0,4364.0,4364.0,1495.0,646.0,2037.0,805.0
1.0,4200.0,1935.0,2153.0,1378.0,4969.0,4969.0,1504.0,649.0,1469.0,466.0
1.0,3643.0,1202.0,2132.0,4364.0,1723.0,1723.0,1492.0,640.0,915.0,287.0
1.0,6805.0,1402.0,2099.0,4969.0,0.0,0.0,1471.0,628.0,962.0,440.0
1.0,10372.0,2330.0,2089.0,1723.0,0.0,0.0,1464.0,625.0,1539.0,791.0
1.0,9765.0,3054.0,2113.0,0.0,1741.0,1741.0,1478.0,635.0,2076.0,978.0
1.0,6711.0,2828.0,2147.0,0.0,4705.0,4705.0,1500.0,647.0,2011.0,817.0
1.0,3883.0,1902.0,2159.0,1741.0,4914.0,4914.0,1509.0,650.0,1423.0,479.0
1.0,3722.0,1228.0,2137.0,4705.0,1349.0,1349.0,1496.0,641.0,927.0,301.0
1.0,7199.0,1468.0,2104.0,4914.0,0.0,0.0,1475.0,629.0,1020.0,448.0
1.0,10645.0,2399.0,2095.0,1349.0,0.0,0.0,1469.0,626.0,1612.0,787.0
1.0,9595.0,3064.0,2119.0,0.0,1945.0,1945.0,1483.0,636.0,2105.0,959.0
1.0,6531.0,2847.0,2153.0,0.0,4928.0,4928.0,1505.0,648.0,2025.0,822.0
1.0,3684.0,1893.0,2162.0,1945.0,4912.0,4912.0,1512.0,650.0,1399.0,494.0
1.0,3736.0,1231.0,2138.0,4928.0,1119.0,1119.0,1497.0,641.0,904.0,327.0
1.0,7433.0,1444.0,2103.0,4912.0,0.0,0.0,1474.0,629.0,965.0,479.0
1.0,10901.0,2383.0,2092.0,1119.0,0.0,0.0,1465.0,627.0,1580.0,803.0
1.0,9637.0,3144.0,2117.0,0.0,1975.0,1975.0,1480.0,637.0,2165.0,979.0
1.0,6493.0,2921.0,2151.0,0.0,5032.0,5032.0,1502.0,649.0,2089.0,832.0
1.0,3572.0,1943.0,2161.0,1975.0,5040.0,5040.0,1510.0,651.0,1446.0,497.0
1.0,3604.0,1180.0,2136.0,5032.0,1088.0,1088.0,1495.0,641.0,872.0,308.0
1.0,7456.0,1384.0,2100.0,5040.0,0.0,0.0,1471.0,629.0,921.0,463.0
1.0,11112.0,2395.0,2090.0,1088.0,0.0,0.0,1462.0,628.0,1567.0,828.0
1.0,9805.0,3191.0,2115.0,0.0,1846.0,1846.0,1476.0,639.0,2178.0,1013.0
1.0,6614.0,2975.0,2151.0,0.0,4965.0,4965.0,1500.0,651.0,2136.0,839.0
1.0,3639.0,1979.0,2162.0,1846.0,5142.0,5142.0,1510.0,652.0,1494.0,485.0
1.0,3506.0,1190.0,2138.0,4965.0,1271.0,1271.0,1496.0,642.0,882.0,308.0
1.0,7281.0,1353.0,2103.0,5142.0,0.0,0.0,1473.0,630.0,891.0,462.0
1.0,11070.0,2383.0,2093.0,1271.0,0.0,0.0,1465.0,628.0,1566.0,817.0
1.0,9958.0,3199.0,2119.0,0.0,1717.0,1717.0,1480.0,639.0,2201.0,998.0
1.0,6759.0,2981.0,2154.0,0.0,4838.0,4838.0,1504.0,650.0,2145.0,836.0
1.0,3778.0,1931.0,2165.0,1717.0,5096.0,5096.0,1514.0,651.0,1454.0,477.0
1.0,3564.0,1104.0,2141.0,4838.0,1266.0,1266.0,1500.0,641.0,824.0,280.0
1.0,7298.0,1353.0,2107.0,5096.0,0.0,0.0,1478.0,629.0,895.0,458.0
1.0,11041.0,2414.0,2098.0,1266.0,0.0,0.0,1470.0,628.0,1599.0,815.0
1.0,9893.0,3219.0,2123.0,0.0,1818.0,1818.0,1485.0,638.0,2215.0,1004.0
1.0,6674.0,2936.0,2159.0,0.0,4898.0,4898.0,1509.0,650.0,2098.0,838.0
1.0,3738.0,1874.0,2170.0,1818.0,4998.0,4998.0,1519.0,651.0,1389.0,485.0
1.0,3682.0,1143.0,2148.0,4898.0,1155.0,1155.0,1507.0,641.0,841.0,302.0
1.0,7437.0,1423.0,2117.0,4998.0,0.0,0.0,1486.0,631.0,961.0,462.0
1.0,11012.0,2462.0,2109.0,1155.0,0.0,0.0,1479.0,630.0,1652.0,810.0
1.0,9705.0,3138.0,2133.0,0.0,1965.0,1965.0,1493.0,640.0,2166.0,972.0
1.0,6567.0,2812.0,2165.0,0.0,4905.0,4905.0,1515.0,650.0,2013.0,799.0
1.0,3755.0,1816.0,2176.0,1965.0,4800.0,4800.0,1525.0,651.0,1340.0,476.0
1.0,3904.0,1188.0,2156.0,4905.0,1003.0,1003.0,1514.0,642.0,860.0,328.0
1.0,7621.0,1526.0,2126.0,4800.0,0.0,0.0,1493.0,633.0,1030.0,496.0
1.0,10895.0,2427.0,2116.0,1003.0,0.0,0.0,1484.0,632.0,1619.0,808.0
1.0,9471.0,3025.0,2137.0,0.0,2102.0,2102.0,1495.0,642.0,2058.0,967.0
1.0,6446.0,2736.0,2168.0,0.0,4962.0,4962.0,1516.0,652.0,1934.0,802.0
1.0,3710.0,1806.0,2178.0,2102.0,4706.0,4706.0,1525.0,653.0,1327.0,479.0
1.0,4006.0,1147.0,2156.0,4962.0,803.0,803.0,1512.0,644.0,821.0,326.0
1.0,7821.0,1456.0,2127.0,4706.0,0.0,0.0,1492.0,635.0,963.0,493.0
1.0,11071.0,2444.0,2119.0,803.0,0.0,0.0,1484.0,635.0,1627.0,817.0
1.0,9430.0,3097.0,2142.0,0.0,2235.0,2235.0,1497.0,645.0,2139.0,958.0
1.0,6333.0,2774.0,2171.0,0.0,5125.0,5125.0,1517.0,654.0,1982.0,792.0
1.0,3559.0,1831.0,2180.0,2235.0,4757.0,4757.0,1525.0,655.0,1345.0,486.0
1.0,3963.0,1176.0,2158.0,5125.0,720.0,720.0,1512.0,646.0,849.0,327.0
1.0,7912.0,1465.0,2127.0,4757.0,0.0,0.0,1490.0,637.0,977.0,488.0
1.0,11204.0,2444.0,2120.0,720.0,0.0,0.0,1483.0,637.0,1620.0,824.0
1.0,9480.0,3135.0,2144.0,0.0,2231.0,2231.0,1497.0,647.0,2134.0,1001.0
1.0,6345.0,2872.0,2176.0,0.0,5231.0,5231.0,1518.0,658.0,2036.0,836.0
1.0,3473.0,1897.0,2184.0,2231.0,4929.0,4929.0,1526.0,658.0,1419.0,478.0
1.0,3807.0,1177.0,2160.0,5231.0,779.0,779.0,1511.0,649.0,871.0,306.0
1.0,7861.0,1492.0,2130.0,4929.0,0.0,0.0,1490.0,640.0,993.0,499.0
1.0,11298.0,2493.0,2123.0,779.0,0.0,0.0,1482.0,641.0,1636.0,857.0
1.0,9584.0,3194.0,2148.0,0.0,2202.0,2202.0,1497.0,651.0,2180.0,1014.0
1.0,6390.0,2941.0,2181.0,0.0,5275.0,5275.0,1521.0,660.0,2124.0,817.0
1.0,3449.0,1952.0,2191.0,2202.0,5065.0,5065.0,1531.0,660.0,1478.0,474.0
1.0,3699.0,1224.0,2169.0,5275.0,926.0,926.0,1518.0,651.0,901.0,323.0
1.0,7750.0,1492.0,2137.0,5065.0,0.0,0.0,1495.0,642.0,985.0,507.0
1.0,11323.0,2475.0,2128.0,926.0,0.0,0.0,1486.0,642.0,1635.0,840.0
1.0,9774.0,3258.0,2154.0,0.0,2100.0,2100.0,1502.0,652.0,2255.0,1003.0
1.0,6516.0,3030.0,2189.0,0.0,5270.0,5270.0,1527.0,662.0,2193.0,837.0
1.0,3486.0,2020.0,2201.0,2100.0,5238.0,5238.0,1539.0,662.0,1520.0,500.0
1.0,3566.0,1232.0,2179.0,5270.0,1112.0,1112.0,1526.0,653.0,911.0,321.0
1.0,7604.0,1486.0,2146.0,5238.0,0.0,0.0,1503.0,643.0,987.0,499.0
1.0,11356.0,2501.0,2137.0,1112.0,0.0,0.0,1494.0,643.0,1660.0,841.0
1.0,9967.0,3271.0,2162.0,0.0,1952.0,1952.0,1509.0,653.0,2268.0,1003.0
1.0,6696.0,2970.0,2197.0,0.0,5062.0,5062.0,1534.0,663.0,2155.0,815.0
1.0,3726.0,1930.0,2207.0,1952.0,5080.0,5080.0,1544.0,663.0,1452.0,478.0
1.0,3748.0,1193.0,2184.0,5062.0,1119.0,1119.0,1531.0,653.0,876.0,317.0
1.0,7617.0,1480.0,2151.0,5080.0,0.0,0.0,1508.0,643.0,992.0,488.0
1.0,11217.0,2517.0,2143.0,1119.0,0.0,0.0,1499.0,644.0,1678.0,839.0
1.0,9819.0,3214.0,2167.0,0.0,2063.0,2063.0,1514.0,653.0,2229.0,985.0
1.0,6605.0,2867.0,2201.0,0.0,5066.0,5066.0,1538.0,663.0,2070.0,797.0
1.0,3738.0,1838.0,2210.0,2063.0,4877.0,4877.0,1547.0,663.0,1374.0,464.0
1.0,3963.0,1144.0,2186.0,5066.0,859.0,859.0,1532.0,654.0,817.0,327.0
1.0,7885.0,1490.0,2153.0,4877.0,0.0,0.0,1508.0,645.0,968.0,522.0
1.0,11272.0,2493.0,2144.0,859.0,0.0,0.0,1499.0,645.0,1648.0,845.0
1.0,9638.0,3145.0,2168.0,0.0,2179.0,2179.0,1514.0,654.0,2170.0,975.0
1.0,6493.0,2789.0,2200.0,0.0,5096.0,5096.0,1537.0,663.0,2012.0,777.0
1.0,3704.0,1803.0,2207.0,2179.0,4748.0,4748.0,1544.0,663.0,1354.0,449.0
1.0,4080.0,1183.0,2183.0,5096.0,739.0,739.0,1529.0,654.0,857.0,326.0
1.0,7993.0,1494.0,2151.0,4748.0,0.0,0.0,1506.0,645.0,977.0,517.0
1.0,11247.0,2451.0,2145.0,739.0,0.0,0.0,1499.0,646.0,1619.0,832.0
1.0,9535.0,3092.0,2169.0,0.0,2233.0,2233.0,1514.0,655.0,2137.0,955.0
1.0,6443.0,2742.0,2198.0,0.0,5091.0,5091.0,1535.0,663.0,1973.0,769.0
1.0,3701.0,1767.0,2204.0,2233.0,4649.0,4649.0,1541.0,663.0,1313.0,454.0
1.0,4167.0,1178.0,2179.0,5091.0,636.0,636.0,1526.0,653.0,854.0,324.0
1.0,8080.0,1571.0,2152.0,4649.0,0.0,0.0,1507.0,645.0,1055.0,516.0
1.0,11158.0,2523.0,2147.0,636.0,0.0,0.0,1502.0,645.0,1687.0,836.0
1.0,9271.0,3106.0,2173.0,0.0,2527.0,2527.0,1518.0,655.0,2140.0,966.0
1.0,6165.0,2723.0,2202.0,0.0,5366.0,5366.0,1539.0,663.0,1948.0,775.0
1.0,3442.0,1773.0,2209.0,2527.0,4640.0,4640.0,1546.0,663.0,1303.0,470.0
1.0,4196.0,1208.0,2185.0,5366.0,386.0,386.0,1531.0,654.0,867.0,341.0
1.0,8354.0,1635.0,2156.0,4640.0,0.0,0.0,1511.0,645.0,1109.0,526.0
1.0,11359.0,2602.0,2153.0,386.0,0.0,0.0,1507.0,646.0,1760.0,842.0
1.0,9143.0,3158.0,2179.0,0.0,2731.0,2731.0,1523.0,656.0,2187.0,971.0
1.0,5985.0,2745.0,2209.0,0.0,5596.0,5596.0,1544.0,665.0,1942.0,803.0
1.0,3240.0,1797.0,2216.0,2731.0,4690.0,4690.0,1551.0,665.0,1305.0,492.0
1.0,4174.0,1229.0,2192.0,5596.0,227.0,227.0,1536.0,656.0,875.0,354.0
1.0,8541.0,1647.0,2164.0,4690.0,0.0,0.0,1517.0,647.0,1129.0,518.0
1.0,11584.0,2689.0,2160.0,227.0,0.0,0.0,1514.0,646.0,1859.0,830.0
1.0,9122.0,3283.0,2186.0,0.0,2905.0,2905.0,1530.0,656.0,2296.0,987.0
1.0,5839.0,2830.0,2218.0,0.0,5863.0,5863.0,1552.0,666.0,1998.0,832.0
1.0,3009.0,1815.0,2225.0,2905.0,4801.0,4801.0,1558.0,667.0,1296.0,519.0
1.0,4099.0,1244.0,2201.0,5863.0,86.0,86.0,1543.0,658.0,861.0,383.0
1.0,8718.0,1714.0,2173.0,4801.0,0.0,0.0,1524.0,649.0,1164.0,550.0
1.0,11805.0,2738.0,2169.0,86.0,0.0,0.0,1519.0,650.0,1877.0,861.0
1.0,9153.0,3278.0,2193.0,0.0,2897.0,2897.0,1534.0,659.0,2286.0,992.0
1.0,5875.0,2830.0,2225.0,0.0,5855.0,5855.0,1556.0,669.0,2008.0,822.0
1.0,3045.0,1784.0,2230.0,2897.0,4762.0,4762.0,1561.0,669.0,1279.0,505.0
1.0,4158.0,1208.0,2206.0,5855.0,19.0,19.0,1546.0,660.0,847.0,361.0
1.0,8805.0,1671.0,2175.0,4762.0,0.0,0.0,1524.0,651.0,1124.0,547.0
1.0,11896.0,2701.0,2169.0,19.0,0.0,0.0,1517.0,652.0,1834.0,867.0
1.0,9214.0,3307.0,2194.0,0.0,2869.0,2869.0,1533.0,661.0,2306.0,1001.0
1.0,5907.0,2864.0,2225.0,0.0,5857.0,5857.0,1554.0,671.0,2037.0,827.0
1.0,3043.0,1802.0,2231.0,2869.0,4814.0,4814.0,1560.0,671.0,1291.0,511.0
1.0,4110.0,1227.0,2207.0,5857.0,88.0,88.0,1545.0,662.0,859.0,368.0
1.0,8740.0,1688.0,2176.0,4814.0,0.0,0.0,1523.0,653.0,1142.0,546.0
1.0,11866.0,2747.0,2172.0,88.0,0.0,0.0,1518.0,654.0,1887.0,860.0
1.0,9207.0,3316.0,2199.0,0.0,2905.0,2905.0,1535.0,664.0,2327.0,989.0
1.0,5891.0,2824.0,2230.0,0.0,5853.0,5853.0,1557.0,673.0,2018.0,806.0
1.0,3067.0,1718.0,2234.0,2905.0,4682.0,4682.0,1561.0,673.0,1235.0,483.0
1.0,4254.0,1146.0,2208.0,5853.0,0.0,0.0,1544.0,664.0,802.0,344.0
1.0,8961.0,1656.0,2178.0,4682.0,0.0,0.0,1523.0,655.0,1120.0,536.0
1.0,11987.0,2762.0,2176.0,0.0,0.0,0.0,1520.0,656.0,1897.0,865.0
1.0,9225.0,3316.0,2204.0,0.0,2907.0,2907.0,1538.0,666.0,2338.0,978.0
1.0,5909.0,2812.0,2237.0,0.0,5851.0,5851.0,1562.0,675.0,2026.0,786.0
1.0,3097.0,1749.0,2241.0,2907.0,4709.0,4709.0,1567.0,674.0,1268.0,481.0
1.0,4255.0,1145.0,2216.0,5851.0,0.0,0.0,1551.0,665.0,783.0,362.0
1.0,8961.0,1634.0,2187.0,4709.0,0.0,0.0,1530.0,657.0,1094.0,540.0
1.0,12036.0,2685.0,2185.0,0.0,0.0,0.0,1527.0,658.0,1862.0,823.0
1.0,9351.0,3260.0,2213.0,0.0,2761.0,2761.0,1546.0,667.0,2336.0,924.0
1.0,6091.0,2799.0,2244.0,0.0,5684.0,5684.0,1569.0,675.0,2033.0,766.0
1.0,3292.0,1724.0,2249.0,2761.0,4667.0,4667.0,1574.0,675.0,1245.0,479.0
1.0,4329.0,1125.0,2222.0,5684.0,0.0,0.0,1557.0,665.0,765.0,360.0
1.0,8888.0,1627.0,2195.0,4667.0,0.0,0.0,1537.0,658.0,1080.0,547.0
1.0,11928.0,2710.0,2194.0,0.0,0.0,0.0,1535.0,659.0,1881.0,829.0
1.0,9218.0,3303.0,2224.0,0.0,2981.0,2981.0,1556.0,668.0,2370.0,933.0
1.0,5915.0,2752.0,2254.0,0.0,5853.0,5853.0,1578.0,676.0,2009.0,743.0
1.0,3163.0,1642.0,2255.0,2981.0,4518.0,4518.0,1580.0,675.0,1181.0,461.0
1.0,4502.0,1100.0,2228.0,5853.0,0.0,0.0,1562.0,666.0,729.0,371.0
1.0,9255.0,1684.0,2201.0,4518.0,0.0,0.0,1543.0,658.0,1136.0,548.0
1.0,12089.0,2763.0,2201.0,0.0,0.0,0.0,1542.0,659.0,1941.0,822.0
1.0,9326.0,3268.0,2230.0,0.0,2862.0,2862.0,1562.0,668.0,2342.0,926.0
1.0,6058.0,2738.0,2260.0,0.0,5720.0,5720.0,1584.0,676.0,1968.0,770.0
1.0,3320.0,1642.0,2259.0,2862.0,4496.0,4496.0,1584.0,675.0,1146.0,496.0
1.0,4540.0,1085.0,2230.0,5720.0,0.0,0.0,1564.0,666.0,702.0,383.0
1.0,9175.0,1670.0,2201.0,4496.0,0.0,0.0,1543.0,658.0,1122.0,548.0
1.0,12001.0,2808.0,2203.0,0.0,0.0,0.0,1544.0,659.0,1976.0,832.0
1.0,9193.0,3352.0,2233.0,0.0,3091.0,3091.0,1565.0,668.0,2408.0,944.0
1.0,5841.0,2750.0,2263.0,0.0,5961.0,5961.0,1587.0,676.0,1982.0,768.0
1.0,3091.0,1581.0,2261.0,3091.0,4443.0,4443.0,1586.0,675.0,1094.0,487.0
1.0,4601.0,1033.0,2229.0,5961.0,0.0,0.0,1563.0,666.0,654.0,379.0
1.0,9529.0,1679.0,2198.0,4443.0,0.0,0.0,1540.0,658.0,1115.0,564.0
1.0,12293.0,2841.0,2199.0,0.0,0.0,0.0,1540.0,659.0,1983.0,858.0
1.0,9452.0,3392.0,2228.0,0.0,2852.0,2852.0,1561.0,667.0,2427.0,965.0
1.0,6060.0,2797.0,2259.0,0.0,5773.0,5773.0,1584.0,675.0,2012.0,785.0
1.0,3263.0,1677.0,2258.0,2852.0,4594.0,4594.0,1584.0,674.0,1171.0,506.0
1.0,4438.0,1148.0,2227.0,5773.0,0.0,0.0,1562.0,665.0,737.0,411.0
1.0,9063.0,1768.0,2198.0,4594.0,0.0,0.0,1540.0,658.0,1174.0,594.0
1.0,11889.0,2901.0,2200.0,0.0,0.0,0.0,1541.0,659.0,2020.0,881.0
1.0,8988.0,3463.0,2232.0,0.0,3403.0,3403.0,1564.0,668.0,2482.0,981.0
1.0,5525.0,2907.0,2264.0,0.0,6438.0,6438.0,1588.0,676.0,2116.0,791.0
1.0,2618.0,1731.0,2265.0,3403.0,4770.0,4770.0,1590.0,675.0,1235.0,496.0
1.0,4290.0,1175.0,2237.0,6438.0,0.0,0.0,1570.0,667.0,763.0,412.0
1.0,9553.0,1762.0,2207.0,4770.0,0.0,0.0,1548.0,659.0,1168.0,594.0
1.0,12561.0,2929.0,2208.0,0.0,0.0,0.0,1548.0,660.0,2053.0,876.0
1.0,9632.0,3482.0,2241.0,0.0,2814.0,2814.0,1572.0,669.0,2508.0,974.0
1.0,6150.0,2880.0,2272.0,0.0,5818.0,5818.0,1595.0,677.0,2082.0,798.0
1.0,3270.0,1733.0,2272.0,2814.0,4737.0,4737.0,1596.0,676.0,1210.0,523.0
1.0,4351.0,1178.0,2243.0,5818.0,0.0,0.0,1575.0,668.0,759.0,419.0
1.0,8991.0,1790.0,2213.0,4737.0,0.0,0.0,1553.0,660.0,1200.0,590.0
1.0,11938.0,2984.0,2217.0,0.0,0.0,0.0,1555.0,662.0,2108.0,876.0
1.0,8954.0,3504.0,2250.0,0.0,3550.0,3550.0,1579.0,671.0,2515.0,989.0
1.0,5450.0,2807.0,2282.0,0.0,6485.0,6485.0,1602.0,680.0,1999.0,808.0
1.0,2643.0,1581.0,2282.0,3550.0,4516.0,4516.0,1602.0,680.0,1074.0,507.0
1.0,4612.0,1085.0,2250.0,6485.0,0.0,0.0,1579.0,671.0,701.0,384.0
1.0,10012.0,1788.0,2220.0,4516.0,0.0,0.0,1557.0,663.0,1227.0,561.0
1.0,12740.0,2973.0,2223.0,0.0,0.0,0.0,1559.0,664.0,2113.0,860.0
1.0,9767.0,3425.0,2255.0,0.0,2678.0,2678.0,1581.0,674.0,2437.0,988.0
1.0,6342.0,2703.0,2285.0,0.0,5501.0,5501.0,1603.0,682.0,1895.0,808.0
1.0,3639.0,1494.0,2282.0,2678.0,4305.0,4305.0,1601.0,681.0,1014.0,480.0
1.0,4823.0,1063.0,2251.0,5501.0,0.0,0.0,1579.0,672.0,711.0,352.0
1.0,9261.0,1796.0,2223.0,4305.0,0.0,0.0,1558.0,665.0,1253.0,543.0
1.0,11770.0,2985.0,2227.0,0.0,123.0,123.0,1560.0,667.0,2108.0,877.0
1.0,8785.0,3401.0,2259.0,0.0,3652.0,3652.0,1582.0,677.0,2394.0,1007.0
1.0,5384.0,2656.0,2288.0,123.0,6301.0,6301.0,1602.0,686.0,1842.0,814.0
1.0,2851.0,1420.0,2284.0,3652.0,4053.0,4053.0,1600.0,684.0,978.0,442.0
1.0,5083.0,986.0,2251.0,6301.0,0.0,0.0,1577.0,674.0,678.0,308.0
1.0,10398.0,1786.0,2222.0,4053.0,0.0,0.0,1556.0,666.0,1253.0,533.0
1.0,12665.0,2980.0,2226.0,0.0,0.0,0.0,1557.0,669.0,2082.0,898.0
1.0,9685.0,3425.0,2260.0,0.0,2780.0,2780.0,1580.0,680.0,2388.0,1037.0
1.0,6260.0,2690.0,2291.0,0.0,5594.0,5594.0,1603.0,688.0,1882.0,808.0
1.0,3570.0,1483.0,2287.0,2780.0,4281.0,4281.0,1601.0,686.0,1062.0,421.0
1.0,4867.0,999.0,2254.0,5594.0,0.0,0.0,1578.0,676.0,723.0,276.0
1.0,9462.0,1738.0,2224.0,4281.0,0.0,0.0,1556.0,668.0,1229.0,509.0
1.0,12005.0,2953.0,2228.0,0.0,0.0,0.0,1558.0,670.0,2063.0,890.0
1.0,9052.0,3441.0,2262.0,0.0,3437.0,3437.0,1582.0,680.0,2393.0,1048.0
1.0,5611.0,2708.0,2294.0,0.0,6273.0,6273.0,1605.0,689.0,1888.0,820.0
1.0,2903.0,1488.0,2291.0,3437.0,4312.0,4312.0,1604.0,687.0,1052.0,436.0
1.0,4852.0,1035.0,2256.0,6273.0,0.0,0.0,1580.0,676.0,754.0,281.0
1.0,10090.0,1813.0,2227.0,4312.0,0.0,0.0,1559.0,668.0,1293.0,520.0
1.0,12589.0,3064.0,2233.0,0.0,0.0,0.0,1562.0,671.0,2156.0,908.0
1.0,9525.0,3521.0,2270.0,0.0,3076.0,3076.0,1588.0,682.0,2456.0,1065.0
1.0,6004.0,2753.0,2303.0,0.0,5961.0,5961.0,1613.0,690.0,1933.0,820.0
1.0,3251.0,1503.0,2300.0,3076.0,4376.0,4376.0,1612.0,688.0,1061.0,442.0
1.0,4824.0,1058.0,2265.0,5961.0,0.0,0.0,1588.0,677.0,749.0,309.0
1.0,9727.0,1851.0,2236.0,4376.0,0.0,0.0,1567.0,669.0,1310.0,541.0
1.0,12252.0,3140.0,2242.0,0.0,0.0,0.0,1570.0,672.0,2213.0,927.0
1.0,9112.0,3633.0,2280.0,0.0,3641.0,3641.0,1597.0,683.0,2568.0,1065.0
1.0,5479.0,2800.0,2312.0,0.0,6569.0,6569.0,1621.0,691.0,1971.0,829.0
1.0,2679.0,1465.0,2306.0,3641.0,4369.0,4369.0,1618.0,688.0,1019.0,446.0
1.0,4855.0,987.0,2269.0,6569.0,0.0,0.0,1592.0,677.0,680.0,307.0
1.0,10437.0,1802.0,2237.0,4369.0,0.0,0.0,1568.0,669.0,1235.0,567.0
1.0,13004.0,3168.0,2242.0,0.0,0.0,0.0,1570.0,672.0,2212.0,956.0
1.0,9836.0,3692.0,2280.0,0.0,2976.0,2976.0,1597.0,683.0,2613.0,1079.0
1.0,6144.0,2871.0,2313.0,0.0,5979.0,5979.0,1622.0,691.0,2066.0,805.0
1.0,3273.0,1485.0,2307.0,2976.0,4464.0,4464.0,1620.0,687.0,1064.0,421.0
1.0,4764.0,925.0,2268.0,5979.0,0.0,0.0,1592.0,676.0,621.0,304.0
1.0,9818.0,1729.0,2235.0,4464.0,0.0,0.0,1566.0,669.0,1155.0,574.0
1.0,12553.0,3079.0,2239.0,0.0,0.0,0.0,1567.0,672.0,2108.0,971.0
1.0,9474.0,3673.0,2276.0,0.0,3303.0,3303.0,1593.0,683.0,2559.0,1114.0
1.0,5801.0,2943.0,2310.0,0.0,6382.0,6382.0,1618.0,692.0,2088.0,855.0
1.0,2858.0,1554.0,2306.0,3303.0,4617.0,4617.0,1617.0,689.0,1115.0,439.0
1.0,4607.0,960.0,2267.0,6382.0,0.0,0.0,1589.0,678.0,671.0,289.0
1.0,10029.0,1721.0,2232.0,4617.0,0.0,0.0,1563.0,669.0,1178.0,543.0
1.0,12925.0,3045.0,2237.0,0.0,0.0,0.0,1565.0,672.0,2100.0,945.0
1.0,9880.0,3620.0,2276.0,0.0,2844.0,2844.0,1593.0,683.0,2513.0,1107.0
1.0,6260.0,2889.0,2310.0,0.0,5869.0,5869.0,1618.0,692.0,2029.0,860.0
1.0,3371.0,1547.0,2306.0,2844.0,4556.0,4556.0,1616.0,690.0,1094.0,453.0
1.0,4668.0,947.0,2267.0,5869.0,0.0,0.0,1588.0,679.0,652.0,295.0
1.0,9590.0,1724.0,2235.0,4556.0,0.0,0.0,1564.0,671.0,1186.0,538.0
1.0,12422.0,3075.0,2241.0,0.0,0.0,0.0,1568.0,673.0,2141.0,934.0
1.0,9347.0,3638.0,2283.0,0.0,3423.0,3423.0,1598.0,685.0,2549.0,1089.0
1.0,5709.0,2837.0,2317.0,0.0,6396.0,6396.0,1623.0,694.0,1997.0,840.0
1.0,2872.0,1510.0,2311.0,3423.0,4459.0,4459.0,1619.0,692.0,1068.0,442.0
1.0,4785.0,961.0,2273.0,6396.0,0.0,0.0,1592.0,681.0,682.0,279.0
1.0,10220.0,1763.0,2241.0,4459.0,0.0,0.0,1569.0,672.0,1229.0,534.0
1.0,12916.0,3054.0,2248.0,0.0,0.0,0.0,1574.0,674.0,2114.0,940.0
1.0,9862.0,3585.0,2291.0,0.0,2887.0,2887.0,1604.0,687.0,2489.0,1096.0
1.0,6277.0,2821.0,2326.0,0.0,5848.0,5848.0,1629.0,697.0,1985.0,836.0
1.0,3456.0,1525.0,2321.0,2887.0,4466.0,4466.0,1626.0,695.0,1098.0,427.0
1.0,4818.0,997.0,2283.0,5848.0,0.0,0.0,1600.0,683.0,726.0,271.0
1.0,9669.0,1724.0,2250.0,4466.0,0.0,0.0,1577.0,673.0,1197.0,527.0
1.0,12411.0,3014.0,2256.0,0.0,0.0,0.0,1580.0,676.0,2066.0,948.0
1.0,9397.0,3506.0,2295.0,0.0,3289.0,3289.0,1606.0,689.0,2416.0,1090.0
1.0,5891.0,2788.0,2329.0,0.0,6213.0,6213.0,1630.0,699.0,1963.0,825.0
1.0,3103.0,1557.0,2325.0,3289.0,4465.0,4465.0,1628.0,697.0,1141.0,416.0
1.0,4835.0,1063.0,2290.0,6213.0,0.0,0.0,1604.0,686.0,783.0,280.0
1.0,9985.0,1812.0,2258.0,4465.0,0.0,0.0,1582.0,676.0,1258.0,554.0
1.0,12638.0,3071.0,2265.0,0.0,0.0,0.0,1586.0,679.0,2096.0,975.0
1.0,9567.0,3549.0,2305.0,0.0,3202.0,3202.0,1613.0,692.0,2440.0,1109.0
1.0,6018.0,2800.0,2339.0,0.0,6138.0,6138.0,1636.0,703.0,1958.0,842.0
1.0,3218.0,1536.0,2333.0,3202.0,4448.0,4448.0,1632.0,701.0,1107.0,429.0
1.0,4884.0,1049.0,2295.0,6138.0,0.0,0.0,1606.0,689.0,768.0,281.0
1.0,9973.0,1814.0,2262.0,4448.0,0.0,0.0,1583.0,679.0,1283.0,531.0
1.0,12607.0,3051.0,2268.0,0.0,0.0,0.0,1587.0,681.0,2117.0,934.0
1.0,9556.0,3535.0,2307.0,0.0,3207.0,3207.0,1613.0,694.0,2426.0,1109.0
1.0,6021.0,2777.0,2340.0,0.0,6116.0,6116.0,1635.0,705.0,1907.0,870.0
1.0,3244.0,1550.0,2334.0,3207.0,4435.0,4435.0,1631.0,703.0,1095.0,455.0
1.0,4901.0,1086.0,2294.0,6116.0,0.0,0.0,1604.0,690.0,805.0,281.0
1.0,9931.0,1834.0,2260.0,4435.0,0.0,0.0,1580.0,680.0,1310.0,524.0
1.0,12532.0,3073.0,2265.0,0.0,0.0,0.0,1583.0,682.0,2131.0,942.0
1.0,9459.0,3578.0,2305.0,0.0,3339.0,3339.0,1610.0,695.0,2462.0,1116.0
1.0,5881.0,2828.0,2341.0,0.0,6311.0,6311.0,1635.0,706.0,1943.0,885.0
1.0,3053.0,1565.0,2336.0,3339.0,4517.0,4517.0,1632.0,704.0,1102.0,463.0
1.0,4827.0,1057.0,2296.0,6311.0,0.0,0.0,1605.0,691.0,780.0,277.0
1.0,10081.0,1842.0,2260.0,4517.0,0.0,0.0,1580.0,680.0,1325.0,517.0
1.0,12756.0,3151.0,2266.0,0.0,0.0,0.0,1583.0,683.0,2207.0,944.0
1.0,9605.0,3702.0,2308.0,0.0,3329.0,3329.0,1611.0,697.0,2564.0,1138.0
1.0,5903.0,2904.0,2346.0,0.0,6385.0,6385.0,1638.0,708.0,2018.0,886.0
1.0,2999.0,1565.0,2343.0,3329.0,4609.0,4609.0,1637.0,706.0,1106.0,459.0
1.0,4763.0,1008.0,2304.0,6385.0,0.0,0.0,1611.0,693.0,729.0,279.0
1.0,10140.0,1836.0,2268.0,4609.0,0.0,0.0,1587.0,681.0,1304.0,532.0
1.0,12913.0,3185.0,2273.0,0.0,0.0,0.0,1590.0,683.0,2241.0,944.0
1.0,9728.0,3708.0,2314.0,0.0,3236.0,3236.0,1618.0,696.0,2603.0,1105.0
1.0,6020.0,2919.0,2352.0,0.0,6307.0,6307.0,1645.0,707.0,2055.0,864.0
1.0,3101.0,1566.0,2348.0,3236.0,4621.0,4621.0,1643.0,705.0,1102.0,464.0
1.0,4771.0,1028.0,2310.0,6307.0,0.0,0.0,1617.0,693.0,725.0,303.0
1.0,10050.0,1792.0,2275.0,4621.0,0.0,0.0,1593.0,682.0,1263.0,529.0
1.0,12879.0,3128.0,2279.0,0.0,0.0,0.0,1596.0,683.0,2200.0,928.0
1.0,9751.0,3700.0,2321.0,0.0,3233.0,3233.0,1625.0,696.0,2606.0,1094.0
1.0,6051.0,2882.0,2358.0,0.0,6263.0,6263.0,1652.0,706.0,2026.0,856.0
1.0,3169.0,1560.0,2355.0,3233.0,4578.0,4578.0,1650.0,705.0,1111.0,449.0
1.0,4842.0,1024.0,2315.0,6263.0,0.0,0.0,1623.0,692.0,742.0,282.0
1.0,10081.0,1764.0,2279.0,4578.0,0.0,0.0,1598.0,681.0,1234.0,530.0
1.0,12895.0,3051.0,2283.0,0.0,0.0,0.0,1600.0,683.0,2118.0,933.0
1.0,9844.0,3608.0,2324.0,0.0,3060.0,3060.0,1628.0,696.0,2515.0,1093.0
1.0,6236.0,2871.0,2361.0,0.0,6079.0,6079.0,1654.0,707.0,2026.0,845.0
1.0,3365.0,1543.0,2357.0,3060.0,4546.0,4546.0,1652.0,705.0,1111.0,432.0
1.0,4882.0,951.0,2316.0,6079.0,0.0,0.0,1624.0,692.0,675.0,276.0
1.0,10010.0,1674.0,2279.0,4546.0,0.0,0.0,1598.0,681.0,1149.0,525.0
1.0,12882.0,3002.0,2283.0,0.0,0.0,0.0,1600.0,683.0,2055.0,947.0
1.0,9880.0,3594.0,2322.0,0.0,3002.0,3002.0,1626.0,696.0,2486.0,1108.0
1.0,6286.0,2851.0,2358.0,0.0,5997.0,5997.0,1651.0,707.0,2005.0,846.0
1.0,3435.0,1547.0,2354.0,3002.0,4526.0,4526.0,1649.0,705.0,1110.0,437.0
1.0,4890.0,943.0,2315.0,5997.0,0.0,0.0,1622.0,693.0,665.0,278.0
1.0,9944.0,1671.0,2280.0,4526.0,0.0,0.0,1598.0,682.0,1138.0,533.0
1.0,12799.0,3016.0,2284.0,0.0,0.0,0.0,1600.0,684.0,2059.0,957.0
1.0,9783.0,3661.0,2324.0,0.0,3174.0,3174.0,1626.0,698.0,2523.0,1138.0
1.0,6122.0,2939.0,2361.0,0.0,6261.0,6261.0,1651.0,710.0,2072.0,867.0
1.0,3183.0,1597.0,2356.0,3174.0,4664.0,4664.0,1649.0,707.0,1165.0,432.0
1.0,4760.0,954.0,2315.0,6261.0,0.0,0.0,1622.0,693.0,694.0,260.0
1.0,10067.0,1667.0,2279.0,4664.0,0.0,0.0,1597.0,682.0,1133.0,534.0
1.0,13064.0,3022.0,2284.0,0.0,0.0,0.0,1599.0,685.0,2050.0,972.0
1.0,10042.0,3675.0,2325.0,0.0,2933.0,2933.0,1626.0,699.0,2518.0,1157.0
1.0,6367.0,2961.0,2361.0,0.0,6038.0,6038.0,1651.0,710.0,2077.0,884.0
1.0,3406.0,1608.0,2358.0,2933.0,4701.0,4701.0,1649.0,709.0,1165.0,443.0
1.0,4731.0,977.0,2318.0,6038.0,0.0,0.0,1622.0,696.0,714.0,263.0
1.0,9792.0,1751.0,2284.0,4701.0,0.0,0.0,1599.0,685.0,1207.0,544.0
1.0,12742.0,3190.0,2292.0,0.0,0.0,0.0,1604.0,688.0,2186.0,1004.0
1.0,9552.0,3834.0,2335.0,0.0,3622.0,3622.0,1634.0,701.0,2663.0,1171.0
1.0,5718.0,3044.0,2373.0,0.0,6818.0,6818.0,1660.0,713.0,2156.0,888.0
1.0,2674.0,1593.0,2368.0,3622.0,4769.0,4769.0,1657.0,711.0,1161.0,432.0
1.0,4703.0,984.0,2328.0,6818.0,0.0,0.0,1630.0,698.0,713.0,271.0
1.0,10537.0,1808.0,2295.0,4769.0,0.0,0.0,1607.0,688.0,1253.0,555.0
1.0,13498.0,3244.0,2302.0,0.0,0.0,0.0,1612.0,690.0,2230.0,1014.0
1.0,10254.0,3876.0,2347.0,0.0,3010.0,3010.0,1643.0,704.0,2695.0,1181.0
1.0,6378.0,3027.0,2385.0,0.0,6189.0,6189.0,1669.0,716.0,2141.0,886.0
1.0,3351.0,1574.0,2380.0,3010.0,4733.0,4733.0,1666.0,714.0,1149.0,425.0
1.0,4787.0,985.0,2338.0,6189.0,0.0,0.0,1637.0,701.0,722.0,263.0
1.0,9991.0,1782.0,2301.0,4733.0,0.0,0.0,1612.0,689.0,1235.0,547.0
1.0,12942.0,3223.0,2307.0,0.0,0.0,0.0,1615.0,692.0,2200.0,1023.0
1.0,9719.0,3839.0,2351.0,0.0,3524.0,3524.0,1645.0,706.0,2651.0,1188.0
1.0,5880.0,2991.0,2389.0,0.0,6667.0,6667.0,1671.0,718.0,2105.0,886.0
1.0,2889.0,1549.0,2383.0,3524.0,4668.0,4668.0,1668.0,715.0,1137.0,412.0
1.0,4864.0,936.0,2340.0,6667.0,0.0,0.0,1638.0,702.0,707.0,229.0
1.0,10595.0,1764.0,2303.0,4668.0,0.0,0.0,1612.0,691.0,1228.0,536.0
1.0,13499.0,3186.0,2308.0,0.0,0.0,0.0,1614.0,694.0,2171.0,1015.0
1.0,10313.0,3806.0,2351.0,0.0,2897.0,2897.0,1644.0,707.0,2625.0,1181.0
1.0,6507.0,2965.0,2388.0,0.0,6010.0,6010.0,1670.0,718.0,2090.0,875.0
1.0,3542.0,1533.0,2383.0,2897.0,4626.0,4626.0,1667.0,716.0,1134.0,399.0
1.0,4906.0,909.0,2340.0,6010.0,0.0,0.0,1638.0,702.0,682.0,227.0
1.0,10007.0,1734.0,2303.0,4626.0,0.0,0.0,1611.0,692.0,1195.0,539.0
1.0,12899.0,3164.0,2308.0,0.0,0.0,0.0,1613.0,695.0,2140.0,1024.0
1.0,9735.0,3764.0,2351.0,0.0,3433.0,3433.0,1642.0,709.0,2590.0,1174.0
1.0,5971.0,2909.0,2387.0,0.0,6486.0,6486.0,1667.0,720.0,2060.0,849.0
1.0,3062.0,1494.0,2382.0,3433.0,4527.0,4527.0,1665.0,717.0,1116.0,378.0
1.0,5001.0,927.0,2341.0,6486.0,0.0,0.0,1638.0,703.0,703.0,224.0
1.0,10560.0,1751.0,2305.0,4527.0,0.0,0.0,1612.0,693.0,1189.0,562.0
1.0,13336.0,3155.0,2311.0,0.0,0.0,0.0,1614.0,697.0,2122.0,1033.0
1.0,10181.0,3708.0,2352.0,0.0,2935.0,2935.0,1641.0,711.0,2541.0,1167.0
1.0,6473.0,2879.0,2389.0,0.0,5962.0,5962.0,1668.0,721.0,2062.0,817.0
1.0,3594.0,1520.0,2386.0,2935.0,4535.0,4535.0,1668.0,718.0,1165.0,355.0
1.0,5009.0,960.0,2347.0,5962.0,0.0,0.0,1643.0,704.0,723.0,237.0
1.0,10011.0,1749.0,2312.0,4535.0,0.0,0.0,1618.0,694.0,1188.0,561.0
1.0,12797.0,3099.0,2317.0,0.0,0.0,0.0,1620.0,697.0,2103.0,996.0
1.0,9698.0,3656.0,2357.0,0.0,3386.0,3386.0,1647.0,710.0,2526.0,1130.0
1.0,6042.0,2918.0,2394.0,0.0,6452.0,6452.0,1674.0,720.0,2099.0,819.0
1.0,3124.0,1595.0,2393.0,3386.0,4657.0,4657.0,1676.0,717.0,1219.0,376.0
1.0,4915.0,1032.0,2355.0,6452.0,0.0,0.0,1651.0,704.0,784.0,248.0
1.0,10335.0,1810.0,2320.0,4657.0,0.0,0.0,1627.0,693.0,1238.0,572.0
1.0,13182.0,3111.0,2323.0,0.0,0.0,0.0,1627.0,696.0,2091.0,1020.0
1.0,10071.0,3627.0,2361.0,0.0,3000.0,3000.0,1652.0,709.0,2484.0,1143.0
1.0,6444.0,2860.0,2398.0,0.0,6008.0,6008.0,1678.0,720.0,2036.0,824.0
1.0,3584.0,1621.0,2397.0,3000.0,4625.0,4625.0,1680.0,717.0,1231.0,390.0
1.0,4963.0,1118.0,2361.0,6008.0,0.0,0.0,1657.0,704.0,852.0,266.0
1.0,9853.0,1894.0,2327.0,4625.0,0.0,0.0,1634.0,693.0,1305.0,589.0
1.0,12584.0,3173.0,2331.0,0.0,0.0,0.0,1635.0,696.0,2144.0,1029.0
1.0,9411.0,3655.0,2370.0,0.0,3724.0,3724.0,1661.0,709.0,2512.0,1143.0
1.0,5756.0,2891.0,2407.0,0.0,6763.0,6763.0,1687.0,720.0,2070.0,821.0
1.0,2865.0,1646.0,2405.0,3724.0,4677.0,4677.0,1688.0,717.0,1240.0,406.0
1.0,4943.0,1127.0,2366.0,6763.0,0.0,0.0,1662.0,704.0,824.0,303.0
1.0,10579.0,1905.0,2328.0,4677.0,0.0,0.0,1635.0,693.0,1281.0,624.0
1.0,13351.0,3176.0,2330.0,0.0,0.0,0.0,1634.0,696.0,2125.0,1051.0
1.0,10175.0,3699.0,2372.0,0.0,3012.0,3012.0,1661.0,711.0,2532.0,1167.0
1.0,6476.0,2922.0,2409.0,0.0,6082.0,6082.0,1687.0,722.0,2075.0,847.0
1.0,3554.0,1660.0,2406.0,3012.0,4718.0,4718.0,1687.0,719.0,1241.0,419.0
1.0,4906.0,1160.0,2366.0,6082.0,0.0,0.0,1660.0,706.0,850.0,310.0
1.0,9828.0,1926.0,2328.0,4718.0,0.0,0.0,1633.0,695.0,1293.0,633.0
1.0,12620.0,3179.0,2331.0,0.0,0.0,0.0,1633.0,698.0,2118.0,1061.0
1.0,9441.0,3724.0,2373.0,0.0,3775.0,3775.0,1660.0,713.0,2549.0,1175.0
1.0,5717.0,2975.0,2410.0,0.0,6898.0,6898.0,1686.0,724.0,2115.0,860.0
1.0,2742.0,1706.0,2409.0,3775.0,4825.0,4825.0,1687.0,722.0,1286.0,420.0
1.0,4811.0,1097.0,2369.0,6898.0,0.0,0.0,1661.0,708.0,803.0,294.0
1.0,10612.0,1825.0,2330.0,4825.0,0.0,0.0,1633.0,697.0,1214.0,611.0
1.0,13612.0,3176.0,2333.0,0.0,0.0,0.0,1633.0,700.0,2106.0,1070.0
1.0,10436.0,3785.0,2376.0,0.0,2853.0,2853.0,1661.0,715.0,2593.0,1192.0
1.0,6651.0,3055.0,2417.0,0.0,6072.0,6072.0,1690.0,727.0,2203.0,852.0
1.0,3596.0,1694.0,2416.0,2853.0,4909.0,4909.0,1691.0,725.0,1292.0,402.0
1.0,4755.0,1112.0,2375.0,6072.0,0.0,0.0,1665.0,710.0,831.0,281.0
1.0,9715.0,1874.0,2339.0,4909.0,0.0,0.0,1639.0,700.0,1261.0,613.0
1.0,12750.0,3196.0,2343.0,0.0,0.0,0.0,1640.0,703.0,2140.0,1056.0
1.0,9554.0,3748.0,2386.0,0.0,3738.0,3738.0,1668.0,718.0,2581.0,1167.0
1.0,5806.0,2976.0,2425.0,0.0,6870.0,6870.0,1696.0,729.0,2148.0,828.0
1.0,2830.0,1650.0,2424.0,3738.0,4778.0,4778.0,1697.0,727.0,1250.0,400.0
1.0,4918.0,1096.0,2384.0,6870.0,0.0,0.0,1671.0,713.0,791.0,305.0
1.0,10692.0,1841.0,2347.0,4778.0,0.0,0.0,1645.0,702.0,1224.0,617.0
1.0,13629.0,3162.0,2352.0,0.0,0.0,0.0,1646.0,706.0,2119.0,1043.0
1.0,10467.0,3734.0,2394.0,0.0,2843.0,2843.0,1674.0,720.0,2597.0,1137.0
1.0,6733.0,2963.0,2434.0,0.0,5966.0,5966.0,1702.0,732.0,2150.0,813.0
1.0,3770.0,1631.0,2431.0,2843.0,4742.0,4742.0,1703.0,728.0,1244.0,387.0
1.0,4982.0,1075.0,2392.0,5966.0,0.0,0.0,1678.0,714.0,789.0,286.0
1.0,9873.0,1836.0,2355.0,4742.0,0.0,0.0,1652.0,703.0,1230.0,606.0
1.0,12779.0,3149.0,2361.0,0.0,0.0,0.0,1654.0,707.0,2135.0,1014.0
1.0,9630.0,3677.0,2403.0,0.0,3659.0,3659.0,1681.0,722.0,2565.0,1112.0
1.0,5953.0,2898.0,2440.0,0.0,6705.0,6705.0,1707.0,733.0,2095.0,803.0
1.0,3055.0,1572.0,2436.0,3659.0,4602.0,4602.0,1707.0,729.0,1173.0,399.0
1.0,5142.0,1001.0,2396.0,6705.0,0.0,0.0,1680.0,716.0,704.0,297.0
1.0,10846.0,1790.0,2360.0,4602.0,0.0,0.0,1654.0,706.0,1184.0,606.0
1.0,13658.0,3134.0,2365.0,0.0,0.0,0.0,1655.0,710.0,2126.0,1008.0
1.0,10524.0,3679.0,2404.0,0.0,2771.0,2771.0,1681.0,723.0,2580.0,1099.0
1.0,6845.0,2897.0,2440.0,0.0,5812.0,5812.0,1706.0,734.0,2107.0,790.0
1.0,3948.0,1551.0,2436.0,2771.0,4576.0,4576.0,1705.0,731.0,1152.0,399.0
1.0,5168.0,977.0,2394.0,5812.0,0.0,0.0,1677.0,717.0,663.0,314.0
1.0,10003.0,1751.0,2358.0,4576.0,0.0,0.0,1651.0,707.0,1134.0,617.0
1.0,12828.0,3136.0,2364.0,0.0,0.0,0.0,1653.0,711.0,2117.0,1019.0
1.0,9692.0,3765.0,2405.0,0.0,3693.0,3693.0,1680.0,725.0,2639.0,1126.0
1.0,5927.0,3024.0,2442.0,0.0,6865.0,6865.0,1706.0,736.0,2199.0,825.0
1.0,2903.0,1629.0,2436.0,3693.0,4777.0,4777.0,1704.0,732.0,1224.0,405.0
1.0,4967.0,974.0,2394.0,6865.0,0.0,0.0,1676.0,718.0,676.0,298.0
1.0,10858.0,1707.0,2356.0,4777.0,0.0,0.0,1649.0,707.0,1106.0,601.0
1.0,13928.0,3089.0,2360.0,0.0,0.0,0.0,1649.0,711.0,2067.0,1022.0
1.0,10839.0,3775.0,2401.0,0.0,2540.0,2540.0,1676.0,725.0,2642.0,1133.0
1.0,7064.0,3134.0,2440.0,0.0,5830.0,5830.0,1704.0,736.0,2300.0,834.0
1.0,3930.0,1777.0,2438.0,2540.0,5059.0,5059.0,1706.0,732.0,1353.0,424.0
1.0,4693.0,1082.0,2397.0,5830.0,147.0,147.0,1680.0,717.0,774.0,308.0
1.0,9441.0,1772.0,2360.0,5059.0,0.0,0.0,1653.0,707.0,1152.0,620.0
1.0,12728.0,3171.0,2365.0,147.0,0.0,0.0,1654.0,711.0,2116.0,1055.0
1.0,9704.0,3888.0,2407.0,0.0,3812.0,3812.0,1682.0,725.0,2714.0,1174.0
1.0,5816.0,3222.0,2447.0,0.0,7194.0,7194.0,1711.0,736.0,2359.0,863.0
1.0,2594.0,1802.0,2445.0,3812.0,5176.0,5176.0,1713.0,732.0,1383.0,419.0
1.0,4604.0,1027.0,2403.0,7194.0,0.0,0.0,1686.0,717.0,733.0,294.0
1.0,10771.0,1729.0,2365.0,5176.0,0.0,0.0,1659.0,706.0,1114.0,615.0
1.0,14218.0,3209.0,2369.0,0.0,0.0,0.0,1659.0,710.0,2142.0,1067.0
1.0,11009.0,3994.0,2414.0,0.0,2641.0,2641.0,1688.0,726.0,2780.0,1214.0
1.0,7015.0,3284.0,2456.0,0.0,6093.0,6093.0,1719.0,737.0,2398.0,886.0
1.0,3731.0,1765.0,2454.0,2641.0,5209.0,5209.0,1721.0,733.0,1360.0,405.0
1.0,4607.0,953.0,2412.0,6093.0,0.0,0.0,1694.0,718.0,686.0,267.0
1.0,9747.0,1685.0,2372.0,5209.0,0.0,0.0,1665.0,707.0,1064.0,621.0
1.0,13271.0,3250.0,2376.0,0.0,0.0,0.0,1664.0,712.0,2146.0,1104.0
1.0,10021.0,4049.0,2420.0,0.0,3708.0,3708.0,1693.0,727.0,2821.0,1228.0
1.0,5972.0,3269.0,2461.0,0.0,7141.0,7141.0,1723.0,738.0,2410.0,859.0
1.0,2703.0,1684.0,2458.0,3708.0,5105.0,5105.0,1724.0,734.0,1314.0,370.0
1.0,4727.0,903.0,2414.0,7141.0,0.0,0.0,1696.0,718.0,644.0,259.0
1.0,10965.0,1642.0,2374.0,5105.0,0.0,0.0,1666.0,708.0,1024.0,618.0
1.0,14428.0,3193.0,2378.0,0.0,0.0,0.0,1665.0,713.0,2095.0,1098.0
1.0,11235.0,3981.0,2423.0,0.0,2438.0,2438.0,1694.0,729.0,2762.0,1219.0
1.0,7254.0,3226.0,2463.0,0.0,5824.0,5824.0,1724.0,739.0,2378.0,848.0
1.0,4028.0,1649.0,2459.0,2438.0,5019.0,5019.0,1725.0,734.0,1285.0,364.0
1.0,4817.0,875.0,2416.0,5824.0,0.0,0.0,1697.0,719.0,622.0,253.0
1.0,9766.0,1639.0,2375.0,5019.0,0.0,0.0,1666.0,709.0,1020.0,619.0
1.0,13146.0,3194.0,2380.0,0.0,0.0,0.0,1665.0,715.0,2097.0,1097.0
1.0,9952.0,3966.0,2425.0,0.0,3714.0,3714.0,1694.0,731.0,2759.0,1207.0
1.0,5986.0,3128.0,2465.0,0.0,7002.0,7002.0,1724.0,741.0,2299.0,829.0
1.0,2858.0,1555.0,2459.0,3714.0,4819.0,4819.0,1723.0,736.0,1210.0,345.0
1.0,5017.0,826.0,2414.0,7002.0,0.0,0.0,1693.0,721.0,579.0,247.0
1.0,11193.0,1680.0,2376.0,4819.0,0.0,0.0,1664.0,712.0,1045.0,635.0
1.0,14332.0,3254.0,2383.0,0.0,0.0,0.0,1665.0,718.0,2131.0,1123.0
1.0,11078.0,3984.0,2430.0,0.0,2626.0,2626.0,1696.0,734.0,2778.0,1206.0
1.0,7094.0,3132.0,2470.0,0.0,5918.0,5918.0,1726.0,744.0,2301.0,831.0
1.0,3962.0,1536.0,2465.0,2626.0,4808.0,4808.0,1726.0,739.0,1192.0,344.0
1.0,5052.0,806.0,2421.0,5918.0,0.0,0.0,1697.0,724.0,581.0,225.0
1.0,10164.0,1658.0,2381.0,4808.0,0.0,0.0,1667.0,714.0,1060.0,598.0
1.0,13314.0,3240.0,2388.0,0.0,0.0,0.0,1668.0,720.0,2136.0,1104.0
1.0,10074.0,4020.0,2436.0,0.0,3690.0,3690.0,1700.0,736.0,2808.0,1212.0
1.0,6054.0,3215.0,2479.0,0.0,7077.0,7077.0,1733.0,746.0,2377.0,838.0
1.0,2839.0,1584.0,2476.0,3690.0,4959.0,4959.0,1735.0,741.0,1243.0,341.0
1.0,4945.0,820.0,2431.0,7077.0,0.0,0.0,1705.0,726.0,584.0,236.0
1.0,11202.0,1664.0,2391.0,4959.0,0.0,0.0,1675.0,716.0,1054.0,610.0
1.0,14497.0,3270.0,2396.0,0.0,0.0,0.0,1675.0,721.0,2184.0,1086.0
1.0,11227.0,4053.0,2442.0,0.0,2594.0,2594.0,1706.0,736.0,2846.0,1207.0
1.0,7174.0,3237.0,2486.0,0.0,6007.0,6007.0,1739.0,747.0,2393.0,844.0
1.0,3937.0,1661.0,2485.0,2594.0,5070.0,5070.0,1743.0,742.0,1299.0,362.0
1.0,4870.0,892.0,2442.0,6007.0,0.0,0.0,1715.0,727.0,643.0,249.0
1.0,9985.0,1695.0,2402.0,5070.0,0.0,0.0,1685.0,717.0,1085.0,610.0
1.0,13360.0,3290.0,2405.0,0.0,0.0,0.0,1683.0,722.0,2190.0,1100.0
1.0,10070.0,4084.0,2450.0,0.0,3814.0,3814.0,1712.0,738.0,2862.0,1222.0
1.0,5986.0,3249.0,2491.0,0.0,7227.0,7227.0,1743.0,748.0,2399.0,850.0
1.0,2737.0,1613.0,2489.0,3814.0,5018.0,5018.0,1746.0,743.0,1262.0,351.0
1.0,4938.0,845.0,2443.0,7227.0,0.0,0.0,1716.0,727.0,601.0,244.0
1.0,11320.0,1697.0,2402.0,5018.0,0.0,0.0,1685.0,717.0,1061.0,636.0
1.0,14641.0,3305.0,2403.0,0.0,0.0,0.0,1681.0,722.0,2168.0,1137.0
1.0,11336.0,4090.0,2447.0,0.0,2542.0,2542.0,1709.0,738.0,2858.0,1232.0
1.0,7246.0,3288.0,2490.0,0.0,6002.0,6002.0,1742.0,748.0,2455.0,833.0
1.0,3958.0,1698.0,2490.0,2542.0,5158.0,5158.0,1747.0,743.0,1346.0,352.0
1.0,4802.0,874.0,2445.0,6002.0,0.0,0.0,1717.0,728.0,611.0,263.0
1.0,9930.0,1613.0,2399.0,5158.0,0.0,0.0,1682.0,717.0,948.0,665.0
1.0,13475.0,3221.0,2398.0,0.0,0.0,0.0,1676.0,722.0,2075.0,1146.0
1.0,10254.0,4091.0,2443.0,0.0,3609.0,3609.0,1705.0,738.0,2862.0,1229.0
1.0,6163.0,3316.0,2489.0,0.0,7109.0,7109.0,1740.0,749.0,2494.0,822.0
1.0,2847.0,1731.0,2489.0,3609.0,5231.0,5231.0,1746.0,743.0,1395.0,336.0
1.0,4725.0,910.0,2444.0,7109.0,0.0,0.0,1717.0,727.0,648.0,262.0
1.0,10924.0,1656.0,2398.0,5231.0,0.0,0.0,1682.0,716.0,989.0,667.0
1.0,14499.0,3242.0,2398.0,0.0,0.0,0.0,1676.0,722.0,2103.0,1139.0
1.0,11257.0,4053.0,2443.0,0.0,2568.0,2568.0,1705.0,738.0,2837.0,1216.0
1.0,7204.0,3286.0,2489.0,0.0,6038.0,6038.0,1741.0,748.0,2474.0,812.0
1.0,3918.0,1709.0,2490.0,2568.0,5183.0,5183.0,1747.0,743.0,1370.0,339.0
1.0,4777.0,883.0,2446.0,6038.0,0.0,0.0,1719.0,727.0,625.0,258.0
1.0,9932.0,1675.0,2402.0,5183.0,0.0,0.0,1686.0,716.0,1039.0,636.0
1.0,13440.0,3288.0,2403.0,0.0,0.0,0.0,1682.0,721.0,2156.0,1132.0
1.0,10152.0,4054.0,2449.0,0.0,3698.0,3698.0,1711.0,738.0,2823.0,1231.0
1.0,6098.0,3221.0,2494.0,0.0,7099.0,7099.0,1745.0,749.0,2385.0,836.0
1.0,2877.0,1657.0,2495.0,3698.0,5062.0,5062.0,1751.0,744.0,1311.0,346.0
1.0,4918.0,865.0,2449.0,7099.0,0.0,0.0,1722.0,727.0,623.0,242.0
1.0,11152.0,1638.0,2405.0,5062.0,0.0,0.0,1689.0,716.0,1016.0,622.0
1.0,14576.0,3210.0,2406.0,0.0,0.0,0.0,1685.0,721.0,2104.0,1106.0
1.0,11366.0,4040.0,2454.0,0.0,2490.0,2490.0,1716.0,738.0,2808.0,1232.0
1.0,7326.0,3303.0,2502.0,0.0,5985.0,5985.0,1752.0,750.0,2446.0,857.0
1.0,4023.0,1735.0,2503.0,2490.0,5234.0,5234.0,1758.0,745.0,1374.0,361.0
1.0,4778.0,883.0,2458.0,5985.0,0.0,0.0,1730.0,728.0,652.0,231.0
1.0,9880.0,1612.0,2411.0,5234.0,0.0,0.0,1695.0,716.0,1001.0,611.0
1.0,13502.0,3208.0,2413.0,0.0,0.0,0.0,1691.0,722.0,2087.0,1121.0
1.0,10294.0,4003.0,2461.0,0.0,3553.0,3553.0,1722.0,739.0,2770.0,1233.0
1.0,6291.0,3239.0,2507.0,0.0,6976.0,6976.0,1756.0,751.0,2395.0,844.0
1.0,3052.0,1703.0,2508.0,3553.0,5130.0,5130.0,1762.0,746.0,1342.0,361.0
1.0,4902.0,907.0,2463.0,6976.0,0.0,0.0,1733.0,730.0,652.0,255.0
1.0,10971.0,1636.0,2418.0,5130.0,0.0,0.0,1699.0,719.0,999.0,637.0
1.0,14465.0,3205.0,2418.0,0.0,0.0,0.0,1693.0,725.0,2078.0,1127.0
1.0,11260.0,4012.0,2464.0,0.0,2608.0,2608.0,1722.0,742.0,2781.0,1231.0
1.0,7248.0,3269.0,2511.0,0.0,6065.0,6065.0,1758.0,753.0,2428.0,841.0
1.0,3979.0,1741.0,2513.0,2608.0,5206.0,5206.0,1764.0,749.0,1377.0,364.0
1.0,4846.0,895.0,2467.0,6065.0,0.0,0.0,1734.0,733.0,636.0,259.0
1.0,10016.0,1605.0,2420.0,5206.0,0.0,0.0,1698.0,722.0,965.0,640.0
1.0,13617.0,3171.0,2418.0,0.0,0.0,0.0,1691.0,727.0,2038.0,1133.0
1.0,10446.0,4027.0,2464.0,0.0,3437.0,3437.0,1720.0,744.0,2784.0,1243.0
1.0,6419.0,3321.0,2511.0,0.0,6946.0,6946.0,1755.0,756.0,2457.0,864.0
1.0,3098.0,1757.0,2512.0,3437.0,5270.0,5270.0,1760.0,752.0,1373.0,384.0
1.0,4778.0,891.0,2466.0,6946.0,0.0,0.0,1730.0,736.0,604.0,287.0
1.0,10833.0,1585.0,2418.0,5270.0,0.0,0.0,1693.0,725.0,933.0,652.0
1.0,14518.0,3198.0,2417.0,0.0,0.0,0.0,1686.0,731.0,2068.0,1130.0
1.0,11320.0,4141.0,2466.0,0.0,2685.0,2685.0,1718.0,748.0,2893.0,1248.0
1.0,7179.0,3439.0,2515.0,0.0,6320.0,6320.0,1755.0,760.0,2557.0,882.0
1.0,3740.0,1827.0,2518.0,2685.0,5474.0,5474.0,1762.0,756.0,1426.0,401.0
1.0,4598.0,922.0,2472.0,6320.0,0.0,0.0,1733.0,739.0,644.0,278.0
1.0,9996.0,1620.0,2425.0,5474.0,0.0,0.0,1697.0,728.0,985.0,635.0
1.0,13850.0,3217.0,2423.0,0.0,0.0,0.0,1690.0,733.0,2090.0,1127.0
1.0,10633.0,4135.0,2470.0,0.0,3382.0,3382.0,1719.0,751.0,2875.0,1260.0
1.0,6498.0,3475.0,2520.0,0.0,7057.0,7057.0,1757.0,763.0,2585.0,890.0
1.0,3023.0,1894.0,2525.0,3382.0,5589.0,5589.0,1768.0,757.0,1505.0,389.0
1.0,4511.0,1007.0,2482.0,7057.0,0.0,0.0,1742.0,740.0,742.0,265.0
1.0,10561.0,1701.0,2437.0,5589.0,0.0,0.0,1708.0,729.0,1074.0,627.0
1.0,14449.0,3280.0,2437.0,0.0,0.0,0.0,1702.0,735.0,2162.0,1118.0
1.0,11169.0,4131.0,2482.0,0.0,2890.0,2890.0,1730.0,752.0,2884.0,1247.0
1.0,7038.0,3442.0,2531.0,0.0,6528.0,6528.0,1767.0,764.0,2556.0,886.0
1.0,3596.0,1840.0,2535.0,2890.0,5494.0,5494.0,1776.0,759.0,1449.0,391.0
1.0,4646.0,948.0,2491.0,6528.0,0.0,0.0,1749.0,742.0,690.0,258.0
1.0,10226.0,1660.0,2444.0,5494.0,0.0,0.0,1714.0,730.0,1038.0,622.0
1.0,14060.0,3257.0,2443.0,0.0,0.0,0.0,1707.0,736.0,2130.0,1127.0
1.0,10803.0,4121.0,2490.0,0.0,3278.0,3278.0,1736.0,754.0,2862.0,1259.0
1.0,6682.0,3377.0,2538.0,0.0,6847.0,6847.0,1772.0,766.0,2502.0,875.0
1.0,3305.0,1777.0,2540.0,3278.0,5354.0,5354.0,1779.0,761.0,1416.0,361.0
1.0,4806.0,904.0,2494.0,6847.0,0.0,0.0,1751.0,743.0,677.0,227.0
1.0,10749.0,1633.0,2447.0,5354.0,0.0,0.0,1716.0,731.0,1020.0,613.0
1.0,14470.0,3232.0,2448.0,0.0,0.0,0.0,1711.0,737.0,2103.0,1129.0
1.0,11238.0,4036.0,2493.0,0.0,2770.0,2770.0,1739.0,754.0,2789.0,1247.0
1.0,7202.0,3271.0,2540.0,0.0,6229.0,6229.0,1774.0,766.0,2414.0,857.0
1.0,3931.0,1699.0,2541.0,2770.0,5162.0,5162.0,1780.0,761.0,1350.0,349.0
1.0,5002.0,847.0,2496.0,6229.0,0.0,0.0,1752.0,744.0,617.0,230.0
1.0,10384.0,1582.0,2448.0,5162.0,0.0,0.0,1716.0,732.0,975.0,607.0
1.0,13964.0,3170.0,2446.0,0.0,0.0,0.0,1709.0,737.0,2059.0,1111.0
1.0,10794.0,4010.0,2490.0,0.0,3176.0,3176.0,1736.0,754.0,2774.0,1236.0
1.0,6784.0,3278.0,2536.0,0.0,6638.0,6638.0,1770.0,766.0,2412.0,866.0
1.0,3506.0,1699.0,2538.0,3176.0,5169.0,5169.0,1776.0,762.0,1325.0,374.0
1.0,4983.0,829.0,2491.0,6638.0,0.0,0.0,1747.0,744.0,603.0,226.0
1.0,10792.0,1571.0,2445.0,5169.0,0.0,0.0,1713.0,732.0,993.0,578.0
1.0,14390.0,3170.0,2443.0,0.0,0.0,0.0,1707.0,736.0,2082.0,1088.0
1.0,11220.0,4026.0,2489.0,0.0,2762.0,2762.0,1735.0,754.0,2774.0,1252.0
1.0,7194.0,3326.0,2535.0,0.0,6272.0,6272.0,1769.0,766.0,2417.0,909.0
1.0,3868.0,1762.0,2537.0,2762.0,5280.0,5280.0,1776.0,761.0,1379.0,383.0
1.0,4868.0,902.0,2493.0,6272.0,0.0,0.0,1749.0,744.0,684.0,218.0
1.0,10238.0,1585.0,2446.0,5280.0,0.0,0.0,1715.0,731.0,1014.0,571.0
1.0,13933.0,3125.0,2443.0,0.0,0.0,0.0,1707.0,736.0,2025.0,1100.0
1.0,10808.0,4016.0,2488.0,0.0,3160.0,3160.0,1734.0,754.0,2735.0,1281.0
1.0,6792.0,3420.0,2536.0,0.0,6772.0,6772.0,1769.0,767.0,2484.0,936.0
1.0,3372.0,1922.0,2541.0,3160.0,5554.0,5554.0,1779.0,762.0,1506.0,416.0
1.0,4610.0,1064.0,2501.0,6772.0,0.0,0.0,1756.0,745.0,815.0,249.0
1.0,10318.0,1662.0,2456.0,5554.0,0.0,0.0,1723.0,733.0,1073.0,589.0
1.0,14210.0,3104.0,2452.0,0.0,0.0,0.0,1715.0,737.0,2021.0,1083.0
1.0,11106.0,3954.0,2494.0,0.0,2824.0,2824.0,1740.0,754.0,2701.0,1253.0
1.0,7152.0,3368.0,2541.0,0.0,6380.0,6380.0,1775.0,766.0,2430.0,938.0
1.0,3784.0,1937.0,2549.0,2824.0,5525.0,5525.0,1786.0,763.0,1478.0,459.0
1.0,4671.0,1091.0,2508.0,6380.0,72.0,72.0,1762.0,746.0,813.0,278.0
1.0,9960.0,1743.0,2461.0,5525.0,0.0,0.0,1728.0,733.0,1161.0,582.0
1.0,13742.0,3253.0,2458.0,72.0,0.0,0.0,1721.0,737.0,2176.0,1077.0
1.0,10561.0,4085.0,2502.0,0.0,3532.0,3532.0,1748.0,754.0,2820.0,1265.0
1.0,6476.0,3416.0,2550.0,0.0,7140.0,7140.0,1783.0,767.0,2453.0,963.0
1.0,3060.0,1938.0,2556.0,3532.0,5570.0,5570.0,1792.0,764.0,1463.0,475.0
1.0,4654.0,1136.0,2516.0,7140.0,0.0,0.0,1768.0,748.0,838.0,298.0
1.0,10658.0,1773.0,2470.0,5570.0,0.0,0.0,1735.0,735.0,1162.0,611.0
1.0,14455.0,3210.0,2465.0,0.0,0.0,0.0,1726.0,739.0,2122.0,1088.0
1.0,11245.0,3991.0,2506.0,0.0,2770.0,2770.0,1750.0,756.0,2738.0,1253.0
1.0,7254.0,3358.0,2551.0,0.0,6308.0,6308.0,1782.0,769.0,2406.0,952.0
1.0,3896.0,1964.0,2556.0,2770.0,5522.0,5522.0,1790.0,766.0,1484.0,480.0
1.0,4702.0,1172.0,2516.0,6308.0,226.0,226.0,1765.0,751.0,863.0,309.0
1.0,9838.0,1769.0,2469.0,5522.0,0.0,0.0,1731.0,738.0,1158.0,611.0
1.0,13591.0,3141.0,2464.0,226.0,0.0,0.0,1722.0,742.0,2056.0,1085.0
1.0,10676.0,3913.0,2504.0,0.0,3253.0,3253.0,1745.0,759.0,2645.0,1268.0
1.0,6763.0,3350.0,2550.0,0.0,6787.0,6787.0,1777.0,773.0,2389.0,961.0
1.0,3413.0,1965.0,2556.0,3253.0,5523.0,5523.0,1786.0,770.0,1502.0,463.0
1.0,4701.0,1134.0,2515.0,6787.0,0.0,0.0,1762.0,753.0,867.0,267.0
1.0,10354.0,1746.0,2469.0,5523.0,0.0,0.0,1729.0,740.0,1158.0,588.0
1.0,14131.0,3162.0,2465.0,0.0,0.0,0.0,1721.0,744.0,2083.0,1079.0
1.0,10969.0,3943.0,2507.0,0.0,3002.0,3002.0,1746.0,761.0,2681.0,1262.0
1.0,7026.0,3339.0,2553.0,0.0,6525.0,6525.0,1778.0,775.0,2382.0,957.0
1.0,3687.0,1970.0,2560.0,3002.0,5521.0,5521.0,1788.0,772.0,1511.0,459.0
1.0,4719.0,1178.0,2521.0,6525.0,18.0,18.0,1765.0,756.0,922.0,256.0
1.0,10066.0,1711.0,2476.0,5521.0,0.0,0.0,1734.0,742.0,1168.0,543.0
1.0,13876.0,3067.0,2472.0,18.0,0.0,0.0,1726.0,746.0,2030.0,1037.0
1.0,10827.0,3862.0,2514.0,0.0,3091.0,3091.0,1751.0,763.0,2607.0,1255.0
1.0,6965.0,3302.0,2561.0,0.0,6581.0,6581.0,1784.0,777.0,2336.0,966.0
1.0,3663.0,1966.0,2568.0,3091.0,5484.0,5484.0,1794.0,774.0,1503.0,463.0
1.0,4788.0,1174.0,2530.0,6581.0,0.0,0.0,1772.0,758.0,914.0,260.0
1.0,10195.0,1686.0,2486.0,5484.0,0.0,0.0,1741.0,745.0,1150.0,536.0
1.0,13993.0,3011.0,2480.0,0.0,0.0,0.0,1732.0,748.0,1990.0,1021.0
1.0,10982.0,3874.0,2522.0,0.0,2980.0,2980.0,1758.0,764.0,2628.0,1246.0
1.0,7108.0,3381.0,2570.0,0.0,6553.0,6553.0,1792.0,778.0,2416.0,965.0
1.0,3727.0,2027.0,2579.0,2980.0,5636.0,5636.0,1803.0,776.0,1561.0,466.0
1.0,4680.0,1160.0,2541.0,6553.0,91.0,91.0,1781.0,760.0,914.0,246.0
1.0,10073.0,1648.0,2495.0,5636.0,0.0,0.0,1749.0,746.0,1128.0,520.0
1.0,14061.0,2998.0,2489.0,91.0,0.0,0.0,1741.0,748.0,1982.0,1016.0
1.0,11154.0,3853.0,2529.0,0.0,2815.0,2815.0,1765.0,764.0,2621.0,1232.0
1.0,7301.0,3362.0,2577.0,0.0,6369.0,6369.0,1798.0,779.0,2388.0,974.0
1.0,3939.0,2016.0,2585.0,2815.0,5602.0,5602.0,1807.0,778.0,1519.0,497.0
1.0,4738.0,1158.0,2547.0,6369.0,239.0,239.0,1785.0,762.0,891.0,267.0
1.0,9949.0,1681.0,2502.0,5602.0,0.0,0.0,1755.0,747.0,1157.0,524.0
1.0,13870.0,3065.0,2496.0,239.0,0.0,0.0,1747.0,749.0,2050.0,1015.0
1.0,11044.0,3917.0,2533.0,0.0,3005.0,3005.0,1769.0,764.0,2680.0,1237.0
1.0,7127.0,3303.0,2577.0,0.0,6484.0,6484.0,1799.0,778.0,2345.0,958.0
1.0,3824.0,1918.0,2582.0,3005.0,5417.0,5417.0,1806.0,776.0,1441.0,477.0
1.0,4911.0,1157.0,2545.0,6484.0,0.0,0.0,1784.0,761.0,864.0,293.0
1.0,10238.0,1734.0,2502.0,5417.0,0.0,0.0,1754.0,748.0,1148.0,586.0
1.0,13921.0,3106.0,2496.0,0.0,0.0,0.0,1746.0,750.0,2050.0,1056.0
1.0,10815.0,3931.0,2535.0,0.0,3256.0,3256.0,1770.0,765.0,2697.0,1234.0
1.0,6884.0,3383.0,2579.0,0.0,6815.0,6815.0,1801.0,778.0,2430.0,953.0
1.0,3501.0,2015.0,2584.0,3256.0,5594.0,5594.0,1808.0,776.0,1517.0,498.0
1.0,4742.0,1188.0,2545.0,6815.0,0.0,0.0,1783.0,762.0,870.0,318.0
1.0,10369.0,1760.0,2500.0,5594.0,0.0,0.0,1751.0,749.0,1153.0,607.0
1.0,14203.0,3144.0,2494.0,0.0,0.0,0.0,1743.0,751.0,2073.0,1071.0
1.0,11059.0,3959.0,2533.0,0.0,3032.0,3032.0,1767.0,766.0,2712.0,1247.0
1.0,7100.0,3382.0,2576.0,0.0,6586.0,6586.0,1798.0,778.0,2434.0,948.0
1.0,3718.0,2063.0,2582.0,3032.0,5641.0,5641.0,1806.0,776.0,1566.0,497.0
1.0,4687.0,1292.0,2545.0,6586.0,199.0,199.0,1783.0,762.0,955.0,337.0
1.0,9981.0,1818.0,2504.0,5641.0,0.0,0.0,1754.0,750.0,1195.0,623.0
1.0,13804.0,3118.0,2499.0,199.0,0.0,0.0,1747.0,752.0,2041.0,1077.0
1.0,10885.0,3928.0,2537.0,0.0,3191.0,3191.0,1770.0,767.0,2684.0,1244.0
1.0,6957.0,3443.0,2580.0,0.0,6806.0,6806.0,1801.0,779.0,2479.0,964.0
1.0,3514.0,2110.0,2586.0,3191.0,5749.0,5749.0,1809.0,777.0,1606.0,504.0
1.0,4595.0,1254.0,2551.0,6806.0,57.0,57.0,1788.0,763.0,930.0,324.0
1.0,10147.0,1733.0,2509.0,5749.0,0.0,0.0,1759.0,750.0,1129.0,604.0
1.0,14163.0,3115.0,2504.0,57.0,0.0,0.0,1752.0,752.0,2053.0,1062.0
1.0,11105.0,4033.0,2544.0,0.0,3104.0,3104.0,1777.0,767.0,2782.0,1251.0
1.0,7072.0,3553.0,2591.0,0.0,6845.0,6845.0,1810.0,781.0,2586.0,967.0
1.0,3519.0,2115.0,2598.0,3104.0,5884.0,5884.0,1819.0,779.0,1620.0,495.0
1.0,4508.0,1154.0,2559.0,6845.0,37.0,37.0,1795.0,764.0,845.0,309.0
1.0,10199.0,1631.0,2514.0,5884.0,0.0,0.0,1763.0,751.0,1037.0,594.0
1.0,14452.0,3038.0,2508.0,37.0,0.0,0.0,1755.0,753.0,1957.0,1081.0
1.0,11451.0,4014.0,2548.0,0.0,2755.0,2755.0,1779.0,769.0,2749.0,1265.0
1.0,7437.0,3551.0,2593.0,0.0,6486.0,6486.0,1811.0,782.0,2610.0,941.0
1.0,3886.0,2091.0,2601.0,2755.0,5854.0,5854.0,1821.0,780.0,1651.0,440.0
1.0,4550.0,1084.0,2562.0,6486.0,296.0,296.0,1797.0,765.0,815.0,269.0
1.0,9952.0,1569.0,2519.0,5854.0,0.0,0.0,1766.0,753.0,971.0,598.0
1.0,14237.0,3016.0,2513.0,296.0,0.0,0.0,1758.0,755.0,1924.0,1092.0
1.0,11517.0,4000.0,2553.0,0.0,2695.0,2695.0,1782.0,771.0,2734.0,1266.0
1.0,7517.0,3501.0,2597.0,0.0,6372.0,6372.0,1813.0,784.0,2557.0,944.0
1.0,4016.0,2068.0,2604.0,2695.0,5773.0,5773.0,1822.0,782.0,1629.0,439.0
1.0,4643.0,1074.0,2567.0,6372.0,327.0,327.0,1800.0,767.0,824.0,250.0
1.0,9941.0,1467.0,2521.0,5773.0,0.0,0.0,1767.0,754.0,896.0,571.0
1.0,14247.0,2922.0,2512.0,327.0,0.0,0.0,1756.0,756.0,1838.0,1084.0
1.0,11652.0,3993.0,2550.0,0.0,2541.0,2541.0,1778.0,772.0,2719.0,1274.0
1.0,7659.0,3575.0,2596.0,0.0,6300.0,6300.0,1811.0,785.0,2626.0,949.0
1.0,4084.0,2158.0,2606.0,2541.0,5957.0,5957.0,1822.0,784.0,1693.0,465.0
1.0,4467.0,1133.0,2570.0,6300.0,646.0,646.0,1800.0,770.0,850.0,283.0
1.0,9634.0,1486.0,2524.0,5957.0,0.0,0.0,1767.0,757.0,925.0,561.0
1.0,14105.0,2859.0,2515.0,646.0,0.0,0.0,1757.0,758.0,1832.0,1027.0
1.0,11892.0,3918.0,2551.0,0.0,2230.0,2230.0,1779.0,772.0,2695.0,1223.0
1.0,7974.0,3599.0,2599.0,0.0,6021.0,6021.0,1813.0,786.0,2637.0,962.0
1.0,4375.0,2231.0,2609.0,2230.0,6062.0,6062.0,1824.0,785.0,1734.0,497.0
1.0,4374.0,1173.0,2572.0,6021.0,1066.0,1066.0,1801.0,771.0,875.0,298.0
1.0,9222.0,1496.0,2526.0,6062.0,0.0,0.0,1767.0,759.0,925.0,571.0
1.0,13788.0,2891.0,2518.0,1066.0,0.0,0.0,1758.0,760.0,1851.0,1040.0
1.0,11963.0,3995.0,2558.0,0.0,2264.0,2264.0,1783.0,775.0,2753.0,1242.0
1.0,7968.0,3684.0,2607.0,0.0,6144.0,6144.0,1819.0,788.0,2713.0,971.0
1.0,4284.0,2282.0,2617.0,2264.0,6202.0,6202.0,1831.0,786.0,1772.0,510.0
1.0,4266.0,1221.0,2581.0,6144.0,1135.0,1135.0,1809.0,772.0,913.0,308.0
1.0,9189.0,1541.0,2535.0,6202.0,0.0,0.0,1776.0,759.0,967.0,574.0
1.0,13850.0,2970.0,2527.0,1135.0,0.0,0.0,1766.0,761.0,1934.0,1036.0
1.0,12015.0,4063.0,2566.0,0.0,2312.0,2312.0,1791.0,775.0,2814.0,1249.0
1.0,7952.0,3729.0,2616.0,0.0,6241.0,6241.0,1827.0,789.0,2724.0,1005.0
1.0,4223.0,2294.0,2625.0,2312.0,6259.0,6259.0,1838.0,787.0,1758.0,536.0
1.0,4241.0,1219.0,2589.0,6241.0,1093.0,1093.0,1816.0,773.0,905.0,314.0
1.0,9263.0,1569.0,2542.0,6259.0,0.0,0.0,1783.0,759.0,1017.0,552.0
1.0,13953.0,2985.0,2535.0,1093.0,0.0,0.0,1774.0,761.0,1966.0,1019.0
1.0,12061.0,4091.0,2574.0,0.0,2326.0,2326.0,1799.0,775.0,2836.0,1255.0
1.0,7970.0,3765.0,2621.0,0.0,6279.0,6279.0,1833.0,788.0,2743.0,1022.0
1.0,4205.0,2319.0,2631.0,2326.0,6312.0,6312.0,1844.0,787.0,1775.0,544.0
1.0,4212.0,1233.0,2595.0,6279.0,1122.0,1122.0,1823.0,772.0,915.0,318.0
1.0,9258.0,1586.0,2550.0,6312.0,0.0,0.0,1791.0,759.0,1023.0,563.0
1.0,13984.0,2997.0,2541.0,1122.0,0.0,0.0,1781.0,760.0,1980.0,1017.0
1.0,12109.0,4046.0,2578.0,0.0,2249.0,2249.0,1804.0,774.0,2811.0,1235.0
1.0,8063.0,3681.0,2625.0,0.0,6118.0,6118.0,1838.0,787.0,2684.0,997.0
1.0,4382.0,2276.0,2636.0,2249.0,6189.0,6189.0,1850.0,786.0,1742.0,534.0
1.0,4355.0,1183.0,2599.0,6118.0,1106.0,1106.0,1827.0,772.0,861.0,322.0
1.0,9290.0,1534.0,2551.0,6189.0,0.0,0.0,1792.0,759.0,967.0,567.0
1.0,13945.0,2967.0,2540.0,1106.0,0.0,0.0,1780.0,760.0,1946.0,1021.0
1.0,12084.0,4022.0,2576.0,0.0,2242.0,2242.0,1802.0,774.0,2783.0,1239.0
1.0,8062.0,3620.0,2623.0,0.0,6050.0,6050.0,1836.0,787.0,2621.0,999.0
1.0,4442.0,2191.0,2634.0,2242.0,6043.0,6043.0,1848.0,786.0,1652.0,539.0
1.0,4493.0,1148.0,2597.0,6050.0,993.0,993.0,1826.0,771.0,831.0,317.0
1.0,9395.0,1556.0,2551.0,6043.0,0.0,0.0,1793.0,758.0,995.0,561.0
1.0,13882.0,2942.0,2538.0,993.0,0.0,0.0,1779.0,759.0,1922.0,1020.0
1.0,11933.0,3993.0,2575.0,0.0,2360.0,2360.0,1800.0,775.0,2745.0,1248.0
1.0,7940.0,3656.0,2625.0,0.0,6216.0,6216.0,1836.0,789.0,2651.0,1005.0
1.0,4284.0,2209.0,2637.0,2360.0,6113.0,6113.0,1849.0,788.0,1675.0,534.0
1.0,4435.0,1120.0,2601.0,6216.0,873.0,873.0,1828.0,773.0,797.0,323.0
1.0,9531.0,1503.0,2552.0,6113.0,0.0,0.0,1793.0,759.0,949.0,554.0
1.0,14141.0,2980.0,2543.0,873.0,0.0,0.0,1782.0,761.0,1964.0,1016.0
1.0,12034.0,4048.0,2580.0,0.0,2334.0,2334.0,1804.0,776.0,2810.0,1238.0
1.0,7986.0,3670.0,2631.0,0.0,6208.0,6208.0,1840.0,791.0,2662.0,1008.0
1.0,4316.0,2201.0,2644.0,2334.0,6127.0,6127.0,1854.0,790.0,1651.0,550.0
1.0,4449.0,1104.0,2610.0,6208.0,887.0,887.0,1834.0,776.0,778.0,326.0
1.0,9553.0,1531.0,2562.0,6127.0,0.0,0.0,1800.0,762.0,963.0,568.0
1.0,14149.0,3015.0,2552.0,887.0,0.0,0.0,1788.0,764.0,1990.0,1025.0
1.0,12021.0,4067.0,2588.0,0.0,2398.0,2398.0,1810.0,778.0,2853.0,1214.0
1.0,7954.0,3652.0,2637.0,0.0,6246.0,6246.0,1845.0,792.0,2667.0,985.0
1.0,4302.0,2141.0,2649.0,2398.0,6037.0,6037.0,1858.0,791.0,1599.0,542.0
1.0,4559.0,1109.0,2616.0,6246.0,768.0,768.0,1838.0,778.0,769.0,340.0
1.0,9696.0,1598.0,2571.0,6037.0,0.0,0.0,1805.0,766.0,1017.0,581.0
1.0,14135.0,3091.0,2561.0,768.0,0.0,0.0,1794.0,767.0,2062.0,1029.0
1.0,11812.0,4147.0,2598.0,0.0,2727.0,2727.0,1817.0,781.0,2916.0,1231.0
1.0,7665.0,3702.0,2647.0,0.0,6625.0,6625.0,1853.0,794.0,2725.0,977.0
1.0,3963.0,2176.0,2659.0,2727.0,6122.0,6122.0,1866.0,793.0,1638.0,538.0
1.0,4514.0,1081.0,2625.0,6625.0,442.0,442.0,1845.0,780.0,749.0,332.0
1.0,10058.0,1552.0,2578.0,6122.0,0.0,0.0,1811.0,767.0,959.0,593.0
1.0,14628.0,3118.0,2567.0,442.0,0.0,0.0,1798.0,769.0,2062.0,1056.0
1.0,11952.0,4163.0,2603.0,0.0,2623.0,2623.0,1820.0,783.0,2927.0,1236.0
1.0,7789.0,3682.0,2651.0,0.0,6497.0,6497.0,1855.0,796.0,2713.0,969.0
1.0,4107.0,2166.0,2663.0,2623.0,6088.0,6088.0,1868.0,795.0,1640.0,526.0
1.0,4564.0,1083.0,2627.0,6497.0,530.0,530.0,1845.0,782.0,725.0,358.0
1.0,9978.0,1556.0,2579.0,6088.0,0.0,0.0,1809.0,770.0,931.0,625.0
1.0,14510.0,3131.0,2567.0,530.0,0.0,0.0,1796.0,771.0,2064.0,1067.0
1.0,11909.0,4193.0,2603.0,0.0,2696.0,2696.0,1819.0,784.0,2966.0,1227.0
1.0,7716.0,3701.0,2650.0,0.0,6585.0,6585.0,1854.0,796.0,2746.0,955.0
1.0,4015.0,2172.0,2663.0,2696.0,6113.0,6113.0,1867.0,796.0,1646.0,526.0
1.0,4539.0,1112.0,2627.0,6585.0,496.0,496.0,1843.0,784.0,742.0,370.0
1.0,10012.0,1550.0,2578.0,6113.0,0.0,0.0,1806.0,772.0,916.0,634.0
1.0,14575.0,3071.0,2564.0,496.0,0.0,0.0,1792.0,772.0,2000.0,1071.0
1.0,12000.0,4184.0,2600.0,0.0,2584.0,2584.0,1814.0,786.0,2941.0,1243.0
1.0,7816.0,3799.0,2650.0,0.0,6583.0,6583.0,1851.0,799.0,2825.0,974.0
1.0,4017.0,2295.0,2663.0,2584.0,6346.0,6346.0,1865.0,798.0,1774.0,521.0
1.0,4306.0,1136.0,2627.0,6583.0,755.0,755.0,1842.0,785.0,787.0,349.0
1.0,9753.0,1480.0,2578.0,6346.0,0.0,0.0,1805.0,773.0,863.0,617.0
1.0,14619.0,2992.0,2565.0,755.0,0.0,0.0,1791.0,774.0,1940.0,1052.0
1.0,12382.0,4197.0,2602.0,0.0,2223.0,2223.0,1814.0,788.0,2954.0,1243.0
1.0,8185.0,3842.0,2653.0,0.0,6269.0,6269.0,1853.0,800.0,2877.0,965.0
1.0,4343.0,2326.0,2668.0,2223.0,6432.0,6432.0,1869.0,799.0,1805.0,521.0
1.0,4240.0,1121.0,2632.0,6269.0,1140.0,1140.0,1846.0,786.0,772.0,349.0
1.0,9388.0,1425.0,2582.0,6432.0,0.0,0.0,1808.0,774.0,815.0,610.0
1.0,14395.0,2950.0,2570.0,1140.0,0.0,0.0,1795.0,775.0,1899.0,1051.0
1.0,12585.0,4172.0,2608.0,0.0,2019.0,2019.0,1820.0,788.0,2955.0,1217.0
1.0,8413.0,3875.0,2660.0,0.0,6102.0,6102.0,1860.0,800.0,2926.0,949.0
1.0,4538.0,2338.0,2675.0,2019.0,6481.0,6481.0,1876.0,799.0,1824.0,514.0
1.0,4219.0,1092.0,2639.0,6102.0,1327.0,1327.0,1853.0,786.0,746.0,346.0
1.0,9229.0,1391.0,2590.0,6481.0,0.0,0.0,1816.0,774.0,786.0,605.0
1.0,14319.0,2896.0,2575.0,1327.0,0.0,0.0,1801.0,774.0,1883.0,1013.0
1.0,12750.0,4133.0,2612.0,0.0,1831.0,1831.0,1825.0,787.0,2935.0,1198.0
1.0,8617.0,3877.0,2665.0,0.0,5920.0,5920.0,1866.0,799.0,2913.0,964.0
1.0,4740.0,2367.0,2681.0,1831.0,6520.0,6520.0,1882.0,799.0,1812.0,555.0
1.0,4204.0,1066.0,2645.0,5920.0,1522.0,1522.0,1858.0,787.0,694.0,372.0
1.0,9058.0,1327.0,2593.0,6520.0,0.0,0.0,1818.0,775.0,725.0,602.0
1.0,14251.0,2895.0,2578.0,1522.0,0.0,0.0,1803.0,775.0,1885.0,1010.0
1.0,12878.0,4158.0,2615.0,0.0,1740.0,1740.0,1828.0,787.0,2977.0,1181.0
1.0,8720.0,3868.0,2669.0,0.0,5824.0,5824.0,1870.0,799.0,2921.0,947.0
1.0,4852.0,2288.0,2683.0,1740.0,6428.0,6428.0,1885.0,798.0,1761.0,527.0
1.0,4304.0,1039.0,2645.0,5824.0,1491.0,1491.0,1860.0,785.0,682.0,357.0
1.0,9089.0,1309.0,2592.0,6428.0,0.0,0.0,1818.0,774.0,694.0,615.0
1.0,14208.0,2853.0,2577.0,1491.0,0.0,0.0,1802.0,775.0,1814.0,1039.0
1.0,12846.0,4182.0,2616.0,0.0,1800.0,1800.0,1828.0,788.0,2950.0,1232.0
1.0,8664.0,3937.0,2671.0,0.0,5957.0,5957.0,1870.0,801.0,2949.0,988.0
1.0,4727.0,2374.0,2685.0,1800.0,6587.0,6587.0,1885.0,800.0,1829.0,545.0
1.0,4153.0,1044.0,2646.0,5957.0,1518.0,1518.0,1859.0,787.0,692.0,352.0
1.0,9066.0,1290.0,2591.0,6587.0,0.0,0.0,1816.0,775.0,685.0,605.0
1.0,14363.0,2873.0,2575.0,1518.0,0.0,0.0,1799.0,776.0,1823.0,1050.0
1.0,13008.0,4223.0,2615.0,0.0,1675.0,1675.0,1825.0,790.0,2983.0,1240.0
1.0,8785.0,3997.0,2670.0,0.0,5892.0,5892.0,1868.0,802.0,3003.0,994.0
1.0,4788.0,2411.0,2687.0,1675.0,6696.0,6696.0,1885.0,802.0,1862.0,549.0
1.0,4052.0,1084.0,2648.0,5892.0,1732.0,1732.0,1860.0,788.0,718.0,366.0
1.0,8860.0,1361.0,2594.0,6696.0,0.0,0.0,1817.0,777.0,736.0,625.0
1.0,14195.0,2930.0,2579.0,1732.0,0.0,0.0,1801.0,778.0,1872.0,1058.0
1.0,12997.0,4238.0,2619.0,0.0,1717.0,1717.0,1827.0,792.0,2986.0,1252.0
1.0,8759.0,4034.0,2676.0,0.0,5979.0,5979.0,1871.0,805.0,3022.0,1012.0
1.0,4725.0,2490.0,2694.0,1717.0,6824.0,6824.0,1890.0,804.0,1907.0,583.0
1.0,3952.0,1175.0,2657.0,5979.0,1872.0,1872.0,1866.0,791.0,788.0,387.0
1.0,8756.0,1440.0,2603.0,6824.0,0.0,0.0,1824.0,779.0,819.0,621.0
1.0,14140.0,2995.0,2590.0,1872.0,0.0,0.0,1809.0,781.0,1947.0,1048.0
1.0,13017.0,4296.0,2631.0,0.0,1803.0,1803.0,1836.0,795.0,3051.0,1245.0
1.0,8721.0,4080.0,2687.0,0.0,6107.0,6107.0,1880.0,807.0,3061.0,1019.0
1.0,4641.0,2531.0,2707.0,1803.0,6915.0,6915.0,1900.0,807.0,1923.0,608.0
1.0,3913.0,1187.0,2671.0,6107.0,1851.0,1851.0,1877.0,794.0,788.0,399.0
1.0,8833.0,1420.0,2617.0,6915.0,0.0,0.0,1835.0,782.0,804.0,616.0
1.0,14328.0,2980.0,2602.0,1851.0,0.0,0.0,1819.0,783.0,1953.0,1027.0
1.0,13199.0,4326.0,2641.0,0.0,1691.0,1691.0,1844.0,797.0,3079.0,1247.0
1.0,8873.0,4039.0,2696.0,0.0,5950.0,5950.0,1886.0,810.0,3005.0,1034.0
1.0,4834.0,2452.0,2715.0,1691.0,6787.0,6787.0,1905.0,810.0,1837.0,615.0
1.0,4073.0,1162.0,2680.0,5950.0,1859.0,1859.0,1882.0,798.0,751.0,411.0
1.0,8861.0,1428.0,2626.0,6787.0,0.0,0.0,1841.0,785.0,826.0,602.0
1.0,14220.0,2968.0,2610.0,1859.0,0.0,0.0,1824.0,786.0,1966.0,1002.0
1.0,13111.0,4249.0,2647.0,0.0,1726.0,1726.0,1848.0,799.0,3042.0,1207.0
1.0,8862.0,3983.0,2702.0,0.0,5929.0,5929.0,1890.0,812.0,2953.0,1030.0
1.0,4879.0,2463.0,2722.0,1726.0,6746.0,6746.0,1909.0,813.0,1838.0,625.0
1.0,4142.0,1145.0,2687.0,5929.0,1822.0,1822.0,1887.0,800.0,765.0,380.0
1.0,8926.0,1351.0,2633.0,6746.0,0.0,0.0,1846.0,787.0,784.0,567.0
1.0,14321.0,2845.0,2613.0,1822.0,0.0,0.0,1825.0,788.0,1863.0,982.0
1.0,13298.0,4158.0,2648.0,0.0,1452.0,1452.0,1847.0,801.0,2942.0,1216.0
1.0,9140.0,3961.0,2703.0,0.0,5633.0,5633.0,1889.0,814.0,2939.0,1022.0
1.0,5179.0,2448.0,2723.0,1452.0,6709.0,6709.0,1909.0,814.0,1849.0,599.0
1.0,4183.0,1134.0,2690.0,5633.0,2078.0,2078.0,1888.0,802.0,762.0,372.0
1.0,8682.0,1263.0,2635.0,6709.0,0.0,0.0,1845.0,790.0,698.0,565.0
1.0,14128.0,2765.0,2613.0,2078.0,0.0,0.0,1823.0,790.0,1774.0,991.0
1.0,13441.0,4150.0,2647.0,0.0,1297.0,1297.0,1844.0,803.0,2928.0,1222.0
1.0,9291.0,4038.0,2705.0,0.0,5567.0,5567.0,1889.0,816.0,3012.0,1026.0
1.0,5253.0,2503.0,2727.0,1297.0,6861.0,6861.0,1912.0,815.0,1916.0,587.0
1.0,4047.0,1063.0,2691.0,5567.0,2213.0,2213.0,1889.0,802.0,722.0,341.0
1.0,8551.0,1167.0,2634.0,6861.0,0.0,0.0,1844.0,790.0,626.0,541.0
1.0,14245.0,2753.0,2613.0,2213.0,0.0,0.0,1822.0,791.0,1767.0,986.0
1.0,13705.0,4204.0,2649.0,0.0,1095.0,1095.0,1845.0,804.0,2974.0,1230.0
1.0,9501.0,4079.0,2709.0,0.0,5414.0,5414.0,1891.0,818.0,3040.0,1039.0
1.0,5422.0,2451.0,2730.0,1095.0,6854.0,6854.0,1913.0,817.0,1864.0,587.0
1.0,4066.0,979.0,2694.0,5414.0,2275.0,2275.0,1891.0,803.0,650.0,329.0
1.0,8501.0,1149.0,2636.0,6854.0,0.0,0.0,1846.0,790.0,634.0,515.0
1.0,14206.0,2815.0,2614.0,2275.0,0.0,0.0,1825.0,789.0,1842.0,973.0
1.0,13666.0,4329.0,2652.0,0.0,1271.0,1271.0,1849.0,803.0,3079.0,1250.0
1.0,9337.0,4196.0,2713.0,0.0,5711.0,5711.0,1896.0,817.0,3124.0,1072.0
1.0,5141.0,2547.0,2737.0,1271.0,7083.0,7083.0,1920.0,817.0,1939.0,608.0
1.0,3865.0,1031.0,2701.0,5711.0,2259.0,2259.0,1898.0,803.0,704.0,327.0
1.0,8545.0,1186.0,2643.0,7083.0,0.0,0.0,1854.0,789.0,657.0,529.0
1.0,14442.0,2860.0,2621.0,2259.0,0.0,0.0,1832.0,789.0,1851.0,1009.0
1.0,13841.0,4390.0,2659.0,0.0,1185.0,1185.0,1856.0,803.0,3117.0,1273.0
1.0,9451.0,4250.0,2720.0,0.0,5679.0,5679.0,1903.0,817.0,3178.0,1072.0
1.0,5201.0,2548.0,2743.0,1185.0,7134.0,7134.0,1926.0,817.0,1932.0,616.0
1.0,3838.0,1030.0,2707.0,5679.0,2341.0,2341.0,1903.0,804.0,662.0,368.0
1.0,8487.0,1219.0,2648.0,7134.0,0.0,0.0,1858.0,790.0,648.0,571.0
1.0,14402.0,2931.0,2627.0,2341.0,0.0,0.0,1836.0,791.0,1911.0,1020.0
1.0,13812.0,4413.0,2664.0,0.0,1257.0,1257.0,1860.0,804.0,3145.0,1268.0
1.0,9399.0,4205.0,2722.0,0.0,5694.0,5694.0,1905.0,817.0,3142.0,1063.0
1.0,5194.0,2531.0,2744.0,1257.0,7056.0,7056.0,1927.0,817.0,1919.0,612.0
1.0,3920.0,1051.0,2706.0,5694.0,2261.0,2261.0,1902.0,804.0,676.0,375.0
1.0,8563.0,1256.0,2647.0,7056.0,0.0,0.0,1856.0,791.0,659.0,597.0
1.0,14363.0,2933.0,2626.0,2261.0,0.0,0.0,1834.0,792.0,1885.0,1048.0
1.0,13691.0,4449.0,2662.0,0.0,1406.0,1406.0,1857.0,805.0,3149.0,1300.0
1.0,9242.0,4235.0,2721.0,0.0,5877.0,5877.0,1903.0,818.0,3150.0,1085.0
1.0,5007.0,2510.0,2741.0,1406.0,7061.0,7061.0,1923.0,818.0,1891.0,619.0
1.0,3903.0,994.0,2704.0,5877.0,2030.0,2030.0,1898.0,806.0,626.0,368.0
1.0,8786.0,1243.0,2644.0,7061.0,0.0,0.0,1852.0,792.0,681.0,562.0
1.0,14604.0,3009.0,2624.0,2030.0,0.0,0.0,1832.0,792.0,1975.0,1034.0
1.0,13625.0,4510.0,2664.0,0.0,1541.0,1541.0,1858.0,806.0,3201.0,1309.0
1.0,9115.0,4227.0,2723.0,0.0,6004.0,6004.0,1904.0,819.0,3135.0,1092.0
1.0,4888.0,2508.0,2743.0,1541.0,7051.0,7051.0,1924.0,819.0,1880.0,628.0
1.0,3921.0,1013.0,2706.0,6004.0,1912.0,1912.0,1899.0,807.0,655.0,358.0
1.0,8912.0,1257.0,2648.0,7051.0,0.0,0.0,1854.0,794.0,704.0,553.0
1.0,14706.0,2954.0,2629.0,1912.0,0.0,0.0,1835.0,794.0,1932.0,1022.0
1.0,13664.0,4395.0,2666.0,0.0,1395.0,1395.0,1859.0,807.0,3107.0,1288.0
1.0,9269.0,4164.0,2724.0,0.0,5791.0,5791.0,1903.0,821.0,3069.0,1095.0
1.0,5105.0,2508.0,2746.0,1395.0,6992.0,6992.0,1924.0,822.0,1867.0,641.0
1.0,3992.0,1077.0,2712.0,5791.0,2142.0,2142.0,1902.0,810.0,711.0,366.0
1.0,8706.0,1294.0,2658.0,6992.0,0.0,0.0,1860.0,798.0,745.0,549.0
1.0,14404.0,2966.0,2638.0,2142.0,0.0,0.0,1841.0,797.0,1954.0,1012.0
1.0,13580.0,4405.0,2675.0,0.0,1525.0,1525.0,1865.0,810.0,3125.0,1280.0
1.0,9175.0,4185.0,2734.0,0.0,5946.0,5946.0,1910.0,824.0,3103.0,1082.0
1.0,4990.0,2505.0,2758.0,1525.0,7022.0,7022.0,1933.0,825.0,1871.0,634.0
1.0,4010.0,991.0,2724.0,5946.0,1931.0,1931.0,1911.0,813.0,640.0,351.0
1.0,8965.0,1193.0,2668.0,7022.0,0.0,0.0,1868.0,800.0,670.0,523.0
1.0,14794.0,2899.0,2645.0,1931.0,0.0,0.0,1846.0,799.0,1911.0,988.0
1.0,13826.0,4403.0,2682.0,0.0,1305.0,1305.0,1870.0,812.0,3140.0,1263.0
1.0,9423.0,4156.0,2742.0,0.0,5701.0,5701.0,1916.0,826.0,3104.0,1052.0
1.0,5267.0,2448.0,2766.0,1305.0,6940.0,6940.0,1940.0,826.0,1867.0,581.0
1.0,4124.0,987.0,2732.0,5701.0,2090.0,2090.0,1918.0,814.0,658.0,329.0
1.0,8838.0,1246.0,2675.0,6940.0,0.0,0.0,1874.0,801.0,690.0,556.0
1.0,14532.0,2958.0,2654.0,2090.0,0.0,0.0,1853.0,801.0,1930.0,1028.0
1.0,13664.0,4401.0,2691.0,0.0,1501.0,1501.0,1877.0,814.0,3132.0,1269.0
1.0,9263.0,4128.0,2752.0,0.0,5873.0,5873.0,1924.0,828.0,3079.0,1049.0
1.0,5135.0,2365.0,2775.0,1501.0,6829.0,6829.0,1946.0,829.0,1788.0,577.0
1.0,4271.0,902.0,2738.0,5873.0,1710.0,1710.0,1922.0,816.0,568.0,334.0
1.0,9242.0,1214.0,2678.0,6829.0,0.0,0.0,1875.0,803.0,660.0,554.0
1.0,14857.0,2994.0,2655.0,1710.0,0.0,0.0,1853.0,802.0,1979.0,1015.0
1.0,13573.0,4431.0,2692.0,0.0,1626.0,1626.0,1877.0,815.0,3159.0,1272.0
1.0,9142.0,4166.0,2752.0,0.0,6032.0,6032.0,1923.0,829.0,3091.0,1075.0
1.0,4976.0,2425.0,2776.0,1626.0,6927.0,6927.0,1945.0,831.0,1812.0,613.0
1.0,4177.0,961.0,2739.0,6032.0,1708.0,1708.0,1921.0,818.0,623.0,338.0
1.0,9248.0,1208.0,2678.0,6927.0,0.0,0.0,1874.0,804.0,677.0,531.0
1.0,14967.0,2957.0,2653.0,1708.0,0.0,0.0,1851.0,802.0,1965.0,992.0
1.0,13718.0,4444.0,2690.0,0.0,1486.0,1486.0,1875.0,815.0,3173.0,1271.0
1.0,9274.0,4236.0,2752.0,0.0,5970.0,5970.0,1923.0,829.0,3143.0,1093.0
1.0,5038.0,2497.0,2776.0,1486.0,7077.0,7077.0,1946.0,830.0,1863.0,634.0
1.0,4027.0,1005.0,2739.0,5970.0,1964.0,1964.0,1922.0,817.0,655.0,350.0
1.0,8992.0,1248.0,2678.0,7077.0,0.0,0.0,1875.0,803.0,710.0,538.0
1.0,14821.0,2997.0,2655.0,1964.0,0.0,0.0,1853.0,802.0,1988.0,1009.0
1.0,13788.0,4537.0,2693.0,0.0,1521.0,1521.0,1878.0,815.0,3229.0,1308.0
1.0,9251.0,4314.0,2756.0,0.0,6087.0,6087.0,1926.0,830.0,3194.0,1120.0
1.0,4937.0,2534.0,2780.0,1521.0,7196.0,7196.0,1950.0,830.0,1908.0,626.0
1.0,3924.0,983.0,2743.0,6087.0,1944.0,1944.0,1927.0,816.0,657.0,326.0
1.0,9028.0,1260.0,2682.0,7196.0,0.0,0.0,1880.0,802.0,717.0,543.0
1.0,14964.0,3069.0,2660.0,1944.0,0.0,0.0,1859.0,801.0,2032.0,1037.0
1.0,13839.0,4588.0,2699.0,0.0,1545.0,1545.0,1885.0,814.0,3261.0,1327.0
1.0,9251.0,4316.0,2763.0,0.0,6117.0,6117.0,1934.0,829.0,3196.0,1120.0
1.0,4935.0,2501.0,2787.0,1545.0,7169.0,7169.0,1957.0,830.0,1877.0,624.0
1.0,3979.0,1002.0,2749.0,6117.0,1902.0,1902.0,1932.0,817.0,657.0,345.0
1.0,9094.0,1288.0,2687.0,7169.0,0.0,0.0,1885.0,802.0,739.0,549.0
1.0,14975.0,3052.0,2664.0,1902.0,0.0,0.0,1863.0,801.0,2026.0,1026.0
1.0,13825.0,4538.0,2703.0,0.0,1525.0,1525.0,1889.0,814.0,3227.0,1311.0
1.0,9287.0,4287.0,2766.0,0.0,6064.0,6064.0,1938.0,828.0,3179.0,1108.0
1.0,5000.0,2516.0,2791.0,1525.0,7155.0,7155.0,1961.0,830.0,1895.0,621.0
1.0,4009.0,1028.0,2753.0,6064.0,1967.0,1967.0,1936.0,817.0,675.0,353.0
1.0,9045.0,1260.0,2693.0,7155.0,0.0,0.0,1890.0,803.0,689.0,571.0
1.0,14940.0,3013.0,2671.0,1967.0,0.0,0.0,1869.0,802.0,1969.0,1044.0
1.0,13894.0,4515.0,2709.0,0.0,1457.0,1457.0,1894.0,815.0,3201.0,1314.0
1.0,9379.0,4290.0,2771.0,0.0,5995.0,5995.0,1942.0,829.0,3184.0,1106.0
1.0,5089.0,2489.0,2794.0,1457.0,7119.0,7119.0,1964.0,830.0,1887.0,602.0
1.0,4057.0,960.0,2756.0,5995.0,1932.0,1932.0,1939.0,817.0,634.0,326.0
1.0,9092.0,1191.0,2694.0,7119.0,0.0,0.0,1891.0,803.0,647.0,544.0
1.0,15020.0,2927.0,2670.0,1932.0,0.0,0.0,1868.0,802.0,1894.0,1033.0
1.0,14025.0,4467.0,2707.0,0.0,1270.0,1270.0,1892.0,815.0,3158.0,1309.0
1.0,9558.0,4262.0,2770.0,0.0,5784.0,5784.0,1941.0,829.0,3163.0,1099.0
1.0,5296.0,2496.0,2795.0,1270.0,7110.0,7110.0,1964.0,831.0,1876.0,620.0
1.0,4070.0,962.0,2758.0,5784.0,2140.0,2140.0,1939.0,819.0,599.0,363.0
1.0,8892.0,1138.0,2696.0,7110.0,0.0,0.0,1890.0,806.0,573.0,565.0
1.0,14864.0,2869.0,2670.0,2140.0,0.0,0.0,1865.0,805.0,1835.0,1034.0
1.0,14135.0,4427.0,2708.0,0.0,1124.0,1124.0,1889.0,819.0,3132.0,1295.0
1.0,9708.0,4273.0,2772.0,0.0,5653.0,5653.0,1938.0,834.0,3193.0,1080.0
1.0,5435.0,2505.0,2796.0,1124.0,7130.0,7130.0,1961.0,835.0,1895.0,610.0
1.0,4054.0,887.0,2756.0,5653.0,2204.0,2204.0,1935.0,821.0,545.0,342.0
1.0,8820.0,1043.0,2692.0,7130.0,0.0,0.0,1884.0,808.0,493.0,550.0
1.0,14907.0,2811.0,2666.0,2204.0,0.0,0.0,1859.0,807.0,1787.0,1024.0
1.0,14300.0,4492.0,2707.0,0.0,1020.0,1020.0,1886.0,821.0,3201.0,1291.0
1.0,9808.0,4394.0,2775.0,0.0,5686.0,5686.0,1939.0,836.0,3299.0,1095.0
1.0,5414.0,2607.0,2801.0,1020.0,7377.0,7377.0,1964.0,837.0,1981.0,626.0
1.0,3827.0,941.0,2762.0,5686.0,2476.0,2476.0,1938.0,824.0,593.0,348.0
1.0,8572.0,1105.0,2697.0,7377.0,0.0,0.0,1887.0,810.0,543.0,562.0
1.0,14844.0,2909.0,2674.0,2476.0,0.0,0.0,1864.0,810.0,1879.0,1030.0
1.0,14411.0,4590.0,2716.0,0.0,1043.0,1043.0,1893.0,823.0,3302.0,1288.0
1.0,9821.0,4422.0,2782.0,0.0,5729.0,5729.0,1945.0,837.0,3343.0,1079.0
1.0,5399.0,2612.0,2809.0,1043.0,7406.0,7406.0,1970.0,839.0,1978.0,634.0
1.0,3830.0,949.0,2770.0,5729.0,2470.0,2470.0,1943.0,827.0,574.0,375.0
1.0,8610.0,1134.0,2706.0,7406.0,0.0,0.0,1893.0,813.0,569.0,565.0
1.0,14882.0,2974.0,2682.0,2470.0,0.0,0.0,1870.0,812.0,1952.0,1022.0
1.0,14378.0,4627.0,2723.0,0.0,1141.0,1141.0,1899.0,824.0,3345.0,1282.0
1.0,9751.0,4469.0,2790.0,0.0,5878.0,5878.0,1951.0,839.0,3367.0,1102.0
1.0,5282.0,2648.0,2817.0,1141.0,7493.0,7493.0,1976.0,841.0,1995.0,653.0
1.0,3775.0,1021.0,2778.0,5878.0,2480.0,2480.0,1949.0,829.0,620.0,401.0
1.0,8632.0,1201.0,2714.0,7493.0,0.0,0.0,1899.0,815.0,619.0,582.0
1.0,14924.0,3003.0,2690.0,2480.0,0.0,0.0,1876.0,814.0,1973.0,1030.0
1.0,14401.0,4606.0,2729.0,0.0,1121.0,1121.0,1903.0,826.0,3323.0,1283.0
1.0,9795.0,4401.0,2795.0,0.0,5786.0,5786.0,1954.0,841.0,3317.0,1084.0
1.0,5394.0,2593.0,2821.0,1121.0,7362.0,7362.0,1978.0,843.0,1961.0,632.0
1.0,3922.0,1038.0,2782.0,5786.0,2458.0,2458.0,1952.0,830.0,660.0,378.0
1.0,8670.0,1269.0,2718.0,7362.0,0.0,0.0,1902.0,816.0,672.0,597.0
1.0,14763.0,3023.0,2693.0,2458.0,0.0,0.0,1878.0,815.0,1967.0,1056.0
1.0,14198.0,4572.0,2732.0,0.0,1302.0,1302.0,1905.0,827.0,3286.0,1286.0
1.0,9626.0,4343.0,2797.0,0.0,5905.0,5905.0,1956.0,841.0,3276.0,1067.0
1.0,5283.0,2514.0,2821.0,1302.0,7213.0,7213.0,1978.0,843.0,1898.0,616.0
1.0,4071.0,950.0,2780.0,5905.0,2094.0,2094.0,1950.0,830.0,565.0,385.0
1.0,9026.0,1211.0,2717.0,7213.0,0.0,0.0,1900.0,817.0,613.0,598.0
1.0,15028.0,3084.0,2693.0,2094.0,0.0,0.0,1877.0,816.0,2017.0,1067.0
1.0,14038.0,4696.0,2735.0,0.0,1598.0,1598.0,1906.0,829.0,3381.0,1315.0
1.0,9342.0,4378.0,2800.0,0.0,6236.0,6236.0,1957.0,843.0,3319.0,1059.0
1.0,4964.0,2491.0,2823.0,1598.0,7221.0,7221.0,1980.0,843.0,1906.0,585.0
1.0,4071.0,866.0,2782.0,6236.0,1687.0,1687.0,1952.0,830.0,509.0,357.0
1.0,9441.0,1130.0,2716.0,7221.0,0.0,0.0,1900.0,816.0,523.0,607.0
1.0,15532.0,3013.0,2692.0,1687.0,0.0,0.0,1877.0,815.0,1944.0,1069.0
1.0,14206.0,4636.0,2733.0,0.0,1362.0,1362.0,1905.0,828.0,3358.0,1278.0
1.0,9570.0,4379.0,2799.0,0.0,6005.0,6005.0,1957.0,842.0,3346.0,1033.0
1.0,5191.0,2490.0,2824.0,1362.0,7233.0,7233.0,1981.0,843.0,1916.0,574.0
1.0,4063.0,890.0,2785.0,6005.0,1962.0,1962.0,1955.0,830.0,506.0,384.0
1.0,9178.0,1163.0,2721.0,7233.0,0.0,0.0,1904.0,817.0,528.0,635.0
1.0,15248.0,3023.0,2698.0,1962.0,0.0,0.0,1881.0,817.0,1943.0,1080.0
1.0,14187.0,4635.0,2738.0,0.0,1400.0,1400.0,1909.0,829.0,3362.0,1273.0
1.0,9552.0,4372.0,2804.0,0.0,6036.0,6036.0,1962.0,842.0,3351.0,1021.0
1.0,5180.0,2492.0,2830.0,1400.0,7232.0,7232.0,1988.0,842.0,1921.0,571.0
1.0,4088.0,862.0,2791.0,6036.0,1902.0,1902.0,1962.0,829.0,503.0,359.0
1.0,9262.0,1154.0,2729.0,7232.0,0.0,0.0,1913.0,816.0,545.0,609.0
1.0,15340.0,3077.0,2706.0,1902.0,0.0,0.0,1890.0,816.0,2003.0,1074.0
1.0,14165.0,4693.0,2748.0,0.0,1520.0,1520.0,1919.0,829.0,3410.0,1283.0
1.0,9472.0,4364.0,2815.0,0.0,6152.0,6152.0,1973.0,842.0,3346.0,1018.0
1.0,5108.0,2398.0,2841.0,1520.0,7134.0,7134.0,1999.0,842.0,1842.0,556.0
1.0,4230.0,817.0,2802.0,6152.0,1643.0,1643.0,1973.0,829.0,444.0,373.0
1.0,9565.0,1173.0,2739.0,7134.0,0.0,0.0,1922.0,817.0,526.0,647.0
1.0,15526.0,3123.0,2714.0,1643.0,0.0,0.0,1897.0,817.0,2019.0,1104.0
1.0,14046.0,4729.0,2755.0,0.0,1703.0,1703.0,1925.0,830.0,3432.0,1297.0
1.0,9317.0,4380.0,2821.0,0.0,6347.0,6347.0,1978.0,843.0,3345.0,1035.0
1.0,4937.0,2411.0,2846.0,1703.0,7155.0,7155.0,2003.0,843.0,1845.0,566.0
1.0,4229.0,797.0,2806.0,6347.0,1445.0,1445.0,1975.0,831.0,431.0,366.0
1.0,9779.0,1196.0,2740.0,7155.0,0.0,0.0,1922.0,818.0,548.0,648.0
1.0,15738.0,3196.0,2716.0,1445.0,0.0,0.0,1897.0,819.0,2068.0,1128.0
1.0,13987.0,4790.0,2758.0,0.0,1835.0,1835.0,1926.0,832.0,3466.0,1324.0
1.0,9197.0,4388.0,2825.0,0.0,6491.0,6491.0,1980.0,845.0,3353.0,1035.0
1.0,4809.0,2415.0,2849.0,1835.0,7167.0,7167.0,2004.0,845.0,1843.0,572.0
1.0,4229.0,836.0,2808.0,6491.0,1348.0,1348.0,1975.0,833.0,436.0,400.0
1.0,9884.0,1210.0,2743.0,7167.0,0.0,0.0,1921.0,822.0,536.0,674.0
1.0,15841.0,3211.0,2718.0,1348.0,0.0,0.0,1896.0,822.0,2067.0,1144.0
1.0,13978.0,4837.0,2761.0,0.0,1903.0,1903.0,1925.0,836.0,3504.0,1333.0
1.0,9141.0,4443.0,2826.0,0.0,6606.0,6606.0,1978.0,848.0,3393.0,1050.0
1.0,4698.0,2438.0,2850.0,1903.0,7237.0,7237.0,2002.0,848.0,1878.0,560.0
1.0,4163.0,819.0,2808.0,6606.0,1282.0,1282.0,1973.0,835.0,440.0,379.0
1.0,9950.0,1244.0,2744.0,7237.0,0.0,0.0,1920.0,824.0,554.0,690.0
1.0,15943.0,3219.0,2720.0,1282.0,0.0,0.0,1895.0,825.0,2049.0,1170.0
1.0,14006.0,4840.0,2764.0,0.0,1890.0,1890.0,1925.0,839.0,3484.0,1356.0
1.0,9166.0,4481.0,2830.0,0.0,6635.0,6635.0,1978.0,852.0,3436.0,1045.0
1.0,4685.0,2483.0,2853.0,1890.0,7320.0,7320.0,2002.0,851.0,1922.0,561.0
1.0,4092.0,843.0,2811.0,6635.0,1360.0,1360.0,1973.0,838.0,464.0,379.0
1.0,9884.0,1217.0,2747.0,7320.0,0.0,0.0,1920.0,827.0,531.0,686.0
1.0,15987.0,3202.0,2725.0,1360.0,0.0,0.0,1897.0,828.0,2050.0,1152.0
1.0,14145.0,4866.0,2770.0,0.0,1801.0,1801.0,1928.0,842.0,3540.0,1326.0
1.0,9279.0,4551.0,2839.0,0.0,6628.0,6628.0,1985.0,854.0,3532.0,1019.0
1.0,4728.0,2514.0,2864.0,1801.0,7441.0,7441.0,2011.0,853.0,1981.0,533.0
1.0,4015.0,802.0,2821.0,6628.0,1443.0,1443.0,1982.0,839.0,464.0,338.0
1.0,9841.0,1134.0,2752.0,7441.0,0.0,0.0,1926.0,826.0,476.0,658.0
1.0,16148.0,3105.0,2728.0,1443.0,0.0,0.0,1900.0,828.0,1957.0,1148.0
1.0,14486.0,4807.0,2773.0,0.0,1413.0,1413.0,1930.0,843.0,3470.0,1337.0
1.0,9679.0,4553.0,2843.0,0.0,6246.0,6246.0,1987.0,856.0,3513.0,1040.0
1.0,5126.0,2553.0,2870.0,1413.0,7494.0,7494.0,2016.0,854.0,2021.0,532.0
1.0,3986.0,839.0,2828.0,6246.0,1919.0,1919.0,1988.0,840.0,493.0,346.0
1.0,9393.0,1123.0,2761.0,7494.0,0.0,0.0,1933.0,828.0,467.0,656.0
1.0,15764.0,3066.0,2736.0,1919.0,0.0,0.0,1906.0,830.0,1932.0,1134.0
1.0,14617.0,4746.0,2779.0,0.0,1245.0,1245.0,1935.0,844.0,3447.0,1299.0
1.0,9871.0,4472.0,2848.0,0.0,5993.0,5993.0,1992.0,856.0,3473.0,999.0
1.0,5399.0,2508.0,2874.0,1245.0,7360.0,7360.0,2020.0,854.0,1986.0,522.0
1.0,4136.0,845.0,2832.0,5993.0,2044.0,2044.0,1992.0,840.0,488.0,357.0
1.0,9284.0,1117.0,2764.0,7360.0,0.0,0.0,1936.0,828.0,451.0,666.0
1.0,15527.0,3016.0,2738.0,2044.0,0.0,0.0,1908.0,830.0,1885.0,1131.0
1.0,14555.0,4659.0,2780.0,0.0,1224.0,1224.0,1936.0,844.0,3371.0,1288.0
1.0,9896.0,4392.0,2848.0,0.0,5888.0,5888.0,1992.0,856.0,3413.0,979.0
1.0,5504.0,2488.0,2874.0,1224.0,7256.0,7256.0,2019.0,855.0,1964.0,524.0
1.0,4240.0,844.0,2830.0,5888.0,2036.0,2036.0,1989.0,841.0,460.0,384.0
1.0,9284.0,1107.0,2762.0,7256.0,0.0,0.0,1932.0,830.0,429.0,678.0
1.0,15433.0,3040.0,2736.0,2036.0,0.0,0.0,1905.0,831.0,1929.0,1111.0
1.0,14429.0,4643.0,2779.0,0.0,1330.0,1330.0,1934.0,845.0,3380.0,1263.0
1.0,9786.0,4372.0,2848.0,0.0,5978.0,5978.0,1991.0,857.0,3394.0,978.0
1.0,5414.0,2503.0,2873.0,1330.0,7251.0,7251.0,2019.0,854.0,1973.0,530.0
1.0,4241.0,916.0,2831.0,5978.0,2021.0,2021.0,1990.0,841.0,529.0,387.0
1.0,9303.0,1181.0,2763.0,7251.0,0.0,0.0,1934.0,829.0,497.0,684.0
1.0,15373.0,3014.0,2736.0,2021.0,0.0,0.0,1906.0,830.0,1893.0,1121.0
1.0,14380.0,4599.0,2779.0,0.0,1335.0,1335.0,1935.0,844.0,3334.0,1265.0
1.0,9781.0,4406.0,2848.0,0.0,6017.0,6017.0,1992.0,856.0,3415.0,991.0
1.0,5375.0,2576.0,2874.0,1335.0,7362.0,7362.0,2020.0,854.0,2020.0,556.0
1.0,4134.0,978.0,2832.0,6017.0,2155.0,2155.0,1992.0,840.0,576.0,402.0
1.0,9173.0,1239.0,2763.0,7362.0,0.0,0.0,1935.0,828.0,548.0,691.0
1.0,15296.0,3119.0,2739.0,2155.0,0.0,0.0,1909.0,830.0,1962.0,1157.0
1.0,14332.0,4727.0,2784.0,0.0,1531.0,1531.0,1939.0,845.0,3405.0,1322.0
1.0,9605.0,4458.0,2853.0,0.0,6265.0,6265.0,1996.0,857.0,3439.0,1019.0
1.0,5147.0,2591.0,2880.0,1531.0,7433.0,7433.0,2025.0,855.0,2029.0,562.0
1.0,4087.0,1064.0,2839.0,6265.0,2068.0,2068.0,1998.0,841.0,646.0,418.0
1.0,9288.0,1369.0,2772.0,7433.0,0.0,0.0,1943.0,829.0,660.0,709.0
1.0,15352.0,3220.0,2748.0,2068.0,0.0,0.0,1917.0,831.0,2059.0,1161.0
1.0,14200.0,4759.0,2793.0,0.0,1731.0,1731.0,1947.0,846.0,3427.0,1332.0
1.0,9441.0,4431.0,2862.0,0.0,6438.0,6438.0,2004.0,858.0,3406.0,1025.0
1.0,5010.0,2605.0,2889.0,1731.0,7420.0,7420.0,2033.0,856.0,2036.0,569.0
1.0,4136.0,1108.0,2848.0,6438.0,1926.0,1926.0,2007.0,841.0,689.0,419.0
1.0,9466.0,1400.0,2782.0,7420.0,0.0,0.0,1953.0,829.0,672.0,728.0
1.0,15486.0,3193.0,2757.0,1926.0,0.0,0.0,1925.0,832.0,2022.0,1171.0
1.0,14219.0,4694.0,2800.0,0.0,1675.0,1675.0,1954.0,846.0,3386.0,1308.0
1.0,9525.0,4386.0,2868.0,0.0,6333.0,6333.0,2010.0,858.0,3374.0,1012.0
1.0,5139.0,2575.0,2894.0,1675.0,7337.0,7337.0,2038.0,856.0,2022.0,553.0
1.0,4239.0,1106.0,2854.0,6333.0,1950.0,1950.0,2012.0,842.0,682.0,424.0
1.0,9466.0,1418.0,2787.0,7337.0,0.0,0.0,1957.0,830.0,670.0,748.0
1.0,15385.0,3182.0,2761.0,1950.0,0.0,0.0,1927.0,834.0,1989.0,1193.0
1.0,14153.0,4690.0,2803.0,0.0,1749.0,1749.0,1954.0,849.0,3364.0,1326.0
1.0,9463.0,4382.0,2872.0,0.0,6407.0,6407.0,2010.0,862.0,3377.0,1005.0
1.0,5081.0,2553.0,2899.0,1749.0,7319.0,7319.0,2039.0,860.0,2012.0,541.0
1.0,4277.0,1009.0,2859.0,6407.0,1761.0,1761.0,2014.0,845.0,623.0,386.0
1.0,9675.0,1297.0,2791.0,7319.0,0.0,0.0,1958.0,833.0,584.0,713.0
1.0,15697.0,3135.0,2764.0,1761.0,0.0,0.0,1928.0,836.0,1962.0,1173.0
1.0,14323.0,4689.0,2805.0,0.0,1586.0,1586.0,1954.0,851.0,3369.0,1320.0
1.0,9634.0,4369.0,2872.0,0.0,6223.0,6223.0,2009.0,863.0,3368.0,1001.0
1.0,5265.0,2513.0,2899.0,1586.0,7258.0,7258.0,2038.0,861.0,1962.0,551.0
1.0,4338.0,955.0,2859.0,6223.0,1830.0,1830.0,2012.0,847.0,550.0,405.0
1.0,9606.0,1247.0,2792.0,7258.0,0.0,0.0,1956.0,836.0,541.0,706.0
1.0,15617.0,3132.0,2766.0,1830.0,0.0,0.0,1927.0,839.0,1966.0,1166.0
1.0,14315.0,4682.0,2807.0,0.0,1595.0,1595.0,1953.0,854.0,3376.0,1306.0
1.0,9633.0,4345.0,2875.0,0.0,6212.0,6212.0,2009.0,866.0,3363.0,982.0
1.0,5288.0,2473.0,2901.0,1595.0,7194.0,7194.0,2038.0,863.0,1954.0,519.0
1.0,4410.0,912.0,2861.0,6212.0,1734.0,1734.0,2012.0,849.0,551.0,361.0
1.0,9710.0,1246.0,2795.0,7194.0,0.0,0.0,1958.0,837.0,569.0,677.0
1.0,15658.0,3163.0,2771.0,1734.0,0.0,0.0,1931.0,840.0,2001.0,1162.0
1.0,14229.0,4730.0,2815.0,0.0,1761.0,1761.0,1959.0,856.0,3406.0,1324.0
1.0,9499.0,4404.0,2882.0,0.0,6433.0,6433.0,2015.0,867.0,3411.0,993.0
1.0,5095.0,2484.0,2909.0,1761.0,7264.0,7264.0,2045.0,864.0,1978.0,506.0
1.0,4372.0,889.0,2868.0,6433.0,1556.0,1556.0,2019.0,849.0,554.0,335.0
1.0,9916.0,1263.0,2803.0,7264.0,0.0,0.0,1965.0,838.0,587.0,676.0
1.0,15917.0,3172.0,2780.0,1556.0,0.0,0.0,1938.0,842.0,1995.0,1177.0
1.0,14301.0,4724.0,2822.0,0.0,1711.0,1711.0,1965.0,857.0,3375.0,1349.0
1.0,9577.0,4381.0,2890.0,0.0,6364.0,6364.0,2020.0,870.0,3361.0,1020.0
1.0,5196.0,2522.0,2915.0,1711.0,7275.0,7275.0,2048.0,867.0,1995.0,527.0
1.0,4385.0,1013.0,2876.0,6364.0,1768.0,1768.0,2024.0,852.0,651.0,362.0
1.0,9736.0,1321.0,2814.0,7275.0,0.0,0.0,1973.0,841.0,641.0,680.0
1.0,15690.0,3152.0,2789.0,1768.0,0.0,0.0,1945.0,844.0,2000.0,1152.0
1.0,14306.0,4682.0,2830.0,0.0,1696.0,1696.0,1971.0,859.0,3360.0,1322.0
1.0,9624.0,4381.0,2896.0,0.0,6341.0,6341.0,2025.0,871.0,3348.0,1033.0
1.0,5243.0,2538.0,2920.0,1696.0,7279.0,7279.0,2052.0,868.0,1989.0,549.0
1.0,4401.0,1024.0,2880.0,6341.0,1802.0,1802.0,2027.0,853.0,655.0,369.0
1.0,9718.0,1323.0,2814.0,7279.0,0.0,0.0,1974.0,840.0,657.0,666.0
1.0,15674.0,3193.0,2790.0,1802.0,0.0,0.0,1947.0,843.0,2031.0,1162.0
1.0,14283.0,4694.0,2830.0,0.0,1731.0,1731.0,1972.0,858.0,3341.0,1353.0
1.0,9589.0,4373.0,2894.0,0.0,6360.0,6360.0,2024.0,870.0,3327.0,1046.0
1.0,5216.0,2585.0,2918.0,1731.0,7310.0,7310.0,2050.0,868.0,2014.0,571.0
1.0,4362.0,1101.0,2877.0,6360.0,1887.0,1887.0,2024.0,853.0,706.0,395.0
1.0,9621.0,1385.0,2812.0,7310.0,0.0,0.0,1972.0,840.0,701.0,684.0
1.0,15546.0,3139.0,2787.0,1887.0,0.0,0.0,1944.0,843.0,1990.0,1149.0
1.0,14294.0,4635.0,2827.0,0.0,1649.0,1649.0,1969.0,858.0,3299.0,1336.0
1.0,9659.0,4377.0,2889.0,0.0,6274.0,6274.0,2019.0,870.0,3326.0,1051.0
1.0,5282.0,2607.0,2912.0,1649.0,7324.0,7324.0,2045.0,867.0,2016.0,591.0
1.0,4324.0,1127.0,2872.0,6274.0,2017.0,2017.0,2020.0,852.0,720.0,407.0
1.0,9471.0,1434.0,2809.0,7324.0,0.0,0.0,1969.0,840.0,747.0,687.0
1.0,15361.0,3214.0,2787.0,2017.0,0.0,0.0,1944.0,843.0,2052.0,1162.0
1.0,14164.0,4705.0,2828.0,0.0,1853.0,1853.0,1969.0,859.0,3342.0,1363.0
1.0,9459.0,4422.0,2892.0,0.0,6531.0,6531.0,2020.0,872.0,3337.0,1085.0
1.0,5037.0,2666.0,2916.0,1853.0,7440.0,7440.0,2047.0,869.0,2055.0,611.0
1.0,4224.0,1141.0,2877.0,6531.0,1894.0,1894.0,2023.0,854.0,735.0,406.0
1.0,9614.0,1412.0,2813.0,7440.0,0.0,0.0,1972.0,841.0,735.0,677.0
1.0,15642.0,3208.0,2791.0,1894.0,0.0,0.0,1947.0,844.0,2048.0,1160.0
1.0,14328.0,4722.0,2833.0,0.0,1726.0,1726.0,1973.0,860.0,3355.0,1367.0
1.0,9606.0,4472.0,2900.0,0.0,6466.0,6466.0,2026.0,874.0,3389.0,1083.0
1.0,5134.0,2666.0,2925.0,1726.0,7506.0,7506.0,2054.0,871.0,2071.0,595.0
1.0,4194.0,1088.0,2887.0,6466.0,1976.0,1976.0,2030.0,857.0,678.0,410.0
1.0,9572.0,1347.0,2823.0,7506.0,0.0,0.0,1978.0,845.0,657.0,690.0
1.0,15731.0,3169.0,2800.0,1976.0,0.0,0.0,1952.0,848.0,2011.0,1158.0
1.0,14538.0,4724.0,2842.0,0.0,1554.0,1554.0,1979.0,863.0,3387.0,1337.0
1.0,9814.0,4433.0,2909.0,0.0,6255.0,6255.0,2034.0,875.0,3388.0,1045.0
1.0,5381.0,2604.0,2934.0,1554.0,7405.0,7405.0,2062.0,872.0,2033.0,571.0
1.0,4331.0,1075.0,2895.0,6255.0,2069.0,2069.0,2038.0,857.0,692.0,383.0
1.0,9511.0,1391.0,2831.0,7405.0,0.0,0.0,1986.0,845.0,703.0,688.0
1.0,15525.0,3196.0,2810.0,2069.0,0.0,0.0,1961.0,849.0,2028.0,1168.0
1.0,14398.0,4673.0,2852.0,0.0,1683.0,1683.0,1987.0,865.0,3329.0,1344.0
1.0,9725.0,4356.0,2919.0,0.0,6307.0,6307.0,2041.0,878.0,3334.0,1022.0
1.0,5369.0,2551.0,2944.0,1683.0,7275.0,7275.0,2069.0,875.0,2023.0,528.0
1.0,4501.0,1090.0,2904.0,6307.0,1898.0,1898.0,2044.0,860.0,712.0,378.0
1.0,9718.0,1394.0,2839.0,7275.0,0.0,0.0,1991.0,848.0,678.0,716.0
1.0,15599.0,3135.0,2815.0,1898.0,0.0,0.0,1963.0,852.0,1958.0,1177.0
1.0,14362.0,4599.0,2855.0,0.0,1657.0,1657.0,1988.0,867.0,3269.0,1330.0
1.0,9763.0,4314.0,2921.0,0.0,6235.0,6235.0,2041.0,880.0,3298.0,1016.0
1.0,5449.0,2539.0,2946.0,1657.0,7217.0,7217.0,2068.0,878.0,2010.0,529.0
1.0,4567.0,1077.0,2905.0,6235.0,1895.0,1895.0,2043.0,862.0,701.0,376.0
1.0,9725.0,1403.0,2842.0,7217.0,0.0,0.0,1992.0,850.0,698.0,705.0
1.0,15539.0,3159.0,2818.0,1895.0,0.0,0.0,1965.0,853.0,1970.0,1189.0
1.0,14275.0,4609.0,2859.0,0.0,1770.0,1770.0,1990.0,869.0,3273.0,1336.0
1.0,9666.0,4288.0,2921.0,0.0,6306.0,6306.0,2040.0,881.0,3274.0,1014.0
1.0,5378.0,2542.0,2945.0,1770.0,7174.0,7174.0,2067.0,878.0,2023.0,519.0
1.0,4606.0,1110.0,2906.0,6306.0,1822.0,1822.0,2043.0,863.0,753.0,357.0
1.0,9802.0,1430.0,2843.0,7174.0,0.0,0.0,1992.0,851.0,708.0,722.0
1.0,15546.0,3150.0,2819.0,1822.0,0.0,0.0,1964.0,855.0,1927.0,1223.0
1.0,14218.0,4585.0,2858.0,0.0,1799.0,1799.0,1988.0,870.0,3226.0,1359.0
1.0,9633.0,4338.0,2923.0,0.0,6397.0,6397.0,2040.0,883.0,3340.0,998.0
1.0,5295.0,2622.0,2948.0,1799.0,7320.0,7320.0,2068.0,880.0,2117.0,505.0
1.0,4472.0,1201.0,2910.0,6397.0,1972.0,1972.0,2045.0,865.0,813.0,388.0
1.0,9668.0,1475.0,2847.0,7320.0,0.0,0.0,1994.0,853.0,733.0,742.0
1.0,15513.0,3189.0,2824.0,1972.0,0.0,0.0,1968.0,856.0,1969.0,1220.0
1.0,14296.0,4648.0,2864.0,0.0,1808.0,1808.0,1993.0,871.0,3303.0,1345.0
1.0,9648.0,4397.0,2928.0,0.0,6461.0,6461.0,2045.0,883.0,3385.0,1012.0
1.0,5251.0,2713.0,2953.0,1808.0,7466.0,7466.0,2073.0,880.0,2165.0,548.0
1.0,4346.0,1291.0,2917.0,6461.0,2152.0,2152.0,2051.0,866.0,866.0,425.0
1.0,9516.0,1509.0,2857.0,7466.0,0.0,0.0,2002.0,855.0,770.0,739.0
1.0,15473.0,3210.0,2835.0,2152.0,0.0,0.0,1977.0,858.0,2024.0,1186.0
1.0,14415.0,4679.0,2875.0,0.0,1764.0,1764.0,2003.0,872.0,3347.0,1332.0
1.0,9736.0,4405.0,2937.0,0.0,6417.0,6417.0,2054.0,883.0,3390.0,1015.0
1.0,5331.0,2725.0,2963.0,1764.0,7482.0,7482.0,2082.0,881.0,2165.0,560.0
1.0,4370.0,1317.0,2926.0,6417.0,2234.0,2234.0,2059.0,867.0,893.0,424.0
1.0,9470.0,1575.0,2866.0,7482.0,0.0,0.0,2011.0,855.0,831.0,744.0
1.0,15377.0,3259.0,2844.0,2234.0,0.0,0.0,1987.0,857.0,2069.0,1190.0
1.0,14352.0,4632.0,2882.0,0.0,1808.0,1808.0,2011.0,871.0,3308.0,1324.0
1.0,9720.0,4352.0,2943.0,0.0,6404.0,6404.0,2061.0,882.0,3346.0,1006.0
1.0,5368.0,2654.0,2967.0,1808.0,7346.0,7346.0,2087.0,880.0,2089.0,565.0
1.0,4522.0,1292.0,2930.0,6404.0,2086.0,2086.0,2064.0,866.0,845.0,447.0
1.0,9634.0,1606.0,2870.0,7346.0,0.0,0.0,2015.0,855.0,835.0,771.0
1.0,15374.0,3283.0,2847.0,2086.0,0.0,0.0,1990.0,857.0,2066.0,1217.0
1.0,14177.0,4583.0,2884.0,0.0,1942.0,1942.0,2013.0,871.0,3264.0,1319.0
1.0,9594.0,4225.0,2944.0,0.0,6407.0,6407.0,2062.0,882.0,3245.0,980.0
1.0,5369.0,2564.0,2968.0,1942.0,7125.0,7125.0,2088.0,880.0,2015.0,549.0
1.0,4747.0,1227.0,2931.0,6407.0,1797.0,1797.0,2065.0,866.0,804.0,423.0
1.0,9927.0,1567.0,2870.0,7125.0,0.0,0.0,2016.0,854.0,818.0,749.0
1.0,15485.0,3246.0,2847.0,1797.0,0.0,0.0,1990.0,857.0,2056.0,1190.0
1.0,14036.0,4593.0,2885.0,0.0,2097.0,2097.0,2014.0,871.0,3280.0,1313.0
1.0,9443.0,4253.0,2947.0,0.0,6598.0,6598.0,2064.0,883.0,3261.0,992.0
1.0,5190.0,2547.0,2969.0,2097.0,7136.0,7136.0,2089.0,880.0,2000.0,547.0
1.0,4740.0,1139.0,2929.0,6598.0,1517.0,1517.0,2063.0,866.0,717.0,422.0
1.0,10199.0,1469.0,2867.0,7136.0,0.0,0.0,2013.0,854.0,718.0,751.0
1.0,15866.0,3170.0,2845.0,1517.0,0.0,0.0,1987.0,858.0,1970.0,1200.0
1.0,14213.0,4579.0,2884.0,0.0,1902.0,1902.0,2011.0,873.0,3257.0,1322.0
1.0,9634.0,4307.0,2946.0,0.0,6457.0,6457.0,2061.0,885.0,3318.0,989.0
1.0,5327.0,2614.0,2969.0,1902.0,7261.0,7261.0,2088.0,881.0,2081.0,533.0
1.0,4615.0,1199.0,2932.0,6457.0,1855.0,1855.0,2065.0,867.0,777.0,422.0
1.0,9873.0,1472.0,2872.0,7261.0,0.0,0.0,2016.0,856.0,709.0,763.0
1.0,15662.0,3139.0,2850.0,1855.0,0.0,0.0,1990.0,860.0,1933.0,1206.0
1.0,14378.0,4599.0,2889.0,0.0,1777.0,1777.0,2014.0,875.0,3278.0,1321.0
1.0,9779.0,4385.0,2953.0,0.0,6418.0,6418.0,2066.0,887.0,3393.0,992.0
1.0,5394.0,2683.0,2977.0,1777.0,7420.0,7420.0,2093.0,884.0,2137.0,546.0
1.0,4488.0,1203.0,2939.0,6418.0,2053.0,2053.0,2070.0,869.0,775.0,428.0
1.0,9703.0,1410.0,2878.0,7420.0,0.0,0.0,2020.0,858.0,664.0,746.0
1.0,15713.0,3161.0,2856.0,2053.0,0.0,0.0,1995.0,861.0,1958.0,1203.0
1.0,14605.0,4672.0,2897.0,0.0,1655.0,1655.0,2020.0,877.0,3337.0,1335.0
1.0,9933.0,4432.0,2962.0,0.0,6347.0,6347.0,2072.0,890.0,3424.0,1008.0
1.0,5501.0,2743.0,2986.0,1655.0,7531.0,7531.0,2100.0,886.0,2191.0,552.0
1.0,4413.0,1249.0,2950.0,6347.0,2289.0,2289.0,2079.0,871.0,833.0,416.0
1.0,9511.0,1487.0,2890.0,7531.0,0.0,0.0,2031.0,859.0,733.0,754.0
1.0,15555.0,3177.0,2867.0,2289.0,0.0,0.0,2004.0,863.0,1955.0,1222.0
1.0,14667.0,4668.0,2907.0,0.0,1629.0,1629.0,2027.0,880.0,3294.0,1374.0
1.0,9999.0,4460.0,2970.0,0.0,6341.0,6341.0,2077.0,893.0,3417.0,1043.0
1.0,5539.0,2787.0,2995.0,1629.0,7599.0,7599.0,2106.0,889.0,2226.0,561.0
1.0,4381.0,1294.0,2959.0,6341.0,2408.0,2408.0,2085.0,874.0,882.0,412.0
1.0,9428.0,1511.0,2898.0,7599.0,0.0,0.0,2036.0,862.0,768.0,743.0
1.0,15516.0,3185.0,2875.0,2408.0,0.0,0.0,2009.0,866.0,1963.0,1222.0
1.0,14739.0,4647.0,2912.0,0.0,1556.0,1556.0,2030.0,882.0,3276.0,1371.0
1.0,10092.0,4474.0,2973.0,0.0,6274.0,6274.0,2079.0,894.0,3415.0,1059.0
1.0,5618.0,2782.0,2998.0,1556.0,7600.0,7600.0,2107.0,891.0,2205.0,577.0
1.0,4392.0,1299.0,2961.0,6274.0,2477.0,2477.0,2085.0,876.0,873.0,426.0
1.0,9367.0,1502.0,2900.0,7600.0,0.0,0.0,2034.0,866.0,737.0,765.0
1.0,15465.0,3187.0,2877.0,2477.0,0.0,0.0,2007.0,870.0,1949.0,1238.0
1.0,14755.0,4664.0,2914.0,0.0,1565.0,1565.0,2029.0,885.0,3296.0,1368.0
1.0,10091.0,4449.0,2974.0,0.0,6254.0,6254.0,2077.0,897.0,3429.0,1020.0
1.0,5642.0,2786.0,2997.0,1565.0,7567.0,7567.0,2104.0,893.0,2232.0,554.0
1.0,4421.0,1322.0,2961.0,6254.0,2491.0,2491.0,2082.0,879.0,891.0,431.0
1.0,9353.0,1487.0,2900.0,7567.0,0.0,0.0,2032.0,868.0,723.0,764.0
1.0,15433.0,3144.0,2876.0,2491.0,0.0,0.0,2004.0,872.0,1911.0,1233.0
1.0,14780.0,4618.0,2915.0,0.0,1498.0,1498.0,2027.0,888.0,3256.0,1362.0
1.0,10162.0,4409.0,2974.0,0.0,6143.0,6143.0,2076.0,898.0,3395.0,1014.0
1.0,5753.0,2749.0,2996.0,1498.0,7482.0,7482.0,2102.0,894.0,2205.0,544.0
1.0,4502.0,1307.0,2959.0,6143.0,2498.0,2498.0,2080.0,879.0,892.0,415.0
1.0,9338.0,1478.0,2899.0,7482.0,0.0,0.0,2031.0,868.0,721.0,757.0
1.0,15342.0,3131.0,2877.0,2498.0,0.0,0.0,2005.0,872.0,1911.0,1220.0
1.0,14709.0,4630.0,2917.0,0.0,1589.0,1589.0,2029.0,888.0,3287.0,1343.0
1.0,10079.0,4447.0,2979.0,0.0,6284.0,6284.0,2080.0,899.0,3448.0,999.0
1.0,5632.0,2746.0,3002.0,1589.0,7533.0,7533.0,2107.0,895.0,2213.0,533.0
1.0,4475.0,1263.0,2964.0,6284.0,2360.0,2360.0,2084.0,880.0,858.0,405.0
1.0,9496.0,1451.0,2903.0,7533.0,0.0,0.0,2035.0,868.0,715.0,736.0
1.0,15578.0,3150.0,2882.0,2360.0,0.0,0.0,2010.0,872.0,1950.0,1200.0
1.0,14788.0,4657.0,2922.0,0.0,1557.0,1557.0,2034.0,888.0,3295.0,1362.0
1.0,10131.0,4482.0,2987.0,0.0,6299.0,6299.0,2087.0,900.0,3441.0,1041.0
1.0,5649.0,2745.0,3011.0,1557.0,7583.0,7583.0,2115.0,896.0,2196.0,549.0
1.0,4461.0,1225.0,2974.0,6299.0,2361.0,2361.0,2094.0,880.0,843.0,382.0
1.0,9535.0,1373.0,2912.0,7583.0,0.0,0.0,2044.0,868.0,677.0,696.0
1.0,15745.0,3091.0,2889.0,2361.0,0.0,0.0,2017.0,872.0,1907.0,1184.0
1.0,15015.0,4642.0,2928.0,0.0,1339.0,1339.0,2040.0,888.0,3298.0,1344.0
1.0,10373.0,4460.0,2990.0,0.0,6047.0,6047.0,2091.0,899.0,3437.0,1023.0
1.0,5913.0,2757.0,3015.0,1339.0,7565.0,7565.0,2120.0,895.0,2209.0,548.0
1.0,4495.0,1214.0,2979.0,6047.0,2588.0,2588.0,2099.0,880.0,820.0,394.0
1.0,9328.0,1365.0,2916.0,7565.0,0.0,0.0,2048.0,868.0,645.0,720.0
1.0,15528.0,3075.0,2891.0,2588.0,0.0,0.0,2019.0,872.0,1872.0,1203.0
1.0,15041.0,4633.0,2929.0,0.0,1308.0,1308.0,2041.0,888.0,3281.0,1352.0
1.0,10408.0,4521.0,2992.0,0.0,6081.0,6081.0,2093.0,899.0,3493.0,1028.0
1.0,5887.0,2854.0,3020.0,1308.0,7739.0,7739.0,2125.0,895.0,2294.0,560.0
1.0,4341.0,1285.0,2984.0,6081.0,2799.0,2799.0,2104.0,880.0,866.0,419.0
1.0,9137.0,1334.0,2920.0,7739.0,0.0,0.0,2051.0,869.0,604.0,730.0
1.0,15542.0,2984.0,2892.0,2799.0,0.0,0.0,2019.0,873.0,1779.0,1205.0
1.0,15357.0,4558.0,2927.0,0.0,909.0,909.0,2039.0,888.0,3195.0,1363.0
1.0,10799.0,4501.0,2990.0,0.0,5662.0,5662.0,2089.0,901.0,3442.0,1059.0
1.0,6298.0,2914.0,3017.0,909.0,7775.0,7775.0,2119.0,898.0,2314.0,600.0
1.0,4293.0,1372.0,2982.0,5662.0,3345.0,3345.0,2100.0,882.0,935.0,437.0
1.0,8583.0,1386.0,2919.0,7775.0,0.0,0.0,2049.0,870.0,643.0,743.0
1.0,14972.0,3006.0,2891.0,3345.0,0.0,0.0,2017.0,874.0,1794.0,1212.0
1.0,15311.0,4606.0,2926.0,0.0,999.0,999.0,2037.0,889.0,3235.0,1371.0
1.0,10705.0,4600.0,2990.0,0.0,5855.0,5855.0,2088.0,902.0,3545.0,1055.0
1.0,6105.0,2993.0,3018.0,999.0,7961.0,7961.0,2119.0,899.0,2400.0,593.0
1.0,4111.0,1359.0,2983.0,5855.0,3325.0,3325.0,2099.0,884.0,916.0,443.0
1.0,8607.0,1390.0,2921.0,7961.0,0.0,0.0,2049.0,872.0,635.0,755.0
1.0,15178.0,3057.0,2893.0,3325.0,0.0,0.0,2018.0,875.0,1834.0,1223.0
1.0,15446.0,4730.0,2931.0,0.0,1008.0,1008.0,2040.0,891.0,3336.0,1394.0
1.0,10716.0,4723.0,2997.0,0.0,5995.0,5995.0,2093.0,904.0,3630.0,1093.0
1.0,5993.0,3004.0,3025.0,1008.0,8103.0,8103.0,2125.0,900.0,2401.0,603.0
1.0,3997.0,1331.0,2990.0,5995.0,3299.0,3299.0,2105.0,885.0,911.0,420.0
1.0,8661.0,1387.0,2926.0,8103.0,0.0,0.0,2054.0,872.0,653.0,734.0
1.0,15377.0,3110.0,2900.0,3299.0,0.0,0.0,2024.0,876.0,1883.0,1227.0
1.0,15566.0,4745.0,2938.0,0.0,931.0,931.0,2046.0,892.0,3359.0,1386.0
1.0,10821.0,4700.0,3003.0,0.0,5891.0,5891.0,2098.0,905.0,3609.0,1091.0
1.0,6121.0,2971.0,3032.0,931.0,8047.0,8047.0,2130.0,902.0,2354.0,617.0
1.0,4081.0,1292.0,2996.0,5891.0,3304.0,3304.0,2109.0,887.0,856.0,436.0
1.0,8680.0,1383.0,2934.0,8047.0,0.0,0.0,2059.0,875.0,638.0,745.0
1.0,15344.0,3088.0,2909.0,3304.0,0.0,0.0,2030.0,879.0,1869.0,1219.0
1.0,15560.0,4704.0,2946.0,0.0,928.0,928.0,2051.0,895.0,3334.0,1370.0
1.0,10856.0,4619.0,3010.0,0.0,5803.0,5803.0,2103.0,907.0,3579.0,1040.0
1.0,6237.0,2976.0,3039.0,928.0,7967.0,7967.0,2135.0,904.0,2382.0,594.0
1.0,4189.0,1378.0,3005.0,5803.0,3406.0,3406.0,2116.0,889.0,931.0,447.0
1.0,8614.0,1410.0,2944.0,7967.0,0.0,0.0,2066.0,878.0,657.0,753.0
1.0,15171.0,3036.0,2916.0,3406.0,0.0,0.0,2035.0,881.0,1836.0,1200.0
1.0,15541.0,4658.0,2953.0,0.0,929.0,929.0,2056.0,897.0,3300.0,1358.0
1.0,10883.0,4649.0,3018.0,0.0,5838.0,5838.0,2108.0,910.0,3593.0,1056.0
1.0,6234.0,2965.0,3047.0,929.0,7990.0,7990.0,2140.0,907.0,2374.0,591.0
1.0,4198.0,1272.0,3011.0,5838.0,3280.0,3280.0,2119.0,892.0,841.0,431.0
1.0,8764.0,1266.0,2946.0,7990.0,0.0,0.0,2066.0,880.0,535.0,731.0
1.0,15488.0,2903.0,2916.0,3280.0,0.0,0.0,2033.0,883.0,1725.0,1178.0
1.0,15865.0,4563.0,2951.0,0.0,502.0,502.0,2053.0,898.0,3240.0,1323.0
1.0,11302.0,4619.0,3015.0,0.0,5377.0,5377.0,2105.0,910.0,3584.0,1035.0
1.0,6683.0,3015.0,3047.0,502.0,8018.0,8018.0,2139.0,908.0,2410.0,605.0
1.0,4170.0,1348.0,3014.0,5377.0,3857.0,3857.0,2119.0,895.0,887.0,461.0
1.0,8199.0,1262.0,2949.0,8018.0,0.0,0.0,2066.0,883.0,523.0,739.0
1.0,14955.0,2866.0,2918.0,3857.0,0.0,0.0,2032.0,886.0,1704.0,1162.0
1.0,15946.0,4549.0,2952.0,0.0,411.0,411.0,2052.0,900.0,3253.0,1296.0
1.0,11397.0,4629.0,3018.0,0.0,5304.0,5304.0,2106.0,912.0,3611.0,1018.0
1.0,6768.0,3000.0,3050.0,411.0,8021.0,8021.0,2140.0,910.0,2398.0,602.0
1.0,4179.0,1294.0,3015.0,5304.0,3871.0,3871.0,2120.0,895.0,832.0,462.0
1.0,8189.0,1232.0,2950.0,8021.0,0.0,0.0,2066.0,884.0,494.0,738.0
1.0,14978.0,2866.0,2918.0,3871.0,0.0,0.0,2032.0,886.0,1710.0,1156.0
1.0,15983.0,4598.0,2951.0,0.0,419.0,419.0,2051.0,900.0,3296.0,1302.0
1.0,11385.0,4731.0,3018.0,0.0,5418.0,5418.0,2106.0,912.0,3707.0,1024.0
1.0,6654.0,3103.0,3052.0,419.0,8238.0,8238.0,2142.0,910.0,2492.0,611.0
1.0,3970.0,1392.0,3022.0,5418.0,4092.0,4092.0,2126.0,896.0,924.0,468.0
1.0,7996.0,1277.0,2958.0,8238.0,0.0,0.0,2074.0,884.0,516.0,761.0
1.0,14957.0,2896.0,2927.0,4092.0,0.0,0.0,2041.0,886.0,1710.0,1186.0
1.0,16153.0,4625.0,2960.0,0.0,312.0,312.0,2060.0,900.0,3303.0,1322.0
1.0,11528.0,4758.0,3026.0,0.0,5334.0,5334.0,2114.0,912.0,3723.0,1035.0
1.0,6770.0,3181.0,3060.0,312.0,8339.0,8339.0,2150.0,910.0,2554.0,627.0
1.0,3901.0,1432.0,3030.0,5334.0,4317.0,4317.0,2134.0,896.0,943.0,489.0
1.0,7803.0,1276.0,2966.0,8339.0,0.0,0.0,2082.0,884.0,523.0,753.0
1.0,14866.0,2937.0,2934.0,4317.0,0.0,0.0,2048.0,886.0,1770.0,1167.0
1.0,16246.0,4692.0,2966.0,0.0,310.0,310.0,2066.0,900.0,3368.0,1324.0
1.0,11554.0,4830.0,3033.0,0.0,5408.0,5408.0,2121.0,912.0,3761.0,1069.0
1.0,6724.0,3181.0,3068.0,310.0,8419.0,8419.0,2158.0,910.0,2539.0,642.0
1.0,3853.0,1433.0,3036.0,5408.0,4316.0,4316.0,2140.0,896.0,939.0,494.0
1.0,7828.0,1319.0,2971.0,8419.0,0.0,0.0,2087.0,884.0,556.0,763.0
1.0,14928.0,2925.0,2936.0,4316.0,0.0,0.0,2051.0,885.0,1742.0,1183.0
1.0,16319.0,4655.0,2968.0,0.0,208.0,208.0,2068.0,900.0,3313.0,1342.0
1.0,11664.0,4830.0,3036.0,0.0,5310.0,5310.0,2123.0,913.0,3738.0,1092.0
1.0,6834.0,3256.0,3071.0,208.0,8498.0,8498.0,2160.0,911.0,2587.0,669.0
1.0,3786.0,1502.0,3040.0,5310.0,4566.0,4566.0,2143.0,897.0,1003.0,499.0
1.0,7594.0,1303.0,2974.0,8498.0,0.0,0.0,2089.0,885.0,556.0,747.0
1.0,14789.0,2848.0,2938.0,4566.0,0.0,0.0,2052.0,886.0,1687.0,1161.0
1.0,16507.0,4598.0,2969.0,0.0,0.0,0.0,2069.0,900.0,3267.0,1331.0
1.0,11909.0,4797.0,3037.0,0.0,5036.0,5036.0,2124.0,913.0,3685.0,1112.0
1.0,7112.0,3255.0,3073.0,0.0,8435.0,8435.0,2161.0,912.0,2553.0,702.0
1.0,3857.0,1478.0,3042.0,5036.0,4753.0,4753.0,2143.0,899.0,959.0,519.0
1.0,7415.0,1287.0,2977.0,8435.0,0.0,0.0,2090.0,887.0,551.0,736.0
1.0,14563.0,2838.0,2943.0,4753.0,0.0,0.0,2054.0,889.0,1698.0,1140.0
1.0,16478.0,4582.0,2973.0,0.0,0.0,0.0,2071.0,902.0,3271.0,1311.0
1.0,11896.0,4778.0,3039.0,0.0,5038.0,5038.0,2124.0,915.0,3689.0,1089.0
1.0,7118.0,3186.0,3073.0,0.0,8360.0,8360.0,2159.0,914.0,2492.0,694.0
1.0,3932.0,1416.0,3041.0,5038.0,4610.0,4610.0,2141.0,900.0,908.0,508.0
1.0,7554.0,1242.0,2975.0,8360.0,0.0,0.0,2087.0,888.0,508.0,734.0
1.0,14672.0,2833.0,2941.0,4610.0,0.0,0.0,2051.0,890.0,1700.0,1133.0
1.0,16449.0,4562.0,2971.0,0.0,0.0,0.0,2068.0,903.0,3265.0,1297.0
1.0,11887.0,4750.0,3039.0,0.0,5019.0,5019.0,2123.0,916.0,3686.0,1064.0
1.0,7137.0,3219.0,3075.0,0.0,8382.0,8382.0,2161.0,914.0,2541.0,678.0
1.0,3918.0,1462.0,3049.0,5019.0,4721.0,4721.0,2147.0,902.0,951.0,511.0
1.0,7475.0,1282.0,2985.0,8382.0,0.0,0.0,2095.0,890.0,566.0,716.0
1.0,14575.0,2814.0,2951.0,4721.0,0.0,0.0,2059.0,892.0,1692.0,1122.0
1.0,16482.0,4515.0,2979.0,0.0,0.0,0.0,2074.0,905.0,3221.0,1294.0
1.0,11967.0,4707.0,3044.0,0.0,4916.0,4916.0,2127.0,917.0,3634.0,1073.0
1.0,7260.0,3198.0,3082.0,0.0,8266.0,8266.0,2166.0,916.0,2517.0,681.0
1.0,4062.0,1488.0,3054.0,4916.0,4726.0,4726.0,2151.0,903.0,971.0,517.0
1.0,7490.0,1306.0,2992.0,8266.0,0.0,0.0,2100.0,892.0,580.0,726.0
1.0,14450.0,2820.0,2958.0,4726.0,0.0,0.0,2064.0,894.0,1719.0,1101.0
1.0,16356.0,4516.0,2987.0,0.0,108.0,108.0,2080.0,907.0,3234.0,1282.0
1.0,11840.0,4701.0,3052.0,0.0,5069.0,5069.0,2133.0,919.0,3617.0,1084.0
1.0,7139.0,3153.0,3089.0,108.0,8262.0,8262.0,2171.0,918.0,2443.0,710.0
1.0,4094.0,1498.0,3063.0,5069.0,4587.0,4587.0,2157.0,906.0,974.0,524.0
1.0,7665.0,1332.0,3000.0,8262.0,0.0,0.0,2105.0,895.0,621.0,711.0
1.0,14595.0,2844.0,2964.0,4587.0,0.0,0.0,2068.0,896.0,1755.0,1089.0
1.0,16338.0,4539.0,2991.0,0.0,165.0,165.0,2082.0,909.0,3251.0,1288.0
1.0,11799.0,4688.0,3055.0,0.0,5109.0,5109.0,2134.0,921.0,3597.0,1091.0
1.0,7111.0,3139.0,3091.0,165.0,8227.0,8227.0,2171.0,920.0,2444.0,695.0
1.0,4137.0,1450.0,3063.0,5109.0,4456.0,4456.0,2156.0,907.0,937.0,513.0
1.0,7796.0,1279.0,2998.0,8227.0,0.0,0.0,2103.0,895.0,558.0,721.0
1.0,14744.0,2862.0,2962.0,4456.0,0.0,0.0,2065.0,897.0,1753.0,1109.0
1.0,16338.0,4616.0,2990.0,0.0,238.0,238.0,2080.0,910.0,3320.0,1296.0
1.0,11722.0,4779.0,3053.0,0.0,5269.0,5269.0,2132.0,921.0,3676.0,1103.0
1.0,6943.0,3206.0,3091.0,238.0,8389.0,8389.0,2170.0,921.0,2482.0,724.0
1.0,3975.0,1458.0,3063.0,5269.0,4466.0,4466.0,2154.0,909.0,923.0,535.0
1.0,7786.0,1288.0,2997.0,8389.0,0.0,0.0,2100.0,897.0,562.0,726.0
1.0,14887.0,2898.0,2959.0,4466.0,0.0,0.0,2061.0,898.0,1765.0,1133.0
1.0,16455.0,4689.0,2988.0,0.0,186.0,186.0,2077.0,911.0,3366.0,1323.0
1.0,11766.0,4839.0,3054.0,0.0,5289.0,5289.0,2131.0,923.0,3744.0,1095.0
1.0,6927.0,3192.0,3091.0,186.0,8443.0,8443.0,2169.0,922.0,2503.0,689.0
1.0,3921.0,1437.0,3062.0,5289.0,4475.0,4475.0,2153.0,909.0,924.0,513.0
1.0,7773.0,1310.0,2997.0,8443.0,0.0,0.0,2100.0,897.0,562.0,748.0
1.0,14906.0,2961.0,2962.0,4475.0,0.0,0.0,2063.0,899.0,1804.0,1157.0
1.0,16420.0,4751.0,2990.0,0.0,291.0,291.0,2079.0,911.0,3413.0,1338.0
1.0,11669.0,4823.0,3054.0,0.0,5370.0,5370.0,2131.0,923.0,3715.0,1108.0
1.0,6846.0,3179.0,3090.0,291.0,8402.0,8402.0,2168.0,922.0,2477.0,702.0
1.0,3958.0,1429.0,3063.0,5370.0,4353.0,4353.0,2153.0,910.0,915.0,514.0
1.0,7899.0,1349.0,3000.0,8402.0,0.0,0.0,2102.0,898.0,609.0,740.0
1.0,14952.0,3065.0,2967.0,4353.0,0.0,0.0,2068.0,899.0,1911.0,1154.0
1.0,16240.0,4823.0,2997.0,0.0,571.0,571.0,2086.0,911.0,3488.0,1335.0
1.0,11417.0,4857.0,3063.0,0.0,5692.0,5692.0,2140.0,923.0,3754.0,1103.0
1.0,6560.0,3106.0,3097.0,571.0,8363.0,8363.0,2175.0,922.0,2403.0,703.0
1.0,4025.0,1379.0,3069.0,5692.0,3938.0,3938.0,2159.0,910.0,854.0,525.0
1.0,8338.0,1365.0,3007.0,8363.0,0.0,0.0,2108.0,899.0,622.0,743.0
1.0,15336.0,3085.0,2975.0,3938.0,0.0,0.0,2075.0,900.0,1952.0,1133.0
1.0,16189.0,4808.0,3006.0,0.0,643.0,643.0,2094.0,912.0,3498.0,1310.0
1.0,11381.0,4790.0,3071.0,0.0,5693.0,5693.0,2148.0,923.0,3700.0,1090.0
1.0,6591.0,3027.0,3106.0,643.0,8217.0,8217.0,2183.0,923.0,2324.0,703.0
1.0,4207.0,1297.0,3076.0,5693.0,3701.0,3701.0,2165.0,911.0,779.0,518.0
1.0,8603.0,1298.0,3013.0,8217.0,0.0,0.0,2113.0,900.0,575.0,723.0
1.0,15522.0,3053.0,2981.0,3701.0,0.0,0.0,2080.0,901.0,1946.0,1107.0
1.0,16170.0,4833.0,3012.0,0.0,711.0,711.0,2099.0,913.0,3527.0,1306.0
1.0,11337.0,4774.0,3075.0,0.0,5737.0,5737.0,2151.0,924.0,3683.0,1091.0
1.0,6563.0,2927.0,3106.0,711.0,8077.0,8077.0,2183.0,923.0,2244.0,683.0
1.0,4347.0,1149.0,3074.0,5737.0,3361.0,3361.0,2163.0,911.0,647.0,502.0
1.0,8935.0,1232.0,3011.0,8077.0,0.0,0.0,2111.0,900.0,495.0,737.0
1.0,15780.0,3091.0,2980.0,3361.0,0.0,0.0,2078.0,902.0,1948.0,1143.0
1.0,16050.0,4859.0,3012.0,0.0,857.0,857.0,2098.0,914.0,3534.0,1325.0
1.0,11191.0,4739.0,3074.0,0.0,5844.0,5844.0,2149.0,925.0,3640.0,1099.0
1.0,6452.0,2898.0,3106.0,857.0,8013.0,8013.0,2181.0,925.0,2203.0,695.0
1.0,4411.0,1142.0,3074.0,5844.0,3183.0,3183.0,2160.0,914.0,627.0,515.0
1.0,9113.0,1230.0,3010.0,8013.0,0.0,0.0,2107.0,903.0,496.0,734.0
1.0,15896.0,3094.0,2979.0,3183.0,0.0,0.0,2075.0,904.0,1961.0,1133.0
1.0,15985.0,4864.0,3012.0,0.0,927.0,927.0,2096.0,916.0,3539.0,1325.0
1.0,11121.0,4796.0,3075.0,0.0,5975.0,5975.0,2148.0,927.0,3677.0,1119.0
1.0,6325.0,2976.0,3107.0,927.0,8152.0,8152.0,2180.0,927.0,2261.0,715.0
1.0,4276.0,1213.0,3075.0,5975.0,3262.0,3262.0,2159.0,916.0,704.0,509.0
1.0,9038.0,1299.0,3013.0,8152.0,0.0,0.0,2108.0,905.0,574.0,725.0
1.0,15891.0,3151.0,2984.0,3262.0,0.0,0.0,2078.0,906.0,2018.0,1133.0
1.0,16002.0,4899.0,3017.0,0.0,965.0,965.0,2099.0,918.0,3575.0,1324.0
1.0,11103.0,4806.0,3082.0,0.0,6031.0,6031.0,2152.0,930.0,3690.0,1116.0
1.0,6297.0,2982.0,3115.0,965.0,8180.0,8180.0,2185.0,930.0,2245.0,737.0
1.0,4280.0,1299.0,3085.0,6031.0,3328.0,3328.0,2165.0,920.0,728.0,571.0
1.0,9012.0,1382.0,3022.0,8180.0,0.0,0.0,2113.0,909.0,622.0,760.0
1.0,15810.0,3202.0,2992.0,3328.0,0.0,0.0,2082.0,910.0,2081.0,1121.0
1.0,15936.0,4903.0,3024.0,0.0,1063.0,1063.0,2104.0,920.0,3623.0,1280.0
1.0,11033.0,4831.0,3089.0,0.0,6154.0,6154.0,2158.0,931.0,3728.0,1103.0
1.0,6202.0,3059.0,3124.0,1063.0,8290.0,8290.0,2192.0,932.0,2299.0,760.0
1.0,4206.0,1319.0,3093.0,6154.0,3331.0,3331.0,2172.0,921.0,740.0,579.0
1.0,9041.0,1408.0,3030.0,8290.0,0.0,0.0,2120.0,910.0,656.0,752.0
1.0,15923.0,3221.0,2999.0,3331.0,0.0,0.0,2088.0,911.0,2107.0,1114.0
1.0,16033.0,4947.0,3033.0,0.0,1046.0,1046.0,2110.0,923.0,3645.0,1302.0
1.0,11086.0,4863.0,3099.0,0.0,6173.0,6173.0,2165.0,934.0,3738.0,1125.0
1.0,6223.0,3059.0,3133.0,1046.0,8322.0,8322.0,2198.0,935.0,2302.0,757.0
1.0,4210.0,1369.0,3101.0,6173.0,3390.0,3390.0,2178.0,923.0,788.0,581.0
1.0,9014.0,1466.0,3038.0,8322.0,0.0,0.0,2126.0,912.0,710.0,756.0
1.0,15870.0,3259.0,3008.0,3390.0,0.0,0.0,2096.0,912.0,2139.0,1120.0
1.0,16001.0,4922.0,3042.0,0.0,1089.0,1089.0,2118.0,924.0,3620.0,1302.0
1.0,11079.0,4783.0,3107.0,0.0,6132.0,6132.0,2171.0,936.0,3673.0,1110.0
1.0,6296.0,2978.0,3138.0,1089.0,8145.0,8145.0,2203.0,935.0,2243.0,735.0
1.0,4407.0,1283.0,3104.0,6132.0,3160.0,3160.0,2180.0,924.0,733.0,550.0
1.0,9256.0,1406.0,3038.0,8145.0,0.0,0.0,2126.0,912.0,661.0,745.0
1.0,15995.0,3233.0,3007.0,3160.0,0.0,0.0,2094.0,913.0,2099.0,1134.0
1.0,15922.0,4857.0,3041.0,0.0,1099.0,1099.0,2116.0,925.0,3546.0,1311.0
1.0,11065.0,4700.0,3105.0,0.0,6055.0,6055.0,2169.0,936.0,3603.0,1097.0
1.0,6365.0,2907.0,3134.0,1099.0,7979.0,7979.0,2199.0,935.0,2198.0,709.0
1.0,4557.0,1302.0,3100.0,6055.0,3090.0,3090.0,2176.0,924.0,770.0,532.0
1.0,9310.0,1469.0,3036.0,7979.0,0.0,0.0,2123.0,913.0,729.0,740.0
1.0,15820.0,3218.0,3006.0,3090.0,0.0,0.0,2092.0,914.0,2073.0,1145.0
1.0,15692.0,4828.0,3040.0,0.0,1296.0,1296.0,2114.0,926.0,3493.0,1335.0
1.0,10864.0,4615.0,3104.0,0.0,6167.0,6167.0,2167.0,937.0,3513.0,1102.0
1.0,6249.0,2882.0,3134.0,1296.0,7873.0,7873.0,2198.0,936.0,2185.0,697.0
1.0,4663.0,1311.0,3100.0,6167.0,2881.0,2881.0,2175.0,925.0,783.0,528.0
1.0,9519.0,1459.0,3035.0,7873.0,0.0,0.0,2121.0,914.0,728.0,731.0
1.0,15933.0,3232.0,3006.0,2881.0,0.0,0.0,2091.0,915.0,2102.0,1130.0
1.0,15582.0,4812.0,3042.0,0.0,1398.0,1398.0,2115.0,927.0,3495.0,1317.0
1.0,10770.0,4633.0,3109.0,0.0,6299.0,6299.0,2170.0,939.0,3523.0,1110.0
1.0,6137.0,2849.0,3140.0,1398.0,7874.0,7874.0,2202.0,938.0,2146.0,703.0
1.0,4686.0,1278.0,3106.0,6299.0,2717.0,2717.0,2180.0,926.0,785.0,493.0
1.0,9707.0,1517.0,3042.0,7874.0,0.0,0.0,2128.0,914.0,814.0,703.0
1.0,16064.0,3311.0,3013.0,2717.0,0.0,0.0,2099.0,914.0,2178.0,1133.0
1.0,15470.0,4832.0,3051.0,0.0,1566.0,1566.0,2124.0,927.0,3498.0,1334.0
1.0,10638.0,4590.0,3117.0,0.0,6420.0,6420.0,2179.0,938.0,3470.0,1120.0
1.0,6048.0,2831.0,3148.0,1566.0,7809.0,7809.0,2210.0,938.0,2126.0,705.0
1.0,4783.0,1303.0,3113.0,6420.0,2552.0,2552.0,2188.0,925.0,816.0,487.0
1.0,9900.0,1565.0,3051.0,7809.0,0.0,0.0,2137.0,914.0,855.0,710.0
1.0,16144.0,3352.0,3023.0,2552.0,0.0,0.0,2109.0,914.0,2215.0,1137.0
1.0,15344.0,4865.0,3059.0,0.0,1757.0,1757.0,2133.0,926.0,3531.0,1334.0
1.0,10479.0,4604.0,3124.0,0.0,6621.0,6621.0,2186.0,938.0,3470.0,1134.0
1.0,5875.0,2808.0,3153.0,1757.0,7788.0,7788.0,2215.0,938.0,2079.0,729.0
1.0,4824.0,1311.0,3118.0,6621.0,2338.0,2338.0,2191.0,927.0,768.0,543.0
1.0,10134.0,1604.0,3054.0,7788.0,0.0,0.0,2139.0,915.0,865.0,739.0
1.0,16318.0,3415.0,3028.0,2338.0,0.0,0.0,2112.0,916.0,2291.0,1124.0
1.0,15241.0,4910.0,3065.0,0.0,1929.0,1929.0,2138.0,927.0,3597.0,1313.0
1.0,10331.0,4608.0,3128.0,0.0,6789.0,6789.0,2191.0,937.0,3495.0,1113.0
1.0,5723.0,2809.0,3156.0,1929.0,7781.0,7781.0,2219.0,937.0,2063.0,746.0
1.0,4843.0,1316.0,3119.0,6789.0,2160.0,2160.0,2193.0,926.0,742.0,574.0
1.0,10316.0,1650.0,3057.0,7781.0,0.0,0.0,2140.0,917.0,865.0,785.0
1.0,16447.0,3489.0,3031.0,2160.0,0.0,0.0,2113.0,918.0,2330.0,1159.0
1.0,15118.0,4979.0,3068.0,0.0,2133.0,2133.0,2139.0,929.0,3648.0,1331.0
1.0,10139.0,4655.0,3133.0,0.0,7048.0,7048.0,2193.0,940.0,3517.0,1138.0
1.0,5484.0,2815.0,3160.0,2133.0,7838.0,7838.0,2220.0,940.0,2051.0,764.0
1.0,4802.0,1306.0,3123.0,7048.0,1948.0,1948.0,2193.0,930.0,719.0,587.0
1.0,10544.0,1667.0,3060.0,7838.0,0.0,0.0,2140.0,920.0,890.0,777.0
1.0,16715.0,3521.0,3034.0,1948.0,0.0,0.0,2114.0,920.0,2380.0,1141.0
1.0,15142.0,4958.0,3070.0,0.0,2096.0,2096.0,2139.0,931.0,3641.0,1317.0
1.0,10184.0,4618.0,3132.0,0.0,6962.0,6962.0,2191.0,941.0,3479.0,1139.0
1.0,5566.0,2823.0,3159.0,2096.0,7797.0,7797.0,2217.0,942.0,2034.0,789.0
1.0,4839.0,1338.0,3122.0,6962.0,2025.0,2025.0,2190.0,932.0,737.0,601.0
1.0,10463.0,1678.0,3059.0,7797.0,0.0,0.0,2137.0,922.0,901.0,777.0
1.0,16582.0,3502.0,3034.0,2025.0,0.0,0.0,2112.0,922.0,2364.0,1138.0
1.0,15105.0,4970.0,3073.0,0.0,2157.0,2157.0,2140.0,933.0,3668.0,1302.0
1.0,10135.0,4660.0,3138.0,0.0,7077.0,7077.0,2194.0,944.0,3533.0,1127.0
1.0,5475.0,2824.0,3165.0,2157.0,7852.0,7852.0,2220.0,945.0,2055.0,769.0
1.0,4808.0,1337.0,3129.0,7077.0,1968.0,1968.0,2194.0,935.0,735.0,602.0
1.0,10548.0,1683.0,3067.0,7852.0,0.0,0.0,2143.0,924.0,900.0,783.0
1.0,16717.0,3501.0,3045.0,1968.0,0.0,0.0,2120.0,925.0,2374.0,1127.0
1.0,15184.0,4948.0,3084.0,0.0,2100.0,2100.0,2148.0,936.0,3675.0,1273.0
1.0,10236.0,4630.0,3148.0,0.0,6986.0,6986.0,2201.0,947.0,3532.0,1098.0
1.0,5606.0,2861.0,3175.0,2100.0,7855.0,7855.0,2227.0,948.0,2082.0,779.0
1.0,4845.0,1384.0,3139.0,6986.0,2109.0,2109.0,2202.0,937.0,776.0,608.0
1.0,10447.0,1664.0,3078.0,7855.0,0.0,0.0,2152.0,926.0,899.0,765.0
1.0,16638.0,3444.0,3056.0,2109.0,0.0,0.0,2130.0,926.0,2352.0,1092.0
1.0,15303.0,4929.0,3096.0,0.0,2010.0,2010.0,2159.0,937.0,3679.0,1250.0
1.0,10374.0,4597.0,3158.0,0.0,6855.0,6855.0,2211.0,947.0,3517.0,1080.0
1.0,5777.0,2769.0,3184.0,2010.0,7718.0,7718.0,2236.0,948.0,2020.0,749.0
1.0,5018.0,1303.0,3146.0,6855.0,2014.0,2014.0,2209.0,937.0,711.0,592.0
1.0,10570.0,1645.0,3086.0,7718.0,0.0,0.0,2159.0,927.0,881.0,764.0
1.0,16643.0,3470.0,3063.0,2014.0,0.0,0.0,2137.0,926.0,2371.0,1099.0
1.0,15187.0,4938.0,3103.0,0.0,2163.0,2163.0,2166.0,937.0,3673.0,1265.0
1.0,10249.0,4541.0,3166.0,0.0,6956.0,6956.0,2218.0,948.0,3473.0,1068.0
1.0,5708.0,2678.0,3189.0,2163.0,7563.0,7563.0,2240.0,949.0,1960.0,718.0
1.0,5193.0,1207.0,3149.0,6956.0,1654.0,1654.0,2211.0,938.0,645.0,562.0
1.0,10942.0,1621.0,3087.0,7563.0,0.0,0.0,2160.0,927.0,848.0,773.0
1.0,16884.0,3478.0,3065.0,1654.0,0.0,0.0,2138.0,927.0,2351.0,1127.0
1.0,15060.0,4922.0,3105.0,0.0,2282.0,2282.0,2167.0,938.0,3642.0,1280.0
1.0,10138.0,4539.0,3167.0,0.0,7069.0,7069.0,2218.0,949.0,3471.0,1068.0
1.0,5599.0,2673.0,3189.0,2282.0,7548.0,7548.0,2240.0,949.0,1970.0,703.0
1.0,5208.0,1223.0,3148.0,7069.0,1538.0,1538.0,2210.0,938.0,662.0,561.0
1.0,11054.0,1586.0,3085.0,7548.0,0.0,0.0,2158.0,927.0,815.0,771.0
1.0,17016.0,3437.0,3062.0,1538.0,0.0,0.0,2135.0,927.0,2301.0,1136.0
1.0,15117.0,4931.0,3103.0,0.0,2226.0,2226.0,2165.0,938.0,3639.0,1292.0
1.0,10186.0,4560.0,3165.0,0.0,7034.0,7034.0,2217.0,948.0,3481.0,1079.0
1.0,5626.0,2723.0,3187.0,2226.0,7619.0,7619.0,2239.0,948.0,2007.0,716.0
1.0,5129.0,1299.0,3146.0,7034.0,1720.0,1720.0,2209.0,937.0,717.0,582.0
1.0,10864.0,1688.0,3085.0,7619.0,0.0,0.0,2157.0,928.0,894.0,794.0
1.0,16795.0,3566.0,3065.0,1720.0,0.0,0.0,2136.0,929.0,2386.0,1180.0
1.0,14949.0,5014.0,3107.0,0.0,2493.0,2493.0,2167.0,940.0,3687.0,1327.0
1.0,9935.0,4597.0,3170.0,0.0,7342.0,7342.0,2220.0,950.0,3502.0,1095.0
1.0,5338.0,2768.0,3192.0,2493.0,7705.0,7705.0,2243.0,949.0,2041.0,727.0
1.0,5063.0,1337.0,3150.0,7342.0,1532.0,1532.0,2212.0,938.0,744.0,593.0
1.0,11068.0,1718.0,3087.0,7705.0,0.0,0.0,2159.0,928.0,904.0,814.0
1.0,17055.0,3593.0,3067.0,1532.0,0.0,0.0,2138.0,929.0,2402.0,1191.0
1.0,14994.0,5054.0,3110.0,0.0,2500.0,2500.0,2170.0,940.0,3712.0,1342.0
1.0,9940.0,4658.0,3174.0,0.0,7414.0,7414.0,2224.0,950.0,3545.0,1113.0
1.0,5282.0,2778.0,3196.0,2500.0,7780.0,7780.0,2247.0,949.0,2055.0,723.0
1.0,5004.0,1352.0,3154.0,7414.0,1550.0,1550.0,2216.0,938.0,778.0,574.0
1.0,11066.0,1778.0,3093.0,7780.0,0.0,0.0,2164.0,929.0,962.0,816.0
1.0,17068.0,3662.0,3075.0,1550.0,0.0,0.0,2145.0,930.0,2459.0,1203.0
1.0,14956.0,5107.0,3119.0,0.0,2627.0,2627.0,2178.0,941.0,3758.0,1349.0
1.0,9849.0,4656.0,3183.0,0.0,7539.0,7539.0,2232.0,951.0,3539.0,1117.0
1.0,5193.0,2740.0,3203.0,2627.0,7732.0,7732.0,2253.0,950.0,2018.0,722.0
1.0,5080.0,1308.0,3161.0,7539.0,1333.0,1333.0,2222.0,939.0,734.0,574.0
1.0,11311.0,1808.0,3100.0,7732.0,0.0,0.0,2170.0,930.0,983.0,825.0
1.0,17235.0,3727.0,3082.0,1333.0,0.0,0.0,2151.0,931.0,2513.0,1214.0
1.0,14841.0,5178.0,3127.0,0.0,2845.0,2845.0,2185.0,942.0,3825.0,1353.0
1.0,9663.0,4693.0,3192.0,0.0,7798.0,7798.0,2240.0,952.0,3598.0,1095.0
1.0,4970.0,2717.0,3212.0,2845.0,7750.0,7750.0,2261.0,951.0,2002.0,715.0
1.0,5098.0,1221.0,3167.0,7798.0,993.0,993.0,2227.0,940.0,638.0,583.0
1.0,11675.0,1655.0,3105.0,7750.0,0.0,0.0,2173.0,932.0,833.0,822.0
1.0,17770.0,3585.0,3084.0,993.0,0.0,0.0,2151.0,933.0,2389.0,1196.0
1.0,15178.0,5059.0,3127.0,0.0,2389.0,2389.0,2183.0,944.0,3732.0,1327.0
1.0,10119.0,4637.0,3189.0,0.0,7274.0,7274.0,2236.0,953.0,3548.0,1089.0
1.0,5482.0,2716.0,3209.0,2389.0,7681.0,7681.0,2257.0,952.0,2011.0,705.0
1.0,5155.0,1244.0,3167.0,7274.0,1483.0,1483.0,2225.0,942.0,669.0,575.0
1.0,11185.0,1674.0,3104.0,7681.0,0.0,0.0,2170.0,934.0,848.0,826.0
1.0,17192.0,3548.0,3084.0,1483.0,0.0,0.0,2148.0,936.0,2344.0,1204.0
1.0,15127.0,4997.0,3127.0,0.0,2378.0,2378.0,2180.0,947.0,3670.0,1327.0
1.0,10130.0,4539.0,3190.0,0.0,7169.0,7169.0,2233.0,957.0,3469.0,1070.0
1.0,5591.0,2643.0,3209.0,2378.0,7510.0,7510.0,2254.0,955.0,1967.0,676.0
1.0,5326.0,1202.0,3165.0,7169.0,1367.0,1367.0,2221.0,944.0,666.0,536.0
1.0,11293.0,1625.0,3101.0,7510.0,0.0,0.0,2166.0,935.0,840.0,785.0
1.0,17178.0,3545.0,3082.0,1367.0,0.0,0.0,2145.0,937.0,2352.0,1193.0
1.0,15000.0,5038.0,3127.0,0.0,2546.0,2546.0,2178.0,949.0,3693.0,1345.0
1.0,9962.0,4641.0,3193.0,0.0,7451.0,7451.0,2234.0,959.0,3552.0,1089.0
1.0,5321.0,2695.0,3215.0,2546.0,7688.0,7688.0,2257.0,958.0,2024.0,671.0
1.0,5172.0,1173.0,3170.0,7451.0,1230.0,1230.0,2224.0,946.0,660.0,513.0
1.0,11450.0,1593.0,3106.0,7688.0,0.0,0.0,2170.0,936.0,824.0,769.0
1.0,17545.0,3572.0,3087.0,1230.0,0.0,0.0,2149.0,938.0,2391.0,1181.0
1.0,15203.0,5138.0,3134.0,0.0,2471.0,2471.0,2184.0,950.0,3793.0,1345.0
1.0,10065.0,4715.0,3202.0,0.0,7458.0,7458.0,2241.0,961.0,3613.0,1102.0
1.0,5350.0,2724.0,3223.0,2471.0,7795.0,7795.0,2264.0,959.0,2041.0,683.0
1.0,5097.0,1156.0,3179.0,7458.0,1317.0,1317.0,2232.0,947.0,631.0,525.0
1.0,11399.0,1588.0,3116.0,7795.0,0.0,0.0,2178.0,938.0,797.0,791.0
1.0,17606.0,3564.0,3096.0,1317.0,0.0,0.0,2156.0,940.0,2367.0,1197.0
1.0,15359.0,5122.0,3143.0,0.0,2335.0,2335.0,2191.0,952.0,3788.0,1334.0
1.0,10237.0,4715.0,3208.0,0.0,7310.0,7310.0,2247.0,961.0,3655.0,1060.0
1.0,5522.0,2788.0,3229.0,2335.0,7847.0,7847.0,2270.0,959.0,2107.0,681.0
1.0,5069.0,1245.0,3185.0,7310.0,1606.0,1606.0,2238.0,947.0,687.0,558.0
1.0,11134.0,1690.0,3120.0,7847.0,0.0,0.0,2183.0,937.0,864.0,826.0
1.0,17291.0,3668.0,3103.0,1606.0,0.0,0.0,2163.0,940.0,2443.0,1225.0
1.0,15229.0,5135.0,3149.0,0.0,2502.0,2502.0,2197.0,952.0,3797.0,1338.0
1.0,10094.0,4670.0,3213.0,0.0,7428.0,7428.0,2252.0,961.0,3601.0,1069.0
1.0,5424.0,2767.0,3232.0,2502.0,7769.0,7769.0,2274.0,958.0,2075.0,692.0
1.0,5159.0,1325.0,3189.0,7428.0,1494.0,1494.0,2242.0,947.0,737.0,588.0
1.0,11262.0,1779.0,3126.0,7769.0,0.0,0.0,2189.0,937.0,922.0,857.0
1.0,17252.0,3669.0,3107.0,1494.0,0.0,0.0,2167.0,940.0,2428.0,1241.0
1.0,15077.0,5114.0,3152.0,0.0,2645.0,2645.0,2200.0,952.0,3759.0,1355.0
1.0,9963.0,4714.0,3217.0,0.0,7619.0,7619.0,2255.0,962.0,3637.0,1077.0
1.0,5249.0,2811.0,3236.0,2645.0,7861.0,7861.0,2277.0,959.0,2124.0,687.0
1.0,5083.0,1308.0,3191.0,7619.0,1370.0,1370.0,2244.0,947.0,730.0,578.0
1.0,11394.0,1701.0,3126.0,7861.0,0.0,0.0,2188.0,938.0,844.0,857.0
1.0,17554.0,3595.0,3105.0,1370.0,0.0,0.0,2165.0,940.0,2356.0,1239.0
1.0,15329.0,5141.0,3151.0,0.0,2416.0,2416.0,2199.0,952.0,3788.0,1353.0
1.0,10188.0,4738.0,3218.0,0.0,7422.0,7422.0,2256.0,962.0,3667.0,1071.0
1.0,5450.0,2828.0,3237.0,2416.0,7910.0,7910.0,2278.0,959.0,2138.0,690.0
1.0,5038.0,1306.0,3190.0,7422.0,1606.0,1606.0,2243.0,947.0,723.0,583.0
1.0,11154.0,1665.0,3123.0,7910.0,0.0,0.0,2185.0,938.0,807.0,858.0
1.0,17399.0,3540.0,3100.0,1606.0,0.0,0.0,2160.0,940.0,2304.0,1236.0
1.0,15465.0,5074.0,3146.0,0.0,2193.0,2193.0,2194.0,952.0,3725.0,1349.0
1.0,10391.0,4754.0,3214.0,0.0,7219.0,7219.0,2252.0,962.0,3678.0,1076.0
1.0,5637.0,2870.0,3237.0,2193.0,7988.0,7988.0,2278.0,959.0,2176.0,694.0
1.0,4960.0,1387.0,3195.0,7219.0,1988.0,1988.0,2247.0,948.0,804.0,583.0
1.0,10792.0,1718.0,3131.0,7988.0,0.0,0.0,2193.0,938.0,888.0,830.0
1.0,17062.0,3557.0,3111.0,1988.0,0.0,0.0,2170.0,941.0,2340.0,1217.0
1.0,15493.0,5064.0,3155.0,0.0,2191.0,2191.0,2202.0,953.0,3714.0,1350.0
1.0,10429.0,4700.0,3222.0,0.0,7159.0,7159.0,2259.0,963.0,3614.0,1086.0
1.0,5729.0,2859.0,3244.0,2191.0,7915.0,7915.0,2284.0,960.0,2164.0,695.0
1.0,5061.0,1349.0,3202.0,7159.0,1937.0,1937.0,2254.0,948.0,785.0,564.0
1.0,10871.0,1717.0,3139.0,7915.0,0.0,0.0,2201.0,938.0,888.0,829.0
1.0,17069.0,3544.0,3120.0,1937.0,0.0,0.0,2178.0,942.0,2304.0,1240.0
1.0,15462.0,5024.0,3166.0,0.0,2226.0,2226.0,2211.0,955.0,3651.0,1373.0
1.0,10438.0,4631.0,3232.0,0.0,7121.0,7121.0,2266.0,966.0,3549.0,1082.0
1.0,5807.0,2776.0,3254.0,2226.0,7759.0,7759.0,2291.0,963.0,2118.0,658.0
1.0,5257.0,1335.0,3211.0,7121.0,1801.0,1801.0,2261.0,950.0,816.0,519.0
1.0,11043.0,1735.0,3148.0,7759.0,0.0,0.0,2208.0,940.0,937.0,798.0
1.0,17067.0,3572.0,3128.0,1801.0,0.0,0.0,2185.0,943.0,2332.0,1240.0
1.0,15296.0,4996.0,3171.0,0.0,2384.0,2384.0,2215.0,956.0,3604.0,1392.0
1.0,10300.0,4597.0,3237.0,0.0,7245.0,7245.0,2269.0,968.0,3476.0,1121.0
1.0,5703.0,2782.0,3261.0,2384.0,7739.0,7739.0,2294.0,967.0,2092.0,690.0
1.0,5305.0,1355.0,3217.0,7245.0,1673.0,1673.0,2263.0,954.0,823.0,532.0
1.0,11195.0,1721.0,3152.0,7739.0,0.0,0.0,2208.0,944.0,917.0,804.0
1.0,17213.0,3534.0,3129.0,1673.0,0.0,0.0,2183.0,946.0,2299.0,1235.0
1.0,15352.0,4983.0,3173.0,0.0,2323.0,2323.0,2213.0,960.0,3606.0,1377.0
1.0,10369.0,4628.0,3240.0,0.0,7219.0,7219.0,2269.0,971.0,3521.0,1107.0
1.0,5741.0,2830.0,3263.0,2323.0,7818.0,7818.0,2294.0,969.0,2144.0,686.0
1.0,5234.0,1358.0,3221.0,7219.0,1789.0,1789.0,2265.0,956.0,837.0,521.0
1.0,11095.0,1724.0,3156.0,7818.0,0.0,0.0,2210.0,946.0,924.0,800.0
1.0,17189.0,3527.0,3133.0,1789.0,0.0,0.0,2184.0,949.0,2287.0,1240.0
1.0,15451.0,4966.0,3175.0,0.0,2215.0,2215.0,2212.0,963.0,3564.0,1402.0
1.0,10485.0,4623.0,3240.0,0.0,7098.0,7098.0,2266.0,974.0,3493.0,1130.0
1.0,5862.0,2881.0,3262.0,2215.0,7852.0,7852.0,2291.0,971.0,2180.0,701.0
1.0,5196.0,1484.0,3220.0,7098.0,2070.0,2070.0,2262.0,958.0,944.0,540.0
1.0,10810.0,1815.0,3157.0,7852.0,0.0,0.0,2209.0,948.0,1018.0,797.0
1.0,16847.0,3575.0,3135.0,2070.0,0.0,0.0,2184.0,951.0,2336.0,1239.0
1.0,15342.0,4991.0,3178.0,0.0,2361.0,2361.0,2213.0,965.0,3581.0,1410.0
1.0,10351.0,4677.0,3243.0,0.0,7298.0,7298.0,2268.0,975.0,3565.0,1112.0
1.0,5674.0,2914.0,3264.0,2361.0,7935.0,7935.0,2293.0,971.0,2252.0,662.0
1.0,5121.0,1528.0,3224.0,7298.0,2005.0,2005.0,2266.0,958.0,1003.0,525.0
1.0,10891.0,1880.0,3162.0,7935.0,0.0,0.0,2214.0,948.0,1035.0,845.0
1.0,16946.0,3616.0,3140.0,2005.0,0.0,0.0,2188.0,952.0,2322.0,1294.0
1.0,15335.0,4989.0,3182.0,0.0,2382.0,2382.0,2216.0,966.0,3567.0,1422.0
1.0,10346.0,4648.0,3246.0,0.0,7286.0,7286.0,2270.0,976.0,3538.0,1110.0
1.0,5698.0,2952.0,3271.0,2382.0,7956.0,7956.0,2298.0,973.0,2287.0,665.0
1.0,5128.0,1561.0,3231.0,7286.0,2071.0,2071.0,2272.0,959.0,1033.0,528.0
1.0,10853.0,1889.0,3168.0,7956.0,0.0,0.0,2219.0,949.0,1040.0,849.0
1.0,16920.0,3616.0,3147.0,2071.0,0.0,0.0,2193.0,954.0,2312.0,1304.0
1.0,15375.0,4997.0,3189.0,0.0,2378.0,2378.0,2221.0,968.0,3567.0,1430.0
1.0,10378.0,4683.0,3254.0,0.0,7321.0,7321.0,2276.0,978.0,3578.0,1105.0
1.0,5695.0,2979.0,3279.0,2378.0,8022.0,8022.0,2305.0,974.0,2333.0,646.0
1.0,5094.0,1568.0,3241.0,7321.0,2117.0,2117.0,2281.0,960.0,1053.0,515.0
1.0,10847.0,1866.0,3179.0,8022.0,0.0,0.0,2229.0,950.0,1033.0,833.0
1.0,17003.0,3546.0,3156.0,2117.0,0.0,0.0,2202.0,954.0,2282.0,1264.0
1.0,15574.0,4936.0,3196.0,0.0,2146.0,2146.0,2229.0,967.0,3534.0,1402.0
1.0,10638.0,4608.0,3257.0,0.0,6998.0,6998.0,2280.0,977.0,3503.0,1105.0
1.0,6030.0,2947.0,3281.0,2146.0,7895.0,7895.0,2307.0,974.0,2278.0,669.0
1.0,5229.0,1551.0,3243.0,6998.0,2296.0,2296.0,2282.0,961.0,1019.0,532.0
1.0,10676.0,1835.0,3181.0,7895.0,0.0,0.0,2230.0,951.0,1014.0,821.0
1.0,16736.0,3542.0,3158.0,2296.0,0.0,0.0,2204.0,954.0,2291.0,1251.0
1.0,15490.0,4928.0,3199.0,0.0,2234.0,2234.0,2231.0,968.0,3532.0,1396.0
1.0,10562.0,4613.0,3261.0,0.0,7095.0,7095.0,2283.0,978.0,3516.0,1097.0
1.0,5949.0,2847.0,3283.0,2234.0,7796.0,7796.0,2309.0,974.0,2204.0,643.0
1.0,5336.0,1419.0,3242.0,7095.0,1956.0,1956.0,2282.0,960.0,919.0,500.0
1.0,11012.0,1776.0,3179.0,7796.0,0.0,0.0,2230.0,949.0,968.0,808.0
1.0,17032.0,3516.0,3158.0,1956.0,0.0,0.0,2205.0,953.0,2257.0,1259.0
1.0,15472.0,4887.0,3199.0,0.0,2211.0,2211.0,2232.0,967.0,3485.0,1402.0
1.0,10585.0,4538.0,3260.0,0.0,6993.0,6993.0,2282.0,978.0,3436.0,1102.0
1.0,6047.0,2820.0,3281.0,2211.0,7686.0,7686.0,2306.0,975.0,2168.0,652.0
1.0,5438.0,1449.0,3240.0,6993.0,1978.0,1978.0,2279.0,961.0,948.0,501.0
1.0,10982.0,1795.0,3179.0,7686.0,0.0,0.0,2229.0,950.0,981.0,814.0
1.0,16873.0,3560.0,3159.0,1978.0,0.0,0.0,2206.0,953.0,2270.0,1290.0
1.0,15291.0,4954.0,3201.0,0.0,2467.0,2467.0,2233.0,968.0,3508.0,1446.0
1.0,10337.0,4542.0,3262.0,0.0,7253.0,7253.0,2283.0,979.0,3432.0,1110.0
1.0,5795.0,2783.0,3283.0,2467.0,7653.0,7653.0,2307.0,976.0,2147.0,636.0
1.0,5479.0,1443.0,3242.0,7253.0,1679.0,1679.0,2281.0,961.0,959.0,484.0
1.0,11289.0,1881.0,3182.0,7653.0,0.0,0.0,2232.0,950.0,1063.0,818.0
1.0,17061.0,3676.0,3164.0,1679.0,0.0,0.0,2210.0,954.0,2378.0,1298.0
1.0,15064.0,5017.0,3206.0,0.0,2777.0,2777.0,2237.0,969.0,3552.0,1465.0
1.0,10047.0,4583.0,3268.0,0.0,7608.0,7608.0,2287.0,981.0,3417.0,1166.0
1.0,5464.0,2814.0,3289.0,2777.0,7729.0,7729.0,2310.0,979.0,2141.0,673.0
1.0,5427.0,1461.0,3250.0,7608.0,1426.0,1426.0,2285.0,965.0,974.0,487.0
1.0,11574.0,1901.0,3191.0,7729.0,0.0,0.0,2238.0,953.0,1112.0,789.0
1.0,17402.0,3703.0,3173.0,1426.0,0.0,0.0,2217.0,956.0,2424.0,1279.0
1.0,15125.0,5086.0,3215.0,0.0,2821.0,2821.0,2245.0,970.0,3626.0,1460.0
1.0,10039.0,4683.0,3276.0,0.0,7748.0,7748.0,2294.0,982.0,3515.0,1168.0
1.0,5356.0,2918.0,3297.0,2821.0,7929.0,7929.0,2317.0,980.0,2213.0,705.0
1.0,5259.0,1515.0,3258.0,7748.0,1540.0,1540.0,2291.0,967.0,987.0,528.0
1.0,11492.0,1876.0,3199.0,7929.0,0.0,0.0,2243.0,956.0,1053.0,823.0
1.0,17545.0,3681.0,3179.0,1540.0,0.0,0.0,2220.0,959.0,2387.0,1294.0
1.0,15404.0,5117.0,3221.0,0.0,2597.0,2597.0,2247.0,974.0,3662.0,1455.0
1.0,10287.0,4774.0,3284.0,0.0,7623.0,7623.0,2298.0,986.0,3627.0,1147.0
1.0,5513.0,2956.0,3305.0,2597.0,8066.0,8066.0,2322.0,983.0,2279.0,677.0
1.0,5154.0,1462.0,3263.0,7623.0,1737.0,1737.0,2295.0,968.0,940.0,522.0
1.0,11315.0,1799.0,3202.0,8066.0,0.0,0.0,2245.0,957.0,970.0,829.0
1.0,17582.0,3665.0,3183.0,1737.0,0.0,0.0,2223.0,960.0,2365.0,1300.0
1.0,15654.0,5167.0,3226.0,0.0,2417.0,2417.0,2250.0,976.0,3701.0,1466.0
1.0,10487.0,4802.0,3288.0,0.0,7467.0,7467.0,2300.0,988.0,3631.0,1171.0
1.0,5685.0,2913.0,3308.0,2417.0,8043.0,8043.0,2323.0,985.0,2233.0,680.0
1.0,5189.0,1405.0,3265.0,7467.0,1809.0,1809.0,2296.0,969.0,918.0,487.0
1.0,11251.0,1752.0,3203.0,8043.0,0.0,0.0,2246.0,957.0,961.0,791.0
1.0,17542.0,3609.0,3182.0,1809.0,0.0,0.0,2221.0,961.0,2310.0,1299.0
1.0,15742.0,5132.0,3224.0,0.0,2286.0,2286.0,2247.0,977.0,3644.0,1488.0
1.0,10610.0,4819.0,3286.0,0.0,7353.0,7353.0,2297.0,989.0,3657.0,1162.0
1.0,5791.0,2957.0,3307.0,2286.0,8108.0,8108.0,2321.0,986.0,2289.0,668.0
1.0,5120.0,1431.0,3266.0,7353.0,2022.0,2022.0,2295.0,971.0,935.0,496.0
1.0,11042.0,1720.0,3204.0,8108.0,0.0,0.0,2244.0,960.0,904.0,816.0
1.0,17430.0,3540.0,3184.0,2022.0,0.0,0.0,2220.0,964.0,2234.0,1306.0
1.0,15912.0,5041.0,3224.0,0.0,2025.0,2025.0,2245.0,979.0,3571.0,1470.0
1.0,10871.0,4764.0,3286.0,0.0,7037.0,7037.0,2295.0,991.0,3620.0,1144.0
1.0,6107.0,2962.0,3308.0,2025.0,8062.0,8062.0,2320.0,988.0,2308.0,654.0
1.0,5170.0,1450.0,3267.0,7037.0,2311.0,2311.0,2294.0,973.0,968.0,482.0
1.0,10757.0,1741.0,3206.0,8062.0,0.0,0.0,2244.0,962.0,947.0,794.0
1.0,17078.0,3529.0,3185.0,2311.0,0.0,0.0,2220.0,965.0,2244.0,1285.0
1.0,15860.0,5053.0,3228.0,0.0,2105.0,2105.0,2247.0,981.0,3588.0,1465.0
1.0,10807.0,4726.0,3291.0,0.0,7083.0,7083.0,2298.0,993.0,3590.0,1136.0
1.0,6081.0,2949.0,3314.0,2105.0,8019.0,8019.0,2324.0,990.0,2304.0,645.0
1.0,5237.0,1429.0,3274.0,7083.0,2205.0,2205.0,2299.0,975.0,971.0,458.0
1.0,10891.0,1705.0,3213.0,8019.0,0.0,0.0,2250.0,963.0,935.0,770.0
1.0,17205.0,3507.0,3193.0,2205.0,0.0,0.0,2227.0,966.0,2228.0,1279.0
1.0,15903.0,5034.0,3236.0,0.0,2075.0,2075.0,2254.0,982.0,3568.0,1466.0
1.0,10869.0,4744.0,3299.0,0.0,7071.0,7071.0,2305.0,994.0,3598.0,1146.0
1.0,6125.0,2954.0,3320.0,2075.0,8034.0,8034.0,2330.0,990.0,2323.0,631.0
1.0,5246.0,1429.0,3280.0,7071.0,2232.0,2232.0,2306.0,974.0,1002.0,427.0
1.0,10888.0,1774.0,3219.0,8034.0,0.0,0.0,2258.0,961.0,1013.0,761.0
1.0,17148.0,3610.0,3200.0,2232.0,0.0,0.0,2236.0,964.0,2304.0,1306.0
1.0,15770.0,5079.0,3245.0,0.0,2289.0,2289.0,2264.0,981.0,3580.0,1499.0
1.0,10691.0,4749.0,3308.0,0.0,7290.0,7290.0,2314.0,994.0,3574.0,1175.0
1.0,5942.0,2920.0,3328.0,2289.0,8001.0,8001.0,2337.0,991.0,2267.0,653.0
1.0,5311.0,1409.0,3285.0,7290.0,1948.0,1948.0,2310.0,975.0,959.0,450.0
1.0,11192.0,1735.0,3222.0,8001.0,0.0,0.0,2260.0,962.0,964.0,771.0
1.0,17458.0,3523.0,3202.0,1948.0,0.0,0.0,2238.0,964.0,2238.0,1285.0
1.0,15883.0,5047.0,3244.0,0.0,2140.0,2140.0,2265.0,979.0,3565.0,1482.0
1.0,10836.0,4777.0,3308.0,0.0,7173.0,7173.0,2315.0,993.0,3591.0,1186.0
1.0,6059.0,3023.0,3330.0,2140.0,8144.0,8144.0,2339.0,991.0,2339.0,684.0
1.0,5176.0,1500.0,3288.0,7173.0,2303.0,2303.0,2312.0,976.0,1005.0,495.0
1.0,10849.0,1773.0,3223.0,8144.0,0.0,0.0,2260.0,963.0,953.0,820.0
1.0,17220.0,3494.0,3201.0,2303.0,0.0,0.0,2235.0,966.0,2181.0,1313.0
1.0,16029.0,4969.0,3240.0,0.0,1900.0,1900.0,2259.0,981.0,3473.0,1496.0
1.0,11060.0,4784.0,3303.0,0.0,6936.0,6936.0,2309.0,994.0,3606.0,1178.0
1.0,6276.0,3129.0,3327.0,1900.0,8261.0,8261.0,2336.0,991.0,2445.0,684.0
1.0,5047.0,1622.0,3288.0,6936.0,2791.0,2791.0,2312.0,976.0,1128.0,494.0
1.0,10361.0,1812.0,3224.0,8261.0,0.0,0.0,2261.0,963.0,1002.0,810.0
1.0,16810.0,3515.0,3200.0,2791.0,0.0,0.0,2233.0,967.0,2187.0,1328.0
1.0,16086.0,5067.0,3240.0,0.0,1941.0,1941.0,2257.0,983.0,3540.0,1527.0
1.0,11019.0,4854.0,3305.0,0.0,7055.0,7055.0,2309.0,996.0,3659.0,1195.0
1.0,6165.0,3115.0,3331.0,1941.0,8333.0,8333.0,2338.0,993.0,2441.0,674.0
1.0,4991.0,1618.0,3292.0,7055.0,2740.0,2740.0,2314.0,978.0,1125.0,493.0
1.0,10428.0,1842.0,3227.0,8333.0,0.0,0.0,2262.0,965.0,1017.0,825.0
1.0,16919.0,3605.0,3204.0,2740.0,0.0,0.0,2236.0,968.0,2272.0,1333.0
1.0,16054.0,5136.0,3248.0,0.0,2074.0,2074.0,2263.0,985.0,3620.0,1516.0
1.0,10918.0,4871.0,3314.0,0.0,7209.0,7209.0,2316.0,998.0,3685.0,1186.0
1.0,6047.0,3129.0,3341.0,2074.0,8372.0,8372.0,2345.0,996.0,2444.0,685.0
1.0,4992.0,1605.0,3302.0,7209.0,2612.0,2612.0,2321.0,981.0,1098.0,507.0
1.0,10596.0,1804.0,3238.0,8372.0,0.0,0.0,2270.0,968.0,969.0,835.0
1.0,17164.0,3565.0,3214.0,2612.0,0.0,0.0,2242.0,972.0,2230.0,1335.0
1.0,16211.0,5134.0,3256.0,0.0,1947.0,1947.0,2268.0,988.0,3616.0,1518.0
1.0,11077.0,4916.0,3323.0,0.0,7131.0,7131.0,2322.0,1001.0,3729.0,1187.0
1.0,6161.0,3138.0,3350.0,1947.0,8430.0,8430.0,2352.0,998.0,2472.0,666.0
1.0,4970.0,1548.0,3312.0,7131.0,2695.0,2695.0,2329.0,983.0,1052.0,496.0
1.0,10553.0,1727.0,3248.0,8430.0,0.0,0.0,2278.0,970.0,901.0,826.0
1.0,17256.0,3505.0,3224.0,2695.0,0.0,0.0,2250.0,974.0,2176.0,1329.0
1.0,16446.0,5084.0,3265.0,0.0,1698.0,1698.0,2275.0,990.0,3609.0,1475.0
1.0,11362.0,4895.0,3331.0,0.0,6857.0,6857.0,2329.0,1002.0,3757.0,1138.0
1.0,6467.0,3123.0,3358.0,1698.0,8390.0,8390.0,2358.0,1000.0,2471.0,652.0
1.0,5042.0,1504.0,3318.0,6857.0,2877.0,2877.0,2334.0,984.0,1020.0,484.0
1.0,10395.0,1641.0,3253.0,8390.0,0.0,0.0,2281.0,972.0,826.0,815.0
1.0,17144.0,3415.0,3227.0,2877.0,0.0,0.0,2252.0,975.0,2096.0,1319.0
1.0,16606.0,5029.0,3267.0,0.0,1491.0,1491.0,2276.0,991.0,3545.0,1484.0
1.0,11577.0,4856.0,3333.0,0.0,6611.0,6611.0,2329.0,1004.0,3734.0,1122.0
1.0,6721.0,3106.0,3360.0,1491.0,8334.0,8334.0,2359.0,1001.0,2487.0,619.0
1.0,5106.0,1480.0,3322.0,6611.0,3051.0,3051.0,2336.0,986.0,1006.0,474.0
1.0,10237.0,1604.0,3256.0,8334.0,0.0,0.0,2282.0,974.0,769.0,835.0
1.0,16967.0,3347.0,3229.0,3051.0,0.0,0.0,2252.0,977.0,2022.0,1325.0
1.0,16671.0,5007.0,3268.0,0.0,1408.0,1408.0,2275.0,993.0,3541.0,1466.0
1.0,11664.0,4910.0,3335.0,0.0,6586.0,6586.0,2329.0,1006.0,3791.0,1119.0
1.0,6754.0,3131.0,3361.0,1408.0,8413.0,8413.0,2357.0,1004.0,2496.0,635.0
1.0,5031.0,1468.0,3320.0,6586.0,3131.0,3131.0,2332.0,988.0,971.0,497.0
1.0,10149.0,1549.0,3252.0,8413.0,0.0,0.0,2276.0,976.0,714.0,835.0
1.0,17013.0,3359.0,3225.0,3131.0,0.0,0.0,2247.0,978.0,2041.0,1318.0
1.0,16785.0,5070.0,3267.0,0.0,1353.0,1353.0,2273.0,994.0,3621.0,1449.0
1.0,11715.0,4990.0,3335.0,0.0,6615.0,6615.0,2329.0,1006.0,3881.0,1109.0
1.0,6725.0,3169.0,3363.0,1353.0,8543.0,8543.0,2359.0,1004.0,2536.0,633.0
1.0,4909.0,1457.0,3324.0,6615.0,3229.0,3229.0,2335.0,989.0,949.0,508.0
1.0,10067.0,1555.0,3257.0,8543.0,0.0,0.0,2280.0,977.0,696.0,859.0
1.0,17055.0,3419.0,3231.0,3229.0,0.0,0.0,2251.0,980.0,2089.0,1330.0
1.0,16865.0,5165.0,3271.0,0.0,1384.0,1384.0,2277.0,994.0,3703.0,1462.0
1.0,11700.0,5062.0,3340.0,0.0,6722.0,6722.0,2334.0,1006.0,3950.0,1112.0
1.0,6638.0,3235.0,3368.0,1384.0,8685.0,8685.0,2365.0,1003.0,2592.0,643.0
1.0,4787.0,1504.0,3330.0,6722.0,3315.0,3315.0,2342.0,988.0,971.0,533.0
1.0,10005.0,1623.0,3265.0,8685.0,0.0,0.0,2289.0,976.0,740.0,883.0
1.0,17067.0,3492.0,3241.0,3315.0,0.0,0.0,2261.0,980.0,2136.0,1356.0
1.0,16890.0,5220.0,3281.0,0.0,1454.0,1454.0,2286.0,995.0,3750.0,1470.0
1.0,11670.0,5087.0,3348.0,0.0,6809.0,6809.0,2341.0,1007.0,3977.0,1110.0
1.0,6583.0,3236.0,3374.0,1454.0,8695.0,8695.0,2371.0,1003.0,2589.0,647.0
1.0,4801.0,1560.0,3338.0,6809.0,3302.0,3302.0,2349.0,989.0,1005.0,555.0
1.0,10050.0,1709.0,3273.0,8695.0,0.0,0.0,2296.0,977.0,803.0,906.0
1.0,17036.0,3548.0,3248.0,3302.0,0.0,0.0,2268.0,980.0,2191.0,1357.0
1.0,16790.0,5257.0,3288.0,0.0,1619.0,1619.0,2293.0,995.0,3780.0,1477.0
1.0,11533.0,5106.0,3355.0,0.0,6993.0,6993.0,2348.0,1007.0,3985.0,1121.0
1.0,6427.0,3248.0,3383.0,1619.0,8734.0,8734.0,2379.0,1004.0,2588.0,660.0
1.0,4798.0,1522.0,3343.0,6993.0,3103.0,3103.0,2354.0,989.0,970.0,552.0
1.0,10269.0,1682.0,3277.0,8734.0,0.0,0.0,2299.0,978.0,765.0,917.0
1.0,17321.0,3544.0,3251.0,3103.0,0.0,0.0,2270.0,981.0,2173.0,1371.0
1.0,16880.0,5258.0,3291.0,0.0,1542.0,1542.0,2295.0,996.0,3777.0,1481.0
1.0,11622.0,5102.0,3359.0,0.0,6916.0,6916.0,2351.0,1008.0,3982.0,1120.0
1.0,6520.0,3179.0,3385.0,1542.0,8657.0,8657.0,2381.0,1004.0,2546.0,633.0
1.0,4883.0,1400.0,3344.0,6916.0,2977.0,2977.0,2355.0,989.0,875.0,525.0
1.0,10399.0,1573.0,3275.0,8657.0,0.0,0.0,2298.0,977.0,668.0,905.0
1.0,17483.0,3527.0,3249.0,2977.0,0.0,0.0,2268.0,981.0,2137.0,1390.0
1.0,16933.0,5304.0,3290.0,0.0,1531.0,1531.0,2293.0,997.0,3798.0,1506.0
1.0,11629.0,5132.0,3359.0,0.0,6939.0,6939.0,2350.0,1009.0,4006.0,1126.0
1.0,6497.0,3158.0,3386.0,1531.0,8674.0,8674.0,2381.0,1005.0,2524.0,634.0
1.0,4870.0,1329.0,3344.0,6939.0,2896.0,2896.0,2355.0,989.0,835.0,494.0
1.0,10480.0,1485.0,3276.0,8674.0,0.0,0.0,2298.0,978.0,618.0,867.0
1.0,17669.0,3468.0,3248.0,2896.0,0.0,0.0,2266.0,982.0,2089.0,1379.0
1.0,17097.0,5281.0,3290.0,0.0,1344.0,1344.0,2291.0,999.0,3764.0,1517.0
1.0,11816.0,5141.0,3359.0,0.0,6761.0,6761.0,2348.0,1011.0,4009.0,1132.0
1.0,6675.0,3186.0,3389.0,1344.0,8723.0,8723.0,2382.0,1007.0,2579.0,607.0
1.0,4833.0,1342.0,3349.0,6761.0,3144.0,3144.0,2358.0,991.0,862.0,480.0
1.0,10252.0,1422.0,3280.0,8723.0,0.0,0.0,2300.0,980.0,539.0,883.0
1.0,17553.0,3354.0,3251.0,3144.0,0.0,0.0,2266.0,985.0,1950.0,1404.0
1.0,17343.0,5243.0,3292.0,0.0,1068.0,1068.0,2290.0,1002.0,3725.0,1518.0
1.0,12100.0,5215.0,3364.0,0.0,6571.0,6571.0,2349.0,1015.0,4099.0,1116.0
1.0,6885.0,3266.0,3396.0,1068.0,8897.0,8897.0,2386.0,1010.0,2677.0,589.0
1.0,4687.0,1354.0,3358.0,6571.0,3528.0,3528.0,2364.0,994.0,884.0,470.0
1.0,9904.0,1390.0,3288.0,8897.0,0.0,0.0,2306.0,982.0,524.0,866.0
1.0,17411.0,3358.0,3258.0,3528.0,0.0,0.0,2271.0,987.0,1976.0,1382.0
1.0,17581.0,5290.0,3300.0,0.0,909.0,909.0,2296.0,1004.0,3777.0,1513.0
1.0,12291.0,5240.0,3372.0,0.0,6437.0,6437.0,2356.0,1016.0,4119.0,1121.0
1.0,7051.0,3282.0,3406.0,909.0,8946.0,8946.0,2394.0,1012.0,2678.0,604.0
1.0,4678.0,1365.0,3367.0,6437.0,3718.0,3718.0,2372.0,995.0,903.0,462.0
1.0,9750.0,1415.0,3298.0,8946.0,0.0,0.0,2314.0,984.0,565.0,850.0
1.0,17281.0,3376.0,3266.0,3718.0,0.0,0.0,2277.0,989.0,1979.0,1397.0
1.0,17623.0,5327.0,3308.0,0.0,936.0,936.0,2301.0,1007.0,3779.0,1548.0
1.0,12296.0,5285.0,3381.0,0.0,6513.0,6513.0,2362.0,1019.0,4145.0,1140.0
1.0,7011.0,3298.0,3415.0,936.0,9011.0,9011.0,2401.0,1014.0,2700.0,598.0
1.0,4649.0,1366.0,3375.0,6513.0,3704.0,3704.0,2378.0,997.0,906.0,460.0
1.0,9796.0,1409.0,3303.0,9011.0,0.0,0.0,2317.0,986.0,538.0,871.0
1.0,17398.0,3400.0,3271.0,3704.0,0.0,0.0,2280.0,991.0,1995.0,1405.0
1.0,17702.0,5360.0,3311.0,0.0,902.0,902.0,2303.0,1008.0,3831.0,1529.0
1.0,12342.0,5309.0,3385.0,0.0,6507.0,6507.0,2365.0,1020.0,4179.0,1130.0
1.0,7033.0,3364.0,3419.0,902.0,9105.0,9105.0,2404.0,1015.0,2751.0,613.0
1.0,4571.0,1419.0,3379.0,6507.0,3857.0,3857.0,2381.0,998.0,926.0,493.0
1.0,9659.0,1422.0,3306.0,9105.0,0.0,0.0,2319.0,987.0,547.0,875.0
1.0,17342.0,3373.0,3272.0,3857.0,0.0,0.0,2280.0,992.0,1969.0,1404.0
1.0,17826.0,5344.0,3314.0,0.0,774.0,774.0,2304.0,1010.0,3792.0,1552.0
1.0,12482.0,5335.0,3386.0,0.0,6397.0,6397.0,2364.0,1022.0,4166.0,1169.0
1.0,7147.0,3366.0,3418.0,774.0,9117.0,9117.0,2402.0,1016.0,2745.0,621.0
1.0,4555.0,1430.0,3377.0,6397.0,3986.0,3986.0,2378.0,999.0,971.0,459.0
1.0,9522.0,1403.0,3303.0,9117.0,0.0,0.0,2316.0,987.0,562.0,841.0
1.0,17236.0,3325.0,3269.0,3986.0,0.0,0.0,2277.0,992.0,1926.0,1399.0
1.0,17897.0,5292.0,3307.0,0.0,623.0,623.0,2298.0,1009.0,3719.0,1573.0
1.0,12605.0,5357.0,3382.0,0.0,6280.0,6280.0,2360.0,1022.0,4166.0,1191.0
1.0,7248.0,3472.0,3416.0,623.0,9265.0,9265.0,2400.0,1016.0,2834.0,638.0
1.0,4399.0,1513.0,3377.0,6280.0,4342.0,4342.0,2378.0,999.0,1047.0,466.0
1.0,9166.0,1459.0,3304.0,9265.0,0.0,0.0,2317.0,987.0,612.0,847.0
1.0,16972.0,3346.0,3270.0,4342.0,0.0,0.0,2278.0,992.0,1936.0,1410.0
1.0,17968.0,5269.0,3311.0,0.0,545.0,545.0,2300.0,1011.0,3688.0,1581.0
1.0,12699.0,5333.0,3386.0,0.0,6178.0,6178.0,2363.0,1023.0,4138.0,1195.0
1.0,7366.0,3437.0,3422.0,545.0,9214.0,9214.0,2404.0,1018.0,2811.0,626.0
1.0,4474.0,1492.0,3383.0,6178.0,4372.0,4372.0,2383.0,1000.0,1044.0,448.0
1.0,9160.0,1439.0,3308.0,9214.0,0.0,0.0,2321.0,987.0,608.0,831.0
1.0,16935.0,3318.0,3273.0,4372.0,0.0,0.0,2281.0,992.0,1918.0,1400.0
1.0,17989.0,5297.0,3315.0,0.0,568.0,568.0,2304.0,1011.0,3711.0,1586.0
1.0,12692.0,5381.0,3392.0,0.0,6257.0,6257.0,2368.0,1024.0,4178.0,1203.0
1.0,7311.0,3435.0,3430.0,568.0,9276.0,9276.0,2410.0,1020.0,2806.0,629.0
1.0,4444.0,1442.0,3391.0,6257.0,4305.0,4305.0,2390.0,1001.0,1014.0,428.0
1.0,9259.0,1376.0,3316.0,9276.0,0.0,0.0,2328.0,988.0,568.0,808.0
1.0,17159.0,3303.0,3281.0,4305.0,0.0,0.0,2288.0,993.0,1903.0,1400.0
1.0,18161.0,5285.0,3321.0,0.0,408.0,408.0,2309.0,1012.0,3697.0,1588.0
1.0,12876.0,5340.0,3398.0,0.0,6056.0,6056.0,2372.0,1026.0,4143.0,1197.0
1.0,7536.0,3441.0,3436.0,408.0,9241.0,9241.0,2416.0,1020.0,2827.0,614.0
1.0,4503.0,1444.0,3400.0,6056.0,4485.0,4485.0,2398.0,1002.0,1015.0,429.0
1.0,9115.0,1327.0,3324.0,9241.0,0.0,0.0,2336.0,988.0,504.0,823.0
1.0,17029.0,3205.0,3286.0,4485.0,0.0,0.0,2292.0,994.0,1806.0,1399.0
1.0,18309.0,5223.0,3324.0,0.0,210.0,210.0,2311.0,1013.0,3636.0,1587.0
1.0,13086.0,5305.0,3400.0,0.0,5819.0,5819.0,2373.0,1027.0,4113.0,1192.0
1.0,7781.0,3387.0,3438.0,210.0,9148.0,9148.0,2416.0,1022.0,2779.0,608.0
1.0,4604.0,1398.0,3401.0,5819.0,4579.0,4579.0,2397.0,1004.0,966.0,432.0
1.0,9025.0,1301.0,3324.0,9148.0,0.0,0.0,2333.0,991.0,464.0,837.0
1.0,16872.0,3224.0,3285.0,4579.0,0.0,0.0,2289.0,996.0,1815.0,1409.0
1.0,18227.0,5267.0,3323.0,0.0,332.0,332.0,2308.0,1015.0,3665.0,1602.0
1.0,12960.0,5380.0,3401.0,0.0,6024.0,6024.0,2371.0,1030.0,4170.0,1210.0
1.0,7580.0,3431.0,3439.0,332.0,9275.0,9275.0,2414.0,1025.0,2825.0,606.0
1.0,4481.0,1353.0,3400.0,6024.0,4448.0,4448.0,2394.0,1006.0,956.0,397.0
1.0,9152.0,1241.0,3321.0,9275.0,0.0,0.0,2330.0,991.0,439.0,802.0
1.0,17186.0,3253.0,3283.0,4448.0,0.0,0.0,2286.0,997.0,1833.0,1420.0
1.0,18381.0,5364.0,3322.0,0.0,271.0,271.0,2305.0,1017.0,3714.0,1650.0
1.0,13017.0,5485.0,3401.0,0.0,6072.0,6072.0,2369.0,1032.0,4238.0,1247.0
1.0,7532.0,3512.0,3442.0,271.0,9477.0,9477.0,2414.0,1028.0,2876.0,636.0
1.0,4291.0,1392.0,3403.0,6072.0,4641.0,4641.0,2395.0,1008.0,982.0,410.0
1.0,8971.0,1289.0,3325.0,9477.0,0.0,0.0,2330.0,995.0,472.0,817.0
1.0,17159.0,3276.0,3286.0,4641.0,0.0,0.0,2285.0,1001.0,1847.0,1429.0
1.0,18524.0,5419.0,3325.0,0.0,195.0,195.0,2305.0,1020.0,3772.0,1647.0
1.0,13105.0,5506.0,3404.0,0.0,6017.0,6017.0,2370.0,1034.0,4281.0,1225.0
1.0,7599.0,3502.0,3444.0,195.0,9484.0,9484.0,2415.0,1029.0,2904.0,598.0
1.0,4292.0,1405.0,3406.0,6017.0,4720.0,4720.0,2396.0,1010.0,1008.0,397.0
1.0,8904.0,1354.0,3329.0,9484.0,0.0,0.0,2333.0,996.0,522.0,832.0
1.0,17034.0,3398.0,3292.0,4720.0,0.0,0.0,2290.0,1002.0,1923.0,1475.0
1.0,18356.0,5490.0,3333.0,0.0,466.0,466.0,2311.0,1022.0,3814.0,1676.0
1.0,12866.0,5569.0,3412.0,0.0,6351.0,6351.0,2375.0,1037.0,4324.0,1245.0
1.0,7297.0,3520.0,3454.0,466.0,9573.0,9573.0,2421.0,1033.0,2922.0,598.0
1.0,4243.0,1441.0,3417.0,6351.0,4515.0,4515.0,2404.0,1013.0,1055.0,386.0
1.0,9153.0,1390.0,3342.0,9573.0,0.0,0.0,2343.0,999.0,558.0,832.0
1.0,17336.0,3409.0,3304.0,4515.0,0.0,0.0,2300.0,1004.0,1935.0,1474.0
1.0,18442.0,5478.0,3343.0,0.0,408.0,408.0,2319.0,1024.0,3802.0,1676.0
1.0,12964.0,5482.0,3420.0,0.0,6198.0,6198.0,2381.0,1039.0,4258.0,1224.0
1.0,7482.0,3448.0,3458.0,408.0,9390.0,9390.0,2424.0,1034.0,2876.0,572.0
1.0,4442.0,1370.0,3419.0,6198.0,4406.0,4406.0,2406.0,1013.0,1005.0,365.0
1.0,9270.0,1378.0,3345.0,9390.0,0.0,0.0,2346.0,999.0,557.0,821.0
1.0,17282.0,3384.0,3307.0,4406.0,0.0,0.0,2303.0,1004.0,1918.0,1466.0
1.0,18304.0,5401.0,3345.0,0.0,477.0,477.0,2321.0,1024.0,3746.0,1655.0
1.0,12903.0,5443.0,3421.0,0.0,6224.0,6224.0,2383.0,1038.0,4235.0,1208.0
1.0,7460.0,3496.0,3461.0,477.0,9403.0,9403.0,2427.0,1034.0,2914.0,582.0
1.0,4441.0,1464.0,3425.0,6224.0,4499.0,4499.0,2411.0,1014.0,1078.0,386.0
1.0,9201.0,1348.0,3349.0,9403.0,0.0,0.0,2350.0,999.0,532.0,816.0
1.0,17256.0,3267.0,3308.0,4499.0,0.0,0.0,2304.0,1004.0,1818.0,1449.0
1.0,18488.0,5299.0,3344.0,0.0,187.0,187.0,2321.0,1023.0,3664.0,1635.0
1.0,13189.0,5424.0,3420.0,0.0,5915.0,5915.0,2382.0,1038.0,4216.0,1208.0
1.0,7765.0,3459.0,3461.0,187.0,9351.0,9351.0,2427.0,1034.0,2874.0,585.0
1.0,4493.0,1408.0,3424.0,5915.0,4696.0,4696.0,2410.0,1014.0,1035.0,373.0
1.0,9000.0,1315.0,3348.0,9351.0,0.0,0.0,2349.0,999.0,526.0,789.0
1.0,17036.0,3266.0,3308.0,4696.0,0.0,0.0,2305.0,1003.0,1844.0,1422.0
1.0,18466.0,5313.0,3344.0,0.0,223.0,223.0,2321.0,1023.0,3656.0,1657.0
1.0,13153.0,5374.0,3420.0,0.0,5901.0,5901.0,2381.0,1039.0,4142.0,1232.0
1.0,7779.0,3421.0,3460.0,223.0,9259.0,9259.0,2426.0,1034.0,2841.0,580.0
1.0,4581.0,1383.0,3425.0,5901.0,4601.0,4601.0,2411.0,1014.0,1037.0,346.0
1.0,9099.0,1296.0,3350.0,9259.0,0.0,0.0,2352.0,998.0,538.0,758.0
1.0,17062.0,3274.0,3310.0,4601.0,0.0,0.0,2308.0,1002.0,1863.0,1411.0
1.0,18389.0,5338.0,3348.0,0.0,341.0,341.0,2326.0,1022.0,3684.0,1654.0
1.0,13051.0,5425.0,3426.0,0.0,6078.0,6078.0,2388.0,1038.0,4185.0,1240.0
1.0,7626.0,3467.0,3467.0,341.0,9368.0,9368.0,2434.0,1033.0,2872.0,595.0
1.0,4500.0,1399.0,3432.0,6078.0,4549.0,4549.0,2419.0,1013.0,1028.0,371.0
1.0,9179.0,1272.0,3356.0,9368.0,0.0,0.0,2358.0,998.0,480.0,792.0
1.0,17275.0,3310.0,3315.0,4549.0,0.0,0.0,2313.0,1002.0,1873.0,1437.0
1.0,18514.0,5460.0,3355.0,0.0,366.0,366.0,2332.0,1023.0,3773.0,1687.0
1.0,13054.0,5535.0,3435.0,0.0,6221.0,6221.0,2395.0,1040.0,4260.0,1275.0
1.0,7519.0,3514.0,3478.0,366.0,9541.0,9541.0,2442.0,1036.0,2894.0,620.0
1.0,4371.0,1383.0,3443.0,6221.0,4563.0,4563.0,2427.0,1016.0,1015.0,368.0
1.0,9209.0,1294.0,3365.0,9541.0,0.0,0.0,2366.0,999.0,535.0,759.0
1.0,17456.0,3351.0,3323.0,4563.0,0.0,0.0,2321.0,1002.0,1929.0,1422.0
1.0,18668.0,5450.0,3361.0,0.0,226.0,226.0,2339.0,1022.0,3784.0,1666.0
1.0,13218.0,5536.0,3440.0,0.0,6078.0,6078.0,2401.0,1039.0,4245.0,1291.0
1.0,7682.0,3523.0,3483.0,226.0,9547.0,9547.0,2447.0,1036.0,2856.0,667.0
1.0,4385.0,1452.0,3448.0,6078.0,4781.0,4781.0,2432.0,1016.0,1045.0,407.0
1.0,9011.0,1375.0,3370.0,9547.0,0.0,0.0,2370.0,1000.0,585.0,790.0
1.0,17183.0,3388.0,3330.0,4781.0,0.0,0.0,2326.0,1004.0,1961.0,1427.0
1.0,18576.0,5487.0,3367.0,0.0,379.0,379.0,2343.0,1024.0,3814.0,1673.0
1.0,13089.0,5572.0,3448.0,0.0,6275.0,6275.0,2406.0,1042.0,4277.0,1295.0
1.0,7517.0,3545.0,3491.0,379.0,9613.0,9613.0,2452.0,1039.0,2879.0,666.0
1.0,4351.0,1441.0,3452.0,6275.0,4623.0,4623.0,2434.0,1018.0,1032.0,409.0
1.0,9185.0,1381.0,3373.0,9613.0,0.0,0.0,2372.0,1001.0,580.0,801.0
1.0,17417.0,3395.0,3331.0,4623.0,0.0,0.0,2326.0,1005.0,1932.0,1463.0
1.0,18645.0,5482.0,3370.0,0.0,317.0,317.0,2343.0,1027.0,3784.0,1698.0
1.0,13163.0,5534.0,3448.0,0.0,6163.0,6163.0,2404.0,1044.0,4247.0,1287.0
1.0,7629.0,3563.0,3489.0,317.0,9573.0,9573.0,2449.0,1040.0,2908.0,655.0
1.0,4383.0,1506.0,3453.0,6163.0,4772.0,4772.0,2433.0,1020.0,1090.0,416.0
1.0,9040.0,1400.0,3374.0,9573.0,0.0,0.0,2371.0,1003.0,592.0,808.0
1.0,17213.0,3378.0,3335.0,4772.0,0.0,0.0,2327.0,1008.0,1934.0,1444.0
1.0,18607.0,5405.0,3372.0,0.0,286.0,286.0,2343.0,1029.0,3735.0,1670.0
1.0,13202.0,5507.0,3452.0,0.0,6113.0,6113.0,2406.0,1046.0,4247.0,1260.0
1.0,7695.0,3544.0,3493.0,286.0,9535.0,9535.0,2450.0,1043.0,2892.0,652.0
1.0,4437.0,1496.0,3457.0,6113.0,4774.0,4774.0,2434.0,1023.0,1063.0,433.0
1.0,9054.0,1418.0,3380.0,9535.0,0.0,0.0,2373.0,1007.0,586.0,832.0
1.0,17171.0,3320.0,3339.0,4774.0,0.0,0.0,2328.0,1011.0,1897.0,1423.0
1.0,18625.0,5393.0,3375.0,0.0,268.0,268.0,2344.0,1031.0,3756.0,1637.0
1.0,13232.0,5518.0,3454.0,0.0,6102.0,6102.0,2406.0,1048.0,4272.0,1246.0
1.0,7714.0,3540.0,3496.0,268.0,9542.0,9542.0,2451.0,1045.0,2898.0,642.0
1.0,4442.0,1467.0,3461.0,6102.0,4767.0,4767.0,2436.0,1025.0,1036.0,431.0
1.0,9077.0,1376.0,3386.0,9542.0,0.0,0.0,2377.0,1009.0,557.0,819.0
1.0,17243.0,3357.0,3346.0,4767.0,0.0,0.0,2333.0,1013.0,1941.0,1416.0
1.0,18653.0,5429.0,3384.0,0.0,312.0,312.0,2351.0,1033.0,3806.0,1623.0
1.0,13224.0,5467.0,3462.0,0.0,6091.0,6091.0,2412.0,1050.0,4242.0,1225.0
1.0,7757.0,3461.0,3504.0,312.0,9408.0,9408.0,2457.0,1047.0,2839.0,622.0
1.0,4608.0,1453.0,3468.0,6091.0,4626.0,4626.0,2441.0,1027.0,1034.0,419.0
1.0,9246.0,1409.0,3394.0,9408.0,0.0,0.0,2383.0,1011.0,609.0,800.0
1.0,17245.0,3360.0,3355.0,4626.0,0.0,0.0,2341.0,1014.0,1973.0,1387.0
1.0,18511.0,5377.0,3392.0,0.0,434.0,434.0,2359.0,1033.0,3773.0,1604.0
1.0,13134.0,5418.0,3471.0,0.0,6168.0,6168.0,2420.0,1051.0,4184.0,1234.0
1.0,7716.0,3457.0,3512.0,434.0,9355.0,9355.0,2463.0,1049.0,2803.0,654.0
1.0,4693.0,1466.0,3477.0,6168.0,4513.0,4513.0,2447.0,1030.0,1012.0,454.0
1.0,9395.0,1404.0,3401.0,9355.0,0.0,0.0,2387.0,1014.0,591.0,813.0
1.0,17346.0,3355.0,3361.0,4513.0,0.0,0.0,2345.0,1016.0,1991.0,1364.0
1.0,18504.0,5323.0,3397.0,0.0,407.0,407.0,2362.0,1035.0,3774.0,1549.0
1.0,13181.0,5383.0,3474.0,0.0,6098.0,6098.0,2423.0,1051.0,4186.0,1197.0
1.0,7798.0,3482.0,3516.0,407.0,9341.0,9341.0,2468.0,1048.0,2817.0,665.0
1.0,4723.0,1498.0,3482.0,6098.0,4605.0,4605.0,2452.0,1030.0,1028.0,470.0
1.0,9323.0,1382.0,3403.0,9341.0,0.0,0.0,2390.0,1013.0,569.0,813.0
1.0,17282.0,3287.0,3359.0,4605.0,0.0,0.0,2345.0,1014.0,1932.0,1355.0
1.0,18600.0,5318.0,3394.0,0.0,294.0,294.0,2362.0,1032.0,3756.0,1562.0
1.0,13282.0,5445.0,3473.0,0.0,6055.0,6055.0,2424.0,1049.0,4225.0,1220.0
1.0,7837.0,3543.0,3515.0,294.0,9472.0,9472.0,2468.0,1047.0,2853.0,690.0
1.0,4588.0,1475.0,3479.0,6055.0,4748.0,4748.0,2450.0,1029.0,986.0,489.0
1.0,9168.0,1385.0,3401.0,9472.0,0.0,0.0,2388.0,1013.0,557.0,828.0
1.0,17255.0,3340.0,3359.0,4748.0,0.0,0.0,2344.0,1015.0,1974.0,1366.0
1.0,18663.0,5413.0,3395.0,0.0,330.0,330.0,2363.0,1032.0,3831.0,1582.0
1.0,13250.0,5533.0,3474.0,0.0,6179.0,6179.0,2425.0,1049.0,4285.0,1248.0
1.0,7717.0,3570.0,3516.0,330.0,9587.0,9587.0,2469.0,1047.0,2857.0,713.0
1.0,4477.0,1540.0,3481.0,6179.0,4808.0,4808.0,2451.0,1030.0,1028.0,512.0
1.0,9116.0,1411.0,3402.0,9587.0,0.0,0.0,2389.0,1013.0,572.0,839.0
1.0,17292.0,3379.0,3360.0,4808.0,0.0,0.0,2345.0,1015.0,2002.0,1377.0
1.0,18721.0,5455.0,3397.0,0.0,322.0,322.0,2364.0,1033.0,3861.0,1594.0
1.0,13266.0,5574.0,3477.0,0.0,6216.0,6216.0,2427.0,1050.0,4298.0,1276.0
1.0,7692.0,3594.0,3519.0,322.0,9656.0,9656.0,2471.0,1048.0,2864.0,730.0
1.0,4420.0,1528.0,3483.0,6216.0,4824.0,4824.0,2453.0,1030.0,1026.0,502.0
1.0,9108.0,1477.0,3406.0,9656.0,0.0,0.0,2393.0,1013.0,644.0,833.0
1.0,17287.0,3455.0,3366.0,4824.0,0.0,0.0,2351.0,1015.0,2072.0,1383.0
1.0,18656.0,5509.0,3403.0,0.0,465.0,465.0,2370.0,1033.0,3901.0,1608.0
1.0,13147.0,5581.0,3482.0,0.0,6362.0,6362.0,2432.0,1050.0,4305.0,1276.0
1.0,7566.0,3588.0,3524.0,465.0,9653.0,9653.0,2476.0,1048.0,2856.0,732.0
1.0,4443.0,1521.0,3488.0,6362.0,4668.0,4668.0,2458.0,1030.0,1009.0,512.0
1.0,9284.0,1494.0,3413.0,9653.0,0.0,0.0,2398.0,1015.0,638.0,856.0
1.0,17443.0,3488.0,3375.0,4668.0,0.0,0.0,2357.0,1018.0,2082.0,1406.0
1.0,18623.0,5499.0,3412.0,0.0,524.0,524.0,2376.0,1036.0,3891.0,1608.0
1.0,13124.0,5575.0,3490.0,0.0,6411.0,6411.0,2438.0,1052.0,4313.0,1262.0
1.0,7549.0,3549.0,3531.0,524.0,9600.0,9600.0,2482.0,1049.0,2848.0,701.0
1.0,4524.0,1484.0,3495.0,6411.0,4529.0,4529.0,2464.0,1031.0,997.0,487.0
1.0,9451.0,1422.0,3419.0,9600.0,0.0,0.0,2403.0,1016.0,582.0,840.0
1.0,17629.0,3443.0,3379.0,4529.0,0.0,0.0,2360.0,1019.0,2036.0,1407.0
1.0,18715.0,5552.0,3418.0,0.0,509.0,509.0,2380.0,1038.0,3933.0,1619.0
1.0,13163.0,5600.0,3498.0,0.0,6429.0,6429.0,2444.0,1054.0,4332.0,1268.0
1.0,7563.0,3528.0,3540.0,509.0,9616.0,9616.0,2488.0,1052.0,2837.0,691.0
1.0,4544.0,1398.0,3501.0,6429.0,4429.0,4429.0,2468.0,1033.0,938.0,460.0
1.0,9575.0,1324.0,3423.0,9616.0,0.0,0.0,2405.0,1018.0,514.0,810.0
1.0,17867.0,3417.0,3383.0,4429.0,0.0,0.0,2362.0,1021.0,2014.0,1403.0
1.0,18879.0,5550.0,3423.0,0.0,363.0,363.0,2383.0,1040.0,3915.0,1635.0
1.0,13329.0,5590.0,3503.0,0.0,6273.0,6273.0,2446.0,1057.0,4312.0,1278.0
1.0,7739.0,3435.0,3542.0,363.0,9501.0,9501.0,2487.0,1055.0,2757.0,678.0
1.0,4667.0,1283.0,3502.0,6273.0,4351.0,4351.0,2466.0,1036.0,845.0,438.0
1.0,9657.0,1240.0,3423.0,9501.0,0.0,0.0,2402.0,1021.0,458.0,782.0
1.0,17918.0,3365.0,3382.0,4351.0,0.0,0.0,2359.0,1023.0,1980.0,1385.0
1.0,18904.0,5526.0,3422.0,0.0,310.0,310.0,2380.0,1042.0,3896.0,1630.0
1.0,13378.0,5596.0,3502.0,0.0,6226.0,6226.0,2444.0,1058.0,4318.0,1278.0
1.0,7782.0,3507.0,3543.0,310.0,9587.0,9587.0,2487.0,1056.0,2822.0,685.0
1.0,4585.0,1341.0,3504.0,6226.0,4546.0,4546.0,2466.0,1038.0,898.0,443.0
1.0,9470.0,1257.0,3425.0,9587.0,0.0,0.0,2402.0,1023.0,472.0,785.0
1.0,17800.0,3364.0,3387.0,4546.0,0.0,0.0,2360.0,1027.0,1986.0,1378.0
1.0,18982.0,5537.0,3426.0,0.0,259.0,259.0,2381.0,1045.0,3911.0,1626.0
1.0,13445.0,5629.0,3506.0,0.0,6208.0,6208.0,2445.0,1061.0,4340.0,1289.0
1.0,7816.0,3548.0,3548.0,259.0,9665.0,9665.0,2489.0,1059.0,2857.0,691.0
1.0,4527.0,1364.0,3511.0,6208.0,4673.0,4673.0,2470.0,1041.0,940.0,424.0
1.0,9371.0,1289.0,3432.0,9665.0,0.0,0.0,2407.0,1025.0,518.0,771.0
1.0,17747.0,3383.0,3393.0,4673.0,0.0,0.0,2365.0,1028.0,2020.0,1363.0
1.0,19037.0,5601.0,3433.0,0.0,296.0,296.0,2386.0,1047.0,3959.0,1642.0
1.0,13436.0,5684.0,3514.0,0.0,6304.0,6304.0,2452.0,1062.0,4381.0,1303.0
1.0,7752.0,3534.0,3556.0,296.0,9710.0,9710.0,2496.0,1060.0,2844.0,690.0
1.0,4514.0,1356.0,3517.0,6304.0,4606.0,4606.0,2475.0,1042.0,919.0,437.0
1.0,9462.0,1340.0,3439.0,9710.0,0.0,0.0,2412.0,1027.0,545.0,795.0
1.0,17832.0,3507.0,3399.0,4606.0,0.0,0.0,2370.0,1029.0,2105.0,1402.0
1.0,18931.0,5700.0,3441.0,0.0,533.0,533.0,2393.0,1048.0,4043.0,1657.0
1.0,13231.0,5737.0,3521.0,0.0,6590.0,6590.0,2458.0,1063.0,4428.0,1309.0
1.0,7494.0,3569.0,3562.0,533.0,9790.0,9790.0,2502.0,1060.0,2864.0,705.0
1.0,4458.0,1371.0,3525.0,6590.0,4423.0,4423.0,2482.0,1043.0,914.0,457.0
1.0,9677.0,1351.0,3445.0,9790.0,0.0,0.0,2418.0,1027.0,548.0,803.0
1.0,18116.0,3520.0,3406.0,4423.0,0.0,0.0,2376.0,1030.0,2131.0,1389.0
1.0,19019.0,5730.0,3447.0,0.0,499.0,499.0,2400.0,1047.0,4082.0,1648.0
1.0,13289.0,5746.0,3528.0,0.0,6569.0,6569.0,2465.0,1063.0,4445.0,1301.0
1.0,7543.0,3561.0,3568.0,499.0,9791.0,9791.0,2507.0,1061.0,2837.0,724.0
1.0,4481.0,1334.0,3527.0,6569.0,4392.0,4392.0,2484.0,1043.0,861.0,473.0
1.0,9716.0,1289.0,3446.0,9791.0,0.0,0.0,2418.0,1028.0,476.0,813.0
1.0,18218.0,3534.0,3407.0,4392.0,0.0,0.0,2377.0,1030.0,2132.0,1402.0
1.0,19076.0,5803.0,3450.0,0.0,527.0,527.0,2402.0,1048.0,4156.0,1647.0
1.0,13273.0,5792.0,3531.0,0.0,6643.0,6643.0,2468.0,1063.0,4486.0,1306.0
1.0,7481.0,3537.0,3571.0,527.0,9813.0,9813.0,2510.0,1061.0,2800.0,737.0
1.0,4471.0,1267.0,3528.0,6643.0,4265.0,4265.0,2485.0,1043.0,787.0,480.0
1.0,9847.0,1223.0,3445.0,9813.0,0.0,0.0,2418.0,1027.0,423.0,800.0
1.0,18437.0,3468.0,3406.0,4265.0,0.0,0.0,2376.0,1030.0,2095.0,1373.0
1.0,19234.0,5761.0,3448.0,0.0,319.0,319.0,2401.0,1047.0,4140.0,1621.0
1.0,13473.0,5792.0,3531.0,0.0,6443.0,6443.0,2468.0,1063.0,4479.0,1313.0
1.0,7681.0,3554.0,3571.0,319.0,9838.0,9838.0,2510.0,1061.0,2808.0,746.0
1.0,4446.0,1253.0,3530.0,6443.0,4484.0,4484.0,2486.0,1044.0,770.0,483.0
1.0,9636.0,1196.0,3446.0,9838.0,0.0,0.0,2418.0,1028.0,399.0,797.0
1.0,18278.0,3387.0,3403.0,4484.0,0.0,0.0,2374.0,1029.0,2039.0,1348.0
1.0,19375.0,5725.0,3445.0,0.0,130.0,130.0,2398.0,1047.0,4114.0,1611.0
1.0,13650.0,5819.0,3531.0,0.0,6293.0,6293.0,2467.0,1064.0,4501.0,1318.0
1.0,7831.0,3553.0,3573.0,130.0,9884.0,9884.0,2511.0,1062.0,2803.0,750.0
1.0,4408.0,1209.0,3531.0,6293.0,4632.0,4632.0,2486.0,1045.0,727.0,482.0
1.0,9492.0,1156.0,3446.0,9884.0,0.0,0.0,2418.0,1028.0,380.0,776.0
1.0,18220.0,3382.0,3404.0,4632.0,0.0,0.0,2375.0,1029.0,2047.0,1335.0
1.0,19470.0,5738.0,3448.0,0.0,60.0,60.0,2401.0,1047.0,4135.0,1603.0
1.0,13732.0,5812.0,3535.0,0.0,6220.0,6220.0,2471.0,1064.0,4480.0,1332.0
1.0,7920.0,3569.0,3580.0,60.0,9909.0,9909.0,2516.0,1064.0,2781.0,788.0
1.0,4411.0,1246.0,3539.0,6220.0,4771.0,4771.0,2492.0,1047.0,736.0,510.0
1.0,9385.0,1208.0,3456.0,9909.0,0.0,0.0,2425.0,1031.0,435.0,773.0
1.0,18086.0,3469.0,3416.0,4771.0,0.0,0.0,2384.0,1032.0,2159.0,1310.0
1.0,19388.0,5763.0,3459.0,0.0,211.0,211.0,2410.0,1049.0,4173.0,1590.0
1.0,13625.0,5810.0,3545.0,0.0,6365.0,6365.0,2479.0,1066.0,4472.0,1338.0
1.0,7815.0,3541.0,3589.0,211.0,9871.0,9871.0,2522.0,1067.0,2738.0,803.0
1.0,4485.0,1252.0,3548.0,6365.0,4594.0,4594.0,2498.0,1050.0,734.0,518.0
1.0,9598.0,1215.0,3465.0,9871.0,0.0,0.0,2431.0,1034.0,448.0,767.0
1.0,18254.0,3469.0,3424.0,4594.0,0.0,0.0,2390.0,1034.0,2173.0,1296.0
1.0,19379.0,5758.0,3466.0,0.0,243.0,243.0,2415.0,1051.0,4171.0,1587.0
1.0,13621.0,5808.0,3552.0,0.0,6395.0,6395.0,2483.0,1069.0,4464.0,1344.0
1.0,7813.0,3532.0,3595.0,243.0,9856.0,9856.0,2526.0,1069.0,2741.0,791.0
1.0,4524.0,1231.0,3553.0,6395.0,4524.0,4524.0,2501.0,1052.0,732.0,499.0
1.0,9688.0,1249.0,3470.0,9856.0,0.0,0.0,2434.0,1036.0,475.0,774.0
1.0,18295.0,3525.0,3428.0,4524.0,0.0,0.0,2392.0,1036.0,2198.0,1327.0
1.0,19294.0,5835.0,3472.0,0.0,429.0,429.0,2418.0,1054.0,4208.0,1627.0
1.0,13459.0,5824.0,3558.0,0.0,6597.0,6597.0,2486.0,1072.0,4455.0,1369.0
1.0,7635.0,3509.0,3599.0,429.0,9841.0,9841.0,2527.0,1072.0,2692.0,817.0
1.0,4555.0,1204.0,3555.0,6597.0,4272.0,4272.0,2500.0,1055.0,707.0,497.0
1.0,9948.0,1226.0,3470.0,9841.0,0.0,0.0,2432.0,1038.0,467.0,759.0
1.0,18563.0,3549.0,3427.0,4272.0,0.0,0.0,2389.0,1038.0,2216.0,1333.0
1.0,19286.0,5796.0,3470.0,0.0,390.0,390.0,2414.0,1056.0,4168.0,1628.0
1.0,13490.0,5777.0,3555.0,0.0,6507.0,6507.0,2482.0,1073.0,4414.0,1363.0
1.0,7713.0,3525.0,3597.0,390.0,9810.0,9810.0,2523.0,1074.0,2709.0,816.0
1.0,4578.0,1349.0,3555.0,6507.0,4484.0,4484.0,2498.0,1057.0,818.0,531.0
1.0,9736.0,1389.0,3472.0,9810.0,0.0,0.0,2431.0,1041.0,599.0,790.0
1.0,18157.0,3596.0,3430.0,4484.0,0.0,0.0,2389.0,1041.0,2267.0,1329.0
1.0,19045.0,5754.0,3472.0,0.0,597.0,597.0,2414.0,1058.0,4165.0,1589.0
1.0,13291.0,5721.0,3557.0,0.0,6658.0,6658.0,2482.0,1075.0,4377.0,1344.0
1.0,7570.0,3542.0,3600.0,597.0,9775.0,9775.0,2525.0,1075.0,2723.0,819.0
1.0,4625.0,1390.0,3559.0,6658.0,4343.0,4343.0,2501.0,1058.0,856.0,534.0
1.0,9893.0,1434.0,3475.0,9775.0,0.0,0.0,2434.0,1041.0,658.0,776.0
1.0,18234.0,3607.0,3432.0,4343.0,0.0,0.0,2391.0,1041.0,2295.0,1312.0
1.0,18970.0,5757.0,3476.0,0.0,691.0,691.0,2418.0,1058.0,4159.0,1598.0
1.0,13213.0,5725.0,3561.0,0.0,6756.0,6756.0,2486.0,1075.0,4373.0,1352.0
1.0,7488.0,3563.0,3606.0,691.0,9808.0,9808.0,2531.0,1075.0,2749.0,814.0
1.0,4616.0,1426.0,3567.0,6756.0,4322.0,4322.0,2508.0,1059.0,898.0,528.0
1.0,9946.0,1409.0,3483.0,9808.0,0.0,0.0,2441.0,1042.0,634.0,775.0
1.0,18345.0,3587.0,3441.0,4322.0,0.0,0.0,2398.0,1043.0,2269.0,1318.0
1.0,19080.0,5711.0,3482.0,0.0,559.0,559.0,2423.0,1059.0,4115.0,1596.0
1.0,13369.0,5682.0,3567.0,0.0,6581.0,6581.0,2492.0,1075.0,4352.0,1330.0
1.0,7687.0,3544.0,3613.0,559.0,9750.0,9750.0,2538.0,1075.0,2758.0,786.0
1.0,4702.0,1411.0,3575.0,6581.0,4428.0,4428.0,2516.0,1059.0,905.0,506.0
1.0,9872.0,1399.0,3492.0,9750.0,0.0,0.0,2449.0,1043.0,617.0,782.0
1.0,18223.0,3513.0,3447.0,4428.0,0.0,0.0,2404.0,1043.0,2189.0,1324.0
1.0,19138.0,5640.0,3487.0,0.0,450.0,450.0,2428.0,1059.0,4044.0,1596.0
1.0,13498.0,5670.0,3573.0,0.0,6464.0,6464.0,2498.0,1075.0,4345.0,1325.0
1.0,7828.0,3568.0,3620.0,450.0,9770.0,9770.0,2544.0,1076.0,2783.0,785.0
1.0,4710.0,1398.0,3581.0,6464.0,4548.0,4548.0,2521.0,1060.0,882.0,516.0
1.0,9776.0,1344.0,3497.0,9770.0,0.0,0.0,2453.0,1044.0,570.0,774.0
1.0,18202.0,3460.0,3451.0,4548.0,0.0,0.0,2408.0,1043.0,2154.0,1306.0
1.0,19290.0,5629.0,3491.0,0.0,303.0,303.0,2432.0,1059.0,4039.0,1590.0
1.0,13661.0,5624.0,3575.0,0.0,6263.0,6263.0,2500.0,1075.0,4282.0,1342.0
1.0,8037.0,3487.0,3619.0,303.0,9623.0,9623.0,2544.0,1075.0,2696.0,791.0
1.0,4853.0,1370.0,3579.0,6263.0,4570.0,4570.0,2519.0,1060.0,854.0,516.0
1.0,9746.0,1378.0,3494.0,9623.0,0.0,0.0,2450.0,1044.0,605.0,773.0
1.0,17991.0,3438.0,3448.0,4570.0,0.0,0.0,2405.0,1043.0,2139.0,1299.0
1.0,19123.0,5533.0,3487.0,0.0,358.0,358.0,2429.0,1058.0,3955.0,1578.0
1.0,13590.0,5589.0,3570.0,0.0,6279.0,6279.0,2496.0,1074.0,4254.0,1335.0
1.0,8001.0,3531.0,3615.0,358.0,9632.0,9632.0,2540.0,1075.0,2715.0,816.0
1.0,4828.0,1495.0,3578.0,6279.0,4700.0,4700.0,2517.0,1061.0,953.0,542.0
1.0,9612.0,1445.0,3494.0,9632.0,0.0,0.0,2449.0,1045.0,657.0,788.0
1.0,17799.0,3491.0,3450.0,4700.0,0.0,0.0,2405.0,1045.0,2165.0,1326.0
1.0,19008.0,5591.0,3489.0,0.0,539.0,539.0,2429.0,1060.0,3992.0,1599.0
1.0,13417.0,5654.0,3574.0,0.0,6533.0,6533.0,2498.0,1076.0,4324.0,1330.0
1.0,7763.0,3616.0,3620.0,539.0,9794.0,9794.0,2543.0,1077.0,2814.0,802.0
1.0,4686.0,1509.0,3581.0,6533.0,4614.0,4614.0,2519.0,1062.0,976.0,533.0
1.0,9710.0,1422.0,3496.0,9794.0,0.0,0.0,2451.0,1045.0,638.0,784.0
1.0,18082.0,3493.0,3452.0,4614.0,0.0,0.0,2407.0,1045.0,2156.0,1337.0
1.0,19203.0,5591.0,3491.0,0.0,352.0,352.0,2431.0,1060.0,3978.0,1613.0
1.0,13612.0,5671.0,3578.0,0.0,6371.0,6371.0,2501.0,1077.0,4315.0,1356.0
1.0,7941.0,3675.0,3624.0,352.0,9878.0,9878.0,2546.0,1078.0,2849.0,826.0
1.0,4618.0,1605.0,3587.0,6371.0,4964.0,4964.0,2524.0,1063.0,1056.0,549.0
1.0,9384.0,1563.0,3506.0,9878.0,0.0,0.0,2459.0,1047.0,757.0,806.0
1.0,17699.0,3598.0,3464.0,4964.0,0.0,0.0,2417.0,1047.0,2249.0,1349.0
1.0,19065.0,5639.0,3504.0,0.0,590.0,590.0,2442.0,1062.0,4018.0,1621.0
1.0,13426.0,5683.0,3588.0,0.0,6609.0,6609.0,2510.0,1078.0,4324.0,1359.0
1.0,7743.0,3679.0,3632.0,590.0,9874.0,9874.0,2553.0,1079.0,2858.0,821.0
1.0,4654.0,1614.0,3594.0,6609.0,4727.0,4727.0,2530.0,1064.0,1050.0,564.0
1.0,9649.0,1534.0,3513.0,9874.0,0.0,0.0,2463.0,1050.0,699.0,835.0
1.0,17989.0,3560.0,3471.0,4727.0,0.0,0.0,2421.0,1050.0,2190.0,1370.0
1.0,19156.0,5684.0,3513.0,0.0,580.0,580.0,2447.0,1066.0,4059.0,1625.0
1.0,13472.0,5780.0,3596.0,0.0,6692.0,6692.0,2515.0,1081.0,4419.0,1361.0
1.0,7692.0,3747.0,3641.0,580.0,10039.0,10039.0,2558.0,1083.0,2912.0,835.0
1.0,4525.0,1566.0,3602.0,6692.0,4757.0,4757.0,2534.0,1068.0,1011.0,555.0
1.0,9651.0,1425.0,3519.0,10039.0,0.0,0.0,2466.0,1053.0,627.0,798.0
1.0,18265.0,3452.0,3475.0,4757.0,0.0,0.0,2423.0,1052.0,2125.0,1327.0
1.0,19570.0,5652.0,3515.0,0.0,142.0,142.0,2447.0,1068.0,4021.0,1631.0
1.0,13918.0,5805.0,3599.0,0.0,6283.0,6283.0,2515.0,1084.0,4418.0,1387.0
1.0,8113.0,3709.0,3643.0,142.0,10026.0,10026.0,2558.0,1085.0,2879.0,830.0
1.0,4546.0,1439.0,3602.0,6283.0,5018.0,5018.0,2532.0,1070.0,927.0,512.0
1.0,9390.0,1265.0,3517.0,10026.0,0.0,0.0,2463.0,1054.0,505.0,760.0
1.0,18151.0,3408.0,3473.0,5018.0,0.0,0.0,2419.0,1054.0,2074.0,1334.0
1.0,19761.0,5708.0,3514.0,0.0,3.0,3.0,2444.0,1070.0,4068.0,1640.0
1.0,14053.0,5862.0,3600.0,0.0,6209.0,6209.0,2513.0,1087.0,4481.0,1381.0
1.0,8191.0,3706.0,3645.0,3.0,10092.0,10092.0,2557.0,1088.0,2901.0,805.0
1.0,4488.0,1402.0,3604.0,6209.0,5121.0,5121.0,2532.0,1072.0,900.0,502.0
1.0,9295.0,1214.0,3519.0,10092.0,0.0,0.0,2463.0,1056.0,455.0,759.0
1.0,18173.0,3370.0,3475.0,5121.0,0.0,0.0,2419.0,1056.0,2049.0,1321.0
1.0,19924.0,5693.0,3516.0,0.0,0.0,0.0,2444.0,1072.0,4076.0,1617.0
1.0,14231.0,5872.0,3602.0,0.0,6049.0,6049.0,2514.0,1088.0,4528.0,1344.0
1.0,8359.0,3736.0,3648.0,0.0,9969.0,9969.0,2560.0,1088.0,2954.0,782.0
1.0,4623.0,1387.0,3608.0,6049.0,5147.0,5147.0,2536.0,1072.0,905.0,482.0
1.0,9285.0,1175.0,3522.0,9969.0,0.0,0.0,2466.0,1056.0,406.0,769.0
1.0,18079.0,3319.0,3477.0,5147.0,0.0,0.0,2421.0,1056.0,1979.0,1340.0
1.0,19907.0,5673.0,3520.0,0.0,0.0,0.0,2448.0,1072.0,4055.0,1618.0
1.0,14234.0,5874.0,3607.0,0.0,6068.0,6068.0,2519.0,1088.0,4543.0,1331.0
1.0,8360.0,3708.0,3651.0,0.0,9952.0,9952.0,2564.0,1087.0,2945.0,763.0
1.0,4652.0,1400.0,3612.0,6068.0,5128.0,5128.0,2540.0,1072.0,906.0,494.0
1.0,9320.0,1228.0,3529.0,9952.0,0.0,0.0,2472.0,1057.0,451.0,777.0
1.0,18044.0,3391.0,3487.0,5128.0,0.0,0.0,2430.0,1057.0,2041.0,1350.0
1.0,19781.0,5695.0,3528.0,0.0,26.0,26.0,2456.0,1072.0,4081.0,1614.0
1.0,14086.0,5838.0,3612.0,0.0,6200.0,6200.0,2525.0,1087.0,4526.0,1312.0
1.0,8248.0,3723.0,3656.0,26.0,10073.0,10073.0,2569.0,1087.0,2948.0,775.0
1.0,4551.0,1447.0,3616.0,6200.0,5160.0,5160.0,2545.0,1071.0,917.0,530.0
1.0,9304.0,1292.0,3534.0,10073.0,0.0,0.0,2477.0,1057.0,468.0,824.0
1.0,18085.0,3384.0,3490.0,5160.0,0.0,0.0,2433.0,1057.0,2018.0,1366.0
1.0,19861.0,5683.0,3530.0,0.0,0.0,0.0,2457.0,1073.0,4078.0,1605.0
1.0,14178.0,5895.0,3614.0,0.0,6173.0,6173.0,2526.0,1088.0,4578.0,1317.0
1.0,8283.0,3817.0,3660.0,0.0,10174.0,10174.0,2572.0,1088.0,3027.0,790.0
1.0,4466.0,1532.0,3623.0,6173.0,5385.0,5385.0,2550.0,1073.0,975.0,557.0
1.0,9107.0,1314.0,3540.0,10174.0,0.0,0.0,2482.0,1058.0,457.0,857.0
1.0,17967.0,3441.0,3497.0,5385.0,0.0,0.0,2438.0,1059.0,2037.0,1404.0
1.0,19911.0,5744.0,3537.0,0.0,0.0,0.0,2462.0,1075.0,4116.0,1628.0
1.0,14167.0,5924.0,3620.0,0.0,6237.0,6237.0,2531.0,1089.0,4612.0,1312.0
1.0,8243.0,3801.0,3663.0,0.0,10210.0,10210.0,2574.0,1089.0,3022.0,779.0
1.0,4442.0,1503.0,3623.0,6237.0,5316.0,5316.0,2549.0,1074.0,941.0,562.0
1.0,9176.0,1336.0,3540.0,10210.0,0.0,0.0,2481.0,1059.0,460.0,876.0
1.0,18050.0,3452.0,3497.0,5316.0,0.0,0.0,2437.0,1060.0,2047.0,1405.0
1.0,19914.0,5744.0,3537.0,0.0,0.0,0.0,2461.0,1076.0,4115.0,1629.0
1.0,14170.0,5886.0,3619.0,0.0,6192.0,6192.0,2529.0,1090.0,4571.0,1315.0
1.0,8284.0,3785.0,3662.0,0.0,10149.0,10149.0,2573.0,1089.0,3004.0,781.0
1.0,4499.0,1540.0,3624.0,6192.0,5345.0,5345.0,2550.0,1074.0,974.0,566.0
1.0,9151.0,1430.0,3542.0,10149.0,0.0,0.0,2482.0,1060.0,522.0,908.0
1.0,17870.0,3507.0,3498.0,5345.0,0.0,0.0,2436.0,1062.0,2054.0,1453.0
1.0,19708.0,5723.0,3536.0,0.0,159.0,159.0,2459.0,1077.0,4079.0,1644.0
1.0,13985.0,5891.0,3619.0,0.0,6382.0,6382.0,2527.0,1092.0,4575.0,1316.0
1.0,8094.0,3807.0,3665.0,159.0,10214.0,10214.0,2573.0,1092.0,3026.0,781.0
1.0,4446.0,1549.0,3629.0,6382.0,5237.0,5237.0,2552.0,1077.0,987.0,562.0
1.0,9279.0,1396.0,3547.0,10214.0,0.0,0.0,2484.0,1063.0,504.0,892.0
1.0,18097.0,3476.0,3502.0,5237.0,0.0,0.0,2439.0,1063.0,2056.0,1420.0
1.0,19858.0,5745.0,3541.0,0.0,51.0,51.0,2462.0,1079.0,4117.0,1628.0
1.0,14113.0,5931.0,3627.0,0.0,6326.0,6326.0,2533.0,1094.0,4619.0,1312.0
1.0,8182.0,3853.0,3677.0,51.0,10328.0,10328.0,2583.0,1094.0,3071.0,782.0
1.0,4380.0,1574.0,3642.0,6326.0,5436.0,5436.0,2562.0,1080.0,1012.0,562.0
1.0,9132.0,1370.0,3558.0,10328.0,0.0,0.0,2493.0,1065.0,483.0,887.0
1.0,18090.0,3416.0,3512.0,5436.0,0.0,0.0,2446.0,1066.0,2008.0,1408.0
1.0,20110.0,5672.0,3549.0,0.0,0.0,0.0,2468.0,1081.0,4050.0,1622.0
1.0,14438.0,5891.0,3636.0,0.0,5997.0,5997.0,2539.0,1097.0,4594.0,1297.0
1.0,8547.0,3830.0,3686.0,0.0,10027.0,10027.0,2589.0,1097.0,3063.0,767.0
1.0,4717.0,1565.0,3651.0,5997.0,5455.0,5455.0,2569.0,1082.0,1016.0,549.0
1.0,9149.0,1368.0,3568.0,10027.0,0.0,0.0,2500.0,1068.0,499.0,869.0
1.0,17808.0,3403.0,3521.0,5455.0,0.0,0.0,2452.0,1069.0,2005.0,1398.0
1.0,19860.0,5611.0,3556.0,0.0,0.0,0.0,2472.0,1084.0,4008.0,1603.0
1.0,14249.0,5806.0,3642.0,0.0,6125.0,6125.0,2542.0,1100.0,4528.0,1278.0
1.0,8443.0,3776.0,3691.0,0.0,10097.0,10097.0,2592.0,1099.0,3031.0,745.0
1.0,4667.0,1572.0,3658.0,6125.0,5412.0,5412.0,2574.0,1084.0,1029.0,543.0
1.0,9220.0,1359.0,3575.0,10097.0,0.0,0.0,2505.0,1070.0,486.0,873.0
1.0,17958.0,3372.0,3527.0,5412.0,0.0,0.0,2456.0,1071.0,1967.0,1405.0
1.0,19998.0,5554.0,3562.0,0.0,0.0,0.0,2475.0,1087.0,3955.0,1599.0
1.0,14444.0,5767.0,3646.0,0.0,5907.0,5907.0,2544.0,1102.0,4494.0,1273.0
1.0,8677.0,3769.0,3695.0,0.0,9872.0,9872.0,2594.0,1101.0,3033.0,736.0
1.0,4908.0,1563.0,3660.0,5907.0,5388.0,5388.0,2575.0,1085.0,1042.0,521.0
1.0,9252.0,1355.0,3577.0,9872.0,0.0,0.0,2506.0,1071.0,490.0,865.0
1.0,17769.0,3367.0,3529.0,5388.0,0.0,0.0,2456.0,1073.0,1949.0,1418.0
1.0,19790.0,5569.0,3564.0,0.0,35.0,35.0,2475.0,1089.0,3947.0,1622.0
1.0,14221.0,5761.0,3648.0,0.0,6132.0,6132.0,2544.0,1104.0,4480.0,1281.0
1.0,8460.0,3727.0,3695.0,35.0,10012.0,10012.0,2593.0,1102.0,3009.0,718.0
1.0,4768.0,1538.0,3659.0,6132.0,5274.0,5274.0,2574.0,1085.0,1028.0,510.0
1.0,9362.0,1377.0,3576.0,10012.0,0.0,0.0,2505.0,1071.0,513.0,864.0
1.0,17997.0,3449.0,3529.0,5274.0,0.0,0.0,2456.0,1073.0,2029.0,1420.0
1.0,19822.0,5681.0,3565.0,0.0,119.0,119.0,2476.0,1089.0,4037.0,1644.0
1.0,14141.0,5837.0,3648.0,0.0,6288.0,6288.0,2544.0,1104.0,4535.0,1302.0
1.0,8304.0,3774.0,3695.0,119.0,10131.0,10131.0,2594.0,1101.0,3043.0,731.0
1.0,4649.0,1570.0,3659.0,6288.0,5269.0,5269.0,2575.0,1084.0,1059.0,511.0
1.0,9367.0,1427.0,3576.0,10131.0,0.0,0.0,2506.0,1070.0,555.0,872.0
1.0,18071.0,3498.0,3529.0,5269.0,0.0,0.0,2457.0,1072.0,2044.0,1454.0
1.0,19842.0,5750.0,3566.0,0.0,172.0,172.0,2477.0,1089.0,4077.0,1673.0
1.0,14092.0,5894.0,3652.0,0.0,6410.0,6410.0,2548.0,1104.0,4597.0,1297.0
1.0,8198.0,3798.0,3698.0,172.0,10220.0,10220.0,2598.0,1100.0,3090.0,708.0
1.0,4572.0,1576.0,3662.0,6410.0,5242.0,5242.0,2579.0,1083.0,1055.0,521.0
1.0,9406.0,1481.0,3581.0,10220.0,0.0,0.0,2511.0,1070.0,573.0,908.0
1.0,18145.0,3611.0,3537.0,5242.0,0.0,0.0,2464.0,1073.0,2127.0,1484.0
1.0,19776.0,5804.0,3576.0,0.0,332.0,332.0,2486.0,1090.0,4128.0,1676.0
1.0,13972.0,5877.0,3659.0,0.0,6541.0,6541.0,2555.0,1104.0,4579.0,1298.0
1.0,8095.0,3758.0,3703.0,332.0,10143.0,10143.0,2603.0,1100.0,3044.0,714.0
1.0,4669.0,1617.0,3667.0,6541.0,5075.0,5075.0,2585.0,1082.0,1100.0,517.0
1.0,9593.0,1540.0,3587.0,10143.0,0.0,0.0,2519.0,1068.0,635.0,905.0
1.0,18196.0,3693.0,3545.0,5075.0,0.0,0.0,2473.0,1072.0,2183.0,1510.0
1.0,19578.0,5853.0,3584.0,0.0,611.0,611.0,2494.0,1090.0,4145.0,1708.0
1.0,13725.0,5826.0,3667.0,0.0,6769.0,6769.0,2563.0,1104.0,4536.0,1290.0
1.0,7899.0,3649.0,3710.0,611.0,9979.0,9979.0,2610.0,1100.0,2961.0,688.0
1.0,4861.0,1540.0,3672.0,6769.0,4598.0,4598.0,2590.0,1082.0,1020.0,520.0
1.0,10090.0,1551.0,3591.0,9979.0,0.0,0.0,2522.0,1069.0,606.0,945.0
1.0,18518.0,3681.0,3549.0,4598.0,0.0,0.0,2475.0,1074.0,2150.0,1531.0
1.0,19435.0,5792.0,3586.0,0.0,701.0,701.0,2495.0,1091.0,4113.0,1679.0
1.0,13643.0,5741.0,3666.0,0.0,6762.0,6762.0,2562.0,1104.0,4494.0,1247.0
1.0,7902.0,3594.0,3709.0,701.0,9827.0,9827.0,2609.0,1100.0,2929.0,665.0
1.0,5009.0,1455.0,3671.0,6762.0,4368.0,4368.0,2589.0,1082.0,951.0,504.0
1.0,10316.0,1500.0,3591.0,9827.0,0.0,0.0,2522.0,1069.0,573.0,927.0
1.0,18643.0,3672.0,3548.0,4368.0,0.0,0.0,2475.0,1073.0,2139.0,1533.0
1.0,19339.0,5782.0,3585.0,0.0,783.0,783.0,2494.0,1091.0,4097.0,1685.0
1.0,13557.0,5742.0,3665.0,0.0,6845.0,6845.0,2561.0,1104.0,4499.0,1243.0
1.0,7815.0,3581.0,3708.0,783.0,9815.0,9815.0,2608.0,1100.0,2930.0,651.0
1.0,5017.0,1435.0,3671.0,6845.0,4257.0,4257.0,2588.0,1083.0,933.0,502.0
1.0,10427.0,1461.0,3590.0,9815.0,0.0,0.0,2520.0,1070.0,510.0,951.0
1.0,18781.0,3613.0,3549.0,4257.0,0.0,0.0,2473.0,1076.0,2072.0,1541.0
1.0,19425.0,5754.0,3587.0,0.0,677.0,677.0,2493.0,1094.0,4067.0,1687.0
1.0,13671.0,5759.0,3667.0,0.0,6756.0,6756.0,2560.0,1107.0,4524.0,1235.0
1.0,7912.0,3614.0,3710.0,677.0,9865.0,9865.0,2608.0,1102.0,2985.0,629.0
1.0,4975.0,1436.0,3674.0,6756.0,4401.0,4401.0,2589.0,1085.0,953.0,483.0
1.0,10295.0,1464.0,3595.0,9865.0,0.0,0.0,2523.0,1072.0,517.0,947.0
1.0,18696.0,3622.0,3553.0,4401.0,0.0,0.0,2476.0,1077.0,2067.0,1555.0
1.0,19475.0,5747.0,3592.0,0.0,640.0,640.0,2496.0,1096.0,4051.0,1696.0
1.0,13728.0,5758.0,3672.0,0.0,6718.0,6718.0,2562.0,1110.0,4518.0,1240.0
1.0,7970.0,3647.0,3716.0,640.0,9901.0,9901.0,2611.0,1105.0,3026.0,621.0
1.0,4963.0,1533.0,3681.0,6718.0,4576.0,4576.0,2594.0,1087.0,1056.0,477.0
1.0,10148.0,1487.0,3602.0,9901.0,0.0,0.0,2528.0,1074.0,536.0,951.0
1.0,18562.0,3614.0,3561.0,4576.0,0.0,0.0,2482.0,1079.0,2049.0,1565.0
1.0,19524.0,5754.0,3600.0,0.0,630.0,630.0,2502.0,1098.0,4057.0,1697.0
1.0,13770.0,5795.0,3682.0,0.0,6753.0,6753.0,2570.0,1112.0,4572.0,1223.0
1.0,7975.0,3716.0,3727.0,630.0,10019.0,10019.0,2620.0,1107.0,3098.0,618.0
1.0,4889.0,1632.0,3692.0,6753.0,4758.0,4758.0,2602.0,1090.0,1133.0,499.0
1.0,10010.0,1594.0,3614.0,10019.0,0.0,0.0,2537.0,1077.0,612.0,982.0
1.0,18435.0,3639.0,3571.0,4758.0,0.0,0.0,2489.0,1082.0,2062.0,1577.0
1.0,19554.0,5723.0,3609.0,0.0,605.0,605.0,2508.0,1101.0,4034.0,1689.0
1.0,13831.0,5786.0,3690.0,0.0,6715.0,6715.0,2576.0,1114.0,4574.0,1212.0
1.0,8045.0,3717.0,3734.0,605.0,10003.0,10003.0,2625.0,1109.0,3104.0,613.0
1.0,4933.0,1603.0,3698.0,6715.0,4747.0,4747.0,2607.0,1091.0,1107.0,496.0
1.0,10045.0,1548.0,3617.0,10003.0,0.0,0.0,2539.0,1078.0,555.0,993.0
1.0,18500.0,3669.0,3573.0,4747.0,0.0,0.0,2490.0,1083.0,2068.0,1601.0
1.0,19578.0,5826.0,3613.0,0.0,700.0,700.0,2510.0,1103.0,4106.0,1720.0
1.0,13752.0,5849.0,3695.0,0.0,6877.0,6877.0,2579.0,1116.0,4627.0,1222.0
1.0,7903.0,3742.0,3739.0,700.0,10095.0,10095.0,2628.0,1111.0,3133.0,609.0
1.0,4861.0,1562.0,3699.0,6877.0,4620.0,4620.0,2608.0,1091.0,1083.0,479.0
1.0,10176.0,1517.0,3617.0,10095.0,0.0,0.0,2539.0,1078.0,542.0,975.0
1.0,18754.0,3672.0,3574.0,4620.0,0.0,0.0,2490.0,1084.0,2062.0,1610.0
1.0,19702.0,5855.0,3615.0,0.0,613.0,613.0,2511.0,1104.0,4100.0,1755.0
1.0,13847.0,5883.0,3697.0,0.0,6824.0,6824.0,2579.0,1118.0,4641.0,1242.0
1.0,7964.0,3750.0,3739.0,613.0,10129.0,10129.0,2627.0,1112.0,3143.0,607.0
1.0,4827.0,1551.0,3698.0,6824.0,4692.0,4692.0,2606.0,1092.0,1078.0,473.0
1.0,10100.0,1490.0,3614.0,10129.0,0.0,0.0,2536.0,1078.0,518.0,972.0
1.0,18739.0,3639.0,3572.0,4692.0,0.0,0.0,2488.0,1084.0,2031.0,1608.0
1.0,19792.0,5822.0,3613.0,0.0,482.0,482.0,2509.0,1104.0,4084.0,1738.0
1.0,13970.0,5836.0,3696.0,0.0,6650.0,6650.0,2578.0,1118.0,4610.0,1226.0
1.0,8134.0,3707.0,3738.0,482.0,10043.0,10043.0,2627.0,1111.0,3110.0,597.0
1.0,4909.0,1543.0,3697.0,6650.0,4772.0,4772.0,2606.0,1091.0,1071.0,472.0
1.0,10016.0,1508.0,3614.0,10043.0,0.0,0.0,2537.0,1077.0,531.0,977.0
1.0,18551.0,3633.0,3574.0,4772.0,0.0,0.0,2490.0,1084.0,2034.0,1599.0
1.0,19690.0,5796.0,3616.0,0.0,570.0,570.0,2511.0,1105.0,4063.0,1733.0
1.0,13894.0,5823.0,3700.0,0.0,6729.0,6729.0,2582.0,1118.0,4601.0,1222.0
1.0,8071.0,3655.0,3742.0,570.0,9982.0,9982.0,2630.0,1112.0,3076.0,579.0
1.0,4986.0,1520.0,3700.0,6729.0,4605.0,4605.0,2609.0,1091.0,1078.0,442.0
1.0,10195.0,1538.0,3619.0,9982.0,0.0,0.0,2542.0,1077.0,581.0,957.0
1.0,18639.0,3670.0,3579.0,4605.0,0.0,0.0,2495.0,1084.0,2063.0,1607.0
1.0,19574.0,5786.0,3621.0,0.0,696.0,696.0,2516.0,1105.0,4047.0,1739.0
1.0,13788.0,5792.0,3704.0,0.0,6820.0,6820.0,2586.0,1118.0,4568.0,1224.0
1.0,7996.0,3688.0,3748.0,696.0,9988.0,9988.0,2636.0,1112.0,3095.0,593.0
1.0,5004.0,1565.0,3708.0,6820.0,4573.0,4573.0,2617.0,1091.0,1105.0,460.0
1.0,10259.0,1508.0,3627.0,9988.0,0.0,0.0,2550.0,1077.0,545.0,963.0
1.0,18739.0,3581.0,3585.0,4573.0,0.0,0.0,2501.0,1084.0,1990.0,1591.0
1.0,19731.0,5737.0,3626.0,0.0,510.0,510.0,2521.0,1105.0,4015.0,1722.0
1.0,13994.0,5842.0,3710.0,0.0,6688.0,6688.0,2591.0,1119.0,4594.0,1248.0
1.0,8152.0,3811.0,3755.0,510.0,10169.0,10169.0,2642.0,1113.0,3178.0,633.0
1.0,4851.0,1619.0,3717.0,6688.0,4948.0,4948.0,2624.0,1093.0,1136.0,483.0
1.0,9920.0,1473.0,3634.0,10169.0,0.0,0.0,2556.0,1078.0,528.0,945.0
1.0,18616.0,3490.0,3591.0,4948.0,0.0,0.0,2506.0,1085.0,1921.0,1569.0
1.0,20074.0,5633.0,3629.0,0.0,75.0,75.0,2523.0,1106.0,3909.0,1724.0
1.0,14441.0,5797.0,3711.0,0.0,6200.0,6200.0,2590.0,1121.0,4530.0,1267.0
1.0,8644.0,3810.0,3756.0,75.0,10115.0,10115.0,2641.0,1115.0,3160.0,650.0
1.0,4909.0,1642.0,3718.0,6200.0,5405.0,5405.0,2624.0,1094.0,1161.0,481.0
1.0,9467.0,1489.0,3636.0,10115.0,0.0,0.0,2556.0,1080.0,558.0,931.0
1.0,18093.0,3502.0,3592.0,5405.0,0.0,0.0,2506.0,1086.0,1949.0,1553.0
1.0,19996.0,5678.0,3630.0,0.0,202.0,202.0,2522.0,1108.0,3946.0,1732.0
1.0,14318.0,5861.0,3711.0,0.0,6387.0,6387.0,2588.0,1123.0,4580.0,1281.0
1.0,8457.0,3868.0,3755.0,202.0,10229.0,10229.0,2638.0,1117.0,3199.0,669.0
1.0,4791.0,1666.0,3717.0,6387.0,5356.0,5356.0,2621.0,1096.0,1164.0,502.0
1.0,9512.0,1500.0,3636.0,10229.0,0.0,0.0,2554.0,1082.0,558.0,942.0
1.0,18241.0,3541.0,3592.0,5356.0,0.0,0.0,2504.0,1088.0,1985.0,1556.0
1.0,20056.0,5735.0,3632.0,0.0,207.0,207.0,2522.0,1110.0,4002.0,1733.0
1.0,14321.0,5928.0,3714.0,0.0,6463.0,6463.0,2589.0,1125.0,4624.0,1304.0
1.0,8393.0,3926.0,3760.0,207.0,10366.0,10366.0,2641.0,1119.0,3233.0,693.0
2.0,0.0,1304.0,1304.0,0.0,5216.0,5216.0,948.0,356.0,948.0,356.0
2.0,0.0,1320.0,1312.0,0.0,5248.0,5248.0,958.0,354.0,968.0,352.0
2.0,0.0,1388.0,1338.0,5216.0,4148.0,4148.0,975.0,363.0,1008.0,380.0
2.0,1204.0,1376.0,1347.0,5248.0,312.0,312.0,978.0,369.0,988.0,388.0
2.0,5076.0,0.0,1077.0,4148.0,0.0,0.0,782.0,295.0,0.0,0.0
2.0,9224.0,0.0,898.0,312.0,0.0,0.0,652.0,246.0,0.0,0.0
2.0,9536.0,0.0,770.0,0.0,0.0,0.0,559.0,211.0,0.0,0.0
2.0,9536.0,0.0,673.0,0.0,0.0,0.0,489.0,184.0,0.0,0.0
2.0,9536.0,0.0,599.0,0.0,0.0,0.0,435.0,164.0,0.0,0.0
2.0,9536.0,0.0,539.0,0.0,0.0,0.0,391.0,148.0,0.0,0.0
2.0,9536.0,149.0,504.0,0.0,0.0,0.0,362.0,142.0,68.0,81.0
2.0,9387.0,537.0,506.0,0.0,0.0,0.0,359.0,147.0,333.0,204.0
2.0,8850.0,755.0,526.0,0.0,0.0,0.0,370.0,156.0,493.0,262.0
2.0,8095.0,646.0,534.0,0.0,0.0,0.0,377.0,157.0,468.0,178.0
2.0,7449.0,260.0,516.0,0.0,0.0,0.0,366.0,150.0,210.0,50.0
2.0,7189.0,41.0,486.0,0.0,0.0,0.0,345.0,141.0,41.0,0.0
2.0,7148.0,156.0,467.0,0.0,0.0,0.0,330.0,137.0,81.0,75.0
2.0,6992.0,483.0,468.0,0.0,0.0,0.0,328.0,140.0,290.0,193.0
2.0,6509.0,719.0,481.0,0.0,0.0,0.0,335.0,146.0,466.0,253.0
2.0,5790.0,610.0,488.0,0.0,0.0,0.0,340.0,148.0,431.0,179.0
2.0,5180.0,264.0,477.0,0.0,0.0,0.0,334.0,143.0,215.0,49.0
2.0,4916.0,2.0,455.0,0.0,0.0,0.0,319.0,136.0,0.0,2.0
2.0,4914.0,84.0,439.0,0.0,0.0,0.0,306.0,133.0,29.0,55.0
2.0,4830.0,428.0,438.0,0.0,0.0,0.0,304.0,134.0,263.0,165.0
2.0,4402.0,691.0,449.0,0.0,0.0,0.0,311.0,138.0,475.0,216.0
2.0,3711.0,605.0,454.0,0.0,0.0,0.0,316.0,138.0,442.0,163.0
2.0,3106.0,245.0,446.0,0.0,0.0,0.0,311.0,135.0,188.0,57.0
2.0,2861.0,5.0,431.0,0.0,0.0,0.0,300.0,131.0,0.0,5.0
2.0,2856.0,100.0,419.0,0.0,0.0,0.0,291.0,128.0,38.0,62.0
2.0,2756.0,421.0,419.0,0.0,0.0,0.0,290.0,129.0,272.0,149.0
2.0,2335.0,653.0,427.0,0.0,26.0,26.0,296.0,131.0,460.0,193.0
2.0,1682.0,541.0,431.0,0.0,583.0,583.0,299.0,132.0,397.0,144.0
2.0,1141.0,200.0,424.0,26.0,729.0,729.0,295.0,129.0,158.0,42.0
2.0,967.0,0.0,411.0,583.0,94.0,94.0,286.0,125.0,0.0,0.0
2.0,1550.0,112.0,402.0,729.0,0.0,0.0,279.0,123.0,50.0,62.0
2.0,2167.0,403.0,402.0,94.0,0.0,0.0,278.0,124.0,243.0,160.0
2.0,1858.0,593.0,408.0,0.0,367.0,367.0,282.0,126.0,403.0,190.0
2.0,1265.0,442.0,409.0,0.0,813.0,813.0,283.0,126.0,325.0,117.0
2.0,823.0,156.0,402.0,367.0,574.0,574.0,279.0,123.0,126.0,30.0
2.0,1034.0,38.0,393.0,813.0,0.0,0.0,273.0,120.0,30.0,8.0
2.0,1809.0,206.0,389.0,574.0,0.0,0.0,269.0,120.0,122.0,84.0
2.0,2177.0,482.0,391.0,0.0,0.0,0.0,270.0,121.0,316.0,166.0
2.0,1695.0,662.0,397.0,0.0,555.0,555.0,275.0,122.0,470.0,192.0
2.0,1033.0,514.0,399.0,0.0,1077.0,1077.0,277.0,122.0,388.0,126.0
2.0,519.0,179.0,394.0,555.0,681.0,681.0,274.0,120.0,147.0,32.0
2.0,895.0,6.0,386.0,1077.0,0.0,0.0,268.0,118.0,0.0,6.0
2.0,1966.0,180.0,382.0,681.0,0.0,0.0,265.0,117.0,104.0,76.0
2.0,2467.0,533.0,386.0,0.0,0.0,0.0,267.0,119.0,345.0,188.0
2.0,1934.0,699.0,392.0,0.0,333.0,333.0,271.0,121.0,481.0,218.0
2.0,1235.0,525.0,395.0,0.0,870.0,870.0,274.0,121.0,401.0,124.0
2.0,710.0,185.0,390.0,333.0,702.0,702.0,272.0,118.0,185.0,0.0
2.0,858.0,25.0,383.0,870.0,0.0,0.0,267.0,116.0,25.0,0.0
2.0,1703.0,217.0,362.0,702.0,0.0,0.0,251.0,111.0,121.0,96.0
2.0,2188.0,579.0,348.0,0.0,0.0,0.0,240.0,108.0,367.0,212.0
2.0,1609.0,756.0,336.0,0.0,491.0,491.0,230.0,106.0,514.0,242.0
2.0,853.0,585.0,321.0,0.0,1016.0,1016.0,220.0,101.0,438.0,147.0
2.0,268.0,242.0,325.0,491.0,783.0,783.0,224.0,101.0,223.0,19.0
2.0,517.0,78.0,326.0,1016.0,0.0,0.0,225.0,101.0,78.0,0.0
2.0,1455.0,250.0,331.0,783.0,0.0,0.0,228.0,103.0,143.0,107.0
2.0,1988.0,560.0,343.0,0.0,0.0,0.0,235.0,108.0,338.0,222.0
2.0,1428.0,710.0,356.0,0.0,706.0,706.0,243.0,113.0,457.0,253.0
2.0,718.0,557.0,367.0,0.0,1307.0,1307.0,252.0,115.0,427.0,130.0
2.0,161.0,241.0,369.0,706.0,850.0,850.0,255.0,114.0,241.0,0.0
2.0,626.0,88.0,360.0,1307.0,0.0,0.0,250.0,110.0,88.0,0.0
2.0,1845.0,250.0,351.0,850.0,0.0,0.0,244.0,107.0,146.0,104.0
2.0,2445.0,586.0,349.0,0.0,0.0,0.0,241.0,108.0,355.0,231.0
2.0,1859.0,747.0,358.0,0.0,320.0,320.0,247.0,111.0,502.0,245.0
2.0,1112.0,583.0,369.0,0.0,947.0,947.0,255.0,114.0,442.0,141.0
2.0,529.0,255.0,371.0,320.0,890.0,890.0,258.0,113.0,239.0,16.0
2.0,594.0,81.0,363.0,947.0,0.0,0.0,254.0,109.0,80.0,1.0
2.0,1460.0,221.0,353.0,890.0,0.0,0.0,247.0,106.0,127.0,94.0
2.0,2129.0,571.0,353.0,0.0,0.0,0.0,246.0,107.0,352.0,219.0
2.0,1558.0,766.0,363.0,0.0,660.0,660.0,252.0,111.0,518.0,248.0
2.0,792.0,605.0,374.0,0.0,1309.0,1309.0,260.0,114.0,456.0,149.0
2.0,187.0,204.0,376.0,660.0,861.0,861.0,263.0,113.0,189.0,15.0
2.0,643.0,11.0,369.0,1309.0,0.0,0.0,259.0,110.0,11.0,0.0
2.0,1941.0,197.0,358.0,861.0,0.0,0.0,251.0,107.0,103.0,94.0
2.0,2605.0,546.0,357.0,0.0,0.0,0.0,249.0,108.0,340.0,206.0
2.0,2059.0,743.0,367.0,0.0,152.0,152.0,256.0,111.0,520.0,223.0
2.0,1316.0,557.0,377.0,0.0,749.0,749.0,264.0,113.0,448.0,109.0
2.0,759.0,204.0,380.0,152.0,813.0,813.0,268.0,112.0,204.0,0.0
2.0,707.0,13.0,372.0,749.0,45.0,45.0,263.0,109.0,13.0,0.0
2.0,1443.0,124.0,361.0,813.0,0.0,0.0,254.0,107.0,38.0,86.0
2.0,2132.0,466.0,360.0,45.0,0.0,0.0,252.0,108.0,274.0,192.0
2.0,1711.0,716.0,370.0,0.0,485.0,485.0,259.0,111.0,509.0,207.0
2.0,995.0,589.0,382.0,0.0,1122.0,1122.0,268.0,114.0,474.0,115.0
2.0,406.0,246.0,384.0,485.0,891.0,891.0,272.0,112.0,242.0,4.0
2.0,645.0,22.0,376.0,1122.0,0.0,0.0,267.0,109.0,22.0,0.0
2.0,1745.0,99.0,367.0,891.0,0.0,0.0,260.0,107.0,25.0,74.0
2.0,2537.0,452.0,367.0,0.0,0.0,0.0,259.0,108.0,273.0,179.0
2.0,2085.0,724.0,378.0,0.0,151.0,151.0,267.0,111.0,527.0,197.0
2.0,1361.0,659.0,390.0,0.0,858.0,858.0,276.0,114.0,519.0,140.0
2.0,702.0,318.0,392.0,151.0,1033.0,1033.0,279.0,113.0,269.0,49.0
2.0,535.0,14.0,383.0,858.0,153.0,153.0,273.0,110.0,0.0,14.0
2.0,1379.0,73.0,372.0,1033.0,0.0,0.0,264.0,108.0,3.0,70.0
2.0,2339.0,424.0,371.0,153.0,0.0,0.0,262.0,109.0,269.0,155.0
2.0,2068.0,740.0,382.0,0.0,200.0,200.0,270.0,112.0,552.0,188.0
2.0,1328.0,720.0,395.0,0.0,972.0,972.0,280.0,115.0,564.0,156.0
2.0,608.0,350.0,399.0,200.0,1138.0,1138.0,284.0,115.0,272.0,78.0
2.0,458.0,29.0,388.0,972.0,151.0,151.0,277.0,111.0,8.0,21.0
2.0,1401.0,57.0,376.0,1138.0,0.0,0.0,268.0,108.0,0.0,57.0
2.0,2482.0,435.0,374.0,151.0,0.0,0.0,265.0,109.0,268.0,167.0
2.0,2198.0,807.0,387.0,0.0,157.0,157.0,273.0,114.0,577.0,230.0
2.0,1391.0,754.0,400.0,0.0,963.0,963.0,283.0,117.0,557.0,197.0
2.0,637.0,341.0,403.0,157.0,1159.0,1159.0,286.0,117.0,256.0,85.0
2.0,453.0,21.0,392.0,963.0,173.0,173.0,279.0,113.0,12.0,9.0
2.0,1395.0,139.0,381.0,1159.0,0.0,0.0,271.0,110.0,79.0,60.0
2.0,2415.0,515.0,379.0,173.0,0.0,0.0,268.0,111.0,323.0,192.0
2.0,2073.0,798.0,390.0,0.0,285.0,285.0,274.0,116.0,519.0,279.0
2.0,1275.0,717.0,402.0,0.0,1050.0,1050.0,282.0,120.0,488.0,229.0
2.0,558.0,350.0,404.0,285.0,1123.0,1123.0,284.0,120.0,254.0,96.0
2.0,493.0,51.0,394.0,1050.0,84.0,84.0,278.0,116.0,44.0,7.0
2.0,1492.0,162.0,384.0,1123.0,0.0,0.0,272.0,112.0,108.0,54.0
2.0,2453.0,590.0,384.0,84.0,0.0,0.0,271.0,113.0,393.0,197.0
2.0,1947.0,874.0,397.0,0.0,515.0,515.0,278.0,119.0,579.0,295.0
2.0,1073.0,753.0,410.0,0.0,1320.0,1320.0,286.0,124.0,504.0,249.0
2.0,320.0,350.0,411.0,515.0,1159.0,1159.0,287.0,124.0,247.0,103.0
2.0,485.0,76.0,401.0,1320.0,0.0,0.0,282.0,119.0,76.0,0.0
2.0,1729.0,177.0,390.0,1159.0,0.0,0.0,275.0,115.0,134.0,43.0
2.0,2711.0,542.0,389.0,0.0,0.0,0.0,273.0,116.0,359.0,183.0
2.0,2169.0,822.0,400.0,0.0,253.0,253.0,279.0,121.0,536.0,286.0
2.0,1347.0,770.0,414.0,0.0,1079.0,1079.0,288.0,126.0,524.0,246.0
2.0,577.0,398.0,417.0,253.0,1236.0,1236.0,291.0,126.0,302.0,96.0
2.0,432.0,78.0,408.0,1079.0,199.0,199.0,286.0,122.0,78.0,0.0
2.0,1433.0,113.0,395.0,1236.0,0.0,0.0,277.0,118.0,65.0,48.0
2.0,2556.0,507.0,393.0,199.0,0.0,0.0,274.0,119.0,313.0,194.0
2.0,2248.0,871.0,406.0,0.0,247.0,247.0,282.0,124.0,572.0,299.0
2.0,1377.0,782.0,420.0,0.0,1085.0,1085.0,292.0,128.0,558.0,224.0
2.0,595.0,366.0,424.0,247.0,1220.0,1220.0,296.0,128.0,311.0,55.0
2.0,476.0,47.0,415.0,1085.0,146.0,146.0,291.0,124.0,47.0,0.0
2.0,1514.0,74.0,401.0,1220.0,0.0,0.0,281.0,120.0,37.0,37.0
2.0,2660.0,449.0,399.0,146.0,0.0,0.0,278.0,121.0,293.0,156.0
2.0,2357.0,764.0,410.0,0.0,47.0,47.0,284.0,126.0,525.0,239.0
2.0,1593.0,727.0,424.0,0.0,830.0,830.0,294.0,130.0,522.0,205.0
2.0,866.0,345.0,428.0,47.0,1144.0,1144.0,299.0,129.0,272.0,73.0
2.0,568.0,53.0,420.0,830.0,335.0,335.0,294.0,126.0,53.0,0.0
2.0,1345.0,137.0,409.0,1144.0,0.0,0.0,287.0,122.0,100.0,37.0
2.0,2352.0,521.0,408.0,335.0,0.0,0.0,285.0,123.0,369.0,152.0
2.0,2166.0,799.0,418.0,0.0,305.0,305.0,291.0,127.0,577.0,222.0
2.0,1367.0,713.0,432.0,0.0,1074.0,1074.0,301.0,131.0,522.0,191.0
2.0,654.0,307.0,436.0,305.0,1092.0,1092.0,305.0,131.0,228.0,79.0
2.0,652.0,4.0,427.0,1074.0,0.0,0.0,299.0,128.0,4.0,0.0
2.0,1722.0,85.0,415.0,1092.0,0.0,0.0,291.0,124.0,83.0,2.0
2.0,2729.0,421.0,410.0,0.0,0.0,0.0,287.0,123.0,316.0,105.0
2.0,2308.0,710.0,417.0,0.0,70.0,70.0,291.0,126.0,499.0,211.0
2.0,1598.0,682.0,430.0,0.0,804.0,804.0,300.0,130.0,462.0,220.0
2.0,916.0,408.0,437.0,70.0,1170.0,1170.0,306.0,131.0,290.0,118.0
2.0,578.0,124.0,432.0,804.0,470.0,470.0,303.0,129.0,111.0,13.0
2.0,1258.0,59.0,418.0,1170.0,0.0,0.0,293.0,125.0,51.0,8.0
2.0,2369.0,305.0,410.0,470.0,0.0,0.0,286.0,124.0,203.0,102.0
2.0,2534.0,672.0,417.0,0.0,0.0,0.0,290.0,127.0,453.0,219.0
2.0,1862.0,773.0,431.0,0.0,635.0,635.0,300.0,131.0,539.0,234.0
2.0,1089.0,494.0,439.0,0.0,1161.0,1161.0,307.0,132.0,375.0,119.0
2.0,595.0,146.0,433.0,635.0,648.0,648.0,304.0,129.0,131.0,15.0
2.0,1084.0,75.0,419.0,1161.0,0.0,0.0,294.0,125.0,59.0,16.0
2.0,2170.0,332.0,412.0,648.0,0.0,0.0,288.0,124.0,201.0,131.0
2.0,2486.0,663.0,418.0,0.0,0.0,0.0,291.0,127.0,425.0,238.0
2.0,1823.0,731.0,431.0,0.0,632.0,632.0,300.0,131.0,495.0,236.0
2.0,1092.0,490.0,438.0,0.0,1150.0,1150.0,306.0,132.0,366.0,124.0
2.0,602.0,146.0,431.0,632.0,636.0,636.0,302.0,129.0,133.0,13.0
2.0,1088.0,120.0,418.0,1150.0,0.0,0.0,294.0,124.0,93.0,27.0
2.0,2118.0,419.0,412.0,636.0,0.0,0.0,290.0,122.0,277.0,142.0
2.0,2335.0,768.0,420.0,0.0,113.0,113.0,295.0,125.0,523.0,245.0
2.0,1567.0,869.0,436.0,0.0,1046.0,1046.0,306.0,130.0,626.0,243.0
2.0,698.0,567.0,443.0,113.0,1528.0,1528.0,312.0,131.0,429.0,138.0
2.0,244.0,145.0,435.0,1046.0,595.0,595.0,307.0,128.0,115.0,30.0
2.0,1145.0,56.0,419.0,1528.0,0.0,0.0,296.0,123.0,25.0,31.0
2.0,2617.0,409.0,413.0,595.0,0.0,0.0,292.0,121.0,269.0,140.0
2.0,2803.0,861.0,423.0,0.0,0.0,0.0,299.0,124.0,597.0,264.0
2.0,1942.0,952.0,439.0,0.0,766.0,766.0,310.0,129.0,677.0,275.0
2.0,990.0,539.0,447.0,0.0,1337.0,1337.0,315.0,132.0,380.0,159.0
2.0,451.0,117.0,438.0,766.0,652.0,652.0,309.0,129.0,74.0,43.0
2.0,1100.0,61.0,424.0,1337.0,0.0,0.0,300.0,124.0,25.0,36.0
2.0,2376.0,426.0,417.0,652.0,0.0,0.0,295.0,122.0,273.0,153.0
2.0,2602.0,865.0,425.0,0.0,0.0,0.0,300.0,125.0,601.0,264.0
2.0,1737.0,966.0,443.0,0.0,1001.0,1001.0,312.0,131.0,702.0,264.0
2.0,771.0,588.0,452.0,0.0,1625.0,1625.0,320.0,132.0,441.0,147.0
2.0,183.0,116.0,445.0,1001.0,712.0,712.0,315.0,130.0,75.0,41.0
2.0,1068.0,53.0,429.0,1625.0,0.0,0.0,304.0,125.0,0.0,53.0
2.0,2640.0,400.0,422.0,712.0,0.0,0.0,298.0,124.0,243.0,157.0
2.0,2952.0,805.0,430.0,0.0,0.0,0.0,303.0,127.0,559.0,246.0
2.0,2147.0,882.0,446.0,0.0,519.0,519.0,314.0,132.0,638.0,244.0
2.0,1265.0,541.0,455.0,0.0,1096.0,1096.0,321.0,134.0,397.0,144.0
2.0,724.0,144.0,449.0,519.0,697.0,697.0,317.0,132.0,101.0,43.0
2.0,1099.0,101.0,436.0,1096.0,0.0,0.0,308.0,128.0,61.0,40.0
2.0,2094.0,408.0,431.0,697.0,0.0,0.0,304.0,127.0,275.0,133.0
2.0,2383.0,761.0,438.0,0.0,130.0,130.0,308.0,130.0,516.0,245.0
2.0,1622.0,796.0,453.0,0.0,986.0,986.0,318.0,135.0,549.0,247.0
2.0,826.0,493.0,459.0,130.0,1373.0,1373.0,323.0,136.0,357.0,136.0
2.0,463.0,161.0,452.0,986.0,520.0,520.0,318.0,134.0,131.0,30.0
2.0,1288.0,98.0,439.0,1373.0,0.0,0.0,309.0,130.0,85.0,13.0
2.0,2563.0,341.0,432.0,520.0,0.0,0.0,303.0,129.0,226.0,115.0
2.0,2742.0,667.0,439.0,0.0,0.0,0.0,307.0,132.0,420.0,247.0
2.0,2075.0,744.0,453.0,0.0,481.0,481.0,316.0,137.0,474.0,270.0
2.0,1331.0,499.0,461.0,0.0,1012.0,1012.0,321.0,140.0,346.0,153.0
2.0,832.0,201.0,457.0,481.0,716.0,716.0,318.0,139.0,173.0,28.0
2.0,1112.0,146.0,445.0,1012.0,0.0,0.0,311.0,134.0,145.0,1.0
2.0,1978.0,346.0,439.0,716.0,0.0,0.0,307.0,132.0,256.0,90.0
2.0,2348.0,615.0,444.0,0.0,43.0,43.0,310.0,134.0,398.0,217.0
2.0,1733.0,708.0,455.0,0.0,795.0,795.0,316.0,139.0,449.0,259.0
2.0,1025.0,496.0,463.0,43.0,1280.0,1280.0,321.0,142.0,318.0,178.0
2.0,572.0,205.0,461.0,795.0,682.0,682.0,320.0,141.0,146.0,59.0
2.0,1162.0,143.0,451.0,1280.0,0.0,0.0,314.0,137.0,127.0,16.0
2.0,2299.0,376.0,443.0,682.0,0.0,0.0,309.0,134.0,281.0,95.0
2.0,2605.0,595.0,445.0,0.0,0.0,0.0,309.0,136.0,395.0,200.0
2.0,2010.0,624.0,454.0,0.0,430.0,430.0,314.0,140.0,382.0,242.0
2.0,1386.0,456.0,461.0,0.0,914.0,914.0,318.0,143.0,286.0,170.0
2.0,930.0,278.0,461.0,430.0,762.0,762.0,319.0,142.0,214.0,64.0
2.0,1082.0,266.0,453.0,914.0,82.0,82.0,315.0,138.0,224.0,42.0
2.0,1730.0,466.0,448.0,762.0,0.0,0.0,312.0,136.0,348.0,118.0
2.0,2026.0,660.0,451.0,82.0,356.0,356.0,313.0,138.0,445.0,215.0
2.0,1448.0,684.0,462.0,0.0,1084.0,1084.0,320.0,142.0,460.0,224.0
2.0,764.0,505.0,469.0,356.0,1261.0,1261.0,325.0,144.0,342.0,163.0
2.0,615.0,291.0,467.0,1084.0,460.0,460.0,323.0,144.0,196.0,95.0
2.0,1408.0,269.0,457.0,1261.0,0.0,0.0,317.0,140.0,192.0,77.0
2.0,2400.0,481.0,449.0,460.0,0.0,0.0,311.0,138.0,348.0,133.0
2.0,2379.0,698.0,452.0,0.0,127.0,127.0,312.0,140.0,490.0,208.0
2.0,1681.0,779.0,464.0,0.0,954.0,954.0,321.0,143.0,561.0,218.0
2.0,902.0,567.0,474.0,127.0,1434.0,1434.0,328.0,146.0,404.0,163.0
2.0,462.0,313.0,472.0,954.0,785.0,785.0,327.0,145.0,223.0,90.0
2.0,1103.0,318.0,461.0,1434.0,0.0,0.0,320.0,141.0,232.0,86.0
2.0,2219.0,557.0,454.0,785.0,0.0,0.0,315.0,139.0,399.0,158.0
2.0,2447.0,741.0,458.0,0.0,126.0,126.0,318.0,140.0,536.0,205.0
2.0,1706.0,680.0,469.0,0.0,850.0,850.0,326.0,143.0,477.0,203.0
2.0,1026.0,459.0,477.0,126.0,1215.0,1215.0,332.0,145.0,325.0,134.0
2.0,693.0,346.0,475.0,850.0,703.0,703.0,331.0,144.0,265.0,81.0
2.0,1197.0,389.0,466.0,1215.0,0.0,0.0,326.0,140.0,298.0,91.0
2.0,2023.0,582.0,458.0,703.0,0.0,0.0,320.0,138.0,429.0,153.0
2.0,2144.0,749.0,461.0,0.0,449.0,449.0,322.0,139.0,543.0,206.0
2.0,1395.0,715.0,473.0,0.0,1212.0,1212.0,331.0,142.0,511.0,204.0
2.0,680.0,514.0,482.0,449.0,1313.0,1313.0,338.0,144.0,368.0,146.0
2.0,615.0,324.0,481.0,1212.0,421.0,421.0,338.0,143.0,230.0,94.0
2.0,1503.0,342.0,472.0,1313.0,0.0,0.0,332.0,140.0,246.0,96.0
2.0,2474.0,504.0,464.0,421.0,0.0,0.0,326.0,138.0,361.0,143.0
2.0,2391.0,667.0,467.0,0.0,144.0,144.0,328.0,139.0,485.0,182.0
2.0,1724.0,658.0,476.0,0.0,838.0,838.0,335.0,141.0,477.0,181.0
2.0,1066.0,447.0,483.0,144.0,1169.0,1169.0,340.0,143.0,310.0,137.0
2.0,763.0,271.0,480.0,838.0,590.0,590.0,338.0,142.0,183.0,88.0
2.0,1330.0,251.0,470.0,1169.0,0.0,0.0,331.0,139.0,170.0,81.0
2.0,2248.0,429.0,464.0,590.0,0.0,0.0,327.0,137.0,317.0,112.0
2.0,2409.0,633.0,466.0,0.0,88.0,88.0,329.0,137.0,460.0,173.0
2.0,1776.0,671.0,476.0,0.0,799.0,799.0,335.0,141.0,465.0,206.0
2.0,1105.0,478.0,484.0,88.0,1221.0,1221.0,340.0,144.0,306.0,172.0
2.0,715.0,271.0,483.0,799.0,689.0,689.0,339.0,144.0,176.0,95.0
2.0,1243.0,226.0,474.0,1221.0,0.0,0.0,334.0,140.0,178.0,48.0
2.0,2238.0,384.0,467.0,689.0,0.0,0.0,331.0,136.0,311.0,73.0
2.0,2543.0,576.0,468.0,0.0,0.0,0.0,332.0,136.0,427.0,149.0
2.0,1967.0,638.0,476.0,0.0,575.0,575.0,337.0,139.0,430.0,208.0
2.0,1329.0,509.0,484.0,0.0,1116.0,1116.0,341.0,143.0,322.0,187.0
2.0,820.0,324.0,484.0,575.0,865.0,865.0,340.0,144.0,195.0,129.0
2.0,1071.0,249.0,476.0,1116.0,0.0,0.0,335.0,141.0,156.0,93.0
2.0,1938.0,361.0,469.0,865.0,0.0,0.0,331.0,138.0,254.0,107.0
2.0,2442.0,559.0,471.0,0.0,1.0,1.0,333.0,138.0,412.0,147.0
2.0,1883.0,621.0,479.0,0.0,654.0,654.0,339.0,140.0,436.0,185.0
2.0,1262.0,524.0,487.0,1.0,1209.0,1209.0,343.0,144.0,332.0,192.0
2.0,739.0,367.0,486.0,654.0,918.0,918.0,341.0,145.0,216.0,151.0
2.0,1026.0,310.0,481.0,1209.0,0.0,0.0,338.0,143.0,203.0,107.0
2.0,1925.0,466.0,478.0,918.0,0.0,0.0,337.0,141.0,339.0,127.0
2.0,2377.0,641.0,481.0,0.0,188.0,188.0,340.0,141.0,471.0,170.0
2.0,1736.0,668.0,488.0,0.0,884.0,884.0,345.0,143.0,467.0,201.0
2.0,1068.0,524.0,493.0,188.0,1240.0,1240.0,347.0,146.0,331.0,193.0
2.0,732.0,364.0,492.0,884.0,716.0,716.0,345.0,147.0,216.0,148.0
2.0,1252.0,350.0,485.0,1240.0,0.0,0.0,340.0,145.0,213.0,137.0
2.0,2142.0,563.0,483.0,716.0,0.0,0.0,339.0,144.0,401.0,162.0
2.0,2295.0,766.0,488.0,0.0,423.0,423.0,344.0,144.0,577.0,189.0
2.0,1529.0,755.0,498.0,0.0,1218.0,1218.0,351.0,147.0,555.0,200.0
2.0,774.0,528.0,502.0,423.0,1339.0,1339.0,354.0,148.0,351.0,177.0
2.0,669.0,314.0,499.0,1218.0,423.0,423.0,350.0,149.0,164.0,150.0
2.0,1573.0,366.0,493.0,1339.0,0.0,0.0,345.0,148.0,206.0,160.0
2.0,2546.0,609.0,489.0,423.0,0.0,0.0,342.0,147.0,421.0,188.0
2.0,2360.0,810.0,494.0,0.0,426.0,426.0,346.0,148.0,613.0,197.0
2.0,1550.0,814.0,504.0,0.0,1280.0,1280.0,354.0,150.0,620.0,194.0
2.0,736.0,574.0,508.0,426.0,1444.0,1444.0,357.0,151.0,409.0,165.0
2.0,588.0,350.0,504.0,1280.0,498.0,498.0,353.0,151.0,204.0,146.0
2.0,1518.0,403.0,498.0,1444.0,0.0,0.0,347.0,151.0,233.0,170.0
2.0,2559.0,632.0,497.0,498.0,0.0,0.0,347.0,150.0,436.0,196.0
2.0,2425.0,818.0,504.0,0.0,409.0,409.0,352.0,152.0,621.0,197.0
2.0,1607.0,782.0,513.0,0.0,1227.0,1227.0,359.0,154.0,591.0,191.0
2.0,825.0,592.0,516.0,409.0,1422.0,1422.0,361.0,155.0,417.0,175.0
2.0,642.0,364.0,512.0,1227.0,543.0,543.0,356.0,156.0,202.0,162.0
2.0,1505.0,343.0,505.0,1422.0,0.0,0.0,350.0,155.0,186.0,157.0
2.0,2584.0,552.0,501.0,543.0,0.0,0.0,347.0,154.0,383.0,169.0
2.0,2575.0,747.0,506.0,0.0,196.0,196.0,351.0,155.0,563.0,184.0
2.0,1828.0,753.0,514.0,0.0,981.0,981.0,358.0,156.0,575.0,178.0
2.0,1075.0,577.0,518.0,196.0,1378.0,1378.0,361.0,157.0,426.0,151.0
2.0,694.0,395.0,516.0,981.0,784.0,784.0,359.0,157.0,255.0,140.0
2.0,1280.0,372.0,511.0,1378.0,0.0,0.0,354.0,157.0,219.0,153.0
2.0,2286.0,494.0,507.0,784.0,0.0,0.0,351.0,156.0,332.0,162.0
2.0,2576.0,618.0,511.0,0.0,86.0,86.0,354.0,157.0,450.0,168.0
2.0,1958.0,636.0,518.0,0.0,750.0,750.0,360.0,158.0,482.0,154.0
2.0,1322.0,499.0,522.0,86.0,1179.0,1179.0,363.0,159.0,361.0,138.0
2.0,909.0,351.0,521.0,750.0,776.0,776.0,361.0,160.0,223.0,128.0
2.0,1308.0,351.0,516.0,1179.0,0.0,0.0,357.0,159.0,221.0,130.0
2.0,2136.0,459.0,512.0,776.0,0.0,0.0,354.0,158.0,319.0,140.0
2.0,2453.0,580.0,513.0,0.0,179.0,179.0,356.0,157.0,416.0,164.0
2.0,1873.0,560.0,519.0,0.0,763.0,763.0,360.0,159.0,398.0,162.0
2.0,1313.0,458.0,524.0,179.0,1062.0,1062.0,363.0,161.0,298.0,160.0
2.0,1034.0,334.0,522.0,763.0,625.0,625.0,360.0,162.0,197.0,137.0
2.0,1463.0,356.0,519.0,1062.0,0.0,0.0,357.0,162.0,232.0,124.0
2.0,2169.0,495.0,516.0,625.0,0.0,0.0,356.0,160.0,376.0,119.0
2.0,2299.0,537.0,516.0,0.0,302.0,302.0,357.0,159.0,409.0,128.0
2.0,1762.0,514.0,520.0,0.0,832.0,832.0,361.0,159.0,364.0,150.0
2.0,1248.0,401.0,522.0,302.0,939.0,939.0,362.0,160.0,250.0,151.0
2.0,1149.0,370.0,523.0,832.0,481.0,481.0,362.0,161.0,237.0,133.0
2.0,1611.0,456.0,520.0,939.0,0.0,0.0,360.0,160.0,326.0,130.0
2.0,2094.0,567.0,519.0,481.0,68.0,68.0,360.0,159.0,438.0,129.0
2.0,2008.0,607.0,521.0,0.0,683.0,683.0,363.0,158.0,464.0,143.0
2.0,1401.0,551.0,525.0,68.0,1182.0,1182.0,366.0,159.0,382.0,169.0
2.0,918.0,435.0,528.0,683.0,946.0,946.0,368.0,160.0,271.0,164.0
2.0,1166.0,414.0,526.0,1182.0,170.0,170.0,366.0,160.0,269.0,145.0
2.0,1934.0,505.0,523.0,946.0,0.0,0.0,364.0,159.0,379.0,126.0
2.0,2375.0,633.0,523.0,170.0,180.0,180.0,365.0,158.0,492.0,141.0
2.0,1912.0,693.0,527.0,0.0,889.0,889.0,369.0,158.0,524.0,169.0
2.0,1219.0,577.0,530.0,180.0,1298.0,1298.0,372.0,158.0,396.0,181.0
2.0,822.0,442.0,532.0,889.0,859.0,859.0,373.0,159.0,276.0,166.0
2.0,1269.0,419.0,530.0,1298.0,0.0,0.0,371.0,159.0,268.0,151.0
2.0,2148.0,536.0,525.0,859.0,0.0,0.0,367.0,158.0,380.0,156.0
2.0,2471.0,706.0,524.0,0.0,331.0,331.0,366.0,158.0,524.0,182.0
2.0,1765.0,798.0,529.0,0.0,1149.0,1149.0,371.0,158.0,589.0,209.0
2.0,967.0,669.0,536.0,331.0,1515.0,1515.0,377.0,159.0,468.0,201.0
2.0,629.0,484.0,539.0,1149.0,862.0,862.0,379.0,160.0,305.0,179.0
2.0,1294.0,398.0,534.0,1515.0,0.0,0.0,375.0,159.0,247.0,151.0
2.0,2411.0,496.0,528.0,862.0,0.0,0.0,370.0,158.0,351.0,145.0
2.0,2777.0,702.0,526.0,0.0,29.0,29.0,369.0,157.0,542.0,160.0
2.0,2075.0,844.0,531.0,0.0,893.0,893.0,373.0,158.0,639.0,205.0
2.0,1231.0,787.0,539.0,29.0,1683.0,1683.0,380.0,159.0,573.0,214.0
2.0,473.0,535.0,543.0,893.0,1341.0,1341.0,383.0,160.0,353.0,182.0
2.0,831.0,363.0,537.0,1683.0,0.0,0.0,378.0,159.0,204.0,159.0
2.0,2151.0,423.0,529.0,1341.0,0.0,0.0,371.0,158.0,270.0,153.0
2.0,3069.0,705.0,528.0,0.0,0.0,0.0,370.0,158.0,519.0,186.0
2.0,2364.0,860.0,534.0,0.0,632.0,632.0,375.0,159.0,652.0,208.0
2.0,1504.0,743.0,540.0,0.0,1399.0,1399.0,381.0,159.0,544.0,199.0
2.0,761.0,471.0,542.0,632.0,1246.0,1246.0,383.0,159.0,306.0,165.0
2.0,922.0,337.0,539.0,1399.0,172.0,172.0,380.0,159.0,182.0,155.0
2.0,1984.0,468.0,533.0,1246.0,0.0,0.0,374.0,159.0,297.0,171.0
2.0,2762.0,693.0,532.0,172.0,0.0,0.0,373.0,159.0,513.0,180.0
2.0,2241.0,783.0,537.0,0.0,690.0,690.0,377.0,160.0,601.0,182.0
2.0,1458.0,666.0,541.0,0.0,1372.0,1372.0,381.0,160.0,487.0,179.0
2.0,792.0,460.0,543.0,690.0,1150.0,1150.0,382.0,161.0,277.0,183.0
2.0,1022.0,331.0,540.0,1372.0,97.0,97.0,379.0,161.0,154.0,177.0
2.0,2063.0,458.0,537.0,1150.0,0.0,0.0,376.0,161.0,283.0,175.0
2.0,2755.0,687.0,537.0,97.0,0.0,0.0,376.0,161.0,526.0,161.0
2.0,2165.0,746.0,543.0,0.0,753.0,753.0,381.0,162.0,601.0,145.0
2.0,1419.0,555.0,547.0,0.0,1324.0,1324.0,385.0,162.0,417.0,138.0
2.0,864.0,366.0,546.0,753.0,933.0,933.0,384.0,162.0,198.0,168.0
2.0,1251.0,344.0,544.0,1324.0,0.0,0.0,381.0,163.0,158.0,186.0
2.0,2231.0,492.0,543.0,933.0,0.0,0.0,379.0,164.0,311.0,181.0
2.0,2672.0,656.0,545.0,0.0,164.0,164.0,381.0,164.0,493.0,163.0
2.0,2016.0,708.0,550.0,0.0,892.0,892.0,386.0,164.0,556.0,152.0
2.0,1308.0,559.0,554.0,164.0,1303.0,1303.0,390.0,164.0,397.0,162.0
2.0,913.0,405.0,555.0,892.0,820.0,820.0,390.0,165.0,217.0,188.0
2.0,1400.0,359.0,552.0,1303.0,0.0,0.0,385.0,167.0,160.0,199.0
2.0,2344.0,466.0,551.0,820.0,0.0,0.0,383.0,168.0,292.0,174.0
2.0,2698.0,626.0,553.0,0.0,140.0,140.0,386.0,167.0,490.0,136.0
2.0,2072.0,683.0,559.0,0.0,847.0,847.0,392.0,167.0,565.0,118.0
2.0,1389.0,536.0,561.0,140.0,1251.0,1251.0,394.0,167.0,382.0,154.0
2.0,993.0,399.0,561.0,847.0,803.0,803.0,392.0,169.0,193.0,206.0
2.0,1441.0,382.0,557.0,1251.0,0.0,0.0,387.0,170.0,175.0,207.0
2.0,2310.0,521.0,555.0,803.0,0.0,0.0,384.0,171.0,340.0,181.0
2.0,2592.0,678.0,557.0,0.0,314.0,314.0,387.0,170.0,543.0,135.0
2.0,1914.0,682.0,562.0,0.0,1016.0,1016.0,393.0,169.0,558.0,124.0
2.0,1232.0,567.0,566.0,314.0,1285.0,1285.0,396.0,170.0,403.0,164.0
2.0,979.0,438.0,564.0,1016.0,699.0,699.0,393.0,171.0,228.0,210.0
2.0,1557.0,480.0,561.0,1285.0,0.0,0.0,388.0,173.0,257.0,223.0
2.0,2362.0,631.0,560.0,699.0,0.0,0.0,387.0,173.0,440.0,191.0
2.0,2430.0,790.0,564.0,0.0,616.0,616.0,391.0,173.0,633.0,157.0
2.0,1640.0,749.0,570.0,0.0,1389.0,1389.0,398.0,172.0,610.0,139.0
2.0,891.0,555.0,573.0,616.0,1340.0,1340.0,400.0,173.0,394.0,161.0
2.0,952.0,468.0,572.0,1389.0,415.0,415.0,398.0,174.0,268.0,200.0
2.0,1873.0,523.0,568.0,1340.0,0.0,0.0,394.0,174.0,308.0,215.0
2.0,2690.0,644.0,565.0,415.0,0.0,0.0,391.0,174.0,454.0,190.0
2.0,2461.0,729.0,566.0,0.0,532.0,532.0,393.0,173.0,570.0,159.0
2.0,1732.0,714.0,570.0,0.0,1262.0,1262.0,398.0,172.0,566.0,148.0
2.0,1018.0,633.0,575.0,532.0,1383.0,1383.0,402.0,173.0,468.0,165.0
2.0,917.0,530.0,576.0,1262.0,655.0,655.0,402.0,174.0,332.0,198.0
2.0,1649.0,557.0,573.0,1383.0,0.0,0.0,398.0,175.0,351.0,206.0
2.0,2475.0,677.0,570.0,655.0,0.0,0.0,396.0,174.0,503.0,174.0
2.0,2453.0,824.0,571.0,0.0,655.0,655.0,398.0,173.0,680.0,144.0
2.0,1629.0,803.0,576.0,0.0,1478.0,1478.0,404.0,172.0,666.0,137.0
2.0,826.0,616.0,580.0,655.0,1455.0,1455.0,408.0,172.0,450.0,166.0
2.0,865.0,466.0,581.0,1478.0,447.0,447.0,408.0,173.0,244.0,222.0
2.0,1877.0,523.0,577.0,1455.0,0.0,0.0,403.0,174.0,281.0,242.0
2.0,2809.0,663.0,574.0,447.0,0.0,0.0,400.0,174.0,472.0,191.0
2.0,2593.0,757.0,574.0,0.0,460.0,460.0,402.0,172.0,634.0,123.0
2.0,1836.0,714.0,579.0,0.0,1194.0,1194.0,408.0,171.0,614.0,100.0
2.0,1122.0,524.0,582.0,460.0,1270.0,1270.0,411.0,171.0,365.0,159.0
2.0,1058.0,412.0,581.0,1194.0,484.0,484.0,408.0,173.0,161.0,251.0
2.0,1840.0,471.0,577.0,1270.0,0.0,0.0,403.0,174.0,211.0,260.0
2.0,2639.0,637.0,574.0,484.0,0.0,0.0,400.0,174.0,450.0,187.0
2.0,2486.0,763.0,576.0,0.0,581.0,581.0,403.0,173.0,656.0,107.0
2.0,1723.0,731.0,581.0,0.0,1332.0,1332.0,410.0,171.0,635.0,96.0
2.0,992.0,555.0,585.0,581.0,1322.0,1322.0,414.0,171.0,393.0,162.0
2.0,1018.0,384.0,584.0,1332.0,370.0,370.0,412.0,172.0,150.0,234.0
2.0,1966.0,403.0,579.0,1322.0,0.0,0.0,405.0,174.0,156.0,247.0
2.0,2885.0,559.0,575.0,370.0,0.0,0.0,400.0,175.0,373.0,186.0
2.0,2696.0,699.0,578.0,0.0,315.0,315.0,404.0,174.0,610.0,89.0
2.0,1997.0,639.0,584.0,0.0,978.0,978.0,412.0,172.0,582.0,57.0
2.0,1358.0,501.0,586.0,315.0,1172.0,1172.0,415.0,171.0,364.0,137.0
2.0,1172.0,384.0,584.0,978.0,570.0,570.0,412.0,172.0,139.0,245.0
2.0,1766.0,436.0,580.0,1172.0,0.0,0.0,406.0,174.0,162.0,274.0
2.0,2502.0,601.0,578.0,570.0,0.0,0.0,403.0,175.0,398.0,203.0
2.0,2471.0,739.0,582.0,0.0,596.0,596.0,408.0,174.0,646.0,93.0
2.0,1732.0,661.0,586.0,0.0,1273.0,1273.0,415.0,171.0,598.0,63.0
2.0,1071.0,466.0,588.0,596.0,1151.0,1151.0,418.0,170.0,330.0,136.0
2.0,1201.0,389.0,587.0,1273.0,263.0,263.0,415.0,172.0,135.0,254.0
2.0,2085.0,488.0,584.0,1151.0,0.0,0.0,410.0,174.0,209.0,279.0
2.0,2748.0,649.0,583.0,263.0,0.0,0.0,407.0,176.0,445.0,204.0
2.0,2362.0,749.0,588.0,0.0,739.0,739.0,413.0,175.0,652.0,97.0
2.0,1613.0,696.0,593.0,0.0,1455.0,1455.0,421.0,172.0,636.0,60.0
2.0,917.0,503.0,596.0,739.0,1231.0,1231.0,425.0,171.0,377.0,126.0
2.0,1153.0,455.0,594.0,1455.0,223.0,223.0,422.0,172.0,181.0,274.0
2.0,2153.0,521.0,591.0,1231.0,0.0,0.0,415.0,176.0,197.0,324.0
2.0,2863.0,663.0,591.0,223.0,0.0,0.0,413.0,178.0,432.0,231.0
2.0,2423.0,800.0,596.0,0.0,761.0,761.0,419.0,177.0,710.0,90.0
2.0,1623.0,772.0,602.0,0.0,1557.0,1557.0,428.0,174.0,716.0,56.0
2.0,851.0,580.0,603.0,761.0,1380.0,1380.0,431.0,172.0,427.0,153.0
2.0,1032.0,464.0,600.0,1557.0,275.0,275.0,426.0,174.0,173.0,291.0
2.0,2125.0,531.0,596.0,1380.0,0.0,0.0,418.0,178.0,204.0,327.0
2.0,2974.0,742.0,595.0,275.0,0.0,0.0,416.0,179.0,510.0,232.0
2.0,2507.0,851.0,601.0,0.0,748.0,748.0,423.0,178.0,761.0,90.0
2.0,1656.0,759.0,607.0,0.0,1531.0,1531.0,432.0,175.0,708.0,51.0
2.0,897.0,560.0,607.0,748.0,1343.0,1343.0,433.0,174.0,398.0,162.0
2.0,1085.0,491.0,605.0,1531.0,295.0,295.0,428.0,177.0,169.0,322.0
2.0,2125.0,612.0,603.0,1343.0,0.0,0.0,422.0,181.0,245.0,367.0
2.0,2856.0,811.0,605.0,295.0,80.0,80.0,422.0,183.0,559.0,252.0
2.0,2340.0,869.0,609.0,0.0,965.0,965.0,427.0,182.0,761.0,108.0
2.0,1471.0,747.0,613.0,80.0,1648.0,1648.0,434.0,179.0,695.0,52.0
2.0,804.0,574.0,613.0,965.0,1257.0,1257.0,435.0,178.0,412.0,162.0
2.0,1195.0,498.0,610.0,1648.0,95.0,95.0,429.0,181.0,184.0,314.0
2.0,2345.0,601.0,606.0,1257.0,0.0,0.0,421.0,185.0,246.0,355.0
2.0,3001.0,787.0,605.0,95.0,111.0,111.0,418.0,187.0,525.0,262.0
2.0,2309.0,890.0,610.0,0.0,1021.0,1021.0,424.0,186.0,756.0,134.0
2.0,1419.0,756.0,616.0,111.0,1690.0,1690.0,432.0,184.0,681.0,75.0
2.0,774.0,519.0,616.0,1021.0,1188.0,1188.0,434.0,182.0,370.0,149.0
2.0,1276.0,412.0,611.0,1690.0,0.0,0.0,428.0,183.0,137.0,275.0
2.0,2554.0,514.0,606.0,1188.0,0.0,0.0,419.0,187.0,204.0,310.0
2.0,3228.0,777.0,608.0,0.0,0.0,0.0,418.0,190.0,522.0,255.0
2.0,2451.0,931.0,616.0,0.0,944.0,944.0,426.0,190.0,780.0,151.0
2.0,1520.0,785.0,623.0,0.0,1757.0,1757.0,436.0,187.0,681.0,104.0
2.0,735.0,531.0,624.0,944.0,1348.0,1348.0,439.0,185.0,381.0,150.0
2.0,1148.0,376.0,619.0,1757.0,0.0,0.0,433.0,186.0,135.0,241.0
2.0,2529.0,423.0,612.0,1348.0,0.0,0.0,423.0,189.0,145.0,278.0
2.0,3454.0,634.0,611.0,0.0,0.0,0.0,419.0,192.0,408.0,226.0
2.0,2820.0,783.0,615.0,0.0,423.0,423.0,424.0,191.0,655.0,128.0
2.0,2037.0,743.0,622.0,0.0,1194.0,1194.0,434.0,188.0,672.0,71.0
2.0,1294.0,543.0,625.0,423.0,1326.0,1326.0,439.0,186.0,417.0,126.0
2.0,1174.0,371.0,620.0,1194.0,483.0,483.0,434.0,186.0,151.0,220.0
2.0,1997.0,420.0,616.0,1326.0,0.0,0.0,426.0,190.0,155.0,265.0
2.0,2903.0,645.0,616.0,483.0,0.0,0.0,423.0,193.0,431.0,214.0
2.0,2741.0,792.0,621.0,0.0,535.0,535.0,429.0,192.0,673.0,119.0
2.0,1949.0,726.0,627.0,0.0,1285.0,1285.0,438.0,189.0,636.0,90.0
2.0,1223.0,529.0,630.0,535.0,1291.0,1291.0,443.0,187.0,395.0,134.0
2.0,1229.0,389.0,625.0,1285.0,375.0,375.0,438.0,187.0,169.0,220.0
2.0,2125.0,406.0,619.0,1291.0,0.0,0.0,429.0,190.0,152.0,254.0
2.0,3010.0,630.0,619.0,375.0,0.0,0.0,426.0,193.0,425.0,205.0
2.0,2755.0,820.0,625.0,0.0,565.0,565.0,432.0,193.0,690.0,130.0
2.0,1935.0,768.0,632.0,0.0,1361.0,1361.0,443.0,189.0,685.0,83.0
2.0,1167.0,527.0,633.0,565.0,1327.0,1327.0,447.0,186.0,402.0,125.0
2.0,1205.0,365.0,628.0,1361.0,311.0,311.0,441.0,187.0,140.0,225.0
2.0,2201.0,451.0,622.0,1327.0,0.0,0.0,432.0,190.0,179.0,272.0
2.0,3077.0,694.0,622.0,311.0,0.0,0.0,429.0,193.0,469.0,225.0
2.0,2694.0,886.0,629.0,0.0,708.0,708.0,436.0,193.0,756.0,130.0
2.0,1808.0,820.0,637.0,0.0,1560.0,1560.0,447.0,190.0,748.0,72.0
2.0,988.0,528.0,637.0,708.0,1380.0,1380.0,451.0,186.0,405.0,123.0
2.0,1168.0,303.0,629.0,1560.0,91.0,91.0,444.0,185.0,94.0,209.0
2.0,2425.0,396.0,622.0,1380.0,0.0,0.0,433.0,189.0,136.0,260.0
2.0,3409.0,730.0,621.0,91.0,0.0,0.0,429.0,192.0,500.0,230.0
2.0,2770.0,991.0,629.0,0.0,737.0,737.0,437.0,192.0,850.0,141.0
2.0,1779.0,945.0,638.0,0.0,1718.0,1718.0,450.0,188.0,854.0,91.0
2.0,834.0,583.0,639.0,737.0,1568.0,1568.0,455.0,184.0,448.0,135.0
2.0,988.0,302.0,630.0,1718.0,116.0,116.0,446.0,184.0,68.0,234.0
2.0,2404.0,368.0,621.0,1568.0,0.0,0.0,433.0,188.0,74.0,294.0
2.0,3604.0,748.0,621.0,116.0,0.0,0.0,429.0,192.0,487.0,261.0
2.0,2972.0,1084.0,631.0,0.0,636.0,636.0,439.0,192.0,917.0,167.0
2.0,1888.0,1050.0,642.0,0.0,1730.0,1730.0,454.0,188.0,948.0,102.0
2.0,838.0,676.0,643.0,636.0,1774.0,1774.0,459.0,184.0,526.0,150.0
2.0,798.0,325.0,634.0,1730.0,333.0,333.0,450.0,184.0,63.0,262.0
2.0,2203.0,337.0,624.0,1774.0,0.0,0.0,436.0,188.0,17.0,320.0
2.0,3640.0,692.0,622.0,333.0,0.0,0.0,430.0,192.0,431.0,261.0
2.0,3281.0,1047.0,632.0,0.0,294.0,294.0,440.0,192.0,900.0,147.0
2.0,2234.0,1067.0,643.0,0.0,1405.0,1405.0,455.0,188.0,960.0,107.0
2.0,1167.0,756.0,646.0,294.0,1879.0,1879.0,461.0,185.0,568.0,188.0
2.0,705.0,381.0,637.0,1405.0,819.0,819.0,452.0,185.0,78.0,303.0
2.0,1729.0,328.0,627.0,1879.0,0.0,0.0,438.0,189.0,0.0,328.0
2.0,3280.0,600.0,624.0,819.0,0.0,0.0,432.0,192.0,364.0,236.0
2.0,3499.0,983.0,633.0,0.0,16.0,16.0,441.0,192.0,859.0,124.0
2.0,2516.0,1047.0,645.0,0.0,1111.0,1111.0,457.0,188.0,954.0,93.0
2.0,1469.0,742.0,650.0,16.0,1857.0,1857.0,464.0,186.0,559.0,183.0
2.0,743.0,389.0,642.0,1111.0,1103.0,1103.0,455.0,187.0,92.0,297.0
2.0,1465.0,328.0,630.0,1857.0,0.0,0.0,440.0,190.0,0.0,328.0
2.0,2994.0,607.0,627.0,1103.0,0.0,0.0,434.0,193.0,370.0,237.0
2.0,3490.0,972.0,635.0,0.0,22.0,22.0,443.0,192.0,850.0,122.0
2.0,2518.0,1060.0,648.0,0.0,1134.0,1134.0,459.0,189.0,960.0,100.0
2.0,1458.0,738.0,654.0,22.0,1874.0,1874.0,467.0,187.0,559.0,179.0
2.0,742.0,383.0,650.0,1134.0,1107.0,1107.0,461.0,189.0,92.0,291.0
2.0,1493.0,320.0,641.0,1874.0,0.0,0.0,449.0,192.0,0.0,320.0
2.0,3047.0,584.0,637.0,1107.0,0.0,0.0,442.0,195.0,352.0,232.0
2.0,3570.0,892.0,645.0,0.0,0.0,0.0,450.0,195.0,794.0,98.0
2.0,2678.0,990.0,656.0,0.0,936.0,936.0,464.0,192.0,920.0,70.0
2.0,1688.0,796.0,663.0,0.0,1760.0,1760.0,473.0,190.0,611.0,185.0
2.0,892.0,462.0,661.0,936.0,1278.0,1278.0,468.0,193.0,143.0,319.0
2.0,1366.0,351.0,652.0,1760.0,0.0,0.0,455.0,197.0,22.0,329.0
2.0,2775.0,527.0,648.0,1278.0,0.0,0.0,449.0,199.0,320.0,207.0
2.0,3526.0,827.0,654.0,0.0,0.0,0.0,456.0,198.0,743.0,84.0
2.0,2699.0,914.0,664.0,0.0,871.0,871.0,469.0,195.0,843.0,71.0
2.0,1785.0,760.0,671.0,0.0,1659.0,1659.0,477.0,194.0,580.0,180.0
2.0,1025.0,484.0,668.0,871.0,1260.0,1260.0,472.0,196.0,176.0,308.0
2.0,1412.0,403.0,660.0,1659.0,0.0,0.0,461.0,199.0,87.0,316.0
2.0,2668.0,563.0,655.0,1260.0,0.0,0.0,454.0,201.0,359.0,204.0
2.0,3365.0,846.0,662.0,0.0,129.0,129.0,461.0,201.0,759.0,87.0
2.0,2519.0,944.0,673.0,0.0,1117.0,1117.0,475.0,198.0,873.0,71.0
2.0,1575.0,737.0,679.0,129.0,1749.0,1749.0,483.0,196.0,555.0,182.0
2.0,967.0,463.0,674.0,1117.0,1075.0,1075.0,476.0,198.0,142.0,321.0
2.0,1621.0,389.0,665.0,1749.0,0.0,0.0,463.0,202.0,61.0,328.0
2.0,2981.0,603.0,660.0,1075.0,0.0,0.0,456.0,204.0,403.0,200.0
2.0,3453.0,914.0,668.0,0.0,133.0,133.0,465.0,203.0,836.0,78.0
2.0,2539.0,995.0,681.0,0.0,1180.0,1180.0,480.0,201.0,897.0,98.0
2.0,1544.0,738.0,687.0,133.0,1809.0,1809.0,487.0,200.0,514.0,224.0
2.0,939.0,428.0,682.0,1180.0,1037.0,1037.0,480.0,202.0,98.0,330.0
2.0,1691.0,376.0,670.0,1809.0,0.0,0.0,464.0,206.0,49.0,327.0
2.0,3124.0,591.0,663.0,1037.0,0.0,0.0,455.0,208.0,395.0,196.0
2.0,3570.0,873.0,669.0,0.0,0.0,0.0,462.0,207.0,813.0,60.0
2.0,2697.0,985.0,682.0,0.0,1016.0,1016.0,479.0,203.0,911.0,74.0
2.0,1712.0,802.0,690.0,0.0,1850.0,1850.0,488.0,202.0,584.0,218.0
2.0,910.0,492.0,686.0,1016.0,1310.0,1310.0,482.0,204.0,149.0,343.0
2.0,1434.0,369.0,671.0,1850.0,0.0,0.0,465.0,206.0,51.0,318.0
2.0,2915.0,573.0,662.0,1310.0,0.0,0.0,454.0,208.0,390.0,183.0
2.0,3652.0,946.0,668.0,0.0,0.0,0.0,461.0,207.0,864.0,82.0
2.0,2706.0,1061.0,682.0,0.0,1083.0,1083.0,478.0,204.0,960.0,101.0
2.0,1645.0,845.0,692.0,0.0,1968.0,1968.0,490.0,202.0,612.0,233.0
2.0,800.0,517.0,689.0,1083.0,1390.0,1390.0,485.0,204.0,166.0,351.0
2.0,1366.0,369.0,675.0,1968.0,0.0,0.0,468.0,207.0,45.0,324.0
2.0,2965.0,545.0,666.0,1390.0,0.0,0.0,457.0,209.0,363.0,182.0
2.0,3810.0,897.0,667.0,0.0,0.0,0.0,461.0,206.0,817.0,80.0
2.0,2913.0,1057.0,681.0,0.0,868.0,868.0,478.0,203.0,949.0,108.0
2.0,1856.0,858.0,691.0,0.0,1766.0,1766.0,490.0,201.0,629.0,229.0
2.0,998.0,485.0,689.0,868.0,1375.0,1375.0,486.0,203.0,151.0,334.0
2.0,1381.0,320.0,676.0,1766.0,0.0,0.0,470.0,206.0,4.0,316.0
2.0,2827.0,535.0,666.0,1375.0,0.0,0.0,458.0,208.0,333.0,202.0
2.0,3667.0,918.0,670.0,0.0,0.0,0.0,463.0,207.0,830.0,88.0
2.0,2749.0,1093.0,683.0,0.0,1076.0,1076.0,480.0,203.0,989.0,104.0
2.0,1656.0,863.0,694.0,0.0,1983.0,1983.0,493.0,201.0,650.0,213.0
2.0,793.0,501.0,692.0,1076.0,1400.0,1400.0,489.0,203.0,165.0,336.0
2.0,1368.0,335.0,679.0,1983.0,0.0,0.0,473.0,206.0,14.0,321.0
2.0,3016.0,487.0,668.0,1400.0,0.0,0.0,460.0,208.0,313.0,174.0
2.0,3929.0,848.0,670.0,0.0,0.0,0.0,465.0,205.0,794.0,54.0
2.0,3081.0,1046.0,683.0,0.0,697.0,697.0,482.0,201.0,972.0,74.0
2.0,2035.0,920.0,694.0,0.0,1661.0,1661.0,495.0,199.0,694.0,226.0
2.0,1115.0,551.0,694.0,697.0,1515.0,1515.0,492.0,202.0,202.0,349.0
2.0,1261.0,316.0,683.0,1661.0,126.0,126.0,477.0,206.0,0.0,316.0
2.0,2606.0,455.0,673.0,1515.0,0.0,0.0,465.0,208.0,291.0,164.0
2.0,3666.0,810.0,673.0,126.0,0.0,0.0,468.0,205.0,758.0,52.0
2.0,2982.0,1011.0,684.0,0.0,765.0,765.0,483.0,201.0,932.0,79.0
2.0,1971.0,848.0,693.0,0.0,1649.0,1649.0,495.0,198.0,631.0,217.0
2.0,1123.0,531.0,693.0,765.0,1415.0,1415.0,492.0,201.0,192.0,339.0
2.0,1357.0,365.0,684.0,1649.0,95.0,95.0,479.0,205.0,57.0,308.0
2.0,2641.0,511.0,677.0,1415.0,0.0,0.0,470.0,207.0,356.0,155.0
2.0,3545.0,812.0,677.0,95.0,0.0,0.0,473.0,204.0,778.0,34.0
2.0,2828.0,956.0,687.0,0.0,876.0,876.0,487.0,200.0,874.0,82.0
2.0,1872.0,839.0,695.0,0.0,1747.0,1747.0,497.0,198.0,598.0,241.0
2.0,1033.0,577.0,695.0,876.0,1448.0,1448.0,494.0,201.0,227.0,350.0
2.0,1332.0,419.0,686.0,1747.0,84.0,84.0,481.0,205.0,104.0,315.0
2.0,2660.0,518.0,678.0,1448.0,0.0,0.0,471.0,207.0,344.0,174.0
2.0,3590.0,772.0,679.0,84.0,0.0,0.0,474.0,205.0,715.0,57.0
2.0,2902.0,932.0,689.0,0.0,786.0,786.0,488.0,201.0,840.0,92.0
2.0,1970.0,857.0,697.0,0.0,1675.0,1675.0,498.0,199.0,613.0,244.0
2.0,1113.0,619.0,698.0,786.0,1512.0,1512.0,496.0,202.0,256.0,363.0
2.0,1280.0,457.0,689.0,1675.0,258.0,258.0,482.0,207.0,130.0,327.0
2.0,2498.0,544.0,681.0,1512.0,0.0,0.0,472.0,209.0,361.0,183.0
2.0,3466.0,769.0,681.0,258.0,0.0,0.0,475.0,206.0,700.0,69.0
2.0,2955.0,901.0,690.0,0.0,706.0,706.0,489.0,201.0,807.0,94.0
2.0,2054.0,847.0,699.0,0.0,1589.0,1589.0,500.0,199.0,603.0,244.0
2.0,1207.0,663.0,701.0,706.0,1554.0,1554.0,498.0,203.0,297.0,366.0
2.0,1250.0,534.0,693.0,1589.0,467.0,467.0,485.0,208.0,180.0,354.0
2.0,2305.0,548.0,685.0,1554.0,0.0,0.0,474.0,211.0,335.0,213.0
2.0,3311.0,747.0,685.0,467.0,0.0,0.0,476.0,209.0,659.0,88.0
2.0,3031.0,928.0,693.0,0.0,669.0,669.0,489.0,204.0,828.0,100.0
2.0,2103.0,960.0,704.0,0.0,1673.0,1673.0,501.0,203.0,703.0,257.0
2.0,1143.0,788.0,709.0,669.0,1812.0,1812.0,502.0,207.0,397.0,391.0
2.0,1024.0,583.0,701.0,1673.0,690.0,690.0,489.0,212.0,214.0,369.0
2.0,2114.0,539.0,691.0,1812.0,0.0,0.0,477.0,214.0,332.0,207.0
2.0,3387.0,714.0,688.0,690.0,0.0,0.0,477.0,211.0,635.0,79.0
2.0,3363.0,922.0,697.0,0.0,347.0,347.0,490.0,207.0,811.0,111.0
2.0,2441.0,995.0,709.0,0.0,1390.0,1390.0,503.0,206.0,716.0,279.0
2.0,1446.0,860.0,714.0,347.0,1923.0,1923.0,504.0,210.0,446.0,414.0
2.0,933.0,676.0,711.0,1390.0,1197.0,1197.0,495.0,216.0,318.0,358.0
2.0,1647.0,565.0,701.0,1923.0,0.0,0.0,484.0,217.0,387.0,178.0
2.0,3005.0,717.0,699.0,1197.0,0.0,0.0,485.0,214.0,661.0,56.0
2.0,3485.0,912.0,706.0,0.0,251.0,251.0,497.0,209.0,795.0,117.0
2.0,2573.0,971.0,719.0,0.0,1274.0,1274.0,510.0,209.0,669.0,302.0
2.0,1602.0,814.0,724.0,251.0,1857.0,1857.0,511.0,213.0,393.0,421.0
2.0,1039.0,606.0,718.0,1274.0,1165.0,1165.0,500.0,218.0,268.0,338.0
2.0,1707.0,579.0,708.0,1857.0,0.0,0.0,489.0,219.0,423.0,156.0
2.0,2985.0,724.0,706.0,1165.0,0.0,0.0,490.0,216.0,679.0,45.0
2.0,3426.0,885.0,713.0,0.0,311.0,311.0,501.0,212.0,770.0,115.0
2.0,2541.0,918.0,724.0,0.0,1273.0,1273.0,513.0,211.0,612.0,306.0
2.0,1623.0,790.0,730.0,311.0,1776.0,1776.0,514.0,216.0,384.0,406.0
2.0,1144.0,564.0,725.0,1273.0,1047.0,1047.0,504.0,221.0,244.0,320.0
2.0,1853.0,469.0,714.0,1776.0,0.0,0.0,492.0,222.0,353.0,116.0
2.0,3160.0,668.0,709.0,1047.0,0.0,0.0,491.0,218.0,639.0,29.0
2.0,3539.0,953.0,717.0,0.0,282.0,282.0,503.0,214.0,831.0,122.0
2.0,2586.0,1031.0,731.0,0.0,1369.0,1369.0,517.0,214.0,720.0,311.0
2.0,1555.0,796.0,737.0,282.0,1907.0,1907.0,519.0,218.0,401.0,395.0
2.0,1041.0,490.0,730.0,1369.0,1000.0,1000.0,508.0,222.0,207.0,283.0
2.0,1920.0,416.0,719.0,1907.0,0.0,0.0,496.0,223.0,319.0,97.0
2.0,3411.0,642.0,715.0,1000.0,0.0,0.0,496.0,219.0,629.0,13.0
2.0,3769.0,903.0,722.0,0.0,22.0,22.0,508.0,214.0,793.0,110.0
2.0,2866.0,938.0,733.0,0.0,1004.0,1004.0,519.0,214.0,646.0,292.0
2.0,1928.0,718.0,738.0,22.0,1720.0,1720.0,519.0,219.0,336.0,382.0
2.0,1232.0,475.0,731.0,1004.0,1163.0,1163.0,508.0,223.0,194.0,281.0
2.0,1761.0,450.0,721.0,1720.0,0.0,0.0,497.0,224.0,347.0,103.0
2.0,3031.0,666.0,718.0,1163.0,0.0,0.0,499.0,219.0,652.0,14.0
2.0,3528.0,897.0,724.0,0.0,265.0,265.0,509.0,215.0,783.0,114.0
2.0,2631.0,908.0,733.0,0.0,1209.0,1209.0,519.0,214.0,611.0,297.0
2.0,1723.0,714.0,738.0,265.0,1678.0,1678.0,519.0,219.0,325.0,389.0
2.0,1274.0,500.0,731.0,1209.0,941.0,941.0,508.0,223.0,189.0,311.0
2.0,1983.0,485.0,723.0,1678.0,0.0,0.0,499.0,224.0,364.0,121.0
2.0,3176.0,688.0,720.0,941.0,0.0,0.0,500.0,220.0,670.0,18.0
2.0,3429.0,905.0,726.0,0.0,380.0,380.0,511.0,215.0,810.0,95.0
2.0,2524.0,937.0,735.0,0.0,1353.0,1353.0,521.0,214.0,644.0,293.0
2.0,1587.0,714.0,738.0,380.0,1699.0,1699.0,520.0,218.0,321.0,393.0
2.0,1253.0,497.0,732.0,1353.0,819.0,819.0,510.0,222.0,195.0,302.0
2.0,2109.0,494.0,725.0,1699.0,0.0,0.0,502.0,223.0,376.0,118.0
2.0,3314.0,760.0,723.0,819.0,0.0,0.0,504.0,219.0,721.0,39.0
2.0,3373.0,1000.0,730.0,0.0,547.0,547.0,515.0,215.0,850.0,150.0
2.0,2373.0,969.0,738.0,0.0,1548.0,1548.0,524.0,214.0,635.0,334.0
2.0,1404.0,685.0,741.0,547.0,1698.0,1698.0,523.0,218.0,296.0,389.0
2.0,1266.0,484.0,735.0,1548.0,610.0,610.0,514.0,221.0,209.0,275.0
2.0,2330.0,520.0,728.0,1698.0,0.0,0.0,507.0,221.0,417.0,103.0
2.0,3508.0,790.0,724.0,610.0,0.0,0.0,507.0,217.0,742.0,48.0
2.0,3328.0,1087.0,730.0,0.0,679.0,679.0,517.0,213.0,905.0,182.0
2.0,2241.0,1085.0,740.0,0.0,1804.0,1804.0,527.0,213.0,733.0,352.0
2.0,1156.0,773.0,745.0,679.0,1918.0,1918.0,528.0,217.0,375.0,398.0
2.0,1062.0,473.0,740.0,1804.0,567.0,567.0,519.0,221.0,191.0,282.0
2.0,2393.0,530.0,732.0,1918.0,0.0,0.0,511.0,221.0,395.0,135.0
2.0,3781.0,872.0,730.0,567.0,0.0,0.0,512.0,218.0,771.0,101.0
2.0,3476.0,1169.0,736.0,0.0,637.0,637.0,522.0,214.0,957.0,212.0
2.0,2307.0,1099.0,744.0,0.0,1768.0,1768.0,530.0,214.0,745.0,354.0
2.0,1208.0,758.0,748.0,637.0,1905.0,1905.0,530.0,218.0,373.0,385.0
2.0,1087.0,474.0,743.0,1768.0,591.0,591.0,521.0,222.0,175.0,299.0
2.0,2381.0,517.0,735.0,1905.0,0.0,0.0,512.0,223.0,345.0,172.0
2.0,3769.0,873.0,734.0,591.0,0.0,0.0,514.0,220.0,739.0,134.0
2.0,3487.0,1174.0,741.0,0.0,651.0,651.0,525.0,216.0,973.0,201.0
2.0,2313.0,1118.0,751.0,0.0,1809.0,1809.0,535.0,216.0,801.0,317.0
2.0,1195.0,802.0,755.0,651.0,1976.0,1976.0,535.0,220.0,418.0,384.0
2.0,1044.0,518.0,751.0,1809.0,669.0,669.0,526.0,225.0,208.0,310.0
2.0,2335.0,532.0,744.0,1976.0,0.0,0.0,518.0,226.0,357.0,175.0
2.0,3779.0,821.0,742.0,669.0,0.0,0.0,520.0,222.0,715.0,106.0
2.0,3627.0,1068.0,748.0,0.0,433.0,433.0,530.0,218.0,898.0,170.0
2.0,2559.0,1022.0,756.0,0.0,1487.0,1487.0,539.0,217.0,732.0,290.0
2.0,1537.0,719.0,761.0,433.0,1793.0,1793.0,539.0,222.0,371.0,348.0
2.0,1251.0,489.0,758.0,1487.0,783.0,783.0,531.0,227.0,185.0,304.0
2.0,2249.0,540.0,749.0,1793.0,0.0,0.0,521.0,228.0,347.0,193.0
2.0,3502.0,807.0,745.0,783.0,0.0,0.0,521.0,224.0,699.0,108.0
2.0,3478.0,1058.0,751.0,0.0,584.0,584.0,531.0,220.0,915.0,143.0
2.0,2420.0,1013.0,760.0,0.0,1633.0,1633.0,541.0,219.0,746.0,267.0
2.0,1407.0,733.0,766.0,584.0,1806.0,1806.0,542.0,224.0,379.0,354.0
2.0,1258.0,511.0,764.0,1633.0,676.0,676.0,534.0,230.0,194.0,317.0
2.0,2380.0,524.0,757.0,1806.0,0.0,0.0,525.0,232.0,327.0,197.0
2.0,3662.0,778.0,754.0,676.0,0.0,0.0,526.0,228.0,671.0,107.0
2.0,3560.0,1007.0,759.0,0.0,483.0,483.0,536.0,223.0,875.0,132.0
2.0,2553.0,962.0,769.0,0.0,1485.0,1485.0,546.0,223.0,706.0,256.0
2.0,1591.0,650.0,773.0,483.0,1668.0,1668.0,545.0,228.0,307.0,343.0
2.0,1424.0,457.0,768.0,1485.0,620.0,620.0,535.0,233.0,144.0,313.0
2.0,2452.0,574.0,763.0,1668.0,0.0,0.0,528.0,235.0,384.0,190.0
2.0,3546.0,817.0,761.0,620.0,0.0,0.0,530.0,231.0,737.0,80.0
2.0,3349.0,1000.0,766.0,0.0,715.0,715.0,541.0,225.0,889.0,111.0
2.0,2349.0,874.0,773.0,0.0,1617.0,1617.0,549.0,224.0,613.0,261.0
2.0,1475.0,606.0,776.0,715.0,1520.0,1520.0,547.0,229.0,248.0,358.0
2.0,1584.0,465.0,772.0,1617.0,352.0,352.0,537.0,235.0,148.0,317.0
2.0,2736.0,590.0,765.0,1520.0,0.0,0.0,528.0,237.0,383.0,207.0
2.0,3666.0,848.0,763.0,352.0,0.0,0.0,530.0,233.0,726.0,122.0
2.0,3170.0,1005.0,769.0,0.0,911.0,911.0,540.0,229.0,857.0,148.0
2.0,2165.0,921.0,777.0,0.0,1864.0,1864.0,549.0,228.0,664.0,257.0
2.0,1244.0,690.0,781.0,911.0,1659.0,1659.0,549.0,232.0,351.0,339.0
2.0,1465.0,534.0,776.0,1864.0,309.0,309.0,539.0,237.0,218.0,316.0
2.0,2795.0,640.0,770.0,1659.0,0.0,0.0,531.0,239.0,425.0,215.0
2.0,3814.0,879.0,768.0,309.0,0.0,0.0,533.0,235.0,738.0,141.0
2.0,3244.0,1011.0,775.0,0.0,867.0,867.0,544.0,231.0,843.0,168.0
2.0,2233.0,923.0,782.0,0.0,1818.0,1818.0,552.0,230.0,661.0,262.0
2.0,1310.0,740.0,787.0,867.0,1711.0,1711.0,552.0,235.0,396.0,344.0
2.0,1437.0,626.0,784.0,1818.0,507.0,507.0,543.0,241.0,293.0,333.0
2.0,2629.0,673.0,776.0,1711.0,0.0,0.0,535.0,241.0,458.0,215.0
2.0,3667.0,867.0,772.0,507.0,0.0,0.0,535.0,237.0,729.0,138.0
2.0,3307.0,1043.0,777.0,0.0,844.0,844.0,544.0,233.0,855.0,188.0
2.0,2264.0,973.0,786.0,0.0,1853.0,1853.0,553.0,233.0,675.0,298.0
2.0,1291.0,799.0,792.0,844.0,1832.0,1832.0,554.0,238.0,441.0,358.0
2.0,1336.0,663.0,788.0,1853.0,626.0,626.0,546.0,242.0,361.0,302.0
2.0,2526.0,724.0,779.0,1832.0,0.0,0.0,538.0,241.0,525.0,199.0
2.0,3634.0,942.0,776.0,626.0,0.0,0.0,539.0,237.0,796.0,146.0
2.0,3318.0,1080.0,782.0,0.0,890.0,890.0,549.0,233.0,896.0,184.0
2.0,2238.0,1005.0,793.0,0.0,1939.0,1939.0,560.0,233.0,732.0,273.0
2.0,1233.0,774.0,797.0,890.0,1839.0,1839.0,561.0,236.0,439.0,335.0
2.0,1349.0,622.0,792.0,1939.0,502.0,502.0,553.0,239.0,310.0,312.0
2.0,2666.0,700.0,784.0,1839.0,0.0,0.0,544.0,240.0,480.0,220.0
2.0,3805.0,908.0,780.0,502.0,0.0,0.0,543.0,237.0,746.0,162.0
2.0,3399.0,1037.0,784.0,0.0,774.0,774.0,551.0,233.0,844.0,193.0
2.0,2362.0,967.0,792.0,0.0,1773.0,1773.0,560.0,232.0,692.0,275.0
2.0,1395.0,743.0,796.0,774.0,1758.0,1758.0,561.0,235.0,422.0,321.0
2.0,1426.0,618.0,793.0,1773.0,591.0,591.0,554.0,239.0,340.0,278.0
2.0,2581.0,674.0,785.0,1758.0,0.0,0.0,546.0,239.0,478.0,196.0
2.0,3665.0,880.0,782.0,591.0,0.0,0.0,546.0,236.0,736.0,144.0
2.0,3376.0,1000.0,788.0,0.0,776.0,776.0,555.0,233.0,825.0,175.0
2.0,2376.0,917.0,796.0,0.0,1725.0,1725.0,564.0,232.0,651.0,266.0
2.0,1459.0,750.0,800.0,776.0,1715.0,1715.0,565.0,235.0,420.0,330.0
2.0,1485.0,613.0,796.0,1725.0,587.0,587.0,558.0,238.0,327.0,286.0
2.0,2597.0,661.0,789.0,1715.0,0.0,0.0,550.0,239.0,480.0,181.0
2.0,3651.0,809.0,785.0,587.0,0.0,0.0,549.0,236.0,694.0,115.0
2.0,3429.0,917.0,788.0,0.0,640.0,640.0,556.0,232.0,764.0,153.0
2.0,2512.0,867.0,795.0,0.0,1535.0,1535.0,564.0,231.0,591.0,276.0
2.0,1645.0,670.0,798.0,640.0,1577.0,1577.0,564.0,234.0,329.0,341.0
2.0,1615.0,545.0,794.0,1535.0,571.0,571.0,556.0,238.0,252.0,293.0
2.0,2605.0,613.0,786.0,1577.0,0.0,0.0,547.0,239.0,440.0,173.0
2.0,3569.0,805.0,782.0,571.0,0.0,0.0,547.0,235.0,713.0,92.0
2.0,3335.0,954.0,789.0,0.0,775.0,775.0,557.0,232.0,801.0,153.0
2.0,2381.0,900.0,797.0,0.0,1707.0,1707.0,566.0,231.0,620.0,280.0
2.0,1481.0,679.0,799.0,775.0,1619.0,1619.0,565.0,234.0,326.0,353.0
2.0,1577.0,544.0,794.0,1707.0,436.0,436.0,555.0,239.0,233.0,311.0
2.0,2740.0,599.0,786.0,1619.0,0.0,0.0,546.0,240.0,415.0,184.0
2.0,3760.0,837.0,785.0,436.0,0.0,0.0,548.0,237.0,726.0,111.0
2.0,3359.0,1013.0,794.0,0.0,830.0,830.0,560.0,234.0,843.0,170.0
2.0,2346.0,956.0,803.0,0.0,1822.0,1822.0,570.0,233.0,664.0,292.0
2.0,1390.0,690.0,805.0,830.0,1690.0,1690.0,569.0,236.0,330.0,360.0
2.0,1530.0,521.0,799.0,1822.0,365.0,365.0,559.0,240.0,218.0,303.0
2.0,2831.0,616.0,791.0,1690.0,0.0,0.0,551.0,240.0,427.0,189.0
2.0,3905.0,889.0,791.0,365.0,0.0,0.0,553.0,238.0,762.0,127.0
2.0,3381.0,1075.0,798.0,0.0,886.0,886.0,563.0,235.0,872.0,203.0
2.0,2306.0,1023.0,807.0,0.0,1945.0,1945.0,571.0,236.0,675.0,348.0
2.0,1283.0,780.0,810.0,886.0,1851.0,1851.0,570.0,240.0,363.0,417.0
2.0,1389.0,560.0,804.0,1945.0,442.0,442.0,561.0,243.0,246.0,314.0
2.0,2774.0,595.0,796.0,1851.0,0.0,0.0,553.0,243.0,441.0,154.0
2.0,4030.0,913.0,796.0,442.0,0.0,0.0,556.0,240.0,809.0,104.0
2.0,3559.0,1177.0,804.0,0.0,834.0,834.0,567.0,237.0,959.0,218.0
2.0,2382.0,1135.0,814.0,0.0,2009.0,2009.0,576.0,238.0,757.0,378.0
2.0,1247.0,800.0,817.0,834.0,1987.0,1987.0,574.0,243.0,357.0,443.0
2.0,1281.0,527.0,809.0,2009.0,473.0,473.0,563.0,246.0,197.0,330.0
2.0,2763.0,630.0,802.0,1987.0,0.0,0.0,556.0,246.0,466.0,164.0
2.0,4120.0,989.0,802.0,473.0,0.0,0.0,560.0,242.0,883.0,106.0
2.0,3604.0,1236.0,810.0,0.0,872.0,872.0,571.0,239.0,1020.0,216.0
2.0,2368.0,1138.0,820.0,0.0,2050.0,2050.0,579.0,241.0,770.0,368.0
2.0,1230.0,789.0,821.0,872.0,1971.0,1971.0,576.0,245.0,362.0,427.0
2.0,1313.0,539.0,813.0,2050.0,428.0,428.0,564.0,249.0,209.0,330.0
2.0,2824.0,626.0,804.0,1971.0,0.0,0.0,556.0,248.0,462.0,164.0
2.0,4169.0,1006.0,804.0,428.0,0.0,0.0,559.0,245.0,890.0,116.0
2.0,3591.0,1264.0,814.0,0.0,929.0,929.0,571.0,243.0,1044.0,220.0
2.0,2327.0,1201.0,825.0,0.0,2174.0,2174.0,580.0,245.0,808.0,393.0
2.0,1126.0,802.0,827.0,929.0,2055.0,2055.0,578.0,249.0,363.0,439.0
2.0,1253.0,506.0,819.0,2174.0,355.0,355.0,567.0,252.0,191.0,315.0
2.0,2921.0,602.0,811.0,2055.0,0.0,0.0,560.0,251.0,463.0,139.0
2.0,4374.0,955.0,810.0,355.0,0.0,0.0,563.0,247.0,858.0,97.0
2.0,3774.0,1217.0,820.0,0.0,723.0,723.0,575.0,245.0,1008.0,209.0
2.0,2557.0,1102.0,829.0,0.0,1861.0,1861.0,582.0,247.0,741.0,361.0
2.0,1455.0,706.0,829.0,723.0,1844.0,1844.0,579.0,250.0,318.0,388.0
2.0,1472.0,474.0,822.0,1861.0,429.0,429.0,569.0,253.0,195.0,279.0
2.0,2859.0,619.0,814.0,1844.0,0.0,0.0,562.0,252.0,480.0,139.0
2.0,4084.0,965.0,815.0,429.0,0.0,0.0,566.0,249.0,858.0,107.0
2.0,3548.0,1156.0,823.0,0.0,900.0,900.0,576.0,247.0,938.0,218.0
2.0,2392.0,1012.0,831.0,0.0,1944.0,1944.0,583.0,248.0,663.0,349.0
2.0,1380.0,654.0,831.0,900.0,1698.0,1698.0,579.0,252.0,280.0,374.0
2.0,1626.0,449.0,824.0,1944.0,175.0,175.0,569.0,255.0,189.0,260.0
2.0,3121.0,607.0,818.0,1698.0,0.0,0.0,564.0,254.0,482.0,125.0
2.0,4212.0,954.0,820.0,175.0,0.0,0.0,569.0,251.0,855.0,99.0
2.0,3433.0,1140.0,829.0,0.0,1023.0,1023.0,580.0,249.0,913.0,227.0
2.0,2293.0,941.0,836.0,0.0,1992.0,1992.0,586.0,250.0,584.0,357.0
2.0,1352.0,579.0,835.0,1023.0,1544.0,1544.0,582.0,253.0,218.0,361.0
2.0,1796.0,427.0,828.0,1992.0,0.0,0.0,572.0,256.0,190.0,237.0
2.0,3361.0,562.0,820.0,1544.0,0.0,0.0,565.0,255.0,457.0,105.0
2.0,4343.0,902.0,821.0,0.0,0.0,0.0,569.0,252.0,804.0,98.0
2.0,3441.0,1136.0,830.0,0.0,1015.0,1015.0,580.0,250.0,897.0,239.0
2.0,2305.0,948.0,838.0,0.0,1995.0,1995.0,587.0,251.0,582.0,366.0
2.0,1357.0,592.0,837.0,1015.0,1568.0,1568.0,583.0,254.0,237.0,355.0
2.0,1780.0,421.0,830.0,1995.0,0.0,0.0,573.0,257.0,178.0,243.0
2.0,3354.0,631.0,822.0,1568.0,0.0,0.0,566.0,256.0,503.0,128.0
2.0,4291.0,1028.0,823.0,0.0,29.0,29.0,571.0,252.0,913.0,115.0
2.0,3263.0,1175.0,833.0,0.0,1244.0,1244.0,583.0,250.0,946.0,229.0
2.0,2088.0,922.0,841.0,29.0,2169.0,2169.0,590.0,251.0,580.0,342.0
2.0,1195.0,547.0,839.0,1244.0,1464.0,1464.0,585.0,254.0,203.0,344.0
2.0,1892.0,437.0,830.0,2169.0,0.0,0.0,574.0,256.0,189.0,248.0
2.0,3624.0,688.0,823.0,1464.0,0.0,0.0,568.0,255.0,546.0,142.0
2.0,4400.0,1093.0,824.0,0.0,0.0,0.0,573.0,251.0,946.0,147.0
2.0,3307.0,1230.0,833.0,0.0,1255.0,1255.0,585.0,248.0,976.0,254.0
2.0,2077.0,1004.0,842.0,0.0,2295.0,2295.0,593.0,249.0,641.0,363.0
2.0,1073.0,627.0,842.0,1255.0,1667.0,1667.0,589.0,253.0,257.0,370.0
2.0,1701.0,524.0,835.0,2295.0,0.0,0.0,579.0,256.0,260.0,264.0
2.0,3472.0,776.0,827.0,1667.0,0.0,0.0,572.0,255.0,623.0,153.0
2.0,4363.0,1115.0,826.0,0.0,56.0,56.0,576.0,250.0,968.0,147.0
2.0,3248.0,1228.0,835.0,0.0,1320.0,1320.0,588.0,247.0,970.0,258.0
2.0,2020.0,1039.0,845.0,56.0,2343.0,2343.0,597.0,248.0,663.0,376.0
2.0,1037.0,719.0,846.0,1320.0,1746.0,1746.0,594.0,252.0,334.0,385.0
2.0,1638.0,627.0,839.0,2343.0,2.0,2.0,584.0,255.0,347.0,280.0
2.0,3354.0,856.0,832.0,1746.0,0.0,0.0,578.0,254.0,680.0,176.0
2.0,4244.0,1148.0,832.0,2.0,230.0,230.0,581.0,251.0,974.0,174.0
2.0,3098.0,1265.0,841.0,0.0,1531.0,1531.0,593.0,248.0,981.0,284.0
2.0,1833.0,1017.0,851.0,230.0,2358.0,2358.0,602.0,249.0,646.0,371.0
2.0,1046.0,690.0,852.0,1531.0,1521.0,1521.0,599.0,253.0,314.0,376.0
2.0,1887.0,600.0,844.0,2358.0,0.0,0.0,588.0,256.0,329.0,271.0
2.0,3645.0,860.0,836.0,1521.0,0.0,0.0,581.0,255.0,695.0,165.0
2.0,4306.0,1174.0,835.0,0.0,208.0,208.0,585.0,250.0,1009.0,165.0
2.0,3132.0,1224.0,844.0,0.0,1468.0,1468.0,597.0,247.0,955.0,269.0
2.0,1908.0,975.0,853.0,208.0,2271.0,2271.0,605.0,248.0,601.0,374.0
2.0,1141.0,650.0,854.0,1468.0,1457.0,1457.0,601.0,253.0,280.0,370.0
2.0,1959.0,577.0,847.0,2271.0,0.0,0.0,591.0,256.0,318.0,259.0
2.0,3653.0,842.0,839.0,1457.0,0.0,0.0,584.0,255.0,681.0,161.0
2.0,4268.0,1145.0,840.0,0.0,237.0,237.0,589.0,251.0,969.0,176.0
2.0,3123.0,1183.0,849.0,0.0,1456.0,1456.0,600.0,249.0,897.0,286.0
2.0,1940.0,924.0,858.0,237.0,2179.0,2179.0,607.0,251.0,540.0,384.0
2.0,1253.0,640.0,858.0,1456.0,1363.0,1363.0,602.0,256.0,266.0,374.0
2.0,2069.0,574.0,851.0,2179.0,0.0,0.0,592.0,259.0,321.0,253.0
2.0,3674.0,769.0,843.0,1363.0,0.0,0.0,586.0,257.0,633.0,136.0
2.0,4268.0,1029.0,844.0,0.0,137.0,137.0,591.0,253.0,899.0,130.0
2.0,3239.0,1096.0,852.0,0.0,1265.0,1265.0,602.0,250.0,845.0,251.0
2.0,2143.0,881.0,861.0,137.0,2045.0,2045.0,608.0,253.0,497.0,384.0
2.0,1399.0,640.0,861.0,1265.0,1420.0,1420.0,603.0,258.0,234.0,406.0
2.0,2024.0,549.0,853.0,2045.0,0.0,0.0,591.0,262.0,266.0,283.0
2.0,3520.0,750.0,846.0,1420.0,0.0,0.0,586.0,260.0,611.0,139.0
2.0,4190.0,1027.0,848.0,0.0,229.0,229.0,592.0,256.0,900.0,127.0
2.0,3163.0,1070.0,857.0,0.0,1335.0,1335.0,603.0,254.0,814.0,256.0
2.0,2093.0,885.0,865.0,229.0,2023.0,2023.0,609.0,256.0,498.0,387.0
2.0,1437.0,644.0,867.0,1335.0,1340.0,1340.0,605.0,262.0,243.0,401.0
2.0,2128.0,561.0,861.0,2023.0,0.0,0.0,595.0,266.0,291.0,270.0
2.0,3590.0,758.0,854.0,1340.0,0.0,0.0,590.0,264.0,614.0,144.0
2.0,4172.0,1017.0,855.0,0.0,265.0,265.0,596.0,259.0,887.0,130.0
2.0,3155.0,1068.0,864.0,0.0,1369.0,1369.0,607.0,257.0,829.0,239.0
2.0,2087.0,915.0,873.0,265.0,2055.0,2055.0,614.0,259.0,544.0,371.0
2.0,1437.0,668.0,874.0,1369.0,1358.0,1358.0,610.0,264.0,286.0,382.0
2.0,2138.0,610.0,866.0,2055.0,0.0,0.0,599.0,267.0,341.0,269.0
2.0,3583.0,800.0,859.0,1358.0,0.0,0.0,593.0,266.0,657.0,143.0
2.0,4141.0,1048.0,862.0,0.0,355.0,355.0,600.0,262.0,912.0,136.0
2.0,3093.0,1133.0,872.0,0.0,1528.0,1528.0,612.0,260.0,861.0,272.0
2.0,1960.0,934.0,882.0,355.0,2147.0,2147.0,619.0,263.0,536.0,398.0
2.0,1381.0,683.0,882.0,1528.0,1302.0,1302.0,614.0,268.0,287.0,396.0
2.0,2226.0,633.0,873.0,2147.0,0.0,0.0,603.0,270.0,371.0,262.0
2.0,3740.0,884.0,866.0,1302.0,0.0,0.0,598.0,268.0,737.0,147.0
2.0,4158.0,1170.0,870.0,0.0,492.0,492.0,606.0,264.0,1022.0,148.0
2.0,2988.0,1219.0,881.0,0.0,1755.0,1755.0,619.0,262.0,946.0,273.0
2.0,1769.0,977.0,890.0,492.0,2276.0,2276.0,625.0,265.0,566.0,411.0
2.0,1284.0,682.0,888.0,1755.0,1195.0,1195.0,618.0,270.0,277.0,405.0
2.0,2357.0,634.0,879.0,2276.0,0.0,0.0,607.0,272.0,377.0,257.0
2.0,3999.0,902.0,872.0,1195.0,0.0,0.0,603.0,269.0,787.0,115.0
2.0,4292.0,1193.0,875.0,0.0,401.0,401.0,611.0,264.0,1066.0,127.0
2.0,3099.0,1246.0,885.0,0.0,1687.0,1687.0,623.0,262.0,970.0,276.0
2.0,1853.0,1040.0,893.0,401.0,2358.0,2358.0,628.0,265.0,619.0,421.0
2.0,1214.0,719.0,891.0,1687.0,1382.0,1382.0,621.0,270.0,293.0,426.0
2.0,2182.0,636.0,881.0,2358.0,0.0,0.0,609.0,272.0,357.0,279.0
2.0,3904.0,898.0,874.0,1382.0,0.0,0.0,605.0,269.0,759.0,139.0
2.0,4388.0,1183.0,877.0,0.0,303.0,303.0,613.0,264.0,1058.0,125.0
2.0,3205.0,1237.0,887.0,0.0,1580.0,1580.0,625.0,262.0,969.0,268.0
2.0,1968.0,972.0,895.0,303.0,2281.0,2281.0,630.0,265.0,565.0,407.0
2.0,1299.0,671.0,891.0,1580.0,1356.0,1356.0,622.0,269.0,265.0,406.0
2.0,2208.0,651.0,881.0,2281.0,0.0,0.0,609.0,272.0,367.0,284.0
2.0,3838.0,907.0,875.0,1356.0,0.0,0.0,605.0,270.0,751.0,156.0
2.0,4287.0,1172.0,879.0,0.0,401.0,401.0,614.0,265.0,1039.0,133.0
2.0,3115.0,1193.0,889.0,0.0,1634.0,1634.0,627.0,262.0,954.0,239.0
2.0,1922.0,948.0,897.0,401.0,2213.0,2213.0,632.0,265.0,571.0,377.0
2.0,1375.0,679.0,894.0,1634.0,1246.0,1246.0,624.0,270.0,266.0,413.0
2.0,2330.0,669.0,884.0,2213.0,0.0,0.0,612.0,272.0,350.0,319.0
2.0,3874.0,856.0,878.0,1246.0,0.0,0.0,608.0,270.0,685.0,171.0
2.0,4264.0,1063.0,881.0,0.0,323.0,323.0,616.0,265.0,963.0,100.0
2.0,3201.0,1080.0,889.0,0.0,1435.0,1435.0,628.0,261.0,885.0,195.0
2.0,2121.0,887.0,895.0,323.0,2023.0,2023.0,632.0,263.0,531.0,356.0
2.0,1557.0,681.0,894.0,1435.0,1265.0,1265.0,625.0,269.0,265.0,416.0
2.0,2311.0,681.0,886.0,2023.0,0.0,0.0,614.0,272.0,366.0,315.0
2.0,3653.0,800.0,881.0,1265.0,0.0,0.0,611.0,270.0,642.0,158.0
2.0,4118.0,994.0,883.0,0.0,408.0,408.0,618.0,265.0,887.0,107.0
2.0,3124.0,1026.0,890.0,0.0,1462.0,1462.0,629.0,261.0,819.0,207.0
2.0,2098.0,894.0,897.0,408.0,1976.0,1976.0,634.0,263.0,534.0,360.0
2.0,1612.0,738.0,897.0,1462.0,1252.0,1252.0,629.0,268.0,327.0,411.0
2.0,2336.0,651.0,889.0,1976.0,0.0,0.0,618.0,271.0,356.0,295.0
2.0,3661.0,759.0,884.0,1252.0,0.0,0.0,615.0,269.0,616.0,143.0
2.0,4154.0,958.0,885.0,0.0,344.0,344.0,622.0,263.0,859.0,99.0
2.0,3196.0,1069.0,893.0,0.0,1445.0,1445.0,633.0,260.0,834.0,235.0
2.0,2127.0,966.0,901.0,344.0,2099.0,2099.0,638.0,263.0,555.0,411.0
2.0,1505.0,757.0,901.0,1445.0,1411.0,1411.0,632.0,269.0,322.0,435.0
2.0,2193.0,646.0,894.0,2099.0,0.0,0.0,622.0,272.0,358.0,288.0
2.0,3646.0,784.0,888.0,1411.0,0.0,0.0,619.0,269.0,653.0,131.0
2.0,4273.0,1022.0,890.0,0.0,309.0,309.0,626.0,264.0,911.0,111.0
2.0,3251.0,1129.0,899.0,0.0,1474.0,1474.0,637.0,262.0,867.0,262.0
2.0,2122.0,1012.0,907.0,309.0,2209.0,2209.0,642.0,265.0,590.0,422.0
2.0,1419.0,777.0,907.0,1474.0,1512.0,1512.0,636.0,271.0,344.0,433.0
2.0,2116.0,696.0,900.0,2209.0,0.0,0.0,626.0,274.0,406.0,290.0
2.0,3629.0,820.0,894.0,1512.0,0.0,0.0,623.0,271.0,700.0,120.0
2.0,4321.0,1042.0,896.0,0.0,305.0,305.0,631.0,265.0,939.0,103.0
2.0,3279.0,1161.0,905.0,0.0,1502.0,1502.0,643.0,262.0,902.0,259.0
2.0,2118.0,1105.0,914.0,305.0,2338.0,2338.0,648.0,266.0,655.0,450.0
2.0,1318.0,893.0,914.0,1502.0,1729.0,1729.0,642.0,272.0,427.0,466.0
2.0,1927.0,777.0,906.0,2338.0,136.0,136.0,631.0,275.0,466.0,311.0
2.0,3488.0,845.0,900.0,1729.0,0.0,0.0,627.0,273.0,709.0,136.0
2.0,4372.0,1048.0,901.0,136.0,144.0,144.0,634.0,267.0,936.0,112.0
2.0,3460.0,1211.0,912.0,0.0,1399.0,1399.0,647.0,265.0,929.0,282.0
2.0,2249.0,1161.0,921.0,144.0,2452.0,2452.0,652.0,269.0,685.0,476.0
2.0,1232.0,950.0,922.0,1399.0,2007.0,2007.0,646.0,276.0,460.0,490.0
2.0,1681.0,776.0,914.0,2452.0,299.0,299.0,635.0,279.0,470.0,306.0
2.0,3357.0,826.0,906.0,2007.0,0.0,0.0,630.0,276.0,712.0,114.0
2.0,4538.0,1046.0,906.0,299.0,0.0,0.0,636.0,270.0,934.0,112.0
2.0,3791.0,1183.0,915.0,0.0,1052.0,1052.0,647.0,268.0,892.0,291.0
2.0,2608.0,1126.0,925.0,0.0,2218.0,2218.0,653.0,272.0,647.0,479.0
2.0,1482.0,912.0,925.0,1052.0,2078.0,2078.0,647.0,278.0,430.0,482.0
2.0,1622.0,752.0,917.0,2218.0,580.0,580.0,635.0,282.0,438.0,314.0
2.0,3088.0,849.0,909.0,2078.0,0.0,0.0,630.0,279.0,720.0,129.0
2.0,4317.0,1064.0,911.0,580.0,0.0,0.0,637.0,274.0,952.0,112.0
2.0,3833.0,1179.0,921.0,0.0,1030.0,1030.0,650.0,271.0,904.0,275.0
2.0,2654.0,1077.0,928.0,0.0,2135.0,2135.0,654.0,274.0,619.0,458.0
2.0,1577.0,865.0,928.0,1030.0,1970.0,1970.0,647.0,281.0,360.0,505.0
2.0,1742.0,737.0,920.0,2135.0,540.0,540.0,635.0,285.0,401.0,336.0
2.0,3140.0,870.0,913.0,1970.0,0.0,0.0,630.0,283.0,729.0,141.0
2.0,4240.0,1073.0,916.0,540.0,0.0,0.0,638.0,278.0,972.0,101.0
2.0,3707.0,1159.0,925.0,0.0,1152.0,1152.0,650.0,275.0,899.0,260.0
2.0,2548.0,1027.0,931.0,0.0,2203.0,2203.0,654.0,277.0,570.0,457.0
2.0,1521.0,811.0,931.0,1152.0,1862.0,1862.0,648.0,283.0,327.0,484.0
2.0,1862.0,720.0,924.0,2203.0,351.0,351.0,637.0,287.0,412.0,308.0
2.0,3345.0,877.0,921.0,1862.0,0.0,0.0,635.0,286.0,762.0,115.0
2.0,4330.0,1086.0,924.0,351.0,101.0,101.0,643.0,281.0,989.0,97.0
2.0,3595.0,1135.0,933.0,0.0,1272.0,1272.0,655.0,278.0,877.0,258.0
2.0,2460.0,943.0,938.0,101.0,2134.0,2134.0,658.0,280.0,500.0,443.0
2.0,1618.0,722.0,937.0,1272.0,1580.0,1580.0,651.0,286.0,265.0,457.0
2.0,2168.0,715.0,931.0,2134.0,137.0,137.0,641.0,290.0,414.0,301.0
2.0,3587.0,926.0,929.0,1580.0,0.0,0.0,641.0,288.0,811.0,115.0
2.0,4241.0,1106.0,934.0,137.0,464.0,464.0,651.0,283.0,1016.0,90.0
2.0,3272.0,1062.0,940.0,0.0,1550.0,1550.0,660.0,280.0,817.0,245.0
2.0,2210.0,823.0,943.0,464.0,1921.0,1921.0,661.0,282.0,409.0,414.0
2.0,1851.0,640.0,941.0,1550.0,1003.0,1003.0,653.0,288.0,201.0,439.0
2.0,2761.0,701.0,935.0,1921.0,0.0,0.0,644.0,291.0,413.0,288.0
2.0,3981.0,933.0,933.0,1003.0,0.0,0.0,644.0,289.0,829.0,104.0
2.0,4051.0,1124.0,936.0,0.0,817.0,817.0,654.0,282.0,1047.0,77.0
2.0,2927.0,1047.0,942.0,0.0,1888.0,1888.0,664.0,278.0,828.0,219.0
2.0,1880.0,881.0,946.0,817.0,1968.0,1968.0,665.0,281.0,455.0,426.0
2.0,1816.0,730.0,945.0,1888.0,806.0,806.0,658.0,287.0,277.0,453.0
2.0,2974.0,783.0,940.0,1968.0,0.0,0.0,650.0,290.0,497.0,286.0
2.0,4159.0,980.0,937.0,806.0,0.0,0.0,650.0,287.0,874.0,106.0
2.0,3985.0,1125.0,940.0,0.0,900.0,900.0,659.0,281.0,1040.0,85.0
2.0,2860.0,1044.0,945.0,0.0,1964.0,1964.0,668.0,277.0,794.0,250.0
2.0,1816.0,831.0,948.0,900.0,1907.0,1907.0,668.0,280.0,410.0,421.0
2.0,1885.0,715.0,945.0,1964.0,646.0,646.0,659.0,286.0,255.0,460.0
2.0,3134.0,816.0,942.0,1907.0,0.0,0.0,651.0,291.0,495.0,321.0
2.0,4225.0,1074.0,940.0,646.0,0.0,0.0,651.0,289.0,924.0,150.0
2.0,3797.0,1205.0,942.0,0.0,1176.0,1176.0,660.0,282.0,1097.0,108.0
2.0,2592.0,1098.0,946.0,0.0,2290.0,2290.0,668.0,278.0,867.0,231.0
2.0,1494.0,866.0,947.0,1176.0,1984.0,1984.0,668.0,279.0,465.0,401.0
2.0,1804.0,734.0,945.0,2290.0,420.0,420.0,660.0,285.0,287.0,447.0
2.0,3360.0,919.0,943.0,1984.0,0.0,0.0,653.0,290.0,577.0,342.0
2.0,4425.0,1158.0,942.0,420.0,81.0,81.0,654.0,288.0,980.0,178.0
2.0,3687.0,1250.0,943.0,0.0,1335.0,1335.0,662.0,281.0,1126.0,124.0
2.0,2437.0,1092.0,946.0,81.0,2358.0,2358.0,670.0,276.0,845.0,247.0
2.0,1426.0,833.0,947.0,1335.0,1860.0,1860.0,669.0,278.0,421.0,412.0
2.0,1928.0,755.0,946.0,2358.0,253.0,253.0,661.0,285.0,295.0,460.0
2.0,3531.0,948.0,943.0,1860.0,0.0,0.0,654.0,289.0,602.0,346.0
2.0,4443.0,1179.0,943.0,253.0,255.0,255.0,656.0,287.0,997.0,182.0
2.0,3517.0,1226.0,946.0,0.0,1493.0,1493.0,665.0,281.0,1094.0,132.0
2.0,2291.0,1069.0,949.0,255.0,2319.0,2319.0,673.0,276.0,816.0,253.0
2.0,1477.0,860.0,950.0,1493.0,1690.0,1690.0,672.0,278.0,432.0,428.0
2.0,2110.0,766.0,949.0,2319.0,133.0,133.0,664.0,285.0,287.0,479.0
2.0,3663.0,910.0,946.0,1690.0,0.0,0.0,656.0,290.0,550.0,360.0
2.0,4443.0,1145.0,945.0,133.0,349.0,349.0,657.0,288.0,957.0,188.0
2.0,3431.0,1228.0,948.0,0.0,1589.0,1589.0,666.0,282.0,1093.0,135.0
2.0,2203.0,1089.0,953.0,349.0,2349.0,2349.0,676.0,277.0,841.0,248.0
2.0,1463.0,829.0,955.0,1589.0,1597.0,1597.0,676.0,279.0,415.0,414.0
2.0,2223.0,738.0,952.0,2349.0,0.0,0.0,667.0,285.0,260.0,478.0
2.0,3834.0,947.0,949.0,1597.0,0.0,0.0,659.0,290.0,569.0,378.0
2.0,4484.0,1204.0,950.0,0.0,520.0,520.0,661.0,289.0,1004.0,200.0
2.0,3280.0,1201.0,954.0,0.0,1737.0,1737.0,671.0,283.0,1092.0,109.0
2.0,2079.0,965.0,956.0,520.0,2190.0,2190.0,679.0,277.0,746.0,219.0
2.0,1634.0,736.0,957.0,1737.0,1193.0,1193.0,678.0,279.0,326.0,410.0
2.0,2635.0,724.0,954.0,2190.0,0.0,0.0,668.0,286.0,252.0,472.0
2.0,4101.0,973.0,952.0,1193.0,0.0,0.0,661.0,291.0,613.0,360.0
2.0,4321.0,1233.0,954.0,0.0,728.0,728.0,664.0,290.0,1038.0,195.0
2.0,3088.0,1241.0,959.0,0.0,1989.0,1989.0,675.0,284.0,1097.0,144.0
2.0,1847.0,970.0,964.0,728.0,2251.0,2251.0,684.0,280.0,724.0,246.0
2.0,1605.0,662.0,963.0,1989.0,920.0,920.0,681.0,282.0,267.0,395.0
2.0,2932.0,654.0,958.0,2251.0,0.0,0.0,670.0,288.0,218.0,436.0
2.0,4529.0,978.0,956.0,920.0,0.0,0.0,663.0,293.0,638.0,340.0
2.0,4471.0,1294.0,960.0,0.0,663.0,663.0,668.0,292.0,1097.0,197.0
2.0,3177.0,1307.0,970.0,0.0,2010.0,2010.0,683.0,287.0,1168.0,139.0
2.0,1870.0,999.0,977.0,663.0,2374.0,2374.0,694.0,283.0,773.0,226.0
2.0,1534.0,660.0,975.0,2010.0,1016.0,1016.0,691.0,284.0,290.0,370.0
2.0,2884.0,596.0,969.0,2374.0,0.0,0.0,678.0,291.0,152.0,444.0
2.0,4662.0,903.0,965.0,1016.0,0.0,0.0,668.0,297.0,532.0,371.0
2.0,4775.0,1286.0,969.0,0.0,387.0,387.0,673.0,296.0,1076.0,210.0
2.0,3489.0,1339.0,979.0,0.0,1766.0,1766.0,688.0,291.0,1210.0,129.0
2.0,2150.0,1049.0,984.0,387.0,2448.0,2448.0,698.0,286.0,831.0,218.0
2.0,1488.0,683.0,983.0,1766.0,1361.0,1361.0,695.0,288.0,307.0,376.0
2.0,2571.0,604.0,975.0,2448.0,0.0,0.0,681.0,294.0,162.0,442.0
2.0,4415.0,894.0,971.0,1361.0,0.0,0.0,671.0,300.0,533.0,361.0
2.0,4882.0,1283.0,975.0,0.0,301.0,301.0,676.0,299.0,1065.0,218.0
2.0,3599.0,1412.0,987.0,0.0,1761.0,1761.0,693.0,294.0,1261.0,151.0
2.0,2187.0,1141.0,994.0,301.0,2629.0,2629.0,705.0,289.0,913.0,228.0
2.0,1347.0,727.0,993.0,1761.0,1591.0,1591.0,703.0,290.0,359.0,368.0
2.0,2381.0,590.0,984.0,2629.0,0.0,0.0,688.0,296.0,161.0,429.0
2.0,4420.0,861.0,977.0,1591.0,0.0,0.0,676.0,301.0,497.0,364.0
2.0,5150.0,1269.0,981.0,0.0,43.0,43.0,680.0,301.0,1040.0,229.0
2.0,3881.0,1428.0,991.0,0.0,1511.0,1511.0,695.0,296.0,1253.0,175.0
2.0,2453.0,1165.0,999.0,43.0,2665.0,2665.0,707.0,292.0,913.0,252.0
2.0,1331.0,758.0,996.0,1511.0,1900.0,1900.0,703.0,293.0,378.0,380.0
2.0,2084.0,570.0,985.0,2665.0,0.0,0.0,687.0,298.0,143.0,427.0
2.0,4179.0,798.0,976.0,1900.0,0.0,0.0,674.0,302.0,447.0,351.0
2.0,5281.0,1232.0,979.0,0.0,0.0,0.0,677.0,302.0,1013.0,219.0
2.0,4049.0,1449.0,991.0,0.0,1364.0,1364.0,694.0,297.0,1277.0,172.0
2.0,2600.0,1239.0,1000.0,0.0,2639.0,2639.0,707.0,293.0,976.0,263.0
2.0,1361.0,831.0,998.0,1364.0,2098.0,2098.0,703.0,295.0,424.0,407.0
2.0,1894.0,640.0,988.0,2639.0,59.0,59.0,688.0,300.0,187.0,453.0
2.0,3893.0,852.0,980.0,2098.0,0.0,0.0,676.0,304.0,498.0,354.0
2.0,5139.0,1244.0,984.0,59.0,0.0,0.0,681.0,303.0,1036.0,208.0
2.0,3954.0,1428.0,995.0,0.0,1454.0,1454.0,697.0,298.0,1262.0,166.0
2.0,2526.0,1183.0,1003.0,0.0,2669.0,2669.0,709.0,294.0,921.0,262.0
2.0,1343.0,769.0,1000.0,1454.0,1972.0,1972.0,705.0,295.0,360.0,409.0
2.0,2028.0,615.0,990.0,2669.0,0.0,0.0,690.0,300.0,157.0,458.0
2.0,4082.0,893.0,983.0,1972.0,0.0,0.0,679.0,304.0,536.0,357.0
2.0,5161.0,1294.0,988.0,0.0,85.0,85.0,684.0,304.0,1082.0,212.0
2.0,3867.0,1423.0,999.0,0.0,1552.0,1552.0,700.0,299.0,1268.0,155.0
2.0,2444.0,1161.0,1007.0,85.0,2660.0,2660.0,713.0,294.0,933.0,228.0
2.0,1368.0,783.0,1004.0,1552.0,1879.0,1879.0,710.0,294.0,417.0,366.0
2.0,2137.0,660.0,993.0,2660.0,0.0,0.0,695.0,298.0,214.0,446.0
2.0,4137.0,866.0,987.0,1879.0,0.0,0.0,683.0,304.0,491.0,375.0
2.0,5150.0,1214.0,991.0,0.0,28.0,28.0,688.0,303.0,1000.0,214.0
2.0,3936.0,1338.0,1003.0,0.0,1414.0,1414.0,705.0,298.0,1200.0,138.0
2.0,2598.0,1147.0,1011.0,28.0,2565.0,2565.0,718.0,293.0,936.0,211.0
2.0,1479.0,819.0,1008.0,1414.0,1958.0,1958.0,715.0,293.0,446.0,373.0
2.0,2074.0,693.0,998.0,2565.0,46.0,46.0,699.0,299.0,231.0,462.0
2.0,3946.0,880.0,991.0,1958.0,0.0,0.0,688.0,303.0,494.0,386.0
2.0,5024.0,1188.0,996.0,46.0,102.0,102.0,693.0,303.0,973.0,215.0
2.0,3882.0,1334.0,1008.0,0.0,1484.0,1484.0,711.0,297.0,1216.0,118.0
2.0,2548.0,1110.0,1016.0,102.0,2524.0,2524.0,724.0,292.0,924.0,186.0
2.0,1540.0,759.0,1013.0,1484.0,1787.0,1787.0,720.0,293.0,407.0,352.0
2.0,2265.0,655.0,1001.0,2524.0,0.0,0.0,703.0,298.0,203.0,452.0
2.0,4134.0,906.0,992.0,1787.0,0.0,0.0,690.0,302.0,515.0,391.0
2.0,5015.0,1231.0,997.0,0.0,204.0,204.0,695.0,302.0,1010.0,221.0
2.0,3784.0,1299.0,1010.0,0.0,1555.0,1555.0,712.0,298.0,1174.0,125.0
2.0,2485.0,1056.0,1018.0,204.0,2439.0,2439.0,725.0,293.0,850.0,206.0
2.0,1633.0,752.0,1015.0,1555.0,1624.0,1624.0,722.0,293.0,383.0,369.0
2.0,2436.0,695.0,1004.0,2439.0,0.0,0.0,706.0,298.0,232.0,463.0
2.0,4180.0,933.0,996.0,1624.0,0.0,0.0,693.0,303.0,547.0,386.0
2.0,4871.0,1250.0,1000.0,0.0,379.0,379.0,697.0,303.0,1029.0,221.0
2.0,3621.0,1318.0,1012.0,0.0,1745.0,1745.0,714.0,298.0,1174.0,144.0
2.0,2303.0,1046.0,1021.0,379.0,2448.0,2448.0,727.0,294.0,829.0,217.0
2.0,1636.0,707.0,1017.0,1745.0,1394.0,1394.0,723.0,294.0,340.0,367.0
2.0,2674.0,653.0,1005.0,2448.0,0.0,0.0,706.0,299.0,194.0,459.0
2.0,4469.0,929.0,995.0,1394.0,0.0,0.0,692.0,303.0,542.0,387.0
2.0,4934.0,1294.0,999.0,0.0,356.0,356.0,695.0,304.0,1057.0,237.0
2.0,3640.0,1358.0,1011.0,0.0,1762.0,1762.0,712.0,299.0,1208.0,150.0
2.0,2282.0,1050.0,1020.0,356.0,2492.0,2492.0,725.0,295.0,846.0,204.0
2.0,1588.0,712.0,1017.0,1762.0,1430.0,1430.0,722.0,295.0,347.0,365.0
2.0,2638.0,679.0,1006.0,2492.0,0.0,0.0,706.0,300.0,194.0,485.0
2.0,4451.0,1052.0,998.0,1430.0,0.0,0.0,693.0,305.0,611.0,441.0
2.0,4829.0,1414.0,1003.0,0.0,597.0,597.0,698.0,305.0,1143.0,271.0
2.0,3415.0,1440.0,1016.0,0.0,2089.0,2089.0,715.0,301.0,1285.0,155.0
2.0,1975.0,1065.0,1026.0,597.0,2597.0,2597.0,729.0,297.0,853.0,212.0
2.0,1507.0,675.0,1023.0,2089.0,1171.0,1171.0,726.0,297.0,304.0,371.0
2.0,2921.0,663.0,1012.0,2597.0,0.0,0.0,710.0,302.0,186.0,477.0
2.0,4855.0,1084.0,1006.0,1171.0,0.0,0.0,698.0,308.0,638.0,446.0
2.0,4942.0,1477.0,1010.0,0.0,575.0,575.0,702.0,308.0,1186.0,291.0
2.0,3465.0,1431.0,1022.0,0.0,2054.0,2054.0,718.0,304.0,1248.0,183.0
2.0,2034.0,1026.0,1028.0,575.0,2529.0,2529.0,729.0,299.0,800.0,226.0
2.0,1583.0,650.0,1025.0,2054.0,1113.0,1113.0,725.0,300.0,289.0,361.0
2.0,2987.0,687.0,1015.0,2529.0,0.0,0.0,710.0,305.0,217.0,470.0
2.0,4829.0,1090.0,1008.0,1113.0,0.0,0.0,698.0,310.0,646.0,444.0
2.0,4852.0,1511.0,1014.0,0.0,715.0,715.0,703.0,311.0,1201.0,310.0
2.0,3341.0,1528.0,1029.0,0.0,2303.0,2303.0,722.0,307.0,1317.0,211.0
2.0,1813.0,1092.0,1038.0,715.0,2716.0,2716.0,735.0,303.0,869.0,223.0
2.0,1436.0,637.0,1033.0,2303.0,1030.0,1030.0,731.0,302.0,289.0,348.0
2.0,3102.0,632.0,1020.0,2716.0,0.0,0.0,713.0,307.0,172.0,460.0
2.0,5186.0,1107.0,1014.0,1030.0,0.0,0.0,701.0,313.0,667.0,440.0
2.0,5109.0,1595.0,1022.0,0.0,574.0,574.0,708.0,314.0,1283.0,312.0
2.0,3514.0,1570.0,1037.0,0.0,2204.0,2204.0,726.0,311.0,1363.0,207.0
2.0,1944.0,1009.0,1045.0,574.0,2671.0,2671.0,738.0,307.0,806.0,203.0
2.0,1509.0,495.0,1037.0,2204.0,930.0,930.0,732.0,305.0,178.0,317.0
2.0,3218.0,552.0,1025.0,2671.0,0.0,0.0,715.0,310.0,125.0,427.0
2.0,5337.0,1135.0,1021.0,930.0,0.0,0.0,706.0,315.0,709.0,426.0
2.0,5132.0,1658.0,1030.0,0.0,646.0,646.0,713.0,317.0,1339.0,319.0
2.0,3474.0,1614.0,1046.0,0.0,2324.0,2324.0,732.0,314.0,1403.0,211.0
2.0,1860.0,1012.0,1052.0,646.0,2714.0,2714.0,743.0,309.0,810.0,202.0
2.0,1494.0,446.0,1043.0,2324.0,800.0,800.0,736.0,307.0,156.0,290.0
2.0,3372.0,464.0,1030.0,2714.0,0.0,0.0,719.0,311.0,74.0,390.0
2.0,5622.0,1073.0,1024.0,800.0,0.0,0.0,708.0,316.0,660.0,413.0
2.0,5349.0,1649.0,1035.0,0.0,440.0,440.0,716.0,319.0,1322.0,327.0
2.0,3700.0,1626.0,1051.0,0.0,2130.0,2130.0,735.0,316.0,1414.0,212.0
2.0,2074.0,980.0,1058.0,440.0,2698.0,2698.0,747.0,311.0,810.0,170.0
2.0,1534.0,341.0,1047.0,2130.0,865.0,865.0,739.0,308.0,94.0,247.0
2.0,3323.0,398.0,1031.0,2698.0,0.0,0.0,720.0,311.0,18.0,380.0
2.0,5623.0,1010.0,1026.0,865.0,0.0,0.0,709.0,317.0,594.0,416.0
2.0,5478.0,1629.0,1036.0,0.0,295.0,295.0,717.0,319.0,1296.0,333.0
2.0,3849.0,1655.0,1053.0,0.0,2018.0,2018.0,737.0,316.0,1433.0,222.0
2.0,2194.0,1013.0,1060.0,295.0,2764.0,2764.0,749.0,311.0,825.0,188.0
2.0,1476.0,355.0,1049.0,2018.0,1057.0,1057.0,740.0,309.0,92.0,263.0
2.0,3139.0,403.0,1033.0,2764.0,0.0,0.0,721.0,312.0,30.0,373.0
2.0,5500.0,1036.0,1027.0,1057.0,0.0,0.0,711.0,316.0,643.0,393.0
2.0,5521.0,1649.0,1038.0,0.0,280.0,280.0,720.0,318.0,1338.0,311.0
2.0,3872.0,1616.0,1056.0,0.0,1968.0,1968.0,741.0,315.0,1417.0,199.0
2.0,2256.0,968.0,1063.0,280.0,2684.0,2684.0,753.0,310.0,785.0,183.0
2.0,1568.0,377.0,1052.0,1968.0,1049.0,1049.0,744.0,308.0,85.0,292.0
2.0,3159.0,423.0,1035.0,2684.0,0.0,0.0,724.0,311.0,21.0,402.0
2.0,5420.0,1105.0,1030.0,1049.0,0.0,0.0,714.0,316.0,686.0,419.0
2.0,5364.0,1682.0,1042.0,0.0,486.0,486.0,724.0,318.0,1360.0,322.0
2.0,3682.0,1642.0,1060.0,0.0,2200.0,2200.0,744.0,316.0,1410.0,232.0
2.0,2040.0,989.0,1066.0,486.0,2727.0,2727.0,755.0,311.0,773.0,216.0
2.0,1537.0,406.0,1054.0,2200.0,885.0,885.0,746.0,308.0,116.0,290.0
2.0,3331.0,473.0,1035.0,2727.0,0.0,0.0,725.0,310.0,71.0,402.0
2.0,5585.0,1111.0,1029.0,885.0,0.0,0.0,713.0,316.0,678.0,433.0
2.0,5359.0,1706.0,1041.0,0.0,511.0,511.0,723.0,318.0,1348.0,358.0
2.0,3653.0,1659.0,1060.0,0.0,2246.0,2246.0,744.0,316.0,1412.0,247.0
2.0,1994.0,1054.0,1068.0,511.0,2821.0,2821.0,757.0,311.0,841.0,213.0
2.0,1451.0,476.0,1056.0,2246.0,1003.0,1003.0,748.0,308.0,179.0,297.0
2.0,3221.0,497.0,1037.0,2821.0,0.0,0.0,727.0,310.0,92.0,405.0
2.0,5545.0,1119.0,1032.0,1003.0,0.0,0.0,716.0,316.0,667.0,452.0
2.0,5429.0,1734.0,1045.0,0.0,485.0,485.0,726.0,319.0,1352.0,382.0
2.0,3695.0,1725.0,1066.0,0.0,2294.0,2294.0,749.0,317.0,1448.0,277.0
2.0,1970.0,1115.0,1074.0,485.0,2956.0,2956.0,762.0,312.0,887.0,228.0
2.0,1340.0,497.0,1062.0,2294.0,1111.0,1111.0,753.0,309.0,215.0,282.0
2.0,3137.0,496.0,1043.0,2956.0,0.0,0.0,732.0,311.0,111.0,385.0
2.0,5597.0,1112.0,1035.0,1111.0,0.0,0.0,720.0,315.0,677.0,435.0
2.0,5596.0,1763.0,1048.0,0.0,359.0,359.0,730.0,318.0,1375.0,388.0
2.0,3833.0,1729.0,1069.0,0.0,2172.0,2172.0,752.0,317.0,1438.0,291.0
2.0,2104.0,1091.0,1078.0,359.0,2940.0,2940.0,765.0,313.0,862.0,229.0
2.0,1372.0,504.0,1066.0,2172.0,1224.0,1224.0,757.0,309.0,233.0,271.0
2.0,3040.0,537.0,1046.0,2940.0,0.0,0.0,735.0,311.0,159.0,378.0
2.0,5443.0,1130.0,1037.0,1224.0,0.0,0.0,722.0,315.0,698.0,432.0
2.0,5537.0,1700.0,1050.0,0.0,363.0,363.0,732.0,318.0,1318.0,382.0
2.0,3837.0,1685.0,1074.0,0.0,2144.0,2144.0,756.0,318.0,1399.0,286.0
2.0,2152.0,1073.0,1084.0,363.0,2894.0,2894.0,770.0,314.0,843.0,230.0
2.0,1442.0,486.0,1071.0,2144.0,1184.0,1184.0,760.0,311.0,211.0,275.0
2.0,3100.0,499.0,1049.0,2894.0,0.0,0.0,737.0,312.0,126.0,373.0
2.0,5495.0,1111.0,1039.0,1184.0,0.0,0.0,723.0,316.0,684.0,427.0
2.0,5568.0,1697.0,1052.0,0.0,337.0,337.0,733.0,319.0,1334.0,363.0
2.0,3871.0,1648.0,1076.0,0.0,2081.0,2081.0,757.0,319.0,1391.0,257.0
2.0,2223.0,1009.0,1086.0,337.0,2793.0,2793.0,770.0,316.0,780.0,229.0
2.0,1551.0,465.0,1074.0,2081.0,1129.0,1129.0,761.0,313.0,161.0,304.0
2.0,3167.0,526.0,1053.0,2793.0,0.0,0.0,738.0,315.0,125.0,401.0
2.0,5434.0,1134.0,1043.0,1129.0,0.0,0.0,724.0,319.0,719.0,415.0
2.0,5429.0,1665.0,1056.0,0.0,460.0,460.0,734.0,322.0,1329.0,336.0
2.0,3764.0,1575.0,1080.0,0.0,2131.0,2131.0,758.0,322.0,1330.0,245.0
2.0,2189.0,958.0,1091.0,460.0,2673.0,2673.0,772.0,319.0,744.0,214.0
2.0,1691.0,428.0,1079.0,2131.0,922.0,922.0,763.0,316.0,137.0,291.0
2.0,3394.0,525.0,1058.0,2673.0,0.0,0.0,740.0,318.0,114.0,411.0
2.0,5542.0,1091.0,1048.0,922.0,0.0,0.0,726.0,322.0,666.0,425.0
2.0,5373.0,1572.0,1058.0,0.0,431.0,431.0,734.0,324.0,1243.0,329.0
2.0,3801.0,1545.0,1081.0,0.0,2068.0,2068.0,757.0,324.0,1325.0,220.0
2.0,2256.0,997.0,1093.0,431.0,2682.0,2682.0,772.0,321.0,787.0,210.0
2.0,1690.0,488.0,1082.0,2068.0,1058.0,1058.0,763.0,319.0,175.0,313.0
2.0,3270.0,520.0,1060.0,2682.0,0.0,0.0,739.0,321.0,103.0,417.0
2.0,5432.0,1094.0,1051.0,1058.0,0.0,0.0,725.0,326.0,661.0,433.0
2.0,5396.0,1562.0,1061.0,0.0,410.0,410.0,733.0,328.0,1227.0,335.0
2.0,3834.0,1580.0,1085.0,0.0,2086.0,2086.0,758.0,327.0,1358.0,222.0
2.0,2254.0,1078.0,1097.0,410.0,2802.0,2802.0,774.0,323.0,870.0,208.0
2.0,1586.0,595.0,1087.0,2086.0,1271.0,1271.0,766.0,321.0,284.0,311.0
2.0,3077.0,545.0,1065.0,2802.0,0.0,0.0,742.0,323.0,117.0,428.0
2.0,5334.0,1028.0,1054.0,1271.0,0.0,0.0,726.0,328.0,575.0,453.0
2.0,5577.0,1542.0,1064.0,0.0,221.0,221.0,734.0,330.0,1191.0,351.0
2.0,4035.0,1598.0,1088.0,0.0,1915.0,1915.0,759.0,329.0,1380.0,218.0
2.0,2437.0,1140.0,1101.0,221.0,2886.0,2886.0,776.0,325.0,960.0,180.0
2.0,1518.0,658.0,1091.0,1915.0,1589.0,1589.0,769.0,322.0,339.0,319.0
2.0,2775.0,625.0,1071.0,2886.0,0.0,0.0,746.0,325.0,149.0,476.0
2.0,5036.0,1077.0,1059.0,1589.0,0.0,0.0,730.0,329.0,584.0,493.0
2.0,5548.0,1595.0,1070.0,0.0,327.0,327.0,738.0,332.0,1249.0,346.0
2.0,3953.0,1664.0,1093.0,0.0,2083.0,2083.0,763.0,330.0,1471.0,193.0
2.0,2289.0,1225.0,1107.0,327.0,3037.0,3037.0,781.0,326.0,1039.0,186.0
2.0,1391.0,700.0,1098.0,2083.0,1618.0,1618.0,775.0,323.0,365.0,335.0
2.0,2774.0,643.0,1078.0,3037.0,0.0,0.0,752.0,326.0,147.0,496.0
2.0,5168.0,1123.0,1066.0,1618.0,0.0,0.0,736.0,330.0,619.0,504.0
2.0,5663.0,1611.0,1076.0,0.0,252.0,252.0,744.0,332.0,1265.0,346.0
2.0,4052.0,1652.0,1098.0,0.0,1992.0,1992.0,768.0,330.0,1479.0,173.0
2.0,2400.0,1193.0,1112.0,252.0,2989.0,2989.0,786.0,326.0,1039.0,154.0
2.0,1459.0,749.0,1105.0,1992.0,1718.0,1718.0,781.0,324.0,420.0,329.0
2.0,2702.0,706.0,1084.0,2989.0,0.0,0.0,758.0,326.0,201.0,505.0
2.0,4985.0,1105.0,1072.0,1718.0,0.0,0.0,742.0,330.0,608.0,497.0
2.0,5598.0,1555.0,1081.0,0.0,281.0,281.0,749.0,332.0,1214.0,341.0
2.0,4043.0,1626.0,1102.0,0.0,1991.0,1991.0,772.0,330.0,1445.0,181.0
2.0,2417.0,1198.0,1115.0,281.0,2960.0,2960.0,789.0,326.0,1023.0,175.0
2.0,1500.0,729.0,1108.0,1991.0,1670.0,1670.0,783.0,325.0,394.0,335.0
2.0,2762.0,671.0,1088.0,2960.0,0.0,0.0,761.0,327.0,166.0,505.0
2.0,5051.0,1056.0,1075.0,1670.0,0.0,0.0,744.0,331.0,544.0,512.0
2.0,5665.0,1515.0,1084.0,0.0,186.0,186.0,751.0,333.0,1192.0,323.0
2.0,4150.0,1617.0,1106.0,0.0,1891.0,1891.0,775.0,331.0,1461.0,156.0
2.0,2533.0,1209.0,1120.0,186.0,2970.0,2970.0,793.0,327.0,1054.0,155.0
2.0,1510.0,725.0,1113.0,1891.0,1776.0,1776.0,788.0,325.0,404.0,321.0
2.0,2676.0,627.0,1091.0,2970.0,0.0,0.0,764.0,327.0,124.0,503.0
2.0,5019.0,1046.0,1080.0,1776.0,0.0,0.0,748.0,332.0,536.0,510.0
2.0,5749.0,1544.0,1090.0,0.0,155.0,155.0,756.0,334.0,1211.0,333.0
2.0,4205.0,1586.0,1112.0,0.0,1829.0,1829.0,781.0,331.0,1429.0,157.0
2.0,2619.0,1071.0,1122.0,155.0,2785.0,2785.0,796.0,326.0,932.0,139.0
2.0,1703.0,564.0,1111.0,1829.0,1476.0,1476.0,787.0,324.0,257.0,307.0
2.0,2968.0,584.0,1090.0,2785.0,0.0,0.0,763.0,327.0,93.0,491.0
2.0,5169.0,1129.0,1082.0,1476.0,0.0,0.0,750.0,332.0,610.0,519.0
2.0,5516.0,1658.0,1095.0,0.0,522.0,522.0,760.0,335.0,1304.0,354.0
2.0,3858.0,1609.0,1118.0,0.0,2223.0,2223.0,786.0,332.0,1452.0,157.0
2.0,2249.0,1042.0,1128.0,522.0,2783.0,2783.0,801.0,327.0,915.0,127.0
2.0,1729.0,493.0,1116.0,2223.0,1005.0,1005.0,792.0,324.0,201.0,292.0
2.0,3459.0,485.0,1095.0,2783.0,0.0,0.0,768.0,327.0,0.0,485.0
2.0,5757.0,1055.0,1086.0,1005.0,0.0,0.0,753.0,333.0,528.0,527.0
2.0,5707.0,1629.0,1098.0,0.0,314.0,314.0,762.0,336.0,1273.0,356.0
2.0,4078.0,1637.0,1120.0,0.0,2039.0,2039.0,787.0,333.0,1483.0,154.0
2.0,2441.0,1048.0,1130.0,314.0,2813.0,2813.0,803.0,327.0,928.0,120.0
2.0,1707.0,487.0,1119.0,2039.0,1217.0,1217.0,794.0,325.0,195.0,292.0
2.0,3259.0,537.0,1099.0,2813.0,0.0,0.0,771.0,328.0,33.0,504.0
2.0,5535.0,1139.0,1090.0,1217.0,0.0,0.0,756.0,334.0,581.0,558.0
2.0,5613.0,1712.0,1103.0,0.0,511.0,511.0,765.0,338.0,1320.0,392.0
2.0,3901.0,1655.0,1123.0,0.0,2246.0,2246.0,788.0,335.0,1488.0,167.0
2.0,2246.0,1059.0,1133.0,511.0,2834.0,2834.0,804.0,329.0,928.0,131.0
2.0,1698.0,536.0,1124.0,2246.0,1088.0,1088.0,797.0,327.0,236.0,300.0
2.0,3408.0,635.0,1107.0,2834.0,0.0,0.0,777.0,330.0,115.0,520.0
2.0,5607.0,1251.0,1100.0,1088.0,0.0,0.0,763.0,337.0,663.0,588.0
2.0,5444.0,1782.0,1112.0,0.0,786.0,786.0,770.0,342.0,1348.0,434.0
2.0,3662.0,1721.0,1133.0,0.0,2591.0,2591.0,793.0,340.0,1518.0,203.0
2.0,1941.0,1122.0,1142.0,786.0,2963.0,2963.0,809.0,333.0,998.0,124.0
2.0,1605.0,544.0,1132.0,2591.0,876.0,876.0,803.0,329.0,260.0,284.0
2.0,3652.0,592.0,1113.0,2963.0,0.0,0.0,781.0,332.0,82.0,510.0
2.0,6023.0,1239.0,1105.0,876.0,0.0,0.0,765.0,340.0,641.0,598.0
2.0,5660.0,1798.0,1116.0,0.0,602.0,602.0,771.0,345.0,1357.0,441.0
2.0,3862.0,1723.0,1135.0,0.0,2401.0,2401.0,793.0,342.0,1525.0,198.0
2.0,2139.0,1128.0,1144.0,602.0,2963.0,2963.0,809.0,335.0,998.0,130.0
2.0,1613.0,586.0,1134.0,2401.0,1108.0,1108.0,803.0,331.0,294.0,292.0
2.0,3428.0,652.0,1115.0,2963.0,0.0,0.0,781.0,334.0,126.0,526.0
2.0,5739.0,1284.0,1108.0,1108.0,0.0,0.0,766.0,342.0,695.0,589.0
2.0,5563.0,1855.0,1122.0,0.0,780.0,780.0,774.0,348.0,1424.0,431.0
2.0,3708.0,1778.0,1141.0,0.0,2634.0,2634.0,796.0,345.0,1567.0,211.0
2.0,1930.0,1160.0,1150.0,780.0,3050.0,3050.0,811.0,339.0,1008.0,152.0
2.0,1550.0,600.0,1140.0,2634.0,976.0,976.0,805.0,335.0,285.0,315.0
2.0,3584.0,645.0,1123.0,3050.0,0.0,0.0,784.0,339.0,124.0,521.0
2.0,5989.0,1273.0,1116.0,976.0,0.0,0.0,770.0,346.0,707.0,566.0
2.0,5692.0,1817.0,1128.0,0.0,637.0,637.0,778.0,350.0,1435.0,382.0
2.0,3875.0,1730.0,1147.0,0.0,2443.0,2443.0,800.0,347.0,1551.0,179.0
2.0,2145.0,1097.0,1155.0,637.0,2935.0,2935.0,815.0,340.0,939.0,158.0
2.0,1685.0,523.0,1145.0,2443.0,975.0,975.0,808.0,337.0,203.0,320.0
2.0,3605.0,590.0,1127.0,2935.0,0.0,0.0,787.0,340.0,75.0,515.0
2.0,5950.0,1276.0,1121.0,975.0,0.0,0.0,773.0,348.0,726.0,550.0
2.0,5649.0,1879.0,1133.0,0.0,762.0,762.0,781.0,352.0,1487.0,392.0
2.0,3770.0,1743.0,1153.0,0.0,2585.0,2585.0,803.0,350.0,1573.0,170.0
2.0,2027.0,1031.0,1160.0,762.0,2882.0,2882.0,818.0,342.0,901.0,130.0
2.0,1758.0,439.0,1149.0,2585.0,692.0,692.0,811.0,338.0,141.0,298.0
2.0,3904.0,536.0,1130.0,2882.0,0.0,0.0,788.0,342.0,33.0,503.0
2.0,6250.0,1196.0,1122.0,692.0,0.0,0.0,773.0,349.0,650.0,546.0
2.0,5746.0,1791.0,1136.0,0.0,589.0,589.0,782.0,354.0,1409.0,382.0
2.0,3955.0,1692.0,1158.0,0.0,2369.0,2369.0,807.0,351.0,1514.0,178.0
2.0,2263.0,1008.0,1166.0,589.0,2820.0,2820.0,822.0,344.0,888.0,120.0
2.0,1844.0,421.0,1152.0,2369.0,816.0,816.0,813.0,339.0,153.0,268.0
2.0,3792.0,516.0,1130.0,2820.0,0.0,0.0,789.0,341.0,52.0,464.0
2.0,6096.0,1171.0,1122.0,816.0,0.0,0.0,774.0,348.0,652.0,519.0
2.0,5741.0,1716.0,1135.0,0.0,515.0,515.0,782.0,353.0,1338.0,378.0
2.0,4025.0,1647.0,1157.0,0.0,2250.0,2250.0,806.0,351.0,1453.0,194.0
2.0,2378.0,1058.0,1168.0,515.0,2837.0,2837.0,823.0,345.0,902.0,156.0
2.0,1835.0,459.0,1156.0,2250.0,998.0,998.0,816.0,340.0,174.0,285.0
2.0,3626.0,479.0,1134.0,2837.0,0.0,0.0,792.0,342.0,20.0,459.0
2.0,5984.0,1130.0,1125.0,998.0,0.0,0.0,776.0,349.0,625.0,505.0
2.0,5852.0,1761.0,1139.0,0.0,465.0,465.0,785.0,354.0,1385.0,376.0
2.0,4091.0,1731.0,1162.0,0.0,2288.0,2288.0,810.0,352.0,1542.0,189.0
2.0,2360.0,1077.0,1173.0,465.0,2944.0,2944.0,828.0,345.0,937.0,140.0
2.0,1748.0,483.0,1160.0,2288.0,1087.0,1087.0,820.0,340.0,191.0,292.0
2.0,3553.0,517.0,1138.0,2944.0,0.0,0.0,796.0,342.0,35.0,482.0
2.0,5980.0,1180.0,1128.0,1087.0,0.0,0.0,780.0,348.0,652.0,528.0
2.0,5887.0,1794.0,1142.0,0.0,475.0,475.0,789.0,353.0,1410.0,384.0
2.0,4093.0,1767.0,1165.0,0.0,2334.0,2334.0,814.0,351.0,1567.0,200.0
2.0,2326.0,1086.0,1174.0,475.0,2981.0,2981.0,830.0,344.0,944.0,142.0
2.0,1715.0,471.0,1159.0,2334.0,1058.0,1058.0,821.0,338.0,182.0,289.0
2.0,3578.0,561.0,1137.0,2981.0,0.0,0.0,797.0,340.0,71.0,490.0
2.0,5998.0,1276.0,1127.0,1058.0,0.0,0.0,781.0,346.0,719.0,557.0
2.0,5780.0,1888.0,1142.0,0.0,676.0,676.0,790.0,352.0,1477.0,411.0
2.0,3892.0,1818.0,1166.0,0.0,2590.0,2590.0,816.0,350.0,1617.0,201.0
2.0,2074.0,1159.0,1177.0,676.0,3117.0,3117.0,834.0,343.0,1014.0,145.0
2.0,1591.0,547.0,1165.0,2590.0,1026.0,1026.0,827.0,338.0,242.0,305.0
2.0,3634.0,634.0,1142.0,3117.0,0.0,0.0,803.0,339.0,114.0,520.0
2.0,6117.0,1326.0,1134.0,1026.0,0.0,0.0,788.0,346.0,751.0,575.0
2.0,5817.0,1966.0,1150.0,0.0,749.0,749.0,798.0,352.0,1535.0,431.0
2.0,3851.0,1881.0,1176.0,0.0,2734.0,2734.0,825.0,351.0,1663.0,218.0
2.0,1970.0,1154.0,1185.0,749.0,3175.0,3175.0,841.0,344.0,996.0,158.0
2.0,1565.0,515.0,1170.0,2734.0,896.0,896.0,832.0,338.0,214.0,301.0
2.0,3784.0,602.0,1146.0,3175.0,0.0,0.0,807.0,339.0,101.0,501.0
2.0,6357.0,1280.0,1137.0,896.0,0.0,0.0,791.0,346.0,736.0,544.0
2.0,5973.0,1905.0,1151.0,0.0,536.0,536.0,800.0,351.0,1494.0,411.0
2.0,4068.0,1880.0,1175.0,0.0,2512.0,2512.0,826.0,349.0,1641.0,239.0
2.0,2188.0,1164.0,1185.0,536.0,3180.0,3180.0,842.0,343.0,979.0,185.0
2.0,1560.0,480.0,1170.0,2512.0,1088.0,1088.0,832.0,338.0,167.0,313.0
2.0,3592.0,566.0,1146.0,3180.0,0.0,0.0,806.0,340.0,69.0,497.0
2.0,6206.0,1293.0,1138.0,1088.0,0.0,0.0,790.0,348.0,736.0,557.0
2.0,6001.0,1941.0,1154.0,0.0,556.0,556.0,801.0,353.0,1507.0,434.0
2.0,4060.0,1846.0,1179.0,0.0,2502.0,2502.0,828.0,351.0,1606.0,240.0
2.0,2214.0,1100.0,1190.0,556.0,3090.0,3090.0,845.0,345.0,934.0,166.0
2.0,1670.0,426.0,1173.0,2502.0,946.0,946.0,833.0,340.0,127.0,299.0
2.0,3746.0,493.0,1146.0,3090.0,0.0,0.0,804.0,342.0,0.0,493.0
2.0,6343.0,1257.0,1137.0,946.0,0.0,0.0,788.0,349.0,702.0,555.0
2.0,6032.0,1915.0,1153.0,0.0,495.0,495.0,799.0,354.0,1508.0,407.0
2.0,4117.0,1792.0,1180.0,0.0,2395.0,2395.0,827.0,353.0,1588.0,204.0
2.0,2325.0,1019.0,1189.0,495.0,2955.0,2955.0,843.0,346.0,878.0,141.0
2.0,1801.0,390.0,1174.0,2395.0,890.0,890.0,833.0,341.0,86.0,304.0
2.0,3806.0,545.0,1150.0,2955.0,0.0,0.0,806.0,344.0,17.0,528.0
2.0,6216.0,1306.0,1143.0,890.0,0.0,0.0,791.0,352.0,727.0,579.0
2.0,5800.0,1888.0,1159.0,0.0,724.0,724.0,802.0,357.0,1496.0,392.0
2.0,3912.0,1697.0,1184.0,0.0,2521.0,2521.0,829.0,355.0,1543.0,154.0
2.0,2215.0,938.0,1192.0,724.0,2767.0,2767.0,844.0,348.0,838.0,100.0
2.0,2001.0,386.0,1176.0,2521.0,568.0,568.0,833.0,343.0,83.0,303.0
2.0,4136.0,600.0,1155.0,2767.0,0.0,0.0,808.0,347.0,42.0,558.0
2.0,6303.0,1339.0,1150.0,568.0,0.0,0.0,795.0,355.0,735.0,604.0
2.0,5532.0,1889.0,1165.0,0.0,1017.0,1017.0,806.0,359.0,1493.0,396.0
2.0,3643.0,1724.0,1190.0,0.0,2841.0,2841.0,833.0,357.0,1580.0,144.0
2.0,1919.0,984.0,1200.0,1017.0,2848.0,2848.0,850.0,350.0,884.0,100.0
2.0,1952.0,383.0,1185.0,2841.0,330.0,330.0,839.0,346.0,77.0,306.0
2.0,4410.0,580.0,1163.0,2848.0,0.0,0.0,813.0,350.0,15.0,565.0
2.0,6678.0,1369.0,1155.0,330.0,0.0,0.0,797.0,358.0,744.0,625.0
2.0,5639.0,1956.0,1172.0,0.0,1005.0,1005.0,809.0,363.0,1531.0,425.0
2.0,3683.0,1771.0,1197.0,0.0,2876.0,2876.0,836.0,361.0,1607.0,164.0
2.0,1912.0,989.0,1207.0,1005.0,2900.0,2900.0,853.0,354.0,894.0,95.0
2.0,1928.0,348.0,1190.0,2876.0,304.0,304.0,841.0,349.0,64.0,284.0
2.0,4456.0,601.0,1167.0,2900.0,0.0,0.0,815.0,352.0,48.0,553.0
2.0,6755.0,1497.0,1162.0,304.0,0.0,0.0,802.0,360.0,867.0,630.0
2.0,5562.0,2144.0,1182.0,0.0,1310.0,1310.0,816.0,366.0,1704.0,440.0
2.0,3418.0,1879.0,1210.0,0.0,3301.0,3301.0,846.0,364.0,1711.0,168.0
2.0,1539.0,970.0,1217.0,1310.0,2989.0,2989.0,861.0,356.0,878.0,92.0
2.0,1879.0,351.0,1199.0,3301.0,0.0,0.0,848.0,351.0,59.0,292.0
2.0,4829.0,614.0,1175.0,2989.0,0.0,0.0,821.0,354.0,63.0,551.0
2.0,7204.0,1525.0,1169.0,0.0,0.0,0.0,807.0,362.0,899.0,626.0
2.0,5679.0,2154.0,1188.0,0.0,1227.0,1227.0,821.0,367.0,1721.0,433.0
2.0,3525.0,1863.0,1214.0,0.0,3194.0,3194.0,849.0,365.0,1680.0,183.0
2.0,1662.0,962.0,1220.0,1227.0,2953.0,2953.0,863.0,357.0,850.0,112.0
2.0,1927.0,316.0,1201.0,3194.0,0.0,0.0,849.0,352.0,11.0,305.0
2.0,4805.0,654.0,1176.0,2953.0,0.0,0.0,821.0,355.0,89.0,565.0
2.0,7104.0,1617.0,1170.0,0.0,0.0,0.0,808.0,362.0,993.0,624.0
2.0,5487.0,2210.0,1190.0,0.0,1483.0,1483.0,823.0,367.0,1800.0,410.0
2.0,3277.0,1840.0,1216.0,0.0,3427.0,3427.0,851.0,365.0,1673.0,167.0
2.0,1437.0,902.0,1222.0,1483.0,2870.0,2870.0,864.0,358.0,773.0,129.0
2.0,2018.0,332.0,1203.0,3427.0,0.0,0.0,850.0,353.0,0.0,332.0
2.0,5113.0,662.0,1180.0,2870.0,0.0,0.0,823.0,357.0,82.0,580.0
2.0,7321.0,1523.0,1173.0,0.0,0.0,0.0,809.0,364.0,920.0,603.0
2.0,5798.0,2151.0,1192.0,0.0,1121.0,1121.0,824.0,368.0,1742.0,409.0
2.0,3647.0,1865.0,1218.0,0.0,3090.0,3090.0,853.0,365.0,1692.0,173.0
2.0,1782.0,956.0,1226.0,1121.0,2957.0,2957.0,868.0,358.0,822.0,134.0
2.0,1947.0,317.0,1208.0,3090.0,112.0,112.0,854.0,354.0,0.0,317.0
2.0,4720.0,561.0,1181.0,2957.0,0.0,0.0,825.0,356.0,24.0,537.0
2.0,7116.0,1478.0,1173.0,112.0,0.0,0.0,811.0,362.0,894.0,584.0
2.0,5750.0,2140.0,1194.0,0.0,1166.0,1166.0,827.0,367.0,1738.0,402.0
2.0,3610.0,1835.0,1221.0,0.0,3109.0,3109.0,856.0,365.0,1653.0,182.0
2.0,1775.0,912.0,1229.0,1166.0,2887.0,2887.0,871.0,358.0,766.0,146.0
2.0,2029.0,301.0,1210.0,3109.0,3.0,3.0,857.0,353.0,0.0,301.0
2.0,4837.0,512.0,1183.0,2887.0,0.0,0.0,828.0,355.0,0.0,512.0
2.0,7212.0,1362.0,1175.0,3.0,0.0,0.0,813.0,362.0,805.0,557.0
2.0,5853.0,2038.0,1195.0,0.0,965.0,965.0,828.0,367.0,1631.0,407.0
2.0,3815.0,1854.0,1223.0,0.0,2931.0,2931.0,858.0,365.0,1655.0,199.0
2.0,1961.0,989.0,1232.0,965.0,2991.0,2991.0,874.0,358.0,845.0,144.0
2.0,1937.0,348.0,1213.0,2931.0,332.0,332.0,861.0,352.0,44.0,304.0
2.0,4520.0,526.0,1187.0,2991.0,0.0,0.0,832.0,355.0,0.0,526.0
2.0,6985.0,1341.0,1180.0,332.0,0.0,0.0,817.0,363.0,774.0,567.0
2.0,5976.0,2002.0,1201.0,0.0,830.0,830.0,832.0,369.0,1599.0,403.0
2.0,3974.0,1835.0,1228.0,0.0,2773.0,2773.0,862.0,366.0,1654.0,181.0
2.0,2139.0,1025.0,1236.0,830.0,3000.0,3000.0,878.0,358.0,897.0,128.0
2.0,1944.0,326.0,1217.0,2773.0,477.0,477.0,865.0,352.0,33.0,293.0
2.0,4391.0,523.0,1190.0,3000.0,0.0,0.0,836.0,354.0,5.0,518.0
2.0,6868.0,1335.0,1183.0,477.0,0.0,0.0,821.0,362.0,768.0,567.0
2.0,6010.0,1964.0,1202.0,0.0,762.0,762.0,834.0,368.0,1564.0,400.0
2.0,4046.0,1828.0,1230.0,0.0,2702.0,2702.0,864.0,366.0,1636.0,192.0
2.0,2218.0,1050.0,1239.0,762.0,3026.0,3026.0,881.0,358.0,900.0,150.0
2.0,1930.0,458.0,1221.0,2702.0,710.0,710.0,869.0,352.0,145.0,313.0
2.0,4174.0,614.0,1195.0,3026.0,0.0,0.0,841.0,354.0,79.0,535.0
2.0,6586.0,1390.0,1188.0,710.0,0.0,0.0,826.0,362.0,808.0,582.0
2.0,5906.0,2008.0,1208.0,0.0,934.0,934.0,840.0,368.0,1601.0,407.0
2.0,3898.0,1870.0,1238.0,0.0,2924.0,2924.0,871.0,367.0,1676.0,194.0
2.0,2028.0,1060.0,1246.0,934.0,3082.0,3082.0,887.0,359.0,914.0,146.0
2.0,1902.0,434.0,1226.0,2924.0,512.0,512.0,873.0,353.0,102.0,332.0
2.0,4392.0,615.0,1197.0,3082.0,0.0,0.0,841.0,356.0,43.0,572.0
2.0,6859.0,1394.0,1187.0,512.0,0.0,0.0,823.0,364.0,795.0,599.0
2.0,5977.0,2054.0,1208.0,0.0,909.0,909.0,838.0,370.0,1651.0,403.0
2.0,3923.0,1938.0,1239.0,0.0,2971.0,2971.0,871.0,368.0,1764.0,174.0
2.0,1985.0,1169.0,1249.0,909.0,3271.0,3271.0,889.0,360.0,1008.0,161.0
2.0,1725.0,481.0,1229.0,2971.0,701.0,701.0,874.0,355.0,118.0,363.0
2.0,4215.0,596.0,1199.0,3271.0,0.0,0.0,841.0,358.0,0.0,596.0
2.0,6890.0,1439.0,1191.0,701.0,0.0,0.0,824.0,367.0,810.0,629.0
2.0,6152.0,2135.0,1213.0,0.0,835.0,835.0,841.0,372.0,1724.0,411.0
2.0,4017.0,1986.0,1245.0,0.0,2949.0,2949.0,876.0,369.0,1835.0,151.0
2.0,2031.0,1160.0,1255.0,835.0,3314.0,3314.0,894.0,361.0,1017.0,143.0
2.0,1706.0,483.0,1233.0,2949.0,760.0,760.0,877.0,356.0,113.0,370.0
2.0,4172.0,629.0,1202.0,3314.0,0.0,0.0,842.0,360.0,13.0,616.0
2.0,6857.0,1431.0,1194.0,760.0,0.0,0.0,825.0,369.0,793.0,638.0
2.0,6186.0,2124.0,1219.0,0.0,814.0,814.0,844.0,375.0,1714.0,410.0
2.0,4062.0,2014.0,1251.0,0.0,2956.0,2956.0,879.0,372.0,1836.0,178.0
2.0,2048.0,1222.0,1261.0,814.0,3404.0,3404.0,897.0,364.0,1044.0,178.0
2.0,1640.0,498.0,1242.0,2956.0,870.0,870.0,882.0,360.0,96.0,402.0
2.0,4098.0,633.0,1213.0,3404.0,0.0,0.0,848.0,365.0,0.0,633.0
2.0,6869.0,1345.0,1202.0,870.0,0.0,0.0,829.0,373.0,720.0,625.0
2.0,6394.0,1972.0,1222.0,0.0,466.0,466.0,844.0,378.0,1593.0,379.0
2.0,4422.0,1875.0,1252.0,0.0,2461.0,2461.0,878.0,374.0,1741.0,134.0
2.0,2547.0,1179.0,1264.0,466.0,3222.0,3222.0,897.0,367.0,1034.0,145.0
2.0,1834.0,563.0,1246.0,2461.0,1252.0,1252.0,883.0,363.0,167.0,396.0
2.0,3732.0,642.0,1218.0,3222.0,0.0,0.0,850.0,368.0,1.0,641.0
2.0,6312.0,1296.0,1207.0,1252.0,0.0,0.0,831.0,376.0,686.0,610.0
2.0,6268.0,1897.0,1226.0,0.0,533.0,533.0,846.0,380.0,1555.0,342.0
2.0,4371.0,1858.0,1256.0,0.0,2511.0,2511.0,880.0,376.0,1743.0,115.0
2.0,2513.0,1170.0,1268.0,533.0,3196.0,3196.0,899.0,369.0,1017.0,153.0
2.0,1876.0,513.0,1252.0,2511.0,1134.0,1134.0,886.0,366.0,118.0,395.0
2.0,3874.0,602.0,1225.0,3196.0,0.0,0.0,855.0,370.0,0.0,602.0
2.0,6468.0,1277.0,1214.0,1134.0,0.0,0.0,837.0,377.0,709.0,568.0
2.0,6325.0,1888.0,1231.0,0.0,487.0,487.0,850.0,381.0,1568.0,320.0
2.0,4437.0,1877.0,1260.0,0.0,2480.0,2480.0,883.0,377.0,1758.0,119.0
2.0,2560.0,1167.0,1273.0,487.0,3212.0,3212.0,903.0,370.0,1013.0,154.0
2.0,1880.0,502.0,1257.0,2480.0,1170.0,1170.0,890.0,367.0,99.0,403.0
2.0,3858.0,607.0,1230.0,3212.0,0.0,0.0,859.0,371.0,0.0,607.0
2.0,6463.0,1216.0,1218.0,1170.0,0.0,0.0,840.0,378.0,651.0,565.0
2.0,6417.0,1762.0,1232.0,0.0,273.0,273.0,851.0,381.0,1463.0,299.0
2.0,4655.0,1750.0,1259.0,0.0,2131.0,2131.0,882.0,377.0,1658.0,92.0
2.0,2905.0,1193.0,1272.0,273.0,3103.0,3103.0,902.0,370.0,1038.0,155.0
2.0,1985.0,693.0,1260.0,2131.0,1617.0,1617.0,892.0,368.0,267.0,426.0
2.0,3423.0,700.0,1236.0,3103.0,0.0,0.0,864.0,372.0,76.0,624.0
2.0,5826.0,1218.0,1224.0,1617.0,0.0,0.0,845.0,379.0,690.0,528.0
2.0,6225.0,1752.0,1238.0,0.0,479.0,479.0,857.0,381.0,1485.0,267.0
2.0,4473.0,1763.0,1263.0,0.0,2342.0,2342.0,886.0,377.0,1663.0,100.0
2.0,2710.0,1226.0,1274.0,479.0,3133.0,3133.0,904.0,370.0,1025.0,201.0
2.0,1963.0,709.0,1261.0,2342.0,1448.0,1448.0,893.0,368.0,229.0,480.0
2.0,3596.0,749.0,1237.0,3133.0,0.0,0.0,864.0,373.0,104.0,645.0
2.0,5980.0,1340.0,1226.0,1448.0,0.0,0.0,847.0,379.0,805.0,535.0
2.0,6088.0,1868.0,1242.0,0.0,748.0,748.0,861.0,381.0,1617.0,251.0
2.0,4220.0,1838.0,1270.0,0.0,2698.0,2698.0,893.0,377.0,1757.0,81.0
2.0,2382.0,1273.0,1282.0,748.0,3271.0,3271.0,913.0,369.0,1077.0,196.0
2.0,1857.0,722.0,1269.0,2698.0,1243.0,1243.0,902.0,367.0,223.0,499.0
2.0,3833.0,757.0,1244.0,3271.0,0.0,0.0,871.0,373.0,81.0,676.0
2.0,6347.0,1373.0,1233.0,1243.0,0.0,0.0,853.0,380.0,809.0,564.0
2.0,6217.0,1938.0,1248.0,0.0,713.0,713.0,866.0,382.0,1662.0,276.0
2.0,4279.0,1853.0,1274.0,0.0,2670.0,2670.0,897.0,377.0,1755.0,98.0
2.0,2426.0,1238.0,1287.0,713.0,3247.0,3247.0,917.0,370.0,1028.0,210.0
2.0,1901.0,729.0,1274.0,2670.0,1254.0,1254.0,906.0,368.0,225.0,504.0
2.0,3842.0,793.0,1248.0,3247.0,0.0,0.0,875.0,373.0,107.0,686.0
2.0,6296.0,1396.0,1236.0,1254.0,0.0,0.0,855.0,381.0,815.0,581.0
2.0,6154.0,1947.0,1251.0,0.0,797.0,797.0,867.0,384.0,1654.0,293.0
2.0,4207.0,1880.0,1278.0,0.0,2785.0,2785.0,899.0,379.0,1776.0,104.0
2.0,2327.0,1261.0,1290.0,797.0,3297.0,3297.0,919.0,371.0,1048.0,213.0
2.0,1863.0,702.0,1276.0,2785.0,1158.0,1158.0,908.0,368.0,200.0,502.0
2.0,3946.0,779.0,1250.0,3297.0,0.0,0.0,876.0,374.0,86.0,693.0
2.0,6464.0,1391.0,1239.0,1158.0,0.0,0.0,857.0,382.0,807.0,584.0
2.0,6231.0,1904.0,1252.0,0.0,681.0,681.0,868.0,384.0,1614.0,290.0
2.0,4327.0,1830.0,1277.0,0.0,2611.0,2611.0,899.0,378.0,1738.0,92.0
2.0,2497.0,1187.0,1287.0,681.0,3157.0,3157.0,918.0,369.0,992.0,195.0
2.0,1991.0,651.0,1274.0,2611.0,1145.0,1145.0,907.0,367.0,145.0,506.0
2.0,3951.0,798.0,1252.0,3157.0,0.0,0.0,878.0,374.0,86.0,712.0
2.0,6310.0,1443.0,1244.0,1145.0,0.0,0.0,861.0,383.0,830.0,613.0
2.0,6012.0,1915.0,1258.0,0.0,935.0,935.0,872.0,386.0,1623.0,292.0
2.0,4097.0,1752.0,1280.0,0.0,2775.0,2775.0,901.0,379.0,1684.0,68.0
2.0,2345.0,1119.0,1289.0,935.0,2995.0,2995.0,919.0,370.0,951.0,168.0
2.0,2161.0,706.0,1278.0,2775.0,882.0,882.0,910.0,368.0,198.0,508.0
2.0,4230.0,863.0,1259.0,2995.0,0.0,0.0,883.0,376.0,128.0,735.0
2.0,6362.0,1450.0,1251.0,882.0,0.0,0.0,865.0,386.0,815.0,635.0
2.0,5794.0,1874.0,1265.0,0.0,1140.0,1140.0,876.0,389.0,1581.0,293.0
2.0,3920.0,1751.0,1288.0,0.0,2983.0,2983.0,906.0,382.0,1693.0,58.0
2.0,2169.0,1180.0,1299.0,1140.0,3067.0,3067.0,926.0,373.0,1024.0,156.0
2.0,2129.0,732.0,1288.0,2983.0,772.0,772.0,916.0,372.0,236.0,496.0
2.0,4380.0,800.0,1268.0,3067.0,0.0,0.0,888.0,380.0,84.0,716.0
2.0,6647.0,1320.0,1257.0,772.0,0.0,0.0,868.0,389.0,719.0,601.0
2.0,6099.0,1758.0,1268.0,0.0,731.0,731.0,877.0,391.0,1499.0,259.0
2.0,4341.0,1719.0,1292.0,0.0,2546.0,2546.0,908.0,384.0,1683.0,36.0
2.0,2622.0,1229.0,1303.0,731.0,3088.0,3088.0,928.0,375.0,1062.0,167.0
2.0,2124.0,774.0,1295.0,2546.0,1284.0,1284.0,921.0,374.0,264.0,510.0
2.0,3896.0,828.0,1278.0,3088.0,0.0,0.0,895.0,383.0,100.0,728.0
2.0,6156.0,1349.0,1269.0,1284.0,0.0,0.0,877.0,392.0,760.0,589.0
2.0,6091.0,1813.0,1282.0,0.0,850.0,850.0,888.0,394.0,1583.0,230.0
2.0,4278.0,1755.0,1302.0,0.0,2685.0,2685.0,916.0,386.0,1724.0,31.0
2.0,2523.0,1247.0,1313.0,850.0,3126.0,3126.0,935.0,378.0,1059.0,188.0
2.0,2126.0,737.0,1303.0,2685.0,1138.0,1138.0,925.0,378.0,200.0,537.0
2.0,4074.0,795.0,1285.0,3126.0,0.0,0.0,898.0,387.0,53.0,742.0
2.0,6405.0,1326.0,1276.0,1138.0,0.0,0.0,880.0,396.0,737.0,589.0
2.0,6217.0,1812.0,1288.0,0.0,747.0,747.0,891.0,397.0,1579.0,233.0
2.0,4405.0,1758.0,1307.0,0.0,2581.0,2581.0,919.0,388.0,1726.0,32.0
2.0,2647.0,1259.0,1318.0,747.0,3137.0,3137.0,938.0,380.0,1075.0,184.0
2.0,2135.0,840.0,1308.0,2581.0,1356.0,1356.0,928.0,380.0,287.0,553.0
2.0,3876.0,894.0,1289.0,3137.0,0.0,0.0,900.0,389.0,146.0,748.0
2.0,6119.0,1346.0,1279.0,1356.0,0.0,0.0,880.0,399.0,748.0,598.0
2.0,6129.0,1742.0,1289.0,0.0,769.0,769.0,889.0,400.0,1507.0,235.0
2.0,4387.0,1722.0,1308.0,0.0,2567.0,2567.0,917.0,391.0,1684.0,38.0
2.0,2665.0,1285.0,1318.0,769.0,3123.0,3123.0,936.0,382.0,1102.0,183.0
2.0,2149.0,885.0,1308.0,2567.0,1401.0,1401.0,927.0,381.0,346.0,539.0
2.0,3831.0,919.0,1289.0,3123.0,0.0,0.0,899.0,390.0,166.0,753.0
2.0,6035.0,1339.0,1279.0,1401.0,0.0,0.0,879.0,400.0,732.0,607.0
2.0,6097.0,1755.0,1289.0,0.0,814.0,814.0,888.0,401.0,1517.0,238.0
2.0,4342.0,1732.0,1309.0,0.0,2626.0,2626.0,917.0,392.0,1701.0,31.0
2.0,2610.0,1336.0,1319.0,814.0,3188.0,3188.0,937.0,382.0,1144.0,192.0
2.0,2088.0,961.0,1310.0,2626.0,1487.0,1487.0,928.0,382.0,385.0,576.0
2.0,3753.0,952.0,1291.0,3188.0,0.0,0.0,900.0,391.0,177.0,775.0
2.0,5989.0,1347.0,1281.0,1487.0,0.0,0.0,880.0,401.0,748.0,599.0
2.0,6129.0,1766.0,1291.0,0.0,801.0,801.0,890.0,401.0,1541.0,225.0
2.0,4363.0,1778.0,1312.0,0.0,2663.0,2663.0,920.0,392.0,1745.0,33.0
2.0,2585.0,1341.0,1323.0,801.0,3247.0,3247.0,940.0,383.0,1127.0,214.0
2.0,2045.0,893.0,1313.0,2663.0,1437.0,1437.0,930.0,383.0,316.0,577.0
2.0,3815.0,887.0,1293.0,3247.0,0.0,0.0,901.0,392.0,126.0,761.0
2.0,6175.0,1317.0,1283.0,1437.0,0.0,0.0,882.0,401.0,738.0,579.0
2.0,6295.0,1770.0,1295.0,0.0,655.0,655.0,893.0,402.0,1552.0,218.0
2.0,4525.0,1802.0,1317.0,0.0,2545.0,2545.0,924.0,393.0,1751.0,51.0
2.0,2723.0,1380.0,1328.0,655.0,3314.0,3314.0,944.0,384.0,1151.0,229.0
2.0,1998.0,881.0,1317.0,2545.0,1606.0,1606.0,934.0,383.0,310.0,571.0
2.0,3662.0,809.0,1295.0,3314.0,0.0,0.0,904.0,391.0,68.0,741.0
2.0,6167.0,1248.0,1286.0,1606.0,0.0,0.0,885.0,401.0,691.0,557.0
2.0,6525.0,1782.0,1299.0,0.0,453.0,453.0,897.0,402.0,1561.0,221.0
2.0,4743.0,1888.0,1321.0,0.0,2429.0,2429.0,928.0,393.0,1824.0,64.0
2.0,2855.0,1418.0,1333.0,453.0,3442.0,3442.0,949.0,384.0,1177.0,241.0
2.0,1890.0,876.0,1322.0,2429.0,1845.0,1845.0,939.0,383.0,307.0,569.0
2.0,3443.0,787.0,1301.0,3442.0,0.0,0.0,910.0,391.0,60.0,727.0
2.0,6098.0,1231.0,1290.0,1845.0,0.0,0.0,890.0,400.0,682.0,549.0
2.0,6712.0,1742.0,1301.0,0.0,234.0,234.0,900.0,401.0,1529.0,213.0
2.0,4970.0,1804.0,1322.0,0.0,2122.0,2122.0,929.0,393.0,1755.0,49.0
2.0,3166.0,1360.0,1333.0,234.0,3292.0,3292.0,950.0,383.0,1155.0,205.0
2.0,2040.0,850.0,1324.0,2122.0,1984.0,1984.0,942.0,382.0,304.0,546.0
2.0,3312.0,822.0,1306.0,3292.0,0.0,0.0,915.0,391.0,98.0,724.0
2.0,5782.0,1241.0,1296.0,1984.0,0.0,0.0,895.0,401.0,680.0,561.0
2.0,6525.0,1706.0,1305.0,0.0,401.0,401.0,903.0,402.0,1482.0,224.0
2.0,4819.0,1764.0,1324.0,0.0,2241.0,2241.0,931.0,393.0,1720.0,44.0
2.0,3055.0,1369.0,1335.0,401.0,3253.0,3253.0,952.0,383.0,1151.0,218.0
2.0,2087.0,912.0,1327.0,2241.0,1892.0,1892.0,944.0,383.0,355.0,557.0
2.0,3416.0,854.0,1308.0,3253.0,0.0,0.0,916.0,392.0,136.0,718.0
2.0,5815.0,1282.0,1299.0,1892.0,0.0,0.0,897.0,402.0,738.0,544.0
2.0,6425.0,1757.0,1309.0,0.0,568.0,568.0,907.0,402.0,1551.0,206.0
2.0,4668.0,1773.0,1329.0,0.0,2421.0,2421.0,936.0,393.0,1721.0,52.0
2.0,2895.0,1333.0,1340.0,568.0,3230.0,3230.0,956.0,384.0,1081.0,252.0
2.0,2130.0,863.0,1331.0,2421.0,1636.0,1636.0,947.0,384.0,267.0,596.0
2.0,3688.0,848.0,1311.0,3230.0,0.0,0.0,918.0,393.0,108.0,740.0
2.0,6070.0,1285.0,1302.0,1636.0,0.0,0.0,899.0,403.0,740.0,545.0
2.0,6421.0,1742.0,1312.0,0.0,569.0,569.0,908.0,404.0,1533.0,209.0
2.0,4679.0,1781.0,1330.0,0.0,2422.0,2422.0,936.0,394.0,1717.0,64.0
2.0,2898.0,1385.0,1339.0,569.0,3274.0,3274.0,954.0,385.0,1107.0,278.0
2.0,2082.0,957.0,1332.0,2422.0,1781.0,1781.0,946.0,386.0,331.0,626.0
2.0,3547.0,918.0,1316.0,3274.0,0.0,0.0,920.0,396.0,170.0,748.0
2.0,5903.0,1274.0,1307.0,1781.0,0.0,0.0,902.0,405.0,737.0,537.0
2.0,6410.0,1721.0,1316.0,0.0,575.0,575.0,910.0,406.0,1513.0,208.0
2.0,4689.0,1802.0,1333.0,0.0,2445.0,2445.0,936.0,397.0,1712.0,90.0
2.0,2887.0,1463.0,1344.0,575.0,3377.0,3377.0,955.0,389.0,1155.0,308.0
2.0,1999.0,1028.0,1338.0,2445.0,1936.0,1936.0,949.0,389.0,395.0,633.0
2.0,3416.0,927.0,1322.0,3377.0,0.0,0.0,923.0,399.0,173.0,754.0
2.0,5866.0,1267.0,1313.0,1936.0,0.0,0.0,904.0,409.0,718.0,549.0
2.0,6535.0,1718.0,1321.0,0.0,467.0,467.0,911.0,410.0,1497.0,221.0
2.0,4817.0,1834.0,1337.0,0.0,2365.0,2365.0,937.0,400.0,1737.0,97.0
2.0,2983.0,1490.0,1347.0,467.0,3428.0,3428.0,956.0,391.0,1192.0,298.0
2.0,1960.0,1031.0,1342.0,2365.0,2074.0,2074.0,950.0,392.0,410.0,621.0
2.0,3294.0,942.0,1326.0,3428.0,0.0,0.0,924.0,402.0,182.0,760.0
2.0,5780.0,1293.0,1316.0,2074.0,0.0,0.0,904.0,412.0,729.0,564.0
2.0,6561.0,1736.0,1324.0,0.0,471.0,471.0,912.0,412.0,1505.0,231.0
2.0,4825.0,1876.0,1343.0,0.0,2423.0,2423.0,940.0,403.0,1787.0,89.0
2.0,2949.0,1559.0,1356.0,471.0,3563.0,3563.0,962.0,394.0,1269.0,290.0
2.0,1861.0,1075.0,1351.0,2423.0,2195.0,2195.0,956.0,395.0,448.0,627.0
2.0,3209.0,922.0,1334.0,3563.0,0.0,0.0,929.0,405.0,153.0,769.0
2.0,5850.0,1220.0,1324.0,2195.0,0.0,0.0,909.0,415.0,679.0,541.0
2.0,6825.0,1659.0,1329.0,0.0,150.0,150.0,915.0,414.0,1477.0,182.0
2.0,5166.0,1827.0,1347.0,0.0,2049.0,2049.0,943.0,404.0,1761.0,66.0
2.0,3339.0,1528.0,1361.0,150.0,3483.0,3483.0,965.0,396.0,1222.0,306.0
2.0,1961.0,1069.0,1358.0,2049.0,2491.0,2491.0,960.0,398.0,418.0,651.0
2.0,2941.0,919.0,1341.0,3483.0,0.0,0.0,933.0,408.0,171.0,748.0
2.0,5505.0,1200.0,1328.0,2491.0,0.0,0.0,911.0,417.0,679.0,521.0
2.0,6796.0,1644.0,1332.0,0.0,176.0,176.0,917.0,415.0,1472.0,172.0
2.0,5152.0,1807.0,1350.0,0.0,2055.0,2055.0,944.0,406.0,1746.0,61.0
2.0,3345.0,1497.0,1364.0,176.0,3432.0,3432.0,967.0,397.0,1214.0,283.0
2.0,2024.0,1059.0,1360.0,2055.0,2420.0,2420.0,962.0,398.0,446.0,613.0
2.0,3020.0,902.0,1344.0,3432.0,0.0,0.0,936.0,408.0,188.0,714.0
2.0,5550.0,1186.0,1333.0,2420.0,0.0,0.0,916.0,417.0,688.0,498.0
2.0,6784.0,1653.0,1338.0,0.0,221.0,221.0,922.0,416.0,1466.0,187.0
2.0,5131.0,1808.0,1356.0,0.0,2101.0,2101.0,949.0,407.0,1731.0,77.0
2.0,3323.0,1490.0,1369.0,221.0,3422.0,3422.0,970.0,399.0,1200.0,290.0
2.0,2054.0,991.0,1365.0,2101.0,2296.0,2296.0,965.0,400.0,382.0,609.0
2.0,3164.0,833.0,1347.0,3422.0,0.0,0.0,938.0,409.0,116.0,717.0
2.0,5753.0,1147.0,1336.0,2296.0,0.0,0.0,918.0,418.0,648.0,499.0
2.0,6902.0,1634.0,1341.0,0.0,96.0,96.0,924.0,417.0,1475.0,159.0
2.0,5268.0,1825.0,1358.0,0.0,1989.0,1989.0,951.0,407.0,1784.0,41.0
2.0,3443.0,1530.0,1371.0,96.0,3475.0,3475.0,973.0,398.0,1270.0,260.0
2.0,2009.0,999.0,1366.0,1989.0,2465.0,2465.0,967.0,399.0,404.0,595.0
2.0,2999.0,799.0,1347.0,3475.0,0.0,0.0,938.0,409.0,77.0,722.0
2.0,5675.0,1116.0,1335.0,2465.0,0.0,0.0,917.0,418.0,597.0,519.0
2.0,7024.0,1642.0,1341.0,0.0,0.0,0.0,924.0,417.0,1448.0,194.0
2.0,5382.0,1854.0,1360.0,0.0,1912.0,1912.0,954.0,406.0,1805.0,49.0
2.0,3528.0,1568.0,1373.0,0.0,3532.0,3532.0,976.0,397.0,1291.0,277.0
2.0,1960.0,1052.0,1369.0,1912.0,2656.0,2656.0,970.0,399.0,432.0,620.0
2.0,2820.0,839.0,1352.0,3532.0,0.0,0.0,943.0,409.0,98.0,741.0
2.0,5513.0,1123.0,1339.0,2656.0,0.0,0.0,921.0,418.0,597.0,526.0
2.0,7046.0,1634.0,1344.0,0.0,0.0,0.0,928.0,416.0,1453.0,181.0
2.0,5412.0,1895.0,1362.0,0.0,1931.0,1931.0,957.0,405.0,1847.0,48.0
2.0,3517.0,1613.0,1376.0,0.0,3600.0,3600.0,980.0,396.0,1343.0,270.0
2.0,1904.0,1076.0,1372.0,1931.0,2729.0,2729.0,974.0,398.0,452.0,624.0
2.0,2759.0,848.0,1355.0,3600.0,0.0,0.0,947.0,408.0,80.0,768.0
2.0,5511.0,1141.0,1342.0,2729.0,0.0,0.0,925.0,417.0,586.0,555.0
2.0,7099.0,1691.0,1346.0,0.0,0.0,0.0,931.0,415.0,1481.0,210.0
2.0,5408.0,1924.0,1363.0,0.0,1968.0,1968.0,959.0,404.0,1869.0,55.0
2.0,3484.0,1623.0,1377.0,0.0,3647.0,3647.0,982.0,395.0,1357.0,266.0
2.0,1861.0,1085.0,1373.0,1968.0,2748.0,2748.0,977.0,396.0,465.0,620.0
2.0,2744.0,875.0,1358.0,3647.0,0.0,0.0,951.0,407.0,110.0,765.0
2.0,5516.0,1199.0,1345.0,2748.0,0.0,0.0,929.0,416.0,619.0,580.0
2.0,7065.0,1715.0,1349.0,0.0,46.0,46.0,934.0,415.0,1466.0,249.0
2.0,5350.0,1899.0,1366.0,0.0,2013.0,2013.0,961.0,405.0,1803.0,96.0
2.0,3451.0,1610.0,1379.0,46.0,3629.0,3629.0,984.0,395.0,1340.0,270.0
2.0,1887.0,1116.0,1376.0,2013.0,2720.0,2720.0,980.0,396.0,519.0,597.0
2.0,2784.0,909.0,1360.0,3629.0,0.0,0.0,954.0,406.0,159.0,750.0
2.0,5504.0,1184.0,1346.0,2720.0,0.0,0.0,931.0,415.0,610.0,574.0
2.0,7040.0,1690.0,1348.0,0.0,42.0,42.0,934.0,414.0,1451.0,239.0
2.0,5350.0,1936.0,1365.0,0.0,2046.0,2046.0,961.0,404.0,1848.0,88.0
2.0,3414.0,1703.0,1381.0,42.0,3771.0,3771.0,986.0,395.0,1414.0,289.0
2.0,1753.0,1210.0,1381.0,2046.0,2935.0,2935.0,984.0,397.0,576.0,634.0
2.0,2589.0,976.0,1367.0,3771.0,84.0,84.0,959.0,408.0,205.0,771.0
2.0,5384.0,1225.0,1356.0,2935.0,0.0,0.0,938.0,418.0,652.0,573.0
2.0,7094.0,1691.0,1358.0,84.0,0.0,0.0,942.0,416.0,1457.0,234.0
2.0,5487.0,1909.0,1374.0,0.0,1918.0,1918.0,969.0,405.0,1826.0,83.0
2.0,3578.0,1637.0,1389.0,0.0,3615.0,3615.0,993.0,396.0,1369.0,268.0
2.0,1941.0,1120.0,1387.0,1918.0,2809.0,2809.0,989.0,398.0,518.0,602.0
2.0,2739.0,909.0,1373.0,3615.0,47.0,47.0,964.0,409.0,156.0,753.0
2.0,5445.0,1227.0,1362.0,2809.0,0.0,0.0,943.0,419.0,650.0,577.0
2.0,7027.0,1731.0,1366.0,47.0,121.0,121.0,948.0,418.0,1477.0,254.0
2.0,5343.0,1928.0,1383.0,0.0,2117.0,2117.0,974.0,409.0,1815.0,113.0
2.0,3415.0,1589.0,1396.0,121.0,3637.0,3637.0,996.0,400.0,1308.0,281.0
2.0,1947.0,1064.0,1394.0,2117.0,2576.0,2576.0,992.0,402.0,486.0,578.0
2.0,3000.0,865.0,1379.0,3637.0,0.0,0.0,967.0,412.0,158.0,707.0
2.0,5772.0,1212.0,1367.0,2576.0,0.0,0.0,946.0,421.0,663.0,549.0
2.0,7136.0,1695.0,1371.0,0.0,43.0,43.0,951.0,420.0,1442.0,253.0
2.0,5441.0,1894.0,1389.0,0.0,2009.0,2009.0,978.0,411.0,1777.0,117.0
2.0,3547.0,1562.0,1402.0,43.0,3580.0,3580.0,1000.0,402.0,1290.0,272.0
2.0,2028.0,1043.0,1401.0,2009.0,2610.0,2610.0,997.0,404.0,461.0,582.0
2.0,2994.0,837.0,1385.0,3580.0,0.0,0.0,970.0,415.0,104.0,733.0
2.0,5737.0,1156.0,1373.0,2610.0,0.0,0.0,948.0,425.0,596.0,560.0
2.0,7191.0,1686.0,1375.0,0.0,0.0,0.0,951.0,424.0,1454.0,232.0
2.0,5505.0,1896.0,1392.0,0.0,1959.0,1959.0,978.0,414.0,1812.0,84.0
2.0,3609.0,1566.0,1408.0,0.0,3589.0,3589.0,1002.0,406.0,1297.0,269.0
2.0,2043.0,989.0,1405.0,1959.0,2607.0,2607.0,998.0,407.0,396.0,593.0
2.0,3013.0,784.0,1389.0,3589.0,0.0,0.0,971.0,418.0,46.0,738.0
2.0,5818.0,1148.0,1375.0,2607.0,0.0,0.0,947.0,428.0,582.0,566.0
2.0,7277.0,1710.0,1378.0,0.0,0.0,0.0,951.0,427.0,1481.0,229.0
2.0,5567.0,1913.0,1394.0,0.0,1922.0,1922.0,978.0,416.0,1828.0,85.0
2.0,3654.0,1576.0,1408.0,0.0,3554.0,3554.0,1001.0,407.0,1300.0,276.0
2.0,2078.0,1009.0,1406.0,1922.0,2633.0,2633.0,997.0,409.0,404.0,605.0
2.0,2991.0,822.0,1390.0,3554.0,0.0,0.0,970.0,420.0,60.0,762.0
2.0,5723.0,1191.0,1377.0,2633.0,0.0,0.0,947.0,430.0,620.0,571.0
2.0,7165.0,1764.0,1380.0,0.0,119.0,119.0,951.0,429.0,1533.0,231.0
2.0,5401.0,1986.0,1397.0,0.0,2173.0,2173.0,978.0,419.0,1902.0,84.0
2.0,3415.0,1609.0,1412.0,119.0,3723.0,3723.0,1003.0,409.0,1343.0,266.0
2.0,1925.0,990.0,1410.0,2173.0,2532.0,2532.0,999.0,411.0,372.0,618.0
2.0,3108.0,799.0,1392.0,3723.0,0.0,0.0,970.0,422.0,14.0,785.0
2.0,6032.0,1222.0,1378.0,2532.0,0.0,0.0,946.0,432.0,620.0,602.0
2.0,7342.0,1843.0,1383.0,0.0,33.0,33.0,951.0,432.0,1599.0,244.0
2.0,5499.0,2067.0,1401.0,0.0,2172.0,2172.0,980.0,421.0,1997.0,70.0
2.0,3432.0,1693.0,1417.0,33.0,3896.0,3896.0,1006.0,411.0,1437.0,256.0
2.0,1772.0,1103.0,1416.0,2172.0,2823.0,2823.0,1004.0,412.0,493.0,610.0
2.0,2841.0,865.0,1399.0,3896.0,0.0,0.0,977.0,422.0,89.0,776.0
2.0,5872.0,1222.0,1387.0,2823.0,0.0,0.0,955.0,432.0,630.0,592.0
2.0,7473.0,1874.0,1391.0,0.0,0.0,0.0,960.0,431.0,1614.0,260.0
2.0,5599.0,2115.0,1410.0,0.0,2156.0,2156.0,988.0,422.0,2009.0,106.0
2.0,3484.0,1715.0,1426.0,0.0,3935.0,3935.0,1013.0,413.0,1441.0,274.0
2.0,1769.0,1098.0,1424.0,2156.0,2869.0,2869.0,1011.0,413.0,501.0,597.0
2.0,2827.0,843.0,1408.0,3935.0,0.0,0.0,985.0,423.0,95.0,748.0
2.0,5919.0,1219.0,1395.0,2869.0,0.0,0.0,962.0,433.0,631.0,588.0
2.0,7569.0,1828.0,1396.0,0.0,0.0,0.0,964.0,432.0,1562.0,266.0
2.0,5741.0,2066.0,1413.0,0.0,1977.0,1977.0,991.0,422.0,1956.0,110.0
2.0,3675.0,1715.0,1427.0,0.0,3748.0,3748.0,1015.0,412.0,1452.0,263.0
2.0,1960.0,1138.0,1425.0,1977.0,2901.0,2901.0,1013.0,412.0,560.0,578.0
2.0,2799.0,863.0,1409.0,3748.0,0.0,0.0,987.0,422.0,120.0,743.0
2.0,5684.0,1175.0,1396.0,2901.0,0.0,0.0,964.0,432.0,594.0,581.0
2.0,7410.0,1741.0,1398.0,0.0,0.0,0.0,966.0,432.0,1484.0,257.0
2.0,5669.0,1989.0,1414.0,0.0,1976.0,1976.0,992.0,422.0,1882.0,107.0
2.0,3680.0,1681.0,1429.0,0.0,3717.0,3717.0,1016.0,413.0,1414.0,267.0
2.0,1999.0,1093.0,1427.0,1976.0,2826.0,2826.0,1014.0,413.0,525.0,568.0
2.0,2882.0,876.0,1410.0,3717.0,0.0,0.0,988.0,422.0,142.0,734.0
2.0,5723.0,1198.0,1396.0,2826.0,0.0,0.0,965.0,431.0,619.0,579.0
2.0,7351.0,1741.0,1399.0,0.0,0.0,0.0,969.0,430.0,1481.0,260.0
2.0,5610.0,1960.0,1416.0,0.0,2014.0,2014.0,995.0,421.0,1873.0,87.0
2.0,3650.0,1587.0,1430.0,0.0,3657.0,3657.0,1018.0,412.0,1364.0,223.0
2.0,2063.0,1038.0,1427.0,2014.0,2669.0,2669.0,1015.0,412.0,489.0,549.0
2.0,3039.0,793.0,1409.0,3657.0,0.0,0.0,988.0,421.0,46.0,747.0
2.0,5903.0,1150.0,1395.0,2669.0,0.0,0.0,964.0,431.0,529.0,621.0
2.0,7422.0,1751.0,1399.0,0.0,0.0,0.0,968.0,431.0,1466.0,285.0
2.0,5671.0,2001.0,1418.0,0.0,2002.0,2002.0,996.0,422.0,1915.0,86.0
2.0,3670.0,1673.0,1433.0,0.0,3735.0,3735.0,1021.0,412.0,1445.0,228.0
2.0,1997.0,1021.0,1431.0,2002.0,2746.0,2746.0,1019.0,412.0,466.0,555.0
2.0,2978.0,744.0,1413.0,3735.0,0.0,0.0,991.0,422.0,0.0,744.0
2.0,5969.0,1071.0,1397.0,2746.0,0.0,0.0,965.0,432.0,467.0,604.0
2.0,7644.0,1707.0,1400.0,0.0,0.0,0.0,968.0,432.0,1424.0,283.0
2.0,5937.0,1953.0,1418.0,0.0,1688.0,1688.0,996.0,422.0,1856.0,97.0
2.0,3984.0,1619.0,1434.0,0.0,3371.0,3371.0,1021.0,413.0,1377.0,242.0
2.0,2365.0,1068.0,1433.0,1688.0,2747.0,2747.0,1020.0,413.0,499.0,569.0
2.0,2985.0,809.0,1415.0,3371.0,113.0,113.0,992.0,423.0,60.0,749.0
2.0,5547.0,1175.0,1401.0,2747.0,0.0,0.0,968.0,433.0,582.0,593.0
2.0,7119.0,1768.0,1405.0,113.0,156.0,156.0,972.0,433.0,1479.0,289.0
2.0,5464.0,2022.0,1424.0,0.0,2254.0,2254.0,1000.0,424.0,1889.0,133.0
2.0,3442.0,1669.0,1440.0,156.0,3831.0,3831.0,1026.0,414.0,1407.0,262.0
2.0,1929.0,1077.0,1438.0,2254.0,2646.0,2646.0,1024.0,414.0,506.0,571.0
2.0,3106.0,816.0,1420.0,3831.0,0.0,0.0,996.0,424.0,88.0,728.0
2.0,6121.0,1186.0,1405.0,2646.0,0.0,0.0,971.0,434.0,588.0,598.0
2.0,7581.0,1793.0,1408.0,0.0,0.0,0.0,974.0,434.0,1481.0,312.0
2.0,5788.0,2098.0,1430.0,0.0,2030.0,2030.0,1004.0,426.0,1926.0,172.0
2.0,3690.0,1788.0,1448.0,0.0,3890.0,3890.0,1031.0,417.0,1467.0,321.0
2.0,1902.0,1135.0,1447.0,2030.0,2991.0,2991.0,1030.0,417.0,547.0,588.0
2.0,2797.0,871.0,1428.0,3890.0,0.0,0.0,1002.0,426.0,142.0,729.0
2.0,5816.0,1236.0,1412.0,2991.0,0.0,0.0,976.0,436.0,645.0,591.0
2.0,7571.0,1898.0,1416.0,0.0,0.0,0.0,979.0,437.0,1576.0,322.0
2.0,5673.0,2175.0,1437.0,0.0,2250.0,2250.0,1007.0,430.0,1973.0,202.0
2.0,3498.0,1771.0,1454.0,0.0,4089.0,4089.0,1033.0,421.0,1428.0,343.0
2.0,1727.0,1144.0,1452.0,2250.0,2975.0,2975.0,1031.0,421.0,539.0,605.0
2.0,2833.0,872.0,1433.0,4089.0,0.0,0.0,1003.0,430.0,161.0,711.0
2.0,6050.0,1240.0,1417.0,2975.0,0.0,0.0,978.0,439.0,686.0,554.0
2.0,7785.0,1881.0,1419.0,0.0,0.0,0.0,980.0,439.0,1580.0,301.0
2.0,5904.0,2211.0,1441.0,0.0,2071.0,2071.0,1009.0,432.0,1998.0,213.0
2.0,3693.0,1866.0,1461.0,0.0,4017.0,4017.0,1036.0,425.0,1488.0,378.0
2.0,1827.0,1177.0,1460.0,2071.0,3119.0,3119.0,1035.0,425.0,560.0,617.0
2.0,2721.0,889.0,1442.0,4017.0,0.0,0.0,1008.0,434.0,190.0,699.0
2.0,5849.0,1232.0,1426.0,3119.0,0.0,0.0,984.0,442.0,696.0,536.0
2.0,7736.0,1857.0,1428.0,0.0,0.0,0.0,986.0,442.0,1567.0,290.0
2.0,5879.0,2114.0,1447.0,0.0,2023.0,2023.0,1012.0,435.0,1912.0,202.0
2.0,3765.0,1718.0,1464.0,0.0,3809.0,3809.0,1036.0,428.0,1359.0,359.0
2.0,2047.0,1090.0,1462.0,2023.0,2868.0,2868.0,1034.0,428.0,495.0,595.0
2.0,2980.0,902.0,1446.0,3809.0,0.0,0.0,1010.0,436.0,213.0,689.0
2.0,5887.0,1274.0,1432.0,2868.0,0.0,0.0,988.0,444.0,746.0,528.0
2.0,7481.0,1866.0,1435.0,0.0,125.0,125.0,991.0,444.0,1593.0,273.0
2.0,5615.0,2057.0,1454.0,0.0,2258.0,2258.0,1017.0,437.0,1870.0,187.0
2.0,3558.0,1652.0,1469.0,125.0,3845.0,3845.0,1039.0,430.0,1296.0,356.0
2.0,2031.0,1016.0,1466.0,2258.0,2591.0,2591.0,1036.0,430.0,423.0,593.0
2.0,3273.0,822.0,1448.0,3845.0,0.0,0.0,1010.0,438.0,144.0,678.0
2.0,6296.0,1264.0,1435.0,2591.0,0.0,0.0,988.0,447.0,744.0,520.0
2.0,7623.0,1891.0,1441.0,0.0,32.0,32.0,993.0,448.0,1610.0,281.0
2.0,5732.0,2050.0,1460.0,0.0,2158.0,2158.0,1019.0,441.0,1864.0,186.0
2.0,3682.0,1565.0,1475.0,32.0,3751.0,3751.0,1042.0,433.0,1241.0,324.0
2.0,2149.0,927.0,1470.0,2158.0,2500.0,2500.0,1039.0,431.0,367.0,560.0
2.0,3380.0,740.0,1451.0,3751.0,0.0,0.0,1013.0,438.0,87.0,653.0
2.0,6391.0,1239.0,1437.0,2500.0,0.0,0.0,990.0,447.0,709.0,530.0
2.0,7652.0,1876.0,1441.0,0.0,0.0,0.0,993.0,448.0,1600.0,276.0
2.0,5776.0,2027.0,1459.0,0.0,2087.0,2087.0,1019.0,440.0,1858.0,169.0
2.0,3749.0,1541.0,1475.0,0.0,3692.0,3692.0,1042.0,433.0,1206.0,335.0
2.0,2208.0,911.0,1472.0,2087.0,2504.0,2504.0,1040.0,432.0,329.0,582.0
2.0,3384.0,773.0,1455.0,3692.0,0.0,0.0,1015.0,440.0,109.0,664.0
2.0,6303.0,1282.0,1441.0,2504.0,0.0,0.0,994.0,447.0,773.0,509.0
2.0,7525.0,1920.0,1447.0,0.0,183.0,183.0,999.0,448.0,1649.0,271.0
2.0,5605.0,2046.0,1466.0,0.0,2305.0,2305.0,1025.0,441.0,1861.0,185.0
2.0,3559.0,1549.0,1480.0,183.0,3727.0,3727.0,1047.0,433.0,1220.0,329.0
2.0,2193.0,914.0,1475.0,2305.0,2316.0,2316.0,1043.0,432.0,338.0,576.0
2.0,3584.0,781.0,1456.0,3727.0,0.0,0.0,1016.0,440.0,107.0,674.0
2.0,6530.0,1331.0,1442.0,2316.0,0.0,0.0,995.0,447.0,800.0,531.0
2.0,7515.0,2003.0,1449.0,0.0,284.0,284.0,1001.0,448.0,1709.0,294.0
2.0,5512.0,2134.0,1470.0,0.0,2502.0,2502.0,1029.0,441.0,1942.0,192.0
2.0,3378.0,1642.0,1485.0,284.0,3920.0,3920.0,1052.0,433.0,1300.0,342.0
2.0,2020.0,1004.0,1482.0,2502.0,2410.0,2410.0,1049.0,433.0,418.0,586.0
2.0,3518.0,841.0,1464.0,3920.0,0.0,0.0,1024.0,440.0,162.0,679.0
2.0,6597.0,1327.0,1449.0,2410.0,0.0,0.0,1002.0,447.0,791.0,536.0
2.0,7680.0,2000.0,1452.0,0.0,128.0,128.0,1006.0,446.0,1710.0,290.0
2.0,5680.0,2198.0,1473.0,0.0,2410.0,2410.0,1034.0,439.0,1987.0,211.0
2.0,3482.0,1704.0,1489.0,128.0,4050.0,4050.0,1057.0,432.0,1342.0,362.0
2.0,1906.0,1076.0,1486.0,2410.0,2704.0,2704.0,1054.0,432.0,465.0,611.0
2.0,3240.0,882.0,1467.0,4050.0,0.0,0.0,1027.0,440.0,183.0,699.0
2.0,6408.0,1376.0,1451.0,2704.0,0.0,0.0,1005.0,446.0,829.0,547.0
2.0,7736.0,2004.0,1456.0,0.0,92.0,92.0,1010.0,446.0,1698.0,306.0
2.0,5732.0,2162.0,1475.0,0.0,2330.0,2330.0,1037.0,438.0,1952.0,210.0
2.0,3570.0,1724.0,1492.0,92.0,4030.0,4030.0,1060.0,432.0,1350.0,374.0
2.0,1938.0,1132.0,1490.0,2330.0,2824.0,2824.0,1057.0,433.0,508.0,624.0
2.0,3136.0,944.0,1472.0,4030.0,0.0,0.0,1031.0,441.0,222.0,722.0
2.0,6222.0,1353.0,1455.0,2824.0,0.0,0.0,1007.0,448.0,781.0,572.0
2.0,7693.0,1981.0,1458.0,0.0,120.0,120.0,1011.0,447.0,1664.0,317.0
2.0,5712.0,2189.0,1477.0,0.0,2385.0,2385.0,1038.0,439.0,1969.0,220.0
2.0,3523.0,1746.0,1493.0,120.0,4075.0,4075.0,1060.0,433.0,1367.0,379.0
2.0,1897.0,1112.0,1491.0,2385.0,2794.0,2794.0,1056.0,435.0,481.0,631.0
2.0,3170.0,918.0,1473.0,4075.0,0.0,0.0,1030.0,443.0,212.0,706.0
2.0,6327.0,1341.0,1458.0,2794.0,0.0,0.0,1009.0,449.0,811.0,530.0
2.0,7780.0,1928.0,1462.0,0.0,0.0,0.0,1014.0,448.0,1643.0,285.0
2.0,5852.0,2130.0,1482.0,0.0,2206.0,2206.0,1042.0,440.0,1915.0,215.0
2.0,3722.0,1726.0,1498.0,0.0,3996.0,3996.0,1063.0,435.0,1335.0,391.0
2.0,1996.0,1118.0,1495.0,2206.0,2896.0,2896.0,1058.0,437.0,482.0,636.0
2.0,3084.0,897.0,1476.0,3996.0,0.0,0.0,1031.0,445.0,194.0,703.0
2.0,6183.0,1272.0,1461.0,2896.0,0.0,0.0,1010.0,451.0,752.0,520.0
2.0,7807.0,1862.0,1465.0,0.0,0.0,0.0,1015.0,450.0,1591.0,271.0
2.0,5945.0,2074.0,1485.0,0.0,2069.0,2069.0,1043.0,442.0,1869.0,205.0
2.0,3871.0,1665.0,1502.0,0.0,3802.0,3802.0,1065.0,437.0,1274.0,391.0
2.0,2206.0,1055.0,1498.0,2069.0,2772.0,2772.0,1059.0,439.0,421.0,634.0
2.0,3220.0,827.0,1477.0,3802.0,0.0,0.0,1030.0,447.0,129.0,698.0
2.0,6195.0,1252.0,1462.0,2772.0,0.0,0.0,1009.0,453.0,738.0,514.0
2.0,7715.0,1924.0,1469.0,0.0,85.0,85.0,1017.0,452.0,1657.0,267.0
2.0,5791.0,2116.0,1492.0,0.0,2293.0,2293.0,1047.0,445.0,1925.0,191.0
2.0,3675.0,1663.0,1510.0,85.0,3943.0,3943.0,1070.0,440.0,1290.0,373.0
2.0,2097.0,981.0,1505.0,2293.0,2611.0,2611.0,1063.0,442.0,353.0,628.0
2.0,3409.0,791.0,1484.0,3943.0,0.0,0.0,1034.0,450.0,89.0,702.0
2.0,6561.0,1271.0,1469.0,2611.0,0.0,0.0,1012.0,457.0,747.0,524.0
2.0,7901.0,1880.0,1475.0,0.0,0.0,0.0,1020.0,455.0,1616.0,264.0
2.0,6021.0,2026.0,1497.0,0.0,1993.0,1993.0,1049.0,448.0,1840.0,186.0
2.0,3995.0,1594.0,1513.0,0.0,3651.0,3651.0,1071.0,442.0,1228.0,366.0
2.0,2401.0,1005.0,1507.0,1993.0,2639.0,2639.0,1063.0,444.0,384.0,621.0
2.0,3389.0,898.0,1488.0,3651.0,0.0,0.0,1036.0,452.0,203.0,695.0
2.0,6142.0,1367.0,1475.0,2639.0,0.0,0.0,1016.0,459.0,851.0,516.0
2.0,7414.0,1960.0,1483.0,0.0,478.0,478.0,1025.0,458.0,1687.0,273.0
2.0,5454.0,2046.0,1504.0,0.0,2608.0,2608.0,1054.0,450.0,1839.0,207.0
2.0,3408.0,1599.0,1520.0,478.0,3793.0,3793.0,1075.0,445.0,1219.0,380.0
2.0,2287.0,1046.0,1515.0,2608.0,2211.0,2211.0,1068.0,447.0,414.0,632.0
2.0,3849.0,954.0,1495.0,3793.0,0.0,0.0,1040.0,455.0,245.0,709.0
2.0,6688.0,1411.0,1480.0,2211.0,0.0,0.0,1019.0,461.0,878.0,533.0
2.0,7488.0,1976.0,1487.0,0.0,436.0,436.0,1027.0,460.0,1700.0,276.0
2.0,5512.0,2119.0,1509.0,0.0,2643.0,2643.0,1056.0,453.0,1913.0,206.0
2.0,3393.0,1676.0,1524.0,436.0,3943.0,3943.0,1077.0,447.0,1271.0,405.0
2.0,2153.0,1117.0,1521.0,2643.0,2405.0,2405.0,1071.0,450.0,457.0,660.0
2.0,3679.0,1006.0,1501.0,3943.0,0.0,0.0,1043.0,458.0,273.0,733.0
2.0,6616.0,1462.0,1488.0,2405.0,0.0,0.0,1023.0,465.0,925.0,537.0
2.0,7559.0,2026.0,1494.0,0.0,443.0,443.0,1031.0,463.0,1754.0,272.0
2.0,5533.0,2148.0,1514.0,0.0,2671.0,2671.0,1059.0,455.0,1958.0,190.0
2.0,3385.0,1707.0,1530.0,443.0,3999.0,3999.0,1081.0,449.0,1324.0,383.0
2.0,2121.0,1143.0,1526.0,2671.0,2455.0,2455.0,1075.0,451.0,478.0,665.0
2.0,3649.0,991.0,1506.0,3999.0,0.0,0.0,1046.0,460.0,237.0,754.0
2.0,6657.0,1405.0,1492.0,2455.0,0.0,0.0,1026.0,466.0,868.0,537.0
2.0,7707.0,1976.0,1496.0,0.0,253.0,253.0,1033.0,463.0,1736.0,240.0
2.0,5731.0,2181.0,1517.0,0.0,2518.0,2518.0,1062.0,455.0,2011.0,170.0
2.0,3550.0,1834.0,1533.0,253.0,4163.0,4163.0,1085.0,448.0,1432.0,402.0
2.0,1969.0,1234.0,1531.0,2518.0,2871.0,2871.0,1080.0,451.0,536.0,698.0
2.0,3253.0,927.0,1511.0,4163.0,0.0,0.0,1052.0,459.0,194.0,733.0
2.0,6489.0,1217.0,1492.0,2871.0,0.0,0.0,1028.0,464.0,724.0,493.0
2.0,8143.0,1852.0,1494.0,0.0,0.0,0.0,1033.0,461.0,1627.0,225.0
2.0,6291.0,2170.0,1515.0,0.0,1939.0,1939.0,1062.0,453.0,1971.0,199.0
2.0,4121.0,1859.0,1533.0,0.0,3870.0,3870.0,1085.0,448.0,1425.0,434.0
2.0,2262.0,1235.0,1531.0,1939.0,3158.0,3158.0,1080.0,451.0,538.0,697.0
2.0,2966.0,901.0,1511.0,3870.0,109.0,109.0,1052.0,459.0,186.0,715.0
2.0,5935.0,1184.0,1493.0,3158.0,0.0,0.0,1029.0,464.0,712.0,472.0
2.0,7909.0,1789.0,1494.0,109.0,0.0,0.0,1033.0,461.0,1572.0,217.0
2.0,6229.0,2124.0,1513.0,0.0,1947.0,1947.0,1061.0,452.0,1923.0,201.0
2.0,4105.0,1846.0,1531.0,0.0,3865.0,3865.0,1084.0,447.0,1404.0,442.0
2.0,2259.0,1241.0,1531.0,1947.0,3159.0,3159.0,1080.0,451.0,546.0,695.0
2.0,2965.0,918.0,1513.0,3865.0,140.0,140.0,1054.0,459.0,220.0,698.0
2.0,5912.0,1165.0,1496.0,3159.0,0.0,0.0,1032.0,464.0,705.0,460.0
2.0,7906.0,1671.0,1495.0,140.0,0.0,0.0,1035.0,460.0,1469.0,202.0
2.0,6375.0,1985.0,1514.0,0.0,1666.0,1666.0,1062.0,452.0,1793.0,192.0
2.0,4390.0,1790.0,1531.0,0.0,3524.0,3524.0,1085.0,446.0,1358.0,432.0
2.0,2600.0,1308.0,1533.0,1666.0,3174.0,3174.0,1083.0,450.0,613.0,695.0
2.0,2958.0,982.0,1515.0,3524.0,560.0,560.0,1057.0,458.0,280.0,702.0
2.0,5500.0,1151.0,1496.0,3174.0,0.0,0.0,1033.0,463.0,698.0,453.0
2.0,7523.0,1641.0,1496.0,560.0,0.0,0.0,1036.0,460.0,1439.0,202.0
2.0,6442.0,2017.0,1516.0,0.0,1639.0,1639.0,1064.0,452.0,1810.0,207.0
2.0,4425.0,1859.0,1536.0,0.0,3578.0,3578.0,1089.0,447.0,1404.0,455.0
2.0,2566.0,1351.0,1538.0,1639.0,3298.0,3298.0,1087.0,451.0,647.0,704.0
2.0,2854.0,1015.0,1521.0,3578.0,667.0,667.0,1062.0,459.0,314.0,701.0
2.0,5417.0,1155.0,1504.0,3298.0,0.0,0.0,1040.0,464.0,712.0,443.0
2.0,7560.0,1642.0,1506.0,667.0,0.0,0.0,1045.0,461.0,1444.0,198.0
2.0,6585.0,1982.0,1524.0,0.0,1493.0,1493.0,1071.0,453.0,1771.0,211.0
2.0,4603.0,1864.0,1542.0,0.0,3429.0,3429.0,1094.0,448.0,1407.0,457.0
2.0,2739.0,1417.0,1544.0,1493.0,3361.0,3361.0,1092.0,452.0,720.0,697.0
2.0,2815.0,1089.0,1527.0,3429.0,953.0,953.0,1067.0,460.0,389.0,700.0
2.0,5155.0,1204.0,1511.0,3361.0,0.0,0.0,1046.0,465.0,748.0,456.0
2.0,7312.0,1710.0,1513.0,953.0,0.0,0.0,1051.0,462.0,1477.0,233.0
2.0,6555.0,2077.0,1532.0,0.0,1650.0,1650.0,1078.0,454.0,1842.0,235.0
2.0,4478.0,1897.0,1551.0,0.0,3623.0,3623.0,1101.0,450.0,1438.0,459.0
2.0,2581.0,1391.0,1551.0,1650.0,3364.0,3364.0,1098.0,453.0,695.0,696.0
2.0,2840.0,1084.0,1533.0,3623.0,753.0,753.0,1072.0,461.0,380.0,704.0
2.0,5379.0,1306.0,1518.0,3364.0,0.0,0.0,1051.0,467.0,801.0,505.0
2.0,7437.0,1826.0,1520.0,753.0,0.0,0.0,1056.0,464.0,1553.0,273.0
2.0,6364.0,2132.0,1540.0,0.0,1928.0,1928.0,1084.0,456.0,1874.0,258.0
2.0,4232.0,1928.0,1558.0,0.0,3928.0,3928.0,1107.0,451.0,1458.0,470.0
2.0,2304.0,1413.0,1557.0,1928.0,3409.0,3409.0,1103.0,454.0,724.0,689.0
2.0,2819.0,1105.0,1539.0,3928.0,514.0,514.0,1077.0,462.0,410.0,695.0
2.0,5642.0,1301.0,1523.0,3409.0,0.0,0.0,1055.0,468.0,805.0,496.0
2.0,7750.0,1826.0,1525.0,514.0,0.0,0.0,1059.0,466.0,1546.0,280.0
2.0,6438.0,2134.0,1545.0,0.0,1876.0,1876.0,1086.0,459.0,1863.0,271.0
2.0,4304.0,1910.0,1562.0,0.0,3854.0,3854.0,1109.0,453.0,1433.0,477.0
2.0,2394.0,1351.0,1560.0,1876.0,3321.0,3321.0,1104.0,456.0,657.0,694.0
2.0,2919.0,1063.0,1543.0,3854.0,462.0,462.0,1078.0,465.0,357.0,706.0
2.0,5710.0,1323.0,1527.0,3321.0,0.0,0.0,1055.0,472.0,798.0,525.0
2.0,7708.0,1854.0,1527.0,462.0,0.0,0.0,1057.0,470.0,1550.0,304.0
2.0,6316.0,2152.0,1545.0,0.0,2016.0,2016.0,1083.0,462.0,1887.0,265.0
2.0,4164.0,1921.0,1564.0,0.0,4013.0,4013.0,1107.0,457.0,1469.0,452.0
2.0,2243.0,1342.0,1566.0,2016.0,3347.0,3347.0,1106.0,460.0,665.0,677.0
2.0,2917.0,1031.0,1550.0,4013.0,301.0,301.0,1081.0,469.0,324.0,707.0
2.0,5899.0,1263.0,1533.0,3347.0,0.0,0.0,1058.0,475.0,762.0,501.0
2.0,7983.0,1838.0,1533.0,301.0,0.0,0.0,1061.0,472.0,1559.0,279.0
2.0,6446.0,2172.0,1551.0,0.0,1930.0,1930.0,1087.0,464.0,1916.0,256.0
2.0,4274.0,1894.0,1570.0,0.0,3900.0,3900.0,1111.0,459.0,1442.0,452.0
2.0,2380.0,1292.0,1572.0,1930.0,3270.0,3270.0,1110.0,462.0,623.0,669.0
2.0,3018.0,966.0,1556.0,3900.0,272.0,272.0,1084.0,472.0,269.0,697.0
2.0,5952.0,1199.0,1538.0,3270.0,0.0,0.0,1061.0,477.0,708.0,491.0
2.0,8023.0,1792.0,1537.0,272.0,0.0,0.0,1063.0,474.0,1511.0,281.0
2.0,6503.0,2154.0,1555.0,0.0,1871.0,1871.0,1089.0,466.0,1897.0,257.0
2.0,4349.0,1936.0,1574.0,0.0,3883.0,3883.0,1113.0,461.0,1473.0,463.0
2.0,2413.0,1343.0,1577.0,1871.0,3367.0,3367.0,1112.0,465.0,662.0,681.0
2.0,2941.0,953.0,1564.0,3883.0,385.0,385.0,1089.0,475.0,254.0,699.0
2.0,5871.0,1104.0,1547.0,3367.0,0.0,0.0,1067.0,480.0,631.0,473.0
2.0,8134.0,1690.0,1546.0,385.0,0.0,0.0,1069.0,477.0,1460.0,230.0
2.0,6829.0,2107.0,1560.0,0.0,1518.0,1518.0,1093.0,467.0,1889.0,218.0
2.0,4722.0,1943.0,1579.0,0.0,3537.0,3537.0,1117.0,462.0,1498.0,445.0
2.0,2779.0,1345.0,1583.0,1518.0,3380.0,3380.0,1116.0,467.0,676.0,669.0
2.0,2952.0,934.0,1569.0,3537.0,721.0,721.0,1093.0,476.0,253.0,681.0
2.0,5555.0,1115.0,1552.0,3380.0,0.0,0.0,1071.0,481.0,645.0,470.0
2.0,7820.0,1708.0,1549.0,721.0,0.0,0.0,1072.0,477.0,1472.0,236.0
2.0,6833.0,2113.0,1563.0,0.0,1532.0,1532.0,1096.0,467.0,1901.0,212.0
2.0,4720.0,1910.0,1581.0,0.0,3514.0,3514.0,1119.0,462.0,1482.0,428.0
2.0,2810.0,1317.0,1584.0,1532.0,3311.0,3311.0,1118.0,466.0,654.0,663.0
2.0,3025.0,960.0,1571.0,3514.0,705.0,705.0,1095.0,476.0,276.0,684.0
2.0,5579.0,1221.0,1556.0,3311.0,0.0,0.0,1076.0,480.0,752.0,469.0
2.0,7669.0,1819.0,1555.0,705.0,0.0,0.0,1079.0,476.0,1586.0,233.0
2.0,6555.0,2111.0,1569.0,0.0,1832.0,1832.0,1102.0,467.0,1906.0,205.0
2.0,4444.0,1813.0,1582.0,0.0,3697.0,3697.0,1121.0,461.0,1399.0,414.0
2.0,2631.0,1257.0,1583.0,1832.0,3126.0,3126.0,1118.0,465.0,586.0,671.0
2.0,3206.0,1014.0,1570.0,3697.0,391.0,391.0,1095.0,475.0,284.0,730.0
2.0,5889.0,1310.0,1555.0,3126.0,0.0,0.0,1075.0,480.0,790.0,520.0
2.0,7705.0,1874.0,1555.0,391.0,0.0,0.0,1079.0,476.0,1637.0,237.0
2.0,6222.0,2130.0,1569.0,0.0,2184.0,2184.0,1103.0,466.0,1955.0,175.0
2.0,4092.0,1851.0,1584.0,0.0,4095.0,4095.0,1123.0,461.0,1437.0,414.0
2.0,2241.0,1327.0,1584.0,2184.0,3238.0,3238.0,1120.0,464.0,629.0,698.0
2.0,3098.0,1079.0,1570.0,4095.0,166.0,166.0,1096.0,474.0,319.0,760.0
2.0,6114.0,1343.0,1555.0,3238.0,0.0,0.0,1076.0,479.0,795.0,548.0
2.0,8009.0,1890.0,1554.0,166.0,0.0,0.0,1079.0,475.0,1628.0,262.0
2.0,6285.0,2160.0,1568.0,0.0,2147.0,2147.0,1103.0,465.0,1978.0,182.0
2.0,4125.0,1860.0,1583.0,0.0,4067.0,4067.0,1124.0,459.0,1476.0,384.0
2.0,2265.0,1313.0,1583.0,2147.0,3233.0,3233.0,1120.0,463.0,627.0,686.0
2.0,3099.0,1087.0,1569.0,4067.0,197.0,197.0,1096.0,473.0,294.0,793.0
2.0,6079.0,1350.0,1554.0,3233.0,0.0,0.0,1075.0,479.0,771.0,579.0
2.0,7962.0,1917.0,1554.0,197.0,0.0,0.0,1079.0,475.0,1645.0,272.0
2.0,6242.0,2236.0,1571.0,0.0,2278.0,2278.0,1106.0,465.0,2046.0,190.0
2.0,4006.0,1939.0,1588.0,0.0,4285.0,4285.0,1128.0,460.0,1525.0,414.0
2.0,2067.0,1302.0,1587.0,2278.0,3305.0,3305.0,1124.0,463.0,583.0,719.0
2.0,3043.0,963.0,1571.0,4285.0,0.0,0.0,1098.0,473.0,164.0,799.0
2.0,6365.0,1304.0,1554.0,3305.0,0.0,0.0,1075.0,479.0,733.0,571.0
2.0,8366.0,1997.0,1556.0,0.0,0.0,0.0,1080.0,476.0,1715.0,282.0
2.0,6369.0,2342.0,1574.0,0.0,2269.0,2269.0,1108.0,466.0,2142.0,200.0
2.0,4027.0,1966.0,1593.0,0.0,4311.0,4311.0,1132.0,461.0,1548.0,418.0
2.0,2061.0,1263.0,1593.0,2269.0,3305.0,3305.0,1128.0,465.0,549.0,714.0
2.0,3067.0,883.0,1574.0,4311.0,0.0,0.0,1100.0,474.0,103.0,780.0
2.0,6495.0,1208.0,1556.0,3305.0,0.0,0.0,1076.0,480.0,654.0,554.0
2.0,8592.0,1925.0,1557.0,0.0,0.0,0.0,1080.0,477.0,1651.0,274.0
2.0,6667.0,2289.0,1576.0,0.0,1926.0,1926.0,1108.0,468.0,2088.0,201.0
2.0,4378.0,1967.0,1595.0,0.0,3969.0,3969.0,1133.0,462.0,1556.0,411.0
2.0,2411.0,1274.0,1596.0,1926.0,3321.0,3321.0,1130.0,466.0,586.0,688.0
2.0,3063.0,934.0,1579.0,3969.0,218.0,218.0,1104.0,475.0,173.0,761.0
2.0,6098.0,1270.0,1563.0,3321.0,0.0,0.0,1082.0,481.0,706.0,564.0
2.0,8149.0,1945.0,1563.0,218.0,0.0,0.0,1085.0,478.0,1644.0,301.0
2.0,6422.0,2229.0,1580.0,0.0,2127.0,2127.0,1111.0,469.0,2025.0,204.0
2.0,4193.0,1878.0,1598.0,0.0,4077.0,4077.0,1135.0,463.0,1494.0,384.0
2.0,2315.0,1211.0,1600.0,2127.0,3169.0,3169.0,1133.0,467.0,547.0,664.0
2.0,3231.0,886.0,1585.0,4077.0,0.0,0.0,1108.0,477.0,135.0,751.0
2.0,6422.0,1221.0,1567.0,3169.0,0.0,0.0,1084.0,483.0,658.0,563.0
2.0,8370.0,1930.0,1567.0,0.0,0.0,0.0,1087.0,480.0,1650.0,280.0
2.0,6440.0,2296.0,1585.0,0.0,2196.0,2196.0,1114.0,471.0,2095.0,201.0
2.0,4144.0,1945.0,1604.0,0.0,4217.0,4217.0,1139.0,465.0,1555.0,390.0
2.0,2199.0,1263.0,1607.0,2196.0,3296.0,3296.0,1138.0,469.0,583.0,680.0
2.0,3132.0,909.0,1593.0,4217.0,0.0,0.0,1113.0,480.0,137.0,772.0
2.0,6440.0,1223.0,1576.0,3296.0,0.0,0.0,1089.0,487.0,657.0,566.0
2.0,8513.0,1872.0,1575.0,0.0,0.0,0.0,1091.0,484.0,1596.0,276.0
2.0,6641.0,2247.0,1593.0,0.0,1978.0,1978.0,1118.0,475.0,2048.0,199.0
2.0,4394.0,1961.0,1611.0,0.0,4011.0,4011.0,1142.0,469.0,1565.0,396.0
2.0,2433.0,1328.0,1614.0,1978.0,3373.0,3373.0,1141.0,473.0,655.0,673.0
2.0,3083.0,979.0,1597.0,4011.0,273.0,273.0,1114.0,483.0,222.0,757.0
2.0,6115.0,1220.0,1580.0,3373.0,0.0,0.0,1090.0,490.0,665.0,555.0
2.0,8268.0,1876.0,1582.0,273.0,0.0,0.0,1094.0,488.0,1581.0,295.0
2.0,6665.0,2265.0,1601.0,0.0,2004.0,2004.0,1122.0,479.0,2053.0,212.0
2.0,4400.0,1963.0,1619.0,0.0,4039.0,4039.0,1147.0,472.0,1575.0,388.0
2.0,2437.0,1324.0,1619.0,2004.0,3359.0,3359.0,1144.0,475.0,653.0,671.0
2.0,3117.0,969.0,1602.0,4039.0,221.0,221.0,1117.0,485.0,203.0,766.0
2.0,6187.0,1252.0,1585.0,3359.0,0.0,0.0,1092.0,493.0,679.0,573.0
2.0,8294.0,1921.0,1587.0,221.0,0.0,0.0,1096.0,491.0,1630.0,291.0
2.0,6594.0,2320.0,1605.0,0.0,2146.0,2146.0,1124.0,481.0,2109.0,211.0
2.0,4274.0,2015.0,1623.0,0.0,4233.0,4233.0,1149.0,474.0,1608.0,407.0
2.0,2259.0,1336.0,1623.0,2146.0,3423.0,3423.0,1146.0,477.0,639.0,697.0
2.0,3069.0,946.0,1606.0,4233.0,68.0,68.0,1118.0,488.0,153.0,793.0
2.0,6356.0,1220.0,1587.0,3423.0,0.0,0.0,1092.0,495.0,633.0,587.0
2.0,8559.0,1921.0,1588.0,68.0,0.0,0.0,1095.0,493.0,1637.0,284.0
2.0,6706.0,2329.0,1608.0,0.0,2055.0,2055.0,1124.0,484.0,2153.0,176.0
2.0,4377.0,2005.0,1626.0,0.0,4132.0,4132.0,1150.0,476.0,1626.0,379.0
2.0,2372.0,1332.0,1626.0,2055.0,3409.0,3409.0,1148.0,478.0,643.0,689.0
2.0,3095.0,961.0,1607.0,4132.0,162.0,162.0,1119.0,488.0,146.0,815.0
2.0,6266.0,1292.0,1588.0,3409.0,0.0,0.0,1092.0,496.0,678.0,614.0
2.0,8383.0,1939.0,1589.0,162.0,0.0,0.0,1095.0,494.0,1667.0,272.0
2.0,6606.0,2310.0,1608.0,0.0,2136.0,2136.0,1125.0,483.0,2153.0,157.0
2.0,4296.0,2031.0,1629.0,0.0,4251.0,4251.0,1154.0,475.0,1635.0,396.0
2.0,2265.0,1359.0,1629.0,2136.0,3474.0,3474.0,1151.0,478.0,616.0,743.0
2.0,3042.0,984.0,1610.0,4251.0,131.0,131.0,1121.0,489.0,134.0,850.0
2.0,6309.0,1285.0,1590.0,3474.0,0.0,0.0,1093.0,497.0,680.0,605.0
2.0,8498.0,1935.0,1590.0,131.0,0.0,0.0,1096.0,494.0,1694.0,241.0
2.0,6694.0,2270.0,1608.0,0.0,2008.0,2008.0,1126.0,482.0,2147.0,123.0
2.0,4424.0,1991.0,1630.0,0.0,4087.0,4087.0,1155.0,475.0,1610.0,381.0
2.0,2433.0,1358.0,1633.0,2008.0,3449.0,3449.0,1155.0,478.0,616.0,742.0
2.0,3083.0,993.0,1615.0,4087.0,283.0,283.0,1126.0,489.0,145.0,848.0
2.0,6177.0,1286.0,1596.0,3449.0,0.0,0.0,1099.0,497.0,686.0,600.0
2.0,8340.0,1908.0,1595.0,283.0,0.0,0.0,1101.0,494.0,1674.0,234.0
2.0,6715.0,2237.0,1613.0,0.0,1974.0,1974.0,1131.0,482.0,2127.0,110.0
2.0,4478.0,1959.0,1633.0,0.0,4013.0,4013.0,1158.0,475.0,1605.0,354.0
2.0,2519.0,1353.0,1634.0,1974.0,3396.0,3396.0,1157.0,477.0,640.0,713.0
2.0,3140.0,1060.0,1617.0,4013.0,375.0,375.0,1129.0,488.0,202.0,858.0
2.0,6093.0,1344.0,1600.0,3396.0,0.0,0.0,1104.0,496.0,712.0,632.0
2.0,8145.0,1905.0,1601.0,375.0,0.0,0.0,1107.0,494.0,1642.0,263.0
2.0,6615.0,2190.0,1620.0,0.0,2055.0,2055.0,1136.0,484.0,2071.0,119.0
2.0,4425.0,1928.0,1640.0,0.0,4063.0,4063.0,1164.0,476.0,1587.0,341.0
2.0,2497.0,1339.0,1642.0,2055.0,3355.0,3355.0,1164.0,478.0,639.0,700.0
2.0,3213.0,1025.0,1625.0,4063.0,249.0,249.0,1136.0,489.0,198.0,827.0
2.0,6251.0,1300.0,1606.0,3355.0,0.0,0.0,1109.0,497.0,695.0,605.0
2.0,8306.0,1898.0,1605.0,249.0,0.0,0.0,1111.0,494.0,1645.0,253.0
2.0,6657.0,2231.0,1624.0,0.0,2070.0,2070.0,1140.0,484.0,2096.0,135.0
2.0,4426.0,1944.0,1643.0,0.0,4090.0,4090.0,1167.0,476.0,1581.0,363.0
2.0,2482.0,1347.0,1645.0,2070.0,3375.0,3375.0,1167.0,478.0,634.0,713.0
2.0,3205.0,1013.0,1629.0,4090.0,234.0,234.0,1140.0,489.0,186.0,827.0
2.0,6282.0,1288.0,1611.0,3375.0,0.0,0.0,1114.0,497.0,681.0,607.0
2.0,8369.0,1925.0,1609.0,234.0,0.0,0.0,1115.0,494.0,1663.0,262.0
2.0,6678.0,2269.0,1628.0,0.0,2103.0,2103.0,1144.0,484.0,2145.0,124.0
2.0,4409.0,1953.0,1647.0,0.0,4132.0,4132.0,1171.0,476.0,1603.0,350.0
2.0,2456.0,1312.0,1648.0,2103.0,3345.0,3345.0,1169.0,479.0,598.0,714.0
2.0,3247.0,1009.0,1632.0,4132.0,158.0,158.0,1142.0,490.0,163.0,846.0
2.0,6370.0,1330.0,1613.0,3345.0,0.0,0.0,1116.0,497.0,713.0,617.0
2.0,8385.0,1946.0,1613.0,158.0,0.0,0.0,1118.0,495.0,1683.0,263.0
2.0,6597.0,2238.0,1631.0,0.0,2165.0,2165.0,1146.0,485.0,2097.0,141.0
2.0,4359.0,1953.0,1650.0,0.0,4194.0,4194.0,1172.0,478.0,1567.0,386.0
2.0,2406.0,1386.0,1652.0,2165.0,3423.0,3423.0,1171.0,481.0,626.0,760.0
2.0,3185.0,1099.0,1636.0,4194.0,264.0,264.0,1144.0,492.0,219.0,880.0
2.0,6280.0,1353.0,1618.0,3423.0,0.0,0.0,1118.0,500.0,739.0,614.0
2.0,8350.0,1927.0,1616.0,264.0,0.0,0.0,1119.0,497.0,1685.0,242.0
2.0,6687.0,2236.0,1633.0,0.0,2081.0,2081.0,1147.0,486.0,2100.0,136.0
2.0,4451.0,1958.0,1653.0,0.0,4119.0,4119.0,1175.0,478.0,1568.0,390.0
2.0,2493.0,1397.0,1657.0,2081.0,3451.0,3451.0,1175.0,482.0,631.0,766.0
2.0,3177.0,1115.0,1641.0,4119.0,383.0,383.0,1148.0,493.0,230.0,885.0
2.0,6181.0,1414.0,1623.0,3451.0,0.0,0.0,1121.0,502.0,775.0,639.0
2.0,8218.0,1980.0,1622.0,383.0,0.0,0.0,1122.0,500.0,1699.0,281.0
2.0,6621.0,2233.0,1641.0,0.0,2176.0,2176.0,1150.0,491.0,2063.0,170.0
2.0,4388.0,1950.0,1659.0,0.0,4198.0,4198.0,1176.0,483.0,1534.0,416.0
2.0,2438.0,1435.0,1662.0,2176.0,3469.0,3469.0,1176.0,486.0,648.0,787.0
2.0,3179.0,1188.0,1648.0,4198.0,403.0,403.0,1150.0,498.0,295.0,893.0
2.0,6189.0,1487.0,1632.0,3469.0,0.0,0.0,1125.0,507.0,866.0,621.0
2.0,8171.0,2026.0,1632.0,403.0,0.0,0.0,1128.0,504.0,1777.0,249.0
2.0,6548.0,2239.0,1649.0,0.0,2287.0,2287.0,1156.0,493.0,2089.0,150.0
2.0,4309.0,1906.0,1666.0,0.0,4261.0,4261.0,1182.0,484.0,1493.0,413.0
2.0,2403.0,1364.0,1668.0,2287.0,3346.0,3346.0,1180.0,488.0,584.0,780.0
2.0,3326.0,1202.0,1654.0,4261.0,231.0,231.0,1154.0,500.0,321.0,881.0
2.0,6385.0,1524.0,1639.0,3346.0,0.0,0.0,1130.0,509.0,916.0,608.0
2.0,8207.0,2036.0,1640.0,231.0,158.0,158.0,1133.0,507.0,1789.0,247.0
2.0,6402.0,2218.0,1657.0,0.0,2444.0,2444.0,1161.0,496.0,2061.0,157.0
2.0,4184.0,1859.0,1673.0,158.0,4209.0,4209.0,1186.0,487.0,1439.0,420.0
2.0,2483.0,1359.0,1675.0,2444.0,3132.0,3132.0,1184.0,491.0,582.0,777.0
2.0,3568.0,1195.0,1661.0,4209.0,62.0,62.0,1158.0,503.0,338.0,857.0
2.0,6582.0,1547.0,1648.0,3132.0,0.0,0.0,1136.0,512.0,948.0,599.0
2.0,8167.0,2051.0,1650.0,62.0,422.0,422.0,1140.0,510.0,1801.0,250.0
2.0,6178.0,2136.0,1665.0,0.0,2618.0,2618.0,1166.0,499.0,1993.0,143.0
2.0,4042.0,1781.0,1678.0,422.0,4029.0,4029.0,1188.0,490.0,1386.0,395.0
2.0,2683.0,1297.0,1678.0,2618.0,2708.0,2708.0,1185.0,493.0,546.0,751.0
2.0,4004.0,1206.0,1665.0,4029.0,0.0,0.0,1161.0,504.0,364.0,842.0
2.0,6827.0,1570.0,1653.0,2708.0,0.0,0.0,1140.0,513.0,984.0,586.0
2.0,7965.0,2011.0,1654.0,0.0,662.0,662.0,1143.0,511.0,1779.0,232.0
2.0,5954.0,2108.0,1669.0,0.0,2830.0,2830.0,1169.0,500.0,1961.0,147.0
2.0,3846.0,1720.0,1682.0,662.0,3940.0,3940.0,1190.0,492.0,1327.0,393.0
2.0,2788.0,1242.0,1681.0,2830.0,2348.0,2348.0,1187.0,494.0,502.0,740.0
2.0,4376.0,1174.0,1667.0,3940.0,0.0,0.0,1162.0,505.0,336.0,838.0
2.0,7142.0,1540.0,1654.0,2348.0,0.0,0.0,1140.0,514.0,968.0,572.0
2.0,7950.0,2011.0,1655.0,0.0,681.0,681.0,1144.0,511.0,1801.0,210.0
2.0,5939.0,2083.0,1670.0,0.0,2824.0,2824.0,1170.0,500.0,1962.0,121.0
2.0,3856.0,1718.0,1683.0,681.0,3913.0,3913.0,1192.0,491.0,1326.0,392.0
2.0,2819.0,1270.0,1682.0,2824.0,2355.0,2355.0,1188.0,494.0,518.0,752.0
2.0,4373.0,1223.0,1669.0,3913.0,0.0,0.0,1164.0,505.0,366.0,857.0
2.0,7063.0,1613.0,1656.0,2355.0,0.0,0.0,1142.0,514.0,1019.0,594.0
2.0,7805.0,2046.0,1658.0,0.0,873.0,873.0,1146.0,512.0,1826.0,220.0
2.0,5759.0,2018.0,1672.0,0.0,2947.0,2947.0,1172.0,500.0,1930.0,88.0
2.0,3741.0,1631.0,1684.0,873.0,3753.0,3753.0,1193.0,491.0,1270.0,361.0
2.0,2983.0,1276.0,1683.0,2947.0,2078.0,2078.0,1189.0,494.0,499.0,777.0
2.0,4654.0,1324.0,1671.0,3753.0,0.0,0.0,1165.0,506.0,420.0,904.0
2.0,7083.0,1690.0,1660.0,2078.0,0.0,0.0,1145.0,515.0,1077.0,613.0
2.0,7471.0,2045.0,1662.0,0.0,1222.0,1222.0,1150.0,512.0,1829.0,216.0
2.0,5426.0,2013.0,1674.0,0.0,3283.0,3283.0,1175.0,499.0,1907.0,106.0
2.0,3413.0,1639.0,1684.0,1222.0,3740.0,3740.0,1194.0,490.0,1245.0,394.0
2.0,2996.0,1285.0,1683.0,3283.0,1738.0,1738.0,1190.0,493.0,511.0,774.0
2.0,4994.0,1335.0,1671.0,3740.0,0.0,0.0,1166.0,505.0,455.0,880.0
2.0,7399.0,1702.0,1661.0,1738.0,0.0,0.0,1147.0,514.0,1099.0,603.0
2.0,7435.0,2084.0,1664.0,0.0,1305.0,1305.0,1153.0,511.0,1847.0,237.0
2.0,5351.0,2041.0,1676.0,0.0,3394.0,3394.0,1177.0,499.0,1905.0,136.0
2.0,3310.0,1692.0,1687.0,1305.0,3825.0,3825.0,1197.0,490.0,1277.0,415.0
2.0,2923.0,1373.0,1686.0,3394.0,1800.0,1800.0,1193.0,493.0,572.0,801.0
2.0,4944.0,1424.0,1676.0,3825.0,0.0,0.0,1171.0,505.0,524.0,900.0
2.0,7345.0,1729.0,1666.0,1800.0,0.0,0.0,1152.0,514.0,1105.0,624.0
2.0,7416.0,2060.0,1668.0,0.0,1316.0,1316.0,1158.0,510.0,1820.0,240.0
2.0,5356.0,2058.0,1680.0,0.0,3422.0,3422.0,1182.0,498.0,1929.0,129.0
2.0,3298.0,1755.0,1691.0,1316.0,3905.0,3905.0,1202.0,489.0,1333.0,422.0
2.0,2859.0,1439.0,1690.0,3422.0,1918.0,1918.0,1197.0,493.0,611.0,828.0
2.0,4842.0,1444.0,1679.0,3905.0,0.0,0.0,1173.0,506.0,511.0,933.0
2.0,7303.0,1735.0,1669.0,1918.0,0.0,0.0,1154.0,515.0,1117.0,618.0
2.0,7486.0,2007.0,1671.0,0.0,1205.0,1205.0,1160.0,511.0,1809.0,198.0
2.0,5479.0,2047.0,1684.0,0.0,3304.0,3304.0,1186.0,498.0,1927.0,120.0
2.0,3432.0,1780.0,1696.0,1205.0,3927.0,3927.0,1206.0,490.0,1329.0,451.0
2.0,2857.0,1464.0,1694.0,3304.0,2079.0,2079.0,1200.0,494.0,611.0,853.0
2.0,4697.0,1419.0,1683.0,3927.0,0.0,0.0,1175.0,508.0,490.0,929.0
2.0,7205.0,1749.0,1673.0,2079.0,0.0,0.0,1157.0,516.0,1131.0,618.0
2.0,7535.0,2058.0,1677.0,0.0,1231.0,1231.0,1165.0,512.0,1852.0,206.0
2.0,5477.0,2083.0,1692.0,0.0,3374.0,3374.0,1192.0,500.0,1974.0,109.0
2.0,3394.0,1744.0,1702.0,1231.0,3927.0,3927.0,1211.0,491.0,1328.0,416.0
2.0,2881.0,1393.0,1699.0,3374.0,1934.0,1934.0,1203.0,496.0,552.0,841.0
2.0,4862.0,1367.0,1686.0,3927.0,0.0,0.0,1177.0,509.0,422.0,945.0
2.0,7422.0,1690.0,1677.0,1934.0,0.0,0.0,1159.0,518.0,1059.0,631.0
2.0,7666.0,2024.0,1682.0,0.0,1086.0,1086.0,1167.0,515.0,1822.0,202.0
2.0,5642.0,2027.0,1696.0,0.0,3169.0,3169.0,1194.0,502.0,1958.0,69.0
2.0,3615.0,1653.0,1705.0,1086.0,3772.0,3772.0,1212.0,493.0,1280.0,373.0
2.0,3048.0,1350.0,1700.0,3169.0,1933.0,1933.0,1203.0,497.0,542.0,808.0
2.0,4867.0,1382.0,1689.0,3772.0,0.0,0.0,1178.0,511.0,439.0,943.0
2.0,7257.0,1754.0,1681.0,1933.0,0.0,0.0,1161.0,520.0,1107.0,647.0
2.0,7436.0,2033.0,1688.0,0.0,1349.0,1349.0,1171.0,517.0,1820.0,213.0
2.0,5403.0,1965.0,1701.0,0.0,3366.0,3366.0,1197.0,504.0,1884.0,81.0
2.0,3438.0,1586.0,1709.0,1349.0,3635.0,3635.0,1214.0,495.0,1211.0,375.0
2.0,3201.0,1298.0,1705.0,3366.0,1551.0,1551.0,1205.0,500.0,496.0,802.0
2.0,5269.0,1395.0,1693.0,3635.0,0.0,0.0,1179.0,514.0,449.0,946.0
2.0,7509.0,1796.0,1687.0,1551.0,0.0,0.0,1163.0,524.0,1151.0,645.0
2.0,7264.0,2066.0,1694.0,0.0,1578.0,1578.0,1174.0,520.0,1871.0,195.0
2.0,5198.0,1973.0,1707.0,0.0,3603.0,3603.0,1200.0,507.0,1901.0,72.0
2.0,3225.0,1584.0,1714.0,1578.0,3637.0,3637.0,1216.0,498.0,1193.0,391.0
2.0,3219.0,1313.0,1708.0,3603.0,1323.0,1323.0,1206.0,502.0,489.0,824.0
2.0,5509.0,1377.0,1695.0,3637.0,0.0,0.0,1179.0,516.0,439.0,938.0
2.0,7769.0,1767.0,1690.0,1323.0,0.0,0.0,1164.0,526.0,1148.0,619.0
2.0,7325.0,2066.0,1699.0,0.0,1537.0,1537.0,1176.0,523.0,1876.0,190.0
2.0,5259.0,1989.0,1713.0,0.0,3582.0,3582.0,1203.0,510.0,1916.0,73.0
2.0,3270.0,1595.0,1718.0,1537.0,3660.0,3660.0,1218.0,500.0,1204.0,391.0
2.0,3212.0,1333.0,1711.0,3582.0,1383.0,1383.0,1207.0,504.0,487.0,846.0
2.0,5461.0,1409.0,1698.0,3660.0,0.0,0.0,1180.0,518.0,451.0,958.0
2.0,7712.0,1779.0,1694.0,1383.0,0.0,0.0,1166.0,528.0,1151.0,628.0
2.0,7316.0,2122.0,1704.0,0.0,1622.0,1622.0,1179.0,525.0,1925.0,197.0
2.0,5194.0,2062.0,1718.0,0.0,3740.0,3740.0,1207.0,511.0,1979.0,83.0
2.0,3132.0,1676.0,1725.0,1622.0,3822.0,3822.0,1223.0,502.0,1261.0,415.0
2.0,3078.0,1335.0,1718.0,3740.0,1389.0,1389.0,1211.0,507.0,488.0,847.0
2.0,5483.0,1377.0,1704.0,3822.0,0.0,0.0,1183.0,521.0,414.0,963.0
2.0,7928.0,1811.0,1700.0,1389.0,0.0,0.0,1169.0,531.0,1163.0,648.0
2.0,7506.0,2186.0,1710.0,0.0,1520.0,1520.0,1183.0,527.0,1985.0,201.0
2.0,5320.0,2154.0,1725.0,0.0,3734.0,3734.0,1212.0,513.0,2069.0,85.0
2.0,3166.0,1729.0,1731.0,1520.0,3967.0,3967.0,1227.0,504.0,1317.0,412.0
2.0,2957.0,1358.0,1723.0,3734.0,1559.0,1559.0,1215.0,508.0,510.0,848.0
2.0,5333.0,1390.0,1711.0,3967.0,0.0,0.0,1189.0,522.0,434.0,956.0
2.0,7910.0,1801.0,1706.0,1559.0,0.0,0.0,1174.0,532.0,1162.0,639.0
2.0,7668.0,2209.0,1715.0,0.0,1401.0,1401.0,1187.0,528.0,1994.0,215.0
2.0,5459.0,2175.0,1728.0,0.0,3628.0,3628.0,1215.0,513.0,2087.0,88.0
2.0,3284.0,1744.0,1734.0,1401.0,3995.0,3995.0,1231.0,503.0,1354.0,390.0
2.0,2941.0,1370.0,1727.0,3628.0,1709.0,1709.0,1220.0,507.0,553.0,817.0
2.0,5199.0,1417.0,1716.0,3995.0,0.0,0.0,1195.0,521.0,465.0,952.0
2.0,7777.0,1843.0,1711.0,1709.0,0.0,0.0,1180.0,531.0,1192.0,651.0
2.0,7643.0,2221.0,1721.0,0.0,1462.0,1462.0,1194.0,527.0,2008.0,213.0
2.0,5422.0,2143.0,1733.0,0.0,3653.0,3653.0,1221.0,512.0,2053.0,90.0
2.0,3279.0,1723.0,1739.0,1462.0,3938.0,3938.0,1237.0,502.0,1316.0,407.0
2.0,3018.0,1350.0,1731.0,3653.0,1603.0,1603.0,1225.0,506.0,517.0,833.0
2.0,5321.0,1403.0,1719.0,3938.0,0.0,0.0,1199.0,520.0,462.0,941.0
2.0,7856.0,1794.0,1713.0,1603.0,0.0,0.0,1183.0,530.0,1177.0,617.0
2.0,7665.0,2166.0,1722.0,0.0,1389.0,1389.0,1196.0,526.0,1968.0,198.0
2.0,5499.0,2154.0,1737.0,0.0,3603.0,3603.0,1225.0,512.0,2056.0,98.0
2.0,3345.0,1710.0,1743.0,1389.0,3948.0,3948.0,1242.0,501.0,1306.0,404.0
2.0,3024.0,1301.0,1736.0,3603.0,1618.0,1618.0,1231.0,505.0,493.0,808.0
2.0,5326.0,1331.0,1722.0,3948.0,0.0,0.0,1204.0,518.0,423.0,908.0
2.0,7943.0,1767.0,1717.0,1618.0,0.0,0.0,1188.0,529.0,1142.0,625.0
2.0,7794.0,2168.0,1727.0,0.0,1282.0,1282.0,1201.0,526.0,1948.0,220.0
2.0,5626.0,2118.0,1741.0,0.0,3456.0,3456.0,1229.0,512.0,2022.0,96.0
2.0,3508.0,1664.0,1747.0,1282.0,3862.0,3862.0,1245.0,502.0,1272.0,392.0
2.0,3126.0,1239.0,1737.0,3456.0,1605.0,1605.0,1232.0,505.0,435.0,804.0
2.0,5343.0,1273.0,1723.0,3862.0,0.0,0.0,1205.0,518.0,371.0,902.0
2.0,7932.0,1720.0,1718.0,1605.0,0.0,0.0,1190.0,528.0,1108.0,612.0
2.0,7817.0,2134.0,1728.0,0.0,1229.0,1229.0,1203.0,525.0,1908.0,226.0
2.0,5683.0,2103.0,1744.0,0.0,3396.0,3396.0,1232.0,512.0,1995.0,108.0
2.0,3580.0,1649.0,1748.0,1229.0,3832.0,3832.0,1247.0,501.0,1255.0,394.0
2.0,3160.0,1222.0,1738.0,3396.0,1618.0,1618.0,1234.0,504.0,433.0,789.0
2.0,5334.0,1277.0,1723.0,3832.0,0.0,0.0,1205.0,518.0,363.0,914.0
2.0,7889.0,1756.0,1718.0,1618.0,0.0,0.0,1189.0,529.0,1114.0,642.0
2.0,7751.0,2195.0,1730.0,0.0,1364.0,1364.0,1204.0,526.0,1953.0,242.0
2.0,5556.0,2127.0,1745.0,0.0,3551.0,3551.0,1233.0,512.0,2017.0,110.0
2.0,3429.0,1618.0,1751.0,1364.0,3829.0,3829.0,1249.0,502.0,1237.0,381.0
2.0,3175.0,1169.0,1739.0,3551.0,1399.0,1399.0,1234.0,505.0,386.0,783.0
2.0,5557.0,1246.0,1723.0,3829.0,0.0,0.0,1204.0,519.0,305.0,941.0
2.0,8140.0,1820.0,1720.0,1399.0,0.0,0.0,1189.0,531.0,1134.0,686.0
2.0,7719.0,2295.0,1734.0,0.0,1512.0,1512.0,1205.0,529.0,2020.0,275.0
2.0,5424.0,2233.0,1751.0,0.0,3813.0,3813.0,1236.0,515.0,2102.0,131.0
2.0,3191.0,1682.0,1756.0,1512.0,4003.0,4003.0,1252.0,504.0,1298.0,384.0
2.0,3021.0,1187.0,1745.0,3813.0,1333.0,1333.0,1238.0,507.0,405.0,782.0
2.0,5647.0,1218.0,1727.0,4003.0,0.0,0.0,1206.0,521.0,283.0,935.0
2.0,8432.0,1769.0,1722.0,1333.0,0.0,0.0,1189.0,533.0,1091.0,678.0
2.0,7996.0,2323.0,1734.0,0.0,1263.0,1263.0,1204.0,530.0,2046.0,277.0
2.0,5673.0,2370.0,1754.0,0.0,3713.0,3713.0,1237.0,517.0,2220.0,150.0
2.0,3303.0,1859.0,1763.0,1263.0,4345.0,4345.0,1257.0,506.0,1442.0,417.0
2.0,2707.0,1312.0,1753.0,3713.0,1904.0,1904.0,1244.0,509.0,489.0,823.0
2.0,5108.0,1274.0,1736.0,4345.0,0.0,0.0,1212.0,524.0,312.0,962.0
2.0,8179.0,1771.0,1729.0,1904.0,0.0,0.0,1193.0,536.0,1077.0,694.0
2.0,8312.0,2291.0,1739.0,0.0,935.0,935.0,1206.0,533.0,2019.0,272.0
2.0,6021.0,2342.0,1758.0,0.0,3353.0,3353.0,1239.0,519.0,2230.0,112.0
2.0,3679.0,1892.0,1768.0,935.0,4350.0,4350.0,1260.0,508.0,1501.0,391.0
2.0,2722.0,1367.0,1760.0,3353.0,2332.0,2332.0,1248.0,512.0,549.0,818.0
2.0,4708.0,1318.0,1742.0,4350.0,0.0,0.0,1216.0,526.0,342.0,976.0
2.0,7740.0,1756.0,1734.0,2332.0,0.0,0.0,1196.0,538.0,1048.0,708.0
2.0,8316.0,2269.0,1745.0,0.0,933.0,933.0,1209.0,536.0,2002.0,267.0
2.0,6047.0,2330.0,1763.0,0.0,3335.0,3335.0,1241.0,522.0,2222.0,108.0
2.0,3717.0,1912.0,1772.0,933.0,4350.0,4350.0,1261.0,511.0,1519.0,393.0
2.0,2738.0,1407.0,1764.0,3335.0,2390.0,2390.0,1249.0,515.0,567.0,840.0
2.0,4666.0,1311.0,1747.0,4350.0,0.0,0.0,1217.0,530.0,319.0,992.0
2.0,7705.0,1717.0,1739.0,2390.0,0.0,0.0,1197.0,542.0,1017.0,700.0
2.0,8378.0,2229.0,1749.0,0.0,847.0,847.0,1210.0,539.0,1977.0,252.0
2.0,6149.0,2355.0,1768.0,0.0,3278.0,3278.0,1243.0,525.0,2255.0,100.0
2.0,3794.0,1939.0,1778.0,847.0,4410.0,4410.0,1264.0,514.0,1544.0,395.0
2.0,2702.0,1386.0,1770.0,3278.0,2486.0,2486.0,1252.0,518.0,557.0,829.0
2.0,4594.0,1262.0,1753.0,4410.0,0.0,0.0,1220.0,533.0,291.0,971.0
2.0,7742.0,1638.0,1743.0,2486.0,0.0,0.0,1199.0,544.0,960.0,678.0
2.0,8590.0,2174.0,1752.0,0.0,592.0,592.0,1211.0,541.0,1941.0,233.0
2.0,6416.0,2329.0,1771.0,0.0,2997.0,2997.0,1244.0,527.0,2246.0,83.0
2.0,4087.0,1934.0,1783.0,592.0,4387.0,4387.0,1266.0,517.0,1540.0,394.0
2.0,2745.0,1361.0,1775.0,2997.0,2719.0,2719.0,1254.0,521.0,524.0,837.0
2.0,4381.0,1158.0,1755.0,4387.0,0.0,0.0,1220.0,535.0,192.0,966.0
2.0,7610.0,1527.0,1744.0,2719.0,0.0,0.0,1198.0,546.0,875.0,652.0
2.0,8802.0,2088.0,1753.0,0.0,298.0,298.0,1210.0,543.0,1883.0,205.0
2.0,6714.0,2313.0,1773.0,0.0,2691.0,2691.0,1245.0,528.0,2242.0,71.0
2.0,4401.0,1923.0,1785.0,298.0,4364.0,4364.0,1267.0,518.0,1553.0,370.0
2.0,2776.0,1320.0,1778.0,2691.0,2965.0,2965.0,1256.0,522.0,505.0,815.0
2.0,4147.0,1105.0,1758.0,4364.0,0.0,0.0,1222.0,536.0,149.0,956.0
2.0,7406.0,1480.0,1747.0,2965.0,0.0,0.0,1200.0,547.0,827.0,653.0
2.0,8891.0,2037.0,1754.0,0.0,162.0,162.0,1211.0,543.0,1831.0,206.0
2.0,6854.0,2266.0,1773.0,0.0,2504.0,2504.0,1244.0,529.0,2190.0,76.0
2.0,4588.0,1995.0,1788.0,162.0,4397.0,4397.0,1268.0,520.0,1592.0,403.0
2.0,2755.0,1481.0,1782.0,2504.0,3350.0,3350.0,1259.0,523.0,634.0,847.0
2.0,3778.0,1194.0,1763.0,4397.0,71.0,71.0,1226.0,537.0,237.0,957.0
2.0,6981.0,1456.0,1750.0,3350.0,0.0,0.0,1203.0,547.0,826.0,630.0
2.0,8875.0,1976.0,1757.0,71.0,58.0,58.0,1214.0,543.0,1793.0,183.0
2.0,6970.0,2229.0,1778.0,0.0,2371.0,2371.0,1248.0,530.0,2157.0,72.0
2.0,4741.0,2005.0,1792.0,58.0,4374.0,4374.0,1272.0,520.0,1592.0,413.0
2.0,2794.0,1561.0,1787.0,2371.0,3544.0,3544.0,1264.0,523.0,692.0,869.0
2.0,3604.0,1295.0,1767.0,4374.0,385.0,385.0,1231.0,536.0,323.0,972.0
2.0,6683.0,1446.0,1753.0,3544.0,0.0,0.0,1207.0,546.0,833.0,613.0
2.0,8781.0,1945.0,1758.0,385.0,0.0,0.0,1216.0,542.0,1776.0,169.0
2.0,7221.0,2255.0,1778.0,0.0,2146.0,2146.0,1250.0,528.0,2172.0,83.0
2.0,4966.0,2082.0,1795.0,0.0,4296.0,4296.0,1276.0,519.0,1630.0,452.0
2.0,2884.0,1619.0,1792.0,2146.0,3757.0,3757.0,1269.0,523.0,712.0,907.0
2.0,3411.0,1320.0,1773.0,4296.0,705.0,705.0,1236.0,537.0,330.0,990.0
2.0,6387.0,1541.0,1756.0,3757.0,0.0,0.0,1210.0,546.0,910.0,631.0
2.0,8603.0,2073.0,1761.0,705.0,0.0,0.0,1219.0,542.0,1886.0,187.0
2.0,7235.0,2310.0,1780.0,0.0,2195.0,2195.0,1252.0,528.0,2229.0,81.0
2.0,4925.0,2072.0,1796.0,0.0,4331.0,4331.0,1278.0,518.0,1631.0,441.0
2.0,2853.0,1635.0,1793.0,2195.0,3759.0,3759.0,1271.0,522.0,721.0,914.0
2.0,3413.0,1401.0,1776.0,4331.0,761.0,761.0,1240.0,536.0,390.0,1011.0
2.0,6343.0,1649.0,1762.0,3759.0,0.0,0.0,1216.0,546.0,1005.0,644.0
2.0,8453.0,2113.0,1766.0,761.0,0.0,0.0,1224.0,542.0,1929.0,184.0
2.0,7101.0,2319.0,1785.0,0.0,2358.0,2358.0,1257.0,528.0,2234.0,85.0
2.0,4782.0,2063.0,1799.0,0.0,4477.0,4477.0,1281.0,518.0,1620.0,443.0
2.0,2719.0,1630.0,1797.0,2358.0,3741.0,3741.0,1275.0,522.0,720.0,910.0
2.0,3447.0,1436.0,1780.0,4477.0,632.0,632.0,1244.0,536.0,409.0,1027.0
2.0,6488.0,1650.0,1767.0,3741.0,0.0,0.0,1220.0,547.0,977.0,673.0
2.0,8579.0,2070.0,1771.0,632.0,0.0,0.0,1227.0,544.0,1864.0,206.0
2.0,7141.0,2277.0,1787.0,0.0,2284.0,2284.0,1258.0,529.0,2188.0,89.0
2.0,4864.0,2108.0,1803.0,0.0,4456.0,4456.0,1284.0,519.0,1660.0,448.0
2.0,2756.0,1675.0,1802.0,2284.0,3843.0,3843.0,1279.0,523.0,763.0,912.0
2.0,3365.0,1395.0,1786.0,4456.0,718.0,718.0,1248.0,538.0,367.0,1028.0
2.0,6426.0,1571.0,1771.0,3843.0,0.0,0.0,1222.0,549.0,894.0,677.0
2.0,8698.0,2025.0,1772.0,718.0,0.0,0.0,1227.0,545.0,1814.0,211.0
2.0,7391.0,2284.0,1790.0,0.0,2053.0,2053.0,1259.0,531.0,2190.0,94.0
2.0,5107.0,2082.0,1806.0,0.0,4199.0,4199.0,1285.0,521.0,1654.0,428.0
2.0,3025.0,1613.0,1805.0,2053.0,3755.0,3755.0,1280.0,525.0,724.0,889.0
2.0,3465.0,1323.0,1789.0,4199.0,815.0,815.0,1249.0,540.0,323.0,1000.0
2.0,6341.0,1526.0,1774.0,3755.0,0.0,0.0,1223.0,551.0,866.0,660.0
2.0,8570.0,2029.0,1775.0,815.0,0.0,0.0,1228.0,547.0,1819.0,210.0
2.0,7356.0,2296.0,1793.0,0.0,2112.0,2112.0,1260.0,533.0,2200.0,96.0
2.0,5060.0,2052.0,1811.0,0.0,4236.0,4236.0,1288.0,523.0,1618.0,434.0
2.0,3008.0,1532.0,1810.0,2112.0,3652.0,3652.0,1283.0,527.0,651.0,881.0
2.0,3588.0,1242.0,1794.0,4236.0,594.0,594.0,1252.0,542.0,250.0,992.0
2.0,6582.0,1471.0,1778.0,3652.0,0.0,0.0,1225.0,553.0,818.0,653.0
2.0,8763.0,1960.0,1779.0,594.0,0.0,0.0,1229.0,550.0,1764.0,196.0
2.0,7397.0,2253.0,1797.0,0.0,2044.0,2044.0,1261.0,536.0,2173.0,80.0
2.0,5144.0,2050.0,1815.0,0.0,4166.0,4166.0,1289.0,526.0,1626.0,424.0
2.0,3094.0,1587.0,1817.0,2044.0,3717.0,3717.0,1287.0,530.0,698.0,889.0
2.0,3551.0,1271.0,1802.0,4166.0,762.0,762.0,1256.0,546.0,259.0,1012.0
2.0,6446.0,1468.0,1787.0,3717.0,0.0,0.0,1230.0,557.0,812.0,656.0
2.0,8695.0,1970.0,1787.0,762.0,0.0,0.0,1234.0,553.0,1787.0,183.0
2.0,7487.0,2268.0,1802.0,0.0,1989.0,1989.0,1264.0,538.0,2207.0,61.0
2.0,5219.0,2052.0,1818.0,0.0,4105.0,4105.0,1291.0,527.0,1648.0,404.0
2.0,3167.0,1552.0,1820.0,1989.0,3676.0,3676.0,1288.0,532.0,661.0,891.0
2.0,3604.0,1242.0,1806.0,4105.0,757.0,757.0,1258.0,548.0,223.0,1019.0
2.0,6467.0,1487.0,1792.0,3676.0,0.0,0.0,1232.0,560.0,813.0,674.0
2.0,8656.0,1991.0,1791.0,757.0,0.0,0.0,1236.0,555.0,1812.0,179.0
2.0,7422.0,2344.0,1806.0,0.0,2146.0,2146.0,1267.0,539.0,2298.0,46.0
2.0,5078.0,2170.0,1823.0,0.0,4384.0,4384.0,1295.0,528.0,1763.0,407.0
2.0,2908.0,1631.0,1826.0,2146.0,3881.0,3881.0,1292.0,534.0,713.0,918.0
2.0,3423.0,1283.0,1814.0,4384.0,732.0,732.0,1263.0,551.0,231.0,1052.0
2.0,6524.0,1484.0,1799.0,3881.0,0.0,0.0,1236.0,563.0,792.0,692.0
2.0,8921.0,2021.0,1798.0,732.0,0.0,0.0,1240.0,558.0,1833.0,188.0
2.0,7632.0,2402.0,1813.0,0.0,2022.0,2022.0,1271.0,542.0,2342.0,60.0
2.0,5230.0,2203.0,1830.0,0.0,4293.0,4293.0,1299.0,531.0,1784.0,419.0
2.0,3027.0,1671.0,1832.0,2022.0,3950.0,3950.0,1296.0,536.0,760.0,911.0
2.0,3378.0,1361.0,1819.0,4293.0,966.0,966.0,1266.0,553.0,311.0,1050.0
2.0,6310.0,1579.0,1804.0,3950.0,0.0,0.0,1240.0,564.0,890.0,689.0
2.0,8681.0,2086.0,1805.0,966.0,0.0,0.0,1245.0,560.0,1885.0,201.0
2.0,7561.0,2370.0,1819.0,0.0,2085.0,2085.0,1276.0,543.0,2310.0,60.0
2.0,5191.0,2160.0,1833.0,0.0,4301.0,4301.0,1302.0,531.0,1759.0,401.0
2.0,3031.0,1686.0,1834.0,2085.0,3906.0,3906.0,1298.0,536.0,786.0,900.0
2.0,3430.0,1429.0,1821.0,4301.0,982.0,982.0,1268.0,553.0,368.0,1061.0
2.0,6302.0,1647.0,1808.0,3906.0,0.0,0.0,1243.0,565.0,935.0,712.0
2.0,8561.0,2120.0,1809.0,982.0,0.0,0.0,1248.0,561.0,1896.0,224.0
2.0,7423.0,2366.0,1823.0,0.0,2235.0,2235.0,1278.0,545.0,2293.0,73.0
2.0,5057.0,2172.0,1837.0,0.0,4463.0,4463.0,1304.0,533.0,1752.0,420.0
2.0,2885.0,1684.0,1838.0,2235.0,3916.0,3916.0,1300.0,538.0,772.0,912.0
2.0,3436.0,1391.0,1825.0,4463.0,792.0,792.0,1271.0,554.0,333.0,1058.0
2.0,6508.0,1569.0,1811.0,3916.0,0.0,0.0,1245.0,566.0,859.0,710.0
2.0,8855.0,2034.0,1810.0,792.0,0.0,0.0,1248.0,562.0,1818.0,216.0
2.0,7613.0,2316.0,1822.0,0.0,1991.0,1991.0,1277.0,545.0,2271.0,45.0
2.0,5297.0,2126.0,1836.0,0.0,4173.0,4173.0,1304.0,532.0,1754.0,372.0
2.0,3171.0,1644.0,1838.0,1991.0,3834.0,3834.0,1302.0,536.0,763.0,881.0
2.0,3518.0,1394.0,1826.0,4173.0,1007.0,1007.0,1273.0,553.0,326.0,1068.0
2.0,6297.0,1570.0,1812.0,3834.0,0.0,0.0,1247.0,565.0,843.0,727.0
2.0,8561.0,2012.0,1811.0,1007.0,0.0,0.0,1250.0,561.0,1795.0,217.0
2.0,7556.0,2254.0,1824.0,0.0,1994.0,1994.0,1279.0,545.0,2220.0,34.0
2.0,5302.0,2056.0,1838.0,0.0,4106.0,4106.0,1305.0,533.0,1683.0,373.0
2.0,3246.0,1611.0,1839.0,1994.0,3727.0,3727.0,1302.0,537.0,724.0,887.0
2.0,3629.0,1378.0,1826.0,4106.0,947.0,947.0,1273.0,553.0,321.0,1057.0
2.0,6357.0,1594.0,1813.0,3727.0,0.0,0.0,1248.0,565.0,883.0,711.0
2.0,8490.0,2036.0,1812.0,947.0,0.0,0.0,1252.0,560.0,1845.0,191.0
2.0,7401.0,2254.0,1826.0,0.0,2157.0,2157.0,1282.0,544.0,2227.0,27.0
2.0,5147.0,2013.0,1841.0,0.0,4230.0,4230.0,1309.0,532.0,1641.0,372.0
2.0,3134.0,1562.0,1843.0,2157.0,3643.0,3643.0,1306.0,537.0,673.0,889.0
2.0,3729.0,1356.0,1831.0,4230.0,721.0,721.0,1278.0,553.0,301.0,1055.0
2.0,6603.0,1592.0,1819.0,3643.0,0.0,0.0,1254.0,565.0,886.0,706.0
2.0,8654.0,2044.0,1819.0,721.0,0.0,0.0,1258.0,561.0,1847.0,197.0
2.0,7331.0,2247.0,1831.0,0.0,2240.0,2240.0,1287.0,544.0,2207.0,40.0
2.0,5084.0,2006.0,1845.0,0.0,4302.0,4302.0,1313.0,532.0,1612.0,394.0
2.0,3078.0,1575.0,1847.0,2240.0,3645.0,3645.0,1310.0,537.0,671.0,904.0
2.0,3743.0,1355.0,1836.0,4302.0,654.0,654.0,1282.0,554.0,305.0,1050.0
2.0,6690.0,1630.0,1823.0,3645.0,0.0,0.0,1257.0,566.0,940.0,690.0
2.0,8705.0,2039.0,1823.0,654.0,0.0,0.0,1261.0,562.0,1861.0,178.0
2.0,7320.0,2182.0,1835.0,0.0,2202.0,2202.0,1290.0,545.0,2153.0,29.0
2.0,5138.0,1954.0,1849.0,0.0,4212.0,4212.0,1316.0,533.0,1555.0,399.0
2.0,3184.0,1610.0,1851.0,2202.0,3628.0,3628.0,1313.0,538.0,695.0,915.0
2.0,3776.0,1486.0,1841.0,4212.0,862.0,862.0,1286.0,555.0,404.0,1082.0
2.0,6502.0,1743.0,1830.0,3628.0,0.0,0.0,1262.0,568.0,1019.0,724.0
2.0,8387.0,2121.0,1829.0,862.0,188.0,188.0,1265.0,564.0,1917.0,204.0
2.0,7128.0,2219.0,1840.0,0.0,2451.0,2451.0,1293.0,547.0,2199.0,20.0
2.0,4909.0,1926.0,1853.0,188.0,4241.0,4241.0,1319.0,534.0,1560.0,366.0
2.0,3171.0,1623.0,1855.0,2451.0,3421.0,3421.0,1317.0,538.0,712.0,911.0
2.0,3999.0,1597.0,1847.0,4241.0,745.0,745.0,1291.0,556.0,490.0,1107.0
2.0,6643.0,1873.0,1838.0,3421.0,0.0,0.0,1268.0,570.0,1096.0,777.0
2.0,8191.0,2203.0,1837.0,745.0,615.0,615.0,1271.0,566.0,1962.0,241.0
2.0,6733.0,2226.0,1847.0,0.0,2881.0,2881.0,1298.0,549.0,2185.0,41.0
2.0,4507.0,1928.0,1858.0,615.0,4238.0,4238.0,1322.0,536.0,1550.0,378.0
2.0,3194.0,1605.0,1859.0,2881.0,2966.0,2966.0,1318.0,541.0,693.0,912.0
2.0,4470.0,1635.0,1850.0,4238.0,327.0,327.0,1292.0,558.0,518.0,1117.0
2.0,7073.0,1987.0,1843.0,2966.0,0.0,0.0,1271.0,572.0,1199.0,788.0
2.0,8052.0,2275.0,1846.0,327.0,1280.0,1280.0,1276.0,570.0,2020.0,255.0
2.0,6104.0,2227.0,1856.0,0.0,3547.0,3547.0,1303.0,553.0,2179.0,48.0
2.0,3877.0,1899.0,1865.0,1280.0,4202.0,4202.0,1325.0,540.0,1517.0,382.0
2.0,3258.0,1589.0,1864.0,3547.0,2240.0,2240.0,1320.0,544.0,674.0,915.0
2.0,5216.0,1601.0,1854.0,4202.0,0.0,0.0,1293.0,561.0,505.0,1096.0
2.0,7817.0,1963.0,1846.0,2240.0,0.0,0.0,1272.0,574.0,1189.0,774.0
2.0,8094.0,2251.0,1848.0,0.0,1549.0,1549.0,1277.0,571.0,2007.0,244.0
2.0,5843.0,2215.0,1857.0,0.0,3800.0,3800.0,1303.0,554.0,2166.0,49.0
2.0,3628.0,1852.0,1866.0,1549.0,4139.0,4139.0,1325.0,541.0,1475.0,377.0
2.0,3325.0,1548.0,1866.0,3800.0,1887.0,1887.0,1321.0,545.0,634.0,914.0
2.0,5577.0,1610.0,1858.0,4139.0,0.0,0.0,1296.0,562.0,499.0,1111.0
2.0,8106.0,1944.0,1850.0,1887.0,0.0,0.0,1274.0,576.0,1172.0,772.0
2.0,8049.0,2251.0,1853.0,0.0,1614.0,1614.0,1279.0,574.0,2011.0,240.0
2.0,5798.0,2194.0,1864.0,0.0,3852.0,3852.0,1306.0,558.0,2158.0,36.0
2.0,3604.0,1829.0,1872.0,1614.0,4099.0,4099.0,1328.0,544.0,1452.0,377.0
2.0,3389.0,1500.0,1871.0,3852.0,1743.0,1743.0,1323.0,548.0,592.0,908.0
2.0,5741.0,1563.0,1862.0,4099.0,0.0,0.0,1297.0,565.0,458.0,1105.0
2.0,8277.0,1946.0,1857.0,1743.0,0.0,0.0,1278.0,579.0,1188.0,758.0
2.0,8074.0,2271.0,1860.0,0.0,1637.0,1637.0,1284.0,576.0,2040.0,231.0
2.0,5803.0,2166.0,1872.0,0.0,3851.0,3851.0,1312.0,560.0,2135.0,31.0
2.0,3637.0,1755.0,1878.0,1637.0,3993.0,3993.0,1332.0,546.0,1387.0,368.0
2.0,3519.0,1474.0,1876.0,3851.0,1608.0,1608.0,1326.0,550.0,578.0,896.0
2.0,5896.0,1545.0,1867.0,3993.0,0.0,0.0,1300.0,567.0,461.0,1084.0
2.0,8344.0,1909.0,1860.0,1608.0,0.0,0.0,1279.0,581.0,1167.0,742.0
2.0,8043.0,2234.0,1864.0,0.0,1647.0,1647.0,1286.0,578.0,2020.0,214.0
2.0,5809.0,2130.0,1875.0,0.0,3821.0,3821.0,1314.0,561.0,2122.0,8.0
2.0,3679.0,1685.0,1881.0,1647.0,3883.0,3883.0,1334.0,547.0,1338.0,347.0
2.0,3641.0,1385.0,1878.0,3821.0,1435.0,1435.0,1327.0,551.0,501.0,884.0
2.0,6077.0,1544.0,1868.0,3883.0,0.0,0.0,1300.0,568.0,458.0,1086.0
2.0,8416.0,2004.0,1863.0,1435.0,0.0,0.0,1282.0,581.0,1246.0,758.0
2.0,7847.0,2285.0,1868.0,0.0,1910.0,1910.0,1290.0,578.0,2072.0,213.0
2.0,5562.0,2120.0,1879.0,0.0,4074.0,4074.0,1318.0,561.0,2120.0,0.0
2.0,3442.0,1688.0,1886.0,1910.0,3880.0,3880.0,1339.0,547.0,1363.0,325.0
2.0,3664.0,1420.0,1881.0,4074.0,1206.0,1206.0,1331.0,550.0,539.0,881.0
2.0,6318.0,1572.0,1872.0,3880.0,0.0,0.0,1304.0,568.0,477.0,1095.0
2.0,8626.0,2008.0,1869.0,1206.0,0.0,0.0,1287.0,582.0,1240.0,768.0
2.0,7824.0,2297.0,1876.0,0.0,1977.0,1977.0,1297.0,579.0,2081.0,216.0
2.0,5527.0,2169.0,1886.0,0.0,4186.0,4186.0,1325.0,561.0,2164.0,5.0
2.0,3358.0,1737.0,1891.0,1977.0,3966.0,3966.0,1344.0,547.0,1402.0,335.0
2.0,3598.0,1427.0,1885.0,4186.0,1183.0,1183.0,1335.0,550.0,542.0,885.0
2.0,6357.0,1554.0,1874.0,3966.0,0.0,0.0,1307.0,567.0,460.0,1094.0
2.0,8769.0,2008.0,1870.0,1183.0,0.0,0.0,1289.0,581.0,1236.0,772.0
2.0,7944.0,2372.0,1879.0,0.0,1944.0,1944.0,1300.0,579.0,2124.0,248.0
2.0,5572.0,2255.0,1891.0,0.0,4247.0,4247.0,1329.0,562.0,2232.0,23.0
2.0,3317.0,1770.0,1894.0,1944.0,4085.0,4085.0,1347.0,547.0,1443.0,327.0
2.0,3491.0,1426.0,1886.0,4247.0,1232.0,1232.0,1337.0,549.0,557.0,869.0
2.0,6312.0,1558.0,1874.0,4085.0,0.0,0.0,1308.0,566.0,451.0,1107.0
2.0,8839.0,2035.0,1869.0,1232.0,0.0,0.0,1289.0,580.0,1218.0,817.0
2.0,8036.0,2418.0,1879.0,0.0,1898.0,1898.0,1300.0,579.0,2130.0,288.0
2.0,5618.0,2364.0,1893.0,0.0,4318.0,4318.0,1331.0,562.0,2313.0,51.0
2.0,3254.0,1849.0,1898.0,1898.0,4289.0,4289.0,1351.0,547.0,1520.0,329.0
2.0,3303.0,1412.0,1886.0,4318.0,1335.0,1335.0,1338.0,548.0,563.0,849.0
2.0,6209.0,1526.0,1873.0,4289.0,0.0,0.0,1308.0,565.0,421.0,1105.0
2.0,8972.0,2059.0,1869.0,1335.0,0.0,0.0,1289.0,580.0,1219.0,840.0
2.0,8248.0,2518.0,1881.0,0.0,1794.0,1794.0,1302.0,579.0,2201.0,317.0
2.0,5730.0,2417.0,1897.0,0.0,4275.0,4275.0,1335.0,562.0,2360.0,57.0
2.0,3313.0,1830.0,1901.0,1794.0,4327.0,4327.0,1354.0,547.0,1507.0,323.0
2.0,3277.0,1404.0,1891.0,4275.0,1416.0,1416.0,1342.0,549.0,551.0,853.0
2.0,6148.0,1520.0,1877.0,4327.0,0.0,0.0,1311.0,566.0,392.0,1128.0
2.0,8955.0,2044.0,1873.0,1416.0,0.0,0.0,1292.0,581.0,1186.0,858.0
2.0,8327.0,2478.0,1885.0,0.0,1691.0,1691.0,1305.0,580.0,2170.0,308.0
2.0,5849.0,2387.0,1901.0,0.0,4142.0,4142.0,1338.0,563.0,2350.0,37.0
2.0,3462.0,1846.0,1906.0,1691.0,4317.0,4317.0,1358.0,548.0,1533.0,313.0
2.0,3307.0,1376.0,1895.0,4142.0,1507.0,1507.0,1346.0,549.0,517.0,859.0
2.0,6073.0,1471.0,1879.0,4317.0,0.0,0.0,1313.0,566.0,341.0,1130.0
2.0,8919.0,2031.0,1877.0,1507.0,0.0,0.0,1294.0,583.0,1159.0,872.0
2.0,8395.0,2504.0,1890.0,0.0,1669.0,1669.0,1308.0,582.0,2175.0,329.0
2.0,5891.0,2374.0,1907.0,0.0,4111.0,4111.0,1342.0,565.0,2343.0,31.0
2.0,3517.0,1782.0,1911.0,1669.0,4240.0,4240.0,1362.0,549.0,1491.0,291.0
2.0,3404.0,1343.0,1899.0,4111.0,1424.0,1424.0,1348.0,551.0,490.0,853.0
2.0,6172.0,1474.0,1883.0,4240.0,0.0,0.0,1315.0,568.0,333.0,1141.0
2.0,8938.0,2050.0,1882.0,1424.0,0.0,0.0,1297.0,585.0,1173.0,877.0
2.0,8312.0,2479.0,1896.0,0.0,1751.0,1751.0,1312.0,584.0,2164.0,315.0
2.0,5833.0,2328.0,1912.0,0.0,4143.0,4143.0,1345.0,567.0,2304.0,24.0
2.0,3505.0,1756.0,1916.0,1751.0,4164.0,4164.0,1364.0,552.0,1468.0,288.0
2.0,3500.0,1369.0,1906.0,4143.0,1350.0,1350.0,1352.0,554.0,513.0,856.0
2.0,6274.0,1556.0,1893.0,4164.0,0.0,0.0,1321.0,572.0,396.0,1160.0
2.0,8882.0,2089.0,1892.0,1350.0,0.0,0.0,1303.0,589.0,1214.0,875.0
2.0,8143.0,2438.0,1907.0,0.0,1923.0,1923.0,1319.0,588.0,2147.0,291.0
2.0,5705.0,2259.0,1923.0,0.0,4246.0,4246.0,1352.0,571.0,2259.0,0.0
2.0,3446.0,1698.0,1926.0,1923.0,4033.0,4033.0,1371.0,555.0,1420.0,278.0
2.0,3671.0,1354.0,1914.0,4246.0,1093.0,1093.0,1357.0,557.0,502.0,852.0
2.0,6563.0,1559.0,1900.0,4033.0,0.0,0.0,1325.0,575.0,421.0,1138.0
2.0,9037.0,2141.0,1900.0,1093.0,0.0,0.0,1308.0,592.0,1265.0,876.0
2.0,7989.0,2492.0,1915.0,0.0,2163.0,2163.0,1324.0,591.0,2177.0,315.0
2.0,5497.0,2252.0,1931.0,0.0,4479.0,4479.0,1357.0,574.0,2252.0,0.0
2.0,3245.0,1645.0,1933.0,2163.0,3969.0,3969.0,1375.0,558.0,1404.0,241.0
2.0,3763.0,1331.0,1920.0,4479.0,769.0,769.0,1361.0,559.0,517.0,814.0
2.0,6911.0,1581.0,1906.0,3969.0,0.0,0.0,1329.0,577.0,442.0,1139.0
2.0,9299.0,2192.0,1907.0,769.0,0.0,0.0,1313.0,594.0,1297.0,895.0
2.0,7876.0,2502.0,1922.0,0.0,2314.0,2314.0,1328.0,594.0,2168.0,334.0
2.0,5374.0,2208.0,1937.0,0.0,4582.0,4582.0,1360.0,577.0,2208.0,0.0
2.0,3166.0,1629.0,1938.0,2314.0,3901.0,3901.0,1378.0,560.0,1397.0,232.0
2.0,3851.0,1373.0,1926.0,4582.0,644.0,644.0,1365.0,561.0,562.0,811.0
2.0,7060.0,1681.0,1912.0,3901.0,0.0,0.0,1334.0,578.0,532.0,1149.0
2.0,9280.0,2247.0,1913.0,644.0,0.0,0.0,1317.0,596.0,1323.0,924.0
2.0,7677.0,2495.0,1926.0,0.0,2522.0,2522.0,1330.0,596.0,2141.0,354.0
2.0,5182.0,2179.0,1941.0,0.0,4761.0,4761.0,1361.0,580.0,2164.0,15.0
2.0,3003.0,1617.0,1942.0,2522.0,3860.0,3860.0,1379.0,563.0,1385.0,232.0
2.0,3908.0,1382.0,1929.0,4761.0,429.0,429.0,1367.0,562.0,588.0,794.0
2.0,7287.0,1703.0,1915.0,3860.0,0.0,0.0,1336.0,579.0,557.0,1146.0
2.0,9444.0,2248.0,1913.0,429.0,27.0,27.0,1317.0,596.0,1324.0,924.0
2.0,7625.0,2491.0,1925.0,0.0,2566.0,2566.0,1329.0,596.0,2125.0,366.0
2.0,5134.0,2210.0,1941.0,27.0,4813.0,4813.0,1360.0,581.0,2181.0,29.0
2.0,2951.0,1687.0,1944.0,2566.0,3946.0,3946.0,1380.0,564.0,1430.0,257.0
2.0,3830.0,1409.0,1932.0,4813.0,494.0,494.0,1368.0,564.0,594.0,815.0
2.0,7234.0,1652.0,1915.0,3946.0,0.0,0.0,1335.0,580.0,500.0,1152.0
2.0,9528.0,2152.0,1909.0,494.0,0.0,0.0,1313.0,596.0,1245.0,907.0
2.0,7870.0,2481.0,1923.0,0.0,2303.0,2303.0,1326.0,597.0,2136.0,345.0
2.0,5389.0,2264.0,1939.0,0.0,4631.0,4631.0,1358.0,581.0,2239.0,25.0
2.0,3125.0,1749.0,1943.0,2303.0,4093.0,4093.0,1379.0,564.0,1471.0,278.0
2.0,3679.0,1442.0,1932.0,4631.0,860.0,860.0,1368.0,564.0,603.0,839.0
2.0,6868.0,1691.0,1916.0,4093.0,0.0,0.0,1336.0,580.0,540.0,1151.0
2.0,9270.0,2201.0,1913.0,860.0,0.0,0.0,1316.0,597.0,1308.0,893.0
2.0,7929.0,2435.0,1924.0,0.0,2202.0,2202.0,1327.0,597.0,2105.0,330.0
2.0,5494.0,2192.0,1940.0,0.0,4458.0,4458.0,1359.0,581.0,2151.0,41.0
2.0,3302.0,1708.0,1944.0,2202.0,3980.0,3980.0,1379.0,565.0,1405.0,303.0
2.0,3796.0,1459.0,1933.0,4458.0,937.0,937.0,1368.0,565.0,611.0,848.0
2.0,6795.0,1736.0,1918.0,3980.0,0.0,0.0,1338.0,580.0,596.0,1140.0
2.0,9039.0,2245.0,1916.0,937.0,0.0,0.0,1319.0,597.0,1374.0,871.0
2.0,7731.0,2450.0,1929.0,0.0,2435.0,2435.0,1332.0,597.0,2141.0,309.0
2.0,5281.0,2145.0,1944.0,0.0,4640.0,4640.0,1363.0,581.0,2123.0,22.0
2.0,3136.0,1616.0,1947.0,2435.0,3833.0,3833.0,1382.0,565.0,1321.0,295.0
2.0,3955.0,1448.0,1935.0,4640.0,593.0,593.0,1371.0,564.0,587.0,861.0
2.0,7147.0,1772.0,1922.0,3833.0,0.0,0.0,1342.0,580.0,642.0,1130.0
2.0,9208.0,2260.0,1921.0,593.0,143.0,143.0,1325.0,596.0,1417.0,843.0
2.0,7541.0,2395.0,1933.0,0.0,2586.0,2586.0,1337.0,596.0,2105.0,290.0
2.0,5146.0,2054.0,1946.0,143.0,4549.0,4549.0,1366.0,580.0,2035.0,19.0
2.0,3235.0,1527.0,1945.0,2586.0,3486.0,3486.0,1382.0,563.0,1234.0,293.0
2.0,4294.0,1408.0,1933.0,4549.0,297.0,297.0,1370.0,563.0,552.0,856.0
2.0,7435.0,1808.0,1921.0,3486.0,0.0,0.0,1342.0,579.0,684.0,1124.0
2.0,9113.0,2338.0,1922.0,297.0,616.0,616.0,1327.0,595.0,1507.0,831.0
2.0,7072.0,2466.0,1937.0,0.0,3142.0,3142.0,1342.0,595.0,2183.0,283.0
2.0,4606.0,2064.0,1950.0,616.0,4642.0,4642.0,1371.0,579.0,2043.0,21.0
2.0,3158.0,1561.0,1950.0,3142.0,3061.0,3061.0,1387.0,563.0,1240.0,321.0
2.0,4739.0,1391.0,1936.0,4642.0,0.0,0.0,1373.0,563.0,519.0,872.0
2.0,7990.0,1759.0,1921.0,3061.0,0.0,0.0,1343.0,578.0,643.0,1116.0
2.0,9292.0,2340.0,1923.0,0.0,740.0,740.0,1329.0,594.0,1509.0,831.0
2.0,6952.0,2460.0,1939.0,0.0,3264.0,3264.0,1344.0,595.0,2180.0,280.0
2.0,4492.0,2079.0,1953.0,740.0,4659.0,4659.0,1373.0,580.0,2052.0,27.0
2.0,3153.0,1528.0,1952.0,3264.0,2919.0,2919.0,1388.0,564.0,1200.0,328.0
2.0,4889.0,1389.0,1938.0,4659.0,0.0,0.0,1373.0,565.0,491.0,898.0
2.0,8159.0,1780.0,1923.0,2919.0,0.0,0.0,1343.0,580.0,629.0,1151.0
2.0,9298.0,2308.0,1926.0,0.0,714.0,714.0,1329.0,597.0,1461.0,847.0
2.0,6990.0,2454.0,1941.0,0.0,3228.0,3228.0,1344.0,597.0,2179.0,275.0
2.0,4536.0,2107.0,1955.0,714.0,4677.0,4677.0,1373.0,582.0,2091.0,16.0
2.0,3143.0,1642.0,1955.0,3228.0,3091.0,3091.0,1388.0,567.0,1300.0,342.0
2.0,4729.0,1476.0,1939.0,4677.0,0.0,0.0,1373.0,566.0,559.0,917.0
2.0,7930.0,1836.0,1927.0,3091.0,0.0,0.0,1345.0,582.0,669.0,1167.0
2.0,9185.0,2345.0,1930.0,0.0,880.0,880.0,1332.0,598.0,1497.0,848.0
2.0,6840.0,2499.0,1947.0,0.0,3447.0,3447.0,1348.0,599.0,2215.0,284.0
2.0,4341.0,2110.0,1961.0,880.0,4733.0,4733.0,1377.0,584.0,2081.0,29.0
2.0,3111.0,1581.0,1959.0,3447.0,2859.0,2859.0,1390.0,569.0,1227.0,354.0
2.0,4977.0,1435.0,1943.0,4733.0,0.0,0.0,1374.0,569.0,507.0,928.0
2.0,8275.0,1839.0,1931.0,2859.0,0.0,0.0,1346.0,585.0,657.0,1182.0
2.0,9295.0,2390.0,1934.0,0.0,831.0,831.0,1333.0,601.0,1519.0,871.0
2.0,6905.0,2517.0,1950.0,0.0,3412.0,3412.0,1348.0,602.0,2212.0,305.0
2.0,4388.0,2157.0,1964.0,831.0,4794.0,4794.0,1377.0,587.0,2102.0,55.0
2.0,3062.0,1657.0,1964.0,3412.0,3039.0,3039.0,1392.0,572.0,1290.0,367.0
2.0,4817.0,1522.0,1952.0,4794.0,0.0,0.0,1379.0,573.0,584.0,938.0
2.0,8089.0,1869.0,1941.0,3039.0,0.0,0.0,1352.0,589.0,691.0,1178.0
2.0,9259.0,2376.0,1943.0,0.0,889.0,889.0,1338.0,605.0,1516.0,860.0
2.0,6883.0,2519.0,1958.0,0.0,3468.0,3468.0,1352.0,606.0,2212.0,307.0
2.0,4364.0,2187.0,1971.0,889.0,4818.0,4818.0,1381.0,590.0,2130.0,57.0
2.0,3066.0,1712.0,1973.0,3468.0,3070.0,3070.0,1397.0,576.0,1338.0,374.0
2.0,4822.0,1540.0,1959.0,4818.0,0.0,0.0,1383.0,576.0,612.0,928.0
2.0,8100.0,1842.0,1948.0,3070.0,0.0,0.0,1356.0,592.0,676.0,1166.0
2.0,9328.0,2306.0,1950.0,0.0,778.0,778.0,1342.0,608.0,1453.0,853.0
2.0,7022.0,2469.0,1964.0,0.0,3303.0,3303.0,1357.0,607.0,2188.0,281.0
2.0,4553.0,2185.0,1979.0,778.0,4770.0,4770.0,1387.0,592.0,2163.0,22.0
2.0,3146.0,1754.0,1979.0,3303.0,3221.0,3221.0,1403.0,576.0,1413.0,341.0
2.0,4695.0,1577.0,1966.0,4770.0,0.0,0.0,1389.0,577.0,657.0,920.0
2.0,7888.0,1842.0,1955.0,3221.0,0.0,0.0,1361.0,594.0,668.0,1174.0
2.0,9267.0,2252.0,1957.0,0.0,813.0,813.0,1347.0,610.0,1395.0,857.0
2.0,7015.0,2392.0,1971.0,0.0,3261.0,3261.0,1362.0,609.0,2120.0,272.0
2.0,4623.0,2131.0,1985.0,813.0,4635.0,4635.0,1392.0,593.0,2114.0,17.0
2.0,3305.0,1736.0,1984.0,3261.0,3106.0,3106.0,1406.0,578.0,1405.0,331.0
2.0,4830.0,1618.0,1972.0,4635.0,41.0,41.0,1393.0,579.0,704.0,914.0
2.0,7847.0,1861.0,1961.0,3106.0,0.0,0.0,1365.0,596.0,688.0,1173.0
2.0,9092.0,2218.0,1964.0,41.0,941.0,941.0,1352.0,612.0,1371.0,847.0
2.0,6915.0,2401.0,1981.0,0.0,3410.0,3410.0,1369.0,612.0,2117.0,284.0
2.0,4514.0,2133.0,1996.0,941.0,4662.0,4662.0,1400.0,596.0,2118.0,15.0
2.0,3322.0,1674.0,1993.0,3410.0,2914.0,2914.0,1413.0,580.0,1356.0,318.0
2.0,5058.0,1483.0,1976.0,4662.0,0.0,0.0,1395.0,581.0,611.0,872.0
2.0,8237.0,1754.0,1962.0,2914.0,0.0,0.0,1365.0,597.0,625.0,1129.0
2.0,9397.0,2239.0,1966.0,0.0,706.0,706.0,1353.0,613.0,1394.0,845.0
2.0,7158.0,2435.0,1982.0,0.0,3205.0,3205.0,1370.0,612.0,2148.0,287.0
2.0,4723.0,2153.0,1997.0,706.0,4712.0,4712.0,1401.0,596.0,2124.0,29.0
2.0,3276.0,1670.0,1996.0,3205.0,3173.0,3173.0,1415.0,581.0,1350.0,320.0
2.0,4811.0,1473.0,1979.0,4712.0,0.0,0.0,1397.0,582.0,602.0,871.0
2.0,8050.0,1743.0,1965.0,3173.0,0.0,0.0,1367.0,598.0,614.0,1129.0
2.0,9480.0,2187.0,1968.0,0.0,579.0,579.0,1354.0,614.0,1353.0,834.0
2.0,7293.0,2370.0,1984.0,0.0,3013.0,3013.0,1371.0,613.0,2087.0,283.0
2.0,4923.0,2156.0,1998.0,579.0,4646.0,4646.0,1402.0,596.0,2131.0,25.0
2.0,3346.0,1770.0,1998.0,3013.0,3403.0,3403.0,1418.0,580.0,1457.0,313.0
2.0,4589.0,1586.0,1984.0,4646.0,287.0,287.0,1404.0,580.0,707.0,879.0
2.0,7649.0,1806.0,1971.0,3403.0,0.0,0.0,1374.0,597.0,654.0,1152.0
2.0,9246.0,2157.0,1972.0,287.0,512.0,512.0,1359.0,613.0,1306.0,851.0
2.0,7376.0,2303.0,1985.0,0.0,2867.0,2867.0,1373.0,612.0,2018.0,285.0
2.0,5073.0,2130.0,1998.0,512.0,4537.0,4537.0,1403.0,595.0,2108.0,22.0
2.0,3455.0,1799.0,1997.0,2867.0,3465.0,3465.0,1418.0,579.0,1459.0,340.0
2.0,4523.0,1645.0,1984.0,4537.0,521.0,521.0,1403.0,581.0,723.0,922.0
2.0,7415.0,1827.0,1971.0,3465.0,0.0,0.0,1373.0,598.0,641.0,1186.0
2.0,9053.0,2168.0,1972.0,521.0,482.0,482.0,1358.0,614.0,1304.0,864.0
2.0,7406.0,2344.0,1987.0,0.0,2886.0,2886.0,1374.0,613.0,2060.0,284.0
2.0,5062.0,2186.0,2001.0,482.0,4646.0,4646.0,1406.0,595.0,2180.0,6.0
2.0,3358.0,1820.0,2000.0,2886.0,3576.0,3576.0,1422.0,578.0,1492.0,328.0
2.0,4424.0,1632.0,1987.0,4646.0,510.0,510.0,1407.0,580.0,701.0,931.0
2.0,7438.0,1786.0,1972.0,3576.0,0.0,0.0,1375.0,597.0,576.0,1210.0
2.0,9228.0,2183.0,1972.0,510.0,333.0,333.0,1359.0,613.0,1288.0,895.0
2.0,7555.0,2436.0,1988.0,0.0,2833.0,2833.0,1376.0,612.0,2127.0,309.0
2.0,5119.0,2309.0,2003.0,333.0,4869.0,4869.0,1408.0,595.0,2275.0,34.0
2.0,3143.0,1922.0,2004.0,2833.0,3962.0,3962.0,1425.0,579.0,1574.0,348.0
2.0,4054.0,1670.0,1990.0,4869.0,707.0,707.0,1410.0,580.0,746.0,924.0
2.0,7253.0,1799.0,1976.0,3962.0,0.0,0.0,1379.0,597.0,607.0,1192.0
2.0,9416.0,2165.0,1976.0,707.0,0.0,0.0,1363.0,613.0,1283.0,882.0
2.0,7958.0,2411.0,1989.0,0.0,2409.0,2409.0,1378.0,611.0,2111.0,300.0
2.0,5547.0,2328.0,2004.0,0.0,4797.0,4797.0,1410.0,594.0,2285.0,43.0
2.0,3219.0,1996.0,2008.0,2409.0,4400.0,4400.0,1429.0,579.0,1638.0,358.0
2.0,3632.0,1699.0,1995.0,4797.0,1250.0,1250.0,1415.0,580.0,761.0,938.0
2.0,6730.0,1749.0,1982.0,4400.0,0.0,0.0,1384.0,598.0,544.0,1205.0
2.0,9381.0,2124.0,1981.0,1250.0,0.0,0.0,1366.0,615.0,1231.0,893.0
2.0,8507.0,2461.0,1995.0,0.0,1934.0,1934.0,1380.0,615.0,2144.0,317.0
2.0,6046.0,2383.0,2010.0,0.0,4377.0,4377.0,1412.0,598.0,2347.0,36.0
2.0,3663.0,1970.0,2012.0,1934.0,4421.0,4421.0,1431.0,581.0,1635.0,335.0
2.0,3627.0,1655.0,2001.0,4377.0,1655.0,1655.0,1418.0,583.0,735.0,920.0
2.0,6349.0,1738.0,1989.0,4421.0,0.0,0.0,1388.0,601.0,525.0,1213.0
2.0,9032.0,2099.0,1988.0,1655.0,0.0,0.0,1370.0,618.0,1207.0,892.0
2.0,8588.0,2391.0,2001.0,0.0,1807.0,1807.0,1384.0,617.0,2110.0,281.0
2.0,6197.0,2348.0,2014.0,0.0,4207.0,4207.0,1415.0,599.0,2348.0,0.0
2.0,3849.0,2004.0,2017.0,1807.0,4416.0,4416.0,1434.0,583.0,1684.0,320.0
2.0,3652.0,1695.0,2007.0,4207.0,1864.0,1864.0,1423.0,584.0,773.0,922.0
2.0,6164.0,1704.0,1994.0,4416.0,0.0,0.0,1392.0,602.0,499.0,1205.0
2.0,8876.0,1978.0,1991.0,1864.0,0.0,0.0,1372.0,619.0,1091.0,887.0
2.0,8762.0,2276.0,2002.0,0.0,1522.0,1522.0,1384.0,618.0,1989.0,287.0
2.0,6486.0,2307.0,2018.0,0.0,3893.0,3893.0,1417.0,601.0,2307.0,0.0
2.0,4179.0,1990.0,2022.0,1522.0,4377.0,4377.0,1437.0,585.0,1680.0,310.0
2.0,3711.0,1644.0,2012.0,3893.0,2088.0,2088.0,1425.0,587.0,740.0,904.0
2.0,5960.0,1654.0,1996.0,4377.0,0.0,0.0,1392.0,604.0,466.0,1188.0
2.0,8683.0,2007.0,1994.0,2088.0,0.0,0.0,1373.0,621.0,1103.0,904.0
2.0,8764.0,2348.0,2007.0,0.0,1612.0,1612.0,1386.0,621.0,2033.0,315.0
2.0,6416.0,2343.0,2023.0,0.0,4019.0,4019.0,1419.0,604.0,2328.0,15.0
2.0,4073.0,1985.0,2027.0,1612.0,4408.0,4408.0,1439.0,588.0,1672.0,313.0
2.0,3700.0,1658.0,2018.0,4019.0,2011.0,2011.0,1428.0,590.0,753.0,905.0
2.0,6061.0,1647.0,2003.0,4408.0,0.0,0.0,1396.0,607.0,449.0,1198.0
2.0,8822.0,1957.0,2000.0,2011.0,0.0,0.0,1376.0,624.0,1060.0,897.0
2.0,8876.0,2277.0,2010.0,0.0,1441.0,1441.0,1386.0,624.0,1972.0,305.0
2.0,6599.0,2311.0,2023.0,0.0,3804.0,3804.0,1416.0,607.0,2293.0,18.0
2.0,4288.0,2023.0,2028.0,1441.0,4406.0,4406.0,1436.0,592.0,1702.0,321.0
2.0,3706.0,1733.0,2020.0,3804.0,2303.0,2303.0,1427.0,593.0,802.0,931.0
2.0,5777.0,1722.0,2008.0,4406.0,0.0,0.0,1397.0,611.0,505.0,1217.0
2.0,8461.0,1993.0,2006.0,2303.0,0.0,0.0,1378.0,628.0,1099.0,894.0
2.0,8771.0,2308.0,2016.0,0.0,1601.0,1601.0,1389.0,627.0,2022.0,286.0
2.0,6463.0,2339.0,2029.0,0.0,3992.0,3992.0,1420.0,609.0,2328.0,11.0
2.0,4124.0,2033.0,2033.0,1601.0,4440.0,4440.0,1440.0,593.0,1692.0,341.0
2.0,3692.0,1776.0,2026.0,3992.0,2196.0,2196.0,1431.0,595.0,815.0,961.0
2.0,5908.0,1787.0,2015.0,4440.0,0.0,0.0,1402.0,613.0,563.0,1224.0
2.0,8561.0,2035.0,2012.0,2196.0,0.0,0.0,1382.0,630.0,1155.0,880.0
2.0,8722.0,2300.0,2021.0,0.0,1662.0,1662.0,1392.0,629.0,2013.0,287.0
2.0,6422.0,2357.0,2034.0,0.0,4071.0,4071.0,1423.0,611.0,2333.0,24.0
2.0,4065.0,2125.0,2041.0,1662.0,4562.0,4562.0,1446.0,595.0,1773.0,352.0
2.0,3602.0,1839.0,2035.0,4071.0,2306.0,2306.0,1439.0,596.0,884.0,955.0
2.0,5834.0,1768.0,2022.0,4562.0,0.0,0.0,1408.0,614.0,541.0,1227.0
2.0,8628.0,2018.0,2016.0,2306.0,0.0,0.0,1386.0,630.0,1124.0,894.0
2.0,8916.0,2335.0,2024.0,0.0,1515.0,1515.0,1395.0,629.0,2047.0,288.0
2.0,6581.0,2435.0,2039.0,0.0,4010.0,4010.0,1427.0,612.0,2410.0,25.0
2.0,4146.0,2184.0,2047.0,1515.0,4711.0,4711.0,1451.0,596.0,1834.0,350.0
2.0,3477.0,1832.0,2040.0,4010.0,2505.0,2505.0,1443.0,597.0,895.0,937.0
2.0,5655.0,1714.0,2027.0,4711.0,0.0,0.0,1413.0,614.0,512.0,1202.0
2.0,8652.0,1949.0,2019.0,2505.0,0.0,0.0,1389.0,630.0,1061.0,888.0
2.0,9208.0,2328.0,2026.0,0.0,1224.0,1224.0,1397.0,629.0,2032.0,296.0
2.0,6880.0,2465.0,2041.0,0.0,3749.0,3749.0,1429.0,612.0,2441.0,24.0
2.0,4415.0,2259.0,2050.0,1224.0,4820.0,4820.0,1455.0,595.0,1917.0,342.0
2.0,3380.0,1883.0,2046.0,3749.0,2938.0,2938.0,1450.0,596.0,946.0,937.0
2.0,5246.0,1670.0,2031.0,4820.0,0.0,0.0,1418.0,613.0,467.0,1203.0
2.0,8396.0,1843.0,2020.0,2938.0,0.0,0.0,1391.0,629.0,964.0,879.0
2.0,9491.0,2259.0,2025.0,0.0,868.0,868.0,1397.0,628.0,1970.0,289.0
2.0,7232.0,2476.0,2041.0,0.0,3408.0,3408.0,1430.0,611.0,2444.0,32.0
2.0,4756.0,2271.0,2051.0,868.0,4851.0,4851.0,1457.0,594.0,1923.0,348.0
2.0,3353.0,1856.0,2047.0,3408.0,3283.0,3283.0,1452.0,595.0,923.0,933.0
2.0,4905.0,1651.0,2033.0,4851.0,27.0,27.0,1420.0,613.0,463.0,1188.0
2.0,8105.0,1842.0,2023.0,3283.0,0.0,0.0,1393.0,630.0,960.0,882.0
2.0,9546.0,2210.0,2027.0,27.0,745.0,745.0,1398.0,629.0,1921.0,289.0
2.0,7363.0,2367.0,2040.0,0.0,3164.0,3164.0,1428.0,612.0,2355.0,12.0
2.0,4996.0,2178.0,2049.0,745.0,4633.0,4633.0,1454.0,595.0,1853.0,325.0
2.0,3563.0,1834.0,2046.0,3164.0,3291.0,3291.0,1451.0,595.0,924.0,910.0
2.0,4893.0,1679.0,2034.0,4633.0,289.0,289.0,1422.0,612.0,486.0,1193.0
2.0,7847.0,1848.0,2026.0,3291.0,0.0,0.0,1396.0,630.0,962.0,886.0
2.0,9290.0,2156.0,2029.0,289.0,693.0,693.0,1400.0,629.0,1869.0,287.0
2.0,7423.0,2338.0,2042.0,0.0,3083.0,3083.0,1430.0,612.0,2321.0,17.0
2.0,5085.0,2167.0,2053.0,693.0,4601.0,4601.0,1457.0,596.0,1838.0,329.0
2.0,3611.0,1803.0,2049.0,3083.0,3305.0,3305.0,1453.0,596.0,886.0,917.0
2.0,4891.0,1602.0,2034.0,4601.0,246.0,246.0,1421.0,613.0,397.0,1205.0
2.0,7890.0,1758.0,2022.0,3305.0,0.0,0.0,1393.0,629.0,882.0,876.0
2.0,9437.0,2142.0,2026.0,246.0,563.0,563.0,1397.0,629.0,1851.0,291.0
2.0,7541.0,2407.0,2040.0,0.0,3026.0,3026.0,1428.0,612.0,2378.0,29.0
2.0,5134.0,2244.0,2052.0,563.0,4755.0,4755.0,1456.0,596.0,1905.0,339.0
2.0,3453.0,1851.0,2049.0,3026.0,3568.0,3568.0,1453.0,596.0,920.0,931.0
2.0,4628.0,1633.0,2038.0,4755.0,402.0,402.0,1424.0,614.0,429.0,1204.0
2.0,7750.0,1798.0,2027.0,3568.0,0.0,0.0,1397.0,630.0,904.0,894.0
2.0,9520.0,2197.0,2031.0,402.0,399.0,399.0,1401.0,630.0,1897.0,300.0
2.0,7725.0,2445.0,2045.0,0.0,2900.0,2900.0,1432.0,613.0,2414.0,31.0
2.0,5280.0,2292.0,2055.0,399.0,4833.0,4833.0,1459.0,596.0,1942.0,350.0
2.0,3387.0,1892.0,2053.0,2900.0,3817.0,3817.0,1456.0,597.0,947.0,945.0
2.0,4395.0,1645.0,2041.0,4833.0,581.0,581.0,1426.0,615.0,415.0,1230.0
2.0,7583.0,1780.0,2030.0,3817.0,0.0,0.0,1397.0,633.0,867.0,913.0
2.0,9620.0,2203.0,2033.0,581.0,134.0,134.0,1401.0,632.0,1886.0,317.0
2.0,7998.0,2515.0,2047.0,0.0,2705.0,2705.0,1433.0,614.0,2480.0,35.0
2.0,5483.0,2365.0,2058.0,134.0,4980.0,4980.0,1461.0,597.0,2021.0,344.0
2.0,3252.0,1954.0,2057.0,2705.0,4225.0,4225.0,1458.0,599.0,1005.0,949.0
2.0,4003.0,1706.0,2045.0,4980.0,903.0,903.0,1428.0,617.0,459.0,1247.0
2.0,7277.0,1867.0,2037.0,4225.0,0.0,0.0,1402.0,635.0,936.0,931.0
2.0,9635.0,2286.0,2039.0,903.0,0.0,0.0,1405.0,634.0,1968.0,318.0
2.0,8252.0,2569.0,2053.0,0.0,2529.0,2529.0,1437.0,616.0,2535.0,34.0
2.0,5683.0,2408.0,2066.0,0.0,4989.0,4989.0,1466.0,600.0,2043.0,365.0
2.0,3275.0,2000.0,2065.0,2529.0,4456.0,4456.0,1464.0,601.0,1034.0,966.0
2.0,3804.0,1776.0,2055.0,4989.0,1203.0,1203.0,1435.0,620.0,518.0,1258.0
2.0,7017.0,1954.0,2045.0,4456.0,0.0,0.0,1408.0,637.0,1009.0,945.0
2.0,9519.0,2361.0,2048.0,1203.0,0.0,0.0,1411.0,637.0,2007.0,354.0
2.0,8361.0,2565.0,2063.0,0.0,2456.0,2456.0,1442.0,621.0,2506.0,59.0
2.0,5796.0,2327.0,2074.0,0.0,4827.0,4827.0,1470.0,604.0,1976.0,351.0
2.0,3469.0,1900.0,2073.0,2456.0,4267.0,4267.0,1468.0,605.0,962.0,938.0
2.0,4025.0,1664.0,2061.0,4827.0,1056.0,1056.0,1438.0,623.0,452.0,1212.0
2.0,7188.0,1911.0,2050.0,4267.0,0.0,0.0,1410.0,640.0,993.0,918.0
2.0,9544.0,2374.0,2052.0,1056.0,0.0,0.0,1412.0,640.0,2020.0,354.0
2.0,8226.0,2585.0,2066.0,0.0,2623.0,2623.0,1442.0,624.0,2512.0,73.0
2.0,5641.0,2360.0,2079.0,0.0,5035.0,5035.0,1472.0,607.0,2002.0,358.0
2.0,3281.0,1893.0,2080.0,2623.0,4309.0,4309.0,1472.0,608.0,972.0,921.0
2.0,4011.0,1663.0,2069.0,5035.0,893.0,893.0,1443.0,626.0,457.0,1206.0
2.0,7383.0,1859.0,2057.0,4309.0,0.0,0.0,1414.0,643.0,954.0,905.0
2.0,9833.0,2328.0,2058.0,893.0,0.0,0.0,1416.0,642.0,1994.0,334.0
2.0,8398.0,2555.0,2072.0,0.0,2445.0,2445.0,1446.0,626.0,2494.0,61.0
2.0,5843.0,2283.0,2083.0,0.0,4772.0,4772.0,1474.0,609.0,1942.0,341.0
2.0,3560.0,1774.0,2082.0,2445.0,4097.0,4097.0,1473.0,609.0,880.0,894.0
2.0,4231.0,1558.0,2069.0,4772.0,831.0,831.0,1443.0,626.0,390.0,1168.0
2.0,7445.0,1840.0,2059.0,4097.0,0.0,0.0,1416.0,643.0,957.0,883.0
2.0,9702.0,2350.0,2063.0,831.0,69.0,69.0,1420.0,643.0,2028.0,322.0
2.0,8183.0,2512.0,2075.0,0.0,2629.0,2629.0,1449.0,626.0,2469.0,43.0
2.0,5671.0,2192.0,2086.0,69.0,4796.0,4796.0,1476.0,610.0,1864.0,328.0
2.0,3548.0,1692.0,2083.0,2629.0,3847.0,3847.0,1473.0,610.0,803.0,889.0
2.0,4485.0,1547.0,2071.0,4796.0,550.0,550.0,1444.0,627.0,375.0,1172.0
2.0,7734.0,1897.0,2063.0,3847.0,0.0,0.0,1419.0,644.0,997.0,900.0
2.0,9684.0,2362.0,2066.0,550.0,392.0,392.0,1422.0,644.0,2023.0,339.0
2.0,7872.0,2490.0,2079.0,0.0,2934.0,2934.0,1452.0,627.0,2446.0,44.0
2.0,5382.0,2144.0,2090.0,392.0,4730.0,4730.0,1480.0,610.0,1831.0,313.0
2.0,3630.0,1642.0,2088.0,2934.0,3430.0,3430.0,1478.0,610.0,773.0,869.0
2.0,4922.0,1526.0,2076.0,4730.0,178.0,178.0,1449.0,627.0,365.0,1161.0
2.0,8126.0,1895.0,2065.0,3430.0,0.0,0.0,1422.0,643.0,990.0,905.0
2.0,9661.0,2410.0,2070.0,178.0,851.0,851.0,1426.0,644.0,2069.0,341.0
2.0,7429.0,2566.0,2083.0,0.0,3469.0,3469.0,1457.0,626.0,2530.0,36.0
2.0,4863.0,2188.0,2094.0,851.0,4850.0,4850.0,1485.0,609.0,1896.0,292.0
2.0,3526.0,1673.0,2091.0,3469.0,3042.0,3042.0,1483.0,608.0,806.0,867.0
2.0,5322.0,1564.0,2079.0,4850.0,0.0,0.0,1454.0,625.0,372.0,1192.0
2.0,8608.0,1964.0,2070.0,3042.0,0.0,0.0,1427.0,643.0,1028.0,936.0
2.0,9686.0,2459.0,2073.0,0.0,1065.0,1065.0,1430.0,643.0,2091.0,368.0
2.0,7227.0,2575.0,2086.0,0.0,3692.0,3692.0,1460.0,626.0,2525.0,50.0
2.0,4652.0,2200.0,2097.0,1065.0,4871.0,4871.0,1489.0,608.0,1914.0,286.0
2.0,3517.0,1733.0,2096.0,3692.0,2908.0,2908.0,1489.0,607.0,866.0,867.0
2.0,5476.0,1663.0,2085.0,4871.0,0.0,0.0,1461.0,624.0,444.0,1219.0
2.0,8684.0,2039.0,2076.0,2908.0,0.0,0.0,1434.0,642.0,1068.0,971.0
2.0,9553.0,2531.0,2079.0,0.0,1294.0,1294.0,1436.0,643.0,2142.0,389.0
2.0,7022.0,2650.0,2093.0,0.0,4000.0,4000.0,1467.0,626.0,2604.0,46.0
2.0,4372.0,2263.0,2103.0,1294.0,5009.0,5009.0,1496.0,607.0,1966.0,297.0
2.0,3403.0,1778.0,2102.0,4000.0,2783.0,2783.0,1495.0,607.0,892.0,886.0
2.0,5625.0,1659.0,2090.0,5009.0,0.0,0.0,1466.0,624.0,431.0,1228.0
2.0,8975.0,2049.0,2080.0,2783.0,0.0,0.0,1438.0,642.0,1075.0,974.0
2.0,9709.0,2543.0,2083.0,0.0,1166.0,1166.0,1440.0,643.0,2156.0,387.0
2.0,7166.0,2684.0,2095.0,0.0,3898.0,3898.0,1470.0,625.0,2619.0,65.0
2.0,4482.0,2312.0,2105.0,1166.0,5084.0,5084.0,1498.0,607.0,1980.0,332.0
2.0,3336.0,1792.0,2103.0,3898.0,2970.0,2970.0,1496.0,607.0,870.0,922.0
2.0,5442.0,1674.0,2089.0,5084.0,0.0,0.0,1465.0,624.0,431.0,1243.0
2.0,8852.0,2052.0,2080.0,2970.0,0.0,0.0,1438.0,642.0,1085.0,967.0
2.0,9770.0,2592.0,2085.0,0.0,1162.0,1162.0,1443.0,642.0,2209.0,383.0
2.0,7178.0,2682.0,2099.0,0.0,3900.0,3900.0,1474.0,625.0,2621.0,61.0
2.0,4496.0,2257.0,2112.0,1162.0,5047.0,5047.0,1503.0,609.0,1920.0,337.0
2.0,3401.0,1735.0,2108.0,3900.0,2866.0,2866.0,1499.0,609.0,806.0,929.0
2.0,5566.0,1652.0,2094.0,5047.0,0.0,0.0,1468.0,626.0,405.0,1247.0
2.0,8961.0,2041.0,2083.0,2866.0,0.0,0.0,1440.0,643.0,1068.0,973.0
2.0,9786.0,2535.0,2087.0,0.0,1097.0,1097.0,1443.0,644.0,2158.0,377.0
2.0,7251.0,2669.0,2102.0,0.0,3826.0,3826.0,1475.0,627.0,2612.0,57.0
2.0,4582.0,2272.0,2113.0,1097.0,5045.0,5045.0,1503.0,610.0,1941.0,331.0
2.0,3407.0,1721.0,2111.0,3826.0,2932.0,2932.0,1501.0,610.0,808.0,913.0
2.0,5512.0,1556.0,2096.0,5045.0,0.0,0.0,1469.0,627.0,345.0,1211.0
2.0,9001.0,1939.0,2084.0,2932.0,0.0,0.0,1440.0,644.0,1005.0,934.0
2.0,9994.0,2514.0,2089.0,0.0,876.0,876.0,1444.0,645.0,2135.0,379.0
2.0,7480.0,2650.0,2105.0,0.0,3590.0,3590.0,1476.0,629.0,2572.0,78.0
2.0,4830.0,2212.0,2118.0,876.0,4978.0,4978.0,1505.0,613.0,1876.0,336.0
2.0,3494.0,1656.0,2114.0,3590.0,3028.0,3028.0,1501.0,613.0,762.0,894.0
2.0,5428.0,1533.0,2099.0,4978.0,0.0,0.0,1469.0,630.0,324.0,1209.0
2.0,8873.0,1939.0,2088.0,3028.0,0.0,0.0,1440.0,648.0,982.0,957.0
2.0,9962.0,2526.0,2094.0,0.0,940.0,940.0,1445.0,649.0,2134.0,392.0
2.0,7436.0,2679.0,2113.0,0.0,3695.0,3695.0,1480.0,633.0,2605.0,74.0
2.0,4757.0,2200.0,2126.0,940.0,5007.0,5007.0,1509.0,617.0,1902.0,298.0
2.0,3497.0,1601.0,2120.0,3695.0,2889.0,2889.0,1504.0,616.0,753.0,848.0
2.0,5591.0,1469.0,2103.0,5007.0,0.0,0.0,1471.0,632.0,284.0,1185.0
2.0,9129.0,1956.0,2093.0,2889.0,0.0,0.0,1443.0,650.0,992.0,964.0
2.0,10062.0,2555.0,2100.0,0.0,893.0,893.0,1449.0,651.0,2141.0,414.0
2.0,7507.0,2664.0,2120.0,0.0,3637.0,3637.0,1484.0,636.0,2582.0,82.0
2.0,4843.0,2159.0,2132.0,893.0,4951.0,4951.0,1512.0,620.0,1857.0,302.0
2.0,3577.0,1602.0,2127.0,3637.0,2896.0,2896.0,1508.0,619.0,744.0,858.0
2.0,5612.0,1546.0,2110.0,4951.0,0.0,0.0,1475.0,635.0,349.0,1197.0
2.0,9017.0,2054.0,2100.0,2896.0,0.0,0.0,1447.0,653.0,1082.0,972.0
2.0,9859.0,2605.0,2108.0,0.0,1178.0,1178.0,1452.0,656.0,2190.0,415.0
2.0,7254.0,2635.0,2126.0,0.0,3885.0,3885.0,1486.0,640.0,2561.0,74.0
2.0,4619.0,2193.0,2138.0,1178.0,4948.0,4948.0,1515.0,623.0,1891.0,302.0
2.0,3604.0,1668.0,2133.0,3885.0,2711.0,2711.0,1511.0,622.0,814.0,854.0
2.0,5821.0,1591.0,2117.0,4948.0,0.0,0.0,1479.0,638.0,407.0,1184.0
2.0,9178.0,2088.0,2107.0,2711.0,0.0,0.0,1452.0,655.0,1112.0,976.0
2.0,9801.0,2642.0,2116.0,0.0,1305.0,1305.0,1458.0,658.0,2213.0,429.0
2.0,7159.0,2725.0,2135.0,0.0,4106.0,4106.0,1491.0,644.0,2607.0,118.0
2.0,4434.0,2215.0,2146.0,1305.0,5060.0,5060.0,1519.0,627.0,1885.0,330.0
2.0,3524.0,1705.0,2139.0,4106.0,2631.0,2631.0,1514.0,625.0,838.0,867.0
2.0,5925.0,1676.0,2123.0,5060.0,0.0,0.0,1483.0,640.0,499.0,1177.0
2.0,9309.0,2192.0,2114.0,2631.0,0.0,0.0,1456.0,658.0,1219.0,973.0
2.0,9748.0,2681.0,2121.0,0.0,1417.0,1417.0,1461.0,660.0,2244.0,437.0
2.0,7067.0,2680.0,2139.0,0.0,4169.0,4169.0,1494.0,645.0,2571.0,109.0
2.0,4387.0,2200.0,2149.0,1417.0,4992.0,4992.0,1521.0,628.0,1873.0,327.0
2.0,3604.0,1688.0,2143.0,4169.0,2487.0,2487.0,1517.0,626.0,824.0,864.0
2.0,6085.0,1724.0,2126.0,4992.0,0.0,0.0,1485.0,641.0,526.0,1198.0
2.0,9353.0,2251.0,2118.0,2487.0,0.0,0.0,1459.0,659.0,1275.0,976.0
2.0,9589.0,2726.0,2127.0,0.0,1645.0,1645.0,1466.0,661.0,2303.0,423.0
2.0,6863.0,2669.0,2144.0,0.0,4382.0,4382.0,1499.0,645.0,2581.0,88.0
2.0,4194.0,2107.0,2152.0,1645.0,4876.0,4876.0,1525.0,627.0,1803.0,304.0
2.0,3732.0,1616.0,2143.0,4382.0,2074.0,2074.0,1518.0,625.0,737.0,879.0
2.0,6498.0,1704.0,2126.0,4876.0,0.0,0.0,1485.0,641.0,492.0,1212.0
2.0,9670.0,2301.0,2119.0,2074.0,0.0,0.0,1460.0,659.0,1313.0,988.0
2.0,9443.0,2777.0,2128.0,0.0,1846.0,1846.0,1468.0,660.0,2353.0,424.0
2.0,6666.0,2628.0,2146.0,0.0,4546.0,4546.0,1502.0,644.0,2559.0,69.0
2.0,4038.0,2037.0,2154.0,1846.0,4769.0,4769.0,1528.0,626.0,1742.0,295.0
2.0,3847.0,1553.0,2144.0,4546.0,1736.0,1736.0,1521.0,623.0,697.0,856.0
2.0,6840.0,1658.0,2127.0,4769.0,0.0,0.0,1488.0,639.0,453.0,1205.0
2.0,9951.0,2233.0,2118.0,1736.0,0.0,0.0,1461.0,657.0,1234.0,999.0
2.0,9454.0,2740.0,2127.0,0.0,1794.0,1794.0,1468.0,659.0,2302.0,438.0
2.0,6714.0,2655.0,2146.0,0.0,4525.0,4525.0,1502.0,644.0,2558.0,97.0
2.0,4059.0,2029.0,2155.0,1794.0,4796.0,4796.0,1529.0,626.0,1739.0,290.0
2.0,3824.0,1483.0,2146.0,4525.0,1718.0,1718.0,1522.0,624.0,666.0,817.0
2.0,6866.0,1526.0,2127.0,4796.0,0.0,0.0,1488.0,639.0,365.0,1161.0
2.0,10136.0,2106.0,2116.0,1718.0,0.0,0.0,1460.0,656.0,1130.0,976.0
2.0,9748.0,2711.0,2126.0,0.0,1467.0,1467.0,1468.0,658.0,2255.0,456.0
2.0,7037.0,2721.0,2147.0,0.0,4272.0,4272.0,1503.0,644.0,2598.0,123.0
2.0,4316.0,2142.0,2158.0,1467.0,4991.0,4991.0,1532.0,626.0,1840.0,302.0
2.0,3641.0,1554.0,2151.0,4272.0,2245.0,2245.0,1528.0,623.0,750.0,804.0
2.0,6359.0,1541.0,2132.0,4991.0,0.0,0.0,1494.0,638.0,392.0,1149.0
2.0,9809.0,2083.0,2120.0,2245.0,0.0,0.0,1465.0,655.0,1100.0,983.0
2.0,9971.0,2654.0,2130.0,0.0,1203.0,1203.0,1471.0,659.0,2181.0,473.0
2.0,7317.0,2657.0,2149.0,0.0,3936.0,3936.0,1505.0,644.0,2560.0,97.0
2.0,4660.0,2142.0,2162.0,1203.0,4927.0,4927.0,1536.0,626.0,1881.0,261.0
2.0,3721.0,1609.0,2156.0,3936.0,2576.0,2576.0,1533.0,623.0,813.0,796.0
2.0,6048.0,1589.0,2138.0,4927.0,0.0,0.0,1500.0,638.0,418.0,1171.0
2.0,9386.0,2108.0,2127.0,2576.0,0.0,0.0,1471.0,656.0,1086.0,1022.0
2.0,9854.0,2639.0,2136.0,0.0,1329.0,1329.0,1477.0,659.0,2156.0,483.0
2.0,7215.0,2662.0,2156.0,0.0,4071.0,4071.0,1512.0,644.0,2575.0,87.0
2.0,4553.0,2151.0,2168.0,1329.0,4941.0,4941.0,1542.0,626.0,1910.0,241.0
2.0,3731.0,1649.0,2160.0,4071.0,2487.0,2487.0,1537.0,623.0,847.0,802.0
2.0,6153.0,1657.0,2142.0,4941.0,0.0,0.0,1504.0,638.0,449.0,1208.0
2.0,9437.0,2188.0,2133.0,2487.0,0.0,0.0,1476.0,657.0,1132.0,1056.0
2.0,9736.0,2715.0,2143.0,0.0,1551.0,1551.0,1482.0,661.0,2207.0,508.0
2.0,7021.0,2699.0,2163.0,0.0,4330.0,4330.0,1517.0,646.0,2593.0,106.0
2.0,4322.0,2173.0,2174.0,1551.0,4996.0,4996.0,1545.0,629.0,1908.0,265.0
2.0,3700.0,1664.0,2166.0,4330.0,2298.0,2298.0,1540.0,626.0,850.0,814.0
2.0,6366.0,1725.0,2149.0,4996.0,0.0,0.0,1508.0,641.0,501.0,1224.0
2.0,9637.0,2272.0,2139.0,2298.0,0.0,0.0,1480.0,659.0,1194.0,1078.0
2.0,9663.0,2799.0,2151.0,0.0,1740.0,1740.0,1488.0,663.0,2275.0,524.0
2.0,6864.0,2751.0,2171.0,0.0,4571.0,4571.0,1523.0,648.0,2645.0,106.0
2.0,4113.0,2207.0,2182.0,1740.0,5082.0,5082.0,1551.0,631.0,1958.0,249.0
2.0,3646.0,1701.0,2172.0,4571.0,2172.0,2172.0,1544.0,628.0,886.0,815.0
2.0,6516.0,1732.0,2153.0,5082.0,0.0,0.0,1510.0,643.0,485.0,1247.0
2.0,9866.0,2245.0,2145.0,2172.0,0.0,0.0,1483.0,662.0,1138.0,1107.0
2.0,9793.0,2769.0,2156.0,0.0,1600.0,1600.0,1490.0,666.0,2227.0,542.0
2.0,7024.0,2784.0,2177.0,0.0,4468.0,4468.0,1525.0,652.0,2682.0,102.0
2.0,4240.0,2246.0,2188.0,1600.0,5158.0,5158.0,1554.0,634.0,2002.0,244.0
2.0,3594.0,1652.0,2176.0,4468.0,2294.0,2294.0,1546.0,630.0,847.0,805.0
2.0,6410.0,1667.0,2156.0,5158.0,0.0,0.0,1510.0,646.0,431.0,1236.0
2.0,9901.0,2229.0,2147.0,2294.0,0.0,0.0,1481.0,666.0,1112.0,1117.0
2.0,9966.0,2824.0,2161.0,0.0,1502.0,1502.0,1490.0,671.0,2266.0,558.0
2.0,7142.0,2828.0,2184.0,0.0,4422.0,4422.0,1528.0,656.0,2718.0,110.0
2.0,4314.0,2240.0,2194.0,1502.0,5200.0,5200.0,1557.0,637.0,1997.0,243.0
2.0,3576.0,1616.0,2182.0,4422.0,2346.0,2346.0,1548.0,634.0,810.0,806.0
2.0,6382.0,1605.0,2158.0,5200.0,0.0,0.0,1509.0,649.0,366.0,1239.0
2.0,9977.0,2207.0,2150.0,2346.0,0.0,0.0,1481.0,669.0,1094.0,1113.0
2.0,10116.0,2864.0,2166.0,0.0,1412.0,1412.0,1492.0,674.0,2315.0,549.0
2.0,7252.0,2904.0,2192.0,0.0,4420.0,4420.0,1532.0,660.0,2783.0,121.0
2.0,4348.0,2217.0,2203.0,1412.0,5269.0,5269.0,1562.0,641.0,1987.0,230.0
2.0,3543.0,1479.0,2189.0,4420.0,2272.0,2272.0,1552.0,637.0,706.0,773.0
2.0,6484.0,1425.0,2164.0,5269.0,0.0,0.0,1512.0,652.0,226.0,1199.0
2.0,10328.0,2139.0,2154.0,2272.0,0.0,0.0,1483.0,671.0,1057.0,1082.0
2.0,10461.0,2899.0,2170.0,0.0,1118.0,1118.0,1495.0,675.0,2364.0,535.0
2.0,7562.0,2937.0,2198.0,0.0,4167.0,4167.0,1536.0,662.0,2821.0,116.0
2.0,4625.0,2223.0,2212.0,1118.0,5328.0,5328.0,1568.0,644.0,1986.0,237.0
2.0,3520.0,1447.0,2199.0,4167.0,2556.0,2556.0,1559.0,640.0,671.0,776.0
2.0,6240.0,1378.0,2173.0,5328.0,0.0,0.0,1519.0,654.0,188.0,1190.0
2.0,10190.0,2106.0,2161.0,2556.0,0.0,0.0,1489.0,672.0,1045.0,1061.0
2.0,10640.0,2910.0,2177.0,0.0,978.0,978.0,1500.0,677.0,2389.0,521.0
2.0,7730.0,2915.0,2202.0,0.0,3993.0,3993.0,1539.0,663.0,2808.0,107.0
2.0,4815.0,2111.0,2213.0,978.0,5170.0,5170.0,1568.0,645.0,1894.0,217.0
2.0,3682.0,1316.0,2199.0,3993.0,2437.0,2437.0,1558.0,641.0,569.0,747.0
2.0,6359.0,1339.0,2173.0,5170.0,0.0,0.0,1519.0,654.0,175.0,1164.0
2.0,10190.0,2179.0,2165.0,2437.0,0.0,0.0,1492.0,673.0,1115.0,1064.0
2.0,10448.0,3000.0,2181.0,0.0,1276.0,1276.0,1503.0,678.0,2473.0,527.0
2.0,7448.0,2990.0,2207.0,0.0,4370.0,4370.0,1543.0,664.0,2896.0,94.0
2.0,4458.0,2159.0,2218.0,1276.0,5297.0,5297.0,1572.0,646.0,1954.0,205.0
2.0,3575.0,1343.0,2203.0,4370.0,2210.0,2210.0,1563.0,640.0,594.0,749.0
2.0,6602.0,1359.0,2179.0,5297.0,0.0,0.0,1525.0,654.0,179.0,1180.0
2.0,10540.0,2157.0,2169.0,2210.0,0.0,0.0,1496.0,673.0,1085.0,1072.0
2.0,10593.0,2982.0,2185.0,0.0,1129.0,1129.0,1507.0,678.0,2446.0,536.0
2.0,7611.0,3010.0,2211.0,0.0,4243.0,4243.0,1546.0,665.0,2901.0,109.0
2.0,4601.0,2219.0,2222.0,1129.0,5377.0,5377.0,1576.0,646.0,2020.0,199.0
2.0,3511.0,1411.0,2207.0,4243.0,2485.0,2485.0,1568.0,639.0,685.0,726.0
2.0,6343.0,1342.0,2181.0,5377.0,0.0,0.0,1529.0,652.0,188.0,1154.0
2.0,10378.0,2128.0,2169.0,2485.0,0.0,0.0,1499.0,670.0,1058.0,1070.0
2.0,10735.0,2963.0,2185.0,0.0,968.0,968.0,1509.0,676.0,2409.0,554.0
2.0,7772.0,3041.0,2212.0,0.0,4117.0,4117.0,1549.0,663.0,2910.0,131.0
2.0,4731.0,2295.0,2223.0,968.0,5488.0,5488.0,1579.0,644.0,2061.0,234.0
2.0,3404.0,1486.0,2208.0,4117.0,2797.0,2797.0,1570.0,638.0,721.0,765.0
2.0,6035.0,1397.0,2180.0,5488.0,0.0,0.0,1530.0,650.0,205.0,1192.0
2.0,10126.0,2153.0,2168.0,2797.0,0.0,0.0,1499.0,669.0,1068.0,1085.0
2.0,10770.0,3013.0,2184.0,0.0,979.0,979.0,1509.0,675.0,2458.0,555.0
2.0,7757.0,3119.0,2212.0,0.0,4210.0,4210.0,1550.0,662.0,2998.0,121.0
2.0,4638.0,2346.0,2223.0,979.0,5621.0,5621.0,1581.0,642.0,2119.0,227.0
2.0,3271.0,1491.0,2209.0,4210.0,2846.0,2846.0,1573.0,636.0,711.0,780.0
2.0,5990.0,1362.0,2182.0,5621.0,0.0,0.0,1533.0,649.0,134.0,1228.0
2.0,10249.0,2135.0,2170.0,2846.0,0.0,0.0,1501.0,669.0,1013.0,1122.0
2.0,10960.0,3046.0,2185.0,0.0,826.0,826.0,1510.0,675.0,2471.0,575.0
2.0,7914.0,3134.0,2213.0,0.0,4072.0,4072.0,1551.0,662.0,3003.0,131.0
2.0,4780.0,2341.0,2226.0,826.0,5639.0,5639.0,1583.0,643.0,2118.0,223.0
2.0,3265.0,1481.0,2212.0,4072.0,2992.0,2992.0,1576.0,636.0,711.0,770.0
2.0,5856.0,1385.0,2184.0,5639.0,0.0,0.0,1535.0,649.0,159.0,1226.0
2.0,10110.0,2149.0,2171.0,2992.0,0.0,0.0,1502.0,669.0,1007.0,1142.0
2.0,10953.0,3014.0,2186.0,0.0,805.0,805.0,1510.0,676.0,2411.0,603.0
2.0,7939.0,3120.0,2215.0,0.0,4041.0,4041.0,1552.0,663.0,2971.0,149.0
2.0,4819.0,2325.0,2229.0,805.0,5617.0,5617.0,1585.0,644.0,2094.0,231.0
2.0,3299.0,1470.0,2215.0,4041.0,2990.0,2990.0,1578.0,637.0,713.0,757.0
2.0,5870.0,1397.0,2186.0,5617.0,0.0,0.0,1537.0,649.0,204.0,1193.0
2.0,10090.0,2183.0,2172.0,2990.0,0.0,0.0,1504.0,668.0,1059.0,1124.0
2.0,10897.0,2999.0,2188.0,0.0,854.0,854.0,1512.0,676.0,2395.0,604.0
2.0,7898.0,3098.0,2219.0,0.0,4076.0,4076.0,1555.0,664.0,2927.0,171.0
2.0,4800.0,2342.0,2236.0,854.0,5632.0,5632.0,1590.0,646.0,2092.0,250.0
2.0,3312.0,1470.0,2223.0,4076.0,2974.0,2974.0,1584.0,639.0,723.0,747.0
2.0,5918.0,1374.0,2195.0,5632.0,0.0,0.0,1543.0,652.0,207.0,1167.0
2.0,10176.0,2154.0,2179.0,2974.0,0.0,0.0,1508.0,671.0,1038.0,1116.0
2.0,10996.0,3002.0,2194.0,0.0,782.0,782.0,1516.0,678.0,2385.0,617.0
2.0,7994.0,3052.0,2225.0,0.0,3958.0,3958.0,1559.0,666.0,2894.0,158.0
2.0,4942.0,2276.0,2242.0,782.0,5520.0,5520.0,1595.0,647.0,2066.0,210.0
2.0,3448.0,1416.0,2229.0,3958.0,2926.0,2926.0,1588.0,641.0,688.0,728.0
2.0,5990.0,1341.0,2199.0,5520.0,0.0,0.0,1545.0,654.0,145.0,1196.0
2.0,10169.0,2168.0,2184.0,2926.0,0.0,0.0,1510.0,674.0,1024.0,1144.0
2.0,10927.0,3071.0,2202.0,0.0,952.0,952.0,1521.0,681.0,2463.0,608.0
2.0,7856.0,3081.0,2237.0,0.0,4173.0,4173.0,1568.0,669.0,2966.0,115.0
2.0,4775.0,2223.0,2254.0,952.0,5512.0,5512.0,1604.0,650.0,2055.0,168.0
2.0,3504.0,1369.0,2238.0,4173.0,2644.0,2644.0,1595.0,643.0,651.0,718.0
2.0,6308.0,1340.0,2207.0,5512.0,0.0,0.0,1550.0,657.0,123.0,1217.0
2.0,10480.0,2160.0,2190.0,2644.0,0.0,0.0,1513.0,677.0,1002.0,1158.0
2.0,10964.0,3044.0,2207.0,0.0,908.0,908.0,1522.0,685.0,2428.0,616.0
2.0,7920.0,3062.0,2240.0,0.0,4102.0,4102.0,1567.0,673.0,2945.0,117.0
2.0,4858.0,2191.0,2256.0,908.0,5449.0,5449.0,1603.0,653.0,2033.0,158.0
2.0,3575.0,1349.0,2241.0,4102.0,2636.0,2636.0,1595.0,646.0,644.0,705.0
2.0,6328.0,1392.0,2210.0,5449.0,0.0,0.0,1551.0,659.0,190.0,1202.0
2.0,10385.0,2254.0,2195.0,2636.0,0.0,0.0,1516.0,679.0,1085.0,1169.0
2.0,10767.0,3075.0,2212.0,0.0,1156.0,1156.0,1524.0,688.0,2446.0,629.0
2.0,7692.0,2977.0,2242.0,0.0,4253.0,4253.0,1566.0,676.0,2858.0,119.0
2.0,4715.0,2103.0,2257.0,1156.0,5260.0,5260.0,1600.0,657.0,1959.0,144.0
2.0,3768.0,1362.0,2242.0,4253.0,2309.0,2309.0,1593.0,649.0,664.0,698.0
2.0,6659.0,1536.0,2215.0,5260.0,0.0,0.0,1552.0,663.0,297.0,1239.0
2.0,10383.0,2371.0,2202.0,2309.0,0.0,0.0,1519.0,683.0,1170.0,1201.0
2.0,10321.0,3097.0,2217.0,0.0,1644.0,1644.0,1526.0,691.0,2454.0,643.0
2.0,7224.0,3002.0,2247.0,0.0,4766.0,4766.0,1568.0,679.0,2879.0,123.0
2.0,4222.0,2191.0,2262.0,1644.0,5373.0,5373.0,1603.0,659.0,2021.0,170.0
2.0,3675.0,1421.0,2247.0,4766.0,1968.0,1968.0,1595.0,652.0,693.0,728.0
2.0,7020.0,1484.0,2218.0,5373.0,0.0,0.0,1553.0,665.0,252.0,1232.0
2.0,10909.0,2344.0,2204.0,1968.0,0.0,0.0,1518.0,686.0,1161.0,1183.0
2.0,10533.0,3126.0,2218.0,0.0,1465.0,1465.0,1525.0,693.0,2498.0,628.0
2.0,7407.0,3049.0,2249.0,0.0,4638.0,4638.0,1568.0,681.0,2926.0,123.0
2.0,4358.0,2198.0,2264.0,1465.0,5431.0,5431.0,1604.0,660.0,2022.0,176.0
2.0,3625.0,1426.0,2251.0,4638.0,2167.0,2167.0,1598.0,653.0,688.0,738.0
2.0,6837.0,1481.0,2221.0,5431.0,0.0,0.0,1555.0,666.0,248.0,1233.0
2.0,10787.0,2306.0,2205.0,2167.0,0.0,0.0,1519.0,686.0,1121.0,1185.0
2.0,10648.0,3087.0,2219.0,0.0,1315.0,1315.0,1525.0,694.0,2449.0,638.0
2.0,7561.0,3060.0,2250.0,0.0,4499.0,4499.0,1568.0,682.0,2925.0,135.0
2.0,4501.0,2235.0,2266.0,1315.0,5483.0,5483.0,1604.0,662.0,2056.0,179.0
2.0,3581.0,1409.0,2252.0,4499.0,2337.0,2337.0,1598.0,654.0,682.0,727.0
2.0,6671.0,1483.0,2222.0,5483.0,0.0,0.0,1556.0,666.0,238.0,1245.0
2.0,10671.0,2327.0,2207.0,2337.0,0.0,0.0,1521.0,686.0,1133.0,1194.0
2.0,10681.0,3149.0,2223.0,0.0,1360.0,1360.0,1529.0,694.0,2521.0,628.0
2.0,7532.0,3119.0,2255.0,0.0,4607.0,4607.0,1573.0,682.0,2995.0,124.0
2.0,4413.0,2223.0,2270.0,1360.0,5530.0,5530.0,1608.0,662.0,2056.0,167.0
2.0,3550.0,1341.0,2254.0,4607.0,2200.0,2200.0,1600.0,654.0,628.0,713.0
2.0,6816.0,1384.0,2223.0,5530.0,0.0,0.0,1557.0,666.0,146.0,1238.0
2.0,10962.0,2328.0,2208.0,2200.0,0.0,0.0,1522.0,686.0,1123.0,1205.0
2.0,10834.0,3203.0,2224.0,0.0,1265.0,1265.0,1531.0,693.0,2568.0,635.0
2.0,7631.0,3136.0,2257.0,0.0,4533.0,4533.0,1576.0,681.0,3020.0,116.0
2.0,4495.0,2239.0,2274.0,1265.0,5575.0,5575.0,1612.0,662.0,2078.0,161.0
2.0,3521.0,1331.0,2257.0,4533.0,2305.0,2305.0,1603.0,654.0,619.0,712.0
2.0,6723.0,1305.0,2225.0,5575.0,0.0,0.0,1559.0,666.0,87.0,1218.0
2.0,10993.0,2259.0,2210.0,2305.0,0.0,0.0,1524.0,686.0,1066.0,1193.0
2.0,11039.0,3196.0,2227.0,0.0,1065.0,1065.0,1533.0,694.0,2549.0,647.0
2.0,7843.0,3208.0,2262.0,0.0,4413.0,4413.0,1580.0,682.0,3088.0,120.0
2.0,4635.0,2235.0,2279.0,1065.0,5651.0,5651.0,1617.0,662.0,2111.0,124.0
2.0,3465.0,1307.0,2262.0,4413.0,2477.0,2477.0,1610.0,652.0,643.0,664.0
2.0,6571.0,1313.0,2229.0,5651.0,0.0,0.0,1565.0,664.0,101.0,1212.0
2.0,10909.0,2244.0,2212.0,2477.0,0.0,0.0,1527.0,685.0,1034.0,1210.0
2.0,11142.0,3171.0,2230.0,0.0,949.0,949.0,1536.0,694.0,2516.0,655.0
2.0,7971.0,3177.0,2266.0,0.0,4270.0,4270.0,1583.0,683.0,3075.0,102.0
2.0,4794.0,2249.0,2283.0,949.0,5638.0,5638.0,1622.0,661.0,2140.0,109.0
2.0,3494.0,1297.0,2266.0,4270.0,2597.0,2597.0,1614.0,652.0,615.0,682.0
2.0,6467.0,1311.0,2233.0,5638.0,0.0,0.0,1569.0,664.0,63.0,1248.0
2.0,10794.0,2229.0,2217.0,2597.0,0.0,0.0,1531.0,686.0,999.0,1230.0
2.0,11162.0,3172.0,2236.0,0.0,954.0,954.0,1541.0,695.0,2523.0,649.0
2.0,7990.0,3179.0,2271.0,0.0,4273.0,4273.0,1588.0,683.0,3083.0,96.0
2.0,4811.0,2250.0,2288.0,954.0,5637.0,5637.0,1625.0,663.0,2128.0,122.0
2.0,3515.0,1304.0,2270.0,4273.0,2596.0,2596.0,1616.0,654.0,601.0,703.0
2.0,6484.0,1298.0,2235.0,5637.0,0.0,0.0,1569.0,666.0,30.0,1268.0
2.0,10823.0,2300.0,2222.0,2596.0,0.0,0.0,1534.0,688.0,1035.0,1265.0
2.0,11119.0,3267.0,2245.0,0.0,1128.0,1128.0,1546.0,699.0,2568.0,699.0
2.0,7852.0,3234.0,2280.0,0.0,4502.0,4502.0,1593.0,687.0,3121.0,113.0
2.0,4618.0,2204.0,2294.0,1128.0,5634.0,5634.0,1628.0,666.0,2101.0,103.0
2.0,3542.0,1249.0,2272.0,4502.0,2293.0,2293.0,1616.0,656.0,572.0,677.0
2.0,6795.0,1328.0,2238.0,5634.0,0.0,0.0,1571.0,667.0,73.0,1255.0
2.0,11101.0,2356.0,2225.0,2293.0,0.0,0.0,1536.0,689.0,1082.0,1274.0
2.0,11038.0,3316.0,2247.0,0.0,1266.0,1266.0,1547.0,700.0,2595.0,721.0
2.0,7722.0,3274.0,2283.0,0.0,4684.0,4684.0,1594.0,689.0,3124.0,150.0
2.0,4448.0,2256.0,2298.0,1266.0,5734.0,5734.0,1630.0,668.0,2127.0,129.0
2.0,3458.0,1302.0,2277.0,4684.0,2268.0,2268.0,1619.0,658.0,617.0,685.0
2.0,6840.0,1336.0,2243.0,5734.0,0.0,0.0,1573.0,670.0,72.0,1264.0
2.0,11238.0,2370.0,2230.0,2268.0,0.0,0.0,1537.0,693.0,1080.0,1290.0
2.0,11136.0,3335.0,2251.0,0.0,1203.0,1203.0,1548.0,703.0,2608.0,727.0
2.0,7801.0,3282.0,2288.0,0.0,4633.0,4633.0,1596.0,692.0,3143.0,139.0
2.0,4519.0,2275.0,2303.0,1203.0,5765.0,5765.0,1632.0,671.0,2152.0,123.0
2.0,3447.0,1320.0,2284.0,4633.0,2376.0,2376.0,1623.0,661.0,620.0,700.0
2.0,6760.0,1358.0,2250.0,5765.0,0.0,0.0,1577.0,673.0,83.0,1275.0
2.0,11167.0,2389.0,2238.0,2376.0,0.0,0.0,1542.0,696.0,1091.0,1298.0
2.0,11154.0,3323.0,2258.0,0.0,1201.0,1201.0,1552.0,706.0,2605.0,718.0
2.0,7831.0,3270.0,2295.0,0.0,4619.0,4619.0,1600.0,695.0,3149.0,121.0
2.0,4561.0,2258.0,2310.0,1201.0,5736.0,5736.0,1637.0,673.0,2144.0,114.0
2.0,3504.0,1327.0,2290.0,4619.0,2364.0,2364.0,1627.0,663.0,630.0,697.0
2.0,6796.0,1424.0,2257.0,5736.0,0.0,0.0,1581.0,676.0,133.0,1291.0
2.0,11108.0,2428.0,2243.0,2364.0,0.0,0.0,1545.0,698.0,1137.0,1291.0
2.0,11044.0,3320.0,2265.0,0.0,1336.0,1336.0,1556.0,709.0,2625.0,695.0
2.0,7724.0,3220.0,2301.0,0.0,4700.0,4700.0,1604.0,697.0,3109.0,111.0
2.0,4504.0,2205.0,2316.0,1336.0,5629.0,5629.0,1641.0,675.0,2100.0,105.0
2.0,3635.0,1309.0,2297.0,4700.0,2162.0,2162.0,1632.0,665.0,611.0,698.0
2.0,7026.0,1404.0,2262.0,5629.0,0.0,0.0,1584.0,678.0,118.0,1286.0
2.0,11251.0,2391.0,2248.0,2162.0,0.0,0.0,1548.0,700.0,1115.0,1276.0
2.0,11022.0,3294.0,2268.0,0.0,1344.0,1344.0,1558.0,710.0,2624.0,670.0
2.0,7728.0,3192.0,2304.0,0.0,4680.0,4680.0,1606.0,698.0,3114.0,78.0
2.0,4536.0,2157.0,2320.0,1344.0,5557.0,5557.0,1644.0,676.0,2066.0,91.0
2.0,3723.0,1286.0,2302.0,4680.0,2091.0,2091.0,1635.0,667.0,594.0,692.0
2.0,7117.0,1444.0,2268.0,5557.0,0.0,0.0,1589.0,679.0,156.0,1288.0
2.0,11230.0,2469.0,2254.0,2091.0,0.0,0.0,1553.0,701.0,1193.0,1276.0
2.0,10852.0,3328.0,2275.0,0.0,1576.0,1576.0,1563.0,712.0,2651.0,677.0
2.0,7524.0,3132.0,2310.0,0.0,4848.0,4848.0,1609.0,701.0,3045.0,87.0
2.0,4392.0,2070.0,2325.0,1576.0,5402.0,5402.0,1646.0,679.0,1983.0,87.0
2.0,3898.0,1209.0,2305.0,4848.0,1683.0,1683.0,1636.0,669.0,526.0,683.0
2.0,7537.0,1396.0,2271.0,5402.0,0.0,0.0,1590.0,681.0,136.0,1260.0
2.0,11543.0,2452.0,2257.0,1683.0,0.0,0.0,1554.0,703.0,1206.0,1246.0
2.0,10774.0,3328.0,2277.0,0.0,1662.0,1662.0,1564.0,713.0,2669.0,659.0
2.0,7446.0,3145.0,2313.0,0.0,4951.0,4951.0,1611.0,702.0,3067.0,78.0
2.0,4301.0,2061.0,2327.0,1662.0,5406.0,5406.0,1648.0,679.0,1967.0,94.0
2.0,3902.0,1190.0,2307.0,4951.0,1565.0,1565.0,1638.0,669.0,495.0,695.0
2.0,7663.0,1368.0,2273.0,5406.0,0.0,0.0,1592.0,681.0,110.0,1258.0
2.0,11701.0,2450.0,2259.0,1565.0,0.0,0.0,1556.0,703.0,1219.0,1231.0
2.0,10816.0,3279.0,2278.0,0.0,1575.0,1575.0,1566.0,712.0,2645.0,634.0
2.0,7537.0,3111.0,2313.0,0.0,4826.0,4826.0,1613.0,700.0,3031.0,80.0
2.0,4426.0,2072.0,2328.0,1575.0,5383.0,5383.0,1650.0,678.0,1961.0,111.0
2.0,3929.0,1243.0,2308.0,4826.0,1720.0,1720.0,1640.0,668.0,526.0,717.0
2.0,7512.0,1417.0,2272.0,5383.0,0.0,0.0,1593.0,679.0,133.0,1284.0
2.0,11478.0,2477.0,2258.0,1720.0,0.0,0.0,1557.0,701.0,1222.0,1255.0
2.0,10721.0,3388.0,2281.0,0.0,1791.0,1791.0,1569.0,712.0,2721.0,667.0
2.0,7333.0,3208.0,2319.0,0.0,5151.0,5151.0,1618.0,701.0,3107.0,101.0
2.0,4125.0,2120.0,2334.0,1791.0,5540.0,5540.0,1655.0,679.0,2001.0,119.0
2.0,3796.0,1200.0,2311.0,5151.0,1497.0,1497.0,1643.0,668.0,480.0,720.0
2.0,7747.0,1404.0,2274.0,5540.0,0.0,0.0,1595.0,679.0,100.0,1304.0
2.0,11883.0,2508.0,2260.0,1497.0,0.0,0.0,1559.0,701.0,1248.0,1260.0
2.0,10872.0,3417.0,2282.0,0.0,1673.0,1673.0,1571.0,711.0,2773.0,644.0
2.0,7455.0,3226.0,2319.0,0.0,5047.0,5047.0,1620.0,699.0,3141.0,85.0
2.0,4229.0,2113.0,2334.0,1673.0,5547.0,5547.0,1657.0,677.0,1979.0,134.0
2.0,3789.0,1227.0,2312.0,5047.0,1639.0,1639.0,1645.0,667.0,471.0,756.0
2.0,7609.0,1460.0,2276.0,5547.0,0.0,0.0,1597.0,679.0,136.0,1324.0
2.0,11696.0,2604.0,2262.0,1639.0,0.0,0.0,1562.0,700.0,1322.0,1282.0
2.0,10731.0,3474.0,2286.0,0.0,1887.0,1887.0,1575.0,711.0,2805.0,669.0
2.0,7257.0,3214.0,2322.0,0.0,5245.0,5245.0,1623.0,699.0,3125.0,89.0
2.0,4043.0,2101.0,2336.0,1887.0,5515.0,5515.0,1659.0,677.0,1973.0,128.0
2.0,3829.0,1253.0,2315.0,5245.0,1439.0,1439.0,1648.0,667.0,507.0,746.0
2.0,7821.0,1567.0,2281.0,5515.0,0.0,0.0,1603.0,678.0,233.0,1334.0
2.0,11769.0,2692.0,2270.0,1439.0,0.0,0.0,1569.0,701.0,1394.0,1298.0
2.0,10516.0,3521.0,2294.0,0.0,2181.0,2181.0,1582.0,712.0,2844.0,677.0
2.0,6995.0,3239.0,2331.0,0.0,5568.0,5568.0,1631.0,700.0,3158.0,81.0
2.0,3756.0,2070.0,2343.0,2181.0,5505.0,5505.0,1666.0,677.0,1959.0,111.0
2.0,3867.0,1202.0,2320.0,5568.0,1047.0,1047.0,1653.0,667.0,463.0,739.0
2.0,8233.0,1511.0,2285.0,5505.0,0.0,0.0,1606.0,679.0,163.0,1348.0
2.0,12227.0,2694.0,2274.0,1047.0,0.0,0.0,1572.0,702.0,1383.0,1311.0
2.0,10580.0,3554.0,2300.0,0.0,2174.0,2174.0,1587.0,713.0,2877.0,677.0
2.0,7026.0,3253.0,2338.0,0.0,5579.0,5579.0,1637.0,701.0,3178.0,75.0
2.0,3773.0,2044.0,2351.0,2174.0,5501.0,5501.0,1672.0,679.0,1943.0,101.0
2.0,3903.0,1153.0,2326.0,5579.0,975.0,975.0,1658.0,668.0,413.0,740.0
2.0,8329.0,1445.0,2291.0,5501.0,0.0,0.0,1610.0,681.0,104.0,1341.0
2.0,12385.0,2646.0,2281.0,975.0,0.0,0.0,1576.0,705.0,1349.0,1297.0
2.0,10714.0,3586.0,2308.0,0.0,2104.0,2104.0,1592.0,716.0,2917.0,669.0
2.0,7128.0,3268.0,2346.0,0.0,5524.0,5524.0,1642.0,704.0,3194.0,74.0
2.0,3860.0,2033.0,2357.0,2104.0,5497.0,5497.0,1676.0,681.0,1926.0,107.0
2.0,3931.0,1089.0,2331.0,5524.0,958.0,958.0,1660.0,671.0,364.0,725.0
2.0,8366.0,1384.0,2294.0,5497.0,0.0,0.0,1611.0,683.0,72.0,1312.0
2.0,12479.0,2646.0,2284.0,958.0,0.0,0.0,1578.0,706.0,1355.0,1291.0
2.0,10791.0,3550.0,2312.0,0.0,2007.0,2007.0,1595.0,717.0,2873.0,677.0
2.0,7241.0,3215.0,2352.0,0.0,5382.0,5382.0,1646.0,706.0,3135.0,80.0
2.0,4026.0,1949.0,2362.0,2007.0,5364.0,5364.0,1678.0,684.0,1838.0,111.0
2.0,4084.0,1060.0,2335.0,5382.0,934.0,934.0,1661.0,674.0,328.0,732.0
2.0,8406.0,1365.0,2297.0,5364.0,0.0,0.0,1611.0,686.0,58.0,1307.0
2.0,12405.0,2587.0,2287.0,934.0,0.0,0.0,1578.0,709.0,1326.0,1261.0
2.0,10752.0,3482.0,2314.0,0.0,1986.0,1986.0,1595.0,719.0,2841.0,641.0
2.0,7270.0,3206.0,2353.0,0.0,5348.0,5348.0,1645.0,708.0,3127.0,79.0
2.0,4064.0,2043.0,2366.0,1986.0,5457.0,5457.0,1680.0,686.0,1902.0,141.0
2.0,4007.0,1103.0,2340.0,5348.0,1108.0,1108.0,1663.0,677.0,335.0,768.0
2.0,8252.0,1376.0,2303.0,5457.0,0.0,0.0,1613.0,690.0,50.0,1326.0
2.0,12333.0,2542.0,2292.0,1108.0,0.0,0.0,1579.0,713.0,1286.0,1256.0
2.0,10899.0,3438.0,2319.0,0.0,1815.0,1815.0,1596.0,723.0,2814.0,624.0
2.0,7461.0,3213.0,2356.0,0.0,5176.0,5176.0,1646.0,710.0,3151.0,62.0
2.0,4248.0,2087.0,2369.0,1815.0,5500.0,5500.0,1681.0,688.0,1942.0,145.0
2.0,3976.0,1180.0,2344.0,5176.0,1404.0,1404.0,1665.0,679.0,406.0,774.0
2.0,7972.0,1431.0,2307.0,5500.0,0.0,0.0,1615.0,692.0,114.0,1317.0
2.0,12041.0,2594.0,2295.0,1404.0,0.0,0.0,1581.0,714.0,1323.0,1271.0
2.0,10851.0,3512.0,2322.0,0.0,1949.0,1949.0,1597.0,725.0,2848.0,664.0
2.0,7339.0,3224.0,2361.0,0.0,5329.0,5329.0,1648.0,713.0,3130.0,94.0
2.0,4115.0,2053.0,2373.0,1949.0,5481.0,5481.0,1683.0,690.0,1903.0,150.0
2.0,4011.0,1191.0,2348.0,5329.0,1243.0,1243.0,1667.0,681.0,421.0,770.0
2.0,8149.0,1463.0,2310.0,5481.0,0.0,0.0,1616.0,694.0,132.0,1331.0
2.0,12167.0,2648.0,2299.0,1243.0,0.0,0.0,1582.0,717.0,1370.0,1278.0
2.0,10762.0,3555.0,2327.0,0.0,2101.0,2101.0,1600.0,727.0,2895.0,660.0
2.0,7207.0,3262.0,2366.0,0.0,5519.0,5519.0,1652.0,714.0,3176.0,86.0
2.0,3945.0,2061.0,2378.0,2101.0,5527.0,5527.0,1686.0,692.0,1929.0,132.0
2.0,3985.0,1196.0,2350.0,5519.0,1092.0,1092.0,1669.0,681.0,438.0,758.0
2.0,8308.0,1529.0,2313.0,5527.0,0.0,0.0,1619.0,694.0,196.0,1333.0
2.0,12306.0,2751.0,2304.0,1092.0,0.0,0.0,1587.0,717.0,1466.0,1285.0
2.0,10647.0,3622.0,2334.0,0.0,2311.0,2311.0,1606.0,728.0,2939.0,683.0
2.0,7025.0,3293.0,2372.0,0.0,5756.0,5756.0,1657.0,715.0,3201.0,92.0
2.0,3732.0,2088.0,2383.0,2311.0,5577.0,5577.0,1691.0,692.0,1973.0,115.0
2.0,3955.0,1187.0,2354.0,5756.0,892.0,892.0,1673.0,681.0,456.0,731.0
2.0,8524.0,1505.0,2315.0,5577.0,0.0,0.0,1621.0,694.0,168.0,1337.0
2.0,12596.0,2711.0,2305.0,892.0,0.0,0.0,1587.0,718.0,1374.0,1337.0
2.0,10777.0,3627.0,2334.0,0.0,2186.0,2186.0,1605.0,729.0,2917.0,710.0
2.0,7150.0,3337.0,2376.0,0.0,5691.0,5691.0,1659.0,717.0,3261.0,76.0
2.0,3813.0,2100.0,2387.0,2186.0,5649.0,5649.0,1695.0,692.0,2027.0,73.0
2.0,3899.0,1170.0,2358.0,5691.0,1012.0,1012.0,1677.0,681.0,453.0,717.0
2.0,8420.0,1437.0,2318.0,5649.0,0.0,0.0,1624.0,694.0,90.0,1347.0
2.0,12632.0,2657.0,2306.0,1012.0,0.0,0.0,1588.0,718.0,1322.0,1335.0
2.0,10987.0,3593.0,2335.0,0.0,1946.0,1946.0,1606.0,729.0,2909.0,684.0
2.0,7394.0,3311.0,2377.0,0.0,5425.0,5425.0,1661.0,716.0,3257.0,54.0
2.0,4083.0,2114.0,2389.0,1946.0,5641.0,5641.0,1698.0,691.0,2045.0,69.0
2.0,3915.0,1141.0,2361.0,5425.0,1245.0,1245.0,1681.0,680.0,421.0,720.0
2.0,8199.0,1377.0,2318.0,5641.0,0.0,0.0,1625.0,693.0,37.0,1340.0
2.0,12463.0,2543.0,2305.0,1245.0,0.0,0.0,1588.0,717.0,1235.0,1308.0
2.0,11165.0,3512.0,2333.0,0.0,1679.0,1679.0,1605.0,728.0,2831.0,681.0
2.0,7653.0,3278.0,2375.0,0.0,5125.0,5125.0,1660.0,715.0,3210.0,68.0
2.0,4375.0,2087.0,2388.0,1679.0,5585.0,5585.0,1697.0,691.0,2021.0,66.0
2.0,3967.0,1093.0,2358.0,5125.0,1433.0,1433.0,1679.0,679.0,418.0,675.0
2.0,7999.0,1308.0,2316.0,5585.0,0.0,0.0,1624.0,692.0,2.0,1306.0
2.0,12276.0,2599.0,2304.0,1433.0,0.0,0.0,1588.0,716.0,1258.0,1341.0
2.0,11110.0,3636.0,2336.0,0.0,1870.0,1870.0,1608.0,728.0,2899.0,737.0
2.0,7474.0,3312.0,2379.0,0.0,5354.0,5354.0,1664.0,715.0,3225.0,87.0
2.0,4162.0,1952.0,2391.0,1870.0,5484.0,5484.0,1700.0,691.0,1911.0,41.0
2.0,4080.0,938.0,2359.0,5354.0,940.0,940.0,1680.0,679.0,290.0,648.0
2.0,8496.0,1300.0,2317.0,5484.0,0.0,0.0,1625.0,692.0,0.0,1300.0
2.0,12680.0,2687.0,2307.0,940.0,0.0,0.0,1591.0,716.0,1332.0,1355.0
2.0,10933.0,3696.0,2338.0,0.0,2115.0,2115.0,1610.0,728.0,2937.0,759.0
2.0,7237.0,3356.0,2382.0,0.0,5647.0,5647.0,1666.0,716.0,3246.0,110.0
2.0,3881.0,1974.0,2393.0,2115.0,5550.0,5550.0,1702.0,691.0,1918.0,56.0
2.0,4022.0,943.0,2363.0,5647.0,726.0,726.0,1683.0,680.0,290.0,653.0
2.0,8726.0,1308.0,2322.0,5550.0,0.0,0.0,1629.0,693.0,6.0,1302.0
2.0,12968.0,2688.0,2312.0,726.0,0.0,0.0,1594.0,718.0,1324.0,1364.0
2.0,11006.0,3697.0,2343.0,0.0,2063.0,2063.0,1613.0,730.0,2937.0,760.0
2.0,7309.0,3364.0,2385.0,0.0,5595.0,5595.0,1668.0,717.0,3251.0,113.0
2.0,3945.0,2013.0,2396.0,2063.0,5589.0,5589.0,1703.0,693.0,1938.0,75.0
2.0,3995.0,1004.0,2366.0,5595.0,878.0,878.0,1684.0,682.0,323.0,681.0
2.0,8586.0,1383.0,2325.0,5589.0,0.0,0.0,1630.0,695.0,46.0,1337.0
2.0,12792.0,2764.0,2315.0,878.0,0.0,0.0,1596.0,719.0,1388.0,1376.0
2.0,10906.0,3760.0,2349.0,0.0,2250.0,2250.0,1618.0,731.0,3005.0,755.0
2.0,7146.0,3428.0,2392.0,0.0,5850.0,5850.0,1673.0,719.0,3295.0,133.0
2.0,3718.0,2074.0,2403.0,2250.0,5718.0,5718.0,1708.0,695.0,1958.0,116.0
2.0,3894.0,1032.0,2372.0,5850.0,776.0,776.0,1688.0,684.0,329.0,703.0
2.0,8712.0,1386.0,2330.0,5718.0,0.0,0.0,1633.0,697.0,47.0,1339.0
2.0,13044.0,2775.0,2321.0,776.0,0.0,0.0,1599.0,722.0,1395.0,1380.0
2.0,11045.0,3816.0,2355.0,0.0,2191.0,2191.0,1620.0,735.0,3042.0,774.0
2.0,7229.0,3471.0,2398.0,0.0,5834.0,5834.0,1676.0,722.0,3343.0,128.0
2.0,3758.0,2119.0,2410.0,2191.0,5810.0,5810.0,1711.0,699.0,2014.0,105.0
2.0,3830.0,1111.0,2379.0,5834.0,963.0,963.0,1691.0,688.0,393.0,718.0
2.0,8553.0,1431.0,2336.0,5810.0,0.0,0.0,1636.0,700.0,92.0,1339.0
2.0,12932.0,2797.0,2327.0,963.0,0.0,0.0,1602.0,725.0,1439.0,1358.0
2.0,11098.0,3833.0,2360.0,0.0,2175.0,2175.0,1623.0,737.0,3076.0,757.0
2.0,7265.0,3526.0,2405.0,0.0,5881.0,5881.0,1679.0,726.0,3383.0,143.0
2.0,3739.0,2171.0,2418.0,2175.0,5929.0,5929.0,1716.0,702.0,2056.0,115.0
2.0,3743.0,1097.0,2387.0,5881.0,1021.0,1021.0,1697.0,690.0,393.0,704.0
2.0,8527.0,1380.0,2344.0,5929.0,0.0,0.0,1642.0,702.0,47.0,1333.0
2.0,13076.0,2738.0,2332.0,1021.0,0.0,0.0,1605.0,727.0,1371.0,1367.0
2.0,11359.0,3797.0,2365.0,0.0,1898.0,1898.0,1624.0,741.0,3017.0,780.0
2.0,7562.0,3516.0,2411.0,0.0,5598.0,5598.0,1681.0,730.0,3375.0,141.0
2.0,4046.0,2157.0,2423.0,1898.0,5905.0,5905.0,1718.0,705.0,2063.0,94.0
2.0,3787.0,1035.0,2393.0,5598.0,1222.0,1222.0,1700.0,693.0,366.0,669.0
2.0,8350.0,1291.0,2348.0,5905.0,0.0,0.0,1644.0,704.0,0.0,1291.0
2.0,12964.0,2649.0,2336.0,1222.0,0.0,0.0,1607.0,729.0,1307.0,1342.0
2.0,11537.0,3755.0,2368.0,0.0,1690.0,1690.0,1625.0,743.0,2984.0,771.0
2.0,7782.0,3511.0,2412.0,0.0,5377.0,5377.0,1681.0,731.0,3374.0,137.0
2.0,4271.0,2166.0,2428.0,1690.0,5917.0,5917.0,1721.0,707.0,2075.0,91.0
2.0,3795.0,1082.0,2400.0,5377.0,1510.0,1510.0,1705.0,695.0,401.0,681.0
2.0,8090.0,1290.0,2357.0,5917.0,0.0,0.0,1650.0,707.0,0.0,1290.0
2.0,12717.0,2569.0,2344.0,1510.0,0.0,0.0,1613.0,731.0,1251.0,1318.0
2.0,11658.0,3620.0,2373.0,0.0,1454.0,1454.0,1629.0,744.0,2888.0,732.0
2.0,8038.0,3425.0,2417.0,0.0,5055.0,5055.0,1684.0,733.0,3294.0,131.0
2.0,4613.0,2147.0,2434.0,1454.0,5816.0,5816.0,1724.0,710.0,2034.0,113.0
2.0,3920.0,1073.0,2405.0,5055.0,1718.0,1718.0,1707.0,698.0,395.0,678.0
2.0,7902.0,1255.0,2359.0,5816.0,0.0,0.0,1651.0,708.0,0.0,1255.0
2.0,12463.0,2502.0,2343.0,1718.0,0.0,0.0,1613.0,730.0,1240.0,1262.0
2.0,11679.0,3573.0,2374.0,0.0,1390.0,1390.0,1631.0,743.0,2860.0,713.0
2.0,8106.0,3441.0,2423.0,0.0,5027.0,5027.0,1689.0,734.0,3279.0,162.0
2.0,4665.0,2190.0,2440.0,1390.0,5895.0,5895.0,1728.0,712.0,2044.0,146.0
2.0,3865.0,1086.0,2409.0,5027.0,1830.0,1830.0,1710.0,699.0,397.0,689.0
2.0,7806.0,1250.0,2362.0,5895.0,0.0,0.0,1654.0,708.0,0.0,1250.0
2.0,12451.0,2452.0,2344.0,1830.0,0.0,0.0,1614.0,730.0,1195.0,1257.0
2.0,11829.0,3521.0,2374.0,0.0,1188.0,1188.0,1631.0,743.0,2814.0,707.0
2.0,8308.0,3439.0,2422.0,0.0,4819.0,4819.0,1689.0,733.0,3282.0,157.0
2.0,4869.0,2273.0,2441.0,1188.0,5980.0,5980.0,1729.0,712.0,2104.0,169.0
2.0,3784.0,1202.0,2412.0,4819.0,2247.0,2247.0,1713.0,699.0,475.0,727.0
2.0,7401.0,1316.0,2366.0,5980.0,0.0,0.0,1657.0,709.0,50.0,1266.0
2.0,12065.0,2457.0,2349.0,2247.0,0.0,0.0,1618.0,731.0,1224.0,1233.0
2.0,11855.0,3500.0,2378.0,0.0,1157.0,1157.0,1636.0,742.0,2841.0,659.0
2.0,8355.0,3426.0,2424.0,0.0,4767.0,4767.0,1693.0,731.0,3296.0,130.0
2.0,4929.0,2369.0,2443.0,1157.0,6055.0,6055.0,1734.0,709.0,2172.0,197.0
2.0,3717.0,1383.0,2416.0,4767.0,2563.0,2563.0,1718.0,698.0,575.0,808.0
2.0,7101.0,1469.0,2373.0,6055.0,0.0,0.0,1663.0,710.0,119.0,1350.0
2.0,11687.0,2503.0,2354.0,2563.0,0.0,0.0,1623.0,731.0,1251.0,1252.0
2.0,11747.0,3503.0,2382.0,0.0,1284.0,1284.0,1641.0,741.0,2867.0,636.0
2.0,8244.0,3437.0,2429.0,0.0,4909.0,4909.0,1699.0,730.0,3330.0,107.0
2.0,4807.0,2403.0,2448.0,1284.0,6104.0,6104.0,1740.0,708.0,2198.0,205.0
2.0,3688.0,1435.0,2422.0,4909.0,2526.0,2526.0,1725.0,697.0,614.0,821.0
2.0,7162.0,1508.0,2377.0,6104.0,0.0,0.0,1669.0,708.0,155.0,1353.0
2.0,11758.0,2575.0,2360.0,2526.0,0.0,0.0,1630.0,730.0,1298.0,1277.0
2.0,11709.0,3541.0,2388.0,0.0,1384.0,1384.0,1647.0,741.0,2894.0,647.0
2.0,8168.0,3468.0,2433.0,0.0,5032.0,5032.0,1704.0,729.0,3359.0,109.0
2.0,4700.0,2416.0,2453.0,1384.0,6144.0,6144.0,1745.0,708.0,2206.0,210.0
2.0,3668.0,1462.0,2427.0,5032.0,2470.0,2470.0,1729.0,698.0,614.0,848.0
2.0,7238.0,1538.0,2383.0,6144.0,0.0,0.0,1673.0,710.0,155.0,1383.0
2.0,11844.0,2596.0,2365.0,2470.0,0.0,0.0,1633.0,732.0,1311.0,1285.0
2.0,11718.0,3550.0,2391.0,0.0,1396.0,1396.0,1649.0,742.0,2913.0,637.0
2.0,8168.0,3432.0,2436.0,0.0,5008.0,5008.0,1706.0,730.0,3334.0,98.0
2.0,4736.0,2356.0,2454.0,1396.0,6040.0,6040.0,1746.0,708.0,2149.0,207.0
2.0,3776.0,1421.0,2430.0,5008.0,2357.0,2357.0,1731.0,699.0,564.0,857.0
2.0,7363.0,1530.0,2386.0,6040.0,0.0,0.0,1676.0,710.0,143.0,1387.0
2.0,11873.0,2604.0,2368.0,2357.0,0.0,0.0,1636.0,732.0,1327.0,1277.0
2.0,11626.0,3549.0,2395.0,0.0,1503.0,1503.0,1652.0,743.0,2911.0,638.0
2.0,8077.0,3421.0,2441.0,0.0,5108.0,5108.0,1709.0,732.0,3312.0,109.0
2.0,4656.0,2309.0,2460.0,1503.0,5990.0,5990.0,1749.0,711.0,2097.0,212.0
2.0,3850.0,1269.0,2434.0,5108.0,2047.0,2047.0,1733.0,701.0,436.0,833.0
2.0,7689.0,1392.0,2389.0,5990.0,0.0,0.0,1676.0,713.0,34.0,1358.0
2.0,12287.0,2523.0,2370.0,2047.0,0.0,0.0,1636.0,734.0,1272.0,1251.0
2.0,11811.0,3516.0,2395.0,0.0,1285.0,1285.0,1651.0,744.0,2898.0,618.0
2.0,8295.0,3381.0,2440.0,0.0,4846.0,4846.0,1707.0,733.0,3282.0,99.0
2.0,4914.0,2272.0,2458.0,1285.0,5905.0,5905.0,1746.0,712.0,2053.0,219.0
2.0,3927.0,1323.0,2435.0,4846.0,2290.0,2290.0,1732.0,703.0,484.0,839.0
2.0,7450.0,1406.0,2392.0,5905.0,0.0,0.0,1677.0,715.0,41.0,1365.0
2.0,11949.0,2470.0,2374.0,2290.0,0.0,0.0,1637.0,737.0,1215.0,1255.0
2.0,11769.0,3502.0,2400.0,0.0,1333.0,1333.0,1653.0,747.0,2876.0,626.0
2.0,8267.0,3398.0,2445.0,0.0,4911.0,4911.0,1709.0,736.0,3297.0,101.0
2.0,4869.0,2303.0,2464.0,1333.0,5957.0,5957.0,1749.0,715.0,2100.0,203.0
2.0,3899.0,1258.0,2440.0,4911.0,2208.0,2208.0,1733.0,707.0,422.0,836.0
2.0,7552.0,1356.0,2398.0,5957.0,0.0,0.0,1678.0,720.0,0.0,1356.0
2.0,12153.0,2457.0,2380.0,2208.0,0.0,0.0,1639.0,741.0,1208.0,1249.0
2.0,11904.0,3482.0,2404.0,0.0,1194.0,1194.0,1655.0,749.0,2874.0,608.0
2.0,8422.0,3412.0,2449.0,0.0,4786.0,4786.0,1711.0,738.0,3338.0,74.0
2.0,5010.0,2370.0,2470.0,1194.0,6046.0,6046.0,1753.0,717.0,2176.0,194.0
2.0,3834.0,1354.0,2449.0,4786.0,2530.0,2530.0,1740.0,709.0,510.0,844.0
2.0,7266.0,1365.0,2408.0,6046.0,0.0,0.0,1686.0,722.0,0.0,1365.0
2.0,11947.0,2430.0,2388.0,2530.0,0.0,0.0,1645.0,743.0,1173.0,1257.0
2.0,12047.0,3496.0,2412.0,0.0,1097.0,1097.0,1660.0,752.0,2863.0,633.0
2.0,8551.0,3511.0,2456.0,0.0,4784.0,4784.0,1716.0,740.0,3397.0,114.0
2.0,5040.0,2411.0,2478.0,1097.0,6186.0,6186.0,1758.0,720.0,2215.0,196.0
2.0,3726.0,1335.0,2456.0,4784.0,2649.0,2649.0,1744.0,712.0,523.0,812.0
2.0,7175.0,1385.0,2415.0,6186.0,0.0,0.0,1690.0,725.0,28.0,1357.0
2.0,11976.0,2503.0,2397.0,2649.0,0.0,0.0,1650.0,747.0,1215.0,1288.0
2.0,12122.0,3573.0,2420.0,0.0,1131.0,1131.0,1664.0,756.0,2911.0,662.0
2.0,8549.0,3545.0,2462.0,0.0,4844.0,4844.0,1719.0,743.0,3442.0,103.0
2.0,5004.0,2421.0,2480.0,1131.0,6206.0,6206.0,1760.0,720.0,2245.0,176.0
2.0,3714.0,1371.0,2459.0,4844.0,2649.0,2649.0,1747.0,712.0,554.0,817.0
2.0,7187.0,1481.0,2419.0,6206.0,0.0,0.0,1693.0,726.0,88.0,1393.0
2.0,11912.0,2641.0,2405.0,2649.0,0.0,0.0,1655.0,750.0,1325.0,1316.0
2.0,11920.0,3654.0,2428.0,0.0,1446.0,1446.0,1670.0,758.0,2995.0,659.0
2.0,8266.0,3512.0,2468.0,0.0,5118.0,5118.0,1724.0,744.0,3430.0,82.0
2.0,4754.0,2372.0,2485.0,1446.0,6112.0,6112.0,1763.0,722.0,2182.0,190.0
2.0,3828.0,1389.0,2463.0,5118.0,2295.0,2295.0,1749.0,714.0,537.0,852.0
2.0,7557.0,1551.0,2424.0,6112.0,0.0,0.0,1696.0,728.0,139.0,1412.0
2.0,12118.0,2697.0,2409.0,2295.0,0.0,0.0,1658.0,751.0,1388.0,1309.0
2.0,11716.0,3667.0,2434.0,0.0,1687.0,1687.0,1674.0,760.0,3028.0,639.0
2.0,8049.0,3485.0,2472.0,0.0,5324.0,5324.0,1727.0,745.0,3410.0,75.0
2.0,4564.0,2360.0,2487.0,1687.0,6057.0,6057.0,1766.0,721.0,2192.0,168.0
2.0,3891.0,1398.0,2465.0,5324.0,2043.0,2043.0,1752.0,713.0,570.0,828.0
2.0,7817.0,1544.0,2426.0,6057.0,0.0,0.0,1699.0,727.0,143.0,1401.0
2.0,12330.0,2633.0,2410.0,2043.0,0.0,0.0,1660.0,750.0,1333.0,1300.0
2.0,11740.0,3611.0,2435.0,0.0,1611.0,1611.0,1676.0,759.0,2974.0,637.0
2.0,8129.0,3457.0,2475.0,0.0,5228.0,5228.0,1731.0,744.0,3382.0,75.0
2.0,4672.0,2356.0,2490.0,1611.0,6033.0,6033.0,1770.0,720.0,2170.0,186.0
2.0,3927.0,1402.0,2467.0,5228.0,2115.0,2115.0,1755.0,712.0,547.0,855.0
2.0,7753.0,1502.0,2427.0,6033.0,0.0,0.0,1700.0,727.0,88.0,1414.0
2.0,12284.0,2582.0,2412.0,2115.0,0.0,0.0,1661.0,751.0,1263.0,1319.0
2.0,11817.0,3509.0,2435.0,0.0,1432.0,1432.0,1676.0,759.0,2860.0,649.0
2.0,8308.0,3417.0,2475.0,0.0,5009.0,5009.0,1731.0,744.0,3340.0,77.0
2.0,4891.0,2347.0,2494.0,1432.0,6000.0,6000.0,1773.0,721.0,2187.0,160.0
2.0,3976.0,1365.0,2472.0,5009.0,2268.0,2268.0,1759.0,713.0,557.0,808.0
2.0,7620.0,1452.0,2433.0,6000.0,0.0,0.0,1705.0,728.0,74.0,1378.0
2.0,12168.0,2523.0,2416.0,2268.0,0.0,0.0,1665.0,751.0,1226.0,1297.0
2.0,11913.0,3509.0,2439.0,0.0,1352.0,1352.0,1680.0,759.0,2850.0,659.0
2.0,8404.0,3404.0,2479.0,0.0,4916.0,4916.0,1735.0,744.0,3333.0,71.0
2.0,5000.0,2350.0,2498.0,1352.0,5990.0,5990.0,1777.0,721.0,2207.0,143.0
2.0,4002.0,1348.0,2476.0,4916.0,2334.0,2334.0,1764.0,712.0,553.0,795.0
2.0,7570.0,1418.0,2436.0,5990.0,0.0,0.0,1710.0,726.0,34.0,1384.0
2.0,12142.0,2492.0,2419.0,2334.0,0.0,0.0,1669.0,750.0,1185.0,1307.0
2.0,11984.0,3519.0,2442.0,0.0,1303.0,1303.0,1684.0,758.0,2860.0,659.0
2.0,8465.0,3445.0,2484.0,0.0,4916.0,4916.0,1740.0,744.0,3363.0,82.0
2.0,5020.0,2316.0,2502.0,1303.0,6001.0,6001.0,1782.0,720.0,2181.0,135.0
2.0,4007.0,1290.0,2480.0,4916.0,2287.0,2287.0,1769.0,711.0,520.0,770.0
2.0,7633.0,1368.0,2440.0,6001.0,0.0,0.0,1714.0,726.0,13.0,1355.0
2.0,12266.0,2483.0,2421.0,2287.0,0.0,0.0,1672.0,749.0,1180.0,1303.0
2.0,12070.0,3545.0,2445.0,0.0,1255.0,1255.0,1686.0,759.0,2867.0,678.0
2.0,8525.0,3530.0,2486.0,0.0,4949.0,4949.0,1741.0,745.0,3414.0,116.0
2.0,4995.0,2465.0,2507.0,1255.0,6243.0,6243.0,1785.0,722.0,2291.0,174.0
2.0,3785.0,1397.0,2488.0,4949.0,2615.0,2615.0,1775.0,713.0,604.0,793.0
2.0,7337.0,1410.0,2448.0,6243.0,0.0,0.0,1721.0,727.0,57.0,1353.0
2.0,12170.0,2468.0,2428.0,2615.0,0.0,0.0,1678.0,750.0,1161.0,1307.0
2.0,12317.0,3519.0,2448.0,0.0,994.0,994.0,1689.0,759.0,2825.0,694.0
2.0,8798.0,3526.0,2490.0,0.0,4688.0,4688.0,1744.0,746.0,3390.0,136.0
2.0,5272.0,2509.0,2512.0,994.0,6291.0,6291.0,1788.0,724.0,2319.0,190.0
2.0,3757.0,1479.0,2492.0,4688.0,3002.0,3002.0,1778.0,714.0,680.0,799.0
2.0,6966.0,1473.0,2452.0,6291.0,0.0,0.0,1724.0,728.0,98.0,1375.0
2.0,11784.0,2443.0,2431.0,3002.0,0.0,0.0,1679.0,752.0,1108.0,1335.0
2.0,12343.0,3494.0,2452.0,0.0,959.0,959.0,1690.0,762.0,2780.0,714.0
2.0,8849.0,3561.0,2494.0,0.0,4688.0,4688.0,1745.0,749.0,3426.0,135.0
2.0,5288.0,2627.0,2516.0,959.0,6444.0,6444.0,1790.0,726.0,2445.0,182.0
2.0,3620.0,1615.0,2496.0,4688.0,3291.0,3291.0,1780.0,716.0,806.0,809.0
2.0,6693.0,1565.0,2456.0,6444.0,0.0,0.0,1726.0,730.0,167.0,1398.0
2.0,11572.0,2456.0,2436.0,3291.0,0.0,0.0,1681.0,755.0,1094.0,1362.0
2.0,12407.0,3460.0,2456.0,0.0,877.0,877.0,1691.0,765.0,2720.0,740.0
2.0,8947.0,3552.0,2498.0,0.0,4597.0,4597.0,1746.0,752.0,3411.0,141.0
2.0,5395.0,2641.0,2519.0,877.0,6445.0,6445.0,1791.0,728.0,2472.0,169.0
2.0,3631.0,1638.0,2499.0,4597.0,3406.0,3406.0,1781.0,718.0,848.0,790.0
2.0,6590.0,1567.0,2458.0,6445.0,0.0,0.0,1726.0,732.0,163.0,1404.0
2.0,11468.0,2459.0,2438.0,3406.0,0.0,0.0,1681.0,757.0,1081.0,1378.0
2.0,12415.0,3438.0,2460.0,0.0,863.0,863.0,1691.0,769.0,2688.0,750.0
2.0,8977.0,3494.0,2499.0,0.0,4513.0,4513.0,1744.0,755.0,3350.0,144.0
2.0,5483.0,2589.0,2520.0,863.0,6323.0,6323.0,1788.0,732.0,2433.0,156.0
2.0,3757.0,1622.0,2501.0,4513.0,3356.0,3356.0,1779.0,722.0,844.0,778.0
2.0,6648.0,1576.0,2461.0,6323.0,0.0,0.0,1725.0,736.0,177.0,1399.0
2.0,11395.0,2486.0,2442.0,3356.0,0.0,0.0,1681.0,761.0,1101.0,1385.0
2.0,12265.0,3381.0,2462.0,0.0,964.0,964.0,1690.0,772.0,2638.0,743.0
2.0,8884.0,3403.0,2501.0,0.0,4523.0,4523.0,1743.0,758.0,3286.0,117.0
2.0,5481.0,2536.0,2520.0,964.0,6171.0,6171.0,1787.0,733.0,2393.0,143.0
2.0,3909.0,1605.0,2502.0,4523.0,3181.0,3181.0,1779.0,723.0,828.0,777.0
2.0,6827.0,1536.0,2464.0,6171.0,0.0,0.0,1727.0,737.0,164.0,1372.0
2.0,11462.0,2435.0,2445.0,3181.0,0.0,0.0,1684.0,761.0,1096.0,1339.0
2.0,12208.0,3358.0,2464.0,0.0,1006.0,1006.0,1692.0,772.0,2639.0,719.0
2.0,8850.0,3375.0,2503.0,0.0,4537.0,4537.0,1744.0,759.0,3246.0,129.0
2.0,5475.0,2476.0,2522.0,1006.0,6083.0,6083.0,1787.0,735.0,2324.0,152.0
2.0,4005.0,1566.0,2504.0,4537.0,3040.0,3040.0,1779.0,725.0,790.0,776.0
2.0,6976.0,1555.0,2467.0,6083.0,0.0,0.0,1728.0,739.0,181.0,1374.0
2.0,11504.0,2471.0,2449.0,3040.0,0.0,0.0,1685.0,764.0,1116.0,1355.0
2.0,12073.0,3386.0,2469.0,0.0,1189.0,1189.0,1694.0,775.0,2664.0,722.0
2.0,8687.0,3333.0,2507.0,0.0,4674.0,4674.0,1746.0,761.0,3247.0,86.0
2.0,5354.0,2362.0,2525.0,1189.0,5919.0,5919.0,1788.0,737.0,2261.0,101.0
2.0,4181.0,1479.0,2505.0,4674.0,2644.0,2644.0,1779.0,726.0,717.0,762.0
2.0,7376.0,1596.0,2468.0,5919.0,0.0,0.0,1728.0,740.0,198.0,1398.0
2.0,11699.0,2579.0,2452.0,2644.0,0.0,0.0,1687.0,765.0,1214.0,1365.0
2.0,11764.0,3474.0,2474.0,0.0,1606.0,1606.0,1698.0,776.0,2774.0,700.0
2.0,8290.0,3372.0,2514.0,0.0,5138.0,5138.0,1752.0,762.0,3310.0,62.0
2.0,4918.0,2351.0,2533.0,1606.0,5959.0,5959.0,1795.0,738.0,2260.0,91.0
2.0,4173.0,1475.0,2514.0,5138.0,2220.0,2220.0,1786.0,728.0,707.0,768.0
2.0,7836.0,1565.0,2476.0,5959.0,0.0,0.0,1734.0,742.0,158.0,1407.0
2.0,12230.0,2553.0,2456.0,2220.0,0.0,0.0,1691.0,765.0,1196.0,1357.0
2.0,11897.0,3448.0,2475.0,0.0,1451.0,1451.0,1700.0,775.0,2765.0,683.0
2.0,8449.0,3384.0,2514.0,0.0,4991.0,4991.0,1753.0,761.0,3333.0,51.0
2.0,5065.0,2414.0,2533.0,1451.0,6030.0,6030.0,1796.0,737.0,2314.0,100.0
2.0,4102.0,1495.0,2515.0,4991.0,2462.0,2462.0,1788.0,727.0,710.0,785.0
2.0,7598.0,1566.0,2477.0,6030.0,0.0,0.0,1736.0,741.0,138.0,1428.0
2.0,12062.0,2587.0,2459.0,2462.0,0.0,0.0,1694.0,765.0,1202.0,1385.0
2.0,11937.0,3546.0,2479.0,0.0,1525.0,1525.0,1704.0,775.0,2845.0,701.0
2.0,8391.0,3474.0,2518.0,0.0,5155.0,5155.0,1757.0,761.0,3417.0,57.0
2.0,4917.0,2472.0,2536.0,1525.0,6174.0,6174.0,1800.0,736.0,2371.0,101.0
2.0,3970.0,1565.0,2520.0,5155.0,2520.0,2520.0,1794.0,726.0,767.0,798.0
2.0,7560.0,1624.0,2484.0,6174.0,0.0,0.0,1744.0,740.0,170.0,1454.0
2.0,12110.0,2550.0,2464.0,2520.0,0.0,0.0,1700.0,764.0,1160.0,1390.0
2.0,12080.0,3484.0,2481.0,0.0,1328.0,1328.0,1707.0,774.0,2796.0,688.0
2.0,8596.0,3483.0,2517.0,0.0,4955.0,4955.0,1757.0,760.0,3412.0,71.0
2.0,5113.0,2539.0,2536.0,1328.0,6242.0,6242.0,1800.0,736.0,2391.0,148.0
2.0,3902.0,1613.0,2519.0,4955.0,2832.0,2832.0,1793.0,726.0,774.0,839.0
2.0,7244.0,1666.0,2485.0,6242.0,0.0,0.0,1745.0,740.0,200.0,1466.0
2.0,11820.0,2588.0,2466.0,2832.0,0.0,0.0,1702.0,764.0,1189.0,1399.0
2.0,12064.0,3505.0,2483.0,0.0,1373.0,1373.0,1709.0,774.0,2809.0,696.0
2.0,8559.0,3506.0,2518.0,0.0,5019.0,5019.0,1758.0,760.0,3435.0,71.0
2.0,5053.0,2562.0,2538.0,1373.0,6288.0,6288.0,1802.0,736.0,2423.0,139.0
2.0,3864.0,1626.0,2522.0,5019.0,2831.0,2831.0,1796.0,726.0,776.0,850.0
2.0,7257.0,1610.0,2487.0,6288.0,0.0,0.0,1747.0,740.0,129.0,1481.0
2.0,11935.0,2568.0,2469.0,2831.0,0.0,0.0,1705.0,764.0,1164.0,1404.0
2.0,12198.0,3499.0,2486.0,0.0,1245.0,1245.0,1712.0,774.0,2794.0,705.0
2.0,8699.0,3463.0,2522.0,0.0,4852.0,4852.0,1761.0,761.0,3378.0,85.0
2.0,5236.0,2532.0,2540.0,1245.0,6211.0,6211.0,1803.0,737.0,2380.0,152.0
2.0,3949.0,1648.0,2524.0,4852.0,2943.0,2943.0,1797.0,727.0,801.0,847.0
2.0,7153.0,1655.0,2491.0,6211.0,0.0,0.0,1750.0,741.0,180.0,1475.0
2.0,11709.0,2547.0,2474.0,2943.0,0.0,0.0,1709.0,765.0,1146.0,1401.0
2.0,12105.0,3446.0,2492.0,0.0,1309.0,1309.0,1716.0,776.0,2749.0,697.0
2.0,8659.0,3474.0,2528.0,0.0,4927.0,4927.0,1765.0,763.0,3395.0,79.0
2.0,5185.0,2556.0,2547.0,1309.0,6250.0,6250.0,1808.0,739.0,2407.0,149.0
2.0,3938.0,1632.0,2532.0,4927.0,2895.0,2895.0,1802.0,730.0,782.0,850.0
2.0,7233.0,1646.0,2498.0,6250.0,0.0,0.0,1754.0,744.0,169.0,1477.0
2.0,11837.0,2514.0,2483.0,2895.0,0.0,0.0,1714.0,769.0,1116.0,1398.0
2.0,12218.0,3414.0,2500.0,0.0,1196.0,1196.0,1721.0,779.0,2722.0,692.0
2.0,8804.0,3416.0,2536.0,0.0,4756.0,4756.0,1771.0,765.0,3360.0,56.0
2.0,5388.0,2534.0,2554.0,1196.0,6166.0,6166.0,1813.0,741.0,2400.0,134.0
2.0,4050.0,1655.0,2539.0,4756.0,3005.0,3005.0,1807.0,732.0,811.0,844.0
2.0,7151.0,1621.0,2505.0,6166.0,0.0,0.0,1759.0,746.0,157.0,1464.0
2.0,11696.0,2448.0,2489.0,3005.0,0.0,0.0,1718.0,771.0,1082.0,1366.0
2.0,12253.0,3345.0,2507.0,0.0,1120.0,1120.0,1726.0,781.0,2682.0,663.0
2.0,8908.0,3424.0,2545.0,0.0,4696.0,4696.0,1777.0,768.0,3376.0,48.0
2.0,5484.0,2603.0,2564.0,1120.0,6255.0,6255.0,1820.0,744.0,2457.0,146.0
2.0,4001.0,1687.0,2547.0,4696.0,3178.0,3178.0,1813.0,734.0,832.0,855.0
2.0,7010.0,1579.0,2510.0,6255.0,0.0,0.0,1762.0,748.0,115.0,1464.0
2.0,11686.0,2423.0,2492.0,3178.0,0.0,0.0,1718.0,774.0,1048.0,1375.0
2.0,12441.0,3353.0,2512.0,0.0,960.0,960.0,1727.0,785.0,2697.0,656.0
2.0,9088.0,3464.0,2549.0,0.0,4572.0,4572.0,1779.0,770.0,3428.0,36.0
2.0,5624.0,2636.0,2570.0,960.0,6332.0,6332.0,1824.0,746.0,2492.0,144.0
2.0,3948.0,1710.0,2554.0,4572.0,3406.0,3406.0,1817.0,737.0,848.0,862.0
2.0,6810.0,1638.0,2519.0,6332.0,0.0,0.0,1767.0,752.0,154.0,1484.0
2.0,11504.0,2445.0,2501.0,3406.0,0.0,0.0,1723.0,778.0,1062.0,1383.0
2.0,12465.0,3363.0,2519.0,0.0,974.0,974.0,1731.0,788.0,2706.0,657.0
2.0,9102.0,3445.0,2557.0,0.0,4571.0,4571.0,1783.0,774.0,3409.0,36.0
2.0,5657.0,2637.0,2577.0,974.0,6314.0,6314.0,1828.0,749.0,2500.0,137.0
2.0,3994.0,1711.0,2560.0,4571.0,3386.0,3386.0,1821.0,739.0,847.0,864.0
2.0,6854.0,1609.0,2523.0,6314.0,0.0,0.0,1769.0,754.0,118.0,1491.0
2.0,11559.0,2426.0,2503.0,3386.0,0.0,0.0,1723.0,780.0,1029.0,1397.0
2.0,12519.0,3372.0,2521.0,0.0,937.0,937.0,1730.0,791.0,2713.0,659.0
2.0,9147.0,3491.0,2558.0,0.0,4576.0,4576.0,1782.0,776.0,3474.0,17.0
2.0,5656.0,2648.0,2577.0,937.0,6363.0,6363.0,1827.0,750.0,2523.0,125.0
2.0,3945.0,1736.0,2561.0,4576.0,3459.0,3459.0,1821.0,740.0,852.0,884.0
2.0,6785.0,1634.0,2526.0,6363.0,0.0,0.0,1769.0,757.0,113.0,1521.0
2.0,11514.0,2501.0,2507.0,3459.0,0.0,0.0,1725.0,782.0,1088.0,1413.0
2.0,12472.0,3427.0,2524.0,0.0,1051.0,1051.0,1732.0,792.0,2769.0,658.0
2.0,9045.0,3484.0,2560.0,0.0,4679.0,4679.0,1784.0,776.0,3471.0,13.0
2.0,5561.0,2635.0,2579.0,1051.0,6339.0,6339.0,1828.0,751.0,2504.0,131.0
2.0,3977.0,1722.0,2562.0,4679.0,3314.0,3314.0,1821.0,741.0,829.0,893.0
2.0,6934.0,1680.0,2527.0,6339.0,0.0,0.0,1770.0,757.0,151.0,1529.0
2.0,11593.0,2524.0,2508.0,3314.0,0.0,0.0,1725.0,783.0,1095.0,1429.0
2.0,12383.0,3473.0,2525.0,0.0,1190.0,1190.0,1732.0,793.0,2797.0,676.0
2.0,8910.0,3514.0,2562.0,0.0,4852.0,4852.0,1785.0,777.0,3494.0,20.0
2.0,5396.0,2634.0,2581.0,1190.0,6372.0,6372.0,1830.0,751.0,2508.0,126.0
2.0,3952.0,1743.0,2565.0,4852.0,3199.0,3199.0,1824.0,741.0,851.0,892.0
2.0,7061.0,1702.0,2532.0,6372.0,0.0,0.0,1774.0,758.0,162.0,1540.0
2.0,11731.0,2576.0,2514.0,3199.0,0.0,0.0,1731.0,783.0,1163.0,1413.0
2.0,12354.0,3478.0,2533.0,0.0,1256.0,1256.0,1740.0,793.0,2825.0,653.0
2.0,8876.0,3458.0,2567.0,0.0,4850.0,4850.0,1790.0,777.0,3445.0,13.0
2.0,5418.0,2560.0,2585.0,1256.0,6226.0,6226.0,1834.0,751.0,2432.0,128.0
2.0,4114.0,1715.0,2569.0,4850.0,3027.0,3027.0,1828.0,741.0,823.0,892.0
2.0,7249.0,1740.0,2536.0,6226.0,0.0,0.0,1779.0,757.0,227.0,1513.0
2.0,11735.0,2630.0,2520.0,3027.0,0.0,0.0,1738.0,782.0,1253.0,1377.0
2.0,12132.0,3460.0,2537.0,0.0,1476.0,1476.0,1746.0,791.0,2838.0,622.0
2.0,8672.0,3363.0,2571.0,0.0,4975.0,4975.0,1796.0,775.0,3350.0,13.0
2.0,5309.0,2429.0,2586.0,1476.0,5988.0,5988.0,1837.0,749.0,2303.0,126.0
2.0,4356.0,1617.0,2567.0,4975.0,2554.0,2554.0,1829.0,738.0,748.0,869.0
2.0,7714.0,1718.0,2535.0,5988.0,0.0,0.0,1781.0,754.0,221.0,1497.0
2.0,11984.0,2667.0,2521.0,2554.0,0.0,0.0,1742.0,779.0,1287.0,1380.0
2.0,11871.0,3490.0,2539.0,0.0,1775.0,1775.0,1750.0,789.0,2848.0,642.0
2.0,8381.0,3380.0,2572.0,0.0,5287.0,5287.0,1799.0,773.0,3361.0,19.0
2.0,5001.0,2447.0,2589.0,1775.0,6027.0,6027.0,1841.0,748.0,2318.0,129.0
2.0,4329.0,1615.0,2572.0,5287.0,2287.0,2287.0,1834.0,738.0,756.0,859.0
2.0,8001.0,1699.0,2541.0,6027.0,0.0,0.0,1787.0,754.0,215.0,1484.0
2.0,12329.0,2646.0,2525.0,2287.0,0.0,0.0,1746.0,779.0,1261.0,1385.0
2.0,11970.0,3526.0,2544.0,0.0,1732.0,1732.0,1754.0,790.0,2852.0,674.0
2.0,8444.0,3408.0,2577.0,0.0,5272.0,5272.0,1803.0,774.0,3363.0,45.0
2.0,5036.0,2453.0,2594.0,1732.0,6061.0,6061.0,1845.0,749.0,2309.0,144.0
2.0,4315.0,1564.0,2577.0,5272.0,2285.0,2285.0,1839.0,738.0,726.0,838.0
2.0,8023.0,1652.0,2544.0,6061.0,0.0,0.0,1790.0,754.0,190.0,1462.0
2.0,12432.0,2653.0,2529.0,2285.0,0.0,0.0,1749.0,780.0,1258.0,1395.0
2.0,12064.0,3559.0,2546.0,0.0,1679.0,1679.0,1756.0,790.0,2866.0,693.0
2.0,8505.0,3459.0,2580.0,0.0,5274.0,5274.0,1805.0,775.0,3397.0,62.0
2.0,5046.0,2411.0,2595.0,1679.0,6066.0,6066.0,1846.0,749.0,2287.0,124.0
2.0,4314.0,1519.0,2577.0,5274.0,2239.0,2239.0,1839.0,738.0,689.0,830.0
2.0,8069.0,1620.0,2544.0,6066.0,0.0,0.0,1790.0,754.0,149.0,1471.0
2.0,12515.0,2709.0,2530.0,2239.0,0.0,0.0,1749.0,781.0,1280.0,1429.0
2.0,12045.0,3721.0,2551.0,0.0,1880.0,1880.0,1758.0,793.0,2965.0,756.0
2.0,8324.0,3623.0,2587.0,0.0,5647.0,5647.0,1809.0,778.0,3529.0,94.0
2.0,4701.0,2474.0,2603.0,1880.0,6305.0,6305.0,1852.0,751.0,2366.0,108.0
2.0,4107.0,1441.0,2585.0,5647.0,2027.0,2027.0,1845.0,740.0,642.0,799.0
2.0,8313.0,1549.0,2549.0,6305.0,0.0,0.0,1794.0,755.0,72.0,1477.0
2.0,13069.0,2721.0,2534.0,2027.0,0.0,0.0,1751.0,783.0,1254.0,1467.0
2.0,12375.0,3794.0,2557.0,0.0,1647.0,1647.0,1761.0,796.0,3003.0,791.0
2.0,8581.0,3670.0,2594.0,0.0,5465.0,5465.0,1813.0,781.0,3569.0,101.0
2.0,4911.0,2512.0,2611.0,1647.0,6398.0,6398.0,1857.0,754.0,2403.0,109.0
2.0,4046.0,1474.0,2591.0,5465.0,2327.0,2327.0,1849.0,742.0,667.0,807.0
2.0,8037.0,1594.0,2556.0,6398.0,0.0,0.0,1797.0,759.0,90.0,1504.0
2.0,12841.0,2698.0,2541.0,2327.0,0.0,0.0,1754.0,787.0,1211.0,1487.0
2.0,12470.0,3749.0,2562.0,0.0,1527.0,1527.0,1763.0,799.0,2979.0,770.0
2.0,8721.0,3695.0,2600.0,0.0,5374.0,5374.0,1816.0,784.0,3608.0,87.0
2.0,5026.0,2583.0,2618.0,1527.0,6502.0,6502.0,1861.0,757.0,2461.0,122.0
2.0,3970.0,1500.0,2598.0,5374.0,2548.0,2548.0,1853.0,745.0,668.0,832.0
2.0,7844.0,1529.0,2561.0,6502.0,0.0,0.0,1800.0,761.0,32.0,1497.0
2.0,12817.0,2644.0,2543.0,2548.0,0.0,0.0,1755.0,788.0,1189.0,1455.0
2.0,12721.0,3773.0,2565.0,0.0,1312.0,1312.0,1764.0,801.0,2992.0,781.0
2.0,8948.0,3750.0,2604.0,0.0,5218.0,5218.0,1818.0,786.0,3618.0,132.0
2.0,5198.0,2575.0,2621.0,1312.0,6549.0,6549.0,1861.0,760.0,2434.0,141.0
2.0,3935.0,1446.0,2600.0,5218.0,2693.0,2693.0,1852.0,748.0,651.0,795.0
2.0,7707.0,1534.0,2562.0,6549.0,0.0,0.0,1799.0,763.0,84.0,1450.0
2.0,12722.0,2763.0,2549.0,2693.0,0.0,0.0,1758.0,791.0,1304.0,1459.0
2.0,12652.0,3856.0,2574.0,0.0,1500.0,1500.0,1770.0,804.0,3057.0,799.0
2.0,8796.0,3758.0,2612.0,0.0,5410.0,5410.0,1823.0,789.0,3616.0,142.0
2.0,5038.0,2534.0,2628.0,1500.0,6508.0,6508.0,1865.0,763.0,2385.0,149.0
2.0,4004.0,1394.0,2604.0,5410.0,2396.0,2396.0,1852.0,752.0,595.0,799.0
2.0,8020.0,1481.0,2566.0,6508.0,0.0,0.0,1798.0,768.0,42.0,1439.0
2.0,13047.0,2683.0,2553.0,2396.0,0.0,0.0,1758.0,795.0,1271.0,1412.0
2.0,12760.0,3821.0,2580.0,0.0,1381.0,1381.0,1773.0,807.0,3064.0,757.0
2.0,8939.0,3738.0,2620.0,0.0,5279.0,5279.0,1828.0,792.0,3620.0,118.0
2.0,5201.0,2490.0,2635.0,1381.0,6448.0,6448.0,1869.0,766.0,2356.0,134.0
2.0,4092.0,1343.0,2610.0,5279.0,2412.0,2412.0,1855.0,755.0,550.0,793.0
2.0,8028.0,1470.0,2571.0,6448.0,0.0,0.0,1801.0,770.0,23.0,1447.0
2.0,13006.0,2697.0,2558.0,2412.0,0.0,0.0,1761.0,797.0,1276.0,1421.0
2.0,12721.0,3825.0,2584.0,0.0,1440.0,1440.0,1775.0,809.0,3078.0,747.0
2.0,8896.0,3737.0,2625.0,0.0,5341.0,5341.0,1831.0,794.0,3652.0,85.0
2.0,5159.0,2488.0,2641.0,1440.0,6453.0,6453.0,1873.0,768.0,2377.0,111.0
2.0,4111.0,1324.0,2615.0,5341.0,2332.0,2332.0,1859.0,756.0,530.0,794.0
2.0,8128.0,1434.0,2575.0,6453.0,0.0,0.0,1804.0,771.0,0.0,1434.0
2.0,13147.0,2634.0,2560.0,2332.0,0.0,0.0,1763.0,797.0,1228.0,1406.0
2.0,12845.0,3788.0,2586.0,0.0,1287.0,1287.0,1777.0,809.0,3050.0,738.0
2.0,9057.0,3693.0,2626.0,0.0,5140.0,5140.0,1832.0,794.0,3607.0,86.0
2.0,5364.0,2518.0,2643.0,1287.0,6439.0,6439.0,1875.0,768.0,2402.0,116.0
2.0,4133.0,1383.0,2619.0,5140.0,2586.0,2586.0,1862.0,757.0,589.0,794.0
2.0,7890.0,1440.0,2578.0,6439.0,0.0,0.0,1807.0,771.0,0.0,1440.0
2.0,12889.0,2555.0,2561.0,2586.0,0.0,0.0,1764.0,797.0,1140.0,1415.0
2.0,12920.0,3670.0,2585.0,0.0,1090.0,1090.0,1776.0,809.0,2932.0,738.0
2.0,9250.0,3682.0,2627.0,0.0,4940.0,4940.0,1832.0,795.0,3591.0,91.0
2.0,5568.0,2556.0,2645.0,1090.0,6478.0,6478.0,1876.0,769.0,2447.0,109.0
2.0,4102.0,1440.0,2620.0,4940.0,2878.0,2878.0,1864.0,756.0,659.0,781.0
2.0,7602.0,1496.0,2577.0,6478.0,0.0,0.0,1808.0,769.0,53.0,1443.0
2.0,12584.0,2649.0,2558.0,2878.0,0.0,0.0,1763.0,795.0,1212.0,1437.0
2.0,12813.0,3739.0,2583.0,0.0,1258.0,1258.0,1775.0,808.0,2976.0,763.0
2.0,9074.0,3689.0,2626.0,0.0,5119.0,5119.0,1832.0,794.0,3585.0,104.0
2.0,5385.0,2532.0,2645.0,1258.0,6469.0,6469.0,1877.0,768.0,2411.0,121.0
2.0,4111.0,1409.0,2620.0,5119.0,2659.0,2659.0,1865.0,755.0,622.0,787.0
2.0,7821.0,1485.0,2575.0,6469.0,0.0,0.0,1807.0,768.0,25.0,1460.0
2.0,12805.0,2677.0,2556.0,2659.0,0.0,0.0,1762.0,794.0,1212.0,1465.0
2.0,12787.0,3844.0,2582.0,0.0,1385.0,1385.0,1775.0,807.0,3056.0,788.0
2.0,8943.0,3806.0,2627.0,0.0,5371.0,5371.0,1833.0,794.0,3691.0,115.0
2.0,5137.0,2591.0,2646.0,1385.0,6653.0,6653.0,1879.0,767.0,2487.0,104.0
2.0,3931.0,1430.0,2621.0,5371.0,2612.0,2612.0,1868.0,753.0,654.0,776.0
2.0,7872.0,1462.0,2578.0,6653.0,0.0,0.0,1811.0,767.0,0.0,1462.0
2.0,13063.0,2661.0,2558.0,2612.0,0.0,0.0,1764.0,794.0,1171.0,1490.0
2.0,13014.0,3852.0,2582.0,0.0,1166.0,1166.0,1774.0,808.0,3007.0,845.0
2.0,9162.0,3842.0,2627.0,0.0,5188.0,5188.0,1832.0,795.0,3678.0,164.0
2.0,5320.0,2694.0,2649.0,1166.0,6804.0,6804.0,1881.0,768.0,2569.0,125.0
2.0,3792.0,1531.0,2628.0,5188.0,3063.0,3063.0,1873.0,755.0,763.0,768.0
2.0,7449.0,1501.0,2585.0,6804.0,0.0,0.0,1817.0,768.0,63.0,1438.0
2.0,12752.0,2648.0,2564.0,3063.0,0.0,0.0,1770.0,794.0,1178.0,1470.0
2.0,13167.0,3859.0,2588.0,0.0,1044.0,1044.0,1781.0,807.0,3018.0,841.0
2.0,9308.0,3882.0,2634.0,0.0,5110.0,5110.0,1839.0,795.0,3697.0,185.0
2.0,5426.0,2697.0,2657.0,1044.0,6855.0,6855.0,1887.0,770.0,2556.0,141.0
2.0,3773.0,1489.0,2632.0,5110.0,3134.0,3134.0,1876.0,756.0,742.0,747.0
2.0,7394.0,1489.0,2587.0,6855.0,0.0,0.0,1819.0,768.0,67.0,1422.0
2.0,12760.0,2681.0,2566.0,3134.0,0.0,0.0,1772.0,794.0,1208.0,1473.0
2.0,13213.0,3868.0,2593.0,0.0,1027.0,1027.0,1785.0,808.0,3015.0,853.0
2.0,9345.0,3893.0,2640.0,0.0,5108.0,5108.0,1844.0,796.0,3705.0,188.0
2.0,5452.0,2719.0,2664.0,1027.0,6896.0,6896.0,1893.0,771.0,2588.0,131.0
2.0,3760.0,1505.0,2641.0,5108.0,3201.0,3201.0,1883.0,758.0,761.0,744.0
2.0,7363.0,1433.0,2595.0,6896.0,0.0,0.0,1825.0,770.0,41.0,1392.0
2.0,12826.0,2622.0,2574.0,3201.0,0.0,0.0,1778.0,796.0,1169.0,1453.0
2.0,13405.0,3838.0,2600.0,0.0,833.0,833.0,1790.0,810.0,2980.0,858.0
2.0,9567.0,3853.0,2648.0,0.0,4878.0,4878.0,1850.0,798.0,3663.0,190.0
2.0,5714.0,2704.0,2671.0,833.0,6841.0,6841.0,1899.0,772.0,2591.0,113.0
2.0,3843.0,1508.0,2649.0,4878.0,3383.0,3383.0,1890.0,759.0,800.0,708.0
2.0,7213.0,1456.0,2604.0,6841.0,0.0,0.0,1833.0,771.0,81.0,1375.0
2.0,12598.0,2594.0,2581.0,3383.0,0.0,0.0,1784.0,797.0,1124.0,1470.0
2.0,13387.0,3772.0,2606.0,0.0,809.0,809.0,1794.0,812.0,2890.0,882.0
2.0,9615.0,3783.0,2654.0,0.0,4784.0,4784.0,1853.0,801.0,3582.0,201.0
2.0,5832.0,2601.0,2676.0,809.0,6664.0,6664.0,1901.0,775.0,2512.0,89.0
2.0,4040.0,1420.0,2653.0,4784.0,3208.0,3208.0,1892.0,761.0,747.0,673.0
2.0,7404.0,1433.0,2607.0,6664.0,0.0,0.0,1834.0,773.0,51.0,1382.0
2.0,12635.0,2585.0,2586.0,3208.0,0.0,0.0,1786.0,800.0,1094.0,1491.0
2.0,13258.0,3792.0,2610.0,0.0,974.0,974.0,1795.0,815.0,2888.0,904.0
2.0,9466.0,3822.0,2657.0,0.0,4984.0,4984.0,1853.0,804.0,3615.0,207.0
2.0,5644.0,2591.0,2680.0,974.0,6693.0,6693.0,1902.0,778.0,2514.0,77.0
2.0,4027.0,1386.0,2657.0,4984.0,3003.0,3003.0,1894.0,763.0,732.0,654.0
2.0,7625.0,1425.0,2613.0,6693.0,0.0,0.0,1838.0,775.0,55.0,1370.0
2.0,12893.0,2688.0,2595.0,3003.0,0.0,0.0,1792.0,803.0,1169.0,1519.0
2.0,13208.0,3874.0,2620.0,0.0,1146.0,1146.0,1801.0,819.0,2931.0,943.0
2.0,9334.0,3830.0,2666.0,0.0,5160.0,5160.0,1858.0,808.0,3595.0,235.0
2.0,5504.0,2545.0,2686.0,1146.0,6639.0,6639.0,1904.0,782.0,2477.0,68.0
2.0,4105.0,1336.0,2661.0,5160.0,2715.0,2715.0,1895.0,766.0,712.0,624.0
2.0,7929.0,1436.0,2617.0,6639.0,0.0,0.0,1839.0,778.0,82.0,1354.0
2.0,13132.0,2729.0,2598.0,2715.0,0.0,0.0,1793.0,805.0,1210.0,1519.0
2.0,13118.0,3951.0,2625.0,0.0,1333.0,1333.0,1804.0,821.0,2978.0,973.0
2.0,9167.0,3851.0,2672.0,0.0,5372.0,5372.0,1861.0,811.0,3598.0,253.0
2.0,5316.0,2555.0,2693.0,1333.0,6678.0,6678.0,1909.0,784.0,2488.0,67.0
2.0,4094.0,1350.0,2668.0,5372.0,2556.0,2556.0,1900.0,768.0,738.0,612.0
2.0,8116.0,1497.0,2622.0,6678.0,0.0,0.0,1843.0,779.0,136.0,1361.0
2.0,13297.0,2808.0,2603.0,2556.0,0.0,0.0,1797.0,806.0,1267.0,1541.0
2.0,13045.0,4008.0,2630.0,0.0,1483.0,1483.0,1807.0,823.0,3017.0,991.0
2.0,9037.0,3907.0,2678.0,0.0,5582.0,5582.0,1864.0,814.0,3641.0,266.0
2.0,5130.0,2589.0,2699.0,1483.0,6772.0,6772.0,1912.0,787.0,2495.0,94.0
2.0,4024.0,1345.0,2675.0,5582.0,2439.0,2439.0,1904.0,771.0,715.0,630.0
2.0,8261.0,1477.0,2629.0,6772.0,0.0,0.0,1849.0,780.0,142.0,1335.0
2.0,13556.0,2810.0,2609.0,2439.0,0.0,0.0,1803.0,806.0,1295.0,1515.0
2.0,13185.0,4075.0,2636.0,0.0,1434.0,1434.0,1813.0,823.0,3079.0,996.0
2.0,9110.0,3959.0,2682.0,0.0,5577.0,5577.0,1868.0,814.0,3663.0,296.0
2.0,5151.0,2632.0,2704.0,1434.0,6863.0,6863.0,1916.0,788.0,2532.0,100.0
2.0,3953.0,1381.0,2679.0,5577.0,2567.0,2567.0,1908.0,771.0,781.0,600.0
2.0,8149.0,1461.0,2633.0,6863.0,0.0,0.0,1853.0,780.0,146.0,1315.0
2.0,13551.0,2828.0,2613.0,2567.0,0.0,0.0,1807.0,806.0,1304.0,1524.0
2.0,13290.0,4072.0,2640.0,0.0,1342.0,1342.0,1817.0,823.0,3057.0,1015.0
2.0,9218.0,3961.0,2687.0,0.0,5491.0,5491.0,1872.0,815.0,3646.0,315.0
2.0,5257.0,2588.0,2708.0,1342.0,6821.0,6821.0,1919.0,789.0,2496.0,92.0
2.0,4011.0,1327.0,2682.0,5491.0,2553.0,2553.0,1910.0,772.0,754.0,573.0
2.0,8175.0,1471.0,2636.0,6821.0,0.0,0.0,1856.0,780.0,185.0,1286.0
2.0,13525.0,2831.0,2616.0,2553.0,0.0,0.0,1810.0,806.0,1320.0,1511.0
2.0,13247.0,4058.0,2642.0,0.0,1379.0,1379.0,1819.0,823.0,3031.0,1027.0
2.0,9189.0,3941.0,2689.0,0.0,5508.0,5508.0,1874.0,815.0,3623.0,318.0
2.0,5248.0,2554.0,2710.0,1379.0,6767.0,6767.0,1921.0,789.0,2480.0,74.0
2.0,4073.0,1220.0,2683.0,5508.0,2371.0,2371.0,1911.0,772.0,671.0,549.0
2.0,8361.0,1304.0,2634.0,6767.0,0.0,0.0,1854.0,780.0,38.0,1266.0
2.0,13824.0,2734.0,2612.0,2371.0,0.0,0.0,1807.0,805.0,1217.0,1517.0
2.0,13461.0,4073.0,2639.0,0.0,1168.0,1168.0,1816.0,823.0,3031.0,1042.0
2.0,9388.0,3984.0,2687.0,0.0,5344.0,5344.0,1871.0,816.0,3663.0,321.0
2.0,5404.0,2584.0,2709.0,1168.0,6848.0,6848.0,1918.0,791.0,2505.0,79.0
2.0,3988.0,1264.0,2683.0,5344.0,2664.0,2664.0,1910.0,773.0,711.0,553.0
2.0,8068.0,1313.0,2635.0,6848.0,0.0,0.0,1855.0,780.0,61.0,1252.0
2.0,13603.0,2672.0,2614.0,2664.0,0.0,0.0,1809.0,805.0,1178.0,1494.0
2.0,13595.0,4001.0,2641.0,0.0,970.0,970.0,1818.0,823.0,2973.0,1028.0
2.0,9594.0,3966.0,2690.0,0.0,5132.0,5132.0,1874.0,816.0,3643.0,323.0
2.0,5628.0,2609.0,2712.0,970.0,6859.0,6859.0,1921.0,791.0,2538.0,71.0
2.0,3989.0,1253.0,2687.0,5132.0,2880.0,2880.0,1914.0,773.0,710.0,543.0
2.0,7868.0,1264.0,2639.0,6859.0,0.0,0.0,1859.0,780.0,6.0,1258.0
2.0,13463.0,2602.0,2615.0,2880.0,0.0,0.0,1810.0,805.0,1098.0,1504.0
2.0,13741.0,3968.0,2641.0,0.0,791.0,791.0,1818.0,823.0,2921.0,1047.0
2.0,9773.0,3964.0,2691.0,0.0,4955.0,4955.0,1874.0,817.0,3633.0,331.0
2.0,5809.0,2649.0,2714.0,791.0,6905.0,6905.0,1922.0,792.0,2568.0,81.0
2.0,3951.0,1290.0,2687.0,4955.0,3132.0,3132.0,1914.0,773.0,752.0,538.0
2.0,7616.0,1300.0,2638.0,6905.0,0.0,0.0,1858.0,780.0,34.0,1266.0
2.0,13221.0,2661.0,2616.0,3132.0,0.0,0.0,1811.0,805.0,1128.0,1533.0
2.0,13692.0,4033.0,2644.0,0.0,917.0,917.0,1820.0,824.0,2957.0,1076.0
2.0,9659.0,4042.0,2696.0,0.0,5167.0,5167.0,1877.0,819.0,3680.0,362.0
2.0,5617.0,2676.0,2720.0,917.0,7022.0,7022.0,1925.0,795.0,2564.0,112.0
2.0,3858.0,1310.0,2692.0,5167.0,3053.0,3053.0,1916.0,776.0,758.0,552.0
2.0,7715.0,1350.0,2643.0,7022.0,0.0,0.0,1861.0,782.0,85.0,1265.0
2.0,13387.0,2736.0,2622.0,3053.0,0.0,0.0,1815.0,807.0,1213.0,1523.0
2.0,13704.0,4082.0,2650.0,0.0,978.0,978.0,1824.0,826.0,2991.0,1091.0
2.0,9622.0,4119.0,2704.0,0.0,5313.0,5313.0,1882.0,822.0,3723.0,396.0
2.0,5503.0,2760.0,2728.0,978.0,7191.0,7191.0,1930.0,798.0,2635.0,125.0
2.0,3721.0,1345.0,2700.0,5313.0,3111.0,3111.0,1921.0,779.0,784.0,561.0
2.0,7689.0,1333.0,2648.0,7191.0,0.0,0.0,1864.0,784.0,82.0,1251.0
2.0,13547.0,2710.0,2626.0,3111.0,0.0,0.0,1817.0,809.0,1191.0,1519.0
2.0,13948.0,4151.0,2656.0,0.0,827.0,827.0,1828.0,828.0,3042.0,1109.0
2.0,9797.0,4195.0,2710.0,0.0,5238.0,5238.0,1886.0,824.0,3768.0,427.0
2.0,5602.0,2865.0,2738.0,827.0,7388.0,7388.0,1936.0,802.0,2703.0,162.0
2.0,3564.0,1470.0,2711.0,5238.0,3512.0,3512.0,1928.0,783.0,902.0,568.0
2.0,7332.0,1388.0,2660.0,7388.0,0.0,0.0,1872.0,788.0,150.0,1238.0
2.0,13332.0,2697.0,2635.0,3512.0,0.0,0.0,1824.0,811.0,1193.0,1504.0
2.0,14147.0,4089.0,2664.0,0.0,598.0,598.0,1833.0,831.0,2979.0,1110.0
2.0,10058.0,4192.0,2718.0,0.0,5006.0,5006.0,1890.0,828.0,3753.0,439.0
2.0,5866.0,2858.0,2744.0,598.0,7370.0,7370.0,1939.0,805.0,2702.0,156.0
2.0,3606.0,1462.0,2718.0,5006.0,3722.0,3722.0,1932.0,786.0,918.0,544.0
2.0,7150.0,1396.0,2667.0,7370.0,0.0,0.0,1876.0,791.0,170.0,1226.0
2.0,13124.0,2709.0,2642.0,3722.0,0.0,0.0,1829.0,813.0,1209.0,1500.0
2.0,14137.0,4069.0,2671.0,0.0,616.0,616.0,1838.0,833.0,2961.0,1108.0
2.0,10068.0,4092.0,2724.0,0.0,4920.0,4920.0,1894.0,830.0,3648.0,444.0
2.0,5976.0,2760.0,2749.0,616.0,7164.0,7164.0,1940.0,809.0,2609.0,151.0
2.0,3832.0,1437.0,2722.0,4920.0,3573.0,3573.0,1932.0,790.0,899.0,538.0
2.0,7315.0,1469.0,2672.0,7164.0,0.0,0.0,1879.0,793.0,261.0,1208.0
2.0,13010.0,2744.0,2650.0,3573.0,0.0,0.0,1834.0,816.0,1263.0,1481.0
2.0,13839.0,3971.0,2677.0,0.0,840.0,840.0,1842.0,835.0,2893.0,1078.0
2.0,9868.0,3952.0,2729.0,0.0,5000.0,5000.0,1897.0,832.0,3545.0,407.0
2.0,5916.0,2705.0,2756.0,840.0,6973.0,6973.0,1946.0,810.0,2576.0,129.0
2.0,4051.0,1439.0,2732.0,5000.0,3316.0,3316.0,1940.0,792.0,903.0,536.0
2.0,7612.0,1465.0,2681.0,6973.0,0.0,0.0,1886.0,795.0,225.0,1240.0
2.0,13120.0,2706.0,2657.0,3316.0,0.0,0.0,1839.0,818.0,1209.0,1497.0
2.0,13730.0,3892.0,2682.0,0.0,890.0,890.0,1845.0,837.0,2832.0,1060.0
2.0,9838.0,3832.0,2731.0,0.0,4918.0,4918.0,1898.0,833.0,3460.0,372.0
2.0,6006.0,2604.0,2756.0,890.0,6732.0,6732.0,1945.0,811.0,2518.0,86.0
2.0,4292.0,1431.0,2732.0,4918.0,3149.0,3149.0,1940.0,792.0,914.0,517.0
2.0,7779.0,1528.0,2684.0,6732.0,0.0,0.0,1888.0,796.0,294.0,1234.0
2.0,12983.0,2676.0,2660.0,3149.0,0.0,0.0,1841.0,819.0,1179.0,1497.0
2.0,13456.0,3805.0,2683.0,0.0,1081.0,1081.0,1845.0,838.0,2744.0,1061.0
2.0,9651.0,3786.0,2731.0,0.0,5059.0,5059.0,1897.0,834.0,3428.0,358.0
2.0,5865.0,2624.0,2758.0,1081.0,6710.0,6710.0,1946.0,812.0,2523.0,101.0
2.0,4322.0,1527.0,2736.0,5059.0,3090.0,3090.0,1943.0,793.0,986.0,541.0
2.0,7854.0,1573.0,2691.0,6710.0,0.0,0.0,1894.0,797.0,342.0,1231.0
2.0,12991.0,2753.0,2667.0,3090.0,0.0,0.0,1848.0,819.0,1263.0,1490.0
2.0,13328.0,3827.0,2690.0,0.0,1259.0,1259.0,1852.0,838.0,2780.0,1047.0
2.0,9501.0,3746.0,2737.0,0.0,5193.0,5193.0,1903.0,834.0,3407.0,339.0
2.0,5755.0,2587.0,2762.0,1259.0,6621.0,6621.0,1951.0,811.0,2510.0,77.0
2.0,4427.0,1521.0,2740.0,5193.0,2861.0,2861.0,1948.0,792.0,984.0,537.0
2.0,8099.0,1613.0,2693.0,6621.0,0.0,0.0,1898.0,795.0,363.0,1250.0
2.0,13107.0,2750.0,2669.0,2861.0,0.0,0.0,1852.0,817.0,1249.0,1501.0
2.0,13218.0,3829.0,2691.0,0.0,1375.0,1375.0,1856.0,835.0,2778.0,1051.0
2.0,9389.0,3763.0,2738.0,0.0,5326.0,5326.0,1907.0,831.0,3409.0,354.0
2.0,5626.0,2649.0,2763.0,1375.0,6700.0,6700.0,1954.0,809.0,2530.0,119.0
2.0,4352.0,1633.0,2742.0,5326.0,2923.0,2923.0,1951.0,791.0,1047.0,586.0
2.0,8045.0,1745.0,2697.0,6700.0,0.0,0.0,1902.0,795.0,465.0,1280.0
2.0,13000.0,2855.0,2672.0,2923.0,0.0,0.0,1856.0,816.0,1348.0,1507.0
2.0,13068.0,3873.0,2694.0,0.0,1581.0,1581.0,1860.0,834.0,2820.0,1053.0
2.0,9195.0,3766.0,2740.0,0.0,5531.0,5531.0,1910.0,830.0,3406.0,360.0
2.0,5429.0,2682.0,2767.0,1581.0,6740.0,6740.0,1958.0,809.0,2545.0,137.0
2.0,4328.0,1720.0,2747.0,5531.0,2849.0,2849.0,1956.0,791.0,1130.0,590.0
2.0,8139.0,1816.0,2702.0,6740.0,0.0,0.0,1908.0,794.0,529.0,1287.0
2.0,13063.0,2872.0,2677.0,2849.0,0.0,0.0,1861.0,816.0,1333.0,1539.0
2.0,13040.0,3832.0,2696.0,0.0,1576.0,1576.0,1862.0,834.0,2748.0,1084.0
2.0,9208.0,3783.0,2740.0,0.0,5535.0,5535.0,1910.0,830.0,3408.0,375.0
2.0,5425.0,2738.0,2766.0,1576.0,6801.0,6801.0,1958.0,808.0,2613.0,125.0
2.0,4263.0,1729.0,2748.0,5535.0,2923.0,2923.0,1957.0,791.0,1155.0,574.0
2.0,8069.0,1836.0,2704.0,6801.0,0.0,0.0,1910.0,794.0,548.0,1288.0
2.0,13034.0,2876.0,2679.0,2923.0,0.0,0.0,1864.0,815.0,1330.0,1546.0
2.0,13081.0,3862.0,2699.0,0.0,1577.0,1577.0,1865.0,834.0,2761.0,1101.0
2.0,9219.0,3799.0,2744.0,0.0,5556.0,5556.0,1913.0,831.0,3409.0,390.0
2.0,5420.0,2727.0,2769.0,1577.0,6806.0,6806.0,1960.0,809.0,2609.0,118.0
2.0,4270.0,1694.0,2749.0,5556.0,2864.0,2864.0,1958.0,791.0,1132.0,562.0
2.0,8132.0,1758.0,2704.0,6806.0,0.0,0.0,1910.0,794.0,481.0,1277.0
2.0,13180.0,2828.0,2681.0,2864.0,0.0,0.0,1865.0,816.0,1280.0,1548.0
2.0,13216.0,3825.0,2701.0,0.0,1413.0,1413.0,1867.0,834.0,2716.0,1109.0
2.0,9391.0,3746.0,2745.0,0.0,5335.0,5335.0,1914.0,831.0,3351.0,395.0
2.0,5645.0,2658.0,2768.0,1413.0,6672.0,6672.0,1958.0,810.0,2543.0,115.0
2.0,4400.0,1649.0,2747.0,5335.0,2902.0,2902.0,1955.0,792.0,1101.0,548.0
2.0,8086.0,1722.0,2704.0,6672.0,0.0,0.0,1908.0,796.0,476.0,1246.0
2.0,13036.0,2814.0,2682.0,2902.0,0.0,0.0,1865.0,817.0,1284.0,1530.0
2.0,13124.0,3847.0,2704.0,0.0,1539.0,1539.0,1868.0,836.0,2735.0,1112.0
2.0,9277.0,3748.0,2749.0,0.0,5467.0,5467.0,1915.0,834.0,3331.0,417.0
2.0,5529.0,2613.0,2770.0,1539.0,6625.0,6625.0,1958.0,812.0,2482.0,131.0
2.0,4455.0,1566.0,2749.0,5467.0,2640.0,2640.0,1955.0,794.0,1027.0,539.0
2.0,8356.0,1641.0,2705.0,6625.0,0.0,0.0,1908.0,797.0,413.0,1228.0
2.0,13340.0,2754.0,2684.0,2640.0,0.0,0.0,1865.0,819.0,1240.0,1514.0
2.0,13226.0,3831.0,2708.0,0.0,1437.0,1437.0,1869.0,839.0,2715.0,1116.0
2.0,9395.0,3792.0,2753.0,0.0,5409.0,5409.0,1916.0,837.0,3376.0,416.0
2.0,5603.0,2670.0,2776.0,1437.0,6734.0,6734.0,1960.0,816.0,2556.0,114.0
2.0,4370.0,1594.0,2755.0,5409.0,2835.0,2835.0,1958.0,797.0,1067.0,527.0
2.0,8185.0,1589.0,2712.0,6734.0,0.0,0.0,1912.0,800.0,377.0,1212.0
2.0,13330.0,2685.0,2691.0,2835.0,0.0,0.0,1869.0,822.0,1181.0,1504.0
2.0,13480.0,3748.0,2712.0,0.0,1116.0,1116.0,1871.0,841.0,2644.0,1104.0
2.0,9732.0,3734.0,2755.0,0.0,5022.0,5022.0,1917.0,838.0,3336.0,398.0
2.0,5998.0,2691.0,2777.0,1116.0,6685.0,6685.0,1960.0,817.0,2593.0,98.0
2.0,4423.0,1674.0,2756.0,5022.0,3253.0,3253.0,1958.0,798.0,1141.0,533.0
2.0,7771.0,1680.0,2714.0,6685.0,0.0,0.0,1912.0,802.0,430.0,1250.0
2.0,12776.0,2706.0,2694.0,3253.0,0.0,0.0,1869.0,825.0,1163.0,1543.0
2.0,13323.0,3759.0,2717.0,0.0,1304.0,1304.0,1872.0,845.0,2642.0,1117.0
2.0,9564.0,3780.0,2761.0,0.0,5260.0,5260.0,1918.0,843.0,3371.0,409.0
2.0,5784.0,2784.0,2783.0,1304.0,6828.0,6828.0,1962.0,821.0,2663.0,121.0
2.0,4304.0,1722.0,2763.0,5260.0,3210.0,3210.0,1961.0,802.0,1189.0,533.0
2.0,7842.0,1698.0,2722.0,6828.0,0.0,0.0,1916.0,806.0,455.0,1243.0
2.0,12972.0,2735.0,2703.0,3210.0,0.0,0.0,1874.0,829.0,1202.0,1533.0
2.0,13447.0,3832.0,2725.0,0.0,1285.0,1285.0,1877.0,848.0,2721.0,1111.0
2.0,9615.0,3917.0,2769.0,0.0,5378.0,5378.0,1925.0,844.0,3518.0,399.0
2.0,5698.0,2879.0,2791.0,1285.0,7060.0,7060.0,1969.0,822.0,2740.0,139.0
2.0,4104.0,1750.0,2769.0,5378.0,3344.0,3344.0,1965.0,804.0,1184.0,566.0
2.0,7732.0,1681.0,2727.0,7060.0,0.0,0.0,1919.0,808.0,417.0,1264.0
2.0,13111.0,2735.0,2708.0,3344.0,0.0,0.0,1877.0,831.0,1205.0,1530.0
2.0,13720.0,3859.0,2730.0,0.0,1059.0,1059.0,1881.0,849.0,2764.0,1095.0
2.0,9861.0,3899.0,2772.0,0.0,5126.0,5126.0,1927.0,845.0,3508.0,391.0
2.0,5962.0,2873.0,2792.0,1059.0,7020.0,7020.0,1969.0,823.0,2743.0,130.0
2.0,4148.0,1776.0,2771.0,5126.0,3586.0,3586.0,1967.0,804.0,1214.0,562.0
2.0,7498.0,1708.0,2731.0,7020.0,0.0,0.0,1923.0,808.0,444.0,1264.0
2.0,12810.0,2740.0,2710.0,3586.0,0.0,0.0,1880.0,830.0,1196.0,1544.0
2.0,13656.0,3893.0,2733.0,0.0,1169.0,1169.0,1883.0,850.0,2762.0,1131.0
2.0,9763.0,3989.0,2776.0,0.0,5330.0,5330.0,1929.0,847.0,3552.0,437.0
2.0,5774.0,2914.0,2798.0,1169.0,7163.0,7163.0,1972.0,826.0,2748.0,166.0
2.0,4029.0,1755.0,2776.0,5330.0,3500.0,3500.0,1969.0,807.0,1186.0,569.0
2.0,7604.0,1629.0,2732.0,7163.0,0.0,0.0,1923.0,809.0,391.0,1238.0
2.0,13138.0,2693.0,2711.0,3500.0,0.0,0.0,1880.0,831.0,1190.0,1503.0
2.0,13945.0,3862.0,2733.0,0.0,849.0,849.0,1883.0,850.0,2762.0,1100.0
2.0,10083.0,3972.0,2777.0,0.0,4997.0,4997.0,1930.0,847.0,3557.0,415.0
2.0,6111.0,2949.0,2800.0,849.0,7189.0,7189.0,1975.0,825.0,2800.0,149.0
2.0,4011.0,1761.0,2779.0,4997.0,3869.0,3869.0,1973.0,806.0,1195.0,566.0
2.0,7247.0,1573.0,2736.0,7189.0,0.0,0.0,1927.0,809.0,318.0,1255.0
2.0,12863.0,2612.0,2714.0,3869.0,0.0,0.0,1883.0,831.0,1083.0,1529.0
2.0,14120.0,3815.0,2737.0,0.0,643.0,643.0,1887.0,850.0,2714.0,1101.0
2.0,10305.0,3961.0,2781.0,0.0,4780.0,4780.0,1934.0,847.0,3560.0,401.0
2.0,6344.0,2891.0,2804.0,643.0,7120.0,7120.0,1978.0,826.0,2755.0,136.0
2.0,4096.0,1664.0,2781.0,4780.0,3912.0,3912.0,1974.0,807.0,1113.0,551.0
2.0,7212.0,1522.0,2736.0,7120.0,0.0,0.0,1927.0,809.0,284.0,1238.0
2.0,12810.0,2565.0,2714.0,3912.0,0.0,0.0,1884.0,830.0,1058.0,1507.0
2.0,14157.0,3788.0,2737.0,0.0,579.0,579.0,1888.0,849.0,2695.0,1093.0
2.0,10369.0,3930.0,2782.0,0.0,4689.0,4689.0,1936.0,846.0,3527.0,403.0
2.0,6439.0,2902.0,2806.0,579.0,7108.0,7108.0,1981.0,825.0,2764.0,138.0
2.0,4116.0,1712.0,2786.0,4689.0,4051.0,4051.0,1979.0,807.0,1149.0,563.0
2.0,7093.0,1553.0,2742.0,7108.0,0.0,0.0,1933.0,809.0,310.0,1243.0
2.0,12648.0,2599.0,2719.0,4051.0,0.0,0.0,1889.0,830.0,1094.0,1505.0
2.0,14100.0,3753.0,2740.0,0.0,613.0,613.0,1891.0,849.0,2681.0,1072.0
2.0,10347.0,3904.0,2784.0,0.0,4693.0,4693.0,1938.0,846.0,3503.0,401.0
2.0,6443.0,2924.0,2810.0,613.0,7108.0,7108.0,1984.0,826.0,2765.0,159.0
2.0,4132.0,1745.0,2792.0,4693.0,4088.0,4088.0,1984.0,808.0,1160.0,585.0
2.0,7080.0,1608.0,2751.0,7108.0,0.0,0.0,1940.0,811.0,353.0,1255.0
2.0,12580.0,2638.0,2730.0,4088.0,0.0,0.0,1898.0,832.0,1141.0,1497.0
2.0,14030.0,3787.0,2751.0,0.0,761.0,761.0,1900.0,851.0,2729.0,1058.0
2.0,10243.0,3903.0,2794.0,0.0,4836.0,4836.0,1946.0,848.0,3505.0,398.0
2.0,6340.0,2845.0,2816.0,761.0,7008.0,7008.0,1989.0,827.0,2681.0,164.0
2.0,4256.0,1747.0,2798.0,4836.0,3847.0,3847.0,1989.0,809.0,1155.0,592.0
2.0,7345.0,1672.0,2758.0,7008.0,0.0,0.0,1946.0,812.0,404.0,1268.0
2.0,12681.0,2725.0,2737.0,3847.0,0.0,0.0,1904.0,833.0,1207.0,1518.0
2.0,13803.0,3846.0,2758.0,0.0,1075.0,1075.0,1906.0,852.0,2753.0,1093.0
2.0,9957.0,3957.0,2801.0,0.0,5204.0,5204.0,1951.0,850.0,3528.0,429.0
2.0,6000.0,2939.0,2825.0,1075.0,7164.0,7164.0,1995.0,830.0,2755.0,184.0
2.0,4136.0,1801.0,2807.0,5204.0,3689.0,3689.0,1995.0,812.0,1200.0,601.0
2.0,7539.0,1706.0,2766.0,7164.0,0.0,0.0,1951.0,815.0,436.0,1270.0
2.0,12997.0,2727.0,2743.0,3689.0,0.0,0.0,1907.0,836.0,1223.0,1504.0
2.0,13959.0,3843.0,2761.0,0.0,928.0,928.0,1907.0,854.0,2759.0,1084.0
2.0,10116.0,4002.0,2805.0,0.0,5106.0,5106.0,1953.0,852.0,3558.0,444.0
2.0,6114.0,3005.0,2831.0,928.0,7287.0,7287.0,1999.0,832.0,2794.0,211.0
2.0,4037.0,1848.0,2813.0,5106.0,3957.0,3957.0,1999.0,814.0,1228.0,620.0
2.0,7295.0,1696.0,2771.0,7287.0,0.0,0.0,1954.0,817.0,432.0,1264.0
2.0,12886.0,2730.0,2749.0,3957.0,0.0,0.0,1910.0,839.0,1213.0,1517.0
2.0,14113.0,3890.0,2769.0,0.0,853.0,853.0,1911.0,858.0,2795.0,1095.0
2.0,10223.0,4051.0,2812.0,0.0,5076.0,5076.0,1957.0,855.0,3602.0,449.0
2.0,6172.0,3032.0,2838.0,853.0,7359.0,7359.0,2003.0,835.0,2808.0,224.0
2.0,3993.0,1842.0,2821.0,5076.0,4057.0,4057.0,2003.0,818.0,1212.0,630.0
2.0,7227.0,1694.0,2778.0,7359.0,0.0,0.0,1958.0,820.0,430.0,1264.0
2.0,12892.0,2738.0,2755.0,4057.0,0.0,0.0,1914.0,841.0,1246.0,1492.0
2.0,14211.0,3880.0,2772.0,0.0,757.0,757.0,1914.0,858.0,2790.0,1090.0
2.0,10331.0,3985.0,2815.0,0.0,4914.0,4914.0,1959.0,856.0,3513.0,472.0
2.0,6346.0,2952.0,2842.0,757.0,7217.0,7217.0,2004.0,838.0,2697.0,255.0
2.0,4151.0,1824.0,2825.0,4914.0,4059.0,4059.0,2004.0,821.0,1192.0,632.0
2.0,7241.0,1702.0,2783.0,7217.0,0.0,0.0,1959.0,824.0,464.0,1238.0
2.0,12756.0,2688.0,2758.0,4059.0,0.0,0.0,1914.0,844.0,1219.0,1469.0
2.0,14127.0,3796.0,2775.0,0.0,769.0,769.0,1913.0,862.0,2705.0,1091.0
2.0,10331.0,3957.0,2816.0,0.0,4890.0,4890.0,1956.0,860.0,3476.0,481.0
2.0,6374.0,2965.0,2844.0,769.0,7198.0,7198.0,2003.0,841.0,2733.0,232.0
2.0,4178.0,1830.0,2829.0,4890.0,4078.0,4078.0,2006.0,823.0,1238.0,592.0
2.0,7238.0,1669.0,2787.0,7198.0,0.0,0.0,1962.0,825.0,455.0,1214.0
2.0,12767.0,2623.0,2761.0,4078.0,0.0,0.0,1916.0,845.0,1144.0,1479.0
2.0,14222.0,3723.0,2778.0,0.0,613.0,613.0,1914.0,864.0,2628.0,1095.0
2.0,10499.0,3883.0,2820.0,0.0,4664.0,4664.0,1958.0,862.0,3433.0,450.0
2.0,6616.0,2923.0,2847.0,613.0,7082.0,7082.0,2005.0,842.0,2729.0,194.0
2.0,4306.0,1811.0,2833.0,4664.0,4173.0,4173.0,2009.0,824.0,1247.0,564.0
2.0,7159.0,1661.0,2792.0,7082.0,0.0,0.0,1966.0,826.0,459.0,1202.0
2.0,12580.0,2620.0,2766.0,4173.0,0.0,0.0,1920.0,846.0,1144.0,1476.0
2.0,14133.0,3757.0,2783.0,0.0,756.0,756.0,1918.0,865.0,2638.0,1119.0
2.0,10376.0,3902.0,2825.0,0.0,4826.0,4826.0,1961.0,864.0,3417.0,485.0
2.0,6474.0,2941.0,2852.0,756.0,7119.0,7119.0,2008.0,844.0,2736.0,205.0
2.0,4289.0,1837.0,2838.0,4826.0,4074.0,4074.0,2012.0,826.0,1288.0,549.0
2.0,7278.0,1692.0,2797.0,7119.0,0.0,0.0,1970.0,827.0,535.0,1157.0
2.0,12705.0,2640.0,2773.0,4074.0,0.0,0.0,1926.0,847.0,1211.0,1429.0
2.0,14139.0,3725.0,2788.0,0.0,738.0,738.0,1923.0,865.0,2619.0,1106.0
2.0,10414.0,3867.0,2829.0,0.0,4769.0,4769.0,1966.0,863.0,3371.0,496.0
2.0,6547.0,2908.0,2855.0,738.0,7043.0,7043.0,2011.0,844.0,2681.0,227.0
2.0,4377.0,1815.0,2839.0,4769.0,4025.0,4025.0,2013.0,826.0,1254.0,561.0
2.0,7331.0,1676.0,2798.0,7043.0,0.0,0.0,1970.0,828.0,520.0,1156.0
2.0,12698.0,2630.0,2773.0,4025.0,0.0,0.0,1926.0,847.0,1209.0,1421.0
2.0,14093.0,3772.0,2791.0,0.0,843.0,843.0,1926.0,865.0,2675.0,1097.0
2.0,10321.0,3950.0,2833.0,0.0,4961.0,4961.0,1970.0,863.0,3450.0,500.0
2.0,6371.0,2978.0,2858.0,843.0,7196.0,7196.0,2015.0,843.0,2745.0,233.0
2.0,4236.0,1833.0,2842.0,4961.0,4004.0,4004.0,2017.0,825.0,1275.0,558.0
2.0,7364.0,1630.0,2799.0,7196.0,0.0,0.0,1973.0,826.0,490.0,1140.0
2.0,12930.0,2589.0,2773.0,4004.0,0.0,0.0,1928.0,845.0,1175.0,1414.0
2.0,14345.0,3833.0,2790.0,0.0,648.0,648.0,1927.0,863.0,2715.0,1118.0
2.0,10512.0,4102.0,2834.0,0.0,4926.0,4926.0,1972.0,862.0,3544.0,558.0
2.0,6410.0,3076.0,2861.0,648.0,7462.0,7462.0,2018.0,843.0,2801.0,275.0
2.0,3982.0,1831.0,2843.0,4926.0,4295.0,4295.0,2018.0,825.0,1263.0,568.0
2.0,7077.0,1594.0,2800.0,7462.0,0.0,0.0,1974.0,826.0,461.0,1133.0
2.0,12945.0,2607.0,2773.0,4295.0,0.0,0.0,1929.0,844.0,1197.0,1410.0
2.0,14633.0,3869.0,2790.0,0.0,396.0,396.0,1928.0,862.0,2729.0,1140.0
2.0,10764.0,4142.0,2834.0,0.0,4714.0,4714.0,1972.0,862.0,3556.0,586.0
2.0,6622.0,3155.0,2862.0,396.0,7585.0,7585.0,2019.0,843.0,2851.0,304.0
2.0,3863.0,1839.0,2845.0,4714.0,4642.0,4642.0,2020.0,825.0,1270.0,569.0
2.0,6738.0,1553.0,2799.0,7585.0,0.0,0.0,1974.0,825.0,433.0,1120.0
2.0,12770.0,2574.0,2772.0,4642.0,0.0,0.0,1928.0,844.0,1162.0,1412.0
2.0,14838.0,3939.0,2789.0,0.0,257.0,257.0,1927.0,862.0,2791.0,1148.0
2.0,10899.0,4285.0,2836.0,0.0,4730.0,4730.0,1975.0,861.0,3679.0,606.0
2.0,6614.0,3208.0,2865.0,257.0,7797.0,7797.0,2022.0,843.0,2897.0,311.0
2.0,3663.0,1767.0,2846.0,4730.0,4758.0,4758.0,2021.0,825.0,1194.0,573.0
2.0,6626.0,1426.0,2800.0,7797.0,0.0,0.0,1974.0,826.0,315.0,1111.0
2.0,12997.0,2551.0,2772.0,4758.0,0.0,0.0,1928.0,844.0,1146.0,1405.0
2.0,15204.0,3984.0,2791.0,0.0,0.0,0.0,1930.0,861.0,2825.0,1159.0
2.0,11220.0,4292.0,2839.0,0.0,4428.0,4428.0,1978.0,861.0,3672.0,620.0
2.0,6928.0,3176.0,2867.0,0.0,7716.0,7716.0,2024.0,843.0,2849.0,327.0
2.0,3752.0,1750.0,2849.0,4428.0,4966.0,4966.0,2023.0,826.0,1174.0,576.0
2.0,6430.0,1428.0,2803.0,7716.0,0.0,0.0,1977.0,826.0,314.0,1114.0
2.0,12718.0,2541.0,2776.0,4966.0,0.0,0.0,1932.0,844.0,1149.0,1392.0
2.0,15143.0,3990.0,2796.0,0.0,31.0,31.0,1934.0,862.0,2839.0,1151.0
2.0,11153.0,4311.0,2844.0,0.0,4534.0,4534.0,1982.0,862.0,3685.0,626.0
2.0,6842.0,3190.0,2873.0,31.0,7809.0,7809.0,2027.0,846.0,2838.0,352.0
2.0,3683.0,1728.0,2856.0,4534.0,4935.0,4935.0,2027.0,829.0,1138.0,590.0
2.0,6489.0,1375.0,2811.0,7809.0,0.0,0.0,1982.0,829.0,272.0,1103.0
2.0,12923.0,2431.0,2783.0,4935.0,0.0,0.0,1937.0,846.0,1073.0,1358.0
2.0,15427.0,3906.0,2802.0,0.0,0.0,0.0,1938.0,864.0,2805.0,1101.0
2.0,11521.0,4316.0,2850.0,0.0,4195.0,4195.0,1985.0,865.0,3694.0,622.0
2.0,7205.0,3258.0,2881.0,0.0,7577.0,7577.0,2032.0,849.0,2889.0,369.0
2.0,3947.0,1808.0,2865.0,4195.0,5126.0,5126.0,2033.0,832.0,1194.0,614.0
2.0,6334.0,1382.0,2820.0,7577.0,0.0,0.0,1988.0,832.0,289.0,1093.0
2.0,12529.0,2378.0,2790.0,5126.0,0.0,0.0,1942.0,848.0,1052.0,1326.0
2.0,15277.0,3835.0,2807.0,0.0,0.0,0.0,1942.0,865.0,2742.0,1093.0
2.0,11442.0,4281.0,2854.0,0.0,4255.0,4255.0,1988.0,866.0,3662.0,619.0
2.0,7161.0,3242.0,2884.0,0.0,7617.0,7617.0,2033.0,851.0,2874.0,368.0
2.0,3919.0,1758.0,2867.0,4255.0,5052.0,5052.0,2032.0,835.0,1157.0,601.0
2.0,6416.0,1368.0,2822.0,7617.0,0.0,0.0,1987.0,835.0,278.0,1090.0
2.0,12665.0,2446.0,2794.0,5052.0,0.0,0.0,1943.0,851.0,1110.0,1336.0
2.0,15271.0,3890.0,2814.0,0.0,0.0,0.0,1946.0,868.0,2801.0,1089.0
2.0,11381.0,4257.0,2860.0,0.0,4316.0,4316.0,1992.0,868.0,3664.0,593.0
2.0,7124.0,3225.0,2890.0,0.0,7661.0,7661.0,2037.0,853.0,2868.0,357.0
2.0,3899.0,1813.0,2875.0,4316.0,5098.0,5098.0,2037.0,838.0,1183.0,630.0
2.0,6402.0,1436.0,2829.0,7661.0,0.0,0.0,1991.0,838.0,309.0,1127.0
2.0,12627.0,2480.0,2801.0,5098.0,0.0,0.0,1947.0,854.0,1139.0,1341.0
2.0,15245.0,3902.0,2818.0,0.0,0.0,0.0,1948.0,870.0,2832.0,1070.0
2.0,11343.0,4282.0,2866.0,0.0,4403.0,4403.0,1995.0,871.0,3700.0,582.0
2.0,7061.0,3250.0,2897.0,0.0,7777.0,7777.0,2041.0,856.0,2880.0,370.0
2.0,3811.0,1842.0,2882.0,4403.0,5156.0,5156.0,2041.0,841.0,1199.0,643.0
2.0,6372.0,1466.0,2837.0,7777.0,0.0,0.0,1996.0,841.0,341.0,1125.0
2.0,12683.0,2441.0,2805.0,5156.0,0.0,0.0,1949.0,856.0,1108.0,1333.0
2.0,15398.0,3887.0,2821.0,0.0,0.0,0.0,1949.0,872.0,2805.0,1082.0
2.0,11511.0,4320.0,2869.0,0.0,4285.0,4285.0,1996.0,873.0,3716.0,604.0
2.0,7191.0,3333.0,2902.0,0.0,7750.0,7750.0,2044.0,858.0,2935.0,398.0
2.0,3858.0,1905.0,2888.0,4285.0,5314.0,5314.0,2044.0,844.0,1230.0,675.0
2.0,6238.0,1464.0,2842.0,7750.0,0.0,0.0,1998.0,844.0,333.0,1131.0
2.0,12524.0,2411.0,2809.0,5314.0,0.0,0.0,1951.0,858.0,1097.0,1314.0
2.0,15427.0,3823.0,2822.0,0.0,0.0,0.0,1949.0,873.0,2769.0,1054.0
2.0,11604.0,4317.0,2869.0,0.0,4189.0,4189.0,1996.0,873.0,3711.0,606.0
2.0,7287.0,3384.0,2905.0,0.0,7717.0,7717.0,2045.0,860.0,2965.0,419.0
2.0,3903.0,1994.0,2894.0,4189.0,5478.0,5478.0,2048.0,846.0,1308.0,686.0
2.0,6098.0,1494.0,2847.0,7717.0,0.0,0.0,2001.0,846.0,354.0,1140.0
2.0,12321.0,2415.0,2811.0,5478.0,0.0,0.0,1951.0,860.0,1082.0,1333.0
2.0,15384.0,3828.0,2823.0,0.0,0.0,0.0,1949.0,874.0,2778.0,1050.0
2.0,11556.0,4297.0,2871.0,0.0,4225.0,4225.0,1997.0,874.0,3718.0,579.0
2.0,7259.0,3367.0,2908.0,0.0,7740.0,7740.0,2048.0,860.0,2960.0,407.0
2.0,3892.0,2028.0,2898.0,4225.0,5503.0,5503.0,2051.0,847.0,1315.0,713.0
2.0,6089.0,1544.0,2852.0,7740.0,0.0,0.0,2004.0,848.0,361.0,1183.0
2.0,12285.0,2428.0,2816.0,5503.0,0.0,0.0,1955.0,861.0,1107.0,1321.0
2.0,15360.0,3827.0,2828.0,0.0,0.0,0.0,1954.0,874.0,2805.0,1022.0
2.0,11533.0,4311.0,2877.0,0.0,4286.0,4286.0,2003.0,874.0,3748.0,563.0
2.0,7222.0,3391.0,2916.0,0.0,7833.0,7833.0,2055.0,861.0,2983.0,408.0
2.0,3831.0,1937.0,2904.0,4286.0,5436.0,5436.0,2057.0,847.0,1251.0,686.0
2.0,6180.0,1441.0,2855.0,7833.0,0.0,0.0,2008.0,847.0,309.0,1132.0
2.0,12572.0,2368.0,2818.0,5436.0,0.0,0.0,1958.0,860.0,1075.0,1293.0
2.0,15640.0,3801.0,2829.0,0.0,0.0,0.0,1957.0,872.0,2785.0,1016.0
2.0,11839.0,4341.0,2879.0,0.0,4018.0,4018.0,2007.0,872.0,3752.0,589.0
2.0,7498.0,3476.0,2920.0,0.0,7658.0,7658.0,2060.0,860.0,3036.0,440.0
2.0,4022.0,2050.0,2912.0,4018.0,5658.0,5658.0,2065.0,847.0,1343.0,707.0
2.0,5990.0,1465.0,2865.0,7658.0,0.0,0.0,2018.0,847.0,353.0,1112.0
2.0,12183.0,2284.0,2826.0,5658.0,0.0,0.0,1967.0,859.0,1027.0,1257.0
2.0,15557.0,3667.0,2834.0,0.0,0.0,0.0,1963.0,871.0,2677.0,990.0
2.0,11890.0,4257.0,2882.0,0.0,3895.0,3895.0,2011.0,871.0,3681.0,576.0
2.0,7633.0,3437.0,2921.0,0.0,7488.0,7488.0,2063.0,858.0,2996.0,441.0
2.0,4196.0,2042.0,2914.0,3895.0,5607.0,5607.0,2068.0,846.0,1328.0,714.0
2.0,6049.0,1482.0,2869.0,7488.0,0.0,0.0,2022.0,847.0,356.0,1126.0
2.0,12055.0,2277.0,2830.0,5607.0,0.0,0.0,1971.0,859.0,1017.0,1260.0
2.0,15385.0,3685.0,2839.0,0.0,0.0,0.0,1968.0,871.0,2694.0,991.0
2.0,11700.0,4288.0,2888.0,0.0,4140.0,4140.0,2017.0,871.0,3703.0,585.0
2.0,7412.0,3471.0,2928.0,0.0,7771.0,7771.0,2070.0,858.0,3030.0,441.0
2.0,3941.0,2043.0,2920.0,4140.0,5642.0,5642.0,2074.0,846.0,1333.0,710.0
2.0,6038.0,1447.0,2873.0,7771.0,0.0,0.0,2026.0,847.0,310.0,1137.0
2.0,12362.0,2295.0,2836.0,5642.0,0.0,0.0,1975.0,861.0,998.0,1297.0
2.0,15709.0,3730.0,2846.0,0.0,0.0,0.0,1972.0,874.0,2699.0,1031.0
2.0,11979.0,4304.0,2893.0,0.0,3897.0,3897.0,2020.0,873.0,3709.0,595.0
2.0,7675.0,3455.0,2932.0,0.0,7508.0,7508.0,2072.0,860.0,3025.0,430.0
2.0,4220.0,2036.0,2923.0,3897.0,5611.0,5611.0,2076.0,847.0,1338.0,698.0
2.0,6081.0,1440.0,2876.0,7508.0,0.0,0.0,2028.0,848.0,328.0,1112.0
2.0,12149.0,2292.0,2838.0,5611.0,0.0,0.0,1976.0,862.0,1011.0,1281.0
2.0,15468.0,3741.0,2847.0,0.0,0.0,0.0,1973.0,874.0,2712.0,1029.0
2.0,11727.0,4358.0,2896.0,0.0,4215.0,4215.0,2022.0,874.0,3737.0,621.0
2.0,7369.0,3528.0,2935.0,0.0,7899.0,7899.0,2074.0,861.0,3051.0,477.0
2.0,3841.0,2066.0,2928.0,4215.0,5722.0,5722.0,2078.0,850.0,1333.0,733.0
2.0,5990.0,1447.0,2882.0,7899.0,0.0,0.0,2031.0,851.0,318.0,1129.0
2.0,12442.0,2303.0,2843.0,5722.0,0.0,0.0,1979.0,864.0,1031.0,1272.0
2.0,15861.0,3763.0,2850.0,0.0,0.0,0.0,1975.0,875.0,2751.0,1012.0
2.0,12098.0,4364.0,2898.0,0.0,3858.0,3858.0,2024.0,874.0,3744.0,620.0
2.0,7734.0,3500.0,2937.0,0.0,7514.0,7514.0,2075.0,862.0,3004.0,496.0
2.0,4234.0,2074.0,2931.0,3858.0,5706.0,5706.0,2079.0,852.0,1316.0,758.0
2.0,6018.0,1466.0,2885.0,7514.0,0.0,0.0,2032.0,853.0,314.0,1152.0
2.0,12066.0,2354.0,2847.0,5706.0,0.0,0.0,1981.0,866.0,1078.0,1276.0
2.0,15418.0,3836.0,2857.0,0.0,0.0,0.0,1979.0,878.0,2815.0,1021.0
2.0,11582.0,4402.0,2903.0,0.0,4432.0,4432.0,2026.0,877.0,3754.0,648.0
2.0,7180.0,3525.0,2942.0,0.0,8113.0,8113.0,2077.0,865.0,3006.0,519.0
2.0,3655.0,2043.0,2935.0,4432.0,5696.0,5696.0,2081.0,854.0,1285.0,758.0
2.0,6044.0,1471.0,2889.0,8113.0,0.0,0.0,2033.0,856.0,331.0,1140.0
2.0,12686.0,2398.0,2852.0,5696.0,0.0,0.0,1983.0,869.0,1113.0,1285.0
2.0,15984.0,3903.0,2864.0,0.0,0.0,0.0,1982.0,882.0,2864.0,1039.0
2.0,12081.0,4468.0,2910.0,0.0,4027.0,4027.0,2030.0,880.0,3824.0,644.0
2.0,7613.0,3527.0,2948.0,0.0,7706.0,7706.0,2081.0,867.0,3022.0,505.0
2.0,4086.0,2003.0,2940.0,4027.0,5650.0,5650.0,2084.0,856.0,1247.0,756.0
2.0,6110.0,1432.0,2894.0,7706.0,0.0,0.0,2035.0,859.0,291.0,1141.0
2.0,12384.0,2343.0,2856.0,5650.0,0.0,0.0,1984.0,872.0,1069.0,1274.0
2.0,15691.0,3856.0,2865.0,0.0,0.0,0.0,1981.0,884.0,2828.0,1028.0
2.0,11835.0,4460.0,2914.0,0.0,4281.0,4281.0,2030.0,884.0,3811.0,649.0
2.0,7375.0,3554.0,2955.0,0.0,7999.0,7999.0,2083.0,872.0,3038.0,516.0
2.0,3821.0,2071.0,2949.0,4281.0,5765.0,5765.0,2087.0,862.0,1301.0,770.0
2.0,6031.0,1478.0,2904.0,7999.0,0.0,0.0,2040.0,864.0,333.0,1145.0
2.0,12552.0,2365.0,2866.0,5765.0,0.0,0.0,1989.0,877.0,1115.0,1250.0
2.0,15952.0,3849.0,2873.0,0.0,0.0,0.0,1986.0,887.0,2875.0,974.0
2.0,12103.0,4419.0,2918.0,0.0,3988.0,3988.0,2033.0,885.0,3813.0,606.0
2.0,7684.0,3486.0,2957.0,0.0,7630.0,7630.0,2084.0,873.0,2993.0,493.0
2.0,4198.0,1977.0,2952.0,3988.0,5599.0,5599.0,2088.0,864.0,1217.0,760.0
2.0,6209.0,1421.0,2909.0,7630.0,0.0,0.0,2042.0,867.0,275.0,1146.0
2.0,12418.0,2360.0,2872.0,5599.0,0.0,0.0,1992.0,880.0,1110.0,1250.0
2.0,15657.0,3855.0,2880.0,0.0,0.0,0.0,1990.0,890.0,2888.0,967.0
2.0,11802.0,4391.0,2925.0,0.0,4289.0,4289.0,2038.0,887.0,3808.0,583.0
2.0,7411.0,3420.0,2963.0,0.0,7861.0,7861.0,2088.0,875.0,2941.0,479.0
2.0,3991.0,1908.0,2955.0,4289.0,5448.0,5448.0,2090.0,865.0,1157.0,751.0
2.0,6372.0,1387.0,2911.0,7861.0,0.0,0.0,2043.0,868.0,249.0,1138.0
2.0,12846.0,2368.0,2874.0,5448.0,0.0,0.0,1994.0,880.0,1130.0,1238.0
2.0,15926.0,3885.0,2882.0,0.0,0.0,0.0,1992.0,890.0,2929.0,956.0
2.0,12041.0,4407.0,2928.0,0.0,4078.0,4078.0,2040.0,888.0,3816.0,591.0
2.0,7634.0,3415.0,2966.0,0.0,7645.0,7645.0,2090.0,876.0,2920.0,495.0
2.0,4219.0,1869.0,2957.0,4078.0,5400.0,5400.0,2092.0,865.0,1110.0,759.0
2.0,6428.0,1355.0,2911.0,7645.0,0.0,0.0,2044.0,867.0,230.0,1125.0
2.0,12718.0,2353.0,2874.0,5400.0,0.0,0.0,1995.0,879.0,1125.0,1228.0
2.0,15765.0,3855.0,2882.0,0.0,0.0,0.0,1992.0,890.0,2894.0,961.0
2.0,11910.0,4353.0,2926.0,0.0,4147.0,4147.0,2039.0,887.0,3777.0,576.0
2.0,7557.0,3428.0,2964.0,0.0,7727.0,7727.0,2089.0,875.0,2939.0,489.0
2.0,4129.0,1975.0,2959.0,4147.0,5535.0,5535.0,2093.0,866.0,1194.0,781.0
2.0,6301.0,1431.0,2914.0,7727.0,0.0,0.0,2046.0,868.0,277.0,1154.0
2.0,12597.0,2350.0,2875.0,5535.0,0.0,0.0,1995.0,880.0,1111.0,1239.0
2.0,15782.0,3795.0,2881.0,0.0,0.0,0.0,1992.0,889.0,2851.0,944.0
2.0,11987.0,4364.0,2925.0,0.0,4077.0,4077.0,2039.0,886.0,3775.0,589.0
2.0,7623.0,3481.0,2963.0,0.0,7710.0,7710.0,2089.0,874.0,2962.0,519.0
2.0,4142.0,2045.0,2959.0,4077.0,5662.0,5662.0,2093.0,866.0,1220.0,825.0
2.0,6174.0,1497.0,2915.0,7710.0,0.0,0.0,2046.0,869.0,328.0,1169.0
2.0,12387.0,2351.0,2876.0,5662.0,0.0,0.0,1996.0,880.0,1142.0,1209.0
2.0,15698.0,3817.0,2882.0,0.0,0.0,0.0,1994.0,888.0,2891.0,926.0
2.0,11881.0,4453.0,2929.0,0.0,4288.0,4288.0,2043.0,886.0,3843.0,610.0
2.0,7428.0,3588.0,2969.0,0.0,8036.0,8036.0,2095.0,874.0,3019.0,569.0
2.0,3840.0,2070.0,2964.0,4288.0,5798.0,5798.0,2098.0,866.0,1232.0,838.0
2.0,6058.0,1458.0,2918.0,8036.0,0.0,0.0,2049.0,869.0,297.0,1161.0
2.0,12636.0,2342.0,2878.0,5798.0,0.0,0.0,1999.0,879.0,1130.0,1212.0
2.0,16092.0,3847.0,2885.0,0.0,0.0,0.0,1997.0,888.0,2902.0,945.0
2.0,12245.0,4497.0,2932.0,0.0,3980.0,3980.0,2047.0,885.0,3876.0,621.0
2.0,7748.0,3619.0,2973.0,0.0,7763.0,7763.0,2099.0,874.0,3044.0,575.0
2.0,4129.0,2109.0,2968.0,3980.0,5872.0,5872.0,2102.0,866.0,1254.0,855.0
2.0,6000.0,1497.0,2921.0,7763.0,0.0,0.0,2053.0,868.0,325.0,1172.0
2.0,12266.0,2391.0,2881.0,5872.0,0.0,0.0,2002.0,879.0,1171.0,1220.0
2.0,15747.0,3866.0,2888.0,0.0,0.0,0.0,2000.0,888.0,2911.0,955.0
2.0,11881.0,4520.0,2937.0,0.0,4387.0,4387.0,2051.0,886.0,3897.0,623.0
2.0,7361.0,3680.0,2979.0,0.0,8235.0,8235.0,2105.0,874.0,3120.0,560.0
2.0,3681.0,2175.0,2976.0,4387.0,6011.0,6011.0,2110.0,866.0,1331.0,844.0
2.0,5893.0,1493.0,2931.0,8235.0,0.0,0.0,2062.0,869.0,304.0,1189.0
2.0,12635.0,2336.0,2890.0,6011.0,0.0,0.0,2009.0,881.0,1089.0,1247.0
2.0,16310.0,3886.0,2896.0,0.0,0.0,0.0,2007.0,889.0,2929.0,957.0
2.0,12424.0,4575.0,2944.0,0.0,3927.0,3927.0,2058.0,886.0,3956.0,619.0
2.0,7849.0,3672.0,2987.0,0.0,7771.0,7771.0,2112.0,875.0,3113.0,559.0
2.0,4177.0,2084.0,2981.0,3927.0,5904.0,5904.0,2114.0,867.0,1247.0,837.0
2.0,6020.0,1410.0,2934.0,7771.0,0.0,0.0,2063.0,871.0,224.0,1186.0
2.0,12381.0,2266.0,2893.0,5904.0,0.0,0.0,2009.0,884.0,1015.0,1251.0
2.0,16019.0,3819.0,2900.0,0.0,0.0,0.0,2007.0,893.0,2859.0,960.0
2.0,12200.0,4532.0,2949.0,0.0,4128.0,4128.0,2059.0,890.0,3923.0,609.0
2.0,7668.0,3693.0,2992.0,0.0,7993.0,7993.0,2114.0,878.0,3145.0,548.0
2.0,3975.0,2105.0,2987.0,4128.0,5950.0,5950.0,2117.0,870.0,1282.0,823.0
2.0,5998.0,1355.0,2939.0,7993.0,0.0,0.0,2065.0,874.0,190.0,1165.0
2.0,12636.0,2198.0,2897.0,5950.0,0.0,0.0,2011.0,886.0,978.0,1220.0
2.0,16388.0,3779.0,2904.0,0.0,0.0,0.0,2009.0,895.0,2837.0,942.0
2.0,12609.0,4492.0,2954.0,0.0,3699.0,3699.0,2062.0,892.0,3902.0,590.0
2.0,8117.0,3663.0,2997.0,0.0,7534.0,7534.0,2117.0,880.0,3131.0,532.0
2.0,4454.0,2101.0,2992.0,3699.0,5916.0,5916.0,2120.0,872.0,1280.0,821.0
2.0,6052.0,1335.0,2943.0,7534.0,0.0,0.0,2067.0,876.0,167.0,1168.0
2.0,12251.0,2141.0,2899.0,5916.0,0.0,0.0,2011.0,888.0,920.0,1221.0
2.0,16026.0,3738.0,2906.0,0.0,0.0,0.0,2009.0,897.0,2801.0,937.0
2.0,12288.0,4527.0,2957.0,0.0,4067.0,4067.0,2063.0,894.0,3921.0,606.0
2.0,7761.0,3712.0,3003.0,0.0,7963.0,7963.0,2120.0,883.0,3167.0,545.0
2.0,4049.0,2111.0,2998.0,4067.0,5987.0,5987.0,2123.0,875.0,1278.0,833.0
2.0,6005.0,1319.0,2948.0,7963.0,0.0,0.0,2069.0,879.0,136.0,1183.0
2.0,12649.0,2132.0,2906.0,5987.0,0.0,0.0,2014.0,892.0,897.0,1235.0
2.0,16504.0,3697.0,2912.0,0.0,0.0,0.0,2011.0,901.0,2763.0,934.0
2.0,12807.0,4480.0,2960.0,0.0,3513.0,3513.0,2063.0,897.0,3893.0,587.0
2.0,8327.0,3737.0,3003.0,0.0,7422.0,7422.0,2118.0,885.0,3182.0,555.0
2.0,4590.0,2205.0,3001.0,3513.0,6106.0,6106.0,2123.0,878.0,1346.0,859.0
2.0,5898.0,1418.0,2956.0,7422.0,0.0,0.0,2073.0,883.0,226.0,1192.0
2.0,11902.0,2181.0,2913.0,6106.0,0.0,0.0,2018.0,895.0,963.0,1218.0
2.0,15827.0,3740.0,2919.0,0.0,0.0,0.0,2016.0,903.0,2815.0,925.0
2.0,12087.0,4547.0,2966.0,0.0,4324.0,4324.0,2068.0,898.0,3946.0,601.0
2.0,7540.0,3756.0,3010.0,0.0,8256.0,8256.0,2123.0,887.0,3192.0,564.0
2.0,3784.0,2150.0,3006.0,4324.0,6066.0,6066.0,2126.0,880.0,1303.0,847.0
2.0,5958.0,1363.0,2959.0,8256.0,0.0,0.0,2074.0,885.0,174.0,1189.0
2.0,12851.0,2205.0,2916.0,6066.0,0.0,0.0,2019.0,897.0,969.0,1236.0
2.0,16712.0,3815.0,2920.0,0.0,0.0,0.0,2016.0,904.0,2869.0,946.0
2.0,12897.0,4642.0,2970.0,0.0,3625.0,3625.0,2070.0,900.0,4030.0,612.0
2.0,8255.0,3835.0,3015.0,0.0,7640.0,7640.0,2127.0,888.0,3265.0,570.0
2.0,4420.0,2203.0,3013.0,3625.0,6210.0,6210.0,2131.0,882.0,1335.0,868.0
2.0,5842.0,1398.0,2966.0,7640.0,0.0,0.0,2079.0,887.0,200.0,1198.0
2.0,12084.0,2229.0,2921.0,6210.0,0.0,0.0,2023.0,898.0,1000.0,1229.0
2.0,16065.0,3825.0,2925.0,0.0,0.0,0.0,2020.0,905.0,2893.0,932.0
2.0,12240.0,4623.0,2974.0,0.0,4279.0,4279.0,2074.0,900.0,4017.0,606.0
2.0,7617.0,3859.0,3019.0,0.0,8318.0,8318.0,2130.0,889.0,3282.0,577.0
2.0,3758.0,2252.0,3017.0,4279.0,6283.0,6283.0,2135.0,882.0,1393.0,859.0
2.0,5785.0,1419.0,2970.0,8318.0,0.0,0.0,2084.0,886.0,247.0,1172.0
2.0,12684.0,2192.0,2925.0,6283.0,0.0,0.0,2028.0,897.0,996.0,1196.0
2.0,16775.0,3787.0,2927.0,0.0,0.0,0.0,2023.0,904.0,2876.0,911.0
2.0,12988.0,4645.0,2975.0,0.0,3557.0,3557.0,2075.0,900.0,4034.0,611.0
2.0,8343.0,3879.0,3020.0,0.0,7616.0,7616.0,2132.0,888.0,3288.0,591.0
2.0,4464.0,2253.0,3019.0,3557.0,6308.0,6308.0,2138.0,881.0,1379.0,874.0
2.0,5768.0,1384.0,2971.0,7616.0,0.0,0.0,2086.0,885.0,204.0,1180.0
2.0,12000.0,2132.0,2924.0,6308.0,0.0,0.0,2028.0,896.0,939.0,1193.0
2.0,16176.0,3705.0,2925.0,0.0,0.0,0.0,2022.0,903.0,2803.0,902.0
2.0,12471.0,4548.0,2972.0,0.0,3965.0,3965.0,2074.0,898.0,3952.0,596.0
2.0,7923.0,3815.0,3018.0,0.0,7964.0,7964.0,2131.0,887.0,3232.0,583.0
2.0,4108.0,2247.0,3018.0,3965.0,6246.0,6246.0,2139.0,879.0,1384.0,863.0
2.0,5826.0,1414.0,2971.0,7964.0,0.0,0.0,2088.0,883.0,237.0,1177.0
2.0,12376.0,2158.0,2926.0,6246.0,0.0,0.0,2031.0,895.0,961.0,1197.0
2.0,16464.0,3698.0,2926.0,0.0,0.0,0.0,2025.0,901.0,2809.0,889.0
2.0,12766.0,4518.0,2972.0,0.0,3640.0,3640.0,2076.0,896.0,3938.0,580.0
2.0,8248.0,3783.0,3019.0,0.0,7611.0,7611.0,2134.0,885.0,3199.0,584.0
2.0,4465.0,2249.0,3020.0,3640.0,6224.0,6224.0,2141.0,879.0,1366.0,883.0
2.0,5856.0,1429.0,2975.0,7611.0,0.0,0.0,2091.0,884.0,236.0,1193.0
2.0,12038.0,2152.0,2929.0,6224.0,0.0,0.0,2034.0,895.0,948.0,1204.0
2.0,16110.0,3657.0,2929.0,0.0,0.0,0.0,2027.0,902.0,2771.0,886.0
2.0,12453.0,4434.0,2974.0,0.0,3877.0,3877.0,2077.0,897.0,3884.0,550.0
2.0,8019.0,3743.0,3021.0,0.0,7808.0,7808.0,2136.0,885.0,3195.0,548.0
2.0,4276.0,2299.0,3024.0,3877.0,6242.0,6242.0,2145.0,879.0,1414.0,885.0
2.0,5854.0,1476.0,2980.0,7808.0,0.0,0.0,2096.0,884.0,253.0,1223.0
2.0,12186.0,2119.0,2934.0,6242.0,0.0,0.0,2038.0,896.0,891.0,1228.0
2.0,16309.0,3593.0,2931.0,0.0,0.0,0.0,2028.0,903.0,2674.0,919.0
2.0,12716.0,4441.0,2977.0,0.0,3633.0,3633.0,2078.0,899.0,3856.0,585.0
2.0,8275.0,3787.0,3024.0,0.0,7608.0,7608.0,2137.0,887.0,3225.0,562.0
2.0,4488.0,2329.0,3028.0,3633.0,6320.0,6320.0,2148.0,880.0,1455.0,874.0
2.0,5792.0,1477.0,2985.0,7608.0,17.0,17.0,2100.0,885.0,281.0,1196.0
2.0,11923.0,2165.0,2941.0,6320.0,0.0,0.0,2044.0,897.0,940.0,1225.0
2.0,16078.0,3657.0,2939.0,17.0,0.0,0.0,2035.0,904.0,2742.0,915.0
2.0,12438.0,4456.0,2983.0,0.0,3950.0,3950.0,2084.0,899.0,3875.0,581.0
2.0,7982.0,3793.0,3028.0,0.0,7923.0,7923.0,2141.0,887.0,3219.0,574.0
2.0,4189.0,2284.0,3030.0,3950.0,6265.0,6265.0,2150.0,880.0,1395.0,889.0
2.0,5855.0,1471.0,2986.0,7923.0,0.0,0.0,2100.0,886.0,241.0,1230.0
2.0,12307.0,2199.0,2941.0,6265.0,0.0,0.0,2042.0,899.0,936.0,1263.0
2.0,16373.0,3769.0,2941.0,0.0,0.0,0.0,2035.0,906.0,2815.0,954.0
2.0,12604.0,4595.0,2989.0,0.0,3947.0,3947.0,2087.0,902.0,3990.0,605.0
2.0,8009.0,3877.0,3037.0,0.0,8016.0,8016.0,2147.0,890.0,3309.0,568.0
2.0,4132.0,2331.0,3039.0,3947.0,6408.0,6408.0,2156.0,883.0,1449.0,882.0
2.0,5748.0,1476.0,2994.0,8016.0,0.0,0.0,2106.0,888.0,252.0,1224.0
2.0,12288.0,2172.0,2947.0,6408.0,0.0,0.0,2046.0,901.0,905.0,1267.0
2.0,16524.0,3748.0,2945.0,0.0,0.0,0.0,2036.0,909.0,2782.0,966.0
2.0,12776.0,4611.0,2992.0,0.0,3803.0,3803.0,2088.0,904.0,3989.0,622.0
2.0,8165.0,3964.0,3041.0,0.0,7963.0,7963.0,2149.0,892.0,3388.0,576.0
2.0,4201.0,2429.0,3044.0,3803.0,6601.0,6601.0,2159.0,885.0,1548.0,881.0
2.0,5575.0,1556.0,3001.0,7963.0,22.0,22.0,2110.0,891.0,339.0,1217.0
2.0,11982.0,2225.0,2955.0,6601.0,0.0,0.0,2052.0,903.0,963.0,1262.0
2.0,16358.0,3776.0,2953.0,22.0,0.0,0.0,2042.0,911.0,2803.0,973.0
2.0,12604.0,4669.0,3000.0,0.0,4065.0,4065.0,2093.0,907.0,4031.0,638.0
2.0,7935.0,3996.0,3049.0,0.0,8257.0,8257.0,2154.0,895.0,3411.0,585.0
2.0,3939.0,2409.0,3054.0,4065.0,6621.0,6621.0,2165.0,889.0,1552.0,857.0
2.0,5595.0,1498.0,3009.0,8257.0,0.0,0.0,2115.0,894.0,310.0,1188.0
2.0,12354.0,2144.0,2961.0,6621.0,0.0,0.0,2055.0,906.0,900.0,1244.0
2.0,16831.0,3721.0,2958.0,0.0,0.0,0.0,2044.0,914.0,2737.0,984.0
2.0,13110.0,4671.0,3005.0,0.0,3581.0,3581.0,2095.0,910.0,3998.0,673.0
2.0,8439.0,4039.0,3056.0,0.0,7824.0,7824.0,2157.0,899.0,3425.0,614.0
2.0,4400.0,2384.0,3061.0,3581.0,6647.0,6647.0,2168.0,893.0,1528.0,856.0
2.0,5597.0,1392.0,3017.0,7824.0,39.0,39.0,2119.0,898.0,239.0,1153.0
2.0,12029.0,2058.0,2968.0,6647.0,0.0,0.0,2059.0,909.0,853.0,1205.0
2.0,16618.0,3698.0,2967.0,39.0,0.0,0.0,2050.0,917.0,2736.0,962.0
2.0,12959.0,4650.0,3012.0,0.0,3739.0,3739.0,2099.0,913.0,3979.0,671.0
2.0,8309.0,3987.0,3062.0,0.0,7926.0,7926.0,2160.0,902.0,3383.0,604.0
2.0,4322.0,2307.0,3065.0,3739.0,6506.0,6506.0,2170.0,895.0,1481.0,826.0
2.0,5754.0,1378.0,3020.0,7926.0,0.0,0.0,2121.0,899.0,255.0,1123.0
2.0,12302.0,2030.0,2972.0,6506.0,0.0,0.0,2061.0,911.0,843.0,1187.0
2.0,16778.0,3625.0,2969.0,0.0,0.0,0.0,2051.0,918.0,2671.0,954.0
2.0,13153.0,4598.0,3015.0,0.0,3505.0,3505.0,2101.0,914.0,3932.0,666.0
2.0,8555.0,3950.0,3062.0,0.0,7643.0,7643.0,2160.0,902.0,3354.0,596.0
2.0,4605.0,2332.0,3066.0,3505.0,6486.0,6486.0,2171.0,895.0,1504.0,828.0
2.0,5778.0,1367.0,3022.0,7643.0,34.0,34.0,2122.0,900.0,235.0,1132.0
2.0,12054.0,2026.0,2976.0,6486.0,0.0,0.0,2064.0,912.0,842.0,1184.0
2.0,16514.0,3607.0,2974.0,34.0,0.0,0.0,2054.0,920.0,2668.0,939.0
2.0,12941.0,4538.0,3016.0,0.0,3661.0,3661.0,2101.0,915.0,3893.0,645.0
2.0,8403.0,3910.0,3063.0,0.0,7759.0,7759.0,2160.0,903.0,3321.0,589.0
2.0,4493.0,2369.0,3068.0,3661.0,6487.0,6487.0,2173.0,895.0,1540.0,829.0
2.0,5785.0,1410.0,3026.0,7759.0,0.0,0.0,2127.0,899.0,295.0,1115.0
2.0,12134.0,2008.0,2979.0,6487.0,0.0,0.0,2069.0,910.0,832.0,1176.0
2.0,16613.0,3567.0,2975.0,0.0,0.0,0.0,2057.0,918.0,2611.0,956.0
2.0,13046.0,4529.0,3017.0,0.0,3551.0,3551.0,2103.0,914.0,3856.0,673.0
2.0,8517.0,3953.0,3065.0,0.0,7696.0,7696.0,2162.0,903.0,3316.0,637.0
2.0,4564.0,2397.0,3069.0,3551.0,6558.0,6558.0,2173.0,896.0,1540.0,857.0
2.0,5718.0,1429.0,3026.0,7696.0,119.0,119.0,2126.0,900.0,309.0,1120.0
2.0,11985.0,2060.0,2980.0,6558.0,0.0,0.0,2069.0,911.0,897.0,1163.0
2.0,16483.0,3665.0,2978.0,119.0,0.0,0.0,2060.0,918.0,2717.0,948.0
2.0,12937.0,4624.0,3023.0,0.0,3779.0,3779.0,2109.0,914.0,3942.0,682.0
2.0,8313.0,3961.0,3071.0,0.0,7932.0,7932.0,2168.0,903.0,3332.0,629.0
2.0,4352.0,2403.0,3075.0,3779.0,6572.0,6572.0,2180.0,895.0,1538.0,865.0
2.0,5728.0,1463.0,3031.0,7932.0,0.0,0.0,2132.0,899.0,331.0,1132.0
2.0,12197.0,2143.0,2983.0,6572.0,0.0,0.0,2073.0,910.0,951.0,1192.0
2.0,16626.0,3750.0,2980.0,0.0,0.0,0.0,2063.0,917.0,2790.0,960.0
2.0,12876.0,4660.0,3026.0,0.0,3888.0,3888.0,2112.0,914.0,3979.0,681.0
2.0,8216.0,3985.0,3074.0,0.0,8065.0,8065.0,2172.0,902.0,3356.0,629.0
2.0,4231.0,2444.0,3080.0,3888.0,6645.0,6645.0,2185.0,895.0,1571.0,873.0
2.0,5675.0,1593.0,3037.0,8065.0,1.0,1.0,2139.0,898.0,423.0,1170.0
2.0,12147.0,2258.0,2992.0,6645.0,0.0,0.0,2082.0,910.0,1027.0,1231.0
2.0,16534.0,3767.0,2988.0,1.0,0.0,0.0,2070.0,918.0,2768.0,999.0
2.0,12768.0,4612.0,3031.0,0.0,3968.0,3968.0,2116.0,915.0,3911.0,701.0
2.0,8156.0,3934.0,3077.0,0.0,8086.0,8086.0,2173.0,904.0,3307.0,627.0
2.0,4222.0,2452.0,3081.0,3968.0,6586.0,6586.0,2185.0,896.0,1599.0,853.0
2.0,5738.0,1613.0,3039.0,8086.0,0.0,0.0,2140.0,899.0,460.0,1153.0
2.0,12211.0,2261.0,2992.0,6586.0,0.0,0.0,2082.0,910.0,1032.0,1229.0
2.0,16536.0,3778.0,2989.0,0.0,0.0,0.0,2070.0,919.0,2763.0,1015.0
2.0,12758.0,4607.0,3031.0,0.0,3973.0,3973.0,2115.0,916.0,3886.0,721.0
2.0,8151.0,3960.0,3078.0,0.0,8121.0,8121.0,2172.0,906.0,3304.0,656.0
2.0,4191.0,2474.0,3085.0,3973.0,6650.0,6650.0,2186.0,899.0,1587.0,887.0
2.0,5690.0,1619.0,3044.0,8121.0,0.0,0.0,2142.0,902.0,460.0,1159.0
2.0,12192.0,2246.0,2998.0,6650.0,0.0,0.0,2085.0,913.0,1036.0,1210.0
2.0,16596.0,3723.0,2992.0,0.0,0.0,0.0,2072.0,920.0,2742.0,981.0
2.0,12873.0,4588.0,3034.0,0.0,3851.0,3851.0,2117.0,917.0,3882.0,706.0
2.0,8285.0,3943.0,3083.0,0.0,7990.0,7990.0,2176.0,907.0,3302.0,641.0
2.0,4342.0,2404.0,3089.0,3851.0,6567.0,6567.0,2189.0,900.0,1553.0,851.0
2.0,5789.0,1526.0,3048.0,7990.0,0.0,0.0,2144.0,904.0,388.0,1138.0
2.0,12253.0,2169.0,3000.0,6567.0,0.0,0.0,2086.0,914.0,971.0,1198.0
2.0,16651.0,3690.0,2994.0,0.0,0.0,0.0,2073.0,921.0,2715.0,975.0
2.0,12961.0,4542.0,3038.0,0.0,3733.0,3733.0,2119.0,919.0,3840.0,702.0
2.0,8419.0,3892.0,3086.0,0.0,7817.0,7817.0,2176.0,910.0,3230.0,662.0
2.0,4527.0,2400.0,3093.0,3733.0,6512.0,6512.0,2189.0,904.0,1509.0,891.0
2.0,5860.0,1582.0,3054.0,7817.0,121.0,121.0,2146.0,908.0,422.0,1160.0
2.0,12095.0,2227.0,3008.0,6512.0,0.0,0.0,2090.0,918.0,1022.0,1205.0
2.0,16380.0,3628.0,3002.0,121.0,0.0,0.0,2077.0,925.0,2678.0,950.0
2.0,12873.0,4420.0,3042.0,0.0,3715.0,3715.0,2120.0,922.0,3769.0,651.0
2.0,8453.0,3848.0,3090.0,0.0,7755.0,7755.0,2178.0,912.0,3222.0,626.0
2.0,4605.0,2397.0,3097.0,3715.0,6465.0,6465.0,2191.0,906.0,1518.0,879.0
2.0,5923.0,1555.0,3058.0,7755.0,109.0,109.0,2147.0,911.0,381.0,1174.0
2.0,12123.0,2123.0,3011.0,6465.0,0.0,0.0,2090.0,921.0,930.0,1193.0
2.0,16465.0,3573.0,3005.0,109.0,0.0,0.0,2077.0,928.0,2651.0,922.0
2.0,13001.0,4474.0,3045.0,0.0,3653.0,3653.0,2121.0,924.0,3831.0,643.0
2.0,8527.0,3938.0,3094.0,0.0,7787.0,7787.0,2179.0,915.0,3300.0,638.0
2.0,4589.0,2511.0,3103.0,3653.0,6681.0,6681.0,2193.0,910.0,1588.0,923.0
2.0,5731.0,1568.0,3064.0,7787.0,306.0,306.0,2150.0,914.0,387.0,1181.0
2.0,11950.0,2135.0,3019.0,6681.0,0.0,0.0,2095.0,924.0,958.0,1177.0
2.0,16496.0,3618.0,3012.0,306.0,0.0,0.0,2083.0,929.0,2699.0,919.0
2.0,13184.0,4543.0,3053.0,0.0,3571.0,3571.0,2128.0,925.0,3892.0,651.0
2.0,8641.0,3998.0,3103.0,0.0,7769.0,7769.0,2187.0,916.0,3361.0,637.0
2.0,4643.0,2521.0,3112.0,3571.0,6755.0,6755.0,2201.0,911.0,1620.0,901.0
2.0,5693.0,1583.0,3072.0,7769.0,409.0,409.0,2156.0,916.0,385.0,1198.0
2.0,11879.0,2158.0,3024.0,6755.0,0.0,0.0,2098.0,926.0,944.0,1214.0
2.0,16476.0,3683.0,3019.0,409.0,0.0,0.0,2087.0,932.0,2735.0,948.0
2.0,13202.0,4642.0,3062.0,0.0,3688.0,3688.0,2134.0,928.0,3980.0,662.0
2.0,8560.0,4065.0,3112.0,0.0,7953.0,7953.0,2193.0,919.0,3421.0,644.0
2.0,4495.0,2499.0,3118.0,3688.0,6788.0,6788.0,2205.0,913.0,1598.0,901.0
2.0,5684.0,1535.0,3077.0,7953.0,206.0,206.0,2159.0,918.0,356.0,1179.0
2.0,12102.0,2156.0,3029.0,6788.0,0.0,0.0,2101.0,928.0,959.0,1197.0
2.0,16734.0,3734.0,3023.0,206.0,0.0,0.0,2090.0,933.0,2797.0,937.0
2.0,13206.0,4705.0,3067.0,0.0,3767.0,3767.0,2137.0,930.0,4033.0,672.0
2.0,8501.0,4074.0,3115.0,0.0,8033.0,8033.0,2195.0,920.0,3414.0,660.0
2.0,4427.0,2537.0,3120.0,3767.0,6823.0,6823.0,2206.0,914.0,1619.0,918.0
2.0,5657.0,1612.0,3078.0,8033.0,234.0,234.0,2161.0,917.0,425.0,1187.0
2.0,12078.0,2180.0,3032.0,6823.0,0.0,0.0,2105.0,927.0,991.0,1189.0
2.0,16721.0,3705.0,3028.0,234.0,0.0,0.0,2095.0,933.0,2774.0,931.0
2.0,13250.0,4656.0,3070.0,0.0,3686.0,3686.0,2141.0,929.0,3993.0,663.0
2.0,8594.0,4101.0,3118.0,0.0,7979.0,7979.0,2198.0,920.0,3438.0,663.0
2.0,4493.0,2560.0,3123.0,3686.0,6873.0,6873.0,2209.0,914.0,1629.0,931.0
2.0,5619.0,1594.0,3081.0,7979.0,320.0,320.0,2164.0,917.0,390.0,1204.0
2.0,12004.0,2159.0,3035.0,6873.0,0.0,0.0,2108.0,927.0,964.0,1195.0
2.0,16718.0,3659.0,3029.0,320.0,0.0,0.0,2097.0,932.0,2745.0,914.0
2.0,13379.0,4594.0,3069.0,0.0,3491.0,3491.0,2142.0,927.0,3956.0,638.0
2.0,8785.0,4026.0,3116.0,0.0,7705.0,7705.0,2199.0,917.0,3380.0,646.0
2.0,4759.0,2510.0,3120.0,3491.0,6740.0,6740.0,2209.0,911.0,1587.0,923.0
2.0,5740.0,1577.0,3080.0,7705.0,452.0,452.0,2164.0,916.0,371.0,1206.0
2.0,11868.0,2185.0,3033.0,6740.0,0.0,0.0,2107.0,926.0,958.0,1227.0
2.0,16423.0,3686.0,3028.0,452.0,0.0,0.0,2096.0,932.0,2733.0,953.0
2.0,13189.0,4535.0,3069.0,0.0,3622.0,3622.0,2141.0,928.0,3891.0,644.0
2.0,8654.0,3959.0,3116.0,0.0,7769.0,7769.0,2198.0,918.0,3343.0,616.0
2.0,4695.0,2499.0,3122.0,3622.0,6670.0,6670.0,2210.0,912.0,1604.0,895.0
2.0,5818.0,1556.0,3081.0,7769.0,293.0,293.0,2165.0,916.0,358.0,1198.0
2.0,12031.0,2109.0,3034.0,6670.0,0.0,0.0,2108.0,926.0,898.0,1211.0
2.0,16592.0,3574.0,3028.0,293.0,0.0,0.0,2097.0,931.0,2660.0,914.0
2.0,13311.0,4526.0,3069.0,0.0,3491.0,3491.0,2143.0,926.0,3897.0,629.0
2.0,8785.0,3985.0,3116.0,0.0,7664.0,7664.0,2200.0,916.0,3356.0,629.0
2.0,4800.0,2488.0,3120.0,3491.0,6677.0,6677.0,2210.0,910.0,1568.0,920.0
2.0,5803.0,1533.0,3080.0,7664.0,386.0,386.0,2165.0,915.0,333.0,1200.0
2.0,11934.0,2085.0,3035.0,6677.0,0.0,0.0,2110.0,925.0,895.0,1190.0
2.0,16526.0,3605.0,3030.0,386.0,0.0,0.0,2100.0,930.0,2703.0,902.0
2.0,13307.0,4531.0,3071.0,0.0,3508.0,3508.0,2146.0,925.0,3920.0,611.0
2.0,8776.0,3966.0,3118.0,0.0,7662.0,7662.0,2203.0,915.0,3347.0,619.0
2.0,4810.0,2486.0,3124.0,3508.0,6664.0,6664.0,2215.0,909.0,1565.0,921.0
2.0,5832.0,1609.0,3087.0,7662.0,463.0,463.0,2172.0,915.0,384.0,1225.0
2.0,11885.0,2180.0,3043.0,6664.0,0.0,0.0,2117.0,926.0,964.0,1216.0
2.0,16369.0,3611.0,3037.0,463.0,0.0,0.0,2105.0,932.0,2701.0,910.0
2.0,13221.0,4524.0,3075.0,0.0,3603.0,3603.0,2149.0,926.0,3894.0,630.0
2.0,8697.0,4016.0,3122.0,0.0,7807.0,7807.0,2207.0,915.0,3377.0,639.0
2.0,4681.0,2540.0,3131.0,3603.0,6780.0,6780.0,2220.0,911.0,1612.0,928.0
2.0,5744.0,1634.0,3092.0,7807.0,451.0,451.0,2176.0,916.0,426.0,1208.0
2.0,11917.0,2169.0,3047.0,6780.0,0.0,0.0,2120.0,927.0,974.0,1195.0
2.0,16528.0,3609.0,3039.0,451.0,0.0,0.0,2107.0,932.0,2700.0,909.0
2.0,13370.0,4529.0,3078.0,0.0,3471.0,3471.0,2151.0,927.0,3904.0,625.0
2.0,8841.0,4023.0,3124.0,0.0,7678.0,7678.0,2208.0,916.0,3371.0,652.0
2.0,4818.0,2625.0,3133.0,3471.0,6868.0,6868.0,2222.0,911.0,1653.0,972.0
2.0,5664.0,1721.0,3095.0,7678.0,759.0,759.0,2178.0,917.0,463.0,1258.0
2.0,11621.0,2242.0,3049.0,6868.0,0.0,0.0,2121.0,928.0,1015.0,1227.0
2.0,16247.0,3722.0,3043.0,759.0,0.0,0.0,2109.0,934.0,2800.0,922.0
2.0,13284.0,4646.0,3084.0,0.0,3698.0,3698.0,2155.0,929.0,3992.0,654.0
2.0,8638.0,4094.0,3133.0,0.0,7988.0,7988.0,2214.0,919.0,3409.0,685.0
2.0,4544.0,2591.0,3142.0,3698.0,6917.0,6917.0,2227.0,915.0,1616.0,975.0
2.0,5651.0,1693.0,3103.0,7988.0,466.0,466.0,2182.0,921.0,454.0,1239.0
2.0,11946.0,2273.0,3056.0,6917.0,0.0,0.0,2124.0,932.0,1041.0,1232.0
2.0,16590.0,3749.0,3050.0,466.0,0.0,0.0,2113.0,937.0,2812.0,937.0
2.0,13307.0,4653.0,3091.0,0.0,3710.0,3710.0,2159.0,932.0,4010.0,643.0
2.0,8654.0,4090.0,3138.0,0.0,7988.0,7988.0,2216.0,922.0,3405.0,685.0
2.0,4564.0,2594.0,3146.0,3710.0,6904.0,6904.0,2227.0,919.0,1584.0,1010.0
2.0,5680.0,1678.0,3107.0,7988.0,438.0,438.0,2182.0,925.0,410.0,1268.0
2.0,11990.0,2270.0,3061.0,6904.0,0.0,0.0,2125.0,936.0,1061.0,1209.0
2.0,16624.0,3755.0,3054.0,438.0,0.0,0.0,2114.0,940.0,2857.0,898.0
2.0,13307.0,4662.0,3094.0,0.0,3731.0,3731.0,2160.0,934.0,4024.0,638.0
2.0,8645.0,4091.0,3143.0,0.0,8018.0,8018.0,2218.0,925.0,3389.0,702.0
2.0,4554.0,2594.0,3151.0,3731.0,6913.0,6913.0,2230.0,921.0,1596.0,998.0
2.0,5691.0,1654.0,3113.0,8018.0,397.0,397.0,2185.0,928.0,400.0,1254.0
2.0,12055.0,2191.0,3067.0,6913.0,0.0,0.0,2128.0,939.0,983.0,1208.0
2.0,16777.0,3689.0,3060.0,397.0,0.0,0.0,2116.0,944.0,2783.0,906.0
2.0,13485.0,4652.0,3101.0,0.0,3571.0,3571.0,2163.0,938.0,3999.0,653.0
2.0,8833.0,4099.0,3150.0,0.0,7866.0,7866.0,2221.0,929.0,3395.0,704.0
2.0,4734.0,2558.0,3157.0,3571.0,6881.0,6881.0,2232.0,925.0,1547.0,1011.0
2.0,5747.0,1613.0,3116.0,7866.0,464.0,464.0,2186.0,930.0,352.0,1261.0
2.0,12000.0,2186.0,3072.0,6881.0,0.0,0.0,2131.0,941.0,986.0,1200.0
2.0,16695.0,3658.0,3066.0,464.0,0.0,0.0,2120.0,946.0,2787.0,871.0
2.0,13501.0,4599.0,3107.0,0.0,3526.0,3526.0,2166.0,941.0,3987.0,612.0
2.0,8902.0,4058.0,3154.0,0.0,7772.0,7772.0,2224.0,930.0,3394.0,664.0
2.0,4844.0,2545.0,3163.0,3526.0,6827.0,6827.0,2237.0,926.0,1574.0,971.0
2.0,5825.0,1582.0,3125.0,7772.0,485.0,485.0,2193.0,932.0,344.0,1238.0
2.0,12015.0,2116.0,3078.0,6827.0,0.0,0.0,2135.0,943.0,916.0,1200.0
2.0,16726.0,3599.0,3071.0,485.0,0.0,0.0,2123.0,948.0,2706.0,893.0
2.0,13612.0,4554.0,3110.0,0.0,3382.0,3382.0,2168.0,942.0,3938.0,616.0
2.0,9058.0,4042.0,3158.0,0.0,7616.0,7616.0,2227.0,931.0,3401.0,641.0
2.0,5016.0,2571.0,3168.0,3382.0,6845.0,6845.0,2241.0,927.0,1629.0,942.0
2.0,5827.0,1605.0,3130.0,7616.0,682.0,682.0,2197.0,933.0,386.0,1219.0
2.0,11838.0,2134.0,3084.0,6845.0,0.0,0.0,2140.0,944.0,940.0,1194.0
2.0,16549.0,3641.0,3077.0,682.0,0.0,0.0,2128.0,949.0,2756.0,885.0
2.0,13590.0,4566.0,3118.0,0.0,3448.0,3448.0,2175.0,943.0,3974.0,592.0
2.0,9024.0,4025.0,3164.0,0.0,7657.0,7657.0,2233.0,931.0,3404.0,621.0
2.0,4999.0,2562.0,3171.0,3448.0,6799.0,6799.0,2245.0,926.0,1594.0,968.0
2.0,5885.0,1611.0,3132.0,7657.0,597.0,597.0,2199.0,933.0,348.0,1263.0
2.0,11931.0,2155.0,3087.0,6799.0,0.0,0.0,2143.0,944.0,941.0,1214.0
2.0,16575.0,3653.0,3080.0,597.0,0.0,0.0,2131.0,949.0,2790.0,863.0
2.0,13519.0,4594.0,3120.0,0.0,3555.0,3555.0,2178.0,942.0,4022.0,572.0
2.0,8925.0,4037.0,3166.0,0.0,7776.0,7776.0,2235.0,931.0,3416.0,621.0
2.0,4888.0,2597.0,3174.0,3555.0,6850.0,6850.0,2248.0,926.0,1623.0,974.0
2.0,5846.0,1702.0,3138.0,7776.0,632.0,632.0,2204.0,934.0,416.0,1286.0
2.0,11920.0,2221.0,3093.0,6850.0,0.0,0.0,2148.0,945.0,1011.0,1210.0
2.0,16549.0,3683.0,3086.0,632.0,0.0,0.0,2137.0,949.0,2810.0,873.0
2.0,13498.0,4604.0,3125.0,0.0,3606.0,3606.0,2183.0,942.0,4025.0,579.0
2.0,8894.0,4076.0,3170.0,0.0,7862.0,7862.0,2240.0,930.0,3436.0,640.0
2.0,4818.0,2636.0,3177.0,3606.0,6920.0,6920.0,2252.0,925.0,1642.0,994.0
2.0,5788.0,1740.0,3139.0,7862.0,646.0,646.0,2207.0,932.0,441.0,1299.0
2.0,11910.0,2292.0,3094.0,6920.0,0.0,0.0,2150.0,944.0,1035.0,1257.0
2.0,16538.0,3693.0,3086.0,646.0,0.0,0.0,2138.0,948.0,2799.0,894.0
2.0,13491.0,4581.0,3125.0,0.0,3590.0,3590.0,2184.0,941.0,3991.0,590.0
2.0,8910.0,4063.0,3170.0,0.0,7833.0,7833.0,2241.0,929.0,3440.0,623.0
2.0,4847.0,2663.0,3177.0,3590.0,6934.0,6934.0,2253.0,924.0,1669.0,994.0
2.0,5774.0,1779.0,3139.0,7833.0,728.0,728.0,2208.0,931.0,464.0,1315.0
2.0,11828.0,2274.0,3094.0,6934.0,0.0,0.0,2150.0,944.0,993.0,1281.0
2.0,16488.0,3717.0,3086.0,728.0,0.0,0.0,2138.0,948.0,2786.0,931.0
2.0,13499.0,4646.0,3127.0,0.0,3655.0,3655.0,2186.0,941.0,4042.0,604.0
2.0,8853.0,4114.0,3173.0,0.0,7953.0,7953.0,2244.0,929.0,3470.0,644.0
2.0,4739.0,2664.0,3181.0,3655.0,6994.0,6994.0,2256.0,925.0,1668.0,996.0
2.0,5730.0,1761.0,3143.0,7953.0,650.0,650.0,2210.0,933.0,449.0,1312.0
2.0,11922.0,2254.0,3096.0,6994.0,0.0,0.0,2151.0,945.0,980.0,1274.0
2.0,16662.0,3714.0,3089.0,650.0,0.0,0.0,2140.0,949.0,2790.0,924.0
2.0,13598.0,4629.0,3128.0,0.0,3543.0,3543.0,2186.0,942.0,3999.0,630.0
2.0,8969.0,4113.0,3176.0,0.0,7848.0,7848.0,2245.0,931.0,3450.0,663.0
2.0,4856.0,2635.0,3183.0,3543.0,6968.0,6968.0,2257.0,926.0,1650.0,985.0
2.0,5764.0,1723.0,3146.0,7848.0,695.0,695.0,2212.0,934.0,428.0,1295.0
2.0,11889.0,2261.0,3100.0,6968.0,0.0,0.0,2154.0,946.0,989.0,1272.0
2.0,16596.0,3695.0,3092.0,695.0,0.0,0.0,2142.0,950.0,2761.0,934.0
2.0,13596.0,4613.0,3131.0,0.0,3541.0,3541.0,2189.0,942.0,4005.0,608.0
2.0,8983.0,4076.0,3179.0,0.0,7809.0,7809.0,2249.0,930.0,3462.0,614.0
2.0,4907.0,2612.0,3188.0,3541.0,6916.0,6916.0,2262.0,926.0,1641.0,971.0
2.0,5836.0,1705.0,3150.0,7809.0,660.0,660.0,2216.0,934.0,403.0,1302.0
2.0,11940.0,2228.0,3104.0,6916.0,0.0,0.0,2157.0,947.0,945.0,1283.0
2.0,16628.0,3681.0,3097.0,660.0,0.0,0.0,2145.0,952.0,2735.0,946.0
2.0,13607.0,4621.0,3137.0,0.0,3562.0,3562.0,2192.0,945.0,4010.0,611.0
2.0,8986.0,4088.0,3185.0,0.0,7842.0,7842.0,2252.0,933.0,3465.0,623.0
2.0,4898.0,2660.0,3196.0,3562.0,6984.0,6984.0,2267.0,929.0,1696.0,964.0
2.0,5800.0,1718.0,3160.0,7842.0,716.0,716.0,2223.0,937.0,424.0,1294.0
2.0,11924.0,2201.0,3114.0,6984.0,0.0,0.0,2165.0,949.0,930.0,1271.0
2.0,16707.0,3621.0,3106.0,716.0,0.0,0.0,2152.0,954.0,2708.0,913.0
2.0,13802.0,4574.0,3145.0,0.0,3352.0,3352.0,2197.0,948.0,3980.0,594.0
2.0,9228.0,4085.0,3192.0,0.0,7625.0,7625.0,2256.0,936.0,3464.0,621.0
2.0,5143.0,2651.0,3202.0,3352.0,6964.0,6964.0,2270.0,932.0,1672.0,979.0
2.0,5844.0,1721.0,3165.0,7625.0,912.0,912.0,2225.0,940.0,419.0,1302.0
2.0,11748.0,2200.0,3120.0,6964.0,0.0,0.0,2167.0,953.0,942.0,1258.0
2.0,16512.0,3638.0,3112.0,912.0,0.0,0.0,2154.0,958.0,2736.0,902.0
2.0,13786.0,4584.0,3151.0,0.0,3402.0,3402.0,2200.0,951.0,3996.0,588.0
2.0,9202.0,4110.0,3199.0,0.0,7704.0,7704.0,2260.0,939.0,3487.0,623.0
2.0,5092.0,2668.0,3209.0,3402.0,7010.0,7010.0,2275.0,934.0,1697.0,971.0
2.0,5826.0,1676.0,3171.0,7704.0,830.0,830.0,2229.0,942.0,394.0,1282.0
2.0,11854.0,2161.0,3124.0,7010.0,0.0,0.0,2169.0,955.0,915.0,1246.0
2.0,16703.0,3626.0,3117.0,830.0,0.0,0.0,2156.0,961.0,2714.0,912.0
2.0,13907.0,4596.0,3155.0,0.0,3309.0,3309.0,2201.0,954.0,3991.0,605.0
2.0,9311.0,4144.0,3201.0,0.0,7637.0,7637.0,2260.0,941.0,3493.0,651.0
2.0,5167.0,2754.0,3212.0,3309.0,7126.0,7126.0,2274.0,938.0,1739.0,1015.0
2.0,5722.0,1793.0,3176.0,7637.0,1138.0,1138.0,2230.0,946.0,477.0,1316.0
2.0,11566.0,2200.0,3130.0,7126.0,0.0,0.0,2171.0,959.0,963.0,1237.0
2.0,16492.0,3594.0,3120.0,1138.0,0.0,0.0,2157.0,963.0,2715.0,879.0
2.0,14036.0,4597.0,3158.0,0.0,3193.0,3193.0,2202.0,956.0,4004.0,593.0
2.0,9439.0,4230.0,3206.0,0.0,7615.0,7615.0,2262.0,944.0,3559.0,671.0
2.0,5209.0,2827.0,3216.0,3193.0,7289.0,7289.0,2277.0,939.0,1800.0,1027.0
2.0,5575.0,1836.0,3180.0,7615.0,1366.0,1366.0,2233.0,947.0,512.0,1324.0
2.0,11354.0,2229.0,3135.0,7289.0,0.0,0.0,2175.0,960.0,970.0,1259.0
2.0,16414.0,3598.0,3126.0,1366.0,0.0,0.0,2161.0,965.0,2706.0,892.0
2.0,14182.0,4586.0,3163.0,0.0,3056.0,3056.0,2205.0,958.0,3991.0,595.0
2.0,9596.0,4216.0,3210.0,0.0,7460.0,7460.0,2264.0,946.0,3529.0,687.0
2.0,5380.0,2847.0,3221.0,3056.0,7295.0,7295.0,2280.0,941.0,1788.0,1059.0
2.0,5589.0,1847.0,3185.0,7460.0,1538.0,1538.0,2236.0,949.0,513.0,1334.0
2.0,11202.0,2182.0,3137.0,7295.0,0.0,0.0,2176.0,961.0,943.0,1239.0
2.0,16315.0,3574.0,3127.0,1538.0,0.0,0.0,2161.0,966.0,2699.0,875.0
2.0,14279.0,4601.0,3164.0,0.0,2978.0,2978.0,2206.0,958.0,3992.0,609.0
2.0,9678.0,4251.0,3212.0,0.0,7421.0,7421.0,2266.0,946.0,3567.0,684.0
2.0,5427.0,2871.0,3224.0,2978.0,7362.0,7362.0,2282.0,942.0,1832.0,1039.0
2.0,5534.0,1828.0,3188.0,7421.0,1625.0,1625.0,2239.0,949.0,506.0,1322.0
2.0,11127.0,2137.0,3140.0,7362.0,0.0,0.0,2179.0,961.0,899.0,1238.0
2.0,16352.0,3512.0,3128.0,1625.0,0.0,0.0,2163.0,965.0,2631.0,881.0
2.0,14465.0,4598.0,3166.0,0.0,2797.0,2797.0,2208.0,958.0,3983.0,615.0
2.0,9867.0,4281.0,3216.0,0.0,7278.0,7278.0,2269.0,947.0,3590.0,691.0
2.0,5586.0,2863.0,3227.0,2797.0,7388.0,7388.0,2285.0,942.0,1831.0,1032.0
2.0,5520.0,1776.0,3190.0,7278.0,1738.0,1738.0,2241.0,949.0,480.0,1296.0
2.0,11022.0,2134.0,3143.0,7388.0,0.0,0.0,2182.0,961.0,911.0,1223.0
2.0,16276.0,3560.0,3132.0,1738.0,0.0,0.0,2166.0,966.0,2670.0,890.0
2.0,14454.0,4659.0,3172.0,0.0,2893.0,2893.0,2212.0,960.0,4028.0,631.0
2.0,9795.0,4286.0,3222.0,0.0,7379.0,7379.0,2274.0,948.0,3602.0,684.0
2.0,5509.0,2778.0,3232.0,2893.0,7304.0,7304.0,2290.0,942.0,1779.0,999.0
2.0,5624.0,1699.0,3194.0,7379.0,1472.0,1472.0,2246.0,948.0,432.0,1267.0
2.0,11304.0,2114.0,3146.0,7304.0,0.0,0.0,2186.0,960.0,892.0,1222.0
2.0,16494.0,3624.0,3137.0,1472.0,0.0,0.0,2171.0,966.0,2715.0,909.0
2.0,14342.0,4675.0,3176.0,0.0,3037.0,3037.0,2217.0,959.0,4051.0,624.0
2.0,9667.0,4266.0,3225.0,0.0,7499.0,7499.0,2278.0,947.0,3615.0,651.0
2.0,5401.0,2806.0,3236.0,3037.0,7312.0,7312.0,2295.0,941.0,1826.0,980.0
2.0,5632.0,1669.0,3199.0,7499.0,1334.0,1334.0,2251.0,948.0,404.0,1265.0
2.0,11462.0,2042.0,3150.0,7312.0,0.0,0.0,2190.0,960.0,815.0,1227.0
2.0,16732.0,3560.0,3140.0,1334.0,0.0,0.0,2174.0,966.0,2643.0,917.0
2.0,14506.0,4672.0,3179.0,0.0,2882.0,2882.0,2220.0,959.0,4043.0,629.0
2.0,9834.0,4250.0,3227.0,0.0,7324.0,7324.0,2281.0,946.0,3597.0,653.0
2.0,5584.0,2736.0,3238.0,2882.0,7222.0,7222.0,2297.0,941.0,1773.0,963.0
2.0,5730.0,1637.0,3199.0,7324.0,1379.0,1379.0,2252.0,947.0,399.0,1238.0
2.0,11417.0,2092.0,3152.0,7222.0,0.0,0.0,2192.0,960.0,855.0,1237.0
2.0,16547.0,3620.0,3142.0,1379.0,0.0,0.0,2176.0,966.0,2684.0,936.0
2.0,14306.0,4694.0,3181.0,0.0,3112.0,3112.0,2221.0,960.0,4039.0,655.0
2.0,9612.0,4233.0,3230.0,0.0,7541.0,7541.0,2282.0,948.0,3551.0,682.0
2.0,5379.0,2758.0,3241.0,3112.0,7231.0,7231.0,2298.0,943.0,1780.0,978.0
2.0,5733.0,1691.0,3205.0,7541.0,1237.0,1237.0,2255.0,950.0,433.0,1258.0
2.0,11583.0,2142.0,3157.0,7231.0,0.0,0.0,2195.0,962.0,898.0,1244.0
2.0,16672.0,3675.0,3148.0,1237.0,0.0,0.0,2180.0,968.0,2726.0,949.0
2.0,14234.0,4736.0,3186.0,0.0,3246.0,3246.0,2225.0,961.0,4062.0,674.0
2.0,9498.0,4262.0,3234.0,0.0,7700.0,7700.0,2285.0,949.0,3579.0,683.0
2.0,5236.0,2736.0,3244.0,3246.0,7230.0,7230.0,2300.0,944.0,1749.0,987.0
2.0,5746.0,1724.0,3208.0,7700.0,1110.0,1110.0,2256.0,952.0,444.0,1280.0
2.0,11722.0,2184.0,3162.0,7230.0,0.0,0.0,2197.0,965.0,928.0,1256.0
2.0,16768.0,3677.0,3151.0,1110.0,0.0,0.0,2181.0,970.0,2729.0,948.0
2.0,14201.0,4721.0,3188.0,0.0,3272.0,3272.0,2225.0,963.0,4066.0,655.0
2.0,9480.0,4312.0,3235.0,0.0,7772.0,7772.0,2284.0,951.0,3624.0,688.0
2.0,5168.0,2867.0,3247.0,3272.0,7415.0,7415.0,2301.0,946.0,1839.0,1028.0
2.0,5573.0,1779.0,3213.0,7772.0,1286.0,1286.0,2258.0,955.0,449.0,1330.0
2.0,11566.0,2177.0,3166.0,7415.0,0.0,0.0,2198.0,968.0,878.0,1299.0
2.0,16804.0,3670.0,3155.0,1286.0,0.0,0.0,2182.0,973.0,2715.0,955.0
2.0,14420.0,4776.0,3192.0,0.0,3124.0,3124.0,2227.0,965.0,4123.0,653.0
2.0,9644.0,4345.0,3241.0,0.0,7665.0,7665.0,2288.0,953.0,3662.0,683.0
2.0,5299.0,2852.0,3254.0,3124.0,7445.0,7445.0,2305.0,949.0,1828.0,1024.0
2.0,5571.0,1745.0,3218.0,7665.0,1381.0,1381.0,2261.0,957.0,422.0,1323.0
2.0,11491.0,2138.0,3171.0,7445.0,0.0,0.0,2201.0,970.0,854.0,1284.0
2.0,16798.0,3622.0,3158.0,1381.0,0.0,0.0,2183.0,975.0,2673.0,949.0
2.0,14557.0,4737.0,3195.0,0.0,2960.0,2960.0,2227.0,968.0,4080.0,657.0
2.0,9820.0,4338.0,3243.0,0.0,7490.0,7490.0,2287.0,956.0,3630.0,708.0
2.0,5482.0,2836.0,3256.0,2960.0,7418.0,7418.0,2304.0,952.0,1799.0,1037.0
2.0,5606.0,1819.0,3224.0,7490.0,1619.0,1619.0,2263.0,961.0,494.0,1325.0
2.0,11277.0,2242.0,3179.0,7418.0,0.0,0.0,2205.0,974.0,967.0,1275.0
2.0,16453.0,3703.0,3167.0,1619.0,0.0,0.0,2189.0,978.0,2772.0,931.0
2.0,14369.0,4692.0,3203.0,0.0,3135.0,3135.0,2232.0,971.0,4059.0,633.0
2.0,9677.0,4227.0,3249.0,0.0,7546.0,7546.0,2291.0,958.0,3561.0,666.0
2.0,5450.0,2781.0,3262.0,3135.0,7244.0,7244.0,2308.0,954.0,1783.0,998.0
2.0,5804.0,1796.0,3228.0,7546.0,1358.0,1358.0,2266.0,962.0,503.0,1293.0
2.0,11554.0,2276.0,3182.0,7244.0,0.0,0.0,2208.0,974.0,999.0,1277.0
2.0,16522.0,3730.0,3172.0,1358.0,0.0,0.0,2192.0,980.0,2773.0,957.0
2.0,14150.0,4668.0,3209.0,0.0,3354.0,3354.0,2236.0,973.0,4036.0,632.0
2.0,9482.0,4167.0,3256.0,0.0,7709.0,7709.0,2295.0,961.0,3516.0,651.0
2.0,5315.0,2719.0,3267.0,3354.0,7118.0,7118.0,2311.0,956.0,1747.0,972.0
2.0,5950.0,1756.0,3231.0,7709.0,1021.0,1021.0,2268.0,963.0,479.0,1277.0
2.0,11903.0,2227.0,3184.0,7118.0,0.0,0.0,2209.0,975.0,957.0,1270.0
2.0,16794.0,3692.0,3173.0,1021.0,0.0,0.0,2192.0,981.0,2746.0,946.0
2.0,14123.0,4691.0,3210.0,0.0,3408.0,3408.0,2235.0,975.0,4050.0,641.0
2.0,9432.0,4223.0,3259.0,0.0,7827.0,7827.0,2296.0,963.0,3562.0,661.0
2.0,5209.0,2751.0,3272.0,3408.0,7222.0,7222.0,2314.0,958.0,1785.0,966.0
2.0,5866.0,1769.0,3237.0,7827.0,1024.0,1024.0,2273.0,964.0,509.0,1260.0
2.0,11924.0,2221.0,3190.0,7222.0,0.0,0.0,2214.0,976.0,971.0,1250.0
2.0,16925.0,3651.0,3179.0,1024.0,0.0,0.0,2197.0,982.0,2702.0,949.0
2.0,14298.0,4628.0,3215.0,0.0,3190.0,3190.0,2239.0,976.0,3981.0,647.0
2.0,9670.0,4165.0,3264.0,0.0,7551.0,7551.0,2299.0,965.0,3504.0,661.0
2.0,5505.0,2771.0,3277.0,3190.0,7184.0,7184.0,2317.0,960.0,1799.0,972.0
2.0,5924.0,1805.0,3242.0,7551.0,1298.0,1298.0,2276.0,966.0,543.0,1262.0
2.0,11670.0,2237.0,3195.0,7184.0,0.0,0.0,2217.0,978.0,982.0,1255.0
2.0,16617.0,3613.0,3183.0,1298.0,0.0,0.0,2200.0,983.0,2669.0,944.0
2.0,14302.0,4563.0,3217.0,0.0,3129.0,3129.0,2241.0,976.0,3916.0,647.0
2.0,9739.0,4152.0,3266.0,0.0,7477.0,7477.0,2301.0,965.0,3505.0,647.0
2.0,5587.0,2773.0,3277.0,3129.0,7165.0,7165.0,2318.0,959.0,1821.0,952.0
2.0,5943.0,1811.0,3241.0,7477.0,1355.0,1355.0,2276.0,965.0,547.0,1264.0
2.0,11609.0,2225.0,3193.0,7165.0,0.0,0.0,2217.0,976.0,955.0,1270.0
2.0,16549.0,3642.0,3181.0,1355.0,0.0,0.0,2199.0,982.0,2672.0,970.0
2.0,14262.0,4655.0,3218.0,0.0,3265.0,3265.0,2242.0,976.0,3998.0,657.0
2.0,9607.0,4238.0,3267.0,0.0,7699.0,7699.0,2303.0,964.0,3582.0,656.0
2.0,5369.0,2794.0,3278.0,3265.0,7272.0,7272.0,2320.0,958.0,1825.0,969.0
2.0,5840.0,1766.0,3242.0,7699.0,1195.0,1195.0,2277.0,965.0,486.0,1280.0
2.0,11773.0,2215.0,3193.0,7272.0,0.0,0.0,2216.0,977.0,918.0,1297.0
2.0,16830.0,3684.0,3182.0,1195.0,0.0,0.0,2199.0,983.0,2701.0,983.0
2.0,14341.0,4673.0,3216.0,0.0,3196.0,3196.0,2241.0,975.0,4024.0,649.0
2.0,9668.0,4246.0,3263.0,0.0,7630.0,7630.0,2301.0,962.0,3593.0,653.0
2.0,5422.0,2875.0,3277.0,3196.0,7365.0,7365.0,2321.0,956.0,1904.0,971.0
2.0,5743.0,1904.0,3243.0,7630.0,1503.0,1503.0,2280.0,963.0,603.0,1301.0
2.0,11469.0,2297.0,3195.0,7365.0,0.0,0.0,2220.0,975.0,987.0,1310.0
2.0,16537.0,3669.0,3182.0,1503.0,0.0,0.0,2201.0,981.0,2679.0,990.0
2.0,14371.0,4681.0,3217.0,0.0,3178.0,3178.0,2243.0,974.0,4018.0,663.0
2.0,9690.0,4317.0,3266.0,0.0,7691.0,7691.0,2305.0,961.0,3660.0,657.0
2.0,5373.0,2955.0,3282.0,3178.0,7532.0,7532.0,2327.0,955.0,1980.0,975.0
2.0,5596.0,1950.0,3250.0,7691.0,1663.0,1663.0,2288.0,962.0,635.0,1315.0
2.0,11337.0,2310.0,3203.0,7532.0,0.0,0.0,2228.0,975.0,986.0,1324.0
2.0,16559.0,3654.0,3191.0,1663.0,0.0,0.0,2210.0,981.0,2660.0,994.0
2.0,14568.0,4654.0,3226.0,0.0,2990.0,2990.0,2252.0,974.0,3986.0,668.0
2.0,9914.0,4308.0,3273.0,0.0,7486.0,7486.0,2312.0,961.0,3649.0,659.0
2.0,5606.0,2969.0,3287.0,2990.0,7521.0,7521.0,2332.0,955.0,2006.0,963.0
2.0,5627.0,1962.0,3254.0,7486.0,1865.0,1865.0,2292.0,962.0,669.0,1293.0
2.0,11151.0,2330.0,3208.0,7521.0,0.0,0.0,2233.0,975.0,1000.0,1330.0
2.0,16342.0,3668.0,3197.0,1865.0,0.0,0.0,2215.0,982.0,2635.0,1033.0
2.0,14539.0,4611.0,3232.0,0.0,3000.0,3000.0,2256.0,976.0,3922.0,689.0
2.0,9928.0,4194.0,3279.0,0.0,7382.0,7382.0,2315.0,964.0,3564.0,630.0
2.0,5734.0,2866.0,3290.0,3000.0,7292.0,7292.0,2333.0,957.0,1929.0,937.0
2.0,5868.0,2000.0,3257.0,7382.0,1778.0,1778.0,2293.0,964.0,707.0,1293.0
2.0,11250.0,2468.0,3215.0,7292.0,0.0,0.0,2237.0,978.0,1104.0,1364.0
2.0,16074.0,3800.0,3207.0,1778.0,0.0,0.0,2222.0,985.0,2753.0,1047.0
2.0,14052.0,4581.0,3243.0,0.0,3501.0,3501.0,2264.0,979.0,3921.0,660.0
2.0,9471.0,4053.0,3288.0,0.0,7734.0,7734.0,2322.0,966.0,3466.0,587.0
2.0,5418.0,2759.0,3298.0,3501.0,7032.0,7032.0,2339.0,959.0,1855.0,904.0
2.0,6160.0,1977.0,3265.0,7734.0,1143.0,1143.0,2299.0,966.0,685.0,1292.0
2.0,11917.0,2466.0,3223.0,7032.0,0.0,0.0,2243.0,980.0,1099.0,1367.0
2.0,16483.0,3739.0,3213.0,1143.0,0.0,0.0,2226.0,987.0,2678.0,1061.0
2.0,13887.0,4513.0,3247.0,0.0,3614.0,3614.0,2265.0,982.0,3834.0,679.0
2.0,9374.0,4037.0,3290.0,0.0,7823.0,7823.0,2321.0,969.0,3448.0,589.0
2.0,5337.0,2799.0,3302.0,3614.0,7056.0,7056.0,2340.0,962.0,1918.0,881.0
2.0,6152.0,1967.0,3269.0,7823.0,1068.0,1068.0,2301.0,968.0,704.0,1263.0
2.0,12008.0,2376.0,3225.0,7056.0,0.0,0.0,2244.0,981.0,1029.0,1347.0
2.0,16688.0,3643.0,3216.0,1068.0,0.0,0.0,2227.0,989.0,2597.0,1046.0
2.0,14113.0,4483.0,3249.0,0.0,3366.0,3366.0,2266.0,983.0,3822.0,661.0
2.0,9630.0,4086.0,3293.0,0.0,7628.0,7628.0,2323.0,970.0,3500.0,586.0
2.0,5544.0,2817.0,3304.0,3366.0,7123.0,7123.0,2341.0,963.0,1915.0,902.0
2.0,6093.0,1925.0,3271.0,7628.0,1288.0,1288.0,2302.0,969.0,637.0,1288.0
2.0,11796.0,2308.0,3228.0,7123.0,0.0,0.0,2245.0,983.0,949.0,1359.0
2.0,16611.0,3642.0,3218.0,1288.0,0.0,0.0,2227.0,991.0,2597.0,1045.0
2.0,14257.0,4575.0,3252.0,0.0,3326.0,3326.0,2267.0,985.0,3909.0,666.0
2.0,9682.0,4173.0,3298.0,0.0,7683.0,7683.0,2326.0,972.0,3576.0,597.0
2.0,5509.0,2904.0,3311.0,3326.0,7313.0,7313.0,2345.0,966.0,1976.0,928.0
2.0,5931.0,2005.0,3279.0,7683.0,1507.0,1507.0,2307.0,972.0,695.0,1310.0
2.0,11609.0,2392.0,3236.0,7313.0,0.0,0.0,2250.0,986.0,1027.0,1365.0
2.0,16530.0,3640.0,3225.0,1507.0,0.0,0.0,2231.0,994.0,2594.0,1046.0
2.0,14397.0,4507.0,3257.0,0.0,3138.0,3138.0,2269.0,988.0,3821.0,686.0
2.0,9890.0,4139.0,3304.0,0.0,7465.0,7465.0,2328.0,976.0,3509.0,630.0
2.0,5751.0,2915.0,3317.0,3138.0,7294.0,7294.0,2348.0,969.0,1980.0,935.0
2.0,5974.0,2085.0,3286.0,7465.0,1790.0,1790.0,2311.0,975.0,775.0,1310.0
2.0,11354.0,2456.0,3244.0,7294.0,0.0,0.0,2255.0,989.0,1096.0,1360.0
2.0,16192.0,3696.0,3232.0,1790.0,0.0,0.0,2236.0,996.0,2644.0,1052.0
2.0,14286.0,4570.0,3266.0,0.0,3348.0,3348.0,2275.0,991.0,3890.0,680.0
2.0,9716.0,4162.0,3309.0,0.0,7682.0,7682.0,2331.0,978.0,3537.0,625.0
2.0,5554.0,2920.0,3321.0,3348.0,7302.0,7302.0,2350.0,971.0,1982.0,938.0
2.0,5982.0,2118.0,3291.0,7682.0,1618.0,1618.0,2314.0,977.0,804.0,1314.0
2.0,11546.0,2539.0,3249.0,7302.0,0.0,0.0,2259.0,990.0,1172.0,1367.0
2.0,16309.0,3757.0,3239.0,1618.0,0.0,0.0,2241.0,998.0,2710.0,1047.0
2.0,14170.0,4589.0,3270.0,0.0,3499.0,3499.0,2278.0,992.0,3902.0,687.0
2.0,9581.0,4167.0,3313.0,0.0,7838.0,7838.0,2334.0,979.0,3546.0,621.0
2.0,5414.0,2906.0,3324.0,3499.0,7289.0,7289.0,2353.0,971.0,1986.0,920.0
2.0,6007.0,2095.0,3294.0,7838.0,1426.0,1426.0,2317.0,977.0,795.0,1300.0
2.0,11750.0,2538.0,3254.0,7289.0,0.0,0.0,2263.0,991.0,1159.0,1379.0
2.0,16501.0,3772.0,3243.0,1426.0,0.0,0.0,2245.0,998.0,2720.0,1052.0
2.0,14155.0,4589.0,3274.0,0.0,3530.0,3530.0,2282.0,992.0,3927.0,662.0
2.0,9566.0,4128.0,3316.0,0.0,7826.0,7826.0,2337.0,979.0,3539.0,589.0
2.0,5438.0,2893.0,3327.0,3530.0,7233.0,7233.0,2356.0,971.0,1979.0,914.0
2.0,6075.0,2077.0,3297.0,7826.0,1364.0,1364.0,2320.0,977.0,755.0,1322.0
2.0,11824.0,2485.0,3256.0,7233.0,0.0,0.0,2266.0,990.0,1098.0,1387.0
2.0,16572.0,3760.0,3247.0,1364.0,0.0,0.0,2249.0,998.0,2705.0,1055.0
2.0,14176.0,4611.0,3281.0,0.0,3559.0,3559.0,2288.0,993.0,3941.0,670.0
2.0,9565.0,4168.0,3323.0,0.0,7895.0,7895.0,2343.0,980.0,3570.0,598.0
2.0,5397.0,2850.0,3330.0,3559.0,7214.0,7214.0,2359.0,971.0,1948.0,902.0
2.0,6106.0,1969.0,3294.0,7895.0,1144.0,1144.0,2319.0,975.0,683.0,1286.0
2.0,12032.0,2379.0,3252.0,7214.0,0.0,0.0,2263.0,989.0,1015.0,1364.0
2.0,16867.0,3705.0,3246.0,1144.0,0.0,0.0,2248.0,998.0,2653.0,1052.0
2.0,14306.0,4607.0,3281.0,0.0,3425.0,3425.0,2288.0,993.0,3945.0,662.0
2.0,9699.0,4148.0,3323.0,0.0,7741.0,7741.0,2343.0,980.0,3559.0,589.0
2.0,5551.0,2808.0,3329.0,3425.0,7148.0,7148.0,2358.0,971.0,1892.0,916.0
2.0,6168.0,1889.0,3294.0,7741.0,1156.0,1156.0,2319.0,975.0,601.0,1288.0
2.0,12020.0,2335.0,3252.0,7148.0,0.0,0.0,2264.0,988.0,987.0,1348.0
2.0,16833.0,3661.0,3244.0,1156.0,0.0,0.0,2248.0,996.0,2641.0,1020.0
2.0,14328.0,4553.0,3279.0,0.0,3341.0,3341.0,2287.0,992.0,3913.0,640.0
2.0,9775.0,4072.0,3319.0,0.0,7573.0,7573.0,2340.0,979.0,3484.0,588.0
2.0,5703.0,2772.0,3327.0,3341.0,7036.0,7036.0,2356.0,971.0,1851.0,921.0
2.0,6272.0,1969.0,3295.0,7573.0,1304.0,1304.0,2319.0,976.0,660.0,1309.0
2.0,11876.0,2409.0,3254.0,7036.0,0.0,0.0,2265.0,989.0,1043.0,1366.0
2.0,16503.0,3735.0,3248.0,1304.0,0.0,0.0,2250.0,998.0,2691.0,1044.0
2.0,14072.0,4576.0,3281.0,0.0,3628.0,3628.0,2288.0,993.0,3919.0,657.0
2.0,9496.0,4110.0,3324.0,0.0,7910.0,7910.0,2344.0,980.0,3517.0,593.0
2.0,5386.0,2763.0,3332.0,3628.0,7077.0,7077.0,2361.0,971.0,1848.0,915.0
2.0,6251.0,1890.0,3298.0,7910.0,921.0,921.0,2322.0,976.0,590.0,1300.0
2.0,12271.0,2406.0,3257.0,7077.0,0.0,0.0,2267.0,990.0,1029.0,1377.0
2.0,16942.0,3765.0,3249.0,921.0,0.0,0.0,2250.0,999.0,2700.0,1065.0
2.0,14098.0,4635.0,3282.0,0.0,3665.0,3665.0,2288.0,994.0,3967.0,668.0
2.0,9463.0,4172.0,3325.0,0.0,8009.0,8009.0,2344.0,981.0,3566.0,606.0
2.0,5291.0,2842.0,3332.0,3665.0,7214.0,7214.0,2360.0,972.0,1905.0,937.0
2.0,6114.0,1967.0,3301.0,8009.0,1048.0,1048.0,2323.0,978.0,630.0,1337.0
2.0,12156.0,2465.0,3262.0,7214.0,0.0,0.0,2270.0,992.0,1062.0,1403.0
2.0,16905.0,3832.0,3255.0,1048.0,0.0,0.0,2255.0,1000.0,2761.0,1071.0
2.0,14121.0,4723.0,3290.0,0.0,3762.0,3762.0,2295.0,995.0,4044.0,679.0
2.0,9398.0,4241.0,3332.0,0.0,8171.0,8171.0,2350.0,982.0,3622.0,619.0
2.0,5157.0,2920.0,3340.0,3762.0,7361.0,7361.0,2366.0,974.0,1960.0,960.0
2.0,5999.0,2061.0,3309.0,8171.0,1127.0,1127.0,2329.0,980.0,714.0,1347.0
2.0,12109.0,2487.0,3269.0,7361.0,0.0,0.0,2275.0,994.0,1080.0,1407.0
2.0,16983.0,3807.0,3262.0,1127.0,0.0,0.0,2259.0,1003.0,2723.0,1084.0
2.0,14303.0,4664.0,3296.0,0.0,3545.0,3545.0,2298.0,998.0,3970.0,694.0
2.0,9639.0,4233.0,3337.0,0.0,7942.0,7942.0,2352.0,985.0,3617.0,616.0
2.0,5406.0,2970.0,3344.0,3545.0,7395.0,7395.0,2368.0,976.0,2032.0,938.0
2.0,5981.0,2164.0,3314.0,7942.0,1497.0,1497.0,2332.0,982.0,815.0,1349.0
2.0,11759.0,2603.0,3276.0,7395.0,0.0,0.0,2279.0,997.0,1167.0,1436.0
2.0,16551.0,3842.0,3270.0,1497.0,0.0,0.0,2264.0,1006.0,2728.0,1114.0
2.0,14206.0,4608.0,3303.0,0.0,3614.0,3614.0,2301.0,1002.0,3912.0,696.0
2.0,9598.0,4184.0,3342.0,0.0,7954.0,7954.0,2354.0,988.0,3588.0,596.0
2.0,5414.0,3006.0,3351.0,3614.0,7382.0,7382.0,2372.0,979.0,2083.0,923.0
2.0,6022.0,2231.0,3322.0,7954.0,1543.0,1543.0,2337.0,985.0,894.0,1337.0
2.0,11745.0,2625.0,3284.0,7382.0,0.0,0.0,2284.0,1000.0,1184.0,1441.0
2.0,16502.0,3794.0,3278.0,1543.0,0.0,0.0,2268.0,1010.0,2684.0,1110.0
2.0,14251.0,4527.0,3309.0,0.0,3512.0,3512.0,2304.0,1005.0,3850.0,677.0
2.0,9724.0,4085.0,3348.0,0.0,7753.0,7753.0,2357.0,991.0,3501.0,584.0
2.0,5639.0,2924.0,3356.0,3512.0,7197.0,7197.0,2374.0,982.0,2004.0,920.0
2.0,6227.0,2189.0,3326.0,7753.0,1513.0,1513.0,2338.0,988.0,841.0,1348.0
2.0,11791.0,2596.0,3287.0,7197.0,0.0,0.0,2285.0,1002.0,1172.0,1424.0
2.0,16392.0,3737.0,3278.0,1513.0,0.0,0.0,2267.0,1011.0,2663.0,1074.0
2.0,14168.0,4473.0,3310.0,0.0,3545.0,3545.0,2303.0,1007.0,3812.0,661.0
2.0,9695.0,4067.0,3350.0,0.0,7772.0,7772.0,2357.0,993.0,3482.0,585.0
2.0,5628.0,2898.0,3361.0,3545.0,7169.0,7169.0,2376.0,985.0,1979.0,919.0
2.0,6275.0,2128.0,3330.0,7772.0,1401.0,1401.0,2340.0,990.0,790.0,1338.0
2.0,11919.0,2523.0,3290.0,7169.0,0.0,0.0,2285.0,1005.0,1107.0,1416.0
2.0,16565.0,3732.0,3282.0,1401.0,0.0,0.0,2268.0,1014.0,2665.0,1067.0
2.0,14234.0,4486.0,3314.0,0.0,3508.0,3508.0,2306.0,1008.0,3858.0,628.0
2.0,9748.0,4068.0,3356.0,0.0,7744.0,7744.0,2362.0,994.0,3510.0,558.0
2.0,5680.0,2828.0,3366.0,3508.0,7104.0,7104.0,2380.0,986.0,1907.0,921.0
2.0,6360.0,2041.0,3334.0,7744.0,1273.0,1273.0,2342.0,992.0,713.0,1328.0
2.0,12063.0,2513.0,3296.0,7104.0,0.0,0.0,2289.0,1007.0,1119.0,1394.0
2.0,16654.0,3771.0,3290.0,1273.0,0.0,0.0,2274.0,1016.0,2714.0,1057.0
2.0,14156.0,4504.0,3323.0,0.0,3640.0,3640.0,2313.0,1010.0,3869.0,635.0
2.0,9652.0,4010.0,3362.0,0.0,7806.0,7806.0,2366.0,996.0,3444.0,566.0
2.0,5642.0,2759.0,3369.0,3640.0,6953.0,6953.0,2382.0,987.0,1850.0,909.0
2.0,6523.0,2006.0,3335.0,7806.0,1017.0,1017.0,2343.0,992.0,694.0,1312.0
2.0,12323.0,2513.0,3296.0,6953.0,0.0,0.0,2290.0,1006.0,1119.0,1394.0
2.0,16763.0,3784.0,3289.0,1017.0,0.0,0.0,2274.0,1015.0,2722.0,1062.0
2.0,13996.0,4566.0,3324.0,0.0,3866.0,3866.0,2314.0,1010.0,3922.0,644.0
2.0,9430.0,4095.0,3367.0,0.0,8133.0,8133.0,2371.0,996.0,3524.0,571.0
2.0,5335.0,2863.0,3376.0,3866.0,7166.0,7166.0,2388.0,988.0,1934.0,929.0
2.0,6338.0,2079.0,3343.0,8133.0,980.0,980.0,2350.0,993.0,735.0,1344.0
2.0,12392.0,2572.0,3303.0,7166.0,0.0,0.0,2296.0,1007.0,1155.0,1417.0
2.0,16986.0,3838.0,3297.0,980.0,0.0,0.0,2281.0,1016.0,2767.0,1071.0
2.0,14128.0,4617.0,3331.0,0.0,3813.0,3813.0,2320.0,1011.0,3962.0,655.0
2.0,9511.0,4115.0,3372.0,0.0,8092.0,8092.0,2376.0,996.0,3538.0,577.0
2.0,5396.0,2863.0,3380.0,3813.0,7174.0,7174.0,2393.0,987.0,1929.0,934.0
2.0,6346.0,2097.0,3347.0,8092.0,1047.0,1047.0,2354.0,993.0,731.0,1366.0
2.0,12341.0,2597.0,3305.0,7174.0,0.0,0.0,2298.0,1007.0,1164.0,1433.0
2.0,16918.0,3862.0,3298.0,1047.0,0.0,0.0,2282.0,1016.0,2793.0,1069.0
2.0,14103.0,4642.0,3332.0,0.0,3867.0,3867.0,2322.0,1010.0,4003.0,639.0
2.0,9461.0,4208.0,3373.0,0.0,8239.0,8239.0,2378.0,995.0,3642.0,566.0
2.0,5253.0,2994.0,3383.0,3867.0,7406.0,7406.0,2397.0,986.0,2057.0,937.0
2.0,6126.0,2187.0,3352.0,8239.0,1230.0,1230.0,2360.0,992.0,797.0,1390.0
2.0,12178.0,2611.0,3312.0,7406.0,0.0,0.0,2305.0,1007.0,1130.0,1481.0
2.0,16973.0,3831.0,3304.0,1230.0,0.0,0.0,2288.0,1016.0,2721.0,1110.0
2.0,14372.0,4650.0,3337.0,0.0,3626.0,3626.0,2326.0,1011.0,4005.0,645.0
2.0,9722.0,4222.0,3376.0,0.0,8004.0,8004.0,2381.0,995.0,3671.0,551.0
2.0,5500.0,3039.0,3385.0,3626.0,7453.0,7453.0,2399.0,986.0,2100.0,939.0
2.0,6087.0,2249.0,3354.0,8004.0,1574.0,1574.0,2362.0,992.0,837.0,1412.0
2.0,11842.0,2626.0,3316.0,7453.0,0.0,0.0,2309.0,1007.0,1140.0,1486.0
2.0,16669.0,3796.0,3309.0,1574.0,0.0,0.0,2292.0,1017.0,2690.0,1106.0
2.0,14447.0,4579.0,3339.0,0.0,3488.0,3488.0,2328.0,1011.0,3949.0,630.0
2.0,9868.0,4192.0,3377.0,0.0,7832.0,7832.0,2381.0,996.0,3645.0,547.0
2.0,5676.0,3024.0,3384.0,3488.0,7396.0,7396.0,2398.0,986.0,2081.0,943.0
2.0,6140.0,2220.0,3354.0,7832.0,1664.0,1664.0,2362.0,992.0,803.0,1417.0
2.0,11752.0,2601.0,3317.0,7396.0,0.0,0.0,2309.0,1008.0,1107.0,1494.0
2.0,16547.0,3801.0,3312.0,1664.0,0.0,0.0,2294.0,1018.0,2696.0,1105.0
2.0,14410.0,4606.0,3343.0,0.0,3568.0,3568.0,2331.0,1012.0,3967.0,639.0
2.0,9804.0,4166.0,3382.0,0.0,7890.0,7890.0,2385.0,997.0,3621.0,545.0
2.0,5638.0,2967.0,3388.0,3568.0,7313.0,7313.0,2401.0,987.0,2044.0,923.0
2.0,6239.0,2164.0,3358.0,7890.0,1467.0,1467.0,2365.0,993.0,769.0,1395.0
2.0,11965.0,2535.0,3321.0,7313.0,0.0,0.0,2312.0,1009.0,1047.0,1488.0
2.0,16743.0,3708.0,3315.0,1467.0,0.0,0.0,2295.0,1020.0,2594.0,1114.0
2.0,14502.0,4507.0,3345.0,0.0,3385.0,3385.0,2331.0,1014.0,3875.0,632.0
2.0,9995.0,4155.0,3385.0,0.0,7700.0,7700.0,2386.0,999.0,3616.0,539.0
2.0,5840.0,2995.0,3393.0,3385.0,7342.0,7342.0,2404.0,989.0,2081.0,914.0
2.0,6230.0,2161.0,3363.0,7700.0,1683.0,1683.0,2368.0,995.0,775.0,1386.0
2.0,11769.0,2525.0,3326.0,7342.0,0.0,0.0,2314.0,1012.0,1024.0,1501.0
2.0,16586.0,3710.0,3319.0,1683.0,0.0,0.0,2296.0,1023.0,2580.0,1130.0
2.0,14559.0,4523.0,3352.0,0.0,3372.0,3372.0,2334.0,1018.0,3883.0,640.0
2.0,10036.0,4144.0,3392.0,0.0,7676.0,7676.0,2390.0,1002.0,3626.0,518.0
2.0,5892.0,2898.0,3399.0,3372.0,7230.0,7230.0,2407.0,992.0,2017.0,881.0
2.0,6366.0,2036.0,3366.0,7676.0,1458.0,1458.0,2368.0,998.0,676.0,1360.0
2.0,12006.0,2426.0,3326.0,7230.0,0.0,0.0,2312.0,1014.0,949.0,1477.0
2.0,16810.0,3707.0,3320.0,1458.0,0.0,0.0,2295.0,1025.0,2580.0,1127.0
2.0,14561.0,4608.0,3355.0,0.0,3467.0,3467.0,2335.0,1020.0,3958.0,650.0
2.0,9953.0,4234.0,3398.0,0.0,7873.0,7873.0,2393.0,1005.0,3701.0,533.0
2.0,5719.0,2952.0,3407.0,3467.0,7394.0,7394.0,2412.0,995.0,2078.0,874.0
2.0,6234.0,2068.0,3374.0,7873.0,1457.0,1457.0,2373.0,1001.0,715.0,1353.0
2.0,12039.0,2448.0,3333.0,7394.0,0.0,0.0,2316.0,1017.0,956.0,1492.0
2.0,16985.0,3757.0,3327.0,1457.0,0.0,0.0,2299.0,1028.0,2611.0,1146.0
2.0,14685.0,4705.0,3362.0,0.0,3468.0,3468.0,2339.0,1023.0,4045.0,660.0
2.0,9980.0,4344.0,3405.0,0.0,7984.0,7984.0,2398.0,1007.0,3812.0,532.0
2.0,5636.0,3043.0,3414.0,3468.0,7595.0,7595.0,2417.0,997.0,2146.0,897.0
2.0,6061.0,2057.0,3380.0,7984.0,1532.0,1532.0,2377.0,1003.0,681.0,1376.0
2.0,11988.0,2385.0,3337.0,7595.0,0.0,0.0,2318.0,1019.0,898.0,1487.0
2.0,17198.0,3747.0,3331.0,1532.0,0.0,0.0,2301.0,1030.0,2615.0,1132.0
2.0,14983.0,4790.0,3367.0,0.0,3275.0,3275.0,2343.0,1024.0,4132.0,658.0
2.0,10193.0,4455.0,3412.0,0.0,7910.0,7910.0,2404.0,1008.0,3927.0,528.0
2.0,5738.0,3112.0,3423.0,3275.0,7791.0,7791.0,2425.0,998.0,2225.0,887.0
2.0,5901.0,2076.0,3389.0,7910.0,1821.0,1821.0,2385.0,1004.0,700.0,1376.0
2.0,11735.0,2437.0,3346.0,7791.0,0.0,0.0,2325.0,1021.0,917.0,1520.0
2.0,17089.0,3774.0,3338.0,1821.0,0.0,0.0,2306.0,1032.0,2621.0,1153.0
2.0,15136.0,4766.0,3372.0,0.0,3118.0,3118.0,2345.0,1027.0,4104.0,662.0
2.0,10370.0,4467.0,3415.0,0.0,7757.0,7757.0,2405.0,1010.0,3924.0,543.0
2.0,5903.0,3149.0,3426.0,3118.0,7832.0,7832.0,2427.0,999.0,2247.0,902.0
2.0,5872.0,2108.0,3392.0,7757.0,2047.0,2047.0,2388.0,1004.0,735.0,1373.0
2.0,11521.0,2383.0,3349.0,7832.0,0.0,0.0,2329.0,1020.0,892.0,1491.0
2.0,16970.0,3739.0,3340.0,2047.0,0.0,0.0,2308.0,1032.0,2600.0,1139.0
2.0,15278.0,4811.0,3374.0,0.0,3029.0,3029.0,2347.0,1027.0,4120.0,691.0
2.0,10467.0,4531.0,3418.0,0.0,7736.0,7736.0,2407.0,1011.0,3951.0,580.0
2.0,5936.0,3156.0,3428.0,3029.0,7903.0,7903.0,2428.0,1000.0,2246.0,910.0
2.0,5809.0,2069.0,3395.0,7736.0,2104.0,2104.0,2390.0,1005.0,699.0,1370.0
2.0,11476.0,2363.0,3352.0,7903.0,0.0,0.0,2330.0,1022.0,871.0,1492.0
2.0,17016.0,3721.0,3343.0,2104.0,0.0,0.0,2310.0,1033.0,2579.0,1142.0
2.0,15399.0,4773.0,3377.0,0.0,2882.0,2882.0,2349.0,1028.0,4101.0,672.0
2.0,10626.0,4484.0,3420.0,0.0,7538.0,7538.0,2409.0,1011.0,3939.0,545.0
2.0,6142.0,3119.0,3431.0,2882.0,7819.0,7819.0,2431.0,1000.0,2223.0,896.0
2.0,5905.0,2071.0,3397.0,7538.0,2216.0,2216.0,2392.0,1005.0,691.0,1380.0
2.0,11372.0,2359.0,3353.0,7819.0,0.0,0.0,2332.0,1021.0,856.0,1503.0
2.0,16832.0,3656.0,3344.0,2216.0,0.0,0.0,2311.0,1033.0,2519.0,1137.0
2.0,15392.0,4705.0,3378.0,0.0,2825.0,2825.0,2350.0,1028.0,4056.0,649.0
2.0,10687.0,4434.0,3421.0,0.0,7431.0,7431.0,2410.0,1011.0,3908.0,526.0
2.0,6253.0,3136.0,3433.0,2825.0,7790.0,7790.0,2433.0,1000.0,2223.0,913.0
2.0,5942.0,2110.0,3402.0,7431.0,2345.0,2345.0,2397.0,1005.0,716.0,1394.0
2.0,11263.0,2342.0,3360.0,7790.0,0.0,0.0,2338.0,1022.0,841.0,1501.0
2.0,16711.0,3556.0,3349.0,2345.0,0.0,0.0,2316.0,1033.0,2455.0,1101.0
2.0,15500.0,4549.0,3379.0,0.0,2565.0,2565.0,2352.0,1027.0,3955.0,594.0
2.0,10951.0,4317.0,3420.0,0.0,7046.0,7046.0,2411.0,1009.0,3837.0,480.0
2.0,6634.0,3106.0,3431.0,2565.0,7631.0,7631.0,2434.0,997.0,2218.0,888.0
2.0,6093.0,2149.0,3401.0,7046.0,2614.0,2614.0,2398.0,1003.0,747.0,1402.0
2.0,10990.0,2409.0,3361.0,7631.0,0.0,0.0,2341.0,1020.0,887.0,1522.0
2.0,16212.0,3636.0,3350.0,2614.0,0.0,0.0,2319.0,1031.0,2498.0,1138.0
2.0,15190.0,4536.0,3383.0,0.0,2878.0,2878.0,2356.0,1027.0,3910.0,626.0
2.0,10654.0,4236.0,3425.0,0.0,7282.0,7282.0,2415.0,1010.0,3748.0,488.0
2.0,6418.0,3106.0,3437.0,2878.0,7558.0,7558.0,2439.0,998.0,2224.0,882.0
2.0,6190.0,2251.0,3410.0,7282.0,2419.0,2419.0,2406.0,1004.0,836.0,1415.0
2.0,11221.0,2546.0,3370.0,7558.0,0.0,0.0,2349.0,1021.0,999.0,1547.0
2.0,16233.0,3691.0,3360.0,2419.0,0.0,0.0,2327.0,1033.0,2551.0,1140.0
2.0,14961.0,4506.0,3390.0,0.0,3105.0,3105.0,2362.0,1028.0,3902.0,604.0
2.0,10455.0,4218.0,3431.0,0.0,7487.0,7487.0,2420.0,1011.0,3727.0,491.0
2.0,6237.0,3137.0,3444.0,3105.0,7571.0,7571.0,2444.0,1000.0,2233.0,904.0
2.0,6205.0,2338.0,3416.0,7487.0,2310.0,2310.0,2411.0,1005.0,899.0,1439.0
2.0,11354.0,2657.0,3377.0,7571.0,0.0,0.0,2354.0,1023.0,1087.0,1570.0
2.0,16268.0,3699.0,3365.0,2310.0,0.0,0.0,2330.0,1035.0,2552.0,1147.0
2.0,14879.0,4456.0,3392.0,0.0,3145.0,3145.0,2363.0,1029.0,3863.0,593.0
2.0,10423.0,4199.0,3433.0,0.0,7508.0,7508.0,2422.0,1011.0,3729.0,470.0
2.0,6224.0,3221.0,3449.0,3145.0,7648.0,7648.0,2449.0,1000.0,2315.0,906.0
2.0,6148.0,2469.0,3425.0,7508.0,2513.0,2513.0,2418.0,1007.0,986.0,1483.0
2.0,11187.0,2680.0,3384.0,7648.0,0.0,0.0,2359.0,1025.0,1080.0,1600.0
2.0,16155.0,3655.0,3368.0,2513.0,0.0,0.0,2331.0,1037.0,2494.0,1161.0
2.0,15013.0,4417.0,3394.0,0.0,2980.0,2980.0,2362.0,1032.0,3816.0,601.0
2.0,10596.0,4222.0,3435.0,0.0,7366.0,7366.0,2421.0,1014.0,3749.0,473.0
2.0,6374.0,3312.0,3452.0,2980.0,7766.0,7766.0,2449.0,1003.0,2390.0,922.0
2.0,6042.0,2551.0,3428.0,7366.0,2855.0,2855.0,2419.0,1009.0,1062.0,1489.0
2.0,10857.0,2761.0,3390.0,7766.0,0.0,0.0,2362.0,1028.0,1153.0,1608.0
2.0,15862.0,3700.0,3375.0,2855.0,0.0,0.0,2335.0,1040.0,2529.0,1171.0
2.0,15017.0,4472.0,3400.0,0.0,3055.0,3055.0,2366.0,1034.0,3847.0,625.0
2.0,10545.0,4267.0,3442.0,0.0,7490.0,7490.0,2424.0,1018.0,3747.0,520.0
2.0,6278.0,3280.0,3459.0,3055.0,7783.0,7783.0,2452.0,1007.0,2331.0,949.0
2.0,6053.0,2484.0,3435.0,7490.0,2681.0,2681.0,2421.0,1014.0,999.0,1485.0
2.0,11059.0,2742.0,3396.0,7783.0,0.0,0.0,2364.0,1032.0,1146.0,1596.0
2.0,16100.0,3729.0,3380.0,2681.0,0.0,0.0,2337.0,1043.0,2563.0,1166.0
2.0,15052.0,4451.0,3405.0,0.0,3019.0,3019.0,2368.0,1037.0,3840.0,611.0
2.0,10601.0,4214.0,3446.0,0.0,7397.0,7397.0,2426.0,1020.0,3728.0,486.0
2.0,6387.0,3221.0,3462.0,3019.0,7663.0,7663.0,2453.0,1009.0,2292.0,929.0
2.0,6185.0,2498.0,3439.0,7397.0,2672.0,2672.0,2423.0,1016.0,1001.0,1497.0
2.0,11084.0,2762.0,3400.0,7663.0,0.0,0.0,2366.0,1034.0,1161.0,1601.0
2.0,15985.0,3729.0,3386.0,2672.0,0.0,0.0,2340.0,1046.0,2579.0,1150.0
2.0,14928.0,4425.0,3411.0,0.0,3141.0,3141.0,2371.0,1040.0,3831.0,594.0
2.0,10503.0,4112.0,3450.0,0.0,7409.0,7409.0,2428.0,1022.0,3636.0,476.0
2.0,6391.0,3166.0,3465.0,3141.0,7494.0,7494.0,2454.0,1011.0,2230.0,936.0
2.0,6366.0,2483.0,3443.0,7409.0,2480.0,2480.0,2425.0,1018.0,980.0,1503.0
2.0,11292.0,2769.0,3406.0,7494.0,0.0,0.0,2369.0,1037.0,1155.0,1614.0
2.0,16017.0,3773.0,3393.0,2480.0,0.0,0.0,2344.0,1049.0,2605.0,1168.0
2.0,14724.0,4436.0,3418.0,0.0,3384.0,3384.0,2375.0,1043.0,3848.0,588.0
2.0,10288.0,4073.0,3456.0,0.0,7609.0,7609.0,2431.0,1025.0,3633.0,440.0
2.0,6215.0,3047.0,3470.0,3384.0,7328.0,7328.0,2457.0,1013.0,2171.0,876.0
2.0,6552.0,2391.0,3448.0,7609.0,2022.0,2022.0,2428.0,1020.0,936.0,1455.0
2.0,11770.0,2747.0,3412.0,7328.0,0.0,0.0,2373.0,1039.0,1134.0,1613.0
2.0,16351.0,3723.0,3402.0,2022.0,0.0,0.0,2349.0,1053.0,2546.0,1177.0
2.0,14650.0,4386.0,3426.0,0.0,3440.0,3440.0,2379.0,1047.0,3806.0,580.0
2.0,10264.0,4063.0,3463.0,0.0,7651.0,7651.0,2435.0,1028.0,3653.0,410.0
2.0,6201.0,3074.0,3475.0,3440.0,7333.0,7333.0,2461.0,1014.0,2239.0,835.0
2.0,6567.0,2407.0,3451.0,7651.0,1993.0,1993.0,2431.0,1020.0,956.0,1451.0
2.0,11811.0,2773.0,3418.0,7333.0,0.0,0.0,2378.0,1040.0,1124.0,1649.0
2.0,16371.0,3721.0,3408.0,1993.0,0.0,0.0,2354.0,1054.0,2522.0,1199.0
2.0,14643.0,4321.0,3431.0,0.0,3402.0,3402.0,2384.0,1047.0,3776.0,545.0
2.0,10322.0,4042.0,3466.0,0.0,7584.0,7584.0,2439.0,1027.0,3685.0,357.0
2.0,6280.0,3136.0,3477.0,3402.0,7362.0,7362.0,2464.0,1013.0,2318.0,818.0
2.0,6546.0,2517.0,3455.0,7584.0,2207.0,2207.0,2435.0,1020.0,1034.0,1483.0
2.0,11613.0,2793.0,3421.0,7362.0,0.0,0.0,2381.0,1040.0,1118.0,1675.0
2.0,16182.0,3702.0,3412.0,2207.0,0.0,0.0,2358.0,1054.0,2496.0,1206.0
2.0,14687.0,4355.0,3435.0,0.0,3408.0,3408.0,2388.0,1047.0,3814.0,541.0
2.0,10332.0,4102.0,3469.0,0.0,7646.0,7646.0,2443.0,1026.0,3752.0,350.0
2.0,6230.0,3135.0,3478.0,3408.0,7409.0,7409.0,2466.0,1012.0,2304.0,831.0
2.0,6503.0,2477.0,3454.0,7646.0,2144.0,2144.0,2436.0,1018.0,988.0,1489.0
2.0,11672.0,2771.0,3422.0,7409.0,0.0,0.0,2383.0,1039.0,1100.0,1671.0
2.0,16310.0,3785.0,3415.0,2144.0,0.0,0.0,2361.0,1054.0,2560.0,1225.0
2.0,14669.0,4469.0,3438.0,0.0,3552.0,3552.0,2391.0,1047.0,3899.0,570.0
2.0,10200.0,4140.0,3470.0,0.0,7820.0,7820.0,2445.0,1025.0,3783.0,357.0
2.0,6060.0,3142.0,3479.0,3552.0,7446.0,7446.0,2469.0,1010.0,2319.0,823.0
2.0,6470.0,2466.0,3456.0,7820.0,2000.0,2000.0,2439.0,1017.0,964.0,1502.0
2.0,11824.0,2826.0,3426.0,7446.0,0.0,0.0,2387.0,1039.0,1101.0,1725.0
2.0,16444.0,3871.0,3419.0,2000.0,0.0,0.0,2365.0,1054.0,2602.0,1269.0
2.0,14573.0,4510.0,3442.0,0.0,3705.0,3705.0,2395.0,1047.0,3926.0,584.0
2.0,10063.0,4127.0,3473.0,0.0,7956.0,7956.0,2447.0,1026.0,3766.0,361.0
2.0,5936.0,3130.0,3479.0,3705.0,7405.0,7405.0,2469.0,1010.0,2316.0,814.0
2.0,6511.0,2491.0,3456.0,7956.0,1848.0,1848.0,2439.0,1017.0,993.0,1498.0
2.0,11976.0,2832.0,3425.0,7405.0,0.0,0.0,2387.0,1038.0,1103.0,1729.0
2.0,16549.0,3844.0,3417.0,1848.0,0.0,0.0,2364.0,1053.0,2556.0,1288.0
2.0,14553.0,4512.0,3440.0,0.0,3719.0,3719.0,2394.0,1046.0,3907.0,605.0
2.0,10041.0,4196.0,3474.0,0.0,8051.0,8051.0,2449.0,1025.0,3833.0,363.0
2.0,5845.0,3158.0,3482.0,3719.0,7522.0,7522.0,2472.0,1010.0,2345.0,813.0
2.0,6406.0,2512.0,3458.0,8051.0,1887.0,1887.0,2442.0,1016.0,1012.0,1500.0
2.0,11945.0,2842.0,3427.0,7522.0,0.0,0.0,2389.0,1038.0,1107.0,1735.0
2.0,16625.0,3836.0,3419.0,1887.0,0.0,0.0,2366.0,1053.0,2536.0,1300.0
2.0,14676.0,4496.0,3445.0,0.0,3600.0,3600.0,2397.0,1048.0,3861.0,635.0
2.0,10180.0,4142.0,3476.0,0.0,7866.0,7866.0,2450.0,1026.0,3761.0,381.0
2.0,6038.0,3142.0,3483.0,3600.0,7436.0,7436.0,2472.0,1011.0,2334.0,808.0
2.0,6496.0,2501.0,3459.0,7866.0,1975.0,1975.0,2442.0,1017.0,1024.0,1477.0
2.0,11861.0,2846.0,3429.0,7436.0,0.0,0.0,2390.0,1039.0,1112.0,1734.0
2.0,16451.0,3825.0,3423.0,1975.0,0.0,0.0,2368.0,1055.0,2507.0,1318.0
2.0,14601.0,4454.0,3448.0,0.0,3645.0,3645.0,2399.0,1049.0,3825.0,629.0
2.0,10147.0,4098.0,3479.0,0.0,7867.0,7867.0,2452.0,1027.0,3741.0,357.0
2.0,6049.0,3069.0,3485.0,3645.0,7315.0,7315.0,2474.0,1011.0,2290.0,779.0
2.0,6625.0,2409.0,3459.0,7867.0,1753.0,1753.0,2442.0,1017.0,941.0,1468.0
2.0,12083.0,2806.0,3427.0,7315.0,0.0,0.0,2388.0,1039.0,1072.0,1734.0
2.0,16592.0,3841.0,3423.0,1753.0,0.0,0.0,2367.0,1056.0,2537.0,1304.0
2.0,14504.0,4467.0,3451.0,0.0,3767.0,3767.0,2400.0,1051.0,3846.0,621.0
2.0,10037.0,4126.0,3484.0,0.0,8025.0,8025.0,2454.0,1030.0,3759.0,367.0
2.0,5911.0,3123.0,3491.0,3767.0,7409.0,7409.0,2477.0,1014.0,2347.0,776.0
2.0,6555.0,2479.0,3467.0,8025.0,1767.0,1767.0,2448.0,1019.0,1025.0,1454.0
2.0,12101.0,2789.0,3436.0,7409.0,0.0,0.0,2395.0,1041.0,1076.0,1713.0
2.0,16721.0,3773.0,3431.0,1767.0,0.0,0.0,2373.0,1058.0,2482.0,1291.0
2.0,14715.0,4432.0,3457.0,0.0,3545.0,3545.0,2403.0,1054.0,3815.0,617.0
2.0,10283.0,4130.0,3490.0,0.0,7807.0,7807.0,2457.0,1033.0,3755.0,375.0
2.0,6153.0,3147.0,3498.0,3545.0,7441.0,7441.0,2481.0,1017.0,2350.0,797.0
2.0,6551.0,2495.0,3474.0,7807.0,2033.0,2033.0,2452.0,1022.0,1036.0,1459.0
2.0,11863.0,2806.0,3445.0,7441.0,0.0,0.0,2401.0,1044.0,1120.0,1686.0
2.0,16498.0,3771.0,3439.0,2033.0,0.0,0.0,2378.0,1061.0,2504.0,1267.0
2.0,14760.0,4423.0,3464.0,0.0,3519.0,3519.0,2407.0,1057.0,3806.0,617.0
2.0,10337.0,4104.0,3495.0,0.0,7747.0,7747.0,2459.0,1036.0,3718.0,386.0
2.0,6233.0,3148.0,3501.0,3519.0,7400.0,7400.0,2482.0,1019.0,2335.0,813.0
2.0,6604.0,2508.0,3478.0,7747.0,2069.0,2069.0,2454.0,1024.0,1049.0,1459.0
2.0,11843.0,2811.0,3449.0,7400.0,0.0,0.0,2403.0,1046.0,1135.0,1676.0
2.0,16432.0,3758.0,3443.0,2069.0,0.0,0.0,2379.0,1064.0,2502.0,1256.0
2.0,14743.0,4438.0,3468.0,0.0,3567.0,3567.0,2408.0,1060.0,3818.0,620.0
2.0,10305.0,4162.0,3500.0,0.0,7857.0,7857.0,2461.0,1039.0,3751.0,411.0
2.0,6143.0,3231.0,3508.0,3567.0,7553.0,7553.0,2485.0,1023.0,2382.0,849.0
2.0,6479.0,2524.0,3484.0,7857.0,2124.0,2124.0,2456.0,1028.0,1034.0,1490.0
2.0,11812.0,2786.0,3452.0,7553.0,0.0,0.0,2402.0,1050.0,1094.0,1692.0
2.0,16579.0,3764.0,3445.0,2124.0,0.0,0.0,2378.0,1067.0,2519.0,1245.0
2.0,14939.0,4451.0,3470.0,0.0,3392.0,3392.0,2407.0,1063.0,3839.0,612.0
2.0,10488.0,4225.0,3504.0,0.0,7753.0,7753.0,2462.0,1042.0,3810.0,415.0
2.0,6263.0,3308.0,3513.0,3392.0,7705.0,7705.0,2488.0,1025.0,2452.0,856.0
2.0,6347.0,2580.0,3488.0,7753.0,2432.0,2432.0,2459.0,1029.0,1094.0,1486.0
2.0,11520.0,2817.0,3455.0,7705.0,0.0,0.0,2405.0,1050.0,1137.0,1680.0
2.0,16408.0,3754.0,3448.0,2432.0,0.0,0.0,2381.0,1067.0,2508.0,1246.0
2.0,15086.0,4430.0,3473.0,0.0,3236.0,3236.0,2410.0,1063.0,3816.0,614.0
2.0,10656.0,4194.0,3506.0,0.0,7562.0,7562.0,2463.0,1043.0,3763.0,431.0
2.0,6462.0,3291.0,3515.0,3236.0,7653.0,7653.0,2489.0,1026.0,2425.0,866.0
2.0,6407.0,2622.0,3491.0,7562.0,2617.0,2617.0,2461.0,1030.0,1137.0,1485.0
2.0,11347.0,2844.0,3459.0,7653.0,0.0,0.0,2408.0,1051.0,1165.0,1679.0
2.0,16156.0,3719.0,3450.0,2617.0,0.0,0.0,2382.0,1068.0,2471.0,1248.0
2.0,15054.0,4376.0,3473.0,0.0,3214.0,3214.0,2409.0,1064.0,3755.0,621.0
2.0,10678.0,4222.0,3507.0,0.0,7572.0,7572.0,2463.0,1044.0,3790.0,432.0
2.0,6456.0,3397.0,3517.0,3214.0,7795.0,7795.0,2490.0,1027.0,2530.0,867.0
2.0,6273.0,2692.0,3495.0,7572.0,2827.0,2827.0,2465.0,1030.0,1209.0,1483.0
2.0,11153.0,2804.0,3462.0,7795.0,0.0,0.0,2412.0,1050.0,1137.0,1667.0
2.0,16144.0,3614.0,3453.0,2827.0,0.0,0.0,2386.0,1067.0,2383.0,1231.0
2.0,15357.0,4354.0,3476.0,0.0,2901.0,2901.0,2413.0,1063.0,3723.0,631.0
2.0,11003.0,4219.0,3508.0,0.0,7248.0,7248.0,2465.0,1043.0,3778.0,441.0
2.0,6784.0,3407.0,3520.0,2901.0,7802.0,7802.0,2493.0,1027.0,2536.0,871.0
2.0,6278.0,2725.0,3498.0,7248.0,3191.0,3191.0,2468.0,1030.0,1235.0,1490.0
2.0,10801.0,2820.0,3467.0,7802.0,0.0,0.0,2417.0,1050.0,1152.0,1668.0
2.0,15783.0,3586.0,3458.0,3191.0,0.0,0.0,2391.0,1067.0,2368.0,1218.0
2.0,15388.0,4272.0,3480.0,0.0,2804.0,2804.0,2417.0,1063.0,3683.0,589.0
2.0,11116.0,4194.0,3515.0,0.0,7138.0,7138.0,2472.0,1043.0,3775.0,419.0
2.0,6922.0,3490.0,3528.0,2804.0,7876.0,7876.0,2501.0,1027.0,2591.0,899.0
2.0,6236.0,2801.0,3508.0,7138.0,3459.0,3459.0,2477.0,1031.0,1277.0,1524.0
2.0,10573.0,2858.0,3477.0,7876.0,0.0,0.0,2426.0,1051.0,1205.0,1653.0
2.0,15591.0,3514.0,3465.0,3459.0,0.0,0.0,2399.0,1066.0,2347.0,1167.0
2.0,15536.0,4121.0,3484.0,0.0,2521.0,2521.0,2422.0,1062.0,3559.0,562.0
2.0,11415.0,4104.0,3515.0,0.0,6749.0,6749.0,2473.0,1042.0,3671.0,433.0
2.0,7311.0,3468.0,3529.0,2521.0,7752.0,7752.0,2502.0,1027.0,2558.0,910.0
2.0,6364.0,2854.0,3511.0,6749.0,3785.0,3785.0,2480.0,1031.0,1333.0,1521.0
2.0,10259.0,2844.0,3481.0,7752.0,0.0,0.0,2430.0,1051.0,1217.0,1627.0
2.0,15167.0,3454.0,3467.0,3785.0,0.0,0.0,2402.0,1065.0,2318.0,1136.0
2.0,15498.0,4099.0,3486.0,0.0,2545.0,2545.0,2425.0,1061.0,3554.0,545.0
2.0,11399.0,4184.0,3518.0,0.0,6857.0,6857.0,2477.0,1041.0,3720.0,464.0
2.0,7215.0,3599.0,3533.0,2545.0,7971.0,7971.0,2506.0,1027.0,2641.0,958.0
2.0,6161.0,2909.0,3517.0,6857.0,3959.0,3959.0,2484.0,1033.0,1371.0,1538.0
2.0,10109.0,2786.0,3485.0,7971.0,0.0,0.0,2433.0,1052.0,1163.0,1623.0
2.0,15294.0,3382.0,3472.0,3959.0,0.0,0.0,2405.0,1067.0,2238.0,1144.0
2.0,15871.0,4045.0,3489.0,0.0,2130.0,2130.0,2427.0,1062.0,3469.0,576.0
2.0,11826.0,4164.0,3520.0,0.0,6418.0,6418.0,2477.0,1043.0,3689.0,475.0
2.0,7662.0,3600.0,3536.0,2130.0,7952.0,7952.0,2507.0,1029.0,2660.0,940.0
2.0,6192.0,2902.0,3519.0,6418.0,4368.0,4368.0,2485.0,1034.0,1382.0,1520.0
2.0,9708.0,2822.0,3489.0,7952.0,0.0,0.0,2435.0,1054.0,1183.0,1639.0
2.0,14838.0,3398.0,3474.0,4368.0,0.0,0.0,2406.0,1068.0,2240.0,1158.0
2.0,15808.0,4085.0,3490.0,0.0,2237.0,2237.0,2427.0,1063.0,3501.0,584.0
2.0,11723.0,4226.0,3523.0,0.0,6595.0,6595.0,2479.0,1044.0,3742.0,484.0
2.0,7497.0,3666.0,3539.0,2237.0,8088.0,8088.0,2510.0,1029.0,2705.0,961.0
2.0,6068.0,2975.0,3524.0,6595.0,4408.0,4408.0,2489.0,1035.0,1430.0,1545.0
2.0,9688.0,2857.0,3494.0,8088.0,0.0,0.0,2439.0,1055.0,1208.0,1649.0
2.0,14919.0,3408.0,3478.0,4408.0,0.0,0.0,2408.0,1070.0,2231.0,1177.0
2.0,15919.0,4079.0,3493.0,0.0,2132.0,2132.0,2428.0,1065.0,3470.0,609.0
2.0,11840.0,4217.0,3524.0,0.0,6473.0,6473.0,2478.0,1046.0,3709.0,508.0
2.0,7623.0,3714.0,3542.0,2132.0,8127.0,8127.0,2509.0,1033.0,2737.0,977.0
2.0,6041.0,3055.0,3528.0,6473.0,4653.0,4653.0,2489.0,1039.0,1496.0,1559.0
2.0,9459.0,2918.0,3499.0,8127.0,0.0,0.0,2440.0,1059.0,1257.0,1661.0
2.0,14668.0,3423.0,3484.0,4653.0,0.0,0.0,2411.0,1073.0,2243.0,1180.0
2.0,15898.0,4066.0,3499.0,0.0,2164.0,2164.0,2431.0,1068.0,3468.0,598.0
2.0,11832.0,4203.0,3529.0,0.0,6487.0,6487.0,2480.0,1049.0,3703.0,500.0
2.0,7629.0,3701.0,3546.0,2164.0,8092.0,8092.0,2510.0,1036.0,2709.0,992.0
2.0,6092.0,3086.0,3534.0,6487.0,4643.0,4643.0,2491.0,1043.0,1498.0,1588.0
2.0,9493.0,2932.0,3506.0,8092.0,0.0,0.0,2443.0,1063.0,1264.0,1668.0
2.0,14653.0,3430.0,3491.0,4643.0,0.0,0.0,2414.0,1077.0,2258.0,1172.0
2.0,15866.0,4115.0,3505.0,0.0,2269.0,2269.0,2433.0,1072.0,3517.0,598.0
2.0,11751.0,4282.0,3536.0,0.0,6675.0,6675.0,2483.0,1053.0,3794.0,488.0
2.0,7469.0,3745.0,3553.0,2269.0,8219.0,8219.0,2514.0,1039.0,2776.0,969.0
2.0,5993.0,3063.0,3543.0,6675.0,4567.0,4567.0,2497.0,1046.0,1491.0,1572.0
2.0,9605.0,2924.0,3515.0,8219.0,0.0,0.0,2449.0,1066.0,1235.0,1689.0
2.0,14900.0,3422.0,3500.0,4567.0,0.0,0.0,2419.0,1081.0,2227.0,1195.0
2.0,16045.0,4035.0,3512.0,0.0,2038.0,2038.0,2437.0,1075.0,3474.0,561.0
2.0,12010.0,4159.0,3539.0,0.0,6305.0,6305.0,2485.0,1054.0,3727.0,432.0
2.0,7851.0,3694.0,3556.0,2038.0,8029.0,8029.0,2516.0,1040.0,2744.0,950.0
2.0,6195.0,3060.0,3546.0,6305.0,4744.0,4744.0,2499.0,1047.0,1484.0,1576.0
2.0,9440.0,2901.0,3519.0,8029.0,0.0,0.0,2451.0,1068.0,1218.0,1683.0
2.0,14568.0,3388.0,3504.0,4744.0,0.0,0.0,2421.0,1083.0,2215.0,1173.0
2.0,15924.0,4056.0,3515.0,0.0,2192.0,2192.0,2439.0,1076.0,3498.0,558.0
2.0,11868.0,4177.0,3541.0,0.0,6473.0,6473.0,2486.0,1055.0,3739.0,438.0
2.0,7691.0,3630.0,3557.0,2192.0,7975.0,7975.0,2515.0,1042.0,2699.0,931.0
2.0,6253.0,2972.0,3546.0,6473.0,4430.0,4430.0,2497.0,1049.0,1427.0,1545.0
2.0,9754.0,2887.0,3522.0,7975.0,0.0,0.0,2452.0,1070.0,1213.0,1674.0
2.0,14842.0,3470.0,3510.0,4430.0,0.0,0.0,2425.0,1085.0,2279.0,1191.0
2.0,15802.0,4123.0,3523.0,0.0,2413.0,2413.0,2445.0,1078.0,3551.0,572.0
2.0,11679.0,4193.0,3548.0,0.0,6706.0,6706.0,2491.0,1057.0,3767.0,426.0
2.0,7486.0,3621.0,3563.0,2413.0,7974.0,7974.0,2520.0,1043.0,2710.0,911.0
2.0,6278.0,2861.0,3552.0,6706.0,4085.0,4085.0,2501.0,1051.0,1332.0,1529.0
2.0,10123.0,2744.0,3526.0,7974.0,0.0,0.0,2453.0,1073.0,1074.0,1670.0
2.0,15353.0,3356.0,3510.0,4085.0,0.0,0.0,2424.0,1086.0,2177.0,1179.0
2.0,16082.0,4079.0,3519.0,0.0,2073.0,2073.0,2441.0,1078.0,3541.0,538.0
2.0,12003.0,4234.0,3545.0,0.0,6411.0,6411.0,2488.0,1057.0,3827.0,407.0
2.0,7769.0,3689.0,3562.0,2073.0,8095.0,8095.0,2519.0,1043.0,2760.0,929.0
2.0,6153.0,2937.0,3554.0,6411.0,4589.0,4589.0,2503.0,1051.0,1384.0,1553.0
2.0,9627.0,2756.0,3528.0,8095.0,0.0,0.0,2456.0,1072.0,1068.0,1688.0
2.0,14966.0,3369.0,3513.0,4589.0,0.0,0.0,2427.0,1086.0,2176.0,1193.0
2.0,16186.0,4135.0,3524.0,0.0,2045.0,2045.0,2445.0,1079.0,3592.0,543.0
2.0,12051.0,4234.0,3550.0,0.0,6383.0,6383.0,2493.0,1057.0,3847.0,387.0
2.0,7817.0,3606.0,3564.0,2045.0,8000.0,8000.0,2522.0,1042.0,2714.0,892.0
2.0,6256.0,2883.0,3555.0,6383.0,4464.0,4464.0,2505.0,1050.0,1330.0,1553.0
2.0,9756.0,2798.0,3530.0,8000.0,0.0,0.0,2458.0,1072.0,1081.0,1717.0
2.0,14958.0,3459.0,3515.0,4464.0,0.0,0.0,2429.0,1086.0,2247.0,1212.0
2.0,15963.0,4180.0,3525.0,0.0,2317.0,2317.0,2447.0,1078.0,3632.0,548.0
2.0,11783.0,4258.0,3550.0,0.0,6675.0,6675.0,2494.0,1056.0,3862.0,396.0
2.0,7525.0,3606.0,3564.0,2317.0,8020.0,8020.0,2523.0,1041.0,2708.0,898.0
2.0,6236.0,2909.0,3554.0,6675.0,4214.0,4214.0,2505.0,1049.0,1329.0,1580.0
2.0,10002.0,2863.0,3531.0,8020.0,0.0,0.0,2460.0,1071.0,1118.0,1745.0
2.0,15159.0,3486.0,3517.0,4214.0,0.0,0.0,2432.0,1085.0,2259.0,1227.0
2.0,15887.0,4186.0,3527.0,0.0,2407.0,2407.0,2450.0,1077.0,3639.0,547.0
2.0,11701.0,4257.0,3549.0,0.0,6752.0,6752.0,2495.0,1054.0,3883.0,374.0
2.0,7444.0,3677.0,3563.0,2407.0,8078.0,8078.0,2524.0,1039.0,2764.0,913.0
2.0,6174.0,2981.0,3556.0,6752.0,4279.0,4279.0,2508.0,1048.0,1371.0,1610.0
2.0,9945.0,2885.0,3532.0,8078.0,0.0,0.0,2462.0,1070.0,1113.0,1772.0
2.0,15138.0,3499.0,3519.0,4279.0,0.0,0.0,2434.0,1085.0,2242.0,1257.0
2.0,15918.0,4202.0,3529.0,0.0,2400.0,2400.0,2452.0,1077.0,3640.0,562.0
2.0,11716.0,4325.0,3553.0,0.0,6821.0,6821.0,2499.0,1054.0,3930.0,395.0
2.0,7391.0,3731.0,3568.0,2400.0,8212.0,8212.0,2529.0,1039.0,2822.0,909.0
2.0,6060.0,3040.0,3560.0,6821.0,4399.0,4399.0,2513.0,1047.0,1442.0,1598.0
2.0,9841.0,2901.0,3537.0,8212.0,0.0,0.0,2467.0,1070.0,1130.0,1771.0
2.0,15152.0,3467.0,3522.0,4399.0,0.0,0.0,2437.0,1085.0,2209.0,1258.0
2.0,16084.0,4147.0,3529.0,0.0,2179.0,2179.0,2452.0,1077.0,3586.0,561.0
2.0,11937.0,4270.0,3553.0,0.0,6545.0,6545.0,2499.0,1054.0,3890.0,380.0
2.0,7667.0,3740.0,3569.0,2179.0,8170.0,8170.0,2530.0,1039.0,2844.0,896.0
2.0,6106.0,3063.0,3561.0,6545.0,4656.0,4656.0,2515.0,1046.0,1477.0,1586.0
2.0,9588.0,2954.0,3541.0,8170.0,0.0,0.0,2471.0,1070.0,1170.0,1784.0
2.0,14804.0,3479.0,3527.0,4656.0,0.0,0.0,2441.0,1086.0,2198.0,1281.0
2.0,15981.0,4161.0,3537.0,0.0,2328.0,2328.0,2458.0,1079.0,3584.0,577.0
2.0,11820.0,4274.0,3560.0,0.0,6694.0,6694.0,2504.0,1056.0,3896.0,378.0
2.0,7546.0,3712.0,3575.0,2328.0,8138.0,8138.0,2535.0,1040.0,2831.0,881.0
2.0,6162.0,3037.0,3569.0,6694.0,4457.0,4457.0,2521.0,1048.0,1466.0,1571.0
2.0,9819.0,2917.0,3546.0,8138.0,0.0,0.0,2475.0,1071.0,1152.0,1765.0
2.0,15040.0,3482.0,3533.0,4457.0,0.0,0.0,2446.0,1087.0,2201.0,1281.0
2.0,16015.0,4154.0,3543.0,0.0,2311.0,2311.0,2462.0,1081.0,3565.0,589.0
2.0,11861.0,4259.0,3568.0,0.0,6670.0,6670.0,2510.0,1058.0,3876.0,383.0
2.0,7602.0,3677.0,3583.0,2311.0,8096.0,8096.0,2540.0,1043.0,2810.0,867.0
2.0,6236.0,3018.0,3575.0,6670.0,4412.0,4412.0,2525.0,1050.0,1459.0,1559.0
2.0,9888.0,2887.0,3551.0,8096.0,0.0,0.0,2478.0,1073.0,1119.0,1768.0
2.0,15097.0,3442.0,3536.0,4412.0,0.0,0.0,2447.0,1089.0,2160.0,1282.0
2.0,16067.0,4099.0,3546.0,0.0,2216.0,2216.0,2463.0,1083.0,3524.0,575.0
2.0,11968.0,4165.0,3571.0,0.0,6481.0,6481.0,2510.0,1061.0,3798.0,367.0
2.0,7803.0,3655.0,3588.0,2216.0,7988.0,7988.0,2543.0,1045.0,2783.0,872.0
2.0,6364.0,3039.0,3582.0,6481.0,4522.0,4522.0,2529.0,1053.0,1466.0,1573.0
2.0,9806.0,2943.0,3561.0,7988.0,0.0,0.0,2484.0,1077.0,1171.0,1772.0
2.0,14851.0,3438.0,3545.0,4522.0,0.0,0.0,2452.0,1093.0,2169.0,1269.0
2.0,15935.0,4032.0,3551.0,0.0,2301.0,2301.0,2465.0,1086.0,3458.0,574.0
2.0,11903.0,4149.0,3575.0,0.0,6546.0,6546.0,2511.0,1064.0,3776.0,373.0
2.0,7754.0,3637.0,3592.0,2301.0,7950.0,7950.0,2544.0,1048.0,2770.0,867.0
2.0,6418.0,3059.0,3586.0,6546.0,4439.0,4439.0,2531.0,1055.0,1493.0,1566.0
2.0,9905.0,2971.0,3564.0,7950.0,0.0,0.0,2485.0,1079.0,1192.0,1779.0
2.0,14884.0,3453.0,3548.0,4439.0,0.0,0.0,2452.0,1096.0,2169.0,1284.0
2.0,15870.0,4038.0,3556.0,0.0,2392.0,2392.0,2466.0,1090.0,3454.0,584.0
2.0,11832.0,4178.0,3582.0,0.0,6674.0,6674.0,2514.0,1068.0,3798.0,380.0
2.0,7654.0,3657.0,3598.0,2392.0,8003.0,8003.0,2547.0,1051.0,2790.0,867.0
2.0,6389.0,3008.0,3590.0,6674.0,4305.0,4305.0,2532.0,1058.0,1453.0,1555.0
2.0,10055.0,2958.0,3566.0,8003.0,0.0,0.0,2485.0,1081.0,1189.0,1769.0
2.0,15100.0,3571.0,3553.0,4305.0,0.0,0.0,2454.0,1099.0,2258.0,1313.0
2.0,15834.0,4188.0,3564.0,0.0,2610.0,2610.0,2470.0,1094.0,3568.0,620.0
2.0,11646.0,4189.0,3589.0,0.0,6899.0,6899.0,2518.0,1071.0,3789.0,400.0
2.0,7457.0,3636.0,3603.0,2610.0,7981.0,7981.0,2549.0,1054.0,2765.0,871.0
2.0,6431.0,3049.0,3595.0,6899.0,4099.0,4099.0,2535.0,1060.0,1498.0,1551.0
2.0,10281.0,3053.0,3573.0,7981.0,0.0,0.0,2489.0,1084.0,1290.0,1763.0
2.0,15209.0,3626.0,3561.0,4099.0,0.0,0.0,2459.0,1102.0,2323.0,1303.0
2.0,15682.0,4197.0,3571.0,0.0,2799.0,2799.0,2475.0,1096.0,3575.0,622.0
2.0,11485.0,4209.0,3595.0,0.0,7104.0,7104.0,2522.0,1073.0,3790.0,419.0
2.0,7276.0,3654.0,3609.0,2799.0,8015.0,8015.0,2553.0,1056.0,2769.0,885.0
2.0,6421.0,3106.0,3602.0,7104.0,3989.0,3989.0,2540.0,1062.0,1535.0,1571.0
2.0,10419.0,3058.0,3580.0,8015.0,0.0,0.0,2495.0,1085.0,1285.0,1773.0
2.0,15376.0,3596.0,3565.0,3989.0,0.0,0.0,2463.0,1102.0,2314.0,1282.0
2.0,15769.0,4161.0,3574.0,0.0,2688.0,2688.0,2478.0,1096.0,3573.0,588.0
2.0,11608.0,4220.0,3597.0,0.0,7000.0,7000.0,2524.0,1073.0,3823.0,397.0
2.0,7388.0,3722.0,3612.0,2688.0,8094.0,8094.0,2556.0,1056.0,2822.0,900.0
2.0,6354.0,3175.0,3607.0,7000.0,4249.0,4249.0,2544.0,1063.0,1582.0,1593.0
2.0,10179.0,3100.0,3586.0,8094.0,0.0,0.0,2500.0,1086.0,1309.0,1791.0
2.0,15173.0,3628.0,3575.0,4249.0,0.0,0.0,2471.0,1104.0,2341.0,1287.0
2.0,15794.0,4194.0,3583.0,0.0,2732.0,2732.0,2485.0,1098.0,3612.0,582.0
2.0,11600.0,4212.0,3606.0,0.0,7036.0,7036.0,2531.0,1075.0,3840.0,372.0
2.0,7388.0,3669.0,3619.0,2732.0,8025.0,8025.0,2562.0,1057.0,2787.0,882.0
2.0,6451.0,3090.0,3611.0,7036.0,4047.0,4047.0,2548.0,1063.0,1501.0,1589.0
2.0,10397.0,3057.0,3590.0,8025.0,0.0,0.0,2504.0,1086.0,1274.0,1783.0
2.0,15365.0,3591.0,3578.0,4047.0,0.0,0.0,2474.0,1104.0,2316.0,1275.0
2.0,15821.0,4152.0,3586.0,0.0,2675.0,2675.0,2488.0,1098.0,3584.0,568.0
2.0,11669.0,4167.0,3607.0,0.0,6926.0,6926.0,2533.0,1074.0,3804.0,363.0
2.0,7502.0,3649.0,3621.0,2675.0,7956.0,7956.0,2564.0,1057.0,2783.0,866.0
2.0,6528.0,3090.0,3613.0,6926.0,4088.0,4088.0,2551.0,1062.0,1523.0,1567.0
2.0,10364.0,3037.0,3592.0,7956.0,0.0,0.0,2507.0,1085.0,1279.0,1758.0
2.0,15283.0,3552.0,3579.0,4088.0,0.0,0.0,2477.0,1102.0,2288.0,1264.0
2.0,15819.0,4069.0,3586.0,0.0,2594.0,2594.0,2490.0,1096.0,3505.0,564.0
2.0,11750.0,4034.0,3606.0,0.0,6708.0,6708.0,2533.0,1073.0,3660.0,374.0
2.0,7716.0,3577.0,3620.0,2594.0,7747.0,7747.0,2563.0,1057.0,2677.0,900.0
2.0,6733.0,3087.0,3613.0,6708.0,4098.0,4098.0,2550.0,1063.0,1491.0,1596.0
2.0,10354.0,3076.0,3593.0,7747.0,0.0,0.0,2507.0,1086.0,1310.0,1766.0
2.0,15025.0,3564.0,3581.0,4098.0,0.0,0.0,2479.0,1102.0,2335.0,1229.0
2.0,15559.0,4016.0,3589.0,0.0,2813.0,2813.0,2493.0,1096.0,3489.0,527.0
2.0,11543.0,4013.0,3607.0,0.0,6898.0,6898.0,2535.0,1072.0,3647.0,366.0
2.0,7530.0,3569.0,3619.0,2813.0,7702.0,7702.0,2563.0,1056.0,2664.0,905.0
2.0,6774.0,3125.0,3613.0,6898.0,3905.0,3905.0,2551.0,1062.0,1507.0,1618.0
2.0,10547.0,3109.0,3596.0,7702.0,0.0,0.0,2510.0,1086.0,1326.0,1783.0
2.0,15140.0,3565.0,3584.0,3905.0,0.0,0.0,2482.0,1102.0,2324.0,1241.0
2.0,15480.0,4004.0,3591.0,0.0,2888.0,2888.0,2495.0,1096.0,3474.0,530.0
2.0,11476.0,3988.0,3609.0,0.0,6948.0,6948.0,2536.0,1073.0,3628.0,360.0
2.0,7488.0,3579.0,3620.0,2888.0,7683.0,7683.0,2564.0,1056.0,2659.0,920.0
2.0,6797.0,3186.0,3615.0,6948.0,3901.0,3901.0,2552.0,1063.0,1543.0,1643.0
2.0,10559.0,3161.0,3598.0,7683.0,0.0,0.0,2512.0,1086.0,1366.0,1795.0
2.0,15081.0,3555.0,3587.0,3901.0,0.0,0.0,2484.0,1103.0,2329.0,1226.0
2.0,15427.0,3978.0,3593.0,0.0,2923.0,2923.0,2497.0,1096.0,3464.0,514.0
2.0,11449.0,4038.0,3613.0,0.0,7041.0,7041.0,2540.0,1073.0,3668.0,370.0
2.0,7411.0,3691.0,3626.0,2923.0,7861.0,7861.0,2569.0,1057.0,2735.0,956.0
2.0,6643.0,3317.0,3621.0,7041.0,4117.0,4117.0,2557.0,1064.0,1643.0,1674.0
2.0,10367.0,3229.0,3603.0,7861.0,0.0,0.0,2516.0,1087.0,1409.0,1820.0
2.0,14999.0,3541.0,3591.0,4117.0,0.0,0.0,2487.0,1104.0,2300.0,1241.0
2.0,15575.0,3959.0,3597.0,0.0,2772.0,2772.0,2500.0,1097.0,3435.0,524.0
2.0,11616.0,4056.0,3616.0,0.0,6904.0,6904.0,2542.0,1074.0,3676.0,380.0
2.0,7560.0,3748.0,3630.0,2772.0,7936.0,7936.0,2571.0,1059.0,2794.0,954.0
2.0,6584.0,3380.0,3625.0,6904.0,4392.0,4392.0,2559.0,1066.0,1704.0,1676.0
2.0,10108.0,3278.0,3607.0,7936.0,0.0,0.0,2518.0,1089.0,1436.0,1842.0
2.0,14766.0,3584.0,3595.0,4392.0,0.0,0.0,2489.0,1106.0,2307.0,1277.0
2.0,15574.0,4035.0,3602.0,0.0,2869.0,2869.0,2503.0,1099.0,3486.0,549.0
2.0,11539.0,4148.0,3623.0,0.0,7101.0,7101.0,2546.0,1077.0,3759.0,389.0
2.0,7391.0,3782.0,3637.0,2869.0,8070.0,8070.0,2576.0,1061.0,2826.0,956.0
2.0,6478.0,3347.0,3632.0,7101.0,4296.0,4296.0,2563.0,1069.0,1664.0,1683.0
2.0,10232.0,3273.0,3615.0,8070.0,0.0,0.0,2522.0,1093.0,1419.0,1854.0
2.0,15029.0,3628.0,3603.0,4296.0,0.0,0.0,2493.0,1110.0,2346.0,1282.0
2.0,15697.0,4083.0,3610.0,0.0,2826.0,2826.0,2507.0,1103.0,3543.0,540.0
2.0,11614.0,4165.0,3630.0,0.0,7071.0,7071.0,2550.0,1080.0,3785.0,380.0
2.0,7449.0,3794.0,3643.0,2826.0,8091.0,8091.0,2579.0,1064.0,2847.0,947.0
2.0,6481.0,3344.0,3637.0,7071.0,4340.0,4340.0,2566.0,1071.0,1666.0,1678.0
2.0,10208.0,3272.0,3619.0,8091.0,0.0,0.0,2524.0,1095.0,1429.0,1843.0
2.0,15027.0,3606.0,3608.0,4340.0,0.0,0.0,2495.0,1113.0,2338.0,1268.0
2.0,15761.0,4031.0,3615.0,0.0,2730.0,2730.0,2509.0,1106.0,3492.0,539.0
2.0,11730.0,4118.0,3635.0,0.0,6928.0,6928.0,2552.0,1083.0,3739.0,379.0
2.0,7612.0,3743.0,3648.0,2730.0,7993.0,7993.0,2581.0,1067.0,2799.0,944.0
2.0,6599.0,3287.0,3642.0,6928.0,4328.0,4328.0,2568.0,1074.0,1623.0,1664.0
2.0,10240.0,3193.0,3623.0,7993.0,0.0,0.0,2525.0,1098.0,1374.0,1819.0
2.0,15040.0,3550.0,3611.0,4328.0,0.0,0.0,2496.0,1115.0,2300.0,1250.0
2.0,15818.0,3994.0,3619.0,0.0,2652.0,2652.0,2510.0,1109.0,3471.0,523.0
2.0,11824.0,4144.0,3639.0,0.0,6876.0,6876.0,2553.0,1086.0,3765.0,379.0
2.0,7680.0,3772.0,3652.0,2652.0,8048.0,8048.0,2582.0,1070.0,2823.0,949.0
2.0,6560.0,3221.0,3646.0,6876.0,4369.0,4369.0,2568.0,1078.0,1560.0,1661.0
2.0,10215.0,3087.0,3628.0,8048.0,0.0,0.0,2526.0,1102.0,1274.0,1813.0
2.0,15176.0,3474.0,3616.0,4369.0,0.0,0.0,2498.0,1118.0,2248.0,1226.0
2.0,16071.0,3963.0,3624.0,0.0,2388.0,2388.0,2514.0,1110.0,3478.0,485.0
2.0,12108.0,4114.0,3644.0,0.0,6582.0,6582.0,2558.0,1086.0,3780.0,334.0
2.0,7994.0,3752.0,3657.0,2388.0,7998.0,7998.0,2587.0,1070.0,2830.0,922.0
2.0,6630.0,3180.0,3649.0,6582.0,4564.0,4564.0,2571.0,1078.0,1515.0,1665.0
2.0,10032.0,3051.0,3631.0,7998.0,0.0,0.0,2528.0,1103.0,1225.0,1826.0
2.0,14979.0,3419.0,3619.0,4564.0,0.0,0.0,2500.0,1119.0,2203.0,1216.0
2.0,16124.0,3936.0,3626.0,0.0,2316.0,2316.0,2515.0,1111.0,3466.0,470.0
2.0,12188.0,4071.0,3644.0,0.0,6459.0,6459.0,2558.0,1086.0,3748.0,323.0
2.0,8117.0,3719.0,3657.0,2316.0,7914.0,7914.0,2587.0,1070.0,2794.0,925.0
2.0,6714.0,3243.0,3650.0,6459.0,4670.0,4670.0,2572.0,1078.0,1564.0,1679.0
2.0,9930.0,3100.0,3633.0,7914.0,0.0,0.0,2530.0,1103.0,1267.0,1833.0
2.0,14744.0,3443.0,3623.0,4670.0,0.0,0.0,2503.0,1120.0,2218.0,1225.0
2.0,15971.0,3943.0,3629.0,0.0,2488.0,2488.0,2518.0,1111.0,3472.0,471.0
2.0,12028.0,4064.0,3647.0,0.0,6624.0,6624.0,2561.0,1086.0,3752.0,312.0
2.0,7964.0,3727.0,3657.0,2488.0,7903.0,7903.0,2588.0,1069.0,2809.0,918.0
2.0,6725.0,3313.0,3653.0,6624.0,4576.0,4576.0,2575.0,1078.0,1620.0,1693.0
2.0,10036.0,3261.0,3639.0,7903.0,0.0,0.0,2535.0,1104.0,1389.0,1872.0
2.0,14678.0,3585.0,3630.0,4576.0,0.0,0.0,2509.0,1121.0,2329.0,1256.0
2.0,15669.0,3981.0,3636.0,0.0,2856.0,2856.0,2524.0,1112.0,3501.0,480.0
2.0,11688.0,4039.0,3649.0,0.0,6947.0,6947.0,2564.0,1085.0,3738.0,301.0
2.0,7649.0,3731.0,3659.0,2856.0,7862.0,7862.0,2591.0,1068.0,2801.0,930.0
2.0,6774.0,3380.0,3656.0,6947.0,4283.0,4283.0,2578.0,1078.0,1652.0,1728.0
2.0,10341.0,3328.0,3644.0,7862.0,0.0,0.0,2540.0,1104.0,1437.0,1891.0
2.0,14875.0,3666.0,3636.0,4283.0,0.0,0.0,2515.0,1121.0,2392.0,1274.0
2.0,15492.0,4050.0,3642.0,0.0,3126.0,3126.0,2530.0,1112.0,3564.0,486.0
2.0,11442.0,4061.0,3655.0,0.0,7239.0,7239.0,2569.0,1086.0,3750.0,311.0
2.0,7381.0,3713.0,3664.0,3126.0,7862.0,7862.0,2596.0,1068.0,2791.0,922.0
2.0,6794.0,3364.0,3660.0,7239.0,3971.0,3971.0,2583.0,1077.0,1642.0,1722.0
2.0,10669.0,3407.0,3647.0,7862.0,0.0,0.0,2544.0,1103.0,1472.0,1935.0
2.0,15124.0,3799.0,3641.0,3971.0,0.0,0.0,2519.0,1122.0,2462.0,1337.0
2.0,15296.0,4133.0,3647.0,0.0,3425.0,3425.0,2534.0,1113.0,3625.0,508.0
2.0,11163.0,4087.0,3662.0,0.0,7572.0,7572.0,2576.0,1086.0,3807.0,280.0
2.0,7076.0,3675.0,3669.0,3425.0,7850.0,7850.0,2602.0,1067.0,2805.0,870.0
2.0,6826.0,3316.0,3663.0,7572.0,3570.0,3570.0,2588.0,1075.0,1621.0,1695.0
2.0,11082.0,3380.0,3650.0,7850.0,0.0,0.0,2548.0,1102.0,1439.0,1941.0
2.0,15552.0,3800.0,3643.0,3570.0,0.0,0.0,2522.0,1121.0,2445.0,1355.0
2.0,15322.0,4150.0,3650.0,0.0,3428.0,3428.0,2537.0,1113.0,3619.0,531.0
2.0,11172.0,4064.0,3664.0,0.0,7548.0,7548.0,2578.0,1086.0,3776.0,288.0
2.0,7108.0,3645.0,3671.0,3428.0,7793.0,7793.0,2604.0,1067.0,2783.0,862.0
2.0,6891.0,3247.0,3664.0,7548.0,3464.0,3464.0,2589.0,1075.0,1574.0,1673.0
2.0,11192.0,3306.0,3650.0,7793.0,0.0,0.0,2548.0,1102.0,1364.0,1942.0
2.0,15679.0,3767.0,3643.0,3464.0,0.0,0.0,2522.0,1121.0,2374.0,1393.0
2.0,15376.0,4201.0,3652.0,0.0,3433.0,3433.0,2537.0,1115.0,3610.0,591.0
2.0,11175.0,4117.0,3667.0,0.0,7610.0,7610.0,2579.0,1088.0,3810.0,307.0
2.0,7058.0,3653.0,3677.0,3433.0,7870.0,7870.0,2607.0,1070.0,2812.0,841.0
2.0,6838.0,3219.0,3670.0,7610.0,3451.0,3451.0,2593.0,1077.0,1576.0,1643.0
2.0,11229.0,3249.0,3656.0,7870.0,0.0,0.0,2552.0,1104.0,1328.0,1921.0
2.0,15850.0,3687.0,3647.0,3451.0,0.0,0.0,2524.0,1123.0,2299.0,1388.0
2.0,15614.0,4137.0,3654.0,0.0,3139.0,3139.0,2538.0,1116.0,3556.0,581.0
2.0,11477.0,4104.0,3671.0,0.0,7311.0,7311.0,2581.0,1090.0,3806.0,298.0
2.0,7373.0,3575.0,3681.0,3139.0,7787.0,7787.0,2610.0,1071.0,2763.0,812.0
2.0,6937.0,3127.0,3674.0,7311.0,3575.0,3575.0,2595.0,1079.0,1497.0,1630.0
2.0,11121.0,3195.0,3659.0,7787.0,0.0,0.0,2553.0,1106.0,1277.0,1918.0
2.0,15713.0,3711.0,3652.0,3575.0,0.0,0.0,2525.0,1127.0,2317.0,1394.0
2.0,15577.0,4165.0,3659.0,0.0,3224.0,3224.0,2539.0,1120.0,3573.0,592.0
2.0,11412.0,4102.0,3677.0,0.0,7398.0,7398.0,2583.0,1094.0,3796.0,306.0
2.0,7310.0,3529.0,3687.0,3224.0,7743.0,7743.0,2612.0,1075.0,2718.0,811.0
2.0,7005.0,3070.0,3679.0,7398.0,3383.0,3383.0,2597.0,1082.0,1462.0,1608.0
2.0,11333.0,3178.0,3665.0,7743.0,0.0,0.0,2555.0,1110.0,1284.0,1894.0
2.0,15898.0,3755.0,3659.0,3383.0,0.0,0.0,2529.0,1130.0,2355.0,1400.0
2.0,15526.0,4206.0,3668.0,0.0,3352.0,3352.0,2544.0,1124.0,3592.0,614.0
2.0,11320.0,4121.0,3685.0,0.0,7541.0,7541.0,2587.0,1098.0,3803.0,318.0
2.0,7199.0,3561.0,3694.0,3352.0,7786.0,7786.0,2615.0,1079.0,2743.0,818.0
2.0,6990.0,3074.0,3687.0,7541.0,3291.0,3291.0,2601.0,1086.0,1481.0,1593.0
2.0,11457.0,3188.0,3673.0,7786.0,0.0,0.0,2560.0,1113.0,1308.0,1880.0
2.0,16055.0,3760.0,3666.0,3291.0,0.0,0.0,2533.0,1133.0,2380.0,1380.0
2.0,15586.0,4260.0,3677.0,0.0,3382.0,3382.0,2549.0,1128.0,3639.0,621.0
2.0,11326.0,4155.0,3693.0,0.0,7601.0,7601.0,2592.0,1101.0,3834.0,321.0
2.0,7171.0,3585.0,3699.0,3382.0,7828.0,7828.0,2618.0,1081.0,2779.0,806.0
2.0,6968.0,3181.0,3691.0,7601.0,3376.0,3376.0,2604.0,1087.0,1576.0,1605.0
2.0,11388.0,3295.0,3678.0,7828.0,0.0,0.0,2563.0,1115.0,1388.0,1907.0
2.0,15921.0,3853.0,3674.0,3376.0,0.0,0.0,2538.0,1136.0,2436.0,1417.0
2.0,15444.0,4280.0,3685.0,0.0,3576.0,3576.0,2555.0,1130.0,3659.0,621.0
2.0,11164.0,4118.0,3699.0,0.0,7750.0,7750.0,2596.0,1103.0,3795.0,323.0
2.0,7046.0,3574.0,3704.0,3576.0,7768.0,7768.0,2622.0,1082.0,2768.0,806.0
2.0,7048.0,3167.0,3695.0,7750.0,3149.0,3149.0,2606.0,1089.0,1575.0,1592.0
2.0,11631.0,3361.0,3681.0,7768.0,0.0,0.0,2565.0,1116.0,1444.0,1917.0
