id,inv,demand,forecast,received_shipment,order,Order_Supplier_0,Forecast_Retailer_0,Forecast_Retailer_1,Demand_Retailer_0,Demand_Retailer_1
0.0,0.0,1665.0,1665.0,0.0,8325.0,8325.0,1165.0,500.0,1165.0,500.0
0.0,0.0,1685.0,1674.0,0.0,8370.0,8370.0,1172.0,502.0,1180.0,505.0
0.0,0.0,1680.0,1676.0,0.0,8380.0,8380.0,1173.0,503.0,1175.0,505.0
0.0,0.0,1695.0,1681.0,8325.0,6805.0,6805.0,1176.0,505.0,1185.0,510.0
0.0,1600.0,1705.0,1686.0,8370.0,165.0,165.0,1180.0,506.0,1195.0,510.0
0.0,8265.0,1720.0,1692.0,8380.0,0.0,0.0,1184.0,508.0,1205.0,515.0
0.0,14925.0,0.0,1450.0,6805.0,0.0,0.0,1015.0,435.0,0.0,0.0
0.0,21730.0,0.0,1269.0,165.0,0.0,0.0,888.0,381.0,0.0,0.0
0.0,21895.0,0.0,1127.0,0.0,0.0,0.0,789.0,338.0,0.0,0.0
0.0,21895.0,0.0,1014.0,0.0,0.0,0.0,710.0,304.0,0.0,0.0
0.0,21895.0,0.0,923.0,0.0,0.0,0.0,646.0,277.0,0.0,0.0
0.0,21895.0,0.0,846.0,0.0,0.0,0.0,592.0,254.0,0.0,0.0
0.0,21895.0,0.0,781.0,0.0,0.0,0.0,547.0,234.0,0.0,0.0
0.0,21895.0,0.0,726.0,0.0,0.0,0.0,508.0,218.0,0.0,0.0
0.0,21895.0,0.0,677.0,0.0,0.0,0.0,474.0,203.0,0.0,0.0
0.0,21895.0,0.0,634.0,0.0,0.0,0.0,444.0,190.0,0.0,0.0
0.0,21895.0,0.0,597.0,0.0,0.0,0.0,418.0,179.0,0.0,0.0
0.0,21895.0,0.0,564.0,0.0,0.0,0.0,395.0,169.0,0.0,0.0
0.0,21895.0,0.0,534.0,0.0,0.0,0.0,374.0,160.0,0.0,0.0
0.0,21895.0,0.0,507.0,0.0,0.0,0.0,355.0,152.0,0.0,0.0
0.0,21895.0,0.0,483.0,0.0,0.0,0.0,338.0,145.0,0.0,0.0
0.0,21895.0,0.0,461.0,0.0,0.0,0.0,323.0,138.0,0.0,0.0
0.0,21895.0,2.0,441.0,0.0,0.0,0.0,309.0,132.0,0.0,2.0
0.0,21893.0,362.0,439.0,0.0,0.0,0.0,307.0,132.0,252.0,110.0
0.0,21531.0,711.0,449.0,0.0,0.0,0.0,314.0,135.0,495.0,216.0
0.0,20820.0,1053.0,472.0,0.0,0.0,0.0,330.0,142.0,739.0,314.0
0.0,19767.0,1041.0,493.0,0.0,0.0,0.0,345.0,148.0,732.0,309.0
0.0,18726.0,667.0,500.0,0.0,0.0,0.0,350.0,150.0,471.0,196.0
0.0,18059.0,0.0,483.0,0.0,0.0,0.0,338.0,145.0,0.0,0.0
0.0,18059.0,0.0,466.0,0.0,0.0,0.0,326.0,140.0,0.0,0.0
0.0,18059.0,0.0,451.0,0.0,0.0,0.0,316.0,135.0,0.0,0.0
0.0,18059.0,0.0,437.0,0.0,0.0,0.0,306.0,131.0,0.0,0.0
0.0,18059.0,0.0,424.0,0.0,0.0,0.0,297.0,127.0,0.0,0.0
0.0,18059.0,0.0,411.0,0.0,0.0,0.0,288.0,123.0,0.0,0.0
0.0,18059.0,228.0,406.0,0.0,0.0,0.0,284.0,122.0,154.0,74.0
0.0,17831.0,542.0,410.0,0.0,0.0,0.0,287.0,123.0,376.0,166.0
0.0,17289.0,861.0,422.0,0.0,0.0,0.0,295.0,127.0,598.0,263.0
0.0,16428.0,954.0,436.0,0.0,0.0,0.0,305.0,131.0,669.0,285.0
0.0,15474.0,731.0,443.0,0.0,0.0,0.0,310.0,133.0,515.0,216.0
0.0,14743.0,192.0,437.0,0.0,0.0,0.0,306.0,131.0,146.0,46.0
0.0,14551.0,0.0,427.0,0.0,0.0,0.0,299.0,128.0,0.0,0.0
0.0,14551.0,0.0,417.0,0.0,0.0,0.0,292.0,125.0,0.0,0.0
0.0,14551.0,0.0,407.0,0.0,0.0,0.0,285.0,122.0,0.0,0.0
0.0,14551.0,0.0,397.0,0.0,0.0,0.0,278.0,119.0,0.0,0.0
0.0,14551.0,0.0,388.0,0.0,0.0,0.0,272.0,116.0,0.0,0.0
0.0,14551.0,302.0,387.0,0.0,0.0,0.0,271.0,116.0,204.0,98.0
0.0,14249.0,645.0,392.0,0.0,0.0,0.0,274.0,118.0,444.0,201.0
0.0,13604.0,987.0,405.0,0.0,0.0,0.0,283.0,122.0,683.0,304.0
0.0,12617.0,1041.0,418.0,0.0,0.0,0.0,292.0,126.0,728.0,313.0
0.0,11576.0,749.0,425.0,0.0,0.0,0.0,297.0,128.0,531.0,218.0
0.0,10827.0,124.0,418.0,0.0,0.0,0.0,293.0,125.0,101.0,23.0
0.0,10703.0,0.0,410.0,0.0,0.0,0.0,287.0,123.0,0.0,0.0
0.0,10703.0,0.0,378.0,0.0,0.0,0.0,265.0,113.0,0.0,0.0
0.0,10703.0,0.0,346.0,0.0,0.0,0.0,242.0,104.0,0.0,0.0
0.0,10703.0,0.0,314.0,0.0,0.0,0.0,220.0,94.0,0.0,0.0
0.0,10703.0,78.0,283.0,0.0,0.0,0.0,198.0,85.0,48.0,30.0
0.0,10625.0,475.0,259.0,0.0,0.0,0.0,181.0,78.0,327.0,148.0
0.0,10150.0,866.0,243.0,0.0,0.0,0.0,170.0,73.0,601.0,265.0
0.0,9284.0,1189.0,266.0,0.0,0.0,0.0,186.0,80.0,835.0,354.0
0.0,8095.0,1114.0,287.0,0.0,0.0,0.0,201.0,86.0,788.0,326.0
0.0,6981.0,662.0,300.0,0.0,0.0,0.0,210.0,90.0,475.0,187.0
0.0,6319.0,0.0,300.0,0.0,0.0,0.0,210.0,90.0,0.0,0.0
0.0,6319.0,0.0,300.0,0.0,0.0,0.0,210.0,90.0,0.0,0.0
0.0,6319.0,0.0,300.0,0.0,0.0,0.0,210.0,90.0,0.0,0.0
0.0,6319.0,0.0,300.0,0.0,0.0,0.0,210.0,90.0,0.0,0.0
0.0,6319.0,0.0,300.0,0.0,0.0,0.0,210.0,90.0,0.0,0.0
0.0,6319.0,163.0,303.0,0.0,0.0,0.0,212.0,91.0,104.0,59.0
0.0,6156.0,580.0,313.0,0.0,0.0,0.0,219.0,94.0,396.0,184.0
0.0,5576.0,995.0,333.0,0.0,0.0,0.0,233.0,100.0,688.0,307.0
0.0,4581.0,1251.0,358.0,0.0,0.0,0.0,250.0,108.0,874.0,377.0
0.0,3330.0,1083.0,378.0,0.0,0.0,0.0,264.0,114.0,768.0,315.0
0.0,2247.0,487.0,387.0,0.0,175.0,175.0,271.0,116.0,359.0,128.0
0.0,1760.0,0.0,387.0,0.0,175.0,175.0,271.0,116.0,0.0,0.0
0.0,1760.0,0.0,387.0,0.0,175.0,175.0,271.0,116.0,0.0,0.0
0.0,1760.0,0.0,387.0,175.0,0.0,0.0,271.0,116.0,0.0,0.0
0.0,1935.0,0.0,380.0,175.0,0.0,0.0,266.0,114.0,0.0,0.0
0.0,2110.0,0.0,367.0,175.0,0.0,0.0,257.0,110.0,0.0,0.0
0.0,2285.0,50.0,347.0,0.0,0.0,0.0,243.0,104.0,27.0,23.0
0.0,2235.0,442.0,336.0,0.0,0.0,0.0,235.0,101.0,303.0,139.0
0.0,1793.0,827.0,339.0,0.0,729.0,729.0,237.0,102.0,569.0,258.0
0.0,966.0,1158.0,361.0,0.0,1804.0,1804.0,252.0,109.0,810.0,348.0
0.0,1.0,1100.0,382.0,0.0,1909.0,1909.0,267.0,115.0,776.0,324.0
0.0,1.0,644.0,394.0,729.0,1969.0,1969.0,276.0,118.0,468.0,176.0
0.0,1.0,54.0,395.0,1804.0,1432.0,1432.0,277.0,118.0,54.0,0.0
0.0,543.0,426.0,404.0,1909.0,0.0,0.0,283.0,121.0,312.0,114.0
0.0,2026.0,71.0,405.0,1969.0,0.0,0.0,284.0,121.0,56.0,15.0
0.0,3924.0,0.0,400.0,1432.0,0.0,0.0,281.0,119.0,0.0,0.0
0.0,5356.0,0.0,390.0,0.0,0.0,0.0,274.0,116.0,0.0,0.0
0.0,5356.0,0.0,374.0,0.0,0.0,0.0,263.0,111.0,0.0,0.0
0.0,5356.0,0.0,356.0,0.0,0.0,0.0,250.0,106.0,0.0,0.0
0.0,5356.0,115.0,344.0,0.0,0.0,0.0,241.0,103.0,36.0,79.0
0.0,5241.0,477.0,349.0,0.0,0.0,0.0,243.0,106.0,291.0,186.0
0.0,4764.0,831.0,365.0,0.0,0.0,0.0,254.0,111.0,539.0,292.0
0.0,3933.0,1084.0,386.0,0.0,0.0,0.0,268.0,118.0,762.0,322.0
0.0,2849.0,976.0,404.0,0.0,147.0,147.0,282.0,122.0,726.0,250.0
0.0,1873.0,518.0,415.0,0.0,720.0,720.0,291.0,124.0,448.0,70.0
0.0,1355.0,0.0,415.0,0.0,720.0,720.0,291.0,124.0,0.0,0.0
0.0,1355.0,0.0,409.0,147.0,543.0,543.0,287.0,122.0,0.0,0.0
0.0,1502.0,0.0,397.0,720.0,0.0,0.0,279.0,118.0,0.0,0.0
0.0,2222.0,0.0,377.0,720.0,0.0,0.0,265.0,112.0,0.0,0.0
0.0,2942.0,0.0,357.0,543.0,0.0,0.0,251.0,106.0,0.0,0.0
0.0,3485.0,230.0,347.0,0.0,0.0,0.0,243.0,104.0,116.0,114.0
0.0,3255.0,631.0,357.0,0.0,0.0,0.0,249.0,108.0,398.0,233.0
0.0,2624.0,1028.0,377.0,0.0,289.0,289.0,262.0,115.0,676.0,352.0
0.0,1596.0,1208.0,400.0,0.0,1612.0,1612.0,278.0,122.0,845.0,363.0
0.0,388.0,986.0,419.0,0.0,2094.0,2094.0,292.0,127.0,733.0,253.0
0.0,1.0,373.0,426.0,289.0,2129.0,2129.0,299.0,127.0,349.0,24.0
0.0,1.0,0.0,425.0,1612.0,1195.0,1195.0,298.0,127.0,0.0,0.0
0.0,930.0,0.0,416.0,2094.0,0.0,0.0,292.0,124.0,0.0,0.0
0.0,3024.0,0.0,399.0,2129.0,0.0,0.0,280.0,119.0,0.0,0.0
0.0,5153.0,0.0,376.0,1195.0,0.0,0.0,264.0,112.0,0.0,0.0
0.0,6348.0,26.0,355.0,0.0,0.0,0.0,249.0,106.0,0.0,26.0
0.0,6322.0,383.0,350.0,0.0,0.0,0.0,244.0,106.0,226.0,157.0
0.0,5939.0,829.0,366.0,0.0,0.0,0.0,255.0,111.0,540.0,289.0
0.0,5110.0,1247.0,390.0,0.0,0.0,0.0,271.0,119.0,847.0,400.0
0.0,3863.0,1306.0,415.0,0.0,0.0,0.0,289.0,126.0,932.0,374.0
0.0,2557.0,917.0,432.0,0.0,520.0,520.0,302.0,130.0,700.0,217.0
0.0,1640.0,169.0,436.0,0.0,709.0,709.0,306.0,130.0,169.0,0.0
0.0,1471.0,0.0,433.0,0.0,694.0,694.0,304.0,129.0,0.0,0.0
0.0,1471.0,0.0,421.0,520.0,114.0,114.0,296.0,125.0,0.0,0.0
0.0,1991.0,0.0,403.0,709.0,0.0,0.0,283.0,120.0,0.0,0.0
0.0,2700.0,0.0,378.0,694.0,0.0,0.0,266.0,112.0,0.0,0.0
0.0,3394.0,34.0,358.0,114.0,0.0,0.0,251.0,107.0,0.0,34.0
0.0,3474.0,418.0,357.0,0.0,0.0,0.0,249.0,108.0,251.0,167.0
0.0,3056.0,864.0,374.0,0.0,0.0,0.0,260.0,114.0,561.0,303.0
0.0,2192.0,1260.0,398.0,0.0,1058.0,1058.0,277.0,121.0,862.0,398.0
0.0,932.0,1274.0,422.0,0.0,2109.0,2109.0,294.0,128.0,915.0,359.0
0.0,1.0,837.0,439.0,0.0,2194.0,2194.0,307.0,132.0,653.0,184.0
0.0,1.0,97.0,441.0,1058.0,2204.0,2204.0,309.0,132.0,97.0,0.0
0.0,1.0,0.0,439.0,2109.0,304.0,304.0,308.0,131.0,0.0,0.0
0.0,1891.0,19.0,431.0,2194.0,0.0,0.0,303.0,128.0,19.0,0.0
0.0,4066.0,0.0,416.0,2204.0,0.0,0.0,292.0,124.0,0.0,0.0
0.0,6270.0,0.0,393.0,304.0,0.0,0.0,276.0,117.0,0.0,0.0
0.0,6574.0,0.0,372.0,0.0,0.0,0.0,261.0,111.0,0.0,0.0
0.0,6574.0,283.0,365.0,0.0,0.0,0.0,255.0,110.0,163.0,120.0
0.0,6291.0,697.0,377.0,0.0,0.0,0.0,263.0,114.0,449.0,248.0
0.0,5594.0,1097.0,390.0,0.0,0.0,0.0,271.0,119.0,729.0,368.0
0.0,4497.0,1215.0,412.0,0.0,0.0,0.0,286.0,126.0,848.0,367.0
0.0,3282.0,918.0,430.0,0.0,0.0,0.0,299.0,131.0,679.0,239.0
0.0,2364.0,231.0,435.0,0.0,42.0,42.0,304.0,131.0,231.0,0.0
0.0,2133.0,0.0,435.0,0.0,42.0,42.0,304.0,131.0,0.0,0.0
0.0,2133.0,0.0,435.0,0.0,42.0,42.0,304.0,131.0,0.0,0.0
0.0,2133.0,0.0,432.0,42.0,0.0,0.0,303.0,129.0,0.0,0.0
0.0,2175.0,0.0,422.0,42.0,0.0,0.0,297.0,125.0,0.0,0.0
0.0,2217.0,0.0,407.0,42.0,0.0,0.0,287.0,120.0,0.0,0.0
0.0,2259.0,260.0,391.0,0.0,0.0,0.0,275.0,116.0,153.0,107.0
0.0,1999.0,657.0,385.0,0.0,583.0,583.0,270.0,115.0,431.0,226.0
0.0,1342.0,1058.0,396.0,0.0,1696.0,1696.0,275.0,121.0,713.0,345.0
0.0,284.0,1200.0,418.0,0.0,2089.0,2089.0,291.0,127.0,841.0,359.0
0.0,1.0,957.0,436.0,583.0,2179.0,2179.0,304.0,132.0,698.0,259.0
0.0,1.0,306.0,443.0,1696.0,2115.0,2115.0,310.0,133.0,270.0,36.0
0.0,100.0,442.0,452.0,2089.0,513.0,513.0,317.0,135.0,366.0,76.0
0.0,1747.0,273.0,456.0,2179.0,0.0,0.0,321.0,135.0,239.0,34.0
0.0,3653.0,0.0,452.0,2115.0,0.0,0.0,319.0,133.0,0.0,0.0
0.0,5768.0,0.0,440.0,513.0,0.0,0.0,311.0,129.0,0.0,0.0
0.0,6281.0,0.0,420.0,0.0,0.0,0.0,298.0,122.0,0.0,0.0
0.0,6281.0,43.0,398.0,0.0,0.0,0.0,282.0,116.0,0.0,43.0
0.0,6238.0,174.0,382.0,0.0,0.0,0.0,268.0,114.0,0.0,174.0
0.0,6064.0,598.0,387.0,0.0,0.0,0.0,267.0,120.0,289.0,309.0
0.0,5466.0,1005.0,405.0,0.0,0.0,0.0,278.0,127.0,604.0,401.0
0.0,4461.0,1297.0,430.0,0.0,0.0,0.0,296.0,134.0,928.0,369.0
0.0,3164.0,1153.0,453.0,0.0,254.0,254.0,315.0,138.0,957.0,196.0
0.0,2011.0,682.0,466.0,0.0,1001.0,1001.0,328.0,138.0,682.0,0.0
0.0,1329.0,80.0,467.0,0.0,1086.0,1086.0,329.0,138.0,80.0,0.0
0.0,1249.0,0.0,460.0,254.0,797.0,797.0,325.0,135.0,0.0,0.0
0.0,1503.0,0.0,444.0,1001.0,0.0,0.0,315.0,129.0,0.0,0.0
0.0,2504.0,0.0,419.0,1086.0,0.0,0.0,298.0,121.0,0.0,0.0
0.0,3590.0,83.0,396.0,797.0,0.0,0.0,280.0,116.0,0.0,83.0
0.0,4304.0,256.0,383.0,0.0,0.0,0.0,267.0,116.0,31.0,225.0
0.0,4048.0,735.0,394.0,0.0,0.0,0.0,271.0,123.0,368.0,367.0
0.0,3313.0,1143.0,416.0,0.0,0.0,0.0,285.0,131.0,708.0,435.0
0.0,2170.0,1375.0,443.0,0.0,1420.0,1420.0,305.0,138.0,1020.0,355.0
0.0,795.0,1124.0,465.0,0.0,2324.0,2324.0,324.0,141.0,991.0,133.0
0.0,1.0,624.0,477.0,0.0,2384.0,2384.0,336.0,141.0,624.0,0.0
0.0,1.0,0.0,476.0,1420.0,1913.0,1913.0,336.0,140.0,0.0,0.0
0.0,467.0,0.0,468.0,2324.0,0.0,0.0,331.0,137.0,0.0,0.0
0.0,2791.0,0.0,451.0,2384.0,0.0,0.0,320.0,131.0,0.0,0.0
0.0,5175.0,0.0,426.0,1913.0,0.0,0.0,303.0,123.0,0.0,0.0
0.0,7088.0,65.0,404.0,0.0,0.0,0.0,286.0,118.0,0.0,65.0
0.0,7023.0,204.0,391.0,0.0,0.0,0.0,273.0,118.0,0.0,204.0
0.0,6819.0,643.0,402.0,0.0,0.0,0.0,277.0,125.0,296.0,347.0
0.0,6176.0,1031.0,422.0,0.0,0.0,0.0,289.0,133.0,613.0,418.0
0.0,5145.0,1286.0,446.0,0.0,0.0,0.0,306.0,140.0,936.0,350.0
0.0,3859.0,1085.0,467.0,0.0,0.0,0.0,325.0,142.0,949.0,136.0
0.0,2774.0,655.0,479.0,0.0,276.0,276.0,337.0,142.0,655.0,0.0
0.0,2119.0,28.0,480.0,0.0,309.0,309.0,338.0,142.0,28.0,0.0
0.0,2091.0,0.0,475.0,0.0,284.0,284.0,335.0,140.0,0.0,0.0
0.0,2091.0,0.0,461.0,276.0,0.0,0.0,326.0,135.0,0.0,0.0
0.0,2367.0,0.0,440.0,309.0,0.0,0.0,312.0,128.0,0.0,0.0
0.0,2676.0,30.0,418.0,284.0,0.0,0.0,296.0,122.0,0.0,30.0
0.0,2930.0,165.0,403.0,0.0,0.0,0.0,283.0,120.0,0.0,165.0
0.0,2765.0,548.0,409.0,0.0,0.0,0.0,283.0,126.0,252.0,296.0
0.0,2217.0,953.0,427.0,0.0,871.0,871.0,294.0,133.0,558.0,395.0
0.0,1264.0,1211.0,450.0,0.0,2197.0,2197.0,310.0,140.0,854.0,357.0
0.0,53.0,1093.0,472.0,0.0,2359.0,2359.0,328.0,144.0,903.0,190.0
0.0,1.0,649.0,484.0,871.0,2419.0,2419.0,340.0,144.0,649.0,0.0
0.0,1.0,98.0,486.0,2197.0,1149.0,1149.0,342.0,144.0,98.0,0.0
0.0,1281.0,362.0,488.0,2359.0,0.0,0.0,346.0,142.0,362.0,0.0
0.0,3278.0,0.0,476.0,2419.0,0.0,0.0,338.0,138.0,0.0,0.0
0.0,5697.0,0.0,455.0,1149.0,0.0,0.0,324.0,131.0,0.0,0.0
0.0,6846.0,39.0,433.0,0.0,0.0,0.0,308.0,125.0,0.0,39.0
0.0,6807.0,170.0,417.0,0.0,0.0,0.0,294.0,123.0,0.0,170.0
0.0,6637.0,303.0,417.0,0.0,0.0,0.0,289.0,128.0,0.0,303.0
0.0,6334.0,657.0,421.0,0.0,0.0,0.0,287.0,134.0,258.0,399.0
0.0,5677.0,943.0,435.0,0.0,0.0,0.0,294.0,141.0,574.0,369.0
0.0,4734.0,1105.0,456.0,0.0,0.0,0.0,311.0,145.0,901.0,204.0
0.0,3629.0,972.0,475.0,0.0,0.0,0.0,330.0,145.0,972.0,0.0
0.0,2657.0,729.0,489.0,0.0,517.0,517.0,344.0,145.0,729.0,0.0
0.0,1928.0,157.0,491.0,0.0,684.0,684.0,347.0,144.0,157.0,0.0
0.0,1771.0,0.0,488.0,0.0,669.0,669.0,347.0,141.0,0.0,0.0
0.0,1771.0,0.0,476.0,517.0,92.0,92.0,341.0,135.0,0.0,0.0
0.0,2288.0,94.0,458.0,684.0,0.0,0.0,329.0,129.0,0.0,94.0
0.0,2878.0,243.0,438.0,669.0,0.0,0.0,312.0,126.0,0.0,243.0
0.0,3304.0,420.0,424.0,92.0,0.0,0.0,294.0,130.0,26.0,394.0
0.0,2976.0,829.0,427.0,0.0,0.0,0.0,288.0,139.0,375.0,454.0
0.0,2147.0,1090.0,446.0,0.0,1173.0,1173.0,300.0,146.0,729.0,361.0
0.0,1057.0,1176.0,469.0,0.0,2344.0,2344.0,321.0,148.0,1057.0,119.0
0.0,1.0,1041.0,489.0,0.0,2444.0,2444.0,341.0,148.0,1041.0,0.0
0.0,1.0,672.0,502.0,1173.0,2509.0,2509.0,354.0,148.0,672.0,0.0
0.0,1.0,88.0,501.0,2344.0,908.0,908.0,355.0,146.0,88.0,0.0
0.0,1597.0,449.0,505.0,2444.0,0.0,0.0,363.0,142.0,449.0,0.0
0.0,3592.0,0.0,491.0,2509.0,0.0,0.0,356.0,135.0,0.0,0.0
0.0,6101.0,113.0,472.0,908.0,0.0,0.0,343.0,129.0,0.0,113.0
0.0,6896.0,275.0,450.0,0.0,0.0,0.0,323.0,127.0,0.0,275.0
0.0,6621.0,430.0,437.0,0.0,0.0,0.0,304.0,133.0,0.0,430.0
0.0,6191.0,471.0,434.0,0.0,0.0,0.0,292.0,142.0,0.0,471.0
0.0,5720.0,620.0,446.0,0.0,0.0,0.0,297.0,149.0,271.0,349.0
0.0,5100.0,696.0,459.0,0.0,0.0,0.0,309.0,150.0,625.0,71.0
0.0,4404.0,985.0,478.0,0.0,0.0,0.0,328.0,150.0,985.0,0.0
0.0,3419.0,1068.0,499.0,0.0,144.0,144.0,349.0,150.0,1068.0,0.0
0.0,2351.0,805.0,513.0,0.0,1019.0,1019.0,364.0,149.0,805.0,0.0
0.0,1546.0,179.0,513.0,0.0,1198.0,1198.0,368.0,145.0,179.0,0.0
0.0,1367.0,0.0,500.0,144.0,989.0,989.0,362.0,138.0,0.0,0.0
0.0,1511.0,93.0,482.0,1019.0,0.0,0.0,350.0,132.0,0.0,93.0
0.0,2437.0,241.0,462.0,1198.0,0.0,0.0,332.0,130.0,0.0,241.0
0.0,3394.0,388.0,449.0,989.0,0.0,0.0,314.0,135.0,0.0,388.0
0.0,3995.0,441.0,444.0,0.0,0.0,0.0,301.0,143.0,0.0,441.0
0.0,3554.0,543.0,454.0,0.0,0.0,0.0,304.0,150.0,194.0,349.0
0.0,3011.0,632.0,467.0,0.0,0.0,0.0,315.0,152.0,528.0,104.0
0.0,2379.0,865.0,483.0,0.0,901.0,901.0,331.0,152.0,865.0,0.0
0.0,1514.0,1001.0,502.0,0.0,1997.0,1997.0,350.0,152.0,1001.0,0.0
0.0,513.0,804.0,517.0,0.0,2585.0,2585.0,366.0,151.0,804.0,0.0
0.0,0.0,266.0,519.0,901.0,2251.0,2251.0,371.0,148.0,266.0,0.0
0.0,344.0,0.0,509.0,1997.0,204.0,204.0,366.0,143.0,0.0,0.0
0.0,2341.0,59.0,491.0,2585.0,0.0,0.0,355.0,136.0,0.0,59.0
0.0,4867.0,197.0,472.0,2251.0,0.0,0.0,339.0,133.0,0.0,197.0
0.0,6921.0,336.0,458.0,204.0,0.0,0.0,322.0,136.0,0.0,336.0
0.0,6789.0,424.0,453.0,0.0,0.0,0.0,309.0,144.0,0.0,424.0
0.0,6365.0,532.0,462.0,0.0,0.0,0.0,311.0,151.0,166.0,366.0
0.0,5833.0,660.0,467.0,0.0,0.0,0.0,313.0,154.0,491.0,169.0
0.0,5173.0,823.0,483.0,0.0,0.0,0.0,329.0,154.0,823.0,0.0
0.0,4350.0,986.0,502.0,0.0,0.0,0.0,348.0,154.0,986.0,0.0
0.0,3364.0,831.0,518.0,0.0,57.0,57.0,364.0,154.0,831.0,0.0
0.0,2533.0,340.0,520.0,0.0,407.0,407.0,370.0,150.0,340.0,0.0
0.0,2193.0,0.0,514.0,0.0,377.0,377.0,370.0,144.0,0.0,0.0
0.0,2193.0,71.0,503.0,57.0,336.0,336.0,365.0,138.0,0.0,71.0
0.0,2179.0,219.0,489.0,407.0,78.0,78.0,354.0,135.0,0.0,219.0
0.0,2367.0,373.0,476.0,377.0,9.0,9.0,337.0,139.0,0.0,373.0
0.0,2371.0,452.0,465.0,336.0,70.0,70.0,318.0,147.0,0.0,452.0
0.0,2255.0,648.0,464.0,78.0,635.0,635.0,309.0,155.0,266.0,382.0
0.0,1685.0,787.0,476.0,9.0,1473.0,1473.0,318.0,158.0,626.0,161.0
0.0,907.0,986.0,495.0,70.0,2475.0,2475.0,337.0,158.0,986.0,0.0
0.0,0.0,1080.0,516.0,635.0,2580.0,2580.0,358.0,158.0,1080.0,0.0
0.0,0.0,823.0,530.0,1473.0,2454.0,2454.0,374.0,156.0,823.0,0.0
0.0,196.0,213.0,529.0,2475.0,187.0,187.0,378.0,151.0,213.0,0.0
0.0,2458.0,0.0,522.0,2580.0,0.0,0.0,378.0,144.0,0.0,0.0
0.0,5038.0,110.0,507.0,2454.0,0.0,0.0,370.0,137.0,0.0,110.0
0.0,7382.0,277.0,491.0,187.0,0.0,0.0,356.0,135.0,0.0,277.0
0.0,7292.0,440.0,478.0,0.0,0.0,0.0,336.0,142.0,0.0,440.0
0.0,6852.0,493.0,467.0,0.0,0.0,0.0,316.0,151.0,0.0,493.0
0.0,6359.0,745.0,468.0,0.0,0.0,0.0,310.0,158.0,366.0,379.0
0.0,5614.0,849.0,483.0,0.0,0.0,0.0,323.0,160.0,747.0,102.0
0.0,4765.0,1140.0,496.0,0.0,0.0,0.0,336.0,160.0,1140.0,0.0
0.0,3625.0,1155.0,518.0,0.0,120.0,120.0,358.0,160.0,1155.0,0.0
0.0,2470.0,797.0,532.0,0.0,987.0,987.0,374.0,158.0,797.0,0.0
0.0,1673.0,43.0,527.0,0.0,1005.0,1005.0,374.0,153.0,43.0,0.0
0.0,1630.0,0.0,519.0,120.0,845.0,845.0,374.0,145.0,0.0,0.0
0.0,1750.0,122.0,512.0,987.0,0.0,0.0,374.0,138.0,0.0,122.0
0.0,2615.0,291.0,506.0,1005.0,0.0,0.0,369.0,137.0,0.0,291.0
0.0,3329.0,454.0,501.0,845.0,0.0,0.0,357.0,144.0,0.0,454.0
0.0,3720.0,496.0,492.0,0.0,0.0,0.0,338.0,154.0,0.0,496.0
0.0,3224.0,724.0,486.0,0.0,0.0,0.0,325.0,161.0,358.0,366.0
0.0,2500.0,814.0,485.0,0.0,739.0,739.0,323.0,162.0,740.0,74.0
0.0,1686.0,1111.0,503.0,0.0,1940.0,1940.0,341.0,162.0,1111.0,0.0
0.0,575.0,1127.0,525.0,0.0,2625.0,2625.0,363.0,162.0,1127.0,0.0
0.0,0.0,763.0,538.0,739.0,2690.0,2690.0,378.0,160.0,763.0,0.0
0.0,0.0,19.0,534.0,1940.0,1325.0,1325.0,378.0,156.0,19.0,0.0
0.0,1345.0,0.0,526.0,2625.0,0.0,0.0,378.0,148.0,0.0,0.0
0.0,3970.0,93.0,520.0,2690.0,0.0,0.0,378.0,142.0,0.0,93.0
0.0,6567.0,246.0,514.0,1325.0,0.0,0.0,374.0,140.0,0.0,246.0
0.0,7646.0,399.0,509.0,0.0,0.0,0.0,364.0,145.0,0.0,399.0
0.0,7247.0,457.0,501.0,0.0,0.0,0.0,347.0,154.0,0.0,457.0
0.0,6790.0,635.0,494.0,0.0,0.0,0.0,333.0,161.0,272.0,363.0
0.0,6155.0,747.0,493.0,0.0,0.0,0.0,330.0,163.0,626.0,121.0
0.0,5408.0,983.0,507.0,0.0,0.0,0.0,344.0,163.0,983.0,0.0
0.0,4425.0,1063.0,527.0,0.0,0.0,0.0,364.0,163.0,1063.0,0.0
0.0,3362.0,794.0,542.0,0.0,142.0,142.0,380.0,162.0,794.0,0.0
0.0,2568.0,160.0,541.0,0.0,297.0,297.0,383.0,158.0,160.0,0.0
0.0,2408.0,0.0,535.0,0.0,267.0,267.0,383.0,152.0,0.0,0.0
0.0,2408.0,85.0,528.0,142.0,175.0,175.0,383.0,145.0,0.0,85.0
0.0,2465.0,234.0,522.0,297.0,82.0,82.0,379.0,143.0,0.0,234.0
0.0,2528.0,384.0,517.0,267.0,174.0,174.0,370.0,147.0,0.0,384.0
0.0,2411.0,451.0,510.0,175.0,415.0,415.0,354.0,156.0,0.0,451.0
0.0,2135.0,630.0,503.0,82.0,928.0,928.0,340.0,163.0,257.0,373.0
0.0,1587.0,761.0,502.0,174.0,1510.0,1510.0,336.0,166.0,619.0,142.0
0.0,1000.0,979.0,514.0,415.0,2134.0,2134.0,348.0,166.0,979.0,0.0
0.0,436.0,1083.0,535.0,928.0,2394.0,2394.0,369.0,166.0,1083.0,0.0
0.0,281.0,832.0,549.0,1510.0,1786.0,1786.0,385.0,164.0,832.0,0.0
0.0,959.0,220.0,549.0,2134.0,0.0,0.0,389.0,160.0,220.0,0.0
0.0,2873.0,0.0,542.0,2394.0,0.0,0.0,389.0,153.0,0.0,0.0
0.0,5267.0,120.0,535.0,1786.0,0.0,0.0,389.0,146.0,0.0,120.0
0.0,6933.0,282.0,529.0,0.0,0.0,0.0,384.0,145.0,0.0,282.0
0.0,6651.0,443.0,522.0,0.0,0.0,0.0,372.0,150.0,0.0,443.0
0.0,6208.0,485.0,512.0,0.0,0.0,0.0,353.0,159.0,0.0,485.0
0.0,5723.0,737.0,505.0,0.0,0.0,0.0,339.0,166.0,363.0,374.0
0.0,4986.0,855.0,506.0,0.0,0.0,0.0,338.0,168.0,757.0,98.0
0.0,4131.0,1152.0,524.0,0.0,0.0,0.0,356.0,168.0,1152.0,0.0
0.0,2979.0,1192.0,547.0,0.0,948.0,948.0,379.0,168.0,1192.0,0.0
0.0,1787.0,828.0,561.0,0.0,1846.0,1846.0,395.0,166.0,828.0,0.0
0.0,959.0,81.0,558.0,0.0,1912.0,1912.0,397.0,161.0,81.0,0.0
0.0,878.0,0.0,549.0,948.0,919.0,919.0,397.0,152.0,0.0,0.0
0.0,1826.0,174.0,543.0,1846.0,0.0,0.0,397.0,146.0,0.0,174.0
0.0,3498.0,346.0,536.0,1912.0,0.0,0.0,390.0,146.0,0.0,346.0
0.0,5064.0,527.0,529.0,919.0,0.0,0.0,375.0,154.0,0.0,527.0
0.0,5456.0,546.0,518.0,0.0,0.0,0.0,354.0,164.0,19.0,527.0
0.0,4910.0,774.0,511.0,0.0,0.0,0.0,340.0,171.0,421.0,353.0
0.0,4136.0,839.0,511.0,0.0,0.0,0.0,340.0,171.0,837.0,2.0
0.0,3297.0,1230.0,534.0,0.0,603.0,603.0,363.0,171.0,1230.0,0.0
0.0,2067.0,1219.0,558.0,0.0,1942.0,1942.0,387.0,171.0,1219.0,0.0
0.0,848.0,793.0,570.0,0.0,2795.0,2795.0,402.0,168.0,793.0,0.0
0.0,55.0,0.0,565.0,603.0,2167.0,2167.0,402.0,163.0,0.0,0.0
0.0,658.0,0.0,556.0,1942.0,180.0,180.0,402.0,154.0,0.0,0.0
0.0,2600.0,169.0,550.0,2795.0,0.0,0.0,402.0,148.0,0.0,169.0
0.0,5226.0,341.0,542.0,2167.0,0.0,0.0,395.0,147.0,0.0,341.0
0.0,7052.0,516.0,537.0,180.0,0.0,0.0,381.0,156.0,0.0,516.0
0.0,6716.0,517.0,525.0,0.0,0.0,0.0,359.0,166.0,0.0,517.0
0.0,6199.0,713.0,517.0,0.0,0.0,0.0,345.0,172.0,367.0,346.0
0.0,5486.0,768.0,517.0,0.0,0.0,0.0,345.0,172.0,768.0,0.0
0.0,4718.0,1161.0,539.0,0.0,0.0,0.0,367.0,172.0,1161.0,0.0
0.0,3557.0,1185.0,562.0,0.0,438.0,438.0,390.0,172.0,1185.0,0.0
0.0,2372.0,803.0,576.0,0.0,1311.0,1311.0,405.0,171.0,803.0,0.0
0.0,1569.0,36.0,572.0,0.0,1327.0,1327.0,406.0,166.0,36.0,0.0
0.0,1533.0,0.0,564.0,438.0,849.0,849.0,406.0,158.0,0.0,0.0
0.0,1971.0,133.0,558.0,1311.0,0.0,0.0,406.0,152.0,0.0,133.0
0.0,3149.0,301.0,552.0,1327.0,0.0,0.0,401.0,151.0,0.0,301.0
0.0,4175.0,461.0,545.0,849.0,0.0,0.0,388.0,157.0,0.0,461.0
0.0,4563.0,490.0,537.0,0.0,0.0,0.0,370.0,167.0,0.0,490.0
0.0,4073.0,629.0,529.0,0.0,0.0,0.0,355.0,174.0,281.0,348.0
0.0,3444.0,710.0,526.0,0.0,0.0,0.0,352.0,174.0,662.0,48.0
0.0,2734.0,1037.0,543.0,0.0,1018.0,1018.0,369.0,174.0,1037.0,0.0
0.0,1697.0,1133.0,565.0,0.0,2261.0,2261.0,391.0,174.0,1133.0,0.0
0.0,564.0,848.0,580.0,0.0,2900.0,2900.0,407.0,173.0,848.0,0.0
0.0,0.0,189.0,579.0,1018.0,2350.0,2350.0,411.0,168.0,189.0,0.0
0.0,545.0,0.0,572.0,2261.0,54.0,54.0,411.0,161.0,0.0,0.0
0.0,2806.0,137.0,566.0,2900.0,0.0,0.0,411.0,155.0,0.0,137.0
0.0,5569.0,299.0,559.0,2350.0,0.0,0.0,406.0,153.0,0.0,299.0
0.0,7620.0,461.0,554.0,54.0,0.0,0.0,394.0,160.0,0.0,461.0
0.0,7213.0,488.0,544.0,0.0,0.0,0.0,375.0,169.0,0.0,488.0
0.0,6725.0,663.0,536.0,0.0,0.0,0.0,360.0,176.0,308.0,355.0
0.0,6062.0,760.0,534.0,0.0,0.0,0.0,357.0,177.0,697.0,63.0
0.0,5302.0,1089.0,551.0,0.0,0.0,0.0,374.0,177.0,1089.0,0.0
0.0,4213.0,1180.0,574.0,0.0,0.0,0.0,397.0,177.0,1180.0,0.0
0.0,3033.0,881.0,589.0,0.0,793.0,793.0,414.0,175.0,881.0,0.0
0.0,2152.0,197.0,587.0,0.0,980.0,980.0,418.0,169.0,197.0,0.0
0.0,1955.0,14.0,579.0,0.0,954.0,954.0,418.0,161.0,0.0,14.0
0.0,1941.0,188.0,573.0,793.0,319.0,319.0,418.0,155.0,0.0,188.0
0.0,2546.0,365.0,566.0,980.0,0.0,0.0,411.0,155.0,0.0,365.0
0.0,3161.0,528.0,559.0,954.0,0.0,0.0,396.0,163.0,0.0,528.0
0.0,3587.0,526.0,547.0,319.0,0.0,0.0,374.0,173.0,2.0,524.0
0.0,3380.0,762.0,539.0,0.0,77.0,77.0,359.0,180.0,424.0,338.0
0.0,2618.0,848.0,540.0,0.0,930.0,930.0,360.0,180.0,848.0,0.0
0.0,1770.0,1274.0,562.0,0.0,2314.0,2314.0,382.0,180.0,1274.0,0.0
0.0,496.0,1279.0,587.0,77.0,2935.0,2935.0,407.0,180.0,1279.0,0.0
0.0,0.0,856.0,601.0,930.0,3005.0,3005.0,424.0,177.0,856.0,0.0
0.0,0.0,15.0,594.0,2314.0,1303.0,1303.0,424.0,170.0,15.0,0.0
0.0,1667.0,52.0,585.0,2935.0,0.0,0.0,424.0,161.0,0.0,52.0
0.0,4550.0,236.0,578.0,3005.0,0.0,0.0,423.0,155.0,0.0,236.0
0.0,7319.0,423.0,572.0,1303.0,0.0,0.0,415.0,157.0,0.0,423.0
0.0,8199.0,561.0,566.0,0.0,0.0,0.0,399.0,167.0,0.0,561.0
0.0,7638.0,548.0,553.0,0.0,0.0,0.0,376.0,177.0,39.0,509.0
0.0,7090.0,744.0,544.0,0.0,0.0,0.0,362.0,182.0,474.0,270.0
0.0,6346.0,903.0,546.0,0.0,0.0,0.0,364.0,182.0,903.0,0.0
0.0,5443.0,1300.0,571.0,0.0,0.0,0.0,389.0,182.0,1300.0,0.0
0.0,4143.0,1255.0,595.0,0.0,87.0,87.0,413.0,182.0,1255.0,0.0
0.0,2888.0,785.0,607.0,0.0,932.0,932.0,428.0,179.0,785.0,0.0
0.0,2103.0,0.0,601.0,0.0,902.0,902.0,428.0,173.0,0.0,0.0
0.0,2103.0,35.0,591.0,87.0,800.0,800.0,428.0,163.0,0.0,35.0
0.0,2155.0,216.0,585.0,932.0,54.0,54.0,428.0,157.0,0.0,216.0
0.0,2871.0,401.0,580.0,902.0,0.0,0.0,421.0,159.0,0.0,401.0
0.0,3372.0,544.0,576.0,800.0,0.0,0.0,407.0,169.0,0.0,544.0
0.0,3628.0,506.0,563.0,54.0,0.0,0.0,384.0,179.0,0.0,506.0
0.0,3176.0,675.0,553.0,0.0,264.0,264.0,369.0,184.0,394.0,281.0
0.0,2501.0,801.0,553.0,0.0,1065.0,1065.0,369.0,184.0,801.0,0.0
0.0,1700.0,1213.0,576.0,0.0,2393.0,2393.0,392.0,184.0,1213.0,0.0
0.0,487.0,1224.0,599.0,264.0,2995.0,2995.0,415.0,184.0,1224.0,0.0
0.0,0.0,834.0,613.0,1065.0,3065.0,3065.0,431.0,182.0,834.0,0.0
0.0,0.0,23.0,608.0,2393.0,912.0,912.0,432.0,176.0,23.0,0.0
0.0,2128.0,0.0,599.0,2995.0,0.0,0.0,432.0,167.0,0.0,0.0
0.0,5123.0,164.0,593.0,3065.0,0.0,0.0,432.0,161.0,0.0,164.0
0.0,8024.0,340.0,586.0,912.0,0.0,0.0,426.0,160.0,0.0,340.0
0.0,8596.0,511.0,583.0,0.0,0.0,0.0,414.0,169.0,0.0,511.0
0.0,8085.0,516.0,573.0,0.0,0.0,0.0,394.0,179.0,0.0,516.0
0.0,7569.0,697.0,564.0,0.0,0.0,0.0,378.0,186.0,349.0,348.0
0.0,6872.0,759.0,563.0,0.0,0.0,0.0,377.0,186.0,750.0,9.0
0.0,6113.0,1151.0,581.0,0.0,0.0,0.0,395.0,186.0,1151.0,0.0
0.0,4962.0,1202.0,604.0,0.0,0.0,0.0,418.0,186.0,1202.0,0.0
0.0,3760.0,860.0,619.0,0.0,195.0,195.0,435.0,184.0,860.0,0.0
0.0,2900.0,115.0,615.0,0.0,290.0,290.0,437.0,178.0,115.0,0.0
0.0,2785.0,2.0,606.0,0.0,247.0,247.0,437.0,169.0,0.0,2.0
0.0,2783.0,182.0,600.0,195.0,204.0,204.0,437.0,163.0,0.0,182.0
0.0,2796.0,357.0,594.0,290.0,241.0,241.0,431.0,163.0,0.0,357.0
0.0,2729.0,533.0,590.0,247.0,507.0,507.0,418.0,172.0,0.0,533.0
0.0,2443.0,535.0,579.0,204.0,783.0,783.0,397.0,182.0,6.0,529.0
0.0,2112.0,774.0,571.0,241.0,1276.0,1276.0,382.0,189.0,423.0,351.0
0.0,1579.0,853.0,571.0,507.0,1622.0,1622.0,382.0,189.0,849.0,4.0
0.0,1233.0,1267.0,591.0,783.0,2206.0,2206.0,402.0,189.0,1267.0,0.0
0.0,749.0,1275.0,616.0,1276.0,2330.0,2330.0,427.0,189.0,1275.0,0.0
0.0,750.0,857.0,628.0,1622.0,1625.0,1625.0,443.0,185.0,857.0,0.0
0.0,1515.0,23.0,622.0,2206.0,0.0,0.0,444.0,178.0,23.0,0.0
0.0,3698.0,46.0,613.0,2330.0,0.0,0.0,444.0,169.0,0.0,46.0
0.0,5982.0,236.0,607.0,1625.0,0.0,0.0,444.0,163.0,0.0,236.0
0.0,7371.0,426.0,600.0,0.0,0.0,0.0,435.0,165.0,0.0,426.0
0.0,6945.0,568.0,595.0,0.0,0.0,0.0,419.0,176.0,0.0,568.0
0.0,6377.0,620.0,582.0,0.0,0.0,0.0,396.0,186.0,95.0,525.0
0.0,5757.0,842.0,574.0,0.0,0.0,0.0,382.0,192.0,545.0,297.0
0.0,4915.0,999.0,577.0,0.0,0.0,0.0,385.0,192.0,999.0,0.0
0.0,3916.0,1354.0,603.0,0.0,453.0,453.0,411.0,192.0,1354.0,0.0
0.0,2562.0,1263.0,626.0,0.0,1831.0,1831.0,435.0,191.0,1263.0,0.0
0.0,1299.0,727.0,635.0,0.0,2603.0,2603.0,449.0,186.0,727.0,0.0
0.0,572.0,0.0,627.0,453.0,2110.0,2110.0,449.0,178.0,0.0,0.0
0.0,1025.0,79.0,618.0,1831.0,313.0,313.0,449.0,169.0,0.0,79.0
0.0,2777.0,274.0,612.0,2603.0,0.0,0.0,448.0,164.0,0.0,274.0
0.0,5106.0,469.0,607.0,2110.0,0.0,0.0,439.0,168.0,0.0,469.0
0.0,6747.0,583.0,601.0,313.0,0.0,0.0,422.0,179.0,0.0,583.0
0.0,6477.0,635.0,588.0,0.0,0.0,0.0,399.0,189.0,131.0,504.0
0.0,5842.0,818.0,581.0,0.0,0.0,0.0,387.0,194.0,584.0,234.0
0.0,5024.0,1032.0,585.0,0.0,0.0,0.0,391.0,194.0,1032.0,0.0
0.0,3992.0,1355.0,611.0,0.0,418.0,418.0,417.0,194.0,1355.0,0.0
0.0,2637.0,1220.0,634.0,0.0,1753.0,1753.0,441.0,193.0,1220.0,0.0
0.0,1417.0,639.0,642.0,0.0,2432.0,2432.0,453.0,189.0,639.0,0.0
0.0,778.0,0.0,634.0,418.0,1974.0,1974.0,453.0,181.0,0.0,0.0
0.0,1196.0,64.0,625.0,1753.0,240.0,240.0,453.0,172.0,0.0,64.0
0.0,2885.0,252.0,620.0,2432.0,0.0,0.0,453.0,167.0,0.0,252.0
0.0,5065.0,440.0,616.0,1974.0,0.0,0.0,446.0,170.0,0.0,440.0
0.0,6599.0,563.0,611.0,240.0,0.0,0.0,430.0,181.0,0.0,563.0
0.0,6276.0,568.0,598.0,0.0,0.0,0.0,408.0,190.0,68.0,500.0
0.0,5708.0,748.0,589.0,0.0,0.0,0.0,394.0,195.0,502.0,246.0
0.0,4960.0,932.0,591.0,0.0,0.0,0.0,396.0,195.0,932.0,0.0
0.0,4028.0,1292.0,615.0,0.0,339.0,339.0,420.0,195.0,1292.0,0.0
0.0,2736.0,1218.0,639.0,0.0,1677.0,1677.0,444.0,195.0,1218.0,0.0
0.0,1518.0,714.0,650.0,0.0,2446.0,2446.0,458.0,192.0,714.0,0.0
0.0,804.0,0.0,644.0,339.0,2077.0,2077.0,458.0,186.0,0.0,0.0
0.0,1143.0,32.0,634.0,1677.0,382.0,382.0,458.0,176.0,0.0,32.0
0.0,2788.0,211.0,628.0,2446.0,0.0,0.0,458.0,170.0,0.0,211.0
0.0,5023.0,392.0,622.0,2077.0,0.0,0.0,451.0,171.0,0.0,392.0
0.0,6708.0,545.0,618.0,382.0,0.0,0.0,436.0,182.0,0.0,545.0
0.0,6545.0,547.0,607.0,0.0,0.0,0.0,415.0,192.0,32.0,515.0
0.0,5998.0,761.0,598.0,0.0,0.0,0.0,401.0,197.0,456.0,305.0
0.0,5237.0,887.0,598.0,0.0,0.0,0.0,401.0,197.0,887.0,0.0
0.0,4350.0,1278.0,621.0,0.0,33.0,33.0,424.0,197.0,1278.0,0.0
0.0,3072.0,1256.0,645.0,0.0,1409.0,1409.0,448.0,197.0,1256.0,0.0
0.0,1816.0,802.0,657.0,0.0,2271.0,2271.0,463.0,194.0,802.0,0.0
0.0,1014.0,0.0,650.0,33.0,2203.0,2203.0,463.0,187.0,0.0,0.0
0.0,1047.0,53.0,641.0,1409.0,802.0,802.0,463.0,178.0,0.0,53.0
0.0,2403.0,242.0,635.0,2271.0,0.0,0.0,463.0,172.0,0.0,242.0
0.0,4432.0,435.0,629.0,2203.0,0.0,0.0,455.0,174.0,0.0,435.0
0.0,6200.0,571.0,624.0,802.0,0.0,0.0,439.0,185.0,0.0,571.0
0.0,6431.0,646.0,612.0,0.0,0.0,0.0,417.0,195.0,125.0,521.0
0.0,5785.0,859.0,603.0,0.0,0.0,0.0,403.0,200.0,579.0,280.0
0.0,4926.0,1036.0,607.0,0.0,0.0,0.0,407.0,200.0,1036.0,0.0
0.0,3890.0,1372.0,633.0,0.0,647.0,647.0,433.0,200.0,1372.0,0.0
0.0,2518.0,1261.0,656.0,0.0,2023.0,2023.0,457.0,199.0,1261.0,0.0
0.0,1257.0,692.0,665.0,0.0,2760.0,2760.0,470.0,195.0,692.0,0.0
0.0,565.0,0.0,657.0,647.0,2073.0,2073.0,470.0,187.0,0.0,0.0
0.0,1212.0,102.0,648.0,2023.0,107.0,107.0,470.0,178.0,0.0,102.0
0.0,3133.0,308.0,641.0,2760.0,0.0,0.0,468.0,173.0,0.0,308.0
0.0,5585.0,511.0,636.0,2073.0,0.0,0.0,458.0,178.0,0.0,511.0
0.0,7147.0,612.0,628.0,107.0,0.0,0.0,439.0,189.0,0.0,612.0
0.0,6642.0,719.0,616.0,0.0,0.0,0.0,417.0,199.0,210.0,509.0
0.0,5923.0,894.0,609.0,0.0,0.0,0.0,406.0,203.0,690.0,204.0
0.0,5029.0,1179.0,617.0,0.0,0.0,0.0,414.0,203.0,1179.0,0.0
0.0,3850.0,1449.0,645.0,0.0,824.0,824.0,442.0,203.0,1449.0,0.0
0.0,2401.0,1245.0,667.0,0.0,2179.0,2179.0,466.0,201.0,1245.0,0.0
0.0,1156.0,544.0,673.0,0.0,2753.0,2753.0,477.0,196.0,544.0,0.0
0.0,612.0,0.0,664.0,824.0,1884.0,1884.0,477.0,187.0,0.0,0.0
0.0,1436.0,126.0,655.0,2179.0,0.0,0.0,477.0,178.0,0.0,126.0
0.0,3489.0,332.0,649.0,2753.0,0.0,0.0,474.0,175.0,0.0,332.0
0.0,5910.0,536.0,644.0,1884.0,0.0,0.0,463.0,181.0,0.0,536.0
0.0,7258.0,616.0,636.0,0.0,0.0,0.0,443.0,193.0,0.0,616.0
0.0,6642.0,688.0,623.0,0.0,0.0,0.0,421.0,202.0,196.0,492.0
0.0,5954.0,834.0,615.0,0.0,0.0,0.0,410.0,205.0,675.0,159.0
0.0,5120.0,1149.0,625.0,0.0,0.0,0.0,420.0,205.0,1149.0,0.0
0.0,3971.0,1425.0,652.0,0.0,714.0,714.0,447.0,205.0,1425.0,0.0
0.0,2546.0,1218.0,675.0,0.0,2047.0,2047.0,471.0,204.0,1218.0,0.0
0.0,1328.0,539.0,680.0,0.0,2611.0,2611.0,481.0,199.0,539.0,0.0
0.0,789.0,0.0,672.0,714.0,1857.0,1857.0,481.0,191.0,0.0,0.0
0.0,1503.0,94.0,663.0,2047.0,0.0,0.0,481.0,182.0,0.0,94.0
0.0,3456.0,288.0,658.0,2611.0,0.0,0.0,480.0,178.0,0.0,288.0
0.0,5779.0,483.0,652.0,1857.0,0.0,0.0,470.0,182.0,0.0,483.0
0.0,7153.0,587.0,645.0,0.0,0.0,0.0,452.0,193.0,0.0,587.0
0.0,6566.0,593.0,632.0,0.0,0.0,0.0,429.0,203.0,100.0,493.0
0.0,5973.0,753.0,624.0,0.0,0.0,0.0,417.0,207.0,550.0,203.0
0.0,5220.0,999.0,629.0,0.0,0.0,0.0,422.0,207.0,999.0,0.0
0.0,4221.0,1353.0,655.0,0.0,407.0,407.0,448.0,207.0,1353.0,0.0
0.0,2868.0,1248.0,678.0,0.0,1770.0,1770.0,472.0,206.0,1248.0,0.0
0.0,1620.0,698.0,687.0,0.0,2513.0,2513.0,485.0,202.0,698.0,0.0
0.0,922.0,0.0,680.0,407.0,2071.0,2071.0,485.0,195.0,0.0,0.0
0.0,1329.0,73.0,671.0,1770.0,329.0,329.0,485.0,186.0,0.0,73.0
0.0,3026.0,264.0,666.0,2513.0,0.0,0.0,485.0,181.0,0.0,264.0
0.0,5275.0,460.0,660.0,2071.0,0.0,0.0,476.0,184.0,0.0,460.0
0.0,6886.0,579.0,654.0,329.0,0.0,0.0,459.0,195.0,0.0,579.0
0.0,6636.0,605.0,641.0,0.0,0.0,0.0,436.0,205.0,97.0,508.0
0.0,6031.0,792.0,632.0,0.0,0.0,0.0,423.0,209.0,550.0,242.0
0.0,5239.0,1006.0,636.0,0.0,0.0,0.0,427.0,209.0,1006.0,0.0
0.0,4233.0,1363.0,662.0,0.0,440.0,440.0,453.0,209.0,1363.0,0.0
0.0,2870.0,1273.0,685.0,0.0,1828.0,1828.0,477.0,208.0,1273.0,0.0
0.0,1597.0,738.0,696.0,0.0,2621.0,2621.0,492.0,204.0,738.0,0.0
0.0,859.0,0.0,687.0,440.0,2136.0,2136.0,492.0,195.0,0.0,0.0
0.0,1299.0,106.0,678.0,1828.0,369.0,369.0,492.0,186.0,0.0,106.0
0.0,3021.0,313.0,671.0,2621.0,0.0,0.0,489.0,182.0,0.0,313.0
0.0,5329.0,516.0,665.0,2136.0,0.0,0.0,478.0,187.0,0.0,516.0
0.0,6949.0,616.0,657.0,369.0,0.0,0.0,458.0,199.0,0.0,616.0
0.0,6702.0,745.0,645.0,0.0,0.0,0.0,436.0,209.0,234.0,511.0
0.0,5957.0,923.0,638.0,0.0,0.0,0.0,426.0,212.0,720.0,203.0
0.0,5034.0,1214.0,648.0,0.0,0.0,0.0,436.0,212.0,1214.0,0.0
0.0,3820.0,1472.0,676.0,0.0,1032.0,1032.0,464.0,212.0,1472.0,0.0
0.0,2348.0,1253.0,698.0,0.0,2395.0,2395.0,488.0,210.0,1253.0,0.0
0.0,1095.0,535.0,703.0,0.0,2955.0,2955.0,498.0,205.0,535.0,0.0
0.0,560.0,0.0,693.0,1032.0,1873.0,1873.0,498.0,195.0,0.0,0.0
0.0,1592.0,157.0,684.0,2395.0,0.0,0.0,498.0,186.0,0.0,157.0
0.0,3830.0,372.0,677.0,2955.0,0.0,0.0,494.0,183.0,0.0,372.0
0.0,6413.0,588.0,672.0,1873.0,0.0,0.0,481.0,191.0,0.0,588.0
0.0,7698.0,648.0,662.0,0.0,0.0,0.0,459.0,203.0,0.0,648.0
0.0,7050.0,799.0,650.0,0.0,0.0,0.0,437.0,213.0,307.0,492.0
0.0,6251.0,944.0,643.0,0.0,0.0,0.0,428.0,215.0,818.0,126.0
0.0,5307.0,1322.0,658.0,0.0,0.0,0.0,443.0,215.0,1322.0,0.0
0.0,3985.0,1519.0,688.0,0.0,974.0,974.0,473.0,215.0,1519.0,0.0
0.0,2466.0,1208.0,709.0,0.0,2287.0,2287.0,496.0,213.0,1208.0,0.0
0.0,1258.0,386.0,709.0,0.0,2673.0,2673.0,503.0,206.0,386.0,0.0
0.0,872.0,0.0,699.0,974.0,1649.0,1649.0,503.0,196.0,0.0,0.0
0.0,1846.0,154.0,690.0,2287.0,0.0,0.0,503.0,187.0,0.0,154.0
0.0,3979.0,368.0,684.0,2673.0,0.0,0.0,499.0,185.0,0.0,368.0
0.0,6284.0,582.0,679.0,1649.0,0.0,0.0,486.0,193.0,0.0,582.0
0.0,7351.0,639.0,669.0,0.0,0.0,0.0,464.0,205.0,0.0,639.0
0.0,6712.0,747.0,656.0,0.0,0.0,0.0,442.0,214.0,266.0,481.0
0.0,5965.0,869.0,650.0,0.0,0.0,0.0,433.0,217.0,755.0,114.0
0.0,5096.0,1248.0,664.0,0.0,0.0,0.0,447.0,217.0,1248.0,0.0
0.0,3848.0,1465.0,692.0,0.0,1077.0,1077.0,475.0,217.0,1465.0,0.0
0.0,2383.0,1201.0,713.0,0.0,2383.0,2383.0,498.0,215.0,1201.0,0.0
0.0,1182.0,438.0,715.0,0.0,2831.0,2831.0,506.0,209.0,438.0,0.0
0.0,744.0,0.0,706.0,1077.0,1709.0,1709.0,506.0,200.0,0.0,0.0
0.0,1821.0,126.0,697.0,2383.0,0.0,0.0,506.0,191.0,0.0,126.0
0.0,4078.0,331.0,693.0,2831.0,0.0,0.0,505.0,188.0,0.0,331.0
0.0,6578.0,533.0,688.0,1709.0,0.0,0.0,494.0,194.0,0.0,533.0
0.0,7754.0,609.0,681.0,0.0,0.0,0.0,475.0,206.0,0.0,609.0
0.0,7145.0,682.0,668.0,0.0,0.0,0.0,453.0,215.0,197.0,485.0
0.0,6463.0,834.0,660.0,0.0,0.0,0.0,442.0,218.0,678.0,156.0
0.0,5629.0,1148.0,668.0,0.0,0.0,0.0,450.0,218.0,1148.0,0.0
0.0,4481.0,1425.0,696.0,0.0,424.0,424.0,478.0,218.0,1425.0,0.0
0.0,3056.0,1216.0,718.0,0.0,1750.0,1750.0,501.0,217.0,1216.0,0.0
0.0,1840.0,540.0,723.0,0.0,2315.0,2315.0,511.0,212.0,540.0,0.0
0.0,1300.0,0.0,714.0,424.0,1846.0,1846.0,511.0,203.0,0.0,0.0
0.0,1724.0,122.0,705.0,1750.0,173.0,173.0,511.0,194.0,0.0,122.0
0.0,3352.0,328.0,701.0,2315.0,0.0,0.0,510.0,191.0,0.0,328.0
0.0,5339.0,538.0,695.0,1846.0,0.0,0.0,499.0,196.0,0.0,538.0
0.0,6647.0,622.0,688.0,173.0,0.0,0.0,480.0,208.0,0.0,622.0
0.0,6198.0,746.0,676.0,0.0,0.0,0.0,458.0,218.0,246.0,500.0
0.0,5452.0,897.0,669.0,0.0,0.0,0.0,448.0,221.0,728.0,169.0
0.0,4555.0,1210.0,678.0,0.0,45.0,45.0,457.0,221.0,1210.0,0.0
0.0,3345.0,1461.0,706.0,0.0,1646.0,1646.0,485.0,221.0,1461.0,0.0
0.0,1884.0,1226.0,727.0,0.0,2977.0,2977.0,508.0,219.0,1226.0,0.0
0.0,658.0,520.0,731.0,45.0,3472.0,3472.0,518.0,213.0,520.0,0.0
0.0,183.0,0.0,721.0,1646.0,1776.0,1776.0,518.0,203.0,0.0,0.0
0.0,1829.0,157.0,712.0,2977.0,0.0,0.0,518.0,194.0,0.0,157.0
0.0,4649.0,377.0,706.0,3472.0,0.0,0.0,514.0,192.0,0.0,377.0
0.0,7744.0,596.0,699.0,1776.0,0.0,0.0,500.0,199.0,0.0,596.0
0.0,8924.0,658.0,689.0,0.0,0.0,0.0,477.0,212.0,0.0,658.0
0.0,8266.0,868.0,677.0,0.0,0.0,0.0,455.0,222.0,366.0,502.0
0.0,7398.0,1027.0,673.0,0.0,0.0,0.0,449.0,224.0,896.0,131.0
0.0,6371.0,1417.0,690.0,0.0,0.0,0.0,466.0,224.0,1417.0,0.0
0.0,4954.0,1584.0,720.0,0.0,230.0,230.0,496.0,224.0,1584.0,0.0
0.0,3370.0,1214.0,740.0,0.0,1544.0,1544.0,519.0,221.0,1214.0,0.0
0.0,2156.0,328.0,740.0,0.0,1872.0,1872.0,526.0,214.0,328.0,0.0
0.0,1828.0,0.0,729.0,230.0,1587.0,1587.0,526.0,203.0,0.0,0.0
0.0,2058.0,202.0,720.0,1544.0,200.0,200.0,526.0,194.0,0.0,202.0
0.0,3400.0,430.0,713.0,1872.0,0.0,0.0,520.0,193.0,0.0,430.0
0.0,4842.0,657.0,707.0,1587.0,0.0,0.0,504.0,203.0,0.0,657.0
0.0,5772.0,682.0,695.0,200.0,0.0,0.0,479.0,216.0,0.0,682.0
0.0,5290.0,878.0,683.0,0.0,0.0,0.0,457.0,226.0,398.0,480.0
0.0,4412.0,982.0,679.0,0.0,0.0,0.0,452.0,227.0,927.0,55.0
0.0,3430.0,1459.0,699.0,0.0,1524.0,1524.0,472.0,227.0,1459.0,0.0
0.0,1971.0,1587.0,730.0,0.0,3266.0,3266.0,503.0,227.0,1587.0,0.0
0.0,384.0,1187.0,750.0,0.0,3750.0,3750.0,526.0,224.0,1187.0,0.0
0.0,0.0,249.0,747.0,1524.0,3263.0,3263.0,530.0,217.0,249.0,0.0
0.0,472.0,0.0,735.0,3266.0,0.0,0.0,530.0,205.0,0.0,0.0
0.0,3738.0,183.0,727.0,3750.0,0.0,0.0,530.0,197.0,0.0,183.0
0.0,7305.0,405.0,720.0,3263.0,0.0,0.0,525.0,195.0,0.0,405.0
0.0,10163.0,624.0,716.0,0.0,0.0,0.0,511.0,205.0,0.0,624.0
0.0,9539.0,659.0,705.0,0.0,0.0,0.0,487.0,218.0,0.0,659.0
0.0,8880.0,800.0,692.0,0.0,0.0,0.0,465.0,227.0,322.0,478.0
0.0,8080.0,907.0,686.0,0.0,0.0,0.0,458.0,228.0,834.0,73.0
0.0,7173.0,1339.0,703.0,0.0,0.0,0.0,475.0,228.0,1339.0,0.0
0.0,5834.0,1523.0,732.0,0.0,0.0,0.0,504.0,228.0,1523.0,0.0
0.0,4311.0,1192.0,753.0,0.0,646.0,646.0,527.0,226.0,1192.0,0.0
0.0,3119.0,355.0,753.0,0.0,1001.0,1001.0,534.0,219.0,355.0,0.0
0.0,2764.0,0.0,743.0,0.0,951.0,951.0,534.0,209.0,0.0,0.0
0.0,2764.0,155.0,734.0,646.0,415.0,415.0,534.0,200.0,0.0,155.0
0.0,3255.0,368.0,728.0,1001.0,0.0,0.0,530.0,198.0,0.0,368.0
0.0,3888.0,581.0,723.0,951.0,0.0,0.0,517.0,206.0,0.0,581.0
0.0,4258.0,643.0,714.0,415.0,0.0,0.0,495.0,219.0,0.0,643.0
0.0,4030.0,769.0,701.0,0.0,244.0,244.0,473.0,228.0,282.0,487.0
0.0,3261.0,895.0,695.0,0.0,1109.0,1109.0,465.0,230.0,777.0,118.0
0.0,2366.0,1277.0,709.0,0.0,2456.0,2456.0,479.0,230.0,1277.0,0.0
0.0,1089.0,1493.0,738.0,244.0,3690.0,3690.0,508.0,230.0,1493.0,0.0
0.0,0.0,1218.0,759.0,1109.0,3795.0,3795.0,531.0,228.0,1218.0,0.0
0.0,0.0,440.0,762.0,2456.0,2063.0,2063.0,540.0,222.0,440.0,0.0
0.0,1747.0,0.0,751.0,3690.0,0.0,0.0,540.0,211.0,0.0,0.0
0.0,5437.0,158.0,742.0,3795.0,0.0,0.0,540.0,202.0,0.0,158.0
0.0,9074.0,376.0,735.0,2063.0,0.0,0.0,535.0,200.0,0.0,376.0
0.0,10761.0,599.0,729.0,0.0,0.0,0.0,521.0,208.0,0.0,599.0
0.0,10162.0,661.0,719.0,0.0,0.0,0.0,498.0,221.0,0.0,661.0
0.0,9501.0,858.0,707.0,0.0,0.0,0.0,476.0,231.0,353.0,505.0
0.0,8643.0,1001.0,702.0,0.0,0.0,0.0,469.0,233.0,874.0,127.0
0.0,7642.0,1395.0,719.0,0.0,0.0,0.0,486.0,233.0,1395.0,0.0
0.0,6247.0,1567.0,749.0,0.0,0.0,0.0,516.0,233.0,1567.0,0.0
0.0,4680.0,1225.0,770.0,0.0,395.0,395.0,540.0,230.0,1225.0,0.0
0.0,3455.0,367.0,770.0,0.0,762.0,762.0,547.0,223.0,367.0,0.0
0.0,3088.0,0.0,758.0,0.0,702.0,702.0,547.0,211.0,0.0,0.0
0.0,3088.0,202.0,750.0,395.0,469.0,469.0,547.0,203.0,0.0,202.0
0.0,3281.0,439.0,742.0,762.0,106.0,106.0,540.0,202.0,0.0,439.0
0.0,3604.0,673.0,735.0,702.0,42.0,42.0,523.0,212.0,0.0,673.0
0.0,3633.0,705.0,721.0,469.0,208.0,208.0,496.0,225.0,0.0,705.0
0.0,3397.0,969.0,709.0,106.0,1011.0,1011.0,474.0,235.0,469.0,500.0
0.0,2534.0,1087.0,706.0,42.0,2041.0,2041.0,470.0,236.0,1024.0,63.0
0.0,1489.0,1573.0,730.0,208.0,3526.0,3526.0,494.0,236.0,1573.0,0.0
0.0,124.0,1664.0,762.0,1011.0,3810.0,3810.0,526.0,236.0,1664.0,0.0
0.0,0.0,1198.0,781.0,2041.0,3591.0,3591.0,549.0,232.0,1198.0,0.0
0.0,314.0,183.0,777.0,3526.0,228.0,228.0,553.0,224.0,183.0,0.0
0.0,3657.0,0.0,765.0,3810.0,0.0,0.0,553.0,212.0,0.0,0.0
0.0,7467.0,230.0,756.0,3591.0,0.0,0.0,553.0,203.0,0.0,230.0
0.0,10828.0,468.0,748.0,228.0,0.0,0.0,545.0,203.0,0.0,468.0
0.0,10588.0,705.0,742.0,0.0,0.0,0.0,527.0,215.0,0.0,705.0
0.0,9883.0,712.0,728.0,0.0,0.0,0.0,499.0,229.0,0.0,712.0
0.0,9171.0,957.0,716.0,0.0,0.0,0.0,478.0,238.0,477.0,480.0
0.0,8214.0,1040.0,713.0,0.0,0.0,0.0,475.0,238.0,1025.0,15.0
0.0,7174.0,1578.0,738.0,0.0,0.0,0.0,500.0,238.0,1578.0,0.0
0.0,5596.0,1643.0,770.0,0.0,0.0,0.0,532.0,238.0,1643.0,0.0
0.0,3953.0,1173.0,790.0,0.0,1170.0,1170.0,555.0,235.0,1173.0,0.0
0.0,2780.0,135.0,784.0,0.0,1275.0,1275.0,557.0,227.0,135.0,0.0
0.0,2645.0,0.0,772.0,0.0,1215.0,1215.0,557.0,215.0,0.0,0.0
0.0,2645.0,208.0,763.0,1170.0,208.0,208.0,557.0,206.0,0.0,208.0
0.0,3607.0,438.0,757.0,1275.0,0.0,0.0,551.0,206.0,0.0,438.0
0.0,4444.0,665.0,752.0,1215.0,0.0,0.0,535.0,217.0,0.0,665.0
0.0,4994.0,688.0,739.0,208.0,0.0,0.0,509.0,230.0,0.0,688.0
0.0,4514.0,872.0,727.0,0.0,0.0,0.0,488.0,239.0,396.0,476.0
0.0,3642.0,957.0,722.0,0.0,925.0,925.0,482.0,240.0,921.0,36.0
0.0,2685.0,1449.0,743.0,0.0,2479.0,2479.0,503.0,240.0,1449.0,0.0
0.0,1236.0,1574.0,774.0,0.0,3870.0,3870.0,534.0,240.0,1574.0,0.0
0.0,0.0,1177.0,793.0,925.0,3965.0,3965.0,556.0,237.0,1177.0,0.0
0.0,0.0,251.0,791.0,2479.0,2317.0,2317.0,561.0,230.0,251.0,0.0
0.0,1638.0,0.0,780.0,3870.0,0.0,0.0,561.0,219.0,0.0,0.0
0.0,5508.0,178.0,771.0,3965.0,0.0,0.0,561.0,210.0,0.0,178.0
0.0,9295.0,401.0,764.0,2317.0,0.0,0.0,556.0,208.0,0.0,401.0
0.0,11211.0,629.0,759.0,0.0,0.0,0.0,541.0,218.0,0.0,629.0
0.0,10582.0,674.0,747.0,0.0,0.0,0.0,516.0,231.0,0.0,674.0
0.0,9908.0,877.0,736.0,0.0,0.0,0.0,495.0,241.0,381.0,496.0
0.0,9031.0,990.0,731.0,0.0,0.0,0.0,489.0,242.0,900.0,90.0
0.0,8041.0,1429.0,750.0,0.0,0.0,0.0,508.0,242.0,1429.0,0.0
0.0,6612.0,1576.0,780.0,0.0,0.0,0.0,538.0,242.0,1576.0,0.0
0.0,5036.0,1206.0,800.0,0.0,170.0,170.0,561.0,239.0,1206.0,0.0
0.0,3830.0,312.0,799.0,0.0,477.0,477.0,567.0,232.0,312.0,0.0
0.0,3518.0,0.0,787.0,0.0,417.0,417.0,567.0,220.0,0.0,0.0
0.0,3518.0,199.0,779.0,170.0,406.0,406.0,567.0,212.0,0.0,199.0
0.0,3489.0,434.0,770.0,477.0,318.0,318.0,560.0,210.0,0.0,434.0
0.0,3532.0,665.0,765.0,417.0,541.0,541.0,544.0,221.0,0.0,665.0
0.0,3284.0,700.0,751.0,406.0,765.0,765.0,517.0,234.0,0.0,700.0
0.0,2990.0,978.0,740.0,318.0,1370.0,1370.0,496.0,244.0,477.0,501.0
0.0,2330.0,1105.0,737.0,541.0,1919.0,1919.0,492.0,245.0,1033.0,72.0
0.0,1766.0,1586.0,761.0,765.0,2860.0,2860.0,516.0,245.0,1586.0,0.0
0.0,945.0,1666.0,793.0,1370.0,3316.0,3316.0,548.0,245.0,1666.0,0.0
0.0,649.0,1203.0,812.0,1919.0,2695.0,2695.0,571.0,241.0,1203.0,0.0
0.0,1365.0,176.0,807.0,2860.0,0.0,0.0,574.0,233.0,176.0,0.0
0.0,4049.0,4.0,794.0,3316.0,0.0,0.0,574.0,220.0,0.0,4.0
0.0,7361.0,247.0,785.0,2695.0,0.0,0.0,574.0,211.0,0.0,247.0
0.0,9809.0,497.0,776.0,0.0,0.0,0.0,565.0,211.0,0.0,497.0
0.0,9312.0,737.0,769.0,0.0,0.0,0.0,545.0,224.0,0.0,737.0
0.0,8575.0,737.0,753.0,0.0,0.0,0.0,515.0,238.0,0.0,737.0
0.0,7838.0,1054.0,741.0,0.0,0.0,0.0,494.0,247.0,569.0,485.0
0.0,6784.0,1151.0,740.0,0.0,0.0,0.0,493.0,247.0,1151.0,0.0
0.0,5633.0,1731.0,770.0,0.0,0.0,0.0,523.0,247.0,1731.0,0.0
0.0,3902.0,1739.0,803.0,0.0,1852.0,1852.0,556.0,247.0,1739.0,0.0
0.0,2163.0,1163.0,822.0,0.0,3110.0,3110.0,579.0,243.0,1163.0,0.0
0.0,1000.0,16.0,813.0,0.0,3081.0,3081.0,579.0,234.0,16.0,0.0
0.0,984.0,18.0,800.0,1852.0,1182.0,1182.0,579.0,221.0,0.0,18.0
0.0,2818.0,265.0,791.0,3110.0,0.0,0.0,579.0,212.0,0.0,265.0
0.0,5663.0,516.0,783.0,3081.0,0.0,0.0,570.0,213.0,0.0,516.0
0.0,8228.0,746.0,777.0,1182.0,0.0,0.0,550.0,227.0,0.0,746.0
0.0,8664.0,725.0,761.0,0.0,0.0,0.0,520.0,241.0,0.0,725.0
0.0,7939.0,1011.0,749.0,0.0,0.0,0.0,499.0,250.0,558.0,453.0
0.0,6928.0,1126.0,748.0,0.0,0.0,0.0,498.0,250.0,1126.0,0.0
0.0,5802.0,1701.0,778.0,0.0,0.0,0.0,528.0,250.0,1701.0,0.0
0.0,4101.0,1709.0,811.0,0.0,1663.0,1663.0,561.0,250.0,1709.0,0.0
0.0,2392.0,1151.0,829.0,0.0,2904.0,2904.0,583.0,246.0,1151.0,0.0
0.0,1241.0,10.0,820.0,0.0,2869.0,2869.0,583.0,237.0,10.0,0.0
0.0,1231.0,0.0,807.0,1663.0,1141.0,1141.0,583.0,224.0,0.0,0.0
0.0,2894.0,225.0,799.0,2904.0,0.0,0.0,583.0,216.0,0.0,225.0
0.0,5573.0,460.0,791.0,2869.0,0.0,0.0,576.0,215.0,0.0,460.0
0.0,7982.0,696.0,786.0,1141.0,0.0,0.0,558.0,228.0,0.0,696.0
0.0,8427.0,707.0,771.0,0.0,0.0,0.0,530.0,241.0,0.0,707.0
0.0,7720.0,948.0,760.0,0.0,0.0,0.0,509.0,251.0,462.0,486.0
0.0,6772.0,1037.0,757.0,0.0,0.0,0.0,506.0,251.0,1013.0,24.0
0.0,5735.0,1563.0,782.0,0.0,0.0,0.0,531.0,251.0,1563.0,0.0
0.0,4172.0,1646.0,814.0,0.0,1544.0,1544.0,563.0,251.0,1646.0,0.0
0.0,2526.0,1176.0,833.0,0.0,2815.0,2815.0,585.0,248.0,1176.0,0.0
0.0,1350.0,154.0,828.0,0.0,2944.0,2944.0,588.0,240.0,154.0,0.0
0.0,1196.0,0.0,816.0,1544.0,1340.0,1340.0,588.0,228.0,0.0,0.0
0.0,2740.0,210.0,807.0,2815.0,0.0,0.0,588.0,219.0,0.0,210.0
0.0,5345.0,444.0,799.0,2944.0,0.0,0.0,581.0,218.0,0.0,444.0
0.0,7845.0,678.0,793.0,1340.0,0.0,0.0,564.0,229.0,0.0,678.0
0.0,8507.0,708.0,779.0,0.0,0.0,0.0,536.0,243.0,0.0,708.0
0.0,7799.0,972.0,768.0,0.0,0.0,0.0,515.0,253.0,472.0,500.0
0.0,6827.0,1088.0,765.0,0.0,0.0,0.0,511.0,254.0,1029.0,59.0
0.0,5739.0,1582.0,790.0,0.0,0.0,0.0,536.0,254.0,1582.0,0.0
0.0,4157.0,1671.0,822.0,0.0,1624.0,1624.0,568.0,254.0,1671.0,0.0
0.0,2486.0,1203.0,841.0,0.0,2922.0,2922.0,591.0,250.0,1203.0,0.0
0.0,1283.0,196.0,837.0,0.0,3098.0,3098.0,595.0,242.0,196.0,0.0
0.0,1087.0,2.0,824.0,1624.0,1411.0,1411.0,595.0,229.0,0.0,2.0
0.0,2709.0,247.0,815.0,2922.0,0.0,0.0,595.0,220.0,0.0,247.0
0.0,5384.0,492.0,806.0,3098.0,0.0,0.0,586.0,220.0,0.0,492.0
0.0,7990.0,743.0,799.0,1411.0,0.0,0.0,566.0,233.0,0.0,743.0
0.0,8658.0,761.0,783.0,0.0,0.0,0.0,536.0,247.0,15.0,746.0
0.0,7897.0,1112.0,772.0,0.0,0.0,0.0,515.0,257.0,607.0,505.0
0.0,6785.0,1205.0,772.0,0.0,0.0,0.0,515.0,257.0,1192.0,13.0
0.0,5580.0,1772.0,803.0,0.0,207.0,207.0,546.0,257.0,1772.0,0.0
0.0,3808.0,1758.0,837.0,0.0,2135.0,2135.0,580.0,257.0,1758.0,0.0
0.0,2050.0,1165.0,854.0,0.0,3385.0,3385.0,602.0,252.0,1165.0,0.0
0.0,885.0,0.0,845.0,207.0,3133.0,3133.0,602.0,243.0,0.0,0.0
0.0,1092.0,33.0,831.0,2135.0,961.0,961.0,602.0,229.0,0.0,33.0
0.0,3194.0,290.0,823.0,3385.0,0.0,0.0,602.0,221.0,0.0,290.0
0.0,6289.0,547.0,813.0,3133.0,0.0,0.0,591.0,222.0,0.0,547.0
0.0,8875.0,772.0,806.0,961.0,0.0,0.0,569.0,237.0,0.0,772.0
0.0,9064.0,825.0,788.0,0.0,0.0,0.0,537.0,251.0,85.0,740.0
0.0,8239.0,1146.0,777.0,0.0,0.0,0.0,517.0,260.0,689.0,457.0
0.0,7093.0,1296.0,780.0,0.0,0.0,0.0,520.0,260.0,1296.0,0.0
0.0,5797.0,1814.0,814.0,0.0,87.0,87.0,554.0,260.0,1814.0,0.0
0.0,3983.0,1731.0,846.0,0.0,1978.0,1978.0,587.0,259.0,1731.0,0.0
0.0,2252.0,1034.0,861.0,0.0,3087.0,3087.0,607.0,254.0,1034.0,0.0
0.0,1218.0,0.0,851.0,87.0,2950.0,2950.0,607.0,244.0,0.0,0.0
0.0,1305.0,38.0,838.0,1978.0,945.0,945.0,607.0,231.0,0.0,38.0
0.0,3245.0,294.0,829.0,3087.0,0.0,0.0,607.0,222.0,0.0,294.0
0.0,6038.0,548.0,821.0,2950.0,0.0,0.0,597.0,224.0,0.0,548.0
0.0,8440.0,763.0,814.0,945.0,0.0,0.0,575.0,239.0,0.0,763.0
0.0,8622.0,763.0,796.0,0.0,0.0,0.0,543.0,253.0,37.0,726.0
0.0,7859.0,1056.0,783.0,0.0,0.0,0.0,522.0,261.0,626.0,430.0
0.0,6803.0,1211.0,784.0,0.0,0.0,0.0,523.0,261.0,1211.0,0.0
0.0,5592.0,1756.0,818.0,0.0,254.0,254.0,557.0,261.0,1756.0,0.0
0.0,3836.0,1714.0,851.0,0.0,2133.0,2133.0,590.0,261.0,1714.0,0.0
0.0,2122.0,1082.0,868.0,0.0,3300.0,3300.0,611.0,257.0,1082.0,0.0
0.0,1040.0,0.0,859.0,254.0,3001.0,3001.0,611.0,248.0,0.0,0.0
0.0,1294.0,4.0,846.0,2133.0,807.0,807.0,611.0,235.0,0.0,4.0
0.0,3423.0,249.0,837.0,3300.0,0.0,0.0,611.0,226.0,0.0,249.0
0.0,6474.0,493.0,828.0,3001.0,0.0,0.0,602.0,226.0,0.0,493.0
0.0,8982.0,734.0,822.0,807.0,0.0,0.0,582.0,240.0,0.0,734.0
0.0,9055.0,734.0,806.0,0.0,0.0,0.0,552.0,254.0,0.0,734.0
0.0,8321.0,1035.0,794.0,0.0,0.0,0.0,531.0,263.0,550.0,485.0
0.0,7286.0,1128.0,793.0,0.0,0.0,0.0,530.0,263.0,1128.0,0.0
0.0,6158.0,1695.0,823.0,0.0,0.0,0.0,560.0,263.0,1695.0,0.0
0.0,4463.0,1717.0,856.0,0.0,1534.0,1534.0,593.0,263.0,1717.0,0.0
0.0,2746.0,1156.0,874.0,0.0,2780.0,2780.0,615.0,259.0,1156.0,0.0
0.0,1590.0,35.0,867.0,0.0,2780.0,2780.0,616.0,251.0,35.0,0.0
0.0,1555.0,0.0,854.0,1534.0,1181.0,1181.0,616.0,238.0,0.0,0.0
0.0,3089.0,246.0,845.0,2780.0,0.0,0.0,616.0,229.0,0.0,246.0
0.0,5623.0,492.0,835.0,2780.0,0.0,0.0,607.0,228.0,0.0,492.0
0.0,7911.0,744.0,829.0,1181.0,0.0,0.0,587.0,242.0,0.0,744.0
0.0,8348.0,755.0,813.0,0.0,0.0,0.0,557.0,256.0,10.0,745.0
0.0,7593.0,1095.0,802.0,0.0,0.0,0.0,536.0,266.0,594.0,501.0
0.0,6498.0,1182.0,801.0,0.0,0.0,0.0,535.0,266.0,1176.0,6.0
0.0,5316.0,1754.0,831.0,0.0,593.0,593.0,565.0,266.0,1754.0,0.0
0.0,3562.0,1756.0,865.0,0.0,2519.0,2519.0,599.0,266.0,1756.0,0.0
0.0,1806.0,1172.0,883.0,0.0,3781.0,3781.0,622.0,261.0,1172.0,0.0
0.0,634.0,20.0,874.0,593.0,3163.0,3163.0,622.0,252.0,20.0,0.0
0.0,1207.0,32.0,860.0,2519.0,606.0,606.0,622.0,238.0,0.0,32.0
0.0,3694.0,291.0,851.0,3781.0,0.0,0.0,622.0,229.0,0.0,291.0
0.0,7184.0,550.0,840.0,3163.0,0.0,0.0,610.0,230.0,0.0,550.0
0.0,9797.0,785.0,832.0,606.0,0.0,0.0,587.0,245.0,0.0,785.0
0.0,9618.0,876.0,814.0,0.0,0.0,0.0,555.0,259.0,119.0,757.0
0.0,8742.0,1203.0,804.0,0.0,0.0,0.0,536.0,268.0,733.0,470.0
0.0,7539.0,1358.0,807.0,0.0,0.0,0.0,539.0,268.0,1358.0,0.0
0.0,6181.0,1858.0,843.0,0.0,0.0,0.0,575.0,268.0,1858.0,0.0
0.0,4323.0,1744.0,877.0,0.0,1806.0,1806.0,609.0,268.0,1744.0,0.0
0.0,2579.0,1016.0,890.0,0.0,2887.0,2887.0,628.0,262.0,1016.0,0.0
0.0,1563.0,0.0,880.0,0.0,2837.0,2837.0,628.0,252.0,0.0,0.0
0.0,1563.0,62.0,866.0,1806.0,1023.0,1023.0,628.0,238.0,0.0,62.0
0.0,3307.0,330.0,857.0,2887.0,0.0,0.0,627.0,230.0,0.0,330.0
0.0,5864.0,603.0,846.0,2837.0,0.0,0.0,613.0,233.0,0.0,603.0
0.0,8098.0,812.0,837.0,1023.0,0.0,0.0,588.0,249.0,0.0,812.0
0.0,8309.0,922.0,820.0,0.0,0.0,0.0,557.0,263.0,172.0,750.0
0.0,7387.0,1212.0,810.0,0.0,0.0,0.0,539.0,271.0,797.0,415.0
0.0,6175.0,1428.0,817.0,0.0,0.0,0.0,546.0,271.0,1428.0,0.0
0.0,4747.0,1880.0,854.0,0.0,1403.0,1403.0,583.0,271.0,1880.0,0.0
0.0,2867.0,1711.0,885.0,0.0,3269.0,3269.0,615.0,270.0,1711.0,0.0
0.0,1156.0,899.0,898.0,0.0,4233.0,4233.0,633.0,265.0,899.0,0.0
0.0,257.0,0.0,887.0,1403.0,2775.0,2775.0,633.0,254.0,0.0,0.0
0.0,1660.0,39.0,873.0,3269.0,0.0,0.0,633.0,240.0,0.0,39.0
0.0,4890.0,307.0,864.0,4233.0,0.0,0.0,632.0,232.0,0.0,307.0
0.0,8816.0,571.0,855.0,2775.0,0.0,0.0,620.0,235.0,0.0,571.0
0.0,11020.0,795.0,847.0,0.0,0.0,0.0,597.0,250.0,0.0,795.0
0.0,10225.0,866.0,829.0,0.0,0.0,0.0,565.0,264.0,116.0,750.0
0.0,9359.0,1171.0,819.0,0.0,0.0,0.0,546.0,273.0,727.0,444.0
0.0,8188.0,1331.0,824.0,0.0,0.0,0.0,551.0,273.0,1331.0,0.0
0.0,6857.0,1816.0,859.0,0.0,0.0,0.0,586.0,273.0,1816.0,0.0
0.0,5041.0,1687.0,891.0,0.0,1101.0,1101.0,618.0,273.0,1687.0,0.0
0.0,3354.0,951.0,905.0,0.0,2122.0,2122.0,637.0,268.0,951.0,0.0
0.0,2403.0,0.0,896.0,0.0,2077.0,2077.0,637.0,259.0,0.0,0.0
0.0,2403.0,0.0,882.0,1101.0,906.0,906.0,637.0,245.0,0.0,0.0
0.0,3504.0,251.0,872.0,2122.0,0.0,0.0,637.0,235.0,0.0,251.0
0.0,5375.0,505.0,862.0,2077.0,0.0,0.0,626.0,236.0,0.0,505.0
0.0,6947.0,759.0,854.0,906.0,0.0,0.0,604.0,250.0,0.0,759.0
0.0,7094.0,837.0,838.0,0.0,0.0,0.0,573.0,265.0,75.0,762.0
0.0,6257.0,1189.0,828.0,0.0,0.0,0.0,553.0,275.0,673.0,516.0
0.0,5068.0,1284.0,830.0,0.0,366.0,366.0,555.0,275.0,1271.0,13.0
0.0,3784.0,1795.0,864.0,0.0,2331.0,2331.0,589.0,275.0,1795.0,0.0
0.0,1989.0,1719.0,897.0,0.0,4215.0,4215.0,622.0,275.0,1719.0,0.0
0.0,270.0,1049.0,912.0,366.0,4560.0,4560.0,642.0,270.0,1049.0,0.0
0.0,0.0,0.0,903.0,2331.0,2597.0,2597.0,642.0,261.0,0.0,0.0
0.0,1918.0,3.0,889.0,4215.0,0.0,0.0,642.0,247.0,0.0,3.0
0.0,6130.0,262.0,879.0,4560.0,0.0,0.0,642.0,237.0,0.0,262.0
0.0,10428.0,521.0,869.0,2597.0,0.0,0.0,631.0,238.0,0.0,521.0
0.0,12504.0,785.0,861.0,0.0,0.0,0.0,608.0,253.0,0.0,785.0
0.0,11719.0,901.0,845.0,0.0,0.0,0.0,577.0,268.0,117.0,784.0
0.0,10818.0,1268.0,835.0,0.0,0.0,0.0,557.0,278.0,740.0,528.0
0.0,9550.0,1374.0,839.0,0.0,0.0,0.0,561.0,278.0,1365.0,9.0
0.0,8176.0,1870.0,874.0,0.0,0.0,0.0,596.0,278.0,1870.0,0.0
0.0,6306.0,1756.0,907.0,0.0,0.0,0.0,630.0,277.0,1756.0,0.0
0.0,4550.0,1024.0,922.0,0.0,1084.0,1084.0,650.0,272.0,1024.0,0.0
0.0,3526.0,0.0,911.0,0.0,1029.0,1029.0,650.0,261.0,0.0,0.0
0.0,3526.0,39.0,897.0,0.0,998.0,998.0,650.0,247.0,0.0,39.0
0.0,3487.0,311.0,886.0,1084.0,170.0,170.0,648.0,238.0,0.0,311.0
0.0,4260.0,590.0,875.0,1029.0,0.0,0.0,634.0,241.0,0.0,590.0
0.0,4699.0,826.0,864.0,998.0,0.0,0.0,607.0,257.0,0.0,826.0
0.0,4871.0,1006.0,848.0,170.0,205.0,205.0,576.0,272.0,215.0,791.0
0.0,4035.0,1333.0,840.0,0.0,1498.0,1498.0,559.0,281.0,857.0,476.0
0.0,2702.0,1510.0,849.0,0.0,3053.0,3053.0,568.0,281.0,1510.0,0.0
0.0,1192.0,1947.0,887.0,205.0,4435.0,4435.0,606.0,281.0,1947.0,0.0
0.0,0.0,1745.0,919.0,1498.0,4595.0,4595.0,639.0,280.0,1745.0,0.0
0.0,0.0,888.0,929.0,3053.0,3277.0,3277.0,656.0,273.0,888.0,0.0
0.0,1368.0,147.0,921.0,4435.0,0.0,0.0,659.0,262.0,147.0,0.0
0.0,5656.0,62.0,906.0,4595.0,0.0,0.0,659.0,247.0,0.0,62.0
0.0,10189.0,347.0,896.0,3277.0,0.0,0.0,656.0,240.0,0.0,347.0
0.0,13119.0,624.0,885.0,0.0,0.0,0.0,641.0,244.0,0.0,624.0
0.0,12495.0,841.0,873.0,0.0,0.0,0.0,613.0,260.0,0.0,841.0
0.0,11654.0,843.0,853.0,0.0,0.0,0.0,578.0,275.0,73.0,770.0
0.0,10811.0,1143.0,842.0,0.0,0.0,0.0,559.0,283.0,720.0,423.0
0.0,9668.0,1370.0,851.0,0.0,0.0,0.0,568.0,283.0,1370.0,0.0
0.0,8298.0,1939.0,889.0,0.0,0.0,0.0,606.0,283.0,1939.0,0.0
0.0,6359.0,1863.0,923.0,0.0,119.0,119.0,641.0,282.0,1863.0,0.0
0.0,4496.0,1126.0,939.0,0.0,1325.0,1325.0,663.0,276.0,1126.0,0.0
0.0,3370.0,0.0,928.0,0.0,1270.0,1270.0,663.0,265.0,0.0,0.0
0.0,3370.0,31.0,913.0,119.0,1107.0,1107.0,663.0,250.0,0.0,31.0
0.0,3458.0,308.0,903.0,1325.0,40.0,40.0,661.0,242.0,0.0,308.0
0.0,4475.0,577.0,891.0,1270.0,0.0,0.0,647.0,244.0,0.0,577.0
0.0,5168.0,814.0,881.0,1107.0,0.0,0.0,621.0,260.0,0.0,814.0
0.0,5461.0,776.0,861.0,40.0,0.0,0.0,586.0,275.0,0.0,776.0
0.0,4725.0,1085.0,850.0,0.0,610.0,610.0,566.0,284.0,618.0,467.0
0.0,3640.0,1247.0,856.0,0.0,1887.0,1887.0,572.0,284.0,1247.0,0.0
0.0,2393.0,1867.0,891.0,0.0,3929.0,3929.0,607.0,284.0,1867.0,0.0
0.0,526.0,1866.0,927.0,610.0,4635.0,4635.0,643.0,284.0,1866.0,0.0
0.0,0.0,1241.0,946.0,1887.0,4730.0,4730.0,667.0,279.0,1241.0,0.0
0.0,0.0,0.0,937.0,3929.0,840.0,840.0,667.0,270.0,0.0,0.0
0.0,3845.0,10.0,922.0,4635.0,0.0,0.0,667.0,255.0,0.0,10.0
0.0,8470.0,276.0,912.0,4730.0,0.0,0.0,666.0,246.0,0.0,276.0
0.0,12924.0,540.0,899.0,840.0,0.0,0.0,653.0,246.0,0.0,540.0
0.0,13224.0,794.0,889.0,0.0,0.0,0.0,628.0,261.0,0.0,794.0
0.0,12430.0,783.0,870.0,0.0,0.0,0.0,594.0,276.0,0.0,783.0
0.0,11647.0,1118.0,858.0,0.0,0.0,0.0,572.0,286.0,604.0,514.0
0.0,10529.0,1234.0,862.0,0.0,0.0,0.0,576.0,286.0,1234.0,0.0
0.0,9295.0,1856.0,898.0,0.0,0.0,0.0,612.0,286.0,1856.0,0.0
0.0,7439.0,1882.0,934.0,0.0,0.0,0.0,648.0,286.0,1882.0,0.0
0.0,5557.0,1275.0,953.0,0.0,483.0,483.0,672.0,281.0,1275.0,0.0
0.0,4282.0,52.0,944.0,0.0,490.0,490.0,673.0,271.0,52.0,0.0
0.0,4230.0,41.0,930.0,0.0,461.0,461.0,673.0,257.0,0.0,41.0
0.0,4189.0,315.0,919.0,483.0,238.0,238.0,671.0,248.0,0.0,315.0
0.0,4357.0,588.0,906.0,490.0,271.0,271.0,657.0,249.0,0.0,588.0
0.0,4259.0,822.0,896.0,461.0,582.0,582.0,631.0,265.0,0.0,822.0
0.0,3898.0,841.0,876.0,238.0,1085.0,1085.0,596.0,280.0,52.0,789.0
0.0,3295.0,1181.0,864.0,271.0,1935.0,1935.0,575.0,289.0,702.0,479.0
0.0,2385.0,1359.0,871.0,582.0,2747.0,2747.0,582.0,289.0,1359.0,0.0
0.0,1608.0,1966.0,909.0,1085.0,3818.0,3818.0,620.0,289.0,1966.0,0.0
0.0,727.0,1923.0,945.0,1935.0,3986.0,3986.0,657.0,288.0,1923.0,0.0
0.0,739.0,1224.0,962.0,2747.0,2548.0,2548.0,680.0,282.0,1224.0,0.0
0.0,2262.0,0.0,951.0,3818.0,0.0,0.0,680.0,271.0,0.0,0.0
0.0,6080.0,89.0,937.0,3986.0,0.0,0.0,680.0,257.0,0.0,89.0
0.0,9977.0,375.0,925.0,2548.0,0.0,0.0,676.0,249.0,0.0,375.0
0.0,12150.0,669.0,912.0,0.0,0.0,0.0,660.0,252.0,0.0,669.0
0.0,11481.0,867.0,899.0,0.0,0.0,0.0,630.0,269.0,0.0,867.0
0.0,10614.0,916.0,880.0,0.0,0.0,0.0,596.0,284.0,137.0,779.0
0.0,9698.0,1210.0,870.0,0.0,0.0,0.0,578.0,292.0,811.0,399.0
0.0,8488.0,1490.0,881.0,0.0,0.0,0.0,589.0,292.0,1490.0,0.0
0.0,6998.0,2030.0,918.0,0.0,0.0,0.0,626.0,292.0,2030.0,0.0
0.0,4968.0,1900.0,953.0,0.0,1697.0,1697.0,662.0,291.0,1900.0,0.0
0.0,3068.0,1089.0,967.0,0.0,2856.0,2856.0,683.0,284.0,1089.0,0.0
0.0,1979.0,0.0,955.0,0.0,2796.0,2796.0,683.0,272.0,0.0,0.0
0.0,1979.0,98.0,941.0,1697.0,1127.0,1127.0,683.0,258.0,0.0,98.0
0.0,3578.0,391.0,932.0,2856.0,0.0,0.0,682.0,250.0,0.0,391.0
0.0,6043.0,679.0,923.0,2796.0,0.0,0.0,668.0,255.0,0.0,679.0
0.0,8160.0,866.0,913.0,1127.0,0.0,0.0,641.0,272.0,0.0,866.0
0.0,8421.0,873.0,892.0,0.0,0.0,0.0,606.0,286.0,112.0,761.0
0.0,7548.0,1146.0,879.0,0.0,0.0,0.0,585.0,294.0,780.0,366.0
0.0,6402.0,1442.0,886.0,0.0,0.0,0.0,592.0,294.0,1442.0,0.0
0.0,4960.0,1994.0,924.0,0.0,1654.0,1654.0,630.0,294.0,1994.0,0.0
0.0,2966.0,1872.0,959.0,0.0,3701.0,3701.0,666.0,293.0,1872.0,0.0
0.0,1094.0,1091.0,974.0,0.0,4867.0,4867.0,687.0,287.0,1091.0,0.0
0.0,3.0,0.0,963.0,1654.0,3158.0,3158.0,687.0,276.0,0.0,0.0
0.0,1657.0,71.0,949.0,3701.0,0.0,0.0,687.0,262.0,0.0,71.0
0.0,5287.0,347.0,940.0,4867.0,0.0,0.0,687.0,253.0,0.0,347.0
0.0,9807.0,626.0,931.0,3158.0,0.0,0.0,675.0,256.0,0.0,626.0
0.0,12339.0,831.0,923.0,0.0,0.0,0.0,651.0,272.0,0.0,831.0
0.0,11508.0,788.0,903.0,0.0,0.0,0.0,616.0,287.0,29.0,759.0
0.0,10720.0,1088.0,888.0,0.0,0.0,0.0,593.0,295.0,679.0,409.0
0.0,9632.0,1320.0,889.0,0.0,0.0,0.0,594.0,295.0,1320.0,0.0
0.0,8312.0,1936.0,927.0,0.0,0.0,0.0,632.0,295.0,1936.0,0.0
0.0,6376.0,1898.0,963.0,0.0,337.0,337.0,668.0,295.0,1898.0,0.0
0.0,4478.0,1222.0,981.0,0.0,1649.0,1649.0,692.0,289.0,1222.0,0.0
0.0,3256.0,0.0,971.0,0.0,1599.0,1599.0,692.0,279.0,0.0,0.0
0.0,3256.0,65.0,957.0,337.0,1257.0,1257.0,692.0,265.0,0.0,65.0
0.0,3528.0,340.0,948.0,1649.0,0.0,0.0,692.0,256.0,0.0,340.0
0.0,4837.0,616.0,938.0,1599.0,0.0,0.0,680.0,258.0,0.0,616.0
0.0,5820.0,826.0,930.0,1257.0,0.0,0.0,656.0,274.0,0.0,826.0
0.0,6251.0,790.0,910.0,0.0,0.0,0.0,621.0,289.0,27.0,763.0
0.0,5461.0,1114.0,895.0,0.0,128.0,128.0,598.0,297.0,683.0,431.0
0.0,4347.0,1334.0,896.0,0.0,1467.0,1467.0,599.0,297.0,1334.0,0.0
0.0,3013.0,1966.0,933.0,0.0,3618.0,3618.0,636.0,297.0,1966.0,0.0
0.0,1047.0,1933.0,969.0,128.0,4845.0,4845.0,673.0,296.0,1933.0,0.0
0.0,0.0,1260.0,987.0,1467.0,4935.0,4935.0,697.0,290.0,1260.0,0.0
0.0,0.0,0.0,976.0,3618.0,1813.0,1813.0,697.0,279.0,0.0,0.0
0.0,3067.0,107.0,962.0,4845.0,0.0,0.0,697.0,265.0,0.0,107.0
0.0,7805.0,393.0,954.0,4935.0,0.0,0.0,696.0,258.0,0.0,393.0
0.0,12347.0,682.0,945.0,1813.0,0.0,0.0,683.0,262.0,0.0,682.0
0.0,13478.0,867.0,935.0,0.0,0.0,0.0,657.0,278.0,0.0,867.0
0.0,12611.0,920.0,915.0,0.0,0.0,0.0,622.0,293.0,154.0,766.0
0.0,11691.0,1225.0,901.0,0.0,0.0,0.0,601.0,300.0,843.0,382.0
0.0,10466.0,1527.0,907.0,0.0,0.0,0.0,607.0,300.0,1527.0,0.0
0.0,8939.0,2066.0,947.0,0.0,0.0,0.0,647.0,300.0,2066.0,0.0
0.0,6873.0,1917.0,983.0,0.0,0.0,0.0,684.0,299.0,1917.0,0.0
0.0,4956.0,1088.0,995.0,0.0,1107.0,1107.0,704.0,291.0,1088.0,0.0
0.0,3868.0,0.0,983.0,0.0,1047.0,1047.0,704.0,279.0,0.0,0.0
0.0,3868.0,150.0,969.0,0.0,1127.0,1127.0,704.0,265.0,0.0,150.0
0.0,3718.0,449.0,960.0,1107.0,424.0,424.0,702.0,258.0,0.0,449.0
0.0,4376.0,749.0,951.0,1047.0,81.0,81.0,686.0,265.0,0.0,749.0
0.0,4674.0,903.0,941.0,1127.0,0.0,0.0,658.0,283.0,0.0,903.0
0.0,4898.0,963.0,920.0,424.0,241.0,241.0,623.0,297.0,210.0,753.0
0.0,4359.0,1213.0,907.0,81.0,1308.0,1308.0,604.0,303.0,911.0,302.0
0.0,3227.0,1611.0,917.0,0.0,2969.0,2969.0,614.0,303.0,1611.0,0.0
0.0,1616.0,2106.0,957.0,241.0,4785.0,4785.0,654.0,303.0,2106.0,0.0
0.0,0.0,1891.0,991.0,1308.0,4955.0,4955.0,690.0,301.0,1891.0,0.0
0.0,0.0,982.0,1002.0,2969.0,3855.0,3855.0,709.0,293.0,982.0,0.0
0.0,1155.0,0.0,989.0,4785.0,0.0,0.0,709.0,280.0,0.0,0.0
0.0,5940.0,141.0,975.0,4955.0,0.0,0.0,709.0,266.0,0.0,141.0
0.0,10754.0,437.0,967.0,3855.0,0.0,0.0,707.0,260.0,0.0,437.0
0.0,14172.0,732.0,959.0,0.0,0.0,0.0,692.0,267.0,0.0,732.0
0.0,13440.0,891.0,948.0,0.0,0.0,0.0,664.0,284.0,0.0,891.0
0.0,12549.0,903.0,928.0,0.0,0.0,0.0,629.0,299.0,157.0,746.0
0.0,11646.0,1144.0,914.0,0.0,0.0,0.0,609.0,305.0,838.0,306.0
0.0,10502.0,1517.0,922.0,0.0,0.0,0.0,617.0,305.0,1517.0,0.0
0.0,8985.0,2046.0,962.0,0.0,0.0,0.0,657.0,305.0,2046.0,0.0
0.0,6939.0,1885.0,996.0,0.0,0.0,0.0,693.0,303.0,1885.0,0.0
0.0,5054.0,1044.0,1010.0,0.0,1040.0,1040.0,713.0,297.0,1044.0,0.0
0.0,4010.0,0.0,998.0,0.0,980.0,980.0,713.0,285.0,0.0,0.0
0.0,4010.0,105.0,984.0,0.0,1015.0,1015.0,713.0,271.0,0.0,105.0
0.0,3905.0,397.0,977.0,1040.0,337.0,337.0,713.0,264.0,0.0,397.0
0.0,4548.0,684.0,968.0,980.0,0.0,0.0,699.0,269.0,0.0,684.0
0.0,4844.0,865.0,960.0,1015.0,0.0,0.0,674.0,286.0,0.0,865.0
0.0,4994.0,847.0,939.0,337.0,211.0,211.0,639.0,300.0,96.0,751.0
0.0,4484.0,1112.0,924.0,0.0,1248.0,1248.0,617.0,307.0,760.0,352.0
0.0,3372.0,1427.0,928.0,0.0,2695.0,2695.0,621.0,307.0,1427.0,0.0
0.0,1945.0,1996.0,966.0,211.0,4670.0,4670.0,659.0,307.0,1996.0,0.0
0.0,160.0,1906.0,1002.0,1248.0,5010.0,5010.0,696.0,306.0,1906.0,0.0
0.0,0.0,1146.0,1017.0,2695.0,4034.0,4034.0,718.0,299.0,1146.0,0.0
0.0,1051.0,0.0,1005.0,4670.0,0.0,0.0,718.0,287.0,0.0,0.0
0.0,5721.0,109.0,991.0,5010.0,0.0,0.0,718.0,273.0,0.0,109.0
0.0,10622.0,398.0,983.0,4034.0,0.0,0.0,717.0,266.0,0.0,398.0
0.0,14258.0,687.0,975.0,0.0,0.0,0.0,704.0,271.0,0.0,687.0
0.0,13571.0,868.0,967.0,0.0,0.0,0.0,679.0,288.0,0.0,868.0
0.0,12703.0,924.0,947.0,0.0,0.0,0.0,644.0,303.0,158.0,766.0
0.0,11779.0,1223.0,933.0,0.0,0.0,0.0,623.0,310.0,850.0,373.0
0.0,10556.0,1531.0,938.0,0.0,0.0,0.0,628.0,310.0,1531.0,0.0
0.0,9025.0,2066.0,978.0,0.0,0.0,0.0,668.0,310.0,2066.0,0.0
0.0,6959.0,1910.0,1013.0,0.0,16.0,16.0,705.0,308.0,1910.0,0.0
0.0,5049.0,1078.0,1025.0,0.0,1154.0,1154.0,725.0,300.0,1078.0,0.0
0.0,3971.0,0.0,1012.0,0.0,1089.0,1089.0,725.0,287.0,0.0,0.0
0.0,3971.0,153.0,998.0,16.0,1156.0,1156.0,725.0,273.0,0.0,153.0
0.0,3834.0,455.0,989.0,1154.0,412.0,412.0,722.0,267.0,0.0,455.0
0.0,4533.0,757.0,981.0,1089.0,40.0,40.0,706.0,275.0,0.0,757.0
0.0,4865.0,912.0,969.0,1156.0,0.0,0.0,677.0,292.0,0.0,912.0
0.0,5109.0,1027.0,949.0,412.0,251.0,251.0,642.0,307.0,264.0,763.0
0.0,4494.0,1294.0,937.0,40.0,1445.0,1445.0,624.0,313.0,982.0,312.0
0.0,3240.0,1699.0,949.0,0.0,3204.0,3204.0,636.0,313.0,1699.0,0.0
0.0,1541.0,2159.0,990.0,251.0,4950.0,4950.0,677.0,313.0,2159.0,0.0
0.0,0.0,1896.0,1024.0,1445.0,5120.0,5120.0,714.0,310.0,1896.0,0.0
0.0,0.0,925.0,1033.0,3204.0,3704.0,3704.0,732.0,301.0,925.0,0.0
0.0,1461.0,0.0,1019.0,4950.0,0.0,0.0,732.0,287.0,0.0,0.0
0.0,6411.0,185.0,1005.0,5120.0,0.0,0.0,732.0,273.0,0.0,185.0
0.0,11346.0,496.0,996.0,3704.0,0.0,0.0,728.0,268.0,0.0,496.0
0.0,14554.0,812.0,988.0,0.0,0.0,0.0,710.0,278.0,0.0,812.0
0.0,13742.0,938.0,975.0,0.0,0.0,0.0,679.0,296.0,0.0,938.0
0.0,12804.0,1063.0,955.0,0.0,0.0,0.0,645.0,310.0,310.0,753.0
0.0,11741.0,1284.0,943.0,0.0,0.0,0.0,628.0,315.0,1033.0,251.0
0.0,10457.0,1757.0,958.0,0.0,0.0,0.0,643.0,315.0,1757.0,0.0
0.0,8700.0,2168.0,1000.0,0.0,0.0,0.0,685.0,315.0,2168.0,0.0
0.0,6532.0,1859.0,1033.0,0.0,492.0,492.0,720.0,313.0,1859.0,0.0
0.0,4673.0,821.0,1040.0,0.0,1348.0,1348.0,736.0,304.0,821.0,0.0
0.0,3852.0,0.0,1026.0,0.0,1278.0,1278.0,736.0,290.0,0.0,0.0
0.0,3852.0,164.0,1012.0,492.0,880.0,880.0,736.0,276.0,0.0,164.0
0.0,4180.0,468.0,1004.0,1348.0,0.0,0.0,733.0,271.0,0.0,468.0
0.0,5060.0,770.0,997.0,1278.0,0.0,0.0,717.0,280.0,0.0,770.0
0.0,5568.0,909.0,985.0,880.0,0.0,0.0,688.0,297.0,0.0,909.0
0.0,5539.0,986.0,964.0,0.0,267.0,267.0,653.0,311.0,243.0,743.0
0.0,4553.0,1223.0,952.0,0.0,1430.0,1430.0,635.0,317.0,946.0,277.0
0.0,3330.0,1642.0,964.0,0.0,3132.0,3132.0,647.0,317.0,1642.0,0.0
0.0,1688.0,2088.0,1004.0,267.0,5020.0,5020.0,687.0,317.0,2088.0,0.0
0.0,0.0,1837.0,1037.0,1430.0,5185.0,5185.0,722.0,315.0,1837.0,0.0
0.0,0.0,885.0,1046.0,3132.0,3523.0,3523.0,739.0,307.0,885.0,0.0
0.0,1707.0,0.0,1033.0,5020.0,0.0,0.0,739.0,294.0,0.0,0.0
0.0,6727.0,130.0,1019.0,5185.0,0.0,0.0,739.0,280.0,0.0,130.0
0.0,11782.0,427.0,1011.0,3523.0,0.0,0.0,737.0,274.0,0.0,427.0
0.0,14878.0,724.0,1004.0,0.0,0.0,0.0,723.0,281.0,0.0,724.0
0.0,14154.0,890.0,993.0,0.0,0.0,0.0,695.0,298.0,0.0,890.0
0.0,13264.0,1005.0,975.0,0.0,0.0,0.0,662.0,313.0,241.0,764.0
0.0,12259.0,1265.0,962.0,0.0,0.0,0.0,643.0,319.0,931.0,334.0
0.0,10994.0,1625.0,971.0,0.0,0.0,0.0,652.0,319.0,1625.0,0.0
0.0,9369.0,2083.0,1011.0,0.0,0.0,0.0,692.0,319.0,2083.0,0.0
0.0,7286.0,1847.0,1045.0,0.0,0.0,0.0,728.0,317.0,1847.0,0.0
0.0,5439.0,919.0,1054.0,0.0,750.0,750.0,745.0,309.0,919.0,0.0
0.0,4520.0,0.0,1041.0,0.0,685.0,685.0,745.0,296.0,0.0,0.0
0.0,4520.0,142.0,1027.0,0.0,757.0,757.0,745.0,282.0,0.0,142.0
0.0,4378.0,443.0,1018.0,750.0,405.0,405.0,742.0,276.0,0.0,443.0
0.0,4685.0,746.0,1009.0,685.0,421.0,421.0,726.0,283.0,0.0,746.0
0.0,4624.0,906.0,996.0,757.0,505.0,505.0,696.0,300.0,0.0,906.0
0.0,4475.0,1085.0,978.0,405.0,1095.0,1095.0,663.0,315.0,311.0,774.0
0.0,3795.0,1368.0,968.0,421.0,1992.0,1992.0,646.0,322.0,1033.0,335.0
0.0,2848.0,1752.0,981.0,505.0,3304.0,3304.0,659.0,322.0,1752.0,0.0
0.0,1601.0,2170.0,1022.0,1095.0,4584.0,4584.0,700.0,322.0,2170.0,0.0
0.0,526.0,1863.0,1055.0,1992.0,4620.0,4620.0,736.0,319.0,1863.0,0.0
0.0,655.0,845.0,1063.0,3304.0,2201.0,2201.0,753.0,310.0,845.0,0.0
0.0,3114.0,0.0,1049.0,4584.0,0.0,0.0,753.0,296.0,0.0,0.0
0.0,7698.0,197.0,1035.0,4620.0,0.0,0.0,753.0,282.0,0.0,197.0
0.0,12121.0,512.0,1025.0,2201.0,0.0,0.0,748.0,277.0,0.0,512.0
0.0,13810.0,827.0,1016.0,0.0,0.0,0.0,729.0,287.0,0.0,827.0
0.0,12983.0,953.0,1001.0,0.0,0.0,0.0,696.0,305.0,0.0,953.0
0.0,12030.0,1166.0,982.0,0.0,0.0,0.0,662.0,320.0,406.0,760.0
0.0,10864.0,1407.0,973.0,0.0,0.0,0.0,648.0,325.0,1155.0,252.0
0.0,9457.0,1903.0,992.0,0.0,0.0,0.0,667.0,325.0,1903.0,0.0
0.0,7554.0,2248.0,1035.0,0.0,0.0,0.0,710.0,325.0,2248.0,0.0
0.0,5306.0,1843.0,1066.0,0.0,1867.0,1867.0,745.0,321.0,1843.0,0.0
0.0,3463.0,691.0,1071.0,0.0,2583.0,2583.0,759.0,312.0,691.0,0.0
0.0,2772.0,0.0,1055.0,0.0,2503.0,2503.0,759.0,296.0,0.0,0.0
0.0,2772.0,215.0,1041.0,1867.0,781.0,781.0,759.0,282.0,0.0,215.0
0.0,4424.0,535.0,1031.0,2583.0,0.0,0.0,753.0,278.0,0.0,535.0
0.0,6472.0,858.0,1023.0,2503.0,0.0,0.0,733.0,290.0,0.0,858.0
0.0,8117.0,963.0,1007.0,781.0,0.0,0.0,699.0,308.0,0.0,963.0
0.0,7935.0,1138.0,987.0,0.0,0.0,0.0,665.0,322.0,392.0,746.0
0.0,6797.0,1347.0,977.0,0.0,0.0,0.0,651.0,326.0,1140.0,207.0
0.0,5450.0,1880.0,998.0,0.0,1420.0,1420.0,672.0,326.0,1880.0,0.0
0.0,3570.0,2235.0,1040.0,0.0,3865.0,3865.0,714.0,326.0,2235.0,0.0
0.0,1335.0,1830.0,1073.0,0.0,5365.0,5365.0,750.0,323.0,1830.0,0.0
0.0,0.0,685.0,1077.0,1420.0,5145.0,5145.0,763.0,314.0,685.0,0.0
0.0,240.0,0.0,1062.0,3865.0,1205.0,1205.0,763.0,299.0,0.0,0.0
0.0,4105.0,185.0,1048.0,5365.0,0.0,0.0,763.0,285.0,0.0,185.0
0.0,9285.0,495.0,1039.0,5145.0,0.0,0.0,758.0,281.0,0.0,495.0
0.0,13935.0,809.0,1031.0,1205.0,0.0,0.0,740.0,291.0,0.0,809.0
0.0,14331.0,931.0,1017.0,0.0,0.0,0.0,708.0,309.0,0.0,931.0
0.0,13400.0,1026.0,997.0,0.0,0.0,0.0,674.0,323.0,283.0,743.0
0.0,12374.0,1251.0,986.0,0.0,0.0,0.0,658.0,328.0,1008.0,243.0
0.0,11123.0,1723.0,1002.0,0.0,0.0,0.0,674.0,328.0,1723.0,0.0
0.0,9400.0,2155.0,1043.0,0.0,0.0,0.0,715.0,328.0,2155.0,0.0
0.0,7245.0,1858.0,1076.0,0.0,0.0,0.0,751.0,325.0,1858.0,0.0
0.0,5387.0,852.0,1084.0,0.0,885.0,885.0,767.0,317.0,852.0,0.0
0.0,4535.0,0.0,1070.0,0.0,815.0,815.0,767.0,303.0,0.0,0.0
0.0,4535.0,163.0,1056.0,0.0,908.0,908.0,767.0,289.0,0.0,163.0
0.0,4372.0,473.0,1047.0,885.0,451.0,451.0,763.0,284.0,0.0,473.0
0.0,4784.0,778.0,1037.0,815.0,364.0,364.0,745.0,292.0,0.0,778.0
0.0,4821.0,923.0,1024.0,908.0,314.0,314.0,714.0,310.0,0.0,923.0
0.0,4806.0,1045.0,1003.0,451.0,803.0,803.0,679.0,324.0,287.0,758.0
0.0,4212.0,1289.0,993.0,364.0,1678.0,1678.0,663.0,330.0,1002.0,287.0
0.0,3287.0,1726.0,1008.0,314.0,3165.0,3165.0,678.0,330.0,1726.0,0.0
0.0,1875.0,2161.0,1050.0,803.0,4733.0,4733.0,720.0,330.0,2161.0,0.0
0.0,517.0,1888.0,1083.0,1678.0,5108.0,5108.0,756.0,327.0,1888.0,0.0
0.0,307.0,887.0,1092.0,3165.0,2875.0,2875.0,773.0,319.0,887.0,0.0
0.0,2585.0,0.0,1077.0,4733.0,0.0,0.0,773.0,304.0,0.0,0.0
0.0,7318.0,188.0,1064.0,5108.0,0.0,0.0,773.0,291.0,0.0,188.0
0.0,12238.0,509.0,1052.0,2875.0,0.0,0.0,767.0,285.0,0.0,509.0
0.0,14604.0,825.0,1042.0,0.0,0.0,0.0,747.0,295.0,0.0,825.0
0.0,13779.0,954.0,1027.0,0.0,0.0,0.0,714.0,313.0,0.0,954.0
0.0,12825.0,1146.0,1007.0,0.0,0.0,0.0,679.0,328.0,382.0,764.0
0.0,11679.0,1388.0,998.0,0.0,0.0,0.0,665.0,333.0,1129.0,259.0
0.0,10291.0,1888.0,1018.0,0.0,0.0,0.0,685.0,333.0,1888.0,0.0
0.0,8403.0,2263.0,1062.0,0.0,0.0,0.0,729.0,333.0,2263.0,0.0
0.0,6140.0,1892.0,1094.0,0.0,1222.0,1222.0,765.0,329.0,1892.0,0.0
0.0,4248.0,770.0,1099.0,0.0,2017.0,2017.0,780.0,319.0,770.0,0.0
0.0,3478.0,0.0,1083.0,0.0,1937.0,1937.0,780.0,303.0,0.0,0.0
0.0,3478.0,247.0,1070.0,1222.0,897.0,897.0,780.0,290.0,0.0,247.0
0.0,4453.0,576.0,1058.0,2017.0,0.0,0.0,772.0,286.0,0.0,576.0
0.0,5894.0,903.0,1049.0,1937.0,0.0,0.0,750.0,299.0,0.0,903.0
0.0,6928.0,985.0,1031.0,897.0,0.0,0.0,713.0,318.0,0.0,985.0
0.0,6840.0,1200.0,1011.0,0.0,0.0,0.0,679.0,332.0,461.0,739.0
0.0,5640.0,1411.0,1002.0,0.0,781.0,781.0,667.0,335.0,1237.0,174.0
0.0,4229.0,2014.0,1028.0,0.0,2925.0,2925.0,693.0,335.0,2014.0,0.0
0.0,2215.0,2325.0,1073.0,0.0,5365.0,5365.0,738.0,335.0,2325.0,0.0
0.0,0.0,1866.0,1104.0,781.0,5520.0,5520.0,773.0,331.0,1866.0,0.0
0.0,0.0,621.0,1106.0,2925.0,4421.0,4421.0,785.0,321.0,621.0,0.0
0.0,1109.0,0.0,1089.0,5365.0,0.0,0.0,785.0,304.0,0.0,0.0
0.0,6474.0,264.0,1076.0,5520.0,0.0,0.0,785.0,291.0,0.0,264.0
0.0,11730.0,593.0,1066.0,4421.0,0.0,0.0,778.0,288.0,0.0,593.0
0.0,15558.0,922.0,1058.0,0.0,0.0,0.0,756.0,302.0,0.0,922.0
0.0,14636.0,984.0,1041.0,0.0,0.0,0.0,720.0,321.0,0.0,984.0
0.0,13652.0,1138.0,1019.0,0.0,0.0,0.0,685.0,334.0,421.0,717.0
0.0,12514.0,1302.0,1009.0,0.0,0.0,0.0,672.0,337.0,1178.0,124.0
0.0,11212.0,1941.0,1033.0,0.0,0.0,0.0,696.0,337.0,1941.0,0.0
0.0,9271.0,2274.0,1077.0,0.0,0.0,0.0,740.0,337.0,2274.0,0.0
0.0,6997.0,1854.0,1109.0,0.0,402.0,402.0,776.0,333.0,1854.0,0.0
0.0,5143.0,663.0,1113.0,0.0,1085.0,1085.0,789.0,324.0,663.0,0.0
0.0,4480.0,0.0,1097.0,0.0,1005.0,1005.0,789.0,308.0,0.0,0.0
0.0,4480.0,235.0,1084.0,402.0,773.0,773.0,789.0,295.0,0.0,235.0
0.0,4647.0,555.0,1074.0,1085.0,193.0,193.0,783.0,291.0,0.0,555.0
0.0,5177.0,873.0,1067.0,1005.0,26.0,26.0,764.0,303.0,0.0,873.0
0.0,5309.0,962.0,1053.0,773.0,145.0,145.0,731.0,322.0,0.0,962.0
0.0,5120.0,1076.0,1032.0,193.0,923.0,923.0,696.0,336.0,351.0,725.0
0.0,4237.0,1264.0,1020.0,26.0,2101.0,2101.0,681.0,339.0,1095.0,169.0
0.0,2999.0,1830.0,1039.0,145.0,3881.0,3881.0,700.0,339.0,1830.0,0.0
0.0,1314.0,2227.0,1082.0,923.0,5400.0,5400.0,743.0,339.0,2227.0,0.0
0.0,10.0,1867.0,1115.0,2101.0,5331.0,5331.0,779.0,336.0,1867.0,0.0
0.0,244.0,778.0,1121.0,3881.0,2258.0,2258.0,794.0,327.0,778.0,0.0
0.0,3347.0,0.0,1106.0,5400.0,0.0,0.0,794.0,312.0,0.0,0.0
0.0,8747.0,215.0,1092.0,5331.0,0.0,0.0,794.0,298.0,0.0,215.0
0.0,13863.0,532.0,1082.0,2258.0,0.0,0.0,788.0,294.0,0.0,532.0
0.0,15589.0,856.0,1074.0,0.0,0.0,0.0,769.0,305.0,0.0,856.0
0.0,14733.0,959.0,1059.0,0.0,0.0,0.0,736.0,323.0,0.0,959.0
0.0,13774.0,1111.0,1039.0,0.0,0.0,0.0,701.0,338.0,365.0,746.0
0.0,12663.0,1336.0,1029.0,0.0,0.0,0.0,687.0,342.0,1123.0,213.0
0.0,11327.0,1872.0,1048.0,0.0,0.0,0.0,706.0,342.0,1872.0,0.0
0.0,9455.0,2268.0,1091.0,0.0,0.0,0.0,749.0,342.0,2268.0,0.0
0.0,7187.0,1910.0,1124.0,0.0,343.0,343.0,786.0,338.0,1910.0,0.0
0.0,5277.0,799.0,1129.0,0.0,1167.0,1167.0,801.0,328.0,799.0,0.0
0.0,4478.0,0.0,1113.0,0.0,1087.0,1087.0,801.0,312.0,0.0,0.0
0.0,4478.0,257.0,1100.0,343.0,936.0,936.0,801.0,299.0,0.0,257.0
0.0,4564.0,587.0,1090.0,1167.0,306.0,306.0,794.0,296.0,0.0,587.0
0.0,5144.0,918.0,1080.0,1087.0,87.0,87.0,772.0,308.0,0.0,918.0
0.0,5313.0,995.0,1063.0,936.0,61.0,61.0,736.0,327.0,0.0,995.0
0.0,5254.0,1214.0,1043.0,306.0,869.0,869.0,701.0,342.0,471.0,743.0
0.0,4346.0,1417.0,1034.0,87.0,2154.0,2154.0,689.0,345.0,1252.0,165.0
0.0,3016.0,2042.0,1059.0,61.0,4260.0,4260.0,714.0,345.0,2042.0,0.0
0.0,1035.0,2363.0,1104.0,869.0,5520.0,5520.0,759.0,345.0,2363.0,0.0
0.0,0.0,1902.0,1136.0,2154.0,5680.0,5680.0,796.0,340.0,1902.0,0.0
0.0,0.0,655.0,1137.0,4260.0,2287.0,2287.0,808.0,329.0,655.0,0.0
0.0,3398.0,0.0,1120.0,5520.0,0.0,0.0,808.0,312.0,0.0,0.0
0.0,8918.0,299.0,1106.0,5680.0,0.0,0.0,808.0,298.0,0.0,299.0
0.0,14299.0,641.0,1096.0,2287.0,0.0,0.0,799.0,297.0,0.0,641.0
0.0,15945.0,981.0,1088.0,0.0,0.0,0.0,776.0,312.0,0.0,981.0
0.0,14964.0,1023.0,1069.0,0.0,0.0,0.0,737.0,332.0,0.0,1023.0
0.0,13941.0,1249.0,1048.0,0.0,0.0,0.0,702.0,346.0,520.0,729.0
0.0,12692.0,1411.0,1040.0,0.0,0.0,0.0,692.0,348.0,1322.0,89.0
0.0,11281.0,2115.0,1068.0,0.0,0.0,0.0,720.0,348.0,2115.0,0.0
0.0,9166.0,2395.0,1114.0,0.0,0.0,0.0,766.0,348.0,2395.0,0.0
0.0,6771.0,1869.0,1144.0,0.0,818.0,818.0,802.0,342.0,1869.0,0.0
0.0,4902.0,553.0,1144.0,0.0,1371.0,1371.0,813.0,331.0,553.0,0.0
0.0,4349.0,0.0,1126.0,0.0,1281.0,1281.0,813.0,313.0,0.0,0.0
0.0,4349.0,291.0,1113.0,818.0,689.0,689.0,813.0,300.0,0.0,291.0
0.0,4876.0,627.0,1103.0,1371.0,0.0,0.0,805.0,298.0,0.0,627.0
0.0,5620.0,964.0,1096.0,1281.0,0.0,0.0,782.0,314.0,0.0,964.0
0.0,5937.0,1013.0,1079.0,689.0,0.0,0.0,745.0,334.0,0.0,1013.0
0.0,5613.0,1183.0,1058.0,0.0,860.0,860.0,710.0,348.0,462.0,721.0
0.0,4430.0,1331.0,1048.0,0.0,2141.0,2141.0,698.0,350.0,1240.0,91.0
0.0,3099.0,2011.0,1074.0,0.0,4282.0,4282.0,724.0,350.0,2011.0,0.0
0.0,1088.0,2326.0,1119.0,860.0,5595.0,5595.0,769.0,350.0,2326.0,0.0
0.0,0.0,1857.0,1150.0,2141.0,5750.0,5750.0,805.0,345.0,1857.0,0.0
0.0,0.0,619.0,1151.0,4282.0,2186.0,2186.0,817.0,334.0,619.0,0.0
0.0,3569.0,0.0,1135.0,5595.0,0.0,0.0,817.0,318.0,0.0,0.0
0.0,9164.0,248.0,1121.0,5750.0,0.0,0.0,817.0,304.0,0.0,248.0
0.0,14666.0,576.0,1111.0,2186.0,0.0,0.0,810.0,301.0,0.0,576.0
0.0,16276.0,909.0,1104.0,0.0,0.0,0.0,789.0,315.0,0.0,909.0
0.0,15367.0,987.0,1088.0,0.0,0.0,0.0,754.0,334.0,0.0,987.0
0.0,14380.0,1154.0,1067.0,0.0,0.0,0.0,719.0,348.0,417.0,737.0
0.0,13226.0,1333.0,1056.0,0.0,0.0,0.0,705.0,351.0,1179.0,154.0
0.0,11893.0,1947.0,1079.0,0.0,0.0,0.0,728.0,351.0,1947.0,0.0
0.0,9946.0,2289.0,1123.0,0.0,0.0,0.0,772.0,351.0,2289.0,0.0
0.0,7657.0,1870.0,1155.0,0.0,0.0,0.0,808.0,347.0,1870.0,0.0
0.0,5787.0,694.0,1158.0,0.0,697.0,697.0,821.0,337.0,694.0,0.0
0.0,5093.0,0.0,1141.0,0.0,612.0,612.0,821.0,320.0,0.0,0.0
0.0,5093.0,244.0,1128.0,0.0,791.0,791.0,821.0,307.0,0.0,244.0
0.0,4849.0,579.0,1117.0,697.0,618.0,618.0,814.0,303.0,0.0,579.0
0.0,4967.0,910.0,1110.0,612.0,881.0,881.0,793.0,317.0,0.0,910.0
0.0,4669.0,998.0,1093.0,791.0,1003.0,1003.0,757.0,336.0,0.0,998.0
0.0,4462.0,1220.0,1072.0,618.0,1500.0,1500.0,722.0,350.0,471.0,749.0
0.0,3860.0,1435.0,1064.0,881.0,2014.0,2014.0,710.0,354.0,1260.0,175.0
0.0,3306.0,2044.0,1088.0,1003.0,3175.0,3175.0,734.0,354.0,2044.0,0.0
0.0,2265.0,2366.0,1133.0,1500.0,4266.0,4266.0,779.0,354.0,2366.0,0.0
0.0,1399.0,1895.0,1165.0,2014.0,4307.0,4307.0,816.0,349.0,1895.0,0.0
0.0,1518.0,644.0,1166.0,3175.0,1781.0,1781.0,828.0,338.0,644.0,0.0
0.0,4049.0,0.0,1148.0,4266.0,0.0,0.0,828.0,320.0,0.0,0.0
0.0,8315.0,294.0,1134.0,4307.0,0.0,0.0,828.0,306.0,0.0,294.0
0.0,12328.0,645.0,1124.0,1781.0,0.0,0.0,819.0,305.0,0.0,645.0
0.0,13464.0,991.0,1115.0,0.0,0.0,0.0,795.0,320.0,0.0,991.0
0.0,12473.0,1042.0,1096.0,0.0,0.0,0.0,755.0,341.0,0.0,1042.0
0.0,11431.0,1321.0,1076.0,0.0,0.0,0.0,721.0,355.0,577.0,744.0
0.0,10110.0,1502.0,1068.0,0.0,0.0,0.0,711.0,357.0,1399.0,103.0
0.0,8608.0,2217.0,1099.0,0.0,0.0,0.0,742.0,357.0,2217.0,0.0
0.0,6391.0,2459.0,1146.0,0.0,1798.0,1798.0,789.0,357.0,2459.0,0.0
0.0,3932.0,1878.0,1176.0,0.0,3826.0,3826.0,825.0,351.0,1878.0,0.0
0.0,2054.0,478.0,1173.0,0.0,4289.0,4289.0,834.0,339.0,478.0,0.0
0.0,1576.0,0.0,1154.0,1798.0,2396.0,2396.0,834.0,320.0,0.0,0.0
0.0,3374.0,325.0,1140.0,3826.0,0.0,0.0,834.0,306.0,0.0,325.0
0.0,6875.0,676.0,1129.0,4289.0,0.0,0.0,824.0,305.0,0.0,676.0
0.0,10488.0,1026.0,1122.0,2396.0,0.0,0.0,799.0,323.0,0.0,1026.0
0.0,11858.0,1052.0,1102.0,0.0,0.0,0.0,758.0,344.0,0.0,1052.0
0.0,10806.0,1312.0,1081.0,0.0,0.0,0.0,723.0,358.0,586.0,726.0
0.0,9494.0,1458.0,1073.0,0.0,0.0,0.0,714.0,359.0,1408.0,50.0
0.0,8036.0,2224.0,1105.0,0.0,0.0,0.0,746.0,359.0,2224.0,0.0
0.0,5812.0,2451.0,1153.0,0.0,2404.0,2404.0,794.0,359.0,2451.0,0.0
0.0,3361.0,1858.0,1182.0,0.0,4407.0,4407.0,829.0,353.0,1858.0,0.0
0.0,1503.0,441.0,1179.0,0.0,4833.0,4833.0,838.0,341.0,441.0,0.0
0.0,1062.0,0.0,1160.0,2404.0,2334.0,2334.0,838.0,322.0,0.0,0.0
0.0,3466.0,316.0,1147.0,4407.0,0.0,0.0,838.0,309.0,0.0,316.0
0.0,7557.0,661.0,1137.0,4833.0,0.0,0.0,829.0,308.0,0.0,661.0
0.0,11729.0,1004.0,1130.0,2334.0,0.0,0.0,805.0,325.0,0.0,1004.0
0.0,13059.0,1031.0,1111.0,0.0,0.0,0.0,766.0,345.0,0.0,1031.0
0.0,12028.0,1233.0,1091.0,0.0,0.0,0.0,732.0,359.0,522.0,711.0
0.0,10795.0,1363.0,1081.0,0.0,0.0,0.0,721.0,360.0,1312.0,51.0
0.0,9432.0,2107.0,1110.0,0.0,0.0,0.0,750.0,360.0,2107.0,0.0
0.0,7325.0,2375.0,1156.0,0.0,830.0,830.0,796.0,360.0,2375.0,0.0
0.0,4950.0,1857.0,1186.0,0.0,2837.0,2837.0,831.0,355.0,1857.0,0.0
0.0,3093.0,538.0,1186.0,0.0,3375.0,3375.0,842.0,344.0,538.0,0.0
0.0,2555.0,0.0,1169.0,830.0,2460.0,2460.0,842.0,327.0,0.0,0.0
0.0,3385.0,289.0,1155.0,2837.0,0.0,0.0,842.0,313.0,0.0,289.0
0.0,5933.0,626.0,1145.0,3375.0,0.0,0.0,834.0,311.0,0.0,626.0
0.0,8682.0,965.0,1138.0,2460.0,0.0,0.0,811.0,327.0,0.0,965.0
0.0,10177.0,1010.0,1119.0,0.0,0.0,0.0,773.0,346.0,0.0,1010.0
0.0,9167.0,1219.0,1099.0,0.0,0.0,0.0,739.0,360.0,493.0,726.0
0.0,7948.0,1378.0,1090.0,0.0,0.0,0.0,728.0,362.0,1280.0,98.0
0.0,6570.0,2075.0,1116.0,0.0,1085.0,1085.0,754.0,362.0,2075.0,0.0
0.0,4495.0,2377.0,1162.0,0.0,3692.0,3692.0,800.0,362.0,2377.0,0.0
0.0,2118.0,1896.0,1193.0,0.0,5743.0,5743.0,836.0,357.0,1896.0,0.0
0.0,222.0,619.0,1194.0,1085.0,5282.0,5282.0,848.0,346.0,619.0,0.0
0.0,688.0,0.0,1177.0,3692.0,1505.0,1505.0,848.0,329.0,0.0,0.0
0.0,4380.0,313.0,1163.0,5743.0,0.0,0.0,848.0,315.0,0.0,313.0
0.0,9810.0,658.0,1153.0,5282.0,0.0,0.0,839.0,314.0,0.0,658.0
0.0,14434.0,1002.0,1145.0,1505.0,0.0,0.0,815.0,330.0,0.0,1002.0
0.0,14937.0,1040.0,1126.0,0.0,0.0,0.0,776.0,350.0,0.0,1040.0
0.0,13897.0,1292.0,1105.0,0.0,0.0,0.0,741.0,364.0,563.0,729.0
0.0,12605.0,1465.0,1096.0,0.0,0.0,0.0,731.0,365.0,1387.0,78.0
0.0,11140.0,2203.0,1126.0,0.0,0.0,0.0,761.0,365.0,2203.0,0.0
0.0,8937.0,2464.0,1174.0,0.0,0.0,0.0,809.0,365.0,2464.0,0.0
0.0,6473.0,1900.0,1204.0,0.0,1447.0,1447.0,845.0,359.0,1900.0,0.0
0.0,4573.0,533.0,1202.0,0.0,1970.0,1970.0,855.0,347.0,533.0,0.0
0.0,4040.0,2.0,1183.0,0.0,1877.0,1877.0,855.0,328.0,0.0,2.0
0.0,4038.0,358.0,1170.0,1447.0,723.0,723.0,855.0,315.0,0.0,358.0
0.0,5127.0,722.0,1158.0,1970.0,0.0,0.0,844.0,314.0,0.0,722.0
0.0,6375.0,1078.0,1150.0,1877.0,0.0,0.0,817.0,333.0,0.0,1078.0
0.0,7174.0,1081.0,1129.0,723.0,0.0,0.0,775.0,354.0,0.0,1081.0
0.0,6816.0,1389.0,1108.0,0.0,113.0,113.0,740.0,368.0,669.0,720.0
0.0,5427.0,1521.0,1101.0,0.0,1599.0,1599.0,733.0,368.0,1516.0,5.0
0.0,3906.0,2364.0,1138.0,0.0,4148.0,4148.0,770.0,368.0,2364.0,0.0
0.0,1542.0,2540.0,1186.0,113.0,5930.0,5930.0,818.0,368.0,2540.0,0.0
0.0,0.0,1873.0,1216.0,1599.0,6080.0,6080.0,854.0,362.0,1873.0,0.0
0.0,0.0,354.0,1210.0,4148.0,3415.0,3415.0,861.0,349.0,354.0,0.0
0.0,2635.0,12.0,1190.0,5930.0,0.0,0.0,861.0,329.0,0.0,12.0
0.0,8553.0,378.0,1177.0,6080.0,0.0,0.0,861.0,316.0,0.0,378.0
0.0,14255.0,740.0,1166.0,3415.0,0.0,0.0,850.0,316.0,0.0,740.0
0.0,16930.0,1087.0,1159.0,0.0,0.0,0.0,823.0,336.0,0.0,1087.0
0.0,15843.0,1068.0,1137.0,0.0,0.0,0.0,780.0,357.0,0.0,1068.0
0.0,14775.0,1329.0,1115.0,0.0,0.0,0.0,745.0,370.0,643.0,686.0
0.0,13446.0,1478.0,1108.0,0.0,0.0,0.0,738.0,370.0,1478.0,0.0
0.0,11968.0,2317.0,1144.0,0.0,0.0,0.0,774.0,370.0,2317.0,0.0
0.0,9651.0,2505.0,1192.0,0.0,0.0,0.0,822.0,370.0,2505.0,0.0
0.0,7146.0,1864.0,1222.0,0.0,828.0,828.0,858.0,364.0,1864.0,0.0
0.0,5282.0,373.0,1216.0,0.0,1171.0,1171.0,865.0,351.0,373.0,0.0
0.0,4909.0,0.0,1197.0,0.0,1076.0,1076.0,865.0,332.0,0.0,0.0
0.0,4909.0,344.0,1184.0,828.0,527.0,527.0,865.0,319.0,0.0,344.0
0.0,5393.0,696.0,1173.0,1171.0,0.0,0.0,855.0,318.0,0.0,696.0
0.0,5868.0,1047.0,1168.0,1076.0,0.0,0.0,830.0,338.0,0.0,1047.0
0.0,5897.0,1054.0,1148.0,527.0,370.0,370.0,790.0,358.0,0.0,1054.0
0.0,5370.0,1282.0,1127.0,0.0,1547.0,1547.0,755.0,372.0,570.0,712.0
0.0,4088.0,1400.0,1118.0,0.0,2902.0,2902.0,746.0,372.0,1387.0,13.0
0.0,2688.0,2195.0,1150.0,370.0,4887.0,4887.0,778.0,372.0,2195.0,0.0
0.0,863.0,2435.0,1196.0,1547.0,5980.0,5980.0,824.0,372.0,2435.0,0.0
0.0,0.0,1865.0,1226.0,2902.0,5118.0,5118.0,860.0,366.0,1865.0,0.0
0.0,1012.0,477.0,1224.0,4887.0,698.0,698.0,870.0,354.0,477.0,0.0
0.0,5422.0,0.0,1206.0,5980.0,0.0,0.0,870.0,336.0,0.0,0.0
0.0,11402.0,320.0,1192.0,5118.0,0.0,0.0,870.0,322.0,0.0,320.0
0.0,16200.0,668.0,1181.0,698.0,0.0,0.0,860.0,321.0,0.0,668.0
0.0,16230.0,1018.0,1174.0,0.0,0.0,0.0,835.0,339.0,0.0,1018.0
0.0,15212.0,1052.0,1155.0,0.0,0.0,0.0,796.0,359.0,0.0,1052.0
0.0,14160.0,1326.0,1134.0,0.0,0.0,0.0,761.0,373.0,593.0,733.0
0.0,12834.0,1479.0,1127.0,0.0,0.0,0.0,752.0,375.0,1414.0,65.0
0.0,11355.0,2230.0,1158.0,0.0,0.0,0.0,783.0,375.0,2230.0,0.0
0.0,9125.0,2454.0,1205.0,0.0,0.0,0.0,830.0,375.0,2454.0,0.0
0.0,6671.0,1871.0,1235.0,0.0,1375.0,1375.0,866.0,369.0,1871.0,0.0
0.0,4800.0,477.0,1231.0,0.0,1832.0,1832.0,875.0,356.0,477.0,0.0
0.0,4323.0,0.0,1212.0,0.0,1737.0,1737.0,875.0,337.0,0.0,0.0
0.0,4323.0,342.0,1198.0,1375.0,634.0,634.0,875.0,323.0,0.0,342.0
0.0,5356.0,699.0,1187.0,1832.0,0.0,0.0,864.0,323.0,0.0,699.0
0.0,6489.0,1064.0,1180.0,1737.0,0.0,0.0,838.0,342.0,0.0,1064.0
0.0,7162.0,1083.0,1157.0,634.0,0.0,0.0,795.0,362.0,0.0,1083.0
0.0,6713.0,1452.0,1139.0,0.0,434.0,434.0,762.0,377.0,706.0,746.0
0.0,5261.0,1616.0,1133.0,0.0,2020.0,2020.0,755.0,378.0,1567.0,49.0
0.0,3645.0,2421.0,1170.0,0.0,4626.0,4626.0,792.0,378.0,2421.0,0.0
0.0,1224.0,2576.0,1219.0,434.0,6095.0,6095.0,841.0,378.0,2576.0,0.0
0.0,0.0,1865.0,1248.0,2020.0,6240.0,6240.0,877.0,371.0,1865.0,0.0
0.0,0.0,308.0,1240.0,4626.0,2645.0,2645.0,883.0,357.0,308.0,0.0
0.0,3555.0,14.0,1219.0,6095.0,0.0,0.0,883.0,336.0,0.0,14.0
0.0,9636.0,385.0,1206.0,6240.0,0.0,0.0,883.0,323.0,0.0,385.0
0.0,15491.0,761.0,1194.0,2645.0,0.0,0.0,870.0,324.0,0.0,761.0
0.0,17375.0,1115.0,1186.0,0.0,0.0,0.0,841.0,345.0,0.0,1115.0
0.0,16260.0,1101.0,1161.0,0.0,0.0,0.0,795.0,366.0,0.0,1101.0
0.0,15159.0,1474.0,1141.0,0.0,0.0,0.0,761.0,380.0,760.0,714.0
0.0,13685.0,1634.0,1137.0,0.0,0.0,0.0,757.0,380.0,1634.0,0.0
0.0,12051.0,2502.0,1178.0,0.0,0.0,0.0,798.0,380.0,2502.0,0.0
0.0,9549.0,2614.0,1228.0,0.0,0.0,0.0,848.0,380.0,2614.0,0.0
0.0,6935.0,1850.0,1257.0,0.0,1200.0,1200.0,884.0,373.0,1850.0,0.0
0.0,5085.0,221.0,1246.0,0.0,1366.0,1366.0,888.0,358.0,221.0,0.0
0.0,4864.0,19.0,1226.0,0.0,1285.0,1285.0,888.0,338.0,0.0,19.0
0.0,4845.0,394.0,1213.0,1200.0,414.0,414.0,888.0,325.0,0.0,394.0
0.0,5651.0,764.0,1202.0,1366.0,0.0,0.0,876.0,326.0,0.0,764.0
0.0,6253.0,1114.0,1195.0,1285.0,0.0,0.0,847.0,348.0,0.0,1114.0
0.0,6424.0,1088.0,1172.0,414.0,110.0,110.0,803.0,369.0,0.0,1088.0
0.0,5750.0,1418.0,1150.0,0.0,1418.0,1418.0,768.0,382.0,720.0,698.0
0.0,4332.0,1575.0,1145.0,0.0,2968.0,2968.0,763.0,382.0,1575.0,0.0
0.0,2757.0,2432.0,1184.0,110.0,5485.0,5485.0,802.0,382.0,2432.0,0.0
0.0,435.0,2561.0,1234.0,1418.0,6170.0,6170.0,852.0,382.0,2561.0,0.0
0.0,0.0,1839.0,1263.0,2968.0,5894.0,5894.0,887.0,376.0,1839.0,0.0
0.0,421.0,253.0,1254.0,5485.0,617.0,617.0,892.0,362.0,253.0,0.0
0.0,5653.0,0.0,1234.0,6170.0,0.0,0.0,892.0,342.0,0.0,0.0
0.0,11823.0,346.0,1220.0,5894.0,0.0,0.0,892.0,328.0,0.0,346.0
0.0,17371.0,706.0,1209.0,617.0,0.0,0.0,881.0,328.0,0.0,706.0
0.0,17282.0,1065.0,1203.0,0.0,0.0,0.0,854.0,349.0,0.0,1065.0
0.0,16217.0,1082.0,1181.0,0.0,0.0,0.0,812.0,369.0,0.0,1082.0
0.0,15135.0,1375.0,1160.0,0.0,0.0,0.0,777.0,383.0,643.0,732.0
0.0,13760.0,1504.0,1154.0,0.0,0.0,0.0,770.0,384.0,1479.0,25.0
0.0,12256.0,2318.0,1189.0,0.0,0.0,0.0,805.0,384.0,2318.0,0.0
0.0,9938.0,2510.0,1238.0,0.0,0.0,0.0,854.0,384.0,2510.0,0.0
0.0,7428.0,1868.0,1268.0,0.0,780.0,780.0,890.0,378.0,1868.0,0.0
0.0,5560.0,385.0,1262.0,0.0,1135.0,1135.0,897.0,365.0,385.0,0.0
0.0,5175.0,0.0,1242.0,0.0,1035.0,1035.0,897.0,345.0,0.0,0.0
0.0,5175.0,339.0,1229.0,780.0,529.0,529.0,897.0,332.0,0.0,339.0
0.0,5616.0,699.0,1217.0,1135.0,33.0,33.0,886.0,331.0,0.0,699.0
0.0,6052.0,1058.0,1208.0,1035.0,11.0,11.0,858.0,350.0,0.0,1058.0
0.0,6029.0,1085.0,1187.0,529.0,462.0,462.0,816.0,371.0,0.0,1085.0
0.0,5473.0,1432.0,1166.0,33.0,1756.0,1756.0,781.0,385.0,682.0,750.0
0.0,4074.0,1588.0,1161.0,11.0,3308.0,3308.0,775.0,386.0,1533.0,55.0
0.0,2497.0,2384.0,1198.0,462.0,5415.0,5415.0,812.0,386.0,2384.0,0.0
0.0,575.0,2558.0,1247.0,1756.0,6235.0,6235.0,861.0,386.0,2558.0,0.0
0.0,0.0,1888.0,1277.0,3308.0,5192.0,5192.0,897.0,380.0,1888.0,0.0
0.0,1193.0,371.0,1270.0,5415.0,113.0,113.0,904.0,366.0,371.0,0.0
0.0,6237.0,11.0,1250.0,6235.0,0.0,0.0,904.0,346.0,0.0,11.0
0.0,12461.0,383.0,1237.0,5192.0,0.0,0.0,904.0,333.0,0.0,383.0
0.0,17270.0,762.0,1224.0,113.0,0.0,0.0,891.0,333.0,0.0,762.0
0.0,16621.0,1125.0,1215.0,0.0,0.0,0.0,861.0,354.0,0.0,1125.0
0.0,15496.0,1118.0,1189.0,0.0,0.0,0.0,814.0,375.0,0.0,1118.0
0.0,14378.0,1534.0,1169.0,0.0,0.0,0.0,780.0,389.0,801.0,733.0
0.0,12844.0,1689.0,1165.0,0.0,0.0,0.0,776.0,389.0,1689.0,0.0
0.0,11155.0,2577.0,1209.0,0.0,0.0,0.0,820.0,389.0,2577.0,0.0
0.0,8578.0,2670.0,1260.0,0.0,392.0,392.0,871.0,389.0,2670.0,0.0
0.0,5908.0,1868.0,1289.0,0.0,2405.0,2405.0,907.0,382.0,1868.0,0.0
0.0,4040.0,187.0,1278.0,0.0,2537.0,2537.0,911.0,367.0,187.0,0.0
0.0,3853.0,47.0,1257.0,392.0,2087.0,2087.0,911.0,346.0,0.0,47.0
0.0,4198.0,435.0,1245.0,2405.0,57.0,57.0,911.0,334.0,0.0,435.0
0.0,6168.0,817.0,1232.0,2537.0,0.0,0.0,896.0,336.0,0.0,817.0
0.0,7888.0,1154.0,1223.0,2087.0,0.0,0.0,865.0,358.0,0.0,1154.0
0.0,8821.0,1103.0,1196.0,57.0,0.0,0.0,817.0,379.0,0.0,1103.0
0.0,7775.0,1506.0,1175.0,0.0,0.0,0.0,783.0,392.0,834.0,672.0
0.0,6269.0,1728.0,1172.0,0.0,1319.0,1319.0,780.0,392.0,1728.0,0.0
0.0,4541.0,2624.0,1218.0,0.0,4173.0,4173.0,826.0,392.0,2624.0,0.0
0.0,1917.0,2678.0,1270.0,0.0,6350.0,6350.0,878.0,392.0,2678.0,0.0
0.0,0.0,1844.0,1297.0,1319.0,6485.0,6485.0,913.0,384.0,1844.0,0.0
0.0,0.0,107.0,1285.0,4173.0,3645.0,3645.0,916.0,369.0,107.0,0.0
0.0,2780.0,35.0,1265.0,6350.0,0.0,0.0,916.0,349.0,0.0,35.0
0.0,9095.0,414.0,1252.0,6485.0,0.0,0.0,916.0,336.0,0.0,414.0
0.0,15166.0,792.0,1239.0,3645.0,0.0,0.0,902.0,337.0,0.0,792.0
0.0,18019.0,1132.0,1230.0,0.0,0.0,0.0,871.0,359.0,0.0,1132.0
0.0,16887.0,1093.0,1205.0,0.0,0.0,0.0,825.0,380.0,0.0,1093.0
0.0,15794.0,1456.0,1183.0,0.0,0.0,0.0,790.0,393.0,774.0,682.0
0.0,14338.0,1643.0,1179.0,0.0,0.0,0.0,786.0,393.0,1643.0,0.0
0.0,12695.0,2517.0,1223.0,0.0,0.0,0.0,830.0,393.0,2517.0,0.0
0.0,10178.0,2613.0,1273.0,0.0,0.0,0.0,880.0,393.0,2613.0,0.0
0.0,7565.0,1838.0,1303.0,0.0,788.0,788.0,916.0,387.0,1838.0,0.0
0.0,5727.0,190.0,1292.0,0.0,923.0,923.0,919.0,373.0,190.0,0.0
0.0,5537.0,8.0,1272.0,0.0,831.0,831.0,919.0,353.0,0.0,8.0
0.0,5529.0,376.0,1258.0,788.0,349.0,349.0,919.0,339.0,0.0,376.0
0.0,5941.0,744.0,1246.0,923.0,110.0,110.0,907.0,339.0,0.0,744.0
0.0,6120.0,1104.0,1238.0,831.0,343.0,343.0,878.0,360.0,0.0,1104.0
0.0,5847.0,1101.0,1215.0,349.0,980.0,980.0,834.0,381.0,0.0,1101.0
0.0,5095.0,1443.0,1194.0,110.0,2208.0,2208.0,799.0,395.0,718.0,725.0
0.0,3762.0,1575.0,1189.0,343.0,3415.0,3415.0,794.0,395.0,1575.0,0.0
0.0,2530.0,2439.0,1228.0,980.0,5069.0,5069.0,833.0,395.0,2439.0,0.0
0.0,1071.0,2584.0,1278.0,2208.0,5695.0,5695.0,883.0,395.0,2584.0,0.0
0.0,695.0,1874.0,1308.0,3415.0,4304.0,4304.0,919.0,389.0,1874.0,0.0
0.0,2236.0,297.0,1300.0,5069.0,0.0,0.0,925.0,375.0,297.0,0.0
0.0,7008.0,13.0,1280.0,5695.0,0.0,0.0,925.0,355.0,0.0,13.0
0.0,12690.0,387.0,1267.0,4304.0,0.0,0.0,925.0,342.0,0.0,387.0
0.0,16607.0,758.0,1254.0,0.0,0.0,0.0,912.0,342.0,0.0,758.0
0.0,15849.0,1124.0,1244.0,0.0,0.0,0.0,882.0,362.0,0.0,1124.0
0.0,14725.0,1114.0,1220.0,0.0,0.0,0.0,836.0,384.0,0.0,1114.0
0.0,13611.0,1522.0,1200.0,0.0,0.0,0.0,802.0,398.0,789.0,733.0
0.0,12089.0,1679.0,1196.0,0.0,0.0,0.0,798.0,398.0,1679.0,0.0
0.0,10410.0,2567.0,1238.0,0.0,0.0,0.0,840.0,398.0,2567.0,0.0
0.0,7843.0,2668.0,1290.0,0.0,1275.0,1275.0,892.0,398.0,2668.0,0.0
0.0,5175.0,1880.0,1318.0,0.0,3295.0,3295.0,928.0,390.0,1880.0,0.0
0.0,3295.0,208.0,1308.0,0.0,3453.0,3453.0,932.0,376.0,208.0,0.0
0.0,3087.0,56.0,1287.0,1275.0,2129.0,2129.0,932.0,355.0,0.0,56.0
0.0,4306.0,444.0,1274.0,3295.0,0.0,0.0,932.0,342.0,0.0,444.0
0.0,7157.0,838.0,1261.0,3453.0,0.0,0.0,917.0,344.0,0.0,838.0
0.0,9772.0,1169.0,1251.0,2129.0,0.0,0.0,884.0,367.0,0.0,1169.0
0.0,10732.0,1115.0,1222.0,0.0,0.0,0.0,834.0,388.0,0.0,1115.0
0.0,9617.0,1569.0,1201.0,0.0,0.0,0.0,800.0,401.0,901.0,668.0
0.0,8048.0,1819.0,1201.0,0.0,0.0,0.0,800.0,401.0,1819.0,0.0
0.0,6229.0,2734.0,1249.0,0.0,2750.0,2750.0,848.0,401.0,2734.0,0.0
0.0,3495.0,2752.0,1301.0,0.0,5762.0,5762.0,901.0,400.0,2752.0,0.0
0.0,743.0,1847.0,1329.0,0.0,6645.0,6645.0,937.0,392.0,1847.0,0.0
0.0,0.0,28.0,1313.0,2750.0,4947.0,4947.0,937.0,376.0,28.0,0.0
0.0,1618.0,73.0,1292.0,5762.0,0.0,0.0,937.0,355.0,0.0,73.0
0.0,7307.0,472.0,1280.0,6645.0,0.0,0.0,937.0,343.0,0.0,472.0
0.0,13480.0,864.0,1268.0,4947.0,0.0,0.0,921.0,347.0,0.0,864.0
0.0,17563.0,1185.0,1258.0,0.0,0.0,0.0,888.0,370.0,0.0,1185.0
0.0,16378.0,1113.0,1229.0,0.0,0.0,0.0,838.0,391.0,6.0,1107.0
0.0,15265.0,1552.0,1207.0,0.0,0.0,0.0,804.0,403.0,918.0,634.0
0.0,13713.0,1840.0,1207.0,0.0,0.0,0.0,804.0,403.0,1840.0,0.0
0.0,11873.0,2745.0,1258.0,0.0,0.0,0.0,855.0,403.0,2745.0,0.0
0.0,9128.0,2738.0,1309.0,0.0,155.0,155.0,907.0,402.0,2738.0,0.0
0.0,6390.0,1806.0,1336.0,0.0,2096.0,2096.0,942.0,394.0,1806.0,0.0
0.0,4584.0,0.0,1321.0,0.0,2021.0,2021.0,942.0,379.0,0.0,0.0
0.0,4584.0,54.0,1300.0,155.0,1815.0,1815.0,942.0,358.0,0.0,54.0
0.0,4685.0,438.0,1288.0,2096.0,97.0,97.0,942.0,346.0,0.0,438.0
0.0,6343.0,823.0,1276.0,2021.0,0.0,0.0,927.0,349.0,0.0,823.0
0.0,7541.0,1153.0,1267.0,1815.0,0.0,0.0,896.0,371.0,0.0,1153.0
0.0,8203.0,1098.0,1239.0,97.0,0.0,0.0,847.0,392.0,0.0,1098.0
0.0,7202.0,1486.0,1218.0,0.0,374.0,374.0,813.0,405.0,823.0,663.0
0.0,5716.0,1718.0,1215.0,0.0,2077.0,2077.0,810.0,405.0,1718.0,0.0
0.0,3998.0,2604.0,1262.0,0.0,4916.0,4916.0,857.0,405.0,2604.0,0.0
0.0,1394.0,2673.0,1312.0,374.0,6560.0,6560.0,908.0,404.0,2673.0,0.0
0.0,0.0,1838.0,1341.0,2077.0,6705.0,6705.0,944.0,397.0,1838.0,0.0
0.0,0.0,123.0,1329.0,4916.0,2518.0,2518.0,946.0,383.0,123.0,0.0
0.0,4127.0,33.0,1308.0,6560.0,0.0,0.0,946.0,362.0,0.0,33.0
0.0,10654.0,411.0,1295.0,6705.0,0.0,0.0,946.0,349.0,0.0,411.0
0.0,16948.0,791.0,1282.0,2518.0,0.0,0.0,932.0,350.0,0.0,791.0
0.0,18675.0,1136.0,1274.0,0.0,0.0,0.0,902.0,372.0,0.0,1136.0
0.0,17539.0,1110.0,1249.0,0.0,0.0,0.0,855.0,394.0,0.0,1110.0
0.0,16429.0,1508.0,1228.0,0.0,0.0,0.0,821.0,407.0,811.0,697.0
0.0,14921.0,1699.0,1225.0,0.0,0.0,0.0,818.0,407.0,1699.0,0.0
0.0,13222.0,2591.0,1269.0,0.0,0.0,0.0,862.0,407.0,2591.0,0.0
0.0,10631.0,2669.0,1320.0,0.0,0.0,0.0,913.0,407.0,2669.0,0.0
0.0,7962.0,1865.0,1348.0,0.0,643.0,643.0,949.0,399.0,1865.0,0.0
0.0,6097.0,170.0,1337.0,0.0,758.0,758.0,952.0,385.0,170.0,0.0
0.0,5927.0,50.0,1316.0,0.0,703.0,703.0,952.0,364.0,0.0,50.0
0.0,5877.0,436.0,1303.0,643.0,431.0,431.0,952.0,351.0,0.0,436.0
0.0,6084.0,823.0,1290.0,758.0,431.0,431.0,937.0,353.0,0.0,823.0
0.0,6019.0,1167.0,1280.0,703.0,845.0,845.0,905.0,375.0,0.0,1167.0
0.0,5555.0,1120.0,1252.0,431.0,1394.0,1394.0,855.0,397.0,0.0,1120.0
0.0,4866.0,1596.0,1231.0,431.0,2454.0,2454.0,821.0,410.0,907.0,689.0
0.0,3701.0,1826.0,1230.0,845.0,3430.0,3430.0,820.0,410.0,1826.0,0.0
0.0,2720.0,2747.0,1279.0,1394.0,5028.0,5028.0,869.0,410.0,2747.0,0.0
0.0,1367.0,2764.0,1331.0,2454.0,5598.0,5598.0,922.0,409.0,2764.0,0.0
0.0,1057.0,1865.0,1358.0,3430.0,4168.0,4168.0,958.0,400.0,1865.0,0.0
0.0,2622.0,43.0,1343.0,5028.0,0.0,0.0,959.0,384.0,43.0,0.0
0.0,7607.0,93.0,1323.0,5598.0,0.0,0.0,959.0,364.0,0.0,93.0
0.0,13112.0,495.0,1311.0,4168.0,0.0,0.0,959.0,352.0,0.0,495.0
0.0,16785.0,901.0,1298.0,0.0,0.0,0.0,942.0,356.0,0.0,901.0
0.0,15884.0,1209.0,1286.0,0.0,0.0,0.0,907.0,379.0,0.0,1209.0
0.0,14675.0,1184.0,1256.0,0.0,0.0,0.0,855.0,401.0,66.0,1118.0
0.0,13491.0,1634.0,1235.0,0.0,0.0,0.0,822.0,413.0,1013.0,621.0
0.0,11857.0,1952.0,1237.0,0.0,0.0,0.0,824.0,413.0,1952.0,0.0
0.0,9905.0,2834.0,1291.0,0.0,0.0,0.0,878.0,413.0,2834.0,0.0
0.0,7071.0,2757.0,1342.0,0.0,2396.0,2396.0,931.0,411.0,2757.0,0.0
0.0,4314.0,1754.0,1367.0,0.0,4275.0,4275.0,965.0,402.0,1754.0,0.0
0.0,2560.0,0.0,1351.0,0.0,4195.0,4195.0,965.0,386.0,0.0,0.0
0.0,2560.0,104.0,1330.0,2396.0,1798.0,1798.0,965.0,365.0,0.0,104.0
0.0,4852.0,505.0,1318.0,4275.0,0.0,0.0,965.0,353.0,0.0,505.0
0.0,8622.0,907.0,1306.0,4195.0,0.0,0.0,947.0,359.0,0.0,907.0
0.0,11910.0,1205.0,1294.0,1798.0,0.0,0.0,912.0,382.0,0.0,1205.0
0.0,12503.0,1151.0,1263.0,0.0,0.0,0.0,860.0,403.0,50.0,1101.0
0.0,11352.0,1578.0,1240.0,0.0,0.0,0.0,826.0,414.0,985.0,593.0
0.0,9774.0,1919.0,1242.0,0.0,0.0,0.0,828.0,414.0,1919.0,0.0
0.0,7855.0,2809.0,1296.0,0.0,1434.0,1434.0,882.0,414.0,2809.0,0.0
0.0,5046.0,2749.0,1348.0,0.0,4443.0,4443.0,935.0,413.0,2749.0,0.0
0.0,2297.0,1761.0,1374.0,0.0,6334.0,6334.0,969.0,405.0,1761.0,0.0
0.0,536.0,0.0,1358.0,1434.0,4820.0,4820.0,969.0,389.0,0.0,0.0
0.0,1970.0,88.0,1338.0,4443.0,365.0,365.0,969.0,369.0,0.0,88.0
0.0,6325.0,482.0,1326.0,6334.0,0.0,0.0,969.0,357.0,0.0,482.0
0.0,12177.0,875.0,1314.0,4820.0,0.0,0.0,953.0,361.0,0.0,875.0
0.0,16122.0,1180.0,1303.0,365.0,0.0,0.0,920.0,383.0,0.0,1180.0
0.0,15307.0,1094.0,1274.0,0.0,0.0,0.0,870.0,404.0,0.0,1094.0
0.0,14213.0,1488.0,1251.0,0.0,0.0,0.0,835.0,416.0,878.0,610.0
0.0,12725.0,1790.0,1251.0,0.0,0.0,0.0,835.0,416.0,1790.0,0.0
0.0,10935.0,2696.0,1300.0,0.0,0.0,0.0,884.0,416.0,2696.0,0.0
0.0,8239.0,2732.0,1353.0,0.0,1258.0,1258.0,937.0,416.0,2732.0,0.0
0.0,5507.0,1853.0,1380.0,0.0,3246.0,3246.0,972.0,408.0,1853.0,0.0
0.0,3654.0,70.0,1366.0,0.0,3246.0,3246.0,974.0,392.0,70.0,0.0
0.0,3584.0,67.0,1346.0,1258.0,1955.0,1955.0,974.0,372.0,0.0,67.0
0.0,4775.0,456.0,1333.0,3246.0,0.0,0.0,974.0,359.0,0.0,456.0
0.0,7565.0,846.0,1320.0,3246.0,0.0,0.0,958.0,362.0,0.0,846.0
0.0,9965.0,1174.0,1310.0,1955.0,0.0,0.0,925.0,385.0,0.0,1174.0
0.0,10746.0,1108.0,1281.0,0.0,0.0,0.0,875.0,406.0,0.0,1108.0
0.0,9638.0,1537.0,1260.0,0.0,0.0,0.0,841.0,419.0,884.0,653.0
0.0,8101.0,1807.0,1259.0,0.0,1.0,1.0,840.0,419.0,1807.0,0.0
0.0,6294.0,2729.0,1308.0,0.0,2975.0,2975.0,889.0,419.0,2729.0,0.0
0.0,3565.0,2768.0,1360.0,0.0,6003.0,6003.0,942.0,418.0,2768.0,0.0
0.0,797.0,1882.0,1388.0,1.0,6940.0,6940.0,979.0,409.0,1882.0,0.0
0.0,0.0,87.0,1373.0,2975.0,5061.0,5061.0,980.0,393.0,87.0,0.0
0.0,1804.0,98.0,1353.0,6003.0,0.0,0.0,980.0,373.0,0.0,98.0
0.0,7709.0,498.0,1341.0,6940.0,0.0,0.0,980.0,361.0,0.0,498.0
0.0,14151.0,904.0,1328.0,5061.0,0.0,0.0,963.0,365.0,0.0,904.0
0.0,18308.0,1208.0,1316.0,0.0,0.0,0.0,928.0,388.0,0.0,1208.0
0.0,17100.0,1154.0,1286.0,0.0,0.0,0.0,876.0,410.0,40.0,1114.0
0.0,15946.0,1603.0,1264.0,0.0,0.0,0.0,842.0,422.0,987.0,616.0
0.0,14343.0,1942.0,1265.0,0.0,0.0,0.0,843.0,422.0,1942.0,0.0
0.0,12401.0,2854.0,1319.0,0.0,0.0,0.0,897.0,422.0,2854.0,0.0
0.0,9547.0,2829.0,1371.0,0.0,137.0,137.0,951.0,420.0,2829.0,0.0
0.0,6718.0,1848.0,1397.0,0.0,2115.0,2115.0,987.0,410.0,1848.0,0.0
0.0,4870.0,0.0,1380.0,0.0,2030.0,2030.0,987.0,393.0,0.0,0.0
0.0,4870.0,143.0,1359.0,137.0,1931.0,1931.0,987.0,372.0,0.0,143.0
0.0,4864.0,555.0,1348.0,2115.0,316.0,316.0,986.0,362.0,0.0,555.0
0.0,6424.0,975.0,1334.0,2030.0,0.0,0.0,966.0,368.0,0.0,975.0
0.0,7479.0,1245.0,1321.0,1931.0,0.0,0.0,929.0,392.0,0.0,1245.0
0.0,8165.0,1216.0,1290.0,316.0,0.0,0.0,876.0,414.0,111.0,1105.0
0.0,7265.0,1626.0,1268.0,0.0,701.0,701.0,844.0,424.0,1082.0,544.0
0.0,5639.0,2051.0,1274.0,0.0,2782.0,2782.0,850.0,424.0,2051.0,0.0
0.0,3588.0,2913.0,1330.0,0.0,5975.0,5975.0,906.0,424.0,2913.0,0.0
0.0,675.0,2795.0,1382.0,701.0,6910.0,6910.0,960.0,422.0,2795.0,0.0
0.0,0.0,1714.0,1405.0,2782.0,7025.0,7025.0,993.0,412.0,1714.0,0.0
0.0,0.0,0.0,1388.0,5975.0,1316.0,1316.0,993.0,395.0,0.0,0.0
0.0,5624.0,142.0,1367.0,6910.0,0.0,0.0,993.0,374.0,0.0,142.0
0.0,12392.0,554.0,1356.0,7025.0,0.0,0.0,992.0,364.0,0.0,554.0
0.0,18863.0,966.0,1344.0,1316.0,0.0,0.0,973.0,371.0,0.0,966.0
0.0,19213.0,1235.0,1331.0,0.0,0.0,0.0,936.0,395.0,0.0,1235.0
0.0,17978.0,1151.0,1299.0,0.0,0.0,0.0,883.0,416.0,62.0,1089.0
0.0,16827.0,1556.0,1276.0,0.0,0.0,0.0,850.0,426.0,1020.0,536.0
0.0,15271.0,1976.0,1280.0,0.0,0.0,0.0,854.0,426.0,1976.0,0.0
0.0,13295.0,2862.0,1335.0,0.0,0.0,0.0,909.0,426.0,2862.0,0.0
0.0,10433.0,2783.0,1386.0,0.0,0.0,0.0,962.0,424.0,2783.0,0.0
0.0,7650.0,1751.0,1411.0,0.0,1156.0,1156.0,996.0,415.0,1751.0,0.0
0.0,5899.0,0.0,1394.0,0.0,1071.0,1071.0,996.0,398.0,0.0,0.0
0.0,5899.0,102.0,1374.0,0.0,1073.0,1073.0,996.0,378.0,0.0,102.0
0.0,5797.0,502.0,1362.0,1156.0,359.0,359.0,996.0,366.0,0.0,502.0
0.0,6451.0,904.0,1351.0,1071.0,137.0,137.0,979.0,372.0,0.0,904.0
0.0,6618.0,1203.0,1340.0,1073.0,212.0,212.0,945.0,395.0,0.0,1203.0
0.0,6488.0,1105.0,1309.0,359.0,803.0,803.0,893.0,416.0,0.0,1105.0
0.0,5742.0,1513.0,1286.0,137.0,2064.0,2064.0,858.0,428.0,913.0,600.0
0.0,4366.0,1843.0,1286.0,212.0,3695.0,3695.0,858.0,428.0,1843.0,0.0
0.0,2735.0,2782.0,1338.0,803.0,5934.0,5934.0,910.0,428.0,2782.0,0.0
0.0,756.0,2799.0,1391.0,2064.0,6934.0,6934.0,964.0,427.0,2799.0,0.0
0.0,21.0,1892.0,1418.0,3695.0,5266.0,5266.0,1000.0,418.0,1892.0,0.0
0.0,1824.0,45.0,1403.0,5934.0,0.0,0.0,1001.0,402.0,45.0,0.0
0.0,7713.0,95.0,1382.0,6934.0,0.0,0.0,1001.0,381.0,0.0,95.0
0.0,14552.0,496.0,1370.0,5266.0,0.0,0.0,1001.0,369.0,0.0,496.0
0.0,19322.0,897.0,1358.0,0.0,0.0,0.0,984.0,374.0,0.0,897.0
0.0,18425.0,1205.0,1346.0,0.0,0.0,0.0,949.0,397.0,0.0,1205.0
0.0,17220.0,1127.0,1315.0,0.0,0.0,0.0,897.0,418.0,9.0,1118.0
0.0,16093.0,1585.0,1292.0,0.0,0.0,0.0,862.0,430.0,959.0,626.0
0.0,14508.0,1911.0,1293.0,0.0,0.0,0.0,863.0,430.0,1911.0,0.0
0.0,12597.0,2861.0,1346.0,0.0,0.0,0.0,916.0,430.0,2861.0,0.0
0.0,9736.0,2857.0,1399.0,0.0,116.0,116.0,971.0,428.0,2857.0,0.0
0.0,6879.0,1906.0,1427.0,0.0,2162.0,2162.0,1008.0,419.0,1906.0,0.0
0.0,4973.0,9.0,1410.0,0.0,2086.0,2086.0,1008.0,402.0,9.0,0.0
0.0,4964.0,142.0,1389.0,116.0,2007.0,2007.0,1008.0,381.0,0.0,142.0
0.0,4938.0,557.0,1377.0,2162.0,342.0,342.0,1007.0,370.0,0.0,557.0
0.0,6543.0,974.0,1365.0,2086.0,0.0,0.0,988.0,377.0,0.0,974.0
0.0,7655.0,1253.0,1352.0,2007.0,0.0,0.0,951.0,401.0,0.0,1253.0
0.0,8409.0,1217.0,1321.0,342.0,0.0,0.0,898.0,423.0,102.0,1115.0
0.0,7534.0,1645.0,1298.0,0.0,601.0,601.0,864.0,434.0,1083.0,562.0
0.0,5889.0,2069.0,1302.0,0.0,2690.0,2690.0,868.0,434.0,2069.0,0.0
0.0,3820.0,2953.0,1359.0,0.0,5928.0,5928.0,925.0,434.0,2953.0,0.0
0.0,867.0,2861.0,1411.0,601.0,7055.0,7055.0,980.0,431.0,2861.0,0.0
0.0,0.0,1782.0,1435.0,2690.0,7175.0,7175.0,1015.0,420.0,1782.0,0.0
0.0,0.0,0.0,1416.0,5928.0,1637.0,1637.0,1015.0,401.0,0.0,0.0
0.0,5443.0,177.0,1396.0,7055.0,0.0,0.0,1015.0,381.0,0.0,177.0
0.0,12321.0,607.0,1383.0,7175.0,0.0,0.0,1012.0,371.0,0.0,607.0
0.0,18889.0,1032.0,1373.0,1637.0,0.0,0.0,992.0,381.0,0.0,1032.0
0.0,19494.0,1281.0,1357.0,0.0,0.0,0.0,952.0,405.0,0.0,1281.0
0.0,18213.0,1248.0,1325.0,0.0,0.0,0.0,899.0,426.0,150.0,1098.0
0.0,16965.0,1627.0,1303.0,0.0,0.0,0.0,867.0,436.0,1138.0,489.0
0.0,15338.0,2134.0,1311.0,0.0,0.0,0.0,875.0,436.0,2134.0,0.0
0.0,13204.0,2974.0,1368.0,0.0,0.0,0.0,932.0,436.0,2974.0,0.0
0.0,10230.0,2829.0,1420.0,0.0,0.0,0.0,987.0,433.0,2829.0,0.0
0.0,7401.0,1677.0,1441.0,0.0,1481.0,1481.0,1019.0,422.0,1677.0,0.0
0.0,5724.0,0.0,1423.0,0.0,1391.0,1391.0,1019.0,404.0,0.0,0.0
0.0,5724.0,162.0,1402.0,0.0,1448.0,1448.0,1019.0,383.0,0.0,162.0
0.0,5562.0,587.0,1392.0,1481.0,504.0,504.0,1018.0,374.0,0.0,587.0
0.0,6456.0,1004.0,1381.0,1391.0,62.0,62.0,998.0,383.0,0.0,1004.0
0.0,6843.0,1259.0,1367.0,1448.0,0.0,0.0,960.0,407.0,0.0,1259.0
0.0,7032.0,1161.0,1335.0,504.0,300.0,300.0,907.0,428.0,73.0,1088.0
0.0,6375.0,1539.0,1310.0,62.0,1652.0,1652.0,873.0,437.0,1040.0,499.0
0.0,4898.0,2012.0,1315.0,0.0,3689.0,3689.0,878.0,437.0,2012.0,0.0
0.0,2886.0,2908.0,1371.0,300.0,6577.0,6577.0,934.0,437.0,2908.0,0.0
0.0,278.0,2831.0,1423.0,1652.0,7115.0,7115.0,988.0,435.0,2831.0,0.0
0.0,0.0,1777.0,1449.0,3689.0,6234.0,6234.0,1023.0,426.0,1777.0,0.0
0.0,1011.0,0.0,1431.0,6577.0,0.0,0.0,1023.0,408.0,0.0,0.0
0.0,7588.0,135.0,1411.0,7115.0,0.0,0.0,1023.0,388.0,0.0,135.0
0.0,14568.0,547.0,1400.0,6234.0,0.0,0.0,1023.0,377.0,0.0,547.0
0.0,20255.0,957.0,1389.0,0.0,0.0,0.0,1005.0,384.0,0.0,957.0
0.0,19298.0,1231.0,1378.0,0.0,0.0,0.0,970.0,408.0,0.0,1231.0
0.0,18067.0,1121.0,1346.0,0.0,0.0,0.0,917.0,429.0,22.0,1099.0
0.0,16946.0,1536.0,1321.0,0.0,0.0,0.0,882.0,439.0,984.0,552.0
0.0,15410.0,1934.0,1321.0,0.0,0.0,0.0,882.0,439.0,1934.0,0.0
0.0,13476.0,2873.0,1376.0,0.0,0.0,0.0,937.0,439.0,2873.0,0.0
0.0,10603.0,2842.0,1429.0,0.0,0.0,0.0,992.0,437.0,2842.0,0.0
0.0,7761.0,1865.0,1455.0,0.0,1379.0,1379.0,1027.0,428.0,1865.0,0.0
0.0,5896.0,0.0,1438.0,0.0,1294.0,1294.0,1027.0,411.0,0.0,0.0
0.0,5896.0,136.0,1417.0,0.0,1325.0,1325.0,1027.0,390.0,0.0,136.0
0.0,5760.0,549.0,1406.0,1379.0,440.0,440.0,1027.0,379.0,0.0,549.0
0.0,6590.0,964.0,1395.0,1294.0,55.0,55.0,1009.0,386.0,0.0,964.0
0.0,6920.0,1244.0,1382.0,1325.0,0.0,0.0,972.0,410.0,0.0,1244.0
0.0,7001.0,1226.0,1350.0,440.0,535.0,535.0,919.0,431.0,108.0,1118.0
0.0,6215.0,1659.0,1327.0,55.0,2024.0,2024.0,885.0,442.0,1086.0,573.0
0.0,4611.0,2076.0,1330.0,0.0,4115.0,4115.0,888.0,442.0,2076.0,0.0
0.0,2535.0,2955.0,1387.0,535.0,6820.0,6820.0,945.0,442.0,2955.0,0.0
0.0,115.0,2862.0,1439.0,2024.0,7195.0,7195.0,1000.0,439.0,2862.0,0.0
0.0,0.0,1777.0,1463.0,4115.0,5700.0,5700.0,1034.0,429.0,1777.0,0.0
0.0,1615.0,0.0,1444.0,6820.0,0.0,0.0,1034.0,410.0,0.0,0.0
0.0,8435.0,190.0,1424.0,7195.0,0.0,0.0,1034.0,390.0,0.0,190.0
0.0,15440.0,619.0,1412.0,5700.0,0.0,0.0,1032.0,380.0,0.0,619.0
0.0,20521.0,1049.0,1400.0,0.0,0.0,0.0,1011.0,389.0,0.0,1049.0
0.0,19472.0,1295.0,1386.0,0.0,0.0,0.0,972.0,414.0,0.0,1295.0
0.0,18177.0,1316.0,1355.0,0.0,0.0,0.0,919.0,436.0,208.0,1108.0
0.0,16861.0,1722.0,1332.0,0.0,0.0,0.0,887.0,445.0,1228.0,494.0
0.0,15139.0,2243.0,1341.0,0.0,0.0,0.0,896.0,445.0,2243.0,0.0
0.0,12896.0,3058.0,1400.0,0.0,0.0,0.0,955.0,445.0,3058.0,0.0
0.0,9838.0,2845.0,1452.0,0.0,267.0,267.0,1010.0,442.0,2845.0,0.0
0.0,6993.0,1623.0,1471.0,0.0,1985.0,1985.0,1041.0,430.0,1623.0,0.0
0.0,5370.0,0.0,1451.0,0.0,1885.0,1885.0,1041.0,410.0,0.0,0.0
0.0,5370.0,213.0,1431.0,267.0,1731.0,1731.0,1041.0,390.0,0.0,213.0
0.0,5424.0,649.0,1419.0,1985.0,335.0,335.0,1038.0,381.0,0.0,649.0
0.0,6760.0,1089.0,1408.0,1885.0,0.0,0.0,1016.0,392.0,0.0,1089.0
0.0,7556.0,1310.0,1393.0,1731.0,0.0,0.0,975.0,418.0,0.0,1310.0
0.0,7977.0,1283.0,1361.0,335.0,0.0,0.0,922.0,439.0,190.0,1093.0
0.0,7029.0,1649.0,1338.0,0.0,1310.0,1310.0,891.0,447.0,1210.0,439.0
0.0,5380.0,2219.0,1348.0,0.0,3579.0,3579.0,901.0,447.0,2219.0,0.0
0.0,3161.0,3041.0,1406.0,0.0,6910.0,6910.0,959.0,447.0,3041.0,0.0
0.0,120.0,2838.0,1458.0,1310.0,7290.0,7290.0,1014.0,444.0,2838.0,0.0
0.0,0.0,1625.0,1478.0,3579.0,6844.0,6844.0,1045.0,433.0,1625.0,0.0
0.0,546.0,0.0,1458.0,6910.0,0.0,0.0,1045.0,413.0,0.0,0.0
0.0,7456.0,183.0,1438.0,7290.0,0.0,0.0,1045.0,393.0,0.0,183.0
0.0,14563.0,616.0,1428.0,6844.0,0.0,0.0,1044.0,384.0,0.0,616.0
0.0,20791.0,1041.0,1418.0,0.0,0.0,0.0,1024.0,394.0,0.0,1041.0
0.0,19750.0,1281.0,1404.0,0.0,0.0,0.0,985.0,419.0,0.0,1281.0
0.0,18469.0,1187.0,1371.0,0.0,0.0,0.0,931.0,440.0,98.0,1089.0
0.0,17282.0,1559.0,1347.0,0.0,0.0,0.0,898.0,449.0,1087.0,472.0
0.0,15723.0,2065.0,1352.0,0.0,0.0,0.0,903.0,449.0,2065.0,0.0
0.0,13658.0,2953.0,1409.0,0.0,0.0,0.0,960.0,449.0,2953.0,0.0
0.0,10705.0,2847.0,1461.0,0.0,0.0,0.0,1015.0,446.0,2847.0,0.0
0.0,7858.0,1767.0,1485.0,0.0,1334.0,1334.0,1049.0,436.0,1767.0,0.0
0.0,6091.0,0.0,1466.0,0.0,1239.0,1239.0,1049.0,417.0,0.0,0.0
0.0,6091.0,154.0,1446.0,0.0,1293.0,1293.0,1049.0,397.0,0.0,154.0
0.0,5937.0,579.0,1435.0,1334.0,483.0,483.0,1048.0,387.0,0.0,579.0
0.0,6692.0,1000.0,1424.0,1239.0,189.0,189.0,1029.0,395.0,0.0,1000.0
0.0,6931.0,1266.0,1411.0,1293.0,97.0,97.0,992.0,419.0,0.0,1266.0
0.0,6958.0,1206.0,1380.0,483.0,665.0,665.0,939.0,441.0,98.0,1108.0
0.0,6235.0,1614.0,1356.0,189.0,1970.0,1970.0,905.0,451.0,1080.0,534.0
0.0,4810.0,2069.0,1360.0,97.0,3962.0,3962.0,909.0,451.0,2069.0,0.0
0.0,2838.0,2956.0,1417.0,665.0,6538.0,6538.0,966.0,451.0,2956.0,0.0
0.0,547.0,2872.0,1469.0,1970.0,7345.0,7345.0,1021.0,448.0,2872.0,0.0
0.0,0.0,1797.0,1493.0,3962.0,5655.0,5655.0,1055.0,438.0,1797.0,0.0
0.0,1810.0,0.0,1474.0,6538.0,0.0,0.0,1055.0,419.0,0.0,0.0
0.0,8348.0,179.0,1454.0,7345.0,0.0,0.0,1055.0,399.0,0.0,179.0
0.0,15514.0,608.0,1442.0,5655.0,0.0,0.0,1053.0,389.0,0.0,608.0
0.0,20561.0,1038.0,1430.0,0.0,0.0,0.0,1032.0,398.0,0.0,1038.0
0.0,19523.0,1296.0,1416.0,0.0,0.0,0.0,993.0,423.0,0.0,1296.0
0.0,18227.0,1323.0,1384.0,0.0,0.0,0.0,940.0,444.0,201.0,1122.0
0.0,16904.0,1731.0,1362.0,0.0,0.0,0.0,908.0,454.0,1213.0,518.0
0.0,15173.0,2234.0,1371.0,0.0,0.0,0.0,917.0,454.0,2234.0,0.0
0.0,12939.0,3053.0,1429.0,0.0,0.0,0.0,975.0,454.0,3053.0,0.0
0.0,9886.0,2865.0,1481.0,0.0,384.0,384.0,1030.0,451.0,2865.0,0.0
0.0,7021.0,1655.0,1501.0,0.0,2139.0,2139.0,1062.0,439.0,1655.0,0.0
0.0,5366.0,0.0,1481.0,0.0,2039.0,2039.0,1062.0,419.0,0.0,0.0
0.0,5366.0,220.0,1460.0,384.0,1770.0,1770.0,1062.0,398.0,0.0,220.0
0.0,5530.0,662.0,1447.0,2139.0,228.0,228.0,1058.0,389.0,0.0,662.0
0.0,7007.0,1109.0,1436.0,2039.0,0.0,0.0,1035.0,401.0,0.0,1109.0
0.0,7937.0,1333.0,1419.0,1770.0,0.0,0.0,992.0,427.0,0.0,1333.0
0.0,8374.0,1409.0,1386.0,228.0,0.0,0.0,938.0,448.0,294.0,1115.0
0.0,7193.0,1784.0,1366.0,0.0,1421.0,1421.0,909.0,457.0,1333.0,451.0
0.0,5409.0,2381.0,1381.0,0.0,3877.0,3877.0,924.0,457.0,2381.0,0.0
0.0,3028.0,3127.0,1441.0,0.0,7205.0,7205.0,984.0,457.0,3127.0,0.0
0.0,0.0,2838.0,1492.0,1421.0,7460.0,7460.0,1039.0,453.0,2838.0,0.0
0.0,0.0,1496.0,1507.0,3877.0,6670.0,6670.0,1067.0,440.0,1496.0,0.0
0.0,865.0,0.0,1487.0,7205.0,0.0,0.0,1067.0,420.0,0.0,0.0
0.0,8070.0,229.0,1466.0,7460.0,0.0,0.0,1067.0,399.0,0.0,229.0
0.0,15301.0,674.0,1455.0,6670.0,0.0,0.0,1064.0,391.0,0.0,674.0
0.0,21297.0,1121.0,1444.0,0.0,0.0,0.0,1040.0,404.0,0.0,1121.0
0.0,20176.0,1336.0,1428.0,0.0,0.0,0.0,998.0,430.0,0.0,1336.0
0.0,18840.0,1363.0,1395.0,0.0,0.0,0.0,944.0,451.0,259.0,1104.0
0.0,17477.0,1710.0,1373.0,0.0,0.0,0.0,914.0,459.0,1287.0,423.0
0.0,15767.0,2314.0,1387.0,0.0,0.0,0.0,928.0,459.0,2314.0,0.0
0.0,13453.0,3076.0,1446.0,0.0,0.0,0.0,987.0,459.0,3076.0,0.0
0.0,10377.0,2811.0,1496.0,0.0,0.0,0.0,1041.0,455.0,2811.0,0.0
0.0,7566.0,1517.0,1514.0,0.0,1521.0,1521.0,1070.0,444.0,1517.0,0.0
0.0,6049.0,0.0,1493.0,0.0,1416.0,1416.0,1070.0,423.0,0.0,0.0
0.0,6049.0,184.0,1472.0,0.0,1495.0,1495.0,1070.0,402.0,0.0,184.0
0.0,5865.0,618.0,1461.0,1521.0,537.0,537.0,1068.0,393.0,0.0,618.0
0.0,6768.0,1057.0,1452.0,1416.0,133.0,133.0,1047.0,405.0,0.0,1057.0
0.0,7127.0,1306.0,1438.0,1495.0,0.0,0.0,1008.0,430.0,0.0,1306.0
0.0,7316.0,1322.0,1406.0,537.0,499.0,499.0,955.0,451.0,202.0,1120.0
0.0,6531.0,1704.0,1384.0,133.0,1960.0,1960.0,923.0,461.0,1209.0,495.0
0.0,4960.0,2220.0,1393.0,0.0,4225.0,4225.0,932.0,461.0,2220.0,0.0
0.0,2740.0,3023.0,1451.0,499.0,7039.0,7039.0,990.0,461.0,3023.0,0.0
0.0,216.0,2825.0,1502.0,1960.0,7510.0,7510.0,1044.0,458.0,2825.0,0.0
0.0,0.0,1610.0,1522.0,4225.0,5644.0,5644.0,1075.0,447.0,1610.0,0.0
0.0,1966.0,0.0,1502.0,7039.0,0.0,0.0,1075.0,427.0,0.0,0.0
0.0,9005.0,168.0,1481.0,7510.0,0.0,0.0,1075.0,406.0,0.0,168.0
0.0,16347.0,597.0,1469.0,5644.0,0.0,0.0,1073.0,396.0,0.0,597.0
0.0,21394.0,1028.0,1459.0,0.0,0.0,0.0,1053.0,406.0,0.0,1028.0
0.0,20366.0,1293.0,1444.0,0.0,0.0,0.0,1013.0,431.0,0.0,1293.0
0.0,19073.0,1331.0,1413.0,0.0,0.0,0.0,960.0,453.0,202.0,1129.0
0.0,17742.0,1759.0,1391.0,0.0,0.0,0.0,928.0,463.0,1219.0,540.0
0.0,15983.0,2235.0,1400.0,0.0,0.0,0.0,937.0,463.0,2235.0,0.0
0.0,13748.0,3050.0,1458.0,0.0,0.0,0.0,995.0,463.0,3050.0,0.0
0.0,10698.0,2856.0,1510.0,0.0,0.0,0.0,1050.0,460.0,2856.0,0.0
0.0,7842.0,1649.0,1530.0,0.0,1457.0,1457.0,1082.0,448.0,1649.0,0.0
0.0,6193.0,0.0,1510.0,0.0,1357.0,1357.0,1082.0,428.0,0.0,0.0
0.0,6193.0,213.0,1489.0,0.0,1465.0,1465.0,1082.0,407.0,0.0,213.0
0.0,5980.0,656.0,1476.0,1457.0,599.0,599.0,1078.0,398.0,0.0,656.0
0.0,6781.0,1102.0,1464.0,1357.0,284.0,284.0,1055.0,409.0,0.0,1102.0
0.0,7036.0,1336.0,1447.0,1465.0,70.0,70.0,1012.0,435.0,0.0,1336.0
0.0,7165.0,1449.0,1416.0,599.0,765.0,765.0,959.0,457.0,323.0,1126.0
0.0,6315.0,1853.0,1396.0,284.0,2234.0,2234.0,930.0,466.0,1375.0,478.0
0.0,4746.0,2423.0,1411.0,70.0,4662.0,4662.0,945.0,466.0,2423.0,0.0
0.0,2393.0,3156.0,1472.0,765.0,7358.0,7358.0,1006.0,466.0,3156.0,0.0
0.0,2.0,2837.0,1523.0,2234.0,7615.0,7615.0,1061.0,462.0,2837.0,0.0
0.0,0.0,1478.0,1538.0,4662.0,5107.0,5107.0,1089.0,449.0,1478.0,0.0
0.0,2583.0,0.0,1517.0,7358.0,0.0,0.0,1089.0,428.0,0.0,0.0
0.0,9941.0,258.0,1496.0,7615.0,0.0,0.0,1089.0,407.0,0.0,258.0
0.0,17298.0,713.0,1482.0,5107.0,0.0,0.0,1083.0,399.0,0.0,713.0
0.0,21692.0,1167.0,1471.0,0.0,0.0,0.0,1058.0,413.0,0.0,1167.0
0.0,20525.0,1371.0,1451.0,0.0,0.0,0.0,1012.0,439.0,0.0,1371.0
0.0,19154.0,1499.0,1420.0,0.0,0.0,0.0,959.0,461.0,385.0,1114.0
0.0,17655.0,1864.0,1401.0,0.0,0.0,0.0,933.0,468.0,1459.0,405.0
0.0,15791.0,2523.0,1420.0,0.0,0.0,0.0,952.0,468.0,2523.0,0.0
0.0,13268.0,3207.0,1482.0,0.0,0.0,0.0,1014.0,468.0,3207.0,0.0
0.0,10061.0,2811.0,1532.0,0.0,410.0,410.0,1068.0,464.0,2811.0,0.0
0.0,7250.0,1353.0,1545.0,0.0,1828.0,1828.0,1094.0,451.0,1353.0,0.0
0.0,5897.0,0.0,1524.0,0.0,1723.0,1723.0,1094.0,430.0,0.0,0.0
0.0,5897.0,247.0,1503.0,410.0,1455.0,1455.0,1094.0,409.0,0.0,247.0
0.0,6060.0,700.0,1490.0,1828.0,262.0,262.0,1089.0,401.0,0.0,700.0
0.0,7188.0,1158.0,1479.0,1723.0,0.0,0.0,1064.0,415.0,0.0,1158.0
0.0,7753.0,1362.0,1461.0,1455.0,0.0,0.0,1020.0,441.0,0.0,1362.0
0.0,7846.0,1438.0,1430.0,262.0,480.0,480.0,967.0,463.0,326.0,1112.0
0.0,6670.0,1777.0,1409.0,0.0,2152.0,2152.0,939.0,470.0,1374.0,403.0
0.0,4893.0,2424.0,1427.0,0.0,4666.0,4666.0,957.0,470.0,2424.0,0.0
0.0,2469.0,3139.0,1487.0,480.0,7435.0,7435.0,1017.0,470.0,3139.0,0.0
0.0,0.0,2814.0,1538.0,2152.0,7690.0,7690.0,1071.0,467.0,2814.0,0.0
0.0,0.0,1426.0,1554.0,4666.0,5382.0,5382.0,1099.0,455.0,1426.0,0.0
0.0,2388.0,0.0,1534.0,7435.0,0.0,0.0,1099.0,435.0,0.0,0.0
0.0,9823.0,208.0,1512.0,7690.0,0.0,0.0,1099.0,413.0,0.0,208.0
0.0,17305.0,649.0,1499.0,5382.0,0.0,0.0,1095.0,404.0,0.0,649.0
0.0,22038.0,1092.0,1488.0,0.0,0.0,0.0,1072.0,416.0,0.0,1092.0
0.0,20946.0,1326.0,1470.0,0.0,0.0,0.0,1029.0,441.0,0.0,1326.0
0.0,19620.0,1367.0,1439.0,0.0,0.0,0.0,976.0,463.0,250.0,1117.0
0.0,18253.0,1753.0,1418.0,0.0,0.0,0.0,946.0,472.0,1283.0,470.0
0.0,16500.0,2309.0,1431.0,0.0,0.0,0.0,959.0,472.0,2309.0,0.0
0.0,14191.0,3085.0,1491.0,0.0,0.0,0.0,1019.0,472.0,3085.0,0.0
0.0,11106.0,2838.0,1542.0,0.0,0.0,0.0,1073.0,469.0,2838.0,0.0
0.0,8268.0,1560.0,1560.0,0.0,1092.0,1092.0,1103.0,457.0,1560.0,0.0
0.0,6708.0,0.0,1540.0,0.0,992.0,992.0,1103.0,437.0,0.0,0.0
0.0,6708.0,209.0,1520.0,0.0,1101.0,1101.0,1103.0,417.0,0.0,209.0
0.0,6499.0,652.0,1506.0,1092.0,591.0,591.0,1099.0,407.0,0.0,652.0
0.0,6939.0,1098.0,1494.0,992.0,637.0,637.0,1076.0,418.0,0.0,1098.0
0.0,6833.0,1332.0,1477.0,1101.0,783.0,783.0,1033.0,444.0,0.0,1332.0
0.0,6602.0,1439.0,1446.0,591.0,1476.0,1476.0,980.0,466.0,307.0,1132.0
0.0,5754.0,1840.0,1426.0,637.0,2579.0,2579.0,951.0,475.0,1358.0,482.0
0.0,4551.0,2407.0,1441.0,783.0,4278.0,4278.0,966.0,475.0,2407.0,0.0
0.0,2927.0,3156.0,1502.0,1476.0,6263.0,6263.0,1027.0,475.0,3156.0,0.0
0.0,1247.0,2852.0,1553.0,2579.0,6791.0,6791.0,1082.0,471.0,2852.0,0.0
0.0,974.0,1509.0,1569.0,4278.0,4102.0,4102.0,1111.0,458.0,1509.0,0.0
0.0,3743.0,0.0,1548.0,6263.0,0.0,0.0,1111.0,437.0,0.0,0.0
0.0,10006.0,258.0,1527.0,6791.0,0.0,0.0,1111.0,416.0,0.0,258.0
0.0,16539.0,715.0,1512.0,4102.0,0.0,0.0,1104.0,408.0,0.0,715.0
0.0,19926.0,1173.0,1500.0,0.0,0.0,0.0,1078.0,422.0,0.0,1173.0
0.0,18753.0,1374.0,1479.0,0.0,0.0,0.0,1031.0,448.0,0.0,1374.0
0.0,17379.0,1533.0,1448.0,0.0,0.0,0.0,978.0,470.0,408.0,1125.0
0.0,15846.0,1912.0,1431.0,0.0,0.0,0.0,953.0,478.0,1496.0,416.0
0.0,13934.0,2575.0,1452.0,0.0,0.0,0.0,974.0,478.0,2575.0,0.0
0.0,11359.0,3258.0,1514.0,0.0,0.0,0.0,1036.0,478.0,3258.0,0.0
0.0,8101.0,2845.0,1564.0,0.0,2564.0,2564.0,1091.0,473.0,2845.0,0.0
0.0,5256.0,1360.0,1576.0,0.0,3984.0,3984.0,1117.0,459.0,1360.0,0.0
0.0,3896.0,0.0,1554.0,0.0,3874.0,3874.0,1117.0,437.0,0.0,0.0
0.0,3896.0,293.0,1533.0,2564.0,1498.0,1498.0,1117.0,416.0,0.0,293.0
0.0,6167.0,758.0,1519.0,3984.0,0.0,0.0,1110.0,409.0,0.0,758.0
0.0,9393.0,1227.0,1507.0,3874.0,0.0,0.0,1082.0,425.0,0.0,1227.0
0.0,12040.0,1404.0,1485.0,1498.0,0.0,0.0,1033.0,452.0,0.0,1404.0
0.0,12134.0,1535.0,1453.0,0.0,0.0,0.0,980.0,473.0,425.0,1110.0
0.0,10599.0,1859.0,1435.0,0.0,0.0,0.0,955.0,480.0,1511.0,348.0
0.0,8740.0,2599.0,1459.0,0.0,1154.0,1154.0,979.0,480.0,2599.0,0.0
0.0,6141.0,3256.0,1521.0,0.0,4720.0,4720.0,1041.0,480.0,3256.0,0.0
0.0,2885.0,2832.0,1571.0,0.0,7802.0,7802.0,1096.0,475.0,2832.0,0.0
0.0,53.0,1317.0,1583.0,1154.0,7915.0,7915.0,1121.0,462.0,1317.0,0.0
0.0,0.0,0.0,1560.0,4720.0,3190.0,3190.0,1121.0,439.0,0.0,0.0
0.0,4610.0,270.0,1539.0,7802.0,0.0,0.0,1121.0,418.0,0.0,270.0
0.0,12142.0,731.0,1526.0,7915.0,0.0,0.0,1115.0,411.0,0.0,731.0
0.0,19326.0,1189.0,1514.0,3190.0,0.0,0.0,1088.0,426.0,0.0,1189.0
0.0,21327.0,1382.0,1495.0,0.0,0.0,0.0,1042.0,453.0,0.0,1382.0
0.0,19945.0,1469.0,1462.0,0.0,0.0,0.0,988.0,474.0,360.0,1109.0
0.0,18476.0,1809.0,1443.0,0.0,0.0,0.0,962.0,481.0,1432.0,377.0
0.0,16667.0,2496.0,1463.0,0.0,0.0,0.0,982.0,481.0,2496.0,0.0
0.0,14171.0,3197.0,1525.0,0.0,0.0,0.0,1044.0,481.0,3197.0,0.0
0.0,10974.0,2825.0,1575.0,0.0,0.0,0.0,1098.0,477.0,2825.0,0.0
0.0,8149.0,1389.0,1590.0,0.0,1190.0,1190.0,1125.0,465.0,1389.0,0.0
0.0,6760.0,0.0,1569.0,0.0,1085.0,1085.0,1125.0,444.0,0.0,0.0
0.0,6760.0,232.0,1548.0,0.0,1212.0,1212.0,1125.0,423.0,0.0,232.0
0.0,6528.0,681.0,1534.0,1190.0,633.0,633.0,1120.0,414.0,0.0,681.0
0.0,7037.0,1138.0,1522.0,1085.0,626.0,626.0,1095.0,427.0,0.0,1138.0
0.0,6984.0,1359.0,1504.0,1212.0,683.0,683.0,1051.0,453.0,0.0,1359.0
0.0,6837.0,1435.0,1473.0,633.0,1330.0,1330.0,998.0,475.0,307.0,1128.0
0.0,6035.0,1808.0,1453.0,626.0,2412.0,2412.0,969.0,484.0,1366.0,442.0
0.0,4853.0,2423.0,1470.0,683.0,4237.0,4237.0,986.0,484.0,2423.0,0.0
0.0,3113.0,3180.0,1531.0,1330.0,6392.0,6392.0,1047.0,484.0,3180.0,0.0
0.0,1263.0,2870.0,1582.0,2412.0,7105.0,7105.0,1102.0,480.0,2870.0,0.0
0.0,805.0,1513.0,1598.0,4237.0,4461.0,4461.0,1131.0,467.0,1513.0,0.0
0.0,3529.0,0.0,1577.0,6392.0,0.0,0.0,1131.0,446.0,0.0,0.0
0.0,9921.0,248.0,1556.0,7105.0,0.0,0.0,1131.0,425.0,0.0,248.0
0.0,16778.0,705.0,1542.0,4461.0,0.0,0.0,1125.0,417.0,0.0,705.0
0.0,20534.0,1161.0,1529.0,0.0,0.0,0.0,1099.0,430.0,0.0,1161.0
0.0,19373.0,1373.0,1509.0,0.0,0.0,0.0,1053.0,456.0,0.0,1373.0
0.0,18000.0,1486.0,1477.0,0.0,0.0,0.0,999.0,478.0,359.0,1127.0
0.0,16514.0,1878.0,1458.0,0.0,0.0,0.0,972.0,486.0,1444.0,434.0
0.0,14636.0,2529.0,1478.0,0.0,0.0,0.0,992.0,486.0,2529.0,0.0
0.0,12107.0,3260.0,1540.0,0.0,0.0,0.0,1054.0,486.0,3260.0,0.0
0.0,8847.0,2908.0,1591.0,0.0,2016.0,2016.0,1110.0,481.0,2908.0,0.0
0.0,5939.0,1473.0,1607.0,0.0,3569.0,3569.0,1139.0,468.0,1473.0,0.0
0.0,4466.0,0.0,1584.0,0.0,3454.0,3454.0,1139.0,445.0,0.0,0.0
0.0,4466.0,310.0,1564.0,2016.0,1648.0,1648.0,1139.0,425.0,0.0,310.0
0.0,6172.0,783.0,1549.0,3569.0,0.0,0.0,1131.0,418.0,0.0,783.0
0.0,8958.0,1256.0,1536.0,3454.0,0.0,0.0,1102.0,434.0,0.0,1256.0
0.0,11156.0,1420.0,1514.0,1648.0,0.0,0.0,1053.0,461.0,0.0,1420.0
0.0,11384.0,1586.0,1482.0,0.0,0.0,0.0,999.0,483.0,467.0,1119.0
0.0,9798.0,1913.0,1463.0,0.0,0.0,0.0,974.0,489.0,1575.0,338.0
0.0,7885.0,2692.0,1489.0,0.0,2252.0,2252.0,1000.0,489.0,2692.0,0.0
0.0,5193.0,3337.0,1553.0,0.0,5909.0,5909.0,1064.0,489.0,3337.0,0.0
0.0,1856.0,2881.0,1604.0,0.0,8020.0,8020.0,1120.0,484.0,2881.0,0.0
0.0,0.0,1300.0,1614.0,2252.0,8070.0,8070.0,1145.0,469.0,1300.0,0.0
0.0,0.0,0.0,1591.0,5909.0,2119.0,2119.0,1145.0,446.0,0.0,0.0
0.0,5836.0,323.0,1570.0,8020.0,0.0,0.0,1145.0,425.0,0.0,323.0
0.0,13533.0,797.0,1555.0,8070.0,0.0,0.0,1136.0,419.0,0.0,797.0
0.0,20806.0,1280.0,1544.0,2119.0,0.0,0.0,1107.0,437.0,0.0,1280.0
0.0,21645.0,1430.0,1521.0,0.0,0.0,0.0,1057.0,464.0,0.0,1430.0
0.0,20215.0,1562.0,1490.0,0.0,0.0,0.0,1004.0,486.0,454.0,1108.0
0.0,18653.0,1868.0,1470.0,0.0,0.0,0.0,979.0,491.0,1566.0,302.0
0.0,16785.0,2669.0,1496.0,0.0,0.0,0.0,1005.0,491.0,2669.0,0.0
0.0,14116.0,3322.0,1560.0,0.0,0.0,0.0,1069.0,491.0,3322.0,0.0
0.0,10794.0,2856.0,1610.0,0.0,112.0,112.0,1124.0,486.0,2856.0,0.0
0.0,7938.0,1283.0,1621.0,0.0,1450.0,1450.0,1149.0,472.0,1283.0,0.0
0.0,6655.0,0.0,1598.0,0.0,1335.0,1335.0,1149.0,449.0,0.0,0.0
0.0,6655.0,290.0,1577.0,112.0,1408.0,1408.0,1149.0,428.0,0.0,290.0
0.0,6477.0,757.0,1564.0,1450.0,650.0,650.0,1142.0,422.0,0.0,757.0
0.0,7170.0,1227.0,1552.0,1335.0,482.0,482.0,1114.0,438.0,0.0,1227.0
0.0,7278.0,1404.0,1531.0,1408.0,373.0,373.0,1066.0,465.0,0.0,1404.0
0.0,7282.0,1481.0,1498.0,650.0,1039.0,1039.0,1012.0,486.0,370.0,1111.0
0.0,6451.0,1802.0,1479.0,482.0,2264.0,2264.0,986.0,493.0,1455.0,347.0
0.0,5131.0,2536.0,1501.0,373.0,4537.0,4537.0,1008.0,493.0,2536.0,0.0
0.0,2968.0,3246.0,1563.0,1039.0,7054.0,7054.0,1070.0,493.0,3246.0,0.0
0.0,761.0,2873.0,1613.0,2264.0,7913.0,7913.0,1125.0,488.0,2873.0,0.0
0.0,152.0,1413.0,1627.0,4537.0,4859.0,4859.0,1152.0,475.0,1413.0,0.0
0.0,3276.0,0.0,1605.0,7054.0,0.0,0.0,1152.0,453.0,0.0,0.0
0.0,10330.0,260.0,1584.0,7913.0,0.0,0.0,1152.0,432.0,0.0,260.0
0.0,17983.0,726.0,1572.0,4859.0,0.0,0.0,1147.0,425.0,0.0,726.0
0.0,22116.0,1189.0,1559.0,0.0,0.0,0.0,1120.0,439.0,0.0,1189.0
0.0,20927.0,1392.0,1540.0,0.0,0.0,0.0,1074.0,466.0,0.0,1392.0
0.0,19535.0,1495.0,1507.0,0.0,0.0,0.0,1020.0,487.0,366.0,1129.0
0.0,18040.0,1855.0,1487.0,0.0,0.0,0.0,992.0,495.0,1452.0,403.0
0.0,16185.0,2538.0,1507.0,0.0,0.0,0.0,1012.0,495.0,2538.0,0.0
0.0,13647.0,3264.0,1570.0,0.0,0.0,0.0,1075.0,495.0,3264.0,0.0
0.0,10383.0,2898.0,1620.0,0.0,615.0,615.0,1130.0,490.0,2898.0,0.0
0.0,7485.0,1449.0,1635.0,0.0,2139.0,2139.0,1158.0,477.0,1449.0,0.0
0.0,6036.0,0.0,1613.0,0.0,2029.0,2029.0,1158.0,455.0,0.0,0.0
0.0,6036.0,292.0,1592.0,615.0,1601.0,1601.0,1158.0,434.0,0.0,292.0
0.0,6359.0,763.0,1578.0,2139.0,155.0,155.0,1151.0,427.0,0.0,763.0
0.0,7735.0,1235.0,1566.0,2029.0,0.0,0.0,1124.0,442.0,0.0,1235.0
0.0,8529.0,1419.0,1544.0,1601.0,0.0,0.0,1075.0,469.0,0.0,1419.0
0.0,8711.0,1598.0,1512.0,155.0,292.0,292.0,1021.0,491.0,467.0,1131.0
0.0,7268.0,1966.0,1494.0,0.0,2168.0,2168.0,996.0,498.0,1587.0,379.0
0.0,5302.0,2701.0,1518.0,0.0,4989.0,4989.0,1020.0,498.0,2701.0,0.0
0.0,2601.0,3360.0,1582.0,292.0,7910.0,7910.0,1084.0,498.0,3360.0,0.0
0.0,0.0,2894.0,1632.0,2168.0,8160.0,8160.0,1140.0,492.0,2894.0,0.0
0.0,0.0,1326.0,1642.0,4989.0,5740.0,5740.0,1165.0,477.0,1326.0,0.0
0.0,2470.0,0.0,1618.0,7910.0,0.0,0.0,1165.0,453.0,0.0,0.0
0.0,10380.0,342.0,1598.0,8160.0,0.0,0.0,1165.0,433.0,0.0,342.0
0.0,18198.0,826.0,1583.0,5740.0,0.0,0.0,1156.0,427.0,0.0,826.0
0.0,23112.0,1311.0,1572.0,0.0,0.0,0.0,1126.0,446.0,0.0,1311.0
0.0,21801.0,1455.0,1548.0,0.0,0.0,0.0,1074.0,474.0,0.0,1455.0
0.0,20346.0,1652.0,1515.0,0.0,0.0,0.0,1020.0,495.0,537.0,1115.0
0.0,18694.0,1969.0,1498.0,0.0,0.0,0.0,997.0,501.0,1675.0,294.0
0.0,16725.0,2809.0,1527.0,0.0,0.0,0.0,1026.0,501.0,2809.0,0.0
0.0,13916.0,3415.0,1593.0,0.0,0.0,0.0,1092.0,501.0,3415.0,0.0
0.0,10501.0,2879.0,1641.0,0.0,583.0,583.0,1147.0,494.0,2879.0,0.0
0.0,7622.0,1208.0,1650.0,0.0,1836.0,1836.0,1171.0,479.0,1208.0,0.0
0.0,6414.0,0.0,1626.0,0.0,1716.0,1716.0,1171.0,455.0,0.0,0.0
0.0,6414.0,355.0,1605.0,583.0,1383.0,1383.0,1171.0,434.0,0.0,355.0
0.0,6642.0,842.0,1591.0,1836.0,319.0,319.0,1162.0,429.0,0.0,842.0
0.0,7636.0,1326.0,1580.0,1716.0,0.0,0.0,1132.0,448.0,0.0,1326.0
0.0,8026.0,1454.0,1556.0,1383.0,0.0,0.0,1080.0,476.0,0.0,1454.0
0.0,7955.0,1602.0,1524.0,319.0,948.0,948.0,1026.0,498.0,502.0,1100.0
0.0,6672.0,1883.0,1505.0,0.0,2736.0,2736.0,1003.0,502.0,1628.0,255.0
0.0,4789.0,2751.0,1533.0,0.0,5627.0,5627.0,1031.0,502.0,2751.0,0.0
0.0,2038.0,3373.0,1598.0,948.0,7990.0,7990.0,1096.0,502.0,3373.0,0.0
0.0,0.0,2859.0,1648.0,2736.0,8240.0,8240.0,1151.0,497.0,2859.0,0.0
0.0,0.0,1226.0,1656.0,5627.0,4389.0,4389.0,1174.0,482.0,1226.0,0.0
0.0,3891.0,0.0,1633.0,7990.0,0.0,0.0,1174.0,459.0,0.0,0.0
0.0,11881.0,316.0,1612.0,8240.0,0.0,0.0,1174.0,438.0,0.0,316.0
0.0,19805.0,790.0,1599.0,4389.0,0.0,0.0,1167.0,432.0,0.0,790.0
0.0,23404.0,1264.0,1588.0,0.0,0.0,0.0,1139.0,449.0,0.0,1264.0
0.0,22140.0,1426.0,1567.0,0.0,0.0,0.0,1090.0,477.0,0.0,1426.0
0.0,20714.0,1530.0,1534.0,0.0,0.0,0.0,1036.0,498.0,420.0,1110.0
0.0,19184.0,1845.0,1514.0,0.0,0.0,0.0,1010.0,504.0,1527.0,318.0
0.0,17339.0,2628.0,1537.0,0.0,0.0,0.0,1033.0,504.0,2628.0,0.0
0.0,14711.0,3311.0,1601.0,0.0,0.0,0.0,1097.0,504.0,3311.0,0.0
0.0,11400.0,2880.0,1651.0,0.0,0.0,0.0,1152.0,499.0,2880.0,0.0
0.0,8520.0,1358.0,1664.0,0.0,1158.0,1158.0,1179.0,485.0,1358.0,0.0
0.0,7162.0,0.0,1641.0,0.0,1043.0,1043.0,1179.0,462.0,0.0,0.0
0.0,7162.0,299.0,1620.0,0.0,1237.0,1237.0,1179.0,441.0,0.0,299.0
0.0,6863.0,774.0,1606.0,1158.0,783.0,783.0,1172.0,434.0,0.0,774.0
0.0,7247.0,1253.0,1595.0,1043.0,938.0,938.0,1144.0,451.0,0.0,1253.0
0.0,7037.0,1428.0,1573.0,1237.0,1019.0,1019.0,1095.0,478.0,0.0,1428.0
0.0,6846.0,1580.0,1541.0,783.0,1656.0,1656.0,1041.0,500.0,453.0,1127.0
0.0,6049.0,1923.0,1522.0,938.0,2546.0,2546.0,1015.0,507.0,1572.0,351.0
0.0,5064.0,2684.0,1546.0,1019.0,4331.0,4331.0,1039.0,507.0,2684.0,0.0
0.0,3399.0,3358.0,1611.0,1656.0,6358.0,6358.0,1104.0,507.0,3358.0,0.0
0.0,1697.0,2908.0,1661.0,2546.0,6970.0,6970.0,1160.0,501.0,2908.0,0.0
0.0,1335.0,1351.0,1672.0,4331.0,4045.0,4045.0,1186.0,486.0,1351.0,0.0
0.0,4315.0,0.0,1649.0,6358.0,0.0,0.0,1186.0,463.0,0.0,0.0
0.0,10673.0,339.0,1628.0,6970.0,0.0,0.0,1186.0,442.0,0.0,339.0
0.0,17304.0,830.0,1613.0,4045.0,0.0,0.0,1177.0,436.0,0.0,830.0
0.0,20519.0,1319.0,1600.0,0.0,0.0,0.0,1146.0,454.0,0.0,1319.0
0.0,19200.0,1470.0,1576.0,0.0,0.0,0.0,1094.0,482.0,0.0,1470.0
0.0,17730.0,1702.0,1544.0,0.0,0.0,0.0,1040.0,504.0,572.0,1130.0
0.0,16028.0,2016.0,1528.0,0.0,0.0,0.0,1018.0,510.0,1715.0,301.0
0.0,14012.0,2873.0,1558.0,0.0,0.0,0.0,1048.0,510.0,2873.0,0.0
0.0,11139.0,3457.0,1624.0,0.0,438.0,438.0,1114.0,510.0,3457.0,0.0
0.0,7682.0,2901.0,1673.0,0.0,3584.0,3584.0,1170.0,503.0,2901.0,0.0
0.0,4781.0,1185.0,1681.0,0.0,4809.0,4809.0,1193.0,488.0,1185.0,0.0
0.0,3596.0,0.0,1655.0,438.0,4241.0,4241.0,1193.0,462.0,0.0,0.0
0.0,4034.0,382.0,1635.0,3584.0,939.0,939.0,1193.0,442.0,0.0,382.0
0.0,7236.0,877.0,1619.0,4809.0,0.0,0.0,1182.0,437.0,0.0,877.0
0.0,11168.0,1376.0,1608.0,4241.0,0.0,0.0,1150.0,458.0,0.0,1376.0
0.0,14033.0,1493.0,1583.0,939.0,0.0,0.0,1096.0,487.0,0.0,1493.0
0.0,13479.0,1735.0,1550.0,0.0,0.0,0.0,1042.0,508.0,618.0,1117.0
0.0,11744.0,2027.0,1534.0,0.0,0.0,0.0,1021.0,513.0,1787.0,240.0
0.0,9717.0,2947.0,1568.0,0.0,1070.0,1070.0,1055.0,513.0,2947.0,0.0
0.0,6770.0,3491.0,1635.0,0.0,4896.0,4896.0,1122.0,513.0,3491.0,0.0
0.0,3279.0,2863.0,1683.0,0.0,7999.0,7999.0,1177.0,506.0,2863.0,0.0
0.0,416.0,1072.0,1688.0,1070.0,8026.0,8026.0,1198.0,490.0,1072.0,0.0
0.0,414.0,0.0,1662.0,4896.0,3000.0,3000.0,1198.0,464.0,0.0,0.0
0.0,5310.0,371.0,1641.0,7999.0,0.0,0.0,1198.0,443.0,0.0,371.0
0.0,12938.0,864.0,1627.0,8026.0,0.0,0.0,1188.0,439.0,0.0,864.0
0.0,20100.0,1356.0,1617.0,3000.0,0.0,0.0,1157.0,460.0,0.0,1356.0
0.0,21744.0,1481.0,1592.0,0.0,0.0,0.0,1104.0,488.0,0.0,1481.0
0.0,20263.0,1664.0,1560.0,0.0,0.0,0.0,1050.0,510.0,558.0,1106.0
0.0,18599.0,1945.0,1541.0,0.0,0.0,0.0,1027.0,514.0,1705.0,240.0
0.0,16654.0,2843.0,1572.0,0.0,0.0,0.0,1058.0,514.0,2843.0,0.0
0.0,13811.0,3429.0,1638.0,0.0,0.0,0.0,1124.0,514.0,3429.0,0.0
0.0,10382.0,2866.0,1687.0,0.0,919.0,919.0,1179.0,508.0,2866.0,0.0
0.0,7516.0,1152.0,1695.0,0.0,2111.0,2111.0,1202.0,493.0,1152.0,0.0
0.0,6364.0,0.0,1671.0,0.0,1991.0,1991.0,1202.0,469.0,0.0,0.0
0.0,6364.0,335.0,1650.0,919.0,1302.0,1302.0,1202.0,448.0,0.0,335.0
0.0,6948.0,824.0,1636.0,2111.0,0.0,0.0,1194.0,442.0,0.0,824.0
0.0,8235.0,1304.0,1625.0,1991.0,0.0,0.0,1164.0,461.0,0.0,1304.0
0.0,8922.0,1452.0,1603.0,1302.0,0.0,0.0,1114.0,489.0,0.0,1452.0
0.0,8772.0,1594.0,1570.0,0.0,672.0,672.0,1059.0,511.0,483.0,1111.0
0.0,7178.0,1900.0,1551.0,0.0,2477.0,2477.0,1035.0,516.0,1610.0,290.0
0.0,5278.0,2741.0,1577.0,0.0,5348.0,5348.0,1061.0,516.0,2741.0,0.0
0.0,2537.0,3388.0,1643.0,672.0,8215.0,8215.0,1127.0,516.0,3388.0,0.0
0.0,0.0,2908.0,1692.0,2477.0,8460.0,8460.0,1182.0,510.0,2908.0,0.0
0.0,0.0,1293.0,1703.0,5348.0,5070.0,5070.0,1207.0,496.0,1293.0,0.0
0.0,3445.0,0.0,1678.0,8215.0,0.0,0.0,1207.0,471.0,0.0,0.0
0.0,11660.0,350.0,1658.0,8460.0,0.0,0.0,1207.0,451.0,0.0,350.0
0.0,19770.0,836.0,1644.0,5070.0,0.0,0.0,1199.0,445.0,0.0,836.0
0.0,24004.0,1323.0,1632.0,0.0,0.0,0.0,1168.0,464.0,0.0,1323.0
0.0,22681.0,1461.0,1609.0,0.0,0.0,0.0,1117.0,492.0,0.0,1461.0
0.0,21220.0,1649.0,1575.0,0.0,0.0,0.0,1062.0,513.0,534.0,1115.0
0.0,19571.0,1970.0,1558.0,0.0,0.0,0.0,1039.0,519.0,1681.0,289.0
0.0,17601.0,2838.0,1587.0,0.0,0.0,0.0,1068.0,519.0,2838.0,0.0
0.0,14763.0,3458.0,1653.0,0.0,0.0,0.0,1134.0,519.0,3458.0,0.0
0.0,11305.0,2938.0,1702.0,0.0,143.0,143.0,1190.0,512.0,2938.0,0.0
0.0,8367.0,1258.0,1711.0,0.0,1446.0,1446.0,1215.0,496.0,1258.0,0.0
0.0,7109.0,0.0,1686.0,0.0,1321.0,1321.0,1215.0,471.0,0.0,0.0
0.0,7109.0,408.0,1666.0,143.0,1486.0,1486.0,1215.0,451.0,0.0,408.0
0.0,6844.0,910.0,1650.0,1446.0,870.0,870.0,1204.0,446.0,0.0,910.0
0.0,7380.0,1412.0,1639.0,1321.0,906.0,906.0,1171.0,468.0,0.0,1412.0
0.0,7289.0,1512.0,1612.0,1486.0,797.0,797.0,1115.0,497.0,0.0,1512.0
0.0,7263.0,1749.0,1579.0,870.0,1511.0,1511.0,1061.0,518.0,642.0,1107.0
0.0,6384.0,2028.0,1563.0,906.0,2553.0,2553.0,1041.0,522.0,1827.0,201.0
0.0,5262.0,3010.0,1598.0,797.0,4941.0,4941.0,1076.0,522.0,3010.0,0.0
0.0,3049.0,3554.0,1666.0,1511.0,7324.0,7324.0,1144.0,522.0,3554.0,0.0
0.0,1006.0,2912.0,1715.0,2553.0,7928.0,7928.0,1200.0,515.0,2912.0,0.0
0.0,647.0,1092.0,1719.0,4941.0,4099.0,4099.0,1221.0,498.0,1092.0,0.0
0.0,4496.0,0.0,1692.0,7324.0,0.0,0.0,1221.0,471.0,0.0,0.0
0.0,11820.0,431.0,1672.0,7928.0,0.0,0.0,1221.0,451.0,0.0,431.0
0.0,19317.0,938.0,1656.0,4099.0,0.0,0.0,1209.0,447.0,0.0,938.0
0.0,22478.0,1451.0,1646.0,0.0,0.0,0.0,1175.0,471.0,0.0,1451.0
0.0,21027.0,1529.0,1618.0,0.0,0.0,0.0,1118.0,500.0,0.0,1529.0
0.0,19498.0,1747.0,1585.0,0.0,0.0,0.0,1064.0,521.0,650.0,1097.0
0.0,17751.0,1984.0,1568.0,0.0,0.0,0.0,1044.0,524.0,1833.0,151.0
0.0,15767.0,3010.0,1605.0,0.0,0.0,0.0,1081.0,524.0,3010.0,0.0
0.0,12757.0,3537.0,1673.0,0.0,0.0,0.0,1149.0,524.0,3537.0,0.0
0.0,9220.0,2885.0,1722.0,0.0,2275.0,2275.0,1205.0,517.0,2885.0,0.0
0.0,6335.0,1053.0,1725.0,0.0,3343.0,3343.0,1225.0,500.0,1053.0,0.0
0.0,5282.0,0.0,1699.0,0.0,3213.0,3213.0,1225.0,474.0,0.0,0.0
0.0,5282.0,399.0,1679.0,2275.0,1237.0,1237.0,1225.0,454.0,0.0,399.0
0.0,7158.0,899.0,1664.0,3343.0,0.0,0.0,1214.0,450.0,0.0,899.0
0.0,9602.0,1403.0,1653.0,3213.0,0.0,0.0,1181.0,472.0,0.0,1403.0
0.0,11412.0,1502.0,1628.0,1237.0,0.0,0.0,1127.0,501.0,0.0,1502.0
0.0,11147.0,1685.0,1594.0,0.0,0.0,0.0,1072.0,522.0,584.0,1101.0
0.0,9462.0,1936.0,1576.0,0.0,354.0,354.0,1050.0,526.0,1742.0,194.0
0.0,7526.0,2904.0,1610.0,0.0,3428.0,3428.0,1084.0,526.0,2904.0,0.0
0.0,4622.0,3478.0,1677.0,0.0,7241.0,7241.0,1151.0,526.0,3478.0,0.0
0.0,1144.0,2897.0,1726.0,354.0,8630.0,8630.0,1207.0,519.0,2897.0,0.0
0.0,0.0,1149.0,1732.0,3428.0,7780.0,7780.0,1229.0,503.0,1149.0,0.0
0.0,880.0,0.0,1707.0,7241.0,414.0,414.0,1229.0,478.0,0.0,0.0
0.0,8121.0,370.0,1687.0,8630.0,0.0,0.0,1229.0,458.0,0.0,370.0
0.0,16381.0,868.0,1672.0,7780.0,0.0,0.0,1219.0,453.0,0.0,868.0
0.0,23293.0,1362.0,1661.0,414.0,0.0,0.0,1188.0,473.0,0.0,1362.0
0.0,22345.0,1484.0,1638.0,0.0,0.0,0.0,1136.0,502.0,0.0,1484.0
0.0,20861.0,1645.0,1604.0,0.0,0.0,0.0,1081.0,523.0,537.0,1108.0
0.0,19216.0,1934.0,1586.0,0.0,0.0,0.0,1058.0,528.0,1694.0,240.0
0.0,17282.0,2843.0,1615.0,0.0,0.0,0.0,1087.0,528.0,2843.0,0.0
0.0,14439.0,3467.0,1682.0,0.0,0.0,0.0,1154.0,528.0,3467.0,0.0
0.0,10972.0,2932.0,1731.0,0.0,615.0,615.0,1210.0,521.0,2932.0,0.0
0.0,8040.0,1258.0,1740.0,0.0,1918.0,1918.0,1235.0,505.0,1258.0,0.0
0.0,6782.0,0.0,1715.0,0.0,1793.0,1793.0,1235.0,480.0,0.0,0.0
0.0,6782.0,402.0,1694.0,615.0,1475.0,1475.0,1235.0,459.0,0.0,402.0
0.0,6995.0,902.0,1679.0,1918.0,384.0,384.0,1224.0,455.0,0.0,902.0
0.0,8011.0,1404.0,1669.0,1793.0,0.0,0.0,1192.0,477.0,0.0,1404.0
0.0,8400.0,1506.0,1643.0,1475.0,0.0,0.0,1137.0,506.0,0.0,1506.0
0.0,8369.0,1745.0,1610.0,384.0,1042.0,1042.0,1083.0,527.0,637.0,1108.0
0.0,7008.0,2028.0,1593.0,0.0,2985.0,2985.0,1062.0,531.0,1814.0,214.0
0.0,4980.0,3003.0,1626.0,0.0,6153.0,6153.0,1095.0,531.0,3003.0,0.0
0.0,1977.0,3551.0,1694.0,1042.0,8470.0,8470.0,1163.0,531.0,3551.0,0.0
0.0,0.0,2930.0,1743.0,2985.0,8715.0,8715.0,1220.0,523.0,2930.0,0.0
0.0,0.0,1124.0,1747.0,6153.0,4183.0,4183.0,1241.0,506.0,1124.0,0.0
0.0,4552.0,0.0,1720.0,8470.0,0.0,0.0,1241.0,479.0,0.0,0.0
0.0,13022.0,458.0,1699.0,8715.0,0.0,0.0,1241.0,458.0,0.0,458.0
0.0,21279.0,972.0,1685.0,4183.0,0.0,0.0,1229.0,456.0,0.0,972.0
0.0,24490.0,1489.0,1674.0,0.0,0.0,0.0,1194.0,480.0,0.0,1489.0
0.0,23001.0,1547.0,1646.0,0.0,0.0,0.0,1136.0,510.0,0.0,1547.0
0.0,21454.0,1839.0,1613.0,0.0,0.0,0.0,1082.0,531.0,744.0,1095.0
0.0,19615.0,2073.0,1597.0,0.0,0.0,0.0,1063.0,534.0,1950.0,123.0
0.0,17542.0,3154.0,1637.0,0.0,0.0,0.0,1103.0,534.0,3154.0,0.0
0.0,14388.0,3620.0,1707.0,0.0,0.0,0.0,1173.0,534.0,3620.0,0.0
0.0,10768.0,2882.0,1753.0,0.0,879.0,879.0,1228.0,525.0,2882.0,0.0
0.0,7886.0,943.0,1753.0,0.0,1822.0,1822.0,1246.0,507.0,943.0,0.0
0.0,6943.0,0.0,1725.0,0.0,1682.0,1682.0,1246.0,479.0,0.0,0.0
0.0,6943.0,470.0,1705.0,879.0,1173.0,1173.0,1246.0,459.0,0.0,470.0
0.0,7352.0,987.0,1691.0,1822.0,268.0,268.0,1234.0,457.0,0.0,987.0
0.0,8187.0,1503.0,1681.0,1682.0,39.0,39.0,1198.0,483.0,0.0,1503.0
0.0,8366.0,1554.0,1654.0,1173.0,285.0,285.0,1141.0,513.0,0.0,1554.0
0.0,7985.0,1827.0,1621.0,268.0,1679.0,1679.0,1087.0,534.0,746.0,1081.0
0.0,6426.0,2040.0,1604.0,39.0,3595.0,3595.0,1069.0,535.0,1947.0,93.0
0.0,4425.0,3153.0,1644.0,285.0,6663.0,6663.0,1109.0,535.0,3153.0,0.0
0.0,1557.0,3605.0,1714.0,1679.0,8570.0,8570.0,1179.0,535.0,3605.0,0.0
0.0,0.0,2856.0,1762.0,3595.0,8440.0,8440.0,1234.0,528.0,2856.0,0.0
0.0,370.0,890.0,1761.0,6663.0,2662.0,2662.0,1251.0,510.0,890.0,0.0
0.0,6143.0,0.0,1734.0,8570.0,0.0,0.0,1251.0,483.0,0.0,0.0
0.0,14713.0,434.0,1714.0,8440.0,0.0,0.0,1251.0,463.0,0.0,434.0
0.0,22719.0,941.0,1699.0,2662.0,0.0,0.0,1239.0,460.0,0.0,941.0
0.0,24440.0,1451.0,1690.0,0.0,0.0,0.0,1206.0,484.0,0.0,1451.0
0.0,22989.0,1523.0,1663.0,0.0,0.0,0.0,1150.0,513.0,0.0,1523.0
0.0,21466.0,1737.0,1630.0,0.0,0.0,0.0,1096.0,534.0,649.0,1088.0
0.0,19729.0,1968.0,1612.0,0.0,0.0,0.0,1075.0,537.0,1826.0,142.0
0.0,17761.0,3001.0,1648.0,0.0,0.0,0.0,1111.0,537.0,3001.0,0.0
0.0,14760.0,3536.0,1716.0,0.0,0.0,0.0,1179.0,537.0,3536.0,0.0
0.0,11224.0,2888.0,1764.0,0.0,484.0,484.0,1234.0,530.0,2888.0,0.0
0.0,8336.0,1065.0,1768.0,0.0,1569.0,1569.0,1255.0,513.0,1065.0,0.0
0.0,7271.0,0.0,1742.0,0.0,1439.0,1439.0,1255.0,487.0,0.0,0.0
0.0,7271.0,416.0,1721.0,484.0,1266.0,1266.0,1255.0,466.0,0.0,416.0
0.0,7339.0,918.0,1707.0,1569.0,545.0,545.0,1244.0,463.0,0.0,918.0
0.0,7990.0,1427.0,1698.0,1439.0,488.0,488.0,1212.0,486.0,0.0,1427.0
0.0,8002.0,1516.0,1672.0,1266.0,608.0,608.0,1157.0,515.0,0.0,1516.0
0.0,7752.0,1743.0,1639.0,545.0,1641.0,1641.0,1103.0,536.0,640.0,1103.0
0.0,6554.0,2003.0,1620.0,488.0,3061.0,3061.0,1081.0,539.0,1821.0,182.0
0.0,5039.0,3012.0,1654.0,608.0,5635.0,5635.0,1115.0,539.0,3012.0,0.0
0.0,2635.0,3559.0,1723.0,1641.0,7898.0,7898.0,1184.0,539.0,3559.0,0.0
0.0,717.0,2925.0,1772.0,3061.0,8007.0,8007.0,1240.0,532.0,2925.0,0.0
0.0,853.0,1110.0,1775.0,5635.0,3497.0,3497.0,1261.0,514.0,1110.0,0.0
0.0,5378.0,0.0,1748.0,7898.0,0.0,0.0,1261.0,487.0,0.0,0.0
0.0,13276.0,449.0,1728.0,8007.0,0.0,0.0,1261.0,467.0,0.0,449.0
0.0,20834.0,968.0,1713.0,3497.0,0.0,0.0,1249.0,464.0,0.0,968.0
0.0,23363.0,1486.0,1703.0,0.0,0.0,0.0,1214.0,489.0,0.0,1486.0
0.0,21877.0,1555.0,1675.0,0.0,0.0,0.0,1156.0,519.0,0.0,1555.0
0.0,20322.0,1859.0,1642.0,0.0,0.0,0.0,1102.0,540.0,753.0,1106.0
0.0,18463.0,2103.0,1627.0,0.0,0.0,0.0,1084.0,543.0,1964.0,139.0
0.0,16360.0,3185.0,1667.0,0.0,0.0,0.0,1124.0,543.0,3185.0,0.0
0.0,13175.0,3656.0,1737.0,0.0,0.0,0.0,1194.0,543.0,3656.0,0.0
0.0,9519.0,2910.0,1784.0,0.0,2311.0,2311.0,1250.0,534.0,2910.0,0.0
0.0,6609.0,956.0,1783.0,0.0,3262.0,3262.0,1268.0,515.0,956.0,0.0
0.0,5653.0,0.0,1754.0,0.0,3117.0,3117.0,1268.0,486.0,0.0,0.0
0.0,5653.0,488.0,1734.0,2311.0,1194.0,1194.0,1268.0,466.0,0.0,488.0
0.0,7476.0,1022.0,1719.0,3262.0,0.0,0.0,1254.0,465.0,0.0,1022.0
0.0,9716.0,1551.0,1708.0,3117.0,0.0,0.0,1216.0,492.0,0.0,1551.0
0.0,11282.0,1592.0,1679.0,1194.0,0.0,0.0,1156.0,523.0,0.0,1592.0
0.0,10884.0,1933.0,1646.0,0.0,0.0,0.0,1102.0,544.0,834.0,1099.0
0.0,8951.0,2141.0,1631.0,0.0,1345.0,1345.0,1086.0,545.0,2062.0,79.0
0.0,6810.0,3298.0,1677.0,0.0,4873.0,4873.0,1132.0,545.0,3298.0,0.0
0.0,3512.0,3696.0,1748.0,0.0,8740.0,8740.0,1203.0,545.0,3696.0,0.0
0.0,0.0,2872.0,1794.0,1345.0,8970.0,8970.0,1258.0,536.0,2872.0,0.0
0.0,0.0,807.0,1791.0,4873.0,6600.0,6600.0,1274.0,517.0,807.0,0.0
0.0,2355.0,0.0,1763.0,8740.0,0.0,0.0,1274.0,489.0,0.0,0.0
0.0,11095.0,478.0,1742.0,8970.0,0.0,0.0,1274.0,468.0,0.0,478.0
0.0,19587.0,1001.0,1725.0,6600.0,0.0,0.0,1259.0,466.0,0.0,1001.0
0.0,25186.0,1526.0,1716.0,0.0,0.0,0.0,1222.0,494.0,0.0,1526.0
0.0,23660.0,1571.0,1685.0,0.0,0.0,0.0,1161.0,524.0,0.0,1571.0
0.0,22089.0,1883.0,1652.0,0.0,0.0,0.0,1107.0,545.0,789.0,1094.0
0.0,20206.0,2098.0,1638.0,0.0,0.0,0.0,1091.0,547.0,2004.0,94.0
0.0,18108.0,3231.0,1683.0,0.0,0.0,0.0,1136.0,547.0,3231.0,0.0
0.0,14877.0,3657.0,1753.0,0.0,0.0,0.0,1206.0,547.0,3657.0,0.0
0.0,11220.0,2867.0,1800.0,0.0,647.0,647.0,1261.0,539.0,2867.0,0.0
0.0,8353.0,845.0,1797.0,0.0,1477.0,1477.0,1277.0,520.0,845.0,0.0
0.0,7508.0,0.0,1770.0,0.0,1342.0,1342.0,1277.0,493.0,0.0,0.0
0.0,7508.0,454.0,1749.0,647.0,1044.0,1044.0,1277.0,472.0,0.0,454.0
0.0,7701.0,970.0,1735.0,1477.0,467.0,467.0,1265.0,470.0,0.0,970.0
0.0,8208.0,1484.0,1726.0,1342.0,564.0,564.0,1230.0,496.0,0.0,1484.0
0.0,8066.0,1548.0,1697.0,1044.0,923.0,923.0,1172.0,525.0,0.0,1548.0
0.0,7562.0,1787.0,1663.0,467.0,2073.0,2073.0,1117.0,546.0,697.0,1090.0
0.0,6242.0,2016.0,1647.0,564.0,3445.0,3445.0,1098.0,549.0,1896.0,120.0
0.0,4790.0,3096.0,1686.0,923.0,5813.0,5813.0,1137.0,549.0,3096.0,0.0
0.0,2617.0,3598.0,1756.0,2073.0,7688.0,7688.0,1207.0,549.0,3598.0,0.0
0.0,1092.0,2909.0,1803.0,3445.0,7387.0,7387.0,1262.0,541.0,2909.0,0.0
0.0,1628.0,1009.0,1805.0,5813.0,2593.0,2593.0,1282.0,523.0,1009.0,0.0
0.0,6432.0,0.0,1777.0,7688.0,0.0,0.0,1282.0,495.0,0.0,0.0
0.0,14120.0,452.0,1757.0,7387.0,0.0,0.0,1282.0,475.0,0.0,452.0
0.0,21055.0,967.0,1742.0,2593.0,0.0,0.0,1270.0,472.0,0.0,967.0
0.0,22681.0,1489.0,1733.0,0.0,0.0,0.0,1235.0,498.0,0.0,1489.0
0.0,21192.0,1555.0,1704.0,0.0,0.0,0.0,1177.0,527.0,0.0,1555.0
0.0,19637.0,1847.0,1671.0,0.0,0.0,0.0,1122.0,549.0,740.0,1107.0
0.0,17790.0,2096.0,1655.0,0.0,0.0,0.0,1104.0,551.0,1958.0,138.0
0.0,15694.0,3173.0,1695.0,0.0,0.0,0.0,1144.0,551.0,3173.0,0.0
0.0,12521.0,3652.0,1765.0,0.0,0.0,0.0,1214.0,551.0,3652.0,0.0
0.0,8869.0,2919.0,1813.0,0.0,3115.0,3115.0,1270.0,543.0,2919.0,0.0
0.0,5950.0,968.0,1812.0,0.0,4078.0,4078.0,1288.0,524.0,968.0,0.0
0.0,4982.0,0.0,1784.0,0.0,3938.0,3938.0,1288.0,496.0,0.0,0.0
0.0,4982.0,488.0,1763.0,3115.0,1206.0,1206.0,1288.0,475.0,0.0,488.0
0.0,7609.0,1017.0,1747.0,4078.0,0.0,0.0,1274.0,473.0,0.0,1017.0
0.0,10670.0,1551.0,1736.0,3938.0,0.0,0.0,1236.0,500.0,0.0,1551.0
0.0,13057.0,1595.0,1706.0,1206.0,0.0,0.0,1175.0,531.0,0.0,1595.0
0.0,12668.0,1973.0,1674.0,0.0,0.0,0.0,1121.0,553.0,861.0,1112.0
0.0,10695.0,2201.0,1660.0,0.0,0.0,0.0,1106.0,554.0,2106.0,95.0
0.0,8494.0,3358.0,1706.0,0.0,3394.0,3394.0,1152.0,554.0,3358.0,0.0
0.0,5136.0,3749.0,1778.0,0.0,7503.0,7503.0,1224.0,554.0,3749.0,0.0
0.0,1387.0,2898.0,1825.0,0.0,9125.0,9125.0,1280.0,545.0,2898.0,0.0
0.0,0.0,794.0,1820.0,3394.0,8011.0,8011.0,1295.0,525.0,794.0,0.0
0.0,1089.0,0.0,1791.0,7503.0,363.0,363.0,1295.0,496.0,0.0,0.0
0.0,8592.0,520.0,1770.0,9125.0,0.0,0.0,1295.0,475.0,0.0,520.0
0.0,17197.0,1064.0,1753.0,8011.0,0.0,0.0,1279.0,474.0,0.0,1064.0
0.0,24144.0,1605.0,1743.0,363.0,0.0,0.0,1239.0,504.0,0.0,1605.0
0.0,22902.0,1624.0,1711.0,0.0,0.0,0.0,1176.0,535.0,0.0,1624.0
0.0,21278.0,2022.0,1679.0,0.0,0.0,0.0,1123.0,556.0,921.0,1101.0
0.0,19256.0,2217.0,1666.0,0.0,0.0,0.0,1109.0,557.0,2179.0,38.0
0.0,17039.0,3438.0,1717.0,0.0,0.0,0.0,1160.0,557.0,3438.0,0.0
0.0,13601.0,3776.0,1789.0,0.0,0.0,0.0,1232.0,557.0,3776.0,0.0
0.0,9825.0,2851.0,1835.0,0.0,2201.0,2201.0,1287.0,548.0,2851.0,0.0
0.0,6974.0,671.0,1828.0,0.0,2837.0,2837.0,1300.0,528.0,671.0,0.0
0.0,6303.0,0.0,1799.0,0.0,2692.0,2692.0,1300.0,499.0,0.0,0.0
0.0,6303.0,499.0,1778.0,2201.0,885.0,885.0,1300.0,478.0,0.0,499.0
0.0,8005.0,1032.0,1762.0,2837.0,0.0,0.0,1285.0,477.0,0.0,1032.0
0.0,9810.0,1565.0,1751.0,2692.0,0.0,0.0,1246.0,505.0,0.0,1565.0
0.0,10937.0,1597.0,1720.0,885.0,0.0,0.0,1184.0,536.0,0.0,1597.0
0.0,10225.0,1937.0,1687.0,0.0,147.0,147.0,1130.0,557.0,837.0,1100.0
0.0,8288.0,2143.0,1673.0,0.0,2220.0,2220.0,1115.0,558.0,2078.0,65.0
0.0,6145.0,3310.0,1720.0,0.0,5765.0,5765.0,1162.0,558.0,3310.0,0.0
0.0,2835.0,3709.0,1792.0,147.0,8960.0,8960.0,1234.0,558.0,3709.0,0.0
0.0,0.0,2864.0,1839.0,2220.0,9195.0,9195.0,1289.0,550.0,2864.0,0.0
0.0,0.0,785.0,1835.0,5765.0,5566.0,5566.0,1304.0,531.0,785.0,0.0
0.0,3609.0,0.0,1807.0,8960.0,0.0,0.0,1304.0,503.0,0.0,0.0
0.0,12569.0,465.0,1786.0,9195.0,0.0,0.0,1304.0,482.0,0.0,465.0
0.0,21299.0,989.0,1770.0,5566.0,0.0,0.0,1290.0,480.0,0.0,989.0
0.0,25876.0,1512.0,1761.0,0.0,0.0,0.0,1254.0,507.0,0.0,1512.0
0.0,24364.0,1577.0,1731.0,0.0,0.0,0.0,1194.0,537.0,0.0,1577.0
0.0,22787.0,1888.0,1698.0,0.0,0.0,0.0,1140.0,558.0,777.0,1111.0
0.0,20899.0,2124.0,1684.0,0.0,0.0,0.0,1123.0,561.0,2001.0,123.0
0.0,18775.0,3228.0,1726.0,0.0,0.0,0.0,1165.0,561.0,3228.0,0.0
0.0,15547.0,3678.0,1797.0,0.0,0.0,0.0,1236.0,561.0,3678.0,0.0
0.0,11869.0,2909.0,1844.0,0.0,260.0,260.0,1292.0,552.0,2909.0,0.0
0.0,8960.0,909.0,1843.0,0.0,1164.0,1164.0,1310.0,533.0,909.0,0.0
0.0,8051.0,0.0,1815.0,0.0,1024.0,1024.0,1310.0,505.0,0.0,0.0
0.0,8051.0,472.0,1794.0,260.0,1131.0,1131.0,1310.0,484.0,0.0,472.0
0.0,7839.0,1002.0,1777.0,1164.0,884.0,884.0,1295.0,482.0,0.0,1002.0
0.0,8001.0,1536.0,1767.0,1024.0,1346.0,1346.0,1258.0,509.0,0.0,1536.0
0.0,7489.0,1596.0,1736.0,1131.0,1656.0,1656.0,1197.0,539.0,0.0,1596.0
0.0,7024.0,1963.0,1704.0,884.0,2575.0,2575.0,1143.0,561.0,837.0,1126.0
0.0,5945.0,2211.0,1690.0,1346.0,3370.0,3370.0,1126.0,564.0,2086.0,125.0
0.0,5080.0,3339.0,1736.0,1656.0,5283.0,5283.0,1172.0,564.0,3339.0,0.0
0.0,3397.0,3753.0,1808.0,2575.0,6821.0,6821.0,1244.0,564.0,3753.0,0.0
0.0,2219.0,2929.0,1855.0,3370.0,6615.0,6615.0,1301.0,554.0,2929.0,0.0
0.0,2660.0,848.0,1852.0,5283.0,2165.0,2165.0,1317.0,535.0,848.0,0.0
0.0,7095.0,0.0,1822.0,6821.0,0.0,0.0,1317.0,505.0,0.0,0.0
0.0,13916.0,516.0,1801.0,6615.0,0.0,0.0,1317.0,484.0,0.0,516.0
0.0,20015.0,1066.0,1783.0,2165.0,0.0,0.0,1300.0,483.0,0.0,1066.0
0.0,21114.0,1609.0,1772.0,0.0,0.0,0.0,1260.0,512.0,0.0,1609.0
0.0,19505.0,1638.0,1739.0,0.0,0.0,0.0,1195.0,544.0,0.0,1638.0
0.0,17867.0,2073.0,1707.0,0.0,0.0,0.0,1142.0,565.0,953.0,1120.0
0.0,15794.0,2293.0,1695.0,0.0,0.0,0.0,1129.0,566.0,2235.0,58.0
0.0,13501.0,3516.0,1747.0,0.0,0.0,0.0,1181.0,566.0,3516.0,0.0
0.0,9985.0,3849.0,1821.0,0.0,2969.0,2969.0,1255.0,566.0,3849.0,0.0
0.0,6136.0,2894.0,1867.0,0.0,6093.0,6093.0,1311.0,556.0,2894.0,0.0
0.0,3242.0,666.0,1860.0,0.0,6724.0,6724.0,1324.0,536.0,666.0,0.0
0.0,2576.0,0.0,1829.0,2969.0,3600.0,3600.0,1324.0,505.0,0.0,0.0
0.0,5545.0,549.0,1808.0,6093.0,0.0,0.0,1324.0,484.0,0.0,549.0
0.0,11089.0,1098.0,1790.0,6724.0,0.0,0.0,1306.0,484.0,0.0,1098.0
0.0,16715.0,1647.0,1779.0,3600.0,0.0,0.0,1264.0,515.0,0.0,1647.0
0.0,18668.0,1648.0,1745.0,0.0,0.0,0.0,1198.0,547.0,0.0,1648.0
0.0,17020.0,2056.0,1712.0,0.0,0.0,0.0,1144.0,568.0,958.0,1098.0
0.0,14964.0,2242.0,1700.0,0.0,0.0,0.0,1132.0,568.0,2239.0,3.0
0.0,12722.0,3519.0,1755.0,0.0,0.0,0.0,1187.0,568.0,3519.0,0.0
0.0,9203.0,3837.0,1828.0,0.0,3774.0,3774.0,1260.0,568.0,3837.0,0.0
0.0,5366.0,2869.0,1875.0,0.0,6878.0,6878.0,1316.0,559.0,2869.0,0.0
0.0,2497.0,626.0,1867.0,0.0,7464.0,7464.0,1328.0,539.0,626.0,0.0
0.0,1871.0,0.0,1837.0,3774.0,3540.0,3540.0,1328.0,509.0,0.0,0.0
0.0,5645.0,531.0,1816.0,6878.0,0.0,0.0,1328.0,488.0,0.0,531.0
0.0,11992.0,1071.0,1800.0,7464.0,0.0,0.0,1312.0,488.0,0.0,1071.0
0.0,18385.0,1610.0,1789.0,3540.0,0.0,0.0,1272.0,517.0,0.0,1610.0
0.0,20315.0,1622.0,1756.0,0.0,0.0,0.0,1208.0,548.0,0.0,1622.0
0.0,18693.0,1965.0,1722.0,0.0,0.0,0.0,1153.0,569.0,877.0,1088.0
0.0,16728.0,2141.0,1709.0,0.0,0.0,0.0,1139.0,570.0,2127.0,14.0
0.0,14587.0,3386.0,1759.0,0.0,0.0,0.0,1189.0,570.0,3386.0,0.0
0.0,11201.0,3758.0,1832.0,0.0,1717.0,1717.0,1262.0,570.0,3758.0,0.0
0.0,7443.0,2883.0,1878.0,0.0,4830.0,4830.0,1317.0,561.0,2883.0,0.0
0.0,4560.0,742.0,1873.0,0.0,5547.0,5547.0,1331.0,542.0,742.0,0.0
0.0,3818.0,0.0,1844.0,1717.0,3685.0,3685.0,1331.0,513.0,0.0,0.0
0.0,5535.0,503.0,1823.0,4830.0,0.0,0.0,1331.0,492.0,0.0,503.0
0.0,9862.0,1036.0,1806.0,5547.0,0.0,0.0,1316.0,490.0,0.0,1036.0
0.0,14373.0,1571.0,1796.0,3685.0,0.0,0.0,1278.0,518.0,0.0,1571.0
0.0,16487.0,1606.0,1765.0,0.0,0.0,0.0,1216.0,549.0,0.0,1606.0
0.0,14881.0,1961.0,1732.0,0.0,0.0,0.0,1162.0,570.0,854.0,1107.0
0.0,12920.0,2180.0,1718.0,0.0,0.0,0.0,1146.0,572.0,2107.0,73.0
0.0,10740.0,3361.0,1765.0,0.0,1446.0,1446.0,1193.0,572.0,3361.0,0.0
0.0,7379.0,3760.0,1838.0,0.0,5571.0,5571.0,1266.0,572.0,3760.0,0.0
0.0,3619.0,2910.0,1885.0,0.0,8716.0,8716.0,1322.0,563.0,2910.0,0.0
0.0,709.0,806.0,1881.0,1446.0,8056.0,8056.0,1337.0,544.0,806.0,0.0
0.0,1349.0,0.0,1851.0,5571.0,2335.0,2335.0,1337.0,514.0,0.0,0.0
0.0,6920.0,523.0,1830.0,8716.0,0.0,0.0,1337.0,493.0,0.0,523.0
0.0,15113.0,1065.0,1813.0,8056.0,0.0,0.0,1321.0,492.0,0.0,1065.0
0.0,22104.0,1615.0,1802.0,2335.0,0.0,0.0,1281.0,521.0,0.0,1615.0
0.0,22824.0,1638.0,1769.0,0.0,0.0,0.0,1217.0,552.0,0.0,1638.0
0.0,21186.0,2083.0,1737.0,0.0,0.0,0.0,1163.0,574.0,962.0,1121.0
0.0,19103.0,2299.0,1725.0,0.0,0.0,0.0,1150.0,575.0,2244.0,55.0
0.0,16804.0,3530.0,1776.0,0.0,0.0,0.0,1201.0,575.0,3530.0,0.0
0.0,13274.0,3854.0,1850.0,0.0,0.0,0.0,1275.0,575.0,3854.0,0.0
0.0,9420.0,2904.0,1896.0,0.0,2964.0,2964.0,1331.0,565.0,2904.0,0.0
0.0,6516.0,670.0,1889.0,0.0,3599.0,3599.0,1344.0,545.0,670.0,0.0
0.0,5846.0,9.0,1858.0,0.0,3453.0,3453.0,1344.0,514.0,0.0,9.0
0.0,5837.0,565.0,1837.0,2964.0,949.0,949.0,1344.0,493.0,0.0,565.0
0.0,8236.0,1125.0,1819.0,3599.0,0.0,0.0,1326.0,493.0,0.0,1125.0
0.0,10710.0,1675.0,1807.0,3453.0,0.0,0.0,1283.0,524.0,0.0,1675.0
0.0,12488.0,1667.0,1771.0,949.0,0.0,0.0,1215.0,556.0,0.0,1667.0
0.0,11770.0,2157.0,1740.0,0.0,0.0,0.0,1162.0,578.0,1055.0,1102.0
0.0,9613.0,2361.0,1729.0,0.0,1393.0,1393.0,1151.0,578.0,2361.0,0.0
0.0,7252.0,3671.0,1787.0,0.0,5354.0,5354.0,1209.0,578.0,3671.0,0.0
0.0,3581.0,3922.0,1862.0,0.0,9310.0,9310.0,1284.0,578.0,3922.0,0.0
0.0,0.0,2873.0,1907.0,1393.0,9535.0,9535.0,1340.0,567.0,2873.0,0.0
0.0,0.0,507.0,1895.0,5354.0,6449.0,6449.0,1349.0,546.0,507.0,0.0
0.0,3026.0,19.0,1864.0,9310.0,0.0,0.0,1349.0,515.0,0.0,19.0
0.0,12317.0,583.0,1843.0,9535.0,0.0,0.0,1349.0,494.0,0.0,583.0
0.0,21269.0,1142.0,1826.0,6449.0,0.0,0.0,1331.0,495.0,0.0,1142.0
0.0,26576.0,1682.0,1815.0,0.0,0.0,0.0,1288.0,527.0,0.0,1682.0
0.0,24894.0,1656.0,1779.0,0.0,0.0,0.0,1220.0,559.0,0.0,1656.0
0.0,23238.0,2107.0,1746.0,0.0,0.0,0.0,1166.0,580.0,1036.0,1071.0
0.0,21131.0,2332.0,1736.0,0.0,0.0,0.0,1156.0,580.0,2332.0,0.0
0.0,18799.0,3629.0,1794.0,0.0,0.0,0.0,1214.0,580.0,3629.0,0.0
0.0,15170.0,3887.0,1869.0,0.0,0.0,0.0,1289.0,580.0,3887.0,0.0
0.0,11283.0,2850.0,1913.0,0.0,1132.0,1132.0,1343.0,570.0,2850.0,0.0
0.0,8433.0,508.0,1902.0,0.0,1585.0,1585.0,1353.0,549.0,508.0,0.0
0.0,7925.0,0.0,1871.0,0.0,1430.0,1430.0,1353.0,518.0,0.0,0.0
0.0,7925.0,544.0,1850.0,1132.0,737.0,737.0,1353.0,497.0,0.0,544.0
0.0,8513.0,1095.0,1833.0,1585.0,162.0,162.0,1336.0,497.0,0.0,1095.0
0.0,9003.0,1642.0,1824.0,1430.0,329.0,329.0,1295.0,529.0,0.0,1642.0
0.0,8791.0,1645.0,1790.0,737.0,1067.0,1067.0,1230.0,560.0,0.0,1645.0
0.0,7883.0,2063.0,1758.0,162.0,2808.0,2808.0,1177.0,581.0,962.0,1101.0
0.0,5982.0,2245.0,1746.0,329.0,4664.0,4664.0,1164.0,582.0,2240.0,5.0
0.0,4066.0,3510.0,1799.0,1067.0,7372.0,7372.0,1217.0,582.0,3510.0,0.0
0.0,1623.0,3826.0,1873.0,2808.0,8760.0,8760.0,1291.0,582.0,3826.0,0.0
0.0,605.0,2853.0,1918.0,4664.0,7174.0,7174.0,1346.0,572.0,2853.0,0.0
0.0,2416.0,620.0,1910.0,7372.0,382.0,382.0,1358.0,552.0,620.0,0.0
0.0,9168.0,0.0,1880.0,8760.0,0.0,0.0,1358.0,522.0,0.0,0.0
0.0,17928.0,526.0,1859.0,7174.0,0.0,0.0,1358.0,501.0,0.0,526.0
0.0,24576.0,1071.0,1841.0,382.0,0.0,0.0,1341.0,500.0,0.0,1071.0
0.0,23887.0,1617.0,1831.0,0.0,0.0,0.0,1301.0,530.0,0.0,1617.0
0.0,22270.0,1643.0,1798.0,0.0,0.0,0.0,1236.0,562.0,0.0,1643.0
0.0,20627.0,2095.0,1766.0,0.0,0.0,0.0,1183.0,583.0,975.0,1120.0
0.0,18532.0,2314.0,1754.0,0.0,0.0,0.0,1170.0,584.0,2262.0,52.0
0.0,16218.0,3552.0,1807.0,0.0,0.0,0.0,1223.0,584.0,3552.0,0.0
0.0,12666.0,3868.0,1881.0,0.0,607.0,607.0,1297.0,584.0,3868.0,0.0
0.0,8798.0,2903.0,1927.0,0.0,3740.0,3740.0,1353.0,574.0,2903.0,0.0
0.0,5895.0,642.0,1920.0,0.0,4347.0,4347.0,1366.0,554.0,642.0,0.0
0.0,5253.0,9.0,1889.0,607.0,3594.0,3594.0,1366.0,523.0,0.0,9.0
0.0,5851.0,564.0,1868.0,3740.0,313.0,313.0,1366.0,502.0,0.0,564.0
0.0,9027.0,1127.0,1849.0,4347.0,0.0,0.0,1347.0,502.0,0.0,1127.0
0.0,12247.0,1677.0,1837.0,3594.0,0.0,0.0,1304.0,533.0,0.0,1677.0
0.0,14164.0,1674.0,1802.0,313.0,0.0,0.0,1236.0,566.0,0.0,1674.0
0.0,12803.0,2168.0,1769.0,0.0,0.0,0.0,1182.0,587.0,1059.0,1109.0
0.0,10635.0,2370.0,1759.0,0.0,530.0,530.0,1172.0,587.0,2370.0,0.0
0.0,8265.0,3693.0,1817.0,0.0,4513.0,4513.0,1230.0,587.0,3693.0,0.0
0.0,4572.0,3952.0,1893.0,0.0,8845.0,8845.0,1306.0,587.0,3952.0,0.0
0.0,620.0,2909.0,1938.0,530.0,9690.0,9690.0,1362.0,576.0,2909.0,0.0
0.0,0.0,540.0,1926.0,4513.0,7416.0,7416.0,1372.0,554.0,540.0,0.0
0.0,2214.0,50.0,1895.0,8845.0,0.0,0.0,1372.0,523.0,0.0,50.0
0.0,11009.0,623.0,1875.0,9690.0,0.0,0.0,1372.0,503.0,0.0,623.0
0.0,20076.0,1193.0,1857.0,7416.0,0.0,0.0,1352.0,505.0,0.0,1193.0
0.0,26299.0,1713.0,1845.0,0.0,0.0,0.0,1307.0,538.0,0.0,1713.0
0.0,24586.0,1661.0,1806.0,0.0,0.0,0.0,1236.0,570.0,0.0,1661.0
0.0,22925.0,2179.0,1773.0,0.0,0.0,0.0,1183.0,590.0,1135.0,1044.0
0.0,20746.0,2473.0,1765.0,0.0,0.0,0.0,1175.0,590.0,2473.0,0.0
0.0,18273.0,3804.0,1828.0,0.0,0.0,0.0,1238.0,590.0,3804.0,0.0
0.0,14469.0,4007.0,1904.0,0.0,0.0,0.0,1315.0,589.0,4007.0,0.0
0.0,10462.0,2858.0,1948.0,0.0,2136.0,2136.0,1370.0,578.0,2858.0,0.0
0.0,7604.0,374.0,1933.0,0.0,2435.0,2435.0,1377.0,556.0,374.0,0.0
0.0,7230.0,48.0,1902.0,0.0,2328.0,2328.0,1377.0,525.0,0.0,48.0
0.0,7182.0,615.0,1882.0,2136.0,707.0,707.0,1377.0,505.0,0.0,615.0
0.0,8703.0,1182.0,1865.0,2435.0,0.0,0.0,1358.0,507.0,0.0,1182.0
0.0,9956.0,1699.0,1852.0,2328.0,0.0,0.0,1313.0,539.0,0.0,1699.0
0.0,10585.0,1655.0,1814.0,707.0,0.0,0.0,1243.0,571.0,0.0,1655.0
0.0,9637.0,2117.0,1780.0,0.0,1380.0,1380.0,1189.0,591.0,1080.0,1037.0
0.0,7520.0,2394.0,1771.0,0.0,3729.0,3729.0,1180.0,591.0,2394.0,0.0
0.0,5126.0,3705.0,1833.0,0.0,7744.0,7744.0,1242.0,591.0,3705.0,0.0
0.0,1421.0,3932.0,1908.0,1380.0,9540.0,9540.0,1317.0,591.0,3932.0,0.0
0.0,0.0,2850.0,1953.0,3729.0,9765.0,9765.0,1372.0,581.0,2850.0,0.0
0.0,0.0,447.0,1941.0,7744.0,2660.0,2660.0,1381.0,560.0,447.0,0.0
0.0,7045.0,12.0,1909.0,9540.0,0.0,0.0,1381.0,528.0,0.0,12.0
0.0,16573.0,569.0,1889.0,9765.0,0.0,0.0,1381.0,508.0,0.0,569.0
0.0,25769.0,1125.0,1870.0,2660.0,0.0,0.0,1362.0,508.0,0.0,1125.0
0.0,27304.0,1669.0,1859.0,0.0,0.0,0.0,1319.0,540.0,0.0,1669.0
0.0,25635.0,1661.0,1824.0,0.0,0.0,0.0,1252.0,572.0,0.0,1661.0
0.0,23974.0,2116.0,1791.0,0.0,0.0,0.0,1198.0,593.0,1025.0,1091.0
0.0,21858.0,2325.0,1781.0,0.0,0.0,0.0,1188.0,593.0,2325.0,0.0
0.0,19533.0,3620.0,1838.0,0.0,0.0,0.0,1245.0,593.0,3620.0,0.0
0.0,15913.0,3893.0,1913.0,0.0,0.0,0.0,1320.0,593.0,3893.0,0.0
0.0,12020.0,2864.0,1958.0,0.0,634.0,634.0,1375.0,583.0,2864.0,0.0
0.0,9156.0,543.0,1948.0,0.0,1127.0,1127.0,1386.0,562.0,543.0,0.0
0.0,8613.0,7.0,1917.0,0.0,979.0,979.0,1386.0,531.0,0.0,7.0
0.0,8606.0,565.0,1897.0,634.0,810.0,810.0,1386.0,511.0,0.0,565.0
0.0,8675.0,1124.0,1878.0,1127.0,712.0,712.0,1367.0,511.0,0.0,1124.0
0.0,8678.0,1681.0,1865.0,979.0,1349.0,1349.0,1323.0,542.0,0.0,1681.0
0.0,7976.0,1674.0,1829.0,810.0,2033.0,2033.0,1255.0,574.0,0.0,1674.0
0.0,7112.0,2187.0,1797.0,712.0,3348.0,3348.0,1201.0,596.0,1076.0,1111.0
0.0,5637.0,2390.0,1788.0,1349.0,4344.0,4344.0,1192.0,596.0,2390.0,0.0
0.0,4596.0,3715.0,1847.0,2033.0,6321.0,6321.0,1251.0,596.0,3715.0,0.0
0.0,2914.0,3959.0,1922.0,3348.0,7307.0,7307.0,1327.0,595.0,3959.0,0.0
0.0,2303.0,2894.0,1967.0,4344.0,6082.0,6082.0,1382.0,585.0,2894.0,0.0
0.0,3753.0,505.0,1955.0,6321.0,206.0,206.0,1392.0,563.0,505.0,0.0
0.0,9569.0,47.0,1924.0,7307.0,0.0,0.0,1392.0,532.0,0.0,47.0
0.0,16829.0,616.0,1903.0,6082.0,0.0,0.0,1392.0,511.0,0.0,616.0
0.0,22295.0,1189.0,1885.0,206.0,0.0,0.0,1372.0,513.0,0.0,1189.0
0.0,21312.0,1722.0,1872.0,0.0,0.0,0.0,1326.0,546.0,0.0,1722.0
0.0,19590.0,1680.0,1833.0,0.0,0.0,0.0,1255.0,578.0,0.0,1680.0
0.0,17910.0,2240.0,1801.0,0.0,0.0,0.0,1202.0,599.0,1174.0,1066.0
0.0,15670.0,2526.0,1793.0,0.0,0.0,0.0,1194.0,599.0,2526.0,0.0
0.0,13144.0,3870.0,1857.0,0.0,11.0,11.0,1258.0,599.0,3870.0,0.0
0.0,9274.0,4046.0,1934.0,0.0,4442.0,4442.0,1336.0,598.0,4046.0,0.0
0.0,5228.0,2877.0,1978.0,0.0,7539.0,7539.0,1392.0,586.0,2877.0,0.0
0.0,2351.0,364.0,1962.0,11.0,7812.0,7812.0,1399.0,563.0,364.0,0.0
0.0,1998.0,76.0,1930.0,4442.0,3286.0,3286.0,1399.0,531.0,0.0,76.0
0.0,6364.0,656.0,1911.0,7539.0,0.0,0.0,1399.0,512.0,0.0,656.0
0.0,13247.0,1242.0,1893.0,7812.0,0.0,0.0,1377.0,516.0,0.0,1242.0
0.0,19817.0,1746.0,1878.0,3286.0,0.0,0.0,1329.0,549.0,0.0,1746.0
0.0,21357.0,1671.0,1837.0,0.0,0.0,0.0,1256.0,581.0,0.0,1671.0
0.0,19686.0,2230.0,1803.0,0.0,0.0,0.0,1202.0,601.0,1219.0,1011.0
0.0,17456.0,2571.0,1798.0,0.0,0.0,0.0,1197.0,601.0,2571.0,0.0
0.0,14885.0,3929.0,1866.0,0.0,0.0,0.0,1265.0,601.0,3929.0,0.0
0.0,10956.0,4058.0,1943.0,0.0,2817.0,2817.0,1343.0,600.0,4058.0,0.0
0.0,6898.0,2843.0,1986.0,0.0,5875.0,5875.0,1398.0,588.0,2843.0,0.0
0.0,4055.0,260.0,1968.0,0.0,6045.0,6045.0,1403.0,565.0,260.0,0.0
0.0,3795.0,57.0,1937.0,2817.0,3130.0,3130.0,1403.0,534.0,0.0,57.0
0.0,6555.0,635.0,1917.0,5875.0,0.0,0.0,1403.0,514.0,0.0,635.0
0.0,11795.0,1209.0,1900.0,6045.0,0.0,0.0,1382.0,518.0,0.0,1209.0
0.0,16631.0,1725.0,1887.0,3130.0,0.0,0.0,1336.0,551.0,0.0,1725.0
0.0,18036.0,1663.0,1848.0,0.0,0.0,0.0,1265.0,583.0,0.0,1663.0
0.0,16373.0,2167.0,1813.0,0.0,0.0,0.0,1211.0,602.0,1142.0,1025.0
0.0,14206.0,2478.0,1806.0,0.0,0.0,0.0,1204.0,602.0,2478.0,0.0
0.0,11728.0,3801.0,1871.0,0.0,1428.0,1428.0,1269.0,602.0,3801.0,0.0
0.0,7927.0,3985.0,1947.0,0.0,5793.0,5793.0,1345.0,602.0,3985.0,0.0
0.0,3942.0,2833.0,1991.0,0.0,8846.0,8846.0,1400.0,591.0,2833.0,0.0
0.0,1109.0,358.0,1977.0,1428.0,7706.0,7706.0,1407.0,570.0,358.0,0.0
0.0,2179.0,27.0,1945.0,5793.0,1780.0,1780.0,1407.0,538.0,0.0,27.0
0.0,7945.0,595.0,1925.0,8846.0,0.0,0.0,1407.0,518.0,0.0,595.0
0.0,16196.0,1161.0,1906.0,7706.0,0.0,0.0,1387.0,519.0,0.0,1161.0
0.0,22741.0,1699.0,1894.0,1780.0,0.0,0.0,1342.0,552.0,0.0,1699.0
0.0,22822.0,1669.0,1857.0,0.0,0.0,0.0,1273.0,584.0,0.0,1669.0
0.0,21153.0,2198.0,1823.0,0.0,0.0,0.0,1219.0,604.0,1119.0,1079.0
0.0,18955.0,2444.0,1815.0,0.0,0.0,0.0,1211.0,604.0,2444.0,0.0
0.0,16511.0,3764.0,1877.0,0.0,0.0,0.0,1273.0,604.0,3764.0,0.0
0.0,12747.0,3969.0,1953.0,0.0,987.0,987.0,1349.0,604.0,3969.0,0.0
0.0,8778.0,2849.0,1997.0,0.0,4056.0,4056.0,1404.0,593.0,2849.0,0.0
0.0,5929.0,417.0,1984.0,0.0,4408.0,4408.0,1412.0,572.0,417.0,0.0
0.0,5512.0,40.0,1952.0,987.0,3301.0,3301.0,1412.0,540.0,0.0,40.0
0.0,6459.0,611.0,1932.0,4056.0,0.0,0.0,1412.0,520.0,0.0,611.0
0.0,9904.0,1183.0,1913.0,4408.0,0.0,0.0,1392.0,521.0,0.0,1183.0
0.0,13129.0,1715.0,1900.0,3301.0,0.0,0.0,1346.0,554.0,0.0,1715.0
0.0,14715.0,1683.0,1860.0,0.0,0.0,0.0,1274.0,586.0,0.0,1683.0
0.0,13032.0,2280.0,1828.0,0.0,0.0,0.0,1221.0,607.0,1205.0,1075.0
0.0,10752.0,2553.0,1822.0,0.0,911.0,911.0,1215.0,607.0,2553.0,0.0
0.0,8199.0,3904.0,1887.0,0.0,5140.0,5140.0,1280.0,607.0,3904.0,0.0
0.0,4295.0,4057.0,1964.0,0.0,9582.0,9582.0,1358.0,606.0,4057.0,0.0
0.0,238.0,2860.0,2007.0,911.0,10035.0,10035.0,1413.0,594.0,2860.0,0.0
0.0,0.0,323.0,1991.0,5140.0,6849.0,6849.0,1419.0,572.0,323.0,0.0
0.0,3106.0,91.0,1959.0,9582.0,0.0,0.0,1419.0,540.0,0.0,91.0
0.0,12597.0,676.0,1940.0,10035.0,0.0,0.0,1419.0,521.0,0.0,676.0
0.0,21956.0,1264.0,1922.0,6849.0,0.0,0.0,1397.0,525.0,0.0,1264.0
0.0,27541.0,1765.0,1907.0,0.0,0.0,0.0,1348.0,559.0,0.0,1765.0
0.0,25776.0,1677.0,1865.0,0.0,0.0,0.0,1274.0,591.0,0.0,1677.0
0.0,24099.0,2315.0,1831.0,0.0,0.0,0.0,1221.0,610.0,1313.0,1002.0
0.0,21784.0,2691.0,1827.0,0.0,0.0,0.0,1217.0,610.0,2691.0,0.0
0.0,19093.0,4075.0,1899.0,0.0,0.0,0.0,1289.0,610.0,4075.0,0.0
0.0,15018.0,4141.0,1977.0,0.0,0.0,0.0,1368.0,609.0,4141.0,0.0
0.0,10877.0,2833.0,2019.0,0.0,2051.0,2051.0,1423.0,596.0,2833.0,0.0
0.0,8044.0,137.0,1998.0,0.0,2083.0,2083.0,1426.0,572.0,137.0,0.0
0.0,7907.0,108.0,1967.0,0.0,2036.0,2036.0,1426.0,541.0,0.0,108.0
0.0,7799.0,699.0,1948.0,2051.0,589.0,589.0,1426.0,522.0,0.0,699.0
0.0,9151.0,1296.0,1929.0,2083.0,0.0,0.0,1402.0,527.0,0.0,1296.0
0.0,9938.0,1777.0,1915.0,2036.0,0.0,0.0,1353.0,562.0,0.0,1777.0
0.0,10197.0,1668.0,1871.0,589.0,237.0,237.0,1277.0,594.0,0.0,1668.0
0.0,9118.0,2261.0,1836.0,0.0,2323.0,2323.0,1224.0,612.0,1301.0,960.0
0.0,6857.0,2673.0,1833.0,0.0,4981.0,4981.0,1221.0,612.0,2673.0,0.0
0.0,4184.0,4051.0,1906.0,237.0,9160.0,9160.0,1294.0,612.0,4051.0,0.0
0.0,370.0,4116.0,1984.0,2323.0,9920.0,9920.0,1373.0,611.0,4116.0,0.0
0.0,0.0,2816.0,2026.0,4981.0,9388.0,9388.0,1427.0,599.0,2816.0,0.0
0.0,742.0,131.0,2006.0,9160.0,259.0,259.0,1430.0,576.0,131.0,0.0
0.0,9771.0,78.0,1974.0,9920.0,0.0,0.0,1430.0,544.0,0.0,78.0
0.0,19613.0,667.0,1955.0,9388.0,0.0,0.0,1430.0,525.0,0.0,667.0
0.0,28334.0,1248.0,1937.0,259.0,0.0,0.0,1408.0,529.0,0.0,1248.0
0.0,27345.0,1750.0,1923.0,0.0,0.0,0.0,1360.0,563.0,0.0,1750.0
0.0,25595.0,1663.0,1882.0,0.0,0.0,0.0,1287.0,595.0,0.0,1663.0
0.0,23932.0,2224.0,1848.0,0.0,0.0,0.0,1234.0,614.0,1224.0,1000.0
0.0,21708.0,2578.0,1843.0,0.0,0.0,0.0,1229.0,614.0,2578.0,0.0
0.0,19130.0,3927.0,1912.0,0.0,0.0,0.0,1298.0,614.0,3927.0,0.0
0.0,15203.0,4057.0,1989.0,0.0,0.0,0.0,1376.0,613.0,4057.0,0.0
0.0,11146.0,2824.0,2032.0,0.0,1838.0,1838.0,1430.0,602.0,2824.0,0.0
0.0,8322.0,246.0,2015.0,0.0,1999.0,1999.0,1435.0,580.0,246.0,0.0
0.0,8076.0,53.0,1983.0,0.0,1892.0,1892.0,1435.0,548.0,0.0,53.0
0.0,8023.0,628.0,1963.0,1838.0,582.0,582.0,1435.0,528.0,0.0,628.0
0.0,9233.0,1202.0,1943.0,1999.0,0.0,0.0,1413.0,530.0,0.0,1202.0
0.0,10030.0,1725.0,1930.0,1892.0,0.0,0.0,1366.0,564.0,0.0,1725.0
0.0,10197.0,1680.0,1890.0,582.0,351.0,351.0,1294.0,596.0,0.0,1680.0
0.0,9099.0,2248.0,1856.0,0.0,2429.0,2429.0,1240.0,616.0,1193.0,1055.0
0.0,6851.0,2546.0,1850.0,0.0,4945.0,4945.0,1234.0,616.0,2546.0,0.0
0.0,4305.0,3897.0,1917.0,351.0,8826.0,8826.0,1301.0,616.0,3897.0,0.0
0.0,759.0,4065.0,1995.0,2429.0,9975.0,9975.0,1380.0,615.0,4065.0,0.0
0.0,0.0,2876.0,2039.0,4945.0,9003.0,9003.0,1435.0,604.0,2876.0,0.0
0.0,1192.0,341.0,2022.0,8826.0,433.0,433.0,1441.0,581.0,341.0,0.0
0.0,9677.0,85.0,1991.0,9975.0,0.0,0.0,1441.0,550.0,0.0,85.0
0.0,19567.0,670.0,1971.0,9003.0,0.0,0.0,1441.0,530.0,0.0,670.0
0.0,27900.0,1257.0,1952.0,433.0,0.0,0.0,1418.0,534.0,0.0,1257.0
0.0,27076.0,1766.0,1937.0,0.0,0.0,0.0,1369.0,568.0,0.0,1766.0
0.0,25310.0,1684.0,1894.0,0.0,0.0,0.0,1294.0,600.0,0.0,1684.0
0.0,23626.0,2317.0,1860.0,0.0,0.0,0.0,1241.0,619.0,1298.0,1019.0
0.0,21309.0,2680.0,1857.0,0.0,0.0,0.0,1238.0,619.0,2680.0,0.0
0.0,18629.0,4070.0,1929.0,0.0,0.0,0.0,1310.0,619.0,4070.0,0.0
0.0,14559.0,4157.0,2008.0,0.0,0.0,0.0,1390.0,618.0,4157.0,0.0
0.0,10402.0,2873.0,2050.0,0.0,2721.0,2721.0,1445.0,605.0,2873.0,0.0
0.0,7529.0,194.0,2029.0,0.0,2810.0,2810.0,1449.0,580.0,194.0,0.0
0.0,7335.0,125.0,1998.0,0.0,2780.0,2780.0,1449.0,549.0,0.0,125.0
0.0,7210.0,732.0,1980.0,2721.0,701.0,701.0,1449.0,531.0,0.0,732.0
0.0,9199.0,1333.0,1960.0,2810.0,0.0,0.0,1423.0,537.0,0.0,1333.0
0.0,10676.0,1808.0,1944.0,2780.0,0.0,0.0,1372.0,572.0,0.0,1808.0
0.0,11648.0,1677.0,1897.0,701.0,0.0,0.0,1293.0,604.0,0.0,1677.0
0.0,10672.0,2332.0,1862.0,0.0,970.0,970.0,1240.0,622.0,1387.0,945.0
0.0,8340.0,2787.0,1861.0,0.0,3752.0,3752.0,1239.0,622.0,2787.0,0.0
0.0,5553.0,4196.0,1939.0,0.0,8338.0,8338.0,1317.0,622.0,4196.0,0.0
0.0,1357.0,4208.0,2018.0,970.0,10090.0,10090.0,1398.0,620.0,4208.0,0.0
0.0,0.0,2829.0,2060.0,3752.0,10300.0,10300.0,1453.0,607.0,2829.0,0.0
0.0,0.0,36.0,2035.0,8338.0,2831.0,2831.0,1453.0,582.0,36.0,0.0
0.0,7344.0,124.0,2003.0,10090.0,0.0,0.0,1453.0,550.0,0.0,124.0
0.0,17310.0,730.0,1985.0,10300.0,0.0,0.0,1453.0,532.0,0.0,730.0
0.0,26880.0,1330.0,1967.0,2831.0,0.0,0.0,1428.0,539.0,0.0,1330.0
0.0,28381.0,1806.0,1951.0,0.0,0.0,0.0,1377.0,574.0,0.0,1806.0
0.0,26575.0,1675.0,1905.0,0.0,0.0,0.0,1299.0,606.0,0.0,1675.0
0.0,24900.0,2324.0,1870.0,0.0,0.0,0.0,1246.0,624.0,1376.0,948.0
0.0,22576.0,2771.0,1870.0,0.0,0.0,0.0,1246.0,624.0,2771.0,0.0
0.0,19805.0,4159.0,1947.0,0.0,0.0,0.0,1323.0,624.0,4159.0,0.0
0.0,15646.0,4175.0,2026.0,0.0,0.0,0.0,1403.0,623.0,4175.0,0.0
0.0,11471.0,2790.0,2067.0,0.0,1654.0,1654.0,1457.0,610.0,2790.0,0.0
0.0,8681.0,7.0,2043.0,0.0,1541.0,1541.0,1457.0,586.0,7.0,0.0
0.0,8674.0,84.0,2011.0,0.0,1465.0,1465.0,1457.0,554.0,0.0,84.0
0.0,8590.0,675.0,1992.0,1654.0,391.0,391.0,1457.0,535.0,0.0,675.0
0.0,9569.0,1265.0,1974.0,1541.0,25.0,25.0,1434.0,540.0,0.0,1265.0
0.0,9845.0,1771.0,1958.0,1465.0,251.0,251.0,1384.0,574.0,0.0,1771.0
0.0,9539.0,1690.0,1915.0,391.0,1335.0,1335.0,1308.0,607.0,0.0,1690.0
0.0,8240.0,2323.0,1882.0,25.0,3468.0,3468.0,1256.0,626.0,1309.0,1014.0
0.0,5942.0,2686.0,1879.0,251.0,5888.0,5888.0,1253.0,626.0,2686.0,0.0
0.0,3507.0,4053.0,1952.0,1335.0,8971.0,8971.0,1326.0,626.0,4053.0,0.0
0.0,789.0,4115.0,2030.0,3468.0,10008.0,10008.0,1405.0,625.0,4115.0,0.0
0.0,142.0,2798.0,2072.0,5888.0,7128.0,7128.0,1459.0,613.0,2798.0,0.0
0.0,3232.0,119.0,2051.0,8971.0,0.0,0.0,1461.0,590.0,119.0,0.0
0.0,12084.0,67.0,2019.0,10008.0,0.0,0.0,1461.0,558.0,0.0,67.0
0.0,22025.0,654.0,1999.0,7128.0,0.0,0.0,1461.0,538.0,0.0,654.0
0.0,28499.0,1241.0,1980.0,0.0,0.0,0.0,1438.0,542.0,0.0,1241.0
0.0,27258.0,1767.0,1965.0,0.0,0.0,0.0,1389.0,576.0,0.0,1767.0
0.0,25491.0,1701.0,1924.0,0.0,0.0,0.0,1315.0,609.0,0.0,1701.0
0.0,23790.0,2375.0,1891.0,0.0,0.0,0.0,1262.0,629.0,1327.0,1048.0
0.0,21415.0,2712.0,1888.0,0.0,0.0,0.0,1259.0,629.0,2712.0,0.0
0.0,18703.0,4091.0,1960.0,0.0,0.0,0.0,1331.0,629.0,4091.0,0.0
0.0,14612.0,4153.0,2038.0,0.0,0.0,0.0,1411.0,627.0,4153.0,0.0
0.0,10459.0,2833.0,2079.0,0.0,2769.0,2769.0,1465.0,614.0,2833.0,0.0
0.0,7626.0,140.0,2058.0,0.0,2804.0,2804.0,1468.0,590.0,140.0,0.0
0.0,7486.0,104.0,2026.0,0.0,2748.0,2748.0,1468.0,558.0,0.0,104.0
0.0,7382.0,704.0,2007.0,2769.0,588.0,588.0,1468.0,539.0,0.0,704.0
0.0,9447.0,1310.0,1988.0,2804.0,0.0,0.0,1443.0,545.0,0.0,1310.0
0.0,10941.0,1808.0,1971.0,2748.0,0.0,0.0,1391.0,580.0,0.0,1808.0
0.0,11881.0,1736.0,1926.0,588.0,0.0,0.0,1314.0,612.0,29.0,1707.0
0.0,10733.0,2447.0,1893.0,0.0,1179.0,1179.0,1261.0,632.0,1444.0,1003.0
0.0,8286.0,2859.0,1893.0,0.0,4038.0,4038.0,1261.0,632.0,2859.0,0.0
0.0,5427.0,4247.0,1971.0,0.0,8675.0,8675.0,1339.0,632.0,4247.0,0.0
0.0,1180.0,4225.0,2049.0,1179.0,10245.0,10245.0,1420.0,629.0,4225.0,0.0
0.0,0.0,2788.0,2089.0,4038.0,10445.0,10445.0,1474.0,615.0,2788.0,0.0
0.0,0.0,0.0,2064.0,8675.0,2261.0,2261.0,1474.0,590.0,0.0,0.0
0.0,8059.0,141.0,2031.0,10245.0,0.0,0.0,1474.0,557.0,0.0,141.0
0.0,18163.0,752.0,2014.0,10445.0,0.0,0.0,1474.0,540.0,0.0,752.0
0.0,27856.0,1370.0,1995.0,2261.0,0.0,0.0,1447.0,548.0,0.0,1370.0
0.0,28747.0,1841.0,1977.0,0.0,0.0,0.0,1394.0,583.0,0.0,1841.0
0.0,26906.0,1806.0,1931.0,0.0,0.0,0.0,1315.0,616.0,106.0,1700.0
0.0,25100.0,2474.0,1898.0,0.0,0.0,0.0,1264.0,634.0,1534.0,940.0
0.0,22626.0,2959.0,1900.0,0.0,0.0,0.0,1266.0,634.0,2959.0,0.0
0.0,19667.0,4279.0,1982.0,0.0,0.0,0.0,1348.0,634.0,4279.0,0.0
0.0,15388.0,4172.0,2060.0,0.0,0.0,0.0,1428.0,632.0,4172.0,0.0
0.0,11216.0,2640.0,2097.0,0.0,1909.0,1909.0,1479.0,618.0,2640.0,0.0
0.0,8576.0,0.0,2071.0,0.0,1779.0,1779.0,1479.0,592.0,0.0,0.0
0.0,8576.0,123.0,2039.0,0.0,1742.0,1742.0,1479.0,560.0,0.0,123.0
0.0,8453.0,731.0,2021.0,1909.0,474.0,474.0,1479.0,542.0,0.0,731.0
0.0,9631.0,1344.0,2001.0,1779.0,0.0,0.0,1452.0,549.0,0.0,1344.0
0.0,10066.0,1829.0,1983.0,1742.0,0.0,0.0,1399.0,584.0,0.0,1829.0
0.0,9979.0,1774.0,1937.0,474.0,1006.0,1006.0,1320.0,617.0,71.0,1703.0
0.0,8679.0,2447.0,1905.0,0.0,3293.0,3293.0,1269.0,636.0,1483.0,964.0
0.0,6232.0,2898.0,1907.0,0.0,6201.0,6201.0,1271.0,636.0,2898.0,0.0
0.0,3334.0,4231.0,1988.0,1006.0,9831.0,9831.0,1352.0,636.0,4231.0,0.0
0.0,109.0,4156.0,2066.0,3293.0,10330.0,10330.0,1432.0,634.0,4156.0,0.0
0.0,0.0,2661.0,2104.0,6201.0,7734.0,7734.0,1483.0,621.0,2661.0,0.0
0.0,2786.0,0.0,2080.0,9831.0,0.0,0.0,1483.0,597.0,0.0,0.0
0.0,12617.0,86.0,2047.0,10330.0,0.0,0.0,1483.0,564.0,0.0,86.0
0.0,22861.0,684.0,2028.0,7734.0,0.0,0.0,1483.0,545.0,0.0,684.0
0.0,29911.0,1280.0,2008.0,0.0,0.0,0.0,1458.0,550.0,0.0,1280.0
0.0,28631.0,1791.0,1990.0,0.0,0.0,0.0,1406.0,584.0,0.0,1791.0
0.0,26840.0,1708.0,1945.0,0.0,0.0,0.0,1328.0,617.0,3.0,1705.0
0.0,25132.0,2415.0,1913.0,0.0,0.0,0.0,1276.0,637.0,1394.0,1021.0
0.0,22717.0,2790.0,1913.0,0.0,0.0,0.0,1276.0,637.0,2790.0,0.0
0.0,19927.0,4178.0,1991.0,0.0,0.0,0.0,1354.0,637.0,4178.0,0.0
0.0,15749.0,4181.0,2070.0,0.0,0.0,0.0,1434.0,636.0,4181.0,0.0
0.0,11568.0,2786.0,2111.0,0.0,1773.0,1773.0,1488.0,623.0,2786.0,0.0
0.0,8782.0,10.0,2087.0,0.0,1663.0,1663.0,1488.0,599.0,10.0,0.0
0.0,8772.0,100.0,2055.0,0.0,1603.0,1603.0,1488.0,567.0,0.0,100.0
0.0,8672.0,699.0,2036.0,1773.0,434.0,434.0,1488.0,548.0,0.0,699.0
0.0,9746.0,1300.0,2016.0,1663.0,0.0,0.0,1463.0,553.0,0.0,1300.0
0.0,10109.0,1800.0,1997.0,1603.0,73.0,73.0,1410.0,587.0,0.0,1800.0
0.0,9912.0,1760.0,1953.0,434.0,1179.0,1179.0,1333.0,620.0,55.0,1705.0
0.0,8586.0,2484.0,1921.0,0.0,3503.0,3503.0,1281.0,640.0,1470.0,1014.0
0.0,6102.0,2879.0,1922.0,73.0,6314.0,6314.0,1282.0,640.0,2879.0,0.0
0.0,3296.0,4240.0,2001.0,1179.0,9770.0,9770.0,1361.0,640.0,4240.0,0.0
0.0,235.0,4194.0,2080.0,3503.0,10400.0,10400.0,1442.0,638.0,4194.0,0.0
0.0,0.0,2739.0,2118.0,6314.0,7471.0,7471.0,1494.0,624.0,2739.0,0.0
0.0,3119.0,0.0,2093.0,9770.0,0.0,0.0,1494.0,599.0,0.0,0.0
0.0,12889.0,153.0,2061.0,10400.0,0.0,0.0,1494.0,567.0,0.0,153.0
0.0,23136.0,769.0,2043.0,7471.0,0.0,0.0,1494.0,549.0,0.0,769.0
0.0,29838.0,1384.0,2022.0,0.0,0.0,0.0,1466.0,556.0,0.0,1384.0
0.0,28454.0,1854.0,2003.0,0.0,0.0,0.0,1411.0,592.0,0.0,1854.0
0.0,26600.0,1887.0,1958.0,0.0,0.0,0.0,1333.0,625.0,186.0,1701.0
0.0,24713.0,2571.0,1926.0,0.0,0.0,0.0,1283.0,643.0,1635.0,936.0
0.0,22142.0,3084.0,1932.0,0.0,0.0,0.0,1289.0,643.0,3084.0,0.0
0.0,19058.0,4356.0,2015.0,0.0,0.0,0.0,1372.0,643.0,4356.0,0.0
0.0,14702.0,4170.0,2093.0,0.0,0.0,0.0,1453.0,640.0,4170.0,0.0
0.0,10532.0,2544.0,2128.0,0.0,2652.0,2652.0,1502.0,626.0,2544.0,0.0
0.0,7988.0,0.0,2101.0,0.0,2517.0,2517.0,1502.0,599.0,0.0,0.0
0.0,7988.0,181.0,2069.0,0.0,2538.0,2538.0,1502.0,567.0,0.0,181.0
0.0,7807.0,806.0,2050.0,2652.0,597.0,597.0,1500.0,550.0,0.0,806.0
0.0,9653.0,1434.0,2030.0,2517.0,0.0,0.0,1470.0,560.0,0.0,1434.0
0.0,10736.0,1876.0,2009.0,2538.0,0.0,0.0,1413.0,596.0,0.0,1876.0
0.0,11398.0,1898.0,1963.0,597.0,0.0,0.0,1335.0,628.0,206.0,1692.0
0.0,10097.0,2530.0,1931.0,0.0,2088.0,2088.0,1286.0,645.0,1652.0,878.0
0.0,7567.0,3109.0,1940.0,0.0,5242.0,5242.0,1295.0,645.0,3109.0,0.0
0.0,4458.0,4352.0,2024.0,0.0,10014.0,10014.0,1379.0,645.0,4352.0,0.0
0.0,106.0,4149.0,2102.0,2088.0,10510.0,10510.0,1459.0,643.0,4149.0,0.0
0.0,0.0,2484.0,2136.0,5242.0,9877.0,9877.0,1507.0,629.0,2484.0,0.0
0.0,803.0,0.0,2110.0,10014.0,0.0,0.0,1507.0,603.0,0.0,0.0
0.0,10817.0,151.0,2078.0,10510.0,0.0,0.0,1507.0,571.0,0.0,151.0
0.0,21176.0,772.0,2058.0,9877.0,0.0,0.0,1505.0,553.0,0.0,772.0
0.0,30281.0,1386.0,2038.0,0.0,0.0,0.0,1477.0,561.0,0.0,1386.0
0.0,28895.0,1849.0,2017.0,0.0,0.0,0.0,1421.0,596.0,0.0,1849.0
0.0,27046.0,1812.0,1971.0,0.0,0.0,0.0,1342.0,629.0,122.0,1690.0
0.0,25234.0,2465.0,1938.0,0.0,0.0,0.0,1292.0,646.0,1549.0,916.0
0.0,22769.0,2981.0,1944.0,0.0,0.0,0.0,1298.0,646.0,2981.0,0.0
0.0,19788.0,4281.0,2026.0,0.0,0.0,0.0,1380.0,646.0,4281.0,0.0
0.0,15507.0,4163.0,2105.0,0.0,0.0,0.0,1460.0,645.0,4163.0,0.0
0.0,11344.0,2599.0,2142.0,0.0,1965.0,1965.0,1510.0,632.0,2599.0,0.0
0.0,8745.0,0.0,2117.0,0.0,1840.0,1840.0,1510.0,607.0,0.0,0.0
0.0,8745.0,126.0,2085.0,0.0,1806.0,1806.0,1510.0,575.0,0.0,126.0
0.0,8619.0,733.0,2066.0,1965.0,479.0,479.0,1510.0,556.0,0.0,733.0
0.0,9851.0,1341.0,2046.0,1840.0,0.0,0.0,1484.0,562.0,0.0,1341.0
0.0,10350.0,1823.0,2027.0,1806.0,0.0,0.0,1430.0,597.0,0.0,1823.0
0.0,10333.0,1780.0,1981.0,479.0,873.0,873.0,1351.0,630.0,78.0,1702.0
0.0,9032.0,2467.0,1948.0,0.0,3175.0,3175.0,1299.0,649.0,1499.0,968.0
0.0,6565.0,2917.0,1951.0,0.0,6107.0,6107.0,1302.0,649.0,2917.0,0.0
0.0,3648.0,4259.0,2033.0,873.0,9903.0,9903.0,1384.0,649.0,4259.0,0.0
0.0,262.0,4188.0,2111.0,3175.0,10555.0,10555.0,1464.0,647.0,4188.0,0.0
0.0,0.0,2695.0,2149.0,6107.0,8084.0,8084.0,1516.0,633.0,2695.0,0.0
0.0,2661.0,0.0,2124.0,9903.0,0.0,0.0,1516.0,608.0,0.0,0.0
0.0,12564.0,138.0,2092.0,10555.0,0.0,0.0,1516.0,576.0,0.0,138.0
0.0,22981.0,751.0,2073.0,8084.0,0.0,0.0,1515.0,558.0,0.0,751.0
0.0,30314.0,1366.0,2052.0,0.0,0.0,0.0,1487.0,565.0,0.0,1366.0
0.0,28948.0,1843.0,2031.0,0.0,0.0,0.0,1431.0,600.0,0.0,1843.0
0.0,27105.0,1874.0,1986.0,0.0,0.0,0.0,1353.0,633.0,159.0,1715.0
0.0,25231.0,2575.0,1955.0,0.0,0.0,0.0,1303.0,652.0,1607.0,968.0
0.0,22656.0,3055.0,1961.0,0.0,0.0,0.0,1309.0,652.0,3055.0,0.0
0.0,19601.0,4354.0,2045.0,0.0,0.0,0.0,1393.0,652.0,4354.0,0.0
0.0,15247.0,4203.0,2123.0,0.0,0.0,0.0,1474.0,649.0,4203.0,0.0
0.0,11044.0,2605.0,2158.0,0.0,2351.0,2351.0,1524.0,634.0,2605.0,0.0
0.0,8439.0,0.0,2132.0,0.0,2221.0,2221.0,1524.0,608.0,0.0,0.0
0.0,8439.0,191.0,2100.0,0.0,2252.0,2252.0,1524.0,576.0,0.0,191.0
0.0,8248.0,820.0,2079.0,2351.0,616.0,616.0,1520.0,559.0,0.0,820.0
0.0,9779.0,1455.0,2058.0,2221.0,0.0,0.0,1489.0,569.0,0.0,1455.0
0.0,10545.0,1894.0,2035.0,2252.0,0.0,0.0,1430.0,605.0,0.0,1894.0
0.0,10903.0,1962.0,1989.0,616.0,388.0,388.0,1351.0,638.0,257.0,1705.0
0.0,9557.0,2621.0,1959.0,0.0,2859.0,2859.0,1304.0,655.0,1738.0,883.0
0.0,6936.0,3214.0,1972.0,0.0,6138.0,6138.0,1317.0,655.0,3214.0,0.0
0.0,3722.0,4438.0,2057.0,388.0,10285.0,10285.0,1402.0,655.0,4438.0,0.0
0.0,0.0,4172.0,2133.0,2859.0,10665.0,10665.0,1482.0,651.0,4172.0,0.0
0.0,0.0,2433.0,2165.0,6138.0,8761.0,8761.0,1529.0,636.0,2433.0,0.0
0.0,2064.0,0.0,2137.0,10285.0,0.0,0.0,1529.0,608.0,0.0,0.0
0.0,12349.0,203.0,2105.0,10665.0,0.0,0.0,1529.0,576.0,0.0,203.0
0.0,22811.0,833.0,2085.0,8761.0,0.0,0.0,1525.0,560.0,0.0,833.0
0.0,30739.0,1472.0,2064.0,0.0,0.0,0.0,1493.0,571.0,0.0,1472.0
0.0,29267.0,1901.0,2042.0,0.0,0.0,0.0,1434.0,608.0,0.0,1901.0
0.0,27366.0,1959.0,1995.0,0.0,0.0,0.0,1355.0,640.0,259.0,1700.0
0.0,25407.0,2592.0,1966.0,0.0,0.0,0.0,1309.0,657.0,1734.0,858.0
0.0,22815.0,3202.0,1979.0,0.0,0.0,0.0,1322.0,657.0,3202.0,0.0
0.0,19613.0,4416.0,2064.0,0.0,0.0,0.0,1407.0,657.0,4416.0,0.0
0.0,15197.0,4145.0,2141.0,0.0,0.0,0.0,1487.0,654.0,4145.0,0.0
0.0,11052.0,2404.0,2172.0,0.0,2212.0,2212.0,1533.0,639.0,2404.0,0.0
0.0,8648.0,0.0,2145.0,0.0,2077.0,2077.0,1533.0,612.0,0.0,0.0
0.0,8648.0,163.0,2113.0,0.0,2080.0,2080.0,1533.0,580.0,0.0,163.0
0.0,8485.0,793.0,2094.0,2212.0,566.0,566.0,1531.0,563.0,0.0,793.0
0.0,9904.0,1416.0,2073.0,2077.0,0.0,0.0,1501.0,572.0,0.0,1416.0
0.0,10565.0,1874.0,2052.0,2080.0,0.0,0.0,1444.0,608.0,0.0,1874.0
0.0,10771.0,1878.0,2006.0,566.0,571.0,571.0,1365.0,641.0,177.0,1701.0
0.0,9459.0,2533.0,1975.0,0.0,2949.0,2949.0,1316.0,659.0,1623.0,910.0
0.0,6926.0,3064.0,1984.0,0.0,6058.0,6058.0,1325.0,659.0,3064.0,0.0
0.0,3862.0,4332.0,2067.0,571.0,10234.0,10234.0,1408.0,659.0,4332.0,0.0
0.0,101.0,4151.0,2144.0,2949.0,10720.0,10720.0,1488.0,656.0,4151.0,0.0
0.0,0.0,2531.0,2179.0,6058.0,8469.0,8469.0,1537.0,642.0,2531.0,0.0
0.0,2426.0,0.0,2153.0,10234.0,0.0,0.0,1537.0,616.0,0.0,0.0
0.0,12660.0,136.0,2121.0,10720.0,0.0,0.0,1537.0,584.0,0.0,136.0
0.0,23244.0,753.0,2101.0,8469.0,0.0,0.0,1535.0,566.0,0.0,753.0
0.0,30960.0,1370.0,2079.0,0.0,0.0,0.0,1506.0,573.0,0.0,1370.0
0.0,29590.0,1854.0,2059.0,0.0,0.0,0.0,1450.0,609.0,0.0,1854.0
0.0,27736.0,1898.0,2014.0,0.0,0.0,0.0,1372.0,642.0,179.0,1719.0
0.0,25838.0,2598.0,1984.0,0.0,0.0,0.0,1323.0,661.0,1626.0,972.0
0.0,23240.0,3073.0,1991.0,0.0,0.0,0.0,1330.0,661.0,3073.0,0.0
0.0,20167.0,4347.0,2074.0,0.0,0.0,0.0,1413.0,661.0,4347.0,0.0
0.0,15820.0,4175.0,2152.0,0.0,0.0,0.0,1494.0,658.0,4175.0,0.0
0.0,11645.0,2558.0,2187.0,0.0,1848.0,1848.0,1543.0,644.0,2558.0,0.0
0.0,9087.0,0.0,2160.0,0.0,1713.0,1713.0,1543.0,617.0,0.0,0.0
0.0,9087.0,170.0,2128.0,0.0,1723.0,1723.0,1543.0,585.0,0.0,170.0
0.0,8917.0,798.0,2108.0,1848.0,573.0,573.0,1540.0,568.0,0.0,798.0
0.0,9967.0,1428.0,2085.0,1713.0,173.0,173.0,1509.0,576.0,0.0,1428.0
0.0,10252.0,1890.0,2063.0,1723.0,230.0,230.0,1450.0,613.0,0.0,1890.0
0.0,10085.0,2028.0,2018.0,573.0,1460.0,1460.0,1372.0,646.0,298.0,1730.0
0.0,8630.0,2706.0,1989.0,173.0,3848.0,3848.0,1325.0,664.0,1772.0,934.0
0.0,6097.0,3254.0,2002.0,230.0,6937.0,6937.0,1338.0,664.0,3254.0,0.0
0.0,3073.0,4447.0,2087.0,1460.0,10349.0,10349.0,1423.0,664.0,4447.0,0.0
0.0,86.0,4161.0,2163.0,3848.0,10815.0,10815.0,1503.0,660.0,4161.0,0.0
0.0,0.0,2402.0,2195.0,6937.0,6667.0,6667.0,1550.0,645.0,2402.0,0.0
0.0,4308.0,0.0,2167.0,10349.0,0.0,0.0,1550.0,617.0,0.0,0.0
0.0,14657.0,210.0,2134.0,10815.0,0.0,0.0,1550.0,584.0,0.0,210.0
0.0,25262.0,852.0,2113.0,6667.0,0.0,0.0,1545.0,568.0,0.0,852.0
0.0,31077.0,1495.0,2091.0,0.0,0.0,0.0,1511.0,580.0,0.0,1495.0
0.0,29582.0,1932.0,2066.0,0.0,0.0,0.0,1449.0,617.0,0.0,1932.0
0.0,27650.0,2115.0,2022.0,0.0,0.0,0.0,1372.0,650.0,390.0,1725.0
0.0,25535.0,2766.0,1995.0,0.0,0.0,0.0,1328.0,667.0,1892.0,874.0
0.0,22769.0,3398.0,2013.0,0.0,0.0,0.0,1346.0,667.0,3398.0,0.0
0.0,19371.0,4507.0,2100.0,0.0,0.0,0.0,1433.0,667.0,4507.0,0.0
0.0,14864.0,4114.0,2175.0,0.0,125.0,125.0,1512.0,663.0,4114.0,0.0
0.0,10750.0,2219.0,2202.0,0.0,2479.0,2479.0,1555.0,647.0,2219.0,0.0
0.0,8531.0,0.0,2173.0,0.0,2334.0,2334.0,1555.0,618.0,0.0,0.0
0.0,8531.0,201.0,2141.0,125.0,2250.0,2250.0,1555.0,586.0,0.0,201.0
0.0,8455.0,842.0,2119.0,2479.0,503.0,503.0,1550.0,569.0,0.0,842.0
0.0,10092.0,1481.0,2097.0,2334.0,0.0,0.0,1516.0,581.0,0.0,1481.0
0.0,10945.0,1924.0,2073.0,2250.0,0.0,0.0,1455.0,618.0,0.0,1924.0
0.0,11271.0,2086.0,2028.0,503.0,452.0,452.0,1377.0,651.0,363.0,1723.0
0.0,9688.0,2736.0,2001.0,0.0,3053.0,3053.0,1333.0,668.0,1855.0,881.0
0.0,6952.0,3346.0,2019.0,0.0,6489.0,6489.0,1351.0,668.0,3346.0,0.0
0.0,3606.0,4469.0,2105.0,452.0,10525.0,10525.0,1437.0,668.0,4469.0,0.0
0.0,0.0,4100.0,2181.0,3053.0,10905.0,10905.0,1516.0,665.0,4100.0,0.0
0.0,0.0,2232.0,2209.0,6489.0,8246.0,8246.0,1559.0,650.0,2232.0,0.0
0.0,2799.0,0.0,2182.0,10525.0,0.0,0.0,1559.0,623.0,0.0,0.0
0.0,13324.0,164.0,2149.0,10905.0,0.0,0.0,1559.0,590.0,0.0,164.0
0.0,24065.0,800.0,2127.0,8246.0,0.0,0.0,1555.0,572.0,0.0,800.0
0.0,31511.0,1431.0,2106.0,0.0,0.0,0.0,1524.0,582.0,0.0,1431.0
0.0,30080.0,1897.0,2084.0,0.0,0.0,0.0,1465.0,619.0,0.0,1897.0
0.0,28183.0,2008.0,2039.0,0.0,0.0,0.0,1387.0,652.0,280.0,1728.0
0.0,26175.0,2678.0,2011.0,0.0,0.0,0.0,1341.0,670.0,1752.0,926.0
0.0,23497.0,3218.0,2024.0,0.0,0.0,0.0,1354.0,670.0,3218.0,0.0
0.0,20279.0,4412.0,2109.0,0.0,0.0,0.0,1439.0,670.0,4412.0,0.0
0.0,15867.0,4122.0,2185.0,0.0,0.0,0.0,1518.0,667.0,4122.0,0.0
0.0,11745.0,2368.0,2217.0,0.0,1708.0,1708.0,1564.0,653.0,2368.0,0.0
0.0,9377.0,0.0,2191.0,0.0,1578.0,1578.0,1564.0,627.0,0.0,0.0
0.0,9377.0,155.0,2158.0,0.0,1568.0,1568.0,1564.0,594.0,0.0,155.0
0.0,9222.0,784.0,2137.0,1708.0,539.0,539.0,1561.0,576.0,0.0,784.0
0.0,10146.0,1414.0,2113.0,1578.0,255.0,255.0,1529.0,584.0,0.0,1414.0
0.0,10310.0,1891.0,2091.0,1568.0,468.0,468.0,1470.0,621.0,0.0,1891.0
0.0,9987.0,2046.0,2046.0,539.0,1750.0,1750.0,1392.0,654.0,302.0,1744.0
0.0,8480.0,2750.0,2019.0,255.0,4110.0,4110.0,1346.0,673.0,1786.0,964.0
0.0,5985.0,3273.0,2033.0,468.0,6985.0,6985.0,1360.0,673.0,3273.0,0.0
0.0,3180.0,4454.0,2119.0,1750.0,10119.0,10119.0,1446.0,673.0,4454.0,0.0
0.0,476.0,4150.0,2196.0,4110.0,10544.0,10544.0,1526.0,670.0,4150.0,0.0
0.0,436.0,2372.0,2225.0,6985.0,6076.0,6076.0,1571.0,654.0,2372.0,0.0
0.0,5049.0,0.0,2198.0,10119.0,0.0,0.0,1571.0,627.0,0.0,0.0
0.0,15168.0,194.0,2165.0,10544.0,0.0,0.0,1571.0,594.0,0.0,194.0
0.0,25518.0,836.0,2143.0,6076.0,0.0,0.0,1566.0,577.0,0.0,836.0
0.0,30758.0,1482.0,2120.0,0.0,0.0,0.0,1532.0,588.0,0.0,1482.0
0.0,29276.0,1938.0,2094.0,0.0,0.0,0.0,1469.0,625.0,0.0,1938.0
0.0,27338.0,2173.0,2050.0,0.0,0.0,0.0,1392.0,658.0,423.0,1750.0
0.0,25165.0,2848.0,2025.0,0.0,0.0,0.0,1349.0,676.0,1933.0,915.0
0.0,22317.0,3451.0,2045.0,0.0,0.0,0.0,1369.0,676.0,3451.0,0.0
0.0,18866.0,4544.0,2132.0,0.0,0.0,0.0,1456.0,676.0,4544.0,0.0
0.0,14322.0,4133.0,2208.0,0.0,851.0,851.0,1536.0,672.0,4133.0,0.0
0.0,10189.0,2200.0,2234.0,0.0,3181.0,3181.0,1578.0,656.0,2200.0,0.0
0.0,7989.0,0.0,2205.0,0.0,3036.0,3036.0,1578.0,627.0,0.0,0.0
0.0,7989.0,222.0,2172.0,851.0,2242.0,2242.0,1578.0,594.0,0.0,222.0
0.0,8618.0,874.0,2149.0,3181.0,0.0,0.0,1571.0,578.0,0.0,874.0
0.0,10925.0,1526.0,2124.0,3036.0,0.0,0.0,1534.0,590.0,0.0,1526.0
0.0,12435.0,1962.0,2097.0,2242.0,0.0,0.0,1469.0,628.0,0.0,1962.0
0.0,12715.0,2219.0,2052.0,0.0,0.0,0.0,1391.0,661.0,478.0,1741.0
0.0,10496.0,2876.0,2029.0,0.0,2525.0,2525.0,1351.0,678.0,2006.0,870.0
0.0,7620.0,3535.0,2054.0,0.0,6185.0,6185.0,1376.0,678.0,3535.0,0.0
0.0,4085.0,4577.0,2142.0,0.0,10710.0,10710.0,1464.0,678.0,4577.0,0.0
0.0,0.0,4098.0,2217.0,2525.0,11085.0,11085.0,1543.0,674.0,4098.0,0.0
0.0,0.0,2081.0,2241.0,6185.0,9166.0,9166.0,1583.0,658.0,2081.0,0.0
0.0,2039.0,0.0,2213.0,10710.0,0.0,0.0,1583.0,630.0,0.0,0.0
0.0,12749.0,210.0,2180.0,11085.0,0.0,0.0,1583.0,597.0,0.0,210.0
0.0,23624.0,860.0,2156.0,9166.0,0.0,0.0,1576.0,580.0,0.0,860.0
0.0,31930.0,1512.0,2132.0,0.0,0.0,0.0,1540.0,592.0,0.0,1512.0
0.0,30418.0,1948.0,2106.0,0.0,0.0,0.0,1476.0,630.0,0.0,1948.0
0.0,28470.0,2142.0,2061.0,0.0,0.0,0.0,1398.0,663.0,410.0,1732.0
0.0,26328.0,2780.0,2036.0,0.0,0.0,0.0,1356.0,680.0,1915.0,865.0
0.0,23548.0,3418.0,2059.0,0.0,0.0,0.0,1379.0,680.0,3418.0,0.0
0.0,20130.0,4518.0,2146.0,0.0,0.0,0.0,1466.0,680.0,4518.0,0.0
0.0,15612.0,4098.0,2220.0,0.0,0.0,0.0,1544.0,676.0,4098.0,0.0
0.0,11514.0,2181.0,2247.0,0.0,1902.0,1902.0,1586.0,661.0,2181.0,0.0
0.0,9333.0,0.0,2219.0,0.0,1762.0,1762.0,1586.0,633.0,0.0,0.0
0.0,9333.0,178.0,2186.0,0.0,1775.0,1775.0,1586.0,600.0,0.0,178.0
0.0,9155.0,823.0,2164.0,1902.0,586.0,586.0,1581.0,583.0,0.0,823.0
0.0,10234.0,1461.0,2140.0,1762.0,165.0,165.0,1547.0,593.0,0.0,1461.0
0.0,10535.0,1922.0,2115.0,1775.0,187.0,187.0,1485.0,630.0,0.0,1922.0
0.0,10388.0,2097.0,2071.0,586.0,1478.0,1478.0,1407.0,664.0,358.0,1739.0
0.0,8877.0,2762.0,2045.0,165.0,3945.0,3945.0,1364.0,681.0,1846.0,916.0
0.0,6280.0,3345.0,2063.0,187.0,7193.0,7193.0,1382.0,681.0,3345.0,0.0
0.0,3122.0,4477.0,2149.0,1478.0,10622.0,10622.0,1468.0,681.0,4477.0,0.0
0.0,123.0,4125.0,2226.0,3945.0,11130.0,11130.0,1548.0,678.0,4125.0,0.0
0.0,0.0,2268.0,2254.0,7193.0,6402.0,6402.0,1591.0,663.0,2268.0,0.0
0.0,4868.0,0.0,2227.0,10622.0,0.0,0.0,1591.0,636.0,0.0,0.0
0.0,15490.0,189.0,2194.0,11130.0,0.0,0.0,1591.0,603.0,0.0,189.0
0.0,26431.0,830.0,2172.0,6402.0,0.0,0.0,1586.0,586.0,0.0,830.0
0.0,32003.0,1472.0,2147.0,0.0,0.0,0.0,1551.0,596.0,0.0,1472.0
0.0,30531.0,1928.0,2121.0,0.0,0.0,0.0,1488.0,633.0,0.0,1928.0
0.0,28603.0,2162.0,2077.0,0.0,0.0,0.0,1411.0,666.0,417.0,1745.0
0.0,26441.0,2848.0,2052.0,0.0,0.0,0.0,1368.0,684.0,1924.0,924.0
0.0,23593.0,3443.0,2072.0,0.0,0.0,0.0,1388.0,684.0,3443.0,0.0
0.0,20150.0,4541.0,2160.0,0.0,0.0,0.0,1476.0,684.0,4541.0,0.0
0.0,15609.0,4141.0,2235.0,0.0,0.0,0.0,1555.0,680.0,4141.0,0.0
0.0,11468.0,2221.0,2262.0,0.0,2063.0,2063.0,1598.0,664.0,2221.0,0.0
0.0,9247.0,0.0,2234.0,0.0,1923.0,1923.0,1598.0,636.0,0.0,0.0
0.0,9247.0,244.0,2201.0,0.0,2002.0,2002.0,1598.0,603.0,0.0,244.0
0.0,9003.0,900.0,2177.0,2063.0,719.0,719.0,1590.0,587.0,0.0,900.0
0.0,10166.0,1559.0,2152.0,1923.0,230.0,230.0,1553.0,599.0,0.0,1559.0
0.0,10530.0,1974.0,2123.0,2002.0,57.0,57.0,1486.0,637.0,0.0,1974.0
0.0,10558.0,2268.0,2079.0,719.0,1386.0,1386.0,1409.0,670.0,534.0,1734.0
0.0,9009.0,2918.0,2057.0,230.0,3964.0,3964.0,1370.0,687.0,2077.0,841.0
0.0,6321.0,3627.0,2084.0,57.0,7669.0,7669.0,1397.0,687.0,3627.0,0.0
0.0,2751.0,4635.0,2173.0,1386.0,10865.0,10865.0,1486.0,687.0,4635.0,0.0
0.0,0.0,4104.0,2247.0,3964.0,11235.0,11235.0,1565.0,682.0,4104.0,0.0
0.0,0.0,2030.0,2269.0,7669.0,6344.0,6344.0,1604.0,665.0,2030.0,0.0
0.0,5001.0,0.0,2240.0,10865.0,0.0,0.0,1604.0,636.0,0.0,0.0
0.0,15866.0,276.0,2208.0,11235.0,0.0,0.0,1604.0,604.0,0.0,276.0
0.0,26825.0,939.0,2183.0,6344.0,0.0,0.0,1595.0,588.0,0.0,939.0
0.0,32230.0,1601.0,2159.0,0.0,0.0,0.0,1557.0,602.0,0.0,1601.0
0.0,30629.0,1989.0,2130.0,0.0,0.0,0.0,1489.0,641.0,0.0,1989.0
0.0,28640.0,2281.0,2085.0,0.0,0.0,0.0,1411.0,674.0,563.0,1718.0
0.0,26359.0,2881.0,2062.0,0.0,0.0,0.0,1373.0,689.0,2104.0,777.0
0.0,23478.0,3652.0,2092.0,0.0,0.0,0.0,1403.0,689.0,3652.0,0.0
0.0,19826.0,4630.0,2181.0,0.0,0.0,0.0,1492.0,689.0,4630.0,0.0
0.0,15196.0,4067.0,2256.0,0.0,151.0,151.0,1571.0,685.0,4067.0,0.0
0.0,11129.0,1957.0,2276.0,0.0,2208.0,2208.0,1608.0,668.0,1957.0,0.0
0.0,9172.0,0.0,2247.0,0.0,2063.0,2063.0,1608.0,639.0,0.0,0.0
0.0,9172.0,254.0,2214.0,151.0,2001.0,2001.0,1608.0,606.0,0.0,254.0
0.0,9069.0,911.0,2191.0,2208.0,589.0,589.0,1600.0,591.0,0.0,911.0
0.0,10366.0,1567.0,2167.0,2063.0,0.0,0.0,1563.0,604.0,0.0,1567.0
0.0,10862.0,1972.0,2140.0,2001.0,0.0,0.0,1498.0,642.0,0.0,1972.0
0.0,10891.0,2213.0,2095.0,589.0,1208.0,1208.0,1420.0,675.0,499.0,1714.0
0.0,9267.0,2825.0,2071.0,0.0,3913.0,3913.0,1381.0,690.0,2024.0,801.0
0.0,6442.0,3549.0,2097.0,0.0,7592.0,7592.0,1407.0,690.0,3549.0,0.0
0.0,2893.0,4563.0,2185.0,1208.0,10925.0,10925.0,1495.0,690.0,4563.0,0.0
0.0,0.0,4056.0,2260.0,3913.0,11300.0,11300.0,1573.0,687.0,4056.0,0.0
0.0,0.0,2027.0,2283.0,7592.0,6455.0,6455.0,1612.0,671.0,2027.0,0.0
0.0,4960.0,0.0,2255.0,10925.0,0.0,0.0,1612.0,643.0,0.0,0.0
0.0,15885.0,219.0,2222.0,11300.0,0.0,0.0,1612.0,610.0,0.0,219.0
0.0,26966.0,869.0,2199.0,6455.0,0.0,0.0,1605.0,594.0,0.0,869.0
0.0,32552.0,1522.0,2174.0,0.0,0.0,0.0,1569.0,605.0,0.0,1522.0
0.0,31030.0,1953.0,2148.0,0.0,0.0,0.0,1505.0,643.0,0.0,1953.0
0.0,29077.0,2220.0,2104.0,0.0,0.0,0.0,1428.0,676.0,487.0,1733.0
0.0,26857.0,2859.0,2080.0,0.0,0.0,0.0,1387.0,693.0,2000.0,859.0
0.0,23998.0,3524.0,2104.0,0.0,0.0,0.0,1411.0,693.0,3524.0,0.0
0.0,20474.0,4549.0,2192.0,0.0,0.0,0.0,1499.0,693.0,4549.0,0.0
0.0,15925.0,4070.0,2266.0,0.0,0.0,0.0,1577.0,689.0,4070.0,0.0
0.0,11855.0,2073.0,2290.0,0.0,1668.0,1668.0,1617.0,673.0,2073.0,0.0
0.0,9782.0,0.0,2262.0,0.0,1528.0,1528.0,1617.0,645.0,0.0,0.0
0.0,9782.0,232.0,2229.0,0.0,1595.0,1595.0,1617.0,612.0,0.0,232.0
0.0,9550.0,893.0,2205.0,1668.0,700.0,700.0,1609.0,596.0,0.0,893.0
0.0,10325.0,1551.0,2180.0,1528.0,598.0,598.0,1572.0,608.0,0.0,1551.0
0.0,10302.0,1977.0,2152.0,1595.0,840.0,840.0,1506.0,646.0,0.0,1977.0
0.0,9920.0,2341.0,2109.0,700.0,2266.0,2266.0,1430.0,679.0,596.0,1745.0
0.0,8279.0,2993.0,2087.0,598.0,4551.0,4551.0,1391.0,696.0,2138.0,855.0
0.0,5884.0,3689.0,2116.0,840.0,7545.0,7545.0,1420.0,696.0,3689.0,0.0
0.0,3035.0,4640.0,2205.0,2266.0,10364.0,10364.0,1509.0,696.0,4640.0,0.0
0.0,661.0,4063.0,2278.0,4551.0,10241.0,10241.0,1587.0,691.0,4063.0,0.0
0.0,1149.0,1932.0,2298.0,7545.0,4728.0,4728.0,1624.0,674.0,1932.0,0.0
0.0,6762.0,0.0,2268.0,10364.0,0.0,0.0,1624.0,644.0,0.0,0.0
0.0,17126.0,288.0,2235.0,10241.0,0.0,0.0,1624.0,611.0,0.0,288.0
0.0,27079.0,958.0,2210.0,4728.0,0.0,0.0,1614.0,596.0,0.0,958.0
0.0,30849.0,1629.0,2186.0,0.0,0.0,0.0,1574.0,612.0,0.0,1629.0
0.0,29220.0,2014.0,2154.0,0.0,0.0,0.0,1504.0,650.0,0.0,2014.0
0.0,27206.0,2432.0,2113.0,0.0,0.0,0.0,1429.0,684.0,704.0,1728.0
0.0,24774.0,3063.0,2093.0,0.0,0.0,0.0,1394.0,699.0,2284.0,779.0
0.0,21711.0,3859.0,2128.0,0.0,0.0,0.0,1429.0,699.0,3859.0,0.0
0.0,17852.0,4736.0,2219.0,0.0,0.0,0.0,1520.0,699.0,4736.0,0.0
0.0,13116.0,4024.0,2290.0,0.0,2358.0,2358.0,1597.0,693.0,4024.0,0.0
0.0,9092.0,1742.0,2306.0,0.0,4180.0,4180.0,1631.0,675.0,1742.0,0.0
0.0,7350.0,0.0,2275.0,0.0,4025.0,4025.0,1631.0,644.0,0.0,0.0
0.0,7350.0,310.0,2243.0,2358.0,1817.0,1817.0,1631.0,612.0,0.0,310.0
0.0,9398.0,985.0,2218.0,4180.0,0.0,0.0,1620.0,598.0,0.0,985.0
0.0,12593.0,1658.0,2195.0,4025.0,0.0,0.0,1580.0,615.0,0.0,1658.0
0.0,14960.0,2026.0,2163.0,1817.0,0.0,0.0,1509.0,654.0,0.0,2026.0
0.0,14751.0,2396.0,2120.0,0.0,0.0,0.0,1433.0,687.0,684.0,1712.0
0.0,12355.0,2976.0,2099.0,0.0,1116.0,1116.0,1398.0,701.0,2251.0,725.0
0.0,9379.0,3814.0,2135.0,0.0,5110.0,5110.0,1434.0,701.0,3814.0,0.0
0.0,5565.0,4689.0,2225.0,0.0,10249.0,10249.0,1524.0,701.0,4689.0,0.0
0.0,876.0,3995.0,2297.0,1116.0,11485.0,11485.0,1601.0,696.0,3995.0,0.0
0.0,0.0,1741.0,2313.0,5110.0,10199.0,10199.0,1635.0,678.0,1741.0,0.0
0.0,1366.0,0.0,2283.0,10249.0,0.0,0.0,1635.0,648.0,0.0,0.0
0.0,11615.0,266.0,2250.0,11485.0,0.0,0.0,1635.0,615.0,0.0,266.0
0.0,22834.0,928.0,2225.0,10199.0,0.0,0.0,1625.0,600.0,0.0,928.0
0.0,32105.0,1590.0,2201.0,0.0,0.0,0.0,1586.0,615.0,0.0,1590.0
0.0,30515.0,1990.0,2172.0,0.0,0.0,0.0,1518.0,654.0,0.0,1990.0
0.0,28525.0,2332.0,2129.0,0.0,0.0,0.0,1442.0,687.0,609.0,1723.0
0.0,26193.0,2942.0,2107.0,0.0,0.0,0.0,1405.0,702.0,2149.0,793.0
0.0,23251.0,3694.0,2139.0,0.0,0.0,0.0,1437.0,702.0,3694.0,0.0
0.0,19557.0,4622.0,2228.0,0.0,0.0,0.0,1526.0,702.0,4622.0,0.0
0.0,14935.0,4012.0,2301.0,0.0,582.0,582.0,1603.0,698.0,4012.0,0.0
0.0,10923.0,1858.0,2320.0,0.0,2535.0,2535.0,1639.0,681.0,1858.0,0.0
0.0,9065.0,0.0,2291.0,0.0,2390.0,2390.0,1639.0,652.0,0.0,0.0
0.0,9065.0,248.0,2258.0,582.0,1891.0,1891.0,1639.0,619.0,0.0,248.0
0.0,9399.0,908.0,2233.0,2535.0,139.0,139.0,1630.0,603.0,0.0,908.0
0.0,11026.0,1572.0,2208.0,2390.0,0.0,0.0,1591.0,617.0,0.0,1572.0
0.0,11844.0,1984.0,2178.0,1891.0,0.0,0.0,1523.0,655.0,0.0,1984.0
0.0,11751.0,2355.0,2137.0,139.0,1150.0,1150.0,1448.0,689.0,618.0,1737.0
0.0,9535.0,2989.0,2115.0,0.0,4029.0,4029.0,1411.0,704.0,2162.0,827.0
0.0,6546.0,3718.0,2147.0,0.0,7907.0,7907.0,1443.0,704.0,3718.0,0.0
0.0,2828.0,4653.0,2236.0,1150.0,11180.0,11180.0,1532.0,704.0,4653.0,0.0
0.0,0.0,4048.0,2310.0,4029.0,11550.0,11550.0,1610.0,700.0,4048.0,0.0
0.0,0.0,1887.0,2329.0,7907.0,6319.0,6319.0,1646.0,683.0,1887.0,0.0
0.0,5326.0,0.0,2299.0,11180.0,0.0,0.0,1646.0,653.0,0.0,0.0
0.0,16506.0,285.0,2266.0,11550.0,0.0,0.0,1646.0,620.0,0.0,285.0
0.0,27771.0,961.0,2240.0,6319.0,0.0,0.0,1635.0,605.0,0.0,961.0
0.0,33129.0,1632.0,2214.0,0.0,0.0,0.0,1594.0,620.0,0.0,1632.0
0.0,31497.0,2021.0,2182.0,0.0,0.0,0.0,1523.0,659.0,0.0,2021.0
0.0,29476.0,2449.0,2140.0,0.0,0.0,0.0,1447.0,693.0,715.0,1734.0
0.0,27027.0,3073.0,2121.0,0.0,0.0,0.0,1413.0,708.0,2294.0,779.0
0.0,23954.0,3881.0,2159.0,0.0,0.0,0.0,1451.0,708.0,3881.0,0.0
0.0,20073.0,4754.0,2250.0,0.0,0.0,0.0,1542.0,708.0,4754.0,0.0
0.0,15319.0,4052.0,2322.0,0.0,343.0,343.0,1620.0,702.0,4052.0,0.0
0.0,11267.0,1757.0,2338.0,0.0,2180.0,2180.0,1654.0,684.0,1757.0,0.0
0.0,9510.0,0.0,2306.0,0.0,2020.0,2020.0,1654.0,652.0,0.0,0.0
0.0,9510.0,334.0,2274.0,343.0,1851.0,1851.0,1654.0,620.0,0.0,334.0
0.0,9519.0,1017.0,2246.0,2180.0,548.0,548.0,1640.0,606.0,0.0,1017.0
0.0,10682.0,1701.0,2220.0,2020.0,99.0,99.0,1596.0,624.0,0.0,1701.0
0.0,11001.0,2050.0,2185.0,1851.0,123.0,123.0,1522.0,663.0,0.0,2050.0
0.0,10802.0,2490.0,2142.0,548.0,1850.0,1850.0,1446.0,696.0,770.0,1720.0
0.0,8860.0,3074.0,2124.0,99.0,4735.0,4735.0,1414.0,710.0,2366.0,708.0
0.0,5885.0,3970.0,2167.0,123.0,8797.0,8797.0,1457.0,710.0,3970.0,0.0
0.0,2038.0,4801.0,2259.0,1850.0,11295.0,11295.0,1549.0,710.0,4801.0,0.0
0.0,0.0,4036.0,2331.0,4735.0,11655.0,11655.0,1627.0,704.0,4036.0,0.0
0.0,0.0,1660.0,2344.0,8797.0,4797.0,4797.0,1659.0,685.0,1660.0,0.0
0.0,6923.0,0.0,2312.0,11295.0,0.0,0.0,1659.0,653.0,0.0,0.0
0.0,18218.0,339.0,2280.0,11655.0,0.0,0.0,1659.0,621.0,0.0,339.0
0.0,29534.0,1021.0,2254.0,4797.0,0.0,0.0,1646.0,608.0,0.0,1021.0
0.0,33310.0,1702.0,2228.0,0.0,0.0,0.0,1602.0,626.0,0.0,1702.0
0.0,31608.0,2044.0,2195.0,0.0,0.0,0.0,1529.0,666.0,0.0,2044.0
0.0,29564.0,2434.0,2152.0,0.0,0.0,0.0,1453.0,699.0,725.0,1709.0
0.0,27130.0,3000.0,2132.0,0.0,0.0,0.0,1420.0,712.0,2314.0,686.0
0.0,24130.0,3889.0,2174.0,0.0,0.0,0.0,1462.0,712.0,3889.0,0.0
0.0,20241.0,4740.0,2265.0,0.0,0.0,0.0,1553.0,712.0,4740.0,0.0
0.0,15501.0,4009.0,2337.0,0.0,193.0,193.0,1630.0,707.0,4009.0,0.0
0.0,11492.0,1702.0,2352.0,0.0,1970.0,1970.0,1663.0,689.0,1702.0,0.0
0.0,9790.0,0.0,2321.0,0.0,1815.0,1815.0,1663.0,658.0,0.0,0.0
0.0,9790.0,300.0,2289.0,193.0,1762.0,1762.0,1663.0,626.0,0.0,300.0
0.0,9683.0,972.0,2262.0,1970.0,629.0,629.0,1651.0,611.0,0.0,972.0
0.0,10681.0,1648.0,2238.0,1815.0,342.0,342.0,1610.0,628.0,0.0,1648.0
0.0,10848.0,2018.0,2205.0,1762.0,433.0,433.0,1539.0,666.0,0.0,2018.0
0.0,10592.0,2379.0,2162.0,629.0,1968.0,1968.0,1463.0,699.0,663.0,1716.0
0.0,8842.0,2965.0,2142.0,342.0,4491.0,4491.0,1428.0,714.0,2227.0,738.0
0.0,6219.0,3796.0,2180.0,433.0,8044.0,8044.0,1466.0,714.0,3796.0,0.0
0.0,2856.0,4695.0,2270.0,1968.0,11221.0,11221.0,1556.0,714.0,4695.0,0.0
0.0,129.0,4029.0,2342.0,4491.0,11119.0,11119.0,1633.0,709.0,4029.0,0.0
0.0,591.0,1806.0,2359.0,8044.0,4966.0,4966.0,1668.0,691.0,1806.0,0.0
0.0,6829.0,0.0,2329.0,11221.0,0.0,0.0,1668.0,661.0,0.0,0.0
0.0,18050.0,295.0,2297.0,11119.0,0.0,0.0,1668.0,629.0,0.0,295.0
0.0,28874.0,970.0,2270.0,4966.0,0.0,0.0,1656.0,614.0,0.0,970.0
0.0,32870.0,1641.0,2245.0,0.0,0.0,0.0,1615.0,630.0,0.0,1641.0
0.0,31229.0,2020.0,2211.0,0.0,0.0,0.0,1543.0,668.0,0.0,2020.0
0.0,29209.0,2420.0,2169.0,0.0,0.0,0.0,1467.0,702.0,697.0,1723.0
0.0,26789.0,3026.0,2149.0,0.0,0.0,0.0,1433.0,716.0,2270.0,756.0
0.0,23763.0,3856.0,2187.0,0.0,0.0,0.0,1471.0,716.0,3856.0,0.0
0.0,19907.0,4740.0,2278.0,0.0,0.0,0.0,1562.0,716.0,4740.0,0.0
0.0,15167.0,4052.0,2351.0,0.0,640.0,640.0,1640.0,711.0,4052.0,0.0
0.0,11115.0,1789.0,2366.0,0.0,2504.0,2504.0,1674.0,692.0,1789.0,0.0
0.0,9326.0,0.0,2335.0,0.0,2349.0,2349.0,1674.0,661.0,0.0,0.0
0.0,9326.0,345.0,2303.0,640.0,1894.0,1894.0,1674.0,629.0,0.0,345.0
0.0,9621.0,1035.0,2275.0,2504.0,285.0,285.0,1660.0,615.0,0.0,1035.0
0.0,11090.0,1723.0,2249.0,2349.0,0.0,0.0,1616.0,633.0,0.0,1723.0
0.0,11716.0,2066.0,2215.0,1894.0,0.0,0.0,1542.0,673.0,0.0,2066.0
0.0,11544.0,2551.0,2172.0,285.0,1582.0,1582.0,1466.0,706.0,832.0,1719.0
0.0,9278.0,3132.0,2154.0,0.0,4624.0,4624.0,1435.0,719.0,2445.0,687.0
0.0,6146.0,4065.0,2199.0,0.0,8914.0,8914.0,1480.0,719.0,4065.0,0.0
0.0,2081.0,4847.0,2292.0,1582.0,11460.0,11460.0,1573.0,719.0,4847.0,0.0
0.0,0.0,4025.0,2363.0,4624.0,11815.0,11815.0,1650.0,713.0,4025.0,0.0
0.0,0.0,1579.0,2374.0,8914.0,5120.0,5120.0,1681.0,693.0,1579.0,0.0
0.0,6750.0,0.0,2342.0,11460.0,0.0,0.0,1681.0,661.0,0.0,0.0
0.0,18210.0,383.0,2310.0,11815.0,0.0,0.0,1681.0,629.0,0.0,383.0
0.0,29642.0,1078.0,2282.0,5120.0,0.0,0.0,1666.0,616.0,0.0,1078.0
0.0,33684.0,1772.0,2257.0,0.0,0.0,0.0,1620.0,637.0,0.0,1772.0
0.0,31912.0,2084.0,2221.0,0.0,0.0,0.0,1544.0,677.0,0.0,2084.0
0.0,29828.0,2565.0,2177.0,0.0,0.0,0.0,1468.0,709.0,864.0,1701.0
0.0,27263.0,3114.0,2160.0,0.0,0.0,0.0,1438.0,722.0,2485.0,629.0
0.0,24149.0,4108.0,2208.0,0.0,0.0,0.0,1486.0,722.0,4108.0,0.0
0.0,20041.0,4862.0,2301.0,0.0,0.0,0.0,1579.0,722.0,4862.0,0.0
0.0,15179.0,4002.0,2371.0,0.0,678.0,678.0,1656.0,715.0,4002.0,0.0
0.0,11177.0,1508.0,2380.0,0.0,2231.0,2231.0,1685.0,695.0,1508.0,0.0
0.0,9669.0,0.0,2348.0,0.0,2071.0,2071.0,1685.0,663.0,0.0,0.0
0.0,9669.0,373.0,2316.0,678.0,1606.0,1606.0,1685.0,631.0,0.0,373.0
0.0,9974.0,1064.0,2289.0,2231.0,304.0,304.0,1671.0,618.0,0.0,1064.0
0.0,11141.0,1751.0,2266.0,2071.0,0.0,0.0,1627.0,639.0,0.0,1751.0
0.0,11461.0,2067.0,2230.0,1606.0,150.0,150.0,1552.0,678.0,0.0,2067.0
0.0,11000.0,2488.0,2187.0,304.0,2119.0,2119.0,1476.0,711.0,795.0,1693.0
0.0,8816.0,3018.0,2168.0,0.0,5042.0,5042.0,1445.0,723.0,2392.0,626.0
0.0,5798.0,3997.0,2212.0,150.0,9109.0,9109.0,1489.0,723.0,3997.0,0.0
0.0,1951.0,4799.0,2304.0,2119.0,11520.0,11520.0,1581.0,723.0,4799.0,0.0
0.0,0.0,4006.0,2375.0,5042.0,11568.0,11568.0,1658.0,717.0,4006.0,0.0
0.0,307.0,1600.0,2387.0,9109.0,4119.0,4119.0,1689.0,698.0,1600.0,0.0
0.0,7816.0,0.0,2356.0,11520.0,0.0,0.0,1689.0,667.0,0.0,0.0
0.0,19336.0,342.0,2324.0,11568.0,0.0,0.0,1689.0,635.0,0.0,342.0
0.0,30562.0,1022.0,2297.0,4119.0,0.0,0.0,1676.0,621.0,0.0,1022.0
0.0,33659.0,1701.0,2273.0,0.0,0.0,0.0,1633.0,640.0,0.0,1701.0
0.0,31958.0,2045.0,2239.0,0.0,0.0,0.0,1560.0,679.0,0.0,2045.0
0.0,29913.0,2439.0,2196.0,0.0,0.0,0.0,1484.0,712.0,735.0,1704.0
0.0,27474.0,3004.0,2176.0,0.0,0.0,0.0,1451.0,725.0,2321.0,683.0
0.0,24470.0,3910.0,2217.0,0.0,0.0,0.0,1492.0,725.0,3910.0,0.0
0.0,20560.0,4764.0,2309.0,0.0,0.0,0.0,1584.0,725.0,4764.0,0.0
0.0,15796.0,4038.0,2380.0,0.0,142.0,142.0,1661.0,719.0,4038.0,0.0
0.0,11758.0,1721.0,2395.0,0.0,1938.0,1938.0,1694.0,701.0,1721.0,0.0
0.0,10037.0,0.0,2363.0,0.0,1778.0,1778.0,1694.0,669.0,0.0,0.0
0.0,10037.0,348.0,2331.0,142.0,1824.0,1824.0,1694.0,637.0,0.0,348.0
0.0,9831.0,1032.0,2305.0,1938.0,788.0,788.0,1681.0,624.0,0.0,1032.0
0.0,10737.0,1723.0,2279.0,1778.0,603.0,603.0,1637.0,642.0,0.0,1723.0
0.0,10792.0,2061.0,2245.0,1824.0,670.0,670.0,1563.0,682.0,0.0,2061.0
0.0,10555.0,2526.0,2202.0,788.0,2193.0,2193.0,1487.0,715.0,808.0,1718.0
0.0,8817.0,3109.0,2184.0,603.0,4609.0,4609.0,1456.0,728.0,2424.0,685.0
0.0,6311.0,4039.0,2227.0,670.0,8193.0,8193.0,1499.0,728.0,4039.0,0.0
0.0,2942.0,4854.0,2321.0,2193.0,11324.0,11324.0,1593.0,728.0,4854.0,0.0
0.0,281.0,4050.0,2392.0,4609.0,11120.0,11120.0,1671.0,721.0,4050.0,0.0
0.0,840.0,1632.0,2404.0,8193.0,4619.0,4619.0,1702.0,702.0,1632.0,0.0
0.0,7401.0,0.0,2370.0,11324.0,0.0,0.0,1702.0,668.0,0.0,0.0
0.0,18725.0,396.0,2338.0,11120.0,0.0,0.0,1702.0,636.0,0.0,396.0
0.0,29449.0,1098.0,2310.0,4619.0,0.0,0.0,1686.0,624.0,0.0,1098.0
0.0,32970.0,1799.0,2285.0,0.0,0.0,0.0,1639.0,646.0,0.0,1799.0
0.0,31171.0,2104.0,2247.0,0.0,0.0,0.0,1561.0,686.0,0.0,2104.0
0.0,29067.0,2611.0,2204.0,0.0,0.0,0.0,1485.0,719.0,903.0,1708.0
0.0,26456.0,3161.0,2188.0,0.0,0.0,0.0,1457.0,731.0,2547.0,614.0
0.0,23295.0,4195.0,2238.0,0.0,0.0,0.0,1507.0,731.0,4195.0,0.0
0.0,19100.0,4936.0,2333.0,0.0,0.0,0.0,1602.0,731.0,4936.0,0.0
0.0,14164.0,4033.0,2402.0,0.0,1879.0,1879.0,1679.0,723.0,4033.0,0.0
0.0,10131.0,1485.0,2411.0,0.0,3409.0,3409.0,1708.0,703.0,1485.0,0.0
0.0,8646.0,0.0,2377.0,0.0,3239.0,3239.0,1708.0,669.0,0.0,0.0
0.0,8646.0,427.0,2345.0,1879.0,1627.0,1627.0,1708.0,637.0,0.0,427.0
0.0,10098.0,1132.0,2317.0,3409.0,0.0,0.0,1691.0,626.0,0.0,1132.0
0.0,12375.0,1837.0,2293.0,3239.0,0.0,0.0,1644.0,649.0,0.0,1837.0
0.0,13777.0,2114.0,2255.0,1627.0,0.0,0.0,1565.0,690.0,0.0,2114.0
0.0,13290.0,2601.0,2211.0,0.0,366.0,366.0,1489.0,722.0,914.0,1687.0
0.0,10689.0,3118.0,2194.0,0.0,3399.0,3399.0,1461.0,733.0,2560.0,558.0
0.0,7571.0,4202.0,2246.0,0.0,7861.0,7861.0,1513.0,733.0,4202.0,0.0
0.0,3369.0,4932.0,2341.0,366.0,11705.0,11705.0,1608.0,733.0,4932.0,0.0
0.0,0.0,4003.0,2411.0,3399.0,12055.0,12055.0,1685.0,726.0,4003.0,0.0
0.0,0.0,1432.0,2417.0,7861.0,7457.0,7457.0,1712.0,705.0,1432.0,0.0
0.0,4628.0,0.0,2384.0,11705.0,0.0,0.0,1712.0,672.0,0.0,0.0
0.0,16333.0,404.0,2352.0,12055.0,0.0,0.0,1712.0,640.0,0.0,404.0
0.0,27984.0,1101.0,2325.0,7457.0,0.0,0.0,1697.0,628.0,0.0,1101.0
0.0,34340.0,1797.0,2302.0,0.0,0.0,0.0,1651.0,651.0,0.0,1797.0
0.0,32543.0,2090.0,2265.0,0.0,0.0,0.0,1574.0,691.0,0.0,2090.0
0.0,30453.0,2518.0,2221.0,0.0,0.0,0.0,1498.0,723.0,830.0,1688.0
0.0,27935.0,3037.0,2203.0,0.0,0.0,0.0,1468.0,735.0,2453.0,584.0
0.0,24898.0,4069.0,2250.0,0.0,0.0,0.0,1515.0,735.0,4069.0,0.0
0.0,20829.0,4855.0,2344.0,0.0,0.0,0.0,1609.0,735.0,4855.0,0.0
0.0,15974.0,4019.0,2414.0,0.0,115.0,115.0,1686.0,728.0,4019.0,0.0
0.0,11955.0,1565.0,2424.0,0.0,1730.0,1730.0,1716.0,708.0,1565.0,0.0
0.0,10390.0,0.0,2392.0,0.0,1570.0,1570.0,1716.0,676.0,0.0,0.0
0.0,10390.0,376.0,2360.0,115.0,1671.0,1671.0,1716.0,644.0,0.0,376.0
0.0,10129.0,1066.0,2333.0,1730.0,872.0,872.0,1702.0,631.0,0.0,1066.0
0.0,10793.0,1757.0,2309.0,1570.0,939.0,939.0,1657.0,652.0,0.0,1757.0
0.0,10606.0,2078.0,2274.0,1671.0,1171.0,1171.0,1582.0,692.0,0.0,2078.0
0.0,10199.0,2524.0,2231.0,872.0,2608.0,2608.0,1506.0,725.0,819.0,1705.0
0.0,8547.0,3074.0,2212.0,939.0,4648.0,4648.0,1475.0,737.0,2434.0,640.0
0.0,6412.0,4049.0,2257.0,1171.0,7751.0,7751.0,1520.0,737.0,4049.0,0.0
0.0,3534.0,4854.0,2350.0,2608.0,10462.0,10462.0,1613.0,737.0,4854.0,0.0
0.0,1288.0,4040.0,2421.0,4648.0,10209.0,10209.0,1691.0,730.0,4040.0,0.0
0.0,1896.0,1619.0,2433.0,7751.0,4137.0,4137.0,1722.0,711.0,1619.0,0.0
0.0,8028.0,0.0,2399.0,10462.0,0.0,0.0,1722.0,677.0,0.0,0.0
0.0,18490.0,390.0,2367.0,10209.0,0.0,0.0,1722.0,645.0,0.0,390.0
0.0,28309.0,1087.0,2340.0,4137.0,0.0,0.0,1707.0,633.0,0.0,1087.0
0.0,31359.0,1790.0,2314.0,0.0,0.0,0.0,1660.0,654.0,0.0,1790.0
0.0,29569.0,2104.0,2277.0,0.0,0.0,0.0,1582.0,695.0,0.0,2104.0
0.0,27465.0,2631.0,2235.0,0.0,0.0,0.0,1507.0,728.0,910.0,1721.0
0.0,24834.0,3191.0,2218.0,0.0,0.0,0.0,1478.0,740.0,2555.0,636.0
0.0,21643.0,4208.0,2267.0,0.0,0.0,0.0,1527.0,740.0,4208.0,0.0
0.0,17435.0,4949.0,2362.0,0.0,0.0,0.0,1622.0,740.0,4949.0,0.0
0.0,12486.0,4046.0,2433.0,0.0,3725.0,3725.0,1700.0,733.0,4046.0,0.0
0.0,8440.0,1501.0,2440.0,0.0,5261.0,5261.0,1729.0,711.0,1501.0,0.0
0.0,6939.0,0.0,2406.0,0.0,5091.0,5091.0,1729.0,677.0,0.0,0.0
0.0,6939.0,433.0,2374.0,3725.0,1639.0,1639.0,1729.0,645.0,0.0,433.0
0.0,10231.0,1150.0,2346.0,5261.0,0.0,0.0,1712.0,634.0,0.0,1150.0
0.0,14342.0,1865.0,2321.0,5091.0,0.0,0.0,1663.0,658.0,0.0,1865.0
0.0,17568.0,2148.0,2281.0,1639.0,0.0,0.0,1582.0,699.0,0.0,2148.0
0.0,17059.0,2722.0,2239.0,0.0,0.0,0.0,1507.0,732.0,1008.0,1714.0
0.0,14337.0,3240.0,2224.0,0.0,23.0,23.0,1481.0,743.0,2676.0,564.0
0.0,11097.0,4351.0,2279.0,0.0,4649.0,4649.0,1536.0,743.0,4351.0,0.0
0.0,6746.0,5013.0,2375.0,0.0,10142.0,10142.0,1632.0,743.0,5013.0,0.0
0.0,1733.0,4014.0,2444.0,23.0,12220.0,12220.0,1709.0,735.0,4014.0,0.0
0.0,0.0,1332.0,2448.0,4649.0,11181.0,11181.0,1735.0,713.0,1332.0,0.0
0.0,1059.0,0.0,2413.0,10142.0,864.0,864.0,1735.0,678.0,0.0,0.0
0.0,11201.0,443.0,2381.0,12220.0,0.0,0.0,1735.0,646.0,0.0,443.0
0.0,22978.0,1156.0,2352.0,11181.0,0.0,0.0,1717.0,635.0,0.0,1156.0
0.0,33003.0,1868.0,2329.0,864.0,0.0,0.0,1668.0,661.0,0.0,1868.0
0.0,31999.0,2139.0,2289.0,0.0,0.0,0.0,1587.0,702.0,0.0,2139.0
0.0,29860.0,2672.0,2245.0,0.0,0.0,0.0,1511.0,734.0,977.0,1695.0
0.0,27188.0,3173.0,2230.0,0.0,0.0,0.0,1485.0,745.0,2632.0,541.0
0.0,24015.0,4297.0,2285.0,0.0,0.0,0.0,1540.0,745.0,4297.0,0.0
0.0,19718.0,4977.0,2381.0,0.0,0.0,0.0,1636.0,745.0,4977.0,0.0
0.0,14741.0,4004.0,2450.0,0.0,1513.0,1513.0,1713.0,737.0,4004.0,0.0
0.0,10737.0,1365.0,2455.0,0.0,2903.0,2903.0,1739.0,716.0,1365.0,0.0
0.0,9372.0,0.0,2420.0,0.0,2728.0,2728.0,1739.0,681.0,0.0,0.0
0.0,9372.0,420.0,2388.0,1513.0,1475.0,1475.0,1739.0,649.0,0.0,420.0
0.0,10465.0,1125.0,2361.0,2903.0,0.0,0.0,1723.0,638.0,0.0,1125.0
0.0,12243.0,1829.0,2338.0,2728.0,0.0,0.0,1676.0,662.0,0.0,1829.0
0.0,13142.0,2111.0,2300.0,1475.0,0.0,0.0,1597.0,703.0,0.0,2111.0
0.0,12506.0,2574.0,2256.0,0.0,1348.0,1348.0,1521.0,735.0,881.0,1693.0
0.0,9932.0,3088.0,2238.0,0.0,4346.0,4346.0,1492.0,746.0,2523.0,565.0
0.0,6844.0,4161.0,2288.0,0.0,8757.0,8757.0,1542.0,746.0,4161.0,0.0
0.0,2683.0,4925.0,2383.0,1348.0,11915.0,11915.0,1637.0,746.0,4925.0,0.0
0.0,0.0,4034.0,2453.0,4346.0,12265.0,12265.0,1714.0,739.0,4034.0,0.0
0.0,0.0,1507.0,2462.0,8757.0,5642.0,5642.0,1743.0,719.0,1507.0,0.0
0.0,6668.0,0.0,2428.0,11915.0,0.0,0.0,1743.0,685.0,0.0,0.0
0.0,18583.0,409.0,2396.0,12265.0,0.0,0.0,1743.0,653.0,0.0,409.0
0.0,30439.0,1110.0,2369.0,5642.0,0.0,0.0,1728.0,641.0,0.0,1110.0
0.0,34971.0,1812.0,2345.0,0.0,0.0,0.0,1681.0,664.0,0.0,1812.0
0.0,33159.0,2110.0,2307.0,0.0,0.0,0.0,1603.0,704.0,0.0,2110.0
0.0,31049.0,2585.0,2264.0,0.0,0.0,0.0,1527.0,737.0,881.0,1704.0
0.0,28464.0,3122.0,2247.0,0.0,0.0,0.0,1498.0,749.0,2525.0,597.0
0.0,25342.0,4179.0,2296.0,0.0,0.0,0.0,1547.0,749.0,4179.0,0.0
0.0,21163.0,4944.0,2391.0,0.0,0.0,0.0,1642.0,749.0,4944.0,0.0
0.0,16219.0,4075.0,2461.0,0.0,161.0,161.0,1720.0,741.0,4075.0,0.0
0.0,12144.0,1553.0,2470.0,0.0,1759.0,1759.0,1750.0,720.0,1553.0,0.0
0.0,10591.0,0.0,2436.0,0.0,1589.0,1589.0,1750.0,686.0,0.0,0.0
0.0,10591.0,445.0,2404.0,161.0,1713.0,1713.0,1750.0,654.0,0.0,445.0
0.0,10307.0,1157.0,2376.0,1759.0,971.0,971.0,1733.0,643.0,0.0,1157.0
0.0,10909.0,1878.0,2350.0,1589.0,1130.0,1130.0,1683.0,667.0,0.0,1878.0
0.0,10620.0,2150.0,2310.0,1713.0,1367.0,1367.0,1602.0,708.0,0.0,2150.0
0.0,10183.0,2707.0,2267.0,971.0,2888.0,2888.0,1526.0,741.0,996.0,1711.0
0.0,8447.0,3237.0,2252.0,1130.0,4920.0,4920.0,1500.0,752.0,2683.0,554.0
0.0,6340.0,4362.0,2307.0,1367.0,8190.0,8190.0,1555.0,752.0,4362.0,0.0
0.0,3345.0,5061.0,2405.0,2888.0,10853.0,10853.0,1653.0,752.0,5061.0,0.0
0.0,1172.0,4059.0,2475.0,4920.0,10342.0,10342.0,1731.0,744.0,4059.0,0.0
0.0,2033.0,1387.0,2478.0,8190.0,3554.0,3554.0,1757.0,721.0,1387.0,0.0
0.0,8836.0,0.0,2443.0,10853.0,0.0,0.0,1757.0,686.0,0.0,0.0
0.0,19689.0,477.0,2410.0,10342.0,0.0,0.0,1757.0,653.0,0.0,477.0
0.0,29554.0,1206.0,2382.0,3554.0,0.0,0.0,1738.0,644.0,0.0,1206.0
0.0,31902.0,1930.0,2356.0,0.0,0.0,0.0,1686.0,670.0,0.0,1930.0
0.0,29972.0,2177.0,2315.0,0.0,0.0,0.0,1603.0,712.0,0.0,2177.0
0.0,27795.0,2717.0,2270.0,0.0,0.0,0.0,1526.0,744.0,1023.0,1694.0
0.0,25078.0,3213.0,2255.0,0.0,0.0,0.0,1501.0,754.0,2721.0,492.0
0.0,21865.0,4422.0,2315.0,0.0,0.0,0.0,1561.0,754.0,4422.0,0.0
0.0,17443.0,5094.0,2413.0,0.0,0.0,0.0,1659.0,754.0,5094.0,0.0
0.0,12349.0,4074.0,2482.0,0.0,4135.0,4135.0,1737.0,745.0,4074.0,0.0
0.0,8275.0,1349.0,2486.0,0.0,5504.0,5504.0,1763.0,723.0,1349.0,0.0
0.0,6926.0,0.0,2450.0,0.0,5324.0,5324.0,1763.0,687.0,0.0,0.0
0.0,6926.0,493.0,2418.0,4135.0,1522.0,1522.0,1763.0,655.0,0.0,493.0
0.0,10568.0,1216.0,2390.0,5504.0,0.0,0.0,1744.0,646.0,0.0,1216.0
0.0,14856.0,1938.0,2367.0,5324.0,0.0,0.0,1694.0,673.0,0.0,1938.0
0.0,18242.0,2166.0,2326.0,1522.0,0.0,0.0,1611.0,715.0,0.0,2166.0
0.0,17598.0,2619.0,2280.0,0.0,0.0,0.0,1533.0,747.0,950.0,1669.0
0.0,14979.0,3081.0,2263.0,0.0,0.0,0.0,1507.0,756.0,2628.0,453.0
0.0,11898.0,4300.0,2319.0,0.0,3997.0,3997.0,1563.0,756.0,4300.0,0.0
0.0,7598.0,5033.0,2416.0,0.0,9515.0,9515.0,1660.0,756.0,5033.0,0.0
0.0,2565.0,4074.0,2487.0,0.0,12435.0,12435.0,1739.0,748.0,4074.0,0.0
0.0,0.0,1448.0,2492.0,3997.0,11420.0,11420.0,1766.0,726.0,1448.0,0.0
0.0,1040.0,0.0,2457.0,9515.0,1730.0,1730.0,1766.0,691.0,0.0,0.0
0.0,10555.0,465.0,2425.0,12435.0,0.0,0.0,1766.0,659.0,0.0,465.0
0.0,22525.0,1177.0,2398.0,11420.0,0.0,0.0,1749.0,649.0,0.0,1177.0
0.0,32768.0,1889.0,2376.0,1730.0,0.0,0.0,1701.0,675.0,0.0,1889.0
0.0,32609.0,2136.0,2337.0,0.0,0.0,0.0,1621.0,716.0,0.0,2136.0
0.0,30473.0,2548.0,2291.0,0.0,0.0,0.0,1543.0,748.0,874.0,1674.0
0.0,27925.0,3038.0,2271.0,0.0,0.0,0.0,1514.0,757.0,2541.0,497.0
0.0,24887.0,4197.0,2323.0,0.0,0.0,0.0,1566.0,757.0,4197.0,0.0
0.0,20690.0,4987.0,2419.0,0.0,0.0,0.0,1662.0,757.0,4987.0,0.0
0.0,15703.0,4109.0,2491.0,0.0,861.0,861.0,1741.0,750.0,4109.0,0.0
0.0,11594.0,1578.0,2499.0,0.0,2479.0,2479.0,1771.0,728.0,1578.0,0.0
0.0,10016.0,0.0,2464.0,0.0,2304.0,2304.0,1771.0,693.0,0.0,0.0
0.0,10016.0,467.0,2433.0,861.0,1755.0,1755.0,1771.0,662.0,0.0,467.0
0.0,10410.0,1179.0,2406.0,2479.0,320.0,320.0,1754.0,652.0,0.0,1179.0
0.0,11710.0,1895.0,2383.0,2304.0,0.0,0.0,1706.0,677.0,0.0,1895.0
0.0,12119.0,2149.0,2343.0,1755.0,0.0,0.0,1625.0,718.0,0.0,2149.0
0.0,11725.0,2614.0,2298.0,320.0,2059.0,2059.0,1548.0,750.0,926.0,1688.0
0.0,9431.0,3115.0,2280.0,0.0,5084.0,5084.0,1520.0,760.0,2603.0,512.0
0.0,6316.0,4290.0,2332.0,0.0,9634.0,9634.0,1572.0,760.0,4290.0,0.0
0.0,2026.0,5043.0,2429.0,2059.0,12145.0,12145.0,1669.0,760.0,5043.0,0.0
0.0,0.0,4133.0,2501.0,5084.0,12505.0,12505.0,1749.0,752.0,4133.0,0.0
0.0,0.0,1530.0,2507.0,9634.0,4438.0,4438.0,1778.0,729.0,1530.0,0.0
0.0,8097.0,0.0,2471.0,12145.0,0.0,0.0,1778.0,693.0,0.0,0.0
0.0,20242.0,506.0,2440.0,12505.0,0.0,0.0,1778.0,662.0,0.0,506.0
0.0,32241.0,1234.0,2412.0,4438.0,0.0,0.0,1759.0,653.0,0.0,1234.0
0.0,35445.0,1969.0,2388.0,0.0,0.0,0.0,1708.0,680.0,0.0,1969.0
0.0,33476.0,2192.0,2346.0,0.0,0.0,0.0,1624.0,722.0,0.0,2192.0
0.0,31284.0,2713.0,2300.0,0.0,0.0,0.0,1546.0,754.0,1025.0,1688.0
0.0,28571.0,3191.0,2284.0,0.0,0.0,0.0,1521.0,763.0,2739.0,452.0
0.0,25380.0,4449.0,2343.0,0.0,0.0,0.0,1580.0,763.0,4449.0,0.0
0.0,20931.0,5141.0,2441.0,0.0,0.0,0.0,1678.0,763.0,5141.0,0.0
0.0,15790.0,4119.0,2512.0,0.0,889.0,889.0,1758.0,754.0,4119.0,0.0
0.0,11671.0,1397.0,2516.0,0.0,2306.0,2306.0,1785.0,731.0,1397.0,0.0
0.0,10274.0,0.0,2479.0,0.0,2121.0,2121.0,1785.0,694.0,0.0,0.0
0.0,10274.0,537.0,2447.0,889.0,1609.0,1609.0,1785.0,662.0,0.0,537.0
0.0,10626.0,1279.0,2419.0,2306.0,442.0,442.0,1765.0,654.0,0.0,1279.0
0.0,11653.0,2017.0,2396.0,2121.0,223.0,223.0,1713.0,683.0,0.0,2017.0
0.0,11757.0,2217.0,2354.0,1609.0,621.0,621.0,1628.0,726.0,0.0,2217.0
0.0,11149.0,2739.0,2308.0,442.0,2688.0,2688.0,1550.0,758.0,1065.0,1674.0
0.0,8852.0,3173.0,2291.0,223.0,5553.0,5553.0,1525.0,766.0,2781.0,392.0
0.0,5902.0,4500.0,2352.0,621.0,9737.0,9737.0,1586.0,766.0,4500.0,0.0
0.0,2023.0,5147.0,2451.0,2688.0,12255.0,12255.0,1685.0,766.0,5147.0,0.0
0.0,0.0,4086.0,2519.0,5553.0,11564.0,11564.0,1763.0,756.0,4086.0,0.0
0.0,1031.0,1300.0,2521.0,9737.0,3137.0,3137.0,1788.0,733.0,1300.0,0.0
0.0,9468.0,0.0,2484.0,12255.0,0.0,0.0,1788.0,696.0,0.0,0.0
0.0,21723.0,521.0,2452.0,11564.0,0.0,0.0,1788.0,664.0,0.0,521.0
0.0,32766.0,1251.0,2426.0,3137.0,0.0,0.0,1770.0,656.0,0.0,1251.0
0.0,34652.0,1980.0,2405.0,0.0,0.0,0.0,1720.0,685.0,0.0,1980.0
0.0,32672.0,2187.0,2364.0,0.0,0.0,0.0,1637.0,727.0,0.0,2187.0
0.0,30485.0,2657.0,2318.0,0.0,0.0,0.0,1559.0,759.0,993.0,1664.0
0.0,27828.0,3095.0,2299.0,0.0,0.0,0.0,1532.0,767.0,2682.0,413.0
0.0,24733.0,4380.0,2356.0,0.0,0.0,0.0,1589.0,767.0,4380.0,0.0
0.0,20353.0,5079.0,2453.0,0.0,0.0,0.0,1686.0,767.0,5079.0,0.0
0.0,15274.0,4090.0,2523.0,0.0,1431.0,1431.0,1765.0,758.0,4090.0,0.0
0.0,11184.0,1395.0,2528.0,0.0,2851.0,2851.0,1792.0,736.0,1395.0,0.0
0.0,9789.0,0.0,2491.0,0.0,2666.0,2666.0,1792.0,699.0,0.0,0.0
0.0,9789.0,492.0,2460.0,1431.0,1572.0,1572.0,1792.0,668.0,0.0,492.0
0.0,10728.0,1214.0,2434.0,2851.0,0.0,0.0,1775.0,659.0,0.0,1214.0
0.0,12365.0,1936.0,2413.0,2666.0,0.0,0.0,1726.0,687.0,0.0,1936.0
0.0,13095.0,2165.0,2374.0,1572.0,0.0,0.0,1646.0,728.0,0.0,2165.0
0.0,12502.0,2630.0,2329.0,0.0,1773.0,1773.0,1568.0,761.0,951.0,1679.0
0.0,9872.0,3107.0,2310.0,0.0,4785.0,4785.0,1540.0,770.0,2642.0,465.0
0.0,6765.0,4329.0,2363.0,0.0,9379.0,9379.0,1593.0,770.0,4329.0,0.0
0.0,2436.0,5069.0,2460.0,1773.0,12300.0,12300.0,1690.0,770.0,5069.0,0.0
0.0,0.0,4117.0,2530.0,4785.0,12650.0,12650.0,1769.0,761.0,4117.0,0.0
0.0,0.0,1482.0,2536.0,9379.0,4975.0,4975.0,1798.0,738.0,1482.0,0.0
0.0,7705.0,0.0,2499.0,12300.0,0.0,0.0,1798.0,701.0,0.0,0.0
0.0,20005.0,509.0,2468.0,12650.0,0.0,0.0,1798.0,670.0,0.0,509.0
0.0,32146.0,1236.0,2441.0,4975.0,0.0,0.0,1780.0,661.0,0.0,1236.0
0.0,35885.0,1965.0,2419.0,0.0,0.0,0.0,1730.0,689.0,0.0,1965.0
0.0,33920.0,2190.0,2378.0,0.0,0.0,0.0,1647.0,731.0,0.0,2190.0
0.0,31730.0,2706.0,2334.0,0.0,0.0,0.0,1570.0,764.0,1021.0,1685.0
0.0,29024.0,3193.0,2315.0,0.0,0.0,0.0,1543.0,772.0,2739.0,454.0
0.0,25831.0,4451.0,2371.0,0.0,0.0,0.0,1599.0,772.0,4451.0,0.0
0.0,21380.0,5150.0,2470.0,0.0,0.0,0.0,1698.0,772.0,5150.0,0.0
0.0,16230.0,4131.0,2541.0,0.0,606.0,606.0,1778.0,763.0,4131.0,0.0
0.0,12099.0,1411.0,2544.0,0.0,2032.0,2032.0,1805.0,739.0,1411.0,0.0
0.0,10688.0,0.0,2506.0,0.0,1842.0,1842.0,1805.0,701.0,0.0,0.0
0.0,10688.0,558.0,2475.0,606.0,1639.0,1639.0,1805.0,670.0,0.0,558.0
0.0,10736.0,1298.0,2447.0,2032.0,765.0,765.0,1785.0,662.0,0.0,1298.0
0.0,11470.0,2046.0,2426.0,1842.0,864.0,864.0,1733.0,693.0,0.0,2046.0
0.0,11266.0,2231.0,2383.0,1639.0,1241.0,1241.0,1647.0,736.0,0.0,2231.0
0.0,10674.0,2796.0,2338.0,765.0,3047.0,3047.0,1570.0,768.0,1119.0,1677.0
0.0,8643.0,3234.0,2320.0,864.0,5327.0,5327.0,1545.0,775.0,2858.0,376.0
0.0,6273.0,4599.0,2382.0,1241.0,8995.0,8995.0,1607.0,775.0,4599.0,0.0
0.0,2915.0,5228.0,2483.0,3047.0,11681.0,11681.0,1708.0,775.0,5228.0,0.0
0.0,734.0,4114.0,2552.0,5327.0,10813.0,10813.0,1787.0,765.0,4114.0,0.0
0.0,1947.0,1265.0,2551.0,8995.0,3078.0,3078.0,1811.0,740.0,1265.0,0.0
0.0,9677.0,0.0,2512.0,11681.0,0.0,0.0,1811.0,701.0,0.0,0.0
0.0,21358.0,581.0,2481.0,10813.0,0.0,0.0,1811.0,670.0,0.0,581.0
0.0,31590.0,1332.0,2454.0,3078.0,0.0,0.0,1791.0,663.0,0.0,1332.0
0.0,33336.0,2078.0,2433.0,0.0,0.0,0.0,1737.0,696.0,0.0,2078.0
0.0,31258.0,2243.0,2390.0,0.0,0.0,0.0,1651.0,739.0,0.0,2243.0
0.0,29015.0,2778.0,2344.0,0.0,0.0,0.0,1573.0,771.0,1123.0,1655.0
0.0,26237.0,3176.0,2327.0,0.0,0.0,0.0,1550.0,777.0,2856.0,320.0
0.0,23061.0,4595.0,2390.0,0.0,0.0,0.0,1613.0,777.0,4595.0,0.0
0.0,18466.0,5205.0,2490.0,0.0,0.0,0.0,1713.0,777.0,5205.0,0.0
0.0,13261.0,4087.0,2559.0,0.0,3621.0,3621.0,1792.0,767.0,4087.0,0.0
0.0,9174.0,1226.0,2558.0,0.0,4842.0,4842.0,1815.0,743.0,1226.0,0.0
0.0,7948.0,0.0,2520.0,0.0,4652.0,4652.0,1815.0,705.0,0.0,0.0
0.0,7948.0,563.0,2489.0,3621.0,1439.0,1439.0,1815.0,674.0,0.0,563.0
0.0,11006.0,1300.0,2463.0,4842.0,0.0,0.0,1796.0,667.0,0.0,1300.0
0.0,14548.0,2038.0,2442.0,4652.0,0.0,0.0,1744.0,698.0,0.0,2038.0
0.0,17162.0,2211.0,2400.0,1439.0,0.0,0.0,1660.0,740.0,0.0,2211.0
0.0,16390.0,2692.0,2355.0,0.0,0.0,0.0,1583.0,772.0,1046.0,1646.0
0.0,13698.0,3109.0,2336.0,0.0,1091.0,1091.0,1557.0,779.0,2762.0,347.0
0.0,10589.0,4475.0,2395.0,0.0,5861.0,5861.0,1616.0,779.0,4475.0,0.0
0.0,6114.0,5141.0,2494.0,0.0,11497.0,11497.0,1715.0,779.0,5141.0,0.0
0.0,973.0,4086.0,2563.0,1091.0,12815.0,12815.0,1794.0,769.0,4086.0,0.0
0.0,0.0,1319.0,2565.0,5861.0,10305.0,10305.0,1819.0,746.0,1319.0,0.0
0.0,2520.0,0.0,2528.0,11497.0,0.0,0.0,1819.0,709.0,0.0,0.0
0.0,14017.0,544.0,2496.0,12815.0,0.0,0.0,1819.0,677.0,0.0,544.0
0.0,26288.0,1275.0,2471.0,10305.0,0.0,0.0,1801.0,670.0,0.0,1275.0
0.0,35318.0,2008.0,2449.0,0.0,0.0,0.0,1750.0,699.0,0.0,2008.0
0.0,33310.0,2204.0,2409.0,0.0,0.0,0.0,1667.0,742.0,0.0,2204.0
0.0,31106.0,2712.0,2364.0,0.0,0.0,0.0,1590.0,774.0,1050.0,1662.0
0.0,28394.0,3153.0,2345.0,0.0,0.0,0.0,1564.0,781.0,2766.0,387.0
0.0,25241.0,4481.0,2402.0,0.0,0.0,0.0,1621.0,781.0,4481.0,0.0
0.0,20760.0,5141.0,2501.0,0.0,0.0,0.0,1720.0,781.0,5141.0,0.0
0.0,15619.0,4103.0,2570.0,0.0,1334.0,1334.0,1799.0,771.0,4103.0,0.0
0.0,11516.0,1345.0,2573.0,0.0,2694.0,2694.0,1825.0,748.0,1345.0,0.0
0.0,10171.0,0.0,2535.0,0.0,2504.0,2504.0,1825.0,710.0,0.0,0.0
0.0,10171.0,565.0,2504.0,1334.0,1580.0,1580.0,1825.0,679.0,0.0,565.0
0.0,10940.0,1307.0,2476.0,2694.0,53.0,53.0,1805.0,671.0,0.0,1307.0
0.0,12327.0,2055.0,2455.0,2504.0,0.0,0.0,1753.0,702.0,0.0,2055.0
0.0,12776.0,2236.0,2412.0,1580.0,0.0,0.0,1667.0,745.0,0.0,2236.0
0.0,12120.0,2852.0,2368.0,53.0,2519.0,2519.0,1591.0,777.0,1176.0,1676.0
0.0,9321.0,3289.0,2351.0,0.0,5723.0,5723.0,1567.0,784.0,2922.0,367.0
0.0,6032.0,4670.0,2414.0,0.0,10708.0,10708.0,1630.0,784.0,4670.0,0.0
0.0,1362.0,5251.0,2515.0,2519.0,12575.0,12575.0,1731.0,784.0,5251.0,0.0
0.0,0.0,4082.0,2583.0,5723.0,12644.0,12644.0,1809.0,774.0,4082.0,0.0
0.0,271.0,1174.0,2581.0,10708.0,3100.0,3100.0,1832.0,749.0,1174.0,0.0
0.0,9805.0,0.0,2541.0,12575.0,0.0,0.0,1832.0,709.0,0.0,0.0
0.0,22380.0,606.0,2510.0,12644.0,0.0,0.0,1832.0,678.0,0.0,606.0
0.0,34418.0,1366.0,2482.0,3100.0,0.0,0.0,1810.0,672.0,0.0,1366.0
0.0,36152.0,2122.0,2462.0,0.0,0.0,0.0,1756.0,706.0,0.0,2122.0
0.0,34030.0,2272.0,2416.0,0.0,0.0,0.0,1667.0,749.0,0.0,2272.0
0.0,31758.0,2928.0,2372.0,0.0,0.0,0.0,1591.0,781.0,1264.0,1664.0
0.0,28830.0,3336.0,2357.0,0.0,0.0,0.0,1570.0,787.0,3035.0,301.0
0.0,25494.0,4811.0,2425.0,0.0,0.0,0.0,1638.0,787.0,4811.0,0.0
0.0,20683.0,5314.0,2527.0,0.0,0.0,0.0,1740.0,787.0,5314.0,0.0
0.0,15369.0,4049.0,2594.0,0.0,1650.0,1650.0,1818.0,776.0,4049.0,0.0
0.0,11320.0,1006.0,2588.0,0.0,2626.0,2626.0,1838.0,750.0,1006.0,0.0
0.0,10314.0,0.0,2548.0,0.0,2426.0,2426.0,1838.0,710.0,0.0,0.0
0.0,10314.0,617.0,2517.0,1650.0,1238.0,1238.0,1838.0,679.0,0.0,617.0
0.0,11347.0,1374.0,2490.0,2626.0,0.0,0.0,1816.0,674.0,0.0,1374.0
0.0,12599.0,2130.0,2470.0,2426.0,0.0,0.0,1761.0,709.0,0.0,2130.0
0.0,12895.0,2267.0,2425.0,1238.0,259.0,259.0,1673.0,752.0,0.0,2267.0
0.0,11866.0,2881.0,2380.0,0.0,2915.0,2915.0,1596.0,784.0,1229.0,1652.0
0.0,8985.0,3262.0,2364.0,0.0,6097.0,6097.0,1575.0,789.0,2988.0,274.0
0.0,5723.0,4737.0,2432.0,259.0,10915.0,10915.0,1643.0,789.0,4737.0,0.0
0.0,1245.0,5258.0,2533.0,2915.0,12665.0,12665.0,1744.0,789.0,5258.0,0.0
0.0,0.0,4021.0,2599.0,6097.0,12017.0,12017.0,1821.0,778.0,4021.0,0.0
0.0,978.0,1030.0,2594.0,10915.0,2107.0,2107.0,1841.0,753.0,1030.0,0.0
0.0,10863.0,0.0,2555.0,12665.0,0.0,0.0,1841.0,714.0,0.0,0.0
0.0,23528.0,577.0,2524.0,12017.0,0.0,0.0,1841.0,683.0,0.0,577.0
0.0,34968.0,1323.0,2497.0,2107.0,0.0,0.0,1821.0,676.0,0.0,1323.0
0.0,35752.0,2071.0,2478.0,0.0,0.0,0.0,1768.0,710.0,0.0,2071.0
0.0,33681.0,2237.0,2435.0,0.0,0.0,0.0,1682.0,753.0,0.0,2237.0
0.0,31444.0,2838.0,2390.0,0.0,0.0,0.0,1605.0,785.0,1175.0,1663.0
0.0,28606.0,3245.0,2374.0,0.0,0.0,0.0,1583.0,791.0,2911.0,334.0
0.0,25361.0,4640.0,2438.0,0.0,0.0,0.0,1647.0,791.0,4640.0,0.0
0.0,20721.0,5203.0,2538.0,0.0,0.0,0.0,1747.0,791.0,5203.0,0.0
0.0,15518.0,4024.0,2605.0,0.0,1531.0,1531.0,1824.0,781.0,4024.0,0.0
0.0,11494.0,1122.0,2602.0,0.0,2638.0,2638.0,1846.0,756.0,1122.0,0.0
0.0,10372.0,0.0,2563.0,0.0,2443.0,2443.0,1846.0,717.0,0.0,0.0
0.0,10372.0,561.0,2532.0,1531.0,1318.0,1318.0,1846.0,686.0,0.0,561.0
0.0,11342.0,1304.0,2505.0,2638.0,0.0,0.0,1826.0,679.0,0.0,1304.0
0.0,12676.0,2047.0,2483.0,2443.0,0.0,0.0,1772.0,711.0,0.0,2047.0
0.0,13072.0,2237.0,2440.0,1318.0,47.0,47.0,1686.0,754.0,0.0,2237.0
0.0,12153.0,2887.0,2396.0,0.0,2714.0,2714.0,1610.0,786.0,1206.0,1681.0
0.0,9266.0,3336.0,2382.0,0.0,5980.0,5980.0,1588.0,794.0,2955.0,381.0
0.0,5930.0,4702.0,2447.0,47.0,10960.0,10960.0,1653.0,794.0,4702.0,0.0
0.0,1275.0,5248.0,2548.0,2714.0,12740.0,12740.0,1754.0,794.0,5248.0,0.0
0.0,0.0,4046.0,2615.0,5980.0,12400.0,12400.0,1832.0,783.0,4046.0,0.0
0.0,675.0,1105.0,2611.0,10960.0,2525.0,2525.0,1853.0,758.0,1105.0,0.0
0.0,10530.0,0.0,2571.0,12740.0,0.0,0.0,1853.0,718.0,0.0,0.0
0.0,23270.0,598.0,2540.0,12400.0,0.0,0.0,1853.0,687.0,0.0,598.0
0.0,35072.0,1354.0,2510.0,2525.0,0.0,0.0,1830.0,680.0,0.0,1354.0
0.0,36243.0,2118.0,2488.0,0.0,0.0,0.0,1774.0,714.0,0.0,2118.0
0.0,34125.0,2279.0,2442.0,0.0,0.0,0.0,1684.0,758.0,0.0,2279.0
0.0,31846.0,3008.0,2399.0,0.0,0.0,0.0,1609.0,790.0,1321.0,1687.0
0.0,28838.0,3441.0,2387.0,0.0,0.0,0.0,1590.0,797.0,3108.0,333.0
0.0,25397.0,4886.0,2458.0,0.0,0.0,0.0,1661.0,797.0,4886.0,0.0
0.0,20511.0,5355.0,2561.0,0.0,0.0,0.0,1764.0,797.0,5355.0,0.0
0.0,15156.0,4035.0,2627.0,0.0,2014.0,2014.0,1842.0,785.0,4035.0,0.0
0.0,11121.0,943.0,2619.0,0.0,2917.0,2917.0,1860.0,759.0,943.0,0.0
0.0,10178.0,0.0,2578.0,0.0,2712.0,2712.0,1860.0,718.0,0.0,0.0
0.0,10178.0,638.0,2547.0,2014.0,1181.0,1181.0,1860.0,687.0,0.0,638.0
0.0,11554.0,1406.0,2518.0,2917.0,0.0,0.0,1836.0,682.0,0.0,1406.0
0.0,13065.0,2173.0,2495.0,2712.0,0.0,0.0,1777.0,718.0,0.0,2173.0
0.0,13604.0,2305.0,2447.0,1181.0,0.0,0.0,1685.0,762.0,0.0,2305.0
0.0,12480.0,3039.0,2403.0,0.0,2574.0,2574.0,1609.0,794.0,1373.0,1666.0
0.0,9441.0,3425.0,2391.0,0.0,5939.0,5939.0,1592.0,799.0,3161.0,264.0
0.0,6016.0,4947.0,2467.0,0.0,11266.0,11266.0,1668.0,799.0,4947.0,0.0
0.0,1069.0,5370.0,2570.0,2574.0,12850.0,12850.0,1771.0,799.0,5370.0,0.0
0.0,0.0,3994.0,2635.0,5939.0,12957.0,12957.0,1848.0,787.0,3994.0,0.0
0.0,218.0,836.0,2625.0,11266.0,2477.0,2477.0,1864.0,761.0,836.0,0.0
0.0,10648.0,0.0,2584.0,12850.0,0.0,0.0,1864.0,720.0,0.0,0.0
0.0,23498.0,617.0,2552.0,12957.0,0.0,0.0,1864.0,688.0,0.0,617.0
0.0,35838.0,1386.0,2523.0,2477.0,0.0,0.0,1840.0,683.0,0.0,1386.0
0.0,36929.0,2149.0,2502.0,0.0,0.0,0.0,1783.0,719.0,0.0,2149.0
0.0,34780.0,2294.0,2455.0,0.0,0.0,0.0,1692.0,763.0,0.0,2294.0
0.0,32486.0,2990.0,2411.0,0.0,0.0,0.0,1616.0,795.0,1321.0,1669.0
0.0,29496.0,3378.0,2399.0,0.0,0.0,0.0,1598.0,801.0,3095.0,283.0
0.0,26118.0,4860.0,2473.0,0.0,0.0,0.0,1672.0,801.0,4860.0,0.0
0.0,21258.0,5308.0,2575.0,0.0,0.0,0.0,1774.0,801.0,5308.0,0.0
0.0,15950.0,3982.0,2641.0,0.0,1237.0,1237.0,1851.0,790.0,3982.0,0.0
0.0,11968.0,891.0,2632.0,0.0,2083.0,2083.0,1868.0,764.0,891.0,0.0
0.0,11077.0,0.0,2592.0,0.0,1883.0,1883.0,1868.0,724.0,0.0,0.0
0.0,11077.0,579.0,2560.0,1237.0,1065.0,1065.0,1868.0,692.0,0.0,579.0
0.0,11735.0,1332.0,2531.0,2083.0,169.0,169.0,1845.0,686.0,0.0,1332.0
0.0,12486.0,2085.0,2509.0,1883.0,261.0,261.0,1789.0,720.0,0.0,2085.0
0.0,12284.0,2261.0,2463.0,1065.0,1227.0,1227.0,1700.0,763.0,0.0,2261.0
0.0,11088.0,2953.0,2420.0,169.0,3796.0,3796.0,1624.0,796.0,1272.0,1681.0
0.0,8304.0,3387.0,2407.0,261.0,6857.0,6857.0,1605.0,802.0,3033.0,354.0
0.0,5178.0,4788.0,2478.0,1227.0,10773.0,10773.0,1676.0,802.0,4788.0,0.0
0.0,1617.0,5277.0,2579.0,3796.0,12759.0,12759.0,1777.0,802.0,5277.0,0.0
0.0,136.0,4002.0,2646.0,6857.0,10239.0,10239.0,1854.0,792.0,4002.0,0.0
0.0,2991.0,980.0,2639.0,10773.0,411.0,411.0,1873.0,766.0,980.0,0.0
0.0,12784.0,0.0,2600.0,12759.0,0.0,0.0,1873.0,727.0,0.0,0.0
0.0,25543.0,588.0,2568.0,10239.0,0.0,0.0,1873.0,695.0,0.0,588.0
0.0,35194.0,1346.0,2539.0,411.0,0.0,0.0,1850.0,689.0,0.0,1346.0
0.0,34259.0,2104.0,2515.0,0.0,0.0,0.0,1793.0,722.0,0.0,2104.0
0.0,32155.0,2274.0,2469.0,0.0,0.0,0.0,1703.0,766.0,0.0,2274.0
0.0,29881.0,3027.0,2425.0,0.0,0.0,0.0,1627.0,798.0,1334.0,1693.0
0.0,26854.0,3469.0,2415.0,0.0,0.0,0.0,1610.0,805.0,3118.0,351.0
0.0,23385.0,4897.0,2487.0,0.0,0.0,0.0,1682.0,805.0,4897.0,0.0
0.0,18488.0,5354.0,2590.0,0.0,0.0,0.0,1785.0,805.0,5354.0,0.0
0.0,13134.0,4021.0,2657.0,0.0,4172.0,4172.0,1863.0,794.0,4021.0,0.0
0.0,9113.0,921.0,2648.0,0.0,5048.0,5048.0,1880.0,768.0,921.0,0.0
0.0,8192.0,0.0,2607.0,0.0,4843.0,4843.0,1880.0,727.0,0.0,0.0
0.0,8192.0,637.0,2575.0,4172.0,1148.0,1148.0,1880.0,695.0,0.0,637.0
0.0,11727.0,1408.0,2545.0,5048.0,0.0,0.0,1855.0,690.0,0.0,1408.0
0.0,15367.0,2181.0,2520.0,4843.0,0.0,0.0,1795.0,725.0,0.0,2181.0
0.0,18029.0,2322.0,2471.0,1148.0,0.0,0.0,1701.0,770.0,0.0,2322.0
0.0,16855.0,3131.0,2429.0,0.0,0.0,0.0,1626.0,803.0,1443.0,1688.0
0.0,13724.0,3532.0,2419.0,0.0,1903.0,1903.0,1611.0,808.0,3250.0,282.0
0.0,10192.0,5063.0,2498.0,0.0,7361.0,7361.0,1690.0,808.0,5063.0,0.0
0.0,5129.0,5437.0,2603.0,0.0,13015.0,13015.0,1795.0,808.0,5437.0,0.0
0.0,0.0,4003.0,2668.0,1903.0,13340.0,13340.0,1872.0,796.0,4003.0,0.0
0.0,0.0,758.0,2655.0,7361.0,9080.0,9080.0,1886.0,769.0,758.0,0.0
0.0,4195.0,0.0,2613.0,13015.0,0.0,0.0,1886.0,727.0,0.0,0.0
0.0,17210.0,660.0,2581.0,13340.0,0.0,0.0,1886.0,695.0,0.0,660.0
0.0,29890.0,1438.0,2551.0,9080.0,0.0,0.0,1860.0,691.0,0.0,1438.0
0.0,37532.0,2220.0,2527.0,0.0,0.0,0.0,1799.0,728.0,0.0,2220.0
0.0,35312.0,2336.0,2477.0,0.0,0.0,0.0,1704.0,773.0,0.0,2336.0
0.0,32976.0,3134.0,2435.0,0.0,0.0,0.0,1629.0,806.0,1458.0,1676.0
0.0,29842.0,3505.0,2425.0,0.0,0.0,0.0,1615.0,810.0,3273.0,232.0
0.0,26337.0,5080.0,2507.0,0.0,0.0,0.0,1697.0,810.0,5080.0,0.0
0.0,21257.0,5435.0,2611.0,0.0,0.0,0.0,1801.0,810.0,5435.0,0.0
0.0,15822.0,3970.0,2675.0,0.0,1523.0,1523.0,1877.0,798.0,3970.0,0.0
0.0,11852.0,701.0,2663.0,0.0,2164.0,2164.0,1891.0,772.0,701.0,0.0
0.0,11151.0,0.0,2621.0,0.0,1954.0,1954.0,1891.0,730.0,0.0,0.0
0.0,11151.0,636.0,2589.0,1523.0,907.0,907.0,1891.0,698.0,0.0,636.0
0.0,12038.0,1411.0,2558.0,2164.0,0.0,0.0,1865.0,693.0,0.0,1411.0
0.0,12791.0,2179.0,2536.0,1954.0,114.0,114.0,1806.0,730.0,0.0,2179.0
0.0,12566.0,2312.0,2486.0,907.0,1269.0,1269.0,1712.0,774.0,0.0,2312.0
0.0,11161.0,3063.0,2443.0,0.0,4117.0,4117.0,1637.0,806.0,1393.0,1670.0
0.0,8098.0,3441.0,2433.0,114.0,7394.0,7394.0,1622.0,811.0,3183.0,258.0
0.0,4771.0,4976.0,2511.0,1269.0,11491.0,11491.0,1700.0,811.0,4976.0,0.0
0.0,1064.0,5369.0,2615.0,4117.0,13075.0,13075.0,1804.0,811.0,5369.0,0.0
0.0,0.0,3976.0,2680.0,7394.0,10170.0,10170.0,1880.0,800.0,3976.0,0.0
0.0,3230.0,784.0,2670.0,11491.0,0.0,0.0,1895.0,775.0,784.0,0.0
0.0,13937.0,0.0,2630.0,13075.0,0.0,0.0,1895.0,735.0,0.0,0.0
0.0,27012.0,615.0,2598.0,10170.0,0.0,0.0,1895.0,703.0,0.0,615.0
0.0,36567.0,1377.0,2568.0,0.0,0.0,0.0,1871.0,697.0,0.0,1377.0
0.0,35190.0,2139.0,2543.0,0.0,0.0,0.0,1812.0,731.0,0.0,2139.0
0.0,33051.0,2288.0,2495.0,0.0,0.0,0.0,1720.0,775.0,0.0,2288.0
0.0,30763.0,3031.0,2453.0,0.0,0.0,0.0,1645.0,808.0,1356.0,1675.0
0.0,27732.0,3444.0,2441.0,0.0,0.0,0.0,1628.0,813.0,3139.0,305.0
0.0,24288.0,4923.0,2517.0,0.0,0.0,0.0,1704.0,813.0,4923.0,0.0
0.0,19365.0,5352.0,2620.0,0.0,0.0,0.0,1807.0,813.0,5352.0,0.0
0.0,14013.0,4006.0,2686.0,0.0,3423.0,3423.0,1884.0,802.0,4006.0,0.0
0.0,10007.0,871.0,2677.0,0.0,4249.0,4249.0,1901.0,776.0,871.0,0.0
0.0,9136.0,0.0,2637.0,0.0,4049.0,4049.0,1901.0,736.0,0.0,0.0
0.0,9136.0,640.0,2605.0,3423.0,1106.0,1106.0,1901.0,704.0,0.0,640.0
0.0,11919.0,1410.0,2574.0,4249.0,0.0,0.0,1875.0,699.0,0.0,1410.0
0.0,14758.0,2184.0,2549.0,4049.0,0.0,0.0,1815.0,734.0,0.0,2184.0
0.0,16623.0,2317.0,2500.0,1106.0,0.0,0.0,1721.0,779.0,0.0,2317.0
0.0,15412.0,3137.0,2457.0,0.0,10.0,10.0,1646.0,811.0,1456.0,1681.0
0.0,12275.0,3544.0,2448.0,0.0,3509.0,3509.0,1632.0,816.0,3266.0,278.0
0.0,8731.0,5081.0,2528.0,0.0,8990.0,8990.0,1712.0,816.0,5081.0,0.0
0.0,3650.0,5444.0,2632.0,10.0,13160.0,13160.0,1816.0,816.0,5444.0,0.0
0.0,0.0,3999.0,2697.0,3509.0,13485.0,13485.0,1893.0,804.0,3999.0,0.0
0.0,0.0,738.0,2684.0,8990.0,7442.0,7442.0,1907.0,777.0,738.0,0.0
0.0,5978.0,0.0,2642.0,13160.0,0.0,0.0,1907.0,735.0,0.0,0.0
0.0,19138.0,683.0,2611.0,13485.0,0.0,0.0,1907.0,704.0,0.0,683.0
0.0,31940.0,1468.0,2579.0,7442.0,0.0,0.0,1880.0,699.0,0.0,1468.0
0.0,37914.0,2253.0,2554.0,0.0,0.0,0.0,1817.0,737.0,0.0,2253.0
0.0,35661.0,2354.0,2503.0,0.0,0.0,0.0,1720.0,783.0,0.0,2354.0
0.0,33307.0,3216.0,2460.0,0.0,0.0,0.0,1645.0,815.0,1542.0,1674.0
0.0,30091.0,3603.0,2452.0,0.0,0.0,0.0,1633.0,819.0,3388.0,215.0
0.0,26488.0,5233.0,2538.0,0.0,0.0,0.0,1719.0,819.0,5233.0,0.0
0.0,21255.0,5524.0,2644.0,0.0,0.0,0.0,1825.0,819.0,5524.0,0.0
0.0,15731.0,3975.0,2708.0,0.0,1784.0,1784.0,1902.0,806.0,3975.0,0.0
0.0,11756.0,590.0,2692.0,0.0,2294.0,2294.0,1913.0,779.0,590.0,0.0
0.0,11166.0,0.0,2649.0,0.0,2079.0,2079.0,1913.0,736.0,0.0,0.0
0.0,11166.0,706.0,2618.0,1784.0,846.0,846.0,1913.0,705.0,0.0,706.0
0.0,12244.0,1495.0,2586.0,2294.0,0.0,0.0,1885.0,701.0,0.0,1495.0
0.0,13043.0,2280.0,2562.0,2079.0,0.0,0.0,1822.0,740.0,0.0,2280.0
0.0,12842.0,2365.0,2510.0,846.0,1227.0,1227.0,1724.0,786.0,0.0,2365.0
0.0,11323.0,3186.0,2467.0,0.0,4198.0,4198.0,1649.0,818.0,1531.0,1655.0
0.0,8137.0,3521.0,2459.0,0.0,7679.0,7679.0,1638.0,821.0,3361.0,160.0
0.0,4616.0,5187.0,2545.0,1227.0,12069.0,12069.0,1724.0,821.0,5187.0,0.0
0.0,656.0,5495.0,2651.0,4198.0,13255.0,13255.0,1830.0,821.0,5495.0,0.0
0.0,0.0,3970.0,2715.0,7679.0,10507.0,10507.0,1906.0,809.0,3970.0,0.0
0.0,3068.0,605.0,2699.0,12069.0,0.0,0.0,1918.0,781.0,605.0,0.0
0.0,14532.0,0.0,2658.0,13255.0,0.0,0.0,1918.0,740.0,0.0,0.0
0.0,27787.0,680.0,2626.0,10507.0,0.0,0.0,1918.0,708.0,0.0,680.0
0.0,37614.0,1458.0,2595.0,0.0,0.0,0.0,1891.0,704.0,0.0,1458.0
0.0,36156.0,2241.0,2572.0,0.0,0.0,0.0,1830.0,742.0,0.0,2241.0
0.0,33915.0,2338.0,2521.0,0.0,0.0,0.0,1734.0,787.0,0.0,2338.0
0.0,31577.0,3100.0,2477.0,0.0,0.0,0.0,1658.0,819.0,1444.0,1656.0
0.0,28477.0,3440.0,2467.0,0.0,0.0,0.0,1644.0,823.0,3251.0,189.0
0.0,25037.0,5064.0,2550.0,0.0,0.0,0.0,1727.0,823.0,5064.0,0.0
0.0,19973.0,5422.0,2654.0,0.0,0.0,0.0,1831.0,823.0,5422.0,0.0
0.0,14551.0,3976.0,2718.0,0.0,3015.0,3015.0,1907.0,811.0,3976.0,0.0
0.0,10575.0,717.0,2705.0,0.0,3667.0,3667.0,1921.0,784.0,717.0,0.0
0.0,9858.0,0.0,2664.0,0.0,3462.0,3462.0,1921.0,743.0,0.0,0.0
0.0,9858.0,653.0,2633.0,3015.0,945.0,945.0,1921.0,712.0,0.0,653.0
0.0,12220.0,1432.0,2602.0,3667.0,0.0,0.0,1895.0,707.0,0.0,1432.0
0.0,14455.0,2209.0,2579.0,3462.0,0.0,0.0,1835.0,744.0,0.0,2209.0
0.0,15708.0,2331.0,2529.0,945.0,0.0,0.0,1740.0,789.0,0.0,2331.0
0.0,14322.0,3141.0,2486.0,0.0,1249.0,1249.0,1665.0,821.0,1467.0,1674.0
0.0,11181.0,3535.0,2478.0,0.0,4744.0,4744.0,1652.0,826.0,3287.0,248.0
0.0,7646.0,5101.0,2559.0,0.0,10250.0,10250.0,1733.0,826.0,5101.0,0.0
0.0,2545.0,5454.0,2664.0,1249.0,13320.0,13320.0,1838.0,826.0,5454.0,0.0
0.0,0.0,3984.0,2727.0,4744.0,13635.0,13635.0,1914.0,813.0,3984.0,0.0
0.0,0.0,703.0,2714.0,10250.0,4923.0,4923.0,1928.0,786.0,703.0,0.0
0.0,8647.0,0.0,2672.0,13320.0,0.0,0.0,1928.0,744.0,0.0,0.0
0.0,21967.0,681.0,2641.0,13635.0,0.0,0.0,1928.0,713.0,0.0,681.0
0.0,34921.0,1466.0,2608.0,4923.0,0.0,0.0,1900.0,708.0,0.0,1466.0
0.0,38378.0,2251.0,2583.0,0.0,0.0,0.0,1837.0,746.0,0.0,2251.0
0.0,36127.0,2358.0,2531.0,0.0,0.0,0.0,1739.0,792.0,0.0,2358.0
0.0,33769.0,3260.0,2489.0,0.0,0.0,0.0,1665.0,824.0,1574.0,1686.0
0.0,30509.0,3653.0,2483.0,0.0,0.0,0.0,1654.0,829.0,3426.0,227.0
0.0,26856.0,5275.0,2570.0,0.0,0.0,0.0,1741.0,829.0,5275.0,0.0
0.0,21581.0,5556.0,2677.0,0.0,0.0,0.0,1848.0,829.0,5556.0,0.0
0.0,16025.0,3980.0,2740.0,0.0,1655.0,1655.0,1925.0,815.0,3980.0,0.0
0.0,12045.0,562.0,2722.0,0.0,2127.0,2127.0,1935.0,787.0,562.0,0.0
0.0,11483.0,0.0,2679.0,0.0,1912.0,1912.0,1935.0,744.0,0.0,0.0
0.0,11483.0,723.0,2648.0,1655.0,825.0,825.0,1935.0,713.0,0.0,723.0
0.0,12415.0,1523.0,2616.0,2127.0,61.0,61.0,1906.0,710.0,0.0,1523.0
0.0,13019.0,2321.0,2591.0,1912.0,345.0,345.0,1841.0,750.0,0.0,2321.0
0.0,12610.0,2403.0,2536.0,825.0,1648.0,1648.0,1740.0,796.0,0.0,2403.0
0.0,11032.0,3325.0,2494.0,61.0,4702.0,4702.0,1665.0,829.0,1646.0,1679.0
0.0,7768.0,3667.0,2488.0,345.0,7994.0,7994.0,1656.0,832.0,3510.0,157.0
0.0,4446.0,5376.0,2581.0,1648.0,12187.0,12187.0,1749.0,832.0,5376.0,0.0
0.0,718.0,5593.0,2688.0,4702.0,13440.0,13440.0,1856.0,832.0,5593.0,0.0
0.0,0.0,3954.0,2750.0,7994.0,9883.0,9883.0,1932.0,818.0,3954.0,0.0
0.0,3867.0,442.0,2730.0,12187.0,0.0,0.0,1941.0,789.0,442.0,0.0
0.0,15612.0,0.0,2686.0,13440.0,0.0,0.0,1941.0,745.0,0.0,0.0
0.0,29052.0,715.0,2655.0,9883.0,0.0,0.0,1941.0,714.0,0.0,715.0
0.0,38220.0,1516.0,2622.0,0.0,0.0,0.0,1911.0,711.0,0.0,1516.0
0.0,36704.0,2311.0,2599.0,0.0,0.0,0.0,1847.0,752.0,0.0,2311.0
0.0,34393.0,2391.0,2545.0,0.0,0.0,0.0,1747.0,798.0,0.0,2391.0
0.0,32002.0,3282.0,2502.0,0.0,0.0,0.0,1672.0,830.0,1613.0,1669.0
0.0,28720.0,3612.0,2495.0,0.0,0.0,0.0,1662.0,833.0,3462.0,150.0
0.0,25108.0,5313.0,2586.0,0.0,0.0,0.0,1753.0,833.0,5313.0,0.0
0.0,19795.0,5546.0,2693.0,0.0,0.0,0.0,1860.0,833.0,5546.0,0.0
0.0,14249.0,3931.0,2755.0,0.0,3457.0,3457.0,1935.0,820.0,3931.0,0.0
0.0,10318.0,459.0,2736.0,0.0,3821.0,3821.0,1944.0,792.0,459.0,0.0
0.0,9859.0,0.0,2693.0,0.0,3606.0,3606.0,1944.0,749.0,0.0,0.0
0.0,9859.0,676.0,2661.0,3457.0,665.0,665.0,1944.0,717.0,0.0,676.0
0.0,12640.0,1467.0,2630.0,3821.0,0.0,0.0,1916.0,714.0,0.0,1467.0
0.0,14994.0,2252.0,2607.0,3606.0,0.0,0.0,1854.0,753.0,0.0,2252.0
0.0,16348.0,2361.0,2555.0,665.0,0.0,0.0,1756.0,799.0,0.0,2361.0
0.0,14652.0,3212.0,2513.0,0.0,1125.0,1125.0,1682.0,831.0,1533.0,1679.0
0.0,11440.0,3576.0,2505.0,0.0,4661.0,4661.0,1670.0,835.0,3366.0,210.0
0.0,7864.0,5194.0,2591.0,0.0,10285.0,10285.0,1756.0,835.0,5194.0,0.0
0.0,2670.0,5501.0,2697.0,1125.0,13485.0,13485.0,1862.0,835.0,5501.0,0.0
0.0,0.0,3962.0,2760.0,4661.0,13800.0,13800.0,1938.0,822.0,3962.0,0.0
0.0,0.0,598.0,2744.0,10285.0,5040.0,5040.0,1949.0,795.0,598.0,0.0
0.0,8680.0,0.0,2701.0,13485.0,0.0,0.0,1949.0,752.0,0.0,0.0
0.0,22165.0,680.0,2670.0,13800.0,0.0,0.0,1949.0,721.0,0.0,680.0
0.0,35285.0,1465.0,2638.0,5040.0,0.0,0.0,1921.0,717.0,0.0,1465.0
0.0,38860.0,2251.0,2613.0,0.0,0.0,0.0,1858.0,755.0,0.0,2251.0
0.0,36609.0,2360.0,2561.0,0.0,0.0,0.0,1760.0,801.0,0.0,2360.0
0.0,34249.0,3249.0,2518.0,0.0,0.0,0.0,1685.0,833.0,1565.0,1684.0
0.0,31000.0,3629.0,2511.0,0.0,0.0,0.0,1674.0,837.0,3403.0,226.0
0.0,27371.0,5254.0,2598.0,0.0,0.0,0.0,1761.0,837.0,5254.0,0.0
0.0,22117.0,5536.0,2705.0,0.0,0.0,0.0,1868.0,837.0,5536.0,0.0
0.0,16581.0,3993.0,2769.0,0.0,1257.0,1257.0,1945.0,824.0,3993.0,0.0
0.0,12588.0,592.0,2752.0,0.0,1764.0,1764.0,1956.0,796.0,592.0,0.0
0.0,11996.0,0.0,2709.0,0.0,1549.0,1549.0,1956.0,753.0,0.0,0.0
0.0,11996.0,727.0,2677.0,1257.0,859.0,859.0,1956.0,721.0,0.0,727.0
0.0,12526.0,1527.0,2644.0,1764.0,457.0,457.0,1926.0,718.0,0.0,1527.0
0.0,12763.0,2328.0,2619.0,1549.0,1111.0,1111.0,1860.0,759.0,0.0,2328.0
0.0,11984.0,2403.0,2563.0,859.0,2375.0,2375.0,1758.0,805.0,0.0,2403.0
0.0,10440.0,3362.0,2521.0,457.0,5070.0,5070.0,1684.0,837.0,1684.0,1678.0
0.0,7535.0,3723.0,2516.0,1111.0,7657.0,7657.0,1676.0,840.0,3564.0,159.0
0.0,4923.0,5440.0,2610.0,2375.0,11192.0,11192.0,1770.0,840.0,5440.0,0.0
0.0,1858.0,5636.0,2718.0,5070.0,12298.0,12298.0,1878.0,840.0,5636.0,0.0
0.0,1292.0,3963.0,2780.0,7657.0,8914.0,8914.0,1954.0,826.0,3963.0,0.0
0.0,4986.0,405.0,2759.0,11192.0,0.0,0.0,1962.0,797.0,405.0,0.0
0.0,15773.0,0.0,2714.0,12298.0,0.0,0.0,1962.0,752.0,0.0,0.0
0.0,28071.0,763.0,2683.0,8914.0,0.0,0.0,1962.0,721.0,0.0,763.0
0.0,36222.0,1571.0,2650.0,0.0,0.0,0.0,1931.0,719.0,0.0,1571.0
0.0,34651.0,2382.0,2625.0,0.0,0.0,0.0,1863.0,762.0,0.0,2382.0
0.0,32269.0,2428.0,2568.0,0.0,0.0,0.0,1760.0,808.0,0.0,2428.0
0.0,29841.0,3408.0,2525.0,0.0,0.0,0.0,1685.0,840.0,1736.0,1672.0
0.0,26433.0,3734.0,2521.0,0.0,0.0,0.0,1679.0,842.0,3633.0,101.0
0.0,22699.0,5521.0,2619.0,0.0,0.0,0.0,1777.0,842.0,5521.0,0.0
0.0,17178.0,5670.0,2728.0,0.0,2132.0,2132.0,1886.0,842.0,5670.0,0.0
0.0,11508.0,3926.0,2791.0,0.0,6373.0,6373.0,1962.0,829.0,3926.0,0.0
0.0,7582.0,286.0,2766.0,0.0,6534.0,6534.0,1967.0,799.0,286.0,0.0
0.0,7296.0,0.0,2722.0,2132.0,4182.0,4182.0,1967.0,755.0,0.0,0.0
0.0,9428.0,745.0,2690.0,6373.0,0.0,0.0,1967.0,723.0,0.0,745.0
0.0,15056.0,1549.0,2657.0,6534.0,0.0,0.0,1936.0,721.0,0.0,1549.0
0.0,20041.0,2352.0,2632.0,4182.0,0.0,0.0,1869.0,763.0,0.0,2352.0
0.0,21871.0,2414.0,2577.0,0.0,0.0,0.0,1767.0,810.0,0.0,2414.0
0.0,19457.0,3334.0,2535.0,0.0,0.0,0.0,1693.0,842.0,1667.0,1667.0
0.0,16123.0,3653.0,2529.0,0.0,175.0,175.0,1685.0,844.0,3538.0,115.0
0.0,12470.0,5409.0,2624.0,0.0,6059.0,6059.0,1780.0,844.0,5409.0,0.0
0.0,7061.0,5611.0,2732.0,0.0,12210.0,12210.0,1888.0,844.0,5611.0,0.0
0.0,1450.0,3934.0,2795.0,175.0,13975.0,13975.0,1964.0,831.0,3934.0,0.0
0.0,0.0,393.0,2774.0,6059.0,10513.0,10513.0,1971.0,803.0,393.0,0.0
0.0,3357.0,0.0,2731.0,12210.0,0.0,0.0,1971.0,760.0,0.0,0.0
0.0,15567.0,711.0,2699.0,13975.0,0.0,0.0,1971.0,728.0,0.0,711.0
0.0,28831.0,1510.0,2667.0,10513.0,0.0,0.0,1942.0,725.0,0.0,1510.0
0.0,37834.0,2303.0,2642.0,0.0,0.0,0.0,1877.0,765.0,0.0,2303.0
0.0,35531.0,2386.0,2588.0,0.0,0.0,0.0,1777.0,811.0,0.0,2386.0
0.0,33145.0,3254.0,2545.0,0.0,0.0,0.0,1702.0,843.0,1584.0,1670.0
0.0,29891.0,3606.0,2538.0,0.0,0.0,0.0,1692.0,846.0,3444.0,162.0
0.0,26285.0,5300.0,2628.0,0.0,0.0,0.0,1782.0,846.0,5300.0,0.0
0.0,20985.0,5577.0,2736.0,0.0,0.0,0.0,1890.0,846.0,5577.0,0.0
0.0,15408.0,3987.0,2799.0,0.0,2574.0,2574.0,1966.0,833.0,3987.0,0.0
0.0,11421.0,552.0,2782.0,0.0,3041.0,3041.0,1977.0,805.0,552.0,0.0
0.0,10869.0,0.0,2738.0,0.0,2821.0,2821.0,1977.0,761.0,0.0,0.0
0.0,10869.0,735.0,2707.0,2574.0,827.0,827.0,1977.0,730.0,0.0,735.0
0.0,12708.0,1535.0,2674.0,3041.0,0.0,0.0,1947.0,727.0,0.0,1535.0
0.0,14214.0,2336.0,2649.0,2821.0,0.0,0.0,1881.0,768.0,0.0,2336.0
0.0,14699.0,2403.0,2594.0,827.0,0.0,0.0,1780.0,814.0,0.0,2403.0
0.0,13123.0,3332.0,2552.0,0.0,2969.0,2969.0,1706.0,846.0,1661.0,1671.0
0.0,9791.0,3685.0,2546.0,0.0,6624.0,6624.0,1697.0,849.0,3540.0,145.0
0.0,6106.0,5424.0,2639.0,0.0,12513.0,12513.0,1790.0,849.0,5424.0,0.0
0.0,682.0,5649.0,2748.0,2969.0,13740.0,13740.0,1899.0,849.0,5649.0,0.0
0.0,0.0,4003.0,2811.0,6624.0,13432.0,13432.0,1976.0,835.0,4003.0,0.0
0.0,623.0,471.0,2791.0,12513.0,1290.0,1290.0,1985.0,806.0,471.0,0.0
0.0,12665.0,0.0,2746.0,13740.0,0.0,0.0,1985.0,761.0,0.0,0.0
0.0,26405.0,791.0,2715.0,13432.0,0.0,0.0,1985.0,730.0,0.0,791.0
0.0,39046.0,1605.0,2680.0,1290.0,0.0,0.0,1952.0,728.0,0.0,1605.0
0.0,38731.0,2420.0,2656.0,0.0,0.0,0.0,1884.0,772.0,0.0,2420.0
0.0,36311.0,2450.0,2598.0,0.0,0.0,0.0,1779.0,819.0,0.0,2450.0
0.0,33861.0,3433.0,2556.0,0.0,0.0,0.0,1705.0,851.0,1770.0,1663.0
0.0,30428.0,3746.0,2552.0,0.0,0.0,0.0,1700.0,852.0,3683.0,63.0
0.0,26682.0,5597.0,2651.0,0.0,0.0,0.0,1799.0,852.0,5597.0,0.0
0.0,21085.0,5740.0,2762.0,0.0,0.0,0.0,1910.0,852.0,5740.0,0.0
0.0,15345.0,3974.0,2824.0,0.0,2749.0,2749.0,1986.0,838.0,3974.0,0.0
0.0,11371.0,293.0,2799.0,0.0,2917.0,2917.0,1992.0,807.0,293.0,0.0
0.0,11078.0,0.0,2754.0,0.0,2692.0,2692.0,1992.0,762.0,0.0,0.0
0.0,11078.0,810.0,2722.0,2749.0,593.0,593.0,1992.0,730.0,0.0,810.0
0.0,13017.0,1634.0,2688.0,2917.0,0.0,0.0,1958.0,730.0,0.0,1634.0
0.0,14300.0,2453.0,2664.0,2692.0,0.0,0.0,1889.0,775.0,0.0,2453.0
0.0,14539.0,2461.0,2604.0,593.0,349.0,349.0,1782.0,822.0,0.0,2461.0
0.0,12671.0,3410.0,2561.0,0.0,3544.0,3544.0,1707.0,854.0,1765.0,1645.0
0.0,9261.0,3684.0,2556.0,0.0,7203.0,7203.0,1702.0,854.0,3674.0,10.0
0.0,5577.0,5583.0,2658.0,349.0,12947.0,12947.0,1804.0,854.0,5583.0,0.0
0.0,343.0,5720.0,2768.0,3544.0,13840.0,13840.0,1914.0,854.0,5720.0,0.0
0.0,0.0,3954.0,2830.0,7203.0,12734.0,12734.0,1990.0,840.0,3954.0,0.0
0.0,1416.0,269.0,2806.0,12947.0,0.0,0.0,1996.0,810.0,269.0,0.0
0.0,14094.0,0.0,2761.0,13840.0,0.0,0.0,1996.0,765.0,0.0,0.0
0.0,27934.0,791.0,2730.0,12734.0,0.0,0.0,1996.0,734.0,0.0,791.0
0.0,39877.0,1601.0,2695.0,0.0,0.0,0.0,1963.0,732.0,0.0,1601.0
0.0,38276.0,2412.0,2671.0,0.0,0.0,0.0,1895.0,776.0,0.0,2412.0
0.0,35864.0,2431.0,2614.0,0.0,0.0,0.0,1791.0,823.0,0.0,2431.0
0.0,33433.0,3329.0,2571.0,0.0,0.0,0.0,1716.0,855.0,1692.0,1637.0
0.0,30104.0,3614.0,2564.0,0.0,0.0,0.0,1709.0,855.0,3580.0,34.0
0.0,26490.0,5472.0,2662.0,0.0,0.0,0.0,1807.0,855.0,5472.0,0.0
0.0,21018.0,5659.0,2771.0,0.0,0.0,0.0,1916.0,855.0,5659.0,0.0
0.0,15359.0,3965.0,2834.0,0.0,2776.0,2776.0,1992.0,842.0,3965.0,0.0
0.0,11394.0,370.0,2812.0,0.0,3036.0,3036.0,1999.0,813.0,370.0,0.0
0.0,11024.0,0.0,2767.0,0.0,2811.0,2811.0,1999.0,768.0,0.0,0.0
0.0,11024.0,773.0,2736.0,2776.0,653.0,653.0,1999.0,737.0,0.0,773.0
0.0,13027.0,1577.0,2705.0,3036.0,0.0,0.0,1969.0,736.0,0.0,1577.0
0.0,14486.0,2380.0,2680.0,2811.0,0.0,0.0,1902.0,778.0,0.0,2380.0
0.0,14917.0,2412.0,2625.0,653.0,0.0,0.0,1800.0,825.0,0.0,2412.0
0.0,13158.0,3290.0,2581.0,0.0,3037.0,3037.0,1725.0,856.0,1650.0,1640.0
0.0,9868.0,3603.0,2573.0,0.0,6600.0,6600.0,1716.0,857.0,3532.0,71.0
0.0,6265.0,5422.0,2667.0,0.0,12492.0,12492.0,1810.0,857.0,5422.0,0.0
0.0,843.0,5654.0,2776.0,3037.0,13880.0,13880.0,1919.0,857.0,5654.0,0.0
0.0,0.0,4008.0,2839.0,6600.0,13377.0,13377.0,1996.0,843.0,4008.0,0.0
0.0,818.0,484.0,2819.0,12492.0,1269.0,1269.0,2005.0,814.0,484.0,0.0
0.0,12826.0,0.0,2774.0,13880.0,0.0,0.0,2005.0,769.0,0.0,0.0
0.0,26706.0,811.0,2743.0,13377.0,0.0,0.0,2005.0,738.0,0.0,811.0
0.0,39272.0,1623.0,2710.0,1269.0,0.0,0.0,1973.0,737.0,0.0,1623.0
0.0,38918.0,2439.0,2686.0,0.0,0.0,0.0,1905.0,781.0,0.0,2439.0
0.0,36479.0,2446.0,2630.0,0.0,0.0,0.0,1801.0,829.0,0.0,2446.0
0.0,34033.0,3401.0,2586.0,0.0,0.0,0.0,1726.0,860.0,1760.0,1641.0
0.0,30632.0,3693.0,2580.0,0.0,0.0,0.0,1719.0,861.0,3668.0,25.0
0.0,26939.0,5585.0,2679.0,0.0,0.0,0.0,1818.0,861.0,5585.0,0.0
0.0,21354.0,5741.0,2789.0,0.0,0.0,0.0,1928.0,861.0,5741.0,0.0
0.0,15613.0,3989.0,2850.0,0.0,2626.0,2626.0,2005.0,845.0,3989.0,0.0
0.0,11624.0,332.0,2825.0,0.0,2833.0,2833.0,2011.0,814.0,332.0,0.0
0.0,11292.0,22.0,2779.0,0.0,2625.0,2625.0,2011.0,768.0,0.0,22.0
0.0,11270.0,855.0,2749.0,2626.0,704.0,704.0,2011.0,738.0,0.0,855.0
0.0,13041.0,1682.0,2715.0,2833.0,0.0,0.0,1977.0,738.0,0.0,1682.0
0.0,14192.0,2487.0,2691.0,2625.0,0.0,0.0,1906.0,785.0,0.0,2487.0
0.0,14330.0,2461.0,2631.0,704.0,582.0,582.0,1799.0,832.0,0.0,2461.0
0.0,12573.0,3473.0,2587.0,0.0,3835.0,3835.0,1724.0,863.0,1864.0,1609.0
0.0,9100.0,3808.0,2584.0,0.0,7628.0,7628.0,1721.0,863.0,3808.0,0.0
0.0,5292.0,5743.0,2689.0,582.0,13314.0,13314.0,1826.0,863.0,5743.0,0.0
0.0,131.0,5821.0,2801.0,3835.0,14005.0,14005.0,1938.0,863.0,5821.0,0.0
0.0,0.0,3949.0,2861.0,7628.0,12481.0,12481.0,2014.0,847.0,3949.0,0.0
0.0,1824.0,147.0,2833.0,13314.0,0.0,0.0,2017.0,816.0,147.0,0.0
0.0,14991.0,42.0,2787.0,14005.0,0.0,0.0,2017.0,770.0,0.0,42.0
0.0,28954.0,872.0,2756.0,12481.0,0.0,0.0,2017.0,739.0,0.0,872.0
0.0,40563.0,1700.0,2723.0,0.0,0.0,0.0,1983.0,740.0,0.0,1700.0
0.0,38863.0,2487.0,2700.0,0.0,0.0,0.0,1912.0,788.0,0.0,2487.0
0.0,36376.0,2442.0,2640.0,0.0,0.0,0.0,1805.0,835.0,0.0,2442.0
0.0,33934.0,3417.0,2595.0,0.0,0.0,0.0,1730.0,865.0,1843.0,1574.0
0.0,30517.0,3769.0,2591.0,0.0,0.0,0.0,1726.0,865.0,3769.0,0.0
0.0,26748.0,5695.0,2696.0,0.0,0.0,0.0,1831.0,865.0,5695.0,0.0
0.0,21053.0,5772.0,2807.0,0.0,0.0,0.0,1942.0,865.0,5772.0,0.0
0.0,15281.0,3919.0,2867.0,0.0,2973.0,2973.0,2017.0,850.0,3919.0,0.0
0.0,11362.0,149.0,2839.0,0.0,2982.0,2982.0,2020.0,819.0,149.0,0.0
0.0,11213.0,13.0,2793.0,0.0,2765.0,2765.0,2020.0,773.0,0.0,13.0
0.0,11200.0,833.0,2762.0,2973.0,470.0,470.0,2020.0,742.0,0.0,833.0
0.0,13340.0,1653.0,2730.0,2982.0,0.0,0.0,1988.0,742.0,0.0,1653.0
0.0,14669.0,2458.0,2708.0,2765.0,0.0,0.0,1919.0,789.0,0.0,2458.0
0.0,14976.0,2447.0,2649.0,470.0,246.0,246.0,1813.0,836.0,0.0,2447.0
0.0,12999.0,3399.0,2606.0,0.0,3430.0,3430.0,1739.0,867.0,1787.0,1612.0
0.0,9600.0,3690.0,2601.0,0.0,7095.0,7095.0,1734.0,867.0,3690.0,0.0
0.0,5910.0,5602.0,2701.0,246.0,12951.0,12951.0,1834.0,867.0,5602.0,0.0
0.0,554.0,5718.0,2811.0,3430.0,14055.0,14055.0,1944.0,867.0,5718.0,0.0
0.0,0.0,3936.0,2872.0,7095.0,12935.0,12935.0,2020.0,852.0,3936.0,0.0
0.0,1425.0,240.0,2847.0,12951.0,99.0,99.0,2025.0,822.0,240.0,0.0
0.0,14136.0,0.0,2801.0,14055.0,0.0,0.0,2025.0,776.0,0.0,0.0
0.0,28191.0,814.0,2770.0,12935.0,0.0,0.0,2025.0,745.0,0.0,814.0
0.0,40312.0,1636.0,2738.0,99.0,0.0,0.0,1993.0,745.0,0.0,1636.0
0.0,38775.0,2452.0,2716.0,0.0,0.0,0.0,1925.0,791.0,0.0,2452.0
0.0,36323.0,2455.0,2659.0,0.0,0.0,0.0,1821.0,838.0,0.0,2455.0
0.0,33868.0,3436.0,2616.0,0.0,0.0,0.0,1746.0,870.0,1798.0,1638.0
0.0,30432.0,3730.0,2611.0,0.0,0.0,0.0,1741.0,870.0,3718.0,12.0
0.0,26702.0,5631.0,2710.0,0.0,0.0,0.0,1840.0,870.0,5631.0,0.0
0.0,21071.0,5757.0,2821.0,0.0,0.0,0.0,1951.0,870.0,5757.0,0.0
0.0,15314.0,3957.0,2881.0,0.0,3048.0,3048.0,2027.0,854.0,3957.0,0.0
0.0,11357.0,253.0,2855.0,0.0,3171.0,3171.0,2032.0,823.0,253.0,0.0
0.0,11104.0,27.0,2809.0,0.0,2968.0,2968.0,2032.0,777.0,0.0,27.0
0.0,11077.0,855.0,2778.0,3048.0,620.0,620.0,2032.0,746.0,0.0,855.0
0.0,13270.0,1681.0,2745.0,3171.0,0.0,0.0,1998.0,747.0,0.0,1681.0
0.0,14760.0,2484.0,2721.0,2968.0,0.0,0.0,1927.0,794.0,0.0,2484.0
0.0,15244.0,2460.0,2662.0,620.0,0.0,0.0,1820.0,842.0,0.0,2460.0
0.0,13404.0,3529.0,2619.0,0.0,3220.0,3220.0,1746.0,873.0,1911.0,1618.0
0.0,9875.0,3858.0,2617.0,0.0,7068.0,7068.0,1744.0,873.0,3858.0,0.0
0.0,6017.0,5811.0,2722.0,0.0,13404.0,13404.0,1849.0,873.0,5811.0,0.0
0.0,206.0,5850.0,2833.0,3220.0,14165.0,14165.0,1961.0,872.0,5850.0,0.0
0.0,0.0,3950.0,2893.0,7068.0,13771.0,13771.0,2037.0,856.0,3950.0,0.0
0.0,694.0,98.0,2863.0,13404.0,315.0,315.0,2039.0,824.0,98.0,0.0
0.0,14000.0,84.0,2816.0,14165.0,0.0,0.0,2039.0,777.0,0.0,84.0
0.0,28081.0,923.0,2787.0,13771.0,0.0,0.0,2039.0,748.0,0.0,923.0
0.0,40929.0,1763.0,2754.0,315.0,0.0,0.0,2003.0,751.0,0.0,1763.0
0.0,39481.0,2524.0,2729.0,0.0,0.0,0.0,1930.0,799.0,0.0,2524.0
0.0,36957.0,2458.0,2666.0,0.0,0.0,0.0,1820.0,846.0,16.0,2442.0
0.0,34499.0,3499.0,2621.0,0.0,0.0,0.0,1746.0,875.0,1979.0,1520.0
0.0,31000.0,3948.0,2621.0,0.0,0.0,0.0,1746.0,875.0,3948.0,0.0
0.0,27052.0,5891.0,2732.0,0.0,0.0,0.0,1857.0,875.0,5891.0,0.0
0.0,21161.0,5880.0,2845.0,0.0,0.0,0.0,1970.0,875.0,5880.0,0.0
0.0,15281.0,3895.0,2903.0,0.0,3129.0,3129.0,2045.0,858.0,3895.0,0.0
0.0,11386.0,0.0,2870.0,0.0,2964.0,2964.0,2045.0,825.0,0.0,0.0
0.0,11386.0,83.0,2824.0,0.0,2817.0,2817.0,2045.0,779.0,0.0,83.0
0.0,11303.0,926.0,2795.0,3129.0,469.0,469.0,2045.0,750.0,0.0,926.0
0.0,13506.0,1762.0,2762.0,2964.0,0.0,0.0,2009.0,753.0,0.0,1762.0
0.0,14708.0,2515.0,2739.0,2817.0,0.0,0.0,1937.0,802.0,0.0,2515.0
0.0,15010.0,2424.0,2675.0,469.0,320.0,320.0,1827.0,848.0,0.0,2424.0
0.0,13055.0,3413.0,2630.0,0.0,3508.0,3508.0,1753.0,877.0,1917.0,1496.0
0.0,9642.0,3857.0,2629.0,0.0,7360.0,7360.0,1752.0,877.0,3857.0,0.0
0.0,5785.0,5797.0,2737.0,320.0,13377.0,13377.0,1860.0,877.0,5797.0,0.0
0.0,308.0,5827.0,2850.0,3508.0,14250.0,14250.0,1973.0,877.0,5827.0,0.0
0.0,0.0,3903.0,2909.0,7360.0,13099.0,13099.0,2048.0,861.0,3903.0,0.0
0.0,1446.0,49.0,2878.0,13377.0,0.0,0.0,2049.0,829.0,49.0,0.0
0.0,14774.0,47.0,2832.0,14250.0,0.0,0.0,2049.0,783.0,0.0,47.0
0.0,28977.0,879.0,2802.0,13099.0,0.0,0.0,2049.0,753.0,0.0,879.0
0.0,41197.0,1707.0,2768.0,0.0,0.0,0.0,2014.0,754.0,0.0,1707.0
0.0,39490.0,2486.0,2745.0,0.0,0.0,0.0,1943.0,802.0,0.0,2486.0
0.0,37004.0,2434.0,2684.0,0.0,0.0,0.0,1835.0,849.0,0.0,2434.0
0.0,34570.0,3415.0,2640.0,0.0,0.0,0.0,1761.0,879.0,1862.0,1553.0
0.0,31155.0,3787.0,2637.0,0.0,0.0,0.0,1758.0,879.0,3787.0,0.0
0.0,27368.0,5711.0,2743.0,0.0,0.0,0.0,1864.0,879.0,5711.0,0.0
0.0,21657.0,5780.0,2854.0,0.0,0.0,0.0,1975.0,879.0,5780.0,0.0
0.0,15877.0,3920.0,2913.0,0.0,2608.0,2608.0,2050.0,863.0,3920.0,0.0
0.0,11957.0,142.0,2885.0,0.0,2610.0,2610.0,2053.0,832.0,142.0,0.0
0.0,11815.0,38.0,2838.0,0.0,2413.0,2413.0,2053.0,785.0,0.0,38.0
0.0,11777.0,870.0,2808.0,2608.0,525.0,525.0,2053.0,755.0,0.0,870.0
0.0,13515.0,1699.0,2774.0,2610.0,0.0,0.0,2018.0,756.0,0.0,1699.0
0.0,14426.0,2490.0,2751.0,2413.0,0.0,0.0,1947.0,804.0,0.0,2490.0
0.0,14349.0,2450.0,2690.0,525.0,1026.0,1026.0,1839.0,851.0,0.0,2450.0
0.0,12424.0,3495.0,2646.0,0.0,4301.0,4301.0,1765.0,881.0,1914.0,1581.0
0.0,8929.0,3861.0,2644.0,0.0,8152.0,8152.0,1763.0,881.0,3861.0,0.0
0.0,5068.0,5807.0,2751.0,1026.0,13468.0,13468.0,1870.0,881.0,5807.0,0.0
0.0,287.0,5848.0,2863.0,4301.0,14315.0,14315.0,1982.0,881.0,5848.0,0.0
0.0,0.0,3944.0,2922.0,8152.0,11662.0,11662.0,2058.0,864.0,3944.0,0.0
0.0,2948.0,91.0,2892.0,13468.0,0.0,0.0,2060.0,832.0,91.0,0.0
0.0,16325.0,89.0,2846.0,14315.0,0.0,0.0,2060.0,786.0,0.0,89.0
0.0,30551.0,930.0,2816.0,11662.0,0.0,0.0,2060.0,756.0,0.0,930.0
0.0,41283.0,1774.0,2782.0,0.0,0.0,0.0,2023.0,759.0,0.0,1774.0
0.0,39509.0,2527.0,2757.0,0.0,0.0,0.0,1949.0,808.0,0.0,2527.0
0.0,36982.0,2494.0,2693.0,0.0,0.0,0.0,1838.0,855.0,52.0,2442.0
0.0,34488.0,3537.0,2648.0,0.0,0.0,0.0,1764.0,884.0,2024.0,1513.0
0.0,30951.0,4007.0,2650.0,0.0,0.0,0.0,1766.0,884.0,4007.0,0.0
0.0,26944.0,5936.0,2762.0,0.0,0.0,0.0,1878.0,884.0,5936.0,0.0
0.0,21008.0,5890.0,2873.0,0.0,0.0,0.0,1991.0,882.0,5890.0,0.0
0.0,15118.0,3873.0,2931.0,0.0,3410.0,3410.0,2066.0,865.0,3873.0,0.0
0.0,11245.0,0.0,2897.0,0.0,3240.0,3240.0,2066.0,831.0,0.0,0.0
0.0,11245.0,138.0,2851.0,0.0,3148.0,3148.0,2066.0,785.0,0.0,138.0
0.0,11107.0,990.0,2822.0,3410.0,583.0,583.0,2065.0,757.0,0.0,990.0
0.0,13527.0,1842.0,2790.0,3240.0,0.0,0.0,2027.0,763.0,0.0,1842.0
0.0,14925.0,2555.0,2763.0,3148.0,0.0,0.0,1951.0,812.0,0.0,2555.0
0.0,15518.0,2519.0,2699.0,583.0,0.0,0.0,1840.0,859.0,103.0,2416.0
0.0,13582.0,3516.0,2653.0,0.0,3199.0,3199.0,1767.0,886.0,2087.0,1429.0
0.0,10066.0,4070.0,2656.0,0.0,7284.0,7284.0,1770.0,886.0,4070.0,0.0
0.0,5996.0,5956.0,2771.0,0.0,13815.0,13815.0,1885.0,886.0,5956.0,0.0
0.0,40.0,5851.0,2882.0,3199.0,14410.0,14410.0,1997.0,885.0,5851.0,0.0
0.0,0.0,3764.0,2937.0,7284.0,13777.0,13777.0,2070.0,867.0,3764.0,0.0
0.0,908.0,0.0,2903.0,13815.0,0.0,0.0,2070.0,833.0,0.0,0.0
0.0,14723.0,126.0,2857.0,14410.0,0.0,0.0,2070.0,787.0,0.0,126.0
0.0,29007.0,972.0,2829.0,13777.0,0.0,0.0,2070.0,759.0,0.0,972.0
0.0,41812.0,1816.0,2798.0,0.0,0.0,0.0,2033.0,765.0,0.0,1816.0
0.0,39996.0,2533.0,2773.0,0.0,0.0,0.0,1959.0,814.0,0.0,2533.0
0.0,37463.0,2445.0,2708.0,0.0,0.0,0.0,1848.0,860.0,37.0,2408.0
0.0,35018.0,3438.0,2662.0,0.0,0.0,0.0,1774.0,888.0,2003.0,1435.0
0.0,31580.0,3972.0,2664.0,0.0,0.0,0.0,1776.0,888.0,3972.0,0.0
0.0,27608.0,5897.0,2776.0,0.0,0.0,0.0,1888.0,888.0,5897.0,0.0
0.0,21711.0,5853.0,2888.0,0.0,0.0,0.0,2001.0,887.0,5853.0,0.0
0.0,15858.0,3837.0,2945.0,0.0,2704.0,2704.0,2075.0,870.0,3837.0,0.0
0.0,12021.0,0.0,2912.0,0.0,2539.0,2539.0,2075.0,837.0,0.0,0.0
0.0,12021.0,95.0,2866.0,0.0,2404.0,2404.0,2075.0,791.0,0.0,95.0
0.0,11926.0,931.0,2837.0,2704.0,486.0,486.0,2075.0,762.0,0.0,931.0
0.0,13699.0,1768.0,2805.0,2539.0,0.0,0.0,2039.0,766.0,0.0,1768.0
0.0,14470.0,2515.0,2781.0,2404.0,0.0,0.0,1966.0,815.0,0.0,2515.0
0.0,14359.0,2421.0,2717.0,486.0,1161.0,1161.0,1856.0,861.0,0.0,2421.0
0.0,12424.0,3413.0,2672.0,0.0,4349.0,4349.0,1782.0,890.0,1924.0,1489.0
0.0,9011.0,3879.0,2671.0,0.0,8223.0,8223.0,1781.0,890.0,3879.0,0.0
0.0,5132.0,5829.0,2781.0,1161.0,13441.0,13441.0,1891.0,890.0,5829.0,0.0
0.0,464.0,5862.0,2892.0,4349.0,14460.0,14460.0,2003.0,889.0,5862.0,0.0
0.0,0.0,3939.0,2952.0,8223.0,11525.0,11525.0,2079.0,873.0,3939.0,0.0
0.0,3235.0,72.0,2920.0,13441.0,0.0,0.0,2080.0,840.0,72.0,0.0
0.0,16604.0,96.0,2874.0,14460.0,0.0,0.0,2080.0,794.0,0.0,96.0
0.0,30968.0,942.0,2845.0,11525.0,0.0,0.0,2080.0,765.0,0.0,942.0
0.0,41551.0,1783.0,2813.0,0.0,0.0,0.0,2044.0,769.0,0.0,1783.0
0.0,39768.0,2532.0,2786.0,0.0,0.0,0.0,1969.0,817.0,0.0,2532.0
0.0,37236.0,2473.0,2722.0,0.0,0.0,0.0,1858.0,864.0,38.0,2435.0
0.0,34763.0,3518.0,2678.0,0.0,0.0,0.0,1785.0,893.0,2019.0,1499.0
0.0,31245.0,3995.0,2679.0,0.0,0.0,0.0,1786.0,893.0,3995.0,0.0
0.0,27250.0,5944.0,2791.0,0.0,0.0,0.0,1898.0,893.0,5944.0,0.0
0.0,21306.0,5908.0,2903.0,0.0,0.0,0.0,2012.0,891.0,5908.0,0.0
0.0,15398.0,3896.0,2961.0,0.0,3303.0,3303.0,2087.0,874.0,3896.0,0.0
0.0,11502.0,0.0,2926.0,0.0,3128.0,3128.0,2087.0,839.0,0.0,0.0
0.0,11502.0,147.0,2881.0,0.0,3050.0,3050.0,2087.0,794.0,0.0,147.0
0.0,11355.0,1002.0,2852.0,3303.0,604.0,604.0,2086.0,766.0,0.0,1002.0
0.0,13656.0,1859.0,2820.0,3128.0,0.0,0.0,2047.0,773.0,0.0,1859.0
0.0,14925.0,2570.0,2792.0,3050.0,0.0,0.0,1970.0,822.0,0.0,2570.0
0.0,15405.0,2577.0,2728.0,604.0,208.0,208.0,1859.0,869.0,149.0,2428.0
0.0,13432.0,3598.0,2683.0,0.0,3581.0,3581.0,1787.0,896.0,2163.0,1435.0
0.0,9834.0,4169.0,2689.0,0.0,7780.0,7780.0,1793.0,896.0,4169.0,0.0
0.0,5665.0,6033.0,2805.0,208.0,14025.0,14025.0,1909.0,896.0,6033.0,0.0
0.0,0.0,5882.0,2916.0,3581.0,14580.0,14580.0,2022.0,894.0,5882.0,0.0
0.0,0.0,3729.0,2968.0,7780.0,13250.0,13250.0,2093.0,875.0,3729.0,0.0
0.0,1590.0,0.0,2932.0,14025.0,0.0,0.0,2093.0,839.0,0.0,0.0
0.0,15615.0,174.0,2886.0,14580.0,0.0,0.0,2093.0,793.0,0.0,174.0
0.0,30021.0,1035.0,2858.0,13250.0,0.0,0.0,2091.0,767.0,0.0,1035.0
0.0,42236.0,1896.0,2827.0,0.0,0.0,0.0,2051.0,776.0,0.0,1896.0
0.0,40340.0,2584.0,2799.0,0.0,0.0,0.0,1973.0,826.0,0.0,2584.0
0.0,37756.0,2562.0,2733.0,0.0,0.0,0.0,1861.0,872.0,148.0,2414.0
0.0,35194.0,3534.0,2688.0,0.0,0.0,0.0,1790.0,898.0,2157.0,1377.0
0.0,31660.0,4160.0,2696.0,0.0,0.0,0.0,1798.0,898.0,4160.0,0.0
0.0,27500.0,6022.0,2812.0,0.0,0.0,0.0,1914.0,898.0,6022.0,0.0
0.0,21478.0,5864.0,2923.0,0.0,0.0,0.0,2027.0,896.0,5864.0,0.0
0.0,15614.0,3708.0,2975.0,0.0,2969.0,2969.0,2098.0,877.0,3708.0,0.0
0.0,11906.0,0.0,2940.0,0.0,2794.0,2794.0,2098.0,842.0,0.0,0.0
0.0,11906.0,146.0,2894.0,0.0,2710.0,2710.0,2098.0,796.0,0.0,146.0
0.0,11760.0,999.0,2866.0,2969.0,600.0,600.0,2097.0,769.0,0.0,999.0
0.0,13730.0,1850.0,2836.0,2794.0,0.0,0.0,2059.0,777.0,0.0,1850.0
0.0,14674.0,2561.0,2809.0,2710.0,0.0,0.0,1982.0,827.0,0.0,2561.0
0.0,14823.0,2468.0,2743.0,600.0,760.0,760.0,1870.0,873.0,56.0,2412.0
0.0,12955.0,3445.0,2696.0,0.0,3970.0,3970.0,1796.0,900.0,2036.0,1409.0
0.0,9510.0,4012.0,2700.0,0.0,8002.0,8002.0,1800.0,900.0,4012.0,0.0
0.0,5498.0,5936.0,2814.0,760.0,13748.0,13748.0,1914.0,900.0,5936.0,0.0
0.0,322.0,5872.0,2925.0,3970.0,14625.0,14625.0,2027.0,898.0,5872.0,0.0
0.0,0.0,3843.0,2981.0,8002.0,12326.0,12326.0,2101.0,880.0,3843.0,0.0
0.0,2579.0,0.0,2947.0,13748.0,0.0,0.0,2101.0,846.0,0.0,0.0
0.0,16327.0,112.0,2901.0,14625.0,0.0,0.0,2101.0,800.0,0.0,112.0
0.0,30840.0,957.0,2873.0,12326.0,0.0,0.0,2101.0,772.0,0.0,957.0
0.0,42209.0,1804.0,2842.0,0.0,0.0,0.0,2064.0,778.0,0.0,1804.0
0.0,40405.0,2544.0,2816.0,0.0,0.0,0.0,1989.0,827.0,0.0,2544.0
0.0,37861.0,2498.0,2752.0,0.0,0.0,0.0,1878.0,874.0,63.0,2435.0
0.0,35363.0,3525.0,2707.0,0.0,0.0,0.0,1805.0,902.0,2045.0,1480.0
0.0,31838.0,4032.0,2709.0,0.0,0.0,0.0,1807.0,902.0,4032.0,0.0
0.0,27806.0,5953.0,2822.0,0.0,0.0,0.0,1920.0,902.0,5953.0,0.0
0.0,21853.0,5896.0,2933.0,0.0,0.0,0.0,2033.0,900.0,5896.0,0.0
0.0,15957.0,3852.0,2989.0,0.0,2840.0,2840.0,2107.0,882.0,3852.0,0.0
0.0,12105.0,0.0,2955.0,0.0,2670.0,2670.0,2107.0,848.0,0.0,0.0
0.0,12105.0,135.0,2909.0,0.0,2575.0,2575.0,2107.0,802.0,0.0,135.0
0.0,11970.0,995.0,2881.0,2840.0,590.0,590.0,2107.0,774.0,0.0,995.0
0.0,13815.0,1852.0,2849.0,2670.0,0.0,0.0,2068.0,781.0,0.0,1852.0
0.0,14633.0,2576.0,2822.0,2575.0,0.0,0.0,1991.0,831.0,0.0,2576.0
0.0,14632.0,2593.0,2757.0,590.0,1156.0,1156.0,1880.0,877.0,152.0,2441.0
0.0,12629.0,3614.0,2713.0,0.0,4550.0,4550.0,1808.0,905.0,2163.0,1451.0
0.0,9015.0,4177.0,2718.0,0.0,8752.0,8752.0,1813.0,905.0,4177.0,0.0
0.0,4838.0,6038.0,2834.0,1156.0,14170.0,14170.0,1929.0,905.0,6038.0,0.0
0.0,0.0,5900.0,2945.0,4550.0,14725.0,14725.0,2042.0,903.0,5900.0,0.0
0.0,0.0,3742.0,2997.0,8752.0,11369.0,11369.0,2114.0,883.0,3742.0,0.0
0.0,3616.0,0.0,2962.0,14170.0,0.0,0.0,2114.0,848.0,0.0,0.0
0.0,17786.0,182.0,2916.0,14725.0,0.0,0.0,2114.0,802.0,0.0,182.0
0.0,32329.0,1052.0,2887.0,11369.0,0.0,0.0,2112.0,775.0,0.0,1052.0
0.0,42646.0,1921.0,2854.0,0.0,0.0,0.0,2070.0,784.0,0.0,1921.0
0.0,40725.0,2609.0,2825.0,0.0,0.0,0.0,1990.0,835.0,0.0,2609.0
0.0,38116.0,2667.0,2759.0,0.0,0.0,0.0,1878.0,881.0,240.0,2427.0
0.0,35449.0,3652.0,2717.0,0.0,0.0,0.0,1809.0,908.0,2274.0,1378.0
0.0,31797.0,4313.0,2728.0,0.0,0.0,0.0,1820.0,908.0,4313.0,0.0
0.0,27484.0,6107.0,2846.0,0.0,0.0,0.0,1938.0,908.0,6107.0,0.0
0.0,21377.0,5873.0,2955.0,0.0,0.0,0.0,2051.0,904.0,5873.0,0.0
0.0,15504.0,3592.0,3005.0,0.0,3113.0,3113.0,2120.0,885.0,3592.0,0.0
0.0,11912.0,0.0,2968.0,0.0,2928.0,2928.0,2120.0,848.0,0.0,0.0
0.0,11912.0,204.0,2922.0,0.0,2902.0,2902.0,2120.0,802.0,0.0,204.0
0.0,11708.0,1076.0,2894.0,3113.0,725.0,725.0,2117.0,777.0,0.0,1076.0
0.0,13745.0,1947.0,2863.0,2928.0,0.0,0.0,2075.0,788.0,0.0,1947.0
0.0,14726.0,2613.0,2833.0,2902.0,0.0,0.0,1995.0,838.0,0.0,2613.0
0.0,15015.0,2637.0,2768.0,725.0,737.0,737.0,1884.0,884.0,227.0,2410.0
0.0,13103.0,3584.0,2725.0,0.0,4106.0,4106.0,1815.0,910.0,2254.0,1330.0
0.0,9519.0,4273.0,2735.0,0.0,8429.0,8429.0,1825.0,910.0,4273.0,0.0
0.0,5246.0,6066.0,2852.0,737.0,14260.0,14260.0,1942.0,910.0,6066.0,0.0
0.0,0.0,5830.0,2961.0,4106.0,14805.0,14805.0,2054.0,907.0,5830.0,0.0
0.0,0.0,3569.0,3011.0,8429.0,12002.0,12002.0,2123.0,888.0,3569.0,0.0
0.0,3053.0,0.0,2975.0,14260.0,0.0,0.0,2123.0,852.0,0.0,0.0
0.0,17313.0,162.0,2929.0,14805.0,0.0,0.0,2123.0,806.0,0.0,162.0
0.0,31956.0,1026.0,2901.0,12002.0,0.0,0.0,2122.0,779.0,0.0,1026.0
0.0,42932.0,1886.0,2872.0,0.0,0.0,0.0,2083.0,789.0,0.0,1886.0
0.0,41046.0,2589.0,2843.0,0.0,0.0,0.0,2005.0,838.0,0.0,2589.0
0.0,38457.0,2588.0,2779.0,0.0,0.0,0.0,1894.0,885.0,168.0,2420.0
0.0,35869.0,3571.0,2735.0,0.0,0.0,0.0,1823.0,912.0,2178.0,1393.0
0.0,32298.0,4183.0,2742.0,0.0,0.0,0.0,1830.0,912.0,4183.0,0.0
0.0,28115.0,6017.0,2858.0,0.0,0.0,0.0,1946.0,912.0,6017.0,0.0
0.0,22098.0,5838.0,2968.0,0.0,0.0,0.0,2058.0,910.0,5838.0,0.0
0.0,16260.0,3661.0,3019.0,0.0,2496.0,2496.0,2128.0,891.0,3661.0,0.0
0.0,12599.0,0.0,2984.0,0.0,2321.0,2321.0,2128.0,856.0,0.0,0.0
0.0,12599.0,141.0,2938.0,0.0,2232.0,2232.0,2128.0,810.0,0.0,141.0
0.0,12458.0,1005.0,2910.0,2496.0,601.0,601.0,2127.0,783.0,0.0,1005.0
0.0,13949.0,1864.0,2878.0,2321.0,0.0,0.0,2088.0,790.0,0.0,1864.0
0.0,14406.0,2582.0,2850.0,2232.0,194.0,194.0,2010.0,840.0,0.0,2582.0
0.0,14056.0,2622.0,2786.0,601.0,1895.0,1895.0,1899.0,887.0,184.0,2438.0
0.0,12035.0,3631.0,2742.0,0.0,5306.0,5306.0,1828.0,914.0,2195.0,1436.0
0.0,8404.0,4214.0,2749.0,194.0,9361.0,9361.0,1835.0,914.0,4214.0,0.0
0.0,4384.0,6042.0,2865.0,1895.0,14088.0,14088.0,1951.0,914.0,6042.0,0.0
0.0,237.0,5867.0,2976.0,5306.0,14880.0,14880.0,2064.0,912.0,5867.0,0.0
0.0,0.0,3673.0,3028.0,9361.0,9776.0,9776.0,2135.0,893.0,3673.0,0.0
0.0,5364.0,0.0,2992.0,14088.0,0.0,0.0,2135.0,857.0,0.0,0.0
0.0,19452.0,182.0,2946.0,14880.0,0.0,0.0,2135.0,811.0,0.0,182.0
0.0,34150.0,1051.0,2916.0,9776.0,0.0,0.0,2132.0,784.0,0.0,1051.0
0.0,42875.0,1922.0,2883.0,0.0,0.0,0.0,2090.0,793.0,0.0,1922.0
0.0,40953.0,2613.0,2853.0,0.0,0.0,0.0,2010.0,843.0,0.0,2613.0
0.0,38340.0,2734.0,2790.0,0.0,0.0,0.0,1900.0,890.0,297.0,2437.0
0.0,35606.0,3732.0,2748.0,0.0,0.0,0.0,1831.0,917.0,2337.0,1395.0
0.0,31874.0,4388.0,2760.0,0.0,0.0,0.0,1843.0,917.0,4388.0,0.0
0.0,27486.0,6144.0,2879.0,0.0,0.0,0.0,1962.0,917.0,6144.0,0.0
0.0,21342.0,5855.0,2988.0,0.0,0.0,0.0,2074.0,914.0,5855.0,0.0
0.0,15487.0,3517.0,3035.0,0.0,3205.0,3205.0,2142.0,893.0,3517.0,0.0
0.0,11970.0,0.0,2998.0,0.0,3020.0,3020.0,2142.0,856.0,0.0,0.0
0.0,11970.0,227.0,2953.0,0.0,3022.0,3022.0,2142.0,811.0,0.0,227.0
0.0,11743.0,1108.0,2922.0,3205.0,770.0,770.0,2137.0,785.0,0.0,1108.0
0.0,13840.0,1990.0,2891.0,3020.0,0.0,0.0,2094.0,797.0,0.0,1990.0
0.0,14870.0,2645.0,2859.0,3022.0,0.0,0.0,2011.0,848.0,0.0,2645.0
0.0,15247.0,2784.0,2795.0,770.0,742.0,742.0,1900.0,895.0,358.0,2426.0
0.0,13233.0,3738.0,2754.0,0.0,4275.0,4275.0,1834.0,920.0,2420.0,1318.0
0.0,9495.0,4478.0,2771.0,0.0,8838.0,8838.0,1851.0,920.0,4478.0,0.0
0.0,5017.0,6184.0,2890.0,742.0,14450.0,14450.0,1970.0,920.0,6184.0,0.0
0.0,0.0,5819.0,2997.0,4275.0,14985.0,14985.0,2081.0,916.0,5819.0,0.0
0.0,0.0,3396.0,3042.0,8838.0,11737.0,11737.0,2147.0,895.0,3396.0,0.0
0.0,3473.0,0.0,3005.0,14450.0,0.0,0.0,2147.0,858.0,0.0,0.0
0.0,17923.0,218.0,2959.0,14985.0,0.0,0.0,2147.0,812.0,0.0,218.0
0.0,32690.0,1094.0,2928.0,11737.0,0.0,0.0,2142.0,786.0,0.0,1094.0
0.0,43333.0,1971.0,2898.0,0.0,0.0,0.0,2099.0,799.0,0.0,1971.0
0.0,41362.0,2630.0,2866.0,0.0,0.0,0.0,2017.0,849.0,0.0,2630.0
0.0,38732.0,2714.0,2802.0,0.0,0.0,0.0,1906.0,896.0,297.0,2417.0
0.0,36018.0,3665.0,2760.0,0.0,0.0,0.0,1839.0,921.0,2344.0,1321.0
0.0,32353.0,4383.0,2776.0,0.0,0.0,0.0,1855.0,921.0,4383.0,0.0
0.0,27970.0,6125.0,2893.0,0.0,0.0,0.0,1972.0,921.0,6125.0,0.0
0.0,21845.0,5816.0,3002.0,0.0,0.0,0.0,2084.0,918.0,5816.0,0.0
0.0,16029.0,3467.0,3049.0,0.0,2683.0,2683.0,2151.0,898.0,3467.0,0.0
0.0,12562.0,0.0,3013.0,0.0,2503.0,2503.0,2151.0,862.0,0.0,0.0
0.0,12562.0,186.0,2967.0,0.0,2459.0,2459.0,2151.0,816.0,0.0,186.0
0.0,12376.0,1055.0,2938.0,2683.0,686.0,686.0,2148.0,790.0,0.0,1055.0
0.0,14004.0,1922.0,2906.0,2503.0,0.0,0.0,2106.0,800.0,0.0,1922.0
0.0,14585.0,2609.0,2875.0,2459.0,0.0,0.0,2025.0,850.0,0.0,2609.0
0.0,14435.0,2646.0,2811.0,686.0,1580.0,1580.0,1914.0,897.0,226.0,2420.0
0.0,12475.0,3613.0,2768.0,0.0,4978.0,4978.0,1845.0,923.0,2248.0,1365.0
0.0,8862.0,4273.0,2780.0,0.0,9311.0,9311.0,1857.0,923.0,4273.0,0.0
0.0,4589.0,6073.0,2896.0,1580.0,14384.0,14384.0,1973.0,923.0,6073.0,0.0
0.0,96.0,5852.0,3006.0,4978.0,15030.0,15030.0,2086.0,920.0,5852.0,0.0
0.0,0.0,3600.0,3056.0,9311.0,10347.0,10347.0,2155.0,901.0,3600.0,0.0
0.0,4933.0,0.0,3020.0,14384.0,0.0,0.0,2155.0,865.0,0.0,0.0
0.0,19317.0,181.0,2974.0,15030.0,0.0,0.0,2155.0,819.0,0.0,181.0
0.0,34166.0,1051.0,2944.0,10347.0,0.0,0.0,2152.0,792.0,0.0,1051.0
0.0,43462.0,1922.0,2910.0,0.0,0.0,0.0,2109.0,801.0,0.0,1922.0
0.0,41540.0,2619.0,2880.0,0.0,0.0,0.0,2028.0,852.0,0.0,2619.0
0.0,38921.0,2717.0,2817.0,0.0,0.0,0.0,1918.0,899.0,277.0,2440.0
0.0,36204.0,3707.0,2775.0,0.0,0.0,0.0,1849.0,926.0,2315.0,1392.0
0.0,32497.0,4356.0,2788.0,0.0,0.0,0.0,1862.0,926.0,4356.0,0.0
0.0,28141.0,6130.0,2906.0,0.0,0.0,0.0,1980.0,926.0,6130.0,0.0
0.0,22011.0,5860.0,3015.0,0.0,0.0,0.0,2093.0,922.0,5860.0,0.0
0.0,16151.0,3563.0,3064.0,0.0,2732.0,2732.0,2162.0,902.0,3563.0,0.0
0.0,12588.0,0.0,3027.0,0.0,2547.0,2547.0,2162.0,865.0,0.0,0.0
0.0,12588.0,218.0,2981.0,0.0,2535.0,2535.0,2162.0,819.0,0.0,218.0
0.0,12370.0,1102.0,2949.0,2732.0,745.0,745.0,2156.0,793.0,0.0,1102.0
0.0,14000.0,1987.0,2915.0,2547.0,15.0,15.0,2111.0,804.0,0.0,1987.0
0.0,14560.0,2661.0,2882.0,2535.0,0.0,0.0,2026.0,856.0,0.0,2661.0
0.0,14434.0,2852.0,2819.0,745.0,1768.0,1768.0,1916.0,903.0,404.0,2448.0
0.0,12327.0,3834.0,2780.0,15.0,5392.0,5392.0,1851.0,929.0,2484.0,1350.0
0.0,8508.0,4558.0,2800.0,0.0,10050.0,10050.0,1871.0,929.0,4558.0,0.0
0.0,3950.0,6239.0,2920.0,1768.0,14600.0,14600.0,1991.0,929.0,6239.0,0.0
0.0,0.0,5834.0,3027.0,5392.0,15135.0,15135.0,2103.0,924.0,5834.0,0.0
0.0,0.0,3362.0,3071.0,10050.0,9630.0,9630.0,2168.0,903.0,3362.0,0.0
0.0,5725.0,0.0,3033.0,14600.0,0.0,0.0,2168.0,865.0,0.0,0.0
0.0,20325.0,245.0,2987.0,15135.0,0.0,0.0,2168.0,819.0,0.0,245.0
0.0,35215.0,1138.0,2955.0,9630.0,0.0,0.0,2161.0,794.0,0.0,1138.0
0.0,43707.0,2038.0,2923.0,0.0,0.0,0.0,2115.0,808.0,0.0,2038.0
0.0,41669.0,2686.0,2888.0,0.0,0.0,0.0,2029.0,859.0,0.0,2686.0
0.0,38983.0,2885.0,2824.0,0.0,0.0,0.0,1918.0,906.0,444.0,2441.0
0.0,36098.0,3824.0,2786.0,0.0,0.0,0.0,1855.0,931.0,2528.0,1296.0
0.0,32274.0,4612.0,2809.0,0.0,0.0,0.0,1878.0,931.0,4612.0,0.0
0.0,27662.0,6245.0,2929.0,0.0,0.0,0.0,1998.0,931.0,6245.0,0.0
0.0,21417.0,5800.0,3037.0,0.0,0.0,0.0,2110.0,927.0,5800.0,0.0
0.0,15617.0,3266.0,3079.0,0.0,3044.0,3044.0,2173.0,906.0,3266.0,0.0
0.0,12351.0,0.0,3041.0,0.0,2854.0,2854.0,2173.0,868.0,0.0,0.0
0.0,12351.0,221.0,2995.0,0.0,2845.0,2845.0,2173.0,822.0,0.0,221.0
0.0,12130.0,1107.0,2964.0,3044.0,753.0,753.0,2167.0,797.0,0.0,1107.0
0.0,14067.0,1991.0,2931.0,2854.0,0.0,0.0,2122.0,809.0,0.0,1991.0
0.0,14930.0,2654.0,2898.0,2845.0,0.0,0.0,2038.0,860.0,0.0,2654.0
0.0,15121.0,2800.0,2834.0,753.0,1096.0,1096.0,1927.0,907.0,369.0,2431.0
0.0,13074.0,3762.0,2795.0,0.0,4663.0,4663.0,1862.0,933.0,2434.0,1328.0
0.0,9312.0,4492.0,2815.0,0.0,9255.0,9255.0,1882.0,933.0,4492.0,0.0
0.0,4820.0,6183.0,2934.0,1096.0,14670.0,14670.0,2001.0,933.0,6183.0,0.0
0.0,0.0,5799.0,3041.0,4663.0,15205.0,15205.0,2112.0,929.0,5799.0,0.0
0.0,0.0,3357.0,3086.0,9255.0,10935.0,10935.0,2177.0,909.0,3357.0,0.0
0.0,4495.0,0.0,3049.0,14670.0,0.0,0.0,2177.0,872.0,0.0,0.0
0.0,19165.0,194.0,3003.0,15205.0,0.0,0.0,2177.0,826.0,0.0,194.0
0.0,34176.0,1071.0,2972.0,10935.0,0.0,0.0,2172.0,800.0,0.0,1071.0
0.0,44040.0,1950.0,2940.0,0.0,0.0,0.0,2129.0,811.0,0.0,1950.0
0.0,42090.0,2632.0,2908.0,0.0,0.0,0.0,2047.0,861.0,0.0,2632.0
0.0,39458.0,2754.0,2844.0,0.0,0.0,0.0,1936.0,908.0,311.0,2443.0
0.0,36704.0,3736.0,2804.0,0.0,0.0,0.0,1869.0,935.0,2365.0,1371.0
0.0,32968.0,4417.0,2820.0,0.0,0.0,0.0,1885.0,935.0,4417.0,0.0
0.0,28551.0,6164.0,2938.0,0.0,0.0,0.0,2003.0,935.0,6164.0,0.0
0.0,22387.0,5856.0,3047.0,0.0,0.0,0.0,2116.0,931.0,5856.0,0.0
0.0,16531.0,3500.0,3094.0,0.0,2439.0,2439.0,2183.0,911.0,3500.0,0.0
0.0,13031.0,0.0,3057.0,0.0,2254.0,2254.0,2183.0,874.0,0.0,0.0
0.0,13031.0,219.0,3011.0,0.0,2243.0,2243.0,2183.0,828.0,0.0,219.0
0.0,12812.0,1103.0,2980.0,2439.0,752.0,752.0,2178.0,802.0,0.0,1103.0
0.0,14148.0,1991.0,2947.0,2254.0,324.0,324.0,2133.0,814.0,0.0,1991.0
0.0,14411.0,2658.0,2915.0,2243.0,579.0,579.0,2050.0,865.0,0.0,2658.0
0.0,13996.0,2813.0,2851.0,752.0,2320.0,2320.0,1939.0,912.0,372.0,2441.0
0.0,11935.0,3785.0,2811.0,324.0,5581.0,5581.0,1873.0,938.0,2446.0,1339.0
0.0,8474.0,4530.0,2830.0,579.0,9627.0,9627.0,1892.0,938.0,4530.0,0.0
0.0,4523.0,6239.0,2950.0,2320.0,14146.0,14146.0,2012.0,938.0,6239.0,0.0
0.0,604.0,5884.0,3058.0,5581.0,14989.0,14989.0,2125.0,933.0,5884.0,0.0
0.0,301.0,3439.0,3103.0,9627.0,9026.0,9026.0,2191.0,912.0,3439.0,0.0
0.0,6489.0,0.0,3065.0,14146.0,0.0,0.0,2191.0,874.0,0.0,0.0
0.0,20635.0,268.0,3019.0,14989.0,0.0,0.0,2191.0,828.0,0.0,268.0
0.0,35356.0,1170.0,2986.0,9026.0,0.0,0.0,2183.0,803.0,0.0,1170.0
0.0,43212.0,2070.0,2952.0,0.0,0.0,0.0,2135.0,817.0,0.0,2070.0
0.0,41142.0,2703.0,2917.0,0.0,0.0,0.0,2048.0,869.0,0.0,2703.0
0.0,38439.0,2898.0,2853.0,0.0,0.0,0.0,1937.0,916.0,465.0,2433.0
0.0,35541.0,3834.0,2814.0,0.0,0.0,0.0,1874.0,940.0,2569.0,1265.0
0.0,31707.0,4677.0,2839.0,0.0,0.0,0.0,1899.0,940.0,4677.0,0.0
0.0,27030.0,6316.0,2961.0,0.0,0.0,0.0,2021.0,940.0,6316.0,0.0
0.0,20714.0,5858.0,3069.0,0.0,489.0,489.0,2133.0,936.0,5858.0,0.0
0.0,14856.0,3288.0,3111.0,0.0,3987.0,3987.0,2197.0,914.0,3288.0,0.0
0.0,11568.0,0.0,3072.0,0.0,3792.0,3792.0,2197.0,875.0,0.0,0.0
0.0,11568.0,284.0,3025.0,489.0,3352.0,3352.0,2197.0,828.0,0.0,284.0
0.0,11773.0,1191.0,2992.0,3987.0,391.0,391.0,2188.0,804.0,0.0,1191.0
0.0,14569.0,2094.0,2959.0,3792.0,0.0,0.0,2139.0,820.0,0.0,2094.0
0.0,16267.0,2712.0,2923.0,3352.0,0.0,0.0,2051.0,872.0,0.0,2712.0
0.0,16907.0,2897.0,2858.0,391.0,0.0,0.0,1940.0,918.0,475.0,2422.0
0.0,14401.0,3798.0,2820.0,0.0,3497.0,3497.0,1878.0,942.0,2571.0,1227.0
0.0,10603.0,4670.0,2847.0,0.0,8302.0,8302.0,1905.0,942.0,4670.0,0.0
0.0,5933.0,6294.0,2968.0,0.0,14840.0,14840.0,2026.0,942.0,6294.0,0.0
0.0,0.0,5815.0,3076.0,3497.0,15380.0,15380.0,2138.0,938.0,5815.0,0.0
0.0,0.0,3240.0,3116.0,8302.0,13197.0,13197.0,2200.0,916.0,3240.0,0.0
0.0,2383.0,0.0,3078.0,14840.0,0.0,0.0,2200.0,878.0,0.0,0.0
0.0,17223.0,256.0,3032.0,15380.0,0.0,0.0,2200.0,832.0,0.0,256.0
0.0,32347.0,1150.0,3000.0,13197.0,0.0,0.0,2193.0,807.0,0.0,1150.0
0.0,44394.0,2042.0,2967.0,0.0,0.0,0.0,2146.0,821.0,0.0,2042.0
0.0,42352.0,2679.0,2933.0,0.0,0.0,0.0,2060.0,873.0,0.0,2679.0
0.0,39673.0,2819.0,2867.0,0.0,0.0,0.0,1948.0,919.0,400.0,2419.0
0.0,36854.0,3750.0,2829.0,0.0,0.0,0.0,1885.0,944.0,2479.0,1271.0
0.0,33104.0,4556.0,2852.0,0.0,0.0,0.0,1908.0,944.0,4556.0,0.0
0.0,28548.0,6231.0,2971.0,0.0,0.0,0.0,2027.0,944.0,6231.0,0.0
0.0,22317.0,5827.0,3080.0,0.0,0.0,0.0,2140.0,940.0,5827.0,0.0
0.0,16490.0,3345.0,3123.0,0.0,2470.0,2470.0,2204.0,919.0,3345.0,0.0
0.0,13145.0,0.0,3086.0,0.0,2285.0,2285.0,2204.0,882.0,0.0,0.0
0.0,13145.0,235.0,3040.0,0.0,2290.0,2290.0,2204.0,836.0,0.0,235.0
0.0,12910.0,1122.0,3008.0,2470.0,782.0,782.0,2198.0,810.0,0.0,1122.0
0.0,14258.0,2010.0,2975.0,2285.0,342.0,342.0,2152.0,823.0,0.0,2010.0
0.0,14533.0,2663.0,2941.0,2290.0,545.0,545.0,2067.0,874.0,0.0,2663.0
0.0,14160.0,2815.0,2877.0,782.0,2258.0,2258.0,1956.0,921.0,384.0,2431.0
0.0,12127.0,3780.0,2837.0,342.0,5496.0,5496.0,1891.0,946.0,2464.0,1316.0
0.0,8689.0,4547.0,2857.0,545.0,9598.0,9598.0,1911.0,946.0,4547.0,0.0
0.0,4687.0,6251.0,2977.0,2258.0,14191.0,14191.0,2031.0,946.0,6251.0,0.0
0.0,694.0,5872.0,3086.0,5496.0,15112.0,15112.0,2144.0,942.0,5872.0,0.0
0.0,318.0,3416.0,3130.0,9598.0,9150.0,9150.0,2210.0,920.0,3416.0,0.0
0.0,6500.0,0.0,3092.0,14191.0,0.0,0.0,2210.0,882.0,0.0,0.0
0.0,20691.0,276.0,3046.0,15112.0,0.0,0.0,2210.0,836.0,0.0,276.0
0.0,35527.0,1174.0,3015.0,9150.0,0.0,0.0,2203.0,812.0,0.0,1174.0
0.0,43503.0,2074.0,2982.0,0.0,0.0,0.0,2156.0,826.0,0.0,2074.0
0.0,41429.0,2698.0,2947.0,0.0,0.0,0.0,2069.0,878.0,0.0,2698.0
0.0,38731.0,2903.0,2883.0,0.0,0.0,0.0,1958.0,925.0,472.0,2431.0
0.0,35828.0,3835.0,2843.0,0.0,0.0,0.0,1894.0,949.0,2576.0,1259.0
0.0,31993.0,4696.0,2867.0,0.0,0.0,0.0,1918.0,949.0,4696.0,0.0
0.0,27297.0,6340.0,2989.0,0.0,0.0,0.0,2040.0,949.0,6340.0,0.0
0.0,20957.0,5886.0,3097.0,0.0,414.0,414.0,2153.0,944.0,5886.0,0.0
0.0,15071.0,3314.0,3138.0,0.0,3933.0,3933.0,2217.0,921.0,3314.0,0.0
0.0,11757.0,0.0,3098.0,0.0,3733.0,3733.0,2217.0,881.0,0.0,0.0
0.0,11757.0,327.0,3053.0,414.0,3421.0,3421.0,2217.0,836.0,0.0,327.0
0.0,11844.0,1238.0,3021.0,3933.0,566.0,566.0,2208.0,813.0,0.0,1238.0
0.0,14539.0,2156.0,2989.0,3733.0,0.0,0.0,2159.0,830.0,0.0,2156.0
0.0,16116.0,2741.0,2952.0,3421.0,0.0,0.0,2069.0,883.0,0.0,2741.0
0.0,16796.0,2971.0,2887.0,566.0,44.0,44.0,1958.0,929.0,553.0,2418.0
0.0,14391.0,3866.0,2849.0,0.0,3720.0,3720.0,1897.0,952.0,2690.0,1176.0
0.0,10525.0,4818.0,2879.0,0.0,8688.0,8688.0,1927.0,952.0,4818.0,0.0
0.0,5707.0,6402.0,3002.0,44.0,15010.0,15010.0,2050.0,952.0,6402.0,0.0
0.0,0.0,5847.0,3108.0,3720.0,15540.0,15540.0,2162.0,946.0,5847.0,0.0
0.0,0.0,3166.0,3146.0,8688.0,12986.0,12986.0,2223.0,923.0,3166.0,0.0
0.0,2744.0,0.0,3106.0,15010.0,0.0,0.0,2223.0,883.0,0.0,0.0
0.0,17754.0,333.0,3060.0,15540.0,0.0,0.0,2223.0,837.0,0.0,333.0
0.0,32961.0,1243.0,3029.0,12986.0,0.0,0.0,2214.0,815.0,0.0,1243.0
0.0,44704.0,2154.0,2997.0,0.0,0.0,0.0,2164.0,833.0,0.0,2154.0
0.0,42550.0,2731.0,2960.0,0.0,0.0,0.0,2075.0,885.0,0.0,2731.0
0.0,39819.0,2914.0,2895.0,0.0,0.0,0.0,1964.0,931.0,516.0,2398.0
0.0,36905.0,3796.0,2855.0,0.0,0.0,0.0,1902.0,953.0,2639.0,1157.0
0.0,33109.0,4763.0,2885.0,0.0,0.0,0.0,1932.0,953.0,4763.0,0.0
0.0,28346.0,6357.0,3007.0,0.0,0.0,0.0,2054.0,953.0,6357.0,0.0
0.0,21989.0,5829.0,3114.0,0.0,0.0,0.0,2166.0,948.0,5829.0,0.0
0.0,16160.0,3184.0,3153.0,0.0,2789.0,2789.0,2227.0,926.0,3184.0,0.0
0.0,12976.0,0.0,3114.0,0.0,2594.0,2594.0,2227.0,887.0,0.0,0.0
0.0,12976.0,305.0,3068.0,0.0,2669.0,2669.0,2227.0,841.0,0.0,305.0
0.0,12671.0,1206.0,3038.0,2789.0,936.0,936.0,2220.0,818.0,0.0,1206.0
0.0,14254.0,2107.0,3006.0,2594.0,289.0,289.0,2172.0,834.0,0.0,2107.0
0.0,14741.0,2701.0,2970.0,2669.0,141.0,141.0,2084.0,886.0,0.0,2701.0
0.0,14709.0,2841.0,2905.0,936.0,1721.0,1721.0,1973.0,932.0,442.0,2399.0
0.0,12804.0,3725.0,2865.0,289.0,4957.0,4957.0,1910.0,955.0,2536.0,1189.0
0.0,9368.0,4639.0,2890.0,141.0,9580.0,9580.0,1935.0,955.0,4639.0,0.0
0.0,4870.0,6299.0,3011.0,1721.0,14763.0,14763.0,2056.0,955.0,6299.0,0.0
0.0,292.0,5866.0,3120.0,4957.0,15600.0,15600.0,2169.0,951.0,5866.0,0.0
0.0,0.0,3321.0,3161.0,9580.0,10163.0,10163.0,2232.0,929.0,3321.0,0.0
0.0,5642.0,0.0,3122.0,14763.0,0.0,0.0,2232.0,890.0,0.0,0.0
0.0,20405.0,299.0,3077.0,15600.0,0.0,0.0,2232.0,845.0,0.0,299.0
0.0,35706.0,1198.0,3046.0,10163.0,0.0,0.0,2225.0,821.0,0.0,1198.0
0.0,44671.0,2105.0,3014.0,0.0,0.0,0.0,2178.0,836.0,0.0,2105.0
0.0,42566.0,2707.0,2978.0,0.0,0.0,0.0,2090.0,888.0,0.0,2707.0
0.0,39859.0,2863.0,2914.0,0.0,0.0,0.0,1979.0,935.0,452.0,2411.0
0.0,36996.0,3772.0,2873.0,0.0,0.0,0.0,1915.0,958.0,2563.0,1209.0
0.0,33224.0,4671.0,2897.0,0.0,0.0,0.0,1939.0,958.0,4671.0,0.0
0.0,28553.0,6335.0,3019.0,0.0,0.0,0.0,2061.0,958.0,6335.0,0.0
0.0,22218.0,5891.0,3127.0,0.0,0.0,0.0,2174.0,953.0,5891.0,0.0
0.0,16327.0,3337.0,3168.0,0.0,2850.0,2850.0,2238.0,930.0,3337.0,0.0
0.0,12990.0,0.0,3128.0,0.0,2650.0,2650.0,2238.0,890.0,0.0,0.0
0.0,12990.0,332.0,3083.0,0.0,2757.0,2757.0,2238.0,845.0,0.0,332.0
0.0,12658.0,1246.0,3051.0,2850.0,993.0,993.0,2229.0,822.0,0.0,1246.0
0.0,14262.0,2165.0,3019.0,2650.0,348.0,348.0,2180.0,839.0,0.0,2165.0
0.0,14747.0,2746.0,2982.0,2757.0,152.0,152.0,2090.0,892.0,0.0,2746.0
0.0,14758.0,2991.0,2918.0,993.0,1830.0,1830.0,1979.0,939.0,573.0,2418.0
0.0,12760.0,3893.0,2879.0,348.0,5180.0,5180.0,1918.0,961.0,2721.0,1172.0
0.0,9215.0,4865.0,2909.0,152.0,10043.0,10043.0,1948.0,961.0,4865.0,0.0
0.0,4502.0,6441.0,3032.0,1830.0,15160.0,15160.0,2071.0,961.0,6441.0,0.0
0.0,0.0,5873.0,3139.0,5180.0,15695.0,15695.0,2184.0,955.0,5873.0,0.0
0.0,0.0,3158.0,3176.0,10043.0,9797.0,9797.0,2245.0,931.0,3158.0,0.0
0.0,6083.0,0.0,3135.0,15160.0,0.0,0.0,2245.0,890.0,0.0,0.0
0.0,21243.0,369.0,3089.0,15695.0,0.0,0.0,2245.0,844.0,0.0,369.0
0.0,36569.0,1298.0,3057.0,9797.0,0.0,0.0,2234.0,823.0,0.0,1298.0
0.0,45068.0,2222.0,3026.0,0.0,0.0,0.0,2183.0,843.0,0.0,2222.0
0.0,42846.0,2777.0,2986.0,0.0,0.0,0.0,2090.0,896.0,0.0,2777.0
0.0,40069.0,3037.0,2921.0,0.0,0.0,0.0,1979.0,942.0,633.0,2404.0
0.0,37032.0,3897.0,2884.0,0.0,0.0,0.0,1920.0,964.0,2792.0,1105.0
0.0,33135.0,4943.0,2919.0,0.0,0.0,0.0,1955.0,964.0,4943.0,0.0
0.0,28192.0,6463.0,3043.0,0.0,0.0,0.0,2079.0,964.0,6463.0,0.0
0.0,21729.0,5831.0,3148.0,0.0,0.0,0.0,2191.0,957.0,5831.0,0.0
0.0,15898.0,3036.0,3182.0,0.0,3048.0,3048.0,2249.0,933.0,3036.0,0.0
0.0,12862.0,0.0,3141.0,0.0,2843.0,2843.0,2249.0,892.0,0.0,0.0
0.0,12862.0,352.0,3095.0,0.0,2965.0,2965.0,2249.0,846.0,0.0,352.0
0.0,12510.0,1277.0,3064.0,3048.0,1039.0,1039.0,2239.0,825.0,0.0,1277.0
0.0,14281.0,2195.0,3033.0,2843.0,236.0,236.0,2189.0,844.0,0.0,2195.0
0.0,14929.0,2760.0,2995.0,2965.0,0.0,0.0,2097.0,898.0,0.0,2760.0
0.0,15134.0,2976.0,2930.0,1039.0,1453.0,1453.0,1986.0,944.0,576.0,2400.0
0.0,13197.0,3834.0,2891.0,236.0,4856.0,4856.0,1926.0,965.0,2713.0,1121.0
0.0,9599.0,4849.0,2923.0,0.0,9865.0,9865.0,1958.0,965.0,4849.0,0.0
0.0,4750.0,6405.0,3046.0,1453.0,15230.0,15230.0,2081.0,965.0,6405.0,0.0
0.0,0.0,5825.0,3152.0,4856.0,15760.0,15760.0,2193.0,959.0,5825.0,0.0
0.0,0.0,3101.0,3189.0,9865.0,10352.0,10352.0,2253.0,936.0,3101.0,0.0
0.0,5593.0,0.0,3149.0,15230.0,0.0,0.0,2253.0,896.0,0.0,0.0
0.0,20823.0,322.0,3103.0,15760.0,0.0,0.0,2253.0,850.0,0.0,322.0
0.0,36261.0,1231.0,3072.0,10352.0,0.0,0.0,2244.0,828.0,0.0,1231.0
0.0,45382.0,2140.0,3042.0,0.0,0.0,0.0,2196.0,846.0,0.0,2140.0
0.0,43242.0,2726.0,3004.0,0.0,0.0,0.0,2106.0,898.0,0.0,2726.0
0.0,40516.0,2918.0,2939.0,0.0,0.0,0.0,1995.0,944.0,515.0,2403.0
0.0,37598.0,3816.0,2900.0,0.0,0.0,0.0,1933.0,967.0,2638.0,1178.0
0.0,33782.0,4759.0,2928.0,0.0,0.0,0.0,1961.0,967.0,4759.0,0.0
0.0,29023.0,6364.0,3050.0,0.0,0.0,0.0,2083.0,967.0,6364.0,0.0
0.0,22659.0,5855.0,3157.0,0.0,0.0,0.0,2196.0,961.0,5855.0,0.0
0.0,16804.0,3217.0,3196.0,0.0,2393.0,2393.0,2258.0,938.0,3217.0,0.0
0.0,13587.0,0.0,3156.0,0.0,2193.0,2193.0,2258.0,898.0,0.0,0.0
0.0,13587.0,334.0,3110.0,0.0,2297.0,2297.0,2258.0,852.0,0.0,334.0
0.0,13253.0,1247.0,3079.0,2393.0,996.0,996.0,2249.0,830.0,0.0,1247.0
0.0,14399.0,2160.0,3048.0,2193.0,808.0,808.0,2200.0,848.0,0.0,2160.0
0.0,14432.0,2740.0,3011.0,2297.0,1066.0,1066.0,2110.0,901.0,0.0,2740.0
0.0,13989.0,2994.0,2946.0,996.0,2739.0,2739.0,1999.0,947.0,580.0,2414.0
0.0,11991.0,3895.0,2908.0,808.0,5636.0,5636.0,1938.0,970.0,2723.0,1172.0
0.0,8904.0,4872.0,2938.0,1066.0,9592.0,9592.0,1968.0,970.0,4872.0,0.0
0.0,5098.0,6448.0,3062.0,2739.0,13921.0,13921.0,2092.0,970.0,6448.0,0.0
0.0,1389.0,5877.0,3168.0,5636.0,14692.0,14692.0,2205.0,963.0,5877.0,0.0
0.0,1148.0,3166.0,3205.0,9592.0,8451.0,8451.0,2266.0,939.0,3166.0,0.0
0.0,7574.0,0.0,3164.0,13921.0,0.0,0.0,2266.0,898.0,0.0,0.0
0.0,21495.0,390.0,3118.0,14692.0,0.0,0.0,2266.0,852.0,0.0,390.0
0.0,35797.0,1316.0,3086.0,8451.0,0.0,0.0,2255.0,831.0,0.0,1316.0
0.0,42932.0,2244.0,3054.0,0.0,0.0,0.0,2202.0,852.0,0.0,2244.0
0.0,40688.0,2788.0,3014.0,0.0,0.0,0.0,2109.0,905.0,0.0,2788.0
0.0,37900.0,3071.0,2950.0,0.0,0.0,0.0,1998.0,952.0,670.0,2401.0
0.0,34829.0,3939.0,2913.0,0.0,0.0,0.0,1940.0,973.0,2850.0,1089.0
0.0,30890.0,5024.0,2948.0,0.0,0.0,0.0,1975.0,973.0,5024.0,0.0
0.0,25866.0,6536.0,3074.0,0.0,0.0,0.0,2101.0,973.0,6536.0,0.0
0.0,19330.0,5861.0,3180.0,0.0,2431.0,2431.0,2214.0,966.0,5861.0,0.0
0.0,13469.0,3025.0,3213.0,0.0,5621.0,5621.0,2272.0,941.0,3025.0,0.0
0.0,10444.0,0.0,3170.0,0.0,5406.0,5406.0,2272.0,898.0,0.0,0.0
0.0,10444.0,418.0,3124.0,2431.0,3163.0,3163.0,2272.0,852.0,0.0,418.0
0.0,12457.0,1352.0,3092.0,5621.0,0.0,0.0,2260.0,832.0,0.0,1352.0
0.0,16726.0,2291.0,3061.0,5406.0,0.0,0.0,2206.0,855.0,0.0,2291.0
0.0,19841.0,2806.0,3020.0,3163.0,0.0,0.0,2111.0,909.0,0.0,2806.0
0.0,20198.0,3074.0,2955.0,0.0,0.0,0.0,2000.0,955.0,687.0,2387.0
0.0,17124.0,3895.0,2918.0,0.0,1361.0,1361.0,1943.0,975.0,2867.0,1028.0
0.0,13229.0,5040.0,2957.0,0.0,6596.0,6596.0,1982.0,975.0,5040.0,0.0
0.0,8189.0,6529.0,3082.0,0.0,13750.0,13750.0,2107.0,975.0,6529.0,0.0
0.0,1660.0,5836.0,3187.0,1361.0,15935.0,15935.0,2219.0,968.0,5836.0,0.0
0.0,0.0,2971.0,3220.0,6596.0,15290.0,15290.0,2277.0,943.0,2971.0,0.0
0.0,810.0,0.0,3178.0,13750.0,1330.0,1330.0,2277.0,901.0,0.0,0.0
0.0,14560.0,393.0,3133.0,15935.0,0.0,0.0,2277.0,856.0,0.0,393.0
0.0,30102.0,1325.0,3100.0,15290.0,0.0,0.0,2265.0,835.0,0.0,1325.0
0.0,44067.0,2251.0,3070.0,1330.0,0.0,0.0,2213.0,857.0,0.0,2251.0
0.0,43146.0,2782.0,3030.0,0.0,0.0,0.0,2120.0,910.0,0.0,2782.0
0.0,40364.0,2993.0,2965.0,0.0,0.0,0.0,2009.0,956.0,612.0,2381.0
0.0,37371.0,3818.0,2926.0,0.0,0.0,0.0,1950.0,976.0,2765.0,1053.0
0.0,33553.0,4921.0,2961.0,0.0,0.0,0.0,1985.0,976.0,4921.0,0.0
0.0,28632.0,6458.0,3085.0,0.0,0.0,0.0,2109.0,976.0,6458.0,0.0
0.0,22174.0,5839.0,3191.0,0.0,0.0,0.0,2221.0,970.0,5839.0,0.0
0.0,16335.0,3071.0,3226.0,0.0,2866.0,2866.0,2280.0,946.0,3071.0,0.0
0.0,13264.0,0.0,3185.0,0.0,2661.0,2661.0,2280.0,905.0,0.0,0.0
0.0,13264.0,369.0,3140.0,0.0,2805.0,2805.0,2280.0,860.0,0.0,369.0
0.0,12895.0,1287.0,3108.0,2866.0,1066.0,1066.0,2270.0,838.0,0.0,1287.0
0.0,14474.0,2207.0,3078.0,2661.0,462.0,462.0,2220.0,858.0,0.0,2207.0
0.0,14928.0,2757.0,3039.0,2805.0,219.0,219.0,2128.0,911.0,0.0,2757.0
0.0,14976.0,2978.0,2974.0,1066.0,1806.0,1806.0,2017.0,957.0,588.0,2390.0
0.0,13064.0,3847.0,2935.0,462.0,4996.0,4996.0,1957.0,978.0,2738.0,1109.0
0.0,9679.0,4891.0,2967.0,219.0,9828.0,9828.0,1989.0,978.0,4891.0,0.0
0.0,5007.0,6449.0,3091.0,1806.0,15091.0,15091.0,2113.0,978.0,6449.0,0.0
0.0,364.0,5868.0,3198.0,4996.0,15990.0,15990.0,2226.0,972.0,5868.0,0.0
0.0,0.0,3131.0,3234.0,9828.0,9981.0,9981.0,2286.0,948.0,3131.0,0.0
0.0,6189.0,0.0,3193.0,15091.0,0.0,0.0,2286.0,907.0,0.0,0.0
0.0,21280.0,394.0,3147.0,15990.0,0.0,0.0,2286.0,861.0,0.0,394.0
0.0,36876.0,1320.0,3115.0,9981.0,0.0,0.0,2275.0,840.0,0.0,1320.0
0.0,45537.0,2248.0,3084.0,0.0,0.0,0.0,2223.0,861.0,0.0,2248.0
0.0,43289.0,2785.0,3044.0,0.0,0.0,0.0,2129.0,915.0,0.0,2785.0
0.0,40504.0,3082.0,2979.0,0.0,0.0,0.0,2018.0,961.0,682.0,2400.0
0.0,37422.0,3940.0,2942.0,0.0,0.0,0.0,1960.0,982.0,2856.0,1084.0
0.0,33482.0,5040.0,2978.0,0.0,0.0,0.0,1996.0,982.0,5040.0,0.0
0.0,28442.0,6534.0,3104.0,0.0,0.0,0.0,2122.0,982.0,6534.0,0.0
0.0,21908.0,5867.0,3209.0,0.0,4.0,4.0,2235.0,974.0,5867.0,0.0
0.0,16041.0,3015.0,3242.0,0.0,3184.0,3184.0,2293.0,949.0,3015.0,0.0
0.0,13026.0,0.0,3199.0,0.0,2969.0,2969.0,2293.0,906.0,0.0,0.0
0.0,13026.0,442.0,3154.0,4.0,3182.0,3182.0,2293.0,861.0,0.0,442.0
0.0,12588.0,1384.0,3121.0,3184.0,1217.0,1217.0,2280.0,841.0,0.0,1384.0
0.0,14388.0,2325.0,3090.0,2969.0,418.0,418.0,2225.0,865.0,0.0,2325.0
0.0,15032.0,2830.0,3047.0,3182.0,0.0,0.0,2128.0,919.0,0.0,2830.0
0.0,15384.0,3181.0,2983.0,1217.0,1495.0,1495.0,2018.0,965.0,792.0,2389.0
0.0,13420.0,3995.0,2947.0,418.0,4892.0,4892.0,1963.0,984.0,2989.0,1006.0
0.0,9843.0,5197.0,2988.0,0.0,10294.0,10294.0,2004.0,984.0,5197.0,0.0
0.0,4646.0,6610.0,3116.0,1495.0,15580.0,15580.0,2132.0,984.0,6610.0,0.0
0.0,0.0,5828.0,3220.0,4892.0,16100.0,16100.0,2244.0,976.0,5828.0,0.0
0.0,0.0,2835.0,3248.0,10294.0,10186.0,10186.0,2298.0,950.0,2835.0,0.0
0.0,6054.0,0.0,3204.0,15580.0,0.0,0.0,2298.0,906.0,0.0,0.0
0.0,21634.0,455.0,3159.0,16100.0,0.0,0.0,2298.0,861.0,0.0,455.0
0.0,37279.0,1400.0,3127.0,10186.0,0.0,0.0,2285.0,842.0,0.0,1400.0
0.0,46065.0,2348.0,3098.0,0.0,0.0,0.0,2230.0,868.0,0.0,2348.0
0.0,43717.0,2834.0,3055.0,0.0,0.0,0.0,2133.0,922.0,0.0,2834.0
0.0,40883.0,3163.0,2990.0,0.0,0.0,0.0,2022.0,968.0,787.0,2376.0
0.0,37720.0,3961.0,2954.0,0.0,0.0,0.0,1968.0,986.0,2991.0,970.0
0.0,33759.0,5187.0,2996.0,0.0,0.0,0.0,2010.0,986.0,5187.0,0.0
0.0,28572.0,6594.0,3123.0,0.0,0.0,0.0,2137.0,986.0,6594.0,0.0
0.0,21978.0,5790.0,3228.0,0.0,0.0,0.0,2249.0,979.0,5790.0,0.0
0.0,16188.0,2795.0,3255.0,0.0,2882.0,2882.0,2302.0,953.0,2795.0,0.0
0.0,13393.0,0.0,3212.0,0.0,2667.0,2667.0,2302.0,910.0,0.0,0.0
0.0,13393.0,419.0,3167.0,0.0,2861.0,2861.0,2302.0,865.0,0.0,419.0
0.0,12974.0,1357.0,3136.0,2882.0,1181.0,1181.0,2291.0,845.0,0.0,1357.0
0.0,14499.0,2290.0,3106.0,2667.0,654.0,654.0,2237.0,869.0,0.0,2290.0
0.0,14876.0,2802.0,3066.0,2861.0,395.0,395.0,2143.0,923.0,0.0,2802.0
0.0,14935.0,3072.0,3000.0,1181.0,1956.0,1956.0,2032.0,968.0,693.0,2379.0
0.0,13044.0,3890.0,2963.0,654.0,5007.0,5007.0,1975.0,988.0,2870.0,1020.0
0.0,9808.0,5040.0,3001.0,395.0,9842.0,9842.0,2013.0,988.0,5040.0,0.0
0.0,5163.0,6520.0,3126.0,1956.0,15031.0,15031.0,2138.0,988.0,6520.0,0.0
0.0,599.0,5821.0,3231.0,5007.0,16155.0,16155.0,2250.0,981.0,5821.0,0.0
0.0,0.0,2959.0,3263.0,9842.0,9647.0,9647.0,2307.0,956.0,2959.0,0.0
0.0,6668.0,0.0,3221.0,15031.0,0.0,0.0,2307.0,914.0,0.0,0.0
0.0,21699.0,411.0,3176.0,16155.0,0.0,0.0,2307.0,869.0,0.0,411.0
0.0,37443.0,1341.0,3144.0,9647.0,0.0,0.0,2296.0,848.0,0.0,1341.0
0.0,45749.0,2273.0,3114.0,0.0,0.0,0.0,2243.0,871.0,0.0,2273.0
0.0,43476.0,2792.0,3073.0,0.0,0.0,0.0,2149.0,924.0,0.0,2792.0
0.0,40684.0,3088.0,3008.0,0.0,0.0,0.0,2038.0,970.0,701.0,2387.0
0.0,37596.0,3925.0,2972.0,0.0,0.0,0.0,1981.0,991.0,2878.0,1047.0
0.0,33671.0,5062.0,3009.0,0.0,0.0,0.0,2018.0,991.0,5062.0,0.0
0.0,28609.0,6538.0,3135.0,0.0,0.0,0.0,2144.0,991.0,6538.0,0.0
0.0,22071.0,5838.0,3239.0,0.0,0.0,0.0,2256.0,983.0,5838.0,0.0
0.0,16233.0,2971.0,3271.0,0.0,3093.0,3093.0,2313.0,958.0,2971.0,0.0
0.0,13262.0,0.0,3227.0,0.0,2873.0,2873.0,2313.0,914.0,0.0,0.0
0.0,13262.0,444.0,3182.0,0.0,3092.0,3092.0,2313.0,869.0,0.0,444.0
0.0,12818.0,1384.0,3150.0,3093.0,1223.0,1223.0,2300.0,850.0,0.0,1384.0
0.0,14527.0,2326.0,3119.0,2873.0,521.0,521.0,2245.0,874.0,0.0,2326.0
0.0,15074.0,2825.0,3076.0,3092.0,39.0,39.0,2148.0,928.0,0.0,2825.0
0.0,15341.0,3210.0,3012.0,1223.0,1706.0,1706.0,2038.0,974.0,819.0,2391.0
0.0,13354.0,4037.0,2977.0,521.0,5047.0,5047.0,1984.0,993.0,3026.0,1011.0
0.0,9838.0,5246.0,3019.0,39.0,10464.0,10464.0,2026.0,993.0,5246.0,0.0
0.0,4631.0,6640.0,3147.0,1706.0,15735.0,15735.0,2154.0,993.0,6640.0,0.0
0.0,0.0,5835.0,3251.0,5047.0,16255.0,16255.0,2266.0,985.0,5835.0,0.0
0.0,0.0,2814.0,3278.0,10464.0,9831.0,9831.0,2320.0,958.0,2814.0,0.0
0.0,6559.0,0.0,3234.0,15735.0,0.0,0.0,2320.0,914.0,0.0,0.0
0.0,22294.0,494.0,3189.0,16255.0,0.0,0.0,2320.0,869.0,0.0,494.0
0.0,38055.0,1447.0,3156.0,9831.0,0.0,0.0,2305.0,851.0,0.0,1447.0
0.0,46439.0,2401.0,3125.0,0.0,0.0,0.0,2248.0,877.0,0.0,2401.0
0.0,44038.0,2866.0,3080.0,0.0,0.0,0.0,2148.0,932.0,0.0,2866.0
0.0,41172.0,3262.0,3016.0,0.0,0.0,0.0,2038.0,978.0,887.0,2375.0
0.0,37910.0,4043.0,2982.0,0.0,0.0,0.0,1986.0,996.0,3114.0,929.0
0.0,33867.0,5349.0,3030.0,0.0,0.0,0.0,2034.0,996.0,5349.0,0.0
0.0,28518.0,6686.0,3159.0,0.0,0.0,0.0,2163.0,996.0,6686.0,0.0
0.0,21832.0,5809.0,3261.0,0.0,282.0,282.0,2274.0,987.0,5809.0,0.0
0.0,16023.0,2686.0,3286.0,0.0,3093.0,3093.0,2326.0,960.0,2686.0,0.0
0.0,13337.0,0.0,3241.0,0.0,2868.0,2868.0,2326.0,915.0,0.0,0.0
0.0,13337.0,489.0,3196.0,282.0,2850.0,2850.0,2326.0,870.0,0.0,489.0
0.0,13130.0,1442.0,3163.0,3093.0,1034.0,1034.0,2311.0,852.0,0.0,1442.0
0.0,14781.0,2396.0,3133.0,2868.0,412.0,412.0,2253.0,880.0,0.0,2396.0
0.0,15253.0,2856.0,3087.0,2850.0,188.0,188.0,2153.0,934.0,0.0,2856.0
0.0,15247.0,3197.0,3023.0,1034.0,2031.0,2031.0,2043.0,980.0,834.0,2363.0
0.0,13084.0,3964.0,2988.0,412.0,5408.0,5408.0,1990.0,998.0,3048.0,916.0
0.0,9532.0,5265.0,3035.0,188.0,10720.0,10720.0,2037.0,998.0,5265.0,0.0
0.0,4455.0,6643.0,3163.0,2031.0,15815.0,15815.0,2165.0,998.0,6643.0,0.0
0.0,0.0,5806.0,3267.0,5408.0,16335.0,16335.0,2277.0,990.0,5806.0,0.0
0.0,0.0,2740.0,3293.0,10720.0,9040.0,9040.0,2330.0,963.0,2740.0,0.0
0.0,7425.0,0.0,3249.0,15815.0,0.0,0.0,2330.0,919.0,0.0,0.0
0.0,23240.0,456.0,3204.0,16335.0,0.0,0.0,2330.0,874.0,0.0,456.0
0.0,39119.0,1401.0,3171.0,9040.0,0.0,0.0,2316.0,855.0,0.0,1401.0
0.0,46758.0,2343.0,3142.0,0.0,0.0,0.0,2261.0,881.0,0.0,2343.0
0.0,44415.0,2826.0,3099.0,0.0,0.0,0.0,2164.0,935.0,0.0,2826.0
0.0,41589.0,3109.0,3034.0,0.0,0.0,0.0,2053.0,981.0,744.0,2365.0
0.0,38480.0,3903.0,2997.0,0.0,0.0,0.0,1998.0,999.0,2940.0,963.0
0.0,34577.0,5144.0,3039.0,0.0,0.0,0.0,2040.0,999.0,5144.0,0.0
0.0,29433.0,6595.0,3165.0,0.0,0.0,0.0,2166.0,999.0,6595.0,0.0
0.0,22838.0,5856.0,3270.0,0.0,0.0,0.0,2279.0,991.0,5856.0,0.0
0.0,16982.0,2907.0,3301.0,0.0,2430.0,2430.0,2335.0,966.0,2907.0,0.0
0.0,14075.0,0.0,3257.0,0.0,2210.0,2210.0,2335.0,922.0,0.0,0.0
0.0,14075.0,466.0,3212.0,0.0,2451.0,2451.0,2335.0,877.0,0.0,466.0
0.0,13609.0,1409.0,3180.0,2430.0,1270.0,1270.0,2322.0,858.0,0.0,1409.0
0.0,14630.0,2351.0,3149.0,2210.0,1256.0,1256.0,2266.0,883.0,0.0,2351.0
0.0,14489.0,2827.0,3107.0,2451.0,1422.0,1422.0,2169.0,938.0,0.0,2827.0
0.0,14113.0,3121.0,3041.0,1270.0,2943.0,2943.0,2058.0,983.0,757.0,2364.0
0.0,12262.0,3927.0,3004.0,1256.0,5429.0,5429.0,2002.0,1002.0,2965.0,962.0
0.0,9591.0,5176.0,3047.0,1422.0,9398.0,9398.0,2045.0,1002.0,5176.0,0.0
0.0,5837.0,6635.0,3174.0,2943.0,13725.0,13725.0,2172.0,1002.0,6635.0,0.0
0.0,2145.0,5890.0,3279.0,5429.0,14711.0,14711.0,2286.0,993.0,5890.0,0.0
0.0,1684.0,2935.0,3309.0,9398.0,8398.0,8398.0,2342.0,967.0,2935.0,0.0
0.0,8147.0,0.0,3264.0,13725.0,0.0,0.0,2342.0,922.0,0.0,0.0
0.0,21872.0,521.0,3220.0,14711.0,0.0,0.0,2342.0,878.0,0.0,521.0
0.0,36062.0,1477.0,3186.0,8398.0,0.0,0.0,2326.0,860.0,0.0,1477.0
0.0,42983.0,2433.0,3155.0,0.0,0.0,0.0,2268.0,887.0,0.0,2433.0
0.0,40550.0,2870.0,3109.0,0.0,0.0,0.0,2167.0,942.0,0.0,2870.0
0.0,37680.0,3232.0,3044.0,0.0,0.0,0.0,2056.0,988.0,874.0,2358.0
0.0,34448.0,4011.0,3009.0,0.0,0.0,0.0,2004.0,1005.0,3124.0,887.0
0.0,30437.0,5368.0,3058.0,0.0,0.0,0.0,2053.0,1005.0,5368.0,0.0
0.0,25069.0,6743.0,3188.0,0.0,0.0,0.0,2183.0,1005.0,6743.0,0.0
0.0,18326.0,5866.0,3291.0,0.0,3995.0,3995.0,2296.0,995.0,5866.0,0.0
0.0,12460.0,2750.0,3317.0,0.0,6875.0,6875.0,2349.0,968.0,2750.0,0.0
0.0,9710.0,0.0,3270.0,0.0,6640.0,6640.0,2349.0,921.0,0.0,0.0
0.0,9710.0,558.0,3226.0,3995.0,2983.0,2983.0,2349.0,877.0,0.0,558.0
0.0,13147.0,1524.0,3193.0,6875.0,0.0,0.0,2332.0,861.0,0.0,1524.0
0.0,18498.0,2489.0,3163.0,6640.0,0.0,0.0,2272.0,891.0,0.0,2489.0
0.0,22649.0,2901.0,3115.0,2983.0,0.0,0.0,2169.0,946.0,0.0,2901.0
0.0,22731.0,3252.0,3049.0,0.0,0.0,0.0,2058.0,991.0,911.0,2341.0
0.0,19479.0,3984.0,3014.0,0.0,0.0,0.0,2007.0,1007.0,3167.0,817.0
0.0,15495.0,5416.0,3067.0,0.0,5256.0,5256.0,2060.0,1007.0,5416.0,0.0
0.0,10079.0,6757.0,3197.0,0.0,12663.0,12663.0,2190.0,1007.0,6757.0,0.0
0.0,3322.0,5836.0,3300.0,0.0,16500.0,16500.0,2302.0,998.0,5836.0,0.0
0.0,0.0,2672.0,3323.0,5256.0,16545.0,16545.0,2353.0,970.0,2672.0,0.0
0.0,70.0,0.0,3277.0,12663.0,3652.0,3652.0,2353.0,924.0,0.0,0.0
0.0,12733.0,539.0,3232.0,16500.0,0.0,0.0,2353.0,879.0,0.0,539.0
0.0,28694.0,1499.0,3200.0,16545.0,0.0,0.0,2337.0,863.0,0.0,1499.0
0.0,43740.0,2465.0,3171.0,3652.0,0.0,0.0,2278.0,893.0,0.0,2465.0
0.0,44927.0,2885.0,3125.0,0.0,0.0,0.0,2177.0,948.0,0.0,2885.0
0.0,42042.0,3205.0,3059.0,0.0,0.0,0.0,2066.0,993.0,862.0,2343.0
0.0,38837.0,3926.0,3023.0,0.0,0.0,0.0,2014.0,1009.0,3092.0,834.0
0.0,34911.0,5326.0,3073.0,0.0,0.0,0.0,2064.0,1009.0,5326.0,0.0
0.0,29585.0,6691.0,3201.0,0.0,0.0,0.0,2192.0,1009.0,6691.0,0.0
0.0,22894.0,5829.0,3304.0,0.0,0.0,0.0,2304.0,1000.0,5829.0,0.0
0.0,17065.0,2725.0,3330.0,0.0,2310.0,2310.0,2357.0,973.0,2725.0,0.0
0.0,14340.0,0.0,3285.0,0.0,2085.0,2085.0,2357.0,928.0,0.0,0.0
0.0,14340.0,498.0,3241.0,0.0,2363.0,2363.0,2357.0,884.0,0.0,498.0
0.0,13842.0,1450.0,3208.0,2310.0,1338.0,1338.0,2342.0,866.0,0.0,1450.0
0.0,14702.0,2399.0,3180.0,2085.0,1512.0,1512.0,2286.0,894.0,0.0,2399.0
0.0,14388.0,2852.0,3135.0,2363.0,1776.0,1776.0,2187.0,948.0,0.0,2852.0
0.0,13899.0,3155.0,3070.0,1338.0,3268.0,3268.0,2076.0,994.0,803.0,2352.0
0.0,12082.0,3923.0,3032.0,1512.0,5489.0,5489.0,2021.0,1011.0,3020.0,903.0
0.0,9671.0,5243.0,3077.0,1776.0,9181.0,9181.0,2066.0,1011.0,5243.0,0.0
0.0,6204.0,6655.0,3205.0,3268.0,13208.0,13208.0,2194.0,1011.0,6655.0,0.0
0.0,2817.0,5851.0,3309.0,5489.0,14090.0,14090.0,2307.0,1002.0,5851.0,0.0
0.0,2455.0,2835.0,3336.0,9181.0,7879.0,7879.0,2361.0,975.0,2835.0,0.0
0.0,8801.0,0.0,3291.0,13208.0,0.0,0.0,2361.0,930.0,0.0,0.0
0.0,22009.0,517.0,3246.0,14090.0,0.0,0.0,2361.0,885.0,0.0,517.0
0.0,35582.0,1470.0,3214.0,7879.0,0.0,0.0,2346.0,868.0,0.0,1470.0
0.0,41991.0,2428.0,3185.0,0.0,0.0,0.0,2289.0,896.0,0.0,2428.0
0.0,39563.0,2868.0,3142.0,0.0,0.0,0.0,2190.0,952.0,0.0,2868.0
0.0,36695.0,3245.0,3076.0,0.0,0.0,0.0,2079.0,997.0,887.0,2358.0
0.0,33450.0,4030.0,3040.0,0.0,0.0,0.0,2026.0,1014.0,3133.0,897.0
0.0,29420.0,5383.0,3087.0,0.0,0.0,0.0,2073.0,1014.0,5383.0,0.0
0.0,24037.0,6744.0,3217.0,0.0,0.0,0.0,2203.0,1014.0,6744.0,0.0
0.0,17293.0,5867.0,3320.0,0.0,5174.0,5174.0,2316.0,1004.0,5867.0,0.0
0.0,11426.0,2738.0,3345.0,0.0,8037.0,8037.0,2369.0,976.0,2738.0,0.0
0.0,8688.0,0.0,3298.0,0.0,7802.0,7802.0,2369.0,929.0,0.0,0.0
0.0,8688.0,570.0,3254.0,5174.0,2978.0,2978.0,2369.0,885.0,0.0,570.0
0.0,13292.0,1539.0,3221.0,8037.0,0.0,0.0,2352.0,869.0,0.0,1539.0
0.0,19790.0,2508.0,3192.0,7802.0,0.0,0.0,2292.0,900.0,0.0,2508.0
0.0,25084.0,2910.0,3144.0,2978.0,0.0,0.0,2188.0,956.0,0.0,2910.0
0.0,25152.0,3327.0,3079.0,0.0,0.0,0.0,2078.0,1001.0,978.0,2349.0
0.0,21825.0,4072.0,3044.0,0.0,0.0,0.0,2027.0,1017.0,3255.0,817.0
0.0,17753.0,5532.0,3098.0,0.0,3269.0,3269.0,2081.0,1017.0,5532.0,0.0
0.0,12221.0,6829.0,3229.0,0.0,10753.0,10753.0,2212.0,1017.0,6829.0,0.0
0.0,5392.0,5859.0,3331.0,0.0,16655.0,16655.0,2325.0,1006.0,5859.0,0.0
0.0,0.0,2604.0,3352.0,3269.0,16562.0,16562.0,2375.0,977.0,2604.0,0.0
0.0,198.0,0.0,3304.0,10753.0,5569.0,5569.0,2375.0,929.0,0.0,0.0
0.0,10951.0,598.0,3260.0,16655.0,0.0,0.0,2375.0,885.0,0.0,598.0
0.0,27008.0,1573.0,3227.0,16562.0,0.0,0.0,2357.0,870.0,0.0,1573.0
0.0,41997.0,2548.0,3200.0,5569.0,0.0,0.0,2297.0,903.0,0.0,2548.0
0.0,45018.0,2929.0,3152.0,0.0,0.0,0.0,2192.0,960.0,0.0,2929.0
0.0,42089.0,3300.0,3085.0,0.0,0.0,0.0,2081.0,1004.0,970.0,2330.0
0.0,38789.0,3996.0,3050.0,0.0,0.0,0.0,2031.0,1019.0,3241.0,755.0
0.0,34793.0,5517.0,3105.0,0.0,0.0,0.0,2086.0,1019.0,5517.0,0.0
0.0,29276.0,6812.0,3236.0,0.0,0.0,0.0,2217.0,1019.0,6812.0,0.0
0.0,22464.0,5844.0,3338.0,0.0,70.0,70.0,2329.0,1009.0,5844.0,0.0
0.0,16620.0,2594.0,3359.0,0.0,2769.0,2769.0,2379.0,980.0,2594.0,0.0
0.0,14026.0,0.0,3311.0,0.0,2529.0,2529.0,2379.0,932.0,0.0,0.0
0.0,14026.0,570.0,3267.0,70.0,2809.0,2809.0,2379.0,888.0,0.0,570.0
0.0,13526.0,1539.0,3235.0,2769.0,1419.0,1419.0,2363.0,872.0,0.0,1539.0
0.0,14756.0,2505.0,3207.0,2529.0,1255.0,1255.0,2303.0,904.0,0.0,2505.0
0.0,14780.0,2906.0,3161.0,2809.0,1122.0,1122.0,2201.0,960.0,0.0,2906.0
0.0,14683.0,3228.0,3094.0,1419.0,2596.0,2596.0,2089.0,1005.0,896.0,2332.0
0.0,12874.0,3942.0,3058.0,1255.0,5103.0,5103.0,2038.0,1020.0,3149.0,793.0
0.0,10187.0,5401.0,3109.0,1122.0,9637.0,9637.0,2089.0,1020.0,5401.0,0.0
0.0,5908.0,6745.0,3239.0,2596.0,14436.0,14436.0,2219.0,1020.0,6745.0,0.0
0.0,1759.0,5842.0,3342.0,5103.0,15690.0,15690.0,2331.0,1011.0,5842.0,0.0
0.0,1020.0,2680.0,3366.0,9637.0,8853.0,8853.0,2383.0,983.0,2680.0,0.0
0.0,7977.0,0.0,3320.0,14436.0,0.0,0.0,2383.0,937.0,0.0,0.0
0.0,22413.0,534.0,3275.0,15690.0,0.0,0.0,2383.0,892.0,0.0,534.0
0.0,37569.0,1500.0,3243.0,8853.0,0.0,0.0,2367.0,876.0,0.0,1500.0
0.0,44922.0,2462.0,3215.0,0.0,0.0,0.0,2309.0,906.0,0.0,2462.0
0.0,42460.0,2890.0,3169.0,0.0,0.0,0.0,2208.0,961.0,0.0,2890.0
0.0,39570.0,3240.0,3105.0,0.0,0.0,0.0,2098.0,1007.0,888.0,2352.0
0.0,36330.0,3989.0,3068.0,0.0,0.0,0.0,2045.0,1023.0,3137.0,852.0
0.0,32341.0,5380.0,3117.0,0.0,0.0,0.0,2094.0,1023.0,5380.0,0.0
0.0,26961.0,6744.0,3247.0,0.0,0.0,0.0,2224.0,1023.0,6744.0,0.0
0.0,20217.0,5859.0,3350.0,0.0,2392.0,2392.0,2337.0,1013.0,5859.0,0.0
0.0,14358.0,2739.0,3374.0,0.0,5251.0,5251.0,2389.0,985.0,2739.0,0.0
0.0,11619.0,0.0,3327.0,0.0,5016.0,5016.0,2389.0,938.0,0.0,0.0
0.0,11619.0,559.0,3283.0,2392.0,2963.0,2963.0,2389.0,894.0,0.0,559.0
0.0,13452.0,1528.0,3250.0,5251.0,0.0,0.0,2372.0,878.0,0.0,1528.0
0.0,17175.0,2498.0,3221.0,5016.0,0.0,0.0,2312.0,909.0,0.0,2498.0
0.0,19693.0,2910.0,3174.0,2963.0,0.0,0.0,2209.0,965.0,0.0,2910.0
0.0,19746.0,3338.0,3108.0,0.0,0.0,0.0,2098.0,1010.0,983.0,2355.0
0.0,16408.0,4088.0,3074.0,0.0,3050.0,3050.0,2048.0,1026.0,3258.0,830.0
0.0,12320.0,5537.0,3127.0,0.0,8852.0,8852.0,2101.0,1026.0,5537.0,0.0
0.0,6783.0,6840.0,3259.0,0.0,16295.0,16295.0,2233.0,1026.0,6840.0,0.0
0.0,0.0,5868.0,3361.0,3050.0,16805.0,16805.0,2346.0,1015.0,5868.0,0.0
0.0,0.0,2623.0,3381.0,8852.0,13551.0,13551.0,2396.0,985.0,2623.0,0.0
0.0,3354.0,0.0,3333.0,16295.0,0.0,0.0,2396.0,937.0,0.0,0.0
0.0,19649.0,623.0,3289.0,16805.0,0.0,0.0,2396.0,893.0,0.0,623.0
0.0,35831.0,1607.0,3256.0,13551.0,0.0,0.0,2377.0,879.0,0.0,1607.0
0.0,47775.0,2591.0,3228.0,0.0,0.0,0.0,2315.0,913.0,0.0,2591.0
0.0,45184.0,2954.0,3178.0,0.0,0.0,0.0,2208.0,970.0,0.0,2954.0
0.0,42230.0,3411.0,3113.0,0.0,0.0,0.0,2098.0,1015.0,1074.0,2337.0
0.0,38819.0,4114.0,3079.0,0.0,0.0,0.0,2050.0,1029.0,3381.0,733.0
0.0,34705.0,5686.0,3138.0,0.0,0.0,0.0,2109.0,1029.0,5686.0,0.0
0.0,29019.0,6919.0,3271.0,0.0,0.0,0.0,2242.0,1029.0,6919.0,0.0
0.0,22100.0,5841.0,3372.0,0.0,601.0,601.0,2355.0,1017.0,5841.0,0.0
0.0,16259.0,2458.0,3389.0,0.0,3144.0,3144.0,2402.0,987.0,2458.0,0.0
0.0,13801.0,0.0,3340.0,0.0,2899.0,2899.0,2402.0,938.0,0.0,0.0
0.0,13801.0,629.0,3296.0,601.0,2707.0,2707.0,2402.0,894.0,0.0,629.0
0.0,13773.0,1615.0,3263.0,3144.0,1013.0,1013.0,2383.0,880.0,0.0,1615.0
0.0,15302.0,2599.0,3236.0,2899.0,578.0,578.0,2321.0,915.0,0.0,2599.0
0.0,15602.0,2959.0,3187.0,2707.0,585.0,585.0,2215.0,972.0,0.0,2959.0
0.0,15350.0,3359.0,3121.0,1013.0,2601.0,2601.0,2104.0,1017.0,1032.0,2327.0
0.0,13004.0,4031.0,3086.0,578.0,5879.0,5879.0,2055.0,1031.0,3322.0,709.0
0.0,9551.0,5615.0,3144.0,585.0,11199.0,11199.0,2113.0,1031.0,5615.0,0.0
0.0,4521.0,6871.0,3277.0,2601.0,16134.0,16134.0,2246.0,1031.0,6871.0,0.0
0.0,251.0,5836.0,3378.0,5879.0,16596.0,16596.0,2358.0,1020.0,5836.0,0.0
0.0,294.0,2503.0,3396.0,11199.0,7990.0,7990.0,2406.0,990.0,2503.0,0.0
0.0,8990.0,0.0,3348.0,16134.0,0.0,0.0,2406.0,942.0,0.0,0.0
0.0,25124.0,586.0,3303.0,16596.0,0.0,0.0,2406.0,897.0,0.0,586.0
0.0,41134.0,1561.0,3272.0,7990.0,0.0,0.0,2389.0,883.0,0.0,1561.0
0.0,47563.0,2540.0,3244.0,0.0,0.0,0.0,2328.0,916.0,0.0,2540.0
0.0,45023.0,2927.0,3196.0,0.0,0.0,0.0,2224.0,972.0,0.0,2927.0
0.0,42096.0,3284.0,3130.0,0.0,0.0,0.0,2113.0,1017.0,945.0,2339.0
0.0,38812.0,3980.0,3094.0,0.0,0.0,0.0,2062.0,1032.0,3210.0,770.0
0.0,34832.0,5484.0,3148.0,0.0,0.0,0.0,2116.0,1032.0,5484.0,0.0
0.0,29348.0,6805.0,3279.0,0.0,0.0,0.0,2247.0,1032.0,6805.0,0.0
0.0,22543.0,5870.0,3382.0,0.0,237.0,237.0,2360.0,1022.0,5870.0,0.0
0.0,16673.0,2651.0,3404.0,0.0,2998.0,2998.0,2411.0,993.0,2651.0,0.0
0.0,14022.0,0.0,3357.0,0.0,2763.0,2763.0,2411.0,946.0,0.0,0.0
0.0,14022.0,571.0,3312.0,237.0,2872.0,2872.0,2411.0,901.0,0.0,571.0
0.0,13688.0,1550.0,3280.0,2998.0,1264.0,1264.0,2394.0,886.0,0.0,1550.0
0.0,15136.0,2523.0,3251.0,2763.0,879.0,879.0,2333.0,918.0,0.0,2523.0
0.0,15376.0,2928.0,3204.0,2872.0,700.0,700.0,2230.0,974.0,0.0,2928.0
0.0,15320.0,3318.0,3138.0,1264.0,2424.0,2424.0,2119.0,1019.0,966.0,2352.0
0.0,13266.0,4055.0,3104.0,879.0,5430.0,5430.0,2069.0,1035.0,3246.0,809.0
0.0,10090.0,5525.0,3157.0,700.0,10520.0,10520.0,2122.0,1035.0,5525.0,0.0
0.0,5265.0,6845.0,3289.0,2424.0,15601.0,15601.0,2254.0,1035.0,6845.0,0.0
0.0,844.0,5879.0,3391.0,5430.0,16560.0,16560.0,2367.0,1024.0,5879.0,0.0
0.0,395.0,2637.0,3413.0,10520.0,8787.0,8787.0,2418.0,995.0,2637.0,0.0
0.0,8278.0,0.0,3365.0,15601.0,0.0,0.0,2418.0,947.0,0.0,0.0
0.0,23879.0,596.0,3320.0,16560.0,0.0,0.0,2418.0,902.0,0.0,596.0
0.0,39843.0,1579.0,3286.0,8787.0,0.0,0.0,2399.0,887.0,0.0,1579.0
0.0,47051.0,2565.0,3257.0,0.0,0.0,0.0,2336.0,921.0,0.0,2565.0
0.0,44486.0,2956.0,3207.0,0.0,0.0,0.0,2229.0,978.0,0.0,2956.0
0.0,41530.0,3442.0,3142.0,0.0,0.0,0.0,2119.0,1023.0,1071.0,2371.0
0.0,38088.0,4181.0,3109.0,0.0,0.0,0.0,2071.0,1038.0,3385.0,796.0
0.0,33907.0,5697.0,3168.0,0.0,0.0,0.0,2130.0,1038.0,5697.0,0.0
0.0,28210.0,6947.0,3301.0,0.0,0.0,0.0,2263.0,1038.0,6947.0,0.0
0.0,21263.0,5879.0,3404.0,0.0,1636.0,1636.0,2377.0,1027.0,5879.0,0.0
0.0,15384.0,2507.0,3421.0,0.0,4228.0,4228.0,2425.0,996.0,2507.0,0.0
0.0,12877.0,0.0,3371.0,0.0,3978.0,3978.0,2425.0,946.0,0.0,0.0
0.0,12877.0,640.0,3326.0,1636.0,2757.0,2757.0,2425.0,901.0,0.0,640.0
0.0,13873.0,1635.0,3292.0,4228.0,0.0,0.0,2404.0,888.0,0.0,1635.0
0.0,16466.0,2632.0,3263.0,3978.0,0.0,0.0,2339.0,924.0,0.0,2632.0
0.0,17812.0,2993.0,3212.0,2757.0,0.0,0.0,2230.0,982.0,0.0,2993.0
0.0,17576.0,3482.0,3145.0,0.0,1631.0,1631.0,2118.0,1027.0,1126.0,2356.0
0.0,14094.0,4171.0,3113.0,0.0,5642.0,5642.0,2072.0,1041.0,3452.0,719.0
0.0,9923.0,5777.0,3177.0,0.0,11739.0,11739.0,2136.0,1041.0,5777.0,0.0
0.0,4146.0,6978.0,3311.0,1631.0,16555.0,16555.0,2270.0,1041.0,6978.0,0.0
0.0,0.0,5849.0,3412.0,5642.0,17060.0,17060.0,2383.0,1029.0,5849.0,0.0
0.0,0.0,2398.0,3427.0,11739.0,9202.0,9202.0,2429.0,998.0,2398.0,0.0
0.0,7933.0,0.0,3377.0,16555.0,0.0,0.0,2429.0,948.0,0.0,0.0
0.0,24488.0,628.0,3332.0,17060.0,0.0,0.0,2429.0,903.0,0.0,628.0
0.0,40920.0,1622.0,3298.0,9202.0,0.0,0.0,2409.0,889.0,0.0,1622.0
0.0,48500.0,2622.0,3271.0,0.0,0.0,0.0,2345.0,926.0,0.0,2622.0
0.0,45878.0,2986.0,3221.0,0.0,0.0,0.0,2237.0,984.0,0.0,2986.0
0.0,42892.0,3447.0,3155.0,0.0,0.0,0.0,2126.0,1029.0,1093.0,2354.0
0.0,39445.0,4125.0,3122.0,0.0,0.0,0.0,2079.0,1043.0,3403.0,722.0
0.0,35320.0,5718.0,3184.0,0.0,0.0,0.0,2141.0,1043.0,5718.0,0.0
0.0,29602.0,6926.0,3317.0,0.0,0.0,0.0,2274.0,1043.0,6926.0,0.0
0.0,22676.0,5830.0,3419.0,0.0,249.0,249.0,2387.0,1032.0,5830.0,0.0
0.0,16846.0,2416.0,3435.0,0.0,2745.0,2745.0,2433.0,1002.0,2416.0,0.0
0.0,14430.0,0.0,3386.0,0.0,2500.0,2500.0,2433.0,953.0,0.0,0.0
0.0,14430.0,580.0,3341.0,249.0,2606.0,2606.0,2433.0,908.0,0.0,580.0
0.0,14099.0,1568.0,3308.0,2745.0,1264.0,1264.0,2415.0,893.0,0.0,1568.0
0.0,15276.0,2551.0,3280.0,2500.0,1175.0,1175.0,2353.0,927.0,0.0,2551.0
0.0,15225.0,2954.0,3232.0,2606.0,1283.0,1283.0,2248.0,984.0,0.0,2954.0
0.0,14877.0,3376.0,3165.0,1264.0,3060.0,3060.0,2136.0,1029.0,1010.0,2366.0
0.0,12765.0,4089.0,3132.0,1175.0,5809.0,5809.0,2087.0,1045.0,3295.0,794.0
0.0,9851.0,5591.0,3188.0,1283.0,10397.0,10397.0,2143.0,1045.0,5591.0,0.0
0.0,5543.0,6875.0,3320.0,3060.0,14872.0,14872.0,2275.0,1045.0,6875.0,0.0
0.0,1728.0,5880.0,3422.0,5809.0,15453.0,15453.0,2388.0,1034.0,5880.0,0.0
0.0,1657.0,2578.0,3442.0,10397.0,7734.0,7734.0,2438.0,1004.0,2578.0,0.0
0.0,9476.0,0.0,3393.0,14872.0,0.0,0.0,2438.0,955.0,0.0,0.0
0.0,24348.0,586.0,3348.0,15453.0,0.0,0.0,2438.0,910.0,0.0,586.0
0.0,39215.0,1571.0,3314.0,7734.0,0.0,0.0,2419.0,895.0,0.0,1571.0
0.0,45378.0,2556.0,3286.0,0.0,0.0,0.0,2357.0,929.0,0.0,2556.0
0.0,42822.0,2955.0,3237.0,0.0,0.0,0.0,2251.0,986.0,0.0,2955.0
0.0,39867.0,3415.0,3170.0,0.0,0.0,0.0,2139.0,1031.0,1044.0,2371.0
0.0,36452.0,4159.0,3138.0,0.0,0.0,0.0,2091.0,1047.0,3354.0,805.0
0.0,32293.0,5671.0,3196.0,0.0,0.0,0.0,2149.0,1047.0,5671.0,0.0
0.0,26622.0,6943.0,3330.0,0.0,0.0,0.0,2283.0,1047.0,6943.0,0.0
0.0,19679.0,5914.0,3431.0,0.0,3390.0,3390.0,2396.0,1035.0,5914.0,0.0
0.0,13765.0,2563.0,3451.0,0.0,6053.0,6053.0,2446.0,1005.0,2563.0,0.0
0.0,11202.0,0.0,3402.0,0.0,5808.0,5808.0,2446.0,956.0,0.0,0.0
0.0,11202.0,648.0,3357.0,3390.0,2841.0,2841.0,2446.0,911.0,0.0,648.0
0.0,13944.0,1647.0,3322.0,6053.0,0.0,0.0,2425.0,897.0,0.0,1647.0
0.0,18350.0,2646.0,3293.0,5808.0,0.0,0.0,2360.0,933.0,0.0,2646.0
0.0,21512.0,3000.0,3241.0,2841.0,0.0,0.0,2250.0,991.0,0.0,3000.0
0.0,21353.0,3502.0,3175.0,0.0,0.0,0.0,2139.0,1036.0,1142.0,2360.0
0.0,17851.0,4208.0,3143.0,0.0,2072.0,2072.0,2093.0,1050.0,3490.0,718.0
0.0,13643.0,5833.0,3207.0,0.0,8225.0,8225.0,2157.0,1050.0,5833.0,0.0
0.0,7810.0,7034.0,3342.0,0.0,15934.0,15934.0,2292.0,1050.0,7034.0,0.0
0.0,776.0,5894.0,3442.0,2072.0,17210.0,17210.0,2405.0,1037.0,5894.0,0.0
0.0,0.0,2404.0,3458.0,8225.0,14515.0,14515.0,2452.0,1006.0,2404.0,0.0
0.0,2775.0,0.0,3407.0,15934.0,0.0,0.0,2452.0,955.0,0.0,0.0
0.0,18709.0,675.0,3363.0,17210.0,0.0,0.0,2452.0,911.0,0.0,675.0
0.0,35244.0,1682.0,3328.0,14515.0,0.0,0.0,2430.0,898.0,0.0,1682.0
0.0,48077.0,2690.0,3300.0,0.0,0.0,0.0,2364.0,936.0,0.0,2690.0
0.0,45387.0,3028.0,3246.0,0.0,0.0,0.0,2252.0,994.0,0.0,3028.0
0.0,42359.0,3535.0,3180.0,0.0,0.0,0.0,2141.0,1039.0,1183.0,2352.0
0.0,38824.0,4200.0,3148.0,0.0,0.0,0.0,2096.0,1052.0,3533.0,667.0
0.0,34624.0,5877.0,3215.0,0.0,0.0,0.0,2163.0,1052.0,5877.0,0.0
0.0,28747.0,7037.0,3351.0,0.0,0.0,0.0,2299.0,1052.0,7037.0,0.0
0.0,21710.0,5853.0,3451.0,0.0,1398.0,1398.0,2411.0,1040.0,5853.0,0.0
0.0,15857.0,2319.0,3465.0,0.0,3787.0,3787.0,2456.0,1009.0,2319.0,0.0
0.0,13538.0,0.0,3414.0,0.0,3532.0,3532.0,2456.0,958.0,0.0,0.0
0.0,13538.0,649.0,3369.0,1398.0,2558.0,2558.0,2456.0,913.0,0.0,649.0
0.0,14287.0,1649.0,3335.0,3787.0,250.0,250.0,2435.0,900.0,0.0,1649.0
0.0,16425.0,2647.0,3306.0,3532.0,0.0,0.0,2369.0,937.0,0.0,2647.0
0.0,17310.0,3003.0,3254.0,2558.0,0.0,0.0,2259.0,995.0,0.0,3003.0
0.0,16865.0,3477.0,3188.0,250.0,2302.0,2302.0,2148.0,1040.0,1126.0,2351.0
0.0,13638.0,4154.0,3155.0,0.0,6291.0,6291.0,2102.0,1053.0,3453.0,701.0
0.0,9484.0,5782.0,3220.0,0.0,12398.0,12398.0,2167.0,1053.0,5782.0,0.0
0.0,3702.0,6978.0,3354.0,2302.0,16770.0,16770.0,2301.0,1053.0,6978.0,0.0
0.0,0.0,5853.0,3456.0,6291.0,17280.0,17280.0,2414.0,1042.0,5853.0,0.0
0.0,0.0,2397.0,3472.0,12398.0,7895.0,7895.0,2460.0,1012.0,2397.0,0.0
0.0,9465.0,0.0,3423.0,16770.0,0.0,0.0,2460.0,963.0,0.0,0.0
0.0,26235.0,618.0,3378.0,17280.0,0.0,0.0,2460.0,918.0,0.0,618.0
0.0,42897.0,1610.0,3343.0,7895.0,0.0,0.0,2440.0,903.0,0.0,1610.0
0.0,49182.0,2608.0,3315.0,0.0,0.0,0.0,2377.0,938.0,0.0,2608.0
0.0,46574.0,2982.0,3265.0,0.0,0.0,0.0,2269.0,996.0,0.0,2982.0
0.0,43592.0,3431.0,3199.0,0.0,0.0,0.0,2158.0,1041.0,1068.0,2363.0
0.0,40161.0,4135.0,3165.0,0.0,0.0,0.0,2110.0,1055.0,3388.0,747.0
0.0,36026.0,5703.0,3225.0,0.0,0.0,0.0,2170.0,1055.0,5703.0,0.0
0.0,30323.0,6956.0,3359.0,0.0,0.0,0.0,2304.0,1055.0,6956.0,0.0
0.0,23367.0,5887.0,3461.0,0.0,0.0,0.0,2417.0,1044.0,5887.0,0.0
0.0,17480.0,2502.0,3479.0,0.0,2417.0,2417.0,2465.0,1014.0,2502.0,0.0
0.0,14978.0,0.0,3430.0,0.0,2172.0,2172.0,2465.0,965.0,0.0,0.0
0.0,14978.0,625.0,3385.0,0.0,2572.0,2572.0,2465.0,920.0,0.0,625.0
0.0,14353.0,1629.0,3351.0,2417.0,1614.0,1614.0,2445.0,906.0,0.0,1629.0
0.0,15141.0,2629.0,3321.0,2172.0,1921.0,1921.0,2380.0,941.0,0.0,2629.0
0.0,14684.0,3004.0,3270.0,2572.0,2098.0,2098.0,2271.0,999.0,0.0,3004.0
0.0,14252.0,3532.0,3204.0,1614.0,3686.0,3686.0,2160.0,1044.0,1154.0,2378.0
0.0,12334.0,4252.0,3173.0,1921.0,5862.0,5862.0,2114.0,1059.0,3500.0,752.0
0.0,10003.0,5843.0,3236.0,2098.0,9922.0,9922.0,2177.0,1059.0,5843.0,0.0
0.0,6258.0,7039.0,3371.0,3686.0,13950.0,13950.0,2312.0,1059.0,7039.0,0.0
0.0,2905.0,5890.0,3471.0,5862.0,14478.0,14478.0,2425.0,1046.0,5890.0,0.0
0.0,2877.0,2407.0,3487.0,9922.0,7043.0,7043.0,2472.0,1015.0,2407.0,0.0
0.0,10392.0,0.0,3436.0,13950.0,0.0,0.0,2472.0,964.0,0.0,0.0
0.0,24342.0,678.0,3391.0,14478.0,0.0,0.0,2472.0,919.0,0.0,678.0
0.0,38142.0,1691.0,3356.0,7043.0,0.0,0.0,2450.0,906.0,0.0,1691.0
0.0,43494.0,2704.0,3327.0,0.0,0.0,0.0,2383.0,944.0,0.0,2704.0
0.0,40790.0,3041.0,3273.0,0.0,0.0,0.0,2270.0,1003.0,0.0,3041.0
0.0,37749.0,3644.0,3208.0,0.0,0.0,0.0,2160.0,1048.0,1277.0,2367.0
0.0,34105.0,4329.0,3178.0,0.0,0.0,0.0,2116.0,1062.0,3646.0,683.0
0.0,29776.0,6023.0,3248.0,0.0,0.0,0.0,2186.0,1062.0,6023.0,0.0
0.0,23753.0,7119.0,3385.0,0.0,291.0,291.0,2323.0,1062.0,7119.0,0.0
0.0,16634.0,5851.0,3484.0,0.0,6637.0,6637.0,2435.0,1049.0,5851.0,0.0
0.0,10783.0,2200.0,3494.0,0.0,8887.0,8887.0,2478.0,1016.0,2200.0,0.0
0.0,8583.0,0.0,3443.0,291.0,8341.0,8341.0,2478.0,965.0,0.0,0.0
0.0,8874.0,700.0,3398.0,6637.0,2179.0,2179.0,2478.0,920.0,0.0,700.0
0.0,14811.0,1717.0,3363.0,8887.0,0.0,0.0,2455.0,908.0,0.0,1717.0
0.0,21981.0,2734.0,3334.0,8341.0,0.0,0.0,2387.0,947.0,0.0,2734.0
0.0,27588.0,3056.0,3280.0,2179.0,0.0,0.0,2274.0,1006.0,0.0,3056.0
0.0,26711.0,3632.0,3214.0,0.0,0.0,0.0,2163.0,1051.0,1278.0,2354.0
0.0,23079.0,4278.0,3185.0,0.0,0.0,0.0,2121.0,1064.0,3644.0,634.0
0.0,18801.0,6016.0,3256.0,0.0,3495.0,3495.0,2192.0,1064.0,6016.0,0.0
0.0,12785.0,7105.0,3393.0,0.0,11285.0,11285.0,2329.0,1064.0,7105.0,0.0
0.0,5680.0,5826.0,3492.0,0.0,17460.0,17460.0,2441.0,1051.0,5826.0,0.0
0.0,0.0,2172.0,3501.0,3495.0,16328.0,16328.0,2482.0,1019.0,2172.0,0.0
0.0,1177.0,0.0,3450.0,11285.0,4788.0,4788.0,2482.0,968.0,0.0,0.0
0.0,12462.0,669.0,3406.0,17460.0,0.0,0.0,2482.0,924.0,0.0,669.0
0.0,29253.0,1677.0,3372.0,16328.0,0.0,0.0,2461.0,911.0,0.0,1677.0
0.0,43904.0,2690.0,3343.0,4788.0,0.0,0.0,2394.0,949.0,0.0,2690.0
0.0,46002.0,3027.0,3290.0,0.0,0.0,0.0,2283.0,1007.0,0.0,3027.0
0.0,42975.0,3544.0,3224.0,0.0,0.0,0.0,2172.0,1052.0,1190.0,2354.0
0.0,39431.0,4200.0,3192.0,0.0,0.0,0.0,2127.0,1065.0,3532.0,668.0
0.0,35231.0,5882.0,3259.0,0.0,0.0,0.0,2194.0,1065.0,5882.0,0.0
0.0,29349.0,7031.0,3394.0,0.0,0.0,0.0,2329.0,1065.0,7031.0,0.0
0.0,22318.0,5840.0,3495.0,0.0,997.0,997.0,2442.0,1053.0,5840.0,0.0
0.0,16478.0,2293.0,3508.0,0.0,3355.0,3355.0,2486.0,1022.0,2293.0,0.0
0.0,14185.0,0.0,3458.0,0.0,3105.0,3105.0,2486.0,972.0,0.0,0.0
0.0,14185.0,638.0,3413.0,997.0,2521.0,2521.0,2486.0,927.0,0.0,638.0
0.0,14544.0,1647.0,3378.0,3355.0,638.0,638.0,2465.0,913.0,0.0,1647.0
0.0,16252.0,2651.0,3350.0,3105.0,44.0,44.0,2400.0,950.0,0.0,2651.0
0.0,16706.0,3016.0,3298.0,2521.0,279.0,279.0,2290.0,1008.0,0.0,3016.0
0.0,16211.0,3556.0,3233.0,638.0,2872.0,2872.0,2179.0,1054.0,1183.0,2373.0
0.0,13293.0,4250.0,3202.0,44.0,6923.0,6923.0,2134.0,1068.0,3524.0,726.0
0.0,9087.0,5877.0,3267.0,279.0,12846.0,12846.0,2199.0,1068.0,5877.0,0.0
0.0,3489.0,7042.0,3402.0,2872.0,17010.0,17010.0,2334.0,1068.0,7042.0,0.0
0.0,0.0,5875.0,3503.0,6923.0,17148.0,17148.0,2447.0,1056.0,5875.0,0.0
0.0,367.0,2349.0,3516.0,12846.0,6716.0,6716.0,2492.0,1024.0,2349.0,0.0
0.0,10864.0,0.0,3466.0,17010.0,0.0,0.0,2492.0,974.0,0.0,0.0
0.0,27874.0,671.0,3421.0,17148.0,0.0,0.0,2492.0,929.0,0.0,671.0
0.0,44351.0,1684.0,3385.0,6716.0,0.0,0.0,2470.0,915.0,0.0,1684.0
0.0,49383.0,2697.0,3356.0,0.0,0.0,0.0,2403.0,953.0,0.0,2697.0
0.0,46686.0,3043.0,3302.0,0.0,0.0,0.0,2291.0,1011.0,0.0,3043.0
0.0,43643.0,3656.0,3237.0,0.0,0.0,0.0,2180.0,1057.0,1282.0,2374.0
0.0,39987.0,4362.0,3207.0,0.0,0.0,0.0,2137.0,1070.0,3662.0,700.0
0.0,35625.0,6042.0,3277.0,0.0,0.0,0.0,2207.0,1070.0,6042.0,0.0
0.0,29583.0,7144.0,3414.0,0.0,0.0,0.0,2344.0,1070.0,7144.0,0.0
0.0,22439.0,5866.0,3514.0,0.0,997.0,997.0,2457.0,1057.0,5866.0,0.0
0.0,16573.0,2212.0,3525.0,0.0,3264.0,3264.0,2500.0,1025.0,2212.0,0.0
0.0,14361.0,0.0,3473.0,0.0,3004.0,3004.0,2500.0,973.0,0.0,0.0
0.0,14361.0,723.0,3428.0,997.0,2505.0,2505.0,2500.0,928.0,0.0,723.0
0.0,14635.0,1749.0,3391.0,3264.0,805.0,805.0,2475.0,916.0,0.0,1749.0
0.0,16150.0,2775.0,3362.0,3004.0,431.0,431.0,2405.0,957.0,0.0,2775.0
0.0,16379.0,3078.0,3305.0,2505.0,719.0,719.0,2289.0,1016.0,0.0,3078.0
0.0,15806.0,3727.0,3240.0,805.0,3316.0,3316.0,2179.0,1061.0,1366.0,2361.0
0.0,12884.0,4386.0,3212.0,431.0,7131.0,7131.0,2139.0,1073.0,3771.0,615.0
0.0,8929.0,6175.0,3288.0,719.0,12967.0,12967.0,2215.0,1073.0,6175.0,0.0
0.0,3473.0,7207.0,3427.0,3316.0,17135.0,17135.0,2354.0,1073.0,7207.0,0.0
0.0,0.0,5834.0,3526.0,7131.0,16751.0,16751.0,2466.0,1060.0,5834.0,0.0
0.0,879.0,2061.0,3532.0,12967.0,5875.0,5875.0,2505.0,1027.0,2061.0,0.0
0.0,11785.0,0.0,3479.0,17135.0,0.0,0.0,2505.0,974.0,0.0,0.0
0.0,28920.0,729.0,3434.0,16751.0,0.0,0.0,2505.0,929.0,0.0,729.0
0.0,44942.0,1754.0,3399.0,5875.0,0.0,0.0,2481.0,918.0,0.0,1754.0
0.0,49063.0,2780.0,3370.0,0.0,0.0,0.0,2411.0,959.0,0.0,2780.0
0.0,46283.0,3080.0,3313.0,0.0,0.0,0.0,2295.0,1018.0,0.0,3080.0
0.0,43203.0,3667.0,3247.0,0.0,0.0,0.0,2184.0,1063.0,1318.0,2349.0
0.0,39536.0,4296.0,3218.0,0.0,0.0,0.0,2143.0,1075.0,3706.0,590.0
0.0,35240.0,6090.0,3293.0,0.0,0.0,0.0,2218.0,1075.0,6090.0,0.0
0.0,29150.0,7157.0,3431.0,0.0,0.0,0.0,2356.0,1075.0,7157.0,0.0
0.0,21993.0,5830.0,3530.0,0.0,1487.0,1487.0,2468.0,1062.0,5830.0,0.0
0.0,16163.0,2118.0,3539.0,0.0,3650.0,3650.0,2509.0,1030.0,2118.0,0.0
0.0,14045.0,0.0,3487.0,0.0,3390.0,3390.0,2509.0,978.0,0.0,0.0
0.0,14045.0,689.0,3442.0,1487.0,2367.0,2367.0,2509.0,933.0,0.0,689.0
0.0,14843.0,1704.0,3406.0,3650.0,241.0,241.0,2486.0,920.0,0.0,1704.0
0.0,16789.0,2719.0,3378.0,3390.0,0.0,0.0,2418.0,960.0,0.0,2719.0
0.0,17460.0,3049.0,3324.0,2367.0,0.0,0.0,2305.0,1019.0,0.0,3049.0
0.0,16778.0,3593.0,3257.0,241.0,2859.0,2859.0,2193.0,1064.0,1235.0,2358.0
0.0,13426.0,4255.0,3226.0,0.0,6959.0,6959.0,2150.0,1076.0,3603.0,652.0
0.0,9171.0,5964.0,3297.0,0.0,13278.0,13278.0,2221.0,1076.0,5964.0,0.0
0.0,3207.0,7095.0,3433.0,2859.0,17165.0,17165.0,2357.0,1076.0,7095.0,0.0
0.0,0.0,5856.0,3534.0,6959.0,17596.0,17596.0,2470.0,1064.0,5856.0,0.0
0.0,74.0,2266.0,3546.0,13278.0,6644.0,6644.0,2514.0,1032.0,2266.0,0.0
0.0,11086.0,0.0,3496.0,17165.0,0.0,0.0,2514.0,982.0,0.0,0.0
0.0,28251.0,676.0,3450.0,17596.0,0.0,0.0,2514.0,936.0,0.0,676.0
0.0,45171.0,1689.0,3414.0,6644.0,0.0,0.0,2491.0,923.0,0.0,1689.0
0.0,50126.0,2710.0,3385.0,0.0,0.0,0.0,2423.0,962.0,0.0,2710.0
0.0,47416.0,3050.0,3330.0,0.0,0.0,0.0,2310.0,1020.0,0.0,3050.0
0.0,44366.0,3639.0,3265.0,0.0,0.0,0.0,2199.0,1066.0,1262.0,2377.0
0.0,40727.0,4321.0,3235.0,0.0,0.0,0.0,2156.0,1079.0,3638.0,683.0
0.0,36406.0,6016.0,3305.0,0.0,0.0,0.0,2226.0,1079.0,6016.0,0.0
0.0,30390.0,7140.0,3443.0,0.0,0.0,0.0,2364.0,1079.0,7140.0,0.0
0.0,23250.0,5883.0,3543.0,0.0,348.0,348.0,2477.0,1066.0,5883.0,0.0
0.0,17367.0,2258.0,3554.0,0.0,2661.0,2661.0,2520.0,1034.0,2258.0,0.0
0.0,15109.0,0.0,3502.0,0.0,2401.0,2401.0,2520.0,982.0,0.0,0.0
0.0,15109.0,712.0,3457.0,348.0,2540.0,2540.0,2520.0,937.0,0.0,712.0
0.0,14745.0,1744.0,3421.0,2661.0,1443.0,1443.0,2496.0,925.0,0.0,1744.0
0.0,15662.0,2773.0,3390.0,2401.0,1660.0,1660.0,2425.0,965.0,0.0,2773.0
0.0,15290.0,3091.0,3333.0,2540.0,1926.0,1926.0,2309.0,1024.0,0.0,3091.0
0.0,14739.0,3761.0,3268.0,1443.0,3919.0,3919.0,2198.0,1070.0,1382.0,2379.0
0.0,12421.0,4432.0,3240.0,1660.0,6551.0,6551.0,2158.0,1082.0,3793.0,639.0
0.0,9649.0,6202.0,3317.0,1926.0,11212.0,11212.0,2235.0,1082.0,6202.0,0.0
0.0,5373.0,7239.0,3456.0,3919.0,15227.0,15227.0,2374.0,1082.0,7239.0,0.0
0.0,2053.0,5859.0,3555.0,6551.0,15030.0,15030.0,2487.0,1068.0,5859.0,0.0
0.0,2745.0,2084.0,3562.0,11212.0,5937.0,5937.0,2527.0,1035.0,2084.0,0.0
0.0,11873.0,0.0,3508.0,15227.0,0.0,0.0,2527.0,981.0,0.0,0.0
0.0,27100.0,754.0,3464.0,15030.0,0.0,0.0,2527.0,937.0,0.0,754.0
0.0,41376.0,1794.0,3427.0,5937.0,0.0,0.0,2501.0,926.0,0.0,1794.0
0.0,45519.0,2831.0,3396.0,0.0,0.0,0.0,2428.0,968.0,0.0,2831.0
0.0,42688.0,3114.0,3338.0,0.0,0.0,0.0,2310.0,1028.0,0.0,3114.0
0.0,39574.0,3804.0,3273.0,0.0,0.0,0.0,2199.0,1074.0,1446.0,2358.0
0.0,35770.0,4435.0,3246.0,0.0,0.0,0.0,2161.0,1085.0,3866.0,569.0
0.0,31335.0,6295.0,3327.0,0.0,0.0,0.0,2242.0,1085.0,6295.0,0.0
0.0,25040.0,7267.0,3467.0,0.0,0.0,0.0,2382.0,1085.0,7267.0,0.0
0.0,17773.0,5828.0,3565.0,0.0,5880.0,5880.0,2494.0,1071.0,5828.0,0.0
0.0,11945.0,1949.0,3569.0,0.0,7849.0,7849.0,2532.0,1037.0,1949.0,0.0
0.0,9996.0,0.0,3515.0,0.0,7579.0,7579.0,2532.0,983.0,0.0,0.0
0.0,9996.0,751.0,3471.0,5880.0,2230.0,2230.0,2532.0,939.0,0.0,751.0
0.0,15125.0,1783.0,3434.0,7849.0,0.0,0.0,2506.0,928.0,0.0,1783.0
0.0,21191.0,2817.0,3405.0,7579.0,0.0,0.0,2435.0,970.0,0.0,2817.0
0.0,25953.0,3096.0,3348.0,2230.0,0.0,0.0,2318.0,1030.0,0.0,3096.0
0.0,25087.0,3724.0,3282.0,0.0,0.0,0.0,2207.0,1075.0,1375.0,2349.0
0.0,21363.0,4343.0,3253.0,0.0,0.0,0.0,2167.0,1086.0,3780.0,563.0
0.0,17020.0,6187.0,3332.0,0.0,5827.0,5827.0,2246.0,1086.0,6187.0,0.0
0.0,10833.0,7212.0,3470.0,0.0,13729.0,13729.0,2384.0,1086.0,7212.0,0.0
0.0,3621.0,5833.0,3569.0,0.0,17845.0,17845.0,2496.0,1073.0,5833.0,0.0
0.0,0.0,2041.0,3576.0,5827.0,16306.0,16306.0,2536.0,1040.0,2041.0,0.0
0.0,1574.0,0.0,3524.0,13729.0,2317.0,2317.0,2536.0,988.0,0.0,0.0
0.0,15303.0,722.0,3479.0,17845.0,0.0,0.0,2536.0,943.0,0.0,722.0
0.0,32426.0,1746.0,3443.0,16306.0,0.0,0.0,2512.0,931.0,0.0,1746.0
0.0,46986.0,2776.0,3415.0,2317.0,0.0,0.0,2443.0,972.0,0.0,2776.0
0.0,46527.0,3077.0,3359.0,0.0,0.0,0.0,2328.0,1031.0,0.0,3077.0
0.0,43450.0,3659.0,3293.0,0.0,0.0,0.0,2217.0,1076.0,1305.0,2354.0
0.0,39791.0,4297.0,3263.0,0.0,0.0,0.0,2175.0,1088.0,3696.0,601.0
0.0,35494.0,6087.0,3337.0,0.0,0.0,0.0,2249.0,1088.0,6087.0,0.0
0.0,29407.0,7180.0,3475.0,0.0,0.0,0.0,2387.0,1088.0,7180.0,0.0
0.0,22227.0,5872.0,3575.0,0.0,1520.0,1520.0,2500.0,1075.0,5872.0,0.0
0.0,16355.0,2184.0,3585.0,0.0,3754.0,3754.0,2542.0,1043.0,2184.0,0.0
0.0,14171.0,0.0,3532.0,0.0,3489.0,3489.0,2542.0,990.0,0.0,0.0
0.0,14171.0,723.0,3488.0,1520.0,2472.0,2472.0,2542.0,946.0,0.0,723.0
0.0,14968.0,1756.0,3451.0,3754.0,289.0,289.0,2517.0,934.0,0.0,1756.0
0.0,16966.0,2784.0,3421.0,3489.0,0.0,0.0,2447.0,974.0,0.0,2784.0
0.0,17671.0,3089.0,3366.0,2472.0,0.0,0.0,2332.0,1034.0,0.0,3089.0
0.0,17054.0,3696.0,3299.0,289.0,2848.0,2848.0,2220.0,1079.0,1334.0,2362.0
0.0,13647.0,4357.0,3270.0,0.0,7060.0,7060.0,2179.0,1091.0,3747.0,610.0
0.0,9290.0,6160.0,3345.0,0.0,13595.0,13595.0,2254.0,1091.0,6160.0,0.0
0.0,3130.0,7246.0,3484.0,2848.0,17420.0,17420.0,2393.0,1091.0,7246.0,0.0
0.0,0.0,5915.0,3584.0,7060.0,17920.0,17920.0,2507.0,1077.0,5915.0,0.0
0.0,0.0,2182.0,3592.0,13595.0,6670.0,6670.0,2549.0,1043.0,2182.0,0.0
0.0,11290.0,0.0,3539.0,17420.0,0.0,0.0,2549.0,990.0,0.0,0.0
0.0,28710.0,780.0,3495.0,17920.0,0.0,0.0,2549.0,946.0,0.0,780.0
0.0,45850.0,1820.0,3457.0,6670.0,0.0,0.0,2522.0,935.0,0.0,1820.0
0.0,50700.0,2863.0,3427.0,0.0,0.0,0.0,2449.0,978.0,0.0,2863.0
0.0,47837.0,3127.0,3368.0,0.0,0.0,0.0,2330.0,1038.0,0.0,3127.0
0.0,44710.0,3783.0,3301.0,0.0,0.0,0.0,2218.0,1083.0,1431.0,2352.0
0.0,40927.0,4409.0,3273.0,0.0,0.0,0.0,2180.0,1093.0,3875.0,534.0
0.0,36518.0,6321.0,3355.0,0.0,0.0,0.0,2262.0,1093.0,6321.0,0.0
0.0,30197.0,7341.0,3496.0,0.0,0.0,0.0,2403.0,1093.0,7341.0,0.0
0.0,22856.0,5909.0,3596.0,0.0,1033.0,1033.0,2517.0,1079.0,5909.0,0.0
0.0,16947.0,2036.0,3600.0,0.0,3089.0,3089.0,2556.0,1044.0,2036.0,0.0
0.0,14911.0,0.0,3546.0,0.0,2819.0,2819.0,2556.0,990.0,0.0,0.0
0.0,14911.0,820.0,3502.0,1033.0,2386.0,2386.0,2556.0,946.0,0.0,820.0
0.0,15124.0,1870.0,3464.0,3089.0,977.0,977.0,2528.0,936.0,0.0,1870.0
0.0,16343.0,2919.0,3436.0,2819.0,937.0,937.0,2454.0,982.0,0.0,2919.0
0.0,16243.0,3146.0,3375.0,2386.0,1392.0,1392.0,2333.0,1042.0,0.0,3146.0
0.0,15483.0,3776.0,3308.0,977.0,3856.0,3856.0,2221.0,1087.0,1447.0,2329.0
0.0,12684.0,4346.0,3279.0,937.0,7120.0,7120.0,2183.0,1096.0,3889.0,457.0
0.0,9275.0,6336.0,3364.0,1392.0,12489.0,12489.0,2268.0,1096.0,6336.0,0.0
0.0,4331.0,7327.0,3505.0,3856.0,16665.0,16665.0,2409.0,1096.0,7327.0,0.0
0.0,860.0,5875.0,3603.0,7120.0,15910.0,15910.0,2522.0,1081.0,5875.0,0.0
0.0,2105.0,1983.0,3607.0,12489.0,5424.0,5424.0,2560.0,1047.0,1983.0,0.0
0.0,12611.0,0.0,3553.0,16665.0,0.0,0.0,2560.0,993.0,0.0,0.0
0.0,29276.0,798.0,3509.0,15910.0,0.0,0.0,2560.0,949.0,0.0,798.0
0.0,44388.0,1839.0,3472.0,5424.0,0.0,0.0,2533.0,939.0,0.0,1839.0
0.0,47973.0,2879.0,3444.0,0.0,0.0,0.0,2461.0,983.0,0.0,2879.0
0.0,45094.0,3126.0,3385.0,0.0,0.0,0.0,2342.0,1043.0,0.0,3126.0
0.0,41968.0,3712.0,3318.0,0.0,0.0,0.0,2230.0,1088.0,1385.0,2327.0
0.0,38256.0,4296.0,3289.0,0.0,0.0,0.0,2191.0,1098.0,3809.0,487.0
0.0,33960.0,6234.0,3369.0,0.0,0.0,0.0,2271.0,1098.0,6234.0,0.0
0.0,27726.0,7268.0,3509.0,0.0,0.0,0.0,2411.0,1098.0,7268.0,0.0
0.0,20458.0,5880.0,3608.0,0.0,3462.0,3462.0,2524.0,1084.0,5880.0,0.0
0.0,14578.0,2058.0,3614.0,0.0,5550.0,5550.0,2564.0,1050.0,2058.0,0.0
0.0,12520.0,0.0,3561.0,0.0,5285.0,5285.0,2564.0,997.0,0.0,0.0
0.0,12520.0,764.0,3516.0,3462.0,2362.0,2362.0,2564.0,952.0,0.0,764.0
0.0,15218.0,1798.0,3481.0,5550.0,0.0,0.0,2539.0,942.0,0.0,1798.0
0.0,18970.0,2836.0,3453.0,5285.0,0.0,0.0,2468.0,985.0,0.0,2836.0
0.0,21419.0,3106.0,3394.0,2362.0,0.0,0.0,2350.0,1044.0,0.0,3106.0
0.0,20675.0,3685.0,3327.0,0.0,0.0,0.0,2238.0,1089.0,1343.0,2342.0
0.0,16990.0,4305.0,3298.0,0.0,3805.0,3805.0,2198.0,1100.0,3764.0,541.0
0.0,12685.0,6182.0,3375.0,0.0,10372.0,10372.0,2275.0,1100.0,6182.0,0.0
0.0,6503.0,7253.0,3514.0,0.0,17570.0,17570.0,2414.0,1100.0,7253.0,0.0
0.0,0.0,5913.0,3614.0,3805.0,18070.0,18070.0,2528.0,1086.0,5913.0,0.0
0.0,0.0,2158.0,3621.0,10372.0,12749.0,12749.0,2569.0,1052.0,2158.0,0.0
0.0,5356.0,0.0,3567.0,17570.0,0.0,0.0,2569.0,998.0,0.0,0.0
0.0,22926.0,779.0,3523.0,18070.0,0.0,0.0,2569.0,954.0,0.0,779.0
0.0,40217.0,1824.0,3488.0,12749.0,0.0,0.0,2544.0,944.0,0.0,1824.0
0.0,51142.0,2865.0,3459.0,0.0,0.0,0.0,2472.0,987.0,0.0,2865.0
0.0,48277.0,3130.0,3400.0,0.0,0.0,0.0,2353.0,1047.0,0.0,3130.0
0.0,45147.0,3763.0,3333.0,0.0,0.0,0.0,2241.0,1092.0,1413.0,2350.0
0.0,41384.0,4392.0,3304.0,0.0,0.0,0.0,2201.0,1103.0,3860.0,532.0
0.0,36992.0,6301.0,3384.0,0.0,0.0,0.0,2281.0,1103.0,6301.0,0.0
0.0,30691.0,7335.0,3525.0,0.0,0.0,0.0,2422.0,1103.0,7335.0,0.0
0.0,23356.0,5931.0,3624.0,0.0,695.0,695.0,2536.0,1088.0,5931.0,0.0
0.0,17425.0,2082.0,3629.0,0.0,2802.0,2802.0,2576.0,1053.0,2082.0,0.0
0.0,15343.0,0.0,3574.0,0.0,2527.0,2527.0,2576.0,998.0,0.0,0.0
0.0,15343.0,826.0,3529.0,695.0,2433.0,2433.0,2576.0,953.0,0.0,826.0
0.0,15212.0,1886.0,3492.0,2802.0,1332.0,1332.0,2548.0,944.0,0.0,1886.0
0.0,16128.0,2942.0,3465.0,2527.0,1612.0,1612.0,2474.0,991.0,0.0,2942.0
0.0,15713.0,3173.0,3404.0,2433.0,2047.0,2047.0,2352.0,1052.0,0.0,3173.0
0.0,14973.0,3866.0,3337.0,1332.0,4246.0,4246.0,2240.0,1097.0,1521.0,2345.0
0.0,12439.0,4445.0,3309.0,1612.0,6939.0,6939.0,2203.0,1106.0,3986.0,459.0
0.0,9606.0,6463.0,3394.0,2047.0,11780.0,11780.0,2288.0,1106.0,6463.0,0.0
0.0,5190.0,7411.0,3537.0,4246.0,15660.0,15660.0,2431.0,1106.0,7411.0,0.0
0.0,2025.0,5900.0,3634.0,6939.0,15106.0,15106.0,2544.0,1090.0,5900.0,0.0
0.0,3064.0,1904.0,3635.0,11780.0,5235.0,5235.0,2581.0,1054.0,1904.0,0.0
0.0,12940.0,0.0,3579.0,15660.0,0.0,0.0,2581.0,998.0,0.0,0.0
0.0,28600.0,843.0,3535.0,15106.0,0.0,0.0,2581.0,954.0,0.0,843.0
0.0,42863.0,1903.0,3498.0,5235.0,0.0,0.0,2553.0,945.0,0.0,1903.0
0.0,46195.0,2961.0,3471.0,0.0,0.0,0.0,2478.0,993.0,0.0,2961.0
0.0,43234.0,3175.0,3412.0,0.0,0.0,0.0,2357.0,1055.0,0.0,3175.0
0.0,40059.0,3848.0,3344.0,0.0,0.0,0.0,2245.0,1099.0,1519.0,2329.0
0.0,36211.0,4421.0,3317.0,0.0,0.0,0.0,2209.0,1108.0,3991.0,430.0
0.0,31790.0,6450.0,3402.0,0.0,0.0,0.0,2294.0,1108.0,6450.0,0.0
0.0,25340.0,7393.0,3545.0,0.0,0.0,0.0,2437.0,1108.0,7393.0,0.0
0.0,17947.0,5860.0,3641.0,0.0,6118.0,6118.0,2549.0,1092.0,5860.0,0.0
0.0,12087.0,1867.0,3642.0,0.0,7990.0,7990.0,2585.0,1057.0,1867.0,0.0
0.0,10220.0,0.0,3587.0,0.0,7715.0,7715.0,2585.0,1002.0,0.0,0.0
0.0,10220.0,812.0,3542.0,6118.0,2184.0,2184.0,2585.0,957.0,0.0,812.0
0.0,15526.0,1862.0,3507.0,7990.0,0.0,0.0,2559.0,948.0,0.0,1862.0
0.0,21654.0,2909.0,3480.0,7715.0,0.0,0.0,2485.0,995.0,0.0,2909.0
0.0,26460.0,3144.0,3421.0,2184.0,0.0,0.0,2366.0,1055.0,0.0,3144.0
0.0,25500.0,3766.0,3353.0,0.0,0.0,0.0,2253.0,1100.0,1432.0,2334.0
0.0,21734.0,4339.0,3324.0,0.0,0.0,0.0,2215.0,1109.0,3869.0,470.0
0.0,17395.0,6313.0,3405.0,0.0,5943.0,5943.0,2296.0,1109.0,6313.0,0.0
0.0,11082.0,7320.0,3546.0,0.0,13968.0,13968.0,2437.0,1109.0,7320.0,0.0
0.0,3762.0,5890.0,3644.0,0.0,18220.0,18220.0,2550.0,1094.0,5890.0,0.0
0.0,0.0,2012.0,3649.0,5943.0,16442.0,16442.0,2589.0,1060.0,2012.0,0.0
0.0,1803.0,0.0,3594.0,13968.0,2199.0,2199.0,2589.0,1005.0,0.0,0.0
0.0,15771.0,792.0,3550.0,18220.0,0.0,0.0,2589.0,961.0,0.0,792.0
0.0,33199.0,1835.0,3514.0,16442.0,0.0,0.0,2563.0,951.0,0.0,1835.0
0.0,47806.0,2879.0,3487.0,2199.0,0.0,0.0,2491.0,996.0,0.0,2879.0
0.0,47126.0,3130.0,3428.0,0.0,0.0,0.0,2372.0,1056.0,0.0,3130.0
0.0,43996.0,3766.0,3361.0,0.0,0.0,0.0,2260.0,1101.0,1420.0,2346.0
0.0,40230.0,4376.0,3331.0,0.0,0.0,0.0,2220.0,1111.0,3862.0,514.0
0.0,35854.0,6314.0,3411.0,0.0,0.0,0.0,2300.0,1111.0,6314.0,0.0
0.0,29540.0,7339.0,3553.0,0.0,0.0,0.0,2442.0,1111.0,7339.0,0.0
0.0,22201.0,5928.0,3652.0,0.0,1987.0,1987.0,2556.0,1096.0,5928.0,0.0
0.0,16273.0,2066.0,3656.0,0.0,4073.0,4073.0,2595.0,1061.0,2066.0,0.0
0.0,14207.0,0.0,3601.0,0.0,3798.0,3798.0,2595.0,1006.0,0.0,0.0
0.0,14207.0,833.0,3557.0,1987.0,2424.0,2424.0,2595.0,962.0,0.0,833.0
0.0,15361.0,1889.0,3521.0,4073.0,60.0,60.0,2568.0,953.0,0.0,1889.0
0.0,17545.0,2945.0,3493.0,3798.0,0.0,0.0,2494.0,999.0,0.0,2945.0
0.0,18398.0,3176.0,3433.0,2424.0,0.0,0.0,2373.0,1060.0,0.0,3176.0
0.0,17646.0,3890.0,3367.0,60.0,3019.0,3019.0,2261.0,1106.0,1540.0,2350.0
0.0,13816.0,4487.0,3339.0,0.0,7366.0,7366.0,2224.0,1115.0,4021.0,466.0
0.0,9329.0,6500.0,3424.0,0.0,14291.0,14291.0,2309.0,1115.0,6500.0,0.0
0.0,2829.0,7448.0,3568.0,3019.0,17840.0,17840.0,2453.0,1115.0,7448.0,0.0
0.0,0.0,5916.0,3665.0,7366.0,18325.0,18325.0,2566.0,1099.0,5916.0,0.0
0.0,0.0,1909.0,3665.0,14291.0,6093.0,6093.0,2603.0,1062.0,1909.0,0.0
0.0,12232.0,0.0,3609.0,17840.0,0.0,0.0,2603.0,1006.0,0.0,0.0
0.0,30072.0,871.0,3565.0,18325.0,0.0,0.0,2603.0,962.0,0.0,871.0
0.0,47526.0,1945.0,3528.0,6093.0,0.0,0.0,2574.0,954.0,0.0,1945.0
0.0,51674.0,3014.0,3500.0,0.0,0.0,0.0,2497.0,1003.0,0.0,3014.0
0.0,48660.0,3212.0,3438.0,0.0,0.0,0.0,2373.0,1065.0,0.0,3212.0
0.0,45448.0,3939.0,3371.0,0.0,0.0,0.0,2261.0,1110.0,1603.0,2336.0
0.0,41509.0,4488.0,3344.0,0.0,0.0,0.0,2227.0,1117.0,4097.0,391.0
0.0,37021.0,6599.0,3434.0,0.0,0.0,0.0,2317.0,1117.0,6599.0,0.0
0.0,30422.0,7486.0,3578.0,0.0,0.0,0.0,2461.0,1117.0,7486.0,0.0
0.0,22936.0,5889.0,3675.0,0.0,1328.0,1328.0,2574.0,1101.0,5889.0,0.0
0.0,17047.0,1783.0,3672.0,0.0,3096.0,3096.0,2608.0,1064.0,1783.0,0.0
0.0,15264.0,0.0,3615.0,0.0,2811.0,2811.0,2608.0,1007.0,0.0,0.0
0.0,15264.0,871.0,3571.0,1328.0,2134.0,2134.0,2608.0,963.0,0.0,871.0
0.0,15721.0,1937.0,3535.0,3096.0,795.0,795.0,2579.0,956.0,0.0,1937.0
0.0,16880.0,3002.0,3507.0,2811.0,846.0,846.0,2502.0,1005.0,0.0,3002.0
0.0,16689.0,3195.0,3445.0,2134.0,1597.0,1597.0,2378.0,1067.0,0.0,3195.0
0.0,15628.0,3882.0,3377.0,795.0,4344.0,4344.0,2266.0,1111.0,1560.0,2322.0
0.0,12541.0,4425.0,3350.0,846.0,7788.0,7788.0,2231.0,1119.0,4038.0,387.0
0.0,8962.0,6520.0,3440.0,1597.0,13161.0,13161.0,2321.0,1119.0,6520.0,0.0
0.0,4039.0,7437.0,3583.0,4344.0,16969.0,16969.0,2464.0,1119.0,7437.0,0.0
0.0,946.0,5876.0,3680.0,7788.0,15542.0,15542.0,2577.0,1103.0,5876.0,0.0
0.0,2858.0,1831.0,3679.0,13161.0,4207.0,4207.0,2612.0,1067.0,1831.0,0.0
0.0,14188.0,0.0,3623.0,16969.0,0.0,0.0,2612.0,1011.0,0.0,0.0
0.0,31157.0,848.0,3579.0,15542.0,0.0,0.0,2612.0,967.0,0.0,848.0
0.0,45851.0,1904.0,3543.0,4207.0,0.0,0.0,2584.0,959.0,0.0,1904.0
0.0,48154.0,2957.0,3517.0,0.0,0.0,0.0,2510.0,1007.0,0.0,2957.0
0.0,45197.0,3167.0,3457.0,0.0,0.0,0.0,2389.0,1068.0,0.0,3167.0
0.0,42030.0,3806.0,3388.0,0.0,0.0,0.0,2276.0,1112.0,1484.0,2322.0
0.0,38224.0,4366.0,3359.0,0.0,0.0,0.0,2239.0,1120.0,3946.0,420.0
0.0,33858.0,6414.0,3444.0,0.0,0.0,0.0,2324.0,1120.0,6414.0,0.0
0.0,27444.0,7392.0,3586.0,0.0,0.0,0.0,2466.0,1120.0,7392.0,0.0
0.0,20052.0,5916.0,3685.0,0.0,4289.0,4289.0,2580.0,1105.0,5916.0,0.0
0.0,14136.0,1961.0,3687.0,0.0,6260.0,6260.0,2617.0,1070.0,1961.0,0.0
0.0,12175.0,0.0,3631.0,0.0,5980.0,5980.0,2617.0,1014.0,0.0,0.0
0.0,12175.0,850.0,3588.0,4289.0,2326.0,2326.0,2617.0,971.0,0.0,850.0
0.0,15614.0,1907.0,3552.0,6260.0,0.0,0.0,2590.0,962.0,0.0,1907.0
0.0,19967.0,2970.0,3525.0,5980.0,0.0,0.0,2516.0,1009.0,0.0,2970.0
0.0,22977.0,3180.0,3465.0,2326.0,0.0,0.0,2394.0,1071.0,0.0,3180.0
0.0,22123.0,3854.0,3397.0,0.0,0.0,0.0,2282.0,1115.0,1521.0,2333.0
0.0,18269.0,4424.0,3369.0,0.0,3000.0,3000.0,2245.0,1124.0,3999.0,425.0
0.0,13845.0,6481.0,3454.0,0.0,9906.0,9906.0,2330.0,1124.0,6481.0,0.0
0.0,7364.0,7440.0,3597.0,0.0,17985.0,17985.0,2473.0,1124.0,7440.0,0.0
0.0,0.0,5927.0,3695.0,3000.0,18475.0,18475.0,2587.0,1108.0,5927.0,0.0
0.0,0.0,1931.0,3695.0,9906.0,13503.0,13503.0,2624.0,1071.0,1931.0,0.0
0.0,4972.0,0.0,3639.0,17985.0,0.0,0.0,2624.0,1015.0,0.0,0.0
0.0,22957.0,881.0,3594.0,18475.0,0.0,0.0,2624.0,970.0,0.0,881.0
0.0,40551.0,1956.0,3558.0,13503.0,0.0,0.0,2595.0,963.0,0.0,1956.0
0.0,52098.0,3028.0,3529.0,0.0,0.0,0.0,2517.0,1012.0,0.0,3028.0
0.0,49070.0,3218.0,3466.0,0.0,0.0,0.0,2392.0,1074.0,0.0,3218.0
0.0,45852.0,3966.0,3399.0,0.0,0.0,0.0,2280.0,1119.0,1629.0,2337.0
0.0,41886.0,4526.0,3372.0,0.0,0.0,0.0,2246.0,1126.0,4142.0,384.0
0.0,37360.0,6656.0,3464.0,0.0,0.0,0.0,2338.0,1126.0,6656.0,0.0
0.0,30704.0,7545.0,3609.0,0.0,0.0,0.0,2483.0,1126.0,7545.0,0.0
0.0,23159.0,5915.0,3706.0,0.0,1286.0,1286.0,2596.0,1110.0,5915.0,0.0
0.0,17244.0,1781.0,3703.0,0.0,3052.0,3052.0,2631.0,1072.0,1781.0,0.0
0.0,15463.0,0.0,3645.0,0.0,2762.0,2762.0,2631.0,1014.0,0.0,0.0
0.0,15463.0,917.0,3601.0,1286.0,2173.0,2173.0,2631.0,970.0,0.0,917.0
0.0,15832.0,2001.0,3564.0,3052.0,937.0,937.0,2600.0,964.0,0.0,2001.0
0.0,16883.0,3081.0,3536.0,2762.0,1116.0,1116.0,2521.0,1015.0,0.0,3081.0
0.0,16564.0,3246.0,3472.0,2173.0,1869.0,1869.0,2394.0,1078.0,0.0,3246.0
0.0,15491.0,3984.0,3404.0,937.0,4576.0,4576.0,2282.0,1122.0,1661.0,2323.0
0.0,12444.0,4501.0,3378.0,1116.0,7831.0,7831.0,2249.0,1129.0,4176.0,325.0
0.0,9059.0,6694.0,3473.0,1869.0,13131.0,13131.0,2344.0,1129.0,6694.0,0.0
0.0,4234.0,7552.0,3618.0,4576.0,16832.0,16832.0,2489.0,1129.0,7552.0,0.0
0.0,1258.0,5887.0,3714.0,7831.0,15368.0,15368.0,2602.0,1112.0,5887.0,0.0
0.0,3202.0,1708.0,3710.0,13131.0,3925.0,3925.0,2635.0,1075.0,1708.0,0.0
0.0,14625.0,0.0,3652.0,16832.0,0.0,0.0,2635.0,1017.0,0.0,0.0
0.0,31457.0,898.0,3608.0,15368.0,0.0,0.0,2635.0,973.0,0.0,898.0
0.0,45927.0,1974.0,3571.0,3925.0,0.0,0.0,2605.0,966.0,0.0,1974.0
0.0,47878.0,3047.0,3544.0,0.0,0.0,0.0,2527.0,1017.0,0.0,3047.0
0.0,44831.0,3220.0,3481.0,0.0,0.0,0.0,2402.0,1079.0,0.0,3220.0
0.0,41611.0,3924.0,3414.0,0.0,0.0,0.0,2290.0,1124.0,1603.0,2321.0
0.0,37687.0,4451.0,3386.0,0.0,0.0,0.0,2256.0,1130.0,4106.0,345.0
0.0,33236.0,6604.0,3478.0,0.0,0.0,0.0,2348.0,1130.0,6604.0,0.0
0.0,26632.0,7496.0,3622.0,0.0,0.0,0.0,2492.0,1130.0,7496.0,0.0
0.0,19136.0,5879.0,3719.0,0.0,5338.0,5338.0,2605.0,1114.0,5879.0,0.0
0.0,13257.0,1771.0,3717.0,0.0,7099.0,7099.0,2639.0,1078.0,1771.0,0.0
0.0,11486.0,0.0,3660.0,0.0,6814.0,6814.0,2639.0,1021.0,0.0,0.0
0.0,11486.0,871.0,3616.0,5338.0,2127.0,2127.0,2639.0,977.0,0.0,871.0
0.0,15953.0,1936.0,3579.0,7099.0,0.0,0.0,2610.0,969.0,0.0,1936.0
0.0,21116.0,3001.0,3553.0,6814.0,0.0,0.0,2534.0,1019.0,0.0,3001.0
0.0,24929.0,3199.0,3491.0,2127.0,0.0,0.0,2411.0,1080.0,0.0,3199.0
0.0,23857.0,3890.0,3424.0,0.0,0.0,0.0,2299.0,1125.0,1561.0,2329.0
0.0,19967.0,4444.0,3396.0,0.0,1457.0,1457.0,2263.0,1133.0,4049.0,395.0
0.0,15523.0,6539.0,3484.0,0.0,8436.0,8436.0,2351.0,1133.0,6539.0,0.0
0.0,8984.0,7462.0,3628.0,0.0,16618.0,16618.0,2495.0,1133.0,7462.0,0.0
0.0,1522.0,5899.0,3724.0,1457.0,18620.0,18620.0,2608.0,1116.0,5899.0,0.0
0.0,0.0,1856.0,3724.0,8436.0,14960.0,14960.0,2644.0,1080.0,1856.0,0.0
0.0,3660.0,0.0,3667.0,16618.0,0.0,0.0,2644.0,1023.0,0.0,0.0
0.0,20278.0,875.0,3622.0,18620.0,0.0,0.0,2644.0,978.0,0.0,875.0
0.0,38023.0,1945.0,3585.0,14960.0,0.0,0.0,2614.0,971.0,0.0,1945.0
0.0,51038.0,3017.0,3559.0,0.0,0.0,0.0,2538.0,1021.0,0.0,3017.0
0.0,48021.0,3219.0,3495.0,0.0,0.0,0.0,2413.0,1082.0,0.0,3219.0
0.0,44802.0,3989.0,3429.0,0.0,0.0,0.0,2301.0,1128.0,1641.0,2348.0
0.0,40813.0,4551.0,3402.0,0.0,0.0,0.0,2267.0,1135.0,4146.0,405.0
0.0,36262.0,6664.0,3493.0,0.0,0.0,0.0,2358.0,1135.0,6664.0,0.0
0.0,29598.0,7538.0,3638.0,0.0,0.0,0.0,2503.0,1135.0,7538.0,0.0
0.0,22060.0,5906.0,3735.0,0.0,2521.0,2521.0,2617.0,1118.0,5906.0,0.0
0.0,16154.0,1765.0,3732.0,0.0,4271.0,4271.0,2651.0,1081.0,1765.0,0.0
0.0,14389.0,0.0,3674.0,0.0,3981.0,3981.0,2651.0,1023.0,0.0,0.0
0.0,14389.0,916.0,3629.0,2521.0,2151.0,2151.0,2651.0,978.0,0.0,916.0
0.0,15994.0,2001.0,3591.0,4271.0,0.0,0.0,2619.0,972.0,0.0,2001.0
0.0,18264.0,3094.0,3564.0,3981.0,0.0,0.0,2540.0,1024.0,0.0,3094.0
0.0,19151.0,3264.0,3499.0,2151.0,0.0,0.0,2412.0,1087.0,0.0,3264.0
0.0,18038.0,4115.0,3432.0,0.0,3237.0,3237.0,2300.0,1132.0,1765.0,2350.0
0.0,13923.0,4651.0,3409.0,0.0,7773.0,7773.0,2270.0,1139.0,4306.0,345.0
0.0,9272.0,6850.0,3506.0,0.0,15108.0,15108.0,2367.0,1139.0,6850.0,0.0
0.0,2422.0,7627.0,3653.0,3237.0,18265.0,18265.0,2514.0,1139.0,7627.0,0.0
0.0,0.0,5870.0,3748.0,7773.0,18740.0,18740.0,2627.0,1121.0,5870.0,0.0
0.0,0.0,1565.0,3739.0,15108.0,5217.0,5217.0,2657.0,1082.0,1565.0,0.0
0.0,13478.0,0.0,3680.0,18265.0,0.0,0.0,2657.0,1023.0,0.0,0.0
0.0,31743.0,938.0,3636.0,18740.0,0.0,0.0,2657.0,979.0,0.0,938.0
0.0,49545.0,2028.0,3598.0,5217.0,0.0,0.0,2625.0,973.0,0.0,2028.0
0.0,52734.0,3117.0,3571.0,0.0,0.0,0.0,2544.0,1027.0,0.0,3117.0
0.0,49617.0,3267.0,3506.0,0.0,0.0,0.0,2416.0,1090.0,0.0,3267.0
0.0,46350.0,4095.0,3438.0,0.0,0.0,0.0,2304.0,1134.0,1769.0,2326.0
0.0,42255.0,4610.0,3414.0,0.0,0.0,0.0,2274.0,1140.0,4309.0,301.0
0.0,37645.0,6851.0,3513.0,0.0,0.0,0.0,2373.0,1140.0,6851.0,0.0
0.0,30794.0,7620.0,3660.0,0.0,0.0,0.0,2520.0,1140.0,7620.0,0.0
0.0,23174.0,5840.0,3755.0,0.0,1441.0,1441.0,2632.0,1123.0,5840.0,0.0
0.0,17334.0,1524.0,3746.0,0.0,2920.0,2920.0,2661.0,1085.0,1524.0,0.0
0.0,15810.0,0.0,3687.0,0.0,2625.0,2625.0,2661.0,1026.0,0.0,0.0
0.0,15810.0,927.0,3643.0,1441.0,1891.0,1891.0,2661.0,982.0,0.0,927.0
0.0,16324.0,2008.0,3606.0,2920.0,794.0,794.0,2630.0,976.0,0.0,2008.0
0.0,17236.0,3090.0,3580.0,2625.0,1129.0,1129.0,2551.0,1029.0,0.0,3090.0
0.0,16771.0,3244.0,3515.0,1891.0,2157.0,2157.0,2424.0,1091.0,0.0,3244.0
0.0,15418.0,4029.0,3449.0,794.0,5062.0,5062.0,2313.0,1136.0,1708.0,2321.0
0.0,12183.0,4535.0,3423.0,1129.0,8338.0,8338.0,2281.0,1142.0,4225.0,310.0
0.0,8777.0,6741.0,3519.0,2157.0,13402.0,13402.0,2377.0,1142.0,6741.0,0.0
0.0,4193.0,7541.0,3664.0,5062.0,16606.0,16606.0,2522.0,1142.0,7541.0,0.0
0.0,1714.0,5827.0,3759.0,8338.0,14570.0,14570.0,2634.0,1125.0,5827.0,0.0
0.0,4225.0,1598.0,3753.0,13402.0,2736.0,2736.0,2665.0,1088.0,1598.0,0.0
0.0,16029.0,0.0,3695.0,16606.0,0.0,0.0,2665.0,1030.0,0.0,0.0
0.0,32635.0,893.0,3651.0,14570.0,0.0,0.0,2665.0,986.0,0.0,893.0
0.0,46312.0,1967.0,3614.0,2736.0,0.0,0.0,2635.0,979.0,0.0,1967.0
0.0,47081.0,3043.0,3587.0,0.0,0.0,0.0,2557.0,1030.0,0.0,3043.0
0.0,44038.0,3231.0,3523.0,0.0,0.0,0.0,2431.0,1092.0,0.0,3231.0
0.0,40807.0,4047.0,3457.0,0.0,0.0,0.0,2320.0,1137.0,1707.0,2340.0
0.0,36760.0,4591.0,3432.0,0.0,0.0,0.0,2288.0,1144.0,4218.0,373.0
0.0,32169.0,6732.0,3526.0,0.0,0.0,0.0,2382.0,1144.0,6732.0,0.0
0.0,25437.0,7545.0,3671.0,0.0,463.0,463.0,2527.0,1144.0,7545.0,0.0
0.0,17892.0,5845.0,3766.0,0.0,6783.0,6783.0,2639.0,1127.0,5845.0,0.0
0.0,12047.0,1639.0,3761.0,0.0,8397.0,8397.0,2671.0,1090.0,1639.0,0.0
0.0,10408.0,0.0,3703.0,463.0,7644.0,7644.0,2671.0,1032.0,0.0,0.0
0.0,10871.0,910.0,3659.0,6783.0,1551.0,1551.0,2671.0,988.0,0.0,910.0
0.0,16744.0,1995.0,3620.0,8397.0,0.0,0.0,2639.0,981.0,0.0,1995.0
0.0,23146.0,3087.0,3592.0,7644.0,0.0,0.0,2560.0,1032.0,0.0,3087.0
0.0,27703.0,3262.0,3526.0,1551.0,0.0,0.0,2431.0,1095.0,0.0,3262.0
0.0,25992.0,4154.0,3461.0,0.0,0.0,0.0,2321.0,1140.0,1801.0,2353.0
0.0,21838.0,4694.0,3438.0,0.0,46.0,46.0,2291.0,1147.0,4340.0,354.0
0.0,17144.0,6883.0,3536.0,0.0,7419.0,7419.0,2389.0,1147.0,6883.0,0.0
0.0,10261.0,7640.0,3683.0,0.0,15794.0,15794.0,2536.0,1147.0,7640.0,0.0
0.0,2621.0,5860.0,3779.0,46.0,18895.0,18895.0,2649.0,1130.0,5860.0,0.0
0.0,0.0,1531.0,3769.0,7419.0,16150.0,16150.0,2678.0,1091.0,1531.0,0.0
0.0,2695.0,0.0,3710.0,15794.0,61.0,61.0,2678.0,1032.0,0.0,0.0
0.0,18489.0,956.0,3665.0,18895.0,0.0,0.0,2678.0,987.0,0.0,956.0
0.0,36428.0,2053.0,3626.0,16150.0,0.0,0.0,2644.0,982.0,0.0,2053.0
0.0,50525.0,3157.0,3598.0,61.0,0.0,0.0,2562.0,1036.0,0.0,3157.0
0.0,47429.0,3299.0,3529.0,0.0,0.0,0.0,2430.0,1099.0,0.0,3299.0
0.0,44130.0,4227.0,3463.0,0.0,0.0,0.0,2319.0,1144.0,1881.0,2346.0
0.0,39903.0,4737.0,3442.0,0.0,0.0,0.0,2292.0,1150.0,4448.0,289.0
0.0,35166.0,7011.0,3547.0,0.0,0.0,0.0,2397.0,1150.0,7011.0,0.0
0.0,28155.0,7704.0,3695.0,0.0,0.0,0.0,2545.0,1150.0,7704.0,0.0
0.0,20451.0,5825.0,3789.0,0.0,4319.0,4319.0,2657.0,1132.0,5825.0,0.0
0.0,14626.0,1389.0,3777.0,0.0,5648.0,5648.0,2684.0,1093.0,1389.0,0.0
0.0,13237.0,0.0,3717.0,0.0,5348.0,5348.0,2684.0,1033.0,0.0,0.0
0.0,13237.0,960.0,3672.0,4319.0,1764.0,1764.0,2684.0,988.0,0.0,960.0
0.0,16596.0,2063.0,3633.0,5648.0,0.0,0.0,2650.0,983.0,0.0,2063.0
0.0,20181.0,3162.0,3605.0,5348.0,0.0,0.0,2567.0,1038.0,0.0,3162.0
0.0,22367.0,3298.0,3537.0,1764.0,0.0,0.0,2435.0,1102.0,0.0,3298.0
0.0,20833.0,4177.0,3471.0,0.0,699.0,699.0,2324.0,1147.0,1846.0,2331.0
0.0,16656.0,4674.0,3448.0,0.0,5258.0,5258.0,2296.0,1152.0,4409.0,265.0
0.0,11982.0,6968.0,3553.0,0.0,12751.0,12751.0,2401.0,1152.0,6968.0,0.0
0.0,5014.0,7681.0,3701.0,699.0,18505.0,18505.0,2549.0,1152.0,7681.0,0.0
0.0,0.0,5822.0,3795.0,5258.0,18975.0,18975.0,2661.0,1134.0,5822.0,0.0
0.0,0.0,1409.0,3783.0,12751.0,10105.0,10105.0,2688.0,1095.0,1409.0,0.0
0.0,8810.0,0.0,3724.0,18505.0,0.0,0.0,2688.0,1036.0,0.0,0.0
0.0,27315.0,936.0,3679.0,18975.0,0.0,0.0,2688.0,991.0,0.0,936.0
0.0,45354.0,2029.0,3641.0,10105.0,0.0,0.0,2655.0,986.0,0.0,2029.0
0.0,53430.0,3117.0,3614.0,0.0,0.0,0.0,2574.0,1040.0,0.0,3117.0
0.0,50313.0,3270.0,3547.0,0.0,0.0,0.0,2444.0,1103.0,0.0,3270.0
0.0,47043.0,4083.0,3480.0,0.0,0.0,0.0,2333.0,1147.0,1755.0,2328.0
0.0,42960.0,4594.0,3456.0,0.0,0.0,0.0,2303.0,1153.0,4291.0,303.0
0.0,38366.0,6831.0,3557.0,0.0,0.0,0.0,2404.0,1153.0,6831.0,0.0
0.0,31535.0,7608.0,3703.0,0.0,0.0,0.0,2550.0,1153.0,7608.0,0.0
0.0,23927.0,5849.0,3799.0,0.0,917.0,917.0,2663.0,1136.0,5849.0,0.0
0.0,18078.0,1555.0,3791.0,0.0,2432.0,2432.0,2693.0,1098.0,1555.0,0.0
0.0,16523.0,0.0,3733.0,0.0,2142.0,2142.0,2693.0,1040.0,0.0,0.0
0.0,16523.0,919.0,3688.0,917.0,1919.0,1919.0,2693.0,995.0,0.0,919.0
0.0,16521.0,2004.0,3649.0,2432.0,1296.0,1296.0,2660.0,989.0,0.0,2004.0
0.0,16949.0,3089.0,3620.0,2142.0,2098.0,2098.0,2579.0,1041.0,0.0,3089.0
0.0,16002.0,3258.0,3553.0,1919.0,3102.0,3102.0,2449.0,1104.0,0.0,3258.0
0.0,14663.0,4100.0,3487.0,1296.0,5576.0,5576.0,2338.0,1149.0,1758.0,2342.0
0.0,11859.0,4647.0,3463.0,2098.0,8005.0,8005.0,2308.0,1155.0,4301.0,346.0
0.0,9310.0,6841.0,3563.0,3102.0,12244.0,12244.0,2408.0,1155.0,6841.0,0.0
0.0,5571.0,7631.0,3710.0,5576.0,15034.0,15034.0,2555.0,1155.0,7631.0,0.0
0.0,3516.0,5881.0,3806.0,8005.0,13390.0,13390.0,2668.0,1138.0,5881.0,0.0
0.0,5640.0,1599.0,3799.0,12244.0,2710.0,2710.0,2699.0,1100.0,1599.0,0.0
0.0,16285.0,0.0,3739.0,15034.0,0.0,0.0,2699.0,1040.0,0.0,0.0
0.0,31319.0,963.0,3695.0,13390.0,0.0,0.0,2699.0,996.0,0.0,963.0
0.0,43746.0,2060.0,3654.0,2710.0,0.0,0.0,2664.0,990.0,0.0,2060.0
0.0,44396.0,3159.0,3625.0,0.0,0.0,0.0,2581.0,1044.0,0.0,3159.0
0.0,41237.0,3297.0,3557.0,0.0,0.0,0.0,2449.0,1108.0,0.0,3297.0
0.0,37940.0,4216.0,3491.0,0.0,0.0,0.0,2338.0,1153.0,1872.0,2344.0
0.0,33724.0,4745.0,3469.0,0.0,0.0,0.0,2311.0,1158.0,4455.0,290.0
0.0,28979.0,7032.0,3574.0,0.0,0.0,0.0,2416.0,1158.0,7032.0,0.0
0.0,21947.0,7747.0,3723.0,0.0,4415.0,4415.0,2565.0,1158.0,7747.0,0.0
0.0,14200.0,5873.0,3818.0,0.0,10763.0,10763.0,2678.0,1140.0,5873.0,0.0
0.0,8327.0,1431.0,64.56572958409629,0.0,0.0,0.0,0.44871356627481873,64.11701601782147,1431.0,0.0
0.0,6896.0,0.0,992.9154915869946,4415.0,0.0,0.0,-29.103344714502327,1022.0188363014969,0.0,0.0
0.0,11311.0,1007.0,2042.4475227399084,10763.0,0.0,0.0,-28.510195264077538,2070.957718003986,0.0,1007.0
0.0,21067.0,2118.0,3097.0271895299725,0.0,0.0,0.0,-17.336285774395037,3114.3634753043675,0.0,2118.0
0.0,18949.0,3228.0,3322.4809237400063,0.0,891.0,891.0,72.9163395415826,3249.5645841984237,0.0,3228.0
0.0,15721.0,3336.0,4178.0928947489,0.0,8505.0,8505.0,1931.79016196681,2246.30273278209,0.0,3336.0
0.0,12385.0,4257.0,4810.047111341236,0.0,15922.0,15922.0,4490.025822783357,320.0212885578783,1929.0,2328.0
0.0,8128.0,4741.0,7065.188677650922,891.0,31048.0,31048.0,7031.143369260608,34.04530839031395,4529.0,212.0
0.0,4278.0,7124.0,7745.57866228347,8505.0,33069.0,33069.0,7756.815000647137,-11.236338363666277,7124.0,0.0
0.0,5659.0,7788.0,5789.457235399805,15922.0,15154.0,15154.0,5781.459103286477,7.998132113327642,7788.0,0.0
0.0,13793.0,5850.0,1518.7243610317992,31048.0,0.0,0.0,1544.8129692934624,-26.088608261663353,5850.0,0.0
0.0,38991.0,1319.0,56.12230236187361,33069.0,0.0,0.0,-12.064329925113725,68.18663228698733,1319.0,0.0
0.0,70741.0,0.0,1016.2917312791681,15154.0,0.0,0.0,-19.15164959697995,1035.443380876148,0.0,0.0
0.0,85895.0,998.0,2071.2447055954663,0.0,0.0,0.0,-15.654477752050298,2086.8991833475166,0.0,998.0
0.0,84897.0,2105.0,3116.148754576811,0.0,0.0,0.0,-13.50359190744257,3129.6523464842535,0.0,2105.0
0.0,82792.0,3217.0,3315.5636089131553,0.0,0.0,0.0,59.124176645568696,3256.4394322675867,0.0,3217.0
0.0,79575.0,3325.0,4188.124935175843,0.0,0.0,0.0,1944.264413639619,2243.860521536224,0.0,3325.0
0.0,76250.0,4198.0,4825.94905320224,0.0,0.0,0.0,4513.658824818347,312.29022838389267,1874.0,2324.0
0.0,72052.0,4655.0,7071.7506709742665,0.0,0.0,0.0,7031.898371549274,39.85229942499279,4446.0,209.0
0.0,67397.0,7021.0,7759.859610146454,0.0,0.0,0.0,7762.359976269669,-2.5003661232153718,7021.0,0.0
0.0,60376.0,7716.0,5790.974849908947,0.0,0.0,0.0,5786.87689771623,4.097952192717798,7716.0,0.0
0.0,52660.0,5839.0,1494.7162752506965,0.0,0.0,0.0,1523.5522541037103,-28.8359788530139,5839.0,0.0
0.0,46821.0,1389.0,52.85175946979189,0.0,0.0,0.0,-15.469458657422365,68.32121812721425,1389.0,0.0
0.0,45432.0,0.0,1027.153382502557,0.0,0.0,0.0,-7.893159949753681,1035.0465424523106,0.0,0.0
0.0,45432.0,958.0,2078.1540451926694,0.0,0.0,0.0,-14.35265852573093,2092.5067037184003,0.0,958.0
0.0,44474.0,2062.0,3132.899529085998,0.0,0.0,0.0,-7.950064982218919,3140.849594068217,0.0,2062.0
0.0,42412.0,3159.0,3334.9797600109046,0.0,0.0,0.0,72.33733861015844,3262.642421400746,0.0,3159.0
0.0,39253.0,3296.0,4206.753056509629,0.0,0.0,0.0,1966.1457396223075,2240.607316887321,0.0,3296.0
0.0,35957.0,4157.0,4831.994503253202,0.0,0.0,0.0,4523.696965832183,308.29753742101946,1826.0,2331.0
0.0,31800.0,4652.0,7068.137137527063,0.0,8193.0,8193.0,7027.570168560826,40.56696896623714,4384.0,268.0
0.0,27148.0,6945.0,7781.852332362807,0.0,18706.0,18706.0,7780.922833198929,0.929499163878063,6945.0,0.0
0.0,20203.0,7674.0,5791.528774677822,0.0,16429.0,16429.0,5790.407497380778,1.1212772970442302,7674.0,0.0
0.0,12529.0,5851.0,1490.9215620283117,8193.0,0.0,0.0,1524.7352102225984,-33.813648194286884,5851.0,0.0
0.0,14871.0,1459.0,59.09545963572714,18706.0,0.0,0.0,-7.102553146238279,66.19801278196542,1459.0,0.0
0.0,32118.0,0.0,1020.0839202705642,16429.0,0.0,0.0,-13.781120549384468,1033.8650408199487,0.0,0.0
0.0,48547.0,958.0,2068.827555987266,0.0,0.0,0.0,-27.175570131063523,2096.0031261183294,0.0,958.0
0.0,47589.0,2057.0,3136.637184093333,0.0,0.0,0.0,-10.114788389365913,3146.751972482699,0.0,2057.0
0.0,45532.0,3157.0,3362.173647391286,0.0,0.0,0.0,93.10829737295398,3269.065350018332,0.0,3157.0
0.0,42375.0,3300.0,4231.417919522746,0.0,0.0,0.0,1993.4442575566043,2237.973661966142,0.0,3300.0
0.0,39075.0,4231.0,4838.528333520953,0.0,0.0,0.0,4537.309395893416,301.2189376275371,1885.0,2346.0
0.0,34844.0,4763.0,7104.949913570482,0.0,5444.0,5444.0,7068.685142864697,36.26477070578471,4465.0,298.0
0.0,30081.0,7038.0,7797.889538978528,0.0,15947.0,15947.0,7806.977253200084,-9.08771422155553,7038.0,0.0
0.0,23043.0,7742.0,5779.377557388867,0.0,13596.0,13596.0,5778.623180357054,0.754377031813533,7742.0,0.0
0.0,15301.0,5859.0,1477.039780600166,5444.0,0.0,0.0,1511.4484293157343,-34.40864871556823,5859.0,0.0
0.0,14886.0,1416.0,62.811238743734975,15947.0,0.0,0.0,-4.084720686802484,66.89595943053746,1416.0,0.0
0.0,29417.0,0.0,1014.8127786295133,13596.0,0.0,0.0,-29.412746393753878,1044.2255250232672,0.0,0.0
0.0,43013.0,1006.0,2070.931721132263,0.0,0.0,0.0,-35.07557451521552,2106.0072956474787,0.0,1006.0
0.0,42007.0,2117.0,3136.2640789420466,0.0,0.0,0.0,-18.20276595453106,3154.4668448965776,0.0,2117.0
0.0,39890.0,3231.0,3366.976787846093,0.0,0.0,0.0,93.18541457542096,3273.791373270672,0.0,3231.0
0.0,36659.0,3341.0,4240.754673663596,0.0,0.0,0.0,2005.1365314677064,2235.6181421958895,0.0,3341.0
1.0,0.0,1665.0,1665.0,0.0,8325.0,8325.0,1165.0,500.0,1165.0,500.0
1.0,0.0,1685.0,1674.0,0.0,8370.0,8370.0,1172.0,502.0,1180.0,505.0
1.0,0.0,1680.0,1676.0,0.0,8380.0,8380.0,1173.0,503.0,1175.0,505.0
1.0,0.0,1695.0,1681.0,8325.0,6805.0,6805.0,1176.0,505.0,1185.0,510.0
1.0,1600.0,1705.0,1686.0,8370.0,165.0,165.0,1180.0,506.0,1195.0,510.0
1.0,8265.0,1720.0,1692.0,8380.0,0.0,0.0,1184.0,508.0,1205.0,515.0
1.0,14925.0,0.0,1450.0,6805.0,0.0,0.0,1015.0,435.0,0.0,0.0
1.0,21730.0,0.0,1269.0,165.0,0.0,0.0,888.0,381.0,0.0,0.0
1.0,21895.0,0.0,1127.0,0.0,0.0,0.0,789.0,338.0,0.0,0.0
1.0,21895.0,0.0,1014.0,0.0,0.0,0.0,710.0,304.0,0.0,0.0
1.0,21895.0,0.0,923.0,0.0,0.0,0.0,646.0,277.0,0.0,0.0
1.0,21895.0,0.0,846.0,0.0,0.0,0.0,592.0,254.0,0.0,0.0
1.0,21895.0,0.0,781.0,0.0,0.0,0.0,547.0,234.0,0.0,0.0
1.0,21895.0,0.0,726.0,0.0,0.0,0.0,508.0,218.0,0.0,0.0
1.0,21895.0,0.0,677.0,0.0,0.0,0.0,474.0,203.0,0.0,0.0
1.0,21895.0,0.0,634.0,0.0,0.0,0.0,444.0,190.0,0.0,0.0
1.0,21895.0,0.0,597.0,0.0,0.0,0.0,418.0,179.0,0.0,0.0
1.0,21895.0,0.0,564.0,0.0,0.0,0.0,395.0,169.0,0.0,0.0
1.0,21895.0,0.0,534.0,0.0,0.0,0.0,374.0,160.0,0.0,0.0
1.0,21895.0,0.0,507.0,0.0,0.0,0.0,355.0,152.0,0.0,0.0
1.0,21895.0,0.0,483.0,0.0,0.0,0.0,338.0,145.0,0.0,0.0
1.0,21895.0,0.0,461.0,0.0,0.0,0.0,323.0,138.0,0.0,0.0
1.0,21895.0,2.0,441.0,0.0,0.0,0.0,309.0,132.0,0.0,2.0
1.0,21893.0,362.0,439.0,0.0,0.0,0.0,307.0,132.0,252.0,110.0
1.0,21531.0,711.0,449.0,0.0,0.0,0.0,314.0,135.0,495.0,216.0
1.0,20820.0,1053.0,472.0,0.0,0.0,0.0,330.0,142.0,739.0,314.0
1.0,19767.0,1041.0,493.0,0.0,0.0,0.0,345.0,148.0,732.0,309.0
1.0,18726.0,667.0,500.0,0.0,0.0,0.0,350.0,150.0,471.0,196.0
1.0,18059.0,0.0,483.0,0.0,0.0,0.0,338.0,145.0,0.0,0.0
1.0,18059.0,0.0,466.0,0.0,0.0,0.0,326.0,140.0,0.0,0.0
1.0,18059.0,0.0,451.0,0.0,0.0,0.0,316.0,135.0,0.0,0.0
1.0,18059.0,0.0,437.0,0.0,0.0,0.0,306.0,131.0,0.0,0.0
1.0,18059.0,0.0,424.0,0.0,0.0,0.0,297.0,127.0,0.0,0.0
1.0,18059.0,0.0,411.0,0.0,0.0,0.0,288.0,123.0,0.0,0.0
1.0,18059.0,228.0,406.0,0.0,0.0,0.0,284.0,122.0,154.0,74.0
1.0,17831.0,542.0,410.0,0.0,0.0,0.0,287.0,123.0,376.0,166.0
1.0,17289.0,861.0,422.0,0.0,0.0,0.0,295.0,127.0,598.0,263.0
1.0,16428.0,954.0,436.0,0.0,0.0,0.0,305.0,131.0,669.0,285.0
1.0,15474.0,731.0,443.0,0.0,0.0,0.0,310.0,133.0,515.0,216.0
1.0,14743.0,192.0,437.0,0.0,0.0,0.0,306.0,131.0,146.0,46.0
1.0,14551.0,0.0,427.0,0.0,0.0,0.0,299.0,128.0,0.0,0.0
1.0,14551.0,0.0,417.0,0.0,0.0,0.0,292.0,125.0,0.0,0.0
1.0,14551.0,0.0,407.0,0.0,0.0,0.0,285.0,122.0,0.0,0.0
1.0,14551.0,0.0,397.0,0.0,0.0,0.0,278.0,119.0,0.0,0.0
1.0,14551.0,0.0,388.0,0.0,0.0,0.0,272.0,116.0,0.0,0.0
1.0,14551.0,302.0,387.0,0.0,0.0,0.0,271.0,116.0,204.0,98.0
1.0,14249.0,645.0,392.0,0.0,0.0,0.0,274.0,118.0,444.0,201.0
1.0,13604.0,987.0,405.0,0.0,0.0,0.0,283.0,122.0,683.0,304.0
1.0,12617.0,1041.0,418.0,0.0,0.0,0.0,292.0,126.0,728.0,313.0
1.0,11576.0,749.0,425.0,0.0,0.0,0.0,297.0,128.0,531.0,218.0
1.0,10827.0,124.0,418.0,0.0,0.0,0.0,293.0,125.0,101.0,23.0
1.0,10703.0,0.0,410.0,0.0,0.0,0.0,287.0,123.0,0.0,0.0
1.0,10703.0,0.0,378.0,0.0,0.0,0.0,265.0,113.0,0.0,0.0
1.0,10703.0,0.0,346.0,0.0,0.0,0.0,242.0,104.0,0.0,0.0
1.0,10703.0,0.0,314.0,0.0,0.0,0.0,220.0,94.0,0.0,0.0
1.0,10703.0,78.0,283.0,0.0,0.0,0.0,198.0,85.0,48.0,30.0
1.0,10625.0,475.0,259.0,0.0,0.0,0.0,181.0,78.0,327.0,148.0
1.0,10150.0,866.0,243.0,0.0,0.0,0.0,170.0,73.0,601.0,265.0
1.0,9284.0,1189.0,266.0,0.0,0.0,0.0,186.0,80.0,835.0,354.0
1.0,8095.0,1114.0,287.0,0.0,0.0,0.0,201.0,86.0,788.0,326.0
1.0,6981.0,662.0,300.0,0.0,0.0,0.0,210.0,90.0,475.0,187.0
1.0,6319.0,0.0,300.0,0.0,0.0,0.0,210.0,90.0,0.0,0.0
1.0,6319.0,0.0,300.0,0.0,0.0,0.0,210.0,90.0,0.0,0.0
1.0,6319.0,0.0,300.0,0.0,0.0,0.0,210.0,90.0,0.0,0.0
1.0,6319.0,0.0,300.0,0.0,0.0,0.0,210.0,90.0,0.0,0.0
1.0,6319.0,0.0,300.0,0.0,0.0,0.0,210.0,90.0,0.0,0.0
1.0,6319.0,163.0,303.0,0.0,0.0,0.0,212.0,91.0,104.0,59.0
1.0,6156.0,580.0,313.0,0.0,0.0,0.0,219.0,94.0,396.0,184.0
1.0,5576.0,995.0,333.0,0.0,0.0,0.0,233.0,100.0,688.0,307.0
1.0,4581.0,1251.0,358.0,0.0,0.0,0.0,250.0,108.0,874.0,377.0
1.0,3330.0,1083.0,378.0,0.0,0.0,0.0,264.0,114.0,768.0,315.0
1.0,2247.0,487.0,387.0,0.0,175.0,175.0,271.0,116.0,359.0,128.0
1.0,1760.0,0.0,387.0,0.0,175.0,175.0,271.0,116.0,0.0,0.0
1.0,1760.0,0.0,387.0,0.0,175.0,175.0,271.0,116.0,0.0,0.0
1.0,1760.0,0.0,387.0,175.0,0.0,0.0,271.0,116.0,0.0,0.0
1.0,1935.0,0.0,380.0,175.0,0.0,0.0,266.0,114.0,0.0,0.0
1.0,2110.0,0.0,367.0,175.0,0.0,0.0,257.0,110.0,0.0,0.0
1.0,2285.0,50.0,347.0,0.0,0.0,0.0,243.0,104.0,27.0,23.0
1.0,2235.0,442.0,336.0,0.0,0.0,0.0,235.0,101.0,303.0,139.0
1.0,1793.0,827.0,339.0,0.0,729.0,729.0,237.0,102.0,569.0,258.0
1.0,966.0,1158.0,361.0,0.0,1804.0,1804.0,252.0,109.0,810.0,348.0
1.0,1.0,1100.0,382.0,0.0,1909.0,1909.0,267.0,115.0,776.0,324.0
1.0,1.0,644.0,394.0,729.0,1969.0,1969.0,276.0,118.0,468.0,176.0
1.0,1.0,54.0,395.0,1804.0,1432.0,1432.0,277.0,118.0,54.0,0.0
1.0,543.0,426.0,404.0,1909.0,0.0,0.0,283.0,121.0,312.0,114.0
1.0,2026.0,71.0,405.0,1969.0,0.0,0.0,284.0,121.0,56.0,15.0
1.0,3924.0,0.0,400.0,1432.0,0.0,0.0,281.0,119.0,0.0,0.0
1.0,5356.0,0.0,390.0,0.0,0.0,0.0,274.0,116.0,0.0,0.0
1.0,5356.0,0.0,374.0,0.0,0.0,0.0,263.0,111.0,0.0,0.0
1.0,5356.0,0.0,356.0,0.0,0.0,0.0,250.0,106.0,0.0,0.0
1.0,5356.0,115.0,344.0,0.0,0.0,0.0,241.0,103.0,36.0,79.0
1.0,5241.0,477.0,349.0,0.0,0.0,0.0,243.0,106.0,291.0,186.0
1.0,4764.0,831.0,365.0,0.0,0.0,0.0,254.0,111.0,539.0,292.0
1.0,3933.0,1084.0,386.0,0.0,0.0,0.0,268.0,118.0,762.0,322.0
1.0,2849.0,976.0,404.0,0.0,147.0,147.0,282.0,122.0,726.0,250.0
1.0,1873.0,518.0,415.0,0.0,720.0,720.0,291.0,124.0,448.0,70.0
1.0,1355.0,0.0,415.0,0.0,720.0,720.0,291.0,124.0,0.0,0.0
1.0,1355.0,0.0,409.0,147.0,543.0,543.0,287.0,122.0,0.0,0.0
1.0,1502.0,0.0,397.0,720.0,0.0,0.0,279.0,118.0,0.0,0.0
1.0,2222.0,0.0,377.0,720.0,0.0,0.0,265.0,112.0,0.0,0.0
1.0,2942.0,0.0,357.0,543.0,0.0,0.0,251.0,106.0,0.0,0.0
1.0,3485.0,230.0,347.0,0.0,0.0,0.0,243.0,104.0,116.0,114.0
1.0,3255.0,631.0,357.0,0.0,0.0,0.0,249.0,108.0,398.0,233.0
1.0,2624.0,1028.0,377.0,0.0,289.0,289.0,262.0,115.0,676.0,352.0
1.0,1596.0,1208.0,400.0,0.0,1612.0,1612.0,278.0,122.0,845.0,363.0
1.0,388.0,986.0,419.0,0.0,2094.0,2094.0,292.0,127.0,733.0,253.0
1.0,1.0,373.0,426.0,289.0,2129.0,2129.0,299.0,127.0,349.0,24.0
1.0,1.0,0.0,425.0,1612.0,1195.0,1195.0,298.0,127.0,0.0,0.0
1.0,930.0,0.0,416.0,2094.0,0.0,0.0,292.0,124.0,0.0,0.0
1.0,3024.0,0.0,399.0,2129.0,0.0,0.0,280.0,119.0,0.0,0.0
1.0,5153.0,0.0,376.0,1195.0,0.0,0.0,264.0,112.0,0.0,0.0
1.0,6348.0,26.0,355.0,0.0,0.0,0.0,249.0,106.0,0.0,26.0
1.0,6322.0,383.0,350.0,0.0,0.0,0.0,244.0,106.0,226.0,157.0
1.0,5939.0,829.0,366.0,0.0,0.0,0.0,255.0,111.0,540.0,289.0
1.0,5110.0,1247.0,390.0,0.0,0.0,0.0,271.0,119.0,847.0,400.0
1.0,3863.0,1306.0,415.0,0.0,0.0,0.0,289.0,126.0,932.0,374.0
1.0,2557.0,917.0,432.0,0.0,520.0,520.0,302.0,130.0,700.0,217.0
1.0,1640.0,169.0,436.0,0.0,709.0,709.0,306.0,130.0,169.0,0.0
1.0,1471.0,0.0,433.0,0.0,694.0,694.0,304.0,129.0,0.0,0.0
1.0,1471.0,0.0,421.0,520.0,114.0,114.0,296.0,125.0,0.0,0.0
1.0,1991.0,0.0,403.0,709.0,0.0,0.0,283.0,120.0,0.0,0.0
1.0,2700.0,0.0,378.0,694.0,0.0,0.0,266.0,112.0,0.0,0.0
1.0,3394.0,34.0,358.0,114.0,0.0,0.0,251.0,107.0,0.0,34.0
1.0,3474.0,418.0,357.0,0.0,0.0,0.0,249.0,108.0,251.0,167.0
1.0,3056.0,864.0,374.0,0.0,0.0,0.0,260.0,114.0,561.0,303.0
1.0,2192.0,1260.0,398.0,0.0,1058.0,1058.0,277.0,121.0,862.0,398.0
1.0,932.0,1274.0,422.0,0.0,2109.0,2109.0,294.0,128.0,915.0,359.0
1.0,1.0,837.0,439.0,0.0,2194.0,2194.0,307.0,132.0,653.0,184.0
1.0,1.0,97.0,441.0,1058.0,2204.0,2204.0,309.0,132.0,97.0,0.0
1.0,1.0,0.0,439.0,2109.0,304.0,304.0,308.0,131.0,0.0,0.0
1.0,1891.0,19.0,431.0,2194.0,0.0,0.0,303.0,128.0,19.0,0.0
1.0,4066.0,0.0,416.0,2204.0,0.0,0.0,292.0,124.0,0.0,0.0
1.0,6270.0,0.0,393.0,304.0,0.0,0.0,276.0,117.0,0.0,0.0
1.0,6574.0,0.0,372.0,0.0,0.0,0.0,261.0,111.0,0.0,0.0
1.0,6574.0,283.0,365.0,0.0,0.0,0.0,255.0,110.0,163.0,120.0
1.0,6291.0,697.0,377.0,0.0,0.0,0.0,263.0,114.0,449.0,248.0
1.0,5594.0,1097.0,390.0,0.0,0.0,0.0,271.0,119.0,729.0,368.0
1.0,4497.0,1215.0,412.0,0.0,0.0,0.0,286.0,126.0,848.0,367.0
1.0,3282.0,918.0,430.0,0.0,0.0,0.0,299.0,131.0,679.0,239.0
1.0,2364.0,231.0,435.0,0.0,42.0,42.0,304.0,131.0,231.0,0.0
1.0,2133.0,0.0,435.0,0.0,42.0,42.0,304.0,131.0,0.0,0.0
1.0,2133.0,0.0,435.0,0.0,42.0,42.0,304.0,131.0,0.0,0.0
1.0,2133.0,0.0,432.0,42.0,0.0,0.0,303.0,129.0,0.0,0.0
1.0,2175.0,0.0,422.0,42.0,0.0,0.0,297.0,125.0,0.0,0.0
1.0,2217.0,0.0,407.0,42.0,0.0,0.0,287.0,120.0,0.0,0.0
1.0,2259.0,260.0,391.0,0.0,0.0,0.0,275.0,116.0,153.0,107.0
1.0,1999.0,657.0,385.0,0.0,583.0,583.0,270.0,115.0,431.0,226.0
1.0,1342.0,1058.0,396.0,0.0,1696.0,1696.0,275.0,121.0,713.0,345.0
1.0,284.0,1200.0,418.0,0.0,2089.0,2089.0,291.0,127.0,841.0,359.0
1.0,1.0,957.0,436.0,583.0,2179.0,2179.0,304.0,132.0,698.0,259.0
1.0,1.0,306.0,443.0,1696.0,2115.0,2115.0,310.0,133.0,270.0,36.0
1.0,100.0,442.0,452.0,2089.0,513.0,513.0,317.0,135.0,366.0,76.0
1.0,1747.0,273.0,456.0,2179.0,0.0,0.0,321.0,135.0,239.0,34.0
1.0,3653.0,0.0,452.0,2115.0,0.0,0.0,319.0,133.0,0.0,0.0
1.0,5768.0,0.0,440.0,513.0,0.0,0.0,311.0,129.0,0.0,0.0
1.0,6281.0,0.0,420.0,0.0,0.0,0.0,298.0,122.0,0.0,0.0
1.0,6281.0,43.0,398.0,0.0,0.0,0.0,282.0,116.0,0.0,43.0
1.0,6238.0,174.0,382.0,0.0,0.0,0.0,268.0,114.0,0.0,174.0
1.0,6064.0,598.0,387.0,0.0,0.0,0.0,267.0,120.0,289.0,309.0
1.0,5466.0,1005.0,405.0,0.0,0.0,0.0,278.0,127.0,604.0,401.0
1.0,4461.0,1297.0,430.0,0.0,0.0,0.0,296.0,134.0,928.0,369.0
1.0,3164.0,1153.0,453.0,0.0,254.0,254.0,315.0,138.0,957.0,196.0
1.0,2011.0,682.0,466.0,0.0,1001.0,1001.0,328.0,138.0,682.0,0.0
1.0,1329.0,80.0,467.0,0.0,1086.0,1086.0,329.0,138.0,80.0,0.0
1.0,1249.0,0.0,460.0,254.0,797.0,797.0,325.0,135.0,0.0,0.0
1.0,1503.0,0.0,444.0,1001.0,0.0,0.0,315.0,129.0,0.0,0.0
1.0,2504.0,0.0,419.0,1086.0,0.0,0.0,298.0,121.0,0.0,0.0
1.0,3590.0,83.0,396.0,797.0,0.0,0.0,280.0,116.0,0.0,83.0
1.0,4304.0,256.0,383.0,0.0,0.0,0.0,267.0,116.0,31.0,225.0
1.0,4048.0,735.0,394.0,0.0,0.0,0.0,271.0,123.0,368.0,367.0
1.0,3313.0,1143.0,416.0,0.0,0.0,0.0,285.0,131.0,708.0,435.0
1.0,2170.0,1375.0,443.0,0.0,1420.0,1420.0,305.0,138.0,1020.0,355.0
1.0,795.0,1124.0,465.0,0.0,2324.0,2324.0,324.0,141.0,991.0,133.0
1.0,1.0,624.0,477.0,0.0,2384.0,2384.0,336.0,141.0,624.0,0.0
1.0,1.0,0.0,476.0,1420.0,1913.0,1913.0,336.0,140.0,0.0,0.0
1.0,467.0,0.0,468.0,2324.0,0.0,0.0,331.0,137.0,0.0,0.0
1.0,2791.0,0.0,451.0,2384.0,0.0,0.0,320.0,131.0,0.0,0.0
1.0,5175.0,0.0,426.0,1913.0,0.0,0.0,303.0,123.0,0.0,0.0
1.0,7088.0,65.0,404.0,0.0,0.0,0.0,286.0,118.0,0.0,65.0
1.0,7023.0,204.0,391.0,0.0,0.0,0.0,273.0,118.0,0.0,204.0
1.0,6819.0,643.0,402.0,0.0,0.0,0.0,277.0,125.0,296.0,347.0
1.0,6176.0,1031.0,422.0,0.0,0.0,0.0,289.0,133.0,613.0,418.0
1.0,5145.0,1286.0,446.0,0.0,0.0,0.0,306.0,140.0,936.0,350.0
1.0,3859.0,1085.0,467.0,0.0,0.0,0.0,325.0,142.0,949.0,136.0
1.0,2774.0,655.0,479.0,0.0,276.0,276.0,337.0,142.0,655.0,0.0
1.0,2119.0,28.0,480.0,0.0,309.0,309.0,338.0,142.0,28.0,0.0
1.0,2091.0,0.0,475.0,0.0,284.0,284.0,335.0,140.0,0.0,0.0
1.0,2091.0,0.0,461.0,276.0,0.0,0.0,326.0,135.0,0.0,0.0
1.0,2367.0,0.0,440.0,309.0,0.0,0.0,312.0,128.0,0.0,0.0
1.0,2676.0,30.0,418.0,284.0,0.0,0.0,296.0,122.0,0.0,30.0
1.0,2930.0,165.0,403.0,0.0,0.0,0.0,283.0,120.0,0.0,165.0
1.0,2765.0,548.0,409.0,0.0,0.0,0.0,283.0,126.0,252.0,296.0
1.0,2217.0,953.0,427.0,0.0,871.0,871.0,294.0,133.0,558.0,395.0
1.0,1264.0,1211.0,450.0,0.0,2197.0,2197.0,310.0,140.0,854.0,357.0
1.0,53.0,1093.0,472.0,0.0,2359.0,2359.0,328.0,144.0,903.0,190.0
1.0,1.0,649.0,484.0,871.0,2419.0,2419.0,340.0,144.0,649.0,0.0
1.0,1.0,98.0,486.0,2197.0,1149.0,1149.0,342.0,144.0,98.0,0.0
1.0,1281.0,362.0,488.0,2359.0,0.0,0.0,346.0,142.0,362.0,0.0
1.0,3278.0,0.0,476.0,2419.0,0.0,0.0,338.0,138.0,0.0,0.0
1.0,5697.0,0.0,455.0,1149.0,0.0,0.0,324.0,131.0,0.0,0.0
1.0,6846.0,39.0,433.0,0.0,0.0,0.0,308.0,125.0,0.0,39.0
1.0,6807.0,170.0,417.0,0.0,0.0,0.0,294.0,123.0,0.0,170.0
1.0,6637.0,303.0,417.0,0.0,0.0,0.0,289.0,128.0,0.0,303.0
1.0,6334.0,657.0,421.0,0.0,0.0,0.0,287.0,134.0,258.0,399.0
1.0,5677.0,943.0,435.0,0.0,0.0,0.0,294.0,141.0,574.0,369.0
1.0,4734.0,1105.0,456.0,0.0,0.0,0.0,311.0,145.0,901.0,204.0
1.0,3629.0,972.0,475.0,0.0,0.0,0.0,330.0,145.0,972.0,0.0
1.0,2657.0,729.0,489.0,0.0,517.0,517.0,344.0,145.0,729.0,0.0
1.0,1928.0,157.0,491.0,0.0,684.0,684.0,347.0,144.0,157.0,0.0
1.0,1771.0,0.0,488.0,0.0,669.0,669.0,347.0,141.0,0.0,0.0
1.0,1771.0,0.0,476.0,517.0,92.0,92.0,341.0,135.0,0.0,0.0
1.0,2288.0,94.0,458.0,684.0,0.0,0.0,329.0,129.0,0.0,94.0
1.0,2878.0,243.0,438.0,669.0,0.0,0.0,312.0,126.0,0.0,243.0
1.0,3304.0,420.0,424.0,92.0,0.0,0.0,294.0,130.0,26.0,394.0
1.0,2976.0,829.0,427.0,0.0,0.0,0.0,288.0,139.0,375.0,454.0
1.0,2147.0,1090.0,446.0,0.0,1173.0,1173.0,300.0,146.0,729.0,361.0
1.0,1057.0,1176.0,469.0,0.0,2344.0,2344.0,321.0,148.0,1057.0,119.0
1.0,1.0,1041.0,489.0,0.0,2444.0,2444.0,341.0,148.0,1041.0,0.0
1.0,1.0,672.0,502.0,1173.0,2509.0,2509.0,354.0,148.0,672.0,0.0
1.0,1.0,88.0,501.0,2344.0,908.0,908.0,355.0,146.0,88.0,0.0
1.0,1597.0,449.0,505.0,2444.0,0.0,0.0,363.0,142.0,449.0,0.0
1.0,3592.0,0.0,491.0,2509.0,0.0,0.0,356.0,135.0,0.0,0.0
1.0,6101.0,113.0,472.0,908.0,0.0,0.0,343.0,129.0,0.0,113.0
1.0,6896.0,275.0,450.0,0.0,0.0,0.0,323.0,127.0,0.0,275.0
1.0,6621.0,430.0,437.0,0.0,0.0,0.0,304.0,133.0,0.0,430.0
1.0,6191.0,471.0,434.0,0.0,0.0,0.0,292.0,142.0,0.0,471.0
1.0,5720.0,620.0,446.0,0.0,0.0,0.0,297.0,149.0,271.0,349.0
1.0,5100.0,696.0,459.0,0.0,0.0,0.0,309.0,150.0,625.0,71.0
1.0,4404.0,985.0,478.0,0.0,0.0,0.0,328.0,150.0,985.0,0.0
1.0,3419.0,1068.0,499.0,0.0,144.0,144.0,349.0,150.0,1068.0,0.0
1.0,2351.0,805.0,513.0,0.0,1019.0,1019.0,364.0,149.0,805.0,0.0
1.0,1546.0,179.0,513.0,0.0,1198.0,1198.0,368.0,145.0,179.0,0.0
1.0,1367.0,0.0,500.0,144.0,989.0,989.0,362.0,138.0,0.0,0.0
1.0,1511.0,93.0,482.0,1019.0,0.0,0.0,350.0,132.0,0.0,93.0
1.0,2437.0,241.0,462.0,1198.0,0.0,0.0,332.0,130.0,0.0,241.0
1.0,3394.0,388.0,449.0,989.0,0.0,0.0,314.0,135.0,0.0,388.0
1.0,3995.0,441.0,444.0,0.0,0.0,0.0,301.0,143.0,0.0,441.0
1.0,3554.0,543.0,454.0,0.0,0.0,0.0,304.0,150.0,194.0,349.0
1.0,3011.0,632.0,467.0,0.0,0.0,0.0,315.0,152.0,528.0,104.0
1.0,2379.0,865.0,483.0,0.0,901.0,901.0,331.0,152.0,865.0,0.0
1.0,1514.0,1001.0,502.0,0.0,1997.0,1997.0,350.0,152.0,1001.0,0.0
1.0,513.0,804.0,517.0,0.0,2585.0,2585.0,366.0,151.0,804.0,0.0
1.0,0.0,266.0,519.0,901.0,2251.0,2251.0,371.0,148.0,266.0,0.0
1.0,344.0,0.0,509.0,1997.0,204.0,204.0,366.0,143.0,0.0,0.0
1.0,2341.0,59.0,491.0,2585.0,0.0,0.0,355.0,136.0,0.0,59.0
1.0,4867.0,197.0,472.0,2251.0,0.0,0.0,339.0,133.0,0.0,197.0
1.0,6921.0,336.0,458.0,204.0,0.0,0.0,322.0,136.0,0.0,336.0
1.0,6789.0,424.0,453.0,0.0,0.0,0.0,309.0,144.0,0.0,424.0
1.0,6365.0,532.0,462.0,0.0,0.0,0.0,311.0,151.0,166.0,366.0
1.0,5833.0,660.0,467.0,0.0,0.0,0.0,313.0,154.0,491.0,169.0
1.0,5173.0,823.0,483.0,0.0,0.0,0.0,329.0,154.0,823.0,0.0
1.0,4350.0,986.0,502.0,0.0,0.0,0.0,348.0,154.0,986.0,0.0
1.0,3364.0,831.0,518.0,0.0,57.0,57.0,364.0,154.0,831.0,0.0
1.0,2533.0,340.0,520.0,0.0,407.0,407.0,370.0,150.0,340.0,0.0
1.0,2193.0,0.0,514.0,0.0,377.0,377.0,370.0,144.0,0.0,0.0
1.0,2193.0,71.0,503.0,57.0,336.0,336.0,365.0,138.0,0.0,71.0
1.0,2179.0,219.0,489.0,407.0,78.0,78.0,354.0,135.0,0.0,219.0
1.0,2367.0,373.0,476.0,377.0,9.0,9.0,337.0,139.0,0.0,373.0
1.0,2371.0,452.0,465.0,336.0,70.0,70.0,318.0,147.0,0.0,452.0
1.0,2255.0,648.0,464.0,78.0,635.0,635.0,309.0,155.0,266.0,382.0
1.0,1685.0,787.0,476.0,9.0,1473.0,1473.0,318.0,158.0,626.0,161.0
1.0,907.0,986.0,495.0,70.0,2475.0,2475.0,337.0,158.0,986.0,0.0
1.0,0.0,1080.0,516.0,635.0,2580.0,2580.0,358.0,158.0,1080.0,0.0
1.0,0.0,823.0,530.0,1473.0,2454.0,2454.0,374.0,156.0,823.0,0.0
1.0,196.0,213.0,529.0,2475.0,187.0,187.0,378.0,151.0,213.0,0.0
1.0,2458.0,0.0,522.0,2580.0,0.0,0.0,378.0,144.0,0.0,0.0
1.0,5038.0,110.0,507.0,2454.0,0.0,0.0,370.0,137.0,0.0,110.0
1.0,7382.0,277.0,491.0,187.0,0.0,0.0,356.0,135.0,0.0,277.0
1.0,7292.0,440.0,478.0,0.0,0.0,0.0,336.0,142.0,0.0,440.0
1.0,6852.0,493.0,467.0,0.0,0.0,0.0,316.0,151.0,0.0,493.0
1.0,6359.0,745.0,468.0,0.0,0.0,0.0,310.0,158.0,366.0,379.0
1.0,5614.0,849.0,483.0,0.0,0.0,0.0,323.0,160.0,747.0,102.0
1.0,4765.0,1140.0,496.0,0.0,0.0,0.0,336.0,160.0,1140.0,0.0
1.0,3625.0,1155.0,518.0,0.0,120.0,120.0,358.0,160.0,1155.0,0.0
1.0,2470.0,797.0,532.0,0.0,987.0,987.0,374.0,158.0,797.0,0.0
1.0,1673.0,43.0,527.0,0.0,1005.0,1005.0,374.0,153.0,43.0,0.0
1.0,1630.0,0.0,519.0,120.0,845.0,845.0,374.0,145.0,0.0,0.0
1.0,1750.0,122.0,512.0,987.0,0.0,0.0,374.0,138.0,0.0,122.0
1.0,2615.0,291.0,506.0,1005.0,0.0,0.0,369.0,137.0,0.0,291.0
1.0,3329.0,454.0,501.0,845.0,0.0,0.0,357.0,144.0,0.0,454.0
1.0,3720.0,496.0,492.0,0.0,0.0,0.0,338.0,154.0,0.0,496.0
1.0,3224.0,724.0,486.0,0.0,0.0,0.0,325.0,161.0,358.0,366.0
1.0,2500.0,814.0,485.0,0.0,739.0,739.0,323.0,162.0,740.0,74.0
1.0,1686.0,1111.0,503.0,0.0,1940.0,1940.0,341.0,162.0,1111.0,0.0
1.0,575.0,1127.0,525.0,0.0,2625.0,2625.0,363.0,162.0,1127.0,0.0
1.0,0.0,763.0,538.0,739.0,2690.0,2690.0,378.0,160.0,763.0,0.0
1.0,0.0,19.0,534.0,1940.0,1325.0,1325.0,378.0,156.0,19.0,0.0
1.0,1345.0,0.0,526.0,2625.0,0.0,0.0,378.0,148.0,0.0,0.0
1.0,3970.0,93.0,520.0,2690.0,0.0,0.0,378.0,142.0,0.0,93.0
1.0,6567.0,246.0,514.0,1325.0,0.0,0.0,374.0,140.0,0.0,246.0
1.0,7646.0,399.0,509.0,0.0,0.0,0.0,364.0,145.0,0.0,399.0
1.0,7247.0,457.0,501.0,0.0,0.0,0.0,347.0,154.0,0.0,457.0
1.0,6790.0,635.0,494.0,0.0,0.0,0.0,333.0,161.0,272.0,363.0
1.0,6155.0,747.0,493.0,0.0,0.0,0.0,330.0,163.0,626.0,121.0
1.0,5408.0,983.0,507.0,0.0,0.0,0.0,344.0,163.0,983.0,0.0
1.0,4425.0,1063.0,527.0,0.0,0.0,0.0,364.0,163.0,1063.0,0.0
1.0,3362.0,794.0,542.0,0.0,142.0,142.0,380.0,162.0,794.0,0.0
1.0,2568.0,160.0,541.0,0.0,297.0,297.0,383.0,158.0,160.0,0.0
1.0,2408.0,0.0,535.0,0.0,267.0,267.0,383.0,152.0,0.0,0.0
1.0,2408.0,85.0,528.0,142.0,175.0,175.0,383.0,145.0,0.0,85.0
1.0,2465.0,234.0,522.0,297.0,82.0,82.0,379.0,143.0,0.0,234.0
1.0,2528.0,384.0,517.0,267.0,174.0,174.0,370.0,147.0,0.0,384.0
1.0,2411.0,451.0,510.0,175.0,415.0,415.0,354.0,156.0,0.0,451.0
1.0,2135.0,630.0,503.0,82.0,928.0,928.0,340.0,163.0,257.0,373.0
1.0,1587.0,761.0,502.0,174.0,1510.0,1510.0,336.0,166.0,619.0,142.0
1.0,1000.0,979.0,514.0,415.0,2134.0,2134.0,348.0,166.0,979.0,0.0
1.0,436.0,1083.0,535.0,928.0,2394.0,2394.0,369.0,166.0,1083.0,0.0
1.0,281.0,832.0,549.0,1510.0,1786.0,1786.0,385.0,164.0,832.0,0.0
1.0,959.0,220.0,549.0,2134.0,0.0,0.0,389.0,160.0,220.0,0.0
1.0,2873.0,0.0,542.0,2394.0,0.0,0.0,389.0,153.0,0.0,0.0
1.0,5267.0,120.0,535.0,1786.0,0.0,0.0,389.0,146.0,0.0,120.0
1.0,6933.0,282.0,529.0,0.0,0.0,0.0,384.0,145.0,0.0,282.0
1.0,6651.0,443.0,522.0,0.0,0.0,0.0,372.0,150.0,0.0,443.0
1.0,6208.0,485.0,512.0,0.0,0.0,0.0,353.0,159.0,0.0,485.0
1.0,5723.0,737.0,505.0,0.0,0.0,0.0,339.0,166.0,363.0,374.0
1.0,4986.0,855.0,506.0,0.0,0.0,0.0,338.0,168.0,757.0,98.0
1.0,4131.0,1152.0,524.0,0.0,0.0,0.0,356.0,168.0,1152.0,0.0
1.0,2979.0,1192.0,547.0,0.0,948.0,948.0,379.0,168.0,1192.0,0.0
1.0,1787.0,828.0,561.0,0.0,1846.0,1846.0,395.0,166.0,828.0,0.0
1.0,959.0,81.0,558.0,0.0,1912.0,1912.0,397.0,161.0,81.0,0.0
1.0,878.0,0.0,549.0,948.0,919.0,919.0,397.0,152.0,0.0,0.0
1.0,1826.0,174.0,543.0,1846.0,0.0,0.0,397.0,146.0,0.0,174.0
1.0,3498.0,346.0,536.0,1912.0,0.0,0.0,390.0,146.0,0.0,346.0
1.0,5064.0,527.0,529.0,919.0,0.0,0.0,375.0,154.0,0.0,527.0
1.0,5456.0,546.0,518.0,0.0,0.0,0.0,354.0,164.0,19.0,527.0
1.0,4910.0,774.0,511.0,0.0,0.0,0.0,340.0,171.0,421.0,353.0
1.0,4136.0,839.0,511.0,0.0,0.0,0.0,340.0,171.0,837.0,2.0
1.0,3297.0,1230.0,534.0,0.0,603.0,603.0,363.0,171.0,1230.0,0.0
1.0,2067.0,1219.0,558.0,0.0,1942.0,1942.0,387.0,171.0,1219.0,0.0
1.0,848.0,793.0,570.0,0.0,2795.0,2795.0,402.0,168.0,793.0,0.0
1.0,55.0,0.0,565.0,603.0,2167.0,2167.0,402.0,163.0,0.0,0.0
1.0,658.0,0.0,556.0,1942.0,180.0,180.0,402.0,154.0,0.0,0.0
1.0,2600.0,169.0,550.0,2795.0,0.0,0.0,402.0,148.0,0.0,169.0
1.0,5226.0,341.0,542.0,2167.0,0.0,0.0,395.0,147.0,0.0,341.0
1.0,7052.0,516.0,537.0,180.0,0.0,0.0,381.0,156.0,0.0,516.0
1.0,6716.0,517.0,525.0,0.0,0.0,0.0,359.0,166.0,0.0,517.0
1.0,6199.0,713.0,517.0,0.0,0.0,0.0,345.0,172.0,367.0,346.0
1.0,5486.0,768.0,517.0,0.0,0.0,0.0,345.0,172.0,768.0,0.0
1.0,4718.0,1161.0,539.0,0.0,0.0,0.0,367.0,172.0,1161.0,0.0
1.0,3557.0,1185.0,562.0,0.0,438.0,438.0,390.0,172.0,1185.0,0.0
1.0,2372.0,803.0,576.0,0.0,1311.0,1311.0,405.0,171.0,803.0,0.0
1.0,1569.0,36.0,572.0,0.0,1327.0,1327.0,406.0,166.0,36.0,0.0
1.0,1533.0,0.0,564.0,438.0,849.0,849.0,406.0,158.0,0.0,0.0
1.0,1971.0,133.0,558.0,1311.0,0.0,0.0,406.0,152.0,0.0,133.0
1.0,3149.0,301.0,552.0,1327.0,0.0,0.0,401.0,151.0,0.0,301.0
1.0,4175.0,461.0,545.0,849.0,0.0,0.0,388.0,157.0,0.0,461.0
1.0,4563.0,490.0,537.0,0.0,0.0,0.0,370.0,167.0,0.0,490.0
1.0,4073.0,629.0,529.0,0.0,0.0,0.0,355.0,174.0,281.0,348.0
1.0,3444.0,710.0,526.0,0.0,0.0,0.0,352.0,174.0,662.0,48.0
1.0,2734.0,1037.0,543.0,0.0,1018.0,1018.0,369.0,174.0,1037.0,0.0
1.0,1697.0,1133.0,565.0,0.0,2261.0,2261.0,391.0,174.0,1133.0,0.0
1.0,564.0,848.0,580.0,0.0,2900.0,2900.0,407.0,173.0,848.0,0.0
1.0,0.0,189.0,579.0,1018.0,2350.0,2350.0,411.0,168.0,189.0,0.0
1.0,545.0,0.0,572.0,2261.0,54.0,54.0,411.0,161.0,0.0,0.0
1.0,2806.0,137.0,566.0,2900.0,0.0,0.0,411.0,155.0,0.0,137.0
1.0,5569.0,299.0,559.0,2350.0,0.0,0.0,406.0,153.0,0.0,299.0
1.0,7620.0,461.0,554.0,54.0,0.0,0.0,394.0,160.0,0.0,461.0
1.0,7213.0,488.0,544.0,0.0,0.0,0.0,375.0,169.0,0.0,488.0
1.0,6725.0,663.0,536.0,0.0,0.0,0.0,360.0,176.0,308.0,355.0
1.0,6062.0,760.0,534.0,0.0,0.0,0.0,357.0,177.0,697.0,63.0
1.0,5302.0,1089.0,551.0,0.0,0.0,0.0,374.0,177.0,1089.0,0.0
1.0,4213.0,1180.0,574.0,0.0,0.0,0.0,397.0,177.0,1180.0,0.0
1.0,3033.0,881.0,589.0,0.0,793.0,793.0,414.0,175.0,881.0,0.0
1.0,2152.0,197.0,587.0,0.0,980.0,980.0,418.0,169.0,197.0,0.0
1.0,1955.0,14.0,579.0,0.0,954.0,954.0,418.0,161.0,0.0,14.0
1.0,1941.0,188.0,573.0,793.0,319.0,319.0,418.0,155.0,0.0,188.0
1.0,2546.0,365.0,566.0,980.0,0.0,0.0,411.0,155.0,0.0,365.0
1.0,3161.0,528.0,559.0,954.0,0.0,0.0,396.0,163.0,0.0,528.0
1.0,3587.0,526.0,547.0,319.0,0.0,0.0,374.0,173.0,2.0,524.0
1.0,3380.0,762.0,539.0,0.0,77.0,77.0,359.0,180.0,424.0,338.0
1.0,2618.0,848.0,540.0,0.0,930.0,930.0,360.0,180.0,848.0,0.0
1.0,1770.0,1274.0,562.0,0.0,2314.0,2314.0,382.0,180.0,1274.0,0.0
1.0,496.0,1279.0,587.0,77.0,2935.0,2935.0,407.0,180.0,1279.0,0.0
1.0,0.0,856.0,601.0,930.0,3005.0,3005.0,424.0,177.0,856.0,0.0
1.0,0.0,15.0,594.0,2314.0,1303.0,1303.0,424.0,170.0,15.0,0.0
1.0,1667.0,52.0,585.0,2935.0,0.0,0.0,424.0,161.0,0.0,52.0
1.0,4550.0,236.0,578.0,3005.0,0.0,0.0,423.0,155.0,0.0,236.0
1.0,7319.0,423.0,572.0,1303.0,0.0,0.0,415.0,157.0,0.0,423.0
1.0,8199.0,561.0,566.0,0.0,0.0,0.0,399.0,167.0,0.0,561.0
1.0,7638.0,548.0,553.0,0.0,0.0,0.0,376.0,177.0,39.0,509.0
1.0,7090.0,744.0,544.0,0.0,0.0,0.0,362.0,182.0,474.0,270.0
1.0,6346.0,903.0,546.0,0.0,0.0,0.0,364.0,182.0,903.0,0.0
1.0,5443.0,1300.0,571.0,0.0,0.0,0.0,389.0,182.0,1300.0,0.0
1.0,4143.0,1255.0,595.0,0.0,87.0,87.0,413.0,182.0,1255.0,0.0
1.0,2888.0,785.0,607.0,0.0,932.0,932.0,428.0,179.0,785.0,0.0
1.0,2103.0,0.0,601.0,0.0,902.0,902.0,428.0,173.0,0.0,0.0
1.0,2103.0,35.0,591.0,87.0,800.0,800.0,428.0,163.0,0.0,35.0
1.0,2155.0,216.0,585.0,932.0,54.0,54.0,428.0,157.0,0.0,216.0
1.0,2871.0,401.0,580.0,902.0,0.0,0.0,421.0,159.0,0.0,401.0
1.0,3372.0,544.0,576.0,800.0,0.0,0.0,407.0,169.0,0.0,544.0
1.0,3628.0,506.0,563.0,54.0,0.0,0.0,384.0,179.0,0.0,506.0
1.0,3176.0,675.0,553.0,0.0,264.0,264.0,369.0,184.0,394.0,281.0
1.0,2501.0,801.0,553.0,0.0,1065.0,1065.0,369.0,184.0,801.0,0.0
1.0,1700.0,1213.0,576.0,0.0,2393.0,2393.0,392.0,184.0,1213.0,0.0
1.0,487.0,1224.0,599.0,264.0,2995.0,2995.0,415.0,184.0,1224.0,0.0
1.0,0.0,834.0,613.0,1065.0,3065.0,3065.0,431.0,182.0,834.0,0.0
1.0,0.0,23.0,608.0,2393.0,912.0,912.0,432.0,176.0,23.0,0.0
1.0,2128.0,0.0,599.0,2995.0,0.0,0.0,432.0,167.0,0.0,0.0
1.0,5123.0,164.0,593.0,3065.0,0.0,0.0,432.0,161.0,0.0,164.0
1.0,8024.0,340.0,586.0,912.0,0.0,0.0,426.0,160.0,0.0,340.0
1.0,8596.0,511.0,583.0,0.0,0.0,0.0,414.0,169.0,0.0,511.0
1.0,8085.0,516.0,573.0,0.0,0.0,0.0,394.0,179.0,0.0,516.0
1.0,7569.0,697.0,564.0,0.0,0.0,0.0,378.0,186.0,349.0,348.0
1.0,6872.0,759.0,563.0,0.0,0.0,0.0,377.0,186.0,750.0,9.0
1.0,6113.0,1151.0,581.0,0.0,0.0,0.0,395.0,186.0,1151.0,0.0
1.0,4962.0,1202.0,604.0,0.0,0.0,0.0,418.0,186.0,1202.0,0.0
1.0,3760.0,860.0,619.0,0.0,195.0,195.0,435.0,184.0,860.0,0.0
1.0,2900.0,115.0,615.0,0.0,290.0,290.0,437.0,178.0,115.0,0.0
1.0,2785.0,2.0,606.0,0.0,247.0,247.0,437.0,169.0,0.0,2.0
1.0,2783.0,182.0,600.0,195.0,204.0,204.0,437.0,163.0,0.0,182.0
1.0,2796.0,357.0,594.0,290.0,241.0,241.0,431.0,163.0,0.0,357.0
1.0,2729.0,533.0,590.0,247.0,507.0,507.0,418.0,172.0,0.0,533.0
1.0,2443.0,535.0,579.0,204.0,783.0,783.0,397.0,182.0,6.0,529.0
1.0,2112.0,774.0,571.0,241.0,1276.0,1276.0,382.0,189.0,423.0,351.0
1.0,1579.0,853.0,571.0,507.0,1622.0,1622.0,382.0,189.0,849.0,4.0
1.0,1233.0,1267.0,591.0,783.0,2206.0,2206.0,402.0,189.0,1267.0,0.0
1.0,749.0,1275.0,616.0,1276.0,2330.0,2330.0,427.0,189.0,1275.0,0.0
1.0,750.0,857.0,628.0,1622.0,1625.0,1625.0,443.0,185.0,857.0,0.0
1.0,1515.0,23.0,622.0,2206.0,0.0,0.0,444.0,178.0,23.0,0.0
1.0,3698.0,46.0,613.0,2330.0,0.0,0.0,444.0,169.0,0.0,46.0
1.0,5982.0,236.0,607.0,1625.0,0.0,0.0,444.0,163.0,0.0,236.0
1.0,7371.0,426.0,600.0,0.0,0.0,0.0,435.0,165.0,0.0,426.0
1.0,6945.0,568.0,595.0,0.0,0.0,0.0,419.0,176.0,0.0,568.0
1.0,6377.0,620.0,582.0,0.0,0.0,0.0,396.0,186.0,95.0,525.0
1.0,5757.0,842.0,574.0,0.0,0.0,0.0,382.0,192.0,545.0,297.0
1.0,4915.0,999.0,577.0,0.0,0.0,0.0,385.0,192.0,999.0,0.0
1.0,3916.0,1354.0,603.0,0.0,453.0,453.0,411.0,192.0,1354.0,0.0
1.0,2562.0,1263.0,626.0,0.0,1831.0,1831.0,435.0,191.0,1263.0,0.0
1.0,1299.0,727.0,635.0,0.0,2603.0,2603.0,449.0,186.0,727.0,0.0
1.0,572.0,0.0,627.0,453.0,2110.0,2110.0,449.0,178.0,0.0,0.0
1.0,1025.0,79.0,618.0,1831.0,313.0,313.0,449.0,169.0,0.0,79.0
1.0,2777.0,274.0,612.0,2603.0,0.0,0.0,448.0,164.0,0.0,274.0
1.0,5106.0,469.0,607.0,2110.0,0.0,0.0,439.0,168.0,0.0,469.0
1.0,6747.0,583.0,601.0,313.0,0.0,0.0,422.0,179.0,0.0,583.0
1.0,6477.0,635.0,588.0,0.0,0.0,0.0,399.0,189.0,131.0,504.0
1.0,5842.0,818.0,581.0,0.0,0.0,0.0,387.0,194.0,584.0,234.0
1.0,5024.0,1032.0,585.0,0.0,0.0,0.0,391.0,194.0,1032.0,0.0
1.0,3992.0,1355.0,611.0,0.0,418.0,418.0,417.0,194.0,1355.0,0.0
1.0,2637.0,1220.0,634.0,0.0,1753.0,1753.0,441.0,193.0,1220.0,0.0
1.0,1417.0,639.0,642.0,0.0,2432.0,2432.0,453.0,189.0,639.0,0.0
1.0,778.0,0.0,634.0,418.0,1974.0,1974.0,453.0,181.0,0.0,0.0
1.0,1196.0,64.0,625.0,1753.0,240.0,240.0,453.0,172.0,0.0,64.0
1.0,2885.0,252.0,620.0,2432.0,0.0,0.0,453.0,167.0,0.0,252.0
1.0,5065.0,440.0,616.0,1974.0,0.0,0.0,446.0,170.0,0.0,440.0
1.0,6599.0,563.0,611.0,240.0,0.0,0.0,430.0,181.0,0.0,563.0
1.0,6276.0,568.0,598.0,0.0,0.0,0.0,408.0,190.0,68.0,500.0
1.0,5708.0,748.0,589.0,0.0,0.0,0.0,394.0,195.0,502.0,246.0
1.0,4960.0,932.0,591.0,0.0,0.0,0.0,396.0,195.0,932.0,0.0
1.0,4028.0,1292.0,615.0,0.0,339.0,339.0,420.0,195.0,1292.0,0.0
1.0,2736.0,1218.0,639.0,0.0,1677.0,1677.0,444.0,195.0,1218.0,0.0
1.0,1518.0,714.0,650.0,0.0,2446.0,2446.0,458.0,192.0,714.0,0.0
1.0,804.0,0.0,644.0,339.0,2077.0,2077.0,458.0,186.0,0.0,0.0
1.0,1143.0,32.0,634.0,1677.0,382.0,382.0,458.0,176.0,0.0,32.0
1.0,2788.0,211.0,628.0,2446.0,0.0,0.0,458.0,170.0,0.0,211.0
1.0,5023.0,392.0,622.0,2077.0,0.0,0.0,451.0,171.0,0.0,392.0
1.0,6708.0,545.0,618.0,382.0,0.0,0.0,436.0,182.0,0.0,545.0
1.0,6545.0,547.0,607.0,0.0,0.0,0.0,415.0,192.0,32.0,515.0
1.0,5998.0,761.0,598.0,0.0,0.0,0.0,401.0,197.0,456.0,305.0
1.0,5237.0,887.0,598.0,0.0,0.0,0.0,401.0,197.0,887.0,0.0
1.0,4350.0,1278.0,621.0,0.0,33.0,33.0,424.0,197.0,1278.0,0.0
1.0,3072.0,1256.0,645.0,0.0,1409.0,1409.0,448.0,197.0,1256.0,0.0
1.0,1816.0,802.0,657.0,0.0,2271.0,2271.0,463.0,194.0,802.0,0.0
1.0,1014.0,0.0,650.0,33.0,2203.0,2203.0,463.0,187.0,0.0,0.0
1.0,1047.0,53.0,641.0,1409.0,802.0,802.0,463.0,178.0,0.0,53.0
1.0,2403.0,242.0,635.0,2271.0,0.0,0.0,463.0,172.0,0.0,242.0
1.0,4432.0,435.0,629.0,2203.0,0.0,0.0,455.0,174.0,0.0,435.0
1.0,6200.0,571.0,624.0,802.0,0.0,0.0,439.0,185.0,0.0,571.0
1.0,6431.0,646.0,612.0,0.0,0.0,0.0,417.0,195.0,125.0,521.0
1.0,5785.0,859.0,603.0,0.0,0.0,0.0,403.0,200.0,579.0,280.0
1.0,4926.0,1036.0,607.0,0.0,0.0,0.0,407.0,200.0,1036.0,0.0
1.0,3890.0,1372.0,633.0,0.0,647.0,647.0,433.0,200.0,1372.0,0.0
1.0,2518.0,1261.0,656.0,0.0,2023.0,2023.0,457.0,199.0,1261.0,0.0
1.0,1257.0,692.0,665.0,0.0,2760.0,2760.0,470.0,195.0,692.0,0.0
1.0,565.0,0.0,657.0,647.0,2073.0,2073.0,470.0,187.0,0.0,0.0
1.0,1212.0,102.0,648.0,2023.0,107.0,107.0,470.0,178.0,0.0,102.0
1.0,3133.0,308.0,641.0,2760.0,0.0,0.0,468.0,173.0,0.0,308.0
1.0,5585.0,511.0,636.0,2073.0,0.0,0.0,458.0,178.0,0.0,511.0
1.0,7147.0,612.0,628.0,107.0,0.0,0.0,439.0,189.0,0.0,612.0
1.0,6642.0,719.0,616.0,0.0,0.0,0.0,417.0,199.0,210.0,509.0
1.0,5923.0,894.0,609.0,0.0,0.0,0.0,406.0,203.0,690.0,204.0
1.0,5029.0,1179.0,617.0,0.0,0.0,0.0,414.0,203.0,1179.0,0.0
1.0,3850.0,1449.0,645.0,0.0,824.0,824.0,442.0,203.0,1449.0,0.0
1.0,2401.0,1245.0,667.0,0.0,2179.0,2179.0,466.0,201.0,1245.0,0.0
1.0,1156.0,544.0,673.0,0.0,2753.0,2753.0,477.0,196.0,544.0,0.0
1.0,612.0,0.0,664.0,824.0,1884.0,1884.0,477.0,187.0,0.0,0.0
1.0,1436.0,126.0,655.0,2179.0,0.0,0.0,477.0,178.0,0.0,126.0
1.0,3489.0,332.0,649.0,2753.0,0.0,0.0,474.0,175.0,0.0,332.0
1.0,5910.0,536.0,644.0,1884.0,0.0,0.0,463.0,181.0,0.0,536.0
1.0,7258.0,616.0,636.0,0.0,0.0,0.0,443.0,193.0,0.0,616.0
1.0,6642.0,688.0,623.0,0.0,0.0,0.0,421.0,202.0,196.0,492.0
1.0,5954.0,834.0,615.0,0.0,0.0,0.0,410.0,205.0,675.0,159.0
1.0,5120.0,1149.0,625.0,0.0,0.0,0.0,420.0,205.0,1149.0,0.0
1.0,3971.0,1425.0,652.0,0.0,714.0,714.0,447.0,205.0,1425.0,0.0
1.0,2546.0,1218.0,675.0,0.0,2047.0,2047.0,471.0,204.0,1218.0,0.0
1.0,1328.0,539.0,680.0,0.0,2611.0,2611.0,481.0,199.0,539.0,0.0
1.0,789.0,0.0,672.0,714.0,1857.0,1857.0,481.0,191.0,0.0,0.0
1.0,1503.0,94.0,663.0,2047.0,0.0,0.0,481.0,182.0,0.0,94.0
1.0,3456.0,288.0,658.0,2611.0,0.0,0.0,480.0,178.0,0.0,288.0
1.0,5779.0,483.0,652.0,1857.0,0.0,0.0,470.0,182.0,0.0,483.0
1.0,7153.0,587.0,645.0,0.0,0.0,0.0,452.0,193.0,0.0,587.0
1.0,6566.0,593.0,632.0,0.0,0.0,0.0,429.0,203.0,100.0,493.0
1.0,5973.0,753.0,624.0,0.0,0.0,0.0,417.0,207.0,550.0,203.0
1.0,5220.0,999.0,629.0,0.0,0.0,0.0,422.0,207.0,999.0,0.0
1.0,4221.0,1353.0,655.0,0.0,407.0,407.0,448.0,207.0,1353.0,0.0
1.0,2868.0,1248.0,678.0,0.0,1770.0,1770.0,472.0,206.0,1248.0,0.0
1.0,1620.0,698.0,687.0,0.0,2513.0,2513.0,485.0,202.0,698.0,0.0
1.0,922.0,0.0,680.0,407.0,2071.0,2071.0,485.0,195.0,0.0,0.0
1.0,1329.0,73.0,671.0,1770.0,329.0,329.0,485.0,186.0,0.0,73.0
1.0,3026.0,264.0,666.0,2513.0,0.0,0.0,485.0,181.0,0.0,264.0
1.0,5275.0,460.0,660.0,2071.0,0.0,0.0,476.0,184.0,0.0,460.0
1.0,6886.0,579.0,654.0,329.0,0.0,0.0,459.0,195.0,0.0,579.0
1.0,6636.0,605.0,641.0,0.0,0.0,0.0,436.0,205.0,97.0,508.0
1.0,6031.0,792.0,632.0,0.0,0.0,0.0,423.0,209.0,550.0,242.0
1.0,5239.0,1006.0,636.0,0.0,0.0,0.0,427.0,209.0,1006.0,0.0
1.0,4233.0,1363.0,662.0,0.0,440.0,440.0,453.0,209.0,1363.0,0.0
1.0,2870.0,1273.0,685.0,0.0,1828.0,1828.0,477.0,208.0,1273.0,0.0
1.0,1597.0,738.0,696.0,0.0,2621.0,2621.0,492.0,204.0,738.0,0.0
1.0,859.0,0.0,687.0,440.0,2136.0,2136.0,492.0,195.0,0.0,0.0
1.0,1299.0,106.0,678.0,1828.0,369.0,369.0,492.0,186.0,0.0,106.0
1.0,3021.0,313.0,671.0,2621.0,0.0,0.0,489.0,182.0,0.0,313.0
1.0,5329.0,516.0,665.0,2136.0,0.0,0.0,478.0,187.0,0.0,516.0
1.0,6949.0,616.0,657.0,369.0,0.0,0.0,458.0,199.0,0.0,616.0
1.0,6702.0,745.0,645.0,0.0,0.0,0.0,436.0,209.0,234.0,511.0
1.0,5957.0,923.0,638.0,0.0,0.0,0.0,426.0,212.0,720.0,203.0
1.0,5034.0,1214.0,648.0,0.0,0.0,0.0,436.0,212.0,1214.0,0.0
1.0,3820.0,1472.0,676.0,0.0,1032.0,1032.0,464.0,212.0,1472.0,0.0
1.0,2348.0,1253.0,698.0,0.0,2395.0,2395.0,488.0,210.0,1253.0,0.0
1.0,1095.0,535.0,703.0,0.0,2955.0,2955.0,498.0,205.0,535.0,0.0
1.0,560.0,0.0,693.0,1032.0,1873.0,1873.0,498.0,195.0,0.0,0.0
1.0,1592.0,157.0,684.0,2395.0,0.0,0.0,498.0,186.0,0.0,157.0
1.0,3830.0,372.0,677.0,2955.0,0.0,0.0,494.0,183.0,0.0,372.0
1.0,6413.0,588.0,672.0,1873.0,0.0,0.0,481.0,191.0,0.0,588.0
1.0,7698.0,648.0,662.0,0.0,0.0,0.0,459.0,203.0,0.0,648.0
1.0,7050.0,799.0,650.0,0.0,0.0,0.0,437.0,213.0,307.0,492.0
1.0,6251.0,944.0,643.0,0.0,0.0,0.0,428.0,215.0,818.0,126.0
1.0,5307.0,1322.0,658.0,0.0,0.0,0.0,443.0,215.0,1322.0,0.0
1.0,3985.0,1519.0,688.0,0.0,974.0,974.0,473.0,215.0,1519.0,0.0
1.0,2466.0,1208.0,709.0,0.0,2287.0,2287.0,496.0,213.0,1208.0,0.0
1.0,1258.0,386.0,709.0,0.0,2673.0,2673.0,503.0,206.0,386.0,0.0
1.0,872.0,0.0,699.0,974.0,1649.0,1649.0,503.0,196.0,0.0,0.0
1.0,1846.0,154.0,690.0,2287.0,0.0,0.0,503.0,187.0,0.0,154.0
1.0,3979.0,368.0,684.0,2673.0,0.0,0.0,499.0,185.0,0.0,368.0
1.0,6284.0,582.0,679.0,1649.0,0.0,0.0,486.0,193.0,0.0,582.0
1.0,7351.0,639.0,669.0,0.0,0.0,0.0,464.0,205.0,0.0,639.0
1.0,6712.0,747.0,656.0,0.0,0.0,0.0,442.0,214.0,266.0,481.0
1.0,5965.0,869.0,650.0,0.0,0.0,0.0,433.0,217.0,755.0,114.0
1.0,5096.0,1248.0,664.0,0.0,0.0,0.0,447.0,217.0,1248.0,0.0
1.0,3848.0,1465.0,692.0,0.0,1077.0,1077.0,475.0,217.0,1465.0,0.0
1.0,2383.0,1201.0,713.0,0.0,2383.0,2383.0,498.0,215.0,1201.0,0.0
1.0,1182.0,438.0,715.0,0.0,2831.0,2831.0,506.0,209.0,438.0,0.0
1.0,744.0,0.0,706.0,1077.0,1709.0,1709.0,506.0,200.0,0.0,0.0
1.0,1821.0,126.0,697.0,2383.0,0.0,0.0,506.0,191.0,0.0,126.0
1.0,4078.0,331.0,693.0,2831.0,0.0,0.0,505.0,188.0,0.0,331.0
1.0,6578.0,533.0,688.0,1709.0,0.0,0.0,494.0,194.0,0.0,533.0
1.0,7754.0,609.0,681.0,0.0,0.0,0.0,475.0,206.0,0.0,609.0
1.0,7145.0,682.0,668.0,0.0,0.0,0.0,453.0,215.0,197.0,485.0
1.0,6463.0,834.0,660.0,0.0,0.0,0.0,442.0,218.0,678.0,156.0
1.0,5629.0,1148.0,668.0,0.0,0.0,0.0,450.0,218.0,1148.0,0.0
1.0,4481.0,1425.0,696.0,0.0,424.0,424.0,478.0,218.0,1425.0,0.0
1.0,3056.0,1216.0,718.0,0.0,1750.0,1750.0,501.0,217.0,1216.0,0.0
1.0,1840.0,540.0,723.0,0.0,2315.0,2315.0,511.0,212.0,540.0,0.0
1.0,1300.0,0.0,714.0,424.0,1846.0,1846.0,511.0,203.0,0.0,0.0
1.0,1724.0,122.0,705.0,1750.0,173.0,173.0,511.0,194.0,0.0,122.0
1.0,3352.0,328.0,701.0,2315.0,0.0,0.0,510.0,191.0,0.0,328.0
1.0,5339.0,538.0,695.0,1846.0,0.0,0.0,499.0,196.0,0.0,538.0
1.0,6647.0,622.0,688.0,173.0,0.0,0.0,480.0,208.0,0.0,622.0
1.0,6198.0,746.0,676.0,0.0,0.0,0.0,458.0,218.0,246.0,500.0
1.0,5452.0,897.0,669.0,0.0,0.0,0.0,448.0,221.0,728.0,169.0
1.0,4555.0,1210.0,678.0,0.0,45.0,45.0,457.0,221.0,1210.0,0.0
1.0,3345.0,1461.0,706.0,0.0,1646.0,1646.0,485.0,221.0,1461.0,0.0
1.0,1884.0,1226.0,727.0,0.0,2977.0,2977.0,508.0,219.0,1226.0,0.0
1.0,658.0,520.0,731.0,45.0,3472.0,3472.0,518.0,213.0,520.0,0.0
1.0,183.0,0.0,721.0,1646.0,1776.0,1776.0,518.0,203.0,0.0,0.0
1.0,1829.0,157.0,712.0,2977.0,0.0,0.0,518.0,194.0,0.0,157.0
1.0,4649.0,377.0,706.0,3472.0,0.0,0.0,514.0,192.0,0.0,377.0
1.0,7744.0,596.0,699.0,1776.0,0.0,0.0,500.0,199.0,0.0,596.0
1.0,8924.0,658.0,689.0,0.0,0.0,0.0,477.0,212.0,0.0,658.0
1.0,8266.0,868.0,677.0,0.0,0.0,0.0,455.0,222.0,366.0,502.0
1.0,7398.0,1027.0,673.0,0.0,0.0,0.0,449.0,224.0,896.0,131.0
1.0,6371.0,1417.0,690.0,0.0,0.0,0.0,466.0,224.0,1417.0,0.0
1.0,4954.0,1584.0,720.0,0.0,230.0,230.0,496.0,224.0,1584.0,0.0
1.0,3370.0,1214.0,740.0,0.0,1544.0,1544.0,519.0,221.0,1214.0,0.0
1.0,2156.0,328.0,740.0,0.0,1872.0,1872.0,526.0,214.0,328.0,0.0
1.0,1828.0,0.0,729.0,230.0,1587.0,1587.0,526.0,203.0,0.0,0.0
1.0,2058.0,202.0,720.0,1544.0,200.0,200.0,526.0,194.0,0.0,202.0
1.0,3400.0,430.0,713.0,1872.0,0.0,0.0,520.0,193.0,0.0,430.0
1.0,4842.0,657.0,707.0,1587.0,0.0,0.0,504.0,203.0,0.0,657.0
1.0,5772.0,682.0,695.0,200.0,0.0,0.0,479.0,216.0,0.0,682.0
1.0,5290.0,878.0,683.0,0.0,0.0,0.0,457.0,226.0,398.0,480.0
1.0,4412.0,982.0,679.0,0.0,0.0,0.0,452.0,227.0,927.0,55.0
1.0,3430.0,1459.0,699.0,0.0,1524.0,1524.0,472.0,227.0,1459.0,0.0
1.0,1971.0,1587.0,730.0,0.0,3266.0,3266.0,503.0,227.0,1587.0,0.0
1.0,384.0,1187.0,750.0,0.0,3750.0,3750.0,526.0,224.0,1187.0,0.0
1.0,0.0,249.0,747.0,1524.0,3263.0,3263.0,530.0,217.0,249.0,0.0
1.0,472.0,0.0,735.0,3266.0,0.0,0.0,530.0,205.0,0.0,0.0
1.0,3738.0,183.0,727.0,3750.0,0.0,0.0,530.0,197.0,0.0,183.0
1.0,7305.0,405.0,720.0,3263.0,0.0,0.0,525.0,195.0,0.0,405.0
1.0,10163.0,624.0,716.0,0.0,0.0,0.0,511.0,205.0,0.0,624.0
1.0,9539.0,659.0,705.0,0.0,0.0,0.0,487.0,218.0,0.0,659.0
1.0,8880.0,800.0,692.0,0.0,0.0,0.0,465.0,227.0,322.0,478.0
1.0,8080.0,907.0,686.0,0.0,0.0,0.0,458.0,228.0,834.0,73.0
1.0,7173.0,1339.0,703.0,0.0,0.0,0.0,475.0,228.0,1339.0,0.0
1.0,5834.0,1523.0,732.0,0.0,0.0,0.0,504.0,228.0,1523.0,0.0
1.0,4311.0,1192.0,753.0,0.0,646.0,646.0,527.0,226.0,1192.0,0.0
1.0,3119.0,355.0,753.0,0.0,1001.0,1001.0,534.0,219.0,355.0,0.0
1.0,2764.0,0.0,743.0,0.0,951.0,951.0,534.0,209.0,0.0,0.0
1.0,2764.0,155.0,734.0,646.0,415.0,415.0,534.0,200.0,0.0,155.0
1.0,3255.0,368.0,728.0,1001.0,0.0,0.0,530.0,198.0,0.0,368.0
1.0,3888.0,581.0,723.0,951.0,0.0,0.0,517.0,206.0,0.0,581.0
1.0,4258.0,643.0,714.0,415.0,0.0,0.0,495.0,219.0,0.0,643.0
1.0,4030.0,769.0,701.0,0.0,244.0,244.0,473.0,228.0,282.0,487.0
1.0,3261.0,895.0,695.0,0.0,1109.0,1109.0,465.0,230.0,777.0,118.0
1.0,2366.0,1277.0,709.0,0.0,2456.0,2456.0,479.0,230.0,1277.0,0.0
1.0,1089.0,1493.0,738.0,244.0,3690.0,3690.0,508.0,230.0,1493.0,0.0
1.0,0.0,1218.0,759.0,1109.0,3795.0,3795.0,531.0,228.0,1218.0,0.0
1.0,0.0,440.0,762.0,2456.0,2063.0,2063.0,540.0,222.0,440.0,0.0
1.0,1747.0,0.0,751.0,3690.0,0.0,0.0,540.0,211.0,0.0,0.0
1.0,5437.0,158.0,742.0,3795.0,0.0,0.0,540.0,202.0,0.0,158.0
1.0,9074.0,376.0,735.0,2063.0,0.0,0.0,535.0,200.0,0.0,376.0
1.0,10761.0,599.0,729.0,0.0,0.0,0.0,521.0,208.0,0.0,599.0
1.0,10162.0,661.0,719.0,0.0,0.0,0.0,498.0,221.0,0.0,661.0
1.0,9501.0,858.0,707.0,0.0,0.0,0.0,476.0,231.0,353.0,505.0
1.0,8643.0,1001.0,702.0,0.0,0.0,0.0,469.0,233.0,874.0,127.0
1.0,7642.0,1395.0,719.0,0.0,0.0,0.0,486.0,233.0,1395.0,0.0
1.0,6247.0,1567.0,749.0,0.0,0.0,0.0,516.0,233.0,1567.0,0.0
1.0,4680.0,1225.0,770.0,0.0,395.0,395.0,540.0,230.0,1225.0,0.0
1.0,3455.0,367.0,770.0,0.0,762.0,762.0,547.0,223.0,367.0,0.0
1.0,3088.0,0.0,758.0,0.0,702.0,702.0,547.0,211.0,0.0,0.0
1.0,3088.0,202.0,750.0,395.0,469.0,469.0,547.0,203.0,0.0,202.0
1.0,3281.0,439.0,742.0,762.0,106.0,106.0,540.0,202.0,0.0,439.0
1.0,3604.0,673.0,735.0,702.0,42.0,42.0,523.0,212.0,0.0,673.0
1.0,3633.0,705.0,721.0,469.0,208.0,208.0,496.0,225.0,0.0,705.0
1.0,3397.0,969.0,709.0,106.0,1011.0,1011.0,474.0,235.0,469.0,500.0
1.0,2534.0,1087.0,706.0,42.0,2041.0,2041.0,470.0,236.0,1024.0,63.0
1.0,1489.0,1573.0,730.0,208.0,3526.0,3526.0,494.0,236.0,1573.0,0.0
1.0,124.0,1664.0,762.0,1011.0,3810.0,3810.0,526.0,236.0,1664.0,0.0
1.0,0.0,1198.0,781.0,2041.0,3591.0,3591.0,549.0,232.0,1198.0,0.0
1.0,314.0,183.0,777.0,3526.0,228.0,228.0,553.0,224.0,183.0,0.0
1.0,3657.0,0.0,765.0,3810.0,0.0,0.0,553.0,212.0,0.0,0.0
1.0,7467.0,230.0,756.0,3591.0,0.0,0.0,553.0,203.0,0.0,230.0
1.0,10828.0,468.0,748.0,228.0,0.0,0.0,545.0,203.0,0.0,468.0
1.0,10588.0,705.0,742.0,0.0,0.0,0.0,527.0,215.0,0.0,705.0
1.0,9883.0,712.0,728.0,0.0,0.0,0.0,499.0,229.0,0.0,712.0
1.0,9171.0,957.0,716.0,0.0,0.0,0.0,478.0,238.0,477.0,480.0
1.0,8214.0,1040.0,713.0,0.0,0.0,0.0,475.0,238.0,1025.0,15.0
1.0,7174.0,1578.0,738.0,0.0,0.0,0.0,500.0,238.0,1578.0,0.0
1.0,5596.0,1643.0,770.0,0.0,0.0,0.0,532.0,238.0,1643.0,0.0
1.0,3953.0,1173.0,790.0,0.0,1170.0,1170.0,555.0,235.0,1173.0,0.0
1.0,2780.0,135.0,784.0,0.0,1275.0,1275.0,557.0,227.0,135.0,0.0
1.0,2645.0,0.0,772.0,0.0,1215.0,1215.0,557.0,215.0,0.0,0.0
1.0,2645.0,208.0,763.0,1170.0,208.0,208.0,557.0,206.0,0.0,208.0
1.0,3607.0,438.0,757.0,1275.0,0.0,0.0,551.0,206.0,0.0,438.0
1.0,4444.0,665.0,752.0,1215.0,0.0,0.0,535.0,217.0,0.0,665.0
1.0,4994.0,688.0,739.0,208.0,0.0,0.0,509.0,230.0,0.0,688.0
1.0,4514.0,872.0,727.0,0.0,0.0,0.0,488.0,239.0,396.0,476.0
1.0,3642.0,957.0,722.0,0.0,925.0,925.0,482.0,240.0,921.0,36.0
1.0,2685.0,1449.0,743.0,0.0,2479.0,2479.0,503.0,240.0,1449.0,0.0
1.0,1236.0,1574.0,774.0,0.0,3870.0,3870.0,534.0,240.0,1574.0,0.0
1.0,0.0,1177.0,793.0,925.0,3965.0,3965.0,556.0,237.0,1177.0,0.0
1.0,0.0,251.0,791.0,2479.0,2317.0,2317.0,561.0,230.0,251.0,0.0
1.0,1638.0,0.0,780.0,3870.0,0.0,0.0,561.0,219.0,0.0,0.0
1.0,5508.0,178.0,771.0,3965.0,0.0,0.0,561.0,210.0,0.0,178.0
1.0,9295.0,401.0,764.0,2317.0,0.0,0.0,556.0,208.0,0.0,401.0
1.0,11211.0,629.0,759.0,0.0,0.0,0.0,541.0,218.0,0.0,629.0
1.0,10582.0,674.0,747.0,0.0,0.0,0.0,516.0,231.0,0.0,674.0
1.0,9908.0,877.0,736.0,0.0,0.0,0.0,495.0,241.0,381.0,496.0
1.0,9031.0,990.0,731.0,0.0,0.0,0.0,489.0,242.0,900.0,90.0
1.0,8041.0,1429.0,750.0,0.0,0.0,0.0,508.0,242.0,1429.0,0.0
1.0,6612.0,1576.0,780.0,0.0,0.0,0.0,538.0,242.0,1576.0,0.0
1.0,5036.0,1206.0,800.0,0.0,170.0,170.0,561.0,239.0,1206.0,0.0
1.0,3830.0,312.0,799.0,0.0,477.0,477.0,567.0,232.0,312.0,0.0
1.0,3518.0,0.0,787.0,0.0,417.0,417.0,567.0,220.0,0.0,0.0
1.0,3518.0,199.0,779.0,170.0,406.0,406.0,567.0,212.0,0.0,199.0
1.0,3489.0,434.0,770.0,477.0,318.0,318.0,560.0,210.0,0.0,434.0
1.0,3532.0,665.0,765.0,417.0,541.0,541.0,544.0,221.0,0.0,665.0
1.0,3284.0,700.0,751.0,406.0,765.0,765.0,517.0,234.0,0.0,700.0
1.0,2990.0,978.0,740.0,318.0,1370.0,1370.0,496.0,244.0,477.0,501.0
1.0,2330.0,1105.0,737.0,541.0,1919.0,1919.0,492.0,245.0,1033.0,72.0
1.0,1766.0,1586.0,761.0,765.0,2860.0,2860.0,516.0,245.0,1586.0,0.0
1.0,945.0,1666.0,793.0,1370.0,3316.0,3316.0,548.0,245.0,1666.0,0.0
1.0,649.0,1203.0,812.0,1919.0,2695.0,2695.0,571.0,241.0,1203.0,0.0
1.0,1365.0,176.0,807.0,2860.0,0.0,0.0,574.0,233.0,176.0,0.0
1.0,4049.0,4.0,794.0,3316.0,0.0,0.0,574.0,220.0,0.0,4.0
1.0,7361.0,247.0,785.0,2695.0,0.0,0.0,574.0,211.0,0.0,247.0
1.0,9809.0,497.0,776.0,0.0,0.0,0.0,565.0,211.0,0.0,497.0
1.0,9312.0,737.0,769.0,0.0,0.0,0.0,545.0,224.0,0.0,737.0
1.0,8575.0,737.0,753.0,0.0,0.0,0.0,515.0,238.0,0.0,737.0
1.0,7838.0,1054.0,741.0,0.0,0.0,0.0,494.0,247.0,569.0,485.0
1.0,6784.0,1151.0,740.0,0.0,0.0,0.0,493.0,247.0,1151.0,0.0
1.0,5633.0,1731.0,770.0,0.0,0.0,0.0,523.0,247.0,1731.0,0.0
1.0,3902.0,1739.0,803.0,0.0,1852.0,1852.0,556.0,247.0,1739.0,0.0
1.0,2163.0,1163.0,822.0,0.0,3110.0,3110.0,579.0,243.0,1163.0,0.0
1.0,1000.0,16.0,813.0,0.0,3081.0,3081.0,579.0,234.0,16.0,0.0
1.0,984.0,18.0,800.0,1852.0,1182.0,1182.0,579.0,221.0,0.0,18.0
1.0,2818.0,265.0,791.0,3110.0,0.0,0.0,579.0,212.0,0.0,265.0
1.0,5663.0,516.0,783.0,3081.0,0.0,0.0,570.0,213.0,0.0,516.0
1.0,8228.0,746.0,777.0,1182.0,0.0,0.0,550.0,227.0,0.0,746.0
1.0,8664.0,725.0,761.0,0.0,0.0,0.0,520.0,241.0,0.0,725.0
1.0,7939.0,1011.0,749.0,0.0,0.0,0.0,499.0,250.0,558.0,453.0
1.0,6928.0,1126.0,748.0,0.0,0.0,0.0,498.0,250.0,1126.0,0.0
1.0,5802.0,1701.0,778.0,0.0,0.0,0.0,528.0,250.0,1701.0,0.0
1.0,4101.0,1709.0,811.0,0.0,1663.0,1663.0,561.0,250.0,1709.0,0.0
1.0,2392.0,1151.0,829.0,0.0,2904.0,2904.0,583.0,246.0,1151.0,0.0
1.0,1241.0,10.0,820.0,0.0,2869.0,2869.0,583.0,237.0,10.0,0.0
1.0,1231.0,0.0,807.0,1663.0,1141.0,1141.0,583.0,224.0,0.0,0.0
1.0,2894.0,225.0,799.0,2904.0,0.0,0.0,583.0,216.0,0.0,225.0
1.0,5573.0,460.0,791.0,2869.0,0.0,0.0,576.0,215.0,0.0,460.0
1.0,7982.0,696.0,786.0,1141.0,0.0,0.0,558.0,228.0,0.0,696.0
1.0,8427.0,707.0,771.0,0.0,0.0,0.0,530.0,241.0,0.0,707.0
1.0,7720.0,948.0,760.0,0.0,0.0,0.0,509.0,251.0,462.0,486.0
1.0,6772.0,1037.0,757.0,0.0,0.0,0.0,506.0,251.0,1013.0,24.0
1.0,5735.0,1563.0,782.0,0.0,0.0,0.0,531.0,251.0,1563.0,0.0
1.0,4172.0,1646.0,814.0,0.0,1544.0,1544.0,563.0,251.0,1646.0,0.0
1.0,2526.0,1176.0,833.0,0.0,2815.0,2815.0,585.0,248.0,1176.0,0.0
1.0,1350.0,154.0,828.0,0.0,2944.0,2944.0,588.0,240.0,154.0,0.0
1.0,1196.0,0.0,816.0,1544.0,1340.0,1340.0,588.0,228.0,0.0,0.0
1.0,2740.0,210.0,807.0,2815.0,0.0,0.0,588.0,219.0,0.0,210.0
1.0,5345.0,444.0,799.0,2944.0,0.0,0.0,581.0,218.0,0.0,444.0
1.0,7845.0,678.0,793.0,1340.0,0.0,0.0,564.0,229.0,0.0,678.0
1.0,8507.0,708.0,779.0,0.0,0.0,0.0,536.0,243.0,0.0,708.0
1.0,7799.0,972.0,768.0,0.0,0.0,0.0,515.0,253.0,472.0,500.0
1.0,6827.0,1088.0,765.0,0.0,0.0,0.0,511.0,254.0,1029.0,59.0
1.0,5739.0,1582.0,790.0,0.0,0.0,0.0,536.0,254.0,1582.0,0.0
1.0,4157.0,1671.0,822.0,0.0,1624.0,1624.0,568.0,254.0,1671.0,0.0
1.0,2486.0,1203.0,841.0,0.0,2922.0,2922.0,591.0,250.0,1203.0,0.0
1.0,1283.0,196.0,837.0,0.0,3098.0,3098.0,595.0,242.0,196.0,0.0
1.0,1087.0,2.0,824.0,1624.0,1411.0,1411.0,595.0,229.0,0.0,2.0
1.0,2709.0,247.0,815.0,2922.0,0.0,0.0,595.0,220.0,0.0,247.0
1.0,5384.0,492.0,806.0,3098.0,0.0,0.0,586.0,220.0,0.0,492.0
1.0,7990.0,743.0,799.0,1411.0,0.0,0.0,566.0,233.0,0.0,743.0
1.0,8658.0,761.0,783.0,0.0,0.0,0.0,536.0,247.0,15.0,746.0
1.0,7897.0,1112.0,772.0,0.0,0.0,0.0,515.0,257.0,607.0,505.0
1.0,6785.0,1205.0,772.0,0.0,0.0,0.0,515.0,257.0,1192.0,13.0
1.0,5580.0,1772.0,803.0,0.0,207.0,207.0,546.0,257.0,1772.0,0.0
1.0,3808.0,1758.0,837.0,0.0,2135.0,2135.0,580.0,257.0,1758.0,0.0
1.0,2050.0,1165.0,854.0,0.0,3385.0,3385.0,602.0,252.0,1165.0,0.0
1.0,885.0,0.0,845.0,207.0,3133.0,3133.0,602.0,243.0,0.0,0.0
1.0,1092.0,33.0,831.0,2135.0,961.0,961.0,602.0,229.0,0.0,33.0
1.0,3194.0,290.0,823.0,3385.0,0.0,0.0,602.0,221.0,0.0,290.0
1.0,6289.0,547.0,813.0,3133.0,0.0,0.0,591.0,222.0,0.0,547.0
1.0,8875.0,772.0,806.0,961.0,0.0,0.0,569.0,237.0,0.0,772.0
1.0,9064.0,825.0,788.0,0.0,0.0,0.0,537.0,251.0,85.0,740.0
1.0,8239.0,1146.0,777.0,0.0,0.0,0.0,517.0,260.0,689.0,457.0
1.0,7093.0,1296.0,780.0,0.0,0.0,0.0,520.0,260.0,1296.0,0.0
1.0,5797.0,1814.0,814.0,0.0,87.0,87.0,554.0,260.0,1814.0,0.0
1.0,3983.0,1731.0,846.0,0.0,1978.0,1978.0,587.0,259.0,1731.0,0.0
1.0,2252.0,1034.0,861.0,0.0,3087.0,3087.0,607.0,254.0,1034.0,0.0
1.0,1218.0,0.0,851.0,87.0,2950.0,2950.0,607.0,244.0,0.0,0.0
1.0,1305.0,38.0,838.0,1978.0,945.0,945.0,607.0,231.0,0.0,38.0
1.0,3245.0,294.0,829.0,3087.0,0.0,0.0,607.0,222.0,0.0,294.0
1.0,6038.0,548.0,821.0,2950.0,0.0,0.0,597.0,224.0,0.0,548.0
1.0,8440.0,763.0,814.0,945.0,0.0,0.0,575.0,239.0,0.0,763.0
1.0,8622.0,763.0,796.0,0.0,0.0,0.0,543.0,253.0,37.0,726.0
1.0,7859.0,1056.0,783.0,0.0,0.0,0.0,522.0,261.0,626.0,430.0
1.0,6803.0,1211.0,784.0,0.0,0.0,0.0,523.0,261.0,1211.0,0.0
1.0,5592.0,1756.0,818.0,0.0,254.0,254.0,557.0,261.0,1756.0,0.0
1.0,3836.0,1714.0,851.0,0.0,2133.0,2133.0,590.0,261.0,1714.0,0.0
1.0,2122.0,1082.0,868.0,0.0,3300.0,3300.0,611.0,257.0,1082.0,0.0
1.0,1040.0,0.0,859.0,254.0,3001.0,3001.0,611.0,248.0,0.0,0.0
1.0,1294.0,4.0,846.0,2133.0,807.0,807.0,611.0,235.0,0.0,4.0
1.0,3423.0,249.0,837.0,3300.0,0.0,0.0,611.0,226.0,0.0,249.0
1.0,6474.0,493.0,828.0,3001.0,0.0,0.0,602.0,226.0,0.0,493.0
1.0,8982.0,734.0,822.0,807.0,0.0,0.0,582.0,240.0,0.0,734.0
1.0,9055.0,734.0,806.0,0.0,0.0,0.0,552.0,254.0,0.0,734.0
1.0,8321.0,1035.0,794.0,0.0,0.0,0.0,531.0,263.0,550.0,485.0
1.0,7286.0,1128.0,793.0,0.0,0.0,0.0,530.0,263.0,1128.0,0.0
1.0,6158.0,1695.0,823.0,0.0,0.0,0.0,560.0,263.0,1695.0,0.0
1.0,4463.0,1717.0,856.0,0.0,1534.0,1534.0,593.0,263.0,1717.0,0.0
1.0,2746.0,1156.0,874.0,0.0,2780.0,2780.0,615.0,259.0,1156.0,0.0
1.0,1590.0,35.0,867.0,0.0,2780.0,2780.0,616.0,251.0,35.0,0.0
1.0,1555.0,0.0,854.0,1534.0,1181.0,1181.0,616.0,238.0,0.0,0.0
1.0,3089.0,246.0,845.0,2780.0,0.0,0.0,616.0,229.0,0.0,246.0
1.0,5623.0,492.0,835.0,2780.0,0.0,0.0,607.0,228.0,0.0,492.0
1.0,7911.0,744.0,829.0,1181.0,0.0,0.0,587.0,242.0,0.0,744.0
1.0,8348.0,755.0,813.0,0.0,0.0,0.0,557.0,256.0,10.0,745.0
1.0,7593.0,1095.0,802.0,0.0,0.0,0.0,536.0,266.0,594.0,501.0
1.0,6498.0,1182.0,801.0,0.0,0.0,0.0,535.0,266.0,1176.0,6.0
1.0,5316.0,1754.0,831.0,0.0,593.0,593.0,565.0,266.0,1754.0,0.0
1.0,3562.0,1756.0,865.0,0.0,2519.0,2519.0,599.0,266.0,1756.0,0.0
1.0,1806.0,1172.0,883.0,0.0,3781.0,3781.0,622.0,261.0,1172.0,0.0
1.0,634.0,20.0,874.0,593.0,3163.0,3163.0,622.0,252.0,20.0,0.0
1.0,1207.0,32.0,860.0,2519.0,606.0,606.0,622.0,238.0,0.0,32.0
1.0,3694.0,291.0,851.0,3781.0,0.0,0.0,622.0,229.0,0.0,291.0
1.0,7184.0,550.0,840.0,3163.0,0.0,0.0,610.0,230.0,0.0,550.0
1.0,9797.0,785.0,832.0,606.0,0.0,0.0,587.0,245.0,0.0,785.0
1.0,9618.0,876.0,814.0,0.0,0.0,0.0,555.0,259.0,119.0,757.0
1.0,8742.0,1203.0,804.0,0.0,0.0,0.0,536.0,268.0,733.0,470.0
1.0,7539.0,1358.0,807.0,0.0,0.0,0.0,539.0,268.0,1358.0,0.0
1.0,6181.0,1858.0,843.0,0.0,0.0,0.0,575.0,268.0,1858.0,0.0
1.0,4323.0,1744.0,877.0,0.0,1806.0,1806.0,609.0,268.0,1744.0,0.0
1.0,2579.0,1016.0,890.0,0.0,2887.0,2887.0,628.0,262.0,1016.0,0.0
1.0,1563.0,0.0,880.0,0.0,2837.0,2837.0,628.0,252.0,0.0,0.0
1.0,1563.0,62.0,866.0,1806.0,1023.0,1023.0,628.0,238.0,0.0,62.0
1.0,3307.0,330.0,857.0,2887.0,0.0,0.0,627.0,230.0,0.0,330.0
1.0,5864.0,603.0,846.0,2837.0,0.0,0.0,613.0,233.0,0.0,603.0
1.0,8098.0,812.0,837.0,1023.0,0.0,0.0,588.0,249.0,0.0,812.0
1.0,8309.0,922.0,820.0,0.0,0.0,0.0,557.0,263.0,172.0,750.0
1.0,7387.0,1212.0,810.0,0.0,0.0,0.0,539.0,271.0,797.0,415.0
1.0,6175.0,1428.0,817.0,0.0,0.0,0.0,546.0,271.0,1428.0,0.0
1.0,4747.0,1880.0,854.0,0.0,1403.0,1403.0,583.0,271.0,1880.0,0.0
1.0,2867.0,1711.0,885.0,0.0,3269.0,3269.0,615.0,270.0,1711.0,0.0
1.0,1156.0,899.0,898.0,0.0,4233.0,4233.0,633.0,265.0,899.0,0.0
1.0,257.0,0.0,887.0,1403.0,2775.0,2775.0,633.0,254.0,0.0,0.0
1.0,1660.0,39.0,873.0,3269.0,0.0,0.0,633.0,240.0,0.0,39.0
1.0,4890.0,307.0,864.0,4233.0,0.0,0.0,632.0,232.0,0.0,307.0
1.0,8816.0,571.0,855.0,2775.0,0.0,0.0,620.0,235.0,0.0,571.0
1.0,11020.0,795.0,847.0,0.0,0.0,0.0,597.0,250.0,0.0,795.0
1.0,10225.0,866.0,829.0,0.0,0.0,0.0,565.0,264.0,116.0,750.0
1.0,9359.0,1171.0,819.0,0.0,0.0,0.0,546.0,273.0,727.0,444.0
1.0,8188.0,1331.0,824.0,0.0,0.0,0.0,551.0,273.0,1331.0,0.0
1.0,6857.0,1816.0,859.0,0.0,0.0,0.0,586.0,273.0,1816.0,0.0
1.0,5041.0,1687.0,891.0,0.0,1101.0,1101.0,618.0,273.0,1687.0,0.0
1.0,3354.0,951.0,905.0,0.0,2122.0,2122.0,637.0,268.0,951.0,0.0
1.0,2403.0,0.0,896.0,0.0,2077.0,2077.0,637.0,259.0,0.0,0.0
1.0,2403.0,0.0,882.0,1101.0,906.0,906.0,637.0,245.0,0.0,0.0
1.0,3504.0,251.0,872.0,2122.0,0.0,0.0,637.0,235.0,0.0,251.0
1.0,5375.0,505.0,862.0,2077.0,0.0,0.0,626.0,236.0,0.0,505.0
1.0,6947.0,759.0,854.0,906.0,0.0,0.0,604.0,250.0,0.0,759.0
1.0,7094.0,837.0,838.0,0.0,0.0,0.0,573.0,265.0,75.0,762.0
1.0,6257.0,1189.0,828.0,0.0,0.0,0.0,553.0,275.0,673.0,516.0
1.0,5068.0,1284.0,830.0,0.0,366.0,366.0,555.0,275.0,1271.0,13.0
1.0,3784.0,1795.0,864.0,0.0,2331.0,2331.0,589.0,275.0,1795.0,0.0
1.0,1989.0,1719.0,897.0,0.0,4215.0,4215.0,622.0,275.0,1719.0,0.0
1.0,270.0,1049.0,912.0,366.0,4560.0,4560.0,642.0,270.0,1049.0,0.0
1.0,0.0,0.0,903.0,2331.0,2597.0,2597.0,642.0,261.0,0.0,0.0
1.0,1918.0,3.0,889.0,4215.0,0.0,0.0,642.0,247.0,0.0,3.0
1.0,6130.0,262.0,879.0,4560.0,0.0,0.0,642.0,237.0,0.0,262.0
1.0,10428.0,521.0,869.0,2597.0,0.0,0.0,631.0,238.0,0.0,521.0
1.0,12504.0,785.0,861.0,0.0,0.0,0.0,608.0,253.0,0.0,785.0
1.0,11719.0,901.0,845.0,0.0,0.0,0.0,577.0,268.0,117.0,784.0
1.0,10818.0,1268.0,835.0,0.0,0.0,0.0,557.0,278.0,740.0,528.0
1.0,9550.0,1374.0,839.0,0.0,0.0,0.0,561.0,278.0,1365.0,9.0
1.0,8176.0,1870.0,874.0,0.0,0.0,0.0,596.0,278.0,1870.0,0.0
1.0,6306.0,1756.0,907.0,0.0,0.0,0.0,630.0,277.0,1756.0,0.0
1.0,4550.0,1024.0,922.0,0.0,1084.0,1084.0,650.0,272.0,1024.0,0.0
1.0,3526.0,0.0,911.0,0.0,1029.0,1029.0,650.0,261.0,0.0,0.0
1.0,3526.0,39.0,897.0,0.0,998.0,998.0,650.0,247.0,0.0,39.0
1.0,3487.0,311.0,886.0,1084.0,170.0,170.0,648.0,238.0,0.0,311.0
1.0,4260.0,590.0,875.0,1029.0,0.0,0.0,634.0,241.0,0.0,590.0
1.0,4699.0,826.0,864.0,998.0,0.0,0.0,607.0,257.0,0.0,826.0
1.0,4871.0,1006.0,848.0,170.0,205.0,205.0,576.0,272.0,215.0,791.0
1.0,4035.0,1333.0,840.0,0.0,1498.0,1498.0,559.0,281.0,857.0,476.0
1.0,2702.0,1510.0,849.0,0.0,3053.0,3053.0,568.0,281.0,1510.0,0.0
1.0,1192.0,1947.0,887.0,205.0,4435.0,4435.0,606.0,281.0,1947.0,0.0
1.0,0.0,1745.0,919.0,1498.0,4595.0,4595.0,639.0,280.0,1745.0,0.0
1.0,0.0,888.0,929.0,3053.0,3277.0,3277.0,656.0,273.0,888.0,0.0
1.0,1368.0,147.0,921.0,4435.0,0.0,0.0,659.0,262.0,147.0,0.0
1.0,5656.0,62.0,906.0,4595.0,0.0,0.0,659.0,247.0,0.0,62.0
1.0,10189.0,347.0,896.0,3277.0,0.0,0.0,656.0,240.0,0.0,347.0
1.0,13119.0,624.0,885.0,0.0,0.0,0.0,641.0,244.0,0.0,624.0
1.0,12495.0,841.0,873.0,0.0,0.0,0.0,613.0,260.0,0.0,841.0
1.0,11654.0,843.0,853.0,0.0,0.0,0.0,578.0,275.0,73.0,770.0
1.0,10811.0,1143.0,842.0,0.0,0.0,0.0,559.0,283.0,720.0,423.0
1.0,9668.0,1370.0,851.0,0.0,0.0,0.0,568.0,283.0,1370.0,0.0
1.0,8298.0,1939.0,889.0,0.0,0.0,0.0,606.0,283.0,1939.0,0.0
1.0,6359.0,1863.0,923.0,0.0,119.0,119.0,641.0,282.0,1863.0,0.0
1.0,4496.0,1126.0,939.0,0.0,1325.0,1325.0,663.0,276.0,1126.0,0.0
1.0,3370.0,0.0,928.0,0.0,1270.0,1270.0,663.0,265.0,0.0,0.0
1.0,3370.0,31.0,913.0,119.0,1107.0,1107.0,663.0,250.0,0.0,31.0
1.0,3458.0,308.0,903.0,1325.0,40.0,40.0,661.0,242.0,0.0,308.0
1.0,4475.0,577.0,891.0,1270.0,0.0,0.0,647.0,244.0,0.0,577.0
1.0,5168.0,814.0,881.0,1107.0,0.0,0.0,621.0,260.0,0.0,814.0
1.0,5461.0,776.0,861.0,40.0,0.0,0.0,586.0,275.0,0.0,776.0
1.0,4725.0,1085.0,850.0,0.0,610.0,610.0,566.0,284.0,618.0,467.0
1.0,3640.0,1247.0,856.0,0.0,1887.0,1887.0,572.0,284.0,1247.0,0.0
1.0,2393.0,1867.0,891.0,0.0,3929.0,3929.0,607.0,284.0,1867.0,0.0
1.0,526.0,1866.0,927.0,610.0,4635.0,4635.0,643.0,284.0,1866.0,0.0
1.0,0.0,1241.0,946.0,1887.0,4730.0,4730.0,667.0,279.0,1241.0,0.0
1.0,0.0,0.0,937.0,3929.0,840.0,840.0,667.0,270.0,0.0,0.0
1.0,3845.0,10.0,922.0,4635.0,0.0,0.0,667.0,255.0,0.0,10.0
1.0,8470.0,276.0,912.0,4730.0,0.0,0.0,666.0,246.0,0.0,276.0
1.0,12924.0,540.0,899.0,840.0,0.0,0.0,653.0,246.0,0.0,540.0
1.0,13224.0,794.0,889.0,0.0,0.0,0.0,628.0,261.0,0.0,794.0
1.0,12430.0,783.0,870.0,0.0,0.0,0.0,594.0,276.0,0.0,783.0
1.0,11647.0,1118.0,858.0,0.0,0.0,0.0,572.0,286.0,604.0,514.0
1.0,10529.0,1234.0,862.0,0.0,0.0,0.0,576.0,286.0,1234.0,0.0
1.0,9295.0,1856.0,898.0,0.0,0.0,0.0,612.0,286.0,1856.0,0.0
1.0,7439.0,1882.0,934.0,0.0,0.0,0.0,648.0,286.0,1882.0,0.0
1.0,5557.0,1275.0,953.0,0.0,483.0,483.0,672.0,281.0,1275.0,0.0
1.0,4282.0,52.0,944.0,0.0,490.0,490.0,673.0,271.0,52.0,0.0
1.0,4230.0,41.0,930.0,0.0,461.0,461.0,673.0,257.0,0.0,41.0
1.0,4189.0,315.0,919.0,483.0,238.0,238.0,671.0,248.0,0.0,315.0
1.0,4357.0,588.0,906.0,490.0,271.0,271.0,657.0,249.0,0.0,588.0
1.0,4259.0,822.0,896.0,461.0,582.0,582.0,631.0,265.0,0.0,822.0
1.0,3898.0,841.0,876.0,238.0,1085.0,1085.0,596.0,280.0,52.0,789.0
1.0,3295.0,1181.0,864.0,271.0,1935.0,1935.0,575.0,289.0,702.0,479.0
1.0,2385.0,1359.0,871.0,582.0,2747.0,2747.0,582.0,289.0,1359.0,0.0
1.0,1608.0,1966.0,909.0,1085.0,3818.0,3818.0,620.0,289.0,1966.0,0.0
1.0,727.0,1923.0,945.0,1935.0,3986.0,3986.0,657.0,288.0,1923.0,0.0
1.0,739.0,1224.0,962.0,2747.0,2548.0,2548.0,680.0,282.0,1224.0,0.0
1.0,2262.0,0.0,951.0,3818.0,0.0,0.0,680.0,271.0,0.0,0.0
1.0,6080.0,89.0,937.0,3986.0,0.0,0.0,680.0,257.0,0.0,89.0
1.0,9977.0,375.0,925.0,2548.0,0.0,0.0,676.0,249.0,0.0,375.0
1.0,12150.0,669.0,912.0,0.0,0.0,0.0,660.0,252.0,0.0,669.0
1.0,11481.0,867.0,899.0,0.0,0.0,0.0,630.0,269.0,0.0,867.0
1.0,10614.0,916.0,880.0,0.0,0.0,0.0,596.0,284.0,137.0,779.0
1.0,9698.0,1210.0,870.0,0.0,0.0,0.0,578.0,292.0,811.0,399.0
1.0,8488.0,1490.0,881.0,0.0,0.0,0.0,589.0,292.0,1490.0,0.0
1.0,6998.0,2030.0,918.0,0.0,0.0,0.0,626.0,292.0,2030.0,0.0
1.0,4968.0,1900.0,953.0,0.0,1697.0,1697.0,662.0,291.0,1900.0,0.0
1.0,3068.0,1089.0,967.0,0.0,2856.0,2856.0,683.0,284.0,1089.0,0.0
1.0,1979.0,0.0,955.0,0.0,2796.0,2796.0,683.0,272.0,0.0,0.0
1.0,1979.0,98.0,941.0,1697.0,1127.0,1127.0,683.0,258.0,0.0,98.0
1.0,3578.0,391.0,932.0,2856.0,0.0,0.0,682.0,250.0,0.0,391.0
1.0,6043.0,679.0,923.0,2796.0,0.0,0.0,668.0,255.0,0.0,679.0
1.0,8160.0,866.0,913.0,1127.0,0.0,0.0,641.0,272.0,0.0,866.0
1.0,8421.0,873.0,892.0,0.0,0.0,0.0,606.0,286.0,112.0,761.0
1.0,7548.0,1146.0,879.0,0.0,0.0,0.0,585.0,294.0,780.0,366.0
1.0,6402.0,1442.0,886.0,0.0,0.0,0.0,592.0,294.0,1442.0,0.0
1.0,4960.0,1994.0,924.0,0.0,1654.0,1654.0,630.0,294.0,1994.0,0.0
1.0,2966.0,1872.0,959.0,0.0,3701.0,3701.0,666.0,293.0,1872.0,0.0
1.0,1094.0,1091.0,974.0,0.0,4867.0,4867.0,687.0,287.0,1091.0,0.0
1.0,3.0,0.0,963.0,1654.0,3158.0,3158.0,687.0,276.0,0.0,0.0
1.0,1657.0,71.0,949.0,3701.0,0.0,0.0,687.0,262.0,0.0,71.0
1.0,5287.0,347.0,940.0,4867.0,0.0,0.0,687.0,253.0,0.0,347.0
1.0,9807.0,626.0,931.0,3158.0,0.0,0.0,675.0,256.0,0.0,626.0
1.0,12339.0,831.0,923.0,0.0,0.0,0.0,651.0,272.0,0.0,831.0
1.0,11508.0,788.0,903.0,0.0,0.0,0.0,616.0,287.0,29.0,759.0
1.0,10720.0,1088.0,888.0,0.0,0.0,0.0,593.0,295.0,679.0,409.0
1.0,9632.0,1320.0,889.0,0.0,0.0,0.0,594.0,295.0,1320.0,0.0
1.0,8312.0,1936.0,927.0,0.0,0.0,0.0,632.0,295.0,1936.0,0.0
1.0,6376.0,1898.0,963.0,0.0,337.0,337.0,668.0,295.0,1898.0,0.0
1.0,4478.0,1222.0,981.0,0.0,1649.0,1649.0,692.0,289.0,1222.0,0.0
1.0,3256.0,0.0,971.0,0.0,1599.0,1599.0,692.0,279.0,0.0,0.0
1.0,3256.0,65.0,957.0,337.0,1257.0,1257.0,692.0,265.0,0.0,65.0
1.0,3528.0,340.0,948.0,1649.0,0.0,0.0,692.0,256.0,0.0,340.0
1.0,4837.0,616.0,938.0,1599.0,0.0,0.0,680.0,258.0,0.0,616.0
1.0,5820.0,826.0,930.0,1257.0,0.0,0.0,656.0,274.0,0.0,826.0
1.0,6251.0,790.0,910.0,0.0,0.0,0.0,621.0,289.0,27.0,763.0
1.0,5461.0,1114.0,895.0,0.0,128.0,128.0,598.0,297.0,683.0,431.0
1.0,4347.0,1334.0,896.0,0.0,1467.0,1467.0,599.0,297.0,1334.0,0.0
1.0,3013.0,1966.0,933.0,0.0,3618.0,3618.0,636.0,297.0,1966.0,0.0
1.0,1047.0,1933.0,969.0,128.0,4845.0,4845.0,673.0,296.0,1933.0,0.0
1.0,0.0,1260.0,987.0,1467.0,4935.0,4935.0,697.0,290.0,1260.0,0.0
1.0,0.0,0.0,976.0,3618.0,1813.0,1813.0,697.0,279.0,0.0,0.0
1.0,3067.0,107.0,962.0,4845.0,0.0,0.0,697.0,265.0,0.0,107.0
1.0,7805.0,393.0,954.0,4935.0,0.0,0.0,696.0,258.0,0.0,393.0
1.0,12347.0,682.0,945.0,1813.0,0.0,0.0,683.0,262.0,0.0,682.0
1.0,13478.0,867.0,935.0,0.0,0.0,0.0,657.0,278.0,0.0,867.0
1.0,12611.0,920.0,915.0,0.0,0.0,0.0,622.0,293.0,154.0,766.0
1.0,11691.0,1225.0,901.0,0.0,0.0,0.0,601.0,300.0,843.0,382.0
1.0,10466.0,1527.0,907.0,0.0,0.0,0.0,607.0,300.0,1527.0,0.0
1.0,8939.0,2066.0,947.0,0.0,0.0,0.0,647.0,300.0,2066.0,0.0
1.0,6873.0,1917.0,983.0,0.0,0.0,0.0,684.0,299.0,1917.0,0.0
1.0,4956.0,1088.0,995.0,0.0,1107.0,1107.0,704.0,291.0,1088.0,0.0
1.0,3868.0,0.0,983.0,0.0,1047.0,1047.0,704.0,279.0,0.0,0.0
1.0,3868.0,150.0,969.0,0.0,1127.0,1127.0,704.0,265.0,0.0,150.0
1.0,3718.0,449.0,960.0,1107.0,424.0,424.0,702.0,258.0,0.0,449.0
1.0,4376.0,749.0,951.0,1047.0,81.0,81.0,686.0,265.0,0.0,749.0
1.0,4674.0,903.0,941.0,1127.0,0.0,0.0,658.0,283.0,0.0,903.0
1.0,4898.0,963.0,920.0,424.0,241.0,241.0,623.0,297.0,210.0,753.0
1.0,4359.0,1213.0,907.0,81.0,1308.0,1308.0,604.0,303.0,911.0,302.0
1.0,3227.0,1611.0,917.0,0.0,2969.0,2969.0,614.0,303.0,1611.0,0.0
1.0,1616.0,2106.0,957.0,241.0,4785.0,4785.0,654.0,303.0,2106.0,0.0
1.0,0.0,1891.0,991.0,1308.0,4955.0,4955.0,690.0,301.0,1891.0,0.0
1.0,0.0,982.0,1002.0,2969.0,3855.0,3855.0,709.0,293.0,982.0,0.0
1.0,1155.0,0.0,989.0,4785.0,0.0,0.0,709.0,280.0,0.0,0.0
1.0,5940.0,141.0,975.0,4955.0,0.0,0.0,709.0,266.0,0.0,141.0
1.0,10754.0,437.0,967.0,3855.0,0.0,0.0,707.0,260.0,0.0,437.0
1.0,14172.0,732.0,959.0,0.0,0.0,0.0,692.0,267.0,0.0,732.0
1.0,13440.0,891.0,948.0,0.0,0.0,0.0,664.0,284.0,0.0,891.0
1.0,12549.0,903.0,928.0,0.0,0.0,0.0,629.0,299.0,157.0,746.0
1.0,11646.0,1144.0,914.0,0.0,0.0,0.0,609.0,305.0,838.0,306.0
1.0,10502.0,1517.0,922.0,0.0,0.0,0.0,617.0,305.0,1517.0,0.0
1.0,8985.0,2046.0,962.0,0.0,0.0,0.0,657.0,305.0,2046.0,0.0
1.0,6939.0,1885.0,996.0,0.0,0.0,0.0,693.0,303.0,1885.0,0.0
1.0,5054.0,1044.0,1010.0,0.0,1040.0,1040.0,713.0,297.0,1044.0,0.0
1.0,4010.0,0.0,998.0,0.0,980.0,980.0,713.0,285.0,0.0,0.0
1.0,4010.0,105.0,984.0,0.0,1015.0,1015.0,713.0,271.0,0.0,105.0
1.0,3905.0,397.0,977.0,1040.0,337.0,337.0,713.0,264.0,0.0,397.0
1.0,4548.0,684.0,968.0,980.0,0.0,0.0,699.0,269.0,0.0,684.0
1.0,4844.0,865.0,960.0,1015.0,0.0,0.0,674.0,286.0,0.0,865.0
1.0,4994.0,847.0,939.0,337.0,211.0,211.0,639.0,300.0,96.0,751.0
1.0,4484.0,1112.0,924.0,0.0,1248.0,1248.0,617.0,307.0,760.0,352.0
1.0,3372.0,1427.0,928.0,0.0,2695.0,2695.0,621.0,307.0,1427.0,0.0
1.0,1945.0,1996.0,966.0,211.0,4670.0,4670.0,659.0,307.0,1996.0,0.0
1.0,160.0,1906.0,1002.0,1248.0,5010.0,5010.0,696.0,306.0,1906.0,0.0
1.0,0.0,1146.0,1017.0,2695.0,4034.0,4034.0,718.0,299.0,1146.0,0.0
1.0,1051.0,0.0,1005.0,4670.0,0.0,0.0,718.0,287.0,0.0,0.0
1.0,5721.0,109.0,991.0,5010.0,0.0,0.0,718.0,273.0,0.0,109.0
1.0,10622.0,398.0,983.0,4034.0,0.0,0.0,717.0,266.0,0.0,398.0
1.0,14258.0,687.0,975.0,0.0,0.0,0.0,704.0,271.0,0.0,687.0
1.0,13571.0,868.0,967.0,0.0,0.0,0.0,679.0,288.0,0.0,868.0
1.0,12703.0,924.0,947.0,0.0,0.0,0.0,644.0,303.0,158.0,766.0
1.0,11779.0,1223.0,933.0,0.0,0.0,0.0,623.0,310.0,850.0,373.0
1.0,10556.0,1531.0,938.0,0.0,0.0,0.0,628.0,310.0,1531.0,0.0
1.0,9025.0,2066.0,978.0,0.0,0.0,0.0,668.0,310.0,2066.0,0.0
1.0,6959.0,1910.0,1013.0,0.0,16.0,16.0,705.0,308.0,1910.0,0.0
1.0,5049.0,1078.0,1025.0,0.0,1154.0,1154.0,725.0,300.0,1078.0,0.0
1.0,3971.0,0.0,1012.0,0.0,1089.0,1089.0,725.0,287.0,0.0,0.0
1.0,3971.0,153.0,998.0,16.0,1156.0,1156.0,725.0,273.0,0.0,153.0
1.0,3834.0,455.0,989.0,1154.0,412.0,412.0,722.0,267.0,0.0,455.0
1.0,4533.0,757.0,981.0,1089.0,40.0,40.0,706.0,275.0,0.0,757.0
1.0,4865.0,912.0,969.0,1156.0,0.0,0.0,677.0,292.0,0.0,912.0
1.0,5109.0,1027.0,949.0,412.0,251.0,251.0,642.0,307.0,264.0,763.0
1.0,4494.0,1294.0,937.0,40.0,1445.0,1445.0,624.0,313.0,982.0,312.0
1.0,3240.0,1699.0,949.0,0.0,3204.0,3204.0,636.0,313.0,1699.0,0.0
1.0,1541.0,2159.0,990.0,251.0,4950.0,4950.0,677.0,313.0,2159.0,0.0
1.0,0.0,1896.0,1024.0,1445.0,5120.0,5120.0,714.0,310.0,1896.0,0.0
1.0,0.0,925.0,1033.0,3204.0,3704.0,3704.0,732.0,301.0,925.0,0.0
1.0,1461.0,0.0,1019.0,4950.0,0.0,0.0,732.0,287.0,0.0,0.0
1.0,6411.0,185.0,1005.0,5120.0,0.0,0.0,732.0,273.0,0.0,185.0
1.0,11346.0,496.0,996.0,3704.0,0.0,0.0,728.0,268.0,0.0,496.0
1.0,14554.0,812.0,988.0,0.0,0.0,0.0,710.0,278.0,0.0,812.0
1.0,13742.0,938.0,975.0,0.0,0.0,0.0,679.0,296.0,0.0,938.0
1.0,12804.0,1063.0,955.0,0.0,0.0,0.0,645.0,310.0,310.0,753.0
1.0,11741.0,1284.0,943.0,0.0,0.0,0.0,628.0,315.0,1033.0,251.0
1.0,10457.0,1757.0,958.0,0.0,0.0,0.0,643.0,315.0,1757.0,0.0
1.0,8700.0,2168.0,1000.0,0.0,0.0,0.0,685.0,315.0,2168.0,0.0
1.0,6532.0,1859.0,1033.0,0.0,492.0,492.0,720.0,313.0,1859.0,0.0
1.0,4673.0,821.0,1040.0,0.0,1348.0,1348.0,736.0,304.0,821.0,0.0
1.0,3852.0,0.0,1026.0,0.0,1278.0,1278.0,736.0,290.0,0.0,0.0
1.0,3852.0,164.0,1012.0,492.0,880.0,880.0,736.0,276.0,0.0,164.0
1.0,4180.0,468.0,1004.0,1348.0,0.0,0.0,733.0,271.0,0.0,468.0
1.0,5060.0,770.0,997.0,1278.0,0.0,0.0,717.0,280.0,0.0,770.0
1.0,5568.0,909.0,985.0,880.0,0.0,0.0,688.0,297.0,0.0,909.0
1.0,5539.0,986.0,964.0,0.0,267.0,267.0,653.0,311.0,243.0,743.0
1.0,4553.0,1223.0,952.0,0.0,1430.0,1430.0,635.0,317.0,946.0,277.0
1.0,3330.0,1642.0,964.0,0.0,3132.0,3132.0,647.0,317.0,1642.0,0.0
1.0,1688.0,2088.0,1004.0,267.0,5020.0,5020.0,687.0,317.0,2088.0,0.0
1.0,0.0,1837.0,1037.0,1430.0,5185.0,5185.0,722.0,315.0,1837.0,0.0
1.0,0.0,885.0,1046.0,3132.0,3523.0,3523.0,739.0,307.0,885.0,0.0
1.0,1707.0,0.0,1033.0,5020.0,0.0,0.0,739.0,294.0,0.0,0.0
1.0,6727.0,130.0,1019.0,5185.0,0.0,0.0,739.0,280.0,0.0,130.0
1.0,11782.0,427.0,1011.0,3523.0,0.0,0.0,737.0,274.0,0.0,427.0
1.0,14878.0,724.0,1004.0,0.0,0.0,0.0,723.0,281.0,0.0,724.0
1.0,14154.0,890.0,993.0,0.0,0.0,0.0,695.0,298.0,0.0,890.0
1.0,13264.0,1005.0,975.0,0.0,0.0,0.0,662.0,313.0,241.0,764.0
1.0,12259.0,1265.0,962.0,0.0,0.0,0.0,643.0,319.0,931.0,334.0
1.0,10994.0,1625.0,971.0,0.0,0.0,0.0,652.0,319.0,1625.0,0.0
1.0,9369.0,2083.0,1011.0,0.0,0.0,0.0,692.0,319.0,2083.0,0.0
1.0,7286.0,1847.0,1045.0,0.0,0.0,0.0,728.0,317.0,1847.0,0.0
1.0,5439.0,919.0,1054.0,0.0,750.0,750.0,745.0,309.0,919.0,0.0
1.0,4520.0,0.0,1041.0,0.0,685.0,685.0,745.0,296.0,0.0,0.0
1.0,4520.0,142.0,1027.0,0.0,757.0,757.0,745.0,282.0,0.0,142.0
1.0,4378.0,443.0,1018.0,750.0,405.0,405.0,742.0,276.0,0.0,443.0
1.0,4685.0,746.0,1009.0,685.0,421.0,421.0,726.0,283.0,0.0,746.0
1.0,4624.0,906.0,996.0,757.0,505.0,505.0,696.0,300.0,0.0,906.0
1.0,4475.0,1085.0,978.0,405.0,1095.0,1095.0,663.0,315.0,311.0,774.0
1.0,3795.0,1368.0,968.0,421.0,1992.0,1992.0,646.0,322.0,1033.0,335.0
1.0,2848.0,1752.0,981.0,505.0,3304.0,3304.0,659.0,322.0,1752.0,0.0
1.0,1601.0,2170.0,1022.0,1095.0,4584.0,4584.0,700.0,322.0,2170.0,0.0
1.0,526.0,1863.0,1055.0,1992.0,4620.0,4620.0,736.0,319.0,1863.0,0.0
1.0,655.0,845.0,1063.0,3304.0,2201.0,2201.0,753.0,310.0,845.0,0.0
1.0,3114.0,0.0,1049.0,4584.0,0.0,0.0,753.0,296.0,0.0,0.0
1.0,7698.0,197.0,1035.0,4620.0,0.0,0.0,753.0,282.0,0.0,197.0
1.0,12121.0,512.0,1025.0,2201.0,0.0,0.0,748.0,277.0,0.0,512.0
1.0,13810.0,827.0,1016.0,0.0,0.0,0.0,729.0,287.0,0.0,827.0
1.0,12983.0,953.0,1001.0,0.0,0.0,0.0,696.0,305.0,0.0,953.0
1.0,12030.0,1166.0,982.0,0.0,0.0,0.0,662.0,320.0,406.0,760.0
1.0,10864.0,1407.0,973.0,0.0,0.0,0.0,648.0,325.0,1155.0,252.0
1.0,9457.0,1903.0,992.0,0.0,0.0,0.0,667.0,325.0,1903.0,0.0
1.0,7554.0,2248.0,1035.0,0.0,0.0,0.0,710.0,325.0,2248.0,0.0
1.0,5306.0,1843.0,1066.0,0.0,1867.0,1867.0,745.0,321.0,1843.0,0.0
1.0,3463.0,691.0,1071.0,0.0,2583.0,2583.0,759.0,312.0,691.0,0.0
1.0,2772.0,0.0,1055.0,0.0,2503.0,2503.0,759.0,296.0,0.0,0.0
1.0,2772.0,215.0,1041.0,1867.0,781.0,781.0,759.0,282.0,0.0,215.0
1.0,4424.0,535.0,1031.0,2583.0,0.0,0.0,753.0,278.0,0.0,535.0
1.0,6472.0,858.0,1023.0,2503.0,0.0,0.0,733.0,290.0,0.0,858.0
1.0,8117.0,963.0,1007.0,781.0,0.0,0.0,699.0,308.0,0.0,963.0
1.0,7935.0,1138.0,987.0,0.0,0.0,0.0,665.0,322.0,392.0,746.0
1.0,6797.0,1347.0,977.0,0.0,0.0,0.0,651.0,326.0,1140.0,207.0
1.0,5450.0,1880.0,998.0,0.0,1420.0,1420.0,672.0,326.0,1880.0,0.0
1.0,3570.0,2235.0,1040.0,0.0,3865.0,3865.0,714.0,326.0,2235.0,0.0
1.0,1335.0,1830.0,1073.0,0.0,5365.0,5365.0,750.0,323.0,1830.0,0.0
1.0,0.0,685.0,1077.0,1420.0,5145.0,5145.0,763.0,314.0,685.0,0.0
1.0,240.0,0.0,1062.0,3865.0,1205.0,1205.0,763.0,299.0,0.0,0.0
1.0,4105.0,185.0,1048.0,5365.0,0.0,0.0,763.0,285.0,0.0,185.0
1.0,9285.0,495.0,1039.0,5145.0,0.0,0.0,758.0,281.0,0.0,495.0
1.0,13935.0,809.0,1031.0,1205.0,0.0,0.0,740.0,291.0,0.0,809.0
1.0,14331.0,931.0,1017.0,0.0,0.0,0.0,708.0,309.0,0.0,931.0
1.0,13400.0,1026.0,997.0,0.0,0.0,0.0,674.0,323.0,283.0,743.0
1.0,12374.0,1251.0,986.0,0.0,0.0,0.0,658.0,328.0,1008.0,243.0
1.0,11123.0,1723.0,1002.0,0.0,0.0,0.0,674.0,328.0,1723.0,0.0
1.0,9400.0,2155.0,1043.0,0.0,0.0,0.0,715.0,328.0,2155.0,0.0
1.0,7245.0,1858.0,1076.0,0.0,0.0,0.0,751.0,325.0,1858.0,0.0
1.0,5387.0,852.0,1084.0,0.0,885.0,885.0,767.0,317.0,852.0,0.0
1.0,4535.0,0.0,1070.0,0.0,815.0,815.0,767.0,303.0,0.0,0.0
1.0,4535.0,163.0,1056.0,0.0,908.0,908.0,767.0,289.0,0.0,163.0
1.0,4372.0,473.0,1047.0,885.0,451.0,451.0,763.0,284.0,0.0,473.0
1.0,4784.0,778.0,1037.0,815.0,364.0,364.0,745.0,292.0,0.0,778.0
1.0,4821.0,923.0,1024.0,908.0,314.0,314.0,714.0,310.0,0.0,923.0
1.0,4806.0,1045.0,1003.0,451.0,803.0,803.0,679.0,324.0,287.0,758.0
1.0,4212.0,1289.0,993.0,364.0,1678.0,1678.0,663.0,330.0,1002.0,287.0
1.0,3287.0,1726.0,1008.0,314.0,3165.0,3165.0,678.0,330.0,1726.0,0.0
1.0,1875.0,2161.0,1050.0,803.0,4733.0,4733.0,720.0,330.0,2161.0,0.0
1.0,517.0,1888.0,1083.0,1678.0,5108.0,5108.0,756.0,327.0,1888.0,0.0
1.0,307.0,887.0,1092.0,3165.0,2875.0,2875.0,773.0,319.0,887.0,0.0
1.0,2585.0,0.0,1077.0,4733.0,0.0,0.0,773.0,304.0,0.0,0.0
1.0,7318.0,188.0,1064.0,5108.0,0.0,0.0,773.0,291.0,0.0,188.0
1.0,12238.0,509.0,1052.0,2875.0,0.0,0.0,767.0,285.0,0.0,509.0
1.0,14604.0,825.0,1042.0,0.0,0.0,0.0,747.0,295.0,0.0,825.0
1.0,13779.0,954.0,1027.0,0.0,0.0,0.0,714.0,313.0,0.0,954.0
1.0,12825.0,1146.0,1007.0,0.0,0.0,0.0,679.0,328.0,382.0,764.0
1.0,11679.0,1388.0,998.0,0.0,0.0,0.0,665.0,333.0,1129.0,259.0
1.0,10291.0,1888.0,1018.0,0.0,0.0,0.0,685.0,333.0,1888.0,0.0
1.0,8403.0,2263.0,1062.0,0.0,0.0,0.0,729.0,333.0,2263.0,0.0
1.0,6140.0,1892.0,1094.0,0.0,1222.0,1222.0,765.0,329.0,1892.0,0.0
1.0,4248.0,770.0,1099.0,0.0,2017.0,2017.0,780.0,319.0,770.0,0.0
1.0,3478.0,0.0,1083.0,0.0,1937.0,1937.0,780.0,303.0,0.0,0.0
1.0,3478.0,247.0,1070.0,1222.0,897.0,897.0,780.0,290.0,0.0,247.0
1.0,4453.0,576.0,1058.0,2017.0,0.0,0.0,772.0,286.0,0.0,576.0
1.0,5894.0,903.0,1049.0,1937.0,0.0,0.0,750.0,299.0,0.0,903.0
1.0,6928.0,985.0,1031.0,897.0,0.0,0.0,713.0,318.0,0.0,985.0
1.0,6840.0,1200.0,1011.0,0.0,0.0,0.0,679.0,332.0,461.0,739.0
1.0,5640.0,1411.0,1002.0,0.0,781.0,781.0,667.0,335.0,1237.0,174.0
1.0,4229.0,2014.0,1028.0,0.0,2925.0,2925.0,693.0,335.0,2014.0,0.0
1.0,2215.0,2325.0,1073.0,0.0,5365.0,5365.0,738.0,335.0,2325.0,0.0
1.0,0.0,1866.0,1104.0,781.0,5520.0,5520.0,773.0,331.0,1866.0,0.0
1.0,0.0,621.0,1106.0,2925.0,4421.0,4421.0,785.0,321.0,621.0,0.0
1.0,1109.0,0.0,1089.0,5365.0,0.0,0.0,785.0,304.0,0.0,0.0
1.0,6474.0,264.0,1076.0,5520.0,0.0,0.0,785.0,291.0,0.0,264.0
1.0,11730.0,593.0,1066.0,4421.0,0.0,0.0,778.0,288.0,0.0,593.0
1.0,15558.0,922.0,1058.0,0.0,0.0,0.0,756.0,302.0,0.0,922.0
1.0,14636.0,984.0,1041.0,0.0,0.0,0.0,720.0,321.0,0.0,984.0
1.0,13652.0,1138.0,1019.0,0.0,0.0,0.0,685.0,334.0,421.0,717.0
1.0,12514.0,1302.0,1009.0,0.0,0.0,0.0,672.0,337.0,1178.0,124.0
1.0,11212.0,1941.0,1033.0,0.0,0.0,0.0,696.0,337.0,1941.0,0.0
1.0,9271.0,2274.0,1077.0,0.0,0.0,0.0,740.0,337.0,2274.0,0.0
1.0,6997.0,1854.0,1109.0,0.0,402.0,402.0,776.0,333.0,1854.0,0.0
1.0,5143.0,663.0,1113.0,0.0,1085.0,1085.0,789.0,324.0,663.0,0.0
1.0,4480.0,0.0,1097.0,0.0,1005.0,1005.0,789.0,308.0,0.0,0.0
1.0,4480.0,235.0,1084.0,402.0,773.0,773.0,789.0,295.0,0.0,235.0
1.0,4647.0,555.0,1074.0,1085.0,193.0,193.0,783.0,291.0,0.0,555.0
1.0,5177.0,873.0,1067.0,1005.0,26.0,26.0,764.0,303.0,0.0,873.0
1.0,5309.0,962.0,1053.0,773.0,145.0,145.0,731.0,322.0,0.0,962.0
1.0,5120.0,1076.0,1032.0,193.0,923.0,923.0,696.0,336.0,351.0,725.0
1.0,4237.0,1264.0,1020.0,26.0,2101.0,2101.0,681.0,339.0,1095.0,169.0
1.0,2999.0,1830.0,1039.0,145.0,3881.0,3881.0,700.0,339.0,1830.0,0.0
1.0,1314.0,2227.0,1082.0,923.0,5400.0,5400.0,743.0,339.0,2227.0,0.0
1.0,10.0,1867.0,1115.0,2101.0,5331.0,5331.0,779.0,336.0,1867.0,0.0
1.0,244.0,778.0,1121.0,3881.0,2258.0,2258.0,794.0,327.0,778.0,0.0
1.0,3347.0,0.0,1106.0,5400.0,0.0,0.0,794.0,312.0,0.0,0.0
1.0,8747.0,215.0,1092.0,5331.0,0.0,0.0,794.0,298.0,0.0,215.0
1.0,13863.0,532.0,1082.0,2258.0,0.0,0.0,788.0,294.0,0.0,532.0
1.0,15589.0,856.0,1074.0,0.0,0.0,0.0,769.0,305.0,0.0,856.0
1.0,14733.0,959.0,1059.0,0.0,0.0,0.0,736.0,323.0,0.0,959.0
1.0,13774.0,1111.0,1039.0,0.0,0.0,0.0,701.0,338.0,365.0,746.0
1.0,12663.0,1336.0,1029.0,0.0,0.0,0.0,687.0,342.0,1123.0,213.0
1.0,11327.0,1872.0,1048.0,0.0,0.0,0.0,706.0,342.0,1872.0,0.0
1.0,9455.0,2268.0,1091.0,0.0,0.0,0.0,749.0,342.0,2268.0,0.0
1.0,7187.0,1910.0,1124.0,0.0,343.0,343.0,786.0,338.0,1910.0,0.0
1.0,5277.0,799.0,1129.0,0.0,1167.0,1167.0,801.0,328.0,799.0,0.0
1.0,4478.0,0.0,1113.0,0.0,1087.0,1087.0,801.0,312.0,0.0,0.0
1.0,4478.0,257.0,1100.0,343.0,936.0,936.0,801.0,299.0,0.0,257.0
1.0,4564.0,587.0,1090.0,1167.0,306.0,306.0,794.0,296.0,0.0,587.0
1.0,5144.0,918.0,1080.0,1087.0,87.0,87.0,772.0,308.0,0.0,918.0
1.0,5313.0,995.0,1063.0,936.0,61.0,61.0,736.0,327.0,0.0,995.0
1.0,5254.0,1214.0,1043.0,306.0,869.0,869.0,701.0,342.0,471.0,743.0
1.0,4346.0,1417.0,1034.0,87.0,2154.0,2154.0,689.0,345.0,1252.0,165.0
1.0,3016.0,2042.0,1059.0,61.0,4260.0,4260.0,714.0,345.0,2042.0,0.0
1.0,1035.0,2363.0,1104.0,869.0,5520.0,5520.0,759.0,345.0,2363.0,0.0
1.0,0.0,1902.0,1136.0,2154.0,5680.0,5680.0,796.0,340.0,1902.0,0.0
1.0,0.0,655.0,1137.0,4260.0,2287.0,2287.0,808.0,329.0,655.0,0.0
1.0,3398.0,0.0,1120.0,5520.0,0.0,0.0,808.0,312.0,0.0,0.0
1.0,8918.0,299.0,1106.0,5680.0,0.0,0.0,808.0,298.0,0.0,299.0
1.0,14299.0,641.0,1096.0,2287.0,0.0,0.0,799.0,297.0,0.0,641.0
1.0,15945.0,981.0,1088.0,0.0,0.0,0.0,776.0,312.0,0.0,981.0
1.0,14964.0,1023.0,1069.0,0.0,0.0,0.0,737.0,332.0,0.0,1023.0
1.0,13941.0,1249.0,1048.0,0.0,0.0,0.0,702.0,346.0,520.0,729.0
1.0,12692.0,1411.0,1040.0,0.0,0.0,0.0,692.0,348.0,1322.0,89.0
1.0,11281.0,2115.0,1068.0,0.0,0.0,0.0,720.0,348.0,2115.0,0.0
1.0,9166.0,2395.0,1114.0,0.0,0.0,0.0,766.0,348.0,2395.0,0.0
1.0,6771.0,1869.0,1144.0,0.0,818.0,818.0,802.0,342.0,1869.0,0.0
1.0,4902.0,553.0,1144.0,0.0,1371.0,1371.0,813.0,331.0,553.0,0.0
1.0,4349.0,0.0,1126.0,0.0,1281.0,1281.0,813.0,313.0,0.0,0.0
1.0,4349.0,291.0,1113.0,818.0,689.0,689.0,813.0,300.0,0.0,291.0
1.0,4876.0,627.0,1103.0,1371.0,0.0,0.0,805.0,298.0,0.0,627.0
1.0,5620.0,964.0,1096.0,1281.0,0.0,0.0,782.0,314.0,0.0,964.0
1.0,5937.0,1013.0,1079.0,689.0,0.0,0.0,745.0,334.0,0.0,1013.0
1.0,5613.0,1183.0,1058.0,0.0,860.0,860.0,710.0,348.0,462.0,721.0
1.0,4430.0,1331.0,1048.0,0.0,2141.0,2141.0,698.0,350.0,1240.0,91.0
1.0,3099.0,2011.0,1074.0,0.0,4282.0,4282.0,724.0,350.0,2011.0,0.0
1.0,1088.0,2326.0,1119.0,860.0,5595.0,5595.0,769.0,350.0,2326.0,0.0
1.0,0.0,1857.0,1150.0,2141.0,5750.0,5750.0,805.0,345.0,1857.0,0.0
1.0,0.0,619.0,1151.0,4282.0,2186.0,2186.0,817.0,334.0,619.0,0.0
1.0,3569.0,0.0,1135.0,5595.0,0.0,0.0,817.0,318.0,0.0,0.0
1.0,9164.0,248.0,1121.0,5750.0,0.0,0.0,817.0,304.0,0.0,248.0
1.0,14666.0,576.0,1111.0,2186.0,0.0,0.0,810.0,301.0,0.0,576.0
1.0,16276.0,909.0,1104.0,0.0,0.0,0.0,789.0,315.0,0.0,909.0
1.0,15367.0,987.0,1088.0,0.0,0.0,0.0,754.0,334.0,0.0,987.0
1.0,14380.0,1154.0,1067.0,0.0,0.0,0.0,719.0,348.0,417.0,737.0
1.0,13226.0,1333.0,1056.0,0.0,0.0,0.0,705.0,351.0,1179.0,154.0
1.0,11893.0,1947.0,1079.0,0.0,0.0,0.0,728.0,351.0,1947.0,0.0
1.0,9946.0,2289.0,1123.0,0.0,0.0,0.0,772.0,351.0,2289.0,0.0
1.0,7657.0,1870.0,1155.0,0.0,0.0,0.0,808.0,347.0,1870.0,0.0
1.0,5787.0,694.0,1158.0,0.0,697.0,697.0,821.0,337.0,694.0,0.0
1.0,5093.0,0.0,1141.0,0.0,612.0,612.0,821.0,320.0,0.0,0.0
1.0,5093.0,244.0,1128.0,0.0,791.0,791.0,821.0,307.0,0.0,244.0
1.0,4849.0,579.0,1117.0,697.0,618.0,618.0,814.0,303.0,0.0,579.0
1.0,4967.0,910.0,1110.0,612.0,881.0,881.0,793.0,317.0,0.0,910.0
1.0,4669.0,998.0,1093.0,791.0,1003.0,1003.0,757.0,336.0,0.0,998.0
1.0,4462.0,1220.0,1072.0,618.0,1500.0,1500.0,722.0,350.0,471.0,749.0
1.0,3860.0,1435.0,1064.0,881.0,2014.0,2014.0,710.0,354.0,1260.0,175.0
1.0,3306.0,2044.0,1088.0,1003.0,3175.0,3175.0,734.0,354.0,2044.0,0.0
1.0,2265.0,2366.0,1133.0,1500.0,4266.0,4266.0,779.0,354.0,2366.0,0.0
1.0,1399.0,1895.0,1165.0,2014.0,4307.0,4307.0,816.0,349.0,1895.0,0.0
1.0,1518.0,644.0,1166.0,3175.0,1781.0,1781.0,828.0,338.0,644.0,0.0
1.0,4049.0,0.0,1148.0,4266.0,0.0,0.0,828.0,320.0,0.0,0.0
1.0,8315.0,294.0,1134.0,4307.0,0.0,0.0,828.0,306.0,0.0,294.0
1.0,12328.0,645.0,1124.0,1781.0,0.0,0.0,819.0,305.0,0.0,645.0
1.0,13464.0,991.0,1115.0,0.0,0.0,0.0,795.0,320.0,0.0,991.0
1.0,12473.0,1042.0,1096.0,0.0,0.0,0.0,755.0,341.0,0.0,1042.0
1.0,11431.0,1321.0,1076.0,0.0,0.0,0.0,721.0,355.0,577.0,744.0
1.0,10110.0,1502.0,1068.0,0.0,0.0,0.0,711.0,357.0,1399.0,103.0
1.0,8608.0,2217.0,1099.0,0.0,0.0,0.0,742.0,357.0,2217.0,0.0
1.0,6391.0,2459.0,1146.0,0.0,1798.0,1798.0,789.0,357.0,2459.0,0.0
1.0,3932.0,1878.0,1176.0,0.0,3826.0,3826.0,825.0,351.0,1878.0,0.0
1.0,2054.0,478.0,1173.0,0.0,4289.0,4289.0,834.0,339.0,478.0,0.0
1.0,1576.0,0.0,1154.0,1798.0,2396.0,2396.0,834.0,320.0,0.0,0.0
1.0,3374.0,325.0,1140.0,3826.0,0.0,0.0,834.0,306.0,0.0,325.0
1.0,6875.0,676.0,1129.0,4289.0,0.0,0.0,824.0,305.0,0.0,676.0
1.0,10488.0,1026.0,1122.0,2396.0,0.0,0.0,799.0,323.0,0.0,1026.0
1.0,11858.0,1052.0,1102.0,0.0,0.0,0.0,758.0,344.0,0.0,1052.0
1.0,10806.0,1312.0,1081.0,0.0,0.0,0.0,723.0,358.0,586.0,726.0
1.0,9494.0,1458.0,1073.0,0.0,0.0,0.0,714.0,359.0,1408.0,50.0
1.0,8036.0,2224.0,1105.0,0.0,0.0,0.0,746.0,359.0,2224.0,0.0
1.0,5812.0,2451.0,1153.0,0.0,2404.0,2404.0,794.0,359.0,2451.0,0.0
1.0,3361.0,1858.0,1182.0,0.0,4407.0,4407.0,829.0,353.0,1858.0,0.0
1.0,1503.0,441.0,1179.0,0.0,4833.0,4833.0,838.0,341.0,441.0,0.0
1.0,1062.0,0.0,1160.0,2404.0,2334.0,2334.0,838.0,322.0,0.0,0.0
1.0,3466.0,316.0,1147.0,4407.0,0.0,0.0,838.0,309.0,0.0,316.0
1.0,7557.0,661.0,1137.0,4833.0,0.0,0.0,829.0,308.0,0.0,661.0
1.0,11729.0,1004.0,1130.0,2334.0,0.0,0.0,805.0,325.0,0.0,1004.0
1.0,13059.0,1031.0,1111.0,0.0,0.0,0.0,766.0,345.0,0.0,1031.0
1.0,12028.0,1233.0,1091.0,0.0,0.0,0.0,732.0,359.0,522.0,711.0
1.0,10795.0,1363.0,1081.0,0.0,0.0,0.0,721.0,360.0,1312.0,51.0
1.0,9432.0,2107.0,1110.0,0.0,0.0,0.0,750.0,360.0,2107.0,0.0
1.0,7325.0,2375.0,1156.0,0.0,830.0,830.0,796.0,360.0,2375.0,0.0
1.0,4950.0,1857.0,1186.0,0.0,2837.0,2837.0,831.0,355.0,1857.0,0.0
1.0,3093.0,538.0,1186.0,0.0,3375.0,3375.0,842.0,344.0,538.0,0.0
1.0,2555.0,0.0,1169.0,830.0,2460.0,2460.0,842.0,327.0,0.0,0.0
1.0,3385.0,289.0,1155.0,2837.0,0.0,0.0,842.0,313.0,0.0,289.0
1.0,5933.0,626.0,1145.0,3375.0,0.0,0.0,834.0,311.0,0.0,626.0
1.0,8682.0,965.0,1138.0,2460.0,0.0,0.0,811.0,327.0,0.0,965.0
1.0,10177.0,1010.0,1119.0,0.0,0.0,0.0,773.0,346.0,0.0,1010.0
1.0,9167.0,1219.0,1099.0,0.0,0.0,0.0,739.0,360.0,493.0,726.0
1.0,7948.0,1378.0,1090.0,0.0,0.0,0.0,728.0,362.0,1280.0,98.0
1.0,6570.0,2075.0,1116.0,0.0,1085.0,1085.0,754.0,362.0,2075.0,0.0
1.0,4495.0,2377.0,1162.0,0.0,3692.0,3692.0,800.0,362.0,2377.0,0.0
1.0,2118.0,1896.0,1193.0,0.0,5743.0,5743.0,836.0,357.0,1896.0,0.0
1.0,222.0,619.0,1194.0,1085.0,5282.0,5282.0,848.0,346.0,619.0,0.0
1.0,688.0,0.0,1177.0,3692.0,1505.0,1505.0,848.0,329.0,0.0,0.0
1.0,4380.0,313.0,1163.0,5743.0,0.0,0.0,848.0,315.0,0.0,313.0
1.0,9810.0,658.0,1153.0,5282.0,0.0,0.0,839.0,314.0,0.0,658.0
1.0,14434.0,1002.0,1145.0,1505.0,0.0,0.0,815.0,330.0,0.0,1002.0
1.0,14937.0,1040.0,1126.0,0.0,0.0,0.0,776.0,350.0,0.0,1040.0
1.0,13897.0,1292.0,1105.0,0.0,0.0,0.0,741.0,364.0,563.0,729.0
1.0,12605.0,1465.0,1096.0,0.0,0.0,0.0,731.0,365.0,1387.0,78.0
1.0,11140.0,2203.0,1126.0,0.0,0.0,0.0,761.0,365.0,2203.0,0.0
1.0,8937.0,2464.0,1174.0,0.0,0.0,0.0,809.0,365.0,2464.0,0.0
1.0,6473.0,1900.0,1204.0,0.0,1447.0,1447.0,845.0,359.0,1900.0,0.0
1.0,4573.0,533.0,1202.0,0.0,1970.0,1970.0,855.0,347.0,533.0,0.0
1.0,4040.0,2.0,1183.0,0.0,1877.0,1877.0,855.0,328.0,0.0,2.0
1.0,4038.0,358.0,1170.0,1447.0,723.0,723.0,855.0,315.0,0.0,358.0
1.0,5127.0,722.0,1158.0,1970.0,0.0,0.0,844.0,314.0,0.0,722.0
1.0,6375.0,1078.0,1150.0,1877.0,0.0,0.0,817.0,333.0,0.0,1078.0
1.0,7174.0,1081.0,1129.0,723.0,0.0,0.0,775.0,354.0,0.0,1081.0
1.0,6816.0,1389.0,1108.0,0.0,113.0,113.0,740.0,368.0,669.0,720.0
1.0,5427.0,1521.0,1101.0,0.0,1599.0,1599.0,733.0,368.0,1516.0,5.0
1.0,3906.0,2364.0,1138.0,0.0,4148.0,4148.0,770.0,368.0,2364.0,0.0
1.0,1542.0,2540.0,1186.0,113.0,5930.0,5930.0,818.0,368.0,2540.0,0.0
1.0,0.0,1873.0,1216.0,1599.0,6080.0,6080.0,854.0,362.0,1873.0,0.0
1.0,0.0,354.0,1210.0,4148.0,3415.0,3415.0,861.0,349.0,354.0,0.0
1.0,2635.0,12.0,1190.0,5930.0,0.0,0.0,861.0,329.0,0.0,12.0
1.0,8553.0,378.0,1177.0,6080.0,0.0,0.0,861.0,316.0,0.0,378.0
1.0,14255.0,740.0,1166.0,3415.0,0.0,0.0,850.0,316.0,0.0,740.0
1.0,16930.0,1087.0,1159.0,0.0,0.0,0.0,823.0,336.0,0.0,1087.0
1.0,15843.0,1068.0,1137.0,0.0,0.0,0.0,780.0,357.0,0.0,1068.0
1.0,14775.0,1329.0,1115.0,0.0,0.0,0.0,745.0,370.0,643.0,686.0
1.0,13446.0,1478.0,1108.0,0.0,0.0,0.0,738.0,370.0,1478.0,0.0
1.0,11968.0,2317.0,1144.0,0.0,0.0,0.0,774.0,370.0,2317.0,0.0
1.0,9651.0,2505.0,1192.0,0.0,0.0,0.0,822.0,370.0,2505.0,0.0
1.0,7146.0,1864.0,1222.0,0.0,828.0,828.0,858.0,364.0,1864.0,0.0
1.0,5282.0,373.0,1216.0,0.0,1171.0,1171.0,865.0,351.0,373.0,0.0
1.0,4909.0,0.0,1197.0,0.0,1076.0,1076.0,865.0,332.0,0.0,0.0
1.0,4909.0,344.0,1184.0,828.0,527.0,527.0,865.0,319.0,0.0,344.0
1.0,5393.0,696.0,1173.0,1171.0,0.0,0.0,855.0,318.0,0.0,696.0
1.0,5868.0,1047.0,1168.0,1076.0,0.0,0.0,830.0,338.0,0.0,1047.0
1.0,5897.0,1054.0,1148.0,527.0,370.0,370.0,790.0,358.0,0.0,1054.0
1.0,5370.0,1282.0,1127.0,0.0,1547.0,1547.0,755.0,372.0,570.0,712.0
1.0,4088.0,1400.0,1118.0,0.0,2902.0,2902.0,746.0,372.0,1387.0,13.0
1.0,2688.0,2195.0,1150.0,370.0,4887.0,4887.0,778.0,372.0,2195.0,0.0
1.0,863.0,2435.0,1196.0,1547.0,5980.0,5980.0,824.0,372.0,2435.0,0.0
1.0,0.0,1865.0,1226.0,2902.0,5118.0,5118.0,860.0,366.0,1865.0,0.0
1.0,1012.0,477.0,1224.0,4887.0,698.0,698.0,870.0,354.0,477.0,0.0
1.0,5422.0,0.0,1206.0,5980.0,0.0,0.0,870.0,336.0,0.0,0.0
1.0,11402.0,320.0,1192.0,5118.0,0.0,0.0,870.0,322.0,0.0,320.0
1.0,16200.0,668.0,1181.0,698.0,0.0,0.0,860.0,321.0,0.0,668.0
1.0,16230.0,1018.0,1174.0,0.0,0.0,0.0,835.0,339.0,0.0,1018.0
1.0,15212.0,1052.0,1155.0,0.0,0.0,0.0,796.0,359.0,0.0,1052.0
1.0,14160.0,1326.0,1134.0,0.0,0.0,0.0,761.0,373.0,593.0,733.0
1.0,12834.0,1479.0,1127.0,0.0,0.0,0.0,752.0,375.0,1414.0,65.0
1.0,11355.0,2230.0,1158.0,0.0,0.0,0.0,783.0,375.0,2230.0,0.0
1.0,9125.0,2454.0,1205.0,0.0,0.0,0.0,830.0,375.0,2454.0,0.0
1.0,6671.0,1871.0,1235.0,0.0,1375.0,1375.0,866.0,369.0,1871.0,0.0
1.0,4800.0,477.0,1231.0,0.0,1832.0,1832.0,875.0,356.0,477.0,0.0
1.0,4323.0,0.0,1212.0,0.0,1737.0,1737.0,875.0,337.0,0.0,0.0
1.0,4323.0,342.0,1198.0,1375.0,634.0,634.0,875.0,323.0,0.0,342.0
1.0,5356.0,699.0,1187.0,1832.0,0.0,0.0,864.0,323.0,0.0,699.0
1.0,6489.0,1064.0,1180.0,1737.0,0.0,0.0,838.0,342.0,0.0,1064.0
1.0,7162.0,1083.0,1157.0,634.0,0.0,0.0,795.0,362.0,0.0,1083.0
1.0,6713.0,1452.0,1139.0,0.0,434.0,434.0,762.0,377.0,706.0,746.0
1.0,5261.0,1616.0,1133.0,0.0,2020.0,2020.0,755.0,378.0,1567.0,49.0
1.0,3645.0,2421.0,1170.0,0.0,4626.0,4626.0,792.0,378.0,2421.0,0.0
1.0,1224.0,2576.0,1219.0,434.0,6095.0,6095.0,841.0,378.0,2576.0,0.0
1.0,0.0,1865.0,1248.0,2020.0,6240.0,6240.0,877.0,371.0,1865.0,0.0
1.0,0.0,308.0,1240.0,4626.0,2645.0,2645.0,883.0,357.0,308.0,0.0
1.0,3555.0,14.0,1219.0,6095.0,0.0,0.0,883.0,336.0,0.0,14.0
1.0,9636.0,385.0,1206.0,6240.0,0.0,0.0,883.0,323.0,0.0,385.0
1.0,15491.0,761.0,1194.0,2645.0,0.0,0.0,870.0,324.0,0.0,761.0
1.0,17375.0,1115.0,1186.0,0.0,0.0,0.0,841.0,345.0,0.0,1115.0
1.0,16260.0,1101.0,1161.0,0.0,0.0,0.0,795.0,366.0,0.0,1101.0
1.0,15159.0,1474.0,1141.0,0.0,0.0,0.0,761.0,380.0,760.0,714.0
1.0,13685.0,1634.0,1137.0,0.0,0.0,0.0,757.0,380.0,1634.0,0.0
1.0,12051.0,2502.0,1178.0,0.0,0.0,0.0,798.0,380.0,2502.0,0.0
1.0,9549.0,2614.0,1228.0,0.0,0.0,0.0,848.0,380.0,2614.0,0.0
1.0,6935.0,1850.0,1257.0,0.0,1200.0,1200.0,884.0,373.0,1850.0,0.0
1.0,5085.0,221.0,1246.0,0.0,1366.0,1366.0,888.0,358.0,221.0,0.0
1.0,4864.0,19.0,1226.0,0.0,1285.0,1285.0,888.0,338.0,0.0,19.0
1.0,4845.0,394.0,1213.0,1200.0,414.0,414.0,888.0,325.0,0.0,394.0
1.0,5651.0,764.0,1202.0,1366.0,0.0,0.0,876.0,326.0,0.0,764.0
1.0,6253.0,1114.0,1195.0,1285.0,0.0,0.0,847.0,348.0,0.0,1114.0
1.0,6424.0,1088.0,1172.0,414.0,110.0,110.0,803.0,369.0,0.0,1088.0
1.0,5750.0,1418.0,1150.0,0.0,1418.0,1418.0,768.0,382.0,720.0,698.0
1.0,4332.0,1575.0,1145.0,0.0,2968.0,2968.0,763.0,382.0,1575.0,0.0
1.0,2757.0,2432.0,1184.0,110.0,5485.0,5485.0,802.0,382.0,2432.0,0.0
1.0,435.0,2561.0,1234.0,1418.0,6170.0,6170.0,852.0,382.0,2561.0,0.0
1.0,0.0,1839.0,1263.0,2968.0,5894.0,5894.0,887.0,376.0,1839.0,0.0
1.0,421.0,253.0,1254.0,5485.0,617.0,617.0,892.0,362.0,253.0,0.0
1.0,5653.0,0.0,1234.0,6170.0,0.0,0.0,892.0,342.0,0.0,0.0
1.0,11823.0,346.0,1220.0,5894.0,0.0,0.0,892.0,328.0,0.0,346.0
1.0,17371.0,706.0,1209.0,617.0,0.0,0.0,881.0,328.0,0.0,706.0
1.0,17282.0,1065.0,1203.0,0.0,0.0,0.0,854.0,349.0,0.0,1065.0
1.0,16217.0,1082.0,1181.0,0.0,0.0,0.0,812.0,369.0,0.0,1082.0
1.0,15135.0,1375.0,1160.0,0.0,0.0,0.0,777.0,383.0,643.0,732.0
1.0,13760.0,1504.0,1154.0,0.0,0.0,0.0,770.0,384.0,1479.0,25.0
1.0,12256.0,2318.0,1189.0,0.0,0.0,0.0,805.0,384.0,2318.0,0.0
1.0,9938.0,2510.0,1238.0,0.0,0.0,0.0,854.0,384.0,2510.0,0.0
1.0,7428.0,1868.0,1268.0,0.0,780.0,780.0,890.0,378.0,1868.0,0.0
1.0,5560.0,385.0,1262.0,0.0,1135.0,1135.0,897.0,365.0,385.0,0.0
1.0,5175.0,0.0,1242.0,0.0,1035.0,1035.0,897.0,345.0,0.0,0.0
1.0,5175.0,339.0,1229.0,780.0,529.0,529.0,897.0,332.0,0.0,339.0
1.0,5616.0,699.0,1217.0,1135.0,33.0,33.0,886.0,331.0,0.0,699.0
1.0,6052.0,1058.0,1208.0,1035.0,11.0,11.0,858.0,350.0,0.0,1058.0
1.0,6029.0,1085.0,1187.0,529.0,462.0,462.0,816.0,371.0,0.0,1085.0
1.0,5473.0,1432.0,1166.0,33.0,1756.0,1756.0,781.0,385.0,682.0,750.0
1.0,4074.0,1588.0,1161.0,11.0,3308.0,3308.0,775.0,386.0,1533.0,55.0
1.0,2497.0,2384.0,1198.0,462.0,5415.0,5415.0,812.0,386.0,2384.0,0.0
1.0,575.0,2558.0,1247.0,1756.0,6235.0,6235.0,861.0,386.0,2558.0,0.0
1.0,0.0,1888.0,1277.0,3308.0,5192.0,5192.0,897.0,380.0,1888.0,0.0
1.0,1193.0,371.0,1270.0,5415.0,113.0,113.0,904.0,366.0,371.0,0.0
1.0,6237.0,11.0,1250.0,6235.0,0.0,0.0,904.0,346.0,0.0,11.0
1.0,12461.0,383.0,1237.0,5192.0,0.0,0.0,904.0,333.0,0.0,383.0
1.0,17270.0,762.0,1224.0,113.0,0.0,0.0,891.0,333.0,0.0,762.0
1.0,16621.0,1125.0,1215.0,0.0,0.0,0.0,861.0,354.0,0.0,1125.0
1.0,15496.0,1118.0,1189.0,0.0,0.0,0.0,814.0,375.0,0.0,1118.0
1.0,14378.0,1534.0,1169.0,0.0,0.0,0.0,780.0,389.0,801.0,733.0
1.0,12844.0,1689.0,1165.0,0.0,0.0,0.0,776.0,389.0,1689.0,0.0
1.0,11155.0,2577.0,1209.0,0.0,0.0,0.0,820.0,389.0,2577.0,0.0
1.0,8578.0,2670.0,1260.0,0.0,392.0,392.0,871.0,389.0,2670.0,0.0
1.0,5908.0,1868.0,1289.0,0.0,2405.0,2405.0,907.0,382.0,1868.0,0.0
1.0,4040.0,187.0,1278.0,0.0,2537.0,2537.0,911.0,367.0,187.0,0.0
1.0,3853.0,47.0,1257.0,392.0,2087.0,2087.0,911.0,346.0,0.0,47.0
1.0,4198.0,435.0,1245.0,2405.0,57.0,57.0,911.0,334.0,0.0,435.0
1.0,6168.0,817.0,1232.0,2537.0,0.0,0.0,896.0,336.0,0.0,817.0
1.0,7888.0,1154.0,1223.0,2087.0,0.0,0.0,865.0,358.0,0.0,1154.0
1.0,8821.0,1103.0,1196.0,57.0,0.0,0.0,817.0,379.0,0.0,1103.0
1.0,7775.0,1506.0,1175.0,0.0,0.0,0.0,783.0,392.0,834.0,672.0
1.0,6269.0,1728.0,1172.0,0.0,1319.0,1319.0,780.0,392.0,1728.0,0.0
1.0,4541.0,2624.0,1218.0,0.0,4173.0,4173.0,826.0,392.0,2624.0,0.0
1.0,1917.0,2678.0,1270.0,0.0,6350.0,6350.0,878.0,392.0,2678.0,0.0
1.0,0.0,1844.0,1297.0,1319.0,6485.0,6485.0,913.0,384.0,1844.0,0.0
1.0,0.0,107.0,1285.0,4173.0,3645.0,3645.0,916.0,369.0,107.0,0.0
1.0,2780.0,35.0,1265.0,6350.0,0.0,0.0,916.0,349.0,0.0,35.0
1.0,9095.0,414.0,1252.0,6485.0,0.0,0.0,916.0,336.0,0.0,414.0
1.0,15166.0,792.0,1239.0,3645.0,0.0,0.0,902.0,337.0,0.0,792.0
1.0,18019.0,1132.0,1230.0,0.0,0.0,0.0,871.0,359.0,0.0,1132.0
1.0,16887.0,1093.0,1205.0,0.0,0.0,0.0,825.0,380.0,0.0,1093.0
1.0,15794.0,1456.0,1183.0,0.0,0.0,0.0,790.0,393.0,774.0,682.0
1.0,14338.0,1643.0,1179.0,0.0,0.0,0.0,786.0,393.0,1643.0,0.0
1.0,12695.0,2517.0,1223.0,0.0,0.0,0.0,830.0,393.0,2517.0,0.0
1.0,10178.0,2613.0,1273.0,0.0,0.0,0.0,880.0,393.0,2613.0,0.0
1.0,7565.0,1838.0,1303.0,0.0,788.0,788.0,916.0,387.0,1838.0,0.0
1.0,5727.0,190.0,1292.0,0.0,923.0,923.0,919.0,373.0,190.0,0.0
1.0,5537.0,8.0,1272.0,0.0,831.0,831.0,919.0,353.0,0.0,8.0
1.0,5529.0,376.0,1258.0,788.0,349.0,349.0,919.0,339.0,0.0,376.0
1.0,5941.0,744.0,1246.0,923.0,110.0,110.0,907.0,339.0,0.0,744.0
1.0,6120.0,1104.0,1238.0,831.0,343.0,343.0,878.0,360.0,0.0,1104.0
1.0,5847.0,1101.0,1215.0,349.0,980.0,980.0,834.0,381.0,0.0,1101.0
1.0,5095.0,1443.0,1194.0,110.0,2208.0,2208.0,799.0,395.0,718.0,725.0
1.0,3762.0,1575.0,1189.0,343.0,3415.0,3415.0,794.0,395.0,1575.0,0.0
1.0,2530.0,2439.0,1228.0,980.0,5069.0,5069.0,833.0,395.0,2439.0,0.0
1.0,1071.0,2584.0,1278.0,2208.0,5695.0,5695.0,883.0,395.0,2584.0,0.0
1.0,695.0,1874.0,1308.0,3415.0,4304.0,4304.0,919.0,389.0,1874.0,0.0
1.0,2236.0,297.0,1300.0,5069.0,0.0,0.0,925.0,375.0,297.0,0.0
1.0,7008.0,13.0,1280.0,5695.0,0.0,0.0,925.0,355.0,0.0,13.0
1.0,12690.0,387.0,1267.0,4304.0,0.0,0.0,925.0,342.0,0.0,387.0
1.0,16607.0,758.0,1254.0,0.0,0.0,0.0,912.0,342.0,0.0,758.0
1.0,15849.0,1124.0,1244.0,0.0,0.0,0.0,882.0,362.0,0.0,1124.0
1.0,14725.0,1114.0,1220.0,0.0,0.0,0.0,836.0,384.0,0.0,1114.0
1.0,13611.0,1522.0,1200.0,0.0,0.0,0.0,802.0,398.0,789.0,733.0
1.0,12089.0,1679.0,1196.0,0.0,0.0,0.0,798.0,398.0,1679.0,0.0
1.0,10410.0,2567.0,1238.0,0.0,0.0,0.0,840.0,398.0,2567.0,0.0
1.0,7843.0,2668.0,1290.0,0.0,1275.0,1275.0,892.0,398.0,2668.0,0.0
1.0,5175.0,1880.0,1318.0,0.0,3295.0,3295.0,928.0,390.0,1880.0,0.0
1.0,3295.0,208.0,1308.0,0.0,3453.0,3453.0,932.0,376.0,208.0,0.0
1.0,3087.0,56.0,1287.0,1275.0,2129.0,2129.0,932.0,355.0,0.0,56.0
1.0,4306.0,444.0,1274.0,3295.0,0.0,0.0,932.0,342.0,0.0,444.0
1.0,7157.0,838.0,1261.0,3453.0,0.0,0.0,917.0,344.0,0.0,838.0
1.0,9772.0,1169.0,1251.0,2129.0,0.0,0.0,884.0,367.0,0.0,1169.0
1.0,10732.0,1115.0,1222.0,0.0,0.0,0.0,834.0,388.0,0.0,1115.0
1.0,9617.0,1569.0,1201.0,0.0,0.0,0.0,800.0,401.0,901.0,668.0
1.0,8048.0,1819.0,1201.0,0.0,0.0,0.0,800.0,401.0,1819.0,0.0
1.0,6229.0,2734.0,1249.0,0.0,2750.0,2750.0,848.0,401.0,2734.0,0.0
1.0,3495.0,2752.0,1301.0,0.0,5762.0,5762.0,901.0,400.0,2752.0,0.0
1.0,743.0,1847.0,1329.0,0.0,6645.0,6645.0,937.0,392.0,1847.0,0.0
1.0,0.0,28.0,1313.0,2750.0,4947.0,4947.0,937.0,376.0,28.0,0.0
1.0,1618.0,73.0,1292.0,5762.0,0.0,0.0,937.0,355.0,0.0,73.0
1.0,7307.0,472.0,1280.0,6645.0,0.0,0.0,937.0,343.0,0.0,472.0
1.0,13480.0,864.0,1268.0,4947.0,0.0,0.0,921.0,347.0,0.0,864.0
1.0,17563.0,1185.0,1258.0,0.0,0.0,0.0,888.0,370.0,0.0,1185.0
1.0,16378.0,1113.0,1229.0,0.0,0.0,0.0,838.0,391.0,6.0,1107.0
1.0,15265.0,1552.0,1207.0,0.0,0.0,0.0,804.0,403.0,918.0,634.0
1.0,13713.0,1840.0,1207.0,0.0,0.0,0.0,804.0,403.0,1840.0,0.0
1.0,11873.0,2745.0,1258.0,0.0,0.0,0.0,855.0,403.0,2745.0,0.0
1.0,9128.0,2738.0,1309.0,0.0,155.0,155.0,907.0,402.0,2738.0,0.0
1.0,6390.0,1806.0,1336.0,0.0,2096.0,2096.0,942.0,394.0,1806.0,0.0
1.0,4584.0,0.0,1321.0,0.0,2021.0,2021.0,942.0,379.0,0.0,0.0
1.0,4584.0,54.0,1300.0,155.0,1815.0,1815.0,942.0,358.0,0.0,54.0
1.0,4685.0,438.0,1288.0,2096.0,97.0,97.0,942.0,346.0,0.0,438.0
1.0,6343.0,823.0,1276.0,2021.0,0.0,0.0,927.0,349.0,0.0,823.0
1.0,7541.0,1153.0,1267.0,1815.0,0.0,0.0,896.0,371.0,0.0,1153.0
1.0,8203.0,1098.0,1239.0,97.0,0.0,0.0,847.0,392.0,0.0,1098.0
1.0,7202.0,1486.0,1218.0,0.0,374.0,374.0,813.0,405.0,823.0,663.0
1.0,5716.0,1718.0,1215.0,0.0,2077.0,2077.0,810.0,405.0,1718.0,0.0
1.0,3998.0,2604.0,1262.0,0.0,4916.0,4916.0,857.0,405.0,2604.0,0.0
1.0,1394.0,2673.0,1312.0,374.0,6560.0,6560.0,908.0,404.0,2673.0,0.0
1.0,0.0,1838.0,1341.0,2077.0,6705.0,6705.0,944.0,397.0,1838.0,0.0
1.0,0.0,123.0,1329.0,4916.0,2518.0,2518.0,946.0,383.0,123.0,0.0
1.0,4127.0,33.0,1308.0,6560.0,0.0,0.0,946.0,362.0,0.0,33.0
1.0,10654.0,411.0,1295.0,6705.0,0.0,0.0,946.0,349.0,0.0,411.0
1.0,16948.0,791.0,1282.0,2518.0,0.0,0.0,932.0,350.0,0.0,791.0
1.0,18675.0,1136.0,1274.0,0.0,0.0,0.0,902.0,372.0,0.0,1136.0
1.0,17539.0,1110.0,1249.0,0.0,0.0,0.0,855.0,394.0,0.0,1110.0
1.0,16429.0,1508.0,1228.0,0.0,0.0,0.0,821.0,407.0,811.0,697.0
1.0,14921.0,1699.0,1225.0,0.0,0.0,0.0,818.0,407.0,1699.0,0.0
1.0,13222.0,2591.0,1269.0,0.0,0.0,0.0,862.0,407.0,2591.0,0.0
1.0,10631.0,2669.0,1320.0,0.0,0.0,0.0,913.0,407.0,2669.0,0.0
1.0,7962.0,1865.0,1348.0,0.0,643.0,643.0,949.0,399.0,1865.0,0.0
1.0,6097.0,170.0,1337.0,0.0,758.0,758.0,952.0,385.0,170.0,0.0
1.0,5927.0,50.0,1316.0,0.0,703.0,703.0,952.0,364.0,0.0,50.0
1.0,5877.0,436.0,1303.0,643.0,431.0,431.0,952.0,351.0,0.0,436.0
1.0,6084.0,823.0,1290.0,758.0,431.0,431.0,937.0,353.0,0.0,823.0
1.0,6019.0,1167.0,1280.0,703.0,845.0,845.0,905.0,375.0,0.0,1167.0
1.0,5555.0,1120.0,1252.0,431.0,1394.0,1394.0,855.0,397.0,0.0,1120.0
1.0,4866.0,1596.0,1231.0,431.0,2454.0,2454.0,821.0,410.0,907.0,689.0
1.0,3701.0,1826.0,1230.0,845.0,3430.0,3430.0,820.0,410.0,1826.0,0.0
1.0,2720.0,2747.0,1279.0,1394.0,5028.0,5028.0,869.0,410.0,2747.0,0.0
1.0,1367.0,2764.0,1331.0,2454.0,5598.0,5598.0,922.0,409.0,2764.0,0.0
1.0,1057.0,1865.0,1358.0,3430.0,4168.0,4168.0,958.0,400.0,1865.0,0.0
1.0,2622.0,43.0,1343.0,5028.0,0.0,0.0,959.0,384.0,43.0,0.0
1.0,7607.0,93.0,1323.0,5598.0,0.0,0.0,959.0,364.0,0.0,93.0
1.0,13112.0,495.0,1311.0,4168.0,0.0,0.0,959.0,352.0,0.0,495.0
1.0,16785.0,901.0,1298.0,0.0,0.0,0.0,942.0,356.0,0.0,901.0
1.0,15884.0,1209.0,1286.0,0.0,0.0,0.0,907.0,379.0,0.0,1209.0
1.0,14675.0,1184.0,1256.0,0.0,0.0,0.0,855.0,401.0,66.0,1118.0
1.0,13491.0,1634.0,1235.0,0.0,0.0,0.0,822.0,413.0,1013.0,621.0
1.0,11857.0,1952.0,1237.0,0.0,0.0,0.0,824.0,413.0,1952.0,0.0
1.0,9905.0,2834.0,1291.0,0.0,0.0,0.0,878.0,413.0,2834.0,0.0
1.0,7071.0,2757.0,1342.0,0.0,2396.0,2396.0,931.0,411.0,2757.0,0.0
1.0,4314.0,1754.0,1367.0,0.0,4275.0,4275.0,965.0,402.0,1754.0,0.0
1.0,2560.0,0.0,1351.0,0.0,4195.0,4195.0,965.0,386.0,0.0,0.0
1.0,2560.0,104.0,1330.0,2396.0,1798.0,1798.0,965.0,365.0,0.0,104.0
1.0,4852.0,505.0,1318.0,4275.0,0.0,0.0,965.0,353.0,0.0,505.0
1.0,8622.0,907.0,1306.0,4195.0,0.0,0.0,947.0,359.0,0.0,907.0
1.0,11910.0,1205.0,1294.0,1798.0,0.0,0.0,912.0,382.0,0.0,1205.0
1.0,12503.0,1151.0,1263.0,0.0,0.0,0.0,860.0,403.0,50.0,1101.0
1.0,11352.0,1578.0,1240.0,0.0,0.0,0.0,826.0,414.0,985.0,593.0
1.0,9774.0,1919.0,1242.0,0.0,0.0,0.0,828.0,414.0,1919.0,0.0
1.0,7855.0,2809.0,1296.0,0.0,1434.0,1434.0,882.0,414.0,2809.0,0.0
1.0,5046.0,2749.0,1348.0,0.0,4443.0,4443.0,935.0,413.0,2749.0,0.0
1.0,2297.0,1761.0,1374.0,0.0,6334.0,6334.0,969.0,405.0,1761.0,0.0
1.0,536.0,0.0,1358.0,1434.0,4820.0,4820.0,969.0,389.0,0.0,0.0
1.0,1970.0,88.0,1338.0,4443.0,365.0,365.0,969.0,369.0,0.0,88.0
1.0,6325.0,482.0,1326.0,6334.0,0.0,0.0,969.0,357.0,0.0,482.0
1.0,12177.0,875.0,1314.0,4820.0,0.0,0.0,953.0,361.0,0.0,875.0
1.0,16122.0,1180.0,1303.0,365.0,0.0,0.0,920.0,383.0,0.0,1180.0
1.0,15307.0,1094.0,1274.0,0.0,0.0,0.0,870.0,404.0,0.0,1094.0
1.0,14213.0,1488.0,1251.0,0.0,0.0,0.0,835.0,416.0,878.0,610.0
1.0,12725.0,1790.0,1251.0,0.0,0.0,0.0,835.0,416.0,1790.0,0.0
1.0,10935.0,2696.0,1300.0,0.0,0.0,0.0,884.0,416.0,2696.0,0.0
1.0,8239.0,2732.0,1353.0,0.0,1258.0,1258.0,937.0,416.0,2732.0,0.0
1.0,5507.0,1853.0,1380.0,0.0,3246.0,3246.0,972.0,408.0,1853.0,0.0
1.0,3654.0,70.0,1366.0,0.0,3246.0,3246.0,974.0,392.0,70.0,0.0
1.0,3584.0,67.0,1346.0,1258.0,1955.0,1955.0,974.0,372.0,0.0,67.0
1.0,4775.0,456.0,1333.0,3246.0,0.0,0.0,974.0,359.0,0.0,456.0
1.0,7565.0,846.0,1320.0,3246.0,0.0,0.0,958.0,362.0,0.0,846.0
1.0,9965.0,1174.0,1310.0,1955.0,0.0,0.0,925.0,385.0,0.0,1174.0
1.0,10746.0,1108.0,1281.0,0.0,0.0,0.0,875.0,406.0,0.0,1108.0
1.0,9638.0,1537.0,1260.0,0.0,0.0,0.0,841.0,419.0,884.0,653.0
1.0,8101.0,1807.0,1259.0,0.0,1.0,1.0,840.0,419.0,1807.0,0.0
1.0,6294.0,2729.0,1308.0,0.0,2975.0,2975.0,889.0,419.0,2729.0,0.0
1.0,3565.0,2768.0,1360.0,0.0,6003.0,6003.0,942.0,418.0,2768.0,0.0
1.0,797.0,1882.0,1388.0,1.0,6940.0,6940.0,979.0,409.0,1882.0,0.0
1.0,0.0,87.0,1373.0,2975.0,5061.0,5061.0,980.0,393.0,87.0,0.0
1.0,1804.0,98.0,1353.0,6003.0,0.0,0.0,980.0,373.0,0.0,98.0
1.0,7709.0,498.0,1341.0,6940.0,0.0,0.0,980.0,361.0,0.0,498.0
1.0,14151.0,904.0,1328.0,5061.0,0.0,0.0,963.0,365.0,0.0,904.0
1.0,18308.0,1208.0,1316.0,0.0,0.0,0.0,928.0,388.0,0.0,1208.0
1.0,17100.0,1154.0,1286.0,0.0,0.0,0.0,876.0,410.0,40.0,1114.0
1.0,15946.0,1603.0,1264.0,0.0,0.0,0.0,842.0,422.0,987.0,616.0
1.0,14343.0,1942.0,1265.0,0.0,0.0,0.0,843.0,422.0,1942.0,0.0
1.0,12401.0,2854.0,1319.0,0.0,0.0,0.0,897.0,422.0,2854.0,0.0
1.0,9547.0,2829.0,1371.0,0.0,137.0,137.0,951.0,420.0,2829.0,0.0
1.0,6718.0,1848.0,1397.0,0.0,2115.0,2115.0,987.0,410.0,1848.0,0.0
1.0,4870.0,0.0,1380.0,0.0,2030.0,2030.0,987.0,393.0,0.0,0.0
1.0,4870.0,143.0,1359.0,137.0,1931.0,1931.0,987.0,372.0,0.0,143.0
1.0,4864.0,555.0,1348.0,2115.0,316.0,316.0,986.0,362.0,0.0,555.0
1.0,6424.0,975.0,1334.0,2030.0,0.0,0.0,966.0,368.0,0.0,975.0
1.0,7479.0,1245.0,1321.0,1931.0,0.0,0.0,929.0,392.0,0.0,1245.0
1.0,8165.0,1216.0,1290.0,316.0,0.0,0.0,876.0,414.0,111.0,1105.0
1.0,7265.0,1626.0,1268.0,0.0,701.0,701.0,844.0,424.0,1082.0,544.0
1.0,5639.0,2051.0,1274.0,0.0,2782.0,2782.0,850.0,424.0,2051.0,0.0
1.0,3588.0,2913.0,1330.0,0.0,5975.0,5975.0,906.0,424.0,2913.0,0.0
1.0,675.0,2795.0,1382.0,701.0,6910.0,6910.0,960.0,422.0,2795.0,0.0
1.0,0.0,1714.0,1405.0,2782.0,7025.0,7025.0,993.0,412.0,1714.0,0.0
1.0,0.0,0.0,1388.0,5975.0,1316.0,1316.0,993.0,395.0,0.0,0.0
1.0,5624.0,142.0,1367.0,6910.0,0.0,0.0,993.0,374.0,0.0,142.0
1.0,12392.0,554.0,1356.0,7025.0,0.0,0.0,992.0,364.0,0.0,554.0
1.0,18863.0,966.0,1344.0,1316.0,0.0,0.0,973.0,371.0,0.0,966.0
1.0,19213.0,1235.0,1331.0,0.0,0.0,0.0,936.0,395.0,0.0,1235.0
1.0,17978.0,1151.0,1299.0,0.0,0.0,0.0,883.0,416.0,62.0,1089.0
1.0,16827.0,1556.0,1276.0,0.0,0.0,0.0,850.0,426.0,1020.0,536.0
1.0,15271.0,1976.0,1280.0,0.0,0.0,0.0,854.0,426.0,1976.0,0.0
1.0,13295.0,2862.0,1335.0,0.0,0.0,0.0,909.0,426.0,2862.0,0.0
1.0,10433.0,2783.0,1386.0,0.0,0.0,0.0,962.0,424.0,2783.0,0.0
1.0,7650.0,1751.0,1411.0,0.0,1156.0,1156.0,996.0,415.0,1751.0,0.0
1.0,5899.0,0.0,1394.0,0.0,1071.0,1071.0,996.0,398.0,0.0,0.0
1.0,5899.0,102.0,1374.0,0.0,1073.0,1073.0,996.0,378.0,0.0,102.0
1.0,5797.0,502.0,1362.0,1156.0,359.0,359.0,996.0,366.0,0.0,502.0
1.0,6451.0,904.0,1351.0,1071.0,137.0,137.0,979.0,372.0,0.0,904.0
1.0,6618.0,1203.0,1340.0,1073.0,212.0,212.0,945.0,395.0,0.0,1203.0
1.0,6488.0,1105.0,1309.0,359.0,803.0,803.0,893.0,416.0,0.0,1105.0
1.0,5742.0,1513.0,1286.0,137.0,2064.0,2064.0,858.0,428.0,913.0,600.0
1.0,4366.0,1843.0,1286.0,212.0,3695.0,3695.0,858.0,428.0,1843.0,0.0
1.0,2735.0,2782.0,1338.0,803.0,5934.0,5934.0,910.0,428.0,2782.0,0.0
1.0,756.0,2799.0,1391.0,2064.0,6934.0,6934.0,964.0,427.0,2799.0,0.0
1.0,21.0,1892.0,1418.0,3695.0,5266.0,5266.0,1000.0,418.0,1892.0,0.0
1.0,1824.0,45.0,1403.0,5934.0,0.0,0.0,1001.0,402.0,45.0,0.0
1.0,7713.0,95.0,1382.0,6934.0,0.0,0.0,1001.0,381.0,0.0,95.0
1.0,14552.0,496.0,1370.0,5266.0,0.0,0.0,1001.0,369.0,0.0,496.0
1.0,19322.0,897.0,1358.0,0.0,0.0,0.0,984.0,374.0,0.0,897.0
1.0,18425.0,1205.0,1346.0,0.0,0.0,0.0,949.0,397.0,0.0,1205.0
1.0,17220.0,1127.0,1315.0,0.0,0.0,0.0,897.0,418.0,9.0,1118.0
1.0,16093.0,1585.0,1292.0,0.0,0.0,0.0,862.0,430.0,959.0,626.0
1.0,14508.0,1911.0,1293.0,0.0,0.0,0.0,863.0,430.0,1911.0,0.0
1.0,12597.0,2861.0,1346.0,0.0,0.0,0.0,916.0,430.0,2861.0,0.0
1.0,9736.0,2857.0,1399.0,0.0,116.0,116.0,971.0,428.0,2857.0,0.0
1.0,6879.0,1906.0,1427.0,0.0,2162.0,2162.0,1008.0,419.0,1906.0,0.0
1.0,4973.0,9.0,1410.0,0.0,2086.0,2086.0,1008.0,402.0,9.0,0.0
1.0,4964.0,142.0,1389.0,116.0,2007.0,2007.0,1008.0,381.0,0.0,142.0
1.0,4938.0,557.0,1377.0,2162.0,342.0,342.0,1007.0,370.0,0.0,557.0
1.0,6543.0,974.0,1365.0,2086.0,0.0,0.0,988.0,377.0,0.0,974.0
1.0,7655.0,1253.0,1352.0,2007.0,0.0,0.0,951.0,401.0,0.0,1253.0
1.0,8409.0,1217.0,1321.0,342.0,0.0,0.0,898.0,423.0,102.0,1115.0
1.0,7534.0,1645.0,1298.0,0.0,601.0,601.0,864.0,434.0,1083.0,562.0
1.0,5889.0,2069.0,1302.0,0.0,2690.0,2690.0,868.0,434.0,2069.0,0.0
1.0,3820.0,2953.0,1359.0,0.0,5928.0,5928.0,925.0,434.0,2953.0,0.0
1.0,867.0,2861.0,1411.0,601.0,7055.0,7055.0,980.0,431.0,2861.0,0.0
1.0,0.0,1782.0,1435.0,2690.0,7175.0,7175.0,1015.0,420.0,1782.0,0.0
1.0,0.0,0.0,1416.0,5928.0,1637.0,1637.0,1015.0,401.0,0.0,0.0
1.0,5443.0,177.0,1396.0,7055.0,0.0,0.0,1015.0,381.0,0.0,177.0
1.0,12321.0,607.0,1383.0,7175.0,0.0,0.0,1012.0,371.0,0.0,607.0
1.0,18889.0,1032.0,1373.0,1637.0,0.0,0.0,992.0,381.0,0.0,1032.0
1.0,19494.0,1281.0,1357.0,0.0,0.0,0.0,952.0,405.0,0.0,1281.0
1.0,18213.0,1248.0,1325.0,0.0,0.0,0.0,899.0,426.0,150.0,1098.0
1.0,16965.0,1627.0,1303.0,0.0,0.0,0.0,867.0,436.0,1138.0,489.0
1.0,15338.0,2134.0,1311.0,0.0,0.0,0.0,875.0,436.0,2134.0,0.0
1.0,13204.0,2974.0,1368.0,0.0,0.0,0.0,932.0,436.0,2974.0,0.0
1.0,10230.0,2829.0,1420.0,0.0,0.0,0.0,987.0,433.0,2829.0,0.0
1.0,7401.0,1677.0,1441.0,0.0,1481.0,1481.0,1019.0,422.0,1677.0,0.0
1.0,5724.0,0.0,1423.0,0.0,1391.0,1391.0,1019.0,404.0,0.0,0.0
1.0,5724.0,162.0,1402.0,0.0,1448.0,1448.0,1019.0,383.0,0.0,162.0
1.0,5562.0,587.0,1392.0,1481.0,504.0,504.0,1018.0,374.0,0.0,587.0
1.0,6456.0,1004.0,1381.0,1391.0,62.0,62.0,998.0,383.0,0.0,1004.0
1.0,6843.0,1259.0,1367.0,1448.0,0.0,0.0,960.0,407.0,0.0,1259.0
1.0,7032.0,1161.0,1335.0,504.0,300.0,300.0,907.0,428.0,73.0,1088.0
1.0,6375.0,1539.0,1310.0,62.0,1652.0,1652.0,873.0,437.0,1040.0,499.0
1.0,4898.0,2012.0,1315.0,0.0,3689.0,3689.0,878.0,437.0,2012.0,0.0
1.0,2886.0,2908.0,1371.0,300.0,6577.0,6577.0,934.0,437.0,2908.0,0.0
1.0,278.0,2831.0,1423.0,1652.0,7115.0,7115.0,988.0,435.0,2831.0,0.0
1.0,0.0,1777.0,1449.0,3689.0,6234.0,6234.0,1023.0,426.0,1777.0,0.0
1.0,1011.0,0.0,1431.0,6577.0,0.0,0.0,1023.0,408.0,0.0,0.0
1.0,7588.0,135.0,1411.0,7115.0,0.0,0.0,1023.0,388.0,0.0,135.0
1.0,14568.0,547.0,1400.0,6234.0,0.0,0.0,1023.0,377.0,0.0,547.0
1.0,20255.0,957.0,1389.0,0.0,0.0,0.0,1005.0,384.0,0.0,957.0
1.0,19298.0,1231.0,1378.0,0.0,0.0,0.0,970.0,408.0,0.0,1231.0
1.0,18067.0,1121.0,1346.0,0.0,0.0,0.0,917.0,429.0,22.0,1099.0
1.0,16946.0,1536.0,1321.0,0.0,0.0,0.0,882.0,439.0,984.0,552.0
1.0,15410.0,1934.0,1321.0,0.0,0.0,0.0,882.0,439.0,1934.0,0.0
1.0,13476.0,2873.0,1376.0,0.0,0.0,0.0,937.0,439.0,2873.0,0.0
1.0,10603.0,2842.0,1429.0,0.0,0.0,0.0,992.0,437.0,2842.0,0.0
1.0,7761.0,1865.0,1455.0,0.0,1379.0,1379.0,1027.0,428.0,1865.0,0.0
1.0,5896.0,0.0,1438.0,0.0,1294.0,1294.0,1027.0,411.0,0.0,0.0
1.0,5896.0,136.0,1417.0,0.0,1325.0,1325.0,1027.0,390.0,0.0,136.0
1.0,5760.0,549.0,1406.0,1379.0,440.0,440.0,1027.0,379.0,0.0,549.0
1.0,6590.0,964.0,1395.0,1294.0,55.0,55.0,1009.0,386.0,0.0,964.0
1.0,6920.0,1244.0,1382.0,1325.0,0.0,0.0,972.0,410.0,0.0,1244.0
1.0,7001.0,1226.0,1350.0,440.0,535.0,535.0,919.0,431.0,108.0,1118.0
1.0,6215.0,1659.0,1327.0,55.0,2024.0,2024.0,885.0,442.0,1086.0,573.0
1.0,4611.0,2076.0,1330.0,0.0,4115.0,4115.0,888.0,442.0,2076.0,0.0
1.0,2535.0,2955.0,1387.0,535.0,6820.0,6820.0,945.0,442.0,2955.0,0.0
1.0,115.0,2862.0,1439.0,2024.0,7195.0,7195.0,1000.0,439.0,2862.0,0.0
1.0,0.0,1777.0,1463.0,4115.0,5700.0,5700.0,1034.0,429.0,1777.0,0.0
1.0,1615.0,0.0,1444.0,6820.0,0.0,0.0,1034.0,410.0,0.0,0.0
1.0,8435.0,190.0,1424.0,7195.0,0.0,0.0,1034.0,390.0,0.0,190.0
1.0,15440.0,619.0,1412.0,5700.0,0.0,0.0,1032.0,380.0,0.0,619.0
1.0,20521.0,1049.0,1400.0,0.0,0.0,0.0,1011.0,389.0,0.0,1049.0
1.0,19472.0,1295.0,1386.0,0.0,0.0,0.0,972.0,414.0,0.0,1295.0
1.0,18177.0,1316.0,1355.0,0.0,0.0,0.0,919.0,436.0,208.0,1108.0
1.0,16861.0,1722.0,1332.0,0.0,0.0,0.0,887.0,445.0,1228.0,494.0
1.0,15139.0,2243.0,1341.0,0.0,0.0,0.0,896.0,445.0,2243.0,0.0
1.0,12896.0,3058.0,1400.0,0.0,0.0,0.0,955.0,445.0,3058.0,0.0
1.0,9838.0,2845.0,1452.0,0.0,267.0,267.0,1010.0,442.0,2845.0,0.0
1.0,6993.0,1623.0,1471.0,0.0,1985.0,1985.0,1041.0,430.0,1623.0,0.0
1.0,5370.0,0.0,1451.0,0.0,1885.0,1885.0,1041.0,410.0,0.0,0.0
1.0,5370.0,213.0,1431.0,267.0,1731.0,1731.0,1041.0,390.0,0.0,213.0
1.0,5424.0,649.0,1419.0,1985.0,335.0,335.0,1038.0,381.0,0.0,649.0
1.0,6760.0,1089.0,1408.0,1885.0,0.0,0.0,1016.0,392.0,0.0,1089.0
1.0,7556.0,1310.0,1393.0,1731.0,0.0,0.0,975.0,418.0,0.0,1310.0
1.0,7977.0,1283.0,1361.0,335.0,0.0,0.0,922.0,439.0,190.0,1093.0
1.0,7029.0,1649.0,1338.0,0.0,1310.0,1310.0,891.0,447.0,1210.0,439.0
1.0,5380.0,2219.0,1348.0,0.0,3579.0,3579.0,901.0,447.0,2219.0,0.0
1.0,3161.0,3041.0,1406.0,0.0,6910.0,6910.0,959.0,447.0,3041.0,0.0
1.0,120.0,2838.0,1458.0,1310.0,7290.0,7290.0,1014.0,444.0,2838.0,0.0
1.0,0.0,1625.0,1478.0,3579.0,6844.0,6844.0,1045.0,433.0,1625.0,0.0
1.0,546.0,0.0,1458.0,6910.0,0.0,0.0,1045.0,413.0,0.0,0.0
1.0,7456.0,183.0,1438.0,7290.0,0.0,0.0,1045.0,393.0,0.0,183.0
1.0,14563.0,616.0,1428.0,6844.0,0.0,0.0,1044.0,384.0,0.0,616.0
1.0,20791.0,1041.0,1418.0,0.0,0.0,0.0,1024.0,394.0,0.0,1041.0
1.0,19750.0,1281.0,1404.0,0.0,0.0,0.0,985.0,419.0,0.0,1281.0
1.0,18469.0,1187.0,1371.0,0.0,0.0,0.0,931.0,440.0,98.0,1089.0
1.0,17282.0,1559.0,1347.0,0.0,0.0,0.0,898.0,449.0,1087.0,472.0
1.0,15723.0,2065.0,1352.0,0.0,0.0,0.0,903.0,449.0,2065.0,0.0
1.0,13658.0,2953.0,1409.0,0.0,0.0,0.0,960.0,449.0,2953.0,0.0
1.0,10705.0,2847.0,1461.0,0.0,0.0,0.0,1015.0,446.0,2847.0,0.0
1.0,7858.0,1767.0,1485.0,0.0,1334.0,1334.0,1049.0,436.0,1767.0,0.0
1.0,6091.0,0.0,1466.0,0.0,1239.0,1239.0,1049.0,417.0,0.0,0.0
1.0,6091.0,154.0,1446.0,0.0,1293.0,1293.0,1049.0,397.0,0.0,154.0
1.0,5937.0,579.0,1435.0,1334.0,483.0,483.0,1048.0,387.0,0.0,579.0
1.0,6692.0,1000.0,1424.0,1239.0,189.0,189.0,1029.0,395.0,0.0,1000.0
1.0,6931.0,1266.0,1411.0,1293.0,97.0,97.0,992.0,419.0,0.0,1266.0
1.0,6958.0,1206.0,1380.0,483.0,665.0,665.0,939.0,441.0,98.0,1108.0
1.0,6235.0,1614.0,1356.0,189.0,1970.0,1970.0,905.0,451.0,1080.0,534.0
1.0,4810.0,2069.0,1360.0,97.0,3962.0,3962.0,909.0,451.0,2069.0,0.0
1.0,2838.0,2956.0,1417.0,665.0,6538.0,6538.0,966.0,451.0,2956.0,0.0
1.0,547.0,2872.0,1469.0,1970.0,7345.0,7345.0,1021.0,448.0,2872.0,0.0
1.0,0.0,1797.0,1493.0,3962.0,5655.0,5655.0,1055.0,438.0,1797.0,0.0
1.0,1810.0,0.0,1474.0,6538.0,0.0,0.0,1055.0,419.0,0.0,0.0
1.0,8348.0,179.0,1454.0,7345.0,0.0,0.0,1055.0,399.0,0.0,179.0
1.0,15514.0,608.0,1442.0,5655.0,0.0,0.0,1053.0,389.0,0.0,608.0
1.0,20561.0,1038.0,1430.0,0.0,0.0,0.0,1032.0,398.0,0.0,1038.0
1.0,19523.0,1296.0,1416.0,0.0,0.0,0.0,993.0,423.0,0.0,1296.0
1.0,18227.0,1323.0,1384.0,0.0,0.0,0.0,940.0,444.0,201.0,1122.0
1.0,16904.0,1731.0,1362.0,0.0,0.0,0.0,908.0,454.0,1213.0,518.0
1.0,15173.0,2234.0,1371.0,0.0,0.0,0.0,917.0,454.0,2234.0,0.0
1.0,12939.0,3053.0,1429.0,0.0,0.0,0.0,975.0,454.0,3053.0,0.0
1.0,9886.0,2865.0,1481.0,0.0,384.0,384.0,1030.0,451.0,2865.0,0.0
1.0,7021.0,1655.0,1501.0,0.0,2139.0,2139.0,1062.0,439.0,1655.0,0.0
1.0,5366.0,0.0,1481.0,0.0,2039.0,2039.0,1062.0,419.0,0.0,0.0
1.0,5366.0,220.0,1460.0,384.0,1770.0,1770.0,1062.0,398.0,0.0,220.0
1.0,5530.0,662.0,1447.0,2139.0,228.0,228.0,1058.0,389.0,0.0,662.0
1.0,7007.0,1109.0,1436.0,2039.0,0.0,0.0,1035.0,401.0,0.0,1109.0
1.0,7937.0,1333.0,1419.0,1770.0,0.0,0.0,992.0,427.0,0.0,1333.0
1.0,8374.0,1409.0,1386.0,228.0,0.0,0.0,938.0,448.0,294.0,1115.0
1.0,7193.0,1784.0,1366.0,0.0,1421.0,1421.0,909.0,457.0,1333.0,451.0
1.0,5409.0,2381.0,1381.0,0.0,3877.0,3877.0,924.0,457.0,2381.0,0.0
1.0,3028.0,3127.0,1441.0,0.0,7205.0,7205.0,984.0,457.0,3127.0,0.0
1.0,0.0,2838.0,1492.0,1421.0,7460.0,7460.0,1039.0,453.0,2838.0,0.0
1.0,0.0,1496.0,1507.0,3877.0,6670.0,6670.0,1067.0,440.0,1496.0,0.0
1.0,865.0,0.0,1487.0,7205.0,0.0,0.0,1067.0,420.0,0.0,0.0
1.0,8070.0,229.0,1466.0,7460.0,0.0,0.0,1067.0,399.0,0.0,229.0
1.0,15301.0,674.0,1455.0,6670.0,0.0,0.0,1064.0,391.0,0.0,674.0
1.0,21297.0,1121.0,1444.0,0.0,0.0,0.0,1040.0,404.0,0.0,1121.0
1.0,20176.0,1336.0,1428.0,0.0,0.0,0.0,998.0,430.0,0.0,1336.0
1.0,18840.0,1363.0,1395.0,0.0,0.0,0.0,944.0,451.0,259.0,1104.0
1.0,17477.0,1710.0,1373.0,0.0,0.0,0.0,914.0,459.0,1287.0,423.0
1.0,15767.0,2314.0,1387.0,0.0,0.0,0.0,928.0,459.0,2314.0,0.0
1.0,13453.0,3076.0,1446.0,0.0,0.0,0.0,987.0,459.0,3076.0,0.0
1.0,10377.0,2811.0,1496.0,0.0,0.0,0.0,1041.0,455.0,2811.0,0.0
1.0,7566.0,1517.0,1514.0,0.0,1521.0,1521.0,1070.0,444.0,1517.0,0.0
1.0,6049.0,0.0,1493.0,0.0,1416.0,1416.0,1070.0,423.0,0.0,0.0
1.0,6049.0,184.0,1472.0,0.0,1495.0,1495.0,1070.0,402.0,0.0,184.0
1.0,5865.0,618.0,1461.0,1521.0,537.0,537.0,1068.0,393.0,0.0,618.0
1.0,6768.0,1057.0,1452.0,1416.0,133.0,133.0,1047.0,405.0,0.0,1057.0
1.0,7127.0,1306.0,1438.0,1495.0,0.0,0.0,1008.0,430.0,0.0,1306.0
1.0,7316.0,1322.0,1406.0,537.0,499.0,499.0,955.0,451.0,202.0,1120.0
1.0,6531.0,1704.0,1384.0,133.0,1960.0,1960.0,923.0,461.0,1209.0,495.0
1.0,4960.0,2220.0,1393.0,0.0,4225.0,4225.0,932.0,461.0,2220.0,0.0
1.0,2740.0,3023.0,1451.0,499.0,7039.0,7039.0,990.0,461.0,3023.0,0.0
1.0,216.0,2825.0,1502.0,1960.0,7510.0,7510.0,1044.0,458.0,2825.0,0.0
1.0,0.0,1610.0,1522.0,4225.0,5644.0,5644.0,1075.0,447.0,1610.0,0.0
1.0,1966.0,0.0,1502.0,7039.0,0.0,0.0,1075.0,427.0,0.0,0.0
1.0,9005.0,168.0,1481.0,7510.0,0.0,0.0,1075.0,406.0,0.0,168.0
1.0,16347.0,597.0,1469.0,5644.0,0.0,0.0,1073.0,396.0,0.0,597.0
1.0,21394.0,1028.0,1459.0,0.0,0.0,0.0,1053.0,406.0,0.0,1028.0
1.0,20366.0,1293.0,1444.0,0.0,0.0,0.0,1013.0,431.0,0.0,1293.0
1.0,19073.0,1331.0,1413.0,0.0,0.0,0.0,960.0,453.0,202.0,1129.0
1.0,17742.0,1759.0,1391.0,0.0,0.0,0.0,928.0,463.0,1219.0,540.0
1.0,15983.0,2235.0,1400.0,0.0,0.0,0.0,937.0,463.0,2235.0,0.0
1.0,13748.0,3050.0,1458.0,0.0,0.0,0.0,995.0,463.0,3050.0,0.0
1.0,10698.0,2856.0,1510.0,0.0,0.0,0.0,1050.0,460.0,2856.0,0.0
1.0,7842.0,1649.0,1530.0,0.0,1457.0,1457.0,1082.0,448.0,1649.0,0.0
1.0,6193.0,0.0,1510.0,0.0,1357.0,1357.0,1082.0,428.0,0.0,0.0
1.0,6193.0,213.0,1489.0,0.0,1465.0,1465.0,1082.0,407.0,0.0,213.0
1.0,5980.0,656.0,1476.0,1457.0,599.0,599.0,1078.0,398.0,0.0,656.0
1.0,6781.0,1102.0,1464.0,1357.0,284.0,284.0,1055.0,409.0,0.0,1102.0
1.0,7036.0,1336.0,1447.0,1465.0,70.0,70.0,1012.0,435.0,0.0,1336.0
1.0,7165.0,1449.0,1416.0,599.0,765.0,765.0,959.0,457.0,323.0,1126.0
1.0,6315.0,1853.0,1396.0,284.0,2234.0,2234.0,930.0,466.0,1375.0,478.0
1.0,4746.0,2423.0,1411.0,70.0,4662.0,4662.0,945.0,466.0,2423.0,0.0
1.0,2393.0,3156.0,1472.0,765.0,7358.0,7358.0,1006.0,466.0,3156.0,0.0
1.0,2.0,2837.0,1523.0,2234.0,7615.0,7615.0,1061.0,462.0,2837.0,0.0
1.0,0.0,1478.0,1538.0,4662.0,5107.0,5107.0,1089.0,449.0,1478.0,0.0
1.0,2583.0,0.0,1517.0,7358.0,0.0,0.0,1089.0,428.0,0.0,0.0
1.0,9941.0,258.0,1496.0,7615.0,0.0,0.0,1089.0,407.0,0.0,258.0
1.0,17298.0,713.0,1482.0,5107.0,0.0,0.0,1083.0,399.0,0.0,713.0
1.0,21692.0,1167.0,1471.0,0.0,0.0,0.0,1058.0,413.0,0.0,1167.0
1.0,20525.0,1371.0,1451.0,0.0,0.0,0.0,1012.0,439.0,0.0,1371.0
1.0,19154.0,1499.0,1420.0,0.0,0.0,0.0,959.0,461.0,385.0,1114.0
1.0,17655.0,1864.0,1401.0,0.0,0.0,0.0,933.0,468.0,1459.0,405.0
1.0,15791.0,2523.0,1420.0,0.0,0.0,0.0,952.0,468.0,2523.0,0.0
1.0,13268.0,3207.0,1482.0,0.0,0.0,0.0,1014.0,468.0,3207.0,0.0
1.0,10061.0,2811.0,1532.0,0.0,410.0,410.0,1068.0,464.0,2811.0,0.0
1.0,7250.0,1353.0,1545.0,0.0,1828.0,1828.0,1094.0,451.0,1353.0,0.0
1.0,5897.0,0.0,1524.0,0.0,1723.0,1723.0,1094.0,430.0,0.0,0.0
1.0,5897.0,247.0,1503.0,410.0,1455.0,1455.0,1094.0,409.0,0.0,247.0
1.0,6060.0,700.0,1490.0,1828.0,262.0,262.0,1089.0,401.0,0.0,700.0
1.0,7188.0,1158.0,1479.0,1723.0,0.0,0.0,1064.0,415.0,0.0,1158.0
1.0,7753.0,1362.0,1461.0,1455.0,0.0,0.0,1020.0,441.0,0.0,1362.0
1.0,7846.0,1438.0,1430.0,262.0,480.0,480.0,967.0,463.0,326.0,1112.0
1.0,6670.0,1777.0,1409.0,0.0,2152.0,2152.0,939.0,470.0,1374.0,403.0
1.0,4893.0,2424.0,1427.0,0.0,4666.0,4666.0,957.0,470.0,2424.0,0.0
1.0,2469.0,3139.0,1487.0,480.0,7435.0,7435.0,1017.0,470.0,3139.0,0.0
1.0,0.0,2814.0,1538.0,2152.0,7690.0,7690.0,1071.0,467.0,2814.0,0.0
1.0,0.0,1426.0,1554.0,4666.0,5382.0,5382.0,1099.0,455.0,1426.0,0.0
1.0,2388.0,0.0,1534.0,7435.0,0.0,0.0,1099.0,435.0,0.0,0.0
1.0,9823.0,208.0,1512.0,7690.0,0.0,0.0,1099.0,413.0,0.0,208.0
1.0,17305.0,649.0,1499.0,5382.0,0.0,0.0,1095.0,404.0,0.0,649.0
1.0,22038.0,1092.0,1488.0,0.0,0.0,0.0,1072.0,416.0,0.0,1092.0
1.0,20946.0,1326.0,1470.0,0.0,0.0,0.0,1029.0,441.0,0.0,1326.0
1.0,19620.0,1367.0,1439.0,0.0,0.0,0.0,976.0,463.0,250.0,1117.0
1.0,18253.0,1753.0,1418.0,0.0,0.0,0.0,946.0,472.0,1283.0,470.0
1.0,16500.0,2309.0,1431.0,0.0,0.0,0.0,959.0,472.0,2309.0,0.0
1.0,14191.0,3085.0,1491.0,0.0,0.0,0.0,1019.0,472.0,3085.0,0.0
1.0,11106.0,2838.0,1542.0,0.0,0.0,0.0,1073.0,469.0,2838.0,0.0
1.0,8268.0,1560.0,1560.0,0.0,1092.0,1092.0,1103.0,457.0,1560.0,0.0
1.0,6708.0,0.0,1540.0,0.0,992.0,992.0,1103.0,437.0,0.0,0.0
1.0,6708.0,209.0,1520.0,0.0,1101.0,1101.0,1103.0,417.0,0.0,209.0
1.0,6499.0,652.0,1506.0,1092.0,591.0,591.0,1099.0,407.0,0.0,652.0
1.0,6939.0,1098.0,1494.0,992.0,637.0,637.0,1076.0,418.0,0.0,1098.0
1.0,6833.0,1332.0,1477.0,1101.0,783.0,783.0,1033.0,444.0,0.0,1332.0
1.0,6602.0,1439.0,1446.0,591.0,1476.0,1476.0,980.0,466.0,307.0,1132.0
1.0,5754.0,1840.0,1426.0,637.0,2579.0,2579.0,951.0,475.0,1358.0,482.0
1.0,4551.0,2407.0,1441.0,783.0,4278.0,4278.0,966.0,475.0,2407.0,0.0
1.0,2927.0,3156.0,1502.0,1476.0,6263.0,6263.0,1027.0,475.0,3156.0,0.0
1.0,1247.0,2852.0,1553.0,2579.0,6791.0,6791.0,1082.0,471.0,2852.0,0.0
1.0,974.0,1509.0,1569.0,4278.0,4102.0,4102.0,1111.0,458.0,1509.0,0.0
1.0,3743.0,0.0,1548.0,6263.0,0.0,0.0,1111.0,437.0,0.0,0.0
1.0,10006.0,258.0,1527.0,6791.0,0.0,0.0,1111.0,416.0,0.0,258.0
1.0,16539.0,715.0,1512.0,4102.0,0.0,0.0,1104.0,408.0,0.0,715.0
1.0,19926.0,1173.0,1500.0,0.0,0.0,0.0,1078.0,422.0,0.0,1173.0
1.0,18753.0,1374.0,1479.0,0.0,0.0,0.0,1031.0,448.0,0.0,1374.0
1.0,17379.0,1533.0,1448.0,0.0,0.0,0.0,978.0,470.0,408.0,1125.0
1.0,15846.0,1912.0,1431.0,0.0,0.0,0.0,953.0,478.0,1496.0,416.0
1.0,13934.0,2575.0,1452.0,0.0,0.0,0.0,974.0,478.0,2575.0,0.0
1.0,11359.0,3258.0,1514.0,0.0,0.0,0.0,1036.0,478.0,3258.0,0.0
1.0,8101.0,2845.0,1564.0,0.0,2564.0,2564.0,1091.0,473.0,2845.0,0.0
1.0,5256.0,1360.0,1576.0,0.0,3984.0,3984.0,1117.0,459.0,1360.0,0.0
1.0,3896.0,0.0,1554.0,0.0,3874.0,3874.0,1117.0,437.0,0.0,0.0
1.0,3896.0,293.0,1533.0,2564.0,1498.0,1498.0,1117.0,416.0,0.0,293.0
1.0,6167.0,758.0,1519.0,3984.0,0.0,0.0,1110.0,409.0,0.0,758.0
1.0,9393.0,1227.0,1507.0,3874.0,0.0,0.0,1082.0,425.0,0.0,1227.0
1.0,12040.0,1404.0,1485.0,1498.0,0.0,0.0,1033.0,452.0,0.0,1404.0
1.0,12134.0,1535.0,1453.0,0.0,0.0,0.0,980.0,473.0,425.0,1110.0
1.0,10599.0,1859.0,1435.0,0.0,0.0,0.0,955.0,480.0,1511.0,348.0
1.0,8740.0,2599.0,1459.0,0.0,1154.0,1154.0,979.0,480.0,2599.0,0.0
1.0,6141.0,3256.0,1521.0,0.0,4720.0,4720.0,1041.0,480.0,3256.0,0.0
1.0,2885.0,2832.0,1571.0,0.0,7802.0,7802.0,1096.0,475.0,2832.0,0.0
1.0,53.0,1317.0,1583.0,1154.0,7915.0,7915.0,1121.0,462.0,1317.0,0.0
1.0,0.0,0.0,1560.0,4720.0,3190.0,3190.0,1121.0,439.0,0.0,0.0
1.0,4610.0,270.0,1539.0,7802.0,0.0,0.0,1121.0,418.0,0.0,270.0
1.0,12142.0,731.0,1526.0,7915.0,0.0,0.0,1115.0,411.0,0.0,731.0
1.0,19326.0,1189.0,1514.0,3190.0,0.0,0.0,1088.0,426.0,0.0,1189.0
1.0,21327.0,1382.0,1495.0,0.0,0.0,0.0,1042.0,453.0,0.0,1382.0
1.0,19945.0,1469.0,1462.0,0.0,0.0,0.0,988.0,474.0,360.0,1109.0
1.0,18476.0,1809.0,1443.0,0.0,0.0,0.0,962.0,481.0,1432.0,377.0
1.0,16667.0,2496.0,1463.0,0.0,0.0,0.0,982.0,481.0,2496.0,0.0
1.0,14171.0,3197.0,1525.0,0.0,0.0,0.0,1044.0,481.0,3197.0,0.0
1.0,10974.0,2825.0,1575.0,0.0,0.0,0.0,1098.0,477.0,2825.0,0.0
1.0,8149.0,1389.0,1590.0,0.0,1190.0,1190.0,1125.0,465.0,1389.0,0.0
1.0,6760.0,0.0,1569.0,0.0,1085.0,1085.0,1125.0,444.0,0.0,0.0
1.0,6760.0,232.0,1548.0,0.0,1212.0,1212.0,1125.0,423.0,0.0,232.0
1.0,6528.0,681.0,1534.0,1190.0,633.0,633.0,1120.0,414.0,0.0,681.0
1.0,7037.0,1138.0,1522.0,1085.0,626.0,626.0,1095.0,427.0,0.0,1138.0
1.0,6984.0,1359.0,1504.0,1212.0,683.0,683.0,1051.0,453.0,0.0,1359.0
1.0,6837.0,1435.0,1473.0,633.0,1330.0,1330.0,998.0,475.0,307.0,1128.0
1.0,6035.0,1808.0,1453.0,626.0,2412.0,2412.0,969.0,484.0,1366.0,442.0
1.0,4853.0,2423.0,1470.0,683.0,4237.0,4237.0,986.0,484.0,2423.0,0.0
1.0,3113.0,3180.0,1531.0,1330.0,6392.0,6392.0,1047.0,484.0,3180.0,0.0
1.0,1263.0,2870.0,1582.0,2412.0,7105.0,7105.0,1102.0,480.0,2870.0,0.0
1.0,805.0,1513.0,1598.0,4237.0,4461.0,4461.0,1131.0,467.0,1513.0,0.0
1.0,3529.0,0.0,1577.0,6392.0,0.0,0.0,1131.0,446.0,0.0,0.0
1.0,9921.0,248.0,1556.0,7105.0,0.0,0.0,1131.0,425.0,0.0,248.0
1.0,16778.0,705.0,1542.0,4461.0,0.0,0.0,1125.0,417.0,0.0,705.0
1.0,20534.0,1161.0,1529.0,0.0,0.0,0.0,1099.0,430.0,0.0,1161.0
1.0,19373.0,1373.0,1509.0,0.0,0.0,0.0,1053.0,456.0,0.0,1373.0
1.0,18000.0,1486.0,1477.0,0.0,0.0,0.0,999.0,478.0,359.0,1127.0
1.0,16514.0,1878.0,1458.0,0.0,0.0,0.0,972.0,486.0,1444.0,434.0
1.0,14636.0,2529.0,1478.0,0.0,0.0,0.0,992.0,486.0,2529.0,0.0
1.0,12107.0,3260.0,1540.0,0.0,0.0,0.0,1054.0,486.0,3260.0,0.0
1.0,8847.0,2908.0,1591.0,0.0,2016.0,2016.0,1110.0,481.0,2908.0,0.0
1.0,5939.0,1473.0,1607.0,0.0,3569.0,3569.0,1139.0,468.0,1473.0,0.0
1.0,4466.0,0.0,1584.0,0.0,3454.0,3454.0,1139.0,445.0,0.0,0.0
1.0,4466.0,310.0,1564.0,2016.0,1648.0,1648.0,1139.0,425.0,0.0,310.0
1.0,6172.0,783.0,1549.0,3569.0,0.0,0.0,1131.0,418.0,0.0,783.0
1.0,8958.0,1256.0,1536.0,3454.0,0.0,0.0,1102.0,434.0,0.0,1256.0
1.0,11156.0,1420.0,1514.0,1648.0,0.0,0.0,1053.0,461.0,0.0,1420.0
1.0,11384.0,1586.0,1482.0,0.0,0.0,0.0,999.0,483.0,467.0,1119.0
1.0,9798.0,1913.0,1463.0,0.0,0.0,0.0,974.0,489.0,1575.0,338.0
1.0,7885.0,2692.0,1489.0,0.0,2252.0,2252.0,1000.0,489.0,2692.0,0.0
1.0,5193.0,3337.0,1553.0,0.0,5909.0,5909.0,1064.0,489.0,3337.0,0.0
1.0,1856.0,2881.0,1604.0,0.0,8020.0,8020.0,1120.0,484.0,2881.0,0.0
1.0,0.0,1300.0,1614.0,2252.0,8070.0,8070.0,1145.0,469.0,1300.0,0.0
1.0,0.0,0.0,1591.0,5909.0,2119.0,2119.0,1145.0,446.0,0.0,0.0
1.0,5836.0,323.0,1570.0,8020.0,0.0,0.0,1145.0,425.0,0.0,323.0
1.0,13533.0,797.0,1555.0,8070.0,0.0,0.0,1136.0,419.0,0.0,797.0
1.0,20806.0,1280.0,1544.0,2119.0,0.0,0.0,1107.0,437.0,0.0,1280.0
1.0,21645.0,1430.0,1521.0,0.0,0.0,0.0,1057.0,464.0,0.0,1430.0
1.0,20215.0,1562.0,1490.0,0.0,0.0,0.0,1004.0,486.0,454.0,1108.0
1.0,18653.0,1868.0,1470.0,0.0,0.0,0.0,979.0,491.0,1566.0,302.0
1.0,16785.0,2669.0,1496.0,0.0,0.0,0.0,1005.0,491.0,2669.0,0.0
1.0,14116.0,3322.0,1560.0,0.0,0.0,0.0,1069.0,491.0,3322.0,0.0
1.0,10794.0,2856.0,1610.0,0.0,112.0,112.0,1124.0,486.0,2856.0,0.0
1.0,7938.0,1283.0,1621.0,0.0,1450.0,1450.0,1149.0,472.0,1283.0,0.0
1.0,6655.0,0.0,1598.0,0.0,1335.0,1335.0,1149.0,449.0,0.0,0.0
1.0,6655.0,290.0,1577.0,112.0,1408.0,1408.0,1149.0,428.0,0.0,290.0
1.0,6477.0,757.0,1564.0,1450.0,650.0,650.0,1142.0,422.0,0.0,757.0
1.0,7170.0,1227.0,1552.0,1335.0,482.0,482.0,1114.0,438.0,0.0,1227.0
1.0,7278.0,1404.0,1531.0,1408.0,373.0,373.0,1066.0,465.0,0.0,1404.0
1.0,7282.0,1481.0,1498.0,650.0,1039.0,1039.0,1012.0,486.0,370.0,1111.0
1.0,6451.0,1802.0,1479.0,482.0,2264.0,2264.0,986.0,493.0,1455.0,347.0
1.0,5131.0,2536.0,1501.0,373.0,4537.0,4537.0,1008.0,493.0,2536.0,0.0
1.0,2968.0,3246.0,1563.0,1039.0,7054.0,7054.0,1070.0,493.0,3246.0,0.0
1.0,761.0,2873.0,1613.0,2264.0,7913.0,7913.0,1125.0,488.0,2873.0,0.0
1.0,152.0,1413.0,1627.0,4537.0,4859.0,4859.0,1152.0,475.0,1413.0,0.0
1.0,3276.0,0.0,1605.0,7054.0,0.0,0.0,1152.0,453.0,0.0,0.0
1.0,10330.0,260.0,1584.0,7913.0,0.0,0.0,1152.0,432.0,0.0,260.0
1.0,17983.0,726.0,1572.0,4859.0,0.0,0.0,1147.0,425.0,0.0,726.0
1.0,22116.0,1189.0,1559.0,0.0,0.0,0.0,1120.0,439.0,0.0,1189.0
1.0,20927.0,1392.0,1540.0,0.0,0.0,0.0,1074.0,466.0,0.0,1392.0
1.0,19535.0,1495.0,1507.0,0.0,0.0,0.0,1020.0,487.0,366.0,1129.0
1.0,18040.0,1855.0,1487.0,0.0,0.0,0.0,992.0,495.0,1452.0,403.0
1.0,16185.0,2538.0,1507.0,0.0,0.0,0.0,1012.0,495.0,2538.0,0.0
1.0,13647.0,3264.0,1570.0,0.0,0.0,0.0,1075.0,495.0,3264.0,0.0
1.0,10383.0,2898.0,1620.0,0.0,615.0,615.0,1130.0,490.0,2898.0,0.0
1.0,7485.0,1449.0,1635.0,0.0,2139.0,2139.0,1158.0,477.0,1449.0,0.0
1.0,6036.0,0.0,1613.0,0.0,2029.0,2029.0,1158.0,455.0,0.0,0.0
1.0,6036.0,292.0,1592.0,615.0,1601.0,1601.0,1158.0,434.0,0.0,292.0
1.0,6359.0,763.0,1578.0,2139.0,155.0,155.0,1151.0,427.0,0.0,763.0
1.0,7735.0,1235.0,1566.0,2029.0,0.0,0.0,1124.0,442.0,0.0,1235.0
1.0,8529.0,1419.0,1544.0,1601.0,0.0,0.0,1075.0,469.0,0.0,1419.0
1.0,8711.0,1598.0,1512.0,155.0,292.0,292.0,1021.0,491.0,467.0,1131.0
1.0,7268.0,1966.0,1494.0,0.0,2168.0,2168.0,996.0,498.0,1587.0,379.0
1.0,5302.0,2701.0,1518.0,0.0,4989.0,4989.0,1020.0,498.0,2701.0,0.0
1.0,2601.0,3360.0,1582.0,292.0,7910.0,7910.0,1084.0,498.0,3360.0,0.0
1.0,0.0,2894.0,1632.0,2168.0,8160.0,8160.0,1140.0,492.0,2894.0,0.0
1.0,0.0,1326.0,1642.0,4989.0,5740.0,5740.0,1165.0,477.0,1326.0,0.0
1.0,2470.0,0.0,1618.0,7910.0,0.0,0.0,1165.0,453.0,0.0,0.0
1.0,10380.0,342.0,1598.0,8160.0,0.0,0.0,1165.0,433.0,0.0,342.0
1.0,18198.0,826.0,1583.0,5740.0,0.0,0.0,1156.0,427.0,0.0,826.0
1.0,23112.0,1311.0,1572.0,0.0,0.0,0.0,1126.0,446.0,0.0,1311.0
1.0,21801.0,1455.0,1548.0,0.0,0.0,0.0,1074.0,474.0,0.0,1455.0
1.0,20346.0,1652.0,1515.0,0.0,0.0,0.0,1020.0,495.0,537.0,1115.0
1.0,18694.0,1969.0,1498.0,0.0,0.0,0.0,997.0,501.0,1675.0,294.0
1.0,16725.0,2809.0,1527.0,0.0,0.0,0.0,1026.0,501.0,2809.0,0.0
1.0,13916.0,3415.0,1593.0,0.0,0.0,0.0,1092.0,501.0,3415.0,0.0
1.0,10501.0,2879.0,1641.0,0.0,583.0,583.0,1147.0,494.0,2879.0,0.0
1.0,7622.0,1208.0,1650.0,0.0,1836.0,1836.0,1171.0,479.0,1208.0,0.0
1.0,6414.0,0.0,1626.0,0.0,1716.0,1716.0,1171.0,455.0,0.0,0.0
1.0,6414.0,355.0,1605.0,583.0,1383.0,1383.0,1171.0,434.0,0.0,355.0
1.0,6642.0,842.0,1591.0,1836.0,319.0,319.0,1162.0,429.0,0.0,842.0
1.0,7636.0,1326.0,1580.0,1716.0,0.0,0.0,1132.0,448.0,0.0,1326.0
1.0,8026.0,1454.0,1556.0,1383.0,0.0,0.0,1080.0,476.0,0.0,1454.0
1.0,7955.0,1602.0,1524.0,319.0,948.0,948.0,1026.0,498.0,502.0,1100.0
1.0,6672.0,1883.0,1505.0,0.0,2736.0,2736.0,1003.0,502.0,1628.0,255.0
1.0,4789.0,2751.0,1533.0,0.0,5627.0,5627.0,1031.0,502.0,2751.0,0.0
1.0,2038.0,3373.0,1598.0,948.0,7990.0,7990.0,1096.0,502.0,3373.0,0.0
1.0,0.0,2859.0,1648.0,2736.0,8240.0,8240.0,1151.0,497.0,2859.0,0.0
1.0,0.0,1226.0,1656.0,5627.0,4389.0,4389.0,1174.0,482.0,1226.0,0.0
1.0,3891.0,0.0,1633.0,7990.0,0.0,0.0,1174.0,459.0,0.0,0.0
1.0,11881.0,316.0,1612.0,8240.0,0.0,0.0,1174.0,438.0,0.0,316.0
1.0,19805.0,790.0,1599.0,4389.0,0.0,0.0,1167.0,432.0,0.0,790.0
1.0,23404.0,1264.0,1588.0,0.0,0.0,0.0,1139.0,449.0,0.0,1264.0
1.0,22140.0,1426.0,1567.0,0.0,0.0,0.0,1090.0,477.0,0.0,1426.0
1.0,20714.0,1530.0,1534.0,0.0,0.0,0.0,1036.0,498.0,420.0,1110.0
1.0,19184.0,1845.0,1514.0,0.0,0.0,0.0,1010.0,504.0,1527.0,318.0
1.0,17339.0,2628.0,1537.0,0.0,0.0,0.0,1033.0,504.0,2628.0,0.0
1.0,14711.0,3311.0,1601.0,0.0,0.0,0.0,1097.0,504.0,3311.0,0.0
1.0,11400.0,2880.0,1651.0,0.0,0.0,0.0,1152.0,499.0,2880.0,0.0
1.0,8520.0,1358.0,1664.0,0.0,1158.0,1158.0,1179.0,485.0,1358.0,0.0
1.0,7162.0,0.0,1641.0,0.0,1043.0,1043.0,1179.0,462.0,0.0,0.0
1.0,7162.0,299.0,1620.0,0.0,1237.0,1237.0,1179.0,441.0,0.0,299.0
1.0,6863.0,774.0,1606.0,1158.0,783.0,783.0,1172.0,434.0,0.0,774.0
1.0,7247.0,1253.0,1595.0,1043.0,938.0,938.0,1144.0,451.0,0.0,1253.0
1.0,7037.0,1428.0,1573.0,1237.0,1019.0,1019.0,1095.0,478.0,0.0,1428.0
1.0,6846.0,1580.0,1541.0,783.0,1656.0,1656.0,1041.0,500.0,453.0,1127.0
1.0,6049.0,1923.0,1522.0,938.0,2546.0,2546.0,1015.0,507.0,1572.0,351.0
1.0,5064.0,2684.0,1546.0,1019.0,4331.0,4331.0,1039.0,507.0,2684.0,0.0
1.0,3399.0,3358.0,1611.0,1656.0,6358.0,6358.0,1104.0,507.0,3358.0,0.0
1.0,1697.0,2908.0,1661.0,2546.0,6970.0,6970.0,1160.0,501.0,2908.0,0.0
1.0,1335.0,1351.0,1672.0,4331.0,4045.0,4045.0,1186.0,486.0,1351.0,0.0
1.0,4315.0,0.0,1649.0,6358.0,0.0,0.0,1186.0,463.0,0.0,0.0
1.0,10673.0,339.0,1628.0,6970.0,0.0,0.0,1186.0,442.0,0.0,339.0
1.0,17304.0,830.0,1613.0,4045.0,0.0,0.0,1177.0,436.0,0.0,830.0
1.0,20519.0,1319.0,1600.0,0.0,0.0,0.0,1146.0,454.0,0.0,1319.0
1.0,19200.0,1470.0,1576.0,0.0,0.0,0.0,1094.0,482.0,0.0,1470.0
1.0,17730.0,1702.0,1544.0,0.0,0.0,0.0,1040.0,504.0,572.0,1130.0
1.0,16028.0,2016.0,1528.0,0.0,0.0,0.0,1018.0,510.0,1715.0,301.0
1.0,14012.0,2873.0,1558.0,0.0,0.0,0.0,1048.0,510.0,2873.0,0.0
1.0,11139.0,3457.0,1624.0,0.0,438.0,438.0,1114.0,510.0,3457.0,0.0
1.0,7682.0,2901.0,1673.0,0.0,3584.0,3584.0,1170.0,503.0,2901.0,0.0
1.0,4781.0,1185.0,1681.0,0.0,4809.0,4809.0,1193.0,488.0,1185.0,0.0
1.0,3596.0,0.0,1655.0,438.0,4241.0,4241.0,1193.0,462.0,0.0,0.0
1.0,4034.0,382.0,1635.0,3584.0,939.0,939.0,1193.0,442.0,0.0,382.0
1.0,7236.0,877.0,1619.0,4809.0,0.0,0.0,1182.0,437.0,0.0,877.0
1.0,11168.0,1376.0,1608.0,4241.0,0.0,0.0,1150.0,458.0,0.0,1376.0
1.0,14033.0,1493.0,1583.0,939.0,0.0,0.0,1096.0,487.0,0.0,1493.0
1.0,13479.0,1735.0,1550.0,0.0,0.0,0.0,1042.0,508.0,618.0,1117.0
1.0,11744.0,2027.0,1534.0,0.0,0.0,0.0,1021.0,513.0,1787.0,240.0
1.0,9717.0,2947.0,1568.0,0.0,1070.0,1070.0,1055.0,513.0,2947.0,0.0
1.0,6770.0,3491.0,1635.0,0.0,4896.0,4896.0,1122.0,513.0,3491.0,0.0
1.0,3279.0,2863.0,1683.0,0.0,7999.0,7999.0,1177.0,506.0,2863.0,0.0
1.0,416.0,1072.0,1688.0,1070.0,8026.0,8026.0,1198.0,490.0,1072.0,0.0
1.0,414.0,0.0,1662.0,4896.0,3000.0,3000.0,1198.0,464.0,0.0,0.0
1.0,5310.0,371.0,1641.0,7999.0,0.0,0.0,1198.0,443.0,0.0,371.0
1.0,12938.0,864.0,1627.0,8026.0,0.0,0.0,1188.0,439.0,0.0,864.0
1.0,20100.0,1356.0,1617.0,3000.0,0.0,0.0,1157.0,460.0,0.0,1356.0
1.0,21744.0,1481.0,1592.0,0.0,0.0,0.0,1104.0,488.0,0.0,1481.0
1.0,20263.0,1664.0,1560.0,0.0,0.0,0.0,1050.0,510.0,558.0,1106.0
1.0,18599.0,1945.0,1541.0,0.0,0.0,0.0,1027.0,514.0,1705.0,240.0
1.0,16654.0,2843.0,1572.0,0.0,0.0,0.0,1058.0,514.0,2843.0,0.0
1.0,13811.0,3429.0,1638.0,0.0,0.0,0.0,1124.0,514.0,3429.0,0.0
1.0,10382.0,2866.0,1687.0,0.0,919.0,919.0,1179.0,508.0,2866.0,0.0
1.0,7516.0,1152.0,1695.0,0.0,2111.0,2111.0,1202.0,493.0,1152.0,0.0
1.0,6364.0,0.0,1671.0,0.0,1991.0,1991.0,1202.0,469.0,0.0,0.0
1.0,6364.0,335.0,1650.0,919.0,1302.0,1302.0,1202.0,448.0,0.0,335.0
1.0,6948.0,824.0,1636.0,2111.0,0.0,0.0,1194.0,442.0,0.0,824.0
1.0,8235.0,1304.0,1625.0,1991.0,0.0,0.0,1164.0,461.0,0.0,1304.0
1.0,8922.0,1452.0,1603.0,1302.0,0.0,0.0,1114.0,489.0,0.0,1452.0
1.0,8772.0,1594.0,1570.0,0.0,672.0,672.0,1059.0,511.0,483.0,1111.0
1.0,7178.0,1900.0,1551.0,0.0,2477.0,2477.0,1035.0,516.0,1610.0,290.0
1.0,5278.0,2741.0,1577.0,0.0,5348.0,5348.0,1061.0,516.0,2741.0,0.0
1.0,2537.0,3388.0,1643.0,672.0,8215.0,8215.0,1127.0,516.0,3388.0,0.0
1.0,0.0,2908.0,1692.0,2477.0,8460.0,8460.0,1182.0,510.0,2908.0,0.0
1.0,0.0,1293.0,1703.0,5348.0,5070.0,5070.0,1207.0,496.0,1293.0,0.0
1.0,3445.0,0.0,1678.0,8215.0,0.0,0.0,1207.0,471.0,0.0,0.0
1.0,11660.0,350.0,1658.0,8460.0,0.0,0.0,1207.0,451.0,0.0,350.0
1.0,19770.0,836.0,1644.0,5070.0,0.0,0.0,1199.0,445.0,0.0,836.0
1.0,24004.0,1323.0,1632.0,0.0,0.0,0.0,1168.0,464.0,0.0,1323.0
1.0,22681.0,1461.0,1609.0,0.0,0.0,0.0,1117.0,492.0,0.0,1461.0
1.0,21220.0,1649.0,1575.0,0.0,0.0,0.0,1062.0,513.0,534.0,1115.0
1.0,19571.0,1970.0,1558.0,0.0,0.0,0.0,1039.0,519.0,1681.0,289.0
1.0,17601.0,2838.0,1587.0,0.0,0.0,0.0,1068.0,519.0,2838.0,0.0
1.0,14763.0,3458.0,1653.0,0.0,0.0,0.0,1134.0,519.0,3458.0,0.0
1.0,11305.0,2938.0,1702.0,0.0,143.0,143.0,1190.0,512.0,2938.0,0.0
1.0,8367.0,1258.0,1711.0,0.0,1446.0,1446.0,1215.0,496.0,1258.0,0.0
1.0,7109.0,0.0,1686.0,0.0,1321.0,1321.0,1215.0,471.0,0.0,0.0
1.0,7109.0,408.0,1666.0,143.0,1486.0,1486.0,1215.0,451.0,0.0,408.0
1.0,6844.0,910.0,1650.0,1446.0,870.0,870.0,1204.0,446.0,0.0,910.0
1.0,7380.0,1412.0,1639.0,1321.0,906.0,906.0,1171.0,468.0,0.0,1412.0
1.0,7289.0,1512.0,1612.0,1486.0,797.0,797.0,1115.0,497.0,0.0,1512.0
1.0,7263.0,1749.0,1579.0,870.0,1511.0,1511.0,1061.0,518.0,642.0,1107.0
1.0,6384.0,2028.0,1563.0,906.0,2553.0,2553.0,1041.0,522.0,1827.0,201.0
1.0,5262.0,3010.0,1598.0,797.0,4941.0,4941.0,1076.0,522.0,3010.0,0.0
1.0,3049.0,3554.0,1666.0,1511.0,7324.0,7324.0,1144.0,522.0,3554.0,0.0
1.0,1006.0,2912.0,1715.0,2553.0,7928.0,7928.0,1200.0,515.0,2912.0,0.0
1.0,647.0,1092.0,1719.0,4941.0,4099.0,4099.0,1221.0,498.0,1092.0,0.0
1.0,4496.0,0.0,1692.0,7324.0,0.0,0.0,1221.0,471.0,0.0,0.0
1.0,11820.0,431.0,1672.0,7928.0,0.0,0.0,1221.0,451.0,0.0,431.0
1.0,19317.0,938.0,1656.0,4099.0,0.0,0.0,1209.0,447.0,0.0,938.0
1.0,22478.0,1451.0,1646.0,0.0,0.0,0.0,1175.0,471.0,0.0,1451.0
1.0,21027.0,1529.0,1618.0,0.0,0.0,0.0,1118.0,500.0,0.0,1529.0
1.0,19498.0,1747.0,1585.0,0.0,0.0,0.0,1064.0,521.0,650.0,1097.0
1.0,17751.0,1984.0,1568.0,0.0,0.0,0.0,1044.0,524.0,1833.0,151.0
1.0,15767.0,3010.0,1605.0,0.0,0.0,0.0,1081.0,524.0,3010.0,0.0
1.0,12757.0,3537.0,1673.0,0.0,0.0,0.0,1149.0,524.0,3537.0,0.0
1.0,9220.0,2885.0,1722.0,0.0,2275.0,2275.0,1205.0,517.0,2885.0,0.0
1.0,6335.0,1053.0,1725.0,0.0,3343.0,3343.0,1225.0,500.0,1053.0,0.0
1.0,5282.0,0.0,1699.0,0.0,3213.0,3213.0,1225.0,474.0,0.0,0.0
1.0,5282.0,399.0,1679.0,2275.0,1237.0,1237.0,1225.0,454.0,0.0,399.0
1.0,7158.0,899.0,1664.0,3343.0,0.0,0.0,1214.0,450.0,0.0,899.0
1.0,9602.0,1403.0,1653.0,3213.0,0.0,0.0,1181.0,472.0,0.0,1403.0
1.0,11412.0,1502.0,1628.0,1237.0,0.0,0.0,1127.0,501.0,0.0,1502.0
1.0,11147.0,1685.0,1594.0,0.0,0.0,0.0,1072.0,522.0,584.0,1101.0
1.0,9462.0,1936.0,1576.0,0.0,354.0,354.0,1050.0,526.0,1742.0,194.0
1.0,7526.0,2904.0,1610.0,0.0,3428.0,3428.0,1084.0,526.0,2904.0,0.0
1.0,4622.0,3478.0,1677.0,0.0,7241.0,7241.0,1151.0,526.0,3478.0,0.0
1.0,1144.0,2897.0,1726.0,354.0,8630.0,8630.0,1207.0,519.0,2897.0,0.0
1.0,0.0,1149.0,1732.0,3428.0,7780.0,7780.0,1229.0,503.0,1149.0,0.0
1.0,880.0,0.0,1707.0,7241.0,414.0,414.0,1229.0,478.0,0.0,0.0
1.0,8121.0,370.0,1687.0,8630.0,0.0,0.0,1229.0,458.0,0.0,370.0
1.0,16381.0,868.0,1672.0,7780.0,0.0,0.0,1219.0,453.0,0.0,868.0
1.0,23293.0,1362.0,1661.0,414.0,0.0,0.0,1188.0,473.0,0.0,1362.0
1.0,22345.0,1484.0,1638.0,0.0,0.0,0.0,1136.0,502.0,0.0,1484.0
1.0,20861.0,1645.0,1604.0,0.0,0.0,0.0,1081.0,523.0,537.0,1108.0
1.0,19216.0,1934.0,1586.0,0.0,0.0,0.0,1058.0,528.0,1694.0,240.0
1.0,17282.0,2843.0,1615.0,0.0,0.0,0.0,1087.0,528.0,2843.0,0.0
1.0,14439.0,3467.0,1682.0,0.0,0.0,0.0,1154.0,528.0,3467.0,0.0
1.0,10972.0,2932.0,1731.0,0.0,615.0,615.0,1210.0,521.0,2932.0,0.0
1.0,8040.0,1258.0,1740.0,0.0,1918.0,1918.0,1235.0,505.0,1258.0,0.0
1.0,6782.0,0.0,1715.0,0.0,1793.0,1793.0,1235.0,480.0,0.0,0.0
1.0,6782.0,402.0,1694.0,615.0,1475.0,1475.0,1235.0,459.0,0.0,402.0
1.0,6995.0,902.0,1679.0,1918.0,384.0,384.0,1224.0,455.0,0.0,902.0
1.0,8011.0,1404.0,1669.0,1793.0,0.0,0.0,1192.0,477.0,0.0,1404.0
1.0,8400.0,1506.0,1643.0,1475.0,0.0,0.0,1137.0,506.0,0.0,1506.0
1.0,8369.0,1745.0,1610.0,384.0,1042.0,1042.0,1083.0,527.0,637.0,1108.0
1.0,7008.0,2028.0,1593.0,0.0,2985.0,2985.0,1062.0,531.0,1814.0,214.0
1.0,4980.0,3003.0,1626.0,0.0,6153.0,6153.0,1095.0,531.0,3003.0,0.0
1.0,1977.0,3551.0,1694.0,1042.0,8470.0,8470.0,1163.0,531.0,3551.0,0.0
1.0,0.0,2930.0,1743.0,2985.0,8715.0,8715.0,1220.0,523.0,2930.0,0.0
1.0,0.0,1124.0,1747.0,6153.0,4183.0,4183.0,1241.0,506.0,1124.0,0.0
1.0,4552.0,0.0,1720.0,8470.0,0.0,0.0,1241.0,479.0,0.0,0.0
1.0,13022.0,458.0,1699.0,8715.0,0.0,0.0,1241.0,458.0,0.0,458.0
1.0,21279.0,972.0,1685.0,4183.0,0.0,0.0,1229.0,456.0,0.0,972.0
1.0,24490.0,1489.0,1674.0,0.0,0.0,0.0,1194.0,480.0,0.0,1489.0
1.0,23001.0,1547.0,1646.0,0.0,0.0,0.0,1136.0,510.0,0.0,1547.0
1.0,21454.0,1839.0,1613.0,0.0,0.0,0.0,1082.0,531.0,744.0,1095.0
1.0,19615.0,2073.0,1597.0,0.0,0.0,0.0,1063.0,534.0,1950.0,123.0
1.0,17542.0,3154.0,1637.0,0.0,0.0,0.0,1103.0,534.0,3154.0,0.0
1.0,14388.0,3620.0,1707.0,0.0,0.0,0.0,1173.0,534.0,3620.0,0.0
1.0,10768.0,2882.0,1753.0,0.0,879.0,879.0,1228.0,525.0,2882.0,0.0
1.0,7886.0,943.0,1753.0,0.0,1822.0,1822.0,1246.0,507.0,943.0,0.0
1.0,6943.0,0.0,1725.0,0.0,1682.0,1682.0,1246.0,479.0,0.0,0.0
1.0,6943.0,470.0,1705.0,879.0,1173.0,1173.0,1246.0,459.0,0.0,470.0
1.0,7352.0,987.0,1691.0,1822.0,268.0,268.0,1234.0,457.0,0.0,987.0
1.0,8187.0,1503.0,1681.0,1682.0,39.0,39.0,1198.0,483.0,0.0,1503.0
1.0,8366.0,1554.0,1654.0,1173.0,285.0,285.0,1141.0,513.0,0.0,1554.0
1.0,7985.0,1827.0,1621.0,268.0,1679.0,1679.0,1087.0,534.0,746.0,1081.0
1.0,6426.0,2040.0,1604.0,39.0,3595.0,3595.0,1069.0,535.0,1947.0,93.0
1.0,4425.0,3153.0,1644.0,285.0,6663.0,6663.0,1109.0,535.0,3153.0,0.0
1.0,1557.0,3605.0,1714.0,1679.0,8570.0,8570.0,1179.0,535.0,3605.0,0.0
1.0,0.0,2856.0,1762.0,3595.0,8440.0,8440.0,1234.0,528.0,2856.0,0.0
1.0,370.0,890.0,1761.0,6663.0,2662.0,2662.0,1251.0,510.0,890.0,0.0
1.0,6143.0,0.0,1734.0,8570.0,0.0,0.0,1251.0,483.0,0.0,0.0
1.0,14713.0,434.0,1714.0,8440.0,0.0,0.0,1251.0,463.0,0.0,434.0
1.0,22719.0,941.0,1699.0,2662.0,0.0,0.0,1239.0,460.0,0.0,941.0
1.0,24440.0,1451.0,1690.0,0.0,0.0,0.0,1206.0,484.0,0.0,1451.0
1.0,22989.0,1523.0,1663.0,0.0,0.0,0.0,1150.0,513.0,0.0,1523.0
1.0,21466.0,1737.0,1630.0,0.0,0.0,0.0,1096.0,534.0,649.0,1088.0
1.0,19729.0,1968.0,1612.0,0.0,0.0,0.0,1075.0,537.0,1826.0,142.0
1.0,17761.0,3001.0,1648.0,0.0,0.0,0.0,1111.0,537.0,3001.0,0.0
1.0,14760.0,3536.0,1716.0,0.0,0.0,0.0,1179.0,537.0,3536.0,0.0
1.0,11224.0,2888.0,1764.0,0.0,484.0,484.0,1234.0,530.0,2888.0,0.0
1.0,8336.0,1065.0,1768.0,0.0,1569.0,1569.0,1255.0,513.0,1065.0,0.0
1.0,7271.0,0.0,1742.0,0.0,1439.0,1439.0,1255.0,487.0,0.0,0.0
1.0,7271.0,416.0,1721.0,484.0,1266.0,1266.0,1255.0,466.0,0.0,416.0
1.0,7339.0,918.0,1707.0,1569.0,545.0,545.0,1244.0,463.0,0.0,918.0
1.0,7990.0,1427.0,1698.0,1439.0,488.0,488.0,1212.0,486.0,0.0,1427.0
1.0,8002.0,1516.0,1672.0,1266.0,608.0,608.0,1157.0,515.0,0.0,1516.0
1.0,7752.0,1743.0,1639.0,545.0,1641.0,1641.0,1103.0,536.0,640.0,1103.0
1.0,6554.0,2003.0,1620.0,488.0,3061.0,3061.0,1081.0,539.0,1821.0,182.0
1.0,5039.0,3012.0,1654.0,608.0,5635.0,5635.0,1115.0,539.0,3012.0,0.0
1.0,2635.0,3559.0,1723.0,1641.0,7898.0,7898.0,1184.0,539.0,3559.0,0.0
1.0,717.0,2925.0,1772.0,3061.0,8007.0,8007.0,1240.0,532.0,2925.0,0.0
1.0,853.0,1110.0,1775.0,5635.0,3497.0,3497.0,1261.0,514.0,1110.0,0.0
1.0,5378.0,0.0,1748.0,7898.0,0.0,0.0,1261.0,487.0,0.0,0.0
1.0,13276.0,449.0,1728.0,8007.0,0.0,0.0,1261.0,467.0,0.0,449.0
1.0,20834.0,968.0,1713.0,3497.0,0.0,0.0,1249.0,464.0,0.0,968.0
1.0,23363.0,1486.0,1703.0,0.0,0.0,0.0,1214.0,489.0,0.0,1486.0
1.0,21877.0,1555.0,1675.0,0.0,0.0,0.0,1156.0,519.0,0.0,1555.0
1.0,20322.0,1859.0,1642.0,0.0,0.0,0.0,1102.0,540.0,753.0,1106.0
1.0,18463.0,2103.0,1627.0,0.0,0.0,0.0,1084.0,543.0,1964.0,139.0
1.0,16360.0,3185.0,1667.0,0.0,0.0,0.0,1124.0,543.0,3185.0,0.0
1.0,13175.0,3656.0,1737.0,0.0,0.0,0.0,1194.0,543.0,3656.0,0.0
1.0,9519.0,2910.0,1784.0,0.0,2311.0,2311.0,1250.0,534.0,2910.0,0.0
1.0,6609.0,956.0,1783.0,0.0,3262.0,3262.0,1268.0,515.0,956.0,0.0
1.0,5653.0,0.0,1754.0,0.0,3117.0,3117.0,1268.0,486.0,0.0,0.0
1.0,5653.0,488.0,1734.0,2311.0,1194.0,1194.0,1268.0,466.0,0.0,488.0
1.0,7476.0,1022.0,1719.0,3262.0,0.0,0.0,1254.0,465.0,0.0,1022.0
1.0,9716.0,1551.0,1708.0,3117.0,0.0,0.0,1216.0,492.0,0.0,1551.0
1.0,11282.0,1592.0,1679.0,1194.0,0.0,0.0,1156.0,523.0,0.0,1592.0
1.0,10884.0,1933.0,1646.0,0.0,0.0,0.0,1102.0,544.0,834.0,1099.0
1.0,8951.0,2141.0,1631.0,0.0,1345.0,1345.0,1086.0,545.0,2062.0,79.0
1.0,6810.0,3298.0,1677.0,0.0,4873.0,4873.0,1132.0,545.0,3298.0,0.0
1.0,3512.0,3696.0,1748.0,0.0,8740.0,8740.0,1203.0,545.0,3696.0,0.0
1.0,0.0,2872.0,1794.0,1345.0,8970.0,8970.0,1258.0,536.0,2872.0,0.0
1.0,0.0,807.0,1791.0,4873.0,6600.0,6600.0,1274.0,517.0,807.0,0.0
1.0,2355.0,0.0,1763.0,8740.0,0.0,0.0,1274.0,489.0,0.0,0.0
1.0,11095.0,478.0,1742.0,8970.0,0.0,0.0,1274.0,468.0,0.0,478.0
1.0,19587.0,1001.0,1725.0,6600.0,0.0,0.0,1259.0,466.0,0.0,1001.0
1.0,25186.0,1526.0,1716.0,0.0,0.0,0.0,1222.0,494.0,0.0,1526.0
1.0,23660.0,1571.0,1685.0,0.0,0.0,0.0,1161.0,524.0,0.0,1571.0
1.0,22089.0,1883.0,1652.0,0.0,0.0,0.0,1107.0,545.0,789.0,1094.0
1.0,20206.0,2098.0,1638.0,0.0,0.0,0.0,1091.0,547.0,2004.0,94.0
1.0,18108.0,3231.0,1683.0,0.0,0.0,0.0,1136.0,547.0,3231.0,0.0
1.0,14877.0,3657.0,1753.0,0.0,0.0,0.0,1206.0,547.0,3657.0,0.0
1.0,11220.0,2867.0,1800.0,0.0,647.0,647.0,1261.0,539.0,2867.0,0.0
1.0,8353.0,845.0,1797.0,0.0,1477.0,1477.0,1277.0,520.0,845.0,0.0
1.0,7508.0,0.0,1770.0,0.0,1342.0,1342.0,1277.0,493.0,0.0,0.0
1.0,7508.0,454.0,1749.0,647.0,1044.0,1044.0,1277.0,472.0,0.0,454.0
1.0,7701.0,970.0,1735.0,1477.0,467.0,467.0,1265.0,470.0,0.0,970.0
1.0,8208.0,1484.0,1726.0,1342.0,564.0,564.0,1230.0,496.0,0.0,1484.0
1.0,8066.0,1548.0,1697.0,1044.0,923.0,923.0,1172.0,525.0,0.0,1548.0
1.0,7562.0,1787.0,1663.0,467.0,2073.0,2073.0,1117.0,546.0,697.0,1090.0
1.0,6242.0,2016.0,1647.0,564.0,3445.0,3445.0,1098.0,549.0,1896.0,120.0
1.0,4790.0,3096.0,1686.0,923.0,5813.0,5813.0,1137.0,549.0,3096.0,0.0
1.0,2617.0,3598.0,1756.0,2073.0,7688.0,7688.0,1207.0,549.0,3598.0,0.0
1.0,1092.0,2909.0,1803.0,3445.0,7387.0,7387.0,1262.0,541.0,2909.0,0.0
1.0,1628.0,1009.0,1805.0,5813.0,2593.0,2593.0,1282.0,523.0,1009.0,0.0
1.0,6432.0,0.0,1777.0,7688.0,0.0,0.0,1282.0,495.0,0.0,0.0
1.0,14120.0,452.0,1757.0,7387.0,0.0,0.0,1282.0,475.0,0.0,452.0
1.0,21055.0,967.0,1742.0,2593.0,0.0,0.0,1270.0,472.0,0.0,967.0
1.0,22681.0,1489.0,1733.0,0.0,0.0,0.0,1235.0,498.0,0.0,1489.0
1.0,21192.0,1555.0,1704.0,0.0,0.0,0.0,1177.0,527.0,0.0,1555.0
1.0,19637.0,1847.0,1671.0,0.0,0.0,0.0,1122.0,549.0,740.0,1107.0
1.0,17790.0,2096.0,1655.0,0.0,0.0,0.0,1104.0,551.0,1958.0,138.0
1.0,15694.0,3173.0,1695.0,0.0,0.0,0.0,1144.0,551.0,3173.0,0.0
1.0,12521.0,3652.0,1765.0,0.0,0.0,0.0,1214.0,551.0,3652.0,0.0
1.0,8869.0,2919.0,1813.0,0.0,3115.0,3115.0,1270.0,543.0,2919.0,0.0
1.0,5950.0,968.0,1812.0,0.0,4078.0,4078.0,1288.0,524.0,968.0,0.0
1.0,4982.0,0.0,1784.0,0.0,3938.0,3938.0,1288.0,496.0,0.0,0.0
1.0,4982.0,488.0,1763.0,3115.0,1206.0,1206.0,1288.0,475.0,0.0,488.0
1.0,7609.0,1017.0,1747.0,4078.0,0.0,0.0,1274.0,473.0,0.0,1017.0
1.0,10670.0,1551.0,1736.0,3938.0,0.0,0.0,1236.0,500.0,0.0,1551.0
1.0,13057.0,1595.0,1706.0,1206.0,0.0,0.0,1175.0,531.0,0.0,1595.0
1.0,12668.0,1973.0,1674.0,0.0,0.0,0.0,1121.0,553.0,861.0,1112.0
1.0,10695.0,2201.0,1660.0,0.0,0.0,0.0,1106.0,554.0,2106.0,95.0
1.0,8494.0,3358.0,1706.0,0.0,3394.0,3394.0,1152.0,554.0,3358.0,0.0
1.0,5136.0,3749.0,1778.0,0.0,7503.0,7503.0,1224.0,554.0,3749.0,0.0
1.0,1387.0,2898.0,1825.0,0.0,9125.0,9125.0,1280.0,545.0,2898.0,0.0
1.0,0.0,794.0,1820.0,3394.0,8011.0,8011.0,1295.0,525.0,794.0,0.0
1.0,1089.0,0.0,1791.0,7503.0,363.0,363.0,1295.0,496.0,0.0,0.0
1.0,8592.0,520.0,1770.0,9125.0,0.0,0.0,1295.0,475.0,0.0,520.0
1.0,17197.0,1064.0,1753.0,8011.0,0.0,0.0,1279.0,474.0,0.0,1064.0
1.0,24144.0,1605.0,1743.0,363.0,0.0,0.0,1239.0,504.0,0.0,1605.0
1.0,22902.0,1624.0,1711.0,0.0,0.0,0.0,1176.0,535.0,0.0,1624.0
1.0,21278.0,2022.0,1679.0,0.0,0.0,0.0,1123.0,556.0,921.0,1101.0
1.0,19256.0,2217.0,1666.0,0.0,0.0,0.0,1109.0,557.0,2179.0,38.0
1.0,17039.0,3438.0,1717.0,0.0,0.0,0.0,1160.0,557.0,3438.0,0.0
1.0,13601.0,3776.0,1789.0,0.0,0.0,0.0,1232.0,557.0,3776.0,0.0
1.0,9825.0,2851.0,1835.0,0.0,2201.0,2201.0,1287.0,548.0,2851.0,0.0
1.0,6974.0,671.0,1828.0,0.0,2837.0,2837.0,1300.0,528.0,671.0,0.0
1.0,6303.0,0.0,1799.0,0.0,2692.0,2692.0,1300.0,499.0,0.0,0.0
1.0,6303.0,499.0,1778.0,2201.0,885.0,885.0,1300.0,478.0,0.0,499.0
1.0,8005.0,1032.0,1762.0,2837.0,0.0,0.0,1285.0,477.0,0.0,1032.0
1.0,9810.0,1565.0,1751.0,2692.0,0.0,0.0,1246.0,505.0,0.0,1565.0
1.0,10937.0,1597.0,1720.0,885.0,0.0,0.0,1184.0,536.0,0.0,1597.0
1.0,10225.0,1937.0,1687.0,0.0,147.0,147.0,1130.0,557.0,837.0,1100.0
1.0,8288.0,2143.0,1673.0,0.0,2220.0,2220.0,1115.0,558.0,2078.0,65.0
1.0,6145.0,3310.0,1720.0,0.0,5765.0,5765.0,1162.0,558.0,3310.0,0.0
1.0,2835.0,3709.0,1792.0,147.0,8960.0,8960.0,1234.0,558.0,3709.0,0.0
1.0,0.0,2864.0,1839.0,2220.0,9195.0,9195.0,1289.0,550.0,2864.0,0.0
1.0,0.0,785.0,1835.0,5765.0,5566.0,5566.0,1304.0,531.0,785.0,0.0
1.0,3609.0,0.0,1807.0,8960.0,0.0,0.0,1304.0,503.0,0.0,0.0
1.0,12569.0,465.0,1786.0,9195.0,0.0,0.0,1304.0,482.0,0.0,465.0
1.0,21299.0,989.0,1770.0,5566.0,0.0,0.0,1290.0,480.0,0.0,989.0
1.0,25876.0,1512.0,1761.0,0.0,0.0,0.0,1254.0,507.0,0.0,1512.0
1.0,24364.0,1577.0,1731.0,0.0,0.0,0.0,1194.0,537.0,0.0,1577.0
1.0,22787.0,1888.0,1698.0,0.0,0.0,0.0,1140.0,558.0,777.0,1111.0
1.0,20899.0,2124.0,1684.0,0.0,0.0,0.0,1123.0,561.0,2001.0,123.0
1.0,18775.0,3228.0,1726.0,0.0,0.0,0.0,1165.0,561.0,3228.0,0.0
1.0,15547.0,3678.0,1797.0,0.0,0.0,0.0,1236.0,561.0,3678.0,0.0
1.0,11869.0,2909.0,1844.0,0.0,260.0,260.0,1292.0,552.0,2909.0,0.0
1.0,8960.0,909.0,1843.0,0.0,1164.0,1164.0,1310.0,533.0,909.0,0.0
1.0,8051.0,0.0,1815.0,0.0,1024.0,1024.0,1310.0,505.0,0.0,0.0
1.0,8051.0,472.0,1794.0,260.0,1131.0,1131.0,1310.0,484.0,0.0,472.0
1.0,7839.0,1002.0,1777.0,1164.0,884.0,884.0,1295.0,482.0,0.0,1002.0
1.0,8001.0,1536.0,1767.0,1024.0,1346.0,1346.0,1258.0,509.0,0.0,1536.0
1.0,7489.0,1596.0,1736.0,1131.0,1656.0,1656.0,1197.0,539.0,0.0,1596.0
1.0,7024.0,1963.0,1704.0,884.0,2575.0,2575.0,1143.0,561.0,837.0,1126.0
1.0,5945.0,2211.0,1690.0,1346.0,3370.0,3370.0,1126.0,564.0,2086.0,125.0
1.0,5080.0,3339.0,1736.0,1656.0,5283.0,5283.0,1172.0,564.0,3339.0,0.0
1.0,3397.0,3753.0,1808.0,2575.0,6821.0,6821.0,1244.0,564.0,3753.0,0.0
1.0,2219.0,2929.0,1855.0,3370.0,6615.0,6615.0,1301.0,554.0,2929.0,0.0
1.0,2660.0,848.0,1852.0,5283.0,2165.0,2165.0,1317.0,535.0,848.0,0.0
1.0,7095.0,0.0,1822.0,6821.0,0.0,0.0,1317.0,505.0,0.0,0.0
1.0,13916.0,516.0,1801.0,6615.0,0.0,0.0,1317.0,484.0,0.0,516.0
1.0,20015.0,1066.0,1783.0,2165.0,0.0,0.0,1300.0,483.0,0.0,1066.0
1.0,21114.0,1609.0,1772.0,0.0,0.0,0.0,1260.0,512.0,0.0,1609.0
1.0,19505.0,1638.0,1739.0,0.0,0.0,0.0,1195.0,544.0,0.0,1638.0
1.0,17867.0,2073.0,1707.0,0.0,0.0,0.0,1142.0,565.0,953.0,1120.0
1.0,15794.0,2293.0,1695.0,0.0,0.0,0.0,1129.0,566.0,2235.0,58.0
1.0,13501.0,3516.0,1747.0,0.0,0.0,0.0,1181.0,566.0,3516.0,0.0
1.0,9985.0,3849.0,1821.0,0.0,2969.0,2969.0,1255.0,566.0,3849.0,0.0
1.0,6136.0,2894.0,1867.0,0.0,6093.0,6093.0,1311.0,556.0,2894.0,0.0
1.0,3242.0,666.0,1860.0,0.0,6724.0,6724.0,1324.0,536.0,666.0,0.0
1.0,2576.0,0.0,1829.0,2969.0,3600.0,3600.0,1324.0,505.0,0.0,0.0
1.0,5545.0,549.0,1808.0,6093.0,0.0,0.0,1324.0,484.0,0.0,549.0
1.0,11089.0,1098.0,1790.0,6724.0,0.0,0.0,1306.0,484.0,0.0,1098.0
1.0,16715.0,1647.0,1779.0,3600.0,0.0,0.0,1264.0,515.0,0.0,1647.0
1.0,18668.0,1648.0,1745.0,0.0,0.0,0.0,1198.0,547.0,0.0,1648.0
1.0,17020.0,2056.0,1712.0,0.0,0.0,0.0,1144.0,568.0,958.0,1098.0
1.0,14964.0,2242.0,1700.0,0.0,0.0,0.0,1132.0,568.0,2239.0,3.0
1.0,12722.0,3519.0,1755.0,0.0,0.0,0.0,1187.0,568.0,3519.0,0.0
1.0,9203.0,3837.0,1828.0,0.0,3774.0,3774.0,1260.0,568.0,3837.0,0.0
1.0,5366.0,2869.0,1875.0,0.0,6878.0,6878.0,1316.0,559.0,2869.0,0.0
1.0,2497.0,626.0,1867.0,0.0,7464.0,7464.0,1328.0,539.0,626.0,0.0
1.0,1871.0,0.0,1837.0,3774.0,3540.0,3540.0,1328.0,509.0,0.0,0.0
1.0,5645.0,531.0,1816.0,6878.0,0.0,0.0,1328.0,488.0,0.0,531.0
1.0,11992.0,1071.0,1800.0,7464.0,0.0,0.0,1312.0,488.0,0.0,1071.0
1.0,18385.0,1610.0,1789.0,3540.0,0.0,0.0,1272.0,517.0,0.0,1610.0
1.0,20315.0,1622.0,1756.0,0.0,0.0,0.0,1208.0,548.0,0.0,1622.0
1.0,18693.0,1965.0,1722.0,0.0,0.0,0.0,1153.0,569.0,877.0,1088.0
1.0,16728.0,2141.0,1709.0,0.0,0.0,0.0,1139.0,570.0,2127.0,14.0
1.0,14587.0,3386.0,1759.0,0.0,0.0,0.0,1189.0,570.0,3386.0,0.0
1.0,11201.0,3758.0,1832.0,0.0,1717.0,1717.0,1262.0,570.0,3758.0,0.0
1.0,7443.0,2883.0,1878.0,0.0,4830.0,4830.0,1317.0,561.0,2883.0,0.0
1.0,4560.0,742.0,1873.0,0.0,5547.0,5547.0,1331.0,542.0,742.0,0.0
1.0,3818.0,0.0,1844.0,1717.0,3685.0,3685.0,1331.0,513.0,0.0,0.0
1.0,5535.0,503.0,1823.0,4830.0,0.0,0.0,1331.0,492.0,0.0,503.0
1.0,9862.0,1036.0,1806.0,5547.0,0.0,0.0,1316.0,490.0,0.0,1036.0
1.0,14373.0,1571.0,1796.0,3685.0,0.0,0.0,1278.0,518.0,0.0,1571.0
1.0,16487.0,1606.0,1765.0,0.0,0.0,0.0,1216.0,549.0,0.0,1606.0
1.0,14881.0,1961.0,1732.0,0.0,0.0,0.0,1162.0,570.0,854.0,1107.0
1.0,12920.0,2180.0,1718.0,0.0,0.0,0.0,1146.0,572.0,2107.0,73.0
1.0,10740.0,3361.0,1765.0,0.0,1446.0,1446.0,1193.0,572.0,3361.0,0.0
1.0,7379.0,3760.0,1838.0,0.0,5571.0,5571.0,1266.0,572.0,3760.0,0.0
1.0,3619.0,2910.0,1885.0,0.0,8716.0,8716.0,1322.0,563.0,2910.0,0.0
1.0,709.0,806.0,1881.0,1446.0,8056.0,8056.0,1337.0,544.0,806.0,0.0
1.0,1349.0,0.0,1851.0,5571.0,2335.0,2335.0,1337.0,514.0,0.0,0.0
1.0,6920.0,523.0,1830.0,8716.0,0.0,0.0,1337.0,493.0,0.0,523.0
1.0,15113.0,1065.0,1813.0,8056.0,0.0,0.0,1321.0,492.0,0.0,1065.0
1.0,22104.0,1615.0,1802.0,2335.0,0.0,0.0,1281.0,521.0,0.0,1615.0
1.0,22824.0,1638.0,1769.0,0.0,0.0,0.0,1217.0,552.0,0.0,1638.0
1.0,21186.0,2083.0,1737.0,0.0,0.0,0.0,1163.0,574.0,962.0,1121.0
1.0,19103.0,2299.0,1725.0,0.0,0.0,0.0,1150.0,575.0,2244.0,55.0
1.0,16804.0,3530.0,1776.0,0.0,0.0,0.0,1201.0,575.0,3530.0,0.0
1.0,13274.0,3854.0,1850.0,0.0,0.0,0.0,1275.0,575.0,3854.0,0.0
1.0,9420.0,2904.0,1896.0,0.0,2964.0,2964.0,1331.0,565.0,2904.0,0.0
1.0,6516.0,670.0,1889.0,0.0,3599.0,3599.0,1344.0,545.0,670.0,0.0
1.0,5846.0,9.0,1858.0,0.0,3453.0,3453.0,1344.0,514.0,0.0,9.0
1.0,5837.0,565.0,1837.0,2964.0,949.0,949.0,1344.0,493.0,0.0,565.0
1.0,8236.0,1125.0,1819.0,3599.0,0.0,0.0,1326.0,493.0,0.0,1125.0
1.0,10710.0,1675.0,1807.0,3453.0,0.0,0.0,1283.0,524.0,0.0,1675.0
1.0,12488.0,1667.0,1771.0,949.0,0.0,0.0,1215.0,556.0,0.0,1667.0
1.0,11770.0,2157.0,1740.0,0.0,0.0,0.0,1162.0,578.0,1055.0,1102.0
1.0,9613.0,2361.0,1729.0,0.0,1393.0,1393.0,1151.0,578.0,2361.0,0.0
1.0,7252.0,3671.0,1787.0,0.0,5354.0,5354.0,1209.0,578.0,3671.0,0.0
1.0,3581.0,3922.0,1862.0,0.0,9310.0,9310.0,1284.0,578.0,3922.0,0.0
1.0,0.0,2873.0,1907.0,1393.0,9535.0,9535.0,1340.0,567.0,2873.0,0.0
1.0,0.0,507.0,1895.0,5354.0,6449.0,6449.0,1349.0,546.0,507.0,0.0
1.0,3026.0,19.0,1864.0,9310.0,0.0,0.0,1349.0,515.0,0.0,19.0
1.0,12317.0,583.0,1843.0,9535.0,0.0,0.0,1349.0,494.0,0.0,583.0
1.0,21269.0,1142.0,1826.0,6449.0,0.0,0.0,1331.0,495.0,0.0,1142.0
1.0,26576.0,1682.0,1815.0,0.0,0.0,0.0,1288.0,527.0,0.0,1682.0
1.0,24894.0,1656.0,1779.0,0.0,0.0,0.0,1220.0,559.0,0.0,1656.0
1.0,23238.0,2107.0,1746.0,0.0,0.0,0.0,1166.0,580.0,1036.0,1071.0
1.0,21131.0,2332.0,1736.0,0.0,0.0,0.0,1156.0,580.0,2332.0,0.0
1.0,18799.0,3629.0,1794.0,0.0,0.0,0.0,1214.0,580.0,3629.0,0.0
1.0,15170.0,3887.0,1869.0,0.0,0.0,0.0,1289.0,580.0,3887.0,0.0
1.0,11283.0,2850.0,1913.0,0.0,1132.0,1132.0,1343.0,570.0,2850.0,0.0
1.0,8433.0,508.0,1902.0,0.0,1585.0,1585.0,1353.0,549.0,508.0,0.0
1.0,7925.0,0.0,1871.0,0.0,1430.0,1430.0,1353.0,518.0,0.0,0.0
1.0,7925.0,544.0,1850.0,1132.0,737.0,737.0,1353.0,497.0,0.0,544.0
1.0,8513.0,1095.0,1833.0,1585.0,162.0,162.0,1336.0,497.0,0.0,1095.0
1.0,9003.0,1642.0,1824.0,1430.0,329.0,329.0,1295.0,529.0,0.0,1642.0
1.0,8791.0,1645.0,1790.0,737.0,1067.0,1067.0,1230.0,560.0,0.0,1645.0
1.0,7883.0,2063.0,1758.0,162.0,2808.0,2808.0,1177.0,581.0,962.0,1101.0
1.0,5982.0,2245.0,1746.0,329.0,4664.0,4664.0,1164.0,582.0,2240.0,5.0
1.0,4066.0,3510.0,1799.0,1067.0,7372.0,7372.0,1217.0,582.0,3510.0,0.0
1.0,1623.0,3826.0,1873.0,2808.0,8760.0,8760.0,1291.0,582.0,3826.0,0.0
1.0,605.0,2853.0,1918.0,4664.0,7174.0,7174.0,1346.0,572.0,2853.0,0.0
1.0,2416.0,620.0,1910.0,7372.0,382.0,382.0,1358.0,552.0,620.0,0.0
1.0,9168.0,0.0,1880.0,8760.0,0.0,0.0,1358.0,522.0,0.0,0.0
1.0,17928.0,526.0,1859.0,7174.0,0.0,0.0,1358.0,501.0,0.0,526.0
1.0,24576.0,1071.0,1841.0,382.0,0.0,0.0,1341.0,500.0,0.0,1071.0
1.0,23887.0,1617.0,1831.0,0.0,0.0,0.0,1301.0,530.0,0.0,1617.0
1.0,22270.0,1643.0,1798.0,0.0,0.0,0.0,1236.0,562.0,0.0,1643.0
1.0,20627.0,2095.0,1766.0,0.0,0.0,0.0,1183.0,583.0,975.0,1120.0
1.0,18532.0,2314.0,1754.0,0.0,0.0,0.0,1170.0,584.0,2262.0,52.0
1.0,16218.0,3552.0,1807.0,0.0,0.0,0.0,1223.0,584.0,3552.0,0.0
1.0,12666.0,3868.0,1881.0,0.0,607.0,607.0,1297.0,584.0,3868.0,0.0
1.0,8798.0,2903.0,1927.0,0.0,3740.0,3740.0,1353.0,574.0,2903.0,0.0
1.0,5895.0,642.0,1920.0,0.0,4347.0,4347.0,1366.0,554.0,642.0,0.0
1.0,5253.0,9.0,1889.0,607.0,3594.0,3594.0,1366.0,523.0,0.0,9.0
1.0,5851.0,564.0,1868.0,3740.0,313.0,313.0,1366.0,502.0,0.0,564.0
1.0,9027.0,1127.0,1849.0,4347.0,0.0,0.0,1347.0,502.0,0.0,1127.0
1.0,12247.0,1677.0,1837.0,3594.0,0.0,0.0,1304.0,533.0,0.0,1677.0
1.0,14164.0,1674.0,1802.0,313.0,0.0,0.0,1236.0,566.0,0.0,1674.0
1.0,12803.0,2168.0,1769.0,0.0,0.0,0.0,1182.0,587.0,1059.0,1109.0
1.0,10635.0,2370.0,1759.0,0.0,530.0,530.0,1172.0,587.0,2370.0,0.0
1.0,8265.0,3693.0,1817.0,0.0,4513.0,4513.0,1230.0,587.0,3693.0,0.0
1.0,4572.0,3952.0,1893.0,0.0,8845.0,8845.0,1306.0,587.0,3952.0,0.0
1.0,620.0,2909.0,1938.0,530.0,9690.0,9690.0,1362.0,576.0,2909.0,0.0
1.0,0.0,540.0,1926.0,4513.0,7416.0,7416.0,1372.0,554.0,540.0,0.0
1.0,2214.0,50.0,1895.0,8845.0,0.0,0.0,1372.0,523.0,0.0,50.0
1.0,11009.0,623.0,1875.0,9690.0,0.0,0.0,1372.0,503.0,0.0,623.0
1.0,20076.0,1193.0,1857.0,7416.0,0.0,0.0,1352.0,505.0,0.0,1193.0
1.0,26299.0,1713.0,1845.0,0.0,0.0,0.0,1307.0,538.0,0.0,1713.0
1.0,24586.0,1661.0,1806.0,0.0,0.0,0.0,1236.0,570.0,0.0,1661.0
1.0,22925.0,2179.0,1773.0,0.0,0.0,0.0,1183.0,590.0,1135.0,1044.0
1.0,20746.0,2473.0,1765.0,0.0,0.0,0.0,1175.0,590.0,2473.0,0.0
1.0,18273.0,3804.0,1828.0,0.0,0.0,0.0,1238.0,590.0,3804.0,0.0
1.0,14469.0,4007.0,1904.0,0.0,0.0,0.0,1315.0,589.0,4007.0,0.0
1.0,10462.0,2858.0,1948.0,0.0,2136.0,2136.0,1370.0,578.0,2858.0,0.0
1.0,7604.0,374.0,1933.0,0.0,2435.0,2435.0,1377.0,556.0,374.0,0.0
1.0,7230.0,48.0,1902.0,0.0,2328.0,2328.0,1377.0,525.0,0.0,48.0
1.0,7182.0,615.0,1882.0,2136.0,707.0,707.0,1377.0,505.0,0.0,615.0
1.0,8703.0,1182.0,1865.0,2435.0,0.0,0.0,1358.0,507.0,0.0,1182.0
1.0,9956.0,1699.0,1852.0,2328.0,0.0,0.0,1313.0,539.0,0.0,1699.0
1.0,10585.0,1655.0,1814.0,707.0,0.0,0.0,1243.0,571.0,0.0,1655.0
1.0,9637.0,2117.0,1780.0,0.0,1380.0,1380.0,1189.0,591.0,1080.0,1037.0
1.0,7520.0,2394.0,1771.0,0.0,3729.0,3729.0,1180.0,591.0,2394.0,0.0
1.0,5126.0,3705.0,1833.0,0.0,7744.0,7744.0,1242.0,591.0,3705.0,0.0
1.0,1421.0,3932.0,1908.0,1380.0,9540.0,9540.0,1317.0,591.0,3932.0,0.0
1.0,0.0,2850.0,1953.0,3729.0,9765.0,9765.0,1372.0,581.0,2850.0,0.0
1.0,0.0,447.0,1941.0,7744.0,2660.0,2660.0,1381.0,560.0,447.0,0.0
1.0,7045.0,12.0,1909.0,9540.0,0.0,0.0,1381.0,528.0,0.0,12.0
1.0,16573.0,569.0,1889.0,9765.0,0.0,0.0,1381.0,508.0,0.0,569.0
1.0,25769.0,1125.0,1870.0,2660.0,0.0,0.0,1362.0,508.0,0.0,1125.0
1.0,27304.0,1669.0,1859.0,0.0,0.0,0.0,1319.0,540.0,0.0,1669.0
1.0,25635.0,1661.0,1824.0,0.0,0.0,0.0,1252.0,572.0,0.0,1661.0
1.0,23974.0,2116.0,1791.0,0.0,0.0,0.0,1198.0,593.0,1025.0,1091.0
1.0,21858.0,2325.0,1781.0,0.0,0.0,0.0,1188.0,593.0,2325.0,0.0
1.0,19533.0,3620.0,1838.0,0.0,0.0,0.0,1245.0,593.0,3620.0,0.0
1.0,15913.0,3893.0,1913.0,0.0,0.0,0.0,1320.0,593.0,3893.0,0.0
1.0,12020.0,2864.0,1958.0,0.0,634.0,634.0,1375.0,583.0,2864.0,0.0
1.0,9156.0,543.0,1948.0,0.0,1127.0,1127.0,1386.0,562.0,543.0,0.0
1.0,8613.0,7.0,1917.0,0.0,979.0,979.0,1386.0,531.0,0.0,7.0
1.0,8606.0,565.0,1897.0,634.0,810.0,810.0,1386.0,511.0,0.0,565.0
1.0,8675.0,1124.0,1878.0,1127.0,712.0,712.0,1367.0,511.0,0.0,1124.0
1.0,8678.0,1681.0,1865.0,979.0,1349.0,1349.0,1323.0,542.0,0.0,1681.0
1.0,7976.0,1674.0,1829.0,810.0,2033.0,2033.0,1255.0,574.0,0.0,1674.0
1.0,7112.0,2187.0,1797.0,712.0,3348.0,3348.0,1201.0,596.0,1076.0,1111.0
1.0,5637.0,2390.0,1788.0,1349.0,4344.0,4344.0,1192.0,596.0,2390.0,0.0
1.0,4596.0,3715.0,1847.0,2033.0,6321.0,6321.0,1251.0,596.0,3715.0,0.0
1.0,2914.0,3959.0,1922.0,3348.0,7307.0,7307.0,1327.0,595.0,3959.0,0.0
1.0,2303.0,2894.0,1967.0,4344.0,6082.0,6082.0,1382.0,585.0,2894.0,0.0
1.0,3753.0,505.0,1955.0,6321.0,206.0,206.0,1392.0,563.0,505.0,0.0
1.0,9569.0,47.0,1924.0,7307.0,0.0,0.0,1392.0,532.0,0.0,47.0
1.0,16829.0,616.0,1903.0,6082.0,0.0,0.0,1392.0,511.0,0.0,616.0
1.0,22295.0,1189.0,1885.0,206.0,0.0,0.0,1372.0,513.0,0.0,1189.0
1.0,21312.0,1722.0,1872.0,0.0,0.0,0.0,1326.0,546.0,0.0,1722.0
1.0,19590.0,1680.0,1833.0,0.0,0.0,0.0,1255.0,578.0,0.0,1680.0
1.0,17910.0,2240.0,1801.0,0.0,0.0,0.0,1202.0,599.0,1174.0,1066.0
1.0,15670.0,2526.0,1793.0,0.0,0.0,0.0,1194.0,599.0,2526.0,0.0
1.0,13144.0,3870.0,1857.0,0.0,11.0,11.0,1258.0,599.0,3870.0,0.0
1.0,9274.0,4046.0,1934.0,0.0,4442.0,4442.0,1336.0,598.0,4046.0,0.0
1.0,5228.0,2877.0,1978.0,0.0,7539.0,7539.0,1392.0,586.0,2877.0,0.0
1.0,2351.0,364.0,1962.0,11.0,7812.0,7812.0,1399.0,563.0,364.0,0.0
1.0,1998.0,76.0,1930.0,4442.0,3286.0,3286.0,1399.0,531.0,0.0,76.0
1.0,6364.0,656.0,1911.0,7539.0,0.0,0.0,1399.0,512.0,0.0,656.0
1.0,13247.0,1242.0,1893.0,7812.0,0.0,0.0,1377.0,516.0,0.0,1242.0
1.0,19817.0,1746.0,1878.0,3286.0,0.0,0.0,1329.0,549.0,0.0,1746.0
1.0,21357.0,1671.0,1837.0,0.0,0.0,0.0,1256.0,581.0,0.0,1671.0
1.0,19686.0,2230.0,1803.0,0.0,0.0,0.0,1202.0,601.0,1219.0,1011.0
1.0,17456.0,2571.0,1798.0,0.0,0.0,0.0,1197.0,601.0,2571.0,0.0
1.0,14885.0,3929.0,1866.0,0.0,0.0,0.0,1265.0,601.0,3929.0,0.0
1.0,10956.0,4058.0,1943.0,0.0,2817.0,2817.0,1343.0,600.0,4058.0,0.0
1.0,6898.0,2843.0,1986.0,0.0,5875.0,5875.0,1398.0,588.0,2843.0,0.0
1.0,4055.0,260.0,1968.0,0.0,6045.0,6045.0,1403.0,565.0,260.0,0.0
1.0,3795.0,57.0,1937.0,2817.0,3130.0,3130.0,1403.0,534.0,0.0,57.0
1.0,6555.0,635.0,1917.0,5875.0,0.0,0.0,1403.0,514.0,0.0,635.0
1.0,11795.0,1209.0,1900.0,6045.0,0.0,0.0,1382.0,518.0,0.0,1209.0
1.0,16631.0,1725.0,1887.0,3130.0,0.0,0.0,1336.0,551.0,0.0,1725.0
1.0,18036.0,1663.0,1848.0,0.0,0.0,0.0,1265.0,583.0,0.0,1663.0
1.0,16373.0,2167.0,1813.0,0.0,0.0,0.0,1211.0,602.0,1142.0,1025.0
1.0,14206.0,2478.0,1806.0,0.0,0.0,0.0,1204.0,602.0,2478.0,0.0
1.0,11728.0,3801.0,1871.0,0.0,1428.0,1428.0,1269.0,602.0,3801.0,0.0
1.0,7927.0,3985.0,1947.0,0.0,5793.0,5793.0,1345.0,602.0,3985.0,0.0
1.0,3942.0,2833.0,1991.0,0.0,8846.0,8846.0,1400.0,591.0,2833.0,0.0
1.0,1109.0,358.0,1977.0,1428.0,7706.0,7706.0,1407.0,570.0,358.0,0.0
1.0,2179.0,27.0,1945.0,5793.0,1780.0,1780.0,1407.0,538.0,0.0,27.0
1.0,7945.0,595.0,1925.0,8846.0,0.0,0.0,1407.0,518.0,0.0,595.0
1.0,16196.0,1161.0,1906.0,7706.0,0.0,0.0,1387.0,519.0,0.0,1161.0
1.0,22741.0,1699.0,1894.0,1780.0,0.0,0.0,1342.0,552.0,0.0,1699.0
1.0,22822.0,1669.0,1857.0,0.0,0.0,0.0,1273.0,584.0,0.0,1669.0
1.0,21153.0,2198.0,1823.0,0.0,0.0,0.0,1219.0,604.0,1119.0,1079.0
1.0,18955.0,2444.0,1815.0,0.0,0.0,0.0,1211.0,604.0,2444.0,0.0
1.0,16511.0,3764.0,1877.0,0.0,0.0,0.0,1273.0,604.0,3764.0,0.0
1.0,12747.0,3969.0,1953.0,0.0,987.0,987.0,1349.0,604.0,3969.0,0.0
1.0,8778.0,2849.0,1997.0,0.0,4056.0,4056.0,1404.0,593.0,2849.0,0.0
1.0,5929.0,417.0,1984.0,0.0,4408.0,4408.0,1412.0,572.0,417.0,0.0
1.0,5512.0,40.0,1952.0,987.0,3301.0,3301.0,1412.0,540.0,0.0,40.0
1.0,6459.0,611.0,1932.0,4056.0,0.0,0.0,1412.0,520.0,0.0,611.0
1.0,9904.0,1183.0,1913.0,4408.0,0.0,0.0,1392.0,521.0,0.0,1183.0
1.0,13129.0,1715.0,1900.0,3301.0,0.0,0.0,1346.0,554.0,0.0,1715.0
1.0,14715.0,1683.0,1860.0,0.0,0.0,0.0,1274.0,586.0,0.0,1683.0
1.0,13032.0,2280.0,1828.0,0.0,0.0,0.0,1221.0,607.0,1205.0,1075.0
1.0,10752.0,2553.0,1822.0,0.0,911.0,911.0,1215.0,607.0,2553.0,0.0
1.0,8199.0,3904.0,1887.0,0.0,5140.0,5140.0,1280.0,607.0,3904.0,0.0
1.0,4295.0,4057.0,1964.0,0.0,9582.0,9582.0,1358.0,606.0,4057.0,0.0
1.0,238.0,2860.0,2007.0,911.0,10035.0,10035.0,1413.0,594.0,2860.0,0.0
1.0,0.0,323.0,1991.0,5140.0,6849.0,6849.0,1419.0,572.0,323.0,0.0
1.0,3106.0,91.0,1959.0,9582.0,0.0,0.0,1419.0,540.0,0.0,91.0
1.0,12597.0,676.0,1940.0,10035.0,0.0,0.0,1419.0,521.0,0.0,676.0
1.0,21956.0,1264.0,1922.0,6849.0,0.0,0.0,1397.0,525.0,0.0,1264.0
1.0,27541.0,1765.0,1907.0,0.0,0.0,0.0,1348.0,559.0,0.0,1765.0
1.0,25776.0,1677.0,1865.0,0.0,0.0,0.0,1274.0,591.0,0.0,1677.0
1.0,24099.0,2315.0,1831.0,0.0,0.0,0.0,1221.0,610.0,1313.0,1002.0
1.0,21784.0,2691.0,1827.0,0.0,0.0,0.0,1217.0,610.0,2691.0,0.0
1.0,19093.0,4075.0,1899.0,0.0,0.0,0.0,1289.0,610.0,4075.0,0.0
1.0,15018.0,4141.0,1977.0,0.0,0.0,0.0,1368.0,609.0,4141.0,0.0
1.0,10877.0,2833.0,2019.0,0.0,2051.0,2051.0,1423.0,596.0,2833.0,0.0
1.0,8044.0,137.0,1998.0,0.0,2083.0,2083.0,1426.0,572.0,137.0,0.0
1.0,7907.0,108.0,1967.0,0.0,2036.0,2036.0,1426.0,541.0,0.0,108.0
1.0,7799.0,699.0,1948.0,2051.0,589.0,589.0,1426.0,522.0,0.0,699.0
1.0,9151.0,1296.0,1929.0,2083.0,0.0,0.0,1402.0,527.0,0.0,1296.0
1.0,9938.0,1777.0,1915.0,2036.0,0.0,0.0,1353.0,562.0,0.0,1777.0
1.0,10197.0,1668.0,1871.0,589.0,237.0,237.0,1277.0,594.0,0.0,1668.0
1.0,9118.0,2261.0,1836.0,0.0,2323.0,2323.0,1224.0,612.0,1301.0,960.0
1.0,6857.0,2673.0,1833.0,0.0,4981.0,4981.0,1221.0,612.0,2673.0,0.0
1.0,4184.0,4051.0,1906.0,237.0,9160.0,9160.0,1294.0,612.0,4051.0,0.0
1.0,370.0,4116.0,1984.0,2323.0,9920.0,9920.0,1373.0,611.0,4116.0,0.0
1.0,0.0,2816.0,2026.0,4981.0,9388.0,9388.0,1427.0,599.0,2816.0,0.0
1.0,742.0,131.0,2006.0,9160.0,259.0,259.0,1430.0,576.0,131.0,0.0
1.0,9771.0,78.0,1974.0,9920.0,0.0,0.0,1430.0,544.0,0.0,78.0
1.0,19613.0,667.0,1955.0,9388.0,0.0,0.0,1430.0,525.0,0.0,667.0
1.0,28334.0,1248.0,1937.0,259.0,0.0,0.0,1408.0,529.0,0.0,1248.0
1.0,27345.0,1750.0,1923.0,0.0,0.0,0.0,1360.0,563.0,0.0,1750.0
1.0,25595.0,1663.0,1882.0,0.0,0.0,0.0,1287.0,595.0,0.0,1663.0
1.0,23932.0,2224.0,1848.0,0.0,0.0,0.0,1234.0,614.0,1224.0,1000.0
1.0,21708.0,2578.0,1843.0,0.0,0.0,0.0,1229.0,614.0,2578.0,0.0
1.0,19130.0,3927.0,1912.0,0.0,0.0,0.0,1298.0,614.0,3927.0,0.0
1.0,15203.0,4057.0,1989.0,0.0,0.0,0.0,1376.0,613.0,4057.0,0.0
1.0,11146.0,2824.0,2032.0,0.0,1838.0,1838.0,1430.0,602.0,2824.0,0.0
1.0,8322.0,246.0,2015.0,0.0,1999.0,1999.0,1435.0,580.0,246.0,0.0
1.0,8076.0,53.0,1983.0,0.0,1892.0,1892.0,1435.0,548.0,0.0,53.0
1.0,8023.0,628.0,1963.0,1838.0,582.0,582.0,1435.0,528.0,0.0,628.0
1.0,9233.0,1202.0,1943.0,1999.0,0.0,0.0,1413.0,530.0,0.0,1202.0
1.0,10030.0,1725.0,1930.0,1892.0,0.0,0.0,1366.0,564.0,0.0,1725.0
1.0,10197.0,1680.0,1890.0,582.0,351.0,351.0,1294.0,596.0,0.0,1680.0
1.0,9099.0,2248.0,1856.0,0.0,2429.0,2429.0,1240.0,616.0,1193.0,1055.0
1.0,6851.0,2546.0,1850.0,0.0,4945.0,4945.0,1234.0,616.0,2546.0,0.0
1.0,4305.0,3897.0,1917.0,351.0,8826.0,8826.0,1301.0,616.0,3897.0,0.0
1.0,759.0,4065.0,1995.0,2429.0,9975.0,9975.0,1380.0,615.0,4065.0,0.0
1.0,0.0,2876.0,2039.0,4945.0,9003.0,9003.0,1435.0,604.0,2876.0,0.0
1.0,1192.0,341.0,2022.0,8826.0,433.0,433.0,1441.0,581.0,341.0,0.0
1.0,9677.0,85.0,1991.0,9975.0,0.0,0.0,1441.0,550.0,0.0,85.0
1.0,19567.0,670.0,1971.0,9003.0,0.0,0.0,1441.0,530.0,0.0,670.0
1.0,27900.0,1257.0,1952.0,433.0,0.0,0.0,1418.0,534.0,0.0,1257.0
1.0,27076.0,1766.0,1937.0,0.0,0.0,0.0,1369.0,568.0,0.0,1766.0
1.0,25310.0,1684.0,1894.0,0.0,0.0,0.0,1294.0,600.0,0.0,1684.0
1.0,23626.0,2317.0,1860.0,0.0,0.0,0.0,1241.0,619.0,1298.0,1019.0
1.0,21309.0,2680.0,1857.0,0.0,0.0,0.0,1238.0,619.0,2680.0,0.0
1.0,18629.0,4070.0,1929.0,0.0,0.0,0.0,1310.0,619.0,4070.0,0.0
1.0,14559.0,4157.0,2008.0,0.0,0.0,0.0,1390.0,618.0,4157.0,0.0
1.0,10402.0,2873.0,2050.0,0.0,2721.0,2721.0,1445.0,605.0,2873.0,0.0
1.0,7529.0,194.0,2029.0,0.0,2810.0,2810.0,1449.0,580.0,194.0,0.0
1.0,7335.0,125.0,1998.0,0.0,2780.0,2780.0,1449.0,549.0,0.0,125.0
1.0,7210.0,732.0,1980.0,2721.0,701.0,701.0,1449.0,531.0,0.0,732.0
1.0,9199.0,1333.0,1960.0,2810.0,0.0,0.0,1423.0,537.0,0.0,1333.0
1.0,10676.0,1808.0,1944.0,2780.0,0.0,0.0,1372.0,572.0,0.0,1808.0
1.0,11648.0,1677.0,1897.0,701.0,0.0,0.0,1293.0,604.0,0.0,1677.0
1.0,10672.0,2332.0,1862.0,0.0,970.0,970.0,1240.0,622.0,1387.0,945.0
1.0,8340.0,2787.0,1861.0,0.0,3752.0,3752.0,1239.0,622.0,2787.0,0.0
1.0,5553.0,4196.0,1939.0,0.0,8338.0,8338.0,1317.0,622.0,4196.0,0.0
1.0,1357.0,4208.0,2018.0,970.0,10090.0,10090.0,1398.0,620.0,4208.0,0.0
1.0,0.0,2829.0,2060.0,3752.0,10300.0,10300.0,1453.0,607.0,2829.0,0.0
1.0,0.0,36.0,2035.0,8338.0,2831.0,2831.0,1453.0,582.0,36.0,0.0
1.0,7344.0,124.0,2003.0,10090.0,0.0,0.0,1453.0,550.0,0.0,124.0
1.0,17310.0,730.0,1985.0,10300.0,0.0,0.0,1453.0,532.0,0.0,730.0
1.0,26880.0,1330.0,1967.0,2831.0,0.0,0.0,1428.0,539.0,0.0,1330.0
1.0,28381.0,1806.0,1951.0,0.0,0.0,0.0,1377.0,574.0,0.0,1806.0
1.0,26575.0,1675.0,1905.0,0.0,0.0,0.0,1299.0,606.0,0.0,1675.0
1.0,24900.0,2324.0,1870.0,0.0,0.0,0.0,1246.0,624.0,1376.0,948.0
1.0,22576.0,2771.0,1870.0,0.0,0.0,0.0,1246.0,624.0,2771.0,0.0
1.0,19805.0,4159.0,1947.0,0.0,0.0,0.0,1323.0,624.0,4159.0,0.0
1.0,15646.0,4175.0,2026.0,0.0,0.0,0.0,1403.0,623.0,4175.0,0.0
1.0,11471.0,2790.0,2067.0,0.0,1654.0,1654.0,1457.0,610.0,2790.0,0.0
1.0,8681.0,7.0,2043.0,0.0,1541.0,1541.0,1457.0,586.0,7.0,0.0
1.0,8674.0,84.0,2011.0,0.0,1465.0,1465.0,1457.0,554.0,0.0,84.0
1.0,8590.0,675.0,1992.0,1654.0,391.0,391.0,1457.0,535.0,0.0,675.0
1.0,9569.0,1265.0,1974.0,1541.0,25.0,25.0,1434.0,540.0,0.0,1265.0
1.0,9845.0,1771.0,1958.0,1465.0,251.0,251.0,1384.0,574.0,0.0,1771.0
1.0,9539.0,1690.0,1915.0,391.0,1335.0,1335.0,1308.0,607.0,0.0,1690.0
1.0,8240.0,2323.0,1882.0,25.0,3468.0,3468.0,1256.0,626.0,1309.0,1014.0
1.0,5942.0,2686.0,1879.0,251.0,5888.0,5888.0,1253.0,626.0,2686.0,0.0
1.0,3507.0,4053.0,1952.0,1335.0,8971.0,8971.0,1326.0,626.0,4053.0,0.0
1.0,789.0,4115.0,2030.0,3468.0,10008.0,10008.0,1405.0,625.0,4115.0,0.0
1.0,142.0,2798.0,2072.0,5888.0,7128.0,7128.0,1459.0,613.0,2798.0,0.0
1.0,3232.0,119.0,2051.0,8971.0,0.0,0.0,1461.0,590.0,119.0,0.0
1.0,12084.0,67.0,2019.0,10008.0,0.0,0.0,1461.0,558.0,0.0,67.0
1.0,22025.0,654.0,1999.0,7128.0,0.0,0.0,1461.0,538.0,0.0,654.0
1.0,28499.0,1241.0,1980.0,0.0,0.0,0.0,1438.0,542.0,0.0,1241.0
1.0,27258.0,1767.0,1965.0,0.0,0.0,0.0,1389.0,576.0,0.0,1767.0
1.0,25491.0,1701.0,1924.0,0.0,0.0,0.0,1315.0,609.0,0.0,1701.0
1.0,23790.0,2375.0,1891.0,0.0,0.0,0.0,1262.0,629.0,1327.0,1048.0
1.0,21415.0,2712.0,1888.0,0.0,0.0,0.0,1259.0,629.0,2712.0,0.0
1.0,18703.0,4091.0,1960.0,0.0,0.0,0.0,1331.0,629.0,4091.0,0.0
1.0,14612.0,4153.0,2038.0,0.0,0.0,0.0,1411.0,627.0,4153.0,0.0
1.0,10459.0,2833.0,2079.0,0.0,2769.0,2769.0,1465.0,614.0,2833.0,0.0
1.0,7626.0,140.0,2058.0,0.0,2804.0,2804.0,1468.0,590.0,140.0,0.0
1.0,7486.0,104.0,2026.0,0.0,2748.0,2748.0,1468.0,558.0,0.0,104.0
1.0,7382.0,704.0,2007.0,2769.0,588.0,588.0,1468.0,539.0,0.0,704.0
1.0,9447.0,1310.0,1988.0,2804.0,0.0,0.0,1443.0,545.0,0.0,1310.0
1.0,10941.0,1808.0,1971.0,2748.0,0.0,0.0,1391.0,580.0,0.0,1808.0
1.0,11881.0,1736.0,1926.0,588.0,0.0,0.0,1314.0,612.0,29.0,1707.0
1.0,10733.0,2447.0,1893.0,0.0,1179.0,1179.0,1261.0,632.0,1444.0,1003.0
1.0,8286.0,2859.0,1893.0,0.0,4038.0,4038.0,1261.0,632.0,2859.0,0.0
1.0,5427.0,4247.0,1971.0,0.0,8675.0,8675.0,1339.0,632.0,4247.0,0.0
1.0,1180.0,4225.0,2049.0,1179.0,10245.0,10245.0,1420.0,629.0,4225.0,0.0
1.0,0.0,2788.0,2089.0,4038.0,10445.0,10445.0,1474.0,615.0,2788.0,0.0
1.0,0.0,0.0,2064.0,8675.0,2261.0,2261.0,1474.0,590.0,0.0,0.0
1.0,8059.0,141.0,2031.0,10245.0,0.0,0.0,1474.0,557.0,0.0,141.0
1.0,18163.0,752.0,2014.0,10445.0,0.0,0.0,1474.0,540.0,0.0,752.0
1.0,27856.0,1370.0,1995.0,2261.0,0.0,0.0,1447.0,548.0,0.0,1370.0
1.0,28747.0,1841.0,1977.0,0.0,0.0,0.0,1394.0,583.0,0.0,1841.0
1.0,26906.0,1806.0,1931.0,0.0,0.0,0.0,1315.0,616.0,106.0,1700.0
1.0,25100.0,2474.0,1898.0,0.0,0.0,0.0,1264.0,634.0,1534.0,940.0
1.0,22626.0,2959.0,1900.0,0.0,0.0,0.0,1266.0,634.0,2959.0,0.0
1.0,19667.0,4279.0,1982.0,0.0,0.0,0.0,1348.0,634.0,4279.0,0.0
1.0,15388.0,4172.0,2060.0,0.0,0.0,0.0,1428.0,632.0,4172.0,0.0
1.0,11216.0,2640.0,2097.0,0.0,1909.0,1909.0,1479.0,618.0,2640.0,0.0
1.0,8576.0,0.0,2071.0,0.0,1779.0,1779.0,1479.0,592.0,0.0,0.0
1.0,8576.0,123.0,2039.0,0.0,1742.0,1742.0,1479.0,560.0,0.0,123.0
1.0,8453.0,731.0,2021.0,1909.0,474.0,474.0,1479.0,542.0,0.0,731.0
1.0,9631.0,1344.0,2001.0,1779.0,0.0,0.0,1452.0,549.0,0.0,1344.0
1.0,10066.0,1829.0,1983.0,1742.0,0.0,0.0,1399.0,584.0,0.0,1829.0
1.0,9979.0,1774.0,1937.0,474.0,1006.0,1006.0,1320.0,617.0,71.0,1703.0
1.0,8679.0,2447.0,1905.0,0.0,3293.0,3293.0,1269.0,636.0,1483.0,964.0
1.0,6232.0,2898.0,1907.0,0.0,6201.0,6201.0,1271.0,636.0,2898.0,0.0
1.0,3334.0,4231.0,1988.0,1006.0,9831.0,9831.0,1352.0,636.0,4231.0,0.0
1.0,109.0,4156.0,2066.0,3293.0,10330.0,10330.0,1432.0,634.0,4156.0,0.0
1.0,0.0,2661.0,2104.0,6201.0,7734.0,7734.0,1483.0,621.0,2661.0,0.0
1.0,2786.0,0.0,2080.0,9831.0,0.0,0.0,1483.0,597.0,0.0,0.0
1.0,12617.0,86.0,2047.0,10330.0,0.0,0.0,1483.0,564.0,0.0,86.0
1.0,22861.0,684.0,2028.0,7734.0,0.0,0.0,1483.0,545.0,0.0,684.0
1.0,29911.0,1280.0,2008.0,0.0,0.0,0.0,1458.0,550.0,0.0,1280.0
1.0,28631.0,1791.0,1990.0,0.0,0.0,0.0,1406.0,584.0,0.0,1791.0
1.0,26840.0,1708.0,1945.0,0.0,0.0,0.0,1328.0,617.0,3.0,1705.0
1.0,25132.0,2415.0,1913.0,0.0,0.0,0.0,1276.0,637.0,1394.0,1021.0
1.0,22717.0,2790.0,1913.0,0.0,0.0,0.0,1276.0,637.0,2790.0,0.0
1.0,19927.0,4178.0,1991.0,0.0,0.0,0.0,1354.0,637.0,4178.0,0.0
1.0,15749.0,4181.0,2070.0,0.0,0.0,0.0,1434.0,636.0,4181.0,0.0
1.0,11568.0,2786.0,2111.0,0.0,1773.0,1773.0,1488.0,623.0,2786.0,0.0
1.0,8782.0,10.0,2087.0,0.0,1663.0,1663.0,1488.0,599.0,10.0,0.0
1.0,8772.0,100.0,2055.0,0.0,1603.0,1603.0,1488.0,567.0,0.0,100.0
1.0,8672.0,699.0,2036.0,1773.0,434.0,434.0,1488.0,548.0,0.0,699.0
1.0,9746.0,1300.0,2016.0,1663.0,0.0,0.0,1463.0,553.0,0.0,1300.0
1.0,10109.0,1800.0,1997.0,1603.0,73.0,73.0,1410.0,587.0,0.0,1800.0
1.0,9912.0,1760.0,1953.0,434.0,1179.0,1179.0,1333.0,620.0,55.0,1705.0
1.0,8586.0,2484.0,1921.0,0.0,3503.0,3503.0,1281.0,640.0,1470.0,1014.0
1.0,6102.0,2879.0,1922.0,73.0,6314.0,6314.0,1282.0,640.0,2879.0,0.0
1.0,3296.0,4240.0,2001.0,1179.0,9770.0,9770.0,1361.0,640.0,4240.0,0.0
1.0,235.0,4194.0,2080.0,3503.0,10400.0,10400.0,1442.0,638.0,4194.0,0.0
1.0,0.0,2739.0,2118.0,6314.0,7471.0,7471.0,1494.0,624.0,2739.0,0.0
1.0,3119.0,0.0,2093.0,9770.0,0.0,0.0,1494.0,599.0,0.0,0.0
1.0,12889.0,153.0,2061.0,10400.0,0.0,0.0,1494.0,567.0,0.0,153.0
1.0,23136.0,769.0,2043.0,7471.0,0.0,0.0,1494.0,549.0,0.0,769.0
1.0,29838.0,1384.0,2022.0,0.0,0.0,0.0,1466.0,556.0,0.0,1384.0
1.0,28454.0,1854.0,2003.0,0.0,0.0,0.0,1411.0,592.0,0.0,1854.0
1.0,26600.0,1887.0,1958.0,0.0,0.0,0.0,1333.0,625.0,186.0,1701.0
1.0,24713.0,2571.0,1926.0,0.0,0.0,0.0,1283.0,643.0,1635.0,936.0
1.0,22142.0,3084.0,1932.0,0.0,0.0,0.0,1289.0,643.0,3084.0,0.0
1.0,19058.0,4356.0,2015.0,0.0,0.0,0.0,1372.0,643.0,4356.0,0.0
1.0,14702.0,4170.0,2093.0,0.0,0.0,0.0,1453.0,640.0,4170.0,0.0
1.0,10532.0,2544.0,2128.0,0.0,2652.0,2652.0,1502.0,626.0,2544.0,0.0
1.0,7988.0,0.0,2101.0,0.0,2517.0,2517.0,1502.0,599.0,0.0,0.0
1.0,7988.0,181.0,2069.0,0.0,2538.0,2538.0,1502.0,567.0,0.0,181.0
1.0,7807.0,806.0,2050.0,2652.0,597.0,597.0,1500.0,550.0,0.0,806.0
1.0,9653.0,1434.0,2030.0,2517.0,0.0,0.0,1470.0,560.0,0.0,1434.0
1.0,10736.0,1876.0,2009.0,2538.0,0.0,0.0,1413.0,596.0,0.0,1876.0
1.0,11398.0,1898.0,1963.0,597.0,0.0,0.0,1335.0,628.0,206.0,1692.0
1.0,10097.0,2530.0,1931.0,0.0,2088.0,2088.0,1286.0,645.0,1652.0,878.0
1.0,7567.0,3109.0,1940.0,0.0,5242.0,5242.0,1295.0,645.0,3109.0,0.0
1.0,4458.0,4352.0,2024.0,0.0,10014.0,10014.0,1379.0,645.0,4352.0,0.0
1.0,106.0,4149.0,2102.0,2088.0,10510.0,10510.0,1459.0,643.0,4149.0,0.0
1.0,0.0,2484.0,2136.0,5242.0,9877.0,9877.0,1507.0,629.0,2484.0,0.0
1.0,803.0,0.0,2110.0,10014.0,0.0,0.0,1507.0,603.0,0.0,0.0
1.0,10817.0,151.0,2078.0,10510.0,0.0,0.0,1507.0,571.0,0.0,151.0
1.0,21176.0,772.0,2058.0,9877.0,0.0,0.0,1505.0,553.0,0.0,772.0
1.0,30281.0,1386.0,2038.0,0.0,0.0,0.0,1477.0,561.0,0.0,1386.0
1.0,28895.0,1849.0,2017.0,0.0,0.0,0.0,1421.0,596.0,0.0,1849.0
1.0,27046.0,1812.0,1971.0,0.0,0.0,0.0,1342.0,629.0,122.0,1690.0
1.0,25234.0,2465.0,1938.0,0.0,0.0,0.0,1292.0,646.0,1549.0,916.0
1.0,22769.0,2981.0,1944.0,0.0,0.0,0.0,1298.0,646.0,2981.0,0.0
1.0,19788.0,4281.0,2026.0,0.0,0.0,0.0,1380.0,646.0,4281.0,0.0
1.0,15507.0,4163.0,2105.0,0.0,0.0,0.0,1460.0,645.0,4163.0,0.0
1.0,11344.0,2599.0,2142.0,0.0,1965.0,1965.0,1510.0,632.0,2599.0,0.0
1.0,8745.0,0.0,2117.0,0.0,1840.0,1840.0,1510.0,607.0,0.0,0.0
1.0,8745.0,126.0,2085.0,0.0,1806.0,1806.0,1510.0,575.0,0.0,126.0
1.0,8619.0,733.0,2066.0,1965.0,479.0,479.0,1510.0,556.0,0.0,733.0
1.0,9851.0,1341.0,2046.0,1840.0,0.0,0.0,1484.0,562.0,0.0,1341.0
1.0,10350.0,1823.0,2027.0,1806.0,0.0,0.0,1430.0,597.0,0.0,1823.0
1.0,10333.0,1780.0,1981.0,479.0,873.0,873.0,1351.0,630.0,78.0,1702.0
1.0,9032.0,2467.0,1948.0,0.0,3175.0,3175.0,1299.0,649.0,1499.0,968.0
1.0,6565.0,2917.0,1951.0,0.0,6107.0,6107.0,1302.0,649.0,2917.0,0.0
1.0,3648.0,4259.0,2033.0,873.0,9903.0,9903.0,1384.0,649.0,4259.0,0.0
1.0,262.0,4188.0,2111.0,3175.0,10555.0,10555.0,1464.0,647.0,4188.0,0.0
1.0,0.0,2695.0,2149.0,6107.0,8084.0,8084.0,1516.0,633.0,2695.0,0.0
1.0,2661.0,0.0,2124.0,9903.0,0.0,0.0,1516.0,608.0,0.0,0.0
1.0,12564.0,138.0,2092.0,10555.0,0.0,0.0,1516.0,576.0,0.0,138.0
1.0,22981.0,751.0,2073.0,8084.0,0.0,0.0,1515.0,558.0,0.0,751.0
1.0,30314.0,1366.0,2052.0,0.0,0.0,0.0,1487.0,565.0,0.0,1366.0
1.0,28948.0,1843.0,2031.0,0.0,0.0,0.0,1431.0,600.0,0.0,1843.0
1.0,27105.0,1874.0,1986.0,0.0,0.0,0.0,1353.0,633.0,159.0,1715.0
1.0,25231.0,2575.0,1955.0,0.0,0.0,0.0,1303.0,652.0,1607.0,968.0
1.0,22656.0,3055.0,1961.0,0.0,0.0,0.0,1309.0,652.0,3055.0,0.0
1.0,19601.0,4354.0,2045.0,0.0,0.0,0.0,1393.0,652.0,4354.0,0.0
1.0,15247.0,4203.0,2123.0,0.0,0.0,0.0,1474.0,649.0,4203.0,0.0
1.0,11044.0,2605.0,2158.0,0.0,2351.0,2351.0,1524.0,634.0,2605.0,0.0
1.0,8439.0,0.0,2132.0,0.0,2221.0,2221.0,1524.0,608.0,0.0,0.0
1.0,8439.0,191.0,2100.0,0.0,2252.0,2252.0,1524.0,576.0,0.0,191.0
1.0,8248.0,820.0,2079.0,2351.0,616.0,616.0,1520.0,559.0,0.0,820.0
1.0,9779.0,1455.0,2058.0,2221.0,0.0,0.0,1489.0,569.0,0.0,1455.0
1.0,10545.0,1894.0,2035.0,2252.0,0.0,0.0,1430.0,605.0,0.0,1894.0
1.0,10903.0,1962.0,1989.0,616.0,388.0,388.0,1351.0,638.0,257.0,1705.0
1.0,9557.0,2621.0,1959.0,0.0,2859.0,2859.0,1304.0,655.0,1738.0,883.0
1.0,6936.0,3214.0,1972.0,0.0,6138.0,6138.0,1317.0,655.0,3214.0,0.0
1.0,3722.0,4438.0,2057.0,388.0,10285.0,10285.0,1402.0,655.0,4438.0,0.0
1.0,0.0,4172.0,2133.0,2859.0,10665.0,10665.0,1482.0,651.0,4172.0,0.0
1.0,0.0,2433.0,2165.0,6138.0,8761.0,8761.0,1529.0,636.0,2433.0,0.0
1.0,2064.0,0.0,2137.0,10285.0,0.0,0.0,1529.0,608.0,0.0,0.0
1.0,12349.0,203.0,2105.0,10665.0,0.0,0.0,1529.0,576.0,0.0,203.0
1.0,22811.0,833.0,2085.0,8761.0,0.0,0.0,1525.0,560.0,0.0,833.0
1.0,30739.0,1472.0,2064.0,0.0,0.0,0.0,1493.0,571.0,0.0,1472.0
1.0,29267.0,1901.0,2042.0,0.0,0.0,0.0,1434.0,608.0,0.0,1901.0
1.0,27366.0,1959.0,1995.0,0.0,0.0,0.0,1355.0,640.0,259.0,1700.0
1.0,25407.0,2592.0,1966.0,0.0,0.0,0.0,1309.0,657.0,1734.0,858.0
1.0,22815.0,3202.0,1979.0,0.0,0.0,0.0,1322.0,657.0,3202.0,0.0
1.0,19613.0,4416.0,2064.0,0.0,0.0,0.0,1407.0,657.0,4416.0,0.0
1.0,15197.0,4145.0,2141.0,0.0,0.0,0.0,1487.0,654.0,4145.0,0.0
1.0,11052.0,2404.0,2172.0,0.0,2212.0,2212.0,1533.0,639.0,2404.0,0.0
1.0,8648.0,0.0,2145.0,0.0,2077.0,2077.0,1533.0,612.0,0.0,0.0
1.0,8648.0,163.0,2113.0,0.0,2080.0,2080.0,1533.0,580.0,0.0,163.0
1.0,8485.0,793.0,2094.0,2212.0,566.0,566.0,1531.0,563.0,0.0,793.0
1.0,9904.0,1416.0,2073.0,2077.0,0.0,0.0,1501.0,572.0,0.0,1416.0
1.0,10565.0,1874.0,2052.0,2080.0,0.0,0.0,1444.0,608.0,0.0,1874.0
1.0,10771.0,1878.0,2006.0,566.0,571.0,571.0,1365.0,641.0,177.0,1701.0
1.0,9459.0,2533.0,1975.0,0.0,2949.0,2949.0,1316.0,659.0,1623.0,910.0
1.0,6926.0,3064.0,1984.0,0.0,6058.0,6058.0,1325.0,659.0,3064.0,0.0
1.0,3862.0,4332.0,2067.0,571.0,10234.0,10234.0,1408.0,659.0,4332.0,0.0
1.0,101.0,4151.0,2144.0,2949.0,10720.0,10720.0,1488.0,656.0,4151.0,0.0
1.0,0.0,2531.0,2179.0,6058.0,8469.0,8469.0,1537.0,642.0,2531.0,0.0
1.0,2426.0,0.0,2153.0,10234.0,0.0,0.0,1537.0,616.0,0.0,0.0
1.0,12660.0,136.0,2121.0,10720.0,0.0,0.0,1537.0,584.0,0.0,136.0
1.0,23244.0,753.0,2101.0,8469.0,0.0,0.0,1535.0,566.0,0.0,753.0
1.0,30960.0,1370.0,2079.0,0.0,0.0,0.0,1506.0,573.0,0.0,1370.0
1.0,29590.0,1854.0,2059.0,0.0,0.0,0.0,1450.0,609.0,0.0,1854.0
1.0,27736.0,1898.0,2014.0,0.0,0.0,0.0,1372.0,642.0,179.0,1719.0
1.0,25838.0,2598.0,1984.0,0.0,0.0,0.0,1323.0,661.0,1626.0,972.0
1.0,23240.0,3073.0,1991.0,0.0,0.0,0.0,1330.0,661.0,3073.0,0.0
1.0,20167.0,4347.0,2074.0,0.0,0.0,0.0,1413.0,661.0,4347.0,0.0
1.0,15820.0,4175.0,2152.0,0.0,0.0,0.0,1494.0,658.0,4175.0,0.0
1.0,11645.0,2558.0,2187.0,0.0,1848.0,1848.0,1543.0,644.0,2558.0,0.0
1.0,9087.0,0.0,2160.0,0.0,1713.0,1713.0,1543.0,617.0,0.0,0.0
1.0,9087.0,170.0,2128.0,0.0,1723.0,1723.0,1543.0,585.0,0.0,170.0
1.0,8917.0,798.0,2108.0,1848.0,573.0,573.0,1540.0,568.0,0.0,798.0
1.0,9967.0,1428.0,2085.0,1713.0,173.0,173.0,1509.0,576.0,0.0,1428.0
1.0,10252.0,1890.0,2063.0,1723.0,230.0,230.0,1450.0,613.0,0.0,1890.0
1.0,10085.0,2028.0,2018.0,573.0,1460.0,1460.0,1372.0,646.0,298.0,1730.0
1.0,8630.0,2706.0,1989.0,173.0,3848.0,3848.0,1325.0,664.0,1772.0,934.0
1.0,6097.0,3254.0,2002.0,230.0,6937.0,6937.0,1338.0,664.0,3254.0,0.0
1.0,3073.0,4447.0,2087.0,1460.0,10349.0,10349.0,1423.0,664.0,4447.0,0.0
1.0,86.0,4161.0,2163.0,3848.0,10815.0,10815.0,1503.0,660.0,4161.0,0.0
1.0,0.0,2402.0,2195.0,6937.0,6667.0,6667.0,1550.0,645.0,2402.0,0.0
1.0,4308.0,0.0,2167.0,10349.0,0.0,0.0,1550.0,617.0,0.0,0.0
1.0,14657.0,210.0,2134.0,10815.0,0.0,0.0,1550.0,584.0,0.0,210.0
1.0,25262.0,852.0,2113.0,6667.0,0.0,0.0,1545.0,568.0,0.0,852.0
1.0,31077.0,1495.0,2091.0,0.0,0.0,0.0,1511.0,580.0,0.0,1495.0
1.0,29582.0,1932.0,2066.0,0.0,0.0,0.0,1449.0,617.0,0.0,1932.0
1.0,27650.0,2115.0,2022.0,0.0,0.0,0.0,1372.0,650.0,390.0,1725.0
1.0,25535.0,2766.0,1995.0,0.0,0.0,0.0,1328.0,667.0,1892.0,874.0
1.0,22769.0,3398.0,2013.0,0.0,0.0,0.0,1346.0,667.0,3398.0,0.0
1.0,19371.0,4507.0,2100.0,0.0,0.0,0.0,1433.0,667.0,4507.0,0.0
1.0,14864.0,4114.0,2175.0,0.0,125.0,125.0,1512.0,663.0,4114.0,0.0
1.0,10750.0,2219.0,2202.0,0.0,2479.0,2479.0,1555.0,647.0,2219.0,0.0
1.0,8531.0,0.0,2173.0,0.0,2334.0,2334.0,1555.0,618.0,0.0,0.0
1.0,8531.0,201.0,2141.0,125.0,2250.0,2250.0,1555.0,586.0,0.0,201.0
1.0,8455.0,842.0,2119.0,2479.0,503.0,503.0,1550.0,569.0,0.0,842.0
1.0,10092.0,1481.0,2097.0,2334.0,0.0,0.0,1516.0,581.0,0.0,1481.0
1.0,10945.0,1924.0,2073.0,2250.0,0.0,0.0,1455.0,618.0,0.0,1924.0
1.0,11271.0,2086.0,2028.0,503.0,452.0,452.0,1377.0,651.0,363.0,1723.0
1.0,9688.0,2736.0,2001.0,0.0,3053.0,3053.0,1333.0,668.0,1855.0,881.0
1.0,6952.0,3346.0,2019.0,0.0,6489.0,6489.0,1351.0,668.0,3346.0,0.0
1.0,3606.0,4469.0,2105.0,452.0,10525.0,10525.0,1437.0,668.0,4469.0,0.0
1.0,0.0,4100.0,2181.0,3053.0,10905.0,10905.0,1516.0,665.0,4100.0,0.0
1.0,0.0,2232.0,2209.0,6489.0,8246.0,8246.0,1559.0,650.0,2232.0,0.0
1.0,2799.0,0.0,2182.0,10525.0,0.0,0.0,1559.0,623.0,0.0,0.0
1.0,13324.0,164.0,2149.0,10905.0,0.0,0.0,1559.0,590.0,0.0,164.0
1.0,24065.0,800.0,2127.0,8246.0,0.0,0.0,1555.0,572.0,0.0,800.0
1.0,31511.0,1431.0,2106.0,0.0,0.0,0.0,1524.0,582.0,0.0,1431.0
1.0,30080.0,1897.0,2084.0,0.0,0.0,0.0,1465.0,619.0,0.0,1897.0
1.0,28183.0,2008.0,2039.0,0.0,0.0,0.0,1387.0,652.0,280.0,1728.0
1.0,26175.0,2678.0,2011.0,0.0,0.0,0.0,1341.0,670.0,1752.0,926.0
1.0,23497.0,3218.0,2024.0,0.0,0.0,0.0,1354.0,670.0,3218.0,0.0
1.0,20279.0,4412.0,2109.0,0.0,0.0,0.0,1439.0,670.0,4412.0,0.0
1.0,15867.0,4122.0,2185.0,0.0,0.0,0.0,1518.0,667.0,4122.0,0.0
1.0,11745.0,2368.0,2217.0,0.0,1708.0,1708.0,1564.0,653.0,2368.0,0.0
1.0,9377.0,0.0,2191.0,0.0,1578.0,1578.0,1564.0,627.0,0.0,0.0
1.0,9377.0,155.0,2158.0,0.0,1568.0,1568.0,1564.0,594.0,0.0,155.0
1.0,9222.0,784.0,2137.0,1708.0,539.0,539.0,1561.0,576.0,0.0,784.0
1.0,10146.0,1414.0,2113.0,1578.0,255.0,255.0,1529.0,584.0,0.0,1414.0
1.0,10310.0,1891.0,2091.0,1568.0,468.0,468.0,1470.0,621.0,0.0,1891.0
1.0,9987.0,2046.0,2046.0,539.0,1750.0,1750.0,1392.0,654.0,302.0,1744.0
1.0,8480.0,2750.0,2019.0,255.0,4110.0,4110.0,1346.0,673.0,1786.0,964.0
1.0,5985.0,3273.0,2033.0,468.0,6985.0,6985.0,1360.0,673.0,3273.0,0.0
1.0,3180.0,4454.0,2119.0,1750.0,10119.0,10119.0,1446.0,673.0,4454.0,0.0
1.0,476.0,4150.0,2196.0,4110.0,10544.0,10544.0,1526.0,670.0,4150.0,0.0
1.0,436.0,2372.0,2225.0,6985.0,6076.0,6076.0,1571.0,654.0,2372.0,0.0
1.0,5049.0,0.0,2198.0,10119.0,0.0,0.0,1571.0,627.0,0.0,0.0
1.0,15168.0,194.0,2165.0,10544.0,0.0,0.0,1571.0,594.0,0.0,194.0
1.0,25518.0,836.0,2143.0,6076.0,0.0,0.0,1566.0,577.0,0.0,836.0
1.0,30758.0,1482.0,2120.0,0.0,0.0,0.0,1532.0,588.0,0.0,1482.0
1.0,29276.0,1938.0,2094.0,0.0,0.0,0.0,1469.0,625.0,0.0,1938.0
1.0,27338.0,2173.0,2050.0,0.0,0.0,0.0,1392.0,658.0,423.0,1750.0
1.0,25165.0,2848.0,2025.0,0.0,0.0,0.0,1349.0,676.0,1933.0,915.0
1.0,22317.0,3451.0,2045.0,0.0,0.0,0.0,1369.0,676.0,3451.0,0.0
1.0,18866.0,4544.0,2132.0,0.0,0.0,0.0,1456.0,676.0,4544.0,0.0
1.0,14322.0,4133.0,2208.0,0.0,851.0,851.0,1536.0,672.0,4133.0,0.0
1.0,10189.0,2200.0,2234.0,0.0,3181.0,3181.0,1578.0,656.0,2200.0,0.0
1.0,7989.0,0.0,2205.0,0.0,3036.0,3036.0,1578.0,627.0,0.0,0.0
1.0,7989.0,222.0,2172.0,851.0,2242.0,2242.0,1578.0,594.0,0.0,222.0
1.0,8618.0,874.0,2149.0,3181.0,0.0,0.0,1571.0,578.0,0.0,874.0
1.0,10925.0,1526.0,2124.0,3036.0,0.0,0.0,1534.0,590.0,0.0,1526.0
1.0,12435.0,1962.0,2097.0,2242.0,0.0,0.0,1469.0,628.0,0.0,1962.0
1.0,12715.0,2219.0,2052.0,0.0,0.0,0.0,1391.0,661.0,478.0,1741.0
1.0,10496.0,2876.0,2029.0,0.0,2525.0,2525.0,1351.0,678.0,2006.0,870.0
1.0,7620.0,3535.0,2054.0,0.0,6185.0,6185.0,1376.0,678.0,3535.0,0.0
1.0,4085.0,4577.0,2142.0,0.0,10710.0,10710.0,1464.0,678.0,4577.0,0.0
1.0,0.0,4098.0,2217.0,2525.0,11085.0,11085.0,1543.0,674.0,4098.0,0.0
1.0,0.0,2081.0,2241.0,6185.0,9166.0,9166.0,1583.0,658.0,2081.0,0.0
1.0,2039.0,0.0,2213.0,10710.0,0.0,0.0,1583.0,630.0,0.0,0.0
1.0,12749.0,210.0,2180.0,11085.0,0.0,0.0,1583.0,597.0,0.0,210.0
1.0,23624.0,860.0,2156.0,9166.0,0.0,0.0,1576.0,580.0,0.0,860.0
1.0,31930.0,1512.0,2132.0,0.0,0.0,0.0,1540.0,592.0,0.0,1512.0
1.0,30418.0,1948.0,2106.0,0.0,0.0,0.0,1476.0,630.0,0.0,1948.0
1.0,28470.0,2142.0,2061.0,0.0,0.0,0.0,1398.0,663.0,410.0,1732.0
1.0,26328.0,2780.0,2036.0,0.0,0.0,0.0,1356.0,680.0,1915.0,865.0
1.0,23548.0,3418.0,2059.0,0.0,0.0,0.0,1379.0,680.0,3418.0,0.0
1.0,20130.0,4518.0,2146.0,0.0,0.0,0.0,1466.0,680.0,4518.0,0.0
1.0,15612.0,4098.0,2220.0,0.0,0.0,0.0,1544.0,676.0,4098.0,0.0
1.0,11514.0,2181.0,2247.0,0.0,1902.0,1902.0,1586.0,661.0,2181.0,0.0
1.0,9333.0,0.0,2219.0,0.0,1762.0,1762.0,1586.0,633.0,0.0,0.0
1.0,9333.0,178.0,2186.0,0.0,1775.0,1775.0,1586.0,600.0,0.0,178.0
1.0,9155.0,823.0,2164.0,1902.0,586.0,586.0,1581.0,583.0,0.0,823.0
1.0,10234.0,1461.0,2140.0,1762.0,165.0,165.0,1547.0,593.0,0.0,1461.0
1.0,10535.0,1922.0,2115.0,1775.0,187.0,187.0,1485.0,630.0,0.0,1922.0
1.0,10388.0,2097.0,2071.0,586.0,1478.0,1478.0,1407.0,664.0,358.0,1739.0
1.0,8877.0,2762.0,2045.0,165.0,3945.0,3945.0,1364.0,681.0,1846.0,916.0
1.0,6280.0,3345.0,2063.0,187.0,7193.0,7193.0,1382.0,681.0,3345.0,0.0
1.0,3122.0,4477.0,2149.0,1478.0,10622.0,10622.0,1468.0,681.0,4477.0,0.0
1.0,123.0,4125.0,2226.0,3945.0,11130.0,11130.0,1548.0,678.0,4125.0,0.0
1.0,0.0,2268.0,2254.0,7193.0,6402.0,6402.0,1591.0,663.0,2268.0,0.0
1.0,4868.0,0.0,2227.0,10622.0,0.0,0.0,1591.0,636.0,0.0,0.0
1.0,15490.0,189.0,2194.0,11130.0,0.0,0.0,1591.0,603.0,0.0,189.0
1.0,26431.0,830.0,2172.0,6402.0,0.0,0.0,1586.0,586.0,0.0,830.0
1.0,32003.0,1472.0,2147.0,0.0,0.0,0.0,1551.0,596.0,0.0,1472.0
1.0,30531.0,1928.0,2121.0,0.0,0.0,0.0,1488.0,633.0,0.0,1928.0
1.0,28603.0,2162.0,2077.0,0.0,0.0,0.0,1411.0,666.0,417.0,1745.0
1.0,26441.0,2848.0,2052.0,0.0,0.0,0.0,1368.0,684.0,1924.0,924.0
1.0,23593.0,3443.0,2072.0,0.0,0.0,0.0,1388.0,684.0,3443.0,0.0
1.0,20150.0,4541.0,2160.0,0.0,0.0,0.0,1476.0,684.0,4541.0,0.0
1.0,15609.0,4141.0,2235.0,0.0,0.0,0.0,1555.0,680.0,4141.0,0.0
1.0,11468.0,2221.0,2262.0,0.0,2063.0,2063.0,1598.0,664.0,2221.0,0.0
1.0,9247.0,0.0,2234.0,0.0,1923.0,1923.0,1598.0,636.0,0.0,0.0
1.0,9247.0,244.0,2201.0,0.0,2002.0,2002.0,1598.0,603.0,0.0,244.0
1.0,9003.0,900.0,2177.0,2063.0,719.0,719.0,1590.0,587.0,0.0,900.0
1.0,10166.0,1559.0,2152.0,1923.0,230.0,230.0,1553.0,599.0,0.0,1559.0
1.0,10530.0,1974.0,2123.0,2002.0,57.0,57.0,1486.0,637.0,0.0,1974.0
1.0,10558.0,2268.0,2079.0,719.0,1386.0,1386.0,1409.0,670.0,534.0,1734.0
1.0,9009.0,2918.0,2057.0,230.0,3964.0,3964.0,1370.0,687.0,2077.0,841.0
1.0,6321.0,3627.0,2084.0,57.0,7669.0,7669.0,1397.0,687.0,3627.0,0.0
1.0,2751.0,4635.0,2173.0,1386.0,10865.0,10865.0,1486.0,687.0,4635.0,0.0
1.0,0.0,4104.0,2247.0,3964.0,11235.0,11235.0,1565.0,682.0,4104.0,0.0
1.0,0.0,2030.0,2269.0,7669.0,6344.0,6344.0,1604.0,665.0,2030.0,0.0
1.0,5001.0,0.0,2240.0,10865.0,0.0,0.0,1604.0,636.0,0.0,0.0
1.0,15866.0,276.0,2208.0,11235.0,0.0,0.0,1604.0,604.0,0.0,276.0
1.0,26825.0,939.0,2183.0,6344.0,0.0,0.0,1595.0,588.0,0.0,939.0
1.0,32230.0,1601.0,2159.0,0.0,0.0,0.0,1557.0,602.0,0.0,1601.0
1.0,30629.0,1989.0,2130.0,0.0,0.0,0.0,1489.0,641.0,0.0,1989.0
1.0,28640.0,2281.0,2085.0,0.0,0.0,0.0,1411.0,674.0,563.0,1718.0
1.0,26359.0,2881.0,2062.0,0.0,0.0,0.0,1373.0,689.0,2104.0,777.0
1.0,23478.0,3652.0,2092.0,0.0,0.0,0.0,1403.0,689.0,3652.0,0.0
1.0,19826.0,4630.0,2181.0,0.0,0.0,0.0,1492.0,689.0,4630.0,0.0
1.0,15196.0,4067.0,2256.0,0.0,151.0,151.0,1571.0,685.0,4067.0,0.0
1.0,11129.0,1957.0,2276.0,0.0,2208.0,2208.0,1608.0,668.0,1957.0,0.0
1.0,9172.0,0.0,2247.0,0.0,2063.0,2063.0,1608.0,639.0,0.0,0.0
1.0,9172.0,254.0,2214.0,151.0,2001.0,2001.0,1608.0,606.0,0.0,254.0
1.0,9069.0,911.0,2191.0,2208.0,589.0,589.0,1600.0,591.0,0.0,911.0
1.0,10366.0,1567.0,2167.0,2063.0,0.0,0.0,1563.0,604.0,0.0,1567.0
1.0,10862.0,1972.0,2140.0,2001.0,0.0,0.0,1498.0,642.0,0.0,1972.0
1.0,10891.0,2213.0,2095.0,589.0,1208.0,1208.0,1420.0,675.0,499.0,1714.0
1.0,9267.0,2825.0,2071.0,0.0,3913.0,3913.0,1381.0,690.0,2024.0,801.0
1.0,6442.0,3549.0,2097.0,0.0,7592.0,7592.0,1407.0,690.0,3549.0,0.0
1.0,2893.0,4563.0,2185.0,1208.0,10925.0,10925.0,1495.0,690.0,4563.0,0.0
1.0,0.0,4056.0,2260.0,3913.0,11300.0,11300.0,1573.0,687.0,4056.0,0.0
1.0,0.0,2027.0,2283.0,7592.0,6455.0,6455.0,1612.0,671.0,2027.0,0.0
1.0,4960.0,0.0,2255.0,10925.0,0.0,0.0,1612.0,643.0,0.0,0.0
1.0,15885.0,219.0,2222.0,11300.0,0.0,0.0,1612.0,610.0,0.0,219.0
1.0,26966.0,869.0,2199.0,6455.0,0.0,0.0,1605.0,594.0,0.0,869.0
1.0,32552.0,1522.0,2174.0,0.0,0.0,0.0,1569.0,605.0,0.0,1522.0
1.0,31030.0,1953.0,2148.0,0.0,0.0,0.0,1505.0,643.0,0.0,1953.0
1.0,29077.0,2220.0,2104.0,0.0,0.0,0.0,1428.0,676.0,487.0,1733.0
1.0,26857.0,2859.0,2080.0,0.0,0.0,0.0,1387.0,693.0,2000.0,859.0
1.0,23998.0,3524.0,2104.0,0.0,0.0,0.0,1411.0,693.0,3524.0,0.0
1.0,20474.0,4549.0,2192.0,0.0,0.0,0.0,1499.0,693.0,4549.0,0.0
1.0,15925.0,4070.0,2266.0,0.0,0.0,0.0,1577.0,689.0,4070.0,0.0
1.0,11855.0,2073.0,2290.0,0.0,1668.0,1668.0,1617.0,673.0,2073.0,0.0
1.0,9782.0,0.0,2262.0,0.0,1528.0,1528.0,1617.0,645.0,0.0,0.0
1.0,9782.0,232.0,2229.0,0.0,1595.0,1595.0,1617.0,612.0,0.0,232.0
1.0,9550.0,893.0,2205.0,1668.0,700.0,700.0,1609.0,596.0,0.0,893.0
1.0,10325.0,1551.0,2180.0,1528.0,598.0,598.0,1572.0,608.0,0.0,1551.0
1.0,10302.0,1977.0,2152.0,1595.0,840.0,840.0,1506.0,646.0,0.0,1977.0
1.0,9920.0,2341.0,2109.0,700.0,2266.0,2266.0,1430.0,679.0,596.0,1745.0
1.0,8279.0,2993.0,2087.0,598.0,4551.0,4551.0,1391.0,696.0,2138.0,855.0
1.0,5884.0,3689.0,2116.0,840.0,7545.0,7545.0,1420.0,696.0,3689.0,0.0
1.0,3035.0,4640.0,2205.0,2266.0,10364.0,10364.0,1509.0,696.0,4640.0,0.0
1.0,661.0,4063.0,2278.0,4551.0,10241.0,10241.0,1587.0,691.0,4063.0,0.0
1.0,1149.0,1932.0,2298.0,7545.0,4728.0,4728.0,1624.0,674.0,1932.0,0.0
1.0,6762.0,0.0,2268.0,10364.0,0.0,0.0,1624.0,644.0,0.0,0.0
1.0,17126.0,288.0,2235.0,10241.0,0.0,0.0,1624.0,611.0,0.0,288.0
1.0,27079.0,958.0,2210.0,4728.0,0.0,0.0,1614.0,596.0,0.0,958.0
1.0,30849.0,1629.0,2186.0,0.0,0.0,0.0,1574.0,612.0,0.0,1629.0
1.0,29220.0,2014.0,2154.0,0.0,0.0,0.0,1504.0,650.0,0.0,2014.0
1.0,27206.0,2432.0,2113.0,0.0,0.0,0.0,1429.0,684.0,704.0,1728.0
1.0,24774.0,3063.0,2093.0,0.0,0.0,0.0,1394.0,699.0,2284.0,779.0
1.0,21711.0,3859.0,2128.0,0.0,0.0,0.0,1429.0,699.0,3859.0,0.0
1.0,17852.0,4736.0,2219.0,0.0,0.0,0.0,1520.0,699.0,4736.0,0.0
1.0,13116.0,4024.0,2290.0,0.0,2358.0,2358.0,1597.0,693.0,4024.0,0.0
1.0,9092.0,1742.0,2306.0,0.0,4180.0,4180.0,1631.0,675.0,1742.0,0.0
1.0,7350.0,0.0,2275.0,0.0,4025.0,4025.0,1631.0,644.0,0.0,0.0
1.0,7350.0,310.0,2243.0,2358.0,1817.0,1817.0,1631.0,612.0,0.0,310.0
1.0,9398.0,985.0,2218.0,4180.0,0.0,0.0,1620.0,598.0,0.0,985.0
1.0,12593.0,1658.0,2195.0,4025.0,0.0,0.0,1580.0,615.0,0.0,1658.0
1.0,14960.0,2026.0,2163.0,1817.0,0.0,0.0,1509.0,654.0,0.0,2026.0
1.0,14751.0,2396.0,2120.0,0.0,0.0,0.0,1433.0,687.0,684.0,1712.0
1.0,12355.0,2976.0,2099.0,0.0,1116.0,1116.0,1398.0,701.0,2251.0,725.0
1.0,9379.0,3814.0,2135.0,0.0,5110.0,5110.0,1434.0,701.0,3814.0,0.0
1.0,5565.0,4689.0,2225.0,0.0,10249.0,10249.0,1524.0,701.0,4689.0,0.0
1.0,876.0,3995.0,2297.0,1116.0,11485.0,11485.0,1601.0,696.0,3995.0,0.0
1.0,0.0,1741.0,2313.0,5110.0,10199.0,10199.0,1635.0,678.0,1741.0,0.0
1.0,1366.0,0.0,2283.0,10249.0,0.0,0.0,1635.0,648.0,0.0,0.0
1.0,11615.0,266.0,2250.0,11485.0,0.0,0.0,1635.0,615.0,0.0,266.0
1.0,22834.0,928.0,2225.0,10199.0,0.0,0.0,1625.0,600.0,0.0,928.0
1.0,32105.0,1590.0,2201.0,0.0,0.0,0.0,1586.0,615.0,0.0,1590.0
1.0,30515.0,1990.0,2172.0,0.0,0.0,0.0,1518.0,654.0,0.0,1990.0
1.0,28525.0,2332.0,2129.0,0.0,0.0,0.0,1442.0,687.0,609.0,1723.0
1.0,26193.0,2942.0,2107.0,0.0,0.0,0.0,1405.0,702.0,2149.0,793.0
1.0,23251.0,3694.0,2139.0,0.0,0.0,0.0,1437.0,702.0,3694.0,0.0
1.0,19557.0,4622.0,2228.0,0.0,0.0,0.0,1526.0,702.0,4622.0,0.0
1.0,14935.0,4012.0,2301.0,0.0,582.0,582.0,1603.0,698.0,4012.0,0.0
1.0,10923.0,1858.0,2320.0,0.0,2535.0,2535.0,1639.0,681.0,1858.0,0.0
1.0,9065.0,0.0,2291.0,0.0,2390.0,2390.0,1639.0,652.0,0.0,0.0
1.0,9065.0,248.0,2258.0,582.0,1891.0,1891.0,1639.0,619.0,0.0,248.0
1.0,9399.0,908.0,2233.0,2535.0,139.0,139.0,1630.0,603.0,0.0,908.0
1.0,11026.0,1572.0,2208.0,2390.0,0.0,0.0,1591.0,617.0,0.0,1572.0
1.0,11844.0,1984.0,2178.0,1891.0,0.0,0.0,1523.0,655.0,0.0,1984.0
1.0,11751.0,2355.0,2137.0,139.0,1150.0,1150.0,1448.0,689.0,618.0,1737.0
1.0,9535.0,2989.0,2115.0,0.0,4029.0,4029.0,1411.0,704.0,2162.0,827.0
1.0,6546.0,3718.0,2147.0,0.0,7907.0,7907.0,1443.0,704.0,3718.0,0.0
1.0,2828.0,4653.0,2236.0,1150.0,11180.0,11180.0,1532.0,704.0,4653.0,0.0
1.0,0.0,4048.0,2310.0,4029.0,11550.0,11550.0,1610.0,700.0,4048.0,0.0
1.0,0.0,1887.0,2329.0,7907.0,6319.0,6319.0,1646.0,683.0,1887.0,0.0
1.0,5326.0,0.0,2299.0,11180.0,0.0,0.0,1646.0,653.0,0.0,0.0
1.0,16506.0,285.0,2266.0,11550.0,0.0,0.0,1646.0,620.0,0.0,285.0
1.0,27771.0,961.0,2240.0,6319.0,0.0,0.0,1635.0,605.0,0.0,961.0
1.0,33129.0,1632.0,2214.0,0.0,0.0,0.0,1594.0,620.0,0.0,1632.0
1.0,31497.0,2021.0,2182.0,0.0,0.0,0.0,1523.0,659.0,0.0,2021.0
1.0,29476.0,2449.0,2140.0,0.0,0.0,0.0,1447.0,693.0,715.0,1734.0
1.0,27027.0,3073.0,2121.0,0.0,0.0,0.0,1413.0,708.0,2294.0,779.0
1.0,23954.0,3881.0,2159.0,0.0,0.0,0.0,1451.0,708.0,3881.0,0.0
1.0,20073.0,4754.0,2250.0,0.0,0.0,0.0,1542.0,708.0,4754.0,0.0
1.0,15319.0,4052.0,2322.0,0.0,343.0,343.0,1620.0,702.0,4052.0,0.0
1.0,11267.0,1757.0,2338.0,0.0,2180.0,2180.0,1654.0,684.0,1757.0,0.0
1.0,9510.0,0.0,2306.0,0.0,2020.0,2020.0,1654.0,652.0,0.0,0.0
1.0,9510.0,334.0,2274.0,343.0,1851.0,1851.0,1654.0,620.0,0.0,334.0
1.0,9519.0,1017.0,2246.0,2180.0,548.0,548.0,1640.0,606.0,0.0,1017.0
1.0,10682.0,1701.0,2220.0,2020.0,99.0,99.0,1596.0,624.0,0.0,1701.0
1.0,11001.0,2050.0,2185.0,1851.0,123.0,123.0,1522.0,663.0,0.0,2050.0
1.0,10802.0,2490.0,2142.0,548.0,1850.0,1850.0,1446.0,696.0,770.0,1720.0
1.0,8860.0,3074.0,2124.0,99.0,4735.0,4735.0,1414.0,710.0,2366.0,708.0
1.0,5885.0,3970.0,2167.0,123.0,8797.0,8797.0,1457.0,710.0,3970.0,0.0
1.0,2038.0,4801.0,2259.0,1850.0,11295.0,11295.0,1549.0,710.0,4801.0,0.0
1.0,0.0,4036.0,2331.0,4735.0,11655.0,11655.0,1627.0,704.0,4036.0,0.0
1.0,0.0,1660.0,2344.0,8797.0,4797.0,4797.0,1659.0,685.0,1660.0,0.0
1.0,6923.0,0.0,2312.0,11295.0,0.0,0.0,1659.0,653.0,0.0,0.0
1.0,18218.0,339.0,2280.0,11655.0,0.0,0.0,1659.0,621.0,0.0,339.0
1.0,29534.0,1021.0,2254.0,4797.0,0.0,0.0,1646.0,608.0,0.0,1021.0
1.0,33310.0,1702.0,2228.0,0.0,0.0,0.0,1602.0,626.0,0.0,1702.0
1.0,31608.0,2044.0,2195.0,0.0,0.0,0.0,1529.0,666.0,0.0,2044.0
1.0,29564.0,2434.0,2152.0,0.0,0.0,0.0,1453.0,699.0,725.0,1709.0
1.0,27130.0,3000.0,2132.0,0.0,0.0,0.0,1420.0,712.0,2314.0,686.0
1.0,24130.0,3889.0,2174.0,0.0,0.0,0.0,1462.0,712.0,3889.0,0.0
1.0,20241.0,4740.0,2265.0,0.0,0.0,0.0,1553.0,712.0,4740.0,0.0
1.0,15501.0,4009.0,2337.0,0.0,193.0,193.0,1630.0,707.0,4009.0,0.0
1.0,11492.0,1702.0,2352.0,0.0,1970.0,1970.0,1663.0,689.0,1702.0,0.0
1.0,9790.0,0.0,2321.0,0.0,1815.0,1815.0,1663.0,658.0,0.0,0.0
1.0,9790.0,300.0,2289.0,193.0,1762.0,1762.0,1663.0,626.0,0.0,300.0
1.0,9683.0,972.0,2262.0,1970.0,629.0,629.0,1651.0,611.0,0.0,972.0
1.0,10681.0,1648.0,2238.0,1815.0,342.0,342.0,1610.0,628.0,0.0,1648.0
1.0,10848.0,2018.0,2205.0,1762.0,433.0,433.0,1539.0,666.0,0.0,2018.0
1.0,10592.0,2379.0,2162.0,629.0,1968.0,1968.0,1463.0,699.0,663.0,1716.0
1.0,8842.0,2965.0,2142.0,342.0,4491.0,4491.0,1428.0,714.0,2227.0,738.0
1.0,6219.0,3796.0,2180.0,433.0,8044.0,8044.0,1466.0,714.0,3796.0,0.0
1.0,2856.0,4695.0,2270.0,1968.0,11221.0,11221.0,1556.0,714.0,4695.0,0.0
1.0,129.0,4029.0,2342.0,4491.0,11119.0,11119.0,1633.0,709.0,4029.0,0.0
1.0,591.0,1806.0,2359.0,8044.0,4966.0,4966.0,1668.0,691.0,1806.0,0.0
1.0,6829.0,0.0,2329.0,11221.0,0.0,0.0,1668.0,661.0,0.0,0.0
1.0,18050.0,295.0,2297.0,11119.0,0.0,0.0,1668.0,629.0,0.0,295.0
1.0,28874.0,970.0,2270.0,4966.0,0.0,0.0,1656.0,614.0,0.0,970.0
1.0,32870.0,1641.0,2245.0,0.0,0.0,0.0,1615.0,630.0,0.0,1641.0
1.0,31229.0,2020.0,2211.0,0.0,0.0,0.0,1543.0,668.0,0.0,2020.0
1.0,29209.0,2420.0,2169.0,0.0,0.0,0.0,1467.0,702.0,697.0,1723.0
1.0,26789.0,3026.0,2149.0,0.0,0.0,0.0,1433.0,716.0,2270.0,756.0
1.0,23763.0,3856.0,2187.0,0.0,0.0,0.0,1471.0,716.0,3856.0,0.0
1.0,19907.0,4740.0,2278.0,0.0,0.0,0.0,1562.0,716.0,4740.0,0.0
1.0,15167.0,4052.0,2351.0,0.0,640.0,640.0,1640.0,711.0,4052.0,0.0
1.0,11115.0,1789.0,2366.0,0.0,2504.0,2504.0,1674.0,692.0,1789.0,0.0
1.0,9326.0,0.0,2335.0,0.0,2349.0,2349.0,1674.0,661.0,0.0,0.0
1.0,9326.0,345.0,2303.0,640.0,1894.0,1894.0,1674.0,629.0,0.0,345.0
1.0,9621.0,1035.0,2275.0,2504.0,285.0,285.0,1660.0,615.0,0.0,1035.0
1.0,11090.0,1723.0,2249.0,2349.0,0.0,0.0,1616.0,633.0,0.0,1723.0
1.0,11716.0,2066.0,2215.0,1894.0,0.0,0.0,1542.0,673.0,0.0,2066.0
1.0,11544.0,2551.0,2172.0,285.0,1582.0,1582.0,1466.0,706.0,832.0,1719.0
1.0,9278.0,3132.0,2154.0,0.0,4624.0,4624.0,1435.0,719.0,2445.0,687.0
1.0,6146.0,4065.0,2199.0,0.0,8914.0,8914.0,1480.0,719.0,4065.0,0.0
1.0,2081.0,4847.0,2292.0,1582.0,11460.0,11460.0,1573.0,719.0,4847.0,0.0
1.0,0.0,4025.0,2363.0,4624.0,11815.0,11815.0,1650.0,713.0,4025.0,0.0
1.0,0.0,1579.0,2374.0,8914.0,5120.0,5120.0,1681.0,693.0,1579.0,0.0
1.0,6750.0,0.0,2342.0,11460.0,0.0,0.0,1681.0,661.0,0.0,0.0
1.0,18210.0,383.0,2310.0,11815.0,0.0,0.0,1681.0,629.0,0.0,383.0
1.0,29642.0,1078.0,2282.0,5120.0,0.0,0.0,1666.0,616.0,0.0,1078.0
1.0,33684.0,1772.0,2257.0,0.0,0.0,0.0,1620.0,637.0,0.0,1772.0
1.0,31912.0,2084.0,2221.0,0.0,0.0,0.0,1544.0,677.0,0.0,2084.0
1.0,29828.0,2565.0,2177.0,0.0,0.0,0.0,1468.0,709.0,864.0,1701.0
1.0,27263.0,3114.0,2160.0,0.0,0.0,0.0,1438.0,722.0,2485.0,629.0
1.0,24149.0,4108.0,2208.0,0.0,0.0,0.0,1486.0,722.0,4108.0,0.0
1.0,20041.0,4862.0,2301.0,0.0,0.0,0.0,1579.0,722.0,4862.0,0.0
1.0,15179.0,4002.0,2371.0,0.0,678.0,678.0,1656.0,715.0,4002.0,0.0
1.0,11177.0,1508.0,2380.0,0.0,2231.0,2231.0,1685.0,695.0,1508.0,0.0
1.0,9669.0,0.0,2348.0,0.0,2071.0,2071.0,1685.0,663.0,0.0,0.0
1.0,9669.0,373.0,2316.0,678.0,1606.0,1606.0,1685.0,631.0,0.0,373.0
1.0,9974.0,1064.0,2289.0,2231.0,304.0,304.0,1671.0,618.0,0.0,1064.0
1.0,11141.0,1751.0,2266.0,2071.0,0.0,0.0,1627.0,639.0,0.0,1751.0
1.0,11461.0,2067.0,2230.0,1606.0,150.0,150.0,1552.0,678.0,0.0,2067.0
1.0,11000.0,2488.0,2187.0,304.0,2119.0,2119.0,1476.0,711.0,795.0,1693.0
1.0,8816.0,3018.0,2168.0,0.0,5042.0,5042.0,1445.0,723.0,2392.0,626.0
1.0,5798.0,3997.0,2212.0,150.0,9109.0,9109.0,1489.0,723.0,3997.0,0.0
1.0,1951.0,4799.0,2304.0,2119.0,11520.0,11520.0,1581.0,723.0,4799.0,0.0
1.0,0.0,4006.0,2375.0,5042.0,11568.0,11568.0,1658.0,717.0,4006.0,0.0
1.0,307.0,1600.0,2387.0,9109.0,4119.0,4119.0,1689.0,698.0,1600.0,0.0
1.0,7816.0,0.0,2356.0,11520.0,0.0,0.0,1689.0,667.0,0.0,0.0
1.0,19336.0,342.0,2324.0,11568.0,0.0,0.0,1689.0,635.0,0.0,342.0
1.0,30562.0,1022.0,2297.0,4119.0,0.0,0.0,1676.0,621.0,0.0,1022.0
1.0,33659.0,1701.0,2273.0,0.0,0.0,0.0,1633.0,640.0,0.0,1701.0
1.0,31958.0,2045.0,2239.0,0.0,0.0,0.0,1560.0,679.0,0.0,2045.0
1.0,29913.0,2439.0,2196.0,0.0,0.0,0.0,1484.0,712.0,735.0,1704.0
1.0,27474.0,3004.0,2176.0,0.0,0.0,0.0,1451.0,725.0,2321.0,683.0
1.0,24470.0,3910.0,2217.0,0.0,0.0,0.0,1492.0,725.0,3910.0,0.0
1.0,20560.0,4764.0,2309.0,0.0,0.0,0.0,1584.0,725.0,4764.0,0.0
1.0,15796.0,4038.0,2380.0,0.0,142.0,142.0,1661.0,719.0,4038.0,0.0
1.0,11758.0,1721.0,2395.0,0.0,1938.0,1938.0,1694.0,701.0,1721.0,0.0
1.0,10037.0,0.0,2363.0,0.0,1778.0,1778.0,1694.0,669.0,0.0,0.0
1.0,10037.0,348.0,2331.0,142.0,1824.0,1824.0,1694.0,637.0,0.0,348.0
1.0,9831.0,1032.0,2305.0,1938.0,788.0,788.0,1681.0,624.0,0.0,1032.0
1.0,10737.0,1723.0,2279.0,1778.0,603.0,603.0,1637.0,642.0,0.0,1723.0
1.0,10792.0,2061.0,2245.0,1824.0,670.0,670.0,1563.0,682.0,0.0,2061.0
1.0,10555.0,2526.0,2202.0,788.0,2193.0,2193.0,1487.0,715.0,808.0,1718.0
1.0,8817.0,3109.0,2184.0,603.0,4609.0,4609.0,1456.0,728.0,2424.0,685.0
1.0,6311.0,4039.0,2227.0,670.0,8193.0,8193.0,1499.0,728.0,4039.0,0.0
1.0,2942.0,4854.0,2321.0,2193.0,11324.0,11324.0,1593.0,728.0,4854.0,0.0
1.0,281.0,4050.0,2392.0,4609.0,11120.0,11120.0,1671.0,721.0,4050.0,0.0
1.0,840.0,1632.0,2404.0,8193.0,4619.0,4619.0,1702.0,702.0,1632.0,0.0
1.0,7401.0,0.0,2370.0,11324.0,0.0,0.0,1702.0,668.0,0.0,0.0
1.0,18725.0,396.0,2338.0,11120.0,0.0,0.0,1702.0,636.0,0.0,396.0
1.0,29449.0,1098.0,2310.0,4619.0,0.0,0.0,1686.0,624.0,0.0,1098.0
1.0,32970.0,1799.0,2285.0,0.0,0.0,0.0,1639.0,646.0,0.0,1799.0
1.0,31171.0,2104.0,2247.0,0.0,0.0,0.0,1561.0,686.0,0.0,2104.0
1.0,29067.0,2611.0,2204.0,0.0,0.0,0.0,1485.0,719.0,903.0,1708.0
1.0,26456.0,3161.0,2188.0,0.0,0.0,0.0,1457.0,731.0,2547.0,614.0
1.0,23295.0,4195.0,2238.0,0.0,0.0,0.0,1507.0,731.0,4195.0,0.0
1.0,19100.0,4936.0,2333.0,0.0,0.0,0.0,1602.0,731.0,4936.0,0.0
1.0,14164.0,4033.0,2402.0,0.0,1879.0,1879.0,1679.0,723.0,4033.0,0.0
1.0,10131.0,1485.0,2411.0,0.0,3409.0,3409.0,1708.0,703.0,1485.0,0.0
1.0,8646.0,0.0,2377.0,0.0,3239.0,3239.0,1708.0,669.0,0.0,0.0
1.0,8646.0,427.0,2345.0,1879.0,1627.0,1627.0,1708.0,637.0,0.0,427.0
1.0,10098.0,1132.0,2317.0,3409.0,0.0,0.0,1691.0,626.0,0.0,1132.0
1.0,12375.0,1837.0,2293.0,3239.0,0.0,0.0,1644.0,649.0,0.0,1837.0
1.0,13777.0,2114.0,2255.0,1627.0,0.0,0.0,1565.0,690.0,0.0,2114.0
1.0,13290.0,2601.0,2211.0,0.0,366.0,366.0,1489.0,722.0,914.0,1687.0
1.0,10689.0,3118.0,2194.0,0.0,3399.0,3399.0,1461.0,733.0,2560.0,558.0
1.0,7571.0,4202.0,2246.0,0.0,7861.0,7861.0,1513.0,733.0,4202.0,0.0
1.0,3369.0,4932.0,2341.0,366.0,11705.0,11705.0,1608.0,733.0,4932.0,0.0
1.0,0.0,4003.0,2411.0,3399.0,12055.0,12055.0,1685.0,726.0,4003.0,0.0
1.0,0.0,1432.0,2417.0,7861.0,7457.0,7457.0,1712.0,705.0,1432.0,0.0
1.0,4628.0,0.0,2384.0,11705.0,0.0,0.0,1712.0,672.0,0.0,0.0
1.0,16333.0,404.0,2352.0,12055.0,0.0,0.0,1712.0,640.0,0.0,404.0
1.0,27984.0,1101.0,2325.0,7457.0,0.0,0.0,1697.0,628.0,0.0,1101.0
1.0,34340.0,1797.0,2302.0,0.0,0.0,0.0,1651.0,651.0,0.0,1797.0
1.0,32543.0,2090.0,2265.0,0.0,0.0,0.0,1574.0,691.0,0.0,2090.0
1.0,30453.0,2518.0,2221.0,0.0,0.0,0.0,1498.0,723.0,830.0,1688.0
1.0,27935.0,3037.0,2203.0,0.0,0.0,0.0,1468.0,735.0,2453.0,584.0
1.0,24898.0,4069.0,2250.0,0.0,0.0,0.0,1515.0,735.0,4069.0,0.0
1.0,20829.0,4855.0,2344.0,0.0,0.0,0.0,1609.0,735.0,4855.0,0.0
1.0,15974.0,4019.0,2414.0,0.0,115.0,115.0,1686.0,728.0,4019.0,0.0
1.0,11955.0,1565.0,2424.0,0.0,1730.0,1730.0,1716.0,708.0,1565.0,0.0
1.0,10390.0,0.0,2392.0,0.0,1570.0,1570.0,1716.0,676.0,0.0,0.0
1.0,10390.0,376.0,2360.0,115.0,1671.0,1671.0,1716.0,644.0,0.0,376.0
1.0,10129.0,1066.0,2333.0,1730.0,872.0,872.0,1702.0,631.0,0.0,1066.0
1.0,10793.0,1757.0,2309.0,1570.0,939.0,939.0,1657.0,652.0,0.0,1757.0
1.0,10606.0,2078.0,2274.0,1671.0,1171.0,1171.0,1582.0,692.0,0.0,2078.0
1.0,10199.0,2524.0,2231.0,872.0,2608.0,2608.0,1506.0,725.0,819.0,1705.0
1.0,8547.0,3074.0,2212.0,939.0,4648.0,4648.0,1475.0,737.0,2434.0,640.0
1.0,6412.0,4049.0,2257.0,1171.0,7751.0,7751.0,1520.0,737.0,4049.0,0.0
1.0,3534.0,4854.0,2350.0,2608.0,10462.0,10462.0,1613.0,737.0,4854.0,0.0
1.0,1288.0,4040.0,2421.0,4648.0,10209.0,10209.0,1691.0,730.0,4040.0,0.0
1.0,1896.0,1619.0,2433.0,7751.0,4137.0,4137.0,1722.0,711.0,1619.0,0.0
1.0,8028.0,0.0,2399.0,10462.0,0.0,0.0,1722.0,677.0,0.0,0.0
1.0,18490.0,390.0,2367.0,10209.0,0.0,0.0,1722.0,645.0,0.0,390.0
1.0,28309.0,1087.0,2340.0,4137.0,0.0,0.0,1707.0,633.0,0.0,1087.0
1.0,31359.0,1790.0,2314.0,0.0,0.0,0.0,1660.0,654.0,0.0,1790.0
1.0,29569.0,2104.0,2277.0,0.0,0.0,0.0,1582.0,695.0,0.0,2104.0
1.0,27465.0,2631.0,2235.0,0.0,0.0,0.0,1507.0,728.0,910.0,1721.0
1.0,24834.0,3191.0,2218.0,0.0,0.0,0.0,1478.0,740.0,2555.0,636.0
1.0,21643.0,4208.0,2267.0,0.0,0.0,0.0,1527.0,740.0,4208.0,0.0
1.0,17435.0,4949.0,2362.0,0.0,0.0,0.0,1622.0,740.0,4949.0,0.0
1.0,12486.0,4046.0,2433.0,0.0,3725.0,3725.0,1700.0,733.0,4046.0,0.0
1.0,8440.0,1501.0,2440.0,0.0,5261.0,5261.0,1729.0,711.0,1501.0,0.0
1.0,6939.0,0.0,2406.0,0.0,5091.0,5091.0,1729.0,677.0,0.0,0.0
1.0,6939.0,433.0,2374.0,3725.0,1639.0,1639.0,1729.0,645.0,0.0,433.0
1.0,10231.0,1150.0,2346.0,5261.0,0.0,0.0,1712.0,634.0,0.0,1150.0
1.0,14342.0,1865.0,2321.0,5091.0,0.0,0.0,1663.0,658.0,0.0,1865.0
1.0,17568.0,2148.0,2281.0,1639.0,0.0,0.0,1582.0,699.0,0.0,2148.0
1.0,17059.0,2722.0,2239.0,0.0,0.0,0.0,1507.0,732.0,1008.0,1714.0
1.0,14337.0,3240.0,2224.0,0.0,23.0,23.0,1481.0,743.0,2676.0,564.0
1.0,11097.0,4351.0,2279.0,0.0,4649.0,4649.0,1536.0,743.0,4351.0,0.0
1.0,6746.0,5013.0,2375.0,0.0,10142.0,10142.0,1632.0,743.0,5013.0,0.0
1.0,1733.0,4014.0,2444.0,23.0,12220.0,12220.0,1709.0,735.0,4014.0,0.0
1.0,0.0,1332.0,2448.0,4649.0,11181.0,11181.0,1735.0,713.0,1332.0,0.0
1.0,1059.0,0.0,2413.0,10142.0,864.0,864.0,1735.0,678.0,0.0,0.0
1.0,11201.0,443.0,2381.0,12220.0,0.0,0.0,1735.0,646.0,0.0,443.0
1.0,22978.0,1156.0,2352.0,11181.0,0.0,0.0,1717.0,635.0,0.0,1156.0
1.0,33003.0,1868.0,2329.0,864.0,0.0,0.0,1668.0,661.0,0.0,1868.0
1.0,31999.0,2139.0,2289.0,0.0,0.0,0.0,1587.0,702.0,0.0,2139.0
1.0,29860.0,2672.0,2245.0,0.0,0.0,0.0,1511.0,734.0,977.0,1695.0
1.0,27188.0,3173.0,2230.0,0.0,0.0,0.0,1485.0,745.0,2632.0,541.0
1.0,24015.0,4297.0,2285.0,0.0,0.0,0.0,1540.0,745.0,4297.0,0.0
1.0,19718.0,4977.0,2381.0,0.0,0.0,0.0,1636.0,745.0,4977.0,0.0
1.0,14741.0,4004.0,2450.0,0.0,1513.0,1513.0,1713.0,737.0,4004.0,0.0
1.0,10737.0,1365.0,2455.0,0.0,2903.0,2903.0,1739.0,716.0,1365.0,0.0
1.0,9372.0,0.0,2420.0,0.0,2728.0,2728.0,1739.0,681.0,0.0,0.0
1.0,9372.0,420.0,2388.0,1513.0,1475.0,1475.0,1739.0,649.0,0.0,420.0
1.0,10465.0,1125.0,2361.0,2903.0,0.0,0.0,1723.0,638.0,0.0,1125.0
1.0,12243.0,1829.0,2338.0,2728.0,0.0,0.0,1676.0,662.0,0.0,1829.0
1.0,13142.0,2111.0,2300.0,1475.0,0.0,0.0,1597.0,703.0,0.0,2111.0
1.0,12506.0,2574.0,2256.0,0.0,1348.0,1348.0,1521.0,735.0,881.0,1693.0
1.0,9932.0,3088.0,2238.0,0.0,4346.0,4346.0,1492.0,746.0,2523.0,565.0
1.0,6844.0,4161.0,2288.0,0.0,8757.0,8757.0,1542.0,746.0,4161.0,0.0
1.0,2683.0,4925.0,2383.0,1348.0,11915.0,11915.0,1637.0,746.0,4925.0,0.0
1.0,0.0,4034.0,2453.0,4346.0,12265.0,12265.0,1714.0,739.0,4034.0,0.0
1.0,0.0,1507.0,2462.0,8757.0,5642.0,5642.0,1743.0,719.0,1507.0,0.0
1.0,6668.0,0.0,2428.0,11915.0,0.0,0.0,1743.0,685.0,0.0,0.0
1.0,18583.0,409.0,2396.0,12265.0,0.0,0.0,1743.0,653.0,0.0,409.0
1.0,30439.0,1110.0,2369.0,5642.0,0.0,0.0,1728.0,641.0,0.0,1110.0
1.0,34971.0,1812.0,2345.0,0.0,0.0,0.0,1681.0,664.0,0.0,1812.0
1.0,33159.0,2110.0,2307.0,0.0,0.0,0.0,1603.0,704.0,0.0,2110.0
1.0,31049.0,2585.0,2264.0,0.0,0.0,0.0,1527.0,737.0,881.0,1704.0
1.0,28464.0,3122.0,2247.0,0.0,0.0,0.0,1498.0,749.0,2525.0,597.0
1.0,25342.0,4179.0,2296.0,0.0,0.0,0.0,1547.0,749.0,4179.0,0.0
1.0,21163.0,4944.0,2391.0,0.0,0.0,0.0,1642.0,749.0,4944.0,0.0
1.0,16219.0,4075.0,2461.0,0.0,161.0,161.0,1720.0,741.0,4075.0,0.0
1.0,12144.0,1553.0,2470.0,0.0,1759.0,1759.0,1750.0,720.0,1553.0,0.0
1.0,10591.0,0.0,2436.0,0.0,1589.0,1589.0,1750.0,686.0,0.0,0.0
1.0,10591.0,445.0,2404.0,161.0,1713.0,1713.0,1750.0,654.0,0.0,445.0
1.0,10307.0,1157.0,2376.0,1759.0,971.0,971.0,1733.0,643.0,0.0,1157.0
1.0,10909.0,1878.0,2350.0,1589.0,1130.0,1130.0,1683.0,667.0,0.0,1878.0
1.0,10620.0,2150.0,2310.0,1713.0,1367.0,1367.0,1602.0,708.0,0.0,2150.0
1.0,10183.0,2707.0,2267.0,971.0,2888.0,2888.0,1526.0,741.0,996.0,1711.0
1.0,8447.0,3237.0,2252.0,1130.0,4920.0,4920.0,1500.0,752.0,2683.0,554.0
1.0,6340.0,4362.0,2307.0,1367.0,8190.0,8190.0,1555.0,752.0,4362.0,0.0
1.0,3345.0,5061.0,2405.0,2888.0,10853.0,10853.0,1653.0,752.0,5061.0,0.0
1.0,1172.0,4059.0,2475.0,4920.0,10342.0,10342.0,1731.0,744.0,4059.0,0.0
1.0,2033.0,1387.0,2478.0,8190.0,3554.0,3554.0,1757.0,721.0,1387.0,0.0
1.0,8836.0,0.0,2443.0,10853.0,0.0,0.0,1757.0,686.0,0.0,0.0
1.0,19689.0,477.0,2410.0,10342.0,0.0,0.0,1757.0,653.0,0.0,477.0
1.0,29554.0,1206.0,2382.0,3554.0,0.0,0.0,1738.0,644.0,0.0,1206.0
1.0,31902.0,1930.0,2356.0,0.0,0.0,0.0,1686.0,670.0,0.0,1930.0
1.0,29972.0,2177.0,2315.0,0.0,0.0,0.0,1603.0,712.0,0.0,2177.0
1.0,27795.0,2717.0,2270.0,0.0,0.0,0.0,1526.0,744.0,1023.0,1694.0
1.0,25078.0,3213.0,2255.0,0.0,0.0,0.0,1501.0,754.0,2721.0,492.0
1.0,21865.0,4422.0,2315.0,0.0,0.0,0.0,1561.0,754.0,4422.0,0.0
1.0,17443.0,5094.0,2413.0,0.0,0.0,0.0,1659.0,754.0,5094.0,0.0
1.0,12349.0,4074.0,2482.0,0.0,4135.0,4135.0,1737.0,745.0,4074.0,0.0
1.0,8275.0,1349.0,2486.0,0.0,5504.0,5504.0,1763.0,723.0,1349.0,0.0
1.0,6926.0,0.0,2450.0,0.0,5324.0,5324.0,1763.0,687.0,0.0,0.0
1.0,6926.0,493.0,2418.0,4135.0,1522.0,1522.0,1763.0,655.0,0.0,493.0
1.0,10568.0,1216.0,2390.0,5504.0,0.0,0.0,1744.0,646.0,0.0,1216.0
1.0,14856.0,1938.0,2367.0,5324.0,0.0,0.0,1694.0,673.0,0.0,1938.0
1.0,18242.0,2166.0,2326.0,1522.0,0.0,0.0,1611.0,715.0,0.0,2166.0
1.0,17598.0,2619.0,2280.0,0.0,0.0,0.0,1533.0,747.0,950.0,1669.0
1.0,14979.0,3081.0,2263.0,0.0,0.0,0.0,1507.0,756.0,2628.0,453.0
1.0,11898.0,4300.0,2319.0,0.0,3997.0,3997.0,1563.0,756.0,4300.0,0.0
1.0,7598.0,5033.0,2416.0,0.0,9515.0,9515.0,1660.0,756.0,5033.0,0.0
1.0,2565.0,4074.0,2487.0,0.0,12435.0,12435.0,1739.0,748.0,4074.0,0.0
1.0,0.0,1448.0,2492.0,3997.0,11420.0,11420.0,1766.0,726.0,1448.0,0.0
1.0,1040.0,0.0,2457.0,9515.0,1730.0,1730.0,1766.0,691.0,0.0,0.0
1.0,10555.0,465.0,2425.0,12435.0,0.0,0.0,1766.0,659.0,0.0,465.0
1.0,22525.0,1177.0,2398.0,11420.0,0.0,0.0,1749.0,649.0,0.0,1177.0
1.0,32768.0,1889.0,2376.0,1730.0,0.0,0.0,1701.0,675.0,0.0,1889.0
1.0,32609.0,2136.0,2337.0,0.0,0.0,0.0,1621.0,716.0,0.0,2136.0
1.0,30473.0,2548.0,2291.0,0.0,0.0,0.0,1543.0,748.0,874.0,1674.0
1.0,27925.0,3038.0,2271.0,0.0,0.0,0.0,1514.0,757.0,2541.0,497.0
1.0,24887.0,4197.0,2323.0,0.0,0.0,0.0,1566.0,757.0,4197.0,0.0
1.0,20690.0,4987.0,2419.0,0.0,0.0,0.0,1662.0,757.0,4987.0,0.0
1.0,15703.0,4109.0,2491.0,0.0,861.0,861.0,1741.0,750.0,4109.0,0.0
1.0,11594.0,1578.0,2499.0,0.0,2479.0,2479.0,1771.0,728.0,1578.0,0.0
1.0,10016.0,0.0,2464.0,0.0,2304.0,2304.0,1771.0,693.0,0.0,0.0
1.0,10016.0,467.0,2433.0,861.0,1755.0,1755.0,1771.0,662.0,0.0,467.0
1.0,10410.0,1179.0,2406.0,2479.0,320.0,320.0,1754.0,652.0,0.0,1179.0
1.0,11710.0,1895.0,2383.0,2304.0,0.0,0.0,1706.0,677.0,0.0,1895.0
1.0,12119.0,2149.0,2343.0,1755.0,0.0,0.0,1625.0,718.0,0.0,2149.0
1.0,11725.0,2614.0,2298.0,320.0,2059.0,2059.0,1548.0,750.0,926.0,1688.0
1.0,9431.0,3115.0,2280.0,0.0,5084.0,5084.0,1520.0,760.0,2603.0,512.0
1.0,6316.0,4290.0,2332.0,0.0,9634.0,9634.0,1572.0,760.0,4290.0,0.0
1.0,2026.0,5043.0,2429.0,2059.0,12145.0,12145.0,1669.0,760.0,5043.0,0.0
1.0,0.0,4133.0,2501.0,5084.0,12505.0,12505.0,1749.0,752.0,4133.0,0.0
1.0,0.0,1530.0,2507.0,9634.0,4438.0,4438.0,1778.0,729.0,1530.0,0.0
1.0,8097.0,0.0,2471.0,12145.0,0.0,0.0,1778.0,693.0,0.0,0.0
1.0,20242.0,506.0,2440.0,12505.0,0.0,0.0,1778.0,662.0,0.0,506.0
1.0,32241.0,1234.0,2412.0,4438.0,0.0,0.0,1759.0,653.0,0.0,1234.0
1.0,35445.0,1969.0,2388.0,0.0,0.0,0.0,1708.0,680.0,0.0,1969.0
1.0,33476.0,2192.0,2346.0,0.0,0.0,0.0,1624.0,722.0,0.0,2192.0
1.0,31284.0,2713.0,2300.0,0.0,0.0,0.0,1546.0,754.0,1025.0,1688.0
1.0,28571.0,3191.0,2284.0,0.0,0.0,0.0,1521.0,763.0,2739.0,452.0
1.0,25380.0,4449.0,2343.0,0.0,0.0,0.0,1580.0,763.0,4449.0,0.0
1.0,20931.0,5141.0,2441.0,0.0,0.0,0.0,1678.0,763.0,5141.0,0.0
1.0,15790.0,4119.0,2512.0,0.0,889.0,889.0,1758.0,754.0,4119.0,0.0
1.0,11671.0,1397.0,2516.0,0.0,2306.0,2306.0,1785.0,731.0,1397.0,0.0
1.0,10274.0,0.0,2479.0,0.0,2121.0,2121.0,1785.0,694.0,0.0,0.0
1.0,10274.0,537.0,2447.0,889.0,1609.0,1609.0,1785.0,662.0,0.0,537.0
1.0,10626.0,1279.0,2419.0,2306.0,442.0,442.0,1765.0,654.0,0.0,1279.0
1.0,11653.0,2017.0,2396.0,2121.0,223.0,223.0,1713.0,683.0,0.0,2017.0
1.0,11757.0,2217.0,2354.0,1609.0,621.0,621.0,1628.0,726.0,0.0,2217.0
1.0,11149.0,2739.0,2308.0,442.0,2688.0,2688.0,1550.0,758.0,1065.0,1674.0
1.0,8852.0,3173.0,2291.0,223.0,5553.0,5553.0,1525.0,766.0,2781.0,392.0
1.0,5902.0,4500.0,2352.0,621.0,9737.0,9737.0,1586.0,766.0,4500.0,0.0
1.0,2023.0,5147.0,2451.0,2688.0,12255.0,12255.0,1685.0,766.0,5147.0,0.0
1.0,0.0,4086.0,2519.0,5553.0,11564.0,11564.0,1763.0,756.0,4086.0,0.0
1.0,1031.0,1300.0,2521.0,9737.0,3137.0,3137.0,1788.0,733.0,1300.0,0.0
1.0,9468.0,0.0,2484.0,12255.0,0.0,0.0,1788.0,696.0,0.0,0.0
1.0,21723.0,521.0,2452.0,11564.0,0.0,0.0,1788.0,664.0,0.0,521.0
1.0,32766.0,1251.0,2426.0,3137.0,0.0,0.0,1770.0,656.0,0.0,1251.0
1.0,34652.0,1980.0,2405.0,0.0,0.0,0.0,1720.0,685.0,0.0,1980.0
1.0,32672.0,2187.0,2364.0,0.0,0.0,0.0,1637.0,727.0,0.0,2187.0
1.0,30485.0,2657.0,2318.0,0.0,0.0,0.0,1559.0,759.0,993.0,1664.0
1.0,27828.0,3095.0,2299.0,0.0,0.0,0.0,1532.0,767.0,2682.0,413.0
1.0,24733.0,4380.0,2356.0,0.0,0.0,0.0,1589.0,767.0,4380.0,0.0
1.0,20353.0,5079.0,2453.0,0.0,0.0,0.0,1686.0,767.0,5079.0,0.0
1.0,15274.0,4090.0,2523.0,0.0,1431.0,1431.0,1765.0,758.0,4090.0,0.0
1.0,11184.0,1395.0,2528.0,0.0,2851.0,2851.0,1792.0,736.0,1395.0,0.0
1.0,9789.0,0.0,2491.0,0.0,2666.0,2666.0,1792.0,699.0,0.0,0.0
1.0,9789.0,492.0,2460.0,1431.0,1572.0,1572.0,1792.0,668.0,0.0,492.0
1.0,10728.0,1214.0,2434.0,2851.0,0.0,0.0,1775.0,659.0,0.0,1214.0
1.0,12365.0,1936.0,2413.0,2666.0,0.0,0.0,1726.0,687.0,0.0,1936.0
1.0,13095.0,2165.0,2374.0,1572.0,0.0,0.0,1646.0,728.0,0.0,2165.0
1.0,12502.0,2630.0,2329.0,0.0,1773.0,1773.0,1568.0,761.0,951.0,1679.0
1.0,9872.0,3107.0,2310.0,0.0,4785.0,4785.0,1540.0,770.0,2642.0,465.0
1.0,6765.0,4329.0,2363.0,0.0,9379.0,9379.0,1593.0,770.0,4329.0,0.0
1.0,2436.0,5069.0,2460.0,1773.0,12300.0,12300.0,1690.0,770.0,5069.0,0.0
1.0,0.0,4117.0,2530.0,4785.0,12650.0,12650.0,1769.0,761.0,4117.0,0.0
1.0,0.0,1482.0,2536.0,9379.0,4975.0,4975.0,1798.0,738.0,1482.0,0.0
1.0,7705.0,0.0,2499.0,12300.0,0.0,0.0,1798.0,701.0,0.0,0.0
1.0,20005.0,509.0,2468.0,12650.0,0.0,0.0,1798.0,670.0,0.0,509.0
1.0,32146.0,1236.0,2441.0,4975.0,0.0,0.0,1780.0,661.0,0.0,1236.0
1.0,35885.0,1965.0,2419.0,0.0,0.0,0.0,1730.0,689.0,0.0,1965.0
1.0,33920.0,2190.0,2378.0,0.0,0.0,0.0,1647.0,731.0,0.0,2190.0
1.0,31730.0,2706.0,2334.0,0.0,0.0,0.0,1570.0,764.0,1021.0,1685.0
1.0,29024.0,3193.0,2315.0,0.0,0.0,0.0,1543.0,772.0,2739.0,454.0
1.0,25831.0,4451.0,2371.0,0.0,0.0,0.0,1599.0,772.0,4451.0,0.0
1.0,21380.0,5150.0,2470.0,0.0,0.0,0.0,1698.0,772.0,5150.0,0.0
1.0,16230.0,4131.0,2541.0,0.0,606.0,606.0,1778.0,763.0,4131.0,0.0
1.0,12099.0,1411.0,2544.0,0.0,2032.0,2032.0,1805.0,739.0,1411.0,0.0
1.0,10688.0,0.0,2506.0,0.0,1842.0,1842.0,1805.0,701.0,0.0,0.0
1.0,10688.0,558.0,2475.0,606.0,1639.0,1639.0,1805.0,670.0,0.0,558.0
1.0,10736.0,1298.0,2447.0,2032.0,765.0,765.0,1785.0,662.0,0.0,1298.0
1.0,11470.0,2046.0,2426.0,1842.0,864.0,864.0,1733.0,693.0,0.0,2046.0
1.0,11266.0,2231.0,2383.0,1639.0,1241.0,1241.0,1647.0,736.0,0.0,2231.0
1.0,10674.0,2796.0,2338.0,765.0,3047.0,3047.0,1570.0,768.0,1119.0,1677.0
1.0,8643.0,3234.0,2320.0,864.0,5327.0,5327.0,1545.0,775.0,2858.0,376.0
1.0,6273.0,4599.0,2382.0,1241.0,8995.0,8995.0,1607.0,775.0,4599.0,0.0
1.0,2915.0,5228.0,2483.0,3047.0,11681.0,11681.0,1708.0,775.0,5228.0,0.0
1.0,734.0,4114.0,2552.0,5327.0,10813.0,10813.0,1787.0,765.0,4114.0,0.0
1.0,1947.0,1265.0,2551.0,8995.0,3078.0,3078.0,1811.0,740.0,1265.0,0.0
1.0,9677.0,0.0,2512.0,11681.0,0.0,0.0,1811.0,701.0,0.0,0.0
1.0,21358.0,581.0,2481.0,10813.0,0.0,0.0,1811.0,670.0,0.0,581.0
1.0,31590.0,1332.0,2454.0,3078.0,0.0,0.0,1791.0,663.0,0.0,1332.0
1.0,33336.0,2078.0,2433.0,0.0,0.0,0.0,1737.0,696.0,0.0,2078.0
1.0,31258.0,2243.0,2390.0,0.0,0.0,0.0,1651.0,739.0,0.0,2243.0
1.0,29015.0,2778.0,2344.0,0.0,0.0,0.0,1573.0,771.0,1123.0,1655.0
1.0,26237.0,3176.0,2327.0,0.0,0.0,0.0,1550.0,777.0,2856.0,320.0
1.0,23061.0,4595.0,2390.0,0.0,0.0,0.0,1613.0,777.0,4595.0,0.0
1.0,18466.0,5205.0,2490.0,0.0,0.0,0.0,1713.0,777.0,5205.0,0.0
1.0,13261.0,4087.0,2559.0,0.0,3621.0,3621.0,1792.0,767.0,4087.0,0.0
1.0,9174.0,1226.0,2558.0,0.0,4842.0,4842.0,1815.0,743.0,1226.0,0.0
1.0,7948.0,0.0,2520.0,0.0,4652.0,4652.0,1815.0,705.0,0.0,0.0
1.0,7948.0,563.0,2489.0,3621.0,1439.0,1439.0,1815.0,674.0,0.0,563.0
1.0,11006.0,1300.0,2463.0,4842.0,0.0,0.0,1796.0,667.0,0.0,1300.0
1.0,14548.0,2038.0,2442.0,4652.0,0.0,0.0,1744.0,698.0,0.0,2038.0
1.0,17162.0,2211.0,2400.0,1439.0,0.0,0.0,1660.0,740.0,0.0,2211.0
1.0,16390.0,2692.0,2355.0,0.0,0.0,0.0,1583.0,772.0,1046.0,1646.0
1.0,13698.0,3109.0,2336.0,0.0,1091.0,1091.0,1557.0,779.0,2762.0,347.0
1.0,10589.0,4475.0,2395.0,0.0,5861.0,5861.0,1616.0,779.0,4475.0,0.0
1.0,6114.0,5141.0,2494.0,0.0,11497.0,11497.0,1715.0,779.0,5141.0,0.0
1.0,973.0,4086.0,2563.0,1091.0,12815.0,12815.0,1794.0,769.0,4086.0,0.0
1.0,0.0,1319.0,2565.0,5861.0,10305.0,10305.0,1819.0,746.0,1319.0,0.0
1.0,2520.0,0.0,2528.0,11497.0,0.0,0.0,1819.0,709.0,0.0,0.0
1.0,14017.0,544.0,2496.0,12815.0,0.0,0.0,1819.0,677.0,0.0,544.0
1.0,26288.0,1275.0,2471.0,10305.0,0.0,0.0,1801.0,670.0,0.0,1275.0
1.0,35318.0,2008.0,2449.0,0.0,0.0,0.0,1750.0,699.0,0.0,2008.0
1.0,33310.0,2204.0,2409.0,0.0,0.0,0.0,1667.0,742.0,0.0,2204.0
1.0,31106.0,2712.0,2364.0,0.0,0.0,0.0,1590.0,774.0,1050.0,1662.0
1.0,28394.0,3153.0,2345.0,0.0,0.0,0.0,1564.0,781.0,2766.0,387.0
1.0,25241.0,4481.0,2402.0,0.0,0.0,0.0,1621.0,781.0,4481.0,0.0
1.0,20760.0,5141.0,2501.0,0.0,0.0,0.0,1720.0,781.0,5141.0,0.0
1.0,15619.0,4103.0,2570.0,0.0,1334.0,1334.0,1799.0,771.0,4103.0,0.0
1.0,11516.0,1345.0,2573.0,0.0,2694.0,2694.0,1825.0,748.0,1345.0,0.0
1.0,10171.0,0.0,2535.0,0.0,2504.0,2504.0,1825.0,710.0,0.0,0.0
1.0,10171.0,565.0,2504.0,1334.0,1580.0,1580.0,1825.0,679.0,0.0,565.0
1.0,10940.0,1307.0,2476.0,2694.0,53.0,53.0,1805.0,671.0,0.0,1307.0
1.0,12327.0,2055.0,2455.0,2504.0,0.0,0.0,1753.0,702.0,0.0,2055.0
1.0,12776.0,2236.0,2412.0,1580.0,0.0,0.0,1667.0,745.0,0.0,2236.0
1.0,12120.0,2852.0,2368.0,53.0,2519.0,2519.0,1591.0,777.0,1176.0,1676.0
1.0,9321.0,3289.0,2351.0,0.0,5723.0,5723.0,1567.0,784.0,2922.0,367.0
1.0,6032.0,4670.0,2414.0,0.0,10708.0,10708.0,1630.0,784.0,4670.0,0.0
1.0,1362.0,5251.0,2515.0,2519.0,12575.0,12575.0,1731.0,784.0,5251.0,0.0
1.0,0.0,4082.0,2583.0,5723.0,12644.0,12644.0,1809.0,774.0,4082.0,0.0
1.0,271.0,1174.0,2581.0,10708.0,3100.0,3100.0,1832.0,749.0,1174.0,0.0
1.0,9805.0,0.0,2541.0,12575.0,0.0,0.0,1832.0,709.0,0.0,0.0
1.0,22380.0,606.0,2510.0,12644.0,0.0,0.0,1832.0,678.0,0.0,606.0
1.0,34418.0,1366.0,2482.0,3100.0,0.0,0.0,1810.0,672.0,0.0,1366.0
1.0,36152.0,2122.0,2462.0,0.0,0.0,0.0,1756.0,706.0,0.0,2122.0
1.0,34030.0,2272.0,2416.0,0.0,0.0,0.0,1667.0,749.0,0.0,2272.0
1.0,31758.0,2928.0,2372.0,0.0,0.0,0.0,1591.0,781.0,1264.0,1664.0
1.0,28830.0,3336.0,2357.0,0.0,0.0,0.0,1570.0,787.0,3035.0,301.0
1.0,25494.0,4811.0,2425.0,0.0,0.0,0.0,1638.0,787.0,4811.0,0.0
1.0,20683.0,5314.0,2527.0,0.0,0.0,0.0,1740.0,787.0,5314.0,0.0
1.0,15369.0,4049.0,2594.0,0.0,1650.0,1650.0,1818.0,776.0,4049.0,0.0
1.0,11320.0,1006.0,2588.0,0.0,2626.0,2626.0,1838.0,750.0,1006.0,0.0
1.0,10314.0,0.0,2548.0,0.0,2426.0,2426.0,1838.0,710.0,0.0,0.0
1.0,10314.0,617.0,2517.0,1650.0,1238.0,1238.0,1838.0,679.0,0.0,617.0
1.0,11347.0,1374.0,2490.0,2626.0,0.0,0.0,1816.0,674.0,0.0,1374.0
1.0,12599.0,2130.0,2470.0,2426.0,0.0,0.0,1761.0,709.0,0.0,2130.0
1.0,12895.0,2267.0,2425.0,1238.0,259.0,259.0,1673.0,752.0,0.0,2267.0
1.0,11866.0,2881.0,2380.0,0.0,2915.0,2915.0,1596.0,784.0,1229.0,1652.0
1.0,8985.0,3262.0,2364.0,0.0,6097.0,6097.0,1575.0,789.0,2988.0,274.0
1.0,5723.0,4737.0,2432.0,259.0,10915.0,10915.0,1643.0,789.0,4737.0,0.0
1.0,1245.0,5258.0,2533.0,2915.0,12665.0,12665.0,1744.0,789.0,5258.0,0.0
1.0,0.0,4021.0,2599.0,6097.0,12017.0,12017.0,1821.0,778.0,4021.0,0.0
1.0,978.0,1030.0,2594.0,10915.0,2107.0,2107.0,1841.0,753.0,1030.0,0.0
1.0,10863.0,0.0,2555.0,12665.0,0.0,0.0,1841.0,714.0,0.0,0.0
1.0,23528.0,577.0,2524.0,12017.0,0.0,0.0,1841.0,683.0,0.0,577.0
1.0,34968.0,1323.0,2497.0,2107.0,0.0,0.0,1821.0,676.0,0.0,1323.0
1.0,35752.0,2071.0,2478.0,0.0,0.0,0.0,1768.0,710.0,0.0,2071.0
1.0,33681.0,2237.0,2435.0,0.0,0.0,0.0,1682.0,753.0,0.0,2237.0
1.0,31444.0,2838.0,2390.0,0.0,0.0,0.0,1605.0,785.0,1175.0,1663.0
1.0,28606.0,3245.0,2374.0,0.0,0.0,0.0,1583.0,791.0,2911.0,334.0
1.0,25361.0,4640.0,2438.0,0.0,0.0,0.0,1647.0,791.0,4640.0,0.0
1.0,20721.0,5203.0,2538.0,0.0,0.0,0.0,1747.0,791.0,5203.0,0.0
1.0,15518.0,4024.0,2605.0,0.0,1531.0,1531.0,1824.0,781.0,4024.0,0.0
1.0,11494.0,1122.0,2602.0,0.0,2638.0,2638.0,1846.0,756.0,1122.0,0.0
1.0,10372.0,0.0,2563.0,0.0,2443.0,2443.0,1846.0,717.0,0.0,0.0
1.0,10372.0,561.0,2532.0,1531.0,1318.0,1318.0,1846.0,686.0,0.0,561.0
1.0,11342.0,1304.0,2505.0,2638.0,0.0,0.0,1826.0,679.0,0.0,1304.0
1.0,12676.0,2047.0,2483.0,2443.0,0.0,0.0,1772.0,711.0,0.0,2047.0
1.0,13072.0,2237.0,2440.0,1318.0,47.0,47.0,1686.0,754.0,0.0,2237.0
1.0,12153.0,2887.0,2396.0,0.0,2714.0,2714.0,1610.0,786.0,1206.0,1681.0
1.0,9266.0,3336.0,2382.0,0.0,5980.0,5980.0,1588.0,794.0,2955.0,381.0
1.0,5930.0,4702.0,2447.0,47.0,10960.0,10960.0,1653.0,794.0,4702.0,0.0
1.0,1275.0,5248.0,2548.0,2714.0,12740.0,12740.0,1754.0,794.0,5248.0,0.0
1.0,0.0,4046.0,2615.0,5980.0,12400.0,12400.0,1832.0,783.0,4046.0,0.0
1.0,675.0,1105.0,2611.0,10960.0,2525.0,2525.0,1853.0,758.0,1105.0,0.0
1.0,10530.0,0.0,2571.0,12740.0,0.0,0.0,1853.0,718.0,0.0,0.0
1.0,23270.0,598.0,2540.0,12400.0,0.0,0.0,1853.0,687.0,0.0,598.0
1.0,35072.0,1354.0,2510.0,2525.0,0.0,0.0,1830.0,680.0,0.0,1354.0
1.0,36243.0,2118.0,2488.0,0.0,0.0,0.0,1774.0,714.0,0.0,2118.0
1.0,34125.0,2279.0,2442.0,0.0,0.0,0.0,1684.0,758.0,0.0,2279.0
1.0,31846.0,3008.0,2399.0,0.0,0.0,0.0,1609.0,790.0,1321.0,1687.0
1.0,28838.0,3441.0,2387.0,0.0,0.0,0.0,1590.0,797.0,3108.0,333.0
1.0,25397.0,4886.0,2458.0,0.0,0.0,0.0,1661.0,797.0,4886.0,0.0
1.0,20511.0,5355.0,2561.0,0.0,0.0,0.0,1764.0,797.0,5355.0,0.0
1.0,15156.0,4035.0,2627.0,0.0,2014.0,2014.0,1842.0,785.0,4035.0,0.0
1.0,11121.0,943.0,2619.0,0.0,2917.0,2917.0,1860.0,759.0,943.0,0.0
1.0,10178.0,0.0,2578.0,0.0,2712.0,2712.0,1860.0,718.0,0.0,0.0
1.0,10178.0,638.0,2547.0,2014.0,1181.0,1181.0,1860.0,687.0,0.0,638.0
1.0,11554.0,1406.0,2518.0,2917.0,0.0,0.0,1836.0,682.0,0.0,1406.0
1.0,13065.0,2173.0,2495.0,2712.0,0.0,0.0,1777.0,718.0,0.0,2173.0
1.0,13604.0,2305.0,2447.0,1181.0,0.0,0.0,1685.0,762.0,0.0,2305.0
1.0,12480.0,3039.0,2403.0,0.0,2574.0,2574.0,1609.0,794.0,1373.0,1666.0
1.0,9441.0,3425.0,2391.0,0.0,5939.0,5939.0,1592.0,799.0,3161.0,264.0
1.0,6016.0,4947.0,2467.0,0.0,11266.0,11266.0,1668.0,799.0,4947.0,0.0
1.0,1069.0,5370.0,2570.0,2574.0,12850.0,12850.0,1771.0,799.0,5370.0,0.0
1.0,0.0,3994.0,2635.0,5939.0,12957.0,12957.0,1848.0,787.0,3994.0,0.0
1.0,218.0,836.0,2625.0,11266.0,2477.0,2477.0,1864.0,761.0,836.0,0.0
1.0,10648.0,0.0,2584.0,12850.0,0.0,0.0,1864.0,720.0,0.0,0.0
1.0,23498.0,617.0,2552.0,12957.0,0.0,0.0,1864.0,688.0,0.0,617.0
1.0,35838.0,1386.0,2523.0,2477.0,0.0,0.0,1840.0,683.0,0.0,1386.0
1.0,36929.0,2149.0,2502.0,0.0,0.0,0.0,1783.0,719.0,0.0,2149.0
1.0,34780.0,2294.0,2455.0,0.0,0.0,0.0,1692.0,763.0,0.0,2294.0
1.0,32486.0,2990.0,2411.0,0.0,0.0,0.0,1616.0,795.0,1321.0,1669.0
1.0,29496.0,3378.0,2399.0,0.0,0.0,0.0,1598.0,801.0,3095.0,283.0
1.0,26118.0,4860.0,2473.0,0.0,0.0,0.0,1672.0,801.0,4860.0,0.0
1.0,21258.0,5308.0,2575.0,0.0,0.0,0.0,1774.0,801.0,5308.0,0.0
1.0,15950.0,3982.0,2641.0,0.0,1237.0,1237.0,1851.0,790.0,3982.0,0.0
1.0,11968.0,891.0,2632.0,0.0,2083.0,2083.0,1868.0,764.0,891.0,0.0
1.0,11077.0,0.0,2592.0,0.0,1883.0,1883.0,1868.0,724.0,0.0,0.0
1.0,11077.0,579.0,2560.0,1237.0,1065.0,1065.0,1868.0,692.0,0.0,579.0
1.0,11735.0,1332.0,2531.0,2083.0,169.0,169.0,1845.0,686.0,0.0,1332.0
1.0,12486.0,2085.0,2509.0,1883.0,261.0,261.0,1789.0,720.0,0.0,2085.0
1.0,12284.0,2261.0,2463.0,1065.0,1227.0,1227.0,1700.0,763.0,0.0,2261.0
1.0,11088.0,2953.0,2420.0,169.0,3796.0,3796.0,1624.0,796.0,1272.0,1681.0
1.0,8304.0,3387.0,2407.0,261.0,6857.0,6857.0,1605.0,802.0,3033.0,354.0
1.0,5178.0,4788.0,2478.0,1227.0,10773.0,10773.0,1676.0,802.0,4788.0,0.0
1.0,1617.0,5277.0,2579.0,3796.0,12759.0,12759.0,1777.0,802.0,5277.0,0.0
1.0,136.0,4002.0,2646.0,6857.0,10239.0,10239.0,1854.0,792.0,4002.0,0.0
1.0,2991.0,980.0,2639.0,10773.0,411.0,411.0,1873.0,766.0,980.0,0.0
1.0,12784.0,0.0,2600.0,12759.0,0.0,0.0,1873.0,727.0,0.0,0.0
1.0,25543.0,588.0,2568.0,10239.0,0.0,0.0,1873.0,695.0,0.0,588.0
1.0,35194.0,1346.0,2539.0,411.0,0.0,0.0,1850.0,689.0,0.0,1346.0
1.0,34259.0,2104.0,2515.0,0.0,0.0,0.0,1793.0,722.0,0.0,2104.0
1.0,32155.0,2274.0,2469.0,0.0,0.0,0.0,1703.0,766.0,0.0,2274.0
1.0,29881.0,3027.0,2425.0,0.0,0.0,0.0,1627.0,798.0,1334.0,1693.0
1.0,26854.0,3469.0,2415.0,0.0,0.0,0.0,1610.0,805.0,3118.0,351.0
1.0,23385.0,4897.0,2487.0,0.0,0.0,0.0,1682.0,805.0,4897.0,0.0
1.0,18488.0,5354.0,2590.0,0.0,0.0,0.0,1785.0,805.0,5354.0,0.0
1.0,13134.0,4021.0,2657.0,0.0,4172.0,4172.0,1863.0,794.0,4021.0,0.0
1.0,9113.0,921.0,2648.0,0.0,5048.0,5048.0,1880.0,768.0,921.0,0.0
1.0,8192.0,0.0,2607.0,0.0,4843.0,4843.0,1880.0,727.0,0.0,0.0
1.0,8192.0,637.0,2575.0,4172.0,1148.0,1148.0,1880.0,695.0,0.0,637.0
1.0,11727.0,1408.0,2545.0,5048.0,0.0,0.0,1855.0,690.0,0.0,1408.0
1.0,15367.0,2181.0,2520.0,4843.0,0.0,0.0,1795.0,725.0,0.0,2181.0
1.0,18029.0,2322.0,2471.0,1148.0,0.0,0.0,1701.0,770.0,0.0,2322.0
1.0,16855.0,3131.0,2429.0,0.0,0.0,0.0,1626.0,803.0,1443.0,1688.0
1.0,13724.0,3532.0,2419.0,0.0,1903.0,1903.0,1611.0,808.0,3250.0,282.0
1.0,10192.0,5063.0,2498.0,0.0,7361.0,7361.0,1690.0,808.0,5063.0,0.0
1.0,5129.0,5437.0,2603.0,0.0,13015.0,13015.0,1795.0,808.0,5437.0,0.0
1.0,0.0,4003.0,2668.0,1903.0,13340.0,13340.0,1872.0,796.0,4003.0,0.0
1.0,0.0,758.0,2655.0,7361.0,9080.0,9080.0,1886.0,769.0,758.0,0.0
1.0,4195.0,0.0,2613.0,13015.0,0.0,0.0,1886.0,727.0,0.0,0.0
1.0,17210.0,660.0,2581.0,13340.0,0.0,0.0,1886.0,695.0,0.0,660.0
1.0,29890.0,1438.0,2551.0,9080.0,0.0,0.0,1860.0,691.0,0.0,1438.0
1.0,37532.0,2220.0,2527.0,0.0,0.0,0.0,1799.0,728.0,0.0,2220.0
1.0,35312.0,2336.0,2477.0,0.0,0.0,0.0,1704.0,773.0,0.0,2336.0
1.0,32976.0,3134.0,2435.0,0.0,0.0,0.0,1629.0,806.0,1458.0,1676.0
1.0,29842.0,3505.0,2425.0,0.0,0.0,0.0,1615.0,810.0,3273.0,232.0
1.0,26337.0,5080.0,2507.0,0.0,0.0,0.0,1697.0,810.0,5080.0,0.0
1.0,21257.0,5435.0,2611.0,0.0,0.0,0.0,1801.0,810.0,5435.0,0.0
1.0,15822.0,3970.0,2675.0,0.0,1523.0,1523.0,1877.0,798.0,3970.0,0.0
1.0,11852.0,701.0,2663.0,0.0,2164.0,2164.0,1891.0,772.0,701.0,0.0
1.0,11151.0,0.0,2621.0,0.0,1954.0,1954.0,1891.0,730.0,0.0,0.0
1.0,11151.0,636.0,2589.0,1523.0,907.0,907.0,1891.0,698.0,0.0,636.0
1.0,12038.0,1411.0,2558.0,2164.0,0.0,0.0,1865.0,693.0,0.0,1411.0
1.0,12791.0,2179.0,2536.0,1954.0,114.0,114.0,1806.0,730.0,0.0,2179.0
1.0,12566.0,2312.0,2486.0,907.0,1269.0,1269.0,1712.0,774.0,0.0,2312.0
1.0,11161.0,3063.0,2443.0,0.0,4117.0,4117.0,1637.0,806.0,1393.0,1670.0
1.0,8098.0,3441.0,2433.0,114.0,7394.0,7394.0,1622.0,811.0,3183.0,258.0
1.0,4771.0,4976.0,2511.0,1269.0,11491.0,11491.0,1700.0,811.0,4976.0,0.0
1.0,1064.0,5369.0,2615.0,4117.0,13075.0,13075.0,1804.0,811.0,5369.0,0.0
1.0,0.0,3976.0,2680.0,7394.0,10170.0,10170.0,1880.0,800.0,3976.0,0.0
1.0,3230.0,784.0,2670.0,11491.0,0.0,0.0,1895.0,775.0,784.0,0.0
1.0,13937.0,0.0,2630.0,13075.0,0.0,0.0,1895.0,735.0,0.0,0.0
1.0,27012.0,615.0,2598.0,10170.0,0.0,0.0,1895.0,703.0,0.0,615.0
1.0,36567.0,1377.0,2568.0,0.0,0.0,0.0,1871.0,697.0,0.0,1377.0
1.0,35190.0,2139.0,2543.0,0.0,0.0,0.0,1812.0,731.0,0.0,2139.0
1.0,33051.0,2288.0,2495.0,0.0,0.0,0.0,1720.0,775.0,0.0,2288.0
1.0,30763.0,3031.0,2453.0,0.0,0.0,0.0,1645.0,808.0,1356.0,1675.0
1.0,27732.0,3444.0,2441.0,0.0,0.0,0.0,1628.0,813.0,3139.0,305.0
1.0,24288.0,4923.0,2517.0,0.0,0.0,0.0,1704.0,813.0,4923.0,0.0
1.0,19365.0,5352.0,2620.0,0.0,0.0,0.0,1807.0,813.0,5352.0,0.0
1.0,14013.0,4006.0,2686.0,0.0,3423.0,3423.0,1884.0,802.0,4006.0,0.0
1.0,10007.0,871.0,2677.0,0.0,4249.0,4249.0,1901.0,776.0,871.0,0.0
1.0,9136.0,0.0,2637.0,0.0,4049.0,4049.0,1901.0,736.0,0.0,0.0
1.0,9136.0,640.0,2605.0,3423.0,1106.0,1106.0,1901.0,704.0,0.0,640.0
1.0,11919.0,1410.0,2574.0,4249.0,0.0,0.0,1875.0,699.0,0.0,1410.0
1.0,14758.0,2184.0,2549.0,4049.0,0.0,0.0,1815.0,734.0,0.0,2184.0
1.0,16623.0,2317.0,2500.0,1106.0,0.0,0.0,1721.0,779.0,0.0,2317.0
1.0,15412.0,3137.0,2457.0,0.0,10.0,10.0,1646.0,811.0,1456.0,1681.0
1.0,12275.0,3544.0,2448.0,0.0,3509.0,3509.0,1632.0,816.0,3266.0,278.0
1.0,8731.0,5081.0,2528.0,0.0,8990.0,8990.0,1712.0,816.0,5081.0,0.0
1.0,3650.0,5444.0,2632.0,10.0,13160.0,13160.0,1816.0,816.0,5444.0,0.0
1.0,0.0,3999.0,2697.0,3509.0,13485.0,13485.0,1893.0,804.0,3999.0,0.0
1.0,0.0,738.0,2684.0,8990.0,7442.0,7442.0,1907.0,777.0,738.0,0.0
1.0,5978.0,0.0,2642.0,13160.0,0.0,0.0,1907.0,735.0,0.0,0.0
1.0,19138.0,683.0,2611.0,13485.0,0.0,0.0,1907.0,704.0,0.0,683.0
1.0,31940.0,1468.0,2579.0,7442.0,0.0,0.0,1880.0,699.0,0.0,1468.0
1.0,37914.0,2253.0,2554.0,0.0,0.0,0.0,1817.0,737.0,0.0,2253.0
1.0,35661.0,2354.0,2503.0,0.0,0.0,0.0,1720.0,783.0,0.0,2354.0
1.0,33307.0,3216.0,2460.0,0.0,0.0,0.0,1645.0,815.0,1542.0,1674.0
1.0,30091.0,3603.0,2452.0,0.0,0.0,0.0,1633.0,819.0,3388.0,215.0
1.0,26488.0,5233.0,2538.0,0.0,0.0,0.0,1719.0,819.0,5233.0,0.0
1.0,21255.0,5524.0,2644.0,0.0,0.0,0.0,1825.0,819.0,5524.0,0.0
1.0,15731.0,3975.0,2708.0,0.0,1784.0,1784.0,1902.0,806.0,3975.0,0.0
1.0,11756.0,590.0,2692.0,0.0,2294.0,2294.0,1913.0,779.0,590.0,0.0
1.0,11166.0,0.0,2649.0,0.0,2079.0,2079.0,1913.0,736.0,0.0,0.0
1.0,11166.0,706.0,2618.0,1784.0,846.0,846.0,1913.0,705.0,0.0,706.0
1.0,12244.0,1495.0,2586.0,2294.0,0.0,0.0,1885.0,701.0,0.0,1495.0
1.0,13043.0,2280.0,2562.0,2079.0,0.0,0.0,1822.0,740.0,0.0,2280.0
1.0,12842.0,2365.0,2510.0,846.0,1227.0,1227.0,1724.0,786.0,0.0,2365.0
1.0,11323.0,3186.0,2467.0,0.0,4198.0,4198.0,1649.0,818.0,1531.0,1655.0
1.0,8137.0,3521.0,2459.0,0.0,7679.0,7679.0,1638.0,821.0,3361.0,160.0
1.0,4616.0,5187.0,2545.0,1227.0,12069.0,12069.0,1724.0,821.0,5187.0,0.0
1.0,656.0,5495.0,2651.0,4198.0,13255.0,13255.0,1830.0,821.0,5495.0,0.0
1.0,0.0,3970.0,2715.0,7679.0,10507.0,10507.0,1906.0,809.0,3970.0,0.0
1.0,3068.0,605.0,2699.0,12069.0,0.0,0.0,1918.0,781.0,605.0,0.0
1.0,14532.0,0.0,2658.0,13255.0,0.0,0.0,1918.0,740.0,0.0,0.0
1.0,27787.0,680.0,2626.0,10507.0,0.0,0.0,1918.0,708.0,0.0,680.0
1.0,37614.0,1458.0,2595.0,0.0,0.0,0.0,1891.0,704.0,0.0,1458.0
1.0,36156.0,2241.0,2572.0,0.0,0.0,0.0,1830.0,742.0,0.0,2241.0
1.0,33915.0,2338.0,2521.0,0.0,0.0,0.0,1734.0,787.0,0.0,2338.0
1.0,31577.0,3100.0,2477.0,0.0,0.0,0.0,1658.0,819.0,1444.0,1656.0
1.0,28477.0,3440.0,2467.0,0.0,0.0,0.0,1644.0,823.0,3251.0,189.0
1.0,25037.0,5064.0,2550.0,0.0,0.0,0.0,1727.0,823.0,5064.0,0.0
1.0,19973.0,5422.0,2654.0,0.0,0.0,0.0,1831.0,823.0,5422.0,0.0
1.0,14551.0,3976.0,2718.0,0.0,3015.0,3015.0,1907.0,811.0,3976.0,0.0
1.0,10575.0,717.0,2705.0,0.0,3667.0,3667.0,1921.0,784.0,717.0,0.0
1.0,9858.0,0.0,2664.0,0.0,3462.0,3462.0,1921.0,743.0,0.0,0.0
1.0,9858.0,653.0,2633.0,3015.0,945.0,945.0,1921.0,712.0,0.0,653.0
1.0,12220.0,1432.0,2602.0,3667.0,0.0,0.0,1895.0,707.0,0.0,1432.0
1.0,14455.0,2209.0,2579.0,3462.0,0.0,0.0,1835.0,744.0,0.0,2209.0
1.0,15708.0,2331.0,2529.0,945.0,0.0,0.0,1740.0,789.0,0.0,2331.0
1.0,14322.0,3141.0,2486.0,0.0,1249.0,1249.0,1665.0,821.0,1467.0,1674.0
1.0,11181.0,3535.0,2478.0,0.0,4744.0,4744.0,1652.0,826.0,3287.0,248.0
1.0,7646.0,5101.0,2559.0,0.0,10250.0,10250.0,1733.0,826.0,5101.0,0.0
1.0,2545.0,5454.0,2664.0,1249.0,13320.0,13320.0,1838.0,826.0,5454.0,0.0
1.0,0.0,3984.0,2727.0,4744.0,13635.0,13635.0,1914.0,813.0,3984.0,0.0
1.0,0.0,703.0,2714.0,10250.0,4923.0,4923.0,1928.0,786.0,703.0,0.0
1.0,8647.0,0.0,2672.0,13320.0,0.0,0.0,1928.0,744.0,0.0,0.0
1.0,21967.0,681.0,2641.0,13635.0,0.0,0.0,1928.0,713.0,0.0,681.0
1.0,34921.0,1466.0,2608.0,4923.0,0.0,0.0,1900.0,708.0,0.0,1466.0
1.0,38378.0,2251.0,2583.0,0.0,0.0,0.0,1837.0,746.0,0.0,2251.0
1.0,36127.0,2358.0,2531.0,0.0,0.0,0.0,1739.0,792.0,0.0,2358.0
1.0,33769.0,3260.0,2489.0,0.0,0.0,0.0,1665.0,824.0,1574.0,1686.0
1.0,30509.0,3653.0,2483.0,0.0,0.0,0.0,1654.0,829.0,3426.0,227.0
1.0,26856.0,5275.0,2570.0,0.0,0.0,0.0,1741.0,829.0,5275.0,0.0
1.0,21581.0,5556.0,2677.0,0.0,0.0,0.0,1848.0,829.0,5556.0,0.0
1.0,16025.0,3980.0,2740.0,0.0,1655.0,1655.0,1925.0,815.0,3980.0,0.0
1.0,12045.0,562.0,2722.0,0.0,2127.0,2127.0,1935.0,787.0,562.0,0.0
1.0,11483.0,0.0,2679.0,0.0,1912.0,1912.0,1935.0,744.0,0.0,0.0
1.0,11483.0,723.0,2648.0,1655.0,825.0,825.0,1935.0,713.0,0.0,723.0
1.0,12415.0,1523.0,2616.0,2127.0,61.0,61.0,1906.0,710.0,0.0,1523.0
1.0,13019.0,2321.0,2591.0,1912.0,345.0,345.0,1841.0,750.0,0.0,2321.0
1.0,12610.0,2403.0,2536.0,825.0,1648.0,1648.0,1740.0,796.0,0.0,2403.0
1.0,11032.0,3325.0,2494.0,61.0,4702.0,4702.0,1665.0,829.0,1646.0,1679.0
1.0,7768.0,3667.0,2488.0,345.0,7994.0,7994.0,1656.0,832.0,3510.0,157.0
1.0,4446.0,5376.0,2581.0,1648.0,12187.0,12187.0,1749.0,832.0,5376.0,0.0
1.0,718.0,5593.0,2688.0,4702.0,13440.0,13440.0,1856.0,832.0,5593.0,0.0
1.0,0.0,3954.0,2750.0,7994.0,9883.0,9883.0,1932.0,818.0,3954.0,0.0
1.0,3867.0,442.0,2730.0,12187.0,0.0,0.0,1941.0,789.0,442.0,0.0
1.0,15612.0,0.0,2686.0,13440.0,0.0,0.0,1941.0,745.0,0.0,0.0
1.0,29052.0,715.0,2655.0,9883.0,0.0,0.0,1941.0,714.0,0.0,715.0
1.0,38220.0,1516.0,2622.0,0.0,0.0,0.0,1911.0,711.0,0.0,1516.0
1.0,36704.0,2311.0,2599.0,0.0,0.0,0.0,1847.0,752.0,0.0,2311.0
1.0,34393.0,2391.0,2545.0,0.0,0.0,0.0,1747.0,798.0,0.0,2391.0
1.0,32002.0,3282.0,2502.0,0.0,0.0,0.0,1672.0,830.0,1613.0,1669.0
1.0,28720.0,3612.0,2495.0,0.0,0.0,0.0,1662.0,833.0,3462.0,150.0
1.0,25108.0,5313.0,2586.0,0.0,0.0,0.0,1753.0,833.0,5313.0,0.0
1.0,19795.0,5546.0,2693.0,0.0,0.0,0.0,1860.0,833.0,5546.0,0.0
1.0,14249.0,3931.0,2755.0,0.0,3457.0,3457.0,1935.0,820.0,3931.0,0.0
1.0,10318.0,459.0,2736.0,0.0,3821.0,3821.0,1944.0,792.0,459.0,0.0
1.0,9859.0,0.0,2693.0,0.0,3606.0,3606.0,1944.0,749.0,0.0,0.0
1.0,9859.0,676.0,2661.0,3457.0,665.0,665.0,1944.0,717.0,0.0,676.0
1.0,12640.0,1467.0,2630.0,3821.0,0.0,0.0,1916.0,714.0,0.0,1467.0
1.0,14994.0,2252.0,2607.0,3606.0,0.0,0.0,1854.0,753.0,0.0,2252.0
1.0,16348.0,2361.0,2555.0,665.0,0.0,0.0,1756.0,799.0,0.0,2361.0
1.0,14652.0,3212.0,2513.0,0.0,1125.0,1125.0,1682.0,831.0,1533.0,1679.0
1.0,11440.0,3576.0,2505.0,0.0,4661.0,4661.0,1670.0,835.0,3366.0,210.0
1.0,7864.0,5194.0,2591.0,0.0,10285.0,10285.0,1756.0,835.0,5194.0,0.0
1.0,2670.0,5501.0,2697.0,1125.0,13485.0,13485.0,1862.0,835.0,5501.0,0.0
1.0,0.0,3962.0,2760.0,4661.0,13800.0,13800.0,1938.0,822.0,3962.0,0.0
1.0,0.0,598.0,2744.0,10285.0,5040.0,5040.0,1949.0,795.0,598.0,0.0
1.0,8680.0,0.0,2701.0,13485.0,0.0,0.0,1949.0,752.0,0.0,0.0
1.0,22165.0,680.0,2670.0,13800.0,0.0,0.0,1949.0,721.0,0.0,680.0
1.0,35285.0,1465.0,2638.0,5040.0,0.0,0.0,1921.0,717.0,0.0,1465.0
1.0,38860.0,2251.0,2613.0,0.0,0.0,0.0,1858.0,755.0,0.0,2251.0
1.0,36609.0,2360.0,2561.0,0.0,0.0,0.0,1760.0,801.0,0.0,2360.0
1.0,34249.0,3249.0,2518.0,0.0,0.0,0.0,1685.0,833.0,1565.0,1684.0
1.0,31000.0,3629.0,2511.0,0.0,0.0,0.0,1674.0,837.0,3403.0,226.0
1.0,27371.0,5254.0,2598.0,0.0,0.0,0.0,1761.0,837.0,5254.0,0.0
1.0,22117.0,5536.0,2705.0,0.0,0.0,0.0,1868.0,837.0,5536.0,0.0
1.0,16581.0,3993.0,2769.0,0.0,1257.0,1257.0,1945.0,824.0,3993.0,0.0
1.0,12588.0,592.0,2752.0,0.0,1764.0,1764.0,1956.0,796.0,592.0,0.0
1.0,11996.0,0.0,2709.0,0.0,1549.0,1549.0,1956.0,753.0,0.0,0.0
1.0,11996.0,727.0,2677.0,1257.0,859.0,859.0,1956.0,721.0,0.0,727.0
1.0,12526.0,1527.0,2644.0,1764.0,457.0,457.0,1926.0,718.0,0.0,1527.0
1.0,12763.0,2328.0,2619.0,1549.0,1111.0,1111.0,1860.0,759.0,0.0,2328.0
1.0,11984.0,2403.0,2563.0,859.0,2375.0,2375.0,1758.0,805.0,0.0,2403.0
1.0,10440.0,3362.0,2521.0,457.0,5070.0,5070.0,1684.0,837.0,1684.0,1678.0
1.0,7535.0,3723.0,2516.0,1111.0,7657.0,7657.0,1676.0,840.0,3564.0,159.0
1.0,4923.0,5440.0,2610.0,2375.0,11192.0,11192.0,1770.0,840.0,5440.0,0.0
1.0,1858.0,5636.0,2718.0,5070.0,12298.0,12298.0,1878.0,840.0,5636.0,0.0
1.0,1292.0,3963.0,2780.0,7657.0,8914.0,8914.0,1954.0,826.0,3963.0,0.0
1.0,4986.0,405.0,2759.0,11192.0,0.0,0.0,1962.0,797.0,405.0,0.0
1.0,15773.0,0.0,2714.0,12298.0,0.0,0.0,1962.0,752.0,0.0,0.0
1.0,28071.0,763.0,2683.0,8914.0,0.0,0.0,1962.0,721.0,0.0,763.0
1.0,36222.0,1571.0,2650.0,0.0,0.0,0.0,1931.0,719.0,0.0,1571.0
1.0,34651.0,2382.0,2625.0,0.0,0.0,0.0,1863.0,762.0,0.0,2382.0
1.0,32269.0,2428.0,2568.0,0.0,0.0,0.0,1760.0,808.0,0.0,2428.0
1.0,29841.0,3408.0,2525.0,0.0,0.0,0.0,1685.0,840.0,1736.0,1672.0
1.0,26433.0,3734.0,2521.0,0.0,0.0,0.0,1679.0,842.0,3633.0,101.0
1.0,22699.0,5521.0,2619.0,0.0,0.0,0.0,1777.0,842.0,5521.0,0.0
1.0,17178.0,5670.0,2728.0,0.0,2132.0,2132.0,1886.0,842.0,5670.0,0.0
1.0,11508.0,3926.0,2791.0,0.0,6373.0,6373.0,1962.0,829.0,3926.0,0.0
1.0,7582.0,286.0,2766.0,0.0,6534.0,6534.0,1967.0,799.0,286.0,0.0
1.0,7296.0,0.0,2722.0,2132.0,4182.0,4182.0,1967.0,755.0,0.0,0.0
1.0,9428.0,745.0,2690.0,6373.0,0.0,0.0,1967.0,723.0,0.0,745.0
1.0,15056.0,1549.0,2657.0,6534.0,0.0,0.0,1936.0,721.0,0.0,1549.0
1.0,20041.0,2352.0,2632.0,4182.0,0.0,0.0,1869.0,763.0,0.0,2352.0
1.0,21871.0,2414.0,2577.0,0.0,0.0,0.0,1767.0,810.0,0.0,2414.0
1.0,19457.0,3334.0,2535.0,0.0,0.0,0.0,1693.0,842.0,1667.0,1667.0
1.0,16123.0,3653.0,2529.0,0.0,175.0,175.0,1685.0,844.0,3538.0,115.0
1.0,12470.0,5409.0,2624.0,0.0,6059.0,6059.0,1780.0,844.0,5409.0,0.0
1.0,7061.0,5611.0,2732.0,0.0,12210.0,12210.0,1888.0,844.0,5611.0,0.0
1.0,1450.0,3934.0,2795.0,175.0,13975.0,13975.0,1964.0,831.0,3934.0,0.0
1.0,0.0,393.0,2774.0,6059.0,10513.0,10513.0,1971.0,803.0,393.0,0.0
1.0,3357.0,0.0,2731.0,12210.0,0.0,0.0,1971.0,760.0,0.0,0.0
1.0,15567.0,711.0,2699.0,13975.0,0.0,0.0,1971.0,728.0,0.0,711.0
1.0,28831.0,1510.0,2667.0,10513.0,0.0,0.0,1942.0,725.0,0.0,1510.0
1.0,37834.0,2303.0,2642.0,0.0,0.0,0.0,1877.0,765.0,0.0,2303.0
1.0,35531.0,2386.0,2588.0,0.0,0.0,0.0,1777.0,811.0,0.0,2386.0
1.0,33145.0,3254.0,2545.0,0.0,0.0,0.0,1702.0,843.0,1584.0,1670.0
1.0,29891.0,3606.0,2538.0,0.0,0.0,0.0,1692.0,846.0,3444.0,162.0
1.0,26285.0,5300.0,2628.0,0.0,0.0,0.0,1782.0,846.0,5300.0,0.0
1.0,20985.0,5577.0,2736.0,0.0,0.0,0.0,1890.0,846.0,5577.0,0.0
1.0,15408.0,3987.0,2799.0,0.0,2574.0,2574.0,1966.0,833.0,3987.0,0.0
1.0,11421.0,552.0,2782.0,0.0,3041.0,3041.0,1977.0,805.0,552.0,0.0
1.0,10869.0,0.0,2738.0,0.0,2821.0,2821.0,1977.0,761.0,0.0,0.0
1.0,10869.0,735.0,2707.0,2574.0,827.0,827.0,1977.0,730.0,0.0,735.0
1.0,12708.0,1535.0,2674.0,3041.0,0.0,0.0,1947.0,727.0,0.0,1535.0
1.0,14214.0,2336.0,2649.0,2821.0,0.0,0.0,1881.0,768.0,0.0,2336.0
1.0,14699.0,2403.0,2594.0,827.0,0.0,0.0,1780.0,814.0,0.0,2403.0
1.0,13123.0,3332.0,2552.0,0.0,2969.0,2969.0,1706.0,846.0,1661.0,1671.0
1.0,9791.0,3685.0,2546.0,0.0,6624.0,6624.0,1697.0,849.0,3540.0,145.0
1.0,6106.0,5424.0,2639.0,0.0,12513.0,12513.0,1790.0,849.0,5424.0,0.0
1.0,682.0,5649.0,2748.0,2969.0,13740.0,13740.0,1899.0,849.0,5649.0,0.0
1.0,0.0,4003.0,2811.0,6624.0,13432.0,13432.0,1976.0,835.0,4003.0,0.0
1.0,623.0,471.0,2791.0,12513.0,1290.0,1290.0,1985.0,806.0,471.0,0.0
1.0,12665.0,0.0,2746.0,13740.0,0.0,0.0,1985.0,761.0,0.0,0.0
1.0,26405.0,791.0,2715.0,13432.0,0.0,0.0,1985.0,730.0,0.0,791.0
1.0,39046.0,1605.0,2680.0,1290.0,0.0,0.0,1952.0,728.0,0.0,1605.0
1.0,38731.0,2420.0,2656.0,0.0,0.0,0.0,1884.0,772.0,0.0,2420.0
1.0,36311.0,2450.0,2598.0,0.0,0.0,0.0,1779.0,819.0,0.0,2450.0
1.0,33861.0,3433.0,2556.0,0.0,0.0,0.0,1705.0,851.0,1770.0,1663.0
1.0,30428.0,3746.0,2552.0,0.0,0.0,0.0,1700.0,852.0,3683.0,63.0
1.0,26682.0,5597.0,2651.0,0.0,0.0,0.0,1799.0,852.0,5597.0,0.0
1.0,21085.0,5740.0,2762.0,0.0,0.0,0.0,1910.0,852.0,5740.0,0.0
1.0,15345.0,3974.0,2824.0,0.0,2749.0,2749.0,1986.0,838.0,3974.0,0.0
1.0,11371.0,293.0,2799.0,0.0,2917.0,2917.0,1992.0,807.0,293.0,0.0
1.0,11078.0,0.0,2754.0,0.0,2692.0,2692.0,1992.0,762.0,0.0,0.0
1.0,11078.0,810.0,2722.0,2749.0,593.0,593.0,1992.0,730.0,0.0,810.0
1.0,13017.0,1634.0,2688.0,2917.0,0.0,0.0,1958.0,730.0,0.0,1634.0
1.0,14300.0,2453.0,2664.0,2692.0,0.0,0.0,1889.0,775.0,0.0,2453.0
1.0,14539.0,2461.0,2604.0,593.0,349.0,349.0,1782.0,822.0,0.0,2461.0
1.0,12671.0,3410.0,2561.0,0.0,3544.0,3544.0,1707.0,854.0,1765.0,1645.0
1.0,9261.0,3684.0,2556.0,0.0,7203.0,7203.0,1702.0,854.0,3674.0,10.0
1.0,5577.0,5583.0,2658.0,349.0,12947.0,12947.0,1804.0,854.0,5583.0,0.0
1.0,343.0,5720.0,2768.0,3544.0,13840.0,13840.0,1914.0,854.0,5720.0,0.0
1.0,0.0,3954.0,2830.0,7203.0,12734.0,12734.0,1990.0,840.0,3954.0,0.0
1.0,1416.0,269.0,2806.0,12947.0,0.0,0.0,1996.0,810.0,269.0,0.0
1.0,14094.0,0.0,2761.0,13840.0,0.0,0.0,1996.0,765.0,0.0,0.0
1.0,27934.0,791.0,2730.0,12734.0,0.0,0.0,1996.0,734.0,0.0,791.0
1.0,39877.0,1601.0,2695.0,0.0,0.0,0.0,1963.0,732.0,0.0,1601.0
1.0,38276.0,2412.0,2671.0,0.0,0.0,0.0,1895.0,776.0,0.0,2412.0
1.0,35864.0,2431.0,2614.0,0.0,0.0,0.0,1791.0,823.0,0.0,2431.0
1.0,33433.0,3329.0,2571.0,0.0,0.0,0.0,1716.0,855.0,1692.0,1637.0
1.0,30104.0,3614.0,2564.0,0.0,0.0,0.0,1709.0,855.0,3580.0,34.0
1.0,26490.0,5472.0,2662.0,0.0,0.0,0.0,1807.0,855.0,5472.0,0.0
1.0,21018.0,5659.0,2771.0,0.0,0.0,0.0,1916.0,855.0,5659.0,0.0
1.0,15359.0,3965.0,2834.0,0.0,2776.0,2776.0,1992.0,842.0,3965.0,0.0
1.0,11394.0,370.0,2812.0,0.0,3036.0,3036.0,1999.0,813.0,370.0,0.0
1.0,11024.0,0.0,2767.0,0.0,2811.0,2811.0,1999.0,768.0,0.0,0.0
1.0,11024.0,773.0,2736.0,2776.0,653.0,653.0,1999.0,737.0,0.0,773.0
1.0,13027.0,1577.0,2705.0,3036.0,0.0,0.0,1969.0,736.0,0.0,1577.0
1.0,14486.0,2380.0,2680.0,2811.0,0.0,0.0,1902.0,778.0,0.0,2380.0
1.0,14917.0,2412.0,2625.0,653.0,0.0,0.0,1800.0,825.0,0.0,2412.0
1.0,13158.0,3290.0,2581.0,0.0,3037.0,3037.0,1725.0,856.0,1650.0,1640.0
1.0,9868.0,3603.0,2573.0,0.0,6600.0,6600.0,1716.0,857.0,3532.0,71.0
1.0,6265.0,5422.0,2667.0,0.0,12492.0,12492.0,1810.0,857.0,5422.0,0.0
1.0,843.0,5654.0,2776.0,3037.0,13880.0,13880.0,1919.0,857.0,5654.0,0.0
1.0,0.0,4008.0,2839.0,6600.0,13377.0,13377.0,1996.0,843.0,4008.0,0.0
1.0,818.0,484.0,2819.0,12492.0,1269.0,1269.0,2005.0,814.0,484.0,0.0
1.0,12826.0,0.0,2774.0,13880.0,0.0,0.0,2005.0,769.0,0.0,0.0
1.0,26706.0,811.0,2743.0,13377.0,0.0,0.0,2005.0,738.0,0.0,811.0
1.0,39272.0,1623.0,2710.0,1269.0,0.0,0.0,1973.0,737.0,0.0,1623.0
1.0,38918.0,2439.0,2686.0,0.0,0.0,0.0,1905.0,781.0,0.0,2439.0
1.0,36479.0,2446.0,2630.0,0.0,0.0,0.0,1801.0,829.0,0.0,2446.0
1.0,34033.0,3401.0,2586.0,0.0,0.0,0.0,1726.0,860.0,1760.0,1641.0
1.0,30632.0,3693.0,2580.0,0.0,0.0,0.0,1719.0,861.0,3668.0,25.0
1.0,26939.0,5585.0,2679.0,0.0,0.0,0.0,1818.0,861.0,5585.0,0.0
1.0,21354.0,5741.0,2789.0,0.0,0.0,0.0,1928.0,861.0,5741.0,0.0
1.0,15613.0,3989.0,2850.0,0.0,2626.0,2626.0,2005.0,845.0,3989.0,0.0
1.0,11624.0,332.0,2825.0,0.0,2833.0,2833.0,2011.0,814.0,332.0,0.0
1.0,11292.0,22.0,2779.0,0.0,2625.0,2625.0,2011.0,768.0,0.0,22.0
1.0,11270.0,855.0,2749.0,2626.0,704.0,704.0,2011.0,738.0,0.0,855.0
1.0,13041.0,1682.0,2715.0,2833.0,0.0,0.0,1977.0,738.0,0.0,1682.0
1.0,14192.0,2487.0,2691.0,2625.0,0.0,0.0,1906.0,785.0,0.0,2487.0
1.0,14330.0,2461.0,2631.0,704.0,582.0,582.0,1799.0,832.0,0.0,2461.0
1.0,12573.0,3473.0,2587.0,0.0,3835.0,3835.0,1724.0,863.0,1864.0,1609.0
1.0,9100.0,3808.0,2584.0,0.0,7628.0,7628.0,1721.0,863.0,3808.0,0.0
1.0,5292.0,5743.0,2689.0,582.0,13314.0,13314.0,1826.0,863.0,5743.0,0.0
1.0,131.0,5821.0,2801.0,3835.0,14005.0,14005.0,1938.0,863.0,5821.0,0.0
1.0,0.0,3949.0,2861.0,7628.0,12481.0,12481.0,2014.0,847.0,3949.0,0.0
1.0,1824.0,147.0,2833.0,13314.0,0.0,0.0,2017.0,816.0,147.0,0.0
1.0,14991.0,42.0,2787.0,14005.0,0.0,0.0,2017.0,770.0,0.0,42.0
1.0,28954.0,872.0,2756.0,12481.0,0.0,0.0,2017.0,739.0,0.0,872.0
1.0,40563.0,1700.0,2723.0,0.0,0.0,0.0,1983.0,740.0,0.0,1700.0
1.0,38863.0,2487.0,2700.0,0.0,0.0,0.0,1912.0,788.0,0.0,2487.0
1.0,36376.0,2442.0,2640.0,0.0,0.0,0.0,1805.0,835.0,0.0,2442.0
1.0,33934.0,3417.0,2595.0,0.0,0.0,0.0,1730.0,865.0,1843.0,1574.0
1.0,30517.0,3769.0,2591.0,0.0,0.0,0.0,1726.0,865.0,3769.0,0.0
1.0,26748.0,5695.0,2696.0,0.0,0.0,0.0,1831.0,865.0,5695.0,0.0
1.0,21053.0,5772.0,2807.0,0.0,0.0,0.0,1942.0,865.0,5772.0,0.0
1.0,15281.0,3919.0,2867.0,0.0,2973.0,2973.0,2017.0,850.0,3919.0,0.0
1.0,11362.0,149.0,2839.0,0.0,2982.0,2982.0,2020.0,819.0,149.0,0.0
1.0,11213.0,13.0,2793.0,0.0,2765.0,2765.0,2020.0,773.0,0.0,13.0
1.0,11200.0,833.0,2762.0,2973.0,470.0,470.0,2020.0,742.0,0.0,833.0
1.0,13340.0,1653.0,2730.0,2982.0,0.0,0.0,1988.0,742.0,0.0,1653.0
1.0,14669.0,2458.0,2708.0,2765.0,0.0,0.0,1919.0,789.0,0.0,2458.0
1.0,14976.0,2447.0,2649.0,470.0,246.0,246.0,1813.0,836.0,0.0,2447.0
1.0,12999.0,3399.0,2606.0,0.0,3430.0,3430.0,1739.0,867.0,1787.0,1612.0
1.0,9600.0,3690.0,2601.0,0.0,7095.0,7095.0,1734.0,867.0,3690.0,0.0
1.0,5910.0,5602.0,2701.0,246.0,12951.0,12951.0,1834.0,867.0,5602.0,0.0
1.0,554.0,5718.0,2811.0,3430.0,14055.0,14055.0,1944.0,867.0,5718.0,0.0
1.0,0.0,3936.0,2872.0,7095.0,12935.0,12935.0,2020.0,852.0,3936.0,0.0
1.0,1425.0,240.0,2847.0,12951.0,99.0,99.0,2025.0,822.0,240.0,0.0
1.0,14136.0,0.0,2801.0,14055.0,0.0,0.0,2025.0,776.0,0.0,0.0
1.0,28191.0,814.0,2770.0,12935.0,0.0,0.0,2025.0,745.0,0.0,814.0
1.0,40312.0,1636.0,2738.0,99.0,0.0,0.0,1993.0,745.0,0.0,1636.0
1.0,38775.0,2452.0,2716.0,0.0,0.0,0.0,1925.0,791.0,0.0,2452.0
1.0,36323.0,2455.0,2659.0,0.0,0.0,0.0,1821.0,838.0,0.0,2455.0
1.0,33868.0,3436.0,2616.0,0.0,0.0,0.0,1746.0,870.0,1798.0,1638.0
1.0,30432.0,3730.0,2611.0,0.0,0.0,0.0,1741.0,870.0,3718.0,12.0
1.0,26702.0,5631.0,2710.0,0.0,0.0,0.0,1840.0,870.0,5631.0,0.0
1.0,21071.0,5757.0,2821.0,0.0,0.0,0.0,1951.0,870.0,5757.0,0.0
1.0,15314.0,3957.0,2881.0,0.0,3048.0,3048.0,2027.0,854.0,3957.0,0.0
1.0,11357.0,253.0,2855.0,0.0,3171.0,3171.0,2032.0,823.0,253.0,0.0
1.0,11104.0,27.0,2809.0,0.0,2968.0,2968.0,2032.0,777.0,0.0,27.0
1.0,11077.0,855.0,2778.0,3048.0,620.0,620.0,2032.0,746.0,0.0,855.0
1.0,13270.0,1681.0,2745.0,3171.0,0.0,0.0,1998.0,747.0,0.0,1681.0
1.0,14760.0,2484.0,2721.0,2968.0,0.0,0.0,1927.0,794.0,0.0,2484.0
1.0,15244.0,2460.0,2662.0,620.0,0.0,0.0,1820.0,842.0,0.0,2460.0
1.0,13404.0,3529.0,2619.0,0.0,3220.0,3220.0,1746.0,873.0,1911.0,1618.0
1.0,9875.0,3858.0,2617.0,0.0,7068.0,7068.0,1744.0,873.0,3858.0,0.0
1.0,6017.0,5811.0,2722.0,0.0,13404.0,13404.0,1849.0,873.0,5811.0,0.0
1.0,206.0,5850.0,2833.0,3220.0,14165.0,14165.0,1961.0,872.0,5850.0,0.0
1.0,0.0,3950.0,2893.0,7068.0,13771.0,13771.0,2037.0,856.0,3950.0,0.0
1.0,694.0,98.0,2863.0,13404.0,315.0,315.0,2039.0,824.0,98.0,0.0
1.0,14000.0,84.0,2816.0,14165.0,0.0,0.0,2039.0,777.0,0.0,84.0
1.0,28081.0,923.0,2787.0,13771.0,0.0,0.0,2039.0,748.0,0.0,923.0
1.0,40929.0,1763.0,2754.0,315.0,0.0,0.0,2003.0,751.0,0.0,1763.0
1.0,39481.0,2524.0,2729.0,0.0,0.0,0.0,1930.0,799.0,0.0,2524.0
1.0,36957.0,2458.0,2666.0,0.0,0.0,0.0,1820.0,846.0,16.0,2442.0
1.0,34499.0,3499.0,2621.0,0.0,0.0,0.0,1746.0,875.0,1979.0,1520.0
1.0,31000.0,3948.0,2621.0,0.0,0.0,0.0,1746.0,875.0,3948.0,0.0
1.0,27052.0,5891.0,2732.0,0.0,0.0,0.0,1857.0,875.0,5891.0,0.0
1.0,21161.0,5880.0,2845.0,0.0,0.0,0.0,1970.0,875.0,5880.0,0.0
1.0,15281.0,3895.0,2903.0,0.0,3129.0,3129.0,2045.0,858.0,3895.0,0.0
1.0,11386.0,0.0,2870.0,0.0,2964.0,2964.0,2045.0,825.0,0.0,0.0
1.0,11386.0,83.0,2824.0,0.0,2817.0,2817.0,2045.0,779.0,0.0,83.0
1.0,11303.0,926.0,2795.0,3129.0,469.0,469.0,2045.0,750.0,0.0,926.0
1.0,13506.0,1762.0,2762.0,2964.0,0.0,0.0,2009.0,753.0,0.0,1762.0
1.0,14708.0,2515.0,2739.0,2817.0,0.0,0.0,1937.0,802.0,0.0,2515.0
1.0,15010.0,2424.0,2675.0,469.0,320.0,320.0,1827.0,848.0,0.0,2424.0
1.0,13055.0,3413.0,2630.0,0.0,3508.0,3508.0,1753.0,877.0,1917.0,1496.0
1.0,9642.0,3857.0,2629.0,0.0,7360.0,7360.0,1752.0,877.0,3857.0,0.0
1.0,5785.0,5797.0,2737.0,320.0,13377.0,13377.0,1860.0,877.0,5797.0,0.0
1.0,308.0,5827.0,2850.0,3508.0,14250.0,14250.0,1973.0,877.0,5827.0,0.0
1.0,0.0,3903.0,2909.0,7360.0,13099.0,13099.0,2048.0,861.0,3903.0,0.0
1.0,1446.0,49.0,2878.0,13377.0,0.0,0.0,2049.0,829.0,49.0,0.0
1.0,14774.0,47.0,2832.0,14250.0,0.0,0.0,2049.0,783.0,0.0,47.0
1.0,28977.0,879.0,2802.0,13099.0,0.0,0.0,2049.0,753.0,0.0,879.0
1.0,41197.0,1707.0,2768.0,0.0,0.0,0.0,2014.0,754.0,0.0,1707.0
1.0,39490.0,2486.0,2745.0,0.0,0.0,0.0,1943.0,802.0,0.0,2486.0
1.0,37004.0,2434.0,2684.0,0.0,0.0,0.0,1835.0,849.0,0.0,2434.0
1.0,34570.0,3415.0,2640.0,0.0,0.0,0.0,1761.0,879.0,1862.0,1553.0
1.0,31155.0,3787.0,2637.0,0.0,0.0,0.0,1758.0,879.0,3787.0,0.0
1.0,27368.0,5711.0,2743.0,0.0,0.0,0.0,1864.0,879.0,5711.0,0.0
1.0,21657.0,5780.0,2854.0,0.0,0.0,0.0,1975.0,879.0,5780.0,0.0
1.0,15877.0,3920.0,2913.0,0.0,2608.0,2608.0,2050.0,863.0,3920.0,0.0
1.0,11957.0,142.0,2885.0,0.0,2610.0,2610.0,2053.0,832.0,142.0,0.0
1.0,11815.0,38.0,2838.0,0.0,2413.0,2413.0,2053.0,785.0,0.0,38.0
1.0,11777.0,870.0,2808.0,2608.0,525.0,525.0,2053.0,755.0,0.0,870.0
1.0,13515.0,1699.0,2774.0,2610.0,0.0,0.0,2018.0,756.0,0.0,1699.0
1.0,14426.0,2490.0,2751.0,2413.0,0.0,0.0,1947.0,804.0,0.0,2490.0
1.0,14349.0,2450.0,2690.0,525.0,1026.0,1026.0,1839.0,851.0,0.0,2450.0
1.0,12424.0,3495.0,2646.0,0.0,4301.0,4301.0,1765.0,881.0,1914.0,1581.0
1.0,8929.0,3861.0,2644.0,0.0,8152.0,8152.0,1763.0,881.0,3861.0,0.0
1.0,5068.0,5807.0,2751.0,1026.0,13468.0,13468.0,1870.0,881.0,5807.0,0.0
1.0,287.0,5848.0,2863.0,4301.0,14315.0,14315.0,1982.0,881.0,5848.0,0.0
1.0,0.0,3944.0,2922.0,8152.0,11662.0,11662.0,2058.0,864.0,3944.0,0.0
1.0,2948.0,91.0,2892.0,13468.0,0.0,0.0,2060.0,832.0,91.0,0.0
1.0,16325.0,89.0,2846.0,14315.0,0.0,0.0,2060.0,786.0,0.0,89.0
1.0,30551.0,930.0,2816.0,11662.0,0.0,0.0,2060.0,756.0,0.0,930.0
1.0,41283.0,1774.0,2782.0,0.0,0.0,0.0,2023.0,759.0,0.0,1774.0
1.0,39509.0,2527.0,2757.0,0.0,0.0,0.0,1949.0,808.0,0.0,2527.0
1.0,36982.0,2494.0,2693.0,0.0,0.0,0.0,1838.0,855.0,52.0,2442.0
1.0,34488.0,3537.0,2648.0,0.0,0.0,0.0,1764.0,884.0,2024.0,1513.0
1.0,30951.0,4007.0,2650.0,0.0,0.0,0.0,1766.0,884.0,4007.0,0.0
1.0,26944.0,5936.0,2762.0,0.0,0.0,0.0,1878.0,884.0,5936.0,0.0
1.0,21008.0,5890.0,2873.0,0.0,0.0,0.0,1991.0,882.0,5890.0,0.0
1.0,15118.0,3873.0,2931.0,0.0,3410.0,3410.0,2066.0,865.0,3873.0,0.0
1.0,11245.0,0.0,2897.0,0.0,3240.0,3240.0,2066.0,831.0,0.0,0.0
1.0,11245.0,138.0,2851.0,0.0,3148.0,3148.0,2066.0,785.0,0.0,138.0
1.0,11107.0,990.0,2822.0,3410.0,583.0,583.0,2065.0,757.0,0.0,990.0
1.0,13527.0,1842.0,2790.0,3240.0,0.0,0.0,2027.0,763.0,0.0,1842.0
1.0,14925.0,2555.0,2763.0,3148.0,0.0,0.0,1951.0,812.0,0.0,2555.0
1.0,15518.0,2519.0,2699.0,583.0,0.0,0.0,1840.0,859.0,103.0,2416.0
1.0,13582.0,3516.0,2653.0,0.0,3199.0,3199.0,1767.0,886.0,2087.0,1429.0
1.0,10066.0,4070.0,2656.0,0.0,7284.0,7284.0,1770.0,886.0,4070.0,0.0
1.0,5996.0,5956.0,2771.0,0.0,13815.0,13815.0,1885.0,886.0,5956.0,0.0
1.0,40.0,5851.0,2882.0,3199.0,14410.0,14410.0,1997.0,885.0,5851.0,0.0
1.0,0.0,3764.0,2937.0,7284.0,13777.0,13777.0,2070.0,867.0,3764.0,0.0
1.0,908.0,0.0,2903.0,13815.0,0.0,0.0,2070.0,833.0,0.0,0.0
1.0,14723.0,126.0,2857.0,14410.0,0.0,0.0,2070.0,787.0,0.0,126.0
1.0,29007.0,972.0,2829.0,13777.0,0.0,0.0,2070.0,759.0,0.0,972.0
1.0,41812.0,1816.0,2798.0,0.0,0.0,0.0,2033.0,765.0,0.0,1816.0
1.0,39996.0,2533.0,2773.0,0.0,0.0,0.0,1959.0,814.0,0.0,2533.0
1.0,37463.0,2445.0,2708.0,0.0,0.0,0.0,1848.0,860.0,37.0,2408.0
1.0,35018.0,3438.0,2662.0,0.0,0.0,0.0,1774.0,888.0,2003.0,1435.0
1.0,31580.0,3972.0,2664.0,0.0,0.0,0.0,1776.0,888.0,3972.0,0.0
1.0,27608.0,5897.0,2776.0,0.0,0.0,0.0,1888.0,888.0,5897.0,0.0
1.0,21711.0,5853.0,2888.0,0.0,0.0,0.0,2001.0,887.0,5853.0,0.0
1.0,15858.0,3837.0,2945.0,0.0,2704.0,2704.0,2075.0,870.0,3837.0,0.0
1.0,12021.0,0.0,2912.0,0.0,2539.0,2539.0,2075.0,837.0,0.0,0.0
1.0,12021.0,95.0,2866.0,0.0,2404.0,2404.0,2075.0,791.0,0.0,95.0
1.0,11926.0,931.0,2837.0,2704.0,486.0,486.0,2075.0,762.0,0.0,931.0
1.0,13699.0,1768.0,2805.0,2539.0,0.0,0.0,2039.0,766.0,0.0,1768.0
1.0,14470.0,2515.0,2781.0,2404.0,0.0,0.0,1966.0,815.0,0.0,2515.0
1.0,14359.0,2421.0,2717.0,486.0,1161.0,1161.0,1856.0,861.0,0.0,2421.0
1.0,12424.0,3413.0,2672.0,0.0,4349.0,4349.0,1782.0,890.0,1924.0,1489.0
1.0,9011.0,3879.0,2671.0,0.0,8223.0,8223.0,1781.0,890.0,3879.0,0.0
1.0,5132.0,5829.0,2781.0,1161.0,13441.0,13441.0,1891.0,890.0,5829.0,0.0
1.0,464.0,5862.0,2892.0,4349.0,14460.0,14460.0,2003.0,889.0,5862.0,0.0
1.0,0.0,3939.0,2952.0,8223.0,11525.0,11525.0,2079.0,873.0,3939.0,0.0
1.0,3235.0,72.0,2920.0,13441.0,0.0,0.0,2080.0,840.0,72.0,0.0
1.0,16604.0,96.0,2874.0,14460.0,0.0,0.0,2080.0,794.0,0.0,96.0
1.0,30968.0,942.0,2845.0,11525.0,0.0,0.0,2080.0,765.0,0.0,942.0
1.0,41551.0,1783.0,2813.0,0.0,0.0,0.0,2044.0,769.0,0.0,1783.0
1.0,39768.0,2532.0,2786.0,0.0,0.0,0.0,1969.0,817.0,0.0,2532.0
1.0,37236.0,2473.0,2722.0,0.0,0.0,0.0,1858.0,864.0,38.0,2435.0
1.0,34763.0,3518.0,2678.0,0.0,0.0,0.0,1785.0,893.0,2019.0,1499.0
1.0,31245.0,3995.0,2679.0,0.0,0.0,0.0,1786.0,893.0,3995.0,0.0
1.0,27250.0,5944.0,2791.0,0.0,0.0,0.0,1898.0,893.0,5944.0,0.0
1.0,21306.0,5908.0,2903.0,0.0,0.0,0.0,2012.0,891.0,5908.0,0.0
1.0,15398.0,3896.0,2961.0,0.0,3303.0,3303.0,2087.0,874.0,3896.0,0.0
1.0,11502.0,0.0,2926.0,0.0,3128.0,3128.0,2087.0,839.0,0.0,0.0
1.0,11502.0,147.0,2881.0,0.0,3050.0,3050.0,2087.0,794.0,0.0,147.0
1.0,11355.0,1002.0,2852.0,3303.0,604.0,604.0,2086.0,766.0,0.0,1002.0
1.0,13656.0,1859.0,2820.0,3128.0,0.0,0.0,2047.0,773.0,0.0,1859.0
1.0,14925.0,2570.0,2792.0,3050.0,0.0,0.0,1970.0,822.0,0.0,2570.0
1.0,15405.0,2577.0,2728.0,604.0,208.0,208.0,1859.0,869.0,149.0,2428.0
1.0,13432.0,3598.0,2683.0,0.0,3581.0,3581.0,1787.0,896.0,2163.0,1435.0
1.0,9834.0,4169.0,2689.0,0.0,7780.0,7780.0,1793.0,896.0,4169.0,0.0
1.0,5665.0,6033.0,2805.0,208.0,14025.0,14025.0,1909.0,896.0,6033.0,0.0
1.0,0.0,5882.0,2916.0,3581.0,14580.0,14580.0,2022.0,894.0,5882.0,0.0
1.0,0.0,3729.0,2968.0,7780.0,13250.0,13250.0,2093.0,875.0,3729.0,0.0
1.0,1590.0,0.0,2932.0,14025.0,0.0,0.0,2093.0,839.0,0.0,0.0
1.0,15615.0,174.0,2886.0,14580.0,0.0,0.0,2093.0,793.0,0.0,174.0
1.0,30021.0,1035.0,2858.0,13250.0,0.0,0.0,2091.0,767.0,0.0,1035.0
1.0,42236.0,1896.0,2827.0,0.0,0.0,0.0,2051.0,776.0,0.0,1896.0
1.0,40340.0,2584.0,2799.0,0.0,0.0,0.0,1973.0,826.0,0.0,2584.0
1.0,37756.0,2562.0,2733.0,0.0,0.0,0.0,1861.0,872.0,148.0,2414.0
1.0,35194.0,3534.0,2688.0,0.0,0.0,0.0,1790.0,898.0,2157.0,1377.0
1.0,31660.0,4160.0,2696.0,0.0,0.0,0.0,1798.0,898.0,4160.0,0.0
1.0,27500.0,6022.0,2812.0,0.0,0.0,0.0,1914.0,898.0,6022.0,0.0
1.0,21478.0,5864.0,2923.0,0.0,0.0,0.0,2027.0,896.0,5864.0,0.0
1.0,15614.0,3708.0,2975.0,0.0,2969.0,2969.0,2098.0,877.0,3708.0,0.0
1.0,11906.0,0.0,2940.0,0.0,2794.0,2794.0,2098.0,842.0,0.0,0.0
1.0,11906.0,146.0,2894.0,0.0,2710.0,2710.0,2098.0,796.0,0.0,146.0
1.0,11760.0,999.0,2866.0,2969.0,600.0,600.0,2097.0,769.0,0.0,999.0
1.0,13730.0,1850.0,2836.0,2794.0,0.0,0.0,2059.0,777.0,0.0,1850.0
1.0,14674.0,2561.0,2809.0,2710.0,0.0,0.0,1982.0,827.0,0.0,2561.0
1.0,14823.0,2468.0,2743.0,600.0,760.0,760.0,1870.0,873.0,56.0,2412.0
1.0,12955.0,3445.0,2696.0,0.0,3970.0,3970.0,1796.0,900.0,2036.0,1409.0
1.0,9510.0,4012.0,2700.0,0.0,8002.0,8002.0,1800.0,900.0,4012.0,0.0
1.0,5498.0,5936.0,2814.0,760.0,13748.0,13748.0,1914.0,900.0,5936.0,0.0
1.0,322.0,5872.0,2925.0,3970.0,14625.0,14625.0,2027.0,898.0,5872.0,0.0
1.0,0.0,3843.0,2981.0,8002.0,12326.0,12326.0,2101.0,880.0,3843.0,0.0
1.0,2579.0,0.0,2947.0,13748.0,0.0,0.0,2101.0,846.0,0.0,0.0
1.0,16327.0,112.0,2901.0,14625.0,0.0,0.0,2101.0,800.0,0.0,112.0
1.0,30840.0,957.0,2873.0,12326.0,0.0,0.0,2101.0,772.0,0.0,957.0
1.0,42209.0,1804.0,2842.0,0.0,0.0,0.0,2064.0,778.0,0.0,1804.0
1.0,40405.0,2544.0,2816.0,0.0,0.0,0.0,1989.0,827.0,0.0,2544.0
1.0,37861.0,2498.0,2752.0,0.0,0.0,0.0,1878.0,874.0,63.0,2435.0
1.0,35363.0,3525.0,2707.0,0.0,0.0,0.0,1805.0,902.0,2045.0,1480.0
1.0,31838.0,4032.0,2709.0,0.0,0.0,0.0,1807.0,902.0,4032.0,0.0
1.0,27806.0,5953.0,2822.0,0.0,0.0,0.0,1920.0,902.0,5953.0,0.0
1.0,21853.0,5896.0,2933.0,0.0,0.0,0.0,2033.0,900.0,5896.0,0.0
1.0,15957.0,3852.0,2989.0,0.0,2840.0,2840.0,2107.0,882.0,3852.0,0.0
1.0,12105.0,0.0,2955.0,0.0,2670.0,2670.0,2107.0,848.0,0.0,0.0
1.0,12105.0,135.0,2909.0,0.0,2575.0,2575.0,2107.0,802.0,0.0,135.0
1.0,11970.0,995.0,2881.0,2840.0,590.0,590.0,2107.0,774.0,0.0,995.0
1.0,13815.0,1852.0,2849.0,2670.0,0.0,0.0,2068.0,781.0,0.0,1852.0
1.0,14633.0,2576.0,2822.0,2575.0,0.0,0.0,1991.0,831.0,0.0,2576.0
1.0,14632.0,2593.0,2757.0,590.0,1156.0,1156.0,1880.0,877.0,152.0,2441.0
1.0,12629.0,3614.0,2713.0,0.0,4550.0,4550.0,1808.0,905.0,2163.0,1451.0
1.0,9015.0,4177.0,2718.0,0.0,8752.0,8752.0,1813.0,905.0,4177.0,0.0
1.0,4838.0,6038.0,2834.0,1156.0,14170.0,14170.0,1929.0,905.0,6038.0,0.0
1.0,0.0,5900.0,2945.0,4550.0,14725.0,14725.0,2042.0,903.0,5900.0,0.0
1.0,0.0,3742.0,2997.0,8752.0,11369.0,11369.0,2114.0,883.0,3742.0,0.0
1.0,3616.0,0.0,2962.0,14170.0,0.0,0.0,2114.0,848.0,0.0,0.0
1.0,17786.0,182.0,2916.0,14725.0,0.0,0.0,2114.0,802.0,0.0,182.0
1.0,32329.0,1052.0,2887.0,11369.0,0.0,0.0,2112.0,775.0,0.0,1052.0
1.0,42646.0,1921.0,2854.0,0.0,0.0,0.0,2070.0,784.0,0.0,1921.0
1.0,40725.0,2609.0,2825.0,0.0,0.0,0.0,1990.0,835.0,0.0,2609.0
1.0,38116.0,2667.0,2759.0,0.0,0.0,0.0,1878.0,881.0,240.0,2427.0
1.0,35449.0,3652.0,2717.0,0.0,0.0,0.0,1809.0,908.0,2274.0,1378.0
1.0,31797.0,4313.0,2728.0,0.0,0.0,0.0,1820.0,908.0,4313.0,0.0
1.0,27484.0,6107.0,2846.0,0.0,0.0,0.0,1938.0,908.0,6107.0,0.0
1.0,21377.0,5873.0,2955.0,0.0,0.0,0.0,2051.0,904.0,5873.0,0.0
1.0,15504.0,3592.0,3005.0,0.0,3113.0,3113.0,2120.0,885.0,3592.0,0.0
1.0,11912.0,0.0,2968.0,0.0,2928.0,2928.0,2120.0,848.0,0.0,0.0
1.0,11912.0,204.0,2922.0,0.0,2902.0,2902.0,2120.0,802.0,0.0,204.0
1.0,11708.0,1076.0,2894.0,3113.0,725.0,725.0,2117.0,777.0,0.0,1076.0
1.0,13745.0,1947.0,2863.0,2928.0,0.0,0.0,2075.0,788.0,0.0,1947.0
1.0,14726.0,2613.0,2833.0,2902.0,0.0,0.0,1995.0,838.0,0.0,2613.0
1.0,15015.0,2637.0,2768.0,725.0,737.0,737.0,1884.0,884.0,227.0,2410.0
1.0,13103.0,3584.0,2725.0,0.0,4106.0,4106.0,1815.0,910.0,2254.0,1330.0
1.0,9519.0,4273.0,2735.0,0.0,8429.0,8429.0,1825.0,910.0,4273.0,0.0
1.0,5246.0,6066.0,2852.0,737.0,14260.0,14260.0,1942.0,910.0,6066.0,0.0
1.0,0.0,5830.0,2961.0,4106.0,14805.0,14805.0,2054.0,907.0,5830.0,0.0
1.0,0.0,3569.0,3011.0,8429.0,12002.0,12002.0,2123.0,888.0,3569.0,0.0
1.0,3053.0,0.0,2975.0,14260.0,0.0,0.0,2123.0,852.0,0.0,0.0
1.0,17313.0,162.0,2929.0,14805.0,0.0,0.0,2123.0,806.0,0.0,162.0
1.0,31956.0,1026.0,2901.0,12002.0,0.0,0.0,2122.0,779.0,0.0,1026.0
1.0,42932.0,1886.0,2872.0,0.0,0.0,0.0,2083.0,789.0,0.0,1886.0
1.0,41046.0,2589.0,2843.0,0.0,0.0,0.0,2005.0,838.0,0.0,2589.0
1.0,38457.0,2588.0,2779.0,0.0,0.0,0.0,1894.0,885.0,168.0,2420.0
1.0,35869.0,3571.0,2735.0,0.0,0.0,0.0,1823.0,912.0,2178.0,1393.0
1.0,32298.0,4183.0,2742.0,0.0,0.0,0.0,1830.0,912.0,4183.0,0.0
1.0,28115.0,6017.0,2858.0,0.0,0.0,0.0,1946.0,912.0,6017.0,0.0
1.0,22098.0,5838.0,2968.0,0.0,0.0,0.0,2058.0,910.0,5838.0,0.0
1.0,16260.0,3661.0,3019.0,0.0,2496.0,2496.0,2128.0,891.0,3661.0,0.0
1.0,12599.0,0.0,2984.0,0.0,2321.0,2321.0,2128.0,856.0,0.0,0.0
1.0,12599.0,141.0,2938.0,0.0,2232.0,2232.0,2128.0,810.0,0.0,141.0
1.0,12458.0,1005.0,2910.0,2496.0,601.0,601.0,2127.0,783.0,0.0,1005.0
1.0,13949.0,1864.0,2878.0,2321.0,0.0,0.0,2088.0,790.0,0.0,1864.0
1.0,14406.0,2582.0,2850.0,2232.0,194.0,194.0,2010.0,840.0,0.0,2582.0
1.0,14056.0,2622.0,2786.0,601.0,1895.0,1895.0,1899.0,887.0,184.0,2438.0
1.0,12035.0,3631.0,2742.0,0.0,5306.0,5306.0,1828.0,914.0,2195.0,1436.0
1.0,8404.0,4214.0,2749.0,194.0,9361.0,9361.0,1835.0,914.0,4214.0,0.0
1.0,4384.0,6042.0,2865.0,1895.0,14088.0,14088.0,1951.0,914.0,6042.0,0.0
1.0,237.0,5867.0,2976.0,5306.0,14880.0,14880.0,2064.0,912.0,5867.0,0.0
1.0,0.0,3673.0,3028.0,9361.0,9776.0,9776.0,2135.0,893.0,3673.0,0.0
1.0,5364.0,0.0,2992.0,14088.0,0.0,0.0,2135.0,857.0,0.0,0.0
1.0,19452.0,182.0,2946.0,14880.0,0.0,0.0,2135.0,811.0,0.0,182.0
1.0,34150.0,1051.0,2916.0,9776.0,0.0,0.0,2132.0,784.0,0.0,1051.0
1.0,42875.0,1922.0,2883.0,0.0,0.0,0.0,2090.0,793.0,0.0,1922.0
1.0,40953.0,2613.0,2853.0,0.0,0.0,0.0,2010.0,843.0,0.0,2613.0
1.0,38340.0,2734.0,2790.0,0.0,0.0,0.0,1900.0,890.0,297.0,2437.0
1.0,35606.0,3732.0,2748.0,0.0,0.0,0.0,1831.0,917.0,2337.0,1395.0
1.0,31874.0,4388.0,2760.0,0.0,0.0,0.0,1843.0,917.0,4388.0,0.0
1.0,27486.0,6144.0,2879.0,0.0,0.0,0.0,1962.0,917.0,6144.0,0.0
1.0,21342.0,5855.0,2988.0,0.0,0.0,0.0,2074.0,914.0,5855.0,0.0
1.0,15487.0,3517.0,3035.0,0.0,3205.0,3205.0,2142.0,893.0,3517.0,0.0
1.0,11970.0,0.0,2998.0,0.0,3020.0,3020.0,2142.0,856.0,0.0,0.0
1.0,11970.0,227.0,2953.0,0.0,3022.0,3022.0,2142.0,811.0,0.0,227.0
1.0,11743.0,1108.0,2922.0,3205.0,770.0,770.0,2137.0,785.0,0.0,1108.0
1.0,13840.0,1990.0,2891.0,3020.0,0.0,0.0,2094.0,797.0,0.0,1990.0
1.0,14870.0,2645.0,2859.0,3022.0,0.0,0.0,2011.0,848.0,0.0,2645.0
1.0,15247.0,2784.0,2795.0,770.0,742.0,742.0,1900.0,895.0,358.0,2426.0
1.0,13233.0,3738.0,2754.0,0.0,4275.0,4275.0,1834.0,920.0,2420.0,1318.0
1.0,9495.0,4478.0,2771.0,0.0,8838.0,8838.0,1851.0,920.0,4478.0,0.0
1.0,5017.0,6184.0,2890.0,742.0,14450.0,14450.0,1970.0,920.0,6184.0,0.0
1.0,0.0,5819.0,2997.0,4275.0,14985.0,14985.0,2081.0,916.0,5819.0,0.0
1.0,0.0,3396.0,3042.0,8838.0,11737.0,11737.0,2147.0,895.0,3396.0,0.0
1.0,3473.0,0.0,3005.0,14450.0,0.0,0.0,2147.0,858.0,0.0,0.0
1.0,17923.0,218.0,2959.0,14985.0,0.0,0.0,2147.0,812.0,0.0,218.0
1.0,32690.0,1094.0,2928.0,11737.0,0.0,0.0,2142.0,786.0,0.0,1094.0
1.0,43333.0,1971.0,2898.0,0.0,0.0,0.0,2099.0,799.0,0.0,1971.0
1.0,41362.0,2630.0,2866.0,0.0,0.0,0.0,2017.0,849.0,0.0,2630.0
1.0,38732.0,2714.0,2802.0,0.0,0.0,0.0,1906.0,896.0,297.0,2417.0
1.0,36018.0,3665.0,2760.0,0.0,0.0,0.0,1839.0,921.0,2344.0,1321.0
1.0,32353.0,4383.0,2776.0,0.0,0.0,0.0,1855.0,921.0,4383.0,0.0
1.0,27970.0,6125.0,2893.0,0.0,0.0,0.0,1972.0,921.0,6125.0,0.0
1.0,21845.0,5816.0,3002.0,0.0,0.0,0.0,2084.0,918.0,5816.0,0.0
1.0,16029.0,3467.0,3049.0,0.0,2683.0,2683.0,2151.0,898.0,3467.0,0.0
1.0,12562.0,0.0,3013.0,0.0,2503.0,2503.0,2151.0,862.0,0.0,0.0
1.0,12562.0,186.0,2967.0,0.0,2459.0,2459.0,2151.0,816.0,0.0,186.0
1.0,12376.0,1055.0,2938.0,2683.0,686.0,686.0,2148.0,790.0,0.0,1055.0
1.0,14004.0,1922.0,2906.0,2503.0,0.0,0.0,2106.0,800.0,0.0,1922.0
1.0,14585.0,2609.0,2875.0,2459.0,0.0,0.0,2025.0,850.0,0.0,2609.0
1.0,14435.0,2646.0,2811.0,686.0,1580.0,1580.0,1914.0,897.0,226.0,2420.0
1.0,12475.0,3613.0,2768.0,0.0,4978.0,4978.0,1845.0,923.0,2248.0,1365.0
1.0,8862.0,4273.0,2780.0,0.0,9311.0,9311.0,1857.0,923.0,4273.0,0.0
1.0,4589.0,6073.0,2896.0,1580.0,14384.0,14384.0,1973.0,923.0,6073.0,0.0
1.0,96.0,5852.0,3006.0,4978.0,15030.0,15030.0,2086.0,920.0,5852.0,0.0
1.0,0.0,3600.0,3056.0,9311.0,10347.0,10347.0,2155.0,901.0,3600.0,0.0
1.0,4933.0,0.0,3020.0,14384.0,0.0,0.0,2155.0,865.0,0.0,0.0
1.0,19317.0,181.0,2974.0,15030.0,0.0,0.0,2155.0,819.0,0.0,181.0
1.0,34166.0,1051.0,2944.0,10347.0,0.0,0.0,2152.0,792.0,0.0,1051.0
1.0,43462.0,1922.0,2910.0,0.0,0.0,0.0,2109.0,801.0,0.0,1922.0
1.0,41540.0,2619.0,2880.0,0.0,0.0,0.0,2028.0,852.0,0.0,2619.0
1.0,38921.0,2717.0,2817.0,0.0,0.0,0.0,1918.0,899.0,277.0,2440.0
1.0,36204.0,3707.0,2775.0,0.0,0.0,0.0,1849.0,926.0,2315.0,1392.0
1.0,32497.0,4356.0,2788.0,0.0,0.0,0.0,1862.0,926.0,4356.0,0.0
1.0,28141.0,6130.0,2906.0,0.0,0.0,0.0,1980.0,926.0,6130.0,0.0
1.0,22011.0,5860.0,3015.0,0.0,0.0,0.0,2093.0,922.0,5860.0,0.0
1.0,16151.0,3563.0,3064.0,0.0,2732.0,2732.0,2162.0,902.0,3563.0,0.0
1.0,12588.0,0.0,3027.0,0.0,2547.0,2547.0,2162.0,865.0,0.0,0.0
1.0,12588.0,218.0,2981.0,0.0,2535.0,2535.0,2162.0,819.0,0.0,218.0
1.0,12370.0,1102.0,2949.0,2732.0,745.0,745.0,2156.0,793.0,0.0,1102.0
1.0,14000.0,1987.0,2915.0,2547.0,15.0,15.0,2111.0,804.0,0.0,1987.0
1.0,14560.0,2661.0,2882.0,2535.0,0.0,0.0,2026.0,856.0,0.0,2661.0
1.0,14434.0,2852.0,2819.0,745.0,1768.0,1768.0,1916.0,903.0,404.0,2448.0
1.0,12327.0,3834.0,2780.0,15.0,5392.0,5392.0,1851.0,929.0,2484.0,1350.0
1.0,8508.0,4558.0,2800.0,0.0,10050.0,10050.0,1871.0,929.0,4558.0,0.0
1.0,3950.0,6239.0,2920.0,1768.0,14600.0,14600.0,1991.0,929.0,6239.0,0.0
1.0,0.0,5834.0,3027.0,5392.0,15135.0,15135.0,2103.0,924.0,5834.0,0.0
1.0,0.0,3362.0,3071.0,10050.0,9630.0,9630.0,2168.0,903.0,3362.0,0.0
1.0,5725.0,0.0,3033.0,14600.0,0.0,0.0,2168.0,865.0,0.0,0.0
1.0,20325.0,245.0,2987.0,15135.0,0.0,0.0,2168.0,819.0,0.0,245.0
1.0,35215.0,1138.0,2955.0,9630.0,0.0,0.0,2161.0,794.0,0.0,1138.0
1.0,43707.0,2038.0,2923.0,0.0,0.0,0.0,2115.0,808.0,0.0,2038.0
1.0,41669.0,2686.0,2888.0,0.0,0.0,0.0,2029.0,859.0,0.0,2686.0
1.0,38983.0,2885.0,2824.0,0.0,0.0,0.0,1918.0,906.0,444.0,2441.0
1.0,36098.0,3824.0,2786.0,0.0,0.0,0.0,1855.0,931.0,2528.0,1296.0
1.0,32274.0,4612.0,2809.0,0.0,0.0,0.0,1878.0,931.0,4612.0,0.0
1.0,27662.0,6245.0,2929.0,0.0,0.0,0.0,1998.0,931.0,6245.0,0.0
1.0,21417.0,5800.0,3037.0,0.0,0.0,0.0,2110.0,927.0,5800.0,0.0
1.0,15617.0,3266.0,3079.0,0.0,3044.0,3044.0,2173.0,906.0,3266.0,0.0
1.0,12351.0,0.0,3041.0,0.0,2854.0,2854.0,2173.0,868.0,0.0,0.0
1.0,12351.0,221.0,2995.0,0.0,2845.0,2845.0,2173.0,822.0,0.0,221.0
1.0,12130.0,1107.0,2964.0,3044.0,753.0,753.0,2167.0,797.0,0.0,1107.0
1.0,14067.0,1991.0,2931.0,2854.0,0.0,0.0,2122.0,809.0,0.0,1991.0
1.0,14930.0,2654.0,2898.0,2845.0,0.0,0.0,2038.0,860.0,0.0,2654.0
1.0,15121.0,2800.0,2834.0,753.0,1096.0,1096.0,1927.0,907.0,369.0,2431.0
1.0,13074.0,3762.0,2795.0,0.0,4663.0,4663.0,1862.0,933.0,2434.0,1328.0
1.0,9312.0,4492.0,2815.0,0.0,9255.0,9255.0,1882.0,933.0,4492.0,0.0
1.0,4820.0,6183.0,2934.0,1096.0,14670.0,14670.0,2001.0,933.0,6183.0,0.0
1.0,0.0,5799.0,3041.0,4663.0,15205.0,15205.0,2112.0,929.0,5799.0,0.0
1.0,0.0,3357.0,3086.0,9255.0,10935.0,10935.0,2177.0,909.0,3357.0,0.0
1.0,4495.0,0.0,3049.0,14670.0,0.0,0.0,2177.0,872.0,0.0,0.0
1.0,19165.0,194.0,3003.0,15205.0,0.0,0.0,2177.0,826.0,0.0,194.0
1.0,34176.0,1071.0,2972.0,10935.0,0.0,0.0,2172.0,800.0,0.0,1071.0
1.0,44040.0,1950.0,2940.0,0.0,0.0,0.0,2129.0,811.0,0.0,1950.0
1.0,42090.0,2632.0,2908.0,0.0,0.0,0.0,2047.0,861.0,0.0,2632.0
1.0,39458.0,2754.0,2844.0,0.0,0.0,0.0,1936.0,908.0,311.0,2443.0
1.0,36704.0,3736.0,2804.0,0.0,0.0,0.0,1869.0,935.0,2365.0,1371.0
1.0,32968.0,4417.0,2820.0,0.0,0.0,0.0,1885.0,935.0,4417.0,0.0
1.0,28551.0,6164.0,2938.0,0.0,0.0,0.0,2003.0,935.0,6164.0,0.0
1.0,22387.0,5856.0,3047.0,0.0,0.0,0.0,2116.0,931.0,5856.0,0.0
1.0,16531.0,3500.0,3094.0,0.0,2439.0,2439.0,2183.0,911.0,3500.0,0.0
1.0,13031.0,0.0,3057.0,0.0,2254.0,2254.0,2183.0,874.0,0.0,0.0
1.0,13031.0,219.0,3011.0,0.0,2243.0,2243.0,2183.0,828.0,0.0,219.0
1.0,12812.0,1103.0,2980.0,2439.0,752.0,752.0,2178.0,802.0,0.0,1103.0
1.0,14148.0,1991.0,2947.0,2254.0,324.0,324.0,2133.0,814.0,0.0,1991.0
1.0,14411.0,2658.0,2915.0,2243.0,579.0,579.0,2050.0,865.0,0.0,2658.0
1.0,13996.0,2813.0,2851.0,752.0,2320.0,2320.0,1939.0,912.0,372.0,2441.0
1.0,11935.0,3785.0,2811.0,324.0,5581.0,5581.0,1873.0,938.0,2446.0,1339.0
1.0,8474.0,4530.0,2830.0,579.0,9627.0,9627.0,1892.0,938.0,4530.0,0.0
1.0,4523.0,6239.0,2950.0,2320.0,14146.0,14146.0,2012.0,938.0,6239.0,0.0
1.0,604.0,5884.0,3058.0,5581.0,14989.0,14989.0,2125.0,933.0,5884.0,0.0
1.0,301.0,3439.0,3103.0,9627.0,9026.0,9026.0,2191.0,912.0,3439.0,0.0
1.0,6489.0,0.0,3065.0,14146.0,0.0,0.0,2191.0,874.0,0.0,0.0
1.0,20635.0,268.0,3019.0,14989.0,0.0,0.0,2191.0,828.0,0.0,268.0
1.0,35356.0,1170.0,2986.0,9026.0,0.0,0.0,2183.0,803.0,0.0,1170.0
1.0,43212.0,2070.0,2952.0,0.0,0.0,0.0,2135.0,817.0,0.0,2070.0
1.0,41142.0,2703.0,2917.0,0.0,0.0,0.0,2048.0,869.0,0.0,2703.0
1.0,38439.0,2898.0,2853.0,0.0,0.0,0.0,1937.0,916.0,465.0,2433.0
1.0,35541.0,3834.0,2814.0,0.0,0.0,0.0,1874.0,940.0,2569.0,1265.0
1.0,31707.0,4677.0,2839.0,0.0,0.0,0.0,1899.0,940.0,4677.0,0.0
1.0,27030.0,6316.0,2961.0,0.0,0.0,0.0,2021.0,940.0,6316.0,0.0
1.0,20714.0,5858.0,3069.0,0.0,489.0,489.0,2133.0,936.0,5858.0,0.0
1.0,14856.0,3288.0,3111.0,0.0,3987.0,3987.0,2197.0,914.0,3288.0,0.0
1.0,11568.0,0.0,3072.0,0.0,3792.0,3792.0,2197.0,875.0,0.0,0.0
1.0,11568.0,284.0,3025.0,489.0,3352.0,3352.0,2197.0,828.0,0.0,284.0
1.0,11773.0,1191.0,2992.0,3987.0,391.0,391.0,2188.0,804.0,0.0,1191.0
1.0,14569.0,2094.0,2959.0,3792.0,0.0,0.0,2139.0,820.0,0.0,2094.0
1.0,16267.0,2712.0,2923.0,3352.0,0.0,0.0,2051.0,872.0,0.0,2712.0
1.0,16907.0,2897.0,2858.0,391.0,0.0,0.0,1940.0,918.0,475.0,2422.0
1.0,14401.0,3798.0,2820.0,0.0,3497.0,3497.0,1878.0,942.0,2571.0,1227.0
1.0,10603.0,4670.0,2847.0,0.0,8302.0,8302.0,1905.0,942.0,4670.0,0.0
1.0,5933.0,6294.0,2968.0,0.0,14840.0,14840.0,2026.0,942.0,6294.0,0.0
1.0,0.0,5815.0,3076.0,3497.0,15380.0,15380.0,2138.0,938.0,5815.0,0.0
1.0,0.0,3240.0,3116.0,8302.0,13197.0,13197.0,2200.0,916.0,3240.0,0.0
1.0,2383.0,0.0,3078.0,14840.0,0.0,0.0,2200.0,878.0,0.0,0.0
1.0,17223.0,256.0,3032.0,15380.0,0.0,0.0,2200.0,832.0,0.0,256.0
1.0,32347.0,1150.0,3000.0,13197.0,0.0,0.0,2193.0,807.0,0.0,1150.0
1.0,44394.0,2042.0,2967.0,0.0,0.0,0.0,2146.0,821.0,0.0,2042.0
1.0,42352.0,2679.0,2933.0,0.0,0.0,0.0,2060.0,873.0,0.0,2679.0
1.0,39673.0,2819.0,2867.0,0.0,0.0,0.0,1948.0,919.0,400.0,2419.0
1.0,36854.0,3750.0,2829.0,0.0,0.0,0.0,1885.0,944.0,2479.0,1271.0
1.0,33104.0,4556.0,2852.0,0.0,0.0,0.0,1908.0,944.0,4556.0,0.0
1.0,28548.0,6231.0,2971.0,0.0,0.0,0.0,2027.0,944.0,6231.0,0.0
1.0,22317.0,5827.0,3080.0,0.0,0.0,0.0,2140.0,940.0,5827.0,0.0
1.0,16490.0,3345.0,3123.0,0.0,2470.0,2470.0,2204.0,919.0,3345.0,0.0
1.0,13145.0,0.0,3086.0,0.0,2285.0,2285.0,2204.0,882.0,0.0,0.0
1.0,13145.0,235.0,3040.0,0.0,2290.0,2290.0,2204.0,836.0,0.0,235.0
1.0,12910.0,1122.0,3008.0,2470.0,782.0,782.0,2198.0,810.0,0.0,1122.0
1.0,14258.0,2010.0,2975.0,2285.0,342.0,342.0,2152.0,823.0,0.0,2010.0
1.0,14533.0,2663.0,2941.0,2290.0,545.0,545.0,2067.0,874.0,0.0,2663.0
1.0,14160.0,2815.0,2877.0,782.0,2258.0,2258.0,1956.0,921.0,384.0,2431.0
1.0,12127.0,3780.0,2837.0,342.0,5496.0,5496.0,1891.0,946.0,2464.0,1316.0
1.0,8689.0,4547.0,2857.0,545.0,9598.0,9598.0,1911.0,946.0,4547.0,0.0
1.0,4687.0,6251.0,2977.0,2258.0,14191.0,14191.0,2031.0,946.0,6251.0,0.0
1.0,694.0,5872.0,3086.0,5496.0,15112.0,15112.0,2144.0,942.0,5872.0,0.0
1.0,318.0,3416.0,3130.0,9598.0,9150.0,9150.0,2210.0,920.0,3416.0,0.0
1.0,6500.0,0.0,3092.0,14191.0,0.0,0.0,2210.0,882.0,0.0,0.0
1.0,20691.0,276.0,3046.0,15112.0,0.0,0.0,2210.0,836.0,0.0,276.0
1.0,35527.0,1174.0,3015.0,9150.0,0.0,0.0,2203.0,812.0,0.0,1174.0
1.0,43503.0,2074.0,2982.0,0.0,0.0,0.0,2156.0,826.0,0.0,2074.0
1.0,41429.0,2698.0,2947.0,0.0,0.0,0.0,2069.0,878.0,0.0,2698.0
1.0,38731.0,2903.0,2883.0,0.0,0.0,0.0,1958.0,925.0,472.0,2431.0
1.0,35828.0,3835.0,2843.0,0.0,0.0,0.0,1894.0,949.0,2576.0,1259.0
1.0,31993.0,4696.0,2867.0,0.0,0.0,0.0,1918.0,949.0,4696.0,0.0
1.0,27297.0,6340.0,2989.0,0.0,0.0,0.0,2040.0,949.0,6340.0,0.0
1.0,20957.0,5886.0,3097.0,0.0,414.0,414.0,2153.0,944.0,5886.0,0.0
1.0,15071.0,3314.0,3138.0,0.0,3933.0,3933.0,2217.0,921.0,3314.0,0.0
1.0,11757.0,0.0,3098.0,0.0,3733.0,3733.0,2217.0,881.0,0.0,0.0
1.0,11757.0,327.0,3053.0,414.0,3421.0,3421.0,2217.0,836.0,0.0,327.0
1.0,11844.0,1238.0,3021.0,3933.0,566.0,566.0,2208.0,813.0,0.0,1238.0
1.0,14539.0,2156.0,2989.0,3733.0,0.0,0.0,2159.0,830.0,0.0,2156.0
1.0,16116.0,2741.0,2952.0,3421.0,0.0,0.0,2069.0,883.0,0.0,2741.0
1.0,16796.0,2971.0,2887.0,566.0,44.0,44.0,1958.0,929.0,553.0,2418.0
1.0,14391.0,3866.0,2849.0,0.0,3720.0,3720.0,1897.0,952.0,2690.0,1176.0
1.0,10525.0,4818.0,2879.0,0.0,8688.0,8688.0,1927.0,952.0,4818.0,0.0
1.0,5707.0,6402.0,3002.0,44.0,15010.0,15010.0,2050.0,952.0,6402.0,0.0
1.0,0.0,5847.0,3108.0,3720.0,15540.0,15540.0,2162.0,946.0,5847.0,0.0
1.0,0.0,3166.0,3146.0,8688.0,12986.0,12986.0,2223.0,923.0,3166.0,0.0
1.0,2744.0,0.0,3106.0,15010.0,0.0,0.0,2223.0,883.0,0.0,0.0
1.0,17754.0,333.0,3060.0,15540.0,0.0,0.0,2223.0,837.0,0.0,333.0
1.0,32961.0,1243.0,3029.0,12986.0,0.0,0.0,2214.0,815.0,0.0,1243.0
1.0,44704.0,2154.0,2997.0,0.0,0.0,0.0,2164.0,833.0,0.0,2154.0
1.0,42550.0,2731.0,2960.0,0.0,0.0,0.0,2075.0,885.0,0.0,2731.0
1.0,39819.0,2914.0,2895.0,0.0,0.0,0.0,1964.0,931.0,516.0,2398.0
1.0,36905.0,3796.0,2855.0,0.0,0.0,0.0,1902.0,953.0,2639.0,1157.0
1.0,33109.0,4763.0,2885.0,0.0,0.0,0.0,1932.0,953.0,4763.0,0.0
1.0,28346.0,6357.0,3007.0,0.0,0.0,0.0,2054.0,953.0,6357.0,0.0
1.0,21989.0,5829.0,3114.0,0.0,0.0,0.0,2166.0,948.0,5829.0,0.0
1.0,16160.0,3184.0,3153.0,0.0,2789.0,2789.0,2227.0,926.0,3184.0,0.0
1.0,12976.0,0.0,3114.0,0.0,2594.0,2594.0,2227.0,887.0,0.0,0.0
1.0,12976.0,305.0,3068.0,0.0,2669.0,2669.0,2227.0,841.0,0.0,305.0
1.0,12671.0,1206.0,3038.0,2789.0,936.0,936.0,2220.0,818.0,0.0,1206.0
1.0,14254.0,2107.0,3006.0,2594.0,289.0,289.0,2172.0,834.0,0.0,2107.0
1.0,14741.0,2701.0,2970.0,2669.0,141.0,141.0,2084.0,886.0,0.0,2701.0
1.0,14709.0,2841.0,2905.0,936.0,1721.0,1721.0,1973.0,932.0,442.0,2399.0
1.0,12804.0,3725.0,2865.0,289.0,4957.0,4957.0,1910.0,955.0,2536.0,1189.0
1.0,9368.0,4639.0,2890.0,141.0,9580.0,9580.0,1935.0,955.0,4639.0,0.0
1.0,4870.0,6299.0,3011.0,1721.0,14763.0,14763.0,2056.0,955.0,6299.0,0.0
1.0,292.0,5866.0,3120.0,4957.0,15600.0,15600.0,2169.0,951.0,5866.0,0.0
1.0,0.0,3321.0,3161.0,9580.0,10163.0,10163.0,2232.0,929.0,3321.0,0.0
1.0,5642.0,0.0,3122.0,14763.0,0.0,0.0,2232.0,890.0,0.0,0.0
1.0,20405.0,299.0,3077.0,15600.0,0.0,0.0,2232.0,845.0,0.0,299.0
1.0,35706.0,1198.0,3046.0,10163.0,0.0,0.0,2225.0,821.0,0.0,1198.0
1.0,44671.0,2105.0,3014.0,0.0,0.0,0.0,2178.0,836.0,0.0,2105.0
1.0,42566.0,2707.0,2978.0,0.0,0.0,0.0,2090.0,888.0,0.0,2707.0
1.0,39859.0,2863.0,2914.0,0.0,0.0,0.0,1979.0,935.0,452.0,2411.0
1.0,36996.0,3772.0,2873.0,0.0,0.0,0.0,1915.0,958.0,2563.0,1209.0
1.0,33224.0,4671.0,2897.0,0.0,0.0,0.0,1939.0,958.0,4671.0,0.0
1.0,28553.0,6335.0,3019.0,0.0,0.0,0.0,2061.0,958.0,6335.0,0.0
1.0,22218.0,5891.0,3127.0,0.0,0.0,0.0,2174.0,953.0,5891.0,0.0
1.0,16327.0,3337.0,3168.0,0.0,2850.0,2850.0,2238.0,930.0,3337.0,0.0
1.0,12990.0,0.0,3128.0,0.0,2650.0,2650.0,2238.0,890.0,0.0,0.0
1.0,12990.0,332.0,3083.0,0.0,2757.0,2757.0,2238.0,845.0,0.0,332.0
1.0,12658.0,1246.0,3051.0,2850.0,993.0,993.0,2229.0,822.0,0.0,1246.0
1.0,14262.0,2165.0,3019.0,2650.0,348.0,348.0,2180.0,839.0,0.0,2165.0
1.0,14747.0,2746.0,2982.0,2757.0,152.0,152.0,2090.0,892.0,0.0,2746.0
1.0,14758.0,2991.0,2918.0,993.0,1830.0,1830.0,1979.0,939.0,573.0,2418.0
1.0,12760.0,3893.0,2879.0,348.0,5180.0,5180.0,1918.0,961.0,2721.0,1172.0
1.0,9215.0,4865.0,2909.0,152.0,10043.0,10043.0,1948.0,961.0,4865.0,0.0
1.0,4502.0,6441.0,3032.0,1830.0,15160.0,15160.0,2071.0,961.0,6441.0,0.0
1.0,0.0,5873.0,3139.0,5180.0,15695.0,15695.0,2184.0,955.0,5873.0,0.0
1.0,0.0,3158.0,3176.0,10043.0,9797.0,9797.0,2245.0,931.0,3158.0,0.0
1.0,6083.0,0.0,3135.0,15160.0,0.0,0.0,2245.0,890.0,0.0,0.0
1.0,21243.0,369.0,3089.0,15695.0,0.0,0.0,2245.0,844.0,0.0,369.0
1.0,36569.0,1298.0,3057.0,9797.0,0.0,0.0,2234.0,823.0,0.0,1298.0
1.0,45068.0,2222.0,3026.0,0.0,0.0,0.0,2183.0,843.0,0.0,2222.0
1.0,42846.0,2777.0,2986.0,0.0,0.0,0.0,2090.0,896.0,0.0,2777.0
1.0,40069.0,3037.0,2921.0,0.0,0.0,0.0,1979.0,942.0,633.0,2404.0
1.0,37032.0,3897.0,2884.0,0.0,0.0,0.0,1920.0,964.0,2792.0,1105.0
1.0,33135.0,4943.0,2919.0,0.0,0.0,0.0,1955.0,964.0,4943.0,0.0
1.0,28192.0,6463.0,3043.0,0.0,0.0,0.0,2079.0,964.0,6463.0,0.0
1.0,21729.0,5831.0,3148.0,0.0,0.0,0.0,2191.0,957.0,5831.0,0.0
1.0,15898.0,3036.0,3182.0,0.0,3048.0,3048.0,2249.0,933.0,3036.0,0.0
1.0,12862.0,0.0,3141.0,0.0,2843.0,2843.0,2249.0,892.0,0.0,0.0
1.0,12862.0,352.0,3095.0,0.0,2965.0,2965.0,2249.0,846.0,0.0,352.0
1.0,12510.0,1277.0,3064.0,3048.0,1039.0,1039.0,2239.0,825.0,0.0,1277.0
1.0,14281.0,2195.0,3033.0,2843.0,236.0,236.0,2189.0,844.0,0.0,2195.0
1.0,14929.0,2760.0,2995.0,2965.0,0.0,0.0,2097.0,898.0,0.0,2760.0
1.0,15134.0,2976.0,2930.0,1039.0,1453.0,1453.0,1986.0,944.0,576.0,2400.0
1.0,13197.0,3834.0,2891.0,236.0,4856.0,4856.0,1926.0,965.0,2713.0,1121.0
1.0,9599.0,4849.0,2923.0,0.0,9865.0,9865.0,1958.0,965.0,4849.0,0.0
1.0,4750.0,6405.0,3046.0,1453.0,15230.0,15230.0,2081.0,965.0,6405.0,0.0
1.0,0.0,5825.0,3152.0,4856.0,15760.0,15760.0,2193.0,959.0,5825.0,0.0
1.0,0.0,3101.0,3189.0,9865.0,10352.0,10352.0,2253.0,936.0,3101.0,0.0
1.0,5593.0,0.0,3149.0,15230.0,0.0,0.0,2253.0,896.0,0.0,0.0
1.0,20823.0,322.0,3103.0,15760.0,0.0,0.0,2253.0,850.0,0.0,322.0
1.0,36261.0,1231.0,3072.0,10352.0,0.0,0.0,2244.0,828.0,0.0,1231.0
1.0,45382.0,2140.0,3042.0,0.0,0.0,0.0,2196.0,846.0,0.0,2140.0
1.0,43242.0,2726.0,3004.0,0.0,0.0,0.0,2106.0,898.0,0.0,2726.0
1.0,40516.0,2918.0,2939.0,0.0,0.0,0.0,1995.0,944.0,515.0,2403.0
1.0,37598.0,3816.0,2900.0,0.0,0.0,0.0,1933.0,967.0,2638.0,1178.0
1.0,33782.0,4759.0,2928.0,0.0,0.0,0.0,1961.0,967.0,4759.0,0.0
1.0,29023.0,6364.0,3050.0,0.0,0.0,0.0,2083.0,967.0,6364.0,0.0
1.0,22659.0,5855.0,3157.0,0.0,0.0,0.0,2196.0,961.0,5855.0,0.0
1.0,16804.0,3217.0,3196.0,0.0,2393.0,2393.0,2258.0,938.0,3217.0,0.0
1.0,13587.0,0.0,3156.0,0.0,2193.0,2193.0,2258.0,898.0,0.0,0.0
1.0,13587.0,334.0,3110.0,0.0,2297.0,2297.0,2258.0,852.0,0.0,334.0
1.0,13253.0,1247.0,3079.0,2393.0,996.0,996.0,2249.0,830.0,0.0,1247.0
1.0,14399.0,2160.0,3048.0,2193.0,808.0,808.0,2200.0,848.0,0.0,2160.0
1.0,14432.0,2740.0,3011.0,2297.0,1066.0,1066.0,2110.0,901.0,0.0,2740.0
1.0,13989.0,2994.0,2946.0,996.0,2739.0,2739.0,1999.0,947.0,580.0,2414.0
1.0,11991.0,3895.0,2908.0,808.0,5636.0,5636.0,1938.0,970.0,2723.0,1172.0
1.0,8904.0,4872.0,2938.0,1066.0,9592.0,9592.0,1968.0,970.0,4872.0,0.0
1.0,5098.0,6448.0,3062.0,2739.0,13921.0,13921.0,2092.0,970.0,6448.0,0.0
1.0,1389.0,5877.0,3168.0,5636.0,14692.0,14692.0,2205.0,963.0,5877.0,0.0
1.0,1148.0,3166.0,3205.0,9592.0,8451.0,8451.0,2266.0,939.0,3166.0,0.0
1.0,7574.0,0.0,3164.0,13921.0,0.0,0.0,2266.0,898.0,0.0,0.0
1.0,21495.0,390.0,3118.0,14692.0,0.0,0.0,2266.0,852.0,0.0,390.0
1.0,35797.0,1316.0,3086.0,8451.0,0.0,0.0,2255.0,831.0,0.0,1316.0
1.0,42932.0,2244.0,3054.0,0.0,0.0,0.0,2202.0,852.0,0.0,2244.0
1.0,40688.0,2788.0,3014.0,0.0,0.0,0.0,2109.0,905.0,0.0,2788.0
1.0,37900.0,3071.0,2950.0,0.0,0.0,0.0,1998.0,952.0,670.0,2401.0
1.0,34829.0,3939.0,2913.0,0.0,0.0,0.0,1940.0,973.0,2850.0,1089.0
1.0,30890.0,5024.0,2948.0,0.0,0.0,0.0,1975.0,973.0,5024.0,0.0
1.0,25866.0,6536.0,3074.0,0.0,0.0,0.0,2101.0,973.0,6536.0,0.0
1.0,19330.0,5861.0,3180.0,0.0,2431.0,2431.0,2214.0,966.0,5861.0,0.0
1.0,13469.0,3025.0,3213.0,0.0,5621.0,5621.0,2272.0,941.0,3025.0,0.0
1.0,10444.0,0.0,3170.0,0.0,5406.0,5406.0,2272.0,898.0,0.0,0.0
1.0,10444.0,418.0,3124.0,2431.0,3163.0,3163.0,2272.0,852.0,0.0,418.0
1.0,12457.0,1352.0,3092.0,5621.0,0.0,0.0,2260.0,832.0,0.0,1352.0
1.0,16726.0,2291.0,3061.0,5406.0,0.0,0.0,2206.0,855.0,0.0,2291.0
1.0,19841.0,2806.0,3020.0,3163.0,0.0,0.0,2111.0,909.0,0.0,2806.0
1.0,20198.0,3074.0,2955.0,0.0,0.0,0.0,2000.0,955.0,687.0,2387.0
1.0,17124.0,3895.0,2918.0,0.0,1361.0,1361.0,1943.0,975.0,2867.0,1028.0
1.0,13229.0,5040.0,2957.0,0.0,6596.0,6596.0,1982.0,975.0,5040.0,0.0
1.0,8189.0,6529.0,3082.0,0.0,13750.0,13750.0,2107.0,975.0,6529.0,0.0
1.0,1660.0,5836.0,3187.0,1361.0,15935.0,15935.0,2219.0,968.0,5836.0,0.0
1.0,0.0,2971.0,3220.0,6596.0,15290.0,15290.0,2277.0,943.0,2971.0,0.0
1.0,810.0,0.0,3178.0,13750.0,1330.0,1330.0,2277.0,901.0,0.0,0.0
1.0,14560.0,393.0,3133.0,15935.0,0.0,0.0,2277.0,856.0,0.0,393.0
1.0,30102.0,1325.0,3100.0,15290.0,0.0,0.0,2265.0,835.0,0.0,1325.0
1.0,44067.0,2251.0,3070.0,1330.0,0.0,0.0,2213.0,857.0,0.0,2251.0
1.0,43146.0,2782.0,3030.0,0.0,0.0,0.0,2120.0,910.0,0.0,2782.0
1.0,40364.0,2993.0,2965.0,0.0,0.0,0.0,2009.0,956.0,612.0,2381.0
1.0,37371.0,3818.0,2926.0,0.0,0.0,0.0,1950.0,976.0,2765.0,1053.0
1.0,33553.0,4921.0,2961.0,0.0,0.0,0.0,1985.0,976.0,4921.0,0.0
1.0,28632.0,6458.0,3085.0,0.0,0.0,0.0,2109.0,976.0,6458.0,0.0
1.0,22174.0,5839.0,3191.0,0.0,0.0,0.0,2221.0,970.0,5839.0,0.0
1.0,16335.0,3071.0,3226.0,0.0,2866.0,2866.0,2280.0,946.0,3071.0,0.0
1.0,13264.0,0.0,3185.0,0.0,2661.0,2661.0,2280.0,905.0,0.0,0.0
1.0,13264.0,369.0,3140.0,0.0,2805.0,2805.0,2280.0,860.0,0.0,369.0
1.0,12895.0,1287.0,3108.0,2866.0,1066.0,1066.0,2270.0,838.0,0.0,1287.0
1.0,14474.0,2207.0,3078.0,2661.0,462.0,462.0,2220.0,858.0,0.0,2207.0
1.0,14928.0,2757.0,3039.0,2805.0,219.0,219.0,2128.0,911.0,0.0,2757.0
1.0,14976.0,2978.0,2974.0,1066.0,1806.0,1806.0,2017.0,957.0,588.0,2390.0
1.0,13064.0,3847.0,2935.0,462.0,4996.0,4996.0,1957.0,978.0,2738.0,1109.0
1.0,9679.0,4891.0,2967.0,219.0,9828.0,9828.0,1989.0,978.0,4891.0,0.0
1.0,5007.0,6449.0,3091.0,1806.0,15091.0,15091.0,2113.0,978.0,6449.0,0.0
1.0,364.0,5868.0,3198.0,4996.0,15990.0,15990.0,2226.0,972.0,5868.0,0.0
1.0,0.0,3131.0,3234.0,9828.0,9981.0,9981.0,2286.0,948.0,3131.0,0.0
1.0,6189.0,0.0,3193.0,15091.0,0.0,0.0,2286.0,907.0,0.0,0.0
1.0,21280.0,394.0,3147.0,15990.0,0.0,0.0,2286.0,861.0,0.0,394.0
1.0,36876.0,1320.0,3115.0,9981.0,0.0,0.0,2275.0,840.0,0.0,1320.0
1.0,45537.0,2248.0,3084.0,0.0,0.0,0.0,2223.0,861.0,0.0,2248.0
1.0,43289.0,2785.0,3044.0,0.0,0.0,0.0,2129.0,915.0,0.0,2785.0
1.0,40504.0,3082.0,2979.0,0.0,0.0,0.0,2018.0,961.0,682.0,2400.0
1.0,37422.0,3940.0,2942.0,0.0,0.0,0.0,1960.0,982.0,2856.0,1084.0
1.0,33482.0,5040.0,2978.0,0.0,0.0,0.0,1996.0,982.0,5040.0,0.0
1.0,28442.0,6534.0,3104.0,0.0,0.0,0.0,2122.0,982.0,6534.0,0.0
1.0,21908.0,5867.0,3209.0,0.0,4.0,4.0,2235.0,974.0,5867.0,0.0
1.0,16041.0,3015.0,3242.0,0.0,3184.0,3184.0,2293.0,949.0,3015.0,0.0
1.0,13026.0,0.0,3199.0,0.0,2969.0,2969.0,2293.0,906.0,0.0,0.0
1.0,13026.0,442.0,3154.0,4.0,3182.0,3182.0,2293.0,861.0,0.0,442.0
1.0,12588.0,1384.0,3121.0,3184.0,1217.0,1217.0,2280.0,841.0,0.0,1384.0
1.0,14388.0,2325.0,3090.0,2969.0,418.0,418.0,2225.0,865.0,0.0,2325.0
1.0,15032.0,2830.0,3047.0,3182.0,0.0,0.0,2128.0,919.0,0.0,2830.0
1.0,15384.0,3181.0,2983.0,1217.0,1495.0,1495.0,2018.0,965.0,792.0,2389.0
1.0,13420.0,3995.0,2947.0,418.0,4892.0,4892.0,1963.0,984.0,2989.0,1006.0
1.0,9843.0,5197.0,2988.0,0.0,10294.0,10294.0,2004.0,984.0,5197.0,0.0
1.0,4646.0,6610.0,3116.0,1495.0,15580.0,15580.0,2132.0,984.0,6610.0,0.0
1.0,0.0,5828.0,3220.0,4892.0,16100.0,16100.0,2244.0,976.0,5828.0,0.0
1.0,0.0,2835.0,3248.0,10294.0,10186.0,10186.0,2298.0,950.0,2835.0,0.0
1.0,6054.0,0.0,3204.0,15580.0,0.0,0.0,2298.0,906.0,0.0,0.0
1.0,21634.0,455.0,3159.0,16100.0,0.0,0.0,2298.0,861.0,0.0,455.0
1.0,37279.0,1400.0,3127.0,10186.0,0.0,0.0,2285.0,842.0,0.0,1400.0
1.0,46065.0,2348.0,3098.0,0.0,0.0,0.0,2230.0,868.0,0.0,2348.0
1.0,43717.0,2834.0,3055.0,0.0,0.0,0.0,2133.0,922.0,0.0,2834.0
1.0,40883.0,3163.0,2990.0,0.0,0.0,0.0,2022.0,968.0,787.0,2376.0
1.0,37720.0,3961.0,2954.0,0.0,0.0,0.0,1968.0,986.0,2991.0,970.0
1.0,33759.0,5187.0,2996.0,0.0,0.0,0.0,2010.0,986.0,5187.0,0.0
1.0,28572.0,6594.0,3123.0,0.0,0.0,0.0,2137.0,986.0,6594.0,0.0
1.0,21978.0,5790.0,3228.0,0.0,0.0,0.0,2249.0,979.0,5790.0,0.0
1.0,16188.0,2795.0,3255.0,0.0,2882.0,2882.0,2302.0,953.0,2795.0,0.0
1.0,13393.0,0.0,3212.0,0.0,2667.0,2667.0,2302.0,910.0,0.0,0.0
1.0,13393.0,419.0,3167.0,0.0,2861.0,2861.0,2302.0,865.0,0.0,419.0
1.0,12974.0,1357.0,3136.0,2882.0,1181.0,1181.0,2291.0,845.0,0.0,1357.0
1.0,14499.0,2290.0,3106.0,2667.0,654.0,654.0,2237.0,869.0,0.0,2290.0
1.0,14876.0,2802.0,3066.0,2861.0,395.0,395.0,2143.0,923.0,0.0,2802.0
1.0,14935.0,3072.0,3000.0,1181.0,1956.0,1956.0,2032.0,968.0,693.0,2379.0
1.0,13044.0,3890.0,2963.0,654.0,5007.0,5007.0,1975.0,988.0,2870.0,1020.0
1.0,9808.0,5040.0,3001.0,395.0,9842.0,9842.0,2013.0,988.0,5040.0,0.0
1.0,5163.0,6520.0,3126.0,1956.0,15031.0,15031.0,2138.0,988.0,6520.0,0.0
1.0,599.0,5821.0,3231.0,5007.0,16155.0,16155.0,2250.0,981.0,5821.0,0.0
1.0,0.0,2959.0,3263.0,9842.0,9647.0,9647.0,2307.0,956.0,2959.0,0.0
1.0,6668.0,0.0,3221.0,15031.0,0.0,0.0,2307.0,914.0,0.0,0.0
1.0,21699.0,411.0,3176.0,16155.0,0.0,0.0,2307.0,869.0,0.0,411.0
1.0,37443.0,1341.0,3144.0,9647.0,0.0,0.0,2296.0,848.0,0.0,1341.0
1.0,45749.0,2273.0,3114.0,0.0,0.0,0.0,2243.0,871.0,0.0,2273.0
1.0,43476.0,2792.0,3073.0,0.0,0.0,0.0,2149.0,924.0,0.0,2792.0
1.0,40684.0,3088.0,3008.0,0.0,0.0,0.0,2038.0,970.0,701.0,2387.0
1.0,37596.0,3925.0,2972.0,0.0,0.0,0.0,1981.0,991.0,2878.0,1047.0
1.0,33671.0,5062.0,3009.0,0.0,0.0,0.0,2018.0,991.0,5062.0,0.0
1.0,28609.0,6538.0,3135.0,0.0,0.0,0.0,2144.0,991.0,6538.0,0.0
1.0,22071.0,5838.0,3239.0,0.0,0.0,0.0,2256.0,983.0,5838.0,0.0
1.0,16233.0,2971.0,3271.0,0.0,3093.0,3093.0,2313.0,958.0,2971.0,0.0
1.0,13262.0,0.0,3227.0,0.0,2873.0,2873.0,2313.0,914.0,0.0,0.0
1.0,13262.0,444.0,3182.0,0.0,3092.0,3092.0,2313.0,869.0,0.0,444.0
1.0,12818.0,1384.0,3150.0,3093.0,1223.0,1223.0,2300.0,850.0,0.0,1384.0
1.0,14527.0,2326.0,3119.0,2873.0,521.0,521.0,2245.0,874.0,0.0,2326.0
1.0,15074.0,2825.0,3076.0,3092.0,39.0,39.0,2148.0,928.0,0.0,2825.0
1.0,15341.0,3210.0,3012.0,1223.0,1706.0,1706.0,2038.0,974.0,819.0,2391.0
1.0,13354.0,4037.0,2977.0,521.0,5047.0,5047.0,1984.0,993.0,3026.0,1011.0
1.0,9838.0,5246.0,3019.0,39.0,10464.0,10464.0,2026.0,993.0,5246.0,0.0
1.0,4631.0,6640.0,3147.0,1706.0,15735.0,15735.0,2154.0,993.0,6640.0,0.0
1.0,0.0,5835.0,3251.0,5047.0,16255.0,16255.0,2266.0,985.0,5835.0,0.0
1.0,0.0,2814.0,3278.0,10464.0,9831.0,9831.0,2320.0,958.0,2814.0,0.0
1.0,6559.0,0.0,3234.0,15735.0,0.0,0.0,2320.0,914.0,0.0,0.0
1.0,22294.0,494.0,3189.0,16255.0,0.0,0.0,2320.0,869.0,0.0,494.0
1.0,38055.0,1447.0,3156.0,9831.0,0.0,0.0,2305.0,851.0,0.0,1447.0
1.0,46439.0,2401.0,3125.0,0.0,0.0,0.0,2248.0,877.0,0.0,2401.0
1.0,44038.0,2866.0,3080.0,0.0,0.0,0.0,2148.0,932.0,0.0,2866.0
1.0,41172.0,3262.0,3016.0,0.0,0.0,0.0,2038.0,978.0,887.0,2375.0
1.0,37910.0,4043.0,2982.0,0.0,0.0,0.0,1986.0,996.0,3114.0,929.0
1.0,33867.0,5349.0,3030.0,0.0,0.0,0.0,2034.0,996.0,5349.0,0.0
1.0,28518.0,6686.0,3159.0,0.0,0.0,0.0,2163.0,996.0,6686.0,0.0
1.0,21832.0,5809.0,3261.0,0.0,282.0,282.0,2274.0,987.0,5809.0,0.0
1.0,16023.0,2686.0,3286.0,0.0,3093.0,3093.0,2326.0,960.0,2686.0,0.0
1.0,13337.0,0.0,3241.0,0.0,2868.0,2868.0,2326.0,915.0,0.0,0.0
1.0,13337.0,489.0,3196.0,282.0,2850.0,2850.0,2326.0,870.0,0.0,489.0
1.0,13130.0,1442.0,3163.0,3093.0,1034.0,1034.0,2311.0,852.0,0.0,1442.0
1.0,14781.0,2396.0,3133.0,2868.0,412.0,412.0,2253.0,880.0,0.0,2396.0
1.0,15253.0,2856.0,3087.0,2850.0,188.0,188.0,2153.0,934.0,0.0,2856.0
1.0,15247.0,3197.0,3023.0,1034.0,2031.0,2031.0,2043.0,980.0,834.0,2363.0
1.0,13084.0,3964.0,2988.0,412.0,5408.0,5408.0,1990.0,998.0,3048.0,916.0
1.0,9532.0,5265.0,3035.0,188.0,10720.0,10720.0,2037.0,998.0,5265.0,0.0
1.0,4455.0,6643.0,3163.0,2031.0,15815.0,15815.0,2165.0,998.0,6643.0,0.0
1.0,0.0,5806.0,3267.0,5408.0,16335.0,16335.0,2277.0,990.0,5806.0,0.0
1.0,0.0,2740.0,3293.0,10720.0,9040.0,9040.0,2330.0,963.0,2740.0,0.0
1.0,7425.0,0.0,3249.0,15815.0,0.0,0.0,2330.0,919.0,0.0,0.0
1.0,23240.0,456.0,3204.0,16335.0,0.0,0.0,2330.0,874.0,0.0,456.0
1.0,39119.0,1401.0,3171.0,9040.0,0.0,0.0,2316.0,855.0,0.0,1401.0
1.0,46758.0,2343.0,3142.0,0.0,0.0,0.0,2261.0,881.0,0.0,2343.0
1.0,44415.0,2826.0,3099.0,0.0,0.0,0.0,2164.0,935.0,0.0,2826.0
1.0,41589.0,3109.0,3034.0,0.0,0.0,0.0,2053.0,981.0,744.0,2365.0
1.0,38480.0,3903.0,2997.0,0.0,0.0,0.0,1998.0,999.0,2940.0,963.0
1.0,34577.0,5144.0,3039.0,0.0,0.0,0.0,2040.0,999.0,5144.0,0.0
1.0,29433.0,6595.0,3165.0,0.0,0.0,0.0,2166.0,999.0,6595.0,0.0
1.0,22838.0,5856.0,3270.0,0.0,0.0,0.0,2279.0,991.0,5856.0,0.0
1.0,16982.0,2907.0,3301.0,0.0,2430.0,2430.0,2335.0,966.0,2907.0,0.0
1.0,14075.0,0.0,3257.0,0.0,2210.0,2210.0,2335.0,922.0,0.0,0.0
1.0,14075.0,466.0,3212.0,0.0,2451.0,2451.0,2335.0,877.0,0.0,466.0
1.0,13609.0,1409.0,3180.0,2430.0,1270.0,1270.0,2322.0,858.0,0.0,1409.0
1.0,14630.0,2351.0,3149.0,2210.0,1256.0,1256.0,2266.0,883.0,0.0,2351.0
1.0,14489.0,2827.0,3107.0,2451.0,1422.0,1422.0,2169.0,938.0,0.0,2827.0
1.0,14113.0,3121.0,3041.0,1270.0,2943.0,2943.0,2058.0,983.0,757.0,2364.0
1.0,12262.0,3927.0,3004.0,1256.0,5429.0,5429.0,2002.0,1002.0,2965.0,962.0
1.0,9591.0,5176.0,3047.0,1422.0,9398.0,9398.0,2045.0,1002.0,5176.0,0.0
1.0,5837.0,6635.0,3174.0,2943.0,13725.0,13725.0,2172.0,1002.0,6635.0,0.0
1.0,2145.0,5890.0,3279.0,5429.0,14711.0,14711.0,2286.0,993.0,5890.0,0.0
1.0,1684.0,2935.0,3309.0,9398.0,8398.0,8398.0,2342.0,967.0,2935.0,0.0
1.0,8147.0,0.0,3264.0,13725.0,0.0,0.0,2342.0,922.0,0.0,0.0
1.0,21872.0,521.0,3220.0,14711.0,0.0,0.0,2342.0,878.0,0.0,521.0
1.0,36062.0,1477.0,3186.0,8398.0,0.0,0.0,2326.0,860.0,0.0,1477.0
1.0,42983.0,2433.0,3155.0,0.0,0.0,0.0,2268.0,887.0,0.0,2433.0
1.0,40550.0,2870.0,3109.0,0.0,0.0,0.0,2167.0,942.0,0.0,2870.0
1.0,37680.0,3232.0,3044.0,0.0,0.0,0.0,2056.0,988.0,874.0,2358.0
1.0,34448.0,4011.0,3009.0,0.0,0.0,0.0,2004.0,1005.0,3124.0,887.0
1.0,30437.0,5368.0,3058.0,0.0,0.0,0.0,2053.0,1005.0,5368.0,0.0
1.0,25069.0,6743.0,3188.0,0.0,0.0,0.0,2183.0,1005.0,6743.0,0.0
1.0,18326.0,5866.0,3291.0,0.0,3995.0,3995.0,2296.0,995.0,5866.0,0.0
1.0,12460.0,2750.0,3317.0,0.0,6875.0,6875.0,2349.0,968.0,2750.0,0.0
1.0,9710.0,0.0,3270.0,0.0,6640.0,6640.0,2349.0,921.0,0.0,0.0
1.0,9710.0,558.0,3226.0,3995.0,2983.0,2983.0,2349.0,877.0,0.0,558.0
1.0,13147.0,1524.0,3193.0,6875.0,0.0,0.0,2332.0,861.0,0.0,1524.0
1.0,18498.0,2489.0,3163.0,6640.0,0.0,0.0,2272.0,891.0,0.0,2489.0
1.0,22649.0,2901.0,3115.0,2983.0,0.0,0.0,2169.0,946.0,0.0,2901.0
1.0,22731.0,3252.0,3049.0,0.0,0.0,0.0,2058.0,991.0,911.0,2341.0
1.0,19479.0,3984.0,3014.0,0.0,0.0,0.0,2007.0,1007.0,3167.0,817.0
1.0,15495.0,5416.0,3067.0,0.0,5256.0,5256.0,2060.0,1007.0,5416.0,0.0
1.0,10079.0,6757.0,3197.0,0.0,12663.0,12663.0,2190.0,1007.0,6757.0,0.0
1.0,3322.0,5836.0,3300.0,0.0,16500.0,16500.0,2302.0,998.0,5836.0,0.0
1.0,0.0,2672.0,3323.0,5256.0,16545.0,16545.0,2353.0,970.0,2672.0,0.0
1.0,70.0,0.0,3277.0,12663.0,3652.0,3652.0,2353.0,924.0,0.0,0.0
1.0,12733.0,539.0,3232.0,16500.0,0.0,0.0,2353.0,879.0,0.0,539.0
1.0,28694.0,1499.0,3200.0,16545.0,0.0,0.0,2337.0,863.0,0.0,1499.0
1.0,43740.0,2465.0,3171.0,3652.0,0.0,0.0,2278.0,893.0,0.0,2465.0
1.0,44927.0,2885.0,3125.0,0.0,0.0,0.0,2177.0,948.0,0.0,2885.0
1.0,42042.0,3205.0,3059.0,0.0,0.0,0.0,2066.0,993.0,862.0,2343.0
1.0,38837.0,3926.0,3023.0,0.0,0.0,0.0,2014.0,1009.0,3092.0,834.0
1.0,34911.0,5326.0,3073.0,0.0,0.0,0.0,2064.0,1009.0,5326.0,0.0
1.0,29585.0,6691.0,3201.0,0.0,0.0,0.0,2192.0,1009.0,6691.0,0.0
1.0,22894.0,5829.0,3304.0,0.0,0.0,0.0,2304.0,1000.0,5829.0,0.0
1.0,17065.0,2725.0,3330.0,0.0,2310.0,2310.0,2357.0,973.0,2725.0,0.0
1.0,14340.0,0.0,3285.0,0.0,2085.0,2085.0,2357.0,928.0,0.0,0.0
1.0,14340.0,498.0,3241.0,0.0,2363.0,2363.0,2357.0,884.0,0.0,498.0
1.0,13842.0,1450.0,3208.0,2310.0,1338.0,1338.0,2342.0,866.0,0.0,1450.0
1.0,14702.0,2399.0,3180.0,2085.0,1512.0,1512.0,2286.0,894.0,0.0,2399.0
1.0,14388.0,2852.0,3135.0,2363.0,1776.0,1776.0,2187.0,948.0,0.0,2852.0
1.0,13899.0,3155.0,3070.0,1338.0,3268.0,3268.0,2076.0,994.0,803.0,2352.0
1.0,12082.0,3923.0,3032.0,1512.0,5489.0,5489.0,2021.0,1011.0,3020.0,903.0
1.0,9671.0,5243.0,3077.0,1776.0,9181.0,9181.0,2066.0,1011.0,5243.0,0.0
1.0,6204.0,6655.0,3205.0,3268.0,13208.0,13208.0,2194.0,1011.0,6655.0,0.0
1.0,2817.0,5851.0,3309.0,5489.0,14090.0,14090.0,2307.0,1002.0,5851.0,0.0
1.0,2455.0,2835.0,3336.0,9181.0,7879.0,7879.0,2361.0,975.0,2835.0,0.0
1.0,8801.0,0.0,3291.0,13208.0,0.0,0.0,2361.0,930.0,0.0,0.0
1.0,22009.0,517.0,3246.0,14090.0,0.0,0.0,2361.0,885.0,0.0,517.0
1.0,35582.0,1470.0,3214.0,7879.0,0.0,0.0,2346.0,868.0,0.0,1470.0
1.0,41991.0,2428.0,3185.0,0.0,0.0,0.0,2289.0,896.0,0.0,2428.0
1.0,39563.0,2868.0,3142.0,0.0,0.0,0.0,2190.0,952.0,0.0,2868.0
1.0,36695.0,3245.0,3076.0,0.0,0.0,0.0,2079.0,997.0,887.0,2358.0
1.0,33450.0,4030.0,3040.0,0.0,0.0,0.0,2026.0,1014.0,3133.0,897.0
1.0,29420.0,5383.0,3087.0,0.0,0.0,0.0,2073.0,1014.0,5383.0,0.0
1.0,24037.0,6744.0,3217.0,0.0,0.0,0.0,2203.0,1014.0,6744.0,0.0
1.0,17293.0,5867.0,3320.0,0.0,5174.0,5174.0,2316.0,1004.0,5867.0,0.0
1.0,11426.0,2738.0,3345.0,0.0,8037.0,8037.0,2369.0,976.0,2738.0,0.0
1.0,8688.0,0.0,3298.0,0.0,7802.0,7802.0,2369.0,929.0,0.0,0.0
1.0,8688.0,570.0,3254.0,5174.0,2978.0,2978.0,2369.0,885.0,0.0,570.0
1.0,13292.0,1539.0,3221.0,8037.0,0.0,0.0,2352.0,869.0,0.0,1539.0
1.0,19790.0,2508.0,3192.0,7802.0,0.0,0.0,2292.0,900.0,0.0,2508.0
1.0,25084.0,2910.0,3144.0,2978.0,0.0,0.0,2188.0,956.0,0.0,2910.0
1.0,25152.0,3327.0,3079.0,0.0,0.0,0.0,2078.0,1001.0,978.0,2349.0
1.0,21825.0,4072.0,3044.0,0.0,0.0,0.0,2027.0,1017.0,3255.0,817.0
1.0,17753.0,5532.0,3098.0,0.0,3269.0,3269.0,2081.0,1017.0,5532.0,0.0
1.0,12221.0,6829.0,3229.0,0.0,10753.0,10753.0,2212.0,1017.0,6829.0,0.0
1.0,5392.0,5859.0,3331.0,0.0,16655.0,16655.0,2325.0,1006.0,5859.0,0.0
1.0,0.0,2604.0,3352.0,3269.0,16562.0,16562.0,2375.0,977.0,2604.0,0.0
1.0,198.0,0.0,3304.0,10753.0,5569.0,5569.0,2375.0,929.0,0.0,0.0
1.0,10951.0,598.0,3260.0,16655.0,0.0,0.0,2375.0,885.0,0.0,598.0
1.0,27008.0,1573.0,3227.0,16562.0,0.0,0.0,2357.0,870.0,0.0,1573.0
1.0,41997.0,2548.0,3200.0,5569.0,0.0,0.0,2297.0,903.0,0.0,2548.0
1.0,45018.0,2929.0,3152.0,0.0,0.0,0.0,2192.0,960.0,0.0,2929.0
1.0,42089.0,3300.0,3085.0,0.0,0.0,0.0,2081.0,1004.0,970.0,2330.0
1.0,38789.0,3996.0,3050.0,0.0,0.0,0.0,2031.0,1019.0,3241.0,755.0
1.0,34793.0,5517.0,3105.0,0.0,0.0,0.0,2086.0,1019.0,5517.0,0.0
1.0,29276.0,6812.0,3236.0,0.0,0.0,0.0,2217.0,1019.0,6812.0,0.0
1.0,22464.0,5844.0,3338.0,0.0,70.0,70.0,2329.0,1009.0,5844.0,0.0
1.0,16620.0,2594.0,3359.0,0.0,2769.0,2769.0,2379.0,980.0,2594.0,0.0
1.0,14026.0,0.0,3311.0,0.0,2529.0,2529.0,2379.0,932.0,0.0,0.0
1.0,14026.0,570.0,3267.0,70.0,2809.0,2809.0,2379.0,888.0,0.0,570.0
1.0,13526.0,1539.0,3235.0,2769.0,1419.0,1419.0,2363.0,872.0,0.0,1539.0
1.0,14756.0,2505.0,3207.0,2529.0,1255.0,1255.0,2303.0,904.0,0.0,2505.0
1.0,14780.0,2906.0,3161.0,2809.0,1122.0,1122.0,2201.0,960.0,0.0,2906.0
1.0,14683.0,3228.0,3094.0,1419.0,2596.0,2596.0,2089.0,1005.0,896.0,2332.0
1.0,12874.0,3942.0,3058.0,1255.0,5103.0,5103.0,2038.0,1020.0,3149.0,793.0
1.0,10187.0,5401.0,3109.0,1122.0,9637.0,9637.0,2089.0,1020.0,5401.0,0.0
1.0,5908.0,6745.0,3239.0,2596.0,14436.0,14436.0,2219.0,1020.0,6745.0,0.0
1.0,1759.0,5842.0,3342.0,5103.0,15690.0,15690.0,2331.0,1011.0,5842.0,0.0
1.0,1020.0,2680.0,3366.0,9637.0,8853.0,8853.0,2383.0,983.0,2680.0,0.0
1.0,7977.0,0.0,3320.0,14436.0,0.0,0.0,2383.0,937.0,0.0,0.0
1.0,22413.0,534.0,3275.0,15690.0,0.0,0.0,2383.0,892.0,0.0,534.0
1.0,37569.0,1500.0,3243.0,8853.0,0.0,0.0,2367.0,876.0,0.0,1500.0
1.0,44922.0,2462.0,3215.0,0.0,0.0,0.0,2309.0,906.0,0.0,2462.0
1.0,42460.0,2890.0,3169.0,0.0,0.0,0.0,2208.0,961.0,0.0,2890.0
1.0,39570.0,3240.0,3105.0,0.0,0.0,0.0,2098.0,1007.0,888.0,2352.0
1.0,36330.0,3989.0,3068.0,0.0,0.0,0.0,2045.0,1023.0,3137.0,852.0
1.0,32341.0,5380.0,3117.0,0.0,0.0,0.0,2094.0,1023.0,5380.0,0.0
1.0,26961.0,6744.0,3247.0,0.0,0.0,0.0,2224.0,1023.0,6744.0,0.0
1.0,20217.0,5859.0,3350.0,0.0,2392.0,2392.0,2337.0,1013.0,5859.0,0.0
1.0,14358.0,2739.0,3374.0,0.0,5251.0,5251.0,2389.0,985.0,2739.0,0.0
1.0,11619.0,0.0,3327.0,0.0,5016.0,5016.0,2389.0,938.0,0.0,0.0
1.0,11619.0,559.0,3283.0,2392.0,2963.0,2963.0,2389.0,894.0,0.0,559.0
1.0,13452.0,1528.0,3250.0,5251.0,0.0,0.0,2372.0,878.0,0.0,1528.0
1.0,17175.0,2498.0,3221.0,5016.0,0.0,0.0,2312.0,909.0,0.0,2498.0
1.0,19693.0,2910.0,3174.0,2963.0,0.0,0.0,2209.0,965.0,0.0,2910.0
1.0,19746.0,3338.0,3108.0,0.0,0.0,0.0,2098.0,1010.0,983.0,2355.0
1.0,16408.0,4088.0,3074.0,0.0,3050.0,3050.0,2048.0,1026.0,3258.0,830.0
1.0,12320.0,5537.0,3127.0,0.0,8852.0,8852.0,2101.0,1026.0,5537.0,0.0
1.0,6783.0,6840.0,3259.0,0.0,16295.0,16295.0,2233.0,1026.0,6840.0,0.0
1.0,0.0,5868.0,3361.0,3050.0,16805.0,16805.0,2346.0,1015.0,5868.0,0.0
1.0,0.0,2623.0,3381.0,8852.0,13551.0,13551.0,2396.0,985.0,2623.0,0.0
1.0,3354.0,0.0,3333.0,16295.0,0.0,0.0,2396.0,937.0,0.0,0.0
1.0,19649.0,623.0,3289.0,16805.0,0.0,0.0,2396.0,893.0,0.0,623.0
1.0,35831.0,1607.0,3256.0,13551.0,0.0,0.0,2377.0,879.0,0.0,1607.0
1.0,47775.0,2591.0,3228.0,0.0,0.0,0.0,2315.0,913.0,0.0,2591.0
1.0,45184.0,2954.0,3178.0,0.0,0.0,0.0,2208.0,970.0,0.0,2954.0
1.0,42230.0,3411.0,3113.0,0.0,0.0,0.0,2098.0,1015.0,1074.0,2337.0
1.0,38819.0,4114.0,3079.0,0.0,0.0,0.0,2050.0,1029.0,3381.0,733.0
1.0,34705.0,5686.0,3138.0,0.0,0.0,0.0,2109.0,1029.0,5686.0,0.0
1.0,29019.0,6919.0,3271.0,0.0,0.0,0.0,2242.0,1029.0,6919.0,0.0
1.0,22100.0,5841.0,3372.0,0.0,601.0,601.0,2355.0,1017.0,5841.0,0.0
1.0,16259.0,2458.0,3389.0,0.0,3144.0,3144.0,2402.0,987.0,2458.0,0.0
1.0,13801.0,0.0,3340.0,0.0,2899.0,2899.0,2402.0,938.0,0.0,0.0
1.0,13801.0,629.0,3296.0,601.0,2707.0,2707.0,2402.0,894.0,0.0,629.0
1.0,13773.0,1615.0,3263.0,3144.0,1013.0,1013.0,2383.0,880.0,0.0,1615.0
1.0,15302.0,2599.0,3236.0,2899.0,578.0,578.0,2321.0,915.0,0.0,2599.0
1.0,15602.0,2959.0,3187.0,2707.0,585.0,585.0,2215.0,972.0,0.0,2959.0
1.0,15350.0,3359.0,3121.0,1013.0,2601.0,2601.0,2104.0,1017.0,1032.0,2327.0
1.0,13004.0,4031.0,3086.0,578.0,5879.0,5879.0,2055.0,1031.0,3322.0,709.0
1.0,9551.0,5615.0,3144.0,585.0,11199.0,11199.0,2113.0,1031.0,5615.0,0.0
1.0,4521.0,6871.0,3277.0,2601.0,16134.0,16134.0,2246.0,1031.0,6871.0,0.0
1.0,251.0,5836.0,3378.0,5879.0,16596.0,16596.0,2358.0,1020.0,5836.0,0.0
1.0,294.0,2503.0,3396.0,11199.0,7990.0,7990.0,2406.0,990.0,2503.0,0.0
1.0,8990.0,0.0,3348.0,16134.0,0.0,0.0,2406.0,942.0,0.0,0.0
1.0,25124.0,586.0,3303.0,16596.0,0.0,0.0,2406.0,897.0,0.0,586.0
1.0,41134.0,1561.0,3272.0,7990.0,0.0,0.0,2389.0,883.0,0.0,1561.0
1.0,47563.0,2540.0,3244.0,0.0,0.0,0.0,2328.0,916.0,0.0,2540.0
1.0,45023.0,2927.0,3196.0,0.0,0.0,0.0,2224.0,972.0,0.0,2927.0
1.0,42096.0,3284.0,3130.0,0.0,0.0,0.0,2113.0,1017.0,945.0,2339.0
1.0,38812.0,3980.0,3094.0,0.0,0.0,0.0,2062.0,1032.0,3210.0,770.0
1.0,34832.0,5484.0,3148.0,0.0,0.0,0.0,2116.0,1032.0,5484.0,0.0
1.0,29348.0,6805.0,3279.0,0.0,0.0,0.0,2247.0,1032.0,6805.0,0.0
1.0,22543.0,5870.0,3382.0,0.0,237.0,237.0,2360.0,1022.0,5870.0,0.0
1.0,16673.0,2651.0,3404.0,0.0,2998.0,2998.0,2411.0,993.0,2651.0,0.0
1.0,14022.0,0.0,3357.0,0.0,2763.0,2763.0,2411.0,946.0,0.0,0.0
1.0,14022.0,571.0,3312.0,237.0,2872.0,2872.0,2411.0,901.0,0.0,571.0
1.0,13688.0,1550.0,3280.0,2998.0,1264.0,1264.0,2394.0,886.0,0.0,1550.0
1.0,15136.0,2523.0,3251.0,2763.0,879.0,879.0,2333.0,918.0,0.0,2523.0
1.0,15376.0,2928.0,3204.0,2872.0,700.0,700.0,2230.0,974.0,0.0,2928.0
1.0,15320.0,3318.0,3138.0,1264.0,2424.0,2424.0,2119.0,1019.0,966.0,2352.0
1.0,13266.0,4055.0,3104.0,879.0,5430.0,5430.0,2069.0,1035.0,3246.0,809.0
1.0,10090.0,5525.0,3157.0,700.0,10520.0,10520.0,2122.0,1035.0,5525.0,0.0
1.0,5265.0,6845.0,3289.0,2424.0,15601.0,15601.0,2254.0,1035.0,6845.0,0.0
1.0,844.0,5879.0,3391.0,5430.0,16560.0,16560.0,2367.0,1024.0,5879.0,0.0
1.0,395.0,2637.0,3413.0,10520.0,8787.0,8787.0,2418.0,995.0,2637.0,0.0
1.0,8278.0,0.0,3365.0,15601.0,0.0,0.0,2418.0,947.0,0.0,0.0
1.0,23879.0,596.0,3320.0,16560.0,0.0,0.0,2418.0,902.0,0.0,596.0
1.0,39843.0,1579.0,3286.0,8787.0,0.0,0.0,2399.0,887.0,0.0,1579.0
1.0,47051.0,2565.0,3257.0,0.0,0.0,0.0,2336.0,921.0,0.0,2565.0
1.0,44486.0,2956.0,3207.0,0.0,0.0,0.0,2229.0,978.0,0.0,2956.0
1.0,41530.0,3442.0,3142.0,0.0,0.0,0.0,2119.0,1023.0,1071.0,2371.0
1.0,38088.0,4181.0,3109.0,0.0,0.0,0.0,2071.0,1038.0,3385.0,796.0
1.0,33907.0,5697.0,3168.0,0.0,0.0,0.0,2130.0,1038.0,5697.0,0.0
1.0,28210.0,6947.0,3301.0,0.0,0.0,0.0,2263.0,1038.0,6947.0,0.0
1.0,21263.0,5879.0,3404.0,0.0,1636.0,1636.0,2377.0,1027.0,5879.0,0.0
1.0,15384.0,2507.0,3421.0,0.0,4228.0,4228.0,2425.0,996.0,2507.0,0.0
1.0,12877.0,0.0,3371.0,0.0,3978.0,3978.0,2425.0,946.0,0.0,0.0
1.0,12877.0,640.0,3326.0,1636.0,2757.0,2757.0,2425.0,901.0,0.0,640.0
1.0,13873.0,1635.0,3292.0,4228.0,0.0,0.0,2404.0,888.0,0.0,1635.0
1.0,16466.0,2632.0,3263.0,3978.0,0.0,0.0,2339.0,924.0,0.0,2632.0
1.0,17812.0,2993.0,3212.0,2757.0,0.0,0.0,2230.0,982.0,0.0,2993.0
1.0,17576.0,3482.0,3145.0,0.0,1631.0,1631.0,2118.0,1027.0,1126.0,2356.0
1.0,14094.0,4171.0,3113.0,0.0,5642.0,5642.0,2072.0,1041.0,3452.0,719.0
1.0,9923.0,5777.0,3177.0,0.0,11739.0,11739.0,2136.0,1041.0,5777.0,0.0
1.0,4146.0,6978.0,3311.0,1631.0,16555.0,16555.0,2270.0,1041.0,6978.0,0.0
1.0,0.0,5849.0,3412.0,5642.0,17060.0,17060.0,2383.0,1029.0,5849.0,0.0
1.0,0.0,2398.0,3427.0,11739.0,9202.0,9202.0,2429.0,998.0,2398.0,0.0
1.0,7933.0,0.0,3377.0,16555.0,0.0,0.0,2429.0,948.0,0.0,0.0
1.0,24488.0,628.0,3332.0,17060.0,0.0,0.0,2429.0,903.0,0.0,628.0
1.0,40920.0,1622.0,3298.0,9202.0,0.0,0.0,2409.0,889.0,0.0,1622.0
1.0,48500.0,2622.0,3271.0,0.0,0.0,0.0,2345.0,926.0,0.0,2622.0
1.0,45878.0,2986.0,3221.0,0.0,0.0,0.0,2237.0,984.0,0.0,2986.0
1.0,42892.0,3447.0,3155.0,0.0,0.0,0.0,2126.0,1029.0,1093.0,2354.0
1.0,39445.0,4125.0,3122.0,0.0,0.0,0.0,2079.0,1043.0,3403.0,722.0
1.0,35320.0,5718.0,3184.0,0.0,0.0,0.0,2141.0,1043.0,5718.0,0.0
1.0,29602.0,6926.0,3317.0,0.0,0.0,0.0,2274.0,1043.0,6926.0,0.0
1.0,22676.0,5830.0,3419.0,0.0,249.0,249.0,2387.0,1032.0,5830.0,0.0
1.0,16846.0,2416.0,3435.0,0.0,2745.0,2745.0,2433.0,1002.0,2416.0,0.0
1.0,14430.0,0.0,3386.0,0.0,2500.0,2500.0,2433.0,953.0,0.0,0.0
1.0,14430.0,580.0,3341.0,249.0,2606.0,2606.0,2433.0,908.0,0.0,580.0
1.0,14099.0,1568.0,3308.0,2745.0,1264.0,1264.0,2415.0,893.0,0.0,1568.0
1.0,15276.0,2551.0,3280.0,2500.0,1175.0,1175.0,2353.0,927.0,0.0,2551.0
1.0,15225.0,2954.0,3232.0,2606.0,1283.0,1283.0,2248.0,984.0,0.0,2954.0
1.0,14877.0,3376.0,3165.0,1264.0,3060.0,3060.0,2136.0,1029.0,1010.0,2366.0
1.0,12765.0,4089.0,3132.0,1175.0,5809.0,5809.0,2087.0,1045.0,3295.0,794.0
1.0,9851.0,5591.0,3188.0,1283.0,10397.0,10397.0,2143.0,1045.0,5591.0,0.0
1.0,5543.0,6875.0,3320.0,3060.0,14872.0,14872.0,2275.0,1045.0,6875.0,0.0
1.0,1728.0,5880.0,3422.0,5809.0,15453.0,15453.0,2388.0,1034.0,5880.0,0.0
1.0,1657.0,2578.0,3442.0,10397.0,7734.0,7734.0,2438.0,1004.0,2578.0,0.0
1.0,9476.0,0.0,3393.0,14872.0,0.0,0.0,2438.0,955.0,0.0,0.0
1.0,24348.0,586.0,3348.0,15453.0,0.0,0.0,2438.0,910.0,0.0,586.0
1.0,39215.0,1571.0,3314.0,7734.0,0.0,0.0,2419.0,895.0,0.0,1571.0
1.0,45378.0,2556.0,3286.0,0.0,0.0,0.0,2357.0,929.0,0.0,2556.0
1.0,42822.0,2955.0,3237.0,0.0,0.0,0.0,2251.0,986.0,0.0,2955.0
1.0,39867.0,3415.0,3170.0,0.0,0.0,0.0,2139.0,1031.0,1044.0,2371.0
1.0,36452.0,4159.0,3138.0,0.0,0.0,0.0,2091.0,1047.0,3354.0,805.0
1.0,32293.0,5671.0,3196.0,0.0,0.0,0.0,2149.0,1047.0,5671.0,0.0
1.0,26622.0,6943.0,3330.0,0.0,0.0,0.0,2283.0,1047.0,6943.0,0.0
1.0,19679.0,5914.0,3431.0,0.0,3390.0,3390.0,2396.0,1035.0,5914.0,0.0
1.0,13765.0,2563.0,3451.0,0.0,6053.0,6053.0,2446.0,1005.0,2563.0,0.0
1.0,11202.0,0.0,3402.0,0.0,5808.0,5808.0,2446.0,956.0,0.0,0.0
1.0,11202.0,648.0,3357.0,3390.0,2841.0,2841.0,2446.0,911.0,0.0,648.0
1.0,13944.0,1647.0,3322.0,6053.0,0.0,0.0,2425.0,897.0,0.0,1647.0
1.0,18350.0,2646.0,3293.0,5808.0,0.0,0.0,2360.0,933.0,0.0,2646.0
1.0,21512.0,3000.0,3241.0,2841.0,0.0,0.0,2250.0,991.0,0.0,3000.0
1.0,21353.0,3502.0,3175.0,0.0,0.0,0.0,2139.0,1036.0,1142.0,2360.0
1.0,17851.0,4208.0,3143.0,0.0,2072.0,2072.0,2093.0,1050.0,3490.0,718.0
1.0,13643.0,5833.0,3207.0,0.0,8225.0,8225.0,2157.0,1050.0,5833.0,0.0
1.0,7810.0,7034.0,3342.0,0.0,15934.0,15934.0,2292.0,1050.0,7034.0,0.0
1.0,776.0,5894.0,3442.0,2072.0,17210.0,17210.0,2405.0,1037.0,5894.0,0.0
1.0,0.0,2404.0,3458.0,8225.0,14515.0,14515.0,2452.0,1006.0,2404.0,0.0
1.0,2775.0,0.0,3407.0,15934.0,0.0,0.0,2452.0,955.0,0.0,0.0
1.0,18709.0,675.0,3363.0,17210.0,0.0,0.0,2452.0,911.0,0.0,675.0
1.0,35244.0,1682.0,3328.0,14515.0,0.0,0.0,2430.0,898.0,0.0,1682.0
1.0,48077.0,2690.0,3300.0,0.0,0.0,0.0,2364.0,936.0,0.0,2690.0
1.0,45387.0,3028.0,3246.0,0.0,0.0,0.0,2252.0,994.0,0.0,3028.0
1.0,42359.0,3535.0,3180.0,0.0,0.0,0.0,2141.0,1039.0,1183.0,2352.0
1.0,38824.0,4200.0,3148.0,0.0,0.0,0.0,2096.0,1052.0,3533.0,667.0
1.0,34624.0,5877.0,3215.0,0.0,0.0,0.0,2163.0,1052.0,5877.0,0.0
1.0,28747.0,7037.0,3351.0,0.0,0.0,0.0,2299.0,1052.0,7037.0,0.0
1.0,21710.0,5853.0,3451.0,0.0,1398.0,1398.0,2411.0,1040.0,5853.0,0.0
1.0,15857.0,2319.0,3465.0,0.0,3787.0,3787.0,2456.0,1009.0,2319.0,0.0
1.0,13538.0,0.0,3414.0,0.0,3532.0,3532.0,2456.0,958.0,0.0,0.0
1.0,13538.0,649.0,3369.0,1398.0,2558.0,2558.0,2456.0,913.0,0.0,649.0
1.0,14287.0,1649.0,3335.0,3787.0,250.0,250.0,2435.0,900.0,0.0,1649.0
1.0,16425.0,2647.0,3306.0,3532.0,0.0,0.0,2369.0,937.0,0.0,2647.0
1.0,17310.0,3003.0,3254.0,2558.0,0.0,0.0,2259.0,995.0,0.0,3003.0
1.0,16865.0,3477.0,3188.0,250.0,2302.0,2302.0,2148.0,1040.0,1126.0,2351.0
1.0,13638.0,4154.0,3155.0,0.0,6291.0,6291.0,2102.0,1053.0,3453.0,701.0
1.0,9484.0,5782.0,3220.0,0.0,12398.0,12398.0,2167.0,1053.0,5782.0,0.0
1.0,3702.0,6978.0,3354.0,2302.0,16770.0,16770.0,2301.0,1053.0,6978.0,0.0
1.0,0.0,5853.0,3456.0,6291.0,17280.0,17280.0,2414.0,1042.0,5853.0,0.0
1.0,0.0,2397.0,3472.0,12398.0,7895.0,7895.0,2460.0,1012.0,2397.0,0.0
1.0,9465.0,0.0,3423.0,16770.0,0.0,0.0,2460.0,963.0,0.0,0.0
1.0,26235.0,618.0,3378.0,17280.0,0.0,0.0,2460.0,918.0,0.0,618.0
1.0,42897.0,1610.0,3343.0,7895.0,0.0,0.0,2440.0,903.0,0.0,1610.0
1.0,49182.0,2608.0,3315.0,0.0,0.0,0.0,2377.0,938.0,0.0,2608.0
1.0,46574.0,2982.0,3265.0,0.0,0.0,0.0,2269.0,996.0,0.0,2982.0
1.0,43592.0,3431.0,3199.0,0.0,0.0,0.0,2158.0,1041.0,1068.0,2363.0
1.0,40161.0,4135.0,3165.0,0.0,0.0,0.0,2110.0,1055.0,3388.0,747.0
1.0,36026.0,5703.0,3225.0,0.0,0.0,0.0,2170.0,1055.0,5703.0,0.0
1.0,30323.0,6956.0,3359.0,0.0,0.0,0.0,2304.0,1055.0,6956.0,0.0
1.0,23367.0,5887.0,3461.0,0.0,0.0,0.0,2417.0,1044.0,5887.0,0.0
1.0,17480.0,2502.0,3479.0,0.0,2417.0,2417.0,2465.0,1014.0,2502.0,0.0
1.0,14978.0,0.0,3430.0,0.0,2172.0,2172.0,2465.0,965.0,0.0,0.0
1.0,14978.0,625.0,3385.0,0.0,2572.0,2572.0,2465.0,920.0,0.0,625.0
1.0,14353.0,1629.0,3351.0,2417.0,1614.0,1614.0,2445.0,906.0,0.0,1629.0
1.0,15141.0,2629.0,3321.0,2172.0,1921.0,1921.0,2380.0,941.0,0.0,2629.0
1.0,14684.0,3004.0,3270.0,2572.0,2098.0,2098.0,2271.0,999.0,0.0,3004.0
1.0,14252.0,3532.0,3204.0,1614.0,3686.0,3686.0,2160.0,1044.0,1154.0,2378.0
1.0,12334.0,4252.0,3173.0,1921.0,5862.0,5862.0,2114.0,1059.0,3500.0,752.0
1.0,10003.0,5843.0,3236.0,2098.0,9922.0,9922.0,2177.0,1059.0,5843.0,0.0
1.0,6258.0,7039.0,3371.0,3686.0,13950.0,13950.0,2312.0,1059.0,7039.0,0.0
1.0,2905.0,5890.0,3471.0,5862.0,14478.0,14478.0,2425.0,1046.0,5890.0,0.0
1.0,2877.0,2407.0,3487.0,9922.0,7043.0,7043.0,2472.0,1015.0,2407.0,0.0
1.0,10392.0,0.0,3436.0,13950.0,0.0,0.0,2472.0,964.0,0.0,0.0
1.0,24342.0,678.0,3391.0,14478.0,0.0,0.0,2472.0,919.0,0.0,678.0
1.0,38142.0,1691.0,3356.0,7043.0,0.0,0.0,2450.0,906.0,0.0,1691.0
1.0,43494.0,2704.0,3327.0,0.0,0.0,0.0,2383.0,944.0,0.0,2704.0
1.0,40790.0,3041.0,3273.0,0.0,0.0,0.0,2270.0,1003.0,0.0,3041.0
1.0,37749.0,3644.0,3208.0,0.0,0.0,0.0,2160.0,1048.0,1277.0,2367.0
1.0,34105.0,4329.0,3178.0,0.0,0.0,0.0,2116.0,1062.0,3646.0,683.0
1.0,29776.0,6023.0,3248.0,0.0,0.0,0.0,2186.0,1062.0,6023.0,0.0
1.0,23753.0,7119.0,3385.0,0.0,291.0,291.0,2323.0,1062.0,7119.0,0.0
1.0,16634.0,5851.0,3484.0,0.0,6637.0,6637.0,2435.0,1049.0,5851.0,0.0
1.0,10783.0,2200.0,3494.0,0.0,8887.0,8887.0,2478.0,1016.0,2200.0,0.0
1.0,8583.0,0.0,3443.0,291.0,8341.0,8341.0,2478.0,965.0,0.0,0.0
1.0,8874.0,700.0,3398.0,6637.0,2179.0,2179.0,2478.0,920.0,0.0,700.0
1.0,14811.0,1717.0,3363.0,8887.0,0.0,0.0,2455.0,908.0,0.0,1717.0
1.0,21981.0,2734.0,3334.0,8341.0,0.0,0.0,2387.0,947.0,0.0,2734.0
1.0,27588.0,3056.0,3280.0,2179.0,0.0,0.0,2274.0,1006.0,0.0,3056.0
1.0,26711.0,3632.0,3214.0,0.0,0.0,0.0,2163.0,1051.0,1278.0,2354.0
1.0,23079.0,4278.0,3185.0,0.0,0.0,0.0,2121.0,1064.0,3644.0,634.0
1.0,18801.0,6016.0,3256.0,0.0,3495.0,3495.0,2192.0,1064.0,6016.0,0.0
1.0,12785.0,7105.0,3393.0,0.0,11285.0,11285.0,2329.0,1064.0,7105.0,0.0
1.0,5680.0,5826.0,3492.0,0.0,17460.0,17460.0,2441.0,1051.0,5826.0,0.0
1.0,0.0,2172.0,3501.0,3495.0,16328.0,16328.0,2482.0,1019.0,2172.0,0.0
1.0,1177.0,0.0,3450.0,11285.0,4788.0,4788.0,2482.0,968.0,0.0,0.0
1.0,12462.0,669.0,3406.0,17460.0,0.0,0.0,2482.0,924.0,0.0,669.0
1.0,29253.0,1677.0,3372.0,16328.0,0.0,0.0,2461.0,911.0,0.0,1677.0
1.0,43904.0,2690.0,3343.0,4788.0,0.0,0.0,2394.0,949.0,0.0,2690.0
1.0,46002.0,3027.0,3290.0,0.0,0.0,0.0,2283.0,1007.0,0.0,3027.0
1.0,42975.0,3544.0,3224.0,0.0,0.0,0.0,2172.0,1052.0,1190.0,2354.0
1.0,39431.0,4200.0,3192.0,0.0,0.0,0.0,2127.0,1065.0,3532.0,668.0
1.0,35231.0,5882.0,3259.0,0.0,0.0,0.0,2194.0,1065.0,5882.0,0.0
1.0,29349.0,7031.0,3394.0,0.0,0.0,0.0,2329.0,1065.0,7031.0,0.0
1.0,22318.0,5840.0,3495.0,0.0,997.0,997.0,2442.0,1053.0,5840.0,0.0
1.0,16478.0,2293.0,3508.0,0.0,3355.0,3355.0,2486.0,1022.0,2293.0,0.0
1.0,14185.0,0.0,3458.0,0.0,3105.0,3105.0,2486.0,972.0,0.0,0.0
1.0,14185.0,638.0,3413.0,997.0,2521.0,2521.0,2486.0,927.0,0.0,638.0
1.0,14544.0,1647.0,3378.0,3355.0,638.0,638.0,2465.0,913.0,0.0,1647.0
1.0,16252.0,2651.0,3350.0,3105.0,44.0,44.0,2400.0,950.0,0.0,2651.0
1.0,16706.0,3016.0,3298.0,2521.0,279.0,279.0,2290.0,1008.0,0.0,3016.0
1.0,16211.0,3556.0,3233.0,638.0,2872.0,2872.0,2179.0,1054.0,1183.0,2373.0
1.0,13293.0,4250.0,3202.0,44.0,6923.0,6923.0,2134.0,1068.0,3524.0,726.0
1.0,9087.0,5877.0,3267.0,279.0,12846.0,12846.0,2199.0,1068.0,5877.0,0.0
1.0,3489.0,7042.0,3402.0,2872.0,17010.0,17010.0,2334.0,1068.0,7042.0,0.0
1.0,0.0,5875.0,3503.0,6923.0,17148.0,17148.0,2447.0,1056.0,5875.0,0.0
1.0,367.0,2349.0,3516.0,12846.0,6716.0,6716.0,2492.0,1024.0,2349.0,0.0
1.0,10864.0,0.0,3466.0,17010.0,0.0,0.0,2492.0,974.0,0.0,0.0
1.0,27874.0,671.0,3421.0,17148.0,0.0,0.0,2492.0,929.0,0.0,671.0
1.0,44351.0,1684.0,3385.0,6716.0,0.0,0.0,2470.0,915.0,0.0,1684.0
1.0,49383.0,2697.0,3356.0,0.0,0.0,0.0,2403.0,953.0,0.0,2697.0
1.0,46686.0,3043.0,3302.0,0.0,0.0,0.0,2291.0,1011.0,0.0,3043.0
1.0,43643.0,3656.0,3237.0,0.0,0.0,0.0,2180.0,1057.0,1282.0,2374.0
1.0,39987.0,4362.0,3207.0,0.0,0.0,0.0,2137.0,1070.0,3662.0,700.0
1.0,35625.0,6042.0,3277.0,0.0,0.0,0.0,2207.0,1070.0,6042.0,0.0
1.0,29583.0,7144.0,3414.0,0.0,0.0,0.0,2344.0,1070.0,7144.0,0.0
1.0,22439.0,5866.0,3514.0,0.0,997.0,997.0,2457.0,1057.0,5866.0,0.0
1.0,16573.0,2212.0,3525.0,0.0,3264.0,3264.0,2500.0,1025.0,2212.0,0.0
1.0,14361.0,0.0,3473.0,0.0,3004.0,3004.0,2500.0,973.0,0.0,0.0
1.0,14361.0,723.0,3428.0,997.0,2505.0,2505.0,2500.0,928.0,0.0,723.0
1.0,14635.0,1749.0,3391.0,3264.0,805.0,805.0,2475.0,916.0,0.0,1749.0
1.0,16150.0,2775.0,3362.0,3004.0,431.0,431.0,2405.0,957.0,0.0,2775.0
1.0,16379.0,3078.0,3305.0,2505.0,719.0,719.0,2289.0,1016.0,0.0,3078.0
1.0,15806.0,3727.0,3240.0,805.0,3316.0,3316.0,2179.0,1061.0,1366.0,2361.0
1.0,12884.0,4386.0,3212.0,431.0,7131.0,7131.0,2139.0,1073.0,3771.0,615.0
1.0,8929.0,6175.0,3288.0,719.0,12967.0,12967.0,2215.0,1073.0,6175.0,0.0
1.0,3473.0,7207.0,3427.0,3316.0,17135.0,17135.0,2354.0,1073.0,7207.0,0.0
1.0,0.0,5834.0,3526.0,7131.0,16751.0,16751.0,2466.0,1060.0,5834.0,0.0
1.0,879.0,2061.0,3532.0,12967.0,5875.0,5875.0,2505.0,1027.0,2061.0,0.0
1.0,11785.0,0.0,3479.0,17135.0,0.0,0.0,2505.0,974.0,0.0,0.0
1.0,28920.0,729.0,3434.0,16751.0,0.0,0.0,2505.0,929.0,0.0,729.0
1.0,44942.0,1754.0,3399.0,5875.0,0.0,0.0,2481.0,918.0,0.0,1754.0
1.0,49063.0,2780.0,3370.0,0.0,0.0,0.0,2411.0,959.0,0.0,2780.0
1.0,46283.0,3080.0,3313.0,0.0,0.0,0.0,2295.0,1018.0,0.0,3080.0
1.0,43203.0,3667.0,3247.0,0.0,0.0,0.0,2184.0,1063.0,1318.0,2349.0
1.0,39536.0,4296.0,3218.0,0.0,0.0,0.0,2143.0,1075.0,3706.0,590.0
1.0,35240.0,6090.0,3293.0,0.0,0.0,0.0,2218.0,1075.0,6090.0,0.0
1.0,29150.0,7157.0,3431.0,0.0,0.0,0.0,2356.0,1075.0,7157.0,0.0
1.0,21993.0,5830.0,3530.0,0.0,1487.0,1487.0,2468.0,1062.0,5830.0,0.0
1.0,16163.0,2118.0,3539.0,0.0,3650.0,3650.0,2509.0,1030.0,2118.0,0.0
1.0,14045.0,0.0,3487.0,0.0,3390.0,3390.0,2509.0,978.0,0.0,0.0
1.0,14045.0,689.0,3442.0,1487.0,2367.0,2367.0,2509.0,933.0,0.0,689.0
1.0,14843.0,1704.0,3406.0,3650.0,241.0,241.0,2486.0,920.0,0.0,1704.0
1.0,16789.0,2719.0,3378.0,3390.0,0.0,0.0,2418.0,960.0,0.0,2719.0
1.0,17460.0,3049.0,3324.0,2367.0,0.0,0.0,2305.0,1019.0,0.0,3049.0
1.0,16778.0,3593.0,3257.0,241.0,2859.0,2859.0,2193.0,1064.0,1235.0,2358.0
1.0,13426.0,4255.0,3226.0,0.0,6959.0,6959.0,2150.0,1076.0,3603.0,652.0
1.0,9171.0,5964.0,3297.0,0.0,13278.0,13278.0,2221.0,1076.0,5964.0,0.0
1.0,3207.0,7095.0,3433.0,2859.0,17165.0,17165.0,2357.0,1076.0,7095.0,0.0
1.0,0.0,5856.0,3534.0,6959.0,17596.0,17596.0,2470.0,1064.0,5856.0,0.0
1.0,74.0,2266.0,3546.0,13278.0,6644.0,6644.0,2514.0,1032.0,2266.0,0.0
1.0,11086.0,0.0,3496.0,17165.0,0.0,0.0,2514.0,982.0,0.0,0.0
1.0,28251.0,676.0,3450.0,17596.0,0.0,0.0,2514.0,936.0,0.0,676.0
1.0,45171.0,1689.0,3414.0,6644.0,0.0,0.0,2491.0,923.0,0.0,1689.0
1.0,50126.0,2710.0,3385.0,0.0,0.0,0.0,2423.0,962.0,0.0,2710.0
1.0,47416.0,3050.0,3330.0,0.0,0.0,0.0,2310.0,1020.0,0.0,3050.0
1.0,44366.0,3639.0,3265.0,0.0,0.0,0.0,2199.0,1066.0,1262.0,2377.0
1.0,40727.0,4321.0,3235.0,0.0,0.0,0.0,2156.0,1079.0,3638.0,683.0
1.0,36406.0,6016.0,3305.0,0.0,0.0,0.0,2226.0,1079.0,6016.0,0.0
1.0,30390.0,7140.0,3443.0,0.0,0.0,0.0,2364.0,1079.0,7140.0,0.0
1.0,23250.0,5883.0,3543.0,0.0,348.0,348.0,2477.0,1066.0,5883.0,0.0
1.0,17367.0,2258.0,3554.0,0.0,2661.0,2661.0,2520.0,1034.0,2258.0,0.0
1.0,15109.0,0.0,3502.0,0.0,2401.0,2401.0,2520.0,982.0,0.0,0.0
1.0,15109.0,712.0,3457.0,348.0,2540.0,2540.0,2520.0,937.0,0.0,712.0
1.0,14745.0,1744.0,3421.0,2661.0,1443.0,1443.0,2496.0,925.0,0.0,1744.0
1.0,15662.0,2773.0,3390.0,2401.0,1660.0,1660.0,2425.0,965.0,0.0,2773.0
1.0,15290.0,3091.0,3333.0,2540.0,1926.0,1926.0,2309.0,1024.0,0.0,3091.0
1.0,14739.0,3761.0,3268.0,1443.0,3919.0,3919.0,2198.0,1070.0,1382.0,2379.0
1.0,12421.0,4432.0,3240.0,1660.0,6551.0,6551.0,2158.0,1082.0,3793.0,639.0
1.0,9649.0,6202.0,3317.0,1926.0,11212.0,11212.0,2235.0,1082.0,6202.0,0.0
1.0,5373.0,7239.0,3456.0,3919.0,15227.0,15227.0,2374.0,1082.0,7239.0,0.0
1.0,2053.0,5859.0,3555.0,6551.0,15030.0,15030.0,2487.0,1068.0,5859.0,0.0
1.0,2745.0,2084.0,3562.0,11212.0,5937.0,5937.0,2527.0,1035.0,2084.0,0.0
1.0,11873.0,0.0,3508.0,15227.0,0.0,0.0,2527.0,981.0,0.0,0.0
1.0,27100.0,754.0,3464.0,15030.0,0.0,0.0,2527.0,937.0,0.0,754.0
1.0,41376.0,1794.0,3427.0,5937.0,0.0,0.0,2501.0,926.0,0.0,1794.0
1.0,45519.0,2831.0,3396.0,0.0,0.0,0.0,2428.0,968.0,0.0,2831.0
1.0,42688.0,3114.0,3338.0,0.0,0.0,0.0,2310.0,1028.0,0.0,3114.0
1.0,39574.0,3804.0,3273.0,0.0,0.0,0.0,2199.0,1074.0,1446.0,2358.0
1.0,35770.0,4435.0,3246.0,0.0,0.0,0.0,2161.0,1085.0,3866.0,569.0
1.0,31335.0,6295.0,3327.0,0.0,0.0,0.0,2242.0,1085.0,6295.0,0.0
1.0,25040.0,7267.0,3467.0,0.0,0.0,0.0,2382.0,1085.0,7267.0,0.0
1.0,17773.0,5828.0,3565.0,0.0,5880.0,5880.0,2494.0,1071.0,5828.0,0.0
1.0,11945.0,1949.0,3569.0,0.0,7849.0,7849.0,2532.0,1037.0,1949.0,0.0
1.0,9996.0,0.0,3515.0,0.0,7579.0,7579.0,2532.0,983.0,0.0,0.0
1.0,9996.0,751.0,3471.0,5880.0,2230.0,2230.0,2532.0,939.0,0.0,751.0
1.0,15125.0,1783.0,3434.0,7849.0,0.0,0.0,2506.0,928.0,0.0,1783.0
1.0,21191.0,2817.0,3405.0,7579.0,0.0,0.0,2435.0,970.0,0.0,2817.0
1.0,25953.0,3096.0,3348.0,2230.0,0.0,0.0,2318.0,1030.0,0.0,3096.0
1.0,25087.0,3724.0,3282.0,0.0,0.0,0.0,2207.0,1075.0,1375.0,2349.0
1.0,21363.0,4343.0,3253.0,0.0,0.0,0.0,2167.0,1086.0,3780.0,563.0
1.0,17020.0,6187.0,3332.0,0.0,5827.0,5827.0,2246.0,1086.0,6187.0,0.0
1.0,10833.0,7212.0,3470.0,0.0,13729.0,13729.0,2384.0,1086.0,7212.0,0.0
1.0,3621.0,5833.0,3569.0,0.0,17845.0,17845.0,2496.0,1073.0,5833.0,0.0
1.0,0.0,2041.0,3576.0,5827.0,16306.0,16306.0,2536.0,1040.0,2041.0,0.0
1.0,1574.0,0.0,3524.0,13729.0,2317.0,2317.0,2536.0,988.0,0.0,0.0
1.0,15303.0,722.0,3479.0,17845.0,0.0,0.0,2536.0,943.0,0.0,722.0
1.0,32426.0,1746.0,3443.0,16306.0,0.0,0.0,2512.0,931.0,0.0,1746.0
1.0,46986.0,2776.0,3415.0,2317.0,0.0,0.0,2443.0,972.0,0.0,2776.0
1.0,46527.0,3077.0,3359.0,0.0,0.0,0.0,2328.0,1031.0,0.0,3077.0
1.0,43450.0,3659.0,3293.0,0.0,0.0,0.0,2217.0,1076.0,1305.0,2354.0
1.0,39791.0,4297.0,3263.0,0.0,0.0,0.0,2175.0,1088.0,3696.0,601.0
1.0,35494.0,6087.0,3337.0,0.0,0.0,0.0,2249.0,1088.0,6087.0,0.0
1.0,29407.0,7180.0,3475.0,0.0,0.0,0.0,2387.0,1088.0,7180.0,0.0
1.0,22227.0,5872.0,3575.0,0.0,1520.0,1520.0,2500.0,1075.0,5872.0,0.0
1.0,16355.0,2184.0,3585.0,0.0,3754.0,3754.0,2542.0,1043.0,2184.0,0.0
1.0,14171.0,0.0,3532.0,0.0,3489.0,3489.0,2542.0,990.0,0.0,0.0
1.0,14171.0,723.0,3488.0,1520.0,2472.0,2472.0,2542.0,946.0,0.0,723.0
1.0,14968.0,1756.0,3451.0,3754.0,289.0,289.0,2517.0,934.0,0.0,1756.0
1.0,16966.0,2784.0,3421.0,3489.0,0.0,0.0,2447.0,974.0,0.0,2784.0
1.0,17671.0,3089.0,3366.0,2472.0,0.0,0.0,2332.0,1034.0,0.0,3089.0
1.0,17054.0,3696.0,3299.0,289.0,2848.0,2848.0,2220.0,1079.0,1334.0,2362.0
1.0,13647.0,4357.0,3270.0,0.0,7060.0,7060.0,2179.0,1091.0,3747.0,610.0
1.0,9290.0,6160.0,3345.0,0.0,13595.0,13595.0,2254.0,1091.0,6160.0,0.0
1.0,3130.0,7246.0,3484.0,2848.0,17420.0,17420.0,2393.0,1091.0,7246.0,0.0
1.0,0.0,5915.0,3584.0,7060.0,17920.0,17920.0,2507.0,1077.0,5915.0,0.0
1.0,0.0,2182.0,3592.0,13595.0,6670.0,6670.0,2549.0,1043.0,2182.0,0.0
1.0,11290.0,0.0,3539.0,17420.0,0.0,0.0,2549.0,990.0,0.0,0.0
1.0,28710.0,780.0,3495.0,17920.0,0.0,0.0,2549.0,946.0,0.0,780.0
1.0,45850.0,1820.0,3457.0,6670.0,0.0,0.0,2522.0,935.0,0.0,1820.0
1.0,50700.0,2863.0,3427.0,0.0,0.0,0.0,2449.0,978.0,0.0,2863.0
1.0,47837.0,3127.0,3368.0,0.0,0.0,0.0,2330.0,1038.0,0.0,3127.0
1.0,44710.0,3783.0,3301.0,0.0,0.0,0.0,2218.0,1083.0,1431.0,2352.0
1.0,40927.0,4409.0,3273.0,0.0,0.0,0.0,2180.0,1093.0,3875.0,534.0
1.0,36518.0,6321.0,3355.0,0.0,0.0,0.0,2262.0,1093.0,6321.0,0.0
1.0,30197.0,7341.0,3496.0,0.0,0.0,0.0,2403.0,1093.0,7341.0,0.0
1.0,22856.0,5909.0,3596.0,0.0,1033.0,1033.0,2517.0,1079.0,5909.0,0.0
1.0,16947.0,2036.0,3600.0,0.0,3089.0,3089.0,2556.0,1044.0,2036.0,0.0
1.0,14911.0,0.0,3546.0,0.0,2819.0,2819.0,2556.0,990.0,0.0,0.0
1.0,14911.0,820.0,3502.0,1033.0,2386.0,2386.0,2556.0,946.0,0.0,820.0
1.0,15124.0,1870.0,3464.0,3089.0,977.0,977.0,2528.0,936.0,0.0,1870.0
1.0,16343.0,2919.0,3436.0,2819.0,937.0,937.0,2454.0,982.0,0.0,2919.0
1.0,16243.0,3146.0,3375.0,2386.0,1392.0,1392.0,2333.0,1042.0,0.0,3146.0
1.0,15483.0,3776.0,3308.0,977.0,3856.0,3856.0,2221.0,1087.0,1447.0,2329.0
1.0,12684.0,4346.0,3279.0,937.0,7120.0,7120.0,2183.0,1096.0,3889.0,457.0
1.0,9275.0,6336.0,3364.0,1392.0,12489.0,12489.0,2268.0,1096.0,6336.0,0.0
1.0,4331.0,7327.0,3505.0,3856.0,16665.0,16665.0,2409.0,1096.0,7327.0,0.0
1.0,860.0,5875.0,3603.0,7120.0,15910.0,15910.0,2522.0,1081.0,5875.0,0.0
1.0,2105.0,1983.0,3607.0,12489.0,5424.0,5424.0,2560.0,1047.0,1983.0,0.0
1.0,12611.0,0.0,3553.0,16665.0,0.0,0.0,2560.0,993.0,0.0,0.0
1.0,29276.0,798.0,3509.0,15910.0,0.0,0.0,2560.0,949.0,0.0,798.0
1.0,44388.0,1839.0,3472.0,5424.0,0.0,0.0,2533.0,939.0,0.0,1839.0
1.0,47973.0,2879.0,3444.0,0.0,0.0,0.0,2461.0,983.0,0.0,2879.0
1.0,45094.0,3126.0,3385.0,0.0,0.0,0.0,2342.0,1043.0,0.0,3126.0
1.0,41968.0,3712.0,3318.0,0.0,0.0,0.0,2230.0,1088.0,1385.0,2327.0
1.0,38256.0,4296.0,3289.0,0.0,0.0,0.0,2191.0,1098.0,3809.0,487.0
1.0,33960.0,6234.0,3369.0,0.0,0.0,0.0,2271.0,1098.0,6234.0,0.0
1.0,27726.0,7268.0,3509.0,0.0,0.0,0.0,2411.0,1098.0,7268.0,0.0
1.0,20458.0,5880.0,3608.0,0.0,3462.0,3462.0,2524.0,1084.0,5880.0,0.0
1.0,14578.0,2058.0,3614.0,0.0,5550.0,5550.0,2564.0,1050.0,2058.0,0.0
1.0,12520.0,0.0,3561.0,0.0,5285.0,5285.0,2564.0,997.0,0.0,0.0
1.0,12520.0,764.0,3516.0,3462.0,2362.0,2362.0,2564.0,952.0,0.0,764.0
1.0,15218.0,1798.0,3481.0,5550.0,0.0,0.0,2539.0,942.0,0.0,1798.0
1.0,18970.0,2836.0,3453.0,5285.0,0.0,0.0,2468.0,985.0,0.0,2836.0
1.0,21419.0,3106.0,3394.0,2362.0,0.0,0.0,2350.0,1044.0,0.0,3106.0
1.0,20675.0,3685.0,3327.0,0.0,0.0,0.0,2238.0,1089.0,1343.0,2342.0
1.0,16990.0,4305.0,3298.0,0.0,3805.0,3805.0,2198.0,1100.0,3764.0,541.0
1.0,12685.0,6182.0,3375.0,0.0,10372.0,10372.0,2275.0,1100.0,6182.0,0.0
1.0,6503.0,7253.0,3514.0,0.0,17570.0,17570.0,2414.0,1100.0,7253.0,0.0
1.0,0.0,5913.0,3614.0,3805.0,18070.0,18070.0,2528.0,1086.0,5913.0,0.0
1.0,0.0,2158.0,3621.0,10372.0,12749.0,12749.0,2569.0,1052.0,2158.0,0.0
1.0,5356.0,0.0,3567.0,17570.0,0.0,0.0,2569.0,998.0,0.0,0.0
1.0,22926.0,779.0,3523.0,18070.0,0.0,0.0,2569.0,954.0,0.0,779.0
1.0,40217.0,1824.0,3488.0,12749.0,0.0,0.0,2544.0,944.0,0.0,1824.0
1.0,51142.0,2865.0,3459.0,0.0,0.0,0.0,2472.0,987.0,0.0,2865.0
1.0,48277.0,3130.0,3400.0,0.0,0.0,0.0,2353.0,1047.0,0.0,3130.0
1.0,45147.0,3763.0,3333.0,0.0,0.0,0.0,2241.0,1092.0,1413.0,2350.0
1.0,41384.0,4392.0,3304.0,0.0,0.0,0.0,2201.0,1103.0,3860.0,532.0
1.0,36992.0,6301.0,3384.0,0.0,0.0,0.0,2281.0,1103.0,6301.0,0.0
1.0,30691.0,7335.0,3525.0,0.0,0.0,0.0,2422.0,1103.0,7335.0,0.0
1.0,23356.0,5931.0,3624.0,0.0,695.0,695.0,2536.0,1088.0,5931.0,0.0
1.0,17425.0,2082.0,3629.0,0.0,2802.0,2802.0,2576.0,1053.0,2082.0,0.0
1.0,15343.0,0.0,3574.0,0.0,2527.0,2527.0,2576.0,998.0,0.0,0.0
1.0,15343.0,826.0,3529.0,695.0,2433.0,2433.0,2576.0,953.0,0.0,826.0
1.0,15212.0,1886.0,3492.0,2802.0,1332.0,1332.0,2548.0,944.0,0.0,1886.0
1.0,16128.0,2942.0,3465.0,2527.0,1612.0,1612.0,2474.0,991.0,0.0,2942.0
1.0,15713.0,3173.0,3404.0,2433.0,2047.0,2047.0,2352.0,1052.0,0.0,3173.0
1.0,14973.0,3866.0,3337.0,1332.0,4246.0,4246.0,2240.0,1097.0,1521.0,2345.0
1.0,12439.0,4445.0,3309.0,1612.0,6939.0,6939.0,2203.0,1106.0,3986.0,459.0
1.0,9606.0,6463.0,3394.0,2047.0,11780.0,11780.0,2288.0,1106.0,6463.0,0.0
1.0,5190.0,7411.0,3537.0,4246.0,15660.0,15660.0,2431.0,1106.0,7411.0,0.0
1.0,2025.0,5900.0,3634.0,6939.0,15106.0,15106.0,2544.0,1090.0,5900.0,0.0
1.0,3064.0,1904.0,3635.0,11780.0,5235.0,5235.0,2581.0,1054.0,1904.0,0.0
1.0,12940.0,0.0,3579.0,15660.0,0.0,0.0,2581.0,998.0,0.0,0.0
1.0,28600.0,843.0,3535.0,15106.0,0.0,0.0,2581.0,954.0,0.0,843.0
1.0,42863.0,1903.0,3498.0,5235.0,0.0,0.0,2553.0,945.0,0.0,1903.0
1.0,46195.0,2961.0,3471.0,0.0,0.0,0.0,2478.0,993.0,0.0,2961.0
1.0,43234.0,3175.0,3412.0,0.0,0.0,0.0,2357.0,1055.0,0.0,3175.0
1.0,40059.0,3848.0,3344.0,0.0,0.0,0.0,2245.0,1099.0,1519.0,2329.0
1.0,36211.0,4421.0,3317.0,0.0,0.0,0.0,2209.0,1108.0,3991.0,430.0
1.0,31790.0,6450.0,3402.0,0.0,0.0,0.0,2294.0,1108.0,6450.0,0.0
1.0,25340.0,7393.0,3545.0,0.0,0.0,0.0,2437.0,1108.0,7393.0,0.0
1.0,17947.0,5860.0,3641.0,0.0,6118.0,6118.0,2549.0,1092.0,5860.0,0.0
1.0,12087.0,1867.0,3642.0,0.0,7990.0,7990.0,2585.0,1057.0,1867.0,0.0
1.0,10220.0,0.0,3587.0,0.0,7715.0,7715.0,2585.0,1002.0,0.0,0.0
1.0,10220.0,812.0,3542.0,6118.0,2184.0,2184.0,2585.0,957.0,0.0,812.0
1.0,15526.0,1862.0,3507.0,7990.0,0.0,0.0,2559.0,948.0,0.0,1862.0
1.0,21654.0,2909.0,3480.0,7715.0,0.0,0.0,2485.0,995.0,0.0,2909.0
1.0,26460.0,3144.0,3421.0,2184.0,0.0,0.0,2366.0,1055.0,0.0,3144.0
1.0,25500.0,3766.0,3353.0,0.0,0.0,0.0,2253.0,1100.0,1432.0,2334.0
1.0,21734.0,4339.0,3324.0,0.0,0.0,0.0,2215.0,1109.0,3869.0,470.0
1.0,17395.0,6313.0,3405.0,0.0,5943.0,5943.0,2296.0,1109.0,6313.0,0.0
1.0,11082.0,7320.0,3546.0,0.0,13968.0,13968.0,2437.0,1109.0,7320.0,0.0
1.0,3762.0,5890.0,3644.0,0.0,18220.0,18220.0,2550.0,1094.0,5890.0,0.0
1.0,0.0,2012.0,3649.0,5943.0,16442.0,16442.0,2589.0,1060.0,2012.0,0.0
1.0,1803.0,0.0,3594.0,13968.0,2199.0,2199.0,2589.0,1005.0,0.0,0.0
1.0,15771.0,792.0,3550.0,18220.0,0.0,0.0,2589.0,961.0,0.0,792.0
1.0,33199.0,1835.0,3514.0,16442.0,0.0,0.0,2563.0,951.0,0.0,1835.0
1.0,47806.0,2879.0,3487.0,2199.0,0.0,0.0,2491.0,996.0,0.0,2879.0
1.0,47126.0,3130.0,3428.0,0.0,0.0,0.0,2372.0,1056.0,0.0,3130.0
1.0,43996.0,3766.0,3361.0,0.0,0.0,0.0,2260.0,1101.0,1420.0,2346.0
1.0,40230.0,4376.0,3331.0,0.0,0.0,0.0,2220.0,1111.0,3862.0,514.0
1.0,35854.0,6314.0,3411.0,0.0,0.0,0.0,2300.0,1111.0,6314.0,0.0
1.0,29540.0,7339.0,3553.0,0.0,0.0,0.0,2442.0,1111.0,7339.0,0.0
1.0,22201.0,5928.0,3652.0,0.0,1987.0,1987.0,2556.0,1096.0,5928.0,0.0
1.0,16273.0,2066.0,3656.0,0.0,4073.0,4073.0,2595.0,1061.0,2066.0,0.0
1.0,14207.0,0.0,3601.0,0.0,3798.0,3798.0,2595.0,1006.0,0.0,0.0
1.0,14207.0,833.0,3557.0,1987.0,2424.0,2424.0,2595.0,962.0,0.0,833.0
1.0,15361.0,1889.0,3521.0,4073.0,60.0,60.0,2568.0,953.0,0.0,1889.0
1.0,17545.0,2945.0,3493.0,3798.0,0.0,0.0,2494.0,999.0,0.0,2945.0
1.0,18398.0,3176.0,3433.0,2424.0,0.0,0.0,2373.0,1060.0,0.0,3176.0
1.0,17646.0,3890.0,3367.0,60.0,3019.0,3019.0,2261.0,1106.0,1540.0,2350.0
1.0,13816.0,4487.0,3339.0,0.0,7366.0,7366.0,2224.0,1115.0,4021.0,466.0
1.0,9329.0,6500.0,3424.0,0.0,14291.0,14291.0,2309.0,1115.0,6500.0,0.0
1.0,2829.0,7448.0,3568.0,3019.0,17840.0,17840.0,2453.0,1115.0,7448.0,0.0
1.0,0.0,5916.0,3665.0,7366.0,18325.0,18325.0,2566.0,1099.0,5916.0,0.0
1.0,0.0,1909.0,3665.0,14291.0,6093.0,6093.0,2603.0,1062.0,1909.0,0.0
1.0,12232.0,0.0,3609.0,17840.0,0.0,0.0,2603.0,1006.0,0.0,0.0
1.0,30072.0,871.0,3565.0,18325.0,0.0,0.0,2603.0,962.0,0.0,871.0
1.0,47526.0,1945.0,3528.0,6093.0,0.0,0.0,2574.0,954.0,0.0,1945.0
1.0,51674.0,3014.0,3500.0,0.0,0.0,0.0,2497.0,1003.0,0.0,3014.0
1.0,48660.0,3212.0,3438.0,0.0,0.0,0.0,2373.0,1065.0,0.0,3212.0
1.0,45448.0,3939.0,3371.0,0.0,0.0,0.0,2261.0,1110.0,1603.0,2336.0
1.0,41509.0,4488.0,3344.0,0.0,0.0,0.0,2227.0,1117.0,4097.0,391.0
1.0,37021.0,6599.0,3434.0,0.0,0.0,0.0,2317.0,1117.0,6599.0,0.0
1.0,30422.0,7486.0,3578.0,0.0,0.0,0.0,2461.0,1117.0,7486.0,0.0
1.0,22936.0,5889.0,3675.0,0.0,1328.0,1328.0,2574.0,1101.0,5889.0,0.0
1.0,17047.0,1783.0,3672.0,0.0,3096.0,3096.0,2608.0,1064.0,1783.0,0.0
1.0,15264.0,0.0,3615.0,0.0,2811.0,2811.0,2608.0,1007.0,0.0,0.0
1.0,15264.0,871.0,3571.0,1328.0,2134.0,2134.0,2608.0,963.0,0.0,871.0
1.0,15721.0,1937.0,3535.0,3096.0,795.0,795.0,2579.0,956.0,0.0,1937.0
1.0,16880.0,3002.0,3507.0,2811.0,846.0,846.0,2502.0,1005.0,0.0,3002.0
1.0,16689.0,3195.0,3445.0,2134.0,1597.0,1597.0,2378.0,1067.0,0.0,3195.0
1.0,15628.0,3882.0,3377.0,795.0,4344.0,4344.0,2266.0,1111.0,1560.0,2322.0
1.0,12541.0,4425.0,3350.0,846.0,7788.0,7788.0,2231.0,1119.0,4038.0,387.0
1.0,8962.0,6520.0,3440.0,1597.0,13161.0,13161.0,2321.0,1119.0,6520.0,0.0
1.0,4039.0,7437.0,3583.0,4344.0,16969.0,16969.0,2464.0,1119.0,7437.0,0.0
1.0,946.0,5876.0,3680.0,7788.0,15542.0,15542.0,2577.0,1103.0,5876.0,0.0
1.0,2858.0,1831.0,3679.0,13161.0,4207.0,4207.0,2612.0,1067.0,1831.0,0.0
1.0,14188.0,0.0,3623.0,16969.0,0.0,0.0,2612.0,1011.0,0.0,0.0
1.0,31157.0,848.0,3579.0,15542.0,0.0,0.0,2612.0,967.0,0.0,848.0
1.0,45851.0,1904.0,3543.0,4207.0,0.0,0.0,2584.0,959.0,0.0,1904.0
1.0,48154.0,2957.0,3517.0,0.0,0.0,0.0,2510.0,1007.0,0.0,2957.0
1.0,45197.0,3167.0,3457.0,0.0,0.0,0.0,2389.0,1068.0,0.0,3167.0
1.0,42030.0,3806.0,3388.0,0.0,0.0,0.0,2276.0,1112.0,1484.0,2322.0
1.0,38224.0,4366.0,3359.0,0.0,0.0,0.0,2239.0,1120.0,3946.0,420.0
1.0,33858.0,6414.0,3444.0,0.0,0.0,0.0,2324.0,1120.0,6414.0,0.0
1.0,27444.0,7392.0,3586.0,0.0,0.0,0.0,2466.0,1120.0,7392.0,0.0
1.0,20052.0,5916.0,3685.0,0.0,4289.0,4289.0,2580.0,1105.0,5916.0,0.0
1.0,14136.0,1961.0,3687.0,0.0,6260.0,6260.0,2617.0,1070.0,1961.0,0.0
1.0,12175.0,0.0,3631.0,0.0,5980.0,5980.0,2617.0,1014.0,0.0,0.0
1.0,12175.0,850.0,3588.0,4289.0,2326.0,2326.0,2617.0,971.0,0.0,850.0
1.0,15614.0,1907.0,3552.0,6260.0,0.0,0.0,2590.0,962.0,0.0,1907.0
1.0,19967.0,2970.0,3525.0,5980.0,0.0,0.0,2516.0,1009.0,0.0,2970.0
1.0,22977.0,3180.0,3465.0,2326.0,0.0,0.0,2394.0,1071.0,0.0,3180.0
1.0,22123.0,3854.0,3397.0,0.0,0.0,0.0,2282.0,1115.0,1521.0,2333.0
1.0,18269.0,4424.0,3369.0,0.0,3000.0,3000.0,2245.0,1124.0,3999.0,425.0
1.0,13845.0,6481.0,3454.0,0.0,9906.0,9906.0,2330.0,1124.0,6481.0,0.0
1.0,7364.0,7440.0,3597.0,0.0,17985.0,17985.0,2473.0,1124.0,7440.0,0.0
1.0,0.0,5927.0,3695.0,3000.0,18475.0,18475.0,2587.0,1108.0,5927.0,0.0
1.0,0.0,1931.0,3695.0,9906.0,13503.0,13503.0,2624.0,1071.0,1931.0,0.0
1.0,4972.0,0.0,3639.0,17985.0,0.0,0.0,2624.0,1015.0,0.0,0.0
1.0,22957.0,881.0,3594.0,18475.0,0.0,0.0,2624.0,970.0,0.0,881.0
1.0,40551.0,1956.0,3558.0,13503.0,0.0,0.0,2595.0,963.0,0.0,1956.0
1.0,52098.0,3028.0,3529.0,0.0,0.0,0.0,2517.0,1012.0,0.0,3028.0
1.0,49070.0,3218.0,3466.0,0.0,0.0,0.0,2392.0,1074.0,0.0,3218.0
1.0,45852.0,3966.0,3399.0,0.0,0.0,0.0,2280.0,1119.0,1629.0,2337.0
1.0,41886.0,4526.0,3372.0,0.0,0.0,0.0,2246.0,1126.0,4142.0,384.0
1.0,37360.0,6656.0,3464.0,0.0,0.0,0.0,2338.0,1126.0,6656.0,0.0
1.0,30704.0,7545.0,3609.0,0.0,0.0,0.0,2483.0,1126.0,7545.0,0.0
1.0,23159.0,5915.0,3706.0,0.0,1286.0,1286.0,2596.0,1110.0,5915.0,0.0
1.0,17244.0,1781.0,3703.0,0.0,3052.0,3052.0,2631.0,1072.0,1781.0,0.0
1.0,15463.0,0.0,3645.0,0.0,2762.0,2762.0,2631.0,1014.0,0.0,0.0
1.0,15463.0,917.0,3601.0,1286.0,2173.0,2173.0,2631.0,970.0,0.0,917.0
1.0,15832.0,2001.0,3564.0,3052.0,937.0,937.0,2600.0,964.0,0.0,2001.0
1.0,16883.0,3081.0,3536.0,2762.0,1116.0,1116.0,2521.0,1015.0,0.0,3081.0
1.0,16564.0,3246.0,3472.0,2173.0,1869.0,1869.0,2394.0,1078.0,0.0,3246.0
1.0,15491.0,3984.0,3404.0,937.0,4576.0,4576.0,2282.0,1122.0,1661.0,2323.0
1.0,12444.0,4501.0,3378.0,1116.0,7831.0,7831.0,2249.0,1129.0,4176.0,325.0
1.0,9059.0,6694.0,3473.0,1869.0,13131.0,13131.0,2344.0,1129.0,6694.0,0.0
1.0,4234.0,7552.0,3618.0,4576.0,16832.0,16832.0,2489.0,1129.0,7552.0,0.0
1.0,1258.0,5887.0,3714.0,7831.0,15368.0,15368.0,2602.0,1112.0,5887.0,0.0
1.0,3202.0,1708.0,3710.0,13131.0,3925.0,3925.0,2635.0,1075.0,1708.0,0.0
1.0,14625.0,0.0,3652.0,16832.0,0.0,0.0,2635.0,1017.0,0.0,0.0
1.0,31457.0,898.0,3608.0,15368.0,0.0,0.0,2635.0,973.0,0.0,898.0
1.0,45927.0,1974.0,3571.0,3925.0,0.0,0.0,2605.0,966.0,0.0,1974.0
1.0,47878.0,3047.0,3544.0,0.0,0.0,0.0,2527.0,1017.0,0.0,3047.0
1.0,44831.0,3220.0,3481.0,0.0,0.0,0.0,2402.0,1079.0,0.0,3220.0
1.0,41611.0,3924.0,3414.0,0.0,0.0,0.0,2290.0,1124.0,1603.0,2321.0
1.0,37687.0,4451.0,3386.0,0.0,0.0,0.0,2256.0,1130.0,4106.0,345.0
1.0,33236.0,6604.0,3478.0,0.0,0.0,0.0,2348.0,1130.0,6604.0,0.0
1.0,26632.0,7496.0,3622.0,0.0,0.0,0.0,2492.0,1130.0,7496.0,0.0
1.0,19136.0,5879.0,3719.0,0.0,5338.0,5338.0,2605.0,1114.0,5879.0,0.0
1.0,13257.0,1771.0,3717.0,0.0,7099.0,7099.0,2639.0,1078.0,1771.0,0.0
1.0,11486.0,0.0,3660.0,0.0,6814.0,6814.0,2639.0,1021.0,0.0,0.0
1.0,11486.0,871.0,3616.0,5338.0,2127.0,2127.0,2639.0,977.0,0.0,871.0
1.0,15953.0,1936.0,3579.0,7099.0,0.0,0.0,2610.0,969.0,0.0,1936.0
1.0,21116.0,3001.0,3553.0,6814.0,0.0,0.0,2534.0,1019.0,0.0,3001.0
1.0,24929.0,3199.0,3491.0,2127.0,0.0,0.0,2411.0,1080.0,0.0,3199.0
1.0,23857.0,3890.0,3424.0,0.0,0.0,0.0,2299.0,1125.0,1561.0,2329.0
1.0,19967.0,4444.0,3396.0,0.0,1457.0,1457.0,2263.0,1133.0,4049.0,395.0
1.0,15523.0,6539.0,3484.0,0.0,8436.0,8436.0,2351.0,1133.0,6539.0,0.0
1.0,8984.0,7462.0,3628.0,0.0,16618.0,16618.0,2495.0,1133.0,7462.0,0.0
1.0,1522.0,5899.0,3724.0,1457.0,18620.0,18620.0,2608.0,1116.0,5899.0,0.0
1.0,0.0,1856.0,3724.0,8436.0,14960.0,14960.0,2644.0,1080.0,1856.0,0.0
1.0,3660.0,0.0,3667.0,16618.0,0.0,0.0,2644.0,1023.0,0.0,0.0
1.0,20278.0,875.0,3622.0,18620.0,0.0,0.0,2644.0,978.0,0.0,875.0
1.0,38023.0,1945.0,3585.0,14960.0,0.0,0.0,2614.0,971.0,0.0,1945.0
1.0,51038.0,3017.0,3559.0,0.0,0.0,0.0,2538.0,1021.0,0.0,3017.0
1.0,48021.0,3219.0,3495.0,0.0,0.0,0.0,2413.0,1082.0,0.0,3219.0
1.0,44802.0,3989.0,3429.0,0.0,0.0,0.0,2301.0,1128.0,1641.0,2348.0
1.0,40813.0,4551.0,3402.0,0.0,0.0,0.0,2267.0,1135.0,4146.0,405.0
1.0,36262.0,6664.0,3493.0,0.0,0.0,0.0,2358.0,1135.0,6664.0,0.0
1.0,29598.0,7538.0,3638.0,0.0,0.0,0.0,2503.0,1135.0,7538.0,0.0
1.0,22060.0,5906.0,3735.0,0.0,2521.0,2521.0,2617.0,1118.0,5906.0,0.0
1.0,16154.0,1765.0,3732.0,0.0,4271.0,4271.0,2651.0,1081.0,1765.0,0.0
1.0,14389.0,0.0,3674.0,0.0,3981.0,3981.0,2651.0,1023.0,0.0,0.0
1.0,14389.0,916.0,3629.0,2521.0,2151.0,2151.0,2651.0,978.0,0.0,916.0
1.0,15994.0,2001.0,3591.0,4271.0,0.0,0.0,2619.0,972.0,0.0,2001.0
1.0,18264.0,3094.0,3564.0,3981.0,0.0,0.0,2540.0,1024.0,0.0,3094.0
1.0,19151.0,3264.0,3499.0,2151.0,0.0,0.0,2412.0,1087.0,0.0,3264.0
1.0,18038.0,4115.0,3432.0,0.0,3237.0,3237.0,2300.0,1132.0,1765.0,2350.0
1.0,13923.0,4651.0,3409.0,0.0,7773.0,7773.0,2270.0,1139.0,4306.0,345.0
1.0,9272.0,6850.0,3506.0,0.0,15108.0,15108.0,2367.0,1139.0,6850.0,0.0
1.0,2422.0,7627.0,3653.0,3237.0,18265.0,18265.0,2514.0,1139.0,7627.0,0.0
1.0,0.0,5870.0,3748.0,7773.0,18740.0,18740.0,2627.0,1121.0,5870.0,0.0
1.0,0.0,1565.0,3739.0,15108.0,5217.0,5217.0,2657.0,1082.0,1565.0,0.0
1.0,13478.0,0.0,3680.0,18265.0,0.0,0.0,2657.0,1023.0,0.0,0.0
1.0,31743.0,938.0,3636.0,18740.0,0.0,0.0,2657.0,979.0,0.0,938.0
1.0,49545.0,2028.0,3598.0,5217.0,0.0,0.0,2625.0,973.0,0.0,2028.0
1.0,52734.0,3117.0,3571.0,0.0,0.0,0.0,2544.0,1027.0,0.0,3117.0
1.0,49617.0,3267.0,3506.0,0.0,0.0,0.0,2416.0,1090.0,0.0,3267.0
1.0,46350.0,4095.0,3438.0,0.0,0.0,0.0,2304.0,1134.0,1769.0,2326.0
1.0,42255.0,4610.0,3414.0,0.0,0.0,0.0,2274.0,1140.0,4309.0,301.0
1.0,37645.0,6851.0,3513.0,0.0,0.0,0.0,2373.0,1140.0,6851.0,0.0
1.0,30794.0,7620.0,3660.0,0.0,0.0,0.0,2520.0,1140.0,7620.0,0.0
1.0,23174.0,5840.0,3755.0,0.0,1441.0,1441.0,2632.0,1123.0,5840.0,0.0
1.0,17334.0,1524.0,3746.0,0.0,2920.0,2920.0,2661.0,1085.0,1524.0,0.0
1.0,15810.0,0.0,3687.0,0.0,2625.0,2625.0,2661.0,1026.0,0.0,0.0
1.0,15810.0,927.0,3643.0,1441.0,1891.0,1891.0,2661.0,982.0,0.0,927.0
1.0,16324.0,2008.0,3606.0,2920.0,794.0,794.0,2630.0,976.0,0.0,2008.0
1.0,17236.0,3090.0,3580.0,2625.0,1129.0,1129.0,2551.0,1029.0,0.0,3090.0
1.0,16771.0,3244.0,3515.0,1891.0,2157.0,2157.0,2424.0,1091.0,0.0,3244.0
1.0,15418.0,4029.0,3449.0,794.0,5062.0,5062.0,2313.0,1136.0,1708.0,2321.0
1.0,12183.0,4535.0,3423.0,1129.0,8338.0,8338.0,2281.0,1142.0,4225.0,310.0
1.0,8777.0,6741.0,3519.0,2157.0,13402.0,13402.0,2377.0,1142.0,6741.0,0.0
1.0,4193.0,7541.0,3664.0,5062.0,16606.0,16606.0,2522.0,1142.0,7541.0,0.0
1.0,1714.0,5827.0,3759.0,8338.0,14570.0,14570.0,2634.0,1125.0,5827.0,0.0
1.0,4225.0,1598.0,3753.0,13402.0,2736.0,2736.0,2665.0,1088.0,1598.0,0.0
1.0,16029.0,0.0,3695.0,16606.0,0.0,0.0,2665.0,1030.0,0.0,0.0
1.0,32635.0,893.0,3651.0,14570.0,0.0,0.0,2665.0,986.0,0.0,893.0
1.0,46312.0,1967.0,3614.0,2736.0,0.0,0.0,2635.0,979.0,0.0,1967.0
1.0,47081.0,3043.0,3587.0,0.0,0.0,0.0,2557.0,1030.0,0.0,3043.0
1.0,44038.0,3231.0,3523.0,0.0,0.0,0.0,2431.0,1092.0,0.0,3231.0
1.0,40807.0,4047.0,3457.0,0.0,0.0,0.0,2320.0,1137.0,1707.0,2340.0
1.0,36760.0,4591.0,3432.0,0.0,0.0,0.0,2288.0,1144.0,4218.0,373.0
1.0,32169.0,6732.0,3526.0,0.0,0.0,0.0,2382.0,1144.0,6732.0,0.0
1.0,25437.0,7545.0,3671.0,0.0,463.0,463.0,2527.0,1144.0,7545.0,0.0
1.0,17892.0,5845.0,3766.0,0.0,6783.0,6783.0,2639.0,1127.0,5845.0,0.0
1.0,12047.0,1639.0,3761.0,0.0,8397.0,8397.0,2671.0,1090.0,1639.0,0.0
1.0,10408.0,0.0,3703.0,463.0,7644.0,7644.0,2671.0,1032.0,0.0,0.0
1.0,10871.0,910.0,3659.0,6783.0,1551.0,1551.0,2671.0,988.0,0.0,910.0
1.0,16744.0,1995.0,3620.0,8397.0,0.0,0.0,2639.0,981.0,0.0,1995.0
1.0,23146.0,3087.0,3592.0,7644.0,0.0,0.0,2560.0,1032.0,0.0,3087.0
1.0,27703.0,3262.0,3526.0,1551.0,0.0,0.0,2431.0,1095.0,0.0,3262.0
1.0,25992.0,4154.0,3461.0,0.0,0.0,0.0,2321.0,1140.0,1801.0,2353.0
1.0,21838.0,4694.0,3438.0,0.0,46.0,46.0,2291.0,1147.0,4340.0,354.0
1.0,17144.0,6883.0,3536.0,0.0,7419.0,7419.0,2389.0,1147.0,6883.0,0.0
1.0,10261.0,7640.0,3683.0,0.0,15794.0,15794.0,2536.0,1147.0,7640.0,0.0
1.0,2621.0,5860.0,3779.0,46.0,18895.0,18895.0,2649.0,1130.0,5860.0,0.0
1.0,0.0,1531.0,3769.0,7419.0,16150.0,16150.0,2678.0,1091.0,1531.0,0.0
1.0,2695.0,0.0,3710.0,15794.0,61.0,61.0,2678.0,1032.0,0.0,0.0
1.0,18489.0,956.0,3665.0,18895.0,0.0,0.0,2678.0,987.0,0.0,956.0
1.0,36428.0,2053.0,3626.0,16150.0,0.0,0.0,2644.0,982.0,0.0,2053.0
1.0,50525.0,3157.0,3598.0,61.0,0.0,0.0,2562.0,1036.0,0.0,3157.0
1.0,47429.0,3299.0,3529.0,0.0,0.0,0.0,2430.0,1099.0,0.0,3299.0
1.0,44130.0,4227.0,3463.0,0.0,0.0,0.0,2319.0,1144.0,1881.0,2346.0
1.0,39903.0,4737.0,3442.0,0.0,0.0,0.0,2292.0,1150.0,4448.0,289.0
1.0,35166.0,7011.0,3547.0,0.0,0.0,0.0,2397.0,1150.0,7011.0,0.0
1.0,28155.0,7704.0,3695.0,0.0,0.0,0.0,2545.0,1150.0,7704.0,0.0
1.0,20451.0,5825.0,3789.0,0.0,4319.0,4319.0,2657.0,1132.0,5825.0,0.0
1.0,14626.0,1389.0,3777.0,0.0,5648.0,5648.0,2684.0,1093.0,1389.0,0.0
1.0,13237.0,0.0,3717.0,0.0,5348.0,5348.0,2684.0,1033.0,0.0,0.0
1.0,13237.0,960.0,3672.0,4319.0,1764.0,1764.0,2684.0,988.0,0.0,960.0
1.0,16596.0,2063.0,3633.0,5648.0,0.0,0.0,2650.0,983.0,0.0,2063.0
1.0,20181.0,3162.0,3605.0,5348.0,0.0,0.0,2567.0,1038.0,0.0,3162.0
1.0,22367.0,3298.0,3537.0,1764.0,0.0,0.0,2435.0,1102.0,0.0,3298.0
1.0,20833.0,4177.0,3471.0,0.0,699.0,699.0,2324.0,1147.0,1846.0,2331.0
1.0,16656.0,4674.0,3448.0,0.0,5258.0,5258.0,2296.0,1152.0,4409.0,265.0
1.0,11982.0,6968.0,3553.0,0.0,12751.0,12751.0,2401.0,1152.0,6968.0,0.0
1.0,5014.0,7681.0,3701.0,699.0,18505.0,18505.0,2549.0,1152.0,7681.0,0.0
1.0,0.0,5822.0,3795.0,5258.0,18975.0,18975.0,2661.0,1134.0,5822.0,0.0
1.0,0.0,1409.0,3783.0,12751.0,10105.0,10105.0,2688.0,1095.0,1409.0,0.0
1.0,8810.0,0.0,3724.0,18505.0,0.0,0.0,2688.0,1036.0,0.0,0.0
1.0,27315.0,936.0,3679.0,18975.0,0.0,0.0,2688.0,991.0,0.0,936.0
1.0,45354.0,2029.0,3641.0,10105.0,0.0,0.0,2655.0,986.0,0.0,2029.0
1.0,53430.0,3117.0,3614.0,0.0,0.0,0.0,2574.0,1040.0,0.0,3117.0
1.0,50313.0,3270.0,3547.0,0.0,0.0,0.0,2444.0,1103.0,0.0,3270.0
1.0,47043.0,4083.0,3480.0,0.0,0.0,0.0,2333.0,1147.0,1755.0,2328.0
1.0,42960.0,4594.0,3456.0,0.0,0.0,0.0,2303.0,1153.0,4291.0,303.0
1.0,38366.0,6831.0,3557.0,0.0,0.0,0.0,2404.0,1153.0,6831.0,0.0
1.0,31535.0,7608.0,3703.0,0.0,0.0,0.0,2550.0,1153.0,7608.0,0.0
1.0,23927.0,5849.0,3799.0,0.0,917.0,917.0,2663.0,1136.0,5849.0,0.0
1.0,18078.0,1555.0,3791.0,0.0,2432.0,2432.0,2693.0,1098.0,1555.0,0.0
1.0,16523.0,0.0,3733.0,0.0,2142.0,2142.0,2693.0,1040.0,0.0,0.0
1.0,16523.0,919.0,3688.0,917.0,1919.0,1919.0,2693.0,995.0,0.0,919.0
1.0,16521.0,2004.0,3649.0,2432.0,1296.0,1296.0,2660.0,989.0,0.0,2004.0
1.0,16949.0,3089.0,3620.0,2142.0,2098.0,2098.0,2579.0,1041.0,0.0,3089.0
1.0,16002.0,3258.0,3553.0,1919.0,3102.0,3102.0,2449.0,1104.0,0.0,3258.0
1.0,14663.0,4100.0,3487.0,1296.0,5576.0,5576.0,2338.0,1149.0,1758.0,2342.0
1.0,11859.0,4647.0,3463.0,2098.0,8005.0,8005.0,2308.0,1155.0,4301.0,346.0
1.0,9310.0,6841.0,3563.0,3102.0,12244.0,12244.0,2408.0,1155.0,6841.0,0.0
1.0,5571.0,7631.0,3710.0,5576.0,15034.0,15034.0,2555.0,1155.0,7631.0,0.0
1.0,3516.0,5881.0,3806.0,8005.0,13390.0,13390.0,2668.0,1138.0,5881.0,0.0
1.0,5640.0,1599.0,3799.0,12244.0,2710.0,2710.0,2699.0,1100.0,1599.0,0.0
1.0,16285.0,0.0,3739.0,15034.0,0.0,0.0,2699.0,1040.0,0.0,0.0
1.0,31319.0,963.0,3695.0,13390.0,0.0,0.0,2699.0,996.0,0.0,963.0
1.0,43746.0,2060.0,3654.0,2710.0,0.0,0.0,2664.0,990.0,0.0,2060.0
1.0,44396.0,3159.0,3625.0,0.0,0.0,0.0,2581.0,1044.0,0.0,3159.0
1.0,41237.0,3297.0,3557.0,0.0,0.0,0.0,2449.0,1108.0,0.0,3297.0
1.0,37940.0,4216.0,3491.0,0.0,0.0,0.0,2338.0,1153.0,1872.0,2344.0
1.0,33724.0,4745.0,3469.0,0.0,0.0,0.0,2311.0,1158.0,4455.0,290.0
1.0,28979.0,7032.0,3574.0,0.0,0.0,0.0,2416.0,1158.0,7032.0,0.0
1.0,21947.0,7747.0,3723.0,0.0,4415.0,4415.0,2565.0,1158.0,7747.0,0.0
1.0,14200.0,5873.0,3818.0,0.0,10763.0,10763.0,2678.0,1140.0,5873.0,0.0
1.0,8327.0,1431.0,-11.595896757589571,0.0,0.0,0.0,-35.721586564105564,24.125689806515993,1431.0,0.0
1.0,6896.0,0.0,997.9778071648783,4415.0,0.0,0.0,1.7391828817467285,996.2386242831316,0.0,0.0
1.0,11311.0,1007.0,2063.077551280145,10763.0,0.0,0.0,-22.326204113041968,2085.403755393187,0.0,1007.0
1.0,21067.0,2118.0,3171.6989572275056,0.0,0.0,0.0,16.468879509362978,3155.2300777181426,0.0,2118.0
1.0,18949.0,3228.0,3276.6726432325,0.0,663.0,663.0,25.87484603684834,3250.7977971956516,0.0,3228.0
1.0,15721.0,3336.0,4028.461793966545,0.0,7757.0,7757.0,1809.567480924968,2218.894313041577,0.0,3336.0
1.0,12385.0,4257.0,4714.268386152847,0.0,15443.0,15443.0,4414.440391846223,299.82799430662396,1929.0,2328.0
1.0,8128.0,4741.0,6905.568369791212,663.0,30478.0,30478.0,6919.203707446079,-13.635337654867044,4529.0,212.0
1.0,4050.0,7124.0,7575.508747866654,7757.0,33195.0,33195.0,7651.1009981494935,-75.5922502828397,7124.0,0.0
1.0,4683.0,7788.0,5813.499424524702,15443.0,16729.0,16729.0,5836.773904407466,-23.27447988276481,7788.0,0.0
1.0,12338.0,5850.0,1553.29990615292,30478.0,0.0,0.0,1573.9455473075955,-20.64564115467556,5850.0,0.0
1.0,36966.0,1319.0,-18.592875901090338,33195.0,0.0,0.0,-32.966978749379905,14.374102848289567,1319.0,0.0
1.0,68842.0,0.0,1017.5732228513476,16729.0,0.0,0.0,6.779787123628012,1010.7934357277196,0.0,0.0
1.0,85571.0,998.0,2083.6918807440707,0.0,0.0,0.0,-17.581163987873424,2101.273044731944,0.0,998.0
1.0,84573.0,2105.0,3168.4193499695275,0.0,0.0,0.0,7.821491269852231,3160.5978586996753,0.0,2105.0
1.0,82468.0,3217.0,3271.4914645788376,0.0,0.0,0.0,19.50754605172324,3251.9839185271144,0.0,3217.0
1.0,79251.0,3325.0,4025.5505055869608,0.0,0.0,0.0,1811.974206198324,2213.5762993886365,0.0,3325.0
1.0,75926.0,4198.0,4705.686304391874,0.0,0.0,0.0,4419.278096996935,286.40820739493813,1874.0,2324.0
1.0,71728.0,4655.0,6916.788225517369,0.0,0.0,0.0,6930.604304196238,-13.81607867886953,4446.0,209.0
1.0,67073.0,7021.0,7577.308561686688,0.0,0.0,0.0,7652.256512360649,-74.94795067396046,7021.0,0.0
1.0,60052.0,7716.0,5809.271632982796,0.0,0.0,0.0,5840.452830304177,-31.181197321380523,7716.0,0.0
1.0,52336.0,5839.0,1565.0349151742905,0.0,0.0,0.0,1585.766712672014,-20.73179749772339,5839.0,0.0
1.0,46497.0,1389.0,12.90369903599651,0.0,0.0,0.0,-5.971604495546217,18.875303531542727,1389.0,0.0
1.0,45108.0,0.0,1039.718858026779,0.0,0.0,0.0,23.626786298003026,1016.0920717287757,0.0,0.0
1.0,45108.0,958.0,2112.169968702597,0.0,0.0,0.0,1.0322233663910083,2111.137745336206,0.0,958.0
1.0,44150.0,2062.0,3156.7656050513992,0.0,0.0,0.0,-5.102792141948612,3161.868397193348,0.0,2062.0
1.0,42088.0,3159.0,3255.7882684065216,0.0,0.0,0.0,7.093542193341364,3248.6947262131803,0.0,3159.0
1.0,38929.0,3296.0,4006.1539376750047,0.0,0.0,0.0,1794.0179475864502,2212.1359900885545,0.0,3296.0
1.0,35633.0,4157.0,4688.344791221103,0.0,0.0,0.0,4414.99622652126,273.34856469984345,1826.0,2331.0
1.0,31476.0,4652.0,6919.64982168854,0.0,7775.0,7775.0,6940.784707791237,-21.134886102697124,4384.0,268.0
1.0,26824.0,6945.0,7576.591818498647,0.0,18004.0,18004.0,7638.892847468665,-62.30102897001859,6945.0,0.0
1.0,19879.0,7674.0,5806.390707836555,0.0,16827.0,16827.0,5831.601765582345,-25.211057745790526,7674.0,0.0
1.0,12205.0,5851.0,1558.792249707743,7775.0,0.0,0.0,1575.4369722363506,-16.644722528607645,5851.0,0.0
1.0,14129.0,1459.0,32.71068631529374,18004.0,0.0,0.0,-1.9678845747357627,34.678570890029505,1459.0,0.0
1.0,30674.0,0.0,1038.3085971708886,16827.0,0.0,0.0,19.68665697358165,1018.6219401973069,0.0,0.0
1.0,47501.0,958.0,2117.4000757591543,0.0,0.0,0.0,-2.24105982621586,2119.64113558537,0.0,958.0
1.0,46543.0,2057.0,3168.655401649165,0.0,0.0,0.0,-5.966007279238056,3174.621408928403,0.0,2057.0
1.0,44486.0,3157.0,3266.283239197598,0.0,0.0,0.0,9.685675256901959,3256.597563940696,0.0,3157.0
1.0,41329.0,3300.0,4016.7256683947658,0.0,0.0,0.0,1808.9152886164047,2207.810379778361,0.0,3300.0
1.0,38029.0,4231.0,4703.258673250069,0.0,0.0,0.0,4433.575097708292,269.68357554177715,1885.0,2346.0
1.0,33798.0,4763.0,6953.071547188444,0.0,5730.0,5730.0,6975.3543595357405,-22.282812347296044,4465.0,298.0
1.0,29035.0,7038.0,7586.530980887379,0.0,15936.0,15936.0,7646.023701045149,-59.49272015777012,7038.0,0.0
1.0,21997.0,7742.0,5796.400086105933,0.0,14727.0,14727.0,5813.829981891292,-17.429895785358553,7742.0,0.0
1.0,14255.0,5859.0,1525.6499585830343,5730.0,0.0,0.0,1540.1431806319915,-14.49322204895725,5859.0,0.0
1.0,14126.0,1416.0,14.688789851435104,15936.0,0.0,0.0,-23.411753120346475,38.10054297178158,1416.0,0.0
1.0,28646.0,0.0,1030.2932503242025,14727.0,0.0,0.0,4.125773724216742,1026.1674765999858,0.0,0.0
1.0,43373.0,1006.0,2099.1204967918247,0.0,0.0,0.0,-25.79383509412355,2124.9143318859483,0.0,1006.0
1.0,42367.0,2117.0,3198.167559605251,0.0,0.0,0.0,4.225590748377272,3193.9419688568737,0.0,2117.0
1.0,40250.0,3231.0,3291.897271944542,0.0,0.0,0.0,24.43651692390449,3267.4607550206374,0.0,3231.0
1.0,37019.0,3341.0,4048.4786882655026,0.0,0.0,0.0,1848.1517360664357,2200.326952199067,0.0,3341.0
2.0,0.0,1665.0,1665.0,0.0,8325.0,8325.0,1165.0,500.0,1165.0,500.0
2.0,0.0,1685.0,1674.0,0.0,8370.0,8370.0,1172.0,502.0,1180.0,505.0
2.0,0.0,1680.0,1676.0,0.0,8380.0,8380.0,1173.0,503.0,1175.0,505.0
2.0,0.0,1695.0,1681.0,8325.0,6805.0,6805.0,1176.0,505.0,1185.0,510.0
2.0,1600.0,1705.0,1686.0,8370.0,165.0,165.0,1180.0,506.0,1195.0,510.0
2.0,8265.0,1720.0,1692.0,8380.0,0.0,0.0,1184.0,508.0,1205.0,515.0
2.0,14925.0,0.0,1450.0,6805.0,0.0,0.0,1015.0,435.0,0.0,0.0
2.0,21730.0,0.0,1269.0,165.0,0.0,0.0,888.0,381.0,0.0,0.0
2.0,21895.0,0.0,1127.0,0.0,0.0,0.0,789.0,338.0,0.0,0.0
2.0,21895.0,0.0,1014.0,0.0,0.0,0.0,710.0,304.0,0.0,0.0
2.0,21895.0,0.0,923.0,0.0,0.0,0.0,646.0,277.0,0.0,0.0
2.0,21895.0,0.0,846.0,0.0,0.0,0.0,592.0,254.0,0.0,0.0
2.0,21895.0,0.0,781.0,0.0,0.0,0.0,547.0,234.0,0.0,0.0
2.0,21895.0,0.0,726.0,0.0,0.0,0.0,508.0,218.0,0.0,0.0
2.0,21895.0,0.0,677.0,0.0,0.0,0.0,474.0,203.0,0.0,0.0
2.0,21895.0,0.0,634.0,0.0,0.0,0.0,444.0,190.0,0.0,0.0
2.0,21895.0,0.0,597.0,0.0,0.0,0.0,418.0,179.0,0.0,0.0
2.0,21895.0,0.0,564.0,0.0,0.0,0.0,395.0,169.0,0.0,0.0
2.0,21895.0,0.0,534.0,0.0,0.0,0.0,374.0,160.0,0.0,0.0
2.0,21895.0,0.0,507.0,0.0,0.0,0.0,355.0,152.0,0.0,0.0
2.0,21895.0,0.0,483.0,0.0,0.0,0.0,338.0,145.0,0.0,0.0
2.0,21895.0,0.0,461.0,0.0,0.0,0.0,323.0,138.0,0.0,0.0
2.0,21895.0,5.0,441.0,0.0,0.0,0.0,309.0,132.0,3.0,2.0
2.0,21890.0,365.0,439.0,0.0,0.0,0.0,307.0,132.0,255.0,110.0
2.0,21525.0,720.0,450.0,0.0,0.0,0.0,315.0,135.0,504.0,216.0
2.0,20805.0,1055.0,473.0,0.0,0.0,0.0,331.0,142.0,741.0,314.0
2.0,19750.0,1041.0,494.0,0.0,0.0,0.0,346.0,148.0,732.0,309.0
2.0,18709.0,658.0,500.0,0.0,0.0,0.0,350.0,150.0,462.0,196.0
2.0,18051.0,0.0,483.0,0.0,0.0,0.0,338.0,145.0,0.0,0.0
2.0,18051.0,0.0,467.0,0.0,0.0,0.0,327.0,140.0,0.0,0.0
2.0,18051.0,0.0,451.0,0.0,0.0,0.0,316.0,135.0,0.0,0.0
2.0,18051.0,0.0,437.0,0.0,0.0,0.0,306.0,131.0,0.0,0.0
2.0,18051.0,0.0,424.0,0.0,0.0,0.0,297.0,127.0,0.0,0.0
2.0,18051.0,0.0,411.0,0.0,0.0,0.0,288.0,123.0,0.0,0.0
2.0,18051.0,226.0,406.0,0.0,0.0,0.0,284.0,122.0,152.0,74.0
2.0,17825.0,540.0,410.0,0.0,0.0,0.0,287.0,123.0,374.0,166.0
2.0,17285.0,864.0,422.0,0.0,0.0,0.0,295.0,127.0,601.0,263.0
2.0,16421.0,954.0,436.0,0.0,0.0,0.0,305.0,131.0,669.0,285.0
2.0,15467.0,739.0,444.0,0.0,0.0,0.0,311.0,133.0,523.0,216.0
2.0,14728.0,192.0,438.0,0.0,0.0,0.0,307.0,131.0,146.0,46.0
2.0,14536.0,0.0,427.0,0.0,0.0,0.0,299.0,128.0,0.0,0.0
2.0,14536.0,0.0,417.0,0.0,0.0,0.0,292.0,125.0,0.0,0.0
2.0,14536.0,0.0,407.0,0.0,0.0,0.0,285.0,122.0,0.0,0.0
2.0,14536.0,0.0,398.0,0.0,0.0,0.0,279.0,119.0,0.0,0.0
2.0,14536.0,0.0,389.0,0.0,0.0,0.0,273.0,116.0,0.0,0.0
2.0,14536.0,294.0,387.0,0.0,0.0,0.0,271.0,116.0,196.0,98.0
2.0,14242.0,637.0,392.0,0.0,0.0,0.0,274.0,118.0,436.0,201.0
2.0,13605.0,979.0,405.0,0.0,0.0,0.0,283.0,122.0,675.0,304.0
2.0,12626.0,1041.0,418.0,0.0,0.0,0.0,292.0,126.0,728.0,313.0
2.0,11585.0,757.0,425.0,0.0,0.0,0.0,297.0,128.0,539.0,218.0
2.0,10828.0,145.0,418.0,0.0,0.0,0.0,293.0,125.0,122.0,23.0
2.0,10683.0,0.0,411.0,0.0,0.0,0.0,288.0,123.0,0.0,0.0
2.0,10683.0,0.0,378.0,0.0,0.0,0.0,265.0,113.0,0.0,0.0
2.0,10683.0,0.0,347.0,0.0,0.0,0.0,243.0,104.0,0.0,0.0
2.0,10683.0,0.0,314.0,0.0,0.0,0.0,220.0,94.0,0.0,0.0
2.0,10683.0,72.0,283.0,0.0,0.0,0.0,198.0,85.0,42.0,30.0
2.0,10611.0,464.0,259.0,0.0,0.0,0.0,181.0,78.0,316.0,148.0
2.0,10147.0,860.0,242.0,0.0,0.0,0.0,169.0,73.0,595.0,265.0
2.0,9287.0,1184.0,265.0,0.0,0.0,0.0,185.0,80.0,830.0,354.0
2.0,8103.0,1125.0,287.0,0.0,0.0,0.0,201.0,86.0,799.0,326.0
2.0,6978.0,674.0,300.0,0.0,0.0,0.0,210.0,90.0,487.0,187.0
2.0,6304.0,0.0,300.0,0.0,0.0,0.0,210.0,90.0,0.0,0.0
2.0,6304.0,0.0,300.0,0.0,0.0,0.0,210.0,90.0,0.0,0.0
2.0,6304.0,0.0,300.0,0.0,0.0,0.0,210.0,90.0,0.0,0.0
2.0,6304.0,0.0,300.0,0.0,0.0,0.0,210.0,90.0,0.0,0.0
2.0,6304.0,0.0,300.0,0.0,0.0,0.0,210.0,90.0,0.0,0.0
2.0,6304.0,157.0,303.0,0.0,0.0,0.0,212.0,91.0,98.0,59.0
2.0,6147.0,574.0,314.0,0.0,0.0,0.0,220.0,94.0,390.0,184.0
2.0,5573.0,990.0,333.0,0.0,0.0,0.0,233.0,100.0,683.0,307.0
2.0,4583.0,1257.0,358.0,0.0,0.0,0.0,250.0,108.0,880.0,377.0
2.0,3326.0,1090.0,378.0,0.0,0.0,0.0,264.0,114.0,775.0,315.0
2.0,2236.0,500.0,388.0,0.0,204.0,204.0,272.0,116.0,372.0,128.0
2.0,1736.0,0.0,388.0,0.0,204.0,204.0,272.0,116.0,0.0,0.0
2.0,1736.0,0.0,388.0,0.0,204.0,204.0,272.0,116.0,0.0,0.0
2.0,1736.0,0.0,388.0,204.0,0.0,0.0,272.0,116.0,0.0,0.0
2.0,1940.0,0.0,381.0,204.0,0.0,0.0,267.0,114.0,0.0,0.0
2.0,2144.0,0.0,367.0,204.0,0.0,0.0,257.0,110.0,0.0,0.0
2.0,2348.0,38.0,347.0,0.0,0.0,0.0,243.0,104.0,15.0,23.0
2.0,2310.0,430.0,336.0,0.0,0.0,0.0,235.0,101.0,291.0,139.0
2.0,1880.0,815.0,338.0,0.0,625.0,625.0,236.0,102.0,557.0,258.0
2.0,1065.0,1159.0,361.0,0.0,1804.0,1804.0,252.0,109.0,811.0,348.0
2.0,1.0,1113.0,382.0,0.0,1909.0,1909.0,267.0,115.0,789.0,324.0
2.0,1.0,670.0,395.0,625.0,1974.0,1974.0,277.0,118.0,494.0,176.0
2.0,1.0,10.0,395.0,1804.0,1433.0,1433.0,277.0,118.0,10.0,0.0
2.0,542.0,358.0,402.0,1909.0,0.0,0.0,282.0,120.0,273.0,85.0
2.0,2093.0,103.0,404.0,1974.0,0.0,0.0,284.0,120.0,83.0,20.0
2.0,3964.0,0.0,400.0,1433.0,0.0,0.0,281.0,119.0,0.0,0.0
2.0,5397.0,0.0,390.0,0.0,0.0,0.0,274.0,116.0,0.0,0.0
2.0,5397.0,0.0,373.0,0.0,0.0,0.0,262.0,111.0,0.0,0.0
2.0,5397.0,0.0,354.0,0.0,0.0,0.0,249.0,105.0,0.0,0.0
2.0,5397.0,182.0,344.0,0.0,0.0,0.0,241.0,103.0,79.0,103.0
2.0,5215.0,544.0,350.0,0.0,0.0,0.0,244.0,106.0,334.0,210.0
2.0,4671.0,898.0,367.0,0.0,0.0,0.0,255.0,112.0,582.0,316.0
2.0,3773.0,1084.0,388.0,0.0,0.0,0.0,270.0,118.0,762.0,322.0
2.0,2689.0,909.0,406.0,0.0,250.0,250.0,283.0,123.0,683.0,226.0
2.0,1780.0,389.0,413.0,0.0,674.0,674.0,290.0,123.0,367.0,22.0
2.0,1391.0,0.0,413.0,0.0,674.0,674.0,290.0,123.0,0.0,0.0
2.0,1391.0,0.0,407.0,250.0,394.0,394.0,286.0,121.0,0.0,0.0
2.0,1641.0,0.0,396.0,674.0,0.0,0.0,278.0,118.0,0.0,0.0
2.0,2315.0,0.0,377.0,674.0,0.0,0.0,265.0,112.0,0.0,0.0
2.0,2989.0,21.0,357.0,394.0,0.0,0.0,251.0,106.0,0.0,21.0
2.0,3362.0,292.0,348.0,0.0,0.0,0.0,244.0,104.0,154.0,138.0
2.0,3070.0,693.0,359.0,0.0,0.0,0.0,250.0,109.0,436.0,257.0
2.0,2377.0,1069.0,379.0,0.0,587.0,587.0,263.0,116.0,714.0,355.0
2.0,1308.0,1187.0,402.0,0.0,1889.0,1889.0,280.0,122.0,845.0,342.0
2.0,121.0,903.0,419.0,0.0,2094.0,2094.0,293.0,126.0,695.0,208.0
2.0,1.0,274.0,424.0,587.0,2119.0,2119.0,298.0,126.0,274.0,0.0
2.0,1.0,0.0,424.0,1889.0,700.0,700.0,298.0,126.0,0.0,0.0
2.0,1420.0,0.0,414.0,2094.0,0.0,0.0,291.0,123.0,0.0,0.0
2.0,3514.0,0.0,398.0,2119.0,0.0,0.0,280.0,118.0,0.0,0.0
2.0,5633.0,0.0,375.0,700.0,0.0,0.0,264.0,111.0,0.0,0.0
2.0,6333.0,68.0,355.0,0.0,0.0,0.0,249.0,106.0,0.0,68.0
2.0,6265.0,465.0,350.0,0.0,0.0,0.0,244.0,106.0,266.0,199.0
2.0,5800.0,911.0,369.0,0.0,0.0,0.0,256.0,113.0,580.0,331.0
2.0,4889.0,1287.0,393.0,0.0,0.0,0.0,273.0,120.0,887.0,400.0
2.0,3602.0,1264.0,418.0,0.0,0.0,0.0,291.0,127.0,932.0,332.0
2.0,2338.0,793.0,432.0,0.0,615.0,615.0,303.0,129.0,660.0,133.0
2.0,1545.0,89.0,434.0,0.0,714.0,714.0,305.0,129.0,89.0,0.0
2.0,1456.0,0.0,431.0,0.0,699.0,699.0,303.0,128.0,0.0,0.0
2.0,1456.0,0.0,421.0,615.0,34.0,34.0,296.0,125.0,0.0,0.0
2.0,2071.0,0.0,401.0,714.0,0.0,0.0,282.0,119.0,0.0,0.0
2.0,2785.0,0.0,378.0,699.0,0.0,0.0,266.0,112.0,0.0,0.0
2.0,3484.0,76.0,358.0,34.0,0.0,0.0,251.0,107.0,0.0,76.0
2.0,3442.0,505.0,357.0,0.0,0.0,0.0,249.0,108.0,296.0,209.0
2.0,2937.0,946.0,376.0,0.0,0.0,0.0,261.0,115.0,601.0,345.0
2.0,1991.0,1301.0,401.0,0.0,1315.0,1315.0,278.0,123.0,903.0,398.0
2.0,690.0,1228.0,425.0,0.0,2124.0,2124.0,296.0,129.0,911.0,317.0
2.0,1.0,709.0,438.0,0.0,2189.0,2189.0,307.0,131.0,609.0,100.0
2.0,1.0,12.0,439.0,1315.0,2139.0,2139.0,308.0,131.0,12.0,0.0
2.0,56.0,0.0,437.0,2124.0,5.0,5.0,307.0,130.0,0.0,0.0
2.0,2180.0,92.0,431.0,2189.0,0.0,0.0,303.0,128.0,92.0,0.0
2.0,4277.0,0.0,416.0,2139.0,0.0,0.0,293.0,123.0,0.0,0.0
2.0,6416.0,0.0,393.0,5.0,0.0,0.0,277.0,116.0,0.0,0.0
2.0,6421.0,41.0,373.0,0.0,0.0,0.0,262.0,111.0,0.0,41.0
2.0,6380.0,300.0,365.0,0.0,0.0,0.0,255.0,110.0,138.0,162.0
2.0,6080.0,714.0,379.0,0.0,0.0,0.0,263.0,116.0,424.0,290.0
2.0,5366.0,1079.0,393.0,0.0,0.0,0.0,272.0,121.0,710.0,369.0
2.0,4287.0,1175.0,413.0,0.0,0.0,0.0,286.0,127.0,849.0,326.0
2.0,3112.0,861.0,430.0,0.0,0.0,0.0,300.0,130.0,705.0,156.0
2.0,2251.0,277.0,435.0,0.0,201.0,201.0,305.0,130.0,277.0,0.0
2.0,1974.0,0.0,435.0,0.0,201.0,201.0,305.0,130.0,0.0,0.0
2.0,1974.0,0.0,435.0,0.0,201.0,201.0,305.0,130.0,0.0,0.0
2.0,1974.0,0.0,432.0,201.0,0.0,0.0,304.0,128.0,0.0,0.0
2.0,2175.0,0.0,421.0,201.0,0.0,0.0,297.0,124.0,0.0,0.0
2.0,2376.0,29.0,405.0,201.0,0.0,0.0,286.0,119.0,0.0,29.0
2.0,2548.0,273.0,389.0,0.0,0.0,0.0,274.0,115.0,126.0,147.0
2.0,2275.0,675.0,384.0,0.0,320.0,320.0,268.0,116.0,409.0,266.0
2.0,1600.0,1043.0,398.0,0.0,1433.0,1433.0,275.0,123.0,687.0,356.0
2.0,557.0,1172.0,420.0,0.0,2099.0,2099.0,291.0,129.0,842.0,330.0
2.0,1.0,911.0,438.0,320.0,2189.0,2189.0,305.0,133.0,721.0,190.0
2.0,1.0,319.0,444.0,1433.0,2219.0,2219.0,311.0,133.0,319.0,0.0
2.0,1.0,215.0,448.0,2099.0,448.0,448.0,315.0,133.0,215.0,0.0
2.0,1792.0,261.0,452.0,2189.0,0.0,0.0,320.0,132.0,261.0,0.0
2.0,3720.0,0.0,446.0,2219.0,0.0,0.0,317.0,129.0,0.0,0.0
2.0,5939.0,0.0,434.0,448.0,0.0,0.0,309.0,125.0,0.0,0.0
2.0,6387.0,74.0,414.0,0.0,0.0,0.0,295.0,119.0,0.0,74.0
2.0,6313.0,207.0,396.0,0.0,0.0,0.0,279.0,117.0,0.0,207.0
2.0,6106.0,413.0,386.0,0.0,0.0,0.0,267.0,119.0,75.0,338.0
2.0,5693.0,794.0,396.0,0.0,0.0,0.0,269.0,127.0,395.0,399.0
2.0,4899.0,1037.0,416.0,0.0,0.0,0.0,283.0,133.0,710.0,327.0
2.0,3862.0,1090.0,437.0,0.0,0.0,0.0,301.0,136.0,959.0,131.0
2.0,2772.0,882.0,454.0,0.0,380.0,380.0,318.0,136.0,882.0,0.0
2.0,1890.0,501.0,464.0,0.0,931.0,931.0,328.0,136.0,501.0,0.0
2.0,1389.0,0.0,462.0,0.0,921.0,921.0,328.0,134.0,0.0,0.0
2.0,1389.0,0.0,453.0,380.0,496.0,496.0,323.0,130.0,0.0,0.0
2.0,1769.0,0.0,435.0,931.0,0.0,0.0,311.0,124.0,0.0,0.0
2.0,2700.0,121.0,413.0,921.0,0.0,0.0,294.0,119.0,0.0,121.0
2.0,3500.0,263.0,393.0,496.0,0.0,0.0,276.0,117.0,0.0,263.0
2.0,3733.0,561.0,390.0,0.0,0.0,0.0,267.0,123.0,156.0,405.0
2.0,3172.0,919.0,406.0,0.0,0.0,0.0,275.0,131.0,493.0,426.0
2.0,2253.0,1147.0,428.0,0.0,1034.0,1034.0,291.0,137.0,833.0,314.0
2.0,1106.0,1074.0,448.0,0.0,2208.0,2208.0,310.0,138.0,1020.0,54.0
2.0,32.0,867.0,465.0,0.0,2325.0,2325.0,327.0,138.0,867.0,0.0
2.0,0.0,375.0,472.0,1034.0,2360.0,2360.0,334.0,138.0,375.0,0.0
2.0,0.0,0.0,470.0,2208.0,318.0,318.0,334.0,136.0,0.0,0.0
2.0,2032.0,0.0,460.0,2325.0,0.0,0.0,328.0,132.0,0.0,0.0
2.0,4357.0,0.0,443.0,2360.0,0.0,0.0,317.0,126.0,0.0,0.0
2.0,6717.0,121.0,419.0,318.0,0.0,0.0,299.0,120.0,0.0,121.0
2.0,6914.0,260.0,401.0,0.0,0.0,0.0,282.0,119.0,0.0,260.0
2.0,6654.0,499.0,397.0,0.0,0.0,0.0,272.0,125.0,100.0,399.0
2.0,6155.0,843.0,413.0,0.0,0.0,0.0,280.0,133.0,422.0,421.0
2.0,5312.0,1036.0,433.0,0.0,0.0,0.0,294.0,139.0,739.0,297.0
2.0,4276.0,996.0,450.0,0.0,0.0,0.0,311.0,139.0,962.0,34.0
2.0,3280.0,849.0,466.0,0.0,0.0,0.0,327.0,139.0,849.0,0.0
2.0,2431.0,429.0,475.0,0.0,373.0,373.0,336.0,139.0,429.0,0.0
2.0,2002.0,0.0,475.0,0.0,373.0,373.0,336.0,139.0,0.0,0.0
2.0,2002.0,0.0,469.0,0.0,343.0,343.0,333.0,136.0,0.0,0.0
2.0,2002.0,0.0,455.0,373.0,0.0,0.0,325.0,130.0,0.0,0.0
2.0,2375.0,84.0,436.0,373.0,0.0,0.0,311.0,125.0,0.0,84.0
2.0,2664.0,213.0,417.0,343.0,0.0,0.0,295.0,122.0,0.0,213.0
2.0,2794.0,397.0,408.0,0.0,0.0,0.0,282.0,126.0,49.0,348.0
2.0,2397.0,750.0,418.0,0.0,443.0,443.0,284.0,134.0,355.0,395.0
2.0,1647.0,972.0,436.0,0.0,1505.0,1505.0,296.0,140.0,661.0,311.0
2.0,675.0,998.0,455.0,0.0,2274.0,2274.0,314.0,141.0,908.0,90.0
2.0,1.0,859.0,471.0,443.0,2354.0,2354.0,330.0,141.0,859.0,0.0
2.0,1.0,497.0,481.0,1505.0,2136.0,2136.0,340.0,141.0,497.0,0.0
2.0,269.0,186.0,485.0,2274.0,68.0,68.0,344.0,141.0,186.0,0.0
2.0,2357.0,61.0,480.0,2354.0,0.0,0.0,342.0,138.0,61.0,0.0
2.0,4650.0,0.0,467.0,2136.0,0.0,0.0,334.0,133.0,0.0,0.0
2.0,6786.0,77.0,448.0,68.0,0.0,0.0,321.0,127.0,0.0,77.0
2.0,6777.0,214.0,430.0,0.0,0.0,0.0,305.0,125.0,0.0,214.0
2.0,6563.0,345.0,419.0,0.0,0.0,0.0,291.0,128.0,0.0,345.0
2.0,6218.0,543.0,424.0,0.0,0.0,0.0,288.0,136.0,142.0,401.0
2.0,5675.0,784.0,434.0,0.0,0.0,0.0,292.0,142.0,462.0,322.0
2.0,4891.0,895.0,446.0,0.0,0.0,0.0,302.0,144.0,778.0,117.0
2.0,3996.0,963.0,465.0,0.0,0.0,0.0,321.0,144.0,963.0,0.0
2.0,3033.0,830.0,481.0,0.0,202.0,202.0,337.0,144.0,830.0,0.0
2.0,2203.0,383.0,487.0,0.0,615.0,615.0,344.0,143.0,383.0,0.0
2.0,1820.0,0.0,483.0,0.0,595.0,595.0,344.0,139.0,0.0,0.0
2.0,1820.0,0.0,475.0,202.0,353.0,353.0,343.0,132.0,0.0,0.0
2.0,2022.0,130.0,462.0,615.0,0.0,0.0,335.0,127.0,0.0,130.0
2.0,2507.0,277.0,448.0,595.0,0.0,0.0,322.0,126.0,0.0,277.0
2.0,2825.0,426.0,435.0,353.0,0.0,0.0,303.0,132.0,0.0,426.0
2.0,2752.0,711.0,432.0,0.0,119.0,119.0,291.0,141.0,264.0,447.0
2.0,2041.0,937.0,440.0,0.0,1096.0,1096.0,293.0,147.0,613.0,324.0
2.0,1104.0,1015.0,460.0,0.0,2211.0,2211.0,312.0,148.0,967.0,48.0
2.0,89.0,1057.0,480.0,119.0,2400.0,2400.0,332.0,148.0,1057.0,0.0
2.0,0.0,803.0,496.0,1096.0,2480.0,2480.0,348.0,148.0,803.0,0.0
2.0,0.0,196.0,497.0,2211.0,1026.0,1026.0,352.0,145.0,196.0,0.0
2.0,1459.0,354.0,498.0,2400.0,0.0,0.0,358.0,140.0,354.0,0.0
2.0,3505.0,2.0,488.0,2480.0,0.0,0.0,355.0,133.0,0.0,2.0
2.0,5983.0,155.0,473.0,1026.0,0.0,0.0,346.0,127.0,0.0,155.0
2.0,6854.0,309.0,457.0,0.0,0.0,0.0,330.0,127.0,0.0,309.0
2.0,6545.0,469.0,445.0,0.0,0.0,0.0,310.0,135.0,0.0,469.0
2.0,6076.0,469.0,438.0,0.0,0.0,0.0,294.0,144.0,0.0,469.0
2.0,5607.0,648.0,443.0,0.0,0.0,0.0,293.0,150.0,334.0,314.0
2.0,4959.0,692.0,456.0,0.0,0.0,0.0,306.0,150.0,692.0,0.0
2.0,4267.0,1051.0,476.0,0.0,0.0,0.0,326.0,150.0,1051.0,0.0
2.0,3216.0,1072.0,497.0,0.0,341.0,341.0,347.0,150.0,1072.0,0.0
2.0,2144.0,740.0,509.0,0.0,1141.0,1141.0,361.0,148.0,740.0,0.0
2.0,1404.0,46.0,505.0,0.0,1167.0,1167.0,362.0,143.0,46.0,0.0
2.0,1358.0,0.0,495.0,341.0,776.0,776.0,360.0,135.0,0.0,0.0
2.0,1699.0,129.0,482.0,1141.0,0.0,0.0,352.0,130.0,0.0,129.0
2.0,2711.0,280.0,467.0,1167.0,0.0,0.0,338.0,129.0,0.0,280.0
2.0,3598.0,428.0,456.0,776.0,0.0,0.0,319.0,137.0,0.0,428.0
2.0,3946.0,446.0,449.0,0.0,0.0,0.0,303.0,146.0,0.0,446.0
2.0,3500.0,584.0,452.0,0.0,0.0,0.0,300.0,152.0,272.0,312.0
2.0,2916.0,647.0,464.0,0.0,51.0,51.0,312.0,152.0,614.0,33.0
2.0,2269.0,948.0,482.0,0.0,1089.0,1089.0,330.0,152.0,948.0,0.0
2.0,1321.0,1013.0,501.0,0.0,2197.0,2197.0,349.0,152.0,1013.0,0.0
2.0,308.0,729.0,514.0,51.0,2570.0,2570.0,363.0,151.0,729.0,0.0
2.0,0.0,113.0,512.0,1089.0,1954.0,1954.0,366.0,146.0,113.0,0.0
2.0,606.0,0.0,505.0,2197.0,0.0,0.0,365.0,140.0,0.0,0.0
2.0,2803.0,94.0,492.0,2570.0,0.0,0.0,358.0,134.0,0.0,94.0
2.0,5279.0,234.0,478.0,1954.0,0.0,0.0,345.0,133.0,0.0,234.0
2.0,6999.0,372.0,466.0,0.0,0.0,0.0,328.0,138.0,0.0,372.0
2.0,6627.0,417.0,457.0,0.0,0.0,0.0,311.0,146.0,0.0,417.0
2.0,6210.0,561.0,458.0,0.0,0.0,0.0,306.0,152.0,231.0,330.0
2.0,5649.0,653.0,467.0,0.0,0.0,0.0,313.0,154.0,556.0,97.0
2.0,4996.0,881.0,483.0,0.0,0.0,0.0,329.0,154.0,881.0,0.0
2.0,4115.0,982.0,502.0,0.0,0.0,0.0,348.0,154.0,982.0,0.0
2.0,3133.0,756.0,515.0,0.0,198.0,198.0,362.0,153.0,756.0,0.0
2.0,2377.0,211.0,515.0,0.0,409.0,409.0,366.0,149.0,211.0,0.0
2.0,2166.0,0.0,508.0,0.0,374.0,374.0,366.0,142.0,0.0,0.0
2.0,2166.0,108.0,500.0,198.0,244.0,244.0,364.0,136.0,0.0,108.0
2.0,2256.0,253.0,490.0,409.0,38.0,38.0,355.0,135.0,0.0,253.0
2.0,2412.0,401.0,480.0,374.0,15.0,15.0,340.0,140.0,0.0,401.0
2.0,2385.0,447.0,470.0,244.0,168.0,168.0,321.0,149.0,0.0,447.0
2.0,2182.0,675.0,468.0,38.0,795.0,795.0,312.0,156.0,331.0,344.0
2.0,1545.0,771.0,474.0,15.0,1581.0,1581.0,317.0,157.0,679.0,92.0
2.0,789.0,1039.0,494.0,168.0,2470.0,2470.0,337.0,157.0,1039.0,0.0
2.0,0.0,1068.0,515.0,795.0,2575.0,2575.0,358.0,157.0,1068.0,0.0
2.0,0.0,754.0,527.0,1581.0,2163.0,2163.0,372.0,155.0,754.0,0.0
2.0,472.0,161.0,526.0,2470.0,0.0,0.0,376.0,150.0,161.0,0.0
2.0,2781.0,0.0,517.0,2575.0,0.0,0.0,376.0,141.0,0.0,0.0
2.0,5356.0,145.0,506.0,2163.0,0.0,0.0,370.0,136.0,0.0,145.0
2.0,7374.0,305.0,494.0,0.0,0.0,0.0,359.0,135.0,0.0,305.0
2.0,7069.0,472.0,483.0,0.0,0.0,0.0,340.0,143.0,0.0,472.0
2.0,6597.0,490.0,473.0,0.0,0.0,0.0,320.0,153.0,0.0,490.0
2.0,6107.0,708.0,471.0,0.0,0.0,0.0,311.0,160.0,360.0,348.0
2.0,5399.0,780.0,482.0,0.0,0.0,0.0,322.0,160.0,741.0,39.0
2.0,4619.0,1127.0,497.0,0.0,0.0,0.0,337.0,160.0,1127.0,0.0
2.0,3492.0,1156.0,519.0,0.0,259.0,259.0,359.0,160.0,1156.0,0.0
2.0,2336.0,801.0,531.0,0.0,1120.0,1120.0,374.0,157.0,801.0,0.0
2.0,1535.0,58.0,526.0,0.0,1153.0,1153.0,375.0,151.0,58.0,0.0
2.0,1477.0,0.0,517.0,259.0,849.0,849.0,375.0,142.0,0.0,0.0
2.0,1736.0,154.0,511.0,1120.0,0.0,0.0,375.0,136.0,0.0,154.0
2.0,2702.0,319.0,505.0,1153.0,0.0,0.0,369.0,136.0,0.0,319.0
2.0,3536.0,488.0,502.0,849.0,0.0,0.0,356.0,146.0,0.0,488.0
2.0,3897.0,497.0,490.0,0.0,0.0,0.0,335.0,155.0,0.0,497.0
2.0,3400.0,704.0,484.0,0.0,0.0,0.0,322.0,162.0,362.0,342.0
2.0,2696.0,754.0,484.0,0.0,478.0,478.0,322.0,162.0,739.0,15.0
2.0,1942.0,1121.0,504.0,0.0,1699.0,1699.0,342.0,162.0,1121.0,0.0
2.0,821.0,1130.0,526.0,0.0,2630.0,2630.0,364.0,162.0,1130.0,0.0
2.0,0.0,770.0,539.0,478.0,2695.0,2695.0,379.0,160.0,770.0,0.0
2.0,0.0,20.0,533.0,1699.0,1587.0,1587.0,379.0,154.0,20.0,0.0
2.0,1078.0,0.0,525.0,2630.0,0.0,0.0,379.0,146.0,0.0,0.0
2.0,3708.0,118.0,519.0,2695.0,0.0,0.0,379.0,140.0,0.0,118.0
2.0,6285.0,278.0,513.0,1587.0,0.0,0.0,374.0,139.0,0.0,278.0
2.0,7594.0,431.0,509.0,0.0,0.0,0.0,362.0,147.0,0.0,431.0
2.0,7163.0,466.0,500.0,0.0,0.0,0.0,344.0,156.0,0.0,466.0
2.0,6697.0,616.0,492.0,0.0,0.0,0.0,330.0,162.0,277.0,339.0
2.0,6081.0,691.0,491.0,0.0,0.0,0.0,328.0,163.0,631.0,60.0
2.0,5390.0,990.0,508.0,0.0,0.0,0.0,345.0,163.0,990.0,0.0
2.0,4400.0,1065.0,528.0,0.0,0.0,0.0,365.0,163.0,1065.0,0.0
2.0,3335.0,791.0,543.0,0.0,171.0,171.0,381.0,162.0,791.0,0.0
2.0,2544.0,153.0,540.0,0.0,309.0,309.0,383.0,157.0,153.0,0.0
2.0,2391.0,0.0,533.0,0.0,274.0,274.0,383.0,150.0,0.0,0.0
2.0,2391.0,108.0,527.0,171.0,181.0,181.0,383.0,144.0,0.0,108.0
2.0,2454.0,257.0,522.0,309.0,104.0,104.0,379.0,143.0,0.0,257.0
2.0,2506.0,406.0,516.0,274.0,206.0,206.0,368.0,148.0,0.0,406.0
2.0,2374.0,448.0,508.0,181.0,433.0,433.0,351.0,157.0,0.0,448.0
2.0,2107.0,597.0,501.0,104.0,891.0,891.0,337.0,164.0,254.0,343.0
2.0,1614.0,700.0,501.0,206.0,1385.0,1385.0,335.0,166.0,607.0,93.0
2.0,1120.0,970.0,515.0,433.0,1992.0,1992.0,349.0,166.0,970.0,0.0
2.0,583.0,1076.0,536.0,891.0,2282.0,2282.0,370.0,166.0,1076.0,0.0
2.0,398.0,835.0,549.0,1385.0,1797.0,1797.0,386.0,163.0,835.0,0.0
2.0,948.0,228.0,549.0,1992.0,33.0,33.0,390.0,159.0,228.0,0.0
2.0,2712.0,0.0,541.0,2282.0,0.0,0.0,390.0,151.0,0.0,0.0
2.0,4994.0,146.0,535.0,1797.0,0.0,0.0,390.0,145.0,0.0,146.0
2.0,6645.0,306.0,528.0,33.0,0.0,0.0,384.0,144.0,0.0,306.0
2.0,6372.0,468.0,523.0,0.0,0.0,0.0,371.0,152.0,0.0,468.0
2.0,5904.0,483.0,512.0,0.0,0.0,0.0,351.0,161.0,0.0,483.0
2.0,5421.0,685.0,504.0,0.0,0.0,0.0,337.0,167.0,346.0,339.0
2.0,4736.0,777.0,505.0,0.0,0.0,0.0,337.0,168.0,735.0,42.0
2.0,3959.0,1130.0,523.0,0.0,0.0,0.0,355.0,168.0,1130.0,0.0
2.0,2829.0,1179.0,546.0,0.0,1080.0,1080.0,378.0,168.0,1179.0,0.0
2.0,1650.0,847.0,559.0,0.0,1992.0,1992.0,394.0,165.0,847.0,0.0
2.0,803.0,111.0,556.0,0.0,2088.0,2088.0,396.0,160.0,111.0,0.0
2.0,692.0,30.0,547.0,1080.0,993.0,993.0,396.0,151.0,0.0,30.0
2.0,1742.0,204.0,542.0,1992.0,0.0,0.0,396.0,146.0,0.0,204.0
2.0,3530.0,378.0,535.0,2088.0,0.0,0.0,389.0,146.0,0.0,378.0
2.0,5240.0,520.0,530.0,993.0,0.0,0.0,375.0,155.0,0.0,520.0
2.0,5713.0,509.0,519.0,0.0,0.0,0.0,354.0,165.0,12.0,497.0
2.0,5204.0,712.0,511.0,0.0,0.0,0.0,340.0,171.0,419.0,293.0
2.0,4492.0,821.0,511.0,0.0,0.0,0.0,340.0,171.0,821.0,0.0
2.0,3671.0,1225.0,533.0,0.0,219.0,219.0,362.0,171.0,1225.0,0.0
2.0,2446.0,1218.0,557.0,0.0,1557.0,1557.0,386.0,171.0,1218.0,0.0
2.0,1228.0,807.0,569.0,0.0,2424.0,2424.0,401.0,168.0,807.0,0.0
2.0,421.0,0.0,562.0,219.0,2170.0,2170.0,401.0,161.0,0.0,0.0
2.0,640.0,33.0,554.0,1557.0,606.0,606.0,401.0,153.0,0.0,33.0
2.0,2164.0,207.0,548.0,2424.0,0.0,0.0,401.0,147.0,0.0,207.0
2.0,4381.0,380.0,542.0,2170.0,0.0,0.0,394.0,148.0,0.0,380.0
2.0,6171.0,519.0,538.0,606.0,0.0,0.0,380.0,158.0,0.0,519.0
2.0,6258.0,487.0,526.0,0.0,0.0,0.0,359.0,167.0,0.0,487.0
2.0,5771.0,667.0,516.0,0.0,0.0,0.0,344.0,172.0,390.0,277.0
2.0,5104.0,787.0,517.0,0.0,0.0,0.0,345.0,172.0,787.0,0.0
2.0,4317.0,1188.0,539.0,0.0,0.0,0.0,367.0,172.0,1188.0,0.0
2.0,3129.0,1191.0,562.0,0.0,872.0,872.0,390.0,172.0,1191.0,0.0
2.0,1938.0,795.0,575.0,0.0,1732.0,1732.0,405.0,170.0,795.0,0.0
2.0,1143.0,0.0,570.0,0.0,1707.0,1707.0,405.0,165.0,0.0,0.0
2.0,1143.0,5.0,561.0,872.0,795.0,795.0,405.0,156.0,0.0,5.0
2.0,2010.0,168.0,556.0,1732.0,0.0,0.0,405.0,151.0,0.0,168.0
2.0,3574.0,330.0,551.0,1707.0,0.0,0.0,400.0,151.0,0.0,330.0
2.0,4951.0,493.0,547.0,795.0,0.0,0.0,388.0,159.0,0.0,493.0
2.0,5253.0,485.0,537.0,0.0,0.0,0.0,369.0,168.0,0.0,485.0
2.0,4768.0,619.0,528.0,0.0,0.0,0.0,354.0,174.0,302.0,317.0
2.0,4149.0,672.0,526.0,0.0,0.0,0.0,352.0,174.0,672.0,0.0
2.0,3477.0,1053.0,543.0,0.0,291.0,291.0,369.0,174.0,1053.0,0.0
2.0,2424.0,1126.0,565.0,0.0,1527.0,1527.0,391.0,174.0,1126.0,0.0
2.0,1298.0,831.0,579.0,0.0,2428.0,2428.0,407.0,172.0,831.0,0.0
2.0,467.0,155.0,577.0,291.0,2282.0,2282.0,410.0,167.0,155.0,0.0
2.0,603.0,0.0,569.0,1527.0,715.0,715.0,410.0,159.0,0.0,0.0
2.0,2130.0,149.0,564.0,2428.0,0.0,0.0,410.0,154.0,0.0,149.0
2.0,4409.0,317.0,558.0,2282.0,0.0,0.0,405.0,153.0,0.0,317.0
2.0,6374.0,479.0,554.0,715.0,0.0,0.0,393.0,161.0,0.0,479.0
2.0,6610.0,492.0,545.0,0.0,0.0,0.0,375.0,170.0,0.0,492.0
2.0,6118.0,661.0,537.0,0.0,0.0,0.0,360.0,177.0,322.0,339.0
2.0,5457.0,741.0,535.0,0.0,0.0,0.0,358.0,177.0,715.0,26.0
2.0,4716.0,1099.0,552.0,0.0,0.0,0.0,375.0,177.0,1099.0,0.0
2.0,3617.0,1174.0,574.0,0.0,427.0,427.0,397.0,177.0,1174.0,0.0
2.0,2443.0,853.0,588.0,0.0,1350.0,1350.0,414.0,174.0,853.0,0.0
2.0,1590.0,152.0,584.0,0.0,1482.0,1482.0,416.0,168.0,152.0,0.0
2.0,1438.0,17.0,576.0,427.0,1032.0,1032.0,416.0,160.0,0.0,17.0
2.0,1848.0,195.0,570.0,1350.0,0.0,0.0,416.0,154.0,0.0,195.0
2.0,3003.0,369.0,565.0,1482.0,0.0,0.0,410.0,155.0,0.0,369.0
2.0,4116.0,529.0,560.0,1032.0,0.0,0.0,396.0,164.0,0.0,529.0
2.0,4619.0,536.0,548.0,0.0,0.0,0.0,374.0,174.0,25.0,511.0
2.0,4083.0,769.0,540.0,0.0,0.0,0.0,360.0,180.0,443.0,326.0
2.0,3314.0,865.0,541.0,0.0,256.0,256.0,361.0,180.0,865.0,0.0
2.0,2449.0,1264.0,563.0,0.0,1630.0,1630.0,383.0,180.0,1264.0,0.0
2.0,1185.0,1250.0,587.0,0.0,2935.0,2935.0,407.0,180.0,1250.0,0.0
2.0,0.0,815.0,598.0,256.0,2990.0,2990.0,422.0,176.0,815.0,0.0
2.0,0.0,0.0,590.0,1630.0,1944.0,1944.0,422.0,168.0,0.0,0.0
2.0,1006.0,56.0,582.0,2935.0,0.0,0.0,422.0,160.0,0.0,56.0
2.0,3885.0,243.0,577.0,2990.0,0.0,0.0,422.0,155.0,0.0,243.0
2.0,6632.0,427.0,571.0,1944.0,0.0,0.0,414.0,157.0,0.0,427.0
2.0,8149.0,558.0,566.0,0.0,0.0,0.0,398.0,168.0,0.0,558.0
2.0,7591.0,595.0,555.0,0.0,0.0,0.0,377.0,178.0,90.0,505.0
2.0,6996.0,781.0,546.0,0.0,0.0,0.0,363.0,183.0,519.0,262.0
2.0,6215.0,954.0,549.0,0.0,0.0,0.0,366.0,183.0,954.0,0.0
2.0,5261.0,1294.0,574.0,0.0,0.0,0.0,391.0,183.0,1294.0,0.0
2.0,3967.0,1212.0,596.0,0.0,225.0,225.0,414.0,182.0,1212.0,0.0
2.0,2755.0,687.0,605.0,0.0,957.0,957.0,427.0,178.0,687.0,0.0
2.0,2068.0,0.0,598.0,0.0,922.0,922.0,427.0,171.0,0.0,0.0
2.0,2068.0,45.0,589.0,225.0,697.0,697.0,427.0,162.0,0.0,45.0
2.0,2248.0,226.0,584.0,957.0,0.0,0.0,427.0,157.0,0.0,226.0
2.0,2979.0,407.0,579.0,922.0,0.0,0.0,420.0,159.0,0.0,407.0
2.0,3494.0,547.0,575.0,697.0,0.0,0.0,405.0,170.0,0.0,547.0
2.0,3644.0,543.0,562.0,0.0,0.0,0.0,383.0,179.0,44.0,499.0
2.0,3101.0,735.0,553.0,0.0,399.0,399.0,369.0,184.0,465.0,270.0
2.0,2366.0,877.0,554.0,0.0,1281.0,1281.0,370.0,184.0,877.0,0.0
2.0,1489.0,1240.0,578.0,0.0,2641.0,2641.0,394.0,184.0,1240.0,0.0
2.0,249.0,1187.0,601.0,399.0,3005.0,3005.0,417.0,184.0,1187.0,0.0
2.0,0.0,715.0,612.0,1281.0,3033.0,3033.0,431.0,181.0,715.0,0.0
2.0,27.0,0.0,606.0,2641.0,362.0,362.0,431.0,175.0,0.0,0.0
2.0,2668.0,2.0,596.0,3005.0,0.0,0.0,431.0,165.0,0.0,2.0
2.0,5671.0,174.0,590.0,3033.0,0.0,0.0,431.0,159.0,0.0,174.0
2.0,8530.0,344.0,585.0,362.0,0.0,0.0,425.0,160.0,0.0,344.0
2.0,8548.0,518.0,582.0,0.0,0.0,0.0,412.0,170.0,0.0,518.0
2.0,8030.0,515.0,572.0,0.0,0.0,0.0,392.0,180.0,0.0,515.0
2.0,7515.0,730.0,564.0,0.0,0.0,0.0,378.0,186.0,390.0,340.0
2.0,6785.0,796.0,563.0,0.0,0.0,0.0,377.0,186.0,796.0,0.0
2.0,5989.0,1202.0,583.0,0.0,0.0,0.0,397.0,186.0,1202.0,0.0
2.0,4787.0,1209.0,606.0,0.0,0.0,0.0,420.0,186.0,1209.0,0.0
2.0,3578.0,813.0,619.0,0.0,330.0,330.0,436.0,183.0,813.0,0.0
2.0,2765.0,19.0,613.0,0.0,319.0,319.0,436.0,177.0,19.0,0.0
2.0,2746.0,4.0,604.0,0.0,278.0,278.0,436.0,168.0,0.0,4.0
2.0,2742.0,177.0,598.0,330.0,95.0,95.0,436.0,162.0,0.0,177.0
2.0,2895.0,357.0,592.0,319.0,103.0,103.0,430.0,162.0,0.0,357.0
2.0,2857.0,528.0,588.0,278.0,333.0,333.0,416.0,172.0,0.0,528.0
2.0,2607.0,567.0,578.0,95.0,755.0,755.0,396.0,182.0,38.0,529.0
2.0,2135.0,804.0,571.0,103.0,1421.0,1421.0,382.0,189.0,454.0,350.0
2.0,1434.0,873.0,572.0,333.0,1966.0,1966.0,383.0,189.0,872.0,1.0
2.0,894.0,1261.0,593.0,755.0,2577.0,2577.0,404.0,189.0,1261.0,0.0
2.0,388.0,1231.0,617.0,1421.0,2507.0,2507.0,428.0,189.0,1231.0,0.0
2.0,578.0,790.0,628.0,1966.0,1386.0,1386.0,443.0,185.0,790.0,0.0
2.0,1754.0,0.0,621.0,2577.0,0.0,0.0,443.0,178.0,0.0,0.0
2.0,4331.0,41.0,611.0,2507.0,0.0,0.0,443.0,168.0,0.0,41.0
2.0,6797.0,233.0,605.0,1386.0,0.0,0.0,442.0,163.0,0.0,233.0
2.0,7950.0,423.0,599.0,0.0,0.0,0.0,434.0,165.0,0.0,423.0
2.0,7527.0,572.0,593.0,0.0,0.0,0.0,417.0,176.0,0.0,572.0
2.0,6955.0,672.0,582.0,0.0,0.0,0.0,396.0,186.0,145.0,527.0
2.0,6283.0,897.0,575.0,0.0,0.0,0.0,383.0,192.0,600.0,297.0
2.0,5386.0,1050.0,580.0,0.0,0.0,0.0,388.0,192.0,1050.0,0.0
2.0,4336.0,1359.0,606.0,0.0,53.0,53.0,414.0,192.0,1359.0,0.0
2.0,2977.0,1210.0,628.0,0.0,1373.0,1373.0,437.0,191.0,1210.0,0.0
2.0,1767.0,614.0,635.0,0.0,2022.0,2022.0,449.0,186.0,614.0,0.0
2.0,1153.0,0.0,627.0,53.0,1929.0,1929.0,449.0,178.0,0.0,0.0
2.0,1206.0,69.0,617.0,1373.0,575.0,575.0,449.0,168.0,0.0,69.0
2.0,2510.0,271.0,611.0,2022.0,0.0,0.0,447.0,164.0,0.0,271.0
2.0,4261.0,466.0,605.0,1929.0,0.0,0.0,437.0,168.0,0.0,466.0
2.0,5724.0,592.0,598.0,575.0,0.0,0.0,419.0,179.0,0.0,592.0
2.0,5707.0,697.0,586.0,0.0,0.0,0.0,397.0,189.0,183.0,514.0
2.0,5010.0,887.0,580.0,0.0,0.0,0.0,386.0,194.0,644.0,243.0
2.0,4123.0,1097.0,588.0,0.0,0.0,0.0,394.0,194.0,1097.0,0.0
2.0,3026.0,1367.0,615.0,0.0,1416.0,1416.0,421.0,194.0,1367.0,0.0
2.0,1659.0,1172.0,636.0,0.0,2693.0,2693.0,443.0,193.0,1172.0,0.0
2.0,487.0,529.0,642.0,0.0,3210.0,3210.0,453.0,189.0,529.0,0.0
2.0,0.0,0.0,634.0,1416.0,1796.0,1796.0,453.0,181.0,0.0,0.0
2.0,1374.0,55.0,624.0,2693.0,0.0,0.0,453.0,171.0,0.0,55.0
2.0,4012.0,244.0,618.0,3210.0,0.0,0.0,452.0,166.0,0.0,244.0
2.0,6978.0,432.0,614.0,1796.0,0.0,0.0,444.0,170.0,0.0,432.0
2.0,8342.0,565.0,607.0,0.0,0.0,0.0,427.0,180.0,0.0,565.0
2.0,7777.0,628.0,595.0,0.0,0.0,0.0,405.0,190.0,120.0,508.0
2.0,7149.0,815.0,588.0,0.0,0.0,0.0,393.0,195.0,550.0,265.0
2.0,6334.0,989.0,593.0,0.0,0.0,0.0,398.0,195.0,989.0,0.0
2.0,5345.0,1294.0,618.0,0.0,0.0,0.0,423.0,195.0,1294.0,0.0
2.0,4051.0,1172.0,641.0,0.0,326.0,326.0,446.0,195.0,1172.0,0.0
2.0,2879.0,611.0,649.0,0.0,977.0,977.0,457.0,192.0,611.0,0.0
2.0,2268.0,0.0,642.0,0.0,942.0,942.0,457.0,185.0,0.0,0.0
2.0,2268.0,28.0,633.0,326.0,599.0,599.0,457.0,176.0,0.0,28.0
2.0,2566.0,208.0,627.0,977.0,0.0,0.0,457.0,170.0,0.0,208.0
2.0,3335.0,387.0,621.0,942.0,0.0,0.0,450.0,171.0,0.0,387.0
2.0,3890.0,540.0,616.0,599.0,0.0,0.0,435.0,181.0,0.0,540.0
2.0,3949.0,593.0,604.0,0.0,0.0,0.0,413.0,191.0,76.0,517.0
2.0,3356.0,815.0,596.0,0.0,439.0,439.0,399.0,197.0,504.0,311.0
2.0,2541.0,928.0,599.0,0.0,1382.0,1382.0,402.0,197.0,928.0,0.0
2.0,1613.0,1283.0,623.0,0.0,2785.0,2785.0,426.0,197.0,1283.0,0.0
2.0,330.0,1202.0,646.0,439.0,3230.0,3230.0,449.0,197.0,1202.0,0.0
2.0,0.0,709.0,657.0,1382.0,3045.0,3045.0,463.0,194.0,709.0,0.0
2.0,240.0,0.0,650.0,2785.0,225.0,225.0,463.0,187.0,0.0,0.0
2.0,3025.0,51.0,641.0,3230.0,0.0,0.0,463.0,178.0,0.0,51.0
2.0,6204.0,238.0,634.0,3045.0,0.0,0.0,462.0,172.0,0.0,238.0
2.0,9011.0,427.0,627.0,225.0,0.0,0.0,453.0,174.0,0.0,427.0
2.0,8809.0,569.0,620.0,0.0,0.0,0.0,436.0,184.0,0.0,569.0
2.0,8240.0,675.0,609.0,0.0,0.0,0.0,415.0,194.0,155.0,520.0
2.0,7565.0,894.0,603.0,0.0,0.0,0.0,403.0,200.0,609.0,285.0
2.0,6671.0,1063.0,608.0,0.0,0.0,0.0,408.0,200.0,1063.0,0.0
2.0,5608.0,1366.0,635.0,0.0,0.0,0.0,435.0,200.0,1366.0,0.0
2.0,4242.0,1219.0,657.0,0.0,262.0,262.0,458.0,199.0,1219.0,0.0
2.0,3023.0,624.0,665.0,0.0,926.0,926.0,470.0,195.0,624.0,0.0
2.0,2399.0,0.0,657.0,0.0,886.0,886.0,470.0,187.0,0.0,0.0
2.0,2399.0,99.0,647.0,262.0,673.0,673.0,470.0,177.0,0.0,99.0
2.0,2562.0,299.0,640.0,926.0,11.0,11.0,467.0,173.0,0.0,299.0
2.0,3189.0,505.0,633.0,886.0,0.0,0.0,456.0,177.0,0.0,505.0
2.0,3570.0,609.0,625.0,673.0,0.0,0.0,436.0,189.0,0.0,609.0
2.0,3634.0,760.0,613.0,11.0,180.0,180.0,414.0,199.0,247.0,513.0
2.0,2885.0,938.0,608.0,0.0,1093.0,1093.0,405.0,203.0,725.0,213.0
2.0,1947.0,1211.0,619.0,0.0,2359.0,2359.0,416.0,203.0,1211.0,0.0
2.0,736.0,1449.0,647.0,180.0,3235.0,3235.0,444.0,203.0,1449.0,0.0
2.0,0.0,1209.0,668.0,1093.0,3340.0,3340.0,467.0,201.0,1209.0,0.0
2.0,0.0,479.0,673.0,2359.0,2134.0,2134.0,477.0,196.0,479.0,0.0
2.0,1231.0,41.0,664.0,3235.0,0.0,0.0,477.0,187.0,41.0,0.0
2.0,4425.0,121.0,655.0,3340.0,0.0,0.0,477.0,178.0,0.0,121.0
2.0,7644.0,331.0,649.0,2134.0,0.0,0.0,474.0,175.0,0.0,331.0
2.0,9447.0,537.0,642.0,0.0,0.0,0.0,462.0,180.0,0.0,537.0
2.0,8910.0,620.0,632.0,0.0,0.0,0.0,440.0,192.0,0.0,620.0
2.0,8290.0,689.0,620.0,0.0,0.0,0.0,418.0,202.0,194.0,495.0
2.0,7601.0,840.0,613.0,0.0,0.0,0.0,408.0,205.0,674.0,166.0
2.0,6761.0,1148.0,625.0,0.0,0.0,0.0,420.0,205.0,1148.0,0.0
2.0,5613.0,1433.0,653.0,0.0,0.0,0.0,448.0,205.0,1433.0,0.0
2.0,4180.0,1226.0,675.0,0.0,421.0,421.0,471.0,204.0,1226.0,0.0
2.0,2954.0,551.0,681.0,0.0,1002.0,1002.0,482.0,199.0,551.0,0.0
2.0,2403.0,0.0,673.0,0.0,962.0,962.0,482.0,191.0,0.0,0.0
2.0,2403.0,92.0,664.0,421.0,588.0,588.0,482.0,182.0,0.0,92.0
2.0,2732.0,290.0,658.0,1002.0,0.0,0.0,480.0,178.0,0.0,290.0
2.0,3444.0,484.0,651.0,962.0,0.0,0.0,469.0,182.0,0.0,484.0
2.0,3922.0,587.0,643.0,588.0,0.0,0.0,450.0,193.0,0.0,587.0
2.0,3923.0,589.0,630.0,0.0,0.0,0.0,427.0,203.0,94.0,495.0
2.0,3334.0,756.0,622.0,0.0,532.0,532.0,415.0,207.0,551.0,205.0
2.0,2578.0,1001.0,630.0,0.0,1573.0,1573.0,423.0,207.0,1001.0,0.0
2.0,1577.0,1361.0,656.0,0.0,3064.0,3064.0,449.0,207.0,1361.0,0.0
2.0,216.0,1259.0,679.0,532.0,3395.0,3395.0,473.0,206.0,1259.0,0.0
2.0,0.0,709.0,689.0,1573.0,3092.0,3092.0,487.0,202.0,709.0,0.0
2.0,353.0,0.0,682.0,3064.0,0.0,0.0,487.0,195.0,0.0,0.0
2.0,3417.0,73.0,673.0,3395.0,0.0,0.0,487.0,186.0,0.0,73.0
2.0,6739.0,264.0,666.0,3092.0,0.0,0.0,485.0,181.0,0.0,264.0
2.0,9567.0,455.0,659.0,0.0,0.0,0.0,475.0,184.0,0.0,455.0
2.0,9112.0,578.0,653.0,0.0,0.0,0.0,458.0,195.0,0.0,578.0
2.0,8534.0,575.0,638.0,0.0,0.0,0.0,434.0,204.0,69.0,506.0
2.0,7959.0,768.0,630.0,0.0,0.0,0.0,421.0,209.0,524.0,244.0
2.0,7191.0,977.0,635.0,0.0,0.0,0.0,426.0,209.0,977.0,0.0
2.0,6214.0,1365.0,662.0,0.0,0.0,0.0,453.0,209.0,1365.0,0.0
2.0,4849.0,1295.0,685.0,0.0,0.0,0.0,477.0,208.0,1295.0,0.0
2.0,3554.0,783.0,697.0,0.0,714.0,714.0,493.0,204.0,783.0,0.0
2.0,2771.0,0.0,688.0,0.0,669.0,669.0,493.0,195.0,0.0,0.0
2.0,2771.0,100.0,679.0,0.0,724.0,724.0,493.0,186.0,0.0,100.0
2.0,2671.0,303.0,672.0,714.0,278.0,278.0,490.0,182.0,0.0,303.0
2.0,3082.0,510.0,664.0,669.0,79.0,79.0,478.0,186.0,0.0,510.0
2.0,3241.0,613.0,655.0,724.0,0.0,0.0,457.0,198.0,0.0,613.0
2.0,3352.0,706.0,643.0,278.0,291.0,291.0,435.0,208.0,190.0,516.0
2.0,2924.0,890.0,636.0,79.0,1067.0,1067.0,424.0,212.0,676.0,214.0
2.0,2113.0,1162.0,647.0,0.0,2284.0,2284.0,435.0,212.0,1162.0,0.0
2.0,951.0,1467.0,675.0,291.0,3375.0,3375.0,463.0,212.0,1467.0,0.0
2.0,0.0,1283.0,698.0,1067.0,3490.0,3490.0,488.0,210.0,1283.0,0.0
2.0,0.0,622.0,705.0,2284.0,2304.0,2304.0,500.0,205.0,622.0,0.0
2.0,1221.0,0.0,695.0,3375.0,0.0,0.0,500.0,195.0,0.0,0.0
2.0,4596.0,144.0,686.0,3490.0,0.0,0.0,500.0,186.0,0.0,144.0
2.0,7942.0,363.0,678.0,2304.0,0.0,0.0,495.0,183.0,0.0,363.0
2.0,9883.0,578.0,671.0,0.0,0.0,0.0,481.0,190.0,0.0,578.0
2.0,9305.0,650.0,661.0,0.0,0.0,0.0,458.0,203.0,0.0,650.0
2.0,8655.0,778.0,647.0,0.0,0.0,0.0,435.0,212.0,274.0,504.0
2.0,7877.0,920.0,642.0,0.0,0.0,0.0,427.0,215.0,778.0,142.0
2.0,6957.0,1289.0,657.0,0.0,0.0,0.0,442.0,215.0,1289.0,0.0
2.0,5668.0,1519.0,686.0,0.0,0.0,0.0,471.0,215.0,1519.0,0.0
2.0,4149.0,1250.0,708.0,0.0,641.0,641.0,495.0,213.0,1250.0,0.0
2.0,2899.0,463.0,710.0,0.0,1114.0,1114.0,504.0,206.0,463.0,0.0
2.0,2436.0,0.0,700.0,0.0,1064.0,1064.0,504.0,196.0,0.0,0.0
2.0,2436.0,148.0,691.0,641.0,526.0,526.0,504.0,187.0,0.0,148.0
2.0,2929.0,362.0,684.0,1114.0,0.0,0.0,500.0,184.0,0.0,362.0
2.0,3681.0,576.0,679.0,1064.0,0.0,0.0,487.0,192.0,0.0,576.0
2.0,4169.0,642.0,670.0,526.0,0.0,0.0,465.0,205.0,0.0,642.0
2.0,4053.0,727.0,656.0,0.0,0.0,0.0,442.0,214.0,236.0,491.0
2.0,3326.0,850.0,648.0,0.0,764.0,764.0,432.0,216.0,725.0,125.0
2.0,2476.0,1215.0,661.0,0.0,2044.0,2044.0,445.0,216.0,1215.0,0.0
2.0,1261.0,1473.0,689.0,0.0,3445.0,3445.0,473.0,216.0,1473.0,0.0
2.0,0.0,1231.0,712.0,764.0,3560.0,3560.0,497.0,215.0,1231.0,0.0
2.0,0.0,508.0,716.0,2044.0,2723.0,2723.0,507.0,209.0,508.0,0.0
2.0,857.0,0.0,707.0,3445.0,0.0,0.0,507.0,200.0,0.0,0.0
2.0,4302.0,124.0,698.0,3560.0,0.0,0.0,507.0,191.0,0.0,124.0
2.0,7738.0,328.0,693.0,2723.0,0.0,0.0,505.0,188.0,0.0,328.0
2.0,10133.0,533.0,688.0,0.0,0.0,0.0,494.0,194.0,0.0,533.0
2.0,9600.0,611.0,681.0,0.0,0.0,0.0,475.0,206.0,0.0,611.0
2.0,8989.0,658.0,667.0,0.0,0.0,0.0,452.0,215.0,173.0,485.0
2.0,8331.0,804.0,658.0,0.0,0.0,0.0,440.0,218.0,645.0,159.0
2.0,7527.0,1126.0,666.0,0.0,0.0,0.0,448.0,218.0,1126.0,0.0
2.0,6401.0,1424.0,694.0,0.0,0.0,0.0,476.0,218.0,1424.0,0.0
2.0,4977.0,1253.0,717.0,0.0,0.0,0.0,500.0,217.0,1253.0,0.0
2.0,3724.0,596.0,723.0,0.0,487.0,487.0,511.0,212.0,596.0,0.0
2.0,3128.0,0.0,714.0,0.0,442.0,442.0,511.0,203.0,0.0,0.0
2.0,3128.0,121.0,705.0,0.0,518.0,518.0,511.0,194.0,0.0,121.0
2.0,3007.0,324.0,701.0,487.0,335.0,335.0,510.0,191.0,0.0,324.0
2.0,3170.0,530.0,696.0,442.0,398.0,398.0,500.0,196.0,0.0,530.0
2.0,3082.0,619.0,689.0,518.0,464.0,464.0,481.0,208.0,0.0,619.0
2.0,2981.0,697.0,677.0,335.0,766.0,766.0,459.0,218.0,196.0,501.0
2.0,2619.0,859.0,668.0,398.0,1182.0,1182.0,447.0,221.0,682.0,177.0
2.0,2158.0,1164.0,675.0,464.0,1917.0,1917.0,454.0,221.0,1164.0,0.0
2.0,1458.0,1450.0,703.0,766.0,2741.0,2741.0,482.0,221.0,1450.0,0.0
2.0,774.0,1265.0,725.0,1182.0,2934.0,2934.0,506.0,219.0,1265.0,0.0
2.0,691.0,595.0,731.0,1917.0,1642.0,1642.0,518.0,213.0,595.0,0.0
2.0,2013.0,0.0,721.0,2741.0,0.0,0.0,518.0,203.0,0.0,0.0
2.0,4754.0,150.0,713.0,2934.0,0.0,0.0,518.0,195.0,0.0,150.0
2.0,7538.0,366.0,706.0,1642.0,0.0,0.0,514.0,192.0,0.0,366.0
2.0,8814.0,586.0,700.0,0.0,0.0,0.0,501.0,199.0,0.0,586.0
2.0,8228.0,655.0,690.0,0.0,0.0,0.0,479.0,211.0,0.0,655.0
2.0,7573.0,835.0,678.0,0.0,0.0,0.0,457.0,221.0,327.0,508.0
2.0,6738.0,987.0,673.0,0.0,0.0,0.0,449.0,224.0,844.0,143.0
2.0,5751.0,1374.0,687.0,0.0,0.0,0.0,463.0,224.0,1374.0,0.0
2.0,4377.0,1574.0,717.0,0.0,782.0,782.0,493.0,224.0,1574.0,0.0
2.0,2803.0,1258.0,738.0,0.0,2145.0,2145.0,517.0,221.0,1258.0,0.0
2.0,1545.0,415.0,739.0,0.0,2565.0,2565.0,525.0,214.0,415.0,0.0
2.0,1130.0,0.0,728.0,782.0,1728.0,1728.0,525.0,203.0,0.0,0.0
2.0,1912.0,192.0,719.0,2145.0,0.0,0.0,525.0,194.0,0.0,192.0
2.0,3865.0,424.0,713.0,2565.0,0.0,0.0,520.0,193.0,0.0,424.0
2.0,6006.0,652.0,708.0,1728.0,0.0,0.0,505.0,203.0,0.0,652.0
2.0,7082.0,687.0,696.0,0.0,0.0,0.0,480.0,216.0,0.0,687.0
2.0,6395.0,846.0,683.0,0.0,0.0,0.0,458.0,225.0,356.0,490.0
2.0,5549.0,958.0,677.0,0.0,0.0,0.0,451.0,226.0,892.0,66.0
2.0,4591.0,1426.0,696.0,0.0,315.0,315.0,470.0,226.0,1426.0,0.0
2.0,3165.0,1597.0,726.0,0.0,2062.0,2062.0,500.0,226.0,1597.0,0.0
2.0,1568.0,1236.0,748.0,0.0,3408.0,3408.0,524.0,224.0,1236.0,0.0
2.0,332.0,332.0,748.0,315.0,3425.0,3425.0,531.0,217.0,332.0,0.0
2.0,315.0,0.0,737.0,2062.0,1308.0,1308.0,531.0,206.0,0.0,0.0
2.0,2377.0,179.0,728.0,3408.0,0.0,0.0,531.0,197.0,0.0,179.0
2.0,5606.0,400.0,721.0,3425.0,0.0,0.0,526.0,195.0,0.0,400.0
2.0,8631.0,622.0,716.0,1308.0,0.0,0.0,512.0,204.0,0.0,622.0
2.0,9317.0,662.0,706.0,0.0,0.0,0.0,489.0,217.0,0.0,662.0
2.0,8655.0,756.0,692.0,0.0,0.0,0.0,466.0,226.0,276.0,480.0
2.0,7899.0,868.0,685.0,0.0,0.0,0.0,457.0,228.0,786.0,82.0
2.0,7031.0,1303.0,700.0,0.0,0.0,0.0,472.0,228.0,1303.0,0.0
2.0,5728.0,1527.0,730.0,0.0,0.0,0.0,502.0,228.0,1527.0,0.0
2.0,4201.0,1247.0,752.0,0.0,806.0,806.0,526.0,226.0,1247.0,0.0
2.0,2954.0,448.0,753.0,0.0,1259.0,1259.0,534.0,219.0,448.0,0.0
2.0,2506.0,0.0,743.0,0.0,1209.0,1209.0,534.0,209.0,0.0,0.0
2.0,2506.0,156.0,734.0,806.0,514.0,514.0,534.0,200.0,0.0,156.0
2.0,3156.0,369.0,729.0,1259.0,0.0,0.0,531.0,198.0,0.0,369.0
2.0,4046.0,582.0,725.0,1209.0,0.0,0.0,519.0,206.0,0.0,582.0
2.0,4673.0,639.0,715.0,514.0,0.0,0.0,497.0,218.0,0.0,639.0
2.0,4548.0,717.0,702.0,0.0,0.0,0.0,474.0,228.0,230.0,487.0
2.0,3831.0,842.0,694.0,0.0,481.0,481.0,464.0,230.0,725.0,117.0
2.0,2989.0,1225.0,706.0,0.0,1766.0,1766.0,476.0,230.0,1225.0,0.0
2.0,1764.0,1490.0,735.0,0.0,3401.0,3401.0,505.0,230.0,1490.0,0.0
2.0,274.0,1268.0,757.0,481.0,3785.0,3785.0,529.0,228.0,1268.0,0.0
2.0,0.0,540.0,761.0,1766.0,3092.0,3092.0,539.0,222.0,540.0,0.0
2.0,713.0,0.0,750.0,3401.0,0.0,0.0,539.0,211.0,0.0,0.0
2.0,4114.0,159.0,742.0,3785.0,0.0,0.0,539.0,203.0,0.0,159.0
2.0,7740.0,374.0,736.0,3092.0,0.0,0.0,536.0,200.0,0.0,374.0
2.0,10458.0,592.0,730.0,0.0,0.0,0.0,522.0,208.0,0.0,592.0
2.0,9866.0,656.0,721.0,0.0,0.0,0.0,500.0,221.0,0.0,656.0
2.0,9210.0,795.0,708.0,0.0,0.0,0.0,478.0,230.0,293.0,502.0
2.0,8415.0,938.0,702.0,0.0,0.0,0.0,469.0,233.0,808.0,130.0
2.0,7477.0,1329.0,716.0,0.0,0.0,0.0,483.0,233.0,1329.0,0.0
2.0,6148.0,1557.0,746.0,0.0,0.0,0.0,513.0,233.0,1557.0,0.0
2.0,4591.0,1280.0,768.0,0.0,529.0,529.0,538.0,230.0,1280.0,0.0
2.0,3311.0,479.0,770.0,0.0,1018.0,1018.0,547.0,223.0,479.0,0.0
2.0,2832.0,0.0,759.0,0.0,963.0,963.0,547.0,212.0,0.0,0.0
2.0,2832.0,200.0,750.0,529.0,589.0,589.0,547.0,203.0,0.0,200.0
2.0,3161.0,431.0,742.0,1018.0,0.0,0.0,541.0,201.0,0.0,431.0
2.0,3748.0,668.0,736.0,963.0,0.0,0.0,524.0,212.0,0.0,668.0
2.0,4043.0,702.0,723.0,589.0,0.0,0.0,498.0,225.0,0.0,702.0
2.0,3930.0,922.0,711.0,0.0,547.0,547.0,476.0,235.0,417.0,505.0
2.0,3008.0,1033.0,706.0,0.0,1555.0,1555.0,470.0,236.0,962.0,71.0
2.0,1975.0,1518.0,727.0,0.0,3178.0,3178.0,491.0,236.0,1518.0,0.0
2.0,457.0,1650.0,759.0,547.0,3795.0,3795.0,523.0,236.0,1650.0,0.0
2.0,0.0,1248.0,779.0,1555.0,3895.0,3895.0,547.0,232.0,1248.0,0.0
2.0,0.0,288.0,777.0,3178.0,1334.0,1334.0,553.0,224.0,288.0,0.0
2.0,2551.0,0.0,765.0,3795.0,0.0,0.0,553.0,212.0,0.0,0.0
2.0,6346.0,220.0,756.0,3895.0,0.0,0.0,553.0,203.0,0.0,220.0
2.0,10021.0,464.0,748.0,1334.0,0.0,0.0,546.0,202.0,0.0,464.0
2.0,10891.0,702.0,743.0,0.0,0.0,0.0,529.0,214.0,0.0,702.0
2.0,10189.0,719.0,729.0,0.0,0.0,0.0,501.0,228.0,0.0,719.0
2.0,9470.0,934.0,717.0,0.0,0.0,0.0,479.0,238.0,442.0,492.0
2.0,8536.0,1025.0,712.0,0.0,0.0,0.0,474.0,238.0,999.0,26.0
2.0,7511.0,1547.0,736.0,0.0,0.0,0.0,498.0,238.0,1547.0,0.0
2.0,5964.0,1658.0,768.0,0.0,0.0,0.0,530.0,238.0,1658.0,0.0
2.0,4306.0,1201.0,788.0,0.0,835.0,835.0,553.0,235.0,1201.0,0.0
2.0,3105.0,209.0,784.0,0.0,1024.0,1024.0,557.0,227.0,209.0,0.0
2.0,2896.0,0.0,772.0,0.0,964.0,964.0,557.0,215.0,0.0,0.0
2.0,2896.0,198.0,763.0,835.0,282.0,282.0,557.0,206.0,0.0,198.0
2.0,3533.0,429.0,756.0,1024.0,0.0,0.0,551.0,205.0,0.0,429.0
2.0,4128.0,659.0,752.0,964.0,0.0,0.0,536.0,216.0,0.0,659.0
2.0,4433.0,688.0,741.0,282.0,0.0,0.0,511.0,230.0,0.0,688.0
2.0,4027.0,856.0,728.0,0.0,469.0,469.0,489.0,239.0,366.0,490.0
2.0,3171.0,950.0,722.0,0.0,1389.0,1389.0,482.0,240.0,893.0,57.0
2.0,2221.0,1423.0,741.0,0.0,2907.0,2907.0,501.0,240.0,1423.0,0.0
2.0,798.0,1580.0,771.0,469.0,3855.0,3855.0,531.0,240.0,1580.0,0.0
2.0,0.0,1208.0,791.0,1389.0,3955.0,3955.0,554.0,237.0,1208.0,0.0
2.0,0.0,309.0,790.0,2907.0,1484.0,1484.0,560.0,230.0,309.0,0.0
2.0,2466.0,0.0,779.0,3855.0,0.0,0.0,560.0,219.0,0.0,0.0
2.0,6321.0,167.0,770.0,3955.0,0.0,0.0,560.0,210.0,0.0,167.0
2.0,10109.0,389.0,764.0,1484.0,0.0,0.0,556.0,208.0,0.0,389.0
2.0,11204.0,612.0,759.0,0.0,0.0,0.0,542.0,217.0,0.0,612.0
2.0,10592.0,673.0,748.0,0.0,0.0,0.0,518.0,230.0,0.0,673.0
2.0,9919.0,854.0,737.0,0.0,0.0,0.0,497.0,240.0,347.0,507.0
2.0,9065.0,986.0,731.0,0.0,0.0,0.0,489.0,242.0,868.0,118.0
2.0,8079.0,1388.0,747.0,0.0,0.0,0.0,505.0,242.0,1388.0,0.0
2.0,6691.0,1570.0,777.0,0.0,0.0,0.0,535.0,242.0,1570.0,0.0
2.0,5121.0,1230.0,798.0,0.0,99.0,99.0,559.0,239.0,1230.0,0.0
2.0,3891.0,372.0,798.0,0.0,471.0,471.0,566.0,232.0,372.0,0.0
2.0,3519.0,0.0,787.0,0.0,416.0,416.0,566.0,221.0,0.0,0.0
2.0,3519.0,182.0,778.0,99.0,454.0,454.0,566.0,212.0,0.0,182.0
2.0,3436.0,412.0,770.0,471.0,355.0,355.0,560.0,210.0,0.0,412.0
2.0,3495.0,647.0,765.0,416.0,561.0,561.0,545.0,220.0,0.0,647.0
2.0,3264.0,696.0,752.0,454.0,738.0,738.0,519.0,233.0,0.0,696.0
2.0,3022.0,965.0,741.0,355.0,1293.0,1293.0,498.0,243.0,447.0,518.0
2.0,2412.0,1101.0,738.0,561.0,1818.0,1818.0,493.0,245.0,995.0,106.0
2.0,1872.0,1551.0,758.0,738.0,2731.0,2731.0,513.0,245.0,1551.0,0.0
2.0,1059.0,1657.0,790.0,1293.0,3255.0,3255.0,545.0,245.0,1657.0,0.0
2.0,695.0,1219.0,809.0,1818.0,2751.0,2751.0,568.0,241.0,1219.0,0.0
2.0,1294.0,238.0,806.0,2731.0,243.0,243.0,573.0,233.0,238.0,0.0
2.0,3787.0,0.0,793.0,3255.0,0.0,0.0,573.0,220.0,0.0,0.0
2.0,7042.0,227.0,784.0,2751.0,0.0,0.0,573.0,211.0,0.0,227.0
2.0,9566.0,470.0,775.0,243.0,0.0,0.0,565.0,210.0,0.0,470.0
2.0,9339.0,720.0,770.0,0.0,0.0,0.0,547.0,223.0,0.0,720.0
2.0,8619.0,737.0,754.0,0.0,0.0,0.0,517.0,237.0,0.0,737.0
2.0,7882.0,1065.0,743.0,0.0,0.0,0.0,496.0,247.0,551.0,514.0
2.0,6817.0,1162.0,742.0,0.0,0.0,0.0,494.0,248.0,1123.0,39.0
2.0,5655.0,1705.0,769.0,0.0,0.0,0.0,521.0,248.0,1705.0,0.0
2.0,3950.0,1735.0,802.0,0.0,1795.0,1795.0,554.0,248.0,1735.0,0.0
2.0,2215.0,1189.0,820.0,0.0,3074.0,3074.0,577.0,243.0,1189.0,0.0
2.0,1026.0,65.0,813.0,0.0,3104.0,3104.0,579.0,234.0,65.0,0.0
2.0,961.0,0.0,800.0,1795.0,1244.0,1244.0,579.0,221.0,0.0,0.0
2.0,2756.0,241.0,791.0,3074.0,0.0,0.0,579.0,212.0,0.0,241.0
2.0,5589.0,488.0,782.0,3104.0,0.0,0.0,570.0,212.0,0.0,488.0
2.0,8205.0,739.0,776.0,1244.0,0.0,0.0,551.0,225.0,0.0,739.0
2.0,8710.0,746.0,761.0,0.0,0.0,0.0,521.0,240.0,0.0,746.0
2.0,7964.0,1046.0,749.0,0.0,0.0,0.0,500.0,249.0,544.0,502.0
2.0,6918.0,1125.0,748.0,0.0,0.0,0.0,498.0,250.0,1118.0,7.0
2.0,5793.0,1686.0,776.0,0.0,0.0,0.0,526.0,250.0,1686.0,0.0
2.0,4107.0,1717.0,810.0,0.0,1660.0,1660.0,560.0,250.0,1717.0,0.0
2.0,2390.0,1165.0,828.0,0.0,2915.0,2915.0,582.0,246.0,1165.0,0.0
2.0,1225.0,47.0,821.0,0.0,2927.0,2927.0,583.0,238.0,47.0,0.0
2.0,1178.0,0.0,808.0,1660.0,1202.0,1202.0,583.0,225.0,0.0,0.0
2.0,2838.0,209.0,799.0,2915.0,0.0,0.0,583.0,216.0,0.0,209.0
2.0,5544.0,448.0,791.0,2927.0,0.0,0.0,576.0,215.0,0.0,448.0
2.0,8023.0,683.0,786.0,1202.0,0.0,0.0,559.0,227.0,0.0,683.0
2.0,8542.0,710.0,772.0,0.0,0.0,0.0,531.0,241.0,0.0,710.0
2.0,7832.0,951.0,760.0,0.0,0.0,0.0,510.0,250.0,453.0,498.0
2.0,6881.0,1054.0,757.0,0.0,0.0,0.0,506.0,251.0,1000.0,54.0
2.0,5827.0,1552.0,780.0,0.0,0.0,0.0,529.0,251.0,1552.0,0.0
2.0,4275.0,1649.0,812.0,0.0,1434.0,1434.0,561.0,251.0,1649.0,0.0
2.0,2626.0,1194.0,832.0,0.0,2728.0,2728.0,584.0,248.0,1194.0,0.0
2.0,1432.0,185.0,828.0,0.0,2893.0,2893.0,588.0,240.0,185.0,0.0
2.0,1247.0,0.0,817.0,1434.0,1404.0,1404.0,588.0,229.0,0.0,0.0
2.0,2681.0,196.0,808.0,2728.0,0.0,0.0,588.0,220.0,0.0,196.0
2.0,5213.0,429.0,799.0,2893.0,0.0,0.0,581.0,218.0,0.0,429.0
2.0,7677.0,663.0,792.0,1404.0,0.0,0.0,564.0,228.0,0.0,663.0
2.0,8418.0,701.0,780.0,0.0,0.0,0.0,538.0,242.0,0.0,701.0
2.0,7717.0,957.0,768.0,0.0,0.0,0.0,516.0,252.0,445.0,512.0
2.0,6760.0,1085.0,765.0,0.0,0.0,0.0,512.0,253.0,1000.0,85.0
2.0,5675.0,1552.0,787.0,0.0,0.0,0.0,534.0,253.0,1552.0,0.0
2.0,4123.0,1660.0,819.0,0.0,1632.0,1632.0,566.0,253.0,1660.0,0.0
2.0,2463.0,1222.0,840.0,0.0,2959.0,2959.0,590.0,250.0,1222.0,0.0
2.0,1241.0,232.0,836.0,0.0,3171.0,3171.0,594.0,242.0,232.0,0.0
2.0,1009.0,0.0,824.0,1632.0,1479.0,1479.0,594.0,230.0,0.0,0.0
2.0,2641.0,234.0,815.0,2959.0,0.0,0.0,594.0,221.0,0.0,234.0
2.0,5366.0,479.0,806.0,3171.0,0.0,0.0,586.0,220.0,0.0,479.0
2.0,8058.0,724.0,798.0,1479.0,0.0,0.0,566.0,232.0,0.0,724.0
2.0,8813.0,743.0,783.0,0.0,0.0,0.0,537.0,246.0,0.0,743.0
2.0,8070.0,1102.0,772.0,0.0,0.0,0.0,516.0,256.0,588.0,514.0
2.0,6968.0,1216.0,772.0,0.0,0.0,0.0,515.0,257.0,1175.0,41.0
2.0,5752.0,1765.0,802.0,0.0,23.0,23.0,545.0,257.0,1765.0,0.0
2.0,3987.0,1767.0,836.0,0.0,1960.0,1960.0,579.0,257.0,1767.0,0.0
2.0,2220.0,1190.0,853.0,0.0,3235.0,3235.0,601.0,252.0,1190.0,0.0
2.0,1030.0,19.0,845.0,23.0,3191.0,3191.0,602.0,243.0,19.0,0.0
2.0,1034.0,16.0,832.0,1960.0,1182.0,1182.0,602.0,230.0,0.0,16.0
2.0,2978.0,278.0,823.0,3235.0,0.0,0.0,602.0,221.0,0.0,278.0
2.0,5935.0,535.0,812.0,3191.0,0.0,0.0,591.0,221.0,0.0,535.0
2.0,8591.0,776.0,806.0,1182.0,0.0,0.0,570.0,236.0,0.0,776.0
2.0,8997.0,813.0,788.0,0.0,0.0,0.0,538.0,250.0,57.0,756.0
2.0,8184.0,1139.0,776.0,0.0,0.0,0.0,517.0,259.0,660.0,479.0
2.0,7045.0,1269.0,778.0,0.0,0.0,0.0,519.0,259.0,1269.0,0.0
2.0,5776.0,1814.0,811.0,0.0,93.0,93.0,552.0,259.0,1814.0,0.0
2.0,3962.0,1762.0,845.0,0.0,2025.0,2025.0,586.0,259.0,1762.0,0.0
2.0,2200.0,1094.0,862.0,0.0,3204.0,3204.0,607.0,255.0,1094.0,0.0
2.0,1106.0,0.0,852.0,93.0,3061.0,3061.0,607.0,245.0,0.0,0.0
2.0,1199.0,25.0,839.0,2025.0,996.0,996.0,607.0,232.0,0.0,25.0
2.0,3199.0,282.0,830.0,3204.0,0.0,0.0,607.0,223.0,0.0,282.0
2.0,6121.0,538.0,820.0,3061.0,0.0,0.0,597.0,223.0,0.0,538.0
2.0,8644.0,767.0,813.0,996.0,0.0,0.0,575.0,238.0,0.0,767.0
2.0,8873.0,757.0,795.0,0.0,0.0,0.0,543.0,252.0,19.0,738.0
2.0,8116.0,1063.0,783.0,0.0,0.0,0.0,522.0,261.0,606.0,457.0
2.0,7053.0,1200.0,784.0,0.0,0.0,0.0,523.0,261.0,1200.0,0.0
2.0,5853.0,1761.0,817.0,0.0,0.0,0.0,556.0,261.0,1761.0,0.0
2.0,4092.0,1737.0,850.0,0.0,1895.0,1895.0,589.0,261.0,1737.0,0.0
2.0,2355.0,1121.0,868.0,0.0,3106.0,3106.0,611.0,257.0,1121.0,0.0
2.0,1234.0,0.0,859.0,0.0,3061.0,3061.0,611.0,248.0,0.0,0.0
2.0,1234.0,0.0,846.0,1895.0,1101.0,1101.0,611.0,235.0,0.0,0.0
2.0,3129.0,240.0,837.0,3106.0,0.0,0.0,611.0,226.0,0.0,240.0
2.0,5995.0,485.0,828.0,3061.0,0.0,0.0,602.0,226.0,0.0,485.0
2.0,8571.0,729.0,822.0,1101.0,0.0,0.0,583.0,239.0,0.0,729.0
2.0,8943.0,734.0,806.0,0.0,0.0,0.0,553.0,253.0,0.0,734.0
2.0,8209.0,1030.0,794.0,0.0,0.0,0.0,531.0,263.0,532.0,498.0
2.0,7179.0,1120.0,793.0,0.0,0.0,0.0,530.0,263.0,1107.0,13.0
2.0,6059.0,1680.0,821.0,0.0,0.0,0.0,558.0,263.0,1680.0,0.0
2.0,4379.0,1720.0,854.0,0.0,1611.0,1611.0,591.0,263.0,1720.0,0.0
2.0,2659.0,1180.0,873.0,0.0,2886.0,2886.0,614.0,259.0,1180.0,0.0
2.0,1479.0,67.0,866.0,0.0,2918.0,2918.0,615.0,251.0,67.0,0.0
2.0,1412.0,0.0,853.0,1611.0,1242.0,1242.0,615.0,238.0,0.0,0.0
2.0,3023.0,236.0,844.0,2886.0,0.0,0.0,615.0,229.0,0.0,236.0
2.0,5673.0,482.0,836.0,2918.0,0.0,0.0,607.0,229.0,0.0,482.0
2.0,8109.0,728.0,829.0,1242.0,0.0,0.0,588.0,241.0,0.0,728.0
2.0,8623.0,744.0,813.0,0.0,0.0,0.0,558.0,255.0,0.0,744.0
2.0,7879.0,1068.0,802.0,0.0,0.0,0.0,537.0,265.0,559.0,509.0
2.0,6811.0,1173.0,801.0,0.0,0.0,0.0,535.0,266.0,1144.0,29.0
2.0,5638.0,1726.0,830.0,0.0,238.0,238.0,564.0,266.0,1726.0,0.0
2.0,3912.0,1756.0,864.0,0.0,2164.0,2164.0,598.0,266.0,1756.0,0.0
2.0,2156.0,1208.0,882.0,0.0,3462.0,3462.0,621.0,261.0,1208.0,0.0
2.0,948.0,74.0,874.0,238.0,3258.0,3258.0,622.0,252.0,74.0,0.0
2.0,1112.0,16.0,860.0,2164.0,1040.0,1040.0,622.0,238.0,0.0,16.0
2.0,3260.0,274.0,851.0,3462.0,0.0,0.0,622.0,229.0,0.0,274.0
2.0,6448.0,533.0,841.0,3258.0,0.0,0.0,611.0,230.0,0.0,533.0
2.0,9173.0,776.0,832.0,1040.0,0.0,0.0,588.0,244.0,0.0,776.0
2.0,9437.0,838.0,814.0,0.0,0.0,0.0,556.0,258.0,69.0,769.0
2.0,8599.0,1186.0,803.0,0.0,0.0,0.0,535.0,268.0,687.0,499.0
2.0,7413.0,1302.0,805.0,0.0,0.0,0.0,537.0,268.0,1302.0,0.0
2.0,6111.0,1859.0,840.0,0.0,0.0,0.0,572.0,268.0,1859.0,0.0
2.0,4252.0,1791.0,875.0,0.0,1914.0,1914.0,607.0,268.0,1791.0,0.0
2.0,2461.0,1114.0,890.0,0.0,3103.0,3103.0,628.0,262.0,1114.0,0.0
2.0,1347.0,0.0,880.0,0.0,3053.0,3053.0,628.0,252.0,0.0,0.0
2.0,1347.0,54.0,866.0,1914.0,1123.0,1123.0,628.0,238.0,0.0,54.0
2.0,3207.0,322.0,857.0,3103.0,0.0,0.0,627.0,230.0,0.0,322.0
2.0,5988.0,590.0,847.0,3053.0,0.0,0.0,615.0,232.0,0.0,590.0
2.0,8451.0,809.0,838.0,1123.0,0.0,0.0,590.0,248.0,0.0,809.0
2.0,8765.0,876.0,820.0,0.0,0.0,0.0,558.0,262.0,118.0,758.0
2.0,7889.0,1185.0,809.0,0.0,0.0,0.0,538.0,271.0,749.0,436.0
2.0,6704.0,1374.0,814.0,0.0,0.0,0.0,543.0,271.0,1374.0,0.0
2.0,5330.0,1887.0,851.0,0.0,812.0,812.0,580.0,271.0,1887.0,0.0
2.0,3443.0,1762.0,884.0,0.0,2739.0,2739.0,614.0,270.0,1762.0,0.0
2.0,1681.0,1017.0,898.0,0.0,3826.0,3826.0,633.0,265.0,1017.0,0.0
2.0,664.0,0.0,887.0,812.0,2959.0,2959.0,633.0,254.0,0.0,0.0
2.0,1476.0,37.0,873.0,2739.0,187.0,187.0,633.0,240.0,0.0,37.0
2.0,4178.0,302.0,865.0,3826.0,0.0,0.0,633.0,232.0,0.0,302.0
2.0,7702.0,570.0,855.0,2959.0,0.0,0.0,621.0,234.0,0.0,570.0
2.0,10091.0,797.0,847.0,187.0,0.0,0.0,598.0,249.0,0.0,797.0
2.0,9481.0,821.0,829.0,0.0,0.0,0.0,565.0,264.0,63.0,758.0
2.0,8660.0,1124.0,818.0,0.0,0.0,0.0,545.0,273.0,674.0,450.0
2.0,7536.0,1285.0,821.0,0.0,0.0,0.0,548.0,273.0,1285.0,0.0
2.0,6251.0,1826.0,856.0,0.0,0.0,0.0,583.0,273.0,1826.0,0.0
2.0,4425.0,1753.0,890.0,0.0,1778.0,1778.0,617.0,273.0,1753.0,0.0
2.0,2672.0,1066.0,905.0,0.0,2919.0,2919.0,637.0,268.0,1066.0,0.0
2.0,1606.0,0.0,896.0,0.0,2874.0,2874.0,637.0,259.0,0.0,0.0
2.0,1606.0,0.0,882.0,1778.0,1026.0,1026.0,637.0,245.0,0.0,0.0
2.0,3384.0,253.0,872.0,2919.0,0.0,0.0,637.0,235.0,0.0,253.0
2.0,6050.0,506.0,863.0,2874.0,0.0,0.0,627.0,236.0,0.0,506.0
2.0,8418.0,760.0,856.0,1026.0,0.0,0.0,606.0,250.0,0.0,760.0
2.0,8684.0,765.0,839.0,0.0,0.0,0.0,574.0,265.0,4.0,761.0
2.0,7919.0,1106.0,826.0,0.0,0.0,0.0,552.0,274.0,597.0,509.0
2.0,6813.0,1203.0,827.0,0.0,0.0,0.0,552.0,275.0,1195.0,8.0
2.0,5610.0,1794.0,861.0,0.0,489.0,489.0,586.0,275.0,1794.0,0.0
2.0,3816.0,1791.0,895.0,0.0,2450.0,2450.0,620.0,275.0,1791.0,0.0
2.0,2025.0,1193.0,913.0,0.0,3733.0,3733.0,643.0,270.0,1193.0,0.0
2.0,832.0,0.0,904.0,489.0,3199.0,3199.0,643.0,261.0,0.0,0.0
2.0,1321.0,11.0,890.0,2450.0,690.0,690.0,643.0,247.0,0.0,11.0
2.0,3760.0,267.0,881.0,3733.0,0.0,0.0,643.0,238.0,0.0,267.0
2.0,7226.0,526.0,870.0,3199.0,0.0,0.0,632.0,238.0,0.0,526.0
2.0,9899.0,774.0,862.0,690.0,0.0,0.0,610.0,252.0,0.0,774.0
2.0,9815.0,816.0,845.0,0.0,0.0,0.0,578.0,267.0,42.0,774.0
2.0,8999.0,1166.0,834.0,0.0,0.0,0.0,557.0,277.0,657.0,509.0
2.0,7833.0,1276.0,835.0,0.0,0.0,0.0,558.0,277.0,1276.0,0.0
2.0,6557.0,1859.0,869.0,0.0,0.0,0.0,592.0,277.0,1859.0,0.0
2.0,4698.0,1824.0,904.0,0.0,1646.0,1646.0,627.0,277.0,1824.0,0.0
2.0,2874.0,1179.0,922.0,0.0,2915.0,2915.0,650.0,272.0,1179.0,0.0
2.0,1695.0,0.0,911.0,0.0,2860.0,2860.0,650.0,261.0,0.0,0.0
2.0,1695.0,63.0,898.0,1646.0,1212.0,1212.0,650.0,248.0,0.0,63.0
2.0,3278.0,334.0,888.0,2915.0,0.0,0.0,649.0,239.0,0.0,334.0
2.0,5859.0,606.0,877.0,2860.0,0.0,0.0,636.0,241.0,0.0,606.0
2.0,8113.0,822.0,868.0,1212.0,0.0,0.0,611.0,257.0,0.0,822.0
2.0,8503.0,901.0,849.0,0.0,0.0,0.0,577.0,272.0,138.0,763.0
2.0,7602.0,1221.0,838.0,0.0,0.0,0.0,558.0,280.0,788.0,433.0
2.0,6381.0,1431.0,844.0,0.0,0.0,0.0,564.0,280.0,1431.0,0.0
2.0,4950.0,1946.0,882.0,0.0,1406.0,1406.0,602.0,280.0,1946.0,0.0
2.0,3004.0,1810.0,915.0,0.0,3381.0,3381.0,636.0,279.0,1810.0,0.0
2.0,1194.0,1034.0,929.0,0.0,4485.0,4485.0,656.0,273.0,1034.0,0.0
2.0,160.0,0.0,917.0,1406.0,3019.0,3019.0,656.0,261.0,0.0,0.0
2.0,1566.0,90.0,904.0,3381.0,0.0,0.0,656.0,248.0,0.0,90.0
2.0,4857.0,369.0,894.0,4485.0,0.0,0.0,654.0,240.0,0.0,369.0
2.0,8973.0,654.0,884.0,3019.0,0.0,0.0,640.0,244.0,0.0,654.0
2.0,11338.0,841.0,874.0,0.0,0.0,0.0,613.0,261.0,0.0,841.0
2.0,10497.0,920.0,855.0,0.0,0.0,0.0,580.0,275.0,169.0,751.0
2.0,9577.0,1185.0,844.0,0.0,0.0,0.0,562.0,282.0,812.0,373.0
2.0,8392.0,1459.0,852.0,0.0,0.0,0.0,570.0,282.0,1459.0,0.0
2.0,6933.0,1940.0,890.0,0.0,0.0,0.0,608.0,282.0,1940.0,0.0
2.0,4993.0,1770.0,923.0,0.0,1392.0,1392.0,642.0,281.0,1770.0,0.0
2.0,3223.0,955.0,936.0,0.0,2412.0,2412.0,660.0,276.0,955.0,0.0
2.0,2268.0,0.0,925.0,0.0,2357.0,2357.0,660.0,265.0,0.0,0.0
2.0,2268.0,57.0,910.0,1392.0,947.0,947.0,660.0,250.0,0.0,57.0
2.0,3603.0,327.0,901.0,2412.0,0.0,0.0,659.0,242.0,0.0,327.0
2.0,5688.0,604.0,891.0,2357.0,0.0,0.0,646.0,245.0,0.0,604.0
2.0,7441.0,816.0,882.0,947.0,0.0,0.0,621.0,261.0,0.0,816.0
2.0,7572.0,841.0,863.0,0.0,0.0,0.0,588.0,275.0,84.0,757.0
2.0,6731.0,1141.0,851.0,0.0,0.0,0.0,568.0,283.0,718.0,423.0
2.0,5590.0,1343.0,856.0,0.0,33.0,33.0,573.0,283.0,1343.0,0.0
2.0,4247.0,1889.0,893.0,0.0,2107.0,2107.0,610.0,283.0,1889.0,0.0
2.0,2358.0,1791.0,927.0,0.0,4068.0,4068.0,644.0,283.0,1791.0,0.0
2.0,567.0,1070.0,944.0,33.0,4720.0,4720.0,665.0,279.0,1070.0,0.0
2.0,0.0,0.0,934.0,2107.0,3033.0,3033.0,665.0,269.0,0.0,0.0
2.0,1637.0,25.0,920.0,4068.0,0.0,0.0,665.0,255.0,0.0,25.0
2.0,5680.0,295.0,910.0,4720.0,0.0,0.0,664.0,246.0,0.0,295.0
2.0,10105.0,561.0,900.0,3033.0,0.0,0.0,653.0,247.0,0.0,561.0
2.0,12577.0,800.0,892.0,0.0,0.0,0.0,630.0,262.0,0.0,800.0
2.0,11777.0,800.0,873.0,0.0,0.0,0.0,596.0,277.0,31.0,769.0
2.0,10977.0,1128.0,860.0,0.0,0.0,0.0,574.0,286.0,655.0,473.0
2.0,9849.0,1276.0,862.0,0.0,0.0,0.0,576.0,286.0,1276.0,0.0
2.0,8573.0,1875.0,898.0,0.0,0.0,0.0,612.0,286.0,1875.0,0.0
2.0,6698.0,1842.0,933.0,0.0,0.0,0.0,647.0,286.0,1842.0,0.0
2.0,4856.0,1196.0,951.0,0.0,1095.0,1095.0,670.0,281.0,1196.0,0.0
2.0,3660.0,0.0,940.0,0.0,1040.0,1040.0,670.0,270.0,0.0,0.0
2.0,3660.0,48.0,926.0,0.0,1018.0,1018.0,670.0,256.0,0.0,48.0
2.0,3612.0,320.0,918.0,1095.0,203.0,203.0,670.0,248.0,0.0,320.0
2.0,4387.0,594.0,906.0,1040.0,0.0,0.0,657.0,249.0,0.0,594.0
2.0,4833.0,819.0,897.0,1018.0,0.0,0.0,632.0,265.0,0.0,819.0
2.0,5032.0,882.0,879.0,203.0,42.0,42.0,599.0,280.0,108.0,774.0
2.0,4353.0,1217.0,867.0,0.0,1199.0,1199.0,578.0,289.0,755.0,462.0
2.0,3136.0,1410.0,872.0,0.0,2634.0,2634.0,583.0,289.0,1410.0,0.0
2.0,1726.0,1954.0,909.0,42.0,4545.0,4545.0,620.0,289.0,1954.0,0.0
2.0,0.0,1858.0,944.0,1199.0,4720.0,4720.0,656.0,288.0,1858.0,0.0
2.0,0.0,1108.0,958.0,2634.0,4109.0,4109.0,677.0,281.0,1108.0,0.0
2.0,681.0,1.0,947.0,4545.0,0.0,0.0,677.0,270.0,1.0,0.0
2.0,5225.0,100.0,933.0,4720.0,0.0,0.0,677.0,256.0,0.0,100.0
2.0,9845.0,385.0,923.0,4109.0,0.0,0.0,675.0,248.0,0.0,385.0
2.0,13569.0,671.0,912.0,0.0,0.0,0.0,659.0,253.0,0.0,671.0
2.0,12898.0,865.0,902.0,0.0,0.0,0.0,632.0,270.0,0.0,865.0
2.0,12033.0,975.0,882.0,0.0,0.0,0.0,598.0,284.0,208.0,767.0
2.0,11058.0,1261.0,873.0,0.0,0.0,0.0,581.0,292.0,878.0,383.0
2.0,9797.0,1557.0,883.0,0.0,0.0,0.0,591.0,292.0,1557.0,0.0
2.0,8240.0,2023.0,922.0,0.0,0.0,0.0,630.0,292.0,2023.0,0.0
2.0,6217.0,1827.0,955.0,0.0,385.0,385.0,665.0,290.0,1827.0,0.0
2.0,4390.0,946.0,966.0,0.0,1386.0,1386.0,683.0,283.0,946.0,0.0
2.0,3444.0,0.0,953.0,0.0,1321.0,1321.0,683.0,270.0,0.0,0.0
2.0,3444.0,113.0,939.0,385.0,979.0,979.0,683.0,256.0,0.0,113.0
2.0,3716.0,401.0,930.0,1386.0,0.0,0.0,680.0,250.0,0.0,401.0
2.0,4701.0,694.0,920.0,1321.0,0.0,0.0,664.0,256.0,0.0,694.0
2.0,5328.0,869.0,909.0,979.0,0.0,0.0,636.0,273.0,0.0,869.0
2.0,5438.0,958.0,890.0,0.0,0.0,0.0,603.0,287.0,205.0,753.0
2.0,4480.0,1217.0,879.0,0.0,1132.0,1132.0,585.0,294.0,872.0,345.0
2.0,3263.0,1541.0,891.0,0.0,2733.0,2733.0,597.0,294.0,1541.0,0.0
2.0,1722.0,1998.0,929.0,0.0,4645.0,4645.0,635.0,294.0,1998.0,0.0
2.0,0.0,1790.0,962.0,1132.0,4810.0,4810.0,669.0,293.0,1790.0,0.0
2.0,0.0,907.0,973.0,2733.0,3973.0,3973.0,687.0,286.0,907.0,0.0
2.0,892.0,0.0,962.0,4645.0,0.0,0.0,687.0,275.0,0.0,0.0
2.0,5537.0,75.0,947.0,4810.0,0.0,0.0,687.0,260.0,0.0,75.0
2.0,10272.0,360.0,938.0,3973.0,0.0,0.0,685.0,253.0,0.0,360.0
2.0,13885.0,636.0,928.0,0.0,0.0,0.0,671.0,257.0,0.0,636.0
2.0,13249.0,840.0,919.0,0.0,0.0,0.0,646.0,273.0,0.0,840.0
2.0,12409.0,883.0,900.0,0.0,0.0,0.0,612.0,288.0,127.0,756.0
2.0,11526.0,1165.0,887.0,0.0,0.0,0.0,592.0,295.0,770.0,395.0
2.0,10361.0,1420.0,894.0,0.0,0.0,0.0,599.0,295.0,1420.0,0.0
2.0,8941.0,1934.0,931.0,0.0,0.0,0.0,636.0,295.0,1934.0,0.0
2.0,7007.0,1810.0,966.0,0.0,0.0,0.0,671.0,295.0,1810.0,0.0
2.0,5197.0,1031.0,980.0,0.0,734.0,734.0,691.0,289.0,1031.0,0.0
2.0,4166.0,0.0,969.0,0.0,679.0,679.0,691.0,278.0,0.0,0.0
2.0,4166.0,57.0,955.0,0.0,666.0,666.0,691.0,264.0,0.0,57.0
2.0,4109.0,335.0,946.0,734.0,222.0,222.0,690.0,256.0,0.0,335.0
2.0,4508.0,610.0,935.0,679.0,98.0,98.0,677.0,258.0,0.0,610.0
2.0,4577.0,829.0,927.0,666.0,221.0,221.0,653.0,274.0,0.0,829.0
2.0,4414.0,885.0,908.0,222.0,789.0,789.0,619.0,289.0,116.0,769.0
2.0,3751.0,1199.0,895.0,98.0,1825.0,1825.0,598.0,297.0,763.0,436.0
2.0,2650.0,1419.0,900.0,221.0,3048.0,3048.0,603.0,297.0,1419.0,0.0
2.0,1452.0,1955.0,937.0,789.0,4399.0,4399.0,640.0,297.0,1955.0,0.0
2.0,286.0,1851.0,972.0,1825.0,4600.0,4600.0,676.0,296.0,1851.0,0.0
2.0,260.0,1082.0,987.0,3048.0,2709.0,2709.0,697.0,290.0,1082.0,0.0
2.0,2226.0,0.0,976.0,4399.0,0.0,0.0,697.0,279.0,0.0,0.0
2.0,6625.0,91.0,962.0,4600.0,0.0,0.0,697.0,265.0,0.0,91.0
2.0,11134.0,382.0,952.0,2709.0,0.0,0.0,695.0,257.0,0.0,382.0
2.0,13461.0,668.0,941.0,0.0,0.0,0.0,680.0,261.0,0.0,668.0
2.0,12793.0,866.0,931.0,0.0,0.0,0.0,653.0,278.0,0.0,866.0
2.0,11927.0,1004.0,913.0,0.0,0.0,0.0,620.0,293.0,228.0,776.0
2.0,10923.0,1310.0,902.0,0.0,0.0,0.0,601.0,301.0,910.0,400.0
2.0,9613.0,1599.0,912.0,0.0,0.0,0.0,611.0,301.0,1599.0,0.0
2.0,8014.0,2056.0,951.0,0.0,0.0,0.0,650.0,301.0,2056.0,0.0
2.0,5958.0,1839.0,985.0,0.0,806.0,806.0,686.0,299.0,1839.0,0.0
2.0,4119.0,934.0,995.0,0.0,1790.0,1790.0,704.0,291.0,934.0,0.0
2.0,3185.0,0.0,982.0,0.0,1725.0,1725.0,704.0,278.0,0.0,0.0
2.0,3185.0,141.0,968.0,806.0,990.0,990.0,704.0,264.0,0.0,141.0
2.0,3850.0,439.0,958.0,1790.0,0.0,0.0,700.0,258.0,0.0,439.0
2.0,5201.0,738.0,948.0,1725.0,0.0,0.0,683.0,265.0,0.0,738.0
2.0,6188.0,897.0,935.0,990.0,0.0,0.0,653.0,282.0,0.0,897.0
2.0,6281.0,1062.0,917.0,0.0,0.0,0.0,620.0,297.0,300.0,762.0
2.0,5219.0,1326.0,907.0,0.0,642.0,642.0,604.0,303.0,1003.0,323.0
2.0,3893.0,1700.0,921.0,0.0,2412.0,2412.0,618.0,303.0,1700.0,0.0
2.0,2193.0,2106.0,962.0,0.0,4723.0,4723.0,659.0,303.0,2106.0,0.0
2.0,87.0,1804.0,995.0,642.0,4975.0,4975.0,694.0,301.0,1804.0,0.0
2.0,0.0,800.0,1002.0,2412.0,4473.0,4473.0,709.0,293.0,800.0,0.0
2.0,537.0,0.0,989.0,4723.0,0.0,0.0,709.0,280.0,0.0,0.0
2.0,5260.0,138.0,975.0,4975.0,0.0,0.0,709.0,266.0,0.0,138.0
2.0,10097.0,436.0,965.0,4473.0,0.0,0.0,705.0,260.0,0.0,436.0
2.0,14134.0,732.0,955.0,0.0,0.0,0.0,688.0,267.0,0.0,732.0
2.0,13402.0,889.0,943.0,0.0,0.0,0.0,659.0,284.0,0.0,889.0
2.0,12513.0,1016.0,924.0,0.0,0.0,0.0,625.0,299.0,263.0,753.0
2.0,11497.0,1263.0,914.0,0.0,0.0,0.0,609.0,305.0,950.0,313.0
2.0,10234.0,1631.0,928.0,0.0,0.0,0.0,623.0,305.0,1631.0,0.0
2.0,8603.0,2052.0,968.0,0.0,0.0,0.0,663.0,305.0,2052.0,0.0
2.0,6551.0,1783.0,1000.0,0.0,232.0,232.0,697.0,303.0,1783.0,0.0
2.0,4768.0,834.0,1009.0,0.0,1111.0,1111.0,713.0,296.0,834.0,0.0
2.0,3934.0,0.0,997.0,0.0,1051.0,1051.0,713.0,284.0,0.0,0.0
2.0,3934.0,104.0,983.0,232.0,853.0,853.0,713.0,270.0,0.0,104.0
2.0,4062.0,392.0,973.0,1111.0,84.0,84.0,710.0,263.0,0.0,392.0
2.0,4781.0,684.0,964.0,1051.0,0.0,0.0,696.0,268.0,0.0,684.0
2.0,5148.0,867.0,953.0,853.0,0.0,0.0,668.0,285.0,0.0,867.0
2.0,5134.0,963.0,935.0,84.0,420.0,420.0,635.0,300.0,202.0,761.0
2.0,4255.0,1224.0,924.0,0.0,1589.0,1589.0,617.0,307.0,864.0,360.0
2.0,3031.0,1533.0,933.0,0.0,3167.0,3167.0,626.0,307.0,1533.0,0.0
2.0,1498.0,1994.0,972.0,420.0,4860.0,4860.0,665.0,307.0,1994.0,0.0
2.0,0.0,1801.0,1005.0,1589.0,5025.0,5025.0,699.0,306.0,1801.0,0.0
2.0,0.0,933.0,1016.0,3167.0,3134.0,3134.0,717.0,299.0,933.0,0.0
2.0,1946.0,0.0,1004.0,4860.0,0.0,0.0,717.0,287.0,0.0,0.0
2.0,6806.0,90.0,990.0,5025.0,0.0,0.0,717.0,273.0,0.0,90.0
2.0,11741.0,382.0,981.0,3134.0,0.0,0.0,715.0,266.0,0.0,382.0
2.0,14493.0,671.0,970.0,0.0,0.0,0.0,700.0,270.0,0.0,671.0
2.0,13822.0,870.0,960.0,0.0,0.0,0.0,673.0,287.0,0.0,870.0
2.0,12952.0,1032.0,942.0,0.0,0.0,0.0,640.0,302.0,254.0,778.0
2.0,11920.0,1341.0,933.0,0.0,0.0,0.0,623.0,310.0,938.0,403.0
2.0,10579.0,1625.0,943.0,0.0,0.0,0.0,633.0,310.0,1625.0,0.0
2.0,8954.0,2057.0,983.0,0.0,0.0,0.0,673.0,310.0,2057.0,0.0
2.0,6897.0,1807.0,1016.0,0.0,0.0,0.0,708.0,308.0,1807.0,0.0
2.0,5090.0,881.0,1026.0,0.0,921.0,921.0,725.0,301.0,881.0,0.0
2.0,4209.0,0.0,1013.0,0.0,856.0,856.0,725.0,288.0,0.0,0.0
2.0,4209.0,131.0,999.0,0.0,917.0,917.0,725.0,274.0,0.0,131.0
2.0,4078.0,433.0,987.0,921.0,369.0,369.0,720.0,267.0,0.0,433.0
2.0,4566.0,735.0,977.0,856.0,198.0,198.0,703.0,274.0,0.0,735.0
2.0,4687.0,906.0,963.0,917.0,117.0,117.0,672.0,291.0,0.0,906.0
2.0,4698.0,1138.0,945.0,369.0,796.0,796.0,639.0,306.0,357.0,781.0
2.0,3929.0,1429.0,938.0,198.0,1992.0,1992.0,625.0,313.0,1077.0,352.0
2.0,2698.0,1790.0,954.0,117.0,3745.0,3745.0,641.0,313.0,1790.0,0.0
2.0,1025.0,2155.0,996.0,796.0,4980.0,4980.0,683.0,313.0,2155.0,0.0
2.0,0.0,1797.0,1027.0,1992.0,5135.0,5135.0,717.0,310.0,1797.0,0.0
2.0,0.0,727.0,1033.0,3745.0,2286.0,2286.0,731.0,302.0,727.0,0.0
2.0,2879.0,0.0,1018.0,4980.0,0.0,0.0,731.0,287.0,0.0,0.0
2.0,7859.0,168.0,1004.0,5135.0,0.0,0.0,731.0,273.0,0.0,168.0
2.0,12826.0,479.0,993.0,2286.0,0.0,0.0,725.0,268.0,0.0,479.0
2.0,14633.0,790.0,983.0,0.0,0.0,0.0,706.0,277.0,0.0,790.0
2.0,13843.0,938.0,968.0,0.0,0.0,0.0,673.0,295.0,0.0,938.0
2.0,12905.0,1184.0,951.0,0.0,0.0,0.0,641.0,310.0,414.0,770.0
2.0,11721.0,1435.0,943.0,0.0,0.0,0.0,628.0,315.0,1144.0,291.0
2.0,10286.0,1873.0,964.0,0.0,0.0,0.0,649.0,315.0,1873.0,0.0
2.0,8413.0,2178.0,1006.0,0.0,0.0,0.0,691.0,315.0,2178.0,0.0
2.0,6235.0,1756.0,1037.0,0.0,706.0,706.0,724.0,313.0,1756.0,0.0
2.0,4479.0,607.0,1040.0,0.0,1328.0,1328.0,736.0,304.0,607.0,0.0
2.0,3872.0,0.0,1026.0,0.0,1258.0,1258.0,736.0,290.0,0.0,0.0
2.0,3872.0,147.0,1012.0,706.0,629.0,629.0,736.0,276.0,0.0,147.0
2.0,4431.0,457.0,1001.0,1328.0,0.0,0.0,731.0,270.0,0.0,457.0
2.0,5302.0,761.0,992.0,1258.0,0.0,0.0,713.0,279.0,0.0,761.0
2.0,5799.0,916.0,977.0,629.0,0.0,0.0,681.0,296.0,0.0,916.0
2.0,5512.0,1115.0,960.0,0.0,403.0,403.0,649.0,311.0,353.0,762.0
2.0,4397.0,1362.0,952.0,0.0,1725.0,1725.0,635.0,317.0,1059.0,303.0
2.0,3035.0,1763.0,970.0,0.0,3578.0,3578.0,653.0,317.0,1763.0,0.0
2.0,1272.0,2106.0,1010.0,403.0,5050.0,5050.0,693.0,317.0,2106.0,0.0
2.0,0.0,1741.0,1042.0,1725.0,5210.0,5210.0,727.0,315.0,1741.0,0.0
2.0,0.0,668.0,1047.0,3578.0,2772.0,2772.0,740.0,307.0,668.0,0.0
2.0,2463.0,0.0,1034.0,5050.0,0.0,0.0,740.0,294.0,0.0,0.0
2.0,7513.0,108.0,1020.0,5210.0,0.0,0.0,740.0,280.0,0.0,108.0
2.0,12615.0,408.0,1009.0,2772.0,0.0,0.0,736.0,273.0,0.0,408.0
2.0,14979.0,705.0,999.0,0.0,0.0,0.0,719.0,280.0,0.0,705.0
2.0,14274.0,894.0,987.0,0.0,0.0,0.0,690.0,297.0,0.0,894.0
2.0,13380.0,1101.0,969.0,0.0,0.0,0.0,657.0,312.0,319.0,782.0
2.0,12279.0,1394.0,961.0,0.0,0.0,0.0,642.0,319.0,1016.0,378.0
2.0,10885.0,1702.0,976.0,0.0,0.0,0.0,657.0,319.0,1702.0,0.0
2.0,9183.0,2077.0,1016.0,0.0,0.0,0.0,697.0,319.0,2077.0,0.0
2.0,7106.0,1760.0,1048.0,0.0,0.0,0.0,731.0,317.0,1760.0,0.0
2.0,5346.0,754.0,1055.0,0.0,683.0,683.0,745.0,310.0,754.0,0.0
2.0,4592.0,0.0,1042.0,0.0,618.0,618.0,745.0,297.0,0.0,0.0
2.0,4592.0,113.0,1027.0,0.0,656.0,656.0,745.0,282.0,0.0,113.0
2.0,4479.0,414.0,1015.0,683.0,327.0,327.0,740.0,275.0,0.0,414.0
2.0,4748.0,715.0,1003.0,618.0,364.0,364.0,722.0,281.0,0.0,715.0
2.0,4651.0,905.0,990.0,656.0,548.0,548.0,691.0,299.0,0.0,905.0
2.0,4402.0,1183.0,973.0,327.0,1319.0,1319.0,659.0,314.0,390.0,793.0
2.0,3546.0,1498.0,968.0,364.0,2428.0,2428.0,646.0,322.0,1109.0,389.0
2.0,2412.0,1826.0,986.0,548.0,3796.0,3796.0,664.0,322.0,1826.0,0.0
2.0,1134.0,2156.0,1027.0,1319.0,4838.0,4838.0,705.0,322.0,2156.0,0.0
2.0,297.0,1776.0,1058.0,2428.0,4341.0,4341.0,739.0,319.0,1776.0,0.0
2.0,949.0,677.0,1063.0,3796.0,1247.0,1247.0,752.0,311.0,677.0,0.0
2.0,4068.0,0.0,1049.0,4838.0,0.0,0.0,752.0,297.0,0.0,0.0
2.0,8906.0,170.0,1034.0,4341.0,0.0,0.0,752.0,282.0,0.0,170.0
2.0,13077.0,486.0,1023.0,1247.0,0.0,0.0,746.0,277.0,0.0,486.0
2.0,13838.0,801.0,1010.0,0.0,0.0,0.0,725.0,285.0,0.0,801.0
2.0,13037.0,946.0,994.0,0.0,0.0,0.0,690.0,304.0,0.0,946.0
2.0,12091.0,1283.0,978.0,0.0,0.0,0.0,659.0,319.0,500.0,783.0
2.0,10808.0,1550.0,972.0,0.0,0.0,0.0,648.0,324.0,1249.0,301.0
2.0,9258.0,1993.0,996.0,0.0,0.0,0.0,672.0,324.0,1993.0,0.0
2.0,7265.0,2247.0,1040.0,0.0,182.0,182.0,716.0,324.0,2247.0,0.0
2.0,5018.0,1744.0,1070.0,0.0,2076.0,2076.0,749.0,321.0,1744.0,0.0
2.0,3274.0,506.0,1071.0,0.0,2587.0,2587.0,759.0,312.0,506.0,0.0
2.0,2768.0,0.0,1056.0,182.0,2330.0,2330.0,759.0,297.0,0.0,0.0
2.0,2950.0,196.0,1042.0,2076.0,380.0,380.0,759.0,283.0,0.0,196.0
2.0,4830.0,518.0,1029.0,2587.0,0.0,0.0,751.0,278.0,0.0,518.0
2.0,6899.0,838.0,1017.0,2330.0,0.0,0.0,729.0,288.0,0.0,838.0
2.0,8391.0,965.0,1000.0,380.0,0.0,0.0,693.0,307.0,0.0,965.0
2.0,7806.0,1265.0,983.0,0.0,0.0,0.0,661.0,322.0,498.0,767.0
2.0,6541.0,1493.0,977.0,0.0,0.0,0.0,651.0,326.0,1246.0,247.0
2.0,5048.0,1990.0,1003.0,0.0,1957.0,1957.0,677.0,326.0,1990.0,0.0
2.0,3058.0,2237.0,1046.0,0.0,4409.0,4409.0,720.0,326.0,2237.0,0.0
2.0,821.0,1733.0,1077.0,0.0,5385.0,5385.0,754.0,323.0,1733.0,0.0
2.0,0.0,483.0,1078.0,1957.0,4828.0,4828.0,763.0,315.0,483.0,0.0
2.0,562.0,0.0,1063.0,4409.0,344.0,344.0,763.0,300.0,0.0,0.0
2.0,4971.0,170.0,1049.0,5385.0,0.0,0.0,763.0,286.0,0.0,170.0
2.0,10186.0,481.0,1036.0,4828.0,0.0,0.0,756.0,280.0,0.0,481.0
2.0,14533.0,791.0,1026.0,344.0,0.0,0.0,736.0,290.0,0.0,791.0
2.0,14086.0,935.0,1010.0,0.0,0.0,0.0,702.0,308.0,0.0,935.0
2.0,13151.0,1156.0,991.0,0.0,0.0,0.0,669.0,322.0,395.0,761.0
2.0,11995.0,1393.0,985.0,0.0,0.0,0.0,657.0,328.0,1116.0,277.0
2.0,10602.0,1837.0,1008.0,0.0,0.0,0.0,680.0,328.0,1837.0,0.0
2.0,8765.0,2162.0,1049.0,0.0,0.0,0.0,721.0,328.0,2162.0,0.0
2.0,6603.0,1757.0,1081.0,0.0,559.0,559.0,755.0,326.0,1757.0,0.0
2.0,4846.0,632.0,1085.0,0.0,1211.0,1211.0,767.0,318.0,632.0,0.0
2.0,4214.0,0.0,1071.0,0.0,1141.0,1141.0,767.0,304.0,0.0,0.0
2.0,4214.0,146.0,1057.0,559.0,658.0,658.0,767.0,290.0,0.0,146.0
2.0,4627.0,450.0,1044.0,1211.0,0.0,0.0,761.0,283.0,0.0,450.0
2.0,5388.0,760.0,1032.0,1141.0,0.0,0.0,741.0,291.0,0.0,760.0
2.0,5769.0,919.0,1017.0,658.0,0.0,0.0,709.0,308.0,0.0,919.0
2.0,5508.0,1156.0,999.0,0.0,643.0,643.0,676.0,323.0,379.0,777.0
2.0,4352.0,1423.0,993.0,0.0,2036.0,2036.0,663.0,330.0,1098.0,325.0
2.0,2929.0,1819.0,1014.0,0.0,3960.0,3960.0,684.0,330.0,1819.0,0.0
2.0,1110.0,2159.0,1055.0,643.0,5275.0,5275.0,725.0,330.0,2159.0,0.0
2.0,0.0,1788.0,1087.0,2036.0,5435.0,5435.0,760.0,327.0,1788.0,0.0
2.0,0.0,693.0,1092.0,3960.0,2351.0,2351.0,773.0,319.0,693.0,0.0
2.0,3109.0,0.0,1079.0,5275.0,0.0,0.0,773.0,306.0,0.0,0.0
2.0,8384.0,167.0,1065.0,5435.0,0.0,0.0,773.0,292.0,0.0,167.0
2.0,13652.0,480.0,1051.0,2351.0,0.0,0.0,765.0,286.0,0.0,480.0
2.0,15523.0,801.0,1037.0,0.0,0.0,0.0,744.0,293.0,0.0,801.0
2.0,14722.0,950.0,1021.0,0.0,0.0,0.0,709.0,312.0,0.0,950.0
2.0,13772.0,1256.0,1004.0,0.0,0.0,0.0,677.0,327.0,469.0,787.0
2.0,12516.0,1518.0,999.0,0.0,0.0,0.0,666.0,333.0,1213.0,305.0
2.0,10998.0,1965.0,1024.0,0.0,0.0,0.0,691.0,333.0,1965.0,0.0
2.0,9033.0,2250.0,1067.0,0.0,0.0,0.0,734.0,333.0,2250.0,0.0
2.0,6783.0,1794.0,1097.0,0.0,496.0,496.0,768.0,329.0,1794.0,0.0
2.0,4989.0,592.0,1100.0,0.0,1103.0,1103.0,780.0,320.0,592.0,0.0
2.0,4397.0,0.0,1085.0,0.0,1028.0,1028.0,780.0,305.0,0.0,0.0
2.0,4397.0,216.0,1071.0,496.0,678.0,678.0,780.0,291.0,0.0,216.0
2.0,4677.0,548.0,1056.0,1103.0,48.0,48.0,770.0,286.0,0.0,548.0
2.0,5232.0,877.0,1043.0,1028.0,0.0,0.0,746.0,297.0,0.0,877.0
2.0,5383.0,988.0,1024.0,678.0,47.0,47.0,708.0,316.0,0.0,988.0
2.0,5073.0,1334.0,1006.0,48.0,1243.0,1243.0,675.0,331.0,565.0,769.0
2.0,3787.0,1557.0,1003.0,0.0,2785.0,2785.0,668.0,335.0,1335.0,222.0
2.0,2230.0,2112.0,1033.0,47.0,5000.0,5000.0,698.0,335.0,2112.0,0.0
2.0,165.0,2324.0,1078.0,1243.0,5390.0,5390.0,743.0,335.0,2324.0,0.0
2.0,0.0,1766.0,1108.0,2785.0,5437.0,5437.0,777.0,331.0,1766.0,0.0
2.0,103.0,427.0,1107.0,5000.0,859.0,859.0,785.0,322.0,427.0,0.0
2.0,4676.0,0.0,1090.0,5390.0,0.0,0.0,785.0,305.0,0.0,0.0
2.0,10066.0,239.0,1076.0,5437.0,0.0,0.0,785.0,291.0,0.0,239.0
2.0,15264.0,569.0,1064.0,859.0,0.0,0.0,776.0,288.0,0.0,569.0
2.0,15554.0,898.0,1052.0,0.0,0.0,0.0,752.0,300.0,0.0,898.0
2.0,14656.0,988.0,1032.0,0.0,0.0,0.0,713.0,319.0,0.0,988.0
2.0,13668.0,1278.0,1014.0,0.0,0.0,0.0,681.0,333.0,533.0,745.0
2.0,12390.0,1467.0,1009.0,0.0,0.0,0.0,672.0,337.0,1294.0,173.0
2.0,10923.0,2056.0,1039.0,0.0,0.0,0.0,702.0,337.0,2056.0,0.0
2.0,8867.0,2281.0,1083.0,0.0,0.0,0.0,746.0,337.0,2281.0,0.0
2.0,6586.0,1741.0,1114.0,0.0,725.0,725.0,780.0,334.0,1741.0,0.0
2.0,4845.0,443.0,1112.0,0.0,1158.0,1158.0,788.0,324.0,443.0,0.0
2.0,4402.0,0.0,1097.0,0.0,1083.0,1083.0,788.0,309.0,0.0,0.0
2.0,4402.0,213.0,1083.0,725.0,501.0,501.0,788.0,295.0,0.0,213.0
2.0,4914.0,532.0,1072.0,1158.0,0.0,0.0,781.0,291.0,0.0,532.0
2.0,5540.0,852.0,1061.0,1083.0,0.0,0.0,759.0,302.0,0.0,852.0
2.0,5771.0,957.0,1044.0,501.0,0.0,0.0,724.0,320.0,0.0,957.0
2.0,5315.0,1219.0,1026.0,0.0,1034.0,1034.0,691.0,335.0,470.0,749.0
2.0,4096.0,1432.0,1020.0,0.0,2436.0,2436.0,681.0,339.0,1217.0,215.0
2.0,2664.0,1957.0,1046.0,0.0,4523.0,4523.0,707.0,339.0,1957.0,0.0
2.0,707.0,2227.0,1088.0,1034.0,5440.0,5440.0,749.0,339.0,2227.0,0.0
2.0,0.0,1753.0,1119.0,2436.0,5398.0,5398.0,783.0,336.0,1753.0,0.0
2.0,197.0,536.0,1120.0,4523.0,1416.0,1416.0,793.0,327.0,536.0,0.0
2.0,4184.0,0.0,1106.0,5440.0,0.0,0.0,793.0,313.0,0.0,0.0
2.0,9624.0,196.0,1092.0,5398.0,0.0,0.0,793.0,299.0,0.0,196.0
2.0,14826.0,513.0,1080.0,1416.0,0.0,0.0,786.0,294.0,0.0,513.0
2.0,15729.0,830.0,1068.0,0.0,0.0,0.0,765.0,303.0,0.0,830.0
2.0,14899.0,958.0,1052.0,0.0,0.0,0.0,730.0,322.0,0.0,958.0
2.0,13941.0,1236.0,1035.0,0.0,0.0,0.0,698.0,337.0,473.0,763.0
2.0,12705.0,1475.0,1028.0,0.0,0.0,0.0,687.0,341.0,1223.0,252.0
2.0,11230.0,1976.0,1052.0,0.0,0.0,0.0,711.0,341.0,1976.0,0.0
2.0,9254.0,2257.0,1096.0,0.0,0.0,0.0,755.0,341.0,2257.0,0.0
2.0,6997.0,1790.0,1127.0,0.0,428.0,428.0,789.0,338.0,1790.0,0.0
2.0,5207.0,579.0,1129.0,0.0,1017.0,1017.0,800.0,329.0,579.0,0.0
2.0,4628.0,0.0,1114.0,0.0,942.0,942.0,800.0,314.0,0.0,0.0
2.0,4628.0,231.0,1100.0,428.0,675.0,675.0,800.0,300.0,0.0,231.0
2.0,4825.0,564.0,1086.0,1017.0,152.0,152.0,791.0,295.0,0.0,564.0
2.0,5278.0,894.0,1075.0,942.0,49.0,49.0,768.0,307.0,0.0,894.0
2.0,5326.0,994.0,1056.0,675.0,273.0,273.0,730.0,326.0,0.0,994.0
2.0,5007.0,1346.0,1039.0,152.0,1382.0,1382.0,698.0,341.0,582.0,764.0
2.0,3813.0,1569.0,1034.0,49.0,2877.0,2877.0,690.0,344.0,1364.0,205.0
2.0,2293.0,2151.0,1064.0,273.0,4905.0,4905.0,720.0,344.0,2151.0,0.0
2.0,415.0,2354.0,1109.0,1382.0,5545.0,5545.0,765.0,344.0,2354.0,0.0
2.0,0.0,1787.0,1139.0,2877.0,5162.0,5162.0,799.0,340.0,1787.0,0.0
2.0,533.0,423.0,1138.0,4905.0,675.0,675.0,808.0,330.0,423.0,0.0
2.0,5015.0,0.0,1121.0,5545.0,0.0,0.0,808.0,313.0,0.0,0.0
2.0,10560.0,280.0,1107.0,5162.0,0.0,0.0,808.0,299.0,0.0,280.0
2.0,15442.0,619.0,1093.0,675.0,0.0,0.0,797.0,296.0,0.0,619.0
2.0,15498.0,961.0,1082.0,0.0,0.0,0.0,771.0,311.0,0.0,961.0
2.0,14537.0,1021.0,1060.0,0.0,0.0,0.0,730.0,330.0,0.0,1021.0
2.0,13516.0,1385.0,1043.0,0.0,0.0,0.0,698.0,345.0,642.0,743.0
2.0,12131.0,1575.0,1039.0,0.0,0.0,0.0,692.0,347.0,1446.0,129.0
2.0,10556.0,2243.0,1074.0,0.0,0.0,0.0,727.0,347.0,2243.0,0.0
2.0,8313.0,2395.0,1120.0,0.0,0.0,0.0,773.0,347.0,2395.0,0.0
2.0,5918.0,1749.0,1149.0,0.0,1576.0,1576.0,807.0,342.0,1749.0,0.0
2.0,4169.0,302.0,1144.0,0.0,1853.0,1853.0,812.0,332.0,302.0,0.0
2.0,3867.0,0.0,1126.0,0.0,1763.0,1763.0,812.0,314.0,0.0,0.0
2.0,3867.0,282.0,1113.0,1576.0,404.0,404.0,812.0,301.0,0.0,282.0
2.0,5161.0,620.0,1100.0,1853.0,0.0,0.0,802.0,298.0,0.0,620.0
2.0,6394.0,956.0,1090.0,1763.0,0.0,0.0,777.0,313.0,0.0,956.0
2.0,7201.0,1011.0,1071.0,404.0,0.0,0.0,738.0,333.0,0.0,1011.0
2.0,6594.0,1328.0,1052.0,0.0,0.0,0.0,705.0,347.0,597.0,731.0
2.0,5266.0,1493.0,1047.0,0.0,1462.0,1462.0,698.0,349.0,1383.0,110.0
2.0,3773.0,2162.0,1081.0,0.0,3794.0,3794.0,732.0,349.0,2162.0,0.0
2.0,1611.0,2341.0,1126.0,0.0,5630.0,5630.0,777.0,349.0,2341.0,0.0
2.0,0.0,1730.0,1155.0,1462.0,5775.0,5775.0,810.0,345.0,1730.0,0.0
2.0,0.0,344.0,1151.0,3794.0,3303.0,3303.0,816.0,335.0,344.0,0.0
2.0,2452.0,0.0,1134.0,5630.0,0.0,0.0,816.0,318.0,0.0,0.0
2.0,8082.0,246.0,1121.0,5775.0,0.0,0.0,816.0,305.0,0.0,246.0
2.0,13611.0,574.0,1108.0,3303.0,0.0,0.0,807.0,301.0,0.0,574.0
2.0,16340.0,902.0,1098.0,0.0,0.0,0.0,784.0,314.0,0.0,902.0
2.0,15438.0,989.0,1079.0,0.0,0.0,0.0,746.0,333.0,0.0,989.0
2.0,14449.0,1273.0,1062.0,0.0,0.0,0.0,714.0,348.0,532.0,741.0
2.0,13176.0,1464.0,1056.0,0.0,0.0,0.0,705.0,351.0,1299.0,165.0
2.0,11712.0,2061.0,1085.0,0.0,0.0,0.0,734.0,351.0,2061.0,0.0
2.0,9651.0,2298.0,1130.0,0.0,0.0,0.0,779.0,351.0,2298.0,0.0
2.0,7353.0,1759.0,1159.0,0.0,201.0,201.0,812.0,347.0,1759.0,0.0
2.0,5594.0,464.0,1158.0,0.0,660.0,660.0,821.0,337.0,464.0,0.0
2.0,5130.0,0.0,1142.0,0.0,580.0,580.0,821.0,321.0,0.0,0.0
2.0,5130.0,235.0,1128.0,201.0,544.0,544.0,821.0,307.0,0.0,235.0
2.0,5096.0,564.0,1116.0,660.0,388.0,388.0,812.0,304.0,0.0,564.0
2.0,5192.0,899.0,1105.0,580.0,652.0,652.0,789.0,316.0,0.0,899.0
2.0,4873.0,995.0,1086.0,544.0,1008.0,1008.0,751.0,335.0,0.0,995.0
2.0,4422.0,1334.0,1068.0,388.0,1864.0,1864.0,718.0,350.0,571.0,763.0
2.0,3476.0,1541.0,1064.0,652.0,2733.0,2733.0,710.0,354.0,1347.0,194.0
2.0,2587.0,2131.0,1094.0,1008.0,4006.0,4006.0,740.0,354.0,2131.0,0.0
2.0,1464.0,2350.0,1139.0,1864.0,4717.0,4717.0,785.0,354.0,2350.0,0.0
2.0,978.0,1791.0,1168.0,2733.0,3920.0,3920.0,819.0,349.0,1791.0,0.0
2.0,1920.0,455.0,1166.0,4006.0,359.0,359.0,828.0,338.0,455.0,0.0
2.0,5471.0,0.0,1149.0,4717.0,0.0,0.0,828.0,321.0,0.0,0.0
2.0,10188.0,276.0,1135.0,3920.0,0.0,0.0,828.0,307.0,0.0,276.0
2.0,13832.0,619.0,1121.0,359.0,0.0,0.0,817.0,304.0,0.0,619.0
2.0,13572.0,970.0,1110.0,0.0,0.0,0.0,791.0,319.0,0.0,970.0
2.0,12602.0,1040.0,1088.0,0.0,0.0,0.0,749.0,339.0,0.0,1040.0
2.0,11562.0,1445.0,1071.0,0.0,0.0,0.0,717.0,354.0,679.0,766.0
2.0,10117.0,1636.0,1068.0,0.0,0.0,0.0,711.0,357.0,1493.0,143.0
2.0,8481.0,2310.0,1105.0,0.0,0.0,0.0,748.0,357.0,2310.0,0.0
2.0,6171.0,2454.0,1152.0,0.0,2043.0,2043.0,795.0,357.0,2454.0,0.0
2.0,3717.0,1775.0,1180.0,0.0,3958.0,3958.0,829.0,351.0,1775.0,0.0
2.0,1942.0,283.0,1173.0,0.0,4206.0,4206.0,834.0,339.0,283.0,0.0
2.0,1659.0,0.0,1155.0,2043.0,2073.0,2073.0,834.0,321.0,0.0,0.0
2.0,3702.0,300.0,1141.0,3958.0,0.0,0.0,834.0,307.0,0.0,300.0
2.0,7360.0,655.0,1127.0,4206.0,0.0,0.0,822.0,305.0,0.0,655.0
2.0,10911.0,1006.0,1116.0,2073.0,0.0,0.0,794.0,322.0,0.0,1006.0
2.0,11978.0,1056.0,1093.0,0.0,0.0,0.0,751.0,342.0,0.0,1056.0
2.0,10922.0,1449.0,1075.0,0.0,0.0,0.0,718.0,357.0,697.0,752.0
2.0,9473.0,1610.0,1073.0,0.0,0.0,0.0,714.0,359.0,1514.0,96.0
2.0,7863.0,2336.0,1112.0,0.0,33.0,33.0,753.0,359.0,2336.0,0.0
2.0,5527.0,2455.0,1159.0,0.0,2723.0,2723.0,800.0,359.0,2455.0,0.0
2.0,3072.0,1759.0,1187.0,0.0,4622.0,4622.0,834.0,353.0,1759.0,0.0
2.0,1313.0,233.0,1180.0,33.0,4787.0,4787.0,839.0,341.0,233.0,0.0
2.0,1113.0,0.0,1162.0,2723.0,1974.0,1974.0,839.0,323.0,0.0,0.0
2.0,3836.0,286.0,1148.0,4622.0,0.0,0.0,839.0,309.0,0.0,286.0
2.0,8172.0,636.0,1134.0,4787.0,0.0,0.0,827.0,307.0,0.0,636.0
2.0,12323.0,981.0,1124.0,1974.0,0.0,0.0,800.0,324.0,0.0,981.0
2.0,13316.0,1038.0,1103.0,0.0,0.0,0.0,759.0,344.0,0.0,1038.0
2.0,12278.0,1379.0,1084.0,0.0,0.0,0.0,726.0,358.0,634.0,745.0
2.0,10899.0,1534.0,1080.0,0.0,0.0,0.0,720.0,360.0,1429.0,105.0
2.0,9365.0,2225.0,1116.0,0.0,0.0,0.0,756.0,360.0,2225.0,0.0
2.0,7140.0,2382.0,1162.0,0.0,1052.0,1052.0,802.0,360.0,2382.0,0.0
2.0,4758.0,1749.0,1192.0,0.0,2951.0,2951.0,836.0,356.0,1749.0,0.0
2.0,3009.0,313.0,1187.0,0.0,3239.0,3239.0,842.0,345.0,313.0,0.0
2.0,2696.0,0.0,1169.0,1052.0,2097.0,2097.0,842.0,327.0,0.0,0.0
2.0,3748.0,256.0,1155.0,2951.0,0.0,0.0,842.0,313.0,0.0,256.0
2.0,6443.0,592.0,1142.0,3239.0,0.0,0.0,832.0,310.0,0.0,592.0
2.0,9090.0,929.0,1132.0,2097.0,0.0,0.0,807.0,325.0,0.0,929.0
2.0,10258.0,1012.0,1111.0,0.0,0.0,0.0,767.0,344.0,0.0,1012.0
2.0,9246.0,1353.0,1093.0,0.0,0.0,0.0,734.0,359.0,599.0,754.0
2.0,7893.0,1552.0,1089.0,0.0,0.0,0.0,727.0,362.0,1385.0,167.0
2.0,6341.0,2177.0,1122.0,0.0,1446.0,1446.0,760.0,362.0,2177.0,0.0
2.0,4164.0,2368.0,1168.0,0.0,4044.0,4044.0,806.0,362.0,2368.0,0.0
2.0,1796.0,1784.0,1198.0,0.0,5978.0,5978.0,840.0,358.0,1784.0,0.0
2.0,12.0,401.0,1195.0,1446.0,4918.0,4918.0,848.0,347.0,401.0,0.0
2.0,1057.0,0.0,1177.0,4044.0,784.0,784.0,848.0,329.0,0.0,0.0
2.0,5101.0,278.0,1164.0,5978.0,0.0,0.0,848.0,316.0,0.0,278.0
2.0,10801.0,620.0,1150.0,4918.0,0.0,0.0,837.0,313.0,0.0,620.0
2.0,15099.0,965.0,1139.0,784.0,0.0,0.0,811.0,328.0,0.0,965.0
2.0,14918.0,1031.0,1118.0,0.0,0.0,0.0,770.0,348.0,0.0,1031.0
2.0,13887.0,1436.0,1100.0,0.0,0.0,0.0,738.0,362.0,674.0,762.0
2.0,12451.0,1634.0,1097.0,0.0,0.0,0.0,732.0,365.0,1490.0,144.0
2.0,10817.0,2309.0,1132.0,0.0,0.0,0.0,767.0,365.0,2309.0,0.0
2.0,8508.0,2457.0,1180.0,0.0,0.0,0.0,815.0,365.0,2457.0,0.0
2.0,6051.0,1787.0,1209.0,0.0,1781.0,1781.0,849.0,360.0,1787.0,0.0
2.0,4264.0,306.0,1203.0,0.0,2057.0,2057.0,855.0,348.0,306.0,0.0
2.0,3958.0,0.0,1184.0,0.0,1962.0,1962.0,855.0,329.0,0.0,0.0
2.0,3958.0,329.0,1170.0,1781.0,440.0,440.0,855.0,315.0,0.0,329.0
2.0,5410.0,685.0,1156.0,2057.0,0.0,0.0,842.0,314.0,0.0,685.0
2.0,6782.0,1049.0,1144.0,1962.0,0.0,0.0,813.0,331.0,0.0,1049.0
2.0,7695.0,1078.0,1121.0,440.0,0.0,0.0,769.0,352.0,0.0,1078.0
2.0,7057.0,1531.0,1103.0,0.0,0.0,0.0,736.0,367.0,777.0,754.0
2.0,5526.0,1690.0,1102.0,0.0,1674.0,1674.0,734.0,368.0,1624.0,66.0
2.0,3836.0,2476.0,1144.0,0.0,4360.0,4360.0,776.0,368.0,2476.0,0.0
2.0,1360.0,2543.0,1193.0,0.0,5965.0,5965.0,825.0,368.0,2543.0,0.0
2.0,0.0,1769.0,1221.0,1674.0,6105.0,6105.0,859.0,362.0,1769.0,0.0
2.0,0.0,137.0,1210.0,4360.0,3105.0,3105.0,861.0,349.0,137.0,0.0
2.0,2945.0,0.0,1191.0,5965.0,0.0,0.0,861.0,330.0,0.0,0.0
2.0,8910.0,344.0,1177.0,6105.0,0.0,0.0,861.0,316.0,0.0,344.0
2.0,14671.0,710.0,1164.0,3105.0,0.0,0.0,848.0,316.0,0.0,710.0
2.0,17066.0,1072.0,1153.0,0.0,0.0,0.0,819.0,334.0,0.0,1072.0
2.0,15994.0,1087.0,1129.0,0.0,0.0,0.0,774.0,355.0,0.0,1087.0
2.0,14907.0,1493.0,1110.0,0.0,0.0,0.0,741.0,369.0,757.0,736.0
2.0,13414.0,1614.0,1108.0,0.0,0.0,0.0,738.0,370.0,1592.0,22.0
2.0,11800.0,2433.0,1150.0,0.0,0.0,0.0,780.0,370.0,2433.0,0.0
2.0,9367.0,2510.0,1199.0,0.0,0.0,0.0,829.0,370.0,2510.0,0.0
2.0,6857.0,1754.0,1226.0,0.0,1027.0,1027.0,862.0,364.0,1754.0,0.0
2.0,5103.0,153.0,1217.0,0.0,1135.0,1135.0,865.0,352.0,153.0,0.0
2.0,4950.0,0.0,1198.0,0.0,1040.0,1040.0,865.0,333.0,0.0,0.0
2.0,4950.0,323.0,1185.0,1027.0,271.0,271.0,865.0,320.0,0.0,323.0
2.0,5654.0,676.0,1171.0,1135.0,0.0,0.0,853.0,318.0,0.0,676.0
2.0,6113.0,1028.0,1162.0,1040.0,0.0,0.0,826.0,336.0,0.0,1028.0
2.0,6125.0,1056.0,1139.0,271.0,355.0,355.0,783.0,356.0,0.0,1056.0
2.0,5340.0,1420.0,1120.0,0.0,1680.0,1680.0,750.0,370.0,689.0,731.0
2.0,3920.0,1565.0,1117.0,0.0,3230.0,3230.0,746.0,371.0,1508.0,57.0
2.0,2355.0,2321.0,1155.0,355.0,5386.0,5386.0,784.0,371.0,2321.0,0.0
2.0,389.0,2440.0,1202.0,1680.0,6010.0,6010.0,831.0,371.0,2440.0,0.0
2.0,0.0,1748.0,1231.0,3230.0,5044.0,5044.0,865.0,366.0,1748.0,0.0
2.0,1111.0,239.0,1224.0,5386.0,0.0,0.0,869.0,355.0,239.0,0.0
2.0,6258.0,0.0,1206.0,6010.0,0.0,0.0,869.0,337.0,0.0,0.0
2.0,12268.0,300.0,1193.0,5044.0,0.0,0.0,869.0,324.0,0.0,300.0
2.0,17012.0,647.0,1179.0,0.0,0.0,0.0,858.0,321.0,0.0,647.0
2.0,16365.0,995.0,1168.0,0.0,0.0,0.0,831.0,337.0,0.0,995.0
2.0,15370.0,1045.0,1147.0,0.0,0.0,0.0,789.0,358.0,0.0,1045.0
2.0,14325.0,1452.0,1129.0,0.0,0.0,0.0,757.0,372.0,700.0,752.0
2.0,12873.0,1626.0,1126.0,0.0,0.0,0.0,752.0,374.0,1520.0,106.0
2.0,11247.0,2337.0,1163.0,0.0,0.0,0.0,789.0,374.0,2337.0,0.0
2.0,8910.0,2458.0,1211.0,0.0,0.0,0.0,837.0,374.0,2458.0,0.0
2.0,6452.0,1755.0,1239.0,0.0,1498.0,1498.0,870.0,369.0,1755.0,0.0
2.0,4697.0,244.0,1232.0,0.0,1707.0,1707.0,875.0,357.0,244.0,0.0
2.0,4453.0,0.0,1213.0,0.0,1612.0,1612.0,875.0,338.0,0.0,0.0
2.0,4453.0,323.0,1200.0,1498.0,372.0,372.0,875.0,325.0,0.0,323.0
2.0,5628.0,680.0,1185.0,1707.0,0.0,0.0,862.0,323.0,0.0,680.0
2.0,6655.0,1037.0,1174.0,1612.0,0.0,0.0,834.0,340.0,0.0,1037.0
2.0,7230.0,1079.0,1150.0,372.0,0.0,0.0,789.0,361.0,0.0,1079.0
2.0,6523.0,1573.0,1134.0,0.0,720.0,720.0,758.0,376.0,813.0,760.0
2.0,4950.0,1748.0,1132.0,0.0,2458.0,2458.0,755.0,377.0,1663.0,85.0
2.0,3202.0,2519.0,1175.0,0.0,5192.0,5192.0,798.0,377.0,2519.0,0.0
2.0,683.0,2565.0,1224.0,720.0,6120.0,6120.0,847.0,377.0,2565.0,0.0
2.0,0.0,1758.0,1252.0,2458.0,6260.0,6260.0,881.0,371.0,1758.0,0.0
2.0,0.0,100.0,1241.0,5192.0,1575.0,1575.0,883.0,358.0,100.0,0.0
2.0,4630.0,1.0,1221.0,6120.0,0.0,0.0,883.0,338.0,0.0,1.0
2.0,10749.0,371.0,1207.0,6260.0,0.0,0.0,883.0,324.0,0.0,371.0
2.0,16638.0,742.0,1192.0,1575.0,0.0,0.0,868.0,324.0,0.0,742.0
2.0,17471.0,1117.0,1181.0,0.0,0.0,0.0,837.0,344.0,0.0,1117.0
2.0,16354.0,1115.0,1154.0,0.0,0.0,0.0,789.0,365.0,1.0,1114.0
2.0,15239.0,1611.0,1137.0,0.0,0.0,0.0,757.0,380.0,868.0,743.0
2.0,13628.0,1745.0,1136.0,0.0,0.0,0.0,756.0,380.0,1745.0,0.0
2.0,11883.0,2613.0,1184.0,0.0,0.0,0.0,804.0,380.0,2613.0,0.0
2.0,9270.0,2618.0,1234.0,0.0,0.0,0.0,854.0,380.0,2618.0,0.0
2.0,6652.0,1740.0,1261.0,0.0,1393.0,1393.0,888.0,373.0,1740.0,0.0
2.0,4912.0,2.0,1247.0,0.0,1325.0,1325.0,888.0,359.0,2.0,0.0
2.0,4910.0,8.0,1227.0,0.0,1233.0,1233.0,888.0,339.0,0.0,8.0
2.0,4902.0,378.0,1213.0,1393.0,148.0,148.0,888.0,325.0,0.0,378.0
2.0,5917.0,753.0,1199.0,1325.0,0.0,0.0,873.0,326.0,0.0,753.0
2.0,6489.0,1115.0,1190.0,1233.0,0.0,0.0,843.0,347.0,0.0,1115.0
2.0,6607.0,1106.0,1164.0,148.0,171.0,171.0,796.0,368.0,0.0,1106.0
2.0,5649.0,1558.0,1146.0,0.0,1639.0,1639.0,764.0,382.0,837.0,721.0
2.0,4091.0,1698.0,1145.0,0.0,3332.0,3332.0,763.0,382.0,1698.0,0.0
2.0,2393.0,2559.0,1191.0,171.0,5950.0,5950.0,809.0,382.0,2559.0,0.0
2.0,5.0,2574.0,1240.0,1639.0,6200.0,6200.0,858.0,382.0,2574.0,0.0
2.0,0.0,1730.0,1268.0,3332.0,5668.0,5668.0,892.0,376.0,1730.0,0.0
2.0,672.0,19.0,1254.0,5950.0,0.0,0.0,892.0,362.0,19.0,0.0
2.0,6603.0,0.0,1235.0,6200.0,0.0,0.0,892.0,343.0,0.0,0.0
2.0,12803.0,342.0,1221.0,5668.0,0.0,0.0,892.0,329.0,0.0,342.0
2.0,18129.0,701.0,1207.0,0.0,0.0,0.0,879.0,328.0,0.0,701.0
2.0,17428.0,1061.0,1198.0,0.0,0.0,0.0,850.0,348.0,0.0,1061.0
2.0,16367.0,1078.0,1173.0,0.0,0.0,0.0,805.0,368.0,0.0,1078.0
2.0,15289.0,1497.0,1156.0,0.0,0.0,0.0,773.0,383.0,757.0,740.0
2.0,13792.0,1623.0,1153.0,0.0,0.0,0.0,770.0,383.0,1588.0,35.0
2.0,12169.0,2430.0,1195.0,0.0,0.0,0.0,812.0,383.0,2430.0,0.0
2.0,9739.0,2507.0,1243.0,0.0,0.0,0.0,860.0,383.0,2507.0,0.0
2.0,7232.0,1759.0,1272.0,0.0,887.0,887.0,894.0,378.0,1759.0,0.0
2.0,5473.0,162.0,1262.0,0.0,999.0,999.0,897.0,365.0,162.0,0.0
2.0,5311.0,0.0,1243.0,0.0,904.0,904.0,897.0,346.0,0.0,0.0
2.0,5311.0,334.0,1229.0,887.0,281.0,281.0,897.0,332.0,0.0,334.0
2.0,5864.0,693.0,1214.0,999.0,0.0,0.0,883.0,331.0,0.0,693.0
2.0,6170.0,1053.0,1203.0,904.0,0.0,0.0,854.0,349.0,0.0,1053.0
2.0,6021.0,1078.0,1179.0,281.0,671.0,671.0,809.0,370.0,0.0,1078.0
2.0,5224.0,1532.0,1162.0,0.0,2118.0,2118.0,777.0,385.0,781.0,751.0
2.0,3692.0,1698.0,1161.0,0.0,3811.0,3811.0,775.0,386.0,1636.0,62.0
2.0,1994.0,2483.0,1204.0,671.0,5838.0,5838.0,818.0,386.0,2483.0,0.0
2.0,182.0,2553.0,1253.0,2118.0,6265.0,6265.0,867.0,386.0,2553.0,0.0
2.0,0.0,1778.0,1281.0,3811.0,4625.0,4625.0,901.0,380.0,1778.0,0.0
2.0,1780.0,154.0,1270.0,5838.0,0.0,0.0,904.0,366.0,154.0,0.0
2.0,7464.0,9.0,1251.0,6265.0,0.0,0.0,904.0,347.0,0.0,9.0
2.0,13720.0,380.0,1237.0,4625.0,0.0,0.0,904.0,333.0,0.0,380.0
2.0,17965.0,752.0,1221.0,0.0,0.0,0.0,888.0,333.0,0.0,752.0
2.0,17213.0,1122.0,1209.0,0.0,0.0,0.0,856.0,353.0,0.0,1122.0
2.0,16091.0,1145.0,1184.0,0.0,0.0,0.0,809.0,375.0,29.0,1116.0
2.0,14946.0,1648.0,1166.0,0.0,0.0,0.0,777.0,389.0,908.0,740.0
2.0,13298.0,1793.0,1166.0,0.0,0.0,0.0,777.0,389.0,1793.0,0.0
2.0,11505.0,2648.0,1215.0,0.0,0.0,0.0,826.0,389.0,2648.0,0.0
2.0,8857.0,2633.0,1266.0,0.0,106.0,106.0,877.0,389.0,2633.0,0.0
2.0,6224.0,1729.0,1292.0,0.0,1965.0,1965.0,910.0,382.0,1729.0,0.0
2.0,4495.0,0.0,1277.0,0.0,1890.0,1890.0,910.0,367.0,0.0,0.0
2.0,4495.0,47.0,1257.0,106.0,1731.0,1731.0,910.0,347.0,0.0,47.0
2.0,4554.0,429.0,1244.0,1965.0,130.0,130.0,910.0,334.0,0.0,429.0
2.0,6090.0,817.0,1229.0,1890.0,0.0,0.0,894.0,335.0,0.0,817.0
2.0,7163.0,1152.0,1217.0,1731.0,0.0,0.0,860.0,357.0,0.0,1152.0
2.0,7742.0,1195.0,1189.0,130.0,0.0,0.0,811.0,378.0,88.0,1107.0
2.0,6677.0,1663.0,1171.0,0.0,841.0,841.0,780.0,391.0,989.0,674.0
2.0,5014.0,1879.0,1174.0,0.0,2735.0,2735.0,783.0,391.0,1879.0,0.0
2.0,3135.0,2690.0,1225.0,0.0,5680.0,5680.0,834.0,391.0,2690.0,0.0
2.0,445.0,2592.0,1275.0,841.0,6375.0,6375.0,884.0,391.0,2592.0,0.0
2.0,0.0,1606.0,1299.0,2735.0,6495.0,6495.0,915.0,384.0,1606.0,0.0
2.0,0.0,0.0,1285.0,5680.0,922.0,922.0,915.0,370.0,0.0,0.0
2.0,5503.0,38.0,1264.0,6375.0,0.0,0.0,915.0,349.0,0.0,38.0
2.0,11840.0,419.0,1251.0,6495.0,0.0,0.0,915.0,336.0,0.0,419.0
2.0,17916.0,798.0,1236.0,922.0,0.0,0.0,899.0,337.0,0.0,798.0
2.0,18040.0,1138.0,1225.0,0.0,0.0,0.0,866.0,359.0,0.0,1138.0
2.0,16902.0,1131.0,1198.0,0.0,0.0,0.0,818.0,380.0,37.0,1094.0
2.0,15771.0,1589.0,1179.0,0.0,0.0,0.0,786.0,393.0,918.0,671.0
2.0,14182.0,1795.0,1180.0,0.0,0.0,0.0,787.0,393.0,1795.0,0.0
2.0,12387.0,2632.0,1231.0,0.0,0.0,0.0,838.0,393.0,2632.0,0.0
2.0,9755.0,2583.0,1280.0,0.0,0.0,0.0,887.0,393.0,2583.0,0.0
2.0,7172.0,1663.0,1305.0,0.0,1016.0,1016.0,919.0,386.0,1663.0,0.0
2.0,5509.0,0.0,1292.0,0.0,951.0,951.0,919.0,373.0,0.0,0.0
2.0,5509.0,13.0,1272.0,0.0,864.0,864.0,919.0,353.0,0.0,13.0
2.0,5496.0,382.0,1258.0,1016.0,160.0,160.0,919.0,339.0,0.0,382.0
2.0,6130.0,750.0,1245.0,951.0,0.0,0.0,905.0,340.0,0.0,750.0
2.0,6331.0,1105.0,1234.0,864.0,80.0,80.0,874.0,360.0,0.0,1105.0
2.0,6090.0,1091.0,1208.0,160.0,881.0,881.0,827.0,381.0,0.0,1091.0
2.0,5159.0,1542.0,1190.0,0.0,2333.0,2333.0,795.0,395.0,828.0,714.0
2.0,3617.0,1686.0,1189.0,80.0,3934.0,3934.0,794.0,395.0,1686.0,0.0
2.0,2011.0,2548.0,1235.0,881.0,5831.0,5831.0,840.0,395.0,2548.0,0.0
2.0,344.0,2580.0,1284.0,2333.0,6323.0,6323.0,889.0,395.0,2580.0,0.0
2.0,97.0,1762.0,1311.0,3934.0,4286.0,4286.0,923.0,388.0,1762.0,0.0
2.0,2269.0,75.0,1300.0,5831.0,0.0,0.0,925.0,375.0,75.0,0.0
2.0,8025.0,20.0,1280.0,6323.0,0.0,0.0,925.0,355.0,0.0,20.0
2.0,14328.0,390.0,1267.0,4286.0,0.0,0.0,925.0,342.0,0.0,390.0
2.0,18224.0,764.0,1252.0,0.0,0.0,0.0,910.0,342.0,0.0,764.0
2.0,17460.0,1115.0,1240.0,0.0,0.0,0.0,878.0,362.0,0.0,1115.0
2.0,16345.0,1115.0,1215.0,0.0,0.0,0.0,831.0,384.0,11.0,1104.0
2.0,15230.0,1607.0,1196.0,0.0,0.0,0.0,799.0,397.0,890.0,717.0
2.0,13623.0,1774.0,1195.0,0.0,0.0,0.0,798.0,397.0,1774.0,0.0
2.0,11849.0,2648.0,1243.0,0.0,0.0,0.0,846.0,397.0,2648.0,0.0
2.0,9201.0,2652.0,1294.0,0.0,0.0,0.0,897.0,397.0,2652.0,0.0
2.0,6549.0,1764.0,1321.0,0.0,1820.0,1820.0,931.0,390.0,1764.0,0.0
2.0,4785.0,8.0,1308.0,0.0,1763.0,1763.0,932.0,376.0,8.0,0.0
2.0,4777.0,68.0,1287.0,0.0,1726.0,1726.0,932.0,355.0,0.0,68.0
2.0,4709.0,452.0,1273.0,1820.0,288.0,288.0,931.0,342.0,0.0,452.0
2.0,6077.0,840.0,1257.0,1763.0,0.0,0.0,913.0,344.0,0.0,840.0
2.0,7000.0,1166.0,1246.0,1726.0,0.0,0.0,879.0,367.0,0.0,1166.0
2.0,7560.0,1207.0,1218.0,288.0,0.0,0.0,830.0,388.0,106.0,1101.0
2.0,6641.0,1668.0,1200.0,0.0,1027.0,1027.0,799.0,401.0,1017.0,651.0
2.0,4973.0,1935.0,1204.0,0.0,2982.0,2982.0,803.0,401.0,1935.0,0.0
2.0,3038.0,2743.0,1257.0,0.0,5990.0,5990.0,856.0,401.0,2743.0,0.0
2.0,295.0,2646.0,1307.0,1027.0,6535.0,6535.0,907.0,400.0,2646.0,0.0
2.0,0.0,1625.0,1329.0,2982.0,6612.0,6612.0,938.0,391.0,1625.0,0.0
2.0,33.0,0.0,1314.0,5990.0,547.0,547.0,938.0,376.0,0.0,0.0
2.0,6023.0,88.0,1293.0,6535.0,0.0,0.0,938.0,355.0,0.0,88.0
2.0,12470.0,481.0,1279.0,6612.0,0.0,0.0,936.0,343.0,0.0,481.0
2.0,18601.0,880.0,1264.0,547.0,0.0,0.0,917.0,347.0,0.0,880.0
2.0,18268.0,1184.0,1251.0,0.0,0.0,0.0,881.0,370.0,0.0,1184.0
2.0,17084.0,1225.0,1223.0,0.0,0.0,0.0,832.0,391.0,128.0,1097.0
2.0,15859.0,1658.0,1205.0,0.0,0.0,0.0,802.0,403.0,1047.0,611.0
2.0,14201.0,1965.0,1212.0,0.0,0.0,0.0,809.0,403.0,1965.0,0.0
2.0,12236.0,2755.0,1265.0,0.0,0.0,0.0,862.0,403.0,2755.0,0.0
2.0,9481.0,2624.0,1314.0,0.0,0.0,0.0,912.0,402.0,2624.0,0.0
2.0,6857.0,1565.0,1336.0,0.0,1388.0,1388.0,942.0,394.0,1565.0,0.0
2.0,5292.0,0.0,1321.0,0.0,1313.0,1313.0,942.0,379.0,0.0,0.0
2.0,5292.0,63.0,1300.0,0.0,1271.0,1271.0,942.0,358.0,0.0,63.0
2.0,5229.0,456.0,1288.0,1388.0,279.0,279.0,942.0,346.0,0.0,456.0
2.0,6161.0,840.0,1273.0,1313.0,0.0,0.0,924.0,349.0,0.0,840.0
2.0,6634.0,1162.0,1261.0,1271.0,0.0,0.0,890.0,371.0,0.0,1162.0
2.0,6743.0,1141.0,1232.0,279.0,279.0,279.0,840.0,392.0,51.0,1090.0
2.0,5881.0,1578.0,1212.0,0.0,1757.0,1757.0,808.0,404.0,945.0,633.0
2.0,4303.0,1843.0,1216.0,0.0,3620.0,3620.0,812.0,404.0,1843.0,0.0
2.0,2460.0,2682.0,1268.0,279.0,6283.0,6283.0,864.0,404.0,2682.0,0.0
2.0,57.0,2628.0,1318.0,1757.0,6590.0,6590.0,914.0,404.0,2628.0,0.0
2.0,0.0,1673.0,1343.0,3620.0,5582.0,5582.0,946.0,397.0,1673.0,0.0
2.0,1133.0,0.0,1328.0,6283.0,0.0,0.0,946.0,382.0,0.0,0.0
2.0,7416.0,40.0,1308.0,6590.0,0.0,0.0,946.0,362.0,0.0,40.0
2.0,13966.0,420.0,1295.0,5582.0,0.0,0.0,946.0,349.0,0.0,420.0
2.0,19128.0,798.0,1281.0,0.0,0.0,0.0,930.0,351.0,0.0,798.0
2.0,18330.0,1138.0,1270.0,0.0,0.0,0.0,898.0,372.0,0.0,1138.0
2.0,17192.0,1109.0,1243.0,0.0,0.0,0.0,849.0,394.0,13.0,1096.0
2.0,16083.0,1587.0,1224.0,0.0,0.0,0.0,817.0,407.0,904.0,683.0
2.0,14496.0,1787.0,1224.0,0.0,0.0,0.0,817.0,407.0,1787.0,0.0
2.0,12709.0,2667.0,1274.0,0.0,0.0,0.0,867.0,407.0,2667.0,0.0
2.0,10042.0,2650.0,1324.0,0.0,0.0,0.0,918.0,406.0,2650.0,0.0
2.0,7392.0,1757.0,1351.0,0.0,1120.0,1120.0,952.0,399.0,1757.0,0.0
2.0,5635.0,0.0,1336.0,0.0,1045.0,1045.0,952.0,384.0,0.0,0.0
2.0,5635.0,56.0,1316.0,0.0,1001.0,1001.0,952.0,364.0,0.0,56.0
2.0,5579.0,440.0,1303.0,1120.0,256.0,256.0,952.0,351.0,0.0,440.0
2.0,6259.0,826.0,1288.0,1045.0,0.0,0.0,935.0,353.0,0.0,826.0
2.0,6478.0,1157.0,1276.0,1001.0,58.0,58.0,901.0,375.0,0.0,1157.0
2.0,6322.0,1198.0,1248.0,256.0,860.0,860.0,851.0,397.0,87.0,1111.0
2.0,5380.0,1673.0,1230.0,0.0,2443.0,2443.0,820.0,410.0,999.0,674.0
2.0,3707.0,1913.0,1232.0,58.0,4308.0,4308.0,822.0,410.0,1913.0,0.0
2.0,1852.0,2750.0,1285.0,860.0,6425.0,6425.0,875.0,410.0,2750.0,0.0
2.0,0.0,2668.0,1334.0,2443.0,6670.0,6670.0,926.0,408.0,2668.0,0.0
2.0,0.0,1684.0,1359.0,4308.0,4434.0,4434.0,959.0,400.0,1684.0,0.0
2.0,2361.0,0.0,1343.0,6425.0,0.0,0.0,959.0,384.0,0.0,0.0
2.0,8786.0,104.0,1322.0,6670.0,0.0,0.0,959.0,363.0,0.0,104.0
2.0,15352.0,504.0,1309.0,4434.0,0.0,0.0,957.0,352.0,0.0,504.0
2.0,19282.0,906.0,1293.0,0.0,0.0,0.0,937.0,356.0,0.0,906.0
2.0,18376.0,1208.0,1280.0,0.0,0.0,0.0,900.0,380.0,0.0,1208.0
2.0,17168.0,1291.0,1252.0,0.0,0.0,0.0,851.0,401.0,186.0,1105.0
2.0,15877.0,1736.0,1235.0,0.0,0.0,0.0,822.0,413.0,1133.0,603.0
2.0,14141.0,2075.0,1243.0,0.0,0.0,0.0,830.0,413.0,2075.0,0.0
2.0,12066.0,2834.0,1298.0,0.0,0.0,0.0,885.0,413.0,2834.0,0.0
2.0,9232.0,2645.0,1347.0,0.0,148.0,148.0,936.0,411.0,2645.0,0.0
2.0,6587.0,1511.0,1367.0,0.0,1759.0,1759.0,965.0,402.0,1511.0,0.0
2.0,5076.0,0.0,1350.0,0.0,1674.0,1674.0,965.0,385.0,0.0,0.0
2.0,5076.0,115.0,1329.0,148.0,1536.0,1536.0,965.0,364.0,0.0,115.0
2.0,5109.0,522.0,1315.0,1759.0,229.0,229.0,962.0,353.0,0.0,522.0
2.0,6346.0,923.0,1301.0,1674.0,0.0,0.0,942.0,359.0,0.0,923.0
2.0,7097.0,1210.0,1286.0,1536.0,0.0,0.0,904.0,382.0,0.0,1210.0
2.0,7423.0,1263.0,1258.0,229.0,0.0,0.0,855.0,403.0,173.0,1090.0
2.0,6389.0,1681.0,1240.0,0.0,1492.0,1492.0,826.0,414.0,1113.0,568.0
2.0,4708.0,2044.0,1249.0,0.0,3581.0,3581.0,835.0,414.0,2044.0,0.0
2.0,2664.0,2810.0,1303.0,0.0,6515.0,6515.0,889.0,414.0,2810.0,0.0
2.0,0.0,2632.0,1353.0,1492.0,6765.0,6765.0,940.0,413.0,2632.0,0.0
2.0,0.0,1518.0,1373.0,3581.0,6088.0,6088.0,969.0,404.0,1518.0,0.0
2.0,777.0,0.0,1357.0,6515.0,0.0,0.0,969.0,388.0,0.0,0.0
2.0,7292.0,98.0,1337.0,6765.0,0.0,0.0,969.0,368.0,0.0,98.0
2.0,13959.0,493.0,1324.0,6088.0,0.0,0.0,968.0,356.0,0.0,493.0
2.0,19554.0,887.0,1311.0,0.0,0.0,0.0,950.0,361.0,0.0,887.0
2.0,18667.0,1182.0,1298.0,0.0,0.0,0.0,914.0,384.0,0.0,1182.0
2.0,17485.0,1178.0,1269.0,0.0,0.0,0.0,864.0,405.0,96.0,1082.0
2.0,16307.0,1600.0,1249.0,0.0,0.0,0.0,833.0,416.0,1009.0,591.0
2.0,14707.0,1926.0,1254.0,0.0,0.0,0.0,838.0,416.0,1926.0,0.0
2.0,12781.0,2737.0,1307.0,0.0,0.0,0.0,891.0,416.0,2737.0,0.0
2.0,10044.0,2640.0,1357.0,0.0,0.0,0.0,942.0,415.0,2640.0,0.0
2.0,7404.0,1623.0,1380.0,0.0,1119.0,1119.0,973.0,407.0,1623.0,0.0
2.0,5781.0,0.0,1365.0,0.0,1044.0,1044.0,973.0,392.0,0.0,0.0
2.0,5781.0,79.0,1344.0,0.0,1018.0,1018.0,973.0,371.0,0.0,79.0
2.0,5702.0,468.0,1332.0,1119.0,307.0,307.0,973.0,359.0,0.0,468.0
2.0,6353.0,857.0,1318.0,1044.0,50.0,50.0,955.0,363.0,0.0,857.0
2.0,6540.0,1168.0,1306.0,1018.0,140.0,140.0,921.0,385.0,0.0,1168.0
2.0,6390.0,1190.0,1277.0,307.0,878.0,878.0,871.0,406.0,95.0,1095.0
2.0,5507.0,1633.0,1258.0,50.0,2366.0,2366.0,840.0,418.0,1005.0,628.0
2.0,3924.0,1923.0,1261.0,140.0,4164.0,4164.0,843.0,418.0,1923.0,0.0
2.0,2141.0,2746.0,1314.0,878.0,6297.0,6297.0,896.0,418.0,2746.0,0.0
2.0,273.0,2668.0,1364.0,2366.0,6820.0,6820.0,947.0,417.0,2668.0,0.0
2.0,0.0,1664.0,1388.0,4164.0,4469.0,4469.0,979.0,409.0,1664.0,0.0
2.0,2471.0,0.0,1372.0,6297.0,0.0,0.0,979.0,393.0,0.0,0.0
2.0,8768.0,108.0,1352.0,6820.0,0.0,0.0,979.0,373.0,0.0,108.0
2.0,15480.0,508.0,1338.0,4469.0,0.0,0.0,977.0,361.0,0.0,508.0
2.0,19441.0,908.0,1324.0,0.0,0.0,0.0,958.0,366.0,0.0,908.0
2.0,18533.0,1206.0,1310.0,0.0,0.0,0.0,921.0,389.0,0.0,1206.0
2.0,17327.0,1292.0,1282.0,0.0,0.0,0.0,872.0,410.0,192.0,1100.0
2.0,16035.0,1731.0,1264.0,0.0,0.0,0.0,843.0,421.0,1135.0,596.0
2.0,14304.0,2088.0,1271.0,0.0,0.0,0.0,850.0,421.0,2088.0,0.0
2.0,12216.0,2846.0,1326.0,0.0,0.0,0.0,905.0,421.0,2846.0,0.0
2.0,9370.0,2669.0,1375.0,0.0,174.0,174.0,956.0,419.0,2669.0,0.0
2.0,6701.0,1539.0,1396.0,0.0,1818.0,1818.0,986.0,410.0,1539.0,0.0
2.0,5162.0,0.0,1378.0,0.0,1728.0,1728.0,986.0,392.0,0.0,0.0
2.0,5162.0,153.0,1358.0,174.0,1607.0,1607.0,986.0,372.0,0.0,153.0
2.0,5183.0,565.0,1344.0,1818.0,284.0,284.0,982.0,362.0,0.0,565.0
2.0,6436.0,977.0,1330.0,1728.0,0.0,0.0,961.0,369.0,0.0,977.0
2.0,7187.0,1244.0,1314.0,1607.0,0.0,0.0,921.0,393.0,0.0,1244.0
2.0,7550.0,1368.0,1286.0,284.0,0.0,0.0,872.0,414.0,276.0,1092.0
2.0,6466.0,1774.0,1269.0,0.0,1653.0,1653.0,845.0,424.0,1244.0,530.0
2.0,4692.0,2215.0,1282.0,0.0,3933.0,3933.0,858.0,424.0,2215.0,0.0
2.0,2477.0,2914.0,1338.0,0.0,6690.0,6690.0,914.0,424.0,2914.0,0.0
2.0,0.0,2638.0,1387.0,1653.0,6935.0,6935.0,965.0,422.0,2638.0,0.0
2.0,0.0,1388.0,1404.0,3933.0,5897.0,5897.0,992.0,412.0,1388.0,0.0
2.0,1123.0,0.0,1386.0,6690.0,0.0,0.0,992.0,394.0,0.0,0.0
2.0,7813.0,153.0,1366.0,6935.0,0.0,0.0,992.0,374.0,0.0,153.0
2.0,14595.0,570.0,1352.0,5897.0,0.0,0.0,988.0,364.0,0.0,570.0
2.0,19922.0,982.0,1339.0,0.0,0.0,0.0,967.0,372.0,0.0,982.0
2.0,18940.0,1241.0,1323.0,0.0,0.0,0.0,928.0,395.0,0.0,1241.0
2.0,17699.0,1326.0,1294.0,0.0,0.0,0.0,878.0,416.0,244.0,1082.0
2.0,16373.0,1705.0,1277.0,0.0,0.0,0.0,851.0,426.0,1197.0,508.0
2.0,14668.0,2150.0,1289.0,0.0,0.0,0.0,863.0,426.0,2150.0,0.0
2.0,12518.0,2862.0,1344.0,0.0,0.0,0.0,918.0,426.0,2862.0,0.0
2.0,9656.0,2614.0,1392.0,0.0,0.0,0.0,968.0,424.0,2614.0,0.0
2.0,7042.0,1411.0,1410.0,0.0,1419.0,1419.0,995.0,415.0,1411.0,0.0
2.0,5631.0,0.0,1393.0,0.0,1334.0,1334.0,995.0,398.0,0.0,0.0
2.0,5631.0,115.0,1372.0,0.0,1344.0,1344.0,995.0,377.0,0.0,115.0
2.0,5516.0,516.0,1359.0,1419.0,376.0,376.0,993.0,366.0,0.0,516.0
2.0,6419.0,916.0,1346.0,1334.0,0.0,0.0,974.0,372.0,0.0,916.0
2.0,6837.0,1203.0,1333.0,1344.0,0.0,0.0,937.0,396.0,0.0,1203.0
2.0,6978.0,1243.0,1303.0,376.0,404.0,404.0,887.0,416.0,155.0,1088.0
2.0,6111.0,1668.0,1286.0,0.0,1987.0,1987.0,858.0,428.0,1092.0,576.0
2.0,4443.0,2024.0,1293.0,0.0,4046.0,4046.0,865.0,428.0,2024.0,0.0
2.0,2419.0,2804.0,1347.0,404.0,6716.0,6716.0,919.0,428.0,2804.0,0.0
2.0,19.0,2646.0,1396.0,1987.0,6980.0,6980.0,970.0,426.0,2646.0,0.0
2.0,0.0,1558.0,1417.0,4046.0,5237.0,5237.0,1000.0,417.0,1558.0,0.0
2.0,1848.0,0.0,1401.0,6716.0,0.0,0.0,1000.0,401.0,0.0,0.0
2.0,8564.0,111.0,1380.0,6980.0,0.0,0.0,1000.0,380.0,0.0,111.0
2.0,15433.0,511.0,1367.0,5237.0,0.0,0.0,998.0,369.0,0.0,511.0
2.0,20159.0,912.0,1353.0,0.0,0.0,0.0,979.0,374.0,0.0,912.0
2.0,19247.0,1202.0,1340.0,0.0,0.0,0.0,942.0,398.0,0.0,1202.0
2.0,18045.0,1268.0,1311.0,0.0,0.0,0.0,892.0,419.0,174.0,1094.0
2.0,16777.0,1714.0,1293.0,0.0,0.0,0.0,863.0,430.0,1123.0,591.0
2.0,15063.0,2069.0,1301.0,0.0,0.0,0.0,871.0,430.0,2069.0,0.0
2.0,12994.0,2852.0,1355.0,0.0,0.0,0.0,925.0,430.0,2852.0,0.0
2.0,10142.0,2684.0,1405.0,0.0,0.0,0.0,977.0,428.0,2684.0,0.0
2.0,7458.0,1575.0,1425.0,0.0,1242.0,1242.0,1007.0,418.0,1575.0,0.0
2.0,5883.0,0.0,1408.0,0.0,1157.0,1157.0,1007.0,401.0,0.0,0.0
2.0,5883.0,162.0,1388.0,0.0,1219.0,1219.0,1007.0,381.0,0.0,162.0
2.0,5721.0,574.0,1374.0,1242.0,481.0,481.0,1004.0,370.0,0.0,574.0
2.0,6389.0,989.0,1360.0,1157.0,243.0,243.0,982.0,378.0,0.0,989.0
2.0,6557.0,1244.0,1344.0,1219.0,188.0,188.0,942.0,402.0,0.0,1244.0
2.0,6532.0,1364.0,1315.0,481.0,926.0,926.0,892.0,423.0,273.0,1091.0
2.0,5649.0,1771.0,1298.0,243.0,2369.0,2369.0,865.0,433.0,1250.0,521.0
2.0,4121.0,2237.0,1311.0,188.0,4483.0,4483.0,878.0,433.0,2237.0,0.0
2.0,2072.0,2946.0,1368.0,926.0,6788.0,6788.0,935.0,433.0,2946.0,0.0
2.0,52.0,2688.0,1417.0,2369.0,7085.0,7085.0,987.0,430.0,2688.0,0.0
2.0,0.0,1438.0,1433.0,4483.0,4387.0,4387.0,1014.0,419.0,1438.0,0.0
2.0,2778.0,0.0,1414.0,6788.0,0.0,0.0,1014.0,400.0,0.0,0.0
2.0,9566.0,207.0,1394.0,7085.0,0.0,0.0,1014.0,380.0,0.0,207.0
2.0,16444.0,631.0,1381.0,4387.0,0.0,0.0,1009.0,372.0,0.0,631.0
2.0,20200.0,1061.0,1367.0,0.0,0.0,0.0,985.0,382.0,0.0,1061.0
2.0,19139.0,1279.0,1348.0,0.0,0.0,0.0,942.0,406.0,0.0,1279.0
2.0,17860.0,1406.0,1320.0,0.0,0.0,0.0,893.0,427.0,332.0,1074.0
2.0,16454.0,1759.0,1302.0,0.0,0.0,0.0,867.0,435.0,1322.0,437.0
2.0,14695.0,2315.0,1320.0,0.0,0.0,0.0,885.0,435.0,2315.0,0.0
2.0,12380.0,2974.0,1377.0,0.0,0.0,0.0,942.0,435.0,2974.0,0.0
2.0,9406.0,2647.0,1425.0,0.0,366.0,366.0,993.0,432.0,2647.0,0.0
2.0,6759.0,1320.0,1441.0,0.0,1766.0,1766.0,1019.0,422.0,1320.0,0.0
2.0,5439.0,0.0,1422.0,0.0,1671.0,1671.0,1019.0,403.0,0.0,0.0
2.0,5439.0,191.0,1401.0,366.0,1391.0,1391.0,1019.0,382.0,0.0,191.0
2.0,5614.0,611.0,1387.0,1766.0,166.0,166.0,1014.0,373.0,0.0,611.0
2.0,6769.0,1036.0,1375.0,1671.0,0.0,0.0,991.0,384.0,0.0,1036.0
2.0,7404.0,1262.0,1358.0,1391.0,0.0,0.0,950.0,408.0,0.0,1262.0
2.0,7533.0,1338.0,1328.0,166.0,279.0,279.0,900.0,428.0,270.0,1068.0
2.0,6361.0,1689.0,1310.0,0.0,1878.0,1878.0,873.0,437.0,1241.0,448.0
2.0,4672.0,2214.0,1326.0,0.0,4172.0,4172.0,889.0,437.0,2214.0,0.0
2.0,2458.0,2911.0,1382.0,279.0,6910.0,6910.0,945.0,437.0,2911.0,0.0
2.0,0.0,2640.0,1431.0,1878.0,7155.0,7155.0,996.0,435.0,2640.0,0.0
2.0,0.0,1389.0,1447.0,4172.0,5388.0,5388.0,1022.0,425.0,1389.0,0.0
2.0,1847.0,0.0,1429.0,6910.0,0.0,0.0,1022.0,407.0,0.0,0.0
2.0,8757.0,155.0,1409.0,7155.0,0.0,0.0,1022.0,387.0,0.0,155.0
2.0,15757.0,567.0,1396.0,5388.0,0.0,0.0,1019.0,377.0,0.0,567.0
2.0,20578.0,979.0,1383.0,0.0,0.0,0.0,998.0,385.0,0.0,979.0
2.0,19599.0,1234.0,1367.0,0.0,0.0,0.0,959.0,408.0,0.0,1234.0
2.0,18365.0,1290.0,1339.0,0.0,0.0,0.0,910.0,429.0,214.0,1076.0
2.0,17075.0,1688.0,1320.0,0.0,0.0,0.0,881.0,439.0,1176.0,512.0
2.0,15387.0,2133.0,1331.0,0.0,0.0,0.0,892.0,439.0,2133.0,0.0
2.0,13254.0,2874.0,1387.0,0.0,0.0,0.0,948.0,439.0,2874.0,0.0
2.0,10380.0,2654.0,1436.0,0.0,0.0,0.0,999.0,437.0,2654.0,0.0
2.0,7726.0,1474.0,1454.0,0.0,1018.0,1018.0,1027.0,427.0,1474.0,0.0
2.0,6252.0,0.0,1437.0,0.0,933.0,933.0,1027.0,410.0,0.0,0.0
2.0,6252.0,152.0,1416.0,0.0,980.0,980.0,1027.0,389.0,0.0,152.0
2.0,6100.0,566.0,1403.0,1018.0,463.0,463.0,1024.0,379.0,0.0,566.0
2.0,6552.0,979.0,1389.0,933.0,439.0,439.0,1002.0,387.0,0.0,979.0
2.0,6506.0,1242.0,1373.0,980.0,621.0,621.0,962.0,411.0,0.0,1242.0
2.0,6244.0,1371.0,1345.0,463.0,1389.0,1389.0,913.0,432.0,279.0,1092.0
2.0,5336.0,1791.0,1327.0,439.0,2651.0,2651.0,885.0,442.0,1255.0,536.0
2.0,3984.0,2238.0,1340.0,621.0,4333.0,4333.0,898.0,442.0,2238.0,0.0
2.0,2367.0,2944.0,1397.0,1389.0,6173.0,6173.0,955.0,442.0,2944.0,0.0
2.0,812.0,2681.0,1445.0,2651.0,6443.0,6443.0,1006.0,439.0,2681.0,0.0
2.0,782.0,1432.0,1462.0,4333.0,3627.0,3627.0,1034.0,428.0,1432.0,0.0
2.0,3683.0,0.0,1443.0,6173.0,0.0,0.0,1034.0,409.0,0.0,0.0
2.0,9856.0,210.0,1423.0,6443.0,0.0,0.0,1034.0,389.0,0.0,210.0
2.0,16089.0,637.0,1409.0,3627.0,0.0,0.0,1029.0,380.0,0.0,637.0
2.0,19079.0,1066.0,1396.0,0.0,0.0,0.0,1005.0,391.0,0.0,1066.0
2.0,18013.0,1286.0,1377.0,0.0,0.0,0.0,962.0,415.0,0.0,1286.0
2.0,16727.0,1470.0,1348.0,0.0,0.0,0.0,912.0,436.0,385.0,1085.0
2.0,15257.0,1845.0,1332.0,0.0,0.0,0.0,887.0,445.0,1394.0,451.0
2.0,13412.0,2414.0,1351.0,0.0,0.0,0.0,906.0,445.0,2414.0,0.0
2.0,10998.0,3044.0,1410.0,0.0,0.0,0.0,965.0,445.0,3044.0,0.0
2.0,7954.0,2673.0,1457.0,0.0,2004.0,2004.0,1016.0,441.0,2673.0,0.0
2.0,5281.0,1280.0,1470.0,0.0,3349.0,3349.0,1041.0,429.0,1280.0,0.0
2.0,4001.0,0.0,1449.0,0.0,3244.0,3244.0,1041.0,408.0,0.0,0.0
2.0,4001.0,245.0,1429.0,2004.0,1385.0,1385.0,1041.0,388.0,0.0,245.0
2.0,5760.0,680.0,1415.0,3349.0,0.0,0.0,1034.0,381.0,0.0,680.0
2.0,8429.0,1116.0,1403.0,3244.0,0.0,0.0,1009.0,394.0,0.0,1116.0
2.0,10557.0,1311.0,1383.0,1385.0,0.0,0.0,964.0,419.0,0.0,1311.0
2.0,10631.0,1451.0,1355.0,0.0,0.0,0.0,915.0,440.0,386.0,1065.0
2.0,9180.0,1781.0,1338.0,0.0,0.0,0.0,891.0,447.0,1400.0,381.0
2.0,7399.0,2416.0,1359.0,0.0,1812.0,1812.0,912.0,447.0,2416.0,0.0
2.0,4983.0,3045.0,1417.0,0.0,5147.0,5147.0,970.0,447.0,3045.0,0.0
2.0,1938.0,2652.0,1464.0,0.0,7320.0,7320.0,1021.0,443.0,2652.0,0.0
2.0,0.0,1248.0,1476.0,1812.0,7380.0,7380.0,1045.0,431.0,1248.0,0.0
2.0,0.0,0.0,1457.0,5147.0,2288.0,2288.0,1045.0,412.0,0.0,0.0
2.0,4997.0,219.0,1437.0,7320.0,0.0,0.0,1045.0,392.0,0.0,219.0
2.0,12098.0,645.0,1423.0,7380.0,0.0,0.0,1040.0,383.0,0.0,645.0
2.0,18833.0,1078.0,1411.0,2288.0,0.0,0.0,1016.0,395.0,0.0,1078.0
2.0,20043.0,1284.0,1394.0,0.0,0.0,0.0,974.0,420.0,0.0,1284.0
2.0,18759.0,1350.0,1364.0,0.0,0.0,0.0,923.0,441.0,288.0,1062.0
2.0,17409.0,1691.0,1345.0,0.0,0.0,0.0,897.0,448.0,1283.0,408.0
2.0,15718.0,2273.0,1362.0,0.0,0.0,0.0,914.0,448.0,2273.0,0.0
2.0,13445.0,2969.0,1419.0,0.0,0.0,0.0,971.0,448.0,2969.0,0.0
2.0,10476.0,2667.0,1468.0,0.0,0.0,0.0,1023.0,445.0,2667.0,0.0
2.0,7809.0,1380.0,1484.0,0.0,991.0,991.0,1049.0,435.0,1380.0,0.0
2.0,6429.0,0.0,1465.0,0.0,896.0,896.0,1049.0,416.0,0.0,0.0
2.0,6429.0,182.0,1445.0,0.0,978.0,978.0,1049.0,396.0,0.0,182.0
2.0,6247.0,602.0,1431.0,991.0,519.0,519.0,1045.0,386.0,0.0,602.0
2.0,6636.0,1027.0,1418.0,896.0,585.0,585.0,1022.0,396.0,0.0,1027.0
2.0,6505.0,1266.0,1402.0,978.0,793.0,793.0,981.0,421.0,0.0,1266.0
2.0,6217.0,1341.0,1372.0,519.0,1465.0,1465.0,931.0,441.0,257.0,1084.0
2.0,5395.0,1724.0,1355.0,585.0,2519.0,2519.0,904.0,451.0,1246.0,478.0
2.0,4256.0,2234.0,1370.0,793.0,4035.0,4035.0,919.0,451.0,2234.0,0.0
2.0,2815.0,2961.0,1426.0,1465.0,5811.0,5811.0,975.0,451.0,2961.0,0.0
2.0,1319.0,2701.0,1475.0,2519.0,6238.0,6238.0,1027.0,448.0,2701.0,0.0
2.0,1137.0,1463.0,1493.0,4035.0,3756.0,3756.0,1056.0,437.0,1463.0,0.0
2.0,3709.0,0.0,1474.0,5811.0,0.0,0.0,1056.0,418.0,0.0,0.0
2.0,9520.0,203.0,1454.0,6238.0,0.0,0.0,1056.0,398.0,0.0,203.0
2.0,15555.0,629.0,1439.0,3756.0,0.0,0.0,1050.0,389.0,0.0,629.0
2.0,18682.0,1058.0,1425.0,0.0,0.0,0.0,1026.0,399.0,0.0,1058.0
2.0,17624.0,1285.0,1407.0,0.0,0.0,0.0,983.0,424.0,0.0,1285.0
2.0,16339.0,1444.0,1378.0,0.0,0.0,0.0,933.0,445.0,351.0,1093.0
2.0,14895.0,1832.0,1362.0,0.0,0.0,0.0,908.0,454.0,1363.0,469.0
2.0,13063.0,2380.0,1380.0,0.0,0.0,0.0,926.0,454.0,2380.0,0.0
2.0,10683.0,3046.0,1439.0,0.0,0.0,0.0,985.0,454.0,3046.0,0.0
2.0,7637.0,2708.0,1487.0,0.0,2506.0,2506.0,1037.0,450.0,2708.0,0.0
2.0,4929.0,1349.0,1501.0,0.0,3925.0,3925.0,1063.0,438.0,1349.0,0.0
2.0,3580.0,0.0,1480.0,0.0,3820.0,3820.0,1063.0,417.0,0.0,0.0
2.0,3580.0,251.0,1460.0,2506.0,1465.0,1465.0,1063.0,397.0,0.0,251.0
2.0,5835.0,694.0,1445.0,3925.0,0.0,0.0,1055.0,390.0,0.0,694.0
2.0,9066.0,1136.0,1431.0,3820.0,0.0,0.0,1028.0,403.0,0.0,1136.0
2.0,11750.0,1332.0,1411.0,1465.0,0.0,0.0,982.0,429.0,0.0,1332.0
2.0,11883.0,1530.0,1381.0,0.0,0.0,0.0,932.0,449.0,448.0,1082.0
2.0,10353.0,1875.0,1366.0,0.0,0.0,0.0,909.0,457.0,1485.0,390.0
2.0,8478.0,2529.0,1390.0,0.0,1001.0,1001.0,933.0,457.0,2529.0,0.0
2.0,5949.0,3124.0,1450.0,0.0,4425.0,4425.0,993.0,457.0,3124.0,0.0
2.0,2825.0,2684.0,1497.0,0.0,7344.0,7344.0,1045.0,452.0,2684.0,0.0
2.0,141.0,1195.0,1507.0,1001.0,7535.0,7535.0,1068.0,439.0,1195.0,0.0
2.0,0.0,0.0,1486.0,4425.0,3058.0,3058.0,1068.0,418.0,0.0,0.0
2.0,4372.0,263.0,1465.0,7344.0,0.0,0.0,1068.0,397.0,0.0,263.0
2.0,11453.0,708.0,1451.0,7535.0,0.0,0.0,1060.0,391.0,0.0,708.0
2.0,18280.0,1153.0,1439.0,3058.0,0.0,0.0,1034.0,405.0,0.0,1153.0
2.0,20185.0,1337.0,1418.0,0.0,0.0,0.0,987.0,431.0,0.0,1337.0
2.0,18848.0,1501.0,1389.0,0.0,0.0,0.0,937.0,452.0,428.0,1073.0
2.0,17347.0,1823.0,1373.0,0.0,0.0,0.0,914.0,459.0,1461.0,362.0
2.0,15524.0,2494.0,1397.0,0.0,0.0,0.0,938.0,459.0,2494.0,0.0
2.0,13030.0,3089.0,1456.0,0.0,0.0,0.0,997.0,459.0,3089.0,0.0
2.0,9941.0,2654.0,1502.0,0.0,223.0,223.0,1048.0,454.0,2654.0,0.0
2.0,7287.0,1178.0,1513.0,0.0,1456.0,1456.0,1071.0,442.0,1178.0,0.0
2.0,6109.0,0.0,1492.0,0.0,1351.0,1351.0,1071.0,421.0,0.0,0.0
2.0,6109.0,219.0,1472.0,223.0,1247.0,1247.0,1071.0,401.0,0.0,219.0
2.0,6113.0,654.0,1458.0,1456.0,375.0,375.0,1065.0,393.0,0.0,654.0
2.0,6915.0,1088.0,1447.0,1351.0,57.0,57.0,1041.0,406.0,0.0,1088.0
2.0,7178.0,1308.0,1428.0,1247.0,23.0,23.0,997.0,431.0,0.0,1308.0
2.0,7117.0,1449.0,1399.0,375.0,952.0,952.0,947.0,452.0,362.0,1087.0
2.0,6043.0,1800.0,1382.0,57.0,2610.0,2610.0,922.0,460.0,1369.0,431.0
2.0,4300.0,2382.0,1401.0,23.0,5064.0,5064.0,941.0,460.0,2382.0,0.0
2.0,1941.0,3027.0,1459.0,952.0,7295.0,7295.0,999.0,460.0,3027.0,0.0
2.0,0.0,2668.0,1508.0,2610.0,7540.0,7540.0,1051.0,457.0,2668.0,0.0
2.0,0.0,1293.0,1521.0,5064.0,4026.0,4026.0,1076.0,445.0,1293.0,0.0
2.0,3579.0,0.0,1502.0,7295.0,0.0,0.0,1076.0,426.0,0.0,0.0
2.0,10874.0,196.0,1481.0,7540.0,0.0,0.0,1076.0,405.0,0.0,196.0
2.0,18218.0,631.0,1467.0,4026.0,0.0,0.0,1071.0,396.0,0.0,631.0
2.0,21613.0,1060.0,1455.0,0.0,0.0,0.0,1047.0,408.0,0.0,1060.0
2.0,20553.0,1295.0,1436.0,0.0,0.0,0.0,1004.0,432.0,0.0,1295.0
2.0,19258.0,1447.0,1407.0,0.0,0.0,0.0,953.0,454.0,350.0,1097.0
2.0,17811.0,1837.0,1391.0,0.0,0.0,0.0,928.0,463.0,1367.0,470.0
2.0,15974.0,2379.0,1408.0,0.0,0.0,0.0,945.0,463.0,2379.0,0.0
2.0,13595.0,3045.0,1467.0,0.0,0.0,0.0,1004.0,463.0,3045.0,0.0
2.0,10550.0,2700.0,1515.0,0.0,0.0,0.0,1056.0,459.0,2700.0,0.0
2.0,7850.0,1342.0,1529.0,0.0,1137.0,1137.0,1082.0,447.0,1342.0,0.0
2.0,6508.0,0.0,1508.0,0.0,1032.0,1032.0,1082.0,426.0,0.0,0.0
2.0,6508.0,240.0,1488.0,0.0,1172.0,1172.0,1082.0,406.0,0.0,240.0
2.0,6268.0,682.0,1473.0,1137.0,642.0,642.0,1075.0,398.0,0.0,682.0
2.0,6723.0,1125.0,1460.0,1032.0,670.0,670.0,1049.0,411.0,0.0,1125.0
2.0,6630.0,1331.0,1439.0,1172.0,724.0,724.0,1003.0,436.0,0.0,1331.0
2.0,6471.0,1571.0,1412.0,642.0,1518.0,1518.0,954.0,458.0,475.0,1096.0
2.0,5542.0,1938.0,1397.0,670.0,2711.0,2711.0,931.0,466.0,1521.0,417.0
2.0,4274.0,2568.0,1420.0,724.0,4670.0,4670.0,954.0,466.0,2568.0,0.0
2.0,2430.0,3146.0,1481.0,1518.0,6603.0,6603.0,1015.0,466.0,3146.0,0.0
2.0,802.0,2677.0,1527.0,2711.0,6799.0,6799.0,1066.0,461.0,2677.0,0.0
2.0,836.0,1166.0,1536.0,4670.0,3340.0,3340.0,1089.0,447.0,1166.0,0.0
2.0,4340.0,0.0,1515.0,6603.0,0.0,0.0,1089.0,426.0,0.0,0.0
2.0,10943.0,292.0,1495.0,6799.0,0.0,0.0,1089.0,406.0,0.0,292.0
2.0,17450.0,747.0,1479.0,3340.0,0.0,0.0,1080.0,399.0,0.0,747.0
2.0,20043.0,1202.0,1466.0,0.0,0.0,0.0,1051.0,415.0,0.0,1202.0
2.0,18841.0,1364.0,1444.0,0.0,0.0,0.0,1003.0,441.0,0.0,1364.0
2.0,17477.0,1634.0,1415.0,0.0,0.0,0.0,953.0,462.0,555.0,1079.0
2.0,15843.0,1957.0,1401.0,0.0,0.0,0.0,933.0,468.0,1624.0,333.0
2.0,13886.0,2693.0,1430.0,0.0,0.0,0.0,962.0,468.0,2693.0,0.0
2.0,11193.0,3207.0,1491.0,0.0,0.0,0.0,1023.0,468.0,3207.0,0.0
2.0,7986.0,2647.0,1537.0,0.0,2346.0,2346.0,1074.0,463.0,2647.0,0.0
2.0,5339.0,1022.0,1543.0,0.0,3398.0,3398.0,1094.0,449.0,1022.0,0.0
2.0,4317.0,0.0,1521.0,0.0,3288.0,3288.0,1094.0,427.0,0.0,0.0
2.0,4317.0,294.0,1501.0,2346.0,1136.0,1136.0,1094.0,407.0,0.0,294.0
2.0,6369.0,747.0,1487.0,3398.0,0.0,0.0,1086.0,401.0,0.0,747.0
2.0,9020.0,1200.0,1475.0,3288.0,0.0,0.0,1058.0,417.0,0.0,1200.0
2.0,11108.0,1364.0,1453.0,1136.0,0.0,0.0,1010.0,443.0,0.0,1364.0
2.0,10880.0,1572.0,1424.0,0.0,0.0,0.0,960.0,464.0,504.0,1068.0
2.0,9308.0,1872.0,1409.0,0.0,0.0,0.0,939.0,470.0,1554.0,318.0
2.0,7436.0,2607.0,1436.0,0.0,2351.0,2351.0,966.0,470.0,2607.0,0.0
2.0,4829.0,3149.0,1497.0,0.0,5805.0,5805.0,1027.0,470.0,3149.0,0.0
2.0,1680.0,2641.0,1544.0,0.0,7720.0,7720.0,1078.0,466.0,2641.0,0.0
2.0,0.0,1079.0,1551.0,2351.0,7444.0,7444.0,1098.0,453.0,1079.0,0.0
2.0,311.0,0.0,1530.0,5805.0,1534.0,1534.0,1098.0,432.0,0.0,0.0
2.0,6116.0,251.0,1510.0,7720.0,0.0,0.0,1098.0,412.0,0.0,251.0
2.0,13585.0,699.0,1495.0,7444.0,0.0,0.0,1091.0,404.0,0.0,699.0
2.0,20330.0,1140.0,1483.0,1534.0,0.0,0.0,1065.0,418.0,0.0,1140.0
2.0,20724.0,1332.0,1463.0,0.0,0.0,0.0,1019.0,444.0,0.0,1332.0
2.0,19392.0,1498.0,1433.0,0.0,0.0,0.0,969.0,464.0,423.0,1075.0
2.0,17894.0,1825.0,1418.0,0.0,0.0,0.0,946.0,472.0,1450.0,375.0
2.0,16069.0,2483.0,1441.0,0.0,0.0,0.0,969.0,472.0,2483.0,0.0
2.0,13586.0,3086.0,1500.0,0.0,0.0,0.0,1028.0,472.0,3086.0,0.0
2.0,10500.0,2667.0,1547.0,0.0,0.0,0.0,1079.0,468.0,2667.0,0.0
2.0,7833.0,1216.0,1559.0,0.0,1178.0,1178.0,1103.0,456.0,1216.0,0.0
2.0,6617.0,0.0,1538.0,0.0,1073.0,1073.0,1103.0,435.0,0.0,0.0
2.0,6617.0,248.0,1518.0,0.0,1221.0,1221.0,1103.0,415.0,0.0,248.0
2.0,6369.0,690.0,1503.0,1178.0,658.0,658.0,1096.0,407.0,0.0,690.0
2.0,6857.0,1133.0,1490.0,1073.0,653.0,653.0,1070.0,420.0,0.0,1133.0
2.0,6797.0,1331.0,1470.0,1221.0,663.0,663.0,1024.0,446.0,0.0,1331.0
2.0,6687.0,1550.0,1440.0,658.0,1405.0,1405.0,974.0,466.0,466.0,1084.0
2.0,5795.0,1918.0,1426.0,653.0,2600.0,2600.0,952.0,474.0,1515.0,403.0
2.0,4530.0,2561.0,1449.0,663.0,4613.0,4613.0,975.0,474.0,2561.0,0.0
2.0,2632.0,3145.0,1510.0,1405.0,6658.0,6658.0,1036.0,474.0,3145.0,0.0
2.0,892.0,2687.0,1557.0,2600.0,6980.0,6980.0,1087.0,470.0,2687.0,0.0
2.0,805.0,1180.0,1566.0,4613.0,3592.0,3592.0,1110.0,456.0,1180.0,0.0
2.0,4238.0,0.0,1545.0,6658.0,0.0,0.0,1110.0,435.0,0.0,0.0
2.0,10896.0,300.0,1525.0,6980.0,0.0,0.0,1110.0,415.0,0.0,300.0
2.0,17576.0,755.0,1509.0,3592.0,0.0,0.0,1101.0,408.0,0.0,755.0
2.0,20413.0,1212.0,1496.0,0.0,0.0,0.0,1072.0,424.0,0.0,1212.0
2.0,19201.0,1370.0,1472.0,0.0,0.0,0.0,1022.0,450.0,0.0,1370.0
2.0,17831.0,1650.0,1444.0,0.0,0.0,0.0,973.0,471.0,576.0,1074.0
2.0,16181.0,1980.0,1430.0,0.0,0.0,0.0,953.0,477.0,1652.0,328.0
2.0,14201.0,2740.0,1460.0,0.0,0.0,0.0,983.0,477.0,2740.0,0.0
2.0,11461.0,3243.0,1523.0,0.0,0.0,0.0,1046.0,477.0,3243.0,0.0
2.0,8218.0,2683.0,1568.0,0.0,2305.0,2305.0,1097.0,471.0,2683.0,0.0
2.0,5535.0,1026.0,1574.0,0.0,3361.0,3361.0,1117.0,457.0,1026.0,0.0
2.0,4509.0,0.0,1551.0,0.0,3246.0,3246.0,1117.0,434.0,0.0,0.0
2.0,4509.0,347.0,1531.0,2305.0,1188.0,1188.0,1117.0,414.0,0.0,347.0
2.0,6467.0,812.0,1515.0,3361.0,0.0,0.0,1106.0,409.0,0.0,812.0
2.0,9016.0,1277.0,1502.0,3246.0,0.0,0.0,1075.0,427.0,0.0,1277.0
2.0,10985.0,1399.0,1477.0,1188.0,0.0,0.0,1023.0,454.0,0.0,1399.0
2.0,10774.0,1669.0,1448.0,0.0,0.0,0.0,973.0,475.0,612.0,1057.0
2.0,9105.0,1939.0,1434.0,0.0,4.0,4.0,955.0,479.0,1695.0,244.0
2.0,7166.0,2786.0,1468.0,0.0,2960.0,2960.0,989.0,479.0,2786.0,0.0
2.0,4380.0,3257.0,1531.0,0.0,6532.0,6532.0,1052.0,479.0,3257.0,0.0
2.0,1123.0,2650.0,1577.0,4.0,7885.0,7885.0,1103.0,474.0,2650.0,0.0
2.0,0.0,946.0,1580.0,2960.0,7409.0,7409.0,1121.0,459.0,946.0,0.0
2.0,491.0,0.0,1557.0,6532.0,762.0,762.0,1121.0,436.0,0.0,0.0
2.0,7023.0,332.0,1537.0,7885.0,0.0,0.0,1121.0,416.0,0.0,332.0
2.0,14576.0,793.0,1522.0,7409.0,0.0,0.0,1111.0,411.0,0.0,793.0
2.0,21192.0,1254.0,1510.0,762.0,0.0,0.0,1081.0,429.0,0.0,1254.0
2.0,20700.0,1380.0,1487.0,0.0,0.0,0.0,1031.0,456.0,0.0,1380.0
2.0,19320.0,1608.0,1457.0,0.0,0.0,0.0,981.0,476.0,558.0,1050.0
2.0,17712.0,1881.0,1443.0,0.0,0.0,0.0,962.0,481.0,1627.0,254.0
2.0,15831.0,2700.0,1474.0,0.0,0.0,0.0,993.0,481.0,2700.0,0.0
2.0,13131.0,3207.0,1536.0,0.0,0.0,0.0,1055.0,481.0,3207.0,0.0
2.0,9924.0,2642.0,1581.0,0.0,623.0,623.0,1105.0,476.0,2642.0,0.0
2.0,7282.0,1002.0,1587.0,0.0,1655.0,1655.0,1125.0,462.0,1002.0,0.0
2.0,6280.0,0.0,1566.0,0.0,1550.0,1550.0,1125.0,441.0,0.0,0.0
2.0,6280.0,299.0,1546.0,623.0,1126.0,1126.0,1125.0,421.0,0.0,299.0
2.0,6604.0,750.0,1530.0,1655.0,141.0,141.0,1116.0,414.0,0.0,750.0
2.0,7509.0,1199.0,1519.0,1550.0,0.0,0.0,1089.0,430.0,0.0,1199.0
2.0,7860.0,1357.0,1497.0,1126.0,0.0,0.0,1041.0,456.0,0.0,1357.0
2.0,7629.0,1551.0,1468.0,141.0,1121.0,1121.0,991.0,477.0,491.0,1060.0
2.0,6219.0,1858.0,1452.0,0.0,2899.0,2899.0,969.0,483.0,1547.0,311.0
2.0,4361.0,2601.0,1479.0,0.0,5635.0,5635.0,996.0,483.0,2601.0,0.0
2.0,1760.0,3172.0,1540.0,1121.0,7700.0,7700.0,1057.0,483.0,3172.0,0.0
2.0,0.0,2685.0,1587.0,2899.0,7935.0,7935.0,1109.0,478.0,2685.0,0.0
2.0,0.0,1146.0,1596.0,5635.0,3568.0,3568.0,1131.0,465.0,1146.0,0.0
2.0,4412.0,0.0,1574.0,7700.0,0.0,0.0,1131.0,443.0,0.0,0.0
2.0,12112.0,309.0,1554.0,7935.0,0.0,0.0,1131.0,423.0,0.0,309.0
2.0,19738.0,770.0,1539.0,3568.0,0.0,0.0,1122.0,417.0,0.0,770.0
2.0,22536.0,1227.0,1526.0,0.0,0.0,0.0,1093.0,433.0,0.0,1227.0
2.0,21309.0,1374.0,1503.0,0.0,0.0,0.0,1043.0,460.0,0.0,1374.0
2.0,19935.0,1607.0,1473.0,0.0,0.0,0.0,993.0,480.0,543.0,1064.0
2.0,18328.0,1916.0,1459.0,0.0,0.0,0.0,973.0,486.0,1620.0,296.0
2.0,16412.0,2701.0,1488.0,0.0,0.0,0.0,1002.0,486.0,2701.0,0.0
2.0,13711.0,3248.0,1551.0,0.0,0.0,0.0,1065.0,486.0,3248.0,0.0
2.0,10463.0,2714.0,1597.0,0.0,236.0,236.0,1117.0,480.0,2714.0,0.0
2.0,7749.0,1111.0,1603.0,0.0,1377.0,1377.0,1138.0,465.0,1111.0,0.0
2.0,6638.0,0.0,1580.0,0.0,1262.0,1262.0,1138.0,442.0,0.0,0.0
2.0,6638.0,370.0,1561.0,236.0,1301.0,1301.0,1138.0,423.0,0.0,370.0
2.0,6504.0,840.0,1545.0,1377.0,684.0,684.0,1127.0,418.0,0.0,840.0
2.0,7041.0,1313.0,1532.0,1262.0,670.0,670.0,1095.0,437.0,0.0,1313.0
2.0,6990.0,1416.0,1507.0,1301.0,660.0,660.0,1043.0,464.0,0.0,1416.0
2.0,6875.0,1699.0,1478.0,684.0,1530.0,1530.0,993.0,485.0,649.0,1050.0
2.0,5860.0,1982.0,1464.0,670.0,2772.0,2772.0,975.0,489.0,1763.0,219.0
2.0,4548.0,2877.0,1500.0,660.0,5169.0,5169.0,1011.0,489.0,2877.0,0.0
2.0,2331.0,3340.0,1564.0,1530.0,7299.0,7299.0,1075.0,489.0,3340.0,0.0
2.0,521.0,2694.0,1609.0,2772.0,7446.0,7446.0,1127.0,482.0,2694.0,0.0
2.0,599.0,931.0,1612.0,5169.0,3223.0,3223.0,1145.0,467.0,931.0,0.0
2.0,4837.0,0.0,1587.0,7299.0,0.0,0.0,1145.0,442.0,0.0,0.0
2.0,12136.0,395.0,1568.0,7446.0,0.0,0.0,1145.0,423.0,0.0,395.0
2.0,19187.0,871.0,1552.0,3223.0,0.0,0.0,1133.0,419.0,0.0,871.0
2.0,21539.0,1345.0,1540.0,0.0,0.0,0.0,1100.0,440.0,0.0,1345.0
2.0,20194.0,1433.0,1515.0,0.0,0.0,0.0,1047.0,468.0,0.0,1433.0
2.0,18761.0,1678.0,1484.0,0.0,0.0,0.0,996.0,488.0,643.0,1035.0
2.0,17083.0,1923.0,1470.0,0.0,0.0,0.0,979.0,491.0,1758.0,165.0
2.0,15160.0,2865.0,1507.0,0.0,0.0,0.0,1016.0,491.0,2865.0,0.0
2.0,12295.0,3325.0,1571.0,0.0,0.0,0.0,1080.0,491.0,3325.0,0.0
2.0,8970.0,2674.0,1616.0,0.0,1784.0,1784.0,1131.0,485.0,2674.0,0.0
2.0,6296.0,909.0,1618.0,0.0,2703.0,2703.0,1149.0,469.0,909.0,0.0
2.0,5387.0,0.0,1594.0,0.0,2583.0,2583.0,1149.0,445.0,0.0,0.0
2.0,5387.0,366.0,1575.0,1784.0,1070.0,1070.0,1149.0,426.0,0.0,366.0
2.0,6805.0,834.0,1560.0,2703.0,0.0,0.0,1138.0,422.0,0.0,834.0
2.0,8674.0,1301.0,1549.0,2583.0,0.0,0.0,1107.0,442.0,0.0,1301.0
2.0,9956.0,1405.0,1524.0,1070.0,0.0,0.0,1055.0,469.0,0.0,1405.0
2.0,9621.0,1601.0,1493.0,0.0,0.0,0.0,1004.0,489.0,563.0,1038.0
2.0,8020.0,1848.0,1478.0,0.0,1218.0,1218.0,985.0,493.0,1647.0,201.0
2.0,6172.0,2733.0,1511.0,0.0,4116.0,4116.0,1018.0,493.0,2733.0,0.0
2.0,3439.0,3251.0,1574.0,0.0,7682.0,7682.0,1081.0,493.0,3251.0,0.0
2.0,188.0,2689.0,1619.0,1218.0,8095.0,8095.0,1132.0,487.0,2689.0,0.0
2.0,0.0,1033.0,1624.0,4116.0,6320.0,6320.0,1152.0,472.0,1033.0,0.0
2.0,1800.0,0.0,1601.0,7682.0,0.0,0.0,1152.0,449.0,0.0,0.0
2.0,9482.0,334.0,1582.0,8095.0,0.0,0.0,1152.0,430.0,0.0,334.0
2.0,17243.0,795.0,1568.0,6320.0,0.0,0.0,1143.0,425.0,0.0,795.0
2.0,22768.0,1261.0,1556.0,0.0,0.0,0.0,1113.0,443.0,0.0,1261.0
2.0,21507.0,1390.0,1533.0,0.0,0.0,0.0,1063.0,470.0,0.0,1390.0
2.0,20117.0,1600.0,1503.0,0.0,0.0,0.0,1013.0,490.0,542.0,1058.0
2.0,18517.0,1882.0,1487.0,0.0,0.0,0.0,992.0,495.0,1622.0,260.0
2.0,16635.0,2708.0,1517.0,0.0,0.0,0.0,1022.0,495.0,2708.0,0.0
2.0,13927.0,3252.0,1580.0,0.0,0.0,0.0,1085.0,495.0,3252.0,0.0
2.0,10675.0,2723.0,1626.0,0.0,178.0,178.0,1137.0,489.0,2723.0,0.0
2.0,7952.0,1101.0,1632.0,0.0,1309.0,1309.0,1158.0,474.0,1101.0,0.0
2.0,6851.0,0.0,1609.0,0.0,1194.0,1194.0,1158.0,451.0,0.0,0.0
2.0,6851.0,351.0,1589.0,178.0,1267.0,1267.0,1158.0,431.0,0.0,351.0
2.0,6678.0,828.0,1574.0,1309.0,711.0,711.0,1148.0,426.0,0.0,828.0
2.0,7159.0,1299.0,1563.0,1194.0,761.0,761.0,1117.0,446.0,0.0,1299.0
2.0,7054.0,1420.0,1538.0,1267.0,789.0,789.0,1065.0,473.0,0.0,1420.0
2.0,6901.0,1706.0,1508.0,711.0,1634.0,1634.0,1015.0,493.0,638.0,1068.0
2.0,5906.0,1997.0,1494.0,761.0,2800.0,2800.0,996.0,498.0,1753.0,244.0
2.0,4670.0,2868.0,1528.0,789.0,5049.0,5049.0,1030.0,498.0,2868.0,0.0
2.0,2591.0,3349.0,1592.0,1634.0,7084.0,7084.0,1094.0,498.0,3349.0,0.0
2.0,876.0,2717.0,1637.0,2800.0,7226.0,7226.0,1146.0,491.0,2717.0,0.0
2.0,959.0,975.0,1640.0,5049.0,3167.0,3167.0,1165.0,475.0,975.0,0.0
2.0,5033.0,0.0,1615.0,7084.0,0.0,0.0,1165.0,450.0,0.0,0.0
2.0,12117.0,403.0,1595.0,7226.0,0.0,0.0,1165.0,430.0,0.0,403.0
2.0,18940.0,887.0,1580.0,3167.0,0.0,0.0,1153.0,427.0,0.0,887.0
2.0,21220.0,1371.0,1568.0,0.0,0.0,0.0,1119.0,449.0,0.0,1371.0
2.0,19849.0,1453.0,1541.0,0.0,0.0,0.0,1064.0,477.0,0.0,1453.0
2.0,18396.0,1776.0,1510.0,0.0,0.0,0.0,1013.0,497.0,724.0,1052.0
2.0,16620.0,2030.0,1498.0,0.0,0.0,0.0,997.0,501.0,1863.0,167.0
2.0,14590.0,2996.0,1538.0,0.0,0.0,0.0,1037.0,501.0,2996.0,0.0
2.0,11594.0,3406.0,1603.0,0.0,0.0,0.0,1102.0,501.0,3406.0,0.0
2.0,8188.0,2687.0,1647.0,0.0,2734.0,2734.0,1154.0,493.0,2687.0,0.0
2.0,5501.0,830.0,1646.0,0.0,3559.0,3559.0,1170.0,476.0,830.0,0.0
2.0,4671.0,0.0,1620.0,0.0,3429.0,3429.0,1170.0,450.0,0.0,0.0
2.0,4671.0,423.0,1601.0,2734.0,1023.0,1023.0,1170.0,431.0,0.0,423.0
2.0,6982.0,910.0,1587.0,3559.0,0.0,0.0,1158.0,429.0,0.0,910.0
2.0,9631.0,1397.0,1576.0,3429.0,0.0,0.0,1124.0,452.0,0.0,1397.0
2.0,11663.0,1458.0,1549.0,1023.0,0.0,0.0,1069.0,480.0,0.0,1458.0
2.0,11228.0,1749.0,1519.0,0.0,0.0,0.0,1019.0,500.0,718.0,1031.0
2.0,9479.0,1972.0,1505.0,0.0,18.0,18.0,1003.0,502.0,1850.0,122.0
2.0,7507.0,2972.0,1544.0,0.0,3185.0,3185.0,1042.0,502.0,2972.0,0.0
2.0,4535.0,3382.0,1610.0,0.0,6897.0,6897.0,1108.0,502.0,3382.0,0.0
2.0,1153.0,2651.0,1654.0,18.0,8270.0,8270.0,1159.0,495.0,2651.0,0.0
2.0,0.0,798.0,1653.0,3185.0,7358.0,7358.0,1174.0,479.0,798.0,0.0
2.0,907.0,0.0,1628.0,6897.0,336.0,336.0,1174.0,454.0,0.0,0.0
2.0,7804.0,387.0,1609.0,8270.0,0.0,0.0,1174.0,435.0,0.0,387.0
2.0,15687.0,862.0,1594.0,7358.0,0.0,0.0,1163.0,431.0,0.0,862.0
2.0,22183.0,1336.0,1584.0,336.0,0.0,0.0,1131.0,453.0,0.0,1336.0
2.0,21183.0,1423.0,1560.0,0.0,0.0,0.0,1079.0,481.0,0.0,1423.0
2.0,19760.0,1669.0,1529.0,0.0,0.0,0.0,1028.0,501.0,630.0,1039.0
2.0,18091.0,1919.0,1514.0,0.0,0.0,0.0,1010.0,504.0,1742.0,177.0
2.0,16172.0,2844.0,1549.0,0.0,0.0,0.0,1045.0,504.0,2844.0,0.0
2.0,13328.0,3321.0,1613.0,0.0,0.0,0.0,1109.0,504.0,3321.0,0.0
2.0,10007.0,2677.0,1658.0,0.0,960.0,960.0,1160.0,498.0,2677.0,0.0
2.0,7330.0,935.0,1660.0,0.0,1905.0,1905.0,1178.0,482.0,935.0,0.0
2.0,6395.0,0.0,1636.0,0.0,1785.0,1785.0,1178.0,458.0,0.0,0.0
2.0,6395.0,372.0,1616.0,960.0,1097.0,1097.0,1178.0,438.0,0.0,372.0
2.0,6983.0,845.0,1602.0,1905.0,0.0,0.0,1168.0,434.0,0.0,845.0
2.0,8043.0,1320.0,1592.0,1785.0,0.0,0.0,1137.0,455.0,0.0,1320.0
2.0,8508.0,1427.0,1567.0,1097.0,0.0,0.0,1085.0,482.0,0.0,1427.0
2.0,8178.0,1701.0,1537.0,0.0,1208.0,1208.0,1035.0,502.0,645.0,1056.0
2.0,6477.0,1963.0,1522.0,0.0,3096.0,3096.0,1016.0,506.0,1754.0,209.0
2.0,4514.0,2868.0,1556.0,0.0,6134.0,6134.0,1050.0,506.0,2868.0,0.0
2.0,1646.0,3340.0,1620.0,1208.0,8100.0,8100.0,1114.0,506.0,3340.0,0.0
2.0,0.0,2708.0,1666.0,3096.0,8330.0,8330.0,1166.0,500.0,2708.0,0.0
2.0,0.0,967.0,1669.0,6134.0,3276.0,3276.0,1185.0,484.0,967.0,0.0
2.0,5069.0,0.0,1644.0,8100.0,0.0,0.0,1185.0,459.0,0.0,0.0
2.0,13169.0,404.0,1624.0,8330.0,0.0,0.0,1185.0,439.0,0.0,404.0
2.0,21095.0,888.0,1608.0,3276.0,0.0,0.0,1172.0,436.0,0.0,888.0
2.0,23483.0,1379.0,1597.0,0.0,0.0,0.0,1139.0,458.0,0.0,1379.0
2.0,22104.0,1464.0,1570.0,0.0,0.0,0.0,1084.0,486.0,0.0,1464.0
2.0,20640.0,1838.0,1540.0,0.0,0.0,0.0,1034.0,506.0,772.0,1066.0
2.0,18802.0,2092.0,1529.0,0.0,0.0,0.0,1019.0,510.0,1915.0,177.0
2.0,16710.0,3064.0,1569.0,0.0,0.0,0.0,1059.0,510.0,3064.0,0.0
2.0,13646.0,3445.0,1635.0,0.0,0.0,0.0,1125.0,510.0,3445.0,0.0
2.0,10201.0,2691.0,1679.0,0.0,885.0,885.0,1177.0,502.0,2691.0,0.0
2.0,7510.0,781.0,1677.0,0.0,1656.0,1656.0,1192.0,485.0,781.0,0.0
2.0,6729.0,0.0,1651.0,0.0,1526.0,1526.0,1192.0,459.0,0.0,0.0
2.0,6729.0,444.0,1631.0,885.0,985.0,985.0,1192.0,439.0,0.0,444.0
2.0,7170.0,942.0,1615.0,1656.0,191.0,191.0,1178.0,437.0,0.0,942.0
2.0,7884.0,1437.0,1603.0,1526.0,42.0,42.0,1142.0,461.0,0.0,1437.0
2.0,7973.0,1492.0,1574.0,985.0,404.0,404.0,1084.0,490.0,0.0,1492.0
2.0,7466.0,1890.0,1545.0,191.0,1958.0,1958.0,1035.0,510.0,841.0,1049.0
2.0,5767.0,2117.0,1534.0,42.0,3978.0,3978.0,1022.0,512.0,2004.0,113.0
2.0,3692.0,3169.0,1579.0,404.0,6968.0,6968.0,1067.0,512.0,3169.0,0.0
2.0,927.0,3494.0,1646.0,1958.0,8230.0,8230.0,1134.0,512.0,3494.0,0.0
2.0,0.0,2647.0,1689.0,3978.0,7723.0,7723.0,1185.0,504.0,2647.0,0.0
2.0,722.0,637.0,1684.0,6968.0,1367.0,1367.0,1197.0,487.0,637.0,0.0
2.0,7053.0,0.0,1657.0,8230.0,0.0,0.0,1197.0,460.0,0.0,0.0
2.0,15283.0,444.0,1637.0,7723.0,0.0,0.0,1197.0,440.0,0.0,444.0
2.0,22562.0,939.0,1623.0,1367.0,0.0,0.0,1184.0,439.0,0.0,939.0
2.0,22990.0,1432.0,1612.0,0.0,0.0,0.0,1148.0,464.0,0.0,1432.0
2.0,21558.0,1480.0,1583.0,0.0,0.0,0.0,1091.0,492.0,0.0,1480.0
2.0,20078.0,1825.0,1553.0,0.0,0.0,0.0,1041.0,512.0,788.0,1037.0
2.0,18253.0,2029.0,1541.0,0.0,0.0,0.0,1027.0,514.0,1935.0,94.0
2.0,16224.0,3078.0,1585.0,0.0,0.0,0.0,1071.0,514.0,3078.0,0.0
2.0,13146.0,3433.0,1651.0,0.0,0.0,0.0,1137.0,514.0,3433.0,0.0
2.0,9713.0,2637.0,1695.0,0.0,1399.0,1399.0,1188.0,507.0,2637.0,0.0
2.0,7076.0,701.0,1691.0,0.0,2080.0,2080.0,1201.0,490.0,701.0,0.0
2.0,6375.0,0.0,1665.0,0.0,1950.0,1950.0,1201.0,464.0,0.0,0.0
2.0,6375.0,411.0,1646.0,1399.0,867.0,867.0,1201.0,445.0,0.0,411.0
2.0,7363.0,895.0,1631.0,2080.0,0.0,0.0,1189.0,442.0,0.0,895.0
2.0,8548.0,1384.0,1621.0,1950.0,0.0,0.0,1156.0,465.0,0.0,1384.0
2.0,9114.0,1453.0,1594.0,867.0,0.0,0.0,1101.0,493.0,0.0,1453.0
2.0,8528.0,1756.0,1564.0,0.0,1048.0,1048.0,1051.0,513.0,715.0,1041.0
2.0,6772.0,1982.0,1551.0,0.0,2965.0,2965.0,1035.0,516.0,1842.0,140.0
2.0,4790.0,2974.0,1590.0,0.0,6134.0,6134.0,1074.0,516.0,2974.0,0.0
2.0,1816.0,3385.0,1655.0,1048.0,8275.0,8275.0,1139.0,516.0,3385.0,0.0
2.0,0.0,2679.0,1700.0,2965.0,8500.0,8500.0,1191.0,509.0,2679.0,0.0
2.0,0.0,831.0,1700.0,6134.0,3432.0,3432.0,1207.0,493.0,831.0,0.0
2.0,5068.0,0.0,1674.0,8275.0,0.0,0.0,1207.0,467.0,0.0,0.0
2.0,13343.0,411.0,1655.0,8500.0,0.0,0.0,1207.0,448.0,0.0,411.0
2.0,21432.0,902.0,1639.0,3432.0,0.0,0.0,1194.0,445.0,0.0,902.0
2.0,23962.0,1388.0,1627.0,0.0,0.0,0.0,1160.0,467.0,0.0,1388.0
2.0,22574.0,1464.0,1601.0,0.0,0.0,0.0,1105.0,496.0,0.0,1464.0
2.0,21110.0,1803.0,1572.0,0.0,0.0,0.0,1056.0,516.0,753.0,1050.0
2.0,19307.0,2048.0,1559.0,0.0,0.0,0.0,1040.0,519.0,1896.0,152.0
2.0,17259.0,3049.0,1599.0,0.0,0.0,0.0,1080.0,519.0,3049.0,0.0
2.0,14210.0,3449.0,1665.0,0.0,0.0,0.0,1146.0,519.0,3449.0,0.0
2.0,10761.0,2712.0,1709.0,0.0,496.0,496.0,1198.0,511.0,2712.0,0.0
2.0,8049.0,819.0,1708.0,0.0,1310.0,1310.0,1214.0,494.0,819.0,0.0
2.0,7230.0,0.0,1681.0,0.0,1175.0,1175.0,1214.0,467.0,0.0,0.0
2.0,7230.0,467.0,1662.0,496.0,1051.0,1051.0,1214.0,448.0,0.0,467.0
2.0,7259.0,967.0,1645.0,1310.0,623.0,623.0,1199.0,446.0,0.0,967.0
2.0,7602.0,1469.0,1633.0,1175.0,857.0,857.0,1162.0,471.0,0.0,1469.0
2.0,7308.0,1504.0,1604.0,1051.0,1165.0,1165.0,1104.0,500.0,0.0,1504.0
2.0,6855.0,1905.0,1574.0,623.0,2297.0,2297.0,1054.0,520.0,860.0,1045.0
2.0,5573.0,2124.0,1563.0,857.0,3509.0,3509.0,1041.0,522.0,2043.0,81.0
2.0,4306.0,3224.0,1610.0,1165.0,5803.0,5803.0,1088.0,522.0,3224.0,0.0
2.0,2247.0,3553.0,1679.0,2297.0,7404.0,7404.0,1157.0,522.0,3553.0,0.0
2.0,991.0,2692.0,1721.0,3509.0,6797.0,6797.0,1208.0,513.0,2692.0,0.0
2.0,1808.0,659.0,1716.0,5803.0,1628.0,1628.0,1221.0,495.0,659.0,0.0
2.0,6952.0,0.0,1688.0,7404.0,0.0,0.0,1221.0,467.0,0.0,0.0
2.0,14356.0,499.0,1669.0,6797.0,0.0,0.0,1221.0,448.0,0.0,499.0
2.0,20654.0,1007.0,1652.0,1628.0,0.0,0.0,1205.0,447.0,0.0,1007.0
2.0,21275.0,1514.0,1640.0,0.0,0.0,0.0,1166.0,474.0,0.0,1514.0
2.0,19761.0,1528.0,1609.0,0.0,0.0,0.0,1105.0,504.0,0.0,1528.0
2.0,18233.0,1910.0,1579.0,0.0,0.0,0.0,1055.0,524.0,880.0,1030.0
2.0,16323.0,2089.0,1568.0,0.0,0.0,0.0,1044.0,524.0,2067.0,22.0
2.0,14234.0,3246.0,1618.0,0.0,0.0,0.0,1094.0,524.0,3246.0,0.0
2.0,10988.0,3549.0,1686.0,0.0,991.0,991.0,1162.0,524.0,3549.0,0.0
2.0,7439.0,2659.0,1730.0,0.0,3870.0,3870.0,1214.0,516.0,2659.0,0.0
2.0,4780.0,590.0,1722.0,0.0,4420.0,4420.0,1225.0,497.0,590.0,0.0
2.0,4190.0,0.0,1695.0,991.0,3294.0,3294.0,1225.0,470.0,0.0,0.0
2.0,5181.0,471.0,1675.0,3870.0,0.0,0.0,1225.0,450.0,0.0,471.0
2.0,8580.0,972.0,1659.0,4420.0,0.0,0.0,1210.0,449.0,0.0,972.0
2.0,12028.0,1472.0,1649.0,3294.0,0.0,0.0,1173.0,476.0,0.0,1472.0
2.0,13850.0,1505.0,1618.0,0.0,0.0,0.0,1113.0,505.0,0.0,1505.0
2.0,12345.0,1849.0,1588.0,0.0,0.0,0.0,1063.0,525.0,818.0,1031.0
2.0,10496.0,2043.0,1577.0,0.0,0.0,0.0,1051.0,526.0,1986.0,57.0
2.0,8453.0,3145.0,1624.0,0.0,2812.0,2812.0,1098.0,526.0,3145.0,0.0
2.0,5308.0,3489.0,1691.0,0.0,6636.0,6636.0,1165.0,526.0,3489.0,0.0
2.0,1819.0,2662.0,1734.0,0.0,8670.0,8670.0,1216.0,518.0,2662.0,0.0
2.0,0.0,678.0,1729.0,2812.0,7354.0,7354.0,1229.0,500.0,678.0,0.0
2.0,1291.0,0.0,1703.0,6636.0,588.0,588.0,1229.0,474.0,0.0,0.0
2.0,7927.0,441.0,1683.0,8670.0,0.0,0.0,1229.0,454.0,0.0,441.0
2.0,16156.0,933.0,1667.0,7354.0,0.0,0.0,1215.0,452.0,0.0,933.0
2.0,22577.0,1431.0,1657.0,588.0,0.0,0.0,1180.0,477.0,0.0,1431.0
2.0,21734.0,1484.0,1629.0,0.0,0.0,0.0,1123.0,506.0,0.0,1484.0
2.0,20250.0,1809.0,1598.0,0.0,0.0,0.0,1072.0,526.0,766.0,1043.0
2.0,18441.0,2023.0,1586.0,0.0,0.0,0.0,1058.0,528.0,1919.0,104.0
2.0,16418.0,3072.0,1629.0,0.0,0.0,0.0,1101.0,528.0,3072.0,0.0
2.0,13346.0,3460.0,1695.0,0.0,0.0,0.0,1167.0,528.0,3460.0,0.0
2.0,9886.0,2698.0,1739.0,0.0,1507.0,1507.0,1219.0,520.0,2698.0,0.0
2.0,7188.0,791.0,1737.0,0.0,2288.0,2288.0,1234.0,503.0,791.0,0.0
2.0,6397.0,0.0,1710.0,0.0,2153.0,2153.0,1234.0,476.0,0.0,0.0
2.0,6397.0,460.0,1691.0,1507.0,1011.0,1011.0,1234.0,457.0,0.0,460.0
2.0,7444.0,961.0,1675.0,2288.0,0.0,0.0,1220.0,455.0,0.0,961.0
2.0,8771.0,1461.0,1663.0,2153.0,0.0,0.0,1183.0,480.0,0.0,1461.0
2.0,9463.0,1503.0,1634.0,1011.0,0.0,0.0,1125.0,509.0,0.0,1503.0
2.0,8971.0,1915.0,1604.0,0.0,964.0,964.0,1075.0,529.0,869.0,1046.0
2.0,7056.0,2135.0,1593.0,0.0,3044.0,3044.0,1062.0,531.0,2046.0,89.0
2.0,4921.0,3229.0,1640.0,0.0,6508.0,6508.0,1109.0,531.0,3229.0,0.0
2.0,1692.0,3545.0,1708.0,964.0,8540.0,8540.0,1177.0,531.0,3545.0,0.0
2.0,0.0,2690.0,1751.0,3044.0,8755.0,8755.0,1229.0,522.0,2690.0,0.0
2.0,0.0,654.0,1744.0,6508.0,3401.0,3401.0,1241.0,503.0,654.0,0.0
2.0,5319.0,0.0,1716.0,8540.0,0.0,0.0,1241.0,475.0,0.0,0.0
2.0,13859.0,517.0,1697.0,8755.0,0.0,0.0,1241.0,456.0,0.0,517.0
2.0,22097.0,1033.0,1681.0,3401.0,0.0,0.0,1225.0,456.0,0.0,1033.0
2.0,24465.0,1547.0,1669.0,0.0,0.0,0.0,1185.0,484.0,0.0,1547.0
2.0,22918.0,1547.0,1637.0,0.0,0.0,0.0,1123.0,514.0,0.0,1547.0
2.0,21371.0,2015.0,1607.0,0.0,0.0,0.0,1074.0,533.0,985.0,1030.0
2.0,19356.0,2189.0,1597.0,0.0,0.0,0.0,1064.0,533.0,2186.0,3.0
2.0,17167.0,3397.0,1650.0,0.0,0.0,0.0,1117.0,533.0,3397.0,0.0
2.0,13770.0,3617.0,1719.0,0.0,0.0,0.0,1186.0,533.0,3617.0,0.0
2.0,10153.0,2636.0,1761.0,0.0,1288.0,1288.0,1237.0,524.0,2636.0,0.0
2.0,7517.0,457.0,1751.0,0.0,1695.0,1695.0,1246.0,505.0,457.0,0.0
2.0,7060.0,16.0,1722.0,0.0,1566.0,1566.0,1246.0,476.0,0.0,16.0
2.0,7044.0,534.0,1703.0,1288.0,717.0,717.0,1246.0,457.0,0.0,534.0
2.0,7798.0,1052.0,1686.0,1695.0,0.0,0.0,1229.0,457.0,0.0,1052.0
2.0,8441.0,1553.0,1675.0,1566.0,0.0,0.0,1189.0,486.0,0.0,1553.0
2.0,8454.0,1535.0,1643.0,717.0,579.0,579.0,1127.0,516.0,0.0,1535.0
2.0,7636.0,2013.0,1613.0,0.0,2442.0,2442.0,1078.0,535.0,1009.0,1004.0
2.0,5623.0,2210.0,1604.0,0.0,4607.0,4607.0,1069.0,535.0,2210.0,0.0
2.0,3413.0,3417.0,1659.0,579.0,7720.0,7720.0,1124.0,535.0,3417.0,0.0
2.0,575.0,3610.0,1728.0,2442.0,8640.0,8640.0,1193.0,535.0,3610.0,0.0
2.0,0.0,2603.0,1769.0,4607.0,7434.0,7434.0,1243.0,526.0,2603.0,0.0
2.0,1411.0,379.0,1758.0,7720.0,38.0,38.0,1250.0,508.0,379.0,0.0
2.0,8752.0,0.0,1729.0,8640.0,0.0,0.0,1250.0,479.0,0.0,0.0
2.0,17392.0,501.0,1710.0,7434.0,0.0,0.0,1250.0,460.0,0.0,501.0
2.0,24325.0,1010.0,1695.0,38.0,0.0,0.0,1235.0,460.0,0.0,1010.0
2.0,23353.0,1517.0,1685.0,0.0,0.0,0.0,1197.0,488.0,0.0,1517.0
2.0,21836.0,1526.0,1653.0,0.0,0.0,0.0,1136.0,517.0,0.0,1526.0
2.0,20310.0,1928.0,1623.0,0.0,0.0,0.0,1086.0,537.0,906.0,1022.0
2.0,18382.0,2098.0,1612.0,0.0,0.0,0.0,1075.0,537.0,2087.0,11.0
2.0,16284.0,3270.0,1662.0,0.0,0.0,0.0,1125.0,537.0,3270.0,0.0
2.0,13014.0,3539.0,1730.0,0.0,0.0,0.0,1193.0,537.0,3539.0,0.0
2.0,9475.0,2631.0,1772.0,0.0,2016.0,2016.0,1244.0,528.0,2631.0,0.0
2.0,6844.0,544.0,1764.0,0.0,2520.0,2520.0,1254.0,510.0,544.0,0.0
2.0,6300.0,0.0,1737.0,0.0,2385.0,2385.0,1254.0,483.0,0.0,0.0
2.0,6300.0,482.0,1718.0,2016.0,756.0,756.0,1254.0,464.0,0.0,482.0
2.0,7834.0,984.0,1702.0,2520.0,0.0,0.0,1240.0,462.0,0.0,984.0
2.0,9370.0,1486.0,1692.0,2385.0,0.0,0.0,1203.0,489.0,0.0,1486.0
2.0,10269.0,1513.0,1662.0,756.0,0.0,0.0,1144.0,518.0,0.0,1513.0
2.0,9512.0,1926.0,1632.0,0.0,574.0,574.0,1094.0,538.0,892.0,1034.0
2.0,7586.0,2124.0,1621.0,0.0,2643.0,2643.0,1082.0,539.0,2071.0,53.0
2.0,5462.0,3258.0,1669.0,0.0,6141.0,6141.0,1130.0,539.0,3258.0,0.0
2.0,2204.0,3552.0,1737.0,574.0,8685.0,8685.0,1198.0,539.0,3552.0,0.0
2.0,0.0,2673.0,1779.0,2643.0,8895.0,8895.0,1249.0,530.0,2673.0,0.0
2.0,0.0,602.0,1773.0,6141.0,4130.0,4130.0,1261.0,512.0,602.0,0.0
2.0,4735.0,1.0,1745.0,8685.0,0.0,0.0,1261.0,484.0,0.0,1.0
2.0,13419.0,514.0,1726.0,8895.0,0.0,0.0,1261.0,465.0,0.0,514.0
2.0,21800.0,1027.0,1708.0,4130.0,0.0,0.0,1244.0,464.0,0.0,1027.0
2.0,24903.0,1545.0,1697.0,0.0,0.0,0.0,1205.0,492.0,0.0,1545.0
2.0,23358.0,1549.0,1665.0,0.0,0.0,0.0,1143.0,522.0,0.0,1549.0
2.0,21809.0,2035.0,1636.0,0.0,0.0,0.0,1094.0,542.0,995.0,1040.0
2.0,19774.0,2221.0,1626.0,0.0,0.0,0.0,1084.0,542.0,2207.0,14.0
2.0,17553.0,3424.0,1680.0,0.0,0.0,0.0,1138.0,542.0,3424.0,0.0
2.0,14129.0,3646.0,1750.0,0.0,0.0,0.0,1208.0,542.0,3646.0,0.0
2.0,10483.0,2669.0,1791.0,0.0,1141.0,1141.0,1259.0,532.0,2669.0,0.0
2.0,7814.0,464.0,1780.0,0.0,1550.0,1550.0,1268.0,512.0,464.0,0.0
2.0,7350.0,29.0,1751.0,0.0,1434.0,1434.0,1268.0,483.0,0.0,29.0
2.0,7321.0,554.0,1732.0,1141.0,752.0,752.0,1268.0,464.0,0.0,554.0
2.0,7908.0,1079.0,1714.0,1550.0,191.0,191.0,1249.0,465.0,0.0,1079.0
2.0,8379.0,1584.0,1703.0,1434.0,286.0,286.0,1207.0,496.0,0.0,1584.0
2.0,8229.0,1559.0,1668.0,752.0,918.0,918.0,1142.0,526.0,0.0,1559.0
2.0,7422.0,2090.0,1638.0,191.0,2667.0,2667.0,1093.0,545.0,1081.0,1009.0
2.0,5523.0,2320.0,1632.0,286.0,4671.0,4671.0,1087.0,545.0,2320.0,0.0
2.0,3489.0,3548.0,1691.0,918.0,7596.0,7596.0,1146.0,545.0,3548.0,0.0
2.0,859.0,3698.0,1762.0,2667.0,8810.0,8810.0,1217.0,545.0,3698.0,0.0
2.0,0.0,2615.0,1802.0,4671.0,7126.0,7126.0,1268.0,534.0,2615.0,0.0
2.0,1884.0,301.0,1787.0,7596.0,0.0,0.0,1273.0,514.0,301.0,0.0
2.0,9179.0,29.0,1758.0,8810.0,0.0,0.0,1273.0,485.0,0.0,29.0
2.0,17960.0,561.0,1739.0,7126.0,0.0,0.0,1273.0,466.0,0.0,561.0
2.0,24525.0,1086.0,1722.0,0.0,0.0,0.0,1254.0,468.0,0.0,1086.0
2.0,23439.0,1580.0,1710.0,0.0,0.0,0.0,1212.0,498.0,0.0,1580.0
2.0,21859.0,1544.0,1674.0,0.0,0.0,0.0,1146.0,528.0,0.0,1544.0
2.0,20315.0,2039.0,1644.0,0.0,0.0,0.0,1097.0,547.0,1058.0,981.0
2.0,18276.0,2280.0,1638.0,0.0,0.0,0.0,1091.0,547.0,2280.0,0.0
2.0,15996.0,3501.0,1698.0,0.0,0.0,0.0,1151.0,547.0,3501.0,0.0
2.0,12495.0,3665.0,1768.0,0.0,10.0,10.0,1221.0,547.0,3665.0,0.0
2.0,8830.0,2606.0,1808.0,0.0,2816.0,2816.0,1271.0,537.0,2606.0,0.0
2.0,6224.0,314.0,1795.0,0.0,3065.0,3065.0,1277.0,518.0,314.0,0.0
2.0,5910.0,12.0,1766.0,10.0,2922.0,2922.0,1277.0,489.0,0.0,12.0
2.0,5908.0,530.0,1746.0,2816.0,536.0,536.0,1277.0,469.0,0.0,530.0
2.0,8194.0,1045.0,1730.0,3065.0,0.0,0.0,1260.0,470.0,0.0,1045.0
2.0,10214.0,1549.0,1719.0,2922.0,0.0,0.0,1220.0,499.0,0.0,1549.0
2.0,11587.0,1533.0,1686.0,536.0,0.0,0.0,1157.0,529.0,0.0,1533.0
2.0,10590.0,1974.0,1655.0,0.0,0.0,0.0,1107.0,548.0,968.0,1006.0
2.0,8616.0,2164.0,1646.0,0.0,1778.0,1778.0,1098.0,548.0,2164.0,0.0
2.0,6452.0,3368.0,1701.0,0.0,5421.0,5421.0,1153.0,548.0,3368.0,0.0
2.0,3084.0,3596.0,1770.0,0.0,8850.0,8850.0,1222.0,548.0,3596.0,0.0
2.0,0.0,2637.0,1812.0,1778.0,9060.0,9060.0,1273.0,539.0,2637.0,0.0
2.0,0.0,472.0,1802.0,5421.0,5432.0,5432.0,1282.0,520.0,472.0,0.0
2.0,3578.0,3.0,1774.0,8850.0,0.0,0.0,1282.0,492.0,0.0,3.0
2.0,12425.0,517.0,1754.0,9060.0,0.0,0.0,1282.0,472.0,0.0,517.0
2.0,20968.0,1034.0,1736.0,5432.0,0.0,0.0,1264.0,472.0,0.0,1034.0
2.0,25366.0,1546.0,1726.0,0.0,0.0,0.0,1225.0,501.0,0.0,1546.0
2.0,23820.0,1551.0,1693.0,0.0,0.0,0.0,1162.0,531.0,0.0,1551.0
2.0,22269.0,2037.0,1664.0,0.0,0.0,0.0,1113.0,551.0,1002.0,1035.0
2.0,20232.0,2226.0,1655.0,0.0,0.0,0.0,1104.0,551.0,2218.0,8.0
2.0,18006.0,3431.0,1710.0,0.0,0.0,0.0,1159.0,551.0,3431.0,0.0
2.0,14575.0,3650.0,1780.0,0.0,0.0,0.0,1229.0,551.0,3650.0,0.0
2.0,10925.0,2652.0,1821.0,0.0,832.0,832.0,1280.0,541.0,2652.0,0.0
2.0,8273.0,442.0,1809.0,0.0,1214.0,1214.0,1288.0,521.0,442.0,0.0
2.0,7831.0,30.0,1780.0,0.0,1099.0,1099.0,1288.0,492.0,0.0,30.0
2.0,7801.0,557.0,1761.0,832.0,729.0,729.0,1288.0,473.0,0.0,557.0
2.0,8076.0,1084.0,1743.0,1214.0,509.0,509.0,1269.0,474.0,0.0,1084.0
2.0,8206.0,1583.0,1731.0,1099.0,933.0,933.0,1227.0,504.0,0.0,1583.0
2.0,7722.0,1560.0,1695.0,729.0,1584.0,1584.0,1161.0,534.0,0.0,1560.0
2.0,6891.0,2118.0,1666.0,509.0,3048.0,3048.0,1112.0,554.0,1110.0,1008.0
2.0,5282.0,2362.0,1660.0,933.0,4447.0,4447.0,1106.0,554.0,2362.0,0.0
2.0,3853.0,3608.0,1721.0,1584.0,6776.0,6776.0,1167.0,554.0,3608.0,0.0
2.0,1829.0,3746.0,1792.0,3048.0,7829.0,7829.0,1239.0,553.0,3746.0,0.0
2.0,1131.0,2642.0,1832.0,4447.0,6224.0,6224.0,1290.0,542.0,2642.0,0.0
2.0,2936.0,285.0,1817.0,6776.0,0.0,0.0,1295.0,522.0,285.0,0.0
2.0,9427.0,74.0,1788.0,7829.0,0.0,0.0,1295.0,493.0,0.0,74.0
2.0,17182.0,613.0,1769.0,6224.0,0.0,0.0,1295.0,474.0,0.0,613.0
2.0,22793.0,1152.0,1751.0,0.0,0.0,0.0,1274.0,477.0,0.0,1152.0
2.0,21641.0,1622.0,1738.0,0.0,0.0,0.0,1230.0,508.0,0.0,1622.0
2.0,20019.0,1550.0,1699.0,0.0,0.0,0.0,1161.0,538.0,0.0,1550.0
2.0,18469.0,2111.0,1669.0,0.0,0.0,0.0,1113.0,556.0,1174.0,937.0
2.0,16358.0,2441.0,1665.0,0.0,0.0,0.0,1109.0,556.0,2441.0,0.0
2.0,13917.0,3695.0,1731.0,0.0,0.0,0.0,1175.0,556.0,3695.0,0.0
2.0,10222.0,3785.0,1804.0,0.0,2583.0,2583.0,1248.0,556.0,3785.0,0.0
2.0,6437.0,2598.0,1843.0,0.0,5376.0,5376.0,1298.0,545.0,2598.0,0.0
2.0,3839.0,163.0,1825.0,0.0,5449.0,5449.0,1301.0,524.0,163.0,0.0
2.0,3676.0,61.0,1796.0,2583.0,2782.0,2782.0,1301.0,495.0,0.0,61.0
2.0,6198.0,600.0,1778.0,5376.0,0.0,0.0,1301.0,477.0,0.0,600.0
2.0,10974.0,1135.0,1760.0,5449.0,0.0,0.0,1280.0,480.0,0.0,1135.0
2.0,15288.0,1607.0,1746.0,2782.0,0.0,0.0,1236.0,510.0,0.0,1607.0
2.0,16463.0,1540.0,1709.0,0.0,0.0,0.0,1169.0,540.0,0.0,1540.0
2.0,14923.0,2041.0,1678.0,0.0,0.0,0.0,1120.0,558.0,1105.0,936.0
2.0,12882.0,2342.0,1673.0,0.0,0.0,0.0,1115.0,558.0,2342.0,0.0
2.0,10540.0,3583.0,1736.0,0.0,1723.0,1723.0,1178.0,558.0,3583.0,0.0
2.0,6957.0,3711.0,1807.0,0.0,5789.0,5789.0,1249.0,558.0,3711.0,0.0
2.0,3246.0,2601.0,1847.0,0.0,8590.0,8590.0,1299.0,548.0,2601.0,0.0
2.0,645.0,256.0,1832.0,1723.0,7048.0,7048.0,1304.0,528.0,256.0,0.0
2.0,2112.0,32.0,1802.0,5789.0,1141.0,1141.0,1304.0,498.0,0.0,32.0
2.0,7869.0,556.0,1784.0,8590.0,0.0,0.0,1304.0,480.0,0.0,556.0
2.0,15903.0,1080.0,1766.0,7048.0,0.0,0.0,1285.0,481.0,0.0,1080.0
2.0,21871.0,1572.0,1755.0,1141.0,0.0,0.0,1244.0,511.0,0.0,1572.0
2.0,21440.0,1539.0,1720.0,0.0,0.0,0.0,1179.0,541.0,0.0,1539.0
2.0,19901.0,2035.0,1690.0,0.0,0.0,0.0,1130.0,560.0,1046.0,989.0
2.0,17866.0,2266.0,1683.0,0.0,0.0,0.0,1123.0,560.0,2266.0,0.0
2.0,15600.0,3495.0,1741.0,0.0,0.0,0.0,1181.0,560.0,3495.0,0.0
2.0,12105.0,3671.0,1812.0,0.0,626.0,626.0,1252.0,560.0,3671.0,0.0
2.0,8434.0,2637.0,1852.0,0.0,3463.0,3463.0,1302.0,550.0,2637.0,0.0
2.0,5797.0,370.0,1839.0,0.0,3768.0,3768.0,1309.0,530.0,370.0,0.0
2.0,5427.0,43.0,1810.0,626.0,3040.0,3040.0,1309.0,501.0,0.0,43.0
2.0,6010.0,569.0,1791.0,3463.0,51.0,51.0,1309.0,482.0,0.0,569.0
2.0,8904.0,1096.0,1773.0,3768.0,0.0,0.0,1290.0,483.0,0.0,1096.0
2.0,11576.0,1583.0,1761.0,3040.0,0.0,0.0,1247.0,514.0,0.0,1583.0
2.0,13033.0,1548.0,1724.0,51.0,0.0,0.0,1181.0,543.0,0.0,1548.0
2.0,11536.0,2089.0,1695.0,0.0,0.0,0.0,1133.0,562.0,1105.0,984.0
2.0,9447.0,2348.0,1689.0,0.0,1346.0,1346.0,1127.0,562.0,2348.0,0.0
2.0,7099.0,3602.0,1749.0,0.0,5248.0,5248.0,1187.0,562.0,3602.0,0.0
2.0,3497.0,3745.0,1821.0,0.0,9105.0,9105.0,1259.0,562.0,3745.0,0.0
2.0,0.0,2654.0,1861.0,1346.0,9305.0,9305.0,1310.0,551.0,2654.0,0.0
2.0,0.0,309.0,1846.0,5248.0,5847.0,5847.0,1316.0,530.0,309.0,0.0
2.0,3383.0,90.0,1817.0,9105.0,0.0,0.0,1316.0,501.0,0.0,90.0
2.0,12398.0,632.0,1800.0,9305.0,0.0,0.0,1316.0,484.0,0.0,632.0
2.0,21071.0,1174.0,1782.0,5847.0,0.0,0.0,1295.0,487.0,0.0,1174.0
2.0,25744.0,1634.0,1768.0,0.0,0.0,0.0,1250.0,518.0,0.0,1634.0
2.0,24110.0,1545.0,1728.0,0.0,0.0,0.0,1180.0,548.0,0.0,1545.0
2.0,22565.0,2134.0,1698.0,0.0,0.0,0.0,1132.0,566.0,1218.0,916.0
2.0,20431.0,2503.0,1695.0,0.0,0.0,0.0,1129.0,566.0,2503.0,0.0
2.0,17928.0,3781.0,1762.0,0.0,0.0,0.0,1196.0,566.0,3781.0,0.0
2.0,14147.0,3850.0,1834.0,0.0,0.0,0.0,1270.0,564.0,3850.0,0.0
2.0,10297.0,2628.0,1873.0,0.0,1696.0,1696.0,1321.0,552.0,2628.0,0.0
2.0,7669.0,133.0,1853.0,0.0,1729.0,1729.0,1323.0,530.0,133.0,0.0
2.0,7536.0,118.0,1824.0,0.0,1702.0,1702.0,1323.0,501.0,0.0,118.0
2.0,7418.0,669.0,1807.0,1696.0,590.0,590.0,1323.0,484.0,0.0,669.0
2.0,8445.0,1223.0,1791.0,1729.0,4.0,4.0,1301.0,490.0,0.0,1223.0
2.0,8951.0,1654.0,1776.0,1702.0,0.0,0.0,1254.0,522.0,0.0,1654.0
2.0,8999.0,1534.0,1734.0,590.0,615.0,615.0,1183.0,551.0,0.0,1534.0
2.0,8055.0,2093.0,1702.0,4.0,2544.0,2544.0,1134.0,568.0,1232.0,861.0
2.0,5966.0,2515.0,1700.0,0.0,5049.0,5049.0,1132.0,568.0,2515.0,0.0
2.0,3451.0,3792.0,1770.0,615.0,8576.0,8576.0,1202.0,568.0,3792.0,0.0
2.0,274.0,3845.0,1843.0,2544.0,9215.0,9215.0,1276.0,567.0,3845.0,0.0
2.0,0.0,2602.0,1881.0,5049.0,7985.0,7985.0,1326.0,555.0,2602.0,0.0
2.0,1420.0,87.0,1861.0,8576.0,0.0,0.0,1328.0,533.0,87.0,0.0
2.0,9909.0,95.0,1832.0,9215.0,0.0,0.0,1328.0,504.0,0.0,95.0
2.0,19029.0,645.0,1815.0,7985.0,0.0,0.0,1328.0,487.0,0.0,645.0
2.0,26369.0,1189.0,1798.0,0.0,0.0,0.0,1306.0,492.0,0.0,1189.0
2.0,25180.0,1634.0,1784.0,0.0,0.0,0.0,1261.0,523.0,0.0,1634.0
2.0,23546.0,1528.0,1745.0,0.0,0.0,0.0,1192.0,553.0,0.0,1528.0
2.0,22018.0,2038.0,1713.0,0.0,0.0,0.0,1143.0,570.0,1156.0,882.0
2.0,19980.0,2411.0,1710.0,0.0,0.0,0.0,1140.0,570.0,2411.0,0.0
2.0,17569.0,3666.0,1775.0,0.0,0.0,0.0,1205.0,570.0,3666.0,0.0
2.0,13903.0,3764.0,1847.0,0.0,0.0,0.0,1278.0,569.0,3764.0,0.0
2.0,10139.0,2607.0,1886.0,0.0,1898.0,1898.0,1328.0,558.0,2607.0,0.0
2.0,7532.0,189.0,1868.0,0.0,1997.0,1997.0,1331.0,537.0,189.0,0.0
2.0,7343.0,56.0,1839.0,0.0,1908.0,1908.0,1331.0,508.0,0.0,56.0
2.0,7287.0,590.0,1821.0,1898.0,510.0,510.0,1331.0,490.0,0.0,590.0
2.0,8595.0,1124.0,1804.0,1997.0,0.0,0.0,1311.0,493.0,0.0,1124.0
2.0,9468.0,1601.0,1791.0,1908.0,0.0,0.0,1268.0,523.0,0.0,1601.0
2.0,9775.0,1546.0,1753.0,510.0,26.0,26.0,1200.0,553.0,0.0,1546.0
2.0,8739.0,2081.0,1723.0,0.0,1957.0,1957.0,1151.0,572.0,1121.0,960.0
2.0,6658.0,2373.0,1718.0,0.0,4305.0,4305.0,1146.0,572.0,2373.0,0.0
2.0,4285.0,3631.0,1781.0,26.0,8225.0,8225.0,1209.0,572.0,3631.0,0.0
2.0,680.0,3760.0,1852.0,1957.0,9260.0,9260.0,1281.0,571.0,3760.0,0.0
2.0,0.0,2645.0,1892.0,4305.0,8923.0,8923.0,1332.0,560.0,2645.0,0.0
2.0,537.0,267.0,1876.0,8225.0,885.0,885.0,1337.0,539.0,267.0,0.0
2.0,8495.0,80.0,1847.0,9260.0,0.0,0.0,1337.0,510.0,0.0,80.0
2.0,17675.0,621.0,1829.0,8923.0,0.0,0.0,1337.0,492.0,0.0,621.0
2.0,25977.0,1163.0,1811.0,885.0,0.0,0.0,1316.0,495.0,0.0,1163.0
2.0,25699.0,1625.0,1798.0,0.0,0.0,0.0,1271.0,527.0,0.0,1625.0
2.0,24074.0,1554.0,1759.0,0.0,0.0,0.0,1202.0,557.0,0.0,1554.0
2.0,22520.0,2147.0,1728.0,0.0,0.0,0.0,1153.0,575.0,1210.0,937.0
2.0,20373.0,2490.0,1725.0,0.0,0.0,0.0,1150.0,575.0,2490.0,0.0
2.0,17883.0,3778.0,1791.0,0.0,0.0,0.0,1216.0,575.0,3778.0,0.0
2.0,14105.0,3850.0,1863.0,0.0,0.0,0.0,1290.0,573.0,3850.0,0.0
2.0,10255.0,2651.0,1902.0,0.0,1906.0,1906.0,1341.0,561.0,2651.0,0.0
2.0,7604.0,162.0,1883.0,0.0,1973.0,1973.0,1345.0,538.0,162.0,0.0
2.0,7442.0,130.0,1854.0,0.0,1958.0,1958.0,1345.0,509.0,0.0,130.0
2.0,7312.0,686.0,1838.0,1906.0,658.0,658.0,1345.0,493.0,0.0,686.0
2.0,8532.0,1242.0,1820.0,1973.0,0.0,0.0,1321.0,499.0,0.0,1242.0
2.0,9263.0,1672.0,1804.0,1958.0,0.0,0.0,1273.0,531.0,0.0,1672.0
2.0,9549.0,1550.0,1761.0,658.0,148.0,148.0,1200.0,561.0,5.0,1545.0
2.0,8657.0,2165.0,1728.0,0.0,2148.0,2148.0,1151.0,577.0,1305.0,860.0
2.0,6492.0,2612.0,1728.0,0.0,4760.0,4760.0,1151.0,577.0,2612.0,0.0
2.0,3880.0,3918.0,1801.0,148.0,8895.0,8895.0,1224.0,577.0,3918.0,0.0
2.0,110.0,3918.0,1874.0,2148.0,9370.0,9370.0,1299.0,575.0,3918.0,0.0
2.0,0.0,2617.0,1912.0,4760.0,9077.0,9077.0,1350.0,562.0,2617.0,0.0
2.0,483.0,6.0,1889.0,8895.0,73.0,73.0,1350.0,539.0,6.0,0.0
2.0,9372.0,146.0,1860.0,9370.0,0.0,0.0,1350.0,510.0,0.0,146.0
2.0,18596.0,704.0,1844.0,9077.0,0.0,0.0,1350.0,494.0,0.0,704.0
2.0,26969.0,1268.0,1828.0,73.0,0.0,0.0,1326.0,502.0,0.0,1268.0
2.0,25774.0,1681.0,1812.0,0.0,0.0,0.0,1278.0,534.0,0.0,1681.0
2.0,24093.0,1537.0,1768.0,0.0,0.0,0.0,1205.0,563.0,1.0,1536.0
2.0,22556.0,2130.0,1735.0,0.0,0.0,0.0,1156.0,579.0,1305.0,825.0
2.0,20426.0,2605.0,1735.0,0.0,0.0,0.0,1156.0,579.0,2605.0,0.0
2.0,17821.0,3906.0,1808.0,0.0,0.0,0.0,1229.0,579.0,3906.0,0.0
2.0,13915.0,3894.0,1882.0,0.0,0.0,0.0,1304.0,578.0,3894.0,0.0
2.0,10021.0,2589.0,1919.0,0.0,2163.0,2163.0,1354.0,565.0,2589.0,0.0
2.0,7432.0,0.0,1896.0,0.0,2048.0,2048.0,1354.0,542.0,0.0,0.0
2.0,7432.0,115.0,1867.0,0.0,2018.0,2018.0,1354.0,513.0,0.0,115.0
2.0,7317.0,671.0,1851.0,2163.0,446.0,446.0,1354.0,497.0,0.0,671.0
2.0,8809.0,1222.0,1835.0,2048.0,0.0,0.0,1332.0,503.0,0.0,1222.0
2.0,9635.0,1658.0,1820.0,2018.0,0.0,0.0,1285.0,535.0,0.0,1658.0
2.0,9995.0,1534.0,1779.0,446.0,0.0,0.0,1215.0,564.0,0.0,1534.0
2.0,8907.0,2063.0,1747.0,0.0,1891.0,1891.0,1166.0,581.0,1204.0,859.0
2.0,6844.0,2485.0,1744.0,0.0,4361.0,4361.0,1163.0,581.0,2485.0,0.0
2.0,4359.0,3759.0,1813.0,0.0,8465.0,8465.0,1232.0,581.0,3759.0,0.0
2.0,600.0,3830.0,1886.0,1891.0,9430.0,9430.0,1306.0,580.0,3830.0,0.0
2.0,0.0,2619.0,1925.0,4361.0,9222.0,9222.0,1356.0,569.0,2619.0,0.0
2.0,403.0,132.0,1906.0,8465.0,794.0,794.0,1359.0,547.0,132.0,0.0
2.0,8736.0,88.0,1877.0,9430.0,0.0,0.0,1359.0,518.0,0.0,88.0
2.0,18078.0,631.0,1859.0,9222.0,0.0,0.0,1359.0,500.0,0.0,631.0
2.0,26669.0,1177.0,1841.0,794.0,0.0,0.0,1337.0,504.0,0.0,1177.0
2.0,26286.0,1634.0,1827.0,0.0,0.0,0.0,1291.0,536.0,0.0,1634.0
2.0,24652.0,1549.0,1788.0,0.0,0.0,0.0,1222.0,566.0,0.0,1549.0
2.0,23103.0,2132.0,1756.0,0.0,0.0,0.0,1173.0,583.0,1208.0,924.0
2.0,20971.0,2487.0,1752.0,0.0,0.0,0.0,1169.0,583.0,2487.0,0.0
2.0,18484.0,3774.0,1820.0,0.0,0.0,0.0,1237.0,583.0,3774.0,0.0
2.0,14710.0,3851.0,1893.0,0.0,0.0,0.0,1311.0,582.0,3851.0,0.0
2.0,10859.0,2660.0,1932.0,0.0,1461.0,1461.0,1362.0,570.0,2660.0,0.0
2.0,8199.0,178.0,1914.0,0.0,1549.0,1549.0,1366.0,548.0,178.0,0.0
2.0,8021.0,130.0,1885.0,0.0,1534.0,1534.0,1366.0,519.0,0.0,130.0
2.0,7891.0,686.0,1868.0,1461.0,674.0,674.0,1366.0,502.0,0.0,686.0
2.0,8666.0,1241.0,1850.0,1549.0,276.0,276.0,1342.0,508.0,0.0,1241.0
2.0,8974.0,1674.0,1834.0,1534.0,336.0,336.0,1294.0,540.0,0.0,1674.0
2.0,8834.0,1547.0,1792.0,674.0,999.0,999.0,1222.0,570.0,0.0,1547.0
2.0,7961.0,2168.0,1760.0,276.0,2731.0,2731.0,1173.0,587.0,1301.0,867.0
2.0,6069.0,2612.0,1759.0,336.0,5002.0,5002.0,1172.0,587.0,2612.0,0.0
2.0,3793.0,3928.0,1831.0,999.0,8291.0,8291.0,1244.0,587.0,3928.0,0.0
2.0,864.0,3946.0,1904.0,2731.0,9520.0,9520.0,1320.0,584.0,3946.0,0.0
2.0,0.0,2658.0,1942.0,5002.0,7717.0,7717.0,1371.0,571.0,2658.0,0.0
2.0,1993.0,53.0,1919.0,8291.0,0.0,0.0,1372.0,547.0,53.0,0.0
2.0,10231.0,172.0,1890.0,9520.0,0.0,0.0,1372.0,518.0,0.0,172.0
2.0,19579.0,742.0,1875.0,7717.0,0.0,0.0,1372.0,503.0,0.0,742.0
2.0,26554.0,1315.0,1858.0,0.0,0.0,0.0,1347.0,511.0,0.0,1315.0
2.0,25239.0,1713.0,1841.0,0.0,0.0,0.0,1297.0,544.0,0.0,1713.0
2.0,23526.0,1594.0,1797.0,0.0,0.0,0.0,1223.0,574.0,53.0,1541.0
2.0,21932.0,2183.0,1763.0,0.0,0.0,0.0,1174.0,589.0,1386.0,797.0
2.0,19749.0,2723.0,1765.0,0.0,0.0,0.0,1176.0,589.0,2723.0,0.0
2.0,17026.0,4003.0,1842.0,0.0,0.0,0.0,1253.0,589.0,4003.0,0.0
2.0,13023.0,3954.0,1916.0,0.0,511.0,511.0,1329.0,587.0,3954.0,0.0
2.0,9069.0,2564.0,1951.0,0.0,3250.0,3250.0,1378.0,573.0,2564.0,0.0
2.0,6505.0,0.0,1927.0,0.0,3130.0,3130.0,1378.0,549.0,0.0,0.0
2.0,6505.0,168.0,1898.0,511.0,2642.0,2642.0,1378.0,520.0,0.0,168.0
2.0,6848.0,744.0,1882.0,3250.0,56.0,56.0,1378.0,504.0,0.0,744.0
2.0,9354.0,1311.0,1867.0,3130.0,0.0,0.0,1353.0,514.0,0.0,1311.0
2.0,11173.0,1710.0,1850.0,2642.0,0.0,0.0,1303.0,547.0,0.0,1710.0
2.0,12105.0,1533.0,1804.0,56.0,0.0,0.0,1228.0,576.0,2.0,1531.0
2.0,10628.0,2113.0,1769.0,0.0,330.0,330.0,1178.0,591.0,1322.0,791.0
2.0,8515.0,2642.0,1771.0,0.0,2982.0,2982.0,1180.0,591.0,2642.0,0.0
2.0,5873.0,3950.0,1846.0,0.0,7307.0,7307.0,1255.0,591.0,3950.0,0.0
2.0,1923.0,3939.0,1920.0,330.0,9600.0,9600.0,1331.0,589.0,3939.0,0.0
2.0,0.0,2610.0,1957.0,2982.0,9785.0,9785.0,1381.0,576.0,2610.0,0.0
2.0,0.0,0.0,1934.0,7307.0,3677.0,3677.0,1381.0,553.0,0.0,0.0
2.0,5993.0,129.0,1904.0,9600.0,0.0,0.0,1381.0,523.0,0.0,129.0
2.0,15464.0,689.0,1888.0,9785.0,0.0,0.0,1381.0,507.0,0.0,689.0
2.0,24560.0,1246.0,1872.0,3677.0,0.0,0.0,1358.0,514.0,0.0,1246.0
2.0,26991.0,1673.0,1857.0,0.0,0.0,0.0,1310.0,547.0,0.0,1673.0
2.0,25318.0,1540.0,1814.0,0.0,0.0,0.0,1238.0,576.0,0.0,1540.0
2.0,23778.0,2090.0,1781.0,0.0,0.0,0.0,1188.0,593.0,1235.0,855.0
2.0,21688.0,2532.0,1780.0,0.0,0.0,0.0,1187.0,593.0,2532.0,0.0
2.0,19156.0,3833.0,1851.0,0.0,0.0,0.0,1258.0,593.0,3833.0,0.0
2.0,15323.0,3893.0,1924.0,0.0,0.0,0.0,1333.0,591.0,3893.0,0.0
2.0,11430.0,2660.0,1963.0,0.0,1045.0,1045.0,1384.0,579.0,2660.0,0.0
2.0,8770.0,123.0,1942.0,0.0,1063.0,1063.0,1386.0,556.0,123.0,0.0
2.0,8647.0,123.0,1913.0,0.0,1041.0,1041.0,1386.0,527.0,0.0,123.0
2.0,8524.0,679.0,1896.0,1045.0,590.0,590.0,1386.0,510.0,0.0,679.0
2.0,8890.0,1237.0,1879.0,1063.0,679.0,679.0,1363.0,516.0,0.0,1237.0
2.0,8716.0,1673.0,1864.0,1041.0,1236.0,1236.0,1315.0,549.0,0.0,1673.0
2.0,8084.0,1558.0,1821.0,590.0,1989.0,1989.0,1243.0,578.0,0.0,1558.0
2.0,7116.0,2152.0,1788.0,679.0,3297.0,3297.0,1193.0,595.0,1273.0,879.0
2.0,5643.0,2584.0,1786.0,1236.0,4635.0,4635.0,1191.0,595.0,2584.0,0.0
2.0,4295.0,3904.0,1858.0,1989.0,6910.0,6910.0,1263.0,595.0,3904.0,0.0
2.0,2380.0,3952.0,1932.0,3297.0,7935.0,7935.0,1339.0,593.0,3952.0,0.0
2.0,1725.0,2694.0,1971.0,4635.0,6189.0,6189.0,1391.0,580.0,2694.0,0.0
2.0,3666.0,111.0,1949.0,6910.0,0.0,0.0,1393.0,556.0,111.0,0.0
2.0,10465.0,164.0,1920.0,7935.0,0.0,0.0,1393.0,527.0,0.0,164.0
2.0,18236.0,732.0,1904.0,6189.0,0.0,0.0,1393.0,511.0,0.0,732.0
2.0,23693.0,1301.0,1887.0,0.0,0.0,0.0,1368.0,519.0,0.0,1301.0
2.0,22392.0,1710.0,1870.0,0.0,0.0,0.0,1318.0,552.0,0.0,1710.0
2.0,20682.0,1588.0,1825.0,0.0,0.0,0.0,1243.0,582.0,30.0,1558.0
2.0,19094.0,2201.0,1791.0,0.0,0.0,0.0,1193.0,598.0,1370.0,831.0
2.0,16893.0,2717.0,1792.0,0.0,0.0,0.0,1194.0,598.0,2717.0,0.0
2.0,14176.0,4035.0,1869.0,0.0,0.0,0.0,1271.0,598.0,4035.0,0.0
2.0,10141.0,4014.0,1943.0,0.0,3588.0,3588.0,1348.0,595.0,4014.0,0.0
2.0,6127.0,2648.0,1980.0,0.0,6421.0,6421.0,1399.0,581.0,2648.0,0.0
2.0,3479.0,0.0,1954.0,0.0,6291.0,6291.0,1399.0,555.0,0.0,0.0
2.0,3479.0,206.0,1925.0,3588.0,2764.0,2764.0,1399.0,526.0,0.0,206.0
2.0,6861.0,785.0,1910.0,6421.0,0.0,0.0,1398.0,512.0,0.0,785.0
2.0,12497.0,1365.0,1894.0,6291.0,0.0,0.0,1371.0,523.0,0.0,1365.0
2.0,17423.0,1745.0,1875.0,2764.0,0.0,0.0,1319.0,556.0,0.0,1745.0
2.0,18442.0,1632.0,1830.0,0.0,0.0,0.0,1244.0,586.0,92.0,1540.0
2.0,16810.0,2205.0,1797.0,0.0,0.0,0.0,1196.0,601.0,1449.0,756.0
2.0,14605.0,2814.0,1802.0,0.0,0.0,0.0,1201.0,601.0,2814.0,0.0
2.0,11791.0,4074.0,1880.0,0.0,1683.0,1683.0,1279.0,601.0,4074.0,0.0
2.0,7717.0,3984.0,1953.0,0.0,6032.0,6032.0,1356.0,597.0,3984.0,0.0
2.0,3733.0,2518.0,1987.0,0.0,8720.0,8720.0,1404.0,583.0,2518.0,0.0
2.0,1215.0,0.0,1962.0,1683.0,6912.0,6912.0,1404.0,558.0,0.0,0.0
2.0,2898.0,195.0,1933.0,6032.0,930.0,930.0,1404.0,529.0,0.0,195.0
2.0,8735.0,771.0,1918.0,8720.0,0.0,0.0,1404.0,514.0,0.0,771.0
2.0,16684.0,1349.0,1903.0,6912.0,0.0,0.0,1378.0,525.0,0.0,1349.0
2.0,22247.0,1728.0,1886.0,930.0,0.0,0.0,1328.0,558.0,0.0,1728.0
2.0,21449.0,1545.0,1839.0,0.0,0.0,0.0,1252.0,587.0,15.0,1530.0
2.0,19904.0,2108.0,1804.0,0.0,0.0,0.0,1202.0,602.0,1354.0,754.0
2.0,17796.0,2691.0,1806.0,0.0,0.0,0.0,1204.0,602.0,2691.0,0.0
2.0,15105.0,4007.0,1883.0,0.0,0.0,0.0,1281.0,602.0,4007.0,0.0
2.0,11098.0,3981.0,1956.0,0.0,2663.0,2663.0,1357.0,599.0,3981.0,0.0
2.0,7117.0,2617.0,1994.0,0.0,5470.0,5470.0,1408.0,586.0,2617.0,0.0
2.0,4500.0,0.0,1970.0,0.0,5350.0,5350.0,1408.0,562.0,0.0,0.0
2.0,4500.0,157.0,1941.0,2663.0,2699.0,2699.0,1408.0,533.0,0.0,157.0
2.0,7006.0,728.0,1925.0,5470.0,0.0,0.0,1408.0,517.0,0.0,728.0
2.0,11748.0,1296.0,1910.0,5350.0,0.0,0.0,1384.0,526.0,0.0,1296.0
2.0,15802.0,1705.0,1894.0,2699.0,0.0,0.0,1335.0,559.0,0.0,1705.0
2.0,16796.0,1542.0,1850.0,0.0,0.0,0.0,1262.0,588.0,0.0,1542.0
2.0,15254.0,2089.0,1815.0,0.0,0.0,0.0,1211.0,604.0,1278.0,811.0
2.0,13165.0,2604.0,1814.0,0.0,0.0,0.0,1210.0,604.0,2604.0,0.0
2.0,10561.0,3924.0,1887.0,0.0,2798.0,2798.0,1283.0,604.0,3924.0,0.0
2.0,6637.0,3971.0,1962.0,0.0,7144.0,7144.0,1360.0,602.0,3971.0,0.0
2.0,2666.0,2687.0,2000.0,0.0,10000.0,10000.0,1411.0,589.0,2687.0,0.0
2.0,0.0,92.0,1978.0,2798.0,7205.0,7205.0,1413.0,565.0,92.0,0.0
2.0,2685.0,162.0,1949.0,7144.0,78.0,78.0,1413.0,536.0,0.0,162.0
2.0,9667.0,732.0,1933.0,10000.0,0.0,0.0,1413.0,520.0,0.0,732.0
2.0,18935.0,1303.0,1917.0,7205.0,0.0,0.0,1389.0,528.0,0.0,1303.0
2.0,24837.0,1713.0,1900.0,78.0,0.0,0.0,1339.0,561.0,0.0,1713.0
2.0,23202.0,1566.0,1855.0,0.0,0.0,0.0,1264.0,591.0,13.0,1553.0
2.0,21636.0,2182.0,1821.0,0.0,0.0,0.0,1214.0,607.0,1353.0,829.0
2.0,19454.0,2701.0,1821.0,0.0,0.0,0.0,1214.0,607.0,2701.0,0.0
2.0,16753.0,4032.0,1897.0,0.0,0.0,0.0,1290.0,607.0,4032.0,0.0
2.0,12721.0,4036.0,1971.0,0.0,1170.0,1170.0,1367.0,604.0,4036.0,0.0
2.0,8685.0,2689.0,2009.0,0.0,4049.0,4049.0,1419.0,590.0,2689.0,0.0
2.0,5996.0,18.0,1983.0,0.0,3937.0,3937.0,1419.0,564.0,18.0,0.0
2.0,5978.0,214.0,1955.0,1170.0,2841.0,2841.0,1419.0,536.0,0.0,214.0
2.0,6934.0,798.0,1940.0,4049.0,0.0,0.0,1419.0,521.0,0.0,798.0
2.0,10185.0,1383.0,1924.0,3937.0,0.0,0.0,1392.0,532.0,0.0,1383.0
2.0,12739.0,1757.0,1906.0,2841.0,0.0,0.0,1340.0,566.0,0.0,1757.0
2.0,13823.0,1669.0,1860.0,0.0,0.0,0.0,1265.0,595.0,118.0,1551.0
2.0,12154.0,2253.0,1826.0,0.0,0.0,0.0,1216.0,610.0,1497.0,756.0
2.0,9901.0,2871.0,1831.0,0.0,2125.0,2125.0,1221.0,610.0,2871.0,0.0
2.0,7030.0,4137.0,1910.0,0.0,6657.0,6657.0,1300.0,610.0,4137.0,0.0
2.0,2893.0,4019.0,1984.0,0.0,9920.0,9920.0,1378.0,606.0,4019.0,0.0
2.0,0.0,2532.0,2017.0,2125.0,10085.0,10085.0,1426.0,591.0,2532.0,0.0
2.0,0.0,0.0,1991.0,6657.0,4831.0,4831.0,1426.0,565.0,0.0,0.0
2.0,5124.0,240.0,1962.0,9920.0,0.0,0.0,1426.0,536.0,0.0,240.0
2.0,14804.0,831.0,1947.0,10085.0,0.0,0.0,1425.0,522.0,0.0,831.0
2.0,24058.0,1422.0,1932.0,4831.0,0.0,0.0,1397.0,535.0,0.0,1422.0
2.0,27467.0,1779.0,1912.0,0.0,0.0,0.0,1343.0,569.0,0.0,1779.0
2.0,25688.0,1665.0,1866.0,0.0,0.0,0.0,1267.0,599.0,128.0,1537.0
2.0,24023.0,2216.0,1831.0,0.0,0.0,0.0,1219.0,612.0,1511.0,705.0
2.0,21807.0,2883.0,1838.0,0.0,0.0,0.0,1226.0,612.0,2883.0,0.0
2.0,18924.0,4132.0,1918.0,0.0,0.0,0.0,1306.0,612.0,4132.0,0.0
2.0,14792.0,3995.0,1990.0,0.0,0.0,0.0,1382.0,608.0,3995.0,0.0
2.0,10797.0,2484.0,2024.0,0.0,1807.0,1807.0,1430.0,594.0,2484.0,0.0
2.0,8313.0,0.0,1998.0,0.0,1677.0,1677.0,1430.0,568.0,0.0,0.0
2.0,8313.0,210.0,1968.0,0.0,1737.0,1737.0,1430.0,538.0,0.0,210.0
2.0,8103.0,795.0,1954.0,1807.0,655.0,655.0,1430.0,524.0,0.0,795.0
2.0,9115.0,1384.0,1940.0,1677.0,292.0,292.0,1404.0,536.0,0.0,1384.0
2.0,9408.0,1755.0,1922.0,1737.0,220.0,220.0,1352.0,570.0,0.0,1755.0
2.0,9390.0,1604.0,1876.0,655.0,939.0,939.0,1276.0,600.0,64.0,1540.0
2.0,8441.0,2153.0,1841.0,292.0,2625.0,2625.0,1227.0,614.0,1417.0,736.0
2.0,6580.0,2775.0,1844.0,220.0,5195.0,5195.0,1230.0,614.0,2775.0,0.0
2.0,4025.0,4061.0,1922.0,939.0,8707.0,8707.0,1308.0,614.0,4061.0,0.0
2.0,903.0,3999.0,1996.0,2625.0,9980.0,9980.0,1385.0,611.0,3999.0,0.0
2.0,0.0,2574.0,2032.0,5195.0,8010.0,8010.0,1435.0,597.0,2574.0,0.0
2.0,2150.0,0.0,2007.0,8707.0,0.0,0.0,1435.0,572.0,0.0,0.0
2.0,10857.0,181.0,1978.0,9980.0,0.0,0.0,1435.0,543.0,0.0,181.0
2.0,20656.0,756.0,1963.0,8010.0,0.0,0.0,1435.0,528.0,0.0,756.0
2.0,27910.0,1331.0,1948.0,0.0,0.0,0.0,1410.0,538.0,0.0,1331.0
2.0,26579.0,1724.0,1931.0,0.0,0.0,0.0,1360.0,571.0,0.0,1724.0
2.0,24855.0,1560.0,1885.0,0.0,0.0,0.0,1285.0,600.0,16.0,1544.0
2.0,23295.0,2166.0,1851.0,0.0,0.0,0.0,1235.0,616.0,1370.0,796.0
2.0,21129.0,2718.0,1851.0,0.0,0.0,0.0,1235.0,616.0,2718.0,0.0
2.0,18411.0,4055.0,1928.0,0.0,0.0,0.0,1312.0,616.0,4055.0,0.0
2.0,14356.0,4037.0,2002.0,0.0,0.0,0.0,1389.0,613.0,4037.0,0.0
2.0,10319.0,2681.0,2040.0,0.0,2562.0,2562.0,1441.0,599.0,2681.0,0.0
2.0,7638.0,0.0,2014.0,0.0,2432.0,2432.0,1441.0,573.0,0.0,0.0
2.0,7638.0,215.0,1986.0,0.0,2507.0,2507.0,1441.0,545.0,0.0,215.0
2.0,7423.0,799.0,1970.0,2562.0,664.0,664.0,1440.0,530.0,0.0,799.0
2.0,9186.0,1384.0,1955.0,2432.0,0.0,0.0,1414.0,541.0,0.0,1384.0
2.0,10234.0,1756.0,1937.0,2507.0,0.0,0.0,1362.0,575.0,0.0,1756.0
2.0,10985.0,1662.0,1891.0,664.0,0.0,0.0,1287.0,604.0,111.0,1551.0
2.0,9987.0,2238.0,1857.0,0.0,1536.0,1536.0,1238.0,619.0,1483.0,755.0
2.0,7749.0,2865.0,1860.0,0.0,4416.0,4416.0,1241.0,619.0,2865.0,0.0
2.0,4884.0,4141.0,1940.0,0.0,8957.0,8957.0,1321.0,619.0,4141.0,0.0
2.0,743.0,4044.0,2013.0,1536.0,10065.0,10065.0,1398.0,615.0,4044.0,0.0
2.0,0.0,2570.0,2047.0,4416.0,10154.0,10154.0,1448.0,599.0,2570.0,0.0
2.0,81.0,0.0,2021.0,8957.0,1067.0,1067.0,1448.0,573.0,0.0,0.0
2.0,9038.0,262.0,1992.0,10065.0,0.0,0.0,1448.0,544.0,0.0,262.0
2.0,18841.0,860.0,1977.0,10154.0,0.0,0.0,1446.0,531.0,0.0,860.0
2.0,28135.0,1467.0,1962.0,1067.0,0.0,0.0,1417.0,545.0,0.0,1467.0
2.0,27735.0,1806.0,1941.0,0.0,0.0,0.0,1362.0,579.0,0.0,1806.0
2.0,25929.0,1762.0,1895.0,0.0,0.0,0.0,1286.0,609.0,216.0,1546.0
2.0,24167.0,2298.0,1862.0,0.0,0.0,0.0,1240.0,622.0,1618.0,680.0
2.0,21869.0,3026.0,1872.0,0.0,0.0,0.0,1250.0,622.0,3026.0,0.0
2.0,18843.0,4210.0,1952.0,0.0,0.0,0.0,1330.0,622.0,4210.0,0.0
2.0,14633.0,4002.0,2024.0,0.0,0.0,0.0,1407.0,617.0,4002.0,0.0
2.0,10631.0,2375.0,2054.0,0.0,2014.0,2014.0,1453.0,601.0,2375.0,0.0
2.0,8256.0,0.0,2027.0,0.0,1879.0,1879.0,1453.0,574.0,0.0,0.0
2.0,8256.0,257.0,1998.0,0.0,1991.0,1991.0,1453.0,545.0,0.0,257.0
2.0,7999.0,858.0,1983.0,2014.0,760.0,760.0,1451.0,532.0,0.0,858.0
2.0,9155.0,1464.0,1968.0,1879.0,270.0,270.0,1422.0,546.0,0.0,1464.0
2.0,9570.0,1807.0,1947.0,1991.0,0.0,0.0,1366.0,581.0,0.0,1807.0
2.0,9754.0,1763.0,1902.0,760.0,759.0,759.0,1291.0,611.0,214.0,1549.0
2.0,8751.0,2297.0,1869.0,270.0,2621.0,2621.0,1245.0,624.0,1613.0,684.0
2.0,6724.0,3013.0,1879.0,0.0,5684.0,5684.0,1255.0,624.0,3013.0,0.0
2.0,3711.0,4190.0,1960.0,759.0,9520.0,9520.0,1336.0,624.0,4190.0,0.0
2.0,280.0,3971.0,2032.0,2621.0,10160.0,10160.0,1412.0,620.0,3971.0,0.0
2.0,0.0,2345.0,2062.0,5684.0,8041.0,8041.0,1457.0,605.0,2345.0,0.0
2.0,2269.0,0.0,2035.0,9520.0,0.0,0.0,1457.0,578.0,0.0,0.0
2.0,11789.0,216.0,2006.0,10160.0,0.0,0.0,1457.0,549.0,0.0,216.0
2.0,21733.0,812.0,1991.0,8041.0,0.0,0.0,1456.0,535.0,0.0,812.0
2.0,28962.0,1403.0,1976.0,0.0,0.0,0.0,1429.0,547.0,0.0,1403.0
2.0,27559.0,1777.0,1957.0,0.0,0.0,0.0,1375.0,582.0,0.0,1777.0
2.0,25782.0,1685.0,1911.0,0.0,0.0,0.0,1300.0,611.0,130.0,1555.0
2.0,24097.0,2251.0,1878.0,0.0,0.0,0.0,1252.0,626.0,1505.0,746.0
2.0,21846.0,2885.0,1884.0,0.0,0.0,0.0,1258.0,626.0,2885.0,0.0
2.0,18961.0,4128.0,1963.0,0.0,0.0,0.0,1337.0,626.0,4128.0,0.0
2.0,14833.0,3995.0,2036.0,0.0,0.0,0.0,1414.0,622.0,3995.0,0.0
2.0,10838.0,2477.0,2070.0,0.0,1989.0,1989.0,1462.0,608.0,2477.0,0.0
2.0,8361.0,0.0,2044.0,0.0,1859.0,1859.0,1462.0,582.0,0.0,0.0
2.0,8361.0,196.0,2015.0,0.0,1910.0,1910.0,1462.0,553.0,0.0,196.0
2.0,8165.0,785.0,1999.0,1989.0,626.0,626.0,1461.0,538.0,0.0,785.0
2.0,9369.0,1372.0,1984.0,1859.0,64.0,64.0,1435.0,549.0,0.0,1372.0
2.0,9856.0,1763.0,1966.0,1910.0,0.0,0.0,1383.0,583.0,0.0,1763.0
2.0,10003.0,1690.0,1920.0,626.0,661.0,661.0,1307.0,613.0,119.0,1571.0
2.0,8939.0,2284.0,1887.0,64.0,2716.0,2716.0,1258.0,629.0,1497.0,787.0
2.0,6719.0,2870.0,1891.0,0.0,5606.0,5606.0,1262.0,629.0,2870.0,0.0
2.0,3849.0,4132.0,1970.0,661.0,9472.0,9472.0,1341.0,629.0,4132.0,0.0
2.0,378.0,4020.0,2043.0,2716.0,10215.0,10215.0,1419.0,624.0,4020.0,0.0
2.0,0.0,2534.0,2076.0,5606.0,8234.0,8234.0,1467.0,609.0,2534.0,0.0
2.0,2146.0,0.0,2049.0,9472.0,0.0,0.0,1467.0,582.0,0.0,0.0
2.0,11618.0,229.0,2020.0,10215.0,0.0,0.0,1467.0,553.0,0.0,229.0
2.0,21604.0,826.0,2004.0,8234.0,0.0,0.0,1465.0,539.0,0.0,826.0
2.0,29012.0,1426.0,1989.0,0.0,0.0,0.0,1437.0,552.0,0.0,1426.0
2.0,27586.0,1803.0,1969.0,0.0,0.0,0.0,1382.0,587.0,0.0,1803.0
2.0,25783.0,1830.0,1924.0,0.0,0.0,0.0,1307.0,617.0,251.0,1579.0
2.0,23953.0,2414.0,1893.0,0.0,0.0,0.0,1261.0,632.0,1658.0,756.0
2.0,21539.0,3079.0,1903.0,0.0,0.0,0.0,1271.0,632.0,3079.0,0.0
2.0,18460.0,4239.0,1984.0,0.0,0.0,0.0,1352.0,632.0,4239.0,0.0
2.0,14221.0,4003.0,2056.0,0.0,62.0,62.0,1429.0,627.0,4003.0,0.0
2.0,10218.0,2342.0,2084.0,0.0,2544.0,2544.0,1474.0,610.0,2342.0,0.0
2.0,7876.0,0.0,2056.0,0.0,2404.0,2404.0,1474.0,582.0,0.0,0.0
2.0,7876.0,268.0,2026.0,62.0,2460.0,2460.0,1474.0,552.0,0.0,268.0
2.0,7670.0,880.0,2009.0,2544.0,711.0,711.0,1470.0,539.0,0.0,880.0
2.0,9334.0,1491.0,1994.0,2404.0,0.0,0.0,1439.0,555.0,0.0,1491.0
2.0,10247.0,1841.0,1971.0,2460.0,0.0,0.0,1381.0,590.0,0.0,1841.0
2.0,10866.0,1908.0,1927.0,711.0,0.0,0.0,1306.0,621.0,335.0,1573.0
2.0,9669.0,2459.0,1897.0,0.0,2275.0,2275.0,1263.0,634.0,1766.0,693.0
2.0,7210.0,3190.0,1913.0,0.0,5545.0,5545.0,1279.0,634.0,3190.0,0.0
2.0,4020.0,4286.0,1995.0,0.0,9975.0,9975.0,1361.0,634.0,4286.0,0.0
2.0,0.0,3947.0,2066.0,2275.0,10330.0,10330.0,1437.0,629.0,3947.0,0.0
2.0,0.0,2180.0,2092.0,5545.0,9033.0,9033.0,1479.0,613.0,2180.0,0.0
2.0,1427.0,0.0,2063.0,9975.0,0.0,0.0,1479.0,584.0,0.0,0.0
2.0,11402.0,252.0,2033.0,10330.0,0.0,0.0,1479.0,554.0,0.0,252.0
2.0,21480.0,860.0,2016.0,9033.0,0.0,0.0,1475.0,541.0,0.0,860.0
2.0,29653.0,1468.0,2000.0,0.0,0.0,0.0,1444.0,556.0,0.0,1468.0
2.0,28185.0,1829.0,1977.0,0.0,0.0,0.0,1386.0,591.0,0.0,1829.0
2.0,26356.0,1886.0,1933.0,0.0,0.0,0.0,1311.0,622.0,309.0,1577.0
2.0,24470.0,2435.0,1904.0,0.0,0.0,0.0,1268.0,636.0,1721.0,714.0
2.0,22035.0,3139.0,1919.0,0.0,0.0,0.0,1283.0,636.0,3139.0,0.0
2.0,18896.0,4240.0,2001.0,0.0,0.0,0.0,1365.0,636.0,4240.0,0.0
2.0,14656.0,3929.0,2071.0,0.0,0.0,0.0,1440.0,631.0,3929.0,0.0
2.0,10727.0,2194.0,2099.0,0.0,1962.0,1962.0,1483.0,616.0,2194.0,0.0
2.0,8533.0,0.0,2072.0,0.0,1827.0,1827.0,1483.0,589.0,0.0,0.0
2.0,8533.0,213.0,2042.0,0.0,1890.0,1890.0,1483.0,559.0,0.0,213.0
2.0,8320.0,817.0,2025.0,1962.0,660.0,660.0,1480.0,545.0,0.0,817.0
2.0,9465.0,1415.0,2008.0,1827.0,163.0,163.0,1451.0,557.0,0.0,1415.0
2.0,9877.0,1798.0,1988.0,1890.0,0.0,0.0,1396.0,592.0,0.0,1798.0
2.0,9969.0,1809.0,1943.0,660.0,895.0,895.0,1321.0,622.0,231.0,1578.0
2.0,8820.0,2387.0,1912.0,163.0,2964.0,2964.0,1275.0,637.0,1626.0,761.0
2.0,6596.0,3023.0,1923.0,0.0,6042.0,6042.0,1286.0,637.0,3023.0,0.0
2.0,3573.0,4184.0,2003.0,895.0,9731.0,9731.0,1366.0,637.0,4184.0,0.0
2.0,284.0,3954.0,2075.0,2964.0,10375.0,10375.0,1442.0,633.0,3954.0,0.0
2.0,0.0,2323.0,2105.0,6042.0,7512.0,7512.0,1487.0,618.0,2323.0,0.0
2.0,3013.0,0.0,2079.0,9731.0,0.0,0.0,1487.0,592.0,0.0,0.0
2.0,12744.0,210.0,2049.0,10375.0,0.0,0.0,1487.0,562.0,0.0,210.0
2.0,22909.0,816.0,2032.0,7512.0,0.0,0.0,1485.0,547.0,0.0,816.0
2.0,29605.0,1415.0,2015.0,0.0,0.0,0.0,1456.0,559.0,0.0,1415.0
2.0,28190.0,1806.0,1995.0,0.0,0.0,0.0,1401.0,594.0,0.0,1806.0
2.0,26384.0,1867.0,1952.0,0.0,0.0,0.0,1327.0,625.0,277.0,1590.0
2.0,24517.0,2470.0,1922.0,0.0,0.0,0.0,1282.0,640.0,1691.0,779.0
2.0,22047.0,3102.0,1933.0,0.0,0.0,0.0,1293.0,640.0,3102.0,0.0
2.0,18945.0,4239.0,2014.0,0.0,0.0,0.0,1374.0,640.0,4239.0,0.0
2.0,14706.0,3965.0,2085.0,0.0,0.0,0.0,1450.0,635.0,3965.0,0.0
2.0,10741.0,2288.0,2113.0,0.0,2112.0,2112.0,1494.0,619.0,2288.0,0.0
2.0,8453.0,0.0,2086.0,0.0,1977.0,1977.0,1494.0,592.0,0.0,0.0
2.0,8453.0,258.0,2056.0,0.0,2085.0,2085.0,1494.0,562.0,0.0,258.0
2.0,8195.0,871.0,2039.0,2112.0,759.0,759.0,1490.0,549.0,0.0,871.0
2.0,9436.0,1487.0,2021.0,1977.0,179.0,179.0,1458.0,563.0,0.0,1487.0
2.0,9926.0,1844.0,1997.0,2085.0,0.0,0.0,1399.0,598.0,0.0,1844.0
2.0,10167.0,2006.0,1954.0,759.0,850.0,850.0,1325.0,629.0,410.0,1596.0
2.0,8920.0,2572.0,1926.0,179.0,3103.0,3103.0,1283.0,643.0,1847.0,725.0
2.0,6527.0,3292.0,1945.0,0.0,6490.0,6490.0,1302.0,643.0,3292.0,0.0
2.0,3235.0,4337.0,2028.0,850.0,10140.0,10140.0,1385.0,643.0,4337.0,0.0
2.0,0.0,3949.0,2099.0,3103.0,10495.0,10495.0,1461.0,638.0,3949.0,0.0
2.0,0.0,2107.0,2123.0,6490.0,7330.0,7330.0,1502.0,621.0,2107.0,0.0
2.0,3285.0,0.0,2094.0,10140.0,0.0,0.0,1502.0,592.0,0.0,0.0
2.0,13425.0,294.0,2064.0,10495.0,0.0,0.0,1502.0,562.0,0.0,294.0
2.0,23626.0,915.0,2045.0,7330.0,0.0,0.0,1495.0,550.0,0.0,915.0
2.0,30041.0,1540.0,2027.0,0.0,0.0,0.0,1461.0,566.0,0.0,1540.0
2.0,28501.0,1874.0,2002.0,0.0,0.0,0.0,1400.0,602.0,0.0,1874.0
2.0,26627.0,2033.0,1958.0,0.0,0.0,0.0,1326.0,632.0,451.0,1582.0
2.0,24594.0,2572.0,1932.0,0.0,0.0,0.0,1287.0,645.0,1908.0,664.0
2.0,22022.0,3355.0,1954.0,0.0,0.0,0.0,1309.0,645.0,3355.0,0.0
2.0,18667.0,4356.0,2038.0,0.0,0.0,0.0,1393.0,645.0,4356.0,0.0
2.0,14311.0,3902.0,2108.0,0.0,131.0,131.0,1468.0,640.0,3902.0,0.0
2.0,10409.0,1991.0,2131.0,0.0,2237.0,2237.0,1507.0,624.0,1991.0,0.0
2.0,8418.0,0.0,2103.0,0.0,2097.0,2097.0,1507.0,596.0,0.0,0.0
2.0,8418.0,267.0,2073.0,131.0,2083.0,2083.0,1507.0,566.0,0.0,267.0
2.0,8282.0,883.0,2053.0,2237.0,629.0,629.0,1501.0,552.0,0.0,883.0
2.0,9636.0,1504.0,2035.0,2097.0,0.0,0.0,1468.0,567.0,0.0,1504.0
2.0,10229.0,1851.0,2010.0,2083.0,0.0,0.0,1407.0,603.0,0.0,1851.0
2.0,10461.0,1968.0,1966.0,629.0,708.0,708.0,1333.0,633.0,386.0,1582.0
2.0,9122.0,2512.0,1939.0,0.0,3085.0,3085.0,1292.0,647.0,1821.0,691.0
2.0,6610.0,3249.0,1960.0,0.0,6439.0,6439.0,1313.0,647.0,3249.0,0.0
2.0,3361.0,4290.0,2042.0,708.0,10210.0,10210.0,1395.0,647.0,4290.0,0.0
2.0,0.0,3897.0,2113.0,3085.0,10565.0,10565.0,1470.0,643.0,3897.0,0.0
2.0,0.0,2074.0,2137.0,6439.0,7353.0,7353.0,1510.0,627.0,2074.0,0.0
2.0,3332.0,0.0,2110.0,10210.0,0.0,0.0,1510.0,600.0,0.0,0.0
2.0,13542.0,231.0,2080.0,10565.0,0.0,0.0,1510.0,570.0,0.0,231.0
2.0,23876.0,844.0,2061.0,7353.0,0.0,0.0,1506.0,555.0,0.0,844.0
2.0,30385.0,1451.0,2043.0,0.0,0.0,0.0,1474.0,569.0,0.0,1451.0
2.0,28934.0,1828.0,2020.0,0.0,0.0,0.0,1416.0,604.0,0.0,1828.0
2.0,27106.0,1933.0,1976.0,0.0,0.0,0.0,1342.0,634.0,341.0,1592.0
2.0,25173.0,2516.0,1949.0,0.0,0.0,0.0,1300.0,649.0,1763.0,753.0
2.0,22657.0,3180.0,1966.0,0.0,0.0,0.0,1317.0,649.0,3180.0,0.0
2.0,19477.0,4262.0,2048.0,0.0,0.0,0.0,1399.0,649.0,4262.0,0.0
2.0,15215.0,3919.0,2119.0,0.0,0.0,0.0,1474.0,645.0,3919.0,0.0
2.0,11296.0,2168.0,2145.0,0.0,1597.0,1597.0,1516.0,629.0,2168.0,0.0
2.0,9128.0,0.0,2118.0,0.0,1462.0,1462.0,1516.0,602.0,0.0,0.0
2.0,9128.0,239.0,2088.0,0.0,1551.0,1551.0,1516.0,572.0,0.0,239.0
2.0,8889.0,850.0,2068.0,1597.0,704.0,704.0,1510.0,558.0,0.0,850.0
2.0,9636.0,1463.0,2049.0,1462.0,610.0,610.0,1478.0,571.0,0.0,1463.0
2.0,9635.0,1839.0,2024.0,1551.0,773.0,773.0,1418.0,606.0,0.0,1839.0
2.0,9347.0,2012.0,1982.0,704.0,1871.0,1871.0,1345.0,637.0,408.0,1604.0
2.0,8039.0,2618.0,1956.0,610.0,3749.0,3749.0,1304.0,652.0,1854.0,764.0
2.0,6031.0,3298.0,1975.0,773.0,6369.0,6369.0,1323.0,652.0,3298.0,0.0
2.0,3506.0,4343.0,2059.0,1871.0,9261.0,9261.0,1407.0,652.0,4343.0,0.0
2.0,1034.0,3942.0,2130.0,3749.0,9809.0,9809.0,1483.0,647.0,3942.0,0.0
2.0,841.0,2106.0,2153.0,6369.0,5661.0,5661.0,1523.0,630.0,2106.0,0.0
2.0,5104.0,0.0,2124.0,9261.0,0.0,0.0,1523.0,601.0,0.0,0.0
2.0,14365.0,298.0,2095.0,9809.0,0.0,0.0,1523.0,572.0,0.0,298.0
2.0,23876.0,925.0,2074.0,5661.0,0.0,0.0,1515.0,559.0,0.0,925.0
2.0,28612.0,1554.0,2055.0,0.0,0.0,0.0,1480.0,575.0,0.0,1554.0
2.0,27058.0,1891.0,2027.0,0.0,0.0,0.0,1416.0,611.0,0.0,1891.0
2.0,25167.0,2107.0,1985.0,0.0,0.0,0.0,1343.0,642.0,511.0,1596.0
2.0,23060.0,2663.0,1960.0,0.0,0.0,0.0,1305.0,655.0,1990.0,673.0
2.0,20397.0,3467.0,1986.0,0.0,0.0,0.0,1331.0,655.0,3467.0,0.0
2.0,16930.0,4438.0,2072.0,0.0,0.0,0.0,1417.0,655.0,4438.0,0.0
2.0,12492.0,3924.0,2141.0,0.0,2137.0,2137.0,1492.0,649.0,3924.0,0.0
2.0,8568.0,1935.0,2160.0,0.0,4167.0,4167.0,1529.0,631.0,1935.0,0.0
2.0,6633.0,0.0,2131.0,0.0,4022.0,4022.0,1529.0,602.0,0.0,0.0
2.0,6633.0,313.0,2101.0,2137.0,2048.0,2048.0,1529.0,572.0,0.0,313.0
2.0,8457.0,948.0,2081.0,4167.0,0.0,0.0,1521.0,560.0,0.0,948.0
2.0,11676.0,1578.0,2061.0,4022.0,0.0,0.0,1484.0,577.0,0.0,1578.0
2.0,14120.0,1904.0,2034.0,2048.0,0.0,0.0,1420.0,614.0,0.0,1904.0
2.0,14264.0,2095.0,1990.0,0.0,0.0,0.0,1346.0,644.0,507.0,1588.0
2.0,12169.0,2629.0,1966.0,0.0,290.0,290.0,1309.0,657.0,1987.0,642.0
2.0,9540.0,3458.0,1994.0,0.0,3888.0,3888.0,1337.0,657.0,3458.0,0.0
2.0,6082.0,4425.0,2079.0,0.0,8738.0,8738.0,1422.0,657.0,4425.0,0.0
2.0,1657.0,3907.0,2149.0,290.0,10745.0,10745.0,1497.0,652.0,3907.0,0.0
2.0,0.0,1917.0,2169.0,3888.0,10834.0,10834.0,1534.0,635.0,1917.0,0.0
2.0,11.0,0.0,2140.0,8738.0,1951.0,1951.0,1534.0,606.0,0.0,0.0
2.0,8749.0,278.0,2109.0,10745.0,0.0,0.0,1534.0,575.0,0.0,278.0
2.0,19216.0,902.0,2089.0,10834.0,0.0,0.0,1527.0,562.0,0.0,902.0
2.0,29148.0,1532.0,2070.0,1951.0,0.0,0.0,1492.0,578.0,0.0,1532.0
2.0,29567.0,1877.0,2044.0,0.0,0.0,0.0,1429.0,615.0,0.0,1877.0
2.0,27690.0,2013.0,2000.0,0.0,0.0,0.0,1355.0,645.0,417.0,1596.0
2.0,25677.0,2549.0,1974.0,0.0,0.0,0.0,1316.0,658.0,1865.0,684.0
2.0,23128.0,3316.0,1997.0,0.0,0.0,0.0,1339.0,658.0,3316.0,0.0
2.0,19812.0,4341.0,2081.0,0.0,0.0,0.0,1423.0,658.0,4341.0,0.0
2.0,15471.0,3916.0,2152.0,0.0,0.0,0.0,1498.0,654.0,3916.0,0.0
2.0,11555.0,2047.0,2176.0,0.0,1372.0,1372.0,1538.0,638.0,2047.0,0.0
2.0,9508.0,0.0,2148.0,0.0,1232.0,1232.0,1538.0,610.0,0.0,0.0
2.0,9508.0,240.0,2117.0,0.0,1317.0,1317.0,1538.0,579.0,0.0,240.0
2.0,9268.0,863.0,2096.0,1372.0,703.0,703.0,1531.0,565.0,0.0,863.0
2.0,9777.0,1480.0,2076.0,1232.0,851.0,851.0,1497.0,579.0,0.0,1480.0
2.0,9529.0,1857.0,2051.0,1317.0,1266.0,1266.0,1436.0,615.0,0.0,1857.0
2.0,8989.0,2024.0,2008.0,703.0,2372.0,2372.0,1362.0,646.0,410.0,1614.0
2.0,7668.0,2605.0,1982.0,851.0,3996.0,3996.0,1322.0,660.0,1853.0,752.0
2.0,5914.0,3296.0,2004.0,1266.0,6136.0,6136.0,1344.0,660.0,3296.0,0.0
2.0,3884.0,4339.0,2087.0,2372.0,8518.0,8518.0,1427.0,660.0,4339.0,0.0
2.0,1917.0,3935.0,2159.0,3996.0,8817.0,8817.0,1503.0,656.0,3935.0,0.0
2.0,1978.0,2099.0,2183.0,6136.0,4900.0,4900.0,1543.0,640.0,2099.0,0.0
2.0,6015.0,0.0,2154.0,8518.0,0.0,0.0,1543.0,611.0,0.0,0.0
2.0,14533.0,268.0,2124.0,8817.0,0.0,0.0,1543.0,581.0,0.0,268.0
2.0,23082.0,895.0,2103.0,4900.0,0.0,0.0,1535.0,568.0,0.0,895.0
2.0,27087.0,1523.0,2082.0,0.0,0.0,0.0,1500.0,582.0,0.0,1523.0
2.0,25564.0,1885.0,2054.0,0.0,0.0,0.0,1436.0,618.0,0.0,1885.0
2.0,23679.0,2148.0,2013.0,0.0,0.0,0.0,1363.0,650.0,526.0,1622.0
2.0,21531.0,2739.0,1990.0,0.0,0.0,0.0,1326.0,664.0,2002.0,737.0
2.0,18792.0,3482.0,2016.0,0.0,0.0,0.0,1352.0,664.0,3482.0,0.0
2.0,15310.0,4439.0,2101.0,0.0,0.0,0.0,1437.0,664.0,4439.0,0.0
2.0,10871.0,3929.0,2171.0,0.0,3913.0,3913.0,1513.0,658.0,3929.0,0.0
2.0,6942.0,1934.0,2190.0,0.0,5942.0,5942.0,1550.0,640.0,1934.0,0.0
2.0,5008.0,0.0,2160.0,0.0,5792.0,5792.0,1550.0,610.0,0.0,0.0
2.0,5008.0,316.0,2130.0,3913.0,2045.0,2045.0,1550.0,580.0,0.0,316.0
2.0,8605.0,955.0,2108.0,5942.0,0.0,0.0,1540.0,568.0,0.0,955.0
2.0,13592.0,1597.0,2088.0,5792.0,0.0,0.0,1502.0,586.0,0.0,1597.0
2.0,17787.0,1924.0,2057.0,2045.0,0.0,0.0,1435.0,622.0,0.0,1924.0
2.0,17908.0,2236.0,2016.0,0.0,0.0,0.0,1362.0,654.0,620.0,1616.0
2.0,15672.0,2790.0,1993.0,0.0,0.0,0.0,1327.0,666.0,2126.0,664.0
2.0,12882.0,3633.0,2026.0,0.0,881.0,881.0,1360.0,666.0,3633.0,0.0
2.0,9249.0,4514.0,2113.0,0.0,5830.0,5830.0,1447.0,666.0,4514.0,0.0
2.0,4735.0,3892.0,2182.0,0.0,10067.0,10067.0,1522.0,660.0,3892.0,0.0
2.0,843.0,1758.0,2198.0,881.0,10990.0,10990.0,1556.0,642.0,1758.0,0.0
2.0,0.0,0.0,2168.0,5830.0,5044.0,5044.0,1556.0,612.0,0.0,0.0
2.0,5796.0,321.0,2137.0,10067.0,0.0,0.0,1556.0,581.0,0.0,321.0
2.0,15542.0,962.0,2115.0,10990.0,0.0,0.0,1546.0,569.0,0.0,962.0
2.0,25570.0,1603.0,2096.0,5044.0,0.0,0.0,1508.0,588.0,0.0,1603.0
2.0,29011.0,1921.0,2066.0,0.0,0.0,0.0,1441.0,625.0,0.0,1921.0
2.0,27090.0,2188.0,2023.0,0.0,0.0,0.0,1367.0,656.0,585.0,1603.0
2.0,24902.0,2722.0,2000.0,0.0,0.0,0.0,1332.0,668.0,2081.0,641.0
2.0,22180.0,3579.0,2032.0,0.0,0.0,0.0,1364.0,668.0,3579.0,0.0
2.0,18601.0,4481.0,2118.0,0.0,0.0,0.0,1450.0,668.0,4481.0,0.0
2.0,14120.0,3891.0,2187.0,0.0,706.0,706.0,1525.0,662.0,3891.0,0.0
2.0,10229.0,1794.0,2205.0,0.0,2590.0,2590.0,1560.0,645.0,1794.0,0.0
2.0,8435.0,0.0,2176.0,0.0,2445.0,2445.0,1560.0,616.0,0.0,0.0
2.0,8435.0,294.0,2145.0,706.0,1878.0,1878.0,1560.0,585.0,0.0,294.0
2.0,8847.0,926.0,2124.0,2590.0,109.0,109.0,1552.0,572.0,0.0,926.0
2.0,10511.0,1562.0,2105.0,2445.0,0.0,0.0,1516.0,589.0,0.0,1562.0
2.0,11394.0,1899.0,2078.0,1878.0,0.0,0.0,1452.0,626.0,0.0,1899.0
2.0,11373.0,2088.0,2035.0,109.0,781.0,781.0,1378.0,657.0,485.0,1603.0
2.0,9394.0,2634.0,2010.0,0.0,3290.0,3290.0,1340.0,670.0,1962.0,672.0
2.0,6760.0,3429.0,2037.0,0.0,6854.0,6854.0,1367.0,670.0,3429.0,0.0
2.0,3331.0,4416.0,2122.0,781.0,10610.0,10610.0,1452.0,670.0,4416.0,0.0
2.0,0.0,3924.0,2192.0,3290.0,10960.0,10960.0,1527.0,665.0,3924.0,0.0
2.0,0.0,1963.0,2213.0,6854.0,7112.0,7112.0,1565.0,648.0,1963.0,0.0
2.0,3953.0,0.0,2185.0,10610.0,0.0,0.0,1565.0,620.0,0.0,0.0
2.0,14563.0,272.0,2154.0,10960.0,0.0,0.0,1565.0,589.0,0.0,272.0
2.0,25251.0,907.0,2133.0,7112.0,0.0,0.0,1557.0,576.0,0.0,907.0
2.0,31456.0,1536.0,2112.0,0.0,0.0,0.0,1521.0,591.0,0.0,1536.0
2.0,29920.0,1894.0,2085.0,0.0,0.0,0.0,1458.0,627.0,0.0,1894.0
2.0,28026.0,2108.0,2042.0,0.0,0.0,0.0,1384.0,658.0,489.0,1619.0
2.0,25918.0,2685.0,2018.0,0.0,0.0,0.0,1346.0,672.0,1965.0,720.0
2.0,23233.0,3450.0,2044.0,0.0,0.0,0.0,1372.0,672.0,3450.0,0.0
2.0,19783.0,4444.0,2130.0,0.0,0.0,0.0,1458.0,672.0,4444.0,0.0
2.0,15339.0,3967.0,2201.0,0.0,0.0,0.0,1534.0,667.0,3967.0,0.0
2.0,11372.0,2000.0,2222.0,0.0,1738.0,1738.0,1572.0,650.0,2000.0,0.0
2.0,9372.0,0.0,2193.0,0.0,1593.0,1593.0,1572.0,621.0,0.0,0.0
2.0,9372.0,309.0,2162.0,0.0,1747.0,1747.0,1572.0,590.0,0.0,309.0
2.0,9063.0,950.0,2139.0,1738.0,844.0,844.0,1562.0,577.0,0.0,950.0
2.0,9851.0,1592.0,2118.0,1593.0,738.0,738.0,1524.0,594.0,0.0,1592.0
2.0,9852.0,1929.0,2088.0,1747.0,770.0,770.0,1457.0,631.0,0.0,1929.0
2.0,9670.0,2224.0,2045.0,844.0,1935.0,1935.0,1383.0,662.0,595.0,1629.0
2.0,8290.0,2793.0,2023.0,738.0,3880.0,3880.0,1348.0,675.0,2108.0,685.0
2.0,6235.0,3623.0,2055.0,770.0,6893.0,6893.0,1380.0,675.0,3623.0,0.0
2.0,3382.0,4542.0,2143.0,1935.0,9940.0,9940.0,1468.0,675.0,4542.0,0.0
2.0,775.0,3956.0,2213.0,3880.0,10366.0,10366.0,1544.0,669.0,3956.0,0.0
2.0,699.0,1851.0,2230.0,6893.0,5409.0,5409.0,1579.0,651.0,1851.0,0.0
2.0,5741.0,0.0,2199.0,9940.0,0.0,0.0,1579.0,620.0,0.0,0.0
2.0,15681.0,345.0,2169.0,10366.0,0.0,0.0,1579.0,590.0,0.0,345.0
2.0,25702.0,999.0,2145.0,5409.0,0.0,0.0,1567.0,578.0,0.0,999.0
2.0,30112.0,1651.0,2123.0,0.0,0.0,0.0,1526.0,597.0,0.0,1651.0
2.0,28461.0,1958.0,2092.0,0.0,0.0,0.0,1457.0,635.0,0.0,1958.0
2.0,26503.0,2272.0,2048.0,0.0,0.0,0.0,1382.0,666.0,655.0,1617.0
2.0,24231.0,2798.0,2027.0,0.0,0.0,0.0,1349.0,678.0,2179.0,619.0
2.0,21433.0,3713.0,2065.0,0.0,0.0,0.0,1387.0,678.0,3713.0,0.0
2.0,17720.0,4582.0,2153.0,0.0,0.0,0.0,1475.0,678.0,4582.0,0.0
2.0,13138.0,3929.0,2222.0,0.0,1901.0,1901.0,1551.0,671.0,3929.0,0.0
2.0,9209.0,1739.0,2237.0,0.0,3715.0,3715.0,1584.0,653.0,1739.0,0.0
2.0,7470.0,0.0,2206.0,0.0,3560.0,3560.0,1584.0,622.0,0.0,0.0
2.0,7470.0,344.0,2176.0,1901.0,1853.0,1853.0,1584.0,592.0,0.0,344.0
2.0,9027.0,993.0,2153.0,3715.0,0.0,0.0,1573.0,580.0,0.0,993.0
2.0,11749.0,1643.0,2132.0,3560.0,0.0,0.0,1533.0,599.0,0.0,1643.0
2.0,13666.0,1951.0,2101.0,1853.0,0.0,0.0,1464.0,637.0,0.0,1951.0
2.0,13568.0,2196.0,2057.0,0.0,0.0,0.0,1389.0,668.0,592.0,1604.0
2.0,11372.0,2700.0,2034.0,0.0,1498.0,1498.0,1355.0,679.0,2095.0,605.0
2.0,8672.0,3600.0,2068.0,0.0,5268.0,5268.0,1389.0,679.0,3600.0,0.0
2.0,5072.0,4517.0,2155.0,0.0,10220.0,10220.0,1476.0,679.0,4517.0,0.0
2.0,555.0,3933.0,2226.0,1498.0,11130.0,11130.0,1552.0,674.0,3933.0,0.0
2.0,0.0,1829.0,2243.0,5268.0,9656.0,9656.0,1587.0,656.0,1829.0,0.0
2.0,1559.0,0.0,2213.0,10220.0,0.0,0.0,1587.0,626.0,0.0,0.0
2.0,11779.0,307.0,2182.0,11130.0,0.0,0.0,1587.0,595.0,0.0,307.0
2.0,22602.0,948.0,2161.0,9656.0,0.0,0.0,1578.0,583.0,0.0,948.0
2.0,31310.0,1593.0,2140.0,0.0,0.0,0.0,1540.0,600.0,0.0,1593.0
2.0,29717.0,1924.0,2111.0,0.0,0.0,0.0,1474.0,637.0,0.0,1924.0
2.0,27793.0,2144.0,2067.0,0.0,0.0,0.0,1399.0,668.0,529.0,1615.0
2.0,25649.0,2686.0,2044.0,0.0,0.0,0.0,1363.0,681.0,2024.0,662.0
2.0,22963.0,3518.0,2074.0,0.0,0.0,0.0,1393.0,681.0,3518.0,0.0
2.0,19445.0,4483.0,2160.0,0.0,0.0,0.0,1479.0,681.0,4483.0,0.0
2.0,14962.0,3955.0,2231.0,0.0,148.0,148.0,1555.0,676.0,3955.0,0.0
2.0,11007.0,1927.0,2250.0,0.0,2170.0,2170.0,1592.0,658.0,1927.0,0.0
2.0,9080.0,0.0,2221.0,0.0,2025.0,2025.0,1592.0,629.0,0.0,0.0
2.0,9080.0,301.0,2190.0,148.0,2023.0,2023.0,1592.0,598.0,0.0,301.0
2.0,8927.0,949.0,2168.0,2170.0,692.0,692.0,1583.0,585.0,0.0,949.0
2.0,10148.0,1590.0,2147.0,2025.0,152.0,152.0,1545.0,602.0,0.0,1590.0
2.0,10583.0,1931.0,2118.0,2023.0,0.0,0.0,1479.0,639.0,0.0,1931.0
2.0,10675.0,2191.0,2075.0,692.0,1199.0,1199.0,1404.0,671.0,564.0,1627.0
2.0,9176.0,2758.0,2052.0,152.0,3690.0,3690.0,1368.0,684.0,2074.0,684.0
2.0,6570.0,3587.0,2082.0,0.0,7427.0,7427.0,1398.0,684.0,3587.0,0.0
2.0,2983.0,4537.0,2169.0,1199.0,10845.0,10845.0,1485.0,684.0,4537.0,0.0
2.0,0.0,3983.0,2240.0,3690.0,11200.0,11200.0,1562.0,678.0,3983.0,0.0
2.0,0.0,1916.0,2259.0,7427.0,6432.0,6432.0,1599.0,660.0,1916.0,0.0
2.0,4863.0,0.0,2228.0,10845.0,0.0,0.0,1599.0,629.0,0.0,0.0
2.0,15708.0,350.0,2198.0,11200.0,0.0,0.0,1599.0,599.0,0.0,350.0
2.0,26558.0,1010.0,2174.0,6432.0,0.0,0.0,1587.0,587.0,0.0,1010.0
2.0,31980.0,1666.0,2153.0,0.0,0.0,0.0,1547.0,606.0,0.0,1666.0
2.0,30314.0,1975.0,2120.0,0.0,0.0,0.0,1477.0,643.0,0.0,1975.0
2.0,28339.0,2307.0,2078.0,0.0,0.0,0.0,1403.0,675.0,683.0,1624.0
2.0,26032.0,2842.0,2057.0,0.0,0.0,0.0,1370.0,687.0,2224.0,618.0
2.0,23190.0,3773.0,2094.0,0.0,0.0,0.0,1407.0,687.0,3773.0,0.0
2.0,19417.0,4636.0,2183.0,0.0,0.0,0.0,1496.0,687.0,4636.0,0.0
2.0,14781.0,3960.0,2252.0,0.0,439.0,439.0,1572.0,680.0,3960.0,0.0
2.0,10821.0,1734.0,2266.0,0.0,2243.0,2243.0,1605.0,661.0,1734.0,0.0
2.0,9087.0,0.0,2234.0,0.0,2083.0,2083.0,1605.0,629.0,0.0,0.0
2.0,9087.0,387.0,2204.0,439.0,1881.0,1881.0,1605.0,599.0,0.0,387.0
2.0,9139.0,1051.0,2181.0,2243.0,574.0,574.0,1593.0,588.0,0.0,1051.0
2.0,10331.0,1714.0,2160.0,2083.0,100.0,100.0,1551.0,609.0,0.0,1714.0
2.0,10700.0,1989.0,2126.0,1881.0,38.0,38.0,1479.0,647.0,0.0,1989.0
2.0,10592.0,2314.0,2083.0,574.0,1563.0,1563.0,1405.0,678.0,712.0,1602.0
2.0,8852.0,2815.0,2062.0,100.0,4173.0,4173.0,1373.0,689.0,2259.0,556.0
2.0,6137.0,3806.0,2101.0,38.0,8136.0,8136.0,1412.0,689.0,3806.0,0.0
2.0,2369.0,4638.0,2191.0,1563.0,10955.0,10955.0,1502.0,689.0,4638.0,0.0
2.0,0.0,3926.0,2259.0,4173.0,11295.0,11295.0,1577.0,682.0,3926.0,0.0
2.0,0.0,1661.0,2272.0,8136.0,5344.0,5344.0,1609.0,663.0,1661.0,0.0
2.0,6016.0,0.0,2240.0,10955.0,0.0,0.0,1609.0,631.0,0.0,0.0
2.0,16971.0,373.0,2210.0,11295.0,0.0,0.0,1609.0,601.0,0.0,373.0
2.0,27893.0,1030.0,2188.0,5344.0,0.0,0.0,1598.0,590.0,0.0,1030.0
2.0,32207.0,1687.0,2168.0,0.0,0.0,0.0,1557.0,611.0,0.0,1687.0
2.0,30520.0,1970.0,2137.0,0.0,0.0,0.0,1488.0,649.0,0.0,1970.0
2.0,28550.0,2249.0,2093.0,0.0,0.0,0.0,1414.0,679.0,650.0,1599.0
2.0,26301.0,2739.0,2070.0,0.0,0.0,0.0,1380.0,690.0,2174.0,565.0
2.0,23562.0,3704.0,2106.0,0.0,0.0,0.0,1416.0,690.0,3704.0,0.0
2.0,19858.0,4575.0,2194.0,0.0,0.0,0.0,1504.0,690.0,4575.0,0.0
2.0,15283.0,3920.0,2263.0,0.0,0.0,0.0,1579.0,684.0,3920.0,0.0
2.0,11363.0,1734.0,2279.0,0.0,1766.0,1766.0,1613.0,666.0,1734.0,0.0
2.0,9629.0,0.0,2249.0,0.0,1616.0,1616.0,1613.0,636.0,0.0,0.0
2.0,9629.0,340.0,2218.0,0.0,1801.0,1801.0,1613.0,605.0,0.0,340.0
2.0,9289.0,990.0,2196.0,1766.0,915.0,915.0,1603.0,593.0,0.0,990.0
2.0,10065.0,1640.0,2176.0,1616.0,839.0,839.0,1564.0,612.0,0.0,1640.0
2.0,10041.0,1953.0,2145.0,1801.0,836.0,836.0,1496.0,649.0,0.0,1953.0
2.0,9889.0,2229.0,2102.0,915.0,1935.0,1935.0,1422.0,680.0,616.0,1613.0
2.0,8575.0,2752.0,2079.0,839.0,3733.0,3733.0,1387.0,692.0,2130.0,622.0
2.0,6662.0,3648.0,2112.0,836.0,6710.0,6710.0,1420.0,692.0,3648.0,0.0
2.0,3850.0,4552.0,2199.0,1935.0,9762.0,9762.0,1507.0,692.0,4552.0,0.0
2.0,1233.0,3940.0,2270.0,3733.0,10324.0,10324.0,1583.0,687.0,3940.0,0.0
2.0,1026.0,1813.0,2286.0,6710.0,5507.0,5507.0,1618.0,668.0,1813.0,0.0
2.0,5923.0,0.0,2256.0,9762.0,0.0,0.0,1618.0,638.0,0.0,0.0
2.0,15685.0,345.0,2225.0,10324.0,0.0,0.0,1618.0,607.0,0.0,345.0
2.0,25664.0,1000.0,2202.0,5507.0,0.0,0.0,1607.0,595.0,0.0,1000.0
2.0,30171.0,1661.0,2181.0,0.0,0.0,0.0,1567.0,614.0,0.0,1661.0
2.0,28510.0,1974.0,2150.0,0.0,0.0,0.0,1498.0,652.0,0.0,1974.0
2.0,26536.0,2337.0,2107.0,0.0,0.0,0.0,1424.0,683.0,705.0,1632.0
2.0,24199.0,2886.0,2087.0,0.0,0.0,0.0,1391.0,696.0,2254.0,632.0
2.0,21313.0,3797.0,2123.0,0.0,0.0,0.0,1427.0,696.0,3797.0,0.0
2.0,17516.0,4639.0,2213.0,0.0,0.0,0.0,1517.0,696.0,4639.0,0.0
2.0,12877.0,3938.0,2281.0,0.0,2466.0,2466.0,1592.0,689.0,3938.0,0.0
2.0,8939.0,1698.0,2294.0,0.0,4229.0,4229.0,1625.0,669.0,1698.0,0.0
2.0,7241.0,0.0,2262.0,0.0,4069.0,4069.0,1625.0,637.0,0.0,0.0
2.0,7241.0,392.0,2232.0,2466.0,1845.0,1845.0,1625.0,607.0,0.0,392.0
2.0,9315.0,1065.0,2208.0,4229.0,0.0,0.0,1612.0,596.0,0.0,1065.0
2.0,12479.0,1735.0,2187.0,4069.0,0.0,0.0,1569.0,618.0,0.0,1735.0
2.0,14813.0,2014.0,2153.0,1845.0,0.0,0.0,1497.0,656.0,0.0,2014.0
2.0,14644.0,2446.0,2111.0,0.0,0.0,0.0,1423.0,688.0,824.0,1622.0
2.0,12198.0,2957.0,2091.0,0.0,1214.0,1214.0,1393.0,698.0,2398.0,559.0
2.0,9241.0,3973.0,2134.0,0.0,5402.0,5402.0,1436.0,698.0,3973.0,0.0
2.0,5268.0,4729.0,2225.0,0.0,10586.0,10586.0,1527.0,698.0,4729.0,0.0
2.0,539.0,3907.0,2293.0,1214.0,11465.0,11465.0,1602.0,691.0,3907.0,0.0
2.0,0.0,1511.0,2302.0,5402.0,9773.0,9773.0,1631.0,671.0,1511.0,0.0
2.0,1737.0,0.0,2269.0,10586.0,0.0,0.0,1631.0,638.0,0.0,0.0
2.0,12323.0,422.0,2239.0,11465.0,0.0,0.0,1631.0,608.0,0.0,422.0
2.0,23366.0,1096.0,2216.0,9773.0,0.0,0.0,1618.0,598.0,0.0,1096.0
2.0,32043.0,1771.0,2195.0,0.0,0.0,0.0,1574.0,621.0,0.0,1771.0
2.0,30272.0,2022.0,2161.0,0.0,0.0,0.0,1501.0,660.0,0.0,2022.0
2.0,28250.0,2424.0,2119.0,0.0,0.0,0.0,1428.0,691.0,820.0,1604.0
2.0,25826.0,2890.0,2099.0,0.0,0.0,0.0,1398.0,701.0,2386.0,504.0
2.0,22936.0,3958.0,2143.0,0.0,0.0,0.0,1442.0,701.0,3958.0,0.0
2.0,18978.0,4697.0,2233.0,0.0,0.0,0.0,1532.0,701.0,4697.0,0.0
2.0,14281.0,3875.0,2300.0,0.0,1094.0,1094.0,1607.0,693.0,3875.0,0.0
2.0,10406.0,1475.0,2309.0,0.0,2614.0,2614.0,1635.0,674.0,1475.0,0.0
2.0,8931.0,0.0,2276.0,0.0,2449.0,2449.0,1635.0,641.0,0.0,0.0
2.0,8931.0,385.0,2246.0,1094.0,1590.0,1590.0,1635.0,611.0,0.0,385.0
2.0,9640.0,1049.0,2223.0,2614.0,0.0,0.0,1623.0,600.0,0.0,1049.0
2.0,11205.0,1711.0,2203.0,2449.0,0.0,0.0,1581.0,622.0,0.0,1711.0
2.0,11943.0,1988.0,2170.0,1590.0,0.0,0.0,1510.0,660.0,0.0,1988.0
2.0,11545.0,2342.0,2127.0,0.0,1432.0,1432.0,1436.0,691.0,737.0,1605.0
2.0,9203.0,2836.0,2107.0,0.0,4168.0,4168.0,1405.0,702.0,2281.0,555.0
2.0,6367.0,3826.0,2147.0,0.0,8194.0,8194.0,1445.0,702.0,3826.0,0.0
2.0,2541.0,4630.0,2236.0,1432.0,11180.0,11180.0,1534.0,702.0,4630.0,0.0
2.0,0.0,3892.0,2304.0,4168.0,11520.0,11520.0,1609.0,695.0,3892.0,0.0
2.0,0.0,1605.0,2316.0,8194.0,5372.0,5372.0,1640.0,676.0,1605.0,0.0
2.0,6208.0,0.0,2285.0,11180.0,0.0,0.0,1640.0,645.0,0.0,0.0
2.0,17388.0,368.0,2254.0,11520.0,0.0,0.0,1640.0,614.0,0.0,368.0
2.0,28540.0,1028.0,2231.0,5372.0,0.0,0.0,1628.0,603.0,0.0,1028.0
2.0,32884.0,1688.0,2211.0,0.0,0.0,0.0,1587.0,624.0,0.0,1688.0
2.0,31196.0,1984.0,2179.0,0.0,0.0,0.0,1517.0,662.0,0.0,1984.0
2.0,29212.0,2345.0,2136.0,0.0,0.0,0.0,1443.0,693.0,729.0,1616.0
2.0,26867.0,2861.0,2115.0,0.0,0.0,0.0,1411.0,704.0,2272.0,589.0
2.0,24006.0,3822.0,2154.0,0.0,0.0,0.0,1450.0,704.0,3822.0,0.0
2.0,20184.0,4644.0,2243.0,0.0,0.0,0.0,1539.0,704.0,4644.0,0.0
2.0,15540.0,3930.0,2312.0,0.0,0.0,0.0,1614.0,698.0,3930.0,0.0
2.0,11610.0,1661.0,2324.0,0.0,1671.0,1671.0,1646.0,678.0,1661.0,0.0
2.0,9949.0,0.0,2292.0,0.0,1511.0,1511.0,1646.0,646.0,0.0,0.0
2.0,9949.0,398.0,2262.0,0.0,1759.0,1759.0,1646.0,616.0,0.0,398.0
2.0,9551.0,1068.0,2238.0,1671.0,1036.0,1036.0,1633.0,605.0,0.0,1068.0
2.0,10154.0,1744.0,2217.0,1511.0,1164.0,1164.0,1590.0,627.0,0.0,1744.0
2.0,9921.0,2017.0,2181.0,1759.0,1242.0,1242.0,1516.0,665.0,0.0,2017.0
2.0,9663.0,2453.0,2140.0,1036.0,2454.0,2454.0,1443.0,697.0,830.0,1623.0
2.0,8246.0,2960.0,2121.0,1164.0,4155.0,4155.0,1414.0,707.0,2407.0,553.0
2.0,6450.0,3987.0,2165.0,1242.0,7120.0,7120.0,1458.0,707.0,3987.0,0.0
2.0,3705.0,4744.0,2256.0,2454.0,9865.0,9865.0,1549.0,707.0,4744.0,0.0
2.0,1415.0,3926.0,2325.0,4155.0,9981.0,9981.0,1625.0,700.0,3926.0,0.0
2.0,1644.0,1531.0,2333.0,7120.0,4432.0,4432.0,1654.0,679.0,1531.0,0.0
2.0,7233.0,0.0,2300.0,9865.0,0.0,0.0,1654.0,646.0,0.0,0.0
2.0,17098.0,441.0,2270.0,9981.0,0.0,0.0,1654.0,616.0,0.0,441.0
2.0,26638.0,1126.0,2244.0,4432.0,0.0,0.0,1638.0,606.0,0.0,1126.0
2.0,29944.0,1809.0,2222.0,0.0,0.0,0.0,1592.0,630.0,0.0,1809.0
2.0,28135.0,2052.0,2186.0,0.0,0.0,0.0,1516.0,670.0,0.0,2052.0
2.0,26083.0,2497.0,2142.0,0.0,0.0,0.0,1442.0,700.0,888.0,1609.0
2.0,23586.0,2979.0,2125.0,0.0,0.0,0.0,1415.0,710.0,2492.0,487.0
2.0,20607.0,4093.0,2174.0,0.0,0.0,0.0,1464.0,710.0,4093.0,0.0
2.0,16514.0,4805.0,2267.0,0.0,0.0,0.0,1557.0,710.0,4805.0,0.0
2.0,11709.0,3919.0,2334.0,0.0,3880.0,3880.0,1632.0,702.0,3919.0,0.0
2.0,7790.0,1422.0,2340.0,0.0,5332.0,5332.0,1659.0,681.0,1422.0,0.0
2.0,6368.0,0.0,2306.0,0.0,5162.0,5162.0,1659.0,647.0,0.0,0.0
2.0,6368.0,455.0,2275.0,3880.0,1582.0,1582.0,1659.0,616.0,0.0,455.0
2.0,9793.0,1137.0,2251.0,5332.0,0.0,0.0,1644.0,607.0,0.0,1137.0
2.0,13988.0,1819.0,2231.0,5162.0,0.0,0.0,1598.0,633.0,0.0,1819.0
2.0,17331.0,2045.0,2194.0,1582.0,0.0,0.0,1522.0,672.0,0.0,2045.0
2.0,16868.0,2434.0,2150.0,0.0,0.0,0.0,1447.0,703.0,845.0,1589.0
2.0,14434.0,2896.0,2131.0,0.0,0.0,0.0,1420.0,711.0,2440.0,456.0
2.0,11538.0,4025.0,2180.0,0.0,3387.0,3387.0,1469.0,711.0,4025.0,0.0
2.0,7513.0,4761.0,2271.0,0.0,8603.0,8603.0,1560.0,711.0,4761.0,0.0
2.0,2752.0,3898.0,2339.0,0.0,11695.0,11695.0,1635.0,704.0,3898.0,0.0
2.0,0.0,1456.0,2347.0,3387.0,10950.0,10950.0,1663.0,684.0,1456.0,0.0
2.0,785.0,0.0,2314.0,8603.0,2182.0,2182.0,1663.0,651.0,0.0,0.0
2.0,9388.0,425.0,2284.0,11695.0,0.0,0.0,1663.0,621.0,0.0,425.0
2.0,20658.0,1098.0,2260.0,10950.0,0.0,0.0,1649.0,611.0,0.0,1098.0
2.0,30510.0,1770.0,2239.0,2182.0,0.0,0.0,1605.0,634.0,0.0,1770.0
2.0,30922.0,2021.0,2205.0,0.0,0.0,0.0,1532.0,673.0,0.0,2021.0
2.0,28901.0,2364.0,2162.0,0.0,0.0,0.0,1458.0,704.0,771.0,1593.0
2.0,26537.0,2829.0,2141.0,0.0,0.0,0.0,1428.0,713.0,2336.0,493.0
2.0,23708.0,3906.0,2185.0,0.0,0.0,0.0,1472.0,713.0,3906.0,0.0
2.0,19802.0,4699.0,2275.0,0.0,0.0,0.0,1562.0,713.0,4699.0,0.0
2.0,15103.0,3931.0,2344.0,0.0,548.0,548.0,1638.0,706.0,3931.0,0.0
2.0,11172.0,1586.0,2355.0,0.0,2189.0,2189.0,1668.0,687.0,1586.0,0.0
2.0,9586.0,0.0,2322.0,0.0,2024.0,2024.0,1668.0,654.0,0.0,0.0
2.0,9586.0,413.0,2292.0,548.0,1739.0,1739.0,1668.0,624.0,0.0,413.0
2.0,9721.0,1085.0,2268.0,2189.0,515.0,515.0,1654.0,614.0,0.0,1085.0
2.0,10825.0,1760.0,2247.0,2024.0,146.0,146.0,1611.0,636.0,0.0,1760.0
2.0,11089.0,2018.0,2212.0,1739.0,250.0,250.0,1537.0,675.0,0.0,2018.0
2.0,10810.0,2399.0,2169.0,515.0,1919.0,1919.0,1463.0,706.0,792.0,1607.0
2.0,8926.0,2882.0,2149.0,146.0,4555.0,4555.0,1433.0,716.0,2362.0,520.0
2.0,6190.0,3941.0,2193.0,250.0,8466.0,8466.0,1477.0,716.0,3941.0,0.0
2.0,2499.0,4730.0,2284.0,1919.0,11420.0,11420.0,1568.0,716.0,4730.0,0.0
2.0,0.0,3950.0,2352.0,4555.0,11467.0,11467.0,1644.0,708.0,3950.0,0.0
2.0,293.0,1596.0,2362.0,8466.0,4647.0,4647.0,1674.0,688.0,1596.0,0.0
2.0,7163.0,0.0,2328.0,11420.0,0.0,0.0,1674.0,654.0,0.0,0.0
2.0,18583.0,451.0,2298.0,11467.0,0.0,0.0,1674.0,624.0,0.0,451.0
2.0,29599.0,1137.0,2273.0,4647.0,0.0,0.0,1658.0,615.0,0.0,1137.0
2.0,33109.0,1827.0,2251.0,0.0,0.0,0.0,1612.0,639.0,0.0,1827.0
2.0,31282.0,2064.0,2214.0,0.0,0.0,0.0,1535.0,679.0,0.0,2064.0
2.0,29218.0,2546.0,2172.0,0.0,0.0,0.0,1462.0,710.0,931.0,1615.0
2.0,26672.0,3013.0,2154.0,0.0,0.0,0.0,1435.0,719.0,2537.0,476.0
2.0,23659.0,4155.0,2205.0,0.0,0.0,0.0,1486.0,719.0,4155.0,0.0
2.0,19504.0,4839.0,2298.0,0.0,0.0,0.0,1579.0,719.0,4839.0,0.0
2.0,14665.0,3922.0,2365.0,0.0,1082.0,1082.0,1654.0,711.0,3922.0,0.0
2.0,10743.0,1386.0,2370.0,0.0,2493.0,2493.0,1681.0,689.0,1386.0,0.0
2.0,9357.0,0.0,2335.0,0.0,2318.0,2318.0,1681.0,654.0,0.0,0.0
2.0,9357.0,487.0,2305.0,1082.0,1573.0,1573.0,1681.0,624.0,0.0,487.0
2.0,9952.0,1180.0,2280.0,2493.0,135.0,135.0,1664.0,616.0,0.0,1180.0
2.0,11265.0,1875.0,2259.0,2318.0,0.0,0.0,1616.0,643.0,0.0,1875.0
2.0,11708.0,2082.0,2220.0,1573.0,0.0,0.0,1537.0,683.0,0.0,2082.0
2.0,11199.0,2573.0,2177.0,135.0,2124.0,2124.0,1464.0,713.0,976.0,1597.0
2.0,8761.0,3015.0,2159.0,0.0,5049.0,5049.0,1438.0,721.0,2598.0,417.0
2.0,5746.0,4225.0,2213.0,0.0,9544.0,9544.0,1492.0,721.0,4225.0,0.0
2.0,1521.0,4868.0,2307.0,2124.0,11535.0,11535.0,1586.0,721.0,4868.0,0.0
2.0,0.0,3893.0,2374.0,5049.0,11870.0,11870.0,1661.0,713.0,3893.0,0.0
2.0,0.0,1288.0,2376.0,9544.0,3691.0,3691.0,1685.0,691.0,1288.0,0.0
2.0,8189.0,0.0,2341.0,11535.0,0.0,0.0,1685.0,656.0,0.0,0.0
2.0,19724.0,489.0,2311.0,11870.0,0.0,0.0,1685.0,626.0,0.0,489.0
2.0,31105.0,1179.0,2287.0,3691.0,0.0,0.0,1669.0,618.0,0.0,1179.0
2.0,33617.0,1870.0,2267.0,0.0,0.0,0.0,1622.0,645.0,0.0,1870.0
2.0,31747.0,2068.0,2230.0,0.0,0.0,0.0,1545.0,685.0,0.0,2068.0
2.0,29679.0,2496.0,2186.0,0.0,0.0,0.0,1471.0,715.0,918.0,1578.0
2.0,27183.0,2916.0,2167.0,0.0,0.0,0.0,1444.0,723.0,2518.0,398.0
2.0,24267.0,4121.0,2219.0,0.0,0.0,0.0,1496.0,723.0,4121.0,0.0
2.0,20146.0,4804.0,2311.0,0.0,0.0,0.0,1588.0,723.0,4804.0,0.0
2.0,15342.0,3889.0,2378.0,0.0,437.0,437.0,1663.0,715.0,3889.0,0.0
2.0,11453.0,1363.0,2383.0,0.0,1825.0,1825.0,1689.0,694.0,1363.0,0.0
2.0,10090.0,0.0,2349.0,0.0,1655.0,1655.0,1689.0,660.0,0.0,0.0
2.0,10090.0,459.0,2319.0,437.0,1527.0,1527.0,1689.0,630.0,0.0,459.0
2.0,10068.0,1140.0,2295.0,1825.0,722.0,722.0,1674.0,621.0,0.0,1140.0
2.0,10753.0,1820.0,2275.0,1655.0,787.0,787.0,1629.0,646.0,0.0,1820.0
2.0,10588.0,2040.0,2240.0,1527.0,1125.0,1125.0,1554.0,686.0,0.0,2040.0
2.0,10075.0,2440.0,2196.0,722.0,2623.0,2623.0,1480.0,716.0,854.0,1586.0
2.0,8357.0,2891.0,2177.0,787.0,4632.0,4632.0,1452.0,725.0,2444.0,447.0
2.0,6253.0,4035.0,2224.0,1125.0,7777.0,7777.0,1499.0,725.0,4035.0,0.0
2.0,3343.0,4766.0,2315.0,2623.0,10375.0,10375.0,1590.0,725.0,4766.0,0.0
2.0,1200.0,3917.0,2383.0,4632.0,10000.0,10000.0,1666.0,717.0,3917.0,0.0
2.0,1915.0,1473.0,2390.0,7777.0,3731.0,3731.0,1694.0,696.0,1473.0,0.0
2.0,8219.0,0.0,2356.0,10375.0,0.0,0.0,1694.0,662.0,0.0,0.0
2.0,18594.0,467.0,2326.0,10000.0,0.0,0.0,1694.0,632.0,0.0,467.0
2.0,28127.0,1151.0,2302.0,3731.0,0.0,0.0,1679.0,623.0,0.0,1151.0
2.0,30707.0,1835.0,2282.0,0.0,0.0,0.0,1633.0,649.0,0.0,1835.0
2.0,28872.0,2059.0,2246.0,0.0,0.0,0.0,1558.0,688.0,0.0,2059.0
2.0,26813.0,2509.0,2203.0,0.0,0.0,0.0,1484.0,719.0,915.0,1594.0
2.0,24304.0,2977.0,2185.0,0.0,0.0,0.0,1457.0,728.0,2529.0,448.0
2.0,21327.0,4141.0,2234.0,0.0,0.0,0.0,1506.0,728.0,4141.0,0.0
2.0,17186.0,4847.0,2327.0,0.0,0.0,0.0,1599.0,728.0,4847.0,0.0
2.0,12339.0,3937.0,2394.0,0.0,3568.0,3568.0,1675.0,719.0,3937.0,0.0
2.0,8402.0,1421.0,2399.0,0.0,5014.0,5014.0,1702.0,697.0,1421.0,0.0
2.0,6981.0,0.0,2364.0,0.0,4839.0,4839.0,1702.0,662.0,0.0,0.0
2.0,6981.0,515.0,2334.0,3568.0,1636.0,1636.0,1702.0,632.0,0.0,515.0
2.0,10034.0,1212.0,2308.0,5014.0,0.0,0.0,1684.0,624.0,0.0,1212.0
2.0,13836.0,1914.0,2287.0,4839.0,0.0,0.0,1635.0,652.0,0.0,1914.0
2.0,16761.0,2100.0,2248.0,1636.0,0.0,0.0,1556.0,692.0,0.0,2100.0
2.0,16297.0,2593.0,2205.0,0.0,0.0,0.0,1482.0,723.0,1004.0,1589.0
2.0,13704.0,3025.0,2187.0,0.0,256.0,256.0,1457.0,730.0,2648.0,377.0
2.0,10679.0,4293.0,2243.0,0.0,4829.0,4829.0,1513.0,730.0,4293.0,0.0
2.0,6386.0,4937.0,2338.0,0.0,10241.0,10241.0,1608.0,730.0,4937.0,0.0
2.0,1449.0,3934.0,2405.0,256.0,12025.0,12025.0,1684.0,721.0,3934.0,0.0
2.0,0.0,1281.0,2406.0,4829.0,10711.0,10711.0,1708.0,698.0,1281.0,0.0
2.0,1319.0,0.0,2370.0,10241.0,290.0,290.0,1708.0,662.0,0.0,0.0
2.0,11560.0,544.0,2341.0,12025.0,0.0,0.0,1708.0,633.0,0.0,544.0
2.0,23041.0,1255.0,2316.0,10711.0,0.0,0.0,1690.0,626.0,0.0,1255.0
2.0,32497.0,1960.0,2296.0,290.0,0.0,0.0,1640.0,656.0,0.0,1960.0
2.0,30827.0,2121.0,2254.0,0.0,0.0,0.0,1558.0,696.0,0.0,2121.0
2.0,28706.0,2588.0,2211.0,0.0,0.0,0.0,1484.0,727.0,1018.0,1570.0
2.0,26118.0,2985.0,2194.0,0.0,0.0,0.0,1461.0,733.0,2670.0,315.0
2.0,23133.0,4311.0,2252.0,0.0,0.0,0.0,1519.0,733.0,4311.0,0.0
2.0,18822.0,4941.0,2347.0,0.0,0.0,0.0,1614.0,733.0,4941.0,0.0
2.0,13881.0,3911.0,2412.0,0.0,2090.0,2090.0,1689.0,723.0,3911.0,0.0
2.0,9970.0,1236.0,2414.0,0.0,3336.0,3336.0,1713.0,701.0,1236.0,0.0
2.0,8734.0,0.0,2378.0,0.0,3156.0,3156.0,1713.0,665.0,0.0,0.0
2.0,8734.0,525.0,2348.0,2090.0,1441.0,1441.0,1713.0,635.0,0.0,525.0
2.0,10299.0,1222.0,2323.0,3336.0,0.0,0.0,1695.0,628.0,0.0,1222.0
2.0,12413.0,1919.0,2304.0,3156.0,0.0,0.0,1647.0,657.0,0.0,1919.0
2.0,13650.0,2090.0,2266.0,1441.0,0.0,0.0,1568.0,698.0,0.0,2090.0
2.0,13001.0,2487.0,2221.0,0.0,591.0,591.0,1493.0,728.0,922.0,1565.0
2.0,10514.0,2891.0,2201.0,0.0,3382.0,3382.0,1467.0,734.0,2546.0,345.0
2.0,7623.0,4165.0,2255.0,0.0,7817.0,7817.0,1521.0,734.0,4165.0,0.0
2.0,3458.0,4865.0,2349.0,591.0,11745.0,11745.0,1615.0,734.0,4865.0,0.0
2.0,0.0,3931.0,2415.0,3382.0,12075.0,12075.0,1690.0,725.0,3931.0,0.0
2.0,0.0,1388.0,2421.0,7817.0,7041.0,7041.0,1717.0,704.0,1388.0,0.0
2.0,5064.0,0.0,2386.0,11745.0,0.0,0.0,1717.0,669.0,0.0,0.0
2.0,16809.0,501.0,2356.0,12075.0,0.0,0.0,1717.0,639.0,0.0,501.0
2.0,28383.0,1192.0,2331.0,7041.0,0.0,0.0,1700.0,631.0,0.0,1192.0
2.0,34232.0,1882.0,2313.0,0.0,0.0,0.0,1654.0,659.0,0.0,1882.0
2.0,32350.0,2072.0,2275.0,0.0,0.0,0.0,1576.0,699.0,0.0,2072.0
2.0,30278.0,2471.0,2230.0,0.0,0.0,0.0,1501.0,729.0,894.0,1577.0
2.0,27807.0,2899.0,2211.0,0.0,0.0,0.0,1474.0,737.0,2511.0,388.0
2.0,24908.0,4131.0,2263.0,0.0,0.0,0.0,1526.0,737.0,4131.0,0.0
2.0,20777.0,4853.0,2356.0,0.0,0.0,0.0,1619.0,737.0,4853.0,0.0
2.0,15924.0,3967.0,2423.0,0.0,158.0,158.0,1695.0,728.0,3967.0,0.0
2.0,11957.0,1456.0,2429.0,0.0,1644.0,1644.0,1723.0,706.0,1456.0,0.0
2.0,10501.0,0.0,2393.0,0.0,1464.0,1464.0,1723.0,670.0,0.0,0.0
2.0,10501.0,519.0,2364.0,158.0,1680.0,1680.0,1723.0,641.0,0.0,519.0
2.0,10140.0,1216.0,2339.0,1644.0,1127.0,1127.0,1706.0,633.0,0.0,1216.0
2.0,10568.0,1913.0,2319.0,1464.0,1476.0,1476.0,1657.0,662.0,0.0,1913.0
2.0,10119.0,2097.0,2279.0,1680.0,1693.0,1693.0,1577.0,702.0,0.0,2097.0
2.0,9702.0,2554.0,2235.0,1127.0,2900.0,2900.0,1503.0,732.0,969.0,1585.0
2.0,8275.0,2987.0,2217.0,1476.0,4321.0,4321.0,1477.0,740.0,2611.0,376.0
2.0,6764.0,4261.0,2272.0,1693.0,7164.0,7164.0,1532.0,740.0,4261.0,0.0
2.0,4196.0,4940.0,2367.0,2900.0,9679.0,9679.0,1627.0,740.0,4940.0,0.0
2.0,2156.0,3986.0,2433.0,4321.0,9674.0,9674.0,1703.0,730.0,3986.0,0.0
2.0,2491.0,1378.0,2436.0,7164.0,3903.0,3903.0,1730.0,706.0,1378.0,0.0
2.0,8277.0,0.0,2400.0,9679.0,0.0,0.0,1730.0,670.0,0.0,0.0
2.0,17956.0,569.0,2370.0,9674.0,0.0,0.0,1730.0,640.0,0.0,569.0
2.0,27061.0,1281.0,2345.0,3903.0,0.0,0.0,1711.0,634.0,0.0,1281.0
2.0,29683.0,1998.0,2325.0,0.0,0.0,0.0,1660.0,665.0,0.0,1998.0
2.0,27685.0,2144.0,2284.0,0.0,0.0,0.0,1577.0,707.0,0.0,2144.0
2.0,25541.0,2645.0,2240.0,0.0,0.0,0.0,1503.0,737.0,1066.0,1579.0
2.0,22896.0,3034.0,2223.0,0.0,0.0,0.0,1480.0,743.0,2737.0,297.0
2.0,19862.0,4411.0,2283.0,0.0,0.0,0.0,1540.0,743.0,4411.0,0.0
2.0,15451.0,5015.0,2379.0,0.0,1459.0,1459.0,1636.0,743.0,5015.0,0.0
2.0,10436.0,3954.0,2444.0,0.0,5738.0,5738.0,1712.0,732.0,3954.0,0.0
2.0,6482.0,1216.0,2444.0,0.0,6954.0,6954.0,1736.0,708.0,1216.0,0.0
2.0,5266.0,0.0,2406.0,1459.0,5305.0,5305.0,1736.0,670.0,0.0,0.0
2.0,6725.0,581.0,2377.0,5738.0,3.0,3.0,1736.0,641.0,0.0,581.0
2.0,11882.0,1297.0,2351.0,6954.0,0.0,0.0,1716.0,635.0,0.0,1297.0
2.0,17539.0,2010.0,2333.0,5305.0,0.0,0.0,1665.0,668.0,0.0,2010.0
2.0,20834.0,2141.0,2291.0,3.0,0.0,0.0,1582.0,709.0,0.0,2141.0
2.0,18696.0,2606.0,2246.0,0.0,0.0,0.0,1507.0,739.0,1048.0,1558.0
2.0,16090.0,2971.0,2228.0,0.0,0.0,0.0,1484.0,744.0,2711.0,260.0
2.0,13119.0,4371.0,2288.0,0.0,2692.0,2692.0,1544.0,744.0,4371.0,0.0
2.0,8748.0,4983.0,2384.0,0.0,8155.0,8155.0,1640.0,744.0,4983.0,0.0
2.0,3765.0,3934.0,2450.0,0.0,12250.0,12250.0,1716.0,734.0,3934.0,0.0
2.0,0.0,1223.0,2450.0,2692.0,10950.0,10950.0,1739.0,711.0,1223.0,0.0
2.0,1300.0,0.0,2413.0,8155.0,2610.0,2610.0,1739.0,674.0,0.0,0.0
2.0,9455.0,564.0,2383.0,12250.0,0.0,0.0,1739.0,644.0,0.0,564.0
2.0,21141.0,1269.0,2361.0,10950.0,0.0,0.0,1722.0,639.0,0.0,1269.0
2.0,30822.0,1974.0,2343.0,2610.0,0.0,0.0,1673.0,670.0,0.0,1974.0
2.0,31458.0,2114.0,2303.0,0.0,0.0,0.0,1592.0,711.0,0.0,2114.0
2.0,29344.0,2511.0,2257.0,0.0,0.0,0.0,1517.0,740.0,964.0,1547.0
2.0,26833.0,2887.0,2238.0,0.0,0.0,0.0,1492.0,746.0,2607.0,280.0
2.0,23946.0,4244.0,2293.0,0.0,0.0,0.0,1547.0,746.0,4244.0,0.0
2.0,19702.0,4923.0,2388.0,0.0,0.0,0.0,1642.0,746.0,4923.0,0.0
2.0,14779.0,3957.0,2454.0,0.0,1448.0,1448.0,1718.0,736.0,3957.0,0.0
2.0,10822.0,1351.0,2457.0,0.0,2814.0,2814.0,1744.0,713.0,1351.0,0.0
2.0,9471.0,0.0,2421.0,0.0,2634.0,2634.0,1744.0,677.0,0.0,0.0
2.0,9471.0,553.0,2392.0,1448.0,1594.0,1594.0,1744.0,648.0,0.0,553.0
2.0,10366.0,1253.0,2368.0,2814.0,0.0,0.0,1726.0,642.0,0.0,1253.0
2.0,11927.0,1954.0,2350.0,2634.0,0.0,0.0,1678.0,672.0,0.0,1954.0
2.0,12607.0,2103.0,2311.0,1594.0,0.0,0.0,1599.0,712.0,0.0,2103.0
2.0,12098.0,2508.0,2266.0,0.0,1740.0,1740.0,1524.0,742.0,951.0,1557.0
2.0,9590.0,2905.0,2245.0,0.0,4540.0,4540.0,1497.0,748.0,2598.0,307.0
2.0,6685.0,4243.0,2299.0,0.0,9053.0,9053.0,1551.0,748.0,4243.0,0.0
2.0,2442.0,4947.0,2394.0,1740.0,11970.0,11970.0,1646.0,748.0,4947.0,0.0
2.0,0.0,3996.0,2461.0,4540.0,12305.0,12305.0,1723.0,738.0,3996.0,0.0
2.0,0.0,1405.0,2465.0,9053.0,4898.0,4898.0,1750.0,715.0,1405.0,0.0
2.0,7427.0,0.0,2428.0,11970.0,0.0,0.0,1750.0,678.0,0.0,0.0
2.0,19397.0,592.0,2399.0,12305.0,0.0,0.0,1750.0,649.0,0.0,592.0
2.0,31110.0,1304.0,2375.0,4898.0,0.0,0.0,1731.0,644.0,0.0,1304.0
2.0,34704.0,2016.0,2356.0,0.0,0.0,0.0,1681.0,675.0,0.0,2016.0
2.0,32688.0,2145.0,2315.0,0.0,0.0,0.0,1599.0,716.0,0.0,2145.0
2.0,30543.0,2614.0,2271.0,0.0,0.0,0.0,1525.0,746.0,1056.0,1558.0
2.0,27929.0,2997.0,2251.0,0.0,0.0,0.0,1500.0,751.0,2737.0,260.0
2.0,24932.0,4420.0,2310.0,0.0,0.0,0.0,1559.0,751.0,4420.0,0.0
2.0,20512.0,5049.0,2407.0,0.0,0.0,0.0,1656.0,751.0,5049.0,0.0
2.0,15463.0,4008.0,2473.0,0.0,910.0,910.0,1733.0,740.0,4008.0,0.0
2.0,11455.0,1269.0,2474.0,0.0,2184.0,2184.0,1758.0,716.0,1269.0,0.0
2.0,10186.0,0.0,2435.0,0.0,1989.0,1989.0,1758.0,677.0,0.0,0.0
2.0,10186.0,633.0,2406.0,910.0,1567.0,1567.0,1758.0,648.0,0.0,633.0
2.0,10463.0,1356.0,2381.0,2184.0,614.0,614.0,1737.0,644.0,0.0,1356.0
2.0,11291.0,2085.0,2362.0,1989.0,615.0,615.0,1684.0,678.0,0.0,2085.0
2.0,11195.0,2176.0,2320.0,1567.0,1014.0,1014.0,1600.0,720.0,0.0,2176.0
2.0,10586.0,2634.0,2274.0,614.0,2804.0,2804.0,1524.0,750.0,1090.0,1544.0
2.0,8566.0,2965.0,2255.0,615.0,5059.0,5059.0,1502.0,753.0,2783.0,182.0
2.0,6216.0,4482.0,2317.0,1014.0,8837.0,8837.0,1564.0,753.0,4482.0,0.0
2.0,2748.0,5094.0,2415.0,2804.0,11617.0,11617.0,1662.0,753.0,5094.0,0.0
2.0,458.0,4007.0,2481.0,5059.0,10895.0,10895.0,1739.0,742.0,4007.0,0.0
2.0,1510.0,1227.0,2480.0,8837.0,3280.0,3280.0,1763.0,717.0,1227.0,0.0
2.0,9120.0,0.0,2442.0,11617.0,0.0,0.0,1763.0,679.0,0.0,0.0
2.0,20737.0,643.0,2413.0,10895.0,0.0,0.0,1763.0,650.0,0.0,643.0
2.0,30989.0,1372.0,2389.0,3280.0,0.0,0.0,1743.0,646.0,0.0,1372.0
2.0,32897.0,2095.0,2372.0,0.0,0.0,0.0,1691.0,681.0,0.0,2095.0
2.0,30802.0,2174.0,2330.0,0.0,0.0,0.0,1607.0,723.0,0.0,2174.0
2.0,28628.0,2564.0,2284.0,0.0,0.0,0.0,1531.0,753.0,1041.0,1523.0
2.0,26064.0,2866.0,2263.0,0.0,0.0,0.0,1508.0,755.0,2719.0,147.0
2.0,23198.0,4393.0,2323.0,0.0,0.0,0.0,1568.0,755.0,4393.0,0.0
2.0,18805.0,5030.0,2420.0,0.0,0.0,0.0,1665.0,755.0,5030.0,0.0
2.0,13775.0,3990.0,2487.0,0.0,2650.0,2650.0,1742.0,745.0,3990.0,0.0
2.0,9785.0,1271.0,2486.0,0.0,3916.0,3916.0,1766.0,720.0,1271.0,0.0
2.0,8514.0,0.0,2448.0,0.0,3726.0,3726.0,1766.0,682.0,0.0,0.0
2.0,8514.0,612.0,2419.0,2650.0,1543.0,1543.0,1766.0,653.0,0.0,612.0
2.0,10552.0,1325.0,2397.0,3916.0,0.0,0.0,1748.0,649.0,0.0,1325.0
2.0,13143.0,2037.0,2381.0,3726.0,0.0,0.0,1698.0,683.0,0.0,2037.0
2.0,14832.0,2137.0,2340.0,1543.0,0.0,0.0,1616.0,724.0,0.0,2137.0
2.0,14238.0,2507.0,2293.0,0.0,0.0,0.0,1540.0,753.0,983.0,1524.0
2.0,11731.0,2843.0,2272.0,0.0,2472.0,2472.0,1515.0,757.0,2641.0,202.0
2.0,8888.0,4309.0,2329.0,0.0,7066.0,7066.0,1572.0,757.0,4309.0,0.0
2.0,4579.0,4983.0,2425.0,0.0,12125.0,12125.0,1668.0,757.0,4983.0,0.0
2.0,0.0,4001.0,2491.0,2472.0,12455.0,12455.0,1745.0,746.0,4001.0,0.0
2.0,0.0,1360.0,2493.0,7066.0,8692.0,8692.0,1771.0,722.0,1360.0,0.0
2.0,3773.0,0.0,2456.0,12125.0,0.0,0.0,1771.0,685.0,0.0,0.0
2.0,15898.0,614.0,2427.0,12455.0,0.0,0.0,1771.0,656.0,0.0,614.0
2.0,27739.0,1328.0,2405.0,8692.0,0.0,0.0,1753.0,652.0,0.0,1328.0
2.0,35103.0,2040.0,2388.0,0.0,0.0,0.0,1703.0,685.0,0.0,2040.0
2.0,33063.0,2142.0,2347.0,0.0,0.0,0.0,1621.0,726.0,0.0,2142.0
2.0,30921.0,2564.0,2302.0,0.0,0.0,0.0,1546.0,756.0,1029.0,1535.0
2.0,28357.0,2918.0,2281.0,0.0,0.0,0.0,1521.0,760.0,2705.0,213.0
2.0,25439.0,4388.0,2338.0,0.0,0.0,0.0,1578.0,760.0,4388.0,0.0
2.0,21051.0,5042.0,2435.0,0.0,0.0,0.0,1675.0,760.0,5042.0,0.0
2.0,16009.0,4022.0,2500.0,0.0,513.0,513.0,1752.0,748.0,4022.0,0.0
2.0,11987.0,1322.0,2501.0,0.0,1840.0,1840.0,1778.0,723.0,1322.0,0.0
2.0,10665.0,0.0,2463.0,0.0,1650.0,1650.0,1778.0,685.0,0.0,0.0
2.0,10665.0,660.0,2434.0,513.0,1652.0,1652.0,1778.0,656.0,0.0,660.0
2.0,10518.0,1385.0,2411.0,1840.0,1082.0,1082.0,1758.0,653.0,0.0,1385.0
2.0,10973.0,2113.0,2393.0,1650.0,1455.0,1455.0,1705.0,688.0,0.0,2113.0
2.0,10510.0,2188.0,2350.0,1652.0,1776.0,1776.0,1620.0,730.0,0.0,2188.0
2.0,9974.0,2662.0,2305.0,1082.0,3131.0,3131.0,1545.0,760.0,1130.0,1532.0
2.0,8394.0,2984.0,2285.0,1455.0,4560.0,4560.0,1522.0,763.0,2835.0,149.0
2.0,6865.0,4550.0,2348.0,1776.0,7649.0,7649.0,1585.0,763.0,4550.0,0.0
2.0,4091.0,5130.0,2447.0,3131.0,10143.0,10143.0,1684.0,763.0,5130.0,0.0
2.0,2092.0,4013.0,2512.0,4560.0,9921.0,9921.0,1761.0,751.0,4013.0,0.0
2.0,2639.0,1181.0,2509.0,7649.0,3438.0,3438.0,1784.0,725.0,1181.0,0.0
2.0,9107.0,0.0,2468.0,10143.0,0.0,0.0,1784.0,684.0,0.0,0.0
2.0,19250.0,694.0,2440.0,9921.0,0.0,0.0,1784.0,656.0,0.0,694.0
2.0,28477.0,1430.0,2417.0,3438.0,0.0,0.0,1763.0,654.0,0.0,1430.0
2.0,30485.0,2172.0,2401.0,0.0,0.0,0.0,1709.0,692.0,0.0,2172.0
2.0,28313.0,2216.0,2358.0,0.0,0.0,0.0,1623.0,735.0,0.0,2216.0
2.0,26097.0,2713.0,2312.0,0.0,0.0,0.0,1548.0,764.0,1190.0,1523.0
2.0,23384.0,3001.0,2293.0,0.0,0.0,0.0,1527.0,766.0,2914.0,87.0
2.0,20383.0,4630.0,2358.0,0.0,0.0,0.0,1592.0,766.0,4630.0,0.0
2.0,15753.0,5160.0,2458.0,0.0,1697.0,1697.0,1692.0,766.0,5160.0,0.0
2.0,10593.0,3958.0,2521.0,0.0,5970.0,5970.0,1768.0,753.0,3958.0,0.0
2.0,6635.0,1043.0,2515.0,0.0,6983.0,6983.0,1788.0,727.0,1043.0,0.0
2.0,5592.0,0.0,2475.0,1697.0,5086.0,5086.0,1788.0,687.0,0.0,0.0
2.0,7289.0,671.0,2446.0,5970.0,0.0,0.0,1788.0,658.0,0.0,671.0
2.0,12588.0,1408.0,2423.0,6983.0,0.0,0.0,1768.0,655.0,0.0,1408.0
2.0,18163.0,2138.0,2409.0,5086.0,0.0,0.0,1715.0,694.0,0.0,2138.0
2.0,21111.0,2196.0,2367.0,0.0,0.0,0.0,1631.0,736.0,0.0,2196.0
2.0,18915.0,2646.0,2321.0,0.0,0.0,0.0,1556.0,765.0,1130.0,1516.0
2.0,16269.0,2939.0,2301.0,0.0,0.0,0.0,1534.0,767.0,2833.0,106.0
2.0,13330.0,4523.0,2363.0,0.0,3008.0,3008.0,1596.0,767.0,4523.0,0.0
2.0,8807.0,5091.0,2461.0,0.0,8589.0,8589.0,1694.0,767.0,5091.0,0.0
2.0,3716.0,3951.0,2525.0,0.0,12625.0,12625.0,1770.0,755.0,3951.0,0.0
2.0,0.0,1122.0,2522.0,3008.0,10959.0,10959.0,1792.0,730.0,1122.0,0.0
2.0,1651.0,0.0,2483.0,8589.0,2175.0,2175.0,1792.0,691.0,0.0,0.0
2.0,10240.0,637.0,2454.0,12625.0,0.0,0.0,1792.0,662.0,0.0,637.0
2.0,22228.0,1360.0,2432.0,10959.0,0.0,0.0,1773.0,659.0,0.0,1360.0
2.0,31827.0,2082.0,2417.0,2175.0,0.0,0.0,1722.0,695.0,0.0,2082.0
2.0,31920.0,2167.0,2376.0,0.0,0.0,0.0,1639.0,737.0,0.0,2167.0
2.0,29753.0,2603.0,2330.0,0.0,0.0,0.0,1564.0,766.0,1075.0,1528.0
2.0,27150.0,2941.0,2309.0,0.0,0.0,0.0,1540.0,769.0,2767.0,174.0
2.0,24209.0,4453.0,2369.0,0.0,0.0,0.0,1600.0,769.0,4453.0,0.0
2.0,19756.0,5071.0,2466.0,0.0,0.0,0.0,1697.0,769.0,5071.0,0.0
2.0,14685.0,3991.0,2532.0,0.0,1966.0,1966.0,1774.0,758.0,3991.0,0.0
2.0,10694.0,1234.0,2530.0,0.0,3190.0,3190.0,1798.0,732.0,1234.0,0.0
2.0,9460.0,0.0,2491.0,0.0,2995.0,2995.0,1798.0,693.0,0.0,0.0
2.0,9460.0,653.0,2462.0,1966.0,1537.0,1537.0,1798.0,664.0,0.0,653.0
2.0,10773.0,1380.0,2439.0,3190.0,0.0,0.0,1778.0,661.0,0.0,1380.0
2.0,12583.0,2107.0,2424.0,2995.0,0.0,0.0,1726.0,698.0,0.0,2107.0
2.0,13471.0,2183.0,2382.0,1537.0,0.0,0.0,1642.0,740.0,0.0,2183.0
2.0,12825.0,2671.0,2335.0,0.0,1521.0,1521.0,1566.0,769.0,1134.0,1537.0
2.0,10154.0,3006.0,2316.0,0.0,4432.0,4432.0,1544.0,772.0,2845.0,161.0
2.0,7148.0,4564.0,2378.0,0.0,9306.0,9306.0,1606.0,772.0,4564.0,0.0
2.0,2584.0,5142.0,2477.0,1521.0,12385.0,12385.0,1705.0,772.0,5142.0,0.0
2.0,0.0,4013.0,2541.0,4432.0,12705.0,12705.0,1782.0,759.0,4013.0,0.0
2.0,0.0,1175.0,2538.0,9306.0,5177.0,5177.0,1805.0,733.0,1175.0,0.0
2.0,7513.0,0.0,2497.0,12385.0,0.0,0.0,1805.0,692.0,0.0,0.0
2.0,19898.0,706.0,2469.0,12705.0,0.0,0.0,1805.0,664.0,0.0,706.0
2.0,31897.0,1447.0,2445.0,5177.0,0.0,0.0,1783.0,662.0,0.0,1447.0
2.0,35627.0,2187.0,2430.0,0.0,0.0,0.0,1729.0,701.0,0.0,2187.0
2.0,33440.0,2229.0,2385.0,0.0,0.0,0.0,1641.0,744.0,0.0,2229.0
2.0,31211.0,2765.0,2339.0,0.0,0.0,0.0,1566.0,773.0,1240.0,1525.0
2.0,28446.0,3059.0,2321.0,0.0,0.0,0.0,1546.0,775.0,2977.0,82.0
2.0,25387.0,4722.0,2389.0,0.0,0.0,0.0,1614.0,775.0,4722.0,0.0
2.0,20665.0,5224.0,2490.0,0.0,0.0,0.0,1715.0,775.0,5224.0,0.0
2.0,15441.0,3996.0,2554.0,0.0,1325.0,1325.0,1792.0,762.0,3996.0,0.0
2.0,11445.0,1019.0,2545.0,0.0,2299.0,2299.0,1811.0,734.0,1019.0,0.0
2.0,10426.0,0.0,2503.0,0.0,2089.0,2089.0,1811.0,692.0,0.0,0.0
2.0,10426.0,733.0,2475.0,1325.0,1357.0,1357.0,1811.0,664.0,0.0,733.0
2.0,11018.0,1480.0,2451.0,2299.0,418.0,418.0,1788.0,663.0,0.0,1480.0
2.0,11837.0,2231.0,2436.0,2089.0,485.0,485.0,1732.0,704.0,0.0,2231.0
2.0,11695.0,2244.0,2390.0,1357.0,1142.0,1142.0,1643.0,747.0,0.0,2244.0
2.0,10808.0,2766.0,2344.0,418.0,3260.0,3260.0,1568.0,776.0,1256.0,1510.0
2.0,8460.0,3022.0,2327.0,485.0,5712.0,5712.0,1550.0,777.0,2999.0,23.0
2.0,5923.0,4733.0,2398.0,1142.0,9658.0,9658.0,1621.0,777.0,4733.0,0.0
2.0,2332.0,5212.0,2498.0,3260.0,12110.0,12110.0,1721.0,777.0,5212.0,0.0
2.0,380.0,3952.0,2561.0,5712.0,10665.0,10665.0,1797.0,764.0,3952.0,0.0
2.0,2140.0,952.0,2552.0,9658.0,1914.0,1914.0,1815.0,737.0,952.0,0.0
2.0,10846.0,0.0,2511.0,12110.0,0.0,0.0,1815.0,696.0,0.0,0.0
2.0,22956.0,707.0,2482.0,10665.0,0.0,0.0,1815.0,667.0,0.0,707.0
2.0,32914.0,1450.0,2460.0,1914.0,0.0,0.0,1794.0,666.0,0.0,1450.0
2.0,33378.0,2187.0,2445.0,0.0,0.0,0.0,1739.0,706.0,0.0,2187.0
2.0,31191.0,2218.0,2401.0,0.0,0.0,0.0,1652.0,749.0,0.0,2218.0
2.0,28973.0,2702.0,2355.0,0.0,0.0,0.0,1577.0,778.0,1198.0,1504.0
2.0,26271.0,2970.0,2336.0,0.0,0.0,0.0,1557.0,779.0,2918.0,52.0
2.0,23301.0,4630.0,2404.0,0.0,0.0,0.0,1625.0,779.0,4630.0,0.0
2.0,18671.0,5151.0,2503.0,0.0,0.0,0.0,1724.0,779.0,5151.0,0.0
2.0,13520.0,3941.0,2566.0,0.0,3251.0,3251.0,1800.0,766.0,3941.0,0.0
2.0,9579.0,1024.0,2559.0,0.0,4240.0,4240.0,1819.0,740.0,1024.0,0.0
2.0,8555.0,0.0,2519.0,0.0,4040.0,4040.0,1819.0,700.0,0.0,0.0
2.0,8555.0,685.0,2491.0,3251.0,1334.0,1334.0,1819.0,672.0,0.0,685.0
2.0,11121.0,1418.0,2468.0,4240.0,0.0,0.0,1799.0,669.0,0.0,1418.0
2.0,13943.0,2149.0,2453.0,4040.0,0.0,0.0,1746.0,707.0,0.0,2149.0
2.0,15834.0,2197.0,2410.0,1334.0,0.0,0.0,1660.0,750.0,0.0,2197.0
2.0,14971.0,2707.0,2364.0,0.0,0.0,0.0,1585.0,779.0,1188.0,1519.0
2.0,12264.0,3002.0,2345.0,0.0,2463.0,2463.0,1564.0,781.0,2899.0,103.0
2.0,9262.0,4611.0,2410.0,0.0,7399.0,7399.0,1629.0,781.0,4611.0,0.0
2.0,4651.0,5143.0,2509.0,0.0,12545.0,12545.0,1728.0,781.0,5143.0,0.0
2.0,0.0,3955.0,2572.0,2463.0,12860.0,12860.0,1804.0,768.0,3955.0,0.0
2.0,0.0,1072.0,2567.0,7399.0,8492.0,8492.0,1825.0,742.0,1072.0,0.0
2.0,4343.0,0.0,2526.0,12545.0,0.0,0.0,1825.0,701.0,0.0,0.0
2.0,16888.0,707.0,2498.0,12860.0,0.0,0.0,1825.0,673.0,0.0,707.0
2.0,29041.0,1448.0,2474.0,8492.0,0.0,0.0,1803.0,671.0,0.0,1448.0
2.0,36085.0,2190.0,2458.0,0.0,0.0,0.0,1748.0,710.0,0.0,2190.0
2.0,33895.0,2231.0,2413.0,0.0,0.0,0.0,1660.0,753.0,0.0,2231.0
2.0,31664.0,2837.0,2370.0,0.0,0.0,0.0,1587.0,783.0,1308.0,1529.0
2.0,28827.0,3137.0,2352.0,0.0,0.0,0.0,1568.0,784.0,3051.0,86.0
2.0,25690.0,4798.0,2422.0,0.0,0.0,0.0,1638.0,784.0,4798.0,0.0
2.0,20892.0,5238.0,2523.0,0.0,0.0,0.0,1739.0,784.0,5238.0,0.0
2.0,15654.0,3945.0,2585.0,0.0,1216.0,1216.0,1814.0,771.0,3945.0,0.0
2.0,11709.0,901.0,2575.0,0.0,2067.0,2067.0,1832.0,743.0,901.0,0.0
2.0,10808.0,0.0,2533.0,0.0,1857.0,1857.0,1832.0,701.0,0.0,0.0
2.0,10808.0,748.0,2504.0,1216.0,1244.0,1244.0,1832.0,672.0,0.0,748.0
2.0,11276.0,1504.0,2480.0,2067.0,561.0,561.0,1808.0,672.0,0.0,1504.0
2.0,11839.0,2264.0,2465.0,1857.0,893.0,893.0,1751.0,714.0,0.0,2264.0
2.0,11432.0,2272.0,2417.0,1244.0,1681.0,1681.0,1660.0,757.0,0.0,2272.0
2.0,10404.0,2931.0,2373.0,561.0,3831.0,3831.0,1586.0,787.0,1407.0,1524.0
2.0,8034.0,3199.0,2358.0,893.0,6062.0,6062.0,1571.0,787.0,3181.0,18.0
2.0,5728.0,4952.0,2433.0,1681.0,9708.0,9708.0,1646.0,787.0,4952.0,0.0
2.0,2457.0,5321.0,2536.0,3831.0,11713.0,11713.0,1749.0,787.0,5321.0,0.0
2.0,967.0,3908.0,2597.0,6062.0,9864.0,9864.0,1824.0,773.0,3908.0,0.0
2.0,3121.0,722.0,2583.0,9708.0,808.0,808.0,1838.0,745.0,722.0,0.0
2.0,12107.0,0.0,2540.0,11713.0,0.0,0.0,1838.0,702.0,0.0,0.0
2.0,23820.0,756.0,2511.0,9864.0,0.0,0.0,1838.0,673.0,0.0,756.0
2.0,32928.0,1516.0,2487.0,808.0,0.0,0.0,1814.0,673.0,0.0,1516.0
2.0,32220.0,2273.0,2472.0,0.0,0.0,0.0,1756.0,716.0,0.0,2273.0
2.0,29947.0,2273.0,2425.0,0.0,0.0,0.0,1665.0,760.0,0.0,2273.0
2.0,27674.0,2894.0,2380.0,0.0,0.0,0.0,1591.0,789.0,1383.0,1511.0
2.0,24780.0,3143.0,2365.0,0.0,0.0,0.0,1576.0,789.0,3143.0,0.0
2.0,21637.0,4897.0,2441.0,0.0,0.0,0.0,1652.0,789.0,4897.0,0.0
2.0,16740.0,5269.0,2542.0,0.0,1239.0,1239.0,1753.0,789.0,5269.0,0.0
2.0,11471.0,3876.0,2604.0,0.0,5425.0,5425.0,1828.0,776.0,3876.0,0.0
2.0,7595.0,731.0,2590.0,0.0,6086.0,6086.0,1842.0,748.0,731.0,0.0
2.0,6864.0,0.0,2548.0,1239.0,4637.0,4637.0,1842.0,706.0,0.0,0.0
2.0,8103.0,714.0,2519.0,5425.0,0.0,0.0,1842.0,677.0,0.0,714.0
2.0,12814.0,1461.0,2495.0,6086.0,0.0,0.0,1819.0,676.0,0.0,1461.0
2.0,17439.0,2207.0,2479.0,4637.0,0.0,0.0,1762.0,717.0,0.0,2207.0
2.0,19869.0,2241.0,2433.0,0.0,0.0,0.0,1673.0,760.0,0.0,2241.0
2.0,17628.0,2840.0,2390.0,0.0,0.0,0.0,1600.0,790.0,1317.0,1523.0
2.0,14788.0,3125.0,2374.0,0.0,207.0,207.0,1583.0,791.0,3060.0,65.0
2.0,11663.0,4797.0,2446.0,0.0,5364.0,5364.0,1655.0,791.0,4797.0,0.0
2.0,6866.0,5209.0,2546.0,0.0,11073.0,11073.0,1755.0,791.0,5209.0,0.0
2.0,1657.0,3883.0,2608.0,207.0,13040.0,13040.0,1830.0,778.0,3883.0,0.0
2.0,0.0,824.0,2597.0,5364.0,10464.0,10464.0,1846.0,751.0,824.0,0.0
2.0,2521.0,0.0,2555.0,11073.0,0.0,0.0,1846.0,709.0,0.0,0.0
2.0,13594.0,695.0,2526.0,13040.0,0.0,0.0,1846.0,680.0,0.0,695.0
2.0,25939.0,1439.0,2502.0,10464.0,0.0,0.0,1823.0,679.0,0.0,1439.0
2.0,34964.0,2182.0,2486.0,0.0,0.0,0.0,1767.0,719.0,0.0,2182.0
2.0,32782.0,2230.0,2441.0,0.0,0.0,0.0,1679.0,762.0,0.0,2230.0
2.0,30552.0,2881.0,2397.0,0.0,0.0,0.0,1606.0,791.0,1339.0,1542.0
2.0,27671.0,3192.0,2382.0,0.0,0.0,0.0,1589.0,793.0,3084.0,108.0
2.0,24479.0,4834.0,2454.0,0.0,0.0,0.0,1661.0,793.0,4834.0,0.0
2.0,19645.0,5242.0,2555.0,0.0,0.0,0.0,1762.0,793.0,5242.0,0.0
2.0,14403.0,3906.0,2617.0,0.0,2588.0,2588.0,1837.0,780.0,3906.0,0.0
2.0,10497.0,831.0,2605.0,0.0,3359.0,3359.0,1853.0,752.0,831.0,0.0
2.0,9666.0,0.0,2563.0,0.0,3149.0,3149.0,1853.0,710.0,0.0,0.0
2.0,9666.0,736.0,2534.0,2588.0,1152.0,1152.0,1853.0,681.0,0.0,736.0
2.0,11518.0,1491.0,2508.0,3359.0,0.0,0.0,1828.0,680.0,0.0,1491.0
2.0,13386.0,2247.0,2491.0,3149.0,0.0,0.0,1769.0,722.0,0.0,2247.0
2.0,14288.0,2275.0,2443.0,1152.0,0.0,0.0,1677.0,766.0,0.0,2275.0
2.0,13165.0,2999.0,2399.0,0.0,1829.0,1829.0,1604.0,795.0,1456.0,1543.0
2.0,10166.0,3292.0,2387.0,0.0,5061.0,5061.0,1591.0,796.0,3234.0,58.0
2.0,6874.0,5022.0,2466.0,0.0,10478.0,10478.0,1670.0,796.0,5022.0,0.0
2.0,1852.0,5345.0,2569.0,1829.0,12845.0,12845.0,1773.0,796.0,5345.0,0.0
2.0,0.0,3902.0,2630.0,5061.0,13150.0,13150.0,1848.0,782.0,3902.0,0.0
2.0,0.0,669.0,2613.0,10478.0,3761.0,3761.0,1860.0,753.0,669.0,0.0
2.0,9304.0,11.0,2570.0,12845.0,0.0,0.0,1860.0,710.0,0.0,11.0
2.0,22138.0,777.0,2541.0,13150.0,0.0,0.0,1860.0,681.0,0.0,777.0
2.0,34511.0,1550.0,2515.0,3761.0,0.0,0.0,1833.0,682.0,0.0,1550.0
2.0,36722.0,2307.0,2498.0,0.0,0.0,0.0,1772.0,726.0,0.0,2307.0
2.0,34415.0,2297.0,2447.0,0.0,0.0,0.0,1677.0,770.0,0.0,2297.0
2.0,32118.0,3036.0,2403.0,0.0,0.0,0.0,1604.0,799.0,1519.0,1517.0
2.0,29082.0,3309.0,2391.0,0.0,0.0,0.0,1592.0,799.0,3309.0,0.0
2.0,25773.0,5103.0,2476.0,0.0,0.0,0.0,1677.0,799.0,5103.0,0.0
2.0,20670.0,5370.0,2579.0,0.0,0.0,0.0,1780.0,799.0,5370.0,0.0
2.0,15300.0,3857.0,2638.0,0.0,1747.0,1747.0,1854.0,784.0,3857.0,0.0
2.0,11443.0,539.0,2619.0,0.0,2191.0,2191.0,1864.0,755.0,539.0,0.0
2.0,10904.0,0.0,2576.0,0.0,1976.0,1976.0,1864.0,712.0,0.0,0.0
2.0,10904.0,760.0,2546.0,1747.0,839.0,839.0,1864.0,682.0,0.0,760.0
2.0,11891.0,1522.0,2521.0,2191.0,45.0,45.0,1838.0,683.0,0.0,1522.0
2.0,12560.0,2291.0,2504.0,1976.0,275.0,275.0,1777.0,727.0,0.0,2291.0
2.0,12245.0,2294.0,2454.0,839.0,1480.0,1480.0,1683.0,771.0,0.0,2294.0
2.0,10790.0,3011.0,2410.0,45.0,4226.0,4226.0,1610.0,800.0,1477.0,1534.0
2.0,7824.0,3256.0,2398.0,275.0,7147.0,7147.0,1598.0,800.0,3252.0,4.0
2.0,4843.0,5026.0,2481.0,1480.0,11108.0,11108.0,1681.0,800.0,5026.0,0.0
2.0,1297.0,5315.0,2583.0,4226.0,12707.0,12707.0,1783.0,800.0,5315.0,0.0
2.0,208.0,3828.0,2644.0,7147.0,9693.0,9693.0,1857.0,787.0,3828.0,0.0
2.0,3527.0,576.0,2627.0,11108.0,0.0,0.0,1868.0,759.0,576.0,0.0
2.0,14059.0,0.0,2584.0,12707.0,0.0,0.0,1868.0,716.0,0.0,0.0
2.0,26766.0,718.0,2555.0,9693.0,0.0,0.0,1868.0,687.0,0.0,718.0
2.0,35741.0,1477.0,2528.0,0.0,0.0,0.0,1842.0,686.0,0.0,1477.0
2.0,34264.0,2230.0,2512.0,0.0,0.0,0.0,1784.0,728.0,0.0,2230.0
2.0,32034.0,2265.0,2462.0,0.0,0.0,0.0,1691.0,771.0,0.0,2265.0
2.0,29769.0,2982.0,2420.0,0.0,0.0,0.0,1619.0,801.0,1439.0,1543.0
2.0,26787.0,3260.0,2408.0,0.0,0.0,0.0,1606.0,802.0,3195.0,65.0
2.0,23527.0,4957.0,2487.0,0.0,0.0,0.0,1685.0,802.0,4957.0,0.0
2.0,18570.0,5273.0,2589.0,0.0,0.0,0.0,1787.0,802.0,5273.0,0.0
2.0,13297.0,3835.0,2649.0,0.0,3783.0,3783.0,1860.0,789.0,3835.0,0.0
2.0,9462.0,642.0,2634.0,0.0,4350.0,4350.0,1873.0,761.0,642.0,0.0
2.0,8820.0,0.0,2592.0,0.0,4140.0,4140.0,1873.0,719.0,0.0,0.0
2.0,8820.0,724.0,2563.0,3783.0,936.0,936.0,1873.0,690.0,0.0,724.0
2.0,11879.0,1480.0,2536.0,4350.0,0.0,0.0,1847.0,689.0,0.0,1480.0
2.0,14749.0,2238.0,2518.0,4140.0,0.0,0.0,1788.0,730.0,0.0,2238.0
2.0,16651.0,2272.0,2469.0,936.0,0.0,0.0,1695.0,774.0,0.0,2272.0
2.0,15315.0,3053.0,2426.0,0.0,0.0,0.0,1623.0,803.0,1503.0,1550.0
2.0,12262.0,3353.0,2416.0,0.0,3171.0,3171.0,1611.0,805.0,3276.0,77.0
2.0,8909.0,5061.0,2497.0,0.0,8637.0,8637.0,1692.0,805.0,5061.0,0.0
2.0,3848.0,5338.0,2600.0,0.0,13000.0,13000.0,1795.0,805.0,5338.0,0.0
2.0,0.0,3853.0,2660.0,3171.0,13300.0,13300.0,1869.0,791.0,3853.0,0.0
2.0,0.0,578.0,2642.0,8637.0,7323.0,7323.0,1880.0,762.0,578.0,0.0
2.0,5887.0,5.0,2599.0,13000.0,0.0,0.0,1880.0,719.0,0.0,5.0
2.0,18882.0,774.0,2570.0,13300.0,0.0,0.0,1880.0,690.0,0.0,774.0
2.0,31408.0,1544.0,2542.0,7323.0,0.0,0.0,1852.0,690.0,0.0,1544.0
2.0,37187.0,2310.0,2523.0,0.0,0.0,0.0,1790.0,733.0,0.0,2310.0
2.0,34877.0,2309.0,2471.0,0.0,0.0,0.0,1693.0,778.0,0.0,2309.0
2.0,32568.0,3159.0,2428.0,0.0,0.0,0.0,1621.0,807.0,1616.0,1543.0
2.0,29409.0,3430.0,2420.0,0.0,0.0,0.0,1612.0,808.0,3423.0,7.0
2.0,25979.0,5236.0,2508.0,0.0,0.0,0.0,1700.0,808.0,5236.0,0.0
2.0,20743.0,5434.0,2611.0,0.0,0.0,0.0,1804.0,807.0,5434.0,0.0
2.0,15309.0,3829.0,2670.0,0.0,1870.0,1870.0,1878.0,792.0,3829.0,0.0
2.0,11480.0,409.0,2649.0,0.0,2174.0,2174.0,1886.0,763.0,409.0,0.0
2.0,11071.0,37.0,2605.0,0.0,1991.0,1991.0,1886.0,719.0,0.0,37.0
2.0,11034.0,815.0,2576.0,1870.0,791.0,791.0,1886.0,690.0,0.0,815.0
2.0,12089.0,1593.0,2549.0,2174.0,75.0,75.0,1857.0,692.0,0.0,1593.0
2.0,12670.0,2334.0,2530.0,1991.0,323.0,323.0,1793.0,737.0,0.0,2334.0
2.0,12327.0,2301.0,2476.0,791.0,1563.0,1563.0,1695.0,781.0,0.0,2301.0
2.0,10817.0,3124.0,2433.0,75.0,4397.0,4397.0,1623.0,810.0,1640.0,1484.0
2.0,7768.0,3457.0,2426.0,323.0,7496.0,7496.0,1616.0,810.0,3457.0,0.0
2.0,4634.0,5273.0,2517.0,1563.0,11661.0,11661.0,1707.0,810.0,5273.0,0.0
2.0,924.0,5441.0,2621.0,4397.0,13105.0,13105.0,1811.0,810.0,5441.0,0.0
2.0,0.0,3798.0,2679.0,7496.0,9817.0,9817.0,1884.0,795.0,3798.0,0.0
2.0,3578.0,333.0,2657.0,11661.0,0.0,0.0,1891.0,766.0,333.0,0.0
2.0,14906.0,22.0,2613.0,13105.0,0.0,0.0,1891.0,722.0,0.0,22.0
2.0,27989.0,795.0,2584.0,9817.0,0.0,0.0,1891.0,693.0,0.0,795.0
2.0,37011.0,1567.0,2556.0,0.0,0.0,0.0,1862.0,694.0,0.0,1567.0
2.0,35444.0,2320.0,2538.0,0.0,0.0,0.0,1800.0,738.0,0.0,2320.0
2.0,33124.0,2293.0,2486.0,0.0,0.0,0.0,1703.0,783.0,0.0,2293.0
2.0,30831.0,3070.0,2442.0,0.0,0.0,0.0,1631.0,811.0,1575.0,1495.0
2.0,27761.0,3376.0,2433.0,0.0,0.0,0.0,1622.0,811.0,3376.0,0.0
2.0,24385.0,5167.0,2522.0,0.0,0.0,0.0,1711.0,811.0,5167.0,0.0
2.0,19218.0,5381.0,2625.0,0.0,0.0,0.0,1814.0,811.0,5381.0,0.0
2.0,13837.0,3797.0,2684.0,0.0,3380.0,3380.0,1887.0,797.0,3797.0,0.0
2.0,10040.0,415.0,2664.0,0.0,3695.0,3695.0,1895.0,769.0,415.0,0.0
2.0,9625.0,0.0,2621.0,0.0,3480.0,3480.0,1895.0,726.0,0.0,0.0
2.0,9625.0,752.0,2592.0,3380.0,707.0,707.0,1895.0,697.0,0.0,752.0
2.0,12253.0,1520.0,2565.0,3695.0,0.0,0.0,1868.0,697.0,0.0,1520.0
2.0,14428.0,2282.0,2545.0,3480.0,0.0,0.0,1806.0,739.0,0.0,2282.0
2.0,15626.0,2292.0,2494.0,707.0,0.0,0.0,1711.0,783.0,0.0,2292.0
2.0,14041.0,3063.0,2452.0,0.0,1282.0,1282.0,1639.0,813.0,1527.0,1536.0
2.0,10978.0,3333.0,2442.0,0.0,4565.0,4565.0,1629.0,813.0,3315.0,18.0
2.0,7645.0,5098.0,2527.0,0.0,10088.0,10088.0,1714.0,813.0,5098.0,0.0
2.0,2547.0,5351.0,2630.0,1282.0,13150.0,13150.0,1817.0,813.0,5351.0,0.0
2.0,0.0,3827.0,2690.0,4565.0,13450.0,13450.0,1891.0,799.0,3827.0,0.0
2.0,0.0,518.0,2672.0,10088.0,4574.0,4574.0,1901.0,771.0,518.0,0.0
2.0,8786.0,1.0,2629.0,13150.0,0.0,0.0,1901.0,728.0,0.0,1.0
2.0,21935.0,769.0,2600.0,13450.0,0.0,0.0,1901.0,699.0,0.0,769.0
2.0,34616.0,1544.0,2571.0,4574.0,0.0,0.0,1872.0,699.0,0.0,1544.0
2.0,37646.0,2313.0,2551.0,0.0,0.0,0.0,1809.0,742.0,0.0,2313.0
2.0,35333.0,2318.0,2498.0,0.0,0.0,0.0,1712.0,786.0,0.0,2318.0
2.0,33015.0,3170.0,2456.0,0.0,0.0,0.0,1640.0,816.0,1623.0,1547.0
2.0,29845.0,3442.0,2448.0,0.0,0.0,0.0,1632.0,816.0,3434.0,8.0
2.0,26403.0,5245.0,2538.0,0.0,0.0,0.0,1722.0,816.0,5245.0,0.0
2.0,21158.0,5433.0,2642.0,0.0,0.0,0.0,1826.0,816.0,5433.0,0.0
2.0,15725.0,3823.0,2701.0,0.0,1603.0,1603.0,1900.0,801.0,3823.0,0.0
2.0,11902.0,395.0,2679.0,0.0,1888.0,1888.0,1907.0,772.0,395.0,0.0
2.0,11507.0,29.0,2635.0,0.0,1697.0,1697.0,1907.0,728.0,0.0,29.0
2.0,11478.0,815.0,2606.0,1603.0,764.0,764.0,1907.0,699.0,0.0,815.0
2.0,12266.0,1597.0,2576.0,1888.0,323.0,323.0,1876.0,700.0,0.0,1597.0
2.0,12557.0,2353.0,2556.0,1697.0,879.0,879.0,1811.0,745.0,0.0,2353.0
2.0,11901.0,2323.0,2500.0,764.0,2158.0,2158.0,1710.0,790.0,0.0,2323.0
2.0,10342.0,3230.0,2457.0,323.0,4850.0,4850.0,1638.0,819.0,1720.0,1510.0
2.0,7435.0,3559.0,2452.0,879.0,7505.0,7505.0,1633.0,819.0,3559.0,0.0
2.0,4755.0,5406.0,2548.0,2158.0,11233.0,11233.0,1729.0,819.0,5406.0,0.0
2.0,1507.0,5526.0,2654.0,4850.0,12439.0,12439.0,1836.0,818.0,5526.0,0.0
2.0,831.0,3806.0,2712.0,7505.0,9030.0,9030.0,1909.0,803.0,3806.0,0.0
2.0,4530.0,240.0,2685.0,11233.0,0.0,0.0,1913.0,772.0,240.0,0.0
2.0,15523.0,58.0,2641.0,12439.0,0.0,0.0,1913.0,728.0,0.0,58.0
2.0,27904.0,852.0,2613.0,9030.0,0.0,0.0,1913.0,700.0,0.0,852.0
2.0,36082.0,1640.0,2585.0,0.0,0.0,0.0,1882.0,703.0,0.0,1640.0
2.0,34442.0,2371.0,2564.0,0.0,0.0,0.0,1815.0,749.0,0.0,2371.0
2.0,32071.0,2304.0,2507.0,0.0,0.0,0.0,1714.0,793.0,0.0,2304.0
2.0,29767.0,3170.0,2463.0,0.0,0.0,0.0,1642.0,821.0,1715.0,1455.0
2.0,26597.0,3547.0,2459.0,0.0,0.0,0.0,1638.0,821.0,3547.0,0.0
2.0,23050.0,5383.0,2556.0,0.0,0.0,0.0,1735.0,821.0,5383.0,0.0
2.0,17667.0,5494.0,2661.0,0.0,1132.0,1132.0,1840.0,821.0,5494.0,0.0
2.0,12173.0,3787.0,2718.0,0.0,5204.0,5204.0,1913.0,805.0,3787.0,0.0
2.0,8386.0,235.0,2693.0,0.0,5314.0,5314.0,1918.0,775.0,235.0,0.0
2.0,8151.0,34.0,2649.0,1132.0,3996.0,3996.0,1918.0,731.0,0.0,34.0
2.0,9249.0,815.0,2621.0,5204.0,0.0,0.0,1918.0,703.0,0.0,815.0
2.0,13638.0,1595.0,2592.0,5314.0,0.0,0.0,1887.0,705.0,0.0,1595.0
2.0,17357.0,2339.0,2572.0,3996.0,0.0,0.0,1822.0,750.0,0.0,2339.0
2.0,19014.0,2307.0,2517.0,0.0,0.0,0.0,1723.0,794.0,0.0,2307.0
2.0,16707.0,3133.0,2474.0,0.0,0.0,0.0,1651.0,823.0,1644.0,1489.0
2.0,13574.0,3459.0,2468.0,0.0,2225.0,2225.0,1645.0,823.0,3459.0,0.0
2.0,10115.0,5267.0,2561.0,0.0,7957.0,7957.0,1738.0,823.0,5267.0,0.0
2.0,4848.0,5437.0,2666.0,0.0,13330.0,13330.0,1843.0,823.0,5437.0,0.0
2.0,0.0,3781.0,2723.0,2225.0,13615.0,13615.0,1915.0,808.0,3781.0,0.0
2.0,0.0,315.0,2700.0,7957.0,8003.0,8003.0,1921.0,779.0,315.0,0.0
2.0,5497.0,2.0,2656.0,13330.0,0.0,0.0,1921.0,735.0,0.0,2.0
2.0,18825.0,776.0,2627.0,13615.0,0.0,0.0,1921.0,706.0,0.0,776.0
2.0,31664.0,1551.0,2598.0,8003.0,0.0,0.0,1892.0,706.0,0.0,1551.0
2.0,38116.0,2328.0,2579.0,0.0,0.0,0.0,1828.0,751.0,0.0,2328.0
2.0,35788.0,2329.0,2526.0,0.0,0.0,0.0,1730.0,796.0,0.0,2329.0
2.0,33459.0,3201.0,2484.0,0.0,0.0,0.0,1659.0,825.0,1648.0,1553.0
2.0,30258.0,3463.0,2477.0,0.0,0.0,0.0,1652.0,825.0,3463.0,0.0
2.0,26795.0,5278.0,2569.0,0.0,0.0,0.0,1744.0,825.0,5278.0,0.0
2.0,21517.0,5450.0,2673.0,0.0,0.0,0.0,1848.0,825.0,5450.0,0.0
2.0,16067.0,3803.0,2732.0,0.0,1396.0,1396.0,1921.0,811.0,3803.0,0.0
2.0,12264.0,348.0,2709.0,0.0,1629.0,1629.0,1928.0,781.0,348.0,0.0
2.0,11916.0,16.0,2665.0,0.0,1425.0,1425.0,1928.0,737.0,0.0,16.0
2.0,11900.0,798.0,2636.0,1396.0,682.0,682.0,1928.0,708.0,0.0,798.0
2.0,12498.0,1587.0,2605.0,1629.0,485.0,485.0,1897.0,708.0,0.0,1587.0
2.0,12540.0,2356.0,2585.0,1425.0,1316.0,1316.0,1831.0,754.0,0.0,2356.0
2.0,11609.0,2343.0,2529.0,682.0,2697.0,2697.0,1730.0,799.0,0.0,2343.0
2.0,9948.0,3286.0,2487.0,485.0,5288.0,5288.0,1659.0,828.0,1742.0,1544.0
2.0,7147.0,3584.0,2482.0,1316.0,7531.0,7531.0,1654.0,828.0,3584.0,0.0
2.0,4879.0,5437.0,2579.0,2697.0,10756.0,10756.0,1751.0,828.0,5437.0,0.0
2.0,2139.0,5544.0,2686.0,5288.0,11547.0,11547.0,1858.0,828.0,5544.0,0.0
2.0,1883.0,3816.0,2743.0,7531.0,8117.0,8117.0,1931.0,812.0,3816.0,0.0
2.0,5598.0,230.0,2717.0,10756.0,0.0,0.0,1936.0,781.0,230.0,0.0
2.0,16124.0,64.0,2673.0,11547.0,0.0,0.0,1936.0,737.0,0.0,64.0
2.0,27607.0,861.0,2645.0,8117.0,0.0,0.0,1936.0,709.0,0.0,861.0
2.0,34863.0,1654.0,2615.0,0.0,0.0,0.0,1903.0,712.0,0.0,1654.0
2.0,33209.0,2390.0,2592.0,0.0,0.0,0.0,1834.0,758.0,0.0,2390.0
2.0,30819.0,2327.0,2533.0,0.0,0.0,0.0,1730.0,803.0,0.0,2327.0
2.0,28492.0,3294.0,2490.0,0.0,0.0,0.0,1659.0,831.0,1816.0,1478.0
2.0,25198.0,3685.0,2488.0,0.0,0.0,0.0,1657.0,831.0,3685.0,0.0
2.0,21513.0,5550.0,2590.0,0.0,0.0,0.0,1759.0,831.0,5550.0,0.0
2.0,15963.0,5596.0,2696.0,0.0,3113.0,3113.0,1866.0,830.0,5596.0,0.0
2.0,10367.0,3780.0,2753.0,0.0,7178.0,7178.0,1939.0,814.0,3780.0,0.0
2.0,6587.0,97.0,2723.0,0.0,7125.0,7125.0,1941.0,782.0,97.0,0.0
2.0,6490.0,82.0,2679.0,3113.0,3874.0,3874.0,1941.0,738.0,0.0,82.0
2.0,9521.0,881.0,2652.0,7178.0,0.0,0.0,1941.0,711.0,0.0,881.0
2.0,15818.0,1678.0,2623.0,7125.0,0.0,0.0,1908.0,715.0,0.0,1678.0
2.0,21265.0,2397.0,2601.0,3874.0,0.0,0.0,1840.0,761.0,0.0,2397.0
2.0,22742.0,2311.0,2541.0,0.0,0.0,0.0,1736.0,805.0,0.0,2311.0
2.0,20431.0,3232.0,2498.0,0.0,0.0,0.0,1665.0,833.0,1804.0,1428.0
2.0,17199.0,3656.0,2496.0,0.0,0.0,0.0,1663.0,833.0,3656.0,0.0
2.0,13543.0,5506.0,2597.0,0.0,4948.0,4948.0,1764.0,833.0,5506.0,0.0
2.0,8037.0,5554.0,2703.0,0.0,11032.0,11032.0,1871.0,832.0,5554.0,0.0
2.0,2483.0,3744.0,2760.0,0.0,13800.0,13800.0,1943.0,817.0,3744.0,0.0
2.0,0.0,86.0,2731.0,4948.0,10054.0,10054.0,1945.0,786.0,86.0,0.0
2.0,3601.0,43.0,2687.0,11032.0,0.0,0.0,1945.0,742.0,0.0,43.0
2.0,14590.0,829.0,2658.0,13800.0,0.0,0.0,1945.0,713.0,0.0,829.0
2.0,27561.0,1614.0,2629.0,10054.0,0.0,0.0,1913.0,716.0,0.0,1614.0
2.0,36001.0,2362.0,2607.0,0.0,0.0,0.0,1846.0,761.0,0.0,2362.0
2.0,33639.0,2318.0,2551.0,0.0,0.0,0.0,1745.0,806.0,0.0,2318.0
2.0,31321.0,3210.0,2508.0,0.0,0.0,0.0,1674.0,834.0,1721.0,1489.0
2.0,28111.0,3557.0,2503.0,0.0,0.0,0.0,1669.0,834.0,3557.0,0.0
2.0,24554.0,5385.0,2601.0,0.0,0.0,0.0,1767.0,834.0,5385.0,0.0
2.0,19169.0,5498.0,2707.0,0.0,0.0,0.0,1873.0,834.0,5498.0,0.0
2.0,13671.0,3777.0,2764.0,0.0,3926.0,3926.0,1945.0,819.0,3777.0,0.0
2.0,9894.0,225.0,2740.0,0.0,4031.0,4031.0,1950.0,790.0,225.0,0.0
2.0,9669.0,31.0,2695.0,0.0,3837.0,3837.0,1950.0,745.0,0.0,31.0
2.0,9638.0,817.0,2666.0,3926.0,583.0,583.0,1950.0,716.0,0.0,817.0
2.0,12747.0,1608.0,2635.0,4031.0,0.0,0.0,1918.0,717.0,0.0,1608.0
2.0,15170.0,2362.0,2614.0,3837.0,0.0,0.0,1851.0,763.0,0.0,2362.0
2.0,16645.0,2331.0,2558.0,583.0,0.0,0.0,1750.0,808.0,0.0,2331.0
2.0,14897.0,3256.0,2516.0,0.0,939.0,939.0,1679.0,837.0,1744.0,1512.0
2.0,11641.0,3590.0,2511.0,0.0,4504.0,4504.0,1674.0,837.0,3590.0,0.0
2.0,8051.0,5429.0,2609.0,0.0,10423.0,10423.0,1772.0,837.0,5429.0,0.0
2.0,2622.0,5536.0,2715.0,939.0,13575.0,13575.0,1879.0,836.0,5536.0,0.0
2.0,0.0,3794.0,2773.0,4504.0,13865.0,13865.0,1952.0,821.0,3794.0,0.0
2.0,0.0,226.0,2747.0,10423.0,4803.0,4803.0,1956.0,791.0,226.0,0.0
2.0,8932.0,61.0,2702.0,13575.0,0.0,0.0,1956.0,746.0,0.0,61.0
2.0,22446.0,864.0,2674.0,13865.0,0.0,0.0,1956.0,718.0,0.0,864.0
2.0,35447.0,1660.0,2642.0,4803.0,0.0,0.0,1922.0,720.0,0.0,1660.0
2.0,38590.0,2399.0,2620.0,0.0,0.0,0.0,1854.0,766.0,0.0,2399.0
2.0,36191.0,2336.0,2560.0,0.0,0.0,0.0,1749.0,811.0,0.0,2336.0
2.0,33855.0,3342.0,2518.0,0.0,0.0,0.0,1678.0,840.0,1864.0,1478.0
2.0,30513.0,3742.0,2517.0,0.0,0.0,0.0,1677.0,840.0,3742.0,0.0
2.0,26771.0,5618.0,2620.0,0.0,0.0,0.0,1780.0,840.0,5618.0,0.0
2.0,21153.0,5636.0,2727.0,0.0,0.0,0.0,1889.0,838.0,5636.0,0.0
2.0,15517.0,3775.0,2783.0,0.0,2173.0,2173.0,1961.0,822.0,3775.0,0.0
2.0,11742.0,49.0,2752.0,0.0,2067.0,2067.0,1962.0,790.0,49.0,0.0
2.0,11693.0,106.0,2708.0,0.0,1953.0,1953.0,1962.0,746.0,0.0,106.0
2.0,11587.0,913.0,2681.0,2173.0,558.0,558.0,1962.0,719.0,0.0,913.0
2.0,12847.0,1720.0,2651.0,2067.0,61.0,61.0,1927.0,724.0,0.0,1720.0
2.0,13194.0,2422.0,2627.0,1953.0,410.0,410.0,1857.0,770.0,0.0,2422.0
2.0,12725.0,2347.0,2565.0,558.0,1889.0,1889.0,1750.0,815.0,27.0,2320.0
2.0,10936.0,3325.0,2522.0,61.0,4938.0,4938.0,1680.0,842.0,1916.0,1409.0
2.0,7672.0,3811.0,2522.0,410.0,8339.0,8339.0,1680.0,842.0,3811.0,0.0
2.0,4271.0,5677.0,2629.0,1889.0,12662.0,12662.0,1787.0,842.0,5677.0,0.0
2.0,483.0,5655.0,2736.0,4938.0,13680.0,13680.0,1896.0,840.0,5655.0,0.0
2.0,0.0,3730.0,2791.0,8339.0,9580.0,9580.0,1968.0,823.0,3730.0,0.0
2.0,4375.0,0.0,2759.0,12662.0,0.0,0.0,1968.0,791.0,0.0,0.0
2.0,17037.0,119.0,2715.0,13680.0,0.0,0.0,1968.0,747.0,0.0,119.0
2.0,30598.0,925.0,2689.0,9580.0,0.0,0.0,1968.0,721.0,0.0,925.0
2.0,39253.0,1729.0,2659.0,0.0,0.0,0.0,1933.0,726.0,0.0,1729.0
2.0,37524.0,2414.0,2636.0,0.0,0.0,0.0,1863.0,773.0,0.0,2414.0
2.0,35110.0,2292.0,2574.0,0.0,0.0,0.0,1757.0,817.0,0.0,2292.0
2.0,32818.0,3199.0,2528.0,0.0,0.0,0.0,1685.0,843.0,1829.0,1370.0
2.0,29619.0,3706.0,2528.0,0.0,0.0,0.0,1685.0,843.0,3706.0,0.0
2.0,25913.0,5572.0,2633.0,0.0,0.0,0.0,1790.0,843.0,5572.0,0.0
2.0,20341.0,5620.0,2740.0,0.0,0.0,0.0,1898.0,842.0,5620.0,0.0
2.0,14721.0,3779.0,2798.0,0.0,3048.0,3048.0,1971.0,827.0,3779.0,0.0
2.0,10942.0,74.0,2768.0,0.0,2972.0,2972.0,1972.0,796.0,74.0,0.0
2.0,10868.0,98.0,2724.0,0.0,2850.0,2850.0,1972.0,752.0,0.0,98.0
2.0,10770.0,893.0,2697.0,3048.0,560.0,560.0,1972.0,725.0,0.0,893.0
2.0,12925.0,1688.0,2667.0,2972.0,0.0,0.0,1939.0,728.0,0.0,1688.0
2.0,14209.0,2389.0,2645.0,2850.0,0.0,0.0,1871.0,774.0,0.0,2389.0
2.0,14670.0,2289.0,2585.0,560.0,0.0,0.0,1767.0,818.0,0.0,2289.0
2.0,12941.0,3144.0,2540.0,0.0,2903.0,2903.0,1695.0,845.0,1749.0,1395.0
2.0,9797.0,3602.0,2537.0,0.0,6490.0,6490.0,1692.0,845.0,3602.0,0.0
2.0,6195.0,5463.0,2638.0,0.0,12458.0,12458.0,1793.0,845.0,5463.0,0.0
2.0,732.0,5571.0,2745.0,2903.0,13725.0,13725.0,1900.0,845.0,5571.0,0.0
2.0,0.0,3830.0,2802.0,6490.0,13286.0,13286.0,1973.0,829.0,3830.0,0.0
2.0,724.0,221.0,2776.0,12458.0,919.0,919.0,1978.0,798.0,221.0,0.0
2.0,12961.0,98.0,2732.0,13725.0,0.0,0.0,1978.0,754.0,0.0,98.0
2.0,26588.0,897.0,2705.0,13286.0,0.0,0.0,1978.0,727.0,0.0,897.0
2.0,38977.0,1702.0,2674.0,919.0,0.0,0.0,1944.0,730.0,0.0,1702.0
2.0,38194.0,2404.0,2652.0,0.0,0.0,0.0,1875.0,777.0,0.0,2404.0
2.0,35790.0,2308.0,2592.0,0.0,0.0,0.0,1771.0,821.0,0.0,2308.0
2.0,33482.0,3223.0,2547.0,0.0,0.0,0.0,1699.0,848.0,1815.0,1408.0
2.0,30259.0,3694.0,2545.0,0.0,0.0,0.0,1697.0,848.0,3694.0,0.0
2.0,26565.0,5574.0,2648.0,0.0,0.0,0.0,1800.0,848.0,5574.0,0.0
2.0,20991.0,5644.0,2756.0,0.0,0.0,0.0,1909.0,847.0,5644.0,0.0
2.0,15347.0,3836.0,2812.0,0.0,2549.0,2549.0,1982.0,830.0,3836.0,0.0
2.0,11511.0,157.0,2783.0,0.0,2561.0,2561.0,1985.0,798.0,157.0,0.0
2.0,11354.0,141.0,2740.0,0.0,2487.0,2487.0,1985.0,755.0,0.0,141.0
2.0,11213.0,954.0,2713.0,2549.0,757.0,757.0,1985.0,728.0,0.0,954.0
2.0,12808.0,1766.0,2683.0,2561.0,0.0,0.0,1949.0,734.0,0.0,1766.0
2.0,13603.0,2439.0,2659.0,2487.0,0.0,0.0,1878.0,781.0,0.0,2439.0
2.0,13651.0,2315.0,2595.0,757.0,882.0,882.0,1770.0,825.0,15.0,2300.0
2.0,12093.0,3280.0,2549.0,0.0,3932.0,3932.0,1698.0,851.0,1925.0,1355.0
2.0,8813.0,3834.0,2551.0,0.0,7776.0,7776.0,1700.0,851.0,3834.0,0.0
2.0,4979.0,5738.0,2660.0,882.0,13177.0,13177.0,1809.0,851.0,5738.0,0.0
2.0,123.0,5723.0,2768.0,3932.0,13840.0,13840.0,1919.0,849.0,5723.0,0.0
2.0,0.0,3808.0,2824.0,7776.0,11820.0,11820.0,1992.0,832.0,3808.0,0.0
2.0,2300.0,0.0,2791.0,13177.0,0.0,0.0,1992.0,799.0,0.0,0.0
2.0,15477.0,182.0,2747.0,13840.0,0.0,0.0,1992.0,755.0,0.0,182.0
2.0,29135.0,1001.0,2722.0,11820.0,0.0,0.0,1992.0,730.0,0.0,1001.0
2.0,39954.0,1822.0,2693.0,0.0,0.0,0.0,1955.0,738.0,0.0,1822.0
2.0,38132.0,2464.0,2667.0,0.0,0.0,0.0,1882.0,785.0,0.0,2464.0
2.0,35668.0,2318.0,2602.0,0.0,0.0,0.0,1773.0,829.0,36.0,2282.0
2.0,33350.0,3223.0,2556.0,0.0,0.0,0.0,1702.0,854.0,1945.0,1278.0
2.0,30127.0,3858.0,2558.0,0.0,0.0,0.0,1704.0,854.0,3858.0,0.0
2.0,26269.0,5732.0,2668.0,0.0,0.0,0.0,1814.0,854.0,5732.0,0.0
2.0,20537.0,5692.0,2776.0,0.0,0.0,0.0,1924.0,852.0,5692.0,0.0
2.0,14845.0,3741.0,2830.0,0.0,3046.0,3046.0,1996.0,834.0,3741.0,0.0
2.0,11104.0,0.0,2797.0,0.0,2881.0,2881.0,1996.0,801.0,0.0,0.0
2.0,11104.0,155.0,2753.0,0.0,2816.0,2816.0,1996.0,757.0,0.0,155.0
2.0,10949.0,969.0,2728.0,3046.0,614.0,614.0,1996.0,732.0,0.0,969.0
2.0,13026.0,1787.0,2701.0,2881.0,0.0,0.0,1961.0,740.0,0.0,1787.0
2.0,14120.0,2442.0,2676.0,2816.0,0.0,0.0,1889.0,787.0,0.0,2442.0
2.0,14494.0,2284.0,2613.0,614.0,241.0,241.0,1782.0,831.0,0.0,2284.0
2.0,12824.0,3172.0,2566.0,0.0,3178.0,3178.0,1710.0,856.0,1865.0,1307.0
2.0,9652.0,3750.0,2565.0,0.0,6923.0,6923.0,1709.0,856.0,3750.0,0.0
2.0,5902.0,5643.0,2673.0,241.0,12865.0,12865.0,1817.0,856.0,5643.0,0.0
2.0,500.0,5666.0,2780.0,3178.0,13900.0,13900.0,1926.0,854.0,5666.0,0.0
2.0,0.0,3800.0,2836.0,6923.0,13045.0,13045.0,1999.0,837.0,3800.0,0.0
2.0,1135.0,39.0,2803.0,12865.0,54.0,54.0,1999.0,804.0,39.0,0.0
2.0,13961.0,119.0,2760.0,13900.0,0.0,0.0,1999.0,761.0,0.0,119.0
2.0,27742.0,922.0,2733.0,13045.0,0.0,0.0,1999.0,734.0,0.0,922.0
2.0,39865.0,1731.0,2707.0,54.0,0.0,0.0,1966.0,741.0,0.0,1731.0
2.0,38188.0,2416.0,2683.0,0.0,0.0,0.0,1896.0,787.0,0.0,2416.0
2.0,35772.0,2297.0,2622.0,0.0,0.0,0.0,1791.0,831.0,0.0,2297.0
2.0,33475.0,3179.0,2577.0,0.0,0.0,0.0,1719.0,858.0,1808.0,1371.0
2.0,30296.0,3688.0,2574.0,0.0,0.0,0.0,1716.0,858.0,3688.0,0.0
2.0,26608.0,5575.0,2677.0,0.0,0.0,0.0,1819.0,858.0,5575.0,0.0
2.0,21033.0,5653.0,2784.0,0.0,0.0,0.0,1928.0,856.0,5653.0,0.0
2.0,15380.0,3852.0,2841.0,0.0,2677.0,2677.0,2002.0,839.0,3852.0,0.0
2.0,11528.0,164.0,2811.0,0.0,2691.0,2691.0,2005.0,806.0,164.0,0.0
2.0,11364.0,136.0,2767.0,0.0,2607.0,2607.0,2005.0,762.0,0.0,136.0
2.0,11228.0,947.0,2741.0,2677.0,747.0,747.0,2005.0,736.0,0.0,947.0
2.0,12958.0,1766.0,2713.0,2691.0,0.0,0.0,1970.0,743.0,0.0,1766.0
2.0,13883.0,2442.0,2689.0,2607.0,0.0,0.0,1899.0,790.0,0.0,2442.0
2.0,14048.0,2311.0,2626.0,747.0,646.0,646.0,1792.0,834.0,0.0,2311.0
2.0,12484.0,3270.0,2581.0,0.0,3691.0,3691.0,1720.0,861.0,1907.0,1363.0
2.0,9214.0,3821.0,2581.0,0.0,7512.0,7512.0,1720.0,861.0,3821.0,0.0
2.0,5393.0,5730.0,2688.0,646.0,13131.0,13131.0,1827.0,861.0,5730.0,0.0
2.0,309.0,5736.0,2795.0,3691.0,13975.0,13975.0,1937.0,858.0,5736.0,0.0
2.0,0.0,3837.0,2851.0,7512.0,12316.0,12316.0,2011.0,840.0,3837.0,0.0
2.0,1939.0,24.0,2818.0,13131.0,0.0,0.0,2012.0,806.0,24.0,0.0
2.0,15046.0,173.0,2774.0,13975.0,0.0,0.0,2012.0,762.0,0.0,173.0
2.0,28848.0,997.0,2748.0,12316.0,0.0,0.0,2011.0,737.0,0.0,997.0
2.0,40167.0,1830.0,2720.0,0.0,0.0,0.0,1974.0,746.0,0.0,1830.0
2.0,38337.0,2484.0,2695.0,0.0,0.0,0.0,1901.0,794.0,0.0,2484.0
2.0,35853.0,2391.0,2630.0,0.0,0.0,0.0,1792.0,838.0,77.0,2314.0
2.0,33462.0,3330.0,2584.0,0.0,0.0,0.0,1720.0,864.0,2017.0,1313.0
2.0,30132.0,3954.0,2587.0,0.0,0.0,0.0,1723.0,864.0,3954.0,0.0
2.0,26178.0,5822.0,2699.0,0.0,0.0,0.0,1835.0,864.0,5822.0,0.0
2.0,20356.0,5740.0,2806.0,0.0,0.0,0.0,1946.0,860.0,5740.0,0.0
2.0,14616.0,3728.0,2858.0,0.0,3402.0,3402.0,2017.0,841.0,3728.0,0.0
2.0,10888.0,0.0,2823.0,0.0,3227.0,3227.0,2017.0,806.0,0.0,0.0
2.0,10888.0,187.0,2779.0,0.0,3194.0,3194.0,2017.0,762.0,0.0,187.0
2.0,10701.0,1022.0,2755.0,3402.0,694.0,694.0,2017.0,738.0,0.0,1022.0
2.0,13081.0,1852.0,2728.0,3227.0,0.0,0.0,1979.0,749.0,0.0,1852.0
2.0,14456.0,2493.0,2702.0,3194.0,0.0,0.0,1905.0,797.0,0.0,2493.0
2.0,15157.0,2366.0,2637.0,694.0,0.0,0.0,1796.0,841.0,66.0,2300.0
2.0,13485.0,3276.0,2590.0,0.0,2741.0,2741.0,1725.0,865.0,2001.0,1275.0
2.0,10209.0,3931.0,2594.0,0.0,6692.0,6692.0,1729.0,865.0,3931.0,0.0
2.0,6278.0,5797.0,2705.0,0.0,13044.0,13044.0,1840.0,865.0,5797.0,0.0
2.0,481.0,5718.0,2812.0,2741.0,14060.0,14060.0,1950.0,862.0,5718.0,0.0
2.0,0.0,3712.0,2866.0,6692.0,13846.0,13846.0,2022.0,844.0,3712.0,0.0
2.0,484.0,0.0,2832.0,13044.0,632.0,632.0,2022.0,810.0,0.0,0.0
2.0,13528.0,161.0,2788.0,14060.0,0.0,0.0,2022.0,766.0,0.0,161.0
2.0,27427.0,981.0,2763.0,13846.0,0.0,0.0,2022.0,741.0,0.0,981.0
2.0,40292.0,1801.0,2736.0,632.0,0.0,0.0,1986.0,750.0,0.0,1801.0
2.0,39123.0,2460.0,2711.0,0.0,0.0,0.0,1914.0,797.0,0.0,2460.0
2.0,36663.0,2297.0,2647.0,0.0,0.0,0.0,1805.0,842.0,0.0,2297.0
2.0,34366.0,3213.0,2600.0,0.0,0.0,0.0,1733.0,867.0,1895.0,1318.0
2.0,31153.0,3804.0,2600.0,0.0,0.0,0.0,1733.0,867.0,3804.0,0.0
2.0,27349.0,5713.0,2709.0,0.0,0.0,0.0,1842.0,867.0,5713.0,0.0
2.0,21636.0,5725.0,2817.0,0.0,0.0,0.0,1952.0,865.0,5725.0,0.0
2.0,15911.0,3830.0,2872.0,0.0,2279.0,2279.0,2025.0,847.0,3830.0,0.0
2.0,12081.0,25.0,2840.0,0.0,2144.0,2144.0,2026.0,814.0,25.0,0.0
2.0,12056.0,147.0,2796.0,0.0,2071.0,2071.0,2026.0,770.0,0.0,147.0
2.0,11909.0,964.0,2770.0,2279.0,626.0,626.0,2026.0,744.0,0.0,964.0
2.0,13224.0,1780.0,2743.0,2144.0,127.0,127.0,1991.0,752.0,0.0,1780.0
2.0,13588.0,2455.0,2719.0,2071.0,391.0,391.0,1920.0,799.0,0.0,2455.0
2.0,13204.0,2307.0,2657.0,626.0,1762.0,1762.0,1813.0,844.0,0.0,2307.0
2.0,11523.0,3243.0,2611.0,127.0,4648.0,4648.0,1741.0,870.0,1899.0,1344.0
2.0,8407.0,3810.0,2610.0,391.0,8062.0,8062.0,1740.0,870.0,3810.0,0.0
2.0,4988.0,5731.0,2717.0,1762.0,12566.0,12566.0,1847.0,870.0,5731.0,0.0
2.0,1019.0,5746.0,2825.0,4648.0,14125.0,14125.0,1958.0,867.0,5746.0,0.0
2.0,0.0,3861.0,2881.0,8062.0,10283.0,10283.0,2032.0,849.0,3861.0,0.0
2.0,4122.0,49.0,2848.0,12566.0,0.0,0.0,2033.0,815.0,49.0,0.0
2.0,16639.0,172.0,2804.0,14125.0,0.0,0.0,2033.0,771.0,0.0,172.0
2.0,30592.0,1003.0,2779.0,10283.0,0.0,0.0,2033.0,746.0,0.0,1003.0
2.0,39872.0,1831.0,2751.0,0.0,0.0,0.0,1996.0,755.0,0.0,1831.0
2.0,38041.0,2485.0,2726.0,0.0,0.0,0.0,1923.0,803.0,0.0,2485.0
2.0,35556.0,2364.0,2660.0,0.0,0.0,0.0,1813.0,847.0,52.0,2312.0
2.0,33192.0,3309.0,2614.0,0.0,0.0,0.0,1742.0,872.0,1997.0,1312.0
2.0,29883.0,3945.0,2616.0,0.0,0.0,0.0,1744.0,872.0,3945.0,0.0
2.0,25938.0,5846.0,2728.0,0.0,0.0,0.0,1856.0,872.0,5846.0,0.0
2.0,20092.0,5803.0,2836.0,0.0,0.0,0.0,1967.0,869.0,5803.0,0.0
2.0,14289.0,3809.0,2890.0,0.0,3970.0,3970.0,2040.0,850.0,3809.0,0.0
2.0,10480.0,0.0,2855.0,0.0,3795.0,3795.0,2040.0,815.0,0.0,0.0
2.0,10480.0,230.0,2811.0,0.0,3805.0,3805.0,2040.0,771.0,0.0,230.0
2.0,10250.0,1070.0,2787.0,3970.0,785.0,785.0,2039.0,748.0,0.0,1070.0
2.0,13150.0,1909.0,2759.0,3795.0,0.0,0.0,2000.0,759.0,0.0,1909.0
2.0,15036.0,2519.0,2731.0,3805.0,0.0,0.0,1924.0,807.0,0.0,2519.0
2.0,16322.0,2416.0,2667.0,785.0,0.0,0.0,1815.0,852.0,122.0,2294.0
2.0,14691.0,3317.0,2619.0,0.0,1721.0,1721.0,1744.0,875.0,2091.0,1226.0
2.0,11374.0,4055.0,2626.0,0.0,5811.0,5811.0,1751.0,875.0,4055.0,0.0
2.0,7319.0,5903.0,2739.0,0.0,12279.0,12279.0,1864.0,875.0,5903.0,0.0
2.0,1416.0,5772.0,2847.0,1721.0,14235.0,14235.0,1975.0,872.0,5772.0,0.0
2.0,0.0,3686.0,2898.0,5811.0,14490.0,14490.0,2046.0,852.0,3686.0,0.0
2.0,0.0,0.0,2862.0,12279.0,2541.0,2541.0,2046.0,816.0,0.0,0.0
2.0,11769.0,238.0,2819.0,14235.0,0.0,0.0,2046.0,773.0,0.0,238.0
2.0,25766.0,1077.0,2794.0,14490.0,0.0,0.0,2045.0,749.0,0.0,1077.0
2.0,39179.0,1920.0,2768.0,2541.0,0.0,0.0,2006.0,762.0,0.0,1920.0
2.0,39800.0,2518.0,2741.0,0.0,0.0,0.0,1931.0,810.0,0.0,2518.0
2.0,37282.0,2355.0,2675.0,0.0,0.0,0.0,1821.0,854.0,78.0,2277.0
2.0,34927.0,3223.0,2627.0,0.0,0.0,0.0,1750.0,877.0,2031.0,1192.0
2.0,31704.0,3978.0,2632.0,0.0,0.0,0.0,1755.0,877.0,3978.0,0.0
2.0,27726.0,5846.0,2744.0,0.0,0.0,0.0,1867.0,877.0,5846.0,0.0
2.0,21880.0,5756.0,2852.0,0.0,0.0,0.0,1978.0,874.0,5756.0,0.0
2.0,16124.0,3726.0,2905.0,0.0,2127.0,2127.0,2050.0,855.0,3726.0,0.0
2.0,12398.0,0.0,2870.0,0.0,1952.0,1952.0,2050.0,820.0,0.0,0.0
2.0,12398.0,197.0,2827.0,0.0,1934.0,1934.0,2050.0,777.0,0.0,197.0
2.0,12201.0,1025.0,2802.0,2127.0,707.0,707.0,2050.0,752.0,0.0,1025.0
2.0,13303.0,1857.0,2776.0,1952.0,482.0,482.0,2013.0,763.0,0.0,1857.0
2.0,13398.0,2488.0,2751.0,1934.0,911.0,911.0,1940.0,811.0,0.0,2488.0
2.0,12844.0,2299.0,2685.0,707.0,2173.0,2173.0,1830.0,855.0,10.0,2289.0
2.0,11252.0,3199.0,2637.0,482.0,4650.0,4650.0,1758.0,879.0,1940.0,1259.0
2.0,8535.0,3867.0,2637.0,911.0,7606.0,7606.0,1758.0,879.0,3867.0,0.0
2.0,5579.0,5788.0,2748.0,2173.0,11776.0,11776.0,1869.0,879.0,5788.0,0.0
2.0,1964.0,5773.0,2856.0,4650.0,13439.0,13439.0,1980.0,876.0,5773.0,0.0
2.0,841.0,3838.0,2911.0,7606.0,9946.0,9946.0,2054.0,857.0,3838.0,0.0
2.0,4609.0,0.0,2877.0,11776.0,0.0,0.0,2054.0,823.0,0.0,0.0
2.0,16385.0,181.0,2833.0,13439.0,0.0,0.0,2054.0,779.0,0.0,181.0
2.0,29643.0,1007.0,2808.0,9946.0,0.0,0.0,2054.0,754.0,0.0,1007.0
2.0,38582.0,1839.0,2781.0,0.0,0.0,0.0,2017.0,764.0,0.0,1839.0
2.0,36743.0,2487.0,2756.0,0.0,0.0,0.0,1944.0,812.0,0.0,2487.0
2.0,34256.0,2346.0,2691.0,0.0,0.0,0.0,1835.0,856.0,37.0,2309.0
2.0,31910.0,3280.0,2643.0,0.0,0.0,0.0,1762.0,881.0,1980.0,1300.0
2.0,28630.0,3918.0,2644.0,0.0,0.0,0.0,1763.0,881.0,3918.0,0.0
2.0,24712.0,5823.0,2755.0,0.0,0.0,0.0,1874.0,881.0,5823.0,0.0
2.0,18889.0,5795.0,2864.0,0.0,1226.0,1226.0,1986.0,878.0,5795.0,0.0
2.0,13094.0,3828.0,2918.0,0.0,5324.0,5324.0,2059.0,859.0,3828.0,0.0
2.0,9266.0,0.0,2882.0,0.0,5144.0,5144.0,2059.0,823.0,0.0,0.0
2.0,9266.0,218.0,2839.0,1226.0,3921.0,3921.0,2059.0,780.0,0.0,218.0
2.0,10274.0,1063.0,2814.0,5324.0,0.0,0.0,2058.0,756.0,0.0,1063.0
2.0,14535.0,1904.0,2787.0,5144.0,0.0,0.0,2020.0,767.0,0.0,1904.0
2.0,17775.0,2530.0,2760.0,3921.0,0.0,0.0,1944.0,816.0,0.0,2530.0
2.0,19166.0,2478.0,2695.0,0.0,0.0,0.0,1835.0,860.0,169.0,2309.0
2.0,16688.0,3392.0,2649.0,0.0,0.0,0.0,1765.0,884.0,2142.0,1250.0
2.0,13296.0,4120.0,2655.0,0.0,4099.0,4099.0,1771.0,884.0,4120.0,0.0
2.0,9176.0,5930.0,2769.0,0.0,10599.0,10599.0,1885.0,884.0,5930.0,0.0
2.0,3246.0,5775.0,2876.0,0.0,14380.0,14380.0,1996.0,880.0,5775.0,0.0
2.0,0.0,3634.0,2925.0,4099.0,14625.0,14625.0,2066.0,859.0,3634.0,0.0
2.0,0.0,0.0,2889.0,10599.0,5910.0,5910.0,2066.0,823.0,0.0,0.0
2.0,8535.0,257.0,2845.0,14380.0,0.0,0.0,2066.0,779.0,0.0,257.0
2.0,22658.0,1113.0,2819.0,14625.0,0.0,0.0,2063.0,756.0,0.0,1113.0
2.0,36170.0,1965.0,2794.0,5910.0,0.0,0.0,2023.0,771.0,0.0,1965.0
2.0,40115.0,2560.0,2765.0,0.0,0.0,0.0,1945.0,820.0,0.0,2560.0
2.0,37555.0,2529.0,2700.0,0.0,0.0,0.0,1836.0,864.0,231.0,2298.0
2.0,35026.0,3400.0,2655.0,0.0,0.0,0.0,1768.0,887.0,2216.0,1184.0
2.0,31626.0,4206.0,2665.0,0.0,0.0,0.0,1778.0,887.0,4206.0,0.0
2.0,27420.0,5959.0,2779.0,0.0,0.0,0.0,1892.0,887.0,5959.0,0.0
2.0,21461.0,5733.0,2884.0,0.0,0.0,0.0,2002.0,882.0,5733.0,0.0
2.0,15728.0,3510.0,2931.0,0.0,2437.0,2437.0,2070.0,861.0,3510.0,0.0
2.0,12218.0,0.0,2895.0,0.0,2257.0,2257.0,2070.0,825.0,0.0,0.0
2.0,12218.0,246.0,2851.0,0.0,2283.0,2283.0,2070.0,781.0,0.0,246.0
2.0,11972.0,1094.0,2826.0,2437.0,815.0,815.0,2068.0,758.0,0.0,1094.0
2.0,13315.0,1940.0,2801.0,2257.0,373.0,373.0,2029.0,772.0,0.0,1940.0
2.0,13632.0,2538.0,2774.0,2283.0,493.0,493.0,1953.0,821.0,0.0,2538.0
2.0,13377.0,2456.0,2709.0,815.0,1809.0,1809.0,1844.0,865.0,169.0,2287.0
2.0,11736.0,3333.0,2662.0,373.0,4534.0,4534.0,1774.0,888.0,2139.0,1194.0
2.0,8776.0,4106.0,2669.0,493.0,8182.0,8182.0,1781.0,888.0,4106.0,0.0
2.0,5163.0,5907.0,2783.0,1809.0,12850.0,12850.0,1895.0,888.0,5907.0,0.0
2.0,1065.0,5731.0,2889.0,4534.0,14445.0,14445.0,2005.0,884.0,5731.0,0.0
2.0,0.0,3580.0,2939.0,8182.0,10225.0,10225.0,2074.0,865.0,3580.0,0.0
2.0,4470.0,0.0,2903.0,12850.0,0.0,0.0,2074.0,829.0,0.0,0.0
2.0,17320.0,218.0,2859.0,14445.0,0.0,0.0,2074.0,785.0,0.0,218.0
2.0,31547.0,1054.0,2836.0,10225.0,0.0,0.0,2074.0,762.0,0.0,1054.0
2.0,40718.0,1890.0,2811.0,0.0,0.0,0.0,2037.0,774.0,0.0,1890.0
2.0,38828.0,2509.0,2784.0,0.0,0.0,0.0,1962.0,822.0,0.0,2509.0
2.0,36319.0,2393.0,2719.0,0.0,0.0,0.0,1853.0,866.0,96.0,2297.0
2.0,33926.0,3298.0,2671.0,0.0,0.0,0.0,1781.0,890.0,2054.0,1244.0
2.0,30628.0,4005.0,2674.0,0.0,0.0,0.0,1784.0,890.0,4005.0,0.0
2.0,26623.0,5865.0,2787.0,0.0,0.0,0.0,1897.0,890.0,5865.0,0.0
2.0,20758.0,5762.0,2895.0,0.0,0.0,0.0,2008.0,887.0,5762.0,0.0
2.0,14996.0,3715.0,2947.0,0.0,3454.0,3454.0,2080.0,867.0,3715.0,0.0
2.0,11281.0,0.0,2912.0,0.0,3279.0,3279.0,2080.0,832.0,0.0,0.0
2.0,11281.0,221.0,2868.0,0.0,3280.0,3280.0,2080.0,788.0,0.0,221.0
2.0,11060.0,1062.0,2843.0,3454.0,763.0,763.0,2079.0,764.0,0.0,1062.0
2.0,13452.0,1908.0,2817.0,3279.0,0.0,0.0,2041.0,776.0,0.0,1908.0
2.0,14823.0,2528.0,2790.0,3280.0,0.0,0.0,1965.0,825.0,0.0,2528.0
2.0,15575.0,2477.0,2726.0,763.0,0.0,0.0,1857.0,869.0,166.0,2311.0
2.0,13861.0,3385.0,2679.0,0.0,2919.0,2919.0,1786.0,893.0,2137.0,1248.0
2.0,10476.0,4119.0,2685.0,0.0,7068.0,7068.0,1792.0,893.0,4119.0,0.0
2.0,6357.0,5929.0,2799.0,0.0,13567.0,13567.0,1906.0,893.0,5929.0,0.0
2.0,428.0,5774.0,2906.0,2919.0,14530.0,14530.0,2017.0,889.0,5774.0,0.0
2.0,0.0,3644.0,2955.0,7068.0,13778.0,13778.0,2087.0,868.0,3644.0,0.0
2.0,997.0,0.0,2919.0,13567.0,31.0,31.0,2087.0,832.0,0.0,0.0
2.0,14564.0,262.0,2875.0,14530.0,0.0,0.0,2087.0,788.0,0.0,262.0
2.0,28832.0,1122.0,2849.0,13778.0,0.0,0.0,2084.0,765.0,0.0,1122.0
2.0,41488.0,1977.0,2822.0,31.0,0.0,0.0,2043.0,779.0,0.0,1977.0
2.0,39542.0,2572.0,2792.0,0.0,0.0,0.0,1963.0,829.0,0.0,2572.0
2.0,36970.0,2588.0,2728.0,0.0,0.0,0.0,1855.0,873.0,280.0,2308.0
2.0,34382.0,3478.0,2684.0,0.0,0.0,0.0,1788.0,896.0,2287.0,1191.0
2.0,30904.0,4302.0,2696.0,0.0,0.0,0.0,1800.0,896.0,4302.0,0.0
2.0,26602.0,6029.0,2812.0,0.0,0.0,0.0,1916.0,896.0,6029.0,0.0
2.0,20573.0,5756.0,2918.0,0.0,0.0,0.0,2027.0,891.0,5756.0,0.0
2.0,14817.0,3466.0,2964.0,0.0,3469.0,3469.0,2094.0,870.0,3466.0,0.0
2.0,11351.0,0.0,2926.0,0.0,3279.0,3279.0,2094.0,832.0,0.0,0.0
2.0,11351.0,296.0,2882.0,0.0,3355.0,3355.0,2094.0,788.0,0.0,296.0
2.0,11055.0,1158.0,2856.0,3469.0,914.0,914.0,2089.0,767.0,0.0,1158.0
2.0,13366.0,2019.0,2830.0,3279.0,0.0,0.0,2047.0,783.0,0.0,2019.0
2.0,14626.0,2584.0,2798.0,3355.0,0.0,0.0,1966.0,832.0,0.0,2584.0
2.0,15397.0,2579.0,2733.0,914.0,0.0,0.0,1857.0,876.0,291.0,2288.0
2.0,13732.0,3433.0,2689.0,0.0,3146.0,3146.0,1791.0,898.0,2299.0,1134.0
2.0,10299.0,4309.0,2704.0,0.0,7530.0,7530.0,1806.0,898.0,4309.0,0.0
2.0,5990.0,6022.0,2820.0,0.0,14100.0,14100.0,1922.0,898.0,6022.0,0.0
2.0,0.0,5733.0,2925.0,3146.0,14625.0,14625.0,2032.0,893.0,5733.0,0.0
2.0,0.0,3424.0,2970.0,7530.0,13363.0,13363.0,2098.0,872.0,3424.0,0.0
2.0,1487.0,0.0,2933.0,14100.0,0.0,0.0,2098.0,835.0,0.0,0.0
2.0,15587.0,278.0,2890.0,14625.0,0.0,0.0,2098.0,792.0,0.0,278.0
2.0,29934.0,1131.0,2864.0,13363.0,0.0,0.0,2095.0,769.0,0.0,1131.0
2.0,42166.0,1984.0,2838.0,0.0,0.0,0.0,2054.0,784.0,0.0,1984.0
2.0,40182.0,2557.0,2809.0,0.0,0.0,0.0,1975.0,834.0,0.0,2557.0
2.0,37625.0,2495.0,2743.0,0.0,0.0,0.0,1865.0,878.0,212.0,2283.0
2.0,35130.0,3346.0,2697.0,0.0,0.0,0.0,1797.0,900.0,2197.0,1149.0
2.0,31784.0,4178.0,2709.0,0.0,0.0,0.0,1809.0,900.0,4178.0,0.0
2.0,27606.0,5943.0,2823.0,0.0,0.0,0.0,1923.0,900.0,5943.0,0.0
2.0,21663.0,5727.0,2928.0,0.0,0.0,0.0,2033.0,895.0,5727.0,0.0
2.0,15936.0,3522.0,2976.0,0.0,2466.0,2466.0,2101.0,875.0,3522.0,0.0
2.0,12414.0,0.0,2940.0,0.0,2286.0,2286.0,2101.0,839.0,0.0,0.0
2.0,12414.0,245.0,2896.0,0.0,2311.0,2311.0,2101.0,795.0,0.0,245.0
2.0,12169.0,1092.0,2871.0,2466.0,812.0,812.0,2099.0,772.0,0.0,1092.0
2.0,13543.0,1937.0,2844.0,2286.0,328.0,328.0,2059.0,785.0,0.0,1937.0
2.0,13892.0,2539.0,2816.0,2311.0,416.0,416.0,1982.0,834.0,0.0,2539.0
2.0,13664.0,2503.0,2753.0,812.0,1792.0,1792.0,1874.0,879.0,204.0,2299.0
2.0,11973.0,3393.0,2707.0,328.0,4627.0,4627.0,1805.0,902.0,2183.0,1210.0
2.0,8908.0,4171.0,2716.0,416.0,8427.0,8427.0,1814.0,902.0,4171.0,0.0
2.0,5153.0,5950.0,2830.0,1792.0,13155.0,13155.0,1928.0,902.0,5950.0,0.0
2.0,995.0,5757.0,2937.0,4627.0,14685.0,14685.0,2039.0,898.0,5757.0,0.0
2.0,0.0,3569.0,2984.0,8427.0,10197.0,10197.0,2107.0,877.0,3569.0,0.0
2.0,4723.0,0.0,2947.0,13155.0,0.0,0.0,2107.0,840.0,0.0,0.0
2.0,17878.0,270.0,2904.0,14685.0,0.0,0.0,2107.0,797.0,0.0,270.0
2.0,32293.0,1125.0,2878.0,10197.0,0.0,0.0,2104.0,774.0,0.0,1125.0
2.0,41365.0,1985.0,2851.0,0.0,0.0,0.0,2063.0,788.0,0.0,1985.0
2.0,39380.0,2572.0,2822.0,0.0,0.0,0.0,1984.0,838.0,0.0,2572.0
2.0,36808.0,2588.0,2757.0,0.0,0.0,0.0,1875.0,882.0,282.0,2306.0
2.0,34220.0,3475.0,2713.0,0.0,0.0,0.0,1808.0,905.0,2294.0,1181.0
2.0,30745.0,4306.0,2726.0,0.0,0.0,0.0,1821.0,905.0,4306.0,0.0
2.0,26439.0,6039.0,2842.0,0.0,0.0,0.0,1937.0,905.0,6039.0,0.0
2.0,20400.0,5759.0,2948.0,0.0,99.0,99.0,2048.0,900.0,5759.0,0.0
2.0,14641.0,3479.0,2993.0,0.0,3803.0,3803.0,2115.0,878.0,3479.0,0.0
2.0,11162.0,0.0,2955.0,0.0,3613.0,3613.0,2115.0,840.0,0.0,0.0
2.0,11162.0,310.0,2912.0,99.0,3609.0,3609.0,2115.0,797.0,0.0,310.0
2.0,10951.0,1183.0,2884.0,3803.0,849.0,849.0,2109.0,775.0,0.0,1183.0
2.0,13571.0,2053.0,2857.0,3613.0,0.0,0.0,2065.0,792.0,0.0,2053.0
2.0,15131.0,2612.0,2825.0,3609.0,0.0,0.0,1983.0,842.0,0.0,2612.0
2.0,16128.0,2668.0,2760.0,849.0,0.0,0.0,1874.0,886.0,369.0,2299.0
2.0,14309.0,3522.0,2717.0,0.0,2798.0,2798.0,1809.0,908.0,2406.0,1116.0
2.0,10787.0,4441.0,2736.0,0.0,7334.0,7334.0,1828.0,908.0,4441.0,0.0
2.0,6346.0,6112.0,2854.0,0.0,14036.0,14036.0,1946.0,908.0,6112.0,0.0
2.0,234.0,5741.0,2958.0,2798.0,14790.0,14790.0,2056.0,902.0,5741.0,0.0
2.0,0.0,3340.0,3000.0,7334.0,13715.0,13715.0,2120.0,880.0,3340.0,0.0
2.0,1285.0,0.0,2961.0,14036.0,0.0,0.0,2120.0,841.0,0.0,0.0
2.0,15321.0,330.0,2917.0,14790.0,0.0,0.0,2120.0,797.0,0.0,330.0
2.0,29781.0,1201.0,2892.0,13715.0,0.0,0.0,2115.0,777.0,0.0,1201.0
2.0,42295.0,2073.0,2866.0,0.0,0.0,0.0,2071.0,795.0,0.0,2073.0
2.0,40222.0,2614.0,2833.0,0.0,0.0,0.0,1988.0,845.0,0.0,2614.0
2.0,37608.0,2649.0,2768.0,0.0,0.0,0.0,1879.0,889.0,366.0,2283.0
2.0,34959.0,3475.0,2725.0,0.0,0.0,0.0,1815.0,910.0,2392.0,1083.0
2.0,31484.0,4415.0,2744.0,0.0,0.0,0.0,1834.0,910.0,4415.0,0.0
2.0,27069.0,6073.0,2861.0,0.0,0.0,0.0,1951.0,910.0,6073.0,0.0
2.0,20996.0,5702.0,2964.0,0.0,0.0,0.0,2060.0,904.0,5702.0,0.0
2.0,15294.0,3306.0,3007.0,0.0,3047.0,3047.0,2124.0,883.0,3306.0,0.0
2.0,11988.0,0.0,2968.0,0.0,2852.0,2852.0,2124.0,844.0,0.0,0.0
2.0,11988.0,294.0,2925.0,0.0,2931.0,2931.0,2124.0,801.0,0.0,294.0
2.0,11694.0,1155.0,2899.0,3047.0,909.0,909.0,2120.0,779.0,0.0,1155.0
2.0,13586.0,2019.0,2873.0,2852.0,0.0,0.0,2077.0,796.0,0.0,2019.0
2.0,14419.0,2585.0,2843.0,2931.0,0.0,0.0,1997.0,846.0,0.0,2585.0
2.0,14765.0,2603.0,2779.0,909.0,824.0,824.0,1889.0,890.0,308.0,2295.0
2.0,13071.0,3441.0,2735.0,0.0,4045.0,4045.0,1823.0,912.0,2308.0,1133.0
2.0,9630.0,4318.0,2750.0,0.0,8438.0,8438.0,1838.0,912.0,4318.0,0.0
2.0,5312.0,6011.0,2866.0,824.0,14205.0,14205.0,1954.0,912.0,6011.0,0.0
2.0,125.0,5711.0,2971.0,4045.0,14855.0,14855.0,2064.0,907.0,5711.0,0.0
2.0,0.0,3393.0,3015.0,8438.0,11571.0,11571.0,2129.0,886.0,3393.0,0.0
2.0,3504.0,0.0,2978.0,14205.0,0.0,0.0,2129.0,849.0,0.0,0.0
2.0,17709.0,271.0,2934.0,14855.0,0.0,0.0,2129.0,805.0,0.0,271.0
2.0,32293.0,1129.0,2907.0,11571.0,0.0,0.0,2125.0,782.0,0.0,1129.0
2.0,42735.0,1993.0,2881.0,0.0,0.0,0.0,2083.0,798.0,0.0,1993.0
2.0,40742.0,2581.0,2850.0,0.0,0.0,0.0,2003.0,847.0,0.0,2581.0
2.0,38161.0,2625.0,2786.0,0.0,0.0,0.0,1894.0,892.0,314.0,2311.0
2.0,35536.0,3507.0,2742.0,0.0,0.0,0.0,1828.0,914.0,2328.0,1179.0
2.0,32029.0,4340.0,2757.0,0.0,0.0,0.0,1843.0,914.0,4340.0,0.0
2.0,27689.0,6046.0,2874.0,0.0,0.0,0.0,1960.0,914.0,6046.0,0.0
2.0,21643.0,5731.0,2979.0,0.0,0.0,0.0,2070.0,909.0,5731.0,0.0
2.0,15912.0,3412.0,3022.0,0.0,2610.0,2610.0,2135.0,887.0,3412.0,0.0
2.0,12500.0,0.0,2984.0,0.0,2420.0,2420.0,2135.0,849.0,0.0,0.0
2.0,12500.0,298.0,2941.0,0.0,2503.0,2503.0,2135.0,806.0,0.0,298.0
2.0,12202.0,1172.0,2914.0,2610.0,930.0,930.0,2130.0,784.0,0.0,1172.0
2.0,13640.0,2041.0,2886.0,2420.0,411.0,411.0,2086.0,800.0,0.0,2041.0
2.0,14019.0,2614.0,2854.0,2503.0,362.0,362.0,2003.0,851.0,0.0,2614.0
2.0,13908.0,2723.0,2790.0,930.0,1835.0,1835.0,1895.0,895.0,408.0,2315.0
2.0,12115.0,3605.0,2748.0,411.0,4819.0,4819.0,1831.0,917.0,2456.0,1149.0
2.0,8921.0,4497.0,2768.0,362.0,9054.0,9054.0,1851.0,917.0,4497.0,0.0
2.0,4786.0,6141.0,2886.0,1835.0,13950.0,13950.0,1969.0,917.0,6141.0,0.0
2.0,480.0,5734.0,2990.0,4819.0,14950.0,14950.0,2079.0,911.0,5734.0,0.0
2.0,0.0,3291.0,3030.0,9054.0,9822.0,9822.0,2142.0,888.0,3291.0,0.0
2.0,5328.0,0.0,2991.0,13950.0,0.0,0.0,2142.0,849.0,0.0,0.0
2.0,19278.0,347.0,2947.0,14950.0,0.0,0.0,2142.0,805.0,0.0,347.0
2.0,33881.0,1228.0,2920.0,9822.0,0.0,0.0,2135.0,785.0,0.0,1228.0
2.0,42475.0,2109.0,2893.0,0.0,0.0,0.0,2089.0,804.0,0.0,2109.0
2.0,40366.0,2644.0,2859.0,0.0,0.0,0.0,2004.0,855.0,0.0,2644.0
2.0,37722.0,2773.0,2794.0,0.0,0.0,0.0,1895.0,899.0,475.0,2298.0
2.0,34949.0,3616.0,2754.0,0.0,0.0,0.0,1834.0,920.0,2538.0,1078.0
2.0,31333.0,4601.0,2778.0,0.0,0.0,0.0,1858.0,920.0,4601.0,0.0
2.0,26732.0,6185.0,2897.0,0.0,0.0,0.0,1977.0,920.0,6185.0,0.0
2.0,20547.0,5712.0,3000.0,0.0,165.0,165.0,2087.0,913.0,5712.0,0.0
2.0,14835.0,3167.0,3038.0,0.0,3522.0,3522.0,2148.0,890.0,3167.0,0.0
2.0,11668.0,0.0,2998.0,0.0,3322.0,3322.0,2148.0,850.0,0.0,0.0
2.0,11668.0,350.0,2955.0,165.0,3292.0,3292.0,2148.0,807.0,0.0,350.0
2.0,11483.0,1229.0,2928.0,3522.0,864.0,864.0,2141.0,787.0,0.0,1229.0
2.0,13776.0,2105.0,2901.0,3322.0,0.0,0.0,2095.0,806.0,0.0,2105.0
2.0,14993.0,2632.0,2867.0,3292.0,0.0,0.0,2010.0,857.0,0.0,2632.0
2.0,15653.0,2701.0,2802.0,864.0,194.0,194.0,1901.0,901.0,421.0,2280.0
2.0,13816.0,3521.0,2760.0,0.0,3505.0,3505.0,1839.0,921.0,2465.0,1056.0
2.0,10295.0,4512.0,2783.0,0.0,8132.0,8132.0,1862.0,921.0,4512.0,0.0
2.0,5783.0,6131.0,2901.0,194.0,14505.0,14505.0,1980.0,921.0,6131.0,0.0
2.0,0.0,5701.0,3005.0,3505.0,15025.0,15025.0,2090.0,915.0,5701.0,0.0
2.0,0.0,3230.0,3045.0,8132.0,12673.0,12673.0,2152.0,893.0,3230.0,0.0
2.0,2552.0,0.0,3006.0,14505.0,0.0,0.0,2152.0,854.0,0.0,0.0
2.0,17057.0,327.0,2963.0,15025.0,0.0,0.0,2152.0,811.0,0.0,327.0
2.0,31755.0,1196.0,2936.0,12673.0,0.0,0.0,2146.0,790.0,0.0,1196.0
2.0,43232.0,2065.0,2909.0,0.0,0.0,0.0,2101.0,808.0,0.0,2065.0
2.0,41167.0,2605.0,2876.0,0.0,0.0,0.0,2018.0,858.0,0.0,2605.0
2.0,38562.0,2630.0,2811.0,0.0,0.0,0.0,1909.0,902.0,348.0,2282.0
2.0,35932.0,3458.0,2767.0,0.0,0.0,0.0,1845.0,922.0,2375.0,1083.0
2.0,32474.0,4398.0,2787.0,0.0,0.0,0.0,1865.0,922.0,4398.0,0.0
2.0,28076.0,6076.0,2903.0,0.0,0.0,0.0,1981.0,922.0,6076.0,0.0
2.0,22000.0,5728.0,3009.0,0.0,0.0,0.0,2092.0,917.0,5728.0,0.0
2.0,16272.0,3358.0,3052.0,0.0,2346.0,2346.0,2156.0,896.0,3358.0,0.0
2.0,12914.0,0.0,3013.0,0.0,2151.0,2151.0,2156.0,857.0,0.0,0.0
2.0,12914.0,322.0,2970.0,0.0,2258.0,2258.0,2156.0,814.0,0.0,322.0
2.0,12592.0,1190.0,2942.0,2346.0,962.0,962.0,2150.0,792.0,0.0,1190.0
2.0,13748.0,2060.0,2914.0,2151.0,731.0,731.0,2105.0,809.0,0.0,2060.0
2.0,13839.0,2609.0,2881.0,2258.0,917.0,917.0,2022.0,859.0,0.0,2609.0
2.0,13488.0,2681.0,2816.0,962.0,2311.0,2311.0,1913.0,903.0,384.0,2297.0
2.0,11769.0,3528.0,2774.0,731.0,4898.0,4898.0,1849.0,925.0,2419.0,1109.0
2.0,8972.0,4463.0,2795.0,917.0,8549.0,8549.0,1870.0,925.0,4463.0,0.0
2.0,5426.0,6121.0,2912.0,2311.0,12944.0,12944.0,1987.0,925.0,6121.0,0.0
2.0,1616.0,5754.0,3017.0,4898.0,14325.0,14325.0,2098.0,919.0,5754.0,0.0
2.0,760.0,3337.0,3059.0,8549.0,9323.0,9323.0,2162.0,897.0,3337.0,0.0
2.0,5972.0,0.0,3019.0,12944.0,0.0,0.0,2162.0,857.0,0.0,0.0
2.0,18916.0,364.0,2976.0,14325.0,0.0,0.0,2162.0,814.0,0.0,364.0
2.0,32877.0,1245.0,2947.0,9323.0,0.0,0.0,2154.0,793.0,0.0,1245.0
2.0,40955.0,2129.0,2919.0,0.0,0.0,0.0,2107.0,812.0,0.0,2129.0
2.0,38826.0,2650.0,2883.0,0.0,0.0,0.0,2020.0,863.0,0.0,2650.0
2.0,36176.0,2807.0,2819.0,0.0,0.0,0.0,1912.0,907.0,510.0,2297.0
2.0,33369.0,3641.0,2780.0,0.0,0.0,0.0,1852.0,928.0,2584.0,1057.0
2.0,29728.0,4665.0,2806.0,0.0,0.0,0.0,1878.0,928.0,4665.0,0.0
2.0,25063.0,6230.0,2926.0,0.0,0.0,0.0,1998.0,928.0,6230.0,0.0
2.0,18833.0,5732.0,3029.0,0.0,2044.0,2044.0,2108.0,921.0,5732.0,0.0
2.0,13101.0,3147.0,3066.0,0.0,5376.0,5376.0,2169.0,897.0,3147.0,0.0
2.0,9954.0,0.0,3026.0,0.0,5176.0,5176.0,2169.0,857.0,0.0,0.0
2.0,9954.0,404.0,2983.0,2044.0,3321.0,3321.0,2169.0,814.0,0.0,404.0
2.0,11594.0,1296.0,2954.0,5376.0,0.0,0.0,2159.0,795.0,0.0,1296.0
2.0,15674.0,2189.0,2927.0,5176.0,0.0,0.0,2111.0,816.0,0.0,2189.0
2.0,18661.0,2685.0,2890.0,3321.0,0.0,0.0,2022.0,868.0,0.0,2685.0
2.0,19297.0,2841.0,2825.0,0.0,0.0,0.0,1914.0,911.0,559.0,2282.0
2.0,16456.0,3633.0,2785.0,0.0,1102.0,1102.0,1855.0,930.0,2647.0,986.0
2.0,12823.0,4732.0,2815.0,0.0,5984.0,5984.0,1885.0,930.0,4732.0,0.0
2.0,8091.0,6258.0,2935.0,0.0,12842.0,12842.0,2005.0,930.0,6258.0,0.0
2.0,1833.0,5688.0,3039.0,1102.0,15195.0,15195.0,2115.0,924.0,5688.0,0.0
2.0,0.0,3034.0,3073.0,5984.0,15168.0,15168.0,2173.0,900.0,3034.0,0.0
2.0,197.0,0.0,3033.0,12842.0,2126.0,2126.0,2173.0,860.0,0.0,0.0
2.0,13039.0,382.0,2989.0,15195.0,0.0,0.0,2173.0,816.0,0.0,382.0
2.0,27852.0,1274.0,2962.0,15168.0,0.0,0.0,2165.0,797.0,0.0,1274.0
2.0,41746.0,2160.0,2936.0,2126.0,0.0,0.0,2118.0,818.0,0.0,2160.0
2.0,41712.0,2662.0,2900.0,0.0,0.0,0.0,2031.0,869.0,0.0,2662.0
2.0,39050.0,2761.0,2835.0,0.0,0.0,0.0,1922.0,913.0,489.0,2272.0
2.0,36289.0,3553.0,2794.0,0.0,0.0,0.0,1862.0,932.0,2557.0,996.0
2.0,32736.0,4618.0,2821.0,0.0,0.0,0.0,1889.0,932.0,4618.0,0.0
2.0,28118.0,6193.0,2940.0,0.0,0.0,0.0,2008.0,932.0,6193.0,0.0
2.0,21925.0,5692.0,3043.0,0.0,0.0,0.0,2117.0,926.0,5692.0,0.0
2.0,16233.0,3130.0,3080.0,0.0,2297.0,2297.0,2177.0,903.0,3130.0,0.0
2.0,13103.0,0.0,3040.0,0.0,2097.0,2097.0,2177.0,863.0,0.0,0.0
2.0,13103.0,356.0,2997.0,0.0,2238.0,2238.0,2177.0,820.0,0.0,356.0
2.0,12747.0,1233.0,2971.0,2297.0,1044.0,1044.0,2171.0,800.0,0.0,1233.0
2.0,13811.0,2110.0,2945.0,2097.0,927.0,927.0,2125.0,820.0,0.0,2110.0
2.0,13798.0,2633.0,2910.0,2238.0,1147.0,1147.0,2040.0,870.0,0.0,2633.0
2.0,13403.0,2694.0,2846.0,1044.0,2477.0,2477.0,1932.0,914.0,418.0,2276.0
2.0,11753.0,3513.0,2803.0,927.0,4848.0,4848.0,1869.0,934.0,2465.0,1048.0
2.0,9167.0,4520.0,2825.0,1147.0,8331.0,8331.0,1891.0,934.0,4520.0,0.0
2.0,5794.0,6155.0,2944.0,2477.0,12604.0,12604.0,2010.0,934.0,6155.0,0.0
2.0,2116.0,5749.0,3048.0,4848.0,14025.0,14025.0,2120.0,928.0,5749.0,0.0
2.0,1215.0,3287.0,3088.0,8331.0,9181.0,9181.0,2183.0,905.0,3287.0,0.0
2.0,6259.0,0.0,3048.0,12604.0,0.0,0.0,2183.0,865.0,0.0,0.0
2.0,18863.0,379.0,3006.0,14025.0,0.0,0.0,2183.0,823.0,0.0,379.0
2.0,32509.0,1263.0,2979.0,9181.0,0.0,0.0,2176.0,803.0,0.0,1263.0
2.0,40427.0,2147.0,2953.0,0.0,0.0,0.0,2130.0,823.0,0.0,2147.0
2.0,38280.0,2656.0,2918.0,0.0,0.0,0.0,2044.0,874.0,0.0,2656.0
2.0,35624.0,2761.0,2853.0,0.0,0.0,0.0,1935.0,918.0,482.0,2279.0
2.0,32863.0,3573.0,2811.0,0.0,0.0,0.0,1874.0,937.0,2555.0,1018.0
2.0,29290.0,4630.0,2836.0,0.0,0.0,0.0,1899.0,937.0,4630.0,0.0
2.0,24660.0,6233.0,2955.0,0.0,0.0,0.0,2018.0,937.0,6233.0,0.0
2.0,18427.0,5760.0,3059.0,0.0,2628.0,2628.0,2129.0,930.0,5760.0,0.0
2.0,12667.0,3222.0,3097.0,0.0,6040.0,6040.0,2191.0,906.0,3222.0,0.0
2.0,9445.0,0.0,3056.0,0.0,5835.0,5835.0,2191.0,865.0,0.0,0.0
2.0,9445.0,424.0,3013.0,2628.0,3416.0,3416.0,2191.0,822.0,0.0,424.0
2.0,11649.0,1321.0,2985.0,6040.0,0.0,0.0,2181.0,804.0,0.0,1321.0
2.0,16368.0,2223.0,2958.0,5835.0,0.0,0.0,2132.0,826.0,0.0,2223.0
2.0,19980.0,2699.0,2920.0,3416.0,0.0,0.0,2042.0,878.0,0.0,2699.0
2.0,20697.0,2859.0,2855.0,0.0,0.0,0.0,1933.0,922.0,580.0,2279.0
2.0,17838.0,3643.0,2815.0,0.0,0.0,0.0,1875.0,940.0,2687.0,956.0
2.0,14195.0,4792.0,2846.0,0.0,4827.0,4827.0,1906.0,940.0,4792.0,0.0
2.0,9403.0,6321.0,2968.0,0.0,11758.0,11758.0,2028.0,940.0,6321.0,0.0
2.0,3082.0,5739.0,3070.0,0.0,15350.0,15350.0,2138.0,932.0,5739.0,0.0
2.0,0.0,3054.0,3104.0,4827.0,15520.0,15520.0,2197.0,907.0,3054.0,0.0
2.0,0.0,0.0,3062.0,11758.0,4436.0,4436.0,2197.0,865.0,0.0,0.0
2.0,10874.0,439.0,3019.0,15350.0,0.0,0.0,2197.0,822.0,0.0,439.0
2.0,25785.0,1344.0,2990.0,15520.0,0.0,0.0,2186.0,804.0,0.0,1344.0
2.0,39961.0,2251.0,2963.0,4436.0,0.0,0.0,2135.0,828.0,0.0,2251.0
2.0,42146.0,2715.0,2925.0,0.0,0.0,0.0,2044.0,881.0,0.0,2715.0
2.0,39431.0,2873.0,2860.0,0.0,0.0,0.0,1936.0,924.0,600.0,2273.0
2.0,36558.0,3630.0,2820.0,0.0,0.0,0.0,1878.0,942.0,2707.0,923.0
2.0,32928.0,4804.0,2854.0,0.0,0.0,0.0,1912.0,942.0,4804.0,0.0
2.0,28124.0,6304.0,2976.0,0.0,0.0,0.0,2034.0,942.0,6304.0,0.0
2.0,21820.0,5697.0,3078.0,0.0,0.0,0.0,2143.0,935.0,5697.0,0.0
2.0,16123.0,2985.0,3110.0,0.0,2412.0,2412.0,2200.0,910.0,2985.0,0.0
2.0,13138.0,0.0,3069.0,0.0,2207.0,2207.0,2200.0,869.0,0.0,0.0
2.0,13138.0,401.0,3025.0,0.0,2388.0,2388.0,2200.0,825.0,0.0,401.0
2.0,12737.0,1301.0,2998.0,2412.0,1142.0,1142.0,2191.0,807.0,0.0,1301.0
2.0,13848.0,2195.0,2972.0,2207.0,1000.0,1000.0,2142.0,830.0,0.0,2195.0
2.0,13860.0,2686.0,2934.0,2388.0,1108.0,1108.0,2053.0,881.0,0.0,2686.0
2.0,13562.0,2812.0,2869.0,1142.0,2453.0,2453.0,1944.0,925.0,534.0,2278.0
2.0,11892.0,3583.0,2829.0,1000.0,4836.0,4836.0,1885.0,944.0,2610.0,973.0
2.0,9309.0,4690.0,2859.0,1108.0,8568.0,8568.0,1915.0,944.0,4690.0,0.0
2.0,5727.0,6234.0,2979.0,2453.0,12949.0,12949.0,2035.0,944.0,6234.0,0.0
2.0,1946.0,5699.0,3081.0,4836.0,14322.0,14322.0,2144.0,937.0,5699.0,0.0
2.0,1083.0,3085.0,3117.0,8568.0,9019.0,9019.0,2204.0,913.0,3085.0,0.0
2.0,6566.0,0.0,3077.0,12949.0,0.0,0.0,2204.0,873.0,0.0,0.0
2.0,19515.0,376.0,3033.0,14322.0,0.0,0.0,2204.0,829.0,0.0,376.0
2.0,33461.0,1263.0,3006.0,9019.0,0.0,0.0,2196.0,810.0,0.0,1263.0
2.0,41217.0,2150.0,2979.0,0.0,0.0,0.0,2148.0,831.0,0.0,2150.0
2.0,39067.0,2662.0,2943.0,0.0,0.0,0.0,2061.0,882.0,0.0,2662.0
2.0,36405.0,2798.0,2879.0,0.0,0.0,0.0,1953.0,926.0,511.0,2287.0
2.0,33607.0,3615.0,2838.0,0.0,0.0,0.0,1892.0,946.0,2588.0,1027.0
2.0,29992.0,4669.0,2865.0,0.0,0.0,0.0,1919.0,946.0,4669.0,0.0
2.0,25323.0,6242.0,2985.0,0.0,0.0,0.0,2039.0,946.0,6242.0,0.0
2.0,19081.0,5743.0,3088.0,0.0,2102.0,2102.0,2149.0,939.0,5743.0,0.0
2.0,13338.0,3159.0,3124.0,0.0,5441.0,5441.0,2210.0,914.0,3159.0,0.0
2.0,10179.0,0.0,3083.0,0.0,5236.0,5236.0,2210.0,873.0,0.0,0.0
2.0,10179.0,419.0,3040.0,2102.0,3338.0,3338.0,2210.0,830.0,0.0,419.0
2.0,11862.0,1316.0,3013.0,5441.0,0.0,0.0,2201.0,812.0,0.0,1316.0
2.0,15987.0,2214.0,2987.0,5236.0,0.0,0.0,2152.0,835.0,0.0,2214.0
2.0,19009.0,2695.0,2948.0,3338.0,0.0,0.0,2062.0,886.0,0.0,2695.0
2.0,19652.0,2876.0,2884.0,0.0,0.0,0.0,1954.0,930.0,597.0,2279.0
2.0,16776.0,3674.0,2844.0,0.0,1118.0,1118.0,1895.0,949.0,2702.0,972.0
2.0,13102.0,4812.0,2875.0,0.0,6085.0,6085.0,1926.0,949.0,4812.0,0.0
2.0,8290.0,6331.0,2997.0,0.0,13026.0,13026.0,2048.0,949.0,6331.0,0.0
2.0,1959.0,5751.0,3099.0,1118.0,15495.0,15495.0,2158.0,941.0,5751.0,0.0
2.0,0.0,3057.0,3132.0,6085.0,15306.0,15306.0,2217.0,915.0,3057.0,0.0
2.0,354.0,0.0,3090.0,13026.0,2070.0,2070.0,2217.0,873.0,0.0,0.0
2.0,13380.0,474.0,3047.0,15495.0,0.0,0.0,2217.0,830.0,0.0,474.0
2.0,28401.0,1384.0,3019.0,15306.0,0.0,0.0,2206.0,813.0,0.0,1384.0
2.0,42323.0,2295.0,2992.0,2070.0,0.0,0.0,2154.0,838.0,0.0,2295.0
2.0,42098.0,2739.0,2953.0,0.0,0.0,0.0,2062.0,891.0,0.0,2739.0
2.0,39359.0,2959.0,2889.0,0.0,0.0,0.0,1954.0,935.0,692.0,2267.0
2.0,36400.0,3719.0,2850.0,0.0,0.0,0.0,1898.0,952.0,2832.0,887.0
2.0,32681.0,4965.0,2887.0,0.0,0.0,0.0,1935.0,952.0,4965.0,0.0
2.0,27716.0,6407.0,3010.0,0.0,0.0,0.0,2058.0,952.0,6407.0,0.0
2.0,21309.0,5708.0,3111.0,0.0,0.0,0.0,2168.0,943.0,5708.0,0.0
2.0,15601.0,2884.0,3140.0,0.0,2983.0,2983.0,2223.0,917.0,2884.0,0.0
2.0,12717.0,0.0,3097.0,0.0,2768.0,2768.0,2223.0,874.0,0.0,0.0
2.0,12717.0,482.0,3054.0,0.0,3035.0,3035.0,2223.0,831.0,0.0,482.0
2.0,12235.0,1400.0,3026.0,2983.0,1312.0,1312.0,2212.0,814.0,0.0,1400.0
2.0,13818.0,2310.0,3000.0,2768.0,724.0,724.0,2159.0,841.0,0.0,2310.0
2.0,14276.0,2739.0,2961.0,3035.0,233.0,233.0,2067.0,894.0,0.0,2739.0
2.0,14572.0,2920.0,2896.0,1312.0,1516.0,1516.0,1959.0,937.0,671.0,2249.0
2.0,12964.0,3643.0,2856.0,724.0,4235.0,4235.0,1903.0,953.0,2794.0,849.0
2.0,10045.0,4918.0,2893.0,233.0,9105.0,9105.0,1940.0,953.0,4918.0,0.0
2.0,5360.0,6367.0,3016.0,1516.0,14571.0,14571.0,2063.0,953.0,6367.0,0.0
2.0,509.0,5689.0,3118.0,4235.0,15590.0,15590.0,2172.0,946.0,5689.0,0.0
2.0,0.0,2883.0,3148.0,9105.0,10463.0,10463.0,2227.0,921.0,2883.0,0.0
2.0,5277.0,0.0,3105.0,14571.0,0.0,0.0,2227.0,878.0,0.0,0.0
2.0,19848.0,457.0,3062.0,15590.0,0.0,0.0,2227.0,835.0,0.0,457.0
2.0,34981.0,1359.0,3035.0,10463.0,0.0,0.0,2217.0,818.0,0.0,1359.0
2.0,44085.0,2260.0,3010.0,0.0,0.0,0.0,2167.0,843.0,0.0,2260.0
2.0,41825.0,2704.0,2972.0,0.0,0.0,0.0,2077.0,895.0,0.0,2704.0
2.0,39121.0,2833.0,2906.0,0.0,0.0,0.0,1968.0,938.0,589.0,2244.0
2.0,36288.0,3580.0,2865.0,0.0,0.0,0.0,1910.0,955.0,2692.0,888.0
2.0,32708.0,4787.0,2898.0,0.0,0.0,0.0,1943.0,955.0,4787.0,0.0
2.0,27921.0,6302.0,3019.0,0.0,0.0,0.0,2064.0,955.0,6302.0,0.0
2.0,21619.0,5713.0,3122.0,0.0,0.0,0.0,2174.0,948.0,5713.0,0.0
2.0,15906.0,3029.0,3155.0,0.0,2898.0,2898.0,2232.0,923.0,3029.0,0.0
2.0,12877.0,0.0,3114.0,0.0,2693.0,2693.0,2232.0,882.0,0.0,0.0
2.0,12877.0,450.0,3071.0,0.0,2928.0,2928.0,2232.0,839.0,0.0,450.0
2.0,12427.0,1348.0,3044.0,2898.0,1243.0,1243.0,2223.0,821.0,0.0,1348.0
2.0,13977.0,2247.0,3018.0,2693.0,667.0,667.0,2173.0,845.0,0.0,2247.0
2.0,14423.0,2704.0,2980.0,2928.0,253.0,253.0,2083.0,897.0,0.0,2704.0
2.0,14647.0,2854.0,2914.0,1243.0,1534.0,1534.0,1974.0,940.0,597.0,2257.0
2.0,13036.0,3614.0,2874.0,667.0,4281.0,4281.0,1916.0,958.0,2702.0,912.0
2.0,10089.0,4809.0,2906.0,253.0,8997.0,8997.0,1948.0,958.0,4809.0,0.0
2.0,5533.0,6326.0,3027.0,1534.0,14394.0,14394.0,2069.0,958.0,6326.0,0.0
2.0,741.0,5740.0,3130.0,4281.0,15650.0,15650.0,2180.0,950.0,5740.0,0.0
2.0,0.0,3051.0,3162.0,8997.0,10582.0,10582.0,2238.0,924.0,3051.0,0.0
2.0,5228.0,0.0,3120.0,14394.0,0.0,0.0,2238.0,882.0,0.0,0.0
2.0,19622.0,480.0,3077.0,15650.0,0.0,0.0,2238.0,839.0,0.0,480.0
2.0,34792.0,1392.0,3049.0,10582.0,0.0,0.0,2227.0,822.0,0.0,1392.0
2.0,43982.0,2306.0,3023.0,0.0,0.0,0.0,2175.0,848.0,0.0,2306.0
2.0,41676.0,2745.0,2983.0,0.0,0.0,0.0,2082.0,901.0,0.0,2745.0
2.0,38931.0,2975.0,2918.0,0.0,0.0,0.0,1974.0,944.0,709.0,2266.0
2.0,35956.0,3735.0,2880.0,0.0,0.0,0.0,1919.0,961.0,2857.0,878.0
2.0,32221.0,5001.0,2917.0,0.0,0.0,0.0,1956.0,961.0,5001.0,0.0
2.0,27220.0,6441.0,3041.0,0.0,0.0,0.0,2080.0,961.0,6441.0,0.0
2.0,20779.0,5734.0,3142.0,0.0,665.0,665.0,2190.0,952.0,5734.0,0.0
2.0,15045.0,2886.0,3171.0,0.0,3696.0,3696.0,2246.0,925.0,2886.0,0.0
2.0,12159.0,0.0,3127.0,0.0,3476.0,3476.0,2246.0,881.0,0.0,0.0
2.0,12159.0,518.0,3084.0,665.0,3114.0,3114.0,2246.0,838.0,0.0,518.0
2.0,12306.0,1441.0,3055.0,3696.0,714.0,714.0,2232.0,823.0,0.0,1441.0
2.0,14561.0,2370.0,3029.0,3476.0,0.0,0.0,2178.0,851.0,0.0,2370.0
2.0,15667.0,2776.0,2986.0,3114.0,0.0,0.0,2082.0,904.0,0.0,2776.0
2.0,16005.0,3029.0,2922.0,714.0,920.0,920.0,1974.0,948.0,770.0,2259.0
2.0,13690.0,3743.0,2885.0,0.0,4478.0,4478.0,1921.0,964.0,2929.0,814.0
2.0,9947.0,5084.0,2927.0,0.0,9772.0,9772.0,1963.0,964.0,5084.0,0.0
2.0,4863.0,6471.0,3051.0,920.0,15255.0,15255.0,2087.0,964.0,6471.0,0.0
2.0,0.0,5696.0,3151.0,4478.0,15755.0,15755.0,2197.0,954.0,5696.0,0.0
2.0,0.0,2773.0,3177.0,9772.0,10792.0,10792.0,2250.0,927.0,2773.0,0.0
2.0,5093.0,0.0,3133.0,15255.0,0.0,0.0,2250.0,883.0,0.0,0.0
2.0,20348.0,502.0,3090.0,15755.0,0.0,0.0,2250.0,840.0,0.0,502.0
2.0,35601.0,1421.0,3061.0,10792.0,0.0,0.0,2237.0,824.0,0.0,1421.0
2.0,44972.0,2346.0,3037.0,0.0,0.0,0.0,2184.0,853.0,0.0,2346.0
2.0,42626.0,2762.0,2995.0,0.0,0.0,0.0,2089.0,906.0,0.0,2762.0
2.0,39864.0,2969.0,2929.0,0.0,0.0,0.0,1980.0,949.0,711.0,2258.0
2.0,36895.0,3686.0,2891.0,0.0,0.0,0.0,1926.0,965.0,2857.0,829.0
2.0,33209.0,4995.0,2931.0,0.0,0.0,0.0,1966.0,965.0,4995.0,0.0
2.0,28214.0,6421.0,3055.0,0.0,0.0,0.0,2090.0,965.0,6421.0,0.0
2.0,21793.0,5697.0,3155.0,0.0,0.0,0.0,2199.0,956.0,5697.0,0.0
2.0,16096.0,2836.0,3184.0,0.0,2660.0,2660.0,2254.0,930.0,2836.0,0.0
2.0,13260.0,0.0,3141.0,0.0,2445.0,2445.0,2254.0,887.0,0.0,0.0
2.0,13260.0,463.0,3098.0,0.0,2693.0,2693.0,2254.0,844.0,0.0,463.0
2.0,12797.0,1378.0,3070.0,2660.0,1271.0,1271.0,2243.0,827.0,0.0,1378.0
2.0,14079.0,2287.0,3045.0,2445.0,988.0,988.0,2191.0,854.0,0.0,2287.0
2.0,14237.0,2733.0,3006.0,2693.0,833.0,833.0,2099.0,907.0,0.0,2733.0
2.0,14197.0,2896.0,2940.0,1271.0,2128.0,2128.0,1990.0,950.0,633.0,2263.0
2.0,12572.0,3642.0,2900.0,988.0,4582.0,4582.0,1933.0,967.0,2758.0,884.0
2.0,9918.0,4882.0,2936.0,833.0,8811.0,8811.0,1969.0,967.0,4882.0,0.0
2.0,5869.0,6370.0,3058.0,2128.0,13663.0,13663.0,2091.0,967.0,6370.0,0.0
2.0,1627.0,5733.0,3159.0,4582.0,15319.0,15319.0,2201.0,958.0,5733.0,0.0
2.0,476.0,2981.0,3192.0,8811.0,9654.0,9654.0,2259.0,933.0,2981.0,0.0
2.0,6306.0,0.0,3148.0,13663.0,0.0,0.0,2259.0,889.0,0.0,0.0
2.0,19969.0,470.0,3105.0,15319.0,0.0,0.0,2259.0,846.0,0.0,470.0
2.0,34818.0,1382.0,3077.0,9654.0,0.0,0.0,2247.0,830.0,0.0,1382.0
2.0,43090.0,2295.0,3051.0,0.0,0.0,0.0,2195.0,856.0,0.0,2295.0
2.0,40795.0,2738.0,3012.0,0.0,0.0,0.0,2103.0,909.0,0.0,2738.0
2.0,38057.0,2951.0,2946.0,0.0,0.0,0.0,1994.0,952.0,681.0,2270.0
2.0,35106.0,3720.0,2908.0,0.0,0.0,0.0,1938.0,970.0,2824.0,896.0
2.0,31386.0,4968.0,2945.0,0.0,0.0,0.0,1975.0,970.0,4968.0,0.0
2.0,26418.0,6437.0,3069.0,0.0,0.0,0.0,2099.0,970.0,6437.0,0.0
2.0,19981.0,5765.0,3170.0,0.0,1634.0,1634.0,2210.0,960.0,5765.0,0.0
2.0,14216.0,2955.0,3200.0,0.0,4739.0,4739.0,2266.0,934.0,2955.0,0.0
2.0,11261.0,0.0,3155.0,0.0,4514.0,4514.0,2266.0,889.0,0.0,0.0
2.0,11261.0,527.0,3113.0,1634.0,3197.0,3197.0,2266.0,847.0,0.0,527.0
2.0,12368.0,1454.0,3084.0,4739.0,0.0,0.0,2253.0,831.0,0.0,1454.0
2.0,15653.0,2380.0,3058.0,4514.0,0.0,0.0,2198.0,860.0,0.0,2380.0
2.0,17787.0,2781.0,3015.0,3197.0,0.0,0.0,2102.0,913.0,0.0,2781.0
2.0,18203.0,3051.0,2950.0,0.0,0.0,0.0,1993.0,957.0,790.0,2261.0
2.0,15152.0,3769.0,2912.0,0.0,3177.0,3177.0,1940.0,972.0,2959.0,810.0
2.0,11383.0,5140.0,2955.0,0.0,8532.0,8532.0,1983.0,972.0,5140.0,0.0
2.0,6243.0,6525.0,3080.0,0.0,15400.0,15400.0,2108.0,972.0,6525.0,0.0
2.0,0.0,5749.0,3181.0,3177.0,15905.0,15905.0,2219.0,962.0,5749.0,0.0
2.0,0.0,2785.0,3208.0,8532.0,13147.0,13147.0,2273.0,935.0,2785.0,0.0
2.0,2893.0,0.0,3162.0,15400.0,0.0,0.0,2273.0,889.0,0.0,0.0
2.0,18293.0,562.0,3120.0,15905.0,0.0,0.0,2273.0,847.0,0.0,562.0
2.0,33636.0,1497.0,3090.0,13147.0,0.0,0.0,2258.0,832.0,0.0,1497.0
2.0,45286.0,2431.0,3064.0,0.0,0.0,0.0,2201.0,863.0,0.0,2431.0
2.0,42855.0,2808.0,3021.0,0.0,0.0,0.0,2104.0,917.0,0.0,2808.0
2.0,40047.0,3070.0,2955.0,0.0,0.0,0.0,1995.0,960.0,826.0,2244.0
2.0,36977.0,3750.0,2918.0,0.0,0.0,0.0,1943.0,975.0,3004.0,746.0
2.0,33227.0,5185.0,2965.0,0.0,0.0,0.0,1990.0,975.0,5185.0,0.0
2.0,28042.0,6533.0,3090.0,0.0,0.0,0.0,2115.0,975.0,6533.0,0.0
2.0,21509.0,5706.0,3190.0,0.0,147.0,147.0,2225.0,965.0,5706.0,0.0
2.0,15803.0,2696.0,3215.0,0.0,2968.0,2968.0,2277.0,938.0,2696.0,0.0
2.0,13107.0,0.0,3169.0,0.0,2738.0,2738.0,2277.0,892.0,0.0,0.0
2.0,13107.0,539.0,3127.0,147.0,2920.0,2920.0,2277.0,850.0,0.0,539.0
2.0,12715.0,1466.0,3097.0,2968.0,1268.0,1268.0,2263.0,834.0,0.0,1466.0
2.0,14217.0,2398.0,3073.0,2738.0,808.0,808.0,2208.0,865.0,0.0,2398.0
2.0,14557.0,2785.0,3030.0,2920.0,458.0,458.0,2112.0,918.0,0.0,2785.0
2.0,14692.0,3002.0,2964.0,1268.0,1862.0,1862.0,2003.0,961.0,759.0,2243.0
2.0,12958.0,3689.0,2926.0,808.0,4553.0,4553.0,1950.0,976.0,2920.0,769.0
2.0,10077.0,5074.0,2969.0,458.0,9384.0,9384.0,1993.0,976.0,5074.0,0.0
2.0,5461.0,6472.0,3094.0,1862.0,14619.0,14619.0,2118.0,976.0,6472.0,0.0
2.0,851.0,5702.0,3194.0,4553.0,15970.0,15970.0,2227.0,967.0,5702.0,0.0
2.0,0.0,2775.0,3222.0,9384.0,9799.0,9799.0,2281.0,941.0,2775.0,0.0
2.0,6311.0,0.0,3178.0,14619.0,0.0,0.0,2281.0,897.0,0.0,0.0
2.0,20930.0,503.0,3135.0,15970.0,0.0,0.0,2281.0,854.0,0.0,503.0
2.0,36397.0,1427.0,3106.0,9799.0,0.0,0.0,2268.0,838.0,0.0,1427.0
2.0,44769.0,2345.0,3081.0,0.0,0.0,0.0,2215.0,866.0,0.0,2345.0
2.0,42424.0,2762.0,3040.0,0.0,0.0,0.0,2121.0,919.0,0.0,2762.0
2.0,39662.0,2970.0,2975.0,0.0,0.0,0.0,2013.0,962.0,716.0,2254.0
2.0,36692.0,3698.0,2936.0,0.0,0.0,0.0,1958.0,978.0,2869.0,829.0
2.0,32994.0,5020.0,2975.0,0.0,0.0,0.0,1997.0,978.0,5020.0,0.0
2.0,27974.0,6458.0,3099.0,0.0,0.0,0.0,2121.0,978.0,6458.0,0.0
2.0,21516.0,5736.0,3200.0,0.0,220.0,220.0,2231.0,969.0,5736.0,0.0
2.0,15780.0,2874.0,3230.0,0.0,3244.0,3244.0,2287.0,943.0,2874.0,0.0
2.0,12906.0,0.0,3186.0,0.0,3024.0,3024.0,2287.0,899.0,0.0,0.0
2.0,12906.0,526.0,3143.0,220.0,3115.0,3115.0,2287.0,856.0,0.0,526.0
2.0,12600.0,1451.0,3114.0,3244.0,1177.0,1177.0,2274.0,840.0,0.0,1451.0
2.0,14393.0,2377.0,3088.0,3024.0,400.0,400.0,2219.0,869.0,0.0,2377.0
2.0,15040.0,2779.0,3046.0,3115.0,0.0,0.0,2124.0,922.0,0.0,2779.0
2.0,15376.0,3055.0,2981.0,1177.0,1407.0,1407.0,2015.0,966.0,796.0,2259.0
2.0,13498.0,3783.0,2942.0,400.0,4595.0,4595.0,1961.0,981.0,2966.0,817.0
2.0,10115.0,5141.0,2984.0,0.0,9946.0,9946.0,2003.0,981.0,5141.0,0.0
2.0,4974.0,6530.0,3110.0,1407.0,15550.0,15550.0,2129.0,981.0,6530.0,0.0
2.0,0.0,5741.0,3210.0,4595.0,16050.0,16050.0,2239.0,971.0,5741.0,0.0
2.0,0.0,2790.0,3236.0,9946.0,10319.0,10319.0,2293.0,943.0,2790.0,0.0
2.0,5861.0,0.0,3190.0,15550.0,0.0,0.0,2293.0,897.0,0.0,0.0
2.0,21411.0,579.0,3148.0,16050.0,0.0,0.0,2293.0,855.0,0.0,579.0
2.0,36882.0,1521.0,3119.0,10319.0,0.0,0.0,2278.0,841.0,0.0,1521.0
2.0,45680.0,2463.0,3094.0,0.0,0.0,0.0,2221.0,873.0,0.0,2463.0
2.0,43217.0,2825.0,3049.0,0.0,0.0,0.0,2122.0,927.0,0.0,2825.0
2.0,40392.0,3167.0,2984.0,0.0,0.0,0.0,2014.0,970.0,916.0,2251.0
2.0,37225.0,3848.0,2948.0,0.0,0.0,0.0,1964.0,984.0,3117.0,731.0
2.0,33377.0,5315.0,2996.0,0.0,0.0,0.0,2012.0,984.0,5315.0,0.0
2.0,28062.0,6608.0,3123.0,0.0,0.0,0.0,2139.0,984.0,6608.0,0.0
2.0,21454.0,5697.0,3223.0,0.0,358.0,358.0,2249.0,974.0,5697.0,0.0
2.0,15757.0,2590.0,3244.0,0.0,3053.0,3053.0,2299.0,945.0,2590.0,0.0
2.0,13167.0,0.0,3197.0,0.0,2818.0,2818.0,2299.0,898.0,0.0,0.0
2.0,13167.0,594.0,3154.0,358.0,2839.0,2839.0,2299.0,855.0,0.0,594.0
2.0,12931.0,1540.0,3125.0,3053.0,1181.0,1181.0,2283.0,842.0,0.0,1540.0
2.0,14444.0,2485.0,3100.0,2818.0,723.0,723.0,2225.0,875.0,0.0,2485.0
2.0,14777.0,2839.0,3055.0,2839.0,498.0,498.0,2125.0,930.0,0.0,2839.0
2.0,14777.0,3171.0,2991.0,1181.0,2168.0,2168.0,2018.0,973.0,931.0,2240.0
2.0,12787.0,3827.0,2954.0,723.0,5087.0,5087.0,1968.0,986.0,3130.0,697.0
2.0,9683.0,5335.0,3005.0,498.0,10179.0,10179.0,2019.0,986.0,5335.0,0.0
2.0,4846.0,6601.0,3132.0,2168.0,15247.0,15247.0,2146.0,986.0,6601.0,0.0
2.0,413.0,5666.0,3231.0,5087.0,16155.0,16155.0,2255.0,976.0,5666.0,0.0
2.0,0.0,2519.0,3251.0,10179.0,8761.0,8761.0,2303.0,948.0,2519.0,0.0
2.0,7494.0,0.0,3205.0,15247.0,0.0,0.0,2303.0,902.0,0.0,0.0
2.0,22741.0,558.0,3162.0,16155.0,0.0,0.0,2303.0,859.0,0.0,558.0
2.0,38338.0,1492.0,3133.0,8761.0,0.0,0.0,2289.0,844.0,0.0,1492.0
2.0,45607.0,2430.0,3108.0,0.0,0.0,0.0,2232.0,876.0,0.0,2430.0
2.0,43177.0,2805.0,3065.0,0.0,0.0,0.0,2135.0,930.0,0.0,2805.0
2.0,40372.0,3074.0,3000.0,0.0,0.0,0.0,2026.0,974.0,830.0,2244.0
2.0,37298.0,3757.0,2963.0,0.0,0.0,0.0,1975.0,988.0,3009.0,748.0
2.0,33541.0,5187.0,3009.0,0.0,0.0,0.0,2021.0,988.0,5187.0,0.0
2.0,28354.0,6528.0,3134.0,0.0,0.0,0.0,2146.0,988.0,6528.0,0.0
2.0,21826.0,5693.0,3234.0,0.0,37.0,37.0,2256.0,978.0,5693.0,0.0
2.0,16133.0,2678.0,3258.0,0.0,2835.0,2835.0,2307.0,951.0,2678.0,0.0
2.0,13455.0,0.0,3213.0,0.0,2610.0,2610.0,2307.0,906.0,0.0,0.0
2.0,13455.0,544.0,3170.0,37.0,2902.0,2902.0,2307.0,863.0,0.0,544.0
2.0,12948.0,1474.0,3142.0,2835.0,1401.0,1401.0,2294.0,848.0,0.0,1474.0
2.0,14309.0,2404.0,3116.0,2610.0,1065.0,1065.0,2238.0,878.0,0.0,2404.0
2.0,14515.0,2792.0,3074.0,2902.0,745.0,745.0,2142.0,932.0,0.0,2792.0
2.0,14625.0,3075.0,3009.0,1401.0,2094.0,2094.0,2034.0,975.0,827.0,2248.0
2.0,12951.0,3785.0,2971.0,1065.0,4624.0,4624.0,1981.0,990.0,3005.0,780.0
2.0,10231.0,5183.0,3016.0,745.0,9287.0,9287.0,2026.0,990.0,5183.0,0.0
2.0,5793.0,6541.0,3141.0,2094.0,14359.0,14359.0,2151.0,990.0,6541.0,0.0
2.0,1346.0,5714.0,3241.0,4624.0,15949.0,15949.0,2261.0,980.0,5714.0,0.0
2.0,256.0,2710.0,3265.0,9287.0,9492.0,9492.0,2313.0,952.0,2710.0,0.0
2.0,6833.0,0.0,3220.0,14359.0,0.0,0.0,2313.0,907.0,0.0,0.0
2.0,21192.0,575.0,3177.0,15949.0,0.0,0.0,2313.0,864.0,0.0,575.0
2.0,36566.0,1516.0,3148.0,9492.0,0.0,0.0,2298.0,850.0,0.0,1516.0
2.0,44542.0,2456.0,3122.0,0.0,0.0,0.0,2241.0,881.0,0.0,2456.0
2.0,42086.0,2823.0,3078.0,0.0,0.0,0.0,2142.0,936.0,0.0,2823.0
2.0,39263.0,3181.0,3013.0,0.0,0.0,0.0,2034.0,979.0,931.0,2250.0
2.0,36082.0,3886.0,2977.0,0.0,0.0,0.0,1984.0,993.0,3142.0,744.0
2.0,32196.0,5350.0,3027.0,0.0,0.0,0.0,2034.0,993.0,5350.0,0.0
2.0,26846.0,6640.0,3154.0,0.0,0.0,0.0,2161.0,993.0,6640.0,0.0
2.0,20206.0,5712.0,3253.0,0.0,1771.0,1771.0,2271.0,982.0,5712.0,0.0
2.0,14494.0,2584.0,3274.0,0.0,4460.0,4460.0,2321.0,953.0,2584.0,0.0
2.0,11910.0,0.0,3226.0,0.0,4220.0,4220.0,2321.0,905.0,0.0,0.0
2.0,11910.0,631.0,3184.0,1771.0,2870.0,2870.0,2321.0,863.0,0.0,631.0
2.0,13050.0,1583.0,3153.0,4460.0,0.0,0.0,2303.0,850.0,0.0,1583.0
2.0,15927.0,2536.0,3128.0,4220.0,0.0,0.0,2243.0,885.0,0.0,2536.0
2.0,17611.0,2859.0,3081.0,2870.0,0.0,0.0,2141.0,940.0,0.0,2859.0
2.0,17622.0,3240.0,3016.0,0.0,698.0,698.0,2033.0,983.0,1005.0,2235.0
2.0,14382.0,3897.0,2982.0,0.0,4425.0,4425.0,1986.0,996.0,3242.0,655.0
2.0,10485.0,5470.0,3038.0,0.0,10175.0,10175.0,2042.0,996.0,5470.0,0.0
2.0,5015.0,6701.0,3166.0,698.0,15830.0,15830.0,2170.0,996.0,6701.0,0.0
2.0,0.0,5684.0,3264.0,4425.0,16320.0,16320.0,2280.0,984.0,5684.0,0.0
2.0,0.0,2451.0,3282.0,10175.0,10933.0,10933.0,2327.0,955.0,2451.0,0.0
2.0,5477.0,0.0,3234.0,15830.0,0.0,0.0,2327.0,907.0,0.0,0.0
2.0,21307.0,639.0,3192.0,16320.0,0.0,0.0,2327.0,865.0,0.0,639.0
2.0,36988.0,1591.0,3161.0,10933.0,0.0,0.0,2309.0,852.0,0.0,1591.0
2.0,46330.0,2544.0,3137.0,0.0,0.0,0.0,2249.0,888.0,0.0,2544.0
2.0,43786.0,2859.0,3089.0,0.0,0.0,0.0,2146.0,943.0,0.0,2859.0
2.0,40927.0,3173.0,3023.0,0.0,0.0,0.0,2038.0,985.0,956.0,2217.0
2.0,37754.0,3799.0,2987.0,0.0,0.0,0.0,1990.0,997.0,3177.0,622.0
2.0,33955.0,5392.0,3042.0,0.0,0.0,0.0,2045.0,997.0,5392.0,0.0
2.0,28563.0,6654.0,3170.0,0.0,0.0,0.0,2173.0,997.0,6654.0,0.0
2.0,21909.0,5690.0,3268.0,0.0,121.0,121.0,2282.0,986.0,5690.0,0.0
2.0,16219.0,2510.0,3289.0,0.0,2736.0,2736.0,2331.0,958.0,2510.0,0.0
2.0,13709.0,0.0,3242.0,0.0,2501.0,2501.0,2331.0,911.0,0.0,0.0
2.0,13709.0,606.0,3200.0,121.0,2776.0,2776.0,2331.0,869.0,0.0,606.0
2.0,13224.0,1548.0,3170.0,2736.0,1438.0,1438.0,2315.0,855.0,0.0,1548.0
2.0,14412.0,2493.0,3146.0,2501.0,1310.0,1310.0,2257.0,889.0,0.0,2493.0
2.0,14420.0,2829.0,3100.0,2776.0,1133.0,1133.0,2157.0,943.0,0.0,2829.0
2.0,14367.0,3075.0,3034.0,1438.0,2440.0,2440.0,2048.0,986.0,855.0,2220.0
2.0,12730.0,3722.0,2996.0,1310.0,4662.0,4662.0,1997.0,999.0,3055.0,667.0
2.0,10318.0,5252.0,3046.0,1133.0,9031.0,9031.0,2047.0,999.0,5252.0,0.0
2.0,6199.0,6602.0,3173.0,2440.0,13828.0,13828.0,2174.0,999.0,6602.0,0.0
2.0,2037.0,5743.0,3272.0,4662.0,15404.0,15404.0,2284.0,988.0,5743.0,0.0
2.0,956.0,2693.0,3296.0,9031.0,9186.0,9186.0,2336.0,960.0,2693.0,0.0
2.0,7294.0,0.0,3250.0,13828.0,0.0,0.0,2336.0,914.0,0.0,0.0
2.0,21122.0,603.0,3208.0,15404.0,0.0,0.0,2336.0,872.0,0.0,603.0
2.0,35923.0,1549.0,3178.0,9186.0,0.0,0.0,2320.0,858.0,0.0,1549.0
2.0,43560.0,2492.0,3153.0,0.0,0.0,0.0,2262.0,891.0,0.0,2492.0
2.0,41068.0,2831.0,3109.0,0.0,0.0,0.0,2163.0,946.0,0.0,2831.0
2.0,38237.0,3075.0,3041.0,0.0,0.0,0.0,2053.0,988.0,851.0,2224.0
2.0,35162.0,3741.0,3003.0,0.0,0.0,0.0,2002.0,1001.0,3063.0,678.0
2.0,31421.0,5267.0,3052.0,0.0,0.0,0.0,2051.0,1001.0,5267.0,0.0
2.0,26154.0,6633.0,3180.0,0.0,0.0,0.0,2179.0,1001.0,6633.0,0.0
2.0,19521.0,5787.0,3280.0,0.0,2666.0,2666.0,2290.0,990.0,5787.0,0.0
2.0,13734.0,2741.0,3304.0,0.0,5527.0,5527.0,2343.0,961.0,2741.0,0.0
2.0,10993.0,0.0,3257.0,0.0,5292.0,5292.0,2343.0,914.0,0.0,0.0
2.0,10993.0,652.0,3215.0,2666.0,3068.0,3068.0,2343.0,872.0,0.0,652.0
2.0,13007.0,1606.0,3185.0,5527.0,0.0,0.0,2325.0,860.0,0.0,1606.0
2.0,16928.0,2562.0,3160.0,5292.0,0.0,0.0,2265.0,895.0,0.0,2562.0
2.0,19658.0,2866.0,3112.0,3068.0,0.0,0.0,2162.0,950.0,0.0,2866.0
2.0,19860.0,3182.0,3046.0,0.0,0.0,0.0,2053.0,993.0,964.0,2218.0
2.0,16678.0,3827.0,3009.0,0.0,2194.0,2194.0,2004.0,1005.0,3206.0,621.0
2.0,12851.0,5457.0,3065.0,0.0,7931.0,7931.0,2060.0,1005.0,5457.0,0.0
2.0,7394.0,6738.0,3194.0,0.0,15314.0,15314.0,2189.0,1005.0,6738.0,0.0
2.0,656.0,5777.0,3292.0,2194.0,16460.0,16460.0,2300.0,992.0,5777.0,0.0
2.0,0.0,2573.0,3312.0,7931.0,14129.0,14129.0,2350.0,962.0,2573.0,0.0
2.0,2431.0,0.0,3263.0,15314.0,0.0,0.0,2350.0,913.0,0.0,0.0
2.0,17745.0,698.0,3222.0,16460.0,0.0,0.0,2350.0,872.0,0.0,698.0
2.0,33507.0,1664.0,3191.0,14129.0,0.0,0.0,2330.0,861.0,0.0,1664.0
2.0,45972.0,2630.0,3167.0,0.0,0.0,0.0,2268.0,899.0,0.0,2630.0
2.0,43342.0,2897.0,3117.0,0.0,0.0,0.0,2163.0,954.0,0.0,2897.0
2.0,40445.0,3217.0,3051.0,0.0,0.0,0.0,2054.0,997.0,1014.0,2203.0
2.0,37228.0,3801.0,3014.0,0.0,0.0,0.0,2007.0,1007.0,3264.0,537.0
2.0,33427.0,5521.0,3073.0,0.0,0.0,0.0,2066.0,1007.0,5521.0,0.0
2.0,27906.0,6757.0,3203.0,0.0,0.0,0.0,2196.0,1007.0,6757.0,0.0
2.0,21149.0,5746.0,3301.0,0.0,1102.0,1102.0,2306.0,995.0,5746.0,0.0
2.0,15403.0,2471.0,3318.0,0.0,3658.0,3658.0,2354.0,964.0,2471.0,0.0
2.0,12932.0,0.0,3269.0,0.0,3413.0,3413.0,2354.0,915.0,0.0,0.0
2.0,12932.0,685.0,3227.0,1102.0,2786.0,2786.0,2354.0,873.0,0.0,685.0
2.0,13349.0,1646.0,3198.0,3658.0,629.0,629.0,2336.0,862.0,0.0,1646.0
2.0,15361.0,2606.0,3176.0,3413.0,0.0,0.0,2275.0,901.0,0.0,2606.0
2.0,16168.0,2887.0,3127.0,2786.0,0.0,0.0,2171.0,956.0,0.0,2887.0
2.0,16067.0,3173.0,3060.0,629.0,1777.0,1777.0,2062.0,998.0,973.0,2200.0
2.0,13523.0,3757.0,3023.0,0.0,5349.0,5349.0,2014.0,1009.0,3206.0,551.0
2.0,9766.0,5442.0,3079.0,0.0,11071.0,11071.0,2070.0,1009.0,5442.0,0.0
2.0,4324.0,6704.0,3208.0,1777.0,16040.0,16040.0,2199.0,1009.0,6704.0,0.0
2.0,0.0,5726.0,3306.0,5349.0,16530.0,16530.0,2309.0,997.0,5726.0,0.0
2.0,0.0,2510.0,3326.0,11071.0,9049.0,9049.0,2358.0,968.0,2510.0,0.0
2.0,7581.0,0.0,3278.0,16040.0,0.0,0.0,2358.0,920.0,0.0,0.0
2.0,23621.0,639.0,3236.0,16530.0,0.0,0.0,2358.0,878.0,0.0,639.0
2.0,39512.0,1595.0,3207.0,9049.0,0.0,0.0,2341.0,866.0,0.0,1595.0
2.0,46966.0,2547.0,3184.0,0.0,0.0,0.0,2282.0,902.0,0.0,2547.0
2.0,44419.0,2857.0,3138.0,0.0,0.0,0.0,2181.0,957.0,0.0,2857.0
2.0,41562.0,3118.0,3071.0,0.0,0.0,0.0,2072.0,999.0,905.0,2213.0
2.0,38444.0,3743.0,3032.0,0.0,0.0,0.0,2021.0,1011.0,3127.0,616.0
2.0,34701.0,5345.0,3083.0,0.0,0.0,0.0,2072.0,1011.0,5345.0,0.0
2.0,29356.0,6659.0,3212.0,0.0,0.0,0.0,2201.0,1011.0,6659.0,0.0
2.0,22697.0,5753.0,3310.0,0.0,0.0,0.0,2311.0,999.0,5753.0,0.0
2.0,16944.0,2625.0,3332.0,0.0,2341.0,2341.0,2362.0,970.0,2625.0,0.0
2.0,14319.0,0.0,3284.0,0.0,2101.0,2101.0,2362.0,922.0,0.0,0.0
2.0,14319.0,641.0,3242.0,0.0,2532.0,2532.0,2362.0,880.0,0.0,641.0
2.0,13678.0,1601.0,3213.0,2341.0,1647.0,1647.0,2345.0,868.0,0.0,1601.0
2.0,14418.0,2554.0,3190.0,2101.0,1985.0,1985.0,2286.0,904.0,0.0,2554.0
2.0,13965.0,2871.0,3144.0,2532.0,2094.0,2094.0,2185.0,959.0,0.0,2871.0
2.0,13626.0,3197.0,3078.0,1647.0,3314.0,3314.0,2076.0,1002.0,970.0,2227.0
2.0,12076.0,3843.0,3041.0,1985.0,4987.0,4987.0,2027.0,1014.0,3210.0,633.0
2.0,10218.0,5461.0,3093.0,2094.0,8614.0,8614.0,2079.0,1014.0,5461.0,0.0
2.0,6851.0,6742.0,3223.0,3314.0,12692.0,12692.0,2209.0,1014.0,6742.0,0.0
2.0,3423.0,5781.0,3321.0,4987.0,13976.0,13976.0,2320.0,1001.0,5781.0,0.0
2.0,2629.0,2577.0,3339.0,8614.0,8029.0,8029.0,2369.0,970.0,2577.0,0.0
2.0,8666.0,0.0,3290.0,12692.0,0.0,0.0,2369.0,921.0,0.0,0.0
2.0,21358.0,697.0,3249.0,13976.0,0.0,0.0,2369.0,880.0,0.0,697.0
2.0,34637.0,1665.0,3220.0,8029.0,0.0,0.0,2351.0,869.0,0.0,1665.0
2.0,41001.0,2634.0,3197.0,0.0,0.0,0.0,2289.0,908.0,0.0,2634.0
2.0,38367.0,2906.0,3147.0,0.0,0.0,0.0,2184.0,963.0,0.0,2906.0
2.0,35461.0,3264.0,3081.0,0.0,0.0,0.0,2075.0,1006.0,1051.0,2213.0
2.0,32197.0,3884.0,3045.0,0.0,0.0,0.0,2028.0,1017.0,3327.0,557.0
2.0,28313.0,5605.0,3103.0,0.0,0.0,0.0,2086.0,1017.0,5605.0,0.0
2.0,22708.0,6832.0,3234.0,0.0,294.0,294.0,2217.0,1017.0,6832.0,0.0
2.0,15876.0,5781.0,3332.0,0.0,6565.0,6565.0,2329.0,1003.0,5781.0,0.0
2.0,10095.0,2462.0,3347.0,0.0,9102.0,9102.0,2376.0,971.0,2462.0,0.0
2.0,7633.0,0.0,3297.0,294.0,8558.0,8558.0,2376.0,921.0,0.0,0.0
2.0,7927.0,738.0,3255.0,6565.0,2521.0,2521.0,2376.0,879.0,0.0,738.0
2.0,13754.0,1714.0,3226.0,9102.0,0.0,0.0,2356.0,870.0,0.0,1714.0
2.0,21142.0,2689.0,3205.0,8558.0,0.0,0.0,2294.0,911.0,0.0,2689.0
2.0,27011.0,2926.0,3154.0,2521.0,0.0,0.0,2187.0,967.0,0.0,2926.0
2.0,26606.0,3243.0,3088.0,0.0,0.0,0.0,2078.0,1010.0,1052.0,2191.0
2.0,23363.0,3805.0,3050.0,0.0,0.0,0.0,2031.0,1019.0,3329.0,476.0
2.0,19558.0,5601.0,3110.0,0.0,1593.0,1593.0,2091.0,1019.0,5601.0,0.0
2.0,13957.0,6826.0,3242.0,0.0,9079.0,9079.0,2223.0,1019.0,6826.0,0.0
2.0,7131.0,5763.0,3340.0,0.0,15332.0,15332.0,2334.0,1006.0,5763.0,0.0
2.0,1368.0,2436.0,3354.0,1593.0,16245.0,16245.0,2380.0,974.0,2436.0,0.0
2.0,525.0,0.0,3304.0,9079.0,6916.0,6916.0,2380.0,924.0,0.0,0.0
2.0,9604.0,718.0,3262.0,15332.0,0.0,0.0,2380.0,882.0,0.0,718.0
2.0,24218.0,1685.0,3234.0,16245.0,0.0,0.0,2362.0,872.0,0.0,1685.0
2.0,38778.0,2654.0,3213.0,6916.0,0.0,0.0,2300.0,913.0,0.0,2654.0
2.0,43040.0,2902.0,3163.0,0.0,0.0,0.0,2195.0,968.0,0.0,2902.0
2.0,40138.0,3168.0,3096.0,0.0,0.0,0.0,2085.0,1011.0,980.0,2188.0
2.0,36970.0,3736.0,3057.0,0.0,0.0,0.0,2037.0,1020.0,3237.0,499.0
2.0,33234.0,5491.0,3115.0,0.0,0.0,0.0,2095.0,1020.0,5491.0,0.0
2.0,27743.0,6764.0,3245.0,0.0,0.0,0.0,2225.0,1020.0,6764.0,0.0
2.0,20979.0,5768.0,3344.0,0.0,1509.0,1509.0,2336.0,1008.0,5768.0,0.0
2.0,15211.0,2524.0,3361.0,0.0,4118.0,4118.0,2384.0,977.0,2524.0,0.0
2.0,12687.0,0.0,3312.0,0.0,3873.0,3873.0,2384.0,928.0,0.0,0.0
2.0,12687.0,686.0,3270.0,1509.0,2840.0,2840.0,2384.0,886.0,0.0,686.0
2.0,13510.0,1648.0,3243.0,4118.0,235.0,235.0,2367.0,876.0,0.0,1648.0
2.0,15980.0,2614.0,3221.0,3873.0,0.0,0.0,2307.0,914.0,0.0,2614.0
2.0,17239.0,2890.0,3174.0,2840.0,0.0,0.0,2204.0,970.0,0.0,2890.0
2.0,17189.0,3149.0,3106.0,235.0,1255.0,1255.0,2094.0,1012.0,945.0,2204.0
2.0,14275.0,3741.0,3068.0,0.0,4806.0,4806.0,2045.0,1023.0,3189.0,552.0
2.0,10534.0,5439.0,3122.0,0.0,10515.0,10515.0,2099.0,1023.0,5439.0,0.0
2.0,5095.0,6738.0,3251.0,1255.0,16255.0,16255.0,2228.0,1023.0,6738.0,0.0
2.0,0.0,5802.0,3350.0,4806.0,16750.0,16750.0,2340.0,1010.0,5802.0,0.0
2.0,0.0,2616.0,3369.0,10515.0,10330.0,10330.0,2390.0,979.0,2616.0,0.0
2.0,6515.0,0.0,3320.0,16255.0,0.0,0.0,2390.0,930.0,0.0,0.0
2.0,22770.0,695.0,3278.0,16750.0,0.0,0.0,2390.0,888.0,0.0,695.0
2.0,38825.0,1669.0,3250.0,10330.0,0.0,0.0,2372.0,878.0,0.0,1669.0
2.0,47486.0,2638.0,3226.0,0.0,0.0,0.0,2310.0,916.0,0.0,2638.0
2.0,44848.0,2913.0,3177.0,0.0,0.0,0.0,2205.0,972.0,0.0,2913.0
2.0,41935.0,3257.0,3110.0,0.0,0.0,0.0,2095.0,1015.0,1042.0,2215.0
2.0,38678.0,3863.0,3074.0,0.0,0.0,0.0,2048.0,1026.0,3313.0,550.0
2.0,34815.0,5589.0,3132.0,0.0,0.0,0.0,2106.0,1026.0,5589.0,0.0
2.0,29226.0,6827.0,3263.0,0.0,0.0,0.0,2237.0,1026.0,6827.0,0.0
2.0,22399.0,5800.0,3361.0,0.0,206.0,206.0,2349.0,1012.0,5800.0,0.0
2.0,16599.0,2498.0,3377.0,0.0,2784.0,2784.0,2397.0,980.0,2498.0,0.0
2.0,14101.0,0.0,3326.0,0.0,2529.0,2529.0,2397.0,929.0,0.0,0.0
2.0,14101.0,749.0,3285.0,206.0,2867.0,2867.0,2397.0,888.0,0.0,749.0
2.0,13558.0,1733.0,3255.0,2784.0,1666.0,1666.0,2376.0,879.0,0.0,1733.0
2.0,14609.0,2717.0,3232.0,2529.0,1739.0,1739.0,2312.0,920.0,0.0,2717.0
2.0,14421.0,2952.0,3182.0,2867.0,1574.0,1574.0,2205.0,977.0,0.0,2952.0
2.0,14336.0,3359.0,3115.0,1666.0,2932.0,2932.0,2096.0,1019.0,1154.0,2205.0
2.0,12643.0,3932.0,3080.0,1739.0,4950.0,4950.0,2051.0,1029.0,3454.0,478.0
2.0,10450.0,5762.0,3143.0,1574.0,9453.0,9453.0,2114.0,1029.0,5762.0,0.0
2.0,6262.0,6914.0,3276.0,2932.0,14100.0,14100.0,2247.0,1029.0,6914.0,0.0
2.0,2280.0,5768.0,3372.0,4950.0,15398.0,15398.0,2358.0,1014.0,5768.0,0.0
2.0,1462.0,2310.0,3384.0,9453.0,8315.0,8315.0,2403.0,981.0,2310.0,0.0
2.0,8605.0,0.0,3333.0,14100.0,0.0,0.0,2403.0,930.0,0.0,0.0
2.0,22705.0,768.0,3291.0,15398.0,0.0,0.0,2403.0,888.0,0.0,768.0
2.0,37335.0,1750.0,3262.0,8315.0,0.0,0.0,2382.0,880.0,0.0,1750.0
2.0,43900.0,2736.0,3241.0,0.0,0.0,0.0,2318.0,923.0,0.0,2736.0
2.0,41164.0,2952.0,3191.0,0.0,0.0,0.0,2211.0,980.0,0.0,2952.0
2.0,38212.0,3313.0,3123.0,0.0,0.0,0.0,2101.0,1022.0,1122.0,2191.0
2.0,34899.0,3858.0,3087.0,0.0,0.0,0.0,2056.0,1031.0,3420.0,438.0
2.0,31041.0,5711.0,3150.0,0.0,0.0,0.0,2119.0,1031.0,5711.0,0.0
2.0,25330.0,6882.0,3282.0,0.0,0.0,0.0,2251.0,1031.0,6882.0,0.0
2.0,18448.0,5751.0,3379.0,0.0,4198.0,4198.0,2362.0,1017.0,5751.0,0.0
2.0,12697.0,2328.0,3390.0,0.0,6581.0,6581.0,2406.0,984.0,2328.0,0.0
2.0,10369.0,0.0,3339.0,0.0,6326.0,6326.0,2406.0,933.0,0.0,0.0
2.0,10369.0,735.0,3298.0,4198.0,2658.0,2658.0,2406.0,892.0,0.0,735.0
2.0,13832.0,1710.0,3270.0,6581.0,0.0,0.0,2388.0,882.0,0.0,1710.0
2.0,18703.0,2685.0,3249.0,6326.0,0.0,0.0,2325.0,924.0,0.0,2685.0
2.0,22344.0,2929.0,3201.0,2658.0,0.0,0.0,2220.0,981.0,0.0,2929.0
2.0,22073.0,3225.0,3133.0,0.0,0.0,0.0,2110.0,1023.0,1033.0,2192.0
2.0,18848.0,3788.0,3094.0,0.0,410.0,410.0,2062.0,1032.0,3308.0,480.0
2.0,15060.0,5574.0,3153.0,0.0,6279.0,6279.0,2121.0,1032.0,5574.0,0.0
2.0,9486.0,6816.0,3284.0,0.0,13750.0,13750.0,2252.0,1032.0,6816.0,0.0
2.0,2670.0,5775.0,3382.0,410.0,16910.0,16910.0,2363.0,1019.0,5775.0,0.0
2.0,0.0,2477.0,3398.0,6279.0,15883.0,15883.0,2411.0,987.0,2477.0,0.0
2.0,1107.0,0.0,3348.0,13750.0,1883.0,1883.0,2411.0,937.0,0.0,0.0
2.0,14857.0,715.0,3306.0,16910.0,0.0,0.0,2411.0,895.0,0.0,715.0
2.0,31052.0,1687.0,3278.0,15883.0,0.0,0.0,2393.0,885.0,0.0,1687.0
2.0,45248.0,2666.0,3257.0,1883.0,0.0,0.0,2331.0,926.0,0.0,2666.0
2.0,44465.0,2924.0,3209.0,0.0,0.0,0.0,2227.0,982.0,0.0,2924.0
2.0,41541.0,3263.0,3142.0,0.0,0.0,0.0,2117.0,1025.0,1050.0,2213.0
2.0,38278.0,3843.0,3105.0,0.0,0.0,0.0,2070.0,1035.0,3322.0,521.0
2.0,34435.0,5603.0,3162.0,0.0,0.0,0.0,2127.0,1035.0,5603.0,0.0
2.0,28832.0,6833.0,3293.0,0.0,0.0,0.0,2258.0,1035.0,6833.0,0.0
2.0,21999.0,5797.0,3391.0,0.0,753.0,753.0,2370.0,1021.0,5797.0,0.0
2.0,16202.0,2475.0,3406.0,0.0,3303.0,3303.0,2417.0,989.0,2475.0,0.0
2.0,13727.0,0.0,3356.0,0.0,3053.0,3053.0,2417.0,939.0,0.0,0.0
2.0,13727.0,733.0,3314.0,753.0,2823.0,2823.0,2417.0,897.0,0.0,733.0
2.0,13747.0,1719.0,3284.0,3303.0,1089.0,1089.0,2397.0,887.0,0.0,1719.0
2.0,15331.0,2702.0,3262.0,3053.0,628.0,628.0,2334.0,928.0,0.0,2702.0
2.0,15682.0,2955.0,3211.0,2823.0,505.0,505.0,2226.0,985.0,0.0,2955.0
2.0,15550.0,3370.0,3145.0,1089.0,2456.0,2456.0,2117.0,1028.0,1147.0,2223.0
2.0,13269.0,3970.0,3110.0,628.0,5623.0,5623.0,2072.0,1038.0,3455.0,515.0
2.0,9927.0,5770.0,3173.0,505.0,11203.0,11203.0,2135.0,1038.0,5770.0,0.0
2.0,4662.0,6936.0,3306.0,2456.0,16348.0,16348.0,2268.0,1038.0,6936.0,0.0
2.0,182.0,5803.0,3404.0,5623.0,17018.0,17018.0,2380.0,1024.0,5803.0,0.0
2.0,2.0,2351.0,3415.0,11203.0,8221.0,8221.0,2425.0,990.0,2351.0,0.0
2.0,8854.0,0.0,3363.0,16348.0,0.0,0.0,2425.0,938.0,0.0,0.0
2.0,25202.0,782.0,3321.0,17018.0,0.0,0.0,2425.0,896.0,0.0,782.0
2.0,41438.0,1779.0,3291.0,8221.0,0.0,0.0,2403.0,888.0,0.0,1779.0
2.0,47880.0,2774.0,3268.0,0.0,0.0,0.0,2336.0,932.0,0.0,2774.0
2.0,45106.0,2989.0,3216.0,0.0,0.0,0.0,2226.0,990.0,0.0,2989.0
2.0,42117.0,3427.0,3148.0,0.0,0.0,0.0,2116.0,1032.0,1216.0,2211.0
2.0,38690.0,3980.0,3114.0,0.0,0.0,0.0,2073.0,1041.0,3545.0,435.0
2.0,34710.0,5872.0,3183.0,0.0,0.0,0.0,2142.0,1041.0,5872.0,0.0
2.0,28838.0,6982.0,3317.0,0.0,0.0,0.0,2276.0,1041.0,6982.0,0.0
2.0,21856.0,5765.0,3413.0,0.0,974.0,974.0,2387.0,1026.0,5765.0,0.0
2.0,16091.0,2217.0,3422.0,0.0,3236.0,3236.0,2430.0,992.0,2217.0,0.0
2.0,13874.0,0.0,3370.0,0.0,2976.0,2976.0,2430.0,940.0,0.0,0.0
2.0,13874.0,777.0,3328.0,974.0,2569.0,2569.0,2430.0,898.0,0.0,777.0
2.0,14071.0,1772.0,3298.0,3236.0,955.0,955.0,2408.0,890.0,0.0,1772.0
2.0,15535.0,2766.0,3276.0,2976.0,635.0,635.0,2342.0,934.0,0.0,2766.0
2.0,15745.0,2989.0,3224.0,2569.0,795.0,795.0,2232.0,992.0,0.0,2989.0
2.0,15325.0,3399.0,3157.0,955.0,2904.0,2904.0,2123.0,1034.0,1190.0,2209.0
2.0,12881.0,3939.0,3123.0,635.0,6038.0,6038.0,2080.0,1043.0,3506.0,433.0
2.0,9577.0,5817.0,3190.0,795.0,11395.0,11395.0,2147.0,1043.0,5817.0,0.0
2.0,4555.0,6943.0,3323.0,2904.0,16099.0,16099.0,2280.0,1043.0,6943.0,0.0
2.0,516.0,5739.0,3420.0,6038.0,16285.0,16285.0,2391.0,1029.0,5739.0,0.0
2.0,815.0,2230.0,3430.0,11395.0,7170.0,7170.0,2434.0,996.0,2230.0,0.0
2.0,9980.0,0.0,3378.0,16099.0,0.0,0.0,2434.0,944.0,0.0,0.0
2.0,26079.0,730.0,3336.0,16285.0,0.0,0.0,2434.0,902.0,0.0,730.0
2.0,41634.0,1712.0,3307.0,7170.0,0.0,0.0,2414.0,893.0,0.0,1712.0
2.0,47092.0,2700.0,3285.0,0.0,0.0,0.0,2350.0,935.0,0.0,2700.0
2.0,44392.0,2953.0,3235.0,0.0,0.0,0.0,2243.0,992.0,0.0,2953.0
2.0,41439.0,3332.0,3168.0,0.0,0.0,0.0,2133.0,1035.0,1108.0,2224.0
2.0,38107.0,3899.0,3131.0,0.0,0.0,0.0,2087.0,1044.0,3395.0,504.0
2.0,34208.0,5681.0,3193.0,0.0,0.0,0.0,2149.0,1044.0,5681.0,0.0
2.0,28527.0,6870.0,3325.0,0.0,0.0,0.0,2281.0,1044.0,6870.0,0.0
2.0,21657.0,5770.0,3423.0,0.0,1228.0,1228.0,2392.0,1031.0,5770.0,0.0
2.0,15887.0,2390.0,3436.0,0.0,3683.0,3683.0,2438.0,998.0,2390.0,0.0
2.0,13497.0,0.0,3385.0,0.0,3428.0,3428.0,2438.0,947.0,0.0,0.0
2.0,13497.0,720.0,3343.0,1228.0,2710.0,2710.0,2438.0,905.0,0.0,720.0
2.0,14005.0,1708.0,3313.0,3683.0,585.0,585.0,2418.0,895.0,0.0,1708.0
2.0,15980.0,2693.0,3291.0,3428.0,0.0,0.0,2354.0,937.0,0.0,2693.0
2.0,16715.0,2958.0,3240.0,2710.0,0.0,0.0,2246.0,994.0,0.0,2958.0
2.0,16467.0,3382.0,3174.0,585.0,2200.0,2200.0,2137.0,1037.0,1147.0,2235.0
2.0,13670.0,3984.0,3139.0,0.0,6009.0,6009.0,2092.0,1047.0,3455.0,529.0
2.0,9686.0,5766.0,3202.0,0.0,12090.0,12090.0,2155.0,1047.0,5766.0,0.0
2.0,3920.0,6937.0,3336.0,2200.0,16680.0,16680.0,2289.0,1047.0,6937.0,0.0
2.0,0.0,5799.0,3433.0,6009.0,17165.0,17165.0,2400.0,1033.0,5799.0,0.0
2.0,0.0,2359.0,3445.0,12090.0,8101.0,8101.0,2445.0,1000.0,2359.0,0.0
2.0,9124.0,0.0,3393.0,16680.0,0.0,0.0,2445.0,948.0,0.0,0.0
2.0,25804.0,773.0,3351.0,17165.0,0.0,0.0,2445.0,906.0,0.0,773.0
2.0,42196.0,1771.0,3320.0,8101.0,0.0,0.0,2423.0,897.0,0.0,1771.0
2.0,48526.0,2770.0,3297.0,0.0,0.0,0.0,2357.0,940.0,0.0,2770.0
2.0,45756.0,2996.0,3244.0,0.0,0.0,0.0,2246.0,998.0,0.0,2996.0
2.0,42760.0,3479.0,3178.0,0.0,0.0,0.0,2137.0,1041.0,1252.0,2227.0
2.0,39281.0,4054.0,3144.0,0.0,0.0,0.0,2094.0,1050.0,3590.0,464.0
2.0,35227.0,5939.0,3213.0,0.0,0.0,0.0,2163.0,1050.0,5939.0,0.0
2.0,29288.0,7031.0,3348.0,0.0,0.0,0.0,2298.0,1050.0,7031.0,0.0
2.0,22257.0,5785.0,3445.0,0.0,753.0,753.0,2410.0,1035.0,5785.0,0.0
2.0,16472.0,2197.0,3452.0,0.0,2985.0,2985.0,2452.0,1000.0,2197.0,0.0
2.0,14275.0,0.0,3399.0,0.0,2720.0,2720.0,2452.0,947.0,0.0,0.0
2.0,14275.0,810.0,3357.0,753.0,2567.0,2567.0,2452.0,905.0,0.0,810.0
2.0,14218.0,1816.0,3326.0,2985.0,1243.0,1243.0,2428.0,898.0,0.0,1816.0
2.0,15387.0,2823.0,3304.0,2720.0,1236.0,1236.0,2360.0,944.0,0.0,2823.0
2.0,15284.0,3021.0,3249.0,2567.0,1415.0,1415.0,2247.0,1002.0,0.0,3021.0
2.0,14830.0,3516.0,3182.0,1243.0,3353.0,3353.0,2138.0,1044.0,1298.0,2218.0
2.0,12557.0,4046.0,3149.0,1236.0,5998.0,5998.0,2097.0,1052.0,3645.0,401.0
2.0,9747.0,5996.0,3222.0,1415.0,10944.0,10944.0,2170.0,1052.0,5996.0,0.0
2.0,5166.0,7043.0,3357.0,3353.0,15309.0,15309.0,2305.0,1052.0,7043.0,0.0
2.0,1476.0,5742.0,3453.0,5998.0,15533.0,15533.0,2416.0,1037.0,5742.0,0.0
2.0,1732.0,2096.0,3459.0,10944.0,6715.0,6715.0,2456.0,1003.0,2096.0,0.0
2.0,10580.0,0.0,3406.0,15309.0,0.0,0.0,2456.0,950.0,0.0,0.0
2.0,25889.0,792.0,3364.0,15533.0,0.0,0.0,2456.0,908.0,0.0,792.0
2.0,40630.0,1795.0,3333.0,6715.0,0.0,0.0,2433.0,900.0,0.0,1795.0
2.0,45550.0,2795.0,3311.0,0.0,0.0,0.0,2366.0,945.0,0.0,2795.0
2.0,42755.0,3001.0,3257.0,0.0,0.0,0.0,2254.0,1003.0,0.0,3001.0
2.0,39754.0,3460.0,3189.0,0.0,0.0,0.0,2144.0,1045.0,1249.0,2211.0
2.0,36294.0,3994.0,3156.0,0.0,0.0,0.0,2103.0,1053.0,3581.0,413.0
2.0,32300.0,5909.0,3227.0,0.0,0.0,0.0,2174.0,1053.0,5909.0,0.0
2.0,26391.0,6990.0,3361.0,0.0,0.0,0.0,2308.0,1053.0,6990.0,0.0
2.0,19401.0,5732.0,3457.0,0.0,3616.0,3616.0,2418.0,1039.0,5732.0,0.0
2.0,13669.0,2152.0,3466.0,0.0,5813.0,5813.0,2460.0,1006.0,2152.0,0.0
2.0,11517.0,0.0,3414.0,0.0,5553.0,5553.0,2460.0,954.0,0.0,0.0
2.0,11517.0,766.0,3372.0,3616.0,2493.0,2493.0,2460.0,912.0,0.0,766.0
2.0,14367.0,1757.0,3341.0,5813.0,0.0,0.0,2438.0,903.0,0.0,1757.0
2.0,18423.0,2749.0,3319.0,5553.0,0.0,0.0,2373.0,946.0,0.0,2749.0
2.0,21227.0,2981.0,3268.0,2493.0,0.0,0.0,2264.0,1004.0,0.0,2981.0
2.0,20739.0,3412.0,3201.0,0.0,0.0,0.0,2155.0,1046.0,1196.0,2216.0
2.0,17327.0,3968.0,3166.0,0.0,2471.0,2471.0,2111.0,1055.0,3510.0,458.0
2.0,13359.0,5831.0,3232.0,0.0,8632.0,8632.0,2177.0,1055.0,5831.0,0.0
2.0,7528.0,6951.0,3366.0,0.0,16253.0,16253.0,2311.0,1055.0,6951.0,0.0
2.0,577.0,5763.0,3463.0,2471.0,17315.0,17315.0,2422.0,1041.0,5763.0,0.0
2.0,0.0,2252.0,3473.0,8632.0,13700.0,13700.0,2465.0,1008.0,2252.0,0.0
2.0,3665.0,0.0,3422.0,16253.0,0.0,0.0,2465.0,957.0,0.0,0.0
2.0,19918.0,768.0,3380.0,17315.0,0.0,0.0,2465.0,915.0,0.0,768.0
2.0,36465.0,1765.0,3349.0,13700.0,0.0,0.0,2443.0,906.0,0.0,1765.0
2.0,48400.0,2769.0,3326.0,0.0,0.0,0.0,2377.0,949.0,0.0,2769.0
2.0,45631.0,3001.0,3272.0,0.0,0.0,0.0,2266.0,1006.0,0.0,3001.0
2.0,42630.0,3503.0,3206.0,0.0,0.0,0.0,2157.0,1049.0,1267.0,2236.0
2.0,39127.0,4078.0,3173.0,0.0,0.0,0.0,2115.0,1058.0,3608.0,470.0
2.0,35049.0,5955.0,3242.0,0.0,0.0,0.0,2184.0,1058.0,5955.0,0.0
2.0,29094.0,7032.0,3377.0,0.0,0.0,0.0,2319.0,1058.0,7032.0,0.0
2.0,22062.0,5775.0,3473.0,0.0,1078.0,1078.0,2430.0,1043.0,5775.0,0.0
2.0,16287.0,2172.0,3481.0,0.0,3290.0,3290.0,2472.0,1009.0,2172.0,0.0
2.0,14115.0,0.0,3428.0,0.0,3025.0,3025.0,2472.0,956.0,0.0,0.0
2.0,14115.0,810.0,3386.0,1078.0,2547.0,2547.0,2472.0,914.0,0.0,810.0
2.0,14383.0,1826.0,3354.0,3290.0,923.0,923.0,2448.0,906.0,0.0,1826.0
2.0,15847.0,2839.0,3331.0,3025.0,622.0,622.0,2379.0,952.0,0.0,2839.0
2.0,16033.0,3042.0,3276.0,2547.0,842.0,842.0,2265.0,1011.0,0.0,3042.0
2.0,15538.0,3618.0,3209.0,923.0,3202.0,3202.0,2156.0,1053.0,1387.0,2231.0
2.0,12843.0,4175.0,3178.0,622.0,6600.0,6600.0,2117.0,1061.0,3766.0,409.0
2.0,9290.0,6136.0,3254.0,842.0,12274.0,12274.0,2193.0,1061.0,6136.0,0.0
2.0,3996.0,7127.0,3391.0,3202.0,16884.0,16884.0,2330.0,1061.0,7127.0,0.0
2.0,71.0,5735.0,3486.0,6600.0,16494.0,16494.0,2440.0,1046.0,5735.0,0.0
2.0,936.0,1978.0,3489.0,12274.0,6213.0,6213.0,2478.0,1011.0,1978.0,0.0
2.0,11232.0,0.0,3435.0,16884.0,0.0,0.0,2478.0,957.0,0.0,0.0
2.0,28116.0,836.0,3393.0,16494.0,0.0,0.0,2478.0,915.0,0.0,836.0
2.0,43774.0,1855.0,3361.0,6213.0,0.0,0.0,2453.0,908.0,0.0,1855.0
2.0,48132.0,2872.0,3338.0,0.0,0.0,0.0,2383.0,955.0,0.0,2872.0
2.0,45260.0,3053.0,3282.0,0.0,0.0,0.0,2268.0,1014.0,0.0,3053.0
2.0,42207.0,3611.0,3215.0,0.0,0.0,0.0,2159.0,1056.0,1391.0,2220.0
2.0,38596.0,4128.0,3184.0,0.0,0.0,0.0,2121.0,1063.0,3765.0,363.0
2.0,34468.0,6132.0,3262.0,0.0,0.0,0.0,2199.0,1063.0,6132.0,0.0
2.0,28336.0,7114.0,3399.0,0.0,0.0,0.0,2336.0,1063.0,7114.0,0.0
2.0,21222.0,5717.0,3494.0,0.0,1965.0,1965.0,2446.0,1048.0,5717.0,0.0
2.0,15505.0,1951.0,3497.0,0.0,3931.0,3931.0,2483.0,1014.0,1951.0,0.0
2.0,13554.0,0.0,3443.0,0.0,3661.0,3661.0,2483.0,960.0,0.0,0.0
2.0,13554.0,808.0,3401.0,1965.0,2294.0,2294.0,2483.0,918.0,0.0,808.0
2.0,14711.0,1820.0,3369.0,3931.0,23.0,23.0,2459.0,910.0,0.0,1820.0
2.0,16822.0,2828.0,3347.0,3661.0,0.0,0.0,2390.0,957.0,0.0,2828.0
2.0,17655.0,3033.0,3292.0,2294.0,0.0,0.0,2277.0,1015.0,0.0,3033.0
2.0,16916.0,3534.0,3226.0,23.0,2725.0,2725.0,2168.0,1058.0,1315.0,2219.0
2.0,13405.0,4054.0,3193.0,0.0,6614.0,6614.0,2128.0,1065.0,3659.0,395.0
2.0,9351.0,6002.0,3267.0,0.0,12986.0,12986.0,2202.0,1065.0,6002.0,0.0
2.0,3349.0,7038.0,3402.0,2725.0,17010.0,17010.0,2337.0,1065.0,7038.0,0.0
2.0,0.0,5719.0,3498.0,6614.0,17490.0,17490.0,2447.0,1051.0,5719.0,0.0
2.0,0.0,2059.0,3504.0,12986.0,6662.0,6662.0,2487.0,1017.0,2059.0,0.0
2.0,10858.0,0.0,3451.0,17010.0,0.0,0.0,2487.0,964.0,0.0,0.0
2.0,27868.0,770.0,3408.0,17490.0,0.0,0.0,2487.0,921.0,0.0,770.0
2.0,44588.0,1771.0,3377.0,6662.0,0.0,0.0,2464.0,913.0,0.0,1771.0
2.0,49479.0,2780.0,3353.0,0.0,0.0,0.0,2396.0,957.0,0.0,2780.0
2.0,46699.0,3014.0,3299.0,0.0,0.0,0.0,2284.0,1015.0,0.0,3014.0
2.0,43685.0,3537.0,3234.0,0.0,0.0,0.0,2175.0,1059.0,1291.0,2246.0
2.0,40148.0,4109.0,3202.0,0.0,0.0,0.0,2134.0,1068.0,3639.0,470.0
2.0,36039.0,5981.0,3274.0,0.0,0.0,0.0,2206.0,1068.0,5981.0,0.0
2.0,30058.0,7044.0,3409.0,0.0,0.0,0.0,2341.0,1068.0,7044.0,0.0
2.0,23014.0,5754.0,3505.0,0.0,265.0,265.0,2452.0,1053.0,5754.0,0.0
2.0,17260.0,2131.0,3512.0,0.0,2431.0,2431.0,2493.0,1019.0,2131.0,0.0
2.0,15129.0,0.0,3459.0,0.0,2166.0,2166.0,2493.0,966.0,0.0,0.0
2.0,15129.0,790.0,3416.0,265.0,2476.0,2476.0,2493.0,923.0,0.0,790.0
2.0,14604.0,1804.0,3384.0,2431.0,1689.0,1689.0,2469.0,915.0,0.0,1804.0
2.0,15231.0,2817.0,3359.0,2166.0,2215.0,2215.0,2399.0,960.0,0.0,2817.0
2.0,14580.0,3040.0,3303.0,2476.0,2499.0,2499.0,2285.0,1018.0,0.0,3040.0
2.0,14016.0,3643.0,3238.0,1689.0,4128.0,4128.0,2176.0,1062.0,1390.0,2253.0
2.0,12062.0,4211.0,3208.0,2215.0,5974.0,5974.0,2138.0,1070.0,3760.0,451.0
2.0,10066.0,6141.0,3284.0,2499.0,9996.0,9996.0,2214.0,1070.0,6141.0,0.0
2.0,6424.0,7132.0,3421.0,4128.0,13685.0,13685.0,2351.0,1070.0,7132.0,0.0
2.0,3420.0,5757.0,3517.0,5974.0,13948.0,13948.0,2462.0,1055.0,5757.0,0.0
2.0,3637.0,2001.0,3520.0,9996.0,5968.0,5968.0,2500.0,1020.0,2001.0,0.0
2.0,11632.0,0.0,3465.0,13685.0,0.0,0.0,2500.0,965.0,0.0,0.0
2.0,25317.0,843.0,3423.0,13948.0,0.0,0.0,2500.0,923.0,0.0,843.0
2.0,38422.0,1870.0,3390.0,5968.0,0.0,0.0,2474.0,916.0,0.0,1870.0
2.0,42520.0,2896.0,3365.0,0.0,0.0,0.0,2401.0,964.0,0.0,2896.0
2.0,39624.0,3079.0,3306.0,0.0,0.0,0.0,2283.0,1023.0,0.0,3079.0
2.0,36545.0,3720.0,3241.0,0.0,0.0,0.0,2175.0,1066.0,1485.0,2235.0
2.0,32825.0,4253.0,3212.0,0.0,0.0,0.0,2139.0,1073.0,3882.0,371.0
2.0,28572.0,6288.0,3295.0,0.0,0.0,0.0,2222.0,1073.0,6288.0,0.0
2.0,22284.0,7208.0,3433.0,0.0,2089.0,2089.0,2360.0,1073.0,7208.0,0.0
2.0,15076.0,5725.0,3528.0,0.0,8289.0,8289.0,2471.0,1057.0,5725.0,0.0
2.0,9351.0,1836.0,3527.0,0.0,10120.0,10120.0,2506.0,1021.0,1836.0,0.0
2.0,7515.0,0.0,3472.0,2089.0,7756.0,7756.0,2506.0,966.0,0.0,0.0
2.0,9604.0,857.0,3430.0,8289.0,114.0,114.0,2506.0,924.0,0.0,857.0
2.0,17036.0,1883.0,3396.0,10120.0,0.0,0.0,2479.0,917.0,0.0,1883.0
2.0,25273.0,2908.0,3373.0,7756.0,0.0,0.0,2407.0,966.0,0.0,2908.0
2.0,30121.0,3077.0,3315.0,114.0,0.0,0.0,2289.0,1026.0,0.0,3077.0
2.0,27158.0,3670.0,3248.0,0.0,0.0,0.0,2180.0,1068.0,1447.0,2223.0
2.0,23488.0,4173.0,3219.0,0.0,0.0,0.0,2144.0,1075.0,3835.0,338.0
2.0,19315.0,6224.0,3301.0,0.0,3414.0,3414.0,2226.0,1075.0,6224.0,0.0
2.0,13091.0,7162.0,3439.0,0.0,11266.0,11266.0,2364.0,1075.0,7162.0,0.0
2.0,5929.0,5713.0,3532.0,0.0,17444.0,17444.0,2473.0,1059.0,5713.0,0.0
2.0,216.0,1869.0,3533.0,3414.0,15904.0,15904.0,2509.0,1024.0,1869.0,0.0
2.0,1761.0,0.0,3479.0,11266.0,4368.0,4368.0,2509.0,970.0,0.0,0.0
2.0,13027.0,824.0,3436.0,17444.0,0.0,0.0,2509.0,927.0,0.0,824.0
2.0,29647.0,1839.0,3404.0,15904.0,0.0,0.0,2484.0,920.0,0.0,1839.0
2.0,43712.0,2854.0,3381.0,4368.0,0.0,0.0,2414.0,967.0,0.0,2854.0
2.0,45226.0,3045.0,3324.0,0.0,0.0,0.0,2298.0,1026.0,0.0,3045.0
2.0,42181.0,3595.0,3258.0,0.0,0.0,0.0,2189.0,1069.0,1370.0,2225.0
2.0,38586.0,4117.0,3227.0,0.0,0.0,0.0,2151.0,1076.0,3733.0,384.0
2.0,34469.0,6102.0,3305.0,0.0,0.0,0.0,2229.0,1076.0,6102.0,0.0
2.0,28367.0,7094.0,3441.0,0.0,0.0,0.0,2365.0,1076.0,7094.0,0.0
2.0,21273.0,5728.0,3536.0,0.0,2135.0,2135.0,2475.0,1061.0,5728.0,0.0
2.0,15545.0,1991.0,3541.0,0.0,4151.0,4151.0,2514.0,1027.0,1991.0,0.0
2.0,13554.0,0.0,3488.0,0.0,3886.0,3886.0,2514.0,974.0,0.0,0.0
2.0,13554.0,812.0,3445.0,2135.0,2348.0,2348.0,2514.0,931.0,0.0,812.0
2.0,14877.0,1826.0,3412.0,4151.0,0.0,0.0,2489.0,923.0,0.0,1826.0
2.0,17202.0,2839.0,3388.0,3886.0,0.0,0.0,2419.0,969.0,0.0,2839.0
2.0,18249.0,3048.0,3332.0,2348.0,0.0,0.0,2304.0,1028.0,0.0,3048.0
2.0,17549.0,3638.0,3266.0,0.0,2419.0,2419.0,2195.0,1071.0,1400.0,2238.0
2.0,13911.0,4188.0,3236.0,0.0,6457.0,6457.0,2157.0,1079.0,3773.0,415.0
2.0,9723.0,6151.0,3314.0,0.0,12998.0,12998.0,2235.0,1079.0,6151.0,0.0
2.0,3572.0,7130.0,3451.0,2419.0,17255.0,17255.0,2372.0,1079.0,7130.0,0.0
2.0,0.0,5744.0,3545.0,6457.0,17725.0,17725.0,2482.0,1063.0,5744.0,0.0
2.0,0.0,1975.0,3549.0,12998.0,7148.0,7148.0,2520.0,1029.0,1975.0,0.0
2.0,10597.0,0.0,3494.0,17255.0,0.0,0.0,2520.0,974.0,0.0,0.0
2.0,27852.0,844.0,3452.0,17725.0,0.0,0.0,2520.0,932.0,0.0,844.0
2.0,44733.0,1869.0,3418.0,7148.0,0.0,0.0,2493.0,925.0,0.0,1869.0
2.0,50012.0,2901.0,3393.0,0.0,0.0,0.0,2421.0,972.0,0.0,2901.0
2.0,47111.0,3086.0,3334.0,0.0,0.0,0.0,2303.0,1031.0,0.0,3086.0
2.0,44025.0,3763.0,3270.0,0.0,0.0,0.0,2195.0,1075.0,1516.0,2247.0
2.0,40262.0,4307.0,3242.0,0.0,0.0,0.0,2160.0,1082.0,3929.0,378.0
2.0,35955.0,6341.0,3325.0,0.0,0.0,0.0,2243.0,1082.0,6341.0,0.0
2.0,29614.0,7240.0,3465.0,0.0,0.0,0.0,2383.0,1082.0,7240.0,0.0
2.0,22374.0,5726.0,3559.0,0.0,1147.0,1147.0,2493.0,1066.0,5726.0,0.0
2.0,16648.0,1799.0,3557.0,0.0,2936.0,2936.0,2527.0,1030.0,1799.0,0.0
2.0,14849.0,0.0,3501.0,0.0,2656.0,2656.0,2527.0,974.0,0.0,0.0
2.0,14849.0,882.0,3459.0,1147.0,2181.0,2181.0,2527.0,932.0,0.0,882.0
2.0,15114.0,1924.0,3425.0,2936.0,999.0,999.0,2499.0,926.0,0.0,1924.0
2.0,16126.0,2964.0,3400.0,2656.0,1182.0,1182.0,2424.0,976.0,0.0,2964.0
2.0,15818.0,3119.0,3339.0,2181.0,1815.0,1815.0,2303.0,1036.0,0.0,3119.0
2.0,14880.0,3816.0,3273.0,999.0,4302.0,4302.0,2195.0,1078.0,1584.0,2232.0
2.0,12063.0,4319.0,3246.0,1182.0,7304.0,7304.0,2162.0,1084.0,4013.0,306.0
2.0,8926.0,6434.0,3334.0,1815.0,12363.0,12363.0,2250.0,1084.0,6434.0,0.0
2.0,4307.0,7280.0,3474.0,4302.0,16041.0,16041.0,2390.0,1084.0,7280.0,0.0
2.0,1329.0,5686.0,3568.0,7304.0,14893.0,14893.0,2500.0,1068.0,5686.0,0.0
2.0,2947.0,1680.0,3564.0,12363.0,4190.0,4190.0,2532.0,1032.0,1680.0,0.0
2.0,13630.0,0.0,3508.0,16041.0,0.0,0.0,2532.0,976.0,0.0,0.0
2.0,29671.0,879.0,3465.0,14893.0,0.0,0.0,2532.0,933.0,0.0,879.0
2.0,43685.0,1914.0,3432.0,4190.0,0.0,0.0,2504.0,928.0,0.0,1914.0
2.0,45961.0,2946.0,3409.0,0.0,0.0,0.0,2431.0,978.0,0.0,2946.0
2.0,43015.0,3101.0,3348.0,0.0,0.0,0.0,2311.0,1037.0,0.0,3101.0
2.0,39914.0,3733.0,3282.0,0.0,0.0,0.0,2202.0,1080.0,1516.0,2217.0
2.0,36181.0,4234.0,3254.0,0.0,0.0,0.0,2168.0,1086.0,3927.0,307.0
2.0,31947.0,6333.0,3340.0,0.0,0.0,0.0,2254.0,1086.0,6333.0,0.0
2.0,25614.0,7225.0,3479.0,0.0,0.0,0.0,2393.0,1086.0,7225.0,0.0
2.0,18389.0,5699.0,3572.0,0.0,5170.0,5170.0,2502.0,1070.0,5699.0,0.0
2.0,12690.0,1768.0,3571.0,0.0,6933.0,6933.0,2536.0,1035.0,1768.0,0.0
2.0,10922.0,0.0,3516.0,0.0,6658.0,6658.0,2536.0,980.0,0.0,0.0
2.0,10922.0,855.0,3474.0,5170.0,2133.0,2133.0,2536.0,938.0,0.0,855.0
2.0,15237.0,1880.0,3441.0,6933.0,0.0,0.0,2510.0,931.0,0.0,1880.0
2.0,20290.0,2904.0,3417.0,6658.0,0.0,0.0,2438.0,979.0,0.0,2904.0
2.0,24044.0,3079.0,3360.0,2133.0,0.0,0.0,2321.0,1039.0,0.0,3079.0
2.0,23098.0,3663.0,3293.0,0.0,0.0,0.0,2212.0,1081.0,1441.0,2222.0
2.0,19435.0,4169.0,3264.0,0.0,1054.0,1054.0,2176.0,1088.0,3828.0,341.0
2.0,15266.0,6220.0,3345.0,0.0,7679.0,7679.0,2257.0,1088.0,6220.0,0.0
2.0,9046.0,7171.0,3483.0,0.0,15540.0,15540.0,2395.0,1088.0,7171.0,0.0
2.0,1875.0,5742.0,3577.0,1054.0,17885.0,17885.0,2505.0,1072.0,5742.0,0.0
2.0,0.0,1911.0,3579.0,7679.0,14940.0,14940.0,2542.0,1037.0,1911.0,0.0
2.0,2955.0,0.0,3525.0,15540.0,0.0,0.0,2542.0,983.0,0.0,0.0
2.0,18495.0,852.0,3482.0,17885.0,0.0,0.0,2542.0,940.0,0.0,852.0
2.0,35528.0,1876.0,3448.0,14940.0,0.0,0.0,2515.0,933.0,0.0,1876.0
2.0,48592.0,2909.0,3423.0,0.0,0.0,0.0,2442.0,981.0,0.0,2909.0
2.0,45683.0,3085.0,3365.0,0.0,0.0,0.0,2324.0,1041.0,0.0,3085.0
2.0,42598.0,3714.0,3299.0,0.0,0.0,0.0,2215.0,1084.0,1477.0,2237.0
2.0,38884.0,4236.0,3271.0,0.0,0.0,0.0,2180.0,1091.0,3879.0,357.0
2.0,34648.0,6293.0,3354.0,0.0,0.0,0.0,2263.0,1091.0,6293.0,0.0
2.0,28355.0,7230.0,3493.0,0.0,0.0,0.0,2402.0,1091.0,7230.0,0.0
2.0,21125.0,5772.0,3587.0,0.0,2582.0,2582.0,2513.0,1074.0,5772.0,0.0
2.0,15353.0,1896.0,3587.0,0.0,4478.0,4478.0,2549.0,1038.0,1896.0,0.0
2.0,13457.0,0.0,3532.0,0.0,4203.0,4203.0,2549.0,983.0,0.0,0.0
2.0,13457.0,897.0,3490.0,2582.0,2308.0,2308.0,2549.0,941.0,0.0,897.0
2.0,15142.0,1941.0,3455.0,4478.0,0.0,0.0,2520.0,935.0,0.0,1941.0
2.0,17679.0,2981.0,3429.0,4203.0,0.0,0.0,2444.0,985.0,0.0,2981.0
2.0,18901.0,3127.0,3367.0,2308.0,0.0,0.0,2322.0,1045.0,0.0,3127.0
2.0,18082.0,3816.0,3302.0,0.0,2244.0,2244.0,2214.0,1088.0,1586.0,2230.0
2.0,14266.0,4318.0,3274.0,0.0,6422.0,6422.0,2181.0,1093.0,4024.0,294.0
2.0,9948.0,6469.0,3364.0,0.0,13341.0,13341.0,2271.0,1093.0,6469.0,0.0
2.0,3479.0,7330.0,3505.0,2244.0,17525.0,17525.0,2412.0,1093.0,7330.0,0.0
2.0,0.0,5758.0,3599.0,6422.0,17995.0,17995.0,2523.0,1076.0,5758.0,0.0
2.0,0.0,1733.0,3595.0,13341.0,7310.0,7310.0,2556.0,1039.0,1733.0,0.0
2.0,10665.0,0.0,3538.0,17525.0,0.0,0.0,2556.0,982.0,0.0,0.0
2.0,28190.0,934.0,3496.0,17995.0,0.0,0.0,2556.0,940.0,0.0,934.0
2.0,45251.0,1987.0,3461.0,7310.0,0.0,0.0,2525.0,936.0,0.0,1987.0
2.0,50574.0,3037.0,3436.0,0.0,0.0,0.0,2448.0,988.0,0.0,3037.0
2.0,47537.0,3152.0,3373.0,0.0,0.0,0.0,2324.0,1049.0,0.0,3152.0
2.0,44385.0,3826.0,3307.0,0.0,0.0,0.0,2216.0,1091.0,1614.0,2212.0
2.0,40559.0,4293.0,3280.0,0.0,0.0,0.0,2184.0,1096.0,4065.0,228.0
2.0,36266.0,6508.0,3373.0,0.0,0.0,0.0,2277.0,1096.0,6508.0,0.0
2.0,29758.0,7342.0,3514.0,0.0,0.0,0.0,2418.0,1096.0,7342.0,0.0
2.0,22416.0,5716.0,3607.0,0.0,1335.0,1335.0,2528.0,1079.0,5716.0,0.0
2.0,16700.0,1646.0,3602.0,0.0,2956.0,2956.0,2560.0,1042.0,1646.0,0.0
2.0,15054.0,0.0,3545.0,0.0,2671.0,2671.0,2560.0,985.0,0.0,0.0
2.0,15054.0,912.0,3503.0,1335.0,2038.0,2038.0,2560.0,943.0,0.0,912.0
2.0,15477.0,1956.0,3469.0,2956.0,868.0,868.0,2531.0,938.0,0.0,1956.0
2.0,16477.0,2997.0,3445.0,2671.0,1074.0,1074.0,2455.0,990.0,0.0,2997.0
2.0,16151.0,3125.0,3384.0,2038.0,1856.0,1856.0,2334.0,1050.0,0.0,3125.0
2.0,15064.0,3762.0,3317.0,868.0,4415.0,4415.0,2224.0,1093.0,1548.0,2214.0
2.0,12170.0,4237.0,3289.0,1074.0,7438.0,7438.0,2191.0,1098.0,3980.0,257.0
2.0,9007.0,6405.0,3378.0,1856.0,12432.0,12432.0,2280.0,1098.0,6405.0,0.0
2.0,4458.0,7283.0,3519.0,4415.0,16005.0,16005.0,2421.0,1098.0,7283.0,0.0
2.0,1590.0,5723.0,3612.0,7438.0,14755.0,14755.0,2531.0,1081.0,5723.0,0.0
2.0,3305.0,1740.0,3609.0,12432.0,4048.0,4048.0,2564.0,1045.0,1740.0,0.0
2.0,13997.0,0.0,3553.0,16005.0,0.0,0.0,2564.0,989.0,0.0,0.0
2.0,30002.0,883.0,3511.0,14755.0,0.0,0.0,2564.0,947.0,0.0,883.0
2.0,43874.0,1917.0,3477.0,4048.0,0.0,0.0,2536.0,941.0,0.0,1917.0
2.0,46005.0,2951.0,3454.0,0.0,0.0,0.0,2463.0,991.0,0.0,2951.0
2.0,43054.0,3106.0,3394.0,0.0,0.0,0.0,2343.0,1051.0,0.0,3106.0
2.0,39948.0,3713.0,3328.0,0.0,0.0,0.0,2234.0,1094.0,1490.0,2223.0
2.0,36235.0,4210.0,3298.0,0.0,0.0,0.0,2198.0,1100.0,3904.0,306.0
2.0,32025.0,6326.0,3383.0,0.0,0.0,0.0,2283.0,1100.0,6326.0,0.0
2.0,25699.0,7255.0,3523.0,0.0,0.0,0.0,2423.0,1100.0,7255.0,0.0
2.0,18444.0,5766.0,3617.0,0.0,5407.0,5407.0,2534.0,1083.0,5766.0,0.0
2.0,12678.0,1865.0,3617.0,0.0,7272.0,7272.0,2570.0,1047.0,1865.0,0.0
2.0,10813.0,0.0,3561.0,0.0,6992.0,6992.0,2570.0,991.0,0.0,0.0
2.0,10813.0,894.0,3519.0,5407.0,2269.0,2269.0,2570.0,949.0,0.0,894.0
2.0,15326.0,1933.0,3484.0,7272.0,0.0,0.0,2541.0,943.0,0.0,1933.0
2.0,20665.0,2978.0,3461.0,6992.0,0.0,0.0,2467.0,994.0,0.0,2978.0
2.0,24679.0,3125.0,3400.0,2269.0,0.0,0.0,2346.0,1054.0,0.0,3125.0
2.0,23823.0,3792.0,3334.0,0.0,0.0,0.0,2237.0,1097.0,1556.0,2236.0
2.0,20031.0,4294.0,3305.0,0.0,788.0,788.0,2202.0,1103.0,3992.0,302.0
2.0,15737.0,6440.0,3393.0,0.0,7668.0,7668.0,2290.0,1103.0,6440.0,0.0
2.0,9297.0,7326.0,3534.0,0.0,15699.0,15699.0,2431.0,1103.0,7326.0,0.0
2.0,1971.0,5782.0,3627.0,788.0,18135.0,18135.0,2542.0,1085.0,5782.0,0.0
2.0,0.0,1799.0,3624.0,7668.0,15274.0,15274.0,2576.0,1048.0,1799.0,0.0
2.0,2846.0,0.0,3567.0,15699.0,0.0,0.0,2576.0,991.0,0.0,0.0
2.0,18545.0,940.0,3525.0,18135.0,0.0,0.0,2576.0,949.0,0.0,940.0
2.0,35740.0,1992.0,3490.0,15274.0,0.0,0.0,2546.0,944.0,0.0,1992.0
2.0,49022.0,3052.0,3465.0,0.0,0.0,0.0,2468.0,997.0,0.0,3052.0
2.0,45970.0,3168.0,3402.0,0.0,0.0,0.0,2344.0,1058.0,0.0,3168.0
2.0,42802.0,3903.0,3336.0,0.0,0.0,0.0,2235.0,1101.0,1670.0,2233.0
2.0,38899.0,4378.0,3310.0,0.0,0.0,0.0,2204.0,1106.0,4139.0,239.0
2.0,34521.0,6605.0,3404.0,0.0,0.0,0.0,2298.0,1106.0,6605.0,0.0
2.0,27916.0,7413.0,3546.0,0.0,0.0,0.0,2440.0,1106.0,7413.0,0.0
2.0,20503.0,5745.0,3639.0,0.0,3437.0,3437.0,2551.0,1088.0,5745.0,0.0
2.0,14758.0,1616.0,3631.0,0.0,5013.0,5013.0,2582.0,1049.0,1616.0,0.0
2.0,13142.0,0.0,3573.0,0.0,4723.0,4723.0,2582.0,991.0,0.0,0.0
2.0,13142.0,952.0,3531.0,3437.0,2028.0,2028.0,2582.0,949.0,0.0,952.0
2.0,15627.0,2016.0,3496.0,5013.0,0.0,0.0,2551.0,945.0,0.0,2016.0
2.0,18624.0,3076.0,3473.0,4723.0,0.0,0.0,2473.0,1000.0,0.0,3076.0
2.0,20271.0,3182.0,3409.0,2028.0,0.0,0.0,2348.0,1061.0,0.0,3182.0
2.0,19117.0,3901.0,3343.0,0.0,1499.0,1499.0,2239.0,1104.0,1678.0,2223.0
2.0,15216.0,4350.0,3316.0,0.0,5714.0,5714.0,2208.0,1108.0,4146.0,204.0
2.0,10866.0,6619.0,3412.0,0.0,12813.0,12813.0,2304.0,1108.0,6619.0,0.0
2.0,4247.0,7401.0,3554.0,1499.0,17770.0,17770.0,2446.0,1108.0,7401.0,0.0
2.0,0.0,5718.0,3646.0,5714.0,18230.0,18230.0,2556.0,1090.0,5718.0,0.0
2.0,0.0,1558.0,3638.0,12813.0,8594.0,8594.0,2586.0,1052.0,1558.0,0.0
2.0,9596.0,0.0,3581.0,17770.0,0.0,0.0,2586.0,995.0,0.0,0.0
2.0,27366.0,924.0,3538.0,18230.0,0.0,0.0,2586.0,952.0,0.0,924.0
2.0,44672.0,1973.0,3505.0,8594.0,0.0,0.0,2557.0,948.0,0.0,1973.0
2.0,51293.0,3023.0,3481.0,0.0,0.0,0.0,2480.0,1001.0,0.0,3023.0
2.0,48270.0,3146.0,3418.0,0.0,0.0,0.0,2357.0,1061.0,0.0,3146.0
2.0,45124.0,3806.0,3351.0,0.0,0.0,0.0,2247.0,1104.0,1586.0,2220.0
2.0,41318.0,4279.0,3324.0,0.0,0.0,0.0,2215.0,1109.0,4030.0,249.0
2.0,37039.0,6473.0,3415.0,0.0,0.0,0.0,2306.0,1109.0,6473.0,0.0
2.0,30566.0,7327.0,3556.0,0.0,0.0,0.0,2447.0,1109.0,7327.0,0.0
2.0,23239.0,5742.0,3649.0,0.0,748.0,748.0,2557.0,1092.0,5742.0,0.0
2.0,17497.0,1704.0,3645.0,0.0,2432.0,2432.0,2590.0,1055.0,1704.0,0.0
2.0,15793.0,0.0,3588.0,0.0,2147.0,2147.0,2590.0,998.0,0.0,0.0
2.0,15793.0,905.0,3546.0,748.0,2094.0,2094.0,2590.0,956.0,0.0,905.0
2.0,15636.0,1949.0,3512.0,2432.0,1441.0,1441.0,2561.0,951.0,0.0,1949.0
2.0,16119.0,2992.0,3488.0,2147.0,2166.0,2166.0,2486.0,1002.0,0.0,2992.0
2.0,15274.0,3131.0,3427.0,2094.0,2898.0,2898.0,2364.0,1063.0,0.0,3131.0
2.0,14237.0,3781.0,3360.0,1441.0,4903.0,4903.0,2255.0,1105.0,1556.0,2225.0
2.0,11897.0,4288.0,3332.0,2166.0,6885.0,6885.0,2221.0,1111.0,4004.0,284.0
2.0,9775.0,6447.0,3420.0,2898.0,10874.0,10874.0,2309.0,1111.0,6447.0,0.0
2.0,6226.0,7344.0,3561.0,4903.0,14020.0,14020.0,2450.0,1111.0,7344.0,0.0
2.0,3785.0,5786.0,3656.0,6885.0,13396.0,13396.0,2562.0,1094.0,5786.0,0.0
2.0,4884.0,1791.0,3653.0,10874.0,4298.0,4298.0,2596.0,1057.0,1791.0,0.0
2.0,13967.0,0.0,3595.0,14020.0,0.0,0.0,2596.0,999.0,0.0,0.0
2.0,27987.0,946.0,3553.0,13396.0,0.0,0.0,2596.0,957.0,0.0,946.0
2.0,40437.0,2000.0,3519.0,4298.0,0.0,0.0,2566.0,953.0,0.0,2000.0
2.0,42735.0,3056.0,3495.0,0.0,0.0,0.0,2489.0,1006.0,0.0,3056.0
2.0,39679.0,3166.0,3432.0,0.0,0.0,0.0,2365.0,1067.0,0.0,3166.0
2.0,36513.0,3886.0,3366.0,0.0,0.0,0.0,2256.0,1110.0,1656.0,2230.0
2.0,32627.0,4373.0,3339.0,0.0,0.0,0.0,2225.0,1114.0,4136.0,237.0
2.0,28254.0,6619.0,3431.0,0.0,0.0,0.0,2317.0,1114.0,6619.0,0.0
2.0,21635.0,7443.0,3575.0,0.0,3683.0,3683.0,2461.0,1114.0,7443.0,0.0
2.0,14192.0,5797.0,3668.0,0.0,9945.0,9945.0,2572.0,1096.0,5797.0,0.0
2.0,8395.0,1673.0,3662.0,0.0,11588.0,11588.0,2604.0,1058.0,1673.0,0.0
2.0,6722.0,0.0,3603.0,3683.0,7610.0,7610.0,2604.0,999.0,0.0,0.0
2.0,10405.0,994.0,3561.0,9945.0,0.0,0.0,2604.0,957.0,0.0,994.0
2.0,19356.0,2062.0,3526.0,11588.0,0.0,0.0,2572.0,954.0,0.0,2062.0
2.0,28882.0,3136.0,3503.0,7610.0,0.0,0.0,2493.0,1010.0,0.0,3136.0
2.0,33356.0,3211.0,3437.0,0.0,0.0,0.0,2366.0,1071.0,0.0,3211.0
2.0,30145.0,3940.0,3370.0,0.0,0.0,0.0,2256.0,1114.0,1722.0,2218.0
2.0,26205.0,4373.0,3344.0,0.0,0.0,0.0,2227.0,1117.0,4222.0,151.0
2.0,21832.0,6717.0,3442.0,0.0,2095.0,2095.0,2325.0,1117.0,6717.0,0.0
2.0,15115.0,7498.0,3586.0,0.0,10313.0,10313.0,2469.0,1117.0,7498.0,0.0
2.0,7617.0,5768.0,3679.0,0.0,16546.0,16546.0,2580.0,1099.0,5768.0,0.0
2.0,1849.0,1552.0,3670.0,2095.0,15958.0,15958.0,2610.0,1060.0,1552.0,0.0
2.0,2392.0,0.0,3611.0,10313.0,5350.0,5350.0,2610.0,1001.0,0.0,0.0
2.0,12705.0,987.0,3568.0,16546.0,0.0,0.0,2610.0,958.0,0.0,987.0
2.0,28264.0,2059.0,3533.0,15958.0,0.0,0.0,2578.0,955.0,0.0,2059.0
2.0,42163.0,3125.0,3510.0,5350.0,0.0,0.0,2498.0,1012.0,0.0,3125.0
2.0,44388.0,3203.0,3444.0,0.0,0.0,0.0,2371.0,1073.0,0.0,3203.0
2.0,41185.0,3888.0,3377.0,0.0,0.0,0.0,2261.0,1116.0,1680.0,2208.0
2.0,37297.0,4316.0,3349.0,0.0,0.0,0.0,2231.0,1118.0,4169.0,147.0
2.0,32981.0,6648.0,3447.0,0.0,0.0,0.0,2329.0,1118.0,6648.0,0.0
2.0,26333.0,7451.0,3590.0,0.0,0.0,0.0,2472.0,1118.0,7451.0,0.0
2.0,18882.0,5760.0,3684.0,0.0,5298.0,5298.0,2583.0,1101.0,5760.0,0.0
2.0,13122.0,1590.0,3676.0,0.0,6848.0,6848.0,2613.0,1063.0,1590.0,0.0
2.0,11532.0,0.0,3618.0,0.0,6558.0,6558.0,2613.0,1005.0,0.0,0.0
2.0,11532.0,964.0,3576.0,5298.0,2014.0,2014.0,2613.0,963.0,0.0,964.0
2.0,15866.0,2021.0,3542.0,6848.0,0.0,0.0,2583.0,959.0,0.0,2021.0
2.0,20693.0,3077.0,3518.0,6558.0,0.0,0.0,2505.0,1013.0,0.0,3077.0
2.0,24174.0,3166.0,3455.0,2014.0,0.0,0.0,2381.0,1074.0,0.0,3166.0
2.0,23022.0,3806.0,3387.0,0.0,0.0,0.0,2271.0,1116.0,1603.0,2203.0
2.0,19216.0,4253.0,3359.0,0.0,1832.0,1832.0,2239.0,1120.0,4068.0,185.0
2.0,14963.0,6531.0,3451.0,0.0,8823.0,8823.0,2331.0,1120.0,6531.0,0.0
2.0,8432.0,7397.0,3594.0,0.0,16935.0,16935.0,2474.0,1120.0,7397.0,0.0
2.0,1035.0,5793.0,3688.0,1832.0,18440.0,18440.0,2585.0,1103.0,5793.0,0.0
2.0,0.0,1733.0,3683.0,8823.0,14251.0,14251.0,2618.0,1065.0,1733.0,0.0
2.0,4164.0,0.0,3626.0,16935.0,0.0,0.0,2618.0,1008.0,0.0,0.0
2.0,21099.0,968.0,3584.0,18440.0,0.0,0.0,2618.0,966.0,0.0,968.0
2.0,38571.0,2025.0,3550.0,14251.0,0.0,0.0,2588.0,962.0,0.0,2025.0
2.0,50797.0,3082.0,3527.0,0.0,0.0,0.0,2511.0,1016.0,0.0,3082.0
2.0,47715.0,3177.0,3464.0,0.0,0.0,0.0,2387.0,1077.0,0.0,3177.0
2.0,44538.0,3839.0,3398.0,0.0,0.0,0.0,2278.0,1120.0,1627.0,2212.0
2.0,40699.0,4295.0,3368.0,0.0,0.0,0.0,2245.0,1123.0,4105.0,190.0
2.0,36404.0,6584.0,3460.0,0.0,0.0,0.0,2337.0,1123.0,6584.0,0.0
2.0,29820.0,7440.0,3603.0,0.0,0.0,0.0,2480.0,1123.0,7440.0,0.0
2.0,22380.0,5816.0,3697.0,0.0,1921.0,1921.0,2592.0,1105.0,5816.0,0.0
2.0,16564.0,1719.0,3692.0,0.0,3615.0,3615.0,2625.0,1067.0,1719.0,0.0
2.0,14845.0,0.0,3633.0,0.0,3320.0,3320.0,2625.0,1008.0,0.0,0.0
2.0,14845.0,1000.0,3591.0,1921.0,2189.0,2189.0,2625.0,966.0,0.0,1000.0
2.0,15766.0,2067.0,3556.0,3615.0,466.0,466.0,2593.0,963.0,0.0,2067.0
2.0,17314.0,3142.0,3533.0,3320.0,173.0,173.0,2514.0,1019.0,0.0,3142.0
2.0,17492.0,3214.0,3468.0,2189.0,873.0,873.0,2387.0,1081.0,0.0,3214.0
2.0,16467.0,3941.0,3400.0,466.0,4008.0,4008.0,2277.0,1123.0,1723.0,2218.0
2.0,12992.0,4388.0,3373.0,173.0,8088.0,8088.0,2247.0,1126.0,4237.0,151.0
2.0,8777.0,6746.0,3470.0,873.0,14446.0,14446.0,2344.0,1126.0,6746.0,0.0
2.0,2904.0,7538.0,3615.0,4008.0,18075.0,18075.0,2489.0,1126.0,7538.0,0.0
2.0,0.0,5820.0,3708.0,8088.0,16898.0,16898.0,2601.0,1107.0,5820.0,0.0
2.0,1642.0,1587.0,3699.0,14446.0,3994.0,3994.0,2632.0,1067.0,1587.0,0.0
2.0,14501.0,0.0,3639.0,18075.0,0.0,0.0,2632.0,1007.0,0.0,0.0
2.0,32576.0,1037.0,3597.0,16898.0,0.0,0.0,2632.0,965.0,0.0,1037.0
2.0,48437.0,2115.0,3561.0,3994.0,0.0,0.0,2598.0,963.0,0.0,2115.0
2.0,50316.0,3199.0,3539.0,0.0,0.0,0.0,2517.0,1022.0,0.0,3199.0
2.0,47117.0,3242.0,3472.0,0.0,0.0,0.0,2388.0,1084.0,0.0,3242.0
2.0,43875.0,3981.0,3405.0,0.0,0.0,0.0,2278.0,1127.0,1772.0,2209.0
2.0,39894.0,4380.0,3378.0,0.0,0.0,0.0,2250.0,1128.0,4292.0,88.0
2.0,35514.0,6809.0,3479.0,0.0,0.0,0.0,2351.0,1128.0,6809.0,0.0
2.0,28705.0,7556.0,3624.0,0.0,0.0,0.0,2496.0,1128.0,7556.0,0.0
2.0,21149.0,5784.0,3717.0,0.0,3220.0,3220.0,2607.0,1110.0,5784.0,0.0
2.0,15365.0,1488.0,3706.0,0.0,4653.0,4653.0,2636.0,1070.0,1488.0,0.0
2.0,13877.0,0.0,3646.0,0.0,4353.0,4353.0,2636.0,1010.0,0.0,0.0
2.0,13877.0,1023.0,3604.0,3220.0,1946.0,1946.0,2636.0,968.0,0.0,1023.0
2.0,16074.0,2099.0,3570.0,4653.0,0.0,0.0,2604.0,966.0,0.0,2099.0
2.0,18628.0,3175.0,3547.0,4353.0,0.0,0.0,2523.0,1024.0,0.0,3175.0
2.0,19806.0,3225.0,3482.0,1946.0,0.0,0.0,2396.0,1086.0,0.0,3225.0
2.0,18527.0,3924.0,3413.0,0.0,2462.0,2462.0,2285.0,1128.0,1727.0,2197.0
2.0,14603.0,4328.0,3386.0,0.0,6655.0,6655.0,2256.0,1130.0,4231.0,97.0
2.0,10275.0,6730.0,3485.0,0.0,13880.0,13880.0,2355.0,1130.0,6730.0,0.0
2.0,3545.0,7507.0,3629.0,2462.0,18145.0,18145.0,2499.0,1130.0,7507.0,0.0
2.0,0.0,5768.0,3722.0,6655.0,18610.0,18610.0,2610.0,1112.0,5768.0,0.0
2.0,0.0,1528.0,3713.0,13880.0,6826.0,6826.0,2640.0,1073.0,1528.0,0.0
2.0,11739.0,0.0,3654.0,18145.0,0.0,0.0,2640.0,1014.0,0.0,0.0
2.0,29884.0,994.0,3612.0,18610.0,0.0,0.0,2640.0,972.0,0.0,994.0
2.0,47500.0,2061.0,3578.0,6826.0,0.0,0.0,2609.0,969.0,0.0,2061.0
2.0,52265.0,3126.0,3557.0,0.0,0.0,0.0,2531.0,1026.0,0.0,3126.0
2.0,49139.0,3197.0,3492.0,0.0,0.0,0.0,2405.0,1087.0,0.0,3197.0
2.0,45942.0,3875.0,3425.0,0.0,0.0,0.0,2295.0,1130.0,1670.0,2205.0
2.0,42067.0,4309.0,3395.0,0.0,0.0,0.0,2263.0,1132.0,4164.0,145.0
2.0,37758.0,6653.0,3490.0,0.0,0.0,0.0,2358.0,1132.0,6653.0,0.0
2.0,31105.0,7474.0,3634.0,0.0,0.0,0.0,2502.0,1132.0,7474.0,0.0
2.0,23631.0,5795.0,3727.0,0.0,799.0,799.0,2613.0,1114.0,5795.0,0.0
2.0,17836.0,1634.0,3720.0,0.0,2398.0,2398.0,2645.0,1075.0,1634.0,0.0
2.0,16202.0,0.0,3660.0,0.0,2098.0,2098.0,2645.0,1015.0,0.0,0.0
2.0,16202.0,1000.0,3619.0,799.0,2094.0,2094.0,2645.0,974.0,0.0,1000.0
2.0,16001.0,2068.0,3584.0,2398.0,1589.0,1589.0,2613.0,971.0,0.0,2068.0
2.0,16331.0,3138.0,3562.0,2098.0,2519.0,2519.0,2534.0,1028.0,0.0,3138.0
2.0,15291.0,3210.0,3497.0,2094.0,3310.0,3310.0,2408.0,1089.0,0.0,3210.0
2.0,14175.0,3939.0,3430.0,1589.0,5325.0,5325.0,2298.0,1132.0,1720.0,2219.0
2.0,11825.0,4387.0,3402.0,2519.0,7053.0,7053.0,2267.0,1135.0,4232.0,155.0
2.0,9957.0,6738.0,3499.0,3310.0,10966.0,10966.0,2364.0,1135.0,6738.0,0.0
2.0,6529.0,7537.0,3644.0,5325.0,13903.0,13903.0,2509.0,1135.0,7537.0,0.0
2.0,4317.0,5821.0,3737.0,7053.0,13136.0,13136.0,2621.0,1116.0,5821.0,0.0
2.0,5549.0,1603.0,3728.0,10966.0,3728.0,3728.0,2652.0,1076.0,1603.0,0.0
2.0,14912.0,0.0,3668.0,13903.0,0.0,0.0,2652.0,1016.0,0.0,0.0
2.0,28815.0,1045.0,3626.0,13136.0,0.0,0.0,2652.0,974.0,0.0,1045.0
2.0,40906.0,2128.0,3590.0,3728.0,0.0,0.0,2618.0,972.0,0.0,2128.0
2.0,42506.0,3213.0,3568.0,0.0,0.0,0.0,2537.0,1031.0,0.0,3213.0
2.0,39293.0,3261.0,3501.0,0.0,0.0,0.0,2407.0,1094.0,0.0,3261.0
2.0,36032.0,4052.0,3434.0,0.0,0.0,0.0,2298.0,1136.0,1833.0,2219.0
2.0,31980.0,4469.0,3408.0,0.0,0.0,0.0,2270.0,1138.0,4376.0,93.0
2.0,27511.0,6918.0,3510.0,0.0,0.0,0.0,2372.0,1138.0,6918.0,0.0
2.0,20593.0,7630.0,3657.0,0.0,5322.0,5322.0,2519.0,1138.0,7630.0,0.0
2.0,12963.0,5797.0,3749.0,0.0,11579.0,11579.0,2631.0,1118.0,5797.0,0.0
2.0,7166.0,1429.0,3736.0,0.0,12943.0,12943.0,2658.0,1078.0,1429.0,0.0
2.0,5737.0,0.0,3674.0,5322.0,7311.0,7311.0,2658.0,1016.0,0.0,0.0
2.0,11059.0,1064.0,3632.0,11579.0,0.0,0.0,2658.0,974.0,0.0,1064.0
2.0,21574.0,2161.0,3597.0,12943.0,0.0,0.0,2624.0,973.0,0.0,2161.0
2.0,32356.0,3251.0,3575.0,7311.0,0.0,0.0,2541.0,1034.0,0.0,3251.0
2.0,36416.0,3276.0,3507.0,0.0,0.0,0.0,2410.0,1097.0,0.0,3276.0
2.0,33140.0,4058.0,3440.0,0.0,0.0,0.0,2301.0,1139.0,1855.0,2203.0
2.0,29082.0,4431.0,3414.0,0.0,0.0,0.0,2274.0,1140.0,4392.0,39.0
2.0,24651.0,6933.0,3519.0,0.0,0.0,0.0,2379.0,1140.0,6933.0,0.0
2.0,17718.0,7621.0,3665.0,0.0,8228.0,8228.0,2525.0,1140.0,7621.0,0.0
2.0,10097.0,5768.0,3756.0,0.0,14451.0,14451.0,2636.0,1120.0,5768.0,0.0
2.0,4329.0,1365.0,3742.0,0.0,15746.0,15746.0,2662.0,1080.0,1365.0,0.0
2.0,2964.0,0.0,3681.0,8228.0,7213.0,7213.0,2662.0,1019.0,0.0,0.0
2.0,11192.0,1049.0,3639.0,14451.0,0.0,0.0,2662.0,977.0,0.0,1049.0
2.0,24594.0,2133.0,3605.0,15746.0,0.0,0.0,2629.0,976.0,0.0,2133.0
2.0,38207.0,3214.0,3584.0,7213.0,0.0,0.0,2548.0,1036.0,0.0,3214.0
2.0,42206.0,3247.0,3516.0,0.0,0.0,0.0,2418.0,1098.0,0.0,3247.0
2.0,38959.0,3991.0,3450.0,0.0,0.0,0.0,2309.0,1141.0,1796.0,2195.0
2.0,34968.0,4387.0,3423.0,0.0,0.0,0.0,2281.0,1142.0,4321.0,66.0
2.0,30581.0,6839.0,3525.0,0.0,0.0,0.0,2383.0,1142.0,6839.0,0.0
2.0,23742.0,7560.0,3670.0,0.0,2168.0,2168.0,2528.0,1142.0,7560.0,0.0
2.0,16182.0,5748.0,3762.0,0.0,8376.0,8376.0,2639.0,1123.0,5748.0,0.0
2.0,10434.0,1422.0,3749.0,0.0,9733.0,9733.0,2666.0,1083.0,1422.0,0.0
2.0,9012.0,0.0,3689.0,2168.0,7265.0,7265.0,2666.0,1023.0,0.0,0.0
2.0,11180.0,1019.0,3647.0,8376.0,0.0,0.0,2666.0,981.0,0.0,1019.0
2.0,18537.0,2095.0,3613.0,9733.0,0.0,0.0,2634.0,979.0,0.0,2095.0
2.0,26175.0,3169.0,3591.0,7265.0,0.0,0.0,2554.0,1037.0,0.0,3169.0
2.0,30271.0,3226.0,3525.0,0.0,0.0,0.0,2426.0,1099.0,0.0,3226.0
2.0,27045.0,3981.0,3458.0,0.0,0.0,0.0,2316.0,1142.0,1769.0,2212.0
2.0,23064.0,4405.0,3431.0,0.0,0.0,0.0,2287.0,1144.0,4286.0,119.0
2.0,18659.0,6798.0,3531.0,0.0,5794.0,5794.0,2387.0,1144.0,6798.0,0.0
2.0,11861.0,7549.0,3676.0,0.0,14068.0,14068.0,2532.0,1144.0,7549.0,0.0
2.0,4312.0,5780.0,3768.0,0.0,18840.0,18840.0,2643.0,1125.0,5780.0,0.0
2.0,0.0,1507.0,3757.0,5794.0,15966.0,15966.0,2672.0,1085.0,1507.0,0.0
2.0,2819.0,0.0,3697.0,14068.0,1598.0,1598.0,2672.0,1025.0,0.0,0.0
2.0,16887.0,1038.0,3655.0,18840.0,0.0,0.0,2672.0,983.0,0.0,1038.0
2.0,34689.0,2119.0,3620.0,15966.0,0.0,0.0,2639.0,981.0,0.0,2119.0
2.0,48536.0,3204.0,3598.0,1598.0,0.0,0.0,2558.0,1040.0,0.0,3204.0
2.0,46930.0,3258.0,3530.0,0.0,0.0,0.0,2428.0,1102.0,0.0,3258.0
2.0,43672.0,4074.0,3464.0,0.0,0.0,0.0,2319.0,1145.0,1850.0,2224.0
2.0,39598.0,4496.0,3438.0,0.0,0.0,0.0,2291.0,1147.0,4390.0,106.0
2.0,35102.0,6931.0,3541.0,0.0,0.0,0.0,2394.0,1147.0,6931.0,0.0
2.0,28171.0,7631.0,3687.0,0.0,0.0,0.0,2540.0,1147.0,7631.0,0.0
2.0,20540.0,5795.0,3779.0,0.0,4150.0,4150.0,2652.0,1127.0,5795.0,0.0
2.0,14745.0,1425.0,3765.0,0.0,5505.0,5505.0,2679.0,1086.0,1425.0,0.0
2.0,13320.0,0.0,3703.0,0.0,5195.0,5195.0,2679.0,1024.0,0.0,0.0
2.0,13320.0,1080.0,3661.0,4150.0,1915.0,1915.0,2679.0,982.0,0.0,1080.0
2.0,16390.0,2177.0,3625.0,5505.0,0.0,0.0,2644.0,981.0,0.0,2177.0
2.0,19718.0,3274.0,3603.0,5195.0,0.0,0.0,2560.0,1043.0,0.0,3274.0
2.0,21639.0,3298.0,3533.0,1915.0,0.0,0.0,2427.0,1106.0,0.0,3298.0
2.0,20256.0,4165.0,3466.0,0.0,1239.0,1239.0,2317.0,1149.0,1946.0,2219.0
2.0,16091.0,4563.0,3443.0,0.0,5687.0,5687.0,2293.0,1150.0,4518.0,45.0
2.0,11528.0,7086.0,3552.0,0.0,13318.0,13318.0,2402.0,1150.0,7086.0,0.0
2.0,4442.0,7709.0,3700.0,1239.0,18500.0,18500.0,2550.0,1150.0,7709.0,0.0
2.0,0.0,5761.0,3790.0,5687.0,18950.0,18950.0,2661.0,1129.0,5761.0,0.0
2.0,0.0,1245.0,3773.0,13318.0,8894.0,8894.0,2685.0,1088.0,1245.0,0.0
2.0,9971.0,0.0,3710.0,18500.0,0.0,0.0,2685.0,1025.0,0.0,0.0
2.0,28471.0,1090.0,3668.0,18950.0,0.0,0.0,2685.0,983.0,0.0,1090.0
2.0,46331.0,2188.0,3632.0,8894.0,0.0,0.0,2649.0,983.0,0.0,2188.0
2.0,53037.0,3291.0,3609.0,0.0,0.0,0.0,2564.0,1045.0,0.0,3291.0
2.0,49746.0,3300.0,3540.0,0.0,0.0,0.0,2431.0,1109.0,0.0,3300.0
2.0,46446.0,4138.0,3473.0,0.0,0.0,0.0,2322.0,1151.0,1930.0,2208.0
2.0,42308.0,4505.0,3448.0,0.0,0.0,0.0,2297.0,1151.0,4492.0,13.0
2.0,37803.0,7051.0,3557.0,0.0,0.0,0.0,2406.0,1151.0,7051.0,0.0
2.0,30752.0,7686.0,3705.0,0.0,0.0,0.0,2554.0,1151.0,7686.0,0.0
2.0,23066.0,5749.0,3796.0,0.0,1663.0,1663.0,2665.0,1131.0,5749.0,0.0
2.0,17317.0,1250.0,3779.0,0.0,2828.0,2828.0,2689.0,1090.0,1250.0,0.0
2.0,16067.0,0.0,3717.0,0.0,2518.0,2518.0,2689.0,1028.0,0.0,0.0
2.0,16067.0,1062.0,3675.0,1663.0,1707.0,1707.0,2689.0,986.0,0.0,1062.0
2.0,16668.0,2153.0,3640.0,2828.0,857.0,857.0,2654.0,986.0,0.0,2153.0
2.0,17343.0,3246.0,3618.0,2518.0,1475.0,1475.0,2571.0,1047.0,0.0,3246.0
2.0,16615.0,3272.0,3550.0,1707.0,2700.0,2700.0,2440.0,1110.0,0.0,3272.0
2.0,15050.0,4053.0,3482.0,857.0,5556.0,5556.0,2330.0,1152.0,1845.0,2208.0
2.0,11854.0,4435.0,3457.0,1475.0,8391.0,8391.0,2304.0,1153.0,4386.0,49.0
2.0,8894.0,6924.0,3562.0,2700.0,13140.0,13140.0,2409.0,1153.0,6924.0,0.0
2.0,4670.0,7620.0,3709.0,5556.0,15939.0,15939.0,2556.0,1153.0,7620.0,0.0
2.0,2606.0,5767.0,3801.0,8391.0,13775.0,13775.0,2667.0,1134.0,5767.0,0.0
2.0,5230.0,1381.0,3786.0,13140.0,1941.0,1941.0,2693.0,1093.0,1381.0,0.0
2.0,16989.0,0.0,3725.0,15939.0,0.0,0.0,2693.0,1032.0,0.0,0.0
2.0,32928.0,1039.0,3683.0,13775.0,0.0,0.0,2693.0,990.0,0.0,1039.0
2.0,45664.0,2129.0,3648.0,1941.0,0.0,0.0,2659.0,989.0,0.0,2129.0
2.0,45476.0,3214.0,3625.0,0.0,0.0,0.0,2577.0,1048.0,0.0,3214.0
2.0,42262.0,3260.0,3557.0,0.0,0.0,0.0,2446.0,1111.0,0.0,3260.0
2.0,39002.0,4047.0,3490.0,0.0,0.0,0.0,2336.0,1154.0,1828.0,2219.0
2.0,34955.0,4465.0,3464.0,0.0,0.0,0.0,2309.0,1155.0,4372.0,93.0
2.0,30490.0,6911.0,3568.0,0.0,0.0,0.0,2413.0,1155.0,6911.0,0.0
2.0,23579.0,7624.0,3715.0,0.0,2620.0,2620.0,2560.0,1155.0,7624.0,0.0
2.0,15955.0,5802.0,3806.0,0.0,8877.0,8877.0,2671.0,1135.0,5802.0,0.0
2.0,10153.0,1443.0,3794.0,0.0,10260.0,10260.0,2699.0,1095.0,1443.0,0.0
2.0,8710.0,0.0,3732.0,2620.0,7330.0,7330.0,2699.0,1033.0,0.0,0.0
2.0,11330.0,1081.0,3690.0,8877.0,0.0,0.0,2699.0,991.0,0.0,1081.0
2.0,19126.0,2177.0,3653.0,10260.0,0.0,0.0,2663.0,990.0,0.0,2177.0
2.0,27209.0,3274.0,3630.0,7330.0,0.0,0.0,2579.0,1051.0,0.0,3274.0
2.0,31265.0,3292.0,3560.0,0.0,0.0,0.0,2446.0,1114.0,0.0,3292.0
2.0,27973.0,4171.0,3494.0,0.0,0.0,0.0,2337.0,1157.0,1955.0,2216.0
2.0,23802.0,4575.0,3470.0,0.0,0.0,0.0,2312.0,1158.0,4526.0,49.0
2.0,19227.0,7111.0,3580.0,0.0,5784.0,5784.0,2422.0,1158.0,7111.0,0.0
2.0,12116.0,7734.0,3728.0,0.0,14258.0,14258.0,2570.0,1158.0,7734.0,0.0
2.0,4382.0,5796.0,3819.0,0.0,19095.0,19095.0,2682.0,1137.0,5796.0,0.0
2.0,0.0,1268.0,3801.0,5784.0,15903.0,15903.0,2706.0,1095.0,1268.0,0.0
2.0,3102.0,22.0,1087.640465799589,14258.0,0.0,0.0,-33.09534271697339,1120.7358085165624,0.0,22.0
2.0,17338.0,1136.0,2077.3086888617063,19095.0,0.0,0.0,-114.18484477961738,2191.4935336413237,0.0,1136.0
2.0,35297.0,2245.0,3202.9756360472547,15903.0,0.0,0.0,-27.903226261151303,3230.878862308406,0.0,2245.0
2.0,48955.0,3334.0,3292.6864404348203,0.0,0.0,0.0,46.821144056298635,3245.8652963785216,0.0,3334.0
2.0,45621.0,3308.0,4092.2394078251154,0.0,0.0,0.0,1912.0729653577566,2180.166442467359,0.0,3308.0
2.0,42313.0,4203.0,4658.430001162431,0.0,0.0,0.0,4523.811565333623,134.6184358288084,2025.0,2178.0
2.0,38110.0,4622.0,7111.298503725484,0.0,2068.0,2068.0,7083.631488588572,27.667015136911914,4622.0,0.0
2.0,33488.0,7219.0,7650.3019585882685,0.0,11982.0,11982.0,7662.316128868755,-12.014170280486837,7219.0,0.0
2.0,26269.0,7795.0,5706.02857589407,0.0,10056.0,10056.0,5729.538960961758,-23.510385067688162,7795.0,0.0
2.0,18474.0,5762.0,1466.48943708126,2068.0,0.0,0.0,1477.3181873756046,-10.828750294344673,5762.0,0.0
2.0,14780.0,1140.0,69.91083103856568,11982.0,0.0,0.0,24.55437821599071,45.356452822574965,1140.0,0.0
2.0,25622.0,25.0,1099.4638576068717,10056.0,0.0,0.0,-19.14930423352962,1118.6131618404013,0.0,25.0
2.0,35653.0,1133.0,2097.7592690872157,0.0,0.0,0.0,-109.7194877965585,2207.478756883774,0.0,1133.0
2.0,34520.0,2242.0,3231.189006044162,0.0,0.0,0.0,-14.542451503741177,3245.731457547903,0.0,2242.0
2.0,32278.0,3324.0,3299.8427359213697,0.0,0.0,0.0,49.70081573699508,3250.1419201843746,0.0,3324.0
2.0,28954.0,3303.0,4092.1567680582616,0.0,0.0,0.0,1921.4552995396725,2170.701468518589,0.0,3303.0
2.0,25651.0,4140.0,4651.979430278167,0.0,1749.0,1749.0,4524.6409480952225,127.33848218294361,1973.0,2167.0
2.0,21511.0,4550.0,7138.39059267957,0.0,18731.0,18731.0,7104.774373926284,33.61621875328581,4550.0,0.0
2.0,16961.0,7123.0,7660.7860907399345,0.0,28466.0,28466.0,7671.828374804948,-11.042284065013632,7123.0,0.0
2.0,9838.0,7726.0,5697.735664053543,1749.0,24628.0,24628.0,5720.807895939377,-23.072231885834185,7726.0,0.0
2.0,3861.0,5746.0,1452.6519317388056,18731.0,0.0,0.0,1463.6696786848725,-11.01774694606695,5746.0,0.0
2.0,16846.0,1198.0,86.44600235330086,28466.0,0.0,0.0,36.963866183848495,49.48213616945236,1198.0,0.0
2.0,44114.0,0.0,1102.0176452005735,24628.0,0.0,0.0,-18.42518808790328,1120.4428332884768,0.0,0.0
2.0,68742.0,1087.0,2107.428162235805,0.0,0.0,0.0,-112.4581302000206,2219.8862924358255,0.0,1087.0
2.0,67655.0,2186.0,3220.743613835914,0.0,0.0,0.0,-22.09692497062315,3242.840538806537,0.0,2186.0
2.0,65469.0,3290.0,3299.751517055101,0.0,0.0,0.0,44.52642512197235,3255.2250919331286,0.0,3290.0
2.0,62179.0,3300.0,4085.8267086523924,0.0,0.0,0.0,1923.2269506805937,2162.5997579717987,0.0,3300.0
2.0,58879.0,4125.0,4643.786630536808,0.0,0.0,0.0,4516.345876560568,127.44075397623976,1916.0,2209.0
2.0,54754.0,4498.0,7157.365255843781,0.0,0.0,0.0,7119.200409519788,38.16484632399238,4482.0,16.0
2.0,50256.0,7041.0,7673.654622893982,0.0,0.0,0.0,7684.217182625207,-10.562559731225065,7041.0,0.0
2.0,43215.0,7687.0,5713.696938588978,0.0,0.0,0.0,5730.713842129109,-17.01690354013124,7687.0,0.0
2.0,35528.0,5761.0,1450.0862662214097,0.0,0.0,0.0,1458.4705651866295,-8.384298965219841,5761.0,0.0
2.0,29767.0,1283.0,96.1322270786809,0.0,0.0,0.0,45.001913026916554,51.130314051764344,1283.0,0.0
2.0,28484.0,0.0,1100.5768536960593,0.0,0.0,0.0,-34.09825213060685,1134.6751058266661,0.0,0.0
2.0,28484.0,1070.0,2107.0927161385234,0.0,0.0,0.0,-117.36383438608846,2224.456550524612,0.0,1070.0
2.0,27414.0,2172.0,3197.205067876247,0.0,0.0,0.0,-43.54488135787733,3240.7499492341244,0.0,2172.0
2.0,25242.0,3271.0,3296.6187147816017,0.0,0.0,0.0,38.264227645277515,3258.354487136324,0.0,3271.0
2.0,21971.0,3301.0,4096.033222397937,0.0,1810.0,1810.0,1935.7730753379446,2160.260147059992,0.0,3301.0
2.0,18670.0,4178.0,4665.828687635776,0.0,8837.0,8837.0,4539.114719067018,126.71396856875833,1948.0,2230.0
2.0,14492.0,4585.0,7174.540343091195,0.0,25966.0,25966.0,7138.055106496099,36.48523659509567,4523.0,62.0
2.0,9907.0,7104.0,7680.022671314971,1810.0,33787.0,33787.0,7691.3771783893935,-11.354507074421804,7104.0,0.0
2.0,4613.0,7730.0,5711.013850457341,8837.0,22835.0,22835.0,5729.701914305244,-18.688063847903095,7730.0,0.0
2.0,5720.0,5797.0,1440.8702197675632,25966.0,0.0,0.0,1450.0098969813512,-9.13967721378799,5797.0,0.0
2.0,25889.0,1276.0,89.68374327933361,33787.0,0.0,0.0,38.583914738987914,51.0998285403457,1276.0,0.0
2.0,58400.0,11.0,1103.4637838777942,22835.0,0.0,0.0,-38.92496748223675,1142.388751360031,0.0,11.0
2.0,81224.0,1120.0,2105.762124801373,0.0,0.0,0.0,-119.28926497043358,2225.0513897718065,0.0,1120.0
2.0,80104.0,2230.0,3201.850436324624,0.0,0.0,0.0,-50.12521102996652,3251.9756473545904,0.0,2230.0
2.0,77874.0,3330.0,3297.886969237242,0.0,0.0,0.0,40.750821031762825,3257.136148205479,0.0,3330.0
2.0,74544.0,3324.0,4115.789061567013,0.0,0.0,0.0,1956.0101935342968,2159.7788680327167,0.0,3324.0
2.0,71220.0,4266.0,4698.629857661667,0.0,0.0,0.0,4574.803833638039,123.82602402362863,2056.0,2210.0
