agg_orders_level_0,agg_orders_level_1
3366.0,10098.0
3249.0,6435.0
0.0,0.0
846.0,0.0
1107.0,0.0
1242.0,0.0
1275.0,0.0
1062.0,168.0
816.0,582.0
903.0,750.0
666.0,459.0
861.0,744.0
1020.0,957.0
843.0,762.0
1023.0,978.0
1092.0,1065.0
1107.0,1089.0
1296.0,1314.0
1080.0,1062.0
846.0,783.0
921.0,894.0
894.0,858.0
864.0,828.0
1041.0,1023.0
921.0,894.0
1077.0,1068.0
1185.0,1185.0
1338.0,1365.0
1248.0,1257.0
1113.0,1113.0
1387.0,1414.0
1314.0,1332.0
1318.0,1327.0
1029.0,1020.0
924.0,900.0
771.0,741.0
795.0,768.0
834.0,807.0
1020.0,1011.0
1131.0,1140.0
1266.0,1266.0
1326.0,1347.0
1197.0,1203.0
1212.0,1212.0
1182.0,1191.0
1143.0,1143.0
981.0,972.0
870.0,852.0
774.0,756.0
972.0,954.0
720.0,702.0
940.0,931.0
1078.0,943.0
1161.0,1044.0
1269.0,1341.0
1152.0,1170.0
1407.0,1425.0
1167.0,1158.0
1110.0,1101.0
1089.0,1092.0
930.0,936.0
1017.0,1029.0
969.0,984.0
750.0,741.0
1132.0,1141.0
1017.0,1026.0
1185.0,1194.0
1332.0,1341.0
1299.0,1317.0
1392.0,1401.0
1383.0,1392.0
1257.0,1284.0
1119.0,1137.0
921.0,921.0
957.0,957.0
996.0,996.0
1179.0,1188.0
879.0,870.0
1329.0,1338.0
1359.0,1359.0
1260.0,1260.0
1519.0,1546.0
1281.0,1281.0
1359.0,1359.0
1131.0,1113.0
1206.0,1224.0
1143.0,1152.0
1098.0,1116.0
1119.0,1137.0
1258.0,1279.0
987.0,984.0
1002.0,1002.0
1290.0,1290.0
1308.0,1308.0
1449.0,1467.0
1392.0,1401.0
1248.0,1248.0
1179.0,1179.0
1230.0,1248.0
1128.0,1140.0
789.0,789.0
981.0,987.0
1149.0,1170.0
870.0,867.0
1300.0,1309.0
1203.0,1203.0
1221.0,1221.0
1482.0,1509.0
1407.0,1407.0
1527.0,1545.0
1497.0,1515.0
1020.0,1020.0
1374.0,1401.0
933.0,924.0
1101.0,1110.0
975.0,993.0
1119.0,1119.0
1071.0,1071.0
1281.0,1290.0
1491.0,1491.0
1392.0,1401.0
1398.0,1398.0
1110.0,1092.0
1363.0,1372.0
774.0,747.0
1137.0,1155.0
1032.0,1041.0
1068.0,1068.0
1152.0,1152.0
1176.0,1194.0
1320.0,1311.0
1407.0,1416.0
1371.0,1380.0
1395.0,1386.0
1566.0,1584.0
1467.0,1467.0
1308.0,1326.0
1242.0,1242.0
978.0,960.0
1182.0,1200.0
1176.0,1176.0
1170.0,1170.0
1137.0,1137.0
1389.0,1416.0
1213.0,1204.0
1563.0,1581.0
1404.0,1398.0
1659.0,1674.0
1308.0,1308.0
1371.0,1389.0
1320.0,1320.0
1287.0,1296.0
1146.0,1173.0
1077.0,1077.0
1260.0,1260.0
1506.0,1551.0
1230.0,1221.0
1509.0,1527.0
1465.0,1486.0
1551.0,1557.0
1368.0,1368.0
1374.0,1356.0
1488.0,1488.0
1461.0,1488.0
1281.0,1272.0
1254.0,1281.0
1299.0,1308.0
1329.0,1347.0
1225.0,1234.0
1494.0,1521.0
1329.0,1329.0
1584.0,1584.0
1656.0,1674.0
1602.0,1614.0
1551.0,1578.0
1422.0,1428.0
1227.0,1254.0
1182.0,1182.0
1197.0,1206.0
1032.0,1032.0
1092.0,1083.0
1209.0,1209.0
1284.0,1284.0
1446.0,1446.0
1575.0,1584.0
1461.0,1470.0
1611.0,1620.0
1629.0,1638.0
1371.0,1371.0
1381.0,1390.0
1170.0,1179.0
1126.0,1126.0
1063.0,1054.0
1167.0,1167.0
1368.0,1386.0
1323.0,1314.0
1551.0,1569.0
1590.0,1590.0
1348.0,1348.0
1527.0,1518.0
1413.0,1422.0
1440.0,1440.0
1263.0,1263.0
1317.0,1317.0
1332.0,1350.0
1146.0,1146.0
1452.0,1461.0
1203.0,1179.0
1380.0,1395.0
1569.0,1569.0
1432.0,1432.0
1353.0,1335.0
1500.0,1518.0
1668.0,1677.0
1375.0,1375.0
1389.0,1383.0
1539.0,1554.0
1338.0,1347.0
1312.0,1312.0
1347.0,1347.0
1359.0,1368.0
1458.0,1458.0
1542.0,1545.0
1554.0,1551.0
1711.0,1720.0
1587.0,1587.0
1443.0,1434.0
1560.0,1569.0
1341.0,1341.0
1503.0,1530.0
1203.0,1203.0
1212.0,1215.0
1221.0,1236.0
1158.0,1158.0
1317.0,1317.0
1671.0,1680.0
1653.0,1656.0
1743.0,1767.0
1846.0,1855.0
1612.0,1612.0
1422.0,1422.0
1293.0,1287.0
1338.0,1344.0
1057.0,1057.0
1410.0,1431.0
1296.0,1302.0
1431.0,1431.0
1365.0,1368.0
1437.0,1434.0
1725.0,1734.0
1905.0,1941.0
1656.0,1665.0
1671.0,1680.0
1641.0,1659.0
1521.0,1530.0
1284.0,1284.0
1329.0,1329.0
1086.0,1077.0
1323.0,1323.0
1539.0,1548.0
1566.0,1584.0
1626.0,1626.0
1819.0,1846.0
1410.0,1410.0
1689.0,1698.0
1593.0,1593.0
1542.0,1551.0
1602.0,1620.0
1479.0,1470.0
1150.0,1135.0
1449.0,1464.0
1350.0,1350.0
1618.0,1627.0
1542.0,1551.0
1647.0,1647.0
1674.0,1692.0
1879.0,1882.0
1548.0,1545.0
1662.0,1671.0
1441.0,1441.0
1521.0,1524.0
1639.0,1654.0
1401.0,1410.0
1548.0,1569.0
1449.0,1464.0
1327.0,1327.0
1329.0,1332.0
1767.0,1782.0
1650.0,1650.0
1710.0,1710.0
1719.0,1701.0
1869.0,1887.0
1776.0,1803.0
1542.0,1551.0
1416.0,1416.0
1191.0,1200.0
1389.0,1389.0
1485.0,1503.0
1521.0,1521.0
1581.0,1590.0
1875.0,1902.0
1800.0,1800.0
1812.0,1812.0
1695.0,1695.0
1680.0,1680.0
1710.0,1710.0
1519.0,1522.0
1578.0,1602.0
1521.0,1530.0
1468.0,1486.0
1656.0,1683.0
1440.0,1425.0
1839.0,1863.0
1908.0,1917.0
1939.0,1951.0
1821.0,1845.0
1734.0,1737.0
1764.0,1770.0
1836.0,1848.0
1617.0,1632.0
1551.0,1551.0
1749.0,1785.0
1512.0,1512.0
1588.0,1597.0
1590.0,1590.0
1663.0,1675.0
1836.0,1842.0
1779.0,1788.0
1986.0,1986.0
2049.0,2079.0
1695.0,1701.0
1771.0,1789.0
1629.0,1632.0
1509.0,1506.0
1470.0,1470.0
1422.0,1422.0
1470.0,1470.0
1638.0,1656.0
1902.0,1938.0
1848.0,1848.0
1734.0,1737.0
1914.0,1920.0
1872.0,1890.0
1779.0,1770.0
1797.0,1797.0
1626.0,1635.0
1464.0,1464.0
1396.0,1405.0
1416.0,1419.0
1662.0,1677.0
1749.0,1758.0
1542.0,1542.0
1746.0,1740.0
1726.0,1714.0
1899.0,1911.0
1977.0,1992.0
1803.0,1803.0
1815.0,1833.0
1770.0,1779.0
1563.0,1563.0
1518.0,1518.0
1522.0,1522.0
1503.0,1497.0
1629.0,1635.0
1626.0,1617.0
1798.0,1798.0
1722.0,1704.0
1914.0,1914.0
1758.0,1758.0
1827.0,1845.0
1579.0,1555.0
1848.0,1866.0
1494.0,1482.0
1578.0,1572.0
1653.0,1659.0
1632.0,1632.0
1689.0,1707.0
1669.0,1669.0
1980.0,1983.0
1878.0,1884.0
1989.0,1989.0
1822.0,1813.0
1780.0,1780.0
2109.0,2127.0
1858.0,1876.0
1518.0,1518.0
1476.0,1476.0
1647.0,1656.0
1629.0,1647.0
1642.0,1642.0
1812.0,1803.0
1926.0,1935.0
1938.0,1941.0
1980.0,1986.0
2209.0,2227.0
1834.0,1837.0
1902.0,1908.0
1929.0,1950.0
1686.0,1695.0
1620.0,1638.0
1584.0,1590.0
1668.0,1668.0
1575.0,1569.0
1683.0,1689.0
1875.0,1878.0
1999.0,2023.0
1944.0,1944.0
1992.0,1992.0
1929.0,1938.0
1753.0,1747.0
1938.0,1944.0
1659.0,1662.0
1800.0,1824.0
1590.0,1590.0
1689.0,1698.0
1620.0,1620.0
1797.0,1815.0
2097.0,2106.0
2037.0,2058.0
2058.0,2064.0
1839.0,1842.0
1896.0,1911.0
1887.0,1896.0
1776.0,1776.0
1563.0,1563.0
1560.0,1560.0
1614.0,1614.0
1617.0,1617.0
1713.0,1713.0
1776.0,1776.0
1872.0,1872.0
1992.0,1995.0
2176.0,2191.0
2277.0,2295.0
1953.0,1971.0
1821.0,1803.0
1719.0,1710.0
1755.0,1764.0
1701.0,1719.0
1710.0,1713.0
1551.0,1548.0
1840.0,1849.0
1870.0,1870.0
2028.0,2046.0
2142.0,2151.0
2061.0,2061.0
1914.0,1896.0
2145.0,2163.0
1947.0,1947.0
1917.0,1917.0
1672.0,1672.0
1857.0,1875.0
1662.0,1671.0
1497.0,1479.0
2040.0,2067.0
1803.0,1806.0
2070.0,2088.0
2031.0,2037.0
2139.0,2139.0
2109.0,2127.0
1896.0,1887.0
2049.0,2067.0
1968.0,1968.0
1783.0,1792.0
1521.0,1512.0
1866.0,1875.0
1860.0,1878.0
2026.0,2035.0
1980.0,1998.0
1830.0,1812.0
1971.0,1971.0
2122.0,2122.0
2031.0,2049.0
1962.0,1962.0
1852.0,1852.0
1800.0,1800.0
1806.0,1815.0
1731.0,1749.0
1764.0,1773.0
1879.0,1888.0
2133.0,2160.0
1857.0,1857.0
2097.0,2115.0
2049.0,2049.0
2166.0,2166.0
2112.0,2097.0
2295.0,2319.0
2097.0,2115.0
1935.0,1944.0
1941.0,1950.0
1869.0,1887.0
1701.0,1701.0
1803.0,1812.0
1833.0,1833.0
2046.0,2064.0
2202.0,2205.0
1938.0,1935.0
2319.0,2328.0
2157.0,2166.0
2185.0,2194.0
2016.0,2016.0
2073.0,2082.0
1929.0,1938.0
1927.0,1939.0
1890.0,1905.0
1863.0,1881.0
1827.0,1809.0
2103.0,2130.0
2139.0,2139.0
2385.0,2406.0
2172.0,2178.0
2223.0,2223.0
2088.0,2097.0
2121.0,2130.0
1980.0,1980.0
1954.0,1963.0
1752.0,1761.0
1833.0,1833.0
1803.0,1803.0
1828.0,1819.0
2142.0,2151.0
2088.0,2106.0
2076.0,2076.0
2310.0,2319.0
2298.0,2316.0
2310.0,2328.0
2145.0,2163.0
2076.0,2085.0
1839.0,1842.0
1791.0,1806.0
1752.0,1752.0
1959.0,1959.0
1899.0,1881.0
2058.0,2076.0
2118.0,2118.0
2053.0,2053.0
2319.0,2328.0
2365.0,2383.0
2160.0,2142.0
2298.0,2316.0
2032.0,2041.0
1920.0,1914.0
1800.0,1797.0
1875.0,1884.0
1927.0,1930.0
2037.0,2055.0
2176.0,2182.0
2136.0,2136.0
1911.0,1911.0
2202.0,2184.0
2277.0,2295.0
2347.0,2347.0
2031.0,2034.0
2251.0,2257.0
1980.0,1983.0
2067.0,2082.0
2029.0,2038.0
2119.0,2137.0
2184.0,2196.0
2139.0,2139.0
2062.0,2059.0
2235.0,2229.0
2220.0,2226.0
2406.0,2415.0
2506.0,2527.0
2163.0,2169.0
2031.0,2031.0
1815.0,1806.0
1809.0,1812.0
2113.0,2137.0
1926.0,1926.0
2077.0,2089.0
2127.0,2124.0
2307.0,2328.0
2496.0,2520.0
2328.0,2328.0
2340.0,2343.0
2202.0,2190.0
2239.0,2251.0
2157.0,2163.0
2148.0,2157.0
1989.0,2007.0
1978.0,1987.0
2121.0,2139.0
2007.0,2010.0
2058.0,2058.0
2170.0,2170.0
2265.0,2274.0
2421.0,2427.0
2229.0,2223.0
2361.0,2376.0
2283.0,2283.0
2037.0,2037.0
1951.0,1954.0
2010.0,2016.0
1965.0,1974.0
2040.0,2040.0
2221.0,2239.0
2253.0,2256.0
2280.0,2286.0
2262.0,2289.0
2328.0,2328.0
2397.0,2406.0
2280.0,2271.0
2121.0,2130.0
2142.0,2133.0
2181.0,2199.0
2236.0,2245.0
1917.0,1911.0
2139.0,2145.0
1905.0,1878.0
2307.0,2316.0
2331.0,2349.0
2424.0,2433.0
2358.0,2376.0
2470.0,2470.0
2358.0,2340.0
2325.0,2343.0
2238.0,2247.0
2100.0,2118.0
2217.0,2244.0
2031.0,2022.0
2088.0,2100.0
2193.0,2199.0
2259.0,2268.0
2439.0,2439.0
2641.0,2659.0
2349.0,2349.0
2367.0,2367.0
2145.0,2145.0
2325.0,2325.0
2040.0,2040.0
2287.0,2287.0
2013.0,2016.0
2316.0,2340.0
2013.0,1995.0
2157.0,2175.0
2118.0,2118.0
2352.0,2361.0
2550.0,2571.0
2430.0,2436.0
2475.0,2484.0
2652.0,2670.0
2169.0,2151.0
2298.0,2325.0
2277.0,2295.0
2011.0,2011.0
1959.0,1959.0
1953.0,1944.0
2127.0,2118.0
2329.0,2332.0
2497.0,2521.0
2301.0,2301.0
2605.0,2614.0
2355.0,2355.0
2328.0,2328.0
2388.0,2406.0
2088.0,2088.0
2124.0,2124.0
2199.0,2193.0
2301.0,2316.0
2295.0,2313.0
2145.0,2154.0
2301.0,2301.0
2310.0,2310.0
2392.0,2392.0
2667.0,2685.0
2421.0,2421.0
2427.0,2427.0
2512.0,2521.0
2227.0,2227.0
2328.0,2337.0
2260.0,2269.0
2134.0,2143.0
2088.0,2088.0
2379.0,2382.0
2355.0,2361.0
2491.0,2491.0
2550.0,2550.0
2598.0,2616.0
2604.0,2613.0
2521.0,2548.0
2589.0,2598.0
2383.0,2404.0
2151.0,2148.0
2271.0,2280.0
2118.0,2109.0
2211.0,2220.0
2352.0,2370.0
2436.0,2445.0
2478.0,2496.0
2517.0,2508.0
2622.0,2634.0
2760.0,2775.0
2608.0,2602.0
2460.0,2484.0
2358.0,2358.0
2220.0,2220.0
2167.0,2170.0
2274.0,2298.0
2437.0,2464.0
2229.0,2238.0
2446.0,2446.0
2466.0,2466.0
2478.0,2487.0
2460.0,2451.0
2667.0,2694.0
2640.0,2649.0
2517.0,2529.0
2418.0,2433.0
2590.0,2617.0
2265.0,2268.0
2196.0,2193.0
2290.0,2290.0
2250.0,2253.0
2511.0,2529.0
2469.0,2475.0
2562.0,2571.0
2760.0,2760.0
2448.0,2451.0
2671.0,2689.0
2646.0,2652.0
2335.0,2338.0
2361.0,2367.0
2259.0,2259.0
2265.0,2274.0
2385.0,2403.0
2370.0,2370.0
2481.0,2490.0
2643.0,2652.0
2748.0,2757.0
2697.0,2697.0
2656.0,2659.0
2559.0,2568.0
2433.0,2421.0
2601.0,2619.0
2397.0,2406.0
2179.0,2179.0
2209.0,2209.0
2329.0,2332.0
2254.0,2251.0
2325.0,2319.0
2571.0,2577.0
2685.0,2694.0
2628.0,2628.0
2541.0,2532.0
2508.0,2499.0
2533.0,2542.0
2623.0,2632.0
2433.0,2451.0
2340.0,2343.0
2398.0,2404.0
2386.0,2386.0
2353.0,2365.0
2592.0,2598.0
2539.0,2542.0
2452.0,2452.0
2667.0,2673.0
2908.0,2929.0
2577.0,2574.0
2472.0,2472.0
2532.0,2535.0
2400.0,2391.0
2383.0,2389.0
2173.0,2173.0
2379.0,2379.0
2439.0,2448.0
2550.0,2550.0
2754.0,2775.0
2544.0,2544.0
2706.0,2703.0
2838.0,2856.0
2643.0,2643.0
2637.0,2637.0
2493.0,2505.0
2220.0,2208.0
2061.0,2052.0
2409.0,2418.0
2442.0,2442.0
2430.0,2439.0
2610.0,2619.0
2628.0,2628.0
2769.0,2769.0
2607.0,2601.0
2829.0,2835.0
2647.0,2650.0
2571.0,2577.0
2718.0,2736.0
2430.0,2430.0
2491.0,2500.0
2346.0,2364.0
2476.0,2479.0
2478.0,2487.0
2676.0,2700.0
2601.0,2601.0
2766.0,2769.0
2799.0,2808.0
2862.0,2886.0
2644.0,2647.0
2529.0,2529.0
2571.0,2568.0
2463.0,2463.0
2302.0,2302.0
2100.0,2091.0
2283.0,2268.0
2529.0,2544.0
2700.0,2709.0
2691.0,2691.0
2646.0,2664.0
2640.0,2640.0
2791.0,2776.0
2688.0,2703.0
2685.0,2694.0
2385.0,2376.0
2583.0,2592.0
2568.0,2577.0
2259.0,2268.0
2601.0,2610.0
2625.0,2634.0
2751.0,2769.0
2749.0,2749.0
2796.0,2805.0
2736.0,2736.0
2538.0,2529.0
2754.0,2757.0
2598.0,2595.0
2808.0,2826.0
2620.0,2641.0
2544.0,2577.0
2424.0,2424.0
2526.0,2526.0
2631.0,2649.0
2736.0,2745.0
2895.0,2913.0
2856.0,2856.0
2949.0,2967.0
2904.0,2904.0
2773.0,2791.0
2688.0,2688.0
2619.0,2619.0
2589.0,2592.0
2427.0,2424.0
2469.0,2478.0
2487.0,2487.0
2550.0,2550.0
2614.0,2614.0
2673.0,2673.0
3042.0,3060.0
2862.0,2871.0
2889.0,2889.0
2665.0,2665.0
2892.0,2913.0
2587.0,2587.0
2740.0,2755.0
2496.0,2514.0
2715.0,2742.0
2829.0,2865.0
2553.0,2553.0
2668.0,2668.0
2856.0,2859.0
2784.0,2799.0
3016.0,3034.0
2883.0,2883.0
2757.0,2769.0
3042.0,3057.0
2806.0,2833.0
2629.0,2629.0
2595.0,2598.0
2518.0,2536.0
2559.0,2559.0
2640.0,2640.0
2589.0,2577.0
2916.0,2928.0
2904.0,2910.0
3171.0,3198.0
2935.0,2953.0
2782.0,2782.0
2847.0,2865.0
2742.0,2742.0
2712.0,2712.0
2670.0,2679.0
2595.0,2607.0
2388.0,2376.0
2581.0,2575.0
2941.0,2959.0
2919.0,2925.0
2940.0,2940.0
3231.0,3240.0
3111.0,3129.0
2940.0,2949.0
2817.0,2820.0
2812.0,2830.0
2743.0,2749.0
2352.0,2352.0
2448.0,2448.0
2632.0,2635.0
2776.0,2794.0
2754.0,2760.0
2847.0,2856.0
2991.0,2985.0
2874.0,2874.0
3115.0,3124.0
3168.0,3201.0
2880.0,2880.0
2898.0,2916.0
2529.0,2520.0
2889.0,2907.0
2724.0,2724.0
2670.0,2661.0
2571.0,2574.0
2742.0,2748.0
2889.0,2889.0
3099.0,3117.0
2880.0,2880.0
3202.0,3211.0
2928.0,2946.0
2994.0,2994.0
2929.0,2929.0
2712.0,2721.0
2790.0,2793.0
2598.0,2604.0
2595.0,2604.0
2916.0,2925.0
2896.0,2923.0
2805.0,2787.0
2946.0,2946.0
3150.0,3150.0
3129.0,3147.0
3040.0,3049.0
3019.0,3037.0
2742.0,2742.0
2787.0,2787.0
2722.0,2725.0
2451.0,2448.0
2716.0,2728.0
2601.0,2601.0
2851.0,2848.0
2800.0,2794.0
3105.0,3111.0
3154.0,3154.0
3117.0,3117.0
3063.0,3066.0
2823.0,2823.0
3030.0,3048.0
2691.0,2688.0
2815.0,2842.0
2700.0,2712.0
2808.0,2814.0
2589.0,2583.0
2965.0,2974.0
2979.0,2994.0
3171.0,3180.0
2907.0,2907.0
2989.0,2983.0
3099.0,3096.0
3015.0,3024.0
2721.0,2712.0
2737.0,2746.0
2583.0,2559.0
2787.0,2802.0
2742.0,2742.0
2913.0,2925.0
2751.0,2751.0
3033.0,3048.0
3219.0,3228.0
3217.0,3235.0
3219.0,3222.0
3168.0,3177.0
3000.0,3000.0
2934.0,2934.0
2836.0,2842.0
2638.0,2632.0
2709.0,2715.0
3088.0,3115.0
2991.0,2994.0
3003.0,3009.0
3108.0,3126.0
3196.0,3217.0
3186.0,3186.0
3057.0,3054.0
3186.0,3195.0
2946.0,2940.0
2907.0,2913.0
2743.0,2743.0
2859.0,2868.0
2824.0,2845.0
2701.0,2701.0
2977.0,3001.0
3120.0,3129.0
3090.0,3111.0
3042.0,3030.0
3207.0,3219.0
3291.0,3297.0
3100.0,3103.0
2986.0,2992.0
2745.0,2736.0
3129.0,3156.0
2695.0,2677.0
2958.0,2979.0
2866.0,2872.0
2946.0,2964.0
3105.0,3114.0
3114.0,3117.0
3435.0,3459.0
3273.0,3282.0
3300.0,3327.0
3213.0,3213.0
3168.0,3186.0
2907.0,2916.0
3016.0,3025.0
2874.0,2895.0
2887.0,2893.0
2838.0,2838.0
3052.0,3070.0
3201.0,3219.0
3135.0,3147.0
3150.0,3147.0
3418.0,3427.0
3286.0,3289.0
3183.0,3183.0
3228.0,3246.0
3069.0,3075.0
2931.0,2934.0
2815.0,2821.0
2703.0,2703.0
2803.0,2794.0
2998.0,2998.0
3034.0,3034.0
3207.0,3210.0
3183.0,3183.0
3351.0,3357.0
3357.0,3378.0
3183.0,3183.0
3135.0,3144.0
2976.0,2982.0
3039.0,3057.0
2925.0,2928.0
2793.0,2790.0
2949.0,2958.0
2929.0,2929.0
2862.0,2853.0
3327.0,3336.0
3207.0,3225.0
3420.0,3429.0
3414.0,3414.0
3198.0,3207.0
3102.0,3111.0
3033.0,3045.0
3090.0,3087.0
3031.0,3058.0
2763.0,2745.0
2988.0,3000.0
3102.0,3108.0
3196.0,3205.0
3229.0,3229.0
3141.0,3132.0
3360.0,3360.0
3358.0,3361.0
3357.0,3363.0
3102.0,3102.0
3222.0,3240.0
2896.0,2896.0
2808.0,2790.0
2787.0,2787.0
2953.0,2956.0
2941.0,2938.0
3093.0,3087.0
3244.0,3250.0
3462.0,3483.0
3453.0,3453.0
3270.0,3270.0
3138.0,3135.0
3106.0,3106.0
3232.0,3235.0
2949.0,2949.0
2886.0,2892.0
2883.0,2886.0
2910.0,2925.0
2958.0,2958.0
2983.0,2974.0
3021.0,3012.0
3232.0,3232.0
3414.0,3414.0
3384.0,3387.0
3249.0,3264.0
3204.0,3204.0
3111.0,3120.0
2997.0,2991.0
2988.0,2994.0
3010.0,3019.0
3090.0,3102.0
3081.0,3087.0
3099.0,3108.0
3333.0,3333.0
3345.0,3363.0
3324.0,3315.0
3429.0,3432.0
3400.0,3406.0
3244.0,3253.0
3270.0,3288.0
3051.0,3051.0
3069.0,3069.0
2947.0,2956.0
2983.0,2983.0
3051.0,3045.0
3201.0,3201.0
3262.0,3268.0
3502.0,3523.0
3466.0,3472.0
3511.0,3514.0
3375.0,3375.0
3240.0,3246.0
3189.0,3189.0
3015.0,3027.0
3096.0,3111.0
3106.0,3124.0
3294.0,3321.0
3352.0,3364.0
3348.0,3372.0
3303.0,3303.0
3385.0,3385.0
3433.0,3433.0
3336.0,3336.0
3375.0,3384.0
3321.0,3339.0
3177.0,3177.0
3220.0,3229.0
3028.0,3031.0
3042.0,3057.0
3085.0,3094.0
3175.0,3184.0
3396.0,3423.0
3396.0,3417.0
3354.0,3360.0
3594.0,3612.0
3352.0,3352.0
3304.0,3304.0
3279.0,3282.0
3330.0,3339.0
3343.0,3367.0
3115.0,3118.0
3190.0,3199.0
2967.0,2964.0
3453.0,3474.0
3039.0,3036.0
3435.0,3438.0
3327.0,3327.0
3549.0,3558.0
3520.0,3535.0
3621.0,3630.0
3459.0,3468.0
3141.0,3135.0
3057.0,3057.0
3156.0,3162.0
3213.0,3231.0
2991.0,2991.0
3205.0,3214.0
3222.0,3222.0
3592.0,3610.0
3636.0,3645.0
3426.0,3426.0
3511.0,3511.0
3471.0,3471.0
3549.0,3570.0
3268.0,3274.0
3252.0,3261.0
3112.0,3112.0
3144.0,3144.0
3405.0,3417.0
2994.0,2973.0
3240.0,3234.0
3579.0,3594.0
3598.0,3616.0
3499.0,3499.0
3499.0,3508.0
3609.0,3627.0
3270.0,3264.0
3316.0,3322.0
3226.0,3226.0
3286.0,3298.0
3286.0,3304.0
3262.0,3271.0
3313.0,3319.0
3390.0,3390.0
3576.0,3594.0
3576.0,3585.0
3745.0,3748.0
3657.0,3681.0
3277.0,3271.0
3405.0,3411.0
3303.0,3303.0
3291.0,3291.0
3264.0,3267.0
3151.0,3148.0
3259.0,3280.0
3366.0,3363.0
3468.0,3486.0
3496.0,3508.0
3531.0,3540.0
3498.0,3495.0
3673.0,3682.0
3432.0,3423.0
3442.0,3442.0
3358.0,3367.0
3259.0,3277.0
3024.0,3006.0
3289.0,3301.0
3141.0,3147.0
3336.0,3345.0
3219.0,3219.0
3496.0,3490.0
3607.0,3604.0
3657.0,3666.0
3747.0,3768.0
3612.0,3618.0
3540.0,3540.0
3352.0,3352.0
3376.0,3385.0
3291.0,3303.0
3306.0,3315.0
3052.0,3031.0
3315.0,3333.0
3510.0,3522.0
3519.0,3516.0
3462.0,3456.0
3708.0,3717.0
3354.0,3351.0
3439.0,3430.0
3703.0,3730.0
3378.0,3378.0
3339.0,3348.0
3333.0,3333.0
3319.0,3319.0
3261.0,3261.0
3555.0,3573.0
3276.0,3261.0
3625.0,3640.0
3601.0,3601.0
3528.0,3510.0
3477.0,3468.0
3484.0,3493.0
3537.0,3546.0
3442.0,3454.0
3391.0,3397.0
3192.0,3186.0
3166.0,3166.0
3247.0,3247.0
3666.0,3681.0
3592.0,3604.0
3480.0,3480.0
3541.0,3541.0
3720.0,3729.0
3765.0,3771.0
3570.0,3582.0
3660.0,3669.0
3429.0,3435.0
3496.0,3514.0
3162.0,3165.0
3475.0,3481.0
3432.0,3453.0
3339.0,3339.0
3457.0,3466.0
3741.0,3759.0
3718.0,3724.0
3621.0,3621.0
3651.0,3645.0
3652.0,3658.0
3714.0,3717.0
3495.0,3501.0
3465.0,3468.0
3291.0,3291.0
3345.0,3360.0
3609.0,3636.0
3432.0,3441.0
3579.0,3579.0
3711.0,3720.0
3630.0,3648.0
3711.0,3711.0
3876.0,3903.0
3807.0,3825.0
3651.0,3645.0
3511.0,3526.0
3382.0,3382.0
3531.0,3540.0
3423.0,3432.0
3319.0,3319.0
3708.0,3720.0
3564.0,3579.0
3525.0,3519.0
3876.0,3891.0
3949.0,3970.0
3798.0,3822.0
3753.0,3762.0
3660.0,3678.0
3516.0,3516.0
3405.0,3405.0
3231.0,3234.0
3463.0,3478.0
3301.0,3301.0
3486.0,3477.0
3609.0,3609.0
3801.0,3828.0
3588.0,3588.0
3739.0,3739.0
3690.0,3690.0
3861.0,3870.0
3573.0,3573.0
3658.0,3670.0
3528.0,3534.0
3570.0,3582.0
3315.0,3312.0
3493.0,3493.0
3516.0,3534.0
3696.0,3705.0
3796.0,3796.0
3781.0,3784.0
3772.0,3787.0
3837.0,3846.0
3828.0,3837.0
3681.0,3681.0
3696.0,3708.0
3340.0,3328.0
3468.0,3486.0
3403.0,3403.0
3478.0,3472.0
3660.0,3669.0
3775.0,3784.0
3753.0,3753.0
3882.0,3906.0
3976.0,3985.0
3879.0,3879.0
3291.0,3258.0
3732.0,3747.0
3687.0,3696.0
3564.0,3567.0
3459.0,3456.0
3478.0,3481.0
3477.0,3492.0
3499.0,3481.0
3900.0,3927.0
3810.0,3819.0
3996.0,4008.0
3837.0,3825.0
3934.0,3946.0
3903.0,3909.0
3820.0,3829.0
3609.0,3612.0
3670.0,3688.0
3657.0,3684.0
3651.0,3660.0
3510.0,3528.0
3718.0,3724.0
3733.0,3742.0
3876.0,3876.0
3835.0,3856.0
3853.0,3859.0
3976.0,3994.0
3724.0,3709.0
3768.0,3786.0
3534.0,3531.0
3591.0,3591.0
3418.0,3403.0
3411.0,3426.0
3667.0,3676.0
3811.0,3820.0
3660.0,3660.0
3771.0,3771.0
3927.0,3939.0
3972.0,3978.0
3958.0,3967.0
3829.0,3829.0
3882.0,3894.0
3639.0,3639.0
3645.0,3660.0
3544.0,3544.0
3687.0,3708.0
3780.0,3795.0
3609.0,3603.0
3702.0,3699.0
3819.0,3822.0
3909.0,3909.0
4122.0,4140.0
3831.0,3819.0
3777.0,3804.0
3792.0,3804.0
3852.0,3858.0
3600.0,3603.0
3457.0,3457.0
3751.0,3766.0
3594.0,3603.0
3648.0,3657.0
3774.0,3765.0
3952.0,3961.0
3898.0,3892.0
4108.0,4123.0
3972.0,3972.0
3738.0,3729.0
3828.0,3828.0
3771.0,3780.0
3576.0,3570.0
3627.0,3627.0
3573.0,3570.0
3633.0,3636.0
3750.0,3756.0
3802.0,3802.0
3937.0,3946.0
4149.0,4167.0
4149.0,4167.0
4149.0,4158.0
3978.0,3996.0
3691.0,3676.0
3729.0,3747.0
3670.0,3676.0
3826.0,3853.0
3750.0,3759.0
3744.0,3747.0
3642.0,3639.0
3907.0,3925.0
4035.0,4044.0
3838.0,3838.0
4119.0,4119.0
4189.0,4210.0
4066.0,4075.0
3931.0,3937.0
3732.0,3732.0
3772.0,3784.0
3385.0,3373.0
3594.0,3588.0
3703.0,3700.0
3973.0,4000.0
3817.0,3820.0
3919.0,3925.0
3949.0,3949.0
3760.0,3745.0
3945.0,3951.0
3855.0,3855.0
3808.0,3811.0
3901.0,3901.0
3777.0,3786.0
3744.0,3762.0
3607.0,3604.0
3909.0,3921.0
3762.0,3777.0
3999.0,4008.0
3877.0,3871.0
4113.0,4122.0
4029.0,4026.0
4173.0,4182.0
3991.0,4009.0
4278.0,4305.0
3822.0,3825.0
3723.0,3729.0
3963.0,3984.0
3672.0,3678.0
3744.0,3747.0
3642.0,3639.0
3913.0,3916.0
4023.0,4029.0
4297.0,4309.0
4180.0,4180.0
3933.0,3921.0
4053.0,4053.0
4092.0,4119.0
3991.0,4009.0
3735.0,3738.0
3631.0,3613.0
3763.0,3772.0
3616.0,3604.0
3861.0,3879.0
3861.0,3861.0
4179.0,4182.0
4299.0,4326.0
3945.0,3927.0
4141.0,4141.0
4017.0,4014.0
3931.0,3931.0
3822.0,3825.0
4035.0,4059.0
3790.0,3811.0
3756.0,3765.0
3508.0,3499.0
3972.0,3972.0
3999.0,4005.0
4237.0,4264.0
4056.0,4056.0
4315.0,4351.0
4002.0,4002.0
4252.0,4279.0
4060.0,4069.0
3822.0,3816.0
3723.0,3720.0
3903.0,3912.0
3982.0,4009.0
3822.0,3813.0
3972.0,3981.0
3837.0,3831.0
4144.0,4159.0
4174.0,4183.0
4105.0,4108.0
4335.0,4341.0
4218.0,4227.0
4030.0,4021.0
3987.0,3990.0
3804.0,3810.0
3655.0,3640.0
3972.0,3987.0
3978.0,3996.0
3895.0,3904.0
4092.0,4110.0
4104.0,4107.0
4162.0,4159.0
4149.0,4143.0
4162.0,4171.0
4177.0,4183.0
4389.0,4410.0
4036.0,4042.0
3690.0,3684.0
3952.0,3967.0
3900.0,3912.0
3829.0,3838.0
3781.0,3778.0
4182.0,4203.0
4011.0,3999.0
4149.0,4140.0
4248.0,4260.0
3997.0,3994.0
4209.0,4227.0
4107.0,4110.0
4009.0,4018.0
3873.0,3870.0
4053.0,4062.0
4011.0,4029.0
4125.0,4161.0
4071.0,4071.0
4027.0,4030.0
4186.0,4183.0
4338.0,4359.0
4290.0,4290.0
4294.0,4303.0
4084.0,4081.0
4212.0,4215.0
3990.0,4005.0
3808.0,3811.0
3798.0,3795.0
3823.0,3808.0
3931.0,3946.0
4056.0,4059.0
4188.0,4203.0
4203.0,4203.0
4371.0,4389.0
4330.0,4339.0
4218.0,4212.0
4071.0,4068.0
4236.0,4245.0
4117.0,4120.0
3931.0,3946.0
3921.0,3930.0
3969.0,3969.0
3918.0,3918.0
3862.0,3862.0
4132.0,4132.0
4269.0,4272.0
4095.0,4095.0
4308.0,4323.0
4282.0,4285.0
4317.0,4323.0
3970.0,3946.0
4156.0,4162.0
3946.0,3964.0
4210.0,4219.0
3871.0,3871.0
3888.0,3900.0
4194.0,4209.0
4290.0,4302.0
4294.0,4309.0
4213.0,4213.0
4495.0,4516.0
4332.0,4347.0
4329.0,4341.0
4131.0,4131.0
4233.0,4242.0
3996.0,4002.0
3831.0,3822.0
3973.0,3973.0
4203.0,4203.0
4077.0,4077.0
4197.0,4206.0
4297.0,4309.0
4248.0,4236.0
4339.0,4339.0
4123.0,4117.0
4308.0,4326.0
4263.0,4269.0
4218.0,4227.0
3936.0,3939.0
4026.0,4044.0
3924.0,3930.0
4105.0,4108.0
4032.0,4032.0
4026.0,4023.0
4114.0,4108.0
4510.0,4516.0
4303.0,4303.0
4317.0,4317.0
4486.0,4513.0
4431.0,4440.0
4032.0,4026.0
3979.0,3985.0
3990.0,3990.0
4044.0,4056.0
4108.0,4117.0
4020.0,4026.0
4341.0,4359.0
4279.0,4279.0
4254.0,4263.0
4384.0,4384.0
4492.0,4501.0
4348.0,4357.0
4192.0,4204.0
4152.0,4149.0
4089.0,4098.0
3867.0,3852.0
3891.0,3891.0
3964.0,3970.0
4086.0,4077.0
4188.0,4179.0
4302.0,4302.0
4429.0,4447.0
4470.0,4470.0
4560.0,4569.0
4342.0,4342.0
4119.0,4119.0
4345.0,4345.0
4227.0,4248.0
4107.0,4116.0
4252.0,4276.0
4189.0,4189.0
4224.0,4227.0
4368.0,4374.0
4261.0,4261.0
4365.0,4377.0
4468.0,4474.0
4596.0,4623.0
4425.0,4434.0
4377.0,4377.0
4222.0,4222.0
4042.0,4051.0
4179.0,4191.0
4156.0,4165.0
4044.0,4044.0
4330.0,4348.0
4207.0,4216.0
4407.0,4416.0
4335.0,4332.0
4624.0,4645.0
4648.0,4663.0
4527.0,4536.0
4258.0,4240.0
4134.0,4137.0
4444.0,4477.0
4276.0,4294.0
3936.0,3930.0
4192.0,4198.0
4260.0,4269.0
4387.0,4387.0
4444.0,4462.0
4632.0,4644.0
4486.0,4501.0
4720.0,4729.0
4312.0,4312.0
4372.0,4381.0
4308.0,4320.0
4300.0,4309.0
4329.0,4356.0
4275.0,4302.0
4078.0,4084.0
4122.0,4122.0
4399.0,4408.0
4549.0,4567.0
4485.0,4488.0
4701.0,4710.0
4593.0,4593.0
4563.0,4581.0
4516.0,4540.0
4164.0,4149.0
4018.0,4009.0
4038.0,4035.0
4293.0,4296.0
4258.0,4258.0
4395.0,4404.0
4312.0,4312.0
4405.0,4411.0
4599.0,4617.0
4735.0,4744.0
4671.0,4683.0
4413.0,4413.0
4555.0,4561.0
4384.0,4393.0
4023.0,4023.0
4209.0,4209.0
4149.0,4149.0
4227.0,4239.0
4273.0,4264.0
4381.0,4396.0
4716.0,4728.0
4621.0,4645.0
4554.0,4548.0
4536.0,4533.0
4429.0,4414.0
4497.0,4521.0
4242.0,4242.0
4155.0,4137.0
4062.0,4053.0
4386.0,4413.0
4278.0,4281.0
4371.0,4377.0
4564.0,4576.0
4563.0,4569.0
4648.0,4648.0
4546.0,4549.0
4651.0,4648.0
4605.0,4617.0
4551.0,4569.0
4491.0,4497.0
4504.0,4513.0
4288.0,4288.0
4314.0,4314.0
4254.0,4272.0
4432.0,4441.0
4482.0,4494.0
4575.0,4575.0
4536.0,4542.0
4455.0,4437.0
4557.0,4551.0
4539.0,4539.0
4521.0,4521.0
4369.0,4387.0
4435.0,4450.0
4320.0,4341.0
4258.0,4258.0
4317.0,4323.0
4567.0,4570.0
4506.0,4521.0
4480.0,4489.0
4539.0,4533.0
4704.0,4701.0
4531.0,4516.0
4755.0,4779.0
4632.0,4635.0
4483.0,4489.0
4194.0,4212.0
4545.0,4554.0
4351.0,4369.0
4456.0,4465.0
4386.0,4395.0
4587.0,4599.0
4692.0,4692.0
4888.0,4903.0
4809.0,4827.0
5112.0,5142.0
4561.0,4567.0
4584.0,4587.0
4527.0,4551.0
4296.0,4296.0
4498.0,4525.0
4288.0,4288.0
4471.0,4474.0
4759.0,4786.0
4686.0,4692.0
4710.0,4713.0
4591.0,4591.0
4678.0,4693.0
4735.0,4738.0
4612.0,4612.0
4698.0,4704.0
4489.0,4489.0
4281.0,4272.0
4383.0,4386.0
4425.0,4431.0
4485.0,4494.0
4617.0,4635.0
4708.0,4717.0
4660.0,4660.0
4674.0,4692.0
4896.0,4914.0
4909.0,4930.0
4572.0,4572.0
4464.0,4464.0
4524.0,4530.0
4678.0,4696.0
4375.0,4378.0
4425.0,4431.0
4425.0,4437.0
4470.0,4458.0
4524.0,4524.0
4678.0,4696.0
4896.0,4914.0
4663.0,4657.0
4773.0,4791.0
4674.0,4674.0
4557.0,4545.0
4497.0,4506.0
4356.0,4365.0
4312.0,4288.0
4674.0,4698.0
4369.0,4369.0
4630.0,4639.0
4413.0,4404.0
4767.0,4770.0
4861.0,4858.0
4741.0,4741.0
4831.0,4807.0
4957.0,4984.0
4788.0,4806.0
4576.0,4576.0
4381.0,4387.0
4588.0,4591.0
4500.0,4509.0
4408.0,4405.0
4360.0,4333.0
4771.0,4783.0
4678.0,4678.0
4725.0,4731.0
4870.0,4879.0
4782.0,4782.0
4803.0,4821.0
4491.0,4473.0
4429.0,4429.0
4404.0,4407.0
4498.0,4513.0
4677.0,4686.0
4393.0,4387.0
4641.0,4641.0
4515.0,4512.0
4584.0,4569.0
4827.0,4845.0
4825.0,4822.0
4975.0,4975.0
4881.0,4893.0
4839.0,4863.0
4501.0,4501.0
4570.0,4564.0
4675.0,4690.0
4596.0,4614.0
4524.0,4524.0
4858.0,4885.0
4669.0,4672.0
4909.0,4918.0
4789.0,4789.0
5053.0,5077.0
4840.0,4843.0
4947.0,4965.0
4830.0,4839.0
4590.0,4596.0
4501.0,4513.0
4605.0,4620.0
4464.0,4455.0
4539.0,4548.0
4537.0,4531.0
4659.0,4668.0
4789.0,4789.0
4842.0,4842.0
4981.0,4999.0
4861.0,4867.0
4962.0,4962.0
4773.0,4767.0
4816.0,4831.0
4630.0,4648.0
4543.0,4537.0
4569.0,4575.0
4566.0,4569.0
4620.0,4644.0
4756.0,4756.0
4888.0,4897.0
4804.0,4804.0
4983.0,4986.0
4696.0,4696.0
4963.0,4978.0
4936.0,4954.0
4636.0,4654.0
4632.0,4641.0
4489.0,4489.0
4653.0,4653.0
4597.0,4609.0
4734.0,4740.0
4720.0,4729.0
4900.0,4921.0
5011.0,5020.0
5026.0,5035.0
4734.0,4722.0
4986.0,4989.0
4600.0,4591.0
4839.0,4854.0
4696.0,4708.0
4543.0,4531.0
4602.0,4602.0
4687.0,4705.0
4729.0,4714.0
4717.0,4726.0
4971.0,4971.0
5106.0,5121.0
5074.0,5077.0
4962.0,4977.0
4923.0,4917.0
4879.0,4885.0
4648.0,4648.0
4761.0,4773.0
4851.0,4869.0
4566.0,4572.0
4614.0,4617.0
4690.0,4696.0
4821.0,4833.0
4879.0,4885.0
5227.0,5248.0
5166.0,5175.0
5091.0,5100.0
5080.0,5095.0
4758.0,4758.0
4810.0,4810.0
4743.0,4746.0
4635.0,4641.0
4557.0,4557.0
4647.0,4647.0
4801.0,4810.0
4690.0,4684.0
4863.0,4863.0
5041.0,5059.0
5224.0,5239.0
4926.0,4944.0
4915.0,4909.0
4683.0,4665.0
4860.0,4869.0
4683.0,4692.0
4635.0,4644.0
4662.0,4662.0
4788.0,4794.0
4791.0,4794.0
5046.0,5070.0
5016.0,5019.0
5208.0,5223.0
4903.0,4894.0
5236.0,5263.0
4981.0,4981.0
4924.0,4945.0
4902.0,4908.0
4801.0,4801.0
4620.0,4623.0
4722.0,4737.0
5017.0,5029.0
4810.0,4816.0
4777.0,4786.0
4899.0,4890.0
4945.0,4936.0
5121.0,5124.0
5019.0,5019.0
4974.0,4980.0
5005.0,5017.0
4936.0,4945.0
4641.0,4638.0
4690.0,4684.0
4747.0,4753.0
4671.0,4674.0
4911.0,4929.0
4968.0,4974.0
5043.0,5052.0
5097.0,5088.0
5089.0,5089.0
4942.0,4927.0
5077.0,5074.0
4983.0,5004.0
4810.0,4810.0
4785.0,4785.0
4627.0,4627.0
4797.0,4806.0
4878.0,4896.0
4767.0,4767.0
5164.0,5191.0
5179.0,5194.0
5115.0,5115.0
5218.0,5218.0
5187.0,5208.0
5157.0,5166.0
5002.0,5026.0
4809.0,4809.0
4828.0,4831.0
4821.0,4836.0
4906.0,4918.0
4812.0,4812.0
4866.0,4872.0
5209.0,5221.0
5221.0,5230.0
5127.0,5124.0
5253.0,5265.0
5128.0,5125.0
5271.0,5292.0
5155.0,5164.0
5004.0,5010.0
4876.0,4888.0
4848.0,4857.0
4701.0,4698.0
4894.0,4888.0
5074.0,5089.0
5194.0,5221.0
5284.0,5305.0
5248.0,5263.0
5119.0,5119.0
5083.0,5083.0
5316.0,5337.0
5091.0,5097.0
5008.0,5011.0
4797.0,4812.0
4905.0,4914.0
4759.0,4759.0
4818.0,4821.0
4969.0,4984.0
5001.0,5001.0
5143.0,5146.0
5260.0,5269.0
5091.0,5091.0
5326.0,5350.0
5203.0,5206.0
4911.0,4911.0
5070.0,5088.0
4714.0,4702.0
4965.0,4986.0
4866.0,4872.0
4902.0,4902.0
5041.0,5062.0
4974.0,4956.0
5080.0,5077.0
5376.0,5394.0
5310.0,5313.0
5400.0,5409.0
5292.0,5298.0
5154.0,5172.0
5140.0,5152.0
4917.0,4932.0
4983.0,4986.0
4747.0,4738.0
4839.0,4845.0
4921.0,4921.0
4971.0,4953.0
5034.0,5025.0
5176.0,5179.0
5428.0,5434.0
5187.0,5190.0
4906.0,4894.0
4975.0,4957.0
5020.0,5020.0
4825.0,4825.0
4974.0,4986.0
4770.0,4770.0
4968.0,4974.0
5017.0,5017.0
5172.0,5166.0
5155.0,5143.0
5281.0,5293.0
5472.0,5487.0
5359.0,5377.0
5419.0,5422.0
5062.0,5062.0
4962.0,4959.0
4848.0,4851.0
5119.0,5128.0
4828.0,4834.0
4971.0,4983.0
5076.0,5082.0
5113.0,5116.0
5206.0,5206.0
5104.0,5101.0
5451.0,5472.0
5428.0,5434.0
5310.0,5313.0
5173.0,5191.0
5073.0,5079.0
5046.0,5055.0
5041.0,5044.0
4812.0,4812.0
5148.0,5166.0
5056.0,5056.0
5334.0,5349.0
5259.0,5277.0
5398.0,5398.0
5556.0,5565.0
5305.0,5299.0
5344.0,5350.0
5170.0,5170.0
4947.0,4938.0
5077.0,5086.0
5052.0,5052.0
4947.0,4965.0
5101.0,5113.0
5284.0,5308.0
5506.0,5536.0
5385.0,5409.0
5310.0,5313.0
5307.0,5304.0
5427.0,5436.0
5328.0,5355.0
5176.0,5179.0
5101.0,5107.0
5178.0,5205.0
5130.0,5133.0
4992.0,5010.0
4882.0,4879.0
5197.0,5206.0
5244.0,5244.0
5439.0,5460.0
5536.0,5545.0
5287.0,5284.0
5398.0,5398.0
5431.0,5431.0
5217.0,5226.0
5311.0,5329.0
5295.0,5325.0
4942.0,4924.0
4908.0,4923.0
5197.0,5206.0
5295.0,5304.0
5148.0,5157.0
5122.0,5107.0
5641.0,5674.0
5311.0,5305.0
5566.0,5572.0
5569.0,5587.0
5368.0,5377.0
5133.0,5136.0
5080.0,5080.0
5095.0,5104.0
5097.0,5112.0
5091.0,5085.0
5139.0,5145.0
5385.0,5388.0
5397.0,5412.0
5421.0,5421.0
5596.0,5599.0
5599.0,5608.0
5511.0,5529.0
5193.0,5193.0
5202.0,5211.0
5248.0,5257.0
4999.0,4996.0
4957.0,4957.0
5092.0,5092.0
5118.0,5112.0
5314.0,5305.0
5377.0,5377.0
5455.0,5461.0
5437.0,5440.0
5334.0,5334.0
5347.0,5347.0
5256.0,5256.0
5379.0,5403.0
5151.0,5145.0
5007.0,4995.0
5143.0,5161.0
5196.0,5208.0
5209.0,5209.0
5197.0,5194.0
5244.0,5238.0
5530.0,5530.0
5668.0,5692.0
5482.0,5485.0
5481.0,5481.0
5260.0,5260.0
5530.0,5539.0
5227.0,5227.0
5218.0,5236.0
5179.0,5194.0
5050.0,5044.0
5175.0,5166.0
5358.0,5367.0
5467.0,5494.0
5457.0,5439.0
5521.0,5539.0
5389.0,5371.0
5385.0,5376.0
5359.0,5359.0
5451.0,5475.0
5262.0,5271.0
5163.0,5166.0
5296.0,5311.0
5119.0,5122.0
5503.0,5518.0
5389.0,5389.0
5545.0,5557.0
5626.0,5635.0
5700.0,5706.0
5497.0,5491.0
5575.0,5581.0
5428.0,5446.0
5181.0,5175.0
5329.0,5335.0
5361.0,5373.0
5256.0,5280.0
5097.0,5097.0
5233.0,5236.0
5361.0,5361.0
5569.0,5587.0
5521.0,5527.0
5638.0,5647.0
5647.0,5668.0
5443.0,5443.0
5431.0,5440.0
5320.0,5320.0
5190.0,5190.0
5209.0,5227.0
5074.0,5071.0
5317.0,5320.0
5208.0,5208.0
5217.0,5217.0
5454.0,5463.0
5775.0,5793.0
5509.0,5497.0
5736.0,5754.0
5565.0,5568.0
5677.0,5704.0
5502.0,5499.0
5485.0,5497.0
5184.0,5181.0
5188.0,5188.0
5442.0,5469.0
5565.0,5586.0
5539.0,5548.0
5451.0,5451.0
5779.0,5803.0
5683.0,5686.0
5619.0,5628.0
5535.0,5553.0
5434.0,5434.0
5533.0,5539.0
5313.0,5316.0
5236.0,5236.0
5110.0,5101.0
5299.0,5308.0
5365.0,5362.0
5656.0,5677.0
5445.0,5427.0
5599.0,5599.0
5697.0,5697.0
5731.0,5749.0
5748.0,5757.0
5674.0,5692.0
5656.0,5674.0
5371.0,5386.0
5361.0,5361.0
5329.0,5332.0
5136.0,5136.0
5443.0,5452.0
5589.0,5607.0
5547.0,5544.0
5757.0,5769.0
5719.0,5719.0
5728.0,5734.0
5658.0,5676.0
5542.0,5545.0
5532.0,5541.0
5359.0,5374.0
5220.0,5220.0
5475.0,5493.0
5290.0,5290.0
5533.0,5554.0
5469.0,5487.0
5617.0,5626.0
5781.0,5778.0
5688.0,5697.0
5907.0,5925.0
5577.0,5577.0
5482.0,5464.0
5551.0,5551.0
5482.0,5482.0
5376.0,5394.0
5370.0,5379.0
5295.0,5286.0
5508.0,5508.0
5541.0,5541.0
5709.0,5718.0
5505.0,5496.0
5746.0,5746.0
5911.0,5923.0
5620.0,5626.0
5676.0,5694.0
5497.0,5497.0
5352.0,5352.0
5466.0,5475.0
5310.0,5328.0
5454.0,5457.0
5481.0,5487.0
5494.0,5488.0
5410.0,5407.0
5845.0,5857.0
5904.0,5919.0
5643.0,5643.0
5605.0,5587.0
5721.0,5724.0
5455.0,5446.0
5467.0,5473.0
5470.0,5473.0
5385.0,5385.0
5484.0,5508.0
5580.0,5589.0
5415.0,5406.0
5758.0,5767.0
5842.0,5854.0
5842.0,5848.0
5860.0,5863.0
5829.0,5838.0
5538.0,5538.0
5556.0,5556.0
5617.0,5635.0
5388.0,5397.0
5388.0,5385.0
5308.0,5308.0
5692.0,5701.0
5752.0,5770.0
5857.0,5866.0
5871.0,5883.0
5748.0,5754.0
5766.0,5748.0
5521.0,5521.0
5653.0,5665.0
5538.0,5538.0
5596.0,5602.0
5569.0,5578.0
5304.0,5298.0
5347.0,5353.0
5596.0,5599.0
5769.0,5787.0
5781.0,5781.0
5956.0,5983.0
5937.0,5946.0
5901.0,5901.0
5725.0,5731.0
5649.0,5649.0
5689.0,5701.0
5571.0,5580.0
5580.0,5586.0
5395.0,5407.0
5566.0,5572.0
5725.0,5734.0
5742.0,5763.0
5707.0,5716.0
5905.0,5911.0
5859.0,5853.0
5709.0,5715.0
5800.0,5818.0
5691.0,5685.0
5718.0,5733.0
5640.0,5652.0
5638.0,5647.0
5332.0,5329.0
5602.0,5605.0
5545.0,5545.0
5691.0,5706.0
5742.0,5736.0
5880.0,5886.0
5956.0,5968.0
5670.0,5652.0
5923.0,5938.0
5935.0,5953.0
5641.0,5641.0
5763.0,5781.0
5716.0,5728.0
5412.0,5412.0
5685.0,5709.0
5494.0,5488.0
5545.0,5527.0
5877.0,5877.0
5848.0,5845.0
5971.0,5992.0
5941.0,5947.0
5794.0,5815.0
5764.0,5770.0
5547.0,5547.0
5671.0,5671.0
5470.0,5464.0
5575.0,5590.0
5464.0,5476.0
5757.0,5766.0
5863.0,5863.0
5955.0,5964.0
5808.0,5799.0
5992.0,5998.0
5944.0,5947.0
5901.0,5916.0
5715.0,5718.0
5823.0,5829.0
5655.0,5655.0
5577.0,5577.0
5733.0,5754.0
5509.0,5509.0
5707.0,5707.0
5728.0,5728.0
5977.0,5986.0
6094.0,6112.0
5886.0,5886.0
6070.0,6085.0
6094.0,6115.0
5886.0,5895.0
5605.0,5602.0
5661.0,5661.0
5592.0,5586.0
5512.0,5521.0
5749.0,5764.0
5811.0,5823.0
5700.0,5700.0
5980.0,5998.0
5965.0,5971.0
6022.0,6022.0
6130.0,6160.0
5989.0,5989.0
6241.0,6256.0
5794.0,5806.0
5686.0,5686.0
5692.0,5689.0
5577.0,5586.0
5629.0,5623.0
5701.0,5710.0
5943.0,5970.0
6046.0,6052.0
5956.0,5959.0
5932.0,5932.0
6087.0,6102.0
6046.0,6055.0
6057.0,6078.0
5883.0,5898.0
5464.0,5455.0
5716.0,5725.0
5796.0,5814.0
5709.0,5721.0
5799.0,5799.0
5689.0,5680.0
5860.0,5860.0
5914.0,5914.0
6081.0,6087.0
6138.0,6156.0
5872.0,5872.0
5952.0,5961.0
5655.0,5646.0
5760.0,5763.0
5602.0,5602.0
5559.0,5556.0
5686.0,5689.0
6048.0,6075.0
5976.0,5985.0
5836.0,5827.0
5919.0,5916.0
6256.0,6268.0
6165.0,6171.0
6081.0,6081.0
6006.0,6018.0
6013.0,6031.0
5866.0,5884.0
5877.0,5886.0
5883.0,5910.0
5907.0,5913.0
5923.0,5935.0
5884.0,5893.0
6085.0,6085.0
6012.0,6018.0
5979.0,5979.0
6040.0,6034.0
6091.0,6091.0
6055.0,6052.0
5865.0,5868.0
5916.0,5925.0
5611.0,5608.0
5847.0,5865.0
5526.0,5520.0
5689.0,5689.0
6021.0,6027.0
5937.0,5931.0
6150.0,6159.0
6129.0,6135.0
6051.0,6051.0
6081.0,6081.0
6070.0,6070.0
5853.0,5853.0
5968.0,5998.0
5872.0,5878.0
5754.0,5754.0
5739.0,5739.0
5874.0,5886.0
5932.0,5941.0
6135.0,6159.0
6088.0,6091.0
6244.0,6250.0
6280.0,6298.0
5944.0,5944.0
5992.0,5995.0
5970.0,5985.0
5938.0,5950.0
5800.0,5809.0
5713.0,5719.0
5892.0,5910.0
5823.0,5805.0
6085.0,6097.0
6081.0,6096.0
6030.0,6030.0
6274.0,6277.0
5971.0,5962.0
6156.0,6162.0
6018.0,6018.0
6156.0,6159.0
6067.0,6085.0
5752.0,5740.0
5836.0,5830.0
5913.0,5913.0
5872.0,5872.0
6045.0,6060.0
6112.0,6112.0
6330.0,6342.0
6198.0,6216.0
6280.0,6289.0
6208.0,6214.0
6061.0,6061.0
5920.0,5923.0
5866.0,5866.0
5815.0,5830.0
6033.0,6042.0
6033.0,6063.0
5871.0,5877.0
6069.0,6081.0
6219.0,6228.0
6309.0,6318.0
6094.0,6091.0
6304.0,6325.0
6169.0,6169.0
6240.0,6249.0
6096.0,6114.0
5881.0,5878.0
5967.0,5970.0
6073.0,6088.0
5914.0,5932.0
5851.0,5845.0
6108.0,6117.0
6274.0,6280.0
6229.0,6241.0
6153.0,6144.0
6343.0,6343.0
6250.0,6274.0
5982.0,5982.0
6072.0,6075.0
6150.0,6168.0
5850.0,5850.0
6069.0,6084.0
5973.0,5985.0
5925.0,5931.0
6000.0,5994.0
6262.0,6271.0
6399.0,6423.0
6343.0,6346.0
6277.0,6292.0
6450.0,6468.0
6235.0,6244.0
5889.0,5880.0
5847.0,5829.0
6105.0,6126.0
5956.0,5962.0
5878.0,5878.0
5908.0,5908.0
6247.0,6265.0
6175.0,6175.0
6187.0,6181.0
6523.0,6538.0
6207.0,6201.0
6295.0,6301.0
6049.0,6049.0
6148.0,6166.0
5868.0,5868.0
5893.0,5896.0
5871.0,5862.0
5788.0,5770.0
6070.0,6079.0
6166.0,6181.0
6151.0,6145.0
6277.0,6268.0
6655.0,6697.0
6384.0,6387.0
6312.0,6318.0
6079.0,6073.0
6097.0,6097.0
5956.0,5956.0
5920.0,5920.0
5905.0,5887.0
5950.0,5950.0
6240.0,6267.0
6265.0,6283.0
6171.0,6153.0
6306.0,6312.0
6376.0,6394.0
6420.0,6423.0
6417.0,6423.0
6259.0,6280.0
6162.0,6168.0
6079.0,6073.0
6025.0,6034.0
6081.0,6081.0
6178.0,6196.0
6238.0,6247.0
6106.0,6121.0
6177.0,6162.0
6298.0,6298.0
6451.0,6451.0
6514.0,6538.0
6186.0,6162.0
6429.0,6447.0
6139.0,6148.0
6001.0,6010.0
6036.0,6033.0
5938.0,5938.0
6211.0,6232.0
6136.0,6145.0
6258.0,6258.0
6517.0,6541.0
6402.0,6411.0
6271.0,6262.0
6477.0,6486.0
6343.0,6355.0
6208.0,6214.0
6163.0,6163.0
6105.0,6117.0
5980.0,5989.0
6025.0,6034.0
6229.0,6256.0
6145.0,6145.0
6313.0,6322.0
6283.0,6289.0
6301.0,6301.0
6289.0,6274.0
6433.0,6433.0
6349.0,6349.0
6499.0,6526.0
6306.0,6315.0
6372.0,6399.0
6133.0,6142.0
6261.0,6285.0
5980.0,5980.0
6144.0,6138.0
6165.0,6165.0
6417.0,6426.0
6640.0,6658.0
6357.0,6357.0
6361.0,6361.0
6337.0,6328.0
6325.0,6334.0
6073.0,6061.0
6300.0,6318.0
6256.0,6265.0
6057.0,6057.0
6340.0,6352.0
6228.0,6228.0
6091.0,6082.0
6241.0,6256.0
6445.0,6448.0
6513.0,6513.0
6600.0,6606.0
6441.0,6462.0
6256.0,6238.0
6312.0,6330.0
6276.0,6285.0
6334.0,6358.0
6286.0,6298.0
6105.0,6102.0
6142.0,6142.0
6595.0,6616.0
6316.0,6298.0
6661.0,6679.0
6309.0,6315.0
6442.0,6436.0
6478.0,6487.0
6343.0,6358.0
6253.0,6256.0
6181.0,6181.0
6208.0,6217.0
6078.0,6084.0
6309.0,6321.0
6424.0,6433.0
6391.0,6397.0
6369.0,6372.0
6511.0,6529.0
6631.0,6646.0
6529.0,6541.0
6645.0,6654.0
6433.0,6433.0
6453.0,6459.0
6244.0,6238.0
6112.0,6112.0
6313.0,6313.0
6262.0,6280.0
6276.0,6285.0
6517.0,6541.0
6327.0,6312.0
6744.0,6759.0
6718.0,6730.0
6597.0,6615.0
6591.0,6606.0
6319.0,6313.0
6454.0,6481.0
6414.0,6420.0
6213.0,6213.0
6061.0,6061.0
6160.0,6151.0
6307.0,6310.0
6360.0,6369.0
6676.0,6703.0
6625.0,6643.0
6526.0,6526.0
6664.0,6664.0
6571.0,6580.0
6531.0,6549.0
6430.0,6436.0
6343.0,6346.0
6369.0,6369.0
6190.0,6190.0
6277.0,6283.0
6370.0,6388.0
6312.0,6288.0
6423.0,6429.0
6652.0,6652.0
6667.0,6688.0
6814.0,6841.0
6448.0,6448.0
6423.0,6423.0
6306.0,6312.0
6393.0,6396.0
6300.0,6306.0
6258.0,6276.0
6229.0,6223.0
6381.0,6381.0
6376.0,6367.0
6436.0,6445.0
6688.0,6697.0
6541.0,6538.0
6715.0,6724.0
6648.0,6642.0
6568.0,6577.0
6492.0,6501.0
6184.0,6175.0
6214.0,6223.0
6391.0,6397.0
6268.0,6268.0
6490.0,6499.0
6598.0,6601.0
6661.0,6685.0
6520.0,6511.0
6829.0,6832.0
6607.0,6607.0
6609.0,6609.0
6693.0,6720.0
6525.0,6525.0
6328.0,6328.0
6391.0,6397.0
6351.0,6363.0
6370.0,6388.0
6303.0,6303.0
6586.0,6595.0
6714.0,6714.0
6718.0,6733.0
6661.0,6664.0
6493.0,6475.0
6727.0,6745.0
6567.0,6567.0
6451.0,6451.0
6436.0,6442.0
6381.0,6381.0
6364.0,6373.0
6429.0,6441.0
6391.0,6391.0
6550.0,6559.0
6505.0,6511.0
6616.0,6616.0
6646.0,6640.0
6793.0,6793.0
6558.0,6567.0
6634.0,6652.0
6648.0,6657.0
6352.0,6352.0
6466.0,6484.0
6316.0,6316.0
6519.0,6534.0
6558.0,6570.0
6724.0,6742.0
6402.0,6399.0
6619.0,6613.0
6708.0,6717.0
6600.0,6597.0
6520.0,6514.0
6714.0,6720.0
6412.0,6406.0
6337.0,6346.0
6388.0,6406.0
6373.0,6370.0
6538.0,6550.0
6424.0,6421.0
6609.0,6609.0
6667.0,6667.0
6670.0,6673.0
6733.0,6733.0
6901.0,6919.0
6880.0,6895.0
6660.0,6654.0
6400.0,6397.0
6381.0,6384.0
6262.0,6259.0
6597.0,6606.0
6378.0,6378.0
6463.0,6475.0
6675.0,6681.0
6637.0,6631.0
6789.0,6795.0
6958.0,6970.0
6789.0,6807.0
6793.0,6799.0
6523.0,6517.0
6610.0,6619.0
6468.0,6468.0
6388.0,6388.0
6283.0,6283.0
6432.0,6432.0
6534.0,6549.0
6625.0,6628.0
6684.0,6690.0
6730.0,6733.0
6907.0,6931.0
6838.0,6838.0
6723.0,6726.0
6577.0,6577.0
6556.0,6553.0
6621.0,6633.0
6444.0,6441.0
6423.0,6435.0
6565.0,6571.0
6445.0,6430.0
6352.0,6334.0
6579.0,6588.0
7089.0,7116.0
6768.0,6774.0
7087.0,7114.0
6799.0,6820.0
6627.0,6615.0
6676.0,6694.0
6529.0,6538.0
6291.0,6285.0
6549.0,6558.0
6561.0,6561.0
6658.0,6676.0
6868.0,6877.0
6882.0,6900.0
6895.0,6904.0
7069.0,7093.0
6838.0,6838.0
6634.0,6610.0
6754.0,6760.0
6709.0,6730.0
6537.0,6543.0
6643.0,6670.0
6469.0,6463.0
6579.0,6588.0
6730.0,6748.0
6669.0,6669.0
6555.0,6552.0
6811.0,6814.0
7087.0,7087.0
7075.0,7090.0
6904.0,6916.0
6601.0,6607.0
6508.0,6502.0
6583.0,6589.0
6597.0,6606.0
6436.0,6448.0
6565.0,6571.0
6702.0,6711.0
6775.0,6778.0
6970.0,6994.0
6847.0,6850.0
7003.0,7009.0
6828.0,6822.0
6792.0,6798.0
6675.0,6687.0
6714.0,6723.0
6675.0,6675.0
6612.0,6621.0
6676.0,6694.0
6609.0,6609.0
6565.0,6571.0
7036.0,7084.0
7120.0,7147.0
6649.0,6622.0
7113.0,7131.0
6997.0,6994.0
6915.0,6918.0
6769.0,6784.0
6814.0,6817.0
6634.0,6640.0
6894.0,6930.0
6589.0,6589.0
6583.0,6583.0
6636.0,6636.0
6693.0,6687.0
6727.0,6718.0
7110.0,7119.0
6891.0,6882.0
7060.0,7069.0
7102.0,7135.0
6979.0,6991.0
6901.0,6910.0
6795.0,6804.0
6664.0,6670.0
6697.0,6715.0
6751.0,6754.0
6790.0,6796.0
6673.0,6673.0
7096.0,7126.0
7039.0,7057.0
7057.0,7057.0
6874.0,6856.0
6804.0,6801.0
6792.0,6810.0
7017.0,7044.0
6799.0,6808.0
6553.0,6553.0
6621.0,6624.0
6769.0,6787.0
6901.0,6910.0
6739.0,6739.0
6940.0,6940.0
7119.0,7128.0
7135.0,7150.0
7150.0,7162.0
7093.0,7117.0
7000.0,7012.0
6760.0,6769.0
6793.0,6799.0
6712.0,6715.0
6730.0,6730.0
6717.0,6726.0
6726.0,6741.0
6684.0,6660.0
7009.0,7000.0
7147.0,7180.0
7228.0,7231.0
6955.0,6955.0
6927.0,6927.0
6988.0,6997.0
6859.0,6859.0
6823.0,6841.0
6715.0,6697.0
6694.0,6712.0
6817.0,6826.0
6763.0,6763.0
7039.0,7066.0
7200.0,7227.0
7090.0,7090.0
7138.0,7147.0
7092.0,7092.0
7014.0,7014.0
6898.0,6889.0
6817.0,6817.0
6672.0,6663.0
7111.0,7135.0
6673.0,6667.0
6619.0,6619.0
6828.0,6828.0
7000.0,7018.0
6994.0,6994.0
7131.0,7131.0
7261.0,7270.0
7108.0,7126.0
7246.0,7273.0
6988.0,6997.0
6874.0,6871.0
6883.0,6886.0
6924.0,6948.0
6889.0,6901.0
6864.0,6864.0
6826.0,6826.0
7171.0,7198.0
7119.0,7125.0
7114.0,7114.0
7264.0,7267.0
7051.0,7048.0
7179.0,7182.0
6976.0,6976.0
6729.0,6729.0
6864.0,6864.0
6843.0,6861.0
6615.0,6606.0
6856.0,6865.0
6945.0,6954.0
7035.0,7059.0
6928.0,6922.0
7062.0,7059.0
7276.0,7279.0
7323.0,7338.0
7243.0,7264.0
6886.0,6883.0
7116.0,7125.0
6939.0,6951.0
6814.0,6820.0
6730.0,6733.0
6837.0,6837.0
7068.0,7077.0
6988.0,6988.0
7251.0,7251.0
7513.0,7540.0
7012.0,7009.0
7264.0,7267.0
7159.0,7177.0
7000.0,7006.0
6985.0,6988.0
6859.0,6868.0
6943.0,6934.0
6814.0,6823.0
6811.0,6829.0
6966.0,6972.0
6955.0,6949.0
7302.0,7326.0
7167.0,7167.0
7374.0,7377.0
7474.0,7501.0
7248.0,7248.0
7152.0,7158.0
6957.0,6960.0
6891.0,6891.0
6910.0,6910.0
7063.0,7069.0
6594.0,6585.0
6997.0,7000.0
7168.0,7168.0
7254.0,7263.0
7252.0,7267.0
7470.0,7479.0
7228.0,7231.0
7207.0,7207.0
7246.0,7270.0
7084.0,7105.0
7000.0,7006.0
6958.0,6961.0
6822.0,6840.0
6955.0,6961.0
7132.0,7141.0
6988.0,6982.0
7288.0,7315.0
7201.0,7207.0
7416.0,7419.0
7246.0,7246.0
7218.0,7215.0
7227.0,7248.0
7165.0,7171.0
6997.0,7000.0
6907.0,6907.0
6804.0,6810.0
6984.0,6996.0
7068.0,7068.0
7216.0,7225.0
7162.0,7159.0
7300.0,7285.0
7431.0,7455.0
7467.0,7485.0
7191.0,7191.0
7129.0,7132.0
7162.0,7171.0
7092.0,7110.0
7041.0,7047.0
6915.0,6918.0
6958.0,6964.0
7072.0,7084.0
7273.0,7288.0
7435.0,7438.0
7243.0,7258.0
7428.0,7431.0
7258.0,7240.0
7306.0,7306.0
7150.0,7150.0
7062.0,7077.0
7036.0,7039.0
6817.0,6817.0
6999.0,6996.0
6748.0,6751.0
6988.0,6988.0
7063.0,7060.0
7203.0,7203.0
7327.0,7330.0
7590.0,7590.0
7288.0,7294.0
7360.0,7363.0
7261.0,7261.0
7021.0,7021.0
6843.0,6834.0
7042.0,7048.0
6925.0,6928.0
6886.0,6886.0
7086.0,7083.0
7180.0,7189.0
7371.0,7383.0
7180.0,7180.0
7483.0,7483.0
7333.0,7339.0
7344.0,7347.0
7338.0,7344.0
7159.0,7159.0
6988.0,6988.0
6952.0,6952.0
6898.0,6910.0
7053.0,7059.0
7072.0,7072.0
7305.0,7308.0
7360.0,7366.0
7339.0,7342.0
7290.0,7281.0
7357.0,7357.0
7287.0,7287.0
7489.0,7516.0
7081.0,7069.0
7108.0,7117.0
7057.0,7057.0
7068.0,7071.0
7168.0,7177.0
7032.0,7032.0
7297.0,7297.0
7324.0,7324.0
7426.0,7432.0
7473.0,7473.0
7378.0,7390.0
7441.0,7450.0
7287.0,7293.0
7252.0,7264.0
7195.0,7204.0
7167.0,7191.0
6958.0,6949.0
6996.0,7014.0
7239.0,7248.0
7123.0,7135.0
7363.0,7369.0
7339.0,7339.0
7582.0,7582.0
7479.0,7488.0
7381.0,7381.0
7458.0,7476.0
7125.0,7128.0
7234.0,7258.0
7222.0,7231.0
7117.0,7120.0
7086.0,7104.0
7159.0,7165.0
7198.0,7198.0
7351.0,7351.0
7462.0,7474.0
7341.0,7332.0
7506.0,7515.0
7291.0,7288.0
7201.0,7195.0
7168.0,7168.0
7098.0,7104.0
7153.0,7171.0
6880.0,6880.0
7288.0,7297.0
7375.0,7396.0
7168.0,7150.0
7372.0,7372.0
7546.0,7564.0
7446.0,7455.0
7576.0,7594.0
7702.0,7720.0
7471.0,7471.0
7221.0,7230.0
7212.0,7221.0
7188.0,7194.0
7327.0,7345.0
7288.0,7291.0
7185.0,7194.0
7456.0,7462.0
7726.0,7747.0
7512.0,7518.0
7686.0,7704.0
7306.0,7300.0
7474.0,7480.0
7453.0,7456.0
7258.0,7258.0
7168.0,7168.0
7056.0,7053.0
7206.0,7218.0
7345.0,7363.0
7270.0,7276.0
7297.0,7300.0
7414.0,7420.0
7524.0,7536.0
7513.0,7513.0
7614.0,7620.0
7330.0,7324.0
7561.0,7570.0
7438.0,7456.0
7240.0,7240.0
7158.0,7149.0
6993.0,6990.0
7260.0,7272.0
7303.0,7312.0
7416.0,7425.0
7369.0,7369.0
7554.0,7554.0
7621.0,7645.0
7444.0,7438.0
7581.0,7596.0
7546.0,7567.0
7351.0,7360.0
7222.0,7237.0
7348.0,7357.0
7333.0,7360.0
7450.0,7453.0
7371.0,7371.0
7426.0,7444.0
7480.0,7489.0
7573.0,7573.0
7654.0,7663.0
7537.0,7534.0
7321.0,7306.0
7396.0,7384.0
7105.0,7099.0
7153.0,7153.0
7246.0,7246.0
7060.0,7051.0
7195.0,7192.0
7399.0,7408.0
7254.0,7245.0
7552.0,7537.0
7677.0,7683.0
7819.0,7831.0
7744.0,7771.0
7603.0,7609.0
7513.0,7516.0
7336.0,7336.0
7504.0,7531.0
7234.0,7240.0
7405.0,7414.0
7216.0,7210.0
7420.0,7435.0
7482.0,7485.0
7560.0,7569.0
7687.0,7696.0
7885.0,7903.0
7716.0,7725.0
7492.0,7507.0
7444.0,7429.0
7447.0,7447.0
7440.0,7458.0
7237.0,7237.0
7321.0,7348.0
7372.0,7372.0
7548.0,7557.0
7468.0,7477.0
7621.0,7639.0
7666.0,7666.0
7621.0,7621.0
7711.0,7735.0
7699.0,7702.0
7468.0,7468.0
7519.0,7519.0
7507.0,7534.0
7357.0,7357.0
7564.0,7573.0
7165.0,7153.0
7441.0,7444.0
7510.0,7510.0
7432.0,7432.0
7612.0,7612.0
7702.0,7702.0
7731.0,7740.0
7738.0,7765.0
7488.0,7494.0
7495.0,7516.0
7396.0,7414.0
7438.0,7447.0
7408.0,7435.0
7459.0,7468.0
7480.0,7480.0
7498.0,7516.0
7822.0,7840.0
7713.0,7713.0
7881.0,7881.0
7908.0,7926.0
7621.0,7621.0
7717.0,7726.0
7537.0,7546.0
7213.0,7195.0
7272.0,7281.0
7359.0,7356.0
7477.0,7486.0
7593.0,7605.0
7687.0,7696.0
7471.0,7471.0
7702.0,7702.0
7678.0,7669.0
7842.0,7848.0
7729.0,7738.0
7543.0,7546.0
7687.0,7705.0
7417.0,7417.0
7342.0,7348.0
7195.0,7189.0
7516.0,7522.0
7363.0,7357.0
7516.0,7516.0
7755.0,7761.0
7663.0,7663.0
7740.0,7743.0
8035.0,8059.0
7776.0,7779.0
7762.0,7780.0
7621.0,7630.0
7279.0,7261.0
7396.0,7396.0
7450.0,7441.0
7587.0,7614.0
7471.0,7471.0
7597.0,7606.0
7639.0,7654.0
7687.0,7690.0
7975.0,7984.0
7795.0,7810.0
7792.0,7795.0
7666.0,7672.0
7636.0,7639.0
7290.0,7290.0
7395.0,7392.0
7476.0,7479.0
7458.0,7458.0
7531.0,7531.0
7681.0,7699.0
7867.0,7867.0
7717.0,7717.0
7750.0,7738.0
7785.0,7779.0
7968.0,7992.0
7864.0,7867.0
7680.0,7689.0
7695.0,7722.0
7558.0,7576.0
7687.0,7705.0
7489.0,7489.0
7513.0,7504.0
7587.0,7587.0
8056.0,8089.0
7881.0,7899.0
7885.0,7888.0
7909.0,7915.0
7939.0,7957.0
7708.0,7711.0
7578.0,7578.0
7411.0,7411.0
7471.0,7471.0
7444.0,7459.0
7672.0,7684.0
7705.0,7723.0
7660.0,7669.0
7651.0,7642.0
7777.0,7792.0
7903.0,7906.0
7675.0,7654.0
7858.0,7861.0
7846.0,7855.0
7624.0,7624.0
7369.0,7378.0
7480.0,7480.0
7378.0,7378.0
7603.0,7603.0
7702.0,7711.0
7695.0,7695.0
7677.0,7692.0
8095.0,8107.0
7825.0,7825.0
7969.0,7969.0
7971.0,7989.0
7834.0,7843.0
7759.0,7765.0
7569.0,7590.0
7497.0,7497.0
7561.0,7567.0
7686.0,7707.0
7606.0,7606.0
7831.0,7837.0
7750.0,7744.0
7954.0,7963.0
7969.0,7987.0
7983.0,7992.0
8065.0,8071.0
7912.0,7915.0
7798.0,7807.0
7720.0,7720.0
7611.0,7617.0
7713.0,7716.0
7687.0,7693.0
7729.0,7747.0
7867.0,7879.0
8068.0,8068.0
7978.0,7978.0
7936.0,7942.0
7942.0,7945.0
7900.0,7897.0
7858.0,7870.0
7831.0,7840.0
7690.0,7714.0
7615.0,7618.0
7612.0,7621.0
7485.0,7476.0
7726.0,7726.0
7759.0,7768.0
7836.0,7851.0
7966.0,7969.0
7989.0,7998.0
8149.0,8176.0
7918.0,7918.0
7795.0,7795.0
7897.0,7915.0
7762.0,7780.0
7813.0,7831.0
7681.0,7708.0
7578.0,7566.0
7719.0,7722.0
7690.0,7687.0
7756.0,7768.0
7896.0,7878.0
8062.0,8080.0
8005.0,8005.0
7972.0,7972.0
7714.0,7714.0
7743.0,7734.0
7731.0,7746.0
7786.0,7798.0
7732.0,7747.0
7663.0,7663.0
7777.0,7780.0
7981.0,7990.0
7999.0,8017.0
7848.0,7845.0
7936.0,7921.0
8143.0,8161.0
8029.0,8029.0
7936.0,7936.0
7852.0,7852.0
7846.0,7855.0
7840.0,7858.0
7537.0,7519.0
7849.0,7867.0
8007.0,8016.0
7981.0,7987.0
7987.0,7981.0
8041.0,8047.0
8080.0,8083.0
8077.0,8095.0
8032.0,8032.0
7876.0,7882.0
7842.0,7842.0
7756.0,7759.0
7692.0,7692.0
7773.0,7791.0
7605.0,7605.0
7761.0,7767.0
7843.0,7846.0
8122.0,8140.0
8056.0,8062.0
8121.0,8124.0
8068.0,8068.0
8061.0,8067.0
8118.0,8139.0
7870.0,7870.0
7641.0,7632.0
7675.0,7663.0
7881.0,7899.0
7963.0,7975.0
7870.0,7888.0
7996.0,8005.0
7959.0,7977.0
8266.0,8284.0
8170.0,8179.0
8197.0,8206.0
8155.0,8164.0
7971.0,7989.0
7785.0,7791.0
7902.0,7905.0
7789.0,7789.0
7776.0,7776.0
7699.0,7705.0
7909.0,7921.0
7933.0,7933.0
8032.0,8032.0
8143.0,8152.0
8200.0,8224.0
8110.0,8110.0
8245.0,8248.0
8113.0,8122.0
7687.0,7684.0
7822.0,7816.0
7818.0,7818.0
7879.0,7906.0
7942.0,7942.0
7786.0,7768.0
8028.0,8034.0
8058.0,8070.0
8215.0,8221.0
8139.0,8142.0
8185.0,8185.0
8041.0,8041.0
8257.0,8284.0
7960.0,7966.0
7732.0,7732.0
7938.0,7956.0
7660.0,7645.0
7690.0,7705.0
7875.0,7878.0
8058.0,8067.0
8032.0,8029.0
8148.0,8151.0
8266.0,8281.0
8221.0,8224.0
8071.0,8071.0
7840.0,7822.0
8086.0,8104.0
7836.0,7845.0
7921.0,7939.0
7981.0,7987.0
7902.0,7896.0
7981.0,7987.0
8149.0,8152.0
8215.0,8239.0
8194.0,8179.0
8170.0,8170.0
8179.0,8179.0
7969.0,7960.0
8101.0,8110.0
8068.0,8086.0
7900.0,7900.0
7723.0,7723.0
7726.0,7723.0
7785.0,7788.0
8191.0,8200.0
8077.0,8095.0
8188.0,8194.0
8230.0,8233.0
8260.0,8260.0
8329.0,8347.0
8269.0,8269.0
8056.0,8056.0
8146.0,8164.0
8052.0,8070.0
7734.0,7734.0
7828.0,7825.0
7951.0,7951.0
8026.0,8035.0
8005.0,8005.0
8116.0,8119.0
8308.0,8308.0
8419.0,8443.0
8464.0,8476.0
8322.0,8340.0
7975.0,7957.0
8053.0,8062.0
7998.0,8007.0
7927.0,7927.0
7837.0,7855.0
7984.0,7993.0
7983.0,7992.0
8085.0,8085.0
8398.0,8425.0
8344.0,8350.0
8365.0,8377.0
8305.0,8305.0
8176.0,8185.0
8080.0,8089.0
7990.0,7981.0
8038.0,8056.0
7921.0,7921.0
7812.0,7800.0
7909.0,7909.0
8157.0,8169.0
8019.0,8010.0
8386.0,8401.0
8290.0,8293.0
8530.0,8557.0
8341.0,8341.0
8347.0,8374.0
8203.0,8209.0
8041.0,8035.0
7960.0,7969.0
7909.0,7915.0
8116.0,8137.0
8110.0,8137.0
8023.0,8005.0
8277.0,8295.0
8292.0,8292.0
8407.0,8416.0
8335.0,8341.0
8392.0,8404.0
8206.0,8194.0
8289.0,8307.0
8017.0,8011.0
8121.0,8121.0
7969.0,7978.0
8122.0,8149.0
8002.0,8002.0
8064.0,8064.0
8191.0,8200.0
8287.0,8305.0
8347.0,8347.0
8320.0,8302.0
8557.0,8575.0
8368.0,8368.0
8410.0,8437.0
8218.0,8227.0
8128.0,8128.0
8134.0,8152.0
8164.0,8182.0
8101.0,8101.0
8173.0,8191.0
8124.0,8124.0
8380.0,8380.0
8320.0,8320.0
8181.0,8163.0
8479.0,8497.0
8215.0,8215.0
8301.0,8310.0
7996.0,7996.0
8067.0,8067.0
8302.0,8329.0
7954.0,7963.0
8161.0,8179.0
7999.0,7981.0
8110.0,8125.0
8410.0,8413.0
8517.0,8523.0
8538.0,8541.0
8422.0,8422.0
8293.0,8293.0
8326.0,8326.0
8149.0,8167.0
8272.0,8281.0
7993.0,7999.0
8194.0,8206.0
8052.0,8040.0
8029.0,8032.0
8362.0,8371.0
8320.0,8320.0
8611.0,8620.0
8452.0,8458.0
8467.0,8470.0
8377.0,8395.0
8263.0,8260.0
8238.0,8250.0
8062.0,8053.0
8206.0,8215.0
8170.0,8185.0
8188.0,8197.0
8226.0,8229.0
8362.0,8380.0
8383.0,8383.0
8578.0,8587.0
8479.0,8497.0
8593.0,8593.0
8401.0,8401.0
8503.0,8512.0
8062.0,8053.0
8247.0,8256.0
8176.0,8176.0
8131.0,8131.0
8260.0,8260.0
8041.0,8041.0
8428.0,8437.0
8371.0,8371.0
8380.0,8389.0
8647.0,8671.0
8329.0,8323.0
8371.0,8377.0
8371.0,8383.0
8500.0,8527.0
8275.0,8284.0
8167.0,8158.0
8181.0,8196.0
7987.0,7981.0
8238.0,8247.0
8605.0,8632.0
8542.0,8548.0
8479.0,8473.0
8572.0,8578.0
8671.0,8692.0
8545.0,8554.0
8452.0,8461.0
8449.0,8467.0
8272.0,8272.0
8305.0,8323.0
8269.0,8275.0
8257.0,8260.0
8455.0,8482.0
8431.0,8440.0
8587.0,8605.0
8617.0,8617.0
8596.0,8602.0
8578.0,8581.0
8467.0,8476.0
8368.0,8377.0
8329.0,8329.0
8239.0,8248.0
8059.0,8050.0
8239.0,8248.0
8278.0,8278.0
8302.0,8302.0
8577.0,8595.0
8368.0,8368.0
8716.0,8725.0
8764.0,8782.0
8760.0,8769.0
8725.0,8743.0
8449.0,8440.0
8383.0,8410.0
8428.0,8428.0
8146.0,8146.0
8464.0,8491.0
8272.0,8272.0
8347.0,8365.0
8509.0,8518.0
8622.0,8631.0
8419.0,8419.0
8524.0,8515.0
8770.0,8797.0
8671.0,8698.0
8380.0,8380.0
8458.0,8446.0
8343.0,8355.0
8409.0,8418.0
8107.0,8107.0
8365.0,8383.0
8308.0,8317.0
8658.0,8658.0
8602.0,8602.0
8698.0,8707.0
8463.0,8463.0
8650.0,8647.0
8557.0,8557.0
8418.0,8412.0
8410.0,8410.0
8278.0,8278.0
8197.0,8197.0
8257.0,8257.0
8440.0,8446.0
8242.0,8233.0
8350.0,8344.0
8668.0,8674.0
8665.0,8668.0
8794.0,8803.0
8617.0,8617.0
8463.0,8463.0
8512.0,8527.0
8578.0,8587.0
8296.0,8299.0
8185.0,8185.0
8188.0,8188.0
8176.0,8176.0
8493.0,8499.0
8659.0,8671.0
8608.0,8617.0
8839.0,8845.0
8808.0,8811.0
8704.0,8701.0
8788.0,8791.0
8712.0,8730.0
8581.0,8590.0
8323.0,8320.0
8446.0,8467.0
8329.0,8311.0
8383.0,8401.0
8371.0,8371.0
8622.0,8622.0
8527.0,8527.0
8806.0,8821.0
8620.0,8632.0
8898.0,8904.0
8613.0,8607.0
8734.0,8752.0
8452.0,8452.0
8298.0,8298.0
8335.0,8326.0
8394.0,8421.0
8563.0,8569.0
8574.0,8595.0
8605.0,8602.0
8590.0,8590.0
8781.0,8784.0
8844.0,8859.0
8812.0,8824.0
8638.0,8644.0
8520.0,8523.0
8506.0,8512.0
8350.0,8353.0
8392.0,8410.0
8233.0,8230.0
8320.0,8305.0
8656.0,8683.0
8635.0,8653.0
8731.0,8737.0
8704.0,8707.0
8760.0,8757.0
8902.0,8914.0
8842.0,8866.0
8686.0,8698.0
8602.0,8608.0
8269.0,8263.0
8308.0,8317.0
8548.0,8563.0
8479.0,8500.0
8617.0,8617.0
8662.0,8662.0
8817.0,8835.0
8701.0,8692.0
8776.0,8773.0
8902.0,8920.0
8583.0,8565.0
8617.0,8611.0
8689.0,8695.0
8434.0,8446.0
8509.0,8509.0
8557.0,8566.0
8671.0,8698.0
8398.0,8398.0
8773.0,8779.0
8809.0,8830.0
8818.0,8818.0
8815.0,8824.0
8746.0,8737.0
8800.0,8809.0
8707.0,8707.0
8527.0,8527.0
8452.0,8470.0
8517.0,8523.0
8515.0,8518.0
8629.0,8629.0
8802.0,8820.0
8776.0,8785.0
8941.0,8968.0
8911.0,8911.0
8752.0,8752.0
8803.0,8803.0
8842.0,8851.0
8521.0,8521.0
8758.0,8776.0
8617.0,8626.0
8596.0,8605.0
8683.0,8710.0
8518.0,8536.0
8509.0,8491.0
8659.0,8659.0
8758.0,8773.0
8947.0,8959.0
8929.0,8929.0
8932.0,8932.0
8932.0,8950.0
8683.0,8683.0
8587.0,8587.0
8689.0,8707.0
8803.0,8830.0
8245.0,8236.0
8482.0,8482.0
8623.0,8623.0
8688.0,8688.0
8877.0,8877.0
8932.0,8941.0
9009.0,9027.0
8791.0,8788.0
8959.0,8971.0
8662.0,8662.0
8671.0,8671.0
8659.0,8677.0
8449.0,8449.0
8497.0,8488.0
8440.0,8431.0
8689.0,8707.0
8779.0,8779.0
8569.0,8551.0
8995.0,9013.0
8713.0,8695.0
9019.0,9046.0
9048.0,9057.0
8688.0,8688.0
8677.0,8686.0
8620.0,8629.0
8458.0,8458.0
8719.0,8728.0
8671.0,8671.0
8683.0,8674.0
8772.0,8772.0
8920.0,8920.0
8812.0,8812.0
9190.0,9217.0
8850.0,8850.0
8827.0,8827.0
8758.0,8767.0
8676.0,8676.0
8436.0,8427.0
8622.0,8622.0
8608.0,8608.0
8689.0,8695.0
8809.0,8821.0
8791.0,8800.0
8707.0,8707.0
8986.0,8986.0
8899.0,8899.0
9010.0,9016.0
9012.0,9015.0
8788.0,8788.0
8779.0,8788.0
8833.0,8851.0
8722.0,8719.0
8644.0,8656.0
8652.0,8670.0
8515.0,8512.0
8917.0,8926.0
8920.0,8923.0
8962.0,8962.0
9172.0,9181.0
9070.0,9088.0
8991.0,8991.0
8827.0,8836.0
8812.0,8821.0
8530.0,8521.0
8728.0,8746.0
8782.0,8791.0
8926.0,8959.0
8923.0,8941.0
8776.0,8776.0
8965.0,8986.0
9208.0,9217.0
9169.0,9196.0
9013.0,9013.0
9007.0,9007.0
9121.0,9148.0
8659.0,8659.0
8556.0,8547.0
8869.0,8893.0
8668.0,8662.0
8629.0,8629.0
8839.0,8848.0
8836.0,8845.0
8908.0,8899.0
8953.0,8971.0
9010.0,8992.0
9046.0,9064.0
8884.0,8884.0
8989.0,8998.0
8982.0,9000.0
8884.0,8911.0
8689.0,8698.0
8839.0,8848.0
8737.0,8737.0
8728.0,8728.0
9067.0,9085.0
9148.0,9175.0
8992.0,8992.0
8992.0,8992.0
9091.0,9100.0
9151.0,9151.0
9046.0,9070.0
8950.0,8953.0
8770.0,8770.0
8743.0,8743.0
8782.0,8791.0
8920.0,8938.0
8691.0,8700.0
9061.0,9061.0
8995.0,9013.0
9019.0,9019.0
9232.0,9232.0
9130.0,9130.0
9109.0,9118.0
8995.0,9004.0
9079.0,9097.0
8977.0,9004.0
8647.0,8644.0
8809.0,8812.0
8794.0,8776.0
8779.0,8770.0
9046.0,9073.0
8980.0,8980.0
9253.0,9253.0
9256.0,9256.0
9268.0,9286.0
9052.0,9061.0
8881.0,8863.0
8914.0,8932.0
8917.0,8926.0
8842.0,8842.0
8797.0,8815.0
8800.0,8806.0
8923.0,8926.0
9055.0,9064.0
9211.0,9229.0
9246.0,9273.0
9370.0,9379.0
9040.0,9040.0
9076.0,9094.0
8958.0,8958.0
8892.0,8874.0
8755.0,8755.0
8680.0,8680.0
8917.0,8917.0
8722.0,8722.0
8788.0,8788.0
9112.0,9121.0
9000.0,8991.0
9352.0,9379.0
9256.0,9265.0
9298.0,9316.0
9121.0,9118.0
9271.0,9283.0
9019.0,9019.0
9049.0,9067.0
8953.0,8962.0
8881.0,8881.0
8911.0,8911.0
9135.0,9162.0
9121.0,9130.0
9028.0,9028.0
9202.0,9220.0
9258.0,9258.0
9268.0,9268.0
9187.0,9196.0
9070.0,9070.0
8892.0,8883.0
8866.0,8866.0
8830.0,8836.0
8965.0,8968.0
8881.0,8899.0
9091.0,9100.0
9013.0,9013.0
9124.0,9130.0
9148.0,9142.0
9052.0,9043.0
9427.0,9436.0
9163.0,9163.0
9196.0,9223.0
9214.0,9232.0
8791.0,8779.0
9016.0,9028.0
8950.0,8959.0
8842.0,8842.0
9181.0,9199.0
8893.0,8884.0
9121.0,9112.0
9271.0,9271.0
9379.0,9379.0
9208.0,9217.0
9184.0,9202.0
9274.0,9283.0
9019.0,9028.0
8878.0,8887.0
8788.0,8797.0
8842.0,8833.0
9054.0,9072.0
9220.0,9247.0
9130.0,9130.0
9346.0,9364.0
9208.0,9208.0
9451.0,9460.0
9430.0,9430.0
9292.0,9310.0
9234.0,9234.0
9181.0,9190.0
8853.0,8844.0
8788.0,8770.0
8872.0,8872.0
8962.0,8962.0
8911.0,8902.0
9181.0,9181.0
9325.0,9343.0
9310.0,9319.0
9247.0,9247.0
9247.0,9247.0
9409.0,9418.0
9219.0,9228.0
9130.0,9148.0
9010.0,9010.0
8764.0,8764.0
9007.0,9007.0
8992.0,9001.0
9046.0,9046.0
9019.0,9019.0
9256.0,9256.0
9280.0,9298.0
9325.0,9334.0
9292.0,9289.0
9121.0,9115.0
9082.0,9082.0
9094.0,9076.0
9001.0,9019.0
8767.0,8749.0
8988.0,8988.0
8989.0,9007.0
9220.0,9220.0
9259.0,9277.0
9352.0,9370.0
9283.0,9283.0
9159.0,9141.0
9417.0,9435.0
9460.0,9469.0
9202.0,9202.0
9169.0,9178.0
9058.0,9067.0
8866.0,8872.0
9088.0,9106.0
8968.0,8953.0
8977.0,8968.0
9352.0,9361.0
9277.0,9277.0
9490.0,9508.0
9568.0,9577.0
9370.0,9361.0
9340.0,9349.0
9259.0,9259.0
9238.0,9238.0
9088.0,9106.0
9169.0,9187.0
9076.0,9094.0
9097.0,9097.0
9160.0,9169.0
9319.0,9337.0
9373.0,9373.0
9307.0,9307.0
9190.0,9190.0
9430.0,9439.0
9352.0,9349.0
9258.0,9261.0
9210.0,9210.0
9237.0,9255.0
9136.0,9154.0
8974.0,8971.0
9219.0,9237.0
9238.0,9241.0
9325.0,9352.0
9385.0,9385.0
9475.0,9484.0
9676.0,9703.0
9574.0,9583.0
9400.0,9418.0
9520.0,9547.0
9112.0,9112.0
9337.0,9364.0
9016.0,9025.0
9046.0,9046.0
8971.0,8971.0
9127.0,9127.0
9232.0,9232.0
9361.0,9361.0
9478.0,9484.0
9556.0,9577.0
9424.0,9424.0
9597.0,9606.0
9460.0,9478.0
9268.0,9277.0
9336.0,9354.0
9046.0,9055.0
9148.0,9148.0
9211.0,9220.0
9280.0,9298.0
9445.0,9454.0
9288.0,9288.0
9433.0,9430.0
9588.0,9591.0
9427.0,9427.0
9430.0,9430.0
9505.0,9529.0
9172.0,9166.0
9211.0,9220.0
9262.0,9262.0
9208.0,9217.0
9130.0,9130.0
9298.0,9313.0
9472.0,9475.0
9376.0,9376.0
9421.0,9430.0
9622.0,9649.0
9481.0,9481.0
9469.0,9469.0
9352.0,9370.0
9289.0,9289.0
9112.0,9112.0
9250.0,9250.0
9037.0,9037.0
9232.0,9232.0
9298.0,9307.0
9337.0,9337.0
9577.0,9586.0
9463.0,9463.0
9618.0,9609.0
9703.0,9721.0
9442.0,9442.0
9511.0,9511.0
9337.0,9346.0
9280.0,9280.0
9142.0,9142.0
9211.0,9220.0
9337.0,9364.0
9235.0,9235.0
9403.0,9421.0
9430.0,9430.0
9538.0,9547.0
9580.0,9580.0
9778.0,9796.0
9517.0,9517.0
9496.0,9496.0
9298.0,9298.0
9316.0,9316.0
9157.0,9166.0
9199.0,9199.0
9217.0,9217.0
9292.0,9292.0
9403.0,9403.0
9520.0,9529.0
9568.0,9577.0
9730.0,9739.0
9625.0,9634.0
9511.0,9511.0
9562.0,9580.0
9376.0,9376.0
9352.0,9361.0
9238.0,9238.0
9268.0,9268.0
9271.0,9289.0
9318.0,9318.0
9322.0,9304.0
9562.0,9580.0
9442.0,9442.0
9571.0,9571.0
9739.0,9748.0
9619.0,9628.0
9700.0,9718.0
9537.0,9555.0
9436.0,9454.0
9192.0,9192.0
9430.0,9448.0
9298.0,9307.0
9400.0,9400.0
9495.0,9504.0
9649.0,9658.0
9622.0,9631.0
9955.0,9964.0
9739.0,9757.0
9622.0,9622.0
9619.0,9628.0
9640.0,9658.0
9388.0,9397.0
9226.0,9226.0
9502.0,9520.0
9208.0,9199.0
9412.0,9430.0
9517.0,9517.0
9460.0,9460.0
9619.0,9628.0
9580.0,9580.0
9778.0,9778.0
9649.0,9649.0
9622.0,9640.0
9307.0,9307.0
9439.0,9439.0
9397.0,9406.0
9412.0,9430.0
9178.0,9178.0
9361.0,9370.0
9691.0,9700.0
9577.0,9577.0
9775.0,9793.0
9691.0,9691.0
9583.0,9583.0
9667.0,9667.0
9532.0,9532.0
9391.0,9391.0
9607.0,9622.0
9382.0,9394.0
9454.0,9463.0
9259.0,9259.0
9385.0,9385.0
9478.0,9496.0
9619.0,9619.0
9757.0,9775.0
9772.0,9781.0
9721.0,9721.0
9484.0,9475.0
9673.0,9673.0
9712.0,9721.0
9448.0,9457.0
9556.0,9565.0
9334.0,9334.0
9526.0,9544.0
9706.0,9715.0
9637.0,9646.0
9697.0,9706.0
9880.0,9889.0
9631.0,9613.0
9658.0,9649.0
9790.0,9808.0
9748.0,9757.0
9622.0,9622.0
9606.0,9615.0
9568.0,9586.0
9463.0,9463.0
9388.0,9397.0
9538.0,9538.0
9478.0,9478.0
9646.0,9664.0
9790.0,9799.0
9739.0,9739.0
9769.0,9769.0
9778.0,9796.0
9553.0,9544.0
9649.0,9667.0
9436.0,9436.0
9487.0,9496.0
9460.0,9460.0
9421.0,9439.0
9625.0,9634.0
9540.0,9531.0
9876.0,9903.0
9787.0,9787.0
9865.0,9871.0
9829.0,9841.0
9679.0,9679.0
9628.0,9637.0
9742.0,9760.0
9481.0,9472.0
9490.0,9499.0
9358.0,9349.0
9451.0,9469.0
9409.0,9409.0
9480.0,9480.0
9892.0,9901.0
9967.0,9976.0
9826.0,9841.0
9751.0,9754.0
9721.0,9730.0
9643.0,9643.0
9514.0,9505.0
9795.0,9804.0
9394.0,9394.0
9517.0,9517.0
9439.0,9439.0
9442.0,9433.0
9493.0,9475.0
9718.0,9718.0
9829.0,9829.0
9802.0,9820.0
10045.0,10060.0
9781.0,9781.0
9805.0,9817.0
9712.0,9712.0
9667.0,9667.0
9697.0,9706.0
9562.0,9562.0
9466.0,9475.0
9592.0,9592.0
9610.0,9628.0
9724.0,9724.0
9976.0,9985.0
9877.0,9886.0
9985.0,9994.0
9889.0,9898.0
9703.0,9712.0
9937.0,9955.0
9619.0,9628.0
9598.0,9607.0
9559.0,9568.0
9586.0,9586.0
9391.0,9382.0
9883.0,9901.0
10036.0,10054.0
9979.0,9979.0
9907.0,9916.0
10039.0,10048.0
9997.0,10015.0
9712.0,9712.0
9661.0,9661.0
9643.0,9652.0
9523.0,9523.0
9400.0,9400.0
9691.0,9709.0
9751.0,9778.0
9865.0,9874.0
9931.0,9940.0
9982.0,9982.0
10141.0,10159.0
9970.0,9979.0
9910.0,9928.0
9964.0,9973.0
9673.0,9691.0
9502.0,9484.0
9748.0,9766.0
9310.0,9292.0
9775.0,9802.0
9946.0,9973.0
9868.0,9895.0
9817.0,9817.0
9772.0,9772.0
10087.0,10096.0
10129.0,10147.0
9988.0,9997.0
9733.0,9724.0
9760.0,9769.0
9568.0,9559.0
9688.0,9688.0
9718.0,9727.0
9721.0,9739.0
9823.0,9832.0
9871.0,9889.0
10033.0,10045.0
10093.0,10099.0
9949.0,9949.0
9913.0,9913.0
9898.0,9898.0
9955.0,9973.0
9763.0,9745.0
9648.0,9657.0
9610.0,9619.0
9631.0,9631.0
9799.0,9808.0
9805.0,9832.0
9937.0,9937.0
9889.0,9880.0
9859.0,9850.0
9982.0,9991.0
10069.0,10069.0
9775.0,9757.0
9787.0,9796.0
9787.0,9796.0
9688.0,9688.0
9778.0,9787.0
9622.0,9640.0
9640.0,9640.0
9712.0,9703.0
9759.0,9759.0
10000.0,10000.0
9883.0,9874.0
9970.0,9970.0
10003.0,10003.0
10129.0,10138.0
10039.0,10039.0
10063.0,10090.0
9802.0,9820.0
9718.0,9718.0
9808.0,9835.0
9730.0,9730.0
9721.0,9703.0
9838.0,9838.0
9982.0,9991.0
10138.0,10156.0
10168.0,10177.0
9904.0,9895.0
9979.0,9979.0
9961.0,9970.0
9738.0,9738.0
9772.0,9790.0
9847.0,9847.0
9661.0,9661.0
9817.0,9817.0
9808.0,9808.0
10009.0,10018.0
10042.0,10042.0
10090.0,10090.0
10045.0,10051.0
10147.0,10159.0
10180.0,10198.0
9868.0,9859.0
9841.0,9850.0
9640.0,9640.0
9838.0,9856.0
9859.0,9868.0
9709.0,9700.0
9979.0,9988.0
10015.0,10024.0
10069.0,10078.0
10162.0,10189.0
10114.0,10114.0
10099.0,10099.0
10297.0,10333.0
10168.0,10186.0
9790.0,9790.0
9829.0,9838.0
9670.0,9670.0
9865.0,9874.0
9769.0,9769.0
9871.0,9889.0
9829.0,9829.0
10165.0,10174.0
10201.0,10219.0
10063.0,10072.0
10138.0,10138.0
10201.0,10210.0
10072.0,10072.0
9979.0,9979.0
9739.0,9730.0
9631.0,9631.0
9754.0,9754.0
9916.0,9916.0
9721.0,9721.0
9829.0,9829.0
10081.0,10090.0
10027.0,10018.0
10177.0,10177.0
10129.0,10147.0
10219.0,10228.0
10069.0,10078.0
9946.0,9964.0
9730.0,9730.0
10003.0,10003.0
9661.0,9661.0
9844.0,9853.0
9889.0,9889.0
9940.0,9940.0
10189.0,10189.0
10138.0,10138.0
10168.0,10186.0
10267.0,10276.0
10081.0,10072.0
10072.0,10081.0
10090.0,10108.0
9925.0,9934.0
9664.0,9664.0
9922.0,9922.0
9841.0,9850.0
9859.0,9850.0
9922.0,9922.0
10207.0,10207.0
10357.0,10366.0
10198.0,10198.0
10330.0,10351.0
10150.0,10147.0
10198.0,10198.0
10186.0,10204.0
10030.0,10048.0
9730.0,9730.0
9913.0,9913.0
10009.0,10018.0
9982.0,10000.0
10033.0,10042.0
10243.0,10243.0
10234.0,10234.0
10399.0,10426.0
10390.0,10399.0
10102.0,10093.0
10153.0,10162.0
10060.0,10069.0
9931.0,9940.0
9937.0,9955.0
9838.0,9847.0
9862.0,9853.0
10060.0,10078.0
10066.0,10084.0
10207.0,10216.0
10189.0,10189.0
10312.0,10321.0
10385.0,10403.0
10450.0,10459.0
10336.0,10354.0
9982.0,9982.0
9898.0,9907.0
10159.0,10177.0
9997.0,10006.0
9858.0,9858.0
10066.0,10084.0
10078.0,10087.0
10219.0,10219.0
10249.0,10258.0
10345.0,10354.0
10372.0,10381.0
10162.0,10162.0
10168.0,10177.0
10042.0,10033.0
10147.0,10156.0
9982.0,10009.0
9841.0,9832.0
9964.0,9973.0
10108.0,10126.0
10129.0,10138.0
10285.0,10285.0
10093.0,10084.0
10360.0,10369.0
10327.0,10327.0
10396.0,10405.0
10312.0,10330.0
10024.0,10006.0
10136.0,10145.0
9871.0,9880.0
9952.0,9952.0
9973.0,9973.0
10039.0,10039.0
10279.0,10288.0
10363.0,10381.0
10357.0,10357.0
10411.0,10411.0
10372.0,10372.0
10471.0,10498.0
10261.0,10261.0
10429.0,10447.0
10030.0,10048.0
9901.0,9892.0
10159.0,10177.0
10066.0,10084.0
10048.0,10048.0
10166.0,10166.0
10270.0,10270.0
10489.0,10507.0
10333.0,10342.0
10492.0,10492.0
10324.0,10315.0
10318.0,10318.0
10165.0,10183.0
10138.0,10147.0
10069.0,10060.0
10060.0,10069.0
10201.0,10219.0
10066.0,10066.0
10258.0,10267.0
10462.0,10480.0
10294.0,10294.0
10369.0,10369.0
10468.0,10477.0
10564.0,10585.0
10360.0,10366.0
10099.0,10108.0
10060.0,10051.0
10126.0,10135.0
10129.0,10147.0
9913.0,9913.0
10285.0,10294.0
10159.0,10159.0
10237.0,10237.0
10291.0,10300.0
10351.0,10342.0
10321.0,10321.0
10387.0,10387.0
10117.0,10111.0
10243.0,10258.0
10222.0,10231.0
10147.0,10156.0
9871.0,9871.0
10048.0,10048.0
10087.0,10087.0
10084.0,10075.0
10342.0,10342.0
10429.0,10438.0
10648.0,10666.0
10510.0,10510.0
10471.0,10471.0
10381.0,10390.0
10045.0,10018.0
10078.0,10078.0
10060.0,10078.0
9820.0,9802.0
10081.0,10081.0
10111.0,10111.0
10429.0,10447.0
10501.0,10510.0
10354.0,10354.0
10459.0,10459.0
10576.0,10576.0
10249.0,10249.0
10351.0,10351.0
10360.0,10378.0
10141.0,10132.0
10288.0,10306.0
10051.0,10051.0
10270.0,10270.0
10114.0,10123.0
10069.0,10060.0
10411.0,10411.0
10540.0,10549.0
10432.0,10432.0
10510.0,10510.0
10468.0,10468.0
10198.0,10189.0
10357.0,10366.0
10247.0,10265.0
10132.0,10132.0
10093.0,10093.0
10348.0,10366.0
10387.0,10396.0
10565.0,10583.0
10480.0,10498.0
10555.0,10564.0
10720.0,10747.0
10579.0,10597.0
10288.0,10279.0
10357.0,10375.0
10252.0,10252.0
10069.0,10060.0
10216.0,10219.0
10393.0,10426.0
10309.0,10318.0
10348.0,10366.0
10312.0,10321.0
10543.0,10561.0
10420.0,10420.0
10637.0,10637.0
10693.0,10702.0
10249.0,10231.0
10429.0,10438.0
10351.0,10360.0
10369.0,10396.0
10288.0,10297.0
10312.0,10339.0
10145.0,10145.0
10459.0,10486.0
10402.0,10402.0
10408.0,10399.0
10735.0,10753.0
10672.0,10690.0
10861.0,10870.0
10507.0,10525.0
10492.0,10501.0
10297.0,10297.0
10438.0,10456.0
10162.0,10147.0
10021.0,10018.0
10246.0,10246.0
10333.0,10351.0
10432.0,10450.0
10570.0,10588.0
10648.0,10648.0
10621.0,10630.0
10630.0,10630.0
10657.0,10675.0
10450.0,10459.0
10510.0,10528.0
10240.0,10240.0
10501.0,10519.0
10021.0,10012.0
10249.0,10249.0
10381.0,10381.0
10453.0,10444.0
10468.0,10468.0
10726.0,10735.0
10480.0,10471.0
10487.0,10478.0
10651.0,10669.0
10369.0,10369.0
10465.0,10483.0
10327.0,10336.0
10156.0,10156.0
10315.0,10315.0
10261.0,10261.0
10291.0,10282.0
10492.0,10501.0
10582.0,10582.0
10666.0,10675.0
10837.0,10855.0
10720.0,10720.0
10462.0,10471.0
10450.0,10453.0
10450.0,10465.0
10240.0,10222.0
10360.0,10369.0
10312.0,10312.0
10228.0,10237.0
10402.0,10393.0
10456.0,10465.0
10510.0,10519.0
10717.0,10708.0
10855.0,10864.0
10693.0,10693.0
10807.0,10816.0
10630.0,10639.0
10597.0,10615.0
10321.0,10312.0
10501.0,10528.0
10111.0,10111.0
10522.0,10531.0
10498.0,10516.0
10450.0,10450.0
10756.0,10765.0
10723.0,10723.0
10783.0,10792.0
10825.0,10843.0
10453.0,10435.0
10669.0,10687.0
10297.0,10279.0
10396.0,10414.0
10267.0,10249.0
10411.0,10432.0
10276.0,10282.0
10348.0,10342.0
10594.0,10600.0
10618.0,10636.0
10831.0,10831.0
11032.0,11068.0
10804.0,10822.0
10786.0,10795.0
10543.0,10552.0
10450.0,10444.0
10369.0,10375.0
10459.0,10477.0
10222.0,10222.0
10579.0,10588.0
10567.0,10585.0
10705.0,10714.0
10786.0,10804.0
10798.0,10807.0
10828.0,10828.0
10825.0,10825.0
10858.0,10885.0
10844.0,10862.0
10639.0,10657.0
10321.0,10321.0
10372.0,10372.0
10492.0,10501.0
10585.0,10603.0
10522.0,10531.0
10621.0,10639.0
10480.0,10480.0
10598.0,10580.0
10879.0,10879.0
10915.0,10933.0
10768.0,10768.0
10813.0,10822.0
10492.0,10483.0
10600.0,10618.0
10519.0,10519.0
10243.0,10252.0
10387.0,10378.0
10483.0,10483.0
10687.0,10705.0
10978.0,10987.0
10834.0,10834.0
10867.0,10879.0
10843.0,10849.0
10885.0,10906.0
10678.0,10678.0
10636.0,10651.0
10636.0,10654.0
10498.0,10507.0
10501.0,10510.0
10330.0,10330.0
10750.0,10777.0
10444.0,10435.0
10690.0,10690.0
11041.0,11050.0
11059.0,11059.0
10942.0,10960.0
10772.0,10772.0
10819.0,10828.0
10498.0,10498.0
10477.0,10495.0
10570.0,10570.0
10408.0,10417.0
10367.0,10358.0
10660.0,10669.0
10576.0,10567.0
10825.0,10825.0
10981.0,10990.0
10930.0,10939.0
10832.0,10832.0
10793.0,10784.0
10555.0,10546.0
10552.0,10543.0
10705.0,10723.0
10474.0,10483.0
10774.0,10792.0
10669.0,10669.0
10648.0,10657.0
10627.0,10627.0
10840.0,10867.0
10798.0,10807.0
10861.0,10855.0
10963.0,10969.0
10849.0,10858.0
10618.0,10600.0
10741.0,10759.0
10579.0,10579.0
10438.0,10429.0
10537.0,10555.0
10528.0,10537.0
10792.0,10810.0
10682.0,10682.0
10793.0,10784.0
10867.0,10867.0
10912.0,10921.0
11032.0,11035.0
10969.0,10975.0
10798.0,10798.0
10510.0,10510.0
10552.0,10546.0
10627.0,10633.0
10642.0,10660.0
10708.0,10717.0
10594.0,10594.0
10729.0,10747.0
10861.0,10870.0
11053.0,11053.0
10849.0,10831.0
10948.0,10948.0
10840.0,10849.0
10930.0,10939.0
10804.0,10813.0
10630.0,10648.0
10723.0,10723.0
10618.0,10627.0
10642.0,10669.0
10759.0,10759.0
11038.0,11065.0
10837.0,10837.0
11041.0,11041.0
10912.0,10912.0
11053.0,11071.0
10978.0,10987.0
10849.0,10858.0
10630.0,10648.0
10801.0,10801.0
10810.0,10828.0
10579.0,10570.0
10654.0,10654.0
10567.0,10561.0
10906.0,10921.0
10963.0,10972.0
10999.0,11008.0
10987.0,10996.0
10951.0,10951.0
11011.0,11020.0
10879.0,10897.0
10711.0,10702.0
10810.0,10822.0
10648.0,10663.0
10747.0,10756.0
10747.0,10765.0
10613.0,10604.0
10993.0,11011.0
11063.0,11072.0
11062.0,11080.0
11062.0,11071.0
11038.0,11038.0
10981.0,10981.0
10990.0,10999.0
10777.0,10795.0
10868.0,10886.0
10654.0,10654.0
10414.0,10396.0
10891.0,10909.0
10663.0,10672.0
10792.0,10792.0
10966.0,10966.0
11191.0,11200.0
11165.0,11183.0
10987.0,10990.0
10933.0,10939.0
10831.0,10822.0
10972.0,10981.0
10789.0,10807.0
10780.0,10780.0
10747.0,10756.0
10840.0,10849.0
10492.0,10477.0
11200.0,11206.0
11032.0,11050.0
11063.0,11063.0
11113.0,11122.0
11125.0,11125.0
11041.0,11050.0
11032.0,11044.0
10849.0,10858.0
10864.0,10870.0
10852.0,10852.0
10696.0,10696.0
10762.0,10780.0
10630.0,10630.0
11197.0,11215.0
11093.0,11102.0
11053.0,11053.0
11098.0,11107.0
11215.0,11224.0
10924.0,10924.0
10900.0,10900.0
10963.0,10981.0
10810.0,10810.0
10648.0,10648.0
10573.0,10555.0
10642.0,10642.0
10852.0,10870.0
10867.0,10849.0
11167.0,11185.0
11023.0,11014.0
11107.0,11116.0
11335.0,11344.0
11140.0,11158.0
11218.0,11227.0
10894.0,10894.0
10999.0,11008.0
10882.0,10900.0
10873.0,10900.0
10777.0,10768.0
10903.0,10912.0
10858.0,10867.0
11092.0,11092.0
11197.0,11197.0
11449.0,11476.0
11117.0,11117.0
11059.0,11068.0
11041.0,11059.0
10951.0,10951.0
10915.0,10915.0
10912.0,10921.0
10870.0,10879.0
10999.0,11008.0
11065.0,11101.0
11023.0,11014.0
11110.0,11110.0
11068.0,11068.0
11143.0,11143.0
11203.0,11212.0
11095.0,11095.0
11158.0,11158.0
10849.0,10849.0
10846.0,10846.0
10879.0,10879.0
10774.0,10783.0
10999.0,11017.0
10843.0,10852.0
11131.0,11131.0
11117.0,11117.0
11360.0,11378.0
11227.0,11236.0
11251.0,11251.0
11143.0,11161.0
11017.0,11017.0
11059.0,11068.0
10798.0,10798.0
10987.0,11005.0
10825.0,10834.0
10708.0,10717.0
10762.0,10753.0
11155.0,11176.0
11200.0,11206.0
11159.0,11159.0
11395.0,11416.0
11129.0,11117.0
11287.0,11287.0
11068.0,11068.0
10984.0,10984.0
11005.0,11005.0
10861.0,10861.0
10843.0,10843.0
10945.0,10957.0
11077.0,11083.0
11326.0,11353.0
10999.0,10999.0
11233.0,11233.0
11261.0,11243.0
11278.0,11296.0
11206.0,11215.0
