id,inv,demand,forecast,received_shipment,order,Order_Supplier_0,Forecast_Retailer_0,Forecast_Retailer_1,Demand_Retailer_0,Demand_Retailer_1
0.0,0.0,1665.0,1665.0,0.0,8325.0,8325.0,1165.0,500.0,1165.0,500.0
0.0,0.0,1670.0,1668.0,0.0,8340.0,8340.0,1168.0,500.0,1170.0,500.0
0.0,0.0,1680.0,1672.0,0.0,8360.0,8360.0,1170.0,502.0,1175.0,505.0
0.0,0.0,1685.0,1674.0,8325.0,6745.0,6745.0,1172.0,502.0,1180.0,505.0
0.0,1625.0,1695.0,1679.0,8340.0,125.0,125.0,1175.0,504.0,1185.0,510.0
0.0,8270.0,1700.0,1683.0,8360.0,0.0,0.0,1178.0,505.0,1190.0,510.0
0.0,14930.0,0.0,1442.0,6745.0,0.0,0.0,1009.0,433.0,0.0,0.0
0.0,21675.0,0.0,1262.0,125.0,0.0,0.0,883.0,379.0,0.0,0.0
0.0,21800.0,0.0,1122.0,0.0,0.0,0.0,785.0,337.0,0.0,0.0
0.0,21800.0,0.0,1009.0,0.0,0.0,0.0,706.0,303.0,0.0,0.0
0.0,21800.0,0.0,917.0,0.0,0.0,0.0,642.0,275.0,0.0,0.0
0.0,21800.0,0.0,841.0,0.0,0.0,0.0,589.0,252.0,0.0,0.0
0.0,21800.0,0.0,776.0,0.0,0.0,0.0,543.0,233.0,0.0,0.0
0.0,21800.0,0.0,721.0,0.0,0.0,0.0,505.0,216.0,0.0,0.0
0.0,21800.0,0.0,673.0,0.0,0.0,0.0,471.0,202.0,0.0,0.0
0.0,21800.0,0.0,631.0,0.0,0.0,0.0,442.0,189.0,0.0,0.0
0.0,21800.0,0.0,594.0,0.0,0.0,0.0,416.0,178.0,0.0,0.0
0.0,21800.0,0.0,560.0,0.0,0.0,0.0,392.0,168.0,0.0,0.0
0.0,21800.0,0.0,531.0,0.0,0.0,0.0,372.0,159.0,0.0,0.0
0.0,21800.0,0.0,505.0,0.0,0.0,0.0,353.0,152.0,0.0,0.0
0.0,21800.0,0.0,480.0,0.0,0.0,0.0,336.0,144.0,0.0,0.0
0.0,21800.0,0.0,459.0,0.0,0.0,0.0,321.0,138.0,0.0,0.0
0.0,21800.0,0.0,439.0,0.0,0.0,0.0,307.0,132.0,0.0,0.0
0.0,21800.0,123.0,426.0,0.0,0.0,0.0,298.0,128.0,87.0,36.0
0.0,21677.0,476.0,427.0,0.0,0.0,0.0,299.0,128.0,334.0,142.0
0.0,21201.0,828.0,443.0,0.0,0.0,0.0,310.0,133.0,580.0,248.0
0.0,20373.0,1050.0,466.0,0.0,0.0,0.0,326.0,140.0,733.0,317.0
0.0,19323.0,923.0,482.0,0.0,0.0,0.0,337.0,145.0,643.0,280.0
0.0,18400.0,443.0,480.0,0.0,0.0,0.0,336.0,144.0,307.0,136.0
0.0,17957.0,0.0,465.0,0.0,0.0,0.0,325.0,140.0,0.0,0.0
0.0,17957.0,0.0,449.0,0.0,0.0,0.0,314.0,135.0,0.0,0.0
0.0,17957.0,0.0,436.0,0.0,0.0,0.0,305.0,131.0,0.0,0.0
0.0,17957.0,0.0,422.0,0.0,0.0,0.0,295.0,127.0,0.0,0.0
0.0,17957.0,0.0,410.0,0.0,0.0,0.0,287.0,123.0,0.0,0.0
0.0,17957.0,84.0,400.0,0.0,0.0,0.0,280.0,120.0,66.0,18.0
0.0,17873.0,426.0,401.0,0.0,0.0,0.0,281.0,120.0,305.0,121.0
0.0,17447.0,767.0,411.0,0.0,0.0,0.0,288.0,123.0,544.0,223.0
0.0,16680.0,1024.0,428.0,0.0,0.0,0.0,300.0,128.0,717.0,307.0
0.0,15656.0,940.0,441.0,0.0,0.0,0.0,309.0,132.0,651.0,289.0
0.0,14716.0,516.0,442.0,0.0,0.0,0.0,309.0,133.0,347.0,169.0
0.0,14200.0,0.0,432.0,0.0,0.0,0.0,302.0,130.0,0.0,0.0
0.0,14200.0,0.0,422.0,0.0,0.0,0.0,295.0,127.0,0.0,0.0
0.0,14200.0,0.0,412.0,0.0,0.0,0.0,288.0,124.0,0.0,0.0
0.0,14200.0,0.0,402.0,0.0,0.0,0.0,281.0,121.0,0.0,0.0
0.0,14200.0,0.0,393.0,0.0,0.0,0.0,275.0,118.0,0.0,0.0
0.0,14200.0,111.0,387.0,0.0,0.0,0.0,271.0,116.0,83.0,28.0
0.0,14089.0,464.0,389.0,0.0,0.0,0.0,272.0,117.0,330.0,134.0
0.0,13625.0,825.0,398.0,0.0,0.0,0.0,279.0,119.0,584.0,241.0
0.0,12800.0,1071.0,411.0,0.0,0.0,0.0,288.0,123.0,751.0,320.0
0.0,11729.0,967.0,423.0,0.0,0.0,0.0,296.0,127.0,673.0,294.0
0.0,10762.0,505.0,424.0,0.0,0.0,0.0,297.0,127.0,343.0,162.0
0.0,10257.0,0.0,416.0,0.0,0.0,0.0,291.0,125.0,0.0,0.0
0.0,10257.0,0.0,384.0,0.0,0.0,0.0,269.0,115.0,0.0,0.0
0.0,10257.0,0.0,352.0,0.0,0.0,0.0,246.0,106.0,0.0,0.0
0.0,10257.0,0.0,320.0,0.0,0.0,0.0,224.0,96.0,0.0,0.0
0.0,10257.0,0.0,287.0,0.0,0.0,0.0,201.0,86.0,0.0,0.0
0.0,10257.0,213.0,259.0,0.0,0.0,0.0,181.0,78.0,153.0,60.0
0.0,10044.0,593.0,237.0,0.0,0.0,0.0,166.0,71.0,419.0,174.0
0.0,9451.0,976.0,257.0,0.0,0.0,0.0,180.0,77.0,687.0,289.0
0.0,8475.0,1157.0,278.0,0.0,0.0,0.0,195.0,83.0,808.0,349.0
0.0,7318.0,951.0,297.0,0.0,0.0,0.0,208.0,89.0,660.0,291.0
0.0,6367.0,369.0,304.0,0.0,0.0,0.0,213.0,91.0,250.0,119.0
0.0,5998.0,0.0,304.0,0.0,0.0,0.0,213.0,91.0,0.0,0.0
0.0,5998.0,0.0,304.0,0.0,0.0,0.0,213.0,91.0,0.0,0.0
0.0,5998.0,0.0,304.0,0.0,0.0,0.0,213.0,91.0,0.0,0.0
0.0,5998.0,0.0,304.0,0.0,0.0,0.0,213.0,91.0,0.0,0.0
0.0,5998.0,0.0,304.0,0.0,0.0,0.0,213.0,91.0,0.0,0.0
0.0,5998.0,267.0,309.0,0.0,0.0,0.0,216.0,93.0,196.0,71.0
0.0,5731.0,661.0,321.0,0.0,0.0,0.0,225.0,96.0,472.0,189.0
0.0,5070.0,1065.0,342.0,0.0,0.0,0.0,240.0,102.0,753.0,312.0
0.0,4005.0,1192.0,365.0,0.0,0.0,0.0,256.0,109.0,833.0,359.0
0.0,2813.0,924.0,383.0,0.0,26.0,26.0,268.0,115.0,636.0,288.0
0.0,1889.0,257.0,388.0,0.0,308.0,308.0,271.0,117.0,163.0,94.0
0.0,1632.0,0.0,388.0,0.0,308.0,308.0,271.0,117.0,0.0,0.0
0.0,1632.0,0.0,388.0,26.0,282.0,282.0,271.0,117.0,0.0,0.0
0.0,1658.0,0.0,386.0,308.0,0.0,0.0,270.0,116.0,0.0,0.0
0.0,1966.0,0.0,376.0,308.0,0.0,0.0,263.0,113.0,0.0,0.0
0.0,2274.0,0.0,360.0,282.0,0.0,0.0,252.0,108.0,0.0,0.0
0.0,2556.0,235.0,344.0,0.0,0.0,0.0,241.0,103.0,178.0,57.0
0.0,2321.0,624.0,339.0,0.0,0.0,0.0,238.0,101.0,447.0,177.0
0.0,1697.0,1012.0,350.0,0.0,1065.0,1065.0,246.0,104.0,720.0,292.0
0.0,685.0,1158.0,372.0,0.0,1859.0,1859.0,261.0,111.0,809.0,349.0
0.0,1.0,919.0,390.0,0.0,1949.0,1949.0,273.0,117.0,633.0,286.0
0.0,1.0,286.0,396.0,1065.0,1979.0,1979.0,277.0,119.0,178.0,108.0
0.0,1.0,20.0,396.0,1859.0,754.0,754.0,277.0,119.0,0.0,20.0
0.0,1226.0,367.0,403.0,1949.0,0.0,0.0,281.0,122.0,234.0,133.0
0.0,2808.0,0.0,401.0,1979.0,0.0,0.0,280.0,121.0,0.0,0.0
0.0,4787.0,0.0,393.0,754.0,0.0,0.0,274.0,119.0,0.0,0.0
0.0,5541.0,0.0,379.0,0.0,0.0,0.0,264.0,115.0,0.0,0.0
0.0,5541.0,0.0,359.0,0.0,0.0,0.0,250.0,109.0,0.0,0.0
0.0,5541.0,199.0,344.0,0.0,0.0,0.0,241.0,103.0,186.0,13.0
0.0,5342.0,581.0,346.0,0.0,0.0,0.0,243.0,103.0,455.0,126.0
0.0,4761.0,959.0,364.0,0.0,0.0,0.0,257.0,107.0,720.0,239.0
0.0,3802.0,1144.0,386.0,0.0,0.0,0.0,272.0,114.0,804.0,340.0
0.0,2658.0,948.0,404.0,0.0,310.0,310.0,284.0,120.0,615.0,333.0
0.0,1710.0,376.0,411.0,0.0,721.0,721.0,287.0,124.0,167.0,209.0
0.0,1334.0,0.0,411.0,0.0,721.0,721.0,287.0,124.0,0.0,0.0
0.0,1334.0,0.0,410.0,310.0,406.0,406.0,286.0,124.0,0.0,0.0
0.0,1644.0,0.0,400.0,721.0,0.0,0.0,279.0,121.0,0.0,0.0
0.0,2365.0,0.0,384.0,721.0,0.0,0.0,268.0,116.0,0.0,0.0
0.0,3086.0,0.0,364.0,406.0,0.0,0.0,254.0,110.0,0.0,0.0
0.0,3492.0,262.0,350.0,0.0,0.0,0.0,245.0,105.0,230.0,32.0
0.0,3230.0,659.0,353.0,0.0,0.0,0.0,248.0,105.0,508.0,151.0
0.0,2571.0,1059.0,374.0,0.0,358.0,358.0,264.0,110.0,788.0,271.0
0.0,1512.0,1210.0,397.0,0.0,1683.0,1683.0,280.0,117.0,845.0,365.0
0.0,302.0,957.0,416.0,0.0,2079.0,2079.0,292.0,124.0,621.0,336.0
0.0,1.0,311.0,421.0,358.0,2104.0,2104.0,294.0,127.0,124.0,187.0
0.0,1.0,0.0,421.0,1683.0,1030.0,1030.0,294.0,127.0,0.0,0.0
0.0,1075.0,0.0,417.0,2079.0,0.0,0.0,291.0,126.0,0.0,0.0
0.0,3154.0,0.0,406.0,2104.0,0.0,0.0,283.0,123.0,0.0,0.0
0.0,5258.0,0.0,387.0,1030.0,0.0,0.0,270.0,117.0,0.0,0.0
0.0,6288.0,0.0,365.0,0.0,0.0,0.0,254.0,111.0,0.0,0.0
0.0,6288.0,350.0,353.0,0.0,0.0,0.0,247.0,106.0,297.0,53.0
0.0,5938.0,773.0,361.0,0.0,0.0,0.0,254.0,107.0,593.0,180.0
0.0,5165.0,1207.0,384.0,0.0,0.0,0.0,271.0,113.0,895.0,312.0
0.0,3958.0,1283.0,409.0,0.0,0.0,0.0,288.0,121.0,896.0,387.0
0.0,2675.0,942.0,427.0,0.0,402.0,402.0,300.0,127.0,607.0,335.0
0.0,1733.0,163.0,430.0,0.0,580.0,580.0,300.0,130.0,12.0,151.0
0.0,1570.0,0.0,430.0,0.0,580.0,580.0,300.0,130.0,0.0,0.0
0.0,1570.0,0.0,426.0,402.0,158.0,158.0,297.0,129.0,0.0,0.0
0.0,1972.0,0.0,412.0,580.0,0.0,0.0,287.0,125.0,0.0,0.0
0.0,2552.0,0.0,392.0,580.0,0.0,0.0,273.0,119.0,0.0,0.0
0.0,3132.0,7.0,369.0,158.0,0.0,0.0,257.0,112.0,7.0,0.0
0.0,3283.0,366.0,359.0,0.0,0.0,0.0,251.0,108.0,311.0,55.0
0.0,2917.0,798.0,368.0,0.0,0.0,0.0,259.0,109.0,610.0,188.0
0.0,2119.0,1222.0,392.0,0.0,1063.0,1063.0,277.0,115.0,906.0,316.0
0.0,897.0,1280.0,417.0,0.0,2084.0,2084.0,294.0,123.0,892.0,388.0
0.0,1.0,911.0,434.0,0.0,2169.0,2169.0,305.0,129.0,584.0,327.0
0.0,1.0,138.0,437.0,1063.0,2184.0,2184.0,305.0,132.0,0.0,138.0
0.0,1.0,0.0,437.0,2084.0,470.0,470.0,305.0,132.0,0.0,0.0
0.0,1715.0,124.0,435.0,2169.0,0.0,0.0,302.0,133.0,0.0,124.0
0.0,3760.0,0.0,423.0,2184.0,0.0,0.0,293.0,130.0,0.0,0.0
0.0,5944.0,0.0,403.0,470.0,0.0,0.0,279.0,124.0,0.0,0.0
0.0,6414.0,0.0,381.0,0.0,0.0,0.0,264.0,117.0,0.0,0.0
0.0,6414.0,268.0,369.0,0.0,0.0,0.0,257.0,112.0,268.0,0.0
0.0,6146.0,605.0,375.0,0.0,0.0,0.0,264.0,111.0,558.0,47.0
0.0,5541.0,1023.0,394.0,0.0,0.0,0.0,280.0,114.0,852.0,171.0
0.0,4518.0,1168.0,410.0,0.0,0.0,0.0,293.0,117.0,873.0,295.0
0.0,3350.0,979.0,428.0,0.0,0.0,0.0,304.0,124.0,608.0,371.0
0.0,2371.0,372.0,435.0,0.0,176.0,176.0,305.0,130.0,44.0,328.0
0.0,1999.0,156.0,438.0,0.0,347.0,347.0,305.0,133.0,0.0,156.0
0.0,1843.0,0.0,438.0,0.0,347.0,347.0,305.0,133.0,0.0,0.0
0.0,1843.0,0.0,435.0,176.0,156.0,156.0,302.0,133.0,0.0,0.0
0.0,2019.0,0.0,423.0,347.0,0.0,0.0,293.0,130.0,0.0,0.0
0.0,2366.0,0.0,405.0,347.0,0.0,0.0,279.0,126.0,0.0,0.0
0.0,2713.0,265.0,388.0,156.0,0.0,0.0,269.0,119.0,265.0,0.0
0.0,2604.0,608.0,382.0,0.0,0.0,0.0,268.0,114.0,560.0,48.0
0.0,1996.0,1025.0,394.0,0.0,999.0,999.0,281.0,113.0,852.0,173.0
0.0,971.0,1178.0,417.0,0.0,2084.0,2084.0,298.0,119.0,880.0,298.0
0.0,1.0,1000.0,436.0,0.0,2179.0,2179.0,310.0,126.0,619.0,381.0
0.0,1.0,398.0,444.0,999.0,2219.0,2219.0,311.0,133.0,63.0,335.0
0.0,1.0,217.0,448.0,2084.0,979.0,979.0,311.0,137.0,0.0,217.0
0.0,1261.0,345.0,454.0,2179.0,0.0,0.0,311.0,143.0,0.0,345.0
0.0,3095.0,0.0,449.0,2219.0,0.0,0.0,306.0,143.0,0.0,0.0
0.0,5314.0,0.0,437.0,979.0,0.0,0.0,297.0,140.0,0.0,0.0
0.0,6293.0,18.0,417.0,0.0,0.0,0.0,282.0,135.0,18.0,0.0
0.0,6275.0,324.0,400.0,0.0,0.0,0.0,272.0,128.0,324.0,0.0
0.0,5951.0,637.0,393.0,0.0,0.0,0.0,272.0,121.0,637.0,0.0
0.0,5314.0,929.0,406.0,0.0,0.0,0.0,288.0,118.0,929.0,0.0
0.0,4385.0,922.0,423.0,0.0,0.0,0.0,305.0,118.0,922.0,0.0
0.0,3463.0,675.0,436.0,0.0,0.0,0.0,317.0,119.0,598.0,77.0
0.0,2788.0,212.0,440.0,0.0,0.0,0.0,317.0,123.0,0.0,212.0
0.0,2576.0,348.0,447.0,0.0,7.0,7.0,317.0,130.0,0.0,348.0
0.0,2228.0,407.0,455.0,0.0,454.0,454.0,317.0,138.0,0.0,407.0
0.0,1821.0,337.0,454.0,0.0,786.0,786.0,311.0,143.0,0.0,337.0
0.0,1484.0,126.0,442.0,7.0,845.0,845.0,300.0,142.0,0.0,126.0
0.0,1365.0,76.0,420.0,454.0,357.0,357.0,284.0,136.0,76.0,0.0
0.0,1743.0,399.0,403.0,786.0,0.0,0.0,274.0,129.0,399.0,0.0
0.0,2130.0,727.0,399.0,845.0,0.0,0.0,277.0,122.0,727.0,0.0
0.0,2248.0,975.0,414.0,357.0,440.0,440.0,295.0,119.0,975.0,0.0
0.0,1630.0,905.0,432.0,0.0,1435.0,1435.0,313.0,119.0,905.0,0.0
0.0,725.0,596.0,443.0,0.0,2086.0,2086.0,322.0,121.0,503.0,93.0
0.0,129.0,232.0,448.0,440.0,1903.0,1903.0,322.0,126.0,0.0,232.0
0.0,337.0,371.0,455.0,1435.0,874.0,874.0,322.0,133.0,0.0,371.0
0.0,1401.0,422.0,463.0,2086.0,0.0,0.0,322.0,141.0,0.0,422.0
0.0,3065.0,329.0,462.0,1903.0,0.0,0.0,316.0,146.0,0.0,329.0
0.0,4639.0,96.0,449.0,874.0,0.0,0.0,305.0,144.0,0.0,96.0
0.0,5417.0,77.0,427.0,0.0,0.0,0.0,289.0,138.0,77.0,0.0
0.0,5340.0,399.0,410.0,0.0,0.0,0.0,279.0,131.0,399.0,0.0
0.0,4941.0,725.0,407.0,0.0,0.0,0.0,282.0,125.0,725.0,0.0
0.0,4216.0,968.0,422.0,0.0,0.0,0.0,300.0,122.0,968.0,0.0
0.0,3248.0,893.0,440.0,0.0,0.0,0.0,318.0,122.0,893.0,0.0
0.0,2355.0,564.0,448.0,0.0,449.0,449.0,327.0,121.0,486.0,78.0
0.0,1791.0,214.0,452.0,0.0,683.0,683.0,327.0,125.0,0.0,214.0
0.0,1577.0,355.0,459.0,0.0,1073.0,1073.0,327.0,132.0,0.0,355.0
0.0,1222.0,412.0,467.0,449.0,1076.0,1076.0,327.0,140.0,0.0,412.0
0.0,1259.0,333.0,468.0,683.0,731.0,731.0,322.0,146.0,0.0,333.0
0.0,1609.0,113.0,459.0,1073.0,0.0,0.0,311.0,148.0,0.0,113.0
0.0,2569.0,44.0,440.0,1076.0,0.0,0.0,296.0,144.0,44.0,0.0
0.0,3601.0,362.0,425.0,731.0,0.0,0.0,286.0,139.0,362.0,0.0
0.0,3970.0,674.0,418.0,0.0,0.0,0.0,287.0,131.0,674.0,0.0
0.0,3296.0,947.0,429.0,0.0,0.0,0.0,304.0,125.0,947.0,0.0
0.0,2349.0,897.0,444.0,0.0,768.0,768.0,322.0,122.0,897.0,0.0
0.0,1452.0,604.0,455.0,0.0,1427.0,1427.0,332.0,123.0,535.0,69.0
0.0,848.0,203.0,459.0,0.0,1650.0,1650.0,332.0,127.0,0.0,203.0
0.0,645.0,337.0,466.0,768.0,1254.0,1254.0,332.0,134.0,0.0,337.0
0.0,1076.0,402.0,474.0,1427.0,269.0,269.0,332.0,142.0,0.0,402.0
0.0,2101.0,333.0,475.0,1650.0,0.0,0.0,327.0,148.0,0.0,333.0
0.0,3418.0,131.0,466.0,1254.0,0.0,0.0,316.0,150.0,0.0,131.0
0.0,4541.0,54.0,447.0,269.0,0.0,0.0,301.0,146.0,54.0,0.0
0.0,4756.0,376.0,432.0,0.0,0.0,0.0,291.0,141.0,376.0,0.0
0.0,4380.0,694.0,425.0,0.0,0.0,0.0,292.0,133.0,694.0,0.0
0.0,3686.0,965.0,437.0,0.0,0.0,0.0,310.0,127.0,965.0,0.0
0.0,2721.0,910.0,450.0,0.0,439.0,439.0,327.0,123.0,910.0,0.0
0.0,1811.0,639.0,456.0,0.0,1108.0,1108.0,338.0,118.0,544.0,95.0
0.0,1172.0,234.0,460.0,0.0,1362.0,1362.0,338.0,122.0,0.0,234.0
0.0,938.0,374.0,467.0,439.0,1332.0,1332.0,338.0,129.0,0.0,374.0
0.0,1003.0,420.0,475.0,1108.0,684.0,684.0,337.0,138.0,0.0,420.0
0.0,1691.0,328.0,475.0,1362.0,0.0,0.0,331.0,144.0,0.0,328.0
0.0,2725.0,101.0,465.0,1332.0,0.0,0.0,319.0,146.0,0.0,101.0
0.0,3956.0,111.0,449.0,684.0,0.0,0.0,303.0,146.0,111.0,0.0
0.0,4529.0,452.0,440.0,0.0,0.0,0.0,294.0,146.0,452.0,0.0
0.0,4077.0,790.0,442.0,0.0,0.0,0.0,298.0,144.0,790.0,0.0
0.0,3287.0,1023.0,458.0,0.0,26.0,26.0,318.0,140.0,1023.0,0.0
0.0,2264.0,912.0,469.0,0.0,993.0,993.0,335.0,134.0,912.0,0.0
0.0,1352.0,596.0,472.0,0.0,1604.0,1604.0,344.0,128.0,469.0,127.0
0.0,756.0,274.0,471.0,26.0,1847.0,1847.0,344.0,127.0,0.0,274.0
0.0,508.0,422.0,477.0,993.0,1306.0,1306.0,344.0,133.0,0.0,422.0
0.0,1079.0,443.0,484.0,1604.0,180.0,180.0,343.0,141.0,0.0,443.0
0.0,2240.0,323.0,482.0,1847.0,0.0,0.0,335.0,147.0,0.0,323.0
0.0,3764.0,50.0,469.0,1306.0,0.0,0.0,321.0,148.0,0.0,50.0
0.0,5020.0,153.0,453.0,180.0,0.0,0.0,305.0,148.0,153.0,0.0
0.0,5047.0,507.0,446.0,0.0,0.0,0.0,298.0,148.0,507.0,0.0
0.0,4540.0,856.0,451.0,0.0,0.0,0.0,304.0,147.0,856.0,0.0
0.0,3684.0,1057.0,467.0,0.0,0.0,0.0,325.0,142.0,1057.0,0.0
0.0,2627.0,899.0,477.0,0.0,657.0,657.0,342.0,135.0,899.0,0.0
0.0,1728.0,529.0,479.0,0.0,1196.0,1196.0,350.0,129.0,396.0,133.0
0.0,1199.0,282.0,478.0,0.0,1473.0,1473.0,350.0,128.0,0.0,282.0
0.0,917.0,431.0,485.0,657.0,1282.0,1282.0,350.0,135.0,0.0,431.0
0.0,1143.0,452.0,492.0,1196.0,573.0,573.0,348.0,144.0,0.0,452.0
0.0,1887.0,318.0,490.0,1473.0,0.0,0.0,340.0,150.0,0.0,318.0
0.0,3042.0,35.0,476.0,1282.0,0.0,0.0,326.0,150.0,0.0,35.0
0.0,4289.0,136.0,460.0,573.0,0.0,0.0,310.0,150.0,136.0,0.0
0.0,4726.0,479.0,452.0,0.0,0.0,0.0,302.0,150.0,479.0,0.0
0.0,4247.0,826.0,458.0,0.0,0.0,0.0,309.0,149.0,826.0,0.0
0.0,3421.0,1032.0,474.0,0.0,0.0,0.0,329.0,145.0,1032.0,0.0
0.0,2389.0,899.0,484.0,0.0,930.0,930.0,346.0,138.0,899.0,0.0
0.0,1490.0,528.0,486.0,0.0,1468.0,1468.0,354.0,132.0,413.0,115.0
0.0,962.0,260.0,485.0,0.0,1723.0,1723.0,354.0,131.0,0.0,260.0
0.0,702.0,410.0,491.0,930.0,1233.0,1233.0,354.0,137.0,0.0,410.0
0.0,1222.0,440.0,498.0,1468.0,240.0,240.0,353.0,145.0,0.0,440.0
0.0,2250.0,324.0,497.0,1723.0,0.0,0.0,346.0,151.0,0.0,324.0
0.0,3649.0,58.0,485.0,1233.0,0.0,0.0,333.0,152.0,0.0,58.0
0.0,4824.0,109.0,469.0,240.0,0.0,0.0,317.0,152.0,109.0,0.0
0.0,4955.0,445.0,460.0,0.0,0.0,0.0,308.0,152.0,445.0,0.0
0.0,4510.0,786.0,464.0,0.0,0.0,0.0,313.0,151.0,786.0,0.0
0.0,3724.0,1013.0,480.0,0.0,0.0,0.0,333.0,147.0,1013.0,0.0
0.0,2711.0,910.0,491.0,0.0,654.0,654.0,350.0,141.0,910.0,0.0
0.0,1801.0,567.0,494.0,0.0,1236.0,1236.0,359.0,135.0,461.0,106.0
0.0,1234.0,256.0,493.0,0.0,1487.0,1487.0,359.0,134.0,0.0,256.0
0.0,978.0,401.0,498.0,654.0,1259.0,1259.0,359.0,139.0,0.0,401.0
0.0,1231.0,441.0,505.0,1236.0,499.0,499.0,358.0,147.0,0.0,441.0
0.0,2026.0,331.0,505.0,1487.0,0.0,0.0,351.0,154.0,0.0,331.0
0.0,3182.0,77.0,493.0,1259.0,0.0,0.0,338.0,155.0,0.0,77.0
0.0,4364.0,137.0,477.0,499.0,0.0,0.0,322.0,155.0,137.0,0.0
0.0,4726.0,483.0,468.0,0.0,0.0,0.0,313.0,155.0,483.0,0.0
0.0,4243.0,835.0,472.0,0.0,0.0,0.0,319.0,153.0,835.0,0.0
0.0,3408.0,1047.0,488.0,0.0,79.0,79.0,339.0,149.0,1047.0,0.0
0.0,2361.0,920.0,499.0,0.0,1054.0,1054.0,357.0,142.0,920.0,0.0
0.0,1441.0,571.0,501.0,0.0,1635.0,1635.0,365.0,136.0,438.0,133.0
0.0,870.0,285.0,500.0,79.0,1836.0,1836.0,365.0,135.0,0.0,285.0
0.0,664.0,438.0,507.0,1054.0,1255.0,1255.0,365.0,142.0,0.0,438.0
0.0,1280.0,459.0,513.0,1635.0,109.0,109.0,363.0,150.0,0.0,459.0
0.0,2456.0,328.0,511.0,1836.0,0.0,0.0,354.0,157.0,0.0,328.0
0.0,3964.0,50.0,497.0,1255.0,0.0,0.0,339.0,158.0,0.0,50.0
0.0,5169.0,202.0,481.0,109.0,0.0,0.0,323.0,158.0,202.0,0.0
0.0,5076.0,572.0,475.0,0.0,0.0,0.0,317.0,158.0,572.0,0.0
0.0,4504.0,939.0,481.0,0.0,0.0,0.0,326.0,155.0,939.0,0.0
0.0,3565.0,1105.0,497.0,0.0,25.0,25.0,347.0,150.0,1105.0,0.0
0.0,2460.0,910.0,507.0,0.0,985.0,985.0,365.0,142.0,907.0,3.0
0.0,1550.0,500.0,508.0,0.0,1490.0,1490.0,371.0,137.0,338.0,162.0
0.0,1050.0,321.0,508.0,25.0,1786.0,1786.0,371.0,137.0,0.0,321.0
0.0,754.0,477.0,516.0,985.0,1318.0,1318.0,371.0,145.0,0.0,477.0
0.0,1262.0,475.0,522.0,1490.0,333.0,333.0,368.0,154.0,0.0,475.0
0.0,2277.0,319.0,518.0,1786.0,0.0,0.0,358.0,160.0,0.0,319.0
0.0,3744.0,2.0,502.0,1318.0,0.0,0.0,342.0,160.0,0.0,2.0
0.0,5060.0,237.0,486.0,333.0,0.0,0.0,326.0,160.0,237.0,0.0
0.0,5156.0,615.0,481.0,0.0,0.0,0.0,321.0,160.0,615.0,0.0
0.0,4541.0,988.0,489.0,0.0,0.0,0.0,332.0,157.0,988.0,0.0
0.0,3553.0,1128.0,506.0,0.0,105.0,105.0,354.0,152.0,1128.0,0.0
0.0,2425.0,894.0,515.0,0.0,1044.0,1044.0,371.0,144.0,885.0,9.0
0.0,1531.0,436.0,514.0,0.0,1475.0,1475.0,376.0,138.0,268.0,168.0
0.0,1095.0,327.0,515.0,105.0,1702.0,1702.0,376.0,139.0,0.0,327.0
0.0,873.0,476.0,523.0,1044.0,1174.0,1174.0,376.0,147.0,0.0,476.0
0.0,1441.0,471.0,529.0,1475.0,200.0,200.0,373.0,156.0,0.0,471.0
0.0,2445.0,302.0,526.0,1702.0,0.0,0.0,364.0,162.0,0.0,302.0
0.0,3845.0,0.0,510.0,1174.0,0.0,0.0,348.0,162.0,0.0,0.0
0.0,5019.0,212.0,495.0,200.0,0.0,0.0,333.0,162.0,212.0,0.0
0.0,5007.0,582.0,488.0,0.0,0.0,0.0,326.0,162.0,582.0,0.0
0.0,4425.0,946.0,497.0,0.0,0.0,0.0,337.0,160.0,946.0,0.0
0.0,3479.0,1102.0,513.0,0.0,188.0,188.0,358.0,155.0,1102.0,0.0
0.0,2377.0,883.0,522.0,0.0,1116.0,1116.0,375.0,147.0,883.0,0.0
0.0,1494.0,454.0,522.0,0.0,1570.0,1570.0,381.0,141.0,304.0,150.0
0.0,1040.0,305.0,522.0,188.0,1687.0,1687.0,381.0,141.0,0.0,305.0
0.0,923.0,465.0,530.0,1116.0,1076.0,1076.0,381.0,149.0,0.0,465.0
0.0,1574.0,470.0,537.0,1570.0,11.0,11.0,379.0,158.0,0.0,470.0
0.0,2674.0,319.0,534.0,1687.0,0.0,0.0,370.0,164.0,0.0,319.0
0.0,4042.0,8.0,519.0,1076.0,0.0,0.0,355.0,164.0,0.0,8.0
0.0,5110.0,189.0,503.0,11.0,0.0,0.0,339.0,164.0,189.0,0.0
0.0,4932.0,555.0,496.0,0.0,0.0,0.0,332.0,164.0,555.0,0.0
0.0,4377.0,917.0,503.0,0.0,0.0,0.0,341.0,162.0,917.0,0.0
0.0,3460.0,1095.0,519.0,0.0,230.0,230.0,362.0,157.0,1095.0,0.0
0.0,2365.0,903.0,528.0,0.0,1178.0,1178.0,379.0,149.0,903.0,0.0
0.0,1462.0,503.0,530.0,0.0,1691.0,1691.0,386.0,144.0,355.0,148.0
0.0,959.0,310.0,529.0,230.0,1766.0,1766.0,386.0,143.0,0.0,310.0
0.0,879.0,467.0,537.0,1178.0,1095.0,1095.0,386.0,151.0,0.0,467.0
0.0,1590.0,477.0,544.0,1691.0,0.0,0.0,384.0,160.0,0.0,477.0
0.0,2804.0,326.0,540.0,1766.0,0.0,0.0,374.0,166.0,0.0,326.0
0.0,4244.0,18.0,525.0,1095.0,0.0,0.0,358.0,167.0,0.0,18.0
0.0,5321.0,233.0,510.0,0.0,0.0,0.0,343.0,167.0,233.0,0.0
0.0,5088.0,608.0,504.0,0.0,0.0,0.0,337.0,167.0,608.0,0.0
0.0,4480.0,990.0,511.0,0.0,0.0,0.0,347.0,164.0,990.0,0.0
0.0,3490.0,1136.0,528.0,0.0,286.0,286.0,369.0,159.0,1136.0,0.0
0.0,2354.0,924.0,538.0,0.0,1260.0,1260.0,387.0,151.0,909.0,15.0
0.0,1430.0,486.0,537.0,0.0,1741.0,1741.0,392.0,145.0,307.0,179.0
0.0,944.0,344.0,537.0,286.0,1799.0,1799.0,392.0,145.0,0.0,344.0
0.0,886.0,494.0,546.0,1260.0,1078.0,1078.0,392.0,154.0,0.0,494.0
0.0,1652.0,481.0,552.0,1741.0,0.0,0.0,389.0,163.0,0.0,481.0
0.0,2912.0,304.0,547.0,1799.0,0.0,0.0,378.0,169.0,0.0,304.0
0.0,4407.0,0.0,529.0,1078.0,0.0,0.0,360.0,169.0,0.0,0.0
0.0,5485.0,300.0,513.0,0.0,0.0,0.0,344.0,169.0,300.0,0.0
0.0,5185.0,693.0,509.0,0.0,0.0,0.0,340.0,169.0,693.0,0.0
0.0,4492.0,1093.0,520.0,0.0,0.0,0.0,354.0,166.0,1093.0,0.0
0.0,3399.0,1188.0,537.0,0.0,474.0,474.0,377.0,160.0,1188.0,0.0
0.0,2211.0,943.0,546.0,0.0,1462.0,1462.0,395.0,151.0,896.0,47.0
0.0,1268.0,417.0,544.0,0.0,1869.0,1869.0,398.0,146.0,200.0,217.0
0.0,851.0,387.0,546.0,474.0,1792.0,1792.0,398.0,148.0,0.0,387.0
0.0,938.0,510.0,556.0,1462.0,890.0,890.0,398.0,158.0,0.0,510.0
0.0,1890.0,463.0,560.0,1869.0,0.0,0.0,394.0,166.0,0.0,463.0
0.0,3296.0,251.0,553.0,1792.0,0.0,0.0,382.0,171.0,0.0,251.0
0.0,4837.0,0.0,534.0,890.0,0.0,0.0,363.0,171.0,0.0,0.0
0.0,5727.0,312.0,518.0,0.0,0.0,0.0,347.0,171.0,312.0,0.0
0.0,5415.0,708.0,515.0,0.0,0.0,0.0,344.0,171.0,708.0,0.0
0.0,4707.0,1108.0,528.0,0.0,0.0,0.0,360.0,168.0,1108.0,0.0
0.0,3599.0,1191.0,545.0,0.0,317.0,317.0,383.0,162.0,1191.0,0.0
0.0,2408.0,931.0,553.0,0.0,1288.0,1288.0,400.0,153.0,882.0,49.0
0.0,1477.0,384.0,552.0,0.0,1667.0,1667.0,403.0,149.0,167.0,217.0
0.0,1093.0,385.0,553.0,317.0,1740.0,1740.0,403.0,150.0,0.0,385.0
0.0,1025.0,504.0,563.0,1288.0,1006.0,1006.0,403.0,160.0,0.0,504.0
0.0,1809.0,459.0,568.0,1667.0,0.0,0.0,399.0,169.0,0.0,459.0
0.0,3017.0,241.0,561.0,1740.0,0.0,0.0,388.0,173.0,0.0,241.0
0.0,4516.0,0.0,543.0,1006.0,0.0,0.0,370.0,173.0,0.0,0.0
0.0,5522.0,280.0,527.0,0.0,0.0,0.0,354.0,173.0,280.0,0.0
0.0,5242.0,667.0,523.0,0.0,0.0,0.0,350.0,173.0,667.0,0.0
0.0,4575.0,1058.0,534.0,0.0,0.0,0.0,364.0,170.0,1058.0,0.0
0.0,3517.0,1164.0,552.0,0.0,407.0,407.0,387.0,165.0,1164.0,0.0
0.0,2353.0,922.0,560.0,0.0,1369.0,1369.0,404.0,156.0,887.0,35.0
0.0,1431.0,414.0,559.0,0.0,1778.0,1778.0,408.0,151.0,214.0,200.0
0.0,1017.0,365.0,560.0,407.0,1741.0,1741.0,408.0,152.0,0.0,365.0
0.0,1059.0,500.0,569.0,1369.0,917.0,917.0,408.0,161.0,0.0,500.0
0.0,1928.0,465.0,574.0,1778.0,0.0,0.0,404.0,170.0,0.0,465.0
0.0,3241.0,265.0,568.0,1741.0,0.0,0.0,393.0,175.0,0.0,265.0
0.0,4717.0,0.0,551.0,917.0,0.0,0.0,376.0,175.0,0.0,0.0
0.0,5634.0,277.0,535.0,0.0,0.0,0.0,360.0,175.0,277.0,0.0
0.0,5357.0,670.0,531.0,0.0,0.0,0.0,356.0,175.0,670.0,0.0
0.0,4687.0,1059.0,542.0,0.0,0.0,0.0,369.0,173.0,1059.0,0.0
0.0,3628.0,1177.0,559.0,0.0,344.0,344.0,392.0,167.0,1177.0,0.0
0.0,2451.0,937.0,567.0,0.0,1321.0,1321.0,409.0,158.0,898.0,39.0
0.0,1514.0,439.0,567.0,0.0,1760.0,1760.0,414.0,153.0,232.0,207.0
0.0,1075.0,381.0,568.0,344.0,1802.0,1802.0,414.0,154.0,0.0,381.0
0.0,1038.0,512.0,578.0,1321.0,1043.0,1043.0,414.0,164.0,0.0,512.0
0.0,1847.0,475.0,582.0,1760.0,0.0,0.0,409.0,173.0,0.0,475.0
0.0,3132.0,265.0,575.0,1802.0,0.0,0.0,397.0,178.0,0.0,265.0
0.0,4669.0,0.0,556.0,1043.0,0.0,0.0,378.0,178.0,0.0,0.0
0.0,5712.0,331.0,541.0,0.0,0.0,0.0,363.0,178.0,331.0,0.0
0.0,5381.0,741.0,538.0,0.0,0.0,0.0,360.0,178.0,741.0,0.0
0.0,4640.0,1148.0,550.0,0.0,0.0,0.0,376.0,174.0,1148.0,0.0
0.0,3492.0,1231.0,567.0,0.0,574.0,574.0,399.0,168.0,1231.0,0.0
0.0,2261.0,962.0,576.0,0.0,1581.0,1581.0,417.0,159.0,900.0,62.0
0.0,1299.0,413.0,575.0,0.0,1989.0,1989.0,420.0,155.0,169.0,244.0
0.0,886.0,421.0,577.0,574.0,1846.0,1846.0,420.0,157.0,0.0,421.0
0.0,1039.0,537.0,587.0,1581.0,852.0,852.0,420.0,167.0,0.0,537.0
0.0,2083.0,471.0,590.0,1989.0,0.0,0.0,414.0,176.0,0.0,471.0
0.0,3601.0,229.0,582.0,1846.0,0.0,0.0,401.0,181.0,0.0,229.0
0.0,5218.0,0.0,561.0,852.0,0.0,0.0,380.0,181.0,0.0,0.0
0.0,6070.0,381.0,545.0,0.0,0.0,0.0,364.0,181.0,381.0,0.0
0.0,5689.0,806.0,543.0,0.0,0.0,0.0,363.0,180.0,806.0,0.0
0.0,4883.0,1227.0,558.0,0.0,0.0,0.0,382.0,176.0,1227.0,0.0
0.0,3656.0,1272.0,575.0,0.0,491.0,491.0,407.0,168.0,1272.0,0.0
0.0,2384.0,971.0,584.0,0.0,1507.0,1507.0,424.0,160.0,888.0,83.0
0.0,1413.0,352.0,582.0,0.0,1849.0,1849.0,426.0,156.0,88.0,264.0
0.0,1061.0,445.0,586.0,491.0,1823.0,1823.0,426.0,160.0,0.0,445.0
0.0,1107.0,542.0,596.0,1507.0,908.0,908.0,426.0,170.0,0.0,542.0
0.0,2072.0,458.0,599.0,1849.0,0.0,0.0,420.0,179.0,0.0,458.0
0.0,3463.0,198.0,589.0,1823.0,0.0,0.0,406.0,183.0,0.0,198.0
0.0,5088.0,0.0,568.0,908.0,0.0,0.0,385.0,183.0,0.0,0.0
0.0,5996.0,376.0,552.0,0.0,0.0,0.0,369.0,183.0,376.0,0.0
0.0,5620.0,794.0,549.0,0.0,0.0,0.0,367.0,182.0,794.0,0.0
0.0,4826.0,1211.0,565.0,0.0,0.0,0.0,387.0,178.0,1211.0,0.0
0.0,3615.0,1256.0,583.0,0.0,556.0,556.0,412.0,171.0,1256.0,0.0
0.0,2359.0,955.0,590.0,0.0,1546.0,1546.0,428.0,162.0,877.0,78.0
0.0,1404.0,341.0,588.0,0.0,1877.0,1877.0,430.0,158.0,85.0,256.0
0.0,1063.0,433.0,592.0,556.0,1774.0,1774.0,430.0,162.0,0.0,433.0
0.0,1186.0,532.0,602.0,1546.0,810.0,810.0,430.0,172.0,0.0,532.0
0.0,2200.0,457.0,606.0,1877.0,0.0,0.0,425.0,181.0,0.0,457.0
0.0,3620.0,200.0,597.0,1774.0,0.0,0.0,412.0,185.0,0.0,200.0
0.0,5194.0,0.0,577.0,810.0,0.0,0.0,392.0,185.0,0.0,0.0
0.0,6004.0,350.0,561.0,0.0,0.0,0.0,376.0,185.0,350.0,0.0
0.0,5654.0,759.0,557.0,0.0,0.0,0.0,373.0,184.0,759.0,0.0
0.0,4895.0,1173.0,572.0,0.0,0.0,0.0,392.0,180.0,1173.0,0.0
0.0,3722.0,1232.0,589.0,0.0,455.0,455.0,416.0,173.0,1232.0,0.0
0.0,2490.0,950.0,597.0,0.0,1445.0,1445.0,432.0,165.0,882.0,68.0
0.0,1540.0,366.0,596.0,0.0,1806.0,1806.0,435.0,161.0,123.0,243.0
0.0,1174.0,419.0,599.0,455.0,1785.0,1785.0,435.0,164.0,0.0,419.0
0.0,1210.0,532.0,609.0,1445.0,922.0,922.0,435.0,174.0,0.0,532.0
0.0,2123.0,465.0,613.0,1806.0,0.0,0.0,430.0,183.0,0.0,465.0
0.0,3464.0,222.0,604.0,1785.0,0.0,0.0,417.0,187.0,0.0,222.0
0.0,5027.0,0.0,583.0,922.0,0.0,0.0,396.0,187.0,0.0,0.0
0.0,5949.0,371.0,568.0,0.0,0.0,0.0,381.0,187.0,371.0,0.0
0.0,5578.0,787.0,566.0,0.0,0.0,0.0,379.0,187.0,787.0,0.0
0.0,4791.0,1209.0,580.0,0.0,0.0,0.0,397.0,183.0,1209.0,0.0
0.0,3582.0,1257.0,597.0,0.0,660.0,660.0,422.0,175.0,1257.0,0.0
0.0,2325.0,973.0,606.0,0.0,1678.0,1678.0,439.0,167.0,895.0,78.0
0.0,1352.0,367.0,604.0,0.0,2035.0,2035.0,441.0,163.0,108.0,259.0
0.0,985.0,446.0,607.0,660.0,1836.0,1836.0,441.0,166.0,0.0,446.0
0.0,1199.0,550.0,618.0,1678.0,763.0,763.0,441.0,177.0,0.0,550.0
0.0,2327.0,474.0,621.0,2035.0,0.0,0.0,435.0,186.0,0.0,474.0
0.0,3888.0,212.0,610.0,1836.0,0.0,0.0,420.0,190.0,0.0,212.0
0.0,5512.0,0.0,588.0,763.0,0.0,0.0,398.0,190.0,0.0,0.0
0.0,6275.0,433.0,573.0,0.0,0.0,0.0,383.0,190.0,433.0,0.0
0.0,5842.0,868.0,571.0,0.0,0.0,0.0,382.0,189.0,868.0,0.0
0.0,4974.0,1309.0,588.0,0.0,0.0,0.0,404.0,184.0,1309.0,0.0
0.0,3665.0,1314.0,605.0,0.0,674.0,674.0,429.0,176.0,1314.0,0.0
0.0,2351.0,991.0,615.0,0.0,1715.0,1715.0,447.0,168.0,890.0,101.0
0.0,1360.0,317.0,611.0,0.0,2012.0,2012.0,447.0,164.0,22.0,295.0
0.0,1043.0,484.0,616.0,674.0,1847.0,1847.0,447.0,169.0,0.0,484.0
0.0,1233.0,573.0,627.0,1715.0,760.0,760.0,447.0,180.0,0.0,573.0
0.0,2375.0,468.0,629.0,2012.0,0.0,0.0,440.0,189.0,0.0,468.0
0.0,3919.0,175.0,616.0,1847.0,0.0,0.0,424.0,192.0,0.0,175.0
0.0,5591.0,30.0,593.0,760.0,0.0,0.0,401.0,192.0,30.0,0.0
0.0,6321.0,476.0,578.0,0.0,0.0,0.0,386.0,192.0,476.0,0.0
0.0,5845.0,922.0,577.0,0.0,0.0,0.0,386.0,191.0,922.0,0.0
0.0,4923.0,1343.0,597.0,0.0,0.0,0.0,411.0,186.0,1343.0,0.0
0.0,3580.0,1313.0,613.0,0.0,798.0,798.0,436.0,177.0,1313.0,0.0
0.0,2267.0,956.0,621.0,0.0,1794.0,1794.0,452.0,169.0,841.0,115.0
0.0,1311.0,306.0,618.0,0.0,2085.0,2085.0,452.0,166.0,0.0,306.0
0.0,1005.0,496.0,624.0,798.0,1813.0,1813.0,452.0,172.0,0.0,496.0
0.0,1307.0,571.0,635.0,1794.0,645.0,645.0,452.0,183.0,0.0,571.0
0.0,2530.0,455.0,637.0,2085.0,0.0,0.0,445.0,192.0,0.0,455.0
0.0,4160.0,154.0,625.0,1813.0,0.0,0.0,430.0,195.0,0.0,154.0
0.0,5819.0,18.0,602.0,645.0,0.0,0.0,407.0,195.0,18.0,0.0
0.0,6446.0,458.0,586.0,0.0,0.0,0.0,391.0,195.0,458.0,0.0
0.0,5988.0,903.0,585.0,0.0,0.0,0.0,392.0,193.0,903.0,0.0
0.0,5085.0,1324.0,604.0,0.0,0.0,0.0,416.0,188.0,1324.0,0.0
0.0,3761.0,1309.0,621.0,0.0,653.0,653.0,441.0,180.0,1309.0,0.0
0.0,2452.0,951.0,629.0,0.0,1644.0,1644.0,457.0,172.0,843.0,108.0
0.0,1501.0,295.0,626.0,0.0,1924.0,1924.0,457.0,169.0,0.0,295.0
0.0,1206.0,482.0,631.0,653.0,1778.0,1778.0,457.0,174.0,0.0,482.0
0.0,1377.0,560.0,642.0,1644.0,749.0,749.0,457.0,185.0,0.0,560.0
0.0,2461.0,456.0,644.0,1924.0,0.0,0.0,450.0,194.0,0.0,456.0
0.0,3929.0,160.0,633.0,1778.0,0.0,0.0,436.0,197.0,0.0,160.0
0.0,5547.0,0.0,610.0,749.0,0.0,0.0,413.0,197.0,0.0,0.0
0.0,6296.0,422.0,595.0,0.0,0.0,0.0,398.0,197.0,422.0,0.0
0.0,5874.0,860.0,592.0,0.0,0.0,0.0,397.0,195.0,860.0,0.0
0.0,5014.0,1293.0,611.0,0.0,0.0,0.0,420.0,191.0,1293.0,0.0
0.0,3721.0,1310.0,628.0,0.0,729.0,729.0,445.0,183.0,1310.0,0.0
0.0,2411.0,989.0,636.0,0.0,1758.0,1758.0,462.0,174.0,884.0,105.0
0.0,1422.0,322.0,633.0,0.0,2065.0,2065.0,462.0,171.0,31.0,291.0
0.0,1100.0,478.0,638.0,729.0,1839.0,1839.0,462.0,176.0,0.0,478.0
0.0,1351.0,565.0,649.0,1758.0,701.0,701.0,462.0,187.0,0.0,565.0
0.0,2544.0,462.0,651.0,2065.0,0.0,0.0,455.0,196.0,0.0,462.0
0.0,4147.0,172.0,639.0,1839.0,0.0,0.0,440.0,199.0,0.0,172.0
0.0,5814.0,8.0,616.0,701.0,0.0,0.0,417.0,199.0,8.0,0.0
0.0,6507.0,451.0,601.0,0.0,0.0,0.0,402.0,199.0,451.0,0.0
0.0,6056.0,900.0,599.0,0.0,0.0,0.0,402.0,197.0,900.0,0.0
0.0,5156.0,1338.0,617.0,0.0,0.0,0.0,425.0,192.0,1338.0,0.0
0.0,3818.0,1340.0,635.0,0.0,697.0,697.0,451.0,184.0,1340.0,0.0
0.0,2478.0,1013.0,644.0,0.0,1755.0,1755.0,468.0,176.0,890.0,123.0
0.0,1465.0,326.0,641.0,0.0,2066.0,2066.0,468.0,173.0,9.0,317.0
0.0,1139.0,516.0,647.0,697.0,1915.0,1915.0,468.0,179.0,0.0,516.0
0.0,1320.0,588.0,658.0,1755.0,803.0,803.0,468.0,190.0,0.0,588.0
0.0,2487.0,467.0,659.0,2066.0,0.0,0.0,460.0,199.0,0.0,467.0
0.0,4086.0,148.0,645.0,1915.0,0.0,0.0,443.0,202.0,0.0,148.0
0.0,5853.0,66.0,621.0,803.0,0.0,0.0,419.0,202.0,66.0,0.0
0.0,6590.0,533.0,606.0,0.0,0.0,0.0,404.0,202.0,533.0,0.0
0.0,6057.0,997.0,606.0,0.0,0.0,0.0,406.0,200.0,997.0,0.0
0.0,5060.0,1401.0,627.0,0.0,0.0,0.0,433.0,194.0,1401.0,0.0
0.0,3659.0,1334.0,644.0,0.0,895.0,895.0,459.0,185.0,1334.0,0.0
0.0,2325.0,947.0,650.0,0.0,1872.0,1872.0,474.0,176.0,804.0,143.0
0.0,1378.0,349.0,648.0,0.0,2211.0,2211.0,474.0,174.0,0.0,349.0
0.0,1029.0,550.0,655.0,895.0,1901.0,1901.0,474.0,181.0,0.0,550.0
0.0,1374.0,608.0,666.0,1872.0,692.0,692.0,473.0,193.0,0.0,608.0
0.0,2638.0,460.0,666.0,2211.0,0.0,0.0,464.0,202.0,0.0,460.0
0.0,4389.0,111.0,651.0,1901.0,0.0,0.0,447.0,204.0,0.0,111.0
0.0,6179.0,96.0,627.0,692.0,0.0,0.0,423.0,204.0,96.0,0.0
0.0,6775.0,571.0,612.0,0.0,0.0,0.0,408.0,204.0,571.0,0.0
0.0,6204.0,1041.0,614.0,0.0,0.0,0.0,412.0,202.0,1041.0,0.0
0.0,5163.0,1419.0,635.0,0.0,0.0,0.0,439.0,196.0,1419.0,0.0
0.0,3744.0,1317.0,651.0,0.0,828.0,828.0,465.0,186.0,1317.0,0.0
0.0,2427.0,897.0,657.0,0.0,1755.0,1755.0,479.0,178.0,749.0,148.0
0.0,1530.0,348.0,655.0,0.0,2093.0,2093.0,479.0,176.0,0.0,348.0
0.0,1182.0,548.0,663.0,828.0,1853.0,1853.0,479.0,184.0,0.0,548.0
0.0,1462.0,600.0,674.0,1755.0,753.0,753.0,479.0,195.0,0.0,600.0
0.0,2617.0,451.0,674.0,2093.0,0.0,0.0,470.0,204.0,0.0,451.0
0.0,4259.0,107.0,659.0,1853.0,0.0,0.0,453.0,206.0,0.0,107.0
0.0,6005.0,66.0,634.0,753.0,0.0,0.0,428.0,206.0,66.0,0.0
0.0,6692.0,533.0,620.0,0.0,0.0,0.0,414.0,206.0,533.0,0.0
0.0,6159.0,994.0,620.0,0.0,0.0,0.0,416.0,204.0,994.0,0.0
0.0,5165.0,1393.0,641.0,0.0,0.0,0.0,443.0,198.0,1393.0,0.0
0.0,3772.0,1320.0,658.0,0.0,838.0,838.0,469.0,189.0,1320.0,0.0
0.0,2452.0,929.0,665.0,0.0,1802.0,1802.0,484.0,181.0,790.0,139.0
0.0,1523.0,335.0,663.0,0.0,2127.0,2127.0,484.0,179.0,0.0,335.0
0.0,1188.0,531.0,670.0,838.0,1855.0,1855.0,484.0,186.0,0.0,531.0
0.0,1495.0,588.0,681.0,1802.0,696.0,696.0,484.0,197.0,0.0,588.0
0.0,2709.0,454.0,682.0,2127.0,0.0,0.0,476.0,206.0,0.0,454.0
0.0,4382.0,119.0,667.0,1855.0,0.0,0.0,459.0,208.0,0.0,119.0
0.0,6118.0,48.0,643.0,696.0,0.0,0.0,435.0,208.0,48.0,0.0
0.0,6766.0,506.0,628.0,0.0,0.0,0.0,420.0,208.0,506.0,0.0
0.0,6260.0,965.0,627.0,0.0,0.0,0.0,421.0,206.0,965.0,0.0
0.0,5295.0,1381.0,647.0,0.0,0.0,0.0,447.0,200.0,1381.0,0.0
0.0,3914.0,1335.0,664.0,0.0,741.0,741.0,473.0,191.0,1335.0,0.0
0.0,2579.0,980.0,672.0,0.0,1761.0,1761.0,489.0,183.0,836.0,144.0
0.0,1599.0,342.0,670.0,0.0,2093.0,2093.0,489.0,181.0,0.0,342.0
0.0,1257.0,541.0,677.0,741.0,1928.0,1928.0,489.0,188.0,0.0,541.0
0.0,1457.0,601.0,689.0,1761.0,828.0,828.0,489.0,200.0,0.0,601.0
0.0,2617.0,459.0,688.0,2093.0,0.0,0.0,480.0,208.0,0.0,459.0
0.0,4251.0,119.0,674.0,1928.0,0.0,0.0,463.0,211.0,0.0,119.0
0.0,6060.0,97.0,650.0,828.0,0.0,0.0,439.0,211.0,97.0,0.0
0.0,6791.0,569.0,635.0,0.0,0.0,0.0,424.0,211.0,569.0,0.0
0.0,6222.0,1048.0,635.0,0.0,0.0,0.0,427.0,208.0,1048.0,0.0
0.0,5174.0,1427.0,657.0,0.0,0.0,0.0,455.0,202.0,1427.0,0.0
0.0,3747.0,1336.0,672.0,0.0,949.0,949.0,480.0,192.0,1336.0,0.0
0.0,2411.0,940.0,679.0,0.0,1924.0,1924.0,495.0,184.0,773.0,167.0
0.0,1471.0,373.0,677.0,0.0,2287.0,2287.0,495.0,182.0,0.0,373.0
0.0,1098.0,585.0,686.0,949.0,1968.0,1968.0,495.0,191.0,0.0,585.0
0.0,1462.0,626.0,697.0,1924.0,725.0,725.0,494.0,203.0,0.0,626.0
0.0,2760.0,461.0,696.0,2287.0,0.0,0.0,484.0,212.0,0.0,461.0
0.0,4586.0,85.0,677.0,1968.0,0.0,0.0,464.0,213.0,0.0,85.0
0.0,6469.0,165.0,654.0,725.0,0.0,0.0,441.0,213.0,165.0,0.0
0.0,7029.0,655.0,641.0,0.0,0.0,0.0,428.0,213.0,655.0,0.0
0.0,6374.0,1152.0,645.0,0.0,0.0,0.0,434.0,211.0,1152.0,0.0
0.0,5222.0,1479.0,667.0,0.0,0.0,0.0,463.0,204.0,1479.0,0.0
0.0,3743.0,1322.0,681.0,0.0,984.0,984.0,488.0,193.0,1322.0,0.0
0.0,2421.0,847.0,686.0,0.0,1856.0,1856.0,501.0,185.0,664.0,183.0
0.0,1574.0,400.0,685.0,0.0,2251.0,2251.0,501.0,184.0,0.0,400.0
0.0,1174.0,612.0,695.0,984.0,1929.0,1929.0,501.0,194.0,0.0,612.0
0.0,1546.0,641.0,705.0,1856.0,764.0,764.0,499.0,206.0,0.0,641.0
0.0,2761.0,453.0,703.0,2251.0,0.0,0.0,488.0,215.0,0.0,453.0
0.0,4559.0,53.0,684.0,1929.0,0.0,0.0,468.0,216.0,0.0,53.0
0.0,6435.0,177.0,660.0,764.0,0.0,0.0,444.0,216.0,177.0,0.0
0.0,7022.0,670.0,648.0,0.0,0.0,0.0,432.0,216.0,670.0,0.0
0.0,6352.0,1167.0,653.0,0.0,0.0,0.0,440.0,213.0,1167.0,0.0
0.0,5185.0,1482.0,674.0,0.0,0.0,0.0,468.0,206.0,1482.0,0.0
0.0,3703.0,1308.0,689.0,0.0,1050.0,1050.0,493.0,196.0,1308.0,0.0
0.0,2395.0,811.0,693.0,0.0,1881.0,1881.0,506.0,187.0,631.0,180.0
0.0,1584.0,390.0,692.0,0.0,2266.0,2266.0,506.0,186.0,0.0,390.0
0.0,1194.0,599.0,702.0,1050.0,1865.0,1865.0,506.0,196.0,0.0,599.0
0.0,1645.0,628.0,712.0,1881.0,662.0,662.0,504.0,208.0,0.0,628.0
0.0,2898.0,446.0,710.0,2266.0,0.0,0.0,494.0,216.0,0.0,446.0
0.0,4718.0,60.0,693.0,1865.0,0.0,0.0,475.0,218.0,0.0,60.0
0.0,6523.0,145.0,669.0,662.0,0.0,0.0,451.0,218.0,145.0,0.0
0.0,7040.0,629.0,656.0,0.0,0.0,0.0,438.0,218.0,629.0,0.0
0.0,6411.0,1117.0,659.0,0.0,0.0,0.0,444.0,215.0,1117.0,0.0
0.0,5294.0,1455.0,680.0,0.0,0.0,0.0,472.0,208.0,1455.0,0.0
0.0,3839.0,1313.0,695.0,0.0,949.0,949.0,497.0,198.0,1313.0,0.0
0.0,2526.0,852.0,700.0,0.0,1826.0,1826.0,510.0,190.0,678.0,174.0
0.0,1674.0,380.0,699.0,0.0,2201.0,2201.0,510.0,189.0,0.0,380.0
0.0,1294.0,586.0,708.0,949.0,1883.0,1883.0,510.0,198.0,0.0,586.0
0.0,1657.0,619.0,719.0,1826.0,731.0,731.0,509.0,210.0,0.0,619.0
0.0,2864.0,451.0,718.0,2201.0,0.0,0.0,500.0,218.0,0.0,451.0
0.0,4614.0,72.0,701.0,1883.0,0.0,0.0,481.0,220.0,0.0,72.0
0.0,6425.0,142.0,677.0,731.0,0.0,0.0,457.0,220.0,142.0,0.0
0.0,7014.0,632.0,664.0,0.0,0.0,0.0,444.0,220.0,632.0,0.0
0.0,6382.0,1118.0,666.0,0.0,0.0,0.0,449.0,217.0,1118.0,0.0
0.0,5264.0,1468.0,687.0,0.0,0.0,0.0,477.0,210.0,1468.0,0.0
0.0,3796.0,1324.0,703.0,0.0,1043.0,1043.0,503.0,200.0,1324.0,0.0
0.0,2472.0,887.0,708.0,0.0,1955.0,1955.0,516.0,192.0,701.0,186.0
0.0,1585.0,397.0,707.0,0.0,2347.0,2347.0,516.0,191.0,0.0,397.0
0.0,1188.0,608.0,716.0,1043.0,1957.0,1957.0,516.0,200.0,0.0,608.0
0.0,1623.0,639.0,727.0,1955.0,696.0,696.0,514.0,213.0,0.0,639.0
0.0,2939.0,455.0,724.0,2347.0,0.0,0.0,503.0,221.0,0.0,455.0
0.0,4831.0,61.0,705.0,1957.0,0.0,0.0,483.0,222.0,0.0,61.0
0.0,6727.0,191.0,682.0,696.0,0.0,0.0,460.0,222.0,191.0,0.0
0.0,7232.0,698.0,669.0,0.0,0.0,0.0,447.0,222.0,698.0,0.0
0.0,6534.0,1202.0,674.0,0.0,0.0,0.0,455.0,219.0,1202.0,0.0
0.0,5332.0,1522.0,697.0,0.0,0.0,0.0,485.0,212.0,1522.0,0.0
0.0,3810.0,1331.0,711.0,0.0,1076.0,1076.0,510.0,201.0,1331.0,0.0
0.0,2479.0,851.0,716.0,0.0,1952.0,1952.0,523.0,193.0,643.0,208.0
0.0,1628.0,427.0,715.0,0.0,2374.0,2374.0,523.0,192.0,0.0,427.0
0.0,1201.0,651.0,726.0,1076.0,2004.0,2004.0,523.0,203.0,0.0,651.0
0.0,1626.0,663.0,736.0,1952.0,765.0,765.0,520.0,216.0,0.0,663.0
0.0,2915.0,457.0,732.0,2374.0,0.0,0.0,507.0,225.0,0.0,457.0
0.0,4832.0,27.0,710.0,2004.0,0.0,0.0,485.0,225.0,0.0,27.0
0.0,6809.0,241.0,686.0,765.0,0.0,0.0,461.0,225.0,241.0,0.0
0.0,7333.0,763.0,675.0,0.0,0.0,0.0,450.0,225.0,763.0,0.0
0.0,6570.0,1281.0,684.0,0.0,0.0,0.0,462.0,222.0,1281.0,0.0
0.0,5289.0,1563.0,706.0,0.0,0.0,0.0,492.0,214.0,1563.0,0.0
0.0,3726.0,1319.0,720.0,0.0,1193.0,1193.0,518.0,202.0,1319.0,0.0
0.0,2407.0,778.0,722.0,0.0,1981.0,1981.0,528.0,194.0,562.0,216.0
0.0,1629.0,443.0,722.0,0.0,2424.0,2424.0,528.0,194.0,0.0,443.0
0.0,1186.0,665.0,734.0,1193.0,1956.0,1956.0,528.0,206.0,0.0,665.0
0.0,1714.0,671.0,743.0,1981.0,691.0,691.0,525.0,218.0,0.0,671.0
0.0,3024.0,450.0,739.0,2424.0,0.0,0.0,512.0,227.0,0.0,450.0
0.0,4998.0,6.0,717.0,1956.0,0.0,0.0,490.0,227.0,0.0,6.0
0.0,6948.0,237.0,693.0,691.0,0.0,0.0,466.0,227.0,237.0,0.0
0.0,7402.0,752.0,682.0,0.0,0.0,0.0,455.0,227.0,752.0,0.0
0.0,6650.0,1271.0,691.0,0.0,0.0,0.0,467.0,224.0,1271.0,0.0
0.0,5379.0,1547.0,713.0,0.0,0.0,0.0,497.0,216.0,1547.0,0.0
0.0,3832.0,1307.0,727.0,0.0,1110.0,1110.0,522.0,205.0,1307.0,0.0
0.0,2525.0,762.0,730.0,0.0,1887.0,1887.0,533.0,197.0,552.0,210.0
0.0,1763.0,429.0,729.0,0.0,2311.0,2311.0,533.0,196.0,0.0,429.0
0.0,1334.0,647.0,741.0,1110.0,1908.0,1908.0,533.0,208.0,0.0,647.0
0.0,1797.0,655.0,750.0,1887.0,721.0,721.0,530.0,220.0,0.0,655.0
0.0,3029.0,444.0,747.0,2311.0,0.0,0.0,518.0,229.0,0.0,444.0
0.0,4896.0,19.0,725.0,1908.0,0.0,0.0,496.0,229.0,0.0,19.0
0.0,6785.0,212.0,701.0,721.0,0.0,0.0,472.0,229.0,212.0,0.0
0.0,7294.0,718.0,690.0,0.0,0.0,0.0,461.0,229.0,718.0,0.0
0.0,6576.0,1229.0,698.0,0.0,0.0,0.0,472.0,226.0,1229.0,0.0
0.0,5347.0,1523.0,719.0,0.0,0.0,0.0,501.0,218.0,1523.0,0.0
0.0,3824.0,1316.0,733.0,0.0,1157.0,1157.0,526.0,207.0,1316.0,0.0
0.0,2508.0,801.0,737.0,0.0,1978.0,1978.0,538.0,199.0,593.0,208.0
0.0,1707.0,425.0,737.0,0.0,2403.0,2403.0,538.0,199.0,0.0,425.0
0.0,1282.0,642.0,748.0,1157.0,1943.0,1943.0,538.0,210.0,0.0,642.0
0.0,1797.0,652.0,757.0,1978.0,662.0,662.0,535.0,222.0,0.0,652.0
0.0,3123.0,450.0,754.0,2403.0,0.0,0.0,523.0,231.0,0.0,450.0
0.0,5076.0,27.0,733.0,1943.0,0.0,0.0,501.0,232.0,0.0,27.0
0.0,6992.0,228.0,709.0,662.0,0.0,0.0,477.0,232.0,228.0,0.0
0.0,7426.0,741.0,698.0,0.0,0.0,0.0,466.0,232.0,741.0,0.0
0.0,6685.0,1260.0,705.0,0.0,0.0,0.0,477.0,228.0,1260.0,0.0
0.0,5425.0,1548.0,727.0,0.0,0.0,0.0,507.0,220.0,1548.0,0.0
0.0,3877.0,1334.0,741.0,0.0,1162.0,1162.0,532.0,209.0,1329.0,5.0
0.0,2543.0,815.0,745.0,0.0,1997.0,1997.0,544.0,201.0,588.0,227.0
0.0,1728.0,450.0,745.0,0.0,2447.0,2447.0,544.0,201.0,0.0,450.0
0.0,1278.0,669.0,756.0,1162.0,2009.0,2009.0,544.0,212.0,0.0,669.0
0.0,1771.0,672.0,765.0,1997.0,729.0,729.0,540.0,225.0,0.0,672.0
0.0,3096.0,448.0,760.0,2447.0,0.0,0.0,526.0,234.0,0.0,448.0
0.0,5095.0,5.0,737.0,2009.0,0.0,0.0,503.0,234.0,0.0,5.0
0.0,7099.0,290.0,714.0,729.0,0.0,0.0,480.0,234.0,290.0,0.0
0.0,7538.0,822.0,704.0,0.0,0.0,0.0,470.0,234.0,822.0,0.0
0.0,6716.0,1360.0,714.0,0.0,0.0,0.0,484.0,230.0,1360.0,0.0
0.0,5356.0,1605.0,737.0,0.0,0.0,0.0,515.0,222.0,1605.0,0.0
0.0,3751.0,1352.0,750.0,0.0,1351.0,1351.0,540.0,210.0,1324.0,28.0
0.0,2399.0,760.0,752.0,0.0,2121.0,2121.0,550.0,202.0,502.0,258.0
0.0,1639.0,489.0,753.0,0.0,2615.0,2615.0,550.0,203.0,0.0,489.0
0.0,1150.0,697.0,766.0,1351.0,2026.0,2026.0,550.0,216.0,0.0,697.0
0.0,1804.0,671.0,773.0,2121.0,611.0,611.0,545.0,228.0,0.0,671.0
0.0,3254.0,414.0,766.0,2615.0,0.0,0.0,530.0,236.0,0.0,414.0
0.0,5455.0,0.0,742.0,2026.0,0.0,0.0,506.0,236.0,0.0,0.0
0.0,7481.0,333.0,718.0,611.0,0.0,0.0,482.0,236.0,333.0,0.0
0.0,7759.0,881.0,710.0,0.0,0.0,0.0,474.0,236.0,881.0,0.0
0.0,6878.0,1424.0,722.0,0.0,0.0,0.0,490.0,232.0,1424.0,0.0
0.0,5454.0,1634.0,746.0,0.0,0.0,0.0,522.0,224.0,1634.0,0.0
0.0,3820.0,1333.0,759.0,0.0,1308.0,1308.0,547.0,212.0,1300.0,33.0
0.0,2487.0,683.0,759.0,0.0,1991.0,1991.0,555.0,204.0,418.0,265.0
0.0,1804.0,502.0,760.0,0.0,2498.0,2498.0,555.0,205.0,0.0,502.0
0.0,1302.0,701.0,773.0,1308.0,1956.0,1956.0,555.0,218.0,0.0,701.0
0.0,1909.0,667.0,781.0,1991.0,672.0,672.0,550.0,231.0,0.0,667.0
0.0,3233.0,396.0,775.0,2498.0,0.0,0.0,536.0,239.0,0.0,396.0
0.0,5335.0,0.0,750.0,1956.0,0.0,0.0,511.0,239.0,0.0,0.0
0.0,7291.0,318.0,727.0,672.0,0.0,0.0,488.0,239.0,318.0,0.0
0.0,7645.0,860.0,718.0,0.0,0.0,0.0,479.0,239.0,860.0,0.0
0.0,6785.0,1396.0,730.0,0.0,0.0,0.0,495.0,235.0,1396.0,0.0
0.0,5389.0,1618.0,752.0,0.0,0.0,0.0,526.0,226.0,1618.0,0.0
0.0,3771.0,1308.0,765.0,0.0,1362.0,1362.0,551.0,214.0,1292.0,16.0
0.0,2463.0,683.0,766.0,0.0,2050.0,2050.0,560.0,206.0,434.0,249.0
0.0,1780.0,477.0,767.0,0.0,2532.0,2532.0,560.0,207.0,0.0,477.0
0.0,1303.0,689.0,780.0,1362.0,1924.0,1924.0,560.0,220.0,0.0,689.0
0.0,1976.0,668.0,788.0,2050.0,582.0,582.0,555.0,233.0,0.0,668.0
0.0,3358.0,418.0,783.0,2532.0,0.0,0.0,542.0,241.0,0.0,418.0
0.0,5472.0,0.0,759.0,1924.0,0.0,0.0,518.0,241.0,0.0,0.0
0.0,7396.0,287.0,735.0,582.0,0.0,0.0,494.0,241.0,287.0,0.0
0.0,7691.0,822.0,726.0,0.0,0.0,0.0,485.0,241.0,822.0,0.0
0.0,6869.0,1353.0,736.0,0.0,0.0,0.0,499.0,237.0,1353.0,0.0
0.0,5516.0,1602.0,759.0,0.0,0.0,0.0,530.0,229.0,1602.0,0.0
0.0,3914.0,1328.0,772.0,0.0,1274.0,1274.0,555.0,217.0,1311.0,17.0
0.0,2586.0,740.0,774.0,0.0,2024.0,2024.0,565.0,209.0,495.0,245.0
0.0,1846.0,473.0,774.0,0.0,2497.0,2497.0,565.0,209.0,0.0,473.0
0.0,1373.0,685.0,787.0,1274.0,1973.0,1973.0,565.0,222.0,0.0,685.0
0.0,1962.0,669.0,796.0,2024.0,663.0,663.0,561.0,235.0,0.0,669.0
0.0,3317.0,431.0,789.0,2497.0,0.0,0.0,546.0,243.0,0.0,431.0
0.0,5383.0,0.0,765.0,1973.0,0.0,0.0,522.0,243.0,0.0,0.0
0.0,7356.0,314.0,741.0,663.0,0.0,0.0,498.0,243.0,314.0,0.0
0.0,7705.0,860.0,732.0,0.0,0.0,0.0,489.0,243.0,860.0,0.0
0.0,6845.0,1403.0,743.0,0.0,0.0,0.0,505.0,238.0,1403.0,0.0
0.0,5442.0,1639.0,766.0,0.0,27.0,27.0,536.0,230.0,1639.0,0.0
0.0,3803.0,1372.0,780.0,0.0,1469.0,1469.0,562.0,218.0,1326.0,46.0
0.0,2431.0,758.0,781.0,0.0,2232.0,2232.0,571.0,210.0,477.0,281.0
0.0,1673.0,517.0,783.0,27.0,2732.0,2732.0,571.0,212.0,0.0,517.0
0.0,1183.0,708.0,796.0,1469.0,2036.0,2036.0,571.0,225.0,0.0,708.0
0.0,1944.0,670.0,804.0,2232.0,514.0,514.0,566.0,238.0,0.0,670.0
0.0,3506.0,391.0,796.0,2732.0,0.0,0.0,550.0,246.0,0.0,391.0
0.0,5847.0,0.0,770.0,2036.0,0.0,0.0,524.0,246.0,0.0,0.0
0.0,7883.0,380.0,746.0,514.0,0.0,0.0,500.0,246.0,380.0,0.0
0.0,8017.0,941.0,738.0,0.0,0.0,0.0,493.0,245.0,941.0,0.0
0.0,7076.0,1508.0,752.0,0.0,0.0,0.0,512.0,240.0,1508.0,0.0
0.0,5568.0,1691.0,776.0,0.0,3.0,3.0,545.0,231.0,1691.0,0.0
0.0,3877.0,1384.0,789.0,0.0,1452.0,1452.0,570.0,219.0,1314.0,70.0
0.0,2493.0,688.0,789.0,0.0,2140.0,2140.0,577.0,212.0,376.0,312.0
0.0,1805.0,555.0,791.0,3.0,2702.0,2702.0,577.0,214.0,0.0,555.0
0.0,1253.0,733.0,806.0,1452.0,2058.0,2058.0,577.0,229.0,0.0,733.0
0.0,1972.0,664.0,812.0,2140.0,612.0,612.0,571.0,241.0,0.0,664.0
0.0,3448.0,352.0,802.0,2702.0,0.0,0.0,554.0,248.0,0.0,352.0
0.0,5798.0,0.0,774.0,2058.0,0.0,0.0,526.0,248.0,0.0,0.0
0.0,7856.0,410.0,751.0,612.0,0.0,0.0,503.0,248.0,410.0,0.0
0.0,8058.0,977.0,744.0,0.0,0.0,0.0,497.0,247.0,977.0,0.0
0.0,7081.0,1548.0,760.0,0.0,0.0,0.0,518.0,242.0,1548.0,0.0
0.0,5533.0,1704.0,784.0,0.0,91.0,91.0,551.0,233.0,1704.0,0.0
0.0,3829.0,1361.0,796.0,0.0,1512.0,1512.0,576.0,220.0,1297.0,64.0
0.0,2468.0,619.0,796.0,0.0,2131.0,2131.0,582.0,214.0,313.0,306.0
0.0,1849.0,553.0,799.0,91.0,2608.0,2608.0,582.0,217.0,0.0,553.0
0.0,1387.0,730.0,813.0,1512.0,1896.0,1896.0,582.0,231.0,0.0,730.0
0.0,2169.0,665.0,819.0,2131.0,460.0,460.0,576.0,243.0,0.0,665.0
0.0,3635.0,352.0,809.0,2608.0,0.0,0.0,559.0,250.0,0.0,352.0
0.0,5891.0,0.0,783.0,1896.0,0.0,0.0,533.0,250.0,0.0,0.0
0.0,7787.0,383.0,759.0,460.0,0.0,0.0,509.0,250.0,383.0,0.0
0.0,7864.0,941.0,752.0,0.0,0.0,0.0,502.0,250.0,941.0,0.0
0.0,6923.0,1503.0,768.0,0.0,0.0,0.0,523.0,245.0,1503.0,0.0
0.0,5420.0,1677.0,791.0,0.0,212.0,212.0,555.0,236.0,1677.0,0.0
0.0,3743.0,1342.0,803.0,0.0,1614.0,1614.0,580.0,223.0,1297.0,45.0
0.0,2401.0,637.0,802.0,0.0,2246.0,2246.0,586.0,216.0,349.0,288.0
0.0,1764.0,526.0,804.0,212.0,2570.0,2570.0,586.0,218.0,0.0,526.0
0.0,1450.0,719.0,818.0,1614.0,1745.0,1745.0,586.0,232.0,0.0,719.0
0.0,2345.0,669.0,826.0,2246.0,208.0,208.0,581.0,245.0,0.0,669.0
0.0,3922.0,386.0,817.0,2570.0,0.0,0.0,565.0,252.0,0.0,386.0
0.0,6106.0,0.0,791.0,1745.0,0.0,0.0,539.0,252.0,0.0,0.0
0.0,7851.0,371.0,767.0,208.0,0.0,0.0,515.0,252.0,371.0,0.0
0.0,7688.0,927.0,760.0,0.0,0.0,0.0,508.0,252.0,927.0,0.0
0.0,6761.0,1488.0,774.0,0.0,0.0,0.0,527.0,247.0,1488.0,0.0
0.0,5273.0,1674.0,797.0,0.0,386.0,386.0,559.0,238.0,1674.0,0.0
0.0,3599.0,1358.0,811.0,0.0,1814.0,1814.0,585.0,226.0,1311.0,47.0
0.0,2241.0,670.0,811.0,0.0,2484.0,2484.0,592.0,219.0,383.0,287.0
0.0,1571.0,527.0,812.0,386.0,2630.0,2630.0,592.0,220.0,0.0,527.0
0.0,1430.0,721.0,826.0,1814.0,1607.0,1607.0,592.0,234.0,0.0,721.0
0.0,2523.0,681.0,833.0,2484.0,0.0,0.0,586.0,247.0,0.0,681.0
0.0,4326.0,396.0,824.0,2630.0,0.0,0.0,569.0,255.0,0.0,396.0
0.0,6560.0,0.0,797.0,1607.0,0.0,0.0,542.0,255.0,0.0,0.0
0.0,8167.0,419.0,774.0,0.0,0.0,0.0,519.0,255.0,419.0,0.0
0.0,7748.0,995.0,767.0,0.0,0.0,0.0,513.0,254.0,995.0,0.0
0.0,6753.0,1568.0,783.0,0.0,0.0,0.0,534.0,249.0,1568.0,0.0
0.0,5185.0,1729.0,806.0,0.0,574.0,574.0,567.0,239.0,1729.0,0.0
0.0,3456.0,1385.0,819.0,0.0,2024.0,2024.0,592.0,227.0,1311.0,74.0
0.0,2071.0,644.0,818.0,0.0,2663.0,2663.0,598.0,220.0,322.0,322.0
0.0,1427.0,571.0,821.0,574.0,2675.0,2675.0,598.0,223.0,0.0,571.0
0.0,1430.0,746.0,836.0,2024.0,1472.0,1472.0,598.0,238.0,0.0,746.0
0.0,2708.0,679.0,842.0,2663.0,0.0,0.0,591.0,251.0,0.0,679.0
0.0,4692.0,359.0,831.0,2675.0,0.0,0.0,573.0,258.0,0.0,359.0
0.0,7008.0,0.0,802.0,1472.0,0.0,0.0,544.0,258.0,0.0,0.0
0.0,8480.0,478.0,778.0,0.0,0.0,0.0,520.0,258.0,478.0,0.0
0.0,8002.0,1072.0,772.0,0.0,0.0,0.0,516.0,256.0,1072.0,0.0
0.0,6930.0,1662.0,791.0,0.0,0.0,0.0,541.0,250.0,1662.0,0.0
0.0,5268.0,1779.0,815.0,0.0,586.0,586.0,575.0,240.0,1779.0,0.0
0.0,3489.0,1392.0,827.0,0.0,2038.0,2038.0,600.0,227.0,1298.0,94.0
0.0,2097.0,579.0,825.0,0.0,2607.0,2607.0,604.0,221.0,232.0,347.0
0.0,1518.0,600.0,830.0,586.0,2646.0,2646.0,604.0,226.0,0.0,600.0
0.0,1504.0,764.0,845.0,2038.0,1447.0,1447.0,604.0,241.0,0.0,764.0
0.0,2778.0,670.0,850.0,2607.0,0.0,0.0,596.0,254.0,0.0,670.0
0.0,4715.0,323.0,838.0,2646.0,0.0,0.0,578.0,260.0,0.0,323.0
0.0,7038.0,0.0,808.0,1447.0,0.0,0.0,548.0,260.0,0.0,0.0
0.0,8485.0,477.0,784.0,0.0,0.0,0.0,524.0,260.0,477.0,0.0
0.0,8008.0,1071.0,779.0,0.0,0.0,0.0,520.0,259.0,1071.0,0.0
0.0,6937.0,1660.0,799.0,0.0,0.0,0.0,546.0,253.0,1660.0,0.0
0.0,5277.0,1776.0,822.0,0.0,609.0,609.0,580.0,242.0,1776.0,0.0
0.0,3501.0,1378.0,835.0,0.0,2052.0,2052.0,605.0,230.0,1292.0,86.0
0.0,2123.0,560.0,832.0,0.0,2597.0,2597.0,609.0,223.0,223.0,337.0
0.0,1563.0,593.0,837.0,609.0,2606.0,2606.0,609.0,228.0,0.0,593.0
0.0,1579.0,757.0,852.0,2052.0,1386.0,1386.0,609.0,243.0,0.0,757.0
0.0,2874.0,670.0,857.0,2597.0,0.0,0.0,602.0,255.0,0.0,670.0
0.0,4801.0,327.0,846.0,2606.0,0.0,0.0,584.0,262.0,0.0,327.0
0.0,7080.0,0.0,817.0,1386.0,0.0,0.0,555.0,262.0,0.0,0.0
0.0,8466.0,444.0,793.0,0.0,0.0,0.0,531.0,262.0,444.0,0.0
0.0,8022.0,1024.0,787.0,0.0,0.0,0.0,526.0,261.0,1024.0,0.0
0.0,6998.0,1604.0,805.0,0.0,0.0,0.0,550.0,255.0,1604.0,0.0
0.0,5394.0,1744.0,828.0,0.0,490.0,490.0,583.0,245.0,1744.0,0.0
0.0,3650.0,1368.0,841.0,0.0,1923.0,1923.0,608.0,233.0,1299.0,69.0
0.0,2282.0,601.0,840.0,0.0,2519.0,2519.0,614.0,226.0,279.0,322.0
0.0,1681.0,570.0,844.0,490.0,2619.0,2619.0,614.0,230.0,0.0,570.0
0.0,1601.0,749.0,858.0,1923.0,1515.0,1515.0,614.0,244.0,0.0,749.0
0.0,2775.0,675.0,864.0,2519.0,0.0,0.0,607.0,257.0,0.0,675.0
0.0,4619.0,354.0,853.0,2619.0,0.0,0.0,589.0,264.0,0.0,354.0
0.0,6884.0,0.0,824.0,1515.0,0.0,0.0,560.0,264.0,0.0,0.0
0.0,8399.0,453.0,801.0,0.0,0.0,0.0,537.0,264.0,453.0,0.0
0.0,7946.0,1036.0,794.0,0.0,0.0,0.0,531.0,263.0,1036.0,0.0
0.0,6910.0,1625.0,812.0,0.0,0.0,0.0,555.0,257.0,1625.0,0.0
0.0,5285.0,1757.0,836.0,0.0,652.0,652.0,589.0,247.0,1757.0,0.0
0.0,3528.0,1399.0,849.0,0.0,2116.0,2116.0,614.0,235.0,1313.0,86.0
0.0,2129.0,614.0,848.0,0.0,2725.0,2725.0,620.0,228.0,276.0,338.0
0.0,1515.0,591.0,852.0,652.0,2684.0,2684.0,620.0,232.0,0.0,591.0
0.0,1576.0,759.0,867.0,2116.0,1402.0,1402.0,620.0,247.0,0.0,759.0
0.0,2933.0,675.0,872.0,2725.0,0.0,0.0,612.0,260.0,0.0,675.0
0.0,4983.0,344.0,858.0,2684.0,0.0,0.0,592.0,266.0,0.0,344.0
0.0,7323.0,0.0,828.0,1402.0,0.0,0.0,562.0,266.0,0.0,0.0
0.0,8725.0,512.0,805.0,0.0,0.0,0.0,539.0,266.0,512.0,0.0
0.0,8213.0,1113.0,800.0,0.0,0.0,0.0,535.0,265.0,1113.0,0.0
0.0,7100.0,1721.0,821.0,0.0,0.0,0.0,562.0,259.0,1721.0,0.0
0.0,5379.0,1813.0,845.0,0.0,659.0,659.0,597.0,248.0,1813.0,0.0
0.0,3566.0,1430.0,858.0,0.0,2154.0,2154.0,622.0,236.0,1311.0,119.0
0.0,2136.0,577.0,856.0,0.0,2721.0,2721.0,626.0,230.0,198.0,379.0
0.0,1559.0,640.0,861.0,659.0,2727.0,2727.0,626.0,235.0,0.0,640.0
0.0,1578.0,783.0,876.0,2154.0,1431.0,1431.0,626.0,250.0,0.0,783.0
0.0,2949.0,671.0,880.0,2721.0,0.0,0.0,617.0,263.0,0.0,671.0
0.0,4999.0,294.0,865.0,2727.0,0.0,0.0,596.0,269.0,0.0,294.0
0.0,7432.0,0.0,833.0,1431.0,0.0,0.0,564.0,269.0,0.0,0.0
0.0,8863.0,565.0,810.0,0.0,0.0,0.0,541.0,269.0,565.0,0.0
0.0,8298.0,1180.0,805.0,0.0,0.0,0.0,538.0,267.0,1180.0,0.0
0.0,7118.0,1800.0,829.0,0.0,0.0,0.0,569.0,260.0,1800.0,0.0
0.0,5318.0,1851.0,853.0,0.0,798.0,798.0,604.0,249.0,1851.0,0.0
0.0,3467.0,1425.0,866.0,0.0,2288.0,2288.0,629.0,237.0,1292.0,133.0
0.0,2042.0,504.0,863.0,0.0,2777.0,2777.0,631.0,232.0,107.0,397.0
0.0,1538.0,661.0,869.0,798.0,2670.0,2670.0,631.0,238.0,0.0,661.0
0.0,1675.0,796.0,884.0,2288.0,1253.0,1253.0,631.0,253.0,0.0,796.0
0.0,3167.0,662.0,888.0,2777.0,0.0,0.0,622.0,266.0,0.0,662.0
0.0,5282.0,264.0,872.0,2670.0,0.0,0.0,601.0,271.0,0.0,264.0
0.0,7688.0,0.0,840.0,1253.0,0.0,0.0,569.0,271.0,0.0,0.0
0.0,8941.0,555.0,817.0,0.0,0.0,0.0,546.0,271.0,555.0,0.0
0.0,8386.0,1171.0,814.0,0.0,0.0,0.0,544.0,270.0,1171.0,0.0
0.0,7215.0,1781.0,837.0,0.0,0.0,0.0,574.0,263.0,1781.0,0.0
0.0,5434.0,1840.0,861.0,0.0,711.0,711.0,609.0,252.0,1840.0,0.0
0.0,3594.0,1395.0,872.0,0.0,2161.0,2161.0,633.0,239.0,1277.0,118.0
0.0,2199.0,482.0,869.0,0.0,2628.0,2628.0,635.0,234.0,104.0,378.0
0.0,1717.0,643.0,875.0,711.0,2590.0,2590.0,635.0,240.0,0.0,643.0
0.0,1785.0,785.0,890.0,2161.0,1289.0,1289.0,635.0,255.0,0.0,785.0
0.0,3161.0,666.0,895.0,2628.0,0.0,0.0,627.0,268.0,0.0,666.0
0.0,5123.0,282.0,880.0,2590.0,0.0,0.0,607.0,273.0,0.0,282.0
0.0,7431.0,0.0,849.0,1289.0,0.0,0.0,576.0,273.0,0.0,0.0
0.0,8720.0,528.0,826.0,0.0,0.0,0.0,553.0,273.0,528.0,0.0
0.0,8192.0,1136.0,822.0,0.0,0.0,0.0,550.0,272.0,1136.0,0.0
0.0,7056.0,1739.0,844.0,0.0,0.0,0.0,578.0,266.0,1739.0,0.0
0.0,5317.0,1819.0,868.0,0.0,842.0,842.0,613.0,255.0,1819.0,0.0
0.0,3498.0,1392.0,880.0,0.0,2294.0,2294.0,638.0,242.0,1286.0,106.0
0.0,2106.0,526.0,877.0,0.0,2805.0,2805.0,641.0,236.0,156.0,370.0
0.0,1580.0,629.0,883.0,842.0,2622.0,2622.0,641.0,242.0,0.0,629.0
0.0,1793.0,782.0,898.0,2294.0,1185.0,1185.0,641.0,257.0,0.0,782.0
0.0,3305.0,672.0,902.0,2805.0,0.0,0.0,632.0,270.0,0.0,672.0
0.0,5438.0,303.0,888.0,2622.0,0.0,0.0,612.0,276.0,0.0,303.0
0.0,7757.0,0.0,857.0,1185.0,0.0,0.0,581.0,276.0,0.0,0.0
0.0,8942.0,545.0,833.0,0.0,0.0,0.0,557.0,276.0,545.0,0.0
0.0,8397.0,1161.0,829.0,0.0,0.0,0.0,555.0,274.0,1161.0,0.0
0.0,7236.0,1774.0,850.0,0.0,0.0,0.0,583.0,267.0,1774.0,0.0
0.0,5462.0,1848.0,875.0,0.0,761.0,761.0,619.0,256.0,1848.0,0.0
0.0,3614.0,1433.0,888.0,0.0,2259.0,2259.0,644.0,244.0,1303.0,130.0
0.0,2181.0,547.0,885.0,0.0,2791.0,2791.0,647.0,238.0,152.0,395.0
0.0,1634.0,661.0,892.0,761.0,2726.0,2726.0,647.0,245.0,0.0,661.0
0.0,1734.0,797.0,907.0,2259.0,1339.0,1339.0,647.0,260.0,0.0,797.0
0.0,3196.0,674.0,910.0,2791.0,0.0,0.0,637.0,273.0,0.0,674.0
0.0,5313.0,281.0,894.0,2726.0,0.0,0.0,616.0,278.0,0.0,281.0
0.0,7758.0,0.0,861.0,1339.0,0.0,0.0,583.0,278.0,0.0,0.0
0.0,9097.0,610.0,837.0,0.0,0.0,0.0,559.0,278.0,610.0,0.0
0.0,8487.0,1240.0,834.0,0.0,0.0,0.0,558.0,276.0,1240.0,0.0
0.0,7247.0,1872.0,859.0,0.0,0.0,0.0,590.0,269.0,1872.0,0.0
0.0,5375.0,1900.0,883.0,0.0,940.0,940.0,627.0,256.0,1900.0,0.0
0.0,3475.0,1451.0,896.0,0.0,2456.0,2456.0,652.0,244.0,1295.0,156.0
0.0,2024.0,493.0,893.0,0.0,2934.0,2934.0,653.0,240.0,64.0,429.0
0.0,1531.0,702.0,901.0,940.0,2736.0,2736.0,653.0,248.0,0.0,702.0
0.0,1769.0,819.0,916.0,2456.0,1174.0,1174.0,653.0,263.0,0.0,819.0
0.0,3406.0,669.0,918.0,2934.0,0.0,0.0,642.0,276.0,0.0,669.0
0.0,5671.0,241.0,900.0,2736.0,0.0,0.0,619.0,281.0,0.0,241.0
0.0,8166.0,8.0,866.0,1174.0,0.0,0.0,585.0,281.0,8.0,0.0
0.0,9332.0,653.0,843.0,0.0,0.0,0.0,562.0,281.0,653.0,0.0
0.0,8679.0,1293.0,840.0,0.0,0.0,0.0,562.0,278.0,1293.0,0.0
0.0,7386.0,1930.0,868.0,0.0,0.0,0.0,597.0,271.0,1930.0,0.0
0.0,5456.0,1916.0,892.0,0.0,920.0,920.0,634.0,258.0,1916.0,0.0
0.0,3540.0,1423.0,904.0,0.0,2403.0,2403.0,658.0,246.0,1262.0,161.0
0.0,2117.0,435.0,899.0,0.0,2813.0,2813.0,658.0,241.0,0.0,435.0
0.0,1682.0,708.0,908.0,920.0,2646.0,2646.0,658.0,250.0,0.0,708.0
0.0,1894.0,825.0,924.0,2403.0,1148.0,1148.0,658.0,266.0,0.0,825.0
0.0,3472.0,663.0,925.0,2813.0,0.0,0.0,647.0,278.0,0.0,663.0
0.0,5622.0,227.0,908.0,2646.0,0.0,0.0,625.0,283.0,0.0,227.0
0.0,8041.0,0.0,874.0,1148.0,0.0,0.0,591.0,283.0,0.0,0.0
0.0,9189.0,629.0,850.0,0.0,0.0,0.0,567.0,283.0,629.0,0.0
0.0,8560.0,1262.0,848.0,0.0,0.0,0.0,567.0,281.0,1262.0,0.0
0.0,7298.0,1899.0,875.0,0.0,0.0,0.0,602.0,273.0,1899.0,0.0
0.0,5399.0,1901.0,899.0,0.0,997.0,997.0,638.0,261.0,1901.0,0.0
0.0,3498.0,1417.0,912.0,0.0,2479.0,2479.0,663.0,249.0,1274.0,143.0
0.0,2081.0,417.0,907.0,0.0,2871.0,2871.0,663.0,244.0,4.0,413.0
0.0,1664.0,687.0,915.0,997.0,2601.0,2601.0,663.0,252.0,0.0,687.0
0.0,1974.0,813.0,930.0,2479.0,1010.0,1010.0,663.0,267.0,0.0,813.0
0.0,3640.0,669.0,933.0,2871.0,0.0,0.0,653.0,280.0,0.0,669.0
0.0,5842.0,251.0,916.0,2601.0,0.0,0.0,631.0,285.0,0.0,251.0
0.0,8192.0,0.0,882.0,1010.0,0.0,0.0,597.0,285.0,0.0,0.0
0.0,9202.0,607.0,859.0,0.0,0.0,0.0,574.0,285.0,607.0,0.0
0.0,8595.0,1235.0,856.0,0.0,0.0,0.0,573.0,283.0,1235.0,0.0
0.0,7360.0,1868.0,882.0,0.0,0.0,0.0,606.0,276.0,1868.0,0.0
0.0,5492.0,1890.0,906.0,0.0,928.0,928.0,642.0,264.0,1890.0,0.0
0.0,3602.0,1427.0,918.0,0.0,2415.0,2415.0,667.0,251.0,1289.0,138.0
0.0,2175.0,464.0,914.0,0.0,2859.0,2859.0,668.0,246.0,51.0,413.0
0.0,1711.0,684.0,922.0,928.0,2655.0,2655.0,668.0,254.0,0.0,684.0
0.0,1955.0,817.0,937.0,2415.0,1132.0,1132.0,668.0,269.0,0.0,817.0
0.0,3553.0,676.0,940.0,2859.0,0.0,0.0,658.0,282.0,0.0,676.0
0.0,5736.0,264.0,922.0,2655.0,0.0,0.0,635.0,287.0,0.0,264.0
0.0,8127.0,5.0,888.0,1132.0,0.0,0.0,601.0,287.0,5.0,0.0
0.0,9254.0,644.0,865.0,0.0,0.0,0.0,578.0,287.0,644.0,0.0
0.0,8610.0,1284.0,863.0,0.0,0.0,0.0,578.0,285.0,1284.0,0.0
0.0,7326.0,1926.0,889.0,0.0,0.0,0.0,612.0,277.0,1926.0,0.0
0.0,5400.0,1926.0,914.0,0.0,1096.0,1096.0,649.0,265.0,1926.0,0.0
0.0,3474.0,1459.0,926.0,0.0,2615.0,2615.0,674.0,252.0,1293.0,166.0
0.0,2015.0,459.0,922.0,0.0,3054.0,3054.0,674.0,248.0,15.0,444.0
0.0,1556.0,722.0,930.0,1096.0,2720.0,2720.0,674.0,256.0,0.0,722.0
0.0,1930.0,835.0,946.0,2615.0,1020.0,1020.0,674.0,272.0,0.0,835.0
0.0,3710.0,671.0,947.0,3054.0,0.0,0.0,662.0,285.0,0.0,671.0
0.0,6093.0,235.0,928.0,2720.0,0.0,0.0,638.0,290.0,0.0,235.0
0.0,8578.0,61.0,894.0,1020.0,0.0,0.0,604.0,290.0,61.0,0.0
0.0,9537.0,719.0,871.0,0.0,0.0,0.0,581.0,290.0,719.0,0.0
0.0,8818.0,1383.0,870.0,0.0,0.0,0.0,583.0,287.0,1383.0,0.0
0.0,7435.0,1982.0,898.0,0.0,0.0,0.0,619.0,279.0,1982.0,0.0
0.0,5453.0,1929.0,921.0,0.0,1081.0,1081.0,656.0,265.0,1929.0,0.0
0.0,3524.0,1402.0,933.0,0.0,2543.0,2543.0,680.0,253.0,1208.0,194.0
0.0,2122.0,478.0,929.0,0.0,3001.0,3001.0,680.0,249.0,0.0,478.0
0.0,1644.0,762.0,940.0,1081.0,2737.0,2737.0,680.0,260.0,0.0,762.0
0.0,1963.0,853.0,956.0,2543.0,1127.0,1127.0,680.0,276.0,0.0,853.0
0.0,3653.0,665.0,956.0,3001.0,0.0,0.0,667.0,289.0,0.0,665.0
0.0,5989.0,188.0,934.0,2737.0,0.0,0.0,642.0,292.0,0.0,188.0
0.0,8538.0,87.0,899.0,1127.0,0.0,0.0,607.0,292.0,87.0,0.0
0.0,9578.0,751.0,876.0,0.0,0.0,0.0,584.0,292.0,751.0,0.0
0.0,8827.0,1419.0,876.0,0.0,0.0,0.0,587.0,289.0,1419.0,0.0
0.0,7408.0,1995.0,907.0,0.0,0.0,0.0,626.0,281.0,1995.0,0.0
0.0,5413.0,1911.0,929.0,0.0,1143.0,1143.0,662.0,267.0,1911.0,0.0
0.0,3502.0,1344.0,940.0,0.0,2542.0,2542.0,685.0,255.0,1153.0,191.0
0.0,2158.0,474.0,936.0,0.0,2996.0,2996.0,685.0,251.0,0.0,474.0
0.0,1684.0,757.0,947.0,1143.0,2665.0,2665.0,685.0,262.0,0.0,757.0
0.0,2070.0,853.0,963.0,2542.0,1056.0,1056.0,685.0,278.0,0.0,853.0
0.0,3759.0,661.0,964.0,2996.0,0.0,0.0,673.0,291.0,0.0,661.0
0.0,6094.0,186.0,942.0,2665.0,0.0,0.0,648.0,294.0,0.0,186.0
0.0,8573.0,60.0,907.0,1056.0,0.0,0.0,613.0,294.0,60.0,0.0
0.0,9569.0,715.0,884.0,0.0,0.0,0.0,590.0,294.0,715.0,0.0
0.0,8854.0,1374.0,884.0,0.0,0.0,0.0,592.0,292.0,1374.0,0.0
0.0,7480.0,1968.0,914.0,0.0,0.0,0.0,630.0,284.0,1968.0,0.0
0.0,5512.0,1911.0,937.0,0.0,1084.0,1084.0,667.0,270.0,1911.0,0.0
0.0,3601.0,1363.0,947.0,0.0,2497.0,2497.0,689.0,258.0,1190.0,173.0
0.0,2238.0,452.0,943.0,0.0,2929.0,2929.0,689.0,254.0,0.0,452.0
0.0,1786.0,736.0,952.0,1084.0,2626.0,2626.0,689.0,263.0,0.0,736.0
0.0,2134.0,842.0,968.0,2497.0,1051.0,1051.0,689.0,279.0,0.0,842.0
0.0,3789.0,669.0,970.0,2929.0,0.0,0.0,678.0,292.0,0.0,669.0
0.0,6049.0,212.0,950.0,2626.0,0.0,0.0,654.0,296.0,0.0,212.0
0.0,8463.0,48.0,915.0,1051.0,0.0,0.0,619.0,296.0,48.0,0.0
0.0,9466.0,706.0,892.0,0.0,0.0,0.0,596.0,296.0,706.0,0.0
0.0,8760.0,1359.0,892.0,0.0,0.0,0.0,598.0,294.0,1359.0,0.0
0.0,7401.0,1965.0,920.0,0.0,0.0,0.0,634.0,286.0,1965.0,0.0
0.0,5436.0,1920.0,944.0,0.0,1204.0,1204.0,671.0,273.0,1920.0,0.0
0.0,3516.0,1394.0,955.0,0.0,2653.0,2653.0,695.0,260.0,1218.0,176.0
0.0,2122.0,463.0,951.0,0.0,3096.0,3096.0,695.0,256.0,0.0,463.0
0.0,1659.0,746.0,960.0,1204.0,2683.0,2683.0,695.0,265.0,0.0,746.0
0.0,2117.0,853.0,977.0,2653.0,968.0,968.0,695.0,282.0,0.0,853.0
0.0,3917.0,674.0,977.0,3096.0,0.0,0.0,682.0,295.0,0.0,674.0
0.0,6339.0,213.0,957.0,2683.0,0.0,0.0,658.0,299.0,0.0,213.0
0.0,8809.0,102.0,921.0,968.0,0.0,0.0,622.0,299.0,102.0,0.0
0.0,9675.0,775.0,899.0,0.0,0.0,0.0,600.0,299.0,775.0,0.0
0.0,8900.0,1445.0,899.0,0.0,0.0,0.0,603.0,296.0,1445.0,0.0
0.0,7455.0,2020.0,929.0,0.0,0.0,0.0,642.0,287.0,2020.0,0.0
0.0,5435.0,1919.0,952.0,0.0,1244.0,1244.0,679.0,273.0,1919.0,0.0
0.0,3516.0,1364.0,962.0,0.0,2658.0,2658.0,701.0,261.0,1155.0,209.0
0.0,2152.0,499.0,959.0,0.0,3142.0,3142.0,701.0,258.0,0.0,499.0
0.0,1653.0,790.0,970.0,1244.0,2743.0,2743.0,701.0,269.0,0.0,790.0
0.0,2107.0,873.0,985.0,2658.0,1033.0,1033.0,700.0,285.0,0.0,873.0
0.0,3892.0,666.0,984.0,3142.0,0.0,0.0,686.0,298.0,0.0,666.0
0.0,6368.0,174.0,961.0,2743.0,0.0,0.0,659.0,302.0,0.0,174.0
0.0,8937.0,157.0,926.0,1033.0,0.0,0.0,624.0,302.0,157.0,0.0
0.0,9813.0,848.0,905.0,0.0,0.0,0.0,603.0,302.0,848.0,0.0
0.0,8965.0,1535.0,908.0,0.0,0.0,0.0,610.0,298.0,1535.0,0.0
0.0,7430.0,2070.0,939.0,0.0,0.0,0.0,650.0,289.0,2070.0,0.0
0.0,5360.0,1910.0,960.0,0.0,1350.0,1350.0,686.0,274.0,1910.0,0.0
0.0,3450.0,1300.0,969.0,0.0,2695.0,2695.0,707.0,262.0,1068.0,232.0
0.0,2150.0,527.0,966.0,0.0,3207.0,3207.0,707.0,259.0,0.0,527.0
0.0,1623.0,822.0,979.0,1350.0,2744.0,2744.0,707.0,272.0,0.0,822.0
0.0,2151.0,885.0,994.0,2695.0,1009.0,1009.0,705.0,289.0,0.0,885.0
0.0,3961.0,658.0,992.0,3207.0,0.0,0.0,691.0,301.0,0.0,658.0
0.0,6510.0,131.0,967.0,2744.0,0.0,0.0,663.0,304.0,0.0,131.0
0.0,9123.0,157.0,932.0,1009.0,0.0,0.0,628.0,304.0,157.0,0.0
0.0,9975.0,848.0,912.0,0.0,0.0,0.0,608.0,304.0,848.0,0.0
0.0,9127.0,1534.0,915.0,0.0,0.0,0.0,615.0,300.0,1534.0,0.0
0.0,7593.0,2067.0,946.0,0.0,0.0,0.0,655.0,291.0,2067.0,0.0
0.0,5526.0,1903.0,967.0,0.0,1212.0,1212.0,691.0,276.0,1903.0,0.0
0.0,3623.0,1281.0,976.0,0.0,2538.0,2538.0,712.0,264.0,1057.0,224.0
0.0,2342.0,516.0,974.0,0.0,3044.0,3044.0,712.0,262.0,0.0,516.0
0.0,1826.0,808.0,986.0,1212.0,2700.0,2700.0,712.0,274.0,0.0,808.0
0.0,2230.0,881.0,1000.0,2538.0,1113.0,1113.0,710.0,290.0,0.0,881.0
0.0,3887.0,656.0,1000.0,3044.0,0.0,0.0,697.0,303.0,0.0,656.0
0.0,6275.0,139.0,976.0,2700.0,0.0,0.0,670.0,306.0,0.0,139.0
0.0,8836.0,124.0,941.0,1113.0,0.0,0.0,635.0,306.0,124.0,0.0
0.0,9825.0,801.0,919.0,0.0,0.0,0.0,613.0,306.0,801.0,0.0
0.0,9024.0,1483.0,921.0,0.0,0.0,0.0,619.0,302.0,1483.0,0.0
0.0,7541.0,2035.0,952.0,0.0,0.0,0.0,658.0,294.0,2035.0,0.0
0.0,5506.0,1910.0,975.0,0.0,1279.0,1279.0,695.0,280.0,1910.0,0.0
0.0,3596.0,1317.0,983.0,0.0,2636.0,2636.0,716.0,267.0,1108.0,209.0
0.0,2279.0,504.0,980.0,0.0,3125.0,3125.0,716.0,264.0,0.0,504.0
0.0,1775.0,794.0,991.0,1279.0,2695.0,2695.0,716.0,275.0,0.0,794.0
0.0,2260.0,875.0,1007.0,2636.0,1014.0,1014.0,715.0,292.0,0.0,875.0
0.0,4021.0,661.0,1007.0,3125.0,0.0,0.0,702.0,305.0,0.0,661.0
0.0,6485.0,157.0,984.0,2695.0,0.0,0.0,676.0,308.0,0.0,157.0
0.0,9023.0,133.0,948.0,1014.0,0.0,0.0,640.0,308.0,133.0,0.0
0.0,9904.0,813.0,927.0,0.0,0.0,0.0,619.0,308.0,813.0,0.0
0.0,9091.0,1499.0,930.0,0.0,0.0,0.0,625.0,305.0,1499.0,0.0
0.0,7592.0,2048.0,960.0,0.0,0.0,0.0,664.0,296.0,2048.0,0.0
0.0,5544.0,1924.0,982.0,0.0,1290.0,1290.0,701.0,281.0,1924.0,0.0
0.0,3620.0,1337.0,991.0,0.0,2672.0,2672.0,722.0,269.0,1110.0,227.0
0.0,2283.0,521.0,988.0,0.0,3178.0,3178.0,722.0,266.0,0.0,521.0
0.0,1762.0,816.0,1000.0,1290.0,2764.0,2764.0,722.0,278.0,0.0,816.0
0.0,2236.0,885.0,1015.0,2672.0,1052.0,1052.0,720.0,295.0,0.0,885.0
0.0,4023.0,661.0,1013.0,3178.0,0.0,0.0,705.0,308.0,0.0,661.0
0.0,6540.0,143.0,988.0,2764.0,0.0,0.0,678.0,310.0,0.0,143.0
0.0,9161.0,192.0,952.0,1052.0,0.0,0.0,642.0,310.0,192.0,0.0
0.0,10021.0,890.0,933.0,0.0,0.0,0.0,623.0,310.0,890.0,0.0
0.0,9131.0,1595.0,937.0,0.0,0.0,0.0,631.0,306.0,1595.0,0.0
0.0,7536.0,2105.0,969.0,0.0,0.0,0.0,672.0,297.0,2105.0,0.0
0.0,5431.0,1923.0,991.0,0.0,1447.0,1447.0,709.0,282.0,1923.0,0.0
0.0,3508.0,1298.0,998.0,0.0,2780.0,2780.0,728.0,270.0,1033.0,265.0
0.0,2210.0,568.0,996.0,0.0,3338.0,3338.0,728.0,268.0,0.0,568.0
0.0,1642.0,871.0,1009.0,1447.0,2827.0,2827.0,728.0,281.0,0.0,871.0
0.0,2218.0,910.0,1024.0,2780.0,1032.0,1032.0,725.0,299.0,0.0,910.0
0.0,4088.0,646.0,1020.0,3338.0,0.0,0.0,709.0,311.0,0.0,646.0
0.0,6780.0,85.0,993.0,2827.0,0.0,0.0,680.0,313.0,0.0,85.0
0.0,9522.0,243.0,957.0,1032.0,0.0,0.0,644.0,313.0,243.0,0.0
0.0,10311.0,955.0,939.0,0.0,0.0,0.0,626.0,313.0,955.0,0.0
0.0,9356.0,1672.0,947.0,0.0,0.0,0.0,638.0,309.0,1672.0,0.0
0.0,7684.0,2142.0,977.0,0.0,0.0,0.0,679.0,298.0,2142.0,0.0
0.0,5542.0,1905.0,999.0,0.0,1358.0,1358.0,716.0,283.0,1905.0,0.0
0.0,3637.0,1224.0,1005.0,0.0,2612.0,2612.0,734.0,271.0,945.0,279.0
0.0,2413.0,584.0,1004.0,0.0,3191.0,3191.0,734.0,270.0,0.0,584.0
0.0,1829.0,889.0,1018.0,1358.0,2792.0,2792.0,734.0,284.0,0.0,889.0
0.0,2298.0,915.0,1033.0,2612.0,1170.0,1170.0,731.0,302.0,0.0,915.0
0.0,3995.0,641.0,1028.0,3191.0,0.0,0.0,714.0,314.0,0.0,641.0
0.0,6545.0,56.0,1000.0,2792.0,0.0,0.0,685.0,315.0,0.0,56.0
0.0,9281.0,233.0,965.0,1170.0,0.0,0.0,650.0,315.0,233.0,0.0
0.0,10218.0,946.0,946.0,0.0,0.0,0.0,631.0,315.0,946.0,0.0
0.0,9272.0,1653.0,954.0,0.0,0.0,0.0,643.0,311.0,1653.0,0.0
0.0,7619.0,2131.0,985.0,0.0,0.0,0.0,684.0,301.0,2131.0,0.0
0.0,5488.0,1890.0,1005.0,0.0,1427.0,1427.0,720.0,285.0,1890.0,0.0
0.0,3598.0,1209.0,1012.0,0.0,2671.0,2671.0,738.0,274.0,942.0,267.0
0.0,2389.0,569.0,1010.0,0.0,3230.0,3230.0,738.0,272.0,0.0,569.0
0.0,1820.0,870.0,1024.0,1427.0,2743.0,2743.0,738.0,286.0,0.0,870.0
0.0,2377.0,909.0,1039.0,2671.0,1056.0,1056.0,736.0,303.0,0.0,909.0
0.0,4139.0,641.0,1036.0,3230.0,0.0,0.0,720.0,316.0,0.0,641.0
0.0,6728.0,71.0,1009.0,2743.0,0.0,0.0,692.0,317.0,0.0,71.0
0.0,9400.0,207.0,974.0,1056.0,0.0,0.0,657.0,317.0,207.0,0.0
0.0,10249.0,912.0,954.0,0.0,0.0,0.0,637.0,317.0,912.0,0.0
0.0,9337.0,1612.0,960.0,0.0,0.0,0.0,647.0,313.0,1612.0,0.0
0.0,7725.0,2110.0,991.0,0.0,0.0,0.0,688.0,303.0,2110.0,0.0
0.0,5615.0,1898.0,1012.0,0.0,1343.0,1343.0,724.0,288.0,1898.0,0.0
0.0,3717.0,1247.0,1019.0,0.0,2625.0,2625.0,743.0,276.0,992.0,255.0
0.0,2470.0,556.0,1017.0,0.0,3171.0,3171.0,743.0,274.0,0.0,556.0
0.0,1914.0,862.0,1031.0,1343.0,2760.0,2760.0,743.0,288.0,0.0,862.0
0.0,2395.0,908.0,1046.0,2625.0,1118.0,1118.0,741.0,305.0,0.0,908.0
0.0,4112.0,654.0,1043.0,3171.0,0.0,0.0,725.0,318.0,0.0,654.0
0.0,6629.0,94.0,1016.0,2760.0,0.0,0.0,696.0,320.0,0.0,94.0
0.0,9295.0,224.0,981.0,1118.0,0.0,0.0,661.0,320.0,224.0,0.0
0.0,10189.0,937.0,962.0,0.0,0.0,0.0,642.0,320.0,937.0,0.0
0.0,9252.0,1647.0,968.0,0.0,0.0,0.0,653.0,315.0,1647.0,0.0
0.0,7605.0,2139.0,999.0,0.0,0.0,0.0,694.0,305.0,2139.0,0.0
0.0,5466.0,1915.0,1021.0,0.0,1554.0,1554.0,731.0,290.0,1915.0,0.0
0.0,3551.0,1258.0,1028.0,0.0,2847.0,2847.0,750.0,278.0,988.0,270.0
0.0,2293.0,582.0,1026.0,0.0,3419.0,3419.0,750.0,276.0,0.0,582.0
0.0,1711.0,890.0,1041.0,1554.0,2830.0,2830.0,750.0,291.0,0.0,890.0
0.0,2375.0,929.0,1054.0,2847.0,977.0,977.0,746.0,308.0,0.0,929.0
0.0,4293.0,657.0,1050.0,3419.0,0.0,0.0,729.0,321.0,0.0,657.0
0.0,7055.0,77.0,1020.0,2830.0,0.0,0.0,698.0,322.0,0.0,77.0
0.0,9808.0,289.0,985.0,977.0,0.0,0.0,663.0,322.0,289.0,0.0
0.0,10496.0,1016.0,968.0,0.0,0.0,0.0,646.0,322.0,1016.0,0.0
0.0,9480.0,1745.0,976.0,0.0,0.0,0.0,659.0,317.0,1745.0,0.0
0.0,7735.0,2191.0,1008.0,0.0,0.0,0.0,702.0,306.0,2191.0,0.0
0.0,5544.0,1907.0,1028.0,0.0,1503.0,1503.0,738.0,290.0,1907.0,0.0
0.0,3637.0,1200.0,1034.0,0.0,2733.0,2733.0,756.0,278.0,900.0,300.0
0.0,2437.0,615.0,1033.0,0.0,3343.0,3343.0,756.0,277.0,0.0,615.0
0.0,1822.0,930.0,1050.0,1503.0,2855.0,2855.0,756.0,294.0,0.0,930.0
0.0,2395.0,945.0,1063.0,2733.0,1132.0,1132.0,751.0,312.0,0.0,945.0
0.0,4183.0,646.0,1056.0,3343.0,0.0,0.0,732.0,324.0,0.0,646.0
0.0,6880.0,37.0,1025.0,2855.0,0.0,0.0,700.0,325.0,0.0,37.0
0.0,9698.0,332.0,991.0,1132.0,0.0,0.0,666.0,325.0,332.0,0.0
0.0,10498.0,1069.0,974.0,0.0,0.0,0.0,649.0,325.0,1069.0,0.0
0.0,9429.0,1811.0,986.0,0.0,0.0,0.0,666.0,320.0,1811.0,0.0
0.0,7618.0,2216.0,1017.0,0.0,0.0,0.0,709.0,308.0,2216.0,0.0
0.0,5402.0,1888.0,1036.0,0.0,1666.0,1666.0,745.0,291.0,1888.0,0.0
0.0,3514.0,1121.0,1041.0,0.0,2812.0,2812.0,761.0,280.0,813.0,308.0
0.0,2393.0,623.0,1040.0,0.0,3430.0,3430.0,761.0,279.0,0.0,623.0
0.0,1770.0,938.0,1057.0,1666.0,2787.0,2787.0,761.0,296.0,0.0,938.0
0.0,2498.0,944.0,1070.0,2812.0,984.0,984.0,756.0,314.0,0.0,944.0
0.0,4366.0,640.0,1065.0,3430.0,0.0,0.0,738.0,327.0,0.0,640.0
0.0,7156.0,16.0,1033.0,2787.0,0.0,0.0,706.0,327.0,0.0,16.0
0.0,9927.0,309.0,998.0,984.0,0.0,0.0,671.0,327.0,309.0,0.0
0.0,10602.0,1039.0,982.0,0.0,0.0,0.0,655.0,327.0,1039.0,0.0
0.0,9563.0,1773.0,993.0,0.0,0.0,0.0,671.0,322.0,1773.0,0.0
0.0,7790.0,2192.0,1024.0,0.0,0.0,0.0,713.0,311.0,2192.0,0.0
0.0,5598.0,1885.0,1043.0,0.0,1502.0,1502.0,749.0,294.0,1885.0,0.0
0.0,3713.0,1132.0,1047.0,0.0,2654.0,2654.0,765.0,282.0,838.0,294.0
0.0,2581.0,605.0,1047.0,0.0,3259.0,3259.0,765.0,282.0,0.0,605.0
0.0,1976.0,916.0,1063.0,1502.0,2753.0,2753.0,765.0,298.0,0.0,916.0
0.0,2562.0,938.0,1077.0,2654.0,1107.0,1107.0,761.0,316.0,0.0,938.0
0.0,4278.0,644.0,1072.0,3259.0,0.0,0.0,744.0,328.0,0.0,644.0
0.0,6893.0,38.0,1042.0,2753.0,0.0,0.0,713.0,329.0,0.0,38.0
0.0,9608.0,287.0,1007.0,1107.0,0.0,0.0,678.0,329.0,287.0,0.0
0.0,10428.0,1012.0,990.0,0.0,0.0,0.0,661.0,329.0,1012.0,0.0
0.0,9416.0,1742.0,999.0,0.0,0.0,0.0,675.0,324.0,1742.0,0.0
0.0,7674.0,2181.0,1030.0,0.0,0.0,0.0,717.0,313.0,2181.0,0.0
0.0,5493.0,1900.0,1051.0,0.0,1662.0,1662.0,754.0,297.0,1900.0,0.0
0.0,3593.0,1174.0,1056.0,0.0,2861.0,2861.0,771.0,285.0,885.0,289.0
0.0,2419.0,601.0,1055.0,0.0,3457.0,3457.0,771.0,284.0,0.0,601.0
0.0,1818.0,919.0,1071.0,1662.0,2794.0,2794.0,771.0,300.0,0.0,919.0
0.0,2561.0,943.0,1084.0,2861.0,941.0,941.0,766.0,318.0,0.0,943.0
0.0,4479.0,656.0,1079.0,3457.0,0.0,0.0,748.0,331.0,0.0,656.0
0.0,7280.0,52.0,1049.0,2794.0,0.0,0.0,717.0,332.0,0.0,52.0
0.0,10022.0,325.0,1014.0,941.0,0.0,0.0,682.0,332.0,325.0,0.0
0.0,10638.0,1067.0,997.0,0.0,0.0,0.0,665.0,332.0,1067.0,0.0
0.0,9571.0,1806.0,1007.0,0.0,0.0,0.0,681.0,326.0,1806.0,0.0
0.0,7765.0,2222.0,1039.0,0.0,0.0,0.0,724.0,315.0,2222.0,0.0
0.0,5543.0,1903.0,1058.0,0.0,1650.0,1650.0,760.0,298.0,1903.0,0.0
0.0,3640.0,1156.0,1063.0,0.0,2831.0,2831.0,777.0,286.0,842.0,314.0
0.0,2484.0,634.0,1063.0,0.0,3465.0,3465.0,777.0,286.0,0.0,634.0
0.0,1850.0,955.0,1080.0,1650.0,2855.0,2855.0,777.0,303.0,0.0,955.0
0.0,2545.0,962.0,1092.0,2831.0,1046.0,1046.0,771.0,321.0,0.0,962.0
0.0,4414.0,650.0,1086.0,3465.0,0.0,0.0,752.0,334.0,0.0,650.0
0.0,7229.0,18.0,1052.0,2855.0,0.0,0.0,718.0,334.0,0.0,18.0
0.0,10066.0,395.0,1017.0,1046.0,0.0,0.0,683.0,334.0,395.0,0.0
0.0,10717.0,1156.0,1003.0,0.0,0.0,0.0,669.0,334.0,1156.0,0.0
0.0,9561.0,1913.0,1016.0,0.0,0.0,0.0,688.0,328.0,1913.0,0.0
0.0,7648.0,2281.0,1048.0,0.0,0.0,0.0,732.0,316.0,2281.0,0.0
0.0,5367.0,1899.0,1068.0,0.0,1872.0,1872.0,769.0,299.0,1884.0,15.0
0.0,3468.0,1082.0,1070.0,0.0,2964.0,2964.0,783.0,287.0,736.0,346.0
0.0,2386.0,672.0,1071.0,0.0,3641.0,3641.0,783.0,288.0,0.0,672.0
0.0,1714.0,983.0,1089.0,1872.0,2842.0,2842.0,783.0,306.0,0.0,983.0
0.0,2603.0,963.0,1101.0,2964.0,901.0,901.0,776.0,325.0,0.0,963.0
0.0,4604.0,617.0,1092.0,3641.0,0.0,0.0,756.0,336.0,0.0,617.0
0.0,7628.0,0.0,1057.0,2842.0,0.0,0.0,721.0,336.0,0.0,0.0
0.0,10470.0,411.0,1022.0,901.0,0.0,0.0,686.0,336.0,411.0,0.0
0.0,10960.0,1176.0,1009.0,0.0,0.0,0.0,673.0,336.0,1176.0,0.0
0.0,9784.0,1936.0,1024.0,0.0,0.0,0.0,694.0,330.0,1936.0,0.0
0.0,7848.0,2289.0,1056.0,0.0,0.0,0.0,738.0,318.0,2289.0,0.0
0.0,5559.0,1889.0,1075.0,0.0,1705.0,1705.0,774.0,301.0,1871.0,18.0
0.0,3670.0,1041.0,1077.0,0.0,2756.0,2756.0,788.0,289.0,698.0,343.0
0.0,2629.0,667.0,1078.0,0.0,3428.0,3428.0,788.0,290.0,0.0,667.0
0.0,1962.0,973.0,1096.0,1705.0,2786.0,2786.0,788.0,308.0,0.0,973.0
0.0,2694.0,954.0,1109.0,2756.0,1049.0,1049.0,782.0,327.0,0.0,954.0
0.0,4496.0,615.0,1100.0,3428.0,0.0,0.0,762.0,338.0,0.0,615.0
0.0,7309.0,0.0,1066.0,2786.0,0.0,0.0,728.0,338.0,0.0,0.0
0.0,10095.0,377.0,1031.0,1049.0,0.0,0.0,693.0,338.0,377.0,0.0
0.0,10767.0,1133.0,1016.0,0.0,0.0,0.0,678.0,338.0,1133.0,0.0
0.0,9634.0,1884.0,1031.0,0.0,0.0,0.0,698.0,333.0,1884.0,0.0
0.0,7750.0,2262.0,1063.0,0.0,0.0,0.0,742.0,321.0,2262.0,0.0
0.0,5488.0,1888.0,1082.0,0.0,1810.0,1810.0,778.0,304.0,1879.0,9.0
0.0,3600.0,1079.0,1084.0,0.0,2899.0,2899.0,792.0,292.0,749.0,330.0
0.0,2521.0,651.0,1084.0,0.0,3550.0,3550.0,792.0,292.0,0.0,651.0
0.0,1870.0,963.0,1102.0,1810.0,2793.0,2793.0,792.0,310.0,0.0,963.0
0.0,2717.0,959.0,1115.0,2899.0,918.0,918.0,787.0,328.0,0.0,959.0
0.0,4657.0,629.0,1107.0,3550.0,0.0,0.0,767.0,340.0,0.0,629.0
0.0,7578.0,0.0,1074.0,2793.0,0.0,0.0,734.0,340.0,0.0,0.0
0.0,10371.0,369.0,1039.0,918.0,0.0,0.0,699.0,340.0,369.0,0.0
0.0,10920.0,1120.0,1024.0,0.0,0.0,0.0,684.0,340.0,1120.0,0.0
0.0,9800.0,1876.0,1038.0,0.0,0.0,0.0,703.0,335.0,1876.0,0.0
0.0,7924.0,2260.0,1070.0,0.0,0.0,0.0,747.0,323.0,2260.0,0.0
0.0,5664.0,1909.0,1089.0,0.0,1690.0,1690.0,783.0,306.0,1894.0,15.0
0.0,3755.0,1117.0,1092.0,0.0,2822.0,2822.0,798.0,294.0,778.0,339.0
0.0,2638.0,663.0,1092.0,0.0,3485.0,3485.0,798.0,294.0,0.0,663.0
0.0,1975.0,978.0,1110.0,1690.0,2863.0,2863.0,798.0,312.0,0.0,978.0
0.0,2687.0,965.0,1123.0,2822.0,1071.0,1071.0,792.0,331.0,0.0,965.0
0.0,4544.0,628.0,1114.0,3485.0,0.0,0.0,771.0,343.0,0.0,628.0
0.0,7401.0,0.0,1079.0,2863.0,0.0,0.0,736.0,343.0,0.0,0.0
0.0,10264.0,425.0,1045.0,1071.0,0.0,0.0,702.0,343.0,425.0,0.0
0.0,10910.0,1192.0,1031.0,0.0,0.0,0.0,688.0,343.0,1192.0,0.0
0.0,9718.0,1966.0,1047.0,0.0,0.0,0.0,710.0,337.0,1966.0,0.0
0.0,7752.0,2312.0,1079.0,0.0,0.0,0.0,754.0,325.0,2312.0,0.0
0.0,5440.0,1935.0,1098.0,0.0,1985.0,1985.0,791.0,307.0,1898.0,37.0
0.0,3505.0,1075.0,1100.0,0.0,3070.0,3070.0,804.0,296.0,706.0,369.0
0.0,2430.0,707.0,1101.0,0.0,3782.0,3782.0,804.0,297.0,0.0,707.0
0.0,1723.0,1003.0,1120.0,1985.0,2895.0,2895.0,804.0,316.0,0.0,1003.0
0.0,2705.0,968.0,1131.0,3070.0,848.0,848.0,797.0,334.0,0.0,968.0
0.0,4807.0,595.0,1121.0,3782.0,0.0,0.0,775.0,346.0,0.0,595.0
0.0,7994.0,0.0,1084.0,2895.0,0.0,0.0,738.0,346.0,0.0,0.0
0.0,10889.0,483.0,1049.0,848.0,0.0,0.0,703.0,346.0,483.0,0.0
0.0,11254.0,1267.0,1036.0,0.0,0.0,0.0,691.0,345.0,1267.0,0.0
0.0,9987.0,2056.0,1056.0,0.0,0.0,0.0,717.0,339.0,2056.0,0.0
0.0,7931.0,2358.0,1088.0,0.0,0.0,0.0,762.0,326.0,2358.0,0.0
0.0,5573.0,1930.0,1106.0,0.0,1887.0,1887.0,798.0,308.0,1881.0,49.0
0.0,3643.0,1002.0,1107.0,0.0,2894.0,2894.0,810.0,297.0,611.0,391.0
0.0,2641.0,728.0,1109.0,0.0,3632.0,3632.0,810.0,299.0,0.0,728.0
0.0,1913.0,1016.0,1128.0,1887.0,2856.0,2856.0,810.0,318.0,0.0,1016.0
0.0,2784.0,961.0,1139.0,2894.0,978.0,978.0,802.0,337.0,0.0,961.0
0.0,4717.0,569.0,1127.0,3632.0,0.0,0.0,779.0,348.0,0.0,569.0
0.0,7780.0,0.0,1090.0,2856.0,0.0,0.0,742.0,348.0,0.0,0.0
0.0,10636.0,484.0,1055.0,978.0,0.0,0.0,707.0,348.0,484.0,0.0
0.0,11130.0,1272.0,1044.0,0.0,0.0,0.0,696.0,348.0,1272.0,0.0
0.0,9858.0,2054.0,1063.0,0.0,0.0,0.0,722.0,341.0,2054.0,0.0
0.0,7804.0,2351.0,1095.0,0.0,22.0,22.0,767.0,328.0,2351.0,0.0
0.0,5453.0,1908.0,1113.0,0.0,2020.0,2020.0,803.0,310.0,1864.0,44.0
0.0,3545.0,967.0,1113.0,0.0,2987.0,2987.0,814.0,299.0,589.0,378.0
0.0,2578.0,712.0,1115.0,22.0,3687.0,3687.0,814.0,301.0,0.0,712.0
0.0,1888.0,1001.0,1134.0,2020.0,2763.0,2763.0,814.0,320.0,0.0,1001.0
0.0,2907.0,956.0,1146.0,2987.0,792.0,792.0,807.0,339.0,0.0,956.0
0.0,4938.0,581.0,1135.0,3687.0,0.0,0.0,785.0,350.0,0.0,581.0
0.0,8044.0,0.0,1099.0,2763.0,0.0,0.0,749.0,350.0,0.0,0.0
0.0,10807.0,456.0,1064.0,792.0,0.0,0.0,714.0,350.0,456.0,0.0
0.0,11143.0,1235.0,1052.0,0.0,0.0,0.0,702.0,350.0,1235.0,0.0
0.0,9908.0,2008.0,1069.0,0.0,0.0,0.0,726.0,343.0,2008.0,0.0
0.0,7900.0,2330.0,1102.0,0.0,0.0,0.0,771.0,331.0,2330.0,0.0
0.0,5570.0,1905.0,1120.0,0.0,1935.0,1935.0,807.0,313.0,1868.0,37.0
0.0,3665.0,1001.0,1121.0,0.0,2941.0,2941.0,819.0,302.0,633.0,368.0
0.0,2664.0,699.0,1122.0,0.0,3645.0,3645.0,819.0,303.0,0.0,699.0
0.0,1965.0,994.0,1141.0,1935.0,2799.0,2799.0,819.0,322.0,0.0,994.0
0.0,2906.0,963.0,1153.0,2941.0,881.0,881.0,812.0,341.0,0.0,963.0
0.0,4884.0,596.0,1143.0,3645.0,0.0,0.0,791.0,352.0,0.0,596.0
0.0,7933.0,0.0,1106.0,2799.0,0.0,0.0,754.0,352.0,0.0,0.0
0.0,10732.0,466.0,1072.0,881.0,0.0,0.0,720.0,352.0,466.0,0.0
0.0,11147.0,1249.0,1060.0,0.0,0.0,0.0,708.0,352.0,1249.0,0.0
0.0,9898.0,2028.0,1077.0,0.0,0.0,0.0,732.0,345.0,2028.0,0.0
0.0,7870.0,2348.0,1110.0,0.0,28.0,28.0,777.0,333.0,2348.0,0.0
0.0,5522.0,1931.0,1128.0,0.0,2049.0,2049.0,813.0,315.0,1881.0,50.0
0.0,3591.0,1028.0,1129.0,0.0,3082.0,3082.0,825.0,304.0,642.0,386.0
0.0,2563.0,723.0,1130.0,28.0,3782.0,3782.0,825.0,305.0,0.0,723.0
0.0,1868.0,1016.0,1150.0,2049.0,2849.0,2849.0,825.0,325.0,0.0,1016.0
0.0,2901.0,968.0,1161.0,3082.0,790.0,790.0,817.0,344.0,0.0,968.0
0.0,5015.0,584.0,1149.0,3782.0,0.0,0.0,794.0,355.0,0.0,584.0
0.0,8213.0,0.0,1111.0,2849.0,0.0,0.0,756.0,355.0,0.0,0.0
0.0,11062.0,523.0,1077.0,790.0,0.0,0.0,722.0,355.0,523.0,0.0
0.0,11329.0,1325.0,1065.0,0.0,0.0,0.0,711.0,354.0,1325.0,0.0
0.0,10004.0,2124.0,1085.0,0.0,0.0,0.0,738.0,347.0,2124.0,0.0
0.0,7880.0,2406.0,1117.0,0.0,111.0,111.0,784.0,333.0,2406.0,0.0
0.0,5474.0,1956.0,1137.0,0.0,2167.0,2167.0,821.0,316.0,1883.0,73.0
0.0,3518.0,984.0,1137.0,0.0,3151.0,3151.0,832.0,305.0,567.0,417.0
0.0,2534.0,767.0,1140.0,111.0,3822.0,3822.0,832.0,308.0,0.0,767.0
0.0,1878.0,1039.0,1160.0,2167.0,2794.0,2794.0,832.0,328.0,0.0,1039.0
0.0,3006.0,968.0,1169.0,3151.0,656.0,656.0,822.0,347.0,0.0,968.0
0.0,5189.0,547.0,1155.0,3822.0,0.0,0.0,798.0,357.0,0.0,547.0
0.0,8464.0,0.0,1115.0,2794.0,0.0,0.0,758.0,357.0,0.0,0.0
0.0,11258.0,570.0,1081.0,656.0,0.0,0.0,724.0,357.0,570.0,0.0
0.0,11344.0,1380.0,1070.0,0.0,0.0,0.0,714.0,356.0,1380.0,0.0
0.0,9964.0,2190.0,1094.0,0.0,0.0,0.0,745.0,349.0,2190.0,0.0
0.0,7774.0,2435.0,1127.0,0.0,296.0,296.0,792.0,335.0,2435.0,0.0
0.0,5339.0,1945.0,1144.0,0.0,2326.0,2326.0,827.0,317.0,1865.0,80.0
0.0,3394.0,921.0,1144.0,0.0,3247.0,3247.0,837.0,307.0,489.0,432.0
0.0,2473.0,779.0,1148.0,296.0,3750.0,3750.0,837.0,311.0,0.0,779.0
0.0,1990.0,1045.0,1168.0,2326.0,2569.0,2569.0,837.0,331.0,0.0,1045.0
0.0,3271.0,959.0,1177.0,3247.0,326.0,326.0,828.0,349.0,0.0,959.0
0.0,5559.0,526.0,1162.0,3750.0,0.0,0.0,803.0,359.0,0.0,526.0
0.0,8783.0,0.0,1123.0,2569.0,0.0,0.0,764.0,359.0,0.0,0.0
0.0,11352.0,558.0,1088.0,326.0,0.0,0.0,729.0,359.0,558.0,0.0
0.0,11120.0,1362.0,1078.0,0.0,0.0,0.0,719.0,359.0,1362.0,0.0
0.0,9758.0,2170.0,1101.0,0.0,0.0,0.0,750.0,351.0,2170.0,0.0
0.0,7588.0,2415.0,1134.0,0.0,497.0,497.0,796.0,338.0,2415.0,0.0
0.0,5173.0,1934.0,1152.0,0.0,2521.0,2521.0,832.0,320.0,1860.0,74.0
0.0,3239.0,908.0,1150.0,0.0,3419.0,3419.0,841.0,309.0,491.0,417.0
0.0,2331.0,760.0,1154.0,497.0,3702.0,3702.0,841.0,313.0,0.0,760.0
0.0,2068.0,1029.0,1174.0,2521.0,2310.0,2310.0,841.0,333.0,0.0,1029.0
0.0,3560.0,954.0,1184.0,3419.0,0.0,0.0,833.0,351.0,0.0,954.0
0.0,6025.0,541.0,1170.0,3702.0,0.0,0.0,809.0,361.0,0.0,541.0
0.0,9186.0,0.0,1131.0,2310.0,0.0,0.0,770.0,361.0,0.0,0.0
0.0,11496.0,531.0,1097.0,0.0,0.0,0.0,736.0,361.0,531.0,0.0
0.0,10965.0,1328.0,1086.0,0.0,0.0,0.0,725.0,361.0,1328.0,0.0
0.0,9637.0,2130.0,1108.0,0.0,0.0,0.0,754.0,354.0,2130.0,0.0
0.0,7507.0,2396.0,1140.0,0.0,589.0,589.0,800.0,340.0,2396.0,0.0
0.0,5111.0,1945.0,1158.0,0.0,2624.0,2624.0,836.0,322.0,1871.0,74.0
0.0,3166.0,955.0,1159.0,0.0,3584.0,3584.0,847.0,312.0,539.0,416.0
0.0,2211.0,758.0,1162.0,589.0,3768.0,3768.0,847.0,315.0,0.0,758.0
0.0,2042.0,1027.0,1182.0,2624.0,2271.0,2271.0,847.0,335.0,0.0,1027.0
0.0,3639.0,959.0,1191.0,3584.0,0.0,0.0,838.0,353.0,0.0,959.0
0.0,6264.0,545.0,1178.0,3768.0,0.0,0.0,814.0,364.0,0.0,545.0
0.0,9487.0,0.0,1139.0,2271.0,0.0,0.0,775.0,364.0,0.0,0.0
0.0,11758.0,559.0,1104.0,0.0,0.0,0.0,740.0,364.0,559.0,0.0
0.0,11199.0,1366.0,1093.0,0.0,0.0,0.0,730.0,363.0,1366.0,0.0
0.0,9833.0,2179.0,1115.0,0.0,0.0,0.0,760.0,355.0,2179.0,0.0
0.0,7654.0,2430.0,1148.0,0.0,516.0,516.0,807.0,341.0,2430.0,0.0
0.0,5224.0,1976.0,1167.0,0.0,2587.0,2587.0,843.0,324.0,1881.0,95.0
0.0,3248.0,960.0,1167.0,0.0,3547.0,3547.0,853.0,314.0,516.0,444.0
0.0,2288.0,794.0,1171.0,516.0,3845.0,3845.0,853.0,318.0,0.0,794.0
0.0,2010.0,1054.0,1191.0,2587.0,2412.0,2412.0,853.0,338.0,0.0,1054.0
0.0,3543.0,961.0,1199.0,3547.0,0.0,0.0,843.0,356.0,0.0,961.0
0.0,6129.0,519.0,1183.0,3845.0,0.0,0.0,817.0,366.0,0.0,519.0
0.0,9455.0,0.0,1142.0,2412.0,0.0,0.0,776.0,366.0,0.0,0.0
0.0,11867.0,624.0,1108.0,0.0,0.0,0.0,742.0,366.0,624.0,0.0
0.0,11243.0,1450.0,1099.0,0.0,0.0,0.0,734.0,365.0,1450.0,0.0
0.0,9793.0,2283.0,1124.0,0.0,0.0,0.0,767.0,357.0,2283.0,0.0
0.0,7510.0,2488.0,1157.0,0.0,763.0,763.0,815.0,342.0,2488.0,0.0
0.0,5022.0,1989.0,1175.0,0.0,2842.0,2842.0,851.0,324.0,1873.0,116.0
0.0,3033.0,893.0,1174.0,0.0,3730.0,3730.0,859.0,315.0,421.0,472.0
0.0,2140.0,834.0,1179.0,763.0,3826.0,3826.0,859.0,320.0,0.0,834.0
0.0,2069.0,1075.0,1200.0,2842.0,2164.0,2164.0,859.0,341.0,0.0,1075.0
0.0,3836.0,960.0,1208.0,3730.0,0.0,0.0,848.0,360.0,0.0,960.0
0.0,6606.0,483.0,1190.0,3826.0,0.0,0.0,821.0,369.0,0.0,483.0
0.0,9949.0,0.0,1148.0,2164.0,0.0,0.0,779.0,369.0,0.0,0.0
0.0,12113.0,654.0,1114.0,0.0,0.0,0.0,745.0,369.0,654.0,0.0
0.0,11459.0,1493.0,1105.0,0.0,0.0,0.0,738.0,367.0,1493.0,0.0
0.0,9966.0,2327.0,1132.0,0.0,0.0,0.0,773.0,359.0,2327.0,0.0
0.0,7639.0,2511.0,1165.0,0.0,697.0,697.0,821.0,344.0,2511.0,0.0
0.0,5128.0,1963.0,1183.0,0.0,2750.0,2750.0,857.0,326.0,1851.0,112.0
0.0,3165.0,830.0,1181.0,0.0,3570.0,3570.0,864.0,317.0,356.0,474.0
0.0,2335.0,830.0,1187.0,697.0,3733.0,3733.0,864.0,323.0,0.0,830.0
0.0,2202.0,1074.0,1207.0,2750.0,2157.0,2157.0,864.0,343.0,0.0,1074.0
0.0,3878.0,956.0,1215.0,3570.0,0.0,0.0,853.0,362.0,0.0,956.0
0.0,6492.0,481.0,1198.0,3733.0,0.0,0.0,827.0,371.0,0.0,481.0
0.0,9744.0,0.0,1156.0,2157.0,0.0,0.0,785.0,371.0,0.0,0.0
0.0,11901.0,629.0,1122.0,0.0,0.0,0.0,751.0,371.0,629.0,0.0
0.0,11272.0,1460.0,1113.0,0.0,0.0,0.0,743.0,370.0,1460.0,0.0
0.0,9812.0,2285.0,1139.0,0.0,0.0,0.0,778.0,361.0,2285.0,0.0
0.0,7527.0,2485.0,1172.0,0.0,818.0,818.0,825.0,347.0,2485.0,0.0
0.0,5042.0,1952.0,1190.0,0.0,2860.0,2860.0,861.0,329.0,1849.0,103.0
0.0,3090.0,848.0,1187.0,0.0,3693.0,3693.0,868.0,319.0,392.0,456.0
0.0,2242.0,808.0,1193.0,818.0,3713.0,3713.0,868.0,325.0,0.0,808.0
0.0,2252.0,1057.0,1213.0,2860.0,2010.0,2010.0,868.0,345.0,0.0,1057.0
0.0,4055.0,953.0,1221.0,3693.0,0.0,0.0,858.0,363.0,0.0,953.0
0.0,6795.0,502.0,1206.0,3713.0,0.0,0.0,833.0,373.0,0.0,502.0
0.0,10006.0,0.0,1165.0,2010.0,0.0,0.0,792.0,373.0,0.0,0.0
0.0,12016.0,606.0,1130.0,0.0,0.0,0.0,757.0,373.0,606.0,0.0
0.0,11410.0,1433.0,1121.0,0.0,0.0,0.0,749.0,372.0,1433.0,0.0
0.0,9977.0,2256.0,1146.0,0.0,0.0,0.0,782.0,364.0,2256.0,0.0
0.0,7721.0,2478.0,1179.0,0.0,652.0,652.0,830.0,349.0,2478.0,0.0
0.0,5243.0,1979.0,1196.0,0.0,2716.0,2716.0,865.0,331.0,1869.0,110.0
0.0,3264.0,907.0,1196.0,0.0,3623.0,3623.0,874.0,322.0,443.0,464.0
0.0,2357.0,818.0,1201.0,652.0,3814.0,3814.0,874.0,327.0,0.0,818.0
0.0,2191.0,1063.0,1221.0,2716.0,2261.0,2261.0,874.0,347.0,0.0,1063.0
0.0,3844.0,959.0,1229.0,3623.0,0.0,0.0,863.0,366.0,0.0,959.0
0.0,6508.0,497.0,1212.0,3814.0,0.0,0.0,837.0,375.0,0.0,497.0
0.0,9825.0,0.0,1170.0,2261.0,0.0,0.0,795.0,375.0,0.0,0.0
0.0,12086.0,650.0,1136.0,0.0,0.0,0.0,761.0,375.0,650.0,0.0
0.0,11436.0,1486.0,1127.0,0.0,0.0,0.0,753.0,374.0,1486.0,0.0
0.0,9950.0,2329.0,1153.0,0.0,0.0,0.0,788.0,365.0,2329.0,0.0
0.0,7621.0,2519.0,1187.0,0.0,833.0,833.0,837.0,350.0,2519.0,0.0
0.0,5102.0,2011.0,1205.0,0.0,2934.0,2934.0,873.0,332.0,1875.0,136.0
0.0,3091.0,893.0,1203.0,0.0,3817.0,3817.0,880.0,323.0,395.0,498.0
0.0,2198.0,860.0,1210.0,833.0,3879.0,3879.0,880.0,330.0,0.0,860.0
0.0,2171.0,1092.0,1231.0,2934.0,2142.0,2142.0,880.0,351.0,0.0,1092.0
0.0,4013.0,958.0,1237.0,3817.0,0.0,0.0,868.0,369.0,0.0,958.0
0.0,6872.0,462.0,1218.0,3879.0,0.0,0.0,840.0,378.0,0.0,462.0
0.0,10289.0,0.0,1174.0,2142.0,0.0,0.0,796.0,378.0,0.0,0.0
0.0,12431.0,717.0,1140.0,0.0,0.0,0.0,762.0,378.0,717.0,0.0
0.0,11714.0,1571.0,1133.0,0.0,0.0,0.0,757.0,376.0,1571.0,0.0
0.0,10143.0,2432.0,1162.0,0.0,0.0,0.0,795.0,367.0,2432.0,0.0
0.0,7711.0,2571.0,1196.0,0.0,840.0,840.0,845.0,351.0,2571.0,0.0
0.0,5140.0,2015.0,1213.0,0.0,2940.0,2940.0,880.0,333.0,1862.0,153.0
0.0,3125.0,809.0,1211.0,0.0,3739.0,3739.0,886.0,325.0,288.0,521.0
0.0,2316.0,894.0,1219.0,840.0,3833.0,3833.0,886.0,333.0,0.0,894.0
0.0,2262.0,1109.0,1240.0,2940.0,2107.0,2107.0,886.0,354.0,0.0,1109.0
0.0,4093.0,956.0,1245.0,3739.0,0.0,0.0,873.0,372.0,0.0,956.0
0.0,6876.0,430.0,1225.0,3833.0,0.0,0.0,845.0,380.0,0.0,430.0
0.0,10279.0,0.0,1180.0,2107.0,0.0,0.0,800.0,380.0,0.0,0.0
0.0,12386.0,729.0,1146.0,0.0,0.0,0.0,766.0,380.0,729.0,0.0
0.0,11657.0,1586.0,1139.0,0.0,0.0,0.0,761.0,378.0,1586.0,0.0
0.0,10071.0,2447.0,1170.0,0.0,0.0,0.0,801.0,369.0,2447.0,0.0
0.0,7624.0,2574.0,1203.0,0.0,965.0,965.0,850.0,353.0,2574.0,0.0
0.0,5050.0,1990.0,1221.0,0.0,3045.0,3045.0,886.0,335.0,1848.0,142.0
0.0,3060.0,768.0,1218.0,0.0,3798.0,3798.0,891.0,327.0,255.0,513.0
0.0,2292.0,879.0,1225.0,965.0,3747.0,3747.0,891.0,334.0,0.0,879.0
0.0,2378.0,1102.0,1247.0,3045.0,1914.0,1914.0,891.0,356.0,0.0,1102.0
0.0,4321.0,954.0,1253.0,3798.0,0.0,0.0,879.0,374.0,0.0,954.0
0.0,7165.0,439.0,1233.0,3747.0,0.0,0.0,851.0,382.0,0.0,439.0
0.0,10473.0,0.0,1189.0,1914.0,0.0,0.0,807.0,382.0,0.0,0.0
0.0,12387.0,697.0,1154.0,0.0,0.0,0.0,772.0,382.0,697.0,0.0
0.0,11690.0,1545.0,1146.0,0.0,0.0,0.0,766.0,380.0,1545.0,0.0
0.0,10145.0,2397.0,1177.0,0.0,0.0,0.0,805.0,372.0,2397.0,0.0
0.0,7748.0,2547.0,1210.0,0.0,849.0,849.0,854.0,356.0,2547.0,0.0
0.0,5201.0,1987.0,1228.0,0.0,2926.0,2926.0,890.0,338.0,1853.0,134.0
0.0,3214.0,799.0,1225.0,0.0,3710.0,3710.0,895.0,330.0,302.0,497.0
0.0,2415.0,859.0,1232.0,849.0,3755.0,3755.0,895.0,337.0,0.0,859.0
0.0,2405.0,1087.0,1252.0,2926.0,2016.0,2016.0,895.0,357.0,0.0,1087.0
0.0,4244.0,953.0,1260.0,3710.0,0.0,0.0,884.0,376.0,0.0,953.0
0.0,7001.0,462.0,1241.0,3755.0,0.0,0.0,856.0,385.0,0.0,462.0
0.0,10294.0,0.0,1198.0,2016.0,0.0,0.0,813.0,385.0,0.0,0.0
0.0,12310.0,694.0,1163.0,0.0,0.0,0.0,778.0,385.0,694.0,0.0
0.0,11616.0,1548.0,1155.0,0.0,0.0,0.0,772.0,383.0,1548.0,0.0
0.0,10068.0,2398.0,1184.0,0.0,0.0,0.0,810.0,374.0,2398.0,0.0
0.0,7670.0,2560.0,1217.0,0.0,975.0,975.0,859.0,358.0,2560.0,0.0
0.0,5110.0,2013.0,1235.0,0.0,3078.0,3078.0,895.0,340.0,1864.0,149.0
0.0,3097.0,835.0,1233.0,0.0,3903.0,3903.0,901.0,332.0,320.0,515.0
0.0,2262.0,882.0,1240.0,975.0,3845.0,3845.0,901.0,339.0,0.0,882.0
0.0,2355.0,1100.0,1261.0,3078.0,1972.0,1972.0,901.0,360.0,0.0,1100.0
0.0,4333.0,958.0,1268.0,3903.0,0.0,0.0,889.0,379.0,0.0,958.0
0.0,7278.0,445.0,1247.0,3845.0,0.0,0.0,860.0,387.0,0.0,445.0
0.0,10678.0,0.0,1202.0,1972.0,0.0,0.0,815.0,387.0,0.0,0.0
0.0,12650.0,748.0,1168.0,0.0,0.0,0.0,781.0,387.0,748.0,0.0
0.0,11902.0,1619.0,1161.0,0.0,0.0,0.0,776.0,385.0,1619.0,0.0
0.0,10283.0,2487.0,1192.0,0.0,0.0,0.0,817.0,375.0,2487.0,0.0
0.0,7796.0,2614.0,1226.0,0.0,948.0,948.0,867.0,359.0,2614.0,0.0
0.0,5182.0,2042.0,1244.0,0.0,3080.0,3080.0,903.0,341.0,1866.0,176.0
0.0,3140.0,807.0,1241.0,0.0,3872.0,3872.0,908.0,333.0,257.0,550.0
0.0,2333.0,925.0,1250.0,948.0,3894.0,3894.0,908.0,342.0,0.0,925.0
0.0,2356.0,1129.0,1272.0,3080.0,2053.0,2053.0,908.0,364.0,0.0,1129.0
0.0,4307.0,955.0,1276.0,3872.0,0.0,0.0,894.0,382.0,0.0,955.0
0.0,7224.0,407.0,1254.0,3894.0,0.0,0.0,864.0,390.0,0.0,407.0
0.0,10711.0,0.0,1207.0,2053.0,0.0,0.0,817.0,390.0,0.0,0.0
0.0,12764.0,798.0,1173.0,0.0,0.0,0.0,783.0,390.0,798.0,0.0
0.0,11966.0,1684.0,1166.0,0.0,0.0,0.0,779.0,387.0,1684.0,0.0
0.0,10282.0,2566.0,1200.0,0.0,0.0,0.0,823.0,377.0,2566.0,0.0
0.0,7716.0,2655.0,1234.0,0.0,1109.0,1109.0,874.0,360.0,2655.0,0.0
0.0,5061.0,2041.0,1252.0,0.0,3240.0,3240.0,910.0,342.0,1854.0,187.0
0.0,3020.0,741.0,1247.0,0.0,3956.0,3956.0,913.0,334.0,176.0,565.0
0.0,2279.0,948.0,1257.0,1109.0,3845.0,3845.0,913.0,344.0,0.0,948.0
0.0,2440.0,1139.0,1279.0,3240.0,1854.0,1854.0,913.0,366.0,0.0,1139.0
0.0,4541.0,952.0,1284.0,3956.0,0.0,0.0,899.0,385.0,0.0,952.0
0.0,7545.0,382.0,1261.0,3845.0,0.0,0.0,869.0,392.0,0.0,382.0
0.0,11008.0,0.0,1214.0,1854.0,0.0,0.0,822.0,392.0,0.0,0.0
0.0,12862.0,793.0,1179.0,0.0,0.0,0.0,787.0,392.0,793.0,0.0
0.0,12069.0,1672.0,1173.0,0.0,0.0,0.0,784.0,389.0,1672.0,0.0
0.0,10397.0,2550.0,1207.0,0.0,0.0,0.0,828.0,379.0,2550.0,0.0
0.0,7847.0,2639.0,1242.0,0.0,1002.0,1002.0,879.0,363.0,2639.0,0.0
0.0,5208.0,2016.0,1259.0,0.0,3103.0,3103.0,914.0,345.0,1843.0,173.0
0.0,3192.0,726.0,1255.0,0.0,3809.0,3809.0,918.0,337.0,173.0,553.0
0.0,2466.0,928.0,1264.0,1002.0,3780.0,3780.0,918.0,346.0,0.0,928.0
0.0,2540.0,1129.0,1286.0,3103.0,1916.0,1916.0,918.0,368.0,0.0,1129.0
0.0,4514.0,950.0,1290.0,3809.0,0.0,0.0,904.0,386.0,0.0,950.0
0.0,7373.0,396.0,1269.0,3780.0,0.0,0.0,875.0,394.0,0.0,396.0
0.0,10757.0,0.0,1222.0,1916.0,0.0,0.0,828.0,394.0,0.0,0.0
0.0,12673.0,767.0,1188.0,0.0,0.0,0.0,794.0,394.0,767.0,0.0
0.0,11906.0,1637.0,1181.0,0.0,0.0,0.0,790.0,391.0,1637.0,0.0
0.0,10269.0,2512.0,1215.0,0.0,0.0,0.0,833.0,382.0,2512.0,0.0
0.0,7757.0,2615.0,1248.0,0.0,1098.0,1098.0,883.0,365.0,2615.0,0.0
0.0,5142.0,2017.0,1266.0,0.0,3205.0,3205.0,918.0,348.0,1848.0,169.0
0.0,3125.0,753.0,1262.0,0.0,3938.0,3938.0,922.0,340.0,211.0,542.0
0.0,2372.0,915.0,1270.0,1098.0,3795.0,3795.0,922.0,348.0,0.0,915.0
0.0,2555.0,1119.0,1292.0,3205.0,1819.0,1819.0,922.0,370.0,0.0,1119.0
0.0,4641.0,951.0,1297.0,3938.0,0.0,0.0,909.0,388.0,0.0,951.0
0.0,7628.0,415.0,1275.0,3795.0,0.0,0.0,879.0,396.0,0.0,415.0
0.0,11008.0,0.0,1229.0,1819.0,0.0,0.0,833.0,396.0,0.0,0.0
0.0,12827.0,788.0,1195.0,0.0,0.0,0.0,799.0,396.0,788.0,0.0
0.0,12039.0,1665.0,1188.0,0.0,0.0,0.0,795.0,393.0,1665.0,0.0
0.0,10374.0,2548.0,1221.0,0.0,0.0,0.0,838.0,383.0,2548.0,0.0
0.0,7826.0,2640.0,1255.0,0.0,1089.0,1089.0,889.0,366.0,2640.0,0.0
0.0,5186.0,2053.0,1274.0,0.0,3237.0,3237.0,925.0,349.0,1861.0,192.0
0.0,3133.0,766.0,1270.0,0.0,3983.0,3983.0,928.0,342.0,196.0,570.0
0.0,2367.0,949.0,1279.0,1089.0,3888.0,3888.0,928.0,351.0,0.0,949.0
0.0,2507.0,1137.0,1301.0,3237.0,1898.0,1898.0,928.0,373.0,0.0,1137.0
0.0,4607.0,953.0,1305.0,3983.0,0.0,0.0,914.0,391.0,0.0,953.0
0.0,7637.0,386.0,1282.0,3888.0,0.0,0.0,883.0,399.0,0.0,386.0
0.0,11139.0,0.0,1234.0,1898.0,0.0,0.0,835.0,399.0,0.0,0.0
0.0,13037.0,850.0,1200.0,0.0,0.0,0.0,801.0,399.0,850.0,0.0
0.0,12187.0,1746.0,1195.0,0.0,0.0,0.0,799.0,396.0,1746.0,0.0
0.0,10441.0,2648.0,1230.0,0.0,0.0,0.0,845.0,385.0,2648.0,0.0
0.0,7793.0,2697.0,1264.0,0.0,1224.0,1224.0,897.0,367.0,2697.0,0.0
0.0,5096.0,2076.0,1282.0,0.0,3390.0,3390.0,932.0,350.0,1856.0,220.0
0.0,3020.0,716.0,1278.0,0.0,4086.0,4086.0,935.0,343.0,110.0,606.0
0.0,2304.0,993.0,1289.0,1224.0,3910.0,3910.0,935.0,354.0,0.0,993.0
0.0,2535.0,1165.0,1312.0,3390.0,1800.0,1800.0,935.0,377.0,0.0,1165.0
0.0,4760.0,947.0,1314.0,4086.0,0.0,0.0,919.0,395.0,0.0,947.0
0.0,7899.0,342.0,1288.0,3910.0,0.0,0.0,887.0,401.0,0.0,342.0
0.0,11467.0,0.0,1239.0,1800.0,0.0,0.0,838.0,401.0,0.0,0.0
0.0,13267.0,893.0,1205.0,0.0,0.0,0.0,804.0,401.0,893.0,0.0
0.0,12374.0,1805.0,1201.0,0.0,0.0,0.0,803.0,398.0,1805.0,0.0
0.0,10569.0,2712.0,1238.0,0.0,0.0,0.0,851.0,387.0,2712.0,0.0
0.0,7857.0,2726.0,1273.0,0.0,1234.0,1234.0,904.0,369.0,2726.0,0.0
0.0,5131.0,2057.0,1290.0,0.0,3376.0,3376.0,939.0,351.0,1832.0,225.0
0.0,3074.0,639.0,1285.0,0.0,3990.0,3990.0,940.0,345.0,26.0,613.0
0.0,2435.0,1006.0,1297.0,1234.0,3822.0,3822.0,940.0,357.0,0.0,1006.0
0.0,2663.0,1169.0,1319.0,3376.0,1725.0,1725.0,940.0,379.0,0.0,1169.0
0.0,4870.0,943.0,1321.0,3990.0,0.0,0.0,924.0,397.0,0.0,943.0
0.0,7917.0,324.0,1295.0,3822.0,0.0,0.0,892.0,403.0,0.0,324.0
0.0,11415.0,0.0,1246.0,1725.0,0.0,0.0,843.0,403.0,0.0,0.0
0.0,13140.0,877.0,1212.0,0.0,0.0,0.0,809.0,403.0,877.0,0.0
0.0,12263.0,1783.0,1208.0,0.0,0.0,0.0,808.0,400.0,1783.0,0.0
0.0,10480.0,2683.0,1246.0,0.0,0.0,0.0,856.0,390.0,2683.0,0.0
0.0,7797.0,2710.0,1280.0,0.0,1313.0,1313.0,908.0,372.0,2710.0,0.0
0.0,5087.0,2033.0,1298.0,0.0,3436.0,3436.0,944.0,354.0,1825.0,208.0
0.0,3054.0,641.0,1291.0,0.0,4042.0,4042.0,944.0,347.0,44.0,597.0
0.0,2413.0,981.0,1302.0,1313.0,3765.0,3765.0,944.0,358.0,0.0,981.0
0.0,2745.0,1157.0,1325.0,3436.0,1601.0,1601.0,944.0,381.0,0.0,1157.0
0.0,5024.0,944.0,1329.0,4042.0,0.0,0.0,930.0,399.0,0.0,944.0
0.0,8122.0,346.0,1303.0,3765.0,0.0,0.0,898.0,405.0,0.0,346.0
0.0,11541.0,0.0,1255.0,1601.0,0.0,0.0,850.0,405.0,0.0,0.0
0.0,13142.0,845.0,1221.0,0.0,0.0,0.0,816.0,405.0,845.0,0.0
0.0,12297.0,1744.0,1216.0,0.0,0.0,0.0,814.0,402.0,1744.0,0.0
0.0,10553.0,2638.0,1253.0,0.0,0.0,0.0,861.0,392.0,2638.0,0.0
0.0,7915.0,2693.0,1286.0,0.0,1208.0,1208.0,912.0,374.0,2693.0,0.0
0.0,5222.0,2053.0,1305.0,0.0,3356.0,3356.0,948.0,357.0,1844.0,209.0
0.0,3169.0,700.0,1300.0,0.0,4031.0,4031.0,950.0,350.0,107.0,593.0
0.0,2469.0,977.0,1311.0,1208.0,3855.0,3855.0,950.0,361.0,0.0,977.0
0.0,2700.0,1153.0,1333.0,3356.0,1762.0,1762.0,950.0,383.0,0.0,1153.0
0.0,4903.0,945.0,1336.0,4031.0,0.0,0.0,935.0,401.0,0.0,945.0
0.0,7989.0,359.0,1311.0,3855.0,0.0,0.0,903.0,408.0,0.0,359.0
0.0,11485.0,0.0,1262.0,1762.0,0.0,0.0,854.0,408.0,0.0,0.0
0.0,13247.0,874.0,1228.0,0.0,0.0,0.0,820.0,408.0,874.0,0.0
0.0,12373.0,1784.0,1222.0,0.0,0.0,0.0,818.0,404.0,1784.0,0.0
0.0,10589.0,2691.0,1259.0,0.0,0.0,0.0,866.0,393.0,2691.0,0.0
0.0,7898.0,2731.0,1294.0,0.0,1303.0,1303.0,919.0,375.0,2731.0,0.0
0.0,5167.0,2096.0,1312.0,0.0,3489.0,3489.0,954.0,358.0,1858.0,238.0
0.0,3071.0,714.0,1307.0,0.0,4178.0,4178.0,956.0,351.0,85.0,629.0
0.0,2357.0,1021.0,1320.0,1303.0,3961.0,3961.0,956.0,364.0,0.0,1021.0
0.0,2639.0,1176.0,1342.0,3489.0,1758.0,1758.0,956.0,386.0,0.0,1176.0
0.0,4952.0,946.0,1344.0,4178.0,0.0,0.0,940.0,404.0,0.0,946.0
0.0,8184.0,319.0,1317.0,3961.0,0.0,0.0,906.0,411.0,0.0,319.0
0.0,11826.0,12.0,1266.0,1758.0,0.0,0.0,855.0,411.0,12.0,0.0
0.0,13572.0,940.0,1233.0,0.0,0.0,0.0,822.0,411.0,940.0,0.0
0.0,12632.0,1865.0,1228.0,0.0,0.0,0.0,822.0,406.0,1865.0,0.0
0.0,10767.0,2779.0,1268.0,0.0,0.0,0.0,873.0,395.0,2779.0,0.0
0.0,7988.0,2771.0,1302.0,0.0,1293.0,1293.0,926.0,376.0,2771.0,0.0
0.0,5217.0,2096.0,1320.0,0.0,3479.0,3479.0,962.0,358.0,1834.0,262.0
0.0,3121.0,660.0,1315.0,0.0,4114.0,4114.0,962.0,353.0,0.0,660.0
0.0,2461.0,1059.0,1329.0,1293.0,3950.0,3950.0,962.0,367.0,0.0,1059.0
0.0,2695.0,1201.0,1352.0,3479.0,1787.0,1787.0,962.0,390.0,0.0,1201.0
0.0,4973.0,940.0,1353.0,4114.0,0.0,0.0,945.0,408.0,0.0,940.0
0.0,8147.0,280.0,1323.0,3950.0,0.0,0.0,910.0,413.0,0.0,280.0
0.0,11817.0,47.0,1272.0,1787.0,0.0,0.0,859.0,413.0,47.0,0.0
0.0,13557.0,983.0,1238.0,0.0,0.0,0.0,825.0,413.0,983.0,0.0
0.0,12574.0,1914.0,1236.0,0.0,0.0,0.0,827.0,409.0,1914.0,0.0
0.0,10660.0,2802.0,1277.0,0.0,0.0,0.0,880.0,397.0,2802.0,0.0
0.0,7858.0,2749.0,1311.0,0.0,1446.0,1446.0,933.0,378.0,2749.0,0.0
0.0,5109.0,2025.0,1327.0,0.0,3551.0,3551.0,967.0,360.0,1769.0,256.0
0.0,3084.0,654.0,1321.0,0.0,4175.0,4175.0,967.0,354.0,0.0,654.0
0.0,2430.0,1057.0,1336.0,1446.0,3861.0,3861.0,967.0,369.0,0.0,1057.0
0.0,2819.0,1198.0,1359.0,3551.0,1623.0,1623.0,967.0,392.0,0.0,1198.0
0.0,5172.0,941.0,1360.0,4175.0,0.0,0.0,950.0,410.0,0.0,941.0
0.0,8406.0,280.0,1331.0,3861.0,0.0,0.0,916.0,415.0,0.0,280.0
0.0,11987.0,17.0,1280.0,1623.0,0.0,0.0,865.0,415.0,17.0,0.0
0.0,13593.0,945.0,1246.0,0.0,0.0,0.0,831.0,415.0,945.0,0.0
0.0,12648.0,1867.0,1242.0,0.0,0.0,0.0,831.0,411.0,1867.0,0.0
0.0,10781.0,2776.0,1284.0,0.0,0.0,0.0,884.0,400.0,2776.0,0.0
0.0,8005.0,2752.0,1318.0,0.0,1337.0,1337.0,937.0,381.0,2752.0,0.0
0.0,5253.0,2047.0,1335.0,0.0,3469.0,3469.0,972.0,363.0,1810.0,237.0
0.0,3206.0,636.0,1329.0,0.0,4075.0,4075.0,972.0,357.0,0.0,636.0
0.0,2570.0,1030.0,1342.0,1337.0,3833.0,3833.0,972.0,370.0,0.0,1030.0
0.0,2877.0,1187.0,1365.0,3469.0,1666.0,1666.0,972.0,393.0,0.0,1187.0
0.0,5159.0,945.0,1366.0,4075.0,0.0,0.0,955.0,411.0,0.0,945.0
0.0,8289.0,314.0,1339.0,3833.0,0.0,0.0,922.0,417.0,0.0,314.0
0.0,11808.0,0.0,1288.0,1666.0,0.0,0.0,871.0,417.0,0.0,0.0
0.0,13474.0,918.0,1254.0,0.0,0.0,0.0,837.0,417.0,918.0,0.0
0.0,12556.0,1838.0,1250.0,0.0,0.0,0.0,837.0,413.0,1838.0,0.0
0.0,10718.0,2763.0,1290.0,0.0,0.0,0.0,888.0,402.0,2763.0,0.0
0.0,7955.0,2766.0,1324.0,0.0,1431.0,1431.0,941.0,383.0,2766.0,0.0
0.0,5189.0,2094.0,1343.0,0.0,3620.0,3620.0,977.0,366.0,1855.0,239.0
0.0,3095.0,651.0,1337.0,0.0,4241.0,4241.0,977.0,360.0,16.0,635.0
0.0,2444.0,1031.0,1350.0,1431.0,3906.0,3906.0,977.0,373.0,0.0,1031.0
0.0,2844.0,1189.0,1372.0,3620.0,1585.0,1585.0,977.0,395.0,0.0,1189.0
0.0,5275.0,957.0,1374.0,4241.0,0.0,0.0,960.0,414.0,0.0,957.0
0.0,8559.0,324.0,1346.0,3906.0,0.0,0.0,926.0,420.0,0.0,324.0
0.0,12141.0,34.0,1295.0,1585.0,0.0,0.0,875.0,420.0,34.0,0.0
0.0,13692.0,967.0,1261.0,0.0,0.0,0.0,841.0,420.0,967.0,0.0
0.0,12725.0,1907.0,1257.0,0.0,0.0,0.0,842.0,415.0,1907.0,0.0
0.0,10818.0,2810.0,1297.0,0.0,0.0,0.0,894.0,403.0,2810.0,0.0
0.0,8008.0,2782.0,1332.0,0.0,1434.0,1434.0,948.0,384.0,2782.0,0.0
0.0,5226.0,2087.0,1349.0,0.0,3606.0,3606.0,983.0,366.0,1821.0,266.0
0.0,3139.0,670.0,1344.0,0.0,4251.0,4251.0,983.0,361.0,0.0,670.0
0.0,2469.0,1075.0,1358.0,1434.0,3962.0,3962.0,983.0,375.0,0.0,1075.0
0.0,2828.0,1214.0,1382.0,3606.0,1690.0,1690.0,983.0,399.0,0.0,1214.0
0.0,5220.0,955.0,1382.0,4251.0,0.0,0.0,965.0,417.0,0.0,955.0
0.0,8516.0,287.0,1352.0,3962.0,0.0,0.0,929.0,423.0,0.0,287.0
0.0,12191.0,102.0,1300.0,1690.0,0.0,0.0,877.0,423.0,102.0,0.0
0.0,13779.0,1053.0,1267.0,0.0,0.0,0.0,844.0,423.0,1053.0,0.0
0.0,12726.0,2011.0,1266.0,0.0,0.0,0.0,848.0,418.0,2011.0,0.0
0.0,10715.0,2862.0,1308.0,0.0,0.0,0.0,903.0,405.0,2862.0,0.0
0.0,7853.0,2768.0,1341.0,0.0,1620.0,1620.0,956.0,385.0,2768.0,0.0
0.0,5085.0,1998.0,1356.0,0.0,3693.0,3693.0,989.0,367.0,1712.0,286.0
0.0,3087.0,695.0,1351.0,0.0,4363.0,4363.0,989.0,362.0,0.0,695.0
0.0,2392.0,1104.0,1367.0,1620.0,3927.0,3927.0,989.0,378.0,0.0,1104.0
0.0,2908.0,1232.0,1390.0,3693.0,1581.0,1581.0,988.0,402.0,0.0,1232.0
0.0,5369.0,946.0,1389.0,4363.0,0.0,0.0,969.0,420.0,0.0,946.0
0.0,8786.0,251.0,1357.0,3927.0,0.0,0.0,932.0,425.0,0.0,251.0
0.0,12462.0,114.0,1305.0,1581.0,0.0,0.0,880.0,425.0,114.0,0.0
0.0,13929.0,1068.0,1273.0,0.0,0.0,0.0,848.0,425.0,1068.0,0.0
0.0,12861.0,2026.0,1273.0,0.0,0.0,0.0,853.0,420.0,2026.0,0.0
0.0,10835.0,2865.0,1315.0,0.0,0.0,0.0,908.0,407.0,2865.0,0.0
0.0,7970.0,2754.0,1348.0,0.0,1524.0,1524.0,961.0,387.0,2754.0,0.0
0.0,5216.0,1957.0,1362.0,0.0,3551.0,3551.0,993.0,369.0,1679.0,278.0
0.0,3259.0,685.0,1357.0,0.0,4211.0,4211.0,993.0,364.0,0.0,685.0
0.0,2574.0,1097.0,1373.0,1524.0,3864.0,3864.0,993.0,380.0,0.0,1097.0
0.0,3001.0,1225.0,1397.0,3551.0,1658.0,1658.0,993.0,404.0,0.0,1225.0
0.0,5327.0,946.0,1397.0,4211.0,0.0,0.0,975.0,422.0,0.0,946.0
0.0,8592.0,255.0,1366.0,3864.0,0.0,0.0,939.0,427.0,0.0,255.0
0.0,12201.0,82.0,1314.0,1658.0,0.0,0.0,887.0,427.0,82.0,0.0
0.0,13777.0,1027.0,1281.0,0.0,0.0,0.0,854.0,427.0,1027.0,0.0
0.0,12750.0,1976.0,1279.0,0.0,0.0,0.0,857.0,422.0,1976.0,0.0
0.0,10774.0,2838.0,1322.0,0.0,0.0,0.0,912.0,410.0,2838.0,0.0
0.0,7936.0,2759.0,1355.0,0.0,1598.0,1598.0,965.0,390.0,2759.0,0.0
0.0,5177.0,1987.0,1370.0,0.0,3660.0,3660.0,998.0,372.0,1726.0,261.0
0.0,3190.0,670.0,1365.0,0.0,4305.0,4305.0,998.0,367.0,0.0,670.0
0.0,2520.0,1074.0,1380.0,1598.0,3856.0,3856.0,998.0,382.0,0.0,1074.0
0.0,3044.0,1217.0,1403.0,3660.0,1528.0,1528.0,998.0,405.0,0.0,1217.0
0.0,5487.0,951.0,1403.0,4305.0,0.0,0.0,980.0,423.0,0.0,951.0
0.0,8841.0,282.0,1374.0,3856.0,0.0,0.0,945.0,429.0,0.0,282.0
0.0,12415.0,79.0,1322.0,1528.0,0.0,0.0,893.0,429.0,79.0,0.0
0.0,13864.0,1030.0,1289.0,0.0,0.0,0.0,860.0,429.0,1030.0,0.0
0.0,12834.0,1977.0,1286.0,0.0,0.0,0.0,862.0,424.0,1977.0,0.0
0.0,10857.0,2851.0,1329.0,0.0,0.0,0.0,917.0,412.0,2851.0,0.0
0.0,8006.0,2770.0,1362.0,0.0,1574.0,1574.0,970.0,392.0,2770.0,0.0
0.0,5236.0,2022.0,1379.0,0.0,3681.0,3681.0,1004.0,375.0,1744.0,278.0
0.0,3214.0,686.0,1373.0,0.0,4337.0,4337.0,1004.0,369.0,0.0,686.0
0.0,2528.0,1095.0,1388.0,1574.0,3933.0,3933.0,1004.0,384.0,0.0,1095.0
0.0,3007.0,1227.0,1411.0,3681.0,1594.0,1594.0,1003.0,408.0,0.0,1227.0
0.0,5461.0,951.0,1410.0,4337.0,0.0,0.0,984.0,426.0,0.0,951.0
0.0,8847.0,272.0,1379.0,3933.0,0.0,0.0,948.0,431.0,0.0,272.0
0.0,12508.0,133.0,1327.0,1594.0,0.0,0.0,896.0,431.0,133.0,0.0
0.0,13969.0,1101.0,1295.0,0.0,0.0,0.0,864.0,431.0,1101.0,0.0
0.0,12868.0,2066.0,1295.0,0.0,0.0,0.0,869.0,426.0,2066.0,0.0
0.0,10802.0,2905.0,1338.0,0.0,0.0,0.0,925.0,413.0,2905.0,0.0
0.0,7897.0,2772.0,1371.0,0.0,1730.0,1730.0,978.0,393.0,2772.0,0.0
0.0,5125.0,1992.0,1385.0,0.0,3792.0,3792.0,1010.0,375.0,1681.0,311.0
0.0,3133.0,727.0,1381.0,0.0,4499.0,4499.0,1010.0,371.0,0.0,727.0
0.0,2406.0,1144.0,1397.0,1730.0,3993.0,3993.0,1010.0,387.0,0.0,1144.0
0.0,2992.0,1251.0,1419.0,3792.0,1562.0,1562.0,1008.0,411.0,0.0,1251.0
0.0,5533.0,947.0,1418.0,4499.0,0.0,0.0,988.0,430.0,0.0,947.0
0.0,9085.0,222.0,1383.0,3993.0,0.0,0.0,949.0,434.0,0.0,222.0
0.0,12856.0,183.0,1332.0,1562.0,0.0,0.0,898.0,434.0,183.0,0.0
0.0,14235.0,1166.0,1301.0,0.0,0.0,0.0,867.0,434.0,1166.0,0.0
0.0,13069.0,2145.0,1303.0,0.0,0.0,0.0,875.0,428.0,2145.0,0.0
0.0,10924.0,2946.0,1347.0,0.0,0.0,0.0,932.0,415.0,2946.0,0.0
0.0,7978.0,2760.0,1379.0,0.0,1677.0,1677.0,985.0,394.0,2760.0,0.0
0.0,5218.0,1925.0,1392.0,0.0,3667.0,3667.0,1016.0,376.0,1600.0,325.0
0.0,3293.0,745.0,1389.0,0.0,4397.0,4397.0,1016.0,373.0,0.0,745.0
0.0,2548.0,1165.0,1406.0,1677.0,3970.0,3970.0,1016.0,390.0,0.0,1165.0
0.0,3060.0,1264.0,1428.0,3667.0,1677.0,1677.0,1014.0,414.0,0.0,1264.0
0.0,5463.0,938.0,1425.0,4397.0,0.0,0.0,993.0,432.0,0.0,938.0
0.0,8922.0,192.0,1390.0,3970.0,0.0,0.0,954.0,436.0,0.0,192.0
0.0,12700.0,179.0,1338.0,1677.0,0.0,0.0,902.0,436.0,179.0,0.0
0.0,14198.0,1155.0,1308.0,0.0,0.0,0.0,872.0,436.0,1155.0,0.0
0.0,13043.0,2130.0,1311.0,0.0,0.0,0.0,880.0,431.0,2130.0,0.0
0.0,10913.0,2930.0,1355.0,0.0,0.0,0.0,937.0,418.0,2930.0,0.0
0.0,7983.0,2748.0,1387.0,0.0,1700.0,1700.0,990.0,397.0,2748.0,0.0
0.0,5235.0,1905.0,1399.0,0.0,3665.0,3665.0,1020.0,379.0,1595.0,310.0
0.0,3330.0,726.0,1395.0,0.0,4371.0,4371.0,1020.0,375.0,0.0,726.0
0.0,2604.0,1147.0,1412.0,1700.0,3903.0,3903.0,1020.0,392.0,0.0,1147.0
0.0,3157.0,1253.0,1435.0,3665.0,1606.0,1606.0,1019.0,416.0,0.0,1253.0
0.0,5569.0,942.0,1433.0,4371.0,0.0,0.0,999.0,434.0,0.0,942.0
0.0,8998.0,210.0,1399.0,3903.0,0.0,0.0,961.0,438.0,0.0,210.0
0.0,12691.0,154.0,1347.0,1606.0,0.0,0.0,909.0,438.0,154.0,0.0
0.0,14143.0,1121.0,1316.0,0.0,0.0,0.0,878.0,438.0,1121.0,0.0
0.0,13022.0,2093.0,1318.0,0.0,0.0,0.0,885.0,433.0,2093.0,0.0
0.0,10929.0,2906.0,1361.0,0.0,0.0,0.0,941.0,420.0,2906.0,0.0
0.0,8023.0,2757.0,1394.0,0.0,1704.0,1704.0,994.0,400.0,2757.0,0.0
0.0,5266.0,1929.0,1407.0,0.0,3698.0,3698.0,1025.0,382.0,1631.0,298.0
0.0,3337.0,718.0,1402.0,0.0,4391.0,4391.0,1025.0,377.0,0.0,718.0
0.0,2619.0,1133.0,1419.0,1704.0,3905.0,3905.0,1025.0,394.0,0.0,1133.0
0.0,3190.0,1250.0,1442.0,3698.0,1572.0,1572.0,1024.0,418.0,0.0,1250.0
0.0,5638.0,948.0,1440.0,4391.0,0.0,0.0,1004.0,436.0,0.0,948.0
0.0,9081.0,231.0,1406.0,3905.0,0.0,0.0,966.0,440.0,0.0,231.0
0.0,12755.0,170.0,1354.0,1572.0,0.0,0.0,914.0,440.0,170.0,0.0
0.0,14157.0,1144.0,1323.0,0.0,0.0,0.0,883.0,440.0,1144.0,0.0
0.0,13013.0,2124.0,1325.0,0.0,0.0,0.0,890.0,435.0,2124.0,0.0
0.0,10889.0,2931.0,1369.0,0.0,0.0,0.0,947.0,422.0,2931.0,0.0
0.0,7958.0,2770.0,1401.0,0.0,1817.0,1817.0,1000.0,401.0,2770.0,0.0
0.0,5188.0,1948.0,1415.0,0.0,3835.0,3835.0,1031.0,384.0,1626.0,322.0
0.0,3240.0,743.0,1411.0,0.0,4558.0,4558.0,1031.0,380.0,0.0,743.0
0.0,2497.0,1165.0,1428.0,1817.0,3991.0,3991.0,1031.0,397.0,0.0,1165.0
0.0,3149.0,1265.0,1450.0,3835.0,1531.0,1531.0,1029.0,421.0,0.0,1265.0
0.0,5719.0,950.0,1446.0,4558.0,0.0,0.0,1007.0,439.0,0.0,950.0
0.0,9327.0,209.0,1411.0,3991.0,0.0,0.0,968.0,443.0,0.0,209.0
0.0,13109.0,232.0,1359.0,1531.0,0.0,0.0,916.0,443.0,232.0,0.0
0.0,14408.0,1225.0,1330.0,0.0,0.0,0.0,887.0,443.0,1225.0,0.0
0.0,13183.0,2224.0,1334.0,0.0,0.0,0.0,897.0,437.0,2224.0,0.0
0.0,10959.0,2988.0,1377.0,0.0,0.0,0.0,954.0,423.0,2988.0,0.0
0.0,7971.0,2765.0,1409.0,0.0,1839.0,1839.0,1008.0,401.0,2765.0,0.0
0.0,5206.0,1888.0,1421.0,0.0,3787.0,3787.0,1037.0,384.0,1540.0,348.0
0.0,3318.0,777.0,1418.0,0.0,4549.0,4549.0,1037.0,381.0,0.0,777.0
0.0,2541.0,1206.0,1437.0,1839.0,4011.0,4011.0,1037.0,400.0,0.0,1206.0
0.0,3174.0,1287.0,1458.0,3787.0,1616.0,1616.0,1034.0,424.0,0.0,1287.0
0.0,5674.0,945.0,1454.0,4549.0,0.0,0.0,1011.0,443.0,0.0,945.0
0.0,9278.0,169.0,1416.0,4011.0,0.0,0.0,970.0,446.0,0.0,169.0
0.0,13120.0,275.0,1365.0,1616.0,0.0,0.0,919.0,446.0,275.0,0.0
0.0,14461.0,1284.0,1336.0,0.0,0.0,0.0,890.0,446.0,1284.0,0.0
0.0,13177.0,2288.0,1344.0,0.0,0.0,0.0,904.0,440.0,2288.0,0.0
0.0,10889.0,3017.0,1387.0,0.0,0.0,0.0,962.0,425.0,3017.0,0.0
0.0,7872.0,2741.0,1417.0,0.0,1954.0,1954.0,1014.0,403.0,2741.0,0.0
0.0,5131.0,1809.0,1427.0,0.0,3813.0,3813.0,1042.0,385.0,1456.0,353.0
0.0,3322.0,783.0,1424.0,0.0,4581.0,4581.0,1042.0,382.0,0.0,783.0
0.0,2539.0,1212.0,1444.0,1954.0,3939.0,3939.0,1042.0,402.0,0.0,1212.0
0.0,3281.0,1293.0,1466.0,3813.0,1529.0,1529.0,1039.0,427.0,0.0,1293.0
0.0,5801.0,939.0,1462.0,4581.0,0.0,0.0,1017.0,445.0,0.0,939.0
0.0,9443.0,155.0,1424.0,3939.0,0.0,0.0,976.0,448.0,0.0,155.0
0.0,13227.0,260.0,1372.0,1529.0,0.0,0.0,924.0,448.0,260.0,0.0
0.0,14496.0,1263.0,1344.0,0.0,0.0,0.0,896.0,448.0,1263.0,0.0
0.0,13233.0,2260.0,1351.0,0.0,0.0,0.0,909.0,442.0,2260.0,0.0
0.0,10973.0,3001.0,1394.0,0.0,0.0,0.0,966.0,428.0,3001.0,0.0
0.0,7972.0,2733.0,1425.0,0.0,1886.0,1886.0,1019.0,406.0,2733.0,0.0
0.0,5239.0,1807.0,1435.0,0.0,3743.0,3743.0,1047.0,388.0,1472.0,335.0
0.0,3432.0,761.0,1432.0,0.0,4489.0,4489.0,1047.0,385.0,0.0,761.0
0.0,2671.0,1191.0,1451.0,1886.0,3889.0,3889.0,1047.0,404.0,0.0,1191.0
0.0,3366.0,1281.0,1472.0,3743.0,1532.0,1532.0,1044.0,428.0,0.0,1281.0
0.0,5828.0,945.0,1469.0,4489.0,0.0,0.0,1023.0,446.0,0.0,945.0
0.0,9372.0,179.0,1432.0,3889.0,0.0,0.0,982.0,450.0,0.0,179.0
0.0,13082.0,229.0,1381.0,1532.0,0.0,0.0,931.0,450.0,229.0,0.0
0.0,14385.0,1225.0,1351.0,0.0,0.0,0.0,901.0,450.0,1225.0,0.0
0.0,13160.0,2217.0,1357.0,0.0,0.0,0.0,913.0,444.0,2217.0,0.0
0.0,10943.0,2985.0,1400.0,0.0,0.0,0.0,970.0,430.0,2985.0,0.0
0.0,7958.0,2752.0,1431.0,0.0,1949.0,1949.0,1023.0,408.0,2752.0,0.0
0.0,5206.0,1863.0,1443.0,0.0,3872.0,3872.0,1052.0,391.0,1533.0,330.0
0.0,3343.0,761.0,1439.0,0.0,4613.0,4613.0,1052.0,387.0,0.0,761.0
0.0,2582.0,1188.0,1458.0,1949.0,3947.0,3947.0,1052.0,406.0,0.0,1188.0
0.0,3343.0,1285.0,1479.0,3872.0,1465.0,1465.0,1049.0,430.0,0.0,1285.0
0.0,5930.0,952.0,1476.0,4613.0,0.0,0.0,1027.0,449.0,0.0,952.0
0.0,9591.0,192.0,1438.0,3947.0,0.0,0.0,986.0,452.0,0.0,192.0
0.0,13346.0,256.0,1387.0,1465.0,0.0,0.0,935.0,452.0,256.0,0.0
0.0,14555.0,1263.0,1358.0,0.0,0.0,0.0,906.0,452.0,1263.0,0.0
0.0,13292.0,2267.0,1364.0,0.0,0.0,0.0,918.0,446.0,2267.0,0.0
0.0,11025.0,3022.0,1408.0,0.0,0.0,0.0,976.0,432.0,3022.0,0.0
0.0,8003.0,2767.0,1439.0,0.0,1959.0,1959.0,1030.0,409.0,2767.0,0.0
0.0,5236.0,1873.0,1451.0,0.0,3892.0,3892.0,1059.0,392.0,1515.0,358.0
0.0,3363.0,792.0,1448.0,0.0,4669.0,4669.0,1059.0,389.0,0.0,792.0
0.0,2571.0,1226.0,1468.0,1959.0,4036.0,4036.0,1059.0,409.0,0.0,1226.0
0.0,3304.0,1303.0,1488.0,3892.0,1547.0,1547.0,1054.0,434.0,0.0,1303.0
0.0,5893.0,947.0,1483.0,4669.0,0.0,0.0,1031.0,452.0,0.0,947.0
0.0,9615.0,163.0,1443.0,4036.0,0.0,0.0,988.0,455.0,0.0,163.0
0.0,13488.0,322.0,1392.0,1547.0,0.0,0.0,937.0,455.0,322.0,0.0
0.0,14713.0,1344.0,1364.0,0.0,0.0,0.0,909.0,455.0,1344.0,0.0
0.0,13369.0,2372.0,1373.0,0.0,0.0,0.0,925.0,448.0,2372.0,0.0
0.0,10997.0,3074.0,1417.0,0.0,0.0,0.0,984.0,433.0,3074.0,0.0
0.0,7923.0,2755.0,1447.0,0.0,2067.0,2067.0,1037.0,410.0,2755.0,0.0
0.0,5168.0,1800.0,1458.0,0.0,3922.0,3922.0,1065.0,393.0,1414.0,386.0
0.0,3368.0,826.0,1455.0,0.0,4733.0,4733.0,1065.0,390.0,0.0,826.0
0.0,2542.0,1266.0,1477.0,2067.0,4042.0,4042.0,1065.0,412.0,0.0,1266.0
0.0,3343.0,1321.0,1496.0,3922.0,1536.0,1536.0,1059.0,437.0,0.0,1321.0
0.0,5944.0,941.0,1490.0,4733.0,0.0,0.0,1035.0,455.0,0.0,941.0
0.0,9736.0,116.0,1448.0,4042.0,0.0,0.0,991.0,457.0,0.0,116.0
0.0,13662.0,352.0,1396.0,1536.0,0.0,0.0,939.0,457.0,352.0,0.0
0.0,14846.0,1380.0,1370.0,0.0,0.0,0.0,913.0,457.0,1380.0,0.0
0.0,13466.0,2412.0,1383.0,0.0,0.0,0.0,932.0,451.0,2412.0,0.0
0.0,11054.0,3087.0,1426.0,0.0,0.0,0.0,991.0,435.0,3087.0,0.0
0.0,7967.0,2738.0,1456.0,0.0,2051.0,2051.0,1044.0,412.0,2738.0,0.0
0.0,5229.0,1734.0,1465.0,0.0,3830.0,3830.0,1070.0,395.0,1351.0,383.0
0.0,3495.0,822.0,1462.0,0.0,4637.0,4637.0,1070.0,392.0,0.0,822.0
0.0,2673.0,1261.0,1484.0,2051.0,3957.0,3957.0,1070.0,414.0,0.0,1261.0
0.0,3463.0,1321.0,1504.0,3830.0,1548.0,1548.0,1065.0,439.0,0.0,1321.0
0.0,5972.0,937.0,1497.0,4637.0,0.0,0.0,1040.0,457.0,0.0,937.0
0.0,9672.0,114.0,1456.0,3957.0,0.0,0.0,997.0,459.0,0.0,114.0
0.0,13515.0,325.0,1404.0,1548.0,0.0,0.0,945.0,459.0,325.0,0.0
0.0,14738.0,1344.0,1378.0,0.0,0.0,0.0,919.0,459.0,1344.0,0.0
0.0,13394.0,2367.0,1389.0,0.0,0.0,0.0,936.0,453.0,2367.0,0.0
0.0,11027.0,3060.0,1433.0,0.0,0.0,0.0,995.0,438.0,3060.0,0.0
0.0,7967.0,2738.0,1462.0,0.0,2081.0,2081.0,1047.0,415.0,2738.0,0.0
0.0,5229.0,1752.0,1472.0,0.0,3883.0,3883.0,1074.0,398.0,1387.0,365.0
0.0,3477.0,800.0,1469.0,0.0,4668.0,4668.0,1074.0,395.0,0.0,800.0
0.0,2677.0,1240.0,1489.0,2081.0,3927.0,3927.0,1074.0,415.0,0.0,1240.0
0.0,3518.0,1310.0,1510.0,3883.0,1459.0,1459.0,1070.0,440.0,0.0,1310.0
0.0,6091.0,945.0,1505.0,4668.0,0.0,0.0,1046.0,459.0,0.0,945.0
0.0,9814.0,140.0,1465.0,3927.0,0.0,0.0,1004.0,461.0,0.0,140.0
0.0,13601.0,313.0,1413.0,1459.0,0.0,0.0,952.0,461.0,313.0,0.0
0.0,14747.0,1330.0,1386.0,0.0,0.0,0.0,925.0,461.0,1330.0,0.0
0.0,13417.0,2352.0,1396.0,0.0,0.0,0.0,941.0,455.0,2352.0,0.0
0.0,11065.0,3057.0,1439.0,0.0,0.0,0.0,999.0,440.0,3057.0,0.0
0.0,8008.0,2752.0,1470.0,0.0,2094.0,2094.0,1052.0,418.0,2752.0,0.0
0.0,5256.0,1789.0,1480.0,0.0,3933.0,3933.0,1080.0,400.0,1421.0,368.0
0.0,3467.0,811.0,1477.0,0.0,4729.0,4729.0,1080.0,397.0,0.0,811.0
0.0,2656.0,1250.0,1498.0,2094.0,3990.0,3990.0,1080.0,418.0,0.0,1250.0
0.0,3500.0,1321.0,1518.0,3933.0,1478.0,1478.0,1075.0,443.0,0.0,1321.0
0.0,6112.0,950.0,1511.0,4729.0,0.0,0.0,1050.0,461.0,0.0,950.0
0.0,9891.0,141.0,1471.0,3990.0,0.0,0.0,1007.0,464.0,0.0,141.0
0.0,13740.0,361.0,1420.0,1478.0,0.0,0.0,956.0,464.0,361.0,0.0
0.0,14857.0,1398.0,1393.0,0.0,0.0,0.0,929.0,464.0,1398.0,0.0
0.0,13459.0,2432.0,1404.0,0.0,0.0,0.0,947.0,457.0,2432.0,0.0
0.0,11027.0,3112.0,1449.0,0.0,0.0,0.0,1007.0,442.0,3112.0,0.0
0.0,7915.0,2752.0,1478.0,0.0,2227.0,2227.0,1060.0,418.0,2752.0,0.0
0.0,5163.0,1766.0,1487.0,0.0,4038.0,4038.0,1086.0,401.0,1365.0,401.0
0.0,3397.0,847.0,1485.0,0.0,4875.0,4875.0,1086.0,399.0,0.0,847.0
0.0,2550.0,1294.0,1507.0,2227.0,4052.0,4052.0,1086.0,421.0,0.0,1294.0
0.0,3483.0,1341.0,1526.0,4038.0,1450.0,1450.0,1080.0,446.0,0.0,1341.0
0.0,6180.0,942.0,1519.0,4875.0,0.0,0.0,1054.0,465.0,0.0,942.0
0.0,10113.0,102.0,1475.0,4052.0,0.0,0.0,1008.0,467.0,0.0,102.0
0.0,14063.0,415.0,1424.0,1450.0,0.0,0.0,957.0,467.0,415.0,0.0
0.0,15098.0,1470.0,1399.0,0.0,0.0,0.0,932.0,467.0,1470.0,0.0
0.0,13628.0,2521.0,1413.0,0.0,0.0,0.0,954.0,459.0,2521.0,0.0
0.0,11107.0,3162.0,1457.0,0.0,0.0,0.0,1014.0,443.0,3162.0,0.0
0.0,7945.0,2744.0,1486.0,0.0,2229.0,2229.0,1067.0,419.0,2744.0,0.0
0.0,5201.0,1704.0,1494.0,0.0,3973.0,3973.0,1092.0,402.0,1280.0,424.0
0.0,3497.0,875.0,1492.0,0.0,4838.0,4838.0,1092.0,400.0,0.0,875.0
0.0,2622.0,1326.0,1516.0,2229.0,4055.0,4055.0,1092.0,424.0,0.0,1326.0
0.0,3525.0,1353.0,1535.0,3973.0,1530.0,1530.0,1085.0,450.0,0.0,1353.0
0.0,6145.0,934.0,1527.0,4838.0,0.0,0.0,1059.0,468.0,0.0,934.0
0.0,10049.0,59.0,1481.0,4055.0,0.0,0.0,1012.0,469.0,0.0,59.0
0.0,14045.0,414.0,1430.0,1530.0,0.0,0.0,961.0,469.0,414.0,0.0
0.0,15161.0,1469.0,1405.0,0.0,0.0,0.0,936.0,469.0,1469.0,0.0
0.0,13692.0,2519.0,1420.0,0.0,0.0,0.0,959.0,461.0,2519.0,0.0
0.0,11173.0,3159.0,1466.0,0.0,0.0,0.0,1020.0,446.0,3159.0,0.0
0.0,8014.0,2738.0,1493.0,0.0,2189.0,2189.0,1072.0,421.0,2738.0,0.0
0.0,5276.0,1687.0,1501.0,0.0,3916.0,3916.0,1097.0,404.0,1271.0,416.0
0.0,3589.0,864.0,1500.0,0.0,4775.0,4775.0,1097.0,403.0,0.0,864.0
0.0,2725.0,1312.0,1523.0,2189.0,4013.0,4013.0,1097.0,426.0,0.0,1312.0
0.0,3602.0,1349.0,1542.0,3916.0,1541.0,1541.0,1090.0,452.0,0.0,1349.0
0.0,6169.0,932.0,1534.0,4775.0,0.0,0.0,1065.0,469.0,0.0,932.0
0.0,10012.0,67.0,1490.0,4013.0,0.0,0.0,1019.0,471.0,0.0,67.0
0.0,13958.0,381.0,1439.0,1541.0,0.0,0.0,968.0,471.0,381.0,0.0
0.0,15118.0,1422.0,1413.0,0.0,0.0,0.0,942.0,471.0,1422.0,0.0
0.0,13696.0,2463.0,1427.0,0.0,0.0,0.0,963.0,464.0,2463.0,0.0
0.0,11233.0,3127.0,1471.0,0.0,0.0,0.0,1023.0,448.0,3127.0,0.0
0.0,8106.0,2745.0,1500.0,0.0,2139.0,2139.0,1076.0,424.0,2745.0,0.0
0.0,5361.0,1728.0,1508.0,0.0,3907.0,3907.0,1101.0,407.0,1327.0,401.0
0.0,3633.0,852.0,1506.0,0.0,4749.0,4749.0,1101.0,405.0,0.0,852.0
0.0,2781.0,1298.0,1529.0,2139.0,4023.0,4023.0,1101.0,428.0,0.0,1298.0
0.0,3622.0,1343.0,1548.0,3907.0,1554.0,1554.0,1095.0,453.0,0.0,1343.0
0.0,6186.0,937.0,1541.0,4749.0,0.0,0.0,1070.0,471.0,0.0,937.0
0.0,9998.0,85.0,1498.0,4023.0,0.0,0.0,1025.0,473.0,0.0,85.0
0.0,13936.0,390.0,1446.0,1554.0,0.0,0.0,973.0,473.0,390.0,0.0
0.0,15100.0,1434.0,1421.0,0.0,0.0,0.0,948.0,473.0,1434.0,0.0
0.0,13666.0,2484.0,1434.0,0.0,0.0,0.0,968.0,466.0,2484.0,0.0
0.0,11182.0,3140.0,1479.0,0.0,0.0,0.0,1029.0,450.0,3140.0,0.0
0.0,8042.0,2759.0,1508.0,0.0,2257.0,2257.0,1082.0,426.0,2759.0,0.0
0.0,5283.0,1743.0,1516.0,0.0,4040.0,4040.0,1107.0,409.0,1324.0,419.0
0.0,3540.0,869.0,1514.0,0.0,4899.0,4899.0,1107.0,407.0,0.0,869.0
0.0,2671.0,1320.0,1537.0,2257.0,4077.0,4077.0,1107.0,430.0,0.0,1320.0
0.0,3608.0,1353.0,1556.0,4040.0,1485.0,1485.0,1100.0,456.0,0.0,1353.0
0.0,6295.0,937.0,1547.0,4899.0,0.0,0.0,1073.0,474.0,0.0,937.0
0.0,10257.0,71.0,1502.0,4077.0,0.0,0.0,1027.0,475.0,0.0,71.0
0.0,14263.0,449.0,1450.0,1485.0,0.0,0.0,975.0,475.0,449.0,0.0
0.0,15299.0,1511.0,1427.0,0.0,0.0,0.0,952.0,475.0,1511.0,0.0
0.0,13788.0,2580.0,1443.0,0.0,0.0,0.0,975.0,468.0,2580.0,0.0
0.0,11208.0,3196.0,1487.0,0.0,0.0,0.0,1036.0,451.0,3196.0,0.0
0.0,8012.0,2757.0,1516.0,0.0,2325.0,2325.0,1089.0,427.0,2757.0,0.0
0.0,5255.0,1703.0,1523.0,0.0,4063.0,4063.0,1113.0,410.0,1246.0,457.0
0.0,3552.0,916.0,1522.0,0.0,4974.0,4974.0,1113.0,409.0,0.0,916.0
0.0,2636.0,1375.0,1547.0,2325.0,4149.0,4149.0,1113.0,434.0,0.0,1375.0
0.0,3586.0,1378.0,1565.0,4063.0,1554.0,1554.0,1105.0,460.0,0.0,1378.0
0.0,6271.0,922.0,1555.0,4974.0,0.0,0.0,1077.0,478.0,0.0,922.0
0.0,10323.0,13.0,1507.0,4149.0,0.0,0.0,1029.0,478.0,0.0,13.0
0.0,14459.0,502.0,1456.0,1554.0,0.0,0.0,978.0,478.0,502.0,0.0
0.0,15511.0,1578.0,1433.0,0.0,0.0,0.0,955.0,478.0,1578.0,0.0
0.0,13933.0,2659.0,1452.0,0.0,0.0,0.0,982.0,470.0,2659.0,0.0
0.0,11274.0,3234.0,1497.0,0.0,0.0,0.0,1044.0,453.0,3234.0,0.0
0.0,8040.0,2748.0,1524.0,0.0,2328.0,2328.0,1096.0,428.0,2738.0,10.0
0.0,5292.0,1626.0,1530.0,0.0,3984.0,3984.0,1119.0,411.0,1155.0,471.0
0.0,3666.0,932.0,1530.0,0.0,4916.0,4916.0,1119.0,411.0,0.0,932.0
0.0,2734.0,1383.0,1555.0,2328.0,4096.0,4096.0,1119.0,436.0,0.0,1383.0
0.0,3679.0,1373.0,1574.0,3984.0,1580.0,1580.0,1111.0,463.0,0.0,1373.0
0.0,6290.0,907.0,1562.0,4916.0,0.0,0.0,1082.0,480.0,0.0,907.0
0.0,10299.0,0.0,1514.0,4096.0,0.0,0.0,1034.0,480.0,0.0,0.0
0.0,14395.0,492.0,1463.0,1580.0,0.0,0.0,983.0,480.0,492.0,0.0
0.0,15483.0,1569.0,1440.0,0.0,0.0,0.0,960.0,480.0,1569.0,0.0
0.0,13914.0,2640.0,1459.0,0.0,0.0,0.0,987.0,472.0,2640.0,0.0
0.0,11274.0,3218.0,1503.0,0.0,0.0,0.0,1048.0,455.0,3218.0,0.0
0.0,8056.0,2728.0,1531.0,0.0,2327.0,2327.0,1101.0,430.0,2723.0,5.0
0.0,5328.0,1615.0,1536.0,0.0,3967.0,3967.0,1123.0,413.0,1152.0,463.0
0.0,3713.0,921.0,1536.0,0.0,4888.0,4888.0,1123.0,413.0,0.0,921.0
0.0,2792.0,1373.0,1561.0,2327.0,4059.0,4059.0,1123.0,438.0,0.0,1373.0
0.0,3746.0,1372.0,1581.0,3967.0,1564.0,1564.0,1116.0,465.0,0.0,1372.0
0.0,6341.0,908.0,1570.0,4888.0,0.0,0.0,1088.0,482.0,0.0,908.0
0.0,10321.0,0.0,1523.0,4059.0,0.0,0.0,1041.0,482.0,0.0,0.0
0.0,14380.0,470.0,1472.0,1564.0,0.0,0.0,990.0,482.0,470.0,0.0
0.0,15474.0,1539.0,1449.0,0.0,0.0,0.0,967.0,482.0,1539.0,0.0
0.0,13935.0,2603.0,1465.0,0.0,0.0,0.0,991.0,474.0,2603.0,0.0
0.0,11332.0,3202.0,1511.0,0.0,0.0,0.0,1053.0,458.0,3202.0,0.0
0.0,8130.0,2727.0,1538.0,0.0,2287.0,2287.0,1105.0,433.0,2727.0,0.0
0.0,5403.0,1646.0,1544.0,0.0,3963.0,3963.0,1128.0,416.0,1194.0,452.0
0.0,3757.0,909.0,1543.0,0.0,4867.0,4867.0,1128.0,415.0,0.0,909.0
0.0,2848.0,1371.0,1568.0,2287.0,4076.0,4076.0,1128.0,440.0,0.0,1371.0
0.0,3764.0,1376.0,1587.0,3963.0,1584.0,1584.0,1121.0,466.0,0.0,1376.0
0.0,6351.0,925.0,1577.0,4867.0,0.0,0.0,1093.0,484.0,0.0,925.0
0.0,10293.0,12.0,1529.0,4076.0,0.0,0.0,1045.0,484.0,0.0,12.0
0.0,14357.0,487.0,1478.0,1584.0,0.0,0.0,994.0,484.0,487.0,0.0
0.0,15454.0,1564.0,1455.0,0.0,0.0,0.0,971.0,484.0,1564.0,0.0
0.0,13890.0,2638.0,1473.0,0.0,0.0,0.0,997.0,476.0,2638.0,0.0
0.0,11252.0,3231.0,1519.0,0.0,0.0,0.0,1059.0,460.0,3231.0,0.0
0.0,8021.0,2749.0,1546.0,0.0,2458.0,2458.0,1112.0,434.0,2744.0,5.0
0.0,5272.0,1657.0,1551.0,0.0,4140.0,4140.0,1134.0,417.0,1190.0,467.0
0.0,3615.0,935.0,1551.0,0.0,5075.0,5075.0,1134.0,417.0,0.0,935.0
0.0,2680.0,1394.0,1577.0,2458.0,4141.0,4141.0,1134.0,443.0,0.0,1394.0
0.0,3744.0,1392.0,1596.0,4140.0,1488.0,1488.0,1126.0,470.0,0.0,1392.0
0.0,6492.0,923.0,1584.0,5075.0,0.0,0.0,1097.0,487.0,0.0,923.0
0.0,10644.0,0.0,1534.0,4141.0,0.0,0.0,1047.0,487.0,0.0,0.0
0.0,14785.0,547.0,1483.0,1488.0,0.0,0.0,996.0,487.0,547.0,0.0
0.0,15726.0,1643.0,1462.0,0.0,0.0,0.0,975.0,487.0,1643.0,0.0
0.0,14083.0,2736.0,1482.0,0.0,0.0,0.0,1003.0,479.0,2736.0,0.0
0.0,11347.0,3288.0,1528.0,0.0,0.0,0.0,1067.0,461.0,3288.0,0.0
0.0,8059.0,2768.0,1554.0,0.0,2479.0,2479.0,1119.0,435.0,2741.0,27.0
0.0,5291.0,1609.0,1559.0,0.0,4113.0,4113.0,1141.0,418.0,1107.0,502.0
0.0,3682.0,973.0,1560.0,0.0,5091.0,5091.0,1141.0,419.0,0.0,973.0
0.0,2709.0,1417.0,1587.0,2479.0,4164.0,4164.0,1141.0,446.0,0.0,1417.0
0.0,3771.0,1386.0,1604.0,4113.0,1522.0,1522.0,1131.0,473.0,0.0,1386.0
0.0,6498.0,885.0,1591.0,5091.0,0.0,0.0,1101.0,490.0,0.0,885.0
0.0,10704.0,0.0,1539.0,4164.0,0.0,0.0,1049.0,490.0,0.0,0.0
0.0,14868.0,585.0,1489.0,1522.0,0.0,0.0,999.0,490.0,585.0,0.0
0.0,15805.0,1686.0,1468.0,0.0,0.0,0.0,978.0,490.0,1686.0,0.0
0.0,14119.0,2792.0,1491.0,0.0,0.0,0.0,1010.0,481.0,2792.0,0.0
0.0,11327.0,3307.0,1536.0,0.0,0.0,0.0,1073.0,463.0,3307.0,0.0
0.0,8020.0,2759.0,1563.0,0.0,2554.0,2554.0,1126.0,437.0,2721.0,38.0
0.0,5261.0,1543.0,1566.0,0.0,4112.0,4112.0,1146.0,420.0,1034.0,509.0
0.0,3718.0,980.0,1568.0,0.0,5102.0,5102.0,1146.0,422.0,0.0,980.0
0.0,2738.0,1413.0,1595.0,2554.0,4096.0,4096.0,1146.0,449.0,0.0,1413.0
0.0,3879.0,1374.0,1611.0,4112.0,1438.0,1438.0,1136.0,475.0,0.0,1374.0
0.0,6617.0,869.0,1598.0,5102.0,0.0,0.0,1106.0,492.0,0.0,869.0
0.0,10850.0,0.0,1547.0,4096.0,0.0,0.0,1055.0,492.0,0.0,0.0
0.0,14946.0,569.0,1496.0,1438.0,0.0,0.0,1004.0,492.0,569.0,0.0
0.0,15815.0,1663.0,1476.0,0.0,0.0,0.0,984.0,492.0,1663.0,0.0
0.0,14152.0,2761.0,1498.0,0.0,0.0,0.0,1015.0,483.0,2761.0,0.0
0.0,11391.0,3284.0,1543.0,0.0,0.0,0.0,1078.0,465.0,3284.0,0.0
0.0,8107.0,2747.0,1569.0,0.0,2485.0,2485.0,1130.0,439.0,2717.0,30.0
0.0,5360.0,1543.0,1572.0,0.0,4043.0,4043.0,1150.0,422.0,1046.0,497.0
0.0,3817.0,964.0,1574.0,0.0,5017.0,5017.0,1150.0,424.0,0.0,964.0
0.0,2853.0,1401.0,1600.0,2485.0,4063.0,4063.0,1150.0,450.0,0.0,1401.0
0.0,3937.0,1376.0,1618.0,4043.0,1486.0,1486.0,1141.0,477.0,0.0,1376.0
0.0,6604.0,879.0,1606.0,5017.0,0.0,0.0,1112.0,494.0,0.0,879.0
0.0,10742.0,0.0,1556.0,4063.0,0.0,0.0,1062.0,494.0,0.0,0.0
0.0,14805.0,547.0,1505.0,1486.0,0.0,0.0,1011.0,494.0,547.0,0.0
0.0,15744.0,1636.0,1484.0,0.0,0.0,0.0,990.0,494.0,1636.0,0.0
0.0,14108.0,2730.0,1504.0,0.0,0.0,0.0,1019.0,485.0,2730.0,0.0
0.0,11378.0,3273.0,1550.0,0.0,0.0,0.0,1082.0,468.0,3273.0,0.0
0.0,8105.0,2760.0,1577.0,0.0,2540.0,2540.0,1135.0,442.0,2732.0,28.0
0.0,5345.0,1589.0,1581.0,0.0,4149.0,4149.0,1156.0,425.0,1093.0,496.0
0.0,3756.0,964.0,1582.0,0.0,5118.0,5118.0,1156.0,426.0,0.0,964.0
0.0,2792.0,1410.0,1609.0,2540.0,4123.0,4123.0,1156.0,453.0,0.0,1410.0
0.0,3922.0,1383.0,1625.0,4149.0,1437.0,1437.0,1146.0,479.0,0.0,1383.0
0.0,6688.0,889.0,1612.0,5118.0,0.0,0.0,1116.0,496.0,0.0,889.0
0.0,10917.0,0.0,1561.0,4123.0,0.0,0.0,1065.0,496.0,0.0,0.0
0.0,15040.0,584.0,1511.0,1437.0,0.0,0.0,1015.0,496.0,584.0,0.0
0.0,15893.0,1690.0,1490.0,0.0,0.0,0.0,994.0,496.0,1690.0,0.0
0.0,14203.0,2793.0,1512.0,0.0,0.0,0.0,1025.0,487.0,2793.0,0.0
0.0,11410.0,3314.0,1558.0,0.0,0.0,0.0,1089.0,469.0,3314.0,0.0
0.0,8096.0,2783.0,1584.0,0.0,2607.0,2607.0,1141.0,443.0,2736.0,47.0
0.0,5313.0,1579.0,1589.0,0.0,4211.0,4211.0,1162.0,427.0,1052.0,527.0
0.0,3734.0,1003.0,1590.0,0.0,5219.0,5219.0,1162.0,428.0,0.0,1003.0
0.0,2731.0,1433.0,1618.0,2607.0,4185.0,4185.0,1162.0,456.0,0.0,1433.0
0.0,3905.0,1383.0,1633.0,4211.0,1432.0,1432.0,1151.0,482.0,0.0,1383.0
0.0,6733.0,858.0,1619.0,5219.0,0.0,0.0,1120.0,499.0,0.0,858.0
0.0,11094.0,0.0,1566.0,4185.0,0.0,0.0,1067.0,499.0,0.0,0.0
0.0,15279.0,654.0,1515.0,1432.0,0.0,0.0,1016.0,499.0,654.0,0.0
0.0,16057.0,1779.0,1496.0,0.0,0.0,0.0,998.0,498.0,1779.0,0.0
0.0,14278.0,2900.0,1521.0,0.0,0.0,0.0,1032.0,489.0,2900.0,0.0
0.0,11378.0,3373.0,1567.0,0.0,0.0,0.0,1097.0,470.0,3373.0,0.0
0.0,8005.0,2787.0,1593.0,0.0,2747.0,2747.0,1149.0,444.0,2717.0,70.0
0.0,5218.0,1498.0,1595.0,0.0,4255.0,4255.0,1167.0,428.0,941.0,557.0
0.0,3720.0,1039.0,1598.0,0.0,5309.0,5309.0,1167.0,431.0,0.0,1039.0
0.0,2681.0,1451.0,1626.0,2747.0,4153.0,4153.0,1167.0,459.0,0.0,1451.0
0.0,3977.0,1376.0,1641.0,4255.0,1349.0,1349.0,1156.0,485.0,0.0,1376.0
0.0,6856.0,819.0,1625.0,5309.0,0.0,0.0,1124.0,501.0,0.0,819.0
0.0,11346.0,0.0,1571.0,4153.0,0.0,0.0,1070.0,501.0,0.0,0.0
0.0,15499.0,675.0,1521.0,1349.0,0.0,0.0,1020.0,501.0,675.0,0.0
0.0,16173.0,1804.0,1502.0,0.0,0.0,0.0,1002.0,500.0,1804.0,0.0
0.0,14369.0,2928.0,1529.0,0.0,0.0,0.0,1038.0,491.0,2928.0,0.0
0.0,11441.0,3381.0,1575.0,0.0,0.0,0.0,1103.0,472.0,3381.0,0.0
0.0,8060.0,2772.0,1601.0,0.0,2717.0,2717.0,1155.0,446.0,2699.0,73.0
0.0,5288.0,1452.0,1602.0,0.0,4174.0,4174.0,1172.0,430.0,898.0,554.0
0.0,3836.0,1034.0,1605.0,0.0,5223.0,5223.0,1172.0,433.0,0.0,1034.0
0.0,2802.0,1441.0,1633.0,2717.0,4087.0,4087.0,1172.0,461.0,0.0,1441.0
0.0,4078.0,1367.0,1649.0,4174.0,1360.0,1360.0,1162.0,487.0,0.0,1367.0
0.0,6885.0,817.0,1633.0,5223.0,0.0,0.0,1130.0,503.0,0.0,817.0
0.0,11291.0,0.0,1579.0,4087.0,0.0,0.0,1076.0,503.0,0.0,0.0
0.0,15378.0,641.0,1529.0,1360.0,0.0,0.0,1026.0,503.0,641.0,0.0
0.0,16097.0,1761.0,1510.0,0.0,0.0,0.0,1007.0,503.0,1761.0,0.0
0.0,14336.0,2876.0,1535.0,0.0,0.0,0.0,1042.0,493.0,2876.0,0.0
0.0,11460.0,3354.0,1582.0,0.0,0.0,0.0,1107.0,475.0,3354.0,0.0
0.0,8106.0,2771.0,1608.0,0.0,2705.0,2705.0,1159.0,449.0,2707.0,64.0
0.0,5335.0,1490.0,1610.0,0.0,4205.0,4205.0,1177.0,433.0,949.0,541.0
0.0,3845.0,1018.0,1612.0,0.0,5233.0,5233.0,1177.0,435.0,0.0,1018.0
0.0,2827.0,1431.0,1640.0,2705.0,4099.0,4099.0,1177.0,463.0,0.0,1431.0
0.0,4101.0,1372.0,1656.0,4205.0,1346.0,1346.0,1167.0,489.0,0.0,1372.0
0.0,6934.0,831.0,1640.0,5233.0,0.0,0.0,1135.0,505.0,0.0,831.0
0.0,11336.0,0.0,1588.0,4099.0,0.0,0.0,1083.0,505.0,0.0,0.0
0.0,15435.0,633.0,1537.0,1346.0,0.0,0.0,1032.0,505.0,633.0,0.0
0.0,16148.0,1747.0,1518.0,0.0,0.0,0.0,1013.0,505.0,1747.0,0.0
0.0,14401.0,2862.0,1542.0,0.0,0.0,0.0,1047.0,495.0,2862.0,0.0
0.0,11539.0,3351.0,1589.0,0.0,0.0,0.0,1112.0,477.0,3351.0,0.0
0.0,8188.0,2792.0,1615.0,0.0,2679.0,2679.0,1164.0,451.0,2722.0,70.0
0.0,5396.0,1534.0,1618.0,0.0,4228.0,4228.0,1183.0,435.0,984.0,550.0
0.0,3862.0,1030.0,1621.0,0.0,5273.0,5273.0,1183.0,438.0,0.0,1030.0
0.0,2832.0,1446.0,1648.0,2679.0,4175.0,4175.0,1183.0,465.0,0.0,1446.0
0.0,4065.0,1378.0,1664.0,4228.0,1405.0,1405.0,1172.0,492.0,0.0,1378.0
0.0,6915.0,830.0,1647.0,5273.0,0.0,0.0,1139.0,508.0,0.0,830.0
0.0,11358.0,0.0,1593.0,4175.0,0.0,0.0,1085.0,508.0,0.0,0.0
0.0,15533.0,690.0,1543.0,1405.0,0.0,0.0,1035.0,508.0,690.0,0.0
0.0,16248.0,1821.0,1524.0,0.0,0.0,0.0,1017.0,507.0,1821.0,0.0
0.0,14427.0,2959.0,1551.0,0.0,0.0,0.0,1054.0,497.0,2959.0,0.0
0.0,11468.0,3404.0,1597.0,0.0,0.0,0.0,1119.0,478.0,3404.0,0.0
0.0,8064.0,2817.0,1624.0,0.0,2873.0,2873.0,1172.0,452.0,2725.0,92.0
0.0,5247.0,1484.0,1625.0,0.0,4362.0,4362.0,1189.0,436.0,904.0,580.0
0.0,3763.0,1074.0,1629.0,0.0,5456.0,5456.0,1189.0,440.0,0.0,1074.0
0.0,2689.0,1471.0,1658.0,2873.0,4199.0,4199.0,1189.0,469.0,0.0,1471.0
0.0,4091.0,1381.0,1672.0,4362.0,1288.0,1288.0,1177.0,495.0,0.0,1381.0
0.0,7072.0,797.0,1653.0,5456.0,0.0,0.0,1142.0,511.0,0.0,797.0
0.0,11731.0,0.0,1598.0,4199.0,0.0,0.0,1087.0,511.0,0.0,0.0
0.0,15930.0,747.0,1547.0,1288.0,0.0,0.0,1036.0,511.0,747.0,0.0
0.0,16471.0,1895.0,1529.0,0.0,0.0,0.0,1020.0,509.0,1895.0,0.0
0.0,14576.0,3048.0,1560.0,0.0,0.0,0.0,1061.0,499.0,3048.0,0.0
0.0,11528.0,3450.0,1606.0,0.0,0.0,0.0,1127.0,479.0,3450.0,0.0
0.0,8078.0,2813.0,1632.0,0.0,2895.0,2895.0,1179.0,453.0,2709.0,104.0
0.0,5265.0,1412.0,1633.0,0.0,4312.0,4312.0,1195.0,438.0,810.0,602.0
0.0,3853.0,1095.0,1638.0,0.0,5432.0,5432.0,1195.0,443.0,0.0,1095.0
0.0,2758.0,1484.0,1667.0,2895.0,4166.0,4166.0,1195.0,472.0,0.0,1484.0
0.0,4169.0,1374.0,1680.0,4312.0,1293.0,1293.0,1182.0,498.0,0.0,1374.0
0.0,7107.0,771.0,1660.0,5432.0,0.0,0.0,1147.0,513.0,0.0,771.0
0.0,11768.0,0.0,1604.0,4166.0,0.0,0.0,1091.0,513.0,0.0,0.0
0.0,15934.0,747.0,1553.0,1293.0,0.0,0.0,1040.0,513.0,747.0,0.0
0.0,16480.0,1894.0,1537.0,0.0,0.0,0.0,1025.0,512.0,1894.0,0.0
0.0,14586.0,3045.0,1567.0,0.0,0.0,0.0,1066.0,501.0,3045.0,0.0
0.0,11541.0,3443.0,1613.0,0.0,0.0,0.0,1132.0,481.0,3443.0,0.0
0.0,8098.0,2797.0,1639.0,0.0,2894.0,2894.0,1184.0,455.0,2698.0,99.0
0.0,5301.0,1385.0,1639.0,0.0,4279.0,4279.0,1199.0,440.0,796.0,589.0
0.0,3916.0,1079.0,1644.0,0.0,5383.0,5383.0,1199.0,445.0,0.0,1079.0
0.0,2837.0,1469.0,1673.0,2894.0,4103.0,4103.0,1199.0,474.0,0.0,1469.0
0.0,4262.0,1369.0,1687.0,4279.0,1263.0,1263.0,1187.0,500.0,0.0,1369.0
0.0,7172.0,783.0,1668.0,5383.0,0.0,0.0,1153.0,515.0,0.0,783.0
0.0,11772.0,0.0,1613.0,4103.0,0.0,0.0,1098.0,515.0,0.0,0.0
0.0,15875.0,714.0,1562.0,1263.0,0.0,0.0,1047.0,515.0,714.0,0.0
0.0,16424.0,1857.0,1545.0,0.0,0.0,0.0,1031.0,514.0,1857.0,0.0
0.0,14567.0,2994.0,1573.0,0.0,0.0,0.0,1070.0,503.0,2994.0,0.0
0.0,11573.0,3417.0,1620.0,0.0,0.0,0.0,1136.0,484.0,3417.0,0.0
0.0,8156.0,2794.0,1646.0,0.0,2868.0,2868.0,1188.0,458.0,2702.0,92.0
0.0,5362.0,1424.0,1647.0,0.0,4297.0,4297.0,1204.0,443.0,845.0,579.0
0.0,3938.0,1066.0,1651.0,0.0,5383.0,5383.0,1204.0,447.0,0.0,1066.0
0.0,2872.0,1462.0,1679.0,2868.0,4117.0,4117.0,1204.0,475.0,0.0,1462.0
0.0,4278.0,1376.0,1694.0,4297.0,1271.0,1271.0,1192.0,502.0,0.0,1376.0
0.0,7199.0,798.0,1675.0,5383.0,0.0,0.0,1158.0,517.0,0.0,798.0
0.0,11784.0,0.0,1620.0,4117.0,0.0,0.0,1103.0,517.0,0.0,0.0
0.0,15901.0,729.0,1570.0,1271.0,0.0,0.0,1053.0,517.0,729.0,0.0
0.0,16443.0,1876.0,1553.0,0.0,0.0,0.0,1037.0,516.0,1876.0,0.0
0.0,14567.0,3019.0,1581.0,0.0,0.0,0.0,1076.0,505.0,3019.0,0.0
0.0,11548.0,3440.0,1627.0,0.0,27.0,27.0,1142.0,485.0,3440.0,0.0
0.0,8108.0,2815.0,1654.0,0.0,2977.0,2977.0,1194.0,460.0,2710.0,105.0
0.0,5293.0,1441.0,1655.0,0.0,4423.0,4423.0,1210.0,445.0,844.0,597.0
0.0,3852.0,1090.0,1660.0,27.0,5511.0,5511.0,1210.0,450.0,0.0,1090.0
0.0,2789.0,1484.0,1688.0,2977.0,4158.0,4158.0,1210.0,478.0,0.0,1484.0
0.0,4282.0,1381.0,1702.0,4423.0,1186.0,1186.0,1197.0,505.0,0.0,1381.0
0.0,7324.0,786.0,1682.0,5511.0,0.0,0.0,1162.0,520.0,0.0,786.0
0.0,12049.0,0.0,1625.0,4158.0,0.0,0.0,1105.0,520.0,0.0,0.0
0.0,16207.0,786.0,1575.0,1186.0,0.0,0.0,1055.0,520.0,786.0,0.0
0.0,16607.0,1952.0,1558.0,0.0,0.0,0.0,1040.0,518.0,1952.0,0.0
0.0,14655.0,3115.0,1589.0,0.0,0.0,0.0,1082.0,507.0,3115.0,0.0
0.0,11540.0,3498.0,1636.0,0.0,138.0,138.0,1150.0,486.0,3498.0,0.0
0.0,8042.0,2840.0,1662.0,0.0,3108.0,3108.0,1202.0,460.0,2712.0,128.0
0.0,5202.0,1397.0,1663.0,0.0,4510.0,4510.0,1217.0,446.0,769.0,628.0
0.0,3805.0,1134.0,1669.0,138.0,5536.0,5536.0,1217.0,452.0,0.0,1134.0
0.0,2809.0,1507.0,1698.0,3108.0,4080.0,4080.0,1217.0,481.0,0.0,1507.0
0.0,4410.0,1381.0,1710.0,4510.0,1011.0,1011.0,1202.0,508.0,0.0,1381.0
0.0,7539.0,749.0,1688.0,5536.0,0.0,0.0,1166.0,522.0,0.0,749.0
0.0,12326.0,0.0,1629.0,4080.0,0.0,0.0,1107.0,522.0,0.0,0.0
0.0,16406.0,828.0,1579.0,1011.0,0.0,0.0,1057.0,522.0,828.0,0.0
0.0,16589.0,2006.0,1563.0,0.0,0.0,0.0,1043.0,520.0,2006.0,0.0
0.0,14583.0,3180.0,1598.0,0.0,0.0,0.0,1089.0,509.0,3180.0,0.0
0.0,11403.0,3531.0,1645.0,0.0,353.0,353.0,1157.0,488.0,3531.0,0.0
0.0,7872.0,2833.0,1671.0,0.0,3316.0,3316.0,1209.0,462.0,2698.0,135.0
0.0,5039.0,1339.0,1670.0,0.0,4650.0,4650.0,1222.0,448.0,696.0,643.0
0.0,3700.0,1146.0,1677.0,353.0,5478.0,5478.0,1222.0,455.0,0.0,1146.0
0.0,2907.0,1513.0,1706.0,3316.0,3820.0,3820.0,1222.0,484.0,0.0,1513.0
0.0,4710.0,1372.0,1718.0,4650.0,602.0,602.0,1208.0,510.0,0.0,1372.0
0.0,7988.0,728.0,1695.0,5478.0,0.0,0.0,1171.0,524.0,0.0,728.0
0.0,12738.0,0.0,1637.0,3820.0,0.0,0.0,1113.0,524.0,0.0,0.0
0.0,16558.0,813.0,1586.0,602.0,0.0,0.0,1062.0,524.0,813.0,0.0
0.0,16347.0,1981.0,1570.0,0.0,0.0,0.0,1048.0,522.0,1981.0,0.0
0.0,14366.0,3153.0,1605.0,0.0,0.0,0.0,1094.0,511.0,3153.0,0.0
0.0,11213.0,3506.0,1651.0,0.0,548.0,548.0,1161.0,490.0,3506.0,0.0
0.0,7707.0,2820.0,1678.0,0.0,3503.0,3503.0,1213.0,465.0,2691.0,129.0
0.0,4887.0,1336.0,1676.0,0.0,4829.0,4829.0,1226.0,450.0,708.0,628.0
0.0,3551.0,1127.0,1683.0,548.0,5443.0,5443.0,1226.0,457.0,0.0,1127.0
0.0,2972.0,1497.0,1712.0,3503.0,3582.0,3582.0,1226.0,486.0,0.0,1497.0
0.0,4978.0,1367.0,1725.0,4829.0,185.0,185.0,1213.0,512.0,0.0,1367.0
0.0,8440.0,743.0,1703.0,5443.0,0.0,0.0,1177.0,526.0,0.0,743.0
0.0,13140.0,0.0,1645.0,3582.0,0.0,0.0,1119.0,526.0,0.0,0.0
0.0,16722.0,793.0,1595.0,185.0,0.0,0.0,1069.0,526.0,793.0,0.0
0.0,16114.0,1954.0,1579.0,0.0,0.0,0.0,1054.0,525.0,1954.0,0.0
0.0,14160.0,3120.0,1611.0,0.0,0.0,0.0,1098.0,513.0,3120.0,0.0
0.0,11040.0,3488.0,1658.0,0.0,738.0,738.0,1165.0,493.0,3488.0,0.0
0.0,7552.0,2830.0,1684.0,0.0,3698.0,3698.0,1217.0,467.0,2701.0,129.0
0.0,4722.0,1370.0,1685.0,0.0,5073.0,5073.0,1232.0,453.0,743.0,627.0
0.0,3352.0,1125.0,1691.0,738.0,5490.0,5490.0,1232.0,459.0,0.0,1125.0
0.0,2965.0,1495.0,1720.0,3698.0,3432.0,3432.0,1232.0,488.0,0.0,1495.0
0.0,5168.0,1372.0,1732.0,5073.0,0.0,0.0,1218.0,514.0,0.0,1372.0
0.0,8869.0,747.0,1710.0,5490.0,0.0,0.0,1181.0,529.0,0.0,747.0
0.0,13612.0,0.0,1652.0,3432.0,0.0,0.0,1123.0,529.0,0.0,0.0
0.0,17044.0,821.0,1602.0,0.0,0.0,0.0,1073.0,529.0,821.0,0.0
0.0,16223.0,1992.0,1586.0,0.0,0.0,0.0,1059.0,527.0,1992.0,0.0
0.0,14231.0,3169.0,1619.0,0.0,0.0,0.0,1104.0,515.0,3169.0,0.0
0.0,11062.0,3522.0,1666.0,0.0,790.0,790.0,1172.0,494.0,3522.0,0.0
0.0,7540.0,2861.0,1693.0,0.0,3786.0,3786.0,1224.0,469.0,2711.0,150.0
0.0,4679.0,1375.0,1693.0,0.0,5161.0,5161.0,1238.0,455.0,720.0,655.0
0.0,3304.0,1161.0,1700.0,790.0,5567.0,5567.0,1238.0,462.0,0.0,1161.0
0.0,2933.0,1522.0,1729.0,3786.0,3448.0,3448.0,1238.0,491.0,0.0,1522.0
0.0,5197.0,1374.0,1741.0,5161.0,0.0,0.0,1223.0,518.0,0.0,1374.0
0.0,8984.0,721.0,1716.0,5567.0,0.0,0.0,1185.0,531.0,0.0,721.0
0.0,13830.0,0.0,1656.0,3448.0,0.0,0.0,1125.0,531.0,0.0,0.0
0.0,17278.0,886.0,1606.0,0.0,0.0,0.0,1075.0,531.0,886.0,0.0
0.0,16392.0,2076.0,1592.0,0.0,0.0,0.0,1063.0,529.0,2076.0,0.0
0.0,14316.0,3272.0,1628.0,0.0,0.0,0.0,1111.0,517.0,3272.0,0.0
0.0,11044.0,3579.0,1675.0,0.0,910.0,910.0,1180.0,495.0,3579.0,0.0
0.0,7465.0,2873.0,1701.0,0.0,3913.0,3913.0,1232.0,469.0,2702.0,171.0
0.0,4592.0,1308.0,1700.0,0.0,5216.0,5216.0,1244.0,456.0,625.0,683.0
0.0,3284.0,1201.0,1709.0,910.0,5552.0,5552.0,1244.0,465.0,0.0,1201.0
0.0,2993.0,1543.0,1738.0,3913.0,3327.0,3327.0,1244.0,494.0,0.0,1543.0
0.0,5363.0,1373.0,1749.0,5216.0,0.0,0.0,1228.0,521.0,0.0,1373.0
0.0,9206.0,685.0,1723.0,5552.0,0.0,0.0,1189.0,534.0,0.0,685.0
0.0,14073.0,0.0,1662.0,3327.0,0.0,0.0,1128.0,534.0,0.0,0.0
0.0,17400.0,918.0,1612.0,0.0,0.0,0.0,1078.0,534.0,918.0,0.0
0.0,16482.0,2121.0,1598.0,0.0,0.0,0.0,1067.0,531.0,2121.0,0.0
0.0,14361.0,3319.0,1636.0,0.0,0.0,0.0,1117.0,519.0,3319.0,0.0
0.0,11042.0,3598.0,1683.0,0.0,971.0,971.0,1186.0,497.0,3598.0,0.0
0.0,7444.0,2846.0,1709.0,0.0,3947.0,3947.0,1238.0,471.0,2679.0,167.0
0.0,4598.0,1241.0,1706.0,0.0,5173.0,5173.0,1248.0,458.0,556.0,685.0
0.0,3357.0,1197.0,1715.0,971.0,5444.0,5444.0,1248.0,467.0,0.0,1197.0
0.0,3131.0,1542.0,1744.0,3947.0,3184.0,3184.0,1248.0,496.0,0.0,1542.0
0.0,5536.0,1369.0,1756.0,5173.0,0.0,0.0,1233.0,523.0,0.0,1369.0
0.0,9340.0,683.0,1731.0,5444.0,0.0,0.0,1195.0,536.0,0.0,683.0
0.0,14101.0,0.0,1670.0,3184.0,0.0,0.0,1134.0,536.0,0.0,0.0
0.0,17285.0,897.0,1620.0,0.0,0.0,0.0,1084.0,536.0,897.0,0.0
0.0,16388.0,2092.0,1605.0,0.0,0.0,0.0,1072.0,533.0,2092.0,0.0
0.0,14296.0,3281.0,1643.0,0.0,0.0,0.0,1122.0,521.0,3281.0,0.0
0.0,11015.0,3577.0,1691.0,0.0,1017.0,1017.0,1191.0,500.0,3577.0,0.0
0.0,7438.0,2830.0,1716.0,0.0,3972.0,3972.0,1242.0,474.0,2672.0,158.0
0.0,4608.0,1250.0,1713.0,0.0,5207.0,5207.0,1253.0,460.0,583.0,667.0
0.0,3358.0,1175.0,1722.0,1017.0,5410.0,5410.0,1253.0,469.0,0.0,1175.0
0.0,3200.0,1525.0,1751.0,3972.0,3108.0,3108.0,1253.0,498.0,0.0,1525.0
0.0,5647.0,1366.0,1762.0,5207.0,0.0,0.0,1238.0,524.0,0.0,1366.0
0.0,9488.0,704.0,1738.0,5410.0,0.0,0.0,1200.0,538.0,0.0,704.0
0.0,14194.0,0.0,1678.0,3108.0,0.0,0.0,1140.0,538.0,0.0,0.0
0.0,17302.0,875.0,1628.0,0.0,0.0,0.0,1090.0,538.0,875.0,0.0
0.0,16427.0,2066.0,1613.0,0.0,0.0,0.0,1078.0,535.0,2066.0,0.0
0.0,14361.0,3253.0,1649.0,0.0,0.0,0.0,1126.0,523.0,3253.0,0.0
0.0,11108.0,3570.0,1697.0,0.0,947.0,947.0,1195.0,502.0,3570.0,0.0
0.0,7538.0,2857.0,1723.0,0.0,3934.0,3934.0,1247.0,476.0,2692.0,165.0
0.0,4681.0,1308.0,1722.0,0.0,5237.0,5237.0,1259.0,463.0,633.0,675.0
0.0,3373.0,1185.0,1730.0,947.0,5515.0,5515.0,1259.0,471.0,0.0,1185.0
0.0,3135.0,1531.0,1760.0,3934.0,3262.0,3262.0,1259.0,501.0,0.0,1531.0
0.0,5538.0,1372.0,1770.0,5237.0,0.0,0.0,1243.0,527.0,0.0,1372.0
0.0,9403.0,699.0,1745.0,5515.0,0.0,0.0,1205.0,540.0,0.0,699.0
0.0,14219.0,0.0,1684.0,3262.0,0.0,0.0,1144.0,540.0,0.0,0.0
0.0,17481.0,919.0,1634.0,0.0,0.0,0.0,1094.0,540.0,919.0,0.0
0.0,16562.0,2119.0,1620.0,0.0,0.0,0.0,1082.0,538.0,2119.0,0.0
0.0,14443.0,3321.0,1657.0,0.0,0.0,0.0,1132.0,525.0,3321.0,0.0
0.0,11122.0,3611.0,1705.0,0.0,1014.0,1014.0,1202.0,503.0,3611.0,0.0
0.0,7511.0,2889.0,1731.0,0.0,4033.0,4033.0,1254.0,477.0,2698.0,191.0
0.0,4622.0,1299.0,1729.0,0.0,5322.0,5322.0,1265.0,464.0,590.0,709.0
0.0,3323.0,1227.0,1739.0,1014.0,5585.0,5585.0,1265.0,474.0,0.0,1227.0
0.0,3110.0,1560.0,1769.0,4033.0,3262.0,3262.0,1265.0,504.0,0.0,1560.0
0.0,5583.0,1371.0,1778.0,5322.0,0.0,0.0,1248.0,530.0,0.0,1371.0
0.0,9534.0,664.0,1751.0,5585.0,0.0,0.0,1208.0,543.0,0.0,664.0
0.0,14455.0,0.0,1688.0,3262.0,0.0,0.0,1145.0,543.0,0.0,0.0
0.0,17717.0,986.0,1638.0,0.0,0.0,0.0,1095.0,543.0,986.0,0.0
0.0,16731.0,2204.0,1626.0,0.0,0.0,0.0,1086.0,540.0,2204.0,0.0
0.0,14527.0,3428.0,1667.0,0.0,0.0,0.0,1140.0,527.0,3428.0,0.0
0.0,11099.0,3662.0,1714.0,0.0,1133.0,1133.0,1210.0,504.0,3662.0,0.0
0.0,7437.0,2892.0,1740.0,0.0,4155.0,4155.0,1262.0,478.0,2684.0,208.0
0.0,4545.0,1210.0,1737.0,0.0,5350.0,5350.0,1271.0,466.0,478.0,732.0
0.0,3335.0,1261.0,1748.0,1133.0,5533.0,5533.0,1271.0,477.0,0.0,1261.0
0.0,3207.0,1577.0,1778.0,4155.0,3105.0,3105.0,1271.0,507.0,0.0,1577.0
0.0,5785.0,1369.0,1786.0,5350.0,0.0,0.0,1253.0,533.0,0.0,1369.0
0.0,9766.0,632.0,1758.0,5533.0,0.0,0.0,1212.0,546.0,0.0,632.0
0.0,14667.0,0.0,1695.0,3105.0,0.0,0.0,1149.0,546.0,0.0,0.0
0.0,17772.0,1000.0,1645.0,0.0,0.0,0.0,1099.0,546.0,1000.0,0.0
0.0,16772.0,2221.0,1632.0,0.0,0.0,0.0,1090.0,542.0,2221.0,0.0
0.0,14551.0,3446.0,1674.0,0.0,0.0,0.0,1145.0,529.0,3446.0,0.0
0.0,11105.0,3665.0,1722.0,0.0,1170.0,1170.0,1216.0,506.0,3665.0,0.0
0.0,7440.0,2865.0,1747.0,0.0,4160.0,4160.0,1267.0,480.0,2668.0,197.0
0.0,4575.0,1164.0,1744.0,0.0,5309.0,5309.0,1276.0,468.0,440.0,724.0
0.0,3411.0,1246.0,1755.0,1170.0,5440.0,5440.0,1276.0,479.0,0.0,1246.0
0.0,3335.0,1570.0,1785.0,4160.0,3000.0,3000.0,1276.0,509.0,0.0,1570.0
0.0,5925.0,1367.0,1793.0,5309.0,0.0,0.0,1258.0,535.0,0.0,1367.0
0.0,9867.0,641.0,1765.0,5440.0,0.0,0.0,1218.0,547.0,0.0,641.0
0.0,14666.0,0.0,1702.0,3000.0,0.0,0.0,1155.0,547.0,0.0,0.0
0.0,17666.0,969.0,1652.0,0.0,0.0,0.0,1105.0,547.0,969.0,0.0
0.0,16697.0,2181.0,1639.0,0.0,0.0,0.0,1095.0,544.0,2181.0,0.0
0.0,14516.0,3397.0,1682.0,0.0,0.0,0.0,1150.0,532.0,3397.0,0.0
0.0,11119.0,3639.0,1729.0,0.0,1165.0,1165.0,1220.0,509.0,3639.0,0.0
0.0,7480.0,2862.0,1754.0,0.0,4152.0,4152.0,1271.0,483.0,2673.0,189.0
0.0,4618.0,1194.0,1751.0,0.0,5331.0,5331.0,1280.0,471.0,486.0,708.0
0.0,3424.0,1226.0,1761.0,1165.0,5442.0,5442.0,1280.0,481.0,0.0,1226.0
0.0,3363.0,1555.0,1791.0,4152.0,2995.0,2995.0,1280.0,511.0,0.0,1555.0
0.0,5960.0,1366.0,1800.0,5331.0,0.0,0.0,1263.0,537.0,0.0,1366.0
0.0,9925.0,664.0,1774.0,5442.0,0.0,0.0,1224.0,550.0,0.0,664.0
0.0,14703.0,0.0,1711.0,2995.0,0.0,0.0,1161.0,550.0,0.0,0.0
0.0,17698.0,966.0,1661.0,0.0,0.0,0.0,1111.0,550.0,966.0,0.0
0.0,16732.0,2183.0,1647.0,0.0,0.0,0.0,1101.0,546.0,2183.0,0.0
0.0,14549.0,3397.0,1687.0,0.0,0.0,0.0,1154.0,533.0,3397.0,0.0
0.0,11152.0,3646.0,1736.0,0.0,1174.0,1174.0,1225.0,511.0,3646.0,0.0
0.0,7506.0,2888.0,1761.0,0.0,4187.0,4187.0,1276.0,485.0,2684.0,204.0
0.0,4618.0,1231.0,1759.0,0.0,5408.0,5408.0,1286.0,473.0,505.0,726.0
0.0,3387.0,1249.0,1769.0,1174.0,5533.0,5533.0,1286.0,483.0,0.0,1249.0
0.0,3312.0,1568.0,1799.0,4187.0,3064.0,3064.0,1286.0,513.0,0.0,1568.0
0.0,5931.0,1371.0,1808.0,5408.0,0.0,0.0,1268.0,540.0,0.0,1371.0
0.0,9968.0,647.0,1779.0,5533.0,0.0,0.0,1227.0,552.0,0.0,647.0
0.0,14854.0,0.0,1716.0,3064.0,0.0,0.0,1164.0,552.0,0.0,0.0
0.0,17918.0,1025.0,1666.0,0.0,0.0,0.0,1114.0,552.0,1025.0,0.0
0.0,16893.0,2260.0,1654.0,0.0,0.0,0.0,1105.0,549.0,2260.0,0.0
0.0,14633.0,3492.0,1696.0,0.0,0.0,0.0,1161.0,535.0,3492.0,0.0
0.0,11141.0,3706.0,1744.0,0.0,1285.0,1285.0,1233.0,511.0,3706.0,0.0
0.0,7435.0,2912.0,1770.0,0.0,4327.0,4327.0,1284.0,486.0,2681.0,231.0
0.0,4523.0,1187.0,1766.0,0.0,5494.0,5494.0,1292.0,474.0,426.0,761.0
0.0,3336.0,1292.0,1778.0,1285.0,5561.0,5561.0,1292.0,486.0,0.0,1292.0
0.0,3329.0,1597.0,1809.0,4327.0,2986.0,2986.0,1292.0,517.0,0.0,1597.0
0.0,6059.0,1368.0,1816.0,5494.0,0.0,0.0,1273.0,543.0,0.0,1368.0
0.0,10185.0,609.0,1786.0,5561.0,0.0,0.0,1231.0,555.0,0.0,609.0
0.0,15137.0,0.0,1720.0,2986.0,0.0,0.0,1165.0,555.0,0.0,0.0
0.0,18123.0,1080.0,1670.0,0.0,0.0,0.0,1115.0,555.0,1080.0,0.0
0.0,17043.0,2330.0,1660.0,0.0,0.0,0.0,1109.0,551.0,2330.0,0.0
0.0,14713.0,3576.0,1705.0,0.0,0.0,0.0,1168.0,537.0,3576.0,0.0
0.0,11137.0,3747.0,1753.0,0.0,1375.0,1375.0,1240.0,513.0,3747.0,0.0
0.0,7390.0,2906.0,1778.0,0.0,4406.0,4406.0,1291.0,487.0,2664.0,242.0
0.0,4484.0,1116.0,1774.0,0.0,5502.0,5502.0,1298.0,476.0,340.0,776.0
0.0,3368.0,1315.0,1787.0,1375.0,5507.0,5507.0,1298.0,489.0,0.0,1315.0
0.0,3428.0,1607.0,1818.0,4406.0,2863.0,2863.0,1298.0,520.0,0.0,1607.0
0.0,6227.0,1365.0,1825.0,5502.0,0.0,0.0,1279.0,546.0,0.0,1365.0
0.0,10364.0,584.0,1793.0,5507.0,0.0,0.0,1236.0,557.0,0.0,584.0
0.0,15287.0,0.0,1727.0,2863.0,0.0,0.0,1170.0,557.0,0.0,0.0
0.0,18150.0,1070.0,1677.0,0.0,0.0,0.0,1120.0,557.0,1070.0,0.0
0.0,17080.0,2318.0,1666.0,0.0,0.0,0.0,1113.0,553.0,2318.0,0.0
0.0,14762.0,3560.0,1712.0,0.0,0.0,0.0,1173.0,539.0,3560.0,0.0
0.0,11202.0,3736.0,1760.0,0.0,1334.0,1334.0,1245.0,515.0,3736.0,0.0
0.0,7466.0,2886.0,1786.0,0.0,4350.0,4350.0,1296.0,490.0,2658.0,228.0
0.0,4580.0,1106.0,1781.0,0.0,5431.0,5431.0,1303.0,478.0,342.0,764.0
0.0,3474.0,1295.0,1794.0,1334.0,5457.0,5457.0,1303.0,491.0,0.0,1295.0
0.0,3513.0,1597.0,1824.0,4350.0,2854.0,2854.0,1303.0,521.0,0.0,1597.0
0.0,6266.0,1363.0,1831.0,5431.0,0.0,0.0,1284.0,547.0,0.0,1363.0
0.0,10334.0,598.0,1801.0,5457.0,0.0,0.0,1242.0,559.0,0.0,598.0
0.0,15193.0,0.0,1736.0,2854.0,0.0,0.0,1177.0,559.0,0.0,0.0
0.0,18047.0,1039.0,1686.0,0.0,0.0,0.0,1127.0,559.0,1039.0,0.0
0.0,17008.0,2273.0,1674.0,0.0,0.0,0.0,1119.0,555.0,2273.0,0.0
0.0,14735.0,3512.0,1719.0,0.0,0.0,0.0,1177.0,542.0,3512.0,0.0
0.0,11223.0,3707.0,1767.0,0.0,1319.0,1319.0,1249.0,518.0,3707.0,0.0
0.0,7516.0,2892.0,1793.0,0.0,4341.0,4341.0,1300.0,493.0,2668.0,224.0
0.0,4624.0,1148.0,1788.0,0.0,5464.0,5464.0,1307.0,481.0,395.0,753.0
0.0,3476.0,1282.0,1800.0,1319.0,5487.0,5487.0,1307.0,493.0,0.0,1282.0
0.0,3513.0,1587.0,1830.0,4341.0,2883.0,2883.0,1307.0,523.0,0.0,1587.0
0.0,6267.0,1364.0,1838.0,5464.0,0.0,0.0,1289.0,549.0,0.0,1364.0
0.0,10367.0,617.0,1808.0,5487.0,0.0,0.0,1247.0,561.0,0.0,617.0
0.0,15237.0,0.0,1743.0,2883.0,0.0,0.0,1182.0,561.0,0.0,0.0
0.0,18120.0,1060.0,1693.0,0.0,0.0,0.0,1132.0,561.0,1060.0,0.0
0.0,17060.0,2300.0,1681.0,0.0,0.0,0.0,1124.0,557.0,2300.0,0.0
0.0,14760.0,3547.0,1726.0,0.0,0.0,0.0,1183.0,543.0,3547.0,0.0
0.0,11213.0,3730.0,1774.0,0.0,1387.0,1387.0,1255.0,519.0,3730.0,0.0
0.0,7483.0,2927.0,1800.0,0.0,4444.0,4444.0,1306.0,494.0,2680.0,247.0
0.0,4556.0,1161.0,1797.0,0.0,5590.0,5590.0,1314.0,483.0,380.0,781.0
0.0,3395.0,1316.0,1809.0,1387.0,5579.0,5579.0,1314.0,495.0,0.0,1316.0
0.0,3466.0,1605.0,1840.0,4444.0,2895.0,2895.0,1314.0,526.0,0.0,1605.0
0.0,6305.0,1366.0,1847.0,5590.0,0.0,0.0,1294.0,553.0,0.0,1366.0
0.0,10529.0,588.0,1814.0,5579.0,0.0,0.0,1250.0,564.0,0.0,588.0
0.0,15520.0,0.0,1747.0,2895.0,0.0,0.0,1183.0,564.0,0.0,0.0
0.0,18415.0,1124.0,1698.0,0.0,0.0,0.0,1134.0,564.0,1124.0,0.0
0.0,17291.0,2384.0,1687.0,0.0,0.0,0.0,1128.0,559.0,2384.0,0.0
0.0,14907.0,3650.0,1735.0,0.0,0.0,0.0,1190.0,545.0,3650.0,0.0
0.0,11257.0,3789.0,1783.0,0.0,1447.0,1447.0,1263.0,520.0,3789.0,0.0
0.0,7468.0,2949.0,1809.0,0.0,4526.0,4526.0,1314.0,495.0,2674.0,275.0
0.0,4519.0,1107.0,1804.0,0.0,5608.0,5608.0,1320.0,484.0,290.0,817.0
0.0,3412.0,1360.0,1818.0,1447.0,5591.0,5591.0,1320.0,498.0,0.0,1360.0
0.0,3499.0,1633.0,1850.0,4526.0,2858.0,2858.0,1320.0,530.0,0.0,1633.0
0.0,6392.0,1360.0,1855.0,5608.0,0.0,0.0,1299.0,556.0,0.0,1360.0
0.0,10640.0,544.0,1820.0,5591.0,0.0,0.0,1254.0,566.0,0.0,544.0
0.0,15687.0,0.0,1751.0,2858.0,0.0,0.0,1185.0,566.0,0.0,0.0
0.0,18545.0,1167.0,1702.0,0.0,0.0,0.0,1136.0,566.0,1167.0,0.0
0.0,17378.0,2438.0,1693.0,0.0,0.0,0.0,1131.0,562.0,2438.0,0.0
0.0,14940.0,3714.0,1743.0,0.0,0.0,0.0,1196.0,547.0,3714.0,0.0
0.0,11226.0,3818.0,1792.0,0.0,1552.0,1552.0,1270.0,522.0,3818.0,0.0
0.0,7408.0,2935.0,1817.0,0.0,4612.0,4612.0,1321.0,496.0,2655.0,280.0
0.0,4473.0,1035.0,1811.0,0.0,5617.0,5617.0,1325.0,486.0,211.0,824.0
0.0,3438.0,1373.0,1826.0,1552.0,5513.0,5513.0,1325.0,501.0,0.0,1373.0
0.0,3617.0,1637.0,1857.0,4612.0,2693.0,2693.0,1325.0,532.0,0.0,1637.0
0.0,6592.0,1356.0,1862.0,5617.0,0.0,0.0,1304.0,558.0,0.0,1356.0
0.0,10853.0,526.0,1828.0,5513.0,0.0,0.0,1260.0,568.0,0.0,526.0
0.0,15840.0,0.0,1759.0,2693.0,0.0,0.0,1191.0,568.0,0.0,0.0
0.0,18533.0,1146.0,1709.0,0.0,0.0,0.0,1141.0,568.0,1146.0,0.0
0.0,17387.0,2415.0,1701.0,0.0,0.0,0.0,1137.0,564.0,2415.0,0.0
0.0,14972.0,3679.0,1750.0,0.0,0.0,0.0,1201.0,549.0,3679.0,0.0
0.0,11293.0,3801.0,1798.0,0.0,1498.0,1498.0,1274.0,524.0,3801.0,0.0
0.0,7492.0,2911.0,1824.0,0.0,4539.0,4539.0,1325.0,499.0,2648.0,263.0
0.0,4581.0,1038.0,1817.0,0.0,5542.0,5542.0,1329.0,488.0,230.0,808.0
0.0,3543.0,1348.0,1832.0,1498.0,5467.0,5467.0,1329.0,503.0,0.0,1348.0
0.0,3693.0,1625.0,1863.0,4539.0,2708.0,2708.0,1329.0,534.0,0.0,1625.0
0.0,6607.0,1357.0,1869.0,5542.0,0.0,0.0,1309.0,560.0,0.0,1357.0
0.0,10792.0,548.0,1836.0,5467.0,0.0,0.0,1266.0,570.0,0.0,548.0
0.0,15711.0,0.0,1768.0,2708.0,0.0,0.0,1198.0,570.0,0.0,0.0
0.0,18419.0,1120.0,1718.0,0.0,0.0,0.0,1148.0,570.0,1120.0,0.0
0.0,17299.0,2383.0,1709.0,0.0,0.0,0.0,1143.0,566.0,2383.0,0.0
0.0,14916.0,3641.0,1757.0,0.0,0.0,0.0,1205.0,552.0,3641.0,0.0
0.0,11275.0,3785.0,1805.0,0.0,1535.0,1535.0,1278.0,527.0,3785.0,0.0
0.0,7490.0,2925.0,1831.0,0.0,4590.0,4590.0,1329.0,502.0,2661.0,264.0
0.0,4565.0,1089.0,1826.0,0.0,5654.0,5654.0,1335.0,491.0,285.0,804.0
0.0,3476.0,1344.0,1840.0,1535.0,5533.0,5533.0,1335.0,505.0,0.0,1344.0
0.0,3667.0,1621.0,1871.0,4590.0,2719.0,2719.0,1335.0,536.0,0.0,1621.0
0.0,6636.0,1358.0,1876.0,5654.0,0.0,0.0,1314.0,562.0,0.0,1358.0
0.0,10932.0,561.0,1843.0,5533.0,0.0,0.0,1270.0,573.0,0.0,561.0
0.0,15904.0,0.0,1775.0,2719.0,0.0,0.0,1202.0,573.0,0.0,0.0
0.0,18623.0,1149.0,1725.0,0.0,0.0,0.0,1152.0,573.0,1149.0,0.0
0.0,17474.0,2423.0,1715.0,0.0,0.0,0.0,1147.0,568.0,2423.0,0.0
0.0,15051.0,3694.0,1764.0,0.0,0.0,0.0,1211.0,553.0,3694.0,0.0
0.0,11357.0,3823.0,1813.0,0.0,1531.0,1531.0,1285.0,528.0,3823.0,0.0
0.0,7534.0,2968.0,1839.0,0.0,4629.0,4629.0,1336.0,503.0,2675.0,293.0
0.0,4566.0,1103.0,1833.0,0.0,5702.0,5702.0,1341.0,492.0,263.0,840.0
0.0,3463.0,1388.0,1849.0,1531.0,5639.0,5639.0,1341.0,508.0,0.0,1388.0
0.0,3606.0,1644.0,1880.0,4629.0,2809.0,2809.0,1341.0,539.0,0.0,1644.0
0.0,6591.0,1359.0,1885.0,5702.0,0.0,0.0,1319.0,566.0,0.0,1359.0
0.0,10934.0,521.0,1850.0,5639.0,0.0,0.0,1274.0,576.0,0.0,521.0
0.0,16052.0,0.0,1779.0,2809.0,0.0,0.0,1203.0,576.0,0.0,0.0
0.0,18861.0,1213.0,1730.0,0.0,0.0,0.0,1154.0,576.0,1213.0,0.0
0.0,17648.0,2502.0,1721.0,0.0,0.0,0.0,1151.0,570.0,2502.0,0.0
0.0,15146.0,3792.0,1773.0,0.0,0.0,0.0,1218.0,555.0,3792.0,0.0
0.0,11354.0,3875.0,1820.0,0.0,1621.0,1621.0,1292.0,528.0,3875.0,0.0
0.0,7479.0,2982.0,1847.0,0.0,4738.0,4738.0,1344.0,503.0,2665.0,317.0
0.0,4497.0,1042.0,1841.0,0.0,5750.0,5750.0,1347.0,494.0,171.0,871.0
0.0,3455.0,1426.0,1858.0,1621.0,5640.0,5640.0,1347.0,511.0,0.0,1426.0
0.0,3650.0,1669.0,1890.0,4738.0,2731.0,2731.0,1347.0,543.0,0.0,1669.0
0.0,6719.0,1353.0,1894.0,5750.0,0.0,0.0,1325.0,569.0,0.0,1353.0
0.0,11116.0,482.0,1856.0,5640.0,0.0,0.0,1278.0,578.0,0.0,482.0
0.0,16274.0,0.0,1784.0,2731.0,0.0,0.0,1206.0,578.0,0.0,0.0
0.0,19005.0,1243.0,1735.0,0.0,0.0,0.0,1157.0,578.0,1243.0,0.0
0.0,17762.0,2538.0,1727.0,0.0,0.0,0.0,1154.0,573.0,2538.0,0.0
0.0,15224.0,3837.0,1781.0,0.0,0.0,0.0,1224.0,557.0,3837.0,0.0
0.0,11387.0,3888.0,1829.0,0.0,1646.0,1646.0,1299.0,530.0,3888.0,0.0
0.0,7499.0,2954.0,1855.0,0.0,4730.0,4730.0,1350.0,505.0,2643.0,311.0
0.0,4545.0,968.0,1848.0,0.0,5663.0,5663.0,1352.0,496.0,103.0,865.0
0.0,3577.0,1424.0,1865.0,1646.0,5526.0,5526.0,1352.0,513.0,0.0,1424.0
0.0,3799.0,1666.0,1897.0,4730.0,2622.0,2622.0,1352.0,545.0,0.0,1666.0
0.0,6863.0,1354.0,1901.0,5663.0,0.0,0.0,1330.0,571.0,0.0,1354.0
0.0,11172.0,482.0,1863.0,5526.0,0.0,0.0,1283.0,580.0,0.0,482.0
0.0,16216.0,0.0,1793.0,2622.0,0.0,0.0,1213.0,580.0,0.0,0.0
0.0,18838.0,1221.0,1743.0,0.0,0.0,0.0,1163.0,580.0,1221.0,0.0
0.0,17617.0,2507.0,1735.0,0.0,0.0,0.0,1160.0,575.0,2507.0,0.0
0.0,15110.0,3797.0,1789.0,0.0,0.0,0.0,1229.0,560.0,3797.0,0.0
0.0,11313.0,3861.0,1837.0,0.0,1733.0,1733.0,1303.0,534.0,3861.0,0.0
0.0,7452.0,2935.0,1862.0,0.0,4793.0,4793.0,1354.0,508.0,2643.0,292.0
0.0,4517.0,976.0,1854.0,0.0,5729.0,5729.0,1356.0,498.0,129.0,847.0
0.0,3541.0,1397.0,1870.0,1733.0,5473.0,5473.0,1356.0,514.0,0.0,1397.0
0.0,3877.0,1655.0,1902.0,4793.0,2495.0,2495.0,1356.0,546.0,0.0,1655.0
0.0,7015.0,1358.0,1907.0,5729.0,0.0,0.0,1335.0,572.0,0.0,1358.0
0.0,11386.0,516.0,1871.0,5473.0,0.0,0.0,1289.0,582.0,0.0,516.0
0.0,16343.0,0.0,1801.0,2495.0,0.0,0.0,1219.0,582.0,0.0,0.0
0.0,18838.0,1207.0,1751.0,0.0,0.0,0.0,1169.0,582.0,1207.0,0.0
0.0,17631.0,2491.0,1743.0,0.0,0.0,0.0,1166.0,577.0,2491.0,0.0
0.0,15140.0,3780.0,1795.0,0.0,0.0,0.0,1233.0,562.0,3780.0,0.0
0.0,11360.0,3858.0,1844.0,0.0,1718.0,1718.0,1308.0,536.0,3858.0,0.0
0.0,7502.0,2952.0,1869.0,0.0,4795.0,4795.0,1359.0,510.0,2658.0,294.0
0.0,4550.0,1012.0,1863.0,0.0,5777.0,5777.0,1362.0,501.0,166.0,846.0
0.0,3538.0,1398.0,1879.0,1718.0,5537.0,5537.0,1362.0,517.0,0.0,1398.0
0.0,3858.0,1657.0,1911.0,4795.0,2559.0,2559.0,1362.0,549.0,0.0,1657.0
0.0,6996.0,1370.0,1915.0,5777.0,0.0,0.0,1340.0,575.0,0.0,1370.0
0.0,11403.0,526.0,1878.0,5537.0,0.0,0.0,1293.0,585.0,0.0,526.0
0.0,16414.0,0.0,1807.0,2559.0,0.0,0.0,1222.0,585.0,0.0,0.0
0.0,18973.0,1256.0,1758.0,0.0,0.0,0.0,1173.0,585.0,1256.0,0.0
0.0,17717.0,2560.0,1750.0,0.0,0.0,0.0,1171.0,579.0,2560.0,0.0
0.0,15157.0,3861.0,1803.0,0.0,0.0,0.0,1240.0,563.0,3861.0,0.0
0.0,11296.0,3908.0,1852.0,0.0,1872.0,1872.0,1315.0,537.0,3908.0,0.0
0.0,7388.0,2979.0,1877.0,0.0,4976.0,4976.0,1366.0,511.0,2658.0,321.0
0.0,4409.0,984.0,1870.0,0.0,5925.0,5925.0,1368.0,502.0,103.0,881.0
0.0,3425.0,1442.0,1888.0,1872.0,5585.0,5585.0,1368.0,520.0,0.0,1442.0
0.0,3855.0,1682.0,1920.0,4976.0,2451.0,2451.0,1368.0,552.0,0.0,1682.0
0.0,7149.0,1368.0,1923.0,5925.0,0.0,0.0,1345.0,578.0,0.0,1368.0
0.0,11706.0,489.0,1885.0,5585.0,0.0,0.0,1297.0,588.0,0.0,489.0
0.0,16802.0,5.0,1812.0,2451.0,0.0,0.0,1224.0,588.0,5.0,0.0
0.0,19248.0,1320.0,1763.0,0.0,0.0,0.0,1175.0,588.0,1320.0,0.0
0.0,17928.0,2642.0,1756.0,0.0,0.0,0.0,1174.0,582.0,2642.0,0.0
0.0,15286.0,3954.0,1812.0,0.0,0.0,0.0,1247.0,565.0,3954.0,0.0
0.0,11332.0,3957.0,1860.0,0.0,1925.0,1925.0,1323.0,537.0,3957.0,0.0
0.0,7375.0,2975.0,1886.0,0.0,5030.0,5030.0,1374.0,512.0,2634.0,341.0
0.0,4400.0,910.0,1877.0,0.0,5895.0,5895.0,1374.0,503.0,4.0,906.0
0.0,3490.0,1471.0,1896.0,1925.0,5536.0,5536.0,1374.0,522.0,0.0,1471.0
0.0,3944.0,1700.0,1929.0,5030.0,2371.0,2371.0,1374.0,555.0,0.0,1700.0
0.0,7274.0,1359.0,1931.0,5895.0,0.0,0.0,1350.0,581.0,0.0,1359.0
0.0,11810.0,453.0,1891.0,5536.0,0.0,0.0,1301.0,590.0,0.0,453.0
0.0,16893.0,13.0,1817.0,2371.0,0.0,0.0,1227.0,590.0,13.0,0.0
0.0,19251.0,1331.0,1768.0,0.0,0.0,0.0,1178.0,590.0,1331.0,0.0
0.0,17920.0,2653.0,1762.0,0.0,0.0,0.0,1178.0,584.0,2653.0,0.0
0.0,15267.0,3957.0,1820.0,0.0,0.0,0.0,1253.0,567.0,3957.0,0.0
0.0,11310.0,3947.0,1868.0,0.0,1977.0,1977.0,1328.0,540.0,3947.0,0.0
0.0,7363.0,2942.0,1893.0,0.0,5044.0,5044.0,1379.0,514.0,2609.0,333.0
0.0,4421.0,896.0,1884.0,0.0,5895.0,5895.0,1379.0,505.0,0.0,896.0
0.0,3525.0,1464.0,1903.0,1977.0,5477.0,5477.0,1379.0,524.0,0.0,1464.0
0.0,4038.0,1693.0,1936.0,5044.0,2291.0,2291.0,1379.0,557.0,0.0,1693.0
0.0,7389.0,1359.0,1938.0,5895.0,0.0,0.0,1355.0,583.0,0.0,1359.0
0.0,11925.0,457.0,1899.0,5477.0,0.0,0.0,1307.0,592.0,0.0,457.0
0.0,16945.0,0.0,1826.0,2291.0,0.0,0.0,1234.0,592.0,0.0,0.0
0.0,19236.0,1290.0,1776.0,0.0,0.0,0.0,1184.0,592.0,1290.0,0.0
0.0,17946.0,2603.0,1770.0,0.0,0.0,0.0,1184.0,586.0,2603.0,0.0
0.0,15343.0,3911.0,1826.0,0.0,0.0,0.0,1256.0,570.0,3911.0,0.0
0.0,11432.0,3933.0,1875.0,0.0,1876.0,1876.0,1332.0,543.0,3933.0,0.0
0.0,7499.0,2953.0,1900.0,0.0,4954.0,4954.0,1383.0,517.0,2637.0,316.0
0.0,4546.0,919.0,1892.0,0.0,5833.0,5833.0,1384.0,508.0,38.0,881.0
0.0,3627.0,1441.0,1910.0,1876.0,5488.0,5488.0,1384.0,526.0,0.0,1441.0
0.0,4062.0,1685.0,1942.0,4954.0,2379.0,2379.0,1384.0,558.0,0.0,1685.0
0.0,7331.0,1364.0,1944.0,5833.0,0.0,0.0,1360.0,584.0,0.0,1364.0
0.0,11800.0,484.0,1906.0,5488.0,0.0,0.0,1312.0,594.0,0.0,484.0
0.0,16804.0,0.0,1834.0,2379.0,0.0,0.0,1240.0,594.0,0.0,0.0
0.0,19183.0,1293.0,1784.0,0.0,0.0,0.0,1190.0,594.0,1293.0,0.0
0.0,17890.0,2604.0,1777.0,0.0,0.0,0.0,1189.0,588.0,2604.0,0.0
0.0,15286.0,3921.0,1834.0,0.0,0.0,0.0,1262.0,572.0,3921.0,0.0
0.0,11365.0,3941.0,1882.0,0.0,1986.0,1986.0,1337.0,545.0,3941.0,0.0
0.0,7424.0,2985.0,1908.0,0.0,5101.0,5101.0,1388.0,520.0,2652.0,333.0
0.0,4439.0,949.0,1899.0,0.0,6005.0,6005.0,1389.0,510.0,52.0,897.0
0.0,3490.0,1462.0,1917.0,1986.0,5571.0,5571.0,1389.0,528.0,0.0,1462.0
0.0,4014.0,1695.0,1950.0,5101.0,2330.0,2330.0,1389.0,561.0,0.0,1695.0
0.0,7420.0,1364.0,1952.0,6005.0,0.0,0.0,1365.0,587.0,0.0,1364.0
0.0,12061.0,474.0,1912.0,5571.0,0.0,0.0,1316.0,596.0,0.0,474.0
0.0,17158.0,24.0,1838.0,2330.0,0.0,0.0,1242.0,596.0,24.0,0.0
0.0,19464.0,1356.0,1789.0,0.0,0.0,0.0,1193.0,596.0,1356.0,0.0
0.0,18108.0,2685.0,1784.0,0.0,0.0,0.0,1194.0,590.0,2685.0,0.0
0.0,15423.0,3997.0,1842.0,0.0,0.0,0.0,1269.0,573.0,3997.0,0.0
0.0,11426.0,3973.0,1891.0,0.0,2002.0,2002.0,1345.0,546.0,3973.0,0.0
0.0,7453.0,2993.0,1915.0,0.0,5115.0,5115.0,1395.0,520.0,2627.0,366.0
0.0,4460.0,938.0,1907.0,0.0,6013.0,6013.0,1395.0,512.0,0.0,938.0
0.0,3522.0,1511.0,1927.0,2002.0,5622.0,5622.0,1395.0,532.0,0.0,1511.0
0.0,4013.0,1719.0,1960.0,5115.0,2391.0,2391.0,1395.0,565.0,0.0,1719.0
0.0,7409.0,1360.0,1961.0,6013.0,0.0,0.0,1370.0,591.0,0.0,1360.0
0.0,12062.0,424.0,1918.0,5622.0,0.0,0.0,1319.0,599.0,0.0,424.0
0.0,17260.0,74.0,1844.0,2391.0,0.0,0.0,1245.0,599.0,74.0,0.0
0.0,19577.0,1421.0,1795.0,0.0,0.0,0.0,1196.0,599.0,1421.0,0.0
0.0,18156.0,2764.0,1790.0,0.0,0.0,0.0,1198.0,592.0,2764.0,0.0
0.0,15392.0,4038.0,1851.0,0.0,0.0,0.0,1276.0,575.0,4038.0,0.0
0.0,11354.0,3961.0,1899.0,0.0,2102.0,2102.0,1352.0,547.0,3961.0,0.0
0.0,7393.0,2926.0,1922.0,0.0,5143.0,5143.0,1401.0,521.0,2546.0,380.0
0.0,4467.0,956.0,1915.0,0.0,6064.0,6064.0,1401.0,514.0,0.0,956.0
0.0,3511.0,1532.0,1935.0,2102.0,5594.0,5594.0,1401.0,534.0,0.0,1532.0
0.0,4081.0,1732.0,1969.0,5143.0,2353.0,2353.0,1401.0,568.0,0.0,1732.0
0.0,7492.0,1351.0,1969.0,6064.0,0.0,0.0,1375.0,594.0,0.0,1351.0
0.0,12205.0,394.0,1925.0,5594.0,0.0,0.0,1324.0,601.0,0.0,394.0
0.0,17405.0,69.0,1850.0,2353.0,0.0,0.0,1249.0,601.0,69.0,0.0
0.0,19689.0,1409.0,1802.0,0.0,0.0,0.0,1201.0,601.0,1409.0,0.0
0.0,18280.0,2748.0,1798.0,0.0,0.0,0.0,1203.0,595.0,2748.0,0.0
0.0,15532.0,4022.0,1859.0,0.0,0.0,0.0,1281.0,578.0,4022.0,0.0
0.0,11510.0,3950.0,1906.0,0.0,1970.0,1970.0,1357.0,549.0,3950.0,0.0
0.0,7560.0,2908.0,1929.0,0.0,4993.0,4993.0,1405.0,524.0,2543.0,365.0
0.0,4652.0,937.0,1921.0,0.0,5890.0,5890.0,1405.0,516.0,0.0,937.0
0.0,3715.0,1514.0,1941.0,1970.0,5534.0,5534.0,1405.0,536.0,0.0,1514.0
0.0,4171.0,1721.0,1974.0,4993.0,2427.0,2427.0,1405.0,569.0,0.0,1721.0
0.0,7443.0,1355.0,1976.0,5890.0,0.0,0.0,1381.0,595.0,0.0,1355.0
0.0,11978.0,412.0,1934.0,5534.0,0.0,0.0,1331.0,603.0,0.0,412.0
0.0,17100.0,43.0,1859.0,2427.0,0.0,0.0,1256.0,603.0,43.0,0.0
0.0,19484.0,1374.0,1810.0,0.0,0.0,0.0,1207.0,603.0,1374.0,0.0
0.0,18110.0,2710.0,1805.0,0.0,0.0,0.0,1208.0,597.0,2710.0,0.0
0.0,15400.0,3998.0,1865.0,0.0,0.0,0.0,1285.0,580.0,3998.0,0.0
0.0,11402.0,3955.0,1913.0,0.0,2118.0,2118.0,1361.0,552.0,3955.0,0.0
0.0,7447.0,2934.0,1937.0,0.0,5172.0,5172.0,1410.0,527.0,2581.0,353.0
0.0,4513.0,929.0,1928.0,0.0,6056.0,6056.0,1410.0,518.0,0.0,929.0
0.0,3584.0,1500.0,1948.0,2118.0,5538.0,5538.0,1410.0,538.0,0.0,1500.0
0.0,4202.0,1718.0,1981.0,5172.0,2249.0,2249.0,1410.0,571.0,0.0,1718.0
0.0,7656.0,1361.0,1982.0,6056.0,0.0,0.0,1385.0,597.0,0.0,1361.0
0.0,12351.0,433.0,1941.0,5538.0,0.0,0.0,1335.0,606.0,0.0,433.0
0.0,17456.0,64.0,1867.0,2249.0,0.0,0.0,1261.0,606.0,64.0,0.0
0.0,19641.0,1402.0,1818.0,0.0,0.0,0.0,1212.0,606.0,1402.0,0.0
0.0,18239.0,2746.0,1813.0,0.0,0.0,0.0,1214.0,599.0,2746.0,0.0
0.0,15493.0,4023.0,1872.0,0.0,0.0,0.0,1290.0,582.0,4023.0,0.0
0.0,11470.0,3968.0,1921.0,0.0,2103.0,2103.0,1367.0,554.0,3968.0,0.0
0.0,7502.0,2943.0,1944.0,0.0,5161.0,5161.0,1416.0,528.0,2566.0,377.0
0.0,4559.0,954.0,1936.0,0.0,6075.0,6075.0,1416.0,520.0,0.0,954.0
0.0,3605.0,1532.0,1957.0,2103.0,5609.0,5609.0,1416.0,541.0,0.0,1532.0
0.0,4176.0,1733.0,1990.0,5161.0,2346.0,2346.0,1416.0,574.0,0.0,1733.0
0.0,7604.0,1363.0,1990.0,6075.0,0.0,0.0,1390.0,600.0,0.0,1363.0
0.0,12316.0,411.0,1946.0,5609.0,0.0,0.0,1338.0,608.0,0.0,411.0
0.0,17514.0,126.0,1871.0,2346.0,0.0,0.0,1263.0,608.0,126.0,0.0
0.0,19734.0,1483.0,1824.0,0.0,0.0,0.0,1216.0,608.0,1483.0,0.0
0.0,18251.0,2846.0,1821.0,0.0,0.0,0.0,1220.0,601.0,2846.0,0.0
0.0,15405.0,4080.0,1881.0,0.0,0.0,0.0,1298.0,583.0,4080.0,0.0
0.0,11325.0,3963.0,1928.0,0.0,2278.0,2278.0,1374.0,554.0,3963.0,0.0
0.0,7362.0,2883.0,1951.0,0.0,5276.0,5276.0,1422.0,529.0,2480.0,403.0
0.0,4479.0,988.0,1944.0,0.0,6229.0,6229.0,1422.0,522.0,0.0,988.0
0.0,3491.0,1573.0,1966.0,2278.0,5634.0,5634.0,1422.0,544.0,0.0,1573.0
0.0,4196.0,1755.0,1999.0,5276.0,2278.0,2278.0,1421.0,578.0,0.0,1755.0
0.0,7717.0,1358.0,1997.0,6229.0,0.0,0.0,1393.0,604.0,0.0,1358.0
0.0,12588.0,371.0,1951.0,5634.0,0.0,0.0,1340.0,611.0,0.0,371.0
0.0,17851.0,169.0,1877.0,2278.0,0.0,0.0,1266.0,611.0,169.0,0.0
0.0,19960.0,1537.0,1830.0,0.0,0.0,0.0,1219.0,611.0,1537.0,0.0
0.0,18423.0,2910.0,1829.0,0.0,0.0,0.0,1226.0,603.0,2910.0,0.0
0.0,15513.0,4109.0,1890.0,0.0,0.0,0.0,1305.0,585.0,4109.0,0.0
0.0,11404.0,3944.0,1937.0,0.0,2225.0,2225.0,1381.0,556.0,3944.0,0.0
0.0,7460.0,2809.0,1957.0,0.0,5134.0,5134.0,1427.0,530.0,2401.0,408.0
0.0,4651.0,994.0,1950.0,0.0,6093.0,6093.0,1427.0,523.0,0.0,994.0
0.0,3657.0,1579.0,1973.0,2225.0,5562.0,5562.0,1427.0,546.0,0.0,1579.0
0.0,4303.0,1761.0,2006.0,5134.0,2354.0,2354.0,1426.0,580.0,0.0,1761.0
0.0,7676.0,1352.0,2005.0,6093.0,0.0,0.0,1399.0,606.0,0.0,1352.0
0.0,12417.0,357.0,1959.0,5562.0,0.0,0.0,1346.0,613.0,0.0,357.0
0.0,17622.0,148.0,1885.0,2354.0,0.0,0.0,1272.0,613.0,148.0,0.0
0.0,19828.0,1515.0,1838.0,0.0,0.0,0.0,1225.0,613.0,1515.0,0.0
0.0,18313.0,2876.0,1837.0,0.0,0.0,0.0,1231.0,606.0,2876.0,0.0
0.0,15437.0,4093.0,1898.0,0.0,0.0,0.0,1310.0,588.0,4093.0,0.0
0.0,11344.0,3937.0,1945.0,0.0,2318.0,2318.0,1386.0,559.0,3937.0,0.0
0.0,7407.0,2814.0,1965.0,0.0,5232.0,5232.0,1432.0,533.0,2424.0,390.0
0.0,4593.0,972.0,1958.0,0.0,6169.0,6169.0,1432.0,526.0,0.0,972.0
0.0,3621.0,1558.0,1980.0,2318.0,5519.0,5519.0,1432.0,548.0,0.0,1558.0
0.0,4381.0,1749.0,2012.0,5232.0,2196.0,2196.0,1431.0,581.0,0.0,1749.0
0.0,7864.0,1358.0,2013.0,6169.0,0.0,0.0,1405.0,608.0,0.0,1358.0
0.0,12675.0,381.0,1968.0,5519.0,0.0,0.0,1353.0,615.0,0.0,381.0
0.0,17813.0,116.0,1893.0,2196.0,0.0,0.0,1278.0,615.0,116.0,0.0
0.0,19893.0,1476.0,1845.0,0.0,0.0,0.0,1230.0,615.0,1476.0,0.0
0.0,18417.0,2831.0,1843.0,0.0,0.0,0.0,1235.0,608.0,2831.0,0.0
0.0,15586.0,4076.0,1904.0,0.0,0.0,0.0,1314.0,590.0,4076.0,0.0
0.0,11510.0,3956.0,1951.0,0.0,2201.0,2201.0,1390.0,561.0,3956.0,0.0
0.0,7554.0,2872.0,1974.0,0.0,5188.0,5188.0,1438.0,536.0,2487.0,385.0
0.0,4682.0,972.0,1966.0,0.0,6120.0,6120.0,1438.0,528.0,0.0,972.0
0.0,3710.0,1555.0,1988.0,2201.0,5584.0,5584.0,1438.0,550.0,0.0,1555.0
0.0,4356.0,1753.0,2020.0,5188.0,2309.0,2309.0,1436.0,584.0,0.0,1753.0
0.0,7791.0,1365.0,2019.0,6120.0,0.0,0.0,1409.0,610.0,0.0,1365.0
0.0,12546.0,394.0,1974.0,5584.0,0.0,0.0,1357.0,617.0,0.0,394.0
0.0,17736.0,145.0,1899.0,2309.0,0.0,0.0,1282.0,617.0,145.0,0.0
0.0,19900.0,1516.0,1852.0,0.0,0.0,0.0,1235.0,617.0,1516.0,0.0
0.0,18384.0,2884.0,1851.0,0.0,0.0,0.0,1241.0,610.0,2884.0,0.0
0.0,15500.0,4114.0,1912.0,0.0,0.0,0.0,1320.0,592.0,4114.0,0.0
0.0,11386.0,3970.0,1958.0,0.0,2374.0,2374.0,1396.0,562.0,3970.0,0.0
0.0,7416.0,2878.0,1981.0,0.0,5367.0,5367.0,1444.0,537.0,2465.0,413.0
0.0,4538.0,1003.0,1974.0,0.0,6335.0,6335.0,1444.0,530.0,0.0,1003.0
0.0,3535.0,1593.0,1997.0,2374.0,5669.0,5669.0,1444.0,553.0,0.0,1593.0
0.0,4316.0,1771.0,2028.0,5367.0,2228.0,2228.0,1441.0,587.0,0.0,1771.0
0.0,7912.0,1360.0,2026.0,6335.0,0.0,0.0,1413.0,613.0,0.0,1360.0
0.0,12887.0,365.0,1978.0,5669.0,0.0,0.0,1358.0,620.0,0.0,365.0
0.0,18191.0,211.0,1904.0,2228.0,0.0,0.0,1284.0,620.0,211.0,0.0
0.0,20208.0,1597.0,1858.0,0.0,0.0,0.0,1238.0,620.0,1597.0,0.0
0.0,18611.0,2989.0,1860.0,0.0,0.0,0.0,1248.0,612.0,2989.0,0.0
0.0,15622.0,4166.0,1921.0,0.0,0.0,0.0,1328.0,593.0,4166.0,0.0
0.0,11456.0,3958.0,1967.0,0.0,2337.0,2337.0,1404.0,563.0,3958.0,0.0
0.0,7498.0,2805.0,1988.0,0.0,5247.0,5247.0,1450.0,538.0,2364.0,441.0
0.0,4693.0,1037.0,1981.0,0.0,6249.0,6249.0,1450.0,531.0,0.0,1037.0
0.0,3656.0,1633.0,2006.0,2337.0,5670.0,5670.0,1450.0,556.0,0.0,1633.0
0.0,4360.0,1789.0,2036.0,5247.0,2362.0,2362.0,1446.0,590.0,0.0,1789.0
0.0,7818.0,1354.0,2033.0,6249.0,0.0,0.0,1417.0,616.0,0.0,1354.0
0.0,12713.0,318.0,1983.0,5670.0,0.0,0.0,1361.0,622.0,0.0,318.0
0.0,18065.0,241.0,1909.0,2362.0,0.0,0.0,1287.0,622.0,241.0,0.0
0.0,20186.0,1633.0,1864.0,0.0,0.0,0.0,1242.0,622.0,1633.0,0.0
0.0,18553.0,3029.0,1868.0,0.0,0.0,0.0,1254.0,614.0,3029.0,0.0
0.0,15524.0,4179.0,1930.0,0.0,0.0,0.0,1335.0,595.0,4179.0,0.0
0.0,11345.0,3941.0,1975.0,0.0,2471.0,2471.0,1410.0,565.0,3941.0,0.0
0.0,7404.0,2739.0,1995.0,0.0,5310.0,5310.0,1455.0,540.0,2301.0,438.0
0.0,4665.0,1033.0,1988.0,0.0,6308.0,6308.0,1455.0,533.0,0.0,1033.0
0.0,3632.0,1628.0,2013.0,2471.0,5590.0,5590.0,1455.0,558.0,0.0,1628.0
0.0,4475.0,1789.0,2044.0,5310.0,2224.0,2224.0,1452.0,592.0,0.0,1789.0
0.0,7996.0,1350.0,2041.0,6308.0,0.0,0.0,1423.0,618.0,0.0,1350.0
0.0,12954.0,316.0,1991.0,5590.0,0.0,0.0,1367.0,624.0,0.0,316.0
0.0,18228.0,214.0,1917.0,2224.0,0.0,0.0,1293.0,624.0,214.0,0.0
0.0,20238.0,1597.0,1872.0,0.0,0.0,0.0,1248.0,624.0,1597.0,0.0
0.0,18641.0,2984.0,1875.0,0.0,0.0,0.0,1258.0,617.0,2984.0,0.0
0.0,15657.0,4152.0,1936.0,0.0,0.0,0.0,1338.0,598.0,4152.0,0.0
0.0,11505.0,3941.0,1982.0,0.0,2346.0,2346.0,1414.0,568.0,3941.0,0.0
0.0,7564.0,2757.0,2002.0,0.0,5203.0,5203.0,1459.0,543.0,2337.0,420.0
0.0,4807.0,1011.0,1995.0,0.0,6179.0,6179.0,1459.0,536.0,0.0,1011.0
0.0,3796.0,1607.0,2018.0,2346.0,5555.0,5555.0,1459.0,559.0,0.0,1607.0
0.0,4535.0,1778.0,2051.0,5203.0,2295.0,2295.0,1457.0,594.0,0.0,1778.0
0.0,7960.0,1358.0,2048.0,6179.0,0.0,0.0,1428.0,620.0,0.0,1358.0
0.0,12781.0,342.0,2000.0,5555.0,0.0,0.0,1374.0,626.0,0.0,342.0
0.0,17994.0,200.0,1925.0,2295.0,0.0,0.0,1299.0,626.0,200.0,0.0
0.0,20089.0,1581.0,1880.0,0.0,0.0,0.0,1254.0,626.0,1581.0,0.0
0.0,18508.0,2967.0,1882.0,0.0,0.0,0.0,1263.0,619.0,2967.0,0.0
0.0,15541.0,4149.0,1943.0,0.0,0.0,0.0,1343.0,600.0,4149.0,0.0
0.0,11392.0,3956.0,1989.0,0.0,2509.0,2509.0,1419.0,570.0,3956.0,0.0
0.0,7436.0,2797.0,2010.0,0.0,5411.0,5411.0,1465.0,545.0,2374.0,423.0
0.0,4639.0,1022.0,2003.0,0.0,6398.0,6398.0,1465.0,538.0,0.0,1022.0
0.0,3617.0,1617.0,2027.0,2509.0,5626.0,5626.0,1465.0,562.0,0.0,1617.0
0.0,4509.0,1789.0,2058.0,5411.0,2159.0,2159.0,1462.0,596.0,0.0,1789.0
0.0,8131.0,1363.0,2055.0,6398.0,0.0,0.0,1433.0,622.0,0.0,1363.0
0.0,13166.0,343.0,2006.0,5626.0,0.0,0.0,1377.0,629.0,0.0,343.0
0.0,18449.0,249.0,1932.0,2159.0,0.0,0.0,1303.0,629.0,249.0,0.0
0.0,20359.0,1650.0,1887.0,0.0,0.0,0.0,1258.0,629.0,1650.0,0.0
0.0,18709.0,3048.0,1890.0,0.0,0.0,0.0,1269.0,621.0,3048.0,0.0
0.0,15661.0,4199.0,1952.0,0.0,0.0,0.0,1350.0,602.0,4199.0,0.0
0.0,11462.0,3956.0,1997.0,0.0,2479.0,2479.0,1426.0,571.0,3956.0,0.0
0.0,7506.0,2768.0,2017.0,0.0,5347.0,5347.0,1471.0,546.0,2312.0,456.0
0.0,4738.0,1058.0,2011.0,0.0,6375.0,6375.0,1471.0,540.0,0.0,1058.0
0.0,3680.0,1661.0,2036.0,2479.0,5682.0,5682.0,1471.0,565.0,0.0,1661.0
0.0,4498.0,1809.0,2067.0,5347.0,2299.0,2299.0,1467.0,600.0,0.0,1809.0
0.0,8036.0,1355.0,2062.0,6375.0,0.0,0.0,1436.0,626.0,0.0,1355.0
0.0,13056.0,304.0,2010.0,5682.0,0.0,0.0,1378.0,632.0,0.0,304.0
0.0,18434.0,313.0,1936.0,2299.0,0.0,0.0,1304.0,632.0,313.0,0.0
0.0,20420.0,1732.0,1894.0,0.0,0.0,0.0,1262.0,632.0,1732.0,0.0
0.0,18688.0,3146.0,1900.0,0.0,0.0,0.0,1277.0,623.0,3146.0,0.0
0.0,15542.0,4253.0,1961.0,0.0,0.0,0.0,1358.0,603.0,4253.0,0.0
0.0,11289.0,3937.0,2006.0,0.0,2678.0,2678.0,1434.0,572.0,3937.0,0.0
0.0,7352.0,2691.0,2024.0,0.0,5459.0,5459.0,1477.0,547.0,2212.0,479.0
0.0,4661.0,1086.0,2018.0,0.0,6515.0,6515.0,1477.0,541.0,0.0,1086.0
0.0,3575.0,1693.0,2045.0,2678.0,5665.0,5665.0,1477.0,568.0,0.0,1693.0
0.0,4560.0,1821.0,2075.0,5459.0,2177.0,2177.0,1472.0,603.0,0.0,1821.0
0.0,8198.0,1347.0,2070.0,6515.0,0.0,0.0,1441.0,629.0,0.0,1347.0
0.0,13366.0,261.0,2016.0,5665.0,0.0,0.0,1382.0,634.0,0.0,261.0
0.0,18770.0,314.0,1942.0,2177.0,0.0,0.0,1308.0,634.0,314.0,0.0
0.0,20633.0,1733.0,1900.0,0.0,0.0,0.0,1266.0,634.0,1733.0,0.0
0.0,18900.0,3147.0,1907.0,0.0,0.0,0.0,1282.0,625.0,3147.0,0.0
0.0,15753.0,4251.0,1970.0,0.0,0.0,0.0,1364.0,606.0,4251.0,0.0
0.0,11502.0,3930.0,2013.0,0.0,2493.0,2493.0,1439.0,574.0,3930.0,0.0
0.0,7572.0,2670.0,2030.0,0.0,5248.0,5248.0,1481.0,549.0,2199.0,471.0
0.0,4902.0,1075.0,2025.0,0.0,6298.0,6298.0,1481.0,544.0,0.0,1075.0
0.0,3827.0,1679.0,2051.0,2493.0,5614.0,5614.0,1481.0,570.0,0.0,1679.0
0.0,4641.0,1817.0,2082.0,5248.0,2338.0,2338.0,1477.0,605.0,0.0,1817.0
0.0,8072.0,1345.0,2078.0,6298.0,0.0,0.0,1447.0,631.0,0.0,1345.0
0.0,13025.0,269.0,2025.0,5614.0,0.0,0.0,1389.0,636.0,0.0,269.0
0.0,18370.0,276.0,1951.0,2338.0,0.0,0.0,1315.0,636.0,276.0,0.0
0.0,20432.0,1686.0,1907.0,0.0,0.0,0.0,1271.0,636.0,1686.0,0.0
0.0,18746.0,3091.0,1914.0,0.0,0.0,0.0,1286.0,628.0,3091.0,0.0
0.0,15655.0,4224.0,1975.0,0.0,0.0,0.0,1367.0,608.0,4224.0,0.0
0.0,11431.0,3942.0,2020.0,0.0,2611.0,2611.0,1443.0,577.0,3942.0,0.0
0.0,7489.0,2716.0,2038.0,0.0,5417.0,5417.0,1486.0,552.0,2260.0,456.0
0.0,4773.0,1063.0,2032.0,0.0,6450.0,6450.0,1486.0,546.0,0.0,1063.0
0.0,3710.0,1665.0,2058.0,2611.0,5634.0,5634.0,1486.0,572.0,0.0,1665.0
0.0,4656.0,1811.0,2088.0,5417.0,2178.0,2178.0,1482.0,606.0,0.0,1811.0
0.0,8262.0,1350.0,2084.0,6450.0,0.0,0.0,1452.0,632.0,0.0,1350.0
0.0,13362.0,287.0,2033.0,5634.0,0.0,0.0,1395.0,638.0,0.0,287.0
0.0,18709.0,279.0,1959.0,2178.0,0.0,0.0,1321.0,638.0,279.0,0.0
0.0,20608.0,1687.0,1915.0,0.0,0.0,0.0,1277.0,638.0,1687.0,0.0
0.0,18921.0,3101.0,1921.0,0.0,0.0,0.0,1291.0,630.0,3101.0,0.0
0.0,15820.0,4232.0,1982.0,0.0,0.0,0.0,1372.0,610.0,4232.0,0.0
0.0,11588.0,3962.0,2027.0,0.0,2509.0,2509.0,1448.0,579.0,3962.0,0.0
0.0,7626.0,2748.0,2046.0,0.0,5352.0,5352.0,1492.0,554.0,2274.0,474.0
0.0,4878.0,1080.0,2040.0,0.0,6402.0,6402.0,1492.0,548.0,0.0,1080.0
0.0,3798.0,1687.0,2066.0,2509.0,5710.0,5710.0,1492.0,574.0,0.0,1687.0
0.0,4620.0,1821.0,2096.0,5352.0,2329.0,2329.0,1487.0,609.0,0.0,1821.0
0.0,8151.0,1350.0,2091.0,6402.0,0.0,0.0,1456.0,635.0,0.0,1350.0
0.0,13203.0,273.0,2037.0,5710.0,0.0,0.0,1397.0,640.0,0.0,273.0
0.0,18640.0,337.0,1963.0,2329.0,0.0,0.0,1323.0,640.0,337.0,0.0
0.0,20632.0,1763.0,1921.0,0.0,0.0,0.0,1281.0,640.0,1763.0,0.0
0.0,18869.0,3196.0,1930.0,0.0,0.0,0.0,1298.0,632.0,3196.0,0.0
0.0,15673.0,4288.0,1991.0,0.0,0.0,0.0,1380.0,611.0,4288.0,0.0
0.0,11385.0,3961.0,2035.0,0.0,2751.0,2751.0,1456.0,579.0,3961.0,0.0
0.0,7424.0,2710.0,2053.0,0.0,5551.0,5551.0,1499.0,554.0,2198.0,512.0
0.0,4714.0,1127.0,2049.0,0.0,6658.0,6658.0,1499.0,550.0,0.0,1127.0
0.0,3587.0,1742.0,2077.0,2751.0,5789.0,5789.0,1499.0,578.0,0.0,1742.0
0.0,4596.0,1846.0,2106.0,5551.0,2229.0,2229.0,1493.0,613.0,0.0,1846.0
0.0,8301.0,1335.0,2098.0,6658.0,0.0,0.0,1459.0,639.0,0.0,1335.0
0.0,13624.0,215.0,2042.0,5789.0,0.0,0.0,1399.0,643.0,0.0,215.0
0.0,19198.0,388.0,1967.0,2229.0,0.0,0.0,1324.0,643.0,388.0,0.0
0.0,21039.0,1828.0,1927.0,0.0,0.0,0.0,1284.0,643.0,1828.0,0.0
0.0,19211.0,3273.0,1938.0,0.0,0.0,0.0,1304.0,634.0,3273.0,0.0
0.0,15938.0,4326.0,2000.0,0.0,0.0,0.0,1387.0,613.0,4326.0,0.0
0.0,11612.0,3944.0,2043.0,0.0,2547.0,2547.0,1463.0,580.0,3944.0,0.0
0.0,7668.0,2637.0,2059.0,0.0,5264.0,5264.0,1504.0,555.0,2111.0,526.0
0.0,5031.0,1143.0,2056.0,0.0,6392.0,6392.0,1504.0,552.0,0.0,1143.0
0.0,3888.0,1760.0,2084.0,2547.0,5745.0,5745.0,1504.0,580.0,0.0,1760.0
0.0,4675.0,1851.0,2114.0,5264.0,2482.0,2482.0,1498.0,616.0,0.0,1851.0
0.0,8088.0,1330.0,2106.0,6392.0,0.0,0.0,1464.0,642.0,0.0,1330.0
0.0,13150.0,186.0,2049.0,5745.0,0.0,0.0,1404.0,645.0,0.0,186.0
0.0,18709.0,378.0,1975.0,2482.0,0.0,0.0,1330.0,645.0,378.0,0.0
0.0,20813.0,1819.0,1934.0,0.0,0.0,0.0,1289.0,645.0,1819.0,0.0
0.0,18994.0,3254.0,1945.0,0.0,0.0,0.0,1309.0,636.0,3254.0,0.0
0.0,15740.0,4310.0,2007.0,0.0,0.0,0.0,1392.0,615.0,4310.0,0.0
0.0,11430.0,3929.0,2051.0,0.0,2754.0,2754.0,1468.0,583.0,3929.0,0.0
0.0,7501.0,2621.0,2066.0,0.0,5450.0,5450.0,1508.0,558.0,2107.0,514.0
0.0,4880.0,1128.0,2062.0,0.0,6558.0,6558.0,1508.0,554.0,0.0,1128.0
0.0,3752.0,1741.0,2090.0,2754.0,5685.0,5685.0,1508.0,582.0,0.0,1741.0
0.0,4765.0,1845.0,2121.0,5450.0,2235.0,2235.0,1503.0,618.0,0.0,1845.0
0.0,8370.0,1330.0,2113.0,6558.0,0.0,0.0,1470.0,643.0,0.0,1330.0
0.0,13598.0,201.0,2058.0,5685.0,0.0,0.0,1411.0,647.0,0.0,201.0
0.0,19082.0,355.0,1984.0,2235.0,0.0,0.0,1337.0,647.0,355.0,0.0
0.0,20962.0,1788.0,1942.0,0.0,0.0,0.0,1295.0,647.0,1788.0,0.0
0.0,19174.0,3216.0,1952.0,0.0,0.0,0.0,1314.0,638.0,3216.0,0.0
0.0,15958.0,4294.0,2014.0,0.0,0.0,0.0,1396.0,618.0,4294.0,0.0
0.0,11664.0,3934.0,2058.0,0.0,2560.0,2560.0,1472.0,586.0,3934.0,0.0
0.0,7730.0,2649.0,2074.0,0.0,5289.0,5289.0,1513.0,561.0,2147.0,502.0
0.0,5081.0,1115.0,2069.0,0.0,6379.0,6379.0,1513.0,556.0,0.0,1115.0
0.0,3966.0,1733.0,2097.0,2560.0,5692.0,5692.0,1513.0,584.0,0.0,1733.0
0.0,4793.0,1844.0,2127.0,5289.0,2397.0,2397.0,1508.0,619.0,0.0,1844.0
0.0,8238.0,1343.0,2120.0,6379.0,0.0,0.0,1475.0,645.0,0.0,1343.0
0.0,13274.0,224.0,2066.0,5692.0,0.0,0.0,1416.0,650.0,0.0,224.0
0.0,18742.0,377.0,1991.0,2397.0,0.0,0.0,1341.0,650.0,377.0,0.0
0.0,20762.0,1818.0,1950.0,0.0,0.0,0.0,1300.0,650.0,1818.0,0.0
0.0,18944.0,3256.0,1959.0,0.0,0.0,0.0,1319.0,640.0,3256.0,0.0
0.0,15688.0,4323.0,2022.0,0.0,0.0,0.0,1402.0,620.0,4323.0,0.0
0.0,11365.0,3946.0,2065.0,0.0,2906.0,2906.0,1478.0,587.0,3946.0,0.0
0.0,7419.0,2655.0,2081.0,0.0,5641.0,5641.0,1519.0,562.0,2138.0,517.0
0.0,4764.0,1141.0,2077.0,0.0,6762.0,6762.0,1519.0,558.0,0.0,1141.0
0.0,3623.0,1761.0,2106.0,2906.0,5762.0,5762.0,1519.0,587.0,0.0,1761.0
0.0,4768.0,1865.0,2136.0,5641.0,2136.0,2136.0,1513.0,623.0,0.0,1865.0
0.0,8544.0,1346.0,2128.0,6762.0,0.0,0.0,1479.0,649.0,0.0,1346.0
0.0,13960.0,207.0,2069.0,5762.0,0.0,0.0,1417.0,652.0,0.0,207.0
0.0,19515.0,436.0,1995.0,2136.0,0.0,0.0,1343.0,652.0,436.0,0.0
0.0,21215.0,1896.0,1956.0,0.0,0.0,0.0,1304.0,652.0,1896.0,0.0
0.0,19319.0,3353.0,1969.0,0.0,0.0,0.0,1326.0,643.0,3353.0,0.0
0.0,15966.0,4380.0,2031.0,0.0,0.0,0.0,1410.0,621.0,4380.0,0.0
0.0,11586.0,3944.0,2073.0,0.0,2723.0,2723.0,1486.0,587.0,3944.0,0.0
0.0,7642.0,2604.0,2087.0,0.0,5397.0,5397.0,1525.0,562.0,2057.0,547.0
0.0,5038.0,1174.0,2084.0,0.0,6556.0,6556.0,1525.0,559.0,0.0,1174.0
0.0,3864.0,1801.0,2115.0,2723.0,5789.0,5789.0,1525.0,590.0,0.0,1801.0
0.0,4786.0,1881.0,2144.0,5397.0,2418.0,2418.0,1518.0,626.0,0.0,1881.0
0.0,8302.0,1335.0,2135.0,6556.0,0.0,0.0,1483.0,652.0,0.0,1335.0
0.0,13523.0,167.0,2075.0,5789.0,0.0,0.0,1420.0,655.0,0.0,167.0
0.0,19145.0,474.0,2001.0,2418.0,0.0,0.0,1346.0,655.0,474.0,0.0
0.0,21089.0,1939.0,1962.0,0.0,0.0,0.0,1307.0,655.0,1939.0,0.0
0.0,19150.0,3404.0,1977.0,0.0,0.0,0.0,1332.0,645.0,3404.0,0.0
0.0,15746.0,4399.0,2040.0,0.0,0.0,0.0,1417.0,623.0,4399.0,0.0
0.0,11347.0,3924.0,2081.0,0.0,2982.0,2982.0,1492.0,589.0,3924.0,0.0
0.0,7423.0,2543.0,2094.0,0.0,5590.0,5590.0,1530.0,564.0,1988.0,555.0
0.0,4880.0,1182.0,2091.0,0.0,6757.0,6757.0,1530.0,561.0,0.0,1182.0
0.0,3698.0,1809.0,2122.0,2982.0,5739.0,5739.0,1530.0,592.0,0.0,1809.0
0.0,4871.0,1880.0,2152.0,5590.0,2179.0,2179.0,1523.0,629.0,0.0,1880.0
0.0,8581.0,1329.0,2142.0,6757.0,0.0,0.0,1488.0,654.0,0.0,1329.0
0.0,14009.0,146.0,2083.0,5739.0,0.0,0.0,1426.0,657.0,0.0,146.0
0.0,19602.0,457.0,2009.0,2179.0,0.0,0.0,1352.0,657.0,457.0,0.0
0.0,21324.0,1915.0,1970.0,0.0,0.0,0.0,1313.0,657.0,1915.0,0.0
0.0,19409.0,3377.0,1984.0,0.0,0.0,0.0,1337.0,647.0,3377.0,0.0
0.0,16032.0,4376.0,2046.0,0.0,0.0,0.0,1421.0,625.0,4376.0,0.0
0.0,11656.0,3921.0,2089.0,0.0,2710.0,2710.0,1497.0,592.0,3921.0,0.0
0.0,7735.0,2539.0,2102.0,0.0,5314.0,5314.0,1535.0,567.0,1998.0,541.0
0.0,5196.0,1164.0,2099.0,0.0,6463.0,6463.0,1535.0,564.0,0.0,1164.0
0.0,4032.0,1787.0,2129.0,2710.0,5690.0,5690.0,1535.0,594.0,0.0,1787.0
0.0,4955.0,1874.0,2158.0,5314.0,2395.0,2395.0,1528.0,630.0,0.0,1874.0
0.0,8395.0,1333.0,2150.0,6463.0,0.0,0.0,1494.0,656.0,0.0,1333.0
0.0,13525.0,168.0,2091.0,5690.0,0.0,0.0,1432.0,659.0,0.0,168.0
0.0,19047.0,435.0,2017.0,2395.0,0.0,0.0,1358.0,659.0,435.0,0.0
0.0,21007.0,1888.0,1978.0,0.0,0.0,0.0,1319.0,659.0,1888.0,0.0
0.0,19119.0,3346.0,1991.0,0.0,0.0,0.0,1342.0,649.0,3346.0,0.0
0.0,15773.0,4364.0,2054.0,0.0,0.0,0.0,1426.0,628.0,4364.0,0.0
0.0,11409.0,3935.0,2096.0,0.0,3006.0,3006.0,1501.0,595.0,3935.0,0.0
0.0,7474.0,2580.0,2110.0,0.0,5656.0,5656.0,1541.0,569.0,2044.0,536.0
0.0,4894.0,1160.0,2107.0,0.0,6801.0,6801.0,1541.0,566.0,0.0,1160.0
0.0,3734.0,1790.0,2137.0,3006.0,5735.0,5735.0,1541.0,596.0,0.0,1790.0
0.0,4950.0,1879.0,2165.0,5656.0,2098.0,2098.0,1533.0,632.0,0.0,1879.0
0.0,8727.0,1345.0,2156.0,6801.0,0.0,0.0,1498.0,658.0,0.0,1345.0
0.0,14183.0,182.0,2098.0,5735.0,0.0,0.0,1436.0,662.0,0.0,182.0
0.0,19736.0,473.0,2024.0,2098.0,0.0,0.0,1362.0,662.0,473.0,0.0
0.0,21361.0,1938.0,1985.0,0.0,0.0,0.0,1323.0,662.0,1938.0,0.0
0.0,19423.0,3410.0,2000.0,0.0,0.0,0.0,1348.0,652.0,3410.0,0.0
0.0,16013.0,4406.0,2062.0,0.0,0.0,0.0,1432.0,630.0,4406.0,0.0
0.0,11607.0,3944.0,2104.0,0.0,2857.0,2857.0,1508.0,596.0,3944.0,0.0
0.0,7663.0,2568.0,2118.0,0.0,5495.0,5495.0,1547.0,571.0,2007.0,561.0
0.0,5095.0,1193.0,2115.0,0.0,6673.0,6673.0,1547.0,568.0,0.0,1193.0
0.0,3902.0,1826.0,2146.0,2857.0,5797.0,5797.0,1547.0,599.0,0.0,1826.0
0.0,4933.0,1898.0,2173.0,5495.0,2335.0,2335.0,1538.0,635.0,0.0,1898.0
0.0,8530.0,1339.0,2163.0,6673.0,0.0,0.0,1502.0,661.0,0.0,1339.0
0.0,13864.0,148.0,2101.0,5797.0,0.0,0.0,1437.0,664.0,0.0,148.0
0.0,19513.0,537.0,2027.0,2335.0,0.0,0.0,1363.0,664.0,537.0,0.0
0.0,21311.0,2026.0,1991.0,0.0,0.0,0.0,1327.0,664.0,2026.0,0.0
0.0,19285.0,3511.0,2009.0,0.0,0.0,0.0,1355.0,654.0,3511.0,0.0
0.0,15774.0,4460.0,2071.0,0.0,0.0,0.0,1440.0,631.0,4460.0,0.0
0.0,11314.0,3926.0,2112.0,0.0,3172.0,3172.0,1516.0,596.0,3926.0,0.0
0.0,7388.0,2496.0,2124.0,0.0,5728.0,5728.0,1552.0,572.0,1903.0,593.0
0.0,4892.0,1231.0,2122.0,0.0,6949.0,6949.0,1552.0,570.0,0.0,1231.0
0.0,3661.0,1869.0,2154.0,3172.0,5806.0,5806.0,1552.0,602.0,0.0,1869.0
0.0,4964.0,1914.0,2182.0,5728.0,2132.0,2132.0,1543.0,639.0,0.0,1914.0
0.0,8778.0,1321.0,2170.0,6949.0,0.0,0.0,1506.0,664.0,0.0,1321.0
0.0,14406.0,95.0,2107.0,5806.0,0.0,0.0,1441.0,666.0,0.0,95.0
0.0,20117.0,562.0,2033.0,2132.0,0.0,0.0,1367.0,666.0,562.0,0.0
0.0,21687.0,2055.0,1997.0,0.0,0.0,0.0,1331.0,666.0,2055.0,0.0
0.0,19632.0,3543.0,2017.0,0.0,0.0,0.0,1361.0,656.0,3543.0,0.0
0.0,16089.0,4473.0,2080.0,0.0,0.0,0.0,1447.0,633.0,4473.0,0.0
0.0,11616.0,3904.0,2120.0,0.0,2888.0,2888.0,1522.0,598.0,3904.0,0.0
0.0,7712.0,2447.0,2130.0,0.0,5385.0,5385.0,1557.0,573.0,1852.0,595.0
0.0,5265.0,1231.0,2129.0,0.0,6611.0,6611.0,1557.0,572.0,0.0,1231.0
0.0,4034.0,1867.0,2162.0,2888.0,5755.0,5755.0,1557.0,605.0,0.0,1867.0
0.0,5055.0,1908.0,2190.0,5385.0,2418.0,2418.0,1549.0,641.0,0.0,1908.0
0.0,8532.0,1317.0,2179.0,6611.0,0.0,0.0,1512.0,667.0,0.0,1317.0
0.0,13826.0,85.0,2115.0,5755.0,0.0,0.0,1447.0,668.0,0.0,85.0
0.0,19496.0,528.0,2041.0,2418.0,0.0,0.0,1373.0,668.0,528.0,0.0
0.0,21386.0,2012.0,2004.0,0.0,0.0,0.0,1336.0,668.0,2012.0,0.0
0.0,19374.0,3491.0,2023.0,0.0,0.0,0.0,1365.0,658.0,3491.0,0.0
0.0,15883.0,4446.0,2085.0,0.0,0.0,0.0,1450.0,635.0,4446.0,0.0
0.0,11437.0,3911.0,2127.0,0.0,3109.0,3109.0,1526.0,601.0,3911.0,0.0
0.0,7526.0,2483.0,2138.0,0.0,5647.0,5647.0,1562.0,576.0,1902.0,581.0
0.0,5043.0,1214.0,2136.0,0.0,6851.0,6851.0,1562.0,574.0,0.0,1214.0
0.0,3829.0,1847.0,2168.0,3109.0,5749.0,5749.0,1562.0,606.0,0.0,1847.0
0.0,5091.0,1904.0,2197.0,5647.0,2151.0,2151.0,1554.0,643.0,0.0,1904.0
0.0,8834.0,1323.0,2185.0,6851.0,0.0,0.0,1517.0,668.0,0.0,1323.0
0.0,14362.0,109.0,2123.0,5749.0,0.0,0.0,1453.0,670.0,0.0,109.0
0.0,20002.0,516.0,2049.0,2151.0,0.0,0.0,1379.0,670.0,516.0,0.0
0.0,21637.0,1999.0,2012.0,0.0,0.0,0.0,1342.0,670.0,1999.0,0.0
0.0,19638.0,3478.0,2029.0,0.0,0.0,0.0,1369.0,660.0,3478.0,0.0
0.0,16160.0,4448.0,2093.0,0.0,0.0,0.0,1455.0,638.0,4448.0,0.0
0.0,11712.0,3931.0,2134.0,0.0,2889.0,2889.0,1531.0,603.0,3931.0,0.0
0.0,7781.0,2526.0,2146.0,0.0,5475.0,5475.0,1568.0,578.0,1941.0,585.0
0.0,5255.0,1221.0,2144.0,0.0,6686.0,6686.0,1568.0,576.0,0.0,1221.0
0.0,4034.0,1863.0,2176.0,2889.0,5820.0,5820.0,1568.0,608.0,0.0,1863.0
0.0,5060.0,1916.0,2204.0,5475.0,2401.0,2401.0,1559.0,645.0,0.0,1916.0
0.0,8619.0,1333.0,2193.0,6686.0,0.0,0.0,1522.0,671.0,0.0,1333.0
0.0,13972.0,109.0,2129.0,5820.0,0.0,0.0,1456.0,673.0,0.0,109.0
0.0,19683.0,567.0,2055.0,2401.0,0.0,0.0,1382.0,673.0,567.0,0.0
0.0,21517.0,2062.0,2019.0,0.0,0.0,0.0,1346.0,673.0,2062.0,0.0
0.0,19455.0,3564.0,2038.0,0.0,0.0,0.0,1376.0,662.0,3564.0,0.0
0.0,15891.0,4496.0,2101.0,0.0,0.0,0.0,1462.0,639.0,4496.0,0.0
0.0,11395.0,3935.0,2142.0,0.0,3250.0,3250.0,1538.0,604.0,3935.0,0.0
0.0,7460.0,2486.0,2153.0,0.0,5791.0,5791.0,1574.0,579.0,1878.0,608.0
0.0,4974.0,1258.0,2152.0,0.0,7044.0,7044.0,1574.0,578.0,0.0,1258.0
0.0,3716.0,1903.0,2186.0,3250.0,5867.0,5867.0,1574.0,612.0,0.0,1903.0
0.0,5063.0,1941.0,2213.0,5791.0,2152.0,2152.0,1564.0,649.0,0.0,1941.0
0.0,8913.0,1329.0,2199.0,7044.0,0.0,0.0,1525.0,674.0,0.0,1329.0
0.0,14628.0,73.0,2133.0,5867.0,0.0,0.0,1457.0,676.0,0.0,73.0
0.0,20422.0,628.0,2060.0,2152.0,0.0,0.0,1384.0,676.0,628.0,0.0
0.0,21946.0,2140.0,2025.0,0.0,0.0,0.0,1349.0,676.0,2140.0,0.0
0.0,19806.0,3657.0,2047.0,0.0,0.0,0.0,1383.0,664.0,3657.0,0.0
0.0,16149.0,4542.0,2111.0,0.0,0.0,0.0,1470.0,641.0,4542.0,0.0
0.0,11607.0,3920.0,2151.0,0.0,3068.0,3068.0,1546.0,605.0,3920.0,0.0
0.0,7687.0,2405.0,2160.0,0.0,5518.0,5518.0,1580.0,580.0,1776.0,629.0
0.0,5282.0,1278.0,2159.0,0.0,6791.0,6791.0,1580.0,579.0,0.0,1278.0
0.0,4004.0,1927.0,2194.0,3068.0,5825.0,5825.0,1580.0,614.0,0.0,1927.0
0.0,5145.0,1946.0,2221.0,5518.0,2388.0,2388.0,1569.0,652.0,0.0,1946.0
0.0,8717.0,1316.0,2207.0,6791.0,0.0,0.0,1530.0,677.0,0.0,1316.0
0.0,14192.0,42.0,2139.0,5825.0,0.0,0.0,1461.0,678.0,0.0,42.0
0.0,19975.0,627.0,2066.0,2388.0,0.0,0.0,1388.0,678.0,627.0,0.0
0.0,21736.0,2138.0,2032.0,0.0,0.0,0.0,1354.0,678.0,2138.0,0.0
0.0,19598.0,3653.0,2055.0,0.0,0.0,0.0,1388.0,667.0,3653.0,0.0
0.0,15945.0,4535.0,2118.0,0.0,0.0,0.0,1475.0,643.0,4535.0,0.0
0.0,11410.0,3910.0,2158.0,0.0,3290.0,3290.0,1551.0,607.0,3910.0,0.0
0.0,7500.0,2388.0,2167.0,0.0,5723.0,5723.0,1585.0,582.0,1764.0,624.0
0.0,5112.0,1270.0,2166.0,0.0,6988.0,6988.0,1585.0,581.0,0.0,1270.0
0.0,3842.0,1915.0,2202.0,3290.0,5793.0,5793.0,1585.0,617.0,0.0,1915.0
0.0,5217.0,1936.0,2228.0,5723.0,2136.0,2136.0,1574.0,654.0,0.0,1936.0
0.0,9004.0,1315.0,2215.0,6988.0,0.0,0.0,1536.0,679.0,0.0,1315.0
0.0,14677.0,44.0,2149.0,5793.0,0.0,0.0,1469.0,680.0,0.0,44.0
0.0,20426.0,594.0,2074.0,2136.0,0.0,0.0,1394.0,680.0,594.0,0.0
0.0,21968.0,2096.0,2040.0,0.0,0.0,0.0,1360.0,680.0,2096.0,0.0
0.0,19872.0,3602.0,2061.0,0.0,0.0,0.0,1392.0,669.0,3602.0,0.0
0.0,16270.0,4509.0,2124.0,0.0,0.0,0.0,1479.0,645.0,4509.0,0.0
0.0,11761.0,3919.0,2164.0,0.0,2978.0,2978.0,1554.0,610.0,3919.0,0.0
0.0,7842.0,2432.0,2174.0,0.0,5460.0,5460.0,1589.0,585.0,1818.0,614.0
0.0,5410.0,1257.0,2173.0,0.0,6712.0,6712.0,1589.0,584.0,0.0,1257.0
0.0,4153.0,1901.0,2207.0,2978.0,5805.0,5805.0,1589.0,618.0,0.0,1901.0
0.0,5230.0,1936.0,2235.0,5460.0,2421.0,2421.0,1579.0,656.0,0.0,1936.0
0.0,8754.0,1323.0,2222.0,6712.0,0.0,0.0,1541.0,681.0,0.0,1323.0
0.0,14143.0,66.0,2156.0,5805.0,0.0,0.0,1474.0,682.0,0.0,66.0
0.0,19882.0,604.0,2082.0,2421.0,0.0,0.0,1400.0,682.0,604.0,0.0
0.0,21699.0,2115.0,2047.0,0.0,0.0,0.0,1365.0,682.0,2115.0,0.0
0.0,19584.0,3622.0,2069.0,0.0,0.0,0.0,1398.0,671.0,3622.0,0.0
0.0,15962.0,4532.0,2133.0,0.0,0.0,0.0,1485.0,648.0,4532.0,0.0
0.0,11430.0,3927.0,2172.0,0.0,3357.0,3357.0,1560.0,612.0,3927.0,0.0
0.0,7503.0,2441.0,2182.0,0.0,5848.0,5848.0,1595.0,587.0,1817.0,624.0
0.0,5062.0,1273.0,2181.0,0.0,7116.0,7116.0,1595.0,586.0,0.0,1273.0
0.0,3789.0,1928.0,2216.0,3357.0,5862.0,5862.0,1595.0,621.0,0.0,1928.0
0.0,5218.0,1954.0,2242.0,5848.0,2098.0,2098.0,1584.0,658.0,0.0,1954.0
0.0,9112.0,1332.0,2229.0,7116.0,0.0,0.0,1545.0,684.0,0.0,1332.0
0.0,14896.0,56.0,2161.0,5862.0,0.0,0.0,1476.0,685.0,0.0,56.0
0.0,20702.0,666.0,2087.0,2098.0,0.0,0.0,1402.0,685.0,666.0,0.0
0.0,22134.0,2196.0,2054.0,0.0,0.0,0.0,1369.0,685.0,2196.0,0.0
0.0,19938.0,3722.0,2077.0,0.0,0.0,0.0,1404.0,673.0,3722.0,0.0
0.0,16216.0,4589.0,2142.0,0.0,0.0,0.0,1493.0,649.0,4589.0,0.0
0.0,11627.0,3923.0,2180.0,0.0,3196.0,3196.0,1568.0,612.0,3923.0,0.0
0.0,7704.0,2384.0,2190.0,0.0,5630.0,5630.0,1602.0,588.0,1737.0,647.0
0.0,5320.0,1309.0,2189.0,0.0,6934.0,6934.0,1602.0,587.0,0.0,1309.0
0.0,4011.0,1966.0,2226.0,3196.0,5889.0,5889.0,1602.0,624.0,0.0,1966.0
0.0,5241.0,1977.0,2251.0,5630.0,2361.0,2361.0,1589.0,662.0,0.0,1977.0
0.0,8894.0,1326.0,2235.0,6934.0,0.0,0.0,1548.0,687.0,0.0,1326.0
0.0,14502.0,19.0,2166.0,5889.0,0.0,0.0,1478.0,688.0,0.0,19.0
0.0,20372.0,710.0,2092.0,2361.0,0.0,0.0,1404.0,688.0,710.0,0.0
0.0,22023.0,2252.0,2060.0,0.0,0.0,0.0,1372.0,688.0,2252.0,0.0
0.0,19771.0,3790.0,2086.0,0.0,0.0,0.0,1411.0,675.0,3790.0,0.0
0.0,15981.0,4623.0,2151.0,0.0,0.0,0.0,1500.0,651.0,4623.0,0.0
0.0,11358.0,3908.0,2189.0,0.0,3495.0,3495.0,1575.0,614.0,3908.0,0.0
0.0,7450.0,2321.0,2196.0,0.0,5851.0,5851.0,1607.0,589.0,1660.0,661.0
0.0,5129.0,1320.0,2196.0,0.0,7171.0,7171.0,1607.0,589.0,0.0,1320.0
0.0,3809.0,1978.0,2233.0,3495.0,5839.0,5839.0,1607.0,626.0,0.0,1978.0
0.0,5326.0,1975.0,2259.0,5851.0,2093.0,2093.0,1595.0,664.0,0.0,1975.0
0.0,9202.0,1313.0,2244.0,7171.0,0.0,0.0,1554.0,690.0,0.0,1313.0
0.0,15060.0,0.0,2173.0,5839.0,0.0,0.0,1483.0,690.0,0.0,0.0
0.0,20899.0,695.0,2100.0,2093.0,0.0,0.0,1410.0,690.0,695.0,0.0
0.0,22297.0,2227.0,2067.0,0.0,0.0,0.0,1377.0,690.0,2227.0,0.0
0.0,20070.0,3763.0,2094.0,0.0,0.0,0.0,1416.0,678.0,3763.0,0.0
0.0,16307.0,4598.0,2157.0,0.0,0.0,0.0,1504.0,653.0,4598.0,0.0
0.0,11709.0,3901.0,2195.0,0.0,3167.0,3167.0,1579.0,616.0,3901.0,0.0
0.0,7808.0,2324.0,2203.0,0.0,5531.0,5531.0,1611.0,592.0,1672.0,652.0
0.0,5484.0,1307.0,2203.0,0.0,6838.0,6838.0,1611.0,592.0,0.0,1307.0
0.0,4177.0,1962.0,2239.0,3167.0,5813.0,5813.0,1611.0,628.0,0.0,1962.0
0.0,5382.0,1964.0,2266.0,5531.0,2381.0,2381.0,1600.0,666.0,0.0,1964.0
0.0,8949.0,1316.0,2251.0,6838.0,0.0,0.0,1560.0,691.0,0.0,1316.0
0.0,14471.0,8.0,2182.0,5813.0,0.0,0.0,1490.0,692.0,0.0,8.0
0.0,20276.0,674.0,2109.0,2381.0,0.0,0.0,1417.0,692.0,674.0,0.0
0.0,21983.0,2199.0,2075.0,0.0,0.0,0.0,1383.0,692.0,2199.0,0.0
0.0,19784.0,3729.0,2100.0,0.0,0.0,0.0,1420.0,680.0,3729.0,0.0
0.0,16055.0,4580.0,2164.0,0.0,0.0,0.0,1508.0,656.0,4580.0,0.0
0.0,11475.0,3912.0,2203.0,0.0,3452.0,3452.0,1584.0,619.0,3912.0,0.0
0.0,7563.0,2358.0,2210.0,0.0,5845.0,5845.0,1616.0,594.0,1709.0,649.0
0.0,5205.0,1303.0,2210.0,0.0,7148.0,7148.0,1616.0,594.0,0.0,1303.0
0.0,3902.0,1958.0,2246.0,3452.0,5834.0,5834.0,1616.0,630.0,0.0,1958.0
0.0,5396.0,1969.0,2273.0,5845.0,2093.0,2093.0,1605.0,668.0,0.0,1969.0
0.0,9272.0,1322.0,2258.0,7148.0,0.0,0.0,1564.0,694.0,0.0,1322.0
0.0,15098.0,20.0,2188.0,5834.0,0.0,0.0,1494.0,694.0,0.0,20.0
0.0,20912.0,702.0,2115.0,2093.0,0.0,0.0,1421.0,694.0,702.0,0.0
0.0,22303.0,2237.0,2082.0,0.0,0.0,0.0,1388.0,694.0,2237.0,0.0
0.0,20066.0,3778.0,2108.0,0.0,0.0,0.0,1426.0,682.0,3778.0,0.0
0.0,16288.0,4614.0,2173.0,0.0,0.0,0.0,1515.0,658.0,4614.0,0.0
0.0,11674.0,3928.0,2211.0,0.0,3309.0,3309.0,1590.0,621.0,3922.0,6.0
0.0,7746.0,2353.0,2219.0,0.0,5702.0,5702.0,1623.0,596.0,1686.0,667.0
0.0,5393.0,1329.0,2219.0,0.0,7031.0,7031.0,1623.0,596.0,0.0,1329.0
0.0,4064.0,1990.0,2256.0,3309.0,5897.0,5897.0,1623.0,633.0,0.0,1990.0
0.0,5383.0,1986.0,2281.0,5702.0,2306.0,2306.0,1610.0,671.0,0.0,1986.0
0.0,9099.0,1321.0,2265.0,7031.0,0.0,0.0,1568.0,697.0,0.0,1321.0
0.0,14809.0,0.0,2193.0,5897.0,0.0,0.0,1496.0,697.0,0.0,0.0
0.0,20706.0,767.0,2119.0,2306.0,0.0,0.0,1422.0,697.0,767.0,0.0
0.0,22245.0,2321.0,2089.0,0.0,0.0,0.0,1392.0,697.0,2321.0,0.0
0.0,19924.0,3881.0,2117.0,0.0,0.0,0.0,1433.0,684.0,3881.0,0.0
0.0,16043.0,4671.0,2182.0,0.0,0.0,0.0,1523.0,659.0,4671.0,0.0
0.0,11372.0,3940.0,2220.0,0.0,3668.0,3668.0,1598.0,622.0,3913.0,27.0
0.0,7432.0,2286.0,2226.0,0.0,5984.0,5984.0,1629.0,597.0,1591.0,695.0
0.0,5146.0,1369.0,2227.0,0.0,7358.0,7358.0,1629.0,598.0,0.0,1369.0
0.0,3777.0,2011.0,2265.0,3668.0,5891.0,5891.0,1629.0,636.0,0.0,2011.0
0.0,5434.0,1985.0,2289.0,5984.0,2012.0,2012.0,1615.0,674.0,0.0,1985.0
0.0,9433.0,1285.0,2271.0,7358.0,0.0,0.0,1572.0,699.0,0.0,1285.0
0.0,15506.0,0.0,2198.0,5891.0,0.0,0.0,1499.0,699.0,0.0,0.0
0.0,21397.0,799.0,2124.0,2012.0,0.0,0.0,1425.0,699.0,799.0,0.0
0.0,22610.0,2366.0,2095.0,0.0,0.0,0.0,1396.0,699.0,2366.0,0.0
0.0,20244.0,3927.0,2125.0,0.0,0.0,0.0,1439.0,686.0,3927.0,0.0
0.0,16317.0,4689.0,2190.0,0.0,0.0,0.0,1529.0,661.0,4689.0,0.0
0.0,11628.0,3912.0,2227.0,0.0,3419.0,3419.0,1604.0,623.0,3889.0,23.0
0.0,7716.0,2219.0,2232.0,0.0,5663.0,5663.0,1633.0,599.0,1522.0,697.0
0.0,5497.0,1365.0,2233.0,0.0,7033.0,7033.0,1633.0,600.0,0.0,1365.0
0.0,4132.0,2010.0,2271.0,3419.0,5814.0,5814.0,1633.0,638.0,0.0,2010.0
0.0,5541.0,1981.0,2296.0,5663.0,2257.0,2257.0,1620.0,676.0,0.0,1981.0
0.0,9223.0,1283.0,2278.0,7033.0,0.0,0.0,1577.0,701.0,0.0,1283.0
0.0,14973.0,0.0,2206.0,5814.0,0.0,0.0,1505.0,701.0,0.0,0.0
0.0,20787.0,780.0,2132.0,2257.0,0.0,0.0,1431.0,701.0,780.0,0.0
0.0,22264.0,2339.0,2102.0,0.0,0.0,0.0,1401.0,701.0,2339.0,0.0
0.0,19925.0,3892.0,2133.0,0.0,0.0,0.0,1444.0,689.0,3892.0,0.0
0.0,16033.0,4669.0,2197.0,0.0,0.0,0.0,1534.0,663.0,4669.0,0.0
0.0,11364.0,3895.0,2234.0,0.0,3701.0,3701.0,1608.0,626.0,3881.0,14.0
0.0,7469.0,2224.0,2239.0,0.0,5950.0,5950.0,1638.0,601.0,1545.0,679.0
0.0,5245.0,1343.0,2240.0,0.0,7298.0,7298.0,1638.0,602.0,0.0,1343.0
0.0,3902.0,1993.0,2278.0,3701.0,5780.0,5780.0,1638.0,640.0,0.0,1993.0
0.0,5610.0,1978.0,2303.0,5950.0,1933.0,1933.0,1625.0,678.0,0.0,1978.0
0.0,9582.0,1304.0,2286.0,7298.0,0.0,0.0,1583.0,703.0,0.0,1304.0
0.0,15576.0,0.0,2214.0,5780.0,0.0,0.0,1511.0,703.0,0.0,0.0
0.0,21356.0,758.0,2141.0,1933.0,0.0,0.0,1438.0,703.0,758.0,0.0
0.0,22531.0,2313.0,2110.0,0.0,0.0,0.0,1407.0,703.0,2313.0,0.0
0.0,20218.0,3864.0,2139.0,0.0,0.0,0.0,1448.0,691.0,3864.0,0.0
0.0,16354.0,4662.0,2204.0,0.0,0.0,0.0,1538.0,666.0,4662.0,0.0
0.0,11692.0,3922.0,2241.0,0.0,3435.0,3435.0,1613.0,628.0,3901.0,21.0
0.0,7770.0,2282.0,2248.0,0.0,5752.0,5752.0,1644.0,604.0,1595.0,687.0
0.0,5488.0,1353.0,2248.0,0.0,7105.0,7105.0,1644.0,604.0,0.0,1353.0
0.0,4135.0,1999.0,2286.0,3435.0,5859.0,5859.0,1644.0,642.0,0.0,1999.0
0.0,5571.0,1984.0,2310.0,5752.0,2211.0,2211.0,1630.0,680.0,0.0,1984.0
0.0,9339.0,1299.0,2292.0,7105.0,0.0,0.0,1587.0,705.0,0.0,1299.0
0.0,15145.0,0.0,2220.0,5859.0,0.0,0.0,1515.0,705.0,0.0,0.0
0.0,21004.0,796.0,2146.0,2211.0,0.0,0.0,1441.0,705.0,796.0,0.0
0.0,22419.0,2365.0,2116.0,0.0,0.0,0.0,1411.0,705.0,2365.0,0.0
0.0,20054.0,3931.0,2147.0,0.0,0.0,0.0,1454.0,693.0,3931.0,0.0
0.0,16123.0,4708.0,2212.0,0.0,0.0,0.0,1545.0,667.0,4708.0,0.0
0.0,11415.0,3960.0,2250.0,0.0,3795.0,3795.0,1620.0,630.0,3913.0,47.0
0.0,7455.0,2280.0,2255.0,0.0,6100.0,6100.0,1650.0,605.0,1559.0,721.0
0.0,5175.0,1395.0,2257.0,0.0,7505.0,7505.0,1650.0,607.0,0.0,1395.0
0.0,3780.0,2028.0,2296.0,3795.0,5933.0,5933.0,1650.0,646.0,0.0,2028.0
0.0,5547.0,1983.0,2319.0,6100.0,1931.0,1931.0,1635.0,684.0,0.0,1983.0
0.0,9664.0,1264.0,2299.0,7505.0,0.0,0.0,1591.0,708.0,0.0,1264.0
0.0,15905.0,0.0,2224.0,5933.0,0.0,0.0,1516.0,708.0,0.0,0.0
0.0,21838.0,858.0,2151.0,1931.0,0.0,0.0,1443.0,708.0,858.0,0.0
0.0,22911.0,2440.0,2122.0,0.0,0.0,0.0,1414.0,708.0,2440.0,0.0
0.0,20471.0,4028.0,2155.0,0.0,0.0,0.0,1461.0,694.0,4028.0,0.0
0.0,16443.0,4754.0,2221.0,0.0,0.0,0.0,1553.0,668.0,4754.0,0.0
0.0,11689.0,3968.0,2258.0,0.0,3569.0,3569.0,1628.0,630.0,3904.0,64.0
0.0,7721.0,2206.0,2263.0,0.0,5800.0,5800.0,1656.0,607.0,1462.0,744.0
0.0,5515.0,1429.0,2265.0,0.0,7239.0,7239.0,1656.0,609.0,0.0,1429.0
0.0,4086.0,2045.0,2305.0,3569.0,5915.0,5915.0,1656.0,649.0,0.0,2045.0
0.0,5610.0,1981.0,2328.0,5800.0,2211.0,2211.0,1641.0,687.0,0.0,1981.0
0.0,9429.0,1232.0,2305.0,7239.0,0.0,0.0,1595.0,710.0,0.0,1232.0
0.0,15436.0,0.0,2230.0,5915.0,0.0,0.0,1520.0,710.0,0.0,0.0
0.0,21351.0,872.0,2156.0,2211.0,0.0,0.0,1446.0,710.0,872.0,0.0
0.0,22690.0,2457.0,2129.0,0.0,0.0,0.0,1419.0,710.0,2457.0,0.0
0.0,20233.0,4046.0,2164.0,0.0,0.0,0.0,1467.0,697.0,4046.0,0.0
0.0,16187.0,4757.0,2229.0,0.0,0.0,0.0,1559.0,670.0,4757.0,0.0
0.0,11430.0,3941.0,2266.0,0.0,3841.0,3841.0,1633.0,633.0,3888.0,53.0
0.0,7489.0,2160.0,2270.0,0.0,6021.0,6021.0,1661.0,609.0,1424.0,736.0
0.0,5329.0,1414.0,2272.0,0.0,7445.0,7445.0,1661.0,611.0,0.0,1414.0
0.0,3915.0,2038.0,2312.0,3841.0,5842.0,5842.0,1661.0,651.0,0.0,2038.0
0.0,5718.0,1979.0,2335.0,6021.0,1915.0,1915.0,1646.0,689.0,0.0,1979.0
0.0,9760.0,1241.0,2313.0,7445.0,0.0,0.0,1601.0,712.0,0.0,1241.0
0.0,15964.0,0.0,2238.0,5842.0,0.0,0.0,1526.0,712.0,0.0,0.0
0.0,21806.0,841.0,2164.0,1915.0,0.0,0.0,1452.0,712.0,841.0,0.0
0.0,22880.0,2417.0,2136.0,0.0,0.0,0.0,1424.0,712.0,2417.0,0.0
0.0,20463.0,3997.0,2170.0,0.0,0.0,0.0,1471.0,699.0,3997.0,0.0
0.0,16466.0,4731.0,2235.0,0.0,0.0,0.0,1562.0,673.0,4731.0,0.0
0.0,11735.0,3938.0,2273.0,0.0,3568.0,3568.0,1637.0,636.0,3893.0,45.0
0.0,7797.0,2190.0,2277.0,0.0,5778.0,5778.0,1665.0,612.0,1470.0,720.0
0.0,5607.0,1394.0,2278.0,0.0,7177.0,7177.0,1665.0,613.0,0.0,1394.0
0.0,4213.0,2023.0,2317.0,3568.0,5827.0,5827.0,1665.0,652.0,0.0,2023.0
0.0,5758.0,1978.0,2341.0,5778.0,2147.0,2147.0,1651.0,690.0,0.0,1978.0
0.0,9558.0,1264.0,2321.0,7177.0,0.0,0.0,1606.0,715.0,0.0,1264.0
0.0,15471.0,0.0,2247.0,5827.0,0.0,0.0,1532.0,715.0,0.0,0.0
0.0,21298.0,837.0,2174.0,2147.0,0.0,0.0,1459.0,715.0,837.0,0.0
0.0,22608.0,2413.0,2144.0,0.0,0.0,0.0,1430.0,714.0,2413.0,0.0
0.0,20195.0,3996.0,2177.0,0.0,0.0,0.0,1476.0,701.0,3996.0,0.0
0.0,16199.0,4738.0,2242.0,0.0,0.0,0.0,1567.0,675.0,4738.0,0.0
0.0,11461.0,3970.0,2280.0,0.0,3909.0,3909.0,1642.0,638.0,3910.0,60.0
0.0,7491.0,2234.0,2285.0,0.0,6168.0,6168.0,1671.0,614.0,1496.0,738.0
0.0,5257.0,1417.0,2287.0,0.0,7595.0,7595.0,1671.0,616.0,0.0,1417.0
0.0,3840.0,2036.0,2326.0,3909.0,5917.0,5917.0,1671.0,655.0,0.0,2036.0
0.0,5713.0,1983.0,2349.0,6168.0,1847.0,1847.0,1656.0,693.0,0.0,1983.0
0.0,9898.0,1247.0,2327.0,7595.0,0.0,0.0,1610.0,717.0,0.0,1247.0
0.0,16246.0,0.0,2252.0,5917.0,0.0,0.0,1535.0,717.0,0.0,0.0
0.0,22163.0,891.0,2178.0,1847.0,0.0,0.0,1461.0,717.0,891.0,0.0
0.0,23119.0,2490.0,2150.0,0.0,0.0,0.0,1434.0,716.0,2490.0,0.0
0.0,20629.0,4086.0,2186.0,0.0,0.0,0.0,1483.0,703.0,4086.0,0.0
0.0,16543.0,4798.0,2251.0,0.0,0.0,0.0,1575.0,676.0,4798.0,0.0
0.0,11745.0,3994.0,2288.0,0.0,3689.0,3689.0,1650.0,638.0,3907.0,87.0
0.0,7751.0,2195.0,2292.0,0.0,5904.0,5904.0,1677.0,615.0,1422.0,773.0
0.0,5556.0,1460.0,2296.0,0.0,7384.0,7384.0,1677.0,619.0,0.0,1460.0
0.0,4096.0,2065.0,2336.0,3689.0,5960.0,5960.0,1677.0,659.0,0.0,2065.0
0.0,5720.0,1980.0,2358.0,5904.0,2146.0,2146.0,1661.0,697.0,0.0,1980.0
0.0,9644.0,1209.0,2334.0,7384.0,0.0,0.0,1614.0,720.0,0.0,1209.0
0.0,15819.0,0.0,2256.0,5960.0,0.0,0.0,1536.0,720.0,0.0,0.0
0.0,21779.0,945.0,2183.0,2146.0,0.0,0.0,1463.0,720.0,945.0,0.0
0.0,22980.0,2559.0,2156.0,0.0,0.0,0.0,1437.0,719.0,2559.0,0.0
0.0,20421.0,4169.0,2193.0,0.0,0.0,0.0,1489.0,704.0,4169.0,0.0
0.0,16252.0,4839.0,2259.0,0.0,0.0,0.0,1582.0,677.0,4839.0,0.0
0.0,11413.0,3988.0,2296.0,0.0,4055.0,4055.0,1657.0,639.0,3890.0,98.0
0.0,7425.0,2124.0,2299.0,0.0,6194.0,6194.0,1683.0,616.0,1336.0,788.0
0.0,5301.0,1483.0,2304.0,0.0,7702.0,7702.0,1683.0,621.0,0.0,1483.0
0.0,3818.0,2075.0,2344.0,4055.0,5922.0,5922.0,1683.0,661.0,0.0,2075.0
0.0,5798.0,1977.0,2365.0,6194.0,1810.0,1810.0,1666.0,699.0,0.0,1977.0
0.0,10015.0,1184.0,2341.0,7702.0,0.0,0.0,1619.0,722.0,0.0,1184.0
0.0,16533.0,0.0,2263.0,5922.0,0.0,0.0,1541.0,722.0,0.0,0.0
0.0,22455.0,936.0,2190.0,1810.0,0.0,0.0,1468.0,722.0,936.0,0.0
0.0,23329.0,2548.0,2163.0,0.0,0.0,0.0,1442.0,721.0,2548.0,0.0
0.0,20781.0,4154.0,2201.0,0.0,0.0,0.0,1494.0,707.0,4154.0,0.0
0.0,16627.0,4828.0,2267.0,0.0,0.0,0.0,1587.0,680.0,4828.0,0.0
0.0,11799.0,3968.0,2304.0,0.0,3689.0,3689.0,1662.0,642.0,3884.0,84.0
0.0,7831.0,2114.0,2307.0,0.0,5818.0,5818.0,1688.0,619.0,1338.0,776.0
0.0,5717.0,1463.0,2311.0,0.0,7301.0,7301.0,1688.0,623.0,0.0,1463.0
0.0,4254.0,2065.0,2351.0,3689.0,5877.0,5877.0,1688.0,663.0,0.0,2065.0
0.0,5878.0,1975.0,2373.0,5818.0,2144.0,2144.0,1672.0,701.0,0.0,1975.0
0.0,9721.0,1198.0,2349.0,7301.0,0.0,0.0,1625.0,724.0,0.0,1198.0
0.0,15824.0,0.0,2272.0,5877.0,0.0,0.0,1548.0,724.0,0.0,0.0
0.0,21701.0,905.0,2199.0,2144.0,0.0,0.0,1475.0,724.0,905.0,0.0
0.0,22940.0,2503.0,2171.0,0.0,0.0,0.0,1448.0,723.0,2503.0,0.0
0.0,20437.0,4101.0,2207.0,0.0,0.0,0.0,1498.0,709.0,4101.0,0.0
0.0,16336.0,4799.0,2273.0,0.0,0.0,0.0,1591.0,682.0,4799.0,0.0
0.0,11537.0,3974.0,2311.0,0.0,3992.0,3992.0,1666.0,645.0,3894.0,80.0
0.0,7563.0,2161.0,2314.0,0.0,6168.0,6168.0,1692.0,622.0,1396.0,765.0
0.0,5402.0,1450.0,2317.0,0.0,7633.0,7633.0,1692.0,625.0,0.0,1450.0
0.0,3952.0,2055.0,2357.0,3992.0,5896.0,5896.0,1692.0,665.0,0.0,2055.0
0.0,5889.0,1976.0,2379.0,6168.0,1814.0,1814.0,1676.0,703.0,0.0,1976.0
0.0,10081.0,1217.0,2356.0,7633.0,0.0,0.0,1630.0,726.0,0.0,1217.0
0.0,16497.0,0.0,2279.0,5896.0,0.0,0.0,1553.0,726.0,0.0,0.0
0.0,22393.0,926.0,2206.0,1814.0,0.0,0.0,1480.0,726.0,926.0,0.0
0.0,23281.0,2530.0,2178.0,0.0,0.0,0.0,1453.0,725.0,2530.0,0.0
0.0,20751.0,4141.0,2215.0,0.0,0.0,0.0,1504.0,711.0,4141.0,0.0
0.0,16610.0,4822.0,2281.0,0.0,0.0,0.0,1597.0,684.0,4822.0,0.0
0.0,11788.0,4004.0,2318.0,0.0,3806.0,3806.0,1672.0,646.0,3901.0,103.0
0.0,7784.0,2169.0,2322.0,0.0,5995.0,5995.0,1698.0,624.0,1376.0,793.0
0.0,5615.0,1484.0,2326.0,0.0,7499.0,7499.0,1698.0,628.0,0.0,1484.0
0.0,4131.0,2073.0,2366.0,3806.0,5966.0,5966.0,1698.0,668.0,0.0,2073.0
0.0,5864.0,1978.0,2387.0,5995.0,2054.0,2054.0,1681.0,706.0,0.0,1978.0
0.0,9881.0,1188.0,2362.0,7499.0,0.0,0.0,1633.0,729.0,0.0,1188.0
0.0,16192.0,0.0,2284.0,5966.0,0.0,0.0,1555.0,729.0,0.0,0.0
0.0,22158.0,995.0,2211.0,2054.0,0.0,0.0,1482.0,729.0,995.0,0.0
0.0,23217.0,2619.0,2184.0,0.0,0.0,0.0,1457.0,727.0,2619.0,0.0
0.0,20598.0,4249.0,2223.0,0.0,0.0,0.0,1511.0,712.0,4249.0,0.0
0.0,16349.0,4881.0,2289.0,0.0,0.0,0.0,1605.0,684.0,4881.0,0.0
0.0,11468.0,4026.0,2327.0,0.0,4193.0,4193.0,1680.0,647.0,3895.0,131.0
0.0,7442.0,2105.0,2330.0,0.0,6313.0,6313.0,1705.0,625.0,1276.0,829.0
0.0,5337.0,1528.0,2336.0,0.0,7871.0,7871.0,1705.0,631.0,0.0,1528.0
0.0,3809.0,2101.0,2376.0,4193.0,5979.0,5979.0,1705.0,671.0,0.0,2101.0
0.0,5901.0,1972.0,2395.0,6313.0,1733.0,1733.0,1686.0,709.0,0.0,1972.0
0.0,10242.0,1144.0,2368.0,7871.0,0.0,0.0,1637.0,731.0,0.0,1144.0
0.0,16969.0,0.0,2288.0,5979.0,0.0,0.0,1557.0,731.0,0.0,0.0
0.0,22948.0,1037.0,2215.0,1733.0,0.0,0.0,1484.0,731.0,1037.0,0.0
0.0,23644.0,2672.0,2190.0,0.0,0.0,0.0,1460.0,730.0,2672.0,0.0
0.0,20972.0,4312.0,2232.0,0.0,0.0,0.0,1518.0,714.0,4312.0,0.0
0.0,16660.0,4909.0,2298.0,0.0,0.0,0.0,1612.0,686.0,4909.0,0.0
0.0,11751.0,4012.0,2336.0,0.0,3941.0,3941.0,1687.0,649.0,3876.0,136.0
0.0,7739.0,2034.0,2337.0,0.0,5980.0,5980.0,1710.0,627.0,1198.0,836.0
0.0,5705.0,1541.0,2343.0,0.0,7551.0,7551.0,1710.0,633.0,0.0,1541.0
0.0,4164.0,2105.0,2384.0,3941.0,5920.0,5920.0,1710.0,674.0,0.0,2105.0
0.0,6000.0,1968.0,2404.0,5980.0,2008.0,2008.0,1692.0,712.0,0.0,1968.0
0.0,10012.0,1126.0,2376.0,7551.0,0.0,0.0,1643.0,733.0,0.0,1126.0
0.0,16437.0,0.0,2296.0,5920.0,0.0,0.0,1563.0,733.0,0.0,0.0
0.0,22357.0,1018.0,2222.0,2008.0,0.0,0.0,1489.0,733.0,1018.0,0.0
0.0,23347.0,2651.0,2198.0,0.0,0.0,0.0,1466.0,732.0,2651.0,0.0
0.0,20696.0,4278.0,2239.0,0.0,0.0,0.0,1522.0,717.0,4278.0,0.0
0.0,16418.0,4887.0,2305.0,0.0,0.0,0.0,1616.0,689.0,4887.0,0.0
0.0,11531.0,3986.0,2342.0,0.0,4165.0,4165.0,1691.0,651.0,3867.0,119.0
0.0,7545.0,2034.0,2343.0,0.0,6204.0,6204.0,1714.0,629.0,1214.0,820.0
0.0,5511.0,1516.0,2349.0,0.0,7750.0,7750.0,1714.0,635.0,0.0,1516.0
0.0,3995.0,2093.0,2390.0,4165.0,5883.0,5883.0,1714.0,676.0,0.0,2093.0
0.0,6067.0,1969.0,2410.0,6204.0,1748.0,1748.0,1697.0,713.0,0.0,1969.0
0.0,10302.0,1148.0,2383.0,7750.0,0.0,0.0,1648.0,735.0,0.0,1148.0
0.0,16904.0,0.0,2305.0,5883.0,0.0,0.0,1570.0,735.0,0.0,0.0
0.0,22787.0,999.0,2232.0,1748.0,0.0,0.0,1497.0,735.0,999.0,0.0
0.0,23536.0,2626.0,2206.0,0.0,0.0,0.0,1472.0,734.0,2626.0,0.0
0.0,20910.0,4248.0,2246.0,0.0,0.0,0.0,1527.0,719.0,4248.0,0.0
0.0,16662.0,4877.0,2312.0,0.0,0.0,0.0,1621.0,691.0,4877.0,0.0
0.0,11785.0,3994.0,2349.0,0.0,3954.0,3954.0,1695.0,654.0,3874.0,120.0
0.0,7791.0,2071.0,2351.0,0.0,6035.0,6035.0,1719.0,632.0,1255.0,816.0
0.0,5720.0,1512.0,2356.0,0.0,7572.0,7572.0,1719.0,637.0,0.0,1512.0
0.0,4208.0,2089.0,2397.0,3954.0,5912.0,5912.0,1719.0,678.0,0.0,2089.0
0.0,6073.0,1970.0,2418.0,6035.0,1952.0,1952.0,1702.0,716.0,0.0,1970.0
0.0,10138.0,1161.0,2391.0,7572.0,0.0,0.0,1653.0,738.0,0.0,1161.0
0.0,16549.0,0.0,2311.0,5912.0,0.0,0.0,1573.0,738.0,0.0,0.0
0.0,22461.0,1028.0,2238.0,1952.0,0.0,0.0,1500.0,738.0,1028.0,0.0
0.0,23385.0,2666.0,2213.0,0.0,0.0,0.0,1477.0,736.0,2666.0,0.0
0.0,20719.0,4301.0,2254.0,0.0,0.0,0.0,1533.0,721.0,4301.0,0.0
0.0,16418.0,4915.0,2319.0,0.0,92.0,92.0,1627.0,692.0,4915.0,0.0
0.0,11503.0,4037.0,2357.0,0.0,4319.0,4319.0,1702.0,655.0,3888.0,149.0
0.0,7466.0,2085.0,2359.0,0.0,6414.0,6414.0,1726.0,633.0,1233.0,852.0
0.0,5381.0,1556.0,2367.0,92.0,7918.0,7918.0,1726.0,641.0,0.0,1556.0
0.0,3917.0,2112.0,2407.0,4319.0,5911.0,5911.0,1726.0,681.0,0.0,2112.0
0.0,6124.0,1971.0,2426.0,6414.0,1563.0,1563.0,1707.0,719.0,0.0,1971.0
0.0,10567.0,1121.0,2397.0,7918.0,0.0,0.0,1656.0,741.0,0.0,1121.0
0.0,17364.0,0.0,2316.0,5911.0,0.0,0.0,1575.0,741.0,0.0,0.0
0.0,23275.0,1087.0,2243.0,1563.0,0.0,0.0,1502.0,741.0,1087.0,0.0
0.0,23751.0,2744.0,2218.0,0.0,0.0,0.0,1480.0,738.0,2744.0,0.0
0.0,21007.0,4398.0,2262.0,0.0,0.0,0.0,1540.0,722.0,4398.0,0.0
0.0,16609.0,4971.0,2328.0,0.0,2.0,2.0,1635.0,693.0,4971.0,0.0
0.0,11638.0,4056.0,2366.0,0.0,4248.0,4248.0,1710.0,656.0,3883.0,173.0
0.0,7582.0,2030.0,2367.0,0.0,6283.0,6283.0,1732.0,635.0,1147.0,883.0
0.0,5552.0,1594.0,2375.0,2.0,7915.0,7915.0,1732.0,643.0,0.0,1594.0
0.0,3960.0,2137.0,2416.0,4248.0,6009.0,6009.0,1732.0,684.0,0.0,2137.0
0.0,6071.0,1965.0,2434.0,6283.0,1781.0,1781.0,1712.0,722.0,0.0,1965.0
0.0,10389.0,1082.0,2404.0,7915.0,0.0,0.0,1661.0,743.0,0.0,1082.0
0.0,17222.0,0.0,2321.0,6009.0,0.0,0.0,1578.0,743.0,0.0,0.0
0.0,23231.0,1113.0,2248.0,1781.0,0.0,0.0,1505.0,743.0,1113.0,0.0
0.0,23899.0,2772.0,2223.0,0.0,0.0,0.0,1483.0,740.0,2772.0,0.0
0.0,21127.0,4435.0,2270.0,0.0,0.0,0.0,1546.0,724.0,4435.0,0.0
0.0,16692.0,4980.0,2336.0,0.0,0.0,0.0,1641.0,695.0,4980.0,0.0
0.0,11712.0,4032.0,2373.0,0.0,4185.0,4185.0,1716.0,657.0,3865.0,167.0
0.0,7680.0,1968.0,2373.0,0.0,6153.0,6153.0,1737.0,636.0,1091.0,877.0
0.0,5712.0,1592.0,2382.0,0.0,7790.0,7790.0,1737.0,645.0,0.0,1592.0
0.0,4120.0,2134.0,2423.0,4185.0,5944.0,5944.0,1737.0,686.0,0.0,2134.0
0.0,6171.0,1966.0,2441.0,6153.0,1847.0,1847.0,1717.0,724.0,0.0,1966.0
0.0,10358.0,1082.0,2411.0,7790.0,0.0,0.0,1666.0,745.0,0.0,1082.0
0.0,17066.0,0.0,2329.0,5944.0,0.0,0.0,1584.0,745.0,0.0,0.0
0.0,23010.0,1090.0,2256.0,1847.0,0.0,0.0,1511.0,745.0,1090.0,0.0
0.0,23767.0,2740.0,2232.0,0.0,0.0,0.0,1489.0,743.0,2740.0,0.0
0.0,21027.0,4394.0,2277.0,0.0,0.0,0.0,1550.0,727.0,4394.0,0.0
0.0,16633.0,4952.0,2344.0,0.0,39.0,39.0,1646.0,698.0,4952.0,0.0
0.0,11681.0,4013.0,2380.0,0.0,4232.0,4232.0,1720.0,660.0,3865.0,148.0
0.0,7668.0,1977.0,2380.0,0.0,6209.0,6209.0,1741.0,639.0,1118.0,859.0
0.0,5691.0,1565.0,2388.0,39.0,7775.0,7775.0,1741.0,647.0,0.0,1565.0
0.0,4165.0,2123.0,2429.0,4232.0,5871.0,5871.0,1741.0,688.0,0.0,2123.0
0.0,6274.0,1970.0,2448.0,6209.0,1727.0,1727.0,1722.0,726.0,0.0,1970.0
0.0,10513.0,1116.0,2419.0,7775.0,0.0,0.0,1672.0,747.0,0.0,1116.0
0.0,17172.0,0.0,2337.0,5871.0,0.0,0.0,1590.0,747.0,0.0,0.0
0.0,23043.0,1078.0,2264.0,1727.0,0.0,0.0,1517.0,747.0,1078.0,0.0
0.0,23692.0,2726.0,2240.0,0.0,0.0,0.0,1495.0,745.0,2726.0,0.0
0.0,20966.0,4379.0,2284.0,0.0,0.0,0.0,1555.0,729.0,4379.0,0.0
0.0,16587.0,4950.0,2350.0,0.0,113.0,113.0,1650.0,700.0,4950.0,0.0
0.0,11637.0,4029.0,2388.0,0.0,4332.0,4332.0,1725.0,663.0,3879.0,150.0
0.0,7608.0,2010.0,2389.0,0.0,6347.0,6347.0,1747.0,642.0,1152.0,858.0
0.0,5598.0,1566.0,2396.0,113.0,7835.0,7835.0,1747.0,649.0,0.0,1566.0
0.0,4145.0,2125.0,2437.0,4332.0,5833.0,5833.0,1747.0,690.0,0.0,2125.0
0.0,6352.0,1982.0,2455.0,6347.0,1558.0,1558.0,1727.0,728.0,0.0,1982.0
0.0,10717.0,1126.0,2426.0,7835.0,0.0,0.0,1676.0,750.0,0.0,1126.0
0.0,17426.0,0.0,2343.0,5833.0,0.0,0.0,1593.0,750.0,0.0,0.0
0.0,23259.0,1127.0,2270.0,1558.0,0.0,0.0,1520.0,750.0,1127.0,0.0
0.0,23690.0,2790.0,2246.0,0.0,0.0,0.0,1499.0,747.0,2790.0,0.0
0.0,20900.0,4460.0,2292.0,0.0,0.0,0.0,1561.0,731.0,4460.0,0.0
0.0,16440.0,5000.0,2358.0,0.0,350.0,350.0,1657.0,701.0,5000.0,0.0
0.0,11440.0,4061.0,2396.0,0.0,4601.0,4601.0,1732.0,664.0,3884.0,177.0
0.0,7379.0,1987.0,2396.0,0.0,6588.0,6588.0,1753.0,643.0,1094.0,893.0
0.0,5392.0,1610.0,2405.0,350.0,7893.0,7893.0,1753.0,652.0,0.0,1610.0
0.0,4132.0,2150.0,2447.0,4601.0,5652.0,5652.0,1753.0,694.0,0.0,2150.0
0.0,6583.0,1980.0,2464.0,6588.0,1129.0,1129.0,1732.0,732.0,0.0,1980.0
0.0,11191.0,1089.0,2432.0,7893.0,0.0,0.0,1679.0,753.0,0.0,1089.0
0.0,17995.0,0.0,2348.0,5652.0,0.0,0.0,1595.0,753.0,0.0,0.0
0.0,23647.0,1186.0,2275.0,1129.0,0.0,0.0,1522.0,753.0,1186.0,0.0
0.0,23590.0,2871.0,2252.0,0.0,0.0,0.0,1503.0,749.0,2871.0,0.0
0.0,20719.0,4552.0,2300.0,0.0,0.0,0.0,1568.0,732.0,4552.0,0.0
0.0,16167.0,5053.0,2367.0,0.0,721.0,721.0,1665.0,702.0,5053.0,0.0
0.0,11114.0,4062.0,2404.0,0.0,4968.0,4968.0,1740.0,664.0,3865.0,197.0
0.0,7052.0,1914.0,2403.0,0.0,6877.0,6877.0,1759.0,644.0,996.0,918.0
0.0,5138.0,1639.0,2414.0,721.0,7850.0,7850.0,1759.0,655.0,0.0,1639.0
0.0,4220.0,2168.0,2456.0,4968.0,5260.0,5260.0,1759.0,697.0,0.0,2168.0
0.0,7020.0,1971.0,2472.0,6877.0,434.0,434.0,1737.0,735.0,0.0,1971.0
0.0,11926.0,1053.0,2439.0,7850.0,0.0,0.0,1684.0,755.0,0.0,1053.0
0.0,18723.0,0.0,2354.0,5260.0,0.0,0.0,1599.0,755.0,0.0,0.0
0.0,23983.0,1193.0,2281.0,434.0,0.0,0.0,1526.0,755.0,1193.0,0.0
0.0,23224.0,2879.0,2259.0,0.0,0.0,0.0,1507.0,752.0,2879.0,0.0
0.0,20345.0,4559.0,2309.0,0.0,0.0,0.0,1574.0,735.0,4559.0,0.0
0.0,15786.0,5051.0,2375.0,0.0,1140.0,1140.0,1671.0,704.0,5051.0,0.0
0.0,10735.0,4040.0,2412.0,0.0,5365.0,5365.0,1745.0,667.0,3851.0,189.0
0.0,6695.0,1883.0,2410.0,0.0,7238.0,7238.0,1764.0,646.0,975.0,908.0
0.0,4812.0,1632.0,2421.0,1140.0,7785.0,7785.0,1764.0,657.0,0.0,1632.0
0.0,4320.0,2161.0,2463.0,5365.0,4791.0,4791.0,1764.0,699.0,0.0,2161.0
0.0,7524.0,1971.0,2479.0,7238.0,0.0,0.0,1743.0,736.0,0.0,1971.0
0.0,12791.0,1057.0,2447.0,7785.0,0.0,0.0,1690.0,757.0,0.0,1057.0
0.0,19519.0,0.0,2362.0,4791.0,0.0,0.0,1605.0,757.0,0.0,0.0
0.0,24310.0,1156.0,2289.0,0.0,0.0,0.0,1532.0,757.0,1156.0,0.0
0.0,23154.0,2833.0,2267.0,0.0,0.0,0.0,1513.0,754.0,2833.0,0.0
0.0,20321.0,4505.0,2315.0,0.0,0.0,0.0,1578.0,737.0,4505.0,0.0
0.0,15816.0,5025.0,2381.0,0.0,1114.0,1114.0,1674.0,707.0,5025.0,0.0
0.0,10791.0,4035.0,2419.0,0.0,5339.0,5339.0,1749.0,670.0,3863.0,172.0
0.0,6756.0,1927.0,2418.0,0.0,7261.0,7261.0,1769.0,649.0,1034.0,893.0
0.0,4829.0,1609.0,2428.0,1114.0,7806.0,7806.0,1769.0,659.0,0.0,1609.0
0.0,4334.0,2153.0,2469.0,5339.0,4825.0,4825.0,1769.0,700.0,0.0,2153.0
0.0,7520.0,1976.0,2486.0,7261.0,0.0,0.0,1748.0,738.0,0.0,1976.0
0.0,12805.0,1084.0,2454.0,7806.0,0.0,0.0,1695.0,759.0,0.0,1084.0
0.0,19527.0,0.0,2370.0,4825.0,0.0,0.0,1611.0,759.0,0.0,0.0
0.0,24352.0,1158.0,2297.0,0.0,0.0,0.0,1538.0,759.0,1158.0,0.0
0.0,23194.0,2833.0,2274.0,0.0,0.0,0.0,1518.0,756.0,2833.0,0.0
0.0,20361.0,4509.0,2322.0,0.0,0.0,0.0,1583.0,739.0,4509.0,0.0
0.0,15852.0,5033.0,2389.0,0.0,1126.0,1126.0,1680.0,709.0,5033.0,0.0
0.0,10819.0,4068.0,2426.0,0.0,5379.0,5379.0,1754.0,672.0,3879.0,189.0
0.0,6751.0,1964.0,2425.0,0.0,7338.0,7338.0,1774.0,651.0,1055.0,909.0
0.0,4787.0,1630.0,2435.0,1126.0,7892.0,7892.0,1774.0,661.0,0.0,1630.0
0.0,4283.0,2163.0,2477.0,5379.0,4886.0,4886.0,1774.0,703.0,0.0,2163.0
0.0,7499.0,1976.0,2494.0,7338.0,0.0,0.0,1753.0,741.0,0.0,1976.0
0.0,12861.0,1074.0,2460.0,7892.0,0.0,0.0,1699.0,761.0,0.0,1074.0
0.0,19679.0,0.0,2374.0,4886.0,0.0,0.0,1613.0,761.0,0.0,0.0
0.0,24565.0,1220.0,2302.0,0.0,0.0,0.0,1541.0,761.0,1220.0,0.0
0.0,23345.0,2913.0,2280.0,0.0,0.0,0.0,1522.0,758.0,2913.0,0.0
0.0,20432.0,4613.0,2331.0,0.0,0.0,0.0,1590.0,741.0,4613.0,0.0
0.0,15819.0,5089.0,2397.0,0.0,1255.0,1255.0,1687.0,710.0,5089.0,0.0
0.0,10730.0,4101.0,2435.0,0.0,5546.0,5546.0,1762.0,673.0,3879.0,222.0
0.0,6629.0,1916.0,2434.0,0.0,7457.0,7457.0,1781.0,653.0,966.0,950.0
0.0,4713.0,1679.0,2445.0,1255.0,7936.0,7936.0,1781.0,664.0,0.0,1679.0
0.0,4289.0,2187.0,2487.0,5546.0,4787.0,4787.0,1781.0,706.0,0.0,2187.0
0.0,7648.0,1972.0,2502.0,7457.0,0.0,0.0,1758.0,744.0,0.0,1972.0
0.0,13133.0,1024.0,2467.0,7936.0,0.0,0.0,1703.0,764.0,0.0,1024.0
0.0,20045.0,0.0,2379.0,4787.0,0.0,0.0,1615.0,764.0,0.0,0.0
0.0,24832.0,1271.0,2306.0,0.0,0.0,0.0,1542.0,764.0,1271.0,0.0
0.0,23561.0,2978.0,2285.0,0.0,0.0,0.0,1525.0,760.0,2978.0,0.0
0.0,20583.0,4690.0,2339.0,0.0,0.0,0.0,1596.0,743.0,4690.0,0.0
0.0,15893.0,5127.0,2406.0,0.0,1264.0,1264.0,1695.0,711.0,5127.0,0.0
0.0,10766.0,4098.0,2443.0,0.0,5547.0,5547.0,1769.0,674.0,3862.0,236.0
0.0,6668.0,1847.0,2441.0,0.0,7384.0,7384.0,1786.0,655.0,879.0,968.0
0.0,4821.0,1700.0,2453.0,1264.0,7880.0,7880.0,1786.0,667.0,0.0,1700.0
0.0,4385.0,2200.0,2495.0,5547.0,4743.0,4743.0,1786.0,709.0,0.0,2200.0
0.0,7732.0,1963.0,2510.0,7384.0,0.0,0.0,1763.0,747.0,0.0,1963.0
0.0,13153.0,994.0,2474.0,7880.0,0.0,0.0,1708.0,766.0,0.0,994.0
0.0,20039.0,0.0,2386.0,4743.0,0.0,0.0,1620.0,766.0,0.0,0.0
0.0,24782.0,1260.0,2313.0,0.0,0.0,0.0,1547.0,766.0,1260.0,0.0
0.0,23522.0,2963.0,2293.0,0.0,0.0,0.0,1530.0,763.0,2963.0,0.0
0.0,20559.0,4670.0,2346.0,0.0,0.0,0.0,1601.0,745.0,4670.0,0.0
0.0,15889.0,5111.0,2414.0,0.0,1292.0,1292.0,1700.0,714.0,5111.0,0.0
0.0,10778.0,4074.0,2450.0,0.0,5546.0,5546.0,1774.0,676.0,3853.0,221.0
0.0,6704.0,1831.0,2448.0,0.0,7367.0,7367.0,1791.0,657.0,882.0,949.0
0.0,4873.0,1682.0,2460.0,1292.0,7817.0,7817.0,1791.0,669.0,0.0,1682.0
0.0,4483.0,2189.0,2502.0,5546.0,4670.0,4670.0,1791.0,711.0,0.0,2189.0
0.0,7840.0,1967.0,2517.0,7367.0,0.0,0.0,1768.0,749.0,0.0,1967.0
0.0,13240.0,1012.0,2482.0,7817.0,0.0,0.0,1714.0,768.0,0.0,1012.0
0.0,20045.0,0.0,2395.0,4670.0,0.0,0.0,1627.0,768.0,0.0,0.0
0.0,24715.0,1231.0,2322.0,0.0,0.0,0.0,1554.0,768.0,1231.0,0.0
0.0,23484.0,2931.0,2301.0,0.0,0.0,0.0,1536.0,765.0,2931.0,0.0
0.0,20553.0,4626.0,2353.0,0.0,0.0,0.0,1605.0,748.0,4626.0,0.0
0.0,15927.0,5090.0,2420.0,0.0,1263.0,1263.0,1703.0,717.0,5090.0,0.0
0.0,10837.0,4068.0,2457.0,0.0,5516.0,5516.0,1778.0,679.0,3859.0,209.0
0.0,6769.0,1870.0,2454.0,0.0,7371.0,7371.0,1795.0,659.0,929.0,941.0
0.0,4899.0,1668.0,2466.0,1263.0,7836.0,7836.0,1795.0,671.0,0.0,1668.0
0.0,4494.0,2186.0,2508.0,5516.0,4716.0,4716.0,1795.0,713.0,0.0,2186.0
0.0,7824.0,1973.0,2524.0,7371.0,0.0,0.0,1773.0,751.0,0.0,1973.0
0.0,13222.0,1033.0,2489.0,7836.0,0.0,0.0,1719.0,770.0,0.0,1033.0
0.0,20025.0,0.0,2402.0,4716.0,0.0,0.0,1632.0,770.0,0.0,0.0
0.0,24741.0,1257.0,2329.0,0.0,0.0,0.0,1559.0,770.0,1257.0,0.0
0.0,23484.0,2965.0,2309.0,0.0,0.0,0.0,1542.0,767.0,2965.0,0.0
0.0,20519.0,4669.0,2360.0,0.0,0.0,0.0,1611.0,749.0,4669.0,0.0
0.0,15850.0,5123.0,2428.0,0.0,1413.0,1413.0,1710.0,718.0,5123.0,0.0
0.0,10727.0,4099.0,2465.0,0.0,5697.0,5697.0,1784.0,681.0,3866.0,233.0
0.0,6628.0,1878.0,2464.0,0.0,7570.0,7570.0,1802.0,662.0,912.0,966.0
0.0,4750.0,1700.0,2476.0,1413.0,7917.0,7917.0,1802.0,674.0,0.0,1700.0
0.0,4463.0,2201.0,2518.0,5697.0,4631.0,4631.0,1802.0,716.0,0.0,2201.0
0.0,7959.0,1975.0,2532.0,7570.0,0.0,0.0,1778.0,754.0,0.0,1975.0
0.0,13554.0,1011.0,2495.0,7917.0,0.0,0.0,1722.0,773.0,0.0,1011.0
0.0,20460.0,0.0,2406.0,4631.0,0.0,0.0,1633.0,773.0,0.0,0.0
0.0,25091.0,1317.0,2334.0,0.0,0.0,0.0,1561.0,773.0,1317.0,0.0
0.0,23774.0,3044.0,2314.0,0.0,0.0,0.0,1545.0,769.0,3044.0,0.0
0.0,20730.0,4768.0,2369.0,0.0,0.0,0.0,1618.0,751.0,4768.0,0.0
0.0,15962.0,5181.0,2436.0,0.0,1399.0,1399.0,1718.0,718.0,5181.0,0.0
0.0,10781.0,4123.0,2473.0,0.0,5707.0,5707.0,1792.0,681.0,3864.0,259.0
0.0,6658.0,1829.0,2471.0,0.0,7526.0,7526.0,1808.0,663.0,829.0,1000.0
0.0,4829.0,1741.0,2484.0,1399.0,7933.0,7933.0,1808.0,676.0,0.0,1741.0
0.0,4487.0,2223.0,2527.0,5707.0,4664.0,4664.0,1808.0,719.0,0.0,2223.0
0.0,7971.0,1970.0,2540.0,7526.0,0.0,0.0,1783.0,757.0,0.0,1970.0
0.0,13527.0,971.0,2502.0,7933.0,0.0,0.0,1726.0,776.0,0.0,971.0
0.0,20489.0,0.0,2412.0,4664.0,0.0,0.0,1636.0,776.0,0.0,0.0
0.0,25153.0,1350.0,2339.0,0.0,0.0,0.0,1563.0,776.0,1350.0,0.0
0.0,23803.0,3087.0,2319.0,0.0,0.0,0.0,1548.0,771.0,3087.0,0.0
0.0,20716.0,4819.0,2377.0,0.0,0.0,0.0,1624.0,753.0,4819.0,0.0
0.0,15897.0,5205.0,2444.0,0.0,1528.0,1528.0,1724.0,720.0,5205.0,0.0
0.0,10692.0,4113.0,2481.0,0.0,5826.0,5826.0,1798.0,683.0,3849.0,264.0
0.0,6579.0,1771.0,2477.0,0.0,7577.0,7577.0,1813.0,664.0,765.0,1006.0
0.0,4808.0,1747.0,2492.0,1528.0,7871.0,7871.0,1813.0,679.0,0.0,1747.0
0.0,4589.0,2229.0,2535.0,5826.0,4489.0,4489.0,1813.0,722.0,0.0,2229.0
0.0,8186.0,1964.0,2548.0,7577.0,0.0,0.0,1789.0,759.0,0.0,1964.0
0.0,13799.0,957.0,2510.0,7871.0,0.0,0.0,1732.0,778.0,0.0,957.0
0.0,20713.0,0.0,2420.0,4489.0,0.0,0.0,1642.0,778.0,0.0,0.0
0.0,25202.0,1326.0,2347.0,0.0,0.0,0.0,1569.0,778.0,1326.0,0.0
0.0,23876.0,3051.0,2328.0,0.0,0.0,0.0,1554.0,774.0,3051.0,0.0
0.0,20825.0,4780.0,2384.0,0.0,0.0,0.0,1629.0,755.0,4780.0,0.0
0.0,16045.0,5177.0,2451.0,0.0,1387.0,1387.0,1728.0,723.0,5177.0,0.0
0.0,10868.0,4094.0,2488.0,0.0,5666.0,5666.0,1802.0,686.0,3848.0,246.0
0.0,6774.0,1778.0,2485.0,0.0,7429.0,7429.0,1818.0,667.0,794.0,984.0
0.0,4996.0,1726.0,2498.0,1387.0,7833.0,7833.0,1818.0,680.0,0.0,1726.0
0.0,4657.0,2217.0,2541.0,5666.0,4599.0,4599.0,1818.0,723.0,0.0,2217.0
0.0,8106.0,1970.0,2555.0,7429.0,0.0,0.0,1794.0,761.0,0.0,1970.0
0.0,13565.0,981.0,2518.0,7833.0,0.0,0.0,1738.0,780.0,0.0,981.0
0.0,20417.0,0.0,2429.0,4599.0,0.0,0.0,1649.0,780.0,0.0,0.0
0.0,25016.0,1308.0,2356.0,0.0,0.0,0.0,1576.0,780.0,1308.0,0.0
0.0,23708.0,3027.0,2336.0,0.0,0.0,0.0,1560.0,776.0,3027.0,0.0
0.0,20681.0,4752.0,2391.0,0.0,0.0,0.0,1633.0,758.0,4752.0,0.0
0.0,15929.0,5164.0,2459.0,0.0,1530.0,1530.0,1733.0,726.0,5164.0,0.0
0.0,10765.0,4104.0,2495.0,0.0,5814.0,5814.0,1807.0,688.0,3863.0,241.0
0.0,6661.0,1817.0,2492.0,0.0,7616.0,7616.0,1823.0,669.0,833.0,984.0
0.0,4844.0,1723.0,2505.0,1530.0,7874.0,7874.0,1823.0,682.0,0.0,1723.0
0.0,4651.0,2221.0,2548.0,5814.0,4496.0,4496.0,1823.0,725.0,0.0,2221.0
0.0,8244.0,1977.0,2562.0,7616.0,0.0,0.0,1799.0,763.0,0.0,1977.0
0.0,13883.0,994.0,2524.0,7874.0,0.0,0.0,1742.0,782.0,0.0,994.0
0.0,20763.0,0.0,2434.0,4496.0,0.0,0.0,1652.0,782.0,0.0,0.0
0.0,25259.0,1347.0,2361.0,0.0,0.0,0.0,1579.0,782.0,1347.0,0.0
0.0,23912.0,3079.0,2342.0,0.0,0.0,0.0,1564.0,778.0,3079.0,0.0
0.0,20833.0,4818.0,2398.0,0.0,0.0,0.0,1639.0,759.0,4818.0,0.0
0.0,16015.0,5207.0,2466.0,0.0,1522.0,1522.0,1739.0,727.0,5207.0,0.0
0.0,10808.0,4140.0,2503.0,0.0,5847.0,5847.0,1814.0,689.0,3871.0,269.0
0.0,6668.0,1807.0,2500.0,0.0,7639.0,7639.0,1829.0,671.0,792.0,1015.0
0.0,4861.0,1761.0,2514.0,1522.0,7948.0,7948.0,1829.0,685.0,0.0,1761.0
0.0,4622.0,2239.0,2557.0,5847.0,4555.0,4555.0,1829.0,728.0,0.0,2239.0
0.0,8230.0,1972.0,2570.0,7639.0,0.0,0.0,1804.0,766.0,0.0,1972.0
0.0,13897.0,965.0,2530.0,7948.0,0.0,0.0,1745.0,785.0,0.0,965.0
0.0,20880.0,0.0,2439.0,4555.0,0.0,0.0,1654.0,785.0,0.0,0.0
0.0,25435.0,1410.0,2366.0,0.0,0.0,0.0,1581.0,785.0,1410.0,0.0
0.0,24025.0,3161.0,2348.0,0.0,0.0,0.0,1568.0,780.0,3161.0,0.0
0.0,20864.0,4918.0,2407.0,0.0,0.0,0.0,1646.0,761.0,4918.0,0.0
0.0,15946.0,5261.0,2474.0,0.0,1685.0,1685.0,1747.0,727.0,5261.0,0.0
0.0,10685.0,4156.0,2512.0,0.0,6031.0,6031.0,1822.0,690.0,3859.0,297.0
0.0,6529.0,1745.0,2507.0,0.0,7751.0,7751.0,1835.0,672.0,696.0,1049.0
0.0,4784.0,1801.0,2523.0,1685.0,7947.0,7947.0,1835.0,688.0,0.0,1801.0
0.0,4668.0,2257.0,2567.0,6031.0,4393.0,4393.0,1835.0,732.0,0.0,2257.0
0.0,8442.0,1966.0,2579.0,7751.0,0.0,0.0,1809.0,770.0,0.0,1966.0
0.0,14227.0,918.0,2537.0,7947.0,0.0,0.0,1750.0,787.0,0.0,918.0
0.0,21256.0,0.0,2444.0,4393.0,0.0,0.0,1657.0,787.0,0.0,0.0
0.0,25649.0,1430.0,2371.0,0.0,0.0,0.0,1584.0,787.0,1430.0,0.0
0.0,24219.0,3190.0,2354.0,0.0,0.0,0.0,1572.0,782.0,3190.0,0.0
0.0,21029.0,4945.0,2415.0,0.0,0.0,0.0,1652.0,763.0,4945.0,0.0
0.0,16084.0,5269.0,2482.0,0.0,1595.0,1595.0,1753.0,729.0,5269.0,0.0
0.0,10815.0,4131.0,2519.0,0.0,5911.0,5911.0,1827.0,692.0,3837.0,294.0
0.0,6684.0,1690.0,2514.0,0.0,7576.0,7576.0,1840.0,674.0,645.0,1045.0
0.0,4994.0,1796.0,2531.0,1595.0,7862.0,7862.0,1840.0,691.0,0.0,1796.0
0.0,4793.0,2257.0,2574.0,5911.0,4423.0,4423.0,1840.0,734.0,0.0,2257.0
0.0,8447.0,1962.0,2586.0,7576.0,0.0,0.0,1814.0,772.0,0.0,1962.0
0.0,14061.0,916.0,2544.0,7862.0,0.0,0.0,1755.0,789.0,0.0,916.0
0.0,21007.0,0.0,2452.0,4423.0,0.0,0.0,1663.0,789.0,0.0,0.0
0.0,25430.0,1406.0,2380.0,0.0,0.0,0.0,1591.0,789.0,1406.0,0.0
0.0,24024.0,3157.0,2363.0,0.0,0.0,0.0,1578.0,785.0,3157.0,0.0
0.0,20867.0,4903.0,2423.0,0.0,0.0,0.0,1657.0,766.0,4903.0,0.0
0.0,15964.0,5247.0,2490.0,0.0,1733.0,1733.0,1758.0,732.0,5247.0,0.0
0.0,10717.0,4110.0,2526.0,0.0,6023.0,6023.0,1831.0,695.0,3834.0,276.0
0.0,6607.0,1703.0,2521.0,0.0,7701.0,7701.0,1844.0,677.0,680.0,1023.0
0.0,4904.0,1775.0,2536.0,1733.0,7818.0,7818.0,1844.0,692.0,0.0,1775.0
0.0,4862.0,2246.0,2579.0,6023.0,4256.0,4256.0,1844.0,735.0,0.0,2246.0
0.0,8639.0,1970.0,2592.0,7701.0,0.0,0.0,1819.0,773.0,0.0,1970.0
0.0,14370.0,942.0,2552.0,7818.0,0.0,0.0,1761.0,791.0,0.0,942.0
0.0,21246.0,0.0,2461.0,4256.0,0.0,0.0,1670.0,791.0,0.0,0.0
0.0,25502.0,1392.0,2388.0,0.0,0.0,0.0,1597.0,791.0,1392.0,0.0
0.0,24110.0,3142.0,2370.0,0.0,0.0,0.0,1583.0,787.0,3142.0,0.0
0.0,20968.0,4888.0,2429.0,0.0,0.0,0.0,1661.0,768.0,4888.0,0.0
0.0,16080.0,5248.0,2497.0,0.0,1653.0,1653.0,1762.0,735.0,5248.0,0.0
0.0,10832.0,4134.0,2533.0,0.0,5967.0,5967.0,1836.0,697.0,3855.0,279.0
0.0,6698.0,1756.0,2529.0,0.0,7703.0,7703.0,1850.0,679.0,722.0,1034.0
0.0,4942.0,1785.0,2544.0,1653.0,7910.0,7910.0,1850.0,694.0,0.0,1785.0
0.0,4810.0,2257.0,2588.0,5967.0,4420.0,4420.0,1850.0,738.0,0.0,2257.0
0.0,8520.0,1975.0,2600.0,7703.0,0.0,0.0,1824.0,776.0,0.0,1975.0
0.0,14248.0,943.0,2559.0,7910.0,0.0,0.0,1765.0,794.0,0.0,943.0
0.0,21215.0,0.0,2466.0,4420.0,0.0,0.0,1672.0,794.0,0.0,0.0
0.0,25635.0,1445.0,2394.0,0.0,0.0,0.0,1600.0,794.0,1445.0,0.0
0.0,24190.0,3207.0,2376.0,0.0,0.0,0.0,1587.0,789.0,3207.0,0.0
0.0,20983.0,4971.0,2437.0,0.0,0.0,0.0,1668.0,769.0,4971.0,0.0
0.0,16012.0,5297.0,2505.0,0.0,1810.0,1810.0,1770.0,735.0,5297.0,0.0
0.0,10715.0,4169.0,2542.0,0.0,6164.0,6164.0,1844.0,698.0,3857.0,312.0
0.0,6546.0,1730.0,2537.0,0.0,7869.0,7869.0,1856.0,681.0,660.0,1070.0
0.0,4816.0,1829.0,2554.0,1810.0,7973.0,7973.0,1856.0,698.0,0.0,1829.0
0.0,4797.0,2277.0,2597.0,6164.0,4301.0,4301.0,1856.0,741.0,0.0,2277.0
0.0,8684.0,1967.0,2608.0,7869.0,0.0,0.0,1829.0,779.0,0.0,1967.0
0.0,14586.0,904.0,2565.0,7973.0,0.0,0.0,1768.0,797.0,0.0,904.0
0.0,21655.0,0.0,2471.0,4301.0,0.0,0.0,1674.0,797.0,0.0,0.0
0.0,25956.0,1507.0,2399.0,0.0,0.0,0.0,1602.0,797.0,1507.0,0.0
0.0,24449.0,3285.0,2382.0,0.0,0.0,0.0,1591.0,791.0,3285.0,0.0
0.0,21164.0,5069.0,2446.0,0.0,0.0,0.0,1675.0,771.0,5069.0,0.0
0.0,16095.0,5342.0,2514.0,0.0,1817.0,1817.0,1778.0,736.0,5342.0,0.0
0.0,10753.0,4177.0,2550.0,0.0,6174.0,6174.0,1851.0,699.0,3842.0,335.0
0.0,6576.0,1651.0,2544.0,0.0,7795.0,7795.0,1862.0,682.0,553.0,1098.0
0.0,4925.0,1861.0,2563.0,1817.0,7934.0,7934.0,1862.0,701.0,0.0,1861.0
0.0,4881.0,2289.0,2607.0,6174.0,4269.0,4269.0,1862.0,745.0,0.0,2289.0
0.0,8766.0,1959.0,2617.0,7795.0,0.0,0.0,1835.0,782.0,0.0,1959.0
0.0,14602.0,861.0,2572.0,7934.0,0.0,0.0,1773.0,799.0,0.0,861.0
0.0,21675.0,0.0,2477.0,4269.0,0.0,0.0,1678.0,799.0,0.0,0.0
0.0,25944.0,1507.0,2405.0,0.0,0.0,0.0,1606.0,799.0,1507.0,0.0
0.0,24437.0,3285.0,2388.0,0.0,0.0,0.0,1595.0,793.0,3285.0,0.0
0.0,21152.0,5067.0,2453.0,0.0,0.0,0.0,1680.0,773.0,5067.0,0.0
0.0,16085.0,5336.0,2521.0,0.0,1856.0,1856.0,1783.0,738.0,5336.0,0.0
0.0,10749.0,4158.0,2557.0,0.0,6194.0,6194.0,1856.0,701.0,3831.0,327.0
0.0,6591.0,1625.0,2552.0,0.0,7794.0,7794.0,1867.0,685.0,538.0,1087.0
0.0,4966.0,1847.0,2569.0,1856.0,7870.0,7870.0,1867.0,702.0,0.0,1847.0
0.0,4975.0,2285.0,2613.0,6194.0,4181.0,4181.0,1867.0,746.0,0.0,2285.0
0.0,8884.0,1957.0,2624.0,7794.0,0.0,0.0,1840.0,784.0,0.0,1957.0
0.0,14721.0,869.0,2580.0,7870.0,0.0,0.0,1779.0,801.0,0.0,869.0
0.0,21722.0,0.0,2486.0,4181.0,0.0,0.0,1685.0,801.0,0.0,0.0
0.0,25903.0,1474.0,2413.0,0.0,0.0,0.0,1612.0,801.0,1474.0,0.0
0.0,24429.0,3243.0,2396.0,0.0,0.0,0.0,1601.0,795.0,3243.0,0.0
0.0,21186.0,5016.0,2460.0,0.0,0.0,0.0,1684.0,776.0,5016.0,0.0
0.0,16170.0,5310.0,2528.0,0.0,1780.0,1780.0,1786.0,742.0,5310.0,0.0
0.0,10860.0,4152.0,2564.0,0.0,6112.0,6112.0,1860.0,704.0,3840.0,312.0
0.0,6708.0,1667.0,2559.0,0.0,7754.0,7754.0,1872.0,687.0,592.0,1075.0
0.0,5041.0,1833.0,2576.0,1780.0,7892.0,7892.0,1872.0,704.0,0.0,1833.0
0.0,4988.0,2279.0,2620.0,6112.0,4279.0,4279.0,1872.0,748.0,0.0,2279.0
0.0,8821.0,1962.0,2631.0,7754.0,0.0,0.0,1845.0,786.0,0.0,1962.0
0.0,14613.0,887.0,2587.0,7892.0,0.0,0.0,1784.0,803.0,0.0,887.0
0.0,21618.0,0.0,2493.0,4279.0,0.0,0.0,1690.0,803.0,0.0,0.0
0.0,25897.0,1483.0,2421.0,0.0,0.0,0.0,1618.0,803.0,1483.0,0.0
0.0,24414.0,3261.0,2405.0,0.0,0.0,0.0,1607.0,798.0,3261.0,0.0
0.0,21153.0,5035.0,2467.0,0.0,0.0,0.0,1689.0,778.0,5035.0,0.0
0.0,16118.0,5328.0,2535.0,0.0,1885.0,1885.0,1792.0,743.0,5328.0,0.0
0.0,10790.0,4179.0,2572.0,0.0,6249.0,6249.0,1866.0,706.0,3849.0,330.0
0.0,6611.0,1685.0,2566.0,0.0,7904.0,7904.0,1877.0,689.0,593.0,1092.0
0.0,4926.0,1855.0,2584.0,1885.0,7964.0,7964.0,1877.0,707.0,0.0,1855.0
0.0,4956.0,2289.0,2628.0,6249.0,4224.0,4224.0,1877.0,751.0,0.0,2289.0
0.0,8916.0,1962.0,2639.0,7904.0,0.0,0.0,1850.0,789.0,0.0,1962.0
0.0,14858.0,873.0,2593.0,7964.0,0.0,0.0,1788.0,805.0,0.0,873.0
0.0,21949.0,0.0,2497.0,4224.0,0.0,0.0,1692.0,805.0,0.0,0.0
0.0,26173.0,1549.0,2425.0,0.0,0.0,0.0,1620.0,805.0,1549.0,0.0
0.0,24624.0,3346.0,2409.0,0.0,0.0,0.0,1610.0,799.0,3346.0,0.0
0.0,21278.0,5139.0,2476.0,0.0,0.0,0.0,1697.0,779.0,5139.0,0.0
0.0,16139.0,5390.0,2544.0,0.0,1971.0,1971.0,1800.0,744.0,5390.0,0.0
0.0,10749.0,4209.0,2581.0,0.0,6365.0,6365.0,1874.0,707.0,3841.0,368.0
0.0,6540.0,1644.0,2575.0,0.0,7979.0,7979.0,1884.0,691.0,505.0,1139.0
0.0,4896.0,1910.0,2594.0,1971.0,8013.0,8013.0,1884.0,710.0,0.0,1910.0
0.0,4957.0,2314.0,2639.0,6365.0,4187.0,4187.0,1884.0,755.0,0.0,2314.0
0.0,9008.0,1947.0,2647.0,7979.0,0.0,0.0,1855.0,792.0,0.0,1947.0
0.0,15040.0,815.0,2600.0,8013.0,0.0,0.0,1792.0,808.0,0.0,815.0
0.0,22238.0,0.0,2502.0,4187.0,0.0,0.0,1694.0,808.0,0.0,0.0
0.0,26425.0,1591.0,2430.0,0.0,0.0,0.0,1622.0,808.0,1591.0,0.0
0.0,24834.0,3400.0,2416.0,0.0,0.0,0.0,1614.0,802.0,3400.0,0.0
0.0,21434.0,5205.0,2483.0,0.0,0.0,0.0,1703.0,780.0,5205.0,0.0
0.0,16229.0,5424.0,2552.0,0.0,1955.0,1955.0,1807.0,745.0,5424.0,0.0
0.0,10805.0,4210.0,2589.0,0.0,6350.0,6350.0,1881.0,708.0,3828.0,382.0
0.0,6595.0,1587.0,2582.0,0.0,7902.0,7902.0,1889.0,693.0,432.0,1155.0
0.0,5008.0,1928.0,2602.0,1955.0,7975.0,7975.0,1889.0,713.0,0.0,1928.0
0.0,5035.0,2319.0,2647.0,6350.0,4169.0,4169.0,1889.0,758.0,0.0,2319.0
0.0,9066.0,1942.0,2655.0,7902.0,0.0,0.0,1860.0,795.0,0.0,1942.0
0.0,15026.0,786.0,2607.0,7975.0,0.0,0.0,1797.0,810.0,0.0,786.0
0.0,22215.0,0.0,2510.0,4169.0,0.0,0.0,1700.0,810.0,0.0,0.0
0.0,26384.0,1570.0,2437.0,0.0,0.0,0.0,1627.0,810.0,1570.0,0.0
0.0,24814.0,3374.0,2422.0,0.0,0.0,0.0,1618.0,804.0,3374.0,0.0
0.0,21440.0,5172.0,2491.0,0.0,0.0,0.0,1708.0,783.0,5172.0,0.0
0.0,16268.0,5404.0,2558.0,0.0,1926.0,1926.0,1811.0,747.0,5404.0,0.0
0.0,10864.0,4196.0,2596.0,0.0,6312.0,6312.0,1885.0,711.0,3826.0,370.0
0.0,6668.0,1594.0,2589.0,0.0,7871.0,7871.0,1894.0,695.0,454.0,1140.0
0.0,5074.0,1909.0,2609.0,1926.0,7954.0,7954.0,1894.0,715.0,0.0,1909.0
0.0,5091.0,2313.0,2653.0,6312.0,4175.0,4175.0,1894.0,759.0,0.0,2313.0
0.0,9090.0,1942.0,2662.0,7871.0,0.0,0.0,1865.0,797.0,0.0,1942.0
0.0,15019.0,801.0,2615.0,7954.0,0.0,0.0,1803.0,812.0,0.0,801.0
0.0,22172.0,0.0,2519.0,4175.0,0.0,0.0,1707.0,812.0,0.0,0.0
0.0,26347.0,1544.0,2446.0,0.0,0.0,0.0,1634.0,812.0,1544.0,0.0
0.0,24803.0,3336.0,2430.0,0.0,0.0,0.0,1624.0,806.0,3336.0,0.0
0.0,21467.0,5128.0,2497.0,0.0,0.0,0.0,1712.0,785.0,5128.0,0.0
0.0,16339.0,5381.0,2565.0,0.0,1867.0,1867.0,1815.0,750.0,5381.0,0.0
0.0,10958.0,4196.0,2602.0,0.0,6248.0,6248.0,1889.0,713.0,3838.0,358.0
0.0,6762.0,1635.0,2596.0,0.0,7853.0,7853.0,1899.0,697.0,508.0,1127.0
0.0,5127.0,1901.0,2616.0,1867.0,7987.0,7987.0,1899.0,717.0,0.0,1901.0
0.0,5093.0,2312.0,2660.0,6248.0,4271.0,4271.0,1899.0,761.0,0.0,2312.0
0.0,9029.0,1955.0,2669.0,7853.0,0.0,0.0,1870.0,799.0,0.0,1955.0
0.0,14927.0,824.0,2623.0,7987.0,0.0,0.0,1808.0,815.0,0.0,824.0
0.0,22090.0,0.0,2526.0,4271.0,0.0,0.0,1711.0,815.0,0.0,0.0
0.0,26361.0,1577.0,2454.0,0.0,0.0,0.0,1639.0,815.0,1577.0,0.0
0.0,24784.0,3379.0,2438.0,0.0,0.0,0.0,1630.0,808.0,3379.0,0.0
0.0,21405.0,5187.0,2505.0,0.0,0.0,0.0,1718.0,787.0,5187.0,0.0
0.0,16218.0,5415.0,2574.0,0.0,2067.0,2067.0,1822.0,752.0,5415.0,0.0
0.0,10803.0,4221.0,2611.0,0.0,6473.0,6473.0,1896.0,715.0,3848.0,373.0
0.0,6582.0,1623.0,2604.0,0.0,8061.0,8061.0,1905.0,699.0,470.0,1153.0
0.0,4959.0,1929.0,2624.0,2067.0,8023.0,8023.0,1905.0,719.0,0.0,1929.0
0.0,5097.0,2333.0,2669.0,6473.0,4108.0,4108.0,1905.0,764.0,0.0,2333.0
0.0,9237.0,1958.0,2677.0,8061.0,0.0,0.0,1875.0,802.0,0.0,1958.0
0.0,15340.0,807.0,2629.0,8023.0,0.0,0.0,1811.0,818.0,0.0,807.0
0.0,22556.0,0.0,2530.0,4108.0,0.0,0.0,1712.0,818.0,0.0,0.0
0.0,26664.0,1641.0,2458.0,0.0,0.0,0.0,1640.0,818.0,1641.0,0.0
0.0,25023.0,3462.0,2443.0,0.0,0.0,0.0,1633.0,810.0,3462.0,0.0
0.0,21561.0,5289.0,2514.0,0.0,0.0,0.0,1725.0,789.0,5289.0,0.0
0.0,16272.0,5472.0,2582.0,0.0,2110.0,2110.0,1830.0,752.0,5472.0,0.0
0.0,10800.0,4243.0,2619.0,0.0,6538.0,6538.0,1904.0,715.0,3840.0,403.0
0.0,6557.0,1563.0,2611.0,0.0,8061.0,8061.0,1911.0,700.0,377.0,1186.0
0.0,4994.0,1969.0,2634.0,2110.0,8035.0,8035.0,1911.0,723.0,0.0,1969.0
0.0,5135.0,2349.0,2679.0,6538.0,4071.0,4071.0,1911.0,768.0,0.0,2349.0
0.0,9324.0,1947.0,2685.0,8061.0,0.0,0.0,1880.0,805.0,0.0,1947.0
0.0,15438.0,767.0,2635.0,8035.0,0.0,0.0,1815.0,820.0,0.0,767.0
0.0,22706.0,0.0,2535.0,4071.0,0.0,0.0,1715.0,820.0,0.0,0.0
0.0,26777.0,1673.0,2463.0,0.0,0.0,0.0,1643.0,820.0,1673.0,0.0
0.0,25104.0,3502.0,2450.0,0.0,0.0,0.0,1637.0,813.0,3502.0,0.0
0.0,21602.0,5335.0,2521.0,0.0,0.0,0.0,1731.0,790.0,5335.0,0.0
0.0,16267.0,5490.0,2589.0,0.0,2168.0,2168.0,1836.0,753.0,5490.0,0.0
0.0,10777.0,4231.0,2627.0,0.0,6589.0,6589.0,1910.0,717.0,3820.0,411.0
0.0,6546.0,1506.0,2618.0,0.0,8050.0,8050.0,1916.0,702.0,312.0,1194.0
0.0,5040.0,1977.0,2641.0,2168.0,7974.0,7974.0,1916.0,725.0,0.0,1977.0
0.0,5231.0,2348.0,2686.0,6589.0,3958.0,3958.0,1916.0,770.0,0.0,2348.0
0.0,9472.0,1941.0,2694.0,8050.0,0.0,0.0,1886.0,808.0,0.0,1941.0
0.0,15581.0,746.0,2643.0,7974.0,0.0,0.0,1821.0,822.0,0.0,746.0
0.0,22809.0,0.0,2543.0,3958.0,0.0,0.0,1721.0,822.0,0.0,0.0
0.0,26767.0,1648.0,2471.0,0.0,0.0,0.0,1649.0,822.0,1648.0,0.0
0.0,25119.0,3474.0,2457.0,0.0,0.0,0.0,1642.0,815.0,3474.0,0.0
0.0,21645.0,5294.0,2528.0,0.0,0.0,0.0,1735.0,793.0,5294.0,0.0
0.0,16351.0,5470.0,2597.0,0.0,2104.0,2104.0,1841.0,756.0,5470.0,0.0
0.0,10881.0,4211.0,2633.0,0.0,6495.0,6495.0,1914.0,719.0,3814.0,397.0
0.0,6670.0,1514.0,2625.0,0.0,7969.0,7969.0,1920.0,705.0,338.0,1176.0
0.0,5156.0,1955.0,2647.0,2104.0,7930.0,7930.0,1920.0,727.0,0.0,1955.0
0.0,5305.0,2342.0,2692.0,6495.0,4002.0,4002.0,1920.0,772.0,0.0,2342.0
0.0,9458.0,1945.0,2700.0,7969.0,0.0,0.0,1891.0,809.0,0.0,1945.0
0.0,15482.0,768.0,2651.0,7930.0,0.0,0.0,1827.0,824.0,0.0,768.0
0.0,22644.0,0.0,2552.0,4002.0,0.0,0.0,1728.0,824.0,0.0,0.0
0.0,26646.0,1629.0,2480.0,0.0,0.0,0.0,1656.0,824.0,1629.0,0.0
0.0,25017.0,3451.0,2465.0,0.0,0.0,0.0,1648.0,817.0,3451.0,0.0
0.0,21566.0,5268.0,2536.0,0.0,0.0,0.0,1740.0,796.0,5268.0,0.0
0.0,16298.0,5462.0,2604.0,0.0,2184.0,2184.0,1845.0,759.0,5462.0,0.0
0.0,10836.0,4222.0,2641.0,0.0,6591.0,6591.0,1919.0,722.0,3830.0,392.0
0.0,6614.0,1559.0,2633.0,0.0,8110.0,8110.0,1926.0,707.0,387.0,1172.0
0.0,5055.0,1958.0,2655.0,2184.0,7994.0,7994.0,1926.0,729.0,0.0,1958.0
0.0,5281.0,2347.0,2700.0,6591.0,3975.0,3975.0,1926.0,774.0,0.0,2347.0
0.0,9525.0,1957.0,2708.0,8110.0,0.0,0.0,1896.0,812.0,0.0,1957.0
0.0,15678.0,782.0,2658.0,7994.0,0.0,0.0,1831.0,827.0,0.0,782.0
0.0,22890.0,0.0,2558.0,3975.0,0.0,0.0,1731.0,827.0,0.0,0.0
0.0,26865.0,1668.0,2486.0,0.0,0.0,0.0,1659.0,827.0,1668.0,0.0
0.0,25197.0,3504.0,2471.0,0.0,0.0,0.0,1652.0,819.0,3504.0,0.0
0.0,21693.0,5337.0,2543.0,0.0,0.0,0.0,1746.0,797.0,5337.0,0.0
0.0,16356.0,5509.0,2612.0,0.0,2213.0,2213.0,1852.0,760.0,5509.0,0.0
0.0,10847.0,4259.0,2649.0,0.0,6657.0,6657.0,1926.0,723.0,3842.0,417.0
0.0,6588.0,1553.0,2641.0,0.0,8170.0,8170.0,1932.0,709.0,348.0,1205.0
0.0,5035.0,1994.0,2664.0,2213.0,8066.0,8066.0,1932.0,732.0,0.0,1994.0
0.0,5254.0,2366.0,2709.0,6657.0,4000.0,4000.0,1932.0,777.0,0.0,2366.0
0.0,9545.0,1951.0,2716.0,8170.0,0.0,0.0,1901.0,815.0,0.0,1951.0
0.0,15764.0,748.0,2663.0,8066.0,0.0,0.0,1834.0,829.0,0.0,748.0
0.0,23082.0,0.0,2562.0,4000.0,0.0,0.0,1733.0,829.0,0.0,0.0
0.0,27082.0,1725.0,2490.0,0.0,0.0,0.0,1661.0,829.0,1725.0,0.0
0.0,25357.0,3579.0,2477.0,0.0,0.0,0.0,1656.0,821.0,3579.0,0.0
0.0,21778.0,5429.0,2551.0,0.0,0.0,0.0,1753.0,798.0,5429.0,0.0
0.0,16349.0,5560.0,2621.0,0.0,2316.0,2316.0,1860.0,761.0,5560.0,0.0
0.0,10789.0,4282.0,2657.0,0.0,6778.0,6778.0,1933.0,724.0,3833.0,449.0
0.0,6507.0,1504.0,2649.0,0.0,8242.0,8242.0,1938.0,711.0,261.0,1243.0
0.0,5003.0,2037.0,2673.0,2316.0,8083.0,8083.0,1938.0,735.0,0.0,2037.0
0.0,5282.0,2382.0,2719.0,6778.0,3917.0,3917.0,1938.0,781.0,0.0,2382.0
0.0,9678.0,1933.0,2724.0,8242.0,0.0,0.0,1906.0,818.0,0.0,1933.0
0.0,15987.0,695.0,2670.0,8083.0,0.0,0.0,1839.0,831.0,0.0,695.0
0.0,23375.0,0.0,2567.0,3917.0,0.0,0.0,1736.0,831.0,0.0,0.0
0.0,27292.0,1739.0,2495.0,0.0,0.0,0.0,1664.0,831.0,1739.0,0.0
0.0,25553.0,3591.0,2483.0,0.0,0.0,0.0,1660.0,823.0,3591.0,0.0
0.0,21962.0,5447.0,2558.0,0.0,0.0,0.0,1758.0,800.0,5447.0,0.0
0.0,16515.0,5558.0,2627.0,0.0,2178.0,2178.0,1865.0,762.0,5558.0,0.0
0.0,10957.0,4268.0,2665.0,0.0,6636.0,6636.0,1939.0,726.0,3817.0,451.0
0.0,6689.0,1467.0,2656.0,0.0,8058.0,8058.0,1943.0,713.0,224.0,1243.0
0.0,5222.0,2035.0,2680.0,2178.0,8035.0,8035.0,1943.0,737.0,0.0,2035.0
0.0,5365.0,2376.0,2726.0,6636.0,4005.0,4005.0,1943.0,783.0,0.0,2376.0
0.0,9625.0,1929.0,2731.0,8058.0,0.0,0.0,1911.0,820.0,0.0,1929.0
0.0,15754.0,685.0,2677.0,8035.0,0.0,0.0,1844.0,833.0,0.0,685.0
0.0,23104.0,0.0,2576.0,4005.0,0.0,0.0,1743.0,833.0,0.0,0.0
0.0,27109.0,1713.0,2503.0,0.0,0.0,0.0,1670.0,833.0,1713.0,0.0
0.0,25396.0,3556.0,2491.0,0.0,0.0,0.0,1665.0,826.0,3556.0,0.0
0.0,21840.0,5403.0,2566.0,0.0,0.0,0.0,1763.0,803.0,5403.0,0.0
0.0,16437.0,5531.0,2634.0,0.0,2264.0,2264.0,1869.0,765.0,5531.0,0.0
0.0,10906.0,4258.0,2672.0,0.0,6712.0,6712.0,1943.0,729.0,3821.0,437.0
0.0,6648.0,1485.0,2663.0,0.0,8152.0,8152.0,1948.0,715.0,259.0,1226.0
0.0,5163.0,2015.0,2687.0,2264.0,8023.0,8023.0,1948.0,739.0,0.0,2015.0
0.0,5412.0,2372.0,2733.0,6712.0,3913.0,3913.0,1948.0,785.0,0.0,2372.0
0.0,9752.0,1935.0,2738.0,8152.0,0.0,0.0,1916.0,822.0,0.0,1935.0
0.0,15969.0,709.0,2685.0,8023.0,0.0,0.0,1850.0,835.0,0.0,709.0
0.0,23283.0,0.0,2584.0,3913.0,0.0,0.0,1749.0,835.0,0.0,0.0
0.0,27196.0,1709.0,2512.0,0.0,0.0,0.0,1677.0,835.0,1709.0,0.0
0.0,25487.0,3552.0,2499.0,0.0,0.0,0.0,1671.0,828.0,3552.0,0.0
0.0,21935.0,5401.0,2573.0,0.0,0.0,0.0,1768.0,805.0,5401.0,0.0
0.0,16534.0,5538.0,2642.0,0.0,2214.0,2214.0,1874.0,768.0,5538.0,0.0
0.0,10996.0,4279.0,2679.0,0.0,6678.0,6678.0,1948.0,731.0,3838.0,441.0
0.0,6717.0,1518.0,2670.0,0.0,8151.0,8151.0,1953.0,717.0,285.0,1233.0
0.0,5199.0,2031.0,2694.0,2214.0,8088.0,8088.0,1953.0,741.0,0.0,2031.0
0.0,5382.0,2384.0,2740.0,6678.0,4024.0,4024.0,1953.0,787.0,0.0,2384.0
0.0,9676.0,1945.0,2745.0,8151.0,0.0,0.0,1921.0,824.0,0.0,1945.0
0.0,15882.0,709.0,2692.0,8088.0,0.0,0.0,1854.0,838.0,0.0,709.0
0.0,23261.0,0.0,2589.0,4024.0,0.0,0.0,1751.0,838.0,0.0,0.0
0.0,27285.0,1765.0,2517.0,0.0,0.0,0.0,1679.0,838.0,1765.0,0.0
0.0,25520.0,3626.0,2505.0,0.0,0.0,0.0,1675.0,830.0,3626.0,0.0
0.0,21894.0,5494.0,2581.0,0.0,0.0,0.0,1774.0,807.0,5494.0,0.0
0.0,16400.0,5594.0,2650.0,0.0,2444.0,2444.0,1882.0,768.0,5594.0,0.0
0.0,10806.0,4303.0,2688.0,0.0,6937.0,6937.0,1956.0,732.0,3839.0,464.0
0.0,6503.0,1483.0,2679.0,0.0,8375.0,8375.0,1960.0,719.0,213.0,1270.0
0.0,5020.0,2071.0,2704.0,2444.0,8127.0,8127.0,1960.0,744.0,0.0,2071.0
0.0,5393.0,2409.0,2751.0,6937.0,3834.0,3834.0,1960.0,791.0,0.0,2409.0
0.0,9921.0,1941.0,2754.0,8375.0,0.0,0.0,1926.0,828.0,0.0,1941.0
0.0,16355.0,673.0,2699.0,8127.0,0.0,0.0,1858.0,841.0,0.0,673.0
0.0,23809.0,0.0,2594.0,3834.0,0.0,0.0,1753.0,841.0,0.0,0.0
0.0,27643.0,1817.0,2522.0,0.0,0.0,0.0,1681.0,841.0,1817.0,0.0
0.0,25826.0,3698.0,2511.0,0.0,0.0,0.0,1679.0,832.0,3698.0,0.0
0.0,22128.0,5575.0,2589.0,0.0,0.0,0.0,1781.0,808.0,5575.0,0.0
0.0,16553.0,5640.0,2658.0,0.0,2377.0,2377.0,1889.0,769.0,5640.0,0.0
0.0,10913.0,4304.0,2696.0,0.0,6871.0,6871.0,1963.0,733.0,3819.0,485.0
0.0,6609.0,1411.0,2685.0,0.0,8227.0,8227.0,1965.0,720.0,121.0,1290.0
0.0,5198.0,2095.0,2712.0,2377.0,8080.0,8080.0,1965.0,747.0,0.0,2095.0
0.0,5480.0,2414.0,2759.0,6871.0,3858.0,3858.0,1965.0,794.0,0.0,2414.0
0.0,9937.0,1928.0,2763.0,8227.0,0.0,0.0,1932.0,831.0,0.0,1928.0
0.0,16236.0,642.0,2706.0,8080.0,0.0,0.0,1863.0,843.0,0.0,642.0
0.0,23674.0,0.0,2601.0,3858.0,0.0,0.0,1758.0,843.0,0.0,0.0
0.0,27532.0,1812.0,2529.0,0.0,0.0,0.0,1686.0,843.0,1812.0,0.0
0.0,25720.0,3691.0,2517.0,0.0,0.0,0.0,1683.0,834.0,3691.0,0.0
0.0,22029.0,5564.0,2596.0,0.0,0.0,0.0,1786.0,810.0,5564.0,0.0
0.0,16465.0,5629.0,2665.0,0.0,2489.0,2489.0,1894.0,771.0,5629.0,0.0
0.0,10836.0,4289.0,2703.0,0.0,6968.0,6968.0,1968.0,735.0,3809.0,480.0
0.0,6547.0,1402.0,2692.0,0.0,8315.0,8315.0,1970.0,722.0,120.0,1282.0
0.0,5145.0,2083.0,2719.0,2489.0,8044.0,8044.0,1970.0,749.0,0.0,2083.0
0.0,5551.0,2404.0,2766.0,6968.0,3715.0,3715.0,1970.0,796.0,0.0,2404.0
0.0,10115.0,1927.0,2770.0,8315.0,0.0,0.0,1937.0,833.0,0.0,1927.0
0.0,16503.0,644.0,2714.0,8044.0,0.0,0.0,1869.0,845.0,0.0,644.0
0.0,23903.0,0.0,2610.0,3715.0,0.0,0.0,1765.0,845.0,0.0,0.0
0.0,27618.0,1776.0,2537.0,0.0,0.0,0.0,1692.0,845.0,1776.0,0.0
0.0,25842.0,3646.0,2526.0,0.0,0.0,0.0,1689.0,837.0,3646.0,0.0
0.0,22196.0,5511.0,2603.0,0.0,0.0,0.0,1790.0,813.0,5511.0,0.0
0.0,16685.0,5605.0,2672.0,0.0,2280.0,2280.0,1898.0,774.0,5605.0,0.0
0.0,11080.0,4294.0,2709.0,0.0,6759.0,6759.0,1971.0,738.0,3824.0,470.0
0.0,6786.0,1452.0,2700.0,0.0,8166.0,8166.0,1975.0,725.0,183.0,1269.0
0.0,5334.0,2069.0,2726.0,2280.0,8085.0,8085.0,1975.0,751.0,0.0,2069.0
0.0,5545.0,2404.0,2772.0,6759.0,3960.0,3960.0,1975.0,797.0,0.0,2404.0
0.0,9900.0,1935.0,2776.0,8166.0,0.0,0.0,1942.0,834.0,0.0,1935.0
0.0,16131.0,666.0,2721.0,8085.0,0.0,0.0,1874.0,847.0,0.0,666.0
0.0,23550.0,0.0,2617.0,3960.0,0.0,0.0,1770.0,847.0,0.0,0.0
0.0,27510.0,1791.0,2545.0,0.0,0.0,0.0,1698.0,847.0,1791.0,0.0
0.0,25719.0,3662.0,2533.0,0.0,0.0,0.0,1694.0,839.0,3662.0,0.0
0.0,22057.0,5535.0,2610.0,0.0,0.0,0.0,1795.0,815.0,5535.0,0.0
0.0,16522.0,5623.0,2680.0,0.0,2501.0,2501.0,1904.0,776.0,5623.0,0.0
0.0,10899.0,4317.0,2716.0,0.0,6998.0,6998.0,1977.0,739.0,3837.0,480.0
0.0,6582.0,1470.0,2708.0,0.0,8428.0,8428.0,1981.0,727.0,185.0,1285.0
0.0,5112.0,2096.0,2734.0,2501.0,8153.0,8153.0,1981.0,753.0,0.0,2096.0
0.0,5517.0,2422.0,2781.0,6998.0,3812.0,3812.0,1981.0,800.0,0.0,2422.0
0.0,10093.0,1944.0,2784.0,8428.0,0.0,0.0,1947.0,837.0,0.0,1944.0
0.0,16577.0,656.0,2727.0,8153.0,0.0,0.0,1877.0,850.0,0.0,656.0
0.0,24074.0,0.0,2622.0,3812.0,0.0,0.0,1772.0,850.0,0.0,0.0
0.0,27886.0,1859.0,2550.0,0.0,0.0,0.0,1700.0,850.0,1859.0,0.0
0.0,26027.0,3749.0,2539.0,0.0,0.0,0.0,1698.0,841.0,3749.0,0.0
0.0,22278.0,5646.0,2619.0,0.0,0.0,0.0,1802.0,817.0,5646.0,0.0
0.0,16632.0,5681.0,2689.0,0.0,2494.0,2494.0,1912.0,777.0,5681.0,0.0
0.0,10951.0,4335.0,2725.0,0.0,7009.0,7009.0,1985.0,740.0,3832.0,503.0
0.0,6616.0,1403.0,2715.0,0.0,8362.0,8362.0,1987.0,728.0,82.0,1321.0
0.0,5213.0,2134.0,2743.0,2494.0,8142.0,8142.0,1987.0,756.0,0.0,2134.0
0.0,5573.0,2445.0,2790.0,7009.0,3813.0,3813.0,1987.0,803.0,0.0,2445.0
0.0,10137.0,1938.0,2793.0,8362.0,0.0,0.0,1952.0,841.0,0.0,1938.0
0.0,16561.0,619.0,2733.0,8142.0,0.0,0.0,1881.0,852.0,0.0,619.0
0.0,24084.0,0.0,2626.0,3813.0,0.0,0.0,1774.0,852.0,0.0,0.0
0.0,27897.0,1901.0,2554.0,0.0,0.0,0.0,1702.0,852.0,1901.0,0.0
0.0,25996.0,3803.0,2544.0,0.0,0.0,0.0,1701.0,843.0,3803.0,0.0
0.0,22193.0,5710.0,2627.0,0.0,0.0,0.0,1809.0,818.0,5710.0,0.0
0.0,16483.0,5710.0,2697.0,0.0,2712.0,2712.0,1919.0,778.0,5710.0,0.0
0.0,10773.0,4330.0,2734.0,0.0,7227.0,7227.0,1992.0,742.0,3813.0,517.0
0.0,6443.0,1336.0,2722.0,0.0,8503.0,8503.0,1992.0,730.0,4.0,1332.0
0.0,5107.0,2146.0,2751.0,2712.0,8082.0,8082.0,1992.0,759.0,0.0,2146.0
0.0,5673.0,2443.0,2798.0,7227.0,3533.0,3533.0,1992.0,806.0,0.0,2443.0
0.0,10457.0,1925.0,2800.0,8503.0,0.0,0.0,1957.0,843.0,0.0,1925.0
0.0,17035.0,598.0,2741.0,8082.0,0.0,0.0,1886.0,855.0,0.0,598.0
0.0,24519.0,0.0,2634.0,3533.0,0.0,0.0,1779.0,855.0,0.0,0.0
0.0,28052.0,1882.0,2562.0,0.0,0.0,0.0,1707.0,855.0,1882.0,0.0
0.0,26170.0,3777.0,2552.0,0.0,0.0,0.0,1707.0,845.0,3777.0,0.0
0.0,22393.0,5676.0,2635.0,0.0,0.0,0.0,1814.0,821.0,5676.0,0.0
0.0,16717.0,5687.0,2704.0,0.0,2490.0,2490.0,1923.0,781.0,5687.0,0.0
0.0,11030.0,4318.0,2740.0,0.0,6988.0,6988.0,1996.0,744.0,3808.0,510.0
0.0,6712.0,1345.0,2730.0,0.0,8283.0,8283.0,1997.0,733.0,24.0,1321.0
0.0,5367.0,2132.0,2758.0,2490.0,8065.0,8065.0,1997.0,761.0,0.0,2132.0
0.0,5725.0,2432.0,2805.0,6988.0,3744.0,3744.0,1997.0,808.0,0.0,2432.0
0.0,10281.0,1926.0,2807.0,8283.0,0.0,0.0,1962.0,845.0,0.0,1926.0
0.0,16638.0,604.0,2749.0,8065.0,0.0,0.0,1892.0,857.0,0.0,604.0
0.0,24099.0,0.0,2643.0,3744.0,0.0,0.0,1786.0,857.0,0.0,0.0
0.0,27843.0,1858.0,2571.0,0.0,0.0,0.0,1714.0,857.0,1858.0,0.0
0.0,25985.0,3752.0,2561.0,0.0,0.0,0.0,1713.0,848.0,3752.0,0.0
0.0,22233.0,5641.0,2641.0,0.0,0.0,0.0,1818.0,823.0,5641.0,0.0
0.0,16592.0,5673.0,2710.0,0.0,2631.0,2631.0,1927.0,783.0,5673.0,0.0
0.0,10919.0,4323.0,2747.0,0.0,7139.0,7139.0,2000.0,747.0,3816.0,507.0
0.0,6596.0,1383.0,2737.0,0.0,8472.0,8472.0,2002.0,735.0,66.0,1317.0
0.0,5213.0,2128.0,2765.0,2631.0,8109.0,8109.0,2002.0,763.0,0.0,2128.0
0.0,5716.0,2437.0,2812.0,7139.0,3642.0,3642.0,2002.0,810.0,0.0,2437.0
0.0,10418.0,1932.0,2814.0,8472.0,0.0,0.0,1967.0,847.0,0.0,1932.0
0.0,16958.0,616.0,2756.0,8109.0,0.0,0.0,1897.0,859.0,0.0,616.0
0.0,24451.0,0.0,2649.0,3642.0,0.0,0.0,1790.0,859.0,0.0,0.0
0.0,28093.0,1897.0,2578.0,0.0,0.0,0.0,1719.0,859.0,1897.0,0.0
0.0,26196.0,3802.0,2568.0,0.0,0.0,0.0,1718.0,850.0,3802.0,0.0
0.0,22394.0,5704.0,2649.0,0.0,0.0,0.0,1824.0,825.0,5704.0,0.0
0.0,16690.0,5716.0,2719.0,0.0,2621.0,2621.0,1934.0,785.0,5716.0,0.0
0.0,10974.0,4345.0,2755.0,0.0,7146.0,7146.0,2007.0,748.0,3820.0,525.0
0.0,6629.0,1371.0,2745.0,0.0,8467.0,8467.0,2008.0,737.0,28.0,1343.0
0.0,5258.0,2166.0,2774.0,2621.0,8157.0,8157.0,2008.0,766.0,0.0,2166.0
0.0,5713.0,2460.0,2821.0,7146.0,3706.0,3706.0,2008.0,813.0,0.0,2460.0
0.0,10399.0,1937.0,2822.0,8467.0,0.0,0.0,1972.0,850.0,0.0,1937.0
0.0,16929.0,592.0,2762.0,8157.0,0.0,0.0,1900.0,862.0,0.0,592.0
0.0,24494.0,38.0,2654.0,3706.0,0.0,0.0,1792.0,862.0,38.0,0.0
0.0,28162.0,1956.0,2583.0,0.0,0.0,0.0,1721.0,862.0,1956.0,0.0
0.0,26206.0,3880.0,2574.0,0.0,0.0,0.0,1722.0,852.0,3880.0,0.0
0.0,22326.0,5763.0,2658.0,0.0,0.0,0.0,1831.0,827.0,5763.0,0.0
0.0,16563.0,5734.0,2727.0,0.0,2806.0,2806.0,1941.0,786.0,5734.0,0.0
0.0,10829.0,4322.0,2763.0,0.0,7308.0,7308.0,2014.0,749.0,3777.0,545.0
0.0,6507.0,1375.0,2752.0,0.0,8628.0,8628.0,2014.0,738.0,0.0,1375.0
0.0,5132.0,2200.0,2783.0,2806.0,8177.0,8177.0,2014.0,769.0,0.0,2200.0
0.0,5738.0,2480.0,2830.0,7308.0,3584.0,3584.0,2014.0,816.0,0.0,2480.0
0.0,10566.0,1930.0,2830.0,8628.0,0.0,0.0,1977.0,853.0,0.0,1930.0
0.0,17264.0,555.0,2768.0,8177.0,0.0,0.0,1904.0,864.0,0.0,555.0
0.0,24886.0,70.0,2660.0,3584.0,0.0,0.0,1796.0,864.0,70.0,0.0
0.0,28400.0,1996.0,2588.0,0.0,0.0,0.0,1724.0,864.0,1996.0,0.0
0.0,26404.0,3926.0,2580.0,0.0,0.0,0.0,1726.0,854.0,3926.0,0.0
0.0,22478.0,5781.0,2665.0,0.0,0.0,0.0,1837.0,828.0,5781.0,0.0
0.0,16697.0,5714.0,2734.0,0.0,2687.0,2687.0,1947.0,787.0,5714.0,0.0
0.0,10983.0,4262.0,2770.0,0.0,7129.0,7129.0,2019.0,751.0,3712.0,550.0
0.0,6721.0,1374.0,2759.0,0.0,8448.0,8448.0,2019.0,740.0,0.0,1374.0
0.0,5347.0,2198.0,2790.0,2687.0,8114.0,8114.0,2019.0,771.0,0.0,2198.0
0.0,5836.0,2472.0,2838.0,7129.0,3697.0,3697.0,2019.0,819.0,0.0,2472.0
0.0,10493.0,1921.0,2838.0,8448.0,0.0,0.0,1983.0,855.0,0.0,1921.0
0.0,17020.0,551.0,2776.0,8114.0,0.0,0.0,1910.0,866.0,0.0,551.0
0.0,24583.0,46.0,2668.0,3697.0,0.0,0.0,1802.0,866.0,46.0,0.0
0.0,28234.0,1969.0,2596.0,0.0,0.0,0.0,1730.0,866.0,1969.0,0.0
0.0,26265.0,3886.0,2588.0,0.0,0.0,0.0,1732.0,856.0,3886.0,0.0
0.0,22379.0,5761.0,2673.0,0.0,0.0,0.0,1842.0,831.0,5761.0,0.0
0.0,16618.0,5707.0,2742.0,0.0,2799.0,2799.0,1952.0,790.0,5707.0,0.0
0.0,10911.0,4277.0,2778.0,0.0,7256.0,7256.0,2024.0,754.0,3736.0,541.0
0.0,6634.0,1361.0,2767.0,0.0,8562.0,8562.0,2024.0,743.0,0.0,1361.0
0.0,5273.0,2181.0,2797.0,2799.0,8094.0,8094.0,2024.0,773.0,0.0,2181.0
0.0,5891.0,2460.0,2844.0,7256.0,3533.0,3533.0,2024.0,820.0,0.0,2460.0
0.0,10687.0,1924.0,2845.0,8562.0,0.0,0.0,1988.0,857.0,0.0,1924.0
0.0,17325.0,563.0,2784.0,8094.0,0.0,0.0,1916.0,868.0,0.0,563.0
0.0,24856.0,29.0,2676.0,3533.0,0.0,0.0,1808.0,868.0,29.0,0.0
0.0,28360.0,1948.0,2604.0,0.0,0.0,0.0,1736.0,868.0,1948.0,0.0
0.0,26412.0,3862.0,2595.0,0.0,0.0,0.0,1737.0,858.0,3862.0,0.0
0.0,22550.0,5753.0,2679.0,0.0,0.0,0.0,1846.0,833.0,5753.0,0.0
0.0,16797.0,5721.0,2748.0,0.0,2664.0,2664.0,1956.0,792.0,5721.0,0.0
0.0,11076.0,4327.0,2785.0,0.0,7176.0,7176.0,2029.0,756.0,3781.0,546.0
0.0,6749.0,1368.0,2774.0,0.0,8489.0,8489.0,2029.0,745.0,0.0,1368.0
0.0,5381.0,2191.0,2804.0,2664.0,8166.0,8166.0,2029.0,775.0,0.0,2191.0
0.0,5854.0,2473.0,2852.0,7176.0,3703.0,3703.0,2029.0,823.0,0.0,2473.0
0.0,10557.0,1929.0,2853.0,8489.0,0.0,0.0,1993.0,860.0,0.0,1929.0
0.0,17117.0,563.0,2791.0,8166.0,0.0,0.0,1920.0,871.0,0.0,563.0
0.0,24720.0,68.0,2682.0,3703.0,0.0,0.0,1811.0,871.0,68.0,0.0
0.0,28355.0,2001.0,2611.0,0.0,0.0,0.0,1740.0,871.0,2001.0,0.0
0.0,26354.0,3931.0,2603.0,0.0,0.0,0.0,1742.0,861.0,3931.0,0.0
0.0,22423.0,5800.0,2688.0,0.0,0.0,0.0,1853.0,835.0,5800.0,0.0
0.0,16623.0,5733.0,2756.0,0.0,2890.0,2890.0,1963.0,793.0,5733.0,0.0
0.0,10890.0,4311.0,2792.0,0.0,7381.0,7381.0,2035.0,757.0,3742.0,569.0
0.0,6579.0,1399.0,2781.0,0.0,8725.0,8725.0,2035.0,746.0,0.0,1399.0
0.0,5180.0,2235.0,2813.0,2890.0,8230.0,8230.0,2035.0,778.0,0.0,2235.0
0.0,5835.0,2498.0,2860.0,7381.0,3582.0,3582.0,2034.0,826.0,0.0,2498.0
0.0,10718.0,1931.0,2860.0,8725.0,0.0,0.0,1997.0,863.0,0.0,1931.0
0.0,17512.0,529.0,2795.0,8230.0,0.0,0.0,1922.0,873.0,0.0,529.0
0.0,25213.0,130.0,2687.0,3582.0,0.0,0.0,1814.0,873.0,130.0,0.0
0.0,28665.0,2076.0,2616.0,0.0,0.0,0.0,1743.0,873.0,2076.0,0.0
0.0,26589.0,4023.0,2611.0,0.0,0.0,0.0,1748.0,863.0,4023.0,0.0
0.0,22566.0,5846.0,2697.0,0.0,0.0,0.0,1861.0,836.0,5846.0,0.0
0.0,16720.0,5719.0,2765.0,0.0,2824.0,2824.0,1971.0,794.0,5719.0,0.0
0.0,11001.0,4235.0,2799.0,0.0,7229.0,7229.0,2041.0,758.0,3650.0,585.0
0.0,6766.0,1426.0,2789.0,0.0,8605.0,8605.0,2041.0,748.0,0.0,1426.0
0.0,5340.0,2262.0,2822.0,2824.0,8208.0,8208.0,2041.0,781.0,0.0,2262.0
0.0,5902.0,2513.0,2868.0,7229.0,3722.0,3722.0,2039.0,829.0,0.0,2513.0
0.0,10618.0,1923.0,2867.0,8605.0,0.0,0.0,2001.0,866.0,0.0,1923.0
0.0,17300.0,497.0,2801.0,8208.0,0.0,0.0,1925.0,876.0,0.0,497.0
0.0,25011.0,149.0,2693.0,3722.0,0.0,0.0,1817.0,876.0,149.0,0.0
0.0,28584.0,2098.0,2624.0,0.0,0.0,0.0,1748.0,876.0,2098.0,0.0
0.0,26486.0,4051.0,2619.0,0.0,0.0,0.0,1754.0,865.0,4051.0,0.0
0.0,22435.0,5849.0,2706.0,0.0,0.0,0.0,1867.0,839.0,5849.0,0.0
0.0,16586.0,5703.0,2772.0,0.0,2977.0,2977.0,1976.0,796.0,5703.0,0.0
0.0,10883.0,4180.0,2806.0,0.0,7327.0,7327.0,2046.0,760.0,3598.0,582.0
0.0,6703.0,1416.0,2796.0,0.0,8693.0,8693.0,2046.0,750.0,0.0,1416.0
0.0,5287.0,2249.0,2829.0,2977.0,8130.0,8130.0,2046.0,783.0,0.0,2249.0
0.0,6015.0,2500.0,2876.0,7327.0,3538.0,3538.0,2045.0,831.0,0.0,2500.0
0.0,10842.0,1916.0,2875.0,8693.0,0.0,0.0,2007.0,868.0,0.0,1916.0
0.0,17619.0,504.0,2810.0,8130.0,0.0,0.0,1932.0,878.0,0.0,504.0
0.0,25245.0,118.0,2702.0,3538.0,0.0,0.0,1824.0,878.0,118.0,0.0
0.0,28665.0,2058.0,2631.0,0.0,0.0,0.0,1753.0,878.0,2058.0,0.0
0.0,26607.0,4002.0,2625.0,0.0,0.0,0.0,1758.0,867.0,4002.0,0.0
0.0,22605.0,5822.0,2711.0,0.0,0.0,0.0,1870.0,841.0,5822.0,0.0
0.0,16783.0,5707.0,2779.0,0.0,2819.0,2819.0,1980.0,799.0,5707.0,0.0
0.0,11076.0,4219.0,2813.0,0.0,7208.0,7208.0,2050.0,763.0,3643.0,576.0
0.0,6857.0,1406.0,2803.0,0.0,8564.0,8564.0,2050.0,753.0,0.0,1406.0
0.0,5451.0,2236.0,2835.0,2819.0,8141.0,8141.0,2050.0,785.0,0.0,2236.0
0.0,6034.0,2491.0,2883.0,7208.0,3664.0,3664.0,2050.0,833.0,0.0,2491.0
0.0,10751.0,1921.0,2882.0,8564.0,0.0,0.0,2012.0,870.0,0.0,1921.0
0.0,17394.0,516.0,2818.0,8141.0,0.0,0.0,1938.0,880.0,0.0,516.0
0.0,25019.0,116.0,2710.0,3664.0,0.0,0.0,1830.0,880.0,116.0,0.0
0.0,28567.0,2056.0,2639.0,0.0,0.0,0.0,1759.0,880.0,2056.0,0.0
0.0,26511.0,4003.0,2632.0,0.0,0.0,0.0,1763.0,869.0,4003.0,0.0
0.0,22508.0,5830.0,2718.0,0.0,0.0,0.0,1875.0,843.0,5830.0,0.0
0.0,16678.0,5723.0,2786.0,0.0,2975.0,2975.0,1985.0,801.0,5723.0,0.0
0.0,10955.0,4253.0,2821.0,0.0,7403.0,7403.0,2056.0,765.0,3665.0,588.0
0.0,6702.0,1423.0,2811.0,0.0,8776.0,8776.0,2056.0,755.0,0.0,1423.0
0.0,5279.0,2258.0,2843.0,2975.0,8219.0,8219.0,2056.0,787.0,0.0,2258.0
0.0,5996.0,2511.0,2891.0,7403.0,3567.0,3567.0,2055.0,836.0,0.0,2511.0
0.0,10888.0,1925.0,2889.0,8776.0,0.0,0.0,2016.0,873.0,0.0,1925.0
0.0,17739.0,505.0,2823.0,8219.0,0.0,0.0,1941.0,882.0,0.0,505.0
0.0,25453.0,170.0,2714.0,3567.0,0.0,0.0,1832.0,882.0,170.0,0.0
0.0,28850.0,2133.0,2645.0,0.0,0.0,0.0,1763.0,882.0,2133.0,0.0
0.0,26717.0,4093.0,2642.0,0.0,0.0,0.0,1770.0,872.0,4093.0,0.0
0.0,22624.0,5890.0,2728.0,0.0,0.0,0.0,1883.0,845.0,5890.0,0.0
0.0,16734.0,5720.0,2795.0,0.0,2961.0,2961.0,1993.0,802.0,5720.0,0.0
0.0,11014.0,4202.0,2827.0,0.0,7323.0,7323.0,2062.0,765.0,3592.0,610.0
0.0,6812.0,1453.0,2818.0,0.0,8731.0,8731.0,2062.0,756.0,0.0,1453.0
0.0,5359.0,2301.0,2852.0,2961.0,8241.0,8241.0,2062.0,790.0,0.0,2301.0
0.0,6019.0,2535.0,2899.0,7323.0,3688.0,3688.0,2060.0,839.0,0.0,2535.0
0.0,10807.0,1927.0,2896.0,8731.0,0.0,0.0,2020.0,876.0,0.0,1927.0
0.0,17611.0,471.0,2827.0,8241.0,0.0,0.0,1942.0,885.0,0.0,471.0
0.0,25381.0,223.0,2719.0,3688.0,0.0,0.0,1834.0,885.0,223.0,0.0
0.0,28846.0,2201.0,2652.0,0.0,0.0,0.0,1767.0,885.0,2201.0,0.0
0.0,26645.0,4175.0,2651.0,0.0,0.0,0.0,1777.0,874.0,4175.0,0.0
0.0,22470.0,5931.0,2737.0,0.0,0.0,0.0,1891.0,846.0,5931.0,0.0
0.0,16539.0,5704.0,2803.0,0.0,3180.0,3180.0,2000.0,803.0,5704.0,0.0
0.0,10835.0,4126.0,2834.0,0.0,7461.0,7461.0,2068.0,766.0,3508.0,618.0
0.0,6709.0,1469.0,2826.0,0.0,8890.0,8890.0,2068.0,758.0,0.0,1469.0
0.0,5240.0,2315.0,2861.0,3180.0,8200.0,8200.0,2068.0,793.0,0.0,2315.0
0.0,6105.0,2543.0,2907.0,7461.0,3512.0,3512.0,2065.0,842.0,0.0,2543.0
0.0,11023.0,1920.0,2904.0,8890.0,0.0,0.0,2025.0,879.0,0.0,1920.0
0.0,17993.0,450.0,2834.0,8200.0,0.0,0.0,1947.0,887.0,0.0,450.0
0.0,25743.0,213.0,2725.0,3512.0,0.0,0.0,1838.0,887.0,213.0,0.0
0.0,29042.0,2189.0,2658.0,0.0,0.0,0.0,1771.0,887.0,2189.0,0.0
0.0,26853.0,4159.0,2658.0,0.0,0.0,0.0,1782.0,876.0,4159.0,0.0
0.0,22694.0,5920.0,2744.0,0.0,0.0,0.0,1895.0,849.0,5920.0,0.0
0.0,16774.0,5699.0,2811.0,0.0,2980.0,2980.0,2005.0,806.0,5699.0,0.0
0.0,11075.0,4124.0,2842.0,0.0,7259.0,7259.0,2073.0,769.0,3512.0,612.0
0.0,6951.0,1455.0,2833.0,0.0,8669.0,8669.0,2073.0,760.0,0.0,1455.0
0.0,5496.0,2297.0,2868.0,2980.0,8161.0,8161.0,2073.0,795.0,0.0,2297.0
0.0,6179.0,2527.0,2913.0,7259.0,3654.0,3654.0,2070.0,843.0,0.0,2527.0
0.0,10911.0,1914.0,2911.0,8669.0,0.0,0.0,2031.0,880.0,0.0,1914.0
0.0,17666.0,463.0,2843.0,8161.0,0.0,0.0,1954.0,889.0,0.0,463.0
0.0,25364.0,177.0,2734.0,3654.0,0.0,0.0,1845.0,889.0,177.0,0.0
0.0,28841.0,2144.0,2666.0,0.0,0.0,0.0,1777.0,889.0,2144.0,0.0
0.0,26697.0,4106.0,2664.0,0.0,0.0,0.0,1786.0,878.0,4106.0,0.0
0.0,22591.0,5896.0,2750.0,0.0,0.0,0.0,1899.0,851.0,5896.0,0.0
0.0,16695.0,5714.0,2817.0,0.0,3104.0,3104.0,2009.0,808.0,5714.0,0.0
0.0,10981.0,4185.0,2850.0,0.0,7454.0,7454.0,2078.0,772.0,3575.0,610.0
0.0,6796.0,1451.0,2841.0,0.0,8860.0,8860.0,2078.0,763.0,0.0,1451.0
0.0,5345.0,2292.0,2875.0,3104.0,8218.0,8218.0,2078.0,797.0,0.0,2292.0
0.0,6157.0,2524.0,2921.0,7454.0,3518.0,3518.0,2075.0,846.0,0.0,2524.0
0.0,11087.0,1920.0,2918.0,8860.0,0.0,0.0,2036.0,882.0,0.0,1920.0
0.0,18027.0,471.0,2851.0,8218.0,0.0,0.0,1959.0,892.0,0.0,471.0
0.0,25774.0,193.0,2742.0,3518.0,0.0,0.0,1850.0,892.0,193.0,0.0
0.0,29099.0,2161.0,2674.0,0.0,0.0,0.0,1782.0,892.0,2161.0,0.0
0.0,26938.0,4136.0,2671.0,0.0,0.0,0.0,1791.0,880.0,4136.0,0.0
0.0,22802.0,5914.0,2758.0,0.0,0.0,0.0,1905.0,853.0,5914.0,0.0
0.0,16888.0,5726.0,2824.0,0.0,2958.0,2958.0,2015.0,809.0,5726.0,0.0
0.0,11162.0,4199.0,2857.0,0.0,7322.0,7322.0,2084.0,773.0,3570.0,629.0
0.0,6963.0,1476.0,2849.0,0.0,8758.0,8758.0,2084.0,765.0,0.0,1476.0
0.0,5487.0,2324.0,2884.0,2958.0,8299.0,8299.0,2084.0,800.0,0.0,2324.0
0.0,6121.0,2549.0,2929.0,7322.0,3751.0,3751.0,2080.0,849.0,0.0,2549.0
0.0,10894.0,1923.0,2925.0,8758.0,0.0,0.0,2039.0,886.0,0.0,1923.0
0.0,17729.0,449.0,2855.0,8299.0,0.0,0.0,1961.0,894.0,0.0,449.0
0.0,25579.0,262.0,2746.0,3751.0,0.0,0.0,1852.0,894.0,262.0,0.0
0.0,29068.0,2249.0,2680.0,0.0,0.0,0.0,1786.0,894.0,2249.0,0.0
0.0,26819.0,4243.0,2680.0,0.0,0.0,0.0,1798.0,882.0,4243.0,0.0
0.0,22576.0,5972.0,2768.0,0.0,0.0,0.0,1913.0,855.0,5972.0,0.0
0.0,16604.0,5720.0,2833.0,0.0,3281.0,3281.0,2023.0,810.0,5720.0,0.0
0.0,10884.0,4121.0,2864.0,0.0,7557.0,7557.0,2090.0,774.0,3471.0,650.0
0.0,6763.0,1505.0,2856.0,0.0,9022.0,9022.0,2090.0,766.0,0.0,1505.0
0.0,5258.0,2365.0,2892.0,3281.0,8286.0,8286.0,2090.0,802.0,0.0,2365.0
0.0,6174.0,2571.0,2937.0,7557.0,3525.0,3525.0,2085.0,852.0,0.0,2571.0
0.0,11160.0,1922.0,2932.0,9022.0,0.0,0.0,2043.0,889.0,0.0,1922.0
0.0,18260.0,413.0,2860.0,8286.0,0.0,0.0,1963.0,897.0,0.0,413.0
0.0,26133.0,305.0,2752.0,3525.0,0.0,0.0,1855.0,897.0,305.0,0.0
0.0,29353.0,2304.0,2686.0,0.0,0.0,0.0,1789.0,897.0,2304.0,0.0
0.0,27049.0,4308.0,2690.0,0.0,0.0,0.0,1805.0,885.0,4308.0,0.0
0.0,22741.0,6001.0,2777.0,0.0,0.0,0.0,1920.0,857.0,6001.0,0.0
0.0,16740.0,5700.0,2842.0,0.0,3170.0,3170.0,2030.0,812.0,5700.0,0.0
0.0,11040.0,4042.0,2871.0,0.0,7357.0,7357.0,2095.0,776.0,3390.0,652.0
0.0,6998.0,1513.0,2863.0,0.0,8830.0,8830.0,2095.0,768.0,0.0,1513.0
0.0,5485.0,2369.0,2900.0,3170.0,8214.0,8214.0,2095.0,805.0,0.0,2369.0
0.0,6286.0,2572.0,2945.0,7357.0,3654.0,3654.0,2091.0,854.0,0.0,2572.0
0.0,11071.0,1914.0,2940.0,8830.0,0.0,0.0,2049.0,891.0,0.0,1914.0
0.0,17987.0,400.0,2868.0,8214.0,0.0,0.0,1969.0,899.0,0.0,400.0
0.0,25801.0,286.0,2759.0,3654.0,0.0,0.0,1860.0,899.0,286.0,0.0
0.0,29169.0,2278.0,2693.0,0.0,0.0,0.0,1794.0,899.0,2278.0,0.0
0.0,26891.0,4274.0,2696.0,0.0,0.0,0.0,1809.0,887.0,4274.0,0.0
0.0,22617.0,5979.0,2783.0,0.0,0.0,0.0,1924.0,859.0,5979.0,0.0
0.0,16638.0,5696.0,2849.0,0.0,3303.0,3303.0,2034.0,815.0,5696.0,0.0
0.0,10942.0,4055.0,2878.0,0.0,7503.0,7503.0,2099.0,779.0,3411.0,644.0
0.0,6887.0,1496.0,2870.0,0.0,8959.0,8959.0,2099.0,771.0,0.0,1496.0
0.0,5391.0,2348.0,2906.0,3303.0,8184.0,8184.0,2099.0,807.0,0.0,2348.0
0.0,6346.0,2556.0,2952.0,7503.0,3467.0,3467.0,2096.0,856.0,0.0,2556.0
0.0,11293.0,1911.0,2948.0,8959.0,0.0,0.0,2055.0,893.0,0.0,1911.0
0.0,18341.0,419.0,2877.0,8184.0,0.0,0.0,1976.0,901.0,0.0,419.0
0.0,26106.0,261.0,2768.0,3467.0,0.0,0.0,1867.0,901.0,261.0,0.0
0.0,29312.0,2252.0,2702.0,0.0,0.0,0.0,1801.0,901.0,2252.0,0.0
0.0,27060.0,4238.0,2702.0,0.0,0.0,0.0,1813.0,889.0,4238.0,0.0
0.0,22822.0,5969.0,2789.0,0.0,0.0,0.0,1928.0,861.0,5969.0,0.0
0.0,16853.0,5704.0,2855.0,0.0,3126.0,3126.0,2038.0,817.0,5704.0,0.0
0.0,11149.0,4101.0,2885.0,0.0,7377.0,7377.0,2104.0,781.0,3454.0,647.0
0.0,7048.0,1499.0,2877.0,0.0,8836.0,8836.0,2104.0,773.0,0.0,1499.0
0.0,5549.0,2352.0,2913.0,3126.0,8242.0,8242.0,2104.0,809.0,0.0,2352.0
0.0,6323.0,2558.0,2959.0,7377.0,3653.0,3653.0,2101.0,858.0,0.0,2558.0
0.0,11142.0,1918.0,2954.0,8836.0,0.0,0.0,2059.0,895.0,0.0,1918.0
0.0,18060.0,421.0,2883.0,8242.0,0.0,0.0,1980.0,903.0,0.0,421.0
0.0,25881.0,295.0,2775.0,3653.0,0.0,0.0,1872.0,903.0,295.0,0.0
0.0,29239.0,2297.0,2709.0,0.0,0.0,0.0,1806.0,903.0,2297.0,0.0
0.0,26942.0,4296.0,2711.0,0.0,0.0,0.0,1820.0,891.0,4296.0,0.0
0.0,22646.0,6007.0,2798.0,0.0,0.0,0.0,1935.0,863.0,6007.0,0.0
0.0,16639.0,5713.0,2863.0,0.0,3389.0,3389.0,2045.0,818.0,5713.0,0.0
0.0,10926.0,4099.0,2893.0,0.0,7638.0,7638.0,2111.0,782.0,3427.0,672.0
0.0,6827.0,1532.0,2885.0,0.0,9130.0,9130.0,2111.0,774.0,0.0,1532.0
0.0,5295.0,2393.0,2923.0,3389.0,8324.0,8324.0,2111.0,812.0,0.0,2393.0
0.0,6291.0,2588.0,2968.0,7638.0,3499.0,3499.0,2106.0,862.0,0.0,2588.0
0.0,11341.0,1918.0,2961.0,9130.0,0.0,0.0,2063.0,898.0,0.0,1918.0
0.0,18553.0,388.0,2887.0,8324.0,0.0,0.0,1981.0,906.0,0.0,388.0
0.0,26489.0,354.0,2779.0,3499.0,0.0,0.0,1873.0,906.0,354.0,0.0
0.0,29634.0,2375.0,2715.0,0.0,0.0,0.0,1809.0,906.0,2375.0,0.0
0.0,27259.0,4393.0,2719.0,0.0,0.0,0.0,1826.0,893.0,4393.0,0.0
0.0,22866.0,6063.0,2807.0,0.0,0.0,0.0,1943.0,864.0,6063.0,0.0
0.0,16803.0,5708.0,2872.0,0.0,3265.0,3265.0,2053.0,819.0,5708.0,0.0
0.0,11095.0,4030.0,2900.0,0.0,7435.0,7435.0,2117.0,783.0,3341.0,689.0
0.0,7065.0,1556.0,2893.0,0.0,8956.0,8956.0,2117.0,776.0,0.0,1556.0
0.0,5509.0,2428.0,2931.0,3265.0,8309.0,8309.0,2117.0,814.0,0.0,2428.0
0.0,6346.0,2606.0,2976.0,7435.0,3705.0,3705.0,2111.0,865.0,0.0,2606.0
0.0,11175.0,1917.0,2968.0,8956.0,0.0,0.0,2067.0,901.0,0.0,1917.0
0.0,18214.0,356.0,2892.0,8309.0,0.0,0.0,1984.0,908.0,0.0,356.0
0.0,26167.0,380.0,2784.0,3705.0,0.0,0.0,1876.0,908.0,380.0,0.0
0.0,29492.0,2402.0,2720.0,0.0,0.0,0.0,1812.0,908.0,2402.0,0.0
0.0,27090.0,4424.0,2728.0,0.0,0.0,0.0,1832.0,896.0,4424.0,0.0
0.0,22666.0,6071.0,2816.0,0.0,0.0,0.0,1949.0,867.0,6071.0,0.0
0.0,16595.0,5690.0,2879.0,0.0,3490.0,3490.0,2058.0,821.0,5690.0,0.0
0.0,10905.0,3972.0,2907.0,0.0,7602.0,7602.0,2122.0,785.0,3291.0,681.0
0.0,6933.0,1552.0,2900.0,0.0,9119.0,9119.0,2122.0,778.0,0.0,1552.0
0.0,5381.0,2417.0,2939.0,3490.0,8241.0,8241.0,2122.0,817.0,0.0,2417.0
0.0,6454.0,2601.0,2983.0,7602.0,3460.0,3460.0,2116.0,867.0,0.0,2601.0
0.0,11455.0,1913.0,2975.0,9119.0,0.0,0.0,2072.0,903.0,0.0,1913.0
0.0,18661.0,360.0,2900.0,8241.0,0.0,0.0,1990.0,910.0,0.0,360.0
0.0,26542.0,358.0,2792.0,3460.0,0.0,0.0,1882.0,910.0,358.0,0.0
0.0,29644.0,2372.0,2728.0,0.0,0.0,0.0,1818.0,910.0,2372.0,0.0
0.0,27272.0,4390.0,2735.0,0.0,0.0,0.0,1837.0,898.0,4390.0,0.0
0.0,22882.0,6044.0,2822.0,0.0,0.0,0.0,1953.0,869.0,6044.0,0.0
0.0,16838.0,5689.0,2887.0,0.0,3286.0,3286.0,2063.0,824.0,5689.0,0.0
0.0,11149.0,3983.0,2914.0,0.0,7404.0,7404.0,2126.0,788.0,3310.0,673.0
0.0,7166.0,1535.0,2907.0,0.0,8904.0,8904.0,2126.0,781.0,0.0,1535.0
0.0,5631.0,2397.0,2945.0,3286.0,8205.0,8205.0,2126.0,819.0,0.0,2397.0
0.0,6520.0,2586.0,2989.0,7404.0,3607.0,3607.0,2121.0,868.0,0.0,2586.0
0.0,11338.0,1918.0,2983.0,8904.0,0.0,0.0,2078.0,905.0,0.0,1918.0
0.0,18324.0,383.0,2909.0,8205.0,0.0,0.0,1996.0,913.0,0.0,383.0
0.0,26146.0,346.0,2801.0,3607.0,0.0,0.0,1888.0,913.0,346.0,0.0
0.0,29407.0,2358.0,2737.0,0.0,0.0,0.0,1824.0,913.0,2358.0,0.0
0.0,27049.0,4375.0,2742.0,0.0,0.0,0.0,1842.0,900.0,4375.0,0.0
0.0,22674.0,6042.0,2829.0,0.0,0.0,0.0,1958.0,871.0,6042.0,0.0
0.0,16632.0,5703.0,2894.0,0.0,3541.0,3541.0,2068.0,826.0,5703.0,0.0
0.0,10929.0,4020.0,2922.0,0.0,7701.0,7701.0,2132.0,790.0,3343.0,677.0
0.0,6909.0,1541.0,2915.0,0.0,9207.0,9207.0,2132.0,783.0,0.0,1541.0
0.0,5368.0,2406.0,2953.0,3541.0,8262.0,8262.0,2132.0,821.0,0.0,2406.0
0.0,6503.0,2600.0,2997.0,7701.0,3381.0,3381.0,2126.0,871.0,0.0,2600.0
0.0,11604.0,1925.0,2990.0,9207.0,0.0,0.0,2082.0,908.0,0.0,1925.0
0.0,18886.0,386.0,2914.0,8262.0,0.0,0.0,1999.0,915.0,0.0,386.0
0.0,26762.0,395.0,2806.0,3381.0,0.0,0.0,1891.0,915.0,395.0,0.0
0.0,29748.0,2422.0,2743.0,0.0,0.0,0.0,1828.0,915.0,2422.0,0.0
0.0,27326.0,4456.0,2750.0,0.0,0.0,0.0,1848.0,902.0,4456.0,0.0
0.0,22870.0,6092.0,2838.0,0.0,0.0,0.0,1965.0,873.0,6092.0,0.0
0.0,16778.0,5708.0,2902.0,0.0,3440.0,3440.0,2075.0,827.0,5708.0,0.0
0.0,11070.0,3986.0,2929.0,0.0,7561.0,7561.0,2138.0,791.0,3286.0,700.0
0.0,7084.0,1573.0,2922.0,0.0,9099.0,9099.0,2138.0,784.0,0.0,1573.0
0.0,5511.0,2446.0,2962.0,3440.0,8305.0,8305.0,2138.0,824.0,0.0,2446.0
0.0,6505.0,2625.0,3005.0,7561.0,3584.0,3584.0,2131.0,874.0,0.0,2625.0
0.0,11441.0,1927.0,2997.0,9099.0,0.0,0.0,2086.0,911.0,0.0,1927.0
0.0,18613.0,356.0,2919.0,8305.0,0.0,0.0,2001.0,918.0,0.0,356.0
0.0,26562.0,454.0,2811.0,3584.0,0.0,0.0,1893.0,918.0,454.0,0.0
0.0,29692.0,2503.0,2750.0,0.0,0.0,0.0,1832.0,918.0,2503.0,0.0
0.0,27189.0,4548.0,2760.0,0.0,0.0,0.0,1855.0,905.0,4548.0,0.0
0.0,22641.0,6140.0,2848.0,0.0,0.0,0.0,1973.0,875.0,6140.0,0.0
0.0,16501.0,5689.0,2910.0,0.0,3738.0,3738.0,2082.0,828.0,5689.0,0.0
0.0,10812.0,3901.0,2936.0,0.0,7769.0,7769.0,2144.0,792.0,3188.0,713.0
0.0,6911.0,1590.0,2929.0,0.0,9324.0,9324.0,2144.0,785.0,0.0,1590.0
0.0,5321.0,2472.0,2970.0,3738.0,8263.0,8263.0,2144.0,826.0,0.0,2472.0
0.0,6587.0,2636.0,3013.0,7769.0,3345.0,3345.0,2136.0,877.0,0.0,2636.0
0.0,11720.0,1923.0,3004.0,9324.0,0.0,0.0,2090.0,914.0,0.0,1923.0
0.0,19121.0,328.0,2925.0,8263.0,0.0,0.0,2005.0,920.0,0.0,328.0
0.0,27056.0,466.0,2817.0,3345.0,0.0,0.0,1897.0,920.0,466.0,0.0
0.0,29935.0,2516.0,2756.0,0.0,0.0,0.0,1836.0,920.0,2516.0,0.0
0.0,27419.0,4560.0,2768.0,0.0,0.0,0.0,1861.0,907.0,4560.0,0.0
0.0,22859.0,6143.0,2856.0,0.0,0.0,0.0,1979.0,877.0,6143.0,0.0
0.0,16716.0,5670.0,2919.0,0.0,3549.0,3549.0,2088.0,831.0,5670.0,0.0
0.0,11046.0,3860.0,2943.0,0.0,7529.0,7529.0,2149.0,794.0,3157.0,703.0
0.0,7186.0,1583.0,2937.0,0.0,9082.0,9082.0,2149.0,788.0,0.0,1583.0
0.0,5603.0,2457.0,2977.0,3549.0,8190.0,8190.0,2149.0,828.0,0.0,2457.0
0.0,6695.0,2628.0,3021.0,7529.0,3509.0,3509.0,2142.0,879.0,0.0,2628.0
0.0,11596.0,1919.0,3012.0,9082.0,0.0,0.0,2096.0,916.0,0.0,1919.0
0.0,18759.0,335.0,2934.0,8190.0,0.0,0.0,2012.0,922.0,0.0,335.0
0.0,26614.0,429.0,2826.0,3509.0,0.0,0.0,1904.0,922.0,429.0,0.0
0.0,29694.0,2470.0,2764.0,0.0,0.0,0.0,1842.0,922.0,2470.0,0.0
0.0,27224.0,4506.0,2774.0,0.0,0.0,0.0,1865.0,909.0,4506.0,0.0
0.0,22718.0,6117.0,2861.0,0.0,0.0,0.0,1982.0,879.0,6117.0,0.0
0.0,16601.0,5682.0,2925.0,0.0,3706.0,3706.0,2092.0,833.0,5682.0,0.0
0.0,10919.0,3913.0,2950.0,0.0,7744.0,7744.0,2153.0,797.0,3216.0,697.0
0.0,7006.0,1569.0,2943.0,0.0,9278.0,9278.0,2153.0,790.0,0.0,1569.0
0.0,5437.0,2441.0,2983.0,3706.0,8213.0,8213.0,2153.0,830.0,0.0,2441.0
0.0,6702.0,2616.0,3027.0,7744.0,3305.0,3305.0,2147.0,880.0,0.0,2616.0
0.0,11830.0,1920.0,3018.0,9278.0,0.0,0.0,2101.0,917.0,0.0,1920.0
0.0,19188.0,357.0,2941.0,8213.0,0.0,0.0,2017.0,924.0,0.0,357.0
0.0,27044.0,425.0,2833.0,3305.0,0.0,0.0,1909.0,924.0,425.0,0.0
0.0,29924.0,2469.0,2771.0,0.0,0.0,0.0,1847.0,924.0,2469.0,0.0
0.0,27455.0,4509.0,2781.0,0.0,0.0,0.0,1870.0,911.0,4509.0,0.0
0.0,22946.0,6130.0,2868.0,0.0,0.0,0.0,1987.0,881.0,6130.0,0.0
0.0,16816.0,5704.0,2932.0,0.0,3548.0,3548.0,2097.0,835.0,5704.0,0.0
0.0,11112.0,3960.0,2959.0,0.0,7643.0,7643.0,2160.0,799.0,3244.0,716.0
0.0,7152.0,1593.0,2952.0,0.0,9201.0,9201.0,2160.0,792.0,0.0,1593.0
0.0,5559.0,2471.0,2993.0,3548.0,8329.0,8329.0,2160.0,833.0,0.0,2471.0
0.0,6636.0,2633.0,3035.0,7643.0,3529.0,3529.0,2152.0,883.0,0.0,2633.0
0.0,11646.0,1924.0,3025.0,9201.0,0.0,0.0,2105.0,920.0,0.0,1924.0
0.0,18923.0,333.0,2947.0,8329.0,0.0,0.0,2020.0,927.0,0.0,333.0
0.0,26919.0,482.0,2839.0,3529.0,0.0,0.0,1912.0,927.0,482.0,0.0
0.0,29966.0,2539.0,2778.0,0.0,0.0,0.0,1851.0,927.0,2539.0,0.0
0.0,27427.0,4603.0,2789.0,0.0,0.0,0.0,1876.0,913.0,4603.0,0.0
0.0,22824.0,6181.0,2878.0,0.0,0.0,0.0,1995.0,883.0,6181.0,0.0
0.0,16643.0,5704.0,2941.0,0.0,3766.0,3766.0,2105.0,836.0,5704.0,0.0
0.0,10939.0,3914.0,2966.0,0.0,7805.0,7805.0,2166.0,800.0,3170.0,744.0
0.0,7025.0,1629.0,2960.0,0.0,9404.0,9404.0,2166.0,794.0,0.0,1629.0
0.0,5396.0,2515.0,3001.0,3766.0,8358.0,8358.0,2166.0,835.0,0.0,2515.0
0.0,6647.0,2662.0,3044.0,7805.0,3430.0,3430.0,2157.0,887.0,0.0,2662.0
0.0,11790.0,1920.0,3033.0,9404.0,0.0,0.0,2109.0,924.0,0.0,1920.0
0.0,19274.0,292.0,2950.0,8358.0,0.0,0.0,2021.0,929.0,0.0,292.0
0.0,27340.0,538.0,2843.0,3430.0,0.0,0.0,1914.0,929.0,538.0,0.0
0.0,30232.0,2609.0,2783.0,0.0,0.0,0.0,1854.0,929.0,2609.0,0.0
0.0,27623.0,4685.0,2799.0,0.0,0.0,0.0,1883.0,916.0,4685.0,0.0
0.0,22938.0,6218.0,2888.0,0.0,0.0,0.0,2003.0,885.0,6218.0,0.0
0.0,16720.0,5685.0,2949.0,0.0,3710.0,3710.0,2112.0,837.0,5685.0,0.0
0.0,11035.0,3821.0,2972.0,0.0,7646.0,7646.0,2171.0,801.0,3071.0,750.0
0.0,7214.0,1638.0,2967.0,0.0,9259.0,9259.0,2171.0,796.0,0.0,1638.0
0.0,5576.0,2530.0,3009.0,3710.0,8289.0,8289.0,2171.0,838.0,0.0,2530.0
0.0,6756.0,2667.0,3051.0,7646.0,3520.0,3520.0,2162.0,889.0,0.0,2667.0
0.0,11735.0,1916.0,3040.0,9259.0,0.0,0.0,2114.0,926.0,0.0,1916.0
0.0,19078.0,273.0,2957.0,8289.0,0.0,0.0,2026.0,931.0,0.0,273.0
0.0,27094.0,530.0,2849.0,3520.0,0.0,0.0,1918.0,931.0,530.0,0.0
0.0,30084.0,2597.0,2790.0,0.0,0.0,0.0,1859.0,931.0,2597.0,0.0
0.0,27487.0,4668.0,2806.0,0.0,0.0,0.0,1888.0,918.0,4668.0,0.0
0.0,22819.0,6203.0,2894.0,0.0,0.0,0.0,2007.0,887.0,6203.0,0.0
0.0,16616.0,5675.0,2957.0,0.0,3844.0,3844.0,2117.0,840.0,5675.0,0.0
0.0,10941.0,3804.0,2980.0,0.0,7763.0,7763.0,2176.0,804.0,3070.0,734.0
0.0,7137.0,1623.0,2974.0,0.0,9356.0,9356.0,2176.0,798.0,0.0,1623.0
0.0,5514.0,2507.0,3016.0,3844.0,8229.0,8229.0,2176.0,840.0,0.0,2507.0
0.0,6851.0,2656.0,3058.0,7763.0,3332.0,3332.0,2167.0,891.0,0.0,2656.0
0.0,11958.0,1916.0,3048.0,9356.0,0.0,0.0,2120.0,928.0,0.0,1916.0
0.0,19398.0,292.0,2966.0,8229.0,0.0,0.0,2033.0,933.0,0.0,292.0
0.0,27335.0,501.0,2858.0,3332.0,0.0,0.0,1925.0,933.0,501.0,0.0
0.0,30166.0,2560.0,2798.0,0.0,0.0,0.0,1865.0,933.0,2560.0,0.0
0.0,27606.0,4624.0,2812.0,0.0,0.0,0.0,1892.0,920.0,4624.0,0.0
0.0,22982.0,6182.0,2901.0,0.0,0.0,0.0,2011.0,890.0,6182.0,0.0
0.0,16800.0,5686.0,2963.0,0.0,3701.0,3701.0,2120.0,843.0,5686.0,0.0
0.0,11114.0,3856.0,2987.0,0.0,7677.0,7677.0,2180.0,807.0,3122.0,734.0
0.0,7258.0,1617.0,2981.0,0.0,9264.0,9264.0,2180.0,801.0,0.0,1617.0
0.0,5641.0,2500.0,3022.0,3701.0,8268.0,8268.0,2180.0,842.0,0.0,2500.0
0.0,6842.0,2650.0,3065.0,7677.0,3456.0,3456.0,2172.0,893.0,0.0,2650.0
0.0,11869.0,1917.0,3055.0,9264.0,0.0,0.0,2125.0,930.0,0.0,1917.0
0.0,19216.0,307.0,2974.0,8268.0,0.0,0.0,2038.0,936.0,0.0,307.0
0.0,27177.0,522.0,2866.0,3456.0,0.0,0.0,1930.0,936.0,522.0,0.0
0.0,30111.0,2594.0,2806.0,0.0,0.0,0.0,1870.0,936.0,2594.0,0.0
0.0,27517.0,4662.0,2820.0,0.0,0.0,0.0,1898.0,922.0,4662.0,0.0
0.0,22855.0,6215.0,2908.0,0.0,0.0,0.0,2017.0,891.0,6215.0,0.0
0.0,16640.0,5693.0,2971.0,0.0,3908.0,3908.0,2127.0,844.0,5693.0,0.0
0.0,10947.0,3865.0,2994.0,0.0,7888.0,7888.0,2186.0,808.0,3105.0,760.0
0.0,7082.0,1650.0,2989.0,0.0,9513.0,9513.0,2186.0,803.0,0.0,1650.0
0.0,5432.0,2540.0,3031.0,3908.0,8355.0,8355.0,2186.0,845.0,0.0,2540.0
0.0,6800.0,2676.0,3073.0,7888.0,3353.0,3353.0,2177.0,896.0,0.0,2676.0
0.0,12012.0,1918.0,3061.0,9513.0,0.0,0.0,2128.0,933.0,0.0,1918.0
0.0,19607.0,271.0,2979.0,8355.0,0.0,0.0,2040.0,939.0,0.0,271.0
0.0,27691.0,587.0,2871.0,3353.0,0.0,0.0,1932.0,939.0,587.0,0.0
0.0,30457.0,2678.0,2813.0,0.0,0.0,0.0,1874.0,939.0,2678.0,0.0
0.0,27779.0,4766.0,2829.0,0.0,0.0,0.0,1905.0,924.0,4766.0,0.0
0.0,23013.0,6273.0,2918.0,0.0,0.0,0.0,2025.0,893.0,6273.0,0.0
0.0,16740.0,5686.0,2980.0,0.0,3846.0,3846.0,2135.0,845.0,5686.0,0.0
0.0,11054.0,3798.0,3001.0,0.0,7749.0,7749.0,2193.0,808.0,3017.0,781.0
0.0,7256.0,1678.0,2997.0,0.0,9407.0,9407.0,2193.0,804.0,0.0,1678.0
0.0,5578.0,2575.0,3041.0,3846.0,8356.0,8356.0,2193.0,848.0,0.0,2575.0
0.0,6849.0,2697.0,3081.0,7749.0,3504.0,3504.0,2182.0,899.0,0.0,2697.0
0.0,11901.0,1917.0,3068.0,9407.0,0.0,0.0,2132.0,936.0,0.0,1917.0
0.0,19391.0,240.0,2983.0,8356.0,0.0,0.0,2042.0,941.0,0.0,240.0
0.0,27507.0,619.0,2875.0,3504.0,0.0,0.0,1934.0,941.0,619.0,0.0
0.0,30392.0,2720.0,2818.0,0.0,0.0,0.0,1877.0,941.0,2720.0,0.0
0.0,27672.0,4815.0,2838.0,0.0,0.0,0.0,1911.0,927.0,4815.0,0.0
0.0,22857.0,6296.0,2927.0,0.0,0.0,0.0,2032.0,895.0,6296.0,0.0
0.0,16561.0,5671.0,2987.0,0.0,4045.0,4045.0,2141.0,846.0,5671.0,0.0
0.0,10890.0,3734.0,3008.0,0.0,7884.0,7884.0,2198.0,810.0,2955.0,779.0
0.0,7156.0,1676.0,3003.0,0.0,9535.0,9535.0,2198.0,805.0,0.0,1676.0
0.0,5480.0,2578.0,3048.0,4045.0,8293.0,8293.0,2198.0,850.0,0.0,2578.0
0.0,6947.0,2696.0,3090.0,7884.0,3315.0,3315.0,2188.0,902.0,0.0,2696.0
0.0,12135.0,1916.0,3076.0,9535.0,0.0,0.0,2138.0,938.0,0.0,1916.0
0.0,19754.0,234.0,2991.0,8293.0,0.0,0.0,2048.0,943.0,0.0,234.0
0.0,27813.0,597.0,2883.0,3315.0,0.0,0.0,1940.0,943.0,597.0,0.0
0.0,30531.0,2685.0,2826.0,0.0,0.0,0.0,1883.0,943.0,2685.0,0.0
0.0,27846.0,4773.0,2844.0,0.0,0.0,0.0,1915.0,929.0,4773.0,0.0
0.0,23073.0,6268.0,2934.0,0.0,0.0,0.0,2036.0,898.0,6268.0,0.0
0.0,16805.0,5669.0,2994.0,0.0,3834.0,3834.0,2145.0,849.0,5669.0,0.0
0.0,11136.0,3747.0,3015.0,0.0,7686.0,7686.0,2202.0,813.0,2986.0,761.0
0.0,7389.0,1659.0,3010.0,0.0,9320.0,9320.0,2202.0,808.0,0.0,1659.0
0.0,5730.0,2552.0,3054.0,3834.0,8258.0,8258.0,2202.0,852.0,0.0,2552.0
0.0,7012.0,2684.0,3096.0,7686.0,3466.0,3466.0,2193.0,903.0,0.0,2684.0
0.0,12014.0,1918.0,3084.0,9320.0,0.0,0.0,2144.0,940.0,0.0,1918.0
0.0,19416.0,259.0,3000.0,8258.0,0.0,0.0,2055.0,945.0,0.0,259.0
0.0,27415.0,580.0,2892.0,3466.0,0.0,0.0,1947.0,945.0,580.0,0.0
0.0,30301.0,2663.0,2834.0,0.0,0.0,0.0,1889.0,945.0,2663.0,0.0
0.0,27638.0,4752.0,2851.0,0.0,0.0,0.0,1920.0,931.0,4752.0,0.0
0.0,22886.0,6256.0,2940.0,0.0,0.0,0.0,2040.0,900.0,6256.0,0.0
0.0,16630.0,5683.0,3002.0,0.0,4063.0,4063.0,2150.0,852.0,5683.0,0.0
0.0,10947.0,3785.0,3024.0,0.0,7958.0,7958.0,2208.0,816.0,3017.0,768.0
0.0,7162.0,1663.0,3019.0,0.0,9596.0,9596.0,2208.0,811.0,0.0,1663.0
0.0,5499.0,2558.0,3062.0,4063.0,8306.0,8306.0,2208.0,854.0,0.0,2558.0
0.0,7004.0,2686.0,3104.0,7958.0,3244.0,3244.0,2198.0,906.0,0.0,2686.0
0.0,12276.0,1919.0,3090.0,9596.0,0.0,0.0,2148.0,942.0,0.0,1919.0
0.0,19953.0,263.0,3006.0,8306.0,0.0,0.0,2058.0,948.0,0.0,263.0
0.0,27996.0,619.0,2899.0,3244.0,0.0,0.0,1951.0,948.0,619.0,0.0
0.0,30621.0,2715.0,2841.0,0.0,0.0,0.0,1893.0,948.0,2715.0,0.0
0.0,27906.0,4818.0,2859.0,0.0,0.0,0.0,1926.0,933.0,4818.0,0.0
0.0,23088.0,6299.0,2948.0,0.0,0.0,0.0,2047.0,901.0,6299.0,0.0
0.0,16789.0,5691.0,3009.0,0.0,3947.0,3947.0,2157.0,852.0,5691.0,0.0
0.0,11098.0,3774.0,3030.0,0.0,7826.0,7826.0,2214.0,816.0,2976.0,798.0
0.0,7324.0,1700.0,3026.0,0.0,9506.0,9506.0,2214.0,812.0,0.0,1700.0
0.0,5624.0,2603.0,3071.0,3947.0,8387.0,8387.0,2214.0,857.0,0.0,2603.0
0.0,6968.0,2709.0,3112.0,7826.0,3475.0,3475.0,2203.0,909.0,0.0,2709.0
0.0,12085.0,1919.0,3097.0,9506.0,0.0,0.0,2151.0,946.0,0.0,1919.0
0.0,19672.0,221.0,3010.0,8387.0,0.0,0.0,2060.0,950.0,0.0,221.0
0.0,27838.0,681.0,2902.0,3475.0,0.0,0.0,1952.0,950.0,681.0,0.0
0.0,30632.0,2796.0,2846.0,0.0,0.0,0.0,1896.0,950.0,2796.0,0.0
0.0,27836.0,4917.0,2868.0,0.0,0.0,0.0,1933.0,935.0,4917.0,0.0
0.0,22919.0,6353.0,2958.0,0.0,0.0,0.0,2055.0,903.0,6353.0,0.0
0.0,16566.0,5680.0,3017.0,0.0,4199.0,4199.0,2164.0,853.0,5680.0,0.0
0.0,10886.0,3701.0,3037.0,0.0,8000.0,8000.0,2220.0,817.0,2882.0,819.0
0.0,7185.0,1727.0,3034.0,0.0,9712.0,9712.0,2220.0,814.0,0.0,1727.0
0.0,5458.0,2636.0,3080.0,4199.0,8379.0,8379.0,2220.0,860.0,0.0,2636.0
0.0,7021.0,2731.0,3120.0,8000.0,3310.0,3310.0,2208.0,912.0,0.0,2731.0
0.0,12290.0,1913.0,3105.0,9712.0,0.0,0.0,2156.0,949.0,0.0,1913.0
0.0,20089.0,186.0,3016.0,8379.0,0.0,0.0,2063.0,953.0,0.0,186.0
0.0,28282.0,701.0,2908.0,3310.0,0.0,0.0,1955.0,953.0,701.0,0.0
0.0,30891.0,2820.0,2854.0,0.0,0.0,0.0,1901.0,953.0,2820.0,0.0
0.0,28071.0,4944.0,2877.0,0.0,0.0,0.0,1939.0,938.0,4944.0,0.0
0.0,23127.0,6361.0,2966.0,0.0,0.0,0.0,2061.0,905.0,6361.0,0.0
0.0,16766.0,5663.0,3026.0,0.0,4027.0,4027.0,2170.0,856.0,5663.0,0.0
0.0,11103.0,3642.0,3044.0,0.0,7759.0,7759.0,2225.0,819.0,2835.0,807.0
0.0,7461.0,1714.0,3041.0,0.0,9458.0,9458.0,2225.0,816.0,0.0,1714.0
0.0,5747.0,2625.0,3087.0,4027.0,8286.0,8286.0,2225.0,862.0,0.0,2625.0
0.0,7149.0,2724.0,3127.0,7759.0,3451.0,3451.0,2213.0,914.0,0.0,2724.0
0.0,12184.0,1916.0,3113.0,9458.0,0.0,0.0,2162.0,951.0,0.0,1916.0
0.0,19726.0,196.0,3024.0,8286.0,0.0,0.0,2070.0,954.0,0.0,196.0
0.0,27816.0,672.0,2916.0,3451.0,0.0,0.0,1962.0,954.0,672.0,0.0
0.0,30595.0,2787.0,2861.0,0.0,0.0,0.0,1907.0,954.0,2787.0,0.0
0.0,27808.0,4896.0,2883.0,0.0,0.0,0.0,1943.0,940.0,4896.0,0.0
0.0,22912.0,6338.0,2973.0,0.0,0.0,0.0,2065.0,908.0,6338.0,0.0
0.0,16574.0,5659.0,3033.0,0.0,4250.0,4250.0,2174.0,859.0,5659.0,0.0
0.0,10915.0,3665.0,3051.0,0.0,8005.0,8005.0,2229.0,822.0,2876.0,789.0
0.0,7250.0,1697.0,3047.0,0.0,9682.0,9682.0,2229.0,818.0,0.0,1697.0
0.0,5553.0,2600.0,3092.0,4250.0,8257.0,8257.0,2229.0,863.0,0.0,2600.0
0.0,7203.0,2714.0,3133.0,8005.0,3171.0,3171.0,2218.0,915.0,0.0,2714.0
0.0,12494.0,1920.0,3119.0,9682.0,0.0,0.0,2167.0,952.0,0.0,1920.0
0.0,20256.0,224.0,3033.0,8257.0,0.0,0.0,2076.0,957.0,0.0,224.0
0.0,28289.0,660.0,2925.0,3171.0,0.0,0.0,1968.0,957.0,660.0,0.0
0.0,30800.0,2774.0,2869.0,0.0,0.0,0.0,1912.0,957.0,2774.0,0.0
0.0,28026.0,4884.0,2890.0,0.0,0.0,0.0,1948.0,942.0,4884.0,0.0
0.0,23142.0,6340.0,2980.0,0.0,0.0,0.0,2070.0,910.0,6340.0,0.0
0.0,16802.0,5679.0,3040.0,0.0,4077.0,4077.0,2179.0,861.0,5679.0,0.0
0.0,11123.0,3718.0,3059.0,0.0,7890.0,7890.0,2235.0,824.0,2914.0,804.0
0.0,7405.0,1711.0,3055.0,0.0,9581.0,9581.0,2235.0,820.0,0.0,1711.0
0.0,5694.0,2618.0,3101.0,4077.0,8352.0,8352.0,2235.0,866.0,0.0,2618.0
0.0,7153.0,2722.0,3141.0,7890.0,3384.0,3384.0,2223.0,918.0,0.0,2722.0
0.0,12321.0,1920.0,3126.0,9581.0,0.0,0.0,2171.0,955.0,0.0,1920.0
0.0,19982.0,217.0,3037.0,8352.0,0.0,0.0,2078.0,959.0,0.0,217.0
0.0,28117.0,708.0,2930.0,3384.0,0.0,0.0,1971.0,959.0,708.0,0.0
0.0,30793.0,2839.0,2875.0,0.0,0.0,0.0,1916.0,959.0,2839.0,0.0
0.0,27954.0,4967.0,2898.0,0.0,0.0,0.0,1954.0,944.0,4967.0,0.0
0.0,22987.0,6394.0,2988.0,0.0,0.0,0.0,2077.0,911.0,6394.0,0.0
0.0,16593.0,5686.0,3048.0,0.0,4333.0,4333.0,2187.0,861.0,5686.0,0.0
0.0,10907.0,3694.0,3067.0,0.0,8122.0,8122.0,2242.0,825.0,2857.0,837.0
0.0,7213.0,1752.0,3064.0,0.0,9859.0,9859.0,2242.0,822.0,0.0,1752.0
0.0,5461.0,2668.0,3111.0,4333.0,8429.0,8429.0,2242.0,869.0,0.0,2668.0
0.0,7126.0,2747.0,3150.0,8122.0,3249.0,3249.0,2228.0,922.0,0.0,2747.0
0.0,12501.0,1917.0,3134.0,9859.0,0.0,0.0,2175.0,959.0,0.0,1917.0
0.0,20443.0,166.0,3042.0,8429.0,0.0,0.0,2080.0,962.0,0.0,166.0
0.0,28706.0,764.0,2935.0,3249.0,0.0,0.0,1973.0,962.0,764.0,0.0
0.0,31191.0,2906.0,2881.0,0.0,0.0,0.0,1919.0,962.0,2906.0,0.0
0.0,28285.0,5054.0,2907.0,0.0,0.0,0.0,1961.0,946.0,5054.0,0.0
0.0,23231.0,6434.0,2998.0,0.0,0.0,0.0,2085.0,913.0,6434.0,0.0
0.0,16797.0,5672.0,3056.0,0.0,4155.0,4155.0,2194.0,862.0,5672.0,0.0
0.0,11125.0,3620.0,3073.0,0.0,7860.0,7860.0,2247.0,826.0,2767.0,853.0
0.0,7505.0,1772.0,3070.0,0.0,9617.0,9617.0,2247.0,823.0,0.0,1772.0
0.0,5733.0,2691.0,3119.0,4155.0,8398.0,8398.0,2247.0,872.0,0.0,2691.0
0.0,7197.0,2762.0,3159.0,7860.0,3500.0,3500.0,2234.0,925.0,0.0,2762.0
0.0,12295.0,1909.0,3140.0,9617.0,0.0,0.0,2179.0,961.0,0.0,1909.0
0.0,20003.0,136.0,3048.0,8398.0,0.0,0.0,2084.0,964.0,0.0,136.0
0.0,28265.0,769.0,2941.0,3500.0,0.0,0.0,1977.0,964.0,769.0,0.0
0.0,30996.0,2910.0,2888.0,0.0,0.0,0.0,1924.0,964.0,2910.0,0.0
0.0,28086.0,5056.0,2915.0,0.0,0.0,0.0,1967.0,948.0,5056.0,0.0
0.0,23030.0,6427.0,3006.0,0.0,0.0,0.0,2090.0,916.0,6427.0,0.0
0.0,16603.0,5661.0,3064.0,0.0,4378.0,4378.0,2199.0,865.0,5661.0,0.0
0.0,10942.0,3581.0,3081.0,0.0,8044.0,8044.0,2252.0,829.0,2743.0,838.0
0.0,7361.0,1754.0,3078.0,0.0,9783.0,9783.0,2252.0,826.0,0.0,1754.0
0.0,5607.0,2675.0,3125.0,4378.0,8315.0,8315.0,2252.0,873.0,0.0,2675.0
0.0,7310.0,2752.0,3165.0,8044.0,3223.0,3223.0,2239.0,926.0,0.0,2752.0
0.0,12602.0,1913.0,3148.0,9783.0,0.0,0.0,2185.0,963.0,0.0,1913.0
0.0,20472.0,153.0,3057.0,8315.0,0.0,0.0,2091.0,966.0,0.0,153.0
0.0,28634.0,736.0,2949.0,3223.0,0.0,0.0,1983.0,966.0,736.0,0.0
0.0,31121.0,2869.0,2896.0,0.0,0.0,0.0,1930.0,966.0,2869.0,0.0
0.0,28252.0,5006.0,2922.0,0.0,0.0,0.0,1971.0,951.0,5006.0,0.0
0.0,23246.0,6402.0,3012.0,0.0,0.0,0.0,2094.0,918.0,6402.0,0.0
0.0,16844.0,5670.0,3071.0,0.0,4181.0,4181.0,2203.0,868.0,5670.0,0.0
0.0,11174.0,3625.0,3089.0,0.0,7896.0,7896.0,2257.0,832.0,2796.0,829.0
0.0,7549.0,1743.0,3086.0,0.0,9624.0,9624.0,2257.0,829.0,0.0,1743.0
0.0,5806.0,2657.0,3132.0,4181.0,8330.0,8330.0,2257.0,875.0,0.0,2657.0
0.0,7330.0,2742.0,3172.0,7896.0,3376.0,3376.0,2244.0,928.0,0.0,2742.0
0.0,12484.0,1913.0,3156.0,9624.0,0.0,0.0,2191.0,965.0,0.0,1913.0
0.0,20195.0,171.0,3065.0,8330.0,0.0,0.0,2097.0,968.0,0.0,171.0
0.0,28354.0,744.0,2957.0,3376.0,0.0,0.0,1989.0,968.0,744.0,0.0
0.0,30986.0,2881.0,2903.0,0.0,0.0,0.0,1935.0,968.0,2881.0,0.0
0.0,28105.0,5024.0,2929.0,0.0,0.0,0.0,1976.0,953.0,5024.0,0.0
0.0,23081.0,6420.0,3019.0,0.0,0.0,0.0,2099.0,920.0,6420.0,0.0
0.0,16661.0,5685.0,3078.0,0.0,4414.0,4414.0,2209.0,869.0,5685.0,0.0
0.0,10976.0,3659.0,3097.0,0.0,8168.0,8168.0,2263.0,834.0,2804.0,855.0
0.0,7317.0,1774.0,3094.0,0.0,9927.0,9927.0,2263.0,831.0,0.0,1774.0
0.0,5543.0,2694.0,3141.0,4414.0,8442.0,8442.0,2263.0,878.0,0.0,2694.0
0.0,7263.0,2760.0,3180.0,8168.0,3229.0,3229.0,2249.0,931.0,0.0,2760.0
0.0,12671.0,1908.0,3162.0,9927.0,0.0,0.0,2194.0,968.0,0.0,1908.0
0.0,20690.0,141.0,3070.0,8442.0,0.0,0.0,2099.0,971.0,0.0,141.0
0.0,28991.0,804.0,2962.0,3229.0,0.0,0.0,1991.0,971.0,804.0,0.0
0.0,31416.0,2965.0,2910.0,0.0,0.0,0.0,1939.0,971.0,2965.0,0.0
0.0,28451.0,5122.0,2938.0,0.0,0.0,0.0,1983.0,955.0,5122.0,0.0
0.0,23329.0,6477.0,3028.0,0.0,0.0,0.0,2107.0,921.0,6477.0,0.0
0.0,16852.0,5678.0,3086.0,0.0,4256.0,4256.0,2216.0,870.0,5678.0,0.0
0.0,11174.0,3605.0,3103.0,0.0,7946.0,7946.0,2269.0,834.0,2718.0,887.0
0.0,7569.0,1814.0,3101.0,0.0,9750.0,9750.0,2269.0,832.0,0.0,1814.0
0.0,5755.0,2742.0,3151.0,4256.0,8486.0,8486.0,2269.0,882.0,0.0,2742.0
0.0,7269.0,2783.0,3189.0,7946.0,3513.0,3513.0,2254.0,935.0,0.0,2783.0
0.0,12432.0,1903.0,3170.0,9750.0,0.0,0.0,2198.0,972.0,0.0,1903.0
0.0,20279.0,90.0,3074.0,8486.0,0.0,0.0,2101.0,973.0,0.0,90.0
0.0,28675.0,856.0,2967.0,3513.0,0.0,0.0,1994.0,973.0,856.0,0.0
0.0,31332.0,3029.0,2916.0,0.0,0.0,0.0,1943.0,973.0,3029.0,0.0
0.0,28303.0,5198.0,2946.0,0.0,0.0,0.0,1989.0,957.0,5198.0,0.0
0.0,23105.0,6516.0,3038.0,0.0,0.0,0.0,2115.0,923.0,6516.0,0.0
0.0,16589.0,5655.0,3094.0,0.0,4536.0,4536.0,2223.0,871.0,5655.0,0.0
0.0,10934.0,3523.0,3109.0,0.0,8134.0,8134.0,2274.0,835.0,2630.0,893.0
0.0,7411.0,1822.0,3108.0,0.0,9951.0,9951.0,2274.0,834.0,0.0,1822.0
0.0,5589.0,2751.0,3158.0,4536.0,8416.0,8416.0,2274.0,884.0,0.0,2751.0
0.0,7374.0,2792.0,3196.0,8134.0,3264.0,3264.0,2259.0,937.0,0.0,2792.0
0.0,12716.0,1898.0,3177.0,9951.0,0.0,0.0,2203.0,974.0,0.0,1898.0
0.0,20769.0,75.0,3081.0,8416.0,0.0,0.0,2106.0,975.0,0.0,75.0
0.0,29110.0,835.0,2974.0,3264.0,0.0,0.0,1999.0,975.0,835.0,0.0
0.0,31539.0,3003.0,2922.0,0.0,0.0,0.0,1947.0,975.0,3003.0,0.0
0.0,28536.0,5165.0,2953.0,0.0,0.0,0.0,1994.0,959.0,5165.0,0.0
0.0,23371.0,6496.0,3045.0,0.0,0.0,0.0,2119.0,926.0,6496.0,0.0
0.0,16875.0,5653.0,3102.0,0.0,4288.0,4288.0,2228.0,874.0,5653.0,0.0
0.0,11222.0,3527.0,3117.0,0.0,7890.0,7890.0,2279.0,838.0,2652.0,875.0
0.0,7695.0,1800.0,3115.0,0.0,9680.0,9680.0,2279.0,836.0,0.0,1800.0
0.0,5895.0,2730.0,3164.0,4288.0,8367.0,8367.0,2279.0,885.0,0.0,2730.0
0.0,7453.0,2780.0,3203.0,7890.0,3452.0,3452.0,2264.0,939.0,0.0,2780.0
0.0,12563.0,1904.0,3185.0,9680.0,0.0,0.0,2209.0,976.0,0.0,1904.0
0.0,20339.0,98.0,3090.0,8367.0,0.0,0.0,2113.0,977.0,0.0,98.0
0.0,28608.0,809.0,2982.0,3452.0,0.0,0.0,2005.0,977.0,809.0,0.0
0.0,31251.0,2965.0,2930.0,0.0,0.0,0.0,1953.0,977.0,2965.0,0.0
0.0,28286.0,5121.0,2959.0,0.0,0.0,0.0,1998.0,961.0,5121.0,0.0
0.0,23165.0,6473.0,3051.0,0.0,0.0,0.0,2123.0,928.0,6473.0,0.0
0.0,16692.0,5665.0,3109.0,0.0,4518.0,4518.0,2232.0,877.0,5665.0,0.0
0.0,11027.0,3572.0,3125.0,0.0,8170.0,8170.0,2284.0,841.0,2706.0,866.0
0.0,7455.0,1796.0,3122.0,0.0,9951.0,9951.0,2284.0,838.0,0.0,1796.0
0.0,5659.0,2721.0,3172.0,4518.0,8404.0,8404.0,2284.0,888.0,0.0,2721.0
0.0,7456.0,2781.0,3210.0,8170.0,3205.0,3205.0,2269.0,941.0,0.0,2781.0
0.0,12845.0,1911.0,3192.0,9951.0,0.0,0.0,2214.0,978.0,0.0,1911.0
0.0,20885.0,117.0,3097.0,8404.0,0.0,0.0,2117.0,980.0,0.0,117.0
0.0,29172.0,841.0,2990.0,3205.0,0.0,0.0,2010.0,980.0,841.0,0.0
0.0,31536.0,3006.0,2938.0,0.0,0.0,0.0,1958.0,980.0,3006.0,0.0
0.0,28530.0,5178.0,2968.0,0.0,0.0,0.0,2004.0,964.0,5178.0,0.0
0.0,23352.0,6506.0,3058.0,0.0,0.0,0.0,2129.0,929.0,6506.0,0.0
0.0,16846.0,5676.0,3116.0,0.0,4410.0,4410.0,2238.0,878.0,5676.0,0.0
0.0,11170.0,3563.0,3132.0,0.0,8053.0,8053.0,2290.0,842.0,2670.0,893.0
0.0,7607.0,1825.0,3130.0,0.0,9868.0,9868.0,2290.0,840.0,0.0,1825.0
0.0,5782.0,2758.0,3180.0,4410.0,8466.0,8466.0,2290.0,890.0,0.0,2758.0
0.0,7434.0,2799.0,3218.0,8053.0,3402.0,3402.0,2274.0,944.0,0.0,2799.0
0.0,12688.0,1908.0,3198.0,9868.0,0.0,0.0,2217.0,981.0,0.0,1908.0
0.0,20648.0,90.0,3102.0,8466.0,0.0,0.0,2119.0,983.0,0.0,90.0
0.0,29024.0,906.0,2995.0,3402.0,0.0,0.0,2012.0,983.0,906.0,0.0
0.0,31520.0,3091.0,2945.0,0.0,0.0,0.0,1962.0,983.0,3091.0,0.0
0.0,28429.0,5282.0,2977.0,0.0,0.0,0.0,2011.0,966.0,5282.0,0.0
0.0,23147.0,6564.0,3068.0,0.0,0.0,0.0,2137.0,931.0,6564.0,0.0
0.0,16583.0,5667.0,3124.0,0.0,4704.0,4704.0,2246.0,878.0,5667.0,0.0
0.0,10916.0,3497.0,3138.0,0.0,8271.0,8271.0,2296.0,842.0,2575.0,922.0
0.0,7419.0,1861.0,3137.0,0.0,10127.0,10127.0,2296.0,841.0,0.0,1861.0
0.0,5558.0,2800.0,3190.0,4704.0,8488.0,8488.0,2296.0,894.0,0.0,2800.0
0.0,7462.0,2818.0,3227.0,8271.0,3220.0,3220.0,2279.0,948.0,0.0,2818.0
0.0,12915.0,1902.0,3205.0,10127.0,0.0,0.0,2221.0,984.0,0.0,1902.0
0.0,21140.0,42.0,3106.0,8488.0,0.0,0.0,2121.0,985.0,0.0,42.0
0.0,29586.0,938.0,2999.0,3220.0,0.0,0.0,2014.0,985.0,938.0,0.0
0.0,31868.0,3131.0,2950.0,0.0,0.0,0.0,1965.0,985.0,3131.0,0.0
0.0,28737.0,5328.0,2985.0,0.0,0.0,0.0,2017.0,968.0,5328.0,0.0
0.0,23409.0,6582.0,3077.0,0.0,0.0,0.0,2144.0,933.0,6582.0,0.0
0.0,16827.0,5647.0,3133.0,0.0,4485.0,4485.0,2253.0,880.0,5647.0,0.0
0.0,11180.0,3432.0,3145.0,0.0,7977.0,7977.0,2301.0,844.0,2510.0,922.0
0.0,7748.0,1861.0,3144.0,0.0,9833.0,9833.0,2301.0,843.0,0.0,1861.0
0.0,5887.0,2799.0,3197.0,4485.0,8412.0,8412.0,2301.0,896.0,0.0,2799.0
0.0,7573.0,2820.0,3235.0,7977.0,3445.0,3445.0,2285.0,950.0,0.0,2820.0
0.0,12730.0,1897.0,3213.0,9833.0,0.0,0.0,2227.0,986.0,0.0,1897.0
0.0,20666.0,35.0,3115.0,8412.0,0.0,0.0,2128.0,987.0,0.0,35.0
0.0,29043.0,912.0,3007.0,3445.0,0.0,0.0,2020.0,987.0,912.0,0.0
0.0,31576.0,3102.0,2958.0,0.0,0.0,0.0,1971.0,987.0,3102.0,0.0
0.0,28474.0,5286.0,2992.0,0.0,0.0,0.0,2022.0,970.0,5286.0,0.0
0.0,23188.0,6557.0,3084.0,0.0,0.0,0.0,2148.0,936.0,6557.0,0.0
0.0,16631.0,5642.0,3139.0,0.0,4706.0,4706.0,2256.0,883.0,5642.0,0.0
0.0,10989.0,3441.0,3152.0,0.0,8212.0,8212.0,2305.0,847.0,2538.0,903.0
0.0,7548.0,1838.0,3151.0,0.0,10045.0,10045.0,2305.0,846.0,0.0,1838.0
0.0,5710.0,2778.0,3202.0,4706.0,8372.0,8372.0,2305.0,897.0,0.0,2778.0
0.0,7638.0,2810.0,3241.0,8212.0,3165.0,3165.0,2290.0,951.0,0.0,2810.0
0.0,13040.0,1906.0,3221.0,10045.0,0.0,0.0,2233.0,988.0,0.0,1906.0
0.0,21179.0,62.0,3123.0,8372.0,0.0,0.0,2134.0,989.0,0.0,62.0
0.0,29489.0,898.0,3016.0,3165.0,0.0,0.0,2027.0,989.0,898.0,0.0
0.0,31756.0,3084.0,2966.0,0.0,0.0,0.0,1977.0,989.0,3084.0,0.0
0.0,28672.0,5265.0,3000.0,0.0,0.0,0.0,2027.0,973.0,5265.0,0.0
0.0,23407.0,6554.0,3091.0,0.0,0.0,0.0,2153.0,938.0,6554.0,0.0
0.0,16853.0,5653.0,3147.0,0.0,4535.0,4535.0,2261.0,886.0,5653.0,0.0
0.0,11200.0,3473.0,3161.0,0.0,8078.0,8078.0,2311.0,850.0,2572.0,901.0
0.0,7727.0,1843.0,3159.0,0.0,9911.0,9911.0,2311.0,848.0,0.0,1843.0
0.0,5884.0,2780.0,3210.0,4535.0,8411.0,8411.0,2311.0,899.0,0.0,2780.0
0.0,7639.0,2817.0,3249.0,8078.0,3345.0,3345.0,2295.0,954.0,0.0,2817.0
0.0,12900.0,1913.0,3227.0,9911.0,0.0,0.0,2237.0,990.0,0.0,1913.0
0.0,20898.0,72.0,3129.0,8411.0,0.0,0.0,2137.0,992.0,0.0,72.0
0.0,29237.0,942.0,3022.0,3345.0,0.0,0.0,2030.0,992.0,942.0,0.0
0.0,31640.0,3142.0,2974.0,0.0,0.0,0.0,1982.0,992.0,3142.0,0.0
0.0,28498.0,5339.0,3008.0,0.0,0.0,0.0,2033.0,975.0,5339.0,0.0
0.0,23159.0,6601.0,3100.0,0.0,0.0,0.0,2160.0,940.0,6601.0,0.0
0.0,16558.0,5659.0,3156.0,0.0,4881.0,4881.0,2269.0,887.0,5659.0,0.0
0.0,10899.0,3459.0,3168.0,0.0,8400.0,8400.0,2317.0,851.0,2527.0,932.0
0.0,7440.0,1877.0,3167.0,0.0,10272.0,10272.0,2317.0,850.0,0.0,1877.0
0.0,5563.0,2822.0,3220.0,4881.0,8478.0,8478.0,2317.0,903.0,0.0,2822.0
0.0,7622.0,2836.0,3257.0,8400.0,3099.0,3099.0,2300.0,957.0,0.0,2836.0
0.0,13186.0,1906.0,3234.0,10272.0,0.0,0.0,2240.0,994.0,0.0,1906.0
0.0,21552.0,36.0,3133.0,8478.0,0.0,0.0,2139.0,994.0,0.0,36.0
0.0,29994.0,999.0,3026.0,3099.0,0.0,0.0,2032.0,994.0,999.0,0.0
0.0,32094.0,3217.0,2979.0,0.0,0.0,0.0,1985.0,994.0,3217.0,0.0
0.0,28877.0,5431.0,3017.0,0.0,0.0,0.0,2040.0,977.0,5431.0,0.0
0.0,23446.0,6652.0,3108.0,0.0,0.0,0.0,2167.0,941.0,6652.0,0.0
0.0,16794.0,5659.0,3163.0,0.0,4680.0,4680.0,2276.0,887.0,5651.0,8.0
0.0,11135.0,3399.0,3174.0,0.0,8134.0,8134.0,2323.0,851.0,2441.0,958.0
0.0,7736.0,1908.0,3175.0,0.0,10047.0,10047.0,2323.0,852.0,0.0,1908.0
0.0,5828.0,2850.0,3229.0,4680.0,8487.0,8487.0,2323.0,906.0,0.0,2850.0
0.0,7658.0,2842.0,3265.0,8134.0,3375.0,3375.0,2305.0,960.0,0.0,2842.0
0.0,12950.0,1889.0,3242.0,10047.0,0.0,0.0,2245.0,997.0,0.0,1889.0
0.0,21108.0,0.0,3139.0,8487.0,0.0,0.0,2142.0,997.0,0.0,0.0
0.0,29595.0,1013.0,3032.0,3375.0,0.0,0.0,2035.0,997.0,1013.0,0.0
0.0,31957.0,3229.0,2986.0,0.0,0.0,0.0,1989.0,997.0,3229.0,0.0
0.0,28728.0,5444.0,3024.0,0.0,0.0,0.0,2045.0,979.0,5444.0,0.0
0.0,23284.0,6650.0,3116.0,0.0,0.0,0.0,2173.0,943.0,6650.0,0.0
0.0,16634.0,5645.0,3170.0,0.0,4861.0,4861.0,2281.0,889.0,5635.0,10.0
0.0,10989.0,3367.0,3182.0,0.0,8288.0,8288.0,2328.0,854.0,2409.0,958.0
0.0,7622.0,1906.0,3182.0,0.0,10194.0,10194.0,2328.0,854.0,0.0,1906.0
0.0,5716.0,2844.0,3236.0,4861.0,8447.0,8447.0,2328.0,908.0,0.0,2844.0
0.0,7733.0,2838.0,3272.0,8288.0,3177.0,3177.0,2310.0,962.0,0.0,2838.0
0.0,13183.0,1879.0,3249.0,10194.0,0.0,0.0,2251.0,998.0,0.0,1879.0
0.0,21498.0,0.0,3147.0,8447.0,0.0,0.0,2149.0,998.0,0.0,0.0
0.0,29945.0,987.0,3040.0,3177.0,0.0,0.0,2042.0,998.0,987.0,0.0
0.0,32135.0,3194.0,2993.0,0.0,0.0,0.0,1995.0,998.0,3194.0,0.0
0.0,28941.0,5405.0,3031.0,0.0,0.0,0.0,2050.0,981.0,5405.0,0.0
0.0,23536.0,6623.0,3123.0,0.0,0.0,0.0,2177.0,946.0,6623.0,0.0
0.0,16913.0,5639.0,3178.0,0.0,4616.0,4616.0,2286.0,892.0,5639.0,0.0
0.0,11274.0,3380.0,3189.0,0.0,8051.0,8051.0,2333.0,856.0,2439.0,941.0
0.0,7894.0,1886.0,3189.0,0.0,9937.0,9937.0,2333.0,856.0,0.0,1886.0
0.0,6008.0,2836.0,3242.0,4616.0,8422.0,8422.0,2333.0,909.0,0.0,2836.0
0.0,7788.0,2840.0,3279.0,8051.0,3396.0,3396.0,2315.0,964.0,0.0,2840.0
0.0,12999.0,1899.0,3257.0,9937.0,0.0,0.0,2256.0,1001.0,0.0,1899.0
0.0,21037.0,8.0,3156.0,8422.0,0.0,0.0,2155.0,1001.0,0.0,8.0
0.0,29451.0,983.0,3049.0,3396.0,0.0,0.0,2048.0,1001.0,983.0,0.0
0.0,31864.0,3190.0,3001.0,0.0,0.0,0.0,2000.0,1001.0,3190.0,0.0
0.0,28674.0,5403.0,3038.0,0.0,0.0,0.0,2055.0,983.0,5403.0,0.0
0.0,23271.0,6630.0,3130.0,0.0,0.0,0.0,2182.0,948.0,6630.0,0.0
0.0,16641.0,5656.0,3185.0,0.0,4940.0,4940.0,2291.0,894.0,5656.0,0.0
0.0,10985.0,3413.0,3196.0,0.0,8408.0,8408.0,2338.0,858.0,2465.0,948.0
0.0,7572.0,1902.0,3196.0,0.0,10310.0,10310.0,2338.0,858.0,0.0,1902.0
0.0,5670.0,2852.0,3250.0,4940.0,8492.0,8492.0,2338.0,912.0,0.0,2852.0
0.0,7758.0,2854.0,3287.0,8408.0,3123.0,3123.0,2320.0,967.0,0.0,2854.0
0.0,13312.0,1903.0,3263.0,10310.0,0.0,0.0,2260.0,1003.0,0.0,1903.0
0.0,21719.0,3.0,3160.0,8492.0,0.0,0.0,2157.0,1003.0,0.0,3.0
0.0,30208.0,1039.0,3053.0,3123.0,0.0,0.0,2050.0,1003.0,1039.0,0.0
0.0,32292.0,3264.0,3007.0,0.0,0.0,0.0,2004.0,1003.0,3264.0,0.0
0.0,29028.0,5496.0,3046.0,0.0,0.0,0.0,2061.0,985.0,5496.0,0.0
0.0,23532.0,6685.0,3139.0,0.0,0.0,0.0,2190.0,949.0,6685.0,0.0
0.0,16847.0,5676.0,3194.0,0.0,4799.0,4799.0,2299.0,895.0,5656.0,20.0
0.0,11171.0,3374.0,3205.0,0.0,8228.0,8228.0,2345.0,860.0,2392.0,982.0
0.0,7797.0,1939.0,3205.0,0.0,10167.0,10167.0,2345.0,860.0,0.0,1939.0
0.0,5858.0,2877.0,3260.0,4799.0,8520.0,8520.0,2345.0,915.0,0.0,2877.0
0.0,7780.0,2853.0,3295.0,8228.0,3320.0,3320.0,2325.0,970.0,0.0,2853.0
0.0,13155.0,1873.0,3269.0,10167.0,0.0,0.0,2263.0,1006.0,0.0,1873.0
0.0,21449.0,0.0,3165.0,8520.0,0.0,0.0,2159.0,1006.0,0.0,0.0
0.0,29969.0,1093.0,3058.0,3320.0,0.0,0.0,2052.0,1006.0,1093.0,0.0
0.0,32196.0,3338.0,3014.0,0.0,0.0,0.0,2008.0,1006.0,3338.0,0.0
0.0,28858.0,5579.0,3055.0,0.0,0.0,0.0,2068.0,987.0,5579.0,0.0
0.0,23279.0,6732.0,3148.0,0.0,0.0,0.0,2197.0,951.0,6732.0,0.0
0.0,16547.0,5676.0,3203.0,0.0,5144.0,5144.0,2306.0,897.0,5635.0,41.0
0.0,10871.0,3299.0,3211.0,0.0,8483.0,8483.0,2350.0,861.0,2297.0,1002.0
0.0,7572.0,1963.0,3213.0,0.0,10456.0,10456.0,2350.0,863.0,0.0,1963.0
0.0,5609.0,2882.0,3268.0,5144.0,8469.0,8469.0,2350.0,918.0,0.0,2882.0
0.0,7871.0,2840.0,3304.0,8483.0,3006.0,3006.0,2331.0,973.0,0.0,2840.0
0.0,13514.0,1842.0,3276.0,10456.0,0.0,0.0,2268.0,1008.0,0.0,1842.0
0.0,22128.0,0.0,3172.0,8469.0,0.0,0.0,2164.0,1008.0,0.0,0.0
0.0,30597.0,1088.0,3065.0,3006.0,0.0,0.0,2057.0,1008.0,1088.0,0.0
0.0,32515.0,3331.0,3020.0,0.0,0.0,0.0,2012.0,1008.0,3331.0,0.0
0.0,29184.0,5568.0,3062.0,0.0,0.0,0.0,2073.0,989.0,5568.0,0.0
0.0,23616.0,6721.0,3155.0,0.0,0.0,0.0,2202.0,953.0,6721.0,0.0
0.0,16895.0,5661.0,3210.0,0.0,4816.0,4816.0,2311.0,899.0,5625.0,36.0
0.0,11234.0,3290.0,3218.0,0.0,8146.0,8146.0,2355.0,863.0,2296.0,994.0
0.0,7944.0,1951.0,3220.0,0.0,10107.0,10107.0,2355.0,865.0,0.0,1951.0
0.0,5993.0,2872.0,3275.0,4816.0,8438.0,8438.0,2355.0,920.0,0.0,2872.0
0.0,7937.0,2839.0,3311.0,8146.0,3311.0,3311.0,2336.0,975.0,0.0,2839.0
0.0,13244.0,1844.0,3284.0,10107.0,0.0,0.0,2274.0,1010.0,0.0,1844.0
0.0,21507.0,0.0,3180.0,8438.0,0.0,0.0,2170.0,1010.0,0.0,0.0
0.0,29945.0,1052.0,3073.0,3311.0,0.0,0.0,2063.0,1010.0,1052.0,0.0
0.0,32204.0,3286.0,3028.0,0.0,0.0,0.0,2018.0,1010.0,3286.0,0.0
0.0,28918.0,5515.0,3069.0,0.0,0.0,0.0,2077.0,992.0,5515.0,0.0
0.0,23403.0,6697.0,3162.0,0.0,0.0,0.0,2206.0,956.0,6697.0,0.0
0.0,16706.0,5666.0,3216.0,0.0,5040.0,5040.0,2314.0,902.0,5640.0,26.0
0.0,11040.0,3340.0,3226.0,0.0,8430.0,8430.0,2360.0,866.0,2359.0,981.0
0.0,7700.0,1937.0,3227.0,0.0,10372.0,10372.0,2360.0,867.0,0.0,1937.0
0.0,5763.0,2872.0,3282.0,5040.0,8479.0,8479.0,2360.0,922.0,0.0,2872.0
0.0,7931.0,2847.0,3317.0,8430.0,3071.0,3071.0,2341.0,976.0,0.0,2847.0
0.0,13514.0,1866.0,3292.0,10372.0,0.0,0.0,2280.0,1012.0,0.0,1866.0
0.0,22020.0,0.0,3188.0,8479.0,0.0,0.0,2176.0,1012.0,0.0,0.0
0.0,30499.0,1067.0,3081.0,3071.0,0.0,0.0,2069.0,1012.0,1067.0,0.0
0.0,32503.0,3302.0,3035.0,0.0,0.0,0.0,2023.0,1012.0,3302.0,0.0
0.0,29201.0,5539.0,3077.0,0.0,0.0,0.0,2083.0,994.0,5539.0,0.0
0.0,23662.0,6715.0,3170.0,0.0,0.0,0.0,2212.0,958.0,6715.0,0.0
0.0,16947.0,5689.0,3223.0,0.0,4857.0,4857.0,2320.0,903.0,5653.0,36.0
0.0,11258.0,3358.0,3234.0,0.0,8270.0,8270.0,2366.0,868.0,2361.0,997.0
0.0,7900.0,1964.0,3235.0,0.0,10239.0,10239.0,2366.0,869.0,0.0,1964.0
0.0,5936.0,2890.0,3290.0,4857.0,8547.0,8547.0,2366.0,924.0,0.0,2890.0
0.0,7903.0,2856.0,3325.0,8270.0,3308.0,3308.0,2346.0,979.0,0.0,2856.0
0.0,13317.0,1856.0,3298.0,10239.0,0.0,0.0,2283.0,1015.0,0.0,1856.0
0.0,21700.0,0.0,3192.0,8547.0,0.0,0.0,2177.0,1015.0,0.0,0.0
0.0,30247.0,1135.0,3086.0,3308.0,0.0,0.0,2071.0,1015.0,1135.0,0.0
0.0,32420.0,3389.0,3042.0,0.0,0.0,0.0,2027.0,1015.0,3389.0,0.0
0.0,29031.0,5650.0,3086.0,0.0,0.0,0.0,2090.0,996.0,5650.0,0.0
0.0,23381.0,6773.0,3178.0,0.0,0.0,0.0,2220.0,958.0,6773.0,0.0
0.0,16608.0,5707.0,3233.0,0.0,5264.0,5264.0,2329.0,904.0,5648.0,59.0
0.0,10901.0,3291.0,3241.0,0.0,8595.0,8595.0,2372.0,869.0,2258.0,1033.0
0.0,7610.0,2002.0,3244.0,0.0,10612.0,10612.0,2372.0,872.0,0.0,2002.0
0.0,5608.0,2913.0,3300.0,5264.0,8541.0,8541.0,2372.0,928.0,0.0,2913.0
0.0,7959.0,2850.0,3334.0,8595.0,2966.0,2966.0,2351.0,983.0,0.0,2850.0
0.0,13704.0,1819.0,3305.0,10612.0,0.0,0.0,2287.0,1018.0,0.0,1819.0
0.0,22497.0,0.0,3197.0,8541.0,0.0,0.0,2179.0,1018.0,0.0,0.0
0.0,31038.0,1177.0,3091.0,2966.0,0.0,0.0,2073.0,1018.0,1177.0,0.0
0.0,32827.0,3443.0,3047.0,0.0,0.0,0.0,2030.0,1017.0,3443.0,0.0
0.0,29384.0,5714.0,3093.0,0.0,0.0,0.0,2096.0,997.0,5714.0,0.0
0.0,23670.0,6802.0,3187.0,0.0,0.0,0.0,2227.0,960.0,6802.0,0.0
0.0,16868.0,5702.0,3241.0,0.0,5039.0,5039.0,2335.0,906.0,5629.0,73.0
0.0,11166.0,3224.0,3248.0,0.0,8298.0,8298.0,2377.0,871.0,2180.0,1044.0
0.0,7942.0,2014.0,3251.0,0.0,10327.0,10327.0,2377.0,874.0,0.0,2014.0
0.0,5928.0,2911.0,3307.0,5039.0,8479.0,8479.0,2377.0,930.0,0.0,2911.0
0.0,8056.0,2837.0,3341.0,8298.0,3188.0,3188.0,2356.0,985.0,0.0,2837.0
0.0,13517.0,1798.0,3312.0,10327.0,0.0,0.0,2292.0,1020.0,0.0,1798.0
0.0,22046.0,0.0,3205.0,8479.0,0.0,0.0,2185.0,1020.0,0.0,0.0
0.0,30525.0,1157.0,3098.0,3188.0,0.0,0.0,2078.0,1020.0,1157.0,0.0
0.0,32556.0,3416.0,3055.0,0.0,0.0,0.0,2036.0,1019.0,3416.0,0.0
0.0,29140.0,5679.0,3101.0,0.0,0.0,0.0,2101.0,1000.0,5679.0,0.0
0.0,23461.0,6779.0,3193.0,0.0,0.0,0.0,2231.0,962.0,6779.0,0.0
0.0,16682.0,5690.0,3247.0,0.0,5243.0,5243.0,2339.0,908.0,5624.0,66.0
0.0,10992.0,3234.0,3256.0,0.0,8522.0,8522.0,2382.0,874.0,2201.0,1033.0
0.0,7758.0,2000.0,3259.0,0.0,10537.0,10537.0,2382.0,877.0,0.0,2000.0
0.0,5758.0,2900.0,3314.0,5243.0,8469.0,8469.0,2382.0,932.0,0.0,2900.0
0.0,8101.0,2838.0,3348.0,8522.0,2955.0,2955.0,2361.0,987.0,0.0,2838.0
0.0,13785.0,1804.0,3320.0,10537.0,0.0,0.0,2298.0,1022.0,0.0,1804.0
0.0,22518.0,0.0,3214.0,8469.0,0.0,0.0,2192.0,1022.0,0.0,0.0
0.0,30987.0,1134.0,3107.0,2955.0,0.0,0.0,2085.0,1022.0,1134.0,0.0
0.0,32808.0,3387.0,3063.0,0.0,0.0,0.0,2042.0,1021.0,3387.0,0.0
0.0,29421.0,5645.0,3107.0,0.0,0.0,0.0,2105.0,1002.0,5645.0,0.0
0.0,23776.0,6765.0,3200.0,0.0,0.0,0.0,2235.0,965.0,6765.0,0.0
0.0,17011.0,5700.0,3254.0,0.0,4959.0,4959.0,2343.0,911.0,5637.0,63.0
0.0,11311.0,3276.0,3263.0,0.0,8280.0,8280.0,2387.0,876.0,2247.0,1029.0
0.0,8035.0,1996.0,3265.0,0.0,10286.0,10286.0,2387.0,878.0,0.0,1996.0
0.0,6039.0,2905.0,3321.0,4959.0,8512.0,8512.0,2387.0,934.0,0.0,2905.0
0.0,8093.0,2844.0,3355.0,8280.0,3246.0,3246.0,2366.0,989.0,0.0,2844.0
0.0,13529.0,1816.0,3327.0,10286.0,0.0,0.0,2303.0,1024.0,0.0,1816.0
0.0,21999.0,0.0,3220.0,8512.0,0.0,0.0,2196.0,1024.0,0.0,0.0
0.0,30511.0,1168.0,3113.0,3246.0,0.0,0.0,2089.0,1024.0,1168.0,0.0
0.0,32589.0,3437.0,3070.0,0.0,0.0,0.0,2047.0,1023.0,3437.0,0.0
0.0,29152.0,5703.0,3115.0,0.0,0.0,0.0,2111.0,1004.0,5703.0,0.0
0.0,23449.0,6808.0,3208.0,0.0,0.0,0.0,2242.0,966.0,6808.0,0.0
0.0,16641.0,5722.0,3262.0,0.0,5391.0,5391.0,2350.0,912.0,5641.0,81.0
0.0,10919.0,3269.0,3271.0,0.0,8705.0,8705.0,2393.0,878.0,2214.0,1055.0
0.0,7650.0,2034.0,3274.0,0.0,10754.0,10754.0,2393.0,881.0,0.0,2034.0
0.0,5616.0,2928.0,3330.0,5391.0,8571.0,8571.0,2393.0,937.0,0.0,2928.0
0.0,8079.0,2849.0,3363.0,8705.0,2880.0,2880.0,2371.0,992.0,0.0,2849.0
0.0,13935.0,1792.0,3333.0,10754.0,0.0,0.0,2306.0,1027.0,0.0,1792.0
0.0,22897.0,0.0,3224.0,8571.0,0.0,0.0,2197.0,1027.0,0.0,0.0
0.0,31468.0,1227.0,3118.0,2880.0,0.0,0.0,2091.0,1027.0,1227.0,0.0
0.0,33121.0,3515.0,3076.0,0.0,0.0,0.0,2050.0,1026.0,3515.0,0.0
0.0,29606.0,5800.0,3124.0,0.0,0.0,0.0,2118.0,1006.0,5800.0,0.0
0.0,23806.0,6864.0,3217.0,0.0,0.0,0.0,2250.0,967.0,6864.0,0.0
0.0,16942.0,5737.0,3271.0,0.0,5150.0,5150.0,2358.0,913.0,5636.0,101.0
0.0,11205.0,3216.0,3278.0,0.0,8401.0,8401.0,2399.0,879.0,2129.0,1087.0
0.0,7989.0,2068.0,3283.0,0.0,10494.0,10494.0,2399.0,884.0,0.0,2068.0
0.0,5921.0,2948.0,3340.0,5150.0,8577.0,8577.0,2399.0,941.0,0.0,2948.0
0.0,8123.0,2842.0,3372.0,8401.0,3178.0,3178.0,2377.0,995.0,0.0,2842.0
0.0,13682.0,1755.0,3339.0,10494.0,0.0,0.0,2310.0,1029.0,0.0,1755.0
0.0,22421.0,0.0,3229.0,8577.0,0.0,0.0,2200.0,1029.0,0.0,0.0
0.0,30998.0,1248.0,3123.0,3178.0,0.0,0.0,2094.0,1029.0,1248.0,0.0
0.0,32928.0,3542.0,3082.0,0.0,0.0,0.0,2054.0,1028.0,3542.0,0.0
0.0,29386.0,5831.0,3132.0,0.0,0.0,0.0,2124.0,1008.0,5831.0,0.0
0.0,23555.0,6876.0,3225.0,0.0,0.0,0.0,2256.0,969.0,6876.0,0.0
0.0,16679.0,5728.0,3279.0,0.0,5444.0,5444.0,2364.0,915.0,5622.0,106.0
0.0,10951.0,3169.0,3285.0,0.0,8643.0,8643.0,2404.0,881.0,2083.0,1086.0
0.0,7782.0,2066.0,3290.0,0.0,10734.0,10734.0,2404.0,886.0,0.0,2066.0
0.0,5716.0,2940.0,3347.0,5444.0,8515.0,8515.0,2404.0,943.0,0.0,2940.0
0.0,8220.0,2833.0,3379.0,8643.0,2865.0,2865.0,2382.0,997.0,0.0,2833.0
0.0,14030.0,1751.0,3347.0,10734.0,0.0,0.0,2316.0,1031.0,0.0,1751.0
0.0,23013.0,0.0,3238.0,8515.0,0.0,0.0,2207.0,1031.0,0.0,0.0
0.0,31528.0,1221.0,3131.0,2865.0,0.0,0.0,2100.0,1031.0,1221.0,0.0
0.0,33172.0,3502.0,3089.0,0.0,0.0,0.0,2059.0,1030.0,3502.0,0.0
0.0,29670.0,5787.0,3138.0,0.0,0.0,0.0,2128.0,1010.0,5787.0,0.0
0.0,23883.0,6845.0,3231.0,0.0,0.0,0.0,2260.0,971.0,6845.0,0.0
0.0,17038.0,5719.0,3286.0,0.0,5111.0,5111.0,2368.0,918.0,5622.0,97.0
0.0,11319.0,3191.0,3293.0,0.0,8337.0,8337.0,2409.0,884.0,2118.0,1073.0
0.0,8128.0,2049.0,3297.0,0.0,10406.0,10406.0,2409.0,888.0,0.0,2049.0
0.0,6079.0,2928.0,3354.0,5111.0,8508.0,8508.0,2409.0,945.0,0.0,2928.0
0.0,8262.0,2836.0,3386.0,8337.0,3167.0,3167.0,2387.0,999.0,0.0,2836.0
0.0,13763.0,1763.0,3355.0,10406.0,0.0,0.0,2322.0,1033.0,0.0,1763.0
0.0,22406.0,0.0,3246.0,8508.0,0.0,0.0,2213.0,1033.0,0.0,0.0
0.0,30914.0,1212.0,3139.0,3167.0,0.0,0.0,2106.0,1033.0,1212.0,0.0
0.0,32869.0,3490.0,3097.0,0.0,0.0,0.0,2065.0,1032.0,3490.0,0.0
0.0,29379.0,5774.0,3145.0,0.0,0.0,0.0,2133.0,1012.0,5774.0,0.0
0.0,23605.0,6842.0,3239.0,0.0,0.0,0.0,2265.0,974.0,6842.0,0.0
0.0,16763.0,5740.0,3293.0,0.0,5442.0,5442.0,2373.0,920.0,5638.0,102.0
0.0,11023.0,3226.0,3300.0,0.0,8703.0,8703.0,2414.0,886.0,2146.0,1080.0
0.0,7797.0,2059.0,3305.0,0.0,10787.0,10787.0,2414.0,891.0,0.0,2059.0
0.0,5738.0,2941.0,3361.0,5442.0,8566.0,8566.0,2414.0,947.0,0.0,2941.0
0.0,8239.0,2841.0,3394.0,8703.0,2869.0,2869.0,2392.0,1002.0,0.0,2841.0
0.0,14101.0,1763.0,3362.0,10787.0,0.0,0.0,2326.0,1036.0,0.0,1763.0
0.0,23125.0,0.0,3252.0,8566.0,0.0,0.0,2216.0,1036.0,0.0,0.0
0.0,31691.0,1261.0,3145.0,2869.0,0.0,0.0,2109.0,1036.0,1261.0,0.0
0.0,33299.0,3555.0,3103.0,0.0,0.0,0.0,2069.0,1034.0,3555.0,0.0
0.0,29744.0,5856.0,3153.0,0.0,0.0,0.0,2139.0,1014.0,5856.0,0.0
0.0,23888.0,6893.0,3247.0,0.0,0.0,0.0,2272.0,975.0,6893.0,0.0
0.0,16995.0,5767.0,3301.0,0.0,5277.0,5277.0,2380.0,921.0,5642.0,125.0
0.0,11228.0,3198.0,3307.0,0.0,8505.0,8505.0,2420.0,887.0,2087.0,1111.0
0.0,8030.0,2103.0,3313.0,0.0,10638.0,10638.0,2420.0,893.0,0.0,2103.0
0.0,5927.0,2966.0,3370.0,5277.0,8612.0,8612.0,2420.0,950.0,0.0,2966.0
0.0,8238.0,2843.0,3402.0,8505.0,3110.0,3110.0,2397.0,1005.0,0.0,2843.0
0.0,13900.0,1729.0,3367.0,10638.0,0.0,0.0,2329.0,1038.0,0.0,1729.0
0.0,22809.0,0.0,3256.0,8612.0,0.0,0.0,2218.0,1038.0,0.0,0.0
0.0,31421.0,1321.0,3149.0,3110.0,0.0,0.0,2111.0,1038.0,1321.0,0.0
0.0,33210.0,3632.0,3109.0,0.0,0.0,0.0,2073.0,1036.0,3632.0,0.0
0.0,29578.0,5949.0,3161.0,0.0,0.0,0.0,2146.0,1015.0,5949.0,0.0
0.0,23629.0,6941.0,3256.0,0.0,0.0,0.0,2280.0,976.0,6941.0,0.0
0.0,16688.0,5768.0,3310.0,0.0,5630.0,5630.0,2388.0,922.0,5627.0,141.0
0.0,10920.0,3130.0,3315.0,0.0,8785.0,8785.0,2426.0,889.0,1992.0,1138.0
0.0,7790.0,2130.0,3322.0,0.0,10950.0,10950.0,2426.0,896.0,0.0,2130.0
0.0,5660.0,2981.0,3379.0,5630.0,8586.0,8586.0,2426.0,953.0,0.0,2981.0
0.0,8309.0,2835.0,3410.0,8785.0,2791.0,2791.0,2402.0,1008.0,0.0,2835.0
0.0,14259.0,1697.0,3375.0,10950.0,0.0,0.0,2334.0,1041.0,0.0,1697.0
0.0,23512.0,0.0,3263.0,8586.0,0.0,0.0,2222.0,1041.0,0.0,0.0
0.0,32098.0,1329.0,3156.0,2791.0,0.0,0.0,2115.0,1041.0,1329.0,0.0
0.0,33560.0,3646.0,3116.0,0.0,0.0,0.0,2077.0,1039.0,3646.0,0.0
0.0,29914.0,5957.0,3170.0,0.0,0.0,0.0,2152.0,1018.0,5957.0,0.0
0.0,23957.0,6939.0,3263.0,0.0,0.0,0.0,2285.0,978.0,6939.0,0.0
0.0,17018.0,5746.0,3317.0,0.0,5313.0,5313.0,2393.0,924.0,5608.0,138.0
0.0,11272.0,3088.0,3322.0,0.0,8426.0,8426.0,2431.0,891.0,1960.0,1128.0
0.0,8184.0,2117.0,3329.0,0.0,10578.0,10578.0,2431.0,898.0,0.0,2117.0
0.0,6067.0,2968.0,3386.0,5313.0,8518.0,8518.0,2431.0,955.0,0.0,2968.0
0.0,8412.0,2828.0,3417.0,8426.0,3075.0,3075.0,2407.0,1010.0,0.0,2828.0
0.0,14010.0,1704.0,3383.0,10578.0,0.0,0.0,2340.0,1043.0,0.0,1704.0
0.0,22884.0,0.0,3271.0,8518.0,0.0,0.0,2228.0,1043.0,0.0,0.0
0.0,31402.0,1302.0,3165.0,3075.0,0.0,0.0,2122.0,1043.0,1302.0,0.0
0.0,33175.0,3610.0,3124.0,0.0,0.0,0.0,2083.0,1041.0,3610.0,0.0
0.0,29565.0,5912.0,3176.0,0.0,0.0,0.0,2156.0,1020.0,5912.0,0.0
0.0,23653.0,6917.0,3270.0,0.0,0.0,0.0,2289.0,981.0,6917.0,0.0
0.0,16736.0,5741.0,3324.0,0.0,5625.0,5625.0,2397.0,927.0,5609.0,132.0
0.0,10995.0,3122.0,3330.0,0.0,8777.0,8777.0,2436.0,894.0,2004.0,1118.0
0.0,7873.0,2104.0,3336.0,0.0,10911.0,10911.0,2436.0,900.0,0.0,2104.0
0.0,5769.0,2959.0,3393.0,5625.0,8530.0,8530.0,2436.0,957.0,0.0,2959.0
0.0,8435.0,2833.0,3424.0,8777.0,2741.0,2741.0,2412.0,1012.0,0.0,2833.0
0.0,14379.0,1716.0,3390.0,10911.0,0.0,0.0,2345.0,1045.0,0.0,1716.0
0.0,23574.0,0.0,3279.0,8530.0,0.0,0.0,2234.0,1045.0,0.0,0.0
0.0,32104.0,1300.0,3173.0,2741.0,0.0,0.0,2128.0,1045.0,1300.0,0.0
0.0,33545.0,3610.0,3132.0,0.0,0.0,0.0,2089.0,1043.0,3610.0,0.0
0.0,29935.0,5917.0,3183.0,0.0,0.0,0.0,2161.0,1022.0,5917.0,0.0
0.0,24018.0,6930.0,3276.0,0.0,0.0,0.0,2294.0,982.0,6930.0,0.0
0.0,17088.0,5773.0,3332.0,0.0,5345.0,5345.0,2403.0,929.0,5629.0,144.0
0.0,11315.0,3163.0,3338.0,0.0,8538.0,8538.0,2442.0,896.0,2028.0,1135.0
0.0,8152.0,2126.0,3345.0,0.0,10699.0,10699.0,2442.0,903.0,0.0,2126.0
0.0,6026.0,2979.0,3402.0,5345.0,8618.0,8618.0,2442.0,960.0,0.0,2979.0
0.0,8392.0,2837.0,3432.0,8538.0,3067.0,3067.0,2417.0,1015.0,0.0,2837.0
0.0,14093.0,1705.0,3397.0,10699.0,0.0,0.0,2349.0,1048.0,0.0,1705.0
0.0,23087.0,0.0,3284.0,8618.0,0.0,0.0,2236.0,1048.0,0.0,0.0
0.0,31705.0,1359.0,3178.0,3067.0,0.0,0.0,2130.0,1048.0,1359.0,0.0
0.0,33413.0,3683.0,3137.0,0.0,0.0,0.0,2092.0,1045.0,3683.0,0.0
0.0,29730.0,6009.0,3192.0,0.0,0.0,0.0,2168.0,1024.0,6009.0,0.0
0.0,23721.0,6982.0,3285.0,0.0,0.0,0.0,2302.0,983.0,6982.0,0.0
0.0,16739.0,5794.0,3339.0,0.0,5750.0,5750.0,2410.0,929.0,5628.0,166.0
0.0,10945.0,3119.0,3345.0,0.0,8899.0,8899.0,2448.0,897.0,1954.0,1165.0
0.0,7826.0,2169.0,3354.0,0.0,11113.0,11113.0,2448.0,906.0,0.0,2169.0
0.0,5657.0,3003.0,3411.0,5750.0,8651.0,8651.0,2448.0,963.0,0.0,3003.0
0.0,8404.0,2839.0,3440.0,8899.0,2736.0,2736.0,2422.0,1018.0,0.0,2839.0
0.0,14464.0,1671.0,3403.0,11113.0,0.0,0.0,2353.0,1050.0,0.0,1671.0
0.0,23906.0,0.0,3288.0,8651.0,0.0,0.0,2238.0,1050.0,0.0,0.0
0.0,32557.0,1413.0,3182.0,2736.0,0.0,0.0,2132.0,1050.0,1413.0,0.0
0.0,33880.0,3751.0,3143.0,0.0,0.0,0.0,2096.0,1047.0,3751.0,0.0
0.0,30129.0,6094.0,3201.0,0.0,0.0,0.0,2175.0,1026.0,6094.0,0.0
0.0,24035.0,7019.0,3295.0,0.0,0.0,0.0,2310.0,985.0,7019.0,0.0
0.0,17016.0,5785.0,3349.0,0.0,5514.0,5514.0,2418.0,931.0,5611.0,174.0
0.0,11231.0,3036.0,3352.0,0.0,8565.0,8565.0,2453.0,899.0,1855.0,1181.0
0.0,8195.0,2183.0,3361.0,0.0,10793.0,10793.0,2453.0,908.0,0.0,2183.0
0.0,6012.0,3011.0,3419.0,5514.0,8580.0,8580.0,2453.0,966.0,0.0,3011.0
0.0,8515.0,2832.0,3448.0,8565.0,2992.0,2992.0,2428.0,1020.0,0.0,2832.0
0.0,14248.0,1650.0,3410.0,10793.0,0.0,0.0,2358.0,1052.0,0.0,1650.0
0.0,23391.0,0.0,3295.0,8580.0,0.0,0.0,2243.0,1052.0,0.0,0.0
0.0,31971.0,1404.0,3188.0,2992.0,0.0,0.0,2136.0,1052.0,1404.0,0.0
0.0,33559.0,3738.0,3151.0,0.0,0.0,0.0,2101.0,1050.0,3738.0,0.0
0.0,29821.0,6076.0,3208.0,0.0,0.0,0.0,2180.0,1028.0,6076.0,0.0
0.0,23745.0,7004.0,3301.0,0.0,0.0,0.0,2314.0,987.0,7004.0,0.0
0.0,16741.0,5770.0,3355.0,0.0,5804.0,5804.0,2422.0,933.0,5602.0,168.0
0.0,10971.0,3023.0,3359.0,0.0,8847.0,8847.0,2458.0,901.0,1856.0,1167.0
0.0,7948.0,2165.0,3368.0,0.0,11057.0,11057.0,2458.0,910.0,0.0,2165.0
0.0,5783.0,2995.0,3426.0,5804.0,8538.0,8538.0,2458.0,968.0,0.0,2995.0
0.0,8592.0,2826.0,3455.0,8847.0,2662.0,2662.0,2433.0,1022.0,0.0,2826.0
0.0,14613.0,1663.0,3417.0,11057.0,0.0,0.0,2363.0,1054.0,0.0,1663.0
0.0,24007.0,0.0,3304.0,8538.0,0.0,0.0,2250.0,1054.0,0.0,0.0
0.0,32545.0,1375.0,3197.0,2662.0,0.0,0.0,2143.0,1054.0,1375.0,0.0
0.0,33832.0,3701.0,3158.0,0.0,0.0,0.0,2106.0,1052.0,3701.0,0.0
0.0,30131.0,6032.0,3214.0,0.0,0.0,0.0,2184.0,1030.0,6032.0,0.0
0.0,24099.0,6983.0,3308.0,0.0,0.0,0.0,2318.0,990.0,6983.0,0.0
0.0,17116.0,5779.0,3362.0,0.0,5473.0,5473.0,2426.0,936.0,5613.0,166.0
0.0,11337.0,3070.0,3367.0,0.0,8568.0,8568.0,2463.0,904.0,1907.0,1163.0
0.0,8267.0,2160.0,3375.0,0.0,10768.0,10768.0,2463.0,912.0,0.0,2160.0
0.0,6107.0,2992.0,3433.0,5473.0,8577.0,8577.0,2463.0,970.0,0.0,2992.0
0.0,8588.0,2832.0,3462.0,8568.0,2986.0,2986.0,2438.0,1024.0,0.0,2832.0
0.0,14324.0,1671.0,3424.0,10768.0,0.0,0.0,2368.0,1056.0,0.0,1671.0
0.0,23421.0,0.0,3311.0,8577.0,0.0,0.0,2255.0,1056.0,0.0,0.0
0.0,31998.0,1396.0,3204.0,2986.0,0.0,0.0,2148.0,1056.0,1396.0,0.0
0.0,33588.0,3735.0,3166.0,0.0,0.0,0.0,2112.0,1054.0,3735.0,0.0
0.0,29853.0,6070.0,3221.0,0.0,0.0,0.0,2189.0,1032.0,6070.0,0.0
0.0,23783.0,7011.0,3315.0,0.0,0.0,0.0,2324.0,991.0,7011.0,0.0
0.0,16772.0,5805.0,3369.0,0.0,5878.0,5878.0,2432.0,937.0,5620.0,185.0
0.0,10967.0,3078.0,3375.0,0.0,8986.0,8986.0,2469.0,906.0,1890.0,1188.0
0.0,7889.0,2192.0,3384.0,0.0,11223.0,11223.0,2469.0,915.0,0.0,2192.0
0.0,5697.0,3017.0,3442.0,5878.0,8652.0,8652.0,2469.0,973.0,0.0,3017.0
0.0,8558.0,2835.0,3470.0,8986.0,2641.0,2641.0,2443.0,1027.0,0.0,2835.0
0.0,14709.0,1649.0,3431.0,11223.0,0.0,0.0,2372.0,1059.0,0.0,1649.0
0.0,24283.0,0.0,3315.0,8652.0,0.0,0.0,2256.0,1059.0,0.0,0.0
0.0,32935.0,1465.0,3209.0,2641.0,0.0,0.0,2150.0,1059.0,1465.0,0.0
0.0,34111.0,3823.0,3171.0,0.0,0.0,0.0,2115.0,1056.0,3823.0,0.0
0.0,30288.0,6178.0,3231.0,0.0,0.0,0.0,2197.0,1034.0,6178.0,0.0
0.0,24110.0,7074.0,3325.0,0.0,0.0,0.0,2333.0,992.0,7074.0,0.0
0.0,17036.0,5814.0,3378.0,0.0,5668.0,5668.0,2440.0,938.0,5608.0,206.0
0.0,11222.0,3006.0,3382.0,0.0,8694.0,8694.0,2475.0,907.0,1789.0,1217.0
0.0,8216.0,2233.0,3393.0,0.0,10982.0,10982.0,2475.0,918.0,0.0,2233.0
0.0,5983.0,3039.0,3451.0,5668.0,8643.0,8643.0,2475.0,976.0,0.0,3039.0
0.0,8612.0,2834.0,3479.0,8694.0,2923.0,2923.0,2448.0,1031.0,0.0,2834.0
0.0,14472.0,1613.0,3438.0,10982.0,0.0,0.0,2376.0,1062.0,0.0,1613.0
0.0,23841.0,0.0,3320.0,8643.0,0.0,0.0,2258.0,1062.0,0.0,0.0
0.0,32484.0,1502.0,3214.0,2923.0,0.0,0.0,2152.0,1062.0,1502.0,0.0
0.0,33905.0,3870.0,3177.0,0.0,0.0,0.0,2119.0,1058.0,3870.0,0.0
0.0,30035.0,6232.0,3239.0,0.0,0.0,0.0,2203.0,1036.0,6232.0,0.0
0.0,23803.0,7097.0,3333.0,0.0,0.0,0.0,2339.0,994.0,7097.0,0.0
0.0,16706.0,5797.0,3387.0,0.0,6026.0,6026.0,2447.0,940.0,5589.0,208.0
0.0,10909.0,2948.0,3389.0,0.0,8984.0,8984.0,2480.0,909.0,1723.0,1225.0
0.0,7961.0,2237.0,3400.0,0.0,11276.0,11276.0,2480.0,920.0,0.0,2237.0
0.0,5724.0,3040.0,3459.0,6026.0,8585.0,8585.0,2480.0,979.0,0.0,3040.0
0.0,8710.0,2826.0,3486.0,8984.0,2562.0,2562.0,2453.0,1033.0,0.0,2826.0
0.0,14868.0,1600.0,3445.0,11276.0,0.0,0.0,2381.0,1064.0,0.0,1600.0
0.0,24544.0,0.0,3328.0,8585.0,0.0,0.0,2264.0,1064.0,0.0,0.0
0.0,33129.0,1475.0,3222.0,2562.0,0.0,0.0,2158.0,1064.0,1475.0,0.0
0.0,34216.0,3835.0,3184.0,0.0,0.0,0.0,2124.0,1060.0,3835.0,0.0
0.0,30381.0,6189.0,3245.0,0.0,0.0,0.0,2207.0,1038.0,6189.0,0.0
0.0,24192.0,7073.0,3339.0,0.0,0.0,0.0,2343.0,996.0,7073.0,0.0
0.0,17119.0,5791.0,3394.0,0.0,5642.0,5642.0,2451.0,943.0,5591.0,200.0
0.0,11328.0,2967.0,3397.0,0.0,8624.0,8624.0,2485.0,912.0,1759.0,1208.0
0.0,8361.0,2216.0,3407.0,0.0,10890.0,10890.0,2485.0,922.0,0.0,2216.0
0.0,6145.0,3024.0,3465.0,5642.0,8562.0,8562.0,2485.0,980.0,0.0,3024.0
0.0,8763.0,2823.0,3493.0,8624.0,2901.0,2901.0,2458.0,1035.0,0.0,2823.0
0.0,14564.0,1619.0,3453.0,10890.0,0.0,0.0,2387.0,1066.0,0.0,1619.0
0.0,23835.0,0.0,3337.0,8562.0,0.0,0.0,2271.0,1066.0,0.0,0.0
0.0,32397.0,1453.0,3231.0,2901.0,0.0,0.0,2165.0,1066.0,1453.0,0.0
0.0,33845.0,3803.0,3193.0,0.0,0.0,0.0,2130.0,1063.0,3803.0,0.0
0.0,30042.0,6154.0,3252.0,0.0,0.0,0.0,2212.0,1040.0,6154.0,0.0
0.0,23888.0,7057.0,3346.0,0.0,0.0,0.0,2347.0,999.0,7057.0,0.0
0.0,16831.0,5809.0,3400.0,0.0,5978.0,5978.0,2455.0,945.0,5606.0,203.0
0.0,11022.0,3021.0,3404.0,0.0,9019.0,9019.0,2490.0,914.0,1810.0,1211.0
0.0,8001.0,2220.0,3414.0,0.0,11289.0,11289.0,2490.0,924.0,0.0,2220.0
0.0,5781.0,3026.0,3473.0,5978.0,8632.0,8632.0,2490.0,983.0,0.0,3026.0
0.0,8733.0,2830.0,3500.0,9019.0,2578.0,2578.0,2463.0,1037.0,0.0,2830.0
0.0,14922.0,1621.0,3459.0,11289.0,0.0,0.0,2391.0,1068.0,0.0,1621.0
0.0,24590.0,0.0,3343.0,8632.0,0.0,0.0,2275.0,1068.0,0.0,0.0
0.0,33222.0,1497.0,3236.0,2578.0,0.0,0.0,2168.0,1068.0,1497.0,0.0
0.0,34303.0,3860.0,3200.0,0.0,0.0,0.0,2135.0,1065.0,3860.0,0.0
0.0,30443.0,6230.0,3260.0,0.0,0.0,0.0,2218.0,1042.0,6230.0,0.0
0.0,24213.0,7100.0,3355.0,0.0,0.0,0.0,2355.0,1000.0,7100.0,0.0
0.0,17113.0,5841.0,3409.0,0.0,5773.0,5773.0,2463.0,946.0,5613.0,228.0
0.0,11272.0,2997.0,3411.0,0.0,8780.0,8780.0,2496.0,915.0,1753.0,1244.0
0.0,8275.0,2261.0,3423.0,0.0,11101.0,11101.0,2496.0,927.0,0.0,2261.0
0.0,6014.0,3056.0,3482.0,5773.0,8679.0,8679.0,2496.0,986.0,0.0,3056.0
0.0,8731.0,2830.0,3508.0,8780.0,2859.0,2859.0,2468.0,1040.0,0.0,2830.0
0.0,14681.0,1588.0,3466.0,11101.0,0.0,0.0,2395.0,1071.0,0.0,1588.0
0.0,24194.0,0.0,3347.0,8679.0,0.0,0.0,2276.0,1071.0,0.0,0.0
0.0,32873.0,1560.0,3241.0,2859.0,0.0,0.0,2170.0,1071.0,1560.0,0.0
0.0,34172.0,3942.0,3205.0,0.0,0.0,0.0,2138.0,1067.0,3942.0,0.0
0.0,30230.0,6330.0,3269.0,0.0,0.0,0.0,2225.0,1044.0,6330.0,0.0
0.0,23900.0,7154.0,3364.0,0.0,74.0,74.0,2363.0,1001.0,7154.0,0.0
0.0,16746.0,5847.0,3417.0,0.0,6186.0,6186.0,2470.0,947.0,5602.0,245.0
0.0,10899.0,2926.0,3419.0,0.0,9122.0,9122.0,2502.0,917.0,1658.0,1268.0
0.0,7973.0,2296.0,3432.0,74.0,11409.0,11409.0,2502.0,930.0,0.0,2296.0
0.0,5751.0,3074.0,3491.0,6186.0,8592.0,8592.0,2502.0,989.0,0.0,3074.0
0.0,8863.0,2829.0,3516.0,9122.0,2424.0,2424.0,2473.0,1043.0,0.0,2829.0
0.0,15156.0,1556.0,3472.0,11409.0,0.0,0.0,2399.0,1073.0,0.0,1556.0
0.0,25009.0,0.0,3352.0,8592.0,0.0,0.0,2279.0,1073.0,0.0,0.0
0.0,33601.0,1579.0,3246.0,2424.0,0.0,0.0,2173.0,1073.0,1579.0,0.0
0.0,34446.0,3965.0,3211.0,0.0,0.0,0.0,2142.0,1069.0,3965.0,0.0
0.0,30481.0,6355.0,3277.0,0.0,0.0,0.0,2231.0,1046.0,6355.0,0.0
0.0,24126.0,7161.0,3372.0,0.0,0.0,0.0,2369.0,1003.0,7161.0,0.0
0.0,16965.0,5822.0,3425.0,0.0,5982.0,5982.0,2476.0,949.0,5585.0,237.0
0.0,11143.0,2877.0,3426.0,0.0,8864.0,8864.0,2507.0,919.0,1613.0,1264.0
0.0,8266.0,2285.0,3439.0,0.0,11214.0,11214.0,2507.0,932.0,0.0,2285.0
0.0,5981.0,3069.0,3498.0,5982.0,8596.0,8596.0,2507.0,991.0,0.0,3069.0
0.0,8894.0,2825.0,3524.0,8864.0,2687.0,2687.0,2479.0,1045.0,0.0,2825.0
0.0,14933.0,1560.0,3480.0,11214.0,0.0,0.0,2405.0,1075.0,0.0,1560.0
0.0,24587.0,0.0,3361.0,8596.0,0.0,0.0,2286.0,1075.0,0.0,0.0
0.0,33183.0,1551.0,3255.0,2687.0,0.0,0.0,2180.0,1075.0,1551.0,0.0
0.0,34319.0,3933.0,3219.0,0.0,0.0,0.0,2148.0,1071.0,3933.0,0.0
0.0,30386.0,6309.0,3283.0,0.0,0.0,0.0,2235.0,1048.0,6309.0,0.0
0.0,24077.0,7139.0,3379.0,0.0,0.0,0.0,2373.0,1006.0,7139.0,0.0
0.0,16938.0,5810.0,3432.0,0.0,6032.0,6032.0,2480.0,952.0,5581.0,229.0
0.0,11128.0,2894.0,3434.0,0.0,8936.0,8936.0,2512.0,922.0,1647.0,1247.0
0.0,8234.0,2265.0,3446.0,0.0,11261.0,11261.0,2512.0,934.0,0.0,2265.0
0.0,5969.0,3054.0,3505.0,6032.0,8578.0,8578.0,2512.0,993.0,0.0,3054.0
0.0,8947.0,2830.0,3531.0,8936.0,2602.0,2602.0,2484.0,1047.0,0.0,2830.0
0.0,15053.0,1583.0,3488.0,11261.0,0.0,0.0,2410.0,1078.0,0.0,1583.0
0.0,24731.0,0.0,3370.0,8578.0,0.0,0.0,2292.0,1078.0,0.0,0.0
0.0,33309.0,1543.0,3264.0,2602.0,0.0,0.0,2186.0,1078.0,1543.0,0.0
0.0,34368.0,3924.0,3228.0,0.0,0.0,0.0,2154.0,1074.0,3924.0,0.0
0.0,30444.0,6301.0,3290.0,0.0,0.0,0.0,2240.0,1050.0,6301.0,0.0
0.0,24143.0,7141.0,3385.0,0.0,0.0,0.0,2377.0,1008.0,7141.0,0.0
0.0,17002.0,5829.0,3439.0,0.0,6022.0,6022.0,2485.0,954.0,5596.0,233.0
0.0,11173.0,2934.0,3441.0,0.0,8966.0,8966.0,2517.0,924.0,1681.0,1253.0
0.0,8239.0,2274.0,3453.0,0.0,11300.0,11300.0,2517.0,936.0,0.0,2274.0
0.0,5965.0,3068.0,3512.0,6022.0,8641.0,8641.0,2517.0,995.0,0.0,3068.0
0.0,8919.0,2837.0,3539.0,8966.0,2647.0,2647.0,2489.0,1050.0,0.0,2837.0
0.0,15048.0,1586.0,3494.0,11300.0,0.0,0.0,2414.0,1080.0,0.0,1586.0
0.0,24762.0,0.0,3375.0,8641.0,0.0,0.0,2295.0,1080.0,0.0,0.0
0.0,33403.0,1591.0,3269.0,2647.0,0.0,0.0,2189.0,1080.0,1591.0,0.0
0.0,34459.0,3989.0,3233.0,0.0,0.0,0.0,2157.0,1076.0,3989.0,0.0
0.0,30470.0,6384.0,3298.0,0.0,0.0,0.0,2246.0,1052.0,6384.0,0.0
0.0,24086.0,7194.0,3393.0,0.0,73.0,73.0,2385.0,1008.0,7194.0,0.0
0.0,16892.0,5859.0,3448.0,0.0,6207.0,6207.0,2493.0,955.0,5603.0,256.0
0.0,11033.0,2909.0,3449.0,0.0,9121.0,9121.0,2524.0,925.0,1624.0,1285.0
0.0,8124.0,2314.0,3463.0,73.0,11432.0,11432.0,2524.0,939.0,0.0,2314.0
0.0,5883.0,3093.0,3522.0,6207.0,8613.0,8613.0,2524.0,998.0,0.0,3093.0
0.0,8997.0,2839.0,3547.0,9121.0,2456.0,2456.0,2494.0,1053.0,0.0,2839.0
0.0,15279.0,1556.0,3501.0,11432.0,0.0,0.0,2418.0,1083.0,0.0,1556.0
0.0,25155.0,0.0,3379.0,8613.0,0.0,0.0,2296.0,1083.0,0.0,0.0
0.0,33768.0,1644.0,3273.0,2456.0,0.0,0.0,2190.0,1083.0,1644.0,0.0
0.0,34580.0,4058.0,3239.0,0.0,0.0,0.0,2161.0,1078.0,4058.0,0.0
0.0,30522.0,6468.0,3307.0,0.0,0.0,0.0,2253.0,1054.0,6468.0,0.0
0.0,24054.0,7239.0,3402.0,0.0,195.0,195.0,2392.0,1010.0,7239.0,0.0
0.0,16815.0,5861.0,3456.0,0.0,6326.0,6326.0,2500.0,956.0,5592.0,269.0
0.0,10954.0,2842.0,3455.0,0.0,9163.0,9163.0,2529.0,926.0,1540.0,1302.0
0.0,8112.0,2340.0,3470.0,195.0,11383.0,11383.0,2529.0,941.0,0.0,2340.0
0.0,5967.0,3104.0,3530.0,6326.0,8461.0,8461.0,2529.0,1001.0,0.0,3104.0
0.0,9189.0,2835.0,3555.0,9163.0,2258.0,2258.0,2499.0,1056.0,0.0,2835.0
0.0,15517.0,1528.0,3508.0,11383.0,0.0,0.0,2423.0,1085.0,0.0,1528.0
0.0,25372.0,0.0,3386.0,8461.0,0.0,0.0,2301.0,1085.0,0.0,0.0
0.0,33833.0,1646.0,3280.0,2258.0,0.0,0.0,2195.0,1085.0,1646.0,0.0
0.0,34445.0,4054.0,3245.0,0.0,0.0,0.0,2165.0,1080.0,4054.0,0.0
0.0,30391.0,6467.0,3314.0,0.0,0.0,0.0,2258.0,1056.0,6467.0,0.0
0.0,23924.0,7228.0,3409.0,0.0,349.0,349.0,2397.0,1012.0,7228.0,0.0
0.0,16696.0,5839.0,3463.0,0.0,6458.0,6458.0,2505.0,958.0,5580.0,259.0
0.0,10857.0,2818.0,3463.0,0.0,9276.0,9276.0,2534.0,929.0,1523.0,1295.0
0.0,8039.0,2325.0,3477.0,349.0,11322.0,11322.0,2534.0,943.0,0.0,2325.0
0.0,6063.0,3096.0,3537.0,6458.0,8260.0,8260.0,2534.0,1003.0,0.0,3096.0
0.0,9425.0,2831.0,3561.0,9276.0,1935.0,1935.0,2504.0,1057.0,0.0,2831.0
0.0,15870.0,1535.0,3516.0,11322.0,0.0,0.0,2429.0,1087.0,0.0,1535.0
0.0,25657.0,0.0,3394.0,8260.0,0.0,0.0,2307.0,1087.0,0.0,0.0
0.0,33917.0,1618.0,3288.0,1935.0,0.0,0.0,2201.0,1087.0,1618.0,0.0
0.0,34234.0,4017.0,3254.0,0.0,0.0,0.0,2171.0,1083.0,4017.0,0.0
0.0,30217.0,6421.0,3322.0,0.0,0.0,0.0,2263.0,1059.0,6421.0,0.0
0.0,23796.0,7202.0,3416.0,0.0,486.0,486.0,2401.0,1015.0,7202.0,0.0
0.0,16594.0,5842.0,3470.0,0.0,6598.0,6598.0,2509.0,961.0,5589.0,253.0
0.0,10752.0,2848.0,3470.0,0.0,9446.0,9446.0,2539.0,931.0,1567.0,1281.0
0.0,7904.0,2309.0,3484.0,486.0,11339.0,11339.0,2539.0,945.0,0.0,2309.0
0.0,6081.0,3084.0,3544.0,6598.0,8125.0,8125.0,2539.0,1005.0,0.0,3084.0
0.0,9595.0,2832.0,3568.0,9446.0,1631.0,1631.0,2509.0,1059.0,0.0,2832.0
0.0,16209.0,1557.0,3523.0,11339.0,0.0,0.0,2434.0,1089.0,0.0,1557.0
0.0,25991.0,0.0,3402.0,8125.0,0.0,0.0,2313.0,1089.0,0.0,0.0
0.0,34116.0,1626.0,3296.0,1631.0,0.0,0.0,2207.0,1089.0,1626.0,0.0
0.0,34121.0,4030.0,3261.0,0.0,0.0,0.0,2176.0,1085.0,4030.0,0.0
0.0,30091.0,6440.0,3328.0,0.0,0.0,0.0,2268.0,1060.0,6440.0,0.0
0.0,23651.0,7220.0,3424.0,0.0,689.0,689.0,2407.0,1017.0,7220.0,0.0
0.0,16431.0,5875.0,3478.0,0.0,6834.0,6834.0,2515.0,963.0,5603.0,272.0
0.0,10556.0,2878.0,3478.0,0.0,9712.0,9712.0,2545.0,933.0,1573.0,1305.0
0.0,7678.0,2339.0,3493.0,689.0,11437.0,11437.0,2545.0,948.0,0.0,2339.0
0.0,6028.0,3101.0,3553.0,6834.0,8004.0,8004.0,2545.0,1008.0,0.0,3101.0
0.0,9761.0,2836.0,3576.0,9712.0,1243.0,1243.0,2514.0,1062.0,0.0,2836.0
0.0,16637.0,1533.0,3530.0,11437.0,0.0,0.0,2438.0,1092.0,0.0,1533.0
0.0,26541.0,0.0,3407.0,8004.0,0.0,0.0,2315.0,1092.0,0.0,0.0
0.0,34545.0,1688.0,3301.0,1243.0,0.0,0.0,2209.0,1092.0,1688.0,0.0
0.0,34100.0,4111.0,3267.0,0.0,0.0,0.0,2180.0,1087.0,4111.0,0.0
0.0,29989.0,6540.0,3337.0,0.0,0.0,0.0,2275.0,1062.0,6540.0,0.0
0.0,23449.0,7278.0,3432.0,0.0,989.0,989.0,2415.0,1017.0,7278.0,0.0
0.0,16171.0,5899.0,3486.0,0.0,7158.0,7158.0,2522.0,964.0,5599.0,300.0
0.0,10272.0,2829.0,3486.0,0.0,9987.0,9987.0,2551.0,935.0,1488.0,1341.0
0.0,7443.0,2383.0,3502.0,989.0,11461.0,11461.0,2551.0,951.0,0.0,2383.0
0.0,6049.0,3130.0,3562.0,7158.0,7733.0,7733.0,2551.0,1011.0,0.0,3130.0
0.0,10077.0,2832.0,3585.0,9987.0,693.0,693.0,2519.0,1066.0,0.0,2832.0
0.0,17232.0,1492.0,3535.0,11461.0,0.0,0.0,2441.0,1094.0,0.0,1492.0
0.0,27201.0,0.0,3411.0,7733.0,0.0,0.0,2317.0,1094.0,0.0,0.0
0.0,34934.0,1735.0,3305.0,693.0,0.0,0.0,2211.0,1094.0,1735.0,0.0
0.0,33892.0,4175.0,3273.0,0.0,0.0,0.0,2184.0,1089.0,4175.0,0.0
0.0,29717.0,6610.0,3345.0,0.0,0.0,0.0,2281.0,1064.0,6610.0,0.0
0.0,23107.0,7315.0,3441.0,0.0,1413.0,1413.0,2422.0,1019.0,7315.0,0.0
0.0,15792.0,5881.0,3494.0,0.0,7559.0,7559.0,2529.0,965.0,5575.0,306.0
0.0,9911.0,2750.0,3493.0,0.0,10304.0,10304.0,2556.0,937.0,1400.0,1350.0
0.0,7161.0,2398.0,3509.0,1413.0,11369.0,11369.0,2556.0,953.0,0.0,2398.0
0.0,6176.0,3135.0,3570.0,7559.0,7250.0,7250.0,2556.0,1014.0,0.0,3135.0
0.0,10600.0,2828.0,3592.0,10304.0,0.0,0.0,2524.0,1068.0,0.0,2828.0
0.0,18076.0,1473.0,3542.0,11369.0,0.0,0.0,2446.0,1096.0,0.0,1473.0
0.0,27972.0,0.0,3418.0,7250.0,0.0,0.0,2322.0,1096.0,0.0,0.0
0.0,35222.0,1722.0,3312.0,0.0,0.0,0.0,2216.0,1096.0,1722.0,0.0
0.0,33500.0,4157.0,3280.0,0.0,0.0,0.0,2189.0,1091.0,4157.0,0.0
0.0,29343.0,6586.0,3352.0,0.0,0.0,0.0,2286.0,1066.0,6586.0,0.0
0.0,22757.0,7297.0,3449.0,0.0,1785.0,1785.0,2427.0,1022.0,7297.0,0.0
0.0,15460.0,5857.0,3502.0,0.0,7907.0,7907.0,2534.0,968.0,5567.0,290.0
0.0,9603.0,2747.0,3500.0,0.0,10644.0,10644.0,2561.0,939.0,1412.0,1335.0
0.0,6856.0,2375.0,3516.0,1785.0,11314.0,11314.0,2561.0,955.0,0.0,2375.0
0.0,6266.0,3124.0,3576.0,7907.0,6831.0,6831.0,2561.0,1015.0,0.0,3124.0
0.0,11049.0,2828.0,3600.0,10644.0,0.0,0.0,2530.0,1070.0,0.0,2828.0
0.0,18865.0,1492.0,3550.0,11314.0,0.0,0.0,2452.0,1098.0,0.0,1492.0
0.0,28687.0,0.0,3427.0,6831.0,0.0,0.0,2329.0,1098.0,0.0,0.0
0.0,35518.0,1691.0,3321.0,0.0,0.0,0.0,2223.0,1098.0,1691.0,0.0
0.0,33827.0,4119.0,3288.0,0.0,0.0,0.0,2195.0,1093.0,4119.0,0.0
0.0,29708.0,6542.0,3359.0,0.0,0.0,0.0,2290.0,1069.0,6542.0,0.0
0.0,23166.0,7279.0,3454.0,0.0,1383.0,1383.0,2430.0,1024.0,7279.0,0.0
0.0,15887.0,5874.0,3509.0,0.0,7532.0,7532.0,2538.0,971.0,5584.0,290.0
0.0,10013.0,2800.0,3508.0,0.0,10327.0,10327.0,2566.0,942.0,1471.0,1329.0
0.0,7213.0,2368.0,3523.0,1383.0,11387.0,11387.0,2566.0,957.0,0.0,2368.0
0.0,6228.0,3118.0,3583.0,7532.0,7273.0,7273.0,2566.0,1017.0,0.0,3118.0
0.0,10642.0,2829.0,3607.0,10327.0,0.0,0.0,2535.0,1072.0,0.0,2829.0
0.0,18140.0,1507.0,3558.0,11387.0,0.0,0.0,2457.0,1101.0,0.0,1507.0
0.0,28020.0,0.0,3434.0,7273.0,0.0,0.0,2333.0,1101.0,0.0,0.0
0.0,35293.0,1718.0,3329.0,0.0,0.0,0.0,2228.0,1101.0,1718.0,0.0
0.0,33575.0,4150.0,3296.0,0.0,0.0,0.0,2200.0,1096.0,4150.0,0.0
0.0,29425.0,6584.0,3366.0,0.0,0.0,0.0,2296.0,1070.0,6584.0,0.0
0.0,22841.0,7307.0,3462.0,0.0,1776.0,1776.0,2437.0,1025.0,7307.0,0.0
0.0,15534.0,5911.0,3516.0,0.0,7957.0,7957.0,2544.0,972.0,5595.0,316.0
0.0,9623.0,2817.0,3516.0,0.0,10774.0,10774.0,2572.0,944.0,1455.0,1362.0
0.0,6806.0,2408.0,3532.0,1776.0,11486.0,11486.0,2572.0,960.0,0.0,2408.0
0.0,6174.0,3144.0,3593.0,7957.0,6978.0,6978.0,2572.0,1021.0,0.0,3144.0
0.0,10987.0,2830.0,3615.0,10774.0,0.0,0.0,2540.0,1075.0,0.0,2830.0
0.0,18931.0,1471.0,3565.0,11486.0,0.0,0.0,2461.0,1104.0,0.0,1471.0
0.0,28946.0,0.0,3439.0,6978.0,0.0,0.0,2335.0,1104.0,0.0,0.0
0.0,35924.0,1787.0,3333.0,0.0,0.0,0.0,2229.0,1104.0,1787.0,0.0
0.0,34137.0,4239.0,3301.0,0.0,0.0,0.0,2203.0,1098.0,4239.0,0.0
0.0,29898.0,6697.0,3375.0,0.0,0.0,0.0,2303.0,1072.0,6697.0,0.0
0.0,23201.0,7365.0,3471.0,0.0,1519.0,1519.0,2445.0,1026.0,7365.0,0.0
0.0,15836.0,5924.0,3524.0,0.0,7708.0,7708.0,2552.0,972.0,5587.0,337.0
0.0,9912.0,2737.0,3523.0,0.0,10440.0,10440.0,2578.0,945.0,1347.0,1390.0
0.0,7175.0,2443.0,3541.0,1519.0,11454.0,11454.0,2578.0,963.0,0.0,2443.0
0.0,6251.0,3165.0,3602.0,7708.0,7216.0,7216.0,2578.0,1024.0,0.0,3165.0
0.0,10794.0,2829.0,3623.0,10440.0,0.0,0.0,2545.0,1078.0,0.0,2829.0
0.0,18405.0,1440.0,3571.0,11454.0,0.0,0.0,2465.0,1106.0,0.0,1440.0
0.0,28419.0,0.0,3443.0,7216.0,0.0,0.0,2337.0,1106.0,0.0,0.0
0.0,35635.0,1818.0,3338.0,0.0,0.0,0.0,2232.0,1106.0,1818.0,0.0
0.0,33817.0,4277.0,3307.0,0.0,0.0,0.0,2207.0,1100.0,4277.0,0.0
0.0,29540.0,6741.0,3384.0,0.0,0.0,0.0,2310.0,1074.0,6741.0,0.0
0.0,22799.0,7382.0,3479.0,0.0,1978.0,1978.0,2451.0,1028.0,7382.0,0.0
0.0,15417.0,5903.0,3533.0,0.0,8151.0,8151.0,2559.0,974.0,5568.0,335.0
0.0,9514.0,2673.0,3529.0,0.0,10804.0,10804.0,2583.0,946.0,1285.0,1388.0
0.0,6841.0,2446.0,3548.0,1978.0,11367.0,11367.0,2583.0,965.0,0.0,2446.0
0.0,6373.0,3164.0,3609.0,8151.0,6685.0,6685.0,2583.0,1026.0,0.0,3164.0
0.0,11360.0,2828.0,3630.0,10804.0,0.0,0.0,2550.0,1080.0,0.0,2828.0
0.0,19336.0,1434.0,3578.0,11367.0,0.0,0.0,2470.0,1108.0,0.0,1434.0
0.0,29269.0,0.0,3452.0,6685.0,0.0,0.0,2344.0,1108.0,0.0,0.0
0.0,35954.0,1792.0,3346.0,0.0,0.0,0.0,2238.0,1108.0,1792.0,0.0
0.0,34162.0,4244.0,3314.0,0.0,0.0,0.0,2212.0,1102.0,4244.0,0.0
0.0,29918.0,6700.0,3391.0,0.0,0.0,0.0,2314.0,1077.0,6700.0,0.0
0.0,23218.0,7358.0,3486.0,0.0,1570.0,1570.0,2455.0,1031.0,7358.0,0.0
0.0,15860.0,5885.0,3539.0,0.0,7720.0,7720.0,2562.0,977.0,5568.0,317.0
0.0,9975.0,2687.0,3537.0,0.0,10397.0,10397.0,2588.0,949.0,1316.0,1371.0
0.0,7288.0,2420.0,3555.0,1570.0,11337.0,11337.0,2588.0,967.0,0.0,2420.0
0.0,6438.0,3152.0,3616.0,7720.0,7074.0,7074.0,2588.0,1028.0,0.0,3152.0
0.0,11006.0,2830.0,3637.0,10397.0,0.0,0.0,2555.0,1082.0,0.0,2830.0
0.0,18573.0,1459.0,3586.0,11337.0,0.0,0.0,2476.0,1110.0,0.0,1459.0
0.0,28451.0,0.0,3460.0,7074.0,0.0,0.0,2350.0,1110.0,0.0,0.0
0.0,35525.0,1773.0,3354.0,0.0,0.0,0.0,2244.0,1110.0,1773.0,0.0
0.0,33752.0,4226.0,3322.0,0.0,0.0,0.0,2218.0,1104.0,4226.0,0.0
0.0,29526.0,6674.0,3397.0,0.0,0.0,0.0,2318.0,1079.0,6674.0,0.0
0.0,22852.0,7350.0,3493.0,0.0,1963.0,1963.0,2460.0,1033.0,7350.0,0.0
0.0,15502.0,5903.0,3547.0,0.0,8136.0,8136.0,2567.0,980.0,5579.0,324.0
0.0,9599.0,2731.0,3545.0,0.0,10857.0,10857.0,2593.0,952.0,1356.0,1375.0
0.0,6868.0,2426.0,3562.0,1963.0,11405.0,11405.0,2593.0,969.0,0.0,2426.0
0.0,6405.0,3154.0,3623.0,8136.0,6728.0,6728.0,2593.0,1030.0,0.0,3154.0
0.0,11387.0,2831.0,3644.0,10857.0,0.0,0.0,2560.0,1084.0,0.0,2831.0
0.0,19413.0,1463.0,3593.0,11405.0,0.0,0.0,2480.0,1113.0,0.0,1463.0
0.0,29355.0,0.0,3467.0,6728.0,0.0,0.0,2354.0,1113.0,0.0,0.0
0.0,36083.0,1822.0,3361.0,0.0,0.0,0.0,2248.0,1113.0,1822.0,0.0
0.0,34261.0,4289.0,3329.0,0.0,0.0,0.0,2223.0,1106.0,4289.0,0.0
0.0,29972.0,6753.0,3405.0,0.0,0.0,0.0,2325.0,1080.0,6753.0,0.0
0.0,23219.0,7402.0,3501.0,0.0,1688.0,1688.0,2467.0,1034.0,7402.0,0.0
0.0,15817.0,5934.0,3555.0,0.0,7892.0,7892.0,2575.0,980.0,5580.0,354.0
0.0,9883.0,2713.0,3553.0,0.0,10595.0,10595.0,2600.0,953.0,1301.0,1412.0
0.0,7170.0,2471.0,3572.0,1688.0,11473.0,11473.0,2600.0,972.0,0.0,2471.0
0.0,6387.0,3177.0,3633.0,7892.0,7063.0,7063.0,2600.0,1033.0,0.0,3177.0
0.0,11102.0,2831.0,3653.0,10595.0,0.0,0.0,2565.0,1088.0,0.0,2831.0
0.0,18866.0,1421.0,3599.0,11473.0,0.0,0.0,2484.0,1115.0,0.0,1421.0
0.0,28918.0,0.0,3470.0,7063.0,0.0,0.0,2355.0,1115.0,0.0,0.0
0.0,35981.0,1878.0,3364.0,0.0,0.0,0.0,2249.0,1115.0,1878.0,0.0
0.0,34103.0,4363.0,3335.0,0.0,0.0,0.0,2226.0,1109.0,4363.0,0.0
0.0,29740.0,6844.0,3414.0,0.0,0.0,0.0,2332.0,1082.0,6844.0,0.0
0.0,22896.0,7453.0,3510.0,0.0,2107.0,2107.0,2475.0,1035.0,7453.0,0.0
0.0,15443.0,5948.0,3563.0,0.0,8320.0,8320.0,2582.0,981.0,5573.0,375.0
0.0,9495.0,2656.0,3560.0,0.0,10961.0,10961.0,2605.0,955.0,1217.0,1439.0
0.0,6839.0,2504.0,3580.0,2107.0,11458.0,11458.0,2605.0,975.0,0.0,2504.0
0.0,6442.0,3199.0,3642.0,8320.0,6647.0,6647.0,2605.0,1037.0,0.0,3199.0
0.0,11563.0,2825.0,3661.0,10961.0,0.0,0.0,2570.0,1091.0,0.0,2825.0
0.0,19699.0,1386.0,3606.0,11458.0,0.0,0.0,2488.0,1118.0,0.0,1386.0
0.0,29771.0,0.0,3477.0,6647.0,0.0,0.0,2359.0,1118.0,0.0,0.0
0.0,36418.0,1886.0,3371.0,0.0,0.0,0.0,2253.0,1118.0,1886.0,0.0
0.0,34532.0,4374.0,3341.0,0.0,0.0,0.0,2230.0,1111.0,4374.0,0.0
0.0,30158.0,6856.0,3421.0,0.0,0.0,0.0,2337.0,1084.0,6856.0,0.0
0.0,23302.0,7456.0,3517.0,0.0,1739.0,1739.0,2480.0,1037.0,7456.0,0.0
0.0,15846.0,5925.0,3570.0,0.0,7929.0,7929.0,2587.0,983.0,5562.0,363.0
0.0,9921.0,2617.0,3567.0,0.0,10531.0,10531.0,2610.0,957.0,1191.0,1426.0
0.0,7304.0,2493.0,3587.0,1739.0,11385.0,11385.0,2610.0,977.0,0.0,2493.0
0.0,6550.0,3192.0,3648.0,7929.0,6953.0,6953.0,2610.0,1038.0,0.0,3192.0
0.0,11287.0,2828.0,3669.0,10531.0,0.0,0.0,2576.0,1093.0,0.0,2828.0
0.0,18990.0,1396.0,3614.0,11385.0,0.0,0.0,2494.0,1120.0,0.0,1396.0
0.0,28979.0,0.0,3485.0,6953.0,0.0,0.0,2365.0,1120.0,0.0,0.0
0.0,35932.0,1856.0,3380.0,0.0,0.0,0.0,2260.0,1120.0,1856.0,0.0
0.0,34076.0,4329.0,3349.0,0.0,0.0,0.0,2236.0,1113.0,4329.0,0.0
0.0,29747.0,6807.0,3428.0,0.0,0.0,0.0,2341.0,1087.0,6807.0,0.0
0.0,22940.0,7423.0,3524.0,0.0,2103.0,2103.0,2484.0,1040.0,7423.0,0.0
0.0,15517.0,5916.0,3578.0,0.0,8289.0,8289.0,2591.0,987.0,5571.0,345.0
0.0,9601.0,2645.0,3574.0,0.0,10914.0,10914.0,2615.0,959.0,1236.0,1409.0
0.0,6956.0,2468.0,3594.0,2103.0,11379.0,11379.0,2615.0,979.0,0.0,2468.0
0.0,6591.0,3182.0,3655.0,8289.0,6577.0,6577.0,2615.0,1040.0,0.0,3182.0
0.0,11698.0,2832.0,3675.0,10914.0,0.0,0.0,2581.0,1094.0,0.0,2832.0
0.0,19780.0,1424.0,3622.0,11379.0,0.0,0.0,2500.0,1122.0,0.0,1424.0
0.0,29735.0,0.0,3493.0,6577.0,0.0,0.0,2371.0,1122.0,0.0,0.0
0.0,36312.0,1853.0,3388.0,0.0,0.0,0.0,2266.0,1122.0,1853.0,0.0
0.0,34459.0,4327.0,3357.0,0.0,0.0,0.0,2242.0,1115.0,4327.0,0.0
0.0,30132.0,6807.0,3435.0,0.0,0.0,0.0,2346.0,1089.0,6807.0,0.0
0.0,23325.0,7430.0,3531.0,0.0,1760.0,1760.0,2489.0,1042.0,7430.0,0.0
0.0,15895.0,5946.0,3586.0,0.0,7981.0,7981.0,2597.0,989.0,5586.0,360.0
0.0,9949.0,2681.0,3583.0,0.0,10647.0,10647.0,2621.0,962.0,1258.0,1423.0
0.0,7268.0,2486.0,3602.0,1760.0,11468.0,11468.0,2621.0,981.0,0.0,2486.0
0.0,6542.0,3190.0,3664.0,7981.0,6987.0,6987.0,2621.0,1043.0,0.0,3190.0
0.0,11333.0,2832.0,3683.0,10647.0,0.0,0.0,2586.0,1097.0,0.0,2832.0
0.0,19148.0,1417.0,3627.0,11468.0,0.0,0.0,2503.0,1124.0,0.0,1417.0
0.0,29199.0,0.0,3497.0,6987.0,0.0,0.0,2373.0,1124.0,0.0,0.0
0.0,36186.0,1911.0,3392.0,0.0,0.0,0.0,2268.0,1124.0,1911.0,0.0
0.0,34275.0,4403.0,3362.0,0.0,0.0,0.0,2245.0,1117.0,4403.0,0.0
0.0,29872.0,6902.0,3443.0,0.0,0.0,0.0,2353.0,1090.0,6902.0,0.0
0.0,22970.0,7486.0,3540.0,0.0,2216.0,2216.0,2497.0,1043.0,7486.0,0.0
0.0,15484.0,5978.0,3593.0,0.0,8459.0,8459.0,2604.0,989.0,5585.0,393.0
0.0,9506.0,2646.0,3590.0,0.0,11090.0,11090.0,2627.0,963.0,1182.0,1464.0
0.0,6860.0,2536.0,3611.0,2216.0,11515.0,11515.0,2627.0,984.0,0.0,2536.0
0.0,6540.0,3215.0,3673.0,8459.0,6581.0,6581.0,2627.0,1046.0,0.0,3215.0
0.0,11784.0,2829.0,3692.0,11090.0,0.0,0.0,2591.0,1101.0,0.0,2829.0
0.0,20045.0,1366.0,3634.0,11515.0,0.0,0.0,2507.0,1127.0,0.0,1366.0
0.0,30194.0,0.0,3502.0,6581.0,0.0,0.0,2375.0,1127.0,0.0,0.0
0.0,36775.0,1964.0,3397.0,0.0,0.0,0.0,2270.0,1127.0,1964.0,0.0
0.0,34811.0,4476.0,3369.0,0.0,0.0,0.0,2249.0,1120.0,4476.0,0.0
0.0,30335.0,6984.0,3452.0,0.0,0.0,0.0,2360.0,1092.0,6984.0,0.0
0.0,23351.0,7528.0,3548.0,0.0,1917.0,1917.0,2504.0,1044.0,7528.0,0.0
0.0,15823.0,5974.0,3601.0,0.0,8156.0,8156.0,2611.0,990.0,5565.0,409.0
0.0,9849.0,2573.0,3596.0,0.0,10704.0,10704.0,2632.0,964.0,1089.0,1484.0
0.0,7276.0,2559.0,3619.0,1917.0,11461.0,11461.0,2632.0,987.0,0.0,2559.0
0.0,6634.0,3230.0,3681.0,8156.0,6845.0,6845.0,2632.0,1049.0,0.0,3230.0
0.0,11560.0,2821.0,3699.0,10704.0,0.0,0.0,2596.0,1103.0,0.0,2821.0
0.0,19443.0,1336.0,3641.0,11461.0,0.0,0.0,2512.0,1129.0,0.0,1336.0
0.0,29568.0,0.0,3509.0,6845.0,0.0,0.0,2380.0,1129.0,0.0,0.0
0.0,36413.0,1963.0,3403.0,0.0,0.0,0.0,2274.0,1129.0,1963.0,0.0
0.0,34450.0,4473.0,3376.0,0.0,0.0,0.0,2254.0,1122.0,4473.0,0.0
0.0,29977.0,6977.0,3460.0,0.0,0.0,0.0,2365.0,1095.0,6977.0,0.0
0.0,23000.0,7522.0,3556.0,0.0,2302.0,2302.0,2509.0,1047.0,7522.0,0.0
0.0,15478.0,5945.0,3609.0,0.0,8512.0,8512.0,2616.0,993.0,5551.0,394.0
0.0,9533.0,2541.0,3604.0,0.0,11028.0,11028.0,2637.0,967.0,1075.0,1466.0
0.0,6992.0,2543.0,3626.0,2302.0,11379.0,11379.0,2637.0,989.0,0.0,2543.0
0.0,6751.0,3220.0,3688.0,8512.0,6397.0,6397.0,2637.0,1051.0,0.0,3220.0
0.0,12043.0,2825.0,3706.0,11028.0,0.0,0.0,2601.0,1105.0,0.0,2825.0
0.0,20246.0,1353.0,3649.0,11379.0,0.0,0.0,2518.0,1131.0,0.0,1353.0
0.0,30272.0,0.0,3518.0,6397.0,0.0,0.0,2387.0,1131.0,0.0,0.0
0.0,36669.0,1931.0,3412.0,0.0,0.0,0.0,2281.0,1131.0,1931.0,0.0
0.0,34738.0,4432.0,3384.0,0.0,0.0,0.0,2260.0,1124.0,4432.0,0.0
0.0,30306.0,6928.0,3466.0,0.0,0.0,0.0,2369.0,1097.0,6928.0,0.0
0.0,23378.0,7498.0,3563.0,0.0,1935.0,1935.0,2513.0,1050.0,7498.0,0.0
0.0,15880.0,5947.0,3616.0,0.0,8147.0,8147.0,2620.0,996.0,5562.0,385.0
0.0,9933.0,2590.0,3612.0,0.0,10717.0,10717.0,2642.0,970.0,1135.0,1455.0
0.0,7343.0,2525.0,3633.0,1935.0,11412.0,11412.0,2642.0,991.0,0.0,2525.0
0.0,6753.0,3210.0,3694.0,8147.0,6780.0,6780.0,2642.0,1052.0,0.0,3210.0
0.0,11690.0,2825.0,3713.0,10717.0,0.0,0.0,2606.0,1107.0,0.0,2825.0
0.0,19582.0,1371.0,3656.0,11412.0,0.0,0.0,2523.0,1133.0,0.0,1371.0
0.0,29623.0,0.0,3525.0,6780.0,0.0,0.0,2392.0,1133.0,0.0,0.0
0.0,36403.0,1939.0,3420.0,0.0,0.0,0.0,2287.0,1133.0,1939.0,0.0
0.0,34464.0,4446.0,3391.0,0.0,0.0,0.0,2265.0,1126.0,4446.0,0.0
0.0,30018.0,6950.0,3473.0,0.0,0.0,0.0,2374.0,1099.0,6950.0,0.0
0.0,23068.0,7521.0,3570.0,0.0,2303.0,2303.0,2519.0,1051.0,7521.0,0.0
0.0,15547.0,5993.0,3624.0,0.0,8566.0,8566.0,2626.0,998.0,5582.0,411.0
0.0,9554.0,2631.0,3620.0,0.0,11177.0,11177.0,2648.0,972.0,1145.0,1486.0
0.0,6923.0,2562.0,3642.0,2303.0,11546.0,11546.0,2648.0,994.0,0.0,2562.0
0.0,6664.0,3228.0,3704.0,8566.0,6518.0,6518.0,2648.0,1056.0,0.0,3228.0
0.0,12002.0,2820.0,3721.0,11177.0,0.0,0.0,2611.0,1110.0,0.0,2820.0
0.0,20359.0,1341.0,3663.0,11546.0,0.0,0.0,2527.0,1136.0,0.0,1341.0
0.0,30564.0,0.0,3530.0,6518.0,0.0,0.0,2394.0,1136.0,0.0,0.0
0.0,37082.0,2002.0,3425.0,0.0,0.0,0.0,2289.0,1136.0,2002.0,0.0
0.0,35080.0,4523.0,3396.0,0.0,0.0,0.0,2268.0,1128.0,4523.0,0.0
0.0,30557.0,7046.0,3481.0,0.0,0.0,0.0,2381.0,1100.0,7046.0,0.0
0.0,23511.0,7574.0,3578.0,0.0,1953.0,1953.0,2527.0,1051.0,7574.0,0.0
0.0,15937.0,6020.0,3632.0,0.0,8243.0,8243.0,2634.0,998.0,5577.0,443.0
0.0,9917.0,2589.0,3627.0,0.0,10807.0,10807.0,2654.0,973.0,1063.0,1526.0
0.0,7328.0,2610.0,3651.0,1953.0,11584.0,11584.0,2654.0,997.0,0.0,2610.0
0.0,6671.0,3251.0,3713.0,8243.0,6902.0,6902.0,2654.0,1059.0,0.0,3251.0
0.0,11663.0,2815.0,3730.0,10807.0,0.0,0.0,2616.0,1114.0,0.0,2815.0
0.0,19655.0,1290.0,3668.0,11584.0,0.0,0.0,2530.0,1138.0,0.0,1290.0
0.0,29949.0,0.0,3534.0,6902.0,0.0,0.0,2396.0,1138.0,0.0,0.0
0.0,36851.0,2049.0,3429.0,0.0,0.0,0.0,2291.0,1138.0,2049.0,0.0
0.0,34802.0,4581.0,3402.0,0.0,0.0,0.0,2272.0,1130.0,4581.0,0.0
0.0,30221.0,7118.0,3490.0,0.0,0.0,0.0,2388.0,1102.0,7118.0,0.0
0.0,23103.0,7601.0,3587.0,0.0,2433.0,2433.0,2534.0,1053.0,7601.0,0.0
0.0,15502.0,6006.0,3640.0,0.0,8704.0,8704.0,2641.0,999.0,5557.0,449.0
0.0,9496.0,2505.0,3633.0,0.0,11174.0,11174.0,2659.0,974.0,971.0,1534.0
0.0,6991.0,2619.0,3658.0,2433.0,11485.0,11485.0,2659.0,999.0,0.0,2619.0
0.0,6805.0,3260.0,3721.0,8704.0,6356.0,6356.0,2659.0,1062.0,0.0,3260.0
0.0,12249.0,2810.0,3738.0,11174.0,0.0,0.0,2622.0,1116.0,0.0,2810.0
0.0,20613.0,1275.0,3676.0,11485.0,0.0,0.0,2536.0,1140.0,0.0,1275.0
0.0,30823.0,0.0,3542.0,6356.0,0.0,0.0,2402.0,1140.0,0.0,0.0
0.0,37179.0,2032.0,3436.0,0.0,0.0,0.0,2296.0,1140.0,2032.0,0.0
0.0,35147.0,4558.0,3410.0,0.0,0.0,0.0,2277.0,1133.0,4558.0,0.0
0.0,30589.0,7088.0,3497.0,0.0,0.0,0.0,2392.0,1105.0,7088.0,0.0
0.0,23501.0,7580.0,3594.0,0.0,2049.0,2049.0,2538.0,1056.0,7580.0,0.0
0.0,15921.0,5981.0,3647.0,0.0,8295.0,8295.0,2645.0,1002.0,5550.0,431.0
0.0,9940.0,2497.0,3641.0,0.0,10762.0,10762.0,2664.0,977.0,985.0,1512.0
0.0,7443.0,2598.0,3665.0,2049.0,11431.0,11431.0,2664.0,1001.0,0.0,2598.0
0.0,6894.0,3248.0,3727.0,8295.0,6694.0,6694.0,2664.0,1063.0,0.0,3248.0
0.0,11941.0,2816.0,3744.0,10762.0,0.0,0.0,2627.0,1117.0,0.0,2816.0
0.0,19887.0,1298.0,3684.0,11431.0,0.0,0.0,2542.0,1142.0,0.0,1298.0
0.0,30020.0,0.0,3550.0,6694.0,0.0,0.0,2408.0,1142.0,0.0,0.0
0.0,36714.0,2009.0,3445.0,0.0,0.0,0.0,2303.0,1142.0,2009.0,0.0
0.0,34705.0,4529.0,3418.0,0.0,0.0,0.0,2283.0,1135.0,4529.0,0.0
0.0,30176.0,7054.0,3504.0,0.0,0.0,0.0,2397.0,1107.0,7054.0,0.0
0.0,23122.0,7566.0,3600.0,0.0,2444.0,2444.0,2542.0,1058.0,7566.0,0.0
0.0,15556.0,5985.0,3654.0,0.0,8699.0,8699.0,2649.0,1005.0,5563.0,422.0
0.0,9571.0,2539.0,3649.0,0.0,11213.0,11213.0,2669.0,980.0,1031.0,1508.0
0.0,7032.0,2589.0,3672.0,2444.0,11473.0,11473.0,2669.0,1003.0,0.0,2589.0
0.0,6887.0,3249.0,3734.0,8699.0,6333.0,6333.0,2669.0,1065.0,0.0,3249.0
0.0,12337.0,2823.0,3752.0,11213.0,0.0,0.0,2632.0,1120.0,0.0,2823.0
0.0,20727.0,1317.0,3691.0,11473.0,0.0,0.0,2546.0,1145.0,0.0,1317.0
0.0,30883.0,0.0,3558.0,6333.0,0.0,0.0,2413.0,1145.0,0.0,0.0
0.0,37216.0,2041.0,3452.0,0.0,0.0,0.0,2307.0,1145.0,2041.0,0.0
0.0,35175.0,4577.0,3425.0,0.0,0.0,0.0,2288.0,1137.0,4577.0,0.0
0.0,30598.0,7110.0,3512.0,0.0,0.0,0.0,2403.0,1109.0,7110.0,0.0
0.0,23488.0,7604.0,3608.0,0.0,2156.0,2156.0,2549.0,1059.0,7604.0,0.0
0.0,15884.0,6017.0,3662.0,0.0,8443.0,8443.0,2656.0,1006.0,5568.0,449.0
0.0,9867.0,2533.0,3656.0,0.0,10946.0,10946.0,2675.0,981.0,996.0,1537.0
0.0,7334.0,2626.0,3681.0,2156.0,11541.0,11541.0,2675.0,1006.0,0.0,2626.0
0.0,6864.0,3267.0,3744.0,8443.0,6680.0,6680.0,2675.0,1069.0,0.0,3267.0
0.0,12040.0,2820.0,3760.0,10946.0,0.0,0.0,2637.0,1123.0,0.0,2820.0
0.0,20166.0,1290.0,3698.0,11541.0,0.0,0.0,2550.0,1148.0,0.0,1290.0
0.0,30417.0,0.0,3562.0,6680.0,0.0,0.0,2414.0,1148.0,0.0,0.0
0.0,37097.0,2111.0,3457.0,0.0,0.0,0.0,2309.0,1148.0,2111.0,0.0
0.0,34986.0,4666.0,3431.0,0.0,0.0,0.0,2292.0,1139.0,4666.0,0.0
0.0,30320.0,7218.0,3520.0,0.0,0.0,0.0,2410.0,1110.0,7218.0,0.0
0.0,23102.0,7665.0,3617.0,0.0,2648.0,2648.0,2557.0,1060.0,7665.0,0.0
0.0,15437.0,6031.0,3670.0,0.0,8944.0,8944.0,2664.0,1006.0,5553.0,478.0
0.0,9406.0,2468.0,3663.0,0.0,11377.0,11377.0,2681.0,982.0,895.0,1573.0
0.0,6938.0,2668.0,3690.0,2648.0,11532.0,11532.0,2681.0,1009.0,0.0,2668.0
0.0,6918.0,3286.0,3753.0,8944.0,6189.0,6189.0,2681.0,1072.0,0.0,3286.0
0.0,12576.0,2814.0,3768.0,11377.0,0.0,0.0,2642.0,1126.0,0.0,2814.0
0.0,21139.0,1242.0,3704.0,11532.0,0.0,0.0,2554.0,1150.0,0.0,1242.0
0.0,31429.0,0.0,3567.0,6189.0,0.0,0.0,2417.0,1150.0,0.0,0.0
0.0,37618.0,2130.0,3462.0,0.0,0.0,0.0,2312.0,1150.0,2130.0,0.0
0.0,35488.0,4691.0,3437.0,0.0,0.0,0.0,2295.0,1142.0,4691.0,0.0
0.0,30797.0,7247.0,3528.0,0.0,0.0,0.0,2416.0,1112.0,7247.0,0.0
0.0,23550.0,7677.0,3625.0,0.0,2252.0,2252.0,2563.0,1062.0,7677.0,0.0
0.0,15873.0,6019.0,3678.0,0.0,8536.0,8536.0,2670.0,1008.0,5541.0,478.0
0.0,9854.0,2426.0,3670.0,0.0,10922.0,10922.0,2686.0,984.0,853.0,1573.0
0.0,7428.0,2667.0,3697.0,2252.0,11472.0,11472.0,2686.0,1011.0,0.0,2667.0
0.0,7013.0,3288.0,3760.0,8536.0,6539.0,6539.0,2686.0,1074.0,0.0,3288.0
0.0,12261.0,2809.0,3775.0,10922.0,0.0,0.0,2647.0,1128.0,0.0,2809.0
0.0,20374.0,1235.0,3712.0,11472.0,0.0,0.0,2560.0,1152.0,0.0,1235.0
0.0,30611.0,0.0,3575.0,6539.0,0.0,0.0,2423.0,1152.0,0.0,0.0
0.0,37150.0,2096.0,3470.0,0.0,0.0,0.0,2318.0,1152.0,2096.0,0.0
0.0,35054.0,4649.0,3444.0,0.0,0.0,0.0,2300.0,1144.0,4649.0,0.0
0.0,30405.0,7196.0,3535.0,0.0,0.0,0.0,2420.0,1115.0,7196.0,0.0
0.0,23209.0,7651.0,3632.0,0.0,2602.0,2602.0,2567.0,1065.0,7651.0,0.0
0.0,15558.0,6007.0,3685.0,0.0,8874.0,8874.0,2674.0,1011.0,5548.0,459.0
0.0,9551.0,2452.0,3678.0,0.0,11291.0,11291.0,2691.0,987.0,902.0,1550.0
0.0,7099.0,2646.0,3704.0,2602.0,11465.0,11465.0,2691.0,1013.0,0.0,2646.0
0.0,7055.0,3278.0,3767.0,8874.0,6184.0,6184.0,2691.0,1076.0,0.0,3278.0
0.0,12651.0,2818.0,3782.0,11291.0,0.0,0.0,2652.0,1130.0,0.0,2818.0
0.0,21124.0,1262.0,3719.0,11465.0,0.0,0.0,2565.0,1154.0,0.0,1262.0
0.0,31327.0,0.0,3584.0,6184.0,0.0,0.0,2430.0,1154.0,0.0,0.0
0.0,37511.0,2082.0,3478.0,0.0,0.0,0.0,2324.0,1154.0,2082.0,0.0
0.0,35429.0,4627.0,3452.0,0.0,0.0,0.0,2306.0,1146.0,4627.0,0.0
0.0,30802.0,7178.0,3541.0,0.0,0.0,0.0,2424.0,1117.0,7178.0,0.0
0.0,23624.0,7643.0,3638.0,0.0,2209.0,2209.0,2571.0,1067.0,7643.0,0.0
0.0,15981.0,6021.0,3692.0,0.0,8500.0,8500.0,2678.0,1014.0,5564.0,457.0
0.0,9960.0,2495.0,3686.0,0.0,10965.0,10965.0,2697.0,989.0,940.0,1555.0
0.0,7465.0,2648.0,3712.0,2209.0,11534.0,11534.0,2697.0,1015.0,0.0,2648.0
0.0,7026.0,3285.0,3775.0,8500.0,6634.0,6634.0,2697.0,1078.0,0.0,3285.0
0.0,12241.0,2825.0,3789.0,10965.0,0.0,0.0,2657.0,1132.0,0.0,2825.0
0.0,20381.0,1272.0,3726.0,11534.0,0.0,0.0,2569.0,1157.0,0.0,1272.0
0.0,30643.0,0.0,3590.0,6634.0,0.0,0.0,2433.0,1157.0,0.0,0.0
0.0,37277.0,2136.0,3484.0,0.0,0.0,0.0,2327.0,1157.0,2136.0,0.0
0.0,35141.0,4697.0,3459.0,0.0,0.0,0.0,2311.0,1148.0,4697.0,0.0
0.0,30444.0,7265.0,3550.0,0.0,0.0,0.0,2431.0,1119.0,7265.0,0.0
0.0,23179.0,7693.0,3647.0,0.0,2749.0,2749.0,2579.0,1068.0,7693.0,0.0
0.0,15486.0,6055.0,3701.0,0.0,9074.0,9074.0,2686.0,1015.0,5567.0,488.0
0.0,9431.0,2459.0,3694.0,0.0,11498.0,11498.0,2703.0,991.0,870.0,1589.0
0.0,6972.0,2690.0,3721.0,2749.0,11574.0,11574.0,2703.0,1018.0,0.0,2690.0
0.0,7031.0,3304.0,3784.0,9074.0,6119.0,6119.0,2703.0,1081.0,0.0,3304.0
0.0,12801.0,2818.0,3798.0,11498.0,0.0,0.0,2662.0,1136.0,0.0,2818.0
0.0,21481.0,1236.0,3732.0,11574.0,0.0,0.0,2573.0,1159.0,0.0,1236.0
0.0,31819.0,0.0,2280.1784610324908,6119.0,0.0,0.0,2222.1413783859243,58.03708264656632,0.0,0.0
0.0,37938.0,2196.0,4694.622991143847,0.0,0.0,0.0,4711.048977142644,-16.42598599879682,2196.0,0.0
0.0,35742.0,4774.0,7182.813417544425,0.0,4946.0,4946.0,7226.577306574962,-43.763889030536916,4774.0,0.0
0.0,30968.0,7358.0,7561.518036433815,0.0,14198.0,14198.0,7603.428998749439,-41.91096231562483,7358.0,0.0
0.0,23610.0,7742.0,5899.582010292435,0.0,13630.0,13630.0,5408.8392366229955,490.74277366943977,7742.0,0.0
0.0,15868.0,6067.0,2876.3650391881165,4946.0,0.0,0.0,1263.6153181600318,1612.7497210280849,5553.0,514.0
0.0,14747.0,2396.0,2674.2328163699226,14198.0,0.0,0.0,3.9147237137494812,2670.318092656173,776.0,1620.0
0.0,26549.0,2726.0,3415.472418762044,13630.0,0.0,0.0,130.7054397753236,3284.7669789867205,0.0,2726.0
0.0,37453.0,3318.0,2982.619703336173,0.0,0.0,0.0,105.69210739121854,2876.9275959449546,0.0,3318.0
0.0,34135.0,2809.0,1206.0564616288138,0.0,0.0,0.0,-40.0020587226295,1246.0585203514433,0.0,2809.0
0.0,31326.0,1189.0,226.8077537856659,0.0,0.0,0.0,246.1565440724255,-19.348790286759595,0.0,1189.0
0.0,30137.0,0.0,2284.7245061717617,0.0,0.0,0.0,2228.5935704927824,56.13093567897943,0.0,0.0
0.0,30137.0,2204.0,4700.818786082153,0.0,0.0,0.0,4714.7074383891595,-13.888652307006737,2204.0,0.0
0.0,27933.0,4783.0,7201.509259292442,0.0,12858.0,12858.0,7245.61176047046,-44.10250117801786,4783.0,0.0
0.0,23150.0,7366.0,7571.743124723558,0.0,22075.0,22075.0,7610.99423731585,-39.25111259229175,7366.0,0.0
0.0,15784.0,7739.0,5903.6790361420735,0.0,21474.0,21474.0,5402.7747855527105,500.90425058936336,7739.0,0.0
0.0,8045.0,6047.0,2872.718809934432,12858.0,0.0,0.0,1248.7294230242983,1623.9893869101338,5538.0,509.0
0.0,14856.0,2361.0,2686.1214842992576,22075.0,0.0,0.0,4.969444679562457,2681.152039619695,748.0,1613.0
0.0,34570.0,2717.0,3424.6562513471604,21474.0,0.0,0.0,131.57158988842048,3293.08466145874,0.0,2717.0
0.0,53327.0,3316.0,2982.972682814942,0.0,0.0,0.0,107.56863631416809,2875.404046500774,0.0,3316.0
0.0,50011.0,2806.0,1202.0192882954702,0.0,0.0,0.0,-39.29320657330891,1241.3124948687791,0.0,2806.0
0.0,47205.0,1191.0,224.76337127644967,0.0,0.0,0.0,245.56422622069954,-20.800854944249863,0.0,1191.0
0.0,46014.0,0.0,2303.8411637690647,0.0,0.0,0.0,2244.3890243785004,59.452139390564184,0.0,0.0
0.0,46014.0,2173.0,4719.4672414766555,0.0,0.0,0.0,4733.899657007971,-14.432415531314973,2173.0,0.0
0.0,43841.0,4748.0,7221.588158013904,0.0,0.0,0.0,7266.7292065905185,-45.14104857661471,4748.0,0.0
0.0,39093.0,7317.0,7570.488187817794,0.0,6076.0,6076.0,7611.9090860072465,-41.4208981894526,7317.0,0.0
0.0,31776.0,7718.0,5909.242120380775,0.0,5488.0,5488.0,5390.9337184596025,518.3084019211725,7718.0,0.0
0.0,24058.0,6030.0,2871.119829773407,0.0,0.0,0.0,1231.0756438375518,1640.0441859358552,5539.0,491.0
0.0,18028.0,2382.0,2689.800252590097,6076.0,0.0,0.0,-2.2156960376846655,2692.0159486277817,790.0,1592.0
0.0,21722.0,2698.0,3426.5110486570547,5488.0,0.0,0.0,129.1181461784472,3297.3929024786075,0.0,2698.0
0.0,24512.0,3308.0,2978.6794674379435,0.0,0.0,0.0,105.96858462329556,2872.710882814648,0.0,3308.0
0.0,21204.0,2817.0,1180.513052001062,0.0,0.0,0.0,-44.36719390729604,1224.8802459083581,0.0,2817.0
0.0,18387.0,1220.0,233.55830697421516,0.0,0.0,0.0,251.65621610363428,-18.097909129419122,0.0,1220.0
0.0,17167.0,0.0,2334.495846729508,0.0,0.0,0.0,2271.483559742278,63.01228698722991,0.0,0.0
0.0,17167.0,2175.0,4749.711253924219,0.0,8757.0,8757.0,4767.286811062089,-17.575557137870874,2175.0,0.0
0.0,14992.0,4752.0,7245.156425528009,0.0,25986.0,25986.0,7291.846470764736,-46.690045236727315,4752.0,0.0
0.0,10240.0,7326.0,7571.663618933075,0.0,34945.0,34945.0,7615.6269813014005,-43.96336236832565,7326.0,0.0
0.0,2914.0,7731.0,5905.031222201525,8757.0,25585.0,25585.0,5374.993569117592,530.0376530839326,7731.0,0.0
0.0,3940.0,6053.0,2866.417933407479,25986.0,0.0,0.0,1215.505323634904,1650.912609772575,5555.0,498.0
0.0,23873.0,2420.0,2694.1727973550383,34945.0,0.0,0.0,-7.034521491757914,2701.207318846796,812.0,1608.0
0.0,56398.0,2714.0,3424.29560954217,25585.0,0.0,0.0,125.83884926202245,3298.4567602801476,0.0,2714.0
0.0,79269.0,3322.0,2971.1348025355614,0.0,0.0,0.0,100.84947720078753,2870.285325334774,0.0,3322.0
0.0,75947.0,2821.0,1149.8084357711623,0.0,0.0,0.0,-54.810627361828665,1204.619063132991,0.0,2821.0
0.0,73126.0,1215.0,243.8934135756008,0.0,0.0,0.0,259.9093026402263,-16.015889064625526,0.0,1215.0
0.0,71911.0,0.0,2354.647553772399,0.0,0.0,0.0,2292.964883817611,61.68266995478825,0.0,0.0
0.0,71911.0,2229.0,4771.8090473523835,0.0,0.0,0.0,4790.684533104109,-18.87548575172525,2229.0,0.0
0.0,69682.0,4825.0,7267.095018012762,0.0,0.0,0.0,7314.987786234744,-47.892768221981555,4825.0,0.0
0.0,64857.0,7417.0,7584.485694497828,0.0,0.0,0.0,7626.79560348903,-42.309908991202406,7417.0,0.0
0.0,57440.0,7787.0,5895.933988891657,0.0,0.0,0.0,5363.494481178173,532.4395077134832,7787.0,0.0
0.0,49653.0,6090.0,2860.462924467188,0.0,0.0,0.0,1204.109467346292,1656.3534571208957,5558.0,532.0
1.0,0.0,1665.0,1665.0,0.0,8325.0,8325.0,1165.0,500.0,1165.0,500.0
1.0,0.0,1670.0,1668.0,0.0,8340.0,8340.0,1168.0,500.0,1170.0,500.0
1.0,0.0,1680.0,1672.0,0.0,8360.0,8360.0,1170.0,502.0,1175.0,505.0
1.0,0.0,1685.0,1674.0,8325.0,6745.0,6745.0,1172.0,502.0,1180.0,505.0
1.0,1625.0,1695.0,1679.0,8340.0,125.0,125.0,1175.0,504.0,1185.0,510.0
1.0,8270.0,1700.0,1683.0,8360.0,0.0,0.0,1178.0,505.0,1190.0,510.0
1.0,14930.0,0.0,1442.0,6745.0,0.0,0.0,1009.0,433.0,0.0,0.0
1.0,21675.0,0.0,1262.0,125.0,0.0,0.0,883.0,379.0,0.0,0.0
1.0,21800.0,0.0,1122.0,0.0,0.0,0.0,785.0,337.0,0.0,0.0
1.0,21800.0,0.0,1009.0,0.0,0.0,0.0,706.0,303.0,0.0,0.0
1.0,21800.0,0.0,917.0,0.0,0.0,0.0,642.0,275.0,0.0,0.0
1.0,21800.0,0.0,841.0,0.0,0.0,0.0,589.0,252.0,0.0,0.0
1.0,21800.0,0.0,776.0,0.0,0.0,0.0,543.0,233.0,0.0,0.0
1.0,21800.0,0.0,721.0,0.0,0.0,0.0,505.0,216.0,0.0,0.0
1.0,21800.0,0.0,673.0,0.0,0.0,0.0,471.0,202.0,0.0,0.0
1.0,21800.0,0.0,631.0,0.0,0.0,0.0,442.0,189.0,0.0,0.0
1.0,21800.0,0.0,594.0,0.0,0.0,0.0,416.0,178.0,0.0,0.0
1.0,21800.0,0.0,560.0,0.0,0.0,0.0,392.0,168.0,0.0,0.0
1.0,21800.0,0.0,531.0,0.0,0.0,0.0,372.0,159.0,0.0,0.0
1.0,21800.0,0.0,505.0,0.0,0.0,0.0,353.0,152.0,0.0,0.0
1.0,21800.0,0.0,480.0,0.0,0.0,0.0,336.0,144.0,0.0,0.0
1.0,21800.0,0.0,459.0,0.0,0.0,0.0,321.0,138.0,0.0,0.0
1.0,21800.0,0.0,439.0,0.0,0.0,0.0,307.0,132.0,0.0,0.0
1.0,21800.0,123.0,426.0,0.0,0.0,0.0,298.0,128.0,87.0,36.0
1.0,21677.0,476.0,427.0,0.0,0.0,0.0,299.0,128.0,334.0,142.0
1.0,21201.0,828.0,443.0,0.0,0.0,0.0,310.0,133.0,580.0,248.0
1.0,20373.0,1050.0,466.0,0.0,0.0,0.0,326.0,140.0,733.0,317.0
1.0,19323.0,923.0,482.0,0.0,0.0,0.0,337.0,145.0,643.0,280.0
1.0,18400.0,443.0,480.0,0.0,0.0,0.0,336.0,144.0,307.0,136.0
1.0,17957.0,0.0,465.0,0.0,0.0,0.0,325.0,140.0,0.0,0.0
1.0,17957.0,0.0,449.0,0.0,0.0,0.0,314.0,135.0,0.0,0.0
1.0,17957.0,0.0,436.0,0.0,0.0,0.0,305.0,131.0,0.0,0.0
1.0,17957.0,0.0,422.0,0.0,0.0,0.0,295.0,127.0,0.0,0.0
1.0,17957.0,0.0,410.0,0.0,0.0,0.0,287.0,123.0,0.0,0.0
1.0,17957.0,84.0,400.0,0.0,0.0,0.0,280.0,120.0,66.0,18.0
1.0,17873.0,426.0,401.0,0.0,0.0,0.0,281.0,120.0,305.0,121.0
1.0,17447.0,767.0,411.0,0.0,0.0,0.0,288.0,123.0,544.0,223.0
1.0,16680.0,1024.0,428.0,0.0,0.0,0.0,300.0,128.0,717.0,307.0
1.0,15656.0,940.0,441.0,0.0,0.0,0.0,309.0,132.0,651.0,289.0
1.0,14716.0,516.0,442.0,0.0,0.0,0.0,309.0,133.0,347.0,169.0
1.0,14200.0,0.0,432.0,0.0,0.0,0.0,302.0,130.0,0.0,0.0
1.0,14200.0,0.0,422.0,0.0,0.0,0.0,295.0,127.0,0.0,0.0
1.0,14200.0,0.0,412.0,0.0,0.0,0.0,288.0,124.0,0.0,0.0
1.0,14200.0,0.0,402.0,0.0,0.0,0.0,281.0,121.0,0.0,0.0
1.0,14200.0,0.0,393.0,0.0,0.0,0.0,275.0,118.0,0.0,0.0
1.0,14200.0,111.0,387.0,0.0,0.0,0.0,271.0,116.0,83.0,28.0
1.0,14089.0,464.0,389.0,0.0,0.0,0.0,272.0,117.0,330.0,134.0
1.0,13625.0,825.0,398.0,0.0,0.0,0.0,279.0,119.0,584.0,241.0
1.0,12800.0,1071.0,411.0,0.0,0.0,0.0,288.0,123.0,751.0,320.0
1.0,11729.0,967.0,423.0,0.0,0.0,0.0,296.0,127.0,673.0,294.0
1.0,10762.0,505.0,424.0,0.0,0.0,0.0,297.0,127.0,343.0,162.0
1.0,10257.0,0.0,416.0,0.0,0.0,0.0,291.0,125.0,0.0,0.0
1.0,10257.0,0.0,384.0,0.0,0.0,0.0,269.0,115.0,0.0,0.0
1.0,10257.0,0.0,352.0,0.0,0.0,0.0,246.0,106.0,0.0,0.0
1.0,10257.0,0.0,320.0,0.0,0.0,0.0,224.0,96.0,0.0,0.0
1.0,10257.0,0.0,287.0,0.0,0.0,0.0,201.0,86.0,0.0,0.0
1.0,10257.0,213.0,259.0,0.0,0.0,0.0,181.0,78.0,153.0,60.0
1.0,10044.0,593.0,237.0,0.0,0.0,0.0,166.0,71.0,419.0,174.0
1.0,9451.0,976.0,257.0,0.0,0.0,0.0,180.0,77.0,687.0,289.0
1.0,8475.0,1157.0,278.0,0.0,0.0,0.0,195.0,83.0,808.0,349.0
1.0,7318.0,951.0,297.0,0.0,0.0,0.0,208.0,89.0,660.0,291.0
1.0,6367.0,369.0,304.0,0.0,0.0,0.0,213.0,91.0,250.0,119.0
1.0,5998.0,0.0,304.0,0.0,0.0,0.0,213.0,91.0,0.0,0.0
1.0,5998.0,0.0,304.0,0.0,0.0,0.0,213.0,91.0,0.0,0.0
1.0,5998.0,0.0,304.0,0.0,0.0,0.0,213.0,91.0,0.0,0.0
1.0,5998.0,0.0,304.0,0.0,0.0,0.0,213.0,91.0,0.0,0.0
1.0,5998.0,0.0,304.0,0.0,0.0,0.0,213.0,91.0,0.0,0.0
1.0,5998.0,267.0,309.0,0.0,0.0,0.0,216.0,93.0,196.0,71.0
1.0,5731.0,661.0,321.0,0.0,0.0,0.0,225.0,96.0,472.0,189.0
1.0,5070.0,1065.0,342.0,0.0,0.0,0.0,240.0,102.0,753.0,312.0
1.0,4005.0,1192.0,365.0,0.0,0.0,0.0,256.0,109.0,833.0,359.0
1.0,2813.0,924.0,383.0,0.0,26.0,26.0,268.0,115.0,636.0,288.0
1.0,1889.0,257.0,388.0,0.0,308.0,308.0,271.0,117.0,163.0,94.0
1.0,1632.0,0.0,388.0,0.0,308.0,308.0,271.0,117.0,0.0,0.0
1.0,1632.0,0.0,388.0,26.0,282.0,282.0,271.0,117.0,0.0,0.0
1.0,1658.0,0.0,386.0,308.0,0.0,0.0,270.0,116.0,0.0,0.0
1.0,1966.0,0.0,376.0,308.0,0.0,0.0,263.0,113.0,0.0,0.0
1.0,2274.0,0.0,360.0,282.0,0.0,0.0,252.0,108.0,0.0,0.0
1.0,2556.0,235.0,344.0,0.0,0.0,0.0,241.0,103.0,178.0,57.0
1.0,2321.0,624.0,339.0,0.0,0.0,0.0,238.0,101.0,447.0,177.0
1.0,1697.0,1012.0,350.0,0.0,1065.0,1065.0,246.0,104.0,720.0,292.0
1.0,685.0,1158.0,372.0,0.0,1859.0,1859.0,261.0,111.0,809.0,349.0
1.0,1.0,919.0,390.0,0.0,1949.0,1949.0,273.0,117.0,633.0,286.0
1.0,1.0,286.0,396.0,1065.0,1979.0,1979.0,277.0,119.0,178.0,108.0
1.0,1.0,20.0,396.0,1859.0,754.0,754.0,277.0,119.0,0.0,20.0
1.0,1226.0,367.0,403.0,1949.0,0.0,0.0,281.0,122.0,234.0,133.0
1.0,2808.0,0.0,401.0,1979.0,0.0,0.0,280.0,121.0,0.0,0.0
1.0,4787.0,0.0,393.0,754.0,0.0,0.0,274.0,119.0,0.0,0.0
1.0,5541.0,0.0,379.0,0.0,0.0,0.0,264.0,115.0,0.0,0.0
1.0,5541.0,0.0,359.0,0.0,0.0,0.0,250.0,109.0,0.0,0.0
1.0,5541.0,199.0,344.0,0.0,0.0,0.0,241.0,103.0,186.0,13.0
1.0,5342.0,581.0,346.0,0.0,0.0,0.0,243.0,103.0,455.0,126.0
1.0,4761.0,959.0,364.0,0.0,0.0,0.0,257.0,107.0,720.0,239.0
1.0,3802.0,1144.0,386.0,0.0,0.0,0.0,272.0,114.0,804.0,340.0
1.0,2658.0,948.0,404.0,0.0,310.0,310.0,284.0,120.0,615.0,333.0
1.0,1710.0,376.0,411.0,0.0,721.0,721.0,287.0,124.0,167.0,209.0
1.0,1334.0,0.0,411.0,0.0,721.0,721.0,287.0,124.0,0.0,0.0
1.0,1334.0,0.0,410.0,310.0,406.0,406.0,286.0,124.0,0.0,0.0
1.0,1644.0,0.0,400.0,721.0,0.0,0.0,279.0,121.0,0.0,0.0
1.0,2365.0,0.0,384.0,721.0,0.0,0.0,268.0,116.0,0.0,0.0
1.0,3086.0,0.0,364.0,406.0,0.0,0.0,254.0,110.0,0.0,0.0
1.0,3492.0,262.0,350.0,0.0,0.0,0.0,245.0,105.0,230.0,32.0
1.0,3230.0,659.0,353.0,0.0,0.0,0.0,248.0,105.0,508.0,151.0
1.0,2571.0,1059.0,374.0,0.0,358.0,358.0,264.0,110.0,788.0,271.0
1.0,1512.0,1210.0,397.0,0.0,1683.0,1683.0,280.0,117.0,845.0,365.0
1.0,302.0,957.0,416.0,0.0,2079.0,2079.0,292.0,124.0,621.0,336.0
1.0,1.0,311.0,421.0,358.0,2104.0,2104.0,294.0,127.0,124.0,187.0
1.0,1.0,0.0,421.0,1683.0,1030.0,1030.0,294.0,127.0,0.0,0.0
1.0,1075.0,0.0,417.0,2079.0,0.0,0.0,291.0,126.0,0.0,0.0
1.0,3154.0,0.0,406.0,2104.0,0.0,0.0,283.0,123.0,0.0,0.0
1.0,5258.0,0.0,387.0,1030.0,0.0,0.0,270.0,117.0,0.0,0.0
1.0,6288.0,0.0,365.0,0.0,0.0,0.0,254.0,111.0,0.0,0.0
1.0,6288.0,350.0,353.0,0.0,0.0,0.0,247.0,106.0,297.0,53.0
1.0,5938.0,773.0,361.0,0.0,0.0,0.0,254.0,107.0,593.0,180.0
1.0,5165.0,1207.0,384.0,0.0,0.0,0.0,271.0,113.0,895.0,312.0
1.0,3958.0,1283.0,409.0,0.0,0.0,0.0,288.0,121.0,896.0,387.0
1.0,2675.0,942.0,427.0,0.0,402.0,402.0,300.0,127.0,607.0,335.0
1.0,1733.0,163.0,430.0,0.0,580.0,580.0,300.0,130.0,12.0,151.0
1.0,1570.0,0.0,430.0,0.0,580.0,580.0,300.0,130.0,0.0,0.0
1.0,1570.0,0.0,426.0,402.0,158.0,158.0,297.0,129.0,0.0,0.0
1.0,1972.0,0.0,412.0,580.0,0.0,0.0,287.0,125.0,0.0,0.0
1.0,2552.0,0.0,392.0,580.0,0.0,0.0,273.0,119.0,0.0,0.0
1.0,3132.0,7.0,369.0,158.0,0.0,0.0,257.0,112.0,7.0,0.0
1.0,3283.0,366.0,359.0,0.0,0.0,0.0,251.0,108.0,311.0,55.0
1.0,2917.0,798.0,368.0,0.0,0.0,0.0,259.0,109.0,610.0,188.0
1.0,2119.0,1222.0,392.0,0.0,1063.0,1063.0,277.0,115.0,906.0,316.0
1.0,897.0,1280.0,417.0,0.0,2084.0,2084.0,294.0,123.0,892.0,388.0
1.0,1.0,911.0,434.0,0.0,2169.0,2169.0,305.0,129.0,584.0,327.0
1.0,1.0,138.0,437.0,1063.0,2184.0,2184.0,305.0,132.0,0.0,138.0
1.0,1.0,0.0,437.0,2084.0,470.0,470.0,305.0,132.0,0.0,0.0
1.0,1715.0,124.0,435.0,2169.0,0.0,0.0,302.0,133.0,0.0,124.0
1.0,3760.0,0.0,423.0,2184.0,0.0,0.0,293.0,130.0,0.0,0.0
1.0,5944.0,0.0,403.0,470.0,0.0,0.0,279.0,124.0,0.0,0.0
1.0,6414.0,0.0,381.0,0.0,0.0,0.0,264.0,117.0,0.0,0.0
1.0,6414.0,268.0,369.0,0.0,0.0,0.0,257.0,112.0,268.0,0.0
1.0,6146.0,605.0,375.0,0.0,0.0,0.0,264.0,111.0,558.0,47.0
1.0,5541.0,1023.0,394.0,0.0,0.0,0.0,280.0,114.0,852.0,171.0
1.0,4518.0,1168.0,410.0,0.0,0.0,0.0,293.0,117.0,873.0,295.0
1.0,3350.0,979.0,428.0,0.0,0.0,0.0,304.0,124.0,608.0,371.0
1.0,2371.0,372.0,435.0,0.0,176.0,176.0,305.0,130.0,44.0,328.0
1.0,1999.0,156.0,438.0,0.0,347.0,347.0,305.0,133.0,0.0,156.0
1.0,1843.0,0.0,438.0,0.0,347.0,347.0,305.0,133.0,0.0,0.0
1.0,1843.0,0.0,435.0,176.0,156.0,156.0,302.0,133.0,0.0,0.0
1.0,2019.0,0.0,423.0,347.0,0.0,0.0,293.0,130.0,0.0,0.0
1.0,2366.0,0.0,405.0,347.0,0.0,0.0,279.0,126.0,0.0,0.0
1.0,2713.0,265.0,388.0,156.0,0.0,0.0,269.0,119.0,265.0,0.0
1.0,2604.0,608.0,382.0,0.0,0.0,0.0,268.0,114.0,560.0,48.0
1.0,1996.0,1025.0,394.0,0.0,999.0,999.0,281.0,113.0,852.0,173.0
1.0,971.0,1178.0,417.0,0.0,2084.0,2084.0,298.0,119.0,880.0,298.0
1.0,1.0,1000.0,436.0,0.0,2179.0,2179.0,310.0,126.0,619.0,381.0
1.0,1.0,398.0,444.0,999.0,2219.0,2219.0,311.0,133.0,63.0,335.0
1.0,1.0,217.0,448.0,2084.0,979.0,979.0,311.0,137.0,0.0,217.0
1.0,1261.0,345.0,454.0,2179.0,0.0,0.0,311.0,143.0,0.0,345.0
1.0,3095.0,0.0,449.0,2219.0,0.0,0.0,306.0,143.0,0.0,0.0
1.0,5314.0,0.0,437.0,979.0,0.0,0.0,297.0,140.0,0.0,0.0
1.0,6293.0,18.0,417.0,0.0,0.0,0.0,282.0,135.0,18.0,0.0
1.0,6275.0,324.0,400.0,0.0,0.0,0.0,272.0,128.0,324.0,0.0
1.0,5951.0,637.0,393.0,0.0,0.0,0.0,272.0,121.0,637.0,0.0
1.0,5314.0,929.0,406.0,0.0,0.0,0.0,288.0,118.0,929.0,0.0
1.0,4385.0,922.0,423.0,0.0,0.0,0.0,305.0,118.0,922.0,0.0
1.0,3463.0,675.0,436.0,0.0,0.0,0.0,317.0,119.0,598.0,77.0
1.0,2788.0,212.0,440.0,0.0,0.0,0.0,317.0,123.0,0.0,212.0
1.0,2576.0,348.0,447.0,0.0,7.0,7.0,317.0,130.0,0.0,348.0
1.0,2228.0,407.0,455.0,0.0,454.0,454.0,317.0,138.0,0.0,407.0
1.0,1821.0,337.0,454.0,0.0,786.0,786.0,311.0,143.0,0.0,337.0
1.0,1484.0,126.0,442.0,7.0,845.0,845.0,300.0,142.0,0.0,126.0
1.0,1365.0,76.0,420.0,454.0,357.0,357.0,284.0,136.0,76.0,0.0
1.0,1743.0,399.0,403.0,786.0,0.0,0.0,274.0,129.0,399.0,0.0
1.0,2130.0,727.0,399.0,845.0,0.0,0.0,277.0,122.0,727.0,0.0
1.0,2248.0,975.0,414.0,357.0,440.0,440.0,295.0,119.0,975.0,0.0
1.0,1630.0,905.0,432.0,0.0,1435.0,1435.0,313.0,119.0,905.0,0.0
1.0,725.0,596.0,443.0,0.0,2086.0,2086.0,322.0,121.0,503.0,93.0
1.0,129.0,232.0,448.0,440.0,1903.0,1903.0,322.0,126.0,0.0,232.0
1.0,337.0,371.0,455.0,1435.0,874.0,874.0,322.0,133.0,0.0,371.0
1.0,1401.0,422.0,463.0,2086.0,0.0,0.0,322.0,141.0,0.0,422.0
1.0,3065.0,329.0,462.0,1903.0,0.0,0.0,316.0,146.0,0.0,329.0
1.0,4639.0,96.0,449.0,874.0,0.0,0.0,305.0,144.0,0.0,96.0
1.0,5417.0,77.0,427.0,0.0,0.0,0.0,289.0,138.0,77.0,0.0
1.0,5340.0,399.0,410.0,0.0,0.0,0.0,279.0,131.0,399.0,0.0
1.0,4941.0,725.0,407.0,0.0,0.0,0.0,282.0,125.0,725.0,0.0
1.0,4216.0,968.0,422.0,0.0,0.0,0.0,300.0,122.0,968.0,0.0
1.0,3248.0,893.0,440.0,0.0,0.0,0.0,318.0,122.0,893.0,0.0
1.0,2355.0,564.0,448.0,0.0,449.0,449.0,327.0,121.0,486.0,78.0
1.0,1791.0,214.0,452.0,0.0,683.0,683.0,327.0,125.0,0.0,214.0
1.0,1577.0,355.0,459.0,0.0,1073.0,1073.0,327.0,132.0,0.0,355.0
1.0,1222.0,412.0,467.0,449.0,1076.0,1076.0,327.0,140.0,0.0,412.0
1.0,1259.0,333.0,468.0,683.0,731.0,731.0,322.0,146.0,0.0,333.0
1.0,1609.0,113.0,459.0,1073.0,0.0,0.0,311.0,148.0,0.0,113.0
1.0,2569.0,44.0,440.0,1076.0,0.0,0.0,296.0,144.0,44.0,0.0
1.0,3601.0,362.0,425.0,731.0,0.0,0.0,286.0,139.0,362.0,0.0
1.0,3970.0,674.0,418.0,0.0,0.0,0.0,287.0,131.0,674.0,0.0
1.0,3296.0,947.0,429.0,0.0,0.0,0.0,304.0,125.0,947.0,0.0
1.0,2349.0,897.0,444.0,0.0,768.0,768.0,322.0,122.0,897.0,0.0
1.0,1452.0,604.0,455.0,0.0,1427.0,1427.0,332.0,123.0,535.0,69.0
1.0,848.0,203.0,459.0,0.0,1650.0,1650.0,332.0,127.0,0.0,203.0
1.0,645.0,337.0,466.0,768.0,1254.0,1254.0,332.0,134.0,0.0,337.0
1.0,1076.0,402.0,474.0,1427.0,269.0,269.0,332.0,142.0,0.0,402.0
1.0,2101.0,333.0,475.0,1650.0,0.0,0.0,327.0,148.0,0.0,333.0
1.0,3418.0,131.0,466.0,1254.0,0.0,0.0,316.0,150.0,0.0,131.0
1.0,4541.0,54.0,447.0,269.0,0.0,0.0,301.0,146.0,54.0,0.0
1.0,4756.0,376.0,432.0,0.0,0.0,0.0,291.0,141.0,376.0,0.0
1.0,4380.0,694.0,425.0,0.0,0.0,0.0,292.0,133.0,694.0,0.0
1.0,3686.0,965.0,437.0,0.0,0.0,0.0,310.0,127.0,965.0,0.0
1.0,2721.0,910.0,450.0,0.0,439.0,439.0,327.0,123.0,910.0,0.0
1.0,1811.0,639.0,456.0,0.0,1108.0,1108.0,338.0,118.0,544.0,95.0
1.0,1172.0,234.0,460.0,0.0,1362.0,1362.0,338.0,122.0,0.0,234.0
1.0,938.0,374.0,467.0,439.0,1332.0,1332.0,338.0,129.0,0.0,374.0
1.0,1003.0,420.0,475.0,1108.0,684.0,684.0,337.0,138.0,0.0,420.0
1.0,1691.0,328.0,475.0,1362.0,0.0,0.0,331.0,144.0,0.0,328.0
1.0,2725.0,101.0,465.0,1332.0,0.0,0.0,319.0,146.0,0.0,101.0
1.0,3956.0,111.0,449.0,684.0,0.0,0.0,303.0,146.0,111.0,0.0
1.0,4529.0,452.0,440.0,0.0,0.0,0.0,294.0,146.0,452.0,0.0
1.0,4077.0,790.0,442.0,0.0,0.0,0.0,298.0,144.0,790.0,0.0
1.0,3287.0,1023.0,458.0,0.0,26.0,26.0,318.0,140.0,1023.0,0.0
1.0,2264.0,912.0,469.0,0.0,993.0,993.0,335.0,134.0,912.0,0.0
1.0,1352.0,596.0,472.0,0.0,1604.0,1604.0,344.0,128.0,469.0,127.0
1.0,756.0,274.0,471.0,26.0,1847.0,1847.0,344.0,127.0,0.0,274.0
1.0,508.0,422.0,477.0,993.0,1306.0,1306.0,344.0,133.0,0.0,422.0
1.0,1079.0,443.0,484.0,1604.0,180.0,180.0,343.0,141.0,0.0,443.0
1.0,2240.0,323.0,482.0,1847.0,0.0,0.0,335.0,147.0,0.0,323.0
1.0,3764.0,50.0,469.0,1306.0,0.0,0.0,321.0,148.0,0.0,50.0
1.0,5020.0,153.0,453.0,180.0,0.0,0.0,305.0,148.0,153.0,0.0
1.0,5047.0,507.0,446.0,0.0,0.0,0.0,298.0,148.0,507.0,0.0
1.0,4540.0,856.0,451.0,0.0,0.0,0.0,304.0,147.0,856.0,0.0
1.0,3684.0,1057.0,467.0,0.0,0.0,0.0,325.0,142.0,1057.0,0.0
1.0,2627.0,899.0,477.0,0.0,657.0,657.0,342.0,135.0,899.0,0.0
1.0,1728.0,529.0,479.0,0.0,1196.0,1196.0,350.0,129.0,396.0,133.0
1.0,1199.0,282.0,478.0,0.0,1473.0,1473.0,350.0,128.0,0.0,282.0
1.0,917.0,431.0,485.0,657.0,1282.0,1282.0,350.0,135.0,0.0,431.0
1.0,1143.0,452.0,492.0,1196.0,573.0,573.0,348.0,144.0,0.0,452.0
1.0,1887.0,318.0,490.0,1473.0,0.0,0.0,340.0,150.0,0.0,318.0
1.0,3042.0,35.0,476.0,1282.0,0.0,0.0,326.0,150.0,0.0,35.0
1.0,4289.0,136.0,460.0,573.0,0.0,0.0,310.0,150.0,136.0,0.0
1.0,4726.0,479.0,452.0,0.0,0.0,0.0,302.0,150.0,479.0,0.0
1.0,4247.0,826.0,458.0,0.0,0.0,0.0,309.0,149.0,826.0,0.0
1.0,3421.0,1032.0,474.0,0.0,0.0,0.0,329.0,145.0,1032.0,0.0
1.0,2389.0,899.0,484.0,0.0,930.0,930.0,346.0,138.0,899.0,0.0
1.0,1490.0,528.0,486.0,0.0,1468.0,1468.0,354.0,132.0,413.0,115.0
1.0,962.0,260.0,485.0,0.0,1723.0,1723.0,354.0,131.0,0.0,260.0
1.0,702.0,410.0,491.0,930.0,1233.0,1233.0,354.0,137.0,0.0,410.0
1.0,1222.0,440.0,498.0,1468.0,240.0,240.0,353.0,145.0,0.0,440.0
1.0,2250.0,324.0,497.0,1723.0,0.0,0.0,346.0,151.0,0.0,324.0
1.0,3649.0,58.0,485.0,1233.0,0.0,0.0,333.0,152.0,0.0,58.0
1.0,4824.0,109.0,469.0,240.0,0.0,0.0,317.0,152.0,109.0,0.0
1.0,4955.0,445.0,460.0,0.0,0.0,0.0,308.0,152.0,445.0,0.0
1.0,4510.0,786.0,464.0,0.0,0.0,0.0,313.0,151.0,786.0,0.0
1.0,3724.0,1013.0,480.0,0.0,0.0,0.0,333.0,147.0,1013.0,0.0
1.0,2711.0,910.0,491.0,0.0,654.0,654.0,350.0,141.0,910.0,0.0
1.0,1801.0,567.0,494.0,0.0,1236.0,1236.0,359.0,135.0,461.0,106.0
1.0,1234.0,256.0,493.0,0.0,1487.0,1487.0,359.0,134.0,0.0,256.0
1.0,978.0,401.0,498.0,654.0,1259.0,1259.0,359.0,139.0,0.0,401.0
1.0,1231.0,441.0,505.0,1236.0,499.0,499.0,358.0,147.0,0.0,441.0
1.0,2026.0,331.0,505.0,1487.0,0.0,0.0,351.0,154.0,0.0,331.0
1.0,3182.0,77.0,493.0,1259.0,0.0,0.0,338.0,155.0,0.0,77.0
1.0,4364.0,137.0,477.0,499.0,0.0,0.0,322.0,155.0,137.0,0.0
1.0,4726.0,483.0,468.0,0.0,0.0,0.0,313.0,155.0,483.0,0.0
1.0,4243.0,835.0,472.0,0.0,0.0,0.0,319.0,153.0,835.0,0.0
1.0,3408.0,1047.0,488.0,0.0,79.0,79.0,339.0,149.0,1047.0,0.0
1.0,2361.0,920.0,499.0,0.0,1054.0,1054.0,357.0,142.0,920.0,0.0
1.0,1441.0,571.0,501.0,0.0,1635.0,1635.0,365.0,136.0,438.0,133.0
1.0,870.0,285.0,500.0,79.0,1836.0,1836.0,365.0,135.0,0.0,285.0
1.0,664.0,438.0,507.0,1054.0,1255.0,1255.0,365.0,142.0,0.0,438.0
1.0,1280.0,459.0,513.0,1635.0,109.0,109.0,363.0,150.0,0.0,459.0
1.0,2456.0,328.0,511.0,1836.0,0.0,0.0,354.0,157.0,0.0,328.0
1.0,3964.0,50.0,497.0,1255.0,0.0,0.0,339.0,158.0,0.0,50.0
1.0,5169.0,202.0,481.0,109.0,0.0,0.0,323.0,158.0,202.0,0.0
1.0,5076.0,572.0,475.0,0.0,0.0,0.0,317.0,158.0,572.0,0.0
1.0,4504.0,939.0,481.0,0.0,0.0,0.0,326.0,155.0,939.0,0.0
1.0,3565.0,1105.0,497.0,0.0,25.0,25.0,347.0,150.0,1105.0,0.0
1.0,2460.0,910.0,507.0,0.0,985.0,985.0,365.0,142.0,907.0,3.0
1.0,1550.0,500.0,508.0,0.0,1490.0,1490.0,371.0,137.0,338.0,162.0
1.0,1050.0,321.0,508.0,25.0,1786.0,1786.0,371.0,137.0,0.0,321.0
1.0,754.0,477.0,516.0,985.0,1318.0,1318.0,371.0,145.0,0.0,477.0
1.0,1262.0,475.0,522.0,1490.0,333.0,333.0,368.0,154.0,0.0,475.0
1.0,2277.0,319.0,518.0,1786.0,0.0,0.0,358.0,160.0,0.0,319.0
1.0,3744.0,2.0,502.0,1318.0,0.0,0.0,342.0,160.0,0.0,2.0
1.0,5060.0,237.0,486.0,333.0,0.0,0.0,326.0,160.0,237.0,0.0
1.0,5156.0,615.0,481.0,0.0,0.0,0.0,321.0,160.0,615.0,0.0
1.0,4541.0,988.0,489.0,0.0,0.0,0.0,332.0,157.0,988.0,0.0
1.0,3553.0,1128.0,506.0,0.0,105.0,105.0,354.0,152.0,1128.0,0.0
1.0,2425.0,894.0,515.0,0.0,1044.0,1044.0,371.0,144.0,885.0,9.0
1.0,1531.0,436.0,514.0,0.0,1475.0,1475.0,376.0,138.0,268.0,168.0
1.0,1095.0,327.0,515.0,105.0,1702.0,1702.0,376.0,139.0,0.0,327.0
1.0,873.0,476.0,523.0,1044.0,1174.0,1174.0,376.0,147.0,0.0,476.0
1.0,1441.0,471.0,529.0,1475.0,200.0,200.0,373.0,156.0,0.0,471.0
1.0,2445.0,302.0,526.0,1702.0,0.0,0.0,364.0,162.0,0.0,302.0
1.0,3845.0,0.0,510.0,1174.0,0.0,0.0,348.0,162.0,0.0,0.0
1.0,5019.0,212.0,495.0,200.0,0.0,0.0,333.0,162.0,212.0,0.0
1.0,5007.0,582.0,488.0,0.0,0.0,0.0,326.0,162.0,582.0,0.0
1.0,4425.0,946.0,497.0,0.0,0.0,0.0,337.0,160.0,946.0,0.0
1.0,3479.0,1102.0,513.0,0.0,188.0,188.0,358.0,155.0,1102.0,0.0
1.0,2377.0,883.0,522.0,0.0,1116.0,1116.0,375.0,147.0,883.0,0.0
1.0,1494.0,454.0,522.0,0.0,1570.0,1570.0,381.0,141.0,304.0,150.0
1.0,1040.0,305.0,522.0,188.0,1687.0,1687.0,381.0,141.0,0.0,305.0
1.0,923.0,465.0,530.0,1116.0,1076.0,1076.0,381.0,149.0,0.0,465.0
1.0,1574.0,470.0,537.0,1570.0,11.0,11.0,379.0,158.0,0.0,470.0
1.0,2674.0,319.0,534.0,1687.0,0.0,0.0,370.0,164.0,0.0,319.0
1.0,4042.0,8.0,519.0,1076.0,0.0,0.0,355.0,164.0,0.0,8.0
1.0,5110.0,189.0,503.0,11.0,0.0,0.0,339.0,164.0,189.0,0.0
1.0,4932.0,555.0,496.0,0.0,0.0,0.0,332.0,164.0,555.0,0.0
1.0,4377.0,917.0,503.0,0.0,0.0,0.0,341.0,162.0,917.0,0.0
1.0,3460.0,1095.0,519.0,0.0,230.0,230.0,362.0,157.0,1095.0,0.0
1.0,2365.0,903.0,528.0,0.0,1178.0,1178.0,379.0,149.0,903.0,0.0
1.0,1462.0,503.0,530.0,0.0,1691.0,1691.0,386.0,144.0,355.0,148.0
1.0,959.0,310.0,529.0,230.0,1766.0,1766.0,386.0,143.0,0.0,310.0
1.0,879.0,467.0,537.0,1178.0,1095.0,1095.0,386.0,151.0,0.0,467.0
1.0,1590.0,477.0,544.0,1691.0,0.0,0.0,384.0,160.0,0.0,477.0
1.0,2804.0,326.0,540.0,1766.0,0.0,0.0,374.0,166.0,0.0,326.0
1.0,4244.0,18.0,525.0,1095.0,0.0,0.0,358.0,167.0,0.0,18.0
1.0,5321.0,233.0,510.0,0.0,0.0,0.0,343.0,167.0,233.0,0.0
1.0,5088.0,608.0,504.0,0.0,0.0,0.0,337.0,167.0,608.0,0.0
1.0,4480.0,990.0,511.0,0.0,0.0,0.0,347.0,164.0,990.0,0.0
1.0,3490.0,1136.0,528.0,0.0,286.0,286.0,369.0,159.0,1136.0,0.0
1.0,2354.0,924.0,538.0,0.0,1260.0,1260.0,387.0,151.0,909.0,15.0
1.0,1430.0,486.0,537.0,0.0,1741.0,1741.0,392.0,145.0,307.0,179.0
1.0,944.0,344.0,537.0,286.0,1799.0,1799.0,392.0,145.0,0.0,344.0
1.0,886.0,494.0,546.0,1260.0,1078.0,1078.0,392.0,154.0,0.0,494.0
1.0,1652.0,481.0,552.0,1741.0,0.0,0.0,389.0,163.0,0.0,481.0
1.0,2912.0,304.0,547.0,1799.0,0.0,0.0,378.0,169.0,0.0,304.0
1.0,4407.0,0.0,529.0,1078.0,0.0,0.0,360.0,169.0,0.0,0.0
1.0,5485.0,300.0,513.0,0.0,0.0,0.0,344.0,169.0,300.0,0.0
1.0,5185.0,693.0,509.0,0.0,0.0,0.0,340.0,169.0,693.0,0.0
1.0,4492.0,1093.0,520.0,0.0,0.0,0.0,354.0,166.0,1093.0,0.0
1.0,3399.0,1188.0,537.0,0.0,474.0,474.0,377.0,160.0,1188.0,0.0
1.0,2211.0,943.0,546.0,0.0,1462.0,1462.0,395.0,151.0,896.0,47.0
1.0,1268.0,417.0,544.0,0.0,1869.0,1869.0,398.0,146.0,200.0,217.0
1.0,851.0,387.0,546.0,474.0,1792.0,1792.0,398.0,148.0,0.0,387.0
1.0,938.0,510.0,556.0,1462.0,890.0,890.0,398.0,158.0,0.0,510.0
1.0,1890.0,463.0,560.0,1869.0,0.0,0.0,394.0,166.0,0.0,463.0
1.0,3296.0,251.0,553.0,1792.0,0.0,0.0,382.0,171.0,0.0,251.0
1.0,4837.0,0.0,534.0,890.0,0.0,0.0,363.0,171.0,0.0,0.0
1.0,5727.0,312.0,518.0,0.0,0.0,0.0,347.0,171.0,312.0,0.0
1.0,5415.0,708.0,515.0,0.0,0.0,0.0,344.0,171.0,708.0,0.0
1.0,4707.0,1108.0,528.0,0.0,0.0,0.0,360.0,168.0,1108.0,0.0
1.0,3599.0,1191.0,545.0,0.0,317.0,317.0,383.0,162.0,1191.0,0.0
1.0,2408.0,931.0,553.0,0.0,1288.0,1288.0,400.0,153.0,882.0,49.0
1.0,1477.0,384.0,552.0,0.0,1667.0,1667.0,403.0,149.0,167.0,217.0
1.0,1093.0,385.0,553.0,317.0,1740.0,1740.0,403.0,150.0,0.0,385.0
1.0,1025.0,504.0,563.0,1288.0,1006.0,1006.0,403.0,160.0,0.0,504.0
1.0,1809.0,459.0,568.0,1667.0,0.0,0.0,399.0,169.0,0.0,459.0
1.0,3017.0,241.0,561.0,1740.0,0.0,0.0,388.0,173.0,0.0,241.0
1.0,4516.0,0.0,543.0,1006.0,0.0,0.0,370.0,173.0,0.0,0.0
1.0,5522.0,280.0,527.0,0.0,0.0,0.0,354.0,173.0,280.0,0.0
1.0,5242.0,667.0,523.0,0.0,0.0,0.0,350.0,173.0,667.0,0.0
1.0,4575.0,1058.0,534.0,0.0,0.0,0.0,364.0,170.0,1058.0,0.0
1.0,3517.0,1164.0,552.0,0.0,407.0,407.0,387.0,165.0,1164.0,0.0
1.0,2353.0,922.0,560.0,0.0,1369.0,1369.0,404.0,156.0,887.0,35.0
1.0,1431.0,414.0,559.0,0.0,1778.0,1778.0,408.0,151.0,214.0,200.0
1.0,1017.0,365.0,560.0,407.0,1741.0,1741.0,408.0,152.0,0.0,365.0
1.0,1059.0,500.0,569.0,1369.0,917.0,917.0,408.0,161.0,0.0,500.0
1.0,1928.0,465.0,574.0,1778.0,0.0,0.0,404.0,170.0,0.0,465.0
1.0,3241.0,265.0,568.0,1741.0,0.0,0.0,393.0,175.0,0.0,265.0
1.0,4717.0,0.0,551.0,917.0,0.0,0.0,376.0,175.0,0.0,0.0
1.0,5634.0,277.0,535.0,0.0,0.0,0.0,360.0,175.0,277.0,0.0
1.0,5357.0,670.0,531.0,0.0,0.0,0.0,356.0,175.0,670.0,0.0
1.0,4687.0,1059.0,542.0,0.0,0.0,0.0,369.0,173.0,1059.0,0.0
1.0,3628.0,1177.0,559.0,0.0,344.0,344.0,392.0,167.0,1177.0,0.0
1.0,2451.0,937.0,567.0,0.0,1321.0,1321.0,409.0,158.0,898.0,39.0
1.0,1514.0,439.0,567.0,0.0,1760.0,1760.0,414.0,153.0,232.0,207.0
1.0,1075.0,381.0,568.0,344.0,1802.0,1802.0,414.0,154.0,0.0,381.0
1.0,1038.0,512.0,578.0,1321.0,1043.0,1043.0,414.0,164.0,0.0,512.0
1.0,1847.0,475.0,582.0,1760.0,0.0,0.0,409.0,173.0,0.0,475.0
1.0,3132.0,265.0,575.0,1802.0,0.0,0.0,397.0,178.0,0.0,265.0
1.0,4669.0,0.0,556.0,1043.0,0.0,0.0,378.0,178.0,0.0,0.0
1.0,5712.0,331.0,541.0,0.0,0.0,0.0,363.0,178.0,331.0,0.0
1.0,5381.0,741.0,538.0,0.0,0.0,0.0,360.0,178.0,741.0,0.0
1.0,4640.0,1148.0,550.0,0.0,0.0,0.0,376.0,174.0,1148.0,0.0
1.0,3492.0,1231.0,567.0,0.0,574.0,574.0,399.0,168.0,1231.0,0.0
1.0,2261.0,962.0,576.0,0.0,1581.0,1581.0,417.0,159.0,900.0,62.0
1.0,1299.0,413.0,575.0,0.0,1989.0,1989.0,420.0,155.0,169.0,244.0
1.0,886.0,421.0,577.0,574.0,1846.0,1846.0,420.0,157.0,0.0,421.0
1.0,1039.0,537.0,587.0,1581.0,852.0,852.0,420.0,167.0,0.0,537.0
1.0,2083.0,471.0,590.0,1989.0,0.0,0.0,414.0,176.0,0.0,471.0
1.0,3601.0,229.0,582.0,1846.0,0.0,0.0,401.0,181.0,0.0,229.0
1.0,5218.0,0.0,561.0,852.0,0.0,0.0,380.0,181.0,0.0,0.0
1.0,6070.0,381.0,545.0,0.0,0.0,0.0,364.0,181.0,381.0,0.0
1.0,5689.0,806.0,543.0,0.0,0.0,0.0,363.0,180.0,806.0,0.0
1.0,4883.0,1227.0,558.0,0.0,0.0,0.0,382.0,176.0,1227.0,0.0
1.0,3656.0,1272.0,575.0,0.0,491.0,491.0,407.0,168.0,1272.0,0.0
1.0,2384.0,971.0,584.0,0.0,1507.0,1507.0,424.0,160.0,888.0,83.0
1.0,1413.0,352.0,582.0,0.0,1849.0,1849.0,426.0,156.0,88.0,264.0
1.0,1061.0,445.0,586.0,491.0,1823.0,1823.0,426.0,160.0,0.0,445.0
1.0,1107.0,542.0,596.0,1507.0,908.0,908.0,426.0,170.0,0.0,542.0
1.0,2072.0,458.0,599.0,1849.0,0.0,0.0,420.0,179.0,0.0,458.0
1.0,3463.0,198.0,589.0,1823.0,0.0,0.0,406.0,183.0,0.0,198.0
1.0,5088.0,0.0,568.0,908.0,0.0,0.0,385.0,183.0,0.0,0.0
1.0,5996.0,376.0,552.0,0.0,0.0,0.0,369.0,183.0,376.0,0.0
1.0,5620.0,794.0,549.0,0.0,0.0,0.0,367.0,182.0,794.0,0.0
1.0,4826.0,1211.0,565.0,0.0,0.0,0.0,387.0,178.0,1211.0,0.0
1.0,3615.0,1256.0,583.0,0.0,556.0,556.0,412.0,171.0,1256.0,0.0
1.0,2359.0,955.0,590.0,0.0,1546.0,1546.0,428.0,162.0,877.0,78.0
1.0,1404.0,341.0,588.0,0.0,1877.0,1877.0,430.0,158.0,85.0,256.0
1.0,1063.0,433.0,592.0,556.0,1774.0,1774.0,430.0,162.0,0.0,433.0
1.0,1186.0,532.0,602.0,1546.0,810.0,810.0,430.0,172.0,0.0,532.0
1.0,2200.0,457.0,606.0,1877.0,0.0,0.0,425.0,181.0,0.0,457.0
1.0,3620.0,200.0,597.0,1774.0,0.0,0.0,412.0,185.0,0.0,200.0
1.0,5194.0,0.0,577.0,810.0,0.0,0.0,392.0,185.0,0.0,0.0
1.0,6004.0,350.0,561.0,0.0,0.0,0.0,376.0,185.0,350.0,0.0
1.0,5654.0,759.0,557.0,0.0,0.0,0.0,373.0,184.0,759.0,0.0
1.0,4895.0,1173.0,572.0,0.0,0.0,0.0,392.0,180.0,1173.0,0.0
1.0,3722.0,1232.0,589.0,0.0,455.0,455.0,416.0,173.0,1232.0,0.0
1.0,2490.0,950.0,597.0,0.0,1445.0,1445.0,432.0,165.0,882.0,68.0
1.0,1540.0,366.0,596.0,0.0,1806.0,1806.0,435.0,161.0,123.0,243.0
1.0,1174.0,419.0,599.0,455.0,1785.0,1785.0,435.0,164.0,0.0,419.0
1.0,1210.0,532.0,609.0,1445.0,922.0,922.0,435.0,174.0,0.0,532.0
1.0,2123.0,465.0,613.0,1806.0,0.0,0.0,430.0,183.0,0.0,465.0
1.0,3464.0,222.0,604.0,1785.0,0.0,0.0,417.0,187.0,0.0,222.0
1.0,5027.0,0.0,583.0,922.0,0.0,0.0,396.0,187.0,0.0,0.0
1.0,5949.0,371.0,568.0,0.0,0.0,0.0,381.0,187.0,371.0,0.0
1.0,5578.0,787.0,566.0,0.0,0.0,0.0,379.0,187.0,787.0,0.0
1.0,4791.0,1209.0,580.0,0.0,0.0,0.0,397.0,183.0,1209.0,0.0
1.0,3582.0,1257.0,597.0,0.0,660.0,660.0,422.0,175.0,1257.0,0.0
1.0,2325.0,973.0,606.0,0.0,1678.0,1678.0,439.0,167.0,895.0,78.0
1.0,1352.0,367.0,604.0,0.0,2035.0,2035.0,441.0,163.0,108.0,259.0
1.0,985.0,446.0,607.0,660.0,1836.0,1836.0,441.0,166.0,0.0,446.0
1.0,1199.0,550.0,618.0,1678.0,763.0,763.0,441.0,177.0,0.0,550.0
1.0,2327.0,474.0,621.0,2035.0,0.0,0.0,435.0,186.0,0.0,474.0
1.0,3888.0,212.0,610.0,1836.0,0.0,0.0,420.0,190.0,0.0,212.0
1.0,5512.0,0.0,588.0,763.0,0.0,0.0,398.0,190.0,0.0,0.0
1.0,6275.0,433.0,573.0,0.0,0.0,0.0,383.0,190.0,433.0,0.0
1.0,5842.0,868.0,571.0,0.0,0.0,0.0,382.0,189.0,868.0,0.0
1.0,4974.0,1309.0,588.0,0.0,0.0,0.0,404.0,184.0,1309.0,0.0
1.0,3665.0,1314.0,605.0,0.0,674.0,674.0,429.0,176.0,1314.0,0.0
1.0,2351.0,991.0,615.0,0.0,1715.0,1715.0,447.0,168.0,890.0,101.0
1.0,1360.0,317.0,611.0,0.0,2012.0,2012.0,447.0,164.0,22.0,295.0
1.0,1043.0,484.0,616.0,674.0,1847.0,1847.0,447.0,169.0,0.0,484.0
1.0,1233.0,573.0,627.0,1715.0,760.0,760.0,447.0,180.0,0.0,573.0
1.0,2375.0,468.0,629.0,2012.0,0.0,0.0,440.0,189.0,0.0,468.0
1.0,3919.0,175.0,616.0,1847.0,0.0,0.0,424.0,192.0,0.0,175.0
1.0,5591.0,30.0,593.0,760.0,0.0,0.0,401.0,192.0,30.0,0.0
1.0,6321.0,476.0,578.0,0.0,0.0,0.0,386.0,192.0,476.0,0.0
1.0,5845.0,922.0,577.0,0.0,0.0,0.0,386.0,191.0,922.0,0.0
1.0,4923.0,1343.0,597.0,0.0,0.0,0.0,411.0,186.0,1343.0,0.0
1.0,3580.0,1313.0,613.0,0.0,798.0,798.0,436.0,177.0,1313.0,0.0
1.0,2267.0,956.0,621.0,0.0,1794.0,1794.0,452.0,169.0,841.0,115.0
1.0,1311.0,306.0,618.0,0.0,2085.0,2085.0,452.0,166.0,0.0,306.0
1.0,1005.0,496.0,624.0,798.0,1813.0,1813.0,452.0,172.0,0.0,496.0
1.0,1307.0,571.0,635.0,1794.0,645.0,645.0,452.0,183.0,0.0,571.0
1.0,2530.0,455.0,637.0,2085.0,0.0,0.0,445.0,192.0,0.0,455.0
1.0,4160.0,154.0,625.0,1813.0,0.0,0.0,430.0,195.0,0.0,154.0
1.0,5819.0,18.0,602.0,645.0,0.0,0.0,407.0,195.0,18.0,0.0
1.0,6446.0,458.0,586.0,0.0,0.0,0.0,391.0,195.0,458.0,0.0
1.0,5988.0,903.0,585.0,0.0,0.0,0.0,392.0,193.0,903.0,0.0
1.0,5085.0,1324.0,604.0,0.0,0.0,0.0,416.0,188.0,1324.0,0.0
1.0,3761.0,1309.0,621.0,0.0,653.0,653.0,441.0,180.0,1309.0,0.0
1.0,2452.0,951.0,629.0,0.0,1644.0,1644.0,457.0,172.0,843.0,108.0
1.0,1501.0,295.0,626.0,0.0,1924.0,1924.0,457.0,169.0,0.0,295.0
1.0,1206.0,482.0,631.0,653.0,1778.0,1778.0,457.0,174.0,0.0,482.0
1.0,1377.0,560.0,642.0,1644.0,749.0,749.0,457.0,185.0,0.0,560.0
1.0,2461.0,456.0,644.0,1924.0,0.0,0.0,450.0,194.0,0.0,456.0
1.0,3929.0,160.0,633.0,1778.0,0.0,0.0,436.0,197.0,0.0,160.0
1.0,5547.0,0.0,610.0,749.0,0.0,0.0,413.0,197.0,0.0,0.0
1.0,6296.0,422.0,595.0,0.0,0.0,0.0,398.0,197.0,422.0,0.0
1.0,5874.0,860.0,592.0,0.0,0.0,0.0,397.0,195.0,860.0,0.0
1.0,5014.0,1293.0,611.0,0.0,0.0,0.0,420.0,191.0,1293.0,0.0
1.0,3721.0,1310.0,628.0,0.0,729.0,729.0,445.0,183.0,1310.0,0.0
1.0,2411.0,989.0,636.0,0.0,1758.0,1758.0,462.0,174.0,884.0,105.0
1.0,1422.0,322.0,633.0,0.0,2065.0,2065.0,462.0,171.0,31.0,291.0
1.0,1100.0,478.0,638.0,729.0,1839.0,1839.0,462.0,176.0,0.0,478.0
1.0,1351.0,565.0,649.0,1758.0,701.0,701.0,462.0,187.0,0.0,565.0
1.0,2544.0,462.0,651.0,2065.0,0.0,0.0,455.0,196.0,0.0,462.0
1.0,4147.0,172.0,639.0,1839.0,0.0,0.0,440.0,199.0,0.0,172.0
1.0,5814.0,8.0,616.0,701.0,0.0,0.0,417.0,199.0,8.0,0.0
1.0,6507.0,451.0,601.0,0.0,0.0,0.0,402.0,199.0,451.0,0.0
1.0,6056.0,900.0,599.0,0.0,0.0,0.0,402.0,197.0,900.0,0.0
1.0,5156.0,1338.0,617.0,0.0,0.0,0.0,425.0,192.0,1338.0,0.0
1.0,3818.0,1340.0,635.0,0.0,697.0,697.0,451.0,184.0,1340.0,0.0
1.0,2478.0,1013.0,644.0,0.0,1755.0,1755.0,468.0,176.0,890.0,123.0
1.0,1465.0,326.0,641.0,0.0,2066.0,2066.0,468.0,173.0,9.0,317.0
1.0,1139.0,516.0,647.0,697.0,1915.0,1915.0,468.0,179.0,0.0,516.0
1.0,1320.0,588.0,658.0,1755.0,803.0,803.0,468.0,190.0,0.0,588.0
1.0,2487.0,467.0,659.0,2066.0,0.0,0.0,460.0,199.0,0.0,467.0
1.0,4086.0,148.0,645.0,1915.0,0.0,0.0,443.0,202.0,0.0,148.0
1.0,5853.0,66.0,621.0,803.0,0.0,0.0,419.0,202.0,66.0,0.0
1.0,6590.0,533.0,606.0,0.0,0.0,0.0,404.0,202.0,533.0,0.0
1.0,6057.0,997.0,606.0,0.0,0.0,0.0,406.0,200.0,997.0,0.0
1.0,5060.0,1401.0,627.0,0.0,0.0,0.0,433.0,194.0,1401.0,0.0
1.0,3659.0,1334.0,644.0,0.0,895.0,895.0,459.0,185.0,1334.0,0.0
1.0,2325.0,947.0,650.0,0.0,1872.0,1872.0,474.0,176.0,804.0,143.0
1.0,1378.0,349.0,648.0,0.0,2211.0,2211.0,474.0,174.0,0.0,349.0
1.0,1029.0,550.0,655.0,895.0,1901.0,1901.0,474.0,181.0,0.0,550.0
1.0,1374.0,608.0,666.0,1872.0,692.0,692.0,473.0,193.0,0.0,608.0
1.0,2638.0,460.0,666.0,2211.0,0.0,0.0,464.0,202.0,0.0,460.0
1.0,4389.0,111.0,651.0,1901.0,0.0,0.0,447.0,204.0,0.0,111.0
1.0,6179.0,96.0,627.0,692.0,0.0,0.0,423.0,204.0,96.0,0.0
1.0,6775.0,571.0,612.0,0.0,0.0,0.0,408.0,204.0,571.0,0.0
1.0,6204.0,1041.0,614.0,0.0,0.0,0.0,412.0,202.0,1041.0,0.0
1.0,5163.0,1419.0,635.0,0.0,0.0,0.0,439.0,196.0,1419.0,0.0
1.0,3744.0,1317.0,651.0,0.0,828.0,828.0,465.0,186.0,1317.0,0.0
1.0,2427.0,897.0,657.0,0.0,1755.0,1755.0,479.0,178.0,749.0,148.0
1.0,1530.0,348.0,655.0,0.0,2093.0,2093.0,479.0,176.0,0.0,348.0
1.0,1182.0,548.0,663.0,828.0,1853.0,1853.0,479.0,184.0,0.0,548.0
1.0,1462.0,600.0,674.0,1755.0,753.0,753.0,479.0,195.0,0.0,600.0
1.0,2617.0,451.0,674.0,2093.0,0.0,0.0,470.0,204.0,0.0,451.0
1.0,4259.0,107.0,659.0,1853.0,0.0,0.0,453.0,206.0,0.0,107.0
1.0,6005.0,66.0,634.0,753.0,0.0,0.0,428.0,206.0,66.0,0.0
1.0,6692.0,533.0,620.0,0.0,0.0,0.0,414.0,206.0,533.0,0.0
1.0,6159.0,994.0,620.0,0.0,0.0,0.0,416.0,204.0,994.0,0.0
1.0,5165.0,1393.0,641.0,0.0,0.0,0.0,443.0,198.0,1393.0,0.0
1.0,3772.0,1320.0,658.0,0.0,838.0,838.0,469.0,189.0,1320.0,0.0
1.0,2452.0,929.0,665.0,0.0,1802.0,1802.0,484.0,181.0,790.0,139.0
1.0,1523.0,335.0,663.0,0.0,2127.0,2127.0,484.0,179.0,0.0,335.0
1.0,1188.0,531.0,670.0,838.0,1855.0,1855.0,484.0,186.0,0.0,531.0
1.0,1495.0,588.0,681.0,1802.0,696.0,696.0,484.0,197.0,0.0,588.0
1.0,2709.0,454.0,682.0,2127.0,0.0,0.0,476.0,206.0,0.0,454.0
1.0,4382.0,119.0,667.0,1855.0,0.0,0.0,459.0,208.0,0.0,119.0
1.0,6118.0,48.0,643.0,696.0,0.0,0.0,435.0,208.0,48.0,0.0
1.0,6766.0,506.0,628.0,0.0,0.0,0.0,420.0,208.0,506.0,0.0
1.0,6260.0,965.0,627.0,0.0,0.0,0.0,421.0,206.0,965.0,0.0
1.0,5295.0,1381.0,647.0,0.0,0.0,0.0,447.0,200.0,1381.0,0.0
1.0,3914.0,1335.0,664.0,0.0,741.0,741.0,473.0,191.0,1335.0,0.0
1.0,2579.0,980.0,672.0,0.0,1761.0,1761.0,489.0,183.0,836.0,144.0
1.0,1599.0,342.0,670.0,0.0,2093.0,2093.0,489.0,181.0,0.0,342.0
1.0,1257.0,541.0,677.0,741.0,1928.0,1928.0,489.0,188.0,0.0,541.0
1.0,1457.0,601.0,689.0,1761.0,828.0,828.0,489.0,200.0,0.0,601.0
1.0,2617.0,459.0,688.0,2093.0,0.0,0.0,480.0,208.0,0.0,459.0
1.0,4251.0,119.0,674.0,1928.0,0.0,0.0,463.0,211.0,0.0,119.0
1.0,6060.0,97.0,650.0,828.0,0.0,0.0,439.0,211.0,97.0,0.0
1.0,6791.0,569.0,635.0,0.0,0.0,0.0,424.0,211.0,569.0,0.0
1.0,6222.0,1048.0,635.0,0.0,0.0,0.0,427.0,208.0,1048.0,0.0
1.0,5174.0,1427.0,657.0,0.0,0.0,0.0,455.0,202.0,1427.0,0.0
1.0,3747.0,1336.0,672.0,0.0,949.0,949.0,480.0,192.0,1336.0,0.0
1.0,2411.0,940.0,679.0,0.0,1924.0,1924.0,495.0,184.0,773.0,167.0
1.0,1471.0,373.0,677.0,0.0,2287.0,2287.0,495.0,182.0,0.0,373.0
1.0,1098.0,585.0,686.0,949.0,1968.0,1968.0,495.0,191.0,0.0,585.0
1.0,1462.0,626.0,697.0,1924.0,725.0,725.0,494.0,203.0,0.0,626.0
1.0,2760.0,461.0,696.0,2287.0,0.0,0.0,484.0,212.0,0.0,461.0
1.0,4586.0,85.0,677.0,1968.0,0.0,0.0,464.0,213.0,0.0,85.0
1.0,6469.0,165.0,654.0,725.0,0.0,0.0,441.0,213.0,165.0,0.0
1.0,7029.0,655.0,641.0,0.0,0.0,0.0,428.0,213.0,655.0,0.0
1.0,6374.0,1152.0,645.0,0.0,0.0,0.0,434.0,211.0,1152.0,0.0
1.0,5222.0,1479.0,667.0,0.0,0.0,0.0,463.0,204.0,1479.0,0.0
1.0,3743.0,1322.0,681.0,0.0,984.0,984.0,488.0,193.0,1322.0,0.0
1.0,2421.0,847.0,686.0,0.0,1856.0,1856.0,501.0,185.0,664.0,183.0
1.0,1574.0,400.0,685.0,0.0,2251.0,2251.0,501.0,184.0,0.0,400.0
1.0,1174.0,612.0,695.0,984.0,1929.0,1929.0,501.0,194.0,0.0,612.0
1.0,1546.0,641.0,705.0,1856.0,764.0,764.0,499.0,206.0,0.0,641.0
1.0,2761.0,453.0,703.0,2251.0,0.0,0.0,488.0,215.0,0.0,453.0
1.0,4559.0,53.0,684.0,1929.0,0.0,0.0,468.0,216.0,0.0,53.0
1.0,6435.0,177.0,660.0,764.0,0.0,0.0,444.0,216.0,177.0,0.0
1.0,7022.0,670.0,648.0,0.0,0.0,0.0,432.0,216.0,670.0,0.0
1.0,6352.0,1167.0,653.0,0.0,0.0,0.0,440.0,213.0,1167.0,0.0
1.0,5185.0,1482.0,674.0,0.0,0.0,0.0,468.0,206.0,1482.0,0.0
1.0,3703.0,1308.0,689.0,0.0,1050.0,1050.0,493.0,196.0,1308.0,0.0
1.0,2395.0,811.0,693.0,0.0,1881.0,1881.0,506.0,187.0,631.0,180.0
1.0,1584.0,390.0,692.0,0.0,2266.0,2266.0,506.0,186.0,0.0,390.0
1.0,1194.0,599.0,702.0,1050.0,1865.0,1865.0,506.0,196.0,0.0,599.0
1.0,1645.0,628.0,712.0,1881.0,662.0,662.0,504.0,208.0,0.0,628.0
1.0,2898.0,446.0,710.0,2266.0,0.0,0.0,494.0,216.0,0.0,446.0
1.0,4718.0,60.0,693.0,1865.0,0.0,0.0,475.0,218.0,0.0,60.0
1.0,6523.0,145.0,669.0,662.0,0.0,0.0,451.0,218.0,145.0,0.0
1.0,7040.0,629.0,656.0,0.0,0.0,0.0,438.0,218.0,629.0,0.0
1.0,6411.0,1117.0,659.0,0.0,0.0,0.0,444.0,215.0,1117.0,0.0
1.0,5294.0,1455.0,680.0,0.0,0.0,0.0,472.0,208.0,1455.0,0.0
1.0,3839.0,1313.0,695.0,0.0,949.0,949.0,497.0,198.0,1313.0,0.0
1.0,2526.0,852.0,700.0,0.0,1826.0,1826.0,510.0,190.0,678.0,174.0
1.0,1674.0,380.0,699.0,0.0,2201.0,2201.0,510.0,189.0,0.0,380.0
1.0,1294.0,586.0,708.0,949.0,1883.0,1883.0,510.0,198.0,0.0,586.0
1.0,1657.0,619.0,719.0,1826.0,731.0,731.0,509.0,210.0,0.0,619.0
1.0,2864.0,451.0,718.0,2201.0,0.0,0.0,500.0,218.0,0.0,451.0
1.0,4614.0,72.0,701.0,1883.0,0.0,0.0,481.0,220.0,0.0,72.0
1.0,6425.0,142.0,677.0,731.0,0.0,0.0,457.0,220.0,142.0,0.0
1.0,7014.0,632.0,664.0,0.0,0.0,0.0,444.0,220.0,632.0,0.0
1.0,6382.0,1118.0,666.0,0.0,0.0,0.0,449.0,217.0,1118.0,0.0
1.0,5264.0,1468.0,687.0,0.0,0.0,0.0,477.0,210.0,1468.0,0.0
1.0,3796.0,1324.0,703.0,0.0,1043.0,1043.0,503.0,200.0,1324.0,0.0
1.0,2472.0,887.0,708.0,0.0,1955.0,1955.0,516.0,192.0,701.0,186.0
1.0,1585.0,397.0,707.0,0.0,2347.0,2347.0,516.0,191.0,0.0,397.0
1.0,1188.0,608.0,716.0,1043.0,1957.0,1957.0,516.0,200.0,0.0,608.0
1.0,1623.0,639.0,727.0,1955.0,696.0,696.0,514.0,213.0,0.0,639.0
1.0,2939.0,455.0,724.0,2347.0,0.0,0.0,503.0,221.0,0.0,455.0
1.0,4831.0,61.0,705.0,1957.0,0.0,0.0,483.0,222.0,0.0,61.0
1.0,6727.0,191.0,682.0,696.0,0.0,0.0,460.0,222.0,191.0,0.0
1.0,7232.0,698.0,669.0,0.0,0.0,0.0,447.0,222.0,698.0,0.0
1.0,6534.0,1202.0,674.0,0.0,0.0,0.0,455.0,219.0,1202.0,0.0
1.0,5332.0,1522.0,697.0,0.0,0.0,0.0,485.0,212.0,1522.0,0.0
1.0,3810.0,1331.0,711.0,0.0,1076.0,1076.0,510.0,201.0,1331.0,0.0
1.0,2479.0,851.0,716.0,0.0,1952.0,1952.0,523.0,193.0,643.0,208.0
1.0,1628.0,427.0,715.0,0.0,2374.0,2374.0,523.0,192.0,0.0,427.0
1.0,1201.0,651.0,726.0,1076.0,2004.0,2004.0,523.0,203.0,0.0,651.0
1.0,1626.0,663.0,736.0,1952.0,765.0,765.0,520.0,216.0,0.0,663.0
1.0,2915.0,457.0,732.0,2374.0,0.0,0.0,507.0,225.0,0.0,457.0
1.0,4832.0,27.0,710.0,2004.0,0.0,0.0,485.0,225.0,0.0,27.0
1.0,6809.0,241.0,686.0,765.0,0.0,0.0,461.0,225.0,241.0,0.0
1.0,7333.0,763.0,675.0,0.0,0.0,0.0,450.0,225.0,763.0,0.0
1.0,6570.0,1281.0,684.0,0.0,0.0,0.0,462.0,222.0,1281.0,0.0
1.0,5289.0,1563.0,706.0,0.0,0.0,0.0,492.0,214.0,1563.0,0.0
1.0,3726.0,1319.0,720.0,0.0,1193.0,1193.0,518.0,202.0,1319.0,0.0
1.0,2407.0,778.0,722.0,0.0,1981.0,1981.0,528.0,194.0,562.0,216.0
1.0,1629.0,443.0,722.0,0.0,2424.0,2424.0,528.0,194.0,0.0,443.0
1.0,1186.0,665.0,734.0,1193.0,1956.0,1956.0,528.0,206.0,0.0,665.0
1.0,1714.0,671.0,743.0,1981.0,691.0,691.0,525.0,218.0,0.0,671.0
1.0,3024.0,450.0,739.0,2424.0,0.0,0.0,512.0,227.0,0.0,450.0
1.0,4998.0,6.0,717.0,1956.0,0.0,0.0,490.0,227.0,0.0,6.0
1.0,6948.0,237.0,693.0,691.0,0.0,0.0,466.0,227.0,237.0,0.0
1.0,7402.0,752.0,682.0,0.0,0.0,0.0,455.0,227.0,752.0,0.0
1.0,6650.0,1271.0,691.0,0.0,0.0,0.0,467.0,224.0,1271.0,0.0
1.0,5379.0,1547.0,713.0,0.0,0.0,0.0,497.0,216.0,1547.0,0.0
1.0,3832.0,1307.0,727.0,0.0,1110.0,1110.0,522.0,205.0,1307.0,0.0
1.0,2525.0,762.0,730.0,0.0,1887.0,1887.0,533.0,197.0,552.0,210.0
1.0,1763.0,429.0,729.0,0.0,2311.0,2311.0,533.0,196.0,0.0,429.0
1.0,1334.0,647.0,741.0,1110.0,1908.0,1908.0,533.0,208.0,0.0,647.0
1.0,1797.0,655.0,750.0,1887.0,721.0,721.0,530.0,220.0,0.0,655.0
1.0,3029.0,444.0,747.0,2311.0,0.0,0.0,518.0,229.0,0.0,444.0
1.0,4896.0,19.0,725.0,1908.0,0.0,0.0,496.0,229.0,0.0,19.0
1.0,6785.0,212.0,701.0,721.0,0.0,0.0,472.0,229.0,212.0,0.0
1.0,7294.0,718.0,690.0,0.0,0.0,0.0,461.0,229.0,718.0,0.0
1.0,6576.0,1229.0,698.0,0.0,0.0,0.0,472.0,226.0,1229.0,0.0
1.0,5347.0,1523.0,719.0,0.0,0.0,0.0,501.0,218.0,1523.0,0.0
1.0,3824.0,1316.0,733.0,0.0,1157.0,1157.0,526.0,207.0,1316.0,0.0
1.0,2508.0,801.0,737.0,0.0,1978.0,1978.0,538.0,199.0,593.0,208.0
1.0,1707.0,425.0,737.0,0.0,2403.0,2403.0,538.0,199.0,0.0,425.0
1.0,1282.0,642.0,748.0,1157.0,1943.0,1943.0,538.0,210.0,0.0,642.0
1.0,1797.0,652.0,757.0,1978.0,662.0,662.0,535.0,222.0,0.0,652.0
1.0,3123.0,450.0,754.0,2403.0,0.0,0.0,523.0,231.0,0.0,450.0
1.0,5076.0,27.0,733.0,1943.0,0.0,0.0,501.0,232.0,0.0,27.0
1.0,6992.0,228.0,709.0,662.0,0.0,0.0,477.0,232.0,228.0,0.0
1.0,7426.0,741.0,698.0,0.0,0.0,0.0,466.0,232.0,741.0,0.0
1.0,6685.0,1260.0,705.0,0.0,0.0,0.0,477.0,228.0,1260.0,0.0
1.0,5425.0,1548.0,727.0,0.0,0.0,0.0,507.0,220.0,1548.0,0.0
1.0,3877.0,1334.0,741.0,0.0,1162.0,1162.0,532.0,209.0,1329.0,5.0
1.0,2543.0,815.0,745.0,0.0,1997.0,1997.0,544.0,201.0,588.0,227.0
1.0,1728.0,450.0,745.0,0.0,2447.0,2447.0,544.0,201.0,0.0,450.0
1.0,1278.0,669.0,756.0,1162.0,2009.0,2009.0,544.0,212.0,0.0,669.0
1.0,1771.0,672.0,765.0,1997.0,729.0,729.0,540.0,225.0,0.0,672.0
1.0,3096.0,448.0,760.0,2447.0,0.0,0.0,526.0,234.0,0.0,448.0
1.0,5095.0,5.0,737.0,2009.0,0.0,0.0,503.0,234.0,0.0,5.0
1.0,7099.0,290.0,714.0,729.0,0.0,0.0,480.0,234.0,290.0,0.0
1.0,7538.0,822.0,704.0,0.0,0.0,0.0,470.0,234.0,822.0,0.0
1.0,6716.0,1360.0,714.0,0.0,0.0,0.0,484.0,230.0,1360.0,0.0
1.0,5356.0,1605.0,737.0,0.0,0.0,0.0,515.0,222.0,1605.0,0.0
1.0,3751.0,1352.0,750.0,0.0,1351.0,1351.0,540.0,210.0,1324.0,28.0
1.0,2399.0,760.0,752.0,0.0,2121.0,2121.0,550.0,202.0,502.0,258.0
1.0,1639.0,489.0,753.0,0.0,2615.0,2615.0,550.0,203.0,0.0,489.0
1.0,1150.0,697.0,766.0,1351.0,2026.0,2026.0,550.0,216.0,0.0,697.0
1.0,1804.0,671.0,773.0,2121.0,611.0,611.0,545.0,228.0,0.0,671.0
1.0,3254.0,414.0,766.0,2615.0,0.0,0.0,530.0,236.0,0.0,414.0
1.0,5455.0,0.0,742.0,2026.0,0.0,0.0,506.0,236.0,0.0,0.0
1.0,7481.0,333.0,718.0,611.0,0.0,0.0,482.0,236.0,333.0,0.0
1.0,7759.0,881.0,710.0,0.0,0.0,0.0,474.0,236.0,881.0,0.0
1.0,6878.0,1424.0,722.0,0.0,0.0,0.0,490.0,232.0,1424.0,0.0
1.0,5454.0,1634.0,746.0,0.0,0.0,0.0,522.0,224.0,1634.0,0.0
1.0,3820.0,1333.0,759.0,0.0,1308.0,1308.0,547.0,212.0,1300.0,33.0
1.0,2487.0,683.0,759.0,0.0,1991.0,1991.0,555.0,204.0,418.0,265.0
1.0,1804.0,502.0,760.0,0.0,2498.0,2498.0,555.0,205.0,0.0,502.0
1.0,1302.0,701.0,773.0,1308.0,1956.0,1956.0,555.0,218.0,0.0,701.0
1.0,1909.0,667.0,781.0,1991.0,672.0,672.0,550.0,231.0,0.0,667.0
1.0,3233.0,396.0,775.0,2498.0,0.0,0.0,536.0,239.0,0.0,396.0
1.0,5335.0,0.0,750.0,1956.0,0.0,0.0,511.0,239.0,0.0,0.0
1.0,7291.0,318.0,727.0,672.0,0.0,0.0,488.0,239.0,318.0,0.0
1.0,7645.0,860.0,718.0,0.0,0.0,0.0,479.0,239.0,860.0,0.0
1.0,6785.0,1396.0,730.0,0.0,0.0,0.0,495.0,235.0,1396.0,0.0
1.0,5389.0,1618.0,752.0,0.0,0.0,0.0,526.0,226.0,1618.0,0.0
1.0,3771.0,1308.0,765.0,0.0,1362.0,1362.0,551.0,214.0,1292.0,16.0
1.0,2463.0,683.0,766.0,0.0,2050.0,2050.0,560.0,206.0,434.0,249.0
1.0,1780.0,477.0,767.0,0.0,2532.0,2532.0,560.0,207.0,0.0,477.0
1.0,1303.0,689.0,780.0,1362.0,1924.0,1924.0,560.0,220.0,0.0,689.0
1.0,1976.0,668.0,788.0,2050.0,582.0,582.0,555.0,233.0,0.0,668.0
1.0,3358.0,418.0,783.0,2532.0,0.0,0.0,542.0,241.0,0.0,418.0
1.0,5472.0,0.0,759.0,1924.0,0.0,0.0,518.0,241.0,0.0,0.0
1.0,7396.0,287.0,735.0,582.0,0.0,0.0,494.0,241.0,287.0,0.0
1.0,7691.0,822.0,726.0,0.0,0.0,0.0,485.0,241.0,822.0,0.0
1.0,6869.0,1353.0,736.0,0.0,0.0,0.0,499.0,237.0,1353.0,0.0
1.0,5516.0,1602.0,759.0,0.0,0.0,0.0,530.0,229.0,1602.0,0.0
1.0,3914.0,1328.0,772.0,0.0,1274.0,1274.0,555.0,217.0,1311.0,17.0
1.0,2586.0,740.0,774.0,0.0,2024.0,2024.0,565.0,209.0,495.0,245.0
1.0,1846.0,473.0,774.0,0.0,2497.0,2497.0,565.0,209.0,0.0,473.0
1.0,1373.0,685.0,787.0,1274.0,1973.0,1973.0,565.0,222.0,0.0,685.0
1.0,1962.0,669.0,796.0,2024.0,663.0,663.0,561.0,235.0,0.0,669.0
1.0,3317.0,431.0,789.0,2497.0,0.0,0.0,546.0,243.0,0.0,431.0
1.0,5383.0,0.0,765.0,1973.0,0.0,0.0,522.0,243.0,0.0,0.0
1.0,7356.0,314.0,741.0,663.0,0.0,0.0,498.0,243.0,314.0,0.0
1.0,7705.0,860.0,732.0,0.0,0.0,0.0,489.0,243.0,860.0,0.0
1.0,6845.0,1403.0,743.0,0.0,0.0,0.0,505.0,238.0,1403.0,0.0
1.0,5442.0,1639.0,766.0,0.0,27.0,27.0,536.0,230.0,1639.0,0.0
1.0,3803.0,1372.0,780.0,0.0,1469.0,1469.0,562.0,218.0,1326.0,46.0
1.0,2431.0,758.0,781.0,0.0,2232.0,2232.0,571.0,210.0,477.0,281.0
1.0,1673.0,517.0,783.0,27.0,2732.0,2732.0,571.0,212.0,0.0,517.0
1.0,1183.0,708.0,796.0,1469.0,2036.0,2036.0,571.0,225.0,0.0,708.0
1.0,1944.0,670.0,804.0,2232.0,514.0,514.0,566.0,238.0,0.0,670.0
1.0,3506.0,391.0,796.0,2732.0,0.0,0.0,550.0,246.0,0.0,391.0
1.0,5847.0,0.0,770.0,2036.0,0.0,0.0,524.0,246.0,0.0,0.0
1.0,7883.0,380.0,746.0,514.0,0.0,0.0,500.0,246.0,380.0,0.0
1.0,8017.0,941.0,738.0,0.0,0.0,0.0,493.0,245.0,941.0,0.0
1.0,7076.0,1508.0,752.0,0.0,0.0,0.0,512.0,240.0,1508.0,0.0
1.0,5568.0,1691.0,776.0,0.0,3.0,3.0,545.0,231.0,1691.0,0.0
1.0,3877.0,1384.0,789.0,0.0,1452.0,1452.0,570.0,219.0,1314.0,70.0
1.0,2493.0,688.0,789.0,0.0,2140.0,2140.0,577.0,212.0,376.0,312.0
1.0,1805.0,555.0,791.0,3.0,2702.0,2702.0,577.0,214.0,0.0,555.0
1.0,1253.0,733.0,806.0,1452.0,2058.0,2058.0,577.0,229.0,0.0,733.0
1.0,1972.0,664.0,812.0,2140.0,612.0,612.0,571.0,241.0,0.0,664.0
1.0,3448.0,352.0,802.0,2702.0,0.0,0.0,554.0,248.0,0.0,352.0
1.0,5798.0,0.0,774.0,2058.0,0.0,0.0,526.0,248.0,0.0,0.0
1.0,7856.0,410.0,751.0,612.0,0.0,0.0,503.0,248.0,410.0,0.0
1.0,8058.0,977.0,744.0,0.0,0.0,0.0,497.0,247.0,977.0,0.0
1.0,7081.0,1548.0,760.0,0.0,0.0,0.0,518.0,242.0,1548.0,0.0
1.0,5533.0,1704.0,784.0,0.0,91.0,91.0,551.0,233.0,1704.0,0.0
1.0,3829.0,1361.0,796.0,0.0,1512.0,1512.0,576.0,220.0,1297.0,64.0
1.0,2468.0,619.0,796.0,0.0,2131.0,2131.0,582.0,214.0,313.0,306.0
1.0,1849.0,553.0,799.0,91.0,2608.0,2608.0,582.0,217.0,0.0,553.0
1.0,1387.0,730.0,813.0,1512.0,1896.0,1896.0,582.0,231.0,0.0,730.0
1.0,2169.0,665.0,819.0,2131.0,460.0,460.0,576.0,243.0,0.0,665.0
1.0,3635.0,352.0,809.0,2608.0,0.0,0.0,559.0,250.0,0.0,352.0
1.0,5891.0,0.0,783.0,1896.0,0.0,0.0,533.0,250.0,0.0,0.0
1.0,7787.0,383.0,759.0,460.0,0.0,0.0,509.0,250.0,383.0,0.0
1.0,7864.0,941.0,752.0,0.0,0.0,0.0,502.0,250.0,941.0,0.0
1.0,6923.0,1503.0,768.0,0.0,0.0,0.0,523.0,245.0,1503.0,0.0
1.0,5420.0,1677.0,791.0,0.0,212.0,212.0,555.0,236.0,1677.0,0.0
1.0,3743.0,1342.0,803.0,0.0,1614.0,1614.0,580.0,223.0,1297.0,45.0
1.0,2401.0,637.0,802.0,0.0,2246.0,2246.0,586.0,216.0,349.0,288.0
1.0,1764.0,526.0,804.0,212.0,2570.0,2570.0,586.0,218.0,0.0,526.0
1.0,1450.0,719.0,818.0,1614.0,1745.0,1745.0,586.0,232.0,0.0,719.0
1.0,2345.0,669.0,826.0,2246.0,208.0,208.0,581.0,245.0,0.0,669.0
1.0,3922.0,386.0,817.0,2570.0,0.0,0.0,565.0,252.0,0.0,386.0
1.0,6106.0,0.0,791.0,1745.0,0.0,0.0,539.0,252.0,0.0,0.0
1.0,7851.0,371.0,767.0,208.0,0.0,0.0,515.0,252.0,371.0,0.0
1.0,7688.0,927.0,760.0,0.0,0.0,0.0,508.0,252.0,927.0,0.0
1.0,6761.0,1488.0,774.0,0.0,0.0,0.0,527.0,247.0,1488.0,0.0
1.0,5273.0,1674.0,797.0,0.0,386.0,386.0,559.0,238.0,1674.0,0.0
1.0,3599.0,1358.0,811.0,0.0,1814.0,1814.0,585.0,226.0,1311.0,47.0
1.0,2241.0,670.0,811.0,0.0,2484.0,2484.0,592.0,219.0,383.0,287.0
1.0,1571.0,527.0,812.0,386.0,2630.0,2630.0,592.0,220.0,0.0,527.0
1.0,1430.0,721.0,826.0,1814.0,1607.0,1607.0,592.0,234.0,0.0,721.0
1.0,2523.0,681.0,833.0,2484.0,0.0,0.0,586.0,247.0,0.0,681.0
1.0,4326.0,396.0,824.0,2630.0,0.0,0.0,569.0,255.0,0.0,396.0
1.0,6560.0,0.0,797.0,1607.0,0.0,0.0,542.0,255.0,0.0,0.0
1.0,8167.0,419.0,774.0,0.0,0.0,0.0,519.0,255.0,419.0,0.0
1.0,7748.0,995.0,767.0,0.0,0.0,0.0,513.0,254.0,995.0,0.0
1.0,6753.0,1568.0,783.0,0.0,0.0,0.0,534.0,249.0,1568.0,0.0
1.0,5185.0,1729.0,806.0,0.0,574.0,574.0,567.0,239.0,1729.0,0.0
1.0,3456.0,1385.0,819.0,0.0,2024.0,2024.0,592.0,227.0,1311.0,74.0
1.0,2071.0,644.0,818.0,0.0,2663.0,2663.0,598.0,220.0,322.0,322.0
1.0,1427.0,571.0,821.0,574.0,2675.0,2675.0,598.0,223.0,0.0,571.0
1.0,1430.0,746.0,836.0,2024.0,1472.0,1472.0,598.0,238.0,0.0,746.0
1.0,2708.0,679.0,842.0,2663.0,0.0,0.0,591.0,251.0,0.0,679.0
1.0,4692.0,359.0,831.0,2675.0,0.0,0.0,573.0,258.0,0.0,359.0
1.0,7008.0,0.0,802.0,1472.0,0.0,0.0,544.0,258.0,0.0,0.0
1.0,8480.0,478.0,778.0,0.0,0.0,0.0,520.0,258.0,478.0,0.0
1.0,8002.0,1072.0,772.0,0.0,0.0,0.0,516.0,256.0,1072.0,0.0
1.0,6930.0,1662.0,791.0,0.0,0.0,0.0,541.0,250.0,1662.0,0.0
1.0,5268.0,1779.0,815.0,0.0,586.0,586.0,575.0,240.0,1779.0,0.0
1.0,3489.0,1392.0,827.0,0.0,2038.0,2038.0,600.0,227.0,1298.0,94.0
1.0,2097.0,579.0,825.0,0.0,2607.0,2607.0,604.0,221.0,232.0,347.0
1.0,1518.0,600.0,830.0,586.0,2646.0,2646.0,604.0,226.0,0.0,600.0
1.0,1504.0,764.0,845.0,2038.0,1447.0,1447.0,604.0,241.0,0.0,764.0
1.0,2778.0,670.0,850.0,2607.0,0.0,0.0,596.0,254.0,0.0,670.0
1.0,4715.0,323.0,838.0,2646.0,0.0,0.0,578.0,260.0,0.0,323.0
1.0,7038.0,0.0,808.0,1447.0,0.0,0.0,548.0,260.0,0.0,0.0
1.0,8485.0,477.0,784.0,0.0,0.0,0.0,524.0,260.0,477.0,0.0
1.0,8008.0,1071.0,779.0,0.0,0.0,0.0,520.0,259.0,1071.0,0.0
1.0,6937.0,1660.0,799.0,0.0,0.0,0.0,546.0,253.0,1660.0,0.0
1.0,5277.0,1776.0,822.0,0.0,609.0,609.0,580.0,242.0,1776.0,0.0
1.0,3501.0,1378.0,835.0,0.0,2052.0,2052.0,605.0,230.0,1292.0,86.0
1.0,2123.0,560.0,832.0,0.0,2597.0,2597.0,609.0,223.0,223.0,337.0
1.0,1563.0,593.0,837.0,609.0,2606.0,2606.0,609.0,228.0,0.0,593.0
1.0,1579.0,757.0,852.0,2052.0,1386.0,1386.0,609.0,243.0,0.0,757.0
1.0,2874.0,670.0,857.0,2597.0,0.0,0.0,602.0,255.0,0.0,670.0
1.0,4801.0,327.0,846.0,2606.0,0.0,0.0,584.0,262.0,0.0,327.0
1.0,7080.0,0.0,817.0,1386.0,0.0,0.0,555.0,262.0,0.0,0.0
1.0,8466.0,444.0,793.0,0.0,0.0,0.0,531.0,262.0,444.0,0.0
1.0,8022.0,1024.0,787.0,0.0,0.0,0.0,526.0,261.0,1024.0,0.0
1.0,6998.0,1604.0,805.0,0.0,0.0,0.0,550.0,255.0,1604.0,0.0
1.0,5394.0,1744.0,828.0,0.0,490.0,490.0,583.0,245.0,1744.0,0.0
1.0,3650.0,1368.0,841.0,0.0,1923.0,1923.0,608.0,233.0,1299.0,69.0
1.0,2282.0,601.0,840.0,0.0,2519.0,2519.0,614.0,226.0,279.0,322.0
1.0,1681.0,570.0,844.0,490.0,2619.0,2619.0,614.0,230.0,0.0,570.0
1.0,1601.0,749.0,858.0,1923.0,1515.0,1515.0,614.0,244.0,0.0,749.0
1.0,2775.0,675.0,864.0,2519.0,0.0,0.0,607.0,257.0,0.0,675.0
1.0,4619.0,354.0,853.0,2619.0,0.0,0.0,589.0,264.0,0.0,354.0
1.0,6884.0,0.0,824.0,1515.0,0.0,0.0,560.0,264.0,0.0,0.0
1.0,8399.0,453.0,801.0,0.0,0.0,0.0,537.0,264.0,453.0,0.0
1.0,7946.0,1036.0,794.0,0.0,0.0,0.0,531.0,263.0,1036.0,0.0
1.0,6910.0,1625.0,812.0,0.0,0.0,0.0,555.0,257.0,1625.0,0.0
1.0,5285.0,1757.0,836.0,0.0,652.0,652.0,589.0,247.0,1757.0,0.0
1.0,3528.0,1399.0,849.0,0.0,2116.0,2116.0,614.0,235.0,1313.0,86.0
1.0,2129.0,614.0,848.0,0.0,2725.0,2725.0,620.0,228.0,276.0,338.0
1.0,1515.0,591.0,852.0,652.0,2684.0,2684.0,620.0,232.0,0.0,591.0
1.0,1576.0,759.0,867.0,2116.0,1402.0,1402.0,620.0,247.0,0.0,759.0
1.0,2933.0,675.0,872.0,2725.0,0.0,0.0,612.0,260.0,0.0,675.0
1.0,4983.0,344.0,858.0,2684.0,0.0,0.0,592.0,266.0,0.0,344.0
1.0,7323.0,0.0,828.0,1402.0,0.0,0.0,562.0,266.0,0.0,0.0
1.0,8725.0,512.0,805.0,0.0,0.0,0.0,539.0,266.0,512.0,0.0
1.0,8213.0,1113.0,800.0,0.0,0.0,0.0,535.0,265.0,1113.0,0.0
1.0,7100.0,1721.0,821.0,0.0,0.0,0.0,562.0,259.0,1721.0,0.0
1.0,5379.0,1813.0,845.0,0.0,659.0,659.0,597.0,248.0,1813.0,0.0
1.0,3566.0,1430.0,858.0,0.0,2154.0,2154.0,622.0,236.0,1311.0,119.0
1.0,2136.0,577.0,856.0,0.0,2721.0,2721.0,626.0,230.0,198.0,379.0
1.0,1559.0,640.0,861.0,659.0,2727.0,2727.0,626.0,235.0,0.0,640.0
1.0,1578.0,783.0,876.0,2154.0,1431.0,1431.0,626.0,250.0,0.0,783.0
1.0,2949.0,671.0,880.0,2721.0,0.0,0.0,617.0,263.0,0.0,671.0
1.0,4999.0,294.0,865.0,2727.0,0.0,0.0,596.0,269.0,0.0,294.0
1.0,7432.0,0.0,833.0,1431.0,0.0,0.0,564.0,269.0,0.0,0.0
1.0,8863.0,565.0,810.0,0.0,0.0,0.0,541.0,269.0,565.0,0.0
1.0,8298.0,1180.0,805.0,0.0,0.0,0.0,538.0,267.0,1180.0,0.0
1.0,7118.0,1800.0,829.0,0.0,0.0,0.0,569.0,260.0,1800.0,0.0
1.0,5318.0,1851.0,853.0,0.0,798.0,798.0,604.0,249.0,1851.0,0.0
1.0,3467.0,1425.0,866.0,0.0,2288.0,2288.0,629.0,237.0,1292.0,133.0
1.0,2042.0,504.0,863.0,0.0,2777.0,2777.0,631.0,232.0,107.0,397.0
1.0,1538.0,661.0,869.0,798.0,2670.0,2670.0,631.0,238.0,0.0,661.0
1.0,1675.0,796.0,884.0,2288.0,1253.0,1253.0,631.0,253.0,0.0,796.0
1.0,3167.0,662.0,888.0,2777.0,0.0,0.0,622.0,266.0,0.0,662.0
1.0,5282.0,264.0,872.0,2670.0,0.0,0.0,601.0,271.0,0.0,264.0
1.0,7688.0,0.0,840.0,1253.0,0.0,0.0,569.0,271.0,0.0,0.0
1.0,8941.0,555.0,817.0,0.0,0.0,0.0,546.0,271.0,555.0,0.0
1.0,8386.0,1171.0,814.0,0.0,0.0,0.0,544.0,270.0,1171.0,0.0
1.0,7215.0,1781.0,837.0,0.0,0.0,0.0,574.0,263.0,1781.0,0.0
1.0,5434.0,1840.0,861.0,0.0,711.0,711.0,609.0,252.0,1840.0,0.0
1.0,3594.0,1395.0,872.0,0.0,2161.0,2161.0,633.0,239.0,1277.0,118.0
1.0,2199.0,482.0,869.0,0.0,2628.0,2628.0,635.0,234.0,104.0,378.0
1.0,1717.0,643.0,875.0,711.0,2590.0,2590.0,635.0,240.0,0.0,643.0
1.0,1785.0,785.0,890.0,2161.0,1289.0,1289.0,635.0,255.0,0.0,785.0
1.0,3161.0,666.0,895.0,2628.0,0.0,0.0,627.0,268.0,0.0,666.0
1.0,5123.0,282.0,880.0,2590.0,0.0,0.0,607.0,273.0,0.0,282.0
1.0,7431.0,0.0,849.0,1289.0,0.0,0.0,576.0,273.0,0.0,0.0
1.0,8720.0,528.0,826.0,0.0,0.0,0.0,553.0,273.0,528.0,0.0
1.0,8192.0,1136.0,822.0,0.0,0.0,0.0,550.0,272.0,1136.0,0.0
1.0,7056.0,1739.0,844.0,0.0,0.0,0.0,578.0,266.0,1739.0,0.0
1.0,5317.0,1819.0,868.0,0.0,842.0,842.0,613.0,255.0,1819.0,0.0
1.0,3498.0,1392.0,880.0,0.0,2294.0,2294.0,638.0,242.0,1286.0,106.0
1.0,2106.0,526.0,877.0,0.0,2805.0,2805.0,641.0,236.0,156.0,370.0
1.0,1580.0,629.0,883.0,842.0,2622.0,2622.0,641.0,242.0,0.0,629.0
1.0,1793.0,782.0,898.0,2294.0,1185.0,1185.0,641.0,257.0,0.0,782.0
1.0,3305.0,672.0,902.0,2805.0,0.0,0.0,632.0,270.0,0.0,672.0
1.0,5438.0,303.0,888.0,2622.0,0.0,0.0,612.0,276.0,0.0,303.0
1.0,7757.0,0.0,857.0,1185.0,0.0,0.0,581.0,276.0,0.0,0.0
1.0,8942.0,545.0,833.0,0.0,0.0,0.0,557.0,276.0,545.0,0.0
1.0,8397.0,1161.0,829.0,0.0,0.0,0.0,555.0,274.0,1161.0,0.0
1.0,7236.0,1774.0,850.0,0.0,0.0,0.0,583.0,267.0,1774.0,0.0
1.0,5462.0,1848.0,875.0,0.0,761.0,761.0,619.0,256.0,1848.0,0.0
1.0,3614.0,1433.0,888.0,0.0,2259.0,2259.0,644.0,244.0,1303.0,130.0
1.0,2181.0,547.0,885.0,0.0,2791.0,2791.0,647.0,238.0,152.0,395.0
1.0,1634.0,661.0,892.0,761.0,2726.0,2726.0,647.0,245.0,0.0,661.0
1.0,1734.0,797.0,907.0,2259.0,1339.0,1339.0,647.0,260.0,0.0,797.0
1.0,3196.0,674.0,910.0,2791.0,0.0,0.0,637.0,273.0,0.0,674.0
1.0,5313.0,281.0,894.0,2726.0,0.0,0.0,616.0,278.0,0.0,281.0
1.0,7758.0,0.0,861.0,1339.0,0.0,0.0,583.0,278.0,0.0,0.0
1.0,9097.0,610.0,837.0,0.0,0.0,0.0,559.0,278.0,610.0,0.0
1.0,8487.0,1240.0,834.0,0.0,0.0,0.0,558.0,276.0,1240.0,0.0
1.0,7247.0,1872.0,859.0,0.0,0.0,0.0,590.0,269.0,1872.0,0.0
1.0,5375.0,1900.0,883.0,0.0,940.0,940.0,627.0,256.0,1900.0,0.0
1.0,3475.0,1451.0,896.0,0.0,2456.0,2456.0,652.0,244.0,1295.0,156.0
1.0,2024.0,493.0,893.0,0.0,2934.0,2934.0,653.0,240.0,64.0,429.0
1.0,1531.0,702.0,901.0,940.0,2736.0,2736.0,653.0,248.0,0.0,702.0
1.0,1769.0,819.0,916.0,2456.0,1174.0,1174.0,653.0,263.0,0.0,819.0
1.0,3406.0,669.0,918.0,2934.0,0.0,0.0,642.0,276.0,0.0,669.0
1.0,5671.0,241.0,900.0,2736.0,0.0,0.0,619.0,281.0,0.0,241.0
1.0,8166.0,8.0,866.0,1174.0,0.0,0.0,585.0,281.0,8.0,0.0
1.0,9332.0,653.0,843.0,0.0,0.0,0.0,562.0,281.0,653.0,0.0
1.0,8679.0,1293.0,840.0,0.0,0.0,0.0,562.0,278.0,1293.0,0.0
1.0,7386.0,1930.0,868.0,0.0,0.0,0.0,597.0,271.0,1930.0,0.0
1.0,5456.0,1916.0,892.0,0.0,920.0,920.0,634.0,258.0,1916.0,0.0
1.0,3540.0,1423.0,904.0,0.0,2403.0,2403.0,658.0,246.0,1262.0,161.0
1.0,2117.0,435.0,899.0,0.0,2813.0,2813.0,658.0,241.0,0.0,435.0
1.0,1682.0,708.0,908.0,920.0,2646.0,2646.0,658.0,250.0,0.0,708.0
1.0,1894.0,825.0,924.0,2403.0,1148.0,1148.0,658.0,266.0,0.0,825.0
1.0,3472.0,663.0,925.0,2813.0,0.0,0.0,647.0,278.0,0.0,663.0
1.0,5622.0,227.0,908.0,2646.0,0.0,0.0,625.0,283.0,0.0,227.0
1.0,8041.0,0.0,874.0,1148.0,0.0,0.0,591.0,283.0,0.0,0.0
1.0,9189.0,629.0,850.0,0.0,0.0,0.0,567.0,283.0,629.0,0.0
1.0,8560.0,1262.0,848.0,0.0,0.0,0.0,567.0,281.0,1262.0,0.0
1.0,7298.0,1899.0,875.0,0.0,0.0,0.0,602.0,273.0,1899.0,0.0
1.0,5399.0,1901.0,899.0,0.0,997.0,997.0,638.0,261.0,1901.0,0.0
1.0,3498.0,1417.0,912.0,0.0,2479.0,2479.0,663.0,249.0,1274.0,143.0
1.0,2081.0,417.0,907.0,0.0,2871.0,2871.0,663.0,244.0,4.0,413.0
1.0,1664.0,687.0,915.0,997.0,2601.0,2601.0,663.0,252.0,0.0,687.0
1.0,1974.0,813.0,930.0,2479.0,1010.0,1010.0,663.0,267.0,0.0,813.0
1.0,3640.0,669.0,933.0,2871.0,0.0,0.0,653.0,280.0,0.0,669.0
1.0,5842.0,251.0,916.0,2601.0,0.0,0.0,631.0,285.0,0.0,251.0
1.0,8192.0,0.0,882.0,1010.0,0.0,0.0,597.0,285.0,0.0,0.0
1.0,9202.0,607.0,859.0,0.0,0.0,0.0,574.0,285.0,607.0,0.0
1.0,8595.0,1235.0,856.0,0.0,0.0,0.0,573.0,283.0,1235.0,0.0
1.0,7360.0,1868.0,882.0,0.0,0.0,0.0,606.0,276.0,1868.0,0.0
1.0,5492.0,1890.0,906.0,0.0,928.0,928.0,642.0,264.0,1890.0,0.0
1.0,3602.0,1427.0,918.0,0.0,2415.0,2415.0,667.0,251.0,1289.0,138.0
1.0,2175.0,464.0,914.0,0.0,2859.0,2859.0,668.0,246.0,51.0,413.0
1.0,1711.0,684.0,922.0,928.0,2655.0,2655.0,668.0,254.0,0.0,684.0
1.0,1955.0,817.0,937.0,2415.0,1132.0,1132.0,668.0,269.0,0.0,817.0
1.0,3553.0,676.0,940.0,2859.0,0.0,0.0,658.0,282.0,0.0,676.0
1.0,5736.0,264.0,922.0,2655.0,0.0,0.0,635.0,287.0,0.0,264.0
1.0,8127.0,5.0,888.0,1132.0,0.0,0.0,601.0,287.0,5.0,0.0
1.0,9254.0,644.0,865.0,0.0,0.0,0.0,578.0,287.0,644.0,0.0
1.0,8610.0,1284.0,863.0,0.0,0.0,0.0,578.0,285.0,1284.0,0.0
1.0,7326.0,1926.0,889.0,0.0,0.0,0.0,612.0,277.0,1926.0,0.0
1.0,5400.0,1926.0,914.0,0.0,1096.0,1096.0,649.0,265.0,1926.0,0.0
1.0,3474.0,1459.0,926.0,0.0,2615.0,2615.0,674.0,252.0,1293.0,166.0
1.0,2015.0,459.0,922.0,0.0,3054.0,3054.0,674.0,248.0,15.0,444.0
1.0,1556.0,722.0,930.0,1096.0,2720.0,2720.0,674.0,256.0,0.0,722.0
1.0,1930.0,835.0,946.0,2615.0,1020.0,1020.0,674.0,272.0,0.0,835.0
1.0,3710.0,671.0,947.0,3054.0,0.0,0.0,662.0,285.0,0.0,671.0
1.0,6093.0,235.0,928.0,2720.0,0.0,0.0,638.0,290.0,0.0,235.0
1.0,8578.0,61.0,894.0,1020.0,0.0,0.0,604.0,290.0,61.0,0.0
1.0,9537.0,719.0,871.0,0.0,0.0,0.0,581.0,290.0,719.0,0.0
1.0,8818.0,1383.0,870.0,0.0,0.0,0.0,583.0,287.0,1383.0,0.0
1.0,7435.0,1982.0,898.0,0.0,0.0,0.0,619.0,279.0,1982.0,0.0
1.0,5453.0,1929.0,921.0,0.0,1081.0,1081.0,656.0,265.0,1929.0,0.0
1.0,3524.0,1402.0,933.0,0.0,2543.0,2543.0,680.0,253.0,1208.0,194.0
1.0,2122.0,478.0,929.0,0.0,3001.0,3001.0,680.0,249.0,0.0,478.0
1.0,1644.0,762.0,940.0,1081.0,2737.0,2737.0,680.0,260.0,0.0,762.0
1.0,1963.0,853.0,956.0,2543.0,1127.0,1127.0,680.0,276.0,0.0,853.0
1.0,3653.0,665.0,956.0,3001.0,0.0,0.0,667.0,289.0,0.0,665.0
1.0,5989.0,188.0,934.0,2737.0,0.0,0.0,642.0,292.0,0.0,188.0
1.0,8538.0,87.0,899.0,1127.0,0.0,0.0,607.0,292.0,87.0,0.0
1.0,9578.0,751.0,876.0,0.0,0.0,0.0,584.0,292.0,751.0,0.0
1.0,8827.0,1419.0,876.0,0.0,0.0,0.0,587.0,289.0,1419.0,0.0
1.0,7408.0,1995.0,907.0,0.0,0.0,0.0,626.0,281.0,1995.0,0.0
1.0,5413.0,1911.0,929.0,0.0,1143.0,1143.0,662.0,267.0,1911.0,0.0
1.0,3502.0,1344.0,940.0,0.0,2542.0,2542.0,685.0,255.0,1153.0,191.0
1.0,2158.0,474.0,936.0,0.0,2996.0,2996.0,685.0,251.0,0.0,474.0
1.0,1684.0,757.0,947.0,1143.0,2665.0,2665.0,685.0,262.0,0.0,757.0
1.0,2070.0,853.0,963.0,2542.0,1056.0,1056.0,685.0,278.0,0.0,853.0
1.0,3759.0,661.0,964.0,2996.0,0.0,0.0,673.0,291.0,0.0,661.0
1.0,6094.0,186.0,942.0,2665.0,0.0,0.0,648.0,294.0,0.0,186.0
1.0,8573.0,60.0,907.0,1056.0,0.0,0.0,613.0,294.0,60.0,0.0
1.0,9569.0,715.0,884.0,0.0,0.0,0.0,590.0,294.0,715.0,0.0
1.0,8854.0,1374.0,884.0,0.0,0.0,0.0,592.0,292.0,1374.0,0.0
1.0,7480.0,1968.0,914.0,0.0,0.0,0.0,630.0,284.0,1968.0,0.0
1.0,5512.0,1911.0,937.0,0.0,1084.0,1084.0,667.0,270.0,1911.0,0.0
1.0,3601.0,1363.0,947.0,0.0,2497.0,2497.0,689.0,258.0,1190.0,173.0
1.0,2238.0,452.0,943.0,0.0,2929.0,2929.0,689.0,254.0,0.0,452.0
1.0,1786.0,736.0,952.0,1084.0,2626.0,2626.0,689.0,263.0,0.0,736.0
1.0,2134.0,842.0,968.0,2497.0,1051.0,1051.0,689.0,279.0,0.0,842.0
1.0,3789.0,669.0,970.0,2929.0,0.0,0.0,678.0,292.0,0.0,669.0
1.0,6049.0,212.0,950.0,2626.0,0.0,0.0,654.0,296.0,0.0,212.0
1.0,8463.0,48.0,915.0,1051.0,0.0,0.0,619.0,296.0,48.0,0.0
1.0,9466.0,706.0,892.0,0.0,0.0,0.0,596.0,296.0,706.0,0.0
1.0,8760.0,1359.0,892.0,0.0,0.0,0.0,598.0,294.0,1359.0,0.0
1.0,7401.0,1965.0,920.0,0.0,0.0,0.0,634.0,286.0,1965.0,0.0
1.0,5436.0,1920.0,944.0,0.0,1204.0,1204.0,671.0,273.0,1920.0,0.0
1.0,3516.0,1394.0,955.0,0.0,2653.0,2653.0,695.0,260.0,1218.0,176.0
1.0,2122.0,463.0,951.0,0.0,3096.0,3096.0,695.0,256.0,0.0,463.0
1.0,1659.0,746.0,960.0,1204.0,2683.0,2683.0,695.0,265.0,0.0,746.0
1.0,2117.0,853.0,977.0,2653.0,968.0,968.0,695.0,282.0,0.0,853.0
1.0,3917.0,674.0,977.0,3096.0,0.0,0.0,682.0,295.0,0.0,674.0
1.0,6339.0,213.0,957.0,2683.0,0.0,0.0,658.0,299.0,0.0,213.0
1.0,8809.0,102.0,921.0,968.0,0.0,0.0,622.0,299.0,102.0,0.0
1.0,9675.0,775.0,899.0,0.0,0.0,0.0,600.0,299.0,775.0,0.0
1.0,8900.0,1445.0,899.0,0.0,0.0,0.0,603.0,296.0,1445.0,0.0
1.0,7455.0,2020.0,929.0,0.0,0.0,0.0,642.0,287.0,2020.0,0.0
1.0,5435.0,1919.0,952.0,0.0,1244.0,1244.0,679.0,273.0,1919.0,0.0
1.0,3516.0,1364.0,962.0,0.0,2658.0,2658.0,701.0,261.0,1155.0,209.0
1.0,2152.0,499.0,959.0,0.0,3142.0,3142.0,701.0,258.0,0.0,499.0
1.0,1653.0,790.0,970.0,1244.0,2743.0,2743.0,701.0,269.0,0.0,790.0
1.0,2107.0,873.0,985.0,2658.0,1033.0,1033.0,700.0,285.0,0.0,873.0
1.0,3892.0,666.0,984.0,3142.0,0.0,0.0,686.0,298.0,0.0,666.0
1.0,6368.0,174.0,961.0,2743.0,0.0,0.0,659.0,302.0,0.0,174.0
1.0,8937.0,157.0,926.0,1033.0,0.0,0.0,624.0,302.0,157.0,0.0
1.0,9813.0,848.0,905.0,0.0,0.0,0.0,603.0,302.0,848.0,0.0
1.0,8965.0,1535.0,908.0,0.0,0.0,0.0,610.0,298.0,1535.0,0.0
1.0,7430.0,2070.0,939.0,0.0,0.0,0.0,650.0,289.0,2070.0,0.0
1.0,5360.0,1910.0,960.0,0.0,1350.0,1350.0,686.0,274.0,1910.0,0.0
1.0,3450.0,1300.0,969.0,0.0,2695.0,2695.0,707.0,262.0,1068.0,232.0
1.0,2150.0,527.0,966.0,0.0,3207.0,3207.0,707.0,259.0,0.0,527.0
1.0,1623.0,822.0,979.0,1350.0,2744.0,2744.0,707.0,272.0,0.0,822.0
1.0,2151.0,885.0,994.0,2695.0,1009.0,1009.0,705.0,289.0,0.0,885.0
1.0,3961.0,658.0,992.0,3207.0,0.0,0.0,691.0,301.0,0.0,658.0
1.0,6510.0,131.0,967.0,2744.0,0.0,0.0,663.0,304.0,0.0,131.0
1.0,9123.0,157.0,932.0,1009.0,0.0,0.0,628.0,304.0,157.0,0.0
1.0,9975.0,848.0,912.0,0.0,0.0,0.0,608.0,304.0,848.0,0.0
1.0,9127.0,1534.0,915.0,0.0,0.0,0.0,615.0,300.0,1534.0,0.0
1.0,7593.0,2067.0,946.0,0.0,0.0,0.0,655.0,291.0,2067.0,0.0
1.0,5526.0,1903.0,967.0,0.0,1212.0,1212.0,691.0,276.0,1903.0,0.0
1.0,3623.0,1281.0,976.0,0.0,2538.0,2538.0,712.0,264.0,1057.0,224.0
1.0,2342.0,516.0,974.0,0.0,3044.0,3044.0,712.0,262.0,0.0,516.0
1.0,1826.0,808.0,986.0,1212.0,2700.0,2700.0,712.0,274.0,0.0,808.0
1.0,2230.0,881.0,1000.0,2538.0,1113.0,1113.0,710.0,290.0,0.0,881.0
1.0,3887.0,656.0,1000.0,3044.0,0.0,0.0,697.0,303.0,0.0,656.0
1.0,6275.0,139.0,976.0,2700.0,0.0,0.0,670.0,306.0,0.0,139.0
1.0,8836.0,124.0,941.0,1113.0,0.0,0.0,635.0,306.0,124.0,0.0
1.0,9825.0,801.0,919.0,0.0,0.0,0.0,613.0,306.0,801.0,0.0
1.0,9024.0,1483.0,921.0,0.0,0.0,0.0,619.0,302.0,1483.0,0.0
1.0,7541.0,2035.0,952.0,0.0,0.0,0.0,658.0,294.0,2035.0,0.0
1.0,5506.0,1910.0,975.0,0.0,1279.0,1279.0,695.0,280.0,1910.0,0.0
1.0,3596.0,1317.0,983.0,0.0,2636.0,2636.0,716.0,267.0,1108.0,209.0
1.0,2279.0,504.0,980.0,0.0,3125.0,3125.0,716.0,264.0,0.0,504.0
1.0,1775.0,794.0,991.0,1279.0,2695.0,2695.0,716.0,275.0,0.0,794.0
1.0,2260.0,875.0,1007.0,2636.0,1014.0,1014.0,715.0,292.0,0.0,875.0
1.0,4021.0,661.0,1007.0,3125.0,0.0,0.0,702.0,305.0,0.0,661.0
1.0,6485.0,157.0,984.0,2695.0,0.0,0.0,676.0,308.0,0.0,157.0
1.0,9023.0,133.0,948.0,1014.0,0.0,0.0,640.0,308.0,133.0,0.0
1.0,9904.0,813.0,927.0,0.0,0.0,0.0,619.0,308.0,813.0,0.0
1.0,9091.0,1499.0,930.0,0.0,0.0,0.0,625.0,305.0,1499.0,0.0
1.0,7592.0,2048.0,960.0,0.0,0.0,0.0,664.0,296.0,2048.0,0.0
1.0,5544.0,1924.0,982.0,0.0,1290.0,1290.0,701.0,281.0,1924.0,0.0
1.0,3620.0,1337.0,991.0,0.0,2672.0,2672.0,722.0,269.0,1110.0,227.0
1.0,2283.0,521.0,988.0,0.0,3178.0,3178.0,722.0,266.0,0.0,521.0
1.0,1762.0,816.0,1000.0,1290.0,2764.0,2764.0,722.0,278.0,0.0,816.0
1.0,2236.0,885.0,1015.0,2672.0,1052.0,1052.0,720.0,295.0,0.0,885.0
1.0,4023.0,661.0,1013.0,3178.0,0.0,0.0,705.0,308.0,0.0,661.0
1.0,6540.0,143.0,988.0,2764.0,0.0,0.0,678.0,310.0,0.0,143.0
1.0,9161.0,192.0,952.0,1052.0,0.0,0.0,642.0,310.0,192.0,0.0
1.0,10021.0,890.0,933.0,0.0,0.0,0.0,623.0,310.0,890.0,0.0
1.0,9131.0,1595.0,937.0,0.0,0.0,0.0,631.0,306.0,1595.0,0.0
1.0,7536.0,2105.0,969.0,0.0,0.0,0.0,672.0,297.0,2105.0,0.0
1.0,5431.0,1923.0,991.0,0.0,1447.0,1447.0,709.0,282.0,1923.0,0.0
1.0,3508.0,1298.0,998.0,0.0,2780.0,2780.0,728.0,270.0,1033.0,265.0
1.0,2210.0,568.0,996.0,0.0,3338.0,3338.0,728.0,268.0,0.0,568.0
1.0,1642.0,871.0,1009.0,1447.0,2827.0,2827.0,728.0,281.0,0.0,871.0
1.0,2218.0,910.0,1024.0,2780.0,1032.0,1032.0,725.0,299.0,0.0,910.0
1.0,4088.0,646.0,1020.0,3338.0,0.0,0.0,709.0,311.0,0.0,646.0
1.0,6780.0,85.0,993.0,2827.0,0.0,0.0,680.0,313.0,0.0,85.0
1.0,9522.0,243.0,957.0,1032.0,0.0,0.0,644.0,313.0,243.0,0.0
1.0,10311.0,955.0,939.0,0.0,0.0,0.0,626.0,313.0,955.0,0.0
1.0,9356.0,1672.0,947.0,0.0,0.0,0.0,638.0,309.0,1672.0,0.0
1.0,7684.0,2142.0,977.0,0.0,0.0,0.0,679.0,298.0,2142.0,0.0
1.0,5542.0,1905.0,999.0,0.0,1358.0,1358.0,716.0,283.0,1905.0,0.0
1.0,3637.0,1224.0,1005.0,0.0,2612.0,2612.0,734.0,271.0,945.0,279.0
1.0,2413.0,584.0,1004.0,0.0,3191.0,3191.0,734.0,270.0,0.0,584.0
1.0,1829.0,889.0,1018.0,1358.0,2792.0,2792.0,734.0,284.0,0.0,889.0
1.0,2298.0,915.0,1033.0,2612.0,1170.0,1170.0,731.0,302.0,0.0,915.0
1.0,3995.0,641.0,1028.0,3191.0,0.0,0.0,714.0,314.0,0.0,641.0
1.0,6545.0,56.0,1000.0,2792.0,0.0,0.0,685.0,315.0,0.0,56.0
1.0,9281.0,233.0,965.0,1170.0,0.0,0.0,650.0,315.0,233.0,0.0
1.0,10218.0,946.0,946.0,0.0,0.0,0.0,631.0,315.0,946.0,0.0
1.0,9272.0,1653.0,954.0,0.0,0.0,0.0,643.0,311.0,1653.0,0.0
1.0,7619.0,2131.0,985.0,0.0,0.0,0.0,684.0,301.0,2131.0,0.0
1.0,5488.0,1890.0,1005.0,0.0,1427.0,1427.0,720.0,285.0,1890.0,0.0
1.0,3598.0,1209.0,1012.0,0.0,2671.0,2671.0,738.0,274.0,942.0,267.0
1.0,2389.0,569.0,1010.0,0.0,3230.0,3230.0,738.0,272.0,0.0,569.0
1.0,1820.0,870.0,1024.0,1427.0,2743.0,2743.0,738.0,286.0,0.0,870.0
1.0,2377.0,909.0,1039.0,2671.0,1056.0,1056.0,736.0,303.0,0.0,909.0
1.0,4139.0,641.0,1036.0,3230.0,0.0,0.0,720.0,316.0,0.0,641.0
1.0,6728.0,71.0,1009.0,2743.0,0.0,0.0,692.0,317.0,0.0,71.0
1.0,9400.0,207.0,974.0,1056.0,0.0,0.0,657.0,317.0,207.0,0.0
1.0,10249.0,912.0,954.0,0.0,0.0,0.0,637.0,317.0,912.0,0.0
1.0,9337.0,1612.0,960.0,0.0,0.0,0.0,647.0,313.0,1612.0,0.0
1.0,7725.0,2110.0,991.0,0.0,0.0,0.0,688.0,303.0,2110.0,0.0
1.0,5615.0,1898.0,1012.0,0.0,1343.0,1343.0,724.0,288.0,1898.0,0.0
1.0,3717.0,1247.0,1019.0,0.0,2625.0,2625.0,743.0,276.0,992.0,255.0
1.0,2470.0,556.0,1017.0,0.0,3171.0,3171.0,743.0,274.0,0.0,556.0
1.0,1914.0,862.0,1031.0,1343.0,2760.0,2760.0,743.0,288.0,0.0,862.0
1.0,2395.0,908.0,1046.0,2625.0,1118.0,1118.0,741.0,305.0,0.0,908.0
1.0,4112.0,654.0,1043.0,3171.0,0.0,0.0,725.0,318.0,0.0,654.0
1.0,6629.0,94.0,1016.0,2760.0,0.0,0.0,696.0,320.0,0.0,94.0
1.0,9295.0,224.0,981.0,1118.0,0.0,0.0,661.0,320.0,224.0,0.0
1.0,10189.0,937.0,962.0,0.0,0.0,0.0,642.0,320.0,937.0,0.0
1.0,9252.0,1647.0,968.0,0.0,0.0,0.0,653.0,315.0,1647.0,0.0
1.0,7605.0,2139.0,999.0,0.0,0.0,0.0,694.0,305.0,2139.0,0.0
1.0,5466.0,1915.0,1021.0,0.0,1554.0,1554.0,731.0,290.0,1915.0,0.0
1.0,3551.0,1258.0,1028.0,0.0,2847.0,2847.0,750.0,278.0,988.0,270.0
1.0,2293.0,582.0,1026.0,0.0,3419.0,3419.0,750.0,276.0,0.0,582.0
1.0,1711.0,890.0,1041.0,1554.0,2830.0,2830.0,750.0,291.0,0.0,890.0
1.0,2375.0,929.0,1054.0,2847.0,977.0,977.0,746.0,308.0,0.0,929.0
1.0,4293.0,657.0,1050.0,3419.0,0.0,0.0,729.0,321.0,0.0,657.0
1.0,7055.0,77.0,1020.0,2830.0,0.0,0.0,698.0,322.0,0.0,77.0
1.0,9808.0,289.0,985.0,977.0,0.0,0.0,663.0,322.0,289.0,0.0
1.0,10496.0,1016.0,968.0,0.0,0.0,0.0,646.0,322.0,1016.0,0.0
1.0,9480.0,1745.0,976.0,0.0,0.0,0.0,659.0,317.0,1745.0,0.0
1.0,7735.0,2191.0,1008.0,0.0,0.0,0.0,702.0,306.0,2191.0,0.0
1.0,5544.0,1907.0,1028.0,0.0,1503.0,1503.0,738.0,290.0,1907.0,0.0
1.0,3637.0,1200.0,1034.0,0.0,2733.0,2733.0,756.0,278.0,900.0,300.0
1.0,2437.0,615.0,1033.0,0.0,3343.0,3343.0,756.0,277.0,0.0,615.0
1.0,1822.0,930.0,1050.0,1503.0,2855.0,2855.0,756.0,294.0,0.0,930.0
1.0,2395.0,945.0,1063.0,2733.0,1132.0,1132.0,751.0,312.0,0.0,945.0
1.0,4183.0,646.0,1056.0,3343.0,0.0,0.0,732.0,324.0,0.0,646.0
1.0,6880.0,37.0,1025.0,2855.0,0.0,0.0,700.0,325.0,0.0,37.0
1.0,9698.0,332.0,991.0,1132.0,0.0,0.0,666.0,325.0,332.0,0.0
1.0,10498.0,1069.0,974.0,0.0,0.0,0.0,649.0,325.0,1069.0,0.0
1.0,9429.0,1811.0,986.0,0.0,0.0,0.0,666.0,320.0,1811.0,0.0
1.0,7618.0,2216.0,1017.0,0.0,0.0,0.0,709.0,308.0,2216.0,0.0
1.0,5402.0,1888.0,1036.0,0.0,1666.0,1666.0,745.0,291.0,1888.0,0.0
1.0,3514.0,1121.0,1041.0,0.0,2812.0,2812.0,761.0,280.0,813.0,308.0
1.0,2393.0,623.0,1040.0,0.0,3430.0,3430.0,761.0,279.0,0.0,623.0
1.0,1770.0,938.0,1057.0,1666.0,2787.0,2787.0,761.0,296.0,0.0,938.0
1.0,2498.0,944.0,1070.0,2812.0,984.0,984.0,756.0,314.0,0.0,944.0
1.0,4366.0,640.0,1065.0,3430.0,0.0,0.0,738.0,327.0,0.0,640.0
1.0,7156.0,16.0,1033.0,2787.0,0.0,0.0,706.0,327.0,0.0,16.0
1.0,9927.0,309.0,998.0,984.0,0.0,0.0,671.0,327.0,309.0,0.0
1.0,10602.0,1039.0,982.0,0.0,0.0,0.0,655.0,327.0,1039.0,0.0
1.0,9563.0,1773.0,993.0,0.0,0.0,0.0,671.0,322.0,1773.0,0.0
1.0,7790.0,2192.0,1024.0,0.0,0.0,0.0,713.0,311.0,2192.0,0.0
1.0,5598.0,1885.0,1043.0,0.0,1502.0,1502.0,749.0,294.0,1885.0,0.0
1.0,3713.0,1132.0,1047.0,0.0,2654.0,2654.0,765.0,282.0,838.0,294.0
1.0,2581.0,605.0,1047.0,0.0,3259.0,3259.0,765.0,282.0,0.0,605.0
1.0,1976.0,916.0,1063.0,1502.0,2753.0,2753.0,765.0,298.0,0.0,916.0
1.0,2562.0,938.0,1077.0,2654.0,1107.0,1107.0,761.0,316.0,0.0,938.0
1.0,4278.0,644.0,1072.0,3259.0,0.0,0.0,744.0,328.0,0.0,644.0
1.0,6893.0,38.0,1042.0,2753.0,0.0,0.0,713.0,329.0,0.0,38.0
1.0,9608.0,287.0,1007.0,1107.0,0.0,0.0,678.0,329.0,287.0,0.0
1.0,10428.0,1012.0,990.0,0.0,0.0,0.0,661.0,329.0,1012.0,0.0
1.0,9416.0,1742.0,999.0,0.0,0.0,0.0,675.0,324.0,1742.0,0.0
1.0,7674.0,2181.0,1030.0,0.0,0.0,0.0,717.0,313.0,2181.0,0.0
1.0,5493.0,1900.0,1051.0,0.0,1662.0,1662.0,754.0,297.0,1900.0,0.0
1.0,3593.0,1174.0,1056.0,0.0,2861.0,2861.0,771.0,285.0,885.0,289.0
1.0,2419.0,601.0,1055.0,0.0,3457.0,3457.0,771.0,284.0,0.0,601.0
1.0,1818.0,919.0,1071.0,1662.0,2794.0,2794.0,771.0,300.0,0.0,919.0
1.0,2561.0,943.0,1084.0,2861.0,941.0,941.0,766.0,318.0,0.0,943.0
1.0,4479.0,656.0,1079.0,3457.0,0.0,0.0,748.0,331.0,0.0,656.0
1.0,7280.0,52.0,1049.0,2794.0,0.0,0.0,717.0,332.0,0.0,52.0
1.0,10022.0,325.0,1014.0,941.0,0.0,0.0,682.0,332.0,325.0,0.0
1.0,10638.0,1067.0,997.0,0.0,0.0,0.0,665.0,332.0,1067.0,0.0
1.0,9571.0,1806.0,1007.0,0.0,0.0,0.0,681.0,326.0,1806.0,0.0
1.0,7765.0,2222.0,1039.0,0.0,0.0,0.0,724.0,315.0,2222.0,0.0
1.0,5543.0,1903.0,1058.0,0.0,1650.0,1650.0,760.0,298.0,1903.0,0.0
1.0,3640.0,1156.0,1063.0,0.0,2831.0,2831.0,777.0,286.0,842.0,314.0
1.0,2484.0,634.0,1063.0,0.0,3465.0,3465.0,777.0,286.0,0.0,634.0
1.0,1850.0,955.0,1080.0,1650.0,2855.0,2855.0,777.0,303.0,0.0,955.0
1.0,2545.0,962.0,1092.0,2831.0,1046.0,1046.0,771.0,321.0,0.0,962.0
1.0,4414.0,650.0,1086.0,3465.0,0.0,0.0,752.0,334.0,0.0,650.0
1.0,7229.0,18.0,1052.0,2855.0,0.0,0.0,718.0,334.0,0.0,18.0
1.0,10066.0,395.0,1017.0,1046.0,0.0,0.0,683.0,334.0,395.0,0.0
1.0,10717.0,1156.0,1003.0,0.0,0.0,0.0,669.0,334.0,1156.0,0.0
1.0,9561.0,1913.0,1016.0,0.0,0.0,0.0,688.0,328.0,1913.0,0.0
1.0,7648.0,2281.0,1048.0,0.0,0.0,0.0,732.0,316.0,2281.0,0.0
1.0,5367.0,1899.0,1068.0,0.0,1872.0,1872.0,769.0,299.0,1884.0,15.0
1.0,3468.0,1082.0,1070.0,0.0,2964.0,2964.0,783.0,287.0,736.0,346.0
1.0,2386.0,672.0,1071.0,0.0,3641.0,3641.0,783.0,288.0,0.0,672.0
1.0,1714.0,983.0,1089.0,1872.0,2842.0,2842.0,783.0,306.0,0.0,983.0
1.0,2603.0,963.0,1101.0,2964.0,901.0,901.0,776.0,325.0,0.0,963.0
1.0,4604.0,617.0,1092.0,3641.0,0.0,0.0,756.0,336.0,0.0,617.0
1.0,7628.0,0.0,1057.0,2842.0,0.0,0.0,721.0,336.0,0.0,0.0
1.0,10470.0,411.0,1022.0,901.0,0.0,0.0,686.0,336.0,411.0,0.0
1.0,10960.0,1176.0,1009.0,0.0,0.0,0.0,673.0,336.0,1176.0,0.0
1.0,9784.0,1936.0,1024.0,0.0,0.0,0.0,694.0,330.0,1936.0,0.0
1.0,7848.0,2289.0,1056.0,0.0,0.0,0.0,738.0,318.0,2289.0,0.0
1.0,5559.0,1889.0,1075.0,0.0,1705.0,1705.0,774.0,301.0,1871.0,18.0
1.0,3670.0,1041.0,1077.0,0.0,2756.0,2756.0,788.0,289.0,698.0,343.0
1.0,2629.0,667.0,1078.0,0.0,3428.0,3428.0,788.0,290.0,0.0,667.0
1.0,1962.0,973.0,1096.0,1705.0,2786.0,2786.0,788.0,308.0,0.0,973.0
1.0,2694.0,954.0,1109.0,2756.0,1049.0,1049.0,782.0,327.0,0.0,954.0
1.0,4496.0,615.0,1100.0,3428.0,0.0,0.0,762.0,338.0,0.0,615.0
1.0,7309.0,0.0,1066.0,2786.0,0.0,0.0,728.0,338.0,0.0,0.0
1.0,10095.0,377.0,1031.0,1049.0,0.0,0.0,693.0,338.0,377.0,0.0
1.0,10767.0,1133.0,1016.0,0.0,0.0,0.0,678.0,338.0,1133.0,0.0
1.0,9634.0,1884.0,1031.0,0.0,0.0,0.0,698.0,333.0,1884.0,0.0
1.0,7750.0,2262.0,1063.0,0.0,0.0,0.0,742.0,321.0,2262.0,0.0
1.0,5488.0,1888.0,1082.0,0.0,1810.0,1810.0,778.0,304.0,1879.0,9.0
1.0,3600.0,1079.0,1084.0,0.0,2899.0,2899.0,792.0,292.0,749.0,330.0
1.0,2521.0,651.0,1084.0,0.0,3550.0,3550.0,792.0,292.0,0.0,651.0
1.0,1870.0,963.0,1102.0,1810.0,2793.0,2793.0,792.0,310.0,0.0,963.0
1.0,2717.0,959.0,1115.0,2899.0,918.0,918.0,787.0,328.0,0.0,959.0
1.0,4657.0,629.0,1107.0,3550.0,0.0,0.0,767.0,340.0,0.0,629.0
1.0,7578.0,0.0,1074.0,2793.0,0.0,0.0,734.0,340.0,0.0,0.0
1.0,10371.0,369.0,1039.0,918.0,0.0,0.0,699.0,340.0,369.0,0.0
1.0,10920.0,1120.0,1024.0,0.0,0.0,0.0,684.0,340.0,1120.0,0.0
1.0,9800.0,1876.0,1038.0,0.0,0.0,0.0,703.0,335.0,1876.0,0.0
1.0,7924.0,2260.0,1070.0,0.0,0.0,0.0,747.0,323.0,2260.0,0.0
1.0,5664.0,1909.0,1089.0,0.0,1690.0,1690.0,783.0,306.0,1894.0,15.0
1.0,3755.0,1117.0,1092.0,0.0,2822.0,2822.0,798.0,294.0,778.0,339.0
1.0,2638.0,663.0,1092.0,0.0,3485.0,3485.0,798.0,294.0,0.0,663.0
1.0,1975.0,978.0,1110.0,1690.0,2863.0,2863.0,798.0,312.0,0.0,978.0
1.0,2687.0,965.0,1123.0,2822.0,1071.0,1071.0,792.0,331.0,0.0,965.0
1.0,4544.0,628.0,1114.0,3485.0,0.0,0.0,771.0,343.0,0.0,628.0
1.0,7401.0,0.0,1079.0,2863.0,0.0,0.0,736.0,343.0,0.0,0.0
1.0,10264.0,425.0,1045.0,1071.0,0.0,0.0,702.0,343.0,425.0,0.0
1.0,10910.0,1192.0,1031.0,0.0,0.0,0.0,688.0,343.0,1192.0,0.0
1.0,9718.0,1966.0,1047.0,0.0,0.0,0.0,710.0,337.0,1966.0,0.0
1.0,7752.0,2312.0,1079.0,0.0,0.0,0.0,754.0,325.0,2312.0,0.0
1.0,5440.0,1935.0,1098.0,0.0,1985.0,1985.0,791.0,307.0,1898.0,37.0
1.0,3505.0,1075.0,1100.0,0.0,3070.0,3070.0,804.0,296.0,706.0,369.0
1.0,2430.0,707.0,1101.0,0.0,3782.0,3782.0,804.0,297.0,0.0,707.0
1.0,1723.0,1003.0,1120.0,1985.0,2895.0,2895.0,804.0,316.0,0.0,1003.0
1.0,2705.0,968.0,1131.0,3070.0,848.0,848.0,797.0,334.0,0.0,968.0
1.0,4807.0,595.0,1121.0,3782.0,0.0,0.0,775.0,346.0,0.0,595.0
1.0,7994.0,0.0,1084.0,2895.0,0.0,0.0,738.0,346.0,0.0,0.0
1.0,10889.0,483.0,1049.0,848.0,0.0,0.0,703.0,346.0,483.0,0.0
1.0,11254.0,1267.0,1036.0,0.0,0.0,0.0,691.0,345.0,1267.0,0.0
1.0,9987.0,2056.0,1056.0,0.0,0.0,0.0,717.0,339.0,2056.0,0.0
1.0,7931.0,2358.0,1088.0,0.0,0.0,0.0,762.0,326.0,2358.0,0.0
1.0,5573.0,1930.0,1106.0,0.0,1887.0,1887.0,798.0,308.0,1881.0,49.0
1.0,3643.0,1002.0,1107.0,0.0,2894.0,2894.0,810.0,297.0,611.0,391.0
1.0,2641.0,728.0,1109.0,0.0,3632.0,3632.0,810.0,299.0,0.0,728.0
1.0,1913.0,1016.0,1128.0,1887.0,2856.0,2856.0,810.0,318.0,0.0,1016.0
1.0,2784.0,961.0,1139.0,2894.0,978.0,978.0,802.0,337.0,0.0,961.0
1.0,4717.0,569.0,1127.0,3632.0,0.0,0.0,779.0,348.0,0.0,569.0
1.0,7780.0,0.0,1090.0,2856.0,0.0,0.0,742.0,348.0,0.0,0.0
1.0,10636.0,484.0,1055.0,978.0,0.0,0.0,707.0,348.0,484.0,0.0
1.0,11130.0,1272.0,1044.0,0.0,0.0,0.0,696.0,348.0,1272.0,0.0
1.0,9858.0,2054.0,1063.0,0.0,0.0,0.0,722.0,341.0,2054.0,0.0
1.0,7804.0,2351.0,1095.0,0.0,22.0,22.0,767.0,328.0,2351.0,0.0
1.0,5453.0,1908.0,1113.0,0.0,2020.0,2020.0,803.0,310.0,1864.0,44.0
1.0,3545.0,967.0,1113.0,0.0,2987.0,2987.0,814.0,299.0,589.0,378.0
1.0,2578.0,712.0,1115.0,22.0,3687.0,3687.0,814.0,301.0,0.0,712.0
1.0,1888.0,1001.0,1134.0,2020.0,2763.0,2763.0,814.0,320.0,0.0,1001.0
1.0,2907.0,956.0,1146.0,2987.0,792.0,792.0,807.0,339.0,0.0,956.0
1.0,4938.0,581.0,1135.0,3687.0,0.0,0.0,785.0,350.0,0.0,581.0
1.0,8044.0,0.0,1099.0,2763.0,0.0,0.0,749.0,350.0,0.0,0.0
1.0,10807.0,456.0,1064.0,792.0,0.0,0.0,714.0,350.0,456.0,0.0
1.0,11143.0,1235.0,1052.0,0.0,0.0,0.0,702.0,350.0,1235.0,0.0
1.0,9908.0,2008.0,1069.0,0.0,0.0,0.0,726.0,343.0,2008.0,0.0
1.0,7900.0,2330.0,1102.0,0.0,0.0,0.0,771.0,331.0,2330.0,0.0
1.0,5570.0,1905.0,1120.0,0.0,1935.0,1935.0,807.0,313.0,1868.0,37.0
1.0,3665.0,1001.0,1121.0,0.0,2941.0,2941.0,819.0,302.0,633.0,368.0
1.0,2664.0,699.0,1122.0,0.0,3645.0,3645.0,819.0,303.0,0.0,699.0
1.0,1965.0,994.0,1141.0,1935.0,2799.0,2799.0,819.0,322.0,0.0,994.0
1.0,2906.0,963.0,1153.0,2941.0,881.0,881.0,812.0,341.0,0.0,963.0
1.0,4884.0,596.0,1143.0,3645.0,0.0,0.0,791.0,352.0,0.0,596.0
1.0,7933.0,0.0,1106.0,2799.0,0.0,0.0,754.0,352.0,0.0,0.0
1.0,10732.0,466.0,1072.0,881.0,0.0,0.0,720.0,352.0,466.0,0.0
1.0,11147.0,1249.0,1060.0,0.0,0.0,0.0,708.0,352.0,1249.0,0.0
1.0,9898.0,2028.0,1077.0,0.0,0.0,0.0,732.0,345.0,2028.0,0.0
1.0,7870.0,2348.0,1110.0,0.0,28.0,28.0,777.0,333.0,2348.0,0.0
1.0,5522.0,1931.0,1128.0,0.0,2049.0,2049.0,813.0,315.0,1881.0,50.0
1.0,3591.0,1028.0,1129.0,0.0,3082.0,3082.0,825.0,304.0,642.0,386.0
1.0,2563.0,723.0,1130.0,28.0,3782.0,3782.0,825.0,305.0,0.0,723.0
1.0,1868.0,1016.0,1150.0,2049.0,2849.0,2849.0,825.0,325.0,0.0,1016.0
1.0,2901.0,968.0,1161.0,3082.0,790.0,790.0,817.0,344.0,0.0,968.0
1.0,5015.0,584.0,1149.0,3782.0,0.0,0.0,794.0,355.0,0.0,584.0
1.0,8213.0,0.0,1111.0,2849.0,0.0,0.0,756.0,355.0,0.0,0.0
1.0,11062.0,523.0,1077.0,790.0,0.0,0.0,722.0,355.0,523.0,0.0
1.0,11329.0,1325.0,1065.0,0.0,0.0,0.0,711.0,354.0,1325.0,0.0
1.0,10004.0,2124.0,1085.0,0.0,0.0,0.0,738.0,347.0,2124.0,0.0
1.0,7880.0,2406.0,1117.0,0.0,111.0,111.0,784.0,333.0,2406.0,0.0
1.0,5474.0,1956.0,1137.0,0.0,2167.0,2167.0,821.0,316.0,1883.0,73.0
1.0,3518.0,984.0,1137.0,0.0,3151.0,3151.0,832.0,305.0,567.0,417.0
1.0,2534.0,767.0,1140.0,111.0,3822.0,3822.0,832.0,308.0,0.0,767.0
1.0,1878.0,1039.0,1160.0,2167.0,2794.0,2794.0,832.0,328.0,0.0,1039.0
1.0,3006.0,968.0,1169.0,3151.0,656.0,656.0,822.0,347.0,0.0,968.0
1.0,5189.0,547.0,1155.0,3822.0,0.0,0.0,798.0,357.0,0.0,547.0
1.0,8464.0,0.0,1115.0,2794.0,0.0,0.0,758.0,357.0,0.0,0.0
1.0,11258.0,570.0,1081.0,656.0,0.0,0.0,724.0,357.0,570.0,0.0
1.0,11344.0,1380.0,1070.0,0.0,0.0,0.0,714.0,356.0,1380.0,0.0
1.0,9964.0,2190.0,1094.0,0.0,0.0,0.0,745.0,349.0,2190.0,0.0
1.0,7774.0,2435.0,1127.0,0.0,296.0,296.0,792.0,335.0,2435.0,0.0
1.0,5339.0,1945.0,1144.0,0.0,2326.0,2326.0,827.0,317.0,1865.0,80.0
1.0,3394.0,921.0,1144.0,0.0,3247.0,3247.0,837.0,307.0,489.0,432.0
1.0,2473.0,779.0,1148.0,296.0,3750.0,3750.0,837.0,311.0,0.0,779.0
1.0,1990.0,1045.0,1168.0,2326.0,2569.0,2569.0,837.0,331.0,0.0,1045.0
1.0,3271.0,959.0,1177.0,3247.0,326.0,326.0,828.0,349.0,0.0,959.0
1.0,5559.0,526.0,1162.0,3750.0,0.0,0.0,803.0,359.0,0.0,526.0
1.0,8783.0,0.0,1123.0,2569.0,0.0,0.0,764.0,359.0,0.0,0.0
1.0,11352.0,558.0,1088.0,326.0,0.0,0.0,729.0,359.0,558.0,0.0
1.0,11120.0,1362.0,1078.0,0.0,0.0,0.0,719.0,359.0,1362.0,0.0
1.0,9758.0,2170.0,1101.0,0.0,0.0,0.0,750.0,351.0,2170.0,0.0
1.0,7588.0,2415.0,1134.0,0.0,497.0,497.0,796.0,338.0,2415.0,0.0
1.0,5173.0,1934.0,1152.0,0.0,2521.0,2521.0,832.0,320.0,1860.0,74.0
1.0,3239.0,908.0,1150.0,0.0,3419.0,3419.0,841.0,309.0,491.0,417.0
1.0,2331.0,760.0,1154.0,497.0,3702.0,3702.0,841.0,313.0,0.0,760.0
1.0,2068.0,1029.0,1174.0,2521.0,2310.0,2310.0,841.0,333.0,0.0,1029.0
1.0,3560.0,954.0,1184.0,3419.0,0.0,0.0,833.0,351.0,0.0,954.0
1.0,6025.0,541.0,1170.0,3702.0,0.0,0.0,809.0,361.0,0.0,541.0
1.0,9186.0,0.0,1131.0,2310.0,0.0,0.0,770.0,361.0,0.0,0.0
1.0,11496.0,531.0,1097.0,0.0,0.0,0.0,736.0,361.0,531.0,0.0
1.0,10965.0,1328.0,1086.0,0.0,0.0,0.0,725.0,361.0,1328.0,0.0
1.0,9637.0,2130.0,1108.0,0.0,0.0,0.0,754.0,354.0,2130.0,0.0
1.0,7507.0,2396.0,1140.0,0.0,589.0,589.0,800.0,340.0,2396.0,0.0
1.0,5111.0,1945.0,1158.0,0.0,2624.0,2624.0,836.0,322.0,1871.0,74.0
1.0,3166.0,955.0,1159.0,0.0,3584.0,3584.0,847.0,312.0,539.0,416.0
1.0,2211.0,758.0,1162.0,589.0,3768.0,3768.0,847.0,315.0,0.0,758.0
1.0,2042.0,1027.0,1182.0,2624.0,2271.0,2271.0,847.0,335.0,0.0,1027.0
1.0,3639.0,959.0,1191.0,3584.0,0.0,0.0,838.0,353.0,0.0,959.0
1.0,6264.0,545.0,1178.0,3768.0,0.0,0.0,814.0,364.0,0.0,545.0
1.0,9487.0,0.0,1139.0,2271.0,0.0,0.0,775.0,364.0,0.0,0.0
1.0,11758.0,559.0,1104.0,0.0,0.0,0.0,740.0,364.0,559.0,0.0
1.0,11199.0,1366.0,1093.0,0.0,0.0,0.0,730.0,363.0,1366.0,0.0
1.0,9833.0,2179.0,1115.0,0.0,0.0,0.0,760.0,355.0,2179.0,0.0
1.0,7654.0,2430.0,1148.0,0.0,516.0,516.0,807.0,341.0,2430.0,0.0
1.0,5224.0,1976.0,1167.0,0.0,2587.0,2587.0,843.0,324.0,1881.0,95.0
1.0,3248.0,960.0,1167.0,0.0,3547.0,3547.0,853.0,314.0,516.0,444.0
1.0,2288.0,794.0,1171.0,516.0,3845.0,3845.0,853.0,318.0,0.0,794.0
1.0,2010.0,1054.0,1191.0,2587.0,2412.0,2412.0,853.0,338.0,0.0,1054.0
1.0,3543.0,961.0,1199.0,3547.0,0.0,0.0,843.0,356.0,0.0,961.0
1.0,6129.0,519.0,1183.0,3845.0,0.0,0.0,817.0,366.0,0.0,519.0
1.0,9455.0,0.0,1142.0,2412.0,0.0,0.0,776.0,366.0,0.0,0.0
1.0,11867.0,624.0,1108.0,0.0,0.0,0.0,742.0,366.0,624.0,0.0
1.0,11243.0,1450.0,1099.0,0.0,0.0,0.0,734.0,365.0,1450.0,0.0
1.0,9793.0,2283.0,1124.0,0.0,0.0,0.0,767.0,357.0,2283.0,0.0
1.0,7510.0,2488.0,1157.0,0.0,763.0,763.0,815.0,342.0,2488.0,0.0
1.0,5022.0,1989.0,1175.0,0.0,2842.0,2842.0,851.0,324.0,1873.0,116.0
1.0,3033.0,893.0,1174.0,0.0,3730.0,3730.0,859.0,315.0,421.0,472.0
1.0,2140.0,834.0,1179.0,763.0,3826.0,3826.0,859.0,320.0,0.0,834.0
1.0,2069.0,1075.0,1200.0,2842.0,2164.0,2164.0,859.0,341.0,0.0,1075.0
1.0,3836.0,960.0,1208.0,3730.0,0.0,0.0,848.0,360.0,0.0,960.0
1.0,6606.0,483.0,1190.0,3826.0,0.0,0.0,821.0,369.0,0.0,483.0
1.0,9949.0,0.0,1148.0,2164.0,0.0,0.0,779.0,369.0,0.0,0.0
1.0,12113.0,654.0,1114.0,0.0,0.0,0.0,745.0,369.0,654.0,0.0
1.0,11459.0,1493.0,1105.0,0.0,0.0,0.0,738.0,367.0,1493.0,0.0
1.0,9966.0,2327.0,1132.0,0.0,0.0,0.0,773.0,359.0,2327.0,0.0
1.0,7639.0,2511.0,1165.0,0.0,697.0,697.0,821.0,344.0,2511.0,0.0
1.0,5128.0,1963.0,1183.0,0.0,2750.0,2750.0,857.0,326.0,1851.0,112.0
1.0,3165.0,830.0,1181.0,0.0,3570.0,3570.0,864.0,317.0,356.0,474.0
1.0,2335.0,830.0,1187.0,697.0,3733.0,3733.0,864.0,323.0,0.0,830.0
1.0,2202.0,1074.0,1207.0,2750.0,2157.0,2157.0,864.0,343.0,0.0,1074.0
1.0,3878.0,956.0,1215.0,3570.0,0.0,0.0,853.0,362.0,0.0,956.0
1.0,6492.0,481.0,1198.0,3733.0,0.0,0.0,827.0,371.0,0.0,481.0
1.0,9744.0,0.0,1156.0,2157.0,0.0,0.0,785.0,371.0,0.0,0.0
1.0,11901.0,629.0,1122.0,0.0,0.0,0.0,751.0,371.0,629.0,0.0
1.0,11272.0,1460.0,1113.0,0.0,0.0,0.0,743.0,370.0,1460.0,0.0
1.0,9812.0,2285.0,1139.0,0.0,0.0,0.0,778.0,361.0,2285.0,0.0
1.0,7527.0,2485.0,1172.0,0.0,818.0,818.0,825.0,347.0,2485.0,0.0
1.0,5042.0,1952.0,1190.0,0.0,2860.0,2860.0,861.0,329.0,1849.0,103.0
1.0,3090.0,848.0,1187.0,0.0,3693.0,3693.0,868.0,319.0,392.0,456.0
1.0,2242.0,808.0,1193.0,818.0,3713.0,3713.0,868.0,325.0,0.0,808.0
1.0,2252.0,1057.0,1213.0,2860.0,2010.0,2010.0,868.0,345.0,0.0,1057.0
1.0,4055.0,953.0,1221.0,3693.0,0.0,0.0,858.0,363.0,0.0,953.0
1.0,6795.0,502.0,1206.0,3713.0,0.0,0.0,833.0,373.0,0.0,502.0
1.0,10006.0,0.0,1165.0,2010.0,0.0,0.0,792.0,373.0,0.0,0.0
1.0,12016.0,606.0,1130.0,0.0,0.0,0.0,757.0,373.0,606.0,0.0
1.0,11410.0,1433.0,1121.0,0.0,0.0,0.0,749.0,372.0,1433.0,0.0
1.0,9977.0,2256.0,1146.0,0.0,0.0,0.0,782.0,364.0,2256.0,0.0
1.0,7721.0,2478.0,1179.0,0.0,652.0,652.0,830.0,349.0,2478.0,0.0
1.0,5243.0,1979.0,1196.0,0.0,2716.0,2716.0,865.0,331.0,1869.0,110.0
1.0,3264.0,907.0,1196.0,0.0,3623.0,3623.0,874.0,322.0,443.0,464.0
1.0,2357.0,818.0,1201.0,652.0,3814.0,3814.0,874.0,327.0,0.0,818.0
1.0,2191.0,1063.0,1221.0,2716.0,2261.0,2261.0,874.0,347.0,0.0,1063.0
1.0,3844.0,959.0,1229.0,3623.0,0.0,0.0,863.0,366.0,0.0,959.0
1.0,6508.0,497.0,1212.0,3814.0,0.0,0.0,837.0,375.0,0.0,497.0
1.0,9825.0,0.0,1170.0,2261.0,0.0,0.0,795.0,375.0,0.0,0.0
1.0,12086.0,650.0,1136.0,0.0,0.0,0.0,761.0,375.0,650.0,0.0
1.0,11436.0,1486.0,1127.0,0.0,0.0,0.0,753.0,374.0,1486.0,0.0
1.0,9950.0,2329.0,1153.0,0.0,0.0,0.0,788.0,365.0,2329.0,0.0
1.0,7621.0,2519.0,1187.0,0.0,833.0,833.0,837.0,350.0,2519.0,0.0
1.0,5102.0,2011.0,1205.0,0.0,2934.0,2934.0,873.0,332.0,1875.0,136.0
1.0,3091.0,893.0,1203.0,0.0,3817.0,3817.0,880.0,323.0,395.0,498.0
1.0,2198.0,860.0,1210.0,833.0,3879.0,3879.0,880.0,330.0,0.0,860.0
1.0,2171.0,1092.0,1231.0,2934.0,2142.0,2142.0,880.0,351.0,0.0,1092.0
1.0,4013.0,958.0,1237.0,3817.0,0.0,0.0,868.0,369.0,0.0,958.0
1.0,6872.0,462.0,1218.0,3879.0,0.0,0.0,840.0,378.0,0.0,462.0
1.0,10289.0,0.0,1174.0,2142.0,0.0,0.0,796.0,378.0,0.0,0.0
1.0,12431.0,717.0,1140.0,0.0,0.0,0.0,762.0,378.0,717.0,0.0
1.0,11714.0,1571.0,1133.0,0.0,0.0,0.0,757.0,376.0,1571.0,0.0
1.0,10143.0,2432.0,1162.0,0.0,0.0,0.0,795.0,367.0,2432.0,0.0
1.0,7711.0,2571.0,1196.0,0.0,840.0,840.0,845.0,351.0,2571.0,0.0
1.0,5140.0,2015.0,1213.0,0.0,2940.0,2940.0,880.0,333.0,1862.0,153.0
1.0,3125.0,809.0,1211.0,0.0,3739.0,3739.0,886.0,325.0,288.0,521.0
1.0,2316.0,894.0,1219.0,840.0,3833.0,3833.0,886.0,333.0,0.0,894.0
1.0,2262.0,1109.0,1240.0,2940.0,2107.0,2107.0,886.0,354.0,0.0,1109.0
1.0,4093.0,956.0,1245.0,3739.0,0.0,0.0,873.0,372.0,0.0,956.0
1.0,6876.0,430.0,1225.0,3833.0,0.0,0.0,845.0,380.0,0.0,430.0
1.0,10279.0,0.0,1180.0,2107.0,0.0,0.0,800.0,380.0,0.0,0.0
1.0,12386.0,729.0,1146.0,0.0,0.0,0.0,766.0,380.0,729.0,0.0
1.0,11657.0,1586.0,1139.0,0.0,0.0,0.0,761.0,378.0,1586.0,0.0
1.0,10071.0,2447.0,1170.0,0.0,0.0,0.0,801.0,369.0,2447.0,0.0
1.0,7624.0,2574.0,1203.0,0.0,965.0,965.0,850.0,353.0,2574.0,0.0
1.0,5050.0,1990.0,1221.0,0.0,3045.0,3045.0,886.0,335.0,1848.0,142.0
1.0,3060.0,768.0,1218.0,0.0,3798.0,3798.0,891.0,327.0,255.0,513.0
1.0,2292.0,879.0,1225.0,965.0,3747.0,3747.0,891.0,334.0,0.0,879.0
1.0,2378.0,1102.0,1247.0,3045.0,1914.0,1914.0,891.0,356.0,0.0,1102.0
1.0,4321.0,954.0,1253.0,3798.0,0.0,0.0,879.0,374.0,0.0,954.0
1.0,7165.0,439.0,1233.0,3747.0,0.0,0.0,851.0,382.0,0.0,439.0
1.0,10473.0,0.0,1189.0,1914.0,0.0,0.0,807.0,382.0,0.0,0.0
1.0,12387.0,697.0,1154.0,0.0,0.0,0.0,772.0,382.0,697.0,0.0
1.0,11690.0,1545.0,1146.0,0.0,0.0,0.0,766.0,380.0,1545.0,0.0
1.0,10145.0,2397.0,1177.0,0.0,0.0,0.0,805.0,372.0,2397.0,0.0
1.0,7748.0,2547.0,1210.0,0.0,849.0,849.0,854.0,356.0,2547.0,0.0
1.0,5201.0,1987.0,1228.0,0.0,2926.0,2926.0,890.0,338.0,1853.0,134.0
1.0,3214.0,799.0,1225.0,0.0,3710.0,3710.0,895.0,330.0,302.0,497.0
1.0,2415.0,859.0,1232.0,849.0,3755.0,3755.0,895.0,337.0,0.0,859.0
1.0,2405.0,1087.0,1252.0,2926.0,2016.0,2016.0,895.0,357.0,0.0,1087.0
1.0,4244.0,953.0,1260.0,3710.0,0.0,0.0,884.0,376.0,0.0,953.0
1.0,7001.0,462.0,1241.0,3755.0,0.0,0.0,856.0,385.0,0.0,462.0
1.0,10294.0,0.0,1198.0,2016.0,0.0,0.0,813.0,385.0,0.0,0.0
1.0,12310.0,694.0,1163.0,0.0,0.0,0.0,778.0,385.0,694.0,0.0
1.0,11616.0,1548.0,1155.0,0.0,0.0,0.0,772.0,383.0,1548.0,0.0
1.0,10068.0,2398.0,1184.0,0.0,0.0,0.0,810.0,374.0,2398.0,0.0
1.0,7670.0,2560.0,1217.0,0.0,975.0,975.0,859.0,358.0,2560.0,0.0
1.0,5110.0,2013.0,1235.0,0.0,3078.0,3078.0,895.0,340.0,1864.0,149.0
1.0,3097.0,835.0,1233.0,0.0,3903.0,3903.0,901.0,332.0,320.0,515.0
1.0,2262.0,882.0,1240.0,975.0,3845.0,3845.0,901.0,339.0,0.0,882.0
1.0,2355.0,1100.0,1261.0,3078.0,1972.0,1972.0,901.0,360.0,0.0,1100.0
1.0,4333.0,958.0,1268.0,3903.0,0.0,0.0,889.0,379.0,0.0,958.0
1.0,7278.0,445.0,1247.0,3845.0,0.0,0.0,860.0,387.0,0.0,445.0
1.0,10678.0,0.0,1202.0,1972.0,0.0,0.0,815.0,387.0,0.0,0.0
1.0,12650.0,748.0,1168.0,0.0,0.0,0.0,781.0,387.0,748.0,0.0
1.0,11902.0,1619.0,1161.0,0.0,0.0,0.0,776.0,385.0,1619.0,0.0
1.0,10283.0,2487.0,1192.0,0.0,0.0,0.0,817.0,375.0,2487.0,0.0
1.0,7796.0,2614.0,1226.0,0.0,948.0,948.0,867.0,359.0,2614.0,0.0
1.0,5182.0,2042.0,1244.0,0.0,3080.0,3080.0,903.0,341.0,1866.0,176.0
1.0,3140.0,807.0,1241.0,0.0,3872.0,3872.0,908.0,333.0,257.0,550.0
1.0,2333.0,925.0,1250.0,948.0,3894.0,3894.0,908.0,342.0,0.0,925.0
1.0,2356.0,1129.0,1272.0,3080.0,2053.0,2053.0,908.0,364.0,0.0,1129.0
1.0,4307.0,955.0,1276.0,3872.0,0.0,0.0,894.0,382.0,0.0,955.0
1.0,7224.0,407.0,1254.0,3894.0,0.0,0.0,864.0,390.0,0.0,407.0
1.0,10711.0,0.0,1207.0,2053.0,0.0,0.0,817.0,390.0,0.0,0.0
1.0,12764.0,798.0,1173.0,0.0,0.0,0.0,783.0,390.0,798.0,0.0
1.0,11966.0,1684.0,1166.0,0.0,0.0,0.0,779.0,387.0,1684.0,0.0
1.0,10282.0,2566.0,1200.0,0.0,0.0,0.0,823.0,377.0,2566.0,0.0
1.0,7716.0,2655.0,1234.0,0.0,1109.0,1109.0,874.0,360.0,2655.0,0.0
1.0,5061.0,2041.0,1252.0,0.0,3240.0,3240.0,910.0,342.0,1854.0,187.0
1.0,3020.0,741.0,1247.0,0.0,3956.0,3956.0,913.0,334.0,176.0,565.0
1.0,2279.0,948.0,1257.0,1109.0,3845.0,3845.0,913.0,344.0,0.0,948.0
1.0,2440.0,1139.0,1279.0,3240.0,1854.0,1854.0,913.0,366.0,0.0,1139.0
1.0,4541.0,952.0,1284.0,3956.0,0.0,0.0,899.0,385.0,0.0,952.0
1.0,7545.0,382.0,1261.0,3845.0,0.0,0.0,869.0,392.0,0.0,382.0
1.0,11008.0,0.0,1214.0,1854.0,0.0,0.0,822.0,392.0,0.0,0.0
1.0,12862.0,793.0,1179.0,0.0,0.0,0.0,787.0,392.0,793.0,0.0
1.0,12069.0,1672.0,1173.0,0.0,0.0,0.0,784.0,389.0,1672.0,0.0
1.0,10397.0,2550.0,1207.0,0.0,0.0,0.0,828.0,379.0,2550.0,0.0
1.0,7847.0,2639.0,1242.0,0.0,1002.0,1002.0,879.0,363.0,2639.0,0.0
1.0,5208.0,2016.0,1259.0,0.0,3103.0,3103.0,914.0,345.0,1843.0,173.0
1.0,3192.0,726.0,1255.0,0.0,3809.0,3809.0,918.0,337.0,173.0,553.0
1.0,2466.0,928.0,1264.0,1002.0,3780.0,3780.0,918.0,346.0,0.0,928.0
1.0,2540.0,1129.0,1286.0,3103.0,1916.0,1916.0,918.0,368.0,0.0,1129.0
1.0,4514.0,950.0,1290.0,3809.0,0.0,0.0,904.0,386.0,0.0,950.0
1.0,7373.0,396.0,1269.0,3780.0,0.0,0.0,875.0,394.0,0.0,396.0
1.0,10757.0,0.0,1222.0,1916.0,0.0,0.0,828.0,394.0,0.0,0.0
1.0,12673.0,767.0,1188.0,0.0,0.0,0.0,794.0,394.0,767.0,0.0
1.0,11906.0,1637.0,1181.0,0.0,0.0,0.0,790.0,391.0,1637.0,0.0
1.0,10269.0,2512.0,1215.0,0.0,0.0,0.0,833.0,382.0,2512.0,0.0
1.0,7757.0,2615.0,1248.0,0.0,1098.0,1098.0,883.0,365.0,2615.0,0.0
1.0,5142.0,2017.0,1266.0,0.0,3205.0,3205.0,918.0,348.0,1848.0,169.0
1.0,3125.0,753.0,1262.0,0.0,3938.0,3938.0,922.0,340.0,211.0,542.0
1.0,2372.0,915.0,1270.0,1098.0,3795.0,3795.0,922.0,348.0,0.0,915.0
1.0,2555.0,1119.0,1292.0,3205.0,1819.0,1819.0,922.0,370.0,0.0,1119.0
1.0,4641.0,951.0,1297.0,3938.0,0.0,0.0,909.0,388.0,0.0,951.0
1.0,7628.0,415.0,1275.0,3795.0,0.0,0.0,879.0,396.0,0.0,415.0
1.0,11008.0,0.0,1229.0,1819.0,0.0,0.0,833.0,396.0,0.0,0.0
1.0,12827.0,788.0,1195.0,0.0,0.0,0.0,799.0,396.0,788.0,0.0
1.0,12039.0,1665.0,1188.0,0.0,0.0,0.0,795.0,393.0,1665.0,0.0
1.0,10374.0,2548.0,1221.0,0.0,0.0,0.0,838.0,383.0,2548.0,0.0
1.0,7826.0,2640.0,1255.0,0.0,1089.0,1089.0,889.0,366.0,2640.0,0.0
1.0,5186.0,2053.0,1274.0,0.0,3237.0,3237.0,925.0,349.0,1861.0,192.0
1.0,3133.0,766.0,1270.0,0.0,3983.0,3983.0,928.0,342.0,196.0,570.0
1.0,2367.0,949.0,1279.0,1089.0,3888.0,3888.0,928.0,351.0,0.0,949.0
1.0,2507.0,1137.0,1301.0,3237.0,1898.0,1898.0,928.0,373.0,0.0,1137.0
1.0,4607.0,953.0,1305.0,3983.0,0.0,0.0,914.0,391.0,0.0,953.0
1.0,7637.0,386.0,1282.0,3888.0,0.0,0.0,883.0,399.0,0.0,386.0
1.0,11139.0,0.0,1234.0,1898.0,0.0,0.0,835.0,399.0,0.0,0.0
1.0,13037.0,850.0,1200.0,0.0,0.0,0.0,801.0,399.0,850.0,0.0
1.0,12187.0,1746.0,1195.0,0.0,0.0,0.0,799.0,396.0,1746.0,0.0
1.0,10441.0,2648.0,1230.0,0.0,0.0,0.0,845.0,385.0,2648.0,0.0
1.0,7793.0,2697.0,1264.0,0.0,1224.0,1224.0,897.0,367.0,2697.0,0.0
1.0,5096.0,2076.0,1282.0,0.0,3390.0,3390.0,932.0,350.0,1856.0,220.0
1.0,3020.0,716.0,1278.0,0.0,4086.0,4086.0,935.0,343.0,110.0,606.0
1.0,2304.0,993.0,1289.0,1224.0,3910.0,3910.0,935.0,354.0,0.0,993.0
1.0,2535.0,1165.0,1312.0,3390.0,1800.0,1800.0,935.0,377.0,0.0,1165.0
1.0,4760.0,947.0,1314.0,4086.0,0.0,0.0,919.0,395.0,0.0,947.0
1.0,7899.0,342.0,1288.0,3910.0,0.0,0.0,887.0,401.0,0.0,342.0
1.0,11467.0,0.0,1239.0,1800.0,0.0,0.0,838.0,401.0,0.0,0.0
1.0,13267.0,893.0,1205.0,0.0,0.0,0.0,804.0,401.0,893.0,0.0
1.0,12374.0,1805.0,1201.0,0.0,0.0,0.0,803.0,398.0,1805.0,0.0
1.0,10569.0,2712.0,1238.0,0.0,0.0,0.0,851.0,387.0,2712.0,0.0
1.0,7857.0,2726.0,1273.0,0.0,1234.0,1234.0,904.0,369.0,2726.0,0.0
1.0,5131.0,2057.0,1290.0,0.0,3376.0,3376.0,939.0,351.0,1832.0,225.0
1.0,3074.0,639.0,1285.0,0.0,3990.0,3990.0,940.0,345.0,26.0,613.0
1.0,2435.0,1006.0,1297.0,1234.0,3822.0,3822.0,940.0,357.0,0.0,1006.0
1.0,2663.0,1169.0,1319.0,3376.0,1725.0,1725.0,940.0,379.0,0.0,1169.0
1.0,4870.0,943.0,1321.0,3990.0,0.0,0.0,924.0,397.0,0.0,943.0
1.0,7917.0,324.0,1295.0,3822.0,0.0,0.0,892.0,403.0,0.0,324.0
1.0,11415.0,0.0,1246.0,1725.0,0.0,0.0,843.0,403.0,0.0,0.0
1.0,13140.0,877.0,1212.0,0.0,0.0,0.0,809.0,403.0,877.0,0.0
1.0,12263.0,1783.0,1208.0,0.0,0.0,0.0,808.0,400.0,1783.0,0.0
1.0,10480.0,2683.0,1246.0,0.0,0.0,0.0,856.0,390.0,2683.0,0.0
1.0,7797.0,2710.0,1280.0,0.0,1313.0,1313.0,908.0,372.0,2710.0,0.0
1.0,5087.0,2033.0,1298.0,0.0,3436.0,3436.0,944.0,354.0,1825.0,208.0
1.0,3054.0,641.0,1291.0,0.0,4042.0,4042.0,944.0,347.0,44.0,597.0
1.0,2413.0,981.0,1302.0,1313.0,3765.0,3765.0,944.0,358.0,0.0,981.0
1.0,2745.0,1157.0,1325.0,3436.0,1601.0,1601.0,944.0,381.0,0.0,1157.0
1.0,5024.0,944.0,1329.0,4042.0,0.0,0.0,930.0,399.0,0.0,944.0
1.0,8122.0,346.0,1303.0,3765.0,0.0,0.0,898.0,405.0,0.0,346.0
1.0,11541.0,0.0,1255.0,1601.0,0.0,0.0,850.0,405.0,0.0,0.0
1.0,13142.0,845.0,1221.0,0.0,0.0,0.0,816.0,405.0,845.0,0.0
1.0,12297.0,1744.0,1216.0,0.0,0.0,0.0,814.0,402.0,1744.0,0.0
1.0,10553.0,2638.0,1253.0,0.0,0.0,0.0,861.0,392.0,2638.0,0.0
1.0,7915.0,2693.0,1286.0,0.0,1208.0,1208.0,912.0,374.0,2693.0,0.0
1.0,5222.0,2053.0,1305.0,0.0,3356.0,3356.0,948.0,357.0,1844.0,209.0
1.0,3169.0,700.0,1300.0,0.0,4031.0,4031.0,950.0,350.0,107.0,593.0
1.0,2469.0,977.0,1311.0,1208.0,3855.0,3855.0,950.0,361.0,0.0,977.0
1.0,2700.0,1153.0,1333.0,3356.0,1762.0,1762.0,950.0,383.0,0.0,1153.0
1.0,4903.0,945.0,1336.0,4031.0,0.0,0.0,935.0,401.0,0.0,945.0
1.0,7989.0,359.0,1311.0,3855.0,0.0,0.0,903.0,408.0,0.0,359.0
1.0,11485.0,0.0,1262.0,1762.0,0.0,0.0,854.0,408.0,0.0,0.0
1.0,13247.0,874.0,1228.0,0.0,0.0,0.0,820.0,408.0,874.0,0.0
1.0,12373.0,1784.0,1222.0,0.0,0.0,0.0,818.0,404.0,1784.0,0.0
1.0,10589.0,2691.0,1259.0,0.0,0.0,0.0,866.0,393.0,2691.0,0.0
1.0,7898.0,2731.0,1294.0,0.0,1303.0,1303.0,919.0,375.0,2731.0,0.0
1.0,5167.0,2096.0,1312.0,0.0,3489.0,3489.0,954.0,358.0,1858.0,238.0
1.0,3071.0,714.0,1307.0,0.0,4178.0,4178.0,956.0,351.0,85.0,629.0
1.0,2357.0,1021.0,1320.0,1303.0,3961.0,3961.0,956.0,364.0,0.0,1021.0
1.0,2639.0,1176.0,1342.0,3489.0,1758.0,1758.0,956.0,386.0,0.0,1176.0
1.0,4952.0,946.0,1344.0,4178.0,0.0,0.0,940.0,404.0,0.0,946.0
1.0,8184.0,319.0,1317.0,3961.0,0.0,0.0,906.0,411.0,0.0,319.0
1.0,11826.0,12.0,1266.0,1758.0,0.0,0.0,855.0,411.0,12.0,0.0
1.0,13572.0,940.0,1233.0,0.0,0.0,0.0,822.0,411.0,940.0,0.0
1.0,12632.0,1865.0,1228.0,0.0,0.0,0.0,822.0,406.0,1865.0,0.0
1.0,10767.0,2779.0,1268.0,0.0,0.0,0.0,873.0,395.0,2779.0,0.0
1.0,7988.0,2771.0,1302.0,0.0,1293.0,1293.0,926.0,376.0,2771.0,0.0
1.0,5217.0,2096.0,1320.0,0.0,3479.0,3479.0,962.0,358.0,1834.0,262.0
1.0,3121.0,660.0,1315.0,0.0,4114.0,4114.0,962.0,353.0,0.0,660.0
1.0,2461.0,1059.0,1329.0,1293.0,3950.0,3950.0,962.0,367.0,0.0,1059.0
1.0,2695.0,1201.0,1352.0,3479.0,1787.0,1787.0,962.0,390.0,0.0,1201.0
1.0,4973.0,940.0,1353.0,4114.0,0.0,0.0,945.0,408.0,0.0,940.0
1.0,8147.0,280.0,1323.0,3950.0,0.0,0.0,910.0,413.0,0.0,280.0
1.0,11817.0,47.0,1272.0,1787.0,0.0,0.0,859.0,413.0,47.0,0.0
1.0,13557.0,983.0,1238.0,0.0,0.0,0.0,825.0,413.0,983.0,0.0
1.0,12574.0,1914.0,1236.0,0.0,0.0,0.0,827.0,409.0,1914.0,0.0
1.0,10660.0,2802.0,1277.0,0.0,0.0,0.0,880.0,397.0,2802.0,0.0
1.0,7858.0,2749.0,1311.0,0.0,1446.0,1446.0,933.0,378.0,2749.0,0.0
1.0,5109.0,2025.0,1327.0,0.0,3551.0,3551.0,967.0,360.0,1769.0,256.0
1.0,3084.0,654.0,1321.0,0.0,4175.0,4175.0,967.0,354.0,0.0,654.0
1.0,2430.0,1057.0,1336.0,1446.0,3861.0,3861.0,967.0,369.0,0.0,1057.0
1.0,2819.0,1198.0,1359.0,3551.0,1623.0,1623.0,967.0,392.0,0.0,1198.0
1.0,5172.0,941.0,1360.0,4175.0,0.0,0.0,950.0,410.0,0.0,941.0
1.0,8406.0,280.0,1331.0,3861.0,0.0,0.0,916.0,415.0,0.0,280.0
1.0,11987.0,17.0,1280.0,1623.0,0.0,0.0,865.0,415.0,17.0,0.0
1.0,13593.0,945.0,1246.0,0.0,0.0,0.0,831.0,415.0,945.0,0.0
1.0,12648.0,1867.0,1242.0,0.0,0.0,0.0,831.0,411.0,1867.0,0.0
1.0,10781.0,2776.0,1284.0,0.0,0.0,0.0,884.0,400.0,2776.0,0.0
1.0,8005.0,2752.0,1318.0,0.0,1337.0,1337.0,937.0,381.0,2752.0,0.0
1.0,5253.0,2047.0,1335.0,0.0,3469.0,3469.0,972.0,363.0,1810.0,237.0
1.0,3206.0,636.0,1329.0,0.0,4075.0,4075.0,972.0,357.0,0.0,636.0
1.0,2570.0,1030.0,1342.0,1337.0,3833.0,3833.0,972.0,370.0,0.0,1030.0
1.0,2877.0,1187.0,1365.0,3469.0,1666.0,1666.0,972.0,393.0,0.0,1187.0
1.0,5159.0,945.0,1366.0,4075.0,0.0,0.0,955.0,411.0,0.0,945.0
1.0,8289.0,314.0,1339.0,3833.0,0.0,0.0,922.0,417.0,0.0,314.0
1.0,11808.0,0.0,1288.0,1666.0,0.0,0.0,871.0,417.0,0.0,0.0
1.0,13474.0,918.0,1254.0,0.0,0.0,0.0,837.0,417.0,918.0,0.0
1.0,12556.0,1838.0,1250.0,0.0,0.0,0.0,837.0,413.0,1838.0,0.0
1.0,10718.0,2763.0,1290.0,0.0,0.0,0.0,888.0,402.0,2763.0,0.0
1.0,7955.0,2766.0,1324.0,0.0,1431.0,1431.0,941.0,383.0,2766.0,0.0
1.0,5189.0,2094.0,1343.0,0.0,3620.0,3620.0,977.0,366.0,1855.0,239.0
1.0,3095.0,651.0,1337.0,0.0,4241.0,4241.0,977.0,360.0,16.0,635.0
1.0,2444.0,1031.0,1350.0,1431.0,3906.0,3906.0,977.0,373.0,0.0,1031.0
1.0,2844.0,1189.0,1372.0,3620.0,1585.0,1585.0,977.0,395.0,0.0,1189.0
1.0,5275.0,957.0,1374.0,4241.0,0.0,0.0,960.0,414.0,0.0,957.0
1.0,8559.0,324.0,1346.0,3906.0,0.0,0.0,926.0,420.0,0.0,324.0
1.0,12141.0,34.0,1295.0,1585.0,0.0,0.0,875.0,420.0,34.0,0.0
1.0,13692.0,967.0,1261.0,0.0,0.0,0.0,841.0,420.0,967.0,0.0
1.0,12725.0,1907.0,1257.0,0.0,0.0,0.0,842.0,415.0,1907.0,0.0
1.0,10818.0,2810.0,1297.0,0.0,0.0,0.0,894.0,403.0,2810.0,0.0
1.0,8008.0,2782.0,1332.0,0.0,1434.0,1434.0,948.0,384.0,2782.0,0.0
1.0,5226.0,2087.0,1349.0,0.0,3606.0,3606.0,983.0,366.0,1821.0,266.0
1.0,3139.0,670.0,1344.0,0.0,4251.0,4251.0,983.0,361.0,0.0,670.0
1.0,2469.0,1075.0,1358.0,1434.0,3962.0,3962.0,983.0,375.0,0.0,1075.0
1.0,2828.0,1214.0,1382.0,3606.0,1690.0,1690.0,983.0,399.0,0.0,1214.0
1.0,5220.0,955.0,1382.0,4251.0,0.0,0.0,965.0,417.0,0.0,955.0
1.0,8516.0,287.0,1352.0,3962.0,0.0,0.0,929.0,423.0,0.0,287.0
1.0,12191.0,102.0,1300.0,1690.0,0.0,0.0,877.0,423.0,102.0,0.0
1.0,13779.0,1053.0,1267.0,0.0,0.0,0.0,844.0,423.0,1053.0,0.0
1.0,12726.0,2011.0,1266.0,0.0,0.0,0.0,848.0,418.0,2011.0,0.0
1.0,10715.0,2862.0,1308.0,0.0,0.0,0.0,903.0,405.0,2862.0,0.0
1.0,7853.0,2768.0,1341.0,0.0,1620.0,1620.0,956.0,385.0,2768.0,0.0
1.0,5085.0,1998.0,1356.0,0.0,3693.0,3693.0,989.0,367.0,1712.0,286.0
1.0,3087.0,695.0,1351.0,0.0,4363.0,4363.0,989.0,362.0,0.0,695.0
1.0,2392.0,1104.0,1367.0,1620.0,3927.0,3927.0,989.0,378.0,0.0,1104.0
1.0,2908.0,1232.0,1390.0,3693.0,1581.0,1581.0,988.0,402.0,0.0,1232.0
1.0,5369.0,946.0,1389.0,4363.0,0.0,0.0,969.0,420.0,0.0,946.0
1.0,8786.0,251.0,1357.0,3927.0,0.0,0.0,932.0,425.0,0.0,251.0
1.0,12462.0,114.0,1305.0,1581.0,0.0,0.0,880.0,425.0,114.0,0.0
1.0,13929.0,1068.0,1273.0,0.0,0.0,0.0,848.0,425.0,1068.0,0.0
1.0,12861.0,2026.0,1273.0,0.0,0.0,0.0,853.0,420.0,2026.0,0.0
1.0,10835.0,2865.0,1315.0,0.0,0.0,0.0,908.0,407.0,2865.0,0.0
1.0,7970.0,2754.0,1348.0,0.0,1524.0,1524.0,961.0,387.0,2754.0,0.0
1.0,5216.0,1957.0,1362.0,0.0,3551.0,3551.0,993.0,369.0,1679.0,278.0
1.0,3259.0,685.0,1357.0,0.0,4211.0,4211.0,993.0,364.0,0.0,685.0
1.0,2574.0,1097.0,1373.0,1524.0,3864.0,3864.0,993.0,380.0,0.0,1097.0
1.0,3001.0,1225.0,1397.0,3551.0,1658.0,1658.0,993.0,404.0,0.0,1225.0
1.0,5327.0,946.0,1397.0,4211.0,0.0,0.0,975.0,422.0,0.0,946.0
1.0,8592.0,255.0,1366.0,3864.0,0.0,0.0,939.0,427.0,0.0,255.0
1.0,12201.0,82.0,1314.0,1658.0,0.0,0.0,887.0,427.0,82.0,0.0
1.0,13777.0,1027.0,1281.0,0.0,0.0,0.0,854.0,427.0,1027.0,0.0
1.0,12750.0,1976.0,1279.0,0.0,0.0,0.0,857.0,422.0,1976.0,0.0
1.0,10774.0,2838.0,1322.0,0.0,0.0,0.0,912.0,410.0,2838.0,0.0
1.0,7936.0,2759.0,1355.0,0.0,1598.0,1598.0,965.0,390.0,2759.0,0.0
1.0,5177.0,1987.0,1370.0,0.0,3660.0,3660.0,998.0,372.0,1726.0,261.0
1.0,3190.0,670.0,1365.0,0.0,4305.0,4305.0,998.0,367.0,0.0,670.0
1.0,2520.0,1074.0,1380.0,1598.0,3856.0,3856.0,998.0,382.0,0.0,1074.0
1.0,3044.0,1217.0,1403.0,3660.0,1528.0,1528.0,998.0,405.0,0.0,1217.0
1.0,5487.0,951.0,1403.0,4305.0,0.0,0.0,980.0,423.0,0.0,951.0
1.0,8841.0,282.0,1374.0,3856.0,0.0,0.0,945.0,429.0,0.0,282.0
1.0,12415.0,79.0,1322.0,1528.0,0.0,0.0,893.0,429.0,79.0,0.0
1.0,13864.0,1030.0,1289.0,0.0,0.0,0.0,860.0,429.0,1030.0,0.0
1.0,12834.0,1977.0,1286.0,0.0,0.0,0.0,862.0,424.0,1977.0,0.0
1.0,10857.0,2851.0,1329.0,0.0,0.0,0.0,917.0,412.0,2851.0,0.0
1.0,8006.0,2770.0,1362.0,0.0,1574.0,1574.0,970.0,392.0,2770.0,0.0
1.0,5236.0,2022.0,1379.0,0.0,3681.0,3681.0,1004.0,375.0,1744.0,278.0
1.0,3214.0,686.0,1373.0,0.0,4337.0,4337.0,1004.0,369.0,0.0,686.0
1.0,2528.0,1095.0,1388.0,1574.0,3933.0,3933.0,1004.0,384.0,0.0,1095.0
1.0,3007.0,1227.0,1411.0,3681.0,1594.0,1594.0,1003.0,408.0,0.0,1227.0
1.0,5461.0,951.0,1410.0,4337.0,0.0,0.0,984.0,426.0,0.0,951.0
1.0,8847.0,272.0,1379.0,3933.0,0.0,0.0,948.0,431.0,0.0,272.0
1.0,12508.0,133.0,1327.0,1594.0,0.0,0.0,896.0,431.0,133.0,0.0
1.0,13969.0,1101.0,1295.0,0.0,0.0,0.0,864.0,431.0,1101.0,0.0
1.0,12868.0,2066.0,1295.0,0.0,0.0,0.0,869.0,426.0,2066.0,0.0
1.0,10802.0,2905.0,1338.0,0.0,0.0,0.0,925.0,413.0,2905.0,0.0
1.0,7897.0,2772.0,1371.0,0.0,1730.0,1730.0,978.0,393.0,2772.0,0.0
1.0,5125.0,1992.0,1385.0,0.0,3792.0,3792.0,1010.0,375.0,1681.0,311.0
1.0,3133.0,727.0,1381.0,0.0,4499.0,4499.0,1010.0,371.0,0.0,727.0
1.0,2406.0,1144.0,1397.0,1730.0,3993.0,3993.0,1010.0,387.0,0.0,1144.0
1.0,2992.0,1251.0,1419.0,3792.0,1562.0,1562.0,1008.0,411.0,0.0,1251.0
1.0,5533.0,947.0,1418.0,4499.0,0.0,0.0,988.0,430.0,0.0,947.0
1.0,9085.0,222.0,1383.0,3993.0,0.0,0.0,949.0,434.0,0.0,222.0
1.0,12856.0,183.0,1332.0,1562.0,0.0,0.0,898.0,434.0,183.0,0.0
1.0,14235.0,1166.0,1301.0,0.0,0.0,0.0,867.0,434.0,1166.0,0.0
1.0,13069.0,2145.0,1303.0,0.0,0.0,0.0,875.0,428.0,2145.0,0.0
1.0,10924.0,2946.0,1347.0,0.0,0.0,0.0,932.0,415.0,2946.0,0.0
1.0,7978.0,2760.0,1379.0,0.0,1677.0,1677.0,985.0,394.0,2760.0,0.0
1.0,5218.0,1925.0,1392.0,0.0,3667.0,3667.0,1016.0,376.0,1600.0,325.0
1.0,3293.0,745.0,1389.0,0.0,4397.0,4397.0,1016.0,373.0,0.0,745.0
1.0,2548.0,1165.0,1406.0,1677.0,3970.0,3970.0,1016.0,390.0,0.0,1165.0
1.0,3060.0,1264.0,1428.0,3667.0,1677.0,1677.0,1014.0,414.0,0.0,1264.0
1.0,5463.0,938.0,1425.0,4397.0,0.0,0.0,993.0,432.0,0.0,938.0
1.0,8922.0,192.0,1390.0,3970.0,0.0,0.0,954.0,436.0,0.0,192.0
1.0,12700.0,179.0,1338.0,1677.0,0.0,0.0,902.0,436.0,179.0,0.0
1.0,14198.0,1155.0,1308.0,0.0,0.0,0.0,872.0,436.0,1155.0,0.0
1.0,13043.0,2130.0,1311.0,0.0,0.0,0.0,880.0,431.0,2130.0,0.0
1.0,10913.0,2930.0,1355.0,0.0,0.0,0.0,937.0,418.0,2930.0,0.0
1.0,7983.0,2748.0,1387.0,0.0,1700.0,1700.0,990.0,397.0,2748.0,0.0
1.0,5235.0,1905.0,1399.0,0.0,3665.0,3665.0,1020.0,379.0,1595.0,310.0
1.0,3330.0,726.0,1395.0,0.0,4371.0,4371.0,1020.0,375.0,0.0,726.0
1.0,2604.0,1147.0,1412.0,1700.0,3903.0,3903.0,1020.0,392.0,0.0,1147.0
1.0,3157.0,1253.0,1435.0,3665.0,1606.0,1606.0,1019.0,416.0,0.0,1253.0
1.0,5569.0,942.0,1433.0,4371.0,0.0,0.0,999.0,434.0,0.0,942.0
1.0,8998.0,210.0,1399.0,3903.0,0.0,0.0,961.0,438.0,0.0,210.0
1.0,12691.0,154.0,1347.0,1606.0,0.0,0.0,909.0,438.0,154.0,0.0
1.0,14143.0,1121.0,1316.0,0.0,0.0,0.0,878.0,438.0,1121.0,0.0
1.0,13022.0,2093.0,1318.0,0.0,0.0,0.0,885.0,433.0,2093.0,0.0
1.0,10929.0,2906.0,1361.0,0.0,0.0,0.0,941.0,420.0,2906.0,0.0
1.0,8023.0,2757.0,1394.0,0.0,1704.0,1704.0,994.0,400.0,2757.0,0.0
1.0,5266.0,1929.0,1407.0,0.0,3698.0,3698.0,1025.0,382.0,1631.0,298.0
1.0,3337.0,718.0,1402.0,0.0,4391.0,4391.0,1025.0,377.0,0.0,718.0
1.0,2619.0,1133.0,1419.0,1704.0,3905.0,3905.0,1025.0,394.0,0.0,1133.0
1.0,3190.0,1250.0,1442.0,3698.0,1572.0,1572.0,1024.0,418.0,0.0,1250.0
1.0,5638.0,948.0,1440.0,4391.0,0.0,0.0,1004.0,436.0,0.0,948.0
1.0,9081.0,231.0,1406.0,3905.0,0.0,0.0,966.0,440.0,0.0,231.0
1.0,12755.0,170.0,1354.0,1572.0,0.0,0.0,914.0,440.0,170.0,0.0
1.0,14157.0,1144.0,1323.0,0.0,0.0,0.0,883.0,440.0,1144.0,0.0
1.0,13013.0,2124.0,1325.0,0.0,0.0,0.0,890.0,435.0,2124.0,0.0
1.0,10889.0,2931.0,1369.0,0.0,0.0,0.0,947.0,422.0,2931.0,0.0
1.0,7958.0,2770.0,1401.0,0.0,1817.0,1817.0,1000.0,401.0,2770.0,0.0
1.0,5188.0,1948.0,1415.0,0.0,3835.0,3835.0,1031.0,384.0,1626.0,322.0
1.0,3240.0,743.0,1411.0,0.0,4558.0,4558.0,1031.0,380.0,0.0,743.0
1.0,2497.0,1165.0,1428.0,1817.0,3991.0,3991.0,1031.0,397.0,0.0,1165.0
1.0,3149.0,1265.0,1450.0,3835.0,1531.0,1531.0,1029.0,421.0,0.0,1265.0
1.0,5719.0,950.0,1446.0,4558.0,0.0,0.0,1007.0,439.0,0.0,950.0
1.0,9327.0,209.0,1411.0,3991.0,0.0,0.0,968.0,443.0,0.0,209.0
1.0,13109.0,232.0,1359.0,1531.0,0.0,0.0,916.0,443.0,232.0,0.0
1.0,14408.0,1225.0,1330.0,0.0,0.0,0.0,887.0,443.0,1225.0,0.0
1.0,13183.0,2224.0,1334.0,0.0,0.0,0.0,897.0,437.0,2224.0,0.0
1.0,10959.0,2988.0,1377.0,0.0,0.0,0.0,954.0,423.0,2988.0,0.0
1.0,7971.0,2765.0,1409.0,0.0,1839.0,1839.0,1008.0,401.0,2765.0,0.0
1.0,5206.0,1888.0,1421.0,0.0,3787.0,3787.0,1037.0,384.0,1540.0,348.0
1.0,3318.0,777.0,1418.0,0.0,4549.0,4549.0,1037.0,381.0,0.0,777.0
1.0,2541.0,1206.0,1437.0,1839.0,4011.0,4011.0,1037.0,400.0,0.0,1206.0
1.0,3174.0,1287.0,1458.0,3787.0,1616.0,1616.0,1034.0,424.0,0.0,1287.0
1.0,5674.0,945.0,1454.0,4549.0,0.0,0.0,1011.0,443.0,0.0,945.0
1.0,9278.0,169.0,1416.0,4011.0,0.0,0.0,970.0,446.0,0.0,169.0
1.0,13120.0,275.0,1365.0,1616.0,0.0,0.0,919.0,446.0,275.0,0.0
1.0,14461.0,1284.0,1336.0,0.0,0.0,0.0,890.0,446.0,1284.0,0.0
1.0,13177.0,2288.0,1344.0,0.0,0.0,0.0,904.0,440.0,2288.0,0.0
1.0,10889.0,3017.0,1387.0,0.0,0.0,0.0,962.0,425.0,3017.0,0.0
1.0,7872.0,2741.0,1417.0,0.0,1954.0,1954.0,1014.0,403.0,2741.0,0.0
1.0,5131.0,1809.0,1427.0,0.0,3813.0,3813.0,1042.0,385.0,1456.0,353.0
1.0,3322.0,783.0,1424.0,0.0,4581.0,4581.0,1042.0,382.0,0.0,783.0
1.0,2539.0,1212.0,1444.0,1954.0,3939.0,3939.0,1042.0,402.0,0.0,1212.0
1.0,3281.0,1293.0,1466.0,3813.0,1529.0,1529.0,1039.0,427.0,0.0,1293.0
1.0,5801.0,939.0,1462.0,4581.0,0.0,0.0,1017.0,445.0,0.0,939.0
1.0,9443.0,155.0,1424.0,3939.0,0.0,0.0,976.0,448.0,0.0,155.0
1.0,13227.0,260.0,1372.0,1529.0,0.0,0.0,924.0,448.0,260.0,0.0
1.0,14496.0,1263.0,1344.0,0.0,0.0,0.0,896.0,448.0,1263.0,0.0
1.0,13233.0,2260.0,1351.0,0.0,0.0,0.0,909.0,442.0,2260.0,0.0
1.0,10973.0,3001.0,1394.0,0.0,0.0,0.0,966.0,428.0,3001.0,0.0
1.0,7972.0,2733.0,1425.0,0.0,1886.0,1886.0,1019.0,406.0,2733.0,0.0
1.0,5239.0,1807.0,1435.0,0.0,3743.0,3743.0,1047.0,388.0,1472.0,335.0
1.0,3432.0,761.0,1432.0,0.0,4489.0,4489.0,1047.0,385.0,0.0,761.0
1.0,2671.0,1191.0,1451.0,1886.0,3889.0,3889.0,1047.0,404.0,0.0,1191.0
1.0,3366.0,1281.0,1472.0,3743.0,1532.0,1532.0,1044.0,428.0,0.0,1281.0
1.0,5828.0,945.0,1469.0,4489.0,0.0,0.0,1023.0,446.0,0.0,945.0
1.0,9372.0,179.0,1432.0,3889.0,0.0,0.0,982.0,450.0,0.0,179.0
1.0,13082.0,229.0,1381.0,1532.0,0.0,0.0,931.0,450.0,229.0,0.0
1.0,14385.0,1225.0,1351.0,0.0,0.0,0.0,901.0,450.0,1225.0,0.0
1.0,13160.0,2217.0,1357.0,0.0,0.0,0.0,913.0,444.0,2217.0,0.0
1.0,10943.0,2985.0,1400.0,0.0,0.0,0.0,970.0,430.0,2985.0,0.0
1.0,7958.0,2752.0,1431.0,0.0,1949.0,1949.0,1023.0,408.0,2752.0,0.0
1.0,5206.0,1863.0,1443.0,0.0,3872.0,3872.0,1052.0,391.0,1533.0,330.0
1.0,3343.0,761.0,1439.0,0.0,4613.0,4613.0,1052.0,387.0,0.0,761.0
1.0,2582.0,1188.0,1458.0,1949.0,3947.0,3947.0,1052.0,406.0,0.0,1188.0
1.0,3343.0,1285.0,1479.0,3872.0,1465.0,1465.0,1049.0,430.0,0.0,1285.0
1.0,5930.0,952.0,1476.0,4613.0,0.0,0.0,1027.0,449.0,0.0,952.0
1.0,9591.0,192.0,1438.0,3947.0,0.0,0.0,986.0,452.0,0.0,192.0
1.0,13346.0,256.0,1387.0,1465.0,0.0,0.0,935.0,452.0,256.0,0.0
1.0,14555.0,1263.0,1358.0,0.0,0.0,0.0,906.0,452.0,1263.0,0.0
1.0,13292.0,2267.0,1364.0,0.0,0.0,0.0,918.0,446.0,2267.0,0.0
1.0,11025.0,3022.0,1408.0,0.0,0.0,0.0,976.0,432.0,3022.0,0.0
1.0,8003.0,2767.0,1439.0,0.0,1959.0,1959.0,1030.0,409.0,2767.0,0.0
1.0,5236.0,1873.0,1451.0,0.0,3892.0,3892.0,1059.0,392.0,1515.0,358.0
1.0,3363.0,792.0,1448.0,0.0,4669.0,4669.0,1059.0,389.0,0.0,792.0
1.0,2571.0,1226.0,1468.0,1959.0,4036.0,4036.0,1059.0,409.0,0.0,1226.0
1.0,3304.0,1303.0,1488.0,3892.0,1547.0,1547.0,1054.0,434.0,0.0,1303.0
1.0,5893.0,947.0,1483.0,4669.0,0.0,0.0,1031.0,452.0,0.0,947.0
1.0,9615.0,163.0,1443.0,4036.0,0.0,0.0,988.0,455.0,0.0,163.0
1.0,13488.0,322.0,1392.0,1547.0,0.0,0.0,937.0,455.0,322.0,0.0
1.0,14713.0,1344.0,1364.0,0.0,0.0,0.0,909.0,455.0,1344.0,0.0
1.0,13369.0,2372.0,1373.0,0.0,0.0,0.0,925.0,448.0,2372.0,0.0
1.0,10997.0,3074.0,1417.0,0.0,0.0,0.0,984.0,433.0,3074.0,0.0
1.0,7923.0,2755.0,1447.0,0.0,2067.0,2067.0,1037.0,410.0,2755.0,0.0
1.0,5168.0,1800.0,1458.0,0.0,3922.0,3922.0,1065.0,393.0,1414.0,386.0
1.0,3368.0,826.0,1455.0,0.0,4733.0,4733.0,1065.0,390.0,0.0,826.0
1.0,2542.0,1266.0,1477.0,2067.0,4042.0,4042.0,1065.0,412.0,0.0,1266.0
1.0,3343.0,1321.0,1496.0,3922.0,1536.0,1536.0,1059.0,437.0,0.0,1321.0
1.0,5944.0,941.0,1490.0,4733.0,0.0,0.0,1035.0,455.0,0.0,941.0
1.0,9736.0,116.0,1448.0,4042.0,0.0,0.0,991.0,457.0,0.0,116.0
1.0,13662.0,352.0,1396.0,1536.0,0.0,0.0,939.0,457.0,352.0,0.0
1.0,14846.0,1380.0,1370.0,0.0,0.0,0.0,913.0,457.0,1380.0,0.0
1.0,13466.0,2412.0,1383.0,0.0,0.0,0.0,932.0,451.0,2412.0,0.0
1.0,11054.0,3087.0,1426.0,0.0,0.0,0.0,991.0,435.0,3087.0,0.0
1.0,7967.0,2738.0,1456.0,0.0,2051.0,2051.0,1044.0,412.0,2738.0,0.0
1.0,5229.0,1734.0,1465.0,0.0,3830.0,3830.0,1070.0,395.0,1351.0,383.0
1.0,3495.0,822.0,1462.0,0.0,4637.0,4637.0,1070.0,392.0,0.0,822.0
1.0,2673.0,1261.0,1484.0,2051.0,3957.0,3957.0,1070.0,414.0,0.0,1261.0
1.0,3463.0,1321.0,1504.0,3830.0,1548.0,1548.0,1065.0,439.0,0.0,1321.0
1.0,5972.0,937.0,1497.0,4637.0,0.0,0.0,1040.0,457.0,0.0,937.0
1.0,9672.0,114.0,1456.0,3957.0,0.0,0.0,997.0,459.0,0.0,114.0
1.0,13515.0,325.0,1404.0,1548.0,0.0,0.0,945.0,459.0,325.0,0.0
1.0,14738.0,1344.0,1378.0,0.0,0.0,0.0,919.0,459.0,1344.0,0.0
1.0,13394.0,2367.0,1389.0,0.0,0.0,0.0,936.0,453.0,2367.0,0.0
1.0,11027.0,3060.0,1433.0,0.0,0.0,0.0,995.0,438.0,3060.0,0.0
1.0,7967.0,2738.0,1462.0,0.0,2081.0,2081.0,1047.0,415.0,2738.0,0.0
1.0,5229.0,1752.0,1472.0,0.0,3883.0,3883.0,1074.0,398.0,1387.0,365.0
1.0,3477.0,800.0,1469.0,0.0,4668.0,4668.0,1074.0,395.0,0.0,800.0
1.0,2677.0,1240.0,1489.0,2081.0,3927.0,3927.0,1074.0,415.0,0.0,1240.0
1.0,3518.0,1310.0,1510.0,3883.0,1459.0,1459.0,1070.0,440.0,0.0,1310.0
1.0,6091.0,945.0,1505.0,4668.0,0.0,0.0,1046.0,459.0,0.0,945.0
1.0,9814.0,140.0,1465.0,3927.0,0.0,0.0,1004.0,461.0,0.0,140.0
1.0,13601.0,313.0,1413.0,1459.0,0.0,0.0,952.0,461.0,313.0,0.0
1.0,14747.0,1330.0,1386.0,0.0,0.0,0.0,925.0,461.0,1330.0,0.0
1.0,13417.0,2352.0,1396.0,0.0,0.0,0.0,941.0,455.0,2352.0,0.0
1.0,11065.0,3057.0,1439.0,0.0,0.0,0.0,999.0,440.0,3057.0,0.0
1.0,8008.0,2752.0,1470.0,0.0,2094.0,2094.0,1052.0,418.0,2752.0,0.0
1.0,5256.0,1789.0,1480.0,0.0,3933.0,3933.0,1080.0,400.0,1421.0,368.0
1.0,3467.0,811.0,1477.0,0.0,4729.0,4729.0,1080.0,397.0,0.0,811.0
1.0,2656.0,1250.0,1498.0,2094.0,3990.0,3990.0,1080.0,418.0,0.0,1250.0
1.0,3500.0,1321.0,1518.0,3933.0,1478.0,1478.0,1075.0,443.0,0.0,1321.0
1.0,6112.0,950.0,1511.0,4729.0,0.0,0.0,1050.0,461.0,0.0,950.0
1.0,9891.0,141.0,1471.0,3990.0,0.0,0.0,1007.0,464.0,0.0,141.0
1.0,13740.0,361.0,1420.0,1478.0,0.0,0.0,956.0,464.0,361.0,0.0
1.0,14857.0,1398.0,1393.0,0.0,0.0,0.0,929.0,464.0,1398.0,0.0
1.0,13459.0,2432.0,1404.0,0.0,0.0,0.0,947.0,457.0,2432.0,0.0
1.0,11027.0,3112.0,1449.0,0.0,0.0,0.0,1007.0,442.0,3112.0,0.0
1.0,7915.0,2752.0,1478.0,0.0,2227.0,2227.0,1060.0,418.0,2752.0,0.0
1.0,5163.0,1766.0,1487.0,0.0,4038.0,4038.0,1086.0,401.0,1365.0,401.0
1.0,3397.0,847.0,1485.0,0.0,4875.0,4875.0,1086.0,399.0,0.0,847.0
1.0,2550.0,1294.0,1507.0,2227.0,4052.0,4052.0,1086.0,421.0,0.0,1294.0
1.0,3483.0,1341.0,1526.0,4038.0,1450.0,1450.0,1080.0,446.0,0.0,1341.0
1.0,6180.0,942.0,1519.0,4875.0,0.0,0.0,1054.0,465.0,0.0,942.0
1.0,10113.0,102.0,1475.0,4052.0,0.0,0.0,1008.0,467.0,0.0,102.0
1.0,14063.0,415.0,1424.0,1450.0,0.0,0.0,957.0,467.0,415.0,0.0
1.0,15098.0,1470.0,1399.0,0.0,0.0,0.0,932.0,467.0,1470.0,0.0
1.0,13628.0,2521.0,1413.0,0.0,0.0,0.0,954.0,459.0,2521.0,0.0
1.0,11107.0,3162.0,1457.0,0.0,0.0,0.0,1014.0,443.0,3162.0,0.0
1.0,7945.0,2744.0,1486.0,0.0,2229.0,2229.0,1067.0,419.0,2744.0,0.0
1.0,5201.0,1704.0,1494.0,0.0,3973.0,3973.0,1092.0,402.0,1280.0,424.0
1.0,3497.0,875.0,1492.0,0.0,4838.0,4838.0,1092.0,400.0,0.0,875.0
1.0,2622.0,1326.0,1516.0,2229.0,4055.0,4055.0,1092.0,424.0,0.0,1326.0
1.0,3525.0,1353.0,1535.0,3973.0,1530.0,1530.0,1085.0,450.0,0.0,1353.0
1.0,6145.0,934.0,1527.0,4838.0,0.0,0.0,1059.0,468.0,0.0,934.0
1.0,10049.0,59.0,1481.0,4055.0,0.0,0.0,1012.0,469.0,0.0,59.0
1.0,14045.0,414.0,1430.0,1530.0,0.0,0.0,961.0,469.0,414.0,0.0
1.0,15161.0,1469.0,1405.0,0.0,0.0,0.0,936.0,469.0,1469.0,0.0
1.0,13692.0,2519.0,1420.0,0.0,0.0,0.0,959.0,461.0,2519.0,0.0
1.0,11173.0,3159.0,1466.0,0.0,0.0,0.0,1020.0,446.0,3159.0,0.0
1.0,8014.0,2738.0,1493.0,0.0,2189.0,2189.0,1072.0,421.0,2738.0,0.0
1.0,5276.0,1687.0,1501.0,0.0,3916.0,3916.0,1097.0,404.0,1271.0,416.0
1.0,3589.0,864.0,1500.0,0.0,4775.0,4775.0,1097.0,403.0,0.0,864.0
1.0,2725.0,1312.0,1523.0,2189.0,4013.0,4013.0,1097.0,426.0,0.0,1312.0
1.0,3602.0,1349.0,1542.0,3916.0,1541.0,1541.0,1090.0,452.0,0.0,1349.0
1.0,6169.0,932.0,1534.0,4775.0,0.0,0.0,1065.0,469.0,0.0,932.0
1.0,10012.0,67.0,1490.0,4013.0,0.0,0.0,1019.0,471.0,0.0,67.0
1.0,13958.0,381.0,1439.0,1541.0,0.0,0.0,968.0,471.0,381.0,0.0
1.0,15118.0,1422.0,1413.0,0.0,0.0,0.0,942.0,471.0,1422.0,0.0
1.0,13696.0,2463.0,1427.0,0.0,0.0,0.0,963.0,464.0,2463.0,0.0
1.0,11233.0,3127.0,1471.0,0.0,0.0,0.0,1023.0,448.0,3127.0,0.0
1.0,8106.0,2745.0,1500.0,0.0,2139.0,2139.0,1076.0,424.0,2745.0,0.0
1.0,5361.0,1728.0,1508.0,0.0,3907.0,3907.0,1101.0,407.0,1327.0,401.0
1.0,3633.0,852.0,1506.0,0.0,4749.0,4749.0,1101.0,405.0,0.0,852.0
1.0,2781.0,1298.0,1529.0,2139.0,4023.0,4023.0,1101.0,428.0,0.0,1298.0
1.0,3622.0,1343.0,1548.0,3907.0,1554.0,1554.0,1095.0,453.0,0.0,1343.0
1.0,6186.0,937.0,1541.0,4749.0,0.0,0.0,1070.0,471.0,0.0,937.0
1.0,9998.0,85.0,1498.0,4023.0,0.0,0.0,1025.0,473.0,0.0,85.0
1.0,13936.0,390.0,1446.0,1554.0,0.0,0.0,973.0,473.0,390.0,0.0
1.0,15100.0,1434.0,1421.0,0.0,0.0,0.0,948.0,473.0,1434.0,0.0
1.0,13666.0,2484.0,1434.0,0.0,0.0,0.0,968.0,466.0,2484.0,0.0
1.0,11182.0,3140.0,1479.0,0.0,0.0,0.0,1029.0,450.0,3140.0,0.0
1.0,8042.0,2759.0,1508.0,0.0,2257.0,2257.0,1082.0,426.0,2759.0,0.0
1.0,5283.0,1743.0,1516.0,0.0,4040.0,4040.0,1107.0,409.0,1324.0,419.0
1.0,3540.0,869.0,1514.0,0.0,4899.0,4899.0,1107.0,407.0,0.0,869.0
1.0,2671.0,1320.0,1537.0,2257.0,4077.0,4077.0,1107.0,430.0,0.0,1320.0
1.0,3608.0,1353.0,1556.0,4040.0,1485.0,1485.0,1100.0,456.0,0.0,1353.0
1.0,6295.0,937.0,1547.0,4899.0,0.0,0.0,1073.0,474.0,0.0,937.0
1.0,10257.0,71.0,1502.0,4077.0,0.0,0.0,1027.0,475.0,0.0,71.0
1.0,14263.0,449.0,1450.0,1485.0,0.0,0.0,975.0,475.0,449.0,0.0
1.0,15299.0,1511.0,1427.0,0.0,0.0,0.0,952.0,475.0,1511.0,0.0
1.0,13788.0,2580.0,1443.0,0.0,0.0,0.0,975.0,468.0,2580.0,0.0
1.0,11208.0,3196.0,1487.0,0.0,0.0,0.0,1036.0,451.0,3196.0,0.0
1.0,8012.0,2757.0,1516.0,0.0,2325.0,2325.0,1089.0,427.0,2757.0,0.0
1.0,5255.0,1703.0,1523.0,0.0,4063.0,4063.0,1113.0,410.0,1246.0,457.0
1.0,3552.0,916.0,1522.0,0.0,4974.0,4974.0,1113.0,409.0,0.0,916.0
1.0,2636.0,1375.0,1547.0,2325.0,4149.0,4149.0,1113.0,434.0,0.0,1375.0
1.0,3586.0,1378.0,1565.0,4063.0,1554.0,1554.0,1105.0,460.0,0.0,1378.0
1.0,6271.0,922.0,1555.0,4974.0,0.0,0.0,1077.0,478.0,0.0,922.0
1.0,10323.0,13.0,1507.0,4149.0,0.0,0.0,1029.0,478.0,0.0,13.0
1.0,14459.0,502.0,1456.0,1554.0,0.0,0.0,978.0,478.0,502.0,0.0
1.0,15511.0,1578.0,1433.0,0.0,0.0,0.0,955.0,478.0,1578.0,0.0
1.0,13933.0,2659.0,1452.0,0.0,0.0,0.0,982.0,470.0,2659.0,0.0
1.0,11274.0,3234.0,1497.0,0.0,0.0,0.0,1044.0,453.0,3234.0,0.0
1.0,8040.0,2748.0,1524.0,0.0,2328.0,2328.0,1096.0,428.0,2738.0,10.0
1.0,5292.0,1626.0,1530.0,0.0,3984.0,3984.0,1119.0,411.0,1155.0,471.0
1.0,3666.0,932.0,1530.0,0.0,4916.0,4916.0,1119.0,411.0,0.0,932.0
1.0,2734.0,1383.0,1555.0,2328.0,4096.0,4096.0,1119.0,436.0,0.0,1383.0
1.0,3679.0,1373.0,1574.0,3984.0,1580.0,1580.0,1111.0,463.0,0.0,1373.0
1.0,6290.0,907.0,1562.0,4916.0,0.0,0.0,1082.0,480.0,0.0,907.0
1.0,10299.0,0.0,1514.0,4096.0,0.0,0.0,1034.0,480.0,0.0,0.0
1.0,14395.0,492.0,1463.0,1580.0,0.0,0.0,983.0,480.0,492.0,0.0
1.0,15483.0,1569.0,1440.0,0.0,0.0,0.0,960.0,480.0,1569.0,0.0
1.0,13914.0,2640.0,1459.0,0.0,0.0,0.0,987.0,472.0,2640.0,0.0
1.0,11274.0,3218.0,1503.0,0.0,0.0,0.0,1048.0,455.0,3218.0,0.0
1.0,8056.0,2728.0,1531.0,0.0,2327.0,2327.0,1101.0,430.0,2723.0,5.0
1.0,5328.0,1615.0,1536.0,0.0,3967.0,3967.0,1123.0,413.0,1152.0,463.0
1.0,3713.0,921.0,1536.0,0.0,4888.0,4888.0,1123.0,413.0,0.0,921.0
1.0,2792.0,1373.0,1561.0,2327.0,4059.0,4059.0,1123.0,438.0,0.0,1373.0
1.0,3746.0,1372.0,1581.0,3967.0,1564.0,1564.0,1116.0,465.0,0.0,1372.0
1.0,6341.0,908.0,1570.0,4888.0,0.0,0.0,1088.0,482.0,0.0,908.0
1.0,10321.0,0.0,1523.0,4059.0,0.0,0.0,1041.0,482.0,0.0,0.0
1.0,14380.0,470.0,1472.0,1564.0,0.0,0.0,990.0,482.0,470.0,0.0
1.0,15474.0,1539.0,1449.0,0.0,0.0,0.0,967.0,482.0,1539.0,0.0
1.0,13935.0,2603.0,1465.0,0.0,0.0,0.0,991.0,474.0,2603.0,0.0
1.0,11332.0,3202.0,1511.0,0.0,0.0,0.0,1053.0,458.0,3202.0,0.0
1.0,8130.0,2727.0,1538.0,0.0,2287.0,2287.0,1105.0,433.0,2727.0,0.0
1.0,5403.0,1646.0,1544.0,0.0,3963.0,3963.0,1128.0,416.0,1194.0,452.0
1.0,3757.0,909.0,1543.0,0.0,4867.0,4867.0,1128.0,415.0,0.0,909.0
1.0,2848.0,1371.0,1568.0,2287.0,4076.0,4076.0,1128.0,440.0,0.0,1371.0
1.0,3764.0,1376.0,1587.0,3963.0,1584.0,1584.0,1121.0,466.0,0.0,1376.0
1.0,6351.0,925.0,1577.0,4867.0,0.0,0.0,1093.0,484.0,0.0,925.0
1.0,10293.0,12.0,1529.0,4076.0,0.0,0.0,1045.0,484.0,0.0,12.0
1.0,14357.0,487.0,1478.0,1584.0,0.0,0.0,994.0,484.0,487.0,0.0
1.0,15454.0,1564.0,1455.0,0.0,0.0,0.0,971.0,484.0,1564.0,0.0
1.0,13890.0,2638.0,1473.0,0.0,0.0,0.0,997.0,476.0,2638.0,0.0
1.0,11252.0,3231.0,1519.0,0.0,0.0,0.0,1059.0,460.0,3231.0,0.0
1.0,8021.0,2749.0,1546.0,0.0,2458.0,2458.0,1112.0,434.0,2744.0,5.0
1.0,5272.0,1657.0,1551.0,0.0,4140.0,4140.0,1134.0,417.0,1190.0,467.0
1.0,3615.0,935.0,1551.0,0.0,5075.0,5075.0,1134.0,417.0,0.0,935.0
1.0,2680.0,1394.0,1577.0,2458.0,4141.0,4141.0,1134.0,443.0,0.0,1394.0
1.0,3744.0,1392.0,1596.0,4140.0,1488.0,1488.0,1126.0,470.0,0.0,1392.0
1.0,6492.0,923.0,1584.0,5075.0,0.0,0.0,1097.0,487.0,0.0,923.0
1.0,10644.0,0.0,1534.0,4141.0,0.0,0.0,1047.0,487.0,0.0,0.0
1.0,14785.0,547.0,1483.0,1488.0,0.0,0.0,996.0,487.0,547.0,0.0
1.0,15726.0,1643.0,1462.0,0.0,0.0,0.0,975.0,487.0,1643.0,0.0
1.0,14083.0,2736.0,1482.0,0.0,0.0,0.0,1003.0,479.0,2736.0,0.0
1.0,11347.0,3288.0,1528.0,0.0,0.0,0.0,1067.0,461.0,3288.0,0.0
1.0,8059.0,2768.0,1554.0,0.0,2479.0,2479.0,1119.0,435.0,2741.0,27.0
1.0,5291.0,1609.0,1559.0,0.0,4113.0,4113.0,1141.0,418.0,1107.0,502.0
1.0,3682.0,973.0,1560.0,0.0,5091.0,5091.0,1141.0,419.0,0.0,973.0
1.0,2709.0,1417.0,1587.0,2479.0,4164.0,4164.0,1141.0,446.0,0.0,1417.0
1.0,3771.0,1386.0,1604.0,4113.0,1522.0,1522.0,1131.0,473.0,0.0,1386.0
1.0,6498.0,885.0,1591.0,5091.0,0.0,0.0,1101.0,490.0,0.0,885.0
1.0,10704.0,0.0,1539.0,4164.0,0.0,0.0,1049.0,490.0,0.0,0.0
1.0,14868.0,585.0,1489.0,1522.0,0.0,0.0,999.0,490.0,585.0,0.0
1.0,15805.0,1686.0,1468.0,0.0,0.0,0.0,978.0,490.0,1686.0,0.0
1.0,14119.0,2792.0,1491.0,0.0,0.0,0.0,1010.0,481.0,2792.0,0.0
1.0,11327.0,3307.0,1536.0,0.0,0.0,0.0,1073.0,463.0,3307.0,0.0
1.0,8020.0,2759.0,1563.0,0.0,2554.0,2554.0,1126.0,437.0,2721.0,38.0
1.0,5261.0,1543.0,1566.0,0.0,4112.0,4112.0,1146.0,420.0,1034.0,509.0
1.0,3718.0,980.0,1568.0,0.0,5102.0,5102.0,1146.0,422.0,0.0,980.0
1.0,2738.0,1413.0,1595.0,2554.0,4096.0,4096.0,1146.0,449.0,0.0,1413.0
1.0,3879.0,1374.0,1611.0,4112.0,1438.0,1438.0,1136.0,475.0,0.0,1374.0
1.0,6617.0,869.0,1598.0,5102.0,0.0,0.0,1106.0,492.0,0.0,869.0
1.0,10850.0,0.0,1547.0,4096.0,0.0,0.0,1055.0,492.0,0.0,0.0
1.0,14946.0,569.0,1496.0,1438.0,0.0,0.0,1004.0,492.0,569.0,0.0
1.0,15815.0,1663.0,1476.0,0.0,0.0,0.0,984.0,492.0,1663.0,0.0
1.0,14152.0,2761.0,1498.0,0.0,0.0,0.0,1015.0,483.0,2761.0,0.0
1.0,11391.0,3284.0,1543.0,0.0,0.0,0.0,1078.0,465.0,3284.0,0.0
1.0,8107.0,2747.0,1569.0,0.0,2485.0,2485.0,1130.0,439.0,2717.0,30.0
1.0,5360.0,1543.0,1572.0,0.0,4043.0,4043.0,1150.0,422.0,1046.0,497.0
1.0,3817.0,964.0,1574.0,0.0,5017.0,5017.0,1150.0,424.0,0.0,964.0
1.0,2853.0,1401.0,1600.0,2485.0,4063.0,4063.0,1150.0,450.0,0.0,1401.0
1.0,3937.0,1376.0,1618.0,4043.0,1486.0,1486.0,1141.0,477.0,0.0,1376.0
1.0,6604.0,879.0,1606.0,5017.0,0.0,0.0,1112.0,494.0,0.0,879.0
1.0,10742.0,0.0,1556.0,4063.0,0.0,0.0,1062.0,494.0,0.0,0.0
1.0,14805.0,547.0,1505.0,1486.0,0.0,0.0,1011.0,494.0,547.0,0.0
1.0,15744.0,1636.0,1484.0,0.0,0.0,0.0,990.0,494.0,1636.0,0.0
1.0,14108.0,2730.0,1504.0,0.0,0.0,0.0,1019.0,485.0,2730.0,0.0
1.0,11378.0,3273.0,1550.0,0.0,0.0,0.0,1082.0,468.0,3273.0,0.0
1.0,8105.0,2760.0,1577.0,0.0,2540.0,2540.0,1135.0,442.0,2732.0,28.0
1.0,5345.0,1589.0,1581.0,0.0,4149.0,4149.0,1156.0,425.0,1093.0,496.0
1.0,3756.0,964.0,1582.0,0.0,5118.0,5118.0,1156.0,426.0,0.0,964.0
1.0,2792.0,1410.0,1609.0,2540.0,4123.0,4123.0,1156.0,453.0,0.0,1410.0
1.0,3922.0,1383.0,1625.0,4149.0,1437.0,1437.0,1146.0,479.0,0.0,1383.0
1.0,6688.0,889.0,1612.0,5118.0,0.0,0.0,1116.0,496.0,0.0,889.0
1.0,10917.0,0.0,1561.0,4123.0,0.0,0.0,1065.0,496.0,0.0,0.0
1.0,15040.0,584.0,1511.0,1437.0,0.0,0.0,1015.0,496.0,584.0,0.0
1.0,15893.0,1690.0,1490.0,0.0,0.0,0.0,994.0,496.0,1690.0,0.0
1.0,14203.0,2793.0,1512.0,0.0,0.0,0.0,1025.0,487.0,2793.0,0.0
1.0,11410.0,3314.0,1558.0,0.0,0.0,0.0,1089.0,469.0,3314.0,0.0
1.0,8096.0,2783.0,1584.0,0.0,2607.0,2607.0,1141.0,443.0,2736.0,47.0
1.0,5313.0,1579.0,1589.0,0.0,4211.0,4211.0,1162.0,427.0,1052.0,527.0
1.0,3734.0,1003.0,1590.0,0.0,5219.0,5219.0,1162.0,428.0,0.0,1003.0
1.0,2731.0,1433.0,1618.0,2607.0,4185.0,4185.0,1162.0,456.0,0.0,1433.0
1.0,3905.0,1383.0,1633.0,4211.0,1432.0,1432.0,1151.0,482.0,0.0,1383.0
1.0,6733.0,858.0,1619.0,5219.0,0.0,0.0,1120.0,499.0,0.0,858.0
1.0,11094.0,0.0,1566.0,4185.0,0.0,0.0,1067.0,499.0,0.0,0.0
1.0,15279.0,654.0,1515.0,1432.0,0.0,0.0,1016.0,499.0,654.0,0.0
1.0,16057.0,1779.0,1496.0,0.0,0.0,0.0,998.0,498.0,1779.0,0.0
1.0,14278.0,2900.0,1521.0,0.0,0.0,0.0,1032.0,489.0,2900.0,0.0
1.0,11378.0,3373.0,1567.0,0.0,0.0,0.0,1097.0,470.0,3373.0,0.0
1.0,8005.0,2787.0,1593.0,0.0,2747.0,2747.0,1149.0,444.0,2717.0,70.0
1.0,5218.0,1498.0,1595.0,0.0,4255.0,4255.0,1167.0,428.0,941.0,557.0
1.0,3720.0,1039.0,1598.0,0.0,5309.0,5309.0,1167.0,431.0,0.0,1039.0
1.0,2681.0,1451.0,1626.0,2747.0,4153.0,4153.0,1167.0,459.0,0.0,1451.0
1.0,3977.0,1376.0,1641.0,4255.0,1349.0,1349.0,1156.0,485.0,0.0,1376.0
1.0,6856.0,819.0,1625.0,5309.0,0.0,0.0,1124.0,501.0,0.0,819.0
1.0,11346.0,0.0,1571.0,4153.0,0.0,0.0,1070.0,501.0,0.0,0.0
1.0,15499.0,675.0,1521.0,1349.0,0.0,0.0,1020.0,501.0,675.0,0.0
1.0,16173.0,1804.0,1502.0,0.0,0.0,0.0,1002.0,500.0,1804.0,0.0
1.0,14369.0,2928.0,1529.0,0.0,0.0,0.0,1038.0,491.0,2928.0,0.0
1.0,11441.0,3381.0,1575.0,0.0,0.0,0.0,1103.0,472.0,3381.0,0.0
1.0,8060.0,2772.0,1601.0,0.0,2717.0,2717.0,1155.0,446.0,2699.0,73.0
1.0,5288.0,1452.0,1602.0,0.0,4174.0,4174.0,1172.0,430.0,898.0,554.0
1.0,3836.0,1034.0,1605.0,0.0,5223.0,5223.0,1172.0,433.0,0.0,1034.0
1.0,2802.0,1441.0,1633.0,2717.0,4087.0,4087.0,1172.0,461.0,0.0,1441.0
1.0,4078.0,1367.0,1649.0,4174.0,1360.0,1360.0,1162.0,487.0,0.0,1367.0
1.0,6885.0,817.0,1633.0,5223.0,0.0,0.0,1130.0,503.0,0.0,817.0
1.0,11291.0,0.0,1579.0,4087.0,0.0,0.0,1076.0,503.0,0.0,0.0
1.0,15378.0,641.0,1529.0,1360.0,0.0,0.0,1026.0,503.0,641.0,0.0
1.0,16097.0,1761.0,1510.0,0.0,0.0,0.0,1007.0,503.0,1761.0,0.0
1.0,14336.0,2876.0,1535.0,0.0,0.0,0.0,1042.0,493.0,2876.0,0.0
1.0,11460.0,3354.0,1582.0,0.0,0.0,0.0,1107.0,475.0,3354.0,0.0
1.0,8106.0,2771.0,1608.0,0.0,2705.0,2705.0,1159.0,449.0,2707.0,64.0
1.0,5335.0,1490.0,1610.0,0.0,4205.0,4205.0,1177.0,433.0,949.0,541.0
1.0,3845.0,1018.0,1612.0,0.0,5233.0,5233.0,1177.0,435.0,0.0,1018.0
1.0,2827.0,1431.0,1640.0,2705.0,4099.0,4099.0,1177.0,463.0,0.0,1431.0
1.0,4101.0,1372.0,1656.0,4205.0,1346.0,1346.0,1167.0,489.0,0.0,1372.0
1.0,6934.0,831.0,1640.0,5233.0,0.0,0.0,1135.0,505.0,0.0,831.0
1.0,11336.0,0.0,1588.0,4099.0,0.0,0.0,1083.0,505.0,0.0,0.0
1.0,15435.0,633.0,1537.0,1346.0,0.0,0.0,1032.0,505.0,633.0,0.0
1.0,16148.0,1747.0,1518.0,0.0,0.0,0.0,1013.0,505.0,1747.0,0.0
1.0,14401.0,2862.0,1542.0,0.0,0.0,0.0,1047.0,495.0,2862.0,0.0
1.0,11539.0,3351.0,1589.0,0.0,0.0,0.0,1112.0,477.0,3351.0,0.0
1.0,8188.0,2792.0,1615.0,0.0,2679.0,2679.0,1164.0,451.0,2722.0,70.0
1.0,5396.0,1534.0,1618.0,0.0,4228.0,4228.0,1183.0,435.0,984.0,550.0
1.0,3862.0,1030.0,1621.0,0.0,5273.0,5273.0,1183.0,438.0,0.0,1030.0
1.0,2832.0,1446.0,1648.0,2679.0,4175.0,4175.0,1183.0,465.0,0.0,1446.0
1.0,4065.0,1378.0,1664.0,4228.0,1405.0,1405.0,1172.0,492.0,0.0,1378.0
1.0,6915.0,830.0,1647.0,5273.0,0.0,0.0,1139.0,508.0,0.0,830.0
1.0,11358.0,0.0,1593.0,4175.0,0.0,0.0,1085.0,508.0,0.0,0.0
1.0,15533.0,690.0,1543.0,1405.0,0.0,0.0,1035.0,508.0,690.0,0.0
1.0,16248.0,1821.0,1524.0,0.0,0.0,0.0,1017.0,507.0,1821.0,0.0
1.0,14427.0,2959.0,1551.0,0.0,0.0,0.0,1054.0,497.0,2959.0,0.0
1.0,11468.0,3404.0,1597.0,0.0,0.0,0.0,1119.0,478.0,3404.0,0.0
1.0,8064.0,2817.0,1624.0,0.0,2873.0,2873.0,1172.0,452.0,2725.0,92.0
1.0,5247.0,1484.0,1625.0,0.0,4362.0,4362.0,1189.0,436.0,904.0,580.0
1.0,3763.0,1074.0,1629.0,0.0,5456.0,5456.0,1189.0,440.0,0.0,1074.0
1.0,2689.0,1471.0,1658.0,2873.0,4199.0,4199.0,1189.0,469.0,0.0,1471.0
1.0,4091.0,1381.0,1672.0,4362.0,1288.0,1288.0,1177.0,495.0,0.0,1381.0
1.0,7072.0,797.0,1653.0,5456.0,0.0,0.0,1142.0,511.0,0.0,797.0
1.0,11731.0,0.0,1598.0,4199.0,0.0,0.0,1087.0,511.0,0.0,0.0
1.0,15930.0,747.0,1547.0,1288.0,0.0,0.0,1036.0,511.0,747.0,0.0
1.0,16471.0,1895.0,1529.0,0.0,0.0,0.0,1020.0,509.0,1895.0,0.0
1.0,14576.0,3048.0,1560.0,0.0,0.0,0.0,1061.0,499.0,3048.0,0.0
1.0,11528.0,3450.0,1606.0,0.0,0.0,0.0,1127.0,479.0,3450.0,0.0
1.0,8078.0,2813.0,1632.0,0.0,2895.0,2895.0,1179.0,453.0,2709.0,104.0
1.0,5265.0,1412.0,1633.0,0.0,4312.0,4312.0,1195.0,438.0,810.0,602.0
1.0,3853.0,1095.0,1638.0,0.0,5432.0,5432.0,1195.0,443.0,0.0,1095.0
1.0,2758.0,1484.0,1667.0,2895.0,4166.0,4166.0,1195.0,472.0,0.0,1484.0
1.0,4169.0,1374.0,1680.0,4312.0,1293.0,1293.0,1182.0,498.0,0.0,1374.0
1.0,7107.0,771.0,1660.0,5432.0,0.0,0.0,1147.0,513.0,0.0,771.0
1.0,11768.0,0.0,1604.0,4166.0,0.0,0.0,1091.0,513.0,0.0,0.0
1.0,15934.0,747.0,1553.0,1293.0,0.0,0.0,1040.0,513.0,747.0,0.0
1.0,16480.0,1894.0,1537.0,0.0,0.0,0.0,1025.0,512.0,1894.0,0.0
1.0,14586.0,3045.0,1567.0,0.0,0.0,0.0,1066.0,501.0,3045.0,0.0
1.0,11541.0,3443.0,1613.0,0.0,0.0,0.0,1132.0,481.0,3443.0,0.0
1.0,8098.0,2797.0,1639.0,0.0,2894.0,2894.0,1184.0,455.0,2698.0,99.0
1.0,5301.0,1385.0,1639.0,0.0,4279.0,4279.0,1199.0,440.0,796.0,589.0
1.0,3916.0,1079.0,1644.0,0.0,5383.0,5383.0,1199.0,445.0,0.0,1079.0
1.0,2837.0,1469.0,1673.0,2894.0,4103.0,4103.0,1199.0,474.0,0.0,1469.0
1.0,4262.0,1369.0,1687.0,4279.0,1263.0,1263.0,1187.0,500.0,0.0,1369.0
1.0,7172.0,783.0,1668.0,5383.0,0.0,0.0,1153.0,515.0,0.0,783.0
1.0,11772.0,0.0,1613.0,4103.0,0.0,0.0,1098.0,515.0,0.0,0.0
1.0,15875.0,714.0,1562.0,1263.0,0.0,0.0,1047.0,515.0,714.0,0.0
1.0,16424.0,1857.0,1545.0,0.0,0.0,0.0,1031.0,514.0,1857.0,0.0
1.0,14567.0,2994.0,1573.0,0.0,0.0,0.0,1070.0,503.0,2994.0,0.0
1.0,11573.0,3417.0,1620.0,0.0,0.0,0.0,1136.0,484.0,3417.0,0.0
1.0,8156.0,2794.0,1646.0,0.0,2868.0,2868.0,1188.0,458.0,2702.0,92.0
1.0,5362.0,1424.0,1647.0,0.0,4297.0,4297.0,1204.0,443.0,845.0,579.0
1.0,3938.0,1066.0,1651.0,0.0,5383.0,5383.0,1204.0,447.0,0.0,1066.0
1.0,2872.0,1462.0,1679.0,2868.0,4117.0,4117.0,1204.0,475.0,0.0,1462.0
1.0,4278.0,1376.0,1694.0,4297.0,1271.0,1271.0,1192.0,502.0,0.0,1376.0
1.0,7199.0,798.0,1675.0,5383.0,0.0,0.0,1158.0,517.0,0.0,798.0
1.0,11784.0,0.0,1620.0,4117.0,0.0,0.0,1103.0,517.0,0.0,0.0
1.0,15901.0,729.0,1570.0,1271.0,0.0,0.0,1053.0,517.0,729.0,0.0
1.0,16443.0,1876.0,1553.0,0.0,0.0,0.0,1037.0,516.0,1876.0,0.0
1.0,14567.0,3019.0,1581.0,0.0,0.0,0.0,1076.0,505.0,3019.0,0.0
1.0,11548.0,3440.0,1627.0,0.0,27.0,27.0,1142.0,485.0,3440.0,0.0
1.0,8108.0,2815.0,1654.0,0.0,2977.0,2977.0,1194.0,460.0,2710.0,105.0
1.0,5293.0,1441.0,1655.0,0.0,4423.0,4423.0,1210.0,445.0,844.0,597.0
1.0,3852.0,1090.0,1660.0,27.0,5511.0,5511.0,1210.0,450.0,0.0,1090.0
1.0,2789.0,1484.0,1688.0,2977.0,4158.0,4158.0,1210.0,478.0,0.0,1484.0
1.0,4282.0,1381.0,1702.0,4423.0,1186.0,1186.0,1197.0,505.0,0.0,1381.0
1.0,7324.0,786.0,1682.0,5511.0,0.0,0.0,1162.0,520.0,0.0,786.0
1.0,12049.0,0.0,1625.0,4158.0,0.0,0.0,1105.0,520.0,0.0,0.0
1.0,16207.0,786.0,1575.0,1186.0,0.0,0.0,1055.0,520.0,786.0,0.0
1.0,16607.0,1952.0,1558.0,0.0,0.0,0.0,1040.0,518.0,1952.0,0.0
1.0,14655.0,3115.0,1589.0,0.0,0.0,0.0,1082.0,507.0,3115.0,0.0
1.0,11540.0,3498.0,1636.0,0.0,138.0,138.0,1150.0,486.0,3498.0,0.0
1.0,8042.0,2840.0,1662.0,0.0,3108.0,3108.0,1202.0,460.0,2712.0,128.0
1.0,5202.0,1397.0,1663.0,0.0,4510.0,4510.0,1217.0,446.0,769.0,628.0
1.0,3805.0,1134.0,1669.0,138.0,5536.0,5536.0,1217.0,452.0,0.0,1134.0
1.0,2809.0,1507.0,1698.0,3108.0,4080.0,4080.0,1217.0,481.0,0.0,1507.0
1.0,4410.0,1381.0,1710.0,4510.0,1011.0,1011.0,1202.0,508.0,0.0,1381.0
1.0,7539.0,749.0,1688.0,5536.0,0.0,0.0,1166.0,522.0,0.0,749.0
1.0,12326.0,0.0,1629.0,4080.0,0.0,0.0,1107.0,522.0,0.0,0.0
1.0,16406.0,828.0,1579.0,1011.0,0.0,0.0,1057.0,522.0,828.0,0.0
1.0,16589.0,2006.0,1563.0,0.0,0.0,0.0,1043.0,520.0,2006.0,0.0
1.0,14583.0,3180.0,1598.0,0.0,0.0,0.0,1089.0,509.0,3180.0,0.0
1.0,11403.0,3531.0,1645.0,0.0,353.0,353.0,1157.0,488.0,3531.0,0.0
1.0,7872.0,2833.0,1671.0,0.0,3316.0,3316.0,1209.0,462.0,2698.0,135.0
1.0,5039.0,1339.0,1670.0,0.0,4650.0,4650.0,1222.0,448.0,696.0,643.0
1.0,3700.0,1146.0,1677.0,353.0,5478.0,5478.0,1222.0,455.0,0.0,1146.0
1.0,2907.0,1513.0,1706.0,3316.0,3820.0,3820.0,1222.0,484.0,0.0,1513.0
1.0,4710.0,1372.0,1718.0,4650.0,602.0,602.0,1208.0,510.0,0.0,1372.0
1.0,7988.0,728.0,1695.0,5478.0,0.0,0.0,1171.0,524.0,0.0,728.0
1.0,12738.0,0.0,1637.0,3820.0,0.0,0.0,1113.0,524.0,0.0,0.0
1.0,16558.0,813.0,1586.0,602.0,0.0,0.0,1062.0,524.0,813.0,0.0
1.0,16347.0,1981.0,1570.0,0.0,0.0,0.0,1048.0,522.0,1981.0,0.0
1.0,14366.0,3153.0,1605.0,0.0,0.0,0.0,1094.0,511.0,3153.0,0.0
1.0,11213.0,3506.0,1651.0,0.0,548.0,548.0,1161.0,490.0,3506.0,0.0
1.0,7707.0,2820.0,1678.0,0.0,3503.0,3503.0,1213.0,465.0,2691.0,129.0
1.0,4887.0,1336.0,1676.0,0.0,4829.0,4829.0,1226.0,450.0,708.0,628.0
1.0,3551.0,1127.0,1683.0,548.0,5443.0,5443.0,1226.0,457.0,0.0,1127.0
1.0,2972.0,1497.0,1712.0,3503.0,3582.0,3582.0,1226.0,486.0,0.0,1497.0
1.0,4978.0,1367.0,1725.0,4829.0,185.0,185.0,1213.0,512.0,0.0,1367.0
1.0,8440.0,743.0,1703.0,5443.0,0.0,0.0,1177.0,526.0,0.0,743.0
1.0,13140.0,0.0,1645.0,3582.0,0.0,0.0,1119.0,526.0,0.0,0.0
1.0,16722.0,793.0,1595.0,185.0,0.0,0.0,1069.0,526.0,793.0,0.0
1.0,16114.0,1954.0,1579.0,0.0,0.0,0.0,1054.0,525.0,1954.0,0.0
1.0,14160.0,3120.0,1611.0,0.0,0.0,0.0,1098.0,513.0,3120.0,0.0
1.0,11040.0,3488.0,1658.0,0.0,738.0,738.0,1165.0,493.0,3488.0,0.0
1.0,7552.0,2830.0,1684.0,0.0,3698.0,3698.0,1217.0,467.0,2701.0,129.0
1.0,4722.0,1370.0,1685.0,0.0,5073.0,5073.0,1232.0,453.0,743.0,627.0
1.0,3352.0,1125.0,1691.0,738.0,5490.0,5490.0,1232.0,459.0,0.0,1125.0
1.0,2965.0,1495.0,1720.0,3698.0,3432.0,3432.0,1232.0,488.0,0.0,1495.0
1.0,5168.0,1372.0,1732.0,5073.0,0.0,0.0,1218.0,514.0,0.0,1372.0
1.0,8869.0,747.0,1710.0,5490.0,0.0,0.0,1181.0,529.0,0.0,747.0
1.0,13612.0,0.0,1652.0,3432.0,0.0,0.0,1123.0,529.0,0.0,0.0
1.0,17044.0,821.0,1602.0,0.0,0.0,0.0,1073.0,529.0,821.0,0.0
1.0,16223.0,1992.0,1586.0,0.0,0.0,0.0,1059.0,527.0,1992.0,0.0
1.0,14231.0,3169.0,1619.0,0.0,0.0,0.0,1104.0,515.0,3169.0,0.0
1.0,11062.0,3522.0,1666.0,0.0,790.0,790.0,1172.0,494.0,3522.0,0.0
1.0,7540.0,2861.0,1693.0,0.0,3786.0,3786.0,1224.0,469.0,2711.0,150.0
1.0,4679.0,1375.0,1693.0,0.0,5161.0,5161.0,1238.0,455.0,720.0,655.0
1.0,3304.0,1161.0,1700.0,790.0,5567.0,5567.0,1238.0,462.0,0.0,1161.0
1.0,2933.0,1522.0,1729.0,3786.0,3448.0,3448.0,1238.0,491.0,0.0,1522.0
1.0,5197.0,1374.0,1741.0,5161.0,0.0,0.0,1223.0,518.0,0.0,1374.0
1.0,8984.0,721.0,1716.0,5567.0,0.0,0.0,1185.0,531.0,0.0,721.0
1.0,13830.0,0.0,1656.0,3448.0,0.0,0.0,1125.0,531.0,0.0,0.0
1.0,17278.0,886.0,1606.0,0.0,0.0,0.0,1075.0,531.0,886.0,0.0
1.0,16392.0,2076.0,1592.0,0.0,0.0,0.0,1063.0,529.0,2076.0,0.0
1.0,14316.0,3272.0,1628.0,0.0,0.0,0.0,1111.0,517.0,3272.0,0.0
1.0,11044.0,3579.0,1675.0,0.0,910.0,910.0,1180.0,495.0,3579.0,0.0
1.0,7465.0,2873.0,1701.0,0.0,3913.0,3913.0,1232.0,469.0,2702.0,171.0
1.0,4592.0,1308.0,1700.0,0.0,5216.0,5216.0,1244.0,456.0,625.0,683.0
1.0,3284.0,1201.0,1709.0,910.0,5552.0,5552.0,1244.0,465.0,0.0,1201.0
1.0,2993.0,1543.0,1738.0,3913.0,3327.0,3327.0,1244.0,494.0,0.0,1543.0
1.0,5363.0,1373.0,1749.0,5216.0,0.0,0.0,1228.0,521.0,0.0,1373.0
1.0,9206.0,685.0,1723.0,5552.0,0.0,0.0,1189.0,534.0,0.0,685.0
1.0,14073.0,0.0,1662.0,3327.0,0.0,0.0,1128.0,534.0,0.0,0.0
1.0,17400.0,918.0,1612.0,0.0,0.0,0.0,1078.0,534.0,918.0,0.0
1.0,16482.0,2121.0,1598.0,0.0,0.0,0.0,1067.0,531.0,2121.0,0.0
1.0,14361.0,3319.0,1636.0,0.0,0.0,0.0,1117.0,519.0,3319.0,0.0
1.0,11042.0,3598.0,1683.0,0.0,971.0,971.0,1186.0,497.0,3598.0,0.0
1.0,7444.0,2846.0,1709.0,0.0,3947.0,3947.0,1238.0,471.0,2679.0,167.0
1.0,4598.0,1241.0,1706.0,0.0,5173.0,5173.0,1248.0,458.0,556.0,685.0
1.0,3357.0,1197.0,1715.0,971.0,5444.0,5444.0,1248.0,467.0,0.0,1197.0
1.0,3131.0,1542.0,1744.0,3947.0,3184.0,3184.0,1248.0,496.0,0.0,1542.0
1.0,5536.0,1369.0,1756.0,5173.0,0.0,0.0,1233.0,523.0,0.0,1369.0
1.0,9340.0,683.0,1731.0,5444.0,0.0,0.0,1195.0,536.0,0.0,683.0
1.0,14101.0,0.0,1670.0,3184.0,0.0,0.0,1134.0,536.0,0.0,0.0
1.0,17285.0,897.0,1620.0,0.0,0.0,0.0,1084.0,536.0,897.0,0.0
1.0,16388.0,2092.0,1605.0,0.0,0.0,0.0,1072.0,533.0,2092.0,0.0
1.0,14296.0,3281.0,1643.0,0.0,0.0,0.0,1122.0,521.0,3281.0,0.0
1.0,11015.0,3577.0,1691.0,0.0,1017.0,1017.0,1191.0,500.0,3577.0,0.0
1.0,7438.0,2830.0,1716.0,0.0,3972.0,3972.0,1242.0,474.0,2672.0,158.0
1.0,4608.0,1250.0,1713.0,0.0,5207.0,5207.0,1253.0,460.0,583.0,667.0
1.0,3358.0,1175.0,1722.0,1017.0,5410.0,5410.0,1253.0,469.0,0.0,1175.0
1.0,3200.0,1525.0,1751.0,3972.0,3108.0,3108.0,1253.0,498.0,0.0,1525.0
1.0,5647.0,1366.0,1762.0,5207.0,0.0,0.0,1238.0,524.0,0.0,1366.0
1.0,9488.0,704.0,1738.0,5410.0,0.0,0.0,1200.0,538.0,0.0,704.0
1.0,14194.0,0.0,1678.0,3108.0,0.0,0.0,1140.0,538.0,0.0,0.0
1.0,17302.0,875.0,1628.0,0.0,0.0,0.0,1090.0,538.0,875.0,0.0
1.0,16427.0,2066.0,1613.0,0.0,0.0,0.0,1078.0,535.0,2066.0,0.0
1.0,14361.0,3253.0,1649.0,0.0,0.0,0.0,1126.0,523.0,3253.0,0.0
1.0,11108.0,3570.0,1697.0,0.0,947.0,947.0,1195.0,502.0,3570.0,0.0
1.0,7538.0,2857.0,1723.0,0.0,3934.0,3934.0,1247.0,476.0,2692.0,165.0
1.0,4681.0,1308.0,1722.0,0.0,5237.0,5237.0,1259.0,463.0,633.0,675.0
1.0,3373.0,1185.0,1730.0,947.0,5515.0,5515.0,1259.0,471.0,0.0,1185.0
1.0,3135.0,1531.0,1760.0,3934.0,3262.0,3262.0,1259.0,501.0,0.0,1531.0
1.0,5538.0,1372.0,1770.0,5237.0,0.0,0.0,1243.0,527.0,0.0,1372.0
1.0,9403.0,699.0,1745.0,5515.0,0.0,0.0,1205.0,540.0,0.0,699.0
1.0,14219.0,0.0,1684.0,3262.0,0.0,0.0,1144.0,540.0,0.0,0.0
1.0,17481.0,919.0,1634.0,0.0,0.0,0.0,1094.0,540.0,919.0,0.0
1.0,16562.0,2119.0,1620.0,0.0,0.0,0.0,1082.0,538.0,2119.0,0.0
1.0,14443.0,3321.0,1657.0,0.0,0.0,0.0,1132.0,525.0,3321.0,0.0
1.0,11122.0,3611.0,1705.0,0.0,1014.0,1014.0,1202.0,503.0,3611.0,0.0
1.0,7511.0,2889.0,1731.0,0.0,4033.0,4033.0,1254.0,477.0,2698.0,191.0
1.0,4622.0,1299.0,1729.0,0.0,5322.0,5322.0,1265.0,464.0,590.0,709.0
1.0,3323.0,1227.0,1739.0,1014.0,5585.0,5585.0,1265.0,474.0,0.0,1227.0
1.0,3110.0,1560.0,1769.0,4033.0,3262.0,3262.0,1265.0,504.0,0.0,1560.0
1.0,5583.0,1371.0,1778.0,5322.0,0.0,0.0,1248.0,530.0,0.0,1371.0
1.0,9534.0,664.0,1751.0,5585.0,0.0,0.0,1208.0,543.0,0.0,664.0
1.0,14455.0,0.0,1688.0,3262.0,0.0,0.0,1145.0,543.0,0.0,0.0
1.0,17717.0,986.0,1638.0,0.0,0.0,0.0,1095.0,543.0,986.0,0.0
1.0,16731.0,2204.0,1626.0,0.0,0.0,0.0,1086.0,540.0,2204.0,0.0
1.0,14527.0,3428.0,1667.0,0.0,0.0,0.0,1140.0,527.0,3428.0,0.0
1.0,11099.0,3662.0,1714.0,0.0,1133.0,1133.0,1210.0,504.0,3662.0,0.0
1.0,7437.0,2892.0,1740.0,0.0,4155.0,4155.0,1262.0,478.0,2684.0,208.0
1.0,4545.0,1210.0,1737.0,0.0,5350.0,5350.0,1271.0,466.0,478.0,732.0
1.0,3335.0,1261.0,1748.0,1133.0,5533.0,5533.0,1271.0,477.0,0.0,1261.0
1.0,3207.0,1577.0,1778.0,4155.0,3105.0,3105.0,1271.0,507.0,0.0,1577.0
1.0,5785.0,1369.0,1786.0,5350.0,0.0,0.0,1253.0,533.0,0.0,1369.0
1.0,9766.0,632.0,1758.0,5533.0,0.0,0.0,1212.0,546.0,0.0,632.0
1.0,14667.0,0.0,1695.0,3105.0,0.0,0.0,1149.0,546.0,0.0,0.0
1.0,17772.0,1000.0,1645.0,0.0,0.0,0.0,1099.0,546.0,1000.0,0.0
1.0,16772.0,2221.0,1632.0,0.0,0.0,0.0,1090.0,542.0,2221.0,0.0
1.0,14551.0,3446.0,1674.0,0.0,0.0,0.0,1145.0,529.0,3446.0,0.0
1.0,11105.0,3665.0,1722.0,0.0,1170.0,1170.0,1216.0,506.0,3665.0,0.0
1.0,7440.0,2865.0,1747.0,0.0,4160.0,4160.0,1267.0,480.0,2668.0,197.0
1.0,4575.0,1164.0,1744.0,0.0,5309.0,5309.0,1276.0,468.0,440.0,724.0
1.0,3411.0,1246.0,1755.0,1170.0,5440.0,5440.0,1276.0,479.0,0.0,1246.0
1.0,3335.0,1570.0,1785.0,4160.0,3000.0,3000.0,1276.0,509.0,0.0,1570.0
1.0,5925.0,1367.0,1793.0,5309.0,0.0,0.0,1258.0,535.0,0.0,1367.0
1.0,9867.0,641.0,1765.0,5440.0,0.0,0.0,1218.0,547.0,0.0,641.0
1.0,14666.0,0.0,1702.0,3000.0,0.0,0.0,1155.0,547.0,0.0,0.0
1.0,17666.0,969.0,1652.0,0.0,0.0,0.0,1105.0,547.0,969.0,0.0
1.0,16697.0,2181.0,1639.0,0.0,0.0,0.0,1095.0,544.0,2181.0,0.0
1.0,14516.0,3397.0,1682.0,0.0,0.0,0.0,1150.0,532.0,3397.0,0.0
1.0,11119.0,3639.0,1729.0,0.0,1165.0,1165.0,1220.0,509.0,3639.0,0.0
1.0,7480.0,2862.0,1754.0,0.0,4152.0,4152.0,1271.0,483.0,2673.0,189.0
1.0,4618.0,1194.0,1751.0,0.0,5331.0,5331.0,1280.0,471.0,486.0,708.0
1.0,3424.0,1226.0,1761.0,1165.0,5442.0,5442.0,1280.0,481.0,0.0,1226.0
1.0,3363.0,1555.0,1791.0,4152.0,2995.0,2995.0,1280.0,511.0,0.0,1555.0
1.0,5960.0,1366.0,1800.0,5331.0,0.0,0.0,1263.0,537.0,0.0,1366.0
1.0,9925.0,664.0,1774.0,5442.0,0.0,0.0,1224.0,550.0,0.0,664.0
1.0,14703.0,0.0,1711.0,2995.0,0.0,0.0,1161.0,550.0,0.0,0.0
1.0,17698.0,966.0,1661.0,0.0,0.0,0.0,1111.0,550.0,966.0,0.0
1.0,16732.0,2183.0,1647.0,0.0,0.0,0.0,1101.0,546.0,2183.0,0.0
1.0,14549.0,3397.0,1687.0,0.0,0.0,0.0,1154.0,533.0,3397.0,0.0
1.0,11152.0,3646.0,1736.0,0.0,1174.0,1174.0,1225.0,511.0,3646.0,0.0
1.0,7506.0,2888.0,1761.0,0.0,4187.0,4187.0,1276.0,485.0,2684.0,204.0
1.0,4618.0,1231.0,1759.0,0.0,5408.0,5408.0,1286.0,473.0,505.0,726.0
1.0,3387.0,1249.0,1769.0,1174.0,5533.0,5533.0,1286.0,483.0,0.0,1249.0
1.0,3312.0,1568.0,1799.0,4187.0,3064.0,3064.0,1286.0,513.0,0.0,1568.0
1.0,5931.0,1371.0,1808.0,5408.0,0.0,0.0,1268.0,540.0,0.0,1371.0
1.0,9968.0,647.0,1779.0,5533.0,0.0,0.0,1227.0,552.0,0.0,647.0
1.0,14854.0,0.0,1716.0,3064.0,0.0,0.0,1164.0,552.0,0.0,0.0
1.0,17918.0,1025.0,1666.0,0.0,0.0,0.0,1114.0,552.0,1025.0,0.0
1.0,16893.0,2260.0,1654.0,0.0,0.0,0.0,1105.0,549.0,2260.0,0.0
1.0,14633.0,3492.0,1696.0,0.0,0.0,0.0,1161.0,535.0,3492.0,0.0
1.0,11141.0,3706.0,1744.0,0.0,1285.0,1285.0,1233.0,511.0,3706.0,0.0
1.0,7435.0,2912.0,1770.0,0.0,4327.0,4327.0,1284.0,486.0,2681.0,231.0
1.0,4523.0,1187.0,1766.0,0.0,5494.0,5494.0,1292.0,474.0,426.0,761.0
1.0,3336.0,1292.0,1778.0,1285.0,5561.0,5561.0,1292.0,486.0,0.0,1292.0
1.0,3329.0,1597.0,1809.0,4327.0,2986.0,2986.0,1292.0,517.0,0.0,1597.0
1.0,6059.0,1368.0,1816.0,5494.0,0.0,0.0,1273.0,543.0,0.0,1368.0
1.0,10185.0,609.0,1786.0,5561.0,0.0,0.0,1231.0,555.0,0.0,609.0
1.0,15137.0,0.0,1720.0,2986.0,0.0,0.0,1165.0,555.0,0.0,0.0
1.0,18123.0,1080.0,1670.0,0.0,0.0,0.0,1115.0,555.0,1080.0,0.0
1.0,17043.0,2330.0,1660.0,0.0,0.0,0.0,1109.0,551.0,2330.0,0.0
1.0,14713.0,3576.0,1705.0,0.0,0.0,0.0,1168.0,537.0,3576.0,0.0
1.0,11137.0,3747.0,1753.0,0.0,1375.0,1375.0,1240.0,513.0,3747.0,0.0
1.0,7390.0,2906.0,1778.0,0.0,4406.0,4406.0,1291.0,487.0,2664.0,242.0
1.0,4484.0,1116.0,1774.0,0.0,5502.0,5502.0,1298.0,476.0,340.0,776.0
1.0,3368.0,1315.0,1787.0,1375.0,5507.0,5507.0,1298.0,489.0,0.0,1315.0
1.0,3428.0,1607.0,1818.0,4406.0,2863.0,2863.0,1298.0,520.0,0.0,1607.0
1.0,6227.0,1365.0,1825.0,5502.0,0.0,0.0,1279.0,546.0,0.0,1365.0
1.0,10364.0,584.0,1793.0,5507.0,0.0,0.0,1236.0,557.0,0.0,584.0
1.0,15287.0,0.0,1727.0,2863.0,0.0,0.0,1170.0,557.0,0.0,0.0
1.0,18150.0,1070.0,1677.0,0.0,0.0,0.0,1120.0,557.0,1070.0,0.0
1.0,17080.0,2318.0,1666.0,0.0,0.0,0.0,1113.0,553.0,2318.0,0.0
1.0,14762.0,3560.0,1712.0,0.0,0.0,0.0,1173.0,539.0,3560.0,0.0
1.0,11202.0,3736.0,1760.0,0.0,1334.0,1334.0,1245.0,515.0,3736.0,0.0
1.0,7466.0,2886.0,1786.0,0.0,4350.0,4350.0,1296.0,490.0,2658.0,228.0
1.0,4580.0,1106.0,1781.0,0.0,5431.0,5431.0,1303.0,478.0,342.0,764.0
1.0,3474.0,1295.0,1794.0,1334.0,5457.0,5457.0,1303.0,491.0,0.0,1295.0
1.0,3513.0,1597.0,1824.0,4350.0,2854.0,2854.0,1303.0,521.0,0.0,1597.0
1.0,6266.0,1363.0,1831.0,5431.0,0.0,0.0,1284.0,547.0,0.0,1363.0
1.0,10334.0,598.0,1801.0,5457.0,0.0,0.0,1242.0,559.0,0.0,598.0
1.0,15193.0,0.0,1736.0,2854.0,0.0,0.0,1177.0,559.0,0.0,0.0
1.0,18047.0,1039.0,1686.0,0.0,0.0,0.0,1127.0,559.0,1039.0,0.0
1.0,17008.0,2273.0,1674.0,0.0,0.0,0.0,1119.0,555.0,2273.0,0.0
1.0,14735.0,3512.0,1719.0,0.0,0.0,0.0,1177.0,542.0,3512.0,0.0
1.0,11223.0,3707.0,1767.0,0.0,1319.0,1319.0,1249.0,518.0,3707.0,0.0
1.0,7516.0,2892.0,1793.0,0.0,4341.0,4341.0,1300.0,493.0,2668.0,224.0
1.0,4624.0,1148.0,1788.0,0.0,5464.0,5464.0,1307.0,481.0,395.0,753.0
1.0,3476.0,1282.0,1800.0,1319.0,5487.0,5487.0,1307.0,493.0,0.0,1282.0
1.0,3513.0,1587.0,1830.0,4341.0,2883.0,2883.0,1307.0,523.0,0.0,1587.0
1.0,6267.0,1364.0,1838.0,5464.0,0.0,0.0,1289.0,549.0,0.0,1364.0
1.0,10367.0,617.0,1808.0,5487.0,0.0,0.0,1247.0,561.0,0.0,617.0
1.0,15237.0,0.0,1743.0,2883.0,0.0,0.0,1182.0,561.0,0.0,0.0
1.0,18120.0,1060.0,1693.0,0.0,0.0,0.0,1132.0,561.0,1060.0,0.0
1.0,17060.0,2300.0,1681.0,0.0,0.0,0.0,1124.0,557.0,2300.0,0.0
1.0,14760.0,3547.0,1726.0,0.0,0.0,0.0,1183.0,543.0,3547.0,0.0
1.0,11213.0,3730.0,1774.0,0.0,1387.0,1387.0,1255.0,519.0,3730.0,0.0
1.0,7483.0,2927.0,1800.0,0.0,4444.0,4444.0,1306.0,494.0,2680.0,247.0
1.0,4556.0,1161.0,1797.0,0.0,5590.0,5590.0,1314.0,483.0,380.0,781.0
1.0,3395.0,1316.0,1809.0,1387.0,5579.0,5579.0,1314.0,495.0,0.0,1316.0
1.0,3466.0,1605.0,1840.0,4444.0,2895.0,2895.0,1314.0,526.0,0.0,1605.0
1.0,6305.0,1366.0,1847.0,5590.0,0.0,0.0,1294.0,553.0,0.0,1366.0
1.0,10529.0,588.0,1814.0,5579.0,0.0,0.0,1250.0,564.0,0.0,588.0
1.0,15520.0,0.0,1747.0,2895.0,0.0,0.0,1183.0,564.0,0.0,0.0
1.0,18415.0,1124.0,1698.0,0.0,0.0,0.0,1134.0,564.0,1124.0,0.0
1.0,17291.0,2384.0,1687.0,0.0,0.0,0.0,1128.0,559.0,2384.0,0.0
1.0,14907.0,3650.0,1735.0,0.0,0.0,0.0,1190.0,545.0,3650.0,0.0
1.0,11257.0,3789.0,1783.0,0.0,1447.0,1447.0,1263.0,520.0,3789.0,0.0
1.0,7468.0,2949.0,1809.0,0.0,4526.0,4526.0,1314.0,495.0,2674.0,275.0
1.0,4519.0,1107.0,1804.0,0.0,5608.0,5608.0,1320.0,484.0,290.0,817.0
1.0,3412.0,1360.0,1818.0,1447.0,5591.0,5591.0,1320.0,498.0,0.0,1360.0
1.0,3499.0,1633.0,1850.0,4526.0,2858.0,2858.0,1320.0,530.0,0.0,1633.0
1.0,6392.0,1360.0,1855.0,5608.0,0.0,0.0,1299.0,556.0,0.0,1360.0
1.0,10640.0,544.0,1820.0,5591.0,0.0,0.0,1254.0,566.0,0.0,544.0
1.0,15687.0,0.0,1751.0,2858.0,0.0,0.0,1185.0,566.0,0.0,0.0
1.0,18545.0,1167.0,1702.0,0.0,0.0,0.0,1136.0,566.0,1167.0,0.0
1.0,17378.0,2438.0,1693.0,0.0,0.0,0.0,1131.0,562.0,2438.0,0.0
1.0,14940.0,3714.0,1743.0,0.0,0.0,0.0,1196.0,547.0,3714.0,0.0
1.0,11226.0,3818.0,1792.0,0.0,1552.0,1552.0,1270.0,522.0,3818.0,0.0
1.0,7408.0,2935.0,1817.0,0.0,4612.0,4612.0,1321.0,496.0,2655.0,280.0
1.0,4473.0,1035.0,1811.0,0.0,5617.0,5617.0,1325.0,486.0,211.0,824.0
1.0,3438.0,1373.0,1826.0,1552.0,5513.0,5513.0,1325.0,501.0,0.0,1373.0
1.0,3617.0,1637.0,1857.0,4612.0,2693.0,2693.0,1325.0,532.0,0.0,1637.0
1.0,6592.0,1356.0,1862.0,5617.0,0.0,0.0,1304.0,558.0,0.0,1356.0
1.0,10853.0,526.0,1828.0,5513.0,0.0,0.0,1260.0,568.0,0.0,526.0
1.0,15840.0,0.0,1759.0,2693.0,0.0,0.0,1191.0,568.0,0.0,0.0
1.0,18533.0,1146.0,1709.0,0.0,0.0,0.0,1141.0,568.0,1146.0,0.0
1.0,17387.0,2415.0,1701.0,0.0,0.0,0.0,1137.0,564.0,2415.0,0.0
1.0,14972.0,3679.0,1750.0,0.0,0.0,0.0,1201.0,549.0,3679.0,0.0
1.0,11293.0,3801.0,1798.0,0.0,1498.0,1498.0,1274.0,524.0,3801.0,0.0
1.0,7492.0,2911.0,1824.0,0.0,4539.0,4539.0,1325.0,499.0,2648.0,263.0
1.0,4581.0,1038.0,1817.0,0.0,5542.0,5542.0,1329.0,488.0,230.0,808.0
1.0,3543.0,1348.0,1832.0,1498.0,5467.0,5467.0,1329.0,503.0,0.0,1348.0
1.0,3693.0,1625.0,1863.0,4539.0,2708.0,2708.0,1329.0,534.0,0.0,1625.0
1.0,6607.0,1357.0,1869.0,5542.0,0.0,0.0,1309.0,560.0,0.0,1357.0
1.0,10792.0,548.0,1836.0,5467.0,0.0,0.0,1266.0,570.0,0.0,548.0
1.0,15711.0,0.0,1768.0,2708.0,0.0,0.0,1198.0,570.0,0.0,0.0
1.0,18419.0,1120.0,1718.0,0.0,0.0,0.0,1148.0,570.0,1120.0,0.0
1.0,17299.0,2383.0,1709.0,0.0,0.0,0.0,1143.0,566.0,2383.0,0.0
1.0,14916.0,3641.0,1757.0,0.0,0.0,0.0,1205.0,552.0,3641.0,0.0
1.0,11275.0,3785.0,1805.0,0.0,1535.0,1535.0,1278.0,527.0,3785.0,0.0
1.0,7490.0,2925.0,1831.0,0.0,4590.0,4590.0,1329.0,502.0,2661.0,264.0
1.0,4565.0,1089.0,1826.0,0.0,5654.0,5654.0,1335.0,491.0,285.0,804.0
1.0,3476.0,1344.0,1840.0,1535.0,5533.0,5533.0,1335.0,505.0,0.0,1344.0
1.0,3667.0,1621.0,1871.0,4590.0,2719.0,2719.0,1335.0,536.0,0.0,1621.0
1.0,6636.0,1358.0,1876.0,5654.0,0.0,0.0,1314.0,562.0,0.0,1358.0
1.0,10932.0,561.0,1843.0,5533.0,0.0,0.0,1270.0,573.0,0.0,561.0
1.0,15904.0,0.0,1775.0,2719.0,0.0,0.0,1202.0,573.0,0.0,0.0
1.0,18623.0,1149.0,1725.0,0.0,0.0,0.0,1152.0,573.0,1149.0,0.0
1.0,17474.0,2423.0,1715.0,0.0,0.0,0.0,1147.0,568.0,2423.0,0.0
1.0,15051.0,3694.0,1764.0,0.0,0.0,0.0,1211.0,553.0,3694.0,0.0
1.0,11357.0,3823.0,1813.0,0.0,1531.0,1531.0,1285.0,528.0,3823.0,0.0
1.0,7534.0,2968.0,1839.0,0.0,4629.0,4629.0,1336.0,503.0,2675.0,293.0
1.0,4566.0,1103.0,1833.0,0.0,5702.0,5702.0,1341.0,492.0,263.0,840.0
1.0,3463.0,1388.0,1849.0,1531.0,5639.0,5639.0,1341.0,508.0,0.0,1388.0
1.0,3606.0,1644.0,1880.0,4629.0,2809.0,2809.0,1341.0,539.0,0.0,1644.0
1.0,6591.0,1359.0,1885.0,5702.0,0.0,0.0,1319.0,566.0,0.0,1359.0
1.0,10934.0,521.0,1850.0,5639.0,0.0,0.0,1274.0,576.0,0.0,521.0
1.0,16052.0,0.0,1779.0,2809.0,0.0,0.0,1203.0,576.0,0.0,0.0
1.0,18861.0,1213.0,1730.0,0.0,0.0,0.0,1154.0,576.0,1213.0,0.0
1.0,17648.0,2502.0,1721.0,0.0,0.0,0.0,1151.0,570.0,2502.0,0.0
1.0,15146.0,3792.0,1773.0,0.0,0.0,0.0,1218.0,555.0,3792.0,0.0
1.0,11354.0,3875.0,1820.0,0.0,1621.0,1621.0,1292.0,528.0,3875.0,0.0
1.0,7479.0,2982.0,1847.0,0.0,4738.0,4738.0,1344.0,503.0,2665.0,317.0
1.0,4497.0,1042.0,1841.0,0.0,5750.0,5750.0,1347.0,494.0,171.0,871.0
1.0,3455.0,1426.0,1858.0,1621.0,5640.0,5640.0,1347.0,511.0,0.0,1426.0
1.0,3650.0,1669.0,1890.0,4738.0,2731.0,2731.0,1347.0,543.0,0.0,1669.0
1.0,6719.0,1353.0,1894.0,5750.0,0.0,0.0,1325.0,569.0,0.0,1353.0
1.0,11116.0,482.0,1856.0,5640.0,0.0,0.0,1278.0,578.0,0.0,482.0
1.0,16274.0,0.0,1784.0,2731.0,0.0,0.0,1206.0,578.0,0.0,0.0
1.0,19005.0,1243.0,1735.0,0.0,0.0,0.0,1157.0,578.0,1243.0,0.0
1.0,17762.0,2538.0,1727.0,0.0,0.0,0.0,1154.0,573.0,2538.0,0.0
1.0,15224.0,3837.0,1781.0,0.0,0.0,0.0,1224.0,557.0,3837.0,0.0
1.0,11387.0,3888.0,1829.0,0.0,1646.0,1646.0,1299.0,530.0,3888.0,0.0
1.0,7499.0,2954.0,1855.0,0.0,4730.0,4730.0,1350.0,505.0,2643.0,311.0
1.0,4545.0,968.0,1848.0,0.0,5663.0,5663.0,1352.0,496.0,103.0,865.0
1.0,3577.0,1424.0,1865.0,1646.0,5526.0,5526.0,1352.0,513.0,0.0,1424.0
1.0,3799.0,1666.0,1897.0,4730.0,2622.0,2622.0,1352.0,545.0,0.0,1666.0
1.0,6863.0,1354.0,1901.0,5663.0,0.0,0.0,1330.0,571.0,0.0,1354.0
1.0,11172.0,482.0,1863.0,5526.0,0.0,0.0,1283.0,580.0,0.0,482.0
1.0,16216.0,0.0,1793.0,2622.0,0.0,0.0,1213.0,580.0,0.0,0.0
1.0,18838.0,1221.0,1743.0,0.0,0.0,0.0,1163.0,580.0,1221.0,0.0
1.0,17617.0,2507.0,1735.0,0.0,0.0,0.0,1160.0,575.0,2507.0,0.0
1.0,15110.0,3797.0,1789.0,0.0,0.0,0.0,1229.0,560.0,3797.0,0.0
1.0,11313.0,3861.0,1837.0,0.0,1733.0,1733.0,1303.0,534.0,3861.0,0.0
1.0,7452.0,2935.0,1862.0,0.0,4793.0,4793.0,1354.0,508.0,2643.0,292.0
1.0,4517.0,976.0,1854.0,0.0,5729.0,5729.0,1356.0,498.0,129.0,847.0
1.0,3541.0,1397.0,1870.0,1733.0,5473.0,5473.0,1356.0,514.0,0.0,1397.0
1.0,3877.0,1655.0,1902.0,4793.0,2495.0,2495.0,1356.0,546.0,0.0,1655.0
1.0,7015.0,1358.0,1907.0,5729.0,0.0,0.0,1335.0,572.0,0.0,1358.0
1.0,11386.0,516.0,1871.0,5473.0,0.0,0.0,1289.0,582.0,0.0,516.0
1.0,16343.0,0.0,1801.0,2495.0,0.0,0.0,1219.0,582.0,0.0,0.0
1.0,18838.0,1207.0,1751.0,0.0,0.0,0.0,1169.0,582.0,1207.0,0.0
1.0,17631.0,2491.0,1743.0,0.0,0.0,0.0,1166.0,577.0,2491.0,0.0
1.0,15140.0,3780.0,1795.0,0.0,0.0,0.0,1233.0,562.0,3780.0,0.0
1.0,11360.0,3858.0,1844.0,0.0,1718.0,1718.0,1308.0,536.0,3858.0,0.0
1.0,7502.0,2952.0,1869.0,0.0,4795.0,4795.0,1359.0,510.0,2658.0,294.0
1.0,4550.0,1012.0,1863.0,0.0,5777.0,5777.0,1362.0,501.0,166.0,846.0
1.0,3538.0,1398.0,1879.0,1718.0,5537.0,5537.0,1362.0,517.0,0.0,1398.0
1.0,3858.0,1657.0,1911.0,4795.0,2559.0,2559.0,1362.0,549.0,0.0,1657.0
1.0,6996.0,1370.0,1915.0,5777.0,0.0,0.0,1340.0,575.0,0.0,1370.0
1.0,11403.0,526.0,1878.0,5537.0,0.0,0.0,1293.0,585.0,0.0,526.0
1.0,16414.0,0.0,1807.0,2559.0,0.0,0.0,1222.0,585.0,0.0,0.0
1.0,18973.0,1256.0,1758.0,0.0,0.0,0.0,1173.0,585.0,1256.0,0.0
1.0,17717.0,2560.0,1750.0,0.0,0.0,0.0,1171.0,579.0,2560.0,0.0
1.0,15157.0,3861.0,1803.0,0.0,0.0,0.0,1240.0,563.0,3861.0,0.0
1.0,11296.0,3908.0,1852.0,0.0,1872.0,1872.0,1315.0,537.0,3908.0,0.0
1.0,7388.0,2979.0,1877.0,0.0,4976.0,4976.0,1366.0,511.0,2658.0,321.0
1.0,4409.0,984.0,1870.0,0.0,5925.0,5925.0,1368.0,502.0,103.0,881.0
1.0,3425.0,1442.0,1888.0,1872.0,5585.0,5585.0,1368.0,520.0,0.0,1442.0
1.0,3855.0,1682.0,1920.0,4976.0,2451.0,2451.0,1368.0,552.0,0.0,1682.0
1.0,7149.0,1368.0,1923.0,5925.0,0.0,0.0,1345.0,578.0,0.0,1368.0
1.0,11706.0,489.0,1885.0,5585.0,0.0,0.0,1297.0,588.0,0.0,489.0
1.0,16802.0,5.0,1812.0,2451.0,0.0,0.0,1224.0,588.0,5.0,0.0
1.0,19248.0,1320.0,1763.0,0.0,0.0,0.0,1175.0,588.0,1320.0,0.0
1.0,17928.0,2642.0,1756.0,0.0,0.0,0.0,1174.0,582.0,2642.0,0.0
1.0,15286.0,3954.0,1812.0,0.0,0.0,0.0,1247.0,565.0,3954.0,0.0
1.0,11332.0,3957.0,1860.0,0.0,1925.0,1925.0,1323.0,537.0,3957.0,0.0
1.0,7375.0,2975.0,1886.0,0.0,5030.0,5030.0,1374.0,512.0,2634.0,341.0
1.0,4400.0,910.0,1877.0,0.0,5895.0,5895.0,1374.0,503.0,4.0,906.0
1.0,3490.0,1471.0,1896.0,1925.0,5536.0,5536.0,1374.0,522.0,0.0,1471.0
1.0,3944.0,1700.0,1929.0,5030.0,2371.0,2371.0,1374.0,555.0,0.0,1700.0
1.0,7274.0,1359.0,1931.0,5895.0,0.0,0.0,1350.0,581.0,0.0,1359.0
1.0,11810.0,453.0,1891.0,5536.0,0.0,0.0,1301.0,590.0,0.0,453.0
1.0,16893.0,13.0,1817.0,2371.0,0.0,0.0,1227.0,590.0,13.0,0.0
1.0,19251.0,1331.0,1768.0,0.0,0.0,0.0,1178.0,590.0,1331.0,0.0
1.0,17920.0,2653.0,1762.0,0.0,0.0,0.0,1178.0,584.0,2653.0,0.0
1.0,15267.0,3957.0,1820.0,0.0,0.0,0.0,1253.0,567.0,3957.0,0.0
1.0,11310.0,3947.0,1868.0,0.0,1977.0,1977.0,1328.0,540.0,3947.0,0.0
1.0,7363.0,2942.0,1893.0,0.0,5044.0,5044.0,1379.0,514.0,2609.0,333.0
1.0,4421.0,896.0,1884.0,0.0,5895.0,5895.0,1379.0,505.0,0.0,896.0
1.0,3525.0,1464.0,1903.0,1977.0,5477.0,5477.0,1379.0,524.0,0.0,1464.0
1.0,4038.0,1693.0,1936.0,5044.0,2291.0,2291.0,1379.0,557.0,0.0,1693.0
1.0,7389.0,1359.0,1938.0,5895.0,0.0,0.0,1355.0,583.0,0.0,1359.0
1.0,11925.0,457.0,1899.0,5477.0,0.0,0.0,1307.0,592.0,0.0,457.0
1.0,16945.0,0.0,1826.0,2291.0,0.0,0.0,1234.0,592.0,0.0,0.0
1.0,19236.0,1290.0,1776.0,0.0,0.0,0.0,1184.0,592.0,1290.0,0.0
1.0,17946.0,2603.0,1770.0,0.0,0.0,0.0,1184.0,586.0,2603.0,0.0
1.0,15343.0,3911.0,1826.0,0.0,0.0,0.0,1256.0,570.0,3911.0,0.0
1.0,11432.0,3933.0,1875.0,0.0,1876.0,1876.0,1332.0,543.0,3933.0,0.0
1.0,7499.0,2953.0,1900.0,0.0,4954.0,4954.0,1383.0,517.0,2637.0,316.0
1.0,4546.0,919.0,1892.0,0.0,5833.0,5833.0,1384.0,508.0,38.0,881.0
1.0,3627.0,1441.0,1910.0,1876.0,5488.0,5488.0,1384.0,526.0,0.0,1441.0
1.0,4062.0,1685.0,1942.0,4954.0,2379.0,2379.0,1384.0,558.0,0.0,1685.0
1.0,7331.0,1364.0,1944.0,5833.0,0.0,0.0,1360.0,584.0,0.0,1364.0
1.0,11800.0,484.0,1906.0,5488.0,0.0,0.0,1312.0,594.0,0.0,484.0
1.0,16804.0,0.0,1834.0,2379.0,0.0,0.0,1240.0,594.0,0.0,0.0
1.0,19183.0,1293.0,1784.0,0.0,0.0,0.0,1190.0,594.0,1293.0,0.0
1.0,17890.0,2604.0,1777.0,0.0,0.0,0.0,1189.0,588.0,2604.0,0.0
1.0,15286.0,3921.0,1834.0,0.0,0.0,0.0,1262.0,572.0,3921.0,0.0
1.0,11365.0,3941.0,1882.0,0.0,1986.0,1986.0,1337.0,545.0,3941.0,0.0
1.0,7424.0,2985.0,1908.0,0.0,5101.0,5101.0,1388.0,520.0,2652.0,333.0
1.0,4439.0,949.0,1899.0,0.0,6005.0,6005.0,1389.0,510.0,52.0,897.0
1.0,3490.0,1462.0,1917.0,1986.0,5571.0,5571.0,1389.0,528.0,0.0,1462.0
1.0,4014.0,1695.0,1950.0,5101.0,2330.0,2330.0,1389.0,561.0,0.0,1695.0
1.0,7420.0,1364.0,1952.0,6005.0,0.0,0.0,1365.0,587.0,0.0,1364.0
1.0,12061.0,474.0,1912.0,5571.0,0.0,0.0,1316.0,596.0,0.0,474.0
1.0,17158.0,24.0,1838.0,2330.0,0.0,0.0,1242.0,596.0,24.0,0.0
1.0,19464.0,1356.0,1789.0,0.0,0.0,0.0,1193.0,596.0,1356.0,0.0
1.0,18108.0,2685.0,1784.0,0.0,0.0,0.0,1194.0,590.0,2685.0,0.0
1.0,15423.0,3997.0,1842.0,0.0,0.0,0.0,1269.0,573.0,3997.0,0.0
1.0,11426.0,3973.0,1891.0,0.0,2002.0,2002.0,1345.0,546.0,3973.0,0.0
1.0,7453.0,2993.0,1915.0,0.0,5115.0,5115.0,1395.0,520.0,2627.0,366.0
1.0,4460.0,938.0,1907.0,0.0,6013.0,6013.0,1395.0,512.0,0.0,938.0
1.0,3522.0,1511.0,1927.0,2002.0,5622.0,5622.0,1395.0,532.0,0.0,1511.0
1.0,4013.0,1719.0,1960.0,5115.0,2391.0,2391.0,1395.0,565.0,0.0,1719.0
1.0,7409.0,1360.0,1961.0,6013.0,0.0,0.0,1370.0,591.0,0.0,1360.0
1.0,12062.0,424.0,1918.0,5622.0,0.0,0.0,1319.0,599.0,0.0,424.0
1.0,17260.0,74.0,1844.0,2391.0,0.0,0.0,1245.0,599.0,74.0,0.0
1.0,19577.0,1421.0,1795.0,0.0,0.0,0.0,1196.0,599.0,1421.0,0.0
1.0,18156.0,2764.0,1790.0,0.0,0.0,0.0,1198.0,592.0,2764.0,0.0
1.0,15392.0,4038.0,1851.0,0.0,0.0,0.0,1276.0,575.0,4038.0,0.0
1.0,11354.0,3961.0,1899.0,0.0,2102.0,2102.0,1352.0,547.0,3961.0,0.0
1.0,7393.0,2926.0,1922.0,0.0,5143.0,5143.0,1401.0,521.0,2546.0,380.0
1.0,4467.0,956.0,1915.0,0.0,6064.0,6064.0,1401.0,514.0,0.0,956.0
1.0,3511.0,1532.0,1935.0,2102.0,5594.0,5594.0,1401.0,534.0,0.0,1532.0
1.0,4081.0,1732.0,1969.0,5143.0,2353.0,2353.0,1401.0,568.0,0.0,1732.0
1.0,7492.0,1351.0,1969.0,6064.0,0.0,0.0,1375.0,594.0,0.0,1351.0
1.0,12205.0,394.0,1925.0,5594.0,0.0,0.0,1324.0,601.0,0.0,394.0
1.0,17405.0,69.0,1850.0,2353.0,0.0,0.0,1249.0,601.0,69.0,0.0
1.0,19689.0,1409.0,1802.0,0.0,0.0,0.0,1201.0,601.0,1409.0,0.0
1.0,18280.0,2748.0,1798.0,0.0,0.0,0.0,1203.0,595.0,2748.0,0.0
1.0,15532.0,4022.0,1859.0,0.0,0.0,0.0,1281.0,578.0,4022.0,0.0
1.0,11510.0,3950.0,1906.0,0.0,1970.0,1970.0,1357.0,549.0,3950.0,0.0
1.0,7560.0,2908.0,1929.0,0.0,4993.0,4993.0,1405.0,524.0,2543.0,365.0
1.0,4652.0,937.0,1921.0,0.0,5890.0,5890.0,1405.0,516.0,0.0,937.0
1.0,3715.0,1514.0,1941.0,1970.0,5534.0,5534.0,1405.0,536.0,0.0,1514.0
1.0,4171.0,1721.0,1974.0,4993.0,2427.0,2427.0,1405.0,569.0,0.0,1721.0
1.0,7443.0,1355.0,1976.0,5890.0,0.0,0.0,1381.0,595.0,0.0,1355.0
1.0,11978.0,412.0,1934.0,5534.0,0.0,0.0,1331.0,603.0,0.0,412.0
1.0,17100.0,43.0,1859.0,2427.0,0.0,0.0,1256.0,603.0,43.0,0.0
1.0,19484.0,1374.0,1810.0,0.0,0.0,0.0,1207.0,603.0,1374.0,0.0
1.0,18110.0,2710.0,1805.0,0.0,0.0,0.0,1208.0,597.0,2710.0,0.0
1.0,15400.0,3998.0,1865.0,0.0,0.0,0.0,1285.0,580.0,3998.0,0.0
1.0,11402.0,3955.0,1913.0,0.0,2118.0,2118.0,1361.0,552.0,3955.0,0.0
1.0,7447.0,2934.0,1937.0,0.0,5172.0,5172.0,1410.0,527.0,2581.0,353.0
1.0,4513.0,929.0,1928.0,0.0,6056.0,6056.0,1410.0,518.0,0.0,929.0
1.0,3584.0,1500.0,1948.0,2118.0,5538.0,5538.0,1410.0,538.0,0.0,1500.0
1.0,4202.0,1718.0,1981.0,5172.0,2249.0,2249.0,1410.0,571.0,0.0,1718.0
1.0,7656.0,1361.0,1982.0,6056.0,0.0,0.0,1385.0,597.0,0.0,1361.0
1.0,12351.0,433.0,1941.0,5538.0,0.0,0.0,1335.0,606.0,0.0,433.0
1.0,17456.0,64.0,1867.0,2249.0,0.0,0.0,1261.0,606.0,64.0,0.0
1.0,19641.0,1402.0,1818.0,0.0,0.0,0.0,1212.0,606.0,1402.0,0.0
1.0,18239.0,2746.0,1813.0,0.0,0.0,0.0,1214.0,599.0,2746.0,0.0
1.0,15493.0,4023.0,1872.0,0.0,0.0,0.0,1290.0,582.0,4023.0,0.0
1.0,11470.0,3968.0,1921.0,0.0,2103.0,2103.0,1367.0,554.0,3968.0,0.0
1.0,7502.0,2943.0,1944.0,0.0,5161.0,5161.0,1416.0,528.0,2566.0,377.0
1.0,4559.0,954.0,1936.0,0.0,6075.0,6075.0,1416.0,520.0,0.0,954.0
1.0,3605.0,1532.0,1957.0,2103.0,5609.0,5609.0,1416.0,541.0,0.0,1532.0
1.0,4176.0,1733.0,1990.0,5161.0,2346.0,2346.0,1416.0,574.0,0.0,1733.0
1.0,7604.0,1363.0,1990.0,6075.0,0.0,0.0,1390.0,600.0,0.0,1363.0
1.0,12316.0,411.0,1946.0,5609.0,0.0,0.0,1338.0,608.0,0.0,411.0
1.0,17514.0,126.0,1871.0,2346.0,0.0,0.0,1263.0,608.0,126.0,0.0
1.0,19734.0,1483.0,1824.0,0.0,0.0,0.0,1216.0,608.0,1483.0,0.0
1.0,18251.0,2846.0,1821.0,0.0,0.0,0.0,1220.0,601.0,2846.0,0.0
1.0,15405.0,4080.0,1881.0,0.0,0.0,0.0,1298.0,583.0,4080.0,0.0
1.0,11325.0,3963.0,1928.0,0.0,2278.0,2278.0,1374.0,554.0,3963.0,0.0
1.0,7362.0,2883.0,1951.0,0.0,5276.0,5276.0,1422.0,529.0,2480.0,403.0
1.0,4479.0,988.0,1944.0,0.0,6229.0,6229.0,1422.0,522.0,0.0,988.0
1.0,3491.0,1573.0,1966.0,2278.0,5634.0,5634.0,1422.0,544.0,0.0,1573.0
1.0,4196.0,1755.0,1999.0,5276.0,2278.0,2278.0,1421.0,578.0,0.0,1755.0
1.0,7717.0,1358.0,1997.0,6229.0,0.0,0.0,1393.0,604.0,0.0,1358.0
1.0,12588.0,371.0,1951.0,5634.0,0.0,0.0,1340.0,611.0,0.0,371.0
1.0,17851.0,169.0,1877.0,2278.0,0.0,0.0,1266.0,611.0,169.0,0.0
1.0,19960.0,1537.0,1830.0,0.0,0.0,0.0,1219.0,611.0,1537.0,0.0
1.0,18423.0,2910.0,1829.0,0.0,0.0,0.0,1226.0,603.0,2910.0,0.0
1.0,15513.0,4109.0,1890.0,0.0,0.0,0.0,1305.0,585.0,4109.0,0.0
1.0,11404.0,3944.0,1937.0,0.0,2225.0,2225.0,1381.0,556.0,3944.0,0.0
1.0,7460.0,2809.0,1957.0,0.0,5134.0,5134.0,1427.0,530.0,2401.0,408.0
1.0,4651.0,994.0,1950.0,0.0,6093.0,6093.0,1427.0,523.0,0.0,994.0
1.0,3657.0,1579.0,1973.0,2225.0,5562.0,5562.0,1427.0,546.0,0.0,1579.0
1.0,4303.0,1761.0,2006.0,5134.0,2354.0,2354.0,1426.0,580.0,0.0,1761.0
1.0,7676.0,1352.0,2005.0,6093.0,0.0,0.0,1399.0,606.0,0.0,1352.0
1.0,12417.0,357.0,1959.0,5562.0,0.0,0.0,1346.0,613.0,0.0,357.0
1.0,17622.0,148.0,1885.0,2354.0,0.0,0.0,1272.0,613.0,148.0,0.0
1.0,19828.0,1515.0,1838.0,0.0,0.0,0.0,1225.0,613.0,1515.0,0.0
1.0,18313.0,2876.0,1837.0,0.0,0.0,0.0,1231.0,606.0,2876.0,0.0
1.0,15437.0,4093.0,1898.0,0.0,0.0,0.0,1310.0,588.0,4093.0,0.0
1.0,11344.0,3937.0,1945.0,0.0,2318.0,2318.0,1386.0,559.0,3937.0,0.0
1.0,7407.0,2814.0,1965.0,0.0,5232.0,5232.0,1432.0,533.0,2424.0,390.0
1.0,4593.0,972.0,1958.0,0.0,6169.0,6169.0,1432.0,526.0,0.0,972.0
1.0,3621.0,1558.0,1980.0,2318.0,5519.0,5519.0,1432.0,548.0,0.0,1558.0
1.0,4381.0,1749.0,2012.0,5232.0,2196.0,2196.0,1431.0,581.0,0.0,1749.0
1.0,7864.0,1358.0,2013.0,6169.0,0.0,0.0,1405.0,608.0,0.0,1358.0
1.0,12675.0,381.0,1968.0,5519.0,0.0,0.0,1353.0,615.0,0.0,381.0
1.0,17813.0,116.0,1893.0,2196.0,0.0,0.0,1278.0,615.0,116.0,0.0
1.0,19893.0,1476.0,1845.0,0.0,0.0,0.0,1230.0,615.0,1476.0,0.0
1.0,18417.0,2831.0,1843.0,0.0,0.0,0.0,1235.0,608.0,2831.0,0.0
1.0,15586.0,4076.0,1904.0,0.0,0.0,0.0,1314.0,590.0,4076.0,0.0
1.0,11510.0,3956.0,1951.0,0.0,2201.0,2201.0,1390.0,561.0,3956.0,0.0
1.0,7554.0,2872.0,1974.0,0.0,5188.0,5188.0,1438.0,536.0,2487.0,385.0
1.0,4682.0,972.0,1966.0,0.0,6120.0,6120.0,1438.0,528.0,0.0,972.0
1.0,3710.0,1555.0,1988.0,2201.0,5584.0,5584.0,1438.0,550.0,0.0,1555.0
1.0,4356.0,1753.0,2020.0,5188.0,2309.0,2309.0,1436.0,584.0,0.0,1753.0
1.0,7791.0,1365.0,2019.0,6120.0,0.0,0.0,1409.0,610.0,0.0,1365.0
1.0,12546.0,394.0,1974.0,5584.0,0.0,0.0,1357.0,617.0,0.0,394.0
1.0,17736.0,145.0,1899.0,2309.0,0.0,0.0,1282.0,617.0,145.0,0.0
1.0,19900.0,1516.0,1852.0,0.0,0.0,0.0,1235.0,617.0,1516.0,0.0
1.0,18384.0,2884.0,1851.0,0.0,0.0,0.0,1241.0,610.0,2884.0,0.0
1.0,15500.0,4114.0,1912.0,0.0,0.0,0.0,1320.0,592.0,4114.0,0.0
1.0,11386.0,3970.0,1958.0,0.0,2374.0,2374.0,1396.0,562.0,3970.0,0.0
1.0,7416.0,2878.0,1981.0,0.0,5367.0,5367.0,1444.0,537.0,2465.0,413.0
1.0,4538.0,1003.0,1974.0,0.0,6335.0,6335.0,1444.0,530.0,0.0,1003.0
1.0,3535.0,1593.0,1997.0,2374.0,5669.0,5669.0,1444.0,553.0,0.0,1593.0
1.0,4316.0,1771.0,2028.0,5367.0,2228.0,2228.0,1441.0,587.0,0.0,1771.0
1.0,7912.0,1360.0,2026.0,6335.0,0.0,0.0,1413.0,613.0,0.0,1360.0
1.0,12887.0,365.0,1978.0,5669.0,0.0,0.0,1358.0,620.0,0.0,365.0
1.0,18191.0,211.0,1904.0,2228.0,0.0,0.0,1284.0,620.0,211.0,0.0
1.0,20208.0,1597.0,1858.0,0.0,0.0,0.0,1238.0,620.0,1597.0,0.0
1.0,18611.0,2989.0,1860.0,0.0,0.0,0.0,1248.0,612.0,2989.0,0.0
1.0,15622.0,4166.0,1921.0,0.0,0.0,0.0,1328.0,593.0,4166.0,0.0
1.0,11456.0,3958.0,1967.0,0.0,2337.0,2337.0,1404.0,563.0,3958.0,0.0
1.0,7498.0,2805.0,1988.0,0.0,5247.0,5247.0,1450.0,538.0,2364.0,441.0
1.0,4693.0,1037.0,1981.0,0.0,6249.0,6249.0,1450.0,531.0,0.0,1037.0
1.0,3656.0,1633.0,2006.0,2337.0,5670.0,5670.0,1450.0,556.0,0.0,1633.0
1.0,4360.0,1789.0,2036.0,5247.0,2362.0,2362.0,1446.0,590.0,0.0,1789.0
1.0,7818.0,1354.0,2033.0,6249.0,0.0,0.0,1417.0,616.0,0.0,1354.0
1.0,12713.0,318.0,1983.0,5670.0,0.0,0.0,1361.0,622.0,0.0,318.0
1.0,18065.0,241.0,1909.0,2362.0,0.0,0.0,1287.0,622.0,241.0,0.0
1.0,20186.0,1633.0,1864.0,0.0,0.0,0.0,1242.0,622.0,1633.0,0.0
1.0,18553.0,3029.0,1868.0,0.0,0.0,0.0,1254.0,614.0,3029.0,0.0
1.0,15524.0,4179.0,1930.0,0.0,0.0,0.0,1335.0,595.0,4179.0,0.0
1.0,11345.0,3941.0,1975.0,0.0,2471.0,2471.0,1410.0,565.0,3941.0,0.0
1.0,7404.0,2739.0,1995.0,0.0,5310.0,5310.0,1455.0,540.0,2301.0,438.0
1.0,4665.0,1033.0,1988.0,0.0,6308.0,6308.0,1455.0,533.0,0.0,1033.0
1.0,3632.0,1628.0,2013.0,2471.0,5590.0,5590.0,1455.0,558.0,0.0,1628.0
1.0,4475.0,1789.0,2044.0,5310.0,2224.0,2224.0,1452.0,592.0,0.0,1789.0
1.0,7996.0,1350.0,2041.0,6308.0,0.0,0.0,1423.0,618.0,0.0,1350.0
1.0,12954.0,316.0,1991.0,5590.0,0.0,0.0,1367.0,624.0,0.0,316.0
1.0,18228.0,214.0,1917.0,2224.0,0.0,0.0,1293.0,624.0,214.0,0.0
1.0,20238.0,1597.0,1872.0,0.0,0.0,0.0,1248.0,624.0,1597.0,0.0
1.0,18641.0,2984.0,1875.0,0.0,0.0,0.0,1258.0,617.0,2984.0,0.0
1.0,15657.0,4152.0,1936.0,0.0,0.0,0.0,1338.0,598.0,4152.0,0.0
1.0,11505.0,3941.0,1982.0,0.0,2346.0,2346.0,1414.0,568.0,3941.0,0.0
1.0,7564.0,2757.0,2002.0,0.0,5203.0,5203.0,1459.0,543.0,2337.0,420.0
1.0,4807.0,1011.0,1995.0,0.0,6179.0,6179.0,1459.0,536.0,0.0,1011.0
1.0,3796.0,1607.0,2018.0,2346.0,5555.0,5555.0,1459.0,559.0,0.0,1607.0
1.0,4535.0,1778.0,2051.0,5203.0,2295.0,2295.0,1457.0,594.0,0.0,1778.0
1.0,7960.0,1358.0,2048.0,6179.0,0.0,0.0,1428.0,620.0,0.0,1358.0
1.0,12781.0,342.0,2000.0,5555.0,0.0,0.0,1374.0,626.0,0.0,342.0
1.0,17994.0,200.0,1925.0,2295.0,0.0,0.0,1299.0,626.0,200.0,0.0
1.0,20089.0,1581.0,1880.0,0.0,0.0,0.0,1254.0,626.0,1581.0,0.0
1.0,18508.0,2967.0,1882.0,0.0,0.0,0.0,1263.0,619.0,2967.0,0.0
1.0,15541.0,4149.0,1943.0,0.0,0.0,0.0,1343.0,600.0,4149.0,0.0
1.0,11392.0,3956.0,1989.0,0.0,2509.0,2509.0,1419.0,570.0,3956.0,0.0
1.0,7436.0,2797.0,2010.0,0.0,5411.0,5411.0,1465.0,545.0,2374.0,423.0
1.0,4639.0,1022.0,2003.0,0.0,6398.0,6398.0,1465.0,538.0,0.0,1022.0
1.0,3617.0,1617.0,2027.0,2509.0,5626.0,5626.0,1465.0,562.0,0.0,1617.0
1.0,4509.0,1789.0,2058.0,5411.0,2159.0,2159.0,1462.0,596.0,0.0,1789.0
1.0,8131.0,1363.0,2055.0,6398.0,0.0,0.0,1433.0,622.0,0.0,1363.0
1.0,13166.0,343.0,2006.0,5626.0,0.0,0.0,1377.0,629.0,0.0,343.0
1.0,18449.0,249.0,1932.0,2159.0,0.0,0.0,1303.0,629.0,249.0,0.0
1.0,20359.0,1650.0,1887.0,0.0,0.0,0.0,1258.0,629.0,1650.0,0.0
1.0,18709.0,3048.0,1890.0,0.0,0.0,0.0,1269.0,621.0,3048.0,0.0
1.0,15661.0,4199.0,1952.0,0.0,0.0,0.0,1350.0,602.0,4199.0,0.0
1.0,11462.0,3956.0,1997.0,0.0,2479.0,2479.0,1426.0,571.0,3956.0,0.0
1.0,7506.0,2768.0,2017.0,0.0,5347.0,5347.0,1471.0,546.0,2312.0,456.0
1.0,4738.0,1058.0,2011.0,0.0,6375.0,6375.0,1471.0,540.0,0.0,1058.0
1.0,3680.0,1661.0,2036.0,2479.0,5682.0,5682.0,1471.0,565.0,0.0,1661.0
1.0,4498.0,1809.0,2067.0,5347.0,2299.0,2299.0,1467.0,600.0,0.0,1809.0
1.0,8036.0,1355.0,2062.0,6375.0,0.0,0.0,1436.0,626.0,0.0,1355.0
1.0,13056.0,304.0,2010.0,5682.0,0.0,0.0,1378.0,632.0,0.0,304.0
1.0,18434.0,313.0,1936.0,2299.0,0.0,0.0,1304.0,632.0,313.0,0.0
1.0,20420.0,1732.0,1894.0,0.0,0.0,0.0,1262.0,632.0,1732.0,0.0
1.0,18688.0,3146.0,1900.0,0.0,0.0,0.0,1277.0,623.0,3146.0,0.0
1.0,15542.0,4253.0,1961.0,0.0,0.0,0.0,1358.0,603.0,4253.0,0.0
1.0,11289.0,3937.0,2006.0,0.0,2678.0,2678.0,1434.0,572.0,3937.0,0.0
1.0,7352.0,2691.0,2024.0,0.0,5459.0,5459.0,1477.0,547.0,2212.0,479.0
1.0,4661.0,1086.0,2018.0,0.0,6515.0,6515.0,1477.0,541.0,0.0,1086.0
1.0,3575.0,1693.0,2045.0,2678.0,5665.0,5665.0,1477.0,568.0,0.0,1693.0
1.0,4560.0,1821.0,2075.0,5459.0,2177.0,2177.0,1472.0,603.0,0.0,1821.0
1.0,8198.0,1347.0,2070.0,6515.0,0.0,0.0,1441.0,629.0,0.0,1347.0
1.0,13366.0,261.0,2016.0,5665.0,0.0,0.0,1382.0,634.0,0.0,261.0
1.0,18770.0,314.0,1942.0,2177.0,0.0,0.0,1308.0,634.0,314.0,0.0
1.0,20633.0,1733.0,1900.0,0.0,0.0,0.0,1266.0,634.0,1733.0,0.0
1.0,18900.0,3147.0,1907.0,0.0,0.0,0.0,1282.0,625.0,3147.0,0.0
1.0,15753.0,4251.0,1970.0,0.0,0.0,0.0,1364.0,606.0,4251.0,0.0
1.0,11502.0,3930.0,2013.0,0.0,2493.0,2493.0,1439.0,574.0,3930.0,0.0
1.0,7572.0,2670.0,2030.0,0.0,5248.0,5248.0,1481.0,549.0,2199.0,471.0
1.0,4902.0,1075.0,2025.0,0.0,6298.0,6298.0,1481.0,544.0,0.0,1075.0
1.0,3827.0,1679.0,2051.0,2493.0,5614.0,5614.0,1481.0,570.0,0.0,1679.0
1.0,4641.0,1817.0,2082.0,5248.0,2338.0,2338.0,1477.0,605.0,0.0,1817.0
1.0,8072.0,1345.0,2078.0,6298.0,0.0,0.0,1447.0,631.0,0.0,1345.0
1.0,13025.0,269.0,2025.0,5614.0,0.0,0.0,1389.0,636.0,0.0,269.0
1.0,18370.0,276.0,1951.0,2338.0,0.0,0.0,1315.0,636.0,276.0,0.0
1.0,20432.0,1686.0,1907.0,0.0,0.0,0.0,1271.0,636.0,1686.0,0.0
1.0,18746.0,3091.0,1914.0,0.0,0.0,0.0,1286.0,628.0,3091.0,0.0
1.0,15655.0,4224.0,1975.0,0.0,0.0,0.0,1367.0,608.0,4224.0,0.0
1.0,11431.0,3942.0,2020.0,0.0,2611.0,2611.0,1443.0,577.0,3942.0,0.0
1.0,7489.0,2716.0,2038.0,0.0,5417.0,5417.0,1486.0,552.0,2260.0,456.0
1.0,4773.0,1063.0,2032.0,0.0,6450.0,6450.0,1486.0,546.0,0.0,1063.0
1.0,3710.0,1665.0,2058.0,2611.0,5634.0,5634.0,1486.0,572.0,0.0,1665.0
1.0,4656.0,1811.0,2088.0,5417.0,2178.0,2178.0,1482.0,606.0,0.0,1811.0
1.0,8262.0,1350.0,2084.0,6450.0,0.0,0.0,1452.0,632.0,0.0,1350.0
1.0,13362.0,287.0,2033.0,5634.0,0.0,0.0,1395.0,638.0,0.0,287.0
1.0,18709.0,279.0,1959.0,2178.0,0.0,0.0,1321.0,638.0,279.0,0.0
1.0,20608.0,1687.0,1915.0,0.0,0.0,0.0,1277.0,638.0,1687.0,0.0
1.0,18921.0,3101.0,1921.0,0.0,0.0,0.0,1291.0,630.0,3101.0,0.0
1.0,15820.0,4232.0,1982.0,0.0,0.0,0.0,1372.0,610.0,4232.0,0.0
1.0,11588.0,3962.0,2027.0,0.0,2509.0,2509.0,1448.0,579.0,3962.0,0.0
1.0,7626.0,2748.0,2046.0,0.0,5352.0,5352.0,1492.0,554.0,2274.0,474.0
1.0,4878.0,1080.0,2040.0,0.0,6402.0,6402.0,1492.0,548.0,0.0,1080.0
1.0,3798.0,1687.0,2066.0,2509.0,5710.0,5710.0,1492.0,574.0,0.0,1687.0
1.0,4620.0,1821.0,2096.0,5352.0,2329.0,2329.0,1487.0,609.0,0.0,1821.0
1.0,8151.0,1350.0,2091.0,6402.0,0.0,0.0,1456.0,635.0,0.0,1350.0
1.0,13203.0,273.0,2037.0,5710.0,0.0,0.0,1397.0,640.0,0.0,273.0
1.0,18640.0,337.0,1963.0,2329.0,0.0,0.0,1323.0,640.0,337.0,0.0
1.0,20632.0,1763.0,1921.0,0.0,0.0,0.0,1281.0,640.0,1763.0,0.0
1.0,18869.0,3196.0,1930.0,0.0,0.0,0.0,1298.0,632.0,3196.0,0.0
1.0,15673.0,4288.0,1991.0,0.0,0.0,0.0,1380.0,611.0,4288.0,0.0
1.0,11385.0,3961.0,2035.0,0.0,2751.0,2751.0,1456.0,579.0,3961.0,0.0
1.0,7424.0,2710.0,2053.0,0.0,5551.0,5551.0,1499.0,554.0,2198.0,512.0
1.0,4714.0,1127.0,2049.0,0.0,6658.0,6658.0,1499.0,550.0,0.0,1127.0
1.0,3587.0,1742.0,2077.0,2751.0,5789.0,5789.0,1499.0,578.0,0.0,1742.0
1.0,4596.0,1846.0,2106.0,5551.0,2229.0,2229.0,1493.0,613.0,0.0,1846.0
1.0,8301.0,1335.0,2098.0,6658.0,0.0,0.0,1459.0,639.0,0.0,1335.0
1.0,13624.0,215.0,2042.0,5789.0,0.0,0.0,1399.0,643.0,0.0,215.0
1.0,19198.0,388.0,1967.0,2229.0,0.0,0.0,1324.0,643.0,388.0,0.0
1.0,21039.0,1828.0,1927.0,0.0,0.0,0.0,1284.0,643.0,1828.0,0.0
1.0,19211.0,3273.0,1938.0,0.0,0.0,0.0,1304.0,634.0,3273.0,0.0
1.0,15938.0,4326.0,2000.0,0.0,0.0,0.0,1387.0,613.0,4326.0,0.0
1.0,11612.0,3944.0,2043.0,0.0,2547.0,2547.0,1463.0,580.0,3944.0,0.0
1.0,7668.0,2637.0,2059.0,0.0,5264.0,5264.0,1504.0,555.0,2111.0,526.0
1.0,5031.0,1143.0,2056.0,0.0,6392.0,6392.0,1504.0,552.0,0.0,1143.0
1.0,3888.0,1760.0,2084.0,2547.0,5745.0,5745.0,1504.0,580.0,0.0,1760.0
1.0,4675.0,1851.0,2114.0,5264.0,2482.0,2482.0,1498.0,616.0,0.0,1851.0
1.0,8088.0,1330.0,2106.0,6392.0,0.0,0.0,1464.0,642.0,0.0,1330.0
1.0,13150.0,186.0,2049.0,5745.0,0.0,0.0,1404.0,645.0,0.0,186.0
1.0,18709.0,378.0,1975.0,2482.0,0.0,0.0,1330.0,645.0,378.0,0.0
1.0,20813.0,1819.0,1934.0,0.0,0.0,0.0,1289.0,645.0,1819.0,0.0
1.0,18994.0,3254.0,1945.0,0.0,0.0,0.0,1309.0,636.0,3254.0,0.0
1.0,15740.0,4310.0,2007.0,0.0,0.0,0.0,1392.0,615.0,4310.0,0.0
1.0,11430.0,3929.0,2051.0,0.0,2754.0,2754.0,1468.0,583.0,3929.0,0.0
1.0,7501.0,2621.0,2066.0,0.0,5450.0,5450.0,1508.0,558.0,2107.0,514.0
1.0,4880.0,1128.0,2062.0,0.0,6558.0,6558.0,1508.0,554.0,0.0,1128.0
1.0,3752.0,1741.0,2090.0,2754.0,5685.0,5685.0,1508.0,582.0,0.0,1741.0
1.0,4765.0,1845.0,2121.0,5450.0,2235.0,2235.0,1503.0,618.0,0.0,1845.0
1.0,8370.0,1330.0,2113.0,6558.0,0.0,0.0,1470.0,643.0,0.0,1330.0
1.0,13598.0,201.0,2058.0,5685.0,0.0,0.0,1411.0,647.0,0.0,201.0
1.0,19082.0,355.0,1984.0,2235.0,0.0,0.0,1337.0,647.0,355.0,0.0
1.0,20962.0,1788.0,1942.0,0.0,0.0,0.0,1295.0,647.0,1788.0,0.0
1.0,19174.0,3216.0,1952.0,0.0,0.0,0.0,1314.0,638.0,3216.0,0.0
1.0,15958.0,4294.0,2014.0,0.0,0.0,0.0,1396.0,618.0,4294.0,0.0
1.0,11664.0,3934.0,2058.0,0.0,2560.0,2560.0,1472.0,586.0,3934.0,0.0
1.0,7730.0,2649.0,2074.0,0.0,5289.0,5289.0,1513.0,561.0,2147.0,502.0
1.0,5081.0,1115.0,2069.0,0.0,6379.0,6379.0,1513.0,556.0,0.0,1115.0
1.0,3966.0,1733.0,2097.0,2560.0,5692.0,5692.0,1513.0,584.0,0.0,1733.0
1.0,4793.0,1844.0,2127.0,5289.0,2397.0,2397.0,1508.0,619.0,0.0,1844.0
1.0,8238.0,1343.0,2120.0,6379.0,0.0,0.0,1475.0,645.0,0.0,1343.0
1.0,13274.0,224.0,2066.0,5692.0,0.0,0.0,1416.0,650.0,0.0,224.0
1.0,18742.0,377.0,1991.0,2397.0,0.0,0.0,1341.0,650.0,377.0,0.0
1.0,20762.0,1818.0,1950.0,0.0,0.0,0.0,1300.0,650.0,1818.0,0.0
1.0,18944.0,3256.0,1959.0,0.0,0.0,0.0,1319.0,640.0,3256.0,0.0
1.0,15688.0,4323.0,2022.0,0.0,0.0,0.0,1402.0,620.0,4323.0,0.0
1.0,11365.0,3946.0,2065.0,0.0,2906.0,2906.0,1478.0,587.0,3946.0,0.0
1.0,7419.0,2655.0,2081.0,0.0,5641.0,5641.0,1519.0,562.0,2138.0,517.0
1.0,4764.0,1141.0,2077.0,0.0,6762.0,6762.0,1519.0,558.0,0.0,1141.0
1.0,3623.0,1761.0,2106.0,2906.0,5762.0,5762.0,1519.0,587.0,0.0,1761.0
1.0,4768.0,1865.0,2136.0,5641.0,2136.0,2136.0,1513.0,623.0,0.0,1865.0
1.0,8544.0,1346.0,2128.0,6762.0,0.0,0.0,1479.0,649.0,0.0,1346.0
1.0,13960.0,207.0,2069.0,5762.0,0.0,0.0,1417.0,652.0,0.0,207.0
1.0,19515.0,436.0,1995.0,2136.0,0.0,0.0,1343.0,652.0,436.0,0.0
1.0,21215.0,1896.0,1956.0,0.0,0.0,0.0,1304.0,652.0,1896.0,0.0
1.0,19319.0,3353.0,1969.0,0.0,0.0,0.0,1326.0,643.0,3353.0,0.0
1.0,15966.0,4380.0,2031.0,0.0,0.0,0.0,1410.0,621.0,4380.0,0.0
1.0,11586.0,3944.0,2073.0,0.0,2723.0,2723.0,1486.0,587.0,3944.0,0.0
1.0,7642.0,2604.0,2087.0,0.0,5397.0,5397.0,1525.0,562.0,2057.0,547.0
1.0,5038.0,1174.0,2084.0,0.0,6556.0,6556.0,1525.0,559.0,0.0,1174.0
1.0,3864.0,1801.0,2115.0,2723.0,5789.0,5789.0,1525.0,590.0,0.0,1801.0
1.0,4786.0,1881.0,2144.0,5397.0,2418.0,2418.0,1518.0,626.0,0.0,1881.0
1.0,8302.0,1335.0,2135.0,6556.0,0.0,0.0,1483.0,652.0,0.0,1335.0
1.0,13523.0,167.0,2075.0,5789.0,0.0,0.0,1420.0,655.0,0.0,167.0
1.0,19145.0,474.0,2001.0,2418.0,0.0,0.0,1346.0,655.0,474.0,0.0
1.0,21089.0,1939.0,1962.0,0.0,0.0,0.0,1307.0,655.0,1939.0,0.0
1.0,19150.0,3404.0,1977.0,0.0,0.0,0.0,1332.0,645.0,3404.0,0.0
1.0,15746.0,4399.0,2040.0,0.0,0.0,0.0,1417.0,623.0,4399.0,0.0
1.0,11347.0,3924.0,2081.0,0.0,2982.0,2982.0,1492.0,589.0,3924.0,0.0
1.0,7423.0,2543.0,2094.0,0.0,5590.0,5590.0,1530.0,564.0,1988.0,555.0
1.0,4880.0,1182.0,2091.0,0.0,6757.0,6757.0,1530.0,561.0,0.0,1182.0
1.0,3698.0,1809.0,2122.0,2982.0,5739.0,5739.0,1530.0,592.0,0.0,1809.0
1.0,4871.0,1880.0,2152.0,5590.0,2179.0,2179.0,1523.0,629.0,0.0,1880.0
1.0,8581.0,1329.0,2142.0,6757.0,0.0,0.0,1488.0,654.0,0.0,1329.0
1.0,14009.0,146.0,2083.0,5739.0,0.0,0.0,1426.0,657.0,0.0,146.0
1.0,19602.0,457.0,2009.0,2179.0,0.0,0.0,1352.0,657.0,457.0,0.0
1.0,21324.0,1915.0,1970.0,0.0,0.0,0.0,1313.0,657.0,1915.0,0.0
1.0,19409.0,3377.0,1984.0,0.0,0.0,0.0,1337.0,647.0,3377.0,0.0
1.0,16032.0,4376.0,2046.0,0.0,0.0,0.0,1421.0,625.0,4376.0,0.0
1.0,11656.0,3921.0,2089.0,0.0,2710.0,2710.0,1497.0,592.0,3921.0,0.0
1.0,7735.0,2539.0,2102.0,0.0,5314.0,5314.0,1535.0,567.0,1998.0,541.0
1.0,5196.0,1164.0,2099.0,0.0,6463.0,6463.0,1535.0,564.0,0.0,1164.0
1.0,4032.0,1787.0,2129.0,2710.0,5690.0,5690.0,1535.0,594.0,0.0,1787.0
1.0,4955.0,1874.0,2158.0,5314.0,2395.0,2395.0,1528.0,630.0,0.0,1874.0
1.0,8395.0,1333.0,2150.0,6463.0,0.0,0.0,1494.0,656.0,0.0,1333.0
1.0,13525.0,168.0,2091.0,5690.0,0.0,0.0,1432.0,659.0,0.0,168.0
1.0,19047.0,435.0,2017.0,2395.0,0.0,0.0,1358.0,659.0,435.0,0.0
1.0,21007.0,1888.0,1978.0,0.0,0.0,0.0,1319.0,659.0,1888.0,0.0
1.0,19119.0,3346.0,1991.0,0.0,0.0,0.0,1342.0,649.0,3346.0,0.0
1.0,15773.0,4364.0,2054.0,0.0,0.0,0.0,1426.0,628.0,4364.0,0.0
1.0,11409.0,3935.0,2096.0,0.0,3006.0,3006.0,1501.0,595.0,3935.0,0.0
1.0,7474.0,2580.0,2110.0,0.0,5656.0,5656.0,1541.0,569.0,2044.0,536.0
1.0,4894.0,1160.0,2107.0,0.0,6801.0,6801.0,1541.0,566.0,0.0,1160.0
1.0,3734.0,1790.0,2137.0,3006.0,5735.0,5735.0,1541.0,596.0,0.0,1790.0
1.0,4950.0,1879.0,2165.0,5656.0,2098.0,2098.0,1533.0,632.0,0.0,1879.0
1.0,8727.0,1345.0,2156.0,6801.0,0.0,0.0,1498.0,658.0,0.0,1345.0
1.0,14183.0,182.0,2098.0,5735.0,0.0,0.0,1436.0,662.0,0.0,182.0
1.0,19736.0,473.0,2024.0,2098.0,0.0,0.0,1362.0,662.0,473.0,0.0
1.0,21361.0,1938.0,1985.0,0.0,0.0,0.0,1323.0,662.0,1938.0,0.0
1.0,19423.0,3410.0,2000.0,0.0,0.0,0.0,1348.0,652.0,3410.0,0.0
1.0,16013.0,4406.0,2062.0,0.0,0.0,0.0,1432.0,630.0,4406.0,0.0
1.0,11607.0,3944.0,2104.0,0.0,2857.0,2857.0,1508.0,596.0,3944.0,0.0
1.0,7663.0,2568.0,2118.0,0.0,5495.0,5495.0,1547.0,571.0,2007.0,561.0
1.0,5095.0,1193.0,2115.0,0.0,6673.0,6673.0,1547.0,568.0,0.0,1193.0
1.0,3902.0,1826.0,2146.0,2857.0,5797.0,5797.0,1547.0,599.0,0.0,1826.0
1.0,4933.0,1898.0,2173.0,5495.0,2335.0,2335.0,1538.0,635.0,0.0,1898.0
1.0,8530.0,1339.0,2163.0,6673.0,0.0,0.0,1502.0,661.0,0.0,1339.0
1.0,13864.0,148.0,2101.0,5797.0,0.0,0.0,1437.0,664.0,0.0,148.0
1.0,19513.0,537.0,2027.0,2335.0,0.0,0.0,1363.0,664.0,537.0,0.0
1.0,21311.0,2026.0,1991.0,0.0,0.0,0.0,1327.0,664.0,2026.0,0.0
1.0,19285.0,3511.0,2009.0,0.0,0.0,0.0,1355.0,654.0,3511.0,0.0
1.0,15774.0,4460.0,2071.0,0.0,0.0,0.0,1440.0,631.0,4460.0,0.0
1.0,11314.0,3926.0,2112.0,0.0,3172.0,3172.0,1516.0,596.0,3926.0,0.0
1.0,7388.0,2496.0,2124.0,0.0,5728.0,5728.0,1552.0,572.0,1903.0,593.0
1.0,4892.0,1231.0,2122.0,0.0,6949.0,6949.0,1552.0,570.0,0.0,1231.0
1.0,3661.0,1869.0,2154.0,3172.0,5806.0,5806.0,1552.0,602.0,0.0,1869.0
1.0,4964.0,1914.0,2182.0,5728.0,2132.0,2132.0,1543.0,639.0,0.0,1914.0
1.0,8778.0,1321.0,2170.0,6949.0,0.0,0.0,1506.0,664.0,0.0,1321.0
1.0,14406.0,95.0,2107.0,5806.0,0.0,0.0,1441.0,666.0,0.0,95.0
1.0,20117.0,562.0,2033.0,2132.0,0.0,0.0,1367.0,666.0,562.0,0.0
1.0,21687.0,2055.0,1997.0,0.0,0.0,0.0,1331.0,666.0,2055.0,0.0
1.0,19632.0,3543.0,2017.0,0.0,0.0,0.0,1361.0,656.0,3543.0,0.0
1.0,16089.0,4473.0,2080.0,0.0,0.0,0.0,1447.0,633.0,4473.0,0.0
1.0,11616.0,3904.0,2120.0,0.0,2888.0,2888.0,1522.0,598.0,3904.0,0.0
1.0,7712.0,2447.0,2130.0,0.0,5385.0,5385.0,1557.0,573.0,1852.0,595.0
1.0,5265.0,1231.0,2129.0,0.0,6611.0,6611.0,1557.0,572.0,0.0,1231.0
1.0,4034.0,1867.0,2162.0,2888.0,5755.0,5755.0,1557.0,605.0,0.0,1867.0
1.0,5055.0,1908.0,2190.0,5385.0,2418.0,2418.0,1549.0,641.0,0.0,1908.0
1.0,8532.0,1317.0,2179.0,6611.0,0.0,0.0,1512.0,667.0,0.0,1317.0
1.0,13826.0,85.0,2115.0,5755.0,0.0,0.0,1447.0,668.0,0.0,85.0
1.0,19496.0,528.0,2041.0,2418.0,0.0,0.0,1373.0,668.0,528.0,0.0
1.0,21386.0,2012.0,2004.0,0.0,0.0,0.0,1336.0,668.0,2012.0,0.0
1.0,19374.0,3491.0,2023.0,0.0,0.0,0.0,1365.0,658.0,3491.0,0.0
1.0,15883.0,4446.0,2085.0,0.0,0.0,0.0,1450.0,635.0,4446.0,0.0
1.0,11437.0,3911.0,2127.0,0.0,3109.0,3109.0,1526.0,601.0,3911.0,0.0
1.0,7526.0,2483.0,2138.0,0.0,5647.0,5647.0,1562.0,576.0,1902.0,581.0
1.0,5043.0,1214.0,2136.0,0.0,6851.0,6851.0,1562.0,574.0,0.0,1214.0
1.0,3829.0,1847.0,2168.0,3109.0,5749.0,5749.0,1562.0,606.0,0.0,1847.0
1.0,5091.0,1904.0,2197.0,5647.0,2151.0,2151.0,1554.0,643.0,0.0,1904.0
1.0,8834.0,1323.0,2185.0,6851.0,0.0,0.0,1517.0,668.0,0.0,1323.0
1.0,14362.0,109.0,2123.0,5749.0,0.0,0.0,1453.0,670.0,0.0,109.0
1.0,20002.0,516.0,2049.0,2151.0,0.0,0.0,1379.0,670.0,516.0,0.0
1.0,21637.0,1999.0,2012.0,0.0,0.0,0.0,1342.0,670.0,1999.0,0.0
1.0,19638.0,3478.0,2029.0,0.0,0.0,0.0,1369.0,660.0,3478.0,0.0
1.0,16160.0,4448.0,2093.0,0.0,0.0,0.0,1455.0,638.0,4448.0,0.0
1.0,11712.0,3931.0,2134.0,0.0,2889.0,2889.0,1531.0,603.0,3931.0,0.0
1.0,7781.0,2526.0,2146.0,0.0,5475.0,5475.0,1568.0,578.0,1941.0,585.0
1.0,5255.0,1221.0,2144.0,0.0,6686.0,6686.0,1568.0,576.0,0.0,1221.0
1.0,4034.0,1863.0,2176.0,2889.0,5820.0,5820.0,1568.0,608.0,0.0,1863.0
1.0,5060.0,1916.0,2204.0,5475.0,2401.0,2401.0,1559.0,645.0,0.0,1916.0
1.0,8619.0,1333.0,2193.0,6686.0,0.0,0.0,1522.0,671.0,0.0,1333.0
1.0,13972.0,109.0,2129.0,5820.0,0.0,0.0,1456.0,673.0,0.0,109.0
1.0,19683.0,567.0,2055.0,2401.0,0.0,0.0,1382.0,673.0,567.0,0.0
1.0,21517.0,2062.0,2019.0,0.0,0.0,0.0,1346.0,673.0,2062.0,0.0
1.0,19455.0,3564.0,2038.0,0.0,0.0,0.0,1376.0,662.0,3564.0,0.0
1.0,15891.0,4496.0,2101.0,0.0,0.0,0.0,1462.0,639.0,4496.0,0.0
1.0,11395.0,3935.0,2142.0,0.0,3250.0,3250.0,1538.0,604.0,3935.0,0.0
1.0,7460.0,2486.0,2153.0,0.0,5791.0,5791.0,1574.0,579.0,1878.0,608.0
1.0,4974.0,1258.0,2152.0,0.0,7044.0,7044.0,1574.0,578.0,0.0,1258.0
1.0,3716.0,1903.0,2186.0,3250.0,5867.0,5867.0,1574.0,612.0,0.0,1903.0
1.0,5063.0,1941.0,2213.0,5791.0,2152.0,2152.0,1564.0,649.0,0.0,1941.0
1.0,8913.0,1329.0,2199.0,7044.0,0.0,0.0,1525.0,674.0,0.0,1329.0
1.0,14628.0,73.0,2133.0,5867.0,0.0,0.0,1457.0,676.0,0.0,73.0
1.0,20422.0,628.0,2060.0,2152.0,0.0,0.0,1384.0,676.0,628.0,0.0
1.0,21946.0,2140.0,2025.0,0.0,0.0,0.0,1349.0,676.0,2140.0,0.0
1.0,19806.0,3657.0,2047.0,0.0,0.0,0.0,1383.0,664.0,3657.0,0.0
1.0,16149.0,4542.0,2111.0,0.0,0.0,0.0,1470.0,641.0,4542.0,0.0
1.0,11607.0,3920.0,2151.0,0.0,3068.0,3068.0,1546.0,605.0,3920.0,0.0
1.0,7687.0,2405.0,2160.0,0.0,5518.0,5518.0,1580.0,580.0,1776.0,629.0
1.0,5282.0,1278.0,2159.0,0.0,6791.0,6791.0,1580.0,579.0,0.0,1278.0
1.0,4004.0,1927.0,2194.0,3068.0,5825.0,5825.0,1580.0,614.0,0.0,1927.0
1.0,5145.0,1946.0,2221.0,5518.0,2388.0,2388.0,1569.0,652.0,0.0,1946.0
1.0,8717.0,1316.0,2207.0,6791.0,0.0,0.0,1530.0,677.0,0.0,1316.0
1.0,14192.0,42.0,2139.0,5825.0,0.0,0.0,1461.0,678.0,0.0,42.0
1.0,19975.0,627.0,2066.0,2388.0,0.0,0.0,1388.0,678.0,627.0,0.0
1.0,21736.0,2138.0,2032.0,0.0,0.0,0.0,1354.0,678.0,2138.0,0.0
1.0,19598.0,3653.0,2055.0,0.0,0.0,0.0,1388.0,667.0,3653.0,0.0
1.0,15945.0,4535.0,2118.0,0.0,0.0,0.0,1475.0,643.0,4535.0,0.0
1.0,11410.0,3910.0,2158.0,0.0,3290.0,3290.0,1551.0,607.0,3910.0,0.0
1.0,7500.0,2388.0,2167.0,0.0,5723.0,5723.0,1585.0,582.0,1764.0,624.0
1.0,5112.0,1270.0,2166.0,0.0,6988.0,6988.0,1585.0,581.0,0.0,1270.0
1.0,3842.0,1915.0,2202.0,3290.0,5793.0,5793.0,1585.0,617.0,0.0,1915.0
1.0,5217.0,1936.0,2228.0,5723.0,2136.0,2136.0,1574.0,654.0,0.0,1936.0
1.0,9004.0,1315.0,2215.0,6988.0,0.0,0.0,1536.0,679.0,0.0,1315.0
1.0,14677.0,44.0,2149.0,5793.0,0.0,0.0,1469.0,680.0,0.0,44.0
1.0,20426.0,594.0,2074.0,2136.0,0.0,0.0,1394.0,680.0,594.0,0.0
1.0,21968.0,2096.0,2040.0,0.0,0.0,0.0,1360.0,680.0,2096.0,0.0
1.0,19872.0,3602.0,2061.0,0.0,0.0,0.0,1392.0,669.0,3602.0,0.0
1.0,16270.0,4509.0,2124.0,0.0,0.0,0.0,1479.0,645.0,4509.0,0.0
1.0,11761.0,3919.0,2164.0,0.0,2978.0,2978.0,1554.0,610.0,3919.0,0.0
1.0,7842.0,2432.0,2174.0,0.0,5460.0,5460.0,1589.0,585.0,1818.0,614.0
1.0,5410.0,1257.0,2173.0,0.0,6712.0,6712.0,1589.0,584.0,0.0,1257.0
1.0,4153.0,1901.0,2207.0,2978.0,5805.0,5805.0,1589.0,618.0,0.0,1901.0
1.0,5230.0,1936.0,2235.0,5460.0,2421.0,2421.0,1579.0,656.0,0.0,1936.0
1.0,8754.0,1323.0,2222.0,6712.0,0.0,0.0,1541.0,681.0,0.0,1323.0
1.0,14143.0,66.0,2156.0,5805.0,0.0,0.0,1474.0,682.0,0.0,66.0
1.0,19882.0,604.0,2082.0,2421.0,0.0,0.0,1400.0,682.0,604.0,0.0
1.0,21699.0,2115.0,2047.0,0.0,0.0,0.0,1365.0,682.0,2115.0,0.0
1.0,19584.0,3622.0,2069.0,0.0,0.0,0.0,1398.0,671.0,3622.0,0.0
1.0,15962.0,4532.0,2133.0,0.0,0.0,0.0,1485.0,648.0,4532.0,0.0
1.0,11430.0,3927.0,2172.0,0.0,3357.0,3357.0,1560.0,612.0,3927.0,0.0
1.0,7503.0,2441.0,2182.0,0.0,5848.0,5848.0,1595.0,587.0,1817.0,624.0
1.0,5062.0,1273.0,2181.0,0.0,7116.0,7116.0,1595.0,586.0,0.0,1273.0
1.0,3789.0,1928.0,2216.0,3357.0,5862.0,5862.0,1595.0,621.0,0.0,1928.0
1.0,5218.0,1954.0,2242.0,5848.0,2098.0,2098.0,1584.0,658.0,0.0,1954.0
1.0,9112.0,1332.0,2229.0,7116.0,0.0,0.0,1545.0,684.0,0.0,1332.0
1.0,14896.0,56.0,2161.0,5862.0,0.0,0.0,1476.0,685.0,0.0,56.0
1.0,20702.0,666.0,2087.0,2098.0,0.0,0.0,1402.0,685.0,666.0,0.0
1.0,22134.0,2196.0,2054.0,0.0,0.0,0.0,1369.0,685.0,2196.0,0.0
1.0,19938.0,3722.0,2077.0,0.0,0.0,0.0,1404.0,673.0,3722.0,0.0
1.0,16216.0,4589.0,2142.0,0.0,0.0,0.0,1493.0,649.0,4589.0,0.0
1.0,11627.0,3923.0,2180.0,0.0,3196.0,3196.0,1568.0,612.0,3923.0,0.0
1.0,7704.0,2384.0,2190.0,0.0,5630.0,5630.0,1602.0,588.0,1737.0,647.0
1.0,5320.0,1309.0,2189.0,0.0,6934.0,6934.0,1602.0,587.0,0.0,1309.0
1.0,4011.0,1966.0,2226.0,3196.0,5889.0,5889.0,1602.0,624.0,0.0,1966.0
1.0,5241.0,1977.0,2251.0,5630.0,2361.0,2361.0,1589.0,662.0,0.0,1977.0
1.0,8894.0,1326.0,2235.0,6934.0,0.0,0.0,1548.0,687.0,0.0,1326.0
1.0,14502.0,19.0,2166.0,5889.0,0.0,0.0,1478.0,688.0,0.0,19.0
1.0,20372.0,710.0,2092.0,2361.0,0.0,0.0,1404.0,688.0,710.0,0.0
1.0,22023.0,2252.0,2060.0,0.0,0.0,0.0,1372.0,688.0,2252.0,0.0
1.0,19771.0,3790.0,2086.0,0.0,0.0,0.0,1411.0,675.0,3790.0,0.0
1.0,15981.0,4623.0,2151.0,0.0,0.0,0.0,1500.0,651.0,4623.0,0.0
1.0,11358.0,3908.0,2189.0,0.0,3495.0,3495.0,1575.0,614.0,3908.0,0.0
1.0,7450.0,2321.0,2196.0,0.0,5851.0,5851.0,1607.0,589.0,1660.0,661.0
1.0,5129.0,1320.0,2196.0,0.0,7171.0,7171.0,1607.0,589.0,0.0,1320.0
1.0,3809.0,1978.0,2233.0,3495.0,5839.0,5839.0,1607.0,626.0,0.0,1978.0
1.0,5326.0,1975.0,2259.0,5851.0,2093.0,2093.0,1595.0,664.0,0.0,1975.0
1.0,9202.0,1313.0,2244.0,7171.0,0.0,0.0,1554.0,690.0,0.0,1313.0
1.0,15060.0,0.0,2173.0,5839.0,0.0,0.0,1483.0,690.0,0.0,0.0
1.0,20899.0,695.0,2100.0,2093.0,0.0,0.0,1410.0,690.0,695.0,0.0
1.0,22297.0,2227.0,2067.0,0.0,0.0,0.0,1377.0,690.0,2227.0,0.0
1.0,20070.0,3763.0,2094.0,0.0,0.0,0.0,1416.0,678.0,3763.0,0.0
1.0,16307.0,4598.0,2157.0,0.0,0.0,0.0,1504.0,653.0,4598.0,0.0
1.0,11709.0,3901.0,2195.0,0.0,3167.0,3167.0,1579.0,616.0,3901.0,0.0
1.0,7808.0,2324.0,2203.0,0.0,5531.0,5531.0,1611.0,592.0,1672.0,652.0
1.0,5484.0,1307.0,2203.0,0.0,6838.0,6838.0,1611.0,592.0,0.0,1307.0
1.0,4177.0,1962.0,2239.0,3167.0,5813.0,5813.0,1611.0,628.0,0.0,1962.0
1.0,5382.0,1964.0,2266.0,5531.0,2381.0,2381.0,1600.0,666.0,0.0,1964.0
1.0,8949.0,1316.0,2251.0,6838.0,0.0,0.0,1560.0,691.0,0.0,1316.0
1.0,14471.0,8.0,2182.0,5813.0,0.0,0.0,1490.0,692.0,0.0,8.0
1.0,20276.0,674.0,2109.0,2381.0,0.0,0.0,1417.0,692.0,674.0,0.0
1.0,21983.0,2199.0,2075.0,0.0,0.0,0.0,1383.0,692.0,2199.0,0.0
1.0,19784.0,3729.0,2100.0,0.0,0.0,0.0,1420.0,680.0,3729.0,0.0
1.0,16055.0,4580.0,2164.0,0.0,0.0,0.0,1508.0,656.0,4580.0,0.0
1.0,11475.0,3912.0,2203.0,0.0,3452.0,3452.0,1584.0,619.0,3912.0,0.0
1.0,7563.0,2358.0,2210.0,0.0,5845.0,5845.0,1616.0,594.0,1709.0,649.0
1.0,5205.0,1303.0,2210.0,0.0,7148.0,7148.0,1616.0,594.0,0.0,1303.0
1.0,3902.0,1958.0,2246.0,3452.0,5834.0,5834.0,1616.0,630.0,0.0,1958.0
1.0,5396.0,1969.0,2273.0,5845.0,2093.0,2093.0,1605.0,668.0,0.0,1969.0
1.0,9272.0,1322.0,2258.0,7148.0,0.0,0.0,1564.0,694.0,0.0,1322.0
1.0,15098.0,20.0,2188.0,5834.0,0.0,0.0,1494.0,694.0,0.0,20.0
1.0,20912.0,702.0,2115.0,2093.0,0.0,0.0,1421.0,694.0,702.0,0.0
1.0,22303.0,2237.0,2082.0,0.0,0.0,0.0,1388.0,694.0,2237.0,0.0
1.0,20066.0,3778.0,2108.0,0.0,0.0,0.0,1426.0,682.0,3778.0,0.0
1.0,16288.0,4614.0,2173.0,0.0,0.0,0.0,1515.0,658.0,4614.0,0.0
1.0,11674.0,3928.0,2211.0,0.0,3309.0,3309.0,1590.0,621.0,3922.0,6.0
1.0,7746.0,2353.0,2219.0,0.0,5702.0,5702.0,1623.0,596.0,1686.0,667.0
1.0,5393.0,1329.0,2219.0,0.0,7031.0,7031.0,1623.0,596.0,0.0,1329.0
1.0,4064.0,1990.0,2256.0,3309.0,5897.0,5897.0,1623.0,633.0,0.0,1990.0
1.0,5383.0,1986.0,2281.0,5702.0,2306.0,2306.0,1610.0,671.0,0.0,1986.0
1.0,9099.0,1321.0,2265.0,7031.0,0.0,0.0,1568.0,697.0,0.0,1321.0
1.0,14809.0,0.0,2193.0,5897.0,0.0,0.0,1496.0,697.0,0.0,0.0
1.0,20706.0,767.0,2119.0,2306.0,0.0,0.0,1422.0,697.0,767.0,0.0
1.0,22245.0,2321.0,2089.0,0.0,0.0,0.0,1392.0,697.0,2321.0,0.0
1.0,19924.0,3881.0,2117.0,0.0,0.0,0.0,1433.0,684.0,3881.0,0.0
1.0,16043.0,4671.0,2182.0,0.0,0.0,0.0,1523.0,659.0,4671.0,0.0
1.0,11372.0,3940.0,2220.0,0.0,3668.0,3668.0,1598.0,622.0,3913.0,27.0
1.0,7432.0,2286.0,2226.0,0.0,5984.0,5984.0,1629.0,597.0,1591.0,695.0
1.0,5146.0,1369.0,2227.0,0.0,7358.0,7358.0,1629.0,598.0,0.0,1369.0
1.0,3777.0,2011.0,2265.0,3668.0,5891.0,5891.0,1629.0,636.0,0.0,2011.0
1.0,5434.0,1985.0,2289.0,5984.0,2012.0,2012.0,1615.0,674.0,0.0,1985.0
1.0,9433.0,1285.0,2271.0,7358.0,0.0,0.0,1572.0,699.0,0.0,1285.0
1.0,15506.0,0.0,2198.0,5891.0,0.0,0.0,1499.0,699.0,0.0,0.0
1.0,21397.0,799.0,2124.0,2012.0,0.0,0.0,1425.0,699.0,799.0,0.0
1.0,22610.0,2366.0,2095.0,0.0,0.0,0.0,1396.0,699.0,2366.0,0.0
1.0,20244.0,3927.0,2125.0,0.0,0.0,0.0,1439.0,686.0,3927.0,0.0
1.0,16317.0,4689.0,2190.0,0.0,0.0,0.0,1529.0,661.0,4689.0,0.0
1.0,11628.0,3912.0,2227.0,0.0,3419.0,3419.0,1604.0,623.0,3889.0,23.0
1.0,7716.0,2219.0,2232.0,0.0,5663.0,5663.0,1633.0,599.0,1522.0,697.0
1.0,5497.0,1365.0,2233.0,0.0,7033.0,7033.0,1633.0,600.0,0.0,1365.0
1.0,4132.0,2010.0,2271.0,3419.0,5814.0,5814.0,1633.0,638.0,0.0,2010.0
1.0,5541.0,1981.0,2296.0,5663.0,2257.0,2257.0,1620.0,676.0,0.0,1981.0
1.0,9223.0,1283.0,2278.0,7033.0,0.0,0.0,1577.0,701.0,0.0,1283.0
1.0,14973.0,0.0,2206.0,5814.0,0.0,0.0,1505.0,701.0,0.0,0.0
1.0,20787.0,780.0,2132.0,2257.0,0.0,0.0,1431.0,701.0,780.0,0.0
1.0,22264.0,2339.0,2102.0,0.0,0.0,0.0,1401.0,701.0,2339.0,0.0
1.0,19925.0,3892.0,2133.0,0.0,0.0,0.0,1444.0,689.0,3892.0,0.0
1.0,16033.0,4669.0,2197.0,0.0,0.0,0.0,1534.0,663.0,4669.0,0.0
1.0,11364.0,3895.0,2234.0,0.0,3701.0,3701.0,1608.0,626.0,3881.0,14.0
1.0,7469.0,2224.0,2239.0,0.0,5950.0,5950.0,1638.0,601.0,1545.0,679.0
1.0,5245.0,1343.0,2240.0,0.0,7298.0,7298.0,1638.0,602.0,0.0,1343.0
1.0,3902.0,1993.0,2278.0,3701.0,5780.0,5780.0,1638.0,640.0,0.0,1993.0
1.0,5610.0,1978.0,2303.0,5950.0,1933.0,1933.0,1625.0,678.0,0.0,1978.0
1.0,9582.0,1304.0,2286.0,7298.0,0.0,0.0,1583.0,703.0,0.0,1304.0
1.0,15576.0,0.0,2214.0,5780.0,0.0,0.0,1511.0,703.0,0.0,0.0
1.0,21356.0,758.0,2141.0,1933.0,0.0,0.0,1438.0,703.0,758.0,0.0
1.0,22531.0,2313.0,2110.0,0.0,0.0,0.0,1407.0,703.0,2313.0,0.0
1.0,20218.0,3864.0,2139.0,0.0,0.0,0.0,1448.0,691.0,3864.0,0.0
1.0,16354.0,4662.0,2204.0,0.0,0.0,0.0,1538.0,666.0,4662.0,0.0
1.0,11692.0,3922.0,2241.0,0.0,3435.0,3435.0,1613.0,628.0,3901.0,21.0
1.0,7770.0,2282.0,2248.0,0.0,5752.0,5752.0,1644.0,604.0,1595.0,687.0
1.0,5488.0,1353.0,2248.0,0.0,7105.0,7105.0,1644.0,604.0,0.0,1353.0
1.0,4135.0,1999.0,2286.0,3435.0,5859.0,5859.0,1644.0,642.0,0.0,1999.0
1.0,5571.0,1984.0,2310.0,5752.0,2211.0,2211.0,1630.0,680.0,0.0,1984.0
1.0,9339.0,1299.0,2292.0,7105.0,0.0,0.0,1587.0,705.0,0.0,1299.0
1.0,15145.0,0.0,2220.0,5859.0,0.0,0.0,1515.0,705.0,0.0,0.0
1.0,21004.0,796.0,2146.0,2211.0,0.0,0.0,1441.0,705.0,796.0,0.0
1.0,22419.0,2365.0,2116.0,0.0,0.0,0.0,1411.0,705.0,2365.0,0.0
1.0,20054.0,3931.0,2147.0,0.0,0.0,0.0,1454.0,693.0,3931.0,0.0
1.0,16123.0,4708.0,2212.0,0.0,0.0,0.0,1545.0,667.0,4708.0,0.0
1.0,11415.0,3960.0,2250.0,0.0,3795.0,3795.0,1620.0,630.0,3913.0,47.0
1.0,7455.0,2280.0,2255.0,0.0,6100.0,6100.0,1650.0,605.0,1559.0,721.0
1.0,5175.0,1395.0,2257.0,0.0,7505.0,7505.0,1650.0,607.0,0.0,1395.0
1.0,3780.0,2028.0,2296.0,3795.0,5933.0,5933.0,1650.0,646.0,0.0,2028.0
1.0,5547.0,1983.0,2319.0,6100.0,1931.0,1931.0,1635.0,684.0,0.0,1983.0
1.0,9664.0,1264.0,2299.0,7505.0,0.0,0.0,1591.0,708.0,0.0,1264.0
1.0,15905.0,0.0,2224.0,5933.0,0.0,0.0,1516.0,708.0,0.0,0.0
1.0,21838.0,858.0,2151.0,1931.0,0.0,0.0,1443.0,708.0,858.0,0.0
1.0,22911.0,2440.0,2122.0,0.0,0.0,0.0,1414.0,708.0,2440.0,0.0
1.0,20471.0,4028.0,2155.0,0.0,0.0,0.0,1461.0,694.0,4028.0,0.0
1.0,16443.0,4754.0,2221.0,0.0,0.0,0.0,1553.0,668.0,4754.0,0.0
1.0,11689.0,3968.0,2258.0,0.0,3569.0,3569.0,1628.0,630.0,3904.0,64.0
1.0,7721.0,2206.0,2263.0,0.0,5800.0,5800.0,1656.0,607.0,1462.0,744.0
1.0,5515.0,1429.0,2265.0,0.0,7239.0,7239.0,1656.0,609.0,0.0,1429.0
1.0,4086.0,2045.0,2305.0,3569.0,5915.0,5915.0,1656.0,649.0,0.0,2045.0
1.0,5610.0,1981.0,2328.0,5800.0,2211.0,2211.0,1641.0,687.0,0.0,1981.0
1.0,9429.0,1232.0,2305.0,7239.0,0.0,0.0,1595.0,710.0,0.0,1232.0
1.0,15436.0,0.0,2230.0,5915.0,0.0,0.0,1520.0,710.0,0.0,0.0
1.0,21351.0,872.0,2156.0,2211.0,0.0,0.0,1446.0,710.0,872.0,0.0
1.0,22690.0,2457.0,2129.0,0.0,0.0,0.0,1419.0,710.0,2457.0,0.0
1.0,20233.0,4046.0,2164.0,0.0,0.0,0.0,1467.0,697.0,4046.0,0.0
1.0,16187.0,4757.0,2229.0,0.0,0.0,0.0,1559.0,670.0,4757.0,0.0
1.0,11430.0,3941.0,2266.0,0.0,3841.0,3841.0,1633.0,633.0,3888.0,53.0
1.0,7489.0,2160.0,2270.0,0.0,6021.0,6021.0,1661.0,609.0,1424.0,736.0
1.0,5329.0,1414.0,2272.0,0.0,7445.0,7445.0,1661.0,611.0,0.0,1414.0
1.0,3915.0,2038.0,2312.0,3841.0,5842.0,5842.0,1661.0,651.0,0.0,2038.0
1.0,5718.0,1979.0,2335.0,6021.0,1915.0,1915.0,1646.0,689.0,0.0,1979.0
1.0,9760.0,1241.0,2313.0,7445.0,0.0,0.0,1601.0,712.0,0.0,1241.0
1.0,15964.0,0.0,2238.0,5842.0,0.0,0.0,1526.0,712.0,0.0,0.0
1.0,21806.0,841.0,2164.0,1915.0,0.0,0.0,1452.0,712.0,841.0,0.0
1.0,22880.0,2417.0,2136.0,0.0,0.0,0.0,1424.0,712.0,2417.0,0.0
1.0,20463.0,3997.0,2170.0,0.0,0.0,0.0,1471.0,699.0,3997.0,0.0
1.0,16466.0,4731.0,2235.0,0.0,0.0,0.0,1562.0,673.0,4731.0,0.0
1.0,11735.0,3938.0,2273.0,0.0,3568.0,3568.0,1637.0,636.0,3893.0,45.0
1.0,7797.0,2190.0,2277.0,0.0,5778.0,5778.0,1665.0,612.0,1470.0,720.0
1.0,5607.0,1394.0,2278.0,0.0,7177.0,7177.0,1665.0,613.0,0.0,1394.0
1.0,4213.0,2023.0,2317.0,3568.0,5827.0,5827.0,1665.0,652.0,0.0,2023.0
1.0,5758.0,1978.0,2341.0,5778.0,2147.0,2147.0,1651.0,690.0,0.0,1978.0
1.0,9558.0,1264.0,2321.0,7177.0,0.0,0.0,1606.0,715.0,0.0,1264.0
1.0,15471.0,0.0,2247.0,5827.0,0.0,0.0,1532.0,715.0,0.0,0.0
1.0,21298.0,837.0,2174.0,2147.0,0.0,0.0,1459.0,715.0,837.0,0.0
1.0,22608.0,2413.0,2144.0,0.0,0.0,0.0,1430.0,714.0,2413.0,0.0
1.0,20195.0,3996.0,2177.0,0.0,0.0,0.0,1476.0,701.0,3996.0,0.0
1.0,16199.0,4738.0,2242.0,0.0,0.0,0.0,1567.0,675.0,4738.0,0.0
1.0,11461.0,3970.0,2280.0,0.0,3909.0,3909.0,1642.0,638.0,3910.0,60.0
1.0,7491.0,2234.0,2285.0,0.0,6168.0,6168.0,1671.0,614.0,1496.0,738.0
1.0,5257.0,1417.0,2287.0,0.0,7595.0,7595.0,1671.0,616.0,0.0,1417.0
1.0,3840.0,2036.0,2326.0,3909.0,5917.0,5917.0,1671.0,655.0,0.0,2036.0
1.0,5713.0,1983.0,2349.0,6168.0,1847.0,1847.0,1656.0,693.0,0.0,1983.0
1.0,9898.0,1247.0,2327.0,7595.0,0.0,0.0,1610.0,717.0,0.0,1247.0
1.0,16246.0,0.0,2252.0,5917.0,0.0,0.0,1535.0,717.0,0.0,0.0
1.0,22163.0,891.0,2178.0,1847.0,0.0,0.0,1461.0,717.0,891.0,0.0
1.0,23119.0,2490.0,2150.0,0.0,0.0,0.0,1434.0,716.0,2490.0,0.0
1.0,20629.0,4086.0,2186.0,0.0,0.0,0.0,1483.0,703.0,4086.0,0.0
1.0,16543.0,4798.0,2251.0,0.0,0.0,0.0,1575.0,676.0,4798.0,0.0
1.0,11745.0,3994.0,2288.0,0.0,3689.0,3689.0,1650.0,638.0,3907.0,87.0
1.0,7751.0,2195.0,2292.0,0.0,5904.0,5904.0,1677.0,615.0,1422.0,773.0
1.0,5556.0,1460.0,2296.0,0.0,7384.0,7384.0,1677.0,619.0,0.0,1460.0
1.0,4096.0,2065.0,2336.0,3689.0,5960.0,5960.0,1677.0,659.0,0.0,2065.0
1.0,5720.0,1980.0,2358.0,5904.0,2146.0,2146.0,1661.0,697.0,0.0,1980.0
1.0,9644.0,1209.0,2334.0,7384.0,0.0,0.0,1614.0,720.0,0.0,1209.0
1.0,15819.0,0.0,2256.0,5960.0,0.0,0.0,1536.0,720.0,0.0,0.0
1.0,21779.0,945.0,2183.0,2146.0,0.0,0.0,1463.0,720.0,945.0,0.0
1.0,22980.0,2559.0,2156.0,0.0,0.0,0.0,1437.0,719.0,2559.0,0.0
1.0,20421.0,4169.0,2193.0,0.0,0.0,0.0,1489.0,704.0,4169.0,0.0
1.0,16252.0,4839.0,2259.0,0.0,0.0,0.0,1582.0,677.0,4839.0,0.0
1.0,11413.0,3988.0,2296.0,0.0,4055.0,4055.0,1657.0,639.0,3890.0,98.0
1.0,7425.0,2124.0,2299.0,0.0,6194.0,6194.0,1683.0,616.0,1336.0,788.0
1.0,5301.0,1483.0,2304.0,0.0,7702.0,7702.0,1683.0,621.0,0.0,1483.0
1.0,3818.0,2075.0,2344.0,4055.0,5922.0,5922.0,1683.0,661.0,0.0,2075.0
1.0,5798.0,1977.0,2365.0,6194.0,1810.0,1810.0,1666.0,699.0,0.0,1977.0
1.0,10015.0,1184.0,2341.0,7702.0,0.0,0.0,1619.0,722.0,0.0,1184.0
1.0,16533.0,0.0,2263.0,5922.0,0.0,0.0,1541.0,722.0,0.0,0.0
1.0,22455.0,936.0,2190.0,1810.0,0.0,0.0,1468.0,722.0,936.0,0.0
1.0,23329.0,2548.0,2163.0,0.0,0.0,0.0,1442.0,721.0,2548.0,0.0
1.0,20781.0,4154.0,2201.0,0.0,0.0,0.0,1494.0,707.0,4154.0,0.0
1.0,16627.0,4828.0,2267.0,0.0,0.0,0.0,1587.0,680.0,4828.0,0.0
1.0,11799.0,3968.0,2304.0,0.0,3689.0,3689.0,1662.0,642.0,3884.0,84.0
1.0,7831.0,2114.0,2307.0,0.0,5818.0,5818.0,1688.0,619.0,1338.0,776.0
1.0,5717.0,1463.0,2311.0,0.0,7301.0,7301.0,1688.0,623.0,0.0,1463.0
1.0,4254.0,2065.0,2351.0,3689.0,5877.0,5877.0,1688.0,663.0,0.0,2065.0
1.0,5878.0,1975.0,2373.0,5818.0,2144.0,2144.0,1672.0,701.0,0.0,1975.0
1.0,9721.0,1198.0,2349.0,7301.0,0.0,0.0,1625.0,724.0,0.0,1198.0
1.0,15824.0,0.0,2272.0,5877.0,0.0,0.0,1548.0,724.0,0.0,0.0
1.0,21701.0,905.0,2199.0,2144.0,0.0,0.0,1475.0,724.0,905.0,0.0
1.0,22940.0,2503.0,2171.0,0.0,0.0,0.0,1448.0,723.0,2503.0,0.0
1.0,20437.0,4101.0,2207.0,0.0,0.0,0.0,1498.0,709.0,4101.0,0.0
1.0,16336.0,4799.0,2273.0,0.0,0.0,0.0,1591.0,682.0,4799.0,0.0
1.0,11537.0,3974.0,2311.0,0.0,3992.0,3992.0,1666.0,645.0,3894.0,80.0
1.0,7563.0,2161.0,2314.0,0.0,6168.0,6168.0,1692.0,622.0,1396.0,765.0
1.0,5402.0,1450.0,2317.0,0.0,7633.0,7633.0,1692.0,625.0,0.0,1450.0
1.0,3952.0,2055.0,2357.0,3992.0,5896.0,5896.0,1692.0,665.0,0.0,2055.0
1.0,5889.0,1976.0,2379.0,6168.0,1814.0,1814.0,1676.0,703.0,0.0,1976.0
1.0,10081.0,1217.0,2356.0,7633.0,0.0,0.0,1630.0,726.0,0.0,1217.0
1.0,16497.0,0.0,2279.0,5896.0,0.0,0.0,1553.0,726.0,0.0,0.0
1.0,22393.0,926.0,2206.0,1814.0,0.0,0.0,1480.0,726.0,926.0,0.0
1.0,23281.0,2530.0,2178.0,0.0,0.0,0.0,1453.0,725.0,2530.0,0.0
1.0,20751.0,4141.0,2215.0,0.0,0.0,0.0,1504.0,711.0,4141.0,0.0
1.0,16610.0,4822.0,2281.0,0.0,0.0,0.0,1597.0,684.0,4822.0,0.0
1.0,11788.0,4004.0,2318.0,0.0,3806.0,3806.0,1672.0,646.0,3901.0,103.0
1.0,7784.0,2169.0,2322.0,0.0,5995.0,5995.0,1698.0,624.0,1376.0,793.0
1.0,5615.0,1484.0,2326.0,0.0,7499.0,7499.0,1698.0,628.0,0.0,1484.0
1.0,4131.0,2073.0,2366.0,3806.0,5966.0,5966.0,1698.0,668.0,0.0,2073.0
1.0,5864.0,1978.0,2387.0,5995.0,2054.0,2054.0,1681.0,706.0,0.0,1978.0
1.0,9881.0,1188.0,2362.0,7499.0,0.0,0.0,1633.0,729.0,0.0,1188.0
1.0,16192.0,0.0,2284.0,5966.0,0.0,0.0,1555.0,729.0,0.0,0.0
1.0,22158.0,995.0,2211.0,2054.0,0.0,0.0,1482.0,729.0,995.0,0.0
1.0,23217.0,2619.0,2184.0,0.0,0.0,0.0,1457.0,727.0,2619.0,0.0
1.0,20598.0,4249.0,2223.0,0.0,0.0,0.0,1511.0,712.0,4249.0,0.0
1.0,16349.0,4881.0,2289.0,0.0,0.0,0.0,1605.0,684.0,4881.0,0.0
1.0,11468.0,4026.0,2327.0,0.0,4193.0,4193.0,1680.0,647.0,3895.0,131.0
1.0,7442.0,2105.0,2330.0,0.0,6313.0,6313.0,1705.0,625.0,1276.0,829.0
1.0,5337.0,1528.0,2336.0,0.0,7871.0,7871.0,1705.0,631.0,0.0,1528.0
1.0,3809.0,2101.0,2376.0,4193.0,5979.0,5979.0,1705.0,671.0,0.0,2101.0
1.0,5901.0,1972.0,2395.0,6313.0,1733.0,1733.0,1686.0,709.0,0.0,1972.0
1.0,10242.0,1144.0,2368.0,7871.0,0.0,0.0,1637.0,731.0,0.0,1144.0
1.0,16969.0,0.0,2288.0,5979.0,0.0,0.0,1557.0,731.0,0.0,0.0
1.0,22948.0,1037.0,2215.0,1733.0,0.0,0.0,1484.0,731.0,1037.0,0.0
1.0,23644.0,2672.0,2190.0,0.0,0.0,0.0,1460.0,730.0,2672.0,0.0
1.0,20972.0,4312.0,2232.0,0.0,0.0,0.0,1518.0,714.0,4312.0,0.0
1.0,16660.0,4909.0,2298.0,0.0,0.0,0.0,1612.0,686.0,4909.0,0.0
1.0,11751.0,4012.0,2336.0,0.0,3941.0,3941.0,1687.0,649.0,3876.0,136.0
1.0,7739.0,2034.0,2337.0,0.0,5980.0,5980.0,1710.0,627.0,1198.0,836.0
1.0,5705.0,1541.0,2343.0,0.0,7551.0,7551.0,1710.0,633.0,0.0,1541.0
1.0,4164.0,2105.0,2384.0,3941.0,5920.0,5920.0,1710.0,674.0,0.0,2105.0
1.0,6000.0,1968.0,2404.0,5980.0,2008.0,2008.0,1692.0,712.0,0.0,1968.0
1.0,10012.0,1126.0,2376.0,7551.0,0.0,0.0,1643.0,733.0,0.0,1126.0
1.0,16437.0,0.0,2296.0,5920.0,0.0,0.0,1563.0,733.0,0.0,0.0
1.0,22357.0,1018.0,2222.0,2008.0,0.0,0.0,1489.0,733.0,1018.0,0.0
1.0,23347.0,2651.0,2198.0,0.0,0.0,0.0,1466.0,732.0,2651.0,0.0
1.0,20696.0,4278.0,2239.0,0.0,0.0,0.0,1522.0,717.0,4278.0,0.0
1.0,16418.0,4887.0,2305.0,0.0,0.0,0.0,1616.0,689.0,4887.0,0.0
1.0,11531.0,3986.0,2342.0,0.0,4165.0,4165.0,1691.0,651.0,3867.0,119.0
1.0,7545.0,2034.0,2343.0,0.0,6204.0,6204.0,1714.0,629.0,1214.0,820.0
1.0,5511.0,1516.0,2349.0,0.0,7750.0,7750.0,1714.0,635.0,0.0,1516.0
1.0,3995.0,2093.0,2390.0,4165.0,5883.0,5883.0,1714.0,676.0,0.0,2093.0
1.0,6067.0,1969.0,2410.0,6204.0,1748.0,1748.0,1697.0,713.0,0.0,1969.0
1.0,10302.0,1148.0,2383.0,7750.0,0.0,0.0,1648.0,735.0,0.0,1148.0
1.0,16904.0,0.0,2305.0,5883.0,0.0,0.0,1570.0,735.0,0.0,0.0
1.0,22787.0,999.0,2232.0,1748.0,0.0,0.0,1497.0,735.0,999.0,0.0
1.0,23536.0,2626.0,2206.0,0.0,0.0,0.0,1472.0,734.0,2626.0,0.0
1.0,20910.0,4248.0,2246.0,0.0,0.0,0.0,1527.0,719.0,4248.0,0.0
1.0,16662.0,4877.0,2312.0,0.0,0.0,0.0,1621.0,691.0,4877.0,0.0
1.0,11785.0,3994.0,2349.0,0.0,3954.0,3954.0,1695.0,654.0,3874.0,120.0
1.0,7791.0,2071.0,2351.0,0.0,6035.0,6035.0,1719.0,632.0,1255.0,816.0
1.0,5720.0,1512.0,2356.0,0.0,7572.0,7572.0,1719.0,637.0,0.0,1512.0
1.0,4208.0,2089.0,2397.0,3954.0,5912.0,5912.0,1719.0,678.0,0.0,2089.0
1.0,6073.0,1970.0,2418.0,6035.0,1952.0,1952.0,1702.0,716.0,0.0,1970.0
1.0,10138.0,1161.0,2391.0,7572.0,0.0,0.0,1653.0,738.0,0.0,1161.0
1.0,16549.0,0.0,2311.0,5912.0,0.0,0.0,1573.0,738.0,0.0,0.0
1.0,22461.0,1028.0,2238.0,1952.0,0.0,0.0,1500.0,738.0,1028.0,0.0
1.0,23385.0,2666.0,2213.0,0.0,0.0,0.0,1477.0,736.0,2666.0,0.0
1.0,20719.0,4301.0,2254.0,0.0,0.0,0.0,1533.0,721.0,4301.0,0.0
1.0,16418.0,4915.0,2319.0,0.0,92.0,92.0,1627.0,692.0,4915.0,0.0
1.0,11503.0,4037.0,2357.0,0.0,4319.0,4319.0,1702.0,655.0,3888.0,149.0
1.0,7466.0,2085.0,2359.0,0.0,6414.0,6414.0,1726.0,633.0,1233.0,852.0
1.0,5381.0,1556.0,2367.0,92.0,7918.0,7918.0,1726.0,641.0,0.0,1556.0
1.0,3917.0,2112.0,2407.0,4319.0,5911.0,5911.0,1726.0,681.0,0.0,2112.0
1.0,6124.0,1971.0,2426.0,6414.0,1563.0,1563.0,1707.0,719.0,0.0,1971.0
1.0,10567.0,1121.0,2397.0,7918.0,0.0,0.0,1656.0,741.0,0.0,1121.0
1.0,17364.0,0.0,2316.0,5911.0,0.0,0.0,1575.0,741.0,0.0,0.0
1.0,23275.0,1087.0,2243.0,1563.0,0.0,0.0,1502.0,741.0,1087.0,0.0
1.0,23751.0,2744.0,2218.0,0.0,0.0,0.0,1480.0,738.0,2744.0,0.0
1.0,21007.0,4398.0,2262.0,0.0,0.0,0.0,1540.0,722.0,4398.0,0.0
1.0,16609.0,4971.0,2328.0,0.0,2.0,2.0,1635.0,693.0,4971.0,0.0
1.0,11638.0,4056.0,2366.0,0.0,4248.0,4248.0,1710.0,656.0,3883.0,173.0
1.0,7582.0,2030.0,2367.0,0.0,6283.0,6283.0,1732.0,635.0,1147.0,883.0
1.0,5552.0,1594.0,2375.0,2.0,7915.0,7915.0,1732.0,643.0,0.0,1594.0
1.0,3960.0,2137.0,2416.0,4248.0,6009.0,6009.0,1732.0,684.0,0.0,2137.0
1.0,6071.0,1965.0,2434.0,6283.0,1781.0,1781.0,1712.0,722.0,0.0,1965.0
1.0,10389.0,1082.0,2404.0,7915.0,0.0,0.0,1661.0,743.0,0.0,1082.0
1.0,17222.0,0.0,2321.0,6009.0,0.0,0.0,1578.0,743.0,0.0,0.0
1.0,23231.0,1113.0,2248.0,1781.0,0.0,0.0,1505.0,743.0,1113.0,0.0
1.0,23899.0,2772.0,2223.0,0.0,0.0,0.0,1483.0,740.0,2772.0,0.0
1.0,21127.0,4435.0,2270.0,0.0,0.0,0.0,1546.0,724.0,4435.0,0.0
1.0,16692.0,4980.0,2336.0,0.0,0.0,0.0,1641.0,695.0,4980.0,0.0
1.0,11712.0,4032.0,2373.0,0.0,4185.0,4185.0,1716.0,657.0,3865.0,167.0
1.0,7680.0,1968.0,2373.0,0.0,6153.0,6153.0,1737.0,636.0,1091.0,877.0
1.0,5712.0,1592.0,2382.0,0.0,7790.0,7790.0,1737.0,645.0,0.0,1592.0
1.0,4120.0,2134.0,2423.0,4185.0,5944.0,5944.0,1737.0,686.0,0.0,2134.0
1.0,6171.0,1966.0,2441.0,6153.0,1847.0,1847.0,1717.0,724.0,0.0,1966.0
1.0,10358.0,1082.0,2411.0,7790.0,0.0,0.0,1666.0,745.0,0.0,1082.0
1.0,17066.0,0.0,2329.0,5944.0,0.0,0.0,1584.0,745.0,0.0,0.0
1.0,23010.0,1090.0,2256.0,1847.0,0.0,0.0,1511.0,745.0,1090.0,0.0
1.0,23767.0,2740.0,2232.0,0.0,0.0,0.0,1489.0,743.0,2740.0,0.0
1.0,21027.0,4394.0,2277.0,0.0,0.0,0.0,1550.0,727.0,4394.0,0.0
1.0,16633.0,4952.0,2344.0,0.0,39.0,39.0,1646.0,698.0,4952.0,0.0
1.0,11681.0,4013.0,2380.0,0.0,4232.0,4232.0,1720.0,660.0,3865.0,148.0
1.0,7668.0,1977.0,2380.0,0.0,6209.0,6209.0,1741.0,639.0,1118.0,859.0
1.0,5691.0,1565.0,2388.0,39.0,7775.0,7775.0,1741.0,647.0,0.0,1565.0
1.0,4165.0,2123.0,2429.0,4232.0,5871.0,5871.0,1741.0,688.0,0.0,2123.0
1.0,6274.0,1970.0,2448.0,6209.0,1727.0,1727.0,1722.0,726.0,0.0,1970.0
1.0,10513.0,1116.0,2419.0,7775.0,0.0,0.0,1672.0,747.0,0.0,1116.0
1.0,17172.0,0.0,2337.0,5871.0,0.0,0.0,1590.0,747.0,0.0,0.0
1.0,23043.0,1078.0,2264.0,1727.0,0.0,0.0,1517.0,747.0,1078.0,0.0
1.0,23692.0,2726.0,2240.0,0.0,0.0,0.0,1495.0,745.0,2726.0,0.0
1.0,20966.0,4379.0,2284.0,0.0,0.0,0.0,1555.0,729.0,4379.0,0.0
1.0,16587.0,4950.0,2350.0,0.0,113.0,113.0,1650.0,700.0,4950.0,0.0
1.0,11637.0,4029.0,2388.0,0.0,4332.0,4332.0,1725.0,663.0,3879.0,150.0
1.0,7608.0,2010.0,2389.0,0.0,6347.0,6347.0,1747.0,642.0,1152.0,858.0
1.0,5598.0,1566.0,2396.0,113.0,7835.0,7835.0,1747.0,649.0,0.0,1566.0
1.0,4145.0,2125.0,2437.0,4332.0,5833.0,5833.0,1747.0,690.0,0.0,2125.0
1.0,6352.0,1982.0,2455.0,6347.0,1558.0,1558.0,1727.0,728.0,0.0,1982.0
1.0,10717.0,1126.0,2426.0,7835.0,0.0,0.0,1676.0,750.0,0.0,1126.0
1.0,17426.0,0.0,2343.0,5833.0,0.0,0.0,1593.0,750.0,0.0,0.0
1.0,23259.0,1127.0,2270.0,1558.0,0.0,0.0,1520.0,750.0,1127.0,0.0
1.0,23690.0,2790.0,2246.0,0.0,0.0,0.0,1499.0,747.0,2790.0,0.0
1.0,20900.0,4460.0,2292.0,0.0,0.0,0.0,1561.0,731.0,4460.0,0.0
1.0,16440.0,5000.0,2358.0,0.0,350.0,350.0,1657.0,701.0,5000.0,0.0
1.0,11440.0,4061.0,2396.0,0.0,4601.0,4601.0,1732.0,664.0,3884.0,177.0
1.0,7379.0,1987.0,2396.0,0.0,6588.0,6588.0,1753.0,643.0,1094.0,893.0
1.0,5392.0,1610.0,2405.0,350.0,7893.0,7893.0,1753.0,652.0,0.0,1610.0
1.0,4132.0,2150.0,2447.0,4601.0,5652.0,5652.0,1753.0,694.0,0.0,2150.0
1.0,6583.0,1980.0,2464.0,6588.0,1129.0,1129.0,1732.0,732.0,0.0,1980.0
1.0,11191.0,1089.0,2432.0,7893.0,0.0,0.0,1679.0,753.0,0.0,1089.0
1.0,17995.0,0.0,2348.0,5652.0,0.0,0.0,1595.0,753.0,0.0,0.0
1.0,23647.0,1186.0,2275.0,1129.0,0.0,0.0,1522.0,753.0,1186.0,0.0
1.0,23590.0,2871.0,2252.0,0.0,0.0,0.0,1503.0,749.0,2871.0,0.0
1.0,20719.0,4552.0,2300.0,0.0,0.0,0.0,1568.0,732.0,4552.0,0.0
1.0,16167.0,5053.0,2367.0,0.0,721.0,721.0,1665.0,702.0,5053.0,0.0
1.0,11114.0,4062.0,2404.0,0.0,4968.0,4968.0,1740.0,664.0,3865.0,197.0
1.0,7052.0,1914.0,2403.0,0.0,6877.0,6877.0,1759.0,644.0,996.0,918.0
1.0,5138.0,1639.0,2414.0,721.0,7850.0,7850.0,1759.0,655.0,0.0,1639.0
1.0,4220.0,2168.0,2456.0,4968.0,5260.0,5260.0,1759.0,697.0,0.0,2168.0
1.0,7020.0,1971.0,2472.0,6877.0,434.0,434.0,1737.0,735.0,0.0,1971.0
1.0,11926.0,1053.0,2439.0,7850.0,0.0,0.0,1684.0,755.0,0.0,1053.0
1.0,18723.0,0.0,2354.0,5260.0,0.0,0.0,1599.0,755.0,0.0,0.0
1.0,23983.0,1193.0,2281.0,434.0,0.0,0.0,1526.0,755.0,1193.0,0.0
1.0,23224.0,2879.0,2259.0,0.0,0.0,0.0,1507.0,752.0,2879.0,0.0
1.0,20345.0,4559.0,2309.0,0.0,0.0,0.0,1574.0,735.0,4559.0,0.0
1.0,15786.0,5051.0,2375.0,0.0,1140.0,1140.0,1671.0,704.0,5051.0,0.0
1.0,10735.0,4040.0,2412.0,0.0,5365.0,5365.0,1745.0,667.0,3851.0,189.0
1.0,6695.0,1883.0,2410.0,0.0,7238.0,7238.0,1764.0,646.0,975.0,908.0
1.0,4812.0,1632.0,2421.0,1140.0,7785.0,7785.0,1764.0,657.0,0.0,1632.0
1.0,4320.0,2161.0,2463.0,5365.0,4791.0,4791.0,1764.0,699.0,0.0,2161.0
1.0,7524.0,1971.0,2479.0,7238.0,0.0,0.0,1743.0,736.0,0.0,1971.0
1.0,12791.0,1057.0,2447.0,7785.0,0.0,0.0,1690.0,757.0,0.0,1057.0
1.0,19519.0,0.0,2362.0,4791.0,0.0,0.0,1605.0,757.0,0.0,0.0
1.0,24310.0,1156.0,2289.0,0.0,0.0,0.0,1532.0,757.0,1156.0,0.0
1.0,23154.0,2833.0,2267.0,0.0,0.0,0.0,1513.0,754.0,2833.0,0.0
1.0,20321.0,4505.0,2315.0,0.0,0.0,0.0,1578.0,737.0,4505.0,0.0
1.0,15816.0,5025.0,2381.0,0.0,1114.0,1114.0,1674.0,707.0,5025.0,0.0
1.0,10791.0,4035.0,2419.0,0.0,5339.0,5339.0,1749.0,670.0,3863.0,172.0
1.0,6756.0,1927.0,2418.0,0.0,7261.0,7261.0,1769.0,649.0,1034.0,893.0
1.0,4829.0,1609.0,2428.0,1114.0,7806.0,7806.0,1769.0,659.0,0.0,1609.0
1.0,4334.0,2153.0,2469.0,5339.0,4825.0,4825.0,1769.0,700.0,0.0,2153.0
1.0,7520.0,1976.0,2486.0,7261.0,0.0,0.0,1748.0,738.0,0.0,1976.0
1.0,12805.0,1084.0,2454.0,7806.0,0.0,0.0,1695.0,759.0,0.0,1084.0
1.0,19527.0,0.0,2370.0,4825.0,0.0,0.0,1611.0,759.0,0.0,0.0
1.0,24352.0,1158.0,2297.0,0.0,0.0,0.0,1538.0,759.0,1158.0,0.0
1.0,23194.0,2833.0,2274.0,0.0,0.0,0.0,1518.0,756.0,2833.0,0.0
1.0,20361.0,4509.0,2322.0,0.0,0.0,0.0,1583.0,739.0,4509.0,0.0
1.0,15852.0,5033.0,2389.0,0.0,1126.0,1126.0,1680.0,709.0,5033.0,0.0
1.0,10819.0,4068.0,2426.0,0.0,5379.0,5379.0,1754.0,672.0,3879.0,189.0
1.0,6751.0,1964.0,2425.0,0.0,7338.0,7338.0,1774.0,651.0,1055.0,909.0
1.0,4787.0,1630.0,2435.0,1126.0,7892.0,7892.0,1774.0,661.0,0.0,1630.0
1.0,4283.0,2163.0,2477.0,5379.0,4886.0,4886.0,1774.0,703.0,0.0,2163.0
1.0,7499.0,1976.0,2494.0,7338.0,0.0,0.0,1753.0,741.0,0.0,1976.0
1.0,12861.0,1074.0,2460.0,7892.0,0.0,0.0,1699.0,761.0,0.0,1074.0
1.0,19679.0,0.0,2374.0,4886.0,0.0,0.0,1613.0,761.0,0.0,0.0
1.0,24565.0,1220.0,2302.0,0.0,0.0,0.0,1541.0,761.0,1220.0,0.0
1.0,23345.0,2913.0,2280.0,0.0,0.0,0.0,1522.0,758.0,2913.0,0.0
1.0,20432.0,4613.0,2331.0,0.0,0.0,0.0,1590.0,741.0,4613.0,0.0
1.0,15819.0,5089.0,2397.0,0.0,1255.0,1255.0,1687.0,710.0,5089.0,0.0
1.0,10730.0,4101.0,2435.0,0.0,5546.0,5546.0,1762.0,673.0,3879.0,222.0
1.0,6629.0,1916.0,2434.0,0.0,7457.0,7457.0,1781.0,653.0,966.0,950.0
1.0,4713.0,1679.0,2445.0,1255.0,7936.0,7936.0,1781.0,664.0,0.0,1679.0
1.0,4289.0,2187.0,2487.0,5546.0,4787.0,4787.0,1781.0,706.0,0.0,2187.0
1.0,7648.0,1972.0,2502.0,7457.0,0.0,0.0,1758.0,744.0,0.0,1972.0
1.0,13133.0,1024.0,2467.0,7936.0,0.0,0.0,1703.0,764.0,0.0,1024.0
1.0,20045.0,0.0,2379.0,4787.0,0.0,0.0,1615.0,764.0,0.0,0.0
1.0,24832.0,1271.0,2306.0,0.0,0.0,0.0,1542.0,764.0,1271.0,0.0
1.0,23561.0,2978.0,2285.0,0.0,0.0,0.0,1525.0,760.0,2978.0,0.0
1.0,20583.0,4690.0,2339.0,0.0,0.0,0.0,1596.0,743.0,4690.0,0.0
1.0,15893.0,5127.0,2406.0,0.0,1264.0,1264.0,1695.0,711.0,5127.0,0.0
1.0,10766.0,4098.0,2443.0,0.0,5547.0,5547.0,1769.0,674.0,3862.0,236.0
1.0,6668.0,1847.0,2441.0,0.0,7384.0,7384.0,1786.0,655.0,879.0,968.0
1.0,4821.0,1700.0,2453.0,1264.0,7880.0,7880.0,1786.0,667.0,0.0,1700.0
1.0,4385.0,2200.0,2495.0,5547.0,4743.0,4743.0,1786.0,709.0,0.0,2200.0
1.0,7732.0,1963.0,2510.0,7384.0,0.0,0.0,1763.0,747.0,0.0,1963.0
1.0,13153.0,994.0,2474.0,7880.0,0.0,0.0,1708.0,766.0,0.0,994.0
1.0,20039.0,0.0,2386.0,4743.0,0.0,0.0,1620.0,766.0,0.0,0.0
1.0,24782.0,1260.0,2313.0,0.0,0.0,0.0,1547.0,766.0,1260.0,0.0
1.0,23522.0,2963.0,2293.0,0.0,0.0,0.0,1530.0,763.0,2963.0,0.0
1.0,20559.0,4670.0,2346.0,0.0,0.0,0.0,1601.0,745.0,4670.0,0.0
1.0,15889.0,5111.0,2414.0,0.0,1292.0,1292.0,1700.0,714.0,5111.0,0.0
1.0,10778.0,4074.0,2450.0,0.0,5546.0,5546.0,1774.0,676.0,3853.0,221.0
1.0,6704.0,1831.0,2448.0,0.0,7367.0,7367.0,1791.0,657.0,882.0,949.0
1.0,4873.0,1682.0,2460.0,1292.0,7817.0,7817.0,1791.0,669.0,0.0,1682.0
1.0,4483.0,2189.0,2502.0,5546.0,4670.0,4670.0,1791.0,711.0,0.0,2189.0
1.0,7840.0,1967.0,2517.0,7367.0,0.0,0.0,1768.0,749.0,0.0,1967.0
1.0,13240.0,1012.0,2482.0,7817.0,0.0,0.0,1714.0,768.0,0.0,1012.0
1.0,20045.0,0.0,2395.0,4670.0,0.0,0.0,1627.0,768.0,0.0,0.0
1.0,24715.0,1231.0,2322.0,0.0,0.0,0.0,1554.0,768.0,1231.0,0.0
1.0,23484.0,2931.0,2301.0,0.0,0.0,0.0,1536.0,765.0,2931.0,0.0
1.0,20553.0,4626.0,2353.0,0.0,0.0,0.0,1605.0,748.0,4626.0,0.0
1.0,15927.0,5090.0,2420.0,0.0,1263.0,1263.0,1703.0,717.0,5090.0,0.0
1.0,10837.0,4068.0,2457.0,0.0,5516.0,5516.0,1778.0,679.0,3859.0,209.0
1.0,6769.0,1870.0,2454.0,0.0,7371.0,7371.0,1795.0,659.0,929.0,941.0
1.0,4899.0,1668.0,2466.0,1263.0,7836.0,7836.0,1795.0,671.0,0.0,1668.0
1.0,4494.0,2186.0,2508.0,5516.0,4716.0,4716.0,1795.0,713.0,0.0,2186.0
1.0,7824.0,1973.0,2524.0,7371.0,0.0,0.0,1773.0,751.0,0.0,1973.0
1.0,13222.0,1033.0,2489.0,7836.0,0.0,0.0,1719.0,770.0,0.0,1033.0
1.0,20025.0,0.0,2402.0,4716.0,0.0,0.0,1632.0,770.0,0.0,0.0
1.0,24741.0,1257.0,2329.0,0.0,0.0,0.0,1559.0,770.0,1257.0,0.0
1.0,23484.0,2965.0,2309.0,0.0,0.0,0.0,1542.0,767.0,2965.0,0.0
1.0,20519.0,4669.0,2360.0,0.0,0.0,0.0,1611.0,749.0,4669.0,0.0
1.0,15850.0,5123.0,2428.0,0.0,1413.0,1413.0,1710.0,718.0,5123.0,0.0
1.0,10727.0,4099.0,2465.0,0.0,5697.0,5697.0,1784.0,681.0,3866.0,233.0
1.0,6628.0,1878.0,2464.0,0.0,7570.0,7570.0,1802.0,662.0,912.0,966.0
1.0,4750.0,1700.0,2476.0,1413.0,7917.0,7917.0,1802.0,674.0,0.0,1700.0
1.0,4463.0,2201.0,2518.0,5697.0,4631.0,4631.0,1802.0,716.0,0.0,2201.0
1.0,7959.0,1975.0,2532.0,7570.0,0.0,0.0,1778.0,754.0,0.0,1975.0
1.0,13554.0,1011.0,2495.0,7917.0,0.0,0.0,1722.0,773.0,0.0,1011.0
1.0,20460.0,0.0,2406.0,4631.0,0.0,0.0,1633.0,773.0,0.0,0.0
1.0,25091.0,1317.0,2334.0,0.0,0.0,0.0,1561.0,773.0,1317.0,0.0
1.0,23774.0,3044.0,2314.0,0.0,0.0,0.0,1545.0,769.0,3044.0,0.0
1.0,20730.0,4768.0,2369.0,0.0,0.0,0.0,1618.0,751.0,4768.0,0.0
1.0,15962.0,5181.0,2436.0,0.0,1399.0,1399.0,1718.0,718.0,5181.0,0.0
1.0,10781.0,4123.0,2473.0,0.0,5707.0,5707.0,1792.0,681.0,3864.0,259.0
1.0,6658.0,1829.0,2471.0,0.0,7526.0,7526.0,1808.0,663.0,829.0,1000.0
1.0,4829.0,1741.0,2484.0,1399.0,7933.0,7933.0,1808.0,676.0,0.0,1741.0
1.0,4487.0,2223.0,2527.0,5707.0,4664.0,4664.0,1808.0,719.0,0.0,2223.0
1.0,7971.0,1970.0,2540.0,7526.0,0.0,0.0,1783.0,757.0,0.0,1970.0
1.0,13527.0,971.0,2502.0,7933.0,0.0,0.0,1726.0,776.0,0.0,971.0
1.0,20489.0,0.0,2412.0,4664.0,0.0,0.0,1636.0,776.0,0.0,0.0
1.0,25153.0,1350.0,2339.0,0.0,0.0,0.0,1563.0,776.0,1350.0,0.0
1.0,23803.0,3087.0,2319.0,0.0,0.0,0.0,1548.0,771.0,3087.0,0.0
1.0,20716.0,4819.0,2377.0,0.0,0.0,0.0,1624.0,753.0,4819.0,0.0
1.0,15897.0,5205.0,2444.0,0.0,1528.0,1528.0,1724.0,720.0,5205.0,0.0
1.0,10692.0,4113.0,2481.0,0.0,5826.0,5826.0,1798.0,683.0,3849.0,264.0
1.0,6579.0,1771.0,2477.0,0.0,7577.0,7577.0,1813.0,664.0,765.0,1006.0
1.0,4808.0,1747.0,2492.0,1528.0,7871.0,7871.0,1813.0,679.0,0.0,1747.0
1.0,4589.0,2229.0,2535.0,5826.0,4489.0,4489.0,1813.0,722.0,0.0,2229.0
1.0,8186.0,1964.0,2548.0,7577.0,0.0,0.0,1789.0,759.0,0.0,1964.0
1.0,13799.0,957.0,2510.0,7871.0,0.0,0.0,1732.0,778.0,0.0,957.0
1.0,20713.0,0.0,2420.0,4489.0,0.0,0.0,1642.0,778.0,0.0,0.0
1.0,25202.0,1326.0,2347.0,0.0,0.0,0.0,1569.0,778.0,1326.0,0.0
1.0,23876.0,3051.0,2328.0,0.0,0.0,0.0,1554.0,774.0,3051.0,0.0
1.0,20825.0,4780.0,2384.0,0.0,0.0,0.0,1629.0,755.0,4780.0,0.0
1.0,16045.0,5177.0,2451.0,0.0,1387.0,1387.0,1728.0,723.0,5177.0,0.0
1.0,10868.0,4094.0,2488.0,0.0,5666.0,5666.0,1802.0,686.0,3848.0,246.0
1.0,6774.0,1778.0,2485.0,0.0,7429.0,7429.0,1818.0,667.0,794.0,984.0
1.0,4996.0,1726.0,2498.0,1387.0,7833.0,7833.0,1818.0,680.0,0.0,1726.0
1.0,4657.0,2217.0,2541.0,5666.0,4599.0,4599.0,1818.0,723.0,0.0,2217.0
1.0,8106.0,1970.0,2555.0,7429.0,0.0,0.0,1794.0,761.0,0.0,1970.0
1.0,13565.0,981.0,2518.0,7833.0,0.0,0.0,1738.0,780.0,0.0,981.0
1.0,20417.0,0.0,2429.0,4599.0,0.0,0.0,1649.0,780.0,0.0,0.0
1.0,25016.0,1308.0,2356.0,0.0,0.0,0.0,1576.0,780.0,1308.0,0.0
1.0,23708.0,3027.0,2336.0,0.0,0.0,0.0,1560.0,776.0,3027.0,0.0
1.0,20681.0,4752.0,2391.0,0.0,0.0,0.0,1633.0,758.0,4752.0,0.0
1.0,15929.0,5164.0,2459.0,0.0,1530.0,1530.0,1733.0,726.0,5164.0,0.0
1.0,10765.0,4104.0,2495.0,0.0,5814.0,5814.0,1807.0,688.0,3863.0,241.0
1.0,6661.0,1817.0,2492.0,0.0,7616.0,7616.0,1823.0,669.0,833.0,984.0
1.0,4844.0,1723.0,2505.0,1530.0,7874.0,7874.0,1823.0,682.0,0.0,1723.0
1.0,4651.0,2221.0,2548.0,5814.0,4496.0,4496.0,1823.0,725.0,0.0,2221.0
1.0,8244.0,1977.0,2562.0,7616.0,0.0,0.0,1799.0,763.0,0.0,1977.0
1.0,13883.0,994.0,2524.0,7874.0,0.0,0.0,1742.0,782.0,0.0,994.0
1.0,20763.0,0.0,2434.0,4496.0,0.0,0.0,1652.0,782.0,0.0,0.0
1.0,25259.0,1347.0,2361.0,0.0,0.0,0.0,1579.0,782.0,1347.0,0.0
1.0,23912.0,3079.0,2342.0,0.0,0.0,0.0,1564.0,778.0,3079.0,0.0
1.0,20833.0,4818.0,2398.0,0.0,0.0,0.0,1639.0,759.0,4818.0,0.0
1.0,16015.0,5207.0,2466.0,0.0,1522.0,1522.0,1739.0,727.0,5207.0,0.0
1.0,10808.0,4140.0,2503.0,0.0,5847.0,5847.0,1814.0,689.0,3871.0,269.0
1.0,6668.0,1807.0,2500.0,0.0,7639.0,7639.0,1829.0,671.0,792.0,1015.0
1.0,4861.0,1761.0,2514.0,1522.0,7948.0,7948.0,1829.0,685.0,0.0,1761.0
1.0,4622.0,2239.0,2557.0,5847.0,4555.0,4555.0,1829.0,728.0,0.0,2239.0
1.0,8230.0,1972.0,2570.0,7639.0,0.0,0.0,1804.0,766.0,0.0,1972.0
1.0,13897.0,965.0,2530.0,7948.0,0.0,0.0,1745.0,785.0,0.0,965.0
1.0,20880.0,0.0,2439.0,4555.0,0.0,0.0,1654.0,785.0,0.0,0.0
1.0,25435.0,1410.0,2366.0,0.0,0.0,0.0,1581.0,785.0,1410.0,0.0
1.0,24025.0,3161.0,2348.0,0.0,0.0,0.0,1568.0,780.0,3161.0,0.0
1.0,20864.0,4918.0,2407.0,0.0,0.0,0.0,1646.0,761.0,4918.0,0.0
1.0,15946.0,5261.0,2474.0,0.0,1685.0,1685.0,1747.0,727.0,5261.0,0.0
1.0,10685.0,4156.0,2512.0,0.0,6031.0,6031.0,1822.0,690.0,3859.0,297.0
1.0,6529.0,1745.0,2507.0,0.0,7751.0,7751.0,1835.0,672.0,696.0,1049.0
1.0,4784.0,1801.0,2523.0,1685.0,7947.0,7947.0,1835.0,688.0,0.0,1801.0
1.0,4668.0,2257.0,2567.0,6031.0,4393.0,4393.0,1835.0,732.0,0.0,2257.0
1.0,8442.0,1966.0,2579.0,7751.0,0.0,0.0,1809.0,770.0,0.0,1966.0
1.0,14227.0,918.0,2537.0,7947.0,0.0,0.0,1750.0,787.0,0.0,918.0
1.0,21256.0,0.0,2444.0,4393.0,0.0,0.0,1657.0,787.0,0.0,0.0
1.0,25649.0,1430.0,2371.0,0.0,0.0,0.0,1584.0,787.0,1430.0,0.0
1.0,24219.0,3190.0,2354.0,0.0,0.0,0.0,1572.0,782.0,3190.0,0.0
1.0,21029.0,4945.0,2415.0,0.0,0.0,0.0,1652.0,763.0,4945.0,0.0
1.0,16084.0,5269.0,2482.0,0.0,1595.0,1595.0,1753.0,729.0,5269.0,0.0
1.0,10815.0,4131.0,2519.0,0.0,5911.0,5911.0,1827.0,692.0,3837.0,294.0
1.0,6684.0,1690.0,2514.0,0.0,7576.0,7576.0,1840.0,674.0,645.0,1045.0
1.0,4994.0,1796.0,2531.0,1595.0,7862.0,7862.0,1840.0,691.0,0.0,1796.0
1.0,4793.0,2257.0,2574.0,5911.0,4423.0,4423.0,1840.0,734.0,0.0,2257.0
1.0,8447.0,1962.0,2586.0,7576.0,0.0,0.0,1814.0,772.0,0.0,1962.0
1.0,14061.0,916.0,2544.0,7862.0,0.0,0.0,1755.0,789.0,0.0,916.0
1.0,21007.0,0.0,2452.0,4423.0,0.0,0.0,1663.0,789.0,0.0,0.0
1.0,25430.0,1406.0,2380.0,0.0,0.0,0.0,1591.0,789.0,1406.0,0.0
1.0,24024.0,3157.0,2363.0,0.0,0.0,0.0,1578.0,785.0,3157.0,0.0
1.0,20867.0,4903.0,2423.0,0.0,0.0,0.0,1657.0,766.0,4903.0,0.0
1.0,15964.0,5247.0,2490.0,0.0,1733.0,1733.0,1758.0,732.0,5247.0,0.0
1.0,10717.0,4110.0,2526.0,0.0,6023.0,6023.0,1831.0,695.0,3834.0,276.0
1.0,6607.0,1703.0,2521.0,0.0,7701.0,7701.0,1844.0,677.0,680.0,1023.0
1.0,4904.0,1775.0,2536.0,1733.0,7818.0,7818.0,1844.0,692.0,0.0,1775.0
1.0,4862.0,2246.0,2579.0,6023.0,4256.0,4256.0,1844.0,735.0,0.0,2246.0
1.0,8639.0,1970.0,2592.0,7701.0,0.0,0.0,1819.0,773.0,0.0,1970.0
1.0,14370.0,942.0,2552.0,7818.0,0.0,0.0,1761.0,791.0,0.0,942.0
1.0,21246.0,0.0,2461.0,4256.0,0.0,0.0,1670.0,791.0,0.0,0.0
1.0,25502.0,1392.0,2388.0,0.0,0.0,0.0,1597.0,791.0,1392.0,0.0
1.0,24110.0,3142.0,2370.0,0.0,0.0,0.0,1583.0,787.0,3142.0,0.0
1.0,20968.0,4888.0,2429.0,0.0,0.0,0.0,1661.0,768.0,4888.0,0.0
1.0,16080.0,5248.0,2497.0,0.0,1653.0,1653.0,1762.0,735.0,5248.0,0.0
1.0,10832.0,4134.0,2533.0,0.0,5967.0,5967.0,1836.0,697.0,3855.0,279.0
1.0,6698.0,1756.0,2529.0,0.0,7703.0,7703.0,1850.0,679.0,722.0,1034.0
1.0,4942.0,1785.0,2544.0,1653.0,7910.0,7910.0,1850.0,694.0,0.0,1785.0
1.0,4810.0,2257.0,2588.0,5967.0,4420.0,4420.0,1850.0,738.0,0.0,2257.0
1.0,8520.0,1975.0,2600.0,7703.0,0.0,0.0,1824.0,776.0,0.0,1975.0
1.0,14248.0,943.0,2559.0,7910.0,0.0,0.0,1765.0,794.0,0.0,943.0
1.0,21215.0,0.0,2466.0,4420.0,0.0,0.0,1672.0,794.0,0.0,0.0
1.0,25635.0,1445.0,2394.0,0.0,0.0,0.0,1600.0,794.0,1445.0,0.0
1.0,24190.0,3207.0,2376.0,0.0,0.0,0.0,1587.0,789.0,3207.0,0.0
1.0,20983.0,4971.0,2437.0,0.0,0.0,0.0,1668.0,769.0,4971.0,0.0
1.0,16012.0,5297.0,2505.0,0.0,1810.0,1810.0,1770.0,735.0,5297.0,0.0
1.0,10715.0,4169.0,2542.0,0.0,6164.0,6164.0,1844.0,698.0,3857.0,312.0
1.0,6546.0,1730.0,2537.0,0.0,7869.0,7869.0,1856.0,681.0,660.0,1070.0
1.0,4816.0,1829.0,2554.0,1810.0,7973.0,7973.0,1856.0,698.0,0.0,1829.0
1.0,4797.0,2277.0,2597.0,6164.0,4301.0,4301.0,1856.0,741.0,0.0,2277.0
1.0,8684.0,1967.0,2608.0,7869.0,0.0,0.0,1829.0,779.0,0.0,1967.0
1.0,14586.0,904.0,2565.0,7973.0,0.0,0.0,1768.0,797.0,0.0,904.0
1.0,21655.0,0.0,2471.0,4301.0,0.0,0.0,1674.0,797.0,0.0,0.0
1.0,25956.0,1507.0,2399.0,0.0,0.0,0.0,1602.0,797.0,1507.0,0.0
1.0,24449.0,3285.0,2382.0,0.0,0.0,0.0,1591.0,791.0,3285.0,0.0
1.0,21164.0,5069.0,2446.0,0.0,0.0,0.0,1675.0,771.0,5069.0,0.0
1.0,16095.0,5342.0,2514.0,0.0,1817.0,1817.0,1778.0,736.0,5342.0,0.0
1.0,10753.0,4177.0,2550.0,0.0,6174.0,6174.0,1851.0,699.0,3842.0,335.0
1.0,6576.0,1651.0,2544.0,0.0,7795.0,7795.0,1862.0,682.0,553.0,1098.0
1.0,4925.0,1861.0,2563.0,1817.0,7934.0,7934.0,1862.0,701.0,0.0,1861.0
1.0,4881.0,2289.0,2607.0,6174.0,4269.0,4269.0,1862.0,745.0,0.0,2289.0
1.0,8766.0,1959.0,2617.0,7795.0,0.0,0.0,1835.0,782.0,0.0,1959.0
1.0,14602.0,861.0,2572.0,7934.0,0.0,0.0,1773.0,799.0,0.0,861.0
1.0,21675.0,0.0,2477.0,4269.0,0.0,0.0,1678.0,799.0,0.0,0.0
1.0,25944.0,1507.0,2405.0,0.0,0.0,0.0,1606.0,799.0,1507.0,0.0
1.0,24437.0,3285.0,2388.0,0.0,0.0,0.0,1595.0,793.0,3285.0,0.0
1.0,21152.0,5067.0,2453.0,0.0,0.0,0.0,1680.0,773.0,5067.0,0.0
1.0,16085.0,5336.0,2521.0,0.0,1856.0,1856.0,1783.0,738.0,5336.0,0.0
1.0,10749.0,4158.0,2557.0,0.0,6194.0,6194.0,1856.0,701.0,3831.0,327.0
1.0,6591.0,1625.0,2552.0,0.0,7794.0,7794.0,1867.0,685.0,538.0,1087.0
1.0,4966.0,1847.0,2569.0,1856.0,7870.0,7870.0,1867.0,702.0,0.0,1847.0
1.0,4975.0,2285.0,2613.0,6194.0,4181.0,4181.0,1867.0,746.0,0.0,2285.0
1.0,8884.0,1957.0,2624.0,7794.0,0.0,0.0,1840.0,784.0,0.0,1957.0
1.0,14721.0,869.0,2580.0,7870.0,0.0,0.0,1779.0,801.0,0.0,869.0
1.0,21722.0,0.0,2486.0,4181.0,0.0,0.0,1685.0,801.0,0.0,0.0
1.0,25903.0,1474.0,2413.0,0.0,0.0,0.0,1612.0,801.0,1474.0,0.0
1.0,24429.0,3243.0,2396.0,0.0,0.0,0.0,1601.0,795.0,3243.0,0.0
1.0,21186.0,5016.0,2460.0,0.0,0.0,0.0,1684.0,776.0,5016.0,0.0
1.0,16170.0,5310.0,2528.0,0.0,1780.0,1780.0,1786.0,742.0,5310.0,0.0
1.0,10860.0,4152.0,2564.0,0.0,6112.0,6112.0,1860.0,704.0,3840.0,312.0
1.0,6708.0,1667.0,2559.0,0.0,7754.0,7754.0,1872.0,687.0,592.0,1075.0
1.0,5041.0,1833.0,2576.0,1780.0,7892.0,7892.0,1872.0,704.0,0.0,1833.0
1.0,4988.0,2279.0,2620.0,6112.0,4279.0,4279.0,1872.0,748.0,0.0,2279.0
1.0,8821.0,1962.0,2631.0,7754.0,0.0,0.0,1845.0,786.0,0.0,1962.0
1.0,14613.0,887.0,2587.0,7892.0,0.0,0.0,1784.0,803.0,0.0,887.0
1.0,21618.0,0.0,2493.0,4279.0,0.0,0.0,1690.0,803.0,0.0,0.0
1.0,25897.0,1483.0,2421.0,0.0,0.0,0.0,1618.0,803.0,1483.0,0.0
1.0,24414.0,3261.0,2405.0,0.0,0.0,0.0,1607.0,798.0,3261.0,0.0
1.0,21153.0,5035.0,2467.0,0.0,0.0,0.0,1689.0,778.0,5035.0,0.0
1.0,16118.0,5328.0,2535.0,0.0,1885.0,1885.0,1792.0,743.0,5328.0,0.0
1.0,10790.0,4179.0,2572.0,0.0,6249.0,6249.0,1866.0,706.0,3849.0,330.0
1.0,6611.0,1685.0,2566.0,0.0,7904.0,7904.0,1877.0,689.0,593.0,1092.0
1.0,4926.0,1855.0,2584.0,1885.0,7964.0,7964.0,1877.0,707.0,0.0,1855.0
1.0,4956.0,2289.0,2628.0,6249.0,4224.0,4224.0,1877.0,751.0,0.0,2289.0
1.0,8916.0,1962.0,2639.0,7904.0,0.0,0.0,1850.0,789.0,0.0,1962.0
1.0,14858.0,873.0,2593.0,7964.0,0.0,0.0,1788.0,805.0,0.0,873.0
1.0,21949.0,0.0,2497.0,4224.0,0.0,0.0,1692.0,805.0,0.0,0.0
1.0,26173.0,1549.0,2425.0,0.0,0.0,0.0,1620.0,805.0,1549.0,0.0
1.0,24624.0,3346.0,2409.0,0.0,0.0,0.0,1610.0,799.0,3346.0,0.0
1.0,21278.0,5139.0,2476.0,0.0,0.0,0.0,1697.0,779.0,5139.0,0.0
1.0,16139.0,5390.0,2544.0,0.0,1971.0,1971.0,1800.0,744.0,5390.0,0.0
1.0,10749.0,4209.0,2581.0,0.0,6365.0,6365.0,1874.0,707.0,3841.0,368.0
1.0,6540.0,1644.0,2575.0,0.0,7979.0,7979.0,1884.0,691.0,505.0,1139.0
1.0,4896.0,1910.0,2594.0,1971.0,8013.0,8013.0,1884.0,710.0,0.0,1910.0
1.0,4957.0,2314.0,2639.0,6365.0,4187.0,4187.0,1884.0,755.0,0.0,2314.0
1.0,9008.0,1947.0,2647.0,7979.0,0.0,0.0,1855.0,792.0,0.0,1947.0
1.0,15040.0,815.0,2600.0,8013.0,0.0,0.0,1792.0,808.0,0.0,815.0
1.0,22238.0,0.0,2502.0,4187.0,0.0,0.0,1694.0,808.0,0.0,0.0
1.0,26425.0,1591.0,2430.0,0.0,0.0,0.0,1622.0,808.0,1591.0,0.0
1.0,24834.0,3400.0,2416.0,0.0,0.0,0.0,1614.0,802.0,3400.0,0.0
1.0,21434.0,5205.0,2483.0,0.0,0.0,0.0,1703.0,780.0,5205.0,0.0
1.0,16229.0,5424.0,2552.0,0.0,1955.0,1955.0,1807.0,745.0,5424.0,0.0
1.0,10805.0,4210.0,2589.0,0.0,6350.0,6350.0,1881.0,708.0,3828.0,382.0
1.0,6595.0,1587.0,2582.0,0.0,7902.0,7902.0,1889.0,693.0,432.0,1155.0
1.0,5008.0,1928.0,2602.0,1955.0,7975.0,7975.0,1889.0,713.0,0.0,1928.0
1.0,5035.0,2319.0,2647.0,6350.0,4169.0,4169.0,1889.0,758.0,0.0,2319.0
1.0,9066.0,1942.0,2655.0,7902.0,0.0,0.0,1860.0,795.0,0.0,1942.0
1.0,15026.0,786.0,2607.0,7975.0,0.0,0.0,1797.0,810.0,0.0,786.0
1.0,22215.0,0.0,2510.0,4169.0,0.0,0.0,1700.0,810.0,0.0,0.0
1.0,26384.0,1570.0,2437.0,0.0,0.0,0.0,1627.0,810.0,1570.0,0.0
1.0,24814.0,3374.0,2422.0,0.0,0.0,0.0,1618.0,804.0,3374.0,0.0
1.0,21440.0,5172.0,2491.0,0.0,0.0,0.0,1708.0,783.0,5172.0,0.0
1.0,16268.0,5404.0,2558.0,0.0,1926.0,1926.0,1811.0,747.0,5404.0,0.0
1.0,10864.0,4196.0,2596.0,0.0,6312.0,6312.0,1885.0,711.0,3826.0,370.0
1.0,6668.0,1594.0,2589.0,0.0,7871.0,7871.0,1894.0,695.0,454.0,1140.0
1.0,5074.0,1909.0,2609.0,1926.0,7954.0,7954.0,1894.0,715.0,0.0,1909.0
1.0,5091.0,2313.0,2653.0,6312.0,4175.0,4175.0,1894.0,759.0,0.0,2313.0
1.0,9090.0,1942.0,2662.0,7871.0,0.0,0.0,1865.0,797.0,0.0,1942.0
1.0,15019.0,801.0,2615.0,7954.0,0.0,0.0,1803.0,812.0,0.0,801.0
1.0,22172.0,0.0,2519.0,4175.0,0.0,0.0,1707.0,812.0,0.0,0.0
1.0,26347.0,1544.0,2446.0,0.0,0.0,0.0,1634.0,812.0,1544.0,0.0
1.0,24803.0,3336.0,2430.0,0.0,0.0,0.0,1624.0,806.0,3336.0,0.0
1.0,21467.0,5128.0,2497.0,0.0,0.0,0.0,1712.0,785.0,5128.0,0.0
1.0,16339.0,5381.0,2565.0,0.0,1867.0,1867.0,1815.0,750.0,5381.0,0.0
1.0,10958.0,4196.0,2602.0,0.0,6248.0,6248.0,1889.0,713.0,3838.0,358.0
1.0,6762.0,1635.0,2596.0,0.0,7853.0,7853.0,1899.0,697.0,508.0,1127.0
1.0,5127.0,1901.0,2616.0,1867.0,7987.0,7987.0,1899.0,717.0,0.0,1901.0
1.0,5093.0,2312.0,2660.0,6248.0,4271.0,4271.0,1899.0,761.0,0.0,2312.0
1.0,9029.0,1955.0,2669.0,7853.0,0.0,0.0,1870.0,799.0,0.0,1955.0
1.0,14927.0,824.0,2623.0,7987.0,0.0,0.0,1808.0,815.0,0.0,824.0
1.0,22090.0,0.0,2526.0,4271.0,0.0,0.0,1711.0,815.0,0.0,0.0
1.0,26361.0,1577.0,2454.0,0.0,0.0,0.0,1639.0,815.0,1577.0,0.0
1.0,24784.0,3379.0,2438.0,0.0,0.0,0.0,1630.0,808.0,3379.0,0.0
1.0,21405.0,5187.0,2505.0,0.0,0.0,0.0,1718.0,787.0,5187.0,0.0
1.0,16218.0,5415.0,2574.0,0.0,2067.0,2067.0,1822.0,752.0,5415.0,0.0
1.0,10803.0,4221.0,2611.0,0.0,6473.0,6473.0,1896.0,715.0,3848.0,373.0
1.0,6582.0,1623.0,2604.0,0.0,8061.0,8061.0,1905.0,699.0,470.0,1153.0
1.0,4959.0,1929.0,2624.0,2067.0,8023.0,8023.0,1905.0,719.0,0.0,1929.0
1.0,5097.0,2333.0,2669.0,6473.0,4108.0,4108.0,1905.0,764.0,0.0,2333.0
1.0,9237.0,1958.0,2677.0,8061.0,0.0,0.0,1875.0,802.0,0.0,1958.0
1.0,15340.0,807.0,2629.0,8023.0,0.0,0.0,1811.0,818.0,0.0,807.0
1.0,22556.0,0.0,2530.0,4108.0,0.0,0.0,1712.0,818.0,0.0,0.0
1.0,26664.0,1641.0,2458.0,0.0,0.0,0.0,1640.0,818.0,1641.0,0.0
1.0,25023.0,3462.0,2443.0,0.0,0.0,0.0,1633.0,810.0,3462.0,0.0
1.0,21561.0,5289.0,2514.0,0.0,0.0,0.0,1725.0,789.0,5289.0,0.0
1.0,16272.0,5472.0,2582.0,0.0,2110.0,2110.0,1830.0,752.0,5472.0,0.0
1.0,10800.0,4243.0,2619.0,0.0,6538.0,6538.0,1904.0,715.0,3840.0,403.0
1.0,6557.0,1563.0,2611.0,0.0,8061.0,8061.0,1911.0,700.0,377.0,1186.0
1.0,4994.0,1969.0,2634.0,2110.0,8035.0,8035.0,1911.0,723.0,0.0,1969.0
1.0,5135.0,2349.0,2679.0,6538.0,4071.0,4071.0,1911.0,768.0,0.0,2349.0
1.0,9324.0,1947.0,2685.0,8061.0,0.0,0.0,1880.0,805.0,0.0,1947.0
1.0,15438.0,767.0,2635.0,8035.0,0.0,0.0,1815.0,820.0,0.0,767.0
1.0,22706.0,0.0,2535.0,4071.0,0.0,0.0,1715.0,820.0,0.0,0.0
1.0,26777.0,1673.0,2463.0,0.0,0.0,0.0,1643.0,820.0,1673.0,0.0
1.0,25104.0,3502.0,2450.0,0.0,0.0,0.0,1637.0,813.0,3502.0,0.0
1.0,21602.0,5335.0,2521.0,0.0,0.0,0.0,1731.0,790.0,5335.0,0.0
1.0,16267.0,5490.0,2589.0,0.0,2168.0,2168.0,1836.0,753.0,5490.0,0.0
1.0,10777.0,4231.0,2627.0,0.0,6589.0,6589.0,1910.0,717.0,3820.0,411.0
1.0,6546.0,1506.0,2618.0,0.0,8050.0,8050.0,1916.0,702.0,312.0,1194.0
1.0,5040.0,1977.0,2641.0,2168.0,7974.0,7974.0,1916.0,725.0,0.0,1977.0
1.0,5231.0,2348.0,2686.0,6589.0,3958.0,3958.0,1916.0,770.0,0.0,2348.0
1.0,9472.0,1941.0,2694.0,8050.0,0.0,0.0,1886.0,808.0,0.0,1941.0
1.0,15581.0,746.0,2643.0,7974.0,0.0,0.0,1821.0,822.0,0.0,746.0
1.0,22809.0,0.0,2543.0,3958.0,0.0,0.0,1721.0,822.0,0.0,0.0
1.0,26767.0,1648.0,2471.0,0.0,0.0,0.0,1649.0,822.0,1648.0,0.0
1.0,25119.0,3474.0,2457.0,0.0,0.0,0.0,1642.0,815.0,3474.0,0.0
1.0,21645.0,5294.0,2528.0,0.0,0.0,0.0,1735.0,793.0,5294.0,0.0
1.0,16351.0,5470.0,2597.0,0.0,2104.0,2104.0,1841.0,756.0,5470.0,0.0
1.0,10881.0,4211.0,2633.0,0.0,6495.0,6495.0,1914.0,719.0,3814.0,397.0
1.0,6670.0,1514.0,2625.0,0.0,7969.0,7969.0,1920.0,705.0,338.0,1176.0
1.0,5156.0,1955.0,2647.0,2104.0,7930.0,7930.0,1920.0,727.0,0.0,1955.0
1.0,5305.0,2342.0,2692.0,6495.0,4002.0,4002.0,1920.0,772.0,0.0,2342.0
1.0,9458.0,1945.0,2700.0,7969.0,0.0,0.0,1891.0,809.0,0.0,1945.0
1.0,15482.0,768.0,2651.0,7930.0,0.0,0.0,1827.0,824.0,0.0,768.0
1.0,22644.0,0.0,2552.0,4002.0,0.0,0.0,1728.0,824.0,0.0,0.0
1.0,26646.0,1629.0,2480.0,0.0,0.0,0.0,1656.0,824.0,1629.0,0.0
1.0,25017.0,3451.0,2465.0,0.0,0.0,0.0,1648.0,817.0,3451.0,0.0
1.0,21566.0,5268.0,2536.0,0.0,0.0,0.0,1740.0,796.0,5268.0,0.0
1.0,16298.0,5462.0,2604.0,0.0,2184.0,2184.0,1845.0,759.0,5462.0,0.0
1.0,10836.0,4222.0,2641.0,0.0,6591.0,6591.0,1919.0,722.0,3830.0,392.0
1.0,6614.0,1559.0,2633.0,0.0,8110.0,8110.0,1926.0,707.0,387.0,1172.0
1.0,5055.0,1958.0,2655.0,2184.0,7994.0,7994.0,1926.0,729.0,0.0,1958.0
1.0,5281.0,2347.0,2700.0,6591.0,3975.0,3975.0,1926.0,774.0,0.0,2347.0
1.0,9525.0,1957.0,2708.0,8110.0,0.0,0.0,1896.0,812.0,0.0,1957.0
1.0,15678.0,782.0,2658.0,7994.0,0.0,0.0,1831.0,827.0,0.0,782.0
1.0,22890.0,0.0,2558.0,3975.0,0.0,0.0,1731.0,827.0,0.0,0.0
1.0,26865.0,1668.0,2486.0,0.0,0.0,0.0,1659.0,827.0,1668.0,0.0
1.0,25197.0,3504.0,2471.0,0.0,0.0,0.0,1652.0,819.0,3504.0,0.0
1.0,21693.0,5337.0,2543.0,0.0,0.0,0.0,1746.0,797.0,5337.0,0.0
1.0,16356.0,5509.0,2612.0,0.0,2213.0,2213.0,1852.0,760.0,5509.0,0.0
1.0,10847.0,4259.0,2649.0,0.0,6657.0,6657.0,1926.0,723.0,3842.0,417.0
1.0,6588.0,1553.0,2641.0,0.0,8170.0,8170.0,1932.0,709.0,348.0,1205.0
1.0,5035.0,1994.0,2664.0,2213.0,8066.0,8066.0,1932.0,732.0,0.0,1994.0
1.0,5254.0,2366.0,2709.0,6657.0,4000.0,4000.0,1932.0,777.0,0.0,2366.0
1.0,9545.0,1951.0,2716.0,8170.0,0.0,0.0,1901.0,815.0,0.0,1951.0
1.0,15764.0,748.0,2663.0,8066.0,0.0,0.0,1834.0,829.0,0.0,748.0
1.0,23082.0,0.0,2562.0,4000.0,0.0,0.0,1733.0,829.0,0.0,0.0
1.0,27082.0,1725.0,2490.0,0.0,0.0,0.0,1661.0,829.0,1725.0,0.0
1.0,25357.0,3579.0,2477.0,0.0,0.0,0.0,1656.0,821.0,3579.0,0.0
1.0,21778.0,5429.0,2551.0,0.0,0.0,0.0,1753.0,798.0,5429.0,0.0
1.0,16349.0,5560.0,2621.0,0.0,2316.0,2316.0,1860.0,761.0,5560.0,0.0
1.0,10789.0,4282.0,2657.0,0.0,6778.0,6778.0,1933.0,724.0,3833.0,449.0
1.0,6507.0,1504.0,2649.0,0.0,8242.0,8242.0,1938.0,711.0,261.0,1243.0
1.0,5003.0,2037.0,2673.0,2316.0,8083.0,8083.0,1938.0,735.0,0.0,2037.0
1.0,5282.0,2382.0,2719.0,6778.0,3917.0,3917.0,1938.0,781.0,0.0,2382.0
1.0,9678.0,1933.0,2724.0,8242.0,0.0,0.0,1906.0,818.0,0.0,1933.0
1.0,15987.0,695.0,2670.0,8083.0,0.0,0.0,1839.0,831.0,0.0,695.0
1.0,23375.0,0.0,2567.0,3917.0,0.0,0.0,1736.0,831.0,0.0,0.0
1.0,27292.0,1739.0,2495.0,0.0,0.0,0.0,1664.0,831.0,1739.0,0.0
1.0,25553.0,3591.0,2483.0,0.0,0.0,0.0,1660.0,823.0,3591.0,0.0
1.0,21962.0,5447.0,2558.0,0.0,0.0,0.0,1758.0,800.0,5447.0,0.0
1.0,16515.0,5558.0,2627.0,0.0,2178.0,2178.0,1865.0,762.0,5558.0,0.0
1.0,10957.0,4268.0,2665.0,0.0,6636.0,6636.0,1939.0,726.0,3817.0,451.0
1.0,6689.0,1467.0,2656.0,0.0,8058.0,8058.0,1943.0,713.0,224.0,1243.0
1.0,5222.0,2035.0,2680.0,2178.0,8035.0,8035.0,1943.0,737.0,0.0,2035.0
1.0,5365.0,2376.0,2726.0,6636.0,4005.0,4005.0,1943.0,783.0,0.0,2376.0
1.0,9625.0,1929.0,2731.0,8058.0,0.0,0.0,1911.0,820.0,0.0,1929.0
1.0,15754.0,685.0,2677.0,8035.0,0.0,0.0,1844.0,833.0,0.0,685.0
1.0,23104.0,0.0,2576.0,4005.0,0.0,0.0,1743.0,833.0,0.0,0.0
1.0,27109.0,1713.0,2503.0,0.0,0.0,0.0,1670.0,833.0,1713.0,0.0
1.0,25396.0,3556.0,2491.0,0.0,0.0,0.0,1665.0,826.0,3556.0,0.0
1.0,21840.0,5403.0,2566.0,0.0,0.0,0.0,1763.0,803.0,5403.0,0.0
1.0,16437.0,5531.0,2634.0,0.0,2264.0,2264.0,1869.0,765.0,5531.0,0.0
1.0,10906.0,4258.0,2672.0,0.0,6712.0,6712.0,1943.0,729.0,3821.0,437.0
1.0,6648.0,1485.0,2663.0,0.0,8152.0,8152.0,1948.0,715.0,259.0,1226.0
1.0,5163.0,2015.0,2687.0,2264.0,8023.0,8023.0,1948.0,739.0,0.0,2015.0
1.0,5412.0,2372.0,2733.0,6712.0,3913.0,3913.0,1948.0,785.0,0.0,2372.0
1.0,9752.0,1935.0,2738.0,8152.0,0.0,0.0,1916.0,822.0,0.0,1935.0
1.0,15969.0,709.0,2685.0,8023.0,0.0,0.0,1850.0,835.0,0.0,709.0
1.0,23283.0,0.0,2584.0,3913.0,0.0,0.0,1749.0,835.0,0.0,0.0
1.0,27196.0,1709.0,2512.0,0.0,0.0,0.0,1677.0,835.0,1709.0,0.0
1.0,25487.0,3552.0,2499.0,0.0,0.0,0.0,1671.0,828.0,3552.0,0.0
1.0,21935.0,5401.0,2573.0,0.0,0.0,0.0,1768.0,805.0,5401.0,0.0
1.0,16534.0,5538.0,2642.0,0.0,2214.0,2214.0,1874.0,768.0,5538.0,0.0
1.0,10996.0,4279.0,2679.0,0.0,6678.0,6678.0,1948.0,731.0,3838.0,441.0
1.0,6717.0,1518.0,2670.0,0.0,8151.0,8151.0,1953.0,717.0,285.0,1233.0
1.0,5199.0,2031.0,2694.0,2214.0,8088.0,8088.0,1953.0,741.0,0.0,2031.0
1.0,5382.0,2384.0,2740.0,6678.0,4024.0,4024.0,1953.0,787.0,0.0,2384.0
1.0,9676.0,1945.0,2745.0,8151.0,0.0,0.0,1921.0,824.0,0.0,1945.0
1.0,15882.0,709.0,2692.0,8088.0,0.0,0.0,1854.0,838.0,0.0,709.0
1.0,23261.0,0.0,2589.0,4024.0,0.0,0.0,1751.0,838.0,0.0,0.0
1.0,27285.0,1765.0,2517.0,0.0,0.0,0.0,1679.0,838.0,1765.0,0.0
1.0,25520.0,3626.0,2505.0,0.0,0.0,0.0,1675.0,830.0,3626.0,0.0
1.0,21894.0,5494.0,2581.0,0.0,0.0,0.0,1774.0,807.0,5494.0,0.0
1.0,16400.0,5594.0,2650.0,0.0,2444.0,2444.0,1882.0,768.0,5594.0,0.0
1.0,10806.0,4303.0,2688.0,0.0,6937.0,6937.0,1956.0,732.0,3839.0,464.0
1.0,6503.0,1483.0,2679.0,0.0,8375.0,8375.0,1960.0,719.0,213.0,1270.0
1.0,5020.0,2071.0,2704.0,2444.0,8127.0,8127.0,1960.0,744.0,0.0,2071.0
1.0,5393.0,2409.0,2751.0,6937.0,3834.0,3834.0,1960.0,791.0,0.0,2409.0
1.0,9921.0,1941.0,2754.0,8375.0,0.0,0.0,1926.0,828.0,0.0,1941.0
1.0,16355.0,673.0,2699.0,8127.0,0.0,0.0,1858.0,841.0,0.0,673.0
1.0,23809.0,0.0,2594.0,3834.0,0.0,0.0,1753.0,841.0,0.0,0.0
1.0,27643.0,1817.0,2522.0,0.0,0.0,0.0,1681.0,841.0,1817.0,0.0
1.0,25826.0,3698.0,2511.0,0.0,0.0,0.0,1679.0,832.0,3698.0,0.0
1.0,22128.0,5575.0,2589.0,0.0,0.0,0.0,1781.0,808.0,5575.0,0.0
1.0,16553.0,5640.0,2658.0,0.0,2377.0,2377.0,1889.0,769.0,5640.0,0.0
1.0,10913.0,4304.0,2696.0,0.0,6871.0,6871.0,1963.0,733.0,3819.0,485.0
1.0,6609.0,1411.0,2685.0,0.0,8227.0,8227.0,1965.0,720.0,121.0,1290.0
1.0,5198.0,2095.0,2712.0,2377.0,8080.0,8080.0,1965.0,747.0,0.0,2095.0
1.0,5480.0,2414.0,2759.0,6871.0,3858.0,3858.0,1965.0,794.0,0.0,2414.0
1.0,9937.0,1928.0,2763.0,8227.0,0.0,0.0,1932.0,831.0,0.0,1928.0
1.0,16236.0,642.0,2706.0,8080.0,0.0,0.0,1863.0,843.0,0.0,642.0
1.0,23674.0,0.0,2601.0,3858.0,0.0,0.0,1758.0,843.0,0.0,0.0
1.0,27532.0,1812.0,2529.0,0.0,0.0,0.0,1686.0,843.0,1812.0,0.0
1.0,25720.0,3691.0,2517.0,0.0,0.0,0.0,1683.0,834.0,3691.0,0.0
1.0,22029.0,5564.0,2596.0,0.0,0.0,0.0,1786.0,810.0,5564.0,0.0
1.0,16465.0,5629.0,2665.0,0.0,2489.0,2489.0,1894.0,771.0,5629.0,0.0
1.0,10836.0,4289.0,2703.0,0.0,6968.0,6968.0,1968.0,735.0,3809.0,480.0
1.0,6547.0,1402.0,2692.0,0.0,8315.0,8315.0,1970.0,722.0,120.0,1282.0
1.0,5145.0,2083.0,2719.0,2489.0,8044.0,8044.0,1970.0,749.0,0.0,2083.0
1.0,5551.0,2404.0,2766.0,6968.0,3715.0,3715.0,1970.0,796.0,0.0,2404.0
1.0,10115.0,1927.0,2770.0,8315.0,0.0,0.0,1937.0,833.0,0.0,1927.0
1.0,16503.0,644.0,2714.0,8044.0,0.0,0.0,1869.0,845.0,0.0,644.0
1.0,23903.0,0.0,2610.0,3715.0,0.0,0.0,1765.0,845.0,0.0,0.0
1.0,27618.0,1776.0,2537.0,0.0,0.0,0.0,1692.0,845.0,1776.0,0.0
1.0,25842.0,3646.0,2526.0,0.0,0.0,0.0,1689.0,837.0,3646.0,0.0
1.0,22196.0,5511.0,2603.0,0.0,0.0,0.0,1790.0,813.0,5511.0,0.0
1.0,16685.0,5605.0,2672.0,0.0,2280.0,2280.0,1898.0,774.0,5605.0,0.0
1.0,11080.0,4294.0,2709.0,0.0,6759.0,6759.0,1971.0,738.0,3824.0,470.0
1.0,6786.0,1452.0,2700.0,0.0,8166.0,8166.0,1975.0,725.0,183.0,1269.0
1.0,5334.0,2069.0,2726.0,2280.0,8085.0,8085.0,1975.0,751.0,0.0,2069.0
1.0,5545.0,2404.0,2772.0,6759.0,3960.0,3960.0,1975.0,797.0,0.0,2404.0
1.0,9900.0,1935.0,2776.0,8166.0,0.0,0.0,1942.0,834.0,0.0,1935.0
1.0,16131.0,666.0,2721.0,8085.0,0.0,0.0,1874.0,847.0,0.0,666.0
1.0,23550.0,0.0,2617.0,3960.0,0.0,0.0,1770.0,847.0,0.0,0.0
1.0,27510.0,1791.0,2545.0,0.0,0.0,0.0,1698.0,847.0,1791.0,0.0
1.0,25719.0,3662.0,2533.0,0.0,0.0,0.0,1694.0,839.0,3662.0,0.0
1.0,22057.0,5535.0,2610.0,0.0,0.0,0.0,1795.0,815.0,5535.0,0.0
1.0,16522.0,5623.0,2680.0,0.0,2501.0,2501.0,1904.0,776.0,5623.0,0.0
1.0,10899.0,4317.0,2716.0,0.0,6998.0,6998.0,1977.0,739.0,3837.0,480.0
1.0,6582.0,1470.0,2708.0,0.0,8428.0,8428.0,1981.0,727.0,185.0,1285.0
1.0,5112.0,2096.0,2734.0,2501.0,8153.0,8153.0,1981.0,753.0,0.0,2096.0
1.0,5517.0,2422.0,2781.0,6998.0,3812.0,3812.0,1981.0,800.0,0.0,2422.0
1.0,10093.0,1944.0,2784.0,8428.0,0.0,0.0,1947.0,837.0,0.0,1944.0
1.0,16577.0,656.0,2727.0,8153.0,0.0,0.0,1877.0,850.0,0.0,656.0
1.0,24074.0,0.0,2622.0,3812.0,0.0,0.0,1772.0,850.0,0.0,0.0
1.0,27886.0,1859.0,2550.0,0.0,0.0,0.0,1700.0,850.0,1859.0,0.0
1.0,26027.0,3749.0,2539.0,0.0,0.0,0.0,1698.0,841.0,3749.0,0.0
1.0,22278.0,5646.0,2619.0,0.0,0.0,0.0,1802.0,817.0,5646.0,0.0
1.0,16632.0,5681.0,2689.0,0.0,2494.0,2494.0,1912.0,777.0,5681.0,0.0
1.0,10951.0,4335.0,2725.0,0.0,7009.0,7009.0,1985.0,740.0,3832.0,503.0
1.0,6616.0,1403.0,2715.0,0.0,8362.0,8362.0,1987.0,728.0,82.0,1321.0
1.0,5213.0,2134.0,2743.0,2494.0,8142.0,8142.0,1987.0,756.0,0.0,2134.0
1.0,5573.0,2445.0,2790.0,7009.0,3813.0,3813.0,1987.0,803.0,0.0,2445.0
1.0,10137.0,1938.0,2793.0,8362.0,0.0,0.0,1952.0,841.0,0.0,1938.0
1.0,16561.0,619.0,2733.0,8142.0,0.0,0.0,1881.0,852.0,0.0,619.0
1.0,24084.0,0.0,2626.0,3813.0,0.0,0.0,1774.0,852.0,0.0,0.0
1.0,27897.0,1901.0,2554.0,0.0,0.0,0.0,1702.0,852.0,1901.0,0.0
1.0,25996.0,3803.0,2544.0,0.0,0.0,0.0,1701.0,843.0,3803.0,0.0
1.0,22193.0,5710.0,2627.0,0.0,0.0,0.0,1809.0,818.0,5710.0,0.0
1.0,16483.0,5710.0,2697.0,0.0,2712.0,2712.0,1919.0,778.0,5710.0,0.0
1.0,10773.0,4330.0,2734.0,0.0,7227.0,7227.0,1992.0,742.0,3813.0,517.0
1.0,6443.0,1336.0,2722.0,0.0,8503.0,8503.0,1992.0,730.0,4.0,1332.0
1.0,5107.0,2146.0,2751.0,2712.0,8082.0,8082.0,1992.0,759.0,0.0,2146.0
1.0,5673.0,2443.0,2798.0,7227.0,3533.0,3533.0,1992.0,806.0,0.0,2443.0
1.0,10457.0,1925.0,2800.0,8503.0,0.0,0.0,1957.0,843.0,0.0,1925.0
1.0,17035.0,598.0,2741.0,8082.0,0.0,0.0,1886.0,855.0,0.0,598.0
1.0,24519.0,0.0,2634.0,3533.0,0.0,0.0,1779.0,855.0,0.0,0.0
1.0,28052.0,1882.0,2562.0,0.0,0.0,0.0,1707.0,855.0,1882.0,0.0
1.0,26170.0,3777.0,2552.0,0.0,0.0,0.0,1707.0,845.0,3777.0,0.0
1.0,22393.0,5676.0,2635.0,0.0,0.0,0.0,1814.0,821.0,5676.0,0.0
1.0,16717.0,5687.0,2704.0,0.0,2490.0,2490.0,1923.0,781.0,5687.0,0.0
1.0,11030.0,4318.0,2740.0,0.0,6988.0,6988.0,1996.0,744.0,3808.0,510.0
1.0,6712.0,1345.0,2730.0,0.0,8283.0,8283.0,1997.0,733.0,24.0,1321.0
1.0,5367.0,2132.0,2758.0,2490.0,8065.0,8065.0,1997.0,761.0,0.0,2132.0
1.0,5725.0,2432.0,2805.0,6988.0,3744.0,3744.0,1997.0,808.0,0.0,2432.0
1.0,10281.0,1926.0,2807.0,8283.0,0.0,0.0,1962.0,845.0,0.0,1926.0
1.0,16638.0,604.0,2749.0,8065.0,0.0,0.0,1892.0,857.0,0.0,604.0
1.0,24099.0,0.0,2643.0,3744.0,0.0,0.0,1786.0,857.0,0.0,0.0
1.0,27843.0,1858.0,2571.0,0.0,0.0,0.0,1714.0,857.0,1858.0,0.0
1.0,25985.0,3752.0,2561.0,0.0,0.0,0.0,1713.0,848.0,3752.0,0.0
1.0,22233.0,5641.0,2641.0,0.0,0.0,0.0,1818.0,823.0,5641.0,0.0
1.0,16592.0,5673.0,2710.0,0.0,2631.0,2631.0,1927.0,783.0,5673.0,0.0
1.0,10919.0,4323.0,2747.0,0.0,7139.0,7139.0,2000.0,747.0,3816.0,507.0
1.0,6596.0,1383.0,2737.0,0.0,8472.0,8472.0,2002.0,735.0,66.0,1317.0
1.0,5213.0,2128.0,2765.0,2631.0,8109.0,8109.0,2002.0,763.0,0.0,2128.0
1.0,5716.0,2437.0,2812.0,7139.0,3642.0,3642.0,2002.0,810.0,0.0,2437.0
1.0,10418.0,1932.0,2814.0,8472.0,0.0,0.0,1967.0,847.0,0.0,1932.0
1.0,16958.0,616.0,2756.0,8109.0,0.0,0.0,1897.0,859.0,0.0,616.0
1.0,24451.0,0.0,2649.0,3642.0,0.0,0.0,1790.0,859.0,0.0,0.0
1.0,28093.0,1897.0,2578.0,0.0,0.0,0.0,1719.0,859.0,1897.0,0.0
1.0,26196.0,3802.0,2568.0,0.0,0.0,0.0,1718.0,850.0,3802.0,0.0
1.0,22394.0,5704.0,2649.0,0.0,0.0,0.0,1824.0,825.0,5704.0,0.0
1.0,16690.0,5716.0,2719.0,0.0,2621.0,2621.0,1934.0,785.0,5716.0,0.0
1.0,10974.0,4345.0,2755.0,0.0,7146.0,7146.0,2007.0,748.0,3820.0,525.0
1.0,6629.0,1371.0,2745.0,0.0,8467.0,8467.0,2008.0,737.0,28.0,1343.0
1.0,5258.0,2166.0,2774.0,2621.0,8157.0,8157.0,2008.0,766.0,0.0,2166.0
1.0,5713.0,2460.0,2821.0,7146.0,3706.0,3706.0,2008.0,813.0,0.0,2460.0
1.0,10399.0,1937.0,2822.0,8467.0,0.0,0.0,1972.0,850.0,0.0,1937.0
1.0,16929.0,592.0,2762.0,8157.0,0.0,0.0,1900.0,862.0,0.0,592.0
1.0,24494.0,38.0,2654.0,3706.0,0.0,0.0,1792.0,862.0,38.0,0.0
1.0,28162.0,1956.0,2583.0,0.0,0.0,0.0,1721.0,862.0,1956.0,0.0
1.0,26206.0,3880.0,2574.0,0.0,0.0,0.0,1722.0,852.0,3880.0,0.0
1.0,22326.0,5763.0,2658.0,0.0,0.0,0.0,1831.0,827.0,5763.0,0.0
1.0,16563.0,5734.0,2727.0,0.0,2806.0,2806.0,1941.0,786.0,5734.0,0.0
1.0,10829.0,4322.0,2763.0,0.0,7308.0,7308.0,2014.0,749.0,3777.0,545.0
1.0,6507.0,1375.0,2752.0,0.0,8628.0,8628.0,2014.0,738.0,0.0,1375.0
1.0,5132.0,2200.0,2783.0,2806.0,8177.0,8177.0,2014.0,769.0,0.0,2200.0
1.0,5738.0,2480.0,2830.0,7308.0,3584.0,3584.0,2014.0,816.0,0.0,2480.0
1.0,10566.0,1930.0,2830.0,8628.0,0.0,0.0,1977.0,853.0,0.0,1930.0
1.0,17264.0,555.0,2768.0,8177.0,0.0,0.0,1904.0,864.0,0.0,555.0
1.0,24886.0,70.0,2660.0,3584.0,0.0,0.0,1796.0,864.0,70.0,0.0
1.0,28400.0,1996.0,2588.0,0.0,0.0,0.0,1724.0,864.0,1996.0,0.0
1.0,26404.0,3926.0,2580.0,0.0,0.0,0.0,1726.0,854.0,3926.0,0.0
1.0,22478.0,5781.0,2665.0,0.0,0.0,0.0,1837.0,828.0,5781.0,0.0
1.0,16697.0,5714.0,2734.0,0.0,2687.0,2687.0,1947.0,787.0,5714.0,0.0
1.0,10983.0,4262.0,2770.0,0.0,7129.0,7129.0,2019.0,751.0,3712.0,550.0
1.0,6721.0,1374.0,2759.0,0.0,8448.0,8448.0,2019.0,740.0,0.0,1374.0
1.0,5347.0,2198.0,2790.0,2687.0,8114.0,8114.0,2019.0,771.0,0.0,2198.0
1.0,5836.0,2472.0,2838.0,7129.0,3697.0,3697.0,2019.0,819.0,0.0,2472.0
1.0,10493.0,1921.0,2838.0,8448.0,0.0,0.0,1983.0,855.0,0.0,1921.0
1.0,17020.0,551.0,2776.0,8114.0,0.0,0.0,1910.0,866.0,0.0,551.0
1.0,24583.0,46.0,2668.0,3697.0,0.0,0.0,1802.0,866.0,46.0,0.0
1.0,28234.0,1969.0,2596.0,0.0,0.0,0.0,1730.0,866.0,1969.0,0.0
1.0,26265.0,3886.0,2588.0,0.0,0.0,0.0,1732.0,856.0,3886.0,0.0
1.0,22379.0,5761.0,2673.0,0.0,0.0,0.0,1842.0,831.0,5761.0,0.0
1.0,16618.0,5707.0,2742.0,0.0,2799.0,2799.0,1952.0,790.0,5707.0,0.0
1.0,10911.0,4277.0,2778.0,0.0,7256.0,7256.0,2024.0,754.0,3736.0,541.0
1.0,6634.0,1361.0,2767.0,0.0,8562.0,8562.0,2024.0,743.0,0.0,1361.0
1.0,5273.0,2181.0,2797.0,2799.0,8094.0,8094.0,2024.0,773.0,0.0,2181.0
1.0,5891.0,2460.0,2844.0,7256.0,3533.0,3533.0,2024.0,820.0,0.0,2460.0
1.0,10687.0,1924.0,2845.0,8562.0,0.0,0.0,1988.0,857.0,0.0,1924.0
1.0,17325.0,563.0,2784.0,8094.0,0.0,0.0,1916.0,868.0,0.0,563.0
1.0,24856.0,29.0,2676.0,3533.0,0.0,0.0,1808.0,868.0,29.0,0.0
1.0,28360.0,1948.0,2604.0,0.0,0.0,0.0,1736.0,868.0,1948.0,0.0
1.0,26412.0,3862.0,2595.0,0.0,0.0,0.0,1737.0,858.0,3862.0,0.0
1.0,22550.0,5753.0,2679.0,0.0,0.0,0.0,1846.0,833.0,5753.0,0.0
1.0,16797.0,5721.0,2748.0,0.0,2664.0,2664.0,1956.0,792.0,5721.0,0.0
1.0,11076.0,4327.0,2785.0,0.0,7176.0,7176.0,2029.0,756.0,3781.0,546.0
1.0,6749.0,1368.0,2774.0,0.0,8489.0,8489.0,2029.0,745.0,0.0,1368.0
1.0,5381.0,2191.0,2804.0,2664.0,8166.0,8166.0,2029.0,775.0,0.0,2191.0
1.0,5854.0,2473.0,2852.0,7176.0,3703.0,3703.0,2029.0,823.0,0.0,2473.0
1.0,10557.0,1929.0,2853.0,8489.0,0.0,0.0,1993.0,860.0,0.0,1929.0
1.0,17117.0,563.0,2791.0,8166.0,0.0,0.0,1920.0,871.0,0.0,563.0
1.0,24720.0,68.0,2682.0,3703.0,0.0,0.0,1811.0,871.0,68.0,0.0
1.0,28355.0,2001.0,2611.0,0.0,0.0,0.0,1740.0,871.0,2001.0,0.0
1.0,26354.0,3931.0,2603.0,0.0,0.0,0.0,1742.0,861.0,3931.0,0.0
1.0,22423.0,5800.0,2688.0,0.0,0.0,0.0,1853.0,835.0,5800.0,0.0
1.0,16623.0,5733.0,2756.0,0.0,2890.0,2890.0,1963.0,793.0,5733.0,0.0
1.0,10890.0,4311.0,2792.0,0.0,7381.0,7381.0,2035.0,757.0,3742.0,569.0
1.0,6579.0,1399.0,2781.0,0.0,8725.0,8725.0,2035.0,746.0,0.0,1399.0
1.0,5180.0,2235.0,2813.0,2890.0,8230.0,8230.0,2035.0,778.0,0.0,2235.0
1.0,5835.0,2498.0,2860.0,7381.0,3582.0,3582.0,2034.0,826.0,0.0,2498.0
1.0,10718.0,1931.0,2860.0,8725.0,0.0,0.0,1997.0,863.0,0.0,1931.0
1.0,17512.0,529.0,2795.0,8230.0,0.0,0.0,1922.0,873.0,0.0,529.0
1.0,25213.0,130.0,2687.0,3582.0,0.0,0.0,1814.0,873.0,130.0,0.0
1.0,28665.0,2076.0,2616.0,0.0,0.0,0.0,1743.0,873.0,2076.0,0.0
1.0,26589.0,4023.0,2611.0,0.0,0.0,0.0,1748.0,863.0,4023.0,0.0
1.0,22566.0,5846.0,2697.0,0.0,0.0,0.0,1861.0,836.0,5846.0,0.0
1.0,16720.0,5719.0,2765.0,0.0,2824.0,2824.0,1971.0,794.0,5719.0,0.0
1.0,11001.0,4235.0,2799.0,0.0,7229.0,7229.0,2041.0,758.0,3650.0,585.0
1.0,6766.0,1426.0,2789.0,0.0,8605.0,8605.0,2041.0,748.0,0.0,1426.0
1.0,5340.0,2262.0,2822.0,2824.0,8208.0,8208.0,2041.0,781.0,0.0,2262.0
1.0,5902.0,2513.0,2868.0,7229.0,3722.0,3722.0,2039.0,829.0,0.0,2513.0
1.0,10618.0,1923.0,2867.0,8605.0,0.0,0.0,2001.0,866.0,0.0,1923.0
1.0,17300.0,497.0,2801.0,8208.0,0.0,0.0,1925.0,876.0,0.0,497.0
1.0,25011.0,149.0,2693.0,3722.0,0.0,0.0,1817.0,876.0,149.0,0.0
1.0,28584.0,2098.0,2624.0,0.0,0.0,0.0,1748.0,876.0,2098.0,0.0
1.0,26486.0,4051.0,2619.0,0.0,0.0,0.0,1754.0,865.0,4051.0,0.0
1.0,22435.0,5849.0,2706.0,0.0,0.0,0.0,1867.0,839.0,5849.0,0.0
1.0,16586.0,5703.0,2772.0,0.0,2977.0,2977.0,1976.0,796.0,5703.0,0.0
1.0,10883.0,4180.0,2806.0,0.0,7327.0,7327.0,2046.0,760.0,3598.0,582.0
1.0,6703.0,1416.0,2796.0,0.0,8693.0,8693.0,2046.0,750.0,0.0,1416.0
1.0,5287.0,2249.0,2829.0,2977.0,8130.0,8130.0,2046.0,783.0,0.0,2249.0
1.0,6015.0,2500.0,2876.0,7327.0,3538.0,3538.0,2045.0,831.0,0.0,2500.0
1.0,10842.0,1916.0,2875.0,8693.0,0.0,0.0,2007.0,868.0,0.0,1916.0
1.0,17619.0,504.0,2810.0,8130.0,0.0,0.0,1932.0,878.0,0.0,504.0
1.0,25245.0,118.0,2702.0,3538.0,0.0,0.0,1824.0,878.0,118.0,0.0
1.0,28665.0,2058.0,2631.0,0.0,0.0,0.0,1753.0,878.0,2058.0,0.0
1.0,26607.0,4002.0,2625.0,0.0,0.0,0.0,1758.0,867.0,4002.0,0.0
1.0,22605.0,5822.0,2711.0,0.0,0.0,0.0,1870.0,841.0,5822.0,0.0
1.0,16783.0,5707.0,2779.0,0.0,2819.0,2819.0,1980.0,799.0,5707.0,0.0
1.0,11076.0,4219.0,2813.0,0.0,7208.0,7208.0,2050.0,763.0,3643.0,576.0
1.0,6857.0,1406.0,2803.0,0.0,8564.0,8564.0,2050.0,753.0,0.0,1406.0
1.0,5451.0,2236.0,2835.0,2819.0,8141.0,8141.0,2050.0,785.0,0.0,2236.0
1.0,6034.0,2491.0,2883.0,7208.0,3664.0,3664.0,2050.0,833.0,0.0,2491.0
1.0,10751.0,1921.0,2882.0,8564.0,0.0,0.0,2012.0,870.0,0.0,1921.0
1.0,17394.0,516.0,2818.0,8141.0,0.0,0.0,1938.0,880.0,0.0,516.0
1.0,25019.0,116.0,2710.0,3664.0,0.0,0.0,1830.0,880.0,116.0,0.0
1.0,28567.0,2056.0,2639.0,0.0,0.0,0.0,1759.0,880.0,2056.0,0.0
1.0,26511.0,4003.0,2632.0,0.0,0.0,0.0,1763.0,869.0,4003.0,0.0
1.0,22508.0,5830.0,2718.0,0.0,0.0,0.0,1875.0,843.0,5830.0,0.0
1.0,16678.0,5723.0,2786.0,0.0,2975.0,2975.0,1985.0,801.0,5723.0,0.0
1.0,10955.0,4253.0,2821.0,0.0,7403.0,7403.0,2056.0,765.0,3665.0,588.0
1.0,6702.0,1423.0,2811.0,0.0,8776.0,8776.0,2056.0,755.0,0.0,1423.0
1.0,5279.0,2258.0,2843.0,2975.0,8219.0,8219.0,2056.0,787.0,0.0,2258.0
1.0,5996.0,2511.0,2891.0,7403.0,3567.0,3567.0,2055.0,836.0,0.0,2511.0
1.0,10888.0,1925.0,2889.0,8776.0,0.0,0.0,2016.0,873.0,0.0,1925.0
1.0,17739.0,505.0,2823.0,8219.0,0.0,0.0,1941.0,882.0,0.0,505.0
1.0,25453.0,170.0,2714.0,3567.0,0.0,0.0,1832.0,882.0,170.0,0.0
1.0,28850.0,2133.0,2645.0,0.0,0.0,0.0,1763.0,882.0,2133.0,0.0
1.0,26717.0,4093.0,2642.0,0.0,0.0,0.0,1770.0,872.0,4093.0,0.0
1.0,22624.0,5890.0,2728.0,0.0,0.0,0.0,1883.0,845.0,5890.0,0.0
1.0,16734.0,5720.0,2795.0,0.0,2961.0,2961.0,1993.0,802.0,5720.0,0.0
1.0,11014.0,4202.0,2827.0,0.0,7323.0,7323.0,2062.0,765.0,3592.0,610.0
1.0,6812.0,1453.0,2818.0,0.0,8731.0,8731.0,2062.0,756.0,0.0,1453.0
1.0,5359.0,2301.0,2852.0,2961.0,8241.0,8241.0,2062.0,790.0,0.0,2301.0
1.0,6019.0,2535.0,2899.0,7323.0,3688.0,3688.0,2060.0,839.0,0.0,2535.0
1.0,10807.0,1927.0,2896.0,8731.0,0.0,0.0,2020.0,876.0,0.0,1927.0
1.0,17611.0,471.0,2827.0,8241.0,0.0,0.0,1942.0,885.0,0.0,471.0
1.0,25381.0,223.0,2719.0,3688.0,0.0,0.0,1834.0,885.0,223.0,0.0
1.0,28846.0,2201.0,2652.0,0.0,0.0,0.0,1767.0,885.0,2201.0,0.0
1.0,26645.0,4175.0,2651.0,0.0,0.0,0.0,1777.0,874.0,4175.0,0.0
1.0,22470.0,5931.0,2737.0,0.0,0.0,0.0,1891.0,846.0,5931.0,0.0
1.0,16539.0,5704.0,2803.0,0.0,3180.0,3180.0,2000.0,803.0,5704.0,0.0
1.0,10835.0,4126.0,2834.0,0.0,7461.0,7461.0,2068.0,766.0,3508.0,618.0
1.0,6709.0,1469.0,2826.0,0.0,8890.0,8890.0,2068.0,758.0,0.0,1469.0
1.0,5240.0,2315.0,2861.0,3180.0,8200.0,8200.0,2068.0,793.0,0.0,2315.0
1.0,6105.0,2543.0,2907.0,7461.0,3512.0,3512.0,2065.0,842.0,0.0,2543.0
1.0,11023.0,1920.0,2904.0,8890.0,0.0,0.0,2025.0,879.0,0.0,1920.0
1.0,17993.0,450.0,2834.0,8200.0,0.0,0.0,1947.0,887.0,0.0,450.0
1.0,25743.0,213.0,2725.0,3512.0,0.0,0.0,1838.0,887.0,213.0,0.0
1.0,29042.0,2189.0,2658.0,0.0,0.0,0.0,1771.0,887.0,2189.0,0.0
1.0,26853.0,4159.0,2658.0,0.0,0.0,0.0,1782.0,876.0,4159.0,0.0
1.0,22694.0,5920.0,2744.0,0.0,0.0,0.0,1895.0,849.0,5920.0,0.0
1.0,16774.0,5699.0,2811.0,0.0,2980.0,2980.0,2005.0,806.0,5699.0,0.0
1.0,11075.0,4124.0,2842.0,0.0,7259.0,7259.0,2073.0,769.0,3512.0,612.0
1.0,6951.0,1455.0,2833.0,0.0,8669.0,8669.0,2073.0,760.0,0.0,1455.0
1.0,5496.0,2297.0,2868.0,2980.0,8161.0,8161.0,2073.0,795.0,0.0,2297.0
1.0,6179.0,2527.0,2913.0,7259.0,3654.0,3654.0,2070.0,843.0,0.0,2527.0
1.0,10911.0,1914.0,2911.0,8669.0,0.0,0.0,2031.0,880.0,0.0,1914.0
1.0,17666.0,463.0,2843.0,8161.0,0.0,0.0,1954.0,889.0,0.0,463.0
1.0,25364.0,177.0,2734.0,3654.0,0.0,0.0,1845.0,889.0,177.0,0.0
1.0,28841.0,2144.0,2666.0,0.0,0.0,0.0,1777.0,889.0,2144.0,0.0
1.0,26697.0,4106.0,2664.0,0.0,0.0,0.0,1786.0,878.0,4106.0,0.0
1.0,22591.0,5896.0,2750.0,0.0,0.0,0.0,1899.0,851.0,5896.0,0.0
1.0,16695.0,5714.0,2817.0,0.0,3104.0,3104.0,2009.0,808.0,5714.0,0.0
1.0,10981.0,4185.0,2850.0,0.0,7454.0,7454.0,2078.0,772.0,3575.0,610.0
1.0,6796.0,1451.0,2841.0,0.0,8860.0,8860.0,2078.0,763.0,0.0,1451.0
1.0,5345.0,2292.0,2875.0,3104.0,8218.0,8218.0,2078.0,797.0,0.0,2292.0
1.0,6157.0,2524.0,2921.0,7454.0,3518.0,3518.0,2075.0,846.0,0.0,2524.0
1.0,11087.0,1920.0,2918.0,8860.0,0.0,0.0,2036.0,882.0,0.0,1920.0
1.0,18027.0,471.0,2851.0,8218.0,0.0,0.0,1959.0,892.0,0.0,471.0
1.0,25774.0,193.0,2742.0,3518.0,0.0,0.0,1850.0,892.0,193.0,0.0
1.0,29099.0,2161.0,2674.0,0.0,0.0,0.0,1782.0,892.0,2161.0,0.0
1.0,26938.0,4136.0,2671.0,0.0,0.0,0.0,1791.0,880.0,4136.0,0.0
1.0,22802.0,5914.0,2758.0,0.0,0.0,0.0,1905.0,853.0,5914.0,0.0
1.0,16888.0,5726.0,2824.0,0.0,2958.0,2958.0,2015.0,809.0,5726.0,0.0
1.0,11162.0,4199.0,2857.0,0.0,7322.0,7322.0,2084.0,773.0,3570.0,629.0
1.0,6963.0,1476.0,2849.0,0.0,8758.0,8758.0,2084.0,765.0,0.0,1476.0
1.0,5487.0,2324.0,2884.0,2958.0,8299.0,8299.0,2084.0,800.0,0.0,2324.0
1.0,6121.0,2549.0,2929.0,7322.0,3751.0,3751.0,2080.0,849.0,0.0,2549.0
1.0,10894.0,1923.0,2925.0,8758.0,0.0,0.0,2039.0,886.0,0.0,1923.0
1.0,17729.0,449.0,2855.0,8299.0,0.0,0.0,1961.0,894.0,0.0,449.0
1.0,25579.0,262.0,2746.0,3751.0,0.0,0.0,1852.0,894.0,262.0,0.0
1.0,29068.0,2249.0,2680.0,0.0,0.0,0.0,1786.0,894.0,2249.0,0.0
1.0,26819.0,4243.0,2680.0,0.0,0.0,0.0,1798.0,882.0,4243.0,0.0
1.0,22576.0,5972.0,2768.0,0.0,0.0,0.0,1913.0,855.0,5972.0,0.0
1.0,16604.0,5720.0,2833.0,0.0,3281.0,3281.0,2023.0,810.0,5720.0,0.0
1.0,10884.0,4121.0,2864.0,0.0,7557.0,7557.0,2090.0,774.0,3471.0,650.0
1.0,6763.0,1505.0,2856.0,0.0,9022.0,9022.0,2090.0,766.0,0.0,1505.0
1.0,5258.0,2365.0,2892.0,3281.0,8286.0,8286.0,2090.0,802.0,0.0,2365.0
1.0,6174.0,2571.0,2937.0,7557.0,3525.0,3525.0,2085.0,852.0,0.0,2571.0
1.0,11160.0,1922.0,2932.0,9022.0,0.0,0.0,2043.0,889.0,0.0,1922.0
1.0,18260.0,413.0,2860.0,8286.0,0.0,0.0,1963.0,897.0,0.0,413.0
1.0,26133.0,305.0,2752.0,3525.0,0.0,0.0,1855.0,897.0,305.0,0.0
1.0,29353.0,2304.0,2686.0,0.0,0.0,0.0,1789.0,897.0,2304.0,0.0
1.0,27049.0,4308.0,2690.0,0.0,0.0,0.0,1805.0,885.0,4308.0,0.0
1.0,22741.0,6001.0,2777.0,0.0,0.0,0.0,1920.0,857.0,6001.0,0.0
1.0,16740.0,5700.0,2842.0,0.0,3170.0,3170.0,2030.0,812.0,5700.0,0.0
1.0,11040.0,4042.0,2871.0,0.0,7357.0,7357.0,2095.0,776.0,3390.0,652.0
1.0,6998.0,1513.0,2863.0,0.0,8830.0,8830.0,2095.0,768.0,0.0,1513.0
1.0,5485.0,2369.0,2900.0,3170.0,8214.0,8214.0,2095.0,805.0,0.0,2369.0
1.0,6286.0,2572.0,2945.0,7357.0,3654.0,3654.0,2091.0,854.0,0.0,2572.0
1.0,11071.0,1914.0,2940.0,8830.0,0.0,0.0,2049.0,891.0,0.0,1914.0
1.0,17987.0,400.0,2868.0,8214.0,0.0,0.0,1969.0,899.0,0.0,400.0
1.0,25801.0,286.0,2759.0,3654.0,0.0,0.0,1860.0,899.0,286.0,0.0
1.0,29169.0,2278.0,2693.0,0.0,0.0,0.0,1794.0,899.0,2278.0,0.0
1.0,26891.0,4274.0,2696.0,0.0,0.0,0.0,1809.0,887.0,4274.0,0.0
1.0,22617.0,5979.0,2783.0,0.0,0.0,0.0,1924.0,859.0,5979.0,0.0
1.0,16638.0,5696.0,2849.0,0.0,3303.0,3303.0,2034.0,815.0,5696.0,0.0
1.0,10942.0,4055.0,2878.0,0.0,7503.0,7503.0,2099.0,779.0,3411.0,644.0
1.0,6887.0,1496.0,2870.0,0.0,8959.0,8959.0,2099.0,771.0,0.0,1496.0
1.0,5391.0,2348.0,2906.0,3303.0,8184.0,8184.0,2099.0,807.0,0.0,2348.0
1.0,6346.0,2556.0,2952.0,7503.0,3467.0,3467.0,2096.0,856.0,0.0,2556.0
1.0,11293.0,1911.0,2948.0,8959.0,0.0,0.0,2055.0,893.0,0.0,1911.0
1.0,18341.0,419.0,2877.0,8184.0,0.0,0.0,1976.0,901.0,0.0,419.0
1.0,26106.0,261.0,2768.0,3467.0,0.0,0.0,1867.0,901.0,261.0,0.0
1.0,29312.0,2252.0,2702.0,0.0,0.0,0.0,1801.0,901.0,2252.0,0.0
1.0,27060.0,4238.0,2702.0,0.0,0.0,0.0,1813.0,889.0,4238.0,0.0
1.0,22822.0,5969.0,2789.0,0.0,0.0,0.0,1928.0,861.0,5969.0,0.0
1.0,16853.0,5704.0,2855.0,0.0,3126.0,3126.0,2038.0,817.0,5704.0,0.0
1.0,11149.0,4101.0,2885.0,0.0,7377.0,7377.0,2104.0,781.0,3454.0,647.0
1.0,7048.0,1499.0,2877.0,0.0,8836.0,8836.0,2104.0,773.0,0.0,1499.0
1.0,5549.0,2352.0,2913.0,3126.0,8242.0,8242.0,2104.0,809.0,0.0,2352.0
1.0,6323.0,2558.0,2959.0,7377.0,3653.0,3653.0,2101.0,858.0,0.0,2558.0
1.0,11142.0,1918.0,2954.0,8836.0,0.0,0.0,2059.0,895.0,0.0,1918.0
1.0,18060.0,421.0,2883.0,8242.0,0.0,0.0,1980.0,903.0,0.0,421.0
1.0,25881.0,295.0,2775.0,3653.0,0.0,0.0,1872.0,903.0,295.0,0.0
1.0,29239.0,2297.0,2709.0,0.0,0.0,0.0,1806.0,903.0,2297.0,0.0
1.0,26942.0,4296.0,2711.0,0.0,0.0,0.0,1820.0,891.0,4296.0,0.0
1.0,22646.0,6007.0,2798.0,0.0,0.0,0.0,1935.0,863.0,6007.0,0.0
1.0,16639.0,5713.0,2863.0,0.0,3389.0,3389.0,2045.0,818.0,5713.0,0.0
1.0,10926.0,4099.0,2893.0,0.0,7638.0,7638.0,2111.0,782.0,3427.0,672.0
1.0,6827.0,1532.0,2885.0,0.0,9130.0,9130.0,2111.0,774.0,0.0,1532.0
1.0,5295.0,2393.0,2923.0,3389.0,8324.0,8324.0,2111.0,812.0,0.0,2393.0
1.0,6291.0,2588.0,2968.0,7638.0,3499.0,3499.0,2106.0,862.0,0.0,2588.0
1.0,11341.0,1918.0,2961.0,9130.0,0.0,0.0,2063.0,898.0,0.0,1918.0
1.0,18553.0,388.0,2887.0,8324.0,0.0,0.0,1981.0,906.0,0.0,388.0
1.0,26489.0,354.0,2779.0,3499.0,0.0,0.0,1873.0,906.0,354.0,0.0
1.0,29634.0,2375.0,2715.0,0.0,0.0,0.0,1809.0,906.0,2375.0,0.0
1.0,27259.0,4393.0,2719.0,0.0,0.0,0.0,1826.0,893.0,4393.0,0.0
1.0,22866.0,6063.0,2807.0,0.0,0.0,0.0,1943.0,864.0,6063.0,0.0
1.0,16803.0,5708.0,2872.0,0.0,3265.0,3265.0,2053.0,819.0,5708.0,0.0
1.0,11095.0,4030.0,2900.0,0.0,7435.0,7435.0,2117.0,783.0,3341.0,689.0
1.0,7065.0,1556.0,2893.0,0.0,8956.0,8956.0,2117.0,776.0,0.0,1556.0
1.0,5509.0,2428.0,2931.0,3265.0,8309.0,8309.0,2117.0,814.0,0.0,2428.0
1.0,6346.0,2606.0,2976.0,7435.0,3705.0,3705.0,2111.0,865.0,0.0,2606.0
1.0,11175.0,1917.0,2968.0,8956.0,0.0,0.0,2067.0,901.0,0.0,1917.0
1.0,18214.0,356.0,2892.0,8309.0,0.0,0.0,1984.0,908.0,0.0,356.0
1.0,26167.0,380.0,2784.0,3705.0,0.0,0.0,1876.0,908.0,380.0,0.0
1.0,29492.0,2402.0,2720.0,0.0,0.0,0.0,1812.0,908.0,2402.0,0.0
1.0,27090.0,4424.0,2728.0,0.0,0.0,0.0,1832.0,896.0,4424.0,0.0
1.0,22666.0,6071.0,2816.0,0.0,0.0,0.0,1949.0,867.0,6071.0,0.0
1.0,16595.0,5690.0,2879.0,0.0,3490.0,3490.0,2058.0,821.0,5690.0,0.0
1.0,10905.0,3972.0,2907.0,0.0,7602.0,7602.0,2122.0,785.0,3291.0,681.0
1.0,6933.0,1552.0,2900.0,0.0,9119.0,9119.0,2122.0,778.0,0.0,1552.0
1.0,5381.0,2417.0,2939.0,3490.0,8241.0,8241.0,2122.0,817.0,0.0,2417.0
1.0,6454.0,2601.0,2983.0,7602.0,3460.0,3460.0,2116.0,867.0,0.0,2601.0
1.0,11455.0,1913.0,2975.0,9119.0,0.0,0.0,2072.0,903.0,0.0,1913.0
1.0,18661.0,360.0,2900.0,8241.0,0.0,0.0,1990.0,910.0,0.0,360.0
1.0,26542.0,358.0,2792.0,3460.0,0.0,0.0,1882.0,910.0,358.0,0.0
1.0,29644.0,2372.0,2728.0,0.0,0.0,0.0,1818.0,910.0,2372.0,0.0
1.0,27272.0,4390.0,2735.0,0.0,0.0,0.0,1837.0,898.0,4390.0,0.0
1.0,22882.0,6044.0,2822.0,0.0,0.0,0.0,1953.0,869.0,6044.0,0.0
1.0,16838.0,5689.0,2887.0,0.0,3286.0,3286.0,2063.0,824.0,5689.0,0.0
1.0,11149.0,3983.0,2914.0,0.0,7404.0,7404.0,2126.0,788.0,3310.0,673.0
1.0,7166.0,1535.0,2907.0,0.0,8904.0,8904.0,2126.0,781.0,0.0,1535.0
1.0,5631.0,2397.0,2945.0,3286.0,8205.0,8205.0,2126.0,819.0,0.0,2397.0
1.0,6520.0,2586.0,2989.0,7404.0,3607.0,3607.0,2121.0,868.0,0.0,2586.0
1.0,11338.0,1918.0,2983.0,8904.0,0.0,0.0,2078.0,905.0,0.0,1918.0
1.0,18324.0,383.0,2909.0,8205.0,0.0,0.0,1996.0,913.0,0.0,383.0
1.0,26146.0,346.0,2801.0,3607.0,0.0,0.0,1888.0,913.0,346.0,0.0
1.0,29407.0,2358.0,2737.0,0.0,0.0,0.0,1824.0,913.0,2358.0,0.0
1.0,27049.0,4375.0,2742.0,0.0,0.0,0.0,1842.0,900.0,4375.0,0.0
1.0,22674.0,6042.0,2829.0,0.0,0.0,0.0,1958.0,871.0,6042.0,0.0
1.0,16632.0,5703.0,2894.0,0.0,3541.0,3541.0,2068.0,826.0,5703.0,0.0
1.0,10929.0,4020.0,2922.0,0.0,7701.0,7701.0,2132.0,790.0,3343.0,677.0
1.0,6909.0,1541.0,2915.0,0.0,9207.0,9207.0,2132.0,783.0,0.0,1541.0
1.0,5368.0,2406.0,2953.0,3541.0,8262.0,8262.0,2132.0,821.0,0.0,2406.0
1.0,6503.0,2600.0,2997.0,7701.0,3381.0,3381.0,2126.0,871.0,0.0,2600.0
1.0,11604.0,1925.0,2990.0,9207.0,0.0,0.0,2082.0,908.0,0.0,1925.0
1.0,18886.0,386.0,2914.0,8262.0,0.0,0.0,1999.0,915.0,0.0,386.0
1.0,26762.0,395.0,2806.0,3381.0,0.0,0.0,1891.0,915.0,395.0,0.0
1.0,29748.0,2422.0,2743.0,0.0,0.0,0.0,1828.0,915.0,2422.0,0.0
1.0,27326.0,4456.0,2750.0,0.0,0.0,0.0,1848.0,902.0,4456.0,0.0
1.0,22870.0,6092.0,2838.0,0.0,0.0,0.0,1965.0,873.0,6092.0,0.0
1.0,16778.0,5708.0,2902.0,0.0,3440.0,3440.0,2075.0,827.0,5708.0,0.0
1.0,11070.0,3986.0,2929.0,0.0,7561.0,7561.0,2138.0,791.0,3286.0,700.0
1.0,7084.0,1573.0,2922.0,0.0,9099.0,9099.0,2138.0,784.0,0.0,1573.0
1.0,5511.0,2446.0,2962.0,3440.0,8305.0,8305.0,2138.0,824.0,0.0,2446.0
1.0,6505.0,2625.0,3005.0,7561.0,3584.0,3584.0,2131.0,874.0,0.0,2625.0
1.0,11441.0,1927.0,2997.0,9099.0,0.0,0.0,2086.0,911.0,0.0,1927.0
1.0,18613.0,356.0,2919.0,8305.0,0.0,0.0,2001.0,918.0,0.0,356.0
1.0,26562.0,454.0,2811.0,3584.0,0.0,0.0,1893.0,918.0,454.0,0.0
1.0,29692.0,2503.0,2750.0,0.0,0.0,0.0,1832.0,918.0,2503.0,0.0
1.0,27189.0,4548.0,2760.0,0.0,0.0,0.0,1855.0,905.0,4548.0,0.0
1.0,22641.0,6140.0,2848.0,0.0,0.0,0.0,1973.0,875.0,6140.0,0.0
1.0,16501.0,5689.0,2910.0,0.0,3738.0,3738.0,2082.0,828.0,5689.0,0.0
1.0,10812.0,3901.0,2936.0,0.0,7769.0,7769.0,2144.0,792.0,3188.0,713.0
1.0,6911.0,1590.0,2929.0,0.0,9324.0,9324.0,2144.0,785.0,0.0,1590.0
1.0,5321.0,2472.0,2970.0,3738.0,8263.0,8263.0,2144.0,826.0,0.0,2472.0
1.0,6587.0,2636.0,3013.0,7769.0,3345.0,3345.0,2136.0,877.0,0.0,2636.0
1.0,11720.0,1923.0,3004.0,9324.0,0.0,0.0,2090.0,914.0,0.0,1923.0
1.0,19121.0,328.0,2925.0,8263.0,0.0,0.0,2005.0,920.0,0.0,328.0
1.0,27056.0,466.0,2817.0,3345.0,0.0,0.0,1897.0,920.0,466.0,0.0
1.0,29935.0,2516.0,2756.0,0.0,0.0,0.0,1836.0,920.0,2516.0,0.0
1.0,27419.0,4560.0,2768.0,0.0,0.0,0.0,1861.0,907.0,4560.0,0.0
1.0,22859.0,6143.0,2856.0,0.0,0.0,0.0,1979.0,877.0,6143.0,0.0
1.0,16716.0,5670.0,2919.0,0.0,3549.0,3549.0,2088.0,831.0,5670.0,0.0
1.0,11046.0,3860.0,2943.0,0.0,7529.0,7529.0,2149.0,794.0,3157.0,703.0
1.0,7186.0,1583.0,2937.0,0.0,9082.0,9082.0,2149.0,788.0,0.0,1583.0
1.0,5603.0,2457.0,2977.0,3549.0,8190.0,8190.0,2149.0,828.0,0.0,2457.0
1.0,6695.0,2628.0,3021.0,7529.0,3509.0,3509.0,2142.0,879.0,0.0,2628.0
1.0,11596.0,1919.0,3012.0,9082.0,0.0,0.0,2096.0,916.0,0.0,1919.0
1.0,18759.0,335.0,2934.0,8190.0,0.0,0.0,2012.0,922.0,0.0,335.0
1.0,26614.0,429.0,2826.0,3509.0,0.0,0.0,1904.0,922.0,429.0,0.0
1.0,29694.0,2470.0,2764.0,0.0,0.0,0.0,1842.0,922.0,2470.0,0.0
1.0,27224.0,4506.0,2774.0,0.0,0.0,0.0,1865.0,909.0,4506.0,0.0
1.0,22718.0,6117.0,2861.0,0.0,0.0,0.0,1982.0,879.0,6117.0,0.0
1.0,16601.0,5682.0,2925.0,0.0,3706.0,3706.0,2092.0,833.0,5682.0,0.0
1.0,10919.0,3913.0,2950.0,0.0,7744.0,7744.0,2153.0,797.0,3216.0,697.0
1.0,7006.0,1569.0,2943.0,0.0,9278.0,9278.0,2153.0,790.0,0.0,1569.0
1.0,5437.0,2441.0,2983.0,3706.0,8213.0,8213.0,2153.0,830.0,0.0,2441.0
1.0,6702.0,2616.0,3027.0,7744.0,3305.0,3305.0,2147.0,880.0,0.0,2616.0
1.0,11830.0,1920.0,3018.0,9278.0,0.0,0.0,2101.0,917.0,0.0,1920.0
1.0,19188.0,357.0,2941.0,8213.0,0.0,0.0,2017.0,924.0,0.0,357.0
1.0,27044.0,425.0,2833.0,3305.0,0.0,0.0,1909.0,924.0,425.0,0.0
1.0,29924.0,2469.0,2771.0,0.0,0.0,0.0,1847.0,924.0,2469.0,0.0
1.0,27455.0,4509.0,2781.0,0.0,0.0,0.0,1870.0,911.0,4509.0,0.0
1.0,22946.0,6130.0,2868.0,0.0,0.0,0.0,1987.0,881.0,6130.0,0.0
1.0,16816.0,5704.0,2932.0,0.0,3548.0,3548.0,2097.0,835.0,5704.0,0.0
1.0,11112.0,3960.0,2959.0,0.0,7643.0,7643.0,2160.0,799.0,3244.0,716.0
1.0,7152.0,1593.0,2952.0,0.0,9201.0,9201.0,2160.0,792.0,0.0,1593.0
1.0,5559.0,2471.0,2993.0,3548.0,8329.0,8329.0,2160.0,833.0,0.0,2471.0
1.0,6636.0,2633.0,3035.0,7643.0,3529.0,3529.0,2152.0,883.0,0.0,2633.0
1.0,11646.0,1924.0,3025.0,9201.0,0.0,0.0,2105.0,920.0,0.0,1924.0
1.0,18923.0,333.0,2947.0,8329.0,0.0,0.0,2020.0,927.0,0.0,333.0
1.0,26919.0,482.0,2839.0,3529.0,0.0,0.0,1912.0,927.0,482.0,0.0
1.0,29966.0,2539.0,2778.0,0.0,0.0,0.0,1851.0,927.0,2539.0,0.0
1.0,27427.0,4603.0,2789.0,0.0,0.0,0.0,1876.0,913.0,4603.0,0.0
1.0,22824.0,6181.0,2878.0,0.0,0.0,0.0,1995.0,883.0,6181.0,0.0
1.0,16643.0,5704.0,2941.0,0.0,3766.0,3766.0,2105.0,836.0,5704.0,0.0
1.0,10939.0,3914.0,2966.0,0.0,7805.0,7805.0,2166.0,800.0,3170.0,744.0
1.0,7025.0,1629.0,2960.0,0.0,9404.0,9404.0,2166.0,794.0,0.0,1629.0
1.0,5396.0,2515.0,3001.0,3766.0,8358.0,8358.0,2166.0,835.0,0.0,2515.0
1.0,6647.0,2662.0,3044.0,7805.0,3430.0,3430.0,2157.0,887.0,0.0,2662.0
1.0,11790.0,1920.0,3033.0,9404.0,0.0,0.0,2109.0,924.0,0.0,1920.0
1.0,19274.0,292.0,2950.0,8358.0,0.0,0.0,2021.0,929.0,0.0,292.0
1.0,27340.0,538.0,2843.0,3430.0,0.0,0.0,1914.0,929.0,538.0,0.0
1.0,30232.0,2609.0,2783.0,0.0,0.0,0.0,1854.0,929.0,2609.0,0.0
1.0,27623.0,4685.0,2799.0,0.0,0.0,0.0,1883.0,916.0,4685.0,0.0
1.0,22938.0,6218.0,2888.0,0.0,0.0,0.0,2003.0,885.0,6218.0,0.0
1.0,16720.0,5685.0,2949.0,0.0,3710.0,3710.0,2112.0,837.0,5685.0,0.0
1.0,11035.0,3821.0,2972.0,0.0,7646.0,7646.0,2171.0,801.0,3071.0,750.0
1.0,7214.0,1638.0,2967.0,0.0,9259.0,9259.0,2171.0,796.0,0.0,1638.0
1.0,5576.0,2530.0,3009.0,3710.0,8289.0,8289.0,2171.0,838.0,0.0,2530.0
1.0,6756.0,2667.0,3051.0,7646.0,3520.0,3520.0,2162.0,889.0,0.0,2667.0
1.0,11735.0,1916.0,3040.0,9259.0,0.0,0.0,2114.0,926.0,0.0,1916.0
1.0,19078.0,273.0,2957.0,8289.0,0.0,0.0,2026.0,931.0,0.0,273.0
1.0,27094.0,530.0,2849.0,3520.0,0.0,0.0,1918.0,931.0,530.0,0.0
1.0,30084.0,2597.0,2790.0,0.0,0.0,0.0,1859.0,931.0,2597.0,0.0
1.0,27487.0,4668.0,2806.0,0.0,0.0,0.0,1888.0,918.0,4668.0,0.0
1.0,22819.0,6203.0,2894.0,0.0,0.0,0.0,2007.0,887.0,6203.0,0.0
1.0,16616.0,5675.0,2957.0,0.0,3844.0,3844.0,2117.0,840.0,5675.0,0.0
1.0,10941.0,3804.0,2980.0,0.0,7763.0,7763.0,2176.0,804.0,3070.0,734.0
1.0,7137.0,1623.0,2974.0,0.0,9356.0,9356.0,2176.0,798.0,0.0,1623.0
1.0,5514.0,2507.0,3016.0,3844.0,8229.0,8229.0,2176.0,840.0,0.0,2507.0
1.0,6851.0,2656.0,3058.0,7763.0,3332.0,3332.0,2167.0,891.0,0.0,2656.0
1.0,11958.0,1916.0,3048.0,9356.0,0.0,0.0,2120.0,928.0,0.0,1916.0
1.0,19398.0,292.0,2966.0,8229.0,0.0,0.0,2033.0,933.0,0.0,292.0
1.0,27335.0,501.0,2858.0,3332.0,0.0,0.0,1925.0,933.0,501.0,0.0
1.0,30166.0,2560.0,2798.0,0.0,0.0,0.0,1865.0,933.0,2560.0,0.0
1.0,27606.0,4624.0,2812.0,0.0,0.0,0.0,1892.0,920.0,4624.0,0.0
1.0,22982.0,6182.0,2901.0,0.0,0.0,0.0,2011.0,890.0,6182.0,0.0
1.0,16800.0,5686.0,2963.0,0.0,3701.0,3701.0,2120.0,843.0,5686.0,0.0
1.0,11114.0,3856.0,2987.0,0.0,7677.0,7677.0,2180.0,807.0,3122.0,734.0
1.0,7258.0,1617.0,2981.0,0.0,9264.0,9264.0,2180.0,801.0,0.0,1617.0
1.0,5641.0,2500.0,3022.0,3701.0,8268.0,8268.0,2180.0,842.0,0.0,2500.0
1.0,6842.0,2650.0,3065.0,7677.0,3456.0,3456.0,2172.0,893.0,0.0,2650.0
1.0,11869.0,1917.0,3055.0,9264.0,0.0,0.0,2125.0,930.0,0.0,1917.0
1.0,19216.0,307.0,2974.0,8268.0,0.0,0.0,2038.0,936.0,0.0,307.0
1.0,27177.0,522.0,2866.0,3456.0,0.0,0.0,1930.0,936.0,522.0,0.0
1.0,30111.0,2594.0,2806.0,0.0,0.0,0.0,1870.0,936.0,2594.0,0.0
1.0,27517.0,4662.0,2820.0,0.0,0.0,0.0,1898.0,922.0,4662.0,0.0
1.0,22855.0,6215.0,2908.0,0.0,0.0,0.0,2017.0,891.0,6215.0,0.0
1.0,16640.0,5693.0,2971.0,0.0,3908.0,3908.0,2127.0,844.0,5693.0,0.0
1.0,10947.0,3865.0,2994.0,0.0,7888.0,7888.0,2186.0,808.0,3105.0,760.0
1.0,7082.0,1650.0,2989.0,0.0,9513.0,9513.0,2186.0,803.0,0.0,1650.0
1.0,5432.0,2540.0,3031.0,3908.0,8355.0,8355.0,2186.0,845.0,0.0,2540.0
1.0,6800.0,2676.0,3073.0,7888.0,3353.0,3353.0,2177.0,896.0,0.0,2676.0
1.0,12012.0,1918.0,3061.0,9513.0,0.0,0.0,2128.0,933.0,0.0,1918.0
1.0,19607.0,271.0,2979.0,8355.0,0.0,0.0,2040.0,939.0,0.0,271.0
1.0,27691.0,587.0,2871.0,3353.0,0.0,0.0,1932.0,939.0,587.0,0.0
1.0,30457.0,2678.0,2813.0,0.0,0.0,0.0,1874.0,939.0,2678.0,0.0
1.0,27779.0,4766.0,2829.0,0.0,0.0,0.0,1905.0,924.0,4766.0,0.0
1.0,23013.0,6273.0,2918.0,0.0,0.0,0.0,2025.0,893.0,6273.0,0.0
1.0,16740.0,5686.0,2980.0,0.0,3846.0,3846.0,2135.0,845.0,5686.0,0.0
1.0,11054.0,3798.0,3001.0,0.0,7749.0,7749.0,2193.0,808.0,3017.0,781.0
1.0,7256.0,1678.0,2997.0,0.0,9407.0,9407.0,2193.0,804.0,0.0,1678.0
1.0,5578.0,2575.0,3041.0,3846.0,8356.0,8356.0,2193.0,848.0,0.0,2575.0
1.0,6849.0,2697.0,3081.0,7749.0,3504.0,3504.0,2182.0,899.0,0.0,2697.0
1.0,11901.0,1917.0,3068.0,9407.0,0.0,0.0,2132.0,936.0,0.0,1917.0
1.0,19391.0,240.0,2983.0,8356.0,0.0,0.0,2042.0,941.0,0.0,240.0
1.0,27507.0,619.0,2875.0,3504.0,0.0,0.0,1934.0,941.0,619.0,0.0
1.0,30392.0,2720.0,2818.0,0.0,0.0,0.0,1877.0,941.0,2720.0,0.0
1.0,27672.0,4815.0,2838.0,0.0,0.0,0.0,1911.0,927.0,4815.0,0.0
1.0,22857.0,6296.0,2927.0,0.0,0.0,0.0,2032.0,895.0,6296.0,0.0
1.0,16561.0,5671.0,2987.0,0.0,4045.0,4045.0,2141.0,846.0,5671.0,0.0
1.0,10890.0,3734.0,3008.0,0.0,7884.0,7884.0,2198.0,810.0,2955.0,779.0
1.0,7156.0,1676.0,3003.0,0.0,9535.0,9535.0,2198.0,805.0,0.0,1676.0
1.0,5480.0,2578.0,3048.0,4045.0,8293.0,8293.0,2198.0,850.0,0.0,2578.0
1.0,6947.0,2696.0,3090.0,7884.0,3315.0,3315.0,2188.0,902.0,0.0,2696.0
1.0,12135.0,1916.0,3076.0,9535.0,0.0,0.0,2138.0,938.0,0.0,1916.0
1.0,19754.0,234.0,2991.0,8293.0,0.0,0.0,2048.0,943.0,0.0,234.0
1.0,27813.0,597.0,2883.0,3315.0,0.0,0.0,1940.0,943.0,597.0,0.0
1.0,30531.0,2685.0,2826.0,0.0,0.0,0.0,1883.0,943.0,2685.0,0.0
1.0,27846.0,4773.0,2844.0,0.0,0.0,0.0,1915.0,929.0,4773.0,0.0
1.0,23073.0,6268.0,2934.0,0.0,0.0,0.0,2036.0,898.0,6268.0,0.0
1.0,16805.0,5669.0,2994.0,0.0,3834.0,3834.0,2145.0,849.0,5669.0,0.0
1.0,11136.0,3747.0,3015.0,0.0,7686.0,7686.0,2202.0,813.0,2986.0,761.0
1.0,7389.0,1659.0,3010.0,0.0,9320.0,9320.0,2202.0,808.0,0.0,1659.0
1.0,5730.0,2552.0,3054.0,3834.0,8258.0,8258.0,2202.0,852.0,0.0,2552.0
1.0,7012.0,2684.0,3096.0,7686.0,3466.0,3466.0,2193.0,903.0,0.0,2684.0
1.0,12014.0,1918.0,3084.0,9320.0,0.0,0.0,2144.0,940.0,0.0,1918.0
1.0,19416.0,259.0,3000.0,8258.0,0.0,0.0,2055.0,945.0,0.0,259.0
1.0,27415.0,580.0,2892.0,3466.0,0.0,0.0,1947.0,945.0,580.0,0.0
1.0,30301.0,2663.0,2834.0,0.0,0.0,0.0,1889.0,945.0,2663.0,0.0
1.0,27638.0,4752.0,2851.0,0.0,0.0,0.0,1920.0,931.0,4752.0,0.0
1.0,22886.0,6256.0,2940.0,0.0,0.0,0.0,2040.0,900.0,6256.0,0.0
1.0,16630.0,5683.0,3002.0,0.0,4063.0,4063.0,2150.0,852.0,5683.0,0.0
1.0,10947.0,3785.0,3024.0,0.0,7958.0,7958.0,2208.0,816.0,3017.0,768.0
1.0,7162.0,1663.0,3019.0,0.0,9596.0,9596.0,2208.0,811.0,0.0,1663.0
1.0,5499.0,2558.0,3062.0,4063.0,8306.0,8306.0,2208.0,854.0,0.0,2558.0
1.0,7004.0,2686.0,3104.0,7958.0,3244.0,3244.0,2198.0,906.0,0.0,2686.0
1.0,12276.0,1919.0,3090.0,9596.0,0.0,0.0,2148.0,942.0,0.0,1919.0
1.0,19953.0,263.0,3006.0,8306.0,0.0,0.0,2058.0,948.0,0.0,263.0
1.0,27996.0,619.0,2899.0,3244.0,0.0,0.0,1951.0,948.0,619.0,0.0
1.0,30621.0,2715.0,2841.0,0.0,0.0,0.0,1893.0,948.0,2715.0,0.0
1.0,27906.0,4818.0,2859.0,0.0,0.0,0.0,1926.0,933.0,4818.0,0.0
1.0,23088.0,6299.0,2948.0,0.0,0.0,0.0,2047.0,901.0,6299.0,0.0
1.0,16789.0,5691.0,3009.0,0.0,3947.0,3947.0,2157.0,852.0,5691.0,0.0
1.0,11098.0,3774.0,3030.0,0.0,7826.0,7826.0,2214.0,816.0,2976.0,798.0
1.0,7324.0,1700.0,3026.0,0.0,9506.0,9506.0,2214.0,812.0,0.0,1700.0
1.0,5624.0,2603.0,3071.0,3947.0,8387.0,8387.0,2214.0,857.0,0.0,2603.0
1.0,6968.0,2709.0,3112.0,7826.0,3475.0,3475.0,2203.0,909.0,0.0,2709.0
1.0,12085.0,1919.0,3097.0,9506.0,0.0,0.0,2151.0,946.0,0.0,1919.0
1.0,19672.0,221.0,3010.0,8387.0,0.0,0.0,2060.0,950.0,0.0,221.0
1.0,27838.0,681.0,2902.0,3475.0,0.0,0.0,1952.0,950.0,681.0,0.0
1.0,30632.0,2796.0,2846.0,0.0,0.0,0.0,1896.0,950.0,2796.0,0.0
1.0,27836.0,4917.0,2868.0,0.0,0.0,0.0,1933.0,935.0,4917.0,0.0
1.0,22919.0,6353.0,2958.0,0.0,0.0,0.0,2055.0,903.0,6353.0,0.0
1.0,16566.0,5680.0,3017.0,0.0,4199.0,4199.0,2164.0,853.0,5680.0,0.0
1.0,10886.0,3701.0,3037.0,0.0,8000.0,8000.0,2220.0,817.0,2882.0,819.0
1.0,7185.0,1727.0,3034.0,0.0,9712.0,9712.0,2220.0,814.0,0.0,1727.0
1.0,5458.0,2636.0,3080.0,4199.0,8379.0,8379.0,2220.0,860.0,0.0,2636.0
1.0,7021.0,2731.0,3120.0,8000.0,3310.0,3310.0,2208.0,912.0,0.0,2731.0
1.0,12290.0,1913.0,3105.0,9712.0,0.0,0.0,2156.0,949.0,0.0,1913.0
1.0,20089.0,186.0,3016.0,8379.0,0.0,0.0,2063.0,953.0,0.0,186.0
1.0,28282.0,701.0,2908.0,3310.0,0.0,0.0,1955.0,953.0,701.0,0.0
1.0,30891.0,2820.0,2854.0,0.0,0.0,0.0,1901.0,953.0,2820.0,0.0
1.0,28071.0,4944.0,2877.0,0.0,0.0,0.0,1939.0,938.0,4944.0,0.0
1.0,23127.0,6361.0,2966.0,0.0,0.0,0.0,2061.0,905.0,6361.0,0.0
1.0,16766.0,5663.0,3026.0,0.0,4027.0,4027.0,2170.0,856.0,5663.0,0.0
1.0,11103.0,3642.0,3044.0,0.0,7759.0,7759.0,2225.0,819.0,2835.0,807.0
1.0,7461.0,1714.0,3041.0,0.0,9458.0,9458.0,2225.0,816.0,0.0,1714.0
1.0,5747.0,2625.0,3087.0,4027.0,8286.0,8286.0,2225.0,862.0,0.0,2625.0
1.0,7149.0,2724.0,3127.0,7759.0,3451.0,3451.0,2213.0,914.0,0.0,2724.0
1.0,12184.0,1916.0,3113.0,9458.0,0.0,0.0,2162.0,951.0,0.0,1916.0
1.0,19726.0,196.0,3024.0,8286.0,0.0,0.0,2070.0,954.0,0.0,196.0
1.0,27816.0,672.0,2916.0,3451.0,0.0,0.0,1962.0,954.0,672.0,0.0
1.0,30595.0,2787.0,2861.0,0.0,0.0,0.0,1907.0,954.0,2787.0,0.0
1.0,27808.0,4896.0,2883.0,0.0,0.0,0.0,1943.0,940.0,4896.0,0.0
1.0,22912.0,6338.0,2973.0,0.0,0.0,0.0,2065.0,908.0,6338.0,0.0
1.0,16574.0,5659.0,3033.0,0.0,4250.0,4250.0,2174.0,859.0,5659.0,0.0
1.0,10915.0,3665.0,3051.0,0.0,8005.0,8005.0,2229.0,822.0,2876.0,789.0
1.0,7250.0,1697.0,3047.0,0.0,9682.0,9682.0,2229.0,818.0,0.0,1697.0
1.0,5553.0,2600.0,3092.0,4250.0,8257.0,8257.0,2229.0,863.0,0.0,2600.0
1.0,7203.0,2714.0,3133.0,8005.0,3171.0,3171.0,2218.0,915.0,0.0,2714.0
1.0,12494.0,1920.0,3119.0,9682.0,0.0,0.0,2167.0,952.0,0.0,1920.0
1.0,20256.0,224.0,3033.0,8257.0,0.0,0.0,2076.0,957.0,0.0,224.0
1.0,28289.0,660.0,2925.0,3171.0,0.0,0.0,1968.0,957.0,660.0,0.0
1.0,30800.0,2774.0,2869.0,0.0,0.0,0.0,1912.0,957.0,2774.0,0.0
1.0,28026.0,4884.0,2890.0,0.0,0.0,0.0,1948.0,942.0,4884.0,0.0
1.0,23142.0,6340.0,2980.0,0.0,0.0,0.0,2070.0,910.0,6340.0,0.0
1.0,16802.0,5679.0,3040.0,0.0,4077.0,4077.0,2179.0,861.0,5679.0,0.0
1.0,11123.0,3718.0,3059.0,0.0,7890.0,7890.0,2235.0,824.0,2914.0,804.0
1.0,7405.0,1711.0,3055.0,0.0,9581.0,9581.0,2235.0,820.0,0.0,1711.0
1.0,5694.0,2618.0,3101.0,4077.0,8352.0,8352.0,2235.0,866.0,0.0,2618.0
1.0,7153.0,2722.0,3141.0,7890.0,3384.0,3384.0,2223.0,918.0,0.0,2722.0
1.0,12321.0,1920.0,3126.0,9581.0,0.0,0.0,2171.0,955.0,0.0,1920.0
1.0,19982.0,217.0,3037.0,8352.0,0.0,0.0,2078.0,959.0,0.0,217.0
1.0,28117.0,708.0,2930.0,3384.0,0.0,0.0,1971.0,959.0,708.0,0.0
1.0,30793.0,2839.0,2875.0,0.0,0.0,0.0,1916.0,959.0,2839.0,0.0
1.0,27954.0,4967.0,2898.0,0.0,0.0,0.0,1954.0,944.0,4967.0,0.0
1.0,22987.0,6394.0,2988.0,0.0,0.0,0.0,2077.0,911.0,6394.0,0.0
1.0,16593.0,5686.0,3048.0,0.0,4333.0,4333.0,2187.0,861.0,5686.0,0.0
1.0,10907.0,3694.0,3067.0,0.0,8122.0,8122.0,2242.0,825.0,2857.0,837.0
1.0,7213.0,1752.0,3064.0,0.0,9859.0,9859.0,2242.0,822.0,0.0,1752.0
1.0,5461.0,2668.0,3111.0,4333.0,8429.0,8429.0,2242.0,869.0,0.0,2668.0
1.0,7126.0,2747.0,3150.0,8122.0,3249.0,3249.0,2228.0,922.0,0.0,2747.0
1.0,12501.0,1917.0,3134.0,9859.0,0.0,0.0,2175.0,959.0,0.0,1917.0
1.0,20443.0,166.0,3042.0,8429.0,0.0,0.0,2080.0,962.0,0.0,166.0
1.0,28706.0,764.0,2935.0,3249.0,0.0,0.0,1973.0,962.0,764.0,0.0
1.0,31191.0,2906.0,2881.0,0.0,0.0,0.0,1919.0,962.0,2906.0,0.0
1.0,28285.0,5054.0,2907.0,0.0,0.0,0.0,1961.0,946.0,5054.0,0.0
1.0,23231.0,6434.0,2998.0,0.0,0.0,0.0,2085.0,913.0,6434.0,0.0
1.0,16797.0,5672.0,3056.0,0.0,4155.0,4155.0,2194.0,862.0,5672.0,0.0
1.0,11125.0,3620.0,3073.0,0.0,7860.0,7860.0,2247.0,826.0,2767.0,853.0
1.0,7505.0,1772.0,3070.0,0.0,9617.0,9617.0,2247.0,823.0,0.0,1772.0
1.0,5733.0,2691.0,3119.0,4155.0,8398.0,8398.0,2247.0,872.0,0.0,2691.0
1.0,7197.0,2762.0,3159.0,7860.0,3500.0,3500.0,2234.0,925.0,0.0,2762.0
1.0,12295.0,1909.0,3140.0,9617.0,0.0,0.0,2179.0,961.0,0.0,1909.0
1.0,20003.0,136.0,3048.0,8398.0,0.0,0.0,2084.0,964.0,0.0,136.0
1.0,28265.0,769.0,2941.0,3500.0,0.0,0.0,1977.0,964.0,769.0,0.0
1.0,30996.0,2910.0,2888.0,0.0,0.0,0.0,1924.0,964.0,2910.0,0.0
1.0,28086.0,5056.0,2915.0,0.0,0.0,0.0,1967.0,948.0,5056.0,0.0
1.0,23030.0,6427.0,3006.0,0.0,0.0,0.0,2090.0,916.0,6427.0,0.0
1.0,16603.0,5661.0,3064.0,0.0,4378.0,4378.0,2199.0,865.0,5661.0,0.0
1.0,10942.0,3581.0,3081.0,0.0,8044.0,8044.0,2252.0,829.0,2743.0,838.0
1.0,7361.0,1754.0,3078.0,0.0,9783.0,9783.0,2252.0,826.0,0.0,1754.0
1.0,5607.0,2675.0,3125.0,4378.0,8315.0,8315.0,2252.0,873.0,0.0,2675.0
1.0,7310.0,2752.0,3165.0,8044.0,3223.0,3223.0,2239.0,926.0,0.0,2752.0
1.0,12602.0,1913.0,3148.0,9783.0,0.0,0.0,2185.0,963.0,0.0,1913.0
1.0,20472.0,153.0,3057.0,8315.0,0.0,0.0,2091.0,966.0,0.0,153.0
1.0,28634.0,736.0,2949.0,3223.0,0.0,0.0,1983.0,966.0,736.0,0.0
1.0,31121.0,2869.0,2896.0,0.0,0.0,0.0,1930.0,966.0,2869.0,0.0
1.0,28252.0,5006.0,2922.0,0.0,0.0,0.0,1971.0,951.0,5006.0,0.0
1.0,23246.0,6402.0,3012.0,0.0,0.0,0.0,2094.0,918.0,6402.0,0.0
1.0,16844.0,5670.0,3071.0,0.0,4181.0,4181.0,2203.0,868.0,5670.0,0.0
1.0,11174.0,3625.0,3089.0,0.0,7896.0,7896.0,2257.0,832.0,2796.0,829.0
1.0,7549.0,1743.0,3086.0,0.0,9624.0,9624.0,2257.0,829.0,0.0,1743.0
1.0,5806.0,2657.0,3132.0,4181.0,8330.0,8330.0,2257.0,875.0,0.0,2657.0
1.0,7330.0,2742.0,3172.0,7896.0,3376.0,3376.0,2244.0,928.0,0.0,2742.0
1.0,12484.0,1913.0,3156.0,9624.0,0.0,0.0,2191.0,965.0,0.0,1913.0
1.0,20195.0,171.0,3065.0,8330.0,0.0,0.0,2097.0,968.0,0.0,171.0
1.0,28354.0,744.0,2957.0,3376.0,0.0,0.0,1989.0,968.0,744.0,0.0
1.0,30986.0,2881.0,2903.0,0.0,0.0,0.0,1935.0,968.0,2881.0,0.0
1.0,28105.0,5024.0,2929.0,0.0,0.0,0.0,1976.0,953.0,5024.0,0.0
1.0,23081.0,6420.0,3019.0,0.0,0.0,0.0,2099.0,920.0,6420.0,0.0
1.0,16661.0,5685.0,3078.0,0.0,4414.0,4414.0,2209.0,869.0,5685.0,0.0
1.0,10976.0,3659.0,3097.0,0.0,8168.0,8168.0,2263.0,834.0,2804.0,855.0
1.0,7317.0,1774.0,3094.0,0.0,9927.0,9927.0,2263.0,831.0,0.0,1774.0
1.0,5543.0,2694.0,3141.0,4414.0,8442.0,8442.0,2263.0,878.0,0.0,2694.0
1.0,7263.0,2760.0,3180.0,8168.0,3229.0,3229.0,2249.0,931.0,0.0,2760.0
1.0,12671.0,1908.0,3162.0,9927.0,0.0,0.0,2194.0,968.0,0.0,1908.0
1.0,20690.0,141.0,3070.0,8442.0,0.0,0.0,2099.0,971.0,0.0,141.0
1.0,28991.0,804.0,2962.0,3229.0,0.0,0.0,1991.0,971.0,804.0,0.0
1.0,31416.0,2965.0,2910.0,0.0,0.0,0.0,1939.0,971.0,2965.0,0.0
1.0,28451.0,5122.0,2938.0,0.0,0.0,0.0,1983.0,955.0,5122.0,0.0
1.0,23329.0,6477.0,3028.0,0.0,0.0,0.0,2107.0,921.0,6477.0,0.0
1.0,16852.0,5678.0,3086.0,0.0,4256.0,4256.0,2216.0,870.0,5678.0,0.0
1.0,11174.0,3605.0,3103.0,0.0,7946.0,7946.0,2269.0,834.0,2718.0,887.0
1.0,7569.0,1814.0,3101.0,0.0,9750.0,9750.0,2269.0,832.0,0.0,1814.0
1.0,5755.0,2742.0,3151.0,4256.0,8486.0,8486.0,2269.0,882.0,0.0,2742.0
1.0,7269.0,2783.0,3189.0,7946.0,3513.0,3513.0,2254.0,935.0,0.0,2783.0
1.0,12432.0,1903.0,3170.0,9750.0,0.0,0.0,2198.0,972.0,0.0,1903.0
1.0,20279.0,90.0,3074.0,8486.0,0.0,0.0,2101.0,973.0,0.0,90.0
1.0,28675.0,856.0,2967.0,3513.0,0.0,0.0,1994.0,973.0,856.0,0.0
1.0,31332.0,3029.0,2916.0,0.0,0.0,0.0,1943.0,973.0,3029.0,0.0
1.0,28303.0,5198.0,2946.0,0.0,0.0,0.0,1989.0,957.0,5198.0,0.0
1.0,23105.0,6516.0,3038.0,0.0,0.0,0.0,2115.0,923.0,6516.0,0.0
1.0,16589.0,5655.0,3094.0,0.0,4536.0,4536.0,2223.0,871.0,5655.0,0.0
1.0,10934.0,3523.0,3109.0,0.0,8134.0,8134.0,2274.0,835.0,2630.0,893.0
1.0,7411.0,1822.0,3108.0,0.0,9951.0,9951.0,2274.0,834.0,0.0,1822.0
1.0,5589.0,2751.0,3158.0,4536.0,8416.0,8416.0,2274.0,884.0,0.0,2751.0
1.0,7374.0,2792.0,3196.0,8134.0,3264.0,3264.0,2259.0,937.0,0.0,2792.0
1.0,12716.0,1898.0,3177.0,9951.0,0.0,0.0,2203.0,974.0,0.0,1898.0
1.0,20769.0,75.0,3081.0,8416.0,0.0,0.0,2106.0,975.0,0.0,75.0
1.0,29110.0,835.0,2974.0,3264.0,0.0,0.0,1999.0,975.0,835.0,0.0
1.0,31539.0,3003.0,2922.0,0.0,0.0,0.0,1947.0,975.0,3003.0,0.0
1.0,28536.0,5165.0,2953.0,0.0,0.0,0.0,1994.0,959.0,5165.0,0.0
1.0,23371.0,6496.0,3045.0,0.0,0.0,0.0,2119.0,926.0,6496.0,0.0
1.0,16875.0,5653.0,3102.0,0.0,4288.0,4288.0,2228.0,874.0,5653.0,0.0
1.0,11222.0,3527.0,3117.0,0.0,7890.0,7890.0,2279.0,838.0,2652.0,875.0
1.0,7695.0,1800.0,3115.0,0.0,9680.0,9680.0,2279.0,836.0,0.0,1800.0
1.0,5895.0,2730.0,3164.0,4288.0,8367.0,8367.0,2279.0,885.0,0.0,2730.0
1.0,7453.0,2780.0,3203.0,7890.0,3452.0,3452.0,2264.0,939.0,0.0,2780.0
1.0,12563.0,1904.0,3185.0,9680.0,0.0,0.0,2209.0,976.0,0.0,1904.0
1.0,20339.0,98.0,3090.0,8367.0,0.0,0.0,2113.0,977.0,0.0,98.0
1.0,28608.0,809.0,2982.0,3452.0,0.0,0.0,2005.0,977.0,809.0,0.0
1.0,31251.0,2965.0,2930.0,0.0,0.0,0.0,1953.0,977.0,2965.0,0.0
1.0,28286.0,5121.0,2959.0,0.0,0.0,0.0,1998.0,961.0,5121.0,0.0
1.0,23165.0,6473.0,3051.0,0.0,0.0,0.0,2123.0,928.0,6473.0,0.0
1.0,16692.0,5665.0,3109.0,0.0,4518.0,4518.0,2232.0,877.0,5665.0,0.0
1.0,11027.0,3572.0,3125.0,0.0,8170.0,8170.0,2284.0,841.0,2706.0,866.0
1.0,7455.0,1796.0,3122.0,0.0,9951.0,9951.0,2284.0,838.0,0.0,1796.0
1.0,5659.0,2721.0,3172.0,4518.0,8404.0,8404.0,2284.0,888.0,0.0,2721.0
1.0,7456.0,2781.0,3210.0,8170.0,3205.0,3205.0,2269.0,941.0,0.0,2781.0
1.0,12845.0,1911.0,3192.0,9951.0,0.0,0.0,2214.0,978.0,0.0,1911.0
1.0,20885.0,117.0,3097.0,8404.0,0.0,0.0,2117.0,980.0,0.0,117.0
1.0,29172.0,841.0,2990.0,3205.0,0.0,0.0,2010.0,980.0,841.0,0.0
1.0,31536.0,3006.0,2938.0,0.0,0.0,0.0,1958.0,980.0,3006.0,0.0
1.0,28530.0,5178.0,2968.0,0.0,0.0,0.0,2004.0,964.0,5178.0,0.0
1.0,23352.0,6506.0,3058.0,0.0,0.0,0.0,2129.0,929.0,6506.0,0.0
1.0,16846.0,5676.0,3116.0,0.0,4410.0,4410.0,2238.0,878.0,5676.0,0.0
1.0,11170.0,3563.0,3132.0,0.0,8053.0,8053.0,2290.0,842.0,2670.0,893.0
1.0,7607.0,1825.0,3130.0,0.0,9868.0,9868.0,2290.0,840.0,0.0,1825.0
1.0,5782.0,2758.0,3180.0,4410.0,8466.0,8466.0,2290.0,890.0,0.0,2758.0
1.0,7434.0,2799.0,3218.0,8053.0,3402.0,3402.0,2274.0,944.0,0.0,2799.0
1.0,12688.0,1908.0,3198.0,9868.0,0.0,0.0,2217.0,981.0,0.0,1908.0
1.0,20648.0,90.0,3102.0,8466.0,0.0,0.0,2119.0,983.0,0.0,90.0
1.0,29024.0,906.0,2995.0,3402.0,0.0,0.0,2012.0,983.0,906.0,0.0
1.0,31520.0,3091.0,2945.0,0.0,0.0,0.0,1962.0,983.0,3091.0,0.0
1.0,28429.0,5282.0,2977.0,0.0,0.0,0.0,2011.0,966.0,5282.0,0.0
1.0,23147.0,6564.0,3068.0,0.0,0.0,0.0,2137.0,931.0,6564.0,0.0
1.0,16583.0,5667.0,3124.0,0.0,4704.0,4704.0,2246.0,878.0,5667.0,0.0
1.0,10916.0,3497.0,3138.0,0.0,8271.0,8271.0,2296.0,842.0,2575.0,922.0
1.0,7419.0,1861.0,3137.0,0.0,10127.0,10127.0,2296.0,841.0,0.0,1861.0
1.0,5558.0,2800.0,3190.0,4704.0,8488.0,8488.0,2296.0,894.0,0.0,2800.0
1.0,7462.0,2818.0,3227.0,8271.0,3220.0,3220.0,2279.0,948.0,0.0,2818.0
1.0,12915.0,1902.0,3205.0,10127.0,0.0,0.0,2221.0,984.0,0.0,1902.0
1.0,21140.0,42.0,3106.0,8488.0,0.0,0.0,2121.0,985.0,0.0,42.0
1.0,29586.0,938.0,2999.0,3220.0,0.0,0.0,2014.0,985.0,938.0,0.0
1.0,31868.0,3131.0,2950.0,0.0,0.0,0.0,1965.0,985.0,3131.0,0.0
1.0,28737.0,5328.0,2985.0,0.0,0.0,0.0,2017.0,968.0,5328.0,0.0
1.0,23409.0,6582.0,3077.0,0.0,0.0,0.0,2144.0,933.0,6582.0,0.0
1.0,16827.0,5647.0,3133.0,0.0,4485.0,4485.0,2253.0,880.0,5647.0,0.0
1.0,11180.0,3432.0,3145.0,0.0,7977.0,7977.0,2301.0,844.0,2510.0,922.0
1.0,7748.0,1861.0,3144.0,0.0,9833.0,9833.0,2301.0,843.0,0.0,1861.0
1.0,5887.0,2799.0,3197.0,4485.0,8412.0,8412.0,2301.0,896.0,0.0,2799.0
1.0,7573.0,2820.0,3235.0,7977.0,3445.0,3445.0,2285.0,950.0,0.0,2820.0
1.0,12730.0,1897.0,3213.0,9833.0,0.0,0.0,2227.0,986.0,0.0,1897.0
1.0,20666.0,35.0,3115.0,8412.0,0.0,0.0,2128.0,987.0,0.0,35.0
1.0,29043.0,912.0,3007.0,3445.0,0.0,0.0,2020.0,987.0,912.0,0.0
1.0,31576.0,3102.0,2958.0,0.0,0.0,0.0,1971.0,987.0,3102.0,0.0
1.0,28474.0,5286.0,2992.0,0.0,0.0,0.0,2022.0,970.0,5286.0,0.0
1.0,23188.0,6557.0,3084.0,0.0,0.0,0.0,2148.0,936.0,6557.0,0.0
1.0,16631.0,5642.0,3139.0,0.0,4706.0,4706.0,2256.0,883.0,5642.0,0.0
1.0,10989.0,3441.0,3152.0,0.0,8212.0,8212.0,2305.0,847.0,2538.0,903.0
1.0,7548.0,1838.0,3151.0,0.0,10045.0,10045.0,2305.0,846.0,0.0,1838.0
1.0,5710.0,2778.0,3202.0,4706.0,8372.0,8372.0,2305.0,897.0,0.0,2778.0
1.0,7638.0,2810.0,3241.0,8212.0,3165.0,3165.0,2290.0,951.0,0.0,2810.0
1.0,13040.0,1906.0,3221.0,10045.0,0.0,0.0,2233.0,988.0,0.0,1906.0
1.0,21179.0,62.0,3123.0,8372.0,0.0,0.0,2134.0,989.0,0.0,62.0
1.0,29489.0,898.0,3016.0,3165.0,0.0,0.0,2027.0,989.0,898.0,0.0
1.0,31756.0,3084.0,2966.0,0.0,0.0,0.0,1977.0,989.0,3084.0,0.0
1.0,28672.0,5265.0,3000.0,0.0,0.0,0.0,2027.0,973.0,5265.0,0.0
1.0,23407.0,6554.0,3091.0,0.0,0.0,0.0,2153.0,938.0,6554.0,0.0
1.0,16853.0,5653.0,3147.0,0.0,4535.0,4535.0,2261.0,886.0,5653.0,0.0
1.0,11200.0,3473.0,3161.0,0.0,8078.0,8078.0,2311.0,850.0,2572.0,901.0
1.0,7727.0,1843.0,3159.0,0.0,9911.0,9911.0,2311.0,848.0,0.0,1843.0
1.0,5884.0,2780.0,3210.0,4535.0,8411.0,8411.0,2311.0,899.0,0.0,2780.0
1.0,7639.0,2817.0,3249.0,8078.0,3345.0,3345.0,2295.0,954.0,0.0,2817.0
1.0,12900.0,1913.0,3227.0,9911.0,0.0,0.0,2237.0,990.0,0.0,1913.0
1.0,20898.0,72.0,3129.0,8411.0,0.0,0.0,2137.0,992.0,0.0,72.0
1.0,29237.0,942.0,3022.0,3345.0,0.0,0.0,2030.0,992.0,942.0,0.0
1.0,31640.0,3142.0,2974.0,0.0,0.0,0.0,1982.0,992.0,3142.0,0.0
1.0,28498.0,5339.0,3008.0,0.0,0.0,0.0,2033.0,975.0,5339.0,0.0
1.0,23159.0,6601.0,3100.0,0.0,0.0,0.0,2160.0,940.0,6601.0,0.0
1.0,16558.0,5659.0,3156.0,0.0,4881.0,4881.0,2269.0,887.0,5659.0,0.0
1.0,10899.0,3459.0,3168.0,0.0,8400.0,8400.0,2317.0,851.0,2527.0,932.0
1.0,7440.0,1877.0,3167.0,0.0,10272.0,10272.0,2317.0,850.0,0.0,1877.0
1.0,5563.0,2822.0,3220.0,4881.0,8478.0,8478.0,2317.0,903.0,0.0,2822.0
1.0,7622.0,2836.0,3257.0,8400.0,3099.0,3099.0,2300.0,957.0,0.0,2836.0
1.0,13186.0,1906.0,3234.0,10272.0,0.0,0.0,2240.0,994.0,0.0,1906.0
1.0,21552.0,36.0,3133.0,8478.0,0.0,0.0,2139.0,994.0,0.0,36.0
1.0,29994.0,999.0,3026.0,3099.0,0.0,0.0,2032.0,994.0,999.0,0.0
1.0,32094.0,3217.0,2979.0,0.0,0.0,0.0,1985.0,994.0,3217.0,0.0
1.0,28877.0,5431.0,3017.0,0.0,0.0,0.0,2040.0,977.0,5431.0,0.0
1.0,23446.0,6652.0,3108.0,0.0,0.0,0.0,2167.0,941.0,6652.0,0.0
1.0,16794.0,5659.0,3163.0,0.0,4680.0,4680.0,2276.0,887.0,5651.0,8.0
1.0,11135.0,3399.0,3174.0,0.0,8134.0,8134.0,2323.0,851.0,2441.0,958.0
1.0,7736.0,1908.0,3175.0,0.0,10047.0,10047.0,2323.0,852.0,0.0,1908.0
1.0,5828.0,2850.0,3229.0,4680.0,8487.0,8487.0,2323.0,906.0,0.0,2850.0
1.0,7658.0,2842.0,3265.0,8134.0,3375.0,3375.0,2305.0,960.0,0.0,2842.0
1.0,12950.0,1889.0,3242.0,10047.0,0.0,0.0,2245.0,997.0,0.0,1889.0
1.0,21108.0,0.0,3139.0,8487.0,0.0,0.0,2142.0,997.0,0.0,0.0
1.0,29595.0,1013.0,3032.0,3375.0,0.0,0.0,2035.0,997.0,1013.0,0.0
1.0,31957.0,3229.0,2986.0,0.0,0.0,0.0,1989.0,997.0,3229.0,0.0
1.0,28728.0,5444.0,3024.0,0.0,0.0,0.0,2045.0,979.0,5444.0,0.0
1.0,23284.0,6650.0,3116.0,0.0,0.0,0.0,2173.0,943.0,6650.0,0.0
1.0,16634.0,5645.0,3170.0,0.0,4861.0,4861.0,2281.0,889.0,5635.0,10.0
1.0,10989.0,3367.0,3182.0,0.0,8288.0,8288.0,2328.0,854.0,2409.0,958.0
1.0,7622.0,1906.0,3182.0,0.0,10194.0,10194.0,2328.0,854.0,0.0,1906.0
1.0,5716.0,2844.0,3236.0,4861.0,8447.0,8447.0,2328.0,908.0,0.0,2844.0
1.0,7733.0,2838.0,3272.0,8288.0,3177.0,3177.0,2310.0,962.0,0.0,2838.0
1.0,13183.0,1879.0,3249.0,10194.0,0.0,0.0,2251.0,998.0,0.0,1879.0
1.0,21498.0,0.0,3147.0,8447.0,0.0,0.0,2149.0,998.0,0.0,0.0
1.0,29945.0,987.0,3040.0,3177.0,0.0,0.0,2042.0,998.0,987.0,0.0
1.0,32135.0,3194.0,2993.0,0.0,0.0,0.0,1995.0,998.0,3194.0,0.0
1.0,28941.0,5405.0,3031.0,0.0,0.0,0.0,2050.0,981.0,5405.0,0.0
1.0,23536.0,6623.0,3123.0,0.0,0.0,0.0,2177.0,946.0,6623.0,0.0
1.0,16913.0,5639.0,3178.0,0.0,4616.0,4616.0,2286.0,892.0,5639.0,0.0
1.0,11274.0,3380.0,3189.0,0.0,8051.0,8051.0,2333.0,856.0,2439.0,941.0
1.0,7894.0,1886.0,3189.0,0.0,9937.0,9937.0,2333.0,856.0,0.0,1886.0
1.0,6008.0,2836.0,3242.0,4616.0,8422.0,8422.0,2333.0,909.0,0.0,2836.0
1.0,7788.0,2840.0,3279.0,8051.0,3396.0,3396.0,2315.0,964.0,0.0,2840.0
1.0,12999.0,1899.0,3257.0,9937.0,0.0,0.0,2256.0,1001.0,0.0,1899.0
1.0,21037.0,8.0,3156.0,8422.0,0.0,0.0,2155.0,1001.0,0.0,8.0
1.0,29451.0,983.0,3049.0,3396.0,0.0,0.0,2048.0,1001.0,983.0,0.0
1.0,31864.0,3190.0,3001.0,0.0,0.0,0.0,2000.0,1001.0,3190.0,0.0
1.0,28674.0,5403.0,3038.0,0.0,0.0,0.0,2055.0,983.0,5403.0,0.0
1.0,23271.0,6630.0,3130.0,0.0,0.0,0.0,2182.0,948.0,6630.0,0.0
1.0,16641.0,5656.0,3185.0,0.0,4940.0,4940.0,2291.0,894.0,5656.0,0.0
1.0,10985.0,3413.0,3196.0,0.0,8408.0,8408.0,2338.0,858.0,2465.0,948.0
1.0,7572.0,1902.0,3196.0,0.0,10310.0,10310.0,2338.0,858.0,0.0,1902.0
1.0,5670.0,2852.0,3250.0,4940.0,8492.0,8492.0,2338.0,912.0,0.0,2852.0
1.0,7758.0,2854.0,3287.0,8408.0,3123.0,3123.0,2320.0,967.0,0.0,2854.0
1.0,13312.0,1903.0,3263.0,10310.0,0.0,0.0,2260.0,1003.0,0.0,1903.0
1.0,21719.0,3.0,3160.0,8492.0,0.0,0.0,2157.0,1003.0,0.0,3.0
1.0,30208.0,1039.0,3053.0,3123.0,0.0,0.0,2050.0,1003.0,1039.0,0.0
1.0,32292.0,3264.0,3007.0,0.0,0.0,0.0,2004.0,1003.0,3264.0,0.0
1.0,29028.0,5496.0,3046.0,0.0,0.0,0.0,2061.0,985.0,5496.0,0.0
1.0,23532.0,6685.0,3139.0,0.0,0.0,0.0,2190.0,949.0,6685.0,0.0
1.0,16847.0,5676.0,3194.0,0.0,4799.0,4799.0,2299.0,895.0,5656.0,20.0
1.0,11171.0,3374.0,3205.0,0.0,8228.0,8228.0,2345.0,860.0,2392.0,982.0
1.0,7797.0,1939.0,3205.0,0.0,10167.0,10167.0,2345.0,860.0,0.0,1939.0
1.0,5858.0,2877.0,3260.0,4799.0,8520.0,8520.0,2345.0,915.0,0.0,2877.0
1.0,7780.0,2853.0,3295.0,8228.0,3320.0,3320.0,2325.0,970.0,0.0,2853.0
1.0,13155.0,1873.0,3269.0,10167.0,0.0,0.0,2263.0,1006.0,0.0,1873.0
1.0,21449.0,0.0,3165.0,8520.0,0.0,0.0,2159.0,1006.0,0.0,0.0
1.0,29969.0,1093.0,3058.0,3320.0,0.0,0.0,2052.0,1006.0,1093.0,0.0
1.0,32196.0,3338.0,3014.0,0.0,0.0,0.0,2008.0,1006.0,3338.0,0.0
1.0,28858.0,5579.0,3055.0,0.0,0.0,0.0,2068.0,987.0,5579.0,0.0
1.0,23279.0,6732.0,3148.0,0.0,0.0,0.0,2197.0,951.0,6732.0,0.0
1.0,16547.0,5676.0,3203.0,0.0,5144.0,5144.0,2306.0,897.0,5635.0,41.0
1.0,10871.0,3299.0,3211.0,0.0,8483.0,8483.0,2350.0,861.0,2297.0,1002.0
1.0,7572.0,1963.0,3213.0,0.0,10456.0,10456.0,2350.0,863.0,0.0,1963.0
1.0,5609.0,2882.0,3268.0,5144.0,8469.0,8469.0,2350.0,918.0,0.0,2882.0
1.0,7871.0,2840.0,3304.0,8483.0,3006.0,3006.0,2331.0,973.0,0.0,2840.0
1.0,13514.0,1842.0,3276.0,10456.0,0.0,0.0,2268.0,1008.0,0.0,1842.0
1.0,22128.0,0.0,3172.0,8469.0,0.0,0.0,2164.0,1008.0,0.0,0.0
1.0,30597.0,1088.0,3065.0,3006.0,0.0,0.0,2057.0,1008.0,1088.0,0.0
1.0,32515.0,3331.0,3020.0,0.0,0.0,0.0,2012.0,1008.0,3331.0,0.0
1.0,29184.0,5568.0,3062.0,0.0,0.0,0.0,2073.0,989.0,5568.0,0.0
1.0,23616.0,6721.0,3155.0,0.0,0.0,0.0,2202.0,953.0,6721.0,0.0
1.0,16895.0,5661.0,3210.0,0.0,4816.0,4816.0,2311.0,899.0,5625.0,36.0
1.0,11234.0,3290.0,3218.0,0.0,8146.0,8146.0,2355.0,863.0,2296.0,994.0
1.0,7944.0,1951.0,3220.0,0.0,10107.0,10107.0,2355.0,865.0,0.0,1951.0
1.0,5993.0,2872.0,3275.0,4816.0,8438.0,8438.0,2355.0,920.0,0.0,2872.0
1.0,7937.0,2839.0,3311.0,8146.0,3311.0,3311.0,2336.0,975.0,0.0,2839.0
1.0,13244.0,1844.0,3284.0,10107.0,0.0,0.0,2274.0,1010.0,0.0,1844.0
1.0,21507.0,0.0,3180.0,8438.0,0.0,0.0,2170.0,1010.0,0.0,0.0
1.0,29945.0,1052.0,3073.0,3311.0,0.0,0.0,2063.0,1010.0,1052.0,0.0
1.0,32204.0,3286.0,3028.0,0.0,0.0,0.0,2018.0,1010.0,3286.0,0.0
1.0,28918.0,5515.0,3069.0,0.0,0.0,0.0,2077.0,992.0,5515.0,0.0
1.0,23403.0,6697.0,3162.0,0.0,0.0,0.0,2206.0,956.0,6697.0,0.0
1.0,16706.0,5666.0,3216.0,0.0,5040.0,5040.0,2314.0,902.0,5640.0,26.0
1.0,11040.0,3340.0,3226.0,0.0,8430.0,8430.0,2360.0,866.0,2359.0,981.0
1.0,7700.0,1937.0,3227.0,0.0,10372.0,10372.0,2360.0,867.0,0.0,1937.0
1.0,5763.0,2872.0,3282.0,5040.0,8479.0,8479.0,2360.0,922.0,0.0,2872.0
1.0,7931.0,2847.0,3317.0,8430.0,3071.0,3071.0,2341.0,976.0,0.0,2847.0
1.0,13514.0,1866.0,3292.0,10372.0,0.0,0.0,2280.0,1012.0,0.0,1866.0
1.0,22020.0,0.0,3188.0,8479.0,0.0,0.0,2176.0,1012.0,0.0,0.0
1.0,30499.0,1067.0,3081.0,3071.0,0.0,0.0,2069.0,1012.0,1067.0,0.0
1.0,32503.0,3302.0,3035.0,0.0,0.0,0.0,2023.0,1012.0,3302.0,0.0
1.0,29201.0,5539.0,3077.0,0.0,0.0,0.0,2083.0,994.0,5539.0,0.0
1.0,23662.0,6715.0,3170.0,0.0,0.0,0.0,2212.0,958.0,6715.0,0.0
1.0,16947.0,5689.0,3223.0,0.0,4857.0,4857.0,2320.0,903.0,5653.0,36.0
1.0,11258.0,3358.0,3234.0,0.0,8270.0,8270.0,2366.0,868.0,2361.0,997.0
1.0,7900.0,1964.0,3235.0,0.0,10239.0,10239.0,2366.0,869.0,0.0,1964.0
1.0,5936.0,2890.0,3290.0,4857.0,8547.0,8547.0,2366.0,924.0,0.0,2890.0
1.0,7903.0,2856.0,3325.0,8270.0,3308.0,3308.0,2346.0,979.0,0.0,2856.0
1.0,13317.0,1856.0,3298.0,10239.0,0.0,0.0,2283.0,1015.0,0.0,1856.0
1.0,21700.0,0.0,3192.0,8547.0,0.0,0.0,2177.0,1015.0,0.0,0.0
1.0,30247.0,1135.0,3086.0,3308.0,0.0,0.0,2071.0,1015.0,1135.0,0.0
1.0,32420.0,3389.0,3042.0,0.0,0.0,0.0,2027.0,1015.0,3389.0,0.0
1.0,29031.0,5650.0,3086.0,0.0,0.0,0.0,2090.0,996.0,5650.0,0.0
1.0,23381.0,6773.0,3178.0,0.0,0.0,0.0,2220.0,958.0,6773.0,0.0
1.0,16608.0,5707.0,3233.0,0.0,5264.0,5264.0,2329.0,904.0,5648.0,59.0
1.0,10901.0,3291.0,3241.0,0.0,8595.0,8595.0,2372.0,869.0,2258.0,1033.0
1.0,7610.0,2002.0,3244.0,0.0,10612.0,10612.0,2372.0,872.0,0.0,2002.0
1.0,5608.0,2913.0,3300.0,5264.0,8541.0,8541.0,2372.0,928.0,0.0,2913.0
1.0,7959.0,2850.0,3334.0,8595.0,2966.0,2966.0,2351.0,983.0,0.0,2850.0
1.0,13704.0,1819.0,3305.0,10612.0,0.0,0.0,2287.0,1018.0,0.0,1819.0
1.0,22497.0,0.0,3197.0,8541.0,0.0,0.0,2179.0,1018.0,0.0,0.0
1.0,31038.0,1177.0,3091.0,2966.0,0.0,0.0,2073.0,1018.0,1177.0,0.0
1.0,32827.0,3443.0,3047.0,0.0,0.0,0.0,2030.0,1017.0,3443.0,0.0
1.0,29384.0,5714.0,3093.0,0.0,0.0,0.0,2096.0,997.0,5714.0,0.0
1.0,23670.0,6802.0,3187.0,0.0,0.0,0.0,2227.0,960.0,6802.0,0.0
1.0,16868.0,5702.0,3241.0,0.0,5039.0,5039.0,2335.0,906.0,5629.0,73.0
1.0,11166.0,3224.0,3248.0,0.0,8298.0,8298.0,2377.0,871.0,2180.0,1044.0
1.0,7942.0,2014.0,3251.0,0.0,10327.0,10327.0,2377.0,874.0,0.0,2014.0
1.0,5928.0,2911.0,3307.0,5039.0,8479.0,8479.0,2377.0,930.0,0.0,2911.0
1.0,8056.0,2837.0,3341.0,8298.0,3188.0,3188.0,2356.0,985.0,0.0,2837.0
1.0,13517.0,1798.0,3312.0,10327.0,0.0,0.0,2292.0,1020.0,0.0,1798.0
1.0,22046.0,0.0,3205.0,8479.0,0.0,0.0,2185.0,1020.0,0.0,0.0
1.0,30525.0,1157.0,3098.0,3188.0,0.0,0.0,2078.0,1020.0,1157.0,0.0
1.0,32556.0,3416.0,3055.0,0.0,0.0,0.0,2036.0,1019.0,3416.0,0.0
1.0,29140.0,5679.0,3101.0,0.0,0.0,0.0,2101.0,1000.0,5679.0,0.0
1.0,23461.0,6779.0,3193.0,0.0,0.0,0.0,2231.0,962.0,6779.0,0.0
1.0,16682.0,5690.0,3247.0,0.0,5243.0,5243.0,2339.0,908.0,5624.0,66.0
1.0,10992.0,3234.0,3256.0,0.0,8522.0,8522.0,2382.0,874.0,2201.0,1033.0
1.0,7758.0,2000.0,3259.0,0.0,10537.0,10537.0,2382.0,877.0,0.0,2000.0
1.0,5758.0,2900.0,3314.0,5243.0,8469.0,8469.0,2382.0,932.0,0.0,2900.0
1.0,8101.0,2838.0,3348.0,8522.0,2955.0,2955.0,2361.0,987.0,0.0,2838.0
1.0,13785.0,1804.0,3320.0,10537.0,0.0,0.0,2298.0,1022.0,0.0,1804.0
1.0,22518.0,0.0,3214.0,8469.0,0.0,0.0,2192.0,1022.0,0.0,0.0
1.0,30987.0,1134.0,3107.0,2955.0,0.0,0.0,2085.0,1022.0,1134.0,0.0
1.0,32808.0,3387.0,3063.0,0.0,0.0,0.0,2042.0,1021.0,3387.0,0.0
1.0,29421.0,5645.0,3107.0,0.0,0.0,0.0,2105.0,1002.0,5645.0,0.0
1.0,23776.0,6765.0,3200.0,0.0,0.0,0.0,2235.0,965.0,6765.0,0.0
1.0,17011.0,5700.0,3254.0,0.0,4959.0,4959.0,2343.0,911.0,5637.0,63.0
1.0,11311.0,3276.0,3263.0,0.0,8280.0,8280.0,2387.0,876.0,2247.0,1029.0
1.0,8035.0,1996.0,3265.0,0.0,10286.0,10286.0,2387.0,878.0,0.0,1996.0
1.0,6039.0,2905.0,3321.0,4959.0,8512.0,8512.0,2387.0,934.0,0.0,2905.0
1.0,8093.0,2844.0,3355.0,8280.0,3246.0,3246.0,2366.0,989.0,0.0,2844.0
1.0,13529.0,1816.0,3327.0,10286.0,0.0,0.0,2303.0,1024.0,0.0,1816.0
1.0,21999.0,0.0,3220.0,8512.0,0.0,0.0,2196.0,1024.0,0.0,0.0
1.0,30511.0,1168.0,3113.0,3246.0,0.0,0.0,2089.0,1024.0,1168.0,0.0
1.0,32589.0,3437.0,3070.0,0.0,0.0,0.0,2047.0,1023.0,3437.0,0.0
1.0,29152.0,5703.0,3115.0,0.0,0.0,0.0,2111.0,1004.0,5703.0,0.0
1.0,23449.0,6808.0,3208.0,0.0,0.0,0.0,2242.0,966.0,6808.0,0.0
1.0,16641.0,5722.0,3262.0,0.0,5391.0,5391.0,2350.0,912.0,5641.0,81.0
1.0,10919.0,3269.0,3271.0,0.0,8705.0,8705.0,2393.0,878.0,2214.0,1055.0
1.0,7650.0,2034.0,3274.0,0.0,10754.0,10754.0,2393.0,881.0,0.0,2034.0
1.0,5616.0,2928.0,3330.0,5391.0,8571.0,8571.0,2393.0,937.0,0.0,2928.0
1.0,8079.0,2849.0,3363.0,8705.0,2880.0,2880.0,2371.0,992.0,0.0,2849.0
1.0,13935.0,1792.0,3333.0,10754.0,0.0,0.0,2306.0,1027.0,0.0,1792.0
1.0,22897.0,0.0,3224.0,8571.0,0.0,0.0,2197.0,1027.0,0.0,0.0
1.0,31468.0,1227.0,3118.0,2880.0,0.0,0.0,2091.0,1027.0,1227.0,0.0
1.0,33121.0,3515.0,3076.0,0.0,0.0,0.0,2050.0,1026.0,3515.0,0.0
1.0,29606.0,5800.0,3124.0,0.0,0.0,0.0,2118.0,1006.0,5800.0,0.0
1.0,23806.0,6864.0,3217.0,0.0,0.0,0.0,2250.0,967.0,6864.0,0.0
1.0,16942.0,5737.0,3271.0,0.0,5150.0,5150.0,2358.0,913.0,5636.0,101.0
1.0,11205.0,3216.0,3278.0,0.0,8401.0,8401.0,2399.0,879.0,2129.0,1087.0
1.0,7989.0,2068.0,3283.0,0.0,10494.0,10494.0,2399.0,884.0,0.0,2068.0
1.0,5921.0,2948.0,3340.0,5150.0,8577.0,8577.0,2399.0,941.0,0.0,2948.0
1.0,8123.0,2842.0,3372.0,8401.0,3178.0,3178.0,2377.0,995.0,0.0,2842.0
1.0,13682.0,1755.0,3339.0,10494.0,0.0,0.0,2310.0,1029.0,0.0,1755.0
1.0,22421.0,0.0,3229.0,8577.0,0.0,0.0,2200.0,1029.0,0.0,0.0
1.0,30998.0,1248.0,3123.0,3178.0,0.0,0.0,2094.0,1029.0,1248.0,0.0
1.0,32928.0,3542.0,3082.0,0.0,0.0,0.0,2054.0,1028.0,3542.0,0.0
1.0,29386.0,5831.0,3132.0,0.0,0.0,0.0,2124.0,1008.0,5831.0,0.0
1.0,23555.0,6876.0,3225.0,0.0,0.0,0.0,2256.0,969.0,6876.0,0.0
1.0,16679.0,5728.0,3279.0,0.0,5444.0,5444.0,2364.0,915.0,5622.0,106.0
1.0,10951.0,3169.0,3285.0,0.0,8643.0,8643.0,2404.0,881.0,2083.0,1086.0
1.0,7782.0,2066.0,3290.0,0.0,10734.0,10734.0,2404.0,886.0,0.0,2066.0
1.0,5716.0,2940.0,3347.0,5444.0,8515.0,8515.0,2404.0,943.0,0.0,2940.0
1.0,8220.0,2833.0,3379.0,8643.0,2865.0,2865.0,2382.0,997.0,0.0,2833.0
1.0,14030.0,1751.0,3347.0,10734.0,0.0,0.0,2316.0,1031.0,0.0,1751.0
1.0,23013.0,0.0,3238.0,8515.0,0.0,0.0,2207.0,1031.0,0.0,0.0
1.0,31528.0,1221.0,3131.0,2865.0,0.0,0.0,2100.0,1031.0,1221.0,0.0
1.0,33172.0,3502.0,3089.0,0.0,0.0,0.0,2059.0,1030.0,3502.0,0.0
1.0,29670.0,5787.0,3138.0,0.0,0.0,0.0,2128.0,1010.0,5787.0,0.0
1.0,23883.0,6845.0,3231.0,0.0,0.0,0.0,2260.0,971.0,6845.0,0.0
1.0,17038.0,5719.0,3286.0,0.0,5111.0,5111.0,2368.0,918.0,5622.0,97.0
1.0,11319.0,3191.0,3293.0,0.0,8337.0,8337.0,2409.0,884.0,2118.0,1073.0
1.0,8128.0,2049.0,3297.0,0.0,10406.0,10406.0,2409.0,888.0,0.0,2049.0
1.0,6079.0,2928.0,3354.0,5111.0,8508.0,8508.0,2409.0,945.0,0.0,2928.0
1.0,8262.0,2836.0,3386.0,8337.0,3167.0,3167.0,2387.0,999.0,0.0,2836.0
1.0,13763.0,1763.0,3355.0,10406.0,0.0,0.0,2322.0,1033.0,0.0,1763.0
1.0,22406.0,0.0,3246.0,8508.0,0.0,0.0,2213.0,1033.0,0.0,0.0
1.0,30914.0,1212.0,3139.0,3167.0,0.0,0.0,2106.0,1033.0,1212.0,0.0
1.0,32869.0,3490.0,3097.0,0.0,0.0,0.0,2065.0,1032.0,3490.0,0.0
1.0,29379.0,5774.0,3145.0,0.0,0.0,0.0,2133.0,1012.0,5774.0,0.0
1.0,23605.0,6842.0,3239.0,0.0,0.0,0.0,2265.0,974.0,6842.0,0.0
1.0,16763.0,5740.0,3293.0,0.0,5442.0,5442.0,2373.0,920.0,5638.0,102.0
1.0,11023.0,3226.0,3300.0,0.0,8703.0,8703.0,2414.0,886.0,2146.0,1080.0
1.0,7797.0,2059.0,3305.0,0.0,10787.0,10787.0,2414.0,891.0,0.0,2059.0
1.0,5738.0,2941.0,3361.0,5442.0,8566.0,8566.0,2414.0,947.0,0.0,2941.0
1.0,8239.0,2841.0,3394.0,8703.0,2869.0,2869.0,2392.0,1002.0,0.0,2841.0
1.0,14101.0,1763.0,3362.0,10787.0,0.0,0.0,2326.0,1036.0,0.0,1763.0
1.0,23125.0,0.0,3252.0,8566.0,0.0,0.0,2216.0,1036.0,0.0,0.0
1.0,31691.0,1261.0,3145.0,2869.0,0.0,0.0,2109.0,1036.0,1261.0,0.0
1.0,33299.0,3555.0,3103.0,0.0,0.0,0.0,2069.0,1034.0,3555.0,0.0
1.0,29744.0,5856.0,3153.0,0.0,0.0,0.0,2139.0,1014.0,5856.0,0.0
1.0,23888.0,6893.0,3247.0,0.0,0.0,0.0,2272.0,975.0,6893.0,0.0
1.0,16995.0,5767.0,3301.0,0.0,5277.0,5277.0,2380.0,921.0,5642.0,125.0
1.0,11228.0,3198.0,3307.0,0.0,8505.0,8505.0,2420.0,887.0,2087.0,1111.0
1.0,8030.0,2103.0,3313.0,0.0,10638.0,10638.0,2420.0,893.0,0.0,2103.0
1.0,5927.0,2966.0,3370.0,5277.0,8612.0,8612.0,2420.0,950.0,0.0,2966.0
1.0,8238.0,2843.0,3402.0,8505.0,3110.0,3110.0,2397.0,1005.0,0.0,2843.0
1.0,13900.0,1729.0,3367.0,10638.0,0.0,0.0,2329.0,1038.0,0.0,1729.0
1.0,22809.0,0.0,3256.0,8612.0,0.0,0.0,2218.0,1038.0,0.0,0.0
1.0,31421.0,1321.0,3149.0,3110.0,0.0,0.0,2111.0,1038.0,1321.0,0.0
1.0,33210.0,3632.0,3109.0,0.0,0.0,0.0,2073.0,1036.0,3632.0,0.0
1.0,29578.0,5949.0,3161.0,0.0,0.0,0.0,2146.0,1015.0,5949.0,0.0
1.0,23629.0,6941.0,3256.0,0.0,0.0,0.0,2280.0,976.0,6941.0,0.0
1.0,16688.0,5768.0,3310.0,0.0,5630.0,5630.0,2388.0,922.0,5627.0,141.0
1.0,10920.0,3130.0,3315.0,0.0,8785.0,8785.0,2426.0,889.0,1992.0,1138.0
1.0,7790.0,2130.0,3322.0,0.0,10950.0,10950.0,2426.0,896.0,0.0,2130.0
1.0,5660.0,2981.0,3379.0,5630.0,8586.0,8586.0,2426.0,953.0,0.0,2981.0
1.0,8309.0,2835.0,3410.0,8785.0,2791.0,2791.0,2402.0,1008.0,0.0,2835.0
1.0,14259.0,1697.0,3375.0,10950.0,0.0,0.0,2334.0,1041.0,0.0,1697.0
1.0,23512.0,0.0,3263.0,8586.0,0.0,0.0,2222.0,1041.0,0.0,0.0
1.0,32098.0,1329.0,3156.0,2791.0,0.0,0.0,2115.0,1041.0,1329.0,0.0
1.0,33560.0,3646.0,3116.0,0.0,0.0,0.0,2077.0,1039.0,3646.0,0.0
1.0,29914.0,5957.0,3170.0,0.0,0.0,0.0,2152.0,1018.0,5957.0,0.0
1.0,23957.0,6939.0,3263.0,0.0,0.0,0.0,2285.0,978.0,6939.0,0.0
1.0,17018.0,5746.0,3317.0,0.0,5313.0,5313.0,2393.0,924.0,5608.0,138.0
1.0,11272.0,3088.0,3322.0,0.0,8426.0,8426.0,2431.0,891.0,1960.0,1128.0
1.0,8184.0,2117.0,3329.0,0.0,10578.0,10578.0,2431.0,898.0,0.0,2117.0
1.0,6067.0,2968.0,3386.0,5313.0,8518.0,8518.0,2431.0,955.0,0.0,2968.0
1.0,8412.0,2828.0,3417.0,8426.0,3075.0,3075.0,2407.0,1010.0,0.0,2828.0
1.0,14010.0,1704.0,3383.0,10578.0,0.0,0.0,2340.0,1043.0,0.0,1704.0
1.0,22884.0,0.0,3271.0,8518.0,0.0,0.0,2228.0,1043.0,0.0,0.0
1.0,31402.0,1302.0,3165.0,3075.0,0.0,0.0,2122.0,1043.0,1302.0,0.0
1.0,33175.0,3610.0,3124.0,0.0,0.0,0.0,2083.0,1041.0,3610.0,0.0
1.0,29565.0,5912.0,3176.0,0.0,0.0,0.0,2156.0,1020.0,5912.0,0.0
1.0,23653.0,6917.0,3270.0,0.0,0.0,0.0,2289.0,981.0,6917.0,0.0
1.0,16736.0,5741.0,3324.0,0.0,5625.0,5625.0,2397.0,927.0,5609.0,132.0
1.0,10995.0,3122.0,3330.0,0.0,8777.0,8777.0,2436.0,894.0,2004.0,1118.0
1.0,7873.0,2104.0,3336.0,0.0,10911.0,10911.0,2436.0,900.0,0.0,2104.0
1.0,5769.0,2959.0,3393.0,5625.0,8530.0,8530.0,2436.0,957.0,0.0,2959.0
1.0,8435.0,2833.0,3424.0,8777.0,2741.0,2741.0,2412.0,1012.0,0.0,2833.0
1.0,14379.0,1716.0,3390.0,10911.0,0.0,0.0,2345.0,1045.0,0.0,1716.0
1.0,23574.0,0.0,3279.0,8530.0,0.0,0.0,2234.0,1045.0,0.0,0.0
1.0,32104.0,1300.0,3173.0,2741.0,0.0,0.0,2128.0,1045.0,1300.0,0.0
1.0,33545.0,3610.0,3132.0,0.0,0.0,0.0,2089.0,1043.0,3610.0,0.0
1.0,29935.0,5917.0,3183.0,0.0,0.0,0.0,2161.0,1022.0,5917.0,0.0
1.0,24018.0,6930.0,3276.0,0.0,0.0,0.0,2294.0,982.0,6930.0,0.0
1.0,17088.0,5773.0,3332.0,0.0,5345.0,5345.0,2403.0,929.0,5629.0,144.0
1.0,11315.0,3163.0,3338.0,0.0,8538.0,8538.0,2442.0,896.0,2028.0,1135.0
1.0,8152.0,2126.0,3345.0,0.0,10699.0,10699.0,2442.0,903.0,0.0,2126.0
1.0,6026.0,2979.0,3402.0,5345.0,8618.0,8618.0,2442.0,960.0,0.0,2979.0
1.0,8392.0,2837.0,3432.0,8538.0,3067.0,3067.0,2417.0,1015.0,0.0,2837.0
1.0,14093.0,1705.0,3397.0,10699.0,0.0,0.0,2349.0,1048.0,0.0,1705.0
1.0,23087.0,0.0,3284.0,8618.0,0.0,0.0,2236.0,1048.0,0.0,0.0
1.0,31705.0,1359.0,3178.0,3067.0,0.0,0.0,2130.0,1048.0,1359.0,0.0
1.0,33413.0,3683.0,3137.0,0.0,0.0,0.0,2092.0,1045.0,3683.0,0.0
1.0,29730.0,6009.0,3192.0,0.0,0.0,0.0,2168.0,1024.0,6009.0,0.0
1.0,23721.0,6982.0,3285.0,0.0,0.0,0.0,2302.0,983.0,6982.0,0.0
1.0,16739.0,5794.0,3339.0,0.0,5750.0,5750.0,2410.0,929.0,5628.0,166.0
1.0,10945.0,3119.0,3345.0,0.0,8899.0,8899.0,2448.0,897.0,1954.0,1165.0
1.0,7826.0,2169.0,3354.0,0.0,11113.0,11113.0,2448.0,906.0,0.0,2169.0
1.0,5657.0,3003.0,3411.0,5750.0,8651.0,8651.0,2448.0,963.0,0.0,3003.0
1.0,8404.0,2839.0,3440.0,8899.0,2736.0,2736.0,2422.0,1018.0,0.0,2839.0
1.0,14464.0,1671.0,3403.0,11113.0,0.0,0.0,2353.0,1050.0,0.0,1671.0
1.0,23906.0,0.0,3288.0,8651.0,0.0,0.0,2238.0,1050.0,0.0,0.0
1.0,32557.0,1413.0,3182.0,2736.0,0.0,0.0,2132.0,1050.0,1413.0,0.0
1.0,33880.0,3751.0,3143.0,0.0,0.0,0.0,2096.0,1047.0,3751.0,0.0
1.0,30129.0,6094.0,3201.0,0.0,0.0,0.0,2175.0,1026.0,6094.0,0.0
1.0,24035.0,7019.0,3295.0,0.0,0.0,0.0,2310.0,985.0,7019.0,0.0
1.0,17016.0,5785.0,3349.0,0.0,5514.0,5514.0,2418.0,931.0,5611.0,174.0
1.0,11231.0,3036.0,3352.0,0.0,8565.0,8565.0,2453.0,899.0,1855.0,1181.0
1.0,8195.0,2183.0,3361.0,0.0,10793.0,10793.0,2453.0,908.0,0.0,2183.0
1.0,6012.0,3011.0,3419.0,5514.0,8580.0,8580.0,2453.0,966.0,0.0,3011.0
1.0,8515.0,2832.0,3448.0,8565.0,2992.0,2992.0,2428.0,1020.0,0.0,2832.0
1.0,14248.0,1650.0,3410.0,10793.0,0.0,0.0,2358.0,1052.0,0.0,1650.0
1.0,23391.0,0.0,3295.0,8580.0,0.0,0.0,2243.0,1052.0,0.0,0.0
1.0,31971.0,1404.0,3188.0,2992.0,0.0,0.0,2136.0,1052.0,1404.0,0.0
1.0,33559.0,3738.0,3151.0,0.0,0.0,0.0,2101.0,1050.0,3738.0,0.0
1.0,29821.0,6076.0,3208.0,0.0,0.0,0.0,2180.0,1028.0,6076.0,0.0
1.0,23745.0,7004.0,3301.0,0.0,0.0,0.0,2314.0,987.0,7004.0,0.0
1.0,16741.0,5770.0,3355.0,0.0,5804.0,5804.0,2422.0,933.0,5602.0,168.0
1.0,10971.0,3023.0,3359.0,0.0,8847.0,8847.0,2458.0,901.0,1856.0,1167.0
1.0,7948.0,2165.0,3368.0,0.0,11057.0,11057.0,2458.0,910.0,0.0,2165.0
1.0,5783.0,2995.0,3426.0,5804.0,8538.0,8538.0,2458.0,968.0,0.0,2995.0
1.0,8592.0,2826.0,3455.0,8847.0,2662.0,2662.0,2433.0,1022.0,0.0,2826.0
1.0,14613.0,1663.0,3417.0,11057.0,0.0,0.0,2363.0,1054.0,0.0,1663.0
1.0,24007.0,0.0,3304.0,8538.0,0.0,0.0,2250.0,1054.0,0.0,0.0
1.0,32545.0,1375.0,3197.0,2662.0,0.0,0.0,2143.0,1054.0,1375.0,0.0
1.0,33832.0,3701.0,3158.0,0.0,0.0,0.0,2106.0,1052.0,3701.0,0.0
1.0,30131.0,6032.0,3214.0,0.0,0.0,0.0,2184.0,1030.0,6032.0,0.0
1.0,24099.0,6983.0,3308.0,0.0,0.0,0.0,2318.0,990.0,6983.0,0.0
1.0,17116.0,5779.0,3362.0,0.0,5473.0,5473.0,2426.0,936.0,5613.0,166.0
1.0,11337.0,3070.0,3367.0,0.0,8568.0,8568.0,2463.0,904.0,1907.0,1163.0
1.0,8267.0,2160.0,3375.0,0.0,10768.0,10768.0,2463.0,912.0,0.0,2160.0
1.0,6107.0,2992.0,3433.0,5473.0,8577.0,8577.0,2463.0,970.0,0.0,2992.0
1.0,8588.0,2832.0,3462.0,8568.0,2986.0,2986.0,2438.0,1024.0,0.0,2832.0
1.0,14324.0,1671.0,3424.0,10768.0,0.0,0.0,2368.0,1056.0,0.0,1671.0
1.0,23421.0,0.0,3311.0,8577.0,0.0,0.0,2255.0,1056.0,0.0,0.0
1.0,31998.0,1396.0,3204.0,2986.0,0.0,0.0,2148.0,1056.0,1396.0,0.0
1.0,33588.0,3735.0,3166.0,0.0,0.0,0.0,2112.0,1054.0,3735.0,0.0
1.0,29853.0,6070.0,3221.0,0.0,0.0,0.0,2189.0,1032.0,6070.0,0.0
1.0,23783.0,7011.0,3315.0,0.0,0.0,0.0,2324.0,991.0,7011.0,0.0
1.0,16772.0,5805.0,3369.0,0.0,5878.0,5878.0,2432.0,937.0,5620.0,185.0
1.0,10967.0,3078.0,3375.0,0.0,8986.0,8986.0,2469.0,906.0,1890.0,1188.0
1.0,7889.0,2192.0,3384.0,0.0,11223.0,11223.0,2469.0,915.0,0.0,2192.0
1.0,5697.0,3017.0,3442.0,5878.0,8652.0,8652.0,2469.0,973.0,0.0,3017.0
1.0,8558.0,2835.0,3470.0,8986.0,2641.0,2641.0,2443.0,1027.0,0.0,2835.0
1.0,14709.0,1649.0,3431.0,11223.0,0.0,0.0,2372.0,1059.0,0.0,1649.0
1.0,24283.0,0.0,3315.0,8652.0,0.0,0.0,2256.0,1059.0,0.0,0.0
1.0,32935.0,1465.0,3209.0,2641.0,0.0,0.0,2150.0,1059.0,1465.0,0.0
1.0,34111.0,3823.0,3171.0,0.0,0.0,0.0,2115.0,1056.0,3823.0,0.0
1.0,30288.0,6178.0,3231.0,0.0,0.0,0.0,2197.0,1034.0,6178.0,0.0
1.0,24110.0,7074.0,3325.0,0.0,0.0,0.0,2333.0,992.0,7074.0,0.0
1.0,17036.0,5814.0,3378.0,0.0,5668.0,5668.0,2440.0,938.0,5608.0,206.0
1.0,11222.0,3006.0,3382.0,0.0,8694.0,8694.0,2475.0,907.0,1789.0,1217.0
1.0,8216.0,2233.0,3393.0,0.0,10982.0,10982.0,2475.0,918.0,0.0,2233.0
1.0,5983.0,3039.0,3451.0,5668.0,8643.0,8643.0,2475.0,976.0,0.0,3039.0
1.0,8612.0,2834.0,3479.0,8694.0,2923.0,2923.0,2448.0,1031.0,0.0,2834.0
1.0,14472.0,1613.0,3438.0,10982.0,0.0,0.0,2376.0,1062.0,0.0,1613.0
1.0,23841.0,0.0,3320.0,8643.0,0.0,0.0,2258.0,1062.0,0.0,0.0
1.0,32484.0,1502.0,3214.0,2923.0,0.0,0.0,2152.0,1062.0,1502.0,0.0
1.0,33905.0,3870.0,3177.0,0.0,0.0,0.0,2119.0,1058.0,3870.0,0.0
1.0,30035.0,6232.0,3239.0,0.0,0.0,0.0,2203.0,1036.0,6232.0,0.0
1.0,23803.0,7097.0,3333.0,0.0,0.0,0.0,2339.0,994.0,7097.0,0.0
1.0,16706.0,5797.0,3387.0,0.0,6026.0,6026.0,2447.0,940.0,5589.0,208.0
1.0,10909.0,2948.0,3389.0,0.0,8984.0,8984.0,2480.0,909.0,1723.0,1225.0
1.0,7961.0,2237.0,3400.0,0.0,11276.0,11276.0,2480.0,920.0,0.0,2237.0
1.0,5724.0,3040.0,3459.0,6026.0,8585.0,8585.0,2480.0,979.0,0.0,3040.0
1.0,8710.0,2826.0,3486.0,8984.0,2562.0,2562.0,2453.0,1033.0,0.0,2826.0
1.0,14868.0,1600.0,3445.0,11276.0,0.0,0.0,2381.0,1064.0,0.0,1600.0
1.0,24544.0,0.0,3328.0,8585.0,0.0,0.0,2264.0,1064.0,0.0,0.0
1.0,33129.0,1475.0,3222.0,2562.0,0.0,0.0,2158.0,1064.0,1475.0,0.0
1.0,34216.0,3835.0,3184.0,0.0,0.0,0.0,2124.0,1060.0,3835.0,0.0
1.0,30381.0,6189.0,3245.0,0.0,0.0,0.0,2207.0,1038.0,6189.0,0.0
1.0,24192.0,7073.0,3339.0,0.0,0.0,0.0,2343.0,996.0,7073.0,0.0
1.0,17119.0,5791.0,3394.0,0.0,5642.0,5642.0,2451.0,943.0,5591.0,200.0
1.0,11328.0,2967.0,3397.0,0.0,8624.0,8624.0,2485.0,912.0,1759.0,1208.0
1.0,8361.0,2216.0,3407.0,0.0,10890.0,10890.0,2485.0,922.0,0.0,2216.0
1.0,6145.0,3024.0,3465.0,5642.0,8562.0,8562.0,2485.0,980.0,0.0,3024.0
1.0,8763.0,2823.0,3493.0,8624.0,2901.0,2901.0,2458.0,1035.0,0.0,2823.0
1.0,14564.0,1619.0,3453.0,10890.0,0.0,0.0,2387.0,1066.0,0.0,1619.0
1.0,23835.0,0.0,3337.0,8562.0,0.0,0.0,2271.0,1066.0,0.0,0.0
1.0,32397.0,1453.0,3231.0,2901.0,0.0,0.0,2165.0,1066.0,1453.0,0.0
1.0,33845.0,3803.0,3193.0,0.0,0.0,0.0,2130.0,1063.0,3803.0,0.0
1.0,30042.0,6154.0,3252.0,0.0,0.0,0.0,2212.0,1040.0,6154.0,0.0
1.0,23888.0,7057.0,3346.0,0.0,0.0,0.0,2347.0,999.0,7057.0,0.0
1.0,16831.0,5809.0,3400.0,0.0,5978.0,5978.0,2455.0,945.0,5606.0,203.0
1.0,11022.0,3021.0,3404.0,0.0,9019.0,9019.0,2490.0,914.0,1810.0,1211.0
1.0,8001.0,2220.0,3414.0,0.0,11289.0,11289.0,2490.0,924.0,0.0,2220.0
1.0,5781.0,3026.0,3473.0,5978.0,8632.0,8632.0,2490.0,983.0,0.0,3026.0
1.0,8733.0,2830.0,3500.0,9019.0,2578.0,2578.0,2463.0,1037.0,0.0,2830.0
1.0,14922.0,1621.0,3459.0,11289.0,0.0,0.0,2391.0,1068.0,0.0,1621.0
1.0,24590.0,0.0,3343.0,8632.0,0.0,0.0,2275.0,1068.0,0.0,0.0
1.0,33222.0,1497.0,3236.0,2578.0,0.0,0.0,2168.0,1068.0,1497.0,0.0
1.0,34303.0,3860.0,3200.0,0.0,0.0,0.0,2135.0,1065.0,3860.0,0.0
1.0,30443.0,6230.0,3260.0,0.0,0.0,0.0,2218.0,1042.0,6230.0,0.0
1.0,24213.0,7100.0,3355.0,0.0,0.0,0.0,2355.0,1000.0,7100.0,0.0
1.0,17113.0,5841.0,3409.0,0.0,5773.0,5773.0,2463.0,946.0,5613.0,228.0
1.0,11272.0,2997.0,3411.0,0.0,8780.0,8780.0,2496.0,915.0,1753.0,1244.0
1.0,8275.0,2261.0,3423.0,0.0,11101.0,11101.0,2496.0,927.0,0.0,2261.0
1.0,6014.0,3056.0,3482.0,5773.0,8679.0,8679.0,2496.0,986.0,0.0,3056.0
1.0,8731.0,2830.0,3508.0,8780.0,2859.0,2859.0,2468.0,1040.0,0.0,2830.0
1.0,14681.0,1588.0,3466.0,11101.0,0.0,0.0,2395.0,1071.0,0.0,1588.0
1.0,24194.0,0.0,3347.0,8679.0,0.0,0.0,2276.0,1071.0,0.0,0.0
1.0,32873.0,1560.0,3241.0,2859.0,0.0,0.0,2170.0,1071.0,1560.0,0.0
1.0,34172.0,3942.0,3205.0,0.0,0.0,0.0,2138.0,1067.0,3942.0,0.0
1.0,30230.0,6330.0,3269.0,0.0,0.0,0.0,2225.0,1044.0,6330.0,0.0
1.0,23900.0,7154.0,3364.0,0.0,74.0,74.0,2363.0,1001.0,7154.0,0.0
1.0,16746.0,5847.0,3417.0,0.0,6186.0,6186.0,2470.0,947.0,5602.0,245.0
1.0,10899.0,2926.0,3419.0,0.0,9122.0,9122.0,2502.0,917.0,1658.0,1268.0
1.0,7973.0,2296.0,3432.0,74.0,11409.0,11409.0,2502.0,930.0,0.0,2296.0
1.0,5751.0,3074.0,3491.0,6186.0,8592.0,8592.0,2502.0,989.0,0.0,3074.0
1.0,8863.0,2829.0,3516.0,9122.0,2424.0,2424.0,2473.0,1043.0,0.0,2829.0
1.0,15156.0,1556.0,3472.0,11409.0,0.0,0.0,2399.0,1073.0,0.0,1556.0
1.0,25009.0,0.0,3352.0,8592.0,0.0,0.0,2279.0,1073.0,0.0,0.0
1.0,33601.0,1579.0,3246.0,2424.0,0.0,0.0,2173.0,1073.0,1579.0,0.0
1.0,34446.0,3965.0,3211.0,0.0,0.0,0.0,2142.0,1069.0,3965.0,0.0
1.0,30481.0,6355.0,3277.0,0.0,0.0,0.0,2231.0,1046.0,6355.0,0.0
1.0,24126.0,7161.0,3372.0,0.0,0.0,0.0,2369.0,1003.0,7161.0,0.0
1.0,16965.0,5822.0,3425.0,0.0,5982.0,5982.0,2476.0,949.0,5585.0,237.0
1.0,11143.0,2877.0,3426.0,0.0,8864.0,8864.0,2507.0,919.0,1613.0,1264.0
1.0,8266.0,2285.0,3439.0,0.0,11214.0,11214.0,2507.0,932.0,0.0,2285.0
1.0,5981.0,3069.0,3498.0,5982.0,8596.0,8596.0,2507.0,991.0,0.0,3069.0
1.0,8894.0,2825.0,3524.0,8864.0,2687.0,2687.0,2479.0,1045.0,0.0,2825.0
1.0,14933.0,1560.0,3480.0,11214.0,0.0,0.0,2405.0,1075.0,0.0,1560.0
1.0,24587.0,0.0,3361.0,8596.0,0.0,0.0,2286.0,1075.0,0.0,0.0
1.0,33183.0,1551.0,3255.0,2687.0,0.0,0.0,2180.0,1075.0,1551.0,0.0
1.0,34319.0,3933.0,3219.0,0.0,0.0,0.0,2148.0,1071.0,3933.0,0.0
1.0,30386.0,6309.0,3283.0,0.0,0.0,0.0,2235.0,1048.0,6309.0,0.0
1.0,24077.0,7139.0,3379.0,0.0,0.0,0.0,2373.0,1006.0,7139.0,0.0
1.0,16938.0,5810.0,3432.0,0.0,6032.0,6032.0,2480.0,952.0,5581.0,229.0
1.0,11128.0,2894.0,3434.0,0.0,8936.0,8936.0,2512.0,922.0,1647.0,1247.0
1.0,8234.0,2265.0,3446.0,0.0,11261.0,11261.0,2512.0,934.0,0.0,2265.0
1.0,5969.0,3054.0,3505.0,6032.0,8578.0,8578.0,2512.0,993.0,0.0,3054.0
1.0,8947.0,2830.0,3531.0,8936.0,2602.0,2602.0,2484.0,1047.0,0.0,2830.0
1.0,15053.0,1583.0,3488.0,11261.0,0.0,0.0,2410.0,1078.0,0.0,1583.0
1.0,24731.0,0.0,3370.0,8578.0,0.0,0.0,2292.0,1078.0,0.0,0.0
1.0,33309.0,1543.0,3264.0,2602.0,0.0,0.0,2186.0,1078.0,1543.0,0.0
1.0,34368.0,3924.0,3228.0,0.0,0.0,0.0,2154.0,1074.0,3924.0,0.0
1.0,30444.0,6301.0,3290.0,0.0,0.0,0.0,2240.0,1050.0,6301.0,0.0
1.0,24143.0,7141.0,3385.0,0.0,0.0,0.0,2377.0,1008.0,7141.0,0.0
1.0,17002.0,5829.0,3439.0,0.0,6022.0,6022.0,2485.0,954.0,5596.0,233.0
1.0,11173.0,2934.0,3441.0,0.0,8966.0,8966.0,2517.0,924.0,1681.0,1253.0
1.0,8239.0,2274.0,3453.0,0.0,11300.0,11300.0,2517.0,936.0,0.0,2274.0
1.0,5965.0,3068.0,3512.0,6022.0,8641.0,8641.0,2517.0,995.0,0.0,3068.0
1.0,8919.0,2837.0,3539.0,8966.0,2647.0,2647.0,2489.0,1050.0,0.0,2837.0
1.0,15048.0,1586.0,3494.0,11300.0,0.0,0.0,2414.0,1080.0,0.0,1586.0
1.0,24762.0,0.0,3375.0,8641.0,0.0,0.0,2295.0,1080.0,0.0,0.0
1.0,33403.0,1591.0,3269.0,2647.0,0.0,0.0,2189.0,1080.0,1591.0,0.0
1.0,34459.0,3989.0,3233.0,0.0,0.0,0.0,2157.0,1076.0,3989.0,0.0
1.0,30470.0,6384.0,3298.0,0.0,0.0,0.0,2246.0,1052.0,6384.0,0.0
1.0,24086.0,7194.0,3393.0,0.0,73.0,73.0,2385.0,1008.0,7194.0,0.0
1.0,16892.0,5859.0,3448.0,0.0,6207.0,6207.0,2493.0,955.0,5603.0,256.0
1.0,11033.0,2909.0,3449.0,0.0,9121.0,9121.0,2524.0,925.0,1624.0,1285.0
1.0,8124.0,2314.0,3463.0,73.0,11432.0,11432.0,2524.0,939.0,0.0,2314.0
1.0,5883.0,3093.0,3522.0,6207.0,8613.0,8613.0,2524.0,998.0,0.0,3093.0
1.0,8997.0,2839.0,3547.0,9121.0,2456.0,2456.0,2494.0,1053.0,0.0,2839.0
1.0,15279.0,1556.0,3501.0,11432.0,0.0,0.0,2418.0,1083.0,0.0,1556.0
1.0,25155.0,0.0,3379.0,8613.0,0.0,0.0,2296.0,1083.0,0.0,0.0
1.0,33768.0,1644.0,3273.0,2456.0,0.0,0.0,2190.0,1083.0,1644.0,0.0
1.0,34580.0,4058.0,3239.0,0.0,0.0,0.0,2161.0,1078.0,4058.0,0.0
1.0,30522.0,6468.0,3307.0,0.0,0.0,0.0,2253.0,1054.0,6468.0,0.0
1.0,24054.0,7239.0,3402.0,0.0,195.0,195.0,2392.0,1010.0,7239.0,0.0
1.0,16815.0,5861.0,3456.0,0.0,6326.0,6326.0,2500.0,956.0,5592.0,269.0
1.0,10954.0,2842.0,3455.0,0.0,9163.0,9163.0,2529.0,926.0,1540.0,1302.0
1.0,8112.0,2340.0,3470.0,195.0,11383.0,11383.0,2529.0,941.0,0.0,2340.0
1.0,5967.0,3104.0,3530.0,6326.0,8461.0,8461.0,2529.0,1001.0,0.0,3104.0
1.0,9189.0,2835.0,3555.0,9163.0,2258.0,2258.0,2499.0,1056.0,0.0,2835.0
1.0,15517.0,1528.0,3508.0,11383.0,0.0,0.0,2423.0,1085.0,0.0,1528.0
1.0,25372.0,0.0,3386.0,8461.0,0.0,0.0,2301.0,1085.0,0.0,0.0
1.0,33833.0,1646.0,3280.0,2258.0,0.0,0.0,2195.0,1085.0,1646.0,0.0
1.0,34445.0,4054.0,3245.0,0.0,0.0,0.0,2165.0,1080.0,4054.0,0.0
1.0,30391.0,6467.0,3314.0,0.0,0.0,0.0,2258.0,1056.0,6467.0,0.0
1.0,23924.0,7228.0,3409.0,0.0,349.0,349.0,2397.0,1012.0,7228.0,0.0
1.0,16696.0,5839.0,3463.0,0.0,6458.0,6458.0,2505.0,958.0,5580.0,259.0
1.0,10857.0,2818.0,3463.0,0.0,9276.0,9276.0,2534.0,929.0,1523.0,1295.0
1.0,8039.0,2325.0,3477.0,349.0,11322.0,11322.0,2534.0,943.0,0.0,2325.0
1.0,6063.0,3096.0,3537.0,6458.0,8260.0,8260.0,2534.0,1003.0,0.0,3096.0
1.0,9425.0,2831.0,3561.0,9276.0,1935.0,1935.0,2504.0,1057.0,0.0,2831.0
1.0,15870.0,1535.0,3516.0,11322.0,0.0,0.0,2429.0,1087.0,0.0,1535.0
1.0,25657.0,0.0,3394.0,8260.0,0.0,0.0,2307.0,1087.0,0.0,0.0
1.0,33917.0,1618.0,3288.0,1935.0,0.0,0.0,2201.0,1087.0,1618.0,0.0
1.0,34234.0,4017.0,3254.0,0.0,0.0,0.0,2171.0,1083.0,4017.0,0.0
1.0,30217.0,6421.0,3322.0,0.0,0.0,0.0,2263.0,1059.0,6421.0,0.0
1.0,23796.0,7202.0,3416.0,0.0,486.0,486.0,2401.0,1015.0,7202.0,0.0
1.0,16594.0,5842.0,3470.0,0.0,6598.0,6598.0,2509.0,961.0,5589.0,253.0
1.0,10752.0,2848.0,3470.0,0.0,9446.0,9446.0,2539.0,931.0,1567.0,1281.0
1.0,7904.0,2309.0,3484.0,486.0,11339.0,11339.0,2539.0,945.0,0.0,2309.0
1.0,6081.0,3084.0,3544.0,6598.0,8125.0,8125.0,2539.0,1005.0,0.0,3084.0
1.0,9595.0,2832.0,3568.0,9446.0,1631.0,1631.0,2509.0,1059.0,0.0,2832.0
1.0,16209.0,1557.0,3523.0,11339.0,0.0,0.0,2434.0,1089.0,0.0,1557.0
1.0,25991.0,0.0,3402.0,8125.0,0.0,0.0,2313.0,1089.0,0.0,0.0
1.0,34116.0,1626.0,3296.0,1631.0,0.0,0.0,2207.0,1089.0,1626.0,0.0
1.0,34121.0,4030.0,3261.0,0.0,0.0,0.0,2176.0,1085.0,4030.0,0.0
1.0,30091.0,6440.0,3328.0,0.0,0.0,0.0,2268.0,1060.0,6440.0,0.0
1.0,23651.0,7220.0,3424.0,0.0,689.0,689.0,2407.0,1017.0,7220.0,0.0
1.0,16431.0,5875.0,3478.0,0.0,6834.0,6834.0,2515.0,963.0,5603.0,272.0
1.0,10556.0,2878.0,3478.0,0.0,9712.0,9712.0,2545.0,933.0,1573.0,1305.0
1.0,7678.0,2339.0,3493.0,689.0,11437.0,11437.0,2545.0,948.0,0.0,2339.0
1.0,6028.0,3101.0,3553.0,6834.0,8004.0,8004.0,2545.0,1008.0,0.0,3101.0
1.0,9761.0,2836.0,3576.0,9712.0,1243.0,1243.0,2514.0,1062.0,0.0,2836.0
1.0,16637.0,1533.0,3530.0,11437.0,0.0,0.0,2438.0,1092.0,0.0,1533.0
1.0,26541.0,0.0,3407.0,8004.0,0.0,0.0,2315.0,1092.0,0.0,0.0
1.0,34545.0,1688.0,3301.0,1243.0,0.0,0.0,2209.0,1092.0,1688.0,0.0
1.0,34100.0,4111.0,3267.0,0.0,0.0,0.0,2180.0,1087.0,4111.0,0.0
1.0,29989.0,6540.0,3337.0,0.0,0.0,0.0,2275.0,1062.0,6540.0,0.0
1.0,23449.0,7278.0,3432.0,0.0,989.0,989.0,2415.0,1017.0,7278.0,0.0
1.0,16171.0,5899.0,3486.0,0.0,7158.0,7158.0,2522.0,964.0,5599.0,300.0
1.0,10272.0,2829.0,3486.0,0.0,9987.0,9987.0,2551.0,935.0,1488.0,1341.0
1.0,7443.0,2383.0,3502.0,989.0,11461.0,11461.0,2551.0,951.0,0.0,2383.0
1.0,6049.0,3130.0,3562.0,7158.0,7733.0,7733.0,2551.0,1011.0,0.0,3130.0
1.0,10077.0,2832.0,3585.0,9987.0,693.0,693.0,2519.0,1066.0,0.0,2832.0
1.0,17232.0,1492.0,3535.0,11461.0,0.0,0.0,2441.0,1094.0,0.0,1492.0
1.0,27201.0,0.0,3411.0,7733.0,0.0,0.0,2317.0,1094.0,0.0,0.0
1.0,34934.0,1735.0,3305.0,693.0,0.0,0.0,2211.0,1094.0,1735.0,0.0
1.0,33892.0,4175.0,3273.0,0.0,0.0,0.0,2184.0,1089.0,4175.0,0.0
1.0,29717.0,6610.0,3345.0,0.0,0.0,0.0,2281.0,1064.0,6610.0,0.0
1.0,23107.0,7315.0,3441.0,0.0,1413.0,1413.0,2422.0,1019.0,7315.0,0.0
1.0,15792.0,5881.0,3494.0,0.0,7559.0,7559.0,2529.0,965.0,5575.0,306.0
1.0,9911.0,2750.0,3493.0,0.0,10304.0,10304.0,2556.0,937.0,1400.0,1350.0
1.0,7161.0,2398.0,3509.0,1413.0,11369.0,11369.0,2556.0,953.0,0.0,2398.0
1.0,6176.0,3135.0,3570.0,7559.0,7250.0,7250.0,2556.0,1014.0,0.0,3135.0
1.0,10600.0,2828.0,3592.0,10304.0,0.0,0.0,2524.0,1068.0,0.0,2828.0
1.0,18076.0,1473.0,3542.0,11369.0,0.0,0.0,2446.0,1096.0,0.0,1473.0
1.0,27972.0,0.0,3418.0,7250.0,0.0,0.0,2322.0,1096.0,0.0,0.0
1.0,35222.0,1722.0,3312.0,0.0,0.0,0.0,2216.0,1096.0,1722.0,0.0
1.0,33500.0,4157.0,3280.0,0.0,0.0,0.0,2189.0,1091.0,4157.0,0.0
1.0,29343.0,6586.0,3352.0,0.0,0.0,0.0,2286.0,1066.0,6586.0,0.0
1.0,22757.0,7297.0,3449.0,0.0,1785.0,1785.0,2427.0,1022.0,7297.0,0.0
1.0,15460.0,5857.0,3502.0,0.0,7907.0,7907.0,2534.0,968.0,5567.0,290.0
1.0,9603.0,2747.0,3500.0,0.0,10644.0,10644.0,2561.0,939.0,1412.0,1335.0
1.0,6856.0,2375.0,3516.0,1785.0,11314.0,11314.0,2561.0,955.0,0.0,2375.0
1.0,6266.0,3124.0,3576.0,7907.0,6831.0,6831.0,2561.0,1015.0,0.0,3124.0
1.0,11049.0,2828.0,3600.0,10644.0,0.0,0.0,2530.0,1070.0,0.0,2828.0
1.0,18865.0,1492.0,3550.0,11314.0,0.0,0.0,2452.0,1098.0,0.0,1492.0
1.0,28687.0,0.0,3427.0,6831.0,0.0,0.0,2329.0,1098.0,0.0,0.0
1.0,35518.0,1691.0,3321.0,0.0,0.0,0.0,2223.0,1098.0,1691.0,0.0
1.0,33827.0,4119.0,3288.0,0.0,0.0,0.0,2195.0,1093.0,4119.0,0.0
1.0,29708.0,6542.0,3359.0,0.0,0.0,0.0,2290.0,1069.0,6542.0,0.0
1.0,23166.0,7279.0,3454.0,0.0,1383.0,1383.0,2430.0,1024.0,7279.0,0.0
1.0,15887.0,5874.0,3509.0,0.0,7532.0,7532.0,2538.0,971.0,5584.0,290.0
1.0,10013.0,2800.0,3508.0,0.0,10327.0,10327.0,2566.0,942.0,1471.0,1329.0
1.0,7213.0,2368.0,3523.0,1383.0,11387.0,11387.0,2566.0,957.0,0.0,2368.0
1.0,6228.0,3118.0,3583.0,7532.0,7273.0,7273.0,2566.0,1017.0,0.0,3118.0
1.0,10642.0,2829.0,3607.0,10327.0,0.0,0.0,2535.0,1072.0,0.0,2829.0
1.0,18140.0,1507.0,3558.0,11387.0,0.0,0.0,2457.0,1101.0,0.0,1507.0
1.0,28020.0,0.0,3434.0,7273.0,0.0,0.0,2333.0,1101.0,0.0,0.0
1.0,35293.0,1718.0,3329.0,0.0,0.0,0.0,2228.0,1101.0,1718.0,0.0
1.0,33575.0,4150.0,3296.0,0.0,0.0,0.0,2200.0,1096.0,4150.0,0.0
1.0,29425.0,6584.0,3366.0,0.0,0.0,0.0,2296.0,1070.0,6584.0,0.0
1.0,22841.0,7307.0,3462.0,0.0,1776.0,1776.0,2437.0,1025.0,7307.0,0.0
1.0,15534.0,5911.0,3516.0,0.0,7957.0,7957.0,2544.0,972.0,5595.0,316.0
1.0,9623.0,2817.0,3516.0,0.0,10774.0,10774.0,2572.0,944.0,1455.0,1362.0
1.0,6806.0,2408.0,3532.0,1776.0,11486.0,11486.0,2572.0,960.0,0.0,2408.0
1.0,6174.0,3144.0,3593.0,7957.0,6978.0,6978.0,2572.0,1021.0,0.0,3144.0
1.0,10987.0,2830.0,3615.0,10774.0,0.0,0.0,2540.0,1075.0,0.0,2830.0
1.0,18931.0,1471.0,3565.0,11486.0,0.0,0.0,2461.0,1104.0,0.0,1471.0
1.0,28946.0,0.0,3439.0,6978.0,0.0,0.0,2335.0,1104.0,0.0,0.0
1.0,35924.0,1787.0,3333.0,0.0,0.0,0.0,2229.0,1104.0,1787.0,0.0
1.0,34137.0,4239.0,3301.0,0.0,0.0,0.0,2203.0,1098.0,4239.0,0.0
1.0,29898.0,6697.0,3375.0,0.0,0.0,0.0,2303.0,1072.0,6697.0,0.0
1.0,23201.0,7365.0,3471.0,0.0,1519.0,1519.0,2445.0,1026.0,7365.0,0.0
1.0,15836.0,5924.0,3524.0,0.0,7708.0,7708.0,2552.0,972.0,5587.0,337.0
1.0,9912.0,2737.0,3523.0,0.0,10440.0,10440.0,2578.0,945.0,1347.0,1390.0
1.0,7175.0,2443.0,3541.0,1519.0,11454.0,11454.0,2578.0,963.0,0.0,2443.0
1.0,6251.0,3165.0,3602.0,7708.0,7216.0,7216.0,2578.0,1024.0,0.0,3165.0
1.0,10794.0,2829.0,3623.0,10440.0,0.0,0.0,2545.0,1078.0,0.0,2829.0
1.0,18405.0,1440.0,3571.0,11454.0,0.0,0.0,2465.0,1106.0,0.0,1440.0
1.0,28419.0,0.0,3443.0,7216.0,0.0,0.0,2337.0,1106.0,0.0,0.0
1.0,35635.0,1818.0,3338.0,0.0,0.0,0.0,2232.0,1106.0,1818.0,0.0
1.0,33817.0,4277.0,3307.0,0.0,0.0,0.0,2207.0,1100.0,4277.0,0.0
1.0,29540.0,6741.0,3384.0,0.0,0.0,0.0,2310.0,1074.0,6741.0,0.0
1.0,22799.0,7382.0,3479.0,0.0,1978.0,1978.0,2451.0,1028.0,7382.0,0.0
1.0,15417.0,5903.0,3533.0,0.0,8151.0,8151.0,2559.0,974.0,5568.0,335.0
1.0,9514.0,2673.0,3529.0,0.0,10804.0,10804.0,2583.0,946.0,1285.0,1388.0
1.0,6841.0,2446.0,3548.0,1978.0,11367.0,11367.0,2583.0,965.0,0.0,2446.0
1.0,6373.0,3164.0,3609.0,8151.0,6685.0,6685.0,2583.0,1026.0,0.0,3164.0
1.0,11360.0,2828.0,3630.0,10804.0,0.0,0.0,2550.0,1080.0,0.0,2828.0
1.0,19336.0,1434.0,3578.0,11367.0,0.0,0.0,2470.0,1108.0,0.0,1434.0
1.0,29269.0,0.0,3452.0,6685.0,0.0,0.0,2344.0,1108.0,0.0,0.0
1.0,35954.0,1792.0,3346.0,0.0,0.0,0.0,2238.0,1108.0,1792.0,0.0
1.0,34162.0,4244.0,3314.0,0.0,0.0,0.0,2212.0,1102.0,4244.0,0.0
1.0,29918.0,6700.0,3391.0,0.0,0.0,0.0,2314.0,1077.0,6700.0,0.0
1.0,23218.0,7358.0,3486.0,0.0,1570.0,1570.0,2455.0,1031.0,7358.0,0.0
1.0,15860.0,5885.0,3539.0,0.0,7720.0,7720.0,2562.0,977.0,5568.0,317.0
1.0,9975.0,2687.0,3537.0,0.0,10397.0,10397.0,2588.0,949.0,1316.0,1371.0
1.0,7288.0,2420.0,3555.0,1570.0,11337.0,11337.0,2588.0,967.0,0.0,2420.0
1.0,6438.0,3152.0,3616.0,7720.0,7074.0,7074.0,2588.0,1028.0,0.0,3152.0
1.0,11006.0,2830.0,3637.0,10397.0,0.0,0.0,2555.0,1082.0,0.0,2830.0
1.0,18573.0,1459.0,3586.0,11337.0,0.0,0.0,2476.0,1110.0,0.0,1459.0
1.0,28451.0,0.0,3460.0,7074.0,0.0,0.0,2350.0,1110.0,0.0,0.0
1.0,35525.0,1773.0,3354.0,0.0,0.0,0.0,2244.0,1110.0,1773.0,0.0
1.0,33752.0,4226.0,3322.0,0.0,0.0,0.0,2218.0,1104.0,4226.0,0.0
1.0,29526.0,6674.0,3397.0,0.0,0.0,0.0,2318.0,1079.0,6674.0,0.0
1.0,22852.0,7350.0,3493.0,0.0,1963.0,1963.0,2460.0,1033.0,7350.0,0.0
1.0,15502.0,5903.0,3547.0,0.0,8136.0,8136.0,2567.0,980.0,5579.0,324.0
1.0,9599.0,2731.0,3545.0,0.0,10857.0,10857.0,2593.0,952.0,1356.0,1375.0
1.0,6868.0,2426.0,3562.0,1963.0,11405.0,11405.0,2593.0,969.0,0.0,2426.0
1.0,6405.0,3154.0,3623.0,8136.0,6728.0,6728.0,2593.0,1030.0,0.0,3154.0
1.0,11387.0,2831.0,3644.0,10857.0,0.0,0.0,2560.0,1084.0,0.0,2831.0
1.0,19413.0,1463.0,3593.0,11405.0,0.0,0.0,2480.0,1113.0,0.0,1463.0
1.0,29355.0,0.0,3467.0,6728.0,0.0,0.0,2354.0,1113.0,0.0,0.0
1.0,36083.0,1822.0,3361.0,0.0,0.0,0.0,2248.0,1113.0,1822.0,0.0
1.0,34261.0,4289.0,3329.0,0.0,0.0,0.0,2223.0,1106.0,4289.0,0.0
1.0,29972.0,6753.0,3405.0,0.0,0.0,0.0,2325.0,1080.0,6753.0,0.0
1.0,23219.0,7402.0,3501.0,0.0,1688.0,1688.0,2467.0,1034.0,7402.0,0.0
1.0,15817.0,5934.0,3555.0,0.0,7892.0,7892.0,2575.0,980.0,5580.0,354.0
1.0,9883.0,2713.0,3553.0,0.0,10595.0,10595.0,2600.0,953.0,1301.0,1412.0
1.0,7170.0,2471.0,3572.0,1688.0,11473.0,11473.0,2600.0,972.0,0.0,2471.0
1.0,6387.0,3177.0,3633.0,7892.0,7063.0,7063.0,2600.0,1033.0,0.0,3177.0
1.0,11102.0,2831.0,3653.0,10595.0,0.0,0.0,2565.0,1088.0,0.0,2831.0
1.0,18866.0,1421.0,3599.0,11473.0,0.0,0.0,2484.0,1115.0,0.0,1421.0
1.0,28918.0,0.0,3470.0,7063.0,0.0,0.0,2355.0,1115.0,0.0,0.0
1.0,35981.0,1878.0,3364.0,0.0,0.0,0.0,2249.0,1115.0,1878.0,0.0
1.0,34103.0,4363.0,3335.0,0.0,0.0,0.0,2226.0,1109.0,4363.0,0.0
1.0,29740.0,6844.0,3414.0,0.0,0.0,0.0,2332.0,1082.0,6844.0,0.0
1.0,22896.0,7453.0,3510.0,0.0,2107.0,2107.0,2475.0,1035.0,7453.0,0.0
1.0,15443.0,5948.0,3563.0,0.0,8320.0,8320.0,2582.0,981.0,5573.0,375.0
1.0,9495.0,2656.0,3560.0,0.0,10961.0,10961.0,2605.0,955.0,1217.0,1439.0
1.0,6839.0,2504.0,3580.0,2107.0,11458.0,11458.0,2605.0,975.0,0.0,2504.0
1.0,6442.0,3199.0,3642.0,8320.0,6647.0,6647.0,2605.0,1037.0,0.0,3199.0
1.0,11563.0,2825.0,3661.0,10961.0,0.0,0.0,2570.0,1091.0,0.0,2825.0
1.0,19699.0,1386.0,3606.0,11458.0,0.0,0.0,2488.0,1118.0,0.0,1386.0
1.0,29771.0,0.0,3477.0,6647.0,0.0,0.0,2359.0,1118.0,0.0,0.0
1.0,36418.0,1886.0,3371.0,0.0,0.0,0.0,2253.0,1118.0,1886.0,0.0
1.0,34532.0,4374.0,3341.0,0.0,0.0,0.0,2230.0,1111.0,4374.0,0.0
1.0,30158.0,6856.0,3421.0,0.0,0.0,0.0,2337.0,1084.0,6856.0,0.0
1.0,23302.0,7456.0,3517.0,0.0,1739.0,1739.0,2480.0,1037.0,7456.0,0.0
1.0,15846.0,5925.0,3570.0,0.0,7929.0,7929.0,2587.0,983.0,5562.0,363.0
1.0,9921.0,2617.0,3567.0,0.0,10531.0,10531.0,2610.0,957.0,1191.0,1426.0
1.0,7304.0,2493.0,3587.0,1739.0,11385.0,11385.0,2610.0,977.0,0.0,2493.0
1.0,6550.0,3192.0,3648.0,7929.0,6953.0,6953.0,2610.0,1038.0,0.0,3192.0
1.0,11287.0,2828.0,3669.0,10531.0,0.0,0.0,2576.0,1093.0,0.0,2828.0
1.0,18990.0,1396.0,3614.0,11385.0,0.0,0.0,2494.0,1120.0,0.0,1396.0
1.0,28979.0,0.0,3485.0,6953.0,0.0,0.0,2365.0,1120.0,0.0,0.0
1.0,35932.0,1856.0,3380.0,0.0,0.0,0.0,2260.0,1120.0,1856.0,0.0
1.0,34076.0,4329.0,3349.0,0.0,0.0,0.0,2236.0,1113.0,4329.0,0.0
1.0,29747.0,6807.0,3428.0,0.0,0.0,0.0,2341.0,1087.0,6807.0,0.0
1.0,22940.0,7423.0,3524.0,0.0,2103.0,2103.0,2484.0,1040.0,7423.0,0.0
1.0,15517.0,5916.0,3578.0,0.0,8289.0,8289.0,2591.0,987.0,5571.0,345.0
1.0,9601.0,2645.0,3574.0,0.0,10914.0,10914.0,2615.0,959.0,1236.0,1409.0
1.0,6956.0,2468.0,3594.0,2103.0,11379.0,11379.0,2615.0,979.0,0.0,2468.0
1.0,6591.0,3182.0,3655.0,8289.0,6577.0,6577.0,2615.0,1040.0,0.0,3182.0
1.0,11698.0,2832.0,3675.0,10914.0,0.0,0.0,2581.0,1094.0,0.0,2832.0
1.0,19780.0,1424.0,3622.0,11379.0,0.0,0.0,2500.0,1122.0,0.0,1424.0
1.0,29735.0,0.0,3493.0,6577.0,0.0,0.0,2371.0,1122.0,0.0,0.0
1.0,36312.0,1853.0,3388.0,0.0,0.0,0.0,2266.0,1122.0,1853.0,0.0
1.0,34459.0,4327.0,3357.0,0.0,0.0,0.0,2242.0,1115.0,4327.0,0.0
1.0,30132.0,6807.0,3435.0,0.0,0.0,0.0,2346.0,1089.0,6807.0,0.0
1.0,23325.0,7430.0,3531.0,0.0,1760.0,1760.0,2489.0,1042.0,7430.0,0.0
1.0,15895.0,5946.0,3586.0,0.0,7981.0,7981.0,2597.0,989.0,5586.0,360.0
1.0,9949.0,2681.0,3583.0,0.0,10647.0,10647.0,2621.0,962.0,1258.0,1423.0
1.0,7268.0,2486.0,3602.0,1760.0,11468.0,11468.0,2621.0,981.0,0.0,2486.0
1.0,6542.0,3190.0,3664.0,7981.0,6987.0,6987.0,2621.0,1043.0,0.0,3190.0
1.0,11333.0,2832.0,3683.0,10647.0,0.0,0.0,2586.0,1097.0,0.0,2832.0
1.0,19148.0,1417.0,3627.0,11468.0,0.0,0.0,2503.0,1124.0,0.0,1417.0
1.0,29199.0,0.0,3497.0,6987.0,0.0,0.0,2373.0,1124.0,0.0,0.0
1.0,36186.0,1911.0,3392.0,0.0,0.0,0.0,2268.0,1124.0,1911.0,0.0
1.0,34275.0,4403.0,3362.0,0.0,0.0,0.0,2245.0,1117.0,4403.0,0.0
1.0,29872.0,6902.0,3443.0,0.0,0.0,0.0,2353.0,1090.0,6902.0,0.0
1.0,22970.0,7486.0,3540.0,0.0,2216.0,2216.0,2497.0,1043.0,7486.0,0.0
1.0,15484.0,5978.0,3593.0,0.0,8459.0,8459.0,2604.0,989.0,5585.0,393.0
1.0,9506.0,2646.0,3590.0,0.0,11090.0,11090.0,2627.0,963.0,1182.0,1464.0
1.0,6860.0,2536.0,3611.0,2216.0,11515.0,11515.0,2627.0,984.0,0.0,2536.0
1.0,6540.0,3215.0,3673.0,8459.0,6581.0,6581.0,2627.0,1046.0,0.0,3215.0
1.0,11784.0,2829.0,3692.0,11090.0,0.0,0.0,2591.0,1101.0,0.0,2829.0
1.0,20045.0,1366.0,3634.0,11515.0,0.0,0.0,2507.0,1127.0,0.0,1366.0
1.0,30194.0,0.0,3502.0,6581.0,0.0,0.0,2375.0,1127.0,0.0,0.0
1.0,36775.0,1964.0,3397.0,0.0,0.0,0.0,2270.0,1127.0,1964.0,0.0
1.0,34811.0,4476.0,3369.0,0.0,0.0,0.0,2249.0,1120.0,4476.0,0.0
1.0,30335.0,6984.0,3452.0,0.0,0.0,0.0,2360.0,1092.0,6984.0,0.0
1.0,23351.0,7528.0,3548.0,0.0,1917.0,1917.0,2504.0,1044.0,7528.0,0.0
1.0,15823.0,5974.0,3601.0,0.0,8156.0,8156.0,2611.0,990.0,5565.0,409.0
1.0,9849.0,2573.0,3596.0,0.0,10704.0,10704.0,2632.0,964.0,1089.0,1484.0
1.0,7276.0,2559.0,3619.0,1917.0,11461.0,11461.0,2632.0,987.0,0.0,2559.0
1.0,6634.0,3230.0,3681.0,8156.0,6845.0,6845.0,2632.0,1049.0,0.0,3230.0
1.0,11560.0,2821.0,3699.0,10704.0,0.0,0.0,2596.0,1103.0,0.0,2821.0
1.0,19443.0,1336.0,3641.0,11461.0,0.0,0.0,2512.0,1129.0,0.0,1336.0
1.0,29568.0,0.0,3509.0,6845.0,0.0,0.0,2380.0,1129.0,0.0,0.0
1.0,36413.0,1963.0,3403.0,0.0,0.0,0.0,2274.0,1129.0,1963.0,0.0
1.0,34450.0,4473.0,3376.0,0.0,0.0,0.0,2254.0,1122.0,4473.0,0.0
1.0,29977.0,6977.0,3460.0,0.0,0.0,0.0,2365.0,1095.0,6977.0,0.0
1.0,23000.0,7522.0,3556.0,0.0,2302.0,2302.0,2509.0,1047.0,7522.0,0.0
1.0,15478.0,5945.0,3609.0,0.0,8512.0,8512.0,2616.0,993.0,5551.0,394.0
1.0,9533.0,2541.0,3604.0,0.0,11028.0,11028.0,2637.0,967.0,1075.0,1466.0
1.0,6992.0,2543.0,3626.0,2302.0,11379.0,11379.0,2637.0,989.0,0.0,2543.0
1.0,6751.0,3220.0,3688.0,8512.0,6397.0,6397.0,2637.0,1051.0,0.0,3220.0
1.0,12043.0,2825.0,3706.0,11028.0,0.0,0.0,2601.0,1105.0,0.0,2825.0
1.0,20246.0,1353.0,3649.0,11379.0,0.0,0.0,2518.0,1131.0,0.0,1353.0
1.0,30272.0,0.0,3518.0,6397.0,0.0,0.0,2387.0,1131.0,0.0,0.0
1.0,36669.0,1931.0,3412.0,0.0,0.0,0.0,2281.0,1131.0,1931.0,0.0
1.0,34738.0,4432.0,3384.0,0.0,0.0,0.0,2260.0,1124.0,4432.0,0.0
1.0,30306.0,6928.0,3466.0,0.0,0.0,0.0,2369.0,1097.0,6928.0,0.0
1.0,23378.0,7498.0,3563.0,0.0,1935.0,1935.0,2513.0,1050.0,7498.0,0.0
1.0,15880.0,5947.0,3616.0,0.0,8147.0,8147.0,2620.0,996.0,5562.0,385.0
1.0,9933.0,2590.0,3612.0,0.0,10717.0,10717.0,2642.0,970.0,1135.0,1455.0
1.0,7343.0,2525.0,3633.0,1935.0,11412.0,11412.0,2642.0,991.0,0.0,2525.0
1.0,6753.0,3210.0,3694.0,8147.0,6780.0,6780.0,2642.0,1052.0,0.0,3210.0
1.0,11690.0,2825.0,3713.0,10717.0,0.0,0.0,2606.0,1107.0,0.0,2825.0
1.0,19582.0,1371.0,3656.0,11412.0,0.0,0.0,2523.0,1133.0,0.0,1371.0
1.0,29623.0,0.0,3525.0,6780.0,0.0,0.0,2392.0,1133.0,0.0,0.0
1.0,36403.0,1939.0,3420.0,0.0,0.0,0.0,2287.0,1133.0,1939.0,0.0
1.0,34464.0,4446.0,3391.0,0.0,0.0,0.0,2265.0,1126.0,4446.0,0.0
1.0,30018.0,6950.0,3473.0,0.0,0.0,0.0,2374.0,1099.0,6950.0,0.0
1.0,23068.0,7521.0,3570.0,0.0,2303.0,2303.0,2519.0,1051.0,7521.0,0.0
1.0,15547.0,5993.0,3624.0,0.0,8566.0,8566.0,2626.0,998.0,5582.0,411.0
1.0,9554.0,2631.0,3620.0,0.0,11177.0,11177.0,2648.0,972.0,1145.0,1486.0
1.0,6923.0,2562.0,3642.0,2303.0,11546.0,11546.0,2648.0,994.0,0.0,2562.0
1.0,6664.0,3228.0,3704.0,8566.0,6518.0,6518.0,2648.0,1056.0,0.0,3228.0
1.0,12002.0,2820.0,3721.0,11177.0,0.0,0.0,2611.0,1110.0,0.0,2820.0
1.0,20359.0,1341.0,3663.0,11546.0,0.0,0.0,2527.0,1136.0,0.0,1341.0
1.0,30564.0,0.0,3530.0,6518.0,0.0,0.0,2394.0,1136.0,0.0,0.0
1.0,37082.0,2002.0,3425.0,0.0,0.0,0.0,2289.0,1136.0,2002.0,0.0
1.0,35080.0,4523.0,3396.0,0.0,0.0,0.0,2268.0,1128.0,4523.0,0.0
1.0,30557.0,7046.0,3481.0,0.0,0.0,0.0,2381.0,1100.0,7046.0,0.0
1.0,23511.0,7574.0,3578.0,0.0,1953.0,1953.0,2527.0,1051.0,7574.0,0.0
1.0,15937.0,6020.0,3632.0,0.0,8243.0,8243.0,2634.0,998.0,5577.0,443.0
1.0,9917.0,2589.0,3627.0,0.0,10807.0,10807.0,2654.0,973.0,1063.0,1526.0
1.0,7328.0,2610.0,3651.0,1953.0,11584.0,11584.0,2654.0,997.0,0.0,2610.0
1.0,6671.0,3251.0,3713.0,8243.0,6902.0,6902.0,2654.0,1059.0,0.0,3251.0
1.0,11663.0,2815.0,3730.0,10807.0,0.0,0.0,2616.0,1114.0,0.0,2815.0
1.0,19655.0,1290.0,3668.0,11584.0,0.0,0.0,2530.0,1138.0,0.0,1290.0
1.0,29949.0,0.0,3534.0,6902.0,0.0,0.0,2396.0,1138.0,0.0,0.0
1.0,36851.0,2049.0,3429.0,0.0,0.0,0.0,2291.0,1138.0,2049.0,0.0
1.0,34802.0,4581.0,3402.0,0.0,0.0,0.0,2272.0,1130.0,4581.0,0.0
1.0,30221.0,7118.0,3490.0,0.0,0.0,0.0,2388.0,1102.0,7118.0,0.0
1.0,23103.0,7601.0,3587.0,0.0,2433.0,2433.0,2534.0,1053.0,7601.0,0.0
1.0,15502.0,6006.0,3640.0,0.0,8704.0,8704.0,2641.0,999.0,5557.0,449.0
1.0,9496.0,2505.0,3633.0,0.0,11174.0,11174.0,2659.0,974.0,971.0,1534.0
1.0,6991.0,2619.0,3658.0,2433.0,11485.0,11485.0,2659.0,999.0,0.0,2619.0
1.0,6805.0,3260.0,3721.0,8704.0,6356.0,6356.0,2659.0,1062.0,0.0,3260.0
1.0,12249.0,2810.0,3738.0,11174.0,0.0,0.0,2622.0,1116.0,0.0,2810.0
1.0,20613.0,1275.0,3676.0,11485.0,0.0,0.0,2536.0,1140.0,0.0,1275.0
1.0,30823.0,0.0,3542.0,6356.0,0.0,0.0,2402.0,1140.0,0.0,0.0
1.0,37179.0,2032.0,3436.0,0.0,0.0,0.0,2296.0,1140.0,2032.0,0.0
1.0,35147.0,4558.0,3410.0,0.0,0.0,0.0,2277.0,1133.0,4558.0,0.0
1.0,30589.0,7088.0,3497.0,0.0,0.0,0.0,2392.0,1105.0,7088.0,0.0
1.0,23501.0,7580.0,3594.0,0.0,2049.0,2049.0,2538.0,1056.0,7580.0,0.0
1.0,15921.0,5981.0,3647.0,0.0,8295.0,8295.0,2645.0,1002.0,5550.0,431.0
1.0,9940.0,2497.0,3641.0,0.0,10762.0,10762.0,2664.0,977.0,985.0,1512.0
1.0,7443.0,2598.0,3665.0,2049.0,11431.0,11431.0,2664.0,1001.0,0.0,2598.0
1.0,6894.0,3248.0,3727.0,8295.0,6694.0,6694.0,2664.0,1063.0,0.0,3248.0
1.0,11941.0,2816.0,3744.0,10762.0,0.0,0.0,2627.0,1117.0,0.0,2816.0
1.0,19887.0,1298.0,3684.0,11431.0,0.0,0.0,2542.0,1142.0,0.0,1298.0
1.0,30020.0,0.0,3550.0,6694.0,0.0,0.0,2408.0,1142.0,0.0,0.0
1.0,36714.0,2009.0,3445.0,0.0,0.0,0.0,2303.0,1142.0,2009.0,0.0
1.0,34705.0,4529.0,3418.0,0.0,0.0,0.0,2283.0,1135.0,4529.0,0.0
1.0,30176.0,7054.0,3504.0,0.0,0.0,0.0,2397.0,1107.0,7054.0,0.0
1.0,23122.0,7566.0,3600.0,0.0,2444.0,2444.0,2542.0,1058.0,7566.0,0.0
1.0,15556.0,5985.0,3654.0,0.0,8699.0,8699.0,2649.0,1005.0,5563.0,422.0
1.0,9571.0,2539.0,3649.0,0.0,11213.0,11213.0,2669.0,980.0,1031.0,1508.0
1.0,7032.0,2589.0,3672.0,2444.0,11473.0,11473.0,2669.0,1003.0,0.0,2589.0
1.0,6887.0,3249.0,3734.0,8699.0,6333.0,6333.0,2669.0,1065.0,0.0,3249.0
1.0,12337.0,2823.0,3752.0,11213.0,0.0,0.0,2632.0,1120.0,0.0,2823.0
1.0,20727.0,1317.0,3691.0,11473.0,0.0,0.0,2546.0,1145.0,0.0,1317.0
1.0,30883.0,0.0,3558.0,6333.0,0.0,0.0,2413.0,1145.0,0.0,0.0
1.0,37216.0,2041.0,3452.0,0.0,0.0,0.0,2307.0,1145.0,2041.0,0.0
1.0,35175.0,4577.0,3425.0,0.0,0.0,0.0,2288.0,1137.0,4577.0,0.0
1.0,30598.0,7110.0,3512.0,0.0,0.0,0.0,2403.0,1109.0,7110.0,0.0
1.0,23488.0,7604.0,3608.0,0.0,2156.0,2156.0,2549.0,1059.0,7604.0,0.0
1.0,15884.0,6017.0,3662.0,0.0,8443.0,8443.0,2656.0,1006.0,5568.0,449.0
1.0,9867.0,2533.0,3656.0,0.0,10946.0,10946.0,2675.0,981.0,996.0,1537.0
1.0,7334.0,2626.0,3681.0,2156.0,11541.0,11541.0,2675.0,1006.0,0.0,2626.0
1.0,6864.0,3267.0,3744.0,8443.0,6680.0,6680.0,2675.0,1069.0,0.0,3267.0
1.0,12040.0,2820.0,3760.0,10946.0,0.0,0.0,2637.0,1123.0,0.0,2820.0
1.0,20166.0,1290.0,3698.0,11541.0,0.0,0.0,2550.0,1148.0,0.0,1290.0
1.0,30417.0,0.0,3562.0,6680.0,0.0,0.0,2414.0,1148.0,0.0,0.0
1.0,37097.0,2111.0,3457.0,0.0,0.0,0.0,2309.0,1148.0,2111.0,0.0
1.0,34986.0,4666.0,3431.0,0.0,0.0,0.0,2292.0,1139.0,4666.0,0.0
1.0,30320.0,7218.0,3520.0,0.0,0.0,0.0,2410.0,1110.0,7218.0,0.0
1.0,23102.0,7665.0,3617.0,0.0,2648.0,2648.0,2557.0,1060.0,7665.0,0.0
1.0,15437.0,6031.0,3670.0,0.0,8944.0,8944.0,2664.0,1006.0,5553.0,478.0
1.0,9406.0,2468.0,3663.0,0.0,11377.0,11377.0,2681.0,982.0,895.0,1573.0
1.0,6938.0,2668.0,3690.0,2648.0,11532.0,11532.0,2681.0,1009.0,0.0,2668.0
1.0,6918.0,3286.0,3753.0,8944.0,6189.0,6189.0,2681.0,1072.0,0.0,3286.0
1.0,12576.0,2814.0,3768.0,11377.0,0.0,0.0,2642.0,1126.0,0.0,2814.0
1.0,21139.0,1242.0,3704.0,11532.0,0.0,0.0,2554.0,1150.0,0.0,1242.0
1.0,31429.0,0.0,3567.0,6189.0,0.0,0.0,2417.0,1150.0,0.0,0.0
1.0,37618.0,2130.0,3462.0,0.0,0.0,0.0,2312.0,1150.0,2130.0,0.0
1.0,35488.0,4691.0,3437.0,0.0,0.0,0.0,2295.0,1142.0,4691.0,0.0
1.0,30797.0,7247.0,3528.0,0.0,0.0,0.0,2416.0,1112.0,7247.0,0.0
1.0,23550.0,7677.0,3625.0,0.0,2252.0,2252.0,2563.0,1062.0,7677.0,0.0
1.0,15873.0,6019.0,3678.0,0.0,8536.0,8536.0,2670.0,1008.0,5541.0,478.0
1.0,9854.0,2426.0,3670.0,0.0,10922.0,10922.0,2686.0,984.0,853.0,1573.0
1.0,7428.0,2667.0,3697.0,2252.0,11472.0,11472.0,2686.0,1011.0,0.0,2667.0
1.0,7013.0,3288.0,3760.0,8536.0,6539.0,6539.0,2686.0,1074.0,0.0,3288.0
1.0,12261.0,2809.0,3775.0,10922.0,0.0,0.0,2647.0,1128.0,0.0,2809.0
1.0,20374.0,1235.0,3712.0,11472.0,0.0,0.0,2560.0,1152.0,0.0,1235.0
1.0,30611.0,0.0,3575.0,6539.0,0.0,0.0,2423.0,1152.0,0.0,0.0
1.0,37150.0,2096.0,3470.0,0.0,0.0,0.0,2318.0,1152.0,2096.0,0.0
1.0,35054.0,4649.0,3444.0,0.0,0.0,0.0,2300.0,1144.0,4649.0,0.0
1.0,30405.0,7196.0,3535.0,0.0,0.0,0.0,2420.0,1115.0,7196.0,0.0
1.0,23209.0,7651.0,3632.0,0.0,2602.0,2602.0,2567.0,1065.0,7651.0,0.0
1.0,15558.0,6007.0,3685.0,0.0,8874.0,8874.0,2674.0,1011.0,5548.0,459.0
1.0,9551.0,2452.0,3678.0,0.0,11291.0,11291.0,2691.0,987.0,902.0,1550.0
1.0,7099.0,2646.0,3704.0,2602.0,11465.0,11465.0,2691.0,1013.0,0.0,2646.0
1.0,7055.0,3278.0,3767.0,8874.0,6184.0,6184.0,2691.0,1076.0,0.0,3278.0
1.0,12651.0,2818.0,3782.0,11291.0,0.0,0.0,2652.0,1130.0,0.0,2818.0
1.0,21124.0,1262.0,3719.0,11465.0,0.0,0.0,2565.0,1154.0,0.0,1262.0
1.0,31327.0,0.0,3584.0,6184.0,0.0,0.0,2430.0,1154.0,0.0,0.0
1.0,37511.0,2082.0,3478.0,0.0,0.0,0.0,2324.0,1154.0,2082.0,0.0
1.0,35429.0,4627.0,3452.0,0.0,0.0,0.0,2306.0,1146.0,4627.0,0.0
1.0,30802.0,7178.0,3541.0,0.0,0.0,0.0,2424.0,1117.0,7178.0,0.0
1.0,23624.0,7643.0,3638.0,0.0,2209.0,2209.0,2571.0,1067.0,7643.0,0.0
1.0,15981.0,6021.0,3692.0,0.0,8500.0,8500.0,2678.0,1014.0,5564.0,457.0
1.0,9960.0,2495.0,3686.0,0.0,10965.0,10965.0,2697.0,989.0,940.0,1555.0
1.0,7465.0,2648.0,3712.0,2209.0,11534.0,11534.0,2697.0,1015.0,0.0,2648.0
1.0,7026.0,3285.0,3775.0,8500.0,6634.0,6634.0,2697.0,1078.0,0.0,3285.0
1.0,12241.0,2825.0,3789.0,10965.0,0.0,0.0,2657.0,1132.0,0.0,2825.0
1.0,20381.0,1272.0,3726.0,11534.0,0.0,0.0,2569.0,1157.0,0.0,1272.0
1.0,30643.0,0.0,3590.0,6634.0,0.0,0.0,2433.0,1157.0,0.0,0.0
1.0,37277.0,2136.0,3484.0,0.0,0.0,0.0,2327.0,1157.0,2136.0,0.0
1.0,35141.0,4697.0,3459.0,0.0,0.0,0.0,2311.0,1148.0,4697.0,0.0
1.0,30444.0,7265.0,3550.0,0.0,0.0,0.0,2431.0,1119.0,7265.0,0.0
1.0,23179.0,7693.0,3647.0,0.0,2749.0,2749.0,2579.0,1068.0,7693.0,0.0
1.0,15486.0,6055.0,3701.0,0.0,9074.0,9074.0,2686.0,1015.0,5567.0,488.0
1.0,9431.0,2459.0,3694.0,0.0,11498.0,11498.0,2703.0,991.0,870.0,1589.0
1.0,6972.0,2690.0,3721.0,2749.0,11574.0,11574.0,2703.0,1018.0,0.0,2690.0
1.0,7031.0,3304.0,3784.0,9074.0,6119.0,6119.0,2703.0,1081.0,0.0,3304.0
1.0,12801.0,2818.0,3798.0,11498.0,0.0,0.0,2662.0,1136.0,0.0,2818.0
1.0,21481.0,1236.0,3732.0,11574.0,0.0,0.0,2573.0,1159.0,0.0,1236.0
1.0,31819.0,0.0,2057.1476414904855,6119.0,0.0,0.0,2105.184473789759,-48.03683229927344,0.0,0.0
1.0,37938.0,2196.0,4723.433650176509,0.0,0.0,0.0,4794.906684284116,-71.47303410760617,2196.0,0.0
1.0,35742.0,4774.0,7095.161535277827,0.0,4508.0,4508.0,7204.117771201161,-108.95623592333448,4774.0,0.0
1.0,30968.0,7358.0,7600.564470040056,0.0,14393.0,14393.0,7687.656690616786,-87.09222057673003,7358.0,0.0
1.0,23610.0,7742.0,5782.695291433008,0.0,13046.0,13046.0,5375.173738298653,407.52155313435435,7742.0,0.0
1.0,15868.0,6067.0,2751.401844531252,4508.0,0.0,0.0,1152.8291642564948,1598.5726802747574,5553.0,514.0
1.0,14309.0,2396.0,2652.6991117209354,14393.0,0.0,0.0,-43.90650224484261,2696.605613965778,776.0,1620.0
1.0,26306.0,2726.0,3319.0482037773468,13046.0,0.0,0.0,14.687689400999261,3304.3605143763475,0.0,2726.0
1.0,36626.0,3318.0,2796.942177086721,0.0,0.0,0.0,-21.02408273103947,2817.9662598177606,0.0,3318.0
1.0,33308.0,2809.0,1138.1144857160184,0.0,0.0,0.0,-56.9174243227485,1195.031910038767,0.0,2809.0
1.0,30499.0,1189.0,-96.29364968067136,0.0,0.0,0.0,70.98309032993757,-167.27674001060893,0.0,1189.0
1.0,29310.0,0.0,2076.3184407870035,0.0,0.0,0.0,2120.53969563937,-44.22125485236677,0.0,0.0
1.0,29310.0,2204.0,4741.795698455795,0.0,0.0,0.0,4811.4469308034595,-69.6512323476644,2204.0,0.0
1.0,27106.0,4783.0,7109.149164843932,0.0,13223.0,13223.0,7224.466931124263,-115.31776628033106,4783.0,0.0
1.0,22323.0,7366.0,7610.41756293401,0.0,23095.0,23095.0,7701.956958120816,-91.5393951868067,7366.0,0.0
1.0,14957.0,7739.0,5781.650619837041,0.0,21691.0,21691.0,5368.505300388231,413.1453194488091,7739.0,0.0
1.0,7218.0,6047.0,2744.070998795386,13223.0,0.0,0.0,1131.8961659465797,1612.1748328488063,5538.0,509.0
1.0,14394.0,2361.0,2652.7157193412722,23095.0,0.0,0.0,-50.68758479005555,2703.403304131328,748.0,1613.0
1.0,35128.0,2717.0,3309.770264623381,21691.0,0.0,0.0,2.902789038775154,3306.867475584606,0.0,2717.0
1.0,54102.0,3316.0,2788.233794570918,0.0,0.0,0.0,-27.916409632434352,2816.150204203352,0.0,3316.0
1.0,50786.0,2806.0,1125.8430119928107,0.0,0.0,0.0,-58.7872630256752,1184.630275018486,0.0,2806.0
1.0,47980.0,1191.0,-101.31387262452665,0.0,0.0,0.0,71.65880255217189,-172.97267517669854,0.0,1191.0
1.0,46789.0,0.0,2093.520696074868,0.0,0.0,0.0,2138.793221933797,-45.2725258589295,0.0,0.0
1.0,46789.0,2173.0,4770.531791508071,0.0,0.0,0.0,4838.398093196298,-67.86630168822637,2173.0,0.0
1.0,44616.0,4748.0,7125.513926696351,0.0,0.0,0.0,7244.775327381181,-119.26140068483062,4748.0,0.0
1.0,39868.0,7317.0,7616.796972126295,0.0,5533.0,5533.0,7708.643444066645,-91.8464719403504,7317.0,0.0
1.0,32551.0,7718.0,5780.8622399872975,0.0,4071.0,4071.0,5356.649296989957,424.21294299733984,7718.0,0.0
1.0,24833.0,6030.0,2738.1282744401233,0.0,0.0,0.0,1112.2196065154703,1625.9086679246532,5539.0,491.0
1.0,18803.0,2382.0,2664.2225334644922,5533.0,0.0,0.0,-47.844863626702136,2712.0673970911944,790.0,1592.0
1.0,21954.0,2698.0,3310.9126099099312,4071.0,0.0,0.0,-0.7950355953125836,3311.707645505244,0.0,2698.0
1.0,23327.0,3308.0,2776.3799042449186,0.0,0.0,0.0,-31.097998219233887,2807.4779024641525,0.0,3308.0
1.0,20019.0,2817.0,1103.8651955828639,0.0,0.0,0.0,-59.96240795188669,1163.8276035347506,0.0,2817.0
1.0,17202.0,1220.0,-113.22865699612464,0.0,0.0,0.0,66.85117932697267,-180.0798363230973,0.0,1220.0
1.0,15982.0,0.0,2106.360270049717,0.0,0.0,0.0,2156.322881980482,-49.962611930764865,0.0,0.0
1.0,15982.0,2175.0,4798.278860440278,0.0,10184.0,10184.0,4867.301710730011,-69.02285028973336,2175.0,0.0
1.0,13807.0,4752.0,7150.10366917224,0.0,26695.0,26695.0,7266.2412872884415,-116.13761811620145,4752.0,0.0
1.0,9055.0,7326.0,7626.335717565619,0.0,36402.0,36402.0,7714.456156160286,-88.12043859466633,7326.0,0.0
1.0,1729.0,7731.0,5777.0782073797445,10184.0,24703.0,24703.0,5342.396950131668,434.6812572480767,7731.0,0.0
1.0,4182.0,6053.0,2726.056749539265,26695.0,0.0,0.0,1094.5222631053239,1631.5344864339413,5555.0,498.0
1.0,24824.0,2420.0,2678.830123801282,36402.0,0.0,0.0,-46.62428743894543,2725.4544112402273,812.0,1608.0
1.0,58806.0,2714.0,3320.3488839563956,24703.0,0.0,0.0,2.45236608612322,3317.8965178702724,0.0,2714.0
1.0,80795.0,3322.0,2770.2842209153237,0.0,0.0,0.0,-31.559312227735973,2801.8435331430596,0.0,3322.0
1.0,77473.0,2821.0,1086.2093792286641,0.0,0.0,0.0,-60.07676403831147,1146.2861432669756,0.0,2821.0
1.0,74652.0,1215.0,-115.68940044910062,0.0,0.0,0.0,65.90988092851103,-181.59928137761165,0.0,1215.0
1.0,73437.0,0.0,2118.4295179022347,0.0,0.0,0.0,2169.8129327225306,-51.3834148202958,0.0,0.0
1.0,73437.0,2229.0,4814.337356362883,0.0,0.0,0.0,4886.573122883501,-72.23576652061854,2229.0,0.0
1.0,71208.0,4825.0,7175.972136626235,0.0,0.0,0.0,7288.37906975513,-112.40693312889528,4825.0,0.0
1.0,66383.0,7417.0,7638.585348621049,0.0,0.0,0.0,7725.1455718905145,-86.56022326946561,7417.0,0.0
1.0,58966.0,7787.0,5772.703440562713,0.0,0.0,0.0,5333.831601465206,438.87183909750684,7787.0,0.0
1.0,51179.0,6090.0,2716.9417483694892,0.0,0.0,0.0,1081.399941084724,1635.5418072847651,5558.0,532.0
2.0,0.0,1665.0,1665.0,0.0,8325.0,8325.0,1165.0,500.0,1165.0,500.0
2.0,0.0,1670.0,1668.0,0.0,8340.0,8340.0,1168.0,500.0,1170.0,500.0
2.0,0.0,1680.0,1672.0,0.0,8360.0,8360.0,1170.0,502.0,1175.0,505.0
2.0,0.0,1685.0,1674.0,8325.0,6745.0,6745.0,1172.0,502.0,1180.0,505.0
2.0,1625.0,1695.0,1679.0,8340.0,125.0,125.0,1175.0,504.0,1185.0,510.0
2.0,8270.0,1700.0,1683.0,8360.0,0.0,0.0,1178.0,505.0,1190.0,510.0
2.0,14930.0,0.0,1442.0,6745.0,0.0,0.0,1009.0,433.0,0.0,0.0
2.0,21675.0,0.0,1262.0,125.0,0.0,0.0,883.0,379.0,0.0,0.0
2.0,21800.0,0.0,1122.0,0.0,0.0,0.0,785.0,337.0,0.0,0.0
2.0,21800.0,0.0,1009.0,0.0,0.0,0.0,706.0,303.0,0.0,0.0
2.0,21800.0,0.0,917.0,0.0,0.0,0.0,642.0,275.0,0.0,0.0
2.0,21800.0,0.0,841.0,0.0,0.0,0.0,589.0,252.0,0.0,0.0
2.0,21800.0,0.0,776.0,0.0,0.0,0.0,543.0,233.0,0.0,0.0
2.0,21800.0,0.0,721.0,0.0,0.0,0.0,505.0,216.0,0.0,0.0
2.0,21800.0,0.0,673.0,0.0,0.0,0.0,471.0,202.0,0.0,0.0
2.0,21800.0,0.0,631.0,0.0,0.0,0.0,442.0,189.0,0.0,0.0
2.0,21800.0,0.0,594.0,0.0,0.0,0.0,416.0,178.0,0.0,0.0
2.0,21800.0,0.0,560.0,0.0,0.0,0.0,392.0,168.0,0.0,0.0
2.0,21800.0,0.0,531.0,0.0,0.0,0.0,372.0,159.0,0.0,0.0
2.0,21800.0,0.0,505.0,0.0,0.0,0.0,353.0,152.0,0.0,0.0
2.0,21800.0,0.0,480.0,0.0,0.0,0.0,336.0,144.0,0.0,0.0
2.0,21800.0,0.0,459.0,0.0,0.0,0.0,321.0,138.0,0.0,0.0
2.0,21800.0,0.0,439.0,0.0,0.0,0.0,307.0,132.0,0.0,0.0
2.0,21800.0,125.0,426.0,0.0,0.0,0.0,298.0,128.0,89.0,36.0
2.0,21675.0,478.0,428.0,0.0,0.0,0.0,300.0,128.0,336.0,142.0
2.0,21197.0,830.0,443.0,0.0,0.0,0.0,310.0,133.0,582.0,248.0
2.0,20367.0,1056.0,466.0,0.0,0.0,0.0,326.0,140.0,739.0,317.0
2.0,19311.0,928.0,483.0,0.0,0.0,0.0,338.0,145.0,648.0,280.0
2.0,18383.0,441.0,481.0,0.0,0.0,0.0,337.0,144.0,305.0,136.0
2.0,17942.0,0.0,465.0,0.0,0.0,0.0,325.0,140.0,0.0,0.0
2.0,17942.0,0.0,450.0,0.0,0.0,0.0,315.0,135.0,0.0,0.0
2.0,17942.0,0.0,436.0,0.0,0.0,0.0,305.0,131.0,0.0,0.0
2.0,17942.0,0.0,423.0,0.0,0.0,0.0,296.0,127.0,0.0,0.0
2.0,17942.0,0.0,410.0,0.0,0.0,0.0,287.0,123.0,0.0,0.0
2.0,17942.0,78.0,401.0,0.0,0.0,0.0,281.0,120.0,60.0,18.0
2.0,17864.0,415.0,401.0,0.0,0.0,0.0,281.0,120.0,294.0,121.0
2.0,17449.0,756.0,411.0,0.0,0.0,0.0,288.0,123.0,533.0,223.0
2.0,16693.0,1019.0,427.0,0.0,0.0,0.0,299.0,128.0,712.0,307.0
2.0,15674.0,946.0,440.0,0.0,0.0,0.0,308.0,132.0,657.0,289.0
2.0,14728.0,533.0,443.0,0.0,0.0,0.0,310.0,133.0,364.0,169.0
2.0,14195.0,0.0,432.0,0.0,0.0,0.0,302.0,130.0,0.0,0.0
2.0,14195.0,0.0,422.0,0.0,0.0,0.0,295.0,127.0,0.0,0.0
2.0,14195.0,0.0,412.0,0.0,0.0,0.0,288.0,124.0,0.0,0.0
2.0,14195.0,0.0,402.0,0.0,0.0,0.0,281.0,121.0,0.0,0.0
2.0,14195.0,0.0,393.0,0.0,0.0,0.0,275.0,118.0,0.0,0.0
2.0,14195.0,110.0,387.0,0.0,0.0,0.0,271.0,116.0,82.0,28.0
2.0,14085.0,468.0,389.0,0.0,0.0,0.0,272.0,117.0,334.0,134.0
2.0,13617.0,824.0,398.0,0.0,0.0,0.0,279.0,119.0,583.0,241.0
2.0,12793.0,1071.0,411.0,0.0,0.0,0.0,288.0,123.0,751.0,320.0
2.0,11722.0,963.0,423.0,0.0,0.0,0.0,296.0,127.0,669.0,294.0
2.0,10759.0,502.0,424.0,0.0,0.0,0.0,297.0,127.0,340.0,162.0
2.0,10257.0,0.0,416.0,0.0,0.0,0.0,291.0,125.0,0.0,0.0
2.0,10257.0,0.0,384.0,0.0,0.0,0.0,269.0,115.0,0.0,0.0
2.0,10257.0,0.0,352.0,0.0,0.0,0.0,246.0,106.0,0.0,0.0
2.0,10257.0,0.0,320.0,0.0,0.0,0.0,224.0,96.0,0.0,0.0
2.0,10257.0,0.0,287.0,0.0,0.0,0.0,201.0,86.0,0.0,0.0
2.0,10257.0,218.0,259.0,0.0,0.0,0.0,181.0,78.0,158.0,60.0
2.0,10039.0,599.0,238.0,0.0,0.0,0.0,167.0,71.0,425.0,174.0
2.0,9440.0,987.0,257.0,0.0,0.0,0.0,180.0,77.0,698.0,289.0
2.0,8453.0,1159.0,279.0,0.0,0.0,0.0,196.0,83.0,810.0,349.0
2.0,7294.0,952.0,297.0,0.0,0.0,0.0,208.0,89.0,661.0,291.0
2.0,6342.0,354.0,304.0,0.0,0.0,0.0,213.0,91.0,235.0,119.0
2.0,5988.0,0.0,304.0,0.0,0.0,0.0,213.0,91.0,0.0,0.0
2.0,5988.0,0.0,304.0,0.0,0.0,0.0,213.0,91.0,0.0,0.0
2.0,5988.0,0.0,304.0,0.0,0.0,0.0,213.0,91.0,0.0,0.0
2.0,5988.0,0.0,304.0,0.0,0.0,0.0,213.0,91.0,0.0,0.0
2.0,5988.0,0.0,304.0,0.0,0.0,0.0,213.0,91.0,0.0,0.0
2.0,5988.0,264.0,309.0,0.0,0.0,0.0,216.0,93.0,193.0,71.0
2.0,5724.0,658.0,322.0,0.0,0.0,0.0,226.0,96.0,469.0,189.0
2.0,5066.0,1062.0,342.0,0.0,0.0,0.0,240.0,102.0,750.0,312.0
2.0,4004.0,1192.0,365.0,0.0,0.0,0.0,256.0,109.0,833.0,359.0
2.0,2812.0,932.0,383.0,0.0,35.0,35.0,268.0,115.0,644.0,288.0
2.0,1880.0,263.0,389.0,0.0,328.0,328.0,272.0,117.0,169.0,94.0
2.0,1617.0,0.0,389.0,0.0,328.0,328.0,272.0,117.0,0.0,0.0
2.0,1617.0,0.0,389.0,35.0,293.0,293.0,272.0,117.0,0.0,0.0
2.0,1652.0,0.0,386.0,328.0,0.0,0.0,270.0,116.0,0.0,0.0
2.0,1980.0,0.0,376.0,328.0,0.0,0.0,263.0,113.0,0.0,0.0
2.0,2308.0,0.0,360.0,293.0,0.0,0.0,252.0,108.0,0.0,0.0
2.0,2601.0,228.0,344.0,0.0,0.0,0.0,241.0,103.0,171.0,57.0
2.0,2373.0,617.0,338.0,0.0,0.0,0.0,237.0,101.0,440.0,177.0
2.0,1756.0,1005.0,349.0,0.0,994.0,994.0,245.0,104.0,713.0,292.0
2.0,751.0,1158.0,372.0,0.0,1859.0,1859.0,261.0,111.0,809.0,349.0
2.0,1.0,926.0,390.0,0.0,1949.0,1949.0,273.0,117.0,640.0,286.0
2.0,1.0,301.0,396.0,994.0,1979.0,1979.0,277.0,119.0,193.0,108.0
2.0,1.0,0.0,396.0,1859.0,761.0,761.0,277.0,119.0,0.0,0.0
2.0,1219.0,316.0,402.0,1949.0,0.0,0.0,281.0,121.0,203.0,113.0
2.0,2852.0,0.0,399.0,1979.0,0.0,0.0,279.0,120.0,0.0,0.0
2.0,4831.0,0.0,392.0,761.0,0.0,0.0,274.0,118.0,0.0,0.0
2.0,5592.0,0.0,378.0,0.0,0.0,0.0,264.0,114.0,0.0,0.0
2.0,5592.0,0.0,358.0,0.0,0.0,0.0,250.0,108.0,0.0,0.0
2.0,5592.0,270.0,344.0,0.0,0.0,0.0,241.0,103.0,217.0,53.0
2.0,5322.0,647.0,347.0,0.0,0.0,0.0,244.0,103.0,481.0,166.0
2.0,4675.0,1025.0,367.0,0.0,0.0,0.0,258.0,109.0,746.0,279.0
2.0,3650.0,1139.0,388.0,0.0,0.0,0.0,273.0,115.0,799.0,340.0
2.0,2511.0,877.0,406.0,0.0,396.0,396.0,285.0,121.0,584.0,293.0
2.0,1634.0,239.0,410.0,0.0,655.0,655.0,287.0,123.0,110.0,129.0
2.0,1395.0,0.0,410.0,0.0,655.0,655.0,287.0,123.0,0.0,0.0
2.0,1395.0,0.0,408.0,396.0,249.0,249.0,285.0,123.0,0.0,0.0
2.0,1791.0,0.0,399.0,655.0,0.0,0.0,279.0,120.0,0.0,0.0
2.0,2446.0,0.0,384.0,655.0,0.0,0.0,268.0,116.0,0.0,0.0
2.0,3101.0,0.0,362.0,249.0,0.0,0.0,253.0,109.0,0.0,0.0
2.0,3350.0,338.0,350.0,0.0,0.0,0.0,245.0,105.0,266.0,72.0
2.0,3012.0,735.0,355.0,0.0,0.0,0.0,249.0,106.0,544.0,191.0
2.0,2277.0,1140.0,377.0,0.0,748.0,748.0,265.0,112.0,829.0,311.0
2.0,1137.0,1210.0,400.0,0.0,1999.0,1999.0,281.0,119.0,845.0,365.0
2.0,1.0,886.0,417.0,0.0,2084.0,2084.0,293.0,124.0,590.0,296.0
2.0,1.0,154.0,421.0,748.0,2104.0,2104.0,294.0,127.0,47.0,107.0
2.0,1.0,0.0,421.0,1999.0,471.0,471.0,294.0,127.0,0.0,0.0
2.0,1634.0,12.0,417.0,2084.0,0.0,0.0,291.0,126.0,0.0,12.0
2.0,3706.0,0.0,404.0,2104.0,0.0,0.0,282.0,122.0,0.0,0.0
2.0,5810.0,0.0,386.0,471.0,0.0,0.0,269.0,117.0,0.0,0.0
2.0,6281.0,29.0,364.0,0.0,0.0,0.0,254.0,110.0,29.0,0.0
2.0,6252.0,410.0,354.0,0.0,0.0,0.0,248.0,106.0,329.0,81.0
2.0,5842.0,833.0,363.0,0.0,0.0,0.0,255.0,108.0,625.0,208.0
2.0,5009.0,1239.0,386.0,0.0,0.0,0.0,272.0,114.0,899.0,340.0
2.0,3770.0,1256.0,411.0,0.0,0.0,0.0,289.0,122.0,869.0,387.0
2.0,2514.0,855.0,428.0,0.0,481.0,481.0,300.0,128.0,548.0,307.0
2.0,1659.0,95.0,429.0,0.0,581.0,581.0,300.0,129.0,0.0,95.0
2.0,1564.0,0.0,429.0,0.0,581.0,581.0,300.0,129.0,0.0,0.0
2.0,1564.0,0.0,424.0,481.0,75.0,75.0,296.0,128.0,0.0,0.0
2.0,2045.0,0.0,411.0,581.0,0.0,0.0,287.0,124.0,0.0,0.0
2.0,2626.0,0.0,391.0,581.0,0.0,0.0,273.0,118.0,0.0,0.0
2.0,3207.0,42.0,368.0,75.0,0.0,0.0,257.0,111.0,42.0,0.0
2.0,3240.0,429.0,360.0,0.0,0.0,0.0,252.0,108.0,346.0,83.0
2.0,2811.0,861.0,371.0,0.0,0.0,0.0,261.0,110.0,645.0,216.0
2.0,1950.0,1250.0,394.0,0.0,1270.0,1270.0,278.0,116.0,906.0,344.0
2.0,700.0,1246.0,419.0,0.0,2094.0,2094.0,295.0,124.0,858.0,388.0
2.0,1.0,814.0,435.0,0.0,2174.0,2174.0,305.0,130.0,515.0,299.0
2.0,1.0,82.0,436.0,1270.0,2179.0,2179.0,305.0,131.0,0.0,82.0
2.0,1.0,0.0,436.0,2094.0,258.0,258.0,305.0,131.0,0.0,0.0
2.0,1922.0,139.0,435.0,2174.0,0.0,0.0,302.0,133.0,17.0,122.0
2.0,3957.0,0.0,422.0,2179.0,0.0,0.0,293.0,129.0,0.0,0.0
2.0,6136.0,0.0,403.0,258.0,0.0,0.0,279.0,124.0,0.0,0.0
2.0,6394.0,0.0,381.0,0.0,0.0,0.0,264.0,117.0,0.0,0.0
2.0,6394.0,286.0,368.0,0.0,0.0,0.0,257.0,111.0,286.0,0.0
2.0,6108.0,653.0,375.0,0.0,0.0,0.0,264.0,111.0,576.0,77.0
2.0,5455.0,1071.0,396.0,0.0,0.0,0.0,281.0,115.0,870.0,201.0
2.0,4384.0,1198.0,413.0,0.0,0.0,0.0,294.0,119.0,873.0,325.0
2.0,3186.0,961.0,431.0,0.0,0.0,0.0,305.0,126.0,590.0,371.0
2.0,2225.0,306.0,438.0,0.0,271.0,271.0,306.0,132.0,8.0,298.0
2.0,1919.0,96.0,439.0,0.0,372.0,372.0,306.0,133.0,0.0,96.0
2.0,1823.0,0.0,439.0,0.0,372.0,372.0,306.0,133.0,0.0,0.0
2.0,1823.0,0.0,433.0,271.0,71.0,71.0,301.0,132.0,0.0,0.0
2.0,2094.0,0.0,421.0,372.0,0.0,0.0,292.0,129.0,0.0,0.0
2.0,2466.0,0.0,402.0,372.0,0.0,0.0,278.0,124.0,0.0,0.0
2.0,2838.0,283.0,385.0,71.0,0.0,0.0,268.0,117.0,283.0,0.0
2.0,2626.0,657.0,381.0,0.0,0.0,0.0,268.0,113.0,579.0,78.0
2.0,1969.0,1074.0,397.0,0.0,1090.0,1090.0,282.0,115.0,871.0,203.0
2.0,895.0,1214.0,420.0,0.0,2099.0,2099.0,299.0,121.0,886.0,328.0
2.0,1.0,982.0,439.0,0.0,2194.0,2194.0,311.0,128.0,601.0,381.0
2.0,1.0,336.0,446.0,1090.0,2229.0,2229.0,312.0,134.0,31.0,305.0
2.0,1.0,191.0,450.0,2099.0,889.0,889.0,312.0,138.0,0.0,191.0
2.0,1361.0,319.0,456.0,2194.0,0.0,0.0,312.0,144.0,0.0,319.0
2.0,3236.0,0.0,448.0,2229.0,0.0,0.0,306.0,142.0,0.0,0.0
2.0,5465.0,0.0,435.0,889.0,0.0,0.0,296.0,139.0,0.0,0.0
2.0,6354.0,26.0,414.0,0.0,0.0,0.0,281.0,133.0,26.0,0.0
2.0,6328.0,332.0,397.0,0.0,0.0,0.0,271.0,126.0,332.0,0.0
2.0,5996.0,645.0,392.0,0.0,0.0,0.0,272.0,120.0,645.0,0.0
2.0,5351.0,929.0,407.0,0.0,0.0,0.0,289.0,118.0,929.0,0.0
2.0,4422.0,914.0,424.0,0.0,0.0,0.0,306.0,118.0,914.0,0.0
2.0,3508.0,681.0,438.0,0.0,0.0,0.0,318.0,120.0,582.0,99.0
2.0,2827.0,234.0,442.0,0.0,0.0,0.0,318.0,124.0,0.0,234.0
2.0,2593.0,370.0,449.0,0.0,22.0,22.0,318.0,131.0,0.0,370.0
2.0,2223.0,407.0,456.0,0.0,464.0,464.0,317.0,139.0,0.0,407.0
2.0,1816.0,315.0,455.0,0.0,774.0,774.0,311.0,144.0,0.0,315.0
2.0,1501.0,82.0,440.0,22.0,759.0,759.0,299.0,141.0,0.0,82.0
2.0,1441.0,85.0,418.0,464.0,270.0,270.0,283.0,135.0,85.0,0.0
2.0,1820.0,408.0,401.0,774.0,0.0,0.0,274.0,127.0,408.0,0.0
2.0,2186.0,736.0,399.0,759.0,0.0,0.0,278.0,121.0,736.0,0.0
2.0,2209.0,975.0,416.0,270.0,576.0,576.0,296.0,120.0,975.0,0.0
2.0,1504.0,896.0,434.0,0.0,1562.0,1562.0,314.0,120.0,896.0,0.0
2.0,608.0,600.0,445.0,0.0,2217.0,2217.0,323.0,122.0,485.0,115.0
2.0,8.0,254.0,450.0,576.0,1920.0,1920.0,323.0,127.0,0.0,254.0
2.0,330.0,393.0,457.0,1562.0,786.0,786.0,323.0,134.0,0.0,393.0
2.0,1499.0,422.0,464.0,2217.0,0.0,0.0,322.0,142.0,0.0,422.0
2.0,3294.0,307.0,463.0,1920.0,0.0,0.0,316.0,147.0,0.0,307.0
2.0,4907.0,52.0,446.0,786.0,0.0,0.0,303.0,143.0,0.0,52.0
2.0,5641.0,87.0,424.0,0.0,0.0,0.0,287.0,137.0,87.0,0.0
2.0,5554.0,414.0,408.0,0.0,0.0,0.0,279.0,129.0,414.0,0.0
2.0,5140.0,735.0,407.0,0.0,0.0,0.0,283.0,124.0,735.0,0.0
2.0,4405.0,973.0,424.0,0.0,0.0,0.0,302.0,122.0,973.0,0.0
2.0,3432.0,878.0,441.0,0.0,0.0,0.0,319.0,122.0,878.0,0.0
2.0,2554.0,561.0,449.0,0.0,252.0,252.0,327.0,122.0,461.0,100.0
2.0,1993.0,236.0,453.0,0.0,508.0,508.0,327.0,126.0,0.0,236.0
2.0,1757.0,377.0,460.0,0.0,920.0,920.0,327.0,133.0,0.0,377.0
2.0,1380.0,412.0,468.0,252.0,1120.0,1120.0,327.0,141.0,0.0,412.0
2.0,1220.0,311.0,469.0,508.0,928.0,928.0,322.0,147.0,0.0,311.0
2.0,1417.0,69.0,458.0,920.0,22.0,22.0,311.0,147.0,0.0,69.0
2.0,2268.0,55.0,438.0,1120.0,0.0,0.0,295.0,143.0,55.0,0.0
2.0,3333.0,373.0,422.0,928.0,0.0,0.0,285.0,137.0,373.0,0.0
2.0,3888.0,686.0,417.0,22.0,0.0,0.0,287.0,130.0,686.0,0.0
2.0,3224.0,948.0,429.0,0.0,0.0,0.0,305.0,124.0,948.0,0.0
2.0,2276.0,887.0,444.0,0.0,831.0,831.0,322.0,122.0,887.0,0.0
2.0,1389.0,609.0,456.0,0.0,1500.0,1500.0,332.0,124.0,518.0,91.0
2.0,780.0,225.0,460.0,0.0,1745.0,1745.0,332.0,128.0,0.0,225.0
2.0,555.0,359.0,467.0,831.0,1308.0,1308.0,332.0,135.0,0.0,359.0
2.0,1027.0,402.0,475.0,1500.0,250.0,250.0,332.0,143.0,0.0,402.0
2.0,2125.0,311.0,476.0,1745.0,0.0,0.0,327.0,149.0,0.0,311.0
2.0,3559.0,87.0,465.0,1308.0,0.0,0.0,316.0,149.0,0.0,87.0
2.0,4780.0,58.0,445.0,250.0,0.0,0.0,300.0,145.0,58.0,0.0
2.0,4972.0,380.0,429.0,0.0,0.0,0.0,290.0,139.0,380.0,0.0
2.0,4592.0,699.0,424.0,0.0,0.0,0.0,292.0,132.0,699.0,0.0
2.0,3893.0,966.0,436.0,0.0,0.0,0.0,310.0,126.0,966.0,0.0
2.0,2927.0,908.0,450.0,0.0,231.0,231.0,328.0,122.0,908.0,0.0
2.0,2019.0,654.0,456.0,0.0,915.0,915.0,338.0,118.0,537.0,117.0
2.0,1365.0,256.0,461.0,0.0,1196.0,1196.0,338.0,123.0,0.0,256.0
2.0,1109.0,396.0,469.0,231.0,1401.0,1401.0,338.0,131.0,0.0,396.0
2.0,944.0,420.0,477.0,915.0,946.0,946.0,338.0,139.0,0.0,420.0
2.0,1439.0,306.0,476.0,1196.0,51.0,51.0,331.0,145.0,0.0,306.0
2.0,2329.0,57.0,465.0,1401.0,0.0,0.0,319.0,146.0,0.0,57.0
2.0,3673.0,118.0,449.0,946.0,0.0,0.0,303.0,146.0,118.0,0.0
2.0,4501.0,454.0,440.0,51.0,0.0,0.0,294.0,146.0,454.0,0.0
2.0,4098.0,792.0,442.0,0.0,0.0,0.0,298.0,144.0,792.0,0.0
2.0,3306.0,1018.0,457.0,0.0,0.0,0.0,318.0,139.0,1018.0,0.0
2.0,2288.0,907.0,467.0,0.0,954.0,954.0,335.0,132.0,905.0,2.0
2.0,1381.0,609.0,471.0,0.0,1583.0,1583.0,344.0,127.0,460.0,149.0
2.0,772.0,296.0,471.0,0.0,1879.0,1879.0,344.0,127.0,0.0,296.0
2.0,476.0,442.0,478.0,954.0,1402.0,1402.0,344.0,134.0,0.0,442.0
2.0,988.0,441.0,484.0,1583.0,290.0,290.0,342.0,142.0,0.0,441.0
2.0,2130.0,299.0,483.0,1879.0,0.0,0.0,335.0,148.0,0.0,299.0
2.0,3710.0,6.0,468.0,1402.0,0.0,0.0,320.0,148.0,0.0,6.0
2.0,5106.0,170.0,453.0,290.0,0.0,0.0,305.0,148.0,170.0,0.0
2.0,5226.0,519.0,446.0,0.0,0.0,0.0,298.0,148.0,519.0,0.0
2.0,4707.0,873.0,451.0,0.0,0.0,0.0,305.0,146.0,873.0,0.0
2.0,3834.0,1052.0,466.0,0.0,0.0,0.0,325.0,141.0,1052.0,0.0
2.0,2782.0,892.0,476.0,0.0,490.0,490.0,342.0,134.0,882.0,10.0
2.0,1890.0,521.0,478.0,0.0,1021.0,1021.0,349.0,129.0,362.0,159.0
2.0,1369.0,308.0,478.0,0.0,1329.0,1329.0,349.0,129.0,0.0,308.0
2.0,1061.0,447.0,485.0,490.0,1321.0,1321.0,349.0,136.0,0.0,447.0
2.0,1104.0,442.0,493.0,1021.0,782.0,782.0,348.0,145.0,0.0,442.0
2.0,1683.0,282.0,490.0,1329.0,0.0,0.0,340.0,150.0,0.0,282.0
2.0,2730.0,0.0,476.0,1321.0,0.0,0.0,326.0,150.0,0.0,0.0
2.0,4051.0,159.0,460.0,782.0,0.0,0.0,310.0,150.0,159.0,0.0
2.0,4674.0,503.0,453.0,0.0,0.0,0.0,303.0,150.0,503.0,0.0
2.0,4171.0,851.0,458.0,0.0,0.0,0.0,310.0,148.0,851.0,0.0
2.0,3320.0,1034.0,474.0,0.0,84.0,84.0,330.0,144.0,1034.0,0.0
2.0,2286.0,877.0,484.0,0.0,1011.0,1011.0,347.0,137.0,877.0,0.0
2.0,1409.0,510.0,485.0,0.0,1526.0,1526.0,354.0,131.0,366.0,144.0
2.0,899.0,289.0,485.0,84.0,1731.0,1731.0,354.0,131.0,0.0,289.0
2.0,694.0,439.0,492.0,1011.0,1194.0,1194.0,354.0,138.0,0.0,439.0
2.0,1266.0,440.0,500.0,1526.0,148.0,148.0,353.0,147.0,0.0,440.0
2.0,2352.0,295.0,498.0,1731.0,0.0,0.0,346.0,152.0,0.0,295.0
2.0,3788.0,0.0,485.0,1194.0,0.0,0.0,333.0,152.0,0.0,0.0
2.0,4982.0,130.0,469.0,148.0,0.0,0.0,317.0,152.0,130.0,0.0
2.0,5000.0,466.0,461.0,0.0,0.0,0.0,309.0,152.0,466.0,0.0
2.0,4534.0,807.0,464.0,0.0,0.0,0.0,314.0,150.0,807.0,0.0
2.0,3727.0,1014.0,480.0,0.0,0.0,0.0,334.0,146.0,1014.0,0.0
2.0,2713.0,890.0,490.0,0.0,627.0,627.0,351.0,139.0,890.0,0.0
2.0,1823.0,555.0,493.0,0.0,1197.0,1197.0,359.0,134.0,420.0,135.0
2.0,1268.0,285.0,493.0,0.0,1482.0,1482.0,359.0,134.0,0.0,285.0
2.0,983.0,430.0,499.0,627.0,1315.0,1315.0,359.0,140.0,0.0,430.0
2.0,1180.0,441.0,507.0,1197.0,599.0,599.0,358.0,149.0,0.0,441.0
2.0,1936.0,302.0,506.0,1482.0,0.0,0.0,351.0,155.0,0.0,302.0
2.0,3116.0,19.0,492.0,1315.0,0.0,0.0,337.0,155.0,0.0,19.0
2.0,4412.0,156.0,477.0,599.0,0.0,0.0,322.0,155.0,156.0,0.0
2.0,4855.0,502.0,469.0,0.0,0.0,0.0,314.0,155.0,502.0,0.0
2.0,4353.0,855.0,473.0,0.0,0.0,0.0,320.0,153.0,855.0,0.0
2.0,3498.0,1048.0,488.0,0.0,0.0,0.0,340.0,148.0,1048.0,0.0
2.0,2450.0,908.0,497.0,0.0,943.0,943.0,357.0,140.0,902.0,6.0
2.0,1542.0,562.0,500.0,0.0,1520.0,1520.0,365.0,135.0,400.0,162.0
2.0,980.0,314.0,500.0,0.0,1834.0,1834.0,365.0,135.0,0.0,314.0
2.0,666.0,461.0,508.0,943.0,1392.0,1392.0,365.0,143.0,0.0,461.0
2.0,1148.0,453.0,515.0,1520.0,360.0,360.0,363.0,152.0,0.0,453.0
2.0,2215.0,293.0,512.0,1834.0,0.0,0.0,354.0,158.0,0.0,293.0
2.0,3756.0,0.0,497.0,1392.0,0.0,0.0,339.0,158.0,0.0,0.0
2.0,5148.0,221.0,482.0,360.0,0.0,0.0,324.0,158.0,221.0,0.0
2.0,5287.0,591.0,475.0,0.0,0.0,0.0,318.0,157.0,591.0,0.0
2.0,4696.0,958.0,482.0,0.0,0.0,0.0,327.0,155.0,958.0,0.0
2.0,3738.0,1110.0,497.0,0.0,0.0,0.0,348.0,149.0,1110.0,0.0
2.0,2628.0,924.0,507.0,0.0,831.0,831.0,366.0,141.0,888.0,36.0
2.0,1704.0,500.0,507.0,0.0,1331.0,1331.0,371.0,136.0,305.0,195.0
2.0,1204.0,354.0,508.0,0.0,1690.0,1690.0,371.0,137.0,0.0,354.0
2.0,850.0,477.0,517.0,831.0,1381.0,1381.0,371.0,146.0,0.0,477.0
2.0,1204.0,442.0,523.0,1331.0,522.0,522.0,368.0,155.0,0.0,442.0
2.0,2093.0,253.0,518.0,1690.0,0.0,0.0,358.0,160.0,0.0,253.0
2.0,3530.0,0.0,501.0,1381.0,0.0,0.0,341.0,160.0,0.0,0.0
2.0,4911.0,247.0,486.0,522.0,0.0,0.0,326.0,160.0,247.0,0.0
2.0,5186.0,625.0,481.0,0.0,0.0,0.0,321.0,160.0,625.0,0.0
2.0,4561.0,998.0,490.0,0.0,0.0,0.0,333.0,157.0,998.0,0.0
2.0,3563.0,1128.0,506.0,0.0,95.0,95.0,355.0,151.0,1128.0,0.0
2.0,2435.0,919.0,515.0,0.0,1059.0,1059.0,372.0,143.0,875.0,44.0
2.0,1516.0,456.0,515.0,0.0,1515.0,1515.0,377.0,138.0,253.0,203.0
2.0,1060.0,362.0,517.0,95.0,1792.0,1792.0,377.0,140.0,0.0,362.0
2.0,793.0,476.0,526.0,1059.0,1254.0,1254.0,377.0,149.0,0.0,476.0
2.0,1376.0,436.0,530.0,1515.0,195.0,195.0,373.0,157.0,0.0,436.0
2.0,2455.0,232.0,526.0,1792.0,0.0,0.0,364.0,162.0,0.0,232.0
2.0,4015.0,0.0,509.0,1254.0,0.0,0.0,347.0,162.0,0.0,0.0
2.0,5269.0,217.0,494.0,195.0,0.0,0.0,332.0,162.0,217.0,0.0
2.0,5247.0,587.0,488.0,0.0,0.0,0.0,326.0,162.0,587.0,0.0
2.0,4660.0,951.0,496.0,0.0,0.0,0.0,337.0,159.0,951.0,0.0
2.0,3709.0,1102.0,513.0,0.0,0.0,0.0,359.0,154.0,1102.0,0.0
2.0,2607.0,908.0,521.0,0.0,906.0,906.0,375.0,146.0,878.0,30.0
2.0,1699.0,479.0,522.0,0.0,1390.0,1390.0,381.0,141.0,294.0,185.0
2.0,1220.0,340.0,523.0,0.0,1735.0,1735.0,381.0,142.0,0.0,340.0
2.0,880.0,470.0,532.0,906.0,1344.0,1344.0,381.0,151.0,0.0,470.0
2.0,1316.0,440.0,538.0,1390.0,424.0,424.0,379.0,159.0,0.0,440.0
2.0,2266.0,254.0,534.0,1735.0,0.0,0.0,370.0,164.0,0.0,254.0
2.0,3747.0,0.0,518.0,1344.0,0.0,0.0,354.0,164.0,0.0,0.0
2.0,5091.0,202.0,503.0,424.0,0.0,0.0,339.0,164.0,202.0,0.0
2.0,5313.0,563.0,496.0,0.0,0.0,0.0,332.0,164.0,563.0,0.0
2.0,4750.0,930.0,503.0,0.0,0.0,0.0,342.0,161.0,930.0,0.0
2.0,3820.0,1090.0,519.0,0.0,0.0,0.0,363.0,156.0,1090.0,0.0
2.0,2730.0,915.0,528.0,0.0,825.0,825.0,380.0,148.0,890.0,25.0
2.0,1815.0,511.0,529.0,0.0,1341.0,1341.0,386.0,143.0,330.0,181.0
2.0,1304.0,343.0,530.0,0.0,1689.0,1689.0,386.0,144.0,0.0,343.0
2.0,961.0,475.0,539.0,825.0,1384.0,1384.0,386.0,153.0,0.0,475.0
2.0,1311.0,452.0,544.0,1341.0,520.0,520.0,383.0,161.0,0.0,452.0
2.0,2200.0,268.0,541.0,1689.0,0.0,0.0,374.0,167.0,0.0,268.0
2.0,3621.0,0.0,524.0,1384.0,0.0,0.0,357.0,167.0,0.0,0.0
2.0,5005.0,252.0,509.0,520.0,0.0,0.0,342.0,167.0,252.0,0.0
2.0,5273.0,627.0,503.0,0.0,0.0,0.0,337.0,166.0,627.0,0.0
2.0,4646.0,1009.0,511.0,0.0,0.0,0.0,348.0,163.0,1009.0,0.0
2.0,3637.0,1136.0,527.0,0.0,134.0,134.0,370.0,157.0,1136.0,0.0
2.0,2501.0,945.0,537.0,0.0,1129.0,1129.0,388.0,149.0,895.0,50.0
2.0,1556.0,483.0,538.0,0.0,1617.0,1617.0,393.0,145.0,269.0,214.0
2.0,1073.0,379.0,539.0,134.0,1867.0,1867.0,393.0,146.0,0.0,379.0
2.0,828.0,494.0,549.0,1129.0,1282.0,1282.0,393.0,156.0,0.0,494.0
2.0,1463.0,446.0,553.0,1617.0,131.0,131.0,388.0,165.0,0.0,446.0
2.0,2634.0,234.0,546.0,1867.0,0.0,0.0,377.0,169.0,0.0,234.0
2.0,4267.0,0.0,528.0,1282.0,0.0,0.0,359.0,169.0,0.0,0.0
2.0,5549.0,316.0,512.0,131.0,0.0,0.0,343.0,169.0,316.0,0.0
2.0,5364.0,710.0,508.0,0.0,0.0,0.0,340.0,168.0,710.0,0.0
2.0,4654.0,1110.0,520.0,0.0,0.0,0.0,355.0,165.0,1110.0,0.0
2.0,3544.0,1190.0,536.0,0.0,326.0,326.0,378.0,158.0,1190.0,0.0
2.0,2354.0,963.0,545.0,0.0,1334.0,1334.0,395.0,150.0,881.0,82.0
2.0,1391.0,420.0,546.0,0.0,1759.0,1759.0,399.0,147.0,168.0,252.0
2.0,971.0,422.0,549.0,326.0,1870.0,1870.0,399.0,150.0,0.0,422.0
2.0,875.0,510.0,559.0,1334.0,1096.0,1096.0,399.0,160.0,0.0,510.0
2.0,1699.0,428.0,562.0,1759.0,0.0,0.0,394.0,168.0,0.0,428.0
2.0,3030.0,181.0,553.0,1870.0,0.0,0.0,382.0,171.0,0.0,181.0
2.0,4719.0,0.0,534.0,1096.0,0.0,0.0,363.0,171.0,0.0,0.0
2.0,5815.0,326.0,518.0,0.0,0.0,0.0,347.0,171.0,326.0,0.0
2.0,5489.0,722.0,514.0,0.0,0.0,0.0,344.0,170.0,722.0,0.0
2.0,4767.0,1122.0,528.0,0.0,0.0,0.0,361.0,167.0,1122.0,0.0
2.0,3645.0,1191.0,544.0,0.0,266.0,266.0,384.0,160.0,1191.0,0.0
2.0,2454.0,952.0,552.0,0.0,1258.0,1258.0,400.0,152.0,868.0,84.0
2.0,1502.0,391.0,552.0,0.0,1649.0,1649.0,403.0,149.0,139.0,252.0
2.0,1111.0,420.0,555.0,266.0,1818.0,1818.0,403.0,152.0,0.0,420.0
2.0,957.0,504.0,565.0,1258.0,1114.0,1114.0,403.0,162.0,0.0,504.0
2.0,1711.0,424.0,569.0,1649.0,0.0,0.0,399.0,170.0,0.0,424.0
2.0,2936.0,171.0,561.0,1818.0,0.0,0.0,388.0,173.0,0.0,171.0
2.0,4583.0,0.0,542.0,1114.0,0.0,0.0,369.0,173.0,0.0,0.0
2.0,5697.0,294.0,527.0,0.0,0.0,0.0,354.0,173.0,294.0,0.0
2.0,5403.0,686.0,523.0,0.0,0.0,0.0,350.0,173.0,686.0,0.0
2.0,4717.0,1072.0,534.0,0.0,0.0,0.0,365.0,169.0,1072.0,0.0
2.0,3645.0,1169.0,551.0,0.0,279.0,279.0,388.0,163.0,1169.0,0.0
2.0,2476.0,938.0,559.0,0.0,1257.0,1257.0,404.0,155.0,868.0,70.0
2.0,1538.0,416.0,559.0,0.0,1673.0,1673.0,408.0,151.0,181.0,235.0
2.0,1122.0,400.0,562.0,279.0,1809.0,1809.0,408.0,154.0,0.0,400.0
2.0,1001.0,500.0,571.0,1257.0,1097.0,1097.0,408.0,163.0,0.0,500.0
2.0,1758.0,430.0,576.0,1673.0,0.0,0.0,404.0,172.0,0.0,430.0
2.0,3001.0,195.0,568.0,1809.0,0.0,0.0,393.0,175.0,0.0,195.0
2.0,4615.0,0.0,550.0,1097.0,0.0,0.0,375.0,175.0,0.0,0.0
2.0,5712.0,292.0,535.0,0.0,0.0,0.0,360.0,175.0,292.0,0.0
2.0,5420.0,685.0,531.0,0.0,0.0,0.0,356.0,175.0,685.0,0.0
2.0,4735.0,1074.0,541.0,0.0,0.0,0.0,370.0,171.0,1074.0,0.0
2.0,3661.0,1177.0,558.0,0.0,306.0,306.0,393.0,165.0,1177.0,0.0
2.0,2484.0,957.0,567.0,0.0,1308.0,1308.0,410.0,157.0,883.0,74.0
2.0,1527.0,449.0,567.0,0.0,1757.0,1757.0,414.0,153.0,207.0,242.0
2.0,1078.0,416.0,570.0,306.0,1882.0,1882.0,414.0,156.0,0.0,416.0
2.0,968.0,512.0,580.0,1308.0,1136.0,1136.0,414.0,166.0,0.0,512.0
2.0,1764.0,440.0,583.0,1757.0,0.0,0.0,409.0,174.0,0.0,440.0
2.0,3081.0,195.0,575.0,1882.0,0.0,0.0,397.0,178.0,0.0,195.0
2.0,4768.0,0.0,556.0,1136.0,0.0,0.0,378.0,178.0,0.0,0.0
2.0,5904.0,342.0,540.0,0.0,0.0,0.0,362.0,178.0,342.0,0.0
2.0,5562.0,752.0,537.0,0.0,0.0,0.0,360.0,177.0,752.0,0.0
2.0,4810.0,1159.0,550.0,0.0,0.0,0.0,377.0,173.0,1159.0,0.0
2.0,3651.0,1231.0,566.0,0.0,410.0,410.0,400.0,166.0,1231.0,0.0
2.0,2420.0,987.0,575.0,0.0,1442.0,1442.0,417.0,158.0,890.0,97.0
2.0,1433.0,427.0,575.0,0.0,1869.0,1869.0,420.0,155.0,148.0,279.0
2.0,1006.0,456.0,579.0,410.0,1935.0,1935.0,420.0,159.0,0.0,456.0
2.0,960.0,537.0,589.0,1442.0,1080.0,1080.0,420.0,169.0,0.0,537.0
2.0,1865.0,436.0,592.0,1869.0,0.0,0.0,414.0,178.0,0.0,436.0
2.0,3298.0,159.0,582.0,1935.0,0.0,0.0,401.0,181.0,0.0,159.0
2.0,5074.0,0.0,560.0,1080.0,0.0,0.0,379.0,181.0,0.0,0.0
2.0,6154.0,397.0,545.0,0.0,0.0,0.0,364.0,181.0,397.0,0.0
2.0,5757.0,818.0,542.0,0.0,0.0,0.0,363.0,179.0,818.0,0.0
2.0,4939.0,1239.0,557.0,0.0,0.0,0.0,383.0,174.0,1239.0,0.0
2.0,3700.0,1269.0,574.0,0.0,439.0,439.0,408.0,166.0,1269.0,0.0
2.0,2431.0,991.0,583.0,0.0,1475.0,1475.0,424.0,159.0,873.0,118.0
2.0,1440.0,360.0,582.0,0.0,1830.0,1830.0,426.0,156.0,61.0,299.0
2.0,1080.0,480.0,588.0,439.0,1901.0,1901.0,426.0,162.0,0.0,480.0
2.0,1039.0,542.0,598.0,1475.0,1018.0,1018.0,426.0,172.0,0.0,542.0
2.0,1972.0,423.0,600.0,1830.0,0.0,0.0,419.0,181.0,0.0,423.0
2.0,3379.0,128.0,589.0,1901.0,0.0,0.0,406.0,183.0,0.0,128.0
2.0,5152.0,0.0,567.0,1018.0,0.0,0.0,384.0,183.0,0.0,0.0
2.0,6170.0,396.0,552.0,0.0,0.0,0.0,369.0,183.0,396.0,0.0
2.0,5774.0,814.0,549.0,0.0,0.0,0.0,368.0,181.0,814.0,0.0
2.0,4960.0,1236.0,566.0,0.0,0.0,0.0,389.0,177.0,1236.0,0.0
2.0,3724.0,1256.0,581.0,0.0,437.0,437.0,413.0,168.0,1256.0,0.0
2.0,2468.0,975.0,590.0,0.0,1457.0,1457.0,429.0,161.0,862.0,113.0
2.0,1493.0,332.0,588.0,0.0,1779.0,1779.0,430.0,158.0,41.0,291.0
2.0,1161.0,468.0,594.0,437.0,1840.0,1840.0,430.0,164.0,0.0,468.0
2.0,1130.0,532.0,604.0,1457.0,965.0,965.0,430.0,174.0,0.0,532.0
2.0,2055.0,422.0,607.0,1779.0,0.0,0.0,425.0,182.0,0.0,422.0
2.0,3412.0,130.0,596.0,1840.0,0.0,0.0,411.0,185.0,0.0,130.0
2.0,5122.0,0.0,576.0,965.0,0.0,0.0,391.0,185.0,0.0,0.0
2.0,6087.0,368.0,560.0,0.0,0.0,0.0,375.0,185.0,368.0,0.0
2.0,5719.0,778.0,558.0,0.0,0.0,0.0,374.0,184.0,778.0,0.0
2.0,4941.0,1192.0,572.0,0.0,0.0,0.0,393.0,179.0,1192.0,0.0
2.0,3749.0,1233.0,588.0,0.0,424.0,424.0,417.0,171.0,1233.0,0.0
2.0,2516.0,972.0,598.0,0.0,1446.0,1446.0,434.0,164.0,869.0,103.0
2.0,1544.0,364.0,596.0,0.0,1800.0,1800.0,435.0,161.0,86.0,278.0
2.0,1180.0,454.0,601.0,424.0,1855.0,1855.0,435.0,166.0,0.0,454.0
2.0,1150.0,532.0,611.0,1446.0,991.0,991.0,435.0,176.0,0.0,532.0
2.0,2064.0,430.0,614.0,1800.0,0.0,0.0,430.0,184.0,0.0,430.0
2.0,3434.0,152.0,603.0,1855.0,0.0,0.0,416.0,187.0,0.0,152.0
2.0,5137.0,0.0,583.0,991.0,0.0,0.0,396.0,187.0,0.0,0.0
2.0,6128.0,383.0,567.0,0.0,0.0,0.0,380.0,187.0,383.0,0.0
2.0,5745.0,799.0,565.0,0.0,0.0,0.0,379.0,186.0,799.0,0.0
2.0,4946.0,1221.0,579.0,0.0,0.0,0.0,398.0,181.0,1221.0,0.0
2.0,3725.0,1257.0,595.0,0.0,507.0,507.0,422.0,173.0,1257.0,0.0
2.0,2468.0,996.0,605.0,0.0,1553.0,1553.0,439.0,166.0,883.0,113.0
2.0,1472.0,378.0,604.0,0.0,1926.0,1926.0,441.0,163.0,84.0,294.0
2.0,1094.0,481.0,609.0,507.0,1925.0,1925.0,441.0,168.0,0.0,481.0
2.0,1120.0,550.0,620.0,1553.0,977.0,977.0,441.0,179.0,0.0,550.0
2.0,2123.0,439.0,622.0,1926.0,0.0,0.0,435.0,187.0,0.0,439.0
2.0,3610.0,142.0,610.0,1925.0,0.0,0.0,420.0,190.0,0.0,142.0
2.0,5393.0,13.0,588.0,977.0,0.0,0.0,398.0,190.0,13.0,0.0
2.0,6357.0,446.0,573.0,0.0,0.0,0.0,383.0,190.0,446.0,0.0
2.0,5911.0,886.0,571.0,0.0,0.0,0.0,383.0,188.0,886.0,0.0
2.0,5025.0,1309.0,588.0,0.0,0.0,0.0,405.0,183.0,1309.0,0.0
2.0,3716.0,1301.0,604.0,0.0,605.0,605.0,430.0,174.0,1301.0,0.0
2.0,2415.0,995.0,613.0,0.0,1645.0,1645.0,447.0,166.0,859.0,136.0
2.0,1420.0,330.0,611.0,0.0,1965.0,1965.0,447.0,164.0,0.0,330.0
2.0,1090.0,519.0,618.0,605.0,1914.0,1914.0,447.0,171.0,0.0,519.0
2.0,1176.0,573.0,629.0,1645.0,897.0,897.0,447.0,182.0,0.0,573.0
2.0,2248.0,433.0,629.0,1965.0,0.0,0.0,439.0,190.0,0.0,433.0
2.0,3780.0,105.0,615.0,1914.0,0.0,0.0,423.0,192.0,0.0,105.0
2.0,5589.0,65.0,593.0,897.0,0.0,0.0,401.0,192.0,65.0,0.0
2.0,6421.0,511.0,578.0,0.0,0.0,0.0,386.0,192.0,511.0,0.0
2.0,5910.0,962.0,578.0,0.0,0.0,0.0,388.0,190.0,962.0,0.0
2.0,4948.0,1343.0,597.0,0.0,0.0,0.0,413.0,184.0,1343.0,0.0
2.0,3605.0,1283.0,612.0,0.0,738.0,738.0,437.0,175.0,1283.0,0.0
2.0,2322.0,917.0,620.0,0.0,1695.0,1695.0,452.0,168.0,767.0,150.0
2.0,1405.0,341.0,618.0,0.0,2026.0,2026.0,452.0,166.0,0.0,341.0
2.0,1064.0,531.0,626.0,738.0,1859.0,1859.0,452.0,174.0,0.0,531.0
2.0,1271.0,571.0,637.0,1695.0,790.0,790.0,452.0,185.0,0.0,571.0
2.0,2395.0,420.0,637.0,2026.0,0.0,0.0,444.0,193.0,0.0,420.0
2.0,4001.0,84.0,624.0,1859.0,0.0,0.0,429.0,195.0,0.0,84.0
2.0,5776.0,51.0,601.0,790.0,0.0,0.0,406.0,195.0,51.0,0.0
2.0,6515.0,492.0,586.0,0.0,0.0,0.0,391.0,195.0,492.0,0.0
2.0,6023.0,937.0,585.0,0.0,0.0,0.0,393.0,192.0,937.0,0.0
2.0,5086.0,1325.0,604.0,0.0,0.0,0.0,417.0,187.0,1325.0,0.0
2.0,3761.0,1276.0,620.0,0.0,615.0,615.0,442.0,178.0,1276.0,0.0
2.0,2485.0,919.0,627.0,0.0,1569.0,1569.0,457.0,170.0,776.0,143.0
2.0,1566.0,330.0,626.0,0.0,1894.0,1894.0,457.0,169.0,0.0,330.0
2.0,1236.0,517.0,633.0,615.0,1831.0,1831.0,457.0,176.0,0.0,517.0
2.0,1334.0,560.0,644.0,1569.0,877.0,877.0,457.0,187.0,0.0,560.0
2.0,2343.0,421.0,645.0,1894.0,0.0,0.0,450.0,195.0,0.0,421.0
2.0,3816.0,90.0,632.0,1831.0,0.0,0.0,435.0,197.0,0.0,90.0
2.0,5557.0,23.0,609.0,877.0,0.0,0.0,412.0,197.0,23.0,0.0
2.0,6411.0,456.0,594.0,0.0,0.0,0.0,397.0,197.0,456.0,0.0
2.0,5955.0,894.0,593.0,0.0,0.0,0.0,398.0,195.0,894.0,0.0
2.0,5061.0,1305.0,610.0,0.0,0.0,0.0,421.0,189.0,1305.0,0.0
2.0,3756.0,1288.0,627.0,0.0,667.0,667.0,446.0,181.0,1288.0,0.0
2.0,2468.0,969.0,635.0,0.0,1676.0,1676.0,462.0,173.0,829.0,140.0
2.0,1499.0,326.0,633.0,0.0,1992.0,1992.0,462.0,171.0,0.0,326.0
2.0,1173.0,513.0,640.0,667.0,1873.0,1873.0,462.0,178.0,0.0,513.0
2.0,1327.0,565.0,651.0,1676.0,817.0,817.0,462.0,189.0,0.0,565.0
2.0,2438.0,427.0,652.0,1992.0,0.0,0.0,455.0,197.0,0.0,427.0
2.0,4003.0,102.0,638.0,1873.0,0.0,0.0,439.0,199.0,0.0,102.0
2.0,5774.0,50.0,616.0,817.0,0.0,0.0,417.0,199.0,50.0,0.0
2.0,6541.0,498.0,601.0,0.0,0.0,0.0,402.0,199.0,498.0,0.0
2.0,6043.0,943.0,600.0,0.0,0.0,0.0,403.0,197.0,943.0,0.0
2.0,5100.0,1344.0,619.0,0.0,0.0,0.0,428.0,191.0,1344.0,0.0
2.0,3756.0,1294.0,634.0,0.0,708.0,708.0,452.0,182.0,1294.0,0.0
2.0,2462.0,964.0,642.0,0.0,1712.0,1712.0,468.0,174.0,806.0,158.0
2.0,1498.0,352.0,641.0,0.0,2059.0,2059.0,468.0,173.0,0.0,352.0
2.0,1146.0,551.0,649.0,708.0,1942.0,1942.0,468.0,181.0,0.0,551.0
2.0,1303.0,588.0,660.0,1712.0,873.0,873.0,468.0,192.0,0.0,588.0
2.0,2427.0,432.0,659.0,2059.0,0.0,0.0,459.0,200.0,0.0,432.0
2.0,4054.0,78.0,644.0,1942.0,0.0,0.0,442.0,202.0,0.0,78.0
2.0,5918.0,111.0,621.0,873.0,0.0,0.0,419.0,202.0,111.0,0.0
2.0,6680.0,578.0,607.0,0.0,0.0,0.0,405.0,202.0,578.0,0.0
2.0,6102.0,1042.0,608.0,0.0,0.0,0.0,409.0,199.0,1042.0,0.0
2.0,5060.0,1401.0,629.0,0.0,0.0,0.0,436.0,193.0,1401.0,0.0
2.0,3659.0,1289.0,643.0,0.0,845.0,845.0,460.0,183.0,1289.0,0.0
2.0,2370.0,897.0,649.0,0.0,1772.0,1772.0,474.0,175.0,719.0,178.0
2.0,1473.0,384.0,648.0,0.0,2151.0,2151.0,474.0,174.0,0.0,384.0
2.0,1089.0,585.0,657.0,845.0,1936.0,1936.0,474.0,183.0,0.0,585.0
2.0,1349.0,608.0,668.0,1772.0,827.0,827.0,473.0,195.0,0.0,608.0
2.0,2513.0,425.0,666.0,2151.0,0.0,0.0,463.0,203.0,0.0,425.0
2.0,4239.0,41.0,649.0,1936.0,0.0,0.0,445.0,204.0,0.0,41.0
2.0,6134.0,137.0,625.0,827.0,0.0,0.0,421.0,204.0,137.0,0.0
2.0,6824.0,612.0,613.0,0.0,0.0,0.0,409.0,204.0,612.0,0.0
2.0,6212.0,1082.0,616.0,0.0,0.0,0.0,415.0,201.0,1082.0,0.0
2.0,5130.0,1419.0,637.0,0.0,0.0,0.0,442.0,195.0,1419.0,0.0
2.0,3711.0,1276.0,650.0,0.0,815.0,815.0,466.0,184.0,1276.0,0.0
2.0,2435.0,850.0,656.0,0.0,1695.0,1695.0,479.0,177.0,667.0,183.0
2.0,1585.0,383.0,655.0,0.0,2073.0,2073.0,479.0,176.0,0.0,383.0
2.0,1202.0,583.0,665.0,815.0,1891.0,1891.0,479.0,186.0,0.0,583.0
2.0,1434.0,600.0,675.0,1695.0,846.0,846.0,478.0,197.0,0.0,600.0
2.0,2529.0,416.0,674.0,2073.0,0.0,0.0,469.0,205.0,0.0,416.0
2.0,4186.0,37.0,657.0,1891.0,0.0,0.0,451.0,206.0,0.0,37.0
2.0,6040.0,112.0,633.0,846.0,0.0,0.0,427.0,206.0,112.0,0.0
2.0,6774.0,574.0,620.0,0.0,0.0,0.0,414.0,206.0,574.0,0.0
2.0,6200.0,1035.0,622.0,0.0,0.0,0.0,419.0,203.0,1035.0,0.0
2.0,5165.0,1388.0,643.0,0.0,0.0,0.0,446.0,197.0,1388.0,0.0
2.0,3777.0,1274.0,657.0,0.0,782.0,782.0,470.0,187.0,1274.0,0.0
2.0,2503.0,877.0,664.0,0.0,1694.0,1694.0,484.0,180.0,703.0,174.0
2.0,1626.0,370.0,663.0,0.0,2059.0,2059.0,484.0,179.0,0.0,370.0
2.0,1256.0,566.0,672.0,782.0,1888.0,1888.0,484.0,188.0,0.0,566.0
2.0,1472.0,588.0,682.0,1694.0,832.0,832.0,483.0,199.0,0.0,588.0
2.0,2578.0,419.0,681.0,2059.0,0.0,0.0,474.0,207.0,0.0,419.0
2.0,4218.0,49.0,665.0,1888.0,0.0,0.0,457.0,208.0,0.0,49.0
2.0,6057.0,102.0,642.0,832.0,0.0,0.0,434.0,208.0,102.0,0.0
2.0,6787.0,560.0,628.0,0.0,0.0,0.0,420.0,208.0,560.0,0.0
2.0,6227.0,1024.0,629.0,0.0,0.0,0.0,424.0,205.0,1024.0,0.0
2.0,5203.0,1382.0,649.0,0.0,0.0,0.0,450.0,199.0,1382.0,0.0
2.0,3821.0,1287.0,664.0,0.0,786.0,786.0,475.0,189.0,1287.0,0.0
2.0,2534.0,904.0,671.0,0.0,1725.0,1725.0,489.0,182.0,725.0,179.0
2.0,1630.0,377.0,670.0,0.0,2097.0,2097.0,489.0,181.0,0.0,377.0
2.0,1253.0,576.0,679.0,786.0,1932.0,1932.0,489.0,190.0,0.0,576.0
2.0,1463.0,601.0,690.0,1725.0,863.0,863.0,488.0,202.0,0.0,601.0
2.0,2587.0,424.0,689.0,2097.0,0.0,0.0,479.0,210.0,0.0,424.0
2.0,4260.0,49.0,671.0,1932.0,0.0,0.0,460.0,211.0,0.0,49.0
2.0,6143.0,146.0,648.0,863.0,0.0,0.0,437.0,211.0,146.0,0.0
2.0,6860.0,618.0,635.0,0.0,0.0,0.0,424.0,211.0,618.0,0.0
2.0,6242.0,1097.0,638.0,0.0,0.0,0.0,430.0,208.0,1097.0,0.0
2.0,5145.0,1427.0,658.0,0.0,0.0,0.0,457.0,201.0,1427.0,0.0
2.0,3718.0,1292.0,672.0,0.0,934.0,934.0,482.0,190.0,1292.0,0.0
2.0,2426.0,877.0,678.0,0.0,1841.0,1841.0,495.0,183.0,675.0,202.0
2.0,1549.0,408.0,677.0,0.0,2244.0,2244.0,495.0,182.0,0.0,408.0
2.0,1141.0,620.0,688.0,934.0,1985.0,1985.0,495.0,193.0,0.0,620.0
2.0,1455.0,626.0,698.0,1841.0,820.0,820.0,493.0,205.0,0.0,626.0
2.0,2670.0,426.0,695.0,2244.0,0.0,0.0,482.0,213.0,0.0,426.0
2.0,4488.0,15.0,675.0,1985.0,0.0,0.0,462.0,213.0,0.0,15.0
2.0,6458.0,210.0,652.0,820.0,0.0,0.0,439.0,213.0,210.0,0.0
2.0,7068.0,701.0,641.0,0.0,0.0,0.0,428.0,213.0,701.0,0.0
2.0,6367.0,1198.0,647.0,0.0,0.0,0.0,437.0,210.0,1198.0,0.0
2.0,5169.0,1481.0,667.0,0.0,0.0,0.0,465.0,202.0,1481.0,0.0
2.0,3688.0,1284.0,681.0,0.0,1001.0,1001.0,490.0,191.0,1278.0,6.0
2.0,2404.0,792.0,685.0,0.0,1813.0,1813.0,501.0,184.0,574.0,218.0
2.0,1612.0,435.0,685.0,0.0,2248.0,2248.0,501.0,184.0,0.0,435.0
2.0,1177.0,641.0,697.0,1001.0,1948.0,1948.0,501.0,196.0,0.0,641.0
2.0,1537.0,635.0,706.0,1813.0,815.0,815.0,498.0,208.0,0.0,635.0
2.0,2715.0,412.0,703.0,2248.0,0.0,0.0,487.0,216.0,0.0,412.0
2.0,4551.0,0.0,682.0,1948.0,0.0,0.0,466.0,216.0,0.0,0.0
2.0,6499.0,222.0,659.0,815.0,0.0,0.0,443.0,216.0,222.0,0.0
2.0,7092.0,720.0,648.0,0.0,0.0,0.0,432.0,216.0,720.0,0.0
2.0,6372.0,1212.0,655.0,0.0,0.0,0.0,443.0,212.0,1212.0,0.0
2.0,5160.0,1487.0,676.0,0.0,0.0,0.0,471.0,205.0,1487.0,0.0
2.0,3673.0,1258.0,689.0,0.0,1030.0,1030.0,495.0,194.0,1258.0,0.0
2.0,2415.0,746.0,692.0,0.0,1791.0,1791.0,506.0,186.0,536.0,210.0
2.0,1669.0,420.0,692.0,0.0,2211.0,2211.0,506.0,186.0,0.0,420.0
2.0,1249.0,629.0,704.0,1030.0,1870.0,1870.0,506.0,198.0,0.0,629.0
2.0,1650.0,628.0,714.0,1791.0,757.0,757.0,504.0,210.0,0.0,628.0
2.0,2813.0,416.0,711.0,2211.0,0.0,0.0,493.0,218.0,0.0,416.0
2.0,4608.0,0.0,691.0,1870.0,0.0,0.0,473.0,218.0,0.0,0.0
2.0,6478.0,190.0,668.0,757.0,0.0,0.0,450.0,218.0,190.0,0.0
2.0,7045.0,679.0,656.0,0.0,0.0,0.0,438.0,218.0,679.0,0.0
2.0,6366.0,1162.0,661.0,0.0,0.0,0.0,447.0,214.0,1162.0,0.0
2.0,5204.0,1460.0,682.0,0.0,0.0,0.0,475.0,207.0,1460.0,0.0
2.0,3744.0,1263.0,695.0,0.0,994.0,994.0,499.0,196.0,1263.0,0.0
2.0,2481.0,792.0,700.0,0.0,1811.0,1811.0,511.0,189.0,588.0,204.0
2.0,1689.0,410.0,700.0,0.0,2221.0,2221.0,511.0,189.0,0.0,410.0
2.0,1279.0,616.0,711.0,994.0,1898.0,1898.0,511.0,200.0,0.0,616.0
2.0,1657.0,619.0,721.0,1811.0,756.0,756.0,509.0,212.0,0.0,619.0
2.0,2849.0,421.0,718.0,2221.0,0.0,0.0,498.0,220.0,0.0,421.0
2.0,4649.0,12.0,698.0,1898.0,0.0,0.0,478.0,220.0,0.0,12.0
2.0,6535.0,183.0,675.0,756.0,0.0,0.0,455.0,220.0,183.0,0.0
2.0,7108.0,673.0,663.0,0.0,0.0,0.0,443.0,220.0,673.0,0.0
2.0,6435.0,1159.0,668.0,0.0,0.0,0.0,452.0,216.0,1159.0,0.0
2.0,5276.0,1468.0,689.0,0.0,0.0,0.0,480.0,209.0,1468.0,0.0
2.0,3808.0,1290.0,703.0,0.0,997.0,997.0,505.0,198.0,1284.0,6.0
2.0,2518.0,836.0,708.0,0.0,1858.0,1858.0,517.0,191.0,620.0,216.0
2.0,1682.0,427.0,708.0,0.0,2285.0,2285.0,517.0,191.0,0.0,427.0
2.0,1255.0,632.0,719.0,997.0,1975.0,1975.0,517.0,202.0,0.0,632.0
2.0,1620.0,633.0,728.0,1858.0,795.0,795.0,514.0,214.0,0.0,633.0
2.0,2845.0,419.0,724.0,2285.0,0.0,0.0,502.0,222.0,0.0,419.0
2.0,4711.0,1.0,703.0,1975.0,0.0,0.0,481.0,222.0,0.0,1.0
2.0,6685.0,234.0,680.0,795.0,0.0,0.0,458.0,222.0,234.0,0.0
2.0,7246.0,741.0,669.0,0.0,0.0,0.0,447.0,222.0,741.0,0.0
2.0,6505.0,1245.0,676.0,0.0,0.0,0.0,458.0,218.0,1245.0,0.0
2.0,5260.0,1522.0,698.0,0.0,0.0,0.0,487.0,211.0,1522.0,0.0
2.0,3738.0,1321.0,711.0,0.0,1138.0,1138.0,512.0,199.0,1289.0,32.0
2.0,2417.0,808.0,715.0,0.0,1966.0,1966.0,523.0,192.0,558.0,250.0
2.0,1609.0,469.0,716.0,0.0,2440.0,2440.0,523.0,193.0,0.0,469.0
2.0,1140.0,661.0,728.0,1138.0,2023.0,2023.0,523.0,205.0,0.0,661.0
2.0,1617.0,631.0,736.0,1966.0,728.0,728.0,519.0,217.0,0.0,631.0
2.0,2952.0,383.0,730.0,2440.0,0.0,0.0,505.0,225.0,0.0,383.0
2.0,5009.0,0.0,707.0,2023.0,0.0,0.0,482.0,225.0,0.0,0.0
2.0,7032.0,289.0,685.0,728.0,0.0,0.0,460.0,225.0,289.0,0.0
2.0,7471.0,807.0,675.0,0.0,0.0,0.0,450.0,225.0,807.0,0.0
2.0,6664.0,1330.0,686.0,0.0,0.0,0.0,465.0,221.0,1330.0,0.0
2.0,5334.0,1560.0,707.0,0.0,0.0,0.0,495.0,212.0,1560.0,0.0
2.0,3774.0,1320.0,721.0,0.0,1151.0,1151.0,520.0,201.0,1277.0,43.0
2.0,2454.0,731.0,722.0,0.0,1887.0,1887.0,528.0,194.0,466.0,265.0
2.0,1723.0,492.0,723.0,0.0,2384.0,2384.0,528.0,195.0,0.0,492.0
2.0,1231.0,671.0,736.0,1151.0,1969.0,1969.0,528.0,208.0,0.0,671.0
2.0,1711.0,628.0,744.0,1887.0,750.0,750.0,524.0,220.0,0.0,628.0
2.0,2970.0,358.0,737.0,2384.0,0.0,0.0,510.0,227.0,0.0,358.0
2.0,4996.0,0.0,714.0,1969.0,0.0,0.0,487.0,227.0,0.0,0.0
2.0,6965.0,283.0,691.0,750.0,0.0,0.0,464.0,227.0,283.0,0.0
2.0,7432.0,798.0,682.0,0.0,0.0,0.0,455.0,227.0,798.0,0.0
2.0,6634.0,1317.0,693.0,0.0,0.0,0.0,470.0,223.0,1317.0,0.0
2.0,5317.0,1547.0,715.0,0.0,0.0,0.0,500.0,215.0,1547.0,0.0
2.0,3770.0,1296.0,727.0,0.0,1161.0,1161.0,524.0,203.0,1267.0,29.0
2.0,2474.0,715.0,729.0,0.0,1886.0,1886.0,533.0,196.0,462.0,253.0
2.0,1759.0,472.0,730.0,0.0,2363.0,2363.0,533.0,197.0,0.0,472.0
2.0,1287.0,661.0,743.0,1161.0,1928.0,1928.0,533.0,210.0,0.0,661.0
2.0,1787.0,626.0,751.0,1886.0,708.0,708.0,529.0,222.0,0.0,626.0
2.0,3047.0,372.0,745.0,2363.0,0.0,0.0,516.0,229.0,0.0,372.0
2.0,5038.0,0.0,723.0,1928.0,0.0,0.0,494.0,229.0,0.0,0.0
2.0,6966.0,254.0,700.0,708.0,0.0,0.0,471.0,229.0,254.0,0.0
2.0,7420.0,761.0,690.0,0.0,0.0,0.0,461.0,229.0,761.0,0.0
2.0,6659.0,1272.0,699.0,0.0,0.0,0.0,474.0,225.0,1272.0,0.0
2.0,5387.0,1524.0,721.0,0.0,0.0,0.0,504.0,217.0,1524.0,0.0
2.0,3863.0,1299.0,734.0,0.0,1106.0,1106.0,528.0,206.0,1274.0,25.0
2.0,2564.0,750.0,737.0,0.0,1871.0,1871.0,538.0,199.0,508.0,242.0
2.0,1814.0,459.0,737.0,0.0,2330.0,2330.0,538.0,199.0,0.0,459.0
2.0,1355.0,651.0,750.0,1106.0,1940.0,1940.0,538.0,212.0,0.0,651.0
2.0,1810.0,627.0,758.0,1871.0,736.0,736.0,534.0,224.0,0.0,627.0
2.0,3054.0,391.0,752.0,2330.0,0.0,0.0,521.0,231.0,0.0,391.0
2.0,4993.0,0.0,730.0,1940.0,0.0,0.0,499.0,231.0,0.0,0.0
2.0,6933.0,269.0,707.0,736.0,0.0,0.0,476.0,231.0,269.0,0.0
2.0,7400.0,787.0,698.0,0.0,0.0,0.0,467.0,231.0,787.0,0.0
2.0,6613.0,1301.0,707.0,0.0,0.0,0.0,480.0,227.0,1301.0,0.0
2.0,5312.0,1548.0,728.0,0.0,0.0,0.0,509.0,219.0,1548.0,0.0
2.0,3764.0,1331.0,742.0,0.0,1277.0,1277.0,534.0,208.0,1283.0,48.0
2.0,2433.0,771.0,745.0,0.0,2063.0,2063.0,544.0,201.0,501.0,270.0
2.0,1662.0,493.0,746.0,0.0,2561.0,2561.0,544.0,202.0,0.0,493.0
2.0,1169.0,669.0,759.0,1277.0,2018.0,2018.0,544.0,215.0,0.0,669.0
2.0,1777.0,629.0,766.0,2063.0,619.0,619.0,539.0,227.0,0.0,629.0
2.0,3211.0,362.0,759.0,2561.0,0.0,0.0,525.0,234.0,0.0,362.0
2.0,5410.0,0.0,735.0,2018.0,0.0,0.0,501.0,234.0,0.0,0.0
2.0,7428.0,338.0,712.0,619.0,0.0,0.0,478.0,234.0,338.0,0.0
2.0,7709.0,875.0,703.0,0.0,0.0,0.0,470.0,233.0,875.0,0.0
2.0,6834.0,1409.0,715.0,0.0,0.0,0.0,487.0,228.0,1409.0,0.0
2.0,5425.0,1611.0,737.0,0.0,0.0,0.0,518.0,219.0,1611.0,0.0
2.0,3814.0,1349.0,750.0,0.0,1285.0,1285.0,542.0,208.0,1273.0,76.0
2.0,2465.0,708.0,752.0,0.0,2003.0,2003.0,550.0,202.0,402.0,306.0
2.0,1757.0,537.0,755.0,0.0,2555.0,2555.0,550.0,205.0,0.0,537.0
2.0,1220.0,697.0,768.0,1285.0,2032.0,2032.0,550.0,218.0,0.0,697.0
2.0,1808.0,623.0,774.0,2003.0,682.0,682.0,544.0,230.0,0.0,623.0
2.0,3188.0,318.0,765.0,2555.0,0.0,0.0,529.0,236.0,0.0,318.0
2.0,5425.0,0.0,739.0,2032.0,0.0,0.0,503.0,236.0,0.0,0.0
2.0,7457.0,378.0,716.0,682.0,0.0,0.0,480.0,236.0,378.0,0.0
2.0,7761.0,926.0,710.0,0.0,0.0,0.0,474.0,236.0,926.0,0.0
2.0,6835.0,1469.0,723.0,0.0,0.0,0.0,493.0,230.0,1469.0,0.0
2.0,5366.0,1639.0,746.0,0.0,3.0,3.0,525.0,221.0,1639.0,0.0
2.0,3727.0,1337.0,759.0,0.0,1405.0,1405.0,549.0,210.0,1256.0,81.0
2.0,2390.0,647.0,759.0,0.0,2052.0,2052.0,555.0,204.0,334.0,313.0
2.0,1743.0,550.0,762.0,3.0,2614.0,2614.0,555.0,207.0,0.0,550.0
2.0,1196.0,701.0,776.0,1405.0,1980.0,1980.0,555.0,221.0,0.0,701.0
2.0,1900.0,619.0,783.0,2052.0,582.0,582.0,550.0,233.0,0.0,619.0
2.0,3333.0,300.0,772.0,2614.0,0.0,0.0,534.0,238.0,0.0,300.0
2.0,5647.0,0.0,747.0,1980.0,0.0,0.0,509.0,238.0,0.0,0.0
2.0,7627.0,355.0,724.0,582.0,0.0,0.0,486.0,238.0,355.0,0.0
2.0,7854.0,897.0,717.0,0.0,0.0,0.0,479.0,238.0,897.0,0.0
2.0,6957.0,1433.0,731.0,0.0,0.0,0.0,498.0,233.0,1433.0,0.0
2.0,5524.0,1618.0,753.0,0.0,0.0,0.0,529.0,224.0,1618.0,0.0
2.0,3906.0,1319.0,765.0,0.0,1238.0,1238.0,553.0,212.0,1255.0,64.0
2.0,2587.0,657.0,766.0,0.0,1900.0,1900.0,560.0,206.0,360.0,297.0
2.0,1930.0,525.0,769.0,0.0,2440.0,2440.0,560.0,209.0,0.0,525.0
2.0,1405.0,689.0,782.0,1238.0,1956.0,1956.0,560.0,222.0,0.0,689.0
2.0,1954.0,620.0,789.0,1900.0,711.0,711.0,555.0,234.0,0.0,620.0
2.0,3234.0,322.0,780.0,2440.0,0.0,0.0,540.0,240.0,0.0,322.0
2.0,5352.0,0.0,756.0,1956.0,0.0,0.0,516.0,240.0,0.0,0.0
2.0,7308.0,331.0,733.0,711.0,0.0,0.0,493.0,240.0,331.0,0.0
2.0,7688.0,862.0,725.0,0.0,0.0,0.0,485.0,240.0,862.0,0.0
2.0,6826.0,1398.0,737.0,0.0,0.0,0.0,502.0,235.0,1398.0,0.0
2.0,5428.0,1598.0,759.0,0.0,0.0,0.0,533.0,226.0,1598.0,0.0
2.0,3830.0,1333.0,772.0,0.0,1363.0,1363.0,557.0,215.0,1268.0,65.0
2.0,2497.0,700.0,774.0,0.0,2073.0,2073.0,565.0,209.0,407.0,293.0
2.0,1797.0,521.0,776.0,0.0,2604.0,2604.0,565.0,211.0,0.0,521.0
2.0,1276.0,685.0,789.0,1363.0,1991.0,1991.0,565.0,224.0,0.0,685.0
2.0,1954.0,621.0,796.0,2073.0,574.0,574.0,560.0,236.0,0.0,621.0
2.0,3406.0,335.0,788.0,2604.0,0.0,0.0,545.0,243.0,0.0,335.0
2.0,5675.0,0.0,763.0,1991.0,0.0,0.0,520.0,243.0,0.0,0.0
2.0,7666.0,367.0,740.0,574.0,0.0,0.0,497.0,243.0,367.0,0.0
2.0,7873.0,909.0,732.0,0.0,0.0,0.0,490.0,242.0,909.0,0.0
2.0,6964.0,1457.0,745.0,0.0,0.0,0.0,508.0,237.0,1457.0,0.0
2.0,5507.0,1635.0,767.0,0.0,0.0,0.0,540.0,227.0,1635.0,0.0
2.0,3872.0,1372.0,780.0,0.0,1400.0,1400.0,564.0,216.0,1278.0,94.0
2.0,2500.0,699.0,781.0,0.0,2104.0,2104.0,571.0,210.0,370.0,329.0
2.0,1801.0,565.0,785.0,0.0,2689.0,2689.0,571.0,214.0,0.0,565.0
2.0,1236.0,708.0,799.0,1400.0,2067.0,2067.0,571.0,228.0,0.0,708.0
2.0,1928.0,622.0,805.0,2104.0,615.0,615.0,565.0,240.0,0.0,622.0
2.0,3410.0,295.0,794.0,2689.0,0.0,0.0,548.0,246.0,0.0,295.0
2.0,5804.0,0.0,767.0,2067.0,0.0,0.0,521.0,246.0,0.0,0.0
2.0,7871.0,434.0,744.0,615.0,0.0,0.0,498.0,246.0,434.0,0.0
2.0,8052.0,995.0,737.0,0.0,0.0,0.0,493.0,244.0,995.0,0.0
2.0,7057.0,1562.0,753.0,0.0,0.0,0.0,515.0,238.0,1562.0,0.0
2.0,5495.0,1691.0,776.0,0.0,76.0,76.0,548.0,228.0,1691.0,0.0
2.0,3804.0,1384.0,789.0,0.0,1525.0,1525.0,572.0,217.0,1266.0,118.0
2.0,2420.0,630.0,789.0,0.0,2155.0,2155.0,577.0,212.0,270.0,360.0
2.0,1790.0,603.0,794.0,76.0,2707.0,2707.0,577.0,217.0,0.0,603.0
2.0,1263.0,733.0,808.0,1525.0,1985.0,1985.0,577.0,231.0,0.0,733.0
2.0,2055.0,616.0,813.0,2155.0,471.0,471.0,570.0,243.0,0.0,616.0
2.0,3594.0,256.0,800.0,2707.0,0.0,0.0,552.0,248.0,0.0,256.0
2.0,6045.0,0.0,772.0,1985.0,0.0,0.0,524.0,248.0,0.0,0.0
2.0,8030.0,459.0,749.0,471.0,0.0,0.0,501.0,248.0,459.0,0.0
2.0,8042.0,1026.0,744.0,0.0,0.0,0.0,497.0,247.0,1026.0,0.0
2.0,7016.0,1597.0,761.0,0.0,0.0,0.0,521.0,240.0,1597.0,0.0
2.0,5419.0,1704.0,784.0,0.0,205.0,205.0,554.0,230.0,1704.0,0.0
2.0,3715.0,1360.0,797.0,0.0,1630.0,1630.0,578.0,219.0,1248.0,112.0
2.0,2355.0,570.0,796.0,0.0,2195.0,2195.0,582.0,214.0,216.0,354.0
2.0,1785.0,601.0,801.0,205.0,2616.0,2616.0,582.0,219.0,0.0,601.0
2.0,1389.0,730.0,815.0,1630.0,1786.0,1786.0,582.0,233.0,0.0,730.0
2.0,2289.0,617.0,820.0,2195.0,233.0,233.0,575.0,245.0,0.0,617.0
2.0,3867.0,256.0,808.0,2616.0,0.0,0.0,558.0,250.0,0.0,256.0
2.0,6227.0,0.0,780.0,1786.0,0.0,0.0,530.0,250.0,0.0,0.0
2.0,8013.0,432.0,758.0,233.0,0.0,0.0,508.0,250.0,432.0,0.0
2.0,7814.0,995.0,752.0,0.0,0.0,0.0,503.0,249.0,995.0,0.0
2.0,6819.0,1553.0,769.0,0.0,0.0,0.0,526.0,243.0,1553.0,0.0
2.0,5266.0,1683.0,791.0,0.0,372.0,372.0,558.0,233.0,1683.0,0.0
2.0,3583.0,1337.0,804.0,0.0,1774.0,1774.0,582.0,222.0,1244.0,93.0
2.0,2246.0,583.0,803.0,0.0,2352.0,2352.0,587.0,216.0,247.0,336.0
2.0,1663.0,574.0,808.0,372.0,2579.0,2579.0,587.0,221.0,0.0,574.0
2.0,1461.0,719.0,822.0,1774.0,1594.0,1594.0,587.0,235.0,0.0,719.0
2.0,2516.0,621.0,827.0,2352.0,0.0,0.0,580.0,247.0,0.0,621.0
2.0,4247.0,290.0,816.0,2579.0,0.0,0.0,564.0,252.0,0.0,290.0
2.0,6536.0,0.0,789.0,1594.0,0.0,0.0,537.0,252.0,0.0,0.0
2.0,8130.0,418.0,766.0,0.0,0.0,0.0,514.0,252.0,418.0,0.0
2.0,7712.0,979.0,759.0,0.0,0.0,0.0,508.0,251.0,979.0,0.0
2.0,6733.0,1536.0,775.0,0.0,0.0,0.0,530.0,245.0,1536.0,0.0
2.0,5197.0,1681.0,798.0,0.0,474.0,474.0,563.0,235.0,1681.0,0.0
2.0,3516.0,1356.0,811.0,0.0,1895.0,1895.0,587.0,224.0,1261.0,95.0
2.0,2160.0,625.0,811.0,0.0,2520.0,2520.0,592.0,219.0,290.0,335.0
2.0,1535.0,575.0,815.0,474.0,2641.0,2641.0,592.0,223.0,0.0,575.0
2.0,1434.0,721.0,829.0,1895.0,1537.0,1537.0,592.0,237.0,0.0,721.0
2.0,2608.0,633.0,834.0,2520.0,0.0,0.0,585.0,249.0,0.0,633.0
2.0,4495.0,300.0,823.0,2641.0,0.0,0.0,568.0,255.0,0.0,300.0
2.0,6836.0,0.0,795.0,1537.0,0.0,0.0,540.0,255.0,0.0,0.0
2.0,8373.0,459.0,772.0,0.0,0.0,0.0,517.0,255.0,459.0,0.0
2.0,7914.0,1035.0,766.0,0.0,0.0,0.0,513.0,253.0,1035.0,0.0
2.0,6879.0,1608.0,783.0,0.0,0.0,0.0,536.0,247.0,1608.0,0.0
2.0,5271.0,1729.0,806.0,0.0,488.0,488.0,570.0,236.0,1729.0,0.0
2.0,3542.0,1393.0,819.0,0.0,1946.0,1946.0,594.0,225.0,1271.0,122.0
2.0,2149.0,617.0,819.0,0.0,2563.0,2563.0,599.0,220.0,247.0,370.0
2.0,1532.0,619.0,825.0,488.0,2724.0,2724.0,599.0,226.0,0.0,619.0
2.0,1401.0,746.0,839.0,1946.0,1594.0,1594.0,599.0,240.0,0.0,746.0
2.0,2601.0,631.0,843.0,2563.0,0.0,0.0,590.0,253.0,0.0,631.0
2.0,4533.0,263.0,829.0,2724.0,0.0,0.0,571.0,258.0,0.0,263.0
2.0,6994.0,0.0,799.0,1594.0,0.0,0.0,541.0,258.0,0.0,0.0
2.0,8588.0,521.0,777.0,0.0,0.0,0.0,519.0,258.0,521.0,0.0
2.0,8067.0,1110.0,771.0,0.0,0.0,0.0,516.0,255.0,1110.0,0.0
2.0,6957.0,1700.0,791.0,0.0,0.0,0.0,543.0,248.0,1700.0,0.0
2.0,5257.0,1774.0,814.0,0.0,587.0,587.0,577.0,237.0,1774.0,0.0
2.0,3483.0,1397.0,828.0,0.0,2054.0,2054.0,602.0,226.0,1255.0,142.0
2.0,2086.0,546.0,825.0,0.0,2585.0,2585.0,604.0,221.0,151.0,395.0
2.0,1540.0,648.0,833.0,587.0,2686.0,2686.0,604.0,229.0,0.0,648.0
2.0,1479.0,764.0,848.0,2054.0,1471.0,1471.0,604.0,244.0,0.0,764.0
2.0,2769.0,622.0,851.0,2585.0,0.0,0.0,596.0,255.0,0.0,622.0
2.0,4732.0,227.0,836.0,2686.0,0.0,0.0,576.0,260.0,0.0,227.0
2.0,7191.0,0.0,805.0,1471.0,0.0,0.0,545.0,260.0,0.0,0.0
2.0,8662.0,533.0,783.0,0.0,0.0,0.0,523.0,260.0,533.0,0.0
2.0,8129.0,1123.0,778.0,0.0,0.0,0.0,520.0,258.0,1123.0,0.0
2.0,7006.0,1717.0,800.0,0.0,0.0,0.0,549.0,251.0,1717.0,0.0
2.0,5289.0,1772.0,822.0,0.0,593.0,593.0,583.0,239.0,1772.0,0.0
2.0,3517.0,1375.0,835.0,0.0,2033.0,2033.0,607.0,228.0,1241.0,134.0
2.0,2142.0,495.0,832.0,0.0,2513.0,2513.0,609.0,223.0,110.0,385.0
2.0,1647.0,641.0,840.0,593.0,2601.0,2601.0,609.0,231.0,0.0,641.0
2.0,1599.0,757.0,854.0,2033.0,1395.0,1395.0,609.0,245.0,0.0,757.0
2.0,2875.0,622.0,858.0,2513.0,0.0,0.0,601.0,257.0,0.0,622.0
2.0,4766.0,231.0,844.0,2601.0,0.0,0.0,582.0,262.0,0.0,231.0
2.0,7136.0,0.0,814.0,1395.0,0.0,0.0,552.0,262.0,0.0,0.0
2.0,8531.0,500.0,791.0,0.0,0.0,0.0,529.0,262.0,500.0,0.0
2.0,8031.0,1080.0,786.0,0.0,0.0,0.0,526.0,260.0,1080.0,0.0
2.0,6951.0,1665.0,807.0,0.0,0.0,0.0,553.0,254.0,1665.0,0.0
2.0,5286.0,1745.0,829.0,0.0,604.0,604.0,587.0,242.0,1745.0,0.0
2.0,3541.0,1366.0,842.0,0.0,2035.0,2035.0,611.0,231.0,1249.0,117.0
2.0,2175.0,533.0,840.0,0.0,2558.0,2558.0,614.0,226.0,163.0,370.0
2.0,1642.0,618.0,846.0,604.0,2602.0,2602.0,614.0,232.0,0.0,618.0
2.0,1628.0,749.0,861.0,2035.0,1391.0,1391.0,614.0,247.0,0.0,749.0
2.0,2914.0,627.0,865.0,2558.0,0.0,0.0,606.0,259.0,0.0,627.0
2.0,4845.0,258.0,851.0,2602.0,0.0,0.0,587.0,264.0,0.0,258.0
2.0,7189.0,0.0,822.0,1391.0,0.0,0.0,558.0,264.0,0.0,0.0
2.0,8580.0,502.0,799.0,0.0,0.0,0.0,535.0,264.0,502.0,0.0
2.0,8078.0,1085.0,793.0,0.0,0.0,0.0,531.0,262.0,1085.0,0.0
2.0,6993.0,1674.0,814.0,0.0,0.0,0.0,558.0,256.0,1674.0,0.0
2.0,5319.0,1758.0,836.0,0.0,619.0,619.0,592.0,244.0,1758.0,0.0
2.0,3561.0,1399.0,849.0,0.0,2083.0,2083.0,616.0,233.0,1265.0,134.0
2.0,2162.0,566.0,848.0,0.0,2644.0,2644.0,620.0,228.0,180.0,386.0
2.0,1596.0,639.0,855.0,619.0,2699.0,2699.0,620.0,235.0,0.0,639.0
2.0,1576.0,759.0,870.0,2083.0,1450.0,1450.0,620.0,250.0,0.0,759.0
2.0,2900.0,627.0,873.0,2644.0,0.0,0.0,611.0,262.0,0.0,627.0
2.0,4917.0,248.0,857.0,2699.0,0.0,0.0,591.0,266.0,0.0,248.0
2.0,7368.0,0.0,826.0,1450.0,0.0,0.0,560.0,266.0,0.0,0.0
2.0,8818.0,560.0,804.0,0.0,0.0,0.0,538.0,266.0,560.0,0.0
2.0,8258.0,1161.0,799.0,0.0,0.0,0.0,535.0,264.0,1161.0,0.0
2.0,7097.0,1769.0,822.0,0.0,0.0,0.0,565.0,257.0,1769.0,0.0
2.0,5328.0,1814.0,845.0,0.0,711.0,711.0,600.0,245.0,1814.0,0.0
2.0,3514.0,1431.0,858.0,0.0,2207.0,2207.0,624.0,234.0,1264.0,167.0
2.0,2083.0,530.0,856.0,0.0,2727.0,2727.0,626.0,230.0,103.0,427.0
2.0,1553.0,688.0,864.0,711.0,2744.0,2744.0,626.0,238.0,0.0,688.0
2.0,1576.0,783.0,879.0,2207.0,1395.0,1395.0,626.0,253.0,0.0,783.0
2.0,3000.0,623.0,881.0,2727.0,0.0,0.0,616.0,265.0,0.0,623.0
2.0,5104.0,198.0,863.0,2744.0,0.0,0.0,594.0,269.0,0.0,198.0
2.0,7650.0,0.0,831.0,1395.0,0.0,0.0,562.0,269.0,0.0,0.0
2.0,9045.0,611.0,808.0,0.0,0.0,0.0,539.0,269.0,611.0,0.0
2.0,8434.0,1231.0,805.0,0.0,0.0,0.0,539.0,266.0,1231.0,0.0
2.0,7203.0,1847.0,831.0,0.0,0.0,0.0,572.0,259.0,1847.0,0.0
2.0,5356.0,1857.0,853.0,0.0,766.0,766.0,607.0,246.0,1857.0,0.0
2.0,3499.0,1423.0,866.0,0.0,2254.0,2254.0,631.0,235.0,1242.0,181.0
2.0,2076.0,461.0,863.0,0.0,2700.0,2700.0,631.0,232.0,16.0,445.0
2.0,1615.0,709.0,872.0,766.0,2688.0,2688.0,631.0,241.0,0.0,709.0
2.0,1672.0,796.0,887.0,2254.0,1305.0,1305.0,631.0,256.0,0.0,796.0
2.0,3130.0,614.0,889.0,2700.0,0.0,0.0,621.0,268.0,0.0,614.0
2.0,5216.0,168.0,871.0,2688.0,0.0,0.0,600.0,271.0,0.0,168.0
2.0,7736.0,0.0,838.0,1305.0,0.0,0.0,567.0,271.0,0.0,0.0
2.0,9041.0,595.0,815.0,0.0,0.0,0.0,544.0,271.0,595.0,0.0
2.0,8446.0,1212.0,812.0,0.0,0.0,0.0,543.0,269.0,1212.0,0.0
2.0,7234.0,1823.0,837.0,0.0,0.0,0.0,576.0,261.0,1823.0,0.0
2.0,5411.0,1843.0,861.0,0.0,737.0,737.0,612.0,249.0,1843.0,0.0
2.0,3568.0,1406.0,874.0,0.0,2208.0,2208.0,636.0,238.0,1240.0,166.0
2.0,2162.0,456.0,870.0,0.0,2644.0,2644.0,636.0,234.0,30.0,426.0
2.0,1706.0,691.0,879.0,737.0,2643.0,2643.0,636.0,243.0,0.0,691.0
2.0,1752.0,785.0,894.0,2208.0,1295.0,1295.0,636.0,258.0,0.0,785.0
2.0,3175.0,618.0,897.0,2644.0,0.0,0.0,627.0,270.0,0.0,618.0
2.0,5201.0,186.0,879.0,2643.0,0.0,0.0,606.0,273.0,0.0,186.0
2.0,7658.0,0.0,847.0,1295.0,0.0,0.0,574.0,273.0,0.0,0.0
2.0,8953.0,558.0,824.0,0.0,0.0,0.0,551.0,273.0,558.0,0.0
2.0,8395.0,1167.0,820.0,0.0,0.0,0.0,549.0,271.0,1167.0,0.0
2.0,7228.0,1770.0,844.0,0.0,0.0,0.0,580.0,264.0,1770.0,0.0
2.0,5458.0,1820.0,867.0,0.0,697.0,697.0,615.0,252.0,1820.0,0.0
2.0,3638.0,1411.0,880.0,0.0,2173.0,2173.0,640.0,240.0,1257.0,154.0
2.0,2227.0,514.0,877.0,0.0,2672.0,2672.0,641.0,236.0,96.0,418.0
2.0,1713.0,677.0,885.0,697.0,2692.0,2692.0,641.0,244.0,0.0,677.0
2.0,1733.0,782.0,901.0,2173.0,1381.0,1381.0,641.0,260.0,0.0,782.0
2.0,3124.0,624.0,904.0,2672.0,0.0,0.0,632.0,272.0,0.0,624.0
2.0,5172.0,207.0,887.0,2692.0,0.0,0.0,611.0,276.0,0.0,207.0
2.0,7657.0,0.0,855.0,1381.0,0.0,0.0,579.0,276.0,0.0,0.0
2.0,9038.0,579.0,832.0,0.0,0.0,0.0,556.0,276.0,579.0,0.0
2.0,8459.0,1190.0,828.0,0.0,0.0,0.0,555.0,273.0,1190.0,0.0
2.0,7269.0,1808.0,852.0,0.0,0.0,0.0,586.0,266.0,1808.0,0.0
2.0,5461.0,1844.0,874.0,0.0,753.0,753.0,621.0,253.0,1844.0,0.0
2.0,3617.0,1448.0,888.0,0.0,2271.0,2271.0,646.0,242.0,1270.0,178.0
2.0,2169.0,528.0,885.0,0.0,2784.0,2784.0,647.0,238.0,85.0,443.0
2.0,1641.0,709.0,894.0,753.0,2785.0,2785.0,647.0,247.0,0.0,709.0
2.0,1685.0,797.0,910.0,2271.0,1391.0,1391.0,647.0,263.0,0.0,797.0
2.0,3159.0,626.0,912.0,2784.0,0.0,0.0,637.0,275.0,0.0,626.0
2.0,5317.0,185.0,892.0,2785.0,0.0,0.0,614.0,278.0,0.0,185.0
2.0,7917.0,15.0,859.0,1391.0,0.0,0.0,581.0,278.0,15.0,0.0
2.0,9293.0,649.0,836.0,0.0,0.0,0.0,558.0,278.0,649.0,0.0
2.0,8644.0,1280.0,833.0,0.0,0.0,0.0,558.0,275.0,1280.0,0.0
2.0,7364.0,1902.0,860.0,0.0,0.0,0.0,593.0,267.0,1902.0,0.0
2.0,5462.0,1887.0,883.0,0.0,840.0,840.0,629.0,254.0,1887.0,0.0
2.0,3575.0,1451.0,895.0,0.0,2351.0,2351.0,653.0,242.0,1247.0,204.0
2.0,2124.0,477.0,893.0,0.0,2818.0,2818.0,653.0,240.0,0.0,477.0
2.0,1647.0,750.0,903.0,840.0,2778.0,2778.0,653.0,250.0,0.0,750.0
2.0,1737.0,819.0,919.0,2351.0,1326.0,1326.0,653.0,266.0,0.0,819.0
2.0,3269.0,621.0,920.0,2818.0,0.0,0.0,642.0,278.0,0.0,621.0
2.0,5466.0,145.0,899.0,2778.0,0.0,0.0,618.0,281.0,0.0,145.0
2.0,8099.0,51.0,864.0,1326.0,0.0,0.0,583.0,281.0,51.0,0.0
2.0,9374.0,696.0,842.0,0.0,0.0,0.0,561.0,281.0,696.0,0.0
2.0,8678.0,1336.0,840.0,0.0,0.0,0.0,563.0,277.0,1336.0,0.0
2.0,7342.0,1930.0,869.0,0.0,0.0,0.0,600.0,269.0,1930.0,0.0
2.0,5412.0,1874.0,891.0,0.0,917.0,917.0,636.0,255.0,1874.0,0.0
2.0,3538.0,1391.0,902.0,0.0,2363.0,2363.0,658.0,244.0,1182.0,209.0
2.0,2147.0,483.0,899.0,0.0,2831.0,2831.0,658.0,241.0,0.0,483.0
2.0,1664.0,756.0,911.0,917.0,2730.0,2730.0,658.0,253.0,0.0,756.0
2.0,1825.0,825.0,926.0,2363.0,1267.0,1267.0,658.0,268.0,0.0,825.0
2.0,3363.0,615.0,927.0,2831.0,0.0,0.0,647.0,280.0,0.0,615.0
2.0,5579.0,131.0,907.0,2730.0,0.0,0.0,624.0,283.0,0.0,131.0
2.0,8178.0,33.0,872.0,1267.0,0.0,0.0,589.0,283.0,33.0,0.0
2.0,9412.0,667.0,850.0,0.0,0.0,0.0,567.0,283.0,667.0,0.0
2.0,8745.0,1300.0,848.0,0.0,0.0,0.0,568.0,280.0,1300.0,0.0
2.0,7445.0,1904.0,875.0,0.0,0.0,0.0,604.0,271.0,1904.0,0.0
2.0,5541.0,1868.0,898.0,0.0,817.0,817.0,640.0,258.0,1868.0,0.0
2.0,3673.0,1394.0,910.0,0.0,2271.0,2271.0,663.0,247.0,1203.0,191.0
2.0,2279.0,461.0,907.0,0.0,2717.0,2717.0,663.0,244.0,0.0,461.0
2.0,1818.0,735.0,917.0,817.0,2685.0,2685.0,663.0,254.0,0.0,735.0
2.0,1900.0,813.0,933.0,2271.0,1307.0,1307.0,663.0,270.0,0.0,813.0
2.0,3358.0,621.0,934.0,2717.0,0.0,0.0,652.0,282.0,0.0,621.0
2.0,5454.0,155.0,915.0,2685.0,0.0,0.0,630.0,285.0,0.0,155.0
2.0,7984.0,15.0,881.0,1307.0,0.0,0.0,596.0,285.0,15.0,0.0
2.0,9276.0,643.0,858.0,0.0,0.0,0.0,573.0,285.0,643.0,0.0
2.0,8633.0,1276.0,856.0,0.0,0.0,0.0,574.0,282.0,1276.0,0.0
2.0,7357.0,1889.0,882.0,0.0,0.0,0.0,608.0,274.0,1889.0,0.0
2.0,5468.0,1880.0,905.0,0.0,937.0,937.0,644.0,261.0,1880.0,0.0
2.0,3588.0,1419.0,917.0,0.0,2416.0,2416.0,668.0,249.0,1233.0,186.0
2.0,2169.0,461.0,914.0,0.0,2862.0,2862.0,668.0,246.0,0.0,461.0
2.0,1708.0,732.0,924.0,937.0,2707.0,2707.0,668.0,256.0,0.0,732.0
2.0,1913.0,817.0,940.0,2416.0,1188.0,1188.0,668.0,272.0,0.0,817.0
2.0,3512.0,628.0,941.0,2862.0,0.0,0.0,657.0,284.0,0.0,628.0
2.0,5746.0,168.0,921.0,2707.0,0.0,0.0,634.0,287.0,0.0,168.0
2.0,8285.0,48.0,887.0,1188.0,0.0,0.0,600.0,287.0,48.0,0.0
2.0,9425.0,687.0,865.0,0.0,0.0,0.0,578.0,287.0,687.0,0.0
2.0,8738.0,1332.0,863.0,0.0,0.0,0.0,579.0,284.0,1332.0,0.0
2.0,7406.0,1926.0,889.0,0.0,0.0,0.0,614.0,275.0,1926.0,0.0
2.0,5480.0,1888.0,913.0,0.0,973.0,973.0,651.0,262.0,1888.0,0.0
2.0,3592.0,1416.0,925.0,0.0,2449.0,2449.0,674.0,251.0,1202.0,214.0
2.0,2176.0,492.0,922.0,0.0,2926.0,2926.0,674.0,248.0,0.0,492.0
2.0,1684.0,770.0,933.0,973.0,2778.0,2778.0,674.0,259.0,0.0,770.0
2.0,1887.0,835.0,949.0,2449.0,1244.0,1244.0,674.0,275.0,0.0,835.0
2.0,3501.0,623.0,948.0,2926.0,0.0,0.0,661.0,287.0,0.0,623.0
2.0,5804.0,139.0,927.0,2778.0,0.0,0.0,637.0,290.0,0.0,139.0
2.0,8443.0,116.0,892.0,1244.0,0.0,0.0,602.0,290.0,116.0,0.0
2.0,9571.0,774.0,871.0,0.0,0.0,0.0,581.0,290.0,774.0,0.0
2.0,8797.0,1438.0,870.0,0.0,0.0,0.0,584.0,286.0,1438.0,0.0
2.0,7359.0,1983.0,900.0,0.0,0.0,0.0,623.0,277.0,1983.0,0.0
2.0,5376.0,1876.0,921.0,0.0,1105.0,1105.0,659.0,262.0,1876.0,0.0
2.0,3500.0,1343.0,931.0,0.0,2498.0,2498.0,680.0,251.0,1101.0,242.0
2.0,2157.0,526.0,929.0,0.0,3014.0,3014.0,680.0,249.0,0.0,526.0
2.0,1631.0,810.0,942.0,1105.0,2784.0,2784.0,680.0,262.0,0.0,810.0
2.0,1926.0,853.0,958.0,2498.0,1219.0,1219.0,679.0,279.0,0.0,853.0
2.0,3571.0,617.0,956.0,3014.0,0.0,0.0,665.0,291.0,0.0,617.0
2.0,5968.0,92.0,932.0,2784.0,0.0,0.0,640.0,292.0,0.0,92.0
2.0,8660.0,139.0,897.0,1219.0,0.0,0.0,605.0,292.0,139.0,0.0
2.0,9740.0,808.0,877.0,0.0,0.0,0.0,585.0,292.0,808.0,0.0
2.0,8932.0,1472.0,878.0,0.0,0.0,0.0,590.0,288.0,1472.0,0.0
2.0,7460.0,2001.0,908.0,0.0,0.0,0.0,629.0,279.0,2001.0,0.0
2.0,5459.0,1855.0,929.0,0.0,1041.0,1041.0,665.0,264.0,1855.0,0.0
2.0,3604.0,1284.0,938.0,0.0,2370.0,2370.0,685.0,253.0,1045.0,239.0
2.0,2320.0,522.0,936.0,0.0,2882.0,2882.0,685.0,251.0,0.0,522.0
2.0,1798.0,805.0,949.0,1041.0,2711.0,2711.0,685.0,264.0,0.0,805.0
2.0,2034.0,853.0,965.0,2370.0,1274.0,1274.0,684.0,281.0,0.0,853.0
2.0,3551.0,613.0,964.0,2882.0,0.0,0.0,671.0,293.0,0.0,613.0
2.0,5820.0,90.0,940.0,2711.0,0.0,0.0,646.0,294.0,0.0,90.0
2.0,8441.0,110.0,906.0,1274.0,0.0,0.0,612.0,294.0,110.0,0.0
2.0,9605.0,770.0,885.0,0.0,0.0,0.0,591.0,294.0,770.0,0.0
2.0,8835.0,1425.0,886.0,0.0,0.0,0.0,595.0,291.0,1425.0,0.0
2.0,7410.0,1974.0,915.0,0.0,0.0,0.0,633.0,282.0,1974.0,0.0
2.0,5436.0,1857.0,937.0,0.0,1106.0,1106.0,669.0,268.0,1857.0,0.0
2.0,3579.0,1311.0,945.0,0.0,2457.0,2457.0,689.0,256.0,1090.0,221.0
2.0,2268.0,500.0,943.0,0.0,2947.0,2947.0,689.0,254.0,0.0,500.0
2.0,1768.0,784.0,955.0,1106.0,2685.0,2685.0,689.0,266.0,0.0,784.0
2.0,2090.0,842.0,971.0,2457.0,1150.0,1150.0,689.0,282.0,0.0,842.0
2.0,3705.0,621.0,971.0,2947.0,0.0,0.0,677.0,294.0,0.0,621.0
2.0,6031.0,116.0,948.0,2685.0,0.0,0.0,652.0,296.0,0.0,116.0
2.0,8600.0,92.0,914.0,1150.0,0.0,0.0,618.0,296.0,92.0,0.0
2.0,9658.0,750.0,892.0,0.0,0.0,0.0,596.0,296.0,750.0,0.0
2.0,8908.0,1404.0,892.0,0.0,0.0,0.0,599.0,293.0,1404.0,0.0
2.0,7504.0,1972.0,921.0,0.0,0.0,0.0,637.0,284.0,1972.0,0.0
2.0,5532.0,1878.0,943.0,0.0,1061.0,1061.0,673.0,270.0,1878.0,0.0
2.0,3654.0,1360.0,953.0,0.0,2471.0,2471.0,695.0,258.0,1136.0,224.0
2.0,2294.0,511.0,951.0,0.0,2972.0,2972.0,695.0,256.0,0.0,511.0
2.0,1783.0,794.0,963.0,1061.0,2765.0,2765.0,695.0,268.0,0.0,794.0
2.0,2050.0,853.0,979.0,2471.0,1227.0,1227.0,694.0,285.0,0.0,853.0
2.0,3668.0,626.0,978.0,2972.0,0.0,0.0,681.0,297.0,0.0,626.0
2.0,6014.0,117.0,954.0,2765.0,0.0,0.0,655.0,299.0,0.0,117.0
2.0,8662.0,134.0,920.0,1227.0,0.0,0.0,621.0,299.0,134.0,0.0
2.0,9755.0,807.0,899.0,0.0,0.0,0.0,600.0,299.0,807.0,0.0
2.0,8948.0,1477.0,900.0,0.0,0.0,0.0,605.0,295.0,1477.0,0.0
2.0,7471.0,2020.0,929.0,0.0,0.0,0.0,644.0,285.0,2020.0,0.0
2.0,5451.0,1887.0,952.0,0.0,1196.0,1196.0,681.0,271.0,1887.0,0.0
2.0,3564.0,1348.0,961.0,0.0,2589.0,2589.0,702.0,259.0,1091.0,257.0
2.0,2216.0,547.0,960.0,0.0,3131.0,3131.0,702.0,258.0,0.0,547.0
2.0,1669.0,838.0,973.0,1196.0,2838.0,2838.0,702.0,271.0,0.0,838.0
2.0,2027.0,873.0,987.0,2589.0,1192.0,1192.0,699.0,288.0,0.0,873.0
2.0,3743.0,618.0,984.0,3131.0,0.0,0.0,684.0,300.0,0.0,618.0
2.0,6256.0,78.0,959.0,2838.0,0.0,0.0,657.0,302.0,0.0,78.0
2.0,9016.0,197.0,924.0,1192.0,0.0,0.0,622.0,302.0,197.0,0.0
2.0,10011.0,883.0,905.0,0.0,0.0,0.0,603.0,302.0,883.0,0.0
2.0,9128.0,1575.0,909.0,0.0,0.0,0.0,612.0,297.0,1575.0,0.0
2.0,7553.0,2066.0,939.0,0.0,0.0,0.0,652.0,287.0,2066.0,0.0
2.0,5487.0,1871.0,959.0,0.0,1179.0,1179.0,688.0,271.0,1871.0,0.0
2.0,3616.0,1270.0,967.0,0.0,2489.0,2489.0,707.0,260.0,990.0,280.0
2.0,2346.0,575.0,966.0,0.0,3059.0,3059.0,707.0,259.0,0.0,575.0
2.0,1771.0,870.0,981.0,1179.0,2825.0,2825.0,707.0,274.0,0.0,870.0
2.0,2080.0,885.0,996.0,2489.0,1296.0,1296.0,705.0,291.0,0.0,885.0
2.0,3684.0,610.0,992.0,3059.0,0.0,0.0,689.0,303.0,0.0,610.0
2.0,6133.0,35.0,965.0,2825.0,0.0,0.0,661.0,304.0,0.0,35.0
2.0,8923.0,208.0,930.0,1296.0,0.0,0.0,626.0,304.0,208.0,0.0
2.0,10011.0,895.0,912.0,0.0,0.0,0.0,608.0,304.0,895.0,0.0
2.0,9116.0,1586.0,917.0,0.0,0.0,0.0,618.0,299.0,1586.0,0.0
2.0,7530.0,2063.0,947.0,0.0,0.0,0.0,658.0,289.0,2063.0,0.0
2.0,5467.0,1857.0,968.0,0.0,1230.0,1230.0,694.0,274.0,1857.0,0.0
2.0,3610.0,1226.0,974.0,0.0,2486.0,2486.0,712.0,262.0,954.0,272.0
2.0,2384.0,564.0,974.0,0.0,3050.0,3050.0,712.0,262.0,0.0,564.0
2.0,1820.0,856.0,988.0,1230.0,2746.0,2746.0,712.0,276.0,0.0,856.0
2.0,2194.0,881.0,1003.0,2486.0,1216.0,1216.0,710.0,293.0,0.0,881.0
2.0,3799.0,608.0,1000.0,3050.0,0.0,0.0,695.0,305.0,0.0,608.0
2.0,6241.0,43.0,974.0,2746.0,0.0,0.0,668.0,306.0,0.0,43.0
2.0,8944.0,177.0,939.0,1216.0,0.0,0.0,633.0,306.0,177.0,0.0
2.0,9983.0,855.0,920.0,0.0,0.0,0.0,614.0,306.0,855.0,0.0
2.0,9128.0,1537.0,924.0,0.0,0.0,0.0,622.0,302.0,1537.0,0.0
2.0,7591.0,2037.0,954.0,0.0,0.0,0.0,662.0,292.0,2037.0,0.0
2.0,5554.0,1863.0,974.0,0.0,1179.0,1179.0,697.0,277.0,1863.0,0.0
2.0,3691.0,1259.0,983.0,0.0,2483.0,2483.0,717.0,266.0,1002.0,257.0
2.0,2432.0,552.0,981.0,0.0,3025.0,3025.0,717.0,264.0,0.0,552.0
2.0,1880.0,842.0,995.0,1179.0,2758.0,2758.0,717.0,278.0,0.0,842.0
2.0,2217.0,875.0,1010.0,2483.0,1225.0,1225.0,715.0,295.0,0.0,875.0
2.0,3825.0,613.0,1007.0,3025.0,0.0,0.0,700.0,307.0,0.0,613.0
2.0,6237.0,61.0,981.0,2758.0,0.0,0.0,673.0,308.0,0.0,61.0
2.0,8934.0,178.0,947.0,1225.0,0.0,0.0,639.0,308.0,178.0,0.0
2.0,9981.0,858.0,927.0,0.0,0.0,0.0,619.0,308.0,858.0,0.0
2.0,9123.0,1544.0,931.0,0.0,0.0,0.0,627.0,304.0,1544.0,0.0
2.0,7579.0,2049.0,961.0,0.0,0.0,0.0,667.0,294.0,2049.0,0.0
2.0,5530.0,1880.0,982.0,0.0,1260.0,1260.0,703.0,279.0,1880.0,0.0
2.0,3650.0,1297.0,989.0,0.0,2592.0,2592.0,722.0,267.0,1022.0,275.0
2.0,2353.0,569.0,988.0,0.0,3156.0,3156.0,722.0,266.0,0.0,569.0
2.0,1784.0,864.0,1003.0,1260.0,2835.0,2835.0,722.0,281.0,0.0,864.0
2.0,2180.0,885.0,1018.0,2592.0,1203.0,1203.0,720.0,298.0,0.0,885.0
2.0,3887.0,613.0,1014.0,3156.0,0.0,0.0,704.0,310.0,0.0,613.0
2.0,6430.0,47.0,986.0,2835.0,0.0,0.0,676.0,310.0,0.0,47.0
2.0,9218.0,237.0,952.0,1203.0,0.0,0.0,642.0,310.0,237.0,0.0
2.0,10184.0,940.0,933.0,0.0,0.0,0.0,623.0,310.0,940.0,0.0
2.0,9244.0,1640.0,940.0,0.0,0.0,0.0,634.0,306.0,1640.0,0.0
2.0,7604.0,2110.0,969.0,0.0,0.0,0.0,674.0,295.0,2110.0,0.0
2.0,5494.0,1879.0,990.0,0.0,1335.0,1335.0,711.0,279.0,1873.0,6.0
2.0,3615.0,1256.0,997.0,0.0,2626.0,2626.0,729.0,268.0,943.0,313.0
2.0,2359.0,616.0,997.0,0.0,3242.0,3242.0,729.0,268.0,0.0,616.0
2.0,1743.0,913.0,1013.0,1335.0,2900.0,2900.0,729.0,284.0,0.0,913.0
2.0,2165.0,904.0,1027.0,2626.0,1248.0,1248.0,725.0,302.0,0.0,904.0
2.0,3887.0,592.0,1021.0,3242.0,0.0,0.0,708.0,313.0,0.0,592.0
2.0,6537.0,0.0,991.0,2900.0,0.0,0.0,678.0,313.0,0.0,0.0
2.0,9437.0,283.0,956.0,1248.0,0.0,0.0,643.0,313.0,283.0,0.0
2.0,10402.0,1000.0,940.0,0.0,0.0,0.0,627.0,313.0,1000.0,0.0
2.0,9402.0,1713.0,948.0,0.0,0.0,0.0,640.0,308.0,1713.0,0.0
2.0,7689.0,2148.0,979.0,0.0,0.0,0.0,682.0,297.0,2148.0,0.0
2.0,5541.0,1884.0,998.0,0.0,1333.0,1333.0,718.0,280.0,1861.0,23.0
2.0,3657.0,1194.0,1004.0,0.0,2557.0,2557.0,734.0,270.0,866.0,328.0
2.0,2463.0,633.0,1004.0,0.0,3190.0,3190.0,734.0,270.0,0.0,633.0
2.0,1830.0,915.0,1021.0,1333.0,2857.0,2857.0,734.0,287.0,0.0,915.0
2.0,2248.0,892.0,1034.0,2557.0,1257.0,1257.0,730.0,304.0,0.0,892.0
2.0,3913.0,569.0,1028.0,3190.0,0.0,0.0,713.0,315.0,0.0,569.0
2.0,6534.0,0.0,997.0,2857.0,0.0,0.0,682.0,315.0,0.0,0.0
2.0,9391.0,269.0,963.0,1257.0,0.0,0.0,648.0,315.0,269.0,0.0
2.0,10379.0,983.0,946.0,0.0,0.0,0.0,631.0,315.0,983.0,0.0
2.0,9396.0,1691.0,955.0,0.0,0.0,0.0,645.0,310.0,1691.0,0.0
2.0,7705.0,2134.0,985.0,0.0,0.0,0.0,686.0,299.0,2134.0,0.0
2.0,5571.0,1875.0,1005.0,0.0,1329.0,1329.0,722.0,283.0,1857.0,18.0
2.0,3696.0,1196.0,1011.0,0.0,2555.0,2555.0,739.0,272.0,876.0,320.0
2.0,2500.0,622.0,1011.0,0.0,3177.0,3177.0,739.0,272.0,0.0,622.0
2.0,1878.0,905.0,1028.0,1329.0,2838.0,2838.0,739.0,289.0,0.0,905.0
2.0,2302.0,891.0,1042.0,2555.0,1244.0,1244.0,736.0,306.0,0.0,891.0
2.0,3966.0,570.0,1036.0,3177.0,0.0,0.0,719.0,317.0,0.0,570.0
2.0,6573.0,0.0,1007.0,2838.0,0.0,0.0,690.0,317.0,0.0,0.0
2.0,9411.0,238.0,972.0,1244.0,0.0,0.0,655.0,317.0,238.0,0.0
2.0,10417.0,939.0,954.0,0.0,0.0,0.0,637.0,317.0,939.0,0.0
2.0,9478.0,1644.0,962.0,0.0,0.0,0.0,650.0,312.0,1644.0,0.0
2.0,7834.0,2106.0,991.0,0.0,0.0,0.0,690.0,301.0,2106.0,0.0
2.0,5728.0,1877.0,1011.0,0.0,1204.0,1204.0,726.0,285.0,1868.0,9.0
2.0,3851.0,1239.0,1019.0,0.0,2483.0,2483.0,744.0,275.0,930.0,309.0
2.0,2612.0,610.0,1018.0,0.0,3088.0,3088.0,744.0,274.0,0.0,610.0
2.0,2002.0,907.0,1035.0,1204.0,2876.0,2876.0,744.0,291.0,0.0,907.0
2.0,2299.0,899.0,1048.0,2483.0,1357.0,1357.0,740.0,308.0,0.0,899.0
2.0,3883.0,591.0,1043.0,3088.0,0.0,0.0,724.0,319.0,0.0,591.0
2.0,6380.0,0.0,1013.0,2876.0,0.0,0.0,694.0,319.0,0.0,0.0
2.0,9256.0,265.0,979.0,1357.0,0.0,0.0,660.0,319.0,265.0,0.0
2.0,10348.0,973.0,961.0,0.0,0.0,0.0,642.0,319.0,973.0,0.0
2.0,9375.0,1688.0,969.0,0.0,0.0,0.0,655.0,314.0,1688.0,0.0
2.0,7687.0,2135.0,999.0,0.0,0.0,0.0,696.0,303.0,2135.0,0.0
2.0,5552.0,1902.0,1019.0,0.0,1445.0,1445.0,732.0,287.0,1880.0,22.0
2.0,3650.0,1235.0,1026.0,0.0,2715.0,2715.0,750.0,276.0,907.0,328.0
2.0,2415.0,640.0,1027.0,0.0,3360.0,3360.0,750.0,277.0,0.0,640.0
2.0,1775.0,926.0,1044.0,1445.0,2926.0,2926.0,750.0,294.0,0.0,926.0
2.0,2294.0,907.0,1056.0,2715.0,1178.0,1178.0,745.0,311.0,0.0,907.0
2.0,4102.0,577.0,1049.0,3360.0,0.0,0.0,727.0,322.0,0.0,577.0
2.0,6885.0,0.0,1018.0,2926.0,0.0,0.0,696.0,322.0,0.0,0.0
2.0,9811.0,330.0,984.0,1178.0,0.0,0.0,662.0,322.0,330.0,0.0
2.0,10659.0,1058.0,968.0,0.0,0.0,0.0,646.0,322.0,1058.0,0.0
2.0,9601.0,1792.0,978.0,0.0,0.0,0.0,662.0,316.0,1792.0,0.0
2.0,7809.0,2193.0,1008.0,0.0,0.0,0.0,704.0,304.0,2193.0,0.0
2.0,5616.0,1916.0,1028.0,0.0,1440.0,1440.0,740.0,288.0,1872.0,44.0
2.0,3700.0,1176.0,1033.0,0.0,2641.0,2641.0,756.0,277.0,813.0,363.0
2.0,2524.0,678.0,1035.0,0.0,3329.0,3329.0,756.0,279.0,0.0,678.0
2.0,1846.0,949.0,1053.0,1440.0,2928.0,2928.0,756.0,297.0,0.0,949.0
2.0,2337.0,901.0,1065.0,2641.0,1248.0,1248.0,751.0,314.0,0.0,901.0
2.0,4077.0,539.0,1056.0,3329.0,0.0,0.0,731.0,325.0,0.0,539.0
2.0,6867.0,0.0,1023.0,2928.0,0.0,0.0,698.0,325.0,0.0,0.0
2.0,9795.0,367.0,989.0,1248.0,0.0,0.0,664.0,325.0,367.0,0.0
2.0,10676.0,1104.0,974.0,0.0,0.0,0.0,650.0,324.0,1104.0,0.0
2.0,9572.0,1846.0,986.0,0.0,0.0,0.0,668.0,318.0,1846.0,0.0
2.0,7726.0,2216.0,1017.0,0.0,0.0,0.0,711.0,306.0,2216.0,0.0
2.0,5510.0,1908.0,1036.0,0.0,1578.0,1578.0,747.0,289.0,1853.0,55.0
2.0,3602.0,1113.0,1040.0,0.0,2711.0,2711.0,761.0,279.0,743.0,370.0
2.0,2489.0,685.0,1042.0,0.0,3406.0,3406.0,761.0,281.0,0.0,685.0
2.0,1804.0,945.0,1061.0,1578.0,2868.0,2868.0,761.0,300.0,0.0,945.0
2.0,2437.0,889.0,1073.0,2711.0,1106.0,1106.0,756.0,317.0,0.0,889.0
2.0,4259.0,523.0,1064.0,3406.0,0.0,0.0,737.0,327.0,0.0,523.0
2.0,7142.0,0.0,1031.0,2868.0,0.0,0.0,704.0,327.0,0.0,0.0
2.0,10010.0,346.0,997.0,1106.0,0.0,0.0,670.0,327.0,346.0,0.0
2.0,10770.0,1081.0,981.0,0.0,0.0,0.0,655.0,326.0,1081.0,0.0
2.0,9689.0,1810.0,993.0,0.0,0.0,0.0,673.0,320.0,1810.0,0.0
2.0,7879.0,2192.0,1023.0,0.0,0.0,0.0,715.0,308.0,2192.0,0.0
2.0,5687.0,1891.0,1043.0,0.0,1419.0,1419.0,751.0,292.0,1844.0,47.0
2.0,3796.0,1119.0,1047.0,0.0,2558.0,2558.0,765.0,282.0,761.0,358.0
2.0,2677.0,669.0,1048.0,0.0,3232.0,3232.0,765.0,283.0,0.0,669.0
2.0,2008.0,933.0,1066.0,1419.0,2836.0,2836.0,765.0,301.0,0.0,933.0
2.0,2494.0,891.0,1080.0,2558.0,1239.0,1239.0,761.0,319.0,0.0,891.0
2.0,4161.0,533.0,1072.0,3232.0,0.0,0.0,743.0,329.0,0.0,533.0
2.0,6860.0,0.0,1040.0,2836.0,0.0,0.0,711.0,329.0,0.0,0.0
2.0,9696.0,331.0,1006.0,1239.0,0.0,0.0,677.0,329.0,331.0,0.0
2.0,10604.0,1061.0,990.0,0.0,0.0,0.0,661.0,329.0,1061.0,0.0
2.0,9543.0,1786.0,1001.0,0.0,0.0,0.0,678.0,323.0,1786.0,0.0
2.0,7757.0,2186.0,1031.0,0.0,0.0,0.0,720.0,311.0,2186.0,0.0
2.0,5571.0,1897.0,1049.0,0.0,1571.0,1571.0,755.0,294.0,1852.0,45.0
2.0,3674.0,1156.0,1055.0,0.0,2757.0,2757.0,771.0,284.0,799.0,357.0
2.0,2518.0,669.0,1056.0,0.0,3431.0,3431.0,771.0,285.0,0.0,669.0
2.0,1849.0,942.0,1075.0,1571.0,2897.0,2897.0,771.0,304.0,0.0,942.0
2.0,2478.0,898.0,1087.0,2757.0,1098.0,1098.0,766.0,321.0,0.0,898.0
2.0,4337.0,543.0,1078.0,3431.0,0.0,0.0,747.0,331.0,0.0,543.0
2.0,7225.0,0.0,1046.0,2897.0,0.0,0.0,715.0,331.0,0.0,0.0
2.0,10122.0,365.0,1012.0,1098.0,0.0,0.0,681.0,331.0,365.0,0.0
2.0,10855.0,1108.0,997.0,0.0,0.0,0.0,666.0,331.0,1108.0,0.0
2.0,9747.0,1847.0,1009.0,0.0,0.0,0.0,684.0,325.0,1847.0,0.0
2.0,7900.0,2228.0,1039.0,0.0,0.0,0.0,727.0,312.0,2228.0,0.0
2.0,5672.0,1927.0,1058.0,0.0,1545.0,1545.0,762.0,296.0,1863.0,64.0
2.0,3745.0,1154.0,1063.0,0.0,2724.0,2724.0,777.0,286.0,766.0,388.0
2.0,2591.0,708.0,1065.0,0.0,3442.0,3442.0,777.0,288.0,0.0,708.0
2.0,1883.0,965.0,1084.0,1545.0,2957.0,2957.0,777.0,307.0,0.0,965.0
2.0,2463.0,898.0,1095.0,2724.0,1186.0,1186.0,771.0,324.0,0.0,898.0
2.0,4289.0,512.0,1084.0,3442.0,0.0,0.0,750.0,334.0,0.0,512.0
2.0,7219.0,0.0,1050.0,2957.0,0.0,0.0,716.0,334.0,0.0,0.0
2.0,10176.0,431.0,1016.0,1186.0,0.0,0.0,682.0,334.0,431.0,0.0
2.0,10931.0,1187.0,1002.0,0.0,0.0,0.0,669.0,333.0,1187.0,0.0
2.0,9744.0,1945.0,1017.0,0.0,0.0,0.0,691.0,326.0,1945.0,0.0
2.0,7799.0,2278.0,1048.0,0.0,0.0,0.0,735.0,313.0,2278.0,0.0
2.0,5521.0,1938.0,1066.0,0.0,1747.0,1747.0,770.0,296.0,1851.0,87.0
2.0,3583.0,1089.0,1070.0,0.0,2856.0,2856.0,783.0,287.0,671.0,418.0
2.0,2494.0,744.0,1074.0,0.0,3620.0,3620.0,783.0,291.0,0.0,744.0
2.0,1750.0,983.0,1093.0,1747.0,2951.0,2951.0,783.0,310.0,0.0,983.0
2.0,2514.0,891.0,1103.0,2856.0,1036.0,1036.0,776.0,327.0,0.0,891.0
2.0,4479.0,473.0,1091.0,3620.0,0.0,0.0,755.0,336.0,0.0,473.0
2.0,7626.0,0.0,1055.0,2951.0,0.0,0.0,719.0,336.0,0.0,0.0
2.0,10577.0,454.0,1021.0,1036.0,0.0,0.0,685.0,336.0,454.0,0.0
2.0,11159.0,1215.0,1008.0,0.0,0.0,0.0,673.0,335.0,1215.0,0.0
2.0,9944.0,1980.0,1025.0,0.0,0.0,0.0,697.0,328.0,1980.0,0.0
2.0,7964.0,2285.0,1056.0,0.0,0.0,0.0,741.0,315.0,2285.0,0.0
2.0,5679.0,1924.0,1074.0,0.0,1615.0,1615.0,776.0,298.0,1834.0,90.0
2.0,3755.0,1027.0,1077.0,0.0,2657.0,2657.0,788.0,289.0,612.0,415.0
2.0,2728.0,739.0,1081.0,0.0,3416.0,3416.0,788.0,293.0,0.0,739.0
2.0,1989.0,973.0,1100.0,1615.0,2869.0,2869.0,788.0,312.0,0.0,973.0
2.0,2631.0,882.0,1110.0,2657.0,1144.0,1144.0,781.0,329.0,0.0,882.0
2.0,4406.0,471.0,1098.0,3416.0,0.0,0.0,760.0,338.0,0.0,471.0
2.0,7351.0,0.0,1064.0,2869.0,0.0,0.0,726.0,338.0,0.0,0.0
2.0,10220.0,423.0,1030.0,1144.0,0.0,0.0,692.0,338.0,423.0,0.0
2.0,10941.0,1175.0,1016.0,0.0,0.0,0.0,679.0,337.0,1175.0,0.0
2.0,9766.0,1931.0,1031.0,0.0,0.0,0.0,701.0,330.0,1931.0,0.0
2.0,7835.0,2258.0,1063.0,0.0,0.0,0.0,745.0,318.0,2258.0,0.0
2.0,5577.0,1919.0,1081.0,0.0,1747.0,1747.0,780.0,301.0,1838.0,81.0
2.0,3658.0,1058.0,1085.0,0.0,2825.0,2825.0,793.0,292.0,656.0,402.0
2.0,2600.0,723.0,1088.0,0.0,3563.0,3563.0,793.0,295.0,0.0,723.0
2.0,1877.0,963.0,1107.0,1747.0,2874.0,2874.0,793.0,314.0,0.0,963.0
2.0,2661.0,887.0,1117.0,2825.0,986.0,986.0,786.0,331.0,0.0,887.0
2.0,4599.0,485.0,1106.0,3563.0,0.0,0.0,766.0,340.0,0.0,485.0
2.0,7677.0,0.0,1072.0,2874.0,0.0,0.0,732.0,340.0,0.0,0.0
2.0,10551.0,415.0,1037.0,986.0,0.0,0.0,697.0,340.0,415.0,0.0
2.0,11122.0,1166.0,1023.0,0.0,0.0,0.0,684.0,339.0,1166.0,0.0
2.0,9956.0,1923.0,1039.0,0.0,0.0,0.0,706.0,333.0,1923.0,0.0
2.0,8033.0,2261.0,1069.0,0.0,0.0,0.0,749.0,320.0,2261.0,0.0
2.0,5772.0,1941.0,1088.0,0.0,1609.0,1609.0,785.0,303.0,1854.0,87.0
2.0,3831.0,1098.0,1092.0,0.0,2727.0,2727.0,798.0,294.0,687.0,411.0
2.0,2733.0,735.0,1096.0,0.0,3482.0,3482.0,798.0,298.0,0.0,735.0
2.0,1998.0,978.0,1114.0,1609.0,2941.0,2941.0,798.0,316.0,0.0,978.0
2.0,2629.0,893.0,1125.0,2727.0,1162.0,1162.0,791.0,334.0,0.0,893.0
2.0,4463.0,484.0,1113.0,3482.0,0.0,0.0,770.0,343.0,0.0,484.0
2.0,7461.0,0.0,1077.0,2941.0,0.0,0.0,734.0,343.0,0.0,0.0
2.0,10402.0,468.0,1044.0,1162.0,0.0,0.0,701.0,343.0,468.0,0.0
2.0,11096.0,1240.0,1031.0,0.0,0.0,0.0,689.0,342.0,1240.0,0.0
2.0,9856.0,2009.0,1046.0,0.0,0.0,0.0,712.0,334.0,2009.0,0.0
2.0,7847.0,2312.0,1078.0,0.0,0.0,0.0,757.0,321.0,2312.0,0.0
2.0,5535.0,1959.0,1096.0,0.0,1904.0,1904.0,792.0,304.0,1850.0,109.0
2.0,3576.0,1057.0,1099.0,0.0,2976.0,2976.0,804.0,295.0,616.0,441.0
2.0,2519.0,779.0,1104.0,0.0,3780.0,3780.0,804.0,300.0,0.0,779.0
2.0,1740.0,1003.0,1124.0,1904.0,2979.0,2979.0,804.0,320.0,0.0,1003.0
2.0,2641.0,896.0,1133.0,2976.0,944.0,944.0,796.0,337.0,0.0,896.0
2.0,4721.0,451.0,1119.0,3780.0,0.0,0.0,773.0,346.0,0.0,451.0
2.0,8050.0,0.0,1082.0,2979.0,0.0,0.0,736.0,346.0,0.0,0.0
2.0,11029.0,532.0,1048.0,944.0,0.0,0.0,702.0,346.0,532.0,0.0
2.0,11441.0,1321.0,1036.0,0.0,0.0,0.0,692.0,344.0,1321.0,0.0
2.0,10120.0,2106.0,1056.0,0.0,0.0,0.0,720.0,336.0,2106.0,0.0
2.0,8014.0,2364.0,1087.0,0.0,0.0,0.0,765.0,322.0,2364.0,0.0
2.0,5650.0,1950.0,1105.0,0.0,1825.0,1825.0,800.0,305.0,1829.0,121.0
2.0,3700.0,972.0,1107.0,0.0,2807.0,2807.0,810.0,297.0,509.0,463.0
2.0,2728.0,800.0,1113.0,0.0,3637.0,3637.0,810.0,303.0,0.0,800.0
2.0,1928.0,1016.0,1133.0,1825.0,2928.0,2928.0,810.0,323.0,0.0,1016.0
2.0,2737.0,889.0,1141.0,2807.0,1050.0,1050.0,801.0,340.0,0.0,889.0
2.0,4655.0,425.0,1126.0,3637.0,0.0,0.0,778.0,348.0,0.0,425.0
2.0,7867.0,0.0,1088.0,2928.0,0.0,0.0,740.0,348.0,0.0,0.0
2.0,10795.0,532.0,1054.0,1050.0,0.0,0.0,706.0,348.0,532.0,0.0
2.0,11313.0,1320.0,1042.0,0.0,0.0,0.0,696.0,346.0,1320.0,0.0
2.0,9993.0,2102.0,1063.0,0.0,0.0,0.0,725.0,338.0,2102.0,0.0
2.0,7891.0,2356.0,1094.0,0.0,0.0,0.0,770.0,324.0,2356.0,0.0
2.0,5535.0,1932.0,1113.0,0.0,1962.0,1962.0,805.0,308.0,1816.0,116.0
2.0,3603.0,949.0,1114.0,0.0,2916.0,2916.0,815.0,299.0,499.0,450.0
2.0,2654.0,784.0,1120.0,0.0,3730.0,3730.0,815.0,305.0,0.0,784.0
2.0,1870.0,1001.0,1139.0,1962.0,2864.0,2864.0,815.0,324.0,0.0,1001.0
2.0,2831.0,884.0,1148.0,2916.0,877.0,877.0,807.0,341.0,0.0,884.0
2.0,4863.0,437.0,1134.0,3730.0,0.0,0.0,784.0,350.0,0.0,437.0
2.0,8156.0,0.0,1097.0,2864.0,0.0,0.0,747.0,350.0,0.0,0.0
2.0,11020.0,498.0,1063.0,877.0,0.0,0.0,713.0,350.0,498.0,0.0
2.0,11399.0,1277.0,1050.0,0.0,0.0,0.0,702.0,348.0,1277.0,0.0
2.0,10122.0,2051.0,1070.0,0.0,0.0,0.0,729.0,341.0,2051.0,0.0
2.0,8071.0,2331.0,1101.0,0.0,0.0,0.0,774.0,327.0,2331.0,0.0
2.0,5740.0,1936.0,1119.0,0.0,1791.0,1791.0,809.0,310.0,1827.0,109.0
2.0,3804.0,994.0,1122.0,0.0,2800.0,2800.0,820.0,302.0,554.0,440.0
2.0,2810.0,771.0,1127.0,0.0,3596.0,3596.0,820.0,307.0,0.0,771.0
2.0,2039.0,994.0,1146.0,1791.0,2894.0,2894.0,820.0,326.0,0.0,994.0
2.0,2836.0,891.0,1155.0,2800.0,1030.0,1030.0,812.0,343.0,0.0,891.0
2.0,4745.0,452.0,1141.0,3596.0,0.0,0.0,789.0,352.0,0.0,452.0
2.0,7889.0,0.0,1104.0,2894.0,0.0,0.0,752.0,352.0,0.0,0.0
2.0,10783.0,506.0,1071.0,1030.0,0.0,0.0,719.0,352.0,506.0,0.0
2.0,11307.0,1284.0,1058.0,0.0,0.0,0.0,708.0,350.0,1284.0,0.0
2.0,10023.0,2064.0,1077.0,0.0,0.0,0.0,734.0,343.0,2064.0,0.0
2.0,7959.0,2344.0,1107.0,0.0,0.0,0.0,779.0,328.0,2344.0,0.0
2.0,5615.0,1965.0,1127.0,0.0,1985.0,1985.0,815.0,312.0,1843.0,122.0
2.0,3650.0,1026.0,1130.0,0.0,3026.0,3026.0,826.0,304.0,568.0,458.0
2.0,2624.0,795.0,1136.0,0.0,3851.0,3851.0,826.0,310.0,0.0,795.0
2.0,1829.0,1016.0,1155.0,1985.0,2977.0,2977.0,826.0,329.0,0.0,1016.0
2.0,2798.0,896.0,1163.0,3026.0,887.0,887.0,817.0,346.0,0.0,896.0
2.0,4928.0,440.0,1148.0,3851.0,0.0,0.0,793.0,355.0,0.0,440.0
2.0,8339.0,0.0,1109.0,2977.0,0.0,0.0,754.0,355.0,0.0,0.0
2.0,11316.0,573.0,1076.0,887.0,0.0,0.0,721.0,355.0,573.0,0.0
2.0,11630.0,1370.0,1064.0,0.0,0.0,0.0,711.0,353.0,1370.0,0.0
2.0,10260.0,2174.0,1085.0,0.0,0.0,0.0,741.0,344.0,2174.0,0.0
2.0,8086.0,2402.0,1117.0,0.0,0.0,0.0,788.0,329.0,2402.0,0.0
2.0,5684.0,1984.0,1136.0,0.0,1980.0,1980.0,823.0,313.0,1839.0,145.0
2.0,3700.0,958.0,1137.0,0.0,2943.0,2943.0,832.0,305.0,469.0,489.0
2.0,2742.0,839.0,1144.0,0.0,3817.0,3817.0,832.0,312.0,0.0,839.0
2.0,1903.0,1039.0,1164.0,1980.0,2976.0,2976.0,832.0,332.0,0.0,1039.0
2.0,2844.0,896.0,1172.0,2943.0,969.0,969.0,822.0,350.0,0.0,896.0
2.0,4891.0,403.0,1153.0,3817.0,0.0,0.0,796.0,357.0,0.0,403.0
2.0,8305.0,0.0,1113.0,2976.0,0.0,0.0,756.0,357.0,0.0,0.0
2.0,11281.0,618.0,1079.0,969.0,0.0,0.0,722.0,357.0,618.0,0.0
2.0,11632.0,1428.0,1069.0,0.0,0.0,0.0,714.0,355.0,1428.0,0.0
2.0,10204.0,2243.0,1094.0,0.0,0.0,0.0,748.0,346.0,2243.0,0.0
2.0,7961.0,2435.0,1126.0,0.0,104.0,104.0,795.0,331.0,2435.0,0.0
2.0,5526.0,1974.0,1144.0,0.0,2168.0,2168.0,830.0,314.0,1822.0,152.0
2.0,3552.0,893.0,1144.0,0.0,3061.0,3061.0,837.0,307.0,389.0,504.0
2.0,2659.0,851.0,1152.0,104.0,3848.0,3848.0,837.0,315.0,0.0,851.0
2.0,1912.0,1045.0,1172.0,2168.0,2825.0,2825.0,837.0,335.0,0.0,1045.0
2.0,3035.0,887.0,1179.0,3061.0,686.0,686.0,827.0,352.0,0.0,887.0
2.0,5209.0,382.0,1161.0,3848.0,0.0,0.0,802.0,359.0,0.0,382.0
2.0,8675.0,0.0,1120.0,2825.0,0.0,0.0,761.0,359.0,0.0,0.0
2.0,11500.0,604.0,1086.0,686.0,0.0,0.0,727.0,359.0,604.0,0.0
2.0,11582.0,1409.0,1077.0,0.0,0.0,0.0,720.0,357.0,1409.0,0.0
2.0,10173.0,2218.0,1101.0,0.0,0.0,0.0,753.0,348.0,2218.0,0.0
2.0,7955.0,2417.0,1132.0,0.0,122.0,122.0,799.0,333.0,2417.0,0.0
2.0,5538.0,1961.0,1151.0,0.0,2178.0,2178.0,834.0,317.0,1815.0,146.0
2.0,3577.0,887.0,1151.0,0.0,3065.0,3065.0,842.0,309.0,398.0,489.0
2.0,2690.0,832.0,1159.0,122.0,3815.0,3815.0,842.0,317.0,0.0,832.0
2.0,1980.0,1029.0,1179.0,2178.0,2766.0,2766.0,842.0,337.0,0.0,1029.0
2.0,3129.0,882.0,1186.0,3065.0,618.0,618.0,832.0,354.0,0.0,882.0
2.0,5312.0,397.0,1169.0,3815.0,0.0,0.0,808.0,361.0,0.0,397.0
2.0,8730.0,0.0,1129.0,2766.0,0.0,0.0,768.0,361.0,0.0,0.0
2.0,11496.0,576.0,1095.0,618.0,0.0,0.0,734.0,361.0,576.0,0.0
2.0,11538.0,1379.0,1085.0,0.0,0.0,0.0,726.0,359.0,1379.0,0.0
2.0,10159.0,2177.0,1108.0,0.0,0.0,0.0,757.0,351.0,2177.0,0.0
2.0,7982.0,2404.0,1139.0,0.0,117.0,117.0,803.0,336.0,2404.0,0.0
2.0,5578.0,1969.0,1158.0,0.0,2181.0,2181.0,838.0,320.0,1823.0,146.0
2.0,3609.0,933.0,1159.0,0.0,3119.0,3119.0,847.0,312.0,445.0,488.0
2.0,2676.0,830.0,1166.0,117.0,3867.0,3867.0,847.0,319.0,0.0,830.0
2.0,1963.0,1027.0,1186.0,2181.0,2813.0,2813.0,847.0,339.0,0.0,1027.0
2.0,3117.0,887.0,1193.0,3119.0,616.0,616.0,837.0,356.0,0.0,887.0
2.0,5349.0,401.0,1176.0,3867.0,0.0,0.0,812.0,364.0,0.0,401.0
2.0,8815.0,0.0,1137.0,2813.0,0.0,0.0,773.0,364.0,0.0,0.0
2.0,11628.0,600.0,1103.0,616.0,0.0,0.0,739.0,364.0,600.0,0.0
2.0,11644.0,1412.0,1092.0,0.0,0.0,0.0,731.0,361.0,1412.0,0.0
2.0,10232.0,2221.0,1116.0,0.0,0.0,0.0,763.0,353.0,2221.0,0.0
2.0,8011.0,2436.0,1147.0,0.0,160.0,160.0,810.0,337.0,2436.0,0.0
2.0,5575.0,2003.0,1166.0,0.0,2258.0,2258.0,845.0,321.0,1836.0,167.0
2.0,3572.0,950.0,1167.0,0.0,3213.0,3213.0,853.0,314.0,434.0,516.0
2.0,2622.0,866.0,1175.0,160.0,3959.0,3959.0,853.0,322.0,0.0,866.0
2.0,1916.0,1054.0,1195.0,2258.0,2855.0,2855.0,853.0,342.0,0.0,1054.0
2.0,3120.0,889.0,1201.0,3213.0,561.0,561.0,842.0,359.0,0.0,889.0
2.0,5444.0,375.0,1182.0,3959.0,0.0,0.0,816.0,366.0,0.0,375.0
2.0,9028.0,0.0,1140.0,2855.0,0.0,0.0,774.0,366.0,0.0,0.0
2.0,11883.0,662.0,1107.0,561.0,0.0,0.0,741.0,366.0,662.0,0.0
2.0,11782.0,1493.0,1098.0,0.0,0.0,0.0,734.0,364.0,1493.0,0.0
2.0,10289.0,2321.0,1124.0,0.0,0.0,0.0,770.0,354.0,2321.0,0.0
2.0,7968.0,2493.0,1155.0,0.0,300.0,300.0,817.0,338.0,2493.0,0.0
2.0,5475.0,2018.0,1175.0,0.0,2418.0,2418.0,853.0,322.0,1830.0,188.0
2.0,3457.0,890.0,1174.0,0.0,3303.0,3303.0,859.0,315.0,346.0,544.0
2.0,2567.0,906.0,1184.0,300.0,3959.0,3959.0,859.0,325.0,0.0,906.0
2.0,1961.0,1075.0,1204.0,2418.0,2716.0,2716.0,859.0,345.0,0.0,1075.0
2.0,3304.0,888.0,1209.0,3303.0,326.0,326.0,847.0,362.0,0.0,888.0
2.0,5719.0,339.0,1189.0,3959.0,0.0,0.0,820.0,369.0,0.0,339.0
2.0,9339.0,0.0,1146.0,2716.0,0.0,0.0,777.0,369.0,0.0,0.0
2.0,12055.0,694.0,1112.0,326.0,0.0,0.0,743.0,369.0,694.0,0.0
2.0,11687.0,1528.0,1104.0,0.0,0.0,0.0,738.0,366.0,1528.0,0.0
2.0,10159.0,2362.0,1132.0,0.0,0.0,0.0,776.0,356.0,2362.0,0.0
2.0,7797.0,2506.0,1164.0,0.0,529.0,529.0,824.0,340.0,2506.0,0.0
2.0,5291.0,1995.0,1182.0,0.0,2614.0,2614.0,859.0,323.0,1811.0,184.0
2.0,3296.0,832.0,1181.0,0.0,3441.0,3441.0,864.0,317.0,286.0,546.0
2.0,2464.0,902.0,1191.0,529.0,3864.0,3864.0,864.0,327.0,0.0,902.0
2.0,2091.0,1074.0,1211.0,2614.0,2424.0,2424.0,864.0,347.0,0.0,1074.0
2.0,3631.0,884.0,1217.0,3441.0,0.0,0.0,853.0,364.0,0.0,884.0
2.0,6188.0,337.0,1196.0,3864.0,0.0,0.0,825.0,371.0,0.0,337.0
2.0,9715.0,0.0,1154.0,2424.0,0.0,0.0,783.0,371.0,0.0,0.0
2.0,12139.0,675.0,1120.0,0.0,0.0,0.0,749.0,371.0,675.0,0.0
2.0,11464.0,1501.0,1111.0,0.0,0.0,0.0,743.0,368.0,1501.0,0.0
2.0,9963.0,2331.0,1139.0,0.0,0.0,0.0,780.0,359.0,2331.0,0.0
2.0,7632.0,2481.0,1171.0,0.0,704.0,704.0,828.0,343.0,2481.0,0.0
2.0,5151.0,1979.0,1189.0,0.0,2773.0,2773.0,863.0,326.0,1804.0,175.0
2.0,3172.0,829.0,1188.0,0.0,3597.0,3597.0,869.0,319.0,301.0,528.0
2.0,2343.0,880.0,1198.0,704.0,3823.0,3823.0,869.0,329.0,0.0,880.0
2.0,2167.0,1057.0,1218.0,2773.0,2207.0,2207.0,869.0,349.0,0.0,1057.0
2.0,3883.0,881.0,1224.0,3597.0,0.0,0.0,858.0,366.0,0.0,881.0
2.0,6599.0,358.0,1204.0,3823.0,0.0,0.0,831.0,373.0,0.0,358.0
2.0,10064.0,0.0,1162.0,2207.0,0.0,0.0,789.0,373.0,0.0,0.0
2.0,12271.0,663.0,1129.0,0.0,0.0,0.0,756.0,373.0,663.0,0.0
2.0,11608.0,1485.0,1119.0,0.0,0.0,0.0,749.0,370.0,1485.0,0.0
2.0,10123.0,2313.0,1146.0,0.0,0.0,0.0,785.0,361.0,2313.0,0.0
2.0,7810.0,2474.0,1178.0,0.0,554.0,554.0,833.0,345.0,2474.0,0.0
2.0,5336.0,2001.0,1197.0,0.0,2650.0,2650.0,868.0,329.0,1819.0,182.0
2.0,3335.0,868.0,1196.0,0.0,3513.0,3513.0,874.0,322.0,332.0,536.0
2.0,2467.0,890.0,1205.0,554.0,3894.0,3894.0,874.0,331.0,0.0,890.0
2.0,2131.0,1063.0,1226.0,2650.0,2412.0,2412.0,874.0,352.0,0.0,1063.0
2.0,3718.0,887.0,1231.0,3513.0,0.0,0.0,862.0,369.0,0.0,887.0
2.0,6344.0,353.0,1210.0,3894.0,0.0,0.0,835.0,375.0,0.0,353.0
2.0,9885.0,0.0,1168.0,2412.0,0.0,0.0,793.0,375.0,0.0,0.0
2.0,12297.0,706.0,1134.0,0.0,0.0,0.0,759.0,375.0,706.0,0.0
2.0,11591.0,1543.0,1126.0,0.0,0.0,0.0,754.0,372.0,1543.0,0.0
2.0,10048.0,2386.0,1153.0,0.0,0.0,0.0,791.0,362.0,2386.0,0.0
2.0,7662.0,2520.0,1186.0,0.0,788.0,788.0,840.0,346.0,2520.0,0.0
2.0,5142.0,2032.0,1204.0,0.0,2910.0,2910.0,875.0,329.0,1824.0,208.0
2.0,3110.0,852.0,1203.0,0.0,3757.0,3757.0,880.0,323.0,282.0,570.0
2.0,2258.0,932.0,1214.0,788.0,3956.0,3956.0,880.0,334.0,0.0,932.0
2.0,2114.0,1092.0,1235.0,2910.0,2243.0,2243.0,880.0,355.0,0.0,1092.0
2.0,3932.0,886.0,1240.0,3757.0,0.0,0.0,868.0,372.0,0.0,886.0
2.0,6803.0,318.0,1217.0,3956.0,0.0,0.0,839.0,378.0,0.0,318.0
2.0,10441.0,0.0,1172.0,2243.0,0.0,0.0,794.0,378.0,0.0,0.0
2.0,12684.0,770.0,1139.0,0.0,0.0,0.0,761.0,378.0,770.0,0.0
2.0,11914.0,1630.0,1132.0,0.0,0.0,0.0,757.0,375.0,1630.0,0.0
2.0,10284.0,2486.0,1162.0,0.0,0.0,0.0,798.0,364.0,2486.0,0.0
2.0,7798.0,2573.0,1195.0,0.0,750.0,750.0,848.0,347.0,2573.0,0.0
2.0,5225.0,2031.0,1213.0,0.0,2871.0,2871.0,883.0,330.0,1806.0,225.0
2.0,3194.0,771.0,1211.0,0.0,3632.0,3632.0,886.0,325.0,178.0,593.0
2.0,2423.0,966.0,1223.0,750.0,3908.0,3908.0,886.0,337.0,0.0,966.0
2.0,2207.0,1109.0,1244.0,2871.0,2251.0,2251.0,886.0,358.0,0.0,1109.0
2.0,3969.0,884.0,1248.0,3632.0,0.0,0.0,873.0,375.0,0.0,884.0
2.0,6717.0,286.0,1223.0,3908.0,0.0,0.0,843.0,380.0,0.0,286.0
2.0,10339.0,0.0,1178.0,2251.0,0.0,0.0,798.0,380.0,0.0,0.0
2.0,12590.0,786.0,1145.0,0.0,0.0,0.0,765.0,380.0,786.0,0.0
2.0,11804.0,1648.0,1139.0,0.0,0.0,0.0,762.0,377.0,1648.0,0.0
2.0,10156.0,2505.0,1170.0,0.0,0.0,0.0,804.0,366.0,2505.0,0.0
2.0,7651.0,2580.0,1203.0,0.0,944.0,944.0,854.0,349.0,2580.0,0.0
2.0,5071.0,2001.0,1221.0,0.0,3035.0,3035.0,888.0,333.0,1787.0,214.0
2.0,3070.0,726.0,1218.0,0.0,3746.0,3746.0,891.0,327.0,141.0,585.0
2.0,2344.0,951.0,1230.0,944.0,3813.0,3813.0,891.0,339.0,0.0,951.0
2.0,2337.0,1102.0,1251.0,3035.0,1985.0,1985.0,891.0,360.0,0.0,1102.0
2.0,4270.0,882.0,1255.0,3746.0,0.0,0.0,878.0,377.0,0.0,882.0
2.0,7134.0,295.0,1231.0,3813.0,0.0,0.0,849.0,382.0,0.0,295.0
2.0,10652.0,0.0,1186.0,1985.0,0.0,0.0,804.0,382.0,0.0,0.0
2.0,12637.0,749.0,1153.0,0.0,0.0,0.0,771.0,382.0,749.0,0.0
2.0,11888.0,1602.0,1146.0,0.0,0.0,0.0,767.0,379.0,1602.0,0.0
2.0,10286.0,2449.0,1177.0,0.0,0.0,0.0,808.0,369.0,2449.0,0.0
2.0,7837.0,2552.0,1209.0,0.0,760.0,760.0,857.0,352.0,2552.0,0.0
2.0,5285.0,2003.0,1228.0,0.0,2858.0,2858.0,892.0,336.0,1797.0,206.0
2.0,3282.0,768.0,1226.0,0.0,3616.0,3616.0,896.0,330.0,199.0,569.0
2.0,2514.0,931.0,1237.0,760.0,3842.0,3842.0,896.0,341.0,0.0,931.0
2.0,2343.0,1087.0,1258.0,2858.0,2176.0,2176.0,896.0,362.0,0.0,1087.0
2.0,4114.0,881.0,1262.0,3616.0,0.0,0.0,883.0,379.0,0.0,881.0
2.0,6849.0,318.0,1240.0,3842.0,0.0,0.0,855.0,385.0,0.0,318.0
2.0,10373.0,0.0,1195.0,2176.0,0.0,0.0,810.0,385.0,0.0,0.0
2.0,12549.0,741.0,1162.0,0.0,0.0,0.0,777.0,385.0,741.0,0.0
2.0,11808.0,1595.0,1153.0,0.0,0.0,0.0,772.0,381.0,1595.0,0.0
2.0,10213.0,2445.0,1184.0,0.0,0.0,0.0,813.0,371.0,2445.0,0.0
2.0,7768.0,2560.0,1216.0,0.0,872.0,872.0,862.0,354.0,2560.0,0.0
2.0,5208.0,2039.0,1235.0,0.0,3006.0,3006.0,897.0,338.0,1818.0,221.0
2.0,3169.0,819.0,1234.0,0.0,3820.0,3820.0,902.0,332.0,232.0,587.0
2.0,2350.0,954.0,1245.0,872.0,3957.0,3957.0,902.0,343.0,0.0,954.0
2.0,2268.0,1100.0,1266.0,3006.0,2156.0,2156.0,902.0,364.0,0.0,1100.0
2.0,4174.0,886.0,1270.0,3820.0,0.0,0.0,888.0,382.0,0.0,886.0
2.0,7108.0,301.0,1245.0,3957.0,0.0,0.0,858.0,387.0,0.0,301.0
2.0,10764.0,0.0,1200.0,2156.0,0.0,0.0,813.0,387.0,0.0,0.0
2.0,12920.0,798.0,1166.0,0.0,0.0,0.0,779.0,387.0,798.0,0.0
2.0,12122.0,1664.0,1159.0,0.0,0.0,0.0,776.0,383.0,1664.0,0.0
2.0,10458.0,2537.0,1192.0,0.0,0.0,0.0,820.0,372.0,2537.0,0.0
2.0,7921.0,2609.0,1224.0,0.0,808.0,808.0,870.0,354.0,2609.0,0.0
2.0,5312.0,2065.0,1243.0,0.0,2968.0,2968.0,905.0,338.0,1817.0,248.0
2.0,3247.0,780.0,1241.0,0.0,3738.0,3738.0,908.0,333.0,158.0,622.0
2.0,2467.0,997.0,1254.0,808.0,3992.0,3992.0,908.0,346.0,0.0,997.0
2.0,2278.0,1129.0,1276.0,2968.0,2263.0,2263.0,908.0,368.0,0.0,1129.0
2.0,4117.0,883.0,1278.0,3738.0,0.0,0.0,893.0,385.0,0.0,883.0
2.0,6972.0,263.0,1252.0,3992.0,0.0,0.0,862.0,390.0,0.0,263.0
2.0,10701.0,0.0,1204.0,2263.0,0.0,0.0,814.0,390.0,0.0,0.0
2.0,12964.0,858.0,1171.0,0.0,0.0,0.0,781.0,390.0,858.0,0.0
2.0,12106.0,1740.0,1166.0,0.0,0.0,0.0,780.0,386.0,1740.0,0.0
2.0,10366.0,2627.0,1201.0,0.0,0.0,0.0,827.0,374.0,2627.0,0.0
2.0,7739.0,2652.0,1234.0,0.0,1083.0,1083.0,878.0,356.0,2652.0,0.0
2.0,5087.0,2059.0,1251.0,0.0,3227.0,3227.0,912.0,339.0,1800.0,259.0
2.0,3028.0,693.0,1248.0,0.0,3905.0,3905.0,914.0,334.0,56.0,637.0
2.0,2335.0,1020.0,1263.0,1083.0,3917.0,3917.0,914.0,349.0,0.0,1020.0
2.0,2398.0,1139.0,1285.0,3227.0,1939.0,1939.0,914.0,371.0,0.0,1139.0
2.0,4486.0,880.0,1285.0,3905.0,0.0,0.0,898.0,387.0,0.0,880.0
2.0,7511.0,238.0,1259.0,3917.0,0.0,0.0,867.0,392.0,0.0,238.0
2.0,11190.0,0.0,1211.0,1939.0,0.0,0.0,819.0,392.0,0.0,0.0
2.0,13129.0,853.0,1177.0,0.0,0.0,0.0,785.0,392.0,853.0,0.0
2.0,12276.0,1732.0,1172.0,0.0,0.0,0.0,784.0,388.0,1732.0,0.0
2.0,10544.0,2616.0,1209.0,0.0,0.0,0.0,832.0,377.0,2616.0,0.0
2.0,7928.0,2641.0,1241.0,0.0,918.0,918.0,883.0,358.0,2641.0,0.0
2.0,5287.0,2036.0,1259.0,0.0,3044.0,3044.0,917.0,342.0,1791.0,245.0
2.0,3251.0,676.0,1255.0,0.0,3700.0,3700.0,918.0,337.0,51.0,625.0
2.0,2575.0,1000.0,1268.0,918.0,3847.0,3847.0,918.0,350.0,0.0,1000.0
2.0,2493.0,1129.0,1290.0,3044.0,2042.0,2042.0,918.0,372.0,0.0,1129.0
2.0,4408.0,878.0,1293.0,3700.0,0.0,0.0,904.0,389.0,0.0,878.0
2.0,7230.0,252.0,1267.0,3847.0,0.0,0.0,873.0,394.0,0.0,252.0
2.0,10825.0,0.0,1220.0,2042.0,0.0,0.0,826.0,394.0,0.0,0.0
2.0,12867.0,820.0,1186.0,0.0,0.0,0.0,792.0,394.0,820.0,0.0
2.0,12047.0,1691.0,1180.0,0.0,0.0,0.0,790.0,390.0,1691.0,0.0
2.0,10356.0,2567.0,1215.0,0.0,0.0,0.0,836.0,379.0,2567.0,0.0
2.0,7789.0,2617.0,1247.0,0.0,1063.0,1063.0,886.0,361.0,2617.0,0.0
2.0,5172.0,2042.0,1266.0,0.0,3200.0,3200.0,921.0,345.0,1801.0,241.0
2.0,3130.0,719.0,1263.0,0.0,3904.0,3904.0,923.0,340.0,105.0,614.0
2.0,2411.0,987.0,1276.0,1063.0,3893.0,3893.0,923.0,353.0,0.0,987.0
2.0,2487.0,1119.0,1297.0,3200.0,1917.0,1917.0,923.0,374.0,0.0,1119.0
2.0,4568.0,879.0,1300.0,3904.0,0.0,0.0,909.0,391.0,0.0,879.0
2.0,7593.0,271.0,1274.0,3893.0,0.0,0.0,878.0,396.0,0.0,271.0
2.0,11215.0,0.0,1227.0,1917.0,0.0,0.0,831.0,396.0,0.0,0.0
2.0,13132.0,834.0,1194.0,0.0,0.0,0.0,798.0,396.0,834.0,0.0
2.0,12298.0,1716.0,1188.0,0.0,0.0,0.0,796.0,392.0,1716.0,0.0
2.0,10582.0,2594.0,1222.0,0.0,0.0,0.0,841.0,381.0,2594.0,0.0
2.0,7988.0,2645.0,1254.0,0.0,927.0,927.0,892.0,362.0,2645.0,0.0
2.0,5343.0,2075.0,1273.0,0.0,3097.0,3097.0,927.0,346.0,1811.0,264.0
2.0,3268.0,747.0,1271.0,0.0,3834.0,3834.0,929.0,342.0,105.0,642.0
2.0,2521.0,1021.0,1284.0,927.0,3993.0,3993.0,929.0,355.0,0.0,1021.0
2.0,2427.0,1137.0,1306.0,3097.0,2143.0,2143.0,929.0,377.0,0.0,1137.0
2.0,4387.0,881.0,1308.0,3834.0,0.0,0.0,914.0,394.0,0.0,881.0
2.0,7340.0,242.0,1281.0,3993.0,0.0,0.0,882.0,399.0,0.0,242.0
2.0,11091.0,0.0,1232.0,2143.0,0.0,0.0,833.0,399.0,0.0,0.0
2.0,13234.0,893.0,1199.0,0.0,0.0,0.0,800.0,399.0,893.0,0.0
2.0,12341.0,1794.0,1193.0,0.0,0.0,0.0,799.0,394.0,1794.0,0.0
2.0,10547.0,2692.0,1230.0,0.0,0.0,0.0,848.0,382.0,2692.0,0.0
2.0,7855.0,2703.0,1263.0,0.0,1163.0,1163.0,900.0,363.0,2703.0,0.0
2.0,5152.0,2102.0,1282.0,0.0,3360.0,3360.0,935.0,347.0,1810.0,292.0
2.0,3050.0,703.0,1278.0,0.0,4043.0,4043.0,935.0,343.0,25.0,678.0
2.0,2347.0,1065.0,1293.0,1163.0,4020.0,4020.0,935.0,358.0,0.0,1065.0
2.0,2445.0,1165.0,1316.0,3360.0,1940.0,1940.0,935.0,381.0,0.0,1165.0
2.0,4640.0,875.0,1317.0,4043.0,0.0,0.0,919.0,398.0,0.0,875.0
2.0,7808.0,198.0,1286.0,4020.0,0.0,0.0,885.0,401.0,0.0,198.0
2.0,11630.0,22.0,1236.0,1940.0,0.0,0.0,835.0,401.0,22.0,0.0
2.0,13548.0,929.0,1203.0,0.0,0.0,0.0,802.0,401.0,929.0,0.0
2.0,12619.0,1841.0,1199.0,0.0,0.0,0.0,803.0,396.0,1841.0,0.0
2.0,10778.0,2726.0,1238.0,0.0,0.0,0.0,854.0,384.0,2726.0,0.0
2.0,8052.0,2709.0,1271.0,0.0,1012.0,1012.0,906.0,365.0,2709.0,0.0
2.0,5343.0,2072.0,1289.0,0.0,3174.0,3174.0,941.0,348.0,1775.0,297.0
2.0,3271.0,685.0,1286.0,0.0,3844.0,3844.0,941.0,345.0,0.0,685.0
2.0,2586.0,1078.0,1302.0,1012.0,3990.0,3990.0,941.0,361.0,0.0,1078.0
2.0,2520.0,1169.0,1324.0,3174.0,2095.0,2095.0,941.0,383.0,0.0,1169.0
2.0,4525.0,871.0,1324.0,3844.0,0.0,0.0,924.0,400.0,0.0,871.0
2.0,7498.0,180.0,1294.0,3990.0,0.0,0.0,891.0,403.0,0.0,180.0
2.0,11308.0,8.0,1244.0,2095.0,0.0,0.0,841.0,403.0,8.0,0.0
2.0,13395.0,915.0,1211.0,0.0,0.0,0.0,808.0,403.0,915.0,0.0
2.0,12480.0,1816.0,1207.0,0.0,0.0,0.0,808.0,399.0,1816.0,0.0
2.0,10664.0,2708.0,1246.0,0.0,0.0,0.0,859.0,387.0,2708.0,0.0
2.0,7956.0,2697.0,1279.0,0.0,1136.0,1136.0,911.0,368.0,2697.0,0.0
2.0,5259.0,2059.0,1296.0,0.0,3280.0,3280.0,945.0,351.0,1779.0,280.0
2.0,3200.0,669.0,1292.0,0.0,3929.0,3929.0,945.0,347.0,0.0,669.0
2.0,2531.0,1053.0,1308.0,1136.0,3926.0,3926.0,945.0,363.0,0.0,1053.0
2.0,2614.0,1157.0,1330.0,3280.0,1913.0,1913.0,945.0,385.0,0.0,1157.0
2.0,4737.0,872.0,1331.0,3929.0,0.0,0.0,929.0,402.0,0.0,872.0
2.0,7794.0,202.0,1302.0,3926.0,0.0,0.0,897.0,405.0,0.0,202.0
2.0,11518.0,0.0,1253.0,1913.0,0.0,0.0,848.0,405.0,0.0,0.0
2.0,13431.0,886.0,1219.0,0.0,0.0,0.0,814.0,405.0,886.0,0.0
2.0,12545.0,1781.0,1215.0,0.0,0.0,0.0,814.0,401.0,1781.0,0.0
2.0,10764.0,2681.0,1252.0,0.0,0.0,0.0,863.0,389.0,2681.0,0.0
2.0,8083.0,2690.0,1285.0,0.0,1032.0,1032.0,915.0,370.0,2690.0,0.0
2.0,5393.0,2091.0,1304.0,0.0,3218.0,3218.0,950.0,354.0,1810.0,281.0
2.0,3302.0,690.0,1300.0,0.0,3888.0,3888.0,950.0,350.0,25.0,665.0
2.0,2612.0,1049.0,1315.0,1032.0,3980.0,3980.0,950.0,365.0,0.0,1049.0
2.0,2595.0,1153.0,1337.0,3218.0,2025.0,2025.0,950.0,387.0,0.0,1153.0
2.0,4660.0,873.0,1338.0,3888.0,0.0,0.0,934.0,404.0,0.0,873.0
2.0,7675.0,215.0,1309.0,3980.0,0.0,0.0,901.0,408.0,0.0,215.0
2.0,11440.0,10.0,1260.0,2025.0,0.0,0.0,852.0,408.0,10.0,0.0
2.0,13455.0,919.0,1226.0,0.0,0.0,0.0,818.0,408.0,919.0,0.0
2.0,12536.0,1825.0,1222.0,0.0,0.0,0.0,819.0,403.0,1825.0,0.0
2.0,10711.0,2727.0,1259.0,0.0,0.0,0.0,869.0,390.0,2727.0,0.0
2.0,7984.0,2717.0,1292.0,0.0,1193.0,1193.0,921.0,371.0,2717.0,0.0
2.0,5267.0,2118.0,1311.0,0.0,3406.0,3406.0,956.0,355.0,1808.0,310.0
2.0,3149.0,701.0,1307.0,0.0,4087.0,4087.0,956.0,351.0,0.0,701.0
2.0,2448.0,1093.0,1324.0,1193.0,4072.0,4072.0,956.0,368.0,0.0,1093.0
2.0,2548.0,1176.0,1346.0,3406.0,1952.0,1952.0,956.0,390.0,0.0,1176.0
2.0,4778.0,874.0,1346.0,4087.0,0.0,0.0,939.0,407.0,0.0,874.0
2.0,7991.0,175.0,1315.0,4072.0,0.0,0.0,904.0,411.0,0.0,175.0
2.0,11888.0,72.0,1265.0,1952.0,0.0,0.0,854.0,411.0,72.0,0.0
2.0,13768.0,1001.0,1232.0,0.0,0.0,0.0,821.0,411.0,1001.0,0.0
2.0,12767.0,1926.0,1229.0,0.0,0.0,0.0,824.0,405.0,1926.0,0.0
2.0,10841.0,2785.0,1269.0,0.0,0.0,0.0,877.0,392.0,2785.0,0.0
2.0,8056.0,2712.0,1300.0,0.0,1156.0,1156.0,929.0,371.0,2712.0,0.0
2.0,5344.0,2054.0,1317.0,0.0,3295.0,3295.0,962.0,355.0,1720.0,334.0
2.0,3290.0,732.0,1315.0,0.0,4017.0,4017.0,962.0,353.0,0.0,732.0
2.0,2558.0,1131.0,1333.0,1156.0,4082.0,4082.0,962.0,371.0,0.0,1131.0
2.0,2583.0,1201.0,1356.0,3295.0,2103.0,2103.0,962.0,394.0,0.0,1201.0
2.0,4677.0,868.0,1354.0,4017.0,0.0,0.0,944.0,410.0,0.0,868.0
2.0,7826.0,136.0,1321.0,4082.0,0.0,0.0,908.0,413.0,0.0,136.0
2.0,11772.0,102.0,1271.0,2103.0,0.0,0.0,858.0,413.0,102.0,0.0
2.0,13773.0,1033.0,1239.0,0.0,0.0,0.0,826.0,413.0,1033.0,0.0
2.0,12740.0,1969.0,1236.0,0.0,0.0,0.0,829.0,407.0,1969.0,0.0
2.0,10771.0,2798.0,1277.0,0.0,0.0,0.0,883.0,394.0,2798.0,0.0
2.0,7973.0,2695.0,1308.0,0.0,1262.0,1262.0,935.0,373.0,2695.0,0.0
2.0,5278.0,1988.0,1324.0,0.0,3330.0,3330.0,967.0,357.0,1660.0,328.0
2.0,3290.0,726.0,1321.0,0.0,4041.0,4041.0,967.0,354.0,0.0,726.0
2.0,2564.0,1129.0,1340.0,1262.0,4003.0,4003.0,967.0,373.0,0.0,1129.0
2.0,2697.0,1198.0,1363.0,3330.0,1986.0,1986.0,967.0,396.0,0.0,1198.0
2.0,4829.0,869.0,1361.0,4041.0,0.0,0.0,949.0,412.0,0.0,869.0
2.0,8001.0,136.0,1329.0,4003.0,0.0,0.0,914.0,415.0,0.0,136.0
2.0,11868.0,81.0,1279.0,1986.0,0.0,0.0,864.0,415.0,81.0,0.0
2.0,13773.0,1004.0,1246.0,0.0,0.0,0.0,831.0,415.0,1004.0,0.0
2.0,12769.0,1931.0,1244.0,0.0,0.0,0.0,834.0,410.0,1931.0,0.0
2.0,10838.0,2772.0,1284.0,0.0,0.0,0.0,887.0,397.0,2772.0,0.0
2.0,8066.0,2694.0,1316.0,0.0,1208.0,1208.0,939.0,377.0,2694.0,0.0
2.0,5372.0,1992.0,1331.0,0.0,3275.0,3275.0,971.0,360.0,1683.0,309.0
2.0,3380.0,708.0,1328.0,0.0,3968.0,3968.0,971.0,357.0,0.0,708.0
2.0,2672.0,1102.0,1345.0,1208.0,3947.0,3947.0,971.0,374.0,0.0,1102.0
2.0,2778.0,1187.0,1368.0,3275.0,1974.0,1974.0,971.0,397.0,0.0,1187.0
2.0,4866.0,873.0,1368.0,3968.0,0.0,0.0,954.0,414.0,0.0,873.0
2.0,7961.0,170.0,1337.0,3947.0,0.0,0.0,920.0,417.0,0.0,170.0
2.0,11738.0,64.0,1287.0,1974.0,0.0,0.0,870.0,417.0,64.0,0.0
2.0,13648.0,984.0,1254.0,0.0,0.0,0.0,837.0,417.0,984.0,0.0
2.0,12664.0,1909.0,1251.0,0.0,0.0,0.0,839.0,412.0,1909.0,0.0
2.0,10755.0,2766.0,1291.0,0.0,0.0,0.0,892.0,399.0,2766.0,0.0
2.0,7989.0,2709.0,1323.0,0.0,1335.0,1335.0,944.0,379.0,2709.0,0.0
2.0,5280.0,2034.0,1340.0,0.0,3454.0,3454.0,977.0,363.0,1723.0,311.0
2.0,3246.0,707.0,1337.0,0.0,4146.0,4146.0,977.0,360.0,0.0,707.0
2.0,2539.0,1103.0,1354.0,1335.0,3999.0,3999.0,977.0,377.0,0.0,1103.0
2.0,2771.0,1189.0,1377.0,3454.0,1849.0,1849.0,977.0,400.0,0.0,1189.0
2.0,5036.0,885.0,1376.0,4146.0,0.0,0.0,959.0,417.0,0.0,885.0
2.0,8297.0,180.0,1344.0,3999.0,0.0,0.0,924.0,420.0,0.0,180.0
2.0,12116.0,106.0,1294.0,1849.0,0.0,0.0,874.0,420.0,106.0,0.0
2.0,13859.0,1040.0,1261.0,0.0,0.0,0.0,841.0,420.0,1040.0,0.0
2.0,12819.0,1980.0,1259.0,0.0,0.0,0.0,845.0,414.0,1980.0,0.0
2.0,10839.0,2811.0,1300.0,0.0,0.0,0.0,899.0,401.0,2811.0,0.0
2.0,8028.0,2715.0,1331.0,0.0,1342.0,1342.0,951.0,380.0,2715.0,0.0
2.0,5313.0,2014.0,1346.0,0.0,3431.0,3431.0,983.0,363.0,1676.0,338.0
2.0,3299.0,742.0,1344.0,0.0,4163.0,4163.0,983.0,361.0,0.0,742.0
2.0,2557.0,1147.0,1363.0,1342.0,4063.0,4063.0,983.0,380.0,0.0,1147.0
2.0,2752.0,1214.0,1385.0,3431.0,1956.0,1956.0,982.0,403.0,0.0,1214.0
2.0,4969.0,883.0,1382.0,4163.0,0.0,0.0,962.0,420.0,0.0,883.0
2.0,8249.0,143.0,1348.0,4063.0,0.0,0.0,925.0,423.0,0.0,143.0
2.0,12169.0,171.0,1298.0,1956.0,0.0,0.0,875.0,423.0,171.0,0.0
2.0,13954.0,1128.0,1268.0,0.0,0.0,0.0,845.0,423.0,1128.0,0.0
2.0,12826.0,2081.0,1268.0,0.0,0.0,0.0,852.0,416.0,2081.0,0.0
2.0,10745.0,2869.0,1309.0,0.0,0.0,0.0,907.0,402.0,2869.0,0.0
2.0,7876.0,2696.0,1339.0,0.0,1515.0,1515.0,959.0,380.0,2696.0,0.0
2.0,5180.0,1928.0,1353.0,0.0,3513.0,3513.0,989.0,364.0,1570.0,358.0
2.0,3252.0,767.0,1351.0,0.0,4270.0,4270.0,989.0,362.0,0.0,767.0
2.0,2485.0,1176.0,1371.0,1515.0,4031.0,4031.0,989.0,382.0,0.0,1176.0
2.0,2824.0,1232.0,1393.0,3513.0,1860.0,1860.0,987.0,406.0,0.0,1232.0
2.0,5105.0,874.0,1390.0,4270.0,0.0,0.0,967.0,423.0,0.0,874.0
2.0,8501.0,107.0,1354.0,4031.0,0.0,0.0,929.0,425.0,0.0,107.0
2.0,12425.0,184.0,1304.0,1860.0,0.0,0.0,879.0,425.0,184.0,0.0
2.0,14101.0,1143.0,1274.0,0.0,0.0,0.0,849.0,425.0,1143.0,0.0
2.0,12958.0,2097.0,1276.0,0.0,0.0,0.0,857.0,419.0,2097.0,0.0
2.0,10861.0,2871.0,1318.0,0.0,0.0,0.0,913.0,405.0,2871.0,0.0
2.0,7990.0,2680.0,1347.0,0.0,1425.0,1425.0,964.0,383.0,2680.0,0.0
2.0,5310.0,1889.0,1361.0,0.0,3384.0,3384.0,994.0,367.0,1539.0,350.0
2.0,3421.0,757.0,1358.0,0.0,4126.0,4126.0,994.0,364.0,0.0,757.0
2.0,2664.0,1169.0,1378.0,1425.0,3970.0,3970.0,994.0,384.0,0.0,1169.0
2.0,2920.0,1225.0,1400.0,3384.0,1921.0,1921.0,992.0,408.0,0.0,1225.0
2.0,5079.0,874.0,1398.0,4126.0,0.0,0.0,973.0,425.0,0.0,874.0
2.0,8331.0,111.0,1363.0,3970.0,0.0,0.0,936.0,427.0,0.0,111.0
2.0,12190.0,148.0,1312.0,1921.0,0.0,0.0,885.0,427.0,148.0,0.0
2.0,13963.0,1098.0,1282.0,0.0,0.0,0.0,855.0,427.0,1098.0,0.0
2.0,12865.0,2043.0,1283.0,0.0,0.0,0.0,862.0,421.0,2043.0,0.0
2.0,10822.0,2844.0,1323.0,0.0,0.0,0.0,916.0,407.0,2844.0,0.0
2.0,7978.0,2690.0,1354.0,0.0,1482.0,1482.0,968.0,386.0,2690.0,0.0
2.0,5288.0,1928.0,1369.0,0.0,3485.0,3485.0,999.0,370.0,1595.0,333.0
2.0,3360.0,742.0,1366.0,0.0,4212.0,4212.0,999.0,367.0,0.0,742.0
2.0,2618.0,1146.0,1385.0,1482.0,3971.0,3971.0,999.0,386.0,0.0,1146.0
2.0,2954.0,1217.0,1406.0,3485.0,1808.0,1808.0,997.0,409.0,0.0,1217.0
2.0,5222.0,879.0,1404.0,4212.0,0.0,0.0,978.0,426.0,0.0,879.0
2.0,8555.0,138.0,1371.0,3971.0,0.0,0.0,942.0,429.0,0.0,138.0
2.0,12388.0,143.0,1320.0,1808.0,0.0,0.0,891.0,429.0,143.0,0.0
2.0,14053.0,1089.0,1289.0,0.0,0.0,0.0,860.0,429.0,1089.0,0.0
2.0,12964.0,2041.0,1289.0,0.0,0.0,0.0,866.0,423.0,2041.0,0.0
2.0,10923.0,2846.0,1330.0,0.0,0.0,0.0,921.0,409.0,2846.0,0.0
2.0,8077.0,2707.0,1361.0,0.0,1435.0,1435.0,973.0,388.0,2707.0,0.0
2.0,5370.0,1972.0,1376.0,0.0,3482.0,3482.0,1004.0,372.0,1622.0,350.0
2.0,3398.0,758.0,1373.0,0.0,4225.0,4225.0,1004.0,369.0,0.0,758.0
2.0,2640.0,1167.0,1392.0,1435.0,4052.0,4052.0,1004.0,388.0,0.0,1167.0
2.0,2908.0,1227.0,1414.0,3482.0,1907.0,1907.0,1002.0,412.0,0.0,1227.0
2.0,5163.0,879.0,1411.0,4225.0,0.0,0.0,982.0,429.0,0.0,879.0
2.0,8509.0,128.0,1375.0,4052.0,0.0,0.0,944.0,431.0,0.0,128.0
2.0,12433.0,205.0,1325.0,1907.0,0.0,0.0,894.0,431.0,205.0,0.0
2.0,14135.0,1168.0,1295.0,0.0,0.0,0.0,864.0,431.0,1168.0,0.0
2.0,12967.0,2138.0,1298.0,0.0,0.0,0.0,873.0,425.0,2138.0,0.0
2.0,10829.0,2900.0,1340.0,0.0,0.0,0.0,929.0,411.0,2900.0,0.0
2.0,7929.0,2706.0,1370.0,0.0,1627.0,1627.0,981.0,389.0,2706.0,0.0
2.0,5223.0,1921.0,1384.0,0.0,3618.0,3618.0,1011.0,373.0,1538.0,383.0
2.0,3302.0,799.0,1382.0,0.0,4407.0,4407.0,1011.0,371.0,0.0,799.0
2.0,2503.0,1216.0,1403.0,1627.0,4101.0,4101.0,1011.0,392.0,0.0,1216.0
2.0,2914.0,1251.0,1423.0,3618.0,1834.0,1834.0,1007.0,416.0,0.0,1251.0
2.0,5281.0,875.0,1418.0,4407.0,0.0,0.0,986.0,432.0,0.0,875.0
2.0,8813.0,78.0,1380.0,4101.0,0.0,0.0,946.0,434.0,0.0,78.0
2.0,12836.0,261.0,1329.0,1834.0,0.0,0.0,895.0,434.0,261.0,0.0
2.0,14409.0,1240.0,1301.0,0.0,0.0,0.0,867.0,434.0,1240.0,0.0
2.0,13169.0,2224.0,1307.0,0.0,0.0,0.0,880.0,427.0,2224.0,0.0
2.0,10945.0,2943.0,1349.0,0.0,0.0,0.0,937.0,412.0,2943.0,0.0
2.0,8002.0,2688.0,1378.0,0.0,1576.0,1576.0,988.0,390.0,2688.0,0.0
2.0,5314.0,1841.0,1390.0,0.0,3477.0,3477.0,1016.0,374.0,1444.0,397.0
2.0,3473.0,817.0,1389.0,0.0,4289.0,4289.0,1016.0,373.0,0.0,817.0
2.0,2656.0,1237.0,1410.0,1576.0,4055.0,4055.0,1016.0,394.0,0.0,1237.0
2.0,2995.0,1264.0,1432.0,3477.0,1952.0,1952.0,1013.0,419.0,0.0,1264.0
2.0,5208.0,866.0,1426.0,4289.0,0.0,0.0,991.0,435.0,0.0,866.0
2.0,8631.0,48.0,1386.0,4055.0,0.0,0.0,950.0,436.0,0.0,48.0
2.0,12638.0,257.0,1336.0,1952.0,0.0,0.0,900.0,436.0,257.0,0.0
2.0,14333.0,1234.0,1308.0,0.0,0.0,0.0,872.0,436.0,1234.0,0.0
2.0,13099.0,2215.0,1314.0,0.0,0.0,0.0,885.0,429.0,2215.0,0.0
2.0,10884.0,2933.0,1357.0,0.0,0.0,0.0,942.0,415.0,2933.0,0.0
2.0,7951.0,2678.0,1385.0,0.0,1652.0,1652.0,993.0,392.0,2678.0,0.0
2.0,5273.0,1818.0,1397.0,0.0,3530.0,3530.0,1021.0,376.0,1436.0,382.0
2.0,3455.0,798.0,1396.0,0.0,4323.0,4323.0,1021.0,375.0,0.0,798.0
2.0,2657.0,1219.0,1417.0,1652.0,3995.0,3995.0,1021.0,396.0,0.0,1219.0
2.0,3090.0,1253.0,1438.0,3530.0,1823.0,1823.0,1018.0,420.0,0.0,1253.0
2.0,5367.0,870.0,1434.0,4323.0,0.0,0.0,997.0,437.0,0.0,870.0
2.0,8820.0,66.0,1395.0,3995.0,0.0,0.0,957.0,438.0,0.0,66.0
2.0,12749.0,224.0,1345.0,1823.0,0.0,0.0,907.0,438.0,224.0,0.0
2.0,14348.0,1197.0,1316.0,0.0,0.0,0.0,878.0,438.0,1197.0,0.0
2.0,13151.0,2165.0,1321.0,0.0,0.0,0.0,889.0,432.0,2165.0,0.0
2.0,10986.0,2913.0,1362.0,0.0,0.0,0.0,945.0,417.0,2913.0,0.0
2.0,8073.0,2683.0,1392.0,0.0,1570.0,1570.0,997.0,395.0,2683.0,0.0
2.0,5390.0,1856.0,1404.0,0.0,3486.0,3486.0,1025.0,379.0,1486.0,370.0
2.0,3534.0,790.0,1402.0,0.0,4266.0,4266.0,1025.0,377.0,0.0,790.0
2.0,2744.0,1205.0,1423.0,1570.0,4006.0,4006.0,1025.0,398.0,0.0,1205.0
2.0,3109.0,1250.0,1445.0,3486.0,1880.0,1880.0,1023.0,422.0,0.0,1250.0
2.0,5345.0,876.0,1441.0,4266.0,0.0,0.0,1002.0,439.0,0.0,876.0
2.0,8735.0,87.0,1403.0,4006.0,0.0,0.0,963.0,440.0,0.0,87.0
2.0,12654.0,239.0,1352.0,1880.0,0.0,0.0,912.0,440.0,239.0,0.0
2.0,14295.0,1218.0,1324.0,0.0,0.0,0.0,884.0,440.0,1218.0,0.0
2.0,13077.0,2193.0,1329.0,0.0,0.0,0.0,895.0,434.0,2193.0,0.0
2.0,10884.0,2936.0,1370.0,0.0,0.0,0.0,951.0,419.0,2936.0,0.0
2.0,7948.0,2697.0,1400.0,0.0,1749.0,1749.0,1003.0,397.0,2697.0,0.0
2.0,5251.0,1883.0,1413.0,0.0,3697.0,3697.0,1032.0,381.0,1489.0,394.0
2.0,3368.0,815.0,1412.0,0.0,4507.0,4507.0,1032.0,380.0,0.0,815.0
2.0,2553.0,1237.0,1433.0,1749.0,4100.0,4100.0,1032.0,401.0,0.0,1237.0
2.0,3065.0,1265.0,1453.0,3697.0,1768.0,1768.0,1028.0,425.0,0.0,1265.0
2.0,5497.0,878.0,1447.0,4507.0,0.0,0.0,1005.0,442.0,0.0,878.0
2.0,9126.0,65.0,1407.0,4100.0,0.0,0.0,964.0,443.0,0.0,65.0
2.0,13161.0,298.0,1357.0,1768.0,0.0,0.0,914.0,443.0,298.0,0.0
2.0,14631.0,1296.0,1330.0,0.0,0.0,0.0,887.0,443.0,1296.0,0.0
2.0,13335.0,2291.0,1338.0,0.0,0.0,0.0,902.0,436.0,2291.0,0.0
2.0,11044.0,2994.0,1380.0,0.0,0.0,0.0,959.0,421.0,2994.0,0.0
2.0,8050.0,2696.0,1408.0,0.0,1686.0,1686.0,1011.0,397.0,2696.0,0.0
2.0,5354.0,1829.0,1419.0,0.0,3570.0,3570.0,1038.0,381.0,1409.0,420.0
2.0,3525.0,849.0,1419.0,0.0,4419.0,4419.0,1038.0,381.0,0.0,849.0
2.0,2676.0,1278.0,1442.0,1686.0,4126.0,4126.0,1038.0,404.0,0.0,1278.0
2.0,3084.0,1287.0,1462.0,3570.0,1943.0,1943.0,1033.0,429.0,0.0,1287.0
2.0,5367.0,873.0,1454.0,4419.0,0.0,0.0,1009.0,445.0,0.0,873.0
2.0,8913.0,25.0,1412.0,4126.0,0.0,0.0,966.0,446.0,0.0,25.0
2.0,13014.0,340.0,1362.0,1943.0,0.0,0.0,916.0,446.0,340.0,0.0
2.0,14617.0,1344.0,1336.0,0.0,0.0,0.0,890.0,446.0,1344.0,0.0
2.0,13273.0,2348.0,1346.0,0.0,0.0,0.0,908.0,438.0,2348.0,0.0
2.0,10925.0,3017.0,1388.0,0.0,0.0,0.0,966.0,422.0,3017.0,0.0
2.0,7908.0,2677.0,1416.0,0.0,1849.0,1849.0,1017.0,399.0,2677.0,0.0
2.0,5231.0,1762.0,1426.0,0.0,3661.0,3661.0,1043.0,383.0,1337.0,425.0
2.0,3469.0,855.0,1425.0,0.0,4511.0,4511.0,1043.0,382.0,0.0,855.0
2.0,2614.0,1284.0,1449.0,1849.0,4066.0,4066.0,1043.0,406.0,0.0,1284.0
2.0,3179.0,1293.0,1469.0,3661.0,1798.0,1798.0,1038.0,431.0,0.0,1293.0
2.0,5547.0,867.0,1462.0,4511.0,0.0,0.0,1014.0,448.0,0.0,867.0
2.0,9191.0,11.0,1420.0,4066.0,0.0,0.0,972.0,448.0,0.0,11.0
2.0,13246.0,328.0,1370.0,1798.0,0.0,0.0,922.0,448.0,328.0,0.0
2.0,14716.0,1326.0,1344.0,0.0,0.0,0.0,896.0,448.0,1326.0,0.0
2.0,13390.0,2328.0,1353.0,0.0,0.0,0.0,913.0,440.0,2328.0,0.0
2.0,11062.0,2996.0,1395.0,0.0,0.0,0.0,970.0,425.0,2996.0,0.0
2.0,8066.0,2665.0,1424.0,0.0,1719.0,1719.0,1022.0,402.0,2665.0,0.0
2.0,5401.0,1744.0,1432.0,0.0,3503.0,3503.0,1047.0,385.0,1337.0,407.0
2.0,3657.0,833.0,1432.0,0.0,4336.0,4336.0,1047.0,385.0,0.0,833.0
2.0,2824.0,1263.0,1455.0,1719.0,3995.0,3995.0,1047.0,408.0,0.0,1263.0
2.0,3280.0,1281.0,1475.0,3503.0,1873.0,1873.0,1043.0,432.0,0.0,1281.0
2.0,5502.0,873.0,1469.0,4336.0,0.0,0.0,1020.0,449.0,0.0,873.0
2.0,8965.0,35.0,1428.0,3995.0,0.0,0.0,978.0,450.0,0.0,35.0
2.0,12925.0,310.0,1378.0,1873.0,0.0,0.0,928.0,450.0,310.0,0.0
2.0,14488.0,1302.0,1352.0,0.0,0.0,0.0,902.0,450.0,1302.0,0.0
2.0,13186.0,2299.0,1361.0,0.0,0.0,0.0,918.0,443.0,2299.0,0.0
2.0,10887.0,2981.0,1403.0,0.0,0.0,0.0,975.0,428.0,2981.0,0.0
2.0,7906.0,2677.0,1430.0,0.0,1921.0,1921.0,1026.0,404.0,2677.0,0.0
2.0,5229.0,1774.0,1441.0,0.0,3750.0,3750.0,1053.0,388.0,1372.0,402.0
2.0,3455.0,833.0,1440.0,0.0,4578.0,4578.0,1053.0,387.0,0.0,833.0
2.0,2622.0,1260.0,1463.0,1921.0,4032.0,4032.0,1053.0,410.0,0.0,1260.0
2.0,3283.0,1285.0,1482.0,3750.0,1662.0,1662.0,1048.0,434.0,0.0,1285.0
2.0,5748.0,880.0,1476.0,4578.0,0.0,0.0,1025.0,451.0,0.0,880.0
2.0,9446.0,48.0,1434.0,4032.0,0.0,0.0,982.0,452.0,0.0,48.0
2.0,13430.0,344.0,1385.0,1662.0,0.0,0.0,933.0,452.0,344.0,0.0
2.0,14748.0,1347.0,1359.0,0.0,0.0,0.0,907.0,452.0,1347.0,0.0
2.0,13401.0,2357.0,1368.0,0.0,0.0,0.0,923.0,445.0,2357.0,0.0
2.0,11044.0,3019.0,1410.0,0.0,0.0,0.0,981.0,429.0,3019.0,0.0
2.0,8025.0,2685.0,1438.0,0.0,1850.0,1850.0,1033.0,405.0,2685.0,0.0
2.0,5340.0,1768.0,1448.0,0.0,3668.0,3668.0,1059.0,389.0,1338.0,430.0
2.0,3572.0,864.0,1448.0,0.0,4532.0,4532.0,1059.0,389.0,0.0,864.0
2.0,2708.0,1298.0,1472.0,1850.0,4100.0,4100.0,1059.0,413.0,0.0,1298.0
2.0,3260.0,1303.0,1491.0,3668.0,1830.0,1830.0,1053.0,438.0,0.0,1303.0
2.0,5625.0,875.0,1483.0,4532.0,0.0,0.0,1028.0,455.0,0.0,875.0
2.0,9282.0,19.0,1439.0,4100.0,0.0,0.0,984.0,455.0,0.0,19.0
2.0,13363.0,410.0,1389.0,1830.0,0.0,0.0,934.0,455.0,410.0,0.0
2.0,14783.0,1437.0,1365.0,0.0,0.0,0.0,910.0,455.0,1437.0,0.0
2.0,13346.0,2460.0,1377.0,0.0,0.0,0.0,930.0,447.0,2460.0,0.0
2.0,10886.0,3075.0,1421.0,0.0,0.0,0.0,990.0,431.0,3075.0,0.0
2.0,7811.0,2687.0,1447.0,0.0,2111.0,2111.0,1041.0,406.0,2669.0,18.0
2.0,5124.0,1694.0,1455.0,0.0,3845.0,3845.0,1065.0,390.0,1236.0,458.0
2.0,3430.0,898.0,1456.0,0.0,4748.0,4748.0,1065.0,391.0,0.0,898.0
2.0,2532.0,1320.0,1481.0,2111.0,4082.0,4082.0,1065.0,416.0,0.0,1320.0
2.0,3323.0,1303.0,1499.0,3845.0,1630.0,1630.0,1058.0,441.0,0.0,1303.0
2.0,5865.0,851.0,1489.0,4748.0,0.0,0.0,1032.0,457.0,0.0,851.0
2.0,9762.0,0.0,1444.0,4082.0,0.0,0.0,987.0,457.0,0.0,0.0
2.0,13844.0,440.0,1395.0,1630.0,0.0,0.0,938.0,457.0,440.0,0.0
2.0,15034.0,1473.0,1371.0,0.0,0.0,0.0,914.0,457.0,1473.0,0.0
2.0,13561.0,2501.0,1386.0,0.0,0.0,0.0,937.0,449.0,2501.0,0.0
2.0,11060.0,3093.0,1429.0,0.0,0.0,0.0,996.0,433.0,3093.0,0.0
2.0,7967.0,2670.0,1455.0,0.0,1978.0,1978.0,1047.0,408.0,2646.0,24.0
2.0,5297.0,1639.0,1462.0,0.0,3652.0,3652.0,1070.0,392.0,1176.0,463.0
2.0,3658.0,902.0,1463.0,0.0,4559.0,4559.0,1070.0,393.0,0.0,902.0
2.0,2756.0,1317.0,1488.0,1978.0,4023.0,4023.0,1070.0,418.0,0.0,1317.0
2.0,3417.0,1297.0,1506.0,3652.0,1758.0,1758.0,1063.0,443.0,0.0,1297.0
2.0,5772.0,833.0,1497.0,4559.0,0.0,0.0,1038.0,459.0,0.0,833.0
2.0,9498.0,0.0,1452.0,4023.0,0.0,0.0,993.0,459.0,0.0,0.0
2.0,13521.0,406.0,1402.0,1758.0,0.0,0.0,943.0,459.0,406.0,0.0
2.0,14873.0,1430.0,1379.0,0.0,0.0,0.0,920.0,459.0,1430.0,0.0
2.0,13443.0,2449.0,1392.0,0.0,0.0,0.0,941.0,451.0,2449.0,0.0
2.0,10994.0,3066.0,1435.0,0.0,0.0,0.0,1000.0,435.0,3066.0,0.0
2.0,7928.0,2664.0,1462.0,0.0,2046.0,2046.0,1051.0,411.0,2653.0,11.0
2.0,5264.0,1673.0,1470.0,0.0,3759.0,3759.0,1075.0,395.0,1226.0,447.0
2.0,3591.0,882.0,1470.0,0.0,4641.0,4641.0,1075.0,395.0,0.0,882.0
2.0,2709.0,1311.0,1495.0,2046.0,4031.0,4031.0,1075.0,420.0,0.0,1311.0
2.0,3444.0,1299.0,1514.0,3759.0,1666.0,1666.0,1069.0,445.0,0.0,1299.0
2.0,5904.0,852.0,1505.0,4641.0,0.0,0.0,1044.0,461.0,0.0,852.0
2.0,9693.0,0.0,1460.0,4031.0,0.0,0.0,999.0,461.0,0.0,0.0
2.0,13724.0,388.0,1410.0,1666.0,0.0,0.0,949.0,461.0,388.0,0.0
2.0,15002.0,1410.0,1386.0,0.0,0.0,0.0,925.0,461.0,1410.0,0.0
2.0,13592.0,2428.0,1398.0,0.0,0.0,0.0,945.0,453.0,2428.0,0.0
2.0,11164.0,3064.0,1441.0,0.0,0.0,0.0,1004.0,437.0,3064.0,0.0
2.0,8100.0,2685.0,1469.0,0.0,1930.0,1930.0,1056.0,413.0,2674.0,11.0
2.0,5415.0,1720.0,1477.0,0.0,3690.0,3690.0,1080.0,397.0,1272.0,448.0
2.0,3695.0,891.0,1478.0,0.0,4586.0,4586.0,1080.0,398.0,0.0,891.0
2.0,2804.0,1319.0,1502.0,1930.0,4095.0,4095.0,1080.0,422.0,0.0,1319.0
2.0,3415.0,1310.0,1521.0,3690.0,1810.0,1810.0,1074.0,447.0,0.0,1310.0
2.0,5795.0,859.0,1512.0,4586.0,0.0,0.0,1048.0,464.0,0.0,859.0
2.0,9522.0,0.0,1466.0,4095.0,0.0,0.0,1002.0,464.0,0.0,0.0
2.0,13617.0,437.0,1417.0,1810.0,0.0,0.0,953.0,464.0,437.0,0.0
2.0,14990.0,1470.0,1393.0,0.0,0.0,0.0,929.0,464.0,1470.0,0.0
2.0,13520.0,2504.0,1407.0,0.0,0.0,0.0,952.0,455.0,2504.0,0.0
2.0,11016.0,3108.0,1451.0,0.0,0.0,0.0,1012.0,439.0,3108.0,0.0
2.0,7908.0,2709.0,1477.0,0.0,2186.0,2186.0,1063.0,414.0,2676.0,33.0
2.0,5199.0,1701.0,1485.0,0.0,3927.0,3927.0,1086.0,399.0,1217.0,484.0
2.0,3498.0,930.0,1486.0,0.0,4862.0,4862.0,1086.0,400.0,0.0,930.0
2.0,2568.0,1344.0,1511.0,2186.0,4145.0,4145.0,1086.0,425.0,0.0,1344.0
2.0,3410.0,1308.0,1529.0,3927.0,1616.0,1616.0,1079.0,450.0,0.0,1308.0
2.0,6029.0,826.0,1517.0,4862.0,0.0,0.0,1051.0,466.0,0.0,826.0
2.0,10065.0,0.0,1470.0,4145.0,0.0,0.0,1004.0,466.0,0.0,0.0
2.0,14210.0,504.0,1420.0,1616.0,0.0,0.0,954.0,466.0,504.0,0.0
2.0,15322.0,1554.0,1399.0,0.0,0.0,0.0,933.0,466.0,1554.0,0.0
2.0,13768.0,2610.0,1416.0,0.0,0.0,0.0,959.0,457.0,2610.0,0.0
2.0,11158.0,3158.0,1460.0,0.0,0.0,0.0,1020.0,440.0,3158.0,0.0
2.0,8000.0,2719.0,1487.0,0.0,2154.0,2154.0,1071.0,416.0,2661.0,58.0
2.0,5281.0,1613.0,1492.0,0.0,3792.0,3792.0,1092.0,400.0,1104.0,509.0
2.0,3668.0,960.0,1494.0,0.0,4762.0,4762.0,1092.0,402.0,0.0,960.0
2.0,2708.0,1353.0,1520.0,2154.0,4091.0,4091.0,1092.0,428.0,0.0,1353.0
2.0,3509.0,1295.0,1537.0,3792.0,1679.0,1679.0,1084.0,453.0,0.0,1295.0
2.0,6006.0,791.0,1524.0,4762.0,0.0,0.0,1055.0,469.0,0.0,791.0
2.0,9977.0,0.0,1476.0,4091.0,0.0,0.0,1007.0,469.0,0.0,0.0
2.0,14068.0,510.0,1427.0,1679.0,0.0,0.0,958.0,469.0,510.0,0.0
2.0,15237.0,1561.0,1405.0,0.0,0.0,0.0,937.0,468.0,1561.0,0.0
2.0,13676.0,2616.0,1424.0,0.0,0.0,0.0,965.0,459.0,2616.0,0.0
2.0,11060.0,3155.0,1467.0,0.0,0.0,0.0,1025.0,442.0,3155.0,0.0
2.0,7905.0,2704.0,1494.0,0.0,2269.0,2269.0,1076.0,418.0,2647.0,57.0
2.0,5201.0,1584.0,1499.0,0.0,3878.0,3878.0,1097.0,402.0,1078.0,506.0
2.0,3617.0,954.0,1502.0,0.0,4847.0,4847.0,1097.0,405.0,0.0,954.0
2.0,2663.0,1345.0,1528.0,2269.0,4053.0,4053.0,1097.0,431.0,0.0,1345.0
2.0,3587.0,1292.0,1544.0,3878.0,1547.0,1547.0,1089.0,455.0,0.0,1292.0
2.0,6173.0,785.0,1533.0,4847.0,0.0,0.0,1062.0,471.0,0.0,785.0
2.0,10235.0,0.0,1485.0,4053.0,0.0,0.0,1014.0,471.0,0.0,0.0
2.0,14288.0,480.0,1436.0,1547.0,0.0,0.0,965.0,471.0,480.0,0.0
2.0,15355.0,1522.0,1413.0,0.0,0.0,0.0,943.0,470.0,1522.0,0.0
2.0,13833.0,2568.0,1431.0,0.0,0.0,0.0,969.0,462.0,2568.0,0.0
2.0,11265.0,3129.0,1474.0,0.0,0.0,0.0,1029.0,445.0,3129.0,0.0
2.0,8136.0,2698.0,1500.0,0.0,2062.0,2062.0,1080.0,420.0,2652.0,46.0
2.0,5438.0,1616.0,1507.0,0.0,3713.0,3713.0,1102.0,405.0,1124.0,492.0
2.0,3822.0,943.0,1509.0,0.0,4666.0,4666.0,1102.0,407.0,0.0,943.0
2.0,2879.0,1343.0,1535.0,2062.0,4077.0,4077.0,1102.0,433.0,0.0,1343.0
2.0,3598.0,1297.0,1551.0,3713.0,1741.0,1741.0,1094.0,457.0,0.0,1297.0
2.0,6014.0,800.0,1540.0,4666.0,0.0,0.0,1067.0,473.0,0.0,800.0
2.0,9880.0,0.0,1493.0,4077.0,0.0,0.0,1020.0,473.0,0.0,0.0
2.0,13957.0,481.0,1444.0,1741.0,0.0,0.0,971.0,473.0,481.0,0.0
2.0,15217.0,1530.0,1422.0,0.0,0.0,0.0,949.0,473.0,1530.0,0.0
2.0,13687.0,2575.0,1438.0,0.0,0.0,0.0,974.0,464.0,2575.0,0.0
2.0,11112.0,3146.0,1481.0,0.0,0.0,0.0,1034.0,447.0,3146.0,0.0
2.0,7966.0,2714.0,1507.0,0.0,2283.0,2283.0,1085.0,422.0,2664.0,50.0
2.0,5252.0,1644.0,1514.0,0.0,3962.0,3962.0,1107.0,407.0,1139.0,505.0
2.0,3608.0,955.0,1516.0,0.0,4927.0,4927.0,1107.0,409.0,0.0,955.0
2.0,2653.0,1356.0,1542.0,2283.0,4130.0,4130.0,1107.0,435.0,0.0,1356.0
2.0,3580.0,1303.0,1559.0,3962.0,1556.0,1556.0,1099.0,460.0,0.0,1303.0
2.0,6239.0,801.0,1546.0,4927.0,0.0,0.0,1071.0,475.0,0.0,801.0
2.0,10365.0,0.0,1497.0,4130.0,0.0,0.0,1022.0,475.0,0.0,0.0
2.0,14495.0,541.0,1448.0,1556.0,0.0,0.0,973.0,475.0,541.0,0.0
2.0,15510.0,1608.0,1428.0,0.0,0.0,0.0,953.0,475.0,1608.0,0.0
2.0,13902.0,2672.0,1446.0,0.0,0.0,0.0,981.0,465.0,2672.0,0.0
2.0,11230.0,3202.0,1490.0,0.0,0.0,0.0,1042.0,448.0,3202.0,0.0
2.0,8028.0,2741.0,1516.0,0.0,2293.0,2293.0,1093.0,423.0,2662.0,79.0
2.0,5287.0,1606.0,1523.0,0.0,3934.0,3934.0,1114.0,409.0,1064.0,542.0
2.0,3681.0,1001.0,1526.0,0.0,4950.0,4950.0,1114.0,412.0,0.0,1001.0
2.0,2680.0,1381.0,1552.0,2293.0,4168.0,4168.0,1114.0,438.0,0.0,1381.0
2.0,3592.0,1299.0,1567.0,3934.0,1608.0,1608.0,1104.0,463.0,0.0,1299.0
2.0,6227.0,758.0,1552.0,4950.0,0.0,0.0,1074.0,478.0,0.0,758.0
2.0,10419.0,0.0,1502.0,4168.0,0.0,0.0,1024.0,478.0,0.0,0.0
2.0,14587.0,587.0,1453.0,1608.0,0.0,0.0,975.0,478.0,587.0,0.0
2.0,15608.0,1668.0,1432.0,0.0,0.0,0.0,955.0,477.0,1668.0,0.0
2.0,13940.0,2745.0,1454.0,0.0,0.0,0.0,987.0,467.0,2745.0,0.0
2.0,11195.0,3240.0,1498.0,0.0,0.0,0.0,1049.0,449.0,3240.0,0.0
2.0,7955.0,2745.0,1524.0,0.0,2410.0,2410.0,1100.0,424.0,2649.0,96.0
2.0,5210.0,1543.0,1529.0,0.0,3978.0,3978.0,1119.0,410.0,986.0,557.0
2.0,3667.0,1018.0,1534.0,0.0,5021.0,5021.0,1119.0,415.0,0.0,1018.0
2.0,2649.0,1383.0,1560.0,2410.0,4124.0,4124.0,1119.0,441.0,0.0,1383.0
2.0,3676.0,1287.0,1575.0,3978.0,1508.0,1508.0,1109.0,466.0,0.0,1287.0
2.0,6367.0,735.0,1559.0,5021.0,0.0,0.0,1079.0,480.0,0.0,735.0
2.0,10653.0,0.0,1509.0,4124.0,0.0,0.0,1029.0,480.0,0.0,0.0
2.0,14777.0,573.0,1459.0,1508.0,0.0,0.0,979.0,480.0,573.0,0.0
2.0,15712.0,1651.0,1439.0,0.0,0.0,0.0,960.0,479.0,1651.0,0.0
2.0,14061.0,2723.0,1461.0,0.0,0.0,0.0,992.0,469.0,2723.0,0.0
2.0,11338.0,3226.0,1505.0,0.0,0.0,0.0,1054.0,451.0,3226.0,0.0
2.0,8112.0,2736.0,1532.0,0.0,2284.0,2284.0,1105.0,427.0,2645.0,91.0
2.0,5376.0,1545.0,1537.0,0.0,3854.0,3854.0,1124.0,413.0,996.0,549.0
2.0,3831.0,1007.0,1541.0,0.0,4881.0,4881.0,1124.0,417.0,0.0,1007.0
2.0,2824.0,1373.0,1567.0,2284.0,4100.0,4100.0,1124.0,443.0,0.0,1373.0
2.0,3735.0,1286.0,1583.0,3854.0,1612.0,1612.0,1115.0,468.0,0.0,1286.0
2.0,6303.0,736.0,1568.0,4881.0,0.0,0.0,1086.0,482.0,0.0,736.0
2.0,10448.0,0.0,1518.0,4100.0,0.0,0.0,1036.0,482.0,0.0,0.0
2.0,14548.0,542.0,1468.0,1612.0,0.0,0.0,986.0,482.0,542.0,0.0
2.0,15618.0,1607.0,1447.0,0.0,0.0,0.0,966.0,481.0,1607.0,0.0
2.0,14011.0,2677.0,1468.0,0.0,0.0,0.0,996.0,472.0,2677.0,0.0
2.0,11334.0,3200.0,1512.0,0.0,0.0,0.0,1058.0,454.0,3200.0,0.0
2.0,8134.0,2745.0,1538.0,0.0,2301.0,2301.0,1109.0,429.0,2663.0,82.0
2.0,5389.0,1589.0,1544.0,0.0,3920.0,3920.0,1129.0,415.0,1051.0,538.0
2.0,3800.0,995.0,1548.0,0.0,4935.0,4935.0,1129.0,419.0,0.0,995.0
2.0,2805.0,1375.0,1574.0,2301.0,4139.0,4139.0,1129.0,445.0,0.0,1375.0
2.0,3731.0,1294.0,1590.0,3920.0,1593.0,1593.0,1120.0,470.0,0.0,1294.0
2.0,6357.0,757.0,1574.0,4935.0,0.0,0.0,1090.0,484.0,0.0,757.0
2.0,10535.0,0.0,1525.0,4139.0,0.0,0.0,1041.0,484.0,0.0,0.0
2.0,14674.0,561.0,1475.0,1593.0,0.0,0.0,991.0,484.0,561.0,0.0
2.0,15706.0,1633.0,1454.0,0.0,0.0,0.0,971.0,483.0,1633.0,0.0
2.0,14073.0,2712.0,1476.0,0.0,0.0,0.0,1002.0,474.0,2712.0,0.0
2.0,11361.0,3227.0,1519.0,0.0,0.0,0.0,1064.0,455.0,3227.0,0.0
2.0,8134.0,2771.0,1546.0,0.0,2367.0,2367.0,1115.0,431.0,2676.0,95.0
2.0,5363.0,1600.0,1552.0,0.0,3997.0,3997.0,1135.0,417.0,1043.0,557.0
2.0,3763.0,1025.0,1556.0,0.0,5042.0,5042.0,1135.0,421.0,0.0,1025.0
2.0,2738.0,1394.0,1583.0,2367.0,4204.0,4204.0,1135.0,448.0,0.0,1394.0
2.0,3711.0,1302.0,1598.0,3997.0,1584.0,1584.0,1125.0,473.0,0.0,1302.0
2.0,6406.0,743.0,1581.0,5042.0,0.0,0.0,1094.0,487.0,0.0,743.0
2.0,10705.0,0.0,1529.0,4204.0,0.0,0.0,1042.0,487.0,0.0,0.0
2.0,14909.0,627.0,1480.0,1584.0,0.0,0.0,993.0,487.0,627.0,0.0
2.0,15866.0,1719.0,1461.0,0.0,0.0,0.0,975.0,486.0,1719.0,0.0
2.0,14147.0,2817.0,1484.0,0.0,0.0,0.0,1009.0,475.0,2817.0,0.0
2.0,11330.0,3285.0,1528.0,0.0,0.0,0.0,1072.0,456.0,3285.0,0.0
2.0,8045.0,2784.0,1555.0,0.0,2514.0,2514.0,1123.0,432.0,2667.0,117.0
2.0,5261.0,1539.0,1559.0,0.0,4073.0,4073.0,1141.0,418.0,947.0,592.0
2.0,3722.0,1063.0,1565.0,0.0,5166.0,5166.0,1141.0,424.0,0.0,1063.0
2.0,2659.0,1417.0,1592.0,2514.0,4204.0,4204.0,1141.0,451.0,0.0,1417.0
2.0,3756.0,1296.0,1606.0,4073.0,1497.0,1497.0,1130.0,476.0,0.0,1296.0
2.0,6533.0,705.0,1588.0,5166.0,0.0,0.0,1098.0,490.0,0.0,705.0
2.0,10994.0,0.0,1535.0,4204.0,0.0,0.0,1045.0,490.0,0.0,0.0
2.0,15198.0,665.0,1486.0,1497.0,0.0,0.0,996.0,490.0,665.0,0.0
2.0,16030.0,1771.0,1467.0,0.0,0.0,0.0,979.0,488.0,1771.0,0.0
2.0,14259.0,2872.0,1492.0,0.0,0.0,0.0,1015.0,477.0,2872.0,0.0
2.0,11387.0,3308.0,1537.0,0.0,0.0,0.0,1079.0,458.0,3308.0,0.0
2.0,8079.0,2770.0,1562.0,0.0,2501.0,2501.0,1129.0,433.0,2642.0,128.0
2.0,5309.0,1469.0,1566.0,0.0,3990.0,3990.0,1146.0,420.0,870.0,599.0
2.0,3840.0,1070.0,1573.0,0.0,5095.0,5095.0,1146.0,427.0,0.0,1070.0
2.0,2770.0,1413.0,1600.0,2501.0,4142.0,4142.0,1146.0,454.0,0.0,1413.0
2.0,3858.0,1284.0,1614.0,3990.0,1506.0,1506.0,1135.0,479.0,0.0,1284.0
2.0,6564.0,689.0,1595.0,5095.0,0.0,0.0,1103.0,492.0,0.0,689.0
2.0,10970.0,0.0,1543.0,4142.0,0.0,0.0,1051.0,492.0,0.0,0.0
2.0,15112.0,649.0,1493.0,1506.0,0.0,0.0,1001.0,492.0,649.0,0.0
2.0,15969.0,1748.0,1474.0,0.0,0.0,0.0,984.0,490.0,1748.0,0.0
2.0,14221.0,2841.0,1499.0,0.0,0.0,0.0,1020.0,479.0,2841.0,0.0
2.0,11380.0,3289.0,1543.0,0.0,0.0,0.0,1083.0,460.0,3289.0,0.0
2.0,8091.0,2753.0,1570.0,0.0,2512.0,2512.0,1134.0,436.0,2633.0,120.0
2.0,5338.0,1475.0,1574.0,0.0,4007.0,4007.0,1151.0,423.0,888.0,587.0
2.0,3863.0,1054.0,1580.0,0.0,5091.0,5091.0,1151.0,429.0,0.0,1054.0
2.0,2809.0,1401.0,1607.0,2512.0,4115.0,4115.0,1151.0,456.0,0.0,1401.0
2.0,3920.0,1286.0,1620.0,4007.0,1459.0,1459.0,1140.0,480.0,0.0,1286.0
2.0,6641.0,699.0,1603.0,5091.0,0.0,0.0,1109.0,494.0,0.0,699.0
2.0,11033.0,0.0,1552.0,4115.0,0.0,0.0,1058.0,494.0,0.0,0.0
2.0,15148.0,624.0,1502.0,1459.0,0.0,0.0,1008.0,494.0,624.0,0.0
2.0,15983.0,1718.0,1482.0,0.0,0.0,0.0,990.0,492.0,1718.0,0.0
2.0,14265.0,2808.0,1506.0,0.0,0.0,0.0,1024.0,482.0,2808.0,0.0
2.0,11457.0,3279.0,1550.0,0.0,0.0,0.0,1087.0,463.0,3279.0,0.0
2.0,8178.0,2770.0,1577.0,0.0,2477.0,2477.0,1138.0,439.0,2652.0,118.0
2.0,5408.0,1527.0,1581.0,0.0,4024.0,4024.0,1156.0,425.0,941.0,586.0
2.0,3881.0,1054.0,1587.0,0.0,5108.0,5108.0,1156.0,431.0,0.0,1054.0
2.0,2827.0,1410.0,1614.0,2477.0,4176.0,4176.0,1156.0,458.0,0.0,1410.0
2.0,3894.0,1293.0,1628.0,4024.0,1515.0,1515.0,1145.0,483.0,0.0,1293.0
2.0,6625.0,709.0,1610.0,5108.0,0.0,0.0,1114.0,496.0,0.0,709.0
2.0,11024.0,0.0,1558.0,4176.0,0.0,0.0,1062.0,496.0,0.0,0.0
2.0,15200.0,656.0,1508.0,1515.0,0.0,0.0,1012.0,496.0,656.0,0.0
2.0,16059.0,1763.0,1489.0,0.0,0.0,0.0,995.0,494.0,1763.0,0.0
2.0,14296.0,2867.0,1514.0,0.0,0.0,0.0,1030.0,484.0,2867.0,0.0
2.0,11429.0,3321.0,1558.0,0.0,0.0,0.0,1094.0,464.0,3321.0,0.0
2.0,8108.0,2802.0,1585.0,0.0,2619.0,2619.0,1145.0,440.0,2665.0,137.0
2.0,5306.0,1529.0,1589.0,0.0,4168.0,4168.0,1162.0,427.0,912.0,617.0
2.0,3777.0,1093.0,1595.0,0.0,5291.0,5291.0,1162.0,433.0,0.0,1093.0
2.0,2684.0,1433.0,1623.0,2619.0,4245.0,4245.0,1162.0,461.0,0.0,1433.0
2.0,3870.0,1293.0,1636.0,4168.0,1435.0,1435.0,1150.0,486.0,0.0,1293.0
2.0,6745.0,678.0,1616.0,5291.0,0.0,0.0,1117.0,499.0,0.0,678.0
2.0,11358.0,0.0,1562.0,4245.0,0.0,0.0,1063.0,499.0,0.0,0.0
2.0,15603.0,720.0,1513.0,1435.0,0.0,0.0,1014.0,499.0,720.0,0.0
2.0,16318.0,1841.0,1495.0,0.0,0.0,0.0,998.0,497.0,1841.0,0.0
2.0,14477.0,2968.0,1522.0,0.0,0.0,0.0,1037.0,485.0,2968.0,0.0
2.0,11509.0,3371.0,1567.0,0.0,0.0,0.0,1102.0,465.0,3371.0,0.0
2.0,8138.0,2814.0,1594.0,0.0,2646.0,2646.0,1153.0,441.0,2654.0,160.0
2.0,5324.0,1463.0,1596.0,0.0,4119.0,4119.0,1168.0,428.0,816.0,647.0
2.0,3861.0,1129.0,1604.0,0.0,5288.0,5288.0,1168.0,436.0,0.0,1129.0
2.0,2732.0,1451.0,1632.0,2646.0,4233.0,4233.0,1168.0,464.0,0.0,1451.0
2.0,3927.0,1286.0,1645.0,4119.0,1465.0,1465.0,1156.0,489.0,0.0,1286.0
2.0,6760.0,639.0,1622.0,5288.0,0.0,0.0,1121.0,501.0,0.0,639.0
2.0,11409.0,0.0,1567.0,4233.0,0.0,0.0,1066.0,501.0,0.0,0.0
2.0,15642.0,742.0,1518.0,1465.0,0.0,0.0,1017.0,501.0,742.0,0.0
2.0,16365.0,1867.0,1501.0,0.0,0.0,0.0,1002.0,499.0,1867.0,0.0
2.0,14498.0,2996.0,1530.0,0.0,0.0,0.0,1043.0,487.0,2996.0,0.0
2.0,11502.0,3378.0,1575.0,0.0,0.0,0.0,1108.0,467.0,3378.0,0.0
2.0,8124.0,2802.0,1602.0,0.0,2688.0,2688.0,1159.0,443.0,2639.0,163.0
2.0,5322.0,1409.0,1603.0,0.0,4102.0,4102.0,1173.0,430.0,765.0,644.0
2.0,3913.0,1124.0,1612.0,0.0,5271.0,5271.0,1173.0,439.0,0.0,1124.0
2.0,2789.0,1441.0,1639.0,2688.0,4159.0,4159.0,1173.0,466.0,0.0,1441.0
2.0,4036.0,1277.0,1652.0,4102.0,1399.0,1399.0,1161.0,491.0,0.0,1277.0
2.0,6861.0,637.0,1630.0,5271.0,0.0,0.0,1127.0,503.0,0.0,637.0
2.0,11495.0,0.0,1576.0,4159.0,0.0,0.0,1073.0,503.0,0.0,0.0
2.0,15654.0,711.0,1526.0,1399.0,0.0,0.0,1023.0,503.0,711.0,0.0
2.0,16342.0,1827.0,1508.0,0.0,0.0,0.0,1007.0,501.0,1827.0,0.0
2.0,14515.0,2947.0,1537.0,0.0,0.0,0.0,1047.0,490.0,2947.0,0.0
2.0,11568.0,3350.0,1581.0,0.0,0.0,0.0,1112.0,469.0,3350.0,0.0
2.0,8218.0,2796.0,1607.0,0.0,2613.0,2613.0,1162.0,445.0,2642.0,154.0
2.0,5422.0,1440.0,1611.0,0.0,4073.0,4073.0,1178.0,433.0,809.0,631.0
2.0,3982.0,1108.0,1619.0,0.0,5221.0,5221.0,1178.0,441.0,0.0,1108.0
2.0,2874.0,1431.0,1646.0,2613.0,4174.0,4174.0,1178.0,468.0,0.0,1431.0
2.0,4056.0,1282.0,1659.0,4073.0,1448.0,1448.0,1166.0,493.0,0.0,1282.0
2.0,6847.0,651.0,1638.0,5221.0,0.0,0.0,1133.0,505.0,0.0,651.0
2.0,11417.0,0.0,1584.0,4174.0,0.0,0.0,1079.0,505.0,0.0,0.0
2.0,15591.0,703.0,1534.0,1448.0,0.0,0.0,1029.0,505.0,703.0,0.0
2.0,16336.0,1818.0,1516.0,0.0,0.0,0.0,1013.0,503.0,1818.0,0.0
2.0,14518.0,2939.0,1544.0,0.0,0.0,0.0,1052.0,492.0,2939.0,0.0
2.0,11579.0,3353.0,1588.0,0.0,0.0,0.0,1116.0,472.0,3353.0,0.0
2.0,8226.0,2818.0,1614.0,0.0,2662.0,2662.0,1167.0,447.0,2658.0,160.0
2.0,5408.0,1479.0,1618.0,0.0,4161.0,4161.0,1183.0,435.0,839.0,640.0
2.0,3929.0,1120.0,1626.0,0.0,5321.0,5321.0,1183.0,443.0,0.0,1120.0
2.0,2809.0,1446.0,1654.0,2662.0,4245.0,4245.0,1183.0,471.0,0.0,1446.0
2.0,4025.0,1288.0,1666.0,4161.0,1432.0,1432.0,1171.0,495.0,0.0,1288.0
2.0,6898.0,650.0,1645.0,5321.0,0.0,0.0,1137.0,508.0,0.0,650.0
2.0,11569.0,0.0,1590.0,4245.0,0.0,0.0,1082.0,508.0,0.0,0.0
2.0,15814.0,756.0,1540.0,1432.0,0.0,0.0,1032.0,508.0,756.0,0.0
2.0,16490.0,1893.0,1523.0,0.0,0.0,0.0,1018.0,505.0,1893.0,0.0
2.0,14597.0,3026.0,1551.0,0.0,0.0,0.0,1058.0,493.0,3026.0,0.0
2.0,11571.0,3410.0,1596.0,0.0,0.0,0.0,1124.0,472.0,3410.0,0.0
2.0,8161.0,2836.0,1623.0,0.0,2790.0,2790.0,1175.0,448.0,2654.0,182.0
2.0,5325.0,1442.0,1626.0,0.0,4247.0,4247.0,1190.0,436.0,772.0,670.0
2.0,3883.0,1164.0,1636.0,0.0,5461.0,5461.0,1190.0,446.0,0.0,1164.0
2.0,2719.0,1471.0,1664.0,2790.0,4282.0,4282.0,1190.0,474.0,0.0,1471.0
2.0,4038.0,1291.0,1675.0,4247.0,1381.0,1381.0,1176.0,499.0,0.0,1291.0
2.0,6994.0,617.0,1651.0,5461.0,0.0,0.0,1140.0,511.0,0.0,617.0
2.0,11838.0,0.0,1594.0,4282.0,0.0,0.0,1083.0,511.0,0.0,0.0
2.0,16120.0,809.0,1545.0,1381.0,0.0,0.0,1034.0,511.0,809.0,0.0
2.0,16692.0,1962.0,1529.0,0.0,0.0,0.0,1021.0,508.0,1962.0,0.0
2.0,14730.0,3111.0,1560.0,0.0,0.0,0.0,1065.0,495.0,3111.0,0.0
2.0,11619.0,3456.0,1604.0,0.0,0.0,0.0,1131.0,473.0,3456.0,0.0
2.0,8163.0,2838.0,1631.0,0.0,2830.0,2830.0,1182.0,449.0,2644.0,194.0
2.0,5325.0,1380.0,1633.0,0.0,4220.0,4220.0,1195.0,438.0,688.0,692.0
2.0,3945.0,1185.0,1643.0,0.0,5455.0,5455.0,1195.0,448.0,0.0,1185.0
2.0,2760.0,1484.0,1672.0,2830.0,4254.0,4254.0,1195.0,477.0,0.0,1484.0
2.0,4106.0,1284.0,1683.0,4220.0,1373.0,1373.0,1181.0,502.0,0.0,1284.0
2.0,7042.0,591.0,1658.0,5455.0,0.0,0.0,1145.0,513.0,0.0,591.0
2.0,11906.0,0.0,1601.0,4254.0,0.0,0.0,1088.0,513.0,0.0,0.0
2.0,16160.0,805.0,1551.0,1373.0,0.0,0.0,1038.0,513.0,805.0,0.0
2.0,16728.0,1957.0,1535.0,0.0,0.0,0.0,1025.0,510.0,1957.0,0.0
2.0,14771.0,3103.0,1567.0,0.0,0.0,0.0,1070.0,497.0,3103.0,0.0
2.0,11668.0,3449.0,1612.0,0.0,0.0,0.0,1136.0,476.0,3449.0,0.0
2.0,8219.0,2826.0,1639.0,0.0,2802.0,2802.0,1187.0,452.0,2637.0,189.0
2.0,5393.0,1362.0,1640.0,0.0,4169.0,4169.0,1200.0,440.0,683.0,679.0
2.0,4031.0,1169.0,1650.0,0.0,5388.0,5388.0,1200.0,450.0,0.0,1169.0
2.0,2862.0,1469.0,1679.0,2802.0,4200.0,4200.0,1200.0,479.0,0.0,1469.0
2.0,4195.0,1279.0,1690.0,4169.0,1365.0,1365.0,1187.0,503.0,0.0,1279.0
2.0,7085.0,603.0,1666.0,5388.0,0.0,0.0,1151.0,515.0,0.0,603.0
2.0,11870.0,0.0,1610.0,4200.0,0.0,0.0,1095.0,515.0,0.0,0.0
2.0,16070.0,773.0,1560.0,1365.0,0.0,0.0,1045.0,515.0,773.0,0.0
2.0,16662.0,1911.0,1543.0,0.0,0.0,0.0,1031.0,512.0,1911.0,0.0
2.0,14751.0,3054.0,1574.0,0.0,0.0,0.0,1074.0,500.0,3054.0,0.0
2.0,11697.0,3419.0,1618.0,0.0,0.0,0.0,1140.0,478.0,3419.0,0.0
2.0,8278.0,2827.0,1645.0,0.0,2774.0,2774.0,1191.0,454.0,2645.0,182.0
2.0,5451.0,1402.0,1648.0,0.0,4191.0,4191.0,1205.0,443.0,733.0,669.0
2.0,4049.0,1156.0,1657.0,0.0,5392.0,5392.0,1205.0,452.0,0.0,1156.0
2.0,2893.0,1462.0,1685.0,2774.0,4220.0,4220.0,1205.0,480.0,0.0,1462.0
2.0,4205.0,1286.0,1696.0,4191.0,1370.0,1370.0,1191.0,505.0,0.0,1286.0
2.0,7110.0,618.0,1674.0,5392.0,0.0,0.0,1157.0,517.0,0.0,618.0
2.0,11884.0,0.0,1617.0,4220.0,0.0,0.0,1100.0,517.0,0.0,0.0
2.0,16104.0,786.0,1568.0,1370.0,0.0,0.0,1051.0,517.0,786.0,0.0
2.0,16688.0,1928.0,1551.0,0.0,0.0,0.0,1037.0,514.0,1928.0,0.0
2.0,14760.0,3077.0,1582.0,0.0,0.0,0.0,1080.0,502.0,3077.0,0.0
2.0,11683.0,3436.0,1626.0,0.0,0.0,0.0,1146.0,480.0,3436.0,0.0
2.0,8247.0,2855.0,1653.0,0.0,2873.0,2873.0,1197.0,456.0,2660.0,195.0
2.0,5392.0,1419.0,1656.0,0.0,4307.0,4307.0,1211.0,445.0,732.0,687.0
2.0,3973.0,1180.0,1666.0,0.0,5537.0,5537.0,1211.0,455.0,0.0,1180.0
2.0,2793.0,1484.0,1694.0,2873.0,4288.0,4288.0,1211.0,483.0,0.0,1484.0
2.0,4182.0,1291.0,1704.0,4307.0,1322.0,1322.0,1196.0,508.0,0.0,1291.0
2.0,7198.0,606.0,1680.0,5537.0,0.0,0.0,1160.0,520.0,0.0,606.0
2.0,12129.0,0.0,1622.0,4288.0,0.0,0.0,1102.0,520.0,0.0,0.0
2.0,16417.0,849.0,1573.0,1322.0,0.0,0.0,1053.0,520.0,849.0,0.0
2.0,16890.0,2010.0,1556.0,0.0,0.0,0.0,1040.0,516.0,2010.0,0.0
2.0,14880.0,3178.0,1589.0,0.0,0.0,0.0,1086.0,503.0,3178.0,0.0
2.0,11702.0,3494.0,1635.0,0.0,0.0,0.0,1154.0,481.0,3494.0,0.0
2.0,8208.0,2873.0,1662.0,0.0,2975.0,2975.0,1205.0,457.0,2655.0,218.0
2.0,5335.0,1363.0,1663.0,0.0,4343.0,4343.0,1217.0,446.0,645.0,718.0
2.0,3972.0,1224.0,1675.0,0.0,5627.0,5627.0,1217.0,458.0,0.0,1224.0
2.0,2748.0,1507.0,1704.0,2975.0,4304.0,4304.0,1217.0,487.0,0.0,1507.0
2.0,4216.0,1291.0,1713.0,4343.0,1297.0,1297.0,1202.0,511.0,0.0,1291.0
2.0,7268.0,569.0,1686.0,5627.0,0.0,0.0,1164.0,522.0,0.0,569.0
2.0,12326.0,0.0,1626.0,4304.0,0.0,0.0,1104.0,522.0,0.0,0.0
2.0,16630.0,895.0,1577.0,1297.0,0.0,0.0,1055.0,522.0,895.0,0.0
2.0,17032.0,2069.0,1563.0,0.0,0.0,0.0,1044.0,519.0,2069.0,0.0
2.0,14963.0,3248.0,1598.0,0.0,0.0,0.0,1093.0,505.0,3248.0,0.0
2.0,11715.0,3527.0,1643.0,0.0,27.0,27.0,1161.0,482.0,3527.0,0.0
2.0,8188.0,2862.0,1669.0,0.0,3019.0,3019.0,1211.0,458.0,2637.0,225.0
2.0,5326.0,1296.0,1670.0,0.0,4320.0,4320.0,1222.0,448.0,563.0,733.0
2.0,4030.0,1236.0,1682.0,27.0,5589.0,5589.0,1222.0,460.0,0.0,1236.0
2.0,2821.0,1513.0,1711.0,3019.0,4228.0,4228.0,1222.0,489.0,0.0,1513.0
2.0,4327.0,1282.0,1721.0,4320.0,1240.0,1240.0,1207.0,514.0,0.0,1282.0
2.0,7365.0,548.0,1693.0,5589.0,0.0,0.0,1169.0,524.0,0.0,548.0
2.0,12406.0,0.0,1633.0,4228.0,0.0,0.0,1109.0,524.0,0.0,0.0
2.0,16634.0,881.0,1584.0,1240.0,0.0,0.0,1060.0,524.0,881.0,0.0
2.0,16993.0,2055.0,1570.0,0.0,0.0,0.0,1049.0,521.0,2055.0,0.0
2.0,14938.0,3223.0,1606.0,0.0,0.0,0.0,1098.0,508.0,3223.0,0.0
2.0,11715.0,3509.0,1650.0,0.0,44.0,44.0,1165.0,485.0,3509.0,0.0
2.0,8206.0,2844.0,1677.0,0.0,3023.0,3023.0,1216.0,461.0,2625.0,219.0
2.0,5362.0,1285.0,1677.0,0.0,4308.0,4308.0,1227.0,450.0,567.0,718.0
2.0,4077.0,1217.0,1689.0,44.0,5541.0,5541.0,1227.0,462.0,0.0,1217.0
2.0,2904.0,1497.0,1718.0,3023.0,4160.0,4160.0,1227.0,491.0,0.0,1497.0
2.0,4430.0,1277.0,1728.0,4308.0,1179.0,1179.0,1212.0,516.0,0.0,1277.0
2.0,7461.0,563.0,1701.0,5541.0,0.0,0.0,1175.0,526.0,0.0,563.0
2.0,12439.0,0.0,1642.0,4160.0,0.0,0.0,1116.0,526.0,0.0,0.0
2.0,16599.0,859.0,1593.0,1179.0,0.0,0.0,1067.0,526.0,859.0,0.0
2.0,16919.0,2026.0,1578.0,0.0,0.0,0.0,1055.0,523.0,2026.0,0.0
2.0,14893.0,3188.0,1612.0,0.0,0.0,0.0,1102.0,510.0,3188.0,0.0
2.0,11705.0,3496.0,1658.0,0.0,81.0,81.0,1170.0,488.0,3496.0,0.0
2.0,8209.0,2851.0,1684.0,0.0,3062.0,3062.0,1220.0,464.0,2632.0,219.0
2.0,5358.0,1329.0,1685.0,0.0,4396.0,4396.0,1232.0,453.0,612.0,717.0
2.0,4029.0,1215.0,1696.0,81.0,5585.0,5585.0,1232.0,464.0,0.0,1215.0
2.0,2895.0,1495.0,1725.0,3062.0,4163.0,4163.0,1232.0,493.0,0.0,1495.0
2.0,4462.0,1282.0,1735.0,4396.0,1099.0,1099.0,1217.0,518.0,0.0,1282.0
2.0,7576.0,567.0,1709.0,5585.0,0.0,0.0,1180.0,529.0,0.0,567.0
2.0,12594.0,0.0,1650.0,4163.0,0.0,0.0,1121.0,529.0,0.0,0.0
2.0,16757.0,880.0,1600.0,1099.0,0.0,0.0,1071.0,529.0,880.0,0.0
2.0,16976.0,2056.0,1585.0,0.0,0.0,0.0,1060.0,525.0,2056.0,0.0
2.0,14920.0,3229.0,1620.0,0.0,0.0,0.0,1108.0,512.0,3229.0,0.0
2.0,11691.0,3528.0,1665.0,0.0,162.0,162.0,1176.0,489.0,3528.0,0.0
2.0,8163.0,2888.0,1692.0,0.0,3185.0,3185.0,1227.0,465.0,2648.0,240.0
2.0,5275.0,1347.0,1693.0,0.0,4537.0,4537.0,1238.0,455.0,602.0,745.0
2.0,3928.0,1251.0,1705.0,162.0,5686.0,5686.0,1238.0,467.0,0.0,1251.0
2.0,2839.0,1522.0,1734.0,3185.0,4168.0,4168.0,1238.0,496.0,0.0,1522.0
2.0,4502.0,1284.0,1743.0,4537.0,960.0,960.0,1222.0,521.0,0.0,1284.0
2.0,7755.0,541.0,1714.0,5686.0,0.0,0.0,1183.0,531.0,0.0,541.0
2.0,12900.0,0.0,1653.0,4168.0,0.0,0.0,1122.0,531.0,0.0,0.0
2.0,17068.0,942.0,1604.0,960.0,0.0,0.0,1073.0,531.0,942.0,0.0
2.0,17086.0,2138.0,1590.0,0.0,0.0,0.0,1063.0,527.0,2138.0,0.0
2.0,14948.0,3330.0,1628.0,0.0,0.0,0.0,1115.0,513.0,3330.0,0.0
2.0,11618.0,3586.0,1674.0,0.0,338.0,338.0,1184.0,490.0,3586.0,0.0
2.0,8032.0,2904.0,1700.0,0.0,3372.0,3372.0,1234.0,466.0,2643.0,261.0
2.0,5128.0,1287.0,1700.0,0.0,4659.0,4659.0,1244.0,456.0,514.0,773.0
2.0,3841.0,1291.0,1714.0,338.0,5682.0,5682.0,1244.0,470.0,0.0,1291.0
2.0,2888.0,1543.0,1744.0,3372.0,4003.0,4003.0,1244.0,500.0,0.0,1543.0
2.0,4717.0,1283.0,1751.0,4659.0,662.0,662.0,1227.0,524.0,0.0,1283.0
2.0,8093.0,505.0,1721.0,5682.0,0.0,0.0,1187.0,534.0,0.0,505.0
2.0,13270.0,0.0,1659.0,4003.0,0.0,0.0,1125.0,534.0,0.0,0.0
2.0,17273.0,974.0,1610.0,662.0,0.0,0.0,1076.0,534.0,974.0,0.0
2.0,16961.0,2172.0,1597.0,0.0,0.0,0.0,1067.0,530.0,2172.0,0.0
2.0,14789.0,3375.0,1636.0,0.0,0.0,0.0,1121.0,515.0,3375.0,0.0
2.0,11414.0,3599.0,1682.0,0.0,595.0,595.0,1190.0,492.0,3599.0,0.0
2.0,7815.0,2886.0,1709.0,0.0,3616.0,3616.0,1241.0,468.0,2629.0,257.0
2.0,4929.0,1225.0,1707.0,0.0,4831.0,4831.0,1249.0,458.0,450.0,775.0
2.0,3704.0,1287.0,1721.0,595.0,5593.0,5593.0,1249.0,472.0,0.0,1287.0
2.0,3012.0,1542.0,1751.0,3616.0,3669.0,3669.0,1249.0,502.0,0.0,1542.0
2.0,5086.0,1279.0,1758.0,4831.0,152.0,152.0,1232.0,526.0,0.0,1279.0
2.0,8638.0,503.0,1729.0,5593.0,0.0,0.0,1193.0,536.0,0.0,503.0
2.0,13728.0,0.0,1667.0,3669.0,0.0,0.0,1131.0,536.0,0.0,0.0
2.0,17397.0,948.0,1618.0,152.0,0.0,0.0,1082.0,536.0,948.0,0.0
2.0,16601.0,2138.0,1604.0,0.0,0.0,0.0,1072.0,532.0,2138.0,0.0
2.0,14463.0,3332.0,1644.0,0.0,0.0,0.0,1126.0,518.0,3332.0,0.0
2.0,11131.0,3573.0,1688.0,0.0,882.0,882.0,1194.0,494.0,3573.0,0.0
2.0,7558.0,2876.0,1715.0,0.0,3893.0,3893.0,1245.0,470.0,2628.0,248.0
2.0,4682.0,1240.0,1714.0,0.0,5128.0,5128.0,1254.0,460.0,483.0,757.0
2.0,3442.0,1265.0,1728.0,882.0,5581.0,5581.0,1254.0,474.0,0.0,1265.0
2.0,3059.0,1525.0,1757.0,3893.0,3358.0,3358.0,1254.0,503.0,0.0,1525.0
2.0,5427.0,1276.0,1766.0,5128.0,0.0,0.0,1238.0,528.0,0.0,1276.0
2.0,9279.0,524.0,1737.0,5581.0,0.0,0.0,1199.0,538.0,0.0,524.0
2.0,14336.0,0.0,1675.0,3358.0,0.0,0.0,1137.0,538.0,0.0,0.0
2.0,17694.0,931.0,1626.0,0.0,0.0,0.0,1088.0,538.0,931.0,0.0
2.0,16763.0,2118.0,1612.0,0.0,0.0,0.0,1078.0,534.0,2118.0,0.0
2.0,14645.0,3310.0,1650.0,0.0,0.0,0.0,1130.0,520.0,3310.0,0.0
2.0,11335.0,3567.0,1696.0,0.0,712.0,712.0,1199.0,497.0,3567.0,0.0
2.0,7768.0,2898.0,1722.0,0.0,3740.0,3740.0,1249.0,473.0,2643.0,255.0
2.0,4870.0,1288.0,1722.0,0.0,5028.0,5028.0,1259.0,463.0,523.0,765.0
2.0,3582.0,1275.0,1735.0,712.0,5656.0,5656.0,1259.0,476.0,0.0,1275.0
2.0,3019.0,1531.0,1765.0,3740.0,3597.0,3597.0,1259.0,506.0,0.0,1531.0
2.0,5228.0,1282.0,1772.0,5028.0,0.0,0.0,1242.0,530.0,0.0,1282.0
2.0,8974.0,519.0,1743.0,5656.0,0.0,0.0,1203.0,540.0,0.0,519.0
2.0,14111.0,0.0,1681.0,3597.0,0.0,0.0,1141.0,540.0,0.0,0.0
2.0,17708.0,973.0,1632.0,0.0,0.0,0.0,1092.0,540.0,973.0,0.0
2.0,16735.0,2179.0,1619.0,0.0,0.0,0.0,1083.0,536.0,2179.0,0.0
2.0,14556.0,3381.0,1658.0,0.0,0.0,0.0,1136.0,522.0,3381.0,0.0
2.0,11175.0,3612.0,1703.0,0.0,952.0,952.0,1206.0,497.0,3612.0,0.0
2.0,7563.0,2925.0,1730.0,0.0,4012.0,4012.0,1256.0,474.0,2644.0,281.0
2.0,4638.0,1270.0,1730.0,0.0,5282.0,5282.0,1266.0,464.0,471.0,799.0
2.0,3368.0,1317.0,1745.0,952.0,5722.0,5722.0,1266.0,479.0,0.0,1317.0
2.0,3003.0,1560.0,1775.0,4012.0,3420.0,3420.0,1266.0,509.0,0.0,1560.0
2.0,5455.0,1281.0,1781.0,5282.0,0.0,0.0,1247.0,534.0,0.0,1281.0
2.0,9456.0,484.0,1749.0,5722.0,0.0,0.0,1206.0,543.0,0.0,484.0
2.0,14694.0,0.0,1685.0,3420.0,0.0,0.0,1142.0,543.0,0.0,0.0
2.0,18114.0,1043.0,1636.0,0.0,0.0,0.0,1093.0,543.0,1043.0,0.0
2.0,17071.0,2267.0,1624.0,0.0,0.0,0.0,1086.0,538.0,2267.0,0.0
2.0,14804.0,3487.0,1666.0,0.0,0.0,0.0,1143.0,523.0,3487.0,0.0
2.0,11317.0,3670.0,1712.0,0.0,913.0,913.0,1214.0,498.0,3670.0,0.0
2.0,7647.0,2923.0,1738.0,0.0,3966.0,3966.0,1264.0,474.0,2625.0,298.0
2.0,4724.0,1182.0,1737.0,0.0,5143.0,5143.0,1271.0,466.0,360.0,822.0
2.0,3542.0,1351.0,1753.0,913.0,5661.0,5661.0,1271.0,482.0,0.0,1351.0
2.0,3104.0,1577.0,1783.0,3966.0,3422.0,3422.0,1271.0,512.0,0.0,1577.0
2.0,5493.0,1279.0,1790.0,5143.0,0.0,0.0,1253.0,537.0,0.0,1279.0
2.0,9357.0,452.0,1757.0,5661.0,0.0,0.0,1211.0,546.0,0.0,452.0
2.0,14566.0,0.0,1692.0,3422.0,0.0,0.0,1146.0,546.0,0.0,0.0
2.0,17988.0,1056.0,1643.0,0.0,0.0,0.0,1097.0,546.0,1056.0,0.0
2.0,16932.0,2282.0,1631.0,0.0,0.0,0.0,1090.0,541.0,2282.0,0.0
2.0,14650.0,3503.0,1675.0,0.0,0.0,0.0,1149.0,526.0,3503.0,0.0
2.0,11147.0,3672.0,1721.0,0.0,1130.0,1130.0,1220.0,501.0,3672.0,0.0
2.0,7475.0,2896.0,1747.0,0.0,4156.0,4156.0,1270.0,477.0,2609.0,287.0
2.0,4579.0,1143.0,1744.0,0.0,5284.0,5284.0,1276.0,468.0,329.0,814.0
2.0,3436.0,1336.0,1760.0,1130.0,5570.0,5570.0,1276.0,484.0,0.0,1336.0
2.0,3230.0,1570.0,1790.0,4156.0,3134.0,3134.0,1276.0,514.0,0.0,1570.0
2.0,5816.0,1277.0,1797.0,5284.0,0.0,0.0,1258.0,539.0,0.0,1277.0
2.0,9823.0,461.0,1764.0,5570.0,0.0,0.0,1217.0,547.0,0.0,461.0
2.0,14932.0,0.0,1700.0,3134.0,0.0,0.0,1153.0,547.0,0.0,0.0
2.0,18066.0,1020.0,1651.0,0.0,0.0,0.0,1104.0,547.0,1020.0,0.0
2.0,17046.0,2237.0,1639.0,0.0,0.0,0.0,1096.0,543.0,2237.0,0.0
2.0,14809.0,3449.0,1681.0,0.0,0.0,0.0,1153.0,528.0,3449.0,0.0
2.0,11360.0,3645.0,1727.0,0.0,920.0,920.0,1223.0,504.0,3645.0,0.0
2.0,7715.0,2898.0,1754.0,0.0,3953.0,3953.0,1274.0,480.0,2619.0,279.0
2.0,4817.0,1183.0,1752.0,0.0,5126.0,5126.0,1281.0,471.0,385.0,798.0
2.0,3634.0,1316.0,1767.0,920.0,5597.0,5597.0,1281.0,486.0,0.0,1316.0
2.0,3238.0,1555.0,1797.0,3953.0,3349.0,3349.0,1281.0,516.0,0.0,1555.0
2.0,5636.0,1276.0,1803.0,5126.0,0.0,0.0,1263.0,540.0,0.0,1276.0
2.0,9486.0,484.0,1772.0,5597.0,0.0,0.0,1222.0,550.0,0.0,484.0
2.0,14599.0,0.0,1709.0,3349.0,0.0,0.0,1159.0,550.0,0.0,0.0
2.0,17948.0,1015.0,1660.0,0.0,0.0,0.0,1110.0,550.0,1015.0,0.0
2.0,16933.0,2228.0,1647.0,0.0,0.0,0.0,1102.0,545.0,2228.0,0.0
2.0,14705.0,3442.0,1688.0,0.0,0.0,0.0,1158.0,530.0,3442.0,0.0
2.0,11263.0,3647.0,1734.0,0.0,1054.0,1054.0,1228.0,506.0,3647.0,0.0
2.0,7616.0,2930.0,1761.0,0.0,4119.0,4119.0,1279.0,482.0,2636.0,294.0
2.0,4686.0,1233.0,1760.0,0.0,5347.0,5347.0,1287.0,473.0,417.0,816.0
2.0,3453.0,1339.0,1776.0,1054.0,5712.0,5712.0,1287.0,489.0,0.0,1339.0
2.0,3168.0,1568.0,1806.0,4119.0,3311.0,3311.0,1287.0,519.0,0.0,1568.0
2.0,5719.0,1281.0,1811.0,5347.0,0.0,0.0,1268.0,543.0,0.0,1281.0
2.0,9785.0,467.0,1778.0,5712.0,0.0,0.0,1226.0,552.0,0.0,467.0
2.0,15030.0,0.0,1713.0,3311.0,0.0,0.0,1161.0,552.0,0.0,0.0
2.0,18341.0,1077.0,1664.0,0.0,0.0,0.0,1112.0,552.0,1077.0,0.0
2.0,17264.0,2307.0,1653.0,0.0,0.0,0.0,1106.0,547.0,2307.0,0.0
2.0,14957.0,3544.0,1697.0,0.0,0.0,0.0,1165.0,532.0,3544.0,0.0
2.0,11413.0,3701.0,1742.0,0.0,998.0,998.0,1236.0,506.0,3701.0,0.0
2.0,7712.0,2956.0,1769.0,0.0,4089.0,4089.0,1287.0,482.0,2635.0,321.0
2.0,4756.0,1179.0,1767.0,0.0,5258.0,5258.0,1293.0,474.0,328.0,851.0
2.0,3577.0,1382.0,1784.0,998.0,5727.0,5727.0,1293.0,491.0,0.0,1382.0
2.0,3193.0,1597.0,1815.0,4089.0,3390.0,3390.0,1293.0,522.0,0.0,1597.0
2.0,5685.0,1278.0,1820.0,5258.0,0.0,0.0,1273.0,547.0,0.0,1278.0
2.0,9665.0,429.0,1784.0,5727.0,0.0,0.0,1229.0,555.0,0.0,429.0
2.0,14963.0,0.0,1717.0,3390.0,0.0,0.0,1162.0,555.0,0.0,0.0
2.0,18353.0,1133.0,1668.0,0.0,0.0,0.0,1113.0,555.0,1133.0,0.0
2.0,17220.0,2379.0,1658.0,0.0,0.0,0.0,1109.0,549.0,2379.0,0.0
2.0,14841.0,3630.0,1705.0,0.0,0.0,0.0,1172.0,533.0,3630.0,0.0
2.0,11211.0,3744.0,1751.0,0.0,1288.0,1288.0,1244.0,507.0,3744.0,0.0
2.0,7467.0,2949.0,1777.0,0.0,4367.0,4367.0,1294.0,483.0,2617.0,332.0
2.0,4518.0,1100.0,1774.0,0.0,5452.0,5452.0,1298.0,476.0,234.0,866.0
2.0,3418.0,1405.0,1792.0,1288.0,5659.0,5659.0,1298.0,494.0,0.0,1405.0
2.0,3301.0,1607.0,1823.0,4367.0,3054.0,3054.0,1298.0,525.0,0.0,1607.0
2.0,6061.0,1275.0,1827.0,5452.0,0.0,0.0,1278.0,549.0,0.0,1275.0
2.0,10238.0,404.0,1791.0,5659.0,0.0,0.0,1234.0,557.0,0.0,404.0
2.0,15493.0,0.0,1724.0,3054.0,0.0,0.0,1167.0,557.0,0.0,0.0
2.0,18547.0,1129.0,1675.0,0.0,0.0,0.0,1118.0,557.0,1129.0,0.0
2.0,17418.0,2373.0,1665.0,0.0,0.0,0.0,1113.0,552.0,2373.0,0.0
2.0,15045.0,3621.0,1713.0,0.0,0.0,0.0,1177.0,536.0,3621.0,0.0
2.0,11424.0,3734.0,1759.0,0.0,1105.0,1105.0,1249.0,510.0,3734.0,0.0
2.0,7690.0,2925.0,1785.0,0.0,4160.0,4160.0,1299.0,486.0,2607.0,318.0
2.0,4765.0,1080.0,1781.0,0.0,5220.0,5220.0,1303.0,478.0,226.0,854.0
2.0,3685.0,1385.0,1799.0,1105.0,5590.0,5590.0,1303.0,496.0,0.0,1385.0
2.0,3405.0,1597.0,1829.0,4160.0,3177.0,3177.0,1303.0,526.0,0.0,1597.0
2.0,5968.0,1273.0,1834.0,5220.0,0.0,0.0,1283.0,551.0,0.0,1273.0
2.0,9915.0,418.0,1799.0,5590.0,0.0,0.0,1240.0,559.0,0.0,418.0
2.0,15087.0,0.0,1733.0,3177.0,0.0,0.0,1174.0,559.0,0.0,0.0
2.0,18264.0,1096.0,1684.0,0.0,0.0,0.0,1125.0,559.0,1096.0,0.0
2.0,17168.0,2336.0,1674.0,0.0,0.0,0.0,1120.0,554.0,2336.0,0.0
2.0,14832.0,3571.0,1719.0,0.0,0.0,0.0,1181.0,538.0,3571.0,0.0
2.0,11261.0,3714.0,1765.0,0.0,1278.0,1278.0,1252.0,513.0,3714.0,0.0
2.0,7547.0,2926.0,1792.0,0.0,4339.0,4339.0,1303.0,489.0,2612.0,314.0
2.0,4621.0,1119.0,1789.0,0.0,5443.0,5443.0,1308.0,481.0,276.0,843.0
2.0,3502.0,1372.0,1806.0,1278.0,5622.0,5622.0,1308.0,498.0,0.0,1372.0
2.0,3408.0,1587.0,1836.0,4339.0,3020.0,3020.0,1308.0,528.0,0.0,1587.0
2.0,6160.0,1274.0,1841.0,5443.0,0.0,0.0,1288.0,553.0,0.0,1274.0
2.0,10329.0,437.0,1807.0,5622.0,0.0,0.0,1246.0,561.0,0.0,437.0
2.0,15514.0,0.0,1740.0,3020.0,0.0,0.0,1179.0,561.0,0.0,0.0
2.0,18534.0,1111.0,1692.0,0.0,0.0,0.0,1131.0,561.0,1111.0,0.0
2.0,17423.0,2357.0,1681.0,0.0,0.0,0.0,1125.0,556.0,2357.0,0.0
2.0,15066.0,3599.0,1726.0,0.0,0.0,0.0,1186.0,540.0,3599.0,0.0
2.0,11467.0,3737.0,1772.0,0.0,1130.0,1130.0,1258.0,514.0,3737.0,0.0
2.0,7730.0,2963.0,1799.0,0.0,4228.0,4228.0,1309.0,490.0,2626.0,337.0
2.0,4767.0,1150.0,1797.0,0.0,5368.0,5368.0,1314.0,483.0,279.0,871.0
2.0,3617.0,1406.0,1815.0,1130.0,5734.0,5734.0,1314.0,501.0,0.0,1406.0
2.0,3341.0,1605.0,1846.0,4228.0,3266.0,3266.0,1314.0,532.0,0.0,1605.0
2.0,5964.0,1276.0,1849.0,5368.0,0.0,0.0,1293.0,556.0,0.0,1276.0
2.0,10056.0,408.0,1813.0,5734.0,0.0,0.0,1249.0,564.0,0.0,408.0
2.0,15382.0,0.0,1745.0,3266.0,0.0,0.0,1181.0,564.0,0.0,0.0
2.0,18648.0,1170.0,1696.0,0.0,0.0,0.0,1132.0,564.0,1170.0,0.0
2.0,17478.0,2435.0,1686.0,0.0,0.0,0.0,1128.0,558.0,2435.0,0.0
2.0,15043.0,3697.0,1734.0,0.0,0.0,0.0,1193.0,541.0,3697.0,0.0
2.0,11346.0,3795.0,1781.0,0.0,1354.0,1354.0,1266.0,515.0,3795.0,0.0
2.0,7551.0,2990.0,1808.0,0.0,4479.0,4479.0,1317.0,491.0,2625.0,365.0
2.0,4561.0,1106.0,1804.0,0.0,5565.0,5565.0,1320.0,484.0,199.0,907.0
2.0,3455.0,1450.0,1824.0,1354.0,5761.0,5761.0,1320.0,504.0,0.0,1450.0
2.0,3359.0,1633.0,1855.0,4479.0,3070.0,3070.0,1320.0,535.0,0.0,1633.0
2.0,6205.0,1270.0,1858.0,5565.0,0.0,0.0,1299.0,559.0,0.0,1270.0
2.0,10500.0,364.0,1819.0,5761.0,0.0,0.0,1253.0,566.0,0.0,364.0
2.0,15897.0,0.0,1749.0,3070.0,0.0,0.0,1183.0,566.0,0.0,0.0
2.0,18967.0,1212.0,1700.0,0.0,0.0,0.0,1134.0,566.0,1212.0,0.0
2.0,17755.0,2483.0,1692.0,0.0,0.0,0.0,1132.0,560.0,2483.0,0.0
2.0,15272.0,3754.0,1743.0,0.0,0.0,0.0,1200.0,543.0,3754.0,0.0
2.0,11518.0,3818.0,1789.0,0.0,1245.0,1245.0,1273.0,516.0,3818.0,0.0
2.0,7700.0,2976.0,1816.0,0.0,4356.0,4356.0,1323.0,493.0,2606.0,370.0
2.0,4724.0,1041.0,1811.0,0.0,5372.0,5372.0,1325.0,486.0,127.0,914.0
2.0,3683.0,1463.0,1831.0,1245.0,5690.0,5690.0,1325.0,506.0,0.0,1463.0
2.0,3465.0,1637.0,1862.0,4356.0,3126.0,3126.0,1325.0,537.0,0.0,1637.0
2.0,6184.0,1266.0,1866.0,5372.0,0.0,0.0,1304.0,562.0,0.0,1266.0
2.0,10290.0,346.0,1826.0,5690.0,0.0,0.0,1258.0,568.0,0.0,346.0
2.0,15634.0,0.0,1756.0,3126.0,0.0,0.0,1188.0,568.0,0.0,0.0
2.0,18760.0,1200.0,1708.0,0.0,0.0,0.0,1140.0,568.0,1200.0,0.0
2.0,17560.0,2465.0,1699.0,0.0,0.0,0.0,1137.0,562.0,2465.0,0.0
2.0,15095.0,3734.0,1750.0,0.0,0.0,0.0,1204.0,546.0,3734.0,0.0
2.0,11361.0,3797.0,1797.0,0.0,1421.0,1421.0,1278.0,519.0,3797.0,0.0
2.0,7564.0,2947.0,1822.0,0.0,4493.0,4493.0,1327.0,495.0,2594.0,353.0
2.0,4617.0,1025.0,1818.0,0.0,5498.0,5498.0,1330.0,488.0,127.0,898.0
2.0,3592.0,1438.0,1838.0,1421.0,5615.0,5615.0,1330.0,508.0,0.0,1438.0
2.0,3575.0,1625.0,1869.0,4493.0,2902.0,2902.0,1330.0,539.0,0.0,1625.0
2.0,6443.0,1267.0,1872.0,5498.0,0.0,0.0,1309.0,563.0,0.0,1267.0
2.0,10674.0,368.0,1834.0,5615.0,0.0,0.0,1264.0,570.0,0.0,368.0
2.0,15921.0,0.0,1765.0,2902.0,0.0,0.0,1195.0,570.0,0.0,0.0
2.0,18823.0,1182.0,1716.0,0.0,0.0,0.0,1146.0,570.0,1182.0,0.0
2.0,17641.0,2441.0,1707.0,0.0,0.0,0.0,1143.0,564.0,2441.0,0.0
2.0,15200.0,3705.0,1757.0,0.0,0.0,0.0,1209.0,548.0,3705.0,0.0
2.0,11495.0,3782.0,1804.0,0.0,1307.0,1307.0,1282.0,522.0,3782.0,0.0
2.0,7713.0,2960.0,1830.0,0.0,4397.0,4397.0,1332.0,498.0,2606.0,354.0
2.0,4753.0,1056.0,1826.0,0.0,5433.0,5433.0,1335.0,491.0,162.0,894.0
2.0,3697.0,1434.0,1845.0,1307.0,5655.0,5655.0,1335.0,510.0,0.0,1434.0
2.0,3570.0,1621.0,1876.0,4397.0,3034.0,3034.0,1335.0,541.0,0.0,1621.0
2.0,6346.0,1268.0,1880.0,5433.0,0.0,0.0,1314.0,566.0,0.0,1268.0
2.0,10511.0,381.0,1841.0,5655.0,0.0,0.0,1268.0,573.0,0.0,381.0
2.0,15785.0,0.0,1772.0,3034.0,0.0,0.0,1199.0,573.0,0.0,0.0
2.0,18819.0,1216.0,1724.0,0.0,0.0,0.0,1151.0,573.0,1216.0,0.0
2.0,17603.0,2486.0,1714.0,0.0,0.0,0.0,1148.0,566.0,2486.0,0.0
2.0,15117.0,3763.0,1765.0,0.0,0.0,0.0,1215.0,550.0,3763.0,0.0
2.0,11354.0,3820.0,1811.0,0.0,1521.0,1521.0,1288.0,523.0,3820.0,0.0
2.0,7534.0,2997.0,1838.0,0.0,4653.0,4653.0,1339.0,499.0,2614.0,383.0
2.0,4537.0,1058.0,1833.0,0.0,5686.0,5686.0,1341.0,492.0,128.0,930.0
2.0,3479.0,1478.0,1854.0,1521.0,5748.0,5748.0,1341.0,513.0,0.0,1478.0
2.0,3522.0,1644.0,1886.0,4653.0,2899.0,2899.0,1341.0,545.0,0.0,1644.0
2.0,6531.0,1269.0,1888.0,5686.0,0.0,0.0,1319.0,569.0,0.0,1269.0
2.0,10948.0,341.0,1848.0,5748.0,0.0,0.0,1272.0,576.0,0.0,341.0
2.0,16355.0,0.0,1777.0,2899.0,0.0,0.0,1201.0,576.0,0.0,0.0
2.0,19254.0,1282.0,1728.0,0.0,0.0,0.0,1152.0,576.0,1282.0,0.0
2.0,17972.0,2576.0,1721.0,0.0,0.0,0.0,1152.0,569.0,2576.0,0.0
2.0,15396.0,3866.0,1773.0,0.0,0.0,0.0,1222.0,551.0,3866.0,0.0
2.0,11530.0,3876.0,1820.0,0.0,1446.0,1446.0,1297.0,523.0,3876.0,0.0
2.0,7654.0,3005.0,1847.0,0.0,4586.0,4586.0,1347.0,500.0,2598.0,407.0
2.0,4649.0,987.0,1841.0,0.0,5543.0,5543.0,1347.0,494.0,26.0,961.0
2.0,3662.0,1516.0,1863.0,1446.0,5723.0,5723.0,1347.0,516.0,0.0,1516.0
2.0,3592.0,1669.0,1895.0,4586.0,2966.0,2966.0,1347.0,548.0,0.0,1669.0
2.0,6509.0,1263.0,1896.0,5543.0,0.0,0.0,1324.0,572.0,0.0,1263.0
2.0,10789.0,302.0,1854.0,5723.0,0.0,0.0,1276.0,578.0,0.0,302.0
2.0,16210.0,17.0,1782.0,2966.0,0.0,0.0,1204.0,578.0,17.0,0.0
2.0,19159.0,1312.0,1734.0,0.0,0.0,0.0,1156.0,578.0,1312.0,0.0
2.0,17847.0,2612.0,1727.0,0.0,0.0,0.0,1156.0,571.0,2612.0,0.0
2.0,15235.0,3890.0,1781.0,0.0,0.0,0.0,1228.0,553.0,3890.0,0.0
2.0,11345.0,3877.0,1828.0,0.0,1672.0,1672.0,1303.0,525.0,3877.0,0.0
2.0,7468.0,2959.0,1853.0,0.0,4756.0,4756.0,1352.0,501.0,2558.0,401.0
2.0,4509.0,955.0,1848.0,0.0,5686.0,5686.0,1352.0,496.0,0.0,955.0
2.0,3554.0,1514.0,1870.0,1672.0,5638.0,5638.0,1352.0,518.0,0.0,1514.0
2.0,3712.0,1666.0,1902.0,4756.0,2708.0,2708.0,1352.0,550.0,0.0,1666.0
2.0,6802.0,1264.0,1903.0,5686.0,0.0,0.0,1329.0,574.0,0.0,1264.0
2.0,11224.0,302.0,1862.0,5638.0,0.0,0.0,1282.0,580.0,0.0,302.0
2.0,16560.0,0.0,1790.0,2708.0,0.0,0.0,1210.0,580.0,0.0,0.0
2.0,19268.0,1278.0,1741.0,0.0,0.0,0.0,1161.0,580.0,1278.0,0.0
2.0,17990.0,2569.0,1734.0,0.0,0.0,0.0,1161.0,573.0,2569.0,0.0
2.0,15421.0,3855.0,1789.0,0.0,0.0,0.0,1233.0,556.0,3855.0,0.0
2.0,11566.0,3867.0,1835.0,0.0,1476.0,1476.0,1307.0,528.0,3867.0,0.0
2.0,7699.0,2964.0,1861.0,0.0,4570.0,4570.0,1357.0,504.0,2582.0,382.0
2.0,4735.0,953.0,1855.0,0.0,5493.0,5493.0,1357.0,498.0,16.0,937.0
2.0,3782.0,1487.0,1877.0,1476.0,5614.0,5614.0,1357.0,520.0,0.0,1487.0
2.0,3771.0,1655.0,1909.0,4570.0,2859.0,2859.0,1357.0,552.0,0.0,1655.0
2.0,6686.0,1268.0,1910.0,5493.0,0.0,0.0,1334.0,576.0,0.0,1268.0
2.0,10911.0,336.0,1869.0,5614.0,0.0,0.0,1287.0,582.0,0.0,336.0
2.0,16189.0,0.0,1798.0,2859.0,0.0,0.0,1216.0,582.0,0.0,0.0
2.0,19048.0,1260.0,1750.0,0.0,0.0,0.0,1168.0,582.0,1260.0,0.0
2.0,17788.0,2549.0,1742.0,0.0,0.0,0.0,1166.0,576.0,2549.0,0.0
2.0,15239.0,3834.0,1795.0,0.0,0.0,0.0,1237.0,558.0,3834.0,0.0
2.0,11405.0,3865.0,1842.0,0.0,1670.0,1670.0,1311.0,531.0,3865.0,0.0
2.0,7540.0,2987.0,1868.0,0.0,4787.0,4787.0,1361.0,507.0,2603.0,384.0
2.0,4553.0,998.0,1864.0,0.0,5765.0,5765.0,1363.0,501.0,62.0,936.0
2.0,3555.0,1488.0,1885.0,1670.0,5688.0,5688.0,1363.0,522.0,0.0,1488.0
2.0,3737.0,1657.0,1917.0,4787.0,2718.0,2718.0,1363.0,554.0,0.0,1657.0
2.0,6867.0,1280.0,1917.0,5765.0,0.0,0.0,1339.0,578.0,0.0,1280.0
2.0,11352.0,346.0,1876.0,5688.0,0.0,0.0,1291.0,585.0,0.0,346.0
2.0,16694.0,6.0,1804.0,2718.0,0.0,0.0,1219.0,585.0,6.0,0.0
2.0,19406.0,1309.0,1756.0,0.0,0.0,0.0,1171.0,585.0,1309.0,0.0
2.0,18097.0,2609.0,1749.0,0.0,0.0,0.0,1171.0,578.0,2609.0,0.0
2.0,15488.0,3909.0,1804.0,0.0,0.0,0.0,1244.0,560.0,3909.0,0.0
2.0,11579.0,3903.0,1850.0,0.0,1574.0,1574.0,1319.0,531.0,3903.0,0.0
2.0,7676.0,3010.0,1877.0,0.0,4719.0,4719.0,1369.0,508.0,2599.0,411.0
2.0,4666.0,973.0,1871.0,0.0,5662.0,5662.0,1369.0,502.0,2.0,971.0
2.0,3693.0,1532.0,1894.0,1574.0,5735.0,5735.0,1369.0,525.0,0.0,1532.0
2.0,3735.0,1682.0,1926.0,4719.0,2858.0,2858.0,1369.0,557.0,0.0,1682.0
2.0,6772.0,1278.0,1926.0,5662.0,0.0,0.0,1344.0,582.0,0.0,1278.0
2.0,11156.0,309.0,1882.0,5735.0,0.0,0.0,1294.0,588.0,0.0,309.0
2.0,16582.0,67.0,1809.0,2858.0,0.0,0.0,1221.0,588.0,67.0,0.0
2.0,19373.0,1388.0,1762.0,0.0,0.0,0.0,1174.0,588.0,1388.0,0.0
2.0,17985.0,2705.0,1756.0,0.0,0.0,0.0,1176.0,580.0,2705.0,0.0
2.0,15280.0,3961.0,1812.0,0.0,0.0,0.0,1251.0,561.0,3961.0,0.0
2.0,11319.0,3892.0,1858.0,0.0,1863.0,1863.0,1326.0,532.0,3892.0,0.0
2.0,7427.0,2942.0,1882.0,0.0,4925.0,4925.0,1374.0,508.0,2511.0,431.0
2.0,4485.0,996.0,1877.0,0.0,5896.0,5896.0,1374.0,503.0,0.0,996.0
2.0,3489.0,1561.0,1901.0,1863.0,5714.0,5714.0,1374.0,527.0,0.0,1561.0
2.0,3791.0,1700.0,1934.0,4925.0,2654.0,2654.0,1374.0,560.0,0.0,1700.0
2.0,7016.0,1269.0,1934.0,5896.0,0.0,0.0,1349.0,585.0,0.0,1269.0
2.0,11643.0,273.0,1889.0,5714.0,0.0,0.0,1299.0,590.0,0.0,273.0
2.0,17084.0,75.0,1815.0,2654.0,0.0,0.0,1225.0,590.0,75.0,0.0
2.0,19663.0,1398.0,1768.0,0.0,0.0,0.0,1178.0,590.0,1398.0,0.0
2.0,18265.0,2716.0,1763.0,0.0,0.0,0.0,1181.0,582.0,2716.0,0.0
2.0,15549.0,3963.0,1821.0,0.0,0.0,0.0,1257.0,564.0,3963.0,0.0
2.0,11586.0,3881.0,1866.0,0.0,1625.0,1625.0,1331.0,535.0,3881.0,0.0
2.0,7705.0,2908.0,1890.0,0.0,4653.0,4653.0,1379.0,511.0,2485.0,423.0
2.0,4797.0,986.0,1884.0,0.0,5609.0,5609.0,1379.0,505.0,0.0,986.0
2.0,3811.0,1554.0,1908.0,1625.0,5658.0,5658.0,1379.0,529.0,0.0,1554.0
2.0,3882.0,1693.0,1941.0,4653.0,2863.0,2863.0,1379.0,562.0,0.0,1693.0
2.0,6842.0,1269.0,1941.0,5609.0,0.0,0.0,1355.0,586.0,0.0,1269.0
2.0,11182.0,277.0,1897.0,5658.0,0.0,0.0,1305.0,592.0,0.0,277.0
2.0,16563.0,46.0,1824.0,2863.0,0.0,0.0,1232.0,592.0,46.0,0.0
2.0,19380.0,1355.0,1776.0,0.0,0.0,0.0,1184.0,592.0,1355.0,0.0
2.0,18025.0,2664.0,1769.0,0.0,0.0,0.0,1185.0,584.0,2664.0,0.0
2.0,15361.0,3931.0,1827.0,0.0,0.0,0.0,1261.0,566.0,3931.0,0.0
2.0,11430.0,3884.0,1873.0,0.0,1819.0,1819.0,1335.0,538.0,3884.0,0.0
2.0,7546.0,2939.0,1898.0,0.0,4883.0,4883.0,1384.0,514.0,2533.0,406.0
2.0,4607.0,971.0,1892.0,0.0,5824.0,5824.0,1384.0,508.0,0.0,971.0
2.0,3636.0,1531.0,1915.0,1819.0,5651.0,5651.0,1384.0,531.0,0.0,1531.0
2.0,3924.0,1685.0,1947.0,4883.0,2613.0,2613.0,1384.0,563.0,0.0,1685.0
2.0,7122.0,1274.0,1948.0,5824.0,0.0,0.0,1360.0,588.0,0.0,1274.0
2.0,11672.0,304.0,1905.0,5651.0,0.0,0.0,1311.0,594.0,0.0,304.0
2.0,17019.0,47.0,1832.0,2613.0,0.0,0.0,1238.0,594.0,47.0,0.0
2.0,19585.0,1357.0,1784.0,0.0,0.0,0.0,1190.0,594.0,1357.0,0.0
2.0,18228.0,2673.0,1777.0,0.0,0.0,0.0,1191.0,586.0,2673.0,0.0
2.0,15555.0,3938.0,1834.0,0.0,0.0,0.0,1266.0,568.0,3938.0,0.0
2.0,11617.0,3900.0,1881.0,0.0,1688.0,1688.0,1341.0,540.0,3900.0,0.0
2.0,7717.0,2965.0,1905.0,0.0,4773.0,4773.0,1389.0,516.0,2542.0,423.0
2.0,4752.0,987.0,1899.0,0.0,5730.0,5730.0,1389.0,510.0,0.0,987.0
2.0,3765.0,1552.0,1923.0,1688.0,5714.0,5714.0,1389.0,534.0,0.0,1552.0
2.0,3901.0,1695.0,1955.0,4773.0,2796.0,2796.0,1389.0,566.0,0.0,1695.0
2.0,6979.0,1274.0,1955.0,5730.0,0.0,0.0,1364.0,591.0,0.0,1274.0
2.0,11435.0,294.0,1910.0,5714.0,0.0,0.0,1314.0,596.0,0.0,294.0
2.0,16855.0,104.0,1837.0,2796.0,0.0,0.0,1241.0,596.0,104.0,0.0
2.0,19547.0,1432.0,1789.0,0.0,0.0,0.0,1193.0,596.0,1432.0,0.0
2.0,18115.0,2766.0,1784.0,0.0,0.0,0.0,1196.0,588.0,2766.0,0.0
2.0,15349.0,3993.0,1843.0,0.0,0.0,0.0,1273.0,570.0,3993.0,0.0
2.0,11356.0,3899.0,1888.0,0.0,1983.0,1983.0,1348.0,540.0,3899.0,0.0
2.0,7457.0,2924.0,1913.0,0.0,5032.0,5032.0,1396.0,517.0,2468.0,456.0
2.0,4533.0,1028.0,1908.0,0.0,6035.0,6035.0,1396.0,512.0,0.0,1028.0
2.0,3505.0,1601.0,1933.0,1983.0,5778.0,5778.0,1396.0,537.0,0.0,1601.0
2.0,3887.0,1719.0,1964.0,5032.0,2620.0,2620.0,1394.0,570.0,0.0,1719.0
2.0,7200.0,1270.0,1962.0,6035.0,0.0,0.0,1368.0,594.0,0.0,1270.0
2.0,11965.0,244.0,1915.0,5778.0,0.0,0.0,1316.0,599.0,0.0,244.0
2.0,17499.0,159.0,1842.0,2620.0,0.0,0.0,1243.0,599.0,159.0,0.0
2.0,19960.0,1502.0,1796.0,0.0,0.0,0.0,1197.0,599.0,1502.0,0.0
2.0,18458.0,2850.0,1794.0,0.0,0.0,0.0,1203.0,591.0,2850.0,0.0
2.0,15608.0,4035.0,1853.0,0.0,0.0,0.0,1281.0,572.0,4035.0,0.0
2.0,11573.0,3882.0,1897.0,0.0,1794.0,1794.0,1355.0,542.0,3882.0,0.0
2.0,7691.0,2846.0,1919.0,0.0,4750.0,4750.0,1401.0,518.0,2376.0,470.0
2.0,4845.0,1046.0,1915.0,0.0,5776.0,5776.0,1401.0,514.0,0.0,1046.0
2.0,3799.0,1622.0,1941.0,1794.0,5734.0,5734.0,1401.0,540.0,0.0,1622.0
2.0,3971.0,1732.0,1973.0,4750.0,2876.0,2876.0,1400.0,573.0,0.0,1732.0
2.0,6989.0,1261.0,1970.0,5776.0,0.0,0.0,1373.0,597.0,0.0,1261.0
2.0,11504.0,214.0,1921.0,5734.0,0.0,0.0,1320.0,601.0,0.0,214.0
2.0,17024.0,155.0,1848.0,2876.0,0.0,0.0,1247.0,601.0,155.0,0.0
2.0,19745.0,1501.0,1802.0,0.0,0.0,0.0,1201.0,601.0,1501.0,0.0
2.0,18244.0,2841.0,1801.0,0.0,0.0,0.0,1208.0,593.0,2841.0,0.0
2.0,15403.0,4025.0,1860.0,0.0,0.0,0.0,1286.0,574.0,4025.0,0.0
2.0,11378.0,3867.0,1904.0,0.0,2009.0,2009.0,1360.0,544.0,3867.0,0.0
2.0,7511.0,2818.0,1926.0,0.0,4937.0,4937.0,1406.0,520.0,2363.0,455.0
2.0,4693.0,1027.0,1922.0,0.0,5944.0,5944.0,1406.0,516.0,0.0,1027.0
2.0,3666.0,1604.0,1947.0,2009.0,5664.0,5664.0,1406.0,541.0,0.0,1604.0
2.0,4071.0,1721.0,1979.0,4937.0,2608.0,2608.0,1405.0,574.0,0.0,1721.0
2.0,7287.0,1265.0,1978.0,5944.0,0.0,0.0,1379.0,599.0,0.0,1265.0
2.0,11966.0,232.0,1930.0,5664.0,0.0,0.0,1327.0,603.0,0.0,232.0
2.0,17398.0,127.0,1857.0,2608.0,0.0,0.0,1254.0,603.0,127.0,0.0
2.0,19879.0,1464.0,1811.0,0.0,0.0,0.0,1208.0,603.0,1464.0,0.0
2.0,18415.0,2796.0,1808.0,0.0,0.0,0.0,1213.0,595.0,2796.0,0.0
2.0,15619.0,4006.0,1867.0,0.0,0.0,0.0,1290.0,577.0,4006.0,0.0
2.0,11613.0,3874.0,1911.0,0.0,1816.0,1816.0,1364.0,547.0,3874.0,0.0
2.0,7739.0,2858.0,1934.0,0.0,4789.0,4789.0,1411.0,523.0,2415.0,443.0
2.0,4881.0,1019.0,1929.0,0.0,5783.0,5783.0,1411.0,518.0,0.0,1019.0
2.0,3862.0,1590.0,1954.0,1816.0,5682.0,5682.0,1411.0,543.0,0.0,1590.0
2.0,4088.0,1718.0,1986.0,4789.0,2771.0,2771.0,1410.0,576.0,0.0,1718.0
2.0,7159.0,1271.0,1985.0,5783.0,0.0,0.0,1384.0,601.0,0.0,1271.0
2.0,11671.0,253.0,1938.0,5682.0,0.0,0.0,1332.0,606.0,0.0,253.0
2.0,17100.0,135.0,1865.0,2771.0,0.0,0.0,1259.0,606.0,135.0,0.0
2.0,19736.0,1478.0,1819.0,0.0,0.0,0.0,1213.0,606.0,1478.0,0.0
2.0,18258.0,2817.0,1815.0,0.0,0.0,0.0,1218.0,597.0,2817.0,0.0
2.0,15441.0,4028.0,1873.0,0.0,0.0,0.0,1295.0,578.0,4028.0,0.0
2.0,11413.0,3893.0,1919.0,0.0,2075.0,2075.0,1370.0,549.0,3893.0,0.0
2.0,7520.0,2892.0,1942.0,0.0,5082.0,5082.0,1417.0,525.0,2425.0,467.0
2.0,4628.0,1044.0,1937.0,0.0,6101.0,6101.0,1417.0,520.0,0.0,1044.0
2.0,3584.0,1622.0,1963.0,2075.0,5778.0,5778.0,1417.0,546.0,0.0,1622.0
2.0,4037.0,1733.0,1994.0,5082.0,2584.0,2584.0,1415.0,579.0,0.0,1733.0
2.0,7386.0,1273.0,1991.0,6101.0,0.0,0.0,1387.0,604.0,0.0,1273.0
2.0,12214.0,231.0,1942.0,5778.0,0.0,0.0,1334.0,608.0,0.0,231.0
2.0,17761.0,200.0,1869.0,2584.0,0.0,0.0,1261.0,608.0,200.0,0.0
2.0,20145.0,1557.0,1824.0,0.0,0.0,0.0,1216.0,608.0,1557.0,0.0
2.0,18588.0,2916.0,1825.0,0.0,0.0,0.0,1225.0,600.0,2916.0,0.0
2.0,15672.0,4081.0,1883.0,0.0,0.0,0.0,1303.0,580.0,4081.0,0.0
2.0,11591.0,3886.0,1927.0,0.0,1930.0,1930.0,1378.0,549.0,3886.0,0.0
2.0,7705.0,2831.0,1948.0,0.0,4866.0,4866.0,1423.0,525.0,2338.0,493.0
2.0,4874.0,1078.0,1945.0,0.0,5929.0,5929.0,1423.0,522.0,0.0,1078.0
2.0,3796.0,1663.0,1972.0,1930.0,5797.0,5797.0,1423.0,549.0,0.0,1663.0
2.0,4063.0,1755.0,2003.0,4866.0,2841.0,2841.0,1420.0,583.0,0.0,1755.0
2.0,7174.0,1268.0,1998.0,5929.0,0.0,0.0,1391.0,607.0,0.0,1268.0
2.0,11835.0,191.0,1947.0,5797.0,0.0,0.0,1336.0,611.0,0.0,191.0
2.0,17441.0,248.0,1874.0,2841.0,0.0,0.0,1263.0,611.0,248.0,0.0
2.0,20034.0,1616.0,1831.0,0.0,0.0,0.0,1220.0,611.0,1616.0,0.0
2.0,18418.0,2989.0,1834.0,0.0,0.0,0.0,1232.0,602.0,2989.0,0.0
2.0,15429.0,4109.0,1893.0,0.0,0.0,0.0,1311.0,582.0,4109.0,0.0
2.0,11320.0,3861.0,1935.0,0.0,2216.0,2216.0,1385.0,550.0,3861.0,0.0
2.0,7459.0,2742.0,1955.0,0.0,5058.0,5058.0,1428.0,527.0,2244.0,498.0
2.0,4717.0,1084.0,1951.0,0.0,6122.0,6122.0,1428.0,523.0,0.0,1084.0
2.0,3633.0,1669.0,1979.0,2216.0,5715.0,5715.0,1428.0,551.0,0.0,1669.0
2.0,4180.0,1761.0,2010.0,5058.0,2573.0,2573.0,1425.0,585.0,0.0,1761.0
2.0,7477.0,1262.0,2005.0,6122.0,0.0,0.0,1396.0,609.0,0.0,1262.0
2.0,12337.0,177.0,1955.0,5715.0,0.0,0.0,1342.0,613.0,0.0,177.0
2.0,17875.0,236.0,1882.0,2573.0,0.0,0.0,1269.0,613.0,236.0,0.0
2.0,20212.0,1598.0,1838.0,0.0,0.0,0.0,1225.0,613.0,1598.0,0.0
2.0,18614.0,2964.0,1841.0,0.0,0.0,0.0,1237.0,604.0,2964.0,0.0
2.0,15650.0,4088.0,1899.0,0.0,0.0,0.0,1315.0,584.0,4088.0,0.0
2.0,11562.0,3854.0,1942.0,0.0,2002.0,2002.0,1389.0,553.0,3854.0,0.0
2.0,7708.0,2729.0,1963.0,0.0,4836.0,4836.0,1433.0,530.0,2249.0,480.0
2.0,4979.0,1062.0,1959.0,0.0,5878.0,5878.0,1433.0,526.0,0.0,1062.0
2.0,3917.0,1648.0,1986.0,2002.0,5659.0,5659.0,1433.0,553.0,0.0,1648.0
2.0,4271.0,1749.0,2017.0,4836.0,2727.0,2727.0,1430.0,587.0,0.0,1749.0
2.0,7358.0,1268.0,2013.0,5878.0,0.0,0.0,1402.0,611.0,0.0,1268.0
2.0,11968.0,201.0,1963.0,5659.0,0.0,0.0,1348.0,615.0,0.0,201.0
2.0,17426.0,213.0,1890.0,2727.0,0.0,0.0,1275.0,615.0,213.0,0.0
2.0,19940.0,1569.0,1846.0,0.0,0.0,0.0,1231.0,615.0,1569.0,0.0
2.0,18371.0,2930.0,1847.0,0.0,0.0,0.0,1241.0,606.0,2930.0,0.0
2.0,15441.0,4074.0,1906.0,0.0,0.0,0.0,1319.0,587.0,4074.0,0.0
2.0,11367.0,3867.0,1950.0,0.0,2250.0,2250.0,1394.0,556.0,3867.0,0.0
2.0,7500.0,2770.0,1970.0,0.0,5120.0,5120.0,1438.0,532.0,2295.0,475.0
2.0,4730.0,1062.0,1966.0,0.0,6162.0,6162.0,1438.0,528.0,0.0,1062.0
2.0,3668.0,1645.0,1993.0,2250.0,5692.0,5692.0,1438.0,555.0,0.0,1645.0
2.0,4273.0,1753.0,2024.0,5120.0,2480.0,2480.0,1435.0,589.0,0.0,1753.0
2.0,7640.0,1275.0,2020.0,6162.0,0.0,0.0,1407.0,613.0,0.0,1275.0
2.0,12527.0,214.0,1969.0,5692.0,0.0,0.0,1352.0,617.0,0.0,214.0
2.0,18005.0,245.0,1897.0,2480.0,0.0,0.0,1280.0,617.0,245.0,0.0
2.0,20240.0,1612.0,1853.0,0.0,0.0,0.0,1236.0,617.0,1612.0,0.0
2.0,18628.0,2986.0,1855.0,0.0,0.0,0.0,1247.0,608.0,2986.0,0.0
2.0,15642.0,4112.0,1914.0,0.0,0.0,0.0,1326.0,588.0,4112.0,0.0
2.0,11530.0,3877.0,1957.0,0.0,2132.0,2132.0,1400.0,557.0,3877.0,0.0
2.0,7653.0,2768.0,1977.0,0.0,5000.0,5000.0,1444.0,533.0,2265.0,503.0
2.0,4885.0,1093.0,1974.0,0.0,6078.0,6078.0,1444.0,530.0,0.0,1093.0
2.0,3792.0,1683.0,2002.0,2132.0,5769.0,5769.0,1444.0,558.0,0.0,1683.0
2.0,4241.0,1771.0,2032.0,5000.0,2690.0,2690.0,1440.0,592.0,0.0,1771.0
2.0,7470.0,1270.0,2026.0,6078.0,0.0,0.0,1410.0,616.0,0.0,1270.0
2.0,12278.0,185.0,1974.0,5769.0,0.0,0.0,1354.0,620.0,0.0,185.0
2.0,17862.0,309.0,1901.0,2690.0,0.0,0.0,1281.0,620.0,309.0,0.0
2.0,20243.0,1700.0,1859.0,0.0,0.0,0.0,1239.0,620.0,1700.0,0.0
2.0,18543.0,3088.0,1864.0,0.0,0.0,0.0,1254.0,610.0,3088.0,0.0
2.0,15455.0,4173.0,1924.0,0.0,0.0,0.0,1334.0,590.0,4173.0,0.0
2.0,11282.0,3863.0,1966.0,0.0,2411.0,2411.0,1408.0,558.0,3863.0,0.0
2.0,7419.0,2697.0,1984.0,0.0,5198.0,5198.0,1450.0,534.0,2166.0,531.0
2.0,4722.0,1127.0,1981.0,0.0,6310.0,6310.0,1450.0,531.0,0.0,1127.0
2.0,3595.0,1723.0,2011.0,2411.0,5772.0,5772.0,1450.0,561.0,0.0,1723.0
2.0,4283.0,1789.0,2040.0,5198.0,2508.0,2508.0,1445.0,595.0,0.0,1789.0
2.0,7692.0,1264.0,2034.0,6310.0,0.0,0.0,1414.0,620.0,0.0,1264.0
2.0,12738.0,138.0,1979.0,5772.0,0.0,0.0,1357.0,622.0,0.0,138.0
2.0,18372.0,333.0,1906.0,2508.0,0.0,0.0,1284.0,622.0,333.0,0.0
2.0,20547.0,1730.0,1865.0,0.0,0.0,0.0,1243.0,622.0,1730.0,0.0
2.0,18817.0,3122.0,1873.0,0.0,0.0,0.0,1260.0,613.0,3122.0,0.0
2.0,15695.0,4185.0,1932.0,0.0,0.0,0.0,1340.0,592.0,4185.0,0.0
2.0,11510.0,3846.0,1974.0,0.0,2206.0,2206.0,1414.0,560.0,3846.0,0.0
2.0,7664.0,2647.0,1991.0,0.0,4938.0,4938.0,1455.0,536.0,2119.0,528.0
2.0,5017.0,1123.0,1988.0,0.0,6046.0,6046.0,1455.0,533.0,0.0,1123.0
2.0,3894.0,1718.0,2018.0,2206.0,5708.0,5708.0,1455.0,563.0,0.0,1718.0
2.0,4382.0,1789.0,2048.0,4938.0,2709.0,2709.0,1451.0,597.0,0.0,1789.0
2.0,7531.0,1260.0,2042.0,6046.0,0.0,0.0,1420.0,622.0,0.0,1260.0
2.0,12317.0,136.0,1987.0,5708.0,0.0,0.0,1363.0,624.0,0.0,136.0
2.0,17889.0,299.0,1914.0,2709.0,0.0,0.0,1290.0,624.0,299.0,0.0
2.0,20299.0,1688.0,1872.0,0.0,0.0,0.0,1248.0,624.0,1688.0,0.0
2.0,18611.0,3071.0,1879.0,0.0,0.0,0.0,1264.0,615.0,3071.0,0.0
2.0,15540.0,4159.0,1939.0,0.0,0.0,0.0,1344.0,595.0,4159.0,0.0
2.0,11381.0,3852.0,1981.0,0.0,2376.0,2376.0,1418.0,563.0,3852.0,0.0
2.0,7529.0,2677.0,1999.0,0.0,5143.0,5143.0,1460.0,539.0,2167.0,510.0
2.0,4852.0,1101.0,1996.0,0.0,6229.0,6229.0,1460.0,536.0,0.0,1101.0
2.0,3751.0,1697.0,2025.0,2376.0,5695.0,5695.0,1460.0,565.0,0.0,1697.0
2.0,4430.0,1778.0,2055.0,5143.0,2480.0,2480.0,1456.0,599.0,0.0,1778.0
2.0,7795.0,1268.0,2049.0,6229.0,0.0,0.0,1426.0,623.0,0.0,1268.0
2.0,12756.0,162.0,1995.0,5695.0,0.0,0.0,1369.0,626.0,0.0,162.0
2.0,18289.0,286.0,1922.0,2480.0,0.0,0.0,1296.0,626.0,286.0,0.0
2.0,20483.0,1667.0,1880.0,0.0,0.0,0.0,1254.0,626.0,1667.0,0.0
2.0,18816.0,3049.0,1886.0,0.0,0.0,0.0,1269.0,617.0,3049.0,0.0
2.0,15767.0,4151.0,1945.0,0.0,0.0,0.0,1348.0,597.0,4151.0,0.0
2.0,11616.0,3868.0,1988.0,0.0,2192.0,2192.0,1423.0,565.0,3868.0,0.0
2.0,7748.0,2722.0,2006.0,0.0,5004.0,5004.0,1465.0,541.0,2209.0,513.0
2.0,5026.0,1112.0,2003.0,0.0,6101.0,6101.0,1465.0,538.0,0.0,1112.0
2.0,3914.0,1707.0,2032.0,2192.0,5761.0,5761.0,1465.0,567.0,0.0,1707.0
2.0,4399.0,1789.0,2062.0,5004.0,2696.0,2696.0,1461.0,601.0,0.0,1789.0
2.0,7614.0,1273.0,2056.0,6101.0,0.0,0.0,1430.0,626.0,0.0,1273.0
2.0,12442.0,163.0,2001.0,5761.0,0.0,0.0,1372.0,629.0,0.0,163.0
2.0,18040.0,340.0,1929.0,2696.0,0.0,0.0,1300.0,629.0,340.0,0.0
2.0,20396.0,1737.0,1887.0,0.0,0.0,0.0,1258.0,629.0,1737.0,0.0
2.0,18659.0,3141.0,1894.0,0.0,0.0,0.0,1275.0,619.0,3141.0,0.0
2.0,15518.0,4201.0,1954.0,0.0,0.0,0.0,1356.0,598.0,4201.0,0.0
2.0,11317.0,3871.0,1997.0,0.0,2539.0,2539.0,1431.0,566.0,3871.0,0.0
2.0,7446.0,2680.0,2014.0,0.0,5304.0,5304.0,1472.0,542.0,2134.0,546.0
2.0,4766.0,1148.0,2012.0,0.0,6442.0,6442.0,1472.0,540.0,0.0,1148.0
2.0,3618.0,1751.0,2042.0,2539.0,5804.0,5804.0,1472.0,570.0,0.0,1751.0
2.0,4406.0,1809.0,2071.0,5304.0,2454.0,2454.0,1466.0,605.0,0.0,1809.0
2.0,7901.0,1265.0,2062.0,6442.0,0.0,0.0,1433.0,629.0,0.0,1265.0
2.0,13078.0,124.0,2006.0,5804.0,0.0,0.0,1374.0,632.0,0.0,124.0
2.0,18758.0,400.0,1933.0,2454.0,0.0,0.0,1301.0,632.0,400.0,0.0
2.0,20812.0,1814.0,1894.0,0.0,0.0,0.0,1262.0,632.0,1814.0,0.0
2.0,18998.0,3234.0,1903.0,0.0,0.0,0.0,1282.0,621.0,3234.0,0.0
2.0,15764.0,4250.0,1964.0,0.0,0.0,0.0,1364.0,600.0,4250.0,0.0
2.0,11514.0,3857.0,2005.0,0.0,2368.0,2368.0,1438.0,567.0,3857.0,0.0
2.0,7657.0,2609.0,2020.0,0.0,5052.0,5052.0,1477.0,543.0,2040.0,569.0
2.0,5048.0,1176.0,2018.0,0.0,6218.0,6218.0,1477.0,541.0,0.0,1176.0
2.0,3872.0,1783.0,2050.0,2368.0,5793.0,5793.0,1477.0,573.0,0.0,1783.0
2.0,4457.0,1821.0,2079.0,5052.0,2707.0,2707.0,1471.0,608.0,0.0,1821.0
2.0,7688.0,1257.0,2070.0,6218.0,0.0,0.0,1438.0,632.0,0.0,1257.0
2.0,12649.0,81.0,2012.0,5793.0,0.0,0.0,1378.0,634.0,0.0,81.0
2.0,18361.0,408.0,1939.0,2707.0,0.0,0.0,1305.0,634.0,408.0,0.0
2.0,20660.0,1823.0,1900.0,0.0,0.0,0.0,1266.0,634.0,1823.0,0.0
2.0,18837.0,3242.0,1912.0,0.0,0.0,0.0,1288.0,624.0,3242.0,0.0
2.0,15595.0,4247.0,1971.0,0.0,0.0,0.0,1369.0,602.0,4247.0,0.0
2.0,11348.0,3842.0,2012.0,0.0,2554.0,2554.0,1443.0,569.0,3842.0,0.0
2.0,7506.0,2573.0,2027.0,0.0,5202.0,5202.0,1482.0,545.0,2012.0,561.0
2.0,4933.0,1165.0,2026.0,0.0,6362.0,6362.0,1482.0,544.0,0.0,1165.0
2.0,3768.0,1769.0,2057.0,2554.0,5732.0,5732.0,1482.0,575.0,0.0,1769.0
2.0,4553.0,1817.0,2086.0,5202.0,2492.0,2492.0,1476.0,610.0,0.0,1817.0
2.0,7938.0,1255.0,2078.0,6362.0,0.0,0.0,1444.0,634.0,0.0,1255.0
2.0,13045.0,89.0,2021.0,5732.0,0.0,0.0,1385.0,636.0,0.0,89.0
2.0,18688.0,377.0,1948.0,2492.0,0.0,0.0,1312.0,636.0,377.0,0.0
2.0,20803.0,1788.0,1908.0,0.0,0.0,0.0,1272.0,636.0,1788.0,0.0
2.0,19015.0,3193.0,1918.0,0.0,0.0,0.0,1292.0,626.0,3193.0,0.0
2.0,15822.0,4226.0,1978.0,0.0,0.0,0.0,1373.0,605.0,4226.0,0.0
2.0,11596.0,3843.0,2019.0,0.0,2342.0,2342.0,1447.0,572.0,3843.0,0.0
2.0,7753.0,2600.0,2035.0,0.0,5022.0,5022.0,1487.0,548.0,2054.0,546.0
2.0,5153.0,1153.0,2033.0,0.0,6165.0,6165.0,1487.0,546.0,0.0,1153.0
2.0,4000.0,1755.0,2064.0,2342.0,5733.0,5733.0,1487.0,577.0,0.0,1755.0
2.0,4587.0,1811.0,2093.0,5022.0,2667.0,2667.0,1481.0,612.0,0.0,1811.0
2.0,7798.0,1260.0,2085.0,6165.0,0.0,0.0,1449.0,636.0,0.0,1260.0
2.0,12703.0,107.0,2028.0,5733.0,0.0,0.0,1390.0,638.0,0.0,107.0
2.0,18329.0,379.0,1956.0,2667.0,0.0,0.0,1318.0,638.0,379.0,0.0
2.0,20617.0,1792.0,1916.0,0.0,0.0,0.0,1278.0,638.0,1792.0,0.0
2.0,18825.0,3201.0,1925.0,0.0,0.0,0.0,1297.0,628.0,3201.0,0.0
2.0,15624.0,4238.0,1986.0,0.0,0.0,0.0,1379.0,607.0,4238.0,0.0
2.0,11386.0,3858.0,2027.0,0.0,2607.0,2607.0,1453.0,574.0,3858.0,0.0
2.0,7528.0,2640.0,2043.0,0.0,5327.0,5327.0,1493.0,550.0,2076.0,564.0
2.0,4888.0,1170.0,2041.0,0.0,6487.0,6487.0,1493.0,548.0,0.0,1170.0
2.0,3718.0,1777.0,2072.0,2607.0,5812.0,5812.0,1493.0,579.0,0.0,1777.0
2.0,4548.0,1821.0,2100.0,5327.0,2446.0,2446.0,1486.0,614.0,0.0,1821.0
2.0,8054.0,1260.0,2092.0,6487.0,0.0,0.0,1453.0,639.0,0.0,1260.0
2.0,13281.0,93.0,2032.0,5812.0,0.0,0.0,1392.0,640.0,0.0,93.0
2.0,19000.0,435.0,1960.0,2446.0,0.0,0.0,1320.0,640.0,435.0,0.0
2.0,21011.0,1867.0,1921.0,0.0,0.0,0.0,1281.0,640.0,1867.0,0.0
2.0,19144.0,3295.0,1934.0,0.0,0.0,0.0,1304.0,630.0,3295.0,0.0
2.0,15849.0,4295.0,1994.0,0.0,0.0,0.0,1386.0,608.0,4295.0,0.0
2.0,11554.0,3860.0,2034.0,0.0,2476.0,2476.0,1460.0,574.0,3860.0,0.0
2.0,7694.0,2605.0,2050.0,0.0,5161.0,5161.0,1499.0,551.0,2003.0,602.0
2.0,5089.0,1217.0,2049.0,0.0,6373.0,6373.0,1499.0,550.0,0.0,1217.0
2.0,3872.0,1832.0,2082.0,2476.0,5894.0,5894.0,1499.0,583.0,0.0,1832.0
2.0,4516.0,1846.0,2109.0,5161.0,2714.0,2714.0,1491.0,618.0,0.0,1846.0
2.0,7831.0,1245.0,2098.0,6373.0,0.0,0.0,1456.0,642.0,0.0,1245.0
2.0,12959.0,35.0,2037.0,5894.0,0.0,0.0,1394.0,643.0,0.0,35.0
2.0,18818.0,485.0,1965.0,2714.0,0.0,0.0,1322.0,643.0,485.0,0.0
2.0,21047.0,1926.0,1928.0,0.0,0.0,0.0,1285.0,643.0,1926.0,0.0
2.0,19121.0,3367.0,1942.0,0.0,0.0,0.0,1310.0,632.0,3367.0,0.0
2.0,15754.0,4328.0,2002.0,0.0,0.0,0.0,1393.0,609.0,4328.0,0.0
2.0,11426.0,3843.0,2042.0,0.0,2627.0,2627.0,1467.0,575.0,3843.0,0.0
2.0,7583.0,2538.0,2056.0,0.0,5235.0,5235.0,1504.0,552.0,1922.0,616.0
2.0,5045.0,1233.0,2056.0,0.0,6468.0,6468.0,1504.0,552.0,0.0,1233.0
2.0,3812.0,1850.0,2090.0,2627.0,5861.0,5861.0,1504.0,586.0,0.0,1850.0
2.0,4589.0,1851.0,2117.0,5235.0,2612.0,2612.0,1496.0,621.0,0.0,1851.0
2.0,7973.0,1240.0,2106.0,6468.0,0.0,0.0,1461.0,645.0,0.0,1240.0
2.0,13201.0,6.0,2044.0,5861.0,0.0,0.0,1399.0,645.0,0.0,6.0
2.0,19056.0,480.0,1972.0,2612.0,0.0,0.0,1327.0,645.0,480.0,0.0
2.0,21188.0,1917.0,1935.0,0.0,0.0,0.0,1290.0,645.0,1917.0,0.0
2.0,19271.0,3358.0,1950.0,0.0,0.0,0.0,1316.0,634.0,3358.0,0.0
2.0,15913.0,4313.0,2010.0,0.0,0.0,0.0,1398.0,612.0,4313.0,0.0
2.0,11600.0,3830.0,2050.0,0.0,2480.0,2480.0,1472.0,578.0,3830.0,0.0
2.0,7770.0,2514.0,2064.0,0.0,5064.0,5064.0,1509.0,555.0,1910.0,604.0
2.0,5256.0,1218.0,2063.0,0.0,6277.0,6277.0,1509.0,554.0,0.0,1218.0
2.0,4038.0,1831.0,2096.0,2480.0,5793.0,5793.0,1509.0,587.0,0.0,1831.0
2.0,4687.0,1845.0,2125.0,5064.0,2719.0,2719.0,1502.0,623.0,0.0,1845.0
2.0,7906.0,1240.0,2114.0,6277.0,0.0,0.0,1467.0,647.0,0.0,1240.0
2.0,12943.0,21.0,2053.0,5793.0,0.0,0.0,1406.0,647.0,0.0,21.0
2.0,18715.0,455.0,1980.0,2719.0,0.0,0.0,1333.0,647.0,455.0,0.0
2.0,20979.0,1884.0,1943.0,0.0,0.0,0.0,1296.0,647.0,1884.0,0.0
2.0,19095.0,3318.0,1957.0,0.0,0.0,0.0,1320.0,637.0,3318.0,0.0
2.0,15777.0,4292.0,2016.0,0.0,0.0,0.0,1402.0,614.0,4292.0,0.0
2.0,11485.0,3842.0,2057.0,0.0,2642.0,2642.0,1476.0,581.0,3842.0,0.0
2.0,7643.0,2545.0,2071.0,0.0,5257.0,5257.0,1514.0,557.0,1953.0,592.0
2.0,5098.0,1205.0,2070.0,0.0,6457.0,6457.0,1514.0,556.0,0.0,1205.0
2.0,3893.0,1823.0,2103.0,2642.0,5803.0,5803.0,1514.0,589.0,0.0,1823.0
2.0,4712.0,1844.0,2132.0,5257.0,2535.0,2535.0,1507.0,625.0,0.0,1844.0
2.0,8125.0,1253.0,2121.0,6457.0,0.0,0.0,1472.0,649.0,0.0,1253.0
2.0,13329.0,44.0,2061.0,5803.0,0.0,0.0,1411.0,650.0,0.0,44.0
2.0,19088.0,475.0,1988.0,2535.0,0.0,0.0,1338.0,650.0,475.0,0.0
2.0,21148.0,1912.0,1951.0,0.0,0.0,0.0,1301.0,650.0,1912.0,0.0
2.0,19236.0,3355.0,1964.0,0.0,0.0,0.0,1325.0,639.0,3355.0,0.0
2.0,15881.0,4320.0,2024.0,0.0,0.0,0.0,1408.0,616.0,4320.0,0.0
2.0,11561.0,3854.0,2065.0,0.0,2618.0,2618.0,1483.0,582.0,3854.0,0.0
2.0,7707.0,2549.0,2079.0,0.0,5237.0,5237.0,1520.0,559.0,1942.0,607.0
2.0,5158.0,1231.0,2078.0,0.0,6463.0,6463.0,1520.0,558.0,0.0,1231.0
2.0,3927.0,1851.0,2112.0,2618.0,5866.0,5866.0,1520.0,592.0,0.0,1851.0
2.0,4694.0,1865.0,2140.0,5237.0,2634.0,2634.0,1512.0,628.0,0.0,1865.0
2.0,8066.0,1256.0,2128.0,6463.0,0.0,0.0,1476.0,652.0,0.0,1256.0
2.0,13273.0,27.0,2064.0,5866.0,0.0,0.0,1412.0,652.0,0.0,27.0
2.0,19112.0,540.0,1992.0,2634.0,0.0,0.0,1340.0,652.0,540.0,0.0
2.0,21206.0,2001.0,1956.0,0.0,0.0,0.0,1304.0,652.0,2001.0,0.0
2.0,19205.0,3459.0,1973.0,0.0,0.0,0.0,1332.0,641.0,3459.0,0.0
2.0,15746.0,4378.0,2035.0,0.0,0.0,0.0,1417.0,618.0,4378.0,0.0
2.0,11368.0,3848.0,2072.0,0.0,2840.0,2840.0,1490.0,582.0,3842.0,6.0
2.0,7520.0,2482.0,2085.0,0.0,5387.0,5387.0,1526.0,559.0,1845.0,637.0
2.0,5038.0,1264.0,2086.0,0.0,6656.0,6656.0,1526.0,560.0,0.0,1264.0
2.0,3774.0,1885.0,2121.0,2840.0,5876.0,5876.0,1526.0,595.0,0.0,1885.0
2.0,4729.0,1875.0,2148.0,5387.0,2499.0,2499.0,1517.0,631.0,0.0,1875.0
2.0,8241.0,1239.0,2135.0,6656.0,0.0,0.0,1480.0,655.0,0.0,1239.0
2.0,13658.0,0.0,2070.0,5876.0,0.0,0.0,1415.0,655.0,0.0,0.0
2.0,19534.0,582.0,1998.0,2499.0,0.0,0.0,1343.0,655.0,582.0,0.0
2.0,21451.0,2053.0,1963.0,0.0,0.0,0.0,1308.0,655.0,2053.0,0.0
2.0,19398.0,3518.0,1982.0,0.0,0.0,0.0,1339.0,643.0,3518.0,0.0
2.0,15880.0,4406.0,2043.0,0.0,0.0,0.0,1424.0,619.0,4406.0,0.0
2.0,11474.0,3835.0,2081.0,0.0,2766.0,2766.0,1497.0,584.0,3818.0,17.0
2.0,7639.0,2413.0,2092.0,0.0,5234.0,5234.0,1531.0,561.0,1769.0,644.0
2.0,5226.0,1271.0,2093.0,0.0,6510.0,6510.0,1531.0,562.0,0.0,1271.0
2.0,3955.0,1881.0,2129.0,2766.0,5805.0,5805.0,1531.0,598.0,0.0,1881.0
2.0,4840.0,1863.0,2155.0,5234.0,2564.0,2564.0,1522.0,633.0,0.0,1863.0
2.0,8211.0,1223.0,2142.0,6510.0,0.0,0.0,1485.0,657.0,0.0,1223.0
2.0,13498.0,0.0,2077.0,5805.0,0.0,0.0,1420.0,657.0,0.0,0.0
2.0,19303.0,554.0,2005.0,2564.0,0.0,0.0,1348.0,657.0,554.0,0.0
2.0,21313.0,2017.0,1970.0,0.0,0.0,0.0,1313.0,657.0,2017.0,0.0
2.0,19296.0,3474.0,1988.0,0.0,0.0,0.0,1343.0,645.0,3474.0,0.0
2.0,15822.0,4381.0,2050.0,0.0,0.0,0.0,1428.0,622.0,4381.0,0.0
2.0,11441.0,3829.0,2088.0,0.0,2828.0,2828.0,1501.0,587.0,3820.0,9.0
2.0,7612.0,2438.0,2100.0,0.0,5326.0,5326.0,1536.0,564.0,1806.0,632.0
2.0,5174.0,1255.0,2100.0,0.0,6581.0,6581.0,1536.0,564.0,0.0,1255.0
2.0,3919.0,1869.0,2135.0,2828.0,5797.0,5797.0,1536.0,599.0,0.0,1869.0
2.0,4878.0,1865.0,2162.0,5326.0,2471.0,2471.0,1527.0,635.0,0.0,1865.0
2.0,8339.0,1233.0,2150.0,6581.0,0.0,0.0,1491.0,659.0,0.0,1233.0
2.0,13687.0,0.0,2086.0,5797.0,0.0,0.0,1427.0,659.0,0.0,0.0
2.0,19484.0,529.0,2014.0,2471.0,0.0,0.0,1355.0,659.0,529.0,0.0
2.0,21426.0,1987.0,1978.0,0.0,0.0,0.0,1319.0,659.0,1987.0,0.0
2.0,19439.0,3441.0,1996.0,0.0,0.0,0.0,1348.0,648.0,3441.0,0.0
2.0,15998.0,4371.0,2056.0,0.0,0.0,0.0,1432.0,624.0,4371.0,0.0
2.0,11627.0,3846.0,2095.0,0.0,2694.0,2694.0,1506.0,589.0,3839.0,7.0
2.0,7781.0,2490.0,2107.0,0.0,5244.0,5244.0,1541.0,566.0,1859.0,631.0
2.0,5291.0,1255.0,2107.0,0.0,6499.0,6499.0,1541.0,566.0,0.0,1255.0
2.0,4036.0,1878.0,2142.0,2694.0,5858.0,5858.0,1541.0,601.0,0.0,1878.0
2.0,4852.0,1872.0,2169.0,5244.0,2621.0,2621.0,1532.0,637.0,0.0,1872.0
2.0,8224.0,1243.0,2156.0,6499.0,0.0,0.0,1495.0,661.0,0.0,1243.0
2.0,13480.0,0.0,2092.0,5858.0,0.0,0.0,1431.0,661.0,0.0,0.0
2.0,19338.0,566.0,2020.0,2621.0,0.0,0.0,1359.0,661.0,566.0,0.0
2.0,21393.0,2032.0,1985.0,0.0,0.0,0.0,1324.0,661.0,2032.0,0.0
2.0,19361.0,3505.0,2004.0,0.0,0.0,0.0,1354.0,650.0,3505.0,0.0
2.0,15856.0,4408.0,2064.0,0.0,0.0,0.0,1438.0,626.0,4408.0,0.0
2.0,11448.0,3873.0,2103.0,0.0,2940.0,2940.0,1512.0,591.0,3847.0,26.0
2.0,7575.0,2482.0,2115.0,0.0,5482.0,5482.0,1547.0,568.0,1820.0,662.0
2.0,5093.0,1294.0,2116.0,0.0,6781.0,6781.0,1547.0,569.0,0.0,1294.0
2.0,3799.0,1901.0,2152.0,2940.0,5922.0,5922.0,1547.0,605.0,0.0,1901.0
2.0,4838.0,1872.0,2178.0,5482.0,2442.0,2442.0,1537.0,641.0,0.0,1872.0
2.0,8448.0,1212.0,2163.0,6781.0,0.0,0.0,1499.0,664.0,0.0,1212.0
2.0,14017.0,0.0,2096.0,5922.0,0.0,0.0,1432.0,664.0,0.0,0.0
2.0,19939.0,636.0,2024.0,2442.0,0.0,0.0,1360.0,664.0,636.0,0.0
2.0,21745.0,2121.0,1991.0,0.0,0.0,0.0,1327.0,664.0,2121.0,0.0
2.0,19624.0,3612.0,2013.0,0.0,0.0,0.0,1361.0,652.0,3612.0,0.0
2.0,16012.0,4463.0,2074.0,0.0,0.0,0.0,1447.0,627.0,4463.0,0.0
2.0,11549.0,3884.0,2113.0,0.0,2900.0,2900.0,1521.0,592.0,3835.0,49.0
2.0,7665.0,2404.0,2122.0,0.0,5349.0,5349.0,1553.0,569.0,1712.0,692.0
2.0,5261.0,1330.0,2124.0,0.0,6689.0,6689.0,1553.0,571.0,0.0,1330.0
2.0,3931.0,1919.0,2161.0,2900.0,5893.0,5893.0,1553.0,608.0,0.0,1919.0
2.0,4912.0,1865.0,2186.0,5349.0,2534.0,2534.0,1542.0,644.0,0.0,1865.0
2.0,8396.0,1173.0,2169.0,6689.0,0.0,0.0,1503.0,666.0,0.0,1173.0
2.0,13912.0,0.0,2101.0,5893.0,0.0,0.0,1435.0,666.0,0.0,0.0
2.0,19805.0,655.0,2029.0,2534.0,0.0,0.0,1363.0,666.0,655.0,0.0
2.0,21684.0,2144.0,1997.0,0.0,0.0,0.0,1331.0,666.0,2144.0,0.0
2.0,19540.0,3637.0,2021.0,0.0,0.0,0.0,1367.0,654.0,3637.0,0.0
2.0,15903.0,4470.0,2082.0,0.0,0.0,0.0,1453.0,629.0,4470.0,0.0
2.0,11433.0,3870.0,2120.0,0.0,3037.0,3037.0,1526.0,594.0,3818.0,52.0
2.0,7563.0,2356.0,2129.0,0.0,5438.0,5438.0,1558.0,571.0,1667.0,689.0
2.0,5207.0,1325.0,2131.0,0.0,6773.0,6773.0,1558.0,573.0,0.0,1325.0
2.0,3882.0,1909.0,2168.0,3037.0,5830.0,5830.0,1558.0,610.0,0.0,1909.0
2.0,5010.0,1856.0,2194.0,5438.0,2378.0,2378.0,1548.0,646.0,0.0,1856.0
2.0,8592.0,1171.0,2177.0,6773.0,0.0,0.0,1509.0,668.0,0.0,1171.0
2.0,14194.0,0.0,2110.0,5830.0,0.0,0.0,1442.0,668.0,0.0,0.0
2.0,20024.0,625.0,2038.0,2378.0,0.0,0.0,1370.0,668.0,625.0,0.0
2.0,21777.0,2105.0,2005.0,0.0,0.0,0.0,1337.0,668.0,2105.0,0.0
2.0,19672.0,3589.0,2027.0,0.0,0.0,0.0,1371.0,656.0,3589.0,0.0
2.0,16083.0,4443.0,2088.0,0.0,0.0,0.0,1456.0,632.0,4443.0,0.0
2.0,11640.0,3864.0,2127.0,0.0,2859.0,2859.0,1530.0,597.0,3821.0,43.0
2.0,7776.0,2386.0,2137.0,0.0,5295.0,5295.0,1563.0,574.0,1710.0,676.0
2.0,5390.0,1309.0,2138.0,0.0,6609.0,6609.0,1563.0,575.0,0.0,1309.0
2.0,4081.0,1899.0,2175.0,2859.0,5834.0,5834.0,1563.0,612.0,0.0,1899.0
2.0,5041.0,1861.0,2201.0,5295.0,2530.0,2530.0,1553.0,648.0,0.0,1861.0
2.0,8475.0,1185.0,2184.0,6609.0,0.0,0.0,1514.0,670.0,0.0,1185.0
2.0,13899.0,0.0,2118.0,5834.0,0.0,0.0,1448.0,670.0,0.0,0.0
2.0,19733.0,615.0,2046.0,2530.0,0.0,0.0,1376.0,670.0,615.0,0.0
2.0,21648.0,2099.0,2013.0,0.0,0.0,0.0,1343.0,670.0,2099.0,0.0
2.0,19549.0,3579.0,2034.0,0.0,0.0,0.0,1376.0,658.0,3579.0,0.0
2.0,15970.0,4450.0,2095.0,0.0,0.0,0.0,1461.0,634.0,4450.0,0.0
2.0,11520.0,3882.0,2134.0,0.0,3032.0,3032.0,1535.0,599.0,3833.0,49.0
2.0,7638.0,2423.0,2144.0,0.0,5505.0,5505.0,1568.0,576.0,1738.0,685.0
2.0,5215.0,1321.0,2145.0,0.0,6831.0,6831.0,1568.0,577.0,0.0,1321.0
2.0,3894.0,1914.0,2182.0,3032.0,5898.0,5898.0,1568.0,614.0,0.0,1914.0
2.0,5012.0,1867.0,2207.0,5505.0,2385.0,2385.0,1557.0,650.0,0.0,1867.0
2.0,8650.0,1184.0,2191.0,6831.0,0.0,0.0,1518.0,673.0,0.0,1184.0
2.0,14297.0,0.0,2124.0,5898.0,0.0,0.0,1451.0,673.0,0.0,0.0
2.0,20195.0,668.0,2052.0,2385.0,0.0,0.0,1379.0,673.0,668.0,0.0
2.0,21912.0,2169.0,2019.0,0.0,0.0,0.0,1347.0,672.0,2169.0,0.0
2.0,19743.0,3666.0,2042.0,0.0,0.0,0.0,1382.0,660.0,3666.0,0.0
2.0,16077.0,4502.0,2104.0,0.0,0.0,0.0,1469.0,635.0,4502.0,0.0
2.0,11575.0,3905.0,2143.0,0.0,3045.0,3045.0,1543.0,600.0,3834.0,71.0
2.0,7670.0,2391.0,2152.0,0.0,5481.0,5481.0,1575.0,577.0,1676.0,715.0
2.0,5279.0,1365.0,2155.0,0.0,6861.0,6861.0,1575.0,580.0,0.0,1365.0
2.0,3914.0,1939.0,2193.0,3045.0,5945.0,5945.0,1575.0,618.0,0.0,1939.0
2.0,5020.0,1870.0,2217.0,5481.0,2454.0,2454.0,1563.0,654.0,0.0,1870.0
2.0,8631.0,1151.0,2198.0,6861.0,0.0,0.0,1522.0,676.0,0.0,1151.0
2.0,14341.0,0.0,2128.0,5945.0,0.0,0.0,1452.0,676.0,0.0,0.0
2.0,20286.0,722.0,2056.0,2454.0,0.0,0.0,1380.0,676.0,722.0,0.0
2.0,22018.0,2239.0,2025.0,0.0,0.0,0.0,1350.0,675.0,2239.0,0.0
2.0,19779.0,3752.0,2050.0,0.0,0.0,0.0,1389.0,661.0,3752.0,0.0
2.0,16027.0,4548.0,2112.0,0.0,0.0,0.0,1476.0,636.0,4548.0,0.0
2.0,11479.0,3906.0,2151.0,0.0,3182.0,3182.0,1550.0,601.0,3823.0,83.0
2.0,7573.0,2327.0,2160.0,0.0,5554.0,5554.0,1581.0,579.0,1590.0,737.0
2.0,5246.0,1386.0,2164.0,0.0,6960.0,6960.0,1581.0,583.0,0.0,1386.0
2.0,3860.0,1952.0,2201.0,3182.0,5915.0,5915.0,1581.0,620.0,0.0,1952.0
2.0,5090.0,1863.0,2224.0,5554.0,2339.0,2339.0,1568.0,656.0,0.0,1863.0
2.0,8781.0,1125.0,2205.0,6960.0,0.0,0.0,1527.0,678.0,0.0,1125.0
2.0,14616.0,0.0,2135.0,5915.0,0.0,0.0,1457.0,678.0,0.0,0.0
2.0,20531.0,719.0,2063.0,2339.0,0.0,0.0,1385.0,678.0,719.0,0.0
2.0,22151.0,2235.0,2031.0,0.0,0.0,0.0,1354.0,677.0,2235.0,0.0
2.0,19916.0,3746.0,2058.0,0.0,0.0,0.0,1394.0,664.0,3746.0,0.0
2.0,16170.0,4542.0,2120.0,0.0,0.0,0.0,1482.0,638.0,4542.0,0.0
2.0,11628.0,3894.0,2158.0,0.0,3056.0,3056.0,1555.0,603.0,3816.0,78.0
2.0,7734.0,2307.0,2166.0,0.0,5403.0,5403.0,1585.0,581.0,1583.0,724.0
2.0,5427.0,1370.0,2170.0,0.0,6793.0,6793.0,1585.0,585.0,0.0,1370.0
2.0,4057.0,1937.0,2207.0,3056.0,5859.0,5859.0,1585.0,622.0,0.0,1937.0
2.0,5176.0,1858.0,2231.0,5403.0,2434.0,2434.0,1573.0,658.0,0.0,1858.0
2.0,8721.0,1137.0,2213.0,6793.0,0.0,0.0,1533.0,680.0,0.0,1137.0
2.0,14377.0,0.0,2144.0,5859.0,0.0,0.0,1464.0,680.0,0.0,0.0
2.0,20236.0,686.0,2072.0,2434.0,0.0,0.0,1392.0,680.0,686.0,0.0
2.0,21984.0,2188.0,2039.0,0.0,0.0,0.0,1360.0,679.0,2188.0,0.0
2.0,19796.0,3695.0,2064.0,0.0,0.0,0.0,1398.0,666.0,3695.0,0.0
2.0,16101.0,4511.0,2126.0,0.0,0.0,0.0,1485.0,641.0,4511.0,0.0
2.0,11590.0,3900.0,2165.0,0.0,3135.0,3135.0,1559.0,606.0,3829.0,71.0
2.0,7690.0,2349.0,2174.0,0.0,5529.0,5529.0,1590.0,584.0,1635.0,714.0
2.0,5341.0,1357.0,2177.0,0.0,6901.0,6901.0,1590.0,587.0,0.0,1357.0
2.0,3984.0,1930.0,2214.0,3135.0,5881.0,5881.0,1590.0,624.0,0.0,1930.0
2.0,5189.0,1865.0,2238.0,5529.0,2337.0,2337.0,1578.0,660.0,0.0,1865.0
2.0,8853.0,1152.0,2220.0,6901.0,0.0,0.0,1538.0,682.0,0.0,1152.0
2.0,14602.0,0.0,2151.0,5881.0,0.0,0.0,1469.0,682.0,0.0,0.0
2.0,20483.0,694.0,2079.0,2337.0,0.0,0.0,1397.0,682.0,694.0,0.0
2.0,22126.0,2201.0,2047.0,0.0,0.0,0.0,1366.0,681.0,2201.0,0.0
2.0,19925.0,3714.0,2072.0,0.0,0.0,0.0,1404.0,668.0,3714.0,0.0
2.0,16211.0,4529.0,2134.0,0.0,0.0,0.0,1491.0,643.0,4529.0,0.0
2.0,11682.0,3928.0,2172.0,0.0,3106.0,3106.0,1565.0,607.0,3844.0,84.0
2.0,7754.0,2375.0,2182.0,0.0,5531.0,5531.0,1596.0,586.0,1643.0,732.0
2.0,5379.0,1381.0,2185.0,0.0,6927.0,6927.0,1596.0,589.0,0.0,1381.0
2.0,3998.0,1952.0,2223.0,3106.0,5963.0,5963.0,1596.0,627.0,0.0,1952.0
2.0,5152.0,1870.0,2246.0,5531.0,2417.0,2417.0,1583.0,663.0,0.0,1870.0
2.0,8813.0,1140.0,2227.0,6927.0,0.0,0.0,1542.0,685.0,0.0,1140.0
2.0,14600.0,0.0,2156.0,5963.0,0.0,0.0,1471.0,685.0,0.0,0.0
2.0,20563.0,756.0,2084.0,2417.0,0.0,0.0,1399.0,685.0,756.0,0.0
2.0,22224.0,2281.0,2052.0,0.0,0.0,0.0,1369.0,683.0,2281.0,0.0
2.0,19943.0,3813.0,2080.0,0.0,0.0,0.0,1410.0,670.0,3813.0,0.0
2.0,16130.0,4586.0,2141.0,0.0,0.0,0.0,1498.0,643.0,4586.0,0.0
2.0,11544.0,3947.0,2180.0,0.0,3303.0,3303.0,1572.0,608.0,3840.0,107.0
2.0,7597.0,2322.0,2189.0,0.0,5670.0,5670.0,1602.0,587.0,1559.0,763.0
2.0,5275.0,1425.0,2194.0,0.0,7120.0,7120.0,1602.0,592.0,0.0,1425.0
2.0,3850.0,1975.0,2232.0,3303.0,5982.0,5982.0,1602.0,630.0,0.0,1975.0
2.0,5178.0,1870.0,2254.0,5670.0,2292.0,2292.0,1588.0,666.0,0.0,1870.0
2.0,8978.0,1103.0,2232.0,7120.0,0.0,0.0,1545.0,687.0,0.0,1103.0
2.0,14995.0,0.0,2160.0,5982.0,0.0,0.0,1473.0,687.0,0.0,0.0
2.0,20977.0,803.0,2088.0,2292.0,0.0,0.0,1401.0,687.0,803.0,0.0
2.0,22466.0,2346.0,2059.0,0.0,0.0,0.0,1373.0,686.0,2346.0,0.0
2.0,20120.0,3884.0,2089.0,0.0,0.0,0.0,1417.0,672.0,3884.0,0.0
2.0,16236.0,4619.0,2151.0,0.0,0.0,0.0,1506.0,645.0,4619.0,0.0
2.0,11617.0,3930.0,2189.0,0.0,3258.0,3258.0,1579.0,610.0,3816.0,114.0
2.0,7687.0,2248.0,2196.0,0.0,5541.0,5541.0,1607.0,589.0,1470.0,778.0
2.0,5439.0,1437.0,2202.0,0.0,7008.0,7008.0,1607.0,595.0,0.0,1437.0
2.0,4002.0,1981.0,2240.0,3258.0,5921.0,5921.0,1607.0,633.0,0.0,1981.0
2.0,5279.0,1861.0,2263.0,5541.0,2356.0,2356.0,1594.0,669.0,0.0,1861.0
2.0,8959.0,1082.0,2240.0,7008.0,0.0,0.0,1551.0,689.0,0.0,1082.0
2.0,14885.0,0.0,2168.0,5921.0,0.0,0.0,1479.0,689.0,0.0,0.0
2.0,20806.0,795.0,2095.0,2356.0,0.0,0.0,1406.0,689.0,795.0,0.0
2.0,22367.0,2333.0,2066.0,0.0,0.0,0.0,1378.0,688.0,2333.0,0.0
2.0,20034.0,3865.0,2096.0,0.0,0.0,0.0,1422.0,674.0,3865.0,0.0
2.0,16169.0,4606.0,2158.0,0.0,0.0,0.0,1510.0,648.0,4606.0,0.0
2.0,11563.0,3911.0,2196.0,0.0,3328.0,3328.0,1584.0,612.0,3803.0,108.0
2.0,7652.0,2230.0,2203.0,0.0,5593.0,5593.0,1612.0,591.0,1467.0,763.0
2.0,5422.0,1418.0,2209.0,0.0,7041.0,7041.0,1612.0,597.0,0.0,1418.0
2.0,4004.0,1965.0,2247.0,3328.0,5868.0,5868.0,1612.0,635.0,0.0,1965.0
2.0,5367.0,1856.0,2269.0,5593.0,2241.0,2241.0,1599.0,670.0,0.0,1856.0
2.0,9104.0,1097.0,2247.0,7041.0,0.0,0.0,1556.0,691.0,0.0,1097.0
2.0,15048.0,0.0,2176.0,5868.0,0.0,0.0,1485.0,691.0,0.0,0.0
2.0,20916.0,769.0,2104.0,2241.0,0.0,0.0,1413.0,691.0,769.0,0.0
2.0,22388.0,2300.0,2074.0,0.0,0.0,0.0,1384.0,690.0,2300.0,0.0
2.0,20088.0,3826.0,2102.0,0.0,0.0,0.0,1426.0,676.0,3826.0,0.0
2.0,16262.0,4588.0,2164.0,0.0,0.0,0.0,1514.0,650.0,4588.0,0.0
2.0,11674.0,3922.0,2203.0,0.0,3263.0,3263.0,1588.0,615.0,3814.0,108.0
2.0,7752.0,2282.0,2211.0,0.0,5585.0,5585.0,1617.0,594.0,1520.0,762.0
2.0,5470.0,1416.0,2216.0,0.0,7026.0,7026.0,1617.0,599.0,0.0,1416.0
2.0,4054.0,1963.0,2254.0,3263.0,5916.0,5916.0,1617.0,637.0,0.0,1963.0
2.0,5354.0,1861.0,2277.0,5585.0,2307.0,2307.0,1604.0,673.0,0.0,1861.0
2.0,9078.0,1101.0,2255.0,7026.0,0.0,0.0,1561.0,694.0,0.0,1101.0
2.0,15003.0,0.0,2184.0,5916.0,0.0,0.0,1490.0,694.0,0.0,0.0
2.0,20919.0,792.0,2112.0,2307.0,0.0,0.0,1418.0,694.0,792.0,0.0
2.0,22434.0,2332.0,2081.0,0.0,0.0,0.0,1389.0,692.0,2332.0,0.0
2.0,20102.0,3869.0,2110.0,0.0,0.0,0.0,1432.0,678.0,3869.0,0.0
2.0,16233.0,4621.0,2172.0,0.0,0.0,0.0,1521.0,651.0,4621.0,0.0
2.0,11612.0,3958.0,2210.0,0.0,3396.0,3396.0,1594.0,616.0,3829.0,129.0
2.0,7654.0,2297.0,2219.0,0.0,5738.0,5738.0,1623.0,596.0,1507.0,790.0
2.0,5357.0,1452.0,2225.0,0.0,7220.0,7220.0,1623.0,602.0,0.0,1452.0
2.0,3905.0,1990.0,2263.0,3396.0,6004.0,6004.0,1623.0,640.0,0.0,1990.0
2.0,5311.0,1863.0,2285.0,5738.0,2239.0,2239.0,1609.0,676.0,0.0,1863.0
2.0,9186.0,1075.0,2261.0,7220.0,0.0,0.0,1565.0,696.0,0.0,1075.0
2.0,15331.0,0.0,2188.0,6004.0,0.0,0.0,1492.0,696.0,0.0,0.0
2.0,21335.0,857.0,2116.0,2239.0,0.0,0.0,1420.0,696.0,857.0,0.0
2.0,22717.0,2412.0,2086.0,0.0,0.0,0.0,1392.0,694.0,2412.0,0.0
2.0,20305.0,3973.0,2119.0,0.0,0.0,0.0,1439.0,680.0,3973.0,0.0
2.0,16332.0,4673.0,2181.0,0.0,0.0,0.0,1529.0,652.0,4673.0,0.0
2.0,11659.0,3970.0,2219.0,0.0,3406.0,3406.0,1602.0,617.0,3820.0,150.0
2.0,7689.0,2230.0,2226.0,0.0,5671.0,5671.0,1629.0,597.0,1412.0,818.0
2.0,5459.0,1492.0,2233.0,0.0,7198.0,7198.0,1629.0,604.0,0.0,1492.0
2.0,3967.0,2011.0,2272.0,3406.0,5998.0,5998.0,1629.0,643.0,0.0,2011.0
2.0,5362.0,1862.0,2293.0,5671.0,2294.0,2294.0,1614.0,679.0,0.0,1862.0
2.0,9171.0,1039.0,2268.0,7198.0,0.0,0.0,1569.0,699.0,0.0,1039.0
2.0,15330.0,0.0,2193.0,5998.0,0.0,0.0,1494.0,699.0,0.0,0.0
2.0,21328.0,894.0,2121.0,2294.0,0.0,0.0,1422.0,699.0,894.0,0.0
2.0,22728.0,2456.0,2093.0,0.0,0.0,0.0,1396.0,697.0,2456.0,0.0
2.0,20272.0,4023.0,2127.0,0.0,0.0,0.0,1445.0,682.0,4023.0,0.0
2.0,16249.0,4691.0,2190.0,0.0,0.0,0.0,1536.0,654.0,4691.0,0.0
2.0,11558.0,3947.0,2228.0,0.0,3529.0,3529.0,1609.0,619.0,3801.0,146.0
2.0,7611.0,2159.0,2233.0,0.0,5713.0,5713.0,1634.0,599.0,1339.0,820.0
2.0,5452.0,1488.0,2241.0,0.0,7241.0,7241.0,1634.0,607.0,0.0,1488.0
2.0,3964.0,2010.0,2279.0,3529.0,5912.0,5912.0,1634.0,645.0,0.0,2010.0
2.0,5483.0,1858.0,2300.0,5713.0,2162.0,2162.0,1619.0,681.0,0.0,1858.0
2.0,9338.0,1037.0,2275.0,7241.0,0.0,0.0,1574.0,701.0,0.0,1037.0
2.0,15542.0,0.0,2201.0,5912.0,0.0,0.0,1500.0,701.0,0.0,0.0
2.0,21454.0,868.0,2129.0,2162.0,0.0,0.0,1428.0,701.0,868.0,0.0
2.0,22748.0,2422.0,2100.0,0.0,0.0,0.0,1401.0,699.0,2422.0,0.0
2.0,20326.0,3981.0,2134.0,0.0,0.0,0.0,1450.0,684.0,3981.0,0.0
2.0,16345.0,4666.0,2197.0,0.0,0.0,0.0,1540.0,657.0,4666.0,0.0
2.0,11679.0,3938.0,2235.0,0.0,3434.0,3434.0,1613.0,622.0,3801.0,137.0
2.0,7741.0,2173.0,2240.0,0.0,5632.0,5632.0,1639.0,601.0,1371.0,802.0
2.0,5568.0,1466.0,2248.0,0.0,7138.0,7138.0,1639.0,609.0,0.0,1466.0
2.0,4102.0,1993.0,2286.0,3434.0,5887.0,5887.0,1639.0,647.0,0.0,1993.0
2.0,5543.0,1855.0,2307.0,5632.0,2215.0,2215.0,1624.0,683.0,0.0,1855.0
2.0,9320.0,1058.0,2283.0,7138.0,0.0,0.0,1580.0,703.0,0.0,1058.0
2.0,15400.0,0.0,2209.0,5887.0,0.0,0.0,1506.0,703.0,0.0,0.0
2.0,21287.0,849.0,2137.0,2215.0,0.0,0.0,1434.0,703.0,849.0,0.0
2.0,22653.0,2400.0,2108.0,0.0,0.0,0.0,1407.0,701.0,2400.0,0.0
2.0,20253.0,3956.0,2140.0,0.0,0.0,0.0,1454.0,686.0,3956.0,0.0
2.0,16297.0,4659.0,2203.0,0.0,0.0,0.0,1544.0,659.0,4659.0,0.0
2.0,11638.0,3961.0,2241.0,0.0,3528.0,3528.0,1617.0,624.0,3817.0,144.0
2.0,7677.0,2225.0,2248.0,0.0,5788.0,5788.0,1644.0,604.0,1415.0,810.0
2.0,5452.0,1476.0,2255.0,0.0,7299.0,7299.0,1644.0,611.0,0.0,1476.0
2.0,3976.0,1999.0,2293.0,3528.0,5960.0,5960.0,1644.0,649.0,0.0,1999.0
2.0,5505.0,1861.0,2314.0,5788.0,2138.0,2138.0,1629.0,685.0,0.0,1861.0
2.0,9432.0,1053.0,2289.0,7299.0,0.0,0.0,1584.0,705.0,0.0,1053.0
2.0,15678.0,0.0,2215.0,5960.0,0.0,0.0,1510.0,705.0,0.0,0.0
2.0,21638.0,893.0,2143.0,2138.0,0.0,0.0,1438.0,705.0,893.0,0.0
2.0,22883.0,2463.0,2115.0,0.0,0.0,0.0,1412.0,703.0,2463.0,0.0
2.0,20420.0,4030.0,2148.0,0.0,0.0,0.0,1460.0,688.0,4030.0,0.0
2.0,16390.0,4710.0,2211.0,0.0,0.0,0.0,1551.0,660.0,4710.0,0.0
2.0,11680.0,3987.0,2249.0,0.0,3552.0,3552.0,1624.0,625.0,3817.0,170.0
2.0,7693.0,2203.0,2256.0,0.0,5790.0,5790.0,1651.0,605.0,1359.0,844.0
2.0,5490.0,1518.0,2265.0,0.0,7353.0,7353.0,1651.0,614.0,0.0,1518.0
2.0,3972.0,2028.0,2304.0,3552.0,6024.0,6024.0,1651.0,653.0,0.0,2028.0
2.0,5496.0,1860.0,2323.0,5790.0,2189.0,2189.0,1634.0,689.0,0.0,1860.0
2.0,9426.0,1018.0,2296.0,7353.0,0.0,0.0,1588.0,708.0,0.0,1018.0
2.0,15761.0,0.0,2219.0,6024.0,0.0,0.0,1511.0,708.0,0.0,0.0
2.0,21785.0,956.0,2148.0,2189.0,0.0,0.0,1440.0,708.0,956.0,0.0
2.0,23018.0,2544.0,2120.0,0.0,0.0,0.0,1415.0,705.0,2544.0,0.0
2.0,20474.0,4128.0,2157.0,0.0,0.0,0.0,1467.0,690.0,4128.0,0.0
2.0,16346.0,4762.0,2220.0,0.0,0.0,0.0,1559.0,661.0,4762.0,0.0
2.0,11584.0,3991.0,2258.0,0.0,3697.0,3697.0,1632.0,626.0,3804.0,187.0
2.0,7593.0,2134.0,2264.0,0.0,5861.0,5861.0,1657.0,607.0,1267.0,867.0
2.0,5459.0,1552.0,2273.0,0.0,7458.0,7458.0,1657.0,616.0,0.0,1552.0
2.0,3907.0,2045.0,2313.0,3697.0,6006.0,6006.0,1657.0,656.0,0.0,2045.0
2.0,5559.0,1858.0,2331.0,5861.0,2093.0,2093.0,1639.0,692.0,0.0,1858.0
2.0,9562.0,986.0,2302.0,7458.0,0.0,0.0,1592.0,710.0,0.0,986.0
2.0,16034.0,0.0,2225.0,6006.0,0.0,0.0,1515.0,710.0,0.0,0.0
2.0,22040.0,964.0,2153.0,2093.0,0.0,0.0,1443.0,710.0,964.0,0.0
2.0,23169.0,2554.0,2127.0,0.0,0.0,0.0,1419.0,708.0,2554.0,0.0
2.0,20615.0,4139.0,2165.0,0.0,0.0,0.0,1473.0,692.0,4139.0,0.0
2.0,16476.0,4764.0,2228.0,0.0,0.0,0.0,1565.0,663.0,4764.0,0.0
2.0,11712.0,3969.0,2266.0,0.0,3587.0,3587.0,1638.0,628.0,3793.0,176.0
2.0,7743.0,2100.0,2270.0,0.0,5707.0,5707.0,1661.0,609.0,1241.0,859.0
2.0,5643.0,1537.0,2279.0,0.0,7289.0,7289.0,1661.0,618.0,0.0,1537.0
2.0,4106.0,2038.0,2319.0,3587.0,5940.0,5940.0,1661.0,658.0,0.0,2038.0
2.0,5655.0,1856.0,2338.0,5707.0,2184.0,2184.0,1645.0,693.0,0.0,1856.0
2.0,9506.0,995.0,2310.0,7289.0,0.0,0.0,1598.0,712.0,0.0,995.0
2.0,15800.0,0.0,2234.0,5940.0,0.0,0.0,1522.0,712.0,0.0,0.0
2.0,21740.0,935.0,2162.0,2184.0,0.0,0.0,1450.0,712.0,935.0,0.0
2.0,22989.0,2511.0,2135.0,0.0,0.0,0.0,1425.0,710.0,2511.0,0.0
2.0,20478.0,4092.0,2171.0,0.0,0.0,0.0,1477.0,694.0,4092.0,0.0
2.0,16386.0,4732.0,2234.0,0.0,0.0,0.0,1568.0,666.0,4732.0,0.0
2.0,11654.0,3964.0,2272.0,0.0,3670.0,3670.0,1641.0,631.0,3796.0,168.0
2.0,7690.0,2127.0,2278.0,0.0,5827.0,5827.0,1666.0,612.0,1284.0,843.0
2.0,5563.0,1517.0,2286.0,0.0,7384.0,7384.0,1666.0,620.0,0.0,1517.0
2.0,4046.0,2023.0,2325.0,3670.0,5932.0,5932.0,1666.0,659.0,0.0,2023.0
2.0,5693.0,1855.0,2345.0,5827.0,2060.0,2060.0,1650.0,695.0,0.0,1855.0
2.0,9665.0,1018.0,2319.0,7384.0,0.0,0.0,1604.0,715.0,0.0,1018.0
2.0,16031.0,0.0,2242.0,5932.0,0.0,0.0,1527.0,715.0,0.0,0.0
2.0,21963.0,936.0,2171.0,2060.0,0.0,0.0,1456.0,715.0,936.0,0.0
2.0,23087.0,2513.0,2143.0,0.0,0.0,0.0,1431.0,712.0,2513.0,0.0
2.0,20574.0,4096.0,2178.0,0.0,0.0,0.0,1482.0,696.0,4096.0,0.0
2.0,16478.0,4739.0,2242.0,0.0,0.0,0.0,1574.0,668.0,4739.0,0.0
2.0,11739.0,3995.0,2280.0,0.0,3656.0,3656.0,1647.0,633.0,3812.0,183.0
2.0,7744.0,2159.0,2286.0,0.0,5845.0,5845.0,1672.0,614.0,1298.0,861.0
2.0,5585.0,1540.0,2295.0,0.0,7430.0,7430.0,1672.0,623.0,0.0,1540.0
2.0,4045.0,2036.0,2334.0,3656.0,6005.0,6005.0,1672.0,662.0,0.0,2036.0
2.0,5665.0,1860.0,2353.0,5845.0,2115.0,2115.0,1655.0,698.0,0.0,1860.0
2.0,9650.0,1001.0,2324.0,7430.0,0.0,0.0,1607.0,717.0,0.0,1001.0
2.0,16079.0,0.0,2247.0,6005.0,0.0,0.0,1530.0,717.0,0.0,0.0
2.0,22084.0,993.0,2175.0,2115.0,0.0,0.0,1458.0,717.0,993.0,0.0
2.0,23206.0,2588.0,2149.0,0.0,0.0,0.0,1435.0,714.0,2588.0,0.0
2.0,20618.0,4189.0,2187.0,0.0,0.0,0.0,1489.0,698.0,4189.0,0.0
2.0,16429.0,4794.0,2250.0,0.0,0.0,0.0,1581.0,669.0,4794.0,0.0
2.0,11635.0,4021.0,2289.0,0.0,3831.0,3831.0,1655.0,634.0,3811.0,210.0
2.0,7614.0,2120.0,2293.0,0.0,5971.0,5971.0,1678.0,615.0,1224.0,896.0
2.0,5494.0,1583.0,2304.0,0.0,7609.0,7609.0,1678.0,626.0,0.0,1583.0
2.0,3911.0,2065.0,2344.0,3831.0,6043.0,6043.0,1678.0,666.0,0.0,2065.0
2.0,5677.0,1857.0,2361.0,5971.0,2014.0,2014.0,1660.0,701.0,0.0,1857.0
2.0,9791.0,963.0,2331.0,7609.0,0.0,0.0,1611.0,720.0,0.0,963.0
2.0,16437.0,0.0,2251.0,6043.0,0.0,0.0,1531.0,720.0,0.0,0.0
2.0,22480.0,1048.0,2180.0,2014.0,0.0,0.0,1460.0,720.0,1048.0,0.0
2.0,23446.0,2658.0,2154.0,0.0,0.0,0.0,1438.0,716.0,2658.0,0.0
2.0,20788.0,4273.0,2196.0,0.0,0.0,0.0,1496.0,700.0,4273.0,0.0
2.0,16515.0,4836.0,2259.0,0.0,0.0,0.0,1589.0,670.0,4836.0,0.0
2.0,11679.0,4015.0,2297.0,0.0,3821.0,3821.0,1662.0,635.0,3794.0,221.0
2.0,7664.0,2043.0,2299.0,0.0,5874.0,5874.0,1683.0,616.0,1132.0,911.0
2.0,5621.0,1606.0,2311.0,0.0,7540.0,7540.0,1683.0,628.0,0.0,1606.0
2.0,4015.0,2075.0,2351.0,3821.0,5994.0,5994.0,1683.0,668.0,0.0,2075.0
2.0,5761.0,1854.0,2369.0,5874.0,2064.0,2064.0,1665.0,704.0,0.0,1854.0
2.0,9781.0,938.0,2338.0,7540.0,0.0,0.0,1616.0,722.0,0.0,938.0
2.0,16383.0,0.0,2258.0,5994.0,0.0,0.0,1536.0,722.0,0.0,0.0
2.0,22377.0,1044.0,2187.0,2064.0,0.0,0.0,1465.0,722.0,1044.0,0.0
2.0,23397.0,2657.0,2162.0,0.0,0.0,0.0,1443.0,719.0,2657.0,0.0
2.0,20740.0,4264.0,2203.0,0.0,0.0,0.0,1501.0,702.0,4264.0,0.0
2.0,16476.0,4826.0,2267.0,0.0,0.0,0.0,1594.0,673.0,4826.0,0.0
2.0,11650.0,3986.0,2303.0,0.0,3851.0,3851.0,1666.0,637.0,3779.0,207.0
2.0,7664.0,2018.0,2307.0,0.0,5889.0,5889.0,1688.0,619.0,1119.0,899.0
2.0,5646.0,1586.0,2318.0,0.0,7530.0,7530.0,1688.0,630.0,0.0,1586.0
2.0,4060.0,2065.0,2358.0,3851.0,5944.0,5944.0,1688.0,670.0,0.0,2065.0
2.0,5846.0,1852.0,2376.0,5889.0,1997.0,1997.0,1670.0,706.0,0.0,1852.0
2.0,9883.0,952.0,2346.0,7530.0,0.0,0.0,1622.0,724.0,0.0,952.0
2.0,16461.0,0.0,2267.0,5944.0,0.0,0.0,1543.0,724.0,0.0,0.0
2.0,22405.0,1016.0,2196.0,1997.0,0.0,0.0,1472.0,724.0,1016.0,0.0
2.0,23386.0,2620.0,2170.0,0.0,0.0,0.0,1449.0,721.0,2620.0,0.0
2.0,20766.0,4219.0,2209.0,0.0,0.0,0.0,1505.0,704.0,4219.0,0.0
2.0,16547.0,4807.0,2273.0,0.0,0.0,0.0,1598.0,675.0,4807.0,0.0
2.0,11740.0,3989.0,2311.0,0.0,3804.0,3804.0,1671.0,640.0,3786.0,203.0
2.0,7751.0,2059.0,2315.0,0.0,5883.0,5883.0,1693.0,622.0,1171.0,888.0
2.0,5692.0,1573.0,2325.0,0.0,7506.0,7506.0,1693.0,632.0,0.0,1573.0
2.0,4119.0,2055.0,2365.0,3804.0,5957.0,5957.0,1693.0,672.0,0.0,2055.0
2.0,5868.0,1853.0,2383.0,5883.0,2017.0,2017.0,1675.0,708.0,0.0,1853.0
2.0,9898.0,971.0,2353.0,7506.0,0.0,0.0,1627.0,726.0,0.0,971.0
2.0,16433.0,0.0,2274.0,5957.0,0.0,0.0,1548.0,726.0,0.0,0.0
2.0,22390.0,1024.0,2203.0,2017.0,0.0,0.0,1477.0,726.0,1024.0,0.0
2.0,23383.0,2634.0,2177.0,0.0,0.0,0.0,1454.0,723.0,2634.0,0.0
2.0,20749.0,4240.0,2216.0,0.0,0.0,0.0,1510.0,706.0,4240.0,0.0
2.0,16509.0,4829.0,2280.0,0.0,0.0,0.0,1603.0,677.0,4829.0,0.0
2.0,11680.0,4031.0,2319.0,0.0,3946.0,3946.0,1677.0,642.0,3805.0,226.0
2.0,7649.0,2097.0,2323.0,0.0,6063.0,6063.0,1699.0,624.0,1181.0,916.0
2.0,5552.0,1607.0,2334.0,0.0,7725.0,7725.0,1699.0,635.0,0.0,1607.0
2.0,3945.0,2073.0,2374.0,3946.0,6052.0,6052.0,1699.0,675.0,0.0,2073.0
2.0,5818.0,1855.0,2391.0,6063.0,1929.0,1929.0,1680.0,711.0,0.0,1855.0
2.0,10026.0,942.0,2359.0,7725.0,0.0,0.0,1630.0,729.0,0.0,942.0
2.0,16809.0,0.0,2279.0,6052.0,0.0,0.0,1550.0,729.0,0.0,0.0
2.0,22861.0,1084.0,2207.0,1929.0,0.0,0.0,1478.0,729.0,1084.0,0.0
2.0,23706.0,2713.0,2182.0,0.0,0.0,0.0,1457.0,725.0,2713.0,0.0
2.0,20993.0,4339.0,2225.0,0.0,0.0,0.0,1517.0,708.0,4339.0,0.0
2.0,16654.0,4887.0,2288.0,0.0,0.0,0.0,1611.0,677.0,4887.0,0.0
2.0,11767.0,4057.0,2326.0,0.0,3920.0,3920.0,1684.0,642.0,3803.0,254.0
2.0,7710.0,2051.0,2331.0,0.0,5996.0,5996.0,1706.0,625.0,1099.0,952.0
2.0,5659.0,1651.0,2344.0,0.0,7712.0,7712.0,1706.0,638.0,0.0,1651.0
2.0,4008.0,2101.0,2385.0,3920.0,6098.0,6098.0,1706.0,679.0,0.0,2101.0
2.0,5827.0,1849.0,2399.0,5996.0,2021.0,2021.0,1685.0,714.0,0.0,1849.0
2.0,9974.0,898.0,2365.0,7712.0,0.0,0.0,1634.0,731.0,0.0,898.0
2.0,16788.0,0.0,2283.0,6098.0,0.0,0.0,1552.0,731.0,0.0,0.0
2.0,22886.0,1127.0,2212.0,2021.0,0.0,0.0,1481.0,731.0,1127.0,0.0
2.0,23780.0,2762.0,2188.0,0.0,0.0,0.0,1461.0,727.0,2762.0,0.0
2.0,21018.0,4402.0,2234.0,0.0,0.0,0.0,1524.0,710.0,4402.0,0.0
2.0,16616.0,4910.0,2297.0,0.0,0.0,0.0,1618.0,679.0,4910.0,0.0
2.0,11706.0,4042.0,2335.0,0.0,4011.0,4011.0,1691.0,644.0,3783.0,259.0
2.0,7664.0,1979.0,2338.0,0.0,6005.0,6005.0,1711.0,627.0,1020.0,959.0
2.0,5685.0,1664.0,2352.0,0.0,7739.0,7739.0,1711.0,641.0,0.0,1664.0
2.0,4021.0,2105.0,2392.0,4011.0,6033.0,6033.0,1711.0,681.0,0.0,2105.0
2.0,5927.0,1845.0,2407.0,6005.0,1948.0,1948.0,1690.0,717.0,0.0,1845.0
2.0,10087.0,880.0,2372.0,7739.0,0.0,0.0,1639.0,733.0,0.0,880.0
2.0,16946.0,0.0,2290.0,6033.0,0.0,0.0,1557.0,733.0,0.0,0.0
2.0,22979.0,1115.0,2219.0,1948.0,0.0,0.0,1486.0,733.0,1115.0,0.0
2.0,23812.0,2744.0,2195.0,0.0,0.0,0.0,1466.0,729.0,2744.0,0.0
2.0,21068.0,4377.0,2241.0,0.0,0.0,0.0,1529.0,712.0,4377.0,0.0
2.0,16691.0,4889.0,2305.0,0.0,0.0,0.0,1623.0,682.0,4889.0,0.0
2.0,11802.0,4018.0,2342.0,0.0,3926.0,3926.0,1695.0,647.0,3776.0,242.0
2.0,7784.0,1968.0,2344.0,0.0,5904.0,5904.0,1715.0,629.0,1025.0,943.0
2.0,5816.0,1639.0,2357.0,0.0,7608.0,7608.0,1715.0,642.0,0.0,1639.0
2.0,4177.0,2093.0,2398.0,3926.0,5980.0,5980.0,1715.0,683.0,0.0,2093.0
2.0,6010.0,1846.0,2414.0,5904.0,2002.0,2002.0,1696.0,718.0,0.0,1846.0
2.0,10068.0,902.0,2380.0,7608.0,0.0,0.0,1645.0,735.0,0.0,902.0
2.0,16774.0,0.0,2299.0,5980.0,0.0,0.0,1564.0,735.0,0.0,0.0
2.0,22754.0,1092.0,2228.0,2002.0,0.0,0.0,1493.0,735.0,1092.0,0.0
2.0,23664.0,2715.0,2204.0,0.0,0.0,0.0,1472.0,732.0,2715.0,0.0
2.0,20949.0,4343.0,2247.0,0.0,0.0,0.0,1533.0,714.0,4343.0,0.0
2.0,16606.0,4875.0,2311.0,0.0,0.0,0.0,1627.0,684.0,4875.0,0.0
2.0,11731.0,4032.0,2349.0,0.0,4046.0,4046.0,1700.0,649.0,3789.0,243.0
2.0,7699.0,2010.0,2352.0,0.0,6071.0,6071.0,1720.0,632.0,1071.0,939.0
2.0,5689.0,1635.0,2365.0,0.0,7771.0,7771.0,1720.0,645.0,0.0,1635.0
2.0,4054.0,2089.0,2405.0,4046.0,6014.0,6014.0,1720.0,685.0,0.0,2089.0
2.0,6011.0,1847.0,2421.0,6071.0,1870.0,1870.0,1701.0,720.0,0.0,1847.0
2.0,10235.0,915.0,2388.0,7771.0,0.0,0.0,1650.0,738.0,0.0,915.0
2.0,17091.0,0.0,2306.0,6014.0,0.0,0.0,1568.0,738.0,0.0,0.0
2.0,23105.0,1124.0,2235.0,1870.0,0.0,0.0,1497.0,738.0,1124.0,0.0
2.0,23851.0,2758.0,2211.0,0.0,0.0,0.0,1477.0,734.0,2758.0,0.0
2.0,21093.0,4399.0,2255.0,0.0,0.0,0.0,1539.0,716.0,4399.0,0.0
2.0,16694.0,4913.0,2318.0,0.0,0.0,0.0,1633.0,685.0,4913.0,0.0
2.0,11781.0,4071.0,2356.0,0.0,4070.0,4070.0,1706.0,650.0,3799.0,272.0
2.0,7710.0,2016.0,2359.0,0.0,6101.0,6101.0,1726.0,633.0,1041.0,975.0
2.0,5694.0,1679.0,2374.0,0.0,7855.0,7855.0,1726.0,648.0,0.0,1679.0
2.0,4015.0,2112.0,2414.0,4070.0,6097.0,6097.0,1726.0,688.0,0.0,2112.0
2.0,5973.0,1848.0,2430.0,6101.0,1924.0,1924.0,1706.0,724.0,0.0,1848.0
2.0,10226.0,875.0,2394.0,7855.0,0.0,0.0,1653.0,741.0,0.0,875.0
2.0,17206.0,0.0,2311.0,6097.0,0.0,0.0,1570.0,741.0,0.0,0.0
2.0,23303.0,1189.0,2240.0,1924.0,0.0,0.0,1499.0,741.0,1189.0,0.0
2.0,24038.0,2847.0,2216.0,0.0,0.0,0.0,1480.0,736.0,2847.0,0.0
2.0,21191.0,4502.0,2263.0,0.0,0.0,0.0,1546.0,717.0,4502.0,0.0
2.0,16689.0,4974.0,2328.0,0.0,0.0,0.0,1642.0,686.0,4974.0,0.0
2.0,11715.0,4080.0,2365.0,0.0,4190.0,4190.0,1714.0,651.0,3784.0,296.0
2.0,7635.0,1946.0,2367.0,0.0,6146.0,6146.0,1732.0,635.0,940.0,1006.0
2.0,5689.0,1717.0,2382.0,0.0,7938.0,7938.0,1732.0,650.0,0.0,1717.0
2.0,3972.0,2137.0,2424.0,4190.0,6095.0,6095.0,1732.0,692.0,0.0,2137.0
2.0,6025.0,1842.0,2438.0,6146.0,1861.0,1861.0,1711.0,727.0,0.0,1842.0
2.0,10329.0,836.0,2401.0,7938.0,0.0,0.0,1658.0,743.0,0.0,836.0
2.0,17431.0,0.0,2316.0,6095.0,0.0,0.0,1573.0,743.0,0.0,0.0
2.0,23526.0,1213.0,2245.0,1861.0,0.0,0.0,1502.0,743.0,1213.0,0.0
2.0,24174.0,2877.0,2222.0,0.0,0.0,0.0,1484.0,738.0,2877.0,0.0
2.0,21297.0,4536.0,2272.0,0.0,0.0,0.0,1552.0,720.0,4536.0,0.0
2.0,16761.0,4986.0,2336.0,0.0,0.0,0.0,1648.0,688.0,4986.0,0.0
2.0,11775.0,4057.0,2373.0,0.0,4147.0,4147.0,1720.0,653.0,3767.0,290.0
2.0,7718.0,1893.0,2374.0,0.0,6045.0,6045.0,1738.0,636.0,893.0,1000.0
2.0,5825.0,1715.0,2391.0,0.0,7845.0,7845.0,1738.0,653.0,0.0,1715.0
2.0,4110.0,2134.0,2432.0,4147.0,6037.0,6037.0,1738.0,694.0,0.0,2134.0
2.0,6123.0,1843.0,2445.0,6045.0,1900.0,1900.0,1716.0,729.0,0.0,1843.0
2.0,10325.0,836.0,2408.0,7845.0,0.0,0.0,1663.0,745.0,0.0,836.0
2.0,17334.0,0.0,2324.0,6037.0,0.0,0.0,1579.0,745.0,0.0,0.0
2.0,23371.0,1179.0,2253.0,1900.0,0.0,0.0,1508.0,745.0,1179.0,0.0
2.0,24092.0,2835.0,2230.0,0.0,0.0,0.0,1490.0,740.0,2835.0,0.0
2.0,21257.0,4485.0,2278.0,0.0,0.0,0.0,1556.0,722.0,4485.0,0.0
2.0,16772.0,4960.0,2343.0,0.0,0.0,0.0,1652.0,691.0,4960.0,0.0
2.0,11812.0,4045.0,2380.0,0.0,4133.0,4133.0,1724.0,656.0,3774.0,271.0
2.0,7767.0,1924.0,2381.0,0.0,6062.0,6062.0,1742.0,639.0,942.0,982.0
2.0,5843.0,1688.0,2396.0,0.0,7825.0,7825.0,1742.0,654.0,0.0,1688.0
2.0,4155.0,2123.0,2437.0,4133.0,6020.0,6020.0,1742.0,695.0,0.0,2123.0
2.0,6165.0,1847.0,2452.0,6062.0,1880.0,1880.0,1721.0,731.0,0.0,1847.0
2.0,10380.0,870.0,2416.0,7825.0,0.0,0.0,1669.0,747.0,0.0,870.0
2.0,17335.0,0.0,2333.0,6020.0,0.0,0.0,1586.0,747.0,0.0,0.0
2.0,23355.0,1165.0,2261.0,1880.0,0.0,0.0,1514.0,747.0,1165.0,0.0
2.0,24070.0,2813.0,2239.0,0.0,0.0,0.0,1496.0,743.0,2813.0,0.0
2.0,21257.0,4467.0,2286.0,0.0,0.0,0.0,1561.0,725.0,4467.0,0.0
2.0,16790.0,4952.0,2349.0,0.0,0.0,0.0,1656.0,693.0,4952.0,0.0
2.0,11838.0,4063.0,2387.0,0.0,4160.0,4160.0,1729.0,658.0,3790.0,273.0
2.0,7775.0,1961.0,2390.0,0.0,6136.0,6136.0,1748.0,642.0,980.0,981.0
2.0,5814.0,1689.0,2404.0,0.0,7895.0,7895.0,1748.0,656.0,0.0,1689.0
2.0,4125.0,2125.0,2445.0,4160.0,6065.0,6065.0,1748.0,697.0,0.0,2125.0
2.0,6160.0,1859.0,2459.0,6136.0,1858.0,1858.0,1726.0,733.0,0.0,1859.0
2.0,10437.0,880.0,2423.0,7895.0,0.0,0.0,1673.0,750.0,0.0,880.0
2.0,17452.0,0.0,2339.0,6065.0,0.0,0.0,1589.0,750.0,0.0,0.0
2.0,23517.0,1219.0,2267.0,1858.0,0.0,0.0,1517.0,750.0,1219.0,0.0
2.0,24156.0,2883.0,2245.0,0.0,0.0,0.0,1500.0,745.0,2883.0,0.0
2.0,21273.0,4554.0,2293.0,0.0,0.0,0.0,1567.0,726.0,4554.0,0.0
2.0,16719.0,5002.0,2358.0,0.0,73.0,73.0,1664.0,694.0,5002.0,0.0
2.0,11717.0,4093.0,2396.0,0.0,4356.0,4356.0,1737.0,659.0,3793.0,300.0
2.0,7624.0,1926.0,2397.0,0.0,6287.0,6287.0,1754.0,643.0,910.0,1016.0
2.0,5698.0,1733.0,2413.0,73.0,8027.0,8027.0,1754.0,659.0,0.0,1733.0
2.0,4038.0,2150.0,2455.0,4356.0,6031.0,6031.0,1754.0,701.0,0.0,2150.0
2.0,6244.0,1857.0,2467.0,6287.0,1661.0,1661.0,1731.0,736.0,0.0,1857.0
2.0,10674.0,843.0,2429.0,8027.0,0.0,0.0,1676.0,753.0,0.0,843.0
2.0,17858.0,0.0,2343.0,6031.0,0.0,0.0,1590.0,753.0,0.0,0.0
2.0,23889.0,1279.0,2272.0,1661.0,0.0,0.0,1519.0,753.0,1279.0,0.0
2.0,24271.0,2960.0,2250.0,0.0,0.0,0.0,1503.0,747.0,2960.0,0.0
2.0,21311.0,4647.0,2302.0,0.0,0.0,0.0,1574.0,728.0,4647.0,0.0
2.0,16664.0,5051.0,2366.0,0.0,217.0,217.0,1671.0,695.0,5051.0,0.0
2.0,11613.0,4099.0,2404.0,0.0,4506.0,4506.0,1744.0,660.0,3779.0,320.0
2.0,7514.0,1857.0,2404.0,0.0,6363.0,6363.0,1760.0,644.0,816.0,1041.0
2.0,5657.0,1762.0,2422.0,217.0,7998.0,7998.0,1760.0,662.0,0.0,1762.0
2.0,4112.0,2168.0,2464.0,4506.0,5870.0,5870.0,1760.0,704.0,0.0,2168.0
2.0,6450.0,1848.0,2475.0,6363.0,1410.0,1410.0,1736.0,739.0,0.0,1848.0
2.0,10965.0,807.0,2436.0,7998.0,0.0,0.0,1681.0,755.0,0.0,807.0
2.0,18156.0,0.0,2349.0,5870.0,0.0,0.0,1594.0,755.0,0.0,0.0
2.0,24026.0,1287.0,2278.0,1410.0,0.0,0.0,1523.0,755.0,1287.0,0.0
2.0,24149.0,2969.0,2256.0,0.0,0.0,0.0,1507.0,749.0,2969.0,0.0
2.0,21180.0,4655.0,2310.0,0.0,0.0,0.0,1580.0,730.0,4655.0,0.0
2.0,16525.0,5048.0,2374.0,0.0,393.0,393.0,1677.0,697.0,5048.0,0.0
2.0,11477.0,4076.0,2411.0,0.0,4654.0,4654.0,1749.0,662.0,3764.0,312.0
2.0,7401.0,1819.0,2410.0,0.0,6468.0,6468.0,1764.0,646.0,788.0,1031.0
2.0,5582.0,1755.0,2428.0,393.0,7920.0,7920.0,1764.0,664.0,0.0,1755.0
2.0,4220.0,2161.0,2470.0,4654.0,5637.0,5637.0,1764.0,706.0,0.0,2161.0
2.0,6713.0,1848.0,2483.0,6468.0,1082.0,1082.0,1742.0,741.0,0.0,1848.0
2.0,11333.0,811.0,2444.0,7920.0,0.0,0.0,1687.0,757.0,0.0,811.0
2.0,18442.0,0.0,2358.0,5637.0,0.0,0.0,1601.0,757.0,0.0,0.0
2.0,24079.0,1256.0,2287.0,1082.0,0.0,0.0,1530.0,757.0,1256.0,0.0
2.0,23905.0,2934.0,2266.0,0.0,0.0,0.0,1514.0,752.0,2934.0,0.0
2.0,20971.0,4606.0,2317.0,0.0,0.0,0.0,1584.0,733.0,4606.0,0.0
2.0,16365.0,5027.0,2381.0,0.0,567.0,567.0,1681.0,700.0,5027.0,0.0
2.0,11338.0,4060.0,2418.0,0.0,4812.0,4812.0,1753.0,665.0,3765.0,295.0
2.0,7278.0,1846.0,2418.0,0.0,6658.0,6658.0,1769.0,649.0,830.0,1016.0
2.0,5432.0,1732.0,2435.0,567.0,7908.0,7908.0,1769.0,666.0,0.0,1732.0
2.0,4267.0,2153.0,2476.0,4812.0,5454.0,5454.0,1769.0,707.0,0.0,2153.0
2.0,6926.0,1853.0,2490.0,6658.0,719.0,719.0,1747.0,743.0,0.0,1853.0
2.0,11731.0,838.0,2452.0,7908.0,0.0,0.0,1693.0,759.0,0.0,838.0
2.0,18801.0,0.0,2366.0,5454.0,0.0,0.0,1607.0,759.0,0.0,0.0
2.0,24255.0,1258.0,2295.0,719.0,0.0,0.0,1536.0,759.0,1258.0,0.0
2.0,23716.0,2938.0,2273.0,0.0,0.0,0.0,1519.0,754.0,2938.0,0.0
2.0,20778.0,4615.0,2324.0,0.0,0.0,0.0,1589.0,735.0,4615.0,0.0
2.0,16163.0,5040.0,2388.0,0.0,817.0,817.0,1686.0,702.0,5040.0,0.0
2.0,11123.0,4093.0,2426.0,0.0,5100.0,5100.0,1759.0,667.0,3781.0,312.0
2.0,7030.0,1884.0,2426.0,0.0,6984.0,6984.0,1775.0,651.0,852.0,1032.0
2.0,5146.0,1753.0,2443.0,817.0,8005.0,8005.0,1775.0,668.0,0.0,1753.0
2.0,4210.0,2163.0,2485.0,5100.0,5278.0,5278.0,1775.0,710.0,0.0,2163.0
2.0,7147.0,1853.0,2497.0,6984.0,207.0,207.0,1752.0,745.0,0.0,1853.0
2.0,12278.0,828.0,2457.0,8005.0,0.0,0.0,1696.0,761.0,0.0,828.0
2.0,19455.0,0.0,2370.0,5278.0,0.0,0.0,1609.0,761.0,0.0,0.0
2.0,24733.0,1312.0,2299.0,207.0,0.0,0.0,1538.0,761.0,1312.0,0.0
2.0,23628.0,3011.0,2279.0,0.0,0.0,0.0,1523.0,756.0,3011.0,0.0
2.0,20617.0,4706.0,2332.0,0.0,0.0,0.0,1596.0,736.0,4706.0,0.0
2.0,15911.0,5096.0,2397.0,0.0,1170.0,1170.0,1694.0,703.0,5096.0,0.0
2.0,10815.0,4129.0,2434.0,0.0,5484.0,5484.0,1766.0,668.0,3784.0,345.0
2.0,6686.0,1856.0,2434.0,0.0,7340.0,7340.0,1781.0,653.0,783.0,1073.0
2.0,4830.0,1802.0,2452.0,1170.0,8062.0,8062.0,1781.0,671.0,0.0,1802.0
2.0,4198.0,2187.0,2494.0,5484.0,4975.0,4975.0,1781.0,713.0,0.0,2187.0
2.0,7495.0,1849.0,2506.0,7340.0,0.0,0.0,1757.0,749.0,0.0,1849.0
2.0,12986.0,778.0,2464.0,8062.0,0.0,0.0,1700.0,764.0,0.0,778.0
2.0,20270.0,0.0,2375.0,4975.0,0.0,0.0,1611.0,764.0,0.0,0.0
2.0,25245.0,1362.0,2304.0,0.0,0.0,0.0,1540.0,764.0,1362.0,0.0
2.0,23883.0,3070.0,2284.0,0.0,0.0,0.0,1526.0,758.0,3070.0,0.0
2.0,20813.0,4778.0,2340.0,0.0,0.0,0.0,1602.0,738.0,4778.0,0.0
2.0,16035.0,5129.0,2405.0,0.0,1119.0,1119.0,1701.0,704.0,5129.0,0.0
2.0,10906.0,4126.0,2442.0,0.0,5430.0,5430.0,1773.0,669.0,3767.0,359.0
2.0,6780.0,1793.0,2442.0,0.0,7223.0,7223.0,1787.0,655.0,702.0,1091.0
2.0,4987.0,1823.0,2461.0,1119.0,8022.0,8022.0,1787.0,674.0,0.0,1823.0
2.0,4283.0,2200.0,2503.0,5430.0,5002.0,5002.0,1787.0,716.0,0.0,2200.0
2.0,7513.0,1840.0,2514.0,7223.0,0.0,0.0,1762.0,752.0,0.0,1840.0
2.0,12896.0,748.0,2471.0,8022.0,0.0,0.0,1705.0,766.0,0.0,748.0
2.0,20170.0,0.0,2381.0,5002.0,0.0,0.0,1615.0,766.0,0.0,0.0
2.0,25172.0,1357.0,2310.0,0.0,0.0,0.0,1544.0,766.0,1357.0,0.0
2.0,23815.0,3061.0,2291.0,0.0,0.0,0.0,1531.0,760.0,3061.0,0.0
2.0,20754.0,4769.0,2347.0,0.0,0.0,0.0,1607.0,740.0,4769.0,0.0
2.0,15985.0,5114.0,2413.0,0.0,1194.0,1194.0,1706.0,707.0,5114.0,0.0
2.0,10871.0,4098.0,2450.0,0.0,5477.0,5477.0,1778.0,672.0,3754.0,344.0
2.0,6773.0,1762.0,2448.0,0.0,7229.0,7229.0,1791.0,657.0,690.0,1072.0
2.0,5011.0,1805.0,2467.0,1194.0,7935.0,7935.0,1791.0,676.0,0.0,1805.0
2.0,4400.0,2189.0,2509.0,5477.0,4857.0,4857.0,1791.0,718.0,0.0,2189.0
2.0,7688.0,1844.0,2520.0,7229.0,0.0,0.0,1767.0,753.0,0.0,1844.0
2.0,13073.0,766.0,2479.0,7935.0,0.0,0.0,1711.0,768.0,0.0,766.0
2.0,20242.0,0.0,2390.0,4857.0,0.0,0.0,1622.0,768.0,0.0,0.0
2.0,25099.0,1332.0,2319.0,0.0,0.0,0.0,1551.0,768.0,1332.0,0.0
2.0,23767.0,3028.0,2299.0,0.0,0.0,0.0,1537.0,762.0,3028.0,0.0
2.0,20739.0,4729.0,2355.0,0.0,0.0,0.0,1612.0,743.0,4729.0,0.0
2.0,16010.0,5093.0,2420.0,0.0,1183.0,1183.0,1710.0,710.0,5093.0,0.0
2.0,10917.0,4098.0,2457.0,0.0,5466.0,5466.0,1782.0,675.0,3766.0,332.0
2.0,6819.0,1797.0,2455.0,0.0,7253.0,7253.0,1796.0,659.0,733.0,1064.0
2.0,5022.0,1791.0,2474.0,1183.0,7956.0,7956.0,1796.0,678.0,0.0,1791.0
2.0,4414.0,2186.0,2516.0,5466.0,4886.0,4886.0,1796.0,720.0,0.0,2186.0
2.0,7694.0,1850.0,2527.0,7253.0,0.0,0.0,1772.0,755.0,0.0,1850.0
2.0,13097.0,787.0,2486.0,7956.0,0.0,0.0,1716.0,770.0,0.0,787.0
2.0,20266.0,0.0,2397.0,4886.0,0.0,0.0,1627.0,770.0,0.0,0.0
2.0,25152.0,1352.0,2326.0,0.0,0.0,0.0,1556.0,770.0,1352.0,0.0
2.0,23800.0,3056.0,2306.0,0.0,0.0,0.0,1542.0,764.0,3056.0,0.0
2.0,20744.0,4766.0,2362.0,0.0,0.0,0.0,1617.0,745.0,4766.0,0.0
2.0,15978.0,5121.0,2427.0,0.0,1278.0,1278.0,1716.0,711.0,5121.0,0.0
2.0,10857.0,4134.0,2464.0,0.0,5597.0,5597.0,1788.0,676.0,3778.0,356.0
2.0,6723.0,1811.0,2464.0,0.0,7408.0,7408.0,1802.0,662.0,722.0,1089.0
2.0,4912.0,1823.0,2483.0,1278.0,8048.0,8048.0,1802.0,681.0,0.0,1823.0
2.0,4367.0,2201.0,2525.0,5597.0,4862.0,4862.0,1802.0,723.0,0.0,2201.0
2.0,7763.0,1852.0,2536.0,7408.0,0.0,0.0,1777.0,759.0,0.0,1852.0
2.0,13319.0,765.0,2492.0,8048.0,0.0,0.0,1719.0,773.0,0.0,765.0
2.0,20602.0,0.0,2402.0,4862.0,0.0,0.0,1629.0,773.0,0.0,0.0
2.0,25464.0,1417.0,2331.0,0.0,0.0,0.0,1558.0,773.0,1417.0,0.0
2.0,24047.0,3140.0,2313.0,0.0,0.0,0.0,1546.0,767.0,3140.0,0.0
2.0,20907.0,4870.0,2370.0,0.0,0.0,0.0,1624.0,746.0,4870.0,0.0
2.0,16037.0,5179.0,2435.0,0.0,1317.0,1317.0,1724.0,711.0,5179.0,0.0
2.0,10858.0,4153.0,2473.0,0.0,5660.0,5660.0,1796.0,677.0,3771.0,382.0
2.0,6705.0,1753.0,2471.0,0.0,7403.0,7403.0,1808.0,663.0,630.0,1123.0
2.0,4952.0,1864.0,2492.0,1317.0,8055.0,8055.0,1808.0,684.0,0.0,1864.0
2.0,4405.0,2223.0,2534.0,5660.0,4828.0,4828.0,1808.0,726.0,0.0,2223.0
2.0,7842.0,1847.0,2544.0,7403.0,0.0,0.0,1782.0,762.0,0.0,1847.0
2.0,13398.0,725.0,2499.0,8055.0,0.0,0.0,1723.0,776.0,0.0,725.0
2.0,20728.0,0.0,2407.0,4828.0,0.0,0.0,1631.0,776.0,0.0,0.0
2.0,25556.0,1454.0,2337.0,0.0,0.0,0.0,1561.0,776.0,1454.0,0.0
2.0,24102.0,3192.0,2319.0,0.0,0.0,0.0,1550.0,769.0,3192.0,0.0
2.0,20910.0,4924.0,2379.0,0.0,0.0,0.0,1631.0,748.0,4924.0,0.0
2.0,15986.0,5207.0,2444.0,0.0,1441.0,1441.0,1731.0,713.0,5207.0,0.0
2.0,10779.0,4134.0,2481.0,0.0,5760.0,5760.0,1803.0,678.0,3747.0,387.0
2.0,6645.0,1688.0,2478.0,0.0,7433.0,7433.0,1814.0,664.0,559.0,1129.0
2.0,4957.0,1870.0,2500.0,1441.0,7972.0,7972.0,1814.0,686.0,0.0,1870.0
2.0,4528.0,2229.0,2543.0,5760.0,4656.0,4656.0,1814.0,729.0,0.0,2229.0
2.0,8059.0,1841.0,2552.0,7433.0,0.0,0.0,1788.0,764.0,0.0,1841.0
2.0,13651.0,711.0,2507.0,7972.0,0.0,0.0,1729.0,778.0,0.0,711.0
2.0,20912.0,0.0,2415.0,4656.0,0.0,0.0,1637.0,778.0,0.0,0.0
2.0,25568.0,1426.0,2344.0,0.0,0.0,0.0,1566.0,778.0,1426.0,0.0
2.0,24142.0,3156.0,2326.0,0.0,0.0,0.0,1555.0,771.0,3156.0,0.0
2.0,20986.0,4880.0,2386.0,0.0,0.0,0.0,1635.0,751.0,4880.0,0.0
2.0,16106.0,5182.0,2451.0,0.0,1331.0,1331.0,1735.0,716.0,5182.0,0.0
2.0,10924.0,4118.0,2488.0,0.0,5634.0,5634.0,1807.0,681.0,3749.0,369.0
2.0,6806.0,1703.0,2485.0,0.0,7322.0,7322.0,1818.0,667.0,596.0,1107.0
2.0,5103.0,1849.0,2506.0,1331.0,7945.0,7945.0,1818.0,688.0,0.0,1849.0
2.0,4585.0,2217.0,2548.0,5634.0,4738.0,4738.0,1818.0,730.0,0.0,2217.0
2.0,8002.0,1847.0,2559.0,7322.0,0.0,0.0,1793.0,766.0,0.0,1847.0
2.0,13477.0,735.0,2515.0,7945.0,0.0,0.0,1735.0,780.0,0.0,735.0
2.0,20687.0,0.0,2424.0,4738.0,0.0,0.0,1644.0,780.0,0.0,0.0
2.0,25425.0,1401.0,2353.0,0.0,0.0,0.0,1573.0,780.0,1401.0,0.0
2.0,24024.0,3126.0,2333.0,0.0,0.0,0.0,1560.0,773.0,3126.0,0.0
2.0,20898.0,4847.0,2392.0,0.0,0.0,0.0,1639.0,753.0,4847.0,0.0
2.0,16051.0,5172.0,2458.0,0.0,1411.0,1411.0,1739.0,719.0,5172.0,0.0
2.0,10879.0,4132.0,2495.0,0.0,5728.0,5728.0,1811.0,684.0,3768.0,364.0
2.0,6747.0,1756.0,2493.0,0.0,7474.0,7474.0,1824.0,669.0,649.0,1107.0
2.0,4991.0,1846.0,2514.0,1411.0,8014.0,8014.0,1824.0,690.0,0.0,1846.0
2.0,4556.0,2221.0,2556.0,5728.0,4717.0,4717.0,1824.0,732.0,0.0,2221.0
2.0,8063.0,1854.0,2566.0,7474.0,0.0,0.0,1798.0,768.0,0.0,1854.0
2.0,13683.0,748.0,2521.0,8014.0,0.0,0.0,1739.0,782.0,0.0,748.0
2.0,20949.0,0.0,2429.0,4717.0,0.0,0.0,1647.0,782.0,0.0,0.0
2.0,25666.0,1438.0,2359.0,0.0,0.0,0.0,1577.0,782.0,1438.0,0.0
2.0,24228.0,3171.0,2340.0,0.0,0.0,0.0,1565.0,775.0,3171.0,0.0
2.0,21057.0,4911.0,2400.0,0.0,0.0,0.0,1645.0,755.0,4911.0,0.0
2.0,16146.0,5209.0,2465.0,0.0,1388.0,1388.0,1746.0,719.0,5209.0,0.0
2.0,10937.0,4168.0,2503.0,0.0,5746.0,5746.0,1818.0,685.0,3776.0,392.0
2.0,6769.0,1748.0,2501.0,0.0,7484.0,7484.0,1830.0,671.0,610.0,1138.0
2.0,5021.0,1884.0,2522.0,1388.0,8085.0,8085.0,1830.0,692.0,0.0,1884.0
2.0,4525.0,2239.0,2566.0,5746.0,4798.0,4798.0,1830.0,736.0,0.0,2239.0
2.0,8032.0,1849.0,2574.0,7484.0,0.0,0.0,1803.0,771.0,0.0,1849.0
2.0,13667.0,719.0,2527.0,8085.0,0.0,0.0,1742.0,785.0,0.0,719.0
2.0,21033.0,0.0,2434.0,4798.0,0.0,0.0,1649.0,785.0,0.0,0.0
2.0,25831.0,1508.0,2363.0,0.0,0.0,0.0,1578.0,785.0,1508.0,0.0
2.0,24323.0,3260.0,2346.0,0.0,0.0,0.0,1568.0,778.0,3260.0,0.0
2.0,21063.0,5018.0,2409.0,0.0,0.0,0.0,1653.0,756.0,5018.0,0.0
2.0,16045.0,5264.0,2474.0,0.0,1589.0,1589.0,1754.0,720.0,5264.0,0.0
2.0,10781.0,4184.0,2511.0,0.0,5958.0,5958.0,1826.0,685.0,3764.0,420.0
2.0,6597.0,1674.0,2508.0,0.0,7617.0,7617.0,1836.0,672.0,502.0,1172.0
2.0,4923.0,1924.0,2532.0,1589.0,8072.0,8072.0,1836.0,696.0,0.0,1924.0
2.0,4588.0,2257.0,2575.0,5958.0,4586.0,4586.0,1836.0,739.0,0.0,2257.0
2.0,8289.0,1843.0,2582.0,7617.0,0.0,0.0,1808.0,774.0,0.0,1843.0
2.0,14063.0,672.0,2534.0,8072.0,0.0,0.0,1747.0,787.0,0.0,672.0
2.0,21463.0,0.0,2439.0,4586.0,0.0,0.0,1652.0,787.0,0.0,0.0
2.0,26049.0,1527.0,2368.0,0.0,0.0,0.0,1581.0,787.0,1527.0,0.0
2.0,24522.0,3283.0,2352.0,0.0,0.0,0.0,1572.0,780.0,3283.0,0.0
2.0,21239.0,5043.0,2416.0,0.0,0.0,0.0,1658.0,758.0,5043.0,0.0
2.0,16196.0,5271.0,2482.0,0.0,1485.0,1485.0,1760.0,722.0,5271.0,0.0
2.0,10925.0,4164.0,2519.0,0.0,5834.0,5834.0,1832.0,687.0,3747.0,417.0
2.0,6761.0,1625.0,2515.0,0.0,7439.0,7439.0,1841.0,674.0,457.0,1168.0
2.0,5136.0,1919.0,2539.0,1485.0,7993.0,7993.0,1841.0,698.0,0.0,1919.0
2.0,4702.0,2257.0,2582.0,5834.0,4631.0,4631.0,1841.0,741.0,0.0,2257.0
2.0,8279.0,1839.0,2589.0,7439.0,0.0,0.0,1813.0,776.0,0.0,1839.0
2.0,13879.0,670.0,2541.0,7993.0,0.0,0.0,1752.0,789.0,0.0,670.0
2.0,21202.0,0.0,2448.0,4631.0,0.0,0.0,1659.0,789.0,0.0,0.0
2.0,25833.0,1497.0,2377.0,0.0,0.0,0.0,1588.0,789.0,1497.0,0.0
2.0,24336.0,3244.0,2360.0,0.0,0.0,0.0,1578.0,782.0,3244.0,0.0
2.0,21092.0,4995.0,2424.0,0.0,0.0,0.0,1663.0,761.0,4995.0,0.0
2.0,16097.0,5244.0,2489.0,0.0,1592.0,1592.0,1764.0,725.0,5244.0,0.0
2.0,10853.0,4149.0,2526.0,0.0,5926.0,5926.0,1836.0,690.0,3750.0,399.0
2.0,6704.0,1646.0,2522.0,0.0,7552.0,7552.0,1845.0,677.0,500.0,1146.0
2.0,5058.0,1898.0,2544.0,1592.0,7968.0,7968.0,1845.0,699.0,0.0,1898.0
2.0,4752.0,2246.0,2587.0,5926.0,4503.0,4503.0,1845.0,742.0,0.0,2246.0
2.0,8432.0,1847.0,2596.0,7552.0,0.0,0.0,1818.0,778.0,0.0,1847.0
2.0,14137.0,696.0,2549.0,7968.0,0.0,0.0,1758.0,791.0,0.0,696.0
2.0,21409.0,0.0,2456.0,4503.0,0.0,0.0,1665.0,791.0,0.0,0.0
2.0,25912.0,1487.0,2385.0,0.0,0.0,0.0,1594.0,791.0,1487.0,0.0
2.0,24425.0,3238.0,2368.0,0.0,0.0,0.0,1584.0,784.0,3238.0,0.0
2.0,21187.0,4985.0,2430.0,0.0,0.0,0.0,1667.0,763.0,4985.0,0.0
2.0,16202.0,5246.0,2496.0,0.0,1524.0,1524.0,1768.0,728.0,5246.0,0.0
2.0,10956.0,4164.0,2534.0,0.0,5878.0,5878.0,1841.0,693.0,3762.0,402.0
2.0,6792.0,1685.0,2530.0,0.0,7543.0,7543.0,1851.0,679.0,528.0,1157.0
2.0,5107.0,1908.0,2553.0,1524.0,8042.0,8042.0,1851.0,702.0,0.0,1908.0
2.0,4723.0,2257.0,2596.0,5878.0,4636.0,4636.0,1851.0,745.0,0.0,2257.0
2.0,8344.0,1852.0,2604.0,7543.0,0.0,0.0,1823.0,781.0,0.0,1852.0
2.0,14035.0,697.0,2556.0,8042.0,0.0,0.0,1762.0,794.0,0.0,697.0
2.0,21380.0,0.0,2462.0,4636.0,0.0,0.0,1668.0,794.0,0.0,0.0
2.0,26016.0,1545.0,2391.0,0.0,0.0,0.0,1597.0,794.0,1545.0,0.0
2.0,24471.0,3313.0,2374.0,0.0,0.0,0.0,1588.0,786.0,3313.0,0.0
2.0,21158.0,5077.0,2438.0,0.0,0.0,0.0,1674.0,764.0,5077.0,0.0
2.0,16081.0,5303.0,2504.0,0.0,1742.0,1742.0,1776.0,728.0,5303.0,0.0
2.0,10778.0,4193.0,2542.0,0.0,6125.0,6125.0,1848.0,694.0,3758.0,435.0
2.0,6585.0,1649.0,2538.0,0.0,7754.0,7754.0,1857.0,681.0,456.0,1193.0
2.0,4936.0,1952.0,2562.0,1742.0,8084.0,8084.0,1857.0,705.0,0.0,1952.0
2.0,4726.0,2277.0,2605.0,6125.0,4451.0,4451.0,1857.0,748.0,0.0,2277.0
2.0,8574.0,1844.0,2612.0,7754.0,0.0,0.0,1828.0,784.0,0.0,1844.0
2.0,14484.0,658.0,2562.0,8084.0,0.0,0.0,1765.0,797.0,0.0,658.0
2.0,21910.0,0.0,2466.0,4451.0,0.0,0.0,1669.0,797.0,0.0,0.0
2.0,26361.0,1600.0,2395.0,0.0,0.0,0.0,1598.0,797.0,1600.0,0.0
2.0,24761.0,3384.0,2379.0,0.0,0.0,0.0,1591.0,788.0,3384.0,0.0
2.0,21377.0,5164.0,2447.0,0.0,0.0,0.0,1681.0,766.0,5164.0,0.0
2.0,16213.0,5349.0,2513.0,0.0,1701.0,1701.0,1784.0,729.0,5349.0,0.0
2.0,10864.0,4204.0,2550.0,0.0,6090.0,6090.0,1856.0,694.0,3746.0,458.0
2.0,6660.0,1589.0,2545.0,0.0,7654.0,7654.0,1863.0,682.0,368.0,1221.0
2.0,5071.0,1984.0,2571.0,1701.0,8067.0,8067.0,1863.0,708.0,0.0,1984.0
2.0,4788.0,2289.0,2615.0,6090.0,4486.0,4486.0,1863.0,752.0,0.0,2289.0
2.0,8589.0,1836.0,2620.0,7654.0,0.0,0.0,1833.0,787.0,0.0,1836.0
2.0,14407.0,615.0,2569.0,8067.0,0.0,0.0,1770.0,799.0,0.0,615.0
2.0,21859.0,0.0,2472.0,4486.0,0.0,0.0,1673.0,799.0,0.0,0.0
2.0,26345.0,1597.0,2402.0,0.0,0.0,0.0,1603.0,799.0,1597.0,0.0
2.0,24748.0,3380.0,2387.0,0.0,0.0,0.0,1596.0,791.0,3380.0,0.0
2.0,21368.0,5158.0,2454.0,0.0,0.0,0.0,1686.0,768.0,5158.0,0.0
2.0,16210.0,5343.0,2520.0,0.0,1733.0,1733.0,1789.0,731.0,5343.0,0.0
2.0,10867.0,4189.0,2558.0,0.0,6112.0,6112.0,1861.0,697.0,3739.0,450.0
2.0,6678.0,1571.0,2553.0,0.0,7658.0,7658.0,1868.0,685.0,361.0,1210.0
2.0,5107.0,1970.0,2578.0,1733.0,8020.0,8020.0,1868.0,710.0,0.0,1970.0
2.0,4870.0,2285.0,2622.0,6112.0,4413.0,4413.0,1868.0,754.0,0.0,2285.0
2.0,8697.0,1834.0,2628.0,7658.0,0.0,0.0,1839.0,789.0,0.0,1834.0
2.0,14521.0,623.0,2577.0,8020.0,0.0,0.0,1776.0,801.0,0.0,623.0
2.0,21918.0,0.0,2481.0,4413.0,0.0,0.0,1680.0,801.0,0.0,0.0
2.0,26331.0,1564.0,2411.0,0.0,0.0,0.0,1610.0,801.0,1564.0,0.0
2.0,24767.0,3333.0,2395.0,0.0,0.0,0.0,1602.0,793.0,3333.0,0.0
2.0,21434.0,5107.0,2461.0,0.0,0.0,0.0,1690.0,771.0,5107.0,0.0
2.0,16327.0,5312.0,2527.0,0.0,1620.0,1620.0,1792.0,735.0,5312.0,0.0
2.0,11015.0,4187.0,2565.0,0.0,5997.0,5997.0,1865.0,700.0,3752.0,435.0
2.0,6828.0,1611.0,2559.0,0.0,7578.0,7578.0,1872.0,687.0,413.0,1198.0
2.0,5217.0,1956.0,2583.0,1620.0,8034.0,8034.0,1872.0,711.0,0.0,1956.0
2.0,4881.0,2279.0,2627.0,5997.0,4536.0,4536.0,1872.0,755.0,0.0,2279.0
2.0,8599.0,1839.0,2635.0,7578.0,0.0,0.0,1844.0,791.0,0.0,1839.0
2.0,14338.0,641.0,2585.0,8034.0,0.0,0.0,1782.0,803.0,0.0,641.0
2.0,21731.0,0.0,2489.0,4536.0,0.0,0.0,1686.0,803.0,0.0,0.0
2.0,26267.0,1572.0,2418.0,0.0,0.0,0.0,1615.0,803.0,1572.0,0.0
2.0,24695.0,3346.0,2402.0,0.0,0.0,0.0,1607.0,795.0,3346.0,0.0
2.0,21349.0,5126.0,2469.0,0.0,0.0,0.0,1696.0,773.0,5126.0,0.0
2.0,16223.0,5330.0,2534.0,0.0,1777.0,1777.0,1798.0,736.0,5330.0,0.0
2.0,10893.0,4220.0,2572.0,0.0,6187.0,6187.0,1870.0,702.0,3767.0,453.0
2.0,6673.0,1636.0,2568.0,0.0,7803.0,7803.0,1879.0,689.0,421.0,1215.0
2.0,5037.0,1978.0,2593.0,1777.0,8129.0,8129.0,1879.0,714.0,0.0,1978.0
2.0,4836.0,2289.0,2637.0,6187.0,4451.0,4451.0,1879.0,758.0,0.0,2289.0
2.0,8734.0,1839.0,2642.0,7803.0,0.0,0.0,1849.0,793.0,0.0,1839.0
2.0,14698.0,627.0,2590.0,8129.0,0.0,0.0,1785.0,805.0,0.0,627.0
2.0,22200.0,0.0,2492.0,4451.0,0.0,0.0,1687.0,805.0,0.0,0.0
2.0,26651.0,1634.0,2422.0,0.0,0.0,0.0,1617.0,805.0,1634.0,0.0
2.0,25017.0,3427.0,2408.0,0.0,0.0,0.0,1611.0,797.0,3427.0,0.0
2.0,21590.0,5226.0,2476.0,0.0,0.0,0.0,1702.0,774.0,5226.0,0.0
2.0,16364.0,5388.0,2543.0,0.0,1739.0,1739.0,1806.0,737.0,5388.0,0.0
2.0,10976.0,4254.0,2580.0,0.0,6178.0,6178.0,1878.0,702.0,3763.0,491.0
2.0,6722.0,1598.0,2576.0,0.0,7756.0,7756.0,1885.0,691.0,336.0,1262.0
2.0,5124.0,2033.0,2603.0,1739.0,8185.0,8185.0,1885.0,718.0,0.0,2033.0
2.0,4830.0,2314.0,2647.0,6178.0,4541.0,4541.0,1885.0,762.0,0.0,2314.0
2.0,8694.0,1824.0,2651.0,7756.0,0.0,0.0,1854.0,797.0,0.0,1824.0
2.0,14626.0,569.0,2597.0,8185.0,0.0,0.0,1789.0,808.0,0.0,569.0
2.0,22242.0,0.0,2498.0,4541.0,0.0,0.0,1690.0,808.0,0.0,0.0
2.0,26783.0,1680.0,2427.0,0.0,0.0,0.0,1619.0,808.0,1680.0,0.0
2.0,25103.0,3490.0,2413.0,0.0,0.0,0.0,1614.0,799.0,3490.0,0.0
2.0,21613.0,5295.0,2485.0,0.0,0.0,0.0,1709.0,776.0,5295.0,0.0
2.0,16318.0,5420.0,2551.0,0.0,1857.0,1857.0,1813.0,738.0,5420.0,0.0
2.0,10898.0,4245.0,2588.0,0.0,6287.0,6287.0,1885.0,703.0,3740.0,505.0
2.0,6653.0,1528.0,2583.0,0.0,7790.0,7790.0,1890.0,693.0,250.0,1278.0
2.0,5125.0,2051.0,2610.0,1857.0,8119.0,8119.0,1890.0,720.0,0.0,2051.0
2.0,4931.0,2319.0,2655.0,6287.0,4376.0,4376.0,1890.0,765.0,0.0,2319.0
2.0,8899.0,1819.0,2659.0,7790.0,0.0,0.0,1859.0,800.0,0.0,1819.0
2.0,14870.0,540.0,2604.0,8119.0,0.0,0.0,1794.0,810.0,0.0,540.0
2.0,22449.0,0.0,2505.0,4376.0,0.0,0.0,1695.0,810.0,0.0,0.0
2.0,26825.0,1672.0,2434.0,0.0,0.0,0.0,1624.0,810.0,1672.0,0.0
2.0,25153.0,3477.0,2420.0,0.0,0.0,0.0,1619.0,801.0,3477.0,0.0
2.0,21676.0,5276.0,2492.0,0.0,0.0,0.0,1714.0,778.0,5276.0,0.0
2.0,16400.0,5407.0,2558.0,0.0,1797.0,1797.0,1818.0,740.0,5407.0,0.0
2.0,10993.0,4220.0,2595.0,0.0,6202.0,6202.0,1889.0,706.0,3727.0,493.0
2.0,6773.0,1510.0,2589.0,0.0,7682.0,7682.0,1894.0,695.0,247.0,1263.0
2.0,5263.0,2032.0,2616.0,1797.0,8052.0,8052.0,1894.0,722.0,0.0,2032.0
2.0,5028.0,2313.0,2660.0,6202.0,4383.0,4383.0,1894.0,766.0,0.0,2313.0
2.0,8917.0,1819.0,2665.0,7682.0,0.0,0.0,1864.0,801.0,0.0,1819.0
2.0,14780.0,555.0,2612.0,8052.0,0.0,0.0,1800.0,812.0,0.0,555.0
2.0,22277.0,0.0,2514.0,4383.0,0.0,0.0,1702.0,812.0,0.0,0.0
2.0,26660.0,1646.0,2443.0,0.0,0.0,0.0,1631.0,812.0,1646.0,0.0
2.0,25014.0,3444.0,2429.0,0.0,0.0,0.0,1625.0,804.0,3444.0,0.0
2.0,21570.0,5237.0,2499.0,0.0,0.0,0.0,1718.0,781.0,5237.0,0.0
2.0,16333.0,5389.0,2565.0,0.0,1881.0,1881.0,1822.0,743.0,5389.0,0.0
2.0,10944.0,4219.0,2602.0,0.0,6285.0,6285.0,1894.0,708.0,3738.0,481.0
2.0,6725.0,1550.0,2596.0,0.0,7805.0,7805.0,1899.0,697.0,300.0,1250.0
2.0,5175.0,2024.0,2623.0,1881.0,8083.0,8083.0,1899.0,724.0,0.0,2024.0
2.0,5032.0,2312.0,2667.0,6285.0,4330.0,4330.0,1899.0,768.0,0.0,2312.0
2.0,9005.0,1832.0,2672.0,7805.0,0.0,0.0,1869.0,803.0,0.0,1832.0
2.0,14978.0,578.0,2620.0,8083.0,0.0,0.0,1805.0,815.0,0.0,578.0
2.0,22483.0,0.0,2521.0,4330.0,0.0,0.0,1706.0,815.0,0.0,0.0
2.0,26813.0,1669.0,2451.0,0.0,0.0,0.0,1636.0,815.0,1669.0,0.0
2.0,25144.0,3476.0,2436.0,0.0,0.0,0.0,1630.0,806.0,3476.0,0.0
2.0,21668.0,5280.0,2506.0,0.0,0.0,0.0,1724.0,782.0,5280.0,0.0
2.0,16388.0,5422.0,2572.0,0.0,1894.0,1894.0,1828.0,744.0,5422.0,0.0
2.0,10966.0,4249.0,2610.0,0.0,6333.0,6333.0,1900.0,710.0,3753.0,496.0
2.0,6717.0,1563.0,2605.0,0.0,7871.0,7871.0,1906.0,699.0,287.0,1276.0
2.0,5154.0,2052.0,2633.0,1894.0,8169.0,8169.0,1906.0,727.0,0.0,2052.0
2.0,4996.0,2333.0,2677.0,6333.0,4389.0,4389.0,1906.0,771.0,0.0,2333.0
2.0,8996.0,1835.0,2681.0,7871.0,0.0,0.0,1874.0,807.0,0.0,1835.0
2.0,15032.0,561.0,2626.0,8169.0,0.0,0.0,1808.0,818.0,0.0,561.0
2.0,22640.0,0.0,2526.0,4389.0,0.0,0.0,1708.0,818.0,0.0,0.0
2.0,27029.0,1734.0,2456.0,0.0,0.0,0.0,1638.0,818.0,1734.0,0.0
2.0,25295.0,3556.0,2442.0,0.0,0.0,0.0,1634.0,808.0,3556.0,0.0
2.0,21739.0,5384.0,2515.0,0.0,0.0,0.0,1731.0,784.0,5384.0,0.0
2.0,16355.0,5474.0,2581.0,0.0,2024.0,2024.0,1836.0,745.0,5474.0,0.0
2.0,10881.0,4270.0,2618.0,0.0,6479.0,6479.0,1908.0,710.0,3744.0,526.0
2.0,6611.0,1501.0,2612.0,0.0,7950.0,7950.0,1912.0,700.0,192.0,1309.0
2.0,5110.0,2092.0,2642.0,2024.0,8168.0,8168.0,1912.0,730.0,0.0,2092.0
2.0,5042.0,2349.0,2687.0,6479.0,4263.0,4263.0,1912.0,775.0,0.0,2349.0
2.0,9172.0,1824.0,2689.0,7950.0,0.0,0.0,1879.0,810.0,0.0,1824.0
2.0,15298.0,521.0,2632.0,8168.0,0.0,0.0,1812.0,820.0,0.0,521.0
2.0,22945.0,0.0,2530.0,4263.0,0.0,0.0,1710.0,820.0,0.0,0.0
2.0,27208.0,1771.0,2460.0,0.0,0.0,0.0,1640.0,820.0,1771.0,0.0
2.0,25437.0,3600.0,2448.0,0.0,0.0,0.0,1638.0,810.0,3600.0,0.0
2.0,21837.0,5434.0,2523.0,0.0,0.0,0.0,1737.0,786.0,5434.0,0.0
2.0,16403.0,5492.0,2589.0,0.0,2034.0,2034.0,1843.0,746.0,5492.0,0.0
2.0,10911.0,4259.0,2626.0,0.0,6478.0,6478.0,1914.0,712.0,3725.0,534.0
2.0,6652.0,1436.0,2619.0,0.0,7879.0,7879.0,1917.0,702.0,119.0,1317.0
2.0,5216.0,2100.0,2649.0,2034.0,8095.0,8095.0,1917.0,732.0,0.0,2100.0
2.0,5150.0,2348.0,2694.0,6478.0,4190.0,4190.0,1917.0,777.0,0.0,2348.0
2.0,9280.0,1818.0,2697.0,7879.0,0.0,0.0,1885.0,812.0,0.0,1818.0
2.0,15341.0,500.0,2640.0,8095.0,0.0,0.0,1818.0,822.0,0.0,500.0
2.0,22936.0,0.0,2538.0,4190.0,0.0,0.0,1716.0,822.0,0.0,0.0
2.0,27126.0,1745.0,2468.0,0.0,0.0,0.0,1646.0,822.0,1745.0,0.0
2.0,25381.0,3566.0,2455.0,0.0,0.0,0.0,1643.0,812.0,3566.0,0.0
2.0,21815.0,5392.0,2530.0,0.0,0.0,0.0,1742.0,788.0,5392.0,0.0
2.0,16423.0,5467.0,2596.0,0.0,2024.0,2024.0,1847.0,749.0,5467.0,0.0
2.0,10956.0,4245.0,2633.0,0.0,6454.0,6454.0,1918.0,715.0,3725.0,520.0
2.0,6711.0,1450.0,2626.0,0.0,7869.0,7869.0,1921.0,705.0,151.0,1299.0
2.0,5261.0,2078.0,2655.0,2024.0,8068.0,8068.0,1921.0,734.0,0.0,2078.0
2.0,5207.0,2342.0,2700.0,6454.0,4181.0,4181.0,1921.0,779.0,0.0,2342.0
2.0,9319.0,1822.0,2704.0,7869.0,0.0,0.0,1890.0,814.0,0.0,1822.0
2.0,15366.0,522.0,2648.0,8068.0,0.0,0.0,1824.0,824.0,0.0,522.0
2.0,22912.0,0.0,2547.0,4181.0,0.0,0.0,1723.0,824.0,0.0,0.0
2.0,27093.0,1726.0,2476.0,0.0,0.0,0.0,1652.0,824.0,1726.0,0.0
2.0,25367.0,3544.0,2464.0,0.0,0.0,0.0,1649.0,815.0,3544.0,0.0
2.0,21823.0,5367.0,2537.0,0.0,0.0,0.0,1746.0,791.0,5367.0,0.0
2.0,16456.0,5460.0,2603.0,0.0,2019.0,2019.0,1851.0,752.0,5460.0,0.0
2.0,10996.0,4256.0,2640.0,0.0,6460.0,6460.0,1923.0,717.0,3741.0,515.0
2.0,6740.0,1490.0,2634.0,0.0,7920.0,7920.0,1927.0,707.0,195.0,1295.0
2.0,5250.0,2081.0,2663.0,2019.0,8127.0,8127.0,1927.0,736.0,0.0,2081.0
2.0,5188.0,2347.0,2708.0,6460.0,4239.0,4239.0,1927.0,781.0,0.0,2347.0
2.0,9301.0,1834.0,2711.0,7920.0,0.0,0.0,1895.0,816.0,0.0,1834.0
2.0,15387.0,536.0,2655.0,8127.0,0.0,0.0,1828.0,827.0,0.0,536.0
2.0,22978.0,0.0,2553.0,4239.0,0.0,0.0,1726.0,827.0,0.0,0.0
2.0,27217.0,1770.0,2483.0,0.0,0.0,0.0,1656.0,827.0,1770.0,0.0
2.0,25447.0,3607.0,2470.0,0.0,0.0,0.0,1653.0,817.0,3607.0,0.0
2.0,21840.0,5441.0,2544.0,0.0,0.0,0.0,1752.0,792.0,5441.0,0.0
2.0,16399.0,5511.0,2611.0,0.0,2167.0,2167.0,1858.0,753.0,5511.0,0.0
2.0,10888.0,4281.0,2649.0,0.0,6638.0,6638.0,1930.0,719.0,3741.0,540.0
2.0,6607.0,1467.0,2642.0,0.0,8070.0,8070.0,1933.0,709.0,139.0,1328.0
2.0,5140.0,2117.0,2672.0,2167.0,8170.0,8170.0,1933.0,739.0,0.0,2117.0
2.0,5190.0,2366.0,2717.0,6638.0,4123.0,4123.0,1933.0,784.0,0.0,2366.0
2.0,9462.0,1828.0,2719.0,8070.0,0.0,0.0,1900.0,819.0,0.0,1828.0
2.0,15704.0,502.0,2660.0,8170.0,0.0,0.0,1831.0,829.0,0.0,502.0
2.0,23372.0,0.0,2557.0,4123.0,0.0,0.0,1728.0,829.0,0.0,0.0
2.0,27495.0,1833.0,2487.0,0.0,0.0,0.0,1658.0,829.0,1833.0,0.0
2.0,25662.0,3688.0,2476.0,0.0,0.0,0.0,1657.0,819.0,3688.0,0.0
2.0,21974.0,5539.0,2553.0,0.0,0.0,0.0,1759.0,794.0,5539.0,0.0
2.0,16435.0,5563.0,2620.0,0.0,2228.0,2228.0,1866.0,754.0,5563.0,0.0
2.0,10872.0,4300.0,2657.0,0.0,6713.0,6713.0,1938.0,719.0,3728.0,572.0
2.0,6572.0,1413.0,2650.0,0.0,8091.0,8091.0,1939.0,711.0,47.0,1366.0
2.0,5159.0,2160.0,2681.0,2228.0,8178.0,8178.0,1939.0,742.0,0.0,2160.0
2.0,5227.0,2382.0,2727.0,6713.0,4077.0,4077.0,1939.0,788.0,0.0,2382.0
2.0,9558.0,1810.0,2728.0,8091.0,0.0,0.0,1905.0,823.0,0.0,1810.0
2.0,15839.0,449.0,2667.0,8178.0,0.0,0.0,1836.0,831.0,0.0,449.0
2.0,23568.0,0.0,2562.0,4077.0,0.0,0.0,1731.0,831.0,0.0,0.0
2.0,27645.0,1841.0,2492.0,0.0,0.0,0.0,1661.0,831.0,1841.0,0.0
2.0,25804.0,3698.0,2481.0,0.0,0.0,0.0,1660.0,821.0,3698.0,0.0
2.0,22106.0,5550.0,2561.0,0.0,0.0,0.0,1765.0,796.0,5550.0,0.0
2.0,16556.0,5565.0,2627.0,0.0,2144.0,2144.0,1872.0,755.0,5565.0,0.0
2.0,10991.0,4291.0,2664.0,0.0,6620.0,6620.0,1943.0,721.0,3717.0,574.0
2.0,6700.0,1387.0,2657.0,0.0,7972.0,7972.0,1944.0,713.0,21.0,1366.0
2.0,5313.0,2158.0,2688.0,2144.0,8141.0,8141.0,1944.0,744.0,0.0,2158.0
2.0,5299.0,2376.0,2734.0,6620.0,4127.0,4127.0,1944.0,790.0,0.0,2376.0
2.0,9543.0,1806.0,2735.0,7972.0,0.0,0.0,1910.0,825.0,0.0,1806.0
2.0,15709.0,439.0,2675.0,8141.0,0.0,0.0,1842.0,833.0,0.0,439.0
2.0,23411.0,0.0,2571.0,4127.0,0.0,0.0,1738.0,833.0,0.0,0.0
2.0,27538.0,1812.0,2501.0,0.0,0.0,0.0,1668.0,833.0,1812.0,0.0
2.0,25726.0,3655.0,2489.0,0.0,0.0,0.0,1666.0,823.0,3655.0,0.0
2.0,22071.0,5498.0,2567.0,0.0,0.0,0.0,1769.0,798.0,5498.0,0.0
2.0,16573.0,5533.0,2634.0,0.0,2130.0,2130.0,1876.0,758.0,5533.0,0.0
2.0,11040.0,4280.0,2671.0,0.0,6595.0,6595.0,1947.0,724.0,3720.0,560.0
2.0,6760.0,1418.0,2663.0,0.0,7973.0,7973.0,1948.0,715.0,69.0,1349.0
2.0,5342.0,2138.0,2694.0,2130.0,8136.0,8136.0,1948.0,746.0,0.0,2138.0
2.0,5334.0,2372.0,2740.0,6595.0,4143.0,4143.0,1948.0,792.0,0.0,2372.0
2.0,9557.0,1812.0,2741.0,7973.0,0.0,0.0,1915.0,826.0,0.0,1812.0
2.0,15718.0,463.0,2682.0,8136.0,0.0,0.0,1847.0,835.0,0.0,463.0
2.0,23391.0,0.0,2579.0,4143.0,0.0,0.0,1744.0,835.0,0.0,0.0
2.0,27534.0,1813.0,2509.0,0.0,0.0,0.0,1674.0,835.0,1813.0,0.0
2.0,25721.0,3657.0,2498.0,0.0,0.0,0.0,1672.0,826.0,3657.0,0.0
2.0,22064.0,5507.0,2575.0,0.0,0.0,0.0,1774.0,801.0,5507.0,0.0
2.0,16557.0,5540.0,2642.0,0.0,2193.0,2193.0,1881.0,761.0,5540.0,0.0
2.0,11017.0,4300.0,2679.0,0.0,6678.0,6678.0,1953.0,726.0,3736.0,564.0
2.0,6717.0,1434.0,2671.0,0.0,8072.0,8072.0,1954.0,717.0,78.0,1356.0
2.0,5283.0,2154.0,2702.0,2193.0,8188.0,8188.0,1954.0,748.0,0.0,2154.0
2.0,5322.0,2384.0,2748.0,6678.0,4124.0,4124.0,1954.0,794.0,0.0,2384.0
2.0,9616.0,1822.0,2749.0,8072.0,0.0,0.0,1920.0,829.0,0.0,1822.0
2.0,15866.0,463.0,2689.0,8188.0,0.0,0.0,1851.0,838.0,0.0,463.0
2.0,23591.0,5.0,2584.0,4124.0,0.0,0.0,1746.0,838.0,5.0,0.0
2.0,27710.0,1870.0,2514.0,0.0,0.0,0.0,1676.0,838.0,1870.0,0.0
2.0,25840.0,3732.0,2504.0,0.0,0.0,0.0,1676.0,828.0,3732.0,0.0
2.0,22108.0,5595.0,2583.0,0.0,0.0,0.0,1781.0,802.0,5595.0,0.0
2.0,16513.0,5590.0,2649.0,0.0,2322.0,2322.0,1888.0,761.0,5590.0,0.0
2.0,10923.0,4317.0,2687.0,0.0,6829.0,6829.0,1960.0,727.0,3730.0,587.0
2.0,6606.0,1397.0,2679.0,0.0,8186.0,8186.0,1960.0,719.0,4.0,1393.0
2.0,5209.0,2194.0,2711.0,2322.0,8218.0,8218.0,1960.0,751.0,0.0,2194.0
2.0,5337.0,2409.0,2758.0,6829.0,4033.0,4033.0,1960.0,798.0,0.0,2409.0
2.0,9757.0,1818.0,2758.0,8186.0,0.0,0.0,1925.0,833.0,0.0,1818.0
2.0,16125.0,427.0,2695.0,8218.0,0.0,0.0,1854.0,841.0,0.0,427.0
2.0,23916.0,54.0,2590.0,4033.0,0.0,0.0,1749.0,841.0,54.0,0.0
2.0,27895.0,1935.0,2520.0,0.0,0.0,0.0,1679.0,841.0,1935.0,0.0
2.0,25960.0,3812.0,2510.0,0.0,0.0,0.0,1680.0,830.0,3812.0,0.0
2.0,22148.0,5640.0,2592.0,0.0,0.0,0.0,1788.0,804.0,5640.0,0.0
2.0,16508.0,5583.0,2657.0,0.0,2360.0,2360.0,1895.0,762.0,5583.0,0.0
2.0,10925.0,4262.0,2694.0,0.0,6807.0,6807.0,1966.0,728.0,3654.0,608.0
2.0,6663.0,1413.0,2686.0,0.0,8180.0,8180.0,1966.0,720.0,0.0,1413.0
2.0,5250.0,2218.0,2720.0,2360.0,8208.0,8208.0,1966.0,754.0,0.0,2218.0
2.0,5392.0,2414.0,2767.0,6807.0,4050.0,4050.0,1966.0,801.0,0.0,2414.0
2.0,9785.0,1805.0,2765.0,8180.0,0.0,0.0,1930.0,835.0,0.0,1805.0
2.0,16160.0,396.0,2702.0,8208.0,0.0,0.0,1859.0,843.0,0.0,396.0
2.0,23972.0,56.0,2596.0,4050.0,0.0,0.0,1753.0,843.0,56.0,0.0
2.0,27966.0,1931.0,2527.0,0.0,0.0,0.0,1684.0,843.0,1931.0,0.0
2.0,26035.0,3811.0,2517.0,0.0,0.0,0.0,1685.0,832.0,3811.0,0.0
2.0,22224.0,5629.0,2599.0,0.0,0.0,0.0,1793.0,806.0,5629.0,0.0
2.0,16595.0,5571.0,2664.0,0.0,2296.0,2296.0,1900.0,764.0,5571.0,0.0
2.0,11024.0,4240.0,2700.0,0.0,6716.0,6716.0,1970.0,730.0,3637.0,603.0
2.0,6784.0,1405.0,2692.0,0.0,8081.0,8081.0,1970.0,722.0,0.0,1405.0
2.0,5379.0,2206.0,2726.0,2296.0,8161.0,8161.0,1970.0,756.0,0.0,2206.0
2.0,5469.0,2404.0,2773.0,6716.0,4084.0,4084.0,1970.0,803.0,0.0,2404.0
2.0,9781.0,1804.0,2772.0,8081.0,0.0,0.0,1935.0,837.0,0.0,1804.0
2.0,16058.0,398.0,2710.0,8161.0,0.0,0.0,1865.0,845.0,0.0,398.0
2.0,23821.0,28.0,2605.0,4084.0,0.0,0.0,1760.0,845.0,28.0,0.0
2.0,27877.0,1894.0,2535.0,0.0,0.0,0.0,1690.0,845.0,1894.0,0.0
2.0,25983.0,3765.0,2525.0,0.0,0.0,0.0,1691.0,834.0,3765.0,0.0
2.0,22218.0,5603.0,2605.0,0.0,0.0,0.0,1797.0,808.0,5603.0,0.0
2.0,16615.0,5580.0,2672.0,0.0,2325.0,2325.0,1905.0,767.0,5580.0,0.0
2.0,11035.0,4274.0,2708.0,0.0,6779.0,6779.0,1975.0,733.0,3681.0,593.0
2.0,6761.0,1392.0,2700.0,0.0,8131.0,8131.0,1975.0,725.0,0.0,1392.0
2.0,5369.0,2192.0,2733.0,2325.0,8163.0,8163.0,1975.0,758.0,0.0,2192.0
2.0,5502.0,2404.0,2779.0,6779.0,4018.0,4018.0,1975.0,804.0,0.0,2404.0
2.0,9877.0,1812.0,2780.0,8131.0,0.0,0.0,1941.0,839.0,0.0,1812.0
2.0,16196.0,420.0,2717.0,8163.0,0.0,0.0,1870.0,847.0,0.0,420.0
2.0,23939.0,36.0,2612.0,4018.0,0.0,0.0,1765.0,847.0,36.0,0.0
2.0,27921.0,1907.0,2542.0,0.0,0.0,0.0,1695.0,847.0,1907.0,0.0
2.0,26014.0,3784.0,2532.0,0.0,0.0,0.0,1696.0,836.0,3784.0,0.0
2.0,22230.0,5621.0,2613.0,0.0,0.0,0.0,1803.0,810.0,5621.0,0.0
2.0,16609.0,5594.0,2679.0,0.0,2380.0,2380.0,1910.0,769.0,5594.0,0.0
2.0,11015.0,4290.0,2716.0,0.0,6855.0,6855.0,1981.0,735.0,3687.0,603.0
2.0,6725.0,1408.0,2708.0,0.0,8223.0,8223.0,1981.0,727.0,0.0,1408.0
2.0,5317.0,2219.0,2741.0,2380.0,8227.0,8227.0,1981.0,760.0,0.0,2219.0
2.0,5478.0,2422.0,2788.0,6855.0,4029.0,4029.0,1981.0,807.0,0.0,2422.0
2.0,9911.0,1821.0,2787.0,8223.0,0.0,0.0,1945.0,842.0,0.0,1821.0
2.0,16313.0,410.0,2723.0,8227.0,0.0,0.0,1873.0,850.0,0.0,410.0
2.0,24130.0,98.0,2618.0,4029.0,0.0,0.0,1768.0,850.0,98.0,0.0
2.0,28061.0,1993.0,2548.0,0.0,0.0,0.0,1698.0,850.0,1993.0,0.0
2.0,26068.0,3884.0,2540.0,0.0,0.0,0.0,1701.0,839.0,3884.0,0.0
2.0,22184.0,5679.0,2623.0,0.0,0.0,0.0,1811.0,812.0,5679.0,0.0
2.0,16505.0,5586.0,2688.0,0.0,2521.0,2521.0,1918.0,770.0,5586.0,0.0
2.0,10919.0,4224.0,2722.0,0.0,6915.0,6915.0,1987.0,735.0,3598.0,626.0
2.0,6695.0,1444.0,2715.0,0.0,8324.0,8324.0,1987.0,728.0,0.0,1444.0
2.0,5251.0,2257.0,2750.0,2521.0,8235.0,8235.0,1987.0,763.0,0.0,2257.0
2.0,5515.0,2445.0,2796.0,6915.0,3995.0,3995.0,1986.0,810.0,0.0,2445.0
2.0,9985.0,1815.0,2794.0,8324.0,0.0,0.0,1949.0,845.0,0.0,1815.0
2.0,16494.0,373.0,2728.0,8235.0,0.0,0.0,1876.0,852.0,0.0,373.0
2.0,24356.0,149.0,2622.0,3995.0,0.0,0.0,1770.0,852.0,149.0,0.0
2.0,28202.0,2056.0,2554.0,0.0,0.0,0.0,1702.0,852.0,2056.0,0.0
2.0,26146.0,3958.0,2549.0,0.0,0.0,0.0,1708.0,841.0,3958.0,0.0
2.0,22188.0,5716.0,2632.0,0.0,0.0,0.0,1818.0,814.0,5716.0,0.0
2.0,16472.0,5562.0,2696.0,0.0,2570.0,2570.0,1925.0,771.0,5562.0,0.0
2.0,10910.0,4146.0,2729.0,0.0,6881.0,6881.0,1992.0,737.0,3506.0,640.0
2.0,6764.0,1455.0,2722.0,0.0,8301.0,8301.0,1992.0,730.0,0.0,1455.0
2.0,5309.0,2269.0,2758.0,2570.0,8180.0,8180.0,1992.0,766.0,0.0,2269.0
2.0,5610.0,2443.0,2804.0,6881.0,3972.0,3972.0,1991.0,813.0,0.0,2443.0
2.0,10048.0,1802.0,2802.0,8301.0,0.0,0.0,1954.0,848.0,0.0,1802.0
2.0,16547.0,352.0,2736.0,8180.0,0.0,0.0,1881.0,855.0,0.0,352.0
2.0,24375.0,137.0,2630.0,3972.0,0.0,0.0,1775.0,855.0,137.0,0.0
2.0,28210.0,2039.0,2562.0,0.0,0.0,0.0,1707.0,855.0,2039.0,0.0
2.0,26171.0,3935.0,2556.0,0.0,0.0,0.0,1713.0,843.0,3935.0,0.0
2.0,22236.0,5698.0,2639.0,0.0,0.0,0.0,1823.0,816.0,5698.0,0.0
2.0,16538.0,5553.0,2703.0,0.0,2530.0,2530.0,1929.0,774.0,5553.0,0.0
2.0,10985.0,4149.0,2736.0,0.0,6844.0,6844.0,1997.0,739.0,3516.0,633.0
2.0,6836.0,1444.0,2730.0,0.0,8258.0,8258.0,1997.0,733.0,0.0,1444.0
2.0,5392.0,2255.0,2765.0,2530.0,8158.0,8158.0,1997.0,768.0,0.0,2255.0
2.0,5667.0,2432.0,2811.0,6844.0,3976.0,3976.0,1996.0,815.0,0.0,2432.0
2.0,10079.0,1803.0,2810.0,8258.0,0.0,0.0,1960.0,850.0,0.0,1803.0
2.0,16534.0,358.0,2745.0,8158.0,0.0,0.0,1888.0,857.0,0.0,358.0
2.0,24334.0,106.0,2639.0,3976.0,0.0,0.0,1782.0,857.0,106.0,0.0
2.0,28204.0,2001.0,2570.0,0.0,0.0,0.0,1713.0,857.0,2001.0,0.0
2.0,26203.0,3891.0,2562.0,0.0,0.0,0.0,1717.0,845.0,3891.0,0.0
2.0,22312.0,5680.0,2644.0,0.0,0.0,0.0,1826.0,818.0,5680.0,0.0
2.0,16632.0,5570.0,2709.0,0.0,2483.0,2483.0,1933.0,776.0,5570.0,0.0
2.0,11062.0,4205.0,2744.0,0.0,6863.0,6863.0,2002.0,742.0,3575.0,630.0
2.0,6857.0,1440.0,2737.0,0.0,8268.0,8268.0,2002.0,735.0,0.0,1440.0
2.0,5417.0,2251.0,2772.0,2483.0,8211.0,8211.0,2002.0,770.0,0.0,2251.0
2.0,5649.0,2437.0,2819.0,6863.0,4020.0,4020.0,2002.0,817.0,0.0,2437.0
2.0,10075.0,1809.0,2817.0,8268.0,0.0,0.0,1965.0,852.0,0.0,1809.0
2.0,16534.0,370.0,2751.0,8211.0,0.0,0.0,1892.0,859.0,0.0,370.0
2.0,24375.0,133.0,2646.0,4020.0,0.0,0.0,1787.0,859.0,133.0,0.0
2.0,28262.0,2032.0,2577.0,0.0,0.0,0.0,1718.0,859.0,2032.0,0.0
2.0,26230.0,3933.0,2570.0,0.0,0.0,0.0,1723.0,847.0,3933.0,0.0
2.0,22297.0,5708.0,2653.0,0.0,0.0,0.0,1833.0,820.0,5708.0,0.0
2.0,16589.0,5581.0,2718.0,0.0,2582.0,2582.0,1940.0,778.0,5581.0,0.0
2.0,11008.0,4207.0,2752.0,0.0,6959.0,6959.0,2008.0,744.0,3559.0,648.0
2.0,6801.0,1466.0,2745.0,0.0,8390.0,8390.0,2008.0,737.0,0.0,1466.0
2.0,5335.0,2289.0,2781.0,2582.0,8277.0,8277.0,2008.0,773.0,0.0,2289.0
2.0,5628.0,2460.0,2826.0,6959.0,4003.0,4003.0,2006.0,820.0,0.0,2460.0
2.0,10127.0,1814.0,2823.0,8390.0,0.0,0.0,1968.0,855.0,0.0,1814.0
2.0,16703.0,346.0,2755.0,8277.0,0.0,0.0,1893.0,862.0,0.0,346.0
2.0,24634.0,203.0,2650.0,4003.0,0.0,0.0,1788.0,862.0,203.0,0.0
2.0,28434.0,2122.0,2583.0,0.0,0.0,0.0,1721.0,862.0,2122.0,0.0
2.0,26312.0,4047.0,2580.0,0.0,0.0,0.0,1730.0,850.0,4047.0,0.0
2.0,22265.0,5766.0,2663.0,0.0,0.0,0.0,1841.0,822.0,5766.0,0.0
2.0,16499.0,5572.0,2726.0,0.0,2703.0,2703.0,1948.0,778.0,5572.0,0.0
2.0,10927.0,4117.0,2758.0,0.0,6980.0,6980.0,2014.0,744.0,3449.0,668.0
2.0,6810.0,1498.0,2752.0,0.0,8448.0,8448.0,2014.0,738.0,0.0,1498.0
2.0,5312.0,2323.0,2790.0,2703.0,8258.0,8258.0,2014.0,776.0,0.0,2323.0
2.0,5692.0,2480.0,2835.0,6980.0,3983.0,3983.0,2012.0,823.0,0.0,2480.0
2.0,10192.0,1807.0,2830.0,8448.0,0.0,0.0,1972.0,858.0,0.0,1807.0
2.0,16833.0,309.0,2760.0,8258.0,0.0,0.0,1896.0,864.0,0.0,309.0
2.0,24782.0,234.0,2655.0,3983.0,0.0,0.0,1791.0,864.0,234.0,0.0
2.0,28531.0,2160.0,2589.0,0.0,0.0,0.0,1725.0,864.0,2160.0,0.0
2.0,26371.0,4091.0,2588.0,0.0,0.0,0.0,1736.0,852.0,4091.0,0.0
2.0,22280.0,5783.0,2672.0,0.0,0.0,0.0,1848.0,824.0,5783.0,0.0
2.0,16497.0,5553.0,2734.0,0.0,2726.0,2726.0,1954.0,780.0,5553.0,0.0
2.0,10944.0,4060.0,2766.0,0.0,6946.0,6946.0,2020.0,746.0,3387.0,673.0
2.0,6884.0,1497.0,2760.0,0.0,8413.0,8413.0,2020.0,740.0,0.0,1497.0
2.0,5387.0,2321.0,2798.0,2726.0,8198.0,8198.0,2020.0,778.0,0.0,2321.0
2.0,5792.0,2472.0,2843.0,6946.0,3949.0,3949.0,2017.0,826.0,0.0,2472.0
2.0,10266.0,1798.0,2838.0,8413.0,0.0,0.0,1978.0,860.0,0.0,1798.0
2.0,16881.0,305.0,2768.0,8198.0,0.0,0.0,1902.0,866.0,0.0,305.0
2.0,24774.0,208.0,2662.0,3949.0,0.0,0.0,1796.0,866.0,208.0,0.0
2.0,28515.0,2127.0,2597.0,0.0,0.0,0.0,1731.0,866.0,2127.0,0.0
2.0,26388.0,4050.0,2595.0,0.0,0.0,0.0,1741.0,854.0,4050.0,0.0
2.0,22338.0,5759.0,2678.0,0.0,0.0,0.0,1852.0,826.0,5759.0,0.0
2.0,16579.0,5553.0,2741.0,0.0,2679.0,2679.0,1958.0,783.0,5553.0,0.0
2.0,11026.0,4083.0,2773.0,0.0,6922.0,6922.0,2024.0,749.0,3419.0,664.0
2.0,6943.0,1484.0,2767.0,0.0,8376.0,8376.0,2024.0,743.0,0.0,1484.0
2.0,5459.0,2304.0,2804.0,2679.0,8186.0,8186.0,2024.0,780.0,0.0,2304.0
2.0,5834.0,2460.0,2849.0,6922.0,3949.0,3949.0,2022.0,827.0,0.0,2460.0
2.0,10296.0,1801.0,2846.0,8376.0,0.0,0.0,1984.0,862.0,0.0,1801.0
2.0,16871.0,317.0,2777.0,8186.0,0.0,0.0,1909.0,868.0,0.0,317.0
2.0,24740.0,189.0,2671.0,3949.0,0.0,0.0,1803.0,868.0,189.0,0.0
2.0,28500.0,2109.0,2605.0,0.0,0.0,0.0,1737.0,868.0,2109.0,0.0
2.0,26391.0,4024.0,2601.0,0.0,0.0,0.0,1745.0,856.0,4024.0,0.0
2.0,22367.0,5756.0,2684.0,0.0,0.0,0.0,1856.0,828.0,5756.0,0.0
2.0,16611.0,5564.0,2748.0,0.0,2693.0,2693.0,1963.0,785.0,5564.0,0.0
2.0,11047.0,4127.0,2780.0,0.0,6980.0,6980.0,2029.0,751.0,3458.0,669.0
2.0,6920.0,1491.0,2774.0,0.0,8441.0,8441.0,2029.0,745.0,0.0,1491.0
2.0,5429.0,2314.0,2811.0,2693.0,8247.0,8247.0,2029.0,782.0,0.0,2314.0
2.0,5808.0,2473.0,2857.0,6980.0,3970.0,3970.0,2027.0,830.0,0.0,2473.0
2.0,10315.0,1806.0,2853.0,8441.0,0.0,0.0,1988.0,865.0,0.0,1806.0
2.0,16950.0,317.0,2783.0,8247.0,0.0,0.0,1912.0,871.0,0.0,317.0
2.0,24880.0,233.0,2678.0,3970.0,0.0,0.0,1807.0,871.0,233.0,0.0
2.0,28617.0,2167.0,2612.0,0.0,0.0,0.0,1741.0,871.0,2167.0,0.0
2.0,26450.0,4098.0,2610.0,0.0,0.0,0.0,1752.0,858.0,4098.0,0.0
2.0,22352.0,5803.0,2693.0,0.0,0.0,0.0,1863.0,830.0,5803.0,0.0
2.0,16549.0,5570.0,2756.0,0.0,2801.0,2801.0,1970.0,786.0,5570.0,0.0
2.0,10979.0,4105.0,2788.0,0.0,7066.0,7066.0,2036.0,752.0,3413.0,692.0
2.0,6874.0,1522.0,2782.0,0.0,8558.0,8558.0,2036.0,746.0,0.0,1522.0
2.0,5352.0,2358.0,2821.0,2801.0,8310.0,8310.0,2036.0,785.0,0.0,2358.0
2.0,5795.0,2498.0,2865.0,7066.0,3962.0,3962.0,2032.0,833.0,0.0,2498.0
2.0,10363.0,1808.0,2859.0,8558.0,0.0,0.0,1991.0,868.0,0.0,1808.0
2.0,17113.0,283.0,2786.0,8310.0,0.0,0.0,1913.0,873.0,0.0,283.0
2.0,25140.0,289.0,2681.0,3962.0,0.0,0.0,1808.0,873.0,289.0,0.0
2.0,28813.0,2241.0,2617.0,0.0,0.0,0.0,1744.0,873.0,2241.0,0.0
2.0,26572.0,4189.0,2618.0,0.0,0.0,0.0,1758.0,860.0,4189.0,0.0
2.0,22383.0,5854.0,2703.0,0.0,0.0,0.0,1871.0,832.0,5854.0,0.0
2.0,16529.0,5563.0,2765.0,0.0,2859.0,2859.0,1978.0,787.0,5563.0,0.0
2.0,10966.0,4037.0,2795.0,0.0,7046.0,7046.0,2042.0,753.0,3329.0,708.0
2.0,6929.0,1549.0,2790.0,0.0,8570.0,8570.0,2042.0,748.0,0.0,1549.0
2.0,5380.0,2385.0,2830.0,2859.0,8296.0,8296.0,2042.0,788.0,0.0,2385.0
2.0,5854.0,2513.0,2873.0,7046.0,3978.0,3978.0,2037.0,836.0,0.0,2513.0
2.0,10387.0,1800.0,2867.0,8570.0,0.0,0.0,1996.0,871.0,0.0,1800.0
2.0,17157.0,251.0,2793.0,8296.0,0.0,0.0,1917.0,876.0,0.0,251.0
2.0,25202.0,303.0,2688.0,3978.0,0.0,0.0,1812.0,876.0,303.0,0.0
2.0,28877.0,2253.0,2624.0,0.0,0.0,0.0,1748.0,876.0,2253.0,0.0
2.0,26624.0,4202.0,2627.0,0.0,0.0,0.0,1764.0,863.0,4202.0,0.0
2.0,22422.0,5852.0,2710.0,0.0,0.0,0.0,1876.0,834.0,5852.0,0.0
2.0,16570.0,5546.0,2772.0,0.0,2836.0,2836.0,1983.0,789.0,5546.0,0.0
2.0,11024.0,4001.0,2801.0,0.0,6982.0,6982.0,2046.0,755.0,3296.0,705.0
2.0,7023.0,1539.0,2796.0,0.0,8496.0,8496.0,2046.0,750.0,0.0,1539.0
2.0,5484.0,2372.0,2836.0,2836.0,8232.0,8232.0,2046.0,790.0,0.0,2372.0
2.0,5948.0,2500.0,2880.0,6982.0,3970.0,3970.0,2042.0,838.0,0.0,2500.0
2.0,10430.0,1793.0,2875.0,8496.0,0.0,0.0,2002.0,873.0,0.0,1793.0
2.0,17133.0,258.0,2802.0,8232.0,0.0,0.0,1924.0,878.0,0.0,258.0
2.0,25107.0,278.0,2696.0,3970.0,0.0,0.0,1818.0,878.0,278.0,0.0
2.0,28799.0,2218.0,2632.0,0.0,0.0,0.0,1754.0,878.0,2218.0,0.0
2.0,26581.0,4163.0,2633.0,0.0,0.0,0.0,1768.0,865.0,4163.0,0.0
2.0,22418.0,5824.0,2716.0,0.0,0.0,0.0,1880.0,836.0,5824.0,0.0
2.0,16594.0,5550.0,2779.0,0.0,2851.0,2851.0,1987.0,792.0,5550.0,0.0
2.0,11044.0,4025.0,2809.0,0.0,7026.0,7026.0,2051.0,758.0,3326.0,699.0
2.0,7019.0,1529.0,2804.0,0.0,8530.0,8530.0,2051.0,753.0,0.0,1529.0
2.0,5490.0,2359.0,2843.0,2851.0,8233.0,8233.0,2051.0,792.0,0.0,2359.0
2.0,5982.0,2491.0,2888.0,7026.0,3923.0,3923.0,2048.0,840.0,0.0,2491.0
2.0,10517.0,1798.0,2882.0,8530.0,0.0,0.0,2007.0,875.0,0.0,1798.0
2.0,17249.0,270.0,2810.0,8233.0,0.0,0.0,1930.0,880.0,0.0,270.0
2.0,25212.0,275.0,2704.0,3923.0,0.0,0.0,1824.0,880.0,275.0,0.0
2.0,28860.0,2216.0,2640.0,0.0,0.0,0.0,1760.0,880.0,2216.0,0.0
2.0,26644.0,4163.0,2640.0,0.0,0.0,0.0,1773.0,867.0,4163.0,0.0
2.0,22481.0,5832.0,2724.0,0.0,0.0,0.0,1886.0,838.0,5832.0,0.0
2.0,16649.0,5566.0,2787.0,0.0,2852.0,2852.0,1993.0,794.0,5566.0,0.0
2.0,11083.0,4060.0,2817.0,0.0,7062.0,7062.0,2057.0,760.0,3349.0,711.0
2.0,7023.0,1546.0,2812.0,0.0,8583.0,8583.0,2057.0,755.0,0.0,1546.0
2.0,5477.0,2381.0,2852.0,2852.0,8312.0,8312.0,2057.0,795.0,0.0,2381.0
2.0,5948.0,2511.0,2895.0,7062.0,3976.0,3976.0,2052.0,843.0,0.0,2511.0
2.0,10499.0,1802.0,2889.0,8583.0,0.0,0.0,2011.0,878.0,0.0,1802.0
2.0,17280.0,259.0,2814.0,8312.0,0.0,0.0,1932.0,882.0,0.0,259.0
2.0,25333.0,331.0,2709.0,3976.0,0.0,0.0,1827.0,882.0,331.0,0.0
2.0,28978.0,2290.0,2646.0,0.0,0.0,0.0,1764.0,882.0,2290.0,0.0
2.0,26688.0,4256.0,2649.0,0.0,0.0,0.0,1780.0,869.0,4256.0,0.0
2.0,22432.0,5887.0,2733.0,0.0,0.0,0.0,1893.0,840.0,5887.0,0.0
2.0,16545.0,5566.0,2795.0,0.0,2996.0,2996.0,2000.0,795.0,5566.0,0.0
2.0,10979.0,4009.0,2824.0,0.0,7150.0,7150.0,2063.0,761.0,3276.0,733.0
2.0,6970.0,1576.0,2819.0,0.0,8701.0,8701.0,2063.0,756.0,0.0,1576.0
2.0,5394.0,2424.0,2860.0,2996.0,8334.0,8334.0,2063.0,797.0,0.0,2424.0
2.0,5966.0,2535.0,2904.0,7150.0,3939.0,3939.0,2058.0,846.0,0.0,2535.0
2.0,10581.0,1804.0,2895.0,8701.0,0.0,0.0,2014.0,881.0,0.0,1804.0
2.0,17478.0,225.0,2819.0,8334.0,0.0,0.0,1934.0,885.0,0.0,225.0
2.0,25587.0,384.0,2714.0,3939.0,0.0,0.0,1829.0,885.0,384.0,0.0
2.0,29142.0,2363.0,2652.0,0.0,0.0,0.0,1767.0,885.0,2363.0,0.0
2.0,26779.0,4338.0,2659.0,0.0,0.0,0.0,1787.0,872.0,4338.0,0.0
2.0,22441.0,5929.0,2743.0,0.0,0.0,0.0,1901.0,842.0,5929.0,0.0
2.0,16512.0,5546.0,2803.0,0.0,3049.0,3049.0,2007.0,796.0,5546.0,0.0
2.0,10966.0,3924.0,2830.0,0.0,7108.0,7108.0,2068.0,762.0,3183.0,741.0
2.0,7042.0,1592.0,2826.0,0.0,8680.0,8680.0,2068.0,758.0,0.0,1592.0
2.0,5450.0,2438.0,2868.0,3049.0,8279.0,8279.0,2068.0,800.0,0.0,2438.0
2.0,6061.0,2543.0,2912.0,7108.0,3934.0,3934.0,2063.0,849.0,0.0,2543.0
2.0,10626.0,1797.0,2902.0,8680.0,0.0,0.0,2019.0,883.0,0.0,1797.0
2.0,17509.0,204.0,2826.0,8279.0,0.0,0.0,1939.0,887.0,0.0,204.0
2.0,25584.0,383.0,2720.0,3934.0,0.0,0.0,1833.0,887.0,383.0,0.0
2.0,29135.0,2360.0,2659.0,0.0,0.0,0.0,1772.0,887.0,2360.0,0.0
2.0,26775.0,4331.0,2666.0,0.0,0.0,0.0,1792.0,874.0,4331.0,0.0
2.0,22444.0,5923.0,2750.0,0.0,0.0,0.0,1906.0,844.0,5923.0,0.0
2.0,16521.0,5532.0,2810.0,0.0,3061.0,3061.0,2012.0,798.0,5532.0,0.0
2.0,10989.0,3909.0,2837.0,0.0,7105.0,7105.0,2073.0,764.0,3174.0,735.0
2.0,7080.0,1578.0,2833.0,0.0,8663.0,8663.0,2073.0,760.0,0.0,1578.0
2.0,5502.0,2420.0,2875.0,3061.0,8232.0,8232.0,2073.0,802.0,0.0,2420.0
2.0,6143.0,2527.0,2919.0,7105.0,3874.0,3874.0,2068.0,851.0,0.0,2527.0
2.0,10721.0,1791.0,2910.0,8663.0,0.0,0.0,2025.0,885.0,0.0,1791.0
2.0,17593.0,217.0,2834.0,8232.0,0.0,0.0,1945.0,889.0,0.0,217.0
2.0,25608.0,346.0,2729.0,3874.0,0.0,0.0,1840.0,889.0,346.0,0.0
2.0,29136.0,2314.0,2667.0,0.0,0.0,0.0,1778.0,889.0,2314.0,0.0
2.0,26822.0,4277.0,2672.0,0.0,0.0,0.0,1796.0,876.0,4277.0,0.0
2.0,22545.0,5899.0,2755.0,0.0,0.0,0.0,1909.0,846.0,5899.0,0.0
2.0,16646.0,5548.0,2817.0,0.0,2987.0,2987.0,2016.0,801.0,5548.0,0.0
2.0,11098.0,3972.0,2845.0,0.0,7099.0,7099.0,2078.0,767.0,3239.0,733.0
2.0,7126.0,1574.0,2841.0,0.0,8653.0,8653.0,2078.0,763.0,0.0,1574.0
2.0,5552.0,2415.0,2882.0,2987.0,8286.0,8286.0,2078.0,804.0,0.0,2415.0
2.0,6124.0,2524.0,2926.0,7099.0,3931.0,3931.0,2073.0,853.0,0.0,2524.0
2.0,10699.0,1797.0,2917.0,8653.0,0.0,0.0,2030.0,887.0,0.0,1797.0
2.0,17555.0,225.0,2842.0,8286.0,0.0,0.0,1950.0,892.0,0.0,225.0
2.0,25616.0,355.0,2737.0,3931.0,0.0,0.0,1845.0,892.0,355.0,0.0
2.0,29192.0,2329.0,2675.0,0.0,0.0,0.0,1783.0,892.0,2329.0,0.0
2.0,26863.0,4300.0,2679.0,0.0,0.0,0.0,1801.0,878.0,4300.0,0.0
2.0,22563.0,5922.0,2763.0,0.0,0.0,0.0,1915.0,848.0,5922.0,0.0
2.0,16641.0,5567.0,2824.0,0.0,3046.0,3046.0,2022.0,802.0,5567.0,0.0
2.0,11074.0,3999.0,2853.0,0.0,7190.0,7190.0,2085.0,768.0,3247.0,752.0
2.0,7075.0,1599.0,2850.0,0.0,8774.0,8774.0,2085.0,765.0,0.0,1599.0
2.0,5476.0,2447.0,2892.0,3046.0,8385.0,8385.0,2085.0,807.0,0.0,2447.0
2.0,6075.0,2549.0,2934.0,7190.0,3954.0,3954.0,2078.0,856.0,0.0,2549.0
2.0,10716.0,1800.0,2924.0,8774.0,0.0,0.0,2034.0,890.0,0.0,1800.0
2.0,17690.0,203.0,2846.0,8385.0,0.0,0.0,1952.0,894.0,0.0,203.0
2.0,25872.0,418.0,2741.0,3954.0,0.0,0.0,1847.0,894.0,418.0,0.0
2.0,29408.0,2406.0,2680.0,0.0,0.0,0.0,1786.0,894.0,2406.0,0.0
2.0,27002.0,4401.0,2688.0,0.0,0.0,0.0,1808.0,880.0,4401.0,0.0
2.0,22601.0,5975.0,2773.0,0.0,0.0,0.0,1923.0,850.0,5975.0,0.0
2.0,16626.0,5562.0,2833.0,0.0,3101.0,3101.0,2030.0,803.0,5562.0,0.0
2.0,11064.0,3933.0,2860.0,0.0,7169.0,7169.0,2091.0,769.0,3160.0,773.0
2.0,7131.0,1628.0,2857.0,0.0,8782.0,8782.0,2091.0,766.0,0.0,1628.0
2.0,5503.0,2488.0,2900.0,3101.0,8384.0,8384.0,2091.0,809.0,0.0,2488.0
2.0,6116.0,2571.0,2942.0,7169.0,3996.0,3996.0,2083.0,859.0,0.0,2571.0
2.0,10714.0,1799.0,2931.0,8782.0,0.0,0.0,2038.0,893.0,0.0,1799.0
2.0,17697.0,167.0,2851.0,8384.0,0.0,0.0,1954.0,897.0,0.0,167.0
2.0,25914.0,465.0,2746.0,3996.0,0.0,0.0,1849.0,897.0,465.0,0.0
2.0,29445.0,2465.0,2687.0,0.0,0.0,0.0,1790.0,897.0,2465.0,0.0
2.0,26980.0,4470.0,2697.0,0.0,0.0,0.0,1815.0,882.0,4470.0,0.0
2.0,22510.0,6004.0,2782.0,0.0,0.0,0.0,1930.0,852.0,6004.0,0.0
2.0,16506.0,5543.0,2842.0,0.0,3247.0,3247.0,2037.0,805.0,5543.0,0.0
2.0,10963.0,3847.0,2867.0,0.0,7219.0,7219.0,2096.0,771.0,3072.0,775.0
2.0,7116.0,1636.0,2864.0,0.0,8840.0,8840.0,2096.0,768.0,0.0,1636.0
2.0,5480.0,2492.0,2908.0,3247.0,8305.0,8305.0,2096.0,812.0,0.0,2492.0
2.0,6235.0,2572.0,2950.0,7219.0,3868.0,3868.0,2089.0,861.0,0.0,2572.0
2.0,10882.0,1791.0,2939.0,8840.0,0.0,0.0,2043.0,896.0,0.0,1791.0
2.0,17931.0,154.0,2859.0,8305.0,0.0,0.0,1960.0,899.0,0.0,154.0
2.0,26082.0,445.0,2754.0,3868.0,0.0,0.0,1855.0,899.0,445.0,0.0
2.0,29505.0,2438.0,2694.0,0.0,0.0,0.0,1795.0,899.0,2438.0,0.0
2.0,27067.0,4435.0,2704.0,0.0,0.0,0.0,1819.0,885.0,4435.0,0.0
2.0,22632.0,5981.0,2788.0,0.0,0.0,0.0,1934.0,854.0,5981.0,0.0
2.0,16651.0,5538.0,2849.0,0.0,3132.0,3132.0,2041.0,808.0,5538.0,0.0
2.0,11113.0,3860.0,2874.0,0.0,7117.0,7117.0,2100.0,774.0,3093.0,767.0
2.0,7253.0,1619.0,2871.0,0.0,8721.0,8721.0,2100.0,771.0,0.0,1619.0
2.0,5634.0,2471.0,2914.0,3132.0,8275.0,8275.0,2100.0,814.0,0.0,2471.0
2.0,6295.0,2556.0,2957.0,7117.0,3929.0,3929.0,2094.0,863.0,0.0,2556.0
2.0,10856.0,1788.0,2946.0,8721.0,0.0,0.0,2049.0,897.0,0.0,1788.0
2.0,17789.0,173.0,2868.0,8275.0,0.0,0.0,1967.0,901.0,0.0,173.0
2.0,25891.0,422.0,2763.0,3929.0,0.0,0.0,1862.0,901.0,422.0,0.0
2.0,29398.0,2409.0,2702.0,0.0,0.0,0.0,1801.0,901.0,2409.0,0.0
2.0,26989.0,4401.0,2711.0,0.0,0.0,0.0,1824.0,887.0,4401.0,0.0
2.0,22588.0,5967.0,2794.0,0.0,0.0,0.0,1938.0,856.0,5967.0,0.0
2.0,16621.0,5551.0,2855.0,0.0,3205.0,3205.0,2045.0,810.0,5551.0,0.0
2.0,11070.0,3909.0,2881.0,0.0,7244.0,7244.0,2105.0,776.0,3139.0,770.0
2.0,7161.0,1622.0,2878.0,0.0,8851.0,8851.0,2105.0,773.0,0.0,1622.0
2.0,5539.0,2475.0,2921.0,3205.0,8336.0,8336.0,2105.0,816.0,0.0,2475.0
2.0,6269.0,2558.0,2964.0,7244.0,3865.0,3865.0,2099.0,865.0,0.0,2558.0
2.0,10955.0,1795.0,2954.0,8851.0,0.0,0.0,2054.0,900.0,0.0,1795.0
2.0,18011.0,175.0,2874.0,8336.0,0.0,0.0,1971.0,903.0,0.0,175.0
2.0,26172.0,454.0,2769.0,3865.0,0.0,0.0,1866.0,903.0,454.0,0.0
2.0,29583.0,2457.0,2709.0,0.0,0.0,0.0,1806.0,903.0,2457.0,0.0
2.0,27126.0,4457.0,2718.0,0.0,0.0,0.0,1829.0,889.0,4457.0,0.0
2.0,22669.0,6010.0,2803.0,0.0,0.0,0.0,1945.0,858.0,6010.0,0.0
2.0,16659.0,5557.0,2863.0,0.0,3213.0,3213.0,2052.0,811.0,5557.0,0.0
2.0,11102.0,3900.0,2889.0,0.0,7243.0,7243.0,2112.0,777.0,3105.0,795.0
2.0,7202.0,1655.0,2886.0,0.0,8883.0,8883.0,2112.0,774.0,0.0,1655.0
2.0,5547.0,2516.0,2931.0,3213.0,8411.0,8411.0,2112.0,819.0,0.0,2516.0
2.0,6244.0,2588.0,2973.0,7243.0,3966.0,3966.0,2104.0,869.0,0.0,2588.0
2.0,10899.0,1795.0,2960.0,8883.0,0.0,0.0,2057.0,903.0,0.0,1795.0
2.0,17987.0,142.0,2879.0,8411.0,0.0,0.0,1973.0,906.0,0.0,142.0
2.0,26256.0,518.0,2774.0,3966.0,0.0,0.0,1868.0,906.0,518.0,0.0
2.0,29704.0,2540.0,2716.0,0.0,0.0,0.0,1810.0,906.0,2540.0,0.0
2.0,27164.0,4559.0,2727.0,0.0,0.0,0.0,1836.0,891.0,4559.0,0.0
2.0,22605.0,6066.0,2813.0,0.0,0.0,0.0,1953.0,860.0,6066.0,0.0
2.0,16539.0,5547.0,2872.0,0.0,3368.0,3368.0,2060.0,812.0,5547.0,0.0
2.0,10992.0,3827.0,2896.0,0.0,7315.0,7315.0,2118.0,778.0,3015.0,812.0
2.0,7165.0,1679.0,2894.0,0.0,8984.0,8984.0,2118.0,776.0,0.0,1679.0
2.0,5486.0,2551.0,2940.0,3368.0,8397.0,8397.0,2118.0,822.0,0.0,2551.0
2.0,6303.0,2606.0,2981.0,7315.0,3893.0,3893.0,2109.0,872.0,0.0,2606.0
2.0,11012.0,1794.0,2967.0,8984.0,0.0,0.0,2061.0,906.0,0.0,1794.0
2.0,18202.0,110.0,2883.0,8397.0,0.0,0.0,1975.0,908.0,0.0,110.0
2.0,26489.0,539.0,2778.0,3893.0,0.0,0.0,1870.0,908.0,539.0,0.0
2.0,29843.0,2567.0,2721.0,0.0,0.0,0.0,1813.0,908.0,2567.0,0.0
2.0,27276.0,4590.0,2735.0,0.0,0.0,0.0,1842.0,893.0,4590.0,0.0
2.0,22686.0,6078.0,2821.0,0.0,0.0,0.0,1959.0,862.0,6078.0,0.0
2.0,16608.0,5533.0,2880.0,0.0,3325.0,3325.0,2066.0,814.0,5533.0,0.0
2.0,11075.0,3773.0,2903.0,0.0,7213.0,7213.0,2123.0,780.0,2969.0,804.0
2.0,7302.0,1675.0,2901.0,0.0,8878.0,8878.0,2123.0,778.0,0.0,1675.0
2.0,5627.0,2540.0,2947.0,3325.0,8323.0,8323.0,2123.0,824.0,0.0,2540.0
2.0,6412.0,2601.0,2988.0,7213.0,3916.0,3916.0,2114.0,874.0,0.0,2601.0
2.0,11024.0,1790.0,2975.0,8878.0,0.0,0.0,2067.0,908.0,0.0,1790.0
2.0,18112.0,114.0,2892.0,8323.0,0.0,0.0,1982.0,910.0,0.0,114.0
2.0,26321.0,512.0,2787.0,3916.0,0.0,0.0,1877.0,910.0,512.0,0.0
2.0,29725.0,2527.0,2729.0,0.0,0.0,0.0,1819.0,910.0,2527.0,0.0
2.0,27198.0,4546.0,2743.0,0.0,0.0,0.0,1847.0,896.0,4546.0,0.0
2.0,22652.0,6047.0,2827.0,0.0,0.0,0.0,1963.0,864.0,6047.0,0.0
2.0,16605.0,5533.0,2887.0,0.0,3363.0,3363.0,2070.0,817.0,5533.0,0.0
2.0,11072.0,3800.0,2910.0,0.0,7278.0,7278.0,2127.0,783.0,3004.0,796.0
2.0,7272.0,1658.0,2908.0,0.0,8926.0,8926.0,2127.0,781.0,0.0,1658.0
2.0,5614.0,2520.0,2953.0,3363.0,8308.0,8308.0,2127.0,826.0,0.0,2520.0
2.0,6457.0,2586.0,2994.0,7278.0,3821.0,3821.0,2119.0,875.0,0.0,2586.0
2.0,11149.0,1795.0,2983.0,8926.0,0.0,0.0,2073.0,910.0,0.0,1795.0
2.0,18280.0,137.0,2901.0,8308.0,0.0,0.0,1988.0,913.0,0.0,137.0
2.0,26451.0,503.0,2796.0,3821.0,0.0,0.0,1883.0,913.0,503.0,0.0
2.0,29769.0,2515.0,2738.0,0.0,0.0,0.0,1825.0,913.0,2515.0,0.0
2.0,27254.0,4533.0,2750.0,0.0,0.0,0.0,1852.0,898.0,4533.0,0.0
2.0,22721.0,6044.0,2835.0,0.0,0.0,0.0,1968.0,867.0,6044.0,0.0
2.0,16677.0,5549.0,2893.0,0.0,3337.0,3337.0,2074.0,819.0,5549.0,0.0
2.0,11128.0,3832.0,2918.0,0.0,7294.0,7294.0,2133.0,785.0,3032.0,800.0
2.0,7296.0,1664.0,2916.0,0.0,8948.0,8948.0,2133.0,783.0,0.0,1664.0
2.0,5632.0,2529.0,2961.0,3337.0,8365.0,8365.0,2133.0,828.0,0.0,2529.0
2.0,6440.0,2600.0,3002.0,7294.0,3876.0,3876.0,2124.0,878.0,0.0,2600.0
2.0,11134.0,1802.0,2990.0,8948.0,0.0,0.0,2077.0,913.0,0.0,1802.0
2.0,18280.0,140.0,2906.0,8365.0,0.0,0.0,1991.0,915.0,0.0,140.0
2.0,26505.0,552.0,2801.0,3876.0,0.0,0.0,1886.0,915.0,552.0,0.0
2.0,29829.0,2580.0,2744.0,0.0,0.0,0.0,1829.0,915.0,2580.0,0.0
2.0,27249.0,4615.0,2758.0,0.0,0.0,0.0,1858.0,900.0,4615.0,0.0
2.0,22634.0,6095.0,2843.0,0.0,0.0,0.0,1975.0,868.0,6095.0,0.0
2.0,16539.0,5553.0,2902.0,0.0,3524.0,3524.0,2082.0,820.0,5553.0,0.0
2.0,10986.0,3796.0,2925.0,0.0,7435.0,7435.0,2139.0,786.0,2973.0,823.0
2.0,7190.0,1696.0,2923.0,0.0,9121.0,9121.0,2139.0,784.0,0.0,1696.0
2.0,5494.0,2569.0,2970.0,3524.0,8401.0,8401.0,2139.0,831.0,0.0,2569.0
2.0,6449.0,2625.0,3010.0,7435.0,3791.0,3791.0,2129.0,881.0,0.0,2625.0
2.0,11259.0,1804.0,2996.0,9121.0,0.0,0.0,2080.0,916.0,0.0,1804.0
2.0,18576.0,110.0,2911.0,8401.0,0.0,0.0,1993.0,918.0,0.0,110.0
2.0,26867.0,612.0,2806.0,3791.0,0.0,0.0,1888.0,918.0,612.0,0.0
2.0,30046.0,2657.0,2750.0,0.0,0.0,0.0,1832.0,918.0,2657.0,0.0
2.0,27389.0,4708.0,2767.0,0.0,0.0,0.0,1865.0,902.0,4708.0,0.0
2.0,22681.0,6143.0,2853.0,0.0,0.0,0.0,1983.0,870.0,6143.0,0.0
2.0,16538.0,5538.0,2910.0,0.0,3550.0,3550.0,2089.0,821.0,5538.0,0.0
2.0,11000.0,3714.0,2932.0,0.0,7374.0,7374.0,2145.0,787.0,2878.0,836.0
2.0,7286.0,1713.0,2930.0,0.0,9077.0,9077.0,2145.0,785.0,0.0,1713.0
2.0,5573.0,2595.0,2978.0,3550.0,8362.0,8362.0,2145.0,833.0,0.0,2595.0
2.0,6528.0,2636.0,3018.0,7374.0,3824.0,3824.0,2134.0,884.0,0.0,2636.0
2.0,11266.0,1800.0,3003.0,9077.0,0.0,0.0,2085.0,918.0,0.0,1800.0
2.0,18543.0,82.0,2917.0,8362.0,0.0,0.0,1997.0,920.0,0.0,82.0
2.0,26823.0,620.0,2812.0,3824.0,0.0,0.0,1892.0,920.0,620.0,0.0
2.0,30027.0,2671.0,2757.0,0.0,0.0,0.0,1837.0,920.0,2671.0,0.0
2.0,27356.0,4716.0,2775.0,0.0,0.0,0.0,1870.0,905.0,4716.0,0.0
2.0,22640.0,6141.0,2860.0,0.0,0.0,0.0,1988.0,872.0,6141.0,0.0
2.0,16499.0,5519.0,2918.0,0.0,3610.0,3610.0,2095.0,823.0,5519.0,0.0
2.0,10980.0,3672.0,2938.0,0.0,7382.0,7382.0,2149.0,789.0,2846.0,826.0
2.0,7308.0,1706.0,2937.0,0.0,9083.0,9083.0,2149.0,788.0,0.0,1706.0
2.0,5602.0,2580.0,2984.0,3610.0,8288.0,8288.0,2149.0,835.0,0.0,2580.0
2.0,6632.0,2628.0,3025.0,7382.0,3739.0,3739.0,2139.0,886.0,0.0,2628.0
2.0,11386.0,1796.0,3011.0,9083.0,0.0,0.0,2091.0,920.0,0.0,1796.0
2.0,18673.0,89.0,2925.0,8288.0,0.0,0.0,2003.0,922.0,0.0,89.0
2.0,26872.0,593.0,2821.0,3739.0,0.0,0.0,1899.0,922.0,593.0,0.0
2.0,30018.0,2635.0,2765.0,0.0,0.0,0.0,1843.0,922.0,2635.0,0.0
2.0,27383.0,4671.0,2782.0,0.0,0.0,0.0,1875.0,907.0,4671.0,0.0
2.0,22712.0,6119.0,2868.0,0.0,0.0,0.0,1993.0,875.0,6119.0,0.0
2.0,16593.0,5520.0,2925.0,0.0,3552.0,3552.0,2099.0,826.0,5520.0,0.0
2.0,11073.0,3709.0,2946.0,0.0,7366.0,7366.0,2154.0,792.0,2889.0,820.0
2.0,7364.0,1692.0,2944.0,0.0,9048.0,9048.0,2154.0,790.0,0.0,1692.0
2.0,5672.0,2564.0,2991.0,3552.0,8295.0,8295.0,2154.0,837.0,0.0,2564.0
2.0,6660.0,2616.0,3032.0,7366.0,3750.0,3750.0,2145.0,887.0,0.0,2616.0
2.0,11410.0,1797.0,3018.0,9048.0,0.0,0.0,2096.0,922.0,0.0,1797.0
2.0,18661.0,111.0,2933.0,8295.0,0.0,0.0,2009.0,924.0,0.0,111.0
2.0,26845.0,590.0,2828.0,3750.0,0.0,0.0,1904.0,924.0,590.0,0.0
2.0,30005.0,2634.0,2772.0,0.0,0.0,0.0,1848.0,924.0,2634.0,0.0
2.0,27371.0,4675.0,2789.0,0.0,0.0,0.0,1880.0,909.0,4675.0,0.0
2.0,22696.0,6132.0,2875.0,0.0,0.0,0.0,1998.0,877.0,6132.0,0.0
2.0,16564.0,5541.0,2932.0,0.0,3637.0,3637.0,2104.0,828.0,5541.0,0.0
2.0,11023.0,3755.0,2954.0,0.0,7502.0,7502.0,2160.0,794.0,2916.0,839.0
2.0,7268.0,1716.0,2952.0,0.0,9208.0,9208.0,2160.0,792.0,0.0,1716.0
2.0,5552.0,2594.0,3000.0,3637.0,8405.0,8405.0,2160.0,840.0,0.0,2594.0
2.0,6595.0,2633.0,3040.0,7502.0,3736.0,3736.0,2150.0,890.0,0.0,2633.0
2.0,11464.0,1801.0,3025.0,9208.0,0.0,0.0,2100.0,925.0,0.0,1801.0
2.0,18871.0,87.0,2938.0,8405.0,0.0,0.0,2011.0,927.0,0.0,87.0
2.0,27189.0,644.0,2833.0,3736.0,0.0,0.0,1906.0,927.0,644.0,0.0
2.0,30281.0,2707.0,2779.0,0.0,0.0,0.0,1852.0,927.0,2707.0,0.0
2.0,27574.0,4767.0,2797.0,0.0,0.0,0.0,1886.0,911.0,4767.0,0.0
2.0,22807.0,6189.0,2883.0,0.0,0.0,0.0,2005.0,878.0,6189.0,0.0
2.0,16618.0,5545.0,2941.0,0.0,3632.0,3632.0,2112.0,829.0,5545.0,0.0
2.0,11073.0,3714.0,2962.0,0.0,7451.0,7451.0,2167.0,795.0,2847.0,867.0
2.0,7359.0,1752.0,2961.0,0.0,9198.0,9198.0,2167.0,794.0,0.0,1752.0
2.0,5607.0,2638.0,3010.0,3632.0,8449.0,8449.0,2167.0,843.0,0.0,2638.0
2.0,6601.0,2662.0,3049.0,7451.0,3855.0,3855.0,2155.0,894.0,0.0,2662.0
2.0,11390.0,1797.0,3032.0,9198.0,0.0,0.0,2104.0,928.0,0.0,1797.0
2.0,18791.0,46.0,2942.0,8449.0,0.0,0.0,2013.0,929.0,0.0,46.0
2.0,27194.0,693.0,2837.0,3855.0,0.0,0.0,1908.0,929.0,693.0,0.0
2.0,30356.0,2765.0,2784.0,0.0,0.0,0.0,1855.0,929.0,2765.0,0.0
2.0,27591.0,4842.0,2806.0,0.0,0.0,0.0,1893.0,913.0,4842.0,0.0
2.0,22749.0,6221.0,2892.0,0.0,0.0,0.0,2012.0,880.0,6221.0,0.0
2.0,16528.0,5528.0,2949.0,0.0,3745.0,3745.0,2119.0,830.0,5528.0,0.0
2.0,11000.0,3636.0,2968.0,0.0,7476.0,7476.0,2172.0,796.0,2763.0,873.0
2.0,7364.0,1761.0,2968.0,0.0,9237.0,9237.0,2172.0,796.0,0.0,1761.0
2.0,5603.0,2653.0,3017.0,3745.0,8390.0,8390.0,2172.0,845.0,0.0,2653.0
2.0,6695.0,2667.0,3056.0,7476.0,3776.0,3776.0,2160.0,896.0,0.0,2667.0
2.0,11504.0,1793.0,3040.0,9237.0,0.0,0.0,2109.0,931.0,0.0,1793.0
2.0,18948.0,27.0,2949.0,8390.0,0.0,0.0,2018.0,931.0,0.0,27.0
2.0,27311.0,689.0,2844.0,3776.0,0.0,0.0,1913.0,931.0,689.0,0.0
2.0,30398.0,2757.0,2791.0,0.0,0.0,0.0,1860.0,931.0,2757.0,0.0
2.0,27641.0,4829.0,2813.0,0.0,0.0,0.0,1898.0,915.0,4829.0,0.0
2.0,22812.0,6206.0,2900.0,0.0,0.0,0.0,2017.0,883.0,6206.0,0.0
2.0,16606.0,5519.0,2957.0,0.0,3698.0,3698.0,2124.0,833.0,5519.0,0.0
2.0,11087.0,3611.0,2976.0,0.0,7404.0,7404.0,2177.0,799.0,2754.0,857.0
2.0,7476.0,1746.0,2975.0,0.0,9145.0,9145.0,2177.0,798.0,0.0,1746.0
2.0,5730.0,2630.0,3024.0,3698.0,8322.0,8322.0,2177.0,847.0,0.0,2630.0
2.0,6798.0,2656.0,3063.0,7404.0,3769.0,3769.0,2165.0,898.0,0.0,2656.0
2.0,11546.0,1793.0,3046.0,9145.0,0.0,0.0,2114.0,932.0,0.0,1793.0
2.0,18898.0,46.0,2958.0,8322.0,0.0,0.0,2025.0,933.0,0.0,46.0
2.0,27174.0,660.0,2853.0,3769.0,0.0,0.0,1920.0,933.0,660.0,0.0
2.0,30283.0,2720.0,2799.0,0.0,0.0,0.0,1866.0,933.0,2720.0,0.0
2.0,27563.0,4785.0,2820.0,0.0,0.0,0.0,1902.0,918.0,4785.0,0.0
2.0,22778.0,6185.0,2906.0,0.0,0.0,0.0,2021.0,885.0,6185.0,0.0
2.0,16593.0,5530.0,2964.0,0.0,3757.0,3757.0,2128.0,836.0,5530.0,0.0
2.0,11063.0,3662.0,2984.0,0.0,7519.0,7519.0,2182.0,802.0,2805.0,857.0
2.0,7401.0,1740.0,2983.0,0.0,9254.0,9254.0,2182.0,801.0,0.0,1740.0
2.0,5661.0,2623.0,3031.0,3757.0,8360.0,8360.0,2182.0,849.0,0.0,2623.0
2.0,6795.0,2650.0,3070.0,7519.0,3686.0,3686.0,2170.0,900.0,0.0,2650.0
2.0,11664.0,1794.0,3055.0,9254.0,0.0,0.0,2120.0,935.0,0.0,1794.0
2.0,19124.0,61.0,2966.0,8360.0,0.0,0.0,2030.0,936.0,0.0,61.0
2.0,27423.0,681.0,2861.0,3686.0,0.0,0.0,1925.0,936.0,681.0,0.0
2.0,30428.0,2754.0,2807.0,0.0,0.0,0.0,1871.0,936.0,2754.0,0.0
2.0,27674.0,4823.0,2828.0,0.0,0.0,0.0,1908.0,920.0,4823.0,0.0
2.0,22851.0,6213.0,2914.0,0.0,0.0,0.0,2027.0,887.0,6213.0,0.0
2.0,16638.0,5537.0,2971.0,0.0,3754.0,3754.0,2134.0,837.0,5537.0,0.0
2.0,11101.0,3671.0,2990.0,0.0,7520.0,7520.0,2187.0,803.0,2788.0,883.0
2.0,7430.0,1773.0,2990.0,0.0,9293.0,9293.0,2187.0,803.0,0.0,1773.0
2.0,5657.0,2663.0,3039.0,3754.0,8447.0,8447.0,2187.0,852.0,0.0,2663.0
2.0,6748.0,2676.0,3079.0,7520.0,3803.0,3803.0,2175.0,904.0,0.0,2676.0
2.0,11592.0,1795.0,3061.0,9293.0,0.0,0.0,2123.0,938.0,0.0,1795.0
2.0,19090.0,25.0,2970.0,8447.0,0.0,0.0,2031.0,939.0,0.0,25.0
2.0,27512.0,750.0,2866.0,3803.0,0.0,0.0,1927.0,939.0,750.0,0.0
2.0,30565.0,2842.0,2814.0,0.0,0.0,0.0,1875.0,939.0,2842.0,0.0
2.0,27723.0,4931.0,2837.0,0.0,0.0,0.0,1915.0,922.0,4931.0,0.0
2.0,22792.0,6276.0,2924.0,0.0,0.0,0.0,2036.0,888.0,6276.0,0.0
2.0,16516.0,5532.0,2980.0,0.0,3916.0,3916.0,2142.0,838.0,5525.0,7.0
2.0,10984.0,3591.0,2997.0,0.0,7592.0,7592.0,2193.0,804.0,2687.0,904.0
2.0,7393.0,1801.0,2997.0,0.0,9393.0,9393.0,2193.0,804.0,0.0,1801.0
2.0,5592.0,2691.0,3048.0,3916.0,8423.0,8423.0,2193.0,855.0,0.0,2691.0
2.0,6817.0,2690.0,3086.0,7592.0,3711.0,3711.0,2180.0,906.0,0.0,2690.0
2.0,11719.0,1787.0,3068.0,9393.0,0.0,0.0,2127.0,941.0,0.0,1787.0
2.0,19325.0,0.0,2975.0,8423.0,0.0,0.0,2034.0,941.0,0.0,0.0
2.0,27748.0,787.0,2870.0,3711.0,0.0,0.0,1929.0,941.0,787.0,0.0
2.0,30672.0,2889.0,2820.0,0.0,0.0,0.0,1879.0,941.0,2889.0,0.0
2.0,27783.0,4985.0,2845.0,0.0,0.0,0.0,1921.0,924.0,4985.0,0.0
2.0,22798.0,6299.0,2932.0,0.0,0.0,0.0,2042.0,890.0,6299.0,0.0
2.0,16499.0,5518.0,2987.0,0.0,3954.0,3954.0,2148.0,839.0,5506.0,12.0
2.0,10981.0,3531.0,3005.0,0.0,7575.0,7575.0,2199.0,806.0,2621.0,910.0
2.0,7450.0,1807.0,3005.0,0.0,9382.0,9382.0,2199.0,806.0,0.0,1807.0
2.0,5643.0,2697.0,3056.0,3954.0,8380.0,8380.0,2199.0,857.0,0.0,2697.0
2.0,6900.0,2684.0,3094.0,7575.0,3679.0,3679.0,2185.0,909.0,0.0,2684.0
2.0,11791.0,1773.0,3075.0,9382.0,0.0,0.0,2132.0,943.0,0.0,1773.0
2.0,19400.0,0.0,2983.0,8380.0,0.0,0.0,2040.0,943.0,0.0,0.0
2.0,27780.0,760.0,2878.0,3679.0,0.0,0.0,1935.0,943.0,760.0,0.0
2.0,30699.0,2854.0,2827.0,0.0,0.0,0.0,1884.0,943.0,2854.0,0.0
2.0,27845.0,4942.0,2852.0,0.0,0.0,0.0,1926.0,926.0,4942.0,0.0
2.0,22903.0,6275.0,2939.0,0.0,0.0,0.0,2046.0,893.0,6275.0,0.0
2.0,16628.0,5508.0,2994.0,0.0,3850.0,3850.0,2152.0,842.0,5508.0,0.0
2.0,11120.0,3545.0,3011.0,0.0,7480.0,7480.0,2203.0,808.0,2657.0,888.0
2.0,7575.0,1786.0,3011.0,0.0,9266.0,9266.0,2203.0,808.0,0.0,1786.0
2.0,5789.0,2679.0,3062.0,3850.0,8350.0,8350.0,2203.0,859.0,0.0,2679.0
2.0,6960.0,2684.0,3101.0,7480.0,3749.0,3749.0,2191.0,910.0,0.0,2684.0
2.0,11756.0,1791.0,3083.0,9266.0,0.0,0.0,2138.0,945.0,0.0,1791.0
2.0,19231.0,5.0,2991.0,8350.0,0.0,0.0,2046.0,945.0,0.0,5.0
2.0,27576.0,738.0,2887.0,3749.0,0.0,0.0,1942.0,945.0,738.0,0.0
2.0,30587.0,2822.0,2835.0,0.0,0.0,0.0,1890.0,945.0,2822.0,0.0
2.0,27765.0,4907.0,2858.0,0.0,0.0,0.0,1930.0,928.0,4907.0,0.0
2.0,22858.0,6259.0,2945.0,0.0,0.0,0.0,2050.0,895.0,6259.0,0.0
2.0,16599.0,5523.0,3002.0,0.0,3934.0,3934.0,2157.0,845.0,5523.0,0.0
2.0,11076.0,3603.0,3020.0,0.0,7627.0,7627.0,2209.0,811.0,2708.0,895.0
2.0,7473.0,1790.0,3020.0,0.0,9417.0,9417.0,2209.0,811.0,0.0,1790.0
2.0,5683.0,2685.0,3070.0,3934.0,8418.0,8418.0,2209.0,861.0,0.0,2685.0
2.0,6932.0,2686.0,3109.0,7627.0,3672.0,3672.0,2196.0,913.0,0.0,2686.0
2.0,11873.0,1792.0,3090.0,9417.0,0.0,0.0,2143.0,947.0,0.0,1792.0
2.0,19498.0,9.0,2997.0,8418.0,0.0,0.0,2050.0,947.0,0.0,9.0
2.0,27907.0,782.0,2892.0,3672.0,0.0,0.0,1945.0,947.0,782.0,0.0
2.0,30797.0,2879.0,2841.0,0.0,0.0,0.0,1894.0,947.0,2879.0,0.0
2.0,27918.0,4983.0,2866.0,0.0,0.0,0.0,1936.0,930.0,4983.0,0.0
2.0,22935.0,6302.0,2954.0,0.0,0.0,0.0,2058.0,896.0,6302.0,0.0
2.0,16633.0,5553.0,3010.0,0.0,3970.0,3970.0,2164.0,846.0,5530.0,23.0
2.0,11080.0,3576.0,3027.0,0.0,7631.0,7631.0,2215.0,812.0,2651.0,925.0
2.0,7504.0,1827.0,3028.0,0.0,9463.0,9463.0,2215.0,813.0,0.0,1827.0
2.0,5677.0,2707.0,3079.0,3970.0,8455.0,8455.0,2215.0,864.0,0.0,2707.0
2.0,6940.0,2686.0,3117.0,7631.0,3700.0,3700.0,2201.0,916.0,0.0,2686.0
2.0,11885.0,1769.0,3096.0,9463.0,0.0,0.0,2146.0,950.0,0.0,1769.0
2.0,19579.0,0.0,3001.0,8455.0,0.0,0.0,2051.0,950.0,0.0,0.0
2.0,28034.0,845.0,2897.0,3700.0,0.0,0.0,1947.0,950.0,845.0,0.0
2.0,30889.0,2961.0,2847.0,0.0,0.0,0.0,1897.0,950.0,2961.0,0.0
2.0,27928.0,5083.0,2875.0,0.0,0.0,0.0,1943.0,932.0,5083.0,0.0
2.0,22845.0,6356.0,2964.0,0.0,0.0,0.0,2066.0,898.0,6356.0,0.0
2.0,16489.0,5570.0,3019.0,0.0,4176.0,4176.0,2172.0,847.0,5519.0,51.0
2.0,10919.0,3515.0,3035.0,0.0,7771.0,7771.0,2221.0,814.0,2556.0,959.0
2.0,7404.0,1867.0,3036.0,0.0,9643.0,9643.0,2221.0,815.0,0.0,1867.0
2.0,5537.0,2725.0,3089.0,4176.0,8457.0,8457.0,2221.0,868.0,0.0,2725.0
2.0,6988.0,2680.0,3125.0,7771.0,3546.0,3546.0,2206.0,919.0,0.0,2680.0
2.0,12079.0,1722.0,3102.0,9643.0,0.0,0.0,2150.0,952.0,0.0,1722.0
2.0,20000.0,0.0,3006.0,8457.0,0.0,0.0,2054.0,952.0,0.0,0.0
2.0,28457.0,864.0,2902.0,3546.0,0.0,0.0,1950.0,952.0,864.0,0.0
2.0,31139.0,2984.0,2853.0,0.0,0.0,0.0,1901.0,952.0,2984.0,0.0
2.0,28155.0,5109.0,2883.0,0.0,0.0,0.0,1949.0,934.0,5109.0,0.0
2.0,23046.0,6364.0,2972.0,0.0,0.0,0.0,2072.0,900.0,6364.0,0.0
2.0,16682.0,5551.0,3026.0,0.0,3999.0,3999.0,2177.0,849.0,5503.0,48.0
2.0,11131.0,3466.0,3042.0,0.0,7545.0,7545.0,2226.0,816.0,2511.0,955.0
2.0,7665.0,1862.0,3043.0,0.0,9412.0,9412.0,2226.0,817.0,0.0,1862.0
2.0,5803.0,2725.0,3096.0,3999.0,8403.0,8403.0,2226.0,870.0,0.0,2725.0
2.0,7077.0,2676.0,3132.0,7545.0,3714.0,3714.0,2211.0,921.0,0.0,2676.0
2.0,11946.0,1720.0,3110.0,9412.0,0.0,0.0,2156.0,954.0,0.0,1720.0
2.0,19638.0,0.0,3015.0,8403.0,0.0,0.0,2061.0,954.0,0.0,0.0
2.0,28041.0,834.0,2910.0,3714.0,0.0,0.0,1956.0,954.0,834.0,0.0
2.0,30921.0,2950.0,2861.0,0.0,0.0,0.0,1907.0,954.0,2950.0,0.0
2.0,27971.0,5060.0,2891.0,0.0,0.0,0.0,1954.0,937.0,5060.0,0.0
2.0,22911.0,6341.0,2978.0,0.0,0.0,0.0,2075.0,903.0,6341.0,0.0
2.0,16570.0,5530.0,3033.0,0.0,4125.0,4125.0,2181.0,852.0,5500.0,30.0
2.0,11040.0,3482.0,3048.0,0.0,7682.0,7682.0,2230.0,818.0,2549.0,933.0
2.0,7558.0,1841.0,3049.0,0.0,9528.0,9528.0,2230.0,819.0,0.0,1841.0
2.0,5717.0,2714.0,3101.0,4125.0,8377.0,8377.0,2230.0,871.0,0.0,2714.0
2.0,7128.0,2684.0,3139.0,7682.0,3569.0,3569.0,2216.0,923.0,0.0,2684.0
2.0,12126.0,1746.0,3118.0,9528.0,0.0,0.0,2162.0,956.0,0.0,1746.0
2.0,19908.0,0.0,3023.0,8377.0,0.0,0.0,2067.0,956.0,0.0,0.0
2.0,28285.0,826.0,2919.0,3569.0,0.0,0.0,1963.0,956.0,826.0,0.0
2.0,31028.0,2941.0,2869.0,0.0,0.0,0.0,1913.0,956.0,2941.0,0.0
2.0,28087.0,5052.0,2897.0,0.0,0.0,0.0,1958.0,939.0,5052.0,0.0
2.0,23035.0,6343.0,2985.0,0.0,0.0,0.0,2080.0,905.0,6343.0,0.0
2.0,16692.0,5548.0,3040.0,0.0,4056.0,4056.0,2186.0,854.0,5515.0,33.0
2.0,11144.0,3527.0,3056.0,0.0,7663.0,7663.0,2236.0,820.0,2583.0,944.0
2.0,7617.0,1851.0,3057.0,0.0,9519.0,9519.0,2236.0,821.0,0.0,1851.0
2.0,5766.0,2725.0,3110.0,4056.0,8453.0,8453.0,2236.0,874.0,0.0,2725.0
2.0,7097.0,2689.0,3146.0,7663.0,3659.0,3659.0,2221.0,925.0,0.0,2689.0
2.0,12071.0,1747.0,3125.0,9519.0,0.0,0.0,2166.0,959.0,0.0,1747.0
2.0,19843.0,0.0,3029.0,8453.0,0.0,0.0,2070.0,959.0,0.0,0.0
2.0,28296.0,875.0,2924.0,3659.0,0.0,0.0,1965.0,959.0,875.0,0.0
2.0,31080.0,3007.0,2875.0,0.0,0.0,0.0,1917.0,958.0,3007.0,0.0
2.0,28073.0,5136.0,2906.0,0.0,0.0,0.0,1965.0,941.0,5136.0,0.0
2.0,22937.0,6396.0,2994.0,0.0,0.0,0.0,2088.0,906.0,6396.0,0.0
2.0,16541.0,5587.0,3049.0,0.0,4291.0,4291.0,2194.0,855.0,5521.0,66.0
2.0,10954.0,3504.0,3064.0,0.0,7870.0,7870.0,2242.0,822.0,2524.0,980.0
2.0,7450.0,1895.0,3066.0,0.0,9775.0,9775.0,2242.0,824.0,0.0,1895.0
2.0,5555.0,2745.0,3119.0,4291.0,8494.0,8494.0,2242.0,877.0,0.0,2745.0
2.0,7101.0,2681.0,3155.0,7870.0,3485.0,3485.0,2226.0,929.0,0.0,2681.0
2.0,12290.0,1708.0,3131.0,9775.0,0.0,0.0,2169.0,962.0,0.0,1708.0
2.0,20357.0,0.0,3034.0,8494.0,0.0,0.0,2072.0,962.0,0.0,0.0
2.0,28851.0,933.0,2929.0,3485.0,0.0,0.0,1967.0,962.0,933.0,0.0
2.0,31403.0,3076.0,2881.0,0.0,0.0,0.0,1920.0,961.0,3076.0,0.0
2.0,28327.0,5220.0,2913.0,0.0,0.0,0.0,1971.0,942.0,5220.0,0.0
2.0,23107.0,6436.0,3001.0,0.0,0.0,0.0,2095.0,906.0,6436.0,0.0
2.0,16671.0,5594.0,3057.0,0.0,4208.0,4208.0,2201.0,856.0,5505.0,89.0
2.0,11077.0,3443.0,3071.0,0.0,7721.0,7721.0,2248.0,823.0,2435.0,1008.0
2.0,7634.0,1927.0,3075.0,0.0,9668.0,9668.0,2248.0,827.0,0.0,1927.0
2.0,5707.0,2757.0,3128.0,4208.0,8482.0,8482.0,2248.0,880.0,0.0,2757.0
2.0,7158.0,2673.0,3163.0,7721.0,3609.0,3609.0,2231.0,932.0,0.0,2673.0
2.0,12206.0,1665.0,3138.0,9668.0,0.0,0.0,2174.0,964.0,0.0,1665.0
2.0,20209.0,0.0,3040.0,8482.0,0.0,0.0,2076.0,964.0,0.0,0.0
2.0,28691.0,940.0,2935.0,3609.0,0.0,0.0,1971.0,964.0,940.0,0.0
2.0,31360.0,3082.0,2888.0,0.0,0.0,0.0,1925.0,963.0,3082.0,0.0
2.0,28278.0,5229.0,2921.0,0.0,0.0,0.0,1977.0,944.0,5229.0,0.0
2.0,23049.0,6430.0,3010.0,0.0,0.0,0.0,2101.0,909.0,6430.0,0.0
2.0,16619.0,5569.0,3064.0,0.0,4270.0,4270.0,2206.0,858.0,5488.0,81.0
2.0,11050.0,3400.0,3078.0,0.0,7740.0,7740.0,2252.0,826.0,2403.0,997.0
2.0,7650.0,1913.0,3081.0,0.0,9668.0,9668.0,2252.0,829.0,0.0,1913.0
2.0,5737.0,2753.0,3134.0,4270.0,8416.0,8416.0,2252.0,882.0,0.0,2753.0
2.0,7254.0,2671.0,3170.0,7740.0,3527.0,3527.0,2236.0,934.0,0.0,2671.0
2.0,12323.0,1673.0,3146.0,9668.0,0.0,0.0,2180.0,966.0,0.0,1673.0
2.0,20318.0,0.0,3048.0,8416.0,0.0,0.0,2082.0,966.0,0.0,0.0
2.0,28734.0,912.0,2944.0,3527.0,0.0,0.0,1978.0,966.0,912.0,0.0
2.0,31349.0,3046.0,2896.0,0.0,0.0,0.0,1931.0,965.0,3046.0,0.0
2.0,28303.0,5184.0,2929.0,0.0,0.0,0.0,1982.0,947.0,5184.0,0.0
2.0,23119.0,6405.0,3017.0,0.0,0.0,0.0,2105.0,912.0,6405.0,0.0
2.0,16714.0,5563.0,3071.0,0.0,4204.0,4204.0,2210.0,861.0,5497.0,66.0
2.0,11151.0,3431.0,3085.0,0.0,7705.0,7705.0,2257.0,828.0,2446.0,985.0
2.0,7720.0,1899.0,3088.0,0.0,9619.0,9619.0,2257.0,831.0,0.0,1899.0
2.0,5821.0,2747.0,3141.0,4204.0,8427.0,8427.0,2257.0,884.0,0.0,2747.0
2.0,7278.0,2676.0,3177.0,7705.0,3578.0,3578.0,2242.0,935.0,0.0,2676.0
2.0,12307.0,1691.0,3153.0,9619.0,0.0,0.0,2185.0,968.0,0.0,1691.0
2.0,20235.0,0.0,3056.0,8427.0,0.0,0.0,2088.0,968.0,0.0,0.0
2.0,28662.0,919.0,2952.0,3578.0,0.0,0.0,1984.0,968.0,919.0,0.0
2.0,31321.0,3057.0,2903.0,0.0,0.0,0.0,1936.0,967.0,3057.0,0.0
2.0,28264.0,5201.0,2936.0,0.0,0.0,0.0,1987.0,949.0,5201.0,0.0
2.0,23063.0,6423.0,3024.0,0.0,0.0,0.0,2110.0,914.0,6423.0,0.0
2.0,16640.0,5597.0,3079.0,0.0,4352.0,4352.0,2216.0,863.0,5513.0,84.0
2.0,11043.0,3458.0,3093.0,0.0,7880.0,7880.0,2263.0,830.0,2456.0,1002.0
2.0,7585.0,1921.0,3097.0,0.0,9821.0,9821.0,2263.0,834.0,0.0,1921.0
2.0,5664.0,2757.0,3150.0,4352.0,8491.0,8491.0,2263.0,887.0,0.0,2757.0
2.0,7259.0,2676.0,3185.0,7880.0,3462.0,3462.0,2247.0,938.0,0.0,2676.0
2.0,12463.0,1677.0,3159.0,9821.0,0.0,0.0,2189.0,970.0,0.0,1677.0
2.0,20607.0,0.0,3060.0,8491.0,0.0,0.0,2090.0,970.0,0.0,0.0
2.0,29098.0,979.0,2956.0,3462.0,0.0,0.0,1986.0,970.0,979.0,0.0
2.0,31581.0,3141.0,2909.0,0.0,0.0,0.0,1940.0,969.0,3141.0,0.0
2.0,28440.0,5299.0,2943.0,0.0,0.0,0.0,1993.0,950.0,5299.0,0.0
2.0,23141.0,6480.0,3032.0,0.0,0.0,0.0,2118.0,914.0,6480.0,0.0
2.0,16661.0,5628.0,3087.0,0.0,4402.0,4402.0,2224.0,863.0,5506.0,122.0
2.0,11033.0,3419.0,3101.0,0.0,7891.0,7891.0,2269.0,832.0,2370.0,1049.0
2.0,7614.0,1976.0,3106.0,0.0,9892.0,9892.0,2269.0,837.0,0.0,1976.0
2.0,5638.0,2782.0,3160.0,4402.0,8542.0,8542.0,2269.0,891.0,0.0,2782.0
2.0,7258.0,2661.0,3194.0,7891.0,3482.0,3482.0,2252.0,942.0,0.0,2661.0
2.0,12488.0,1619.0,3165.0,9892.0,0.0,0.0,2192.0,973.0,0.0,1619.0
2.0,20761.0,0.0,3065.0,8542.0,0.0,0.0,2092.0,973.0,0.0,0.0
2.0,29303.0,1030.0,2961.0,3482.0,0.0,0.0,1988.0,973.0,1030.0,0.0
2.0,31755.0,3204.0,2915.0,0.0,0.0,0.0,1944.0,971.0,3204.0,0.0
2.0,28551.0,5373.0,2952.0,0.0,0.0,0.0,2000.0,952.0,5373.0,0.0
2.0,23178.0,6517.0,3041.0,0.0,0.0,0.0,2126.0,915.0,6517.0,0.0
2.0,16661.0,5618.0,3095.0,0.0,4432.0,4432.0,2231.0,864.0,5482.0,136.0
2.0,11043.0,3348.0,3109.0,0.0,7850.0,7850.0,2275.0,834.0,2283.0,1065.0
2.0,7695.0,1994.0,3115.0,0.0,9874.0,9874.0,2275.0,840.0,0.0,1994.0
2.0,5701.0,2787.0,3168.0,4432.0,8494.0,8494.0,2275.0,893.0,0.0,2787.0
2.0,7346.0,2656.0,3202.0,7850.0,3470.0,3470.0,2257.0,945.0,0.0,2656.0
2.0,12540.0,1590.0,3173.0,9874.0,0.0,0.0,2198.0,975.0,0.0,1590.0
2.0,20824.0,0.0,3072.0,8494.0,0.0,0.0,2097.0,975.0,0.0,0.0
2.0,29318.0,1013.0,2968.0,3470.0,0.0,0.0,1993.0,975.0,1013.0,0.0
2.0,31775.0,3182.0,2922.0,0.0,0.0,0.0,1948.0,974.0,3182.0,0.0
2.0,28593.0,5345.0,2959.0,0.0,0.0,0.0,2005.0,954.0,5345.0,0.0
2.0,23248.0,6499.0,3048.0,0.0,0.0,0.0,2130.0,918.0,6499.0,0.0
2.0,16749.0,5602.0,3102.0,0.0,4363.0,4363.0,2235.0,867.0,5478.0,124.0
2.0,11147.0,3348.0,3116.0,0.0,7781.0,7781.0,2280.0,836.0,2298.0,1050.0
2.0,7799.0,1975.0,3122.0,0.0,9786.0,9786.0,2280.0,842.0,0.0,1975.0
2.0,5824.0,2781.0,3175.0,4363.0,8469.0,8469.0,2280.0,895.0,0.0,2781.0
2.0,7406.0,2656.0,3208.0,7781.0,3509.0,3509.0,2262.0,946.0,0.0,2656.0
2.0,12531.0,1605.0,3180.0,9786.0,0.0,0.0,2203.0,977.0,0.0,1605.0
2.0,20712.0,0.0,3081.0,8469.0,0.0,0.0,2104.0,977.0,0.0,0.0
2.0,29181.0,982.0,2976.0,3509.0,0.0,0.0,1999.0,977.0,982.0,0.0
2.0,31708.0,3144.0,2930.0,0.0,0.0,0.0,1954.0,976.0,3144.0,0.0
2.0,28564.0,5301.0,2966.0,0.0,0.0,0.0,2009.0,957.0,5301.0,0.0
2.0,23263.0,6481.0,3054.0,0.0,0.0,0.0,2134.0,920.0,6481.0,0.0
2.0,16782.0,5607.0,3109.0,0.0,4370.0,4370.0,2239.0,870.0,5495.0,112.0
2.0,11175.0,3394.0,3123.0,0.0,7834.0,7834.0,2285.0,838.0,2357.0,1037.0
2.0,7781.0,1967.0,3128.0,0.0,9826.0,9826.0,2285.0,843.0,0.0,1967.0
2.0,5814.0,2780.0,3182.0,4370.0,8506.0,8506.0,2285.0,897.0,0.0,2780.0
2.0,7404.0,2669.0,3215.0,7834.0,3506.0,3506.0,2267.0,948.0,0.0,2669.0
2.0,12569.0,1628.0,3188.0,9826.0,0.0,0.0,2208.0,980.0,0.0,1628.0
2.0,20767.0,0.0,3088.0,8506.0,0.0,0.0,2108.0,980.0,0.0,0.0
2.0,29273.0,1009.0,2984.0,3506.0,0.0,0.0,2004.0,980.0,1009.0,0.0
2.0,31770.0,3175.0,2937.0,0.0,0.0,0.0,1959.0,978.0,3175.0,0.0
2.0,28595.0,5348.0,2974.0,0.0,0.0,0.0,2015.0,959.0,5348.0,0.0
2.0,23247.0,6509.0,3062.0,0.0,0.0,0.0,2140.0,922.0,6509.0,0.0
2.0,16738.0,5633.0,3117.0,0.0,4480.0,4480.0,2246.0,871.0,5506.0,127.0
2.0,11105.0,3399.0,3131.0,0.0,7949.0,7949.0,2291.0,840.0,2336.0,1063.0
2.0,7706.0,1995.0,3137.0,0.0,9974.0,9974.0,2291.0,846.0,0.0,1995.0
2.0,5711.0,2801.0,3191.0,4480.0,8565.0,8565.0,2291.0,900.0,0.0,2801.0
2.0,7390.0,2672.0,3224.0,7949.0,3453.0,3453.0,2272.0,952.0,0.0,2672.0
2.0,12667.0,1611.0,3194.0,9974.0,0.0,0.0,2212.0,982.0,0.0,1611.0
2.0,21030.0,0.0,3092.0,8565.0,0.0,0.0,2110.0,982.0,0.0,0.0
2.0,29595.0,1079.0,2988.0,3453.0,0.0,0.0,2006.0,982.0,1079.0,0.0
2.0,31969.0,3265.0,2943.0,0.0,0.0,0.0,1963.0,980.0,3265.0,0.0
2.0,28704.0,5457.0,2982.0,0.0,0.0,0.0,2022.0,960.0,5457.0,0.0
2.0,23247.0,6567.0,3070.0,0.0,0.0,0.0,2148.0,922.0,6567.0,0.0
2.0,16680.0,5654.0,3126.0,0.0,4604.0,4604.0,2254.0,872.0,5497.0,157.0
2.0,11026.0,3327.0,3138.0,0.0,7991.0,7991.0,2297.0,841.0,2231.0,1096.0
2.0,7699.0,2035.0,3146.0,0.0,10066.0,10066.0,2297.0,849.0,0.0,2035.0
2.0,5664.0,2817.0,3201.0,4604.0,8554.0,8554.0,2297.0,904.0,0.0,2817.0
2.0,7451.0,2661.0,3232.0,7991.0,3379.0,3379.0,2277.0,955.0,0.0,2661.0
2.0,12781.0,1571.0,3201.0,10066.0,0.0,0.0,2216.0,985.0,0.0,1571.0
2.0,21276.0,0.0,3097.0,8554.0,0.0,0.0,2112.0,985.0,0.0,0.0
2.0,29830.0,1110.0,2993.0,3379.0,0.0,0.0,2008.0,985.0,1110.0,0.0
2.0,32099.0,3303.0,2948.0,0.0,0.0,0.0,1966.0,982.0,3303.0,0.0
2.0,28796.0,5501.0,2990.0,0.0,0.0,0.0,2028.0,962.0,5501.0,0.0
2.0,23295.0,6584.0,3079.0,0.0,0.0,0.0,2155.0,924.0,6584.0,0.0
2.0,16711.0,5643.0,3133.0,0.0,4597.0,4597.0,2260.0,873.0,5478.0,165.0
2.0,11068.0,3273.0,3145.0,0.0,7930.0,7930.0,2302.0,843.0,2169.0,1104.0
2.0,7795.0,2043.0,3154.0,0.0,10018.0,10018.0,2302.0,852.0,0.0,2043.0
2.0,5752.0,2816.0,3208.0,4597.0,8507.0,8507.0,2302.0,906.0,0.0,2816.0
2.0,7533.0,2655.0,3239.0,7930.0,3387.0,3387.0,2282.0,957.0,0.0,2655.0
2.0,12808.0,1550.0,3208.0,10018.0,0.0,0.0,2221.0,987.0,0.0,1550.0
2.0,21276.0,0.0,3105.0,8507.0,0.0,0.0,2118.0,987.0,0.0,0.0
2.0,29783.0,1084.0,3001.0,3387.0,0.0,0.0,2014.0,987.0,1084.0,0.0
2.0,32086.0,3270.0,2957.0,0.0,0.0,0.0,1972.0,985.0,3270.0,0.0
2.0,28816.0,5460.0,2997.0,0.0,0.0,0.0,2033.0,964.0,5460.0,0.0
2.0,23356.0,6560.0,3085.0,0.0,0.0,0.0,2159.0,926.0,6560.0,0.0
2.0,16796.0,5629.0,3140.0,0.0,4533.0,4533.0,2264.0,876.0,5478.0,151.0
2.0,11167.0,3287.0,3152.0,0.0,7880.0,7880.0,2306.0,846.0,2201.0,1086.0
2.0,7880.0,2021.0,3160.0,0.0,9941.0,9941.0,2306.0,854.0,0.0,2021.0
2.0,5859.0,2810.0,3214.0,4533.0,8488.0,8488.0,2306.0,908.0,0.0,2810.0
2.0,7582.0,2659.0,3247.0,7880.0,3432.0,3432.0,2288.0,959.0,0.0,2659.0
2.0,12803.0,1572.0,3216.0,9941.0,0.0,0.0,2227.0,989.0,0.0,1572.0
2.0,21172.0,0.0,3114.0,8488.0,0.0,0.0,2125.0,989.0,0.0,0.0
2.0,29660.0,1065.0,3010.0,3432.0,0.0,0.0,2021.0,989.0,1065.0,0.0
2.0,32027.0,3252.0,2965.0,0.0,0.0,0.0,1978.0,987.0,3252.0,0.0
2.0,28775.0,5434.0,3004.0,0.0,0.0,0.0,2037.0,967.0,5434.0,0.0
2.0,23341.0,6557.0,3092.0,0.0,0.0,0.0,2163.0,929.0,6557.0,0.0
2.0,16784.0,5635.0,3147.0,0.0,4586.0,4586.0,2269.0,878.0,5489.0,146.0
2.0,11149.0,3322.0,3160.0,0.0,7973.0,7973.0,2312.0,848.0,2240.0,1082.0
2.0,7827.0,2024.0,3168.0,0.0,10037.0,10037.0,2312.0,856.0,0.0,2024.0
2.0,5803.0,2815.0,3222.0,4586.0,8536.0,8536.0,2312.0,910.0,0.0,2815.0
2.0,7574.0,2671.0,3253.0,7973.0,3389.0,3389.0,2292.0,961.0,0.0,2671.0
2.0,12876.0,1586.0,3223.0,10037.0,0.0,0.0,2231.0,992.0,0.0,1586.0
2.0,21327.0,0.0,3120.0,8536.0,0.0,0.0,2128.0,992.0,0.0,0.0
2.0,29863.0,1109.0,3017.0,3389.0,0.0,0.0,2025.0,992.0,1109.0,0.0
2.0,32143.0,3310.0,2971.0,0.0,0.0,0.0,1982.0,989.0,3310.0,0.0
2.0,28833.0,5508.0,3012.0,0.0,0.0,0.0,2043.0,969.0,5508.0,0.0
2.0,23325.0,6604.0,3100.0,0.0,0.0,0.0,2170.0,930.0,6604.0,0.0
2.0,16721.0,5666.0,3156.0,0.0,4725.0,4725.0,2276.0,880.0,5495.0,171.0
2.0,11055.0,3310.0,3168.0,0.0,8095.0,8095.0,2318.0,850.0,2195.0,1115.0
2.0,7745.0,2060.0,3176.0,0.0,10195.0,10195.0,2318.0,858.0,0.0,2060.0
2.0,5685.0,2834.0,3231.0,4725.0,8579.0,8579.0,2318.0,913.0,0.0,2834.0
2.0,7576.0,2665.0,3262.0,8095.0,3304.0,3304.0,2298.0,964.0,0.0,2665.0
2.0,13006.0,1552.0,3229.0,10195.0,0.0,0.0,2235.0,994.0,0.0,1552.0
2.0,21649.0,0.0,3124.0,8579.0,0.0,0.0,2130.0,994.0,0.0,0.0
2.0,30228.0,1165.0,3020.0,3304.0,0.0,0.0,2026.0,994.0,1165.0,0.0
2.0,32367.0,3384.0,2976.0,0.0,0.0,0.0,1985.0,991.0,3384.0,0.0
2.0,28983.0,5599.0,3020.0,0.0,0.0,0.0,2050.0,970.0,5599.0,0.0
2.0,23384.0,6655.0,3109.0,0.0,0.0,0.0,2178.0,931.0,6655.0,0.0
2.0,16729.0,5691.0,3165.0,0.0,4787.0,4787.0,2284.0,881.0,5488.0,203.0
2.0,11038.0,3264.0,3176.0,0.0,8106.0,8106.0,2324.0,852.0,2111.0,1153.0
2.0,7774.0,2103.0,3186.0,0.0,10259.0,10259.0,2324.0,862.0,0.0,2103.0
2.0,5671.0,2850.0,3241.0,4787.0,8597.0,8597.0,2324.0,917.0,0.0,2850.0
2.0,7608.0,2647.0,3270.0,8106.0,3283.0,3283.0,2303.0,967.0,0.0,2647.0
2.0,13067.0,1499.0,3235.0,10259.0,0.0,0.0,2239.0,996.0,0.0,1499.0
2.0,21827.0,0.0,3130.0,8597.0,0.0,0.0,2134.0,996.0,0.0,0.0
2.0,30424.0,1174.0,3026.0,3283.0,0.0,0.0,2030.0,996.0,1174.0,0.0
2.0,32533.0,3396.0,2982.0,0.0,0.0,0.0,1989.0,993.0,3396.0,0.0
2.0,29137.0,5612.0,3028.0,0.0,0.0,0.0,2056.0,972.0,5612.0,0.0
2.0,23525.0,6658.0,3117.0,0.0,0.0,0.0,2184.0,933.0,6658.0,0.0
2.0,16867.0,5681.0,3171.0,0.0,4669.0,4669.0,2289.0,882.0,5476.0,205.0
2.0,11186.0,3236.0,3183.0,0.0,7965.0,7965.0,2329.0,854.0,2083.0,1153.0
2.0,7950.0,2101.0,3193.0,0.0,10116.0,10116.0,2329.0,864.0,0.0,2101.0
2.0,5849.0,2844.0,3248.0,4669.0,8566.0,8566.0,2329.0,919.0,0.0,2844.0
2.0,7674.0,2643.0,3278.0,7965.0,3394.0,3394.0,2308.0,970.0,0.0,2643.0
2.0,12996.0,1489.0,3243.0,10116.0,0.0,0.0,2245.0,998.0,0.0,1489.0
2.0,21623.0,0.0,3138.0,8566.0,0.0,0.0,2140.0,998.0,0.0,0.0
2.0,30189.0,1144.0,3034.0,3394.0,0.0,0.0,2036.0,998.0,1144.0,0.0
2.0,32439.0,3351.0,2990.0,0.0,0.0,0.0,1995.0,995.0,3351.0,0.0
2.0,29088.0,5563.0,3034.0,0.0,0.0,0.0,2060.0,974.0,5563.0,0.0
2.0,23525.0,6625.0,3123.0,0.0,0.0,0.0,2187.0,936.0,6625.0,0.0
2.0,16900.0,5676.0,3178.0,0.0,4666.0,4666.0,2293.0,885.0,5485.0,191.0
2.0,11224.0,3264.0,3190.0,0.0,7990.0,7990.0,2334.0,856.0,2128.0,1136.0
2.0,7960.0,2081.0,3200.0,0.0,10121.0,10121.0,2334.0,866.0,0.0,2081.0
2.0,5879.0,2840.0,3254.0,4666.0,8565.0,8565.0,2334.0,920.0,0.0,2840.0
2.0,7705.0,2649.0,3284.0,7990.0,3374.0,3374.0,2313.0,971.0,0.0,2649.0
2.0,13046.0,1513.0,3251.0,10121.0,0.0,0.0,2251.0,1000.0,0.0,1513.0
2.0,21654.0,0.0,3146.0,8565.0,0.0,0.0,2146.0,1000.0,0.0,0.0
2.0,30219.0,1141.0,3042.0,3374.0,0.0,0.0,2042.0,1000.0,1141.0,0.0
2.0,32452.0,3349.0,2999.0,0.0,0.0,0.0,2001.0,998.0,3349.0,0.0
2.0,29103.0,5563.0,3042.0,0.0,0.0,0.0,2065.0,977.0,5563.0,0.0
2.0,23540.0,6633.0,3130.0,0.0,0.0,0.0,2192.0,938.0,6633.0,0.0
2.0,16907.0,5696.0,3185.0,0.0,4714.0,4714.0,2298.0,887.0,5501.0,195.0
2.0,11211.0,3294.0,3198.0,0.0,8073.0,8073.0,2340.0,858.0,2151.0,1143.0
2.0,7917.0,2097.0,3208.0,0.0,10220.0,10220.0,2340.0,868.0,0.0,2097.0
2.0,5820.0,2852.0,3263.0,4714.0,8633.0,8633.0,2340.0,923.0,0.0,2852.0
2.0,7682.0,2659.0,3292.0,8073.0,3364.0,3364.0,2318.0,974.0,0.0,2659.0
2.0,13096.0,1513.0,3258.0,10220.0,0.0,0.0,2255.0,1003.0,0.0,1513.0
2.0,21803.0,0.0,3152.0,8633.0,0.0,0.0,2149.0,1003.0,0.0,0.0
2.0,30436.0,1197.0,3048.0,3364.0,0.0,0.0,2045.0,1003.0,1197.0,0.0
2.0,32603.0,3423.0,3005.0,0.0,0.0,0.0,2005.0,1000.0,3423.0,0.0
2.0,29180.0,5656.0,3049.0,0.0,0.0,0.0,2071.0,978.0,5656.0,0.0
2.0,23524.0,6688.0,3139.0,0.0,0.0,0.0,2200.0,939.0,6688.0,0.0
2.0,16836.0,5719.0,3194.0,0.0,4853.0,4853.0,2306.0,888.0,5501.0,218.0
2.0,11117.0,3258.0,3206.0,0.0,8171.0,8171.0,2346.0,860.0,2078.0,1180.0
2.0,7859.0,2137.0,3217.0,0.0,10363.0,10363.0,2346.0,871.0,0.0,2137.0
2.0,5722.0,2877.0,3272.0,4853.0,8662.0,8662.0,2346.0,926.0,0.0,2877.0
2.0,7698.0,2655.0,3300.0,8171.0,3286.0,3286.0,2323.0,977.0,0.0,2655.0
2.0,13214.0,1477.0,3264.0,10363.0,0.0,0.0,2258.0,1006.0,0.0,1477.0
2.0,22100.0,0.0,3157.0,8662.0,0.0,0.0,2151.0,1006.0,0.0,0.0
2.0,30762.0,1250.0,3053.0,3286.0,0.0,0.0,2047.0,1006.0,1250.0,0.0
2.0,32798.0,3496.0,3010.0,0.0,0.0,0.0,2008.0,1002.0,3496.0,0.0
2.0,29302.0,5738.0,3058.0,0.0,0.0,0.0,2078.0,980.0,5738.0,0.0
2.0,23564.0,6730.0,3147.0,0.0,0.0,0.0,2208.0,939.0,6730.0,0.0
2.0,16834.0,5720.0,3202.0,0.0,4896.0,4896.0,2313.0,889.0,5481.0,239.0
2.0,11114.0,3185.0,3212.0,0.0,8131.0,8131.0,2351.0,861.0,1985.0,1200.0
2.0,7929.0,2161.0,3225.0,0.0,10357.0,10357.0,2351.0,874.0,0.0,2161.0
2.0,5768.0,2882.0,3280.0,4896.0,8618.0,8618.0,2351.0,929.0,0.0,2882.0
2.0,7782.0,2642.0,3308.0,8131.0,3269.0,3269.0,2328.0,980.0,0.0,2642.0
2.0,13271.0,1446.0,3271.0,10357.0,0.0,0.0,2263.0,1008.0,0.0,1446.0
2.0,22182.0,0.0,3163.0,8618.0,0.0,0.0,2155.0,1008.0,0.0,0.0
2.0,30800.0,1249.0,3059.0,3269.0,0.0,0.0,2051.0,1008.0,1249.0,0.0
2.0,32820.0,3493.0,3017.0,0.0,0.0,0.0,2013.0,1004.0,3493.0,0.0
2.0,29327.0,5731.0,3065.0,0.0,0.0,0.0,2083.0,982.0,5731.0,0.0
2.0,23596.0,6724.0,3155.0,0.0,0.0,0.0,2213.0,942.0,6724.0,0.0
2.0,16872.0,5701.0,3209.0,0.0,4874.0,4874.0,2318.0,891.0,5467.0,234.0
2.0,11171.0,3163.0,3219.0,0.0,8087.0,8087.0,2356.0,863.0,1971.0,1192.0
2.0,8008.0,2149.0,3232.0,0.0,10301.0,10301.0,2356.0,876.0,0.0,2149.0
2.0,5859.0,2872.0,3287.0,4874.0,8574.0,8574.0,2356.0,931.0,0.0,2872.0
2.0,7861.0,2641.0,3316.0,8087.0,3273.0,3273.0,2334.0,982.0,0.0,2641.0
2.0,13307.0,1448.0,3279.0,10301.0,0.0,0.0,2269.0,1010.0,0.0,1448.0
2.0,22160.0,0.0,3172.0,8574.0,0.0,0.0,2162.0,1010.0,0.0,0.0
2.0,30734.0,1217.0,3068.0,3273.0,0.0,0.0,2058.0,1010.0,1217.0,0.0
2.0,32790.0,3452.0,3025.0,0.0,0.0,0.0,2019.0,1006.0,3452.0,0.0
2.0,29338.0,5682.0,3071.0,0.0,0.0,0.0,2087.0,984.0,5682.0,0.0
2.0,23656.0,6700.0,3160.0,0.0,0.0,0.0,2216.0,944.0,6700.0,0.0
2.0,16956.0,5702.0,3216.0,0.0,4826.0,4826.0,2322.0,894.0,5478.0,224.0
2.0,11254.0,3210.0,3227.0,0.0,8091.0,8091.0,2361.0,866.0,2031.0,1179.0
2.0,8044.0,2135.0,3239.0,0.0,10286.0,10286.0,2361.0,878.0,0.0,2135.0
2.0,5909.0,2872.0,3294.0,4826.0,8607.0,8607.0,2361.0,933.0,0.0,2872.0
2.0,7863.0,2649.0,3323.0,8091.0,3310.0,3310.0,2339.0,984.0,0.0,2649.0
2.0,13305.0,1470.0,3286.0,10286.0,0.0,0.0,2274.0,1012.0,0.0,1470.0
2.0,22121.0,0.0,3179.0,8607.0,0.0,0.0,2167.0,1012.0,0.0,0.0
2.0,30728.0,1226.0,3075.0,3310.0,0.0,0.0,2063.0,1012.0,1226.0,0.0
2.0,32812.0,3467.0,3033.0,0.0,0.0,0.0,2024.0,1009.0,3467.0,0.0
2.0,29345.0,5705.0,3080.0,0.0,0.0,0.0,2093.0,987.0,5705.0,0.0
2.0,23640.0,6723.0,3168.0,0.0,0.0,0.0,2222.0,946.0,6723.0,0.0
2.0,16917.0,5731.0,3224.0,0.0,4934.0,4934.0,2328.0,896.0,5497.0,234.0
2.0,11186.0,3235.0,3235.0,0.0,8224.0,8224.0,2367.0,868.0,2040.0,1195.0
2.0,7951.0,2162.0,3247.0,0.0,10446.0,10446.0,2367.0,880.0,0.0,2162.0
2.0,5789.0,2890.0,3303.0,4934.0,8682.0,8682.0,2367.0,936.0,0.0,2890.0
2.0,7833.0,2658.0,3331.0,8224.0,3256.0,3256.0,2344.0,987.0,0.0,2658.0
2.0,13399.0,1460.0,3293.0,10446.0,0.0,0.0,2278.0,1015.0,0.0,1460.0
2.0,22385.0,0.0,3184.0,8682.0,0.0,0.0,2169.0,1015.0,0.0,0.0
2.0,31067.0,1289.0,3080.0,3256.0,0.0,0.0,2065.0,1015.0,1289.0,0.0
2.0,33034.0,3544.0,3039.0,0.0,0.0,0.0,2028.0,1011.0,3544.0,0.0
2.0,29490.0,5806.0,3087.0,0.0,0.0,0.0,2099.0,988.0,5806.0,0.0
2.0,23684.0,6776.0,3177.0,0.0,0.0,0.0,2230.0,947.0,6776.0,0.0
2.0,16908.0,5749.0,3232.0,0.0,5001.0,5001.0,2335.0,897.0,5492.0,257.0
2.0,11159.0,3183.0,3242.0,0.0,8234.0,8234.0,2373.0,869.0,1952.0,1231.0
2.0,7976.0,2200.0,3256.0,0.0,10504.0,10504.0,2373.0,883.0,0.0,2200.0
2.0,5776.0,2913.0,3312.0,5001.0,8696.0,8696.0,2373.0,939.0,0.0,2913.0
2.0,7864.0,2652.0,3339.0,8234.0,3249.0,3249.0,2349.0,990.0,0.0,2652.0
2.0,13446.0,1423.0,3300.0,10504.0,0.0,0.0,2282.0,1018.0,0.0,1423.0
2.0,22527.0,0.0,3189.0,8696.0,0.0,0.0,2171.0,1018.0,0.0,0.0
2.0,31223.0,1336.0,3086.0,3249.0,0.0,0.0,2068.0,1018.0,1336.0,0.0
2.0,33136.0,3603.0,3044.0,0.0,0.0,0.0,2031.0,1013.0,3603.0,0.0
2.0,29533.0,5875.0,3096.0,0.0,0.0,0.0,2106.0,990.0,5875.0,0.0
2.0,23658.0,6805.0,3185.0,0.0,0.0,0.0,2237.0,948.0,6805.0,0.0
2.0,16853.0,5744.0,3240.0,0.0,5091.0,5091.0,2342.0,898.0,5473.0,271.0
2.0,11109.0,3106.0,3249.0,0.0,8242.0,8242.0,2378.0,871.0,1864.0,1242.0
2.0,8003.0,2212.0,3264.0,0.0,10529.0,10529.0,2378.0,886.0,0.0,2212.0
2.0,5791.0,2911.0,3320.0,5091.0,8629.0,8629.0,2378.0,942.0,0.0,2911.0
2.0,7971.0,2639.0,3347.0,8242.0,3161.0,3161.0,2354.0,993.0,0.0,2639.0
2.0,13574.0,1402.0,3307.0,10529.0,0.0,0.0,2287.0,1020.0,0.0,1402.0
2.0,22701.0,0.0,3197.0,8629.0,0.0,0.0,2177.0,1020.0,0.0,0.0
2.0,31330.0,1316.0,3093.0,3161.0,0.0,0.0,2073.0,1020.0,1316.0,0.0
2.0,33175.0,3576.0,3051.0,0.0,0.0,0.0,2036.0,1015.0,3576.0,0.0
2.0,29599.0,5840.0,3103.0,0.0,0.0,0.0,2111.0,992.0,5840.0,0.0
2.0,23759.0,6782.0,3192.0,0.0,0.0,0.0,2241.0,951.0,6782.0,0.0
2.0,16977.0,5732.0,3247.0,0.0,4990.0,4990.0,2346.0,901.0,5468.0,264.0
2.0,11245.0,3116.0,3257.0,0.0,8156.0,8156.0,2383.0,874.0,1885.0,1231.0
2.0,8129.0,2198.0,3271.0,0.0,10424.0,10424.0,2383.0,888.0,0.0,2198.0
2.0,5931.0,2900.0,3327.0,4990.0,8614.0,8614.0,2383.0,944.0,0.0,2900.0
2.0,8021.0,2640.0,3353.0,8156.0,3228.0,3228.0,2359.0,994.0,0.0,2640.0
2.0,13537.0,1408.0,3315.0,10424.0,0.0,0.0,2293.0,1022.0,0.0,1408.0
2.0,22553.0,0.0,3206.0,8614.0,0.0,0.0,2184.0,1022.0,0.0,0.0
2.0,31167.0,1293.0,3102.0,3228.0,0.0,0.0,2080.0,1022.0,1293.0,0.0
2.0,33102.0,3547.0,3060.0,0.0,0.0,0.0,2043.0,1017.0,3547.0,0.0
2.0,29555.0,5806.0,3110.0,0.0,0.0,0.0,2115.0,995.0,5806.0,0.0
2.0,23749.0,6768.0,3199.0,0.0,0.0,0.0,2245.0,954.0,6768.0,0.0
2.0,16981.0,5742.0,3254.0,0.0,5031.0,5031.0,2351.0,903.0,5481.0,261.0
2.0,11239.0,3158.0,3264.0,0.0,8239.0,8239.0,2388.0,876.0,1931.0,1227.0
2.0,8081.0,2194.0,3278.0,0.0,10503.0,10503.0,2388.0,890.0,0.0,2194.0
2.0,5887.0,2905.0,3334.0,5031.0,8657.0,8657.0,2388.0,946.0,0.0,2905.0
2.0,8013.0,2646.0,3361.0,8239.0,3199.0,3199.0,2364.0,997.0,0.0,2646.0
2.0,13606.0,1420.0,3322.0,10503.0,0.0,0.0,2298.0,1024.0,0.0,1420.0
2.0,22689.0,0.0,3212.0,8657.0,0.0,0.0,2188.0,1024.0,0.0,0.0
2.0,31346.0,1326.0,3108.0,3199.0,0.0,0.0,2084.0,1024.0,1326.0,0.0
2.0,33219.0,3596.0,3067.0,0.0,0.0,0.0,2048.0,1019.0,3596.0,0.0
2.0,29623.0,5863.0,3117.0,0.0,0.0,0.0,2121.0,996.0,5863.0,0.0
2.0,23760.0,6811.0,3207.0,0.0,0.0,0.0,2252.0,955.0,6811.0,0.0
2.0,16949.0,5765.0,3263.0,0.0,5131.0,5131.0,2358.0,905.0,5486.0,279.0
2.0,11184.0,3148.0,3272.0,0.0,8324.0,8324.0,2394.0,878.0,1895.0,1253.0
2.0,8036.0,2232.0,3287.0,0.0,10631.0,10631.0,2394.0,893.0,0.0,2232.0
2.0,5804.0,2928.0,3343.0,5131.0,8708.0,8708.0,2394.0,949.0,0.0,2928.0
2.0,8007.0,2651.0,3369.0,8324.0,3165.0,3165.0,2369.0,1000.0,0.0,2651.0
2.0,13680.0,1396.0,3328.0,10631.0,0.0,0.0,2301.0,1027.0,0.0,1396.0
2.0,22915.0,0.0,3216.0,8708.0,0.0,0.0,2189.0,1027.0,0.0,0.0
2.0,31623.0,1390.0,3113.0,3165.0,0.0,0.0,2086.0,1027.0,1390.0,0.0
2.0,33398.0,3679.0,3073.0,0.0,0.0,0.0,2051.0,1022.0,3679.0,0.0
2.0,29719.0,5965.0,3126.0,0.0,0.0,0.0,2128.0,998.0,5965.0,0.0
2.0,23754.0,6867.0,3216.0,0.0,0.0,0.0,2260.0,956.0,6867.0,0.0
2.0,16887.0,5775.0,3270.0,0.0,5238.0,5238.0,2365.0,905.0,5476.0,299.0
2.0,11112.0,3090.0,3279.0,0.0,8373.0,8373.0,2400.0,879.0,1805.0,1285.0
2.0,8022.0,2266.0,3295.0,0.0,10719.0,10719.0,2400.0,895.0,0.0,2266.0
2.0,5756.0,2948.0,3352.0,5238.0,8714.0,8714.0,2400.0,952.0,0.0,2948.0
2.0,8046.0,2644.0,3377.0,8373.0,3110.0,3110.0,2374.0,1003.0,0.0,2644.0
2.0,13775.0,1359.0,3334.0,10719.0,0.0,0.0,2305.0,1029.0,0.0,1359.0
2.0,23135.0,0.0,3221.0,8714.0,0.0,0.0,2192.0,1029.0,0.0,0.0
2.0,31849.0,1411.0,3117.0,3110.0,0.0,0.0,2088.0,1029.0,1411.0,0.0
2.0,33548.0,3706.0,3078.0,0.0,0.0,0.0,2054.0,1024.0,3706.0,0.0
2.0,29842.0,5996.0,3134.0,0.0,0.0,0.0,2134.0,1000.0,5996.0,0.0
2.0,23846.0,6879.0,3223.0,0.0,0.0,0.0,2266.0,957.0,6879.0,0.0
2.0,16967.0,5766.0,3278.0,0.0,5189.0,5189.0,2371.0,907.0,5462.0,304.0
2.0,11201.0,3043.0,3286.0,0.0,8272.0,8272.0,2405.0,881.0,1759.0,1284.0
2.0,8158.0,2264.0,3303.0,0.0,10621.0,10621.0,2405.0,898.0,0.0,2264.0
2.0,5894.0,2940.0,3359.0,5189.0,8652.0,8652.0,2405.0,954.0,0.0,2940.0
2.0,8143.0,2635.0,3385.0,8272.0,3145.0,3145.0,2380.0,1005.0,0.0,2635.0
2.0,13780.0,1355.0,3342.0,10621.0,0.0,0.0,2311.0,1031.0,0.0,1355.0
2.0,23046.0,0.0,3230.0,8652.0,0.0,0.0,2199.0,1031.0,0.0,0.0
2.0,31698.0,1384.0,3126.0,3145.0,0.0,0.0,2095.0,1031.0,1384.0,0.0
2.0,33459.0,3666.0,3086.0,0.0,0.0,0.0,2060.0,1026.0,3666.0,0.0
2.0,29793.0,5952.0,3140.0,0.0,0.0,0.0,2138.0,1002.0,5952.0,0.0
2.0,23841.0,6848.0,3230.0,0.0,0.0,0.0,2270.0,960.0,6848.0,0.0
2.0,16993.0,5757.0,3285.0,0.0,5189.0,5189.0,2375.0,910.0,5462.0,295.0
2.0,11236.0,3065.0,3294.0,0.0,8299.0,8299.0,2410.0,884.0,1794.0,1271.0
2.0,8171.0,2247.0,3310.0,0.0,10626.0,10626.0,2410.0,900.0,0.0,2247.0
2.0,5924.0,2928.0,3366.0,5189.0,8645.0,8645.0,2410.0,956.0,0.0,2928.0
2.0,8185.0,2638.0,3392.0,8299.0,3114.0,3114.0,2385.0,1007.0,0.0,2638.0
2.0,13846.0,1367.0,3350.0,10626.0,0.0,0.0,2317.0,1033.0,0.0,1367.0
2.0,23105.0,0.0,3238.0,8645.0,0.0,0.0,2205.0,1033.0,0.0,0.0
2.0,31750.0,1375.0,3134.0,3114.0,0.0,0.0,2101.0,1033.0,1375.0,0.0
2.0,33489.0,3654.0,3094.0,0.0,0.0,0.0,2066.0,1028.0,3654.0,0.0
2.0,29835.0,5939.0,3147.0,0.0,0.0,0.0,2143.0,1004.0,5939.0,0.0
2.0,23896.0,6845.0,3237.0,0.0,0.0,0.0,2275.0,962.0,6845.0,0.0
2.0,17051.0,5778.0,3292.0,0.0,5187.0,5187.0,2380.0,912.0,5478.0,300.0
2.0,11273.0,3100.0,3301.0,0.0,8332.0,8332.0,2415.0,886.0,1822.0,1278.0
2.0,8173.0,2257.0,3317.0,0.0,10669.0,10669.0,2415.0,902.0,0.0,2257.0
2.0,5916.0,2941.0,3374.0,5187.0,8708.0,8708.0,2415.0,959.0,0.0,2941.0
2.0,8162.0,2643.0,3399.0,8332.0,3144.0,3144.0,2390.0,1009.0,0.0,2643.0
2.0,13851.0,1367.0,3357.0,10669.0,0.0,0.0,2321.0,1036.0,0.0,1367.0
2.0,23153.0,0.0,3244.0,8708.0,0.0,0.0,2208.0,1036.0,0.0,0.0
2.0,31861.0,1424.0,3140.0,3144.0,0.0,0.0,2104.0,1036.0,1424.0,0.0
2.0,33581.0,3719.0,3100.0,0.0,0.0,0.0,2070.0,1030.0,3719.0,0.0
2.0,29862.0,6021.0,3156.0,0.0,0.0,0.0,2150.0,1006.0,6021.0,0.0
2.0,23841.0,6896.0,3245.0,0.0,0.0,0.0,2282.0,963.0,6896.0,0.0
2.0,16945.0,5805.0,3301.0,0.0,5365.0,5365.0,2388.0,913.0,5482.0,323.0
2.0,11140.0,3072.0,3309.0,0.0,8477.0,8477.0,2422.0,887.0,1763.0,1309.0
2.0,8068.0,2301.0,3327.0,0.0,10868.0,10868.0,2422.0,905.0,0.0,2301.0
2.0,5767.0,2966.0,3384.0,5365.0,8754.0,8754.0,2422.0,962.0,0.0,2966.0
2.0,8166.0,2645.0,3408.0,8477.0,3042.0,3042.0,2395.0,1013.0,0.0,2645.0
2.0,13998.0,1333.0,3362.0,10868.0,0.0,0.0,2324.0,1038.0,0.0,1333.0
2.0,23533.0,0.0,3247.0,8754.0,0.0,0.0,2209.0,1038.0,0.0,0.0
2.0,32287.0,1484.0,3144.0,3042.0,0.0,0.0,2106.0,1038.0,1484.0,0.0
2.0,33845.0,3796.0,3107.0,0.0,0.0,0.0,2074.0,1033.0,3796.0,0.0
2.0,30049.0,6114.0,3164.0,0.0,0.0,0.0,2156.0,1008.0,6114.0,0.0
2.0,23935.0,6944.0,3254.0,0.0,0.0,0.0,2290.0,964.0,6944.0,0.0
2.0,16991.0,5806.0,3309.0,0.0,5360.0,5360.0,2395.0,914.0,5467.0,339.0
2.0,11185.0,3004.0,3316.0,0.0,8399.0,8399.0,2427.0,889.0,1668.0,1336.0
2.0,8181.0,2328.0,3335.0,0.0,10822.0,10822.0,2427.0,908.0,0.0,2328.0
2.0,5853.0,2981.0,3392.0,5360.0,8728.0,8728.0,2427.0,965.0,0.0,2981.0
2.0,8232.0,2637.0,3416.0,8399.0,3086.0,3086.0,2400.0,1016.0,0.0,2637.0
2.0,13994.0,1301.0,3370.0,10822.0,0.0,0.0,2329.0,1041.0,0.0,1301.0
2.0,23515.0,0.0,3254.0,8728.0,0.0,0.0,2213.0,1041.0,0.0,0.0
2.0,32243.0,1492.0,3151.0,3086.0,0.0,0.0,2110.0,1041.0,1492.0,0.0
2.0,33837.0,3810.0,3113.0,0.0,0.0,0.0,2078.0,1035.0,3810.0,0.0
2.0,30027.0,6122.0,3172.0,0.0,0.0,0.0,2162.0,1010.0,6122.0,0.0
2.0,23905.0,6942.0,3262.0,0.0,0.0,0.0,2295.0,967.0,6942.0,0.0
2.0,16963.0,5784.0,3316.0,0.0,5401.0,5401.0,2400.0,916.0,5448.0,336.0
2.0,11179.0,2962.0,3323.0,0.0,8398.0,8398.0,2432.0,891.0,1636.0,1326.0
2.0,8217.0,2315.0,3342.0,0.0,10808.0,10808.0,2432.0,910.0,0.0,2315.0
2.0,5902.0,2968.0,3399.0,5401.0,8660.0,8660.0,2432.0,967.0,0.0,2968.0
2.0,8335.0,2630.0,3422.0,8398.0,3007.0,3007.0,2405.0,1017.0,0.0,2630.0
2.0,14103.0,1308.0,3378.0,10808.0,0.0,0.0,2335.0,1043.0,0.0,1308.0
2.0,23603.0,0.0,3263.0,8660.0,0.0,0.0,2220.0,1043.0,0.0,0.0
2.0,32263.0,1465.0,3160.0,3007.0,0.0,0.0,2117.0,1043.0,1465.0,0.0
2.0,33805.0,3774.0,3121.0,0.0,0.0,0.0,2084.0,1037.0,3774.0,0.0
2.0,30031.0,6077.0,3178.0,0.0,0.0,0.0,2166.0,1012.0,6077.0,0.0
2.0,23954.0,6920.0,3269.0,0.0,0.0,0.0,2300.0,969.0,6920.0,0.0
2.0,17034.0,5779.0,3323.0,0.0,5360.0,5360.0,2404.0,919.0,5449.0,330.0
2.0,11255.0,2995.0,3331.0,0.0,8395.0,8395.0,2437.0,894.0,1679.0,1316.0
2.0,8260.0,2302.0,3349.0,0.0,10787.0,10787.0,2437.0,912.0,0.0,2302.0
2.0,5958.0,2959.0,3406.0,5360.0,8671.0,8671.0,2437.0,969.0,0.0,2959.0
2.0,8359.0,2635.0,3429.0,8395.0,3026.0,3026.0,2410.0,1019.0,0.0,2635.0
2.0,14119.0,1320.0,3385.0,10787.0,0.0,0.0,2340.0,1045.0,0.0,1320.0
2.0,23586.0,0.0,3271.0,8671.0,0.0,0.0,2226.0,1045.0,0.0,0.0
2.0,32257.0,1462.0,3167.0,3026.0,0.0,0.0,2122.0,1045.0,1462.0,0.0
2.0,33821.0,3773.0,3128.0,0.0,0.0,0.0,2089.0,1039.0,3773.0,0.0
2.0,30048.0,6081.0,3185.0,0.0,0.0,0.0,2171.0,1014.0,6081.0,0.0
2.0,23967.0,6933.0,3276.0,0.0,0.0,0.0,2305.0,971.0,6933.0,0.0
2.0,17034.0,5812.0,3331.0,0.0,5433.0,5433.0,2410.0,921.0,5470.0,342.0
2.0,11222.0,3039.0,3339.0,0.0,8512.0,8512.0,2443.0,896.0,1706.0,1333.0
2.0,8183.0,2324.0,3357.0,0.0,10926.0,10926.0,2443.0,914.0,0.0,2324.0
2.0,5859.0,2979.0,3415.0,5433.0,8762.0,8762.0,2443.0,972.0,0.0,2979.0
2.0,8313.0,2639.0,3437.0,8512.0,2999.0,2999.0,2415.0,1022.0,0.0,2639.0
2.0,14186.0,1309.0,3392.0,10926.0,0.0,0.0,2344.0,1048.0,0.0,1309.0
2.0,23803.0,0.0,3276.0,8762.0,0.0,0.0,2228.0,1048.0,0.0,0.0
2.0,32565.0,1516.0,3172.0,2999.0,0.0,0.0,2124.0,1048.0,1516.0,0.0
2.0,34048.0,3846.0,3134.0,0.0,0.0,0.0,2093.0,1041.0,3846.0,0.0
2.0,30202.0,6173.0,3194.0,0.0,0.0,0.0,2178.0,1016.0,6173.0,0.0
2.0,24029.0,6990.0,3284.0,0.0,0.0,0.0,2312.0,972.0,6990.0,0.0
2.0,17039.0,5838.0,3340.0,0.0,5499.0,5499.0,2418.0,922.0,5474.0,364.0
2.0,11201.0,3000.0,3346.0,0.0,8529.0,8529.0,2449.0,897.0,1637.0,1363.0
2.0,8201.0,2367.0,3366.0,0.0,10996.0,10996.0,2449.0,917.0,0.0,2367.0
2.0,5834.0,3003.0,3424.0,5499.0,8790.0,8790.0,2449.0,975.0,0.0,3003.0
2.0,8330.0,2641.0,3446.0,8529.0,3012.0,3012.0,2420.0,1026.0,0.0,2641.0
2.0,14218.0,1275.0,3397.0,10996.0,0.0,0.0,2347.0,1050.0,0.0,1275.0
2.0,23939.0,0.0,3280.0,8790.0,0.0,0.0,2230.0,1050.0,0.0,0.0
2.0,32729.0,1565.0,3176.0,3012.0,0.0,0.0,2126.0,1050.0,1565.0,0.0
2.0,34176.0,3904.0,3140.0,0.0,0.0,0.0,2096.0,1044.0,3904.0,0.0
2.0,30272.0,6248.0,3202.0,0.0,0.0,0.0,2184.0,1018.0,6248.0,0.0
2.0,24024.0,7022.0,3293.0,0.0,0.0,0.0,2320.0,973.0,7022.0,0.0
2.0,17002.0,5829.0,3347.0,0.0,5562.0,5562.0,2424.0,923.0,5457.0,372.0
2.0,11173.0,2932.0,3353.0,0.0,8524.0,8524.0,2454.0,899.0,1553.0,1379.0
2.0,8241.0,2381.0,3374.0,0.0,11010.0,11010.0,2454.0,920.0,0.0,2381.0
2.0,5860.0,3011.0,3431.0,5562.0,8744.0,8744.0,2454.0,977.0,0.0,3011.0
2.0,8411.0,2634.0,3454.0,8524.0,2969.0,2969.0,2426.0,1028.0,0.0,2634.0
2.0,14301.0,1254.0,3404.0,11010.0,0.0,0.0,2352.0,1052.0,0.0,1254.0
2.0,24057.0,0.0,3287.0,8744.0,0.0,0.0,2235.0,1052.0,0.0,0.0
2.0,32801.0,1561.0,3183.0,2969.0,0.0,0.0,2131.0,1052.0,1561.0,0.0
2.0,34209.0,3896.0,3147.0,0.0,0.0,0.0,2101.0,1046.0,3896.0,0.0
2.0,30313.0,6235.0,3210.0,0.0,0.0,0.0,2190.0,1020.0,6235.0,0.0
2.0,24078.0,7007.0,3300.0,0.0,0.0,0.0,2324.0,976.0,7007.0,0.0
2.0,17071.0,5814.0,3355.0,0.0,5518.0,5518.0,2429.0,926.0,5448.0,366.0
2.0,11257.0,2909.0,3360.0,0.0,8452.0,8452.0,2459.0,901.0,1544.0,1365.0
2.0,8348.0,2363.0,3381.0,0.0,10920.0,10920.0,2459.0,922.0,0.0,2363.0
2.0,5985.0,2995.0,3438.0,5518.0,8682.0,8682.0,2459.0,979.0,0.0,2995.0
2.0,8508.0,2628.0,3461.0,8452.0,2973.0,2973.0,2431.0,1030.0,0.0,2628.0
2.0,14332.0,1267.0,3412.0,10920.0,0.0,0.0,2358.0,1054.0,0.0,1267.0
2.0,23985.0,0.0,3295.0,8682.0,0.0,0.0,2241.0,1054.0,0.0,0.0
2.0,32667.0,1532.0,3192.0,2973.0,0.0,0.0,2138.0,1054.0,1532.0,0.0
2.0,34108.0,3859.0,3155.0,0.0,0.0,0.0,2107.0,1048.0,3859.0,0.0
2.0,30249.0,6191.0,3216.0,0.0,0.0,0.0,2194.0,1022.0,6191.0,0.0
2.0,24058.0,6986.0,3306.0,0.0,0.0,0.0,2328.0,978.0,6986.0,0.0
2.0,17072.0,5823.0,3361.0,0.0,5556.0,5556.0,2433.0,928.0,5459.0,364.0
2.0,11249.0,2956.0,3368.0,0.0,8547.0,8547.0,2464.0,904.0,1595.0,1361.0
2.0,8293.0,2358.0,3388.0,0.0,11005.0,11005.0,2464.0,924.0,0.0,2358.0
2.0,5935.0,2992.0,3445.0,5556.0,8726.0,8726.0,2464.0,981.0,0.0,2992.0
2.0,8499.0,2634.0,3468.0,8547.0,2928.0,2928.0,2436.0,1032.0,0.0,2634.0
2.0,14412.0,1275.0,3419.0,11005.0,0.0,0.0,2363.0,1056.0,0.0,1275.0
2.0,24142.0,0.0,3302.0,8726.0,0.0,0.0,2246.0,1056.0,0.0,0.0
2.0,32868.0,1553.0,3199.0,2928.0,0.0,0.0,2143.0,1056.0,1553.0,0.0
2.0,34243.0,3888.0,3162.0,0.0,0.0,0.0,2112.0,1050.0,3888.0,0.0
2.0,30355.0,6229.0,3223.0,0.0,0.0,0.0,2199.0,1024.0,6229.0,0.0
2.0,24126.0,7014.0,3314.0,0.0,0.0,0.0,2334.0,980.0,7014.0,0.0
2.0,17112.0,5854.0,3369.0,0.0,5587.0,5587.0,2439.0,930.0,5471.0,383.0
2.0,11258.0,2969.0,3376.0,0.0,8591.0,8591.0,2470.0,906.0,1583.0,1386.0
2.0,8289.0,2390.0,3396.0,0.0,11081.0,11081.0,2470.0,926.0,0.0,2390.0
2.0,5899.0,3017.0,3454.0,5587.0,8801.0,8801.0,2470.0,984.0,0.0,3017.0
2.0,8469.0,2637.0,3476.0,8591.0,2957.0,2957.0,2441.0,1035.0,0.0,2637.0
2.0,14423.0,1253.0,3426.0,11081.0,0.0,0.0,2367.0,1059.0,0.0,1253.0
2.0,24251.0,0.0,3307.0,8801.0,0.0,0.0,2248.0,1059.0,0.0,0.0
2.0,33052.0,1617.0,3204.0,2957.0,0.0,0.0,2145.0,1059.0,1617.0,0.0
2.0,34392.0,3976.0,3168.0,0.0,0.0,0.0,2116.0,1052.0,3976.0,0.0
2.0,30416.0,6332.0,3232.0,0.0,0.0,0.0,2206.0,1026.0,6332.0,0.0
2.0,24084.0,7077.0,3322.0,0.0,0.0,0.0,2342.0,980.0,7077.0,0.0
2.0,17007.0,5864.0,3377.0,0.0,5742.0,5742.0,2447.0,930.0,5460.0,404.0
2.0,11143.0,2908.0,3383.0,0.0,8680.0,8680.0,2476.0,907.0,1493.0,1415.0
2.0,8235.0,2431.0,3405.0,0.0,11221.0,11221.0,2476.0,929.0,0.0,2431.0
2.0,5804.0,3039.0,3464.0,5742.0,8813.0,8813.0,2476.0,988.0,0.0,3039.0
2.0,8507.0,2636.0,3484.0,8680.0,2869.0,2869.0,2446.0,1038.0,0.0,2636.0
2.0,14551.0,1217.0,3433.0,11221.0,0.0,0.0,2371.0,1062.0,0.0,1217.0
2.0,24555.0,0.0,3313.0,8813.0,0.0,0.0,2251.0,1062.0,0.0,0.0
2.0,33368.0,1648.0,3209.0,2869.0,0.0,0.0,2147.0,1062.0,1648.0,0.0
2.0,34589.0,4017.0,3175.0,0.0,0.0,0.0,2120.0,1055.0,4017.0,0.0
2.0,30572.0,6380.0,3241.0,0.0,0.0,0.0,2213.0,1028.0,6380.0,0.0
2.0,24192.0,7100.0,3331.0,0.0,0.0,0.0,2349.0,982.0,7100.0,0.0
2.0,17092.0,5852.0,3386.0,0.0,5690.0,5690.0,2454.0,932.0,5446.0,406.0
2.0,11240.0,2856.0,3390.0,0.0,8566.0,8566.0,2481.0,909.0,1433.0,1423.0
2.0,8384.0,2435.0,3413.0,0.0,11116.0,11116.0,2481.0,932.0,0.0,2435.0
2.0,5949.0,3040.0,3471.0,5690.0,8756.0,8756.0,2481.0,990.0,0.0,3040.0
2.0,8599.0,2628.0,3492.0,8566.0,2923.0,2923.0,2451.0,1041.0,0.0,2628.0
2.0,14537.0,1204.0,3440.0,11116.0,0.0,0.0,2376.0,1064.0,0.0,1204.0
2.0,24449.0,0.0,3320.0,8756.0,0.0,0.0,2256.0,1064.0,0.0,0.0
2.0,33205.0,1621.0,3217.0,2923.0,0.0,0.0,2153.0,1064.0,1621.0,0.0
2.0,34507.0,3982.0,3182.0,0.0,0.0,0.0,2125.0,1057.0,3982.0,0.0
2.0,30525.0,6337.0,3247.0,0.0,0.0,0.0,2217.0,1030.0,6337.0,0.0
2.0,24188.0,7076.0,3338.0,0.0,0.0,0.0,2353.0,985.0,7076.0,0.0
2.0,17112.0,5846.0,3393.0,0.0,5699.0,5699.0,2458.0,935.0,5448.0,398.0
2.0,11266.0,2875.0,3398.0,0.0,8599.0,8599.0,2486.0,912.0,1469.0,1406.0
2.0,8391.0,2414.0,3420.0,0.0,11123.0,11123.0,2486.0,934.0,0.0,2414.0
2.0,5977.0,3024.0,3478.0,5699.0,8738.0,8738.0,2486.0,992.0,0.0,3024.0
2.0,8652.0,2625.0,3499.0,8599.0,2869.0,2869.0,2457.0,1042.0,0.0,2625.0
2.0,14626.0,1223.0,3448.0,11123.0,0.0,0.0,2382.0,1066.0,0.0,1223.0
2.0,24526.0,0.0,3329.0,8738.0,0.0,0.0,2263.0,1066.0,0.0,0.0
2.0,33264.0,1600.0,3226.0,2869.0,0.0,0.0,2160.0,1066.0,1600.0,0.0
2.0,34533.0,3951.0,3190.0,0.0,0.0,0.0,2131.0,1059.0,3951.0,0.0
2.0,30582.0,6308.0,3254.0,0.0,0.0,0.0,2221.0,1033.0,6308.0,0.0
2.0,24274.0,7060.0,3344.0,0.0,0.0,0.0,2357.0,987.0,7060.0,0.0
2.0,17214.0,5863.0,3399.0,0.0,5644.0,5644.0,2462.0,937.0,5462.0,401.0
2.0,11351.0,2922.0,3405.0,0.0,8596.0,8596.0,2491.0,914.0,1513.0,1409.0
2.0,8429.0,2418.0,3427.0,0.0,11124.0,11124.0,2491.0,936.0,0.0,2418.0
2.0,6011.0,3026.0,3485.0,5644.0,8796.0,8796.0,2491.0,994.0,0.0,3026.0
2.0,8629.0,2632.0,3506.0,8596.0,2937.0,2937.0,2461.0,1045.0,0.0,2632.0
2.0,14593.0,1225.0,3455.0,11124.0,0.0,0.0,2387.0,1068.0,0.0,1225.0
2.0,24492.0,0.0,3335.0,8796.0,0.0,0.0,2267.0,1068.0,0.0,0.0
2.0,33288.0,1644.0,3232.0,2937.0,0.0,0.0,2164.0,1068.0,1644.0,0.0
2.0,34581.0,4008.0,3196.0,0.0,0.0,0.0,2135.0,1061.0,4008.0,0.0
2.0,30573.0,6379.0,3262.0,0.0,0.0,0.0,2228.0,1034.0,6379.0,0.0
2.0,24194.0,7103.0,3352.0,0.0,0.0,0.0,2364.0,988.0,7103.0,0.0
2.0,17091.0,5895.0,3407.0,0.0,5839.0,5839.0,2469.0,938.0,5469.0,426.0
2.0,11196.0,2903.0,3413.0,0.0,8772.0,8772.0,2498.0,915.0,1461.0,1442.0
2.0,8293.0,2459.0,3437.0,0.0,11351.0,11351.0,2498.0,939.0,0.0,2459.0
2.0,5834.0,3056.0,3495.0,5839.0,8858.0,8858.0,2498.0,997.0,0.0,3056.0
2.0,8617.0,2632.0,3514.0,8772.0,2813.0,2813.0,2466.0,1048.0,0.0,2632.0
2.0,14757.0,1192.0,3461.0,11351.0,0.0,0.0,2390.0,1071.0,0.0,1192.0
2.0,24916.0,0.0,3339.0,8858.0,0.0,0.0,2268.0,1071.0,0.0,0.0
2.0,33774.0,1707.0,3236.0,2813.0,0.0,0.0,2165.0,1071.0,1707.0,0.0
2.0,34880.0,4090.0,3202.0,0.0,0.0,0.0,2139.0,1063.0,4090.0,0.0
2.0,30790.0,6479.0,3270.0,0.0,0.0,0.0,2234.0,1036.0,6479.0,0.0
2.0,24311.0,7157.0,3361.0,0.0,0.0,0.0,2372.0,989.0,7157.0,0.0
2.0,17154.0,5901.0,3416.0,0.0,5827.0,5827.0,2477.0,939.0,5458.0,443.0
2.0,11253.0,2832.0,3420.0,0.0,8679.0,8679.0,2503.0,917.0,1366.0,1466.0
2.0,8421.0,2494.0,3444.0,0.0,11293.0,11293.0,2503.0,941.0,0.0,2494.0
2.0,5927.0,3074.0,3503.0,5827.0,8835.0,8835.0,2503.0,1000.0,0.0,3074.0
2.0,8680.0,2631.0,3523.0,8679.0,2887.0,2887.0,2472.0,1051.0,0.0,2631.0
2.0,14728.0,1160.0,3467.0,11293.0,0.0,0.0,2394.0,1073.0,0.0,1160.0
2.0,24861.0,0.0,3345.0,8835.0,0.0,0.0,2272.0,1073.0,0.0,0.0
2.0,33696.0,1726.0,3241.0,2887.0,0.0,0.0,2168.0,1073.0,1726.0,0.0
2.0,34857.0,4113.0,3209.0,0.0,0.0,0.0,2143.0,1066.0,4113.0,0.0
2.0,30744.0,6505.0,3278.0,0.0,0.0,0.0,2240.0,1038.0,6505.0,0.0
2.0,24239.0,7165.0,3369.0,0.0,0.0,0.0,2378.0,991.0,7165.0,0.0
2.0,17074.0,5877.0,3424.0,0.0,5923.0,5923.0,2483.0,941.0,5442.0,435.0
2.0,11197.0,2783.0,3427.0,0.0,8721.0,8721.0,2508.0,919.0,1321.0,1462.0
2.0,8414.0,2483.0,3451.0,0.0,11324.0,11324.0,2508.0,943.0,0.0,2483.0
2.0,5931.0,3069.0,3510.0,5923.0,8765.0,8765.0,2508.0,1002.0,0.0,3069.0
2.0,8785.0,2627.0,3530.0,8721.0,2771.0,2771.0,2477.0,1053.0,0.0,2627.0
2.0,14879.0,1164.0,3475.0,11324.0,0.0,0.0,2400.0,1075.0,0.0,1164.0
2.0,25039.0,0.0,3353.0,8765.0,0.0,0.0,2278.0,1075.0,0.0,0.0
2.0,33804.0,1696.0,3250.0,2771.0,0.0,0.0,2175.0,1075.0,1696.0,0.0
2.0,34879.0,4079.0,3217.0,0.0,0.0,0.0,2149.0,1068.0,4079.0,0.0
2.0,30800.0,6456.0,3286.0,0.0,0.0,0.0,2245.0,1041.0,6456.0,0.0
2.0,24344.0,7142.0,3376.0,0.0,0.0,0.0,2382.0,994.0,7142.0,0.0
2.0,17202.0,5866.0,3431.0,0.0,5819.0,5819.0,2487.0,944.0,5439.0,427.0
2.0,11336.0,2804.0,3435.0,0.0,8643.0,8643.0,2513.0,922.0,1359.0,1445.0
2.0,8532.0,2463.0,3458.0,0.0,11221.0,11221.0,2513.0,945.0,0.0,2463.0
2.0,6069.0,3054.0,3517.0,5819.0,8751.0,8751.0,2513.0,1004.0,0.0,3054.0
2.0,8834.0,2632.0,3537.0,8643.0,2840.0,2840.0,2482.0,1055.0,0.0,2632.0
2.0,14845.0,1187.0,3484.0,11221.0,0.0,0.0,2406.0,1078.0,0.0,1187.0
2.0,24879.0,0.0,3363.0,8751.0,0.0,0.0,2285.0,1078.0,0.0,0.0
2.0,33630.0,1688.0,3259.0,2840.0,0.0,0.0,2181.0,1078.0,1688.0,0.0
2.0,34782.0,4070.0,3225.0,0.0,0.0,0.0,2155.0,1070.0,4070.0,0.0
2.0,30712.0,6448.0,3292.0,0.0,0.0,0.0,2249.0,1043.0,6448.0,0.0
2.0,24264.0,7144.0,3383.0,0.0,0.0,0.0,2387.0,996.0,7144.0,0.0
2.0,17120.0,5885.0,3438.0,0.0,5955.0,5955.0,2492.0,946.0,5454.0,431.0
2.0,11235.0,2844.0,3442.0,0.0,8819.0,8819.0,2518.0,924.0,1393.0,1451.0
2.0,8391.0,2472.0,3466.0,0.0,11411.0,11411.0,2518.0,948.0,0.0,2472.0
2.0,5919.0,3068.0,3525.0,5955.0,8819.0,8819.0,2518.0,1007.0,0.0,3068.0
2.0,8806.0,2639.0,3544.0,8819.0,2734.0,2734.0,2487.0,1057.0,0.0,2639.0
2.0,14986.0,1190.0,3490.0,11411.0,0.0,0.0,2410.0,1080.0,0.0,1190.0
2.0,25207.0,0.0,3367.0,8819.0,0.0,0.0,2287.0,1080.0,0.0,0.0
2.0,34026.0,1737.0,3264.0,2734.0,0.0,0.0,2184.0,1080.0,1737.0,0.0
2.0,35023.0,4136.0,3230.0,0.0,0.0,0.0,2158.0,1072.0,4136.0,0.0
2.0,30887.0,6532.0,3300.0,0.0,0.0,0.0,2256.0,1044.0,6532.0,0.0
2.0,24355.0,7197.0,3391.0,0.0,0.0,0.0,2394.0,997.0,7197.0,0.0
2.0,17158.0,5914.0,3446.0,0.0,5986.0,5986.0,2499.0,947.0,5460.0,454.0
2.0,11244.0,2817.0,3450.0,0.0,8823.0,8823.0,2525.0,925.0,1334.0,1483.0
2.0,8427.0,2512.0,3475.0,0.0,11460.0,11460.0,2525.0,950.0,0.0,2512.0
2.0,5915.0,3093.0,3535.0,5986.0,8867.0,8867.0,2525.0,1010.0,0.0,3093.0
2.0,8808.0,2641.0,3553.0,8823.0,2775.0,2775.0,2492.0,1061.0,0.0,2641.0
2.0,14990.0,1160.0,3496.0,11460.0,0.0,0.0,2413.0,1083.0,0.0,1160.0
2.0,25290.0,0.0,3372.0,8867.0,0.0,0.0,2289.0,1083.0,0.0,0.0
2.0,34157.0,1795.0,3269.0,2775.0,0.0,0.0,2186.0,1083.0,1795.0,0.0
2.0,35137.0,4205.0,3236.0,0.0,0.0,0.0,2162.0,1074.0,4205.0,0.0
2.0,30932.0,6616.0,3309.0,0.0,0.0,0.0,2263.0,1046.0,6616.0,0.0
2.0,24316.0,7237.0,3400.0,0.0,0.0,0.0,2402.0,998.0,7237.0,0.0
2.0,17079.0,5911.0,3454.0,0.0,6102.0,6102.0,2506.0,948.0,5444.0,467.0
2.0,11168.0,2745.0,3456.0,0.0,8857.0,8857.0,2530.0,926.0,1245.0,1500.0
2.0,8423.0,2538.0,3483.0,0.0,11530.0,11530.0,2530.0,953.0,0.0,2538.0
2.0,5885.0,3104.0,3543.0,6102.0,8832.0,8832.0,2530.0,1013.0,0.0,3104.0
2.0,8883.0,2637.0,3560.0,8857.0,2697.0,2697.0,2497.0,1063.0,0.0,2637.0
2.0,15103.0,1132.0,3503.0,11530.0,0.0,0.0,2418.0,1085.0,0.0,1132.0
2.0,25501.0,0.0,3378.0,8832.0,0.0,0.0,2293.0,1085.0,0.0,0.0
2.0,34333.0,1802.0,3275.0,2697.0,0.0,0.0,2190.0,1085.0,1802.0,0.0
2.0,35228.0,4211.0,3243.0,0.0,0.0,0.0,2166.0,1077.0,4211.0,0.0
2.0,31017.0,6625.0,3317.0,0.0,0.0,0.0,2268.0,1049.0,6625.0,0.0
2.0,24392.0,7231.0,3408.0,0.0,0.0,0.0,2407.0,1001.0,7231.0,0.0
2.0,17161.0,5889.0,3463.0,0.0,6043.0,6043.0,2512.0,951.0,5432.0,457.0
2.0,11272.0,2706.0,3464.0,0.0,8754.0,8754.0,2535.0,929.0,1213.0,1493.0
2.0,8566.0,2523.0,3490.0,0.0,11407.0,11407.0,2535.0,955.0,0.0,2523.0
2.0,6043.0,3096.0,3549.0,6043.0,8755.0,8755.0,2535.0,1014.0,0.0,3096.0
2.0,8990.0,2633.0,3567.0,8754.0,2724.0,2724.0,2502.0,1065.0,0.0,2633.0
2.0,15111.0,1139.0,3511.0,11407.0,0.0,0.0,2424.0,1087.0,0.0,1139.0
2.0,25379.0,0.0,3387.0,8755.0,0.0,0.0,2300.0,1087.0,0.0,0.0
2.0,34134.0,1769.0,3283.0,2724.0,0.0,0.0,2196.0,1087.0,1769.0,0.0
2.0,35089.0,4170.0,3251.0,0.0,0.0,0.0,2172.0,1079.0,4170.0,0.0
2.0,30919.0,6575.0,3323.0,0.0,0.0,0.0,2272.0,1051.0,6575.0,0.0
2.0,24344.0,7206.0,3415.0,0.0,0.0,0.0,2411.0,1004.0,7206.0,0.0
2.0,17138.0,5892.0,3470.0,0.0,6104.0,6104.0,2516.0,954.0,5441.0,451.0
2.0,11246.0,2745.0,3471.0,0.0,8854.0,8854.0,2540.0,931.0,1266.0,1479.0
2.0,8501.0,2507.0,3497.0,0.0,11491.0,11491.0,2540.0,957.0,0.0,2507.0
2.0,5994.0,3084.0,3556.0,6104.0,8766.0,8766.0,2540.0,1016.0,0.0,3084.0
2.0,9014.0,2634.0,3574.0,8854.0,2636.0,2636.0,2507.0,1067.0,0.0,2634.0
2.0,15234.0,1161.0,3518.0,11491.0,0.0,0.0,2429.0,1089.0,0.0,1161.0
2.0,25564.0,0.0,3394.0,8766.0,0.0,0.0,2305.0,1089.0,0.0,0.0
2.0,34330.0,1776.0,3291.0,2636.0,0.0,0.0,2202.0,1089.0,1776.0,0.0
2.0,35190.0,4181.0,3258.0,0.0,0.0,0.0,2177.0,1081.0,4181.0,0.0
2.0,31009.0,6592.0,3330.0,0.0,0.0,0.0,2277.0,1053.0,6592.0,0.0
2.0,24417.0,7224.0,3421.0,0.0,0.0,0.0,2416.0,1005.0,7224.0,0.0
2.0,17193.0,5927.0,3476.0,0.0,6114.0,6114.0,2521.0,955.0,5457.0,470.0
2.0,11266.0,2779.0,3479.0,0.0,8908.0,8908.0,2546.0,933.0,1276.0,1503.0
2.0,8487.0,2537.0,3505.0,0.0,11575.0,11575.0,2546.0,959.0,0.0,2537.0
2.0,5950.0,3101.0,3565.0,6114.0,8862.0,8862.0,2546.0,1019.0,0.0,3101.0
2.0,8963.0,2638.0,3582.0,8908.0,2677.0,2677.0,2512.0,1070.0,0.0,2638.0
2.0,15233.0,1137.0,3525.0,11575.0,0.0,0.0,2433.0,1092.0,0.0,1137.0
2.0,25671.0,0.0,3399.0,8862.0,0.0,0.0,2307.0,1092.0,0.0,0.0
2.0,34533.0,1836.0,3296.0,2677.0,0.0,0.0,2204.0,1092.0,1836.0,0.0
2.0,35374.0,4265.0,3264.0,0.0,0.0,0.0,2181.0,1083.0,4265.0,0.0
2.0,31109.0,6690.0,3338.0,0.0,0.0,0.0,2284.0,1054.0,6690.0,0.0
2.0,24419.0,7281.0,3430.0,0.0,12.0,12.0,2424.0,1006.0,7281.0,0.0
2.0,17138.0,5948.0,3485.0,0.0,6235.0,6235.0,2529.0,956.0,5450.0,498.0
2.0,11190.0,2729.0,3487.0,0.0,8974.0,8974.0,2552.0,935.0,1190.0,1539.0
2.0,8461.0,2581.0,3514.0,12.0,11678.0,11678.0,2552.0,962.0,0.0,2581.0
2.0,5892.0,3130.0,3574.0,6235.0,8873.0,8873.0,2552.0,1022.0,0.0,3130.0
2.0,8997.0,2634.0,3590.0,8974.0,2613.0,2613.0,2517.0,1073.0,0.0,2634.0
2.0,15337.0,1096.0,3531.0,11678.0,0.0,0.0,2437.0,1094.0,0.0,1096.0
2.0,25919.0,0.0,3403.0,8873.0,0.0,0.0,2309.0,1094.0,0.0,0.0
2.0,34792.0,1887.0,3300.0,2613.0,0.0,0.0,2206.0,1094.0,1887.0,0.0
2.0,35518.0,4328.0,3270.0,0.0,0.0,0.0,2185.0,1085.0,4328.0,0.0
2.0,31190.0,6764.0,3347.0,0.0,0.0,0.0,2291.0,1056.0,6764.0,0.0
2.0,24426.0,7318.0,3440.0,0.0,92.0,92.0,2432.0,1008.0,7318.0,0.0
2.0,17108.0,5930.0,3494.0,0.0,6292.0,6292.0,2536.0,958.0,5426.0,504.0
2.0,11178.0,2651.0,3494.0,0.0,8943.0,8943.0,2557.0,937.0,1103.0,1548.0
2.0,8527.0,2596.0,3522.0,92.0,11587.0,11587.0,2557.0,965.0,0.0,2596.0
2.0,6023.0,3135.0,3582.0,6292.0,8730.0,8730.0,2557.0,1025.0,0.0,3135.0
2.0,9180.0,2630.0,3599.0,8943.0,2502.0,2502.0,2523.0,1076.0,0.0,2630.0
2.0,15493.0,1077.0,3538.0,11587.0,0.0,0.0,2442.0,1096.0,0.0,1077.0
2.0,26003.0,0.0,3410.0,8730.0,0.0,0.0,2314.0,1096.0,0.0,0.0
2.0,34733.0,1870.0,3307.0,2502.0,0.0,0.0,2211.0,1096.0,1870.0,0.0
2.0,35365.0,4306.0,3278.0,0.0,0.0,0.0,2190.0,1088.0,4306.0,0.0
2.0,31059.0,6736.0,3355.0,0.0,0.0,0.0,2296.0,1059.0,6736.0,0.0
2.0,24323.0,7300.0,3446.0,0.0,207.0,207.0,2436.0,1010.0,7300.0,0.0
2.0,17023.0,5910.0,3500.0,0.0,6387.0,6387.0,2540.0,960.0,5422.0,488.0
2.0,11113.0,2651.0,3501.0,0.0,9043.0,9043.0,2562.0,939.0,1118.0,1533.0
2.0,8462.0,2573.0,3529.0,207.0,11549.0,11549.0,2562.0,967.0,0.0,2573.0
2.0,6096.0,3124.0,3589.0,6387.0,8586.0,8586.0,2562.0,1027.0,0.0,3124.0
2.0,9359.0,2630.0,3605.0,9043.0,2253.0,2253.0,2528.0,1077.0,0.0,2630.0
2.0,15772.0,1096.0,3546.0,11549.0,0.0,0.0,2448.0,1098.0,0.0,1096.0
2.0,26225.0,0.0,3419.0,8586.0,0.0,0.0,2321.0,1098.0,0.0,0.0
2.0,34811.0,1839.0,3316.0,2253.0,0.0,0.0,2218.0,1098.0,1839.0,0.0
2.0,35225.0,4268.0,3286.0,0.0,0.0,0.0,2196.0,1090.0,4268.0,0.0
2.0,30957.0,6692.0,3361.0,0.0,0.0,0.0,2300.0,1061.0,6692.0,0.0
2.0,24265.0,7282.0,3453.0,0.0,282.0,282.0,2440.0,1013.0,7282.0,0.0
2.0,16983.0,5927.0,3508.0,0.0,6484.0,6484.0,2545.0,963.0,5439.0,488.0
2.0,11056.0,2704.0,3509.0,0.0,9193.0,9193.0,2567.0,942.0,1177.0,1527.0
2.0,8352.0,2566.0,3536.0,282.0,11612.0,11612.0,2567.0,969.0,0.0,2566.0
2.0,6068.0,3118.0,3596.0,6484.0,8546.0,8546.0,2567.0,1029.0,0.0,3118.0
2.0,9434.0,2631.0,3612.0,9193.0,2064.0,2064.0,2533.0,1079.0,0.0,2631.0
2.0,15996.0,1111.0,3554.0,11612.0,0.0,0.0,2453.0,1101.0,0.0,1111.0
2.0,26497.0,0.0,3427.0,8546.0,0.0,0.0,2326.0,1101.0,0.0,0.0
2.0,35043.0,1866.0,3324.0,2064.0,0.0,0.0,2223.0,1101.0,1866.0,0.0
2.0,35241.0,4299.0,3293.0,0.0,0.0,0.0,2201.0,1092.0,4299.0,0.0
2.0,30942.0,6734.0,3369.0,0.0,0.0,0.0,2306.0,1063.0,6734.0,0.0
2.0,24208.0,7310.0,3460.0,0.0,402.0,402.0,2446.0,1014.0,7310.0,0.0
2.0,16898.0,5964.0,3515.0,0.0,6641.0,6641.0,2551.0,964.0,5450.0,514.0
2.0,10934.0,2721.0,3517.0,0.0,9372.0,9372.0,2573.0,944.0,1161.0,1560.0
2.0,8213.0,2606.0,3545.0,402.0,11716.0,11716.0,2573.0,972.0,0.0,2606.0
2.0,6009.0,3144.0,3605.0,6641.0,8519.0,8519.0,2573.0,1032.0,0.0,3144.0
2.0,9506.0,2632.0,3621.0,9372.0,1859.0,1859.0,2538.0,1083.0,0.0,2632.0
2.0,16246.0,1075.0,3560.0,11716.0,0.0,0.0,2456.0,1104.0,0.0,1075.0
2.0,26887.0,0.0,3431.0,8519.0,0.0,0.0,2327.0,1104.0,0.0,0.0
2.0,35406.0,1936.0,3328.0,1859.0,0.0,0.0,2224.0,1104.0,1936.0,0.0
2.0,35329.0,4389.0,3298.0,0.0,0.0,0.0,2204.0,1094.0,4389.0,0.0
2.0,30940.0,6848.0,3377.0,0.0,0.0,0.0,2313.0,1064.0,6848.0,0.0
2.0,24092.0,7368.0,3470.0,0.0,626.0,626.0,2455.0,1015.0,7368.0,0.0
2.0,16724.0,5976.0,3524.0,0.0,6872.0,6872.0,2559.0,965.0,5441.0,535.0
2.0,10748.0,2639.0,3524.0,0.0,9511.0,9511.0,2579.0,945.0,1051.0,1588.0
2.0,8109.0,2641.0,3553.0,626.0,11671.0,11671.0,2579.0,974.0,0.0,2641.0
2.0,6094.0,3165.0,3614.0,6872.0,8269.0,8269.0,2579.0,1035.0,0.0,3165.0
2.0,9801.0,2631.0,3629.0,9511.0,1464.0,1464.0,2543.0,1086.0,0.0,2631.0
2.0,16681.0,1044.0,3566.0,11671.0,0.0,0.0,2460.0,1106.0,0.0,1044.0
2.0,27308.0,0.0,3436.0,8269.0,0.0,0.0,2330.0,1106.0,0.0,0.0
2.0,35577.0,1967.0,3333.0,1464.0,0.0,0.0,2227.0,1106.0,1967.0,0.0
2.0,35074.0,4427.0,3304.0,0.0,0.0,0.0,2208.0,1096.0,4427.0,0.0
2.0,30647.0,6892.0,3385.0,0.0,0.0,0.0,2319.0,1066.0,6892.0,0.0
2.0,23755.0,7385.0,3478.0,0.0,1020.0,1020.0,2461.0,1017.0,7385.0,0.0
2.0,16370.0,5955.0,3532.0,0.0,7245.0,7245.0,2565.0,967.0,5422.0,533.0
2.0,10415.0,2575.0,3530.0,0.0,9810.0,9810.0,2584.0,946.0,989.0,1586.0
2.0,7840.0,2644.0,3561.0,1020.0,11589.0,11589.0,2584.0,977.0,0.0,2644.0
2.0,6216.0,3164.0,3621.0,7245.0,7808.0,7808.0,2584.0,1037.0,0.0,3164.0
2.0,10297.0,2630.0,3636.0,9810.0,703.0,703.0,2548.0,1088.0,0.0,2630.0
2.0,17477.0,1038.0,3574.0,11589.0,0.0,0.0,2466.0,1108.0,0.0,1038.0
2.0,28028.0,0.0,3444.0,7808.0,0.0,0.0,2336.0,1108.0,0.0,0.0
2.0,35836.0,1941.0,3341.0,703.0,0.0,0.0,2233.0,1108.0,1941.0,0.0
2.0,34598.0,4394.0,3312.0,0.0,0.0,0.0,2213.0,1099.0,4394.0,0.0
2.0,30204.0,6851.0,3392.0,0.0,0.0,0.0,2323.0,1069.0,6851.0,0.0
2.0,23353.0,7361.0,3485.0,0.0,1433.0,1433.0,2465.0,1020.0,7361.0,0.0
2.0,15992.0,5937.0,3538.0,0.0,7635.0,7635.0,2569.0,969.0,5422.0,515.0
2.0,10055.0,2590.0,3538.0,0.0,10225.0,10225.0,2589.0,949.0,1021.0,1569.0
2.0,7465.0,2618.0,3567.0,1433.0,11555.0,11555.0,2589.0,978.0,0.0,2618.0
2.0,6280.0,3152.0,3628.0,7635.0,7377.0,7377.0,2589.0,1039.0,0.0,3152.0
2.0,10763.0,2632.0,3644.0,10225.0,0.0,0.0,2554.0,1090.0,0.0,2632.0
2.0,18356.0,1063.0,3581.0,11555.0,0.0,0.0,2471.0,1110.0,0.0,1063.0
2.0,28848.0,0.0,3453.0,7377.0,0.0,0.0,2343.0,1110.0,0.0,0.0
2.0,36225.0,1922.0,3350.0,0.0,0.0,0.0,2240.0,1110.0,1922.0,0.0
2.0,34303.0,4376.0,3320.0,0.0,0.0,0.0,2219.0,1101.0,4376.0,0.0
2.0,29927.0,6825.0,3399.0,0.0,0.0,0.0,2328.0,1071.0,6825.0,0.0
2.0,23102.0,7358.0,3491.0,0.0,1711.0,1711.0,2469.0,1022.0,7358.0,0.0
2.0,15744.0,5955.0,3546.0,0.0,7941.0,7941.0,2574.0,972.0,5433.0,522.0
2.0,9789.0,2633.0,3546.0,0.0,10574.0,10574.0,2594.0,952.0,1060.0,1573.0
2.0,7156.0,2624.0,3575.0,1711.0,11632.0,11632.0,2594.0,981.0,0.0,2624.0
2.0,6243.0,3154.0,3635.0,7941.0,7145.0,7145.0,2594.0,1041.0,0.0,3154.0
2.0,11030.0,2633.0,3650.0,10574.0,0.0,0.0,2558.0,1092.0,0.0,2633.0
2.0,18971.0,1067.0,3589.0,11632.0,0.0,0.0,2476.0,1113.0,0.0,1067.0
2.0,29536.0,0.0,3459.0,7145.0,0.0,0.0,2346.0,1113.0,0.0,0.0
2.0,36681.0,1966.0,3356.0,0.0,0.0,0.0,2243.0,1113.0,1966.0,0.0
2.0,34715.0,4434.0,3327.0,0.0,0.0,0.0,2224.0,1103.0,4434.0,0.0
2.0,30281.0,6899.0,3407.0,0.0,0.0,0.0,2334.0,1073.0,6899.0,0.0
2.0,23382.0,7405.0,3500.0,0.0,1523.0,1523.0,2477.0,1023.0,7405.0,0.0
2.0,15977.0,5991.0,3554.0,0.0,7784.0,7784.0,2581.0,973.0,5439.0,552.0
2.0,9986.0,2625.0,3554.0,0.0,10409.0,10409.0,2601.0,953.0,1015.0,1610.0
2.0,7361.0,2669.0,3585.0,1523.0,11710.0,11710.0,2601.0,984.0,0.0,2669.0
2.0,6215.0,3177.0,3646.0,7784.0,7408.0,7408.0,2601.0,1045.0,0.0,3177.0
2.0,10822.0,2633.0,3658.0,10409.0,0.0,0.0,2563.0,1095.0,0.0,2633.0
2.0,18598.0,1025.0,3594.0,11710.0,0.0,0.0,2479.0,1115.0,0.0,1025.0
2.0,29283.0,0.0,3462.0,7408.0,0.0,0.0,2347.0,1115.0,0.0,0.0
2.0,36691.0,2022.0,3360.0,0.0,0.0,0.0,2245.0,1115.0,2022.0,0.0
2.0,34669.0,4508.0,3332.0,0.0,0.0,0.0,2227.0,1105.0,4508.0,0.0
2.0,30161.0,6990.0,3415.0,0.0,0.0,0.0,2341.0,1074.0,6990.0,0.0
2.0,23171.0,7456.0,3508.0,0.0,1825.0,1825.0,2484.0,1024.0,7456.0,0.0
2.0,15715.0,6005.0,3563.0,0.0,8105.0,8105.0,2589.0,974.0,5432.0,573.0
2.0,9710.0,2568.0,3562.0,0.0,10668.0,10668.0,2607.0,955.0,931.0,1637.0
2.0,7142.0,2702.0,3593.0,1825.0,11700.0,11700.0,2607.0,986.0,0.0,2702.0
2.0,6265.0,3199.0,3655.0,8105.0,7104.0,7104.0,2607.0,1048.0,0.0,3199.0
2.0,11171.0,2627.0,3667.0,10668.0,0.0,0.0,2569.0,1098.0,0.0,2627.0
2.0,19212.0,990.0,3602.0,11700.0,0.0,0.0,2484.0,1118.0,0.0,990.0
2.0,29922.0,0.0,3469.0,7104.0,0.0,0.0,2351.0,1118.0,0.0,0.0
2.0,37026.0,2036.0,3366.0,0.0,0.0,0.0,2248.0,1118.0,2036.0,0.0
2.0,34990.0,4520.0,3338.0,0.0,0.0,0.0,2231.0,1107.0,4520.0,0.0
2.0,30470.0,7003.0,3424.0,0.0,0.0,0.0,2347.0,1077.0,7003.0,0.0
2.0,23467.0,7454.0,3516.0,0.0,1567.0,1567.0,2490.0,1026.0,7454.0,0.0
2.0,16013.0,5977.0,3570.0,0.0,7814.0,7814.0,2594.0,976.0,5416.0,561.0
2.0,10036.0,2523.0,3568.0,0.0,10327.0,10327.0,2611.0,957.0,899.0,1624.0
2.0,7513.0,2691.0,3599.0,1567.0,11606.0,11606.0,2611.0,988.0,0.0,2691.0
2.0,6389.0,3192.0,3661.0,7814.0,7294.0,7294.0,2611.0,1050.0,0.0,3192.0
2.0,11011.0,2630.0,3674.0,10327.0,0.0,0.0,2574.0,1100.0,0.0,2630.0
2.0,18708.0,1000.0,3610.0,11606.0,0.0,0.0,2490.0,1120.0,0.0,1000.0
2.0,29314.0,0.0,3478.0,7294.0,0.0,0.0,2358.0,1120.0,0.0,0.0
2.0,36608.0,2010.0,3375.0,0.0,0.0,0.0,2255.0,1120.0,2010.0,0.0
2.0,34598.0,4485.0,3347.0,0.0,0.0,0.0,2237.0,1110.0,4485.0,0.0
2.0,30113.0,6964.0,3430.0,0.0,0.0,0.0,2351.0,1079.0,6964.0,0.0
2.0,23149.0,7427.0,3523.0,0.0,1893.0,1893.0,2494.0,1029.0,7427.0,0.0
2.0,15722.0,5963.0,3577.0,0.0,8126.0,8126.0,2598.0,979.0,5420.0,543.0
2.0,9759.0,2536.0,3575.0,0.0,10652.0,10652.0,2616.0,959.0,929.0,1607.0
2.0,7223.0,2666.0,3606.0,1893.0,11580.0,11580.0,2616.0,990.0,0.0,2666.0
2.0,6450.0,3182.0,3667.0,8126.0,6941.0,6941.0,2616.0,1051.0,0.0,3182.0
2.0,11394.0,2634.0,3681.0,10652.0,0.0,0.0,2579.0,1102.0,0.0,2634.0
2.0,19412.0,1028.0,3617.0,11580.0,0.0,0.0,2495.0,1122.0,0.0,1028.0
2.0,29964.0,0.0,3486.0,6941.0,0.0,0.0,2364.0,1122.0,0.0,0.0
2.0,36905.0,2006.0,3383.0,0.0,0.0,0.0,2261.0,1122.0,2006.0,0.0
2.0,34899.0,4481.0,3354.0,0.0,0.0,0.0,2242.0,1112.0,4481.0,0.0
2.0,30418.0,6962.0,3437.0,0.0,0.0,0.0,2356.0,1081.0,6962.0,0.0
2.0,23456.0,7434.0,3530.0,0.0,1628.0,1628.0,2499.0,1031.0,7434.0,0.0
2.0,16022.0,5995.0,3584.0,0.0,7893.0,7893.0,2603.0,981.0,5437.0,558.0
2.0,10027.0,2576.0,3584.0,0.0,10469.0,10469.0,2622.0,962.0,955.0,1621.0
2.0,7451.0,2684.0,3615.0,1628.0,11680.0,11680.0,2622.0,993.0,0.0,2684.0
2.0,6395.0,3190.0,3676.0,7893.0,7282.0,7282.0,2622.0,1054.0,0.0,3190.0
2.0,11098.0,2634.0,3689.0,10469.0,0.0,0.0,2584.0,1105.0,0.0,2634.0
2.0,18933.0,1021.0,3623.0,11680.0,0.0,0.0,2499.0,1124.0,0.0,1021.0
2.0,29592.0,0.0,3490.0,7282.0,0.0,0.0,2366.0,1124.0,0.0,0.0
2.0,36874.0,2062.0,3387.0,0.0,0.0,0.0,2263.0,1124.0,2062.0,0.0
2.0,34812.0,4555.0,3360.0,0.0,0.0,0.0,2246.0,1114.0,4555.0,0.0
2.0,30257.0,7055.0,3445.0,0.0,0.0,0.0,2362.0,1083.0,7055.0,0.0
2.0,23202.0,7489.0,3537.0,0.0,1972.0,1972.0,2506.0,1031.0,7489.0,0.0
2.0,15713.0,6028.0,3593.0,0.0,8280.0,8280.0,2611.0,982.0,5437.0,591.0
2.0,9685.0,2544.0,3591.0,0.0,10814.0,10814.0,2628.0,963.0,882.0,1662.0
2.0,7141.0,2734.0,3624.0,1972.0,11741.0,11741.0,2628.0,996.0,0.0,2734.0
2.0,6379.0,3215.0,3686.0,8280.0,6986.0,6986.0,2628.0,1058.0,0.0,3215.0
2.0,11444.0,2631.0,3697.0,10814.0,0.0,0.0,2589.0,1108.0,0.0,2631.0
2.0,19627.0,970.0,3629.0,11741.0,0.0,0.0,2502.0,1127.0,0.0,970.0
2.0,30398.0,0.0,3495.0,6986.0,0.0,0.0,2368.0,1127.0,0.0,0.0
2.0,37384.0,2115.0,3392.0,0.0,0.0,0.0,2265.0,1127.0,2115.0,0.0
2.0,35269.0,4628.0,3366.0,0.0,0.0,0.0,2250.0,1116.0,4628.0,0.0
2.0,30641.0,7137.0,3453.0,0.0,0.0,0.0,2369.0,1084.0,7137.0,0.0
2.0,23504.0,7536.0,3546.0,0.0,1762.0,1762.0,2514.0,1032.0,7536.0,0.0
2.0,15968.0,6024.0,3601.0,0.0,8061.0,8061.0,2618.0,983.0,5417.0,607.0
2.0,9944.0,2471.0,3597.0,0.0,10512.0,10512.0,2633.0,964.0,789.0,1682.0
2.0,7473.0,2757.0,3631.0,1762.0,11677.0,11677.0,2633.0,998.0,0.0,2757.0
2.0,6478.0,3230.0,3693.0,8061.0,7156.0,7156.0,2633.0,1060.0,0.0,3230.0
2.0,11309.0,2623.0,3705.0,10512.0,0.0,0.0,2594.0,1111.0,0.0,2623.0
2.0,19198.0,940.0,3636.0,11677.0,0.0,0.0,2507.0,1129.0,0.0,940.0
2.0,29935.0,0.0,3502.0,7156.0,0.0,0.0,2373.0,1129.0,0.0,0.0
2.0,37091.0,2109.0,3399.0,0.0,0.0,0.0,2270.0,1129.0,2109.0,0.0
2.0,34982.0,4620.0,3373.0,0.0,0.0,0.0,2255.0,1118.0,4620.0,0.0
2.0,30362.0,7125.0,3461.0,0.0,0.0,0.0,2374.0,1087.0,7125.0,0.0
2.0,23237.0,7525.0,3554.0,0.0,2058.0,2058.0,2519.0,1035.0,7525.0,0.0
2.0,15712.0,6000.0,3608.0,0.0,8328.0,8328.0,2623.0,985.0,5408.0,592.0
2.0,9712.0,2454.0,3605.0,0.0,10767.0,10767.0,2638.0,967.0,790.0,1664.0
2.0,7258.0,2741.0,3638.0,2058.0,11615.0,11615.0,2638.0,1000.0,0.0,2741.0
2.0,6575.0,3220.0,3700.0,8328.0,6817.0,6817.0,2638.0,1062.0,0.0,3220.0
2.0,11683.0,2627.0,3713.0,10767.0,0.0,0.0,2600.0,1113.0,0.0,2627.0
2.0,19823.0,957.0,3644.0,11615.0,0.0,0.0,2513.0,1131.0,0.0,957.0
2.0,30481.0,0.0,3510.0,6817.0,0.0,0.0,2379.0,1131.0,0.0,0.0
2.0,37298.0,2072.0,3407.0,0.0,0.0,0.0,2276.0,1131.0,2072.0,0.0
2.0,35226.0,4574.0,3381.0,0.0,0.0,0.0,2260.0,1121.0,4574.0,0.0
2.0,30652.0,7071.0,3468.0,0.0,0.0,0.0,2378.0,1090.0,7071.0,0.0
2.0,23581.0,7501.0,3561.0,0.0,1725.0,1725.0,2523.0,1038.0,7501.0,0.0
2.0,16080.0,6007.0,3615.0,0.0,8002.0,8002.0,2627.0,988.0,5424.0,583.0
2.0,10073.0,2508.0,3613.0,0.0,10500.0,10500.0,2643.0,970.0,855.0,1653.0
2.0,7565.0,2723.0,3645.0,1725.0,11658.0,11658.0,2643.0,1002.0,0.0,2723.0
2.0,6567.0,3210.0,3707.0,8002.0,7176.0,7176.0,2643.0,1064.0,0.0,3210.0
2.0,11359.0,2627.0,3719.0,10500.0,0.0,0.0,2605.0,1114.0,0.0,2627.0
2.0,19232.0,975.0,3652.0,11658.0,0.0,0.0,2519.0,1133.0,0.0,975.0
2.0,29915.0,0.0,3518.0,7176.0,0.0,0.0,2385.0,1133.0,0.0,0.0
2.0,37091.0,2081.0,3415.0,0.0,0.0,0.0,2282.0,1133.0,2081.0,0.0
2.0,35010.0,4589.0,3387.0,0.0,0.0,0.0,2265.0,1122.0,4589.0,0.0
2.0,30421.0,7094.0,3474.0,0.0,0.0,0.0,2383.0,1091.0,7094.0,0.0
2.0,23327.0,7524.0,3568.0,0.0,2037.0,2037.0,2528.0,1040.0,7524.0,0.0
2.0,15803.0,6052.0,3623.0,0.0,8364.0,8364.0,2633.0,990.0,5443.0,609.0
2.0,9751.0,2548.0,3621.0,0.0,10902.0,10902.0,2649.0,972.0,864.0,1684.0
2.0,7203.0,2760.0,3654.0,2037.0,11790.0,11790.0,2649.0,1005.0,0.0,2760.0
2.0,6480.0,3228.0,3716.0,8364.0,6964.0,6964.0,2649.0,1067.0,0.0,3228.0
2.0,11616.0,2622.0,3728.0,10902.0,0.0,0.0,2610.0,1118.0,0.0,2622.0
2.0,19896.0,945.0,3658.0,11790.0,0.0,0.0,2522.0,1136.0,0.0,945.0
2.0,30741.0,0.0,3523.0,6964.0,0.0,0.0,2387.0,1136.0,0.0,0.0
2.0,37705.0,2144.0,3420.0,0.0,0.0,0.0,2284.0,1136.0,2144.0,0.0
2.0,35561.0,4666.0,3393.0,0.0,0.0,0.0,2269.0,1124.0,4666.0,0.0
2.0,30895.0,7195.0,3482.0,0.0,0.0,0.0,2390.0,1092.0,7195.0,0.0
2.0,23700.0,7577.0,3576.0,0.0,1757.0,1757.0,2536.0,1040.0,7577.0,0.0
2.0,16123.0,6079.0,3631.0,0.0,8111.0,8111.0,2641.0,990.0,5438.0,641.0
2.0,10044.0,2500.0,3629.0,0.0,10601.0,10601.0,2656.0,973.0,776.0,1724.0
2.0,7544.0,2808.0,3664.0,1757.0,11827.0,11827.0,2656.0,1008.0,0.0,2808.0
2.0,6493.0,3251.0,3727.0,8111.0,7282.0,7282.0,2656.0,1071.0,0.0,3251.0
2.0,11353.0,2617.0,3736.0,10601.0,0.0,0.0,2615.0,1121.0,0.0,2617.0
2.0,19337.0,894.0,3664.0,11827.0,0.0,0.0,2526.0,1138.0,0.0,894.0
2.0,30270.0,0.0,3527.0,7282.0,0.0,0.0,2389.0,1138.0,0.0,0.0
2.0,37552.0,2191.0,3424.0,0.0,0.0,0.0,2286.0,1138.0,2191.0,0.0
2.0,35361.0,4725.0,3399.0,0.0,0.0,0.0,2272.0,1127.0,4725.0,0.0
2.0,30636.0,7264.0,3491.0,0.0,0.0,0.0,2397.0,1094.0,7264.0,0.0
2.0,23372.0,7606.0,3584.0,0.0,2154.0,2154.0,2543.0,1041.0,7606.0,0.0
2.0,15766.0,6066.0,3640.0,0.0,8500.0,8500.0,2648.0,992.0,5419.0,647.0
2.0,9700.0,2420.0,3635.0,0.0,10895.0,10895.0,2661.0,974.0,688.0,1732.0
2.0,7280.0,2817.0,3672.0,2154.0,11743.0,11743.0,2661.0,1011.0,0.0,2817.0
2.0,6617.0,3260.0,3734.0,8500.0,6813.0,6813.0,2661.0,1073.0,0.0,3260.0
2.0,11857.0,2612.0,3744.0,10895.0,0.0,0.0,2620.0,1124.0,0.0,2612.0
2.0,20140.0,879.0,3671.0,11743.0,0.0,0.0,2531.0,1140.0,0.0,879.0
2.0,31004.0,0.0,3534.0,6813.0,0.0,0.0,2394.0,1140.0,0.0,0.0
2.0,37817.0,2171.0,3431.0,0.0,0.0,0.0,2291.0,1140.0,2171.0,0.0
2.0,35646.0,4698.0,3407.0,0.0,0.0,0.0,2278.0,1129.0,4698.0,0.0
2.0,30948.0,7229.0,3499.0,0.0,0.0,0.0,2402.0,1097.0,7229.0,0.0
2.0,23719.0,7583.0,3591.0,0.0,1819.0,1819.0,2547.0,1044.0,7583.0,0.0
2.0,16136.0,6043.0,3645.0,0.0,8132.0,8132.0,2651.0,994.0,5414.0,629.0
2.0,10093.0,2419.0,3642.0,0.0,10536.0,10536.0,2665.0,977.0,709.0,1710.0
2.0,7674.0,2796.0,3677.0,1819.0,11688.0,11688.0,2665.0,1012.0,0.0,2796.0
2.0,6697.0,3248.0,3740.0,8132.0,7119.0,7119.0,2665.0,1075.0,0.0,3248.0
2.0,11581.0,2618.0,3750.0,10536.0,0.0,0.0,2625.0,1125.0,0.0,2618.0
2.0,19499.0,902.0,3679.0,11688.0,0.0,0.0,2537.0,1142.0,0.0,902.0
2.0,30285.0,0.0,3543.0,7119.0,0.0,0.0,2401.0,1142.0,0.0,0.0
2.0,37404.0,2148.0,3440.0,0.0,0.0,0.0,2298.0,1142.0,2148.0,0.0
2.0,35256.0,4669.0,3415.0,0.0,0.0,0.0,2284.0,1131.0,4669.0,0.0
2.0,30587.0,7195.0,3505.0,0.0,0.0,0.0,2406.0,1099.0,7195.0,0.0
2.0,23392.0,7569.0,3598.0,0.0,2167.0,2167.0,2551.0,1047.0,7569.0,0.0
2.0,15823.0,6047.0,3653.0,0.0,8489.0,8489.0,2656.0,997.0,5427.0,620.0
2.0,9776.0,2461.0,3650.0,0.0,10935.0,10935.0,2670.0,980.0,755.0,1706.0
2.0,7315.0,2787.0,3684.0,2167.0,11725.0,11725.0,2670.0,1014.0,0.0,2787.0
2.0,6695.0,3249.0,3747.0,8489.0,6800.0,6800.0,2670.0,1077.0,0.0,3249.0
2.0,11935.0,2625.0,3757.0,10935.0,0.0,0.0,2630.0,1127.0,0.0,2625.0
2.0,20245.0,921.0,3687.0,11725.0,0.0,0.0,2542.0,1145.0,0.0,921.0
2.0,31049.0,0.0,3551.0,6800.0,0.0,0.0,2406.0,1145.0,0.0,0.0
2.0,37849.0,2181.0,3448.0,0.0,0.0,0.0,2303.0,1145.0,2181.0,0.0
2.0,35668.0,4718.0,3422.0,0.0,0.0,0.0,2289.0,1133.0,4718.0,0.0
2.0,30950.0,7252.0,3513.0,0.0,0.0,0.0,2412.0,1101.0,7252.0,0.0
2.0,23698.0,7612.0,3606.0,0.0,1944.0,1944.0,2558.0,1048.0,7612.0,0.0
2.0,16086.0,6079.0,3661.0,0.0,8298.0,8298.0,2663.0,998.0,5432.0,647.0
2.0,10007.0,2454.0,3657.0,0.0,10732.0,10732.0,2676.0,981.0,719.0,1735.0
2.0,7553.0,2824.0,3693.0,1944.0,11792.0,11792.0,2676.0,1017.0,0.0,2824.0
2.0,6673.0,3267.0,3756.0,8298.0,7076.0,7076.0,2676.0,1080.0,0.0,3267.0
2.0,11704.0,2622.0,3766.0,10732.0,0.0,0.0,2635.0,1131.0,0.0,2622.0
2.0,19814.0,894.0,3693.0,11792.0,0.0,0.0,2545.0,1148.0,0.0,894.0
2.0,30712.0,0.0,3555.0,7076.0,0.0,0.0,2407.0,1148.0,0.0,0.0
2.0,37788.0,2245.0,3452.0,0.0,0.0,0.0,2304.0,1148.0,2245.0,0.0
2.0,35543.0,4801.0,3427.0,0.0,0.0,0.0,2292.0,1135.0,4801.0,0.0
2.0,30742.0,7354.0,3521.0,0.0,0.0,0.0,2419.0,1102.0,7354.0,0.0
2.0,23388.0,7668.0,3614.0,0.0,2350.0,2350.0,2566.0,1048.0,7668.0,0.0
2.0,15720.0,6098.0,3669.0,0.0,8723.0,8723.0,2670.0,999.0,5422.0,676.0
2.0,9622.0,2400.0,3665.0,0.0,11103.0,11103.0,2683.0,982.0,629.0,1771.0
2.0,7222.0,2866.0,3703.0,2350.0,11809.0,11809.0,2683.0,1020.0,0.0,2866.0
2.0,6706.0,3286.0,3767.0,8723.0,6692.0,6692.0,2683.0,1084.0,0.0,3286.0
2.0,12143.0,2616.0,3774.0,11103.0,0.0,0.0,2640.0,1134.0,0.0,2616.0
2.0,20630.0,846.0,3700.0,11809.0,0.0,0.0,2550.0,1150.0,0.0,846.0
2.0,31593.0,0.0,3560.0,6692.0,0.0,0.0,2410.0,1150.0,0.0,0.0
2.0,38285.0,2266.0,3457.0,0.0,0.0,0.0,2307.0,1150.0,2266.0,0.0
2.0,36019.0,4828.0,3434.0,0.0,0.0,0.0,2296.0,1138.0,4828.0,0.0
2.0,31191.0,7385.0,3529.0,0.0,0.0,0.0,2425.0,1104.0,7385.0,0.0
2.0,23806.0,7680.0,3622.0,0.0,1984.0,1984.0,2572.0,1050.0,7680.0,0.0
2.0,16126.0,6084.0,3677.0,0.0,8343.0,8343.0,2676.0,1001.0,5408.0,676.0
2.0,10042.0,2354.0,3672.0,0.0,10672.0,10672.0,2688.0,984.0,583.0,1771.0
2.0,7688.0,2865.0,3711.0,1984.0,11748.0,11748.0,2688.0,1023.0,0.0,2865.0
2.0,6807.0,3288.0,3774.0,8343.0,7008.0,7008.0,2688.0,1086.0,0.0,3288.0
2.0,11862.0,2611.0,3782.0,10672.0,0.0,0.0,2646.0,1136.0,0.0,2611.0
2.0,19923.0,839.0,3707.0,11748.0,0.0,0.0,2555.0,1152.0,0.0,839.0
2.0,30832.0,0.0,3568.0,7008.0,0.0,0.0,2416.0,1152.0,0.0,0.0
2.0,37840.0,2239.0,3466.0,0.0,0.0,0.0,2314.0,1152.0,2239.0,0.0
2.0,35601.0,4788.0,3442.0,0.0,0.0,0.0,2302.0,1140.0,4788.0,0.0
2.0,30813.0,7341.0,3536.0,0.0,0.0,0.0,2429.0,1107.0,7341.0,0.0
2.0,23472.0,7649.0,3629.0,0.0,2322.0,2322.0,2576.0,1053.0,7649.0,0.0
2.0,15823.0,6065.0,3684.0,0.0,8662.0,8662.0,2680.0,1004.0,5408.0,657.0
2.0,9758.0,2366.0,3679.0,0.0,11003.0,11003.0,2692.0,987.0,618.0,1748.0
2.0,7392.0,2844.0,3716.0,2322.0,11710.0,11710.0,2692.0,1024.0,0.0,2844.0
2.0,6870.0,3278.0,3779.0,8662.0,6641.0,6641.0,2692.0,1087.0,0.0,3278.0
2.0,12254.0,2620.0,3789.0,11003.0,0.0,0.0,2651.0,1138.0,0.0,2620.0
2.0,20637.0,866.0,3715.0,11710.0,0.0,0.0,2561.0,1154.0,0.0,866.0
2.0,31481.0,0.0,3577.0,6641.0,0.0,0.0,2423.0,1154.0,0.0,0.0
2.0,38122.0,2230.0,3474.0,0.0,0.0,0.0,2320.0,1154.0,2230.0,0.0
2.0,35892.0,4776.0,3449.0,0.0,0.0,0.0,2307.0,1142.0,4776.0,0.0
2.0,31116.0,7328.0,3544.0,0.0,0.0,0.0,2434.0,1110.0,7328.0,0.0
2.0,23788.0,7646.0,3637.0,0.0,2043.0,2043.0,2581.0,1056.0,7646.0,0.0
2.0,16142.0,6079.0,3691.0,0.0,8392.0,8392.0,2685.0,1006.0,5424.0,655.0
2.0,10063.0,2399.0,3687.0,0.0,10771.0,10771.0,2698.0,989.0,646.0,1753.0
2.0,7664.0,2846.0,3724.0,2043.0,11759.0,11759.0,2698.0,1026.0,0.0,2846.0
2.0,6861.0,3285.0,3787.0,8392.0,6967.0,6967.0,2698.0,1089.0,0.0,3285.0
2.0,11968.0,2627.0,3796.0,10771.0,0.0,0.0,2656.0,1140.0,0.0,2627.0
2.0,20112.0,876.0,3722.0,11759.0,0.0,0.0,2565.0,1157.0,0.0,876.0
2.0,30995.0,0.0,3582.0,6967.0,0.0,0.0,2425.0,1157.0,0.0,0.0
2.0,37962.0,2279.0,3480.0,0.0,0.0,0.0,2323.0,1157.0,2279.0,0.0
2.0,35683.0,4841.0,3456.0,0.0,0.0,0.0,2312.0,1144.0,4841.0,0.0
2.0,30842.0,7410.0,3551.0,0.0,0.0,0.0,2440.0,1111.0,7410.0,0.0
2.0,23432.0,7697.0,3645.0,0.0,2490.0,2490.0,2588.0,1057.0,7697.0,0.0
2.0,15735.0,6114.0,3700.0,0.0,8879.0,8879.0,2693.0,1007.0,5428.0,686.0
2.0,9621.0,2374.0,3695.0,0.0,11228.0,11228.0,2704.0,991.0,587.0,1787.0
2.0,7247.0,2888.0,3733.0,2490.0,11816.0,11816.0,2704.0,1029.0,0.0,2888.0
2.0,6849.0,3304.0,3797.0,8879.0,6561.0,6561.0,2704.0,1093.0,0.0,3304.0
2.0,12424.0,2620.0,3804.0,11228.0,0.0,0.0,2661.0,1143.0,0.0,2620.0
2.0,21032.0,840.0,3727.0,11816.0,0.0,0.0,2568.0,1159.0,0.0,840.0
2.0,32008.0,0.0,2354.9449622250254,6561.0,0.0,0.0,2307.0349493881727,47.91001283685284,0.0,0.0
2.0,38569.0,2339.0,4785.766064900815,0.0,0.0,0.0,4800.174632442777,-14.408567541962043,2339.0,0.0
2.0,36230.0,4918.0,7291.538582976576,0.0,5146.0,5146.0,7312.833207580477,-21.294624603900502,4918.0,0.0
2.0,31312.0,7503.0,7688.003124270306,0.0,14631.0,14631.0,7696.353634051147,-8.350509780841207,7503.0,0.0
2.0,23809.0,7745.0,5912.006911348935,0.0,13496.0,13496.0,5243.674014690906,668.3328966580289,7745.0,0.0
2.0,16064.0,6125.0,2712.5405273497904,5146.0,0.0,0.0,916.045230675828,1796.4952966739625,5413.0,712.0
2.0,15085.0,2310.0,2921.792975446766,14631.0,0.0,0.0,-4.252790114992877,2926.045765561759,492.0,1818.0
2.0,27406.0,2924.0,3424.5312315226074,13496.0,0.0,0.0,118.07690691329208,3306.4543246093153,0.0,2924.0
2.0,37978.0,3318.0,2694.6953487010715,0.0,0.0,0.0,68.23507898116623,2626.460269719905,0.0,3318.0
2.0,34660.0,2611.0,967.9786565430478,0.0,0.0,0.0,43.375028045410545,924.6036284976373,0.0,2611.0
2.0,32049.0,793.0,144.63878681528877,0.0,0.0,0.0,131.58007245273166,13.058714362557112,0.0,793.0
2.0,31256.0,0.0,2371.9799703836975,0.0,0.0,0.0,2326.690449225552,45.289521158145476,0.0,0.0
2.0,31256.0,2347.0,4804.8058665838025,0.0,0.0,0.0,4820.977928319964,-16.172061736161368,2347.0,0.0
2.0,28909.0,4932.0,7313.058987158616,0.0,12588.0,12588.0,7337.446841273015,-24.38785411439892,4932.0,0.0
2.0,23977.0,7511.0,7707.371614685548,0.0,22070.0,22070.0,7715.039520709843,-7.6679060242948935,7511.0,0.0
2.0,16466.0,7743.0,5913.270654852111,0.0,20843.0,20843.0,5236.0405422179365,677.230112634174,7743.0,0.0
2.0,8723.0,6101.0,2704.695447254274,12588.0,0.0,0.0,899.1190658882772,1805.5763813659964,5394.0,707.0
2.0,15210.0,2271.0,2926.8167031545527,22070.0,0.0,0.0,-8.18828729010329,2935.004990444656,460.0,1811.0
2.0,35009.0,2915.0,3422.901591687642,20843.0,0.0,0.0,115.61913290223629,3307.2824587854057,0.0,2915.0
2.0,52937.0,3316.0,2684.6509757176455,0.0,0.0,0.0,66.13202719546598,2618.5189485221795,0.0,3316.0
2.0,49621.0,2608.0,954.8033285863781,0.0,0.0,0.0,38.49958719968072,916.3037413866974,0.0,2608.0
2.0,47013.0,795.0,148.93336266493452,0.0,0.0,0.0,136.03602656649673,12.89733609843779,0.0,795.0
2.0,46218.0,0.0,2397.198933790589,0.0,0.0,0.0,2354.424971348773,42.7739624418158,0.0,0.0
2.0,46218.0,2320.0,4827.167870612519,0.0,0.0,0.0,4849.488356542697,-22.32048593017805,2320.0,0.0
2.0,43898.0,4896.0,7337.7740087917255,0.0,0.0,0.0,7361.0089490727005,-23.234940280975138,4896.0,0.0
2.0,39002.0,7466.0,7720.498482768633,0.0,7066.0,7066.0,7722.963575137766,-2.4650923691333446,7466.0,0.0
2.0,31536.0,7721.0,5908.204883215285,0.0,5726.0,5726.0,5216.80969734941,691.395185865875,7721.0,0.0
2.0,23815.0,6084.0,2687.2577790060386,0.0,0.0,0.0,865.3556899728558,1821.9020890331828,5395.0,689.0
2.0,17731.0,2293.0,2925.158214372856,7066.0,0.0,0.0,-18.90189727378538,2944.0601116466414,503.0,1790.0
2.0,22504.0,2896.0,3419.1387879725244,5726.0,0.0,0.0,113.40496707146212,3305.7338209010622,0.0,2896.0
2.0,25334.0,3308.0,2669.6644733654794,0.0,0.0,0.0,57.56032770144975,2612.1041456640296,0.0,3308.0
2.0,22026.0,2619.0,926.4854424162784,0.0,0.0,0.0,24.5405731691435,901.9448692471349,0.0,2619.0
2.0,19407.0,824.0,154.31338188813845,0.0,0.0,0.0,138.06682301108822,16.246558877050234,0.0,824.0
2.0,18583.0,0.0,2418.611639845388,0.0,0.0,0.0,2375.5645549757896,43.047084869598166,0.0,0.0
2.0,18583.0,2317.0,4848.779371239797,0.0,7978.0,7978.0,4874.601691319963,-25.82232008016615,2317.0,0.0
2.0,16266.0,4895.0,7361.20380817181,0.0,25435.0,25435.0,7381.477966460352,-20.274158288542026,4895.0,0.0
2.0,11371.0,7470.0,7727.330905241306,0.0,34735.0,34735.0,7727.160939402251,0.16996583905563512,7470.0,0.0
2.0,3901.0,7734.0,5898.219387713933,7978.0,25346.0,25346.0,5196.550735445846,701.6686522680878,7734.0,0.0
2.0,4145.0,6112.0,2672.8137190507578,25435.0,0.0,0.0,838.849059978706,1833.964659072052,5416.0,696.0
2.0,23468.0,2336.0,2934.684610245489,34735.0,0.0,0.0,-20.380244674047844,2955.0648549195366,530.0,1806.0
2.0,55867.0,2912.0,3424.331603223966,25346.0,0.0,0.0,114.20867118962406,3310.122932034342,0.0,2912.0
2.0,78301.0,3322.0,2662.8428064400237,0.0,0.0,0.0,51.31983832726064,2611.522968112763,0.0,3322.0
2.0,74979.0,2623.0,907.9880635138995,0.0,0.0,0.0,18.84956771729412,889.1384957966054,0.0,2623.0
2.0,72356.0,819.0,154.09649149444,0.0,0.0,0.0,136.78994784704855,17.306543647391436,0.0,819.0
2.0,71537.0,0.0,2429.079602453162,0.0,0.0,0.0,2384.234630194755,44.84497225840698,0.0,0.0
2.0,71537.0,2371.0,4866.609878794654,0.0,0.0,0.0,4889.071174509822,-22.461295715168035,2371.0,0.0
2.0,69166.0,4968.0,7379.779077357578,0.0,0.0,0.0,7400.832410098119,-21.053332740541236,4968.0,0.0
2.0,64198.0,7562.0,7738.117554328174,0.0,0.0,0.0,7740.51709731464,-2.399542986465576,7562.0,0.0
2.0,56636.0,7791.0,5892.641584170538,0.0,0.0,0.0,5188.390407613087,704.2511765574516,7791.0,0.0
2.0,48845.0,6150.0,2672.1811887783597,0.0,0.0,0.0,833.6373118757645,1838.5438769025955,5420.0,730.0
