id,inv,demand,forecast,received_shipment,order,Order_Supplier_0,Forecast_Retailer_0,Forecast_Retailer_1,Demand_Retailer_0,Demand_Retailer_1
0.0,0.0,1324.0,1324.0,0.0,5296.0,5296.0,932.0,392.0,932.0,392.0
0.0,0.0,1336.0,1330.0,0.0,5320.0,5320.0,938.0,392.0,944.0,392.0
0.0,0.0,1352.0,1337.0,5296.0,4064.0,4064.0,945.0,392.0,960.0,392.0
0.0,1284.0,1360.0,1343.0,5320.0,128.0,128.0,950.0,393.0,964.0,396.0
0.0,5244.0,0.0,1074.0,4064.0,0.0,0.0,760.0,314.0,0.0,0.0
0.0,9308.0,0.0,895.0,128.0,0.0,0.0,633.0,262.0,0.0,0.0
0.0,9436.0,0.0,768.0,0.0,0.0,0.0,543.0,225.0,0.0,0.0
0.0,9436.0,0.0,671.0,0.0,0.0,0.0,475.0,196.0,0.0,0.0
0.0,9436.0,0.0,597.0,0.0,0.0,0.0,422.0,175.0,0.0,0.0
0.0,9436.0,0.0,537.0,0.0,0.0,0.0,380.0,157.0,0.0,0.0
0.0,9436.0,0.0,488.0,0.0,0.0,0.0,345.0,143.0,0.0,0.0
0.0,9436.0,40.0,451.0,0.0,0.0,0.0,317.0,134.0,0.0,40.0
0.0,9396.0,339.0,442.0,0.0,0.0,0.0,307.0,135.0,193.0,146.0
0.0,9057.0,642.0,457.0,0.0,0.0,0.0,316.0,141.0,432.0,210.0
0.0,8415.0,664.0,471.0,0.0,0.0,0.0,328.0,143.0,489.0,175.0
0.0,7751.0,378.0,464.0,0.0,0.0,0.0,326.0,138.0,308.0,70.0
0.0,7373.0,67.0,441.0,0.0,0.0,0.0,311.0,130.0,67.0,0.0
0.0,7306.0,44.0,419.0,0.0,0.0,0.0,294.0,125.0,9.0,35.0
0.0,7262.0,324.0,415.0,0.0,0.0,0.0,289.0,126.0,186.0,138.0
0.0,6938.0,631.0,425.0,0.0,0.0,0.0,295.0,130.0,424.0,207.0
0.0,6307.0,652.0,435.0,0.0,0.0,0.0,304.0,131.0,484.0,168.0
0.0,5655.0,374.0,433.0,0.0,0.0,0.0,305.0,128.0,309.0,65.0
0.0,5281.0,60.0,417.0,0.0,0.0,0.0,294.0,123.0,60.0,0.0
0.0,5221.0,30.0,401.0,0.0,0.0,0.0,282.0,119.0,0.0,30.0
0.0,5191.0,298.0,397.0,0.0,0.0,0.0,277.0,120.0,166.0,132.0
0.0,4893.0,615.0,405.0,0.0,0.0,0.0,282.0,123.0,406.0,209.0
0.0,4278.0,663.0,414.0,0.0,0.0,0.0,289.0,125.0,481.0,182.0
0.0,3615.0,404.0,415.0,0.0,0.0,0.0,291.0,124.0,324.0,80.0
0.0,3211.0,116.0,404.0,0.0,0.0,0.0,284.0,120.0,104.0,12.0
0.0,3095.0,84.0,393.0,0.0,0.0,0.0,276.0,117.0,43.0,41.0
0.0,3011.0,327.0,391.0,0.0,0.0,0.0,273.0,118.0,189.0,138.0
0.0,2684.0,598.0,397.0,0.0,0.0,0.0,277.0,120.0,393.0,205.0
0.0,2086.0,623.0,404.0,0.0,153.0,153.0,282.0,122.0,450.0,173.0
0.0,1463.0,398.0,404.0,0.0,551.0,551.0,283.0,121.0,318.0,80.0
0.0,1065.0,136.0,397.0,153.0,506.0,506.0,279.0,118.0,122.0,14.0
0.0,1082.0,90.0,388.0,551.0,9.0,9.0,272.0,116.0,53.0,37.0
0.0,1543.0,296.0,386.0,506.0,0.0,0.0,270.0,116.0,171.0,125.0
0.0,1753.0,553.0,390.0,9.0,351.0,351.0,272.0,118.0,358.0,195.0
0.0,1209.0,611.0,395.0,0.0,982.0,982.0,276.0,119.0,433.0,178.0
0.0,598.0,431.0,397.0,351.0,1070.0,1070.0,278.0,119.0,337.0,94.0
0.0,518.0,184.0,392.0,982.0,252.0,252.0,275.0,117.0,156.0,28.0
0.0,1316.0,126.0,385.0,1070.0,0.0,0.0,270.0,115.0,86.0,40.0
0.0,2260.0,333.0,384.0,252.0,0.0,0.0,269.0,115.0,205.0,128.0
0.0,2179.0,585.0,388.0,0.0,0.0,0.0,271.0,117.0,381.0,204.0
0.0,1594.0,620.0,394.0,0.0,602.0,602.0,275.0,119.0,433.0,187.0
0.0,974.0,391.0,393.0,0.0,989.0,989.0,275.0,118.0,302.0,89.0
0.0,583.0,143.0,388.0,602.0,510.0,510.0,272.0,116.0,131.0,12.0
0.0,1042.0,116.0,383.0,989.0,0.0,0.0,269.0,114.0,91.0,25.0
0.0,1915.0,341.0,382.0,510.0,0.0,0.0,268.0,114.0,223.0,118.0
0.0,2084.0,583.0,386.0,0.0,43.0,43.0,270.0,116.0,385.0,198.0
0.0,1501.0,592.0,390.0,0.0,651.0,651.0,273.0,117.0,408.0,184.0
0.0,909.0,360.0,389.0,43.0,964.0,964.0,273.0,116.0,266.0,94.0
0.0,592.0,136.0,366.0,651.0,357.0,357.0,257.0,109.0,113.0,23.0
0.0,1107.0,170.0,344.0,964.0,0.0,0.0,241.0,103.0,121.0,49.0
0.0,1901.0,415.0,326.0,357.0,0.0,0.0,228.0,98.0,274.0,141.0
0.0,1843.0,637.0,312.0,0.0,42.0,42.0,218.0,94.0,428.0,209.0
0.0,1206.0,610.0,324.0,0.0,700.0,700.0,226.0,98.0,423.0,187.0
0.0,596.0,358.0,331.0,42.0,1044.0,1044.0,231.0,100.0,261.0,97.0
0.0,280.0,110.0,332.0,700.0,458.0,458.0,232.0,100.0,93.0,17.0
0.0,870.0,120.0,335.0,1044.0,0.0,0.0,234.0,101.0,92.0,28.0
0.0,1794.0,378.0,342.0,458.0,0.0,0.0,239.0,103.0,263.0,115.0
0.0,1874.0,613.0,354.0,0.0,155.0,155.0,247.0,107.0,420.0,193.0
0.0,1261.0,606.0,365.0,0.0,805.0,805.0,255.0,110.0,419.0,187.0
0.0,655.0,349.0,371.0,155.0,1023.0,1023.0,260.0,111.0,247.0,102.0
0.0,461.0,111.0,367.0,805.0,313.0,313.0,258.0,109.0,87.0,24.0
0.0,1155.0,148.0,358.0,1023.0,0.0,0.0,252.0,106.0,107.0,41.0
0.0,2030.0,438.0,353.0,313.0,0.0,0.0,248.0,105.0,303.0,135.0
0.0,1905.0,689.0,360.0,0.0,224.0,224.0,252.0,108.0,479.0,210.0
0.0,1216.0,644.0,370.0,0.0,908.0,908.0,259.0,111.0,452.0,192.0
0.0,572.0,339.0,376.0,224.0,1047.0,1047.0,263.0,113.0,236.0,103.0
0.0,457.0,82.0,372.0,908.0,205.0,205.0,261.0,111.0,51.0,31.0
0.0,1283.0,132.0,362.0,1047.0,0.0,0.0,254.0,108.0,91.0,41.0
0.0,2198.0,437.0,358.0,205.0,0.0,0.0,251.0,107.0,312.0,125.0
0.0,1966.0,689.0,363.0,0.0,175.0,175.0,254.0,109.0,486.0,203.0
0.0,1277.0,638.0,375.0,0.0,861.0,861.0,262.0,113.0,450.0,188.0
0.0,639.0,317.0,380.0,175.0,1023.0,1023.0,266.0,114.0,223.0,94.0
0.0,497.0,43.0,376.0,861.0,189.0,189.0,264.0,112.0,26.0,17.0
0.0,1315.0,102.0,366.0,1023.0,0.0,0.0,257.0,109.0,69.0,33.0
0.0,2236.0,452.0,362.0,189.0,0.0,0.0,254.0,108.0,318.0,134.0
0.0,1973.0,759.0,368.0,0.0,258.0,258.0,258.0,110.0,539.0,220.0
0.0,1214.0,707.0,380.0,0.0,1013.0,1013.0,266.0,114.0,501.0,206.0
0.0,507.0,350.0,385.0,258.0,1125.0,1125.0,270.0,115.0,241.0,109.0
0.0,415.0,46.0,379.0,1013.0,134.0,134.0,266.0,113.0,21.0,25.0
0.0,1382.0,89.0,370.0,1125.0,0.0,0.0,260.0,110.0,48.0,41.0
0.0,2418.0,430.0,366.0,134.0,0.0,0.0,257.0,109.0,297.0,133.0
0.0,2122.0,735.0,373.0,0.0,105.0,105.0,261.0,112.0,526.0,209.0
0.0,1387.0,693.0,383.0,0.0,838.0,838.0,268.0,115.0,507.0,186.0
0.0,694.0,340.0,388.0,105.0,1093.0,1093.0,272.0,116.0,253.0,87.0
0.0,459.0,23.0,383.0,838.0,258.0,258.0,269.0,114.0,8.0,15.0
0.0,1274.0,71.0,374.0,1093.0,0.0,0.0,263.0,111.0,30.0,41.0
0.0,2296.0,434.0,370.0,258.0,0.0,0.0,260.0,110.0,288.0,146.0
0.0,2120.0,770.0,377.0,0.0,158.0,158.0,264.0,113.0,545.0,225.0
0.0,1350.0,741.0,387.0,0.0,939.0,939.0,271.0,116.0,541.0,200.0
0.0,609.0,379.0,392.0,158.0,1180.0,1180.0,275.0,117.0,283.0,96.0
0.0,388.0,52.0,387.0,939.0,273.0,273.0,272.0,115.0,31.0,21.0
0.0,1275.0,96.0,377.0,1180.0,0.0,0.0,265.0,112.0,40.0,56.0
0.0,2359.0,451.0,374.0,273.0,0.0,0.0,262.0,112.0,291.0,160.0
0.0,2181.0,758.0,381.0,0.0,101.0,101.0,267.0,114.0,533.0,225.0
0.0,1423.0,698.0,392.0,0.0,843.0,843.0,274.0,118.0,514.0,184.0
0.0,725.0,341.0,396.0,101.0,1099.0,1099.0,277.0,119.0,257.0,84.0
0.0,485.0,40.0,390.0,843.0,272.0,272.0,273.0,117.0,24.0,16.0
0.0,1288.0,95.0,381.0,1099.0,0.0,0.0,267.0,114.0,45.0,50.0
0.0,2292.0,437.0,378.0,272.0,0.0,0.0,265.0,113.0,289.0,148.0
0.0,2127.0,738.0,386.0,0.0,155.0,155.0,270.0,116.0,518.0,220.0
0.0,1389.0,711.0,396.0,0.0,906.0,906.0,277.0,119.0,520.0,191.0
0.0,678.0,380.0,401.0,155.0,1151.0,1151.0,281.0,120.0,287.0,93.0
0.0,453.0,83.0,394.0,906.0,300.0,300.0,276.0,118.0,57.0,26.0
0.0,1276.0,132.0,384.0,1151.0,0.0,0.0,269.0,115.0,71.0,61.0
0.0,2295.0,457.0,381.0,300.0,0.0,0.0,267.0,114.0,295.0,162.0
0.0,2138.0,746.0,389.0,0.0,164.0,164.0,272.0,117.0,516.0,230.0
0.0,1392.0,699.0,400.0,0.0,907.0,907.0,280.0,120.0,504.0,195.0
0.0,693.0,365.0,404.0,164.0,1124.0,1124.0,283.0,121.0,278.0,87.0
0.0,492.0,74.0,399.0,907.0,271.0,271.0,279.0,120.0,56.0,18.0
0.0,1325.0,117.0,390.0,1124.0,0.0,0.0,273.0,117.0,64.0,53.0
0.0,2332.0,445.0,386.0,271.0,0.0,0.0,270.0,116.0,289.0,156.0
0.0,2158.0,727.0,394.0,0.0,145.0,145.0,275.0,119.0,503.0,224.0
0.0,1431.0,699.0,405.0,0.0,888.0,888.0,283.0,122.0,502.0,197.0
0.0,732.0,390.0,410.0,145.0,1153.0,1153.0,287.0,123.0,296.0,94.0
0.0,487.0,115.0,404.0,888.0,356.0,356.0,283.0,121.0,94.0,21.0
0.0,1260.0,165.0,393.0,1153.0,0.0,0.0,275.0,118.0,109.0,56.0
0.0,2248.0,475.0,390.0,356.0,0.0,0.0,273.0,117.0,316.0,159.0
0.0,2129.0,744.0,398.0,0.0,207.0,207.0,278.0,120.0,511.0,233.0
0.0,1385.0,691.0,410.0,0.0,946.0,946.0,287.0,123.0,490.0,201.0
0.0,694.0,362.0,414.0,207.0,1117.0,1117.0,290.0,124.0,267.0,95.0
0.0,539.0,87.0,407.0,946.0,230.0,230.0,285.0,122.0,68.0,19.0
0.0,1398.0,130.0,397.0,1117.0,0.0,0.0,278.0,119.0,84.0,46.0
0.0,2385.0,458.0,393.0,230.0,0.0,0.0,275.0,118.0,301.0,157.0
0.0,2157.0,728.0,401.0,0.0,175.0,175.0,280.0,121.0,498.0,230.0
0.0,1429.0,679.0,413.0,0.0,902.0,902.0,289.0,124.0,481.0,198.0
0.0,750.0,357.0,418.0,175.0,1104.0,1104.0,292.0,126.0,264.0,93.0
0.0,568.0,93.0,411.0,902.0,267.0,267.0,288.0,123.0,73.0,20.0
0.0,1377.0,175.0,400.0,1104.0,0.0,0.0,280.0,120.0,118.0,57.0
0.0,2306.0,517.0,396.0,267.0,0.0,0.0,277.0,119.0,353.0,164.0
0.0,2056.0,784.0,405.0,0.0,348.0,348.0,283.0,122.0,547.0,237.0
0.0,1272.0,701.0,417.0,0.0,1097.0,1097.0,292.0,125.0,495.0,206.0
0.0,571.0,353.0,422.0,348.0,1122.0,1122.0,296.0,126.0,257.0,96.0
0.0,566.0,89.0,416.0,1097.0,90.0,90.0,292.0,124.0,71.0,18.0
0.0,1574.0,165.0,405.0,1122.0,0.0,0.0,284.0,121.0,115.0,50.0
0.0,2531.0,487.0,401.0,90.0,0.0,0.0,280.0,121.0,329.0,158.0
0.0,2134.0,751.0,409.0,0.0,253.0,253.0,285.0,124.0,517.0,234.0
0.0,1383.0,680.0,421.0,0.0,981.0,981.0,294.0,127.0,477.0,203.0
0.0,703.0,355.0,427.0,253.0,1107.0,1107.0,299.0,128.0,254.0,101.0
0.0,601.0,96.0,420.0,981.0,194.0,194.0,294.0,126.0,70.0,26.0
0.0,1486.0,173.0,409.0,1107.0,0.0,0.0,286.0,123.0,119.0,54.0
0.0,2420.0,519.0,405.0,194.0,0.0,0.0,283.0,122.0,359.0,160.0
0.0,2095.0,795.0,413.0,0.0,352.0,352.0,288.0,125.0,555.0,240.0
0.0,1300.0,710.0,425.0,0.0,1110.0,1110.0,297.0,128.0,499.0,211.0
0.0,590.0,347.0,430.0,352.0,1125.0,1125.0,301.0,129.0,249.0,98.0
0.0,595.0,75.0,422.0,1110.0,58.0,58.0,296.0,126.0,54.0,21.0
0.0,1630.0,164.0,411.0,1125.0,0.0,0.0,288.0,123.0,112.0,52.0
0.0,2591.0,523.0,408.0,58.0,0.0,0.0,285.0,123.0,363.0,160.0
0.0,2126.0,790.0,417.0,0.0,332.0,332.0,291.0,126.0,553.0,237.0
0.0,1336.0,692.0,429.0,0.0,1072.0,1072.0,300.0,129.0,484.0,208.0
0.0,644.0,333.0,434.0,332.0,1093.0,1093.0,304.0,130.0,231.0,102.0
0.0,643.0,63.0,427.0,1072.0,56.0,56.0,299.0,128.0,39.0,24.0
0.0,1652.0,154.0,416.0,1093.0,0.0,0.0,291.0,125.0,102.0,52.0
0.0,2591.0,536.0,412.0,56.0,0.0,0.0,288.0,124.0,374.0,162.0
0.0,2111.0,837.0,421.0,0.0,410.0,410.0,294.0,127.0,592.0,245.0
0.0,1274.0,744.0,434.0,0.0,1206.0,1206.0,303.0,131.0,528.0,216.0
0.0,530.0,351.0,438.0,410.0,1163.0,1163.0,306.0,132.0,243.0,108.0
0.0,589.0,62.0,430.0,1206.0,0.0,0.0,301.0,129.0,37.0,25.0
0.0,1733.0,150.0,418.0,1163.0,0.0,0.0,293.0,125.0,102.0,48.0
0.0,2746.0,530.0,416.0,0.0,0.0,0.0,291.0,125.0,375.0,155.0
0.0,2216.0,823.0,425.0,0.0,307.0,307.0,297.0,128.0,580.0,243.0
0.0,1393.0,749.0,438.0,0.0,1108.0,1108.0,306.0,132.0,527.0,222.0
0.0,644.0,364.0,442.0,307.0,1181.0,1181.0,309.0,133.0,252.0,112.0
0.0,587.0,54.0,434.0,1108.0,95.0,95.0,304.0,130.0,32.0,22.0
0.0,1641.0,115.0,423.0,1181.0,0.0,0.0,296.0,127.0,74.0,41.0
0.0,2707.0,512.0,419.0,95.0,0.0,0.0,293.0,126.0,355.0,157.0
0.0,2290.0,848.0,428.0,0.0,270.0,270.0,299.0,129.0,597.0,251.0
0.0,1442.0,803.0,441.0,0.0,1125.0,1125.0,308.0,133.0,572.0,231.0
0.0,639.0,412.0,446.0,270.0,1287.0,1287.0,312.0,134.0,296.0,116.0
0.0,497.0,82.0,439.0,1125.0,216.0,216.0,307.0,132.0,53.0,29.0
0.0,1540.0,132.0,426.0,1287.0,0.0,0.0,298.0,128.0,83.0,49.0
0.0,2695.0,507.0,423.0,216.0,0.0,0.0,296.0,127.0,350.0,157.0
0.0,2404.0,825.0,432.0,0.0,149.0,149.0,302.0,130.0,584.0,241.0
0.0,1579.0,756.0,445.0,0.0,957.0,957.0,311.0,134.0,542.0,214.0
0.0,823.0,389.0,450.0,149.0,1217.0,1217.0,315.0,135.0,282.0,107.0
0.0,583.0,72.0,442.0,957.0,300.0,300.0,310.0,132.0,44.0,28.0
0.0,1468.0,129.0,431.0,1217.0,0.0,0.0,302.0,129.0,73.0,56.0
0.0,2556.0,495.0,427.0,300.0,0.0,0.0,299.0,128.0,333.0,162.0
0.0,2361.0,811.0,436.0,0.0,194.0,194.0,305.0,131.0,569.0,242.0
0.0,1550.0,783.0,449.0,0.0,1029.0,1029.0,314.0,135.0,557.0,226.0
0.0,767.0,439.0,455.0,194.0,1298.0,1298.0,318.0,137.0,317.0,122.0
0.0,522.0,129.0,447.0,1029.0,366.0,366.0,313.0,134.0,91.0,38.0
0.0,1422.0,162.0,435.0,1298.0,0.0,0.0,304.0,131.0,109.0,53.0
0.0,2558.0,491.0,431.0,366.0,0.0,0.0,301.0,130.0,338.0,153.0
0.0,2433.0,806.0,439.0,0.0,129.0,129.0,307.0,132.0,561.0,245.0
0.0,1627.0,775.0,452.0,0.0,956.0,956.0,316.0,136.0,550.0,225.0
0.0,852.0,423.0,458.0,129.0,1274.0,1274.0,320.0,138.0,307.0,116.0
0.0,558.0,101.0,450.0,956.0,387.0,387.0,315.0,135.0,73.0,28.0
0.0,1413.0,126.0,439.0,1274.0,0.0,0.0,307.0,132.0,79.0,47.0
0.0,2561.0,476.0,435.0,387.0,0.0,0.0,304.0,131.0,324.0,152.0
0.0,2472.0,810.0,443.0,0.0,110.0,110.0,310.0,133.0,561.0,249.0
0.0,1662.0,782.0,456.0,0.0,944.0,944.0,319.0,137.0,549.0,233.0
0.0,880.0,453.0,462.0,110.0,1311.0,1311.0,323.0,139.0,325.0,128.0
0.0,537.0,141.0,454.0,944.0,476.0,476.0,318.0,136.0,104.0,37.0
0.0,1340.0,175.0,443.0,1311.0,0.0,0.0,310.0,133.0,115.0,60.0
0.0,2476.0,509.0,439.0,476.0,0.0,0.0,307.0,132.0,343.0,166.0
0.0,2443.0,814.0,448.0,0.0,163.0,163.0,313.0,135.0,563.0,251.0
0.0,1629.0,773.0,461.0,0.0,988.0,988.0,322.0,139.0,544.0,229.0
0.0,856.0,431.0,466.0,163.0,1276.0,1276.0,326.0,140.0,310.0,121.0
0.0,588.0,108.0,458.0,988.0,364.0,364.0,320.0,138.0,82.0,26.0
0.0,1468.0,144.0,446.0,1276.0,0.0,0.0,312.0,134.0,103.0,41.0
0.0,2600.0,503.0,442.0,364.0,0.0,0.0,309.0,133.0,351.0,152.0
0.0,2461.0,810.0,452.0,0.0,157.0,157.0,316.0,136.0,565.0,245.0
0.0,1651.0,764.0,465.0,0.0,973.0,973.0,325.0,140.0,535.0,229.0
0.0,887.0,405.0,470.0,157.0,1241.0,1241.0,329.0,141.0,284.0,121.0
0.0,639.0,114.0,462.0,973.0,350.0,350.0,323.0,139.0,81.0,33.0
0.0,1498.0,201.0,449.0,1241.0,0.0,0.0,314.0,135.0,141.0,60.0
0.0,2538.0,586.0,446.0,350.0,0.0,0.0,312.0,134.0,409.0,177.0
0.0,2302.0,887.0,456.0,0.0,409.0,409.0,319.0,137.0,625.0,262.0
0.0,1415.0,786.0,470.0,0.0,1251.0,1251.0,329.0,141.0,553.0,233.0
0.0,629.0,392.0,476.0,409.0,1258.0,1258.0,333.0,143.0,270.0,122.0
0.0,646.0,75.0,466.0,1251.0,42.0,42.0,326.0,140.0,47.0,28.0
0.0,1822.0,168.0,453.0,1258.0,0.0,0.0,317.0,136.0,118.0,50.0
0.0,2912.0,563.0,450.0,42.0,0.0,0.0,315.0,135.0,402.0,161.0
0.0,2391.0,859.0,460.0,0.0,308.0,308.0,322.0,138.0,613.0,246.0
0.0,1532.0,757.0,474.0,0.0,1121.0,1121.0,332.0,142.0,534.0,223.0
0.0,775.0,375.0,478.0,308.0,1204.0,1204.0,335.0,143.0,262.0,113.0
0.0,708.0,93.0,470.0,1121.0,144.0,144.0,329.0,141.0,57.0,36.0
0.0,1736.0,187.0,457.0,1204.0,0.0,0.0,320.0,137.0,119.0,68.0
0.0,2753.0,585.0,453.0,144.0,0.0,0.0,317.0,136.0,406.0,179.0
0.0,2312.0,906.0,463.0,0.0,446.0,446.0,324.0,139.0,645.0,261.0
0.0,1406.0,816.0,477.0,0.0,1318.0,1318.0,334.0,143.0,584.0,232.0
0.0,590.0,416.0,482.0,446.0,1308.0,1308.0,338.0,144.0,293.0,123.0
0.0,620.0,89.0,474.0,1318.0,47.0,47.0,332.0,142.0,52.0,37.0
0.0,1849.0,162.0,462.0,1308.0,0.0,0.0,323.0,139.0,103.0,59.0
0.0,2995.0,557.0,458.0,47.0,0.0,0.0,320.0,138.0,389.0,168.0
0.0,2485.0,882.0,468.0,0.0,269.0,269.0,327.0,141.0,626.0,256.0
0.0,1603.0,796.0,481.0,0.0,1117.0,1117.0,337.0,144.0,568.0,228.0
0.0,807.0,380.0,486.0,269.0,1248.0,1248.0,341.0,145.0,270.0,110.0
0.0,696.0,65.0,478.0,1117.0,164.0,164.0,335.0,143.0,40.0,25.0
0.0,1748.0,170.0,465.0,1248.0,0.0,0.0,326.0,139.0,114.0,56.0
0.0,2826.0,589.0,461.0,164.0,0.0,0.0,323.0,138.0,412.0,177.0
0.0,2401.0,919.0,471.0,0.0,402.0,402.0,330.0,141.0,650.0,269.0
0.0,1482.0,831.0,484.0,0.0,1285.0,1285.0,339.0,145.0,583.0,248.0
0.0,651.0,412.0,490.0,402.0,1319.0,1319.0,343.0,147.0,282.0,130.0
0.0,641.0,69.0,481.0,1285.0,67.0,67.0,337.0,144.0,37.0,32.0
0.0,1857.0,153.0,469.0,1319.0,0.0,0.0,328.0,141.0,98.0,55.0
0.0,3023.0,587.0,465.0,67.0,0.0,0.0,325.0,140.0,412.0,175.0
0.0,2503.0,936.0,475.0,0.0,333.0,333.0,332.0,143.0,666.0,270.0
0.0,1567.0,845.0,489.0,0.0,1234.0,1234.0,342.0,147.0,606.0,239.0
0.0,722.0,394.0,494.0,333.0,1315.0,1315.0,346.0,148.0,280.0,114.0
0.0,661.0,43.0,485.0,1234.0,88.0,88.0,340.0,145.0,24.0,19.0
0.0,1852.0,136.0,473.0,1315.0,0.0,0.0,331.0,142.0,86.0,50.0
0.0,3031.0,582.0,470.0,88.0,0.0,0.0,329.0,141.0,403.0,179.0
0.0,2537.0,958.0,478.0,0.0,333.0,333.0,335.0,143.0,678.0,280.0
0.0,1579.0,884.0,494.0,0.0,1281.0,1281.0,346.0,148.0,636.0,248.0
0.0,695.0,433.0,498.0,333.0,1397.0,1397.0,349.0,149.0,315.0,118.0
0.0,595.0,68.0,490.0,1281.0,152.0,152.0,344.0,146.0,46.0,22.0
0.0,1808.0,146.0,477.0,1397.0,0.0,0.0,335.0,142.0,86.0,60.0
0.0,3059.0,589.0,473.0,152.0,0.0,0.0,332.0,141.0,399.0,190.0
0.0,2622.0,947.0,483.0,0.0,257.0,257.0,338.0,145.0,661.0,286.0
0.0,1675.0,871.0,498.0,0.0,1188.0,1188.0,349.0,149.0,621.0,250.0
0.0,804.0,429.0,503.0,257.0,1380.0,1380.0,353.0,150.0,317.0,112.0
0.0,632.0,50.0,495.0,1188.0,210.0,210.0,347.0,148.0,35.0,15.0
0.0,1770.0,112.0,481.0,1380.0,0.0,0.0,337.0,144.0,62.0,50.0
0.0,3038.0,552.0,477.0,210.0,0.0,0.0,334.0,143.0,369.0,183.0
0.0,2696.0,953.0,487.0,0.0,205.0,205.0,341.0,146.0,669.0,284.0
0.0,1743.0,902.0,502.0,0.0,1167.0,1167.0,352.0,150.0,650.0,252.0
0.0,841.0,464.0,508.0,205.0,1450.0,1450.0,356.0,152.0,340.0,124.0
0.0,582.0,75.0,498.0,1167.0,318.0,318.0,349.0,149.0,55.0,20.0
0.0,1674.0,133.0,484.0,1450.0,0.0,0.0,339.0,145.0,81.0,52.0
0.0,2991.0,577.0,480.0,318.0,0.0,0.0,336.0,144.0,389.0,188.0
0.0,2732.0,963.0,490.0,0.0,191.0,191.0,343.0,147.0,671.0,292.0
0.0,1769.0,897.0,506.0,0.0,1152.0,1152.0,355.0,151.0,636.0,261.0
0.0,872.0,447.0,512.0,191.0,1432.0,1432.0,359.0,153.0,325.0,122.0
0.0,616.0,54.0,502.0,1152.0,294.0,294.0,352.0,150.0,41.0,13.0
0.0,1714.0,111.0,487.0,1432.0,0.0,0.0,341.0,146.0,67.0,44.0
0.0,3035.0,579.0,484.0,294.0,0.0,0.0,339.0,145.0,393.0,186.0
0.0,2750.0,979.0,496.0,0.0,213.0,213.0,347.0,149.0,683.0,296.0
0.0,1771.0,905.0,511.0,0.0,1178.0,1178.0,358.0,153.0,641.0,264.0
0.0,866.0,437.0,516.0,213.0,1422.0,1422.0,362.0,154.0,318.0,119.0
0.0,642.0,52.0,506.0,1178.0,256.0,256.0,355.0,151.0,42.0,10.0
0.0,1768.0,144.0,491.0,1422.0,0.0,0.0,344.0,147.0,97.0,47.0
0.0,3046.0,627.0,487.0,256.0,0.0,0.0,341.0,146.0,430.0,197.0
0.0,2675.0,1002.0,499.0,0.0,323.0,323.0,349.0,150.0,696.0,306.0
0.0,1673.0,891.0,514.0,0.0,1274.0,1274.0,360.0,154.0,624.0,267.0
0.0,782.0,414.0,519.0,323.0,1385.0,1385.0,364.0,155.0,299.0,115.0
0.0,691.0,53.0,509.0,1274.0,124.0,124.0,357.0,152.0,46.0,7.0
0.0,1912.0,160.0,495.0,1385.0,0.0,0.0,347.0,148.0,107.0,53.0
0.0,3137.0,627.0,492.0,124.0,0.0,0.0,344.0,148.0,424.0,203.0
0.0,2634.0,979.0,504.0,0.0,361.0,361.0,352.0,152.0,673.0,306.0
0.0,1655.0,847.0,519.0,0.0,1268.0,1268.0,363.0,156.0,590.0,257.0
0.0,808.0,385.0,523.0,361.0,1308.0,1308.0,366.0,157.0,278.0,107.0
0.0,784.0,55.0,513.0,1268.0,55.0,55.0,359.0,154.0,49.0,6.0
0.0,1997.0,199.0,499.0,1308.0,0.0,0.0,349.0,150.0,144.0,55.0
0.0,3106.0,682.0,496.0,55.0,0.0,0.0,347.0,149.0,476.0,206.0
0.0,2479.0,1032.0,508.0,0.0,585.0,585.0,356.0,152.0,717.0,315.0
0.0,1447.0,884.0,524.0,0.0,1533.0,1533.0,367.0,157.0,611.0,273.0
0.0,563.0,371.0,528.0,585.0,1335.0,1335.0,370.0,158.0,257.0,114.0
0.0,777.0,17.0,517.0,1533.0,0.0,0.0,362.0,155.0,17.0,0.0
0.0,2293.0,175.0,502.0,1335.0,0.0,0.0,352.0,150.0,136.0,39.0
0.0,3453.0,680.0,498.0,0.0,0.0,0.0,349.0,149.0,483.0,197.0
0.0,2773.0,1030.0,511.0,0.0,301.0,301.0,358.0,153.0,715.0,315.0
0.0,1743.0,876.0,527.0,0.0,1241.0,1241.0,369.0,158.0,598.0,278.0
0.0,867.0,370.0,532.0,301.0,1330.0,1330.0,372.0,160.0,247.0,123.0
0.0,798.0,9.0,520.0,1241.0,50.0,50.0,364.0,156.0,4.0,5.0
0.0,2030.0,184.0,506.0,1330.0,0.0,0.0,354.0,152.0,139.0,45.0
0.0,3176.0,730.0,503.0,50.0,0.0,0.0,352.0,151.0,524.0,206.0
0.0,2496.0,1100.0,516.0,0.0,668.0,668.0,361.0,155.0,776.0,324.0
0.0,1396.0,921.0,532.0,0.0,1653.0,1653.0,372.0,160.0,639.0,282.0
0.0,475.0,349.0,536.0,668.0,1350.0,1350.0,375.0,161.0,228.0,121.0
0.0,794.0,4.0,525.0,1653.0,0.0,0.0,367.0,158.0,0.0,4.0
0.0,2443.0,159.0,510.0,1350.0,0.0,0.0,357.0,153.0,114.0,45.0
0.0,3634.0,687.0,506.0,0.0,0.0,0.0,354.0,152.0,490.0,197.0
0.0,2947.0,1055.0,518.0,0.0,180.0,180.0,362.0,156.0,745.0,310.0
0.0,1892.0,896.0,535.0,0.0,1144.0,1144.0,374.0,161.0,628.0,268.0
0.0,996.0,367.0,539.0,180.0,1347.0,1347.0,377.0,162.0,250.0,117.0
0.0,809.0,18.0,529.0,1144.0,181.0,181.0,370.0,159.0,0.0,18.0
0.0,1935.0,178.0,515.0,1347.0,0.0,0.0,360.0,155.0,114.0,64.0
0.0,3104.0,717.0,511.0,181.0,0.0,0.0,357.0,154.0,503.0,214.0
0.0,2568.0,1083.0,522.0,0.0,603.0,603.0,365.0,157.0,771.0,312.0
0.0,1485.0,936.0,539.0,0.0,1607.0,1607.0,377.0,162.0,667.0,269.0
0.0,549.0,409.0,545.0,603.0,1437.0,1437.0,381.0,164.0,286.0,123.0
0.0,743.0,24.0,533.0,1607.0,0.0,0.0,373.0,160.0,4.0,20.0
0.0,2326.0,156.0,518.0,1437.0,0.0,0.0,362.0,156.0,95.0,61.0
0.0,3607.0,678.0,514.0,0.0,0.0,0.0,359.0,155.0,470.0,208.0
0.0,2929.0,1077.0,527.0,0.0,256.0,256.0,368.0,159.0,765.0,312.0
0.0,1852.0,947.0,543.0,0.0,1267.0,1267.0,380.0,163.0,682.0,265.0
0.0,905.0,407.0,549.0,256.0,1442.0,1442.0,384.0,165.0,292.0,115.0
0.0,754.0,10.0,538.0,1267.0,141.0,141.0,377.0,161.0,0.0,10.0
0.0,2011.0,122.0,522.0,1442.0,0.0,0.0,365.0,157.0,66.0,56.0
0.0,3331.0,661.0,517.0,141.0,0.0,0.0,361.0,156.0,447.0,214.0
0.0,2811.0,1088.0,530.0,0.0,397.0,397.0,370.0,160.0,767.0,321.0
0.0,1723.0,993.0,548.0,0.0,1462.0,1462.0,383.0,165.0,716.0,277.0
0.0,730.0,472.0,553.0,397.0,1557.0,1557.0,387.0,166.0,349.0,123.0
0.0,655.0,52.0,543.0,1462.0,107.0,107.0,380.0,163.0,30.0,22.0
0.0,2065.0,146.0,526.0,1557.0,0.0,0.0,368.0,158.0,77.0,69.0
0.0,3476.0,652.0,521.0,107.0,0.0,0.0,364.0,157.0,437.0,215.0
0.0,2931.0,1055.0,534.0,0.0,260.0,260.0,373.0,161.0,745.0,310.0
0.0,1876.0,956.0,551.0,0.0,1284.0,1284.0,385.0,166.0,698.0,258.0
0.0,920.0,454.0,557.0,260.0,1502.0,1502.0,390.0,167.0,343.0,111.0
0.0,726.0,52.0,546.0,1284.0,226.0,226.0,382.0,164.0,32.0,20.0
0.0,1958.0,134.0,530.0,1502.0,0.0,0.0,371.0,159.0,65.0,69.0
0.0,3326.0,629.0,525.0,226.0,0.0,0.0,367.0,158.0,416.0,213.0
0.0,2923.0,1047.0,538.0,0.0,276.0,276.0,376.0,162.0,733.0,314.0
0.0,1876.0,990.0,556.0,0.0,1338.0,1338.0,389.0,167.0,716.0,274.0
0.0,886.0,511.0,562.0,276.0,1597.0,1597.0,393.0,169.0,377.0,134.0
0.0,651.0,89.0,550.0,1338.0,300.0,300.0,385.0,165.0,57.0,32.0
0.0,1900.0,156.0,534.0,1597.0,0.0,0.0,373.0,161.0,84.0,72.0
0.0,3341.0,647.0,530.0,300.0,0.0,0.0,370.0,160.0,435.0,212.0
0.0,2994.0,1061.0,542.0,0.0,235.0,235.0,379.0,163.0,749.0,312.0
0.0,1933.0,974.0,561.0,0.0,1285.0,1285.0,392.0,169.0,705.0,269.0
0.0,959.0,472.0,566.0,235.0,1542.0,1542.0,396.0,170.0,344.0,128.0
0.0,722.0,62.0,555.0,1285.0,275.0,275.0,388.0,167.0,36.0,26.0
0.0,1945.0,146.0,538.0,1542.0,0.0,0.0,376.0,162.0,81.0,65.0
0.0,3341.0,645.0,534.0,275.0,0.0,0.0,373.0,161.0,442.0,203.0
0.0,2971.0,1056.0,546.0,0.0,269.0,269.0,382.0,164.0,753.0,303.0
0.0,1915.0,954.0,565.0,0.0,1299.0,1299.0,396.0,169.0,693.0,261.0
0.0,961.0,474.0,571.0,269.0,1528.0,1528.0,400.0,171.0,348.0,126.0
0.0,756.0,101.0,558.0,1299.0,278.0,278.0,391.0,167.0,60.0,41.0
0.0,1954.0,213.0,541.0,1528.0,0.0,0.0,378.0,163.0,119.0,94.0
0.0,3269.0,710.0,537.0,278.0,0.0,0.0,375.0,162.0,479.0,231.0
0.0,2837.0,1085.0,551.0,0.0,452.0,452.0,385.0,166.0,769.0,316.0
0.0,1752.0,944.0,570.0,0.0,1472.0,1472.0,399.0,171.0,685.0,259.0
0.0,808.0,433.0,575.0,452.0,1473.0,1473.0,403.0,172.0,317.0,116.0
0.0,827.0,69.0,563.0,1472.0,22.0,22.0,394.0,169.0,40.0,29.0
0.0,2230.0,207.0,546.0,1473.0,0.0,0.0,382.0,164.0,130.0,77.0
0.0,3496.0,693.0,542.0,22.0,0.0,0.0,379.0,163.0,482.0,211.0
0.0,2825.0,1054.0,556.0,0.0,453.0,453.0,389.0,167.0,755.0,299.0
0.0,1771.0,925.0,573.0,0.0,1446.0,1446.0,402.0,171.0,670.0,255.0
0.0,846.0,439.0,579.0,453.0,1456.0,1456.0,406.0,173.0,312.0,127.0
0.0,860.0,88.0,566.0,1446.0,46.0,46.0,397.0,169.0,42.0,46.0
0.0,2218.0,237.0,550.0,1456.0,0.0,0.0,385.0,165.0,140.0,97.0
0.0,3437.0,745.0,546.0,46.0,0.0,0.0,382.0,164.0,515.0,230.0
0.0,2738.0,1100.0,559.0,0.0,598.0,598.0,391.0,168.0,787.0,313.0
0.0,1638.0,950.0,577.0,0.0,1620.0,1620.0,404.0,173.0,684.0,266.0
0.0,688.0,445.0,583.0,598.0,1491.0,1491.0,409.0,174.0,311.0,134.0
0.0,841.0,73.0,571.0,1620.0,0.0,0.0,400.0,171.0,32.0,41.0
0.0,2388.0,210.0,555.0,1491.0,0.0,0.0,388.0,167.0,126.0,84.0
0.0,3669.0,721.0,550.0,0.0,0.0,0.0,384.0,166.0,506.0,215.0
0.0,2948.0,1096.0,563.0,0.0,400.0,400.0,394.0,169.0,796.0,300.0
0.0,1852.0,937.0,581.0,0.0,1409.0,1409.0,407.0,174.0,683.0,254.0
0.0,915.0,401.0,586.0,400.0,1430.0,1430.0,411.0,175.0,279.0,122.0
0.0,914.0,47.0,575.0,1409.0,24.0,24.0,403.0,172.0,7.0,40.0
0.0,2276.0,231.0,558.0,1430.0,0.0,0.0,391.0,167.0,139.0,92.0
0.0,3475.0,786.0,555.0,24.0,0.0,0.0,388.0,167.0,555.0,231.0
0.0,2713.0,1159.0,567.0,0.0,714.0,714.0,397.0,170.0,843.0,316.0
0.0,1554.0,974.0,585.0,0.0,1760.0,1760.0,410.0,175.0,706.0,268.0
0.0,580.0,404.0,590.0,714.0,1470.0,1470.0,414.0,176.0,271.0,133.0
0.0,890.0,44.0,579.0,1760.0,0.0,0.0,406.0,173.0,0.0,44.0
0.0,2606.0,207.0,563.0,1470.0,0.0,0.0,394.0,169.0,118.0,89.0
0.0,3869.0,751.0,558.0,0.0,0.0,0.0,390.0,168.0,524.0,227.0
0.0,3118.0,1133.0,571.0,0.0,299.0,299.0,399.0,172.0,821.0,312.0
0.0,1985.0,953.0,588.0,0.0,1320.0,1320.0,412.0,176.0,699.0,254.0
0.0,1032.0,398.0,593.0,299.0,1439.0,1439.0,416.0,177.0,282.0,116.0
0.0,933.0,35.0,582.0,1320.0,110.0,110.0,408.0,174.0,0.0,35.0
0.0,2218.0,205.0,566.0,1439.0,0.0,0.0,396.0,170.0,112.0,93.0
0.0,3452.0,766.0,562.0,110.0,0.0,0.0,393.0,169.0,533.0,233.0
0.0,2796.0,1168.0,574.0,0.0,668.0,668.0,402.0,172.0,847.0,321.0
0.0,1628.0,1010.0,592.0,0.0,1750.0,1750.0,415.0,177.0,742.0,268.0
0.0,618.0,453.0,598.0,668.0,1559.0,1559.0,420.0,178.0,322.0,131.0
0.0,833.0,53.0,586.0,1750.0,0.0,0.0,411.0,175.0,5.0,48.0
0.0,2530.0,208.0,570.0,1559.0,0.0,0.0,399.0,171.0,104.0,104.0
0.0,3881.0,771.0,566.0,0.0,0.0,0.0,396.0,170.0,529.0,242.0
0.0,3110.0,1162.0,579.0,0.0,368.0,368.0,405.0,174.0,843.0,319.0
0.0,1948.0,988.0,598.0,0.0,1432.0,1432.0,419.0,179.0,732.0,256.0
0.0,960.0,423.0,603.0,368.0,1507.0,1507.0,423.0,180.0,310.0,113.0
0.0,905.0,38.0,591.0,1432.0,65.0,65.0,415.0,176.0,0.0,38.0
0.0,2299.0,182.0,574.0,1507.0,0.0,0.0,402.0,172.0,84.0,98.0
0.0,3624.0,731.0,570.0,65.0,0.0,0.0,398.0,172.0,496.0,235.0
0.0,2958.0,1160.0,583.0,0.0,534.0,534.0,407.0,176.0,845.0,315.0
0.0,1798.0,1029.0,601.0,0.0,1635.0,1635.0,421.0,180.0,774.0,255.0
0.0,769.0,486.0,606.0,534.0,1607.0,1607.0,426.0,180.0,366.0,120.0
0.0,817.0,84.0,594.0,1635.0,8.0,8.0,417.0,177.0,27.0,57.0
0.0,2368.0,209.0,577.0,1607.0,0.0,0.0,404.0,173.0,92.0,117.0
0.0,3766.0,740.0,574.0,8.0,0.0,0.0,401.0,173.0,494.0,246.0
0.0,3034.0,1144.0,587.0,0.0,458.0,458.0,410.0,177.0,828.0,316.0
0.0,1890.0,1016.0,605.0,0.0,1546.0,1546.0,424.0,181.0,763.0,253.0
0.0,874.0,490.0,611.0,458.0,1602.0,1602.0,429.0,182.0,366.0,124.0
0.0,842.0,79.0,599.0,1546.0,87.0,87.0,420.0,179.0,26.0,53.0
0.0,2309.0,168.0,582.0,1602.0,0.0,0.0,407.0,175.0,59.0,109.0
0.0,3743.0,683.0,577.0,87.0,0.0,0.0,402.0,175.0,444.0,239.0
0.0,3147.0,1118.0,590.0,0.0,331.0,331.0,412.0,178.0,805.0,313.0
0.0,2029.0,1047.0,608.0,0.0,1450.0,1450.0,426.0,182.0,791.0,256.0
0.0,982.0,556.0,615.0,331.0,1703.0,1703.0,432.0,183.0,430.0,126.0
0.0,757.0,137.0,604.0,1450.0,346.0,346.0,424.0,180.0,84.0,53.0
0.0,2070.0,215.0,586.0,1703.0,0.0,0.0,410.0,176.0,100.0,115.0
0.0,3558.0,685.0,581.0,346.0,0.0,0.0,406.0,175.0,441.0,244.0
0.0,3219.0,1106.0,594.0,0.0,263.0,263.0,415.0,179.0,785.0,321.0
0.0,2113.0,1043.0,612.0,0.0,1378.0,1378.0,429.0,183.0,780.0,263.0
0.0,1070.0,555.0,619.0,263.0,1698.0,1698.0,435.0,184.0,428.0,127.0
0.0,778.0,133.0,608.0,1378.0,409.0,409.0,427.0,181.0,89.0,44.0
0.0,2023.0,186.0,590.0,1698.0,0.0,0.0,413.0,177.0,85.0,101.0
0.0,3535.0,663.0,585.0,409.0,0.0,0.0,408.0,177.0,416.0,247.0
0.0,3281.0,1083.0,598.0,0.0,194.0,194.0,417.0,181.0,752.0,331.0
0.0,2198.0,1035.0,617.0,0.0,1305.0,1305.0,432.0,185.0,767.0,268.0
0.0,1163.0,574.0,624.0,194.0,1713.0,1713.0,438.0,186.0,447.0,127.0
0.0,783.0,182.0,612.0,1305.0,542.0,542.0,430.0,182.0,135.0,47.0
0.0,1906.0,236.0,594.0,1713.0,0.0,0.0,416.0,178.0,131.0,105.0
0.0,3383.0,696.0,589.0,542.0,0.0,0.0,411.0,178.0,449.0,247.0
0.0,3229.0,1106.0,603.0,0.0,289.0,289.0,421.0,182.0,770.0,336.0
0.0,2123.0,1040.0,621.0,0.0,1401.0,1401.0,435.0,186.0,759.0,281.0
0.0,1083.0,565.0,628.0,289.0,1705.0,1705.0,441.0,187.0,434.0,131.0
0.0,807.0,137.0,616.0,1401.0,393.0,393.0,433.0,183.0,104.0,33.0
0.0,2071.0,200.0,599.0,1705.0,0.0,0.0,420.0,179.0,114.0,86.0
0.0,3576.0,674.0,594.0,393.0,0.0,0.0,415.0,179.0,441.0,233.0
0.0,3295.0,1087.0,607.0,0.0,220.0,220.0,424.0,183.0,756.0,331.0
0.0,2208.0,1037.0,626.0,0.0,1333.0,1333.0,438.0,188.0,746.0,291.0
0.0,1171.0,573.0,633.0,220.0,1714.0,1714.0,444.0,189.0,428.0,145.0
0.0,818.0,163.0,621.0,1333.0,496.0,496.0,436.0,185.0,122.0,41.0
0.0,1988.0,242.0,604.0,1714.0,0.0,0.0,423.0,181.0,153.0,89.0
0.0,3460.0,729.0,598.0,496.0,0.0,0.0,418.0,180.0,486.0,243.0
0.0,3227.0,1142.0,611.0,0.0,359.0,359.0,427.0,184.0,793.0,349.0
0.0,2085.0,1042.0,630.0,0.0,1477.0,1477.0,441.0,189.0,747.0,295.0
0.0,1043.0,537.0,637.0,359.0,1683.0,1683.0,447.0,190.0,403.0,134.0
0.0,865.0,127.0,624.0,1477.0,281.0,281.0,439.0,185.0,101.0,26.0
0.0,2215.0,225.0,606.0,1683.0,0.0,0.0,425.0,181.0,146.0,79.0
0.0,3673.0,727.0,601.0,281.0,0.0,0.0,421.0,180.0,487.0,240.0
0.0,3227.0,1136.0,615.0,0.0,369.0,369.0,430.0,185.0,785.0,351.0
0.0,2091.0,1033.0,634.0,0.0,1478.0,1478.0,444.0,190.0,735.0,298.0
0.0,1058.0,525.0,641.0,369.0,1662.0,1662.0,450.0,191.0,388.0,137.0
0.0,902.0,117.0,629.0,1478.0,253.0,253.0,442.0,187.0,86.0,31.0
0.0,2263.0,227.0,611.0,1662.0,0.0,0.0,428.0,183.0,136.0,91.0
0.0,3698.0,759.0,606.0,253.0,0.0,0.0,423.0,183.0,502.0,257.0
0.0,3192.0,1193.0,619.0,0.0,477.0,477.0,432.0,187.0,831.0,362.0
0.0,1999.0,1097.0,639.0,0.0,1654.0,1654.0,447.0,192.0,790.0,307.0
0.0,902.0,551.0,645.0,477.0,1752.0,1752.0,453.0,192.0,415.0,136.0
0.0,828.0,94.0,633.0,1654.0,144.0,144.0,445.0,188.0,72.0,22.0
0.0,2388.0,179.0,615.0,1752.0,0.0,0.0,431.0,184.0,100.0,79.0
0.0,3961.0,714.0,608.0,144.0,0.0,0.0,425.0,183.0,469.0,245.0
0.0,3391.0,1180.0,622.0,0.0,277.0,277.0,434.0,188.0,826.0,354.0
0.0,2211.0,1106.0,642.0,0.0,1463.0,1463.0,449.0,193.0,807.0,299.0
0.0,1105.0,567.0,649.0,277.0,1781.0,1781.0,456.0,193.0,428.0,139.0
0.0,815.0,90.0,638.0,1463.0,364.0,364.0,449.0,189.0,60.0,30.0
0.0,2188.0,160.0,620.0,1781.0,0.0,0.0,435.0,185.0,73.0,87.0
0.0,3809.0,719.0,613.0,364.0,0.0,0.0,428.0,185.0,467.0,252.0
0.0,3454.0,1218.0,626.0,0.0,268.0,268.0,437.0,189.0,852.0,366.0
0.0,2236.0,1151.0,645.0,0.0,1495.0,1495.0,451.0,194.0,839.0,312.0
0.0,1085.0,590.0,653.0,268.0,1849.0,1849.0,458.0,195.0,445.0,145.0
0.0,763.0,99.0,642.0,1495.0,409.0,409.0,451.0,191.0,67.0,32.0
0.0,2159.0,171.0,623.0,1849.0,0.0,0.0,437.0,186.0,83.0,88.0
0.0,3837.0,723.0,617.0,409.0,0.0,0.0,431.0,186.0,473.0,250.0
0.0,3523.0,1207.0,629.0,0.0,200.0,200.0,439.0,190.0,852.0,355.0
0.0,2316.0,1130.0,649.0,0.0,1410.0,1410.0,454.0,195.0,835.0,295.0
0.0,1186.0,563.0,656.0,200.0,1801.0,1801.0,460.0,196.0,433.0,130.0
0.0,823.0,51.0,645.0,1410.0,398.0,398.0,453.0,192.0,26.0,25.0
0.0,2182.0,132.0,626.0,1801.0,0.0,0.0,439.0,187.0,45.0,87.0
0.0,3851.0,728.0,620.0,398.0,0.0,0.0,433.0,187.0,469.0,259.0
0.0,3521.0,1262.0,633.0,0.0,273.0,273.0,442.0,191.0,893.0,369.0
0.0,2259.0,1197.0,653.0,0.0,1550.0,1550.0,457.0,196.0,888.0,309.0
0.0,1062.0,607.0,660.0,273.0,1912.0,1912.0,463.0,197.0,469.0,138.0
0.0,728.0,80.0,648.0,1550.0,394.0,394.0,455.0,193.0,45.0,35.0
0.0,2198.0,136.0,629.0,1912.0,0.0,0.0,441.0,188.0,36.0,100.0
0.0,3974.0,720.0,623.0,394.0,0.0,0.0,435.0,188.0,455.0,265.0
0.0,3648.0,1245.0,637.0,0.0,145.0,145.0,444.0,193.0,880.0,365.0
0.0,2403.0,1192.0,657.0,0.0,1417.0,1417.0,459.0,198.0,897.0,295.0
0.0,1211.0,603.0,664.0,145.0,1903.0,1903.0,466.0,198.0,477.0,126.0
0.0,753.0,61.0,652.0,1417.0,499.0,499.0,458.0,194.0,37.0,24.0
0.0,2109.0,109.0,634.0,1903.0,0.0,0.0,444.0,190.0,15.0,94.0
0.0,3903.0,696.0,627.0,499.0,0.0,0.0,438.0,189.0,430.0,266.0
0.0,3706.0,1242.0,641.0,0.0,100.0,100.0,447.0,194.0,871.0,371.0
0.0,2464.0,1219.0,661.0,0.0,1399.0,1399.0,462.0,199.0,912.0,307.0
0.0,1245.0,648.0,669.0,100.0,1979.0,1979.0,469.0,200.0,509.0,139.0
0.0,697.0,105.0,657.0,1399.0,637.0,637.0,461.0,196.0,72.0,33.0
0.0,1991.0,137.0,637.0,1979.0,0.0,0.0,446.0,191.0,41.0,96.0
0.0,3833.0,709.0,630.0,637.0,0.0,0.0,440.0,190.0,435.0,274.0
0.0,3761.0,1246.0,644.0,0.0,61.0,61.0,449.0,195.0,865.0,381.0
0.0,2515.0,1216.0,666.0,0.0,1365.0,1365.0,465.0,201.0,906.0,310.0
0.0,1299.0,634.0,673.0,61.0,1966.0,1966.0,471.0,202.0,508.0,126.0
0.0,726.0,84.0,660.0,1365.0,633.0,633.0,463.0,197.0,67.0,17.0
0.0,2007.0,101.0,641.0,1966.0,0.0,0.0,449.0,192.0,17.0,84.0
0.0,3872.0,680.0,634.0,633.0,0.0,0.0,442.0,192.0,416.0,264.0
0.0,3825.0,1233.0,648.0,0.0,0.0,0.0,452.0,196.0,859.0,374.0
0.0,2592.0,1214.0,668.0,0.0,1294.0,1294.0,467.0,201.0,907.0,307.0
0.0,1378.0,650.0,677.0,0.0,1980.0,1980.0,475.0,202.0,519.0,131.0
0.0,728.0,122.0,665.0,1294.0,760.0,760.0,467.0,198.0,97.0,25.0
0.0,1900.0,159.0,645.0,1980.0,0.0,0.0,452.0,193.0,55.0,104.0
0.0,3721.0,727.0,637.0,760.0,0.0,0.0,445.0,192.0,437.0,290.0
0.0,3754.0,1261.0,651.0,0.0,111.0,111.0,454.0,197.0,866.0,395.0
0.0,2493.0,1207.0,673.0,0.0,1406.0,1406.0,470.0,203.0,898.0,309.0
0.0,1286.0,623.0,682.0,111.0,1954.0,1954.0,478.0,204.0,507.0,116.0
0.0,774.0,110.0,669.0,1406.0,606.0,606.0,470.0,199.0,94.0,16.0
0.0,2070.0,160.0,650.0,1954.0,0.0,0.0,456.0,194.0,59.0,101.0
0.0,3864.0,732.0,643.0,606.0,0.0,0.0,449.0,194.0,448.0,284.0
0.0,3738.0,1245.0,656.0,0.0,131.0,131.0,457.0,199.0,862.0,383.0
0.0,2493.0,1168.0,677.0,0.0,1383.0,1383.0,473.0,204.0,872.0,296.0
0.0,1325.0,587.0,684.0,131.0,1867.0,1867.0,480.0,204.0,475.0,112.0
0.0,869.0,105.0,673.0,1383.0,545.0,545.0,473.0,200.0,84.0,21.0
0.0,2147.0,205.0,653.0,1867.0,0.0,0.0,458.0,195.0,90.0,115.0
0.0,3809.0,797.0,647.0,545.0,0.0,0.0,452.0,195.0,496.0,301.0
0.0,3557.0,1290.0,660.0,0.0,373.0,373.0,460.0,200.0,894.0,396.0
0.0,2267.0,1194.0,681.0,0.0,1651.0,1651.0,476.0,205.0,891.0,303.0
0.0,1073.0,595.0,690.0,373.0,1909.0,1909.0,484.0,206.0,475.0,120.0
0.0,851.0,97.0,677.0,1651.0,303.0,303.0,476.0,201.0,74.0,23.0
0.0,2405.0,189.0,657.0,1909.0,0.0,0.0,461.0,196.0,80.0,109.0
0.0,4125.0,777.0,651.0,303.0,0.0,0.0,455.0,196.0,489.0,288.0
0.0,3651.0,1276.0,664.0,0.0,281.0,281.0,463.0,201.0,890.0,386.0
0.0,2375.0,1179.0,686.0,0.0,1548.0,1548.0,480.0,206.0,880.0,299.0
0.0,1196.0,584.0,695.0,281.0,1887.0,1887.0,488.0,207.0,464.0,120.0
0.0,893.0,81.0,683.0,1548.0,372.0,372.0,480.0,203.0,57.0,24.0
0.0,2360.0,186.0,662.0,1887.0,0.0,0.0,464.0,198.0,79.0,107.0
0.0,4061.0,813.0,654.0,372.0,0.0,0.0,457.0,197.0,518.0,295.0
0.0,3620.0,1328.0,668.0,0.0,380.0,380.0,466.0,202.0,931.0,397.0
0.0,2292.0,1212.0,691.0,0.0,1684.0,1684.0,483.0,208.0,900.0,312.0
0.0,1080.0,588.0,699.0,380.0,1924.0,1924.0,491.0,208.0,461.0,127.0
0.0,872.0,75.0,687.0,1684.0,267.0,267.0,483.0,204.0,45.0,30.0
0.0,2481.0,180.0,666.0,1924.0,0.0,0.0,467.0,199.0,63.0,117.0
0.0,4225.0,794.0,659.0,267.0,0.0,0.0,460.0,199.0,501.0,293.0
0.0,3698.0,1311.0,672.0,0.0,301.0,301.0,468.0,204.0,927.0,384.0
0.0,2387.0,1215.0,694.0,0.0,1604.0,1604.0,485.0,209.0,917.0,298.0
0.0,1172.0,581.0,703.0,301.0,1920.0,1920.0,494.0,209.0,465.0,116.0
0.0,892.0,53.0,691.0,1604.0,321.0,321.0,486.0,205.0,26.0,27.0
0.0,2443.0,158.0,670.0,1920.0,0.0,0.0,470.0,200.0,41.0,117.0
0.0,4205.0,796.0,662.0,321.0,0.0,0.0,462.0,200.0,502.0,294.0
0.0,3730.0,1349.0,675.0,0.0,319.0,319.0,471.0,204.0,962.0,387.0
0.0,2381.0,1269.0,698.0,0.0,1680.0,1680.0,488.0,210.0,964.0,305.0
0.0,1112.0,641.0,707.0,319.0,2038.0,2038.0,497.0,210.0,509.0,132.0
0.0,790.0,87.0,696.0,1680.0,401.0,401.0,490.0,206.0,49.0,38.0
0.0,2383.0,155.0,675.0,2038.0,0.0,0.0,474.0,201.0,31.0,124.0
0.0,4266.0,777.0,666.0,401.0,0.0,0.0,465.0,201.0,477.0,300.0
0.0,3890.0,1329.0,680.0,0.0,159.0,159.0,474.0,206.0,943.0,386.0
0.0,2561.0,1246.0,702.0,0.0,1493.0,1493.0,491.0,211.0,952.0,294.0
0.0,1315.0,621.0,712.0,159.0,1995.0,1995.0,500.0,212.0,499.0,122.0
0.0,853.0,66.0,700.0,1493.0,520.0,520.0,493.0,207.0,30.0,36.0
0.0,2280.0,133.0,679.0,1995.0,0.0,0.0,476.0,203.0,8.0,125.0
0.0,4142.0,764.0,670.0,520.0,0.0,0.0,468.0,202.0,469.0,295.0
0.0,3898.0,1344.0,683.0,0.0,178.0,178.0,476.0,207.0,958.0,386.0
0.0,2554.0,1290.0,706.0,0.0,1560.0,1560.0,493.0,213.0,986.0,304.0
0.0,1264.0,665.0,715.0,178.0,2083.0,2083.0,502.0,213.0,534.0,131.0
0.0,777.0,97.0,703.0,1560.0,572.0,572.0,495.0,208.0,56.0,41.0
0.0,2240.0,147.0,682.0,2083.0,0.0,0.0,479.0,203.0,26.0,121.0
0.0,4176.0,767.0,674.0,572.0,0.0,0.0,471.0,203.0,471.0,296.0
0.0,3981.0,1347.0,687.0,0.0,114.0,114.0,479.0,208.0,952.0,395.0
0.0,2634.0,1297.0,710.0,0.0,1503.0,1503.0,496.0,214.0,984.0,313.0
0.0,1337.0,663.0,721.0,114.0,2096.0,2096.0,506.0,215.0,530.0,133.0
0.0,788.0,78.0,708.0,1503.0,619.0,619.0,498.0,210.0,48.0,30.0
0.0,2213.0,117.0,686.0,2096.0,0.0,0.0,481.0,205.0,3.0,114.0
0.0,4192.0,744.0,677.0,619.0,0.0,0.0,473.0,204.0,450.0,294.0
0.0,4067.0,1327.0,692.0,0.0,28.0,28.0,482.0,210.0,938.0,389.0
0.0,2740.0,1304.0,715.0,0.0,1424.0,1424.0,500.0,215.0,997.0,307.0
0.0,1436.0,691.0,725.0,28.0,2127.0,2127.0,509.0,216.0,561.0,130.0
0.0,773.0,120.0,712.0,1424.0,771.0,771.0,501.0,211.0,76.0,44.0
0.0,2077.0,168.0,690.0,2127.0,0.0,0.0,484.0,206.0,33.0,135.0
0.0,4036.0,776.0,682.0,771.0,0.0,0.0,476.0,206.0,468.0,308.0
0.0,4031.0,1329.0,696.0,0.0,82.0,82.0,485.0,211.0,938.0,391.0
0.0,2702.0,1273.0,718.0,0.0,1443.0,1443.0,502.0,216.0,973.0,300.0
0.0,1429.0,662.0,728.0,82.0,2063.0,2063.0,511.0,217.0,538.0,124.0
0.0,849.0,113.0,715.0,1443.0,681.0,681.0,503.0,212.0,71.0,42.0
0.0,2179.0,162.0,693.0,2063.0,0.0,0.0,486.0,207.0,26.0,136.0
0.0,4080.0,760.0,685.0,681.0,0.0,0.0,478.0,207.0,454.0,306.0
0.0,4001.0,1309.0,699.0,0.0,104.0,104.0,487.0,212.0,923.0,386.0
0.0,2692.0,1269.0,722.0,0.0,1465.0,1465.0,504.0,218.0,970.0,299.0
0.0,1423.0,679.0,732.0,104.0,2080.0,2080.0,514.0,218.0,550.0,129.0
0.0,848.0,141.0,718.0,1465.0,700.0,700.0,505.0,213.0,90.0,51.0
0.0,2172.0,202.0,697.0,2080.0,0.0,0.0,489.0,208.0,63.0,139.0
0.0,4050.0,801.0,689.0,700.0,0.0,0.0,481.0,208.0,491.0,310.0
0.0,3949.0,1339.0,703.0,0.0,202.0,202.0,490.0,213.0,944.0,395.0
0.0,2610.0,1268.0,727.0,0.0,1566.0,1566.0,508.0,219.0,962.0,306.0
0.0,1342.0,655.0,736.0,202.0,2055.0,2055.0,517.0,219.0,524.0,131.0
0.0,889.0,120.0,722.0,1566.0,553.0,553.0,508.0,214.0,76.0,44.0
0.0,2335.0,187.0,701.0,2055.0,0.0,0.0,492.0,209.0,57.0,130.0
0.0,4203.0,796.0,693.0,553.0,0.0,0.0,483.0,210.0,489.0,307.0
0.0,3960.0,1331.0,707.0,0.0,199.0,199.0,492.0,215.0,936.0,395.0
0.0,2629.0,1252.0,730.0,0.0,1543.0,1543.0,510.0,220.0,944.0,308.0
0.0,1377.0,638.0,740.0,199.0,2022.0,2022.0,519.0,221.0,508.0,130.0
0.0,938.0,121.0,727.0,1543.0,548.0,548.0,511.0,216.0,72.0,49.0
0.0,2360.0,222.0,705.0,2022.0,0.0,0.0,494.0,211.0,79.0,143.0
0.0,4160.0,840.0,696.0,548.0,0.0,0.0,485.0,211.0,526.0,314.0
0.0,3868.0,1358.0,710.0,0.0,330.0,330.0,494.0,216.0,964.0,394.0
0.0,2510.0,1261.0,734.0,0.0,1687.0,1687.0,512.0,222.0,955.0,306.0
0.0,1249.0,654.0,743.0,330.0,2047.0,2047.0,521.0,222.0,522.0,132.0
0.0,925.0,125.0,730.0,1687.0,433.0,433.0,513.0,217.0,81.0,44.0
0.0,2487.0,216.0,709.0,2047.0,0.0,0.0,497.0,212.0,85.0,131.0
0.0,4318.0,823.0,701.0,433.0,0.0,0.0,489.0,212.0,521.0,302.0
0.0,3928.0,1351.0,715.0,0.0,283.0,283.0,498.0,217.0,960.0,391.0
0.0,2577.0,1249.0,737.0,0.0,1620.0,1620.0,515.0,222.0,941.0,308.0
0.0,1328.0,635.0,747.0,283.0,2012.0,2012.0,524.0,223.0,491.0,144.0
0.0,976.0,121.0,734.0,1620.0,461.0,461.0,516.0,218.0,62.0,59.0
0.0,2475.0,235.0,713.0,2012.0,0.0,0.0,500.0,213.0,96.0,139.0
0.0,4252.0,858.0,705.0,461.0,0.0,0.0,492.0,213.0,555.0,303.0
0.0,3855.0,1379.0,718.0,0.0,396.0,396.0,500.0,218.0,989.0,390.0
0.0,2476.0,1271.0,742.0,0.0,1763.0,1763.0,518.0,224.0,960.0,311.0
0.0,1205.0,641.0,751.0,396.0,2044.0,2044.0,527.0,224.0,495.0,146.0
0.0,960.0,104.0,739.0,1763.0,337.0,337.0,519.0,220.0,45.0,59.0
0.0,2619.0,195.0,716.0,2044.0,0.0,0.0,502.0,214.0,64.0,131.0
0.0,4468.0,838.0,707.0,337.0,0.0,0.0,493.0,214.0,543.0,295.0
0.0,3967.0,1403.0,721.0,0.0,320.0,320.0,502.0,219.0,1012.0,391.0
0.0,2564.0,1323.0,746.0,0.0,1743.0,1743.0,521.0,225.0,1002.0,321.0
0.0,1241.0,652.0,755.0,320.0,2111.0,2111.0,530.0,225.0,502.0,150.0
0.0,909.0,68.0,743.0,1743.0,388.0,388.0,522.0,221.0,18.0,50.0
0.0,2584.0,167.0,721.0,2111.0,0.0,0.0,505.0,216.0,37.0,130.0
0.0,4528.0,847.0,712.0,388.0,0.0,0.0,496.0,216.0,539.0,308.0
0.0,4069.0,1435.0,726.0,0.0,270.0,270.0,505.0,221.0,1031.0,404.0
0.0,2634.0,1350.0,749.0,0.0,1712.0,1712.0,523.0,226.0,1027.0,323.0
0.0,1284.0,674.0,760.0,270.0,2160.0,2160.0,533.0,227.0,527.0,147.0
0.0,880.0,85.0,746.0,1712.0,477.0,477.0,524.0,222.0,28.0,57.0
0.0,2507.0,178.0,724.0,2160.0,0.0,0.0,507.0,217.0,37.0,141.0
0.0,4489.0,841.0,715.0,477.0,0.0,0.0,498.0,217.0,530.0,311.0
0.0,4125.0,1416.0,730.0,0.0,211.0,211.0,508.0,222.0,1019.0,397.0
0.0,2709.0,1340.0,754.0,0.0,1647.0,1647.0,526.0,228.0,1028.0,312.0
0.0,1369.0,675.0,764.0,211.0,2151.0,2151.0,536.0,228.0,540.0,135.0
0.0,905.0,76.0,751.0,1647.0,528.0,528.0,528.0,223.0,33.0,43.0
0.0,2476.0,148.0,728.0,2151.0,0.0,0.0,510.0,218.0,18.0,130.0
0.0,4479.0,826.0,720.0,528.0,0.0,0.0,502.0,218.0,517.0,309.0
0.0,4181.0,1441.0,734.0,0.0,196.0,196.0,511.0,223.0,1034.0,407.0
0.0,2740.0,1389.0,758.0,0.0,1681.0,1681.0,530.0,228.0,1060.0,329.0
0.0,1351.0,731.0,768.0,196.0,2256.0,2256.0,539.0,229.0,571.0,160.0
0.0,816.0,115.0,755.0,1681.0,638.0,638.0,531.0,224.0,51.0,64.0
0.0,2382.0,162.0,732.0,2256.0,0.0,0.0,513.0,219.0,24.0,138.0
0.0,4476.0,807.0,723.0,638.0,0.0,0.0,504.0,219.0,503.0,304.0
0.0,4307.0,1414.0,738.0,0.0,59.0,59.0,514.0,224.0,1015.0,399.0
0.0,2893.0,1359.0,762.0,0.0,1514.0,1514.0,532.0,230.0,1039.0,320.0
0.0,1534.0,690.0,772.0,59.0,2185.0,2185.0,542.0,230.0,547.0,143.0
0.0,903.0,85.0,758.0,1514.0,700.0,700.0,533.0,225.0,41.0,44.0
0.0,2332.0,138.0,735.0,2185.0,0.0,0.0,515.0,220.0,12.0,126.0
0.0,4379.0,811.0,727.0,700.0,0.0,0.0,507.0,220.0,500.0,311.0
0.0,4268.0,1441.0,742.0,0.0,141.0,141.0,517.0,225.0,1028.0,413.0
0.0,2827.0,1397.0,767.0,0.0,1638.0,1638.0,536.0,231.0,1064.0,333.0
0.0,1430.0,735.0,777.0,141.0,2272.0,2272.0,546.0,231.0,582.0,153.0
0.0,836.0,130.0,763.0,1638.0,708.0,708.0,537.0,226.0,75.0,55.0
0.0,2344.0,193.0,740.0,2272.0,0.0,0.0,519.0,221.0,50.0,143.0
0.0,4423.0,845.0,732.0,708.0,0.0,0.0,511.0,221.0,523.0,322.0
0.0,4286.0,1429.0,747.0,0.0,131.0,131.0,520.0,227.0,1012.0,417.0
0.0,2857.0,1356.0,771.0,0.0,1583.0,1583.0,539.0,232.0,1029.0,327.0
0.0,1501.0,702.0,780.0,131.0,2190.0,2190.0,548.0,232.0,561.0,141.0
0.0,930.0,113.0,766.0,1583.0,664.0,664.0,539.0,227.0,72.0,41.0
0.0,2400.0,181.0,744.0,2190.0,0.0,0.0,522.0,222.0,48.0,133.0
0.0,4409.0,826.0,736.0,664.0,0.0,0.0,513.0,223.0,510.0,316.0
0.0,4247.0,1411.0,751.0,0.0,168.0,168.0,523.0,228.0,1001.0,410.0
0.0,2836.0,1357.0,775.0,0.0,1621.0,1621.0,542.0,233.0,1035.0,322.0
0.0,1479.0,711.0,784.0,168.0,2200.0,2200.0,551.0,233.0,568.0,143.0
0.0,936.0,139.0,770.0,1621.0,662.0,662.0,542.0,228.0,83.0,56.0
0.0,2418.0,226.0,747.0,2200.0,0.0,0.0,524.0,223.0,79.0,147.0
0.0,4392.0,879.0,740.0,662.0,0.0,0.0,516.0,224.0,548.0,331.0
0.0,4175.0,1451.0,756.0,0.0,300.0,300.0,527.0,229.0,1026.0,425.0
0.0,2724.0,1349.0,779.0,0.0,1741.0,1741.0,545.0,234.0,1019.0,330.0
0.0,1375.0,695.0,790.0,300.0,2180.0,2180.0,555.0,235.0,545.0,150.0
0.0,980.0,124.0,776.0,1741.0,507.0,507.0,546.0,230.0,70.0,54.0
0.0,2597.0,202.0,752.0,2180.0,0.0,0.0,527.0,225.0,71.0,131.0
0.0,4575.0,853.0,744.0,507.0,0.0,0.0,519.0,225.0,545.0,308.0
0.0,4229.0,1415.0,758.0,0.0,218.0,218.0,528.0,230.0,1007.0,408.0
0.0,2814.0,1325.0,782.0,0.0,1639.0,1639.0,547.0,235.0,996.0,329.0
0.0,1489.0,693.0,793.0,218.0,2158.0,2158.0,557.0,236.0,536.0,157.0
0.0,1014.0,156.0,779.0,1639.0,619.0,619.0,548.0,231.0,95.0,61.0
0.0,2497.0,257.0,757.0,2158.0,0.0,0.0,531.0,226.0,117.0,140.0
0.0,4398.0,904.0,748.0,619.0,0.0,0.0,522.0,226.0,587.0,317.0
0.0,4113.0,1447.0,763.0,0.0,386.0,386.0,532.0,231.0,1030.0,417.0
0.0,2666.0,1340.0,786.0,0.0,1818.0,1818.0,550.0,236.0,995.0,345.0
0.0,1326.0,681.0,797.0,386.0,2157.0,2157.0,560.0,237.0,513.0,168.0
0.0,1031.0,141.0,783.0,1818.0,424.0,424.0,551.0,232.0,77.0,64.0
0.0,2708.0,250.0,761.0,2157.0,0.0,0.0,534.0,227.0,118.0,132.0
0.0,4615.0,910.0,752.0,424.0,0.0,0.0,525.0,227.0,603.0,307.0
0.0,4129.0,1444.0,767.0,0.0,383.0,383.0,535.0,232.0,1029.0,415.0
0.0,2685.0,1327.0,791.0,0.0,1806.0,1806.0,553.0,238.0,981.0,346.0
0.0,1358.0,663.0,801.0,383.0,2126.0,2126.0,562.0,239.0,498.0,165.0
0.0,1078.0,126.0,788.0,1806.0,394.0,394.0,554.0,234.0,67.0,59.0
0.0,2758.0,259.0,765.0,2126.0,0.0,0.0,536.0,229.0,130.0,129.0
0.0,4625.0,928.0,756.0,394.0,0.0,0.0,528.0,228.0,619.0,309.0
0.0,4091.0,1470.0,770.0,0.0,459.0,459.0,537.0,233.0,1053.0,417.0
0.0,2621.0,1346.0,794.0,0.0,1901.0,1901.0,555.0,239.0,996.0,350.0
0.0,1275.0,687.0,805.0,459.0,2173.0,2173.0,565.0,240.0,514.0,173.0
0.0,1047.0,150.0,792.0,1901.0,370.0,370.0,557.0,235.0,81.0,69.0
0.0,2798.0,265.0,769.0,2173.0,0.0,0.0,539.0,230.0,126.0,139.0
0.0,4706.0,911.0,761.0,370.0,0.0,0.0,531.0,230.0,600.0,311.0
0.0,4165.0,1454.0,775.0,0.0,389.0,389.0,540.0,235.0,1041.0,413.0
0.0,2711.0,1339.0,800.0,0.0,1828.0,1828.0,559.0,241.0,994.0,345.0
0.0,1372.0,673.0,810.0,389.0,2152.0,2152.0,568.0,242.0,504.0,169.0
0.0,1088.0,131.0,797.0,1828.0,403.0,403.0,560.0,237.0,70.0,61.0
0.0,2785.0,249.0,774.0,2152.0,0.0,0.0,543.0,231.0,121.0,128.0
0.0,4688.0,902.0,765.0,403.0,0.0,0.0,534.0,231.0,597.0,305.0
0.0,4189.0,1470.0,779.0,0.0,397.0,397.0,543.0,236.0,1048.0,422.0
0.0,2719.0,1386.0,803.0,0.0,1879.0,1879.0,561.0,242.0,1026.0,360.0
0.0,1333.0,731.0,813.0,397.0,2253.0,2253.0,570.0,243.0,551.0,180.0
0.0,999.0,161.0,800.0,1879.0,483.0,483.0,562.0,238.0,99.0,62.0
0.0,2717.0,236.0,777.0,2253.0,0.0,0.0,545.0,232.0,111.0,125.0
0.0,4734.0,880.0,767.0,483.0,0.0,0.0,536.0,231.0,580.0,300.0
0.0,4337.0,1453.0,783.0,0.0,248.0,248.0,546.0,237.0,1036.0,417.0
0.0,2884.0,1386.0,807.0,0.0,1730.0,1730.0,564.0,243.0,1023.0,363.0
0.0,1498.0,727.0,817.0,248.0,2249.0,2249.0,573.0,244.0,540.0,187.0
0.0,1019.0,150.0,804.0,1730.0,617.0,617.0,565.0,239.0,83.0,67.0
0.0,2599.0,218.0,782.0,2249.0,0.0,0.0,548.0,234.0,92.0,126.0
0.0,4630.0,868.0,771.0,617.0,0.0,0.0,538.0,233.0,564.0,304.0
0.0,4379.0,1452.0,786.0,0.0,217.0,217.0,547.0,239.0,1033.0,419.0
0.0,2927.0,1408.0,811.0,0.0,1725.0,1725.0,566.0,245.0,1047.0,361.0
0.0,1519.0,796.0,821.0,217.0,2344.0,2344.0,576.0,245.0,602.0,194.0
0.0,940.0,213.0,809.0,1725.0,784.0,784.0,568.0,241.0,136.0,77.0
0.0,2452.0,241.0,786.0,2344.0,0.0,0.0,551.0,235.0,114.0,127.0
0.0,4555.0,841.0,776.0,784.0,0.0,0.0,542.0,234.0,549.0,292.0
0.0,4498.0,1420.0,790.0,0.0,82.0,82.0,551.0,239.0,1012.0,408.0
0.0,3078.0,1395.0,814.0,0.0,1573.0,1573.0,569.0,245.0,1037.0,358.0
0.0,1683.0,785.0,825.0,82.0,2320.0,2320.0,579.0,246.0,596.0,189.0
0.0,980.0,209.0,813.0,1573.0,908.0,908.0,571.0,242.0,131.0,78.0
0.0,2344.0,222.0,790.0,2320.0,0.0,0.0,554.0,236.0,95.0,127.0
0.0,4442.0,806.0,779.0,908.0,0.0,0.0,544.0,235.0,515.0,291.0
0.0,4544.0,1403.0,793.0,0.0,31.0,31.0,553.0,240.0,993.0,410.0
0.0,3141.0,1433.0,818.0,0.0,1564.0,1564.0,572.0,246.0,1060.0,373.0
0.0,1708.0,865.0,830.0,31.0,2446.0,2446.0,582.0,248.0,652.0,213.0
0.0,874.0,259.0,817.0,1564.0,1089.0,1089.0,574.0,243.0,176.0,83.0
0.0,2179.0,227.0,794.0,2446.0,0.0,0.0,556.0,238.0,106.0,121.0
0.0,4398.0,793.0,783.0,1089.0,0.0,0.0,547.0,236.0,510.0,283.0
0.0,4694.0,1393.0,797.0,0.0,0.0,0.0,556.0,241.0,985.0,408.0
0.0,3301.0,1422.0,822.0,0.0,1409.0,1409.0,575.0,247.0,1046.0,376.0
0.0,1879.0,848.0,834.0,0.0,2305.0,2305.0,585.0,249.0,636.0,212.0
0.0,1031.0,243.0,820.0,1409.0,1083.0,1083.0,576.0,244.0,164.0,79.0
0.0,2197.0,208.0,796.0,2305.0,0.0,0.0,558.0,238.0,96.0,112.0
0.0,4294.0,772.0,786.0,1083.0,0.0,0.0,549.0,237.0,494.0,278.0
0.0,4605.0,1377.0,800.0,0.0,0.0,0.0,558.0,242.0,964.0,413.0
0.0,3228.0,1420.0,825.0,0.0,1492.0,1492.0,577.0,248.0,1033.0,387.0
0.0,1808.0,875.0,837.0,0.0,2415.0,2415.0,587.0,250.0,652.0,223.0
0.0,933.0,305.0,825.0,1492.0,1180.0,1180.0,579.0,246.0,216.0,89.0
0.0,2120.0,259.0,801.0,2415.0,0.0,0.0,561.0,240.0,145.0,114.0
0.0,4276.0,803.0,791.0,1180.0,0.0,0.0,552.0,239.0,521.0,282.0
0.0,4653.0,1375.0,804.0,0.0,0.0,0.0,561.0,243.0,958.0,417.0
0.0,3278.0,1406.0,828.0,0.0,1440.0,1440.0,579.0,249.0,1016.0,390.0
0.0,1872.0,859.0,840.0,0.0,2347.0,2347.0,589.0,251.0,638.0,221.0
0.0,1013.0,287.0,827.0,1440.0,1142.0,1142.0,581.0,246.0,209.0,78.0
0.0,2166.0,259.0,805.0,2347.0,0.0,0.0,564.0,241.0,154.0,105.0
0.0,4254.0,798.0,794.0,1142.0,0.0,0.0,555.0,239.0,526.0,272.0
0.0,4598.0,1371.0,808.0,0.0,5.0,5.0,564.0,244.0,953.0,418.0
0.0,3227.0,1402.0,832.0,0.0,1503.0,1503.0,582.0,250.0,1006.0,396.0
0.0,1825.0,855.0,843.0,5.0,2397.0,2397.0,591.0,252.0,626.0,229.0
0.0,975.0,293.0,832.0,1503.0,1143.0,1143.0,584.0,248.0,209.0,84.0
0.0,2185.0,298.0,809.0,2397.0,0.0,0.0,567.0,242.0,185.0,113.0
0.0,4284.0,865.0,800.0,1143.0,0.0,0.0,559.0,241.0,581.0,284.0
0.0,4562.0,1428.0,812.0,0.0,114.0,114.0,567.0,245.0,1002.0,426.0
0.0,3134.0,1419.0,837.0,0.0,1633.0,1633.0,585.0,252.0,1019.0,400.0
0.0,1715.0,837.0,849.0,114.0,2404.0,2404.0,595.0,254.0,609.0,228.0
0.0,992.0,256.0,837.0,1633.0,979.0,979.0,587.0,250.0,177.0,79.0
0.0,2369.0,265.0,814.0,2404.0,0.0,0.0,570.0,244.0,164.0,101.0
0.0,4508.0,849.0,804.0,979.0,0.0,0.0,562.0,242.0,580.0,269.0
0.0,4638.0,1416.0,816.0,0.0,42.0,42.0,570.0,246.0,999.0,417.0
0.0,3222.0,1406.0,840.0,0.0,1544.0,1544.0,588.0,252.0,1011.0,395.0
0.0,1816.0,815.0,852.0,42.0,2365.0,2365.0,598.0,254.0,589.0,226.0
0.0,1043.0,262.0,840.0,1544.0,1035.0,1035.0,590.0,250.0,170.0,92.0
0.0,2325.0,299.0,819.0,2365.0,0.0,0.0,574.0,245.0,177.0,122.0
0.0,4391.0,886.0,808.0,1035.0,0.0,0.0,565.0,243.0,601.0,285.0
0.0,4540.0,1455.0,822.0,0.0,203.0,203.0,574.0,248.0,1033.0,422.0
0.0,3085.0,1440.0,845.0,0.0,1735.0,1735.0,591.0,254.0,1041.0,399.0
0.0,1645.0,836.0,856.0,203.0,2412.0,2412.0,600.0,256.0,603.0,233.0
0.0,1012.0,239.0,845.0,1735.0,872.0,872.0,593.0,252.0,146.0,93.0
0.0,2508.0,264.0,822.0,2412.0,0.0,0.0,576.0,246.0,149.0,115.0
0.0,4656.0,874.0,813.0,872.0,0.0,0.0,568.0,245.0,596.0,278.0
0.0,4654.0,1457.0,825.0,0.0,103.0,103.0,576.0,249.0,1040.0,417.0
0.0,3197.0,1421.0,848.0,0.0,1616.0,1616.0,593.0,255.0,1034.0,387.0
0.0,1776.0,816.0,860.0,103.0,2377.0,2377.0,603.0,257.0,590.0,226.0
0.0,1063.0,238.0,849.0,1616.0,955.0,955.0,596.0,253.0,139.0,99.0
0.0,2441.0,286.0,828.0,2377.0,0.0,0.0,580.0,248.0,157.0,129.0
0.0,4532.0,896.0,817.0,955.0,0.0,0.0,571.0,246.0,608.0,288.0
0.0,4591.0,1467.0,829.0,0.0,192.0,192.0,579.0,250.0,1051.0,416.0
0.0,3124.0,1438.0,851.0,0.0,1718.0,1718.0,595.0,256.0,1047.0,391.0
0.0,1686.0,858.0,863.0,192.0,2432.0,2432.0,605.0,258.0,616.0,242.0
0.0,1020.0,285.0,854.0,1718.0,963.0,963.0,599.0,255.0,172.0,113.0
0.0,2453.0,286.0,833.0,2432.0,0.0,0.0,583.0,250.0,154.0,132.0
0.0,4599.0,864.0,822.0,963.0,0.0,0.0,574.0,248.0,586.0,278.0
0.0,4698.0,1436.0,833.0,0.0,70.0,70.0,581.0,252.0,1030.0,406.0
0.0,3262.0,1421.0,855.0,0.0,1579.0,1579.0,598.0,257.0,1041.0,380.0
0.0,1841.0,825.0,868.0,70.0,2386.0,2386.0,608.0,260.0,599.0,226.0
0.0,1086.0,254.0,858.0,1579.0,1021.0,1021.0,602.0,256.0,157.0,97.0
0.0,2411.0,279.0,837.0,2386.0,0.0,0.0,586.0,251.0,159.0,120.0
0.0,4518.0,875.0,827.0,1021.0,0.0,0.0,578.0,249.0,593.0,282.0
0.0,4664.0,1463.0,837.0,0.0,147.0,147.0,585.0,252.0,1042.0,421.0
0.0,3201.0,1461.0,859.0,0.0,1696.0,1696.0,601.0,258.0,1062.0,399.0
0.0,1740.0,867.0,872.0,147.0,2468.0,2468.0,611.0,261.0,629.0,238.0
0.0,1020.0,286.0,861.0,1696.0,1014.0,1014.0,604.0,257.0,182.0,104.0
0.0,2430.0,289.0,841.0,2468.0,0.0,0.0,589.0,252.0,158.0,131.0
0.0,4609.0,875.0,830.0,1014.0,0.0,0.0,580.0,250.0,579.0,296.0
0.0,4748.0,1460.0,842.0,0.0,80.0,80.0,588.0,254.0,1030.0,430.0
0.0,3288.0,1452.0,864.0,0.0,1620.0,1620.0,604.0,260.0,1058.0,394.0
0.0,1836.0,855.0,875.0,80.0,2439.0,2439.0,613.0,262.0,635.0,220.0
0.0,1061.0,267.0,866.0,1620.0,1050.0,1050.0,607.0,259.0,182.0,85.0
0.0,2414.0,271.0,844.0,2439.0,0.0,0.0,591.0,253.0,150.0,121.0
0.0,4582.0,851.0,834.0,1050.0,0.0,0.0,583.0,251.0,561.0,290.0
0.0,4781.0,1434.0,845.0,0.0,33.0,33.0,590.0,255.0,1011.0,423.0
0.0,3347.0,1454.0,868.0,0.0,1579.0,1579.0,607.0,261.0,1060.0,394.0
0.0,1893.0,905.0,879.0,33.0,2495.0,2495.0,616.0,263.0,671.0,234.0
0.0,1021.0,330.0,868.0,1579.0,1202.0,1202.0,609.0,259.0,227.0,103.0
0.0,2270.0,317.0,847.0,2495.0,0.0,0.0,593.0,254.0,178.0,139.0
0.0,4448.0,875.0,837.0,1202.0,0.0,0.0,585.0,252.0,574.0,301.0
0.0,4775.0,1435.0,848.0,0.0,52.0,52.0,592.0,256.0,1008.0,427.0
0.0,3340.0,1457.0,871.0,0.0,1601.0,1601.0,609.0,262.0,1062.0,395.0
0.0,1883.0,898.0,883.0,52.0,2495.0,2495.0,619.0,264.0,664.0,234.0
0.0,1037.0,323.0,873.0,1601.0,1177.0,1177.0,612.0,261.0,221.0,102.0
0.0,2315.0,290.0,852.0,2495.0,0.0,0.0,596.0,256.0,164.0,126.0
0.0,4520.0,836.0,841.0,1177.0,0.0,0.0,587.0,254.0,553.0,283.0
0.0,4861.0,1400.0,852.0,0.0,0.0,0.0,595.0,257.0,985.0,415.0
0.0,3461.0,1433.0,875.0,0.0,1472.0,1472.0,612.0,263.0,1045.0,388.0
0.0,2028.0,917.0,886.0,0.0,2433.0,2433.0,621.0,265.0,680.0,237.0
0.0,1111.0,374.0,877.0,1472.0,1299.0,1299.0,615.0,262.0,263.0,111.0
0.0,2209.0,350.0,855.0,2433.0,0.0,0.0,599.0,256.0,207.0,143.0
0.0,4292.0,869.0,844.0,1299.0,0.0,0.0,590.0,254.0,570.0,299.0
0.0,4722.0,1407.0,855.0,0.0,105.0,105.0,597.0,258.0,985.0,422.0
0.0,3315.0,1417.0,878.0,0.0,1614.0,1614.0,614.0,264.0,1030.0,387.0
0.0,1898.0,898.0,890.0,105.0,2455.0,2455.0,624.0,266.0,660.0,238.0
0.0,1105.0,367.0,881.0,1614.0,1172.0,1172.0,618.0,263.0,251.0,116.0
0.0,2352.0,350.0,859.0,2455.0,0.0,0.0,601.0,258.0,207.0,143.0
0.0,4457.0,865.0,849.0,1172.0,0.0,0.0,593.0,256.0,573.0,292.0
0.0,4764.0,1391.0,860.0,0.0,67.0,67.0,600.0,260.0,974.0,417.0
0.0,3373.0,1399.0,882.0,0.0,1554.0,1554.0,617.0,265.0,1014.0,385.0
0.0,1974.0,887.0,893.0,67.0,2418.0,2418.0,626.0,267.0,657.0,230.0
0.0,1154.0,374.0,884.0,1554.0,1202.0,1202.0,620.0,264.0,262.0,112.0
0.0,2334.0,388.0,862.0,2418.0,0.0,0.0,604.0,258.0,239.0,149.0
0.0,4364.0,922.0,853.0,1202.0,0.0,0.0,596.0,257.0,615.0,307.0
0.0,4644.0,1431.0,863.0,0.0,239.0,239.0,603.0,260.0,1007.0,424.0
0.0,3213.0,1406.0,886.0,0.0,1737.0,1737.0,620.0,266.0,1021.0,385.0
0.0,1807.0,875.0,897.0,239.0,2417.0,2417.0,629.0,268.0,641.0,234.0
0.0,1171.0,359.0,887.0,1737.0,999.0,999.0,622.0,265.0,239.0,120.0
0.0,2549.0,387.0,867.0,2417.0,0.0,0.0,607.0,260.0,230.0,157.0
0.0,4579.0,918.0,857.0,999.0,0.0,0.0,599.0,258.0,614.0,304.0
0.0,4660.0,1428.0,869.0,0.0,244.0,244.0,607.0,262.0,1011.0,417.0
0.0,3232.0,1397.0,890.0,0.0,1725.0,1725.0,623.0,267.0,1017.0,380.0
0.0,1835.0,852.0,902.0,244.0,2381.0,2381.0,632.0,270.0,622.0,230.0
0.0,1227.0,339.0,891.0,1725.0,951.0,951.0,625.0,266.0,222.0,117.0
0.0,2613.0,391.0,870.0,2381.0,0.0,0.0,609.0,261.0,233.0,158.0
0.0,4603.0,961.0,862.0,951.0,0.0,0.0,602.0,260.0,651.0,310.0
0.0,4593.0,1489.0,873.0,0.0,388.0,388.0,610.0,263.0,1067.0,422.0
0.0,3104.0,1453.0,896.0,0.0,1933.0,1933.0,627.0,269.0,1067.0,386.0
0.0,1651.0,872.0,907.0,388.0,2461.0,2461.0,636.0,271.0,634.0,238.0
0.0,1167.0,334.0,896.0,1933.0,818.0,818.0,629.0,267.0,206.0,128.0
0.0,2766.0,362.0,875.0,2461.0,0.0,0.0,613.0,262.0,201.0,161.0
0.0,4865.0,938.0,865.0,818.0,0.0,0.0,605.0,260.0,632.0,306.0
0.0,4745.0,1474.0,877.0,0.0,237.0,237.0,613.0,264.0,1060.0,414.0
0.0,3271.0,1432.0,900.0,0.0,1761.0,1761.0,630.0,270.0,1057.0,375.0
0.0,1839.0,861.0,911.0,237.0,2429.0,2429.0,639.0,272.0,624.0,237.0
0.0,1215.0,320.0,901.0,1761.0,948.0,948.0,632.0,269.0,189.0,131.0
0.0,2656.0,356.0,880.0,2429.0,0.0,0.0,616.0,264.0,191.0,165.0
0.0,4729.0,949.0,870.0,948.0,0.0,0.0,608.0,262.0,645.0,304.0
0.0,4728.0,1523.0,882.0,0.0,323.0,323.0,616.0,266.0,1108.0,415.0
0.0,3205.0,1487.0,904.0,0.0,1898.0,1898.0,633.0,271.0,1106.0,381.0
0.0,1718.0,876.0,915.0,323.0,2495.0,2495.0,642.0,273.0,637.0,239.0
0.0,1165.0,303.0,904.0,1898.0,856.0,856.0,634.0,270.0,172.0,131.0
0.0,2760.0,338.0,883.0,2495.0,0.0,0.0,618.0,265.0,174.0,164.0
0.0,4917.0,943.0,873.0,856.0,0.0,0.0,610.0,263.0,639.0,304.0
0.0,4830.0,1515.0,885.0,0.0,225.0,225.0,619.0,266.0,1106.0,409.0
0.0,3315.0,1495.0,908.0,0.0,1812.0,1812.0,636.0,272.0,1114.0,381.0
0.0,1820.0,891.0,919.0,225.0,2522.0,2522.0,645.0,274.0,647.0,244.0
0.0,1154.0,302.0,909.0,1812.0,972.0,972.0,638.0,271.0,166.0,136.0
0.0,2664.0,313.0,888.0,2522.0,0.0,0.0,622.0,266.0,145.0,168.0
0.0,4873.0,923.0,878.0,972.0,0.0,0.0,613.0,265.0,613.0,310.0
0.0,4922.0,1523.0,890.0,0.0,161.0,161.0,622.0,268.0,1106.0,417.0
0.0,3399.0,1522.0,912.0,0.0,1771.0,1771.0,638.0,274.0,1139.0,383.0
0.0,1877.0,930.0,924.0,161.0,2588.0,2588.0,648.0,276.0,682.0,248.0
0.0,1108.0,333.0,913.0,1771.0,1106.0,1106.0,640.0,273.0,191.0,142.0
0.0,2546.0,325.0,892.0,2588.0,0.0,0.0,624.0,268.0,158.0,167.0
0.0,4809.0,910.0,882.0,1106.0,0.0,0.0,616.0,266.0,611.0,299.0
0.0,5005.0,1509.0,894.0,0.0,80.0,80.0,625.0,269.0,1101.0,408.0
0.0,3496.0,1518.0,916.0,0.0,1686.0,1686.0,642.0,274.0,1136.0,382.0
0.0,1978.0,936.0,927.0,80.0,2586.0,2586.0,651.0,276.0,682.0,254.0
0.0,1122.0,326.0,917.0,1686.0,1186.0,1186.0,643.0,274.0,182.0,144.0
0.0,2482.0,303.0,896.0,2586.0,0.0,0.0,627.0,269.0,141.0,162.0
0.0,4765.0,887.0,886.0,1186.0,0.0,0.0,619.0,267.0,590.0,297.0
0.0,5064.0,1501.0,899.0,0.0,33.0,33.0,628.0,271.0,1089.0,412.0
0.0,3563.0,1545.0,921.0,0.0,1666.0,1666.0,645.0,276.0,1148.0,397.0
0.0,2018.0,984.0,932.0,33.0,2661.0,2661.0,654.0,278.0,719.0,265.0
0.0,1067.0,373.0,921.0,1666.0,1324.0,1324.0,646.0,275.0,227.0,146.0
0.0,2360.0,331.0,900.0,2661.0,0.0,0.0,630.0,270.0,168.0,163.0
0.0,4690.0,898.0,891.0,1324.0,0.0,0.0,622.0,269.0,597.0,301.0
0.0,5116.0,1503.0,903.0,0.0,0.0,0.0,631.0,272.0,1085.0,418.0
0.0,3613.0,1528.0,925.0,0.0,1615.0,1615.0,648.0,277.0,1135.0,393.0
0.0,2085.0,958.0,936.0,0.0,2617.0,2617.0,657.0,279.0,703.0,255.0
0.0,1127.0,345.0,925.0,1615.0,1303.0,1303.0,649.0,276.0,212.0,133.0
0.0,2397.0,303.0,904.0,2617.0,0.0,0.0,633.0,271.0,151.0,152.0
0.0,4711.0,877.0,893.0,1303.0,0.0,0.0,624.0,269.0,576.0,301.0
0.0,5137.0,1492.0,906.0,0.0,0.0,0.0,633.0,273.0,1063.0,429.0
0.0,3645.0,1550.0,929.0,0.0,1621.0,1621.0,650.0,279.0,1142.0,408.0
0.0,2095.0,987.0,941.0,0.0,2656.0,2656.0,660.0,281.0,728.0,259.0
0.0,1108.0,398.0,929.0,1621.0,1385.0,1385.0,652.0,277.0,257.0,141.0
0.0,2331.0,358.0,907.0,2656.0,0.0,0.0,635.0,272.0,193.0,165.0
0.0,4629.0,897.0,897.0,1385.0,0.0,0.0,626.0,271.0,593.0,304.0
0.0,5117.0,1493.0,909.0,0.0,12.0,12.0,635.0,274.0,1070.0,423.0
0.0,3624.0,1534.0,933.0,0.0,1642.0,1642.0,653.0,280.0,1134.0,400.0
0.0,2090.0,976.0,944.0,12.0,2650.0,2650.0,662.0,282.0,715.0,261.0
0.0,1126.0,378.0,933.0,1642.0,1342.0,1342.0,655.0,278.0,239.0,139.0
0.0,2390.0,332.0,911.0,2650.0,0.0,0.0,638.0,273.0,178.0,154.0
0.0,4708.0,882.0,901.0,1342.0,0.0,0.0,629.0,272.0,589.0,293.0
0.0,5168.0,1484.0,912.0,0.0,0.0,0.0,637.0,275.0,1066.0,418.0
0.0,3684.0,1528.0,936.0,0.0,1588.0,1588.0,655.0,281.0,1123.0,405.0
0.0,2156.0,992.0,949.0,0.0,2632.0,2632.0,666.0,283.0,718.0,274.0
0.0,1164.0,407.0,938.0,1588.0,1407.0,1407.0,658.0,280.0,257.0,150.0
0.0,2345.0,361.0,916.0,2632.0,0.0,0.0,641.0,275.0,196.0,165.0
0.0,4616.0,909.0,904.0,1407.0,0.0,0.0,631.0,273.0,609.0,300.0
0.0,5114.0,1510.0,917.0,0.0,64.0,64.0,640.0,277.0,1083.0,427.0
0.0,3604.0,1552.0,940.0,0.0,1708.0,1708.0,658.0,282.0,1139.0,413.0
0.0,2052.0,991.0,953.0,64.0,2687.0,2687.0,669.0,284.0,718.0,273.0
0.0,1125.0,391.0,942.0,1708.0,1326.0,1326.0,661.0,281.0,248.0,143.0
0.0,2442.0,347.0,920.0,2687.0,0.0,0.0,644.0,276.0,192.0,155.0
0.0,4782.0,891.0,909.0,1326.0,0.0,0.0,634.0,275.0,600.0,291.0
0.0,5217.0,1480.0,920.0,0.0,0.0,0.0,642.0,278.0,1068.0,412.0
0.0,3737.0,1526.0,943.0,0.0,1561.0,1561.0,660.0,283.0,1121.0,405.0
0.0,2211.0,977.0,956.0,0.0,2590.0,2590.0,671.0,285.0,705.0,272.0
0.0,1234.0,385.0,946.0,1561.0,1374.0,1374.0,664.0,282.0,234.0,151.0
0.0,2410.0,366.0,923.0,2590.0,0.0,0.0,646.0,277.0,196.0,170.0
0.0,4634.0,943.0,912.0,1374.0,0.0,0.0,636.0,276.0,635.0,308.0
0.0,5065.0,1542.0,924.0,0.0,173.0,173.0,645.0,279.0,1116.0,426.0
0.0,3523.0,1561.0,947.0,0.0,1826.0,1826.0,663.0,284.0,1150.0,411.0
0.0,1962.0,986.0,961.0,173.0,2695.0,2695.0,674.0,287.0,704.0,282.0
0.0,1149.0,382.0,950.0,1826.0,1207.0,1207.0,666.0,284.0,222.0,160.0
0.0,2593.0,346.0,928.0,2695.0,0.0,0.0,649.0,279.0,181.0,165.0
0.0,4942.0,919.0,917.0,1207.0,0.0,0.0,639.0,278.0,629.0,290.0
0.0,5230.0,1527.0,928.0,0.0,9.0,9.0,647.0,281.0,1111.0,416.0
0.0,3703.0,1563.0,952.0,0.0,1668.0,1668.0,666.0,286.0,1154.0,409.0
0.0,2140.0,985.0,965.0,9.0,2696.0,2696.0,677.0,288.0,712.0,273.0
0.0,1164.0,361.0,955.0,1668.0,1349.0,1349.0,670.0,285.0,218.0,143.0
0.0,2471.0,320.0,932.0,2696.0,0.0,0.0,652.0,280.0,165.0,155.0
0.0,4847.0,924.0,920.0,1349.0,0.0,0.0,642.0,278.0,622.0,302.0
0.0,5272.0,1572.0,932.0,0.0,28.0,28.0,650.0,282.0,1130.0,442.0
0.0,3700.0,1620.0,955.0,0.0,1740.0,1740.0,668.0,287.0,1188.0,432.0
0.0,2080.0,1034.0,968.0,28.0,2798.0,2798.0,679.0,289.0,750.0,284.0
0.0,1074.0,390.0,958.0,1740.0,1408.0,1408.0,672.0,286.0,243.0,147.0
0.0,2424.0,323.0,936.0,2798.0,0.0,0.0,655.0,281.0,167.0,156.0
0.0,4899.0,899.0,924.0,1408.0,0.0,0.0,644.0,280.0,597.0,302.0
0.0,5408.0,1544.0,935.0,0.0,0.0,0.0,652.0,283.0,1110.0,434.0
0.0,3864.0,1617.0,960.0,0.0,1593.0,1593.0,671.0,289.0,1199.0,418.0
0.0,2247.0,1032.0,974.0,0.0,2681.0,2681.0,683.0,291.0,757.0,275.0
0.0,1215.0,359.0,964.0,1593.0,1407.0,1407.0,676.0,288.0,222.0,137.0
0.0,2449.0,272.0,940.0,2681.0,0.0,0.0,658.0,282.0,128.0,144.0
0.0,4858.0,855.0,927.0,1407.0,0.0,0.0,647.0,280.0,563.0,292.0
0.0,5410.0,1549.0,938.0,0.0,0.0,0.0,654.0,284.0,1114.0,435.0
0.0,3861.0,1675.0,962.0,0.0,1662.0,1662.0,673.0,289.0,1238.0,437.0
0.0,2186.0,1105.0,977.0,0.0,2827.0,2827.0,685.0,292.0,809.0,296.0
0.0,1081.0,416.0,968.0,1662.0,1545.0,1545.0,679.0,289.0,258.0,158.0
0.0,2327.0,292.0,945.0,2827.0,0.0,0.0,661.0,284.0,132.0,160.0
0.0,4862.0,855.0,931.0,1545.0,0.0,0.0,649.0,282.0,555.0,300.0
0.0,5552.0,1539.0,942.0,0.0,0.0,0.0,657.0,285.0,1106.0,433.0
0.0,4013.0,1658.0,967.0,0.0,1513.0,1513.0,676.0,291.0,1229.0,429.0
0.0,2355.0,1087.0,981.0,0.0,2656.0,2656.0,688.0,293.0,801.0,286.0
0.0,1268.0,400.0,973.0,1513.0,1511.0,1511.0,682.0,291.0,253.0,147.0
0.0,2381.0,271.0,948.0,2656.0,0.0,0.0,663.0,285.0,124.0,147.0
0.0,4766.0,825.0,935.0,1511.0,0.0,0.0,652.0,283.0,530.0,295.0
0.0,5452.0,1522.0,945.0,0.0,0.0,0.0,659.0,286.0,1083.0,439.0
0.0,3930.0,1672.0,970.0,0.0,1622.0,1622.0,678.0,292.0,1239.0,433.0
0.0,2258.0,1133.0,984.0,0.0,2811.0,2811.0,690.0,294.0,847.0,286.0
0.0,1125.0,448.0,976.0,1622.0,1605.0,1605.0,685.0,291.0,300.0,148.0
0.0,2299.0,310.0,953.0,2811.0,0.0,0.0,667.0,286.0,151.0,159.0
0.0,4800.0,853.0,939.0,1605.0,0.0,0.0,655.0,284.0,542.0,311.0
0.0,5552.0,1534.0,950.0,0.0,0.0,0.0,662.0,288.0,1078.0,456.0
0.0,4018.0,1657.0,974.0,0.0,1535.0,1535.0,681.0,293.0,1216.0,441.0
0.0,2361.0,1103.0,989.0,0.0,2698.0,2698.0,693.0,296.0,822.0,281.0
0.0,1258.0,430.0,980.0,1535.0,1557.0,1557.0,687.0,293.0,295.0,135.0
0.0,2363.0,300.0,957.0,2698.0,0.0,0.0,669.0,288.0,152.0,148.0
0.0,4761.0,839.0,944.0,1557.0,0.0,0.0,658.0,286.0,532.0,307.0
0.0,5479.0,1506.0,954.0,0.0,0.0,0.0,665.0,289.0,1054.0,452.0
0.0,3973.0,1644.0,978.0,0.0,1583.0,1583.0,683.0,295.0,1206.0,438.0
0.0,2329.0,1121.0,993.0,0.0,2764.0,2764.0,696.0,297.0,837.0,284.0
0.0,1208.0,471.0,984.0,1583.0,1616.0,1616.0,690.0,294.0,331.0,140.0
0.0,2320.0,346.0,960.0,2764.0,0.0,0.0,672.0,288.0,195.0,151.0
0.0,4738.0,887.0,948.0,1616.0,0.0,0.0,661.0,287.0,576.0,311.0
0.0,5467.0,1547.0,959.0,0.0,0.0,0.0,669.0,290.0,1090.0,457.0
0.0,3920.0,1661.0,984.0,0.0,1677.0,1677.0,688.0,296.0,1211.0,450.0
0.0,2259.0,1103.0,998.0,0.0,2836.0,2836.0,700.0,298.0,808.0,295.0
0.0,1156.0,423.0,988.0,1677.0,1542.0,1542.0,693.0,295.0,278.0,145.0
0.0,2410.0,302.0,964.0,2836.0,0.0,0.0,674.0,290.0,157.0,145.0
0.0,4944.0,865.0,951.0,1542.0,0.0,0.0,663.0,288.0,569.0,296.0
0.0,5621.0,1540.0,962.0,0.0,0.0,0.0,671.0,291.0,1091.0,449.0
0.0,4081.0,1658.0,987.0,0.0,1525.0,1525.0,690.0,297.0,1206.0,452.0
0.0,2423.0,1100.0,1002.0,0.0,2685.0,2685.0,702.0,300.0,800.0,300.0
0.0,1323.0,436.0,992.0,1525.0,1556.0,1556.0,695.0,297.0,290.0,146.0
0.0,2412.0,349.0,968.0,2685.0,0.0,0.0,677.0,291.0,197.0,152.0
0.0,4748.0,932.0,956.0,1556.0,0.0,0.0,667.0,289.0,623.0,309.0
0.0,5372.0,1578.0,966.0,0.0,70.0,70.0,674.0,292.0,1121.0,457.0
0.0,3794.0,1642.0,990.0,0.0,1808.0,1808.0,692.0,298.0,1195.0,447.0
0.0,2152.0,1057.0,1005.0,70.0,2855.0,2855.0,704.0,301.0,768.0,289.0
0.0,1165.0,404.0,995.0,1808.0,1411.0,1411.0,697.0,298.0,264.0,140.0
0.0,2569.0,352.0,972.0,2855.0,0.0,0.0,680.0,292.0,202.0,150.0
0.0,5072.0,951.0,959.0,1411.0,0.0,0.0,669.0,290.0,638.0,313.0
0.0,5532.0,1599.0,970.0,0.0,0.0,0.0,676.0,294.0,1135.0,464.0
0.0,3933.0,1634.0,995.0,0.0,1681.0,1681.0,695.0,300.0,1187.0,447.0
0.0,2299.0,1024.0,1008.0,0.0,2757.0,2757.0,706.0,302.0,738.0,286.0
0.0,1275.0,390.0,999.0,1681.0,1430.0,1430.0,700.0,299.0,251.0,139.0
0.0,2566.0,366.0,977.0,2757.0,0.0,0.0,683.0,294.0,213.0,153.0
0.0,4957.0,995.0,964.0,1430.0,0.0,0.0,672.0,292.0,677.0,318.0
0.0,5392.0,1645.0,974.0,0.0,149.0,149.0,679.0,295.0,1179.0,466.0
0.0,3747.0,1666.0,999.0,0.0,1915.0,1915.0,698.0,301.0,1210.0,456.0
0.0,2081.0,1028.0,1012.0,149.0,2846.0,2846.0,709.0,303.0,735.0,293.0
0.0,1202.0,369.0,1003.0,1915.0,1264.0,1264.0,703.0,300.0,230.0,139.0
0.0,2748.0,345.0,981.0,2846.0,0.0,0.0,686.0,295.0,199.0,146.0
0.0,5249.0,977.0,967.0,1264.0,0.0,0.0,675.0,292.0,673.0,304.0
0.0,5536.0,1634.0,978.0,0.0,10.0,10.0,682.0,296.0,1176.0,458.0
0.0,3902.0,1661.0,1002.0,0.0,1767.0,1767.0,700.0,302.0,1203.0,458.0
0.0,2241.0,1033.0,1017.0,10.0,2850.0,2850.0,712.0,305.0,727.0,306.0
0.0,1218.0,372.0,1008.0,1767.0,1419.0,1419.0,706.0,302.0,223.0,149.0
0.0,2613.0,339.0,985.0,2850.0,0.0,0.0,689.0,296.0,192.0,147.0
0.0,5124.0,972.0,972.0,1419.0,0.0,0.0,678.0,294.0,671.0,301.0
0.0,5571.0,1659.0,982.0,0.0,16.0,16.0,685.0,297.0,1195.0,464.0
0.0,3912.0,1718.0,1006.0,0.0,1830.0,1830.0,703.0,303.0,1247.0,471.0
0.0,2194.0,1089.0,1021.0,16.0,2963.0,2963.0,715.0,306.0,776.0,313.0
0.0,1121.0,395.0,1012.0,1830.0,1492.0,1492.0,709.0,303.0,247.0,148.0
0.0,2556.0,334.0,989.0,2963.0,0.0,0.0,692.0,297.0,194.0,140.0
0.0,5185.0,950.0,976.0,1492.0,0.0,0.0,682.0,294.0,653.0,297.0
0.0,5727.0,1627.0,986.0,0.0,0.0,0.0,688.0,298.0,1171.0,456.0
0.0,4100.0,1687.0,1010.0,0.0,1627.0,1627.0,706.0,304.0,1226.0,461.0
0.0,2413.0,1069.0,1025.0,0.0,2756.0,2756.0,718.0,307.0,761.0,308.0
0.0,1344.0,389.0,1016.0,1627.0,1482.0,1482.0,712.0,304.0,241.0,148.0
0.0,2582.0,326.0,994.0,2756.0,0.0,0.0,696.0,298.0,185.0,141.0
0.0,5012.0,948.0,980.0,1482.0,0.0,0.0,685.0,295.0,648.0,300.0
0.0,5546.0,1643.0,990.0,0.0,57.0,57.0,691.0,299.0,1174.0,469.0
0.0,3903.0,1738.0,1014.0,0.0,1891.0,1891.0,709.0,305.0,1258.0,480.0
0.0,2165.0,1125.0,1030.0,57.0,3023.0,3023.0,721.0,309.0,802.0,323.0
0.0,1097.0,432.0,1021.0,1891.0,1528.0,1528.0,715.0,306.0,272.0,160.0
0.0,2556.0,339.0,998.0,3023.0,0.0,0.0,698.0,300.0,192.0,147.0
0.0,5240.0,920.0,983.0,1528.0,0.0,0.0,686.0,297.0,629.0,291.0
0.0,5848.0,1606.0,993.0,0.0,0.0,0.0,693.0,300.0,1156.0,450.0
0.0,4242.0,1708.0,1018.0,0.0,1538.0,1538.0,712.0,306.0,1245.0,463.0
0.0,2534.0,1117.0,1033.0,0.0,2715.0,2715.0,724.0,309.0,803.0,314.0
0.0,1417.0,426.0,1024.0,1538.0,1567.0,1567.0,718.0,306.0,271.0,155.0
0.0,2529.0,329.0,1002.0,2715.0,0.0,0.0,701.0,301.0,179.0,150.0
0.0,4915.0,911.0,987.0,1567.0,0.0,0.0,689.0,298.0,610.0,301.0
0.0,5571.0,1612.0,997.0,0.0,29.0,29.0,696.0,301.0,1152.0,460.0
0.0,3959.0,1740.0,1022.0,0.0,1869.0,1869.0,715.0,307.0,1269.0,471.0
0.0,2219.0,1160.0,1037.0,29.0,3060.0,3060.0,727.0,310.0,839.0,321.0
0.0,1088.0,470.0,1029.0,1869.0,1629.0,1629.0,721.0,308.0,300.0,170.0
0.0,2487.0,351.0,1005.0,3060.0,0.0,0.0,703.0,302.0,196.0,155.0
0.0,5196.0,916.0,991.0,1629.0,0.0,0.0,692.0,299.0,620.0,296.0
0.0,5909.0,1591.0,1002.0,0.0,0.0,0.0,700.0,302.0,1140.0,451.0
0.0,4318.0,1705.0,1026.0,0.0,1491.0,1491.0,718.0,308.0,1243.0,462.0
0.0,2613.0,1142.0,1041.0,0.0,2693.0,2693.0,730.0,311.0,828.0,314.0
0.0,1471.0,473.0,1032.0,1491.0,1639.0,1639.0,724.0,308.0,313.0,160.0
0.0,2489.0,363.0,1008.0,2693.0,0.0,0.0,706.0,302.0,212.0,151.0
0.0,4819.0,913.0,995.0,1639.0,0.0,0.0,695.0,300.0,615.0,298.0
0.0,5545.0,1590.0,1006.0,0.0,69.0,69.0,703.0,303.0,1134.0,456.0
0.0,3955.0,1698.0,1031.0,0.0,1867.0,1867.0,722.0,309.0,1233.0,465.0
0.0,2257.0,1143.0,1046.0,69.0,3001.0,3001.0,734.0,312.0,822.0,321.0
0.0,1183.0,496.0,1037.0,1867.0,1594.0,1594.0,727.0,310.0,321.0,175.0
0.0,2554.0,416.0,1013.0,3001.0,0.0,0.0,709.0,304.0,245.0,171.0
0.0,5139.0,972.0,999.0,1594.0,0.0,0.0,698.0,301.0,658.0,314.0
0.0,5761.0,1608.0,1010.0,0.0,0.0,0.0,706.0,304.0,1147.0,461.0
0.0,4153.0,1684.0,1036.0,0.0,1675.0,1675.0,725.0,311.0,1220.0,464.0
0.0,2469.0,1098.0,1050.0,0.0,2829.0,2829.0,736.0,314.0,786.0,312.0
0.0,1371.0,451.0,1040.0,1675.0,1565.0,1565.0,729.0,311.0,293.0,158.0
0.0,2595.0,388.0,1016.0,2829.0,0.0,0.0,711.0,305.0,236.0,152.0
0.0,5036.0,971.0,1003.0,1565.0,0.0,0.0,701.0,302.0,669.0,302.0
0.0,5630.0,1602.0,1014.0,0.0,28.0,28.0,709.0,305.0,1145.0,457.0
0.0,4028.0,1679.0,1039.0,0.0,1807.0,1807.0,728.0,311.0,1210.0,469.0
0.0,2349.0,1101.0,1054.0,28.0,2940.0,2940.0,739.0,315.0,780.0,321.0
0.0,1276.0,462.0,1044.0,1807.0,1555.0,1555.0,732.0,312.0,299.0,163.0
0.0,2621.0,405.0,1020.0,2940.0,0.0,0.0,714.0,306.0,253.0,152.0
0.0,5156.0,1006.0,1006.0,1555.0,0.0,0.0,703.0,303.0,698.0,308.0
0.0,5705.0,1672.0,1017.0,0.0,35.0,35.0,711.0,306.0,1189.0,483.0
0.0,4033.0,1721.0,1043.0,0.0,1860.0,1860.0,730.0,313.0,1225.0,496.0
0.0,2312.0,1104.0,1057.0,35.0,2985.0,2985.0,741.0,316.0,772.0,332.0
0.0,1243.0,433.0,1048.0,1860.0,1522.0,1522.0,734.0,314.0,283.0,150.0
0.0,2670.0,374.0,1023.0,2985.0,0.0,0.0,716.0,307.0,244.0,130.0
0.0,5281.0,983.0,1010.0,1522.0,0.0,0.0,706.0,304.0,687.0,296.0
0.0,5820.0,1652.0,1021.0,0.0,0.0,0.0,714.0,307.0,1173.0,479.0
0.0,4168.0,1697.0,1046.0,0.0,1713.0,1713.0,732.0,314.0,1206.0,491.0
0.0,2471.0,1065.0,1061.0,0.0,2838.0,2838.0,743.0,318.0,744.0,321.0
0.0,1406.0,418.0,1051.0,1713.0,1503.0,1503.0,736.0,315.0,272.0,146.0
0.0,2701.0,406.0,1026.0,2838.0,0.0,0.0,718.0,308.0,261.0,145.0
0.0,5133.0,1045.0,1013.0,1503.0,0.0,0.0,708.0,305.0,731.0,314.0
0.0,5591.0,1706.0,1024.0,0.0,211.0,211.0,716.0,308.0,1215.0,491.0
0.0,3885.0,1731.0,1049.0,0.0,2042.0,2042.0,734.0,315.0,1231.0,500.0
0.0,2154.0,1088.0,1063.0,211.0,2975.0,2975.0,745.0,318.0,761.0,327.0
0.0,1277.0,417.0,1055.0,2042.0,1318.0,1318.0,739.0,316.0,269.0,148.0
0.0,2902.0,390.0,1031.0,2975.0,0.0,0.0,721.0,310.0,247.0,143.0
0.0,5487.0,1037.0,1018.0,1318.0,0.0,0.0,711.0,307.0,725.0,312.0
0.0,5768.0,1711.0,1029.0,0.0,59.0,59.0,719.0,310.0,1226.0,485.0
0.0,4057.0,1729.0,1054.0,0.0,1888.0,1888.0,738.0,316.0,1241.0,488.0
0.0,2328.0,1072.0,1069.0,59.0,2961.0,2961.0,749.0,320.0,753.0,319.0
0.0,1315.0,404.0,1059.0,1888.0,1437.0,1437.0,742.0,317.0,258.0,146.0
0.0,2799.0,394.0,1036.0,2961.0,0.0,0.0,725.0,311.0,252.0,142.0
0.0,5366.0,1053.0,1023.0,1437.0,0.0,0.0,715.0,308.0,740.0,313.0
0.0,5750.0,1735.0,1033.0,0.0,117.0,117.0,722.0,311.0,1246.0,489.0
0.0,4015.0,1772.0,1058.0,0.0,1989.0,1989.0,741.0,317.0,1273.0,499.0
0.0,2243.0,1128.0,1074.0,117.0,3064.0,3064.0,753.0,321.0,794.0,334.0
0.0,1232.0,421.0,1064.0,1989.0,1456.0,1456.0,746.0,318.0,265.0,156.0
0.0,2800.0,377.0,1040.0,3064.0,0.0,0.0,728.0,312.0,230.0,147.0
0.0,5487.0,1033.0,1027.0,1456.0,0.0,0.0,718.0,309.0,718.0,315.0
0.0,5910.0,1725.0,1039.0,0.0,0.0,0.0,726.0,313.0,1234.0,491.0
0.0,4185.0,1763.0,1063.0,0.0,1830.0,1830.0,744.0,319.0,1266.0,497.0
0.0,2422.0,1098.0,1077.0,0.0,2984.0,2984.0,755.0,322.0,776.0,322.0
0.0,1324.0,397.0,1067.0,1830.0,1511.0,1511.0,748.0,319.0,257.0,140.0
0.0,2757.0,358.0,1044.0,2984.0,0.0,0.0,731.0,313.0,218.0,140.0
0.0,5383.0,1020.0,1031.0,1511.0,0.0,0.0,721.0,310.0,703.0,317.0
0.0,5874.0,1741.0,1043.0,0.0,39.0,39.0,729.0,314.0,1244.0,497.0
0.0,4133.0,1799.0,1067.0,0.0,1934.0,1934.0,747.0,320.0,1298.0,501.0
0.0,2334.0,1154.0,1082.0,39.0,3109.0,3109.0,759.0,323.0,824.0,330.0
0.0,1219.0,439.0,1071.0,1934.0,1570.0,1570.0,751.0,320.0,289.0,150.0
0.0,2714.0,376.0,1048.0,3109.0,0.0,0.0,734.0,314.0,233.0,143.0
0.0,5447.0,1019.0,1035.0,1570.0,0.0,0.0,724.0,311.0,702.0,317.0
0.0,5998.0,1726.0,1047.0,0.0,0.0,0.0,732.0,315.0,1221.0,505.0
0.0,4272.0,1789.0,1073.0,0.0,1809.0,1809.0,751.0,322.0,1275.0,514.0
0.0,2483.0,1127.0,1087.0,0.0,2992.0,2992.0,762.0,325.0,798.0,329.0
0.0,1356.0,413.0,1076.0,1809.0,1552.0,1552.0,754.0,322.0,275.0,138.0
0.0,2752.0,344.0,1053.0,2992.0,0.0,0.0,737.0,316.0,217.0,127.0
0.0,5400.0,992.0,1038.0,1552.0,0.0,0.0,726.0,312.0,684.0,308.0
0.0,5960.0,1724.0,1051.0,0.0,0.0,0.0,735.0,316.0,1222.0,502.0
0.0,4236.0,1811.0,1077.0,0.0,1883.0,1883.0,754.0,323.0,1297.0,514.0
0.0,2425.0,1181.0,1091.0,0.0,3120.0,3120.0,765.0,326.0,840.0,341.0
0.0,1244.0,469.0,1081.0,1883.0,1666.0,1666.0,758.0,323.0,315.0,154.0
0.0,2658.0,387.0,1057.0,3120.0,0.0,0.0,740.0,317.0,246.0,141.0
0.0,5391.0,1012.0,1043.0,1666.0,0.0,0.0,730.0,313.0,698.0,314.0
0.0,6045.0,1714.0,1054.0,0.0,0.0,0.0,738.0,316.0,1215.0,499.0
0.0,4331.0,1796.0,1081.0,0.0,1789.0,1789.0,758.0,323.0,1283.0,513.0
0.0,2535.0,1180.0,1097.0,0.0,3033.0,3033.0,769.0,328.0,833.0,347.0
0.0,1355.0,464.0,1087.0,1789.0,1668.0,1668.0,762.0,325.0,305.0,159.0
0.0,2680.0,365.0,1061.0,3033.0,0.0,0.0,743.0,318.0,229.0,136.0
0.0,5348.0,982.0,1048.0,1668.0,0.0,0.0,733.0,315.0,676.0,306.0
0.0,6034.0,1694.0,1060.0,0.0,0.0,0.0,742.0,318.0,1200.0,494.0
0.0,4340.0,1783.0,1086.0,0.0,1787.0,1787.0,761.0,325.0,1273.0,510.0
0.0,2557.0,1188.0,1101.0,0.0,3035.0,3035.0,772.0,329.0,845.0,343.0
0.0,1369.0,513.0,1091.0,1787.0,1721.0,1721.0,765.0,326.0,345.0,168.0
0.0,2643.0,427.0,1067.0,3035.0,0.0,0.0,747.0,320.0,275.0,152.0
0.0,5251.0,1015.0,1053.0,1721.0,0.0,0.0,737.0,316.0,702.0,313.0
0.0,5957.0,1686.0,1064.0,0.0,0.0,0.0,745.0,319.0,1196.0,490.0
0.0,4271.0,1762.0,1090.0,0.0,1851.0,1851.0,764.0,326.0,1260.0,502.0
0.0,2509.0,1171.0,1105.0,0.0,3082.0,3082.0,775.0,330.0,830.0,341.0
0.0,1338.0,503.0,1095.0,1851.0,1694.0,1694.0,768.0,327.0,338.0,165.0
0.0,2686.0,425.0,1071.0,3082.0,0.0,0.0,750.0,321.0,272.0,153.0
0.0,5343.0,1009.0,1056.0,1694.0,0.0,0.0,739.0,317.0,691.0,318.0
0.0,6028.0,1669.0,1068.0,0.0,0.0,0.0,747.0,321.0,1177.0,492.0
0.0,4359.0,1733.0,1093.0,0.0,1746.0,1746.0,766.0,327.0,1233.0,500.0
0.0,2626.0,1162.0,1108.0,0.0,2968.0,2968.0,777.0,331.0,820.0,342.0
0.0,1464.0,530.0,1098.0,1746.0,1712.0,1712.0,770.0,328.0,363.0,167.0
0.0,2680.0,471.0,1074.0,2968.0,0.0,0.0,752.0,322.0,318.0,153.0
0.0,5177.0,1047.0,1060.0,1712.0,0.0,0.0,741.0,319.0,728.0,319.0
0.0,5842.0,1678.0,1071.0,0.0,120.0,120.0,749.0,322.0,1183.0,495.0
0.0,4164.0,1752.0,1096.0,0.0,1972.0,1972.0,767.0,329.0,1239.0,513.0
0.0,2412.0,1181.0,1111.0,120.0,3093.0,3093.0,779.0,332.0,832.0,349.0
0.0,1351.0,527.0,1102.0,1972.0,1612.0,1612.0,772.0,330.0,363.0,164.0
0.0,2796.0,455.0,1077.0,3093.0,0.0,0.0,754.0,323.0,308.0,147.0
0.0,5434.0,1029.0,1063.0,1612.0,0.0,0.0,744.0,319.0,716.0,313.0
0.0,6017.0,1667.0,1074.0,0.0,0.0,0.0,751.0,323.0,1173.0,494.0
0.0,4350.0,1733.0,1100.0,0.0,1783.0,1783.0,770.0,330.0,1218.0,515.0
0.0,2617.0,1160.0,1115.0,0.0,3003.0,3003.0,781.0,334.0,808.0,352.0
0.0,1457.0,522.0,1106.0,1783.0,1706.0,1706.0,775.0,331.0,354.0,168.0
0.0,2718.0,473.0,1082.0,3003.0,0.0,0.0,757.0,325.0,317.0,156.0
0.0,5248.0,1070.0,1067.0,1706.0,0.0,0.0,746.0,321.0,746.0,324.0
0.0,5884.0,1714.0,1078.0,0.0,142.0,142.0,754.0,324.0,1215.0,499.0
0.0,4170.0,1762.0,1103.0,0.0,2004.0,2004.0,772.0,331.0,1252.0,510.0
0.0,2408.0,1162.0,1119.0,142.0,3088.0,3088.0,784.0,335.0,821.0,341.0
0.0,1388.0,523.0,1109.0,2004.0,1567.0,1567.0,777.0,332.0,352.0,171.0
0.0,2869.0,471.0,1085.0,3088.0,0.0,0.0,759.0,326.0,308.0,163.0
0.0,5486.0,1069.0,1071.0,1567.0,0.0,0.0,749.0,322.0,746.0,323.0
0.0,5984.0,1696.0,1082.0,0.0,40.0,40.0,757.0,325.0,1210.0,486.0
0.0,4288.0,1735.0,1108.0,0.0,1879.0,1879.0,776.0,332.0,1243.0,492.0
0.0,2553.0,1143.0,1123.0,40.0,3042.0,3042.0,787.0,336.0,807.0,336.0
0.0,1450.0,520.0,1114.0,1879.0,1647.0,1647.0,780.0,334.0,337.0,183.0
0.0,2809.0,490.0,1090.0,3042.0,0.0,0.0,763.0,327.0,307.0,183.0
0.0,5361.0,1090.0,1076.0,1647.0,0.0,0.0,752.0,324.0,756.0,334.0
0.0,5918.0,1726.0,1087.0,0.0,156.0,156.0,760.0,327.0,1236.0,490.0
0.0,4192.0,1778.0,1111.0,0.0,2030.0,2030.0,778.0,333.0,1283.0,495.0
0.0,2414.0,1177.0,1127.0,156.0,3115.0,3115.0,790.0,337.0,833.0,344.0
0.0,1393.0,524.0,1118.0,2030.0,1573.0,1573.0,783.0,335.0,338.0,186.0
0.0,2899.0,464.0,1094.0,3115.0,0.0,0.0,765.0,329.0,285.0,179.0
0.0,5550.0,1053.0,1079.0,1573.0,0.0,0.0,754.0,325.0,727.0,326.0
0.0,6070.0,1711.0,1090.0,0.0,1.0,1.0,762.0,328.0,1232.0,479.0
0.0,4359.0,1772.0,1115.0,0.0,1873.0,1873.0,781.0,334.0,1291.0,481.0
0.0,2587.0,1182.0,1131.0,1.0,3118.0,3118.0,793.0,338.0,845.0,337.0
0.0,1406.0,509.0,1121.0,1873.0,1714.0,1714.0,786.0,335.0,323.0,186.0
0.0,2770.0,434.0,1097.0,3118.0,0.0,0.0,768.0,329.0,250.0,184.0
0.0,5454.0,1037.0,1083.0,1714.0,0.0,0.0,757.0,326.0,699.0,338.0
0.0,6131.0,1737.0,1093.0,0.0,0.0,0.0,764.0,329.0,1244.0,493.0
0.0,4394.0,1837.0,1118.0,0.0,1915.0,1915.0,783.0,335.0,1336.0,501.0
0.0,2557.0,1238.0,1134.0,0.0,3217.0,3217.0,795.0,339.0,891.0,347.0
0.0,1319.0,543.0,1126.0,1915.0,1813.0,1813.0,789.0,337.0,355.0,188.0
0.0,2691.0,444.0,1102.0,3217.0,0.0,0.0,771.0,331.0,262.0,182.0
0.0,5464.0,1041.0,1088.0,1813.0,0.0,0.0,760.0,328.0,704.0,337.0
0.0,6236.0,1718.0,1098.0,0.0,0.0,0.0,768.0,330.0,1231.0,487.0
0.0,4518.0,1810.0,1124.0,0.0,1788.0,1788.0,787.0,337.0,1323.0,487.0
0.0,2708.0,1208.0,1138.0,0.0,3052.0,3052.0,798.0,340.0,873.0,335.0
0.0,1500.0,518.0,1129.0,1788.0,1746.0,1746.0,791.0,338.0,334.0,184.0
0.0,2770.0,416.0,1105.0,3052.0,0.0,0.0,773.0,332.0,235.0,181.0
0.0,5406.0,1007.0,1090.0,1746.0,0.0,0.0,762.0,328.0,679.0,328.0
0.0,6145.0,1718.0,1101.0,0.0,0.0,0.0,770.0,331.0,1230.0,488.0
0.0,4427.0,1852.0,1126.0,0.0,1929.0,1929.0,789.0,337.0,1350.0,502.0
0.0,2575.0,1284.0,1142.0,0.0,3277.0,3277.0,801.0,341.0,926.0,358.0
0.0,1291.0,589.0,1133.0,1929.0,1901.0,1901.0,794.0,339.0,387.0,202.0
0.0,2631.0,452.0,1110.0,3277.0,0.0,0.0,777.0,333.0,257.0,195.0
0.0,5456.0,1008.0,1096.0,1901.0,0.0,0.0,766.0,330.0,669.0,339.0
0.0,6349.0,1698.0,1106.0,0.0,0.0,0.0,773.0,333.0,1209.0,489.0
0.0,4651.0,1840.0,1131.0,0.0,1713.0,1713.0,792.0,339.0,1345.0,495.0
0.0,2811.0,1270.0,1147.0,0.0,3047.0,3047.0,804.0,343.0,928.0,342.0
0.0,1541.0,553.0,1137.0,1713.0,1847.0,1847.0,797.0,340.0,370.0,183.0
0.0,2701.0,403.0,1113.0,3047.0,0.0,0.0,779.0,334.0,228.0,175.0
0.0,5345.0,966.0,1099.0,1847.0,0.0,0.0,768.0,331.0,640.0,326.0
0.0,6226.0,1697.0,1109.0,0.0,0.0,0.0,776.0,333.0,1208.0,489.0
0.0,4529.0,1862.0,1135.0,0.0,1873.0,1873.0,795.0,340.0,1357.0,505.0
0.0,2667.0,1304.0,1151.0,0.0,3241.0,3241.0,807.0,344.0,945.0,359.0
0.0,1363.0,595.0,1141.0,1873.0,1923.0,1923.0,800.0,341.0,391.0,204.0
0.0,2641.0,444.0,1117.0,3241.0,0.0,0.0,782.0,335.0,256.0,188.0
0.0,5438.0,1005.0,1102.0,1923.0,0.0,0.0,770.0,332.0,673.0,332.0
0.0,6356.0,1711.0,1113.0,0.0,0.0,0.0,778.0,335.0,1219.0,492.0
0.0,4645.0,1858.0,1138.0,0.0,1765.0,1765.0,797.0,341.0,1347.0,511.0
0.0,2787.0,1297.0,1154.0,0.0,3126.0,3126.0,809.0,345.0,931.0,366.0
0.0,1490.0,590.0,1145.0,1765.0,1915.0,1915.0,802.0,343.0,391.0,199.0
0.0,2665.0,435.0,1121.0,3126.0,0.0,0.0,784.0,337.0,264.0,171.0
0.0,5356.0,990.0,1106.0,1915.0,0.0,0.0,773.0,333.0,676.0,314.0
0.0,6281.0,1683.0,1117.0,0.0,0.0,0.0,781.0,336.0,1202.0,481.0
0.0,4598.0,1816.0,1142.0,0.0,1786.0,1786.0,800.0,342.0,1307.0,509.0
0.0,2782.0,1265.0,1157.0,0.0,3111.0,3111.0,811.0,346.0,896.0,369.0
0.0,1517.0,602.0,1147.0,1786.0,1887.0,1887.0,804.0,343.0,399.0,203.0
0.0,2701.0,492.0,1124.0,3111.0,0.0,0.0,786.0,338.0,308.0,184.0
0.0,5320.0,1071.0,1111.0,1887.0,0.0,0.0,776.0,335.0,733.0,338.0
0.0,6136.0,1736.0,1121.0,0.0,84.0,84.0,783.0,338.0,1235.0,501.0
0.0,4400.0,1828.0,1146.0,0.0,2012.0,2012.0,802.0,344.0,1314.0,514.0
0.0,2572.0,1255.0,1161.0,84.0,3243.0,3243.0,814.0,347.0,890.0,365.0
0.0,1401.0,589.0,1152.0,2012.0,1784.0,1784.0,807.0,345.0,388.0,201.0
0.0,2824.0,491.0,1129.0,3243.0,0.0,0.0,790.0,339.0,310.0,181.0
0.0,5576.0,1047.0,1115.0,1784.0,0.0,0.0,779.0,336.0,727.0,320.0
0.0,6313.0,1703.0,1125.0,0.0,0.0,0.0,786.0,339.0,1223.0,480.0
0.0,4610.0,1798.0,1150.0,0.0,1788.0,1788.0,805.0,345.0,1301.0,497.0
0.0,2812.0,1217.0,1164.0,0.0,3061.0,3061.0,816.0,348.0,859.0,358.0
0.0,1595.0,564.0,1156.0,1788.0,1805.0,1805.0,810.0,346.0,359.0,205.0
0.0,2819.0,515.0,1132.0,3061.0,0.0,0.0,792.0,340.0,322.0,193.0
0.0,5365.0,1125.0,1119.0,1805.0,0.0,0.0,782.0,337.0,790.0,335.0
0.0,6045.0,1780.0,1129.0,0.0,251.0,251.0,789.0,340.0,1288.0,492.0
0.0,4265.0,1820.0,1154.0,0.0,2171.0,2171.0,808.0,346.0,1315.0,505.0
0.0,2445.0,1204.0,1168.0,251.0,3180.0,3180.0,819.0,349.0,840.0,364.0
0.0,1492.0,553.0,1159.0,2171.0,1526.0,1526.0,812.0,347.0,339.0,214.0
0.0,3110.0,509.0,1135.0,3180.0,0.0,0.0,794.0,341.0,305.0,204.0
0.0,5781.0,1119.0,1123.0,1526.0,0.0,0.0,784.0,339.0,778.0,341.0
0.0,6188.0,1770.0,1133.0,0.0,114.0,114.0,792.0,341.0,1290.0,480.0
0.0,4418.0,1814.0,1158.0,0.0,2028.0,2028.0,811.0,347.0,1326.0,488.0
0.0,2604.0,1189.0,1172.0,114.0,3159.0,3159.0,822.0,350.0,838.0,351.0
0.0,1529.0,529.0,1163.0,2028.0,1624.0,1624.0,815.0,348.0,319.0,210.0
0.0,3028.0,509.0,1141.0,3159.0,0.0,0.0,798.0,343.0,305.0,204.0
0.0,5678.0,1147.0,1127.0,1624.0,0.0,0.0,787.0,340.0,807.0,340.0
0.0,6155.0,1807.0,1137.0,0.0,200.0,200.0,795.0,342.0,1323.0,484.0
0.0,4348.0,1851.0,1161.0,0.0,2147.0,2147.0,813.0,348.0,1357.0,494.0
0.0,2497.0,1233.0,1176.0,200.0,3240.0,3240.0,825.0,351.0,866.0,367.0
0.0,1464.0,559.0,1168.0,2147.0,1620.0,1620.0,819.0,349.0,334.0,225.0
0.0,3052.0,499.0,1144.0,3240.0,0.0,0.0,801.0,343.0,287.0,212.0
0.0,5793.0,1106.0,1130.0,1620.0,0.0,0.0,790.0,340.0,766.0,340.0
0.0,6307.0,1779.0,1140.0,0.0,32.0,32.0,797.0,343.0,1301.0,478.0
0.0,4528.0,1845.0,1165.0,0.0,1977.0,1977.0,816.0,349.0,1352.0,493.0
0.0,2683.0,1219.0,1181.0,32.0,3228.0,3228.0,828.0,353.0,858.0,361.0
0.0,1496.0,540.0,1172.0,1977.0,1755.0,1755.0,822.0,350.0,325.0,215.0
0.0,2933.0,471.0,1149.0,3228.0,0.0,0.0,804.0,345.0,271.0,200.0
0.0,5690.0,1096.0,1134.0,1755.0,0.0,0.0,792.0,342.0,759.0,337.0
0.0,6349.0,1803.0,1143.0,0.0,26.0,26.0,799.0,344.0,1312.0,491.0
0.0,4546.0,1884.0,1168.0,0.0,2010.0,2010.0,818.0,350.0,1377.0,507.0
0.0,2662.0,1273.0,1185.0,26.0,3325.0,3325.0,831.0,354.0,899.0,374.0
0.0,1415.0,571.0,1176.0,2010.0,1850.0,1850.0,825.0,351.0,352.0,219.0
0.0,2854.0,480.0,1153.0,3325.0,0.0,0.0,807.0,346.0,279.0,201.0
0.0,5699.0,1081.0,1138.0,1850.0,0.0,0.0,795.0,343.0,745.0,336.0
0.0,6468.0,1792.0,1147.0,0.0,0.0,0.0,802.0,345.0,1298.0,494.0
0.0,4676.0,1887.0,1172.0,0.0,1899.0,1899.0,821.0,351.0,1377.0,510.0
0.0,2789.0,1279.0,1188.0,0.0,3242.0,3242.0,833.0,355.0,906.0,373.0
0.0,1510.0,570.0,1180.0,1899.0,1881.0,1881.0,827.0,353.0,354.0,216.0
0.0,2839.0,471.0,1156.0,3242.0,0.0,0.0,809.0,347.0,275.0,196.0
0.0,5610.0,1063.0,1142.0,1881.0,0.0,0.0,798.0,344.0,730.0,333.0
0.0,6428.0,1771.0,1152.0,0.0,0.0,0.0,806.0,346.0,1278.0,493.0
0.0,4657.0,1898.0,1176.0,0.0,1945.0,1945.0,824.0,352.0,1384.0,514.0
0.0,2759.0,1329.0,1193.0,0.0,3342.0,3342.0,837.0,356.0,950.0,379.0
0.0,1430.0,628.0,1185.0,1945.0,1993.0,1993.0,831.0,354.0,410.0,218.0
0.0,2747.0,505.0,1161.0,3342.0,0.0,0.0,813.0,348.0,303.0,202.0
0.0,5584.0,1070.0,1146.0,1993.0,0.0,0.0,801.0,345.0,723.0,347.0
0.0,6507.0,1763.0,1156.0,0.0,0.0,0.0,808.0,348.0,1260.0,503.0
0.0,4744.0,1881.0,1181.0,0.0,1861.0,1861.0,827.0,354.0,1371.0,510.0
0.0,2863.0,1307.0,1197.0,0.0,3232.0,3232.0,840.0,357.0,944.0,363.0
0.0,1556.0,616.0,1188.0,1861.0,1951.0,1951.0,833.0,355.0,404.0,212.0
0.0,2801.0,487.0,1165.0,3232.0,0.0,0.0,815.0,350.0,283.0,204.0
0.0,5546.0,1057.0,1151.0,1951.0,0.0,0.0,804.0,347.0,707.0,350.0
0.0,6440.0,1753.0,1161.0,0.0,0.0,0.0,811.0,350.0,1248.0,505.0
0.0,4687.0,1877.0,1187.0,0.0,1938.0,1938.0,831.0,356.0,1366.0,511.0
0.0,2810.0,1321.0,1202.0,0.0,3319.0,3319.0,843.0,359.0,959.0,362.0
0.0,1489.0,648.0,1192.0,1938.0,1989.0,1989.0,836.0,356.0,438.0,210.0
0.0,2779.0,546.0,1169.0,3319.0,0.0,0.0,818.0,351.0,334.0,212.0
0.0,5552.0,1119.0,1155.0,1989.0,0.0,0.0,807.0,348.0,754.0,365.0
0.0,6422.0,1776.0,1166.0,0.0,18.0,18.0,815.0,351.0,1268.0,508.0
0.0,4646.0,1855.0,1192.0,0.0,1977.0,1977.0,835.0,357.0,1352.0,503.0
0.0,2791.0,1269.0,1206.0,18.0,3284.0,3284.0,847.0,359.0,917.0,352.0
0.0,1540.0,619.0,1197.0,1977.0,1890.0,1890.0,840.0,357.0,414.0,205.0
0.0,2898.0,547.0,1173.0,3284.0,0.0,0.0,821.0,352.0,330.0,217.0
0.0,5635.0,1117.0,1160.0,1890.0,0.0,0.0,810.0,350.0,746.0,371.0
0.0,6408.0,1765.0,1171.0,0.0,41.0,41.0,818.0,353.0,1254.0,511.0
0.0,4643.0,1843.0,1196.0,0.0,1984.0,1984.0,838.0,358.0,1347.0,496.0
0.0,2800.0,1277.0,1211.0,41.0,3280.0,3280.0,850.0,361.0,926.0,351.0
0.0,1564.0,639.0,1201.0,1984.0,1895.0,1895.0,842.0,359.0,422.0,217.0
0.0,2909.0,565.0,1177.0,3280.0,0.0,0.0,823.0,354.0,338.0,227.0
0.0,5624.0,1133.0,1163.0,1895.0,0.0,0.0,812.0,351.0,762.0,371.0
0.0,6386.0,1784.0,1174.0,0.0,94.0,94.0,820.0,354.0,1272.0,512.0
0.0,4602.0,1864.0,1198.0,0.0,2054.0,2054.0,839.0,359.0,1362.0,502.0
0.0,2738.0,1282.0,1214.0,94.0,3306.0,3306.0,852.0,362.0,932.0,350.0
0.0,1550.0,622.0,1205.0,2054.0,1838.0,1838.0,845.0,360.0,415.0,207.0
0.0,2982.0,554.0,1181.0,3306.0,0.0,0.0,827.0,354.0,339.0,215.0
0.0,5734.0,1141.0,1167.0,1838.0,0.0,0.0,815.0,352.0,774.0,367.0
0.0,6431.0,1787.0,1179.0,0.0,72.0,72.0,824.0,355.0,1280.0,507.0
0.0,4644.0,1846.0,1203.0,0.0,2014.0,2014.0,843.0,360.0,1342.0,504.0
0.0,2798.0,1252.0,1218.0,72.0,3254.0,3254.0,855.0,363.0,896.0,356.0
0.0,1618.0,615.0,1209.0,2014.0,1819.0,1819.0,848.0,361.0,399.0,216.0
0.0,3017.0,584.0,1186.0,3254.0,0.0,0.0,830.0,356.0,352.0,232.0
0.0,5687.0,1192.0,1173.0,1819.0,0.0,0.0,819.0,354.0,807.0,385.0
0.0,6314.0,1835.0,1184.0,0.0,257.0,257.0,827.0,357.0,1313.0,522.0
0.0,4479.0,1868.0,1208.0,0.0,2221.0,2221.0,846.0,362.0,1362.0,506.0
0.0,2611.0,1260.0,1223.0,257.0,3284.0,3284.0,858.0,365.0,906.0,354.0
0.0,1608.0,615.0,1215.0,2221.0,1646.0,1646.0,852.0,363.0,403.0,212.0
0.0,3214.0,568.0,1190.0,3284.0,0.0,0.0,833.0,357.0,349.0,219.0
0.0,5930.0,1163.0,1177.0,1646.0,0.0,0.0,822.0,355.0,796.0,367.0
0.0,6413.0,1816.0,1187.0,0.0,151.0,151.0,830.0,357.0,1307.0,509.0
0.0,4597.0,1871.0,1212.0,0.0,2122.0,2122.0,849.0,363.0,1368.0,503.0
0.0,2726.0,1268.0,1228.0,151.0,3303.0,3303.0,862.0,366.0,905.0,363.0
0.0,1609.0,603.0,1219.0,2122.0,1748.0,1748.0,855.0,364.0,382.0,221.0
0.0,3128.0,540.0,1195.0,3303.0,0.0,0.0,836.0,359.0,314.0,226.0
0.0,5891.0,1155.0,1181.0,1748.0,0.0,0.0,825.0,356.0,785.0,370.0
0.0,6484.0,1842.0,1190.0,0.0,118.0,118.0,832.0,358.0,1333.0,509.0
0.0,4642.0,1915.0,1215.0,0.0,2133.0,2133.0,851.0,364.0,1403.0,512.0
0.0,2727.0,1302.0,1230.0,118.0,3377.0,3377.0,863.0,367.0,930.0,372.0
0.0,1543.0,625.0,1222.0,2133.0,1837.0,1837.0,857.0,365.0,395.0,230.0
0.0,3051.0,545.0,1199.0,3377.0,0.0,0.0,839.0,360.0,316.0,229.0
0.0,5883.0,1153.0,1185.0,1837.0,0.0,0.0,828.0,357.0,787.0,366.0
0.0,6567.0,1832.0,1195.0,0.0,45.0,45.0,835.0,360.0,1329.0,503.0
0.0,4735.0,1907.0,1219.0,0.0,2048.0,2048.0,854.0,365.0,1403.0,504.0
0.0,2828.0,1301.0,1235.0,45.0,3368.0,3368.0,867.0,368.0,933.0,368.0
0.0,1572.0,605.0,1226.0,2048.0,1889.0,1889.0,860.0,366.0,378.0,227.0
0.0,3015.0,502.0,1203.0,3368.0,0.0,0.0,842.0,361.0,283.0,219.0
0.0,5881.0,1129.0,1188.0,1889.0,0.0,0.0,830.0,358.0,768.0,361.0
0.0,6641.0,1853.0,1199.0,0.0,8.0,8.0,838.0,361.0,1338.0,515.0
0.0,4788.0,1965.0,1224.0,0.0,2073.0,2073.0,857.0,367.0,1437.0,528.0
0.0,2823.0,1360.0,1239.0,8.0,3485.0,3485.0,869.0,370.0,974.0,386.0
0.0,1471.0,641.0,1231.0,2073.0,2021.0,2021.0,863.0,368.0,409.0,232.0
0.0,2903.0,534.0,1206.0,3485.0,0.0,0.0,844.0,362.0,311.0,223.0
0.0,5854.0,1128.0,1192.0,2021.0,0.0,0.0,833.0,359.0,768.0,360.0
0.0,6747.0,1827.0,1203.0,0.0,0.0,0.0,841.0,362.0,1323.0,504.0
0.0,4920.0,1922.0,1228.0,0.0,1914.0,1914.0,860.0,368.0,1410.0,512.0
0.0,2998.0,1330.0,1243.0,0.0,3304.0,3304.0,872.0,371.0,952.0,378.0
0.0,1668.0,635.0,1234.0,1914.0,1989.0,1989.0,865.0,369.0,403.0,232.0
0.0,2947.0,526.0,1210.0,3304.0,0.0,0.0,847.0,363.0,307.0,219.0
0.0,5725.0,1100.0,1196.0,1989.0,0.0,0.0,836.0,360.0,748.0,352.0
0.0,6614.0,1810.0,1206.0,0.0,20.0,20.0,843.0,363.0,1303.0,507.0
0.0,4804.0,1953.0,1231.0,0.0,2073.0,2073.0,862.0,369.0,1428.0,525.0
0.0,2851.0,1399.0,1247.0,20.0,3516.0,3516.0,875.0,372.0,1006.0,393.0
0.0,1472.0,691.0,1239.0,2073.0,2102.0,2102.0,869.0,370.0,448.0,243.0
0.0,2854.0,548.0,1215.0,3516.0,0.0,0.0,851.0,364.0,322.0,226.0
0.0,5822.0,1096.0,1201.0,2102.0,0.0,0.0,839.0,362.0,735.0,361.0
0.0,6828.0,1804.0,1211.0,0.0,0.0,0.0,846.0,365.0,1293.0,511.0
0.0,5024.0,1942.0,1236.0,0.0,1862.0,1862.0,865.0,371.0,1416.0,526.0
0.0,3082.0,1381.0,1251.0,0.0,3303.0,3303.0,877.0,374.0,997.0,384.0
0.0,1701.0,684.0,1242.0,1862.0,2089.0,2089.0,871.0,371.0,457.0,227.0
0.0,2879.0,542.0,1219.0,3303.0,0.0,0.0,853.0,366.0,329.0,213.0
0.0,5640.0,1088.0,1204.0,2089.0,0.0,0.0,841.0,363.0,735.0,353.0
0.0,6641.0,1766.0,1214.0,0.0,0.0,0.0,848.0,366.0,1257.0,509.0
0.0,4875.0,1913.0,1239.0,0.0,1994.0,1994.0,867.0,372.0,1383.0,530.0
0.0,2962.0,1395.0,1255.0,0.0,3453.0,3453.0,880.0,375.0,999.0,396.0
0.0,1567.0,740.0,1246.0,1994.0,2163.0,2163.0,874.0,372.0,499.0,241.0
0.0,2821.0,612.0,1222.0,3453.0,0.0,0.0,856.0,366.0,390.0,222.0
0.0,5662.0,1149.0,1209.0,2163.0,0.0,0.0,845.0,364.0,779.0,370.0
0.0,6676.0,1803.0,1219.0,0.0,3.0,3.0,852.0,367.0,1276.0,527.0
0.0,4873.0,1912.0,1244.0,0.0,2015.0,2015.0,871.0,373.0,1375.0,537.0
0.0,2961.0,1364.0,1260.0,3.0,3440.0,3440.0,883.0,377.0,972.0,392.0
0.0,1600.0,717.0,1251.0,2015.0,2106.0,2106.0,877.0,374.0,485.0,232.0
0.0,2898.0,590.0,1227.0,3440.0,0.0,0.0,859.0,368.0,381.0,209.0
0.0,5748.0,1109.0,1212.0,2106.0,0.0,0.0,847.0,365.0,766.0,343.0
0.0,6745.0,1753.0,1222.0,0.0,0.0,0.0,854.0,368.0,1254.0,499.0
0.0,4992.0,1867.0,1246.0,0.0,1859.0,1859.0,872.0,374.0,1342.0,525.0
0.0,3125.0,1365.0,1262.0,0.0,3288.0,3288.0,885.0,377.0,961.0,404.0
0.0,1760.0,747.0,1254.0,1859.0,2144.0,2144.0,879.0,375.0,494.0,253.0
0.0,2872.0,646.0,1232.0,3288.0,0.0,0.0,862.0,370.0,418.0,228.0
0.0,5514.0,1169.0,1216.0,2144.0,0.0,0.0,850.0,366.0,817.0,352.0
0.0,6489.0,1798.0,1226.0,0.0,213.0,213.0,857.0,369.0,1288.0,510.0
0.0,4691.0,1900.0,1251.0,0.0,2213.0,2213.0,876.0,375.0,1354.0,546.0
0.0,2791.0,1374.0,1267.0,213.0,3438.0,3438.0,888.0,379.0,957.0,417.0
0.0,1630.0,734.0,1259.0,2213.0,1927.0,1927.0,882.0,377.0,480.0,254.0
0.0,3109.0,611.0,1235.0,3438.0,0.0,0.0,864.0,371.0,398.0,213.0
0.0,5936.0,1136.0,1221.0,1927.0,0.0,0.0,853.0,368.0,798.0,338.0
0.0,6727.0,1785.0,1229.0,0.0,0.0,0.0,859.0,370.0,1284.0,501.0
0.0,4942.0,1889.0,1254.0,0.0,1963.0,1963.0,878.0,376.0,1354.0,535.0
0.0,3053.0,1349.0,1271.0,0.0,3380.0,3380.0,891.0,380.0,943.0,406.0
0.0,1704.0,711.0,1263.0,1963.0,2096.0,2096.0,885.0,378.0,464.0,247.0
0.0,2956.0,628.0,1239.0,3380.0,0.0,0.0,867.0,372.0,414.0,214.0
0.0,5708.0,1198.0,1225.0,2096.0,0.0,0.0,856.0,369.0,849.0,349.0
0.0,6606.0,1842.0,1234.0,0.0,172.0,172.0,863.0,371.0,1329.0,513.0
0.0,4764.0,1910.0,1258.0,0.0,2178.0,2178.0,881.0,377.0,1365.0,545.0
0.0,2854.0,1350.0,1274.0,172.0,3420.0,3420.0,893.0,381.0,936.0,414.0
0.0,1676.0,725.0,1266.0,2178.0,1935.0,1935.0,887.0,379.0,468.0,257.0
0.0,3129.0,643.0,1243.0,3420.0,0.0,0.0,870.0,373.0,415.0,228.0
0.0,5906.0,1185.0,1229.0,1935.0,0.0,0.0,859.0,370.0,837.0,348.0
0.0,6656.0,1804.0,1239.0,0.0,104.0,104.0,866.0,373.0,1308.0,496.0
0.0,4852.0,1872.0,1262.0,0.0,2068.0,2068.0,884.0,378.0,1350.0,522.0
0.0,2980.0,1320.0,1278.0,104.0,3348.0,3348.0,896.0,382.0,917.0,403.0
0.0,1764.0,700.0,1270.0,2068.0,1948.0,1948.0,890.0,380.0,445.0,255.0
0.0,3132.0,646.0,1247.0,3348.0,0.0,0.0,873.0,374.0,414.0,232.0
0.0,5834.0,1219.0,1233.0,1948.0,0.0,0.0,862.0,371.0,861.0,358.0
0.0,6563.0,1862.0,1242.0,0.0,267.0,267.0,869.0,373.0,1355.0,507.0
0.0,4701.0,1931.0,1266.0,0.0,2294.0,2294.0,887.0,379.0,1398.0,533.0
0.0,2770.0,1359.0,1282.0,267.0,3450.0,3450.0,899.0,383.0,948.0,411.0
0.0,1678.0,712.0,1274.0,2294.0,1836.0,1836.0,893.0,381.0,448.0,264.0
0.0,3260.0,632.0,1252.0,3450.0,0.0,0.0,876.0,376.0,392.0,240.0
0.0,6078.0,1189.0,1237.0,1836.0,0.0,0.0,865.0,372.0,833.0,356.0
0.0,6725.0,1828.0,1245.0,0.0,83.0,83.0,871.0,374.0,1328.0,500.0
0.0,4897.0,1915.0,1269.0,0.0,2094.0,2094.0,889.0,380.0,1387.0,528.0
0.0,2982.0,1356.0,1285.0,83.0,3431.0,3431.0,901.0,384.0,945.0,411.0
0.0,1709.0,713.0,1277.0,2094.0,2018.0,2018.0,895.0,382.0,449.0,264.0
0.0,3090.0,630.0,1256.0,3431.0,0.0,0.0,879.0,377.0,397.0,233.0
0.0,5891.0,1183.0,1242.0,2018.0,0.0,0.0,868.0,374.0,833.0,350.0
0.0,6726.0,1828.0,1251.0,0.0,106.0,106.0,875.0,376.0,1331.0,497.0
0.0,4898.0,1937.0,1273.0,0.0,2131.0,2131.0,892.0,381.0,1406.0,531.0
0.0,2961.0,1404.0,1289.0,106.0,3493.0,3493.0,904.0,385.0,984.0,420.0
0.0,1663.0,761.0,1281.0,2131.0,2091.0,2091.0,898.0,383.0,487.0,274.0
0.0,3033.0,643.0,1259.0,3493.0,0.0,0.0,881.0,378.0,403.0,240.0
0.0,5883.0,1165.0,1244.0,2091.0,0.0,0.0,870.0,374.0,813.0,352.0
0.0,6809.0,1813.0,1253.0,0.0,16.0,16.0,877.0,376.0,1315.0,498.0
0.0,4996.0,1940.0,1277.0,0.0,2052.0,2052.0,895.0,382.0,1406.0,534.0
0.0,3056.0,1411.0,1292.0,16.0,3507.0,3507.0,906.0,386.0,988.0,423.0
0.0,1661.0,764.0,1286.0,2052.0,2195.0,2195.0,901.0,385.0,487.0,277.0
0.0,2949.0,618.0,1264.0,3507.0,0.0,0.0,884.0,380.0,388.0,230.0
0.0,5838.0,1121.0,1250.0,2195.0,0.0,0.0,874.0,376.0,786.0,335.0
0.0,6912.0,1780.0,1257.0,0.0,0.0,0.0,880.0,377.0,1295.0,485.0
0.0,5132.0,1946.0,1281.0,0.0,1938.0,1938.0,898.0,383.0,1409.0,537.0
0.0,3186.0,1463.0,1296.0,0.0,3461.0,3461.0,909.0,387.0,1024.0,439.0
0.0,1723.0,820.0,1290.0,1938.0,2319.0,2319.0,904.0,386.0,526.0,294.0
0.0,2841.0,666.0,1268.0,3461.0,0.0,0.0,887.0,381.0,425.0,241.0
0.0,5636.0,1150.0,1254.0,2319.0,0.0,0.0,877.0,377.0,814.0,336.0
0.0,6805.0,1783.0,1261.0,0.0,22.0,22.0,883.0,378.0,1297.0,486.0
0.0,5022.0,1924.0,1284.0,0.0,2038.0,2038.0,901.0,383.0,1389.0,535.0
0.0,3098.0,1447.0,1300.0,22.0,3527.0,3527.0,912.0,388.0,1005.0,442.0
0.0,1673.0,811.0,1294.0,2038.0,2276.0,2276.0,907.0,387.0,518.0,293.0
0.0,2900.0,660.0,1272.0,3527.0,0.0,0.0,890.0,382.0,421.0,239.0
0.0,5767.0,1129.0,1258.0,2276.0,0.0,0.0,880.0,378.0,800.0,329.0
0.0,6914.0,1754.0,1265.0,0.0,0.0,0.0,886.0,379.0,1279.0,475.0
0.0,5160.0,1907.0,1289.0,0.0,1903.0,1903.0,904.0,385.0,1371.0,536.0
0.0,3253.0,1443.0,1304.0,0.0,3406.0,3406.0,915.0,389.0,992.0,451.0
0.0,1810.0,849.0,1298.0,1903.0,2328.0,2328.0,909.0,389.0,539.0,310.0
0.0,2864.0,718.0,1276.0,3406.0,0.0,0.0,892.0,384.0,466.0,252.0
0.0,5552.0,1183.0,1262.0,2328.0,0.0,0.0,882.0,380.0,849.0,334.0
0.0,6697.0,1777.0,1270.0,0.0,160.0,160.0,889.0,381.0,1303.0,474.0
0.0,4920.0,1900.0,1293.0,0.0,2152.0,2152.0,907.0,386.0,1373.0,527.0
0.0,3020.0,1411.0,1307.0,160.0,3459.0,3459.0,917.0,390.0,967.0,444.0
0.0,1769.0,823.0,1300.0,2152.0,2102.0,2102.0,911.0,389.0,514.0,309.0
0.0,3098.0,709.0,1280.0,3459.0,0.0,0.0,895.0,385.0,453.0,256.0
0.0,5848.0,1185.0,1266.0,2102.0,0.0,0.0,885.0,381.0,852.0,333.0
0.0,6765.0,1768.0,1275.0,0.0,103.0,103.0,893.0,382.0,1303.0,465.0
0.0,4997.0,1884.0,1297.0,0.0,2075.0,2075.0,910.0,387.0,1360.0,524.0
0.0,3113.0,1418.0,1313.0,103.0,3454.0,3454.0,921.0,392.0,960.0,458.0
0.0,1798.0,841.0,1305.0,2075.0,2188.0,2188.0,914.0,391.0,515.0,326.0
0.0,3032.0,729.0,1283.0,3454.0,0.0,0.0,897.0,386.0,466.0,263.0
0.0,5757.0,1214.0,1270.0,2188.0,0.0,0.0,887.0,383.0,881.0,333.0
0.0,6731.0,1816.0,1279.0,0.0,201.0,201.0,895.0,384.0,1344.0,472.0
0.0,4915.0,1906.0,1301.0,0.0,2195.0,2195.0,912.0,389.0,1371.0,535.0
0.0,3009.0,1400.0,1316.0,201.0,3454.0,3454.0,923.0,393.0,946.0,454.0
0.0,1810.0,810.0,1309.0,2195.0,2041.0,2041.0,917.0,392.0,500.0,310.0
0.0,3195.0,719.0,1287.0,3454.0,0.0,0.0,900.0,387.0,470.0,249.0
0.0,5930.0,1222.0,1274.0,2041.0,0.0,0.0,890.0,384.0,889.0,333.0
0.0,6749.0,1801.0,1283.0,0.0,184.0,184.0,898.0,385.0,1330.0,471.0
0.0,4948.0,1861.0,1305.0,0.0,2133.0,2133.0,915.0,390.0,1335.0,526.0
0.0,3087.0,1356.0,1319.0,184.0,3361.0,3361.0,925.0,394.0,909.0,447.0
0.0,1915.0,809.0,1311.0,2133.0,2005.0,2005.0,918.0,393.0,493.0,316.0
0.0,3239.0,773.0,1291.0,3361.0,0.0,0.0,902.0,389.0,504.0,269.0
0.0,5827.0,1301.0,1278.0,2005.0,0.0,0.0,893.0,385.0,947.0,354.0
0.0,6531.0,1861.0,1288.0,0.0,482.0,482.0,901.0,387.0,1376.0,485.0
0.0,4670.0,1890.0,1310.0,0.0,2460.0,2460.0,918.0,392.0,1357.0,533.0
0.0,2780.0,1353.0,1323.0,482.0,3383.0,3383.0,927.0,396.0,908.0,445.0
0.0,1909.0,785.0,1316.0,2460.0,1680.0,1680.0,921.0,395.0,473.0,312.0
0.0,3584.0,755.0,1295.0,3383.0,0.0,0.0,905.0,390.0,492.0,263.0
0.0,6212.0,1284.0,1283.0,1680.0,0.0,0.0,896.0,387.0,940.0,344.0
0.0,6608.0,1839.0,1291.0,0.0,395.0,395.0,903.0,388.0,1369.0,470.0
0.0,4769.0,1862.0,1312.0,0.0,2341.0,2341.0,920.0,392.0,1342.0,520.0
0.0,2907.0,1321.0,1325.0,395.0,3319.0,3319.0,929.0,396.0,881.0,440.0
0.0,1981.0,767.0,1319.0,2341.0,1721.0,1721.0,923.0,396.0,456.0,311.0
0.0,3555.0,761.0,1300.0,3319.0,0.0,0.0,908.0,392.0,493.0,268.0
0.0,6113.0,1328.0,1287.0,1721.0,0.0,0.0,899.0,388.0,968.0,360.0
0.0,6506.0,1900.0,1295.0,0.0,574.0,574.0,906.0,389.0,1406.0,494.0
0.0,4606.0,1920.0,1317.0,0.0,2582.0,2582.0,923.0,394.0,1384.0,536.0
0.0,2686.0,1365.0,1330.0,574.0,3425.0,3425.0,932.0,398.0,917.0,448.0
0.0,1895.0,789.0,1324.0,2582.0,1608.0,1608.0,926.0,398.0,472.0,317.0
0.0,3688.0,743.0,1303.0,3425.0,0.0,0.0,910.0,393.0,475.0,268.0
0.0,6370.0,1276.0,1291.0,1608.0,0.0,0.0,901.0,390.0,927.0,349.0
0.0,6702.0,1868.0,1300.0,0.0,366.0,366.0,909.0,391.0,1389.0,479.0
0.0,4834.0,1915.0,1320.0,0.0,2361.0,2361.0,925.0,395.0,1392.0,523.0
0.0,2919.0,1371.0,1334.0,366.0,3422.0,3422.0,935.0,399.0,931.0,440.0
0.0,1914.0,766.0,1327.0,2361.0,1799.0,1799.0,929.0,398.0,458.0,308.0
0.0,3509.0,703.0,1306.0,3422.0,0.0,0.0,912.0,394.0,440.0,263.0
0.0,6228.0,1261.0,1295.0,1799.0,0.0,0.0,904.0,391.0,912.0,349.0
0.0,6766.0,1883.0,1302.0,0.0,325.0,325.0,911.0,391.0,1397.0,486.0
0.0,4883.0,1973.0,1325.0,0.0,2390.0,2390.0,929.0,396.0,1432.0,541.0
0.0,2910.0,1440.0,1338.0,325.0,3557.0,3557.0,938.0,400.0,977.0,463.0
0.0,1795.0,813.0,1331.0,2390.0,1952.0,1952.0,931.0,400.0,485.0,328.0
0.0,3372.0,708.0,1311.0,3557.0,0.0,0.0,915.0,396.0,442.0,266.0
0.0,6221.0,1240.0,1298.0,1952.0,0.0,0.0,906.0,392.0,902.0,338.0
0.0,6933.0,1868.0,1307.0,0.0,163.0,163.0,914.0,393.0,1391.0,477.0
0.0,5065.0,1956.0,1328.0,0.0,2203.0,2203.0,931.0,397.0,1417.0,539.0
0.0,3109.0,1420.0,1342.0,163.0,3516.0,3516.0,941.0,401.0,962.0,458.0
0.0,1852.0,790.0,1335.0,2203.0,2075.0,2075.0,934.0,401.0,472.0,318.0
0.0,3265.0,693.0,1314.0,3516.0,0.0,0.0,917.0,397.0,436.0,257.0
0.0,6088.0,1227.0,1301.0,2075.0,0.0,0.0,908.0,393.0,892.0,335.0
0.0,6936.0,1872.0,1310.0,0.0,176.0,176.0,916.0,394.0,1393.0,479.0
0.0,5064.0,1987.0,1332.0,0.0,2251.0,2251.0,934.0,398.0,1438.0,549.0
0.0,3077.0,1469.0,1346.0,176.0,3600.0,3600.0,944.0,402.0,996.0,473.0
0.0,1784.0,834.0,1339.0,2251.0,2155.0,2155.0,937.0,402.0,506.0,328.0
0.0,3201.0,725.0,1318.0,3600.0,0.0,0.0,920.0,398.0,463.0,262.0
0.0,6076.0,1243.0,1305.0,2155.0,0.0,0.0,911.0,394.0,902.0,341.0
0.0,6988.0,1880.0,1315.0,0.0,152.0,152.0,920.0,395.0,1390.0,490.0
0.0,5108.0,1984.0,1337.0,0.0,2224.0,2224.0,938.0,399.0,1431.0,553.0
0.0,3124.0,1446.0,1351.0,152.0,3574.0,3574.0,947.0,404.0,980.0,466.0
0.0,1830.0,800.0,1343.0,2224.0,2118.0,2118.0,940.0,403.0,489.0,311.0
0.0,3254.0,701.0,1322.0,3574.0,0.0,0.0,923.0,399.0,450.0,251.0
0.0,6127.0,1224.0,1309.0,2118.0,0.0,0.0,914.0,395.0,888.0,336.0
0.0,7021.0,1856.0,1319.0,0.0,111.0,111.0,923.0,396.0,1370.0,486.0
0.0,5165.0,1968.0,1342.0,0.0,2171.0,2171.0,941.0,401.0,1416.0,552.0
0.0,3197.0,1460.0,1354.0,111.0,3568.0,3568.0,950.0,404.0,993.0,467.0
0.0,1848.0,845.0,1346.0,2171.0,2210.0,2210.0,942.0,404.0,526.0,319.0
0.0,3174.0,736.0,1324.0,3568.0,0.0,0.0,925.0,399.0,480.0,256.0
0.0,6006.0,1250.0,1312.0,2210.0,0.0,0.0,916.0,396.0,905.0,345.0
0.0,6966.0,1882.0,1322.0,0.0,204.0,204.0,925.0,397.0,1376.0,506.0
0.0,5084.0,1992.0,1346.0,0.0,2292.0,2292.0,944.0,402.0,1421.0,571.0
0.0,3092.0,1476.0,1359.0,204.0,3616.0,3616.0,953.0,406.0,1001.0,475.0
0.0,1820.0,841.0,1350.0,2292.0,2129.0,2129.0,945.0,405.0,530.0,311.0
0.0,3271.0,725.0,1329.0,3616.0,0.0,0.0,928.0,401.0,477.0,248.0
0.0,6162.0,1242.0,1318.0,2129.0,0.0,0.0,920.0,398.0,899.0,343.0
0.0,7049.0,1861.0,1328.0,0.0,124.0,124.0,929.0,399.0,1364.0,497.0
0.0,5188.0,1966.0,1351.0,0.0,2182.0,2182.0,947.0,404.0,1403.0,563.0
0.0,3222.0,1445.0,1364.0,124.0,3555.0,3555.0,957.0,407.0,977.0,468.0
0.0,1901.0,845.0,1354.0,2182.0,2178.0,2178.0,948.0,406.0,534.0,311.0
0.0,3238.0,762.0,1333.0,3555.0,0.0,0.0,931.0,402.0,509.0,253.0
0.0,6031.0,1290.0,1320.0,2178.0,0.0,0.0,922.0,398.0,941.0,349.0
0.0,6919.0,1905.0,1331.0,0.0,310.0,310.0,932.0,399.0,1400.0,505.0
0.0,5014.0,1987.0,1354.0,0.0,2389.0,2389.0,950.0,404.0,1419.0,568.0
0.0,3027.0,1445.0,1367.0,310.0,3576.0,3576.0,959.0,408.0,966.0,479.0
0.0,1892.0,829.0,1359.0,2389.0,1984.0,1984.0,951.0,408.0,504.0,325.0
0.0,3452.0,749.0,1337.0,3576.0,0.0,0.0,934.0,403.0,494.0,255.0
0.0,6279.0,1284.0,1325.0,1984.0,0.0,0.0,925.0,400.0,947.0,337.0
0.0,6979.0,1897.0,1336.0,0.0,262.0,262.0,935.0,401.0,1403.0,494.0
0.0,5082.0,1971.0,1359.0,0.0,2325.0,2325.0,953.0,406.0,1408.0,563.0
0.0,3111.0,1428.0,1373.0,262.0,3547.0,3547.0,963.0,410.0,954.0,474.0
0.0,1945.0,805.0,1364.0,2325.0,1991.0,1991.0,955.0,409.0,491.0,314.0
0.0,3465.0,737.0,1342.0,3547.0,0.0,0.0,937.0,405.0,493.0,244.0
0.0,6275.0,1319.0,1329.0,1991.0,0.0,0.0,928.0,401.0,975.0,344.0
0.0,6947.0,1965.0,1340.0,0.0,378.0,378.0,938.0,402.0,1453.0,512.0
0.0,4982.0,2035.0,1363.0,0.0,2505.0,2505.0,956.0,407.0,1454.0,581.0
0.0,2947.0,1453.0,1377.0,378.0,3636.0,3636.0,966.0,411.0,969.0,484.0
0.0,1872.0,794.0,1368.0,2505.0,1889.0,1889.0,958.0,410.0,478.0,316.0
0.0,3583.0,717.0,1346.0,3636.0,0.0,0.0,940.0,406.0,468.0,249.0
0.0,6502.0,1289.0,1333.0,1889.0,0.0,0.0,931.0,402.0,943.0,346.0
0.0,7102.0,1944.0,1343.0,0.0,214.0,214.0,940.0,403.0,1435.0,509.0
0.0,5158.0,2028.0,1367.0,0.0,2338.0,2338.0,959.0,408.0,1456.0,572.0
0.0,3130.0,1441.0,1382.0,214.0,3625.0,3625.0,970.0,412.0,968.0,473.0
0.0,1903.0,773.0,1373.0,2338.0,2024.0,2024.0,961.0,412.0,461.0,312.0
0.0,3468.0,694.0,1350.0,3625.0,0.0,0.0,943.0,407.0,446.0,248.0
0.0,6399.0,1301.0,1338.0,2024.0,0.0,0.0,934.0,404.0,954.0,347.0
0.0,7122.0,1982.0,1347.0,0.0,248.0,248.0,943.0,404.0,1469.0,513.0
0.0,5140.0,2077.0,1371.0,0.0,2421.0,2421.0,962.0,409.0,1493.0,584.0
0.0,3063.0,1487.0,1386.0,248.0,3720.0,3720.0,972.0,414.0,1001.0,486.0
0.0,1824.0,805.0,1377.0,2421.0,2068.0,2068.0,964.0,413.0,486.0,319.0
0.0,3440.0,699.0,1354.0,3720.0,0.0,0.0,946.0,408.0,452.0,247.0
0.0,6461.0,1276.0,1341.0,2068.0,0.0,0.0,937.0,404.0,932.0,344.0
0.0,7253.0,1961.0,1351.0,0.0,112.0,112.0,946.0,405.0,1452.0,509.0
0.0,5292.0,2059.0,1375.0,0.0,2267.0,2267.0,965.0,410.0,1478.0,581.0
0.0,3233.0,1478.0,1390.0,112.0,3693.0,3693.0,975.0,415.0,991.0,487.0
0.0,1867.0,798.0,1382.0,2267.0,2192.0,2192.0,967.0,415.0,478.0,320.0
0.0,3336.0,697.0,1359.0,3693.0,0.0,0.0,949.0,410.0,446.0,251.0
0.0,6332.0,1276.0,1346.0,2192.0,0.0,0.0,940.0,406.0,932.0,344.0
0.0,7248.0,1963.0,1356.0,0.0,139.0,139.0,949.0,407.0,1454.0,509.0
0.0,5285.0,2089.0,1380.0,0.0,2324.0,2324.0,968.0,412.0,1506.0,583.0
0.0,3196.0,1523.0,1395.0,139.0,3768.0,3768.0,978.0,417.0,1025.0,498.0
0.0,1812.0,828.0,1386.0,2324.0,2236.0,2236.0,970.0,416.0,495.0,333.0
0.0,3308.0,705.0,1365.0,3768.0,0.0,0.0,953.0,412.0,449.0,256.0
0.0,6371.0,1276.0,1350.0,2236.0,0.0,0.0,943.0,407.0,930.0,346.0
0.0,7331.0,1959.0,1360.0,0.0,68.0,68.0,952.0,408.0,1453.0,506.0
0.0,5372.0,2086.0,1384.0,0.0,2250.0,2250.0,971.0,413.0,1508.0,578.0
0.0,3286.0,1510.0,1399.0,68.0,3752.0,3752.0,981.0,418.0,1023.0,487.0
0.0,1844.0,807.0,1390.0,2250.0,2273.0,2273.0,973.0,417.0,485.0,322.0
0.0,3287.0,677.0,1367.0,3752.0,0.0,0.0,955.0,412.0,427.0,250.0
0.0,6362.0,1265.0,1354.0,2273.0,0.0,0.0,946.0,408.0,920.0,345.0
0.0,7370.0,1969.0,1364.0,0.0,55.0,55.0,955.0,409.0,1451.0,518.0
0.0,5401.0,2097.0,1389.0,0.0,2252.0,2252.0,974.0,415.0,1506.0,591.0
0.0,3304.0,1522.0,1403.0,55.0,3775.0,3775.0,984.0,419.0,1032.0,490.0
0.0,1837.0,839.0,1395.0,2252.0,2330.0,2330.0,976.0,419.0,522.0,317.0
0.0,3250.0,722.0,1372.0,3775.0,0.0,0.0,958.0,414.0,472.0,250.0
0.0,6303.0,1299.0,1359.0,2330.0,0.0,0.0,949.0,410.0,938.0,361.0
0.0,7334.0,1984.0,1369.0,0.0,126.0,126.0,958.0,411.0,1456.0,528.0
0.0,5350.0,2077.0,1392.0,0.0,2295.0,2295.0,977.0,415.0,1499.0,578.0
0.0,3273.0,1486.0,1407.0,126.0,3715.0,3715.0,987.0,420.0,1021.0,465.0
0.0,1913.0,796.0,1398.0,2295.0,2180.0,2180.0,979.0,419.0,492.0,304.0
0.0,3412.0,703.0,1374.0,3715.0,0.0,0.0,960.0,414.0,447.0,256.0
0.0,6424.0,1285.0,1362.0,2180.0,0.0,0.0,951.0,411.0,915.0,370.0
0.0,7319.0,1965.0,1372.0,0.0,134.0,134.0,960.0,412.0,1432.0,533.0
0.0,5354.0,2077.0,1396.0,0.0,2307.0,2307.0,979.0,417.0,1495.0,582.0
0.0,3277.0,1505.0,1411.0,134.0,3738.0,3738.0,990.0,421.0,1038.0,467.0
0.0,1906.0,851.0,1401.0,2307.0,2242.0,2242.0,981.0,420.0,542.0,309.0
0.0,3362.0,766.0,1379.0,3738.0,0.0,0.0,963.0,416.0,495.0,271.0
0.0,6334.0,1329.0,1365.0,2242.0,0.0,0.0,953.0,412.0,940.0,389.0
0.0,7247.0,1967.0,1375.0,0.0,220.0,220.0,962.0,413.0,1425.0,542.0
0.0,5280.0,2037.0,1399.0,0.0,2353.0,2353.0,981.0,418.0,1462.0,575.0
0.0,3243.0,1471.0,1413.0,220.0,3660.0,3660.0,991.0,422.0,1019.0,452.0
0.0,1992.0,847.0,1405.0,2353.0,2122.0,2122.0,984.0,421.0,547.0,300.0
0.0,3498.0,779.0,1383.0,3660.0,0.0,0.0,966.0,417.0,514.0,265.0
0.0,6379.0,1324.0,1369.0,2122.0,0.0,0.0,956.0,413.0,946.0,378.0
0.0,7177.0,1929.0,1378.0,0.0,264.0,264.0,964.0,414.0,1398.0,531.0
0.0,5248.0,2013.0,1402.0,0.0,2373.0,2373.0,983.0,419.0,1440.0,573.0
0.0,3235.0,1491.0,1417.0,264.0,3660.0,3660.0,994.0,423.0,1024.0,467.0
0.0,2008.0,906.0,1410.0,2373.0,2165.0,2165.0,987.0,423.0,581.0,325.0
0.0,3475.0,833.0,1388.0,3660.0,0.0,0.0,970.0,418.0,551.0,282.0
0.0,6302.0,1343.0,1373.0,2165.0,0.0,0.0,959.0,414.0,963.0,380.0
0.0,7124.0,1949.0,1382.0,0.0,353.0,353.0,967.0,415.0,1424.0,525.0
0.0,5175.0,2017.0,1406.0,0.0,2466.0,2466.0,986.0,420.0,1447.0,570.0
0.0,3158.0,1488.0,1421.0,353.0,3661.0,3661.0,997.0,424.0,1015.0,473.0
0.0,2023.0,886.0,1414.0,2466.0,2053.0,2053.0,990.0,424.0,560.0,326.0
0.0,3603.0,800.0,1391.0,3661.0,0.0,0.0,972.0,419.0,528.0,272.0
0.0,6464.0,1338.0,1377.0,2053.0,0.0,0.0,962.0,415.0,970.0,368.0
0.0,7179.0,1937.0,1386.0,0.0,302.0,302.0,970.0,416.0,1423.0,514.0
0.0,5242.0,2003.0,1410.0,0.0,2401.0,2401.0,989.0,421.0,1439.0,564.0
0.0,3239.0,1469.0,1425.0,302.0,3628.0,3628.0,1000.0,425.0,999.0,470.0
0.0,2072.0,879.0,1417.0,2401.0,2074.0,2074.0,992.0,425.0,544.0,335.0
0.0,3594.0,815.0,1394.0,3628.0,0.0,0.0,974.0,420.0,526.0,289.0
0.0,6407.0,1355.0,1380.0,2074.0,0.0,0.0,964.0,416.0,973.0,382.0
0.0,7126.0,1978.0,1389.0,0.0,408.0,408.0,972.0,417.0,1453.0,525.0
0.0,5148.0,2054.0,1413.0,0.0,2558.0,2558.0,991.0,422.0,1483.0,571.0
0.0,3094.0,1512.0,1428.0,408.0,3722.0,3722.0,1002.0,426.0,1033.0,479.0
0.0,1990.0,877.0,1421.0,2558.0,2013.0,2013.0,995.0,426.0,542.0,335.0
0.0,3671.0,783.0,1398.0,3722.0,0.0,0.0,977.0,421.0,502.0,281.0
0.0,6610.0,1328.0,1383.0,2013.0,0.0,0.0,966.0,417.0,962.0,366.0
0.0,7295.0,1963.0,1393.0,0.0,240.0,240.0,975.0,418.0,1457.0,506.0
0.0,5332.0,2055.0,1416.0,0.0,2387.0,2387.0,994.0,422.0,1492.0,563.0
0.0,3277.0,1500.0,1432.0,240.0,3711.0,3711.0,1005.0,427.0,1019.0,481.0
0.0,2017.0,860.0,1424.0,2387.0,2152.0,2152.0,997.0,427.0,514.0,346.0
0.0,3544.0,782.0,1401.0,3711.0,0.0,0.0,979.0,422.0,490.0,292.0
0.0,6473.0,1345.0,1387.0,2152.0,0.0,0.0,969.0,418.0,971.0,374.0
0.0,7280.0,2000.0,1396.0,0.0,304.0,304.0,977.0,419.0,1489.0,511.0
0.0,5280.0,2109.0,1421.0,0.0,2513.0,2513.0,997.0,424.0,1536.0,573.0
0.0,3171.0,1566.0,1436.0,304.0,3835.0,3835.0,1008.0,428.0,1068.0,498.0
0.0,1909.0,893.0,1429.0,2513.0,2187.0,2187.0,1001.0,428.0,535.0,358.0
0.0,3529.0,752.0,1406.0,3835.0,0.0,0.0,982.0,424.0,461.0,291.0
0.0,6612.0,1292.0,1391.0,2187.0,0.0,0.0,971.0,420.0,930.0,362.0
0.0,7507.0,1970.0,1399.0,0.0,59.0,59.0,979.0,420.0,1467.0,503.0
0.0,5537.0,2116.0,1424.0,0.0,2275.0,2275.0,999.0,425.0,1546.0,570.0
0.0,3421.0,1565.0,1442.0,59.0,3853.0,3853.0,1012.0,430.0,1076.0,489.0
0.0,1915.0,877.0,1433.0,2275.0,2419.0,2419.0,1004.0,429.0,534.0,343.0
0.0,3313.0,734.0,1409.0,3853.0,0.0,0.0,985.0,424.0,455.0,279.0
0.0,6432.0,1284.0,1394.0,2419.0,0.0,0.0,974.0,420.0,919.0,365.0
0.0,7567.0,1985.0,1404.0,0.0,34.0,34.0,983.0,421.0,1465.0,520.0
0.0,5582.0,2130.0,1429.0,0.0,2264.0,2264.0,1002.0,427.0,1544.0,586.0
0.0,3452.0,1596.0,1444.0,34.0,3886.0,3886.0,1013.0,431.0,1094.0,502.0
0.0,1890.0,922.0,1436.0,2264.0,2512.0,2512.0,1006.0,430.0,569.0,353.0
0.0,3232.0,777.0,1413.0,3886.0,0.0,0.0,988.0,425.0,492.0,285.0
0.0,6341.0,1298.0,1400.0,2512.0,0.0,0.0,978.0,422.0,928.0,370.0
0.0,7555.0,1957.0,1409.0,0.0,38.0,38.0,986.0,423.0,1440.0,517.0
0.0,5598.0,2090.0,1433.0,0.0,2224.0,2224.0,1005.0,428.0,1513.0,577.0
0.0,3508.0,1571.0,1448.0,38.0,3817.0,3817.0,1016.0,432.0,1080.0,491.0
0.0,1975.0,923.0,1440.0,2224.0,2484.0,2484.0,1008.0,432.0,577.0,346.0
0.0,3276.0,777.0,1418.0,3817.0,0.0,0.0,991.0,427.0,494.0,283.0
0.0,6316.0,1286.0,1404.0,2484.0,0.0,0.0,981.0,423.0,920.0,366.0
0.0,7514.0,1934.0,1413.0,0.0,72.0,72.0,989.0,424.0,1423.0,511.0
0.0,5580.0,2082.0,1436.0,0.0,2246.0,2246.0,1007.0,429.0,1505.0,577.0
0.0,3498.0,1610.0,1450.0,72.0,3840.0,3840.0,1017.0,433.0,1107.0,503.0
0.0,1960.0,998.0,1444.0,2246.0,2568.0,2568.0,1011.0,433.0,628.0,370.0
0.0,3208.0,849.0,1423.0,3840.0,0.0,0.0,994.0,429.0,544.0,305.0
0.0,6199.0,1296.0,1409.0,2568.0,0.0,0.0,984.0,425.0,924.0,372.0
0.0,7471.0,1893.0,1416.0,0.0,86.0,86.0,991.0,425.0,1392.0,501.0
0.0,5578.0,2058.0,1439.0,0.0,2236.0,2236.0,1009.0,430.0,1489.0,569.0
0.0,3520.0,1626.0,1454.0,86.0,3836.0,3836.0,1020.0,434.0,1125.0,501.0
0.0,1980.0,1019.0,1448.0,2236.0,2595.0,2595.0,1014.0,434.0,651.0,368.0
0.0,3197.0,830.0,1427.0,3836.0,0.0,0.0,997.0,430.0,531.0,299.0
0.0,6203.0,1243.0,1412.0,2595.0,0.0,0.0,986.0,426.0,878.0,365.0
0.0,7555.0,1837.0,1420.0,0.0,0.0,0.0,993.0,427.0,1342.0,495.0
0.0,5718.0,2031.0,1442.0,0.0,2081.0,2081.0,1011.0,431.0,1469.0,562.0
0.0,3687.0,1646.0,1458.0,0.0,3791.0,3791.0,1023.0,435.0,1147.0,499.0
0.0,2041.0,1077.0,1453.0,2081.0,2767.0,2767.0,1018.0,435.0,705.0,372.0
0.0,3045.0,889.0,1432.0,3791.0,0.0,0.0,1001.0,431.0,582.0,307.0
0.0,5947.0,1279.0,1417.0,2767.0,0.0,0.0,990.0,427.0,898.0,381.0
0.0,7435.0,1850.0,1423.0,0.0,107.0,107.0,995.0,428.0,1335.0,515.0
0.0,5585.0,2027.0,1446.0,0.0,2226.0,2226.0,1013.0,433.0,1453.0,574.0
0.0,3558.0,1629.0,1462.0,107.0,3812.0,3812.0,1025.0,437.0,1135.0,494.0
0.0,2036.0,1070.0,1457.0,2226.0,2636.0,2636.0,1020.0,437.0,708.0,362.0
0.0,3192.0,892.0,1436.0,3812.0,0.0,0.0,1003.0,433.0,586.0,306.0
0.0,6112.0,1277.0,1421.0,2636.0,0.0,0.0,992.0,429.0,904.0,373.0
0.0,7471.0,1825.0,1427.0,0.0,62.0,62.0,998.0,429.0,1324.0,501.0
0.0,5646.0,1998.0,1450.0,0.0,2152.0,2152.0,1016.0,434.0,1437.0,561.0
0.0,3648.0,1626.0,1466.0,62.0,3780.0,3780.0,1028.0,438.0,1128.0,498.0
0.0,2084.0,1089.0,1461.0,2152.0,2697.0,2697.0,1023.0,438.0,716.0,373.0
0.0,3147.0,918.0,1440.0,3780.0,0.0,0.0,1006.0,434.0,606.0,312.0
0.0,6009.0,1300.0,1424.0,2697.0,0.0,0.0,994.0,430.0,922.0,378.0
0.0,7406.0,1869.0,1430.0,0.0,183.0,183.0,1000.0,430.0,1361.0,508.0
0.0,5537.0,2035.0,1452.0,0.0,2306.0,2306.0,1018.0,434.0,1462.0,573.0
0.0,3502.0,1632.0,1468.0,183.0,3819.0,3819.0,1030.0,438.0,1123.0,509.0
0.0,2053.0,1058.0,1465.0,2306.0,2559.0,2559.0,1026.0,439.0,684.0,374.0
0.0,3301.0,899.0,1444.0,3819.0,0.0,0.0,1009.0,435.0,592.0,307.0
0.0,6221.0,1294.0,1428.0,2559.0,0.0,0.0,997.0,431.0,925.0,369.0
0.0,7486.0,1846.0,1433.0,0.0,92.0,92.0,1002.0,431.0,1348.0,498.0
0.0,5640.0,2014.0,1456.0,0.0,2198.0,2198.0,1020.0,436.0,1445.0,569.0
0.0,3626.0,1625.0,1472.0,92.0,3795.0,3795.0,1032.0,440.0,1113.0,512.0
0.0,2093.0,1077.0,1468.0,2198.0,2658.0,2658.0,1028.0,440.0,693.0,384.0
0.0,3214.0,922.0,1448.0,3795.0,0.0,0.0,1012.0,436.0,610.0,312.0
0.0,6087.0,1336.0,1432.0,2658.0,0.0,0.0,1000.0,432.0,959.0,377.0
0.0,7409.0,1904.0,1439.0,0.0,251.0,251.0,1006.0,433.0,1396.0,508.0
0.0,5505.0,2057.0,1461.0,0.0,2396.0,2396.0,1024.0,437.0,1485.0,572.0
0.0,3448.0,1645.0,1477.0,251.0,3854.0,3854.0,1036.0,441.0,1134.0,511.0
0.0,2054.0,1051.0,1472.0,2396.0,2489.0,2489.0,1031.0,441.0,668.0,383.0
0.0,3399.0,876.0,1451.0,3854.0,0.0,0.0,1014.0,437.0,561.0,315.0
0.0,6377.0,1299.0,1437.0,2489.0,0.0,0.0,1003.0,434.0,920.0,379.0
0.0,7567.0,1887.0,1443.0,0.0,92.0,92.0,1009.0,434.0,1385.0,502.0
0.0,5680.0,2064.0,1464.0,0.0,2240.0,2240.0,1026.0,438.0,1500.0,564.0
0.0,3616.0,1639.0,1481.0,92.0,3855.0,3855.0,1039.0,442.0,1138.0,501.0
0.0,2069.0,1038.0,1476.0,2240.0,2633.0,2633.0,1034.0,442.0,662.0,376.0
0.0,3271.0,875.0,1456.0,3855.0,0.0,0.0,1017.0,439.0,555.0,320.0
0.0,6251.0,1312.0,1441.0,2633.0,0.0,0.0,1006.0,435.0,926.0,386.0
0.0,7572.0,1922.0,1447.0,0.0,138.0,138.0,1012.0,435.0,1414.0,508.0
0.0,5650.0,2100.0,1468.0,0.0,2322.0,2322.0,1029.0,439.0,1537.0,563.0
0.0,3550.0,1672.0,1484.0,138.0,3920.0,3920.0,1041.0,443.0,1170.0,502.0
0.0,2016.0,1054.0,1480.0,2322.0,2636.0,2636.0,1037.0,443.0,671.0,383.0
0.0,3284.0,866.0,1460.0,3920.0,0.0,0.0,1020.0,440.0,537.0,329.0
0.0,6338.0,1300.0,1445.0,2636.0,0.0,0.0,1009.0,436.0,911.0,389.0
0.0,7674.0,1910.0,1450.0,0.0,36.0,36.0,1014.0,436.0,1409.0,501.0
0.0,5764.0,2094.0,1471.0,0.0,2214.0,2214.0,1031.0,440.0,1537.0,557.0
0.0,3670.0,1665.0,1488.0,36.0,3911.0,3911.0,1044.0,444.0,1167.0,498.0
0.0,2041.0,1046.0,1484.0,2214.0,2727.0,2727.0,1040.0,444.0,663.0,383.0
0.0,3209.0,851.0,1465.0,3911.0,0.0,0.0,1024.0,441.0,518.0,333.0
0.0,6269.0,1286.0,1451.0,2727.0,0.0,0.0,1013.0,438.0,891.0,395.0
0.0,7710.0,1922.0,1456.0,0.0,36.0,36.0,1018.0,438.0,1414.0,508.0
0.0,5788.0,2118.0,1475.0,0.0,2230.0,2230.0,1034.0,441.0,1556.0,562.0
0.0,3670.0,1713.0,1491.0,36.0,3971.0,3971.0,1046.0,445.0,1204.0,509.0
0.0,1993.0,1094.0,1488.0,2230.0,2823.0,2823.0,1042.0,446.0,700.0,394.0
0.0,3129.0,877.0,1469.0,3971.0,0.0,0.0,1027.0,442.0,543.0,334.0
0.0,6223.0,1270.0,1454.0,2823.0,0.0,0.0,1016.0,438.0,883.0,387.0
0.0,7776.0,1894.0,1460.0,0.0,0.0,0.0,1021.0,439.0,1386.0,508.0
0.0,5882.0,2114.0,1480.0,0.0,2152.0,2152.0,1037.0,443.0,1550.0,564.0
0.0,3768.0,1718.0,1495.0,0.0,3930.0,3930.0,1049.0,446.0,1213.0,505.0
0.0,2050.0,1092.0,1492.0,2152.0,2858.0,2858.0,1045.0,447.0,707.0,385.0
0.0,3110.0,860.0,1473.0,3930.0,0.0,0.0,1030.0,443.0,538.0,322.0
0.0,6180.0,1240.0,1459.0,2858.0,0.0,0.0,1019.0,440.0,860.0,380.0
0.0,7798.0,1872.0,1464.0,0.0,0.0,0.0,1024.0,440.0,1364.0,508.0
0.0,5926.0,2125.0,1484.0,0.0,2135.0,2135.0,1040.0,444.0,1550.0,575.0
0.0,3801.0,1773.0,1500.0,0.0,3972.0,3972.0,1052.0,448.0,1250.0,523.0
0.0,2028.0,1175.0,1497.0,2135.0,3000.0,3000.0,1049.0,448.0,767.0,408.0
0.0,2988.0,912.0,1479.0,3972.0,0.0,0.0,1034.0,445.0,573.0,339.0
0.0,6048.0,1245.0,1464.0,3000.0,0.0,0.0,1022.0,442.0,865.0,380.0
0.0,7803.0,1835.0,1468.0,0.0,0.0,0.0,1027.0,441.0,1343.0,492.0
0.0,5968.0,2092.0,1488.0,0.0,2076.0,2076.0,1043.0,445.0,1533.0,559.0
0.0,3876.0,1753.0,1504.0,0.0,3893.0,3893.0,1055.0,449.0,1237.0,516.0
0.0,2123.0,1164.0,1502.0,2076.0,2973.0,2973.0,1052.0,450.0,758.0,406.0
0.0,3035.0,895.0,1483.0,3893.0,0.0,0.0,1037.0,446.0,558.0,337.0
0.0,6033.0,1224.0,1469.0,2973.0,0.0,0.0,1026.0,443.0,845.0,379.0
0.0,7782.0,1818.0,1472.0,0.0,0.0,0.0,1030.0,442.0,1328.0,490.0
0.0,5964.0,2091.0,1492.0,0.0,2095.0,2095.0,1046.0,446.0,1532.0,559.0
0.0,3873.0,1773.0,1508.0,0.0,3932.0,3932.0,1058.0,450.0,1245.0,528.0
0.0,2100.0,1200.0,1506.0,2095.0,3029.0,3029.0,1055.0,451.0,781.0,419.0
0.0,2995.0,954.0,1487.0,3932.0,0.0,0.0,1039.0,448.0,608.0,346.0
0.0,5973.0,1275.0,1472.0,3029.0,0.0,0.0,1028.0,444.0,892.0,383.0
0.0,7727.0,1847.0,1476.0,0.0,24.0,24.0,1032.0,444.0,1353.0,494.0
0.0,5880.0,2083.0,1495.0,0.0,2183.0,2183.0,1048.0,447.0,1511.0,572.0
0.0,3797.0,1749.0,1512.0,24.0,3976.0,3976.0,1061.0,451.0,1220.0,529.0
0.0,2072.0,1187.0,1510.0,2183.0,2972.0,2972.0,1058.0,452.0,777.0,410.0
0.0,3068.0,932.0,1492.0,3976.0,0.0,0.0,1043.0,449.0,604.0,328.0
0.0,6112.0,1263.0,1477.0,2972.0,0.0,0.0,1032.0,445.0,894.0,369.0
0.0,7821.0,1830.0,1480.0,0.0,0.0,0.0,1035.0,445.0,1334.0,496.0
0.0,5991.0,2067.0,1500.0,0.0,2076.0,2076.0,1051.0,449.0,1491.0,576.0
0.0,3924.0,1733.0,1517.0,0.0,3877.0,3877.0,1064.0,453.0,1201.0,532.0
0.0,2191.0,1181.0,1514.0,2076.0,2970.0,2970.0,1061.0,453.0,771.0,410.0
0.0,3086.0,963.0,1496.0,3877.0,0.0,0.0,1046.0,450.0,632.0,331.0
0.0,6000.0,1318.0,1480.0,2970.0,0.0,0.0,1034.0,446.0,930.0,388.0
0.0,7652.0,1890.0,1485.0,0.0,178.0,178.0,1038.0,447.0,1372.0,518.0
0.0,5762.0,2101.0,1505.0,0.0,2359.0,2359.0,1054.0,451.0,1505.0,596.0
0.0,3661.0,1732.0,1522.0,178.0,3981.0,3981.0,1067.0,455.0,1197.0,535.0
0.0,2107.0,1157.0,1519.0,2359.0,2767.0,2767.0,1064.0,455.0,759.0,398.0
0.0,3309.0,937.0,1500.0,3981.0,0.0,0.0,1049.0,451.0,620.0,317.0
0.0,6353.0,1285.0,1485.0,2767.0,0.0,0.0,1037.0,448.0,915.0,370.0
0.0,7835.0,1859.0,1488.0,0.0,0.0,0.0,1040.0,448.0,1353.0,506.0
0.0,5976.0,2077.0,1508.0,0.0,2133.0,2133.0,1056.0,452.0,1492.0,585.0
0.0,3899.0,1719.0,1525.0,0.0,3920.0,3920.0,1069.0,456.0,1187.0,532.0
0.0,2180.0,1159.0,1522.0,2133.0,2934.0,2934.0,1066.0,456.0,757.0,402.0
0.0,3154.0,958.0,1503.0,3920.0,0.0,0.0,1051.0,452.0,632.0,326.0
0.0,6116.0,1338.0,1489.0,2934.0,0.0,0.0,1040.0,449.0,954.0,384.0
0.0,7712.0,1922.0,1493.0,0.0,182.0,182.0,1044.0,449.0,1397.0,525.0
0.0,5790.0,2123.0,1512.0,0.0,2381.0,2381.0,1059.0,453.0,1521.0,602.0
0.0,3667.0,1735.0,1529.0,182.0,4002.0,4002.0,1072.0,457.0,1197.0,538.0
0.0,2114.0,1150.0,1526.0,2381.0,2759.0,2759.0,1069.0,457.0,754.0,396.0
0.0,3345.0,957.0,1509.0,4002.0,0.0,0.0,1055.0,454.0,634.0,323.0
0.0,6390.0,1333.0,1493.0,2759.0,0.0,0.0,1043.0,450.0,947.0,386.0
0.0,7816.0,1889.0,1497.0,0.0,61.0,61.0,1047.0,450.0,1374.0,515.0
0.0,5927.0,2057.0,1515.0,0.0,2190.0,2190.0,1061.0,454.0,1481.0,576.0
0.0,3870.0,1672.0,1531.0,61.0,3865.0,3865.0,1073.0,458.0,1159.0,513.0
0.0,2259.0,1131.0,1529.0,2190.0,2798.0,2798.0,1071.0,458.0,734.0,397.0
0.0,3318.0,976.0,1512.0,3865.0,0.0,0.0,1057.0,455.0,635.0,341.0
0.0,6207.0,1380.0,1498.0,2798.0,0.0,0.0,1046.0,452.0,977.0,403.0
0.0,7625.0,1936.0,1501.0,0.0,315.0,315.0,1049.0,452.0,1412.0,524.0
0.0,5689.0,2115.0,1519.0,0.0,2502.0,2502.0,1064.0,455.0,1529.0,586.0
0.0,3574.0,1740.0,1535.0,315.0,3991.0,3991.0,1076.0,459.0,1206.0,534.0
0.0,2149.0,1177.0,1533.0,2502.0,2658.0,2658.0,1074.0,459.0,763.0,414.0
0.0,3474.0,971.0,1517.0,3991.0,0.0,0.0,1060.0,457.0,630.0,341.0
0.0,6494.0,1333.0,1502.0,2658.0,0.0,0.0,1049.0,453.0,944.0,389.0
0.0,7819.0,1896.0,1505.0,0.0,97.0,97.0,1052.0,453.0,1385.0,511.0
0.0,5923.0,2105.0,1523.0,0.0,2274.0,2274.0,1066.0,457.0,1524.0,581.0
0.0,3818.0,1733.0,1539.0,97.0,3974.0,3974.0,1079.0,460.0,1206.0,527.0
0.0,2182.0,1146.0,1538.0,2274.0,2842.0,2842.0,1077.0,461.0,746.0,400.0
0.0,3310.0,943.0,1521.0,3974.0,0.0,0.0,1063.0,458.0,613.0,330.0
0.0,6341.0,1337.0,1506.0,2842.0,0.0,0.0,1052.0,454.0,950.0,387.0
0.0,7846.0,1933.0,1509.0,0.0,123.0,123.0,1055.0,454.0,1413.0,520.0
0.0,5913.0,2143.0,1527.0,0.0,2338.0,2338.0,1070.0,457.0,1548.0,595.0
0.0,3770.0,1751.0,1543.0,123.0,4030.0,4030.0,1082.0,461.0,1212.0,539.0
0.0,2142.0,1166.0,1541.0,2338.0,2850.0,2850.0,1079.0,462.0,761.0,405.0
0.0,3314.0,967.0,1523.0,4030.0,0.0,0.0,1065.0,458.0,635.0,332.0
0.0,6377.0,1337.0,1509.0,2850.0,0.0,0.0,1054.0,455.0,944.0,393.0
0.0,7890.0,1926.0,1513.0,0.0,88.0,88.0,1058.0,455.0,1395.0,531.0
0.0,5964.0,2131.0,1531.0,0.0,2291.0,2291.0,1072.0,459.0,1532.0,599.0
0.0,3833.0,1748.0,1547.0,88.0,4015.0,4015.0,1084.0,463.0,1218.0,530.0
0.0,2173.0,1155.0,1545.0,2291.0,2871.0,2871.0,1082.0,463.0,761.0,394.0
0.0,3309.0,944.0,1528.0,4015.0,0.0,0.0,1068.0,460.0,615.0,329.0
0.0,6380.0,1327.0,1513.0,2871.0,0.0,0.0,1057.0,456.0,931.0,396.0
0.0,7924.0,1924.0,1517.0,0.0,68.0,68.0,1061.0,456.0,1397.0,527.0
0.0,6000.0,2145.0,1536.0,0.0,2289.0,2289.0,1076.0,460.0,1553.0,592.0
0.0,3855.0,1786.0,1552.0,68.0,4071.0,4071.0,1088.0,464.0,1257.0,529.0
0.0,2137.0,1206.0,1549.0,2289.0,2976.0,2976.0,1085.0,464.0,802.0,404.0
0.0,3220.0,988.0,1532.0,4071.0,0.0,0.0,1071.0,461.0,646.0,342.0
0.0,6303.0,1341.0,1517.0,2976.0,0.0,0.0,1060.0,457.0,930.0,411.0
0.0,7938.0,1910.0,1521.0,0.0,56.0,56.0,1064.0,457.0,1371.0,539.0
0.0,6028.0,2121.0,1539.0,0.0,2249.0,2249.0,1078.0,461.0,1528.0,593.0
0.0,3907.0,1774.0,1556.0,56.0,4035.0,4035.0,1091.0,465.0,1252.0,522.0
0.0,2189.0,1219.0,1554.0,2249.0,2997.0,2997.0,1089.0,465.0,819.0,400.0
0.0,3219.0,993.0,1537.0,4035.0,0.0,0.0,1075.0,462.0,652.0,341.0
0.0,6261.0,1318.0,1523.0,2997.0,0.0,0.0,1064.0,459.0,915.0,403.0
0.0,7940.0,1865.0,1525.0,0.0,25.0,25.0,1067.0,458.0,1341.0,524.0
0.0,6075.0,2091.0,1543.0,0.0,2188.0,2188.0,1081.0,462.0,1505.0,586.0
0.0,3984.0,1784.0,1559.0,25.0,4011.0,4011.0,1093.0,466.0,1254.0,530.0
0.0,2225.0,1261.0,1558.0,2188.0,3080.0,3080.0,1092.0,466.0,854.0,407.0
0.0,3152.0,1043.0,1541.0,4011.0,44.0,44.0,1078.0,463.0,698.0,345.0
0.0,6120.0,1370.0,1526.0,3080.0,0.0,0.0,1067.0,459.0,960.0,410.0
0.0,7830.0,1902.0,1530.0,44.0,148.0,148.0,1071.0,459.0,1367.0,535.0
0.0,5972.0,2106.0,1548.0,0.0,2326.0,2326.0,1085.0,463.0,1509.0,597.0
0.0,3866.0,1764.0,1564.0,148.0,4006.0,4006.0,1097.0,467.0,1233.0,531.0
0.0,2250.0,1211.0,1561.0,2326.0,2879.0,2879.0,1094.0,467.0,805.0,406.0
0.0,3365.0,1004.0,1544.0,4006.0,0.0,0.0,1080.0,464.0,663.0,341.0
0.0,6367.0,1351.0,1531.0,2879.0,0.0,0.0,1070.0,461.0,952.0,399.0
0.0,7895.0,1901.0,1535.0,0.0,146.0,146.0,1074.0,461.0,1373.0,528.0
0.0,5994.0,2105.0,1554.0,0.0,2327.0,2327.0,1089.0,465.0,1510.0,595.0
0.0,3889.0,1765.0,1568.0,146.0,4002.0,4002.0,1100.0,468.0,1230.0,535.0
0.0,2270.0,1216.0,1566.0,2327.0,2883.0,2883.0,1097.0,469.0,809.0,407.0
0.0,3381.0,1028.0,1548.0,4002.0,0.0,0.0,1083.0,465.0,689.0,339.0
0.0,6355.0,1398.0,1535.0,2883.0,0.0,0.0,1073.0,462.0,994.0,404.0
0.0,7840.0,1948.0,1539.0,0.0,264.0,264.0,1077.0,462.0,1409.0,539.0
0.0,5892.0,2134.0,1557.0,0.0,2470.0,2470.0,1092.0,465.0,1524.0,610.0
0.0,3758.0,1757.0,1572.0,264.0,4023.0,4023.0,1103.0,469.0,1214.0,543.0
0.0,2265.0,1199.0,1570.0,2470.0,2744.0,2744.0,1100.0,470.0,794.0,405.0
0.0,3536.0,1011.0,1552.0,4023.0,0.0,0.0,1086.0,466.0,679.0,332.0
0.0,6548.0,1370.0,1539.0,2744.0,0.0,0.0,1076.0,463.0,974.0,396.0
0.0,7922.0,1933.0,1542.0,0.0,179.0,179.0,1079.0,463.0,1397.0,536.0
0.0,5989.0,2117.0,1561.0,0.0,2372.0,2372.0,1094.0,467.0,1506.0,611.0
0.0,3872.0,1745.0,1576.0,179.0,3998.0,3998.0,1105.0,471.0,1198.0,547.0
0.0,2306.0,1197.0,1573.0,2372.0,2811.0,2811.0,1102.0,471.0,789.0,408.0
0.0,3481.0,1036.0,1557.0,3998.0,0.0,0.0,1089.0,468.0,699.0,337.0
0.0,6443.0,1418.0,1542.0,2811.0,0.0,0.0,1078.0,464.0,1014.0,404.0
0.0,7836.0,1967.0,1546.0,0.0,315.0,315.0,1082.0,464.0,1425.0,542.0
0.0,5869.0,2127.0,1565.0,0.0,2518.0,2518.0,1097.0,468.0,1518.0,609.0
0.0,3742.0,1743.0,1580.0,315.0,4006.0,4006.0,1108.0,472.0,1198.0,545.0
0.0,2314.0,1205.0,1578.0,2518.0,2685.0,2685.0,1105.0,473.0,793.0,412.0
0.0,3627.0,1033.0,1560.0,4006.0,0.0,0.0,1091.0,469.0,693.0,340.0
0.0,6600.0,1411.0,1546.0,2685.0,0.0,0.0,1081.0,465.0,1010.0,401.0
0.0,7874.0,1961.0,1550.0,0.0,287.0,287.0,1085.0,465.0,1429.0,532.0
0.0,5913.0,2125.0,1569.0,0.0,2488.0,2488.0,1100.0,469.0,1523.0,602.0
0.0,3788.0,1735.0,1584.0,287.0,3996.0,3996.0,1111.0,473.0,1187.0,548.0
0.0,2340.0,1177.0,1582.0,2488.0,2677.0,2677.0,1108.0,474.0,757.0,420.0
0.0,3651.0,1010.0,1564.0,3996.0,0.0,0.0,1094.0,470.0,666.0,344.0
0.0,6637.0,1413.0,1550.0,2677.0,0.0,0.0,1083.0,467.0,1010.0,403.0
0.0,7901.0,2004.0,1554.0,0.0,319.0,319.0,1087.0,467.0,1468.0,536.0
0.0,5897.0,2182.0,1573.0,0.0,2577.0,2577.0,1102.0,471.0,1569.0,613.0
0.0,3715.0,1785.0,1588.0,319.0,4103.0,4103.0,1113.0,475.0,1231.0,554.0
0.0,2249.0,1187.0,1585.0,2577.0,2701.0,2701.0,1110.0,475.0,768.0,419.0
0.0,3639.0,996.0,1567.0,4103.0,0.0,0.0,1096.0,471.0,654.0,342.0
0.0,6746.0,1383.0,1553.0,2701.0,0.0,0.0,1086.0,467.0,989.0,394.0
0.0,8064.0,1983.0,1558.0,0.0,151.0,151.0,1090.0,468.0,1450.0,533.0
0.0,6081.0,2184.0,1576.0,0.0,2407.0,2407.0,1104.0,472.0,1569.0,615.0
0.0,3897.0,1778.0,1591.0,151.0,4094.0,4094.0,1115.0,476.0,1219.0,559.0
0.0,2270.0,1164.0,1588.0,2407.0,2839.0,2839.0,1112.0,476.0,748.0,416.0
0.0,3513.0,969.0,1571.0,4094.0,0.0,0.0,1098.0,473.0,631.0,338.0
0.0,6638.0,1379.0,1557.0,2839.0,0.0,0.0,1088.0,469.0,978.0,401.0
0.0,8098.0,1999.0,1561.0,0.0,145.0,145.0,1092.0,469.0,1462.0,537.0
0.0,6099.0,2214.0,1579.0,0.0,2431.0,2431.0,1106.0,473.0,1598.0,616.0
0.0,3885.0,1827.0,1594.0,145.0,4173.0,4173.0,1117.0,477.0,1264.0,563.0
0.0,2203.0,1216.0,1592.0,2431.0,2950.0,2950.0,1114.0,478.0,787.0,429.0
0.0,3418.0,997.0,1574.0,4173.0,0.0,0.0,1100.0,474.0,650.0,347.0
0.0,6594.0,1370.0,1560.0,2950.0,0.0,0.0,1090.0,470.0,974.0,396.0
0.0,8174.0,1962.0,1564.0,0.0,44.0,44.0,1094.0,470.0,1436.0,526.0
0.0,6212.0,2187.0,1583.0,0.0,2307.0,2307.0,1109.0,474.0,1585.0,602.0
0.0,4025.0,1823.0,1598.0,44.0,4146.0,4146.0,1120.0,478.0,1267.0,556.0
0.0,2246.0,1209.0,1596.0,2307.0,3040.0,3040.0,1117.0,479.0,783.0,426.0
0.0,3344.0,971.0,1578.0,4146.0,0.0,0.0,1103.0,475.0,620.0,351.0
0.0,6519.0,1336.0,1564.0,3040.0,0.0,0.0,1092.0,472.0,935.0,401.0
0.0,8223.0,1959.0,1566.0,0.0,0.0,0.0,1095.0,471.0,1429.0,530.0
0.0,6264.0,2236.0,1586.0,0.0,2316.0,2316.0,1111.0,475.0,1620.0,616.0
0.0,4028.0,1890.0,1603.0,0.0,4274.0,4274.0,1123.0,480.0,1322.0,568.0
0.0,2138.0,1262.0,1600.0,2316.0,3208.0,3208.0,1120.0,480.0,829.0,433.0
0.0,3192.0,988.0,1582.0,4274.0,0.0,0.0,1105.0,477.0,637.0,351.0
0.0,6478.0,1332.0,1567.0,3208.0,0.0,0.0,1094.0,473.0,929.0,403.0
0.0,8354.0,1946.0,1571.0,0.0,0.0,0.0,1098.0,473.0,1410.0,536.0
0.0,6408.0,2227.0,1590.0,0.0,2179.0,2179.0,1113.0,477.0,1611.0,616.0
0.0,4181.0,1879.0,1607.0,0.0,4126.0,4126.0,1126.0,481.0,1319.0,560.0
0.0,2302.0,1248.0,1605.0,2179.0,3187.0,3187.0,1123.0,482.0,830.0,418.0
0.0,3233.0,973.0,1586.0,4126.0,0.0,0.0,1108.0,478.0,631.0,342.0
0.0,6386.0,1314.0,1571.0,3187.0,0.0,0.0,1097.0,474.0,913.0,401.0
0.0,8259.0,1946.0,1575.0,0.0,0.0,0.0,1101.0,474.0,1406.0,540.0
0.0,6313.0,2233.0,1595.0,0.0,2300.0,2300.0,1117.0,478.0,1617.0,616.0
0.0,4080.0,1890.0,1611.0,0.0,4254.0,4254.0,1129.0,482.0,1328.0,562.0
0.0,2190.0,1280.0,1608.0,2300.0,3222.0,3222.0,1125.0,483.0,847.0,433.0
0.0,3210.0,1014.0,1590.0,4254.0,0.0,0.0,1111.0,479.0,651.0,363.0
0.0,6450.0,1354.0,1574.0,3222.0,0.0,0.0,1099.0,475.0,941.0,413.0
0.0,8318.0,1963.0,1579.0,0.0,0.0,0.0,1104.0,475.0,1422.0,541.0
0.0,6355.0,2234.0,1599.0,0.0,2275.0,2275.0,1120.0,479.0,1619.0,615.0
0.0,4121.0,1883.0,1615.0,0.0,4222.0,4222.0,1132.0,483.0,1319.0,564.0
0.0,2238.0,1258.0,1612.0,2275.0,3193.0,3193.0,1128.0,484.0,827.0,431.0
0.0,3255.0,980.0,1593.0,4222.0,0.0,0.0,1113.0,480.0,634.0,346.0
0.0,6497.0,1324.0,1578.0,3193.0,0.0,0.0,1102.0,476.0,932.0,392.0
0.0,8366.0,1945.0,1582.0,0.0,0.0,0.0,1106.0,476.0,1418.0,527.0
0.0,6421.0,2210.0,1602.0,0.0,2197.0,2197.0,1122.0,480.0,1594.0,616.0
0.0,4211.0,1886.0,1618.0,0.0,4147.0,4147.0,1134.0,484.0,1310.0,576.0
0.0,2325.0,1298.0,1616.0,2197.0,3240.0,3240.0,1131.0,485.0,853.0,445.0
0.0,3224.0,1040.0,1598.0,4147.0,61.0,61.0,1116.0,482.0,682.0,358.0
0.0,6331.0,1376.0,1583.0,3240.0,0.0,0.0,1105.0,478.0,975.0,401.0
0.0,8195.0,1984.0,1586.0,61.0,72.0,72.0,1109.0,477.0,1438.0,546.0
0.0,6272.0,2237.0,1607.0,0.0,2393.0,2393.0,1125.0,482.0,1601.0,636.0
0.0,4035.0,1889.0,1623.0,72.0,4274.0,4274.0,1137.0,486.0,1309.0,580.0
0.0,2218.0,1266.0,1622.0,2393.0,3143.0,3143.0,1135.0,487.0,838.0,428.0
0.0,3345.0,1014.0,1603.0,4274.0,0.0,0.0,1120.0,483.0,676.0,338.0
0.0,6605.0,1361.0,1587.0,3143.0,0.0,0.0,1108.0,479.0,969.0,392.0
0.0,8387.0,1961.0,1590.0,0.0,0.0,0.0,1112.0,478.0,1427.0,534.0
0.0,6426.0,2221.0,1610.0,0.0,2235.0,2235.0,1128.0,482.0,1597.0,624.0
0.0,4205.0,1869.0,1628.0,0.0,4176.0,4176.0,1141.0,487.0,1297.0,572.0
0.0,2336.0,1257.0,1625.0,2235.0,3186.0,3186.0,1138.0,487.0,826.0,431.0
0.0,3314.0,1016.0,1607.0,4176.0,0.0,0.0,1123.0,484.0,668.0,348.0
0.0,6474.0,1399.0,1591.0,3186.0,0.0,0.0,1111.0,480.0,985.0,414.0
0.0,8261.0,2011.0,1595.0,0.0,130.0,130.0,1115.0,480.0,1457.0,554.0
0.0,6250.0,2250.0,1615.0,0.0,2460.0,2460.0,1131.0,484.0,1617.0,633.0
0.0,4000.0,1886.0,1632.0,130.0,4284.0,4284.0,1144.0,488.0,1313.0,573.0
0.0,2244.0,1261.0,1630.0,2460.0,3077.0,3077.0,1141.0,489.0,832.0,429.0
0.0,3443.0,1005.0,1611.0,4284.0,0.0,0.0,1126.0,485.0,655.0,350.0
0.0,6722.0,1371.0,1596.0,3077.0,0.0,0.0,1114.0,482.0,961.0,410.0
0.0,8428.0,2001.0,1599.0,0.0,0.0,0.0,1118.0,481.0,1453.0,548.0
0.0,6427.0,2252.0,1619.0,0.0,2301.0,2301.0,1134.0,485.0,1625.0,627.0
0.0,4175.0,1871.0,1636.0,0.0,4240.0,4240.0,1147.0,489.0,1304.0,567.0
0.0,2304.0,1222.0,1634.0,2301.0,3153.0,3153.0,1144.0,490.0,800.0,422.0
0.0,3383.0,971.0,1615.0,4240.0,0.0,0.0,1129.0,486.0,632.0,339.0
0.0,6652.0,1388.0,1599.0,3153.0,0.0,0.0,1117.0,482.0,978.0,410.0
0.0,8417.0,2069.0,1602.0,0.0,60.0,60.0,1120.0,482.0,1506.0,563.0
0.0,6348.0,2332.0,1623.0,0.0,2476.0,2476.0,1137.0,486.0,1687.0,645.0
0.0,4016.0,1919.0,1641.0,60.0,4407.0,4407.0,1150.0,491.0,1339.0,580.0
0.0,2157.0,1240.0,1639.0,2476.0,3163.0,3163.0,1148.0,491.0,805.0,435.0
0.0,3393.0,975.0,1621.0,4407.0,0.0,0.0,1133.0,488.0,622.0,353.0
0.0,6825.0,1369.0,1604.0,3163.0,0.0,0.0,1120.0,484.0,958.0,411.0
0.0,8619.0,2041.0,1607.0,0.0,0.0,0.0,1123.0,484.0,1489.0,552.0
0.0,6578.0,2305.0,1627.0,0.0,2235.0,2235.0,1139.0,488.0,1669.0,636.0
0.0,4273.0,1897.0,1645.0,0.0,4204.0,4204.0,1153.0,492.0,1327.0,570.0
0.0,2376.0,1212.0,1643.0,2235.0,3173.0,3173.0,1151.0,492.0,792.0,420.0
0.0,3399.0,934.0,1624.0,4204.0,0.0,0.0,1135.0,489.0,597.0,337.0
0.0,6669.0,1366.0,1607.0,3173.0,0.0,0.0,1122.0,485.0,955.0,411.0
0.0,8476.0,2070.0,1611.0,0.0,38.0,38.0,1126.0,485.0,1503.0,567.0
0.0,6406.0,2348.0,1631.0,0.0,2466.0,2466.0,1142.0,489.0,1701.0,647.0
0.0,4058.0,1941.0,1649.0,38.0,4441.0,4441.0,1156.0,493.0,1365.0,576.0
0.0,2155.0,1246.0,1647.0,2466.0,3213.0,3213.0,1154.0,493.0,824.0,422.0
0.0,3375.0,951.0,1627.0,4441.0,0.0,0.0,1138.0,489.0,610.0,341.0
0.0,6865.0,1364.0,1611.0,3213.0,0.0,0.0,1125.0,486.0,941.0,423.0
0.0,8714.0,2061.0,1614.0,0.0,0.0,0.0,1128.0,486.0,1484.0,577.0
0.0,6653.0,2332.0,1634.0,0.0,2215.0,2215.0,1144.0,490.0,1684.0,648.0
0.0,4321.0,1920.0,1652.0,0.0,4207.0,4207.0,1158.0,494.0,1359.0,561.0
0.0,2401.0,1235.0,1651.0,2215.0,3223.0,3223.0,1156.0,495.0,822.0,413.0
0.0,3381.0,952.0,1632.0,4207.0,0.0,0.0,1141.0,491.0,610.0,342.0
0.0,6636.0,1356.0,1615.0,3223.0,0.0,0.0,1128.0,487.0,932.0,424.0
0.0,8503.0,2041.0,1618.0,0.0,10.0,10.0,1131.0,487.0,1469.0,572.0
0.0,6462.0,2342.0,1638.0,0.0,2432.0,2432.0,1147.0,491.0,1702.0,640.0
0.0,4120.0,1967.0,1656.0,10.0,4461.0,4461.0,1161.0,495.0,1402.0,565.0
0.0,2163.0,1285.0,1654.0,2432.0,3306.0,3306.0,1159.0,495.0,861.0,424.0
0.0,3310.0,982.0,1635.0,4461.0,0.0,0.0,1143.0,492.0,626.0,356.0
0.0,6789.0,1362.0,1619.0,3306.0,0.0,0.0,1131.0,488.0,929.0,433.0
0.0,8733.0,2041.0,1622.0,0.0,0.0,0.0,1134.0,488.0,1467.0,574.0
0.0,6692.0,2339.0,1642.0,0.0,2215.0,2215.0,1150.0,492.0,1695.0,644.0
0.0,4353.0,1959.0,1660.0,0.0,4246.0,4246.0,1164.0,496.0,1390.0,569.0
0.0,2394.0,1283.0,1659.0,2215.0,3310.0,3310.0,1162.0,497.0,858.0,425.0
0.0,3326.0,967.0,1639.0,4246.0,0.0,0.0,1146.0,493.0,618.0,349.0
0.0,6605.0,1316.0,1622.0,3310.0,0.0,0.0,1133.0,489.0,900.0,416.0
0.0,8599.0,2003.0,1624.0,0.0,0.0,0.0,1135.0,489.0,1439.0,564.0
0.0,6596.0,2355.0,1645.0,0.0,2339.0,2339.0,1152.0,493.0,1705.0,650.0
0.0,4241.0,2011.0,1665.0,0.0,4430.0,4430.0,1167.0,498.0,1427.0,584.0
0.0,2230.0,1333.0,1663.0,2339.0,3416.0,3416.0,1165.0,498.0,897.0,436.0
0.0,3236.0,1009.0,1645.0,4430.0,0.0,0.0,1150.0,495.0,656.0,353.0
0.0,6657.0,1356.0,1627.0,3416.0,0.0,0.0,1137.0,490.0,939.0,417.0
0.0,8717.0,2023.0,1630.0,0.0,0.0,0.0,1140.0,490.0,1456.0,567.0
0.0,6694.0,2346.0,1651.0,0.0,2256.0,2256.0,1156.0,495.0,1690.0,656.0
0.0,4348.0,1997.0,1670.0,0.0,4329.0,4329.0,1171.0,499.0,1408.0,589.0
0.0,2351.0,1316.0,1669.0,2256.0,3385.0,3385.0,1169.0,500.0,886.0,430.0
0.0,3291.0,973.0,1649.0,4329.0,0.0,0.0,1153.0,496.0,635.0,338.0
0.0,6647.0,1322.0,1631.0,3385.0,0.0,0.0,1140.0,491.0,908.0,414.0
0.0,8710.0,2018.0,1634.0,0.0,0.0,0.0,1142.0,492.0,1439.0,579.0
0.0,6692.0,2357.0,1655.0,0.0,2285.0,2285.0,1159.0,496.0,1692.0,665.0
0.0,4335.0,2000.0,1675.0,0.0,4365.0,4365.0,1174.0,501.0,1411.0,589.0
0.0,2335.0,1316.0,1674.0,2285.0,3392.0,3392.0,1173.0,501.0,891.0,425.0
0.0,3304.0,982.0,1653.0,4365.0,0.0,0.0,1156.0,497.0,645.0,337.0
0.0,6687.0,1341.0,1634.0,3392.0,0.0,0.0,1141.0,493.0,926.0,415.0
0.0,8738.0,2038.0,1637.0,0.0,0.0,0.0,1144.0,493.0,1463.0,575.0
0.0,6700.0,2369.0,1658.0,0.0,2301.0,2301.0,1161.0,497.0,1706.0,663.0
0.0,4331.0,2006.0,1678.0,0.0,4387.0,4387.0,1176.0,502.0,1416.0,590.0
0.0,2325.0,1309.0,1677.0,2301.0,3391.0,3391.0,1175.0,502.0,879.0,430.0
0.0,3317.0,972.0,1656.0,4387.0,0.0,0.0,1158.0,498.0,631.0,341.0
0.0,6732.0,1348.0,1638.0,3391.0,0.0,0.0,1144.0,494.0,938.0,410.0
0.0,8775.0,2038.0,1640.0,0.0,0.0,0.0,1147.0,493.0,1472.0,566.0
0.0,6737.0,2356.0,1663.0,0.0,2271.0,2271.0,1165.0,498.0,1698.0,658.0
0.0,4381.0,1986.0,1683.0,0.0,4337.0,4337.0,1180.0,503.0,1387.0,599.0
0.0,2395.0,1294.0,1682.0,2271.0,3356.0,3356.0,1178.0,504.0,853.0,441.0
0.0,3372.0,994.0,1660.0,4337.0,0.0,0.0,1161.0,499.0,647.0,347.0
0.0,6715.0,1396.0,1643.0,3356.0,0.0,0.0,1148.0,495.0,983.0,413.0
0.0,8675.0,2099.0,1646.0,0.0,8.0,8.0,1151.0,495.0,1521.0,578.0
0.0,6576.0,2396.0,1668.0,0.0,2492.0,2492.0,1168.0,500.0,1727.0,669.0
0.0,4180.0,1977.0,1688.0,8.0,4541.0,4541.0,1183.0,505.0,1381.0,596.0
0.0,2211.0,1269.0,1686.0,2492.0,3310.0,3310.0,1181.0,505.0,838.0,431.0
0.0,3434.0,969.0,1664.0,4541.0,0.0,0.0,1164.0,500.0,629.0,340.0
0.0,7006.0,1384.0,1647.0,3310.0,0.0,0.0,1151.0,496.0,973.0,411.0
0.0,8932.0,2106.0,1650.0,0.0,0.0,0.0,1154.0,496.0,1532.0,574.0
0.0,6826.0,2398.0,1672.0,0.0,2260.0,2260.0,1171.0,501.0,1734.0,664.0
0.0,4428.0,1970.0,1692.0,0.0,4310.0,4310.0,1186.0,506.0,1374.0,596.0
0.0,2458.0,1241.0,1690.0,2260.0,3283.0,3283.0,1184.0,506.0,808.0,433.0
0.0,3477.0,964.0,1668.0,4310.0,0.0,0.0,1167.0,501.0,621.0,343.0
0.0,6823.0,1411.0,1651.0,3283.0,0.0,0.0,1154.0,497.0,993.0,418.0
0.0,8695.0,2143.0,1654.0,0.0,64.0,64.0,1157.0,497.0,1563.0,580.0
0.0,6552.0,2427.0,1676.0,0.0,2579.0,2579.0,1174.0,502.0,1758.0,669.0
0.0,4125.0,1990.0,1696.0,64.0,4585.0,4585.0,1189.0,507.0,1391.0,599.0
0.0,2199.0,1278.0,1694.0,2579.0,3276.0,3276.0,1187.0,507.0,831.0,447.0
0.0,3500.0,975.0,1674.0,4585.0,0.0,0.0,1171.0,503.0,618.0,357.0
0.0,7110.0,1388.0,1655.0,3276.0,0.0,0.0,1157.0,498.0,973.0,415.0
0.0,8998.0,2105.0,1658.0,0.0,0.0,0.0,1160.0,498.0,1543.0,562.0
0.0,6893.0,2417.0,1680.0,0.0,2244.0,2244.0,1177.0,503.0,1765.0,652.0
0.0,4476.0,1994.0,1699.0,0.0,4314.0,4314.0,1192.0,507.0,1403.0,591.0
0.0,2482.0,1242.0,1698.0,2244.0,3308.0,3308.0,1190.0,508.0,799.0,443.0
0.0,3484.0,943.0,1678.0,4314.0,0.0,0.0,1174.0,504.0,582.0,361.0
0.0,6855.0,1375.0,1659.0,3308.0,0.0,0.0,1159.0,500.0,953.0,422.0
0.0,8788.0,2131.0,1661.0,0.0,0.0,0.0,1162.0,499.0,1559.0,572.0
0.0,6657.0,2467.0,1683.0,0.0,2542.0,2542.0,1179.0,504.0,1803.0,664.0
0.0,4190.0,2045.0,1703.0,0.0,4667.0,4667.0,1194.0,509.0,1440.0,605.0
0.0,2145.0,1293.0,1701.0,2542.0,3410.0,3410.0,1192.0,509.0,836.0,457.0
0.0,3394.0,958.0,1682.0,4667.0,0.0,0.0,1176.0,506.0,591.0,367.0
0.0,7103.0,1364.0,1663.0,3410.0,0.0,0.0,1162.0,501.0,945.0,419.0
0.0,9149.0,2102.0,1664.0,0.0,0.0,0.0,1164.0,500.0,1544.0,558.0
0.0,7047.0,2435.0,1686.0,0.0,2132.0,2132.0,1182.0,504.0,1791.0,644.0
0.0,4612.0,2024.0,1706.0,0.0,4236.0,4236.0,1197.0,509.0,1436.0,588.0
0.0,2588.0,1275.0,1705.0,2132.0,3375.0,3375.0,1195.0,510.0,829.0,446.0
0.0,3445.0,944.0,1685.0,4236.0,3.0,3.0,1179.0,506.0,583.0,361.0
0.0,6737.0,1349.0,1665.0,3375.0,0.0,0.0,1164.0,501.0,930.0,419.0
0.0,8763.0,2103.0,1668.0,3.0,9.0,9.0,1167.0,501.0,1531.0,572.0
0.0,6663.0,2466.0,1689.0,0.0,2559.0,2559.0,1184.0,505.0,1800.0,666.0
0.0,4197.0,2088.0,1711.0,9.0,4726.0,4726.0,1200.0,511.0,1477.0,611.0
0.0,2118.0,1341.0,1710.0,2559.0,3504.0,3504.0,1199.0,511.0,880.0,461.0
0.0,3336.0,978.0,1690.0,4726.0,0.0,0.0,1183.0,507.0,609.0,369.0
0.0,7084.0,1348.0,1671.0,3504.0,0.0,0.0,1168.0,503.0,924.0,424.0
0.0,9240.0,2092.0,1672.0,0.0,0.0,0.0,1170.0,502.0,1522.0,570.0
0.0,7148.0,2454.0,1694.0,0.0,2082.0,2082.0,1187.0,507.0,1794.0,660.0
0.0,4694.0,2073.0,1716.0,0.0,4243.0,4243.0,1204.0,512.0,1474.0,599.0
0.0,2621.0,1325.0,1715.0,2082.0,3482.0,3482.0,1202.0,513.0,875.0,450.0
0.0,3378.0,953.0,1695.0,4243.0,112.0,112.0,1186.0,509.0,596.0,357.0
0.0,6668.0,1313.0,1674.0,3482.0,0.0,0.0,1170.0,504.0,898.0,415.0
0.0,8837.0,2063.0,1675.0,112.0,0.0,0.0,1172.0,503.0,1495.0,568.0
0.0,6886.0,2456.0,1698.0,0.0,2362.0,2362.0,1190.0,508.0,1788.0,668.0
0.0,4430.0,2102.0,1719.0,0.0,4548.0,4548.0,1206.0,513.0,1484.0,618.0
0.0,2328.0,1362.0,1719.0,2362.0,3548.0,3548.0,1205.0,514.0,898.0,464.0
0.0,3328.0,982.0,1697.0,4548.0,0.0,0.0,1187.0,510.0,619.0,363.0
0.0,6894.0,1346.0,1677.0,3548.0,0.0,0.0,1172.0,505.0,924.0,422.0
0.0,9096.0,2091.0,1679.0,0.0,0.0,0.0,1174.0,505.0,1510.0,581.0
0.0,7005.0,2465.0,1702.0,0.0,2268.0,2268.0,1193.0,509.0,1790.0,675.0
0.0,4540.0,2096.0,1724.0,0.0,4452.0,4452.0,1209.0,515.0,1483.0,613.0
0.0,2444.0,1339.0,1722.0,2268.0,3515.0,3515.0,1207.0,515.0,889.0,450.0
0.0,3373.0,954.0,1701.0,4452.0,0.0,0.0,1190.0,511.0,599.0,355.0
0.0,6871.0,1331.0,1680.0,3515.0,0.0,0.0,1174.0,506.0,918.0,413.0
0.0,9055.0,2089.0,1683.0,0.0,0.0,0.0,1177.0,506.0,1522.0,567.0
0.0,6966.0,2461.0,1706.0,0.0,2319.0,2319.0,1196.0,510.0,1796.0,665.0
0.0,4505.0,2077.0,1727.0,0.0,4480.0,4480.0,1212.0,515.0,1467.0,610.0
0.0,2428.0,1339.0,1726.0,2319.0,3496.0,3496.0,1210.0,516.0,878.0,461.0
0.0,3408.0,994.0,1704.0,4480.0,0.0,0.0,1192.0,512.0,622.0,372.0
0.0,6894.0,1391.0,1684.0,3496.0,0.0,0.0,1176.0,508.0,960.0,431.0
0.0,8999.0,2134.0,1686.0,0.0,0.0,0.0,1179.0,507.0,1556.0,578.0
0.0,6865.0,2476.0,1710.0,0.0,2451.0,2451.0,1198.0,512.0,1807.0,669.0
0.0,4389.0,2080.0,1731.0,0.0,4615.0,4615.0,1215.0,516.0,1469.0,611.0
0.0,2309.0,1346.0,1730.0,2451.0,3506.0,3506.0,1213.0,517.0,882.0,464.0
0.0,3414.0,993.0,1709.0,4615.0,0.0,0.0,1195.0,514.0,625.0,368.0
0.0,7036.0,1368.0,1688.0,3506.0,0.0,0.0,1179.0,509.0,948.0,420.0
0.0,9174.0,2097.0,1691.0,0.0,0.0,0.0,1182.0,509.0,1533.0,564.0
0.0,7077.0,2445.0,1714.0,0.0,2224.0,2224.0,1201.0,513.0,1781.0,664.0
0.0,4632.0,2058.0,1735.0,0.0,4366.0,4366.0,1217.0,518.0,1446.0,612.0
0.0,2574.0,1328.0,1735.0,2224.0,3470.0,3470.0,1216.0,519.0,862.0,466.0
0.0,3470.0,1011.0,1713.0,4366.0,27.0,27.0,1198.0,515.0,636.0,375.0
0.0,6825.0,1421.0,1692.0,3470.0,0.0,0.0,1182.0,510.0,990.0,431.0
0.0,8874.0,2172.0,1695.0,27.0,51.0,51.0,1185.0,510.0,1588.0,584.0
0.0,6729.0,2505.0,1718.0,0.0,2648.0,2648.0,1204.0,514.0,1828.0,677.0
0.0,4224.0,2067.0,1740.0,51.0,4752.0,4752.0,1221.0,519.0,1452.0,615.0
0.0,2208.0,1290.0,1739.0,2648.0,3390.0,3390.0,1219.0,520.0,829.0,461.0
0.0,3566.0,957.0,1716.0,4752.0,0.0,0.0,1200.0,516.0,591.0,366.0
0.0,7361.0,1409.0,1697.0,3390.0,0.0,0.0,1185.0,512.0,981.0,428.0
0.0,9342.0,2184.0,1700.0,0.0,0.0,0.0,1188.0,512.0,1604.0,580.0
0.0,7158.0,2483.0,1723.0,0.0,2217.0,2217.0,1207.0,516.0,1822.0,661.0
0.0,4675.0,2021.0,1743.0,0.0,4318.0,4318.0,1223.0,520.0,1423.0,598.0
0.0,2654.0,1275.0,1742.0,2217.0,3372.0,3372.0,1221.0,521.0,817.0,458.0
0.0,3596.0,984.0,1720.0,4318.0,0.0,0.0,1203.0,517.0,611.0,373.0
0.0,6930.0,1444.0,1701.0,3372.0,0.0,0.0,1188.0,513.0,1008.0,436.0
0.0,8858.0,2202.0,1703.0,0.0,156.0,156.0,1191.0,512.0,1620.0,582.0
0.0,6656.0,2518.0,1725.0,0.0,2762.0,2762.0,1209.0,516.0,1848.0,670.0
0.0,4138.0,2052.0,1746.0,156.0,4742.0,4742.0,1225.0,521.0,1443.0,609.0
0.0,2242.0,1285.0,1745.0,2762.0,3261.0,3261.0,1223.0,522.0,818.0,467.0
0.0,3719.0,983.0,1724.0,4742.0,0.0,0.0,1206.0,518.0,593.0,390.0
0.0,7478.0,1444.0,1704.0,3261.0,0.0,0.0,1190.0,514.0,997.0,447.0
0.0,9295.0,2203.0,1707.0,0.0,0.0,0.0,1193.0,514.0,1623.0,580.0
0.0,7092.0,2493.0,1730.0,0.0,2321.0,2321.0,1212.0,518.0,1838.0,655.0
0.0,4599.0,2039.0,1751.0,0.0,4444.0,4444.0,1228.0,523.0,1437.0,602.0
0.0,2560.0,1277.0,1750.0,2321.0,3396.0,3396.0,1226.0,524.0,809.0,468.0
0.0,3604.0,963.0,1728.0,4444.0,0.0,0.0,1208.0,520.0,576.0,387.0
0.0,7085.0,1417.0,1709.0,3396.0,0.0,0.0,1193.0,516.0,977.0,440.0
0.0,9064.0,2208.0,1711.0,0.0,0.0,0.0,1196.0,515.0,1625.0,583.0
0.0,6856.0,2558.0,1734.0,0.0,2638.0,2638.0,1215.0,519.0,1892.0,666.0
0.0,4298.0,2112.0,1756.0,0.0,4838.0,4838.0,1232.0,524.0,1504.0,608.0
0.0,2186.0,1320.0,1755.0,2638.0,3516.0,3516.0,1230.0,525.0,850.0,470.0
0.0,3504.0,959.0,1733.0,4838.0,0.0,0.0,1212.0,521.0,569.0,390.0
0.0,7383.0,1389.0,1713.0,3516.0,0.0,0.0,1196.0,517.0,939.0,450.0
0.0,9510.0,2186.0,1714.0,0.0,0.0,0.0,1198.0,516.0,1590.0,596.0
0.0,7324.0,2549.0,1737.0,0.0,2173.0,2173.0,1217.0,520.0,1880.0,669.0
0.0,4775.0,2115.0,1760.0,0.0,4380.0,4380.0,1235.0,525.0,1521.0,594.0
0.0,2660.0,1308.0,1760.0,2173.0,3515.0,3515.0,1234.0,526.0,859.0,449.0
0.0,3525.0,936.0,1737.0,4380.0,0.0,0.0,1215.0,522.0,551.0,385.0
0.0,6969.0,1380.0,1716.0,3515.0,0.0,0.0,1198.0,518.0,921.0,459.0
0.0,9104.0,2180.0,1718.0,0.0,0.0,0.0,1200.0,518.0,1583.0,597.0
0.0,6924.0,2557.0,1742.0,0.0,2601.0,2601.0,1220.0,522.0,1895.0,662.0
0.0,4367.0,2134.0,1764.0,0.0,4823.0,4823.0,1238.0,526.0,1543.0,591.0
0.0,2233.0,1351.0,1763.0,2601.0,3569.0,3569.0,1236.0,527.0,892.0,459.0
0.0,3483.0,981.0,1741.0,4823.0,0.0,0.0,1218.0,523.0,585.0,396.0
0.0,7325.0,1396.0,1720.0,3569.0,0.0,0.0,1201.0,519.0,929.0,467.0
0.0,9498.0,2180.0,1722.0,0.0,0.0,0.0,1203.0,519.0,1581.0,599.0
0.0,7318.0,2552.0,1745.0,0.0,2214.0,2214.0,1222.0,523.0,1895.0,657.0
0.0,4766.0,2139.0,1767.0,0.0,4441.0,4441.0,1240.0,527.0,1551.0,588.0
0.0,2627.0,1342.0,1767.0,2214.0,3569.0,3569.0,1239.0,528.0,883.0,459.0
0.0,3499.0,956.0,1745.0,4441.0,0.0,0.0,1220.0,525.0,554.0,402.0
0.0,6984.0,1365.0,1724.0,3569.0,0.0,0.0,1203.0,521.0,896.0,469.0
0.0,9188.0,2161.0,1725.0,0.0,0.0,0.0,1205.0,520.0,1569.0,592.0
0.0,7027.0,2549.0,1749.0,0.0,2518.0,2518.0,1225.0,524.0,1896.0,653.0
0.0,4478.0,2156.0,1771.0,0.0,4762.0,4762.0,1243.0,528.0,1567.0,589.0
0.0,2322.0,1385.0,1771.0,2518.0,3629.0,3629.0,1242.0,529.0,920.0,465.0
0.0,3455.0,1005.0,1748.0,4762.0,0.0,0.0,1223.0,525.0,596.0,409.0
0.0,7212.0,1395.0,1727.0,3629.0,0.0,0.0,1205.0,522.0,922.0,473.0
0.0,9446.0,2157.0,1728.0,0.0,0.0,0.0,1207.0,521.0,1563.0,594.0
0.0,7289.0,2537.0,1753.0,0.0,2260.0,2260.0,1228.0,525.0,1883.0,654.0
0.0,4752.0,2143.0,1775.0,0.0,4491.0,4491.0,1246.0,529.0,1550.0,593.0
0.0,2609.0,1385.0,1775.0,2260.0,3616.0,3616.0,1245.0,530.0,914.0,471.0
0.0,3484.0,1006.0,1753.0,4491.0,43.0,43.0,1226.0,527.0,598.0,408.0
0.0,6969.0,1383.0,1731.0,3616.0,0.0,0.0,1208.0,523.0,918.0,465.0
0.0,9202.0,2139.0,1734.0,43.0,0.0,0.0,1211.0,523.0,1553.0,586.0
0.0,7106.0,2512.0,1757.0,0.0,2434.0,2434.0,1231.0,526.0,1861.0,651.0
0.0,4594.0,2144.0,1780.0,0.0,4670.0,4670.0,1249.0,531.0,1546.0,598.0
0.0,2450.0,1417.0,1779.0,2434.0,3649.0,3649.0,1247.0,532.0,938.0,479.0
0.0,3467.0,1063.0,1757.0,4670.0,0.0,0.0,1229.0,528.0,644.0,419.0
0.0,7074.0,1442.0,1737.0,3649.0,0.0,0.0,1212.0,525.0,966.0,476.0
0.0,9281.0,2167.0,1738.0,0.0,0.0,0.0,1214.0,524.0,1572.0,595.0
0.0,7114.0,2506.0,1762.0,0.0,2440.0,2440.0,1234.0,528.0,1854.0,652.0
0.0,4608.0,2130.0,1784.0,0.0,4658.0,4658.0,1252.0,532.0,1536.0,594.0
0.0,2478.0,1398.0,1783.0,2440.0,3612.0,3612.0,1251.0,532.0,924.0,474.0
0.0,3520.0,1053.0,1761.0,4658.0,0.0,0.0,1232.0,529.0,643.0,410.0
0.0,7125.0,1432.0,1741.0,3612.0,0.0,0.0,1215.0,526.0,966.0,466.0
0.0,9305.0,2157.0,1743.0,0.0,0.0,0.0,1218.0,525.0,1571.0,586.0
0.0,7148.0,2490.0,1766.0,0.0,2406.0,2406.0,1237.0,529.0,1838.0,652.0
0.0,4658.0,2111.0,1788.0,0.0,4605.0,4605.0,1255.0,533.0,1509.0,602.0
0.0,2547.0,1401.0,1788.0,2406.0,3600.0,3600.0,1254.0,534.0,914.0,487.0
0.0,3552.0,1075.0,1767.0,4605.0,0.0,0.0,1236.0,531.0,657.0,418.0
0.0,7082.0,1464.0,1745.0,3600.0,0.0,0.0,1218.0,527.0,999.0,465.0
0.0,9218.0,2180.0,1746.0,0.0,0.0,0.0,1220.0,526.0,1592.0,588.0
0.0,7038.0,2525.0,1769.0,0.0,2563.0,2563.0,1239.0,530.0,1856.0,669.0
0.0,4513.0,2147.0,1793.0,0.0,4806.0,4806.0,1258.0,535.0,1530.0,617.0
0.0,2366.0,1408.0,1793.0,2563.0,3651.0,3651.0,1258.0,535.0,924.0,484.0
0.0,3521.0,1049.0,1771.0,4806.0,0.0,0.0,1240.0,531.0,649.0,400.0
0.0,7278.0,1423.0,1749.0,3651.0,0.0,0.0,1222.0,527.0,972.0,451.0
0.0,9506.0,2158.0,1750.0,0.0,0.0,0.0,1223.0,527.0,1575.0,583.0
0.0,7348.0,2507.0,1773.0,0.0,2251.0,2251.0,1242.0,531.0,1841.0,666.0
0.0,4841.0,2116.0,1796.0,0.0,4459.0,4459.0,1260.0,536.0,1499.0,617.0
0.0,2725.0,1399.0,1796.0,2251.0,3607.0,3607.0,1260.0,536.0,911.0,488.0
0.0,3577.0,1076.0,1775.0,4459.0,140.0,140.0,1242.0,533.0,665.0,411.0
0.0,6960.0,1466.0,1754.0,3607.0,0.0,0.0,1225.0,529.0,1002.0,464.0
0.0,9101.0,2198.0,1755.0,140.0,0.0,0.0,1226.0,529.0,1602.0,596.0
0.0,7043.0,2540.0,1778.0,0.0,2609.0,2609.0,1245.0,533.0,1868.0,672.0
0.0,4503.0,2147.0,1800.0,0.0,4844.0,4844.0,1263.0,537.0,1530.0,617.0
0.0,2356.0,1407.0,1801.0,2609.0,3646.0,3646.0,1263.0,538.0,918.0,489.0
0.0,3558.0,1048.0,1779.0,4844.0,0.0,0.0,1245.0,534.0,637.0,411.0
0.0,7354.0,1432.0,1757.0,3646.0,0.0,0.0,1227.0,530.0,970.0,462.0
0.0,9568.0,2187.0,1758.0,0.0,0.0,0.0,1228.0,530.0,1600.0,587.0
0.0,7381.0,2540.0,1781.0,0.0,2283.0,2283.0,1247.0,534.0,1882.0,658.0
0.0,4841.0,2149.0,1804.0,0.0,4524.0,4524.0,1266.0,538.0,1537.0,612.0
0.0,2692.0,1385.0,1805.0,2283.0,3630.0,3630.0,1266.0,539.0,899.0,486.0
0.0,3590.0,1023.0,1783.0,4524.0,41.0,41.0,1248.0,535.0,614.0,409.0
0.0,7091.0,1427.0,1761.0,3630.0,0.0,0.0,1230.0,531.0,967.0,460.0
0.0,9294.0,2213.0,1762.0,41.0,0.0,0.0,1231.0,531.0,1619.0,594.0
0.0,7122.0,2602.0,1786.0,0.0,2624.0,2624.0,1250.0,536.0,1922.0,680.0
0.0,4520.0,2204.0,1809.0,0.0,4920.0,4920.0,1269.0,540.0,1576.0,628.0
0.0,2316.0,1405.0,1809.0,2624.0,3701.0,3701.0,1269.0,540.0,919.0,486.0
0.0,3535.0,1008.0,1787.0,4920.0,0.0,0.0,1251.0,536.0,605.0,403.0
0.0,7447.0,1405.0,1766.0,3701.0,0.0,0.0,1233.0,533.0,946.0,459.0
0.0,9743.0,2212.0,1767.0,0.0,0.0,0.0,1234.0,533.0,1613.0,599.0
0.0,7531.0,2598.0,1790.0,0.0,2227.0,2227.0,1253.0,537.0,1920.0,678.0
0.0,4933.0,2191.0,1813.0,0.0,4510.0,4510.0,1272.0,541.0,1573.0,618.0
0.0,2742.0,1386.0,1813.0,2227.0,3669.0,3669.0,1272.0,541.0,909.0,477.0
0.0,3583.0,994.0,1790.0,4510.0,61.0,61.0,1253.0,537.0,598.0,396.0
0.0,7099.0,1408.0,1770.0,3669.0,0.0,0.0,1236.0,534.0,953.0,455.0
0.0,9360.0,2210.0,1771.0,61.0,0.0,0.0,1237.0,534.0,1613.0,597.0
0.0,7211.0,2613.0,1794.0,0.0,2578.0,2578.0,1256.0,538.0,1921.0,692.0
0.0,4598.0,2225.0,1816.0,0.0,4891.0,4891.0,1274.0,542.0,1584.0,641.0
0.0,2373.0,1448.0,1816.0,2578.0,3761.0,3761.0,1274.0,542.0,949.0,499.0
0.0,3503.0,1070.0,1795.0,4891.0,0.0,0.0,1256.0,539.0,657.0,413.0
0.0,7324.0,1445.0,1775.0,3761.0,0.0,0.0,1240.0,535.0,984.0,461.0
0.0,9640.0,2186.0,1776.0,0.0,0.0,0.0,1241.0,535.0,1591.0,595.0
0.0,7454.0,2555.0,1798.0,0.0,2293.0,2293.0,1259.0,539.0,1877.0,678.0
0.0,4899.0,2174.0,1819.0,0.0,4551.0,4551.0,1276.0,543.0,1554.0,620.0
0.0,2725.0,1435.0,1819.0,2293.0,3693.0,3693.0,1276.0,543.0,950.0,485.0
0.0,3583.0,1057.0,1798.0,4551.0,115.0,115.0,1258.0,540.0,652.0,405.0
0.0,7077.0,1411.0,1777.0,3693.0,0.0,0.0,1241.0,536.0,950.0,461.0
0.0,9359.0,2145.0,1778.0,115.0,0.0,0.0,1242.0,536.0,1548.0,597.0
0.0,7329.0,2540.0,1800.0,0.0,2411.0,2411.0,1260.0,540.0,1865.0,675.0
0.0,4789.0,2211.0,1822.0,0.0,4710.0,4710.0,1278.0,544.0,1589.0,622.0
0.0,2578.0,1496.0,1822.0,2411.0,3795.0,3795.0,1278.0,544.0,998.0,498.0
0.0,3493.0,1115.0,1802.0,4710.0,120.0,120.0,1261.0,541.0,690.0,425.0
0.0,7088.0,1452.0,1782.0,3795.0,0.0,0.0,1244.0,538.0,971.0,481.0
0.0,9431.0,2163.0,1782.0,120.0,0.0,0.0,1245.0,537.0,1557.0,606.0
0.0,7388.0,2533.0,1803.0,0.0,2357.0,2357.0,1262.0,541.0,1855.0,678.0
0.0,4855.0,2194.0,1825.0,0.0,4639.0,4639.0,1280.0,545.0,1575.0,619.0
0.0,2661.0,1484.0,1827.0,2357.0,3774.0,3774.0,1281.0,546.0,996.0,488.0
0.0,3534.0,1109.0,1807.0,4639.0,164.0,164.0,1264.0,543.0,699.0,410.0
0.0,7064.0,1433.0,1786.0,3774.0,0.0,0.0,1247.0,539.0,971.0,462.0
0.0,9405.0,2137.0,1786.0,164.0,0.0,0.0,1248.0,538.0,1547.0,590.0
0.0,7432.0,2529.0,1808.0,0.0,2329.0,2329.0,1266.0,542.0,1853.0,676.0
0.0,4903.0,2210.0,1830.0,0.0,4627.0,4627.0,1284.0,546.0,1583.0,627.0
0.0,2693.0,1503.0,1831.0,2329.0,3805.0,3805.0,1284.0,547.0,1006.0,497.0
0.0,3519.0,1127.0,1810.0,4627.0,221.0,221.0,1267.0,543.0,713.0,414.0
0.0,7019.0,1461.0,1789.0,3805.0,0.0,0.0,1250.0,539.0,991.0,470.0
0.0,9363.0,2171.0,1790.0,221.0,0.0,0.0,1251.0,539.0,1565.0,606.0
0.0,7413.0,2540.0,1812.0,0.0,2375.0,2375.0,1269.0,543.0,1854.0,686.0
0.0,4873.0,2210.0,1834.0,0.0,4673.0,4673.0,1287.0,547.0,1575.0,635.0
0.0,2663.0,1504.0,1835.0,2375.0,3806.0,3806.0,1287.0,548.0,1005.0,499.0
0.0,3534.0,1141.0,1815.0,4673.0,194.0,194.0,1270.0,545.0,724.0,417.0
0.0,7066.0,1471.0,1795.0,3806.0,0.0,0.0,1254.0,541.0,1008.0,463.0
0.0,9401.0,2158.0,1795.0,194.0,0.0,0.0,1254.0,541.0,1561.0,597.0
0.0,7437.0,2505.0,1816.0,0.0,2332.0,2332.0,1272.0,544.0,1826.0,679.0
0.0,4932.0,2159.0,1839.0,0.0,4583.0,4583.0,1290.0,549.0,1533.0,626.0
0.0,2773.0,1478.0,1839.0,2332.0,3729.0,3729.0,1290.0,549.0,984.0,494.0
0.0,3627.0,1155.0,1819.0,4583.0,221.0,221.0,1273.0,546.0,737.0,418.0
0.0,7055.0,1533.0,1798.0,3729.0,0.0,0.0,1256.0,542.0,1054.0,479.0
0.0,9251.0,2220.0,1799.0,221.0,0.0,0.0,1257.0,542.0,1611.0,609.0
0.0,7252.0,2532.0,1820.0,0.0,2560.0,2560.0,1275.0,545.0,1848.0,684.0
0.0,4720.0,2161.0,1843.0,0.0,4813.0,4813.0,1293.0,550.0,1533.0,628.0
0.0,2559.0,1482.0,1843.0,2560.0,3735.0,3735.0,1293.0,550.0,982.0,500.0
0.0,3637.0,1153.0,1823.0,4813.0,0.0,0.0,1276.0,547.0,725.0,428.0
0.0,7297.0,1506.0,1802.0,3735.0,0.0,0.0,1259.0,543.0,1025.0,481.0
0.0,9526.0,2200.0,1803.0,0.0,0.0,0.0,1260.0,543.0,1596.0,604.0
0.0,7326.0,2524.0,1825.0,0.0,2498.0,2498.0,1278.0,547.0,1852.0,672.0
0.0,4802.0,2163.0,1847.0,0.0,4749.0,4749.0,1296.0,551.0,1545.0,618.0
0.0,2639.0,1467.0,1848.0,2498.0,3722.0,3722.0,1296.0,552.0,969.0,498.0
0.0,3670.0,1140.0,1828.0,4749.0,33.0,33.0,1279.0,549.0,713.0,427.0
0.0,7279.0,1515.0,1807.0,3722.0,0.0,0.0,1262.0,545.0,1033.0,482.0
0.0,9486.0,2233.0,1807.0,33.0,0.0,0.0,1263.0,544.0,1623.0,610.0
0.0,7286.0,2567.0,1829.0,0.0,2597.0,2597.0,1281.0,548.0,1886.0,681.0
0.0,4719.0,2177.0,1850.0,0.0,4858.0,4858.0,1298.0,552.0,1552.0,625.0
0.0,2542.0,1469.0,1849.0,2597.0,3726.0,3726.0,1297.0,552.0,965.0,504.0
0.0,3670.0,1143.0,1829.0,4858.0,0.0,0.0,1280.0,549.0,709.0,434.0
0.0,7385.0,1516.0,1810.0,3726.0,0.0,0.0,1264.0,546.0,1033.0,483.0
0.0,9595.0,2222.0,1810.0,0.0,0.0,0.0,1265.0,545.0,1617.0,605.0
0.0,7373.0,2544.0,1832.0,0.0,2499.0,2499.0,1283.0,549.0,1867.0,677.0
0.0,4829.0,2176.0,1853.0,0.0,4759.0,4759.0,1300.0,553.0,1550.0,626.0
0.0,2653.0,1467.0,1855.0,2499.0,3735.0,3735.0,1301.0,554.0,963.0,504.0
0.0,3685.0,1126.0,1835.0,4759.0,22.0,22.0,1284.0,551.0,697.0,429.0
0.0,7318.0,1518.0,1815.0,3735.0,0.0,0.0,1268.0,547.0,1036.0,482.0
0.0,9535.0,2236.0,1816.0,22.0,0.0,0.0,1269.0,547.0,1631.0,605.0
0.0,7321.0,2579.0,1836.0,0.0,2602.0,2602.0,1286.0,550.0,1901.0,678.0
0.0,4742.0,2213.0,1858.0,0.0,4903.0,4903.0,1304.0,554.0,1581.0,632.0
0.0,2529.0,1504.0,1859.0,2602.0,3809.0,3809.0,1304.0,555.0,990.0,514.0
0.0,3627.0,1149.0,1840.0,4903.0,0.0,0.0,1288.0,552.0,708.0,441.0
0.0,7381.0,1510.0,1820.0,3809.0,0.0,0.0,1272.0,548.0,1027.0,483.0
0.0,9680.0,2221.0,1820.0,0.0,0.0,0.0,1272.0,548.0,1617.0,604.0
0.0,7459.0,2566.0,1841.0,0.0,2471.0,2471.0,1290.0,551.0,1887.0,679.0
0.0,4893.0,2194.0,1862.0,0.0,4749.0,4749.0,1306.0,556.0,1559.0,635.0
0.0,2699.0,1476.0,1863.0,2471.0,3758.0,3758.0,1306.0,557.0,959.0,517.0
0.0,3694.0,1132.0,1844.0,4749.0,65.0,65.0,1290.0,554.0,692.0,440.0
0.0,7311.0,1493.0,1823.0,3758.0,0.0,0.0,1273.0,550.0,1012.0,481.0
0.0,9576.0,2219.0,1824.0,65.0,0.0,0.0,1274.0,550.0,1617.0,602.0
0.0,7422.0,2592.0,1844.0,0.0,2546.0,2546.0,1291.0,553.0,1912.0,680.0
0.0,4830.0,2242.0,1866.0,0.0,4876.0,4876.0,1309.0,557.0,1607.0,635.0
0.0,2588.0,1517.0,1867.0,2546.0,3851.0,3851.0,1309.0,558.0,1004.0,513.0
0.0,3617.0,1145.0,1847.0,4876.0,40.0,40.0,1292.0,555.0,709.0,436.0
0.0,7348.0,1499.0,1827.0,3851.0,0.0,0.0,1276.0,551.0,1017.0,482.0
0.0,9700.0,2221.0,1828.0,40.0,0.0,0.0,1277.0,551.0,1612.0,609.0
0.0,7519.0,2586.0,1848.0,0.0,2459.0,2459.0,1294.0,554.0,1902.0,684.0
0.0,4933.0,2226.0,1869.0,0.0,4769.0,4769.0,1311.0,558.0,1591.0,635.0
0.0,2707.0,1507.0,1870.0,2459.0,3821.0,3821.0,1311.0,559.0,998.0,509.0
0.0,3659.0,1146.0,1850.0,4769.0,118.0,118.0,1294.0,556.0,716.0,430.0
0.0,7282.0,1497.0,1831.0,3821.0,0.0,0.0,1279.0,552.0,1014.0,483.0
0.0,9606.0,2213.0,1832.0,118.0,0.0,0.0,1280.0,552.0,1602.0,611.0
0.0,7511.0,2573.0,1854.0,0.0,2478.0,2478.0,1298.0,556.0,1888.0,685.0
0.0,4938.0,2241.0,1874.0,0.0,4799.0,4799.0,1314.0,560.0,1603.0,638.0
0.0,2697.0,1546.0,1875.0,2478.0,3871.0,3871.0,1314.0,561.0,1027.0,519.0
0.0,3629.0,1188.0,1854.0,4799.0,176.0,176.0,1297.0,557.0,745.0,443.0
0.0,7240.0,1519.0,1835.0,3871.0,0.0,0.0,1281.0,554.0,1034.0,485.0
0.0,9592.0,2212.0,1836.0,176.0,0.0,0.0,1283.0,553.0,1610.0,602.0
0.0,7556.0,2559.0,1856.0,0.0,2427.0,2427.0,1300.0,556.0,1883.0,676.0
0.0,4997.0,2208.0,1877.0,0.0,4719.0,4719.0,1317.0,560.0,1576.0,632.0
0.0,2789.0,1525.0,1877.0,2427.0,3817.0,3817.0,1316.0,561.0,1009.0,516.0
0.0,3691.0,1191.0,1858.0,4719.0,213.0,213.0,1300.0,558.0,744.0,447.0
0.0,7219.0,1537.0,1839.0,3817.0,0.0,0.0,1284.0,555.0,1047.0,490.0
0.0,9499.0,2207.0,1840.0,213.0,0.0,0.0,1286.0,554.0,1602.0,605.0
0.0,7505.0,2534.0,1861.0,0.0,2473.0,2473.0,1303.0,558.0,1860.0,674.0
0.0,4971.0,2202.0,1881.0,0.0,4755.0,4755.0,1319.0,562.0,1569.0,633.0
0.0,2769.0,1546.0,1881.0,2473.0,3828.0,3828.0,1319.0,562.0,1022.0,524.0
0.0,3696.0,1221.0,1861.0,4755.0,214.0,214.0,1302.0,559.0,769.0,452.0
0.0,7230.0,1558.0,1843.0,3828.0,0.0,0.0,1287.0,556.0,1068.0,490.0
0.0,9500.0,2245.0,1843.0,214.0,0.0,0.0,1288.0,555.0,1637.0,608.0
0.0,7469.0,2577.0,1865.0,0.0,2568.0,2568.0,1306.0,559.0,1895.0,682.0
0.0,4892.0,2207.0,1886.0,0.0,4859.0,4859.0,1323.0,563.0,1567.0,640.0
0.0,2685.0,1503.0,1885.0,2568.0,3790.0,3790.0,1322.0,563.0,984.0,519.0
0.0,3750.0,1175.0,1865.0,4859.0,26.0,26.0,1305.0,560.0,738.0,437.0
0.0,7434.0,1552.0,1846.0,3790.0,0.0,0.0,1290.0,556.0,1074.0,478.0
0.0,9672.0,2251.0,1848.0,26.0,0.0,0.0,1292.0,556.0,1650.0,601.0
0.0,7447.0,2575.0,1868.0,0.0,2600.0,2600.0,1309.0,559.0,1890.0,685.0
0.0,4872.0,2198.0,1890.0,0.0,4886.0,4886.0,1326.0,564.0,1552.0,646.0
0.0,2674.0,1493.0,1888.0,2600.0,3771.0,3771.0,1324.0,564.0,964.0,529.0
0.0,3781.0,1185.0,1869.0,4886.0,0.0,0.0,1307.0,562.0,733.0,452.0
0.0,7482.0,1592.0,1850.0,3771.0,0.0,0.0,1292.0,558.0,1098.0,494.0
0.0,9661.0,2315.0,1852.0,0.0,62.0,62.0,1294.0,558.0,1701.0,614.0
0.0,7346.0,2621.0,1873.0,0.0,2767.0,2767.0,1312.0,561.0,1929.0,692.0
0.0,4725.0,2197.0,1893.0,62.0,4982.0,4982.0,1328.0,565.0,1550.0,647.0
0.0,2590.0,1467.0,1893.0,2767.0,3682.0,3682.0,1327.0,566.0,946.0,521.0
0.0,3890.0,1152.0,1872.0,4982.0,0.0,0.0,1309.0,563.0,718.0,434.0
0.0,7720.0,1580.0,1853.0,3682.0,0.0,0.0,1294.0,559.0,1104.0,476.0
0.0,9822.0,2314.0,1855.0,0.0,0.0,0.0,1297.0,558.0,1710.0,604.0
0.0,7508.0,2610.0,1877.0,0.0,2610.0,2610.0,1316.0,561.0,1923.0,687.0
0.0,4898.0,2162.0,1897.0,0.0,4852.0,4852.0,1332.0,565.0,1517.0,645.0
0.0,2736.0,1425.0,1896.0,2610.0,3663.0,3663.0,1330.0,566.0,904.0,521.0
0.0,3921.0,1155.0,1875.0,4852.0,0.0,0.0,1312.0,563.0,711.0,444.0
0.0,7618.0,1618.0,1856.0,3663.0,0.0,0.0,1297.0,559.0,1126.0,492.0
0.0,9663.0,2371.0,1859.0,0.0,144.0,144.0,1300.0,559.0,1753.0,618.0
0.0,7292.0,2666.0,1881.0,0.0,2898.0,2898.0,1318.0,563.0,1968.0,698.0
0.0,4626.0,2208.0,1902.0,144.0,5046.0,5046.0,1335.0,567.0,1545.0,663.0
0.0,2562.0,1450.0,1901.0,2898.0,3594.0,3594.0,1333.0,568.0,916.0,534.0
0.0,4010.0,1150.0,1880.0,5046.0,0.0,0.0,1315.0,565.0,704.0,446.0
0.0,7906.0,1598.0,1861.0,3594.0,0.0,0.0,1300.0,561.0,1118.0,480.0
0.0,9902.0,2358.0,1863.0,0.0,0.0,0.0,1303.0,560.0,1748.0,610.0
0.0,7544.0,2656.0,1886.0,0.0,2656.0,2656.0,1322.0,564.0,1960.0,696.0
0.0,4888.0,2185.0,1905.0,0.0,4917.0,4917.0,1337.0,568.0,1537.0,648.0
0.0,2703.0,1416.0,1904.0,2656.0,3673.0,3673.0,1335.0,569.0,898.0,518.0
0.0,3943.0,1122.0,1883.0,4917.0,0.0,0.0,1317.0,566.0,684.0,438.0
0.0,7738.0,1598.0,1865.0,3673.0,0.0,0.0,1303.0,562.0,1111.0,487.0
0.0,9813.0,2380.0,1867.0,0.0,35.0,35.0,1306.0,561.0,1761.0,619.0
0.0,7433.0,2692.0,1889.0,0.0,2815.0,2815.0,1324.0,565.0,1986.0,706.0
0.0,4741.0,2239.0,1909.0,35.0,5099.0,5099.0,1340.0,569.0,1578.0,661.0
0.0,2537.0,1468.0,1908.0,2815.0,3748.0,3748.0,1338.0,570.0,933.0,535.0
0.0,3884.0,1151.0,1887.0,5099.0,0.0,0.0,1320.0,567.0,695.0,456.0
0.0,7832.0,1596.0,1869.0,3748.0,0.0,0.0,1305.0,564.0,1097.0,499.0
0.0,9984.0,2354.0,1873.0,0.0,0.0,0.0,1309.0,564.0,1740.0,614.0
0.0,7630.0,2669.0,1894.0,0.0,2615.0,2615.0,1327.0,567.0,1982.0,687.0
0.0,4961.0,2225.0,1914.0,0.0,4920.0,4920.0,1343.0,571.0,1578.0,647.0
0.0,2736.0,1451.0,1912.0,2615.0,3748.0,3748.0,1341.0,571.0,920.0,531.0
0.0,3900.0,1135.0,1892.0,4920.0,0.0,0.0,1323.0,569.0,681.0,454.0
0.0,7685.0,1583.0,1873.0,3748.0,0.0,0.0,1308.0,565.0,1088.0,495.0
0.0,9850.0,2346.0,1876.0,0.0,0.0,0.0,1311.0,565.0,1736.0,610.0
0.0,7504.0,2677.0,1898.0,0.0,2765.0,2765.0,1330.0,568.0,1988.0,689.0
0.0,4827.0,2247.0,1918.0,0.0,5092.0,5092.0,1346.0,572.0,1593.0,654.0
0.0,2580.0,1507.0,1917.0,2765.0,3830.0,3830.0,1344.0,573.0,964.0,543.0
0.0,3838.0,1185.0,1896.0,5092.0,0.0,0.0,1326.0,570.0,720.0,465.0
0.0,7745.0,1605.0,1878.0,3830.0,0.0,0.0,1311.0,567.0,1105.0,500.0
0.0,9970.0,2341.0,1880.0,0.0,0.0,0.0,1314.0,566.0,1726.0,615.0
0.0,7629.0,2649.0,1902.0,0.0,2628.0,2628.0,1333.0,569.0,1957.0,692.0
0.0,4980.0,2215.0,1922.0,0.0,4923.0,4923.0,1349.0,573.0,1566.0,649.0
0.0,2765.0,1490.0,1921.0,2628.0,3781.0,3781.0,1346.0,575.0,955.0,535.0
0.0,3903.0,1171.0,1900.0,4923.0,0.0,0.0,1328.0,572.0,712.0,459.0
0.0,7655.0,1582.0,1881.0,3781.0,0.0,0.0,1313.0,568.0,1089.0,493.0
0.0,9854.0,2309.0,1883.0,0.0,0.0,0.0,1316.0,567.0,1708.0,601.0
0.0,7545.0,2637.0,1905.0,0.0,2712.0,2712.0,1335.0,570.0,1959.0,678.0
0.0,4908.0,2247.0,1926.0,0.0,5043.0,5043.0,1352.0,574.0,1597.0,650.0
0.0,2661.0,1542.0,1925.0,2712.0,3869.0,3869.0,1350.0,575.0,995.0,547.0
0.0,3831.0,1240.0,1904.0,5043.0,0.0,0.0,1332.0,572.0,759.0,481.0
0.0,7634.0,1637.0,1885.0,3869.0,0.0,0.0,1316.0,569.0,1120.0,517.0
0.0,9866.0,2329.0,1887.0,0.0,11.0,11.0,1319.0,568.0,1710.0,619.0
0.0,7537.0,2625.0,1910.0,0.0,2728.0,2728.0,1338.0,572.0,1941.0,684.0
0.0,4912.0,2238.0,1931.0,11.0,5039.0,5039.0,1355.0,576.0,1592.0,646.0
0.0,2685.0,1533.0,1930.0,2728.0,3840.0,3840.0,1353.0,577.0,992.0,541.0
0.0,3880.0,1214.0,1908.0,5039.0,0.0,0.0,1334.0,574.0,744.0,470.0
0.0,7705.0,1610.0,1890.0,3840.0,0.0,0.0,1319.0,571.0,1101.0,509.0
0.0,9935.0,2315.0,1892.0,0.0,0.0,0.0,1322.0,570.0,1702.0,613.0
0.0,7620.0,2619.0,1915.0,0.0,2659.0,2659.0,1342.0,573.0,1940.0,679.0
0.0,5001.0,2228.0,1936.0,0.0,4971.0,4971.0,1359.0,577.0,1584.0,644.0
0.0,2773.0,1542.0,1934.0,2659.0,3846.0,3846.0,1356.0,578.0,1000.0,542.0
0.0,3890.0,1256.0,1914.0,4971.0,51.0,51.0,1338.0,576.0,772.0,484.0
0.0,7605.0,1657.0,1894.0,3846.0,0.0,0.0,1322.0,572.0,1137.0,520.0
0.0,9794.0,2345.0,1896.0,51.0,84.0,84.0,1325.0,571.0,1727.0,618.0
0.0,7500.0,2627.0,1919.0,0.0,2803.0,2803.0,1345.0,574.0,1948.0,679.0
0.0,4873.0,2222.0,1940.0,84.0,5025.0,5025.0,1362.0,578.0,1578.0,644.0
0.0,2735.0,1543.0,1938.0,2803.0,3757.0,3757.0,1359.0,579.0,990.0,553.0
0.0,3995.0,1254.0,1917.0,5025.0,0.0,0.0,1340.0,577.0,766.0,488.0
0.0,7766.0,1654.0,1899.0,3757.0,0.0,0.0,1325.0,574.0,1138.0,516.0
0.0,9869.0,2326.0,1901.0,0.0,61.0,61.0,1328.0,573.0,1719.0,607.0
0.0,7543.0,2585.0,1924.0,0.0,2738.0,2738.0,1348.0,576.0,1920.0,665.0
0.0,4958.0,2187.0,1943.0,61.0,4940.0,4940.0,1364.0,579.0,1546.0,641.0
0.0,2832.0,1523.0,1943.0,2738.0,3725.0,3725.0,1362.0,581.0,968.0,555.0
0.0,4047.0,1281.0,1921.0,4940.0,0.0,0.0,1343.0,578.0,784.0,497.0
0.0,7706.0,1698.0,1902.0,3725.0,0.0,0.0,1327.0,575.0,1174.0,524.0
0.0,9733.0,2369.0,1905.0,0.0,256.0,256.0,1331.0,574.0,1755.0,614.0
0.0,7364.0,2629.0,1927.0,0.0,2973.0,2973.0,1350.0,577.0,1955.0,674.0
0.0,4735.0,2212.0,1947.0,256.0,5009.0,5009.0,1367.0,580.0,1565.0,647.0
0.0,2779.0,1525.0,1946.0,2973.0,3557.0,3557.0,1365.0,581.0,971.0,554.0
0.0,4227.0,1252.0,1925.0,5009.0,0.0,0.0,1346.0,579.0,761.0,491.0
0.0,7984.0,1673.0,1906.0,3557.0,0.0,0.0,1330.0,576.0,1152.0,521.0
0.0,9868.0,2360.0,1908.0,0.0,124.0,124.0,1333.0,575.0,1744.0,616.0
0.0,7508.0,2618.0,1931.0,0.0,2834.0,2834.0,1353.0,578.0,1945.0,673.0
0.0,4890.0,2190.0,1951.0,124.0,4980.0,4980.0,1369.0,582.0,1549.0,641.0
0.0,2824.0,1499.0,1950.0,2834.0,3641.0,3641.0,1367.0,583.0,951.0,548.0
0.0,4159.0,1245.0,1928.0,4980.0,0.0,0.0,1348.0,580.0,756.0,489.0
0.0,7894.0,1694.0,1909.0,3641.0,0.0,0.0,1332.0,577.0,1167.0,527.0
0.0,9841.0,2413.0,1913.0,0.0,224.0,224.0,1336.0,577.0,1790.0,623.0
0.0,7428.0,2679.0,1935.0,0.0,2991.0,2991.0,1356.0,579.0,2000.0,679.0
0.0,4749.0,2235.0,1956.0,224.0,5086.0,5086.0,1373.0,583.0,1594.0,641.0
0.0,2738.0,1518.0,1954.0,2991.0,3605.0,3605.0,1370.0,584.0,968.0,550.0
0.0,4211.0,1244.0,1932.0,5086.0,0.0,0.0,1351.0,581.0,742.0,502.0
0.0,8053.0,1675.0,1913.0,3605.0,0.0,0.0,1335.0,578.0,1133.0,542.0
0.0,9983.0,2381.0,1917.0,0.0,66.0,66.0,1339.0,578.0,1755.0,626.0
0.0,7602.0,2654.0,1940.0,0.0,2812.0,2812.0,1359.0,581.0,1984.0,670.0
0.0,4948.0,2214.0,1960.0,66.0,5040.0,5040.0,1376.0,584.0,1590.0,624.0
0.0,2800.0,1495.0,1958.0,2812.0,3715.0,3715.0,1373.0,585.0,955.0,540.0
0.0,4117.0,1225.0,1937.0,5040.0,0.0,0.0,1354.0,583.0,724.0,501.0
0.0,7932.0,1686.0,1918.0,3715.0,0.0,0.0,1338.0,580.0,1137.0,549.0
0.0,9961.0,2417.0,1922.0,0.0,144.0,144.0,1342.0,580.0,1782.0,635.0
0.0,7544.0,2694.0,1944.0,0.0,2926.0,2926.0,1362.0,582.0,2021.0,673.0
0.0,4850.0,2243.0,1963.0,144.0,5101.0,5101.0,1378.0,585.0,1616.0,627.0
0.0,2751.0,1519.0,1961.0,2926.0,3686.0,3686.0,1375.0,586.0,974.0,545.0
0.0,4158.0,1253.0,1941.0,5101.0,0.0,0.0,1357.0,584.0,745.0,508.0
0.0,8006.0,1690.0,1922.0,3686.0,0.0,0.0,1341.0,581.0,1138.0,552.0
0.0,10002.0,2402.0,1925.0,0.0,100.0,100.0,1344.0,581.0,1765.0,637.0
0.0,7600.0,2670.0,1947.0,0.0,2858.0,2858.0,1364.0,583.0,2001.0,669.0
0.0,4930.0,2226.0,1966.0,100.0,5060.0,5060.0,1380.0,586.0,1607.0,619.0
0.0,2804.0,1516.0,1965.0,2858.0,3714.0,3714.0,1378.0,587.0,980.0,536.0
0.0,4146.0,1243.0,1945.0,5060.0,0.0,0.0,1360.0,585.0,740.0,503.0
0.0,7963.0,1689.0,1926.0,3714.0,0.0,0.0,1344.0,582.0,1128.0,561.0
0.0,9988.0,2405.0,1929.0,0.0,133.0,133.0,1347.0,582.0,1759.0,646.0
0.0,7583.0,2682.0,1952.0,0.0,2907.0,2907.0,1367.0,585.0,2005.0,677.0
0.0,4901.0,2258.0,1971.0,133.0,5108.0,5108.0,1383.0,588.0,1632.0,626.0
0.0,2776.0,1563.0,1969.0,2907.0,3756.0,3756.0,1381.0,588.0,1022.0,541.0
0.0,4120.0,1276.0,1949.0,5108.0,0.0,0.0,1363.0,586.0,770.0,506.0
0.0,7952.0,1688.0,1931.0,3756.0,0.0,0.0,1347.0,584.0,1133.0,555.0
0.0,10020.0,2383.0,1933.0,0.0,95.0,95.0,1350.0,583.0,1748.0,635.0
0.0,7637.0,2655.0,1955.0,0.0,2838.0,2838.0,1369.0,586.0,1987.0,668.0
0.0,4982.0,2238.0,1974.0,95.0,5057.0,5057.0,1386.0,588.0,1618.0,620.0
0.0,2839.0,1544.0,1972.0,2838.0,3755.0,3755.0,1383.0,589.0,1003.0,541.0
0.0,4133.0,1262.0,1952.0,5057.0,0.0,0.0,1365.0,587.0,751.0,511.0
0.0,7928.0,1683.0,1934.0,3755.0,0.0,0.0,1349.0,585.0,1123.0,560.0
0.0,10000.0,2380.0,1938.0,0.0,132.0,132.0,1353.0,585.0,1741.0,639.0
0.0,7620.0,2669.0,1960.0,0.0,2889.0,2889.0,1373.0,587.0,1996.0,673.0
0.0,4951.0,2267.0,1979.0,132.0,5100.0,5100.0,1389.0,590.0,1640.0,627.0
0.0,2816.0,1582.0,1977.0,2889.0,3785.0,3785.0,1387.0,590.0,1031.0,551.0
0.0,4123.0,1304.0,1956.0,5100.0,0.0,0.0,1368.0,588.0,788.0,516.0
0.0,7919.0,1707.0,1938.0,3785.0,0.0,0.0,1352.0,586.0,1147.0,560.0
0.0,9997.0,2387.0,1942.0,0.0,158.0,158.0,1356.0,586.0,1748.0,639.0
0.0,7610.0,2663.0,1963.0,0.0,2905.0,2905.0,1375.0,588.0,1985.0,678.0
0.0,4947.0,2242.0,1983.0,158.0,5069.0,5069.0,1392.0,591.0,1614.0,628.0
0.0,2863.0,1554.0,1980.0,2905.0,3706.0,3706.0,1389.0,591.0,1012.0,542.0
0.0,4214.0,1282.0,1960.0,5069.0,0.0,0.0,1371.0,589.0,782.0,500.0
0.0,8001.0,1687.0,1942.0,3706.0,0.0,0.0,1355.0,587.0,1140.0,547.0
0.0,10020.0,2364.0,1946.0,0.0,128.0,128.0,1359.0,587.0,1726.0,638.0
0.0,7656.0,2642.0,1967.0,0.0,2854.0,2854.0,1378.0,589.0,1963.0,679.0
0.0,5014.0,2258.0,1987.0,128.0,5064.0,5064.0,1395.0,592.0,1618.0,640.0
0.0,2884.0,1597.0,1985.0,2854.0,3799.0,3799.0,1392.0,593.0,1041.0,556.0
0.0,4141.0,1333.0,1964.0,5064.0,0.0,0.0,1374.0,590.0,820.0,513.0
0.0,7872.0,1732.0,1946.0,3799.0,0.0,0.0,1358.0,588.0,1176.0,556.0
0.0,9939.0,2392.0,1949.0,0.0,249.0,249.0,1361.0,588.0,1747.0,645.0
0.0,7547.0,2657.0,1971.0,0.0,2994.0,2994.0,1380.0,591.0,1968.0,689.0
0.0,4890.0,2260.0,1991.0,249.0,5085.0,5085.0,1397.0,594.0,1617.0,643.0
0.0,2879.0,1586.0,1989.0,2994.0,3669.0,3669.0,1395.0,594.0,1036.0,550.0
0.0,4287.0,1315.0,1968.0,5085.0,0.0,0.0,1377.0,591.0,817.0,498.0
0.0,8057.0,1708.0,1950.0,3669.0,0.0,0.0,1361.0,589.0,1171.0,537.0
0.0,10018.0,2375.0,1953.0,0.0,169.0,169.0,1364.0,589.0,1741.0,634.0
0.0,7643.0,2641.0,1975.0,0.0,2898.0,2898.0,1383.0,592.0,1954.0,687.0
0.0,5002.0,2248.0,1994.0,169.0,5053.0,5053.0,1400.0,594.0,1601.0,647.0
0.0,2923.0,1589.0,1993.0,2898.0,3740.0,3740.0,1398.0,595.0,1036.0,553.0
0.0,4232.0,1333.0,1972.0,5053.0,0.0,0.0,1380.0,592.0,828.0,505.0
0.0,7952.0,1741.0,1954.0,3740.0,0.0,0.0,1364.0,590.0,1191.0,550.0
0.0,9951.0,2416.0,1957.0,0.0,293.0,293.0,1367.0,590.0,1766.0,650.0
0.0,7535.0,2680.0,1979.0,0.0,3061.0,3061.0,1386.0,593.0,1976.0,704.0
0.0,4855.0,2254.0,1998.0,293.0,5098.0,5098.0,1402.0,596.0,1596.0,658.0
0.0,2894.0,1579.0,1996.0,3061.0,3608.0,3608.0,1400.0,596.0,1023.0,556.0
0.0,4376.0,1315.0,1976.0,5098.0,0.0,0.0,1382.0,594.0,815.0,500.0
0.0,8159.0,1733.0,1957.0,3608.0,0.0,0.0,1366.0,591.0,1194.0,539.0
0.0,10034.0,2404.0,1961.0,0.0,214.0,214.0,1370.0,591.0,1770.0,634.0
0.0,7630.0,2655.0,1983.0,0.0,2957.0,2957.0,1389.0,594.0,1970.0,685.0
0.0,4975.0,2222.0,2002.0,214.0,5041.0,5041.0,1405.0,597.0,1579.0,643.0
0.0,2967.0,1541.0,1999.0,2957.0,3613.0,3613.0,1402.0,597.0,992.0,549.0
0.0,4383.0,1300.0,1978.0,5041.0,0.0,0.0,1384.0,594.0,797.0,503.0
0.0,8124.0,1760.0,1960.0,3613.0,0.0,0.0,1368.0,592.0,1204.0,556.0
0.0,9977.0,2475.0,1964.0,0.0,354.0,354.0,1372.0,592.0,1819.0,656.0
0.0,7502.0,2737.0,1986.0,0.0,3179.0,3179.0,1391.0,595.0,2031.0,706.0
0.0,4765.0,2279.0,2006.0,354.0,5184.0,5184.0,1408.0,598.0,1622.0,657.0
0.0,2840.0,1559.0,2003.0,3179.0,3552.0,3552.0,1405.0,598.0,997.0,562.0
0.0,4460.0,1271.0,1982.0,5184.0,0.0,0.0,1386.0,596.0,766.0,505.0
0.0,8373.0,1709.0,1963.0,3552.0,0.0,0.0,1370.0,593.0,1164.0,545.0
0.0,10216.0,2435.0,1968.0,0.0,91.0,91.0,1374.0,594.0,1800.0,635.0
0.0,7781.0,2730.0,1991.0,0.0,2913.0,2913.0,1394.0,597.0,2044.0,686.0
0.0,5051.0,2300.0,2010.0,91.0,5198.0,5198.0,1411.0,599.0,1648.0,652.0
0.0,2842.0,1565.0,2008.0,2913.0,3842.0,3842.0,1409.0,599.0,1005.0,560.0
0.0,4190.0,1252.0,1987.0,5198.0,0.0,0.0,1390.0,597.0,748.0,504.0
0.0,8136.0,1678.0,1967.0,3842.0,0.0,0.0,1373.0,594.0,1135.0,543.0
0.0,10300.0,2439.0,1970.0,0.0,19.0,19.0,1376.0,594.0,1798.0,641.0
0.0,7861.0,2772.0,1993.0,0.0,2883.0,2883.0,1396.0,597.0,2072.0,700.0
0.0,5089.0,2362.0,2014.0,19.0,5310.0,5310.0,1414.0,600.0,1692.0,670.0
0.0,2746.0,1625.0,2013.0,2883.0,4048.0,4048.0,1412.0,601.0,1046.0,579.0
0.0,4004.0,1276.0,1991.0,5310.0,0.0,0.0,1393.0,598.0,762.0,514.0
0.0,8038.0,1668.0,1972.0,4048.0,0.0,0.0,1376.0,596.0,1123.0,545.0
0.0,10418.0,2416.0,1975.0,0.0,0.0,0.0,1379.0,596.0,1772.0,644.0
0.0,8002.0,2757.0,1998.0,0.0,2747.0,2747.0,1399.0,599.0,2054.0,703.0
0.0,5245.0,2347.0,2018.0,0.0,5174.0,5174.0,1416.0,602.0,1687.0,660.0
0.0,2898.0,1598.0,2017.0,2747.0,4021.0,4021.0,1415.0,602.0,1043.0,555.0
0.0,4047.0,1252.0,1996.0,5174.0,15.0,15.0,1396.0,600.0,755.0,497.0
0.0,7969.0,1649.0,1976.0,4021.0,0.0,0.0,1379.0,597.0,1106.0,543.0
0.0,10341.0,2405.0,1979.0,15.0,0.0,0.0,1382.0,597.0,1758.0,647.0
0.0,7951.0,2764.0,2002.0,0.0,2821.0,2821.0,1402.0,600.0,2057.0,707.0
0.0,5187.0,2386.0,2022.0,0.0,5287.0,5287.0,1419.0,603.0,1721.0,665.0
0.0,2801.0,1644.0,2020.0,2821.0,4102.0,4102.0,1417.0,603.0,1082.0,562.0
0.0,3978.0,1297.0,1999.0,5287.0,28.0,28.0,1399.0,600.0,786.0,511.0
0.0,7968.0,1684.0,1980.0,4102.0,0.0,0.0,1382.0,598.0,1122.0,562.0
0.0,10386.0,2406.0,1983.0,28.0,0.0,0.0,1385.0,598.0,1744.0,662.0
0.0,8008.0,2747.0,2005.0,0.0,2759.0,2759.0,1404.0,601.0,2036.0,711.0
0.0,5261.0,2372.0,2026.0,0.0,5215.0,5215.0,1421.0,605.0,1712.0,660.0
0.0,2889.0,1652.0,2025.0,2759.0,4104.0,4104.0,1420.0,605.0,1099.0,553.0
0.0,3996.0,1283.0,2004.0,5215.0,88.0,88.0,1402.0,602.0,790.0,493.0
0.0,7928.0,1649.0,1984.0,4104.0,0.0,0.0,1385.0,599.0,1106.0,543.0
0.0,10383.0,2372.0,1988.0,88.0,0.0,0.0,1388.0,600.0,1715.0,657.0
0.0,8099.0,2732.0,2009.0,0.0,2669.0,2669.0,1406.0,603.0,2011.0,721.0
0.0,5367.0,2376.0,2029.0,0.0,5125.0,5125.0,1423.0,606.0,1704.0,672.0
0.0,2991.0,1671.0,2028.0,2669.0,4123.0,4123.0,1422.0,606.0,1111.0,560.0
0.0,3989.0,1340.0,2007.0,5125.0,254.0,254.0,1404.0,603.0,843.0,497.0
0.0,7774.0,1702.0,1988.0,4123.0,0.0,0.0,1388.0,600.0,1155.0,547.0
0.0,10195.0,2417.0,1991.0,254.0,0.0,0.0,1391.0,600.0,1749.0,668.0
0.0,8032.0,2751.0,2014.0,0.0,2775.0,2775.0,1410.0,604.0,2018.0,733.0
0.0,5281.0,2366.0,2034.0,0.0,5221.0,5221.0,1427.0,607.0,1690.0,676.0
0.0,2915.0,1644.0,2033.0,2775.0,4086.0,4086.0,1425.0,608.0,1090.0,554.0
0.0,4046.0,1314.0,2012.0,5221.0,95.0,95.0,1407.0,605.0,820.0,494.0
0.0,7953.0,1701.0,1993.0,4086.0,0.0,0.0,1391.0,602.0,1156.0,545.0
0.0,10338.0,2405.0,1997.0,95.0,0.0,0.0,1394.0,603.0,1744.0,661.0
0.0,8028.0,2724.0,2020.0,0.0,2776.0,2776.0,1414.0,606.0,2000.0,724.0
0.0,5304.0,2335.0,2039.0,0.0,5187.0,5187.0,1430.0,609.0,1664.0,671.0
0.0,2969.0,1652.0,2037.0,2776.0,4055.0,4055.0,1428.0,609.0,1097.0,555.0
0.0,4093.0,1349.0,2016.0,5187.0,133.0,133.0,1410.0,606.0,861.0,488.0
0.0,7931.0,1737.0,1997.0,4055.0,0.0,0.0,1394.0,603.0,1195.0,542.0
0.0,10249.0,2430.0,1999.0,133.0,44.0,44.0,1396.0,603.0,1763.0,667.0
0.0,7952.0,2743.0,2022.0,0.0,2879.0,2879.0,1416.0,606.0,2002.0,741.0
0.0,5209.0,2359.0,2043.0,44.0,5278.0,5278.0,1433.0,610.0,1666.0,693.0
0.0,2894.0,1654.0,2042.0,2879.0,4049.0,4049.0,1432.0,610.0,1087.0,567.0
0.0,4119.0,1338.0,2021.0,5278.0,25.0,25.0,1413.0,608.0,851.0,487.0
0.0,8059.0,1716.0,2001.0,4049.0,0.0,0.0,1397.0,604.0,1188.0,528.0
0.0,10392.0,2403.0,2004.0,25.0,2.0,2.0,1399.0,605.0,1748.0,655.0
0.0,8014.0,2716.0,2026.0,0.0,2806.0,2806.0,1418.0,608.0,1980.0,736.0
0.0,5298.0,2336.0,2047.0,2.0,5224.0,5224.0,1435.0,612.0,1644.0,692.0
0.0,2964.0,1672.0,2046.0,2806.0,4086.0,4086.0,1434.0,612.0,1101.0,571.0
0.0,4098.0,1385.0,2026.0,5224.0,167.0,167.0,1417.0,609.0,894.0,491.0
0.0,7937.0,1764.0,2007.0,4086.0,0.0,0.0,1401.0,606.0,1234.0,530.0
0.0,10259.0,2448.0,2009.0,167.0,58.0,58.0,1403.0,606.0,1796.0,652.0
0.0,7978.0,2744.0,2030.0,0.0,2886.0,2886.0,1421.0,609.0,2007.0,737.0
0.0,5234.0,2343.0,2050.0,58.0,5251.0,5251.0,1438.0,612.0,1644.0,699.0
0.0,2949.0,1641.0,2050.0,2886.0,4006.0,4006.0,1437.0,613.0,1063.0,578.0
0.0,4194.0,1354.0,2029.0,5251.0,25.0,25.0,1419.0,610.0,856.0,498.0
0.0,8091.0,1756.0,2010.0,4006.0,0.0,0.0,1403.0,607.0,1223.0,533.0
0.0,10341.0,2448.0,2012.0,25.0,130.0,130.0,1406.0,606.0,1802.0,646.0
0.0,7918.0,2728.0,2034.0,0.0,2946.0,2946.0,1424.0,610.0,2002.0,726.0
0.0,5190.0,2333.0,2055.0,130.0,5233.0,5233.0,1441.0,614.0,1635.0,698.0
0.0,2987.0,1637.0,2054.0,2946.0,3920.0,3920.0,1440.0,614.0,1054.0,583.0
0.0,4296.0,1350.0,2034.0,5233.0,0.0,0.0,1422.0,612.0,851.0,499.0
0.0,8179.0,1771.0,2015.0,3920.0,0.0,0.0,1407.0,608.0,1240.0,531.0
0.0,10328.0,2476.0,2017.0,0.0,216.0,216.0,1409.0,608.0,1831.0,645.0
0.0,7852.0,2780.0,2038.0,0.0,3080.0,3080.0,1427.0,611.0,2041.0,739.0
0.0,5072.0,2377.0,2059.0,216.0,5325.0,5325.0,1444.0,615.0,1666.0,711.0
0.0,2911.0,1672.0,2059.0,3080.0,3917.0,3917.0,1443.0,616.0,1081.0,591.0
0.0,4319.0,1358.0,2038.0,5325.0,0.0,0.0,1426.0,612.0,857.0,501.0
0.0,8286.0,1748.0,2020.0,3917.0,0.0,0.0,1411.0,609.0,1219.0,529.0
0.0,10455.0,2443.0,2021.0,0.0,72.0,72.0,1412.0,609.0,1800.0,643.0
0.0,8012.0,2761.0,2042.0,0.0,2917.0,2917.0,1430.0,612.0,2027.0,734.0
0.0,5251.0,2373.0,2063.0,72.0,5302.0,5302.0,1447.0,616.0,1665.0,708.0
0.0,2950.0,1662.0,2063.0,2917.0,4047.0,4047.0,1446.0,617.0,1073.0,589.0
0.0,4205.0,1326.0,2043.0,5302.0,0.0,0.0,1429.0,614.0,832.0,494.0
0.0,8181.0,1720.0,2024.0,4047.0,0.0,0.0,1414.0,610.0,1192.0,528.0
0.0,10508.0,2457.0,2026.0,0.0,53.0,53.0,1416.0,610.0,1804.0,653.0
0.0,8051.0,2819.0,2048.0,0.0,2960.0,2960.0,1434.0,614.0,2073.0,746.0
0.0,5232.0,2427.0,2069.0,53.0,5418.0,5418.0,1451.0,618.0,1717.0,710.0
0.0,2858.0,1681.0,2068.0,2960.0,4135.0,4135.0,1450.0,618.0,1096.0,585.0
0.0,4137.0,1315.0,2047.0,5418.0,0.0,0.0,1432.0,615.0,825.0,490.0
0.0,8240.0,1697.0,2027.0,4135.0,0.0,0.0,1416.0,611.0,1170.0,527.0
0.0,10678.0,2443.0,2029.0,0.0,0.0,0.0,1418.0,611.0,1789.0,654.0
0.0,8235.0,2811.0,2050.0,0.0,2776.0,2776.0,1436.0,614.0,2066.0,745.0
0.0,5424.0,2427.0,2072.0,0.0,5291.0,5291.0,1454.0,618.0,1723.0,704.0
0.0,2997.0,1679.0,2072.0,2776.0,4194.0,4194.0,1453.0,619.0,1102.0,577.0
0.0,4094.0,1307.0,2051.0,5291.0,126.0,126.0,1435.0,616.0,820.0,487.0
0.0,8078.0,1685.0,2031.0,4194.0,0.0,0.0,1419.0,612.0,1153.0,532.0
0.0,10587.0,2439.0,2033.0,126.0,0.0,0.0,1421.0,612.0,1768.0,671.0
0.0,8274.0,2822.0,2055.0,0.0,2768.0,2768.0,1439.0,616.0,2063.0,759.0
0.0,5452.0,2462.0,2076.0,0.0,5314.0,5314.0,1456.0,620.0,1751.0,711.0
0.0,2990.0,1736.0,2077.0,2768.0,4286.0,4286.0,1456.0,621.0,1154.0,582.0
0.0,4022.0,1364.0,2056.0,5314.0,252.0,252.0,1438.0,618.0,866.0,498.0
0.0,7972.0,1701.0,2036.0,4286.0,0.0,0.0,1422.0,614.0,1160.0,541.0
0.0,10557.0,2404.0,2037.0,252.0,0.0,0.0,1424.0,613.0,1742.0,662.0
0.0,8405.0,2770.0,2058.0,0.0,2597.0,2597.0,1442.0,616.0,2028.0,742.0
0.0,5635.0,2439.0,2080.0,0.0,5124.0,5124.0,1459.0,621.0,1739.0,700.0
0.0,3196.0,1741.0,2080.0,2597.0,4268.0,4268.0,1458.0,622.0,1161.0,580.0
0.0,4052.0,1369.0,2060.0,5124.0,433.0,433.0,1441.0,619.0,874.0,495.0
0.0,7807.0,1694.0,2041.0,4268.0,0.0,0.0,1426.0,615.0,1158.0,536.0
0.0,10381.0,2392.0,2041.0,433.0,0.0,0.0,1427.0,614.0,1732.0,660.0
0.0,8422.0,2772.0,2062.0,0.0,2598.0,2598.0,1445.0,617.0,2025.0,747.0
0.0,5650.0,2464.0,2084.0,0.0,5150.0,5150.0,1462.0,622.0,1749.0,715.0
0.0,3186.0,1784.0,2084.0,2598.0,4336.0,4336.0,1461.0,623.0,1191.0,593.0
0.0,4000.0,1407.0,2063.0,5150.0,509.0,509.0,1443.0,620.0,901.0,506.0
0.0,7743.0,1718.0,2044.0,4336.0,0.0,0.0,1428.0,616.0,1179.0,539.0
0.0,10361.0,2394.0,2045.0,509.0,0.0,0.0,1429.0,616.0,1733.0,661.0
0.0,8476.0,2750.0,2066.0,0.0,2538.0,2538.0,1447.0,619.0,2003.0,747.0
0.0,5726.0,2445.0,2087.0,0.0,5067.0,5067.0,1464.0,623.0,1734.0,711.0
0.0,3281.0,1766.0,2087.0,2538.0,4295.0,4295.0,1463.0,624.0,1180.0,586.0
0.0,4053.0,1402.0,2067.0,5067.0,550.0,550.0,1446.0,621.0,906.0,496.0
0.0,7718.0,1718.0,2048.0,4295.0,0.0,0.0,1431.0,617.0,1191.0,527.0
0.0,10295.0,2382.0,2048.0,550.0,0.0,0.0,1432.0,616.0,1732.0,650.0
0.0,8463.0,2739.0,2070.0,0.0,2556.0,2556.0,1450.0,620.0,1990.0,749.0
0.0,5724.0,2422.0,2091.0,0.0,5062.0,5062.0,1467.0,624.0,1699.0,723.0
0.0,3302.0,1764.0,2090.0,2556.0,4266.0,4266.0,1465.0,625.0,1164.0,600.0
0.0,4094.0,1448.0,2070.0,5062.0,572.0,572.0,1448.0,622.0,942.0,506.0
0.0,7708.0,1784.0,2052.0,4266.0,0.0,0.0,1433.0,619.0,1245.0,539.0
0.0,10190.0,2432.0,2053.0,572.0,0.0,0.0,1435.0,618.0,1768.0,664.0
0.0,8330.0,2729.0,2073.0,0.0,2691.0,2691.0,1452.0,621.0,1977.0,752.0
0.0,5601.0,2393.0,2093.0,0.0,5164.0,5164.0,1468.0,625.0,1676.0,717.0
0.0,3208.0,1753.0,2093.0,2691.0,4226.0,4226.0,1467.0,626.0,1163.0,590.0
0.0,4146.0,1453.0,2073.0,5164.0,435.0,435.0,1450.0,623.0,953.0,500.0
0.0,7857.0,1795.0,2056.0,4226.0,0.0,0.0,1436.0,620.0,1254.0,541.0
0.0,10288.0,2418.0,2056.0,435.0,0.0,0.0,1437.0,619.0,1754.0,664.0
0.0,8305.0,2697.0,2076.0,0.0,2696.0,2696.0,1454.0,622.0,1954.0,743.0
0.0,5608.0,2374.0,2096.0,0.0,5150.0,5150.0,1470.0,626.0,1669.0,705.0
0.0,3234.0,1752.0,2097.0,2696.0,4210.0,4210.0,1470.0,627.0,1166.0,586.0
0.0,4178.0,1468.0,2078.0,5150.0,452.0,452.0,1454.0,624.0,961.0,507.0
0.0,7860.0,1829.0,2059.0,4210.0,0.0,0.0,1438.0,621.0,1272.0,557.0
0.0,10241.0,2473.0,2060.0,452.0,20.0,20.0,1440.0,620.0,1787.0,686.0
0.0,8220.0,2754.0,2081.0,0.0,2858.0,2858.0,1457.0,624.0,1992.0,762.0
0.0,5466.0,2385.0,2101.0,20.0,5303.0,5303.0,1473.0,628.0,1669.0,716.0
0.0,3101.0,1734.0,2102.0,2858.0,4183.0,4183.0,1473.0,629.0,1149.0,585.0
0.0,4225.0,1448.0,2082.0,5303.0,248.0,248.0,1456.0,626.0,948.0,500.0
0.0,8080.0,1812.0,2063.0,4183.0,0.0,0.0,1441.0,622.0,1266.0,546.0
0.0,10451.0,2459.0,2064.0,248.0,16.0,16.0,1442.0,622.0,1785.0,674.0
0.0,8240.0,2733.0,2084.0,0.0,2829.0,2829.0,1459.0,625.0,1981.0,752.0
0.0,5507.0,2353.0,2104.0,16.0,5246.0,5246.0,1475.0,629.0,1654.0,699.0
0.0,3170.0,1706.0,2105.0,2829.0,4127.0,4127.0,1475.0,630.0,1134.0,572.0
0.0,4293.0,1445.0,2085.0,5246.0,246.0,246.0,1459.0,626.0,947.0,498.0
0.0,8094.0,1852.0,2067.0,4127.0,0.0,0.0,1444.0,623.0,1293.0,559.0
0.0,10369.0,2524.0,2068.0,246.0,181.0,181.0,1446.0,622.0,1834.0,690.0
0.0,8091.0,2790.0,2089.0,0.0,3055.0,3055.0,1463.0,626.0,2024.0,766.0
0.0,5301.0,2395.0,2108.0,181.0,5345.0,5345.0,1478.0,630.0,1675.0,720.0
0.0,3087.0,1716.0,2109.0,3055.0,4010.0,4010.0,1478.0,631.0,1127.0,589.0
0.0,4426.0,1438.0,2090.0,5345.0,27.0,27.0,1462.0,628.0,929.0,509.0
0.0,8333.0,1835.0,2071.0,4010.0,0.0,0.0,1447.0,624.0,1277.0,558.0
0.0,10508.0,2518.0,2073.0,27.0,275.0,275.0,1449.0,624.0,1836.0,682.0
0.0,8017.0,2787.0,2093.0,0.0,3142.0,3142.0,1466.0,627.0,2033.0,754.0
0.0,5230.0,2369.0,2112.0,275.0,5312.0,5312.0,1481.0,631.0,1668.0,701.0
0.0,3136.0,1672.0,2112.0,3142.0,3842.0,3842.0,1480.0,632.0,1097.0,575.0
0.0,4606.0,1393.0,2093.0,5312.0,0.0,0.0,1464.0,629.0,887.0,506.0
0.0,8525.0,1825.0,2075.0,3842.0,0.0,0.0,1449.0,626.0,1263.0,562.0
0.0,10542.0,2538.0,2076.0,0.0,300.0,300.0,1451.0,625.0,1849.0,689.0
0.0,8004.0,2829.0,2096.0,0.0,3209.0,3209.0,1468.0,628.0,2071.0,758.0
0.0,5175.0,2422.0,2116.0,300.0,5411.0,5411.0,1484.0,632.0,1718.0,704.0
0.0,3053.0,1728.0,2116.0,3209.0,3930.0,3930.0,1483.0,633.0,1136.0,592.0
0.0,4534.0,1428.0,2098.0,5411.0,0.0,0.0,1467.0,631.0,900.0,528.0
0.0,8517.0,1829.0,2080.0,3930.0,0.0,0.0,1453.0,627.0,1253.0,576.0
0.0,10618.0,2518.0,2081.0,0.0,224.0,224.0,1454.0,627.0,1832.0,686.0
0.0,8100.0,2814.0,2101.0,0.0,3118.0,3118.0,1471.0,630.0,2063.0,751.0
0.0,5286.0,2403.0,2121.0,224.0,5377.0,5377.0,1487.0,634.0,1708.0,695.0
0.0,3107.0,1703.0,2121.0,3118.0,3962.0,3962.0,1486.0,635.0,1128.0,575.0
0.0,4522.0,1398.0,2101.0,5377.0,0.0,0.0,1469.0,632.0,887.0,511.0
0.0,8501.0,1798.0,2084.0,3962.0,0.0,0.0,1455.0,629.0,1225.0,573.0
0.0,10665.0,2508.0,2085.0,0.0,183.0,183.0,1457.0,628.0,1818.0,690.0
0.0,8157.0,2825.0,2106.0,0.0,3092.0,3092.0,1475.0,631.0,2078.0,747.0
0.0,5332.0,2449.0,2125.0,183.0,5434.0,5434.0,1490.0,635.0,1753.0,696.0
0.0,3066.0,1766.0,2125.0,3092.0,4108.0,4108.0,1489.0,636.0,1177.0,589.0
0.0,4392.0,1453.0,2105.0,5434.0,47.0,47.0,1472.0,633.0,920.0,533.0
0.0,8373.0,1821.0,2088.0,4108.0,0.0,0.0,1458.0,630.0,1232.0,589.0
0.0,10660.0,2495.0,2090.0,47.0,148.0,148.0,1460.0,630.0,1795.0,700.0
0.0,8212.0,2801.0,2111.0,0.0,3033.0,3033.0,1478.0,633.0,2051.0,750.0
0.0,5411.0,2433.0,2129.0,148.0,5390.0,5390.0,1493.0,636.0,1747.0,686.0
0.0,3126.0,1760.0,2128.0,3033.0,4113.0,4113.0,1491.0,637.0,1180.0,580.0
0.0,4399.0,1450.0,2109.0,5390.0,97.0,97.0,1475.0,634.0,921.0,529.0
0.0,8339.0,1801.0,2092.0,4113.0,0.0,0.0,1461.0,631.0,1217.0,584.0
0.0,10651.0,2450.0,2094.0,97.0,78.0,78.0,1463.0,631.0,1763.0,687.0
0.0,8298.0,2779.0,2114.0,0.0,2937.0,2937.0,1480.0,634.0,2041.0,738.0
0.0,5519.0,2456.0,2132.0,78.0,5387.0,5387.0,1495.0,637.0,1766.0,690.0
0.0,3141.0,1815.0,2132.0,2937.0,4265.0,4265.0,1494.0,638.0,1225.0,590.0
0.0,4263.0,1504.0,2114.0,5387.0,310.0,310.0,1479.0,635.0,962.0,542.0
0.0,8146.0,1834.0,2096.0,4265.0,0.0,0.0,1464.0,632.0,1239.0,595.0
0.0,10577.0,2471.0,2098.0,310.0,0.0,0.0,1466.0,632.0,1777.0,694.0
0.0,8416.0,2769.0,2118.0,0.0,2825.0,2825.0,1483.0,635.0,2031.0,738.0
0.0,5647.0,2424.0,2136.0,0.0,5321.0,5321.0,1498.0,638.0,1738.0,686.0
0.0,3223.0,1796.0,2136.0,2825.0,4292.0,4292.0,1497.0,639.0,1205.0,591.0
0.0,4252.0,1508.0,2118.0,5321.0,407.0,407.0,1481.0,637.0,963.0,545.0
0.0,8065.0,1847.0,2100.0,4292.0,0.0,0.0,1467.0,633.0,1253.0,594.0
0.0,10510.0,2473.0,2103.0,407.0,0.0,0.0,1470.0,633.0,1780.0,693.0
0.0,8444.0,2749.0,2123.0,0.0,2797.0,2797.0,1487.0,636.0,2016.0,733.0
0.0,5695.0,2406.0,2142.0,0.0,5279.0,5279.0,1502.0,640.0,1730.0,676.0
0.0,3289.0,1792.0,2140.0,2797.0,4266.0,4266.0,1500.0,640.0,1208.0,584.0
0.0,4294.0,1527.0,2122.0,5279.0,442.0,442.0,1484.0,638.0,979.0,548.0
0.0,8046.0,1894.0,2104.0,4266.0,0.0,0.0,1469.0,635.0,1286.0,608.0
0.0,10418.0,2518.0,2106.0,442.0,82.0,82.0,1472.0,634.0,1811.0,707.0
0.0,8342.0,2771.0,2126.0,0.0,2933.0,2933.0,1489.0,637.0,2027.0,744.0
0.0,5571.0,2395.0,2146.0,82.0,5326.0,5326.0,1505.0,641.0,1715.0,680.0
0.0,3258.0,1761.0,2144.0,2933.0,4146.0,4146.0,1503.0,641.0,1182.0,579.0
0.0,4430.0,1500.0,2124.0,5326.0,240.0,240.0,1486.0,638.0,964.0,536.0
0.0,8256.0,1873.0,2106.0,4146.0,0.0,0.0,1471.0,635.0,1274.0,599.0
0.0,10529.0,2514.0,2109.0,240.0,181.0,181.0,1474.0,635.0,1805.0,709.0
0.0,8255.0,2783.0,2131.0,0.0,3052.0,3052.0,1492.0,639.0,2028.0,755.0
0.0,5472.0,2419.0,2150.0,181.0,5366.0,5366.0,1508.0,642.0,1731.0,688.0
0.0,3234.0,1775.0,2150.0,3052.0,4089.0,4089.0,1507.0,643.0,1201.0,574.0
0.0,4511.0,1500.0,2130.0,5366.0,143.0,143.0,1490.0,640.0,966.0,534.0
0.0,8377.0,1886.0,2112.0,4089.0,0.0,0.0,1475.0,637.0,1282.0,604.0
0.0,10580.0,2543.0,2114.0,143.0,276.0,276.0,1477.0,637.0,1831.0,712.0
0.0,8180.0,2816.0,2135.0,0.0,3176.0,3176.0,1495.0,640.0,2060.0,756.0
0.0,5364.0,2430.0,2154.0,276.0,5406.0,5406.0,1511.0,643.0,1743.0,687.0
0.0,3210.0,1761.0,2153.0,3176.0,3987.0,3987.0,1510.0,643.0,1188.0,573.0
0.0,4625.0,1475.0,2133.0,5406.0,0.0,0.0,1493.0,640.0,946.0,529.0
0.0,8556.0,1861.0,2114.0,3987.0,0.0,0.0,1477.0,637.0,1262.0,599.0
0.0,10682.0,2543.0,2116.0,0.0,325.0,325.0,1479.0,637.0,1825.0,718.0
0.0,8139.0,2828.0,2138.0,0.0,3241.0,3241.0,1497.0,641.0,2065.0,763.0
0.0,5311.0,2429.0,2158.0,325.0,5425.0,5425.0,1514.0,644.0,1740.0,689.0
0.0,3207.0,1730.0,2157.0,3241.0,3910.0,3910.0,1513.0,644.0,1160.0,570.0
0.0,4718.0,1456.0,2136.0,5425.0,0.0,0.0,1495.0,641.0,926.0,530.0
0.0,8687.0,1879.0,2119.0,3910.0,0.0,0.0,1480.0,639.0,1270.0,609.0
0.0,10718.0,2589.0,2121.0,0.0,355.0,355.0,1482.0,639.0,1860.0,729.0
0.0,8129.0,2858.0,2143.0,0.0,3301.0,3301.0,1500.0,643.0,2094.0,764.0
0.0,5271.0,2438.0,2162.0,355.0,5460.0,5460.0,1516.0,646.0,1748.0,690.0
0.0,3188.0,1734.0,2159.0,3301.0,3881.0,3881.0,1514.0,645.0,1160.0,574.0
0.0,4755.0,1462.0,2140.0,5460.0,0.0,0.0,1498.0,642.0,929.0,533.0
0.0,8753.0,1882.0,2123.0,3881.0,0.0,0.0,1483.0,640.0,1273.0,609.0
0.0,10752.0,2589.0,2125.0,0.0,337.0,337.0,1485.0,640.0,1862.0,727.0
0.0,8163.0,2864.0,2146.0,0.0,3285.0,3285.0,1502.0,644.0,2101.0,763.0
0.0,5299.0,2429.0,2165.0,337.0,5453.0,5453.0,1518.0,647.0,1744.0,685.0
0.0,3207.0,1709.0,2163.0,3285.0,3869.0,3869.0,1517.0,646.0,1143.0,566.0
0.0,4783.0,1437.0,2143.0,5453.0,0.0,0.0,1500.0,643.0,908.0,529.0
0.0,8799.0,1885.0,2127.0,3869.0,0.0,0.0,1486.0,641.0,1273.0,612.0
0.0,10783.0,2614.0,2130.0,0.0,351.0,351.0,1488.0,642.0,1877.0,737.0
0.0,8169.0,2899.0,2150.0,0.0,3330.0,3330.0,1505.0,645.0,2126.0,773.0
0.0,5270.0,2462.0,2169.0,351.0,5517.0,5517.0,1521.0,648.0,1777.0,685.0
0.0,3159.0,1744.0,2168.0,3330.0,3927.0,3927.0,1520.0,648.0,1178.0,566.0
0.0,4745.0,1459.0,2147.0,5517.0,0.0,0.0,1503.0,644.0,927.0,532.0
0.0,8803.0,1887.0,2131.0,3927.0,0.0,0.0,1489.0,642.0,1263.0,624.0
0.0,10843.0,2598.0,2134.0,0.0,291.0,291.0,1491.0,643.0,1857.0,741.0
0.0,8245.0,2865.0,2155.0,0.0,3240.0,3240.0,1508.0,647.0,2100.0,765.0
0.0,5380.0,2434.0,2172.0,291.0,5451.0,5451.0,1523.0,649.0,1763.0,671.0
0.0,3237.0,1729.0,2170.0,3240.0,3932.0,3932.0,1522.0,648.0,1171.0,558.0
0.0,4748.0,1458.0,2150.0,5451.0,0.0,0.0,1505.0,645.0,925.0,533.0
0.0,8741.0,1894.0,2134.0,3932.0,0.0,0.0,1491.0,643.0,1265.0,629.0
0.0,10779.0,2599.0,2138.0,0.0,372.0,372.0,1493.0,645.0,1850.0,749.0
0.0,8180.0,2888.0,2159.0,0.0,3344.0,3344.0,1511.0,648.0,2115.0,773.0
0.0,5292.0,2476.0,2177.0,372.0,5520.0,5520.0,1526.0,651.0,1792.0,684.0
0.0,3188.0,1775.0,2175.0,3344.0,3943.0,3943.0,1525.0,650.0,1210.0,565.0
0.0,4757.0,1496.0,2155.0,5520.0,0.0,0.0,1508.0,647.0,953.0,543.0
0.0,8781.0,1901.0,2139.0,3943.0,0.0,0.0,1494.0,645.0,1268.0,633.0
0.0,10823.0,2580.0,2142.0,0.0,325.0,325.0,1496.0,646.0,1839.0,741.0
0.0,8243.0,2865.0,2164.0,0.0,3278.0,3278.0,1514.0,650.0,2100.0,765.0
0.0,5378.0,2456.0,2182.0,325.0,5481.0,5481.0,1530.0,652.0,1781.0,675.0
0.0,3247.0,1768.0,2180.0,3278.0,3963.0,3963.0,1528.0,652.0,1209.0,559.0
0.0,4757.0,1484.0,2160.0,5481.0,0.0,0.0,1512.0,648.0,950.0,534.0
0.0,8754.0,1875.0,2143.0,3963.0,0.0,0.0,1497.0,646.0,1250.0,625.0
0.0,10842.0,2561.0,2146.0,0.0,303.0,303.0,1499.0,647.0,1819.0,742.0
0.0,8281.0,2862.0,2167.0,0.0,3249.0,3249.0,1516.0,651.0,2087.0,775.0
0.0,5419.0,2483.0,2186.0,303.0,5505.0,5505.0,1532.0,654.0,1795.0,688.0
0.0,3239.0,1806.0,2184.0,3249.0,4054.0,4054.0,1531.0,653.0,1239.0,567.0
0.0,4682.0,1516.0,2163.0,5505.0,0.0,0.0,1514.0,649.0,979.0,537.0
0.0,8671.0,1908.0,2146.0,4054.0,0.0,0.0,1499.0,647.0,1277.0,631.0
0.0,10817.0,2580.0,2149.0,0.0,359.0,359.0,1501.0,648.0,1829.0,751.0
0.0,8237.0,2858.0,2170.0,0.0,3301.0,3301.0,1518.0,652.0,2082.0,776.0
0.0,5379.0,2463.0,2189.0,359.0,5481.0,5481.0,1534.0,655.0,1782.0,681.0
0.0,3275.0,1797.0,2188.0,3301.0,3973.0,3973.0,1534.0,654.0,1234.0,563.0
0.0,4779.0,1519.0,2169.0,5481.0,0.0,0.0,1518.0,651.0,987.0,532.0
0.0,8741.0,1903.0,2151.0,3973.0,0.0,0.0,1503.0,648.0,1284.0,619.0
0.0,10811.0,2560.0,2153.0,0.0,361.0,361.0,1504.0,649.0,1821.0,739.0
0.0,8251.0,2834.0,2174.0,0.0,3279.0,3279.0,1521.0,653.0,2062.0,772.0
0.0,5417.0,2447.0,2193.0,361.0,5441.0,5441.0,1537.0,656.0,1761.0,686.0
0.0,3331.0,1803.0,2192.0,3279.0,3961.0,3961.0,1537.0,655.0,1230.0,573.0
0.0,4807.0,1564.0,2172.0,5441.0,4.0,4.0,1520.0,652.0,1011.0,553.0
0.0,8684.0,1979.0,2156.0,3961.0,0.0,0.0,1506.0,650.0,1335.0,644.0
0.0,10666.0,2632.0,2159.0,4.0,598.0,598.0,1508.0,651.0,1879.0,753.0
0.0,8038.0,2845.0,2181.0,0.0,3531.0,3531.0,1526.0,655.0,2071.0,774.0
0.0,5193.0,2402.0,2198.0,598.0,5403.0,5403.0,1541.0,657.0,1721.0,681.0
0.0,3389.0,1758.0,2197.0,3531.0,3626.0,3626.0,1540.0,657.0,1193.0,565.0
0.0,5162.0,1561.0,2176.0,5403.0,0.0,0.0,1523.0,653.0,1019.0,542.0
0.0,9004.0,1990.0,2160.0,3626.0,0.0,0.0,1509.0,651.0,1358.0,632.0
0.0,10640.0,2616.0,2163.0,0.0,628.0,628.0,1511.0,652.0,1872.0,744.0
0.0,8024.0,2810.0,2185.0,0.0,3526.0,3526.0,1529.0,656.0,2043.0,767.0
0.0,5214.0,2379.0,2202.0,628.0,5345.0,5345.0,1544.0,658.0,1702.0,677.0
0.0,3463.0,1750.0,2200.0,3526.0,3561.0,3561.0,1542.0,658.0,1183.0,567.0
0.0,5239.0,1584.0,2180.0,5345.0,0.0,0.0,1526.0,654.0,1029.0,555.0
0.0,9000.0,2043.0,2164.0,3561.0,0.0,0.0,1512.0,652.0,1393.0,650.0
0.0,10518.0,2685.0,2168.0,0.0,839.0,839.0,1515.0,653.0,1921.0,764.0
0.0,7833.0,2866.0,2189.0,0.0,3789.0,3789.0,1532.0,657.0,2084.0,782.0
0.0,4967.0,2392.0,2207.0,839.0,5414.0,5414.0,1547.0,660.0,1711.0,681.0
0.0,3414.0,1727.0,2204.0,3789.0,3340.0,3340.0,1545.0,659.0,1163.0,564.0
0.0,5476.0,1550.0,2184.0,5414.0,0.0,0.0,1529.0,655.0,1001.0,549.0
0.0,9340.0,2019.0,2168.0,3340.0,0.0,0.0,1515.0,653.0,1376.0,643.0
0.0,10661.0,2676.0,2173.0,0.0,707.0,707.0,1518.0,655.0,1924.0,752.0
0.0,7985.0,2856.0,2195.0,0.0,3651.0,3651.0,1536.0,659.0,2092.0,764.0
0.0,5129.0,2360.0,2211.0,707.0,5368.0,5368.0,1550.0,661.0,1695.0,665.0
0.0,3476.0,1689.0,2208.0,3651.0,3394.0,3394.0,1548.0,660.0,1134.0,555.0
0.0,5438.0,1523.0,2187.0,5368.0,0.0,0.0,1531.0,656.0,975.0,548.0
0.0,9283.0,2042.0,2171.0,3394.0,0.0,0.0,1517.0,654.0,1386.0,656.0
0.0,10635.0,2729.0,2175.0,0.0,794.0,794.0,1520.0,655.0,1959.0,770.0
0.0,7906.0,2916.0,2197.0,0.0,3798.0,3798.0,1538.0,659.0,2136.0,780.0
0.0,4990.0,2409.0,2215.0,794.0,5485.0,5485.0,1553.0,662.0,1732.0,677.0
0.0,3375.0,1714.0,2212.0,3798.0,3389.0,3389.0,1551.0,661.0,1148.0,566.0
0.0,5459.0,1520.0,2191.0,5485.0,0.0,0.0,1534.0,657.0,959.0,561.0
0.0,9424.0,2017.0,2175.0,3389.0,0.0,0.0,1520.0,655.0,1358.0,659.0
0.0,10796.0,2712.0,2180.0,0.0,636.0,636.0,1523.0,657.0,1947.0,765.0
0.0,8084.0,2906.0,2202.0,0.0,3630.0,3630.0,1541.0,661.0,2140.0,766.0
0.0,5178.0,2396.0,2219.0,636.0,5458.0,5458.0,1556.0,663.0,1738.0,658.0
0.0,3418.0,1697.0,2216.0,3630.0,3513.0,3513.0,1554.0,662.0,1141.0,556.0
0.0,5351.0,1495.0,2195.0,5458.0,0.0,0.0,1537.0,658.0,936.0,559.0
0.0,9314.0,1996.0,2178.0,3513.0,0.0,0.0,1522.0,656.0,1331.0,665.0
0.0,10831.0,2728.0,2183.0,0.0,629.0,629.0,1525.0,658.0,1954.0,774.0
0.0,8103.0,2949.0,2205.0,0.0,3666.0,3666.0,1543.0,662.0,2177.0,772.0
0.0,5154.0,2459.0,2223.0,629.0,5568.0,5568.0,1559.0,664.0,1789.0,670.0
0.0,3324.0,1731.0,2220.0,3666.0,3621.0,3621.0,1557.0,663.0,1167.0,564.0
0.0,5259.0,1508.0,2199.0,5568.0,0.0,0.0,1540.0,659.0,946.0,562.0
0.0,9319.0,2010.0,2183.0,3621.0,0.0,0.0,1526.0,657.0,1341.0,669.0
0.0,10930.0,2716.0,2188.0,0.0,538.0,538.0,1529.0,659.0,1943.0,773.0
0.0,8214.0,2928.0,2209.0,0.0,3550.0,3550.0,1546.0,663.0,2156.0,772.0
0.0,5286.0,2441.0,2228.0,538.0,5529.0,5529.0,1562.0,666.0,1775.0,666.0
0.0,3383.0,1725.0,2224.0,3550.0,3688.0,3688.0,1559.0,665.0,1166.0,559.0
0.0,5208.0,1483.0,2203.0,5529.0,0.0,0.0,1542.0,661.0,927.0,556.0
0.0,9254.0,1973.0,2187.0,3688.0,0.0,0.0,1528.0,659.0,1310.0,663.0
0.0,10969.0,2722.0,2192.0,0.0,521.0,521.0,1531.0,661.0,1945.0,777.0
0.0,8247.0,2964.0,2215.0,0.0,3577.0,3577.0,1550.0,665.0,2185.0,779.0
0.0,5283.0,2482.0,2232.0,521.0,5606.0,5606.0,1565.0,667.0,1815.0,667.0
0.0,3322.0,1759.0,2227.0,3577.0,3768.0,3768.0,1562.0,665.0,1200.0,559.0
0.0,5140.0,1523.0,2207.0,5606.0,0.0,0.0,1545.0,662.0,953.0,570.0
0.0,9223.0,2001.0,2190.0,3768.0,0.0,0.0,1530.0,660.0,1319.0,682.0
0.0,10990.0,2710.0,2196.0,0.0,504.0,504.0,1534.0,662.0,1929.0,781.0
0.0,8280.0,2942.0,2219.0,0.0,3538.0,3538.0,1553.0,666.0,2173.0,769.0
0.0,5338.0,2454.0,2236.0,504.0,5556.0,5556.0,1568.0,668.0,1796.0,658.0
0.0,3388.0,1750.0,2232.0,3538.0,3752.0,3752.0,1565.0,667.0,1188.0,562.0
0.0,5176.0,1514.0,2210.0,5556.0,0.0,0.0,1547.0,663.0,941.0,573.0
0.0,9218.0,1984.0,2195.0,3752.0,0.0,0.0,1533.0,662.0,1307.0,677.0
0.0,10986.0,2703.0,2201.0,0.0,521.0,521.0,1537.0,664.0,1930.0,773.0
0.0,8283.0,2945.0,2223.0,0.0,3554.0,3554.0,1556.0,667.0,2177.0,768.0
0.0,5338.0,2475.0,2241.0,521.0,5580.0,5580.0,1571.0,670.0,1810.0,665.0
0.0,3384.0,1774.0,2236.0,3554.0,3780.0,3780.0,1568.0,668.0,1208.0,566.0
0.0,5164.0,1533.0,2213.0,5580.0,0.0,0.0,1549.0,664.0,962.0,571.0
0.0,9211.0,1999.0,2196.0,3780.0,0.0,0.0,1534.0,662.0,1322.0,677.0
0.0,10992.0,2701.0,2203.0,0.0,521.0,521.0,1539.0,664.0,1922.0,779.0
0.0,8291.0,2939.0,2226.0,0.0,3552.0,3552.0,1558.0,668.0,2170.0,769.0
0.0,5352.0,2477.0,2243.0,521.0,5576.0,5576.0,1573.0,670.0,1809.0,668.0
0.0,3396.0,1772.0,2239.0,3552.0,3780.0,3780.0,1570.0,669.0,1204.0,568.0
0.0,5176.0,1527.0,2216.0,5576.0,0.0,0.0,1551.0,665.0,953.0,574.0
0.0,9225.0,1984.0,2200.0,3780.0,0.0,0.0,1536.0,664.0,1310.0,674.0
0.0,11021.0,2691.0,2207.0,0.0,498.0,498.0,1541.0,666.0,1920.0,771.0
0.0,8330.0,2948.0,2231.0,0.0,3542.0,3542.0,1561.0,670.0,2177.0,771.0
0.0,5382.0,2487.0,2249.0,498.0,5603.0,5603.0,1577.0,672.0,1815.0,672.0
0.0,3393.0,1793.0,2245.0,3542.0,3838.0,3838.0,1574.0,671.0,1214.0,579.0
0.0,5142.0,1561.0,2222.0,5603.0,0.0,0.0,1555.0,667.0,979.0,582.0
0.0,9184.0,2037.0,2205.0,3838.0,0.0,0.0,1540.0,665.0,1359.0,678.0
0.0,10985.0,2720.0,2211.0,0.0,579.0,579.0,1544.0,667.0,1952.0,768.0
0.0,8265.0,2927.0,2235.0,0.0,3602.0,3602.0,1564.0,671.0,2166.0,761.0
0.0,5338.0,2447.0,2252.0,579.0,5538.0,5538.0,1579.0,673.0,1779.0,668.0
0.0,3470.0,1758.0,2247.0,3602.0,3674.0,3674.0,1576.0,671.0,1179.0,579.0
0.0,5314.0,1571.0,2225.0,5538.0,0.0,0.0,1557.0,668.0,982.0,589.0
0.0,9281.0,2062.0,2209.0,3674.0,0.0,0.0,1543.0,666.0,1380.0,682.0
0.0,10893.0,2720.0,2215.0,0.0,687.0,687.0,1547.0,668.0,1956.0,764.0
0.0,8173.0,2879.0,2238.0,0.0,3658.0,3658.0,1566.0,672.0,2131.0,748.0
0.0,5294.0,2398.0,2256.0,687.0,5441.0,5441.0,1582.0,674.0,1742.0,656.0
0.0,3583.0,1759.0,2251.0,3658.0,3522.0,3522.0,1579.0,672.0,1175.0,584.0
0.0,5482.0,1618.0,2229.0,5441.0,0.0,0.0,1560.0,669.0,1014.0,604.0
0.0,9305.0,2116.0,2214.0,3522.0,0.0,0.0,1546.0,668.0,1420.0,696.0
0.0,10711.0,2771.0,2219.0,0.0,936.0,936.0,1550.0,669.0,2001.0,770.0
0.0,7940.0,2922.0,2242.0,0.0,3950.0,3950.0,1569.0,673.0,2172.0,750.0
0.0,5018.0,2408.0,2260.0,936.0,5494.0,5494.0,1585.0,675.0,1746.0,662.0
0.0,3546.0,1747.0,2254.0,3950.0,3267.0,3267.0,1581.0,673.0,1158.0,589.0
0.0,5749.0,1594.0,2233.0,5494.0,0.0,0.0,1563.0,670.0,990.0,604.0
0.0,9649.0,2094.0,2217.0,3267.0,0.0,0.0,1548.0,669.0,1404.0,690.0
0.0,10822.0,2755.0,2223.0,0.0,825.0,825.0,1553.0,670.0,1992.0,763.0
0.0,8067.0,2905.0,2246.0,0.0,3822.0,3822.0,1572.0,674.0,2161.0,744.0
0.0,5162.0,2389.0,2263.0,825.0,5454.0,5454.0,1587.0,676.0,1730.0,659.0
0.0,3598.0,1732.0,2259.0,3822.0,3348.0,3348.0,1584.0,675.0,1140.0,592.0
0.0,5688.0,1597.0,2236.0,5454.0,0.0,0.0,1565.0,671.0,988.0,609.0
0.0,9545.0,2119.0,2221.0,3348.0,0.0,0.0,1551.0,670.0,1422.0,697.0
0.0,10774.0,2797.0,2227.0,0.0,931.0,931.0,1555.0,672.0,2023.0,774.0
0.0,7977.0,2939.0,2250.0,0.0,3962.0,3962.0,1574.0,676.0,2182.0,757.0
0.0,5038.0,2404.0,2266.0,931.0,5499.0,5499.0,1589.0,677.0,1742.0,662.0
0.0,3565.0,1735.0,2262.0,3962.0,3256.0,3256.0,1586.0,676.0,1150.0,585.0
0.0,5792.0,1591.0,2240.0,5499.0,0.0,0.0,1568.0,672.0,988.0,603.0
0.0,9700.0,2117.0,2224.0,3256.0,0.0,0.0,1553.0,671.0,1421.0,696.0
0.0,10839.0,2796.0,2230.0,0.0,877.0,877.0,1557.0,673.0,2020.0,776.0
0.0,8043.0,2932.0,2253.0,0.0,3901.0,3901.0,1576.0,677.0,2181.0,751.0
0.0,5111.0,2405.0,2270.0,877.0,5497.0,5497.0,1592.0,678.0,1754.0,651.0
0.0,3583.0,1726.0,2265.0,3901.0,3302.0,3302.0,1589.0,676.0,1147.0,579.0
0.0,5758.0,1572.0,2243.0,5497.0,0.0,0.0,1570.0,673.0,964.0,608.0
0.0,9683.0,2096.0,2227.0,3302.0,0.0,0.0,1555.0,672.0,1390.0,706.0
0.0,10889.0,2796.0,2233.0,0.0,839.0,839.0,1559.0,674.0,2014.0,782.0
0.0,8093.0,2979.0,2257.0,0.0,3914.0,3914.0,1579.0,678.0,2219.0,760.0
0.0,5114.0,2474.0,2275.0,839.0,5621.0,5621.0,1595.0,680.0,1810.0,664.0
0.0,3479.0,1775.0,2270.0,3914.0,3462.0,3462.0,1592.0,678.0,1187.0,588.0
0.0,5618.0,1595.0,2249.0,5621.0,0.0,0.0,1574.0,675.0,980.0,615.0
0.0,9644.0,2096.0,2233.0,3462.0,0.0,0.0,1559.0,674.0,1388.0,708.0
0.0,11010.0,2765.0,2239.0,0.0,711.0,711.0,1563.0,676.0,1995.0,770.0
0.0,8245.0,2931.0,2261.0,0.0,3730.0,3730.0,1582.0,679.0,2193.0,738.0
0.0,5314.0,2439.0,2278.0,711.0,5526.0,5526.0,1598.0,680.0,1793.0,646.0
0.0,3586.0,1779.0,2275.0,3730.0,3563.0,3563.0,1596.0,679.0,1194.0,585.0
0.0,5537.0,1606.0,2254.0,5526.0,0.0,0.0,1578.0,676.0,985.0,621.0
0.0,9457.0,2076.0,2237.0,3563.0,0.0,0.0,1562.0,675.0,1362.0,714.0
0.0,10944.0,2739.0,2241.0,0.0,759.0,759.0,1565.0,676.0,1967.0,772.0
0.0,8205.0,2935.0,2264.0,0.0,3786.0,3786.0,1584.0,680.0,2198.0,737.0
0.0,5270.0,2483.0,2281.0,759.0,5578.0,5578.0,1600.0,681.0,1833.0,650.0
0.0,3546.0,1842.0,2277.0,3786.0,3618.0,3618.0,1598.0,679.0,1240.0,602.0
0.0,5490.0,1661.0,2257.0,5578.0,0.0,0.0,1580.0,677.0,1019.0,642.0
0.0,9407.0,2095.0,2241.0,3618.0,0.0,0.0,1565.0,676.0,1370.0,725.0
0.0,10930.0,2725.0,2246.0,0.0,779.0,779.0,1568.0,678.0,1955.0,770.0
0.0,8205.0,2905.0,2268.0,0.0,3772.0,3772.0,1587.0,681.0,2173.0,732.0
0.0,5300.0,2459.0,2285.0,779.0,5520.0,5520.0,1603.0,682.0,1813.0,646.0
0.0,3620.0,1831.0,2282.0,3772.0,3567.0,3567.0,1601.0,681.0,1240.0,591.0
0.0,5561.0,1651.0,2261.0,5520.0,0.0,0.0,1583.0,678.0,1024.0,627.0
0.0,9430.0,2088.0,2245.0,3567.0,0.0,0.0,1568.0,677.0,1374.0,714.0
0.0,10909.0,2707.0,2251.0,0.0,802.0,802.0,1572.0,679.0,1941.0,766.0
0.0,8202.0,2889.0,2273.0,0.0,3779.0,3779.0,1591.0,682.0,2156.0,733.0
0.0,5313.0,2477.0,2289.0,802.0,5518.0,5518.0,1606.0,683.0,1818.0,659.0
0.0,3638.0,1883.0,2285.0,3779.0,3606.0,3606.0,1603.0,682.0,1270.0,613.0
0.0,5534.0,1709.0,2264.0,5518.0,0.0,0.0,1585.0,679.0,1062.0,647.0
0.0,9343.0,2128.0,2250.0,3606.0,0.0,0.0,1571.0,679.0,1406.0,722.0
0.0,10821.0,2724.0,2256.0,0.0,927.0,927.0,1575.0,681.0,1955.0,769.0
0.0,8097.0,2888.0,2278.0,0.0,3903.0,3903.0,1594.0,684.0,2149.0,739.0
0.0,5209.0,2447.0,2294.0,927.0,5487.0,5487.0,1609.0,685.0,1790.0,657.0
0.0,3689.0,1849.0,2289.0,3903.0,3413.0,3413.0,1606.0,683.0,1243.0,606.0
0.0,5743.0,1677.0,2269.0,5487.0,0.0,0.0,1588.0,681.0,1047.0,630.0
0.0,9553.0,2102.0,2253.0,3413.0,0.0,0.0,1573.0,680.0,1394.0,708.0
0.0,10864.0,2702.0,2259.0,0.0,874.0,874.0,1577.0,682.0,1941.0,761.0
0.0,8162.0,2870.0,2281.0,0.0,3832.0,3832.0,1596.0,685.0,2133.0,737.0
0.0,5292.0,2453.0,2298.0,874.0,5479.0,5479.0,1612.0,686.0,1792.0,661.0
0.0,3713.0,1872.0,2293.0,3832.0,3499.0,3499.0,1609.0,684.0,1262.0,610.0
0.0,5673.0,1725.0,2272.0,5479.0,0.0,0.0,1591.0,681.0,1088.0,637.0
0.0,9427.0,2168.0,2258.0,3499.0,0.0,0.0,1577.0,681.0,1450.0,718.0
0.0,10758.0,2749.0,2264.0,0.0,1047.0,1047.0,1581.0,683.0,1974.0,775.0
0.0,8009.0,2889.0,2286.0,0.0,4024.0,4024.0,1600.0,686.0,2136.0,753.0
0.0,5120.0,2442.0,2302.0,1047.0,5483.0,5483.0,1615.0,687.0,1768.0,674.0
0.0,3725.0,1855.0,2297.0,4024.0,3294.0,3294.0,1611.0,686.0,1237.0,618.0
0.0,5894.0,1709.0,2276.0,5483.0,0.0,0.0,1593.0,683.0,1078.0,631.0
0.0,9668.0,2147.0,2261.0,3294.0,0.0,0.0,1579.0,682.0,1449.0,698.0
0.0,10815.0,2732.0,2268.0,0.0,989.0,989.0,1584.0,684.0,1979.0,753.0
0.0,8083.0,2862.0,2289.0,0.0,3935.0,3935.0,1602.0,687.0,2124.0,738.0
0.0,5221.0,2423.0,2305.0,989.0,5433.0,5433.0,1617.0,688.0,1750.0,673.0
0.0,3787.0,1853.0,2301.0,3935.0,3335.0,3335.0,1614.0,687.0,1228.0,625.0
0.0,5869.0,1739.0,2281.0,5433.0,0.0,0.0,1597.0,684.0,1098.0,641.0
0.0,9563.0,2200.0,2266.0,3335.0,0.0,0.0,1583.0,683.0,1489.0,711.0
0.0,10698.0,2787.0,2272.0,0.0,1177.0,1177.0,1587.0,685.0,2019.0,768.0
0.0,7911.0,2915.0,2293.0,0.0,4176.0,4176.0,1605.0,688.0,2157.0,758.0
0.0,4996.0,2445.0,2310.0,1177.0,5512.0,5512.0,1620.0,690.0,1759.0,686.0
0.0,3728.0,1838.0,2305.0,4176.0,3154.0,3154.0,1617.0,688.0,1217.0,621.0
0.0,6066.0,1716.0,2285.0,5512.0,0.0,0.0,1600.0,685.0,1082.0,634.0
0.0,9862.0,2186.0,2271.0,3154.0,0.0,0.0,1586.0,685.0,1480.0,706.0
0.0,10830.0,2785.0,2277.0,0.0,1063.0,1063.0,1590.0,687.0,2021.0,764.0
0.0,8045.0,2904.0,2299.0,0.0,4055.0,4055.0,1609.0,690.0,2153.0,751.0
0.0,5141.0,2416.0,2314.0,1063.0,5468.0,5468.0,1623.0,691.0,1741.0,675.0
0.0,3788.0,1817.0,2309.0,4055.0,3210.0,3210.0,1620.0,689.0,1201.0,616.0
0.0,6026.0,1699.0,2290.0,5468.0,0.0,0.0,1603.0,687.0,1067.0,632.0
0.0,9795.0,2181.0,2275.0,3210.0,0.0,0.0,1589.0,686.0,1478.0,703.0
0.0,10824.0,2806.0,2281.0,0.0,1106.0,1106.0,1593.0,688.0,2040.0,766.0
0.0,8018.0,2952.0,2302.0,0.0,4142.0,4142.0,1611.0,691.0,2195.0,757.0
0.0,5066.0,2477.0,2318.0,1106.0,5577.0,5577.0,1626.0,692.0,1793.0,684.0
0.0,3695.0,1863.0,2314.0,4142.0,3282.0,3282.0,1624.0,690.0,1234.0,629.0
0.0,5974.0,1716.0,2294.0,5577.0,0.0,0.0,1606.0,688.0,1069.0,647.0
0.0,9835.0,2173.0,2281.0,3282.0,0.0,0.0,1593.0,688.0,1460.0,713.0
0.0,10944.0,2773.0,2287.0,0.0,977.0,977.0,1597.0,690.0,2014.0,759.0
0.0,8171.0,2920.0,2308.0,0.0,3981.0,3981.0,1615.0,693.0,2174.0,746.0
0.0,5251.0,2453.0,2323.0,977.0,5517.0,5517.0,1629.0,694.0,1774.0,679.0
0.0,3775.0,1840.0,2318.0,3981.0,3356.0,3356.0,1626.0,692.0,1215.0,625.0
0.0,5916.0,1700.0,2299.0,5517.0,0.0,0.0,1609.0,690.0,1061.0,639.0
0.0,9733.0,2171.0,2285.0,3356.0,0.0,0.0,1596.0,689.0,1465.0,706.0
0.0,10918.0,2789.0,2291.0,0.0,1035.0,1035.0,1600.0,691.0,2027.0,762.0
0.0,8129.0,2948.0,2312.0,0.0,4067.0,4067.0,1618.0,694.0,2198.0,750.0
0.0,5181.0,2488.0,2326.0,1035.0,5576.0,5576.0,1632.0,694.0,1802.0,686.0
0.0,3728.0,1868.0,2322.0,4067.0,3361.0,3361.0,1629.0,693.0,1234.0,634.0
0.0,5927.0,1715.0,2301.0,5576.0,0.0,0.0,1611.0,690.0,1066.0,649.0
0.0,9788.0,2173.0,2288.0,3361.0,0.0,0.0,1598.0,690.0,1461.0,712.0
0.0,10976.0,2784.0,2295.0,0.0,988.0,988.0,1603.0,692.0,2020.0,764.0
0.0,8192.0,2935.0,2316.0,0.0,4007.0,4007.0,1621.0,695.0,2187.0,748.0
0.0,5257.0,2467.0,2331.0,988.0,5546.0,5546.0,1635.0,696.0,1787.0,680.0
0.0,3778.0,1848.0,2326.0,4007.0,3367.0,3367.0,1632.0,694.0,1222.0,626.0
0.0,5937.0,1706.0,2307.0,5546.0,0.0,0.0,1615.0,692.0,1061.0,645.0
0.0,9777.0,2172.0,2293.0,3367.0,0.0,0.0,1602.0,691.0,1459.0,713.0
0.0,10972.0,2785.0,2299.0,0.0,1009.0,1009.0,1606.0,693.0,2018.0,767.0
0.0,8187.0,2953.0,2320.0,0.0,4046.0,4046.0,1624.0,696.0,2204.0,749.0
0.0,5234.0,2500.0,2335.0,1009.0,5597.0,5597.0,1638.0,697.0,1824.0,676.0
0.0,3743.0,1897.0,2330.0,4046.0,3428.0,3428.0,1635.0,695.0,1270.0,627.0
0.0,5892.0,1731.0,2311.0,5597.0,0.0,0.0,1618.0,693.0,1079.0,652.0
0.0,9758.0,2173.0,2296.0,3428.0,0.0,0.0,1604.0,692.0,1445.0,728.0
0.0,11013.0,2770.0,2303.0,0.0,969.0,969.0,1609.0,694.0,1991.0,779.0
0.0,8243.0,2933.0,2324.0,0.0,3986.0,3986.0,1627.0,697.0,2183.0,750.0
0.0,5310.0,2485.0,2339.0,969.0,5562.0,5562.0,1641.0,698.0,1813.0,672.0
0.0,3794.0,1869.0,2333.0,3986.0,3421.0,3421.0,1637.0,696.0,1250.0,619.0
0.0,5911.0,1719.0,2314.0,5562.0,0.0,0.0,1620.0,694.0,1067.0,652.0
0.0,9754.0,2162.0,2300.0,3421.0,0.0,0.0,1606.0,694.0,1436.0,726.0
0.0,11013.0,2763.0,2307.0,0.0,978.0,978.0,1611.0,696.0,1991.0,772.0
0.0,8250.0,2926.0,2327.0,0.0,3984.0,3984.0,1629.0,698.0,2179.0,747.0
0.0,5324.0,2504.0,2342.0,978.0,5570.0,5570.0,1643.0,699.0,1822.0,682.0
0.0,3798.0,1930.0,2337.0,3984.0,3496.0,3496.0,1640.0,697.0,1292.0,638.0
0.0,5852.0,1768.0,2317.0,5570.0,0.0,0.0,1622.0,695.0,1108.0,660.0
0.0,9654.0,2193.0,2304.0,3496.0,0.0,0.0,1609.0,695.0,1465.0,728.0
0.0,10957.0,2773.0,2309.0,0.0,1052.0,1052.0,1613.0,696.0,2002.0,771.0
0.0,8184.0,2929.0,2331.0,0.0,4069.0,4069.0,1632.0,699.0,2183.0,746.0
0.0,5255.0,2496.0,2346.0,1052.0,5573.0,5573.0,1646.0,700.0,1822.0,674.0
0.0,3811.0,1919.0,2340.0,4069.0,3399.0,3399.0,1642.0,698.0,1284.0,635.0
0.0,5961.0,1766.0,2321.0,5573.0,0.0,0.0,1625.0,696.0,1104.0,662.0
0.0,9768.0,2190.0,2308.0,3399.0,0.0,0.0,1612.0,696.0,1462.0,728.0
0.0,10977.0,2757.0,2314.0,0.0,1036.0,1036.0,1616.0,698.0,1992.0,765.0
0.0,8220.0,2914.0,2335.0,0.0,4034.0,4034.0,1635.0,700.0,2168.0,746.0
0.0,5306.0,2493.0,2350.0,1036.0,5551.0,5551.0,1649.0,701.0,1812.0,681.0
0.0,3849.0,1918.0,2346.0,4034.0,3419.0,3419.0,1646.0,700.0,1282.0,636.0
0.0,5965.0,1783.0,2326.0,5551.0,0.0,0.0,1628.0,698.0,1121.0,662.0
0.0,9733.0,2216.0,2311.0,3419.0,0.0,0.0,1614.0,697.0,1484.0,732.0
0.0,10936.0,2803.0,2318.0,0.0,1139.0,1139.0,1619.0,699.0,2022.0,781.0
0.0,8133.0,2944.0,2339.0,0.0,4167.0,4167.0,1637.0,702.0,2189.0,755.0
0.0,5189.0,2497.0,2353.0,1139.0,5581.0,5581.0,1651.0,702.0,1818.0,679.0
0.0,3831.0,1917.0,2349.0,4167.0,3315.0,3315.0,1648.0,701.0,1287.0,630.0
0.0,6081.0,1765.0,2330.0,5581.0,0.0,0.0,1631.0,699.0,1112.0,653.0
0.0,9897.0,2197.0,2315.0,3315.0,0.0,0.0,1617.0,698.0,1472.0,725.0
0.0,11015.0,2776.0,2321.0,0.0,1045.0,1045.0,1621.0,700.0,1998.0,778.0
0.0,8239.0,2928.0,2343.0,0.0,4061.0,4061.0,1640.0,703.0,2171.0,757.0
0.0,5311.0,2498.0,2357.0,1045.0,5570.0,5570.0,1654.0,703.0,1817.0,681.0
0.0,3858.0,1925.0,2353.0,4061.0,3418.0,3418.0,1651.0,702.0,1294.0,631.0
0.0,5994.0,1781.0,2334.0,5570.0,0.0,0.0,1634.0,700.0,1123.0,658.0
0.0,9783.0,2221.0,2320.0,3418.0,0.0,0.0,1620.0,700.0,1489.0,732.0
0.0,10980.0,2798.0,2325.0,0.0,1118.0,1118.0,1624.0,701.0,2016.0,782.0
0.0,8182.0,2949.0,2347.0,0.0,4155.0,4155.0,1643.0,704.0,2189.0,760.0
0.0,5233.0,2502.0,2362.0,1118.0,5599.0,5599.0,1657.0,705.0,1814.0,688.0
0.0,3849.0,1920.0,2356.0,4155.0,3340.0,3340.0,1653.0,703.0,1281.0,639.0
0.0,6084.0,1772.0,2337.0,5599.0,0.0,0.0,1636.0,701.0,1111.0,661.0
0.0,9911.0,2212.0,2323.0,3340.0,0.0,0.0,1622.0,701.0,1484.0,728.0
0.0,11039.0,2788.0,2330.0,0.0,1069.0,1069.0,1627.0,703.0,2018.0,770.0
0.0,8251.0,2936.0,2351.0,0.0,4089.0,4089.0,1646.0,705.0,2190.0,746.0
0.0,5315.0,2491.0,2366.0,1069.0,5571.0,5571.0,1660.0,706.0,1805.0,686.0
0.0,3893.0,1906.0,2360.0,4089.0,3364.0,3364.0,1656.0,704.0,1259.0,647.0
0.0,6076.0,1773.0,2341.0,5571.0,0.0,0.0,1638.0,703.0,1103.0,670.0
0.0,9874.0,2235.0,2327.0,3364.0,0.0,0.0,1625.0,702.0,1501.0,734.0
0.0,11003.0,2837.0,2333.0,0.0,1166.0,1166.0,1629.0,704.0,2056.0,781.0
0.0,8166.0,2979.0,2355.0,0.0,4233.0,4233.0,1648.0,707.0,2220.0,759.0
0.0,5187.0,2520.0,2370.0,1166.0,5647.0,5647.0,1662.0,708.0,1832.0,688.0
0.0,3833.0,1917.0,2365.0,4233.0,3311.0,3311.0,1659.0,706.0,1272.0,645.0
0.0,6149.0,1768.0,2346.0,5647.0,0.0,0.0,1642.0,704.0,1097.0,671.0
0.0,10028.0,2219.0,2332.0,3311.0,0.0,0.0,1628.0,704.0,1483.0,736.0
0.0,11120.0,2826.0,2339.0,0.0,1062.0,1062.0,1633.0,706.0,2050.0,776.0
0.0,8294.0,2969.0,2359.0,0.0,4111.0,4111.0,1651.0,708.0,2225.0,744.0
0.0,5325.0,2509.0,2374.0,1062.0,5618.0,5618.0,1666.0,708.0,1835.0,674.0
0.0,3878.0,1894.0,2370.0,4111.0,3385.0,3385.0,1663.0,707.0,1252.0,642.0
0.0,6095.0,1756.0,2350.0,5618.0,0.0,0.0,1645.0,705.0,1077.0,679.0
0.0,9957.0,2225.0,2337.0,3385.0,0.0,0.0,1632.0,705.0,1478.0,747.0
0.0,11117.0,2847.0,2343.0,0.0,1102.0,1102.0,1636.0,707.0,2070.0,777.0
0.0,8270.0,3009.0,2364.0,0.0,4195.0,4195.0,1655.0,709.0,2262.0,747.0
0.0,5261.0,2559.0,2379.0,1102.0,5712.0,5712.0,1670.0,709.0,1869.0,690.0
0.0,3804.0,1929.0,2374.0,4195.0,3426.0,3426.0,1666.0,708.0,1273.0,656.0
0.0,6070.0,1748.0,2354.0,5712.0,0.0,0.0,1648.0,706.0,1068.0,680.0
0.0,10034.0,2195.0,2340.0,3426.0,0.0,0.0,1634.0,706.0,1456.0,739.0
0.0,11265.0,2825.0,2346.0,0.0,944.0,944.0,1638.0,708.0,2055.0,770.0
0.0,8440.0,2994.0,2367.0,0.0,4022.0,4022.0,1657.0,710.0,2257.0,737.0
0.0,5446.0,2536.0,2382.0,944.0,5674.0,5674.0,1672.0,710.0,1856.0,680.0
0.0,3854.0,1910.0,2377.0,4022.0,3542.0,3542.0,1668.0,709.0,1259.0,651.0
0.0,5966.0,1741.0,2357.0,5674.0,0.0,0.0,1650.0,707.0,1059.0,682.0
0.0,9899.0,2192.0,2343.0,3542.0,0.0,0.0,1636.0,707.0,1452.0,740.0
0.0,11249.0,2831.0,2350.0,0.0,982.0,982.0,1641.0,709.0,2059.0,772.0
0.0,8418.0,3020.0,2371.0,0.0,4086.0,4086.0,1660.0,711.0,2269.0,751.0
0.0,5398.0,2580.0,2386.0,982.0,5744.0,5744.0,1674.0,712.0,1886.0,694.0
0.0,3800.0,1950.0,2381.0,4086.0,3588.0,3588.0,1671.0,710.0,1291.0,659.0
0.0,5936.0,1773.0,2361.0,5744.0,0.0,0.0,1653.0,708.0,1089.0,684.0
0.0,9907.0,2211.0,2347.0,3588.0,0.0,0.0,1639.0,708.0,1466.0,745.0
0.0,11284.0,2826.0,2353.0,0.0,954.0,954.0,1643.0,710.0,2039.0,787.0
0.0,8458.0,2988.0,2374.0,0.0,4026.0,4026.0,1661.0,713.0,2232.0,756.0
0.0,5470.0,2560.0,2389.0,954.0,5692.0,5692.0,1676.0,713.0,1877.0,683.0
0.0,3864.0,1959.0,2385.0,4026.0,3609.0,3609.0,1673.0,712.0,1321.0,638.0
0.0,5931.0,1778.0,2366.0,5692.0,0.0,0.0,1656.0,710.0,1114.0,664.0
0.0,9845.0,2197.0,2351.0,3609.0,0.0,0.0,1642.0,709.0,1457.0,740.0
0.0,11257.0,2793.0,2357.0,0.0,964.0,964.0,1646.0,711.0,2005.0,788.0
0.0,8464.0,2969.0,2378.0,0.0,4017.0,4017.0,1664.0,714.0,2209.0,760.0
0.0,5495.0,2561.0,2392.0,964.0,5670.0,5670.0,1678.0,714.0,1872.0,689.0
0.0,3898.0,1996.0,2388.0,4017.0,3633.0,3633.0,1675.0,713.0,1347.0,649.0
0.0,5919.0,1850.0,2370.0,5670.0,0.0,0.0,1659.0,711.0,1161.0,689.0
0.0,9739.0,2256.0,2357.0,3633.0,0.0,0.0,1646.0,711.0,1495.0,761.0
0.0,11116.0,2812.0,2362.0,0.0,1144.0,1144.0,1649.0,713.0,2016.0,796.0
0.0,8304.0,2958.0,2382.0,0.0,4182.0,4182.0,1667.0,715.0,2199.0,759.0
0.0,5346.0,2546.0,2397.0,1144.0,5644.0,5644.0,1681.0,716.0,1858.0,688.0
0.0,3944.0,1970.0,2392.0,4182.0,3412.0,3412.0,1678.0,714.0,1323.0,647.0
0.0,6156.0,1810.0,2373.0,5644.0,0.0,0.0,1661.0,712.0,1139.0,671.0
0.0,9990.0,2226.0,2360.0,3412.0,0.0,0.0,1648.0,712.0,1489.0,737.0
0.0,11176.0,2805.0,2366.0,0.0,1093.0,1093.0,1652.0,714.0,2028.0,777.0
0.0,8371.0,2958.0,2386.0,0.0,4131.0,4131.0,1670.0,716.0,2205.0,753.0
0.0,5413.0,2548.0,2401.0,1093.0,5646.0,5646.0,1685.0,716.0,1855.0,693.0
0.0,3958.0,1969.0,2396.0,4131.0,3464.0,3464.0,1681.0,715.0,1315.0,654.0
0.0,6120.0,1842.0,2377.0,5646.0,0.0,0.0,1664.0,713.0,1160.0,682.0
0.0,9924.0,2277.0,2364.0,3464.0,0.0,0.0,1651.0,713.0,1525.0,752.0
0.0,11111.0,2841.0,2370.0,0.0,1210.0,1210.0,1655.0,715.0,2048.0,793.0
0.0,8270.0,2975.0,2390.0,0.0,4265.0,4265.0,1673.0,717.0,2209.0,766.0
0.0,5295.0,2549.0,2405.0,1210.0,5664.0,5664.0,1687.0,718.0,1844.0,705.0
0.0,3956.0,1975.0,2400.0,4265.0,3354.0,3354.0,1684.0,716.0,1314.0,661.0
0.0,6246.0,1830.0,2381.0,5664.0,0.0,0.0,1667.0,714.0,1154.0,676.0
0.0,10080.0,2252.0,2367.0,3354.0,0.0,0.0,1653.0,714.0,1519.0,733.0
0.0,11182.0,2816.0,2373.0,0.0,1126.0,1126.0,1657.0,716.0,2041.0,775.0
0.0,8366.0,2949.0,2393.0,0.0,4155.0,4155.0,1675.0,718.0,2189.0,760.0
0.0,5417.0,2523.0,2409.0,1126.0,5616.0,5616.0,1690.0,719.0,1824.0,699.0
0.0,4020.0,1955.0,2403.0,4155.0,3392.0,3392.0,1686.0,717.0,1301.0,654.0
0.0,6220.0,1829.0,2384.0,5616.0,0.0,0.0,1669.0,715.0,1156.0,673.0
0.0,10007.0,2279.0,2370.0,3392.0,0.0,0.0,1655.0,715.0,1542.0,737.0
0.0,11120.0,2868.0,2376.0,0.0,1252.0,1252.0,1659.0,717.0,2084.0,784.0
0.0,8252.0,2995.0,2396.0,0.0,4327.0,4327.0,1677.0,719.0,2225.0,770.0
0.0,5257.0,2561.0,2412.0,1252.0,5700.0,5700.0,1692.0,720.0,1843.0,718.0
0.0,3948.0,1983.0,2407.0,4327.0,3336.0,3336.0,1689.0,718.0,1306.0,677.0
0.0,6292.0,1835.0,2389.0,5700.0,0.0,0.0,1672.0,717.0,1151.0,684.0
0.0,10157.0,2260.0,2375.0,3336.0,0.0,0.0,1658.0,717.0,1522.0,738.0
0.0,11233.0,2831.0,2381.0,0.0,1122.0,1122.0,1662.0,719.0,2056.0,775.0
0.0,8402.0,2979.0,2401.0,0.0,4181.0,4181.0,1680.0,721.0,2220.0,759.0
0.0,5423.0,2554.0,2416.0,1122.0,5673.0,5673.0,1695.0,721.0,1852.0,702.0
0.0,3991.0,1970.0,2412.0,4181.0,3446.0,3446.0,1692.0,720.0,1305.0,665.0
0.0,6202.0,1832.0,2393.0,5673.0,0.0,0.0,1675.0,718.0,1144.0,688.0
0.0,10043.0,2278.0,2379.0,3446.0,0.0,0.0,1661.0,718.0,1531.0,747.0
0.0,11211.0,2875.0,2385.0,0.0,1204.0,1204.0,1665.0,720.0,2092.0,783.0
0.0,8336.0,3028.0,2405.0,0.0,4312.0,4312.0,1683.0,722.0,2267.0,761.0
0.0,5308.0,2587.0,2421.0,1204.0,5759.0,5759.0,1699.0,722.0,1881.0,706.0
0.0,3925.0,1986.0,2416.0,4312.0,3413.0,3413.0,1695.0,721.0,1304.0,682.0
0.0,6251.0,1830.0,2397.0,5759.0,0.0,0.0,1678.0,719.0,1126.0,704.0
0.0,10180.0,2282.0,2383.0,3413.0,0.0,0.0,1664.0,719.0,1527.0,755.0
0.0,11311.0,2872.0,2390.0,0.0,1121.0,1121.0,1669.0,721.0,2095.0,777.0
0.0,8439.0,3018.0,2410.0,0.0,4219.0,4219.0,1687.0,723.0,2261.0,757.0
0.0,5421.0,2563.0,2425.0,1121.0,5721.0,5721.0,1701.0,724.0,1859.0,704.0
0.0,3979.0,1957.0,2421.0,4219.0,3443.0,3443.0,1698.0,723.0,1287.0,670.0
0.0,6241.0,1800.0,2401.0,5721.0,0.0,0.0,1680.0,721.0,1108.0,692.0
0.0,10162.0,2273.0,2388.0,3443.0,0.0,0.0,1667.0,721.0,1520.0,753.0
0.0,11332.0,2899.0,2395.0,0.0,1147.0,1147.0,1672.0,723.0,2114.0,785.0
0.0,8433.0,3059.0,2415.0,0.0,4286.0,4286.0,1690.0,725.0,2298.0,761.0
0.0,5374.0,2603.0,2429.0,1147.0,5798.0,5798.0,1704.0,725.0,1900.0,703.0
0.0,3918.0,1986.0,2424.0,4286.0,3478.0,3478.0,1701.0,723.0,1313.0,673.0
0.0,6218.0,1818.0,2406.0,5798.0,0.0,0.0,1684.0,722.0,1118.0,700.0
0.0,10198.0,2263.0,2391.0,3478.0,0.0,0.0,1670.0,721.0,1509.0,754.0
0.0,11413.0,2876.0,2398.0,0.0,1055.0,1055.0,1675.0,723.0,2087.0,789.0
0.0,8537.0,3046.0,2419.0,0.0,4185.0,4185.0,1693.0,726.0,2284.0,762.0
0.0,5491.0,2596.0,2434.0,1055.0,5786.0,5786.0,1708.0,726.0,1895.0,701.0
0.0,3950.0,1975.0,2429.0,4185.0,3556.0,3556.0,1704.0,725.0,1309.0,666.0
0.0,6160.0,1803.0,2410.0,5786.0,0.0,0.0,1687.0,723.0,1105.0,698.0
0.0,10143.0,2251.0,2396.0,3556.0,0.0,0.0,1673.0,723.0,1492.0,759.0
0.0,11448.0,2863.0,2402.0,0.0,1023.0,1023.0,1677.0,725.0,2078.0,785.0
0.0,8585.0,3045.0,2423.0,0.0,4152.0,4152.0,1696.0,727.0,2293.0,752.0
0.0,5540.0,2628.0,2438.0,1023.0,5817.0,5817.0,1711.0,727.0,1926.0,702.0
0.0,3935.0,2038.0,2433.0,4152.0,3683.0,3683.0,1707.0,726.0,1356.0,682.0
0.0,6049.0,1858.0,2414.0,5817.0,0.0,0.0,1690.0,724.0,1146.0,712.0
0.0,10008.0,2256.0,2400.0,3683.0,0.0,0.0,1676.0,724.0,1494.0,762.0
0.0,11435.0,2834.0,2406.0,0.0,1023.0,1023.0,1680.0,726.0,2053.0,781.0
0.0,8601.0,3023.0,2427.0,0.0,4130.0,4130.0,1699.0,728.0,2277.0,746.0
0.0,5578.0,2618.0,2442.0,1023.0,5785.0,5785.0,1714.0,728.0,1923.0,695.0
0.0,3983.0,2054.0,2438.0,4130.0,3693.0,3693.0,1711.0,727.0,1368.0,686.0
0.0,6059.0,1854.0,2419.0,5785.0,0.0,0.0,1693.0,726.0,1136.0,718.0
0.0,9990.0,2229.0,2405.0,3693.0,0.0,0.0,1679.0,726.0,1465.0,764.0
0.0,11454.0,2811.0,2411.0,0.0,1001.0,1001.0,1683.0,728.0,2027.0,784.0
0.0,8643.0,3018.0,2432.0,0.0,4103.0,4103.0,1702.0,730.0,2263.0,755.0
0.0,5625.0,2644.0,2447.0,1001.0,5806.0,5806.0,1717.0,730.0,1938.0,706.0
0.0,3982.0,2084.0,2443.0,4103.0,3771.0,3771.0,1714.0,729.0,1394.0,690.0
0.0,6001.0,1899.0,2425.0,5806.0,0.0,0.0,1697.0,728.0,1176.0,723.0
0.0,9908.0,2274.0,2411.0,3771.0,0.0,0.0,1683.0,728.0,1509.0,765.0
0.0,11405.0,2822.0,2416.0,0.0,1081.0,1081.0,1687.0,729.0,2045.0,777.0
0.0,8583.0,2984.0,2435.0,0.0,4141.0,4141.0,1705.0,730.0,2240.0,744.0
0.0,5599.0,2610.0,2450.0,1081.0,5730.0,5730.0,1719.0,731.0,1906.0,704.0
0.0,4070.0,2079.0,2447.0,4141.0,3656.0,3656.0,1717.0,730.0,1387.0,692.0
0.0,6132.0,1904.0,2429.0,5730.0,0.0,0.0,1700.0,729.0,1187.0,717.0
0.0,9958.0,2275.0,2415.0,3656.0,0.0,0.0,1686.0,729.0,1518.0,757.0
0.0,11339.0,2806.0,2420.0,0.0,1147.0,1147.0,1690.0,730.0,2030.0,776.0
0.0,8533.0,2967.0,2439.0,0.0,4190.0,4190.0,1707.0,732.0,2212.0,755.0
0.0,5566.0,2597.0,2453.0,1147.0,5696.0,5696.0,1721.0,732.0,1882.0,715.0
0.0,4116.0,2081.0,2450.0,4190.0,3575.0,3575.0,1719.0,731.0,1385.0,696.0
0.0,6225.0,1938.0,2432.0,5696.0,0.0,0.0,1702.0,730.0,1223.0,715.0
0.0,9983.0,2330.0,2418.0,3575.0,0.0,0.0,1688.0,730.0,1568.0,762.0
0.0,11228.0,2863.0,2424.0,0.0,1331.0,1331.0,1692.0,732.0,2077.0,786.0
0.0,8365.0,2997.0,2443.0,0.0,4404.0,4404.0,1710.0,733.0,2234.0,763.0
0.0,5368.0,2595.0,2458.0,1331.0,5728.0,5728.0,1725.0,733.0,1881.0,714.0
0.0,4104.0,2052.0,2454.0,4404.0,3360.0,3360.0,1722.0,732.0,1367.0,685.0
0.0,6456.0,1916.0,2435.0,5728.0,0.0,0.0,1704.0,731.0,1211.0,705.0
0.0,10268.0,2305.0,2422.0,3360.0,0.0,0.0,1691.0,731.0,1555.0,750.0
0.0,11323.0,2837.0,2427.0,0.0,1222.0,1222.0,1695.0,732.0,2058.0,779.0
0.0,8486.0,2980.0,2447.0,0.0,4282.0,4282.0,1713.0,734.0,2213.0,767.0
0.0,5506.0,2590.0,2462.0,1222.0,5710.0,5710.0,1727.0,735.0,1865.0,725.0
0.0,4138.0,2055.0,2457.0,4282.0,3463.0,3463.0,1724.0,733.0,1364.0,691.0
0.0,6365.0,1925.0,2439.0,5710.0,0.0,0.0,1707.0,732.0,1220.0,705.0
0.0,10150.0,2343.0,2425.0,3463.0,0.0,0.0,1693.0,732.0,1591.0,752.0
0.0,11270.0,2892.0,2430.0,0.0,1342.0,1342.0,1697.0,733.0,2098.0,794.0
0.0,8378.0,3021.0,2451.0,0.0,4447.0,4447.0,1715.0,736.0,2236.0,785.0
0.0,5357.0,2596.0,2465.0,1342.0,5757.0,5757.0,1729.0,736.0,1866.0,730.0
0.0,4103.0,2039.0,2461.0,4447.0,3333.0,3333.0,1726.0,735.0,1352.0,687.0
0.0,6511.0,1923.0,2443.0,5757.0,0.0,0.0,1710.0,733.0,1224.0,699.0
0.0,10345.0,2346.0,2429.0,3333.0,0.0,0.0,1696.0,733.0,1599.0,747.0
0.0,11332.0,2877.0,2434.0,0.0,1281.0,1281.0,1700.0,734.0,2097.0,780.0
0.0,8455.0,2981.0,2454.0,0.0,4342.0,4342.0,1718.0,736.0,2214.0,767.0
0.0,5474.0,2559.0,2469.0,1281.0,5680.0,5680.0,1732.0,737.0,1837.0,722.0
0.0,4196.0,2033.0,2464.0,4342.0,3351.0,3351.0,1729.0,735.0,1342.0,691.0
0.0,6505.0,1925.0,2446.0,5680.0,0.0,0.0,1712.0,734.0,1219.0,706.0
0.0,10260.0,2372.0,2433.0,3351.0,0.0,0.0,1699.0,734.0,1609.0,763.0
0.0,11239.0,2916.0,2439.0,0.0,1433.0,1433.0,1703.0,736.0,2117.0,799.0
0.0,8323.0,3032.0,2458.0,0.0,4541.0,4541.0,1720.0,738.0,2252.0,780.0
0.0,5291.0,2611.0,2472.0,1433.0,5775.0,5775.0,1734.0,738.0,1879.0,732.0
0.0,4113.0,2064.0,2469.0,4541.0,3286.0,3286.0,1732.0,737.0,1365.0,699.0
0.0,6590.0,1924.0,2452.0,5775.0,0.0,0.0,1716.0,736.0,1212.0,712.0
0.0,10441.0,2341.0,2438.0,3286.0,0.0,0.0,1702.0,736.0,1585.0,756.0
0.0,11386.0,2882.0,2444.0,0.0,1272.0,1272.0,1706.0,738.0,2096.0,786.0
0.0,8504.0,3000.0,2461.0,0.0,4340.0,4340.0,1722.0,739.0,2238.0,762.0
0.0,5504.0,2583.0,2476.0,1272.0,5711.0,5711.0,1737.0,739.0,1873.0,710.0
0.0,4193.0,2038.0,2471.0,4340.0,3389.0,3389.0,1734.0,737.0,1353.0,685.0
0.0,6495.0,1923.0,2455.0,5711.0,0.0,0.0,1719.0,736.0,1213.0,710.0
0.0,10283.0,2349.0,2442.0,3389.0,0.0,0.0,1706.0,736.0,1585.0,764.0
0.0,11323.0,2895.0,2447.0,0.0,1360.0,1360.0,1709.0,738.0,2094.0,801.0
0.0,8428.0,3033.0,2465.0,0.0,4465.0,4465.0,1725.0,740.0,2252.0,781.0
0.0,5395.0,2630.0,2479.0,1360.0,5791.0,5791.0,1739.0,740.0,1905.0,725.0
0.0,4125.0,2095.0,2476.0,4465.0,3409.0,3409.0,1737.0,739.0,1397.0,698.0
0.0,6495.0,1957.0,2459.0,5791.0,0.0,0.0,1722.0,737.0,1236.0,721.0
0.0,10329.0,2348.0,2447.0,3409.0,0.0,0.0,1709.0,738.0,1579.0,769.0
0.0,11390.0,2865.0,2452.0,0.0,1283.0,1283.0,1712.0,740.0,2075.0,790.0
0.0,8525.0,2998.0,2469.0,0.0,4349.0,4349.0,1728.0,741.0,2232.0,766.0
0.0,5527.0,2607.0,2483.0,1283.0,5729.0,5729.0,1742.0,741.0,1893.0,714.0
0.0,4203.0,2086.0,2480.0,4349.0,3454.0,3454.0,1740.0,740.0,1397.0,689.0
0.0,6466.0,1941.0,2462.0,5729.0,0.0,0.0,1724.0,738.0,1232.0,709.0
0.0,10254.0,2316.0,2450.0,3454.0,0.0,0.0,1712.0,738.0,1560.0,756.0
0.0,11392.0,2858.0,2455.0,0.0,1286.0,1286.0,1715.0,740.0,2066.0,792.0
0.0,8534.0,3027.0,2473.0,0.0,4385.0,4385.0,1732.0,741.0,2247.0,780.0
0.0,5507.0,2674.0,2487.0,1286.0,5829.0,5829.0,1745.0,742.0,1933.0,741.0
0.0,4119.0,2144.0,2484.0,4385.0,3576.0,3576.0,1743.0,741.0,1437.0,707.0
0.0,6360.0,1985.0,2467.0,5829.0,0.0,0.0,1727.0,740.0,1266.0,719.0
0.0,10204.0,2332.0,2455.0,3576.0,0.0,0.0,1715.0,740.0,1570.0,762.0
0.0,11448.0,2847.0,2459.0,0.0,1235.0,1235.0,1718.0,741.0,2046.0,801.0
0.0,8601.0,3007.0,2477.0,0.0,4314.0,4314.0,1734.0,743.0,2218.0,789.0
0.0,5594.0,2647.0,2492.0,1235.0,5786.0,5786.0,1748.0,744.0,1912.0,735.0
0.0,4182.0,2118.0,2488.0,4314.0,3574.0,3574.0,1745.0,743.0,1431.0,687.0
0.0,6378.0,1957.0,2471.0,5786.0,0.0,0.0,1730.0,741.0,1256.0,701.0
0.0,10207.0,2313.0,2458.0,3574.0,0.0,0.0,1717.0,741.0,1559.0,754.0
0.0,11468.0,2828.0,2462.0,0.0,1208.0,1208.0,1720.0,742.0,2033.0,795.0
0.0,8640.0,3003.0,2481.0,0.0,4287.0,4287.0,1737.0,744.0,2218.0,785.0
0.0,5637.0,2660.0,2495.0,1208.0,5795.0,5795.0,1750.0,745.0,1927.0,733.0
0.0,4185.0,2154.0,2492.0,4287.0,3650.0,3650.0,1748.0,744.0,1456.0,698.0
0.0,6318.0,2013.0,2474.0,5795.0,0.0,0.0,1732.0,742.0,1294.0,719.0
0.0,10100.0,2379.0,2462.0,3650.0,0.0,0.0,1720.0,742.0,1600.0,779.0
0.0,11371.0,2874.0,2468.0,0.0,1375.0,1375.0,1724.0,744.0,2058.0,816.0
0.0,8497.0,3001.0,2486.0,0.0,4448.0,4448.0,1740.0,746.0,2209.0,792.0
0.0,5496.0,2632.0,2499.0,1375.0,5757.0,5757.0,1753.0,746.0,1898.0,734.0
0.0,4239.0,2129.0,2495.0,4448.0,3422.0,3422.0,1750.0,745.0,1438.0,691.0
0.0,6558.0,1990.0,2479.0,5757.0,0.0,0.0,1735.0,744.0,1287.0,703.0
0.0,10325.0,2347.0,2467.0,3422.0,0.0,0.0,1723.0,744.0,1589.0,758.0
0.0,11400.0,2852.0,2472.0,0.0,1340.0,1340.0,1727.0,745.0,2045.0,807.0
0.0,8548.0,2987.0,2490.0,0.0,4399.0,4399.0,1743.0,747.0,2196.0,791.0
0.0,5561.0,2633.0,2504.0,1340.0,5748.0,5748.0,1756.0,748.0,1902.0,731.0
0.0,4268.0,2146.0,2499.0,4399.0,3475.0,3475.0,1753.0,746.0,1458.0,688.0
0.0,6521.0,2039.0,2482.0,5748.0,0.0,0.0,1738.0,744.0,1330.0,709.0
0.0,10230.0,2420.0,2470.0,3475.0,0.0,0.0,1726.0,744.0,1648.0,772.0
0.0,11285.0,2893.0,2476.0,0.0,1512.0,1512.0,1730.0,746.0,2075.0,818.0
0.0,8392.0,2995.0,2494.0,0.0,4579.0,4579.0,1746.0,748.0,2189.0,806.0
0.0,5397.0,2608.0,2508.0,1512.0,5731.0,5731.0,1759.0,749.0,1867.0,741.0
0.0,4301.0,2118.0,2503.0,4579.0,3250.0,3250.0,1756.0,747.0,1431.0,687.0
0.0,6762.0,2030.0,2487.0,5731.0,0.0,0.0,1741.0,746.0,1329.0,701.0
0.0,10463.0,2430.0,2476.0,3250.0,0.0,0.0,1730.0,746.0,1657.0,773.0
0.0,11283.0,2892.0,2482.0,0.0,1537.0,1537.0,1734.0,748.0,2072.0,820.0
0.0,8391.0,2963.0,2499.0,0.0,4568.0,4568.0,1749.0,750.0,2168.0,795.0
0.0,5428.0,2558.0,2511.0,1537.0,5637.0,5637.0,1761.0,750.0,1827.0,731.0
0.0,4407.0,2082.0,2507.0,4568.0,3135.0,3135.0,1758.0,749.0,1399.0,683.0
0.0,6893.0,2036.0,2490.0,5637.0,0.0,0.0,1743.0,747.0,1331.0,705.0
0.0,10494.0,2473.0,2479.0,3135.0,0.0,0.0,1732.0,747.0,1696.0,777.0
0.0,11156.0,2971.0,2486.0,0.0,1759.0,1759.0,1737.0,749.0,2144.0,827.0
0.0,8185.0,3023.0,2504.0,0.0,4854.0,4854.0,1753.0,751.0,2216.0,807.0
0.0,5162.0,2576.0,2515.0,1759.0,5715.0,5715.0,1764.0,751.0,1843.0,733.0
0.0,4345.0,2080.0,2511.0,4854.0,2925.0,2925.0,1761.0,750.0,1387.0,693.0
0.0,7119.0,2027.0,2494.0,5715.0,0.0,0.0,1746.0,748.0,1308.0,719.0
0.0,10807.0,2461.0,2484.0,2925.0,0.0,0.0,1735.0,749.0,1682.0,779.0
0.0,11271.0,2966.0,2491.0,0.0,1659.0,1659.0,1740.0,751.0,2145.0,821.0
0.0,8305.0,3026.0,2509.0,0.0,4757.0,4757.0,1756.0,753.0,2228.0,798.0
0.0,5279.0,2556.0,2521.0,1659.0,5702.0,5702.0,1768.0,753.0,1829.0,727.0
0.0,4382.0,2032.0,2515.0,4757.0,2953.0,2953.0,1763.0,752.0,1349.0,683.0
0.0,7107.0,1993.0,2498.0,5702.0,0.0,0.0,1748.0,750.0,1285.0,708.0
0.0,10816.0,2467.0,2488.0,2953.0,0.0,0.0,1738.0,750.0,1690.0,777.0
0.0,11302.0,3010.0,2495.0,0.0,1688.0,1688.0,1743.0,752.0,2184.0,826.0
0.0,8292.0,3084.0,2513.0,0.0,4844.0,4844.0,1759.0,754.0,2277.0,807.0
0.0,5208.0,2599.0,2524.0,1688.0,5799.0,5799.0,1770.0,754.0,1861.0,738.0
0.0,4297.0,2032.0,2519.0,4844.0,2967.0,2967.0,1766.0,753.0,1342.0,690.0
0.0,7109.0,1964.0,2501.0,5799.0,0.0,0.0,1750.0,751.0,1249.0,715.0
0.0,10944.0,2466.0,2491.0,2967.0,0.0,0.0,1740.0,751.0,1682.0,784.0
0.0,11445.0,3026.0,2499.0,0.0,1577.0,1577.0,1746.0,753.0,2201.0,825.0
0.0,8419.0,3085.0,2517.0,0.0,4734.0,4734.0,1762.0,755.0,2288.0,797.0
0.0,5334.0,2574.0,2529.0,1577.0,5779.0,5779.0,1774.0,755.0,1850.0,724.0
0.0,4337.0,2007.0,2523.0,4734.0,3028.0,3028.0,1769.0,754.0,1320.0,687.0
0.0,7064.0,1949.0,2506.0,5779.0,0.0,0.0,1754.0,752.0,1228.0,721.0
0.0,10894.0,2465.0,2496.0,3028.0,0.0,0.0,1743.0,753.0,1670.0,795.0
0.0,11457.0,3045.0,2503.0,0.0,1600.0,1600.0,1748.0,755.0,2209.0,836.0
0.0,8412.0,3117.0,2522.0,0.0,4793.0,4793.0,1765.0,757.0,2316.0,801.0
0.0,5295.0,2613.0,2533.0,1600.0,5850.0,5850.0,1776.0,757.0,1886.0,727.0
0.0,4282.0,2032.0,2526.0,4793.0,3061.0,3061.0,1771.0,755.0,1347.0,685.0
0.0,7043.0,1957.0,2509.0,5850.0,0.0,0.0,1756.0,753.0,1239.0,718.0
0.0,10936.0,2451.0,2498.0,3061.0,0.0,0.0,1745.0,753.0,1660.0,791.0
0.0,11546.0,3015.0,2506.0,0.0,1493.0,1493.0,1751.0,755.0,2184.0,831.0
0.0,8531.0,3093.0,2524.0,0.0,4658.0,4658.0,1767.0,757.0,2295.0,798.0
0.0,5438.0,2613.0,2537.0,1493.0,5830.0,5830.0,1779.0,758.0,1883.0,730.0
0.0,4318.0,2052.0,2530.0,4658.0,3196.0,3196.0,1774.0,756.0,1362.0,690.0
0.0,6924.0,1958.0,2513.0,5830.0,0.0,0.0,1759.0,754.0,1241.0,717.0
0.0,10796.0,2431.0,2502.0,3196.0,0.0,0.0,1748.0,754.0,1645.0,786.0
0.0,11561.0,3000.0,2509.0,0.0,1475.0,1475.0,1753.0,756.0,2166.0,834.0
0.0,8561.0,3115.0,2529.0,0.0,4670.0,4670.0,1770.0,759.0,2305.0,810.0
0.0,5446.0,2656.0,2540.0,1475.0,5895.0,5895.0,1781.0,759.0,1918.0,738.0
0.0,4265.0,2084.0,2534.0,4670.0,3285.0,3285.0,1776.0,758.0,1395.0,689.0
0.0,6851.0,1975.0,2516.0,5895.0,0.0,0.0,1760.0,756.0,1262.0,713.0
0.0,10771.0,2452.0,2505.0,3285.0,0.0,0.0,1750.0,755.0,1655.0,797.0
0.0,11604.0,3016.0,2514.0,0.0,1468.0,1468.0,1756.0,758.0,2170.0,846.0
0.0,8588.0,3107.0,2533.0,0.0,4651.0,4651.0,1773.0,760.0,2296.0,811.0
0.0,5481.0,2618.0,2543.0,1468.0,5841.0,5841.0,1783.0,760.0,1895.0,723.0
0.0,4331.0,2046.0,2536.0,4651.0,3208.0,3208.0,1778.0,758.0,1375.0,671.0
0.0,6936.0,1965.0,2518.0,5841.0,0.0,0.0,1762.0,756.0,1259.0,706.0
0.0,10812.0,2456.0,2508.0,3208.0,0.0,0.0,1752.0,756.0,1656.0,800.0
0.0,11564.0,3022.0,2518.0,0.0,1530.0,1530.0,1759.0,759.0,2168.0,854.0
0.0,8542.0,3108.0,2537.0,0.0,4714.0,4714.0,1776.0,761.0,2290.0,818.0
0.0,5434.0,2640.0,2549.0,1530.0,5872.0,5872.0,1787.0,762.0,1910.0,730.0
0.0,4324.0,2090.0,2542.0,4714.0,3220.0,3220.0,1782.0,760.0,1406.0,684.0
0.0,6948.0,2011.0,2523.0,5872.0,0.0,0.0,1765.0,758.0,1291.0,720.0
0.0,10809.0,2484.0,2513.0,3220.0,0.0,0.0,1755.0,758.0,1681.0,803.0
0.0,11545.0,3024.0,2522.0,0.0,1567.0,1567.0,1762.0,760.0,2180.0,844.0
0.0,8521.0,3088.0,2541.0,0.0,4731.0,4731.0,1779.0,762.0,2281.0,807.0
0.0,5433.0,2622.0,2552.0,1567.0,5830.0,5830.0,1790.0,762.0,1896.0,726.0
0.0,4378.0,2089.0,2545.0,4731.0,3160.0,3160.0,1785.0,760.0,1407.0,682.0
0.0,7020.0,2025.0,2527.0,5830.0,0.0,0.0,1769.0,758.0,1305.0,720.0
0.0,10825.0,2478.0,2516.0,3160.0,0.0,0.0,1758.0,758.0,1677.0,801.0
0.0,11507.0,2993.0,2525.0,0.0,1586.0,1586.0,1764.0,761.0,2150.0,843.0
0.0,8514.0,3039.0,2544.0,0.0,4701.0,4701.0,1781.0,763.0,2237.0,802.0
0.0,5475.0,2593.0,2555.0,1586.0,5752.0,5752.0,1792.0,763.0,1867.0,726.0
0.0,4468.0,2107.0,2549.0,4701.0,3134.0,3134.0,1787.0,762.0,1410.0,697.0
0.0,7062.0,2071.0,2531.0,5752.0,0.0,0.0,1771.0,760.0,1329.0,742.0
0.0,10743.0,2527.0,2520.0,3134.0,0.0,0.0,1760.0,760.0,1711.0,816.0
0.0,11350.0,3023.0,2528.0,0.0,1785.0,1785.0,1766.0,762.0,2181.0,842.0
0.0,8327.0,3067.0,2548.0,0.0,4932.0,4932.0,1784.0,764.0,2267.0,800.0
0.0,5260.0,2615.0,2561.0,1785.0,5814.0,5814.0,1796.0,765.0,1886.0,729.0
0.0,4430.0,2115.0,2554.0,4932.0,2969.0,2969.0,1791.0,763.0,1419.0,696.0
0.0,7247.0,2054.0,2535.0,5814.0,0.0,0.0,1774.0,761.0,1323.0,731.0
0.0,11007.0,2499.0,2524.0,2969.0,0.0,0.0,1763.0,761.0,1699.0,800.0
0.0,11477.0,2997.0,2532.0,0.0,1648.0,1648.0,1769.0,763.0,2160.0,837.0
0.0,8480.0,3043.0,2552.0,0.0,4771.0,4771.0,1786.0,766.0,2244.0,799.0
0.0,5437.0,2597.0,2565.0,1648.0,5772.0,5772.0,1799.0,766.0,1869.0,728.0
0.0,4488.0,2109.0,2558.0,4771.0,3082.0,3082.0,1794.0,764.0,1414.0,695.0
0.0,7150.0,2081.0,2539.0,5772.0,0.0,0.0,1777.0,762.0,1343.0,738.0
0.0,10841.0,2549.0,2528.0,3082.0,0.0,0.0,1766.0,762.0,1735.0,814.0
0.0,11374.0,3048.0,2537.0,0.0,1822.0,1822.0,1772.0,765.0,2193.0,855.0
0.0,8326.0,3077.0,2556.0,0.0,4975.0,4975.0,1789.0,767.0,2258.0,819.0
0.0,5249.0,2600.0,2569.0,1822.0,5805.0,5805.0,1801.0,768.0,1864.0,736.0
0.0,4471.0,2111.0,2563.0,4975.0,2917.0,2917.0,1797.0,766.0,1414.0,697.0
0.0,7335.0,2070.0,2544.0,5805.0,0.0,0.0,1780.0,764.0,1338.0,732.0
0.0,11070.0,2522.0,2533.0,2917.0,0.0,0.0,1769.0,764.0,1718.0,804.0
0.0,11465.0,3027.0,2541.0,0.0,1726.0,1726.0,1775.0,766.0,2187.0,840.0
0.0,8438.0,3069.0,2561.0,0.0,4875.0,4875.0,1793.0,768.0,2265.0,804.0
0.0,5369.0,2597.0,2573.0,1726.0,5794.0,5794.0,1804.0,769.0,1864.0,733.0
0.0,4498.0,2092.0,2567.0,4875.0,2987.0,2987.0,1800.0,767.0,1399.0,693.0
0.0,7281.0,2049.0,2549.0,5794.0,0.0,0.0,1784.0,765.0,1321.0,728.0
0.0,11026.0,2527.0,2537.0,2987.0,0.0,0.0,1772.0,765.0,1718.0,809.0
0.0,11486.0,3056.0,2545.0,0.0,1750.0,1750.0,1778.0,767.0,2204.0,852.0
0.0,8430.0,3124.0,2565.0,0.0,4954.0,4954.0,1795.0,770.0,2298.0,826.0
0.0,5306.0,2643.0,2577.0,1750.0,5895.0,5895.0,1807.0,770.0,1896.0,747.0
0.0,4413.0,2110.0,2571.0,4954.0,3027.0,3027.0,1803.0,768.0,1408.0,702.0
0.0,7257.0,2046.0,2552.0,5895.0,0.0,0.0,1786.0,766.0,1314.0,732.0
0.0,11106.0,2514.0,2541.0,3027.0,0.0,0.0,1775.0,766.0,1707.0,807.0
0.0,11619.0,3042.0,2549.0,0.0,1619.0,1619.0,1780.0,769.0,2193.0,849.0
0.0,8577.0,3100.0,2569.0,0.0,4799.0,4799.0,1798.0,771.0,2287.0,813.0
0.0,5477.0,2627.0,2582.0,1619.0,5859.0,5859.0,1810.0,772.0,1891.0,736.0
0.0,4469.0,2081.0,2575.0,4799.0,3113.0,3113.0,1805.0,770.0,1392.0,689.0
0.0,7187.0,2027.0,2555.0,5859.0,0.0,0.0,1788.0,767.0,1304.0,723.0
0.0,11019.0,2515.0,2544.0,3113.0,0.0,0.0,1777.0,767.0,1710.0,805.0
0.0,11617.0,3070.0,2552.0,0.0,1661.0,1661.0,1783.0,769.0,2214.0,856.0
0.0,8547.0,3148.0,2573.0,0.0,4893.0,4893.0,1801.0,772.0,2321.0,827.0
0.0,5399.0,2678.0,2586.0,1661.0,5962.0,5962.0,1813.0,773.0,1929.0,749.0
0.0,4382.0,2127.0,2579.0,4893.0,3168.0,3168.0,1808.0,771.0,1424.0,703.0
0.0,7148.0,2040.0,2560.0,5962.0,0.0,0.0,1791.0,769.0,1303.0,737.0
0.0,11070.0,2501.0,2549.0,3168.0,0.0,0.0,1780.0,769.0,1692.0,809.0
0.0,11737.0,3048.0,2557.0,0.0,1539.0,1539.0,1786.0,771.0,2198.0,850.0
0.0,8689.0,3136.0,2577.0,0.0,4755.0,4755.0,1803.0,774.0,2320.0,816.0
0.0,5553.0,2689.0,2590.0,1539.0,5957.0,5957.0,1816.0,774.0,1944.0,745.0
0.0,4403.0,2129.0,2583.0,4755.0,3303.0,3303.0,1811.0,772.0,1432.0,697.0
0.0,7029.0,2005.0,2564.0,5957.0,0.0,0.0,1794.0,770.0,1281.0,724.0
0.0,10981.0,2456.0,2553.0,3303.0,0.0,0.0,1783.0,770.0,1658.0,798.0
0.0,11828.0,3021.0,2561.0,0.0,1437.0,1437.0,1789.0,772.0,2174.0,847.0
0.0,8807.0,3156.0,2582.0,0.0,4677.0,4677.0,1807.0,775.0,2327.0,829.0
0.0,5651.0,2742.0,2594.0,1437.0,6030.0,6030.0,1819.0,775.0,1984.0,758.0
0.0,4346.0,2194.0,2588.0,4677.0,3523.0,3523.0,1815.0,773.0,1485.0,709.0
0.0,6829.0,2061.0,2569.0,6030.0,0.0,0.0,1798.0,771.0,1326.0,735.0
0.0,10798.0,2465.0,2558.0,3523.0,0.0,0.0,1787.0,771.0,1658.0,807.0
0.0,11856.0,3007.0,2565.0,0.0,1411.0,1411.0,1792.0,773.0,2157.0,850.0
0.0,8849.0,3135.0,2585.0,0.0,4626.0,4626.0,1809.0,776.0,2308.0,827.0
0.0,5714.0,2720.0,2597.0,1411.0,5983.0,5983.0,1821.0,776.0,1965.0,755.0
0.0,4405.0,2184.0,2591.0,4626.0,3517.0,3517.0,1817.0,774.0,1481.0,703.0
0.0,6847.0,2052.0,2573.0,5983.0,0.0,0.0,1801.0,772.0,1327.0,725.0
0.0,10778.0,2449.0,2562.0,3517.0,0.0,0.0,1790.0,772.0,1648.0,801.0
0.0,11846.0,2973.0,2570.0,0.0,1407.0,1407.0,1795.0,775.0,2125.0,848.0
0.0,8873.0,3102.0,2588.0,0.0,4581.0,4581.0,1811.0,777.0,2283.0,819.0
0.0,5771.0,2719.0,2600.0,1407.0,5941.0,5941.0,1823.0,777.0,1973.0,746.0
0.0,4459.0,2230.0,2594.0,4581.0,3566.0,3566.0,1819.0,775.0,1522.0,708.0
0.0,6810.0,2121.0,2577.0,5941.0,0.0,0.0,1804.0,773.0,1383.0,738.0
0.0,10630.0,2506.0,2566.0,3566.0,0.0,0.0,1793.0,773.0,1695.0,811.0
0.0,11690.0,3005.0,2573.0,0.0,1607.0,1607.0,1798.0,775.0,2141.0,864.0
0.0,8685.0,3105.0,2593.0,0.0,4792.0,4792.0,1815.0,778.0,2266.0,839.0
0.0,5580.0,2695.0,2604.0,1607.0,5924.0,5924.0,1826.0,778.0,1938.0,757.0
0.0,4492.0,2198.0,2598.0,4792.0,3306.0,3306.0,1822.0,776.0,1495.0,703.0
0.0,7086.0,2109.0,2580.0,5924.0,0.0,0.0,1806.0,774.0,1384.0,725.0
0.0,10901.0,2514.0,2570.0,3306.0,0.0,0.0,1796.0,774.0,1708.0,806.0
0.0,11693.0,2999.0,2578.0,0.0,1618.0,1618.0,1801.0,777.0,2140.0,859.0
0.0,8694.0,3078.0,2596.0,0.0,4768.0,4768.0,1817.0,779.0,2249.0,829.0
0.0,5616.0,2683.0,2609.0,1618.0,5885.0,5885.0,1829.0,780.0,1934.0,749.0
0.0,4551.0,2200.0,2603.0,4768.0,3293.0,3293.0,1825.0,778.0,1500.0,700.0
0.0,7119.0,2137.0,2584.0,5885.0,0.0,0.0,1809.0,775.0,1401.0,736.0
0.0,10867.0,2548.0,2574.0,3293.0,0.0,0.0,1799.0,775.0,1730.0,818.0
0.0,11612.0,3029.0,2582.0,0.0,1745.0,1745.0,1804.0,778.0,2163.0,866.0
0.0,8583.0,3097.0,2600.0,0.0,4914.0,4914.0,1820.0,780.0,2266.0,831.0
0.0,5486.0,2674.0,2612.0,1745.0,5891.0,5891.0,1832.0,780.0,1924.0,750.0
0.0,4557.0,2190.0,2606.0,4914.0,3143.0,3143.0,1828.0,778.0,1488.0,702.0
0.0,7281.0,2121.0,2588.0,5891.0,0.0,0.0,1812.0,776.0,1388.0,733.0
0.0,11051.0,2535.0,2577.0,3143.0,0.0,0.0,1801.0,776.0,1720.0,815.0
0.0,11659.0,3010.0,2585.0,0.0,1691.0,1691.0,1806.0,779.0,2148.0,862.0
0.0,8649.0,3074.0,2604.0,0.0,4841.0,4841.0,1823.0,781.0,2246.0,828.0
0.0,5575.0,2661.0,2616.0,1691.0,5859.0,5859.0,1834.0,782.0,1916.0,745.0
0.0,4605.0,2175.0,2610.0,4841.0,3169.0,3169.0,1830.0,780.0,1479.0,696.0
0.0,7271.0,2144.0,2591.0,5859.0,0.0,0.0,1814.0,777.0,1403.0,741.0
0.0,10986.0,2585.0,2581.0,3169.0,0.0,0.0,1804.0,777.0,1757.0,828.0
0.0,11570.0,3087.0,2589.0,0.0,1873.0,1873.0,1809.0,780.0,2211.0,876.0
0.0,8483.0,3121.0,2608.0,0.0,5070.0,5070.0,1826.0,782.0,2287.0,834.0
0.0,5362.0,2664.0,2620.0,1873.0,5909.0,5909.0,1837.0,783.0,1919.0,745.0
0.0,4571.0,2171.0,2613.0,5070.0,2982.0,2982.0,1833.0,780.0,1469.0,702.0
0.0,7470.0,2130.0,2596.0,5909.0,0.0,0.0,1818.0,778.0,1384.0,746.0
0.0,11249.0,2567.0,2585.0,2982.0,0.0,0.0,1806.0,779.0,1739.0,828.0
0.0,11664.0,3046.0,2592.0,0.0,1750.0,1750.0,1811.0,781.0,2184.0,862.0
0.0,8618.0,3098.0,2610.0,0.0,4920.0,4920.0,1827.0,783.0,2282.0,816.0
0.0,5520.0,2668.0,2624.0,1750.0,5894.0,5894.0,1840.0,784.0,1925.0,743.0
0.0,4602.0,2183.0,2618.0,4920.0,3133.0,3133.0,1836.0,782.0,1471.0,712.0
0.0,7339.0,2139.0,2601.0,5894.0,0.0,0.0,1821.0,780.0,1383.0,756.0
0.0,11094.0,2577.0,2590.0,3133.0,0.0,0.0,1810.0,780.0,1749.0,828.0
0.0,11650.0,3067.0,2596.0,0.0,1801.0,1801.0,1814.0,782.0,2209.0,858.0
0.0,8583.0,3134.0,2614.0,0.0,5007.0,5007.0,1830.0,784.0,2314.0,820.0
0.0,5449.0,2704.0,2627.0,1801.0,5962.0,5962.0,1842.0,785.0,1953.0,751.0
0.0,4546.0,2210.0,2622.0,5007.0,3145.0,3145.0,1839.0,783.0,1490.0,720.0
0.0,7343.0,2138.0,2605.0,5962.0,0.0,0.0,1824.0,781.0,1378.0,760.0
0.0,11167.0,2560.0,2594.0,3145.0,0.0,0.0,1813.0,781.0,1732.0,828.0
0.0,11752.0,3053.0,2600.0,0.0,1701.0,1701.0,1817.0,783.0,2197.0,856.0
0.0,8699.0,3121.0,2618.0,0.0,4894.0,4894.0,1833.0,785.0,2304.0,817.0
0.0,5578.0,2676.0,2631.0,1701.0,5921.0,5921.0,1845.0,786.0,1934.0,742.0
0.0,4603.0,2167.0,2625.0,4894.0,3170.0,3170.0,1841.0,784.0,1458.0,709.0
0.0,7330.0,2106.0,2608.0,5921.0,0.0,0.0,1826.0,782.0,1351.0,755.0
0.0,11145.0,2576.0,2598.0,3170.0,0.0,0.0,1816.0,782.0,1736.0,840.0
0.0,11739.0,3104.0,2606.0,0.0,1789.0,1789.0,1821.0,785.0,2228.0,876.0
0.0,8635.0,3171.0,2623.0,0.0,5028.0,5028.0,1836.0,787.0,2344.0,827.0
0.0,5464.0,2716.0,2635.0,1789.0,6003.0,6003.0,1848.0,787.0,1970.0,746.0
0.0,4537.0,2191.0,2629.0,5028.0,3142.0,3142.0,1843.0,786.0,1476.0,715.0
0.0,7374.0,2114.0,2612.0,6003.0,0.0,0.0,1828.0,784.0,1354.0,760.0
0.0,11263.0,2567.0,2602.0,3142.0,0.0,0.0,1818.0,784.0,1728.0,839.0
0.0,11838.0,3086.0,2609.0,0.0,1684.0,1684.0,1823.0,786.0,2217.0,869.0
0.0,8752.0,3152.0,2628.0,0.0,4912.0,4912.0,1840.0,788.0,2336.0,816.0
0.0,5600.0,2699.0,2639.0,1684.0,5971.0,5971.0,1851.0,788.0,1965.0,734.0
0.0,4585.0,2180.0,2632.0,4912.0,3211.0,3211.0,1846.0,786.0,1474.0,706.0
0.0,7317.0,2112.0,2615.0,5971.0,0.0,0.0,1831.0,784.0,1346.0,766.0
0.0,11176.0,2551.0,2605.0,3211.0,0.0,0.0,1820.0,785.0,1703.0,848.0
0.0,11836.0,3065.0,2612.0,0.0,1677.0,1677.0,1825.0,787.0,2193.0,872.0
0.0,8771.0,3163.0,2631.0,0.0,4916.0,4916.0,1842.0,789.0,2347.0,816.0
0.0,5608.0,2737.0,2642.0,1677.0,6020.0,6020.0,1853.0,789.0,1999.0,738.0
0.0,4548.0,2240.0,2637.0,4916.0,3324.0,3324.0,1849.0,788.0,1516.0,724.0
0.0,7224.0,2150.0,2620.0,6020.0,0.0,0.0,1834.0,786.0,1368.0,782.0
0.0,11094.0,2560.0,2609.0,3324.0,0.0,0.0,1823.0,786.0,1708.0,852.0
0.0,11858.0,3068.0,2617.0,0.0,1678.0,1678.0,1828.0,789.0,2201.0,867.0
0.0,8790.0,3155.0,2636.0,0.0,4909.0,4909.0,1845.0,791.0,2346.0,809.0
0.0,5635.0,2726.0,2648.0,1678.0,6005.0,6005.0,1857.0,791.0,1993.0,733.0
0.0,4587.0,2209.0,2641.0,4909.0,3277.0,3277.0,1852.0,789.0,1494.0,715.0
0.0,7287.0,2114.0,2624.0,6005.0,0.0,0.0,1837.0,787.0,1341.0,773.0
0.0,11178.0,2542.0,2613.0,3277.0,0.0,0.0,1826.0,787.0,1694.0,848.0
0.0,11913.0,3064.0,2621.0,0.0,1635.0,1635.0,1831.0,790.0,2191.0,873.0
0.0,8849.0,3165.0,2640.0,0.0,4876.0,4876.0,1848.0,792.0,2347.0,818.0
0.0,5684.0,2749.0,2652.0,1635.0,6038.0,6038.0,1860.0,792.0,2007.0,742.0
0.0,4570.0,2238.0,2645.0,4876.0,3372.0,3372.0,1855.0,790.0,1519.0,719.0
0.0,7208.0,2169.0,2627.0,6038.0,0.0,0.0,1839.0,788.0,1386.0,783.0
0.0,11077.0,2602.0,2618.0,3372.0,0.0,0.0,1829.0,789.0,1737.0,865.0
0.0,11847.0,3090.0,2626.0,0.0,1747.0,1747.0,1834.0,792.0,2211.0,879.0
0.0,8757.0,3148.0,2645.0,0.0,4971.0,4971.0,1851.0,794.0,2335.0,813.0
0.0,5609.0,2722.0,2656.0,1747.0,5990.0,5990.0,1863.0,793.0,1992.0,730.0
0.0,4634.0,2228.0,2649.0,4971.0,3219.0,3219.0,1858.0,791.0,1517.0,711.0
0.0,7377.0,2151.0,2632.0,5990.0,0.0,0.0,1843.0,789.0,1378.0,773.0
0.0,11216.0,2570.0,2622.0,3219.0,0.0,0.0,1832.0,790.0,1718.0,852.0
0.0,11865.0,3054.0,2629.0,0.0,1705.0,1705.0,1837.0,792.0,2187.0,867.0
0.0,8811.0,3126.0,2647.0,0.0,4903.0,4903.0,1853.0,794.0,2317.0,809.0
0.0,5685.0,2726.0,2659.0,1705.0,5972.0,5972.0,1865.0,794.0,1988.0,738.0
0.0,4664.0,2258.0,2653.0,4903.0,3303.0,3303.0,1861.0,792.0,1530.0,728.0
0.0,7309.0,2195.0,2636.0,5972.0,0.0,0.0,1845.0,791.0,1405.0,790.0
0.0,11086.0,2604.0,2626.0,3303.0,0.0,0.0,1834.0,792.0,1743.0,861.0
0.0,11785.0,3079.0,2633.0,0.0,1826.0,1826.0,1839.0,794.0,2205.0,874.0
0.0,8706.0,3147.0,2651.0,0.0,5045.0,5045.0,1855.0,796.0,2330.0,817.0
0.0,5559.0,2729.0,2662.0,1826.0,5992.0,5992.0,1867.0,795.0,1985.0,744.0
0.0,4656.0,2249.0,2657.0,5045.0,3176.0,3176.0,1863.0,794.0,1520.0,729.0
0.0,7452.0,2179.0,2640.0,5992.0,0.0,0.0,1848.0,792.0,1400.0,779.0
0.0,11265.0,2580.0,2630.0,3176.0,0.0,0.0,1837.0,793.0,1739.0,841.0
0.0,11861.0,3060.0,2637.0,0.0,1747.0,1747.0,1842.0,795.0,2206.0,854.0
0.0,8801.0,3133.0,2656.0,0.0,4956.0,4956.0,1859.0,797.0,2325.0,808.0
0.0,5668.0,2717.0,2666.0,1747.0,5966.0,5966.0,1870.0,796.0,1970.0,747.0
0.0,4698.0,2229.0,2660.0,4956.0,3215.0,3215.0,1866.0,794.0,1494.0,735.0
0.0,7425.0,2168.0,2643.0,5966.0,0.0,0.0,1850.0,793.0,1382.0,786.0
0.0,11223.0,2615.0,2631.0,3215.0,0.0,0.0,1838.0,793.0,1760.0,855.0
0.0,11823.0,3125.0,2640.0,0.0,1862.0,1862.0,1844.0,796.0,2255.0,870.0
0.0,8698.0,3192.0,2659.0,0.0,5130.0,5130.0,1861.0,798.0,2369.0,823.0
0.0,5506.0,2744.0,2671.0,1862.0,6060.0,6060.0,1873.0,798.0,1990.0,754.0
0.0,4624.0,2228.0,2665.0,5130.0,3134.0,3134.0,1869.0,796.0,1496.0,732.0
0.0,7526.0,2154.0,2646.0,6060.0,0.0,0.0,1852.0,794.0,1372.0,782.0
0.0,11432.0,2597.0,2636.0,3134.0,0.0,0.0,1841.0,795.0,1745.0,852.0
0.0,11969.0,3106.0,2643.0,0.0,1709.0,1709.0,1846.0,797.0,2236.0,870.0
0.0,8863.0,3170.0,2662.0,0.0,4955.0,4955.0,1863.0,799.0,2356.0,814.0
0.0,5693.0,2722.0,2675.0,1709.0,6020.0,6020.0,1876.0,799.0,1984.0,738.0
0.0,4680.0,2208.0,2667.0,4955.0,3241.0,3241.0,1871.0,796.0,1487.0,721.0
0.0,7427.0,2157.0,2651.0,6020.0,0.0,0.0,1856.0,795.0,1375.0,782.0
0.0,11290.0,2621.0,2639.0,3241.0,0.0,0.0,1844.0,795.0,1759.0,862.0
0.0,11910.0,3157.0,2648.0,0.0,1839.0,1839.0,1850.0,798.0,2267.0,890.0
0.0,8753.0,3236.0,2667.0,0.0,5151.0,5151.0,1867.0,800.0,2399.0,837.0
0.0,5517.0,2770.0,2679.0,1839.0,6130.0,6130.0,1879.0,800.0,2016.0,754.0
0.0,4586.0,2234.0,2673.0,5151.0,3189.0,3189.0,1875.0,798.0,1506.0,728.0
0.0,7503.0,2148.0,2655.0,6130.0,0.0,0.0,1859.0,796.0,1362.0,786.0
0.0,11485.0,2590.0,2644.0,3189.0,0.0,0.0,1847.0,797.0,1728.0,862.0
0.0,12084.0,3130.0,2652.0,0.0,1654.0,1654.0,1852.0,800.0,2249.0,881.0
0.0,8954.0,3216.0,2671.0,0.0,4946.0,4946.0,1869.0,802.0,2397.0,819.0
0.0,5738.0,2758.0,2683.0,1654.0,6098.0,6098.0,1882.0,801.0,2018.0,740.0
0.0,4634.0,2219.0,2678.0,4946.0,3351.0,3351.0,1879.0,799.0,1496.0,723.0
0.0,7361.0,2125.0,2659.0,6098.0,0.0,0.0,1862.0,797.0,1345.0,780.0
0.0,11334.0,2576.0,2648.0,3351.0,0.0,0.0,1850.0,798.0,1718.0,858.0
0.0,12109.0,3130.0,2655.0,0.0,1641.0,1641.0,1855.0,800.0,2250.0,880.0
0.0,8979.0,3249.0,2675.0,0.0,4970.0,4970.0,1872.0,803.0,2417.0,832.0
0.0,5730.0,2812.0,2687.0,1641.0,6189.0,6189.0,1885.0,802.0,2054.0,758.0
0.0,4559.0,2265.0,2681.0,4970.0,3460.0,3460.0,1881.0,800.0,1524.0,741.0
0.0,7264.0,2156.0,2663.0,6189.0,0.0,0.0,1865.0,798.0,1365.0,791.0
0.0,11297.0,2594.0,2652.0,3460.0,0.0,0.0,1853.0,799.0,1733.0,861.0
0.0,12163.0,3126.0,2660.0,0.0,1603.0,1603.0,1858.0,802.0,2245.0,881.0
0.0,9037.0,3227.0,2679.0,0.0,4906.0,4906.0,1875.0,804.0,2392.0,835.0
0.0,5810.0,2783.0,2691.0,1603.0,6134.0,6134.0,1887.0,804.0,2027.0,756.0
0.0,4630.0,2229.0,2685.0,4906.0,3433.0,3433.0,1883.0,802.0,1506.0,723.0
0.0,7307.0,2118.0,2667.0,6134.0,0.0,0.0,1867.0,800.0,1348.0,770.0
0.0,11323.0,2564.0,2655.0,3433.0,0.0,0.0,1855.0,800.0,1710.0,854.0
0.0,12192.0,3126.0,2663.0,0.0,1586.0,1586.0,1860.0,803.0,2239.0,887.0
0.0,9066.0,3242.0,2682.0,0.0,4904.0,4904.0,1877.0,805.0,2406.0,836.0
0.0,5824.0,2819.0,2695.0,1586.0,6189.0,6189.0,1890.0,805.0,2062.0,757.0
0.0,4591.0,2286.0,2688.0,4904.0,3543.0,3543.0,1886.0,802.0,1555.0,731.0
0.0,7209.0,2178.0,2671.0,6189.0,0.0,0.0,1870.0,801.0,1390.0,788.0
0.0,11220.0,2607.0,2661.0,3543.0,0.0,0.0,1859.0,802.0,1734.0,873.0
0.0,12156.0,3132.0,2669.0,0.0,1652.0,1652.0,1864.0,805.0,2234.0,898.0
0.0,9024.0,3229.0,2687.0,0.0,4953.0,4953.0,1880.0,807.0,2393.0,836.0
0.0,5795.0,2787.0,2699.0,1652.0,6136.0,6136.0,1893.0,806.0,2037.0,750.0
0.0,4660.0,2245.0,2693.0,4953.0,3404.0,3404.0,1889.0,804.0,1522.0,723.0
0.0,7368.0,2157.0,2676.0,6136.0,0.0,0.0,1873.0,803.0,1375.0,782.0
0.0,11347.0,2588.0,2665.0,3404.0,0.0,0.0,1861.0,804.0,1726.0,862.0
0.0,12163.0,3116.0,2672.0,0.0,1641.0,1641.0,1866.0,806.0,2231.0,885.0
0.0,9047.0,3222.0,2691.0,0.0,4939.0,4939.0,1883.0,808.0,2387.0,835.0
0.0,5825.0,2810.0,2704.0,1641.0,6160.0,6160.0,1896.0,808.0,2056.0,754.0
0.0,4656.0,2290.0,2697.0,4939.0,3483.0,3483.0,1892.0,805.0,1564.0,726.0
0.0,7305.0,2194.0,2679.0,6160.0,0.0,0.0,1876.0,803.0,1410.0,784.0
0.0,11271.0,2620.0,2668.0,3483.0,0.0,0.0,1864.0,804.0,1748.0,872.0
0.0,12134.0,3126.0,2676.0,0.0,1696.0,1696.0,1869.0,807.0,2227.0,899.0
0.0,9008.0,3218.0,2695.0,0.0,4990.0,4990.0,1886.0,809.0,2373.0,845.0
0.0,5790.0,2800.0,2708.0,1696.0,6146.0,6146.0,1899.0,809.0,2042.0,758.0
0.0,4686.0,2289.0,2701.0,4990.0,3417.0,3417.0,1895.0,806.0,1560.0,729.0
0.0,7387.0,2203.0,2684.0,6146.0,0.0,0.0,1879.0,805.0,1420.0,783.0
0.0,11330.0,2611.0,2674.0,3417.0,0.0,0.0,1868.0,806.0,1745.0,866.0
0.0,12136.0,3097.0,2681.0,0.0,1685.0,1685.0,1872.0,809.0,2205.0,892.0
0.0,9039.0,3184.0,2699.0,0.0,4941.0,4941.0,1888.0,811.0,2348.0,836.0
0.0,5855.0,2793.0,2711.0,1685.0,6097.0,6097.0,1901.0,810.0,2036.0,757.0
0.0,4747.0,2315.0,2706.0,4941.0,3451.0,3451.0,1898.0,808.0,1577.0,738.0
0.0,7373.0,2236.0,2688.0,6097.0,0.0,0.0,1882.0,806.0,1440.0,796.0
0.0,11234.0,2647.0,2677.0,3451.0,0.0,0.0,1870.0,807.0,1774.0,873.0
0.0,12038.0,3137.0,2684.0,0.0,1835.0,1835.0,1874.0,810.0,2244.0,893.0
0.0,8901.0,3206.0,2703.0,0.0,5117.0,5117.0,1891.0,812.0,2370.0,836.0
0.0,5695.0,2793.0,2715.0,1835.0,6123.0,6123.0,1904.0,811.0,2035.0,758.0
0.0,4737.0,2308.0,2709.0,5117.0,3290.0,3290.0,1900.0,809.0,1565.0,743.0
0.0,7546.0,2234.0,2692.0,6123.0,0.0,0.0,1885.0,807.0,1435.0,799.0
0.0,11435.0,2640.0,2681.0,3290.0,0.0,0.0,1873.0,808.0,1770.0,870.0
0.0,12085.0,3111.0,2688.0,0.0,1778.0,1778.0,1877.0,811.0,2229.0,882.0
0.0,8974.0,3173.0,2706.0,0.0,5023.0,5023.0,1893.0,813.0,2352.0,821.0
0.0,5801.0,2775.0,2718.0,1778.0,6068.0,6068.0,1906.0,812.0,2019.0,756.0
0.0,4804.0,2314.0,2713.0,5023.0,3339.0,3339.0,1903.0,810.0,1567.0,747.0
0.0,7513.0,2263.0,2697.0,6068.0,0.0,0.0,1888.0,809.0,1451.0,812.0
0.0,11318.0,2681.0,2686.0,3339.0,0.0,0.0,1876.0,810.0,1803.0,878.0
0.0,11976.0,3160.0,2692.0,0.0,1952.0,1952.0,1880.0,812.0,2272.0,888.0
0.0,8816.0,3215.0,2711.0,0.0,5243.0,5243.0,1897.0,814.0,2387.0,828.0
0.0,5601.0,2776.0,2723.0,1952.0,6115.0,6115.0,1910.0,813.0,2023.0,753.0
0.0,4777.0,2273.0,2717.0,5243.0,3121.0,3121.0,1906.0,811.0,1532.0,741.0
0.0,7747.0,2221.0,2700.0,6115.0,0.0,0.0,1890.0,810.0,1417.0,804.0
0.0,11641.0,2675.0,2688.0,3121.0,0.0,0.0,1878.0,810.0,1795.0,880.0
0.0,12087.0,3168.0,2696.0,0.0,1865.0,1865.0,1883.0,813.0,2280.0,888.0
0.0,8919.0,3217.0,2715.0,0.0,5158.0,5158.0,1900.0,815.0,2387.0,830.0
0.0,5702.0,2768.0,2728.0,1865.0,6113.0,6113.0,1913.0,815.0,2009.0,759.0
0.0,4799.0,2273.0,2722.0,5158.0,3204.0,3204.0,1909.0,813.0,1530.0,743.0
0.0,7684.0,2224.0,2705.0,6113.0,0.0,0.0,1894.0,811.0,1424.0,800.0
0.0,11573.0,2678.0,2694.0,3204.0,0.0,0.0,1882.0,812.0,1797.0,881.0
0.0,12099.0,3180.0,2701.0,0.0,1885.0,1885.0,1886.0,815.0,2284.0,896.0
0.0,8919.0,3247.0,2720.0,0.0,5208.0,5208.0,1903.0,817.0,2411.0,836.0
0.0,5672.0,2806.0,2731.0,1885.0,6173.0,6173.0,1915.0,816.0,2047.0,759.0
0.0,4751.0,2299.0,2726.0,5208.0,3244.0,3244.0,1912.0,814.0,1555.0,744.0
0.0,7660.0,2230.0,2708.0,6173.0,0.0,0.0,1896.0,812.0,1429.0,801.0
0.0,11603.0,2661.0,2697.0,3244.0,0.0,0.0,1885.0,812.0,1783.0,878.0
0.0,12186.0,3158.0,2704.0,0.0,1788.0,1788.0,1889.0,815.0,2260.0,898.0
0.0,9028.0,3228.0,2724.0,0.0,5096.0,5096.0,1906.0,818.0,2387.0,841.0
0.0,5800.0,2802.0,2735.0,1788.0,6154.0,6154.0,1918.0,817.0,2040.0,762.0
0.0,4786.0,2288.0,2730.0,5096.0,3326.0,3326.0,1915.0,815.0,1551.0,737.0
0.0,7594.0,2218.0,2712.0,6154.0,0.0,0.0,1899.0,813.0,1418.0,800.0
0.0,11530.0,2659.0,2702.0,3326.0,0.0,0.0,1888.0,814.0,1775.0,884.0
0.0,12197.0,3182.0,2709.0,0.0,1821.0,1821.0,1892.0,817.0,2280.0,902.0
0.0,9015.0,3272.0,2728.0,0.0,5169.0,5169.0,1909.0,819.0,2426.0,846.0
0.0,5743.0,2832.0,2740.0,1821.0,6228.0,6228.0,1921.0,819.0,2070.0,762.0
0.0,4732.0,2297.0,2734.0,5169.0,3332.0,3332.0,1918.0,816.0,1558.0,739.0
0.0,7604.0,2208.0,2716.0,6228.0,0.0,0.0,1902.0,814.0,1407.0,801.0
0.0,11624.0,2659.0,2705.0,3332.0,0.0,0.0,1890.0,815.0,1771.0,888.0
0.0,12297.0,3196.0,2713.0,0.0,1751.0,1751.0,1895.0,818.0,2283.0,913.0
0.0,9101.0,3272.0,2732.0,0.0,5099.0,5099.0,1912.0,820.0,2426.0,846.0
0.0,5829.0,2808.0,2744.0,1751.0,6204.0,6204.0,1924.0,820.0,2058.0,750.0
0.0,4772.0,2275.0,2737.0,5099.0,3352.0,3352.0,1920.0,817.0,1550.0,725.0
0.0,7596.0,2195.0,2720.0,6204.0,0.0,0.0,1905.0,815.0,1401.0,794.0
0.0,11605.0,2664.0,2709.0,3352.0,0.0,0.0,1893.0,816.0,1771.0,893.0
0.0,12293.0,3222.0,2718.0,0.0,1801.0,1801.0,1898.0,820.0,2294.0,928.0
0.0,9071.0,3303.0,2737.0,0.0,5180.0,5180.0,1915.0,822.0,2445.0,858.0
0.0,5768.0,2841.0,2749.0,1801.0,6268.0,6268.0,1928.0,821.0,2084.0,757.0
0.0,4728.0,2301.0,2742.0,5180.0,3361.0,3361.0,1924.0,818.0,1572.0,729.0
0.0,7607.0,2226.0,2725.0,6268.0,0.0,0.0,1908.0,817.0,1423.0,803.0
0.0,11649.0,2687.0,2715.0,3361.0,0.0,0.0,1897.0,818.0,1784.0,903.0
0.0,12323.0,3220.0,2723.0,0.0,1789.0,1789.0,1902.0,821.0,2292.0,928.0
0.0,9103.0,3281.0,2741.0,0.0,5142.0,5142.0,1918.0,823.0,2434.0,847.0
0.0,5822.0,2813.0,2752.0,1789.0,6210.0,6210.0,1930.0,822.0,2070.0,743.0
0.0,4798.0,2274.0,2745.0,5142.0,3314.0,3314.0,1926.0,819.0,1559.0,715.0
0.0,7666.0,2200.0,2729.0,6210.0,0.0,0.0,1911.0,818.0,1405.0,795.0
0.0,11676.0,2654.0,2718.0,3314.0,0.0,0.0,1899.0,819.0,1754.0,900.0
0.0,12336.0,3183.0,2726.0,0.0,1751.0,1751.0,1904.0,822.0,2257.0,926.0
0.0,9153.0,3257.0,2744.0,0.0,5080.0,5080.0,1920.0,824.0,2410.0,847.0
0.0,5896.0,2833.0,2755.0,1751.0,6206.0,6206.0,1932.0,823.0,2086.0,747.0
0.0,4814.0,2353.0,2749.0,5080.0,3455.0,3455.0,1929.0,820.0,1620.0,733.0
0.0,7541.0,2294.0,2732.0,6206.0,0.0,0.0,1913.0,819.0,1474.0,820.0
0.0,11453.0,2707.0,2723.0,3455.0,0.0,0.0,1902.0,821.0,1787.0,920.0
0.0,12201.0,3186.0,2730.0,0.0,1905.0,1905.0,1906.0,824.0,2252.0,934.0
0.0,9015.0,3244.0,2749.0,0.0,5225.0,5225.0,1923.0,826.0,2401.0,843.0
0.0,5771.0,2820.0,2761.0,1905.0,6188.0,6188.0,1936.0,825.0,2082.0,738.0
0.0,4856.0,2343.0,2754.0,5225.0,3278.0,3278.0,1932.0,822.0,1619.0,724.0
0.0,7738.0,2287.0,2737.0,6188.0,0.0,0.0,1917.0,820.0,1470.0,817.0
0.0,11639.0,2693.0,2727.0,3278.0,0.0,0.0,1905.0,822.0,1777.0,916.0
0.0,12224.0,3143.0,2734.0,0.0,1855.0,1855.0,1909.0,825.0,2224.0,919.0
0.0,9081.0,3198.0,2752.0,0.0,5125.0,5125.0,1925.0,827.0,2369.0,829.0
0.0,5883.0,2806.0,2764.0,1855.0,6124.0,6124.0,1938.0,826.0,2071.0,735.0
0.0,4932.0,2364.0,2757.0,5125.0,3335.0,3335.0,1934.0,823.0,1627.0,737.0
0.0,7693.0,2324.0,2741.0,6124.0,0.0,0.0,1919.0,822.0,1487.0,837.0
0.0,11493.0,2741.0,2731.0,3335.0,0.0,0.0,1907.0,824.0,1810.0,931.0
0.0,12087.0,3208.0,2739.0,0.0,2077.0,2077.0,1912.0,827.0,2281.0,927.0
0.0,8879.0,3231.0,2756.0,0.0,5376.0,5376.0,1928.0,828.0,2402.0,829.0
0.0,5648.0,2798.0,2767.0,2077.0,6141.0,6141.0,1940.0,827.0,2058.0,740.0
0.0,4927.0,2338.0,2762.0,5376.0,3083.0,3083.0,1937.0,825.0,1594.0,744.0
0.0,7965.0,2305.0,2745.0,6141.0,0.0,0.0,1922.0,823.0,1475.0,830.0
0.0,11801.0,2740.0,2736.0,3083.0,0.0,0.0,1911.0,825.0,1826.0,914.0
0.0,12144.0,3196.0,2743.0,0.0,2024.0,2024.0,1915.0,828.0,2284.0,912.0
0.0,8948.0,3201.0,2760.0,0.0,5293.0,5293.0,1931.0,829.0,2383.0,818.0
0.0,5747.0,2752.0,2771.0,2024.0,6065.0,6065.0,1943.0,828.0,2017.0,735.0
0.0,5019.0,2318.0,2764.0,5293.0,3062.0,3062.0,1939.0,825.0,1573.0,745.0
0.0,7994.0,2337.0,2748.0,6065.0,0.0,0.0,1924.0,824.0,1495.0,842.0
0.0,11722.0,2787.0,2739.0,3062.0,0.0,0.0,1913.0,826.0,1858.0,929.0
0.0,11997.0,3233.0,2747.0,0.0,2224.0,2224.0,1918.0,829.0,2312.0,921.0
0.0,8764.0,3234.0,2765.0,0.0,5530.0,5530.0,1934.0,831.0,2399.0,835.0
0.0,5530.0,2785.0,2776.0,2224.0,6135.0,6135.0,1946.0,830.0,2034.0,751.0
0.0,4969.0,2331.0,2769.0,5530.0,2908.0,2908.0,1942.0,827.0,1574.0,757.0
0.0,8168.0,2329.0,2753.0,6135.0,0.0,0.0,1927.0,826.0,1488.0,841.0
0.0,11974.0,2776.0,2743.0,2908.0,0.0,0.0,1916.0,827.0,1854.0,922.0
0.0,12106.0,3217.0,2751.0,0.0,2115.0,2115.0,1921.0,830.0,2307.0,910.0
0.0,8889.0,3204.0,2769.0,0.0,5391.0,5391.0,1937.0,832.0,2386.0,818.0
0.0,5685.0,2760.0,2780.0,2115.0,6080.0,6080.0,1949.0,831.0,2021.0,739.0
0.0,5040.0,2318.0,2773.0,5391.0,2979.0,2979.0,1945.0,828.0,1567.0,751.0
0.0,8113.0,2327.0,2756.0,6080.0,0.0,0.0,1929.0,827.0,1481.0,846.0
0.0,11866.0,2789.0,2746.0,2979.0,0.0,0.0,1918.0,828.0,1863.0,926.0
0.0,12056.0,3248.0,2754.0,0.0,2208.0,2208.0,1923.0,831.0,2333.0,915.0
0.0,8808.0,3259.0,2772.0,0.0,5539.0,5539.0,1939.0,833.0,2429.0,830.0
0.0,5549.0,2810.0,2783.0,2208.0,6185.0,6185.0,1951.0,832.0,2054.0,756.0
0.0,4947.0,2355.0,2777.0,5539.0,2977.0,2977.0,1947.0,830.0,1584.0,771.0
0.0,8131.0,2332.0,2760.0,6185.0,0.0,0.0,1932.0,828.0,1478.0,854.0
0.0,11984.0,2758.0,2750.0,2977.0,0.0,0.0,1920.0,830.0,1838.0,920.0
0.0,12203.0,3208.0,2757.0,0.0,2033.0,2033.0,1925.0,832.0,2309.0,899.0
0.0,8995.0,3235.0,2775.0,0.0,5340.0,5340.0,1941.0,834.0,2417.0,818.0
0.0,5760.0,2813.0,2788.0,2033.0,6172.0,6172.0,1954.0,834.0,2062.0,751.0
0.0,4980.0,2352.0,2782.0,5340.0,3160.0,3160.0,1951.0,831.0,1587.0,765.0
0.0,7968.0,2318.0,2766.0,6172.0,0.0,0.0,1936.0,830.0,1471.0,847.0
0.0,11822.0,2742.0,2755.0,3160.0,0.0,0.0,1924.0,831.0,1823.0,919.0
0.0,12240.0,3211.0,2763.0,0.0,2023.0,2023.0,1929.0,834.0,2304.0,907.0
0.0,9029.0,3269.0,2781.0,0.0,5364.0,5364.0,1945.0,836.0,2444.0,825.0
0.0,5760.0,2851.0,2790.0,2023.0,6228.0,6228.0,1956.0,834.0,2096.0,755.0
0.0,4932.0,2382.0,2785.0,5364.0,3226.0,3226.0,1953.0,832.0,1613.0,769.0
0.0,7914.0,2328.0,2768.0,6228.0,0.0,0.0,1938.0,830.0,1474.0,854.0
0.0,11814.0,2736.0,2759.0,3226.0,0.0,0.0,1927.0,832.0,1810.0,926.0
0.0,12304.0,3206.0,2766.0,0.0,1966.0,1966.0,1931.0,835.0,2290.0,916.0
0.0,9098.0,3262.0,2783.0,0.0,5296.0,5296.0,1946.0,837.0,2435.0,827.0
0.0,5836.0,2842.0,2794.0,1966.0,6216.0,6216.0,1958.0,836.0,2092.0,750.0
0.0,4960.0,2374.0,2788.0,5296.0,3270.0,3270.0,1955.0,833.0,1615.0,759.0
0.0,7882.0,2307.0,2772.0,6216.0,0.0,0.0,1941.0,831.0,1459.0,848.0
0.0,11791.0,2715.0,2763.0,3270.0,0.0,0.0,1930.0,833.0,1792.0,923.0
0.0,12346.0,3201.0,2771.0,0.0,1939.0,1939.0,1934.0,837.0,2290.0,911.0
0.0,9145.0,3264.0,2787.0,0.0,5267.0,5267.0,1949.0,838.0,2443.0,821.0
0.0,5881.0,2869.0,2798.0,1939.0,6241.0,6241.0,1962.0,836.0,2120.0,749.0
0.0,4951.0,2410.0,2791.0,5267.0,3356.0,3356.0,1958.0,833.0,1644.0,766.0
0.0,7808.0,2357.0,2775.0,6241.0,0.0,0.0,1943.0,832.0,1499.0,858.0
0.0,11692.0,2755.0,2766.0,3356.0,0.0,0.0,1932.0,834.0,1816.0,939.0
0.0,12293.0,3207.0,2774.0,0.0,2010.0,2010.0,1936.0,838.0,2280.0,927.0
0.0,9086.0,3258.0,2791.0,0.0,5336.0,5336.0,1952.0,839.0,2427.0,831.0
0.0,5828.0,2850.0,2803.0,2010.0,6224.0,6224.0,1965.0,838.0,2107.0,743.0
0.0,4988.0,2387.0,2796.0,5336.0,3247.0,3247.0,1961.0,835.0,1638.0,749.0
0.0,7937.0,2344.0,2779.0,6224.0,0.0,0.0,1946.0,833.0,1496.0,848.0
0.0,11817.0,2745.0,2771.0,3247.0,0.0,0.0,1935.0,836.0,1804.0,941.0
0.0,12319.0,3192.0,2778.0,0.0,1985.0,1985.0,1939.0,839.0,2263.0,929.0
0.0,9127.0,3251.0,2797.0,0.0,5312.0,5312.0,1956.0,841.0,2418.0,833.0
0.0,5876.0,2858.0,2807.0,1985.0,6225.0,6225.0,1968.0,839.0,2117.0,741.0
0.0,5003.0,2407.0,2800.0,5312.0,3292.0,3292.0,1964.0,836.0,1665.0,742.0
0.0,7908.0,2372.0,2783.0,6225.0,0.0,0.0,1949.0,834.0,1527.0,845.0
0.0,11761.0,2778.0,2774.0,3292.0,0.0,0.0,1938.0,836.0,1833.0,945.0
0.0,12275.0,3218.0,2783.0,0.0,2075.0,2075.0,1943.0,840.0,2277.0,941.0
0.0,9057.0,3244.0,2800.0,0.0,5387.0,5387.0,1959.0,841.0,2405.0,839.0
0.0,5813.0,2838.0,2810.0,2075.0,6190.0,6190.0,1970.0,840.0,2096.0,742.0
0.0,5050.0,2410.0,2803.0,5387.0,3185.0,3185.0,1967.0,836.0,1664.0,746.0
0.0,8027.0,2388.0,2787.0,6190.0,0.0,0.0,1952.0,835.0,1539.0,849.0
0.0,11829.0,2777.0,2778.0,3185.0,0.0,0.0,1941.0,837.0,1836.0,941.0
0.0,12237.0,3193.0,2787.0,0.0,2104.0,2104.0,1946.0,841.0,2260.0,933.0
0.0,9044.0,3211.0,2804.0,0.0,5383.0,5383.0,1961.0,843.0,2377.0,834.0
0.0,5833.0,2830.0,2814.0,2104.0,6149.0,6149.0,1973.0,841.0,2085.0,745.0
0.0,5107.0,2430.0,2806.0,5383.0,3164.0,3164.0,1969.0,837.0,1674.0,756.0
0.0,8060.0,2423.0,2791.0,6149.0,0.0,0.0,1955.0,836.0,1567.0,856.0
0.0,11786.0,2820.0,2783.0,3164.0,0.0,0.0,1944.0,839.0,1875.0,945.0
0.0,12130.0,3214.0,2790.0,0.0,2244.0,2244.0,1948.0,842.0,2283.0,931.0
0.0,8916.0,3221.0,2807.0,0.0,5533.0,5533.0,1964.0,843.0,2390.0,831.0
0.0,5695.0,2835.0,2817.0,2244.0,6164.0,6164.0,1976.0,841.0,2088.0,747.0
0.0,5104.0,2440.0,2811.0,5533.0,3047.0,3047.0,1973.0,838.0,1679.0,761.0
0.0,8197.0,2422.0,2795.0,6164.0,0.0,0.0,1958.0,837.0,1561.0,861.0
0.0,11939.0,2793.0,2787.0,3047.0,0.0,0.0,1947.0,840.0,1851.0,942.0
0.0,12193.0,3177.0,2794.0,0.0,2160.0,2160.0,1951.0,843.0,2251.0,926.0
0.0,9016.0,3190.0,2810.0,0.0,5414.0,5414.0,1966.0,844.0,2363.0,827.0
0.0,5826.0,2822.0,2820.0,2160.0,6116.0,6116.0,1978.0,842.0,2078.0,744.0
0.0,5164.0,2443.0,2814.0,5414.0,3121.0,3121.0,1975.0,839.0,1674.0,769.0
0.0,8135.0,2443.0,2800.0,6116.0,0.0,0.0,1961.0,839.0,1573.0,870.0
0.0,11808.0,2839.0,2791.0,3121.0,0.0,0.0,1950.0,841.0,1888.0,951.0
0.0,12090.0,3236.0,2798.0,0.0,2338.0,2338.0,1954.0,844.0,2306.0,930.0
0.0,8854.0,3228.0,2815.0,0.0,5634.0,5634.0,1969.0,846.0,2400.0,828.0
0.0,5626.0,2822.0,2825.0,2338.0,6158.0,6158.0,1981.0,844.0,2072.0,750.0
0.0,5142.0,2428.0,2819.0,5634.0,2928.0,2928.0,1978.0,841.0,1656.0,772.0
0.0,8348.0,2431.0,2804.0,6158.0,0.0,0.0,1964.0,840.0,1561.0,870.0
0.0,12075.0,2826.0,2795.0,2928.0,0.0,0.0,1953.0,842.0,1879.0,947.0
0.0,12177.0,3226.0,2802.0,0.0,2257.0,2257.0,1957.0,845.0,2304.0,922.0
0.0,8951.0,3216.0,2818.0,0.0,5537.0,5537.0,1972.0,846.0,2395.0,821.0
0.0,5735.0,2810.0,2829.0,2257.0,6134.0,6134.0,1984.0,845.0,2062.0,748.0
0.0,5182.0,2413.0,2823.0,5537.0,2986.0,2986.0,1981.0,842.0,1635.0,778.0
0.0,8306.0,2427.0,2807.0,6134.0,0.0,0.0,1966.0,841.0,1547.0,880.0
0.0,12013.0,2863.0,2800.0,2986.0,0.0,0.0,1956.0,844.0,1905.0,958.0
0.0,12136.0,3280.0,2807.0,0.0,2372.0,2372.0,1960.0,847.0,2353.0,927.0
0.0,8856.0,3268.0,2824.0,0.0,5708.0,5708.0,1976.0,848.0,2443.0,825.0
0.0,5588.0,2840.0,2833.0,2372.0,6212.0,6212.0,1987.0,846.0,2087.0,753.0
0.0,5120.0,2407.0,2826.0,5708.0,2883.0,2883.0,1983.0,843.0,1624.0,783.0
0.0,8421.0,2414.0,2811.0,6212.0,0.0,0.0,1969.0,842.0,1531.0,883.0
0.0,12219.0,2841.0,2804.0,2883.0,0.0,0.0,1959.0,845.0,1893.0,948.0
0.0,12261.0,3264.0,2812.0,0.0,2251.0,2251.0,1964.0,848.0,2354.0,910.0
0.0,8997.0,3246.0,2828.0,0.0,5561.0,5561.0,1979.0,849.0,2438.0,808.0
0.0,5751.0,2816.0,2837.0,2251.0,6162.0,6162.0,1990.0,847.0,2069.0,747.0
0.0,5186.0,2399.0,2830.0,5561.0,2972.0,2972.0,1986.0,844.0,1614.0,785.0
0.0,8348.0,2426.0,2815.0,6162.0,0.0,0.0,1972.0,843.0,1533.0,893.0
0.0,12084.0,2860.0,2808.0,2972.0,0.0,0.0,1962.0,846.0,1898.0,962.0
0.0,12196.0,3283.0,2816.0,0.0,2351.0,2351.0,1967.0,849.0,2359.0,924.0
0.0,8913.0,3272.0,2833.0,0.0,5691.0,5691.0,1982.0,851.0,2452.0,820.0
0.0,5641.0,2846.0,2842.0,2351.0,6222.0,6222.0,1993.0,849.0,2093.0,753.0
0.0,5146.0,2426.0,2835.0,5691.0,2929.0,2929.0,1989.0,846.0,1635.0,791.0
0.0,8411.0,2447.0,2820.0,6222.0,0.0,0.0,1975.0,845.0,1546.0,901.0
0.0,12186.0,2861.0,2813.0,2929.0,0.0,0.0,1965.0,848.0,1897.0,964.0
0.0,12254.0,3262.0,2821.0,0.0,2292.0,2292.0,1970.0,851.0,2346.0,916.0
0.0,8992.0,3246.0,2837.0,0.0,5602.0,5602.0,1985.0,852.0,2443.0,803.0
0.0,5746.0,2825.0,2846.0,2292.0,6171.0,6171.0,1996.0,850.0,2089.0,736.0
0.0,5213.0,2418.0,2839.0,5602.0,2959.0,2959.0,1992.0,847.0,1638.0,780.0
0.0,8397.0,2430.0,2824.0,6171.0,0.0,0.0,1978.0,846.0,1533.0,897.0
0.0,12138.0,2847.0,2817.0,2959.0,0.0,0.0,1968.0,849.0,1879.0,968.0
0.0,12250.0,3248.0,2825.0,0.0,2298.0,2298.0,1973.0,852.0,2327.0,921.0
0.0,9002.0,3250.0,2841.0,0.0,5612.0,5612.0,1988.0,853.0,2441.0,809.0
0.0,5752.0,2853.0,2849.0,2298.0,6199.0,6199.0,1998.0,851.0,2106.0,747.0
0.0,5197.0,2474.0,2842.0,5612.0,3033.0,3033.0,1994.0,848.0,1672.0,802.0
0.0,8335.0,2479.0,2828.0,6199.0,0.0,0.0,1980.0,848.0,1565.0,914.0
0.0,12055.0,2874.0,2822.0,3033.0,0.0,0.0,1971.0,851.0,1903.0,971.0
0.0,12214.0,3250.0,2830.0,0.0,2356.0,2356.0,1976.0,854.0,2329.0,921.0
0.0,8964.0,3239.0,2845.0,0.0,5655.0,5655.0,1990.0,855.0,2435.0,804.0
0.0,5725.0,2837.0,2854.0,2356.0,6172.0,6172.0,2001.0,853.0,2103.0,734.0
0.0,5244.0,2451.0,2846.0,5655.0,2936.0,2936.0,1997.0,849.0,1669.0,782.0
0.0,8448.0,2444.0,2833.0,6172.0,0.0,0.0,1984.0,849.0,1551.0,893.0
0.0,12176.0,2837.0,2825.0,2936.0,0.0,0.0,1974.0,851.0,1876.0,961.0
0.0,12275.0,3236.0,2834.0,0.0,2297.0,2297.0,1979.0,855.0,2319.0,917.0
0.0,9039.0,3252.0,2850.0,0.0,5613.0,5613.0,1994.0,856.0,2443.0,809.0
0.0,5787.0,2885.0,2857.0,2297.0,6229.0,6229.0,2004.0,853.0,2130.0,755.0
0.0,5199.0,2498.0,2851.0,5613.0,3090.0,3090.0,2001.0,850.0,1695.0,803.0
0.0,8314.0,2488.0,2837.0,6229.0,0.0,0.0,1987.0,850.0,1580.0,908.0
0.0,12055.0,2869.0,2830.0,3090.0,0.0,0.0,1977.0,853.0,1900.0,969.0
0.0,12276.0,3254.0,2838.0,0.0,2330.0,2330.0,1982.0,856.0,2326.0,928.0
0.0,9022.0,3248.0,2854.0,0.0,5642.0,5642.0,1997.0,857.0,2431.0,817.0
0.0,5774.0,2854.0,2862.0,2330.0,6198.0,6198.0,2007.0,855.0,2105.0,749.0
0.0,5250.0,2467.0,2856.0,5642.0,2999.0,2999.0,2004.0,852.0,1681.0,786.0
0.0,8425.0,2482.0,2841.0,6198.0,0.0,0.0,1990.0,851.0,1590.0,892.0
0.0,12141.0,2873.0,2834.0,2999.0,0.0,0.0,1980.0,854.0,1912.0,961.0
0.0,12267.0,3242.0,2842.0,0.0,2343.0,2343.0,1985.0,857.0,2317.0,925.0
0.0,9025.0,3211.0,2858.0,0.0,5618.0,5618.0,2000.0,858.0,2395.0,816.0
0.0,5814.0,2830.0,2865.0,2343.0,6133.0,6133.0,2010.0,855.0,2083.0,747.0
0.0,5327.0,2484.0,2858.0,5618.0,2971.0,2971.0,2006.0,852.0,1693.0,791.0
0.0,8461.0,2538.0,2844.0,6133.0,0.0,0.0,1992.0,852.0,1631.0,907.0
0.0,12056.0,2937.0,2838.0,2971.0,0.0,0.0,1983.0,855.0,1960.0,977.0
0.0,12090.0,3287.0,2846.0,0.0,2581.0,2581.0,1988.0,858.0,2349.0,938.0
0.0,8803.0,3239.0,2862.0,0.0,5884.0,5884.0,2003.0,859.0,2408.0,831.0
0.0,5564.0,2849.0,2871.0,2581.0,6188.0,6188.0,2014.0,857.0,2089.0,760.0
0.0,5296.0,2479.0,2864.0,5884.0,2755.0,2755.0,2010.0,854.0,1688.0,791.0
0.0,8701.0,2503.0,2849.0,6188.0,0.0,0.0,1996.0,853.0,1608.0,895.0
0.0,12386.0,2889.0,2842.0,2755.0,0.0,0.0,1986.0,856.0,1926.0,963.0
0.0,12252.0,3259.0,2851.0,0.0,2411.0,2411.0,1991.0,860.0,2333.0,926.0
0.0,8993.0,3231.0,2866.0,0.0,5702.0,5702.0,2006.0,860.0,2413.0,818.0
0.0,5762.0,2823.0,2875.0,2411.0,6150.0,6150.0,2017.0,858.0,2074.0,749.0
0.0,5350.0,2455.0,2866.0,5702.0,2867.0,2867.0,2012.0,854.0,1665.0,790.0
0.0,8597.0,2509.0,2852.0,6150.0,0.0,0.0,1998.0,854.0,1602.0,907.0
0.0,12238.0,2934.0,2845.0,2867.0,0.0,0.0,1988.0,857.0,1958.0,976.0
0.0,12171.0,3324.0,2855.0,0.0,2573.0,2573.0,1994.0,861.0,2386.0,938.0
0.0,8847.0,3288.0,2871.0,0.0,5925.0,5925.0,2010.0,861.0,2459.0,829.0
0.0,5559.0,2854.0,2879.0,2573.0,6238.0,6238.0,2020.0,859.0,2097.0,757.0
0.0,5278.0,2445.0,2870.0,5925.0,2722.0,2722.0,2015.0,855.0,1652.0,793.0
0.0,8758.0,2462.0,2855.0,6238.0,0.0,0.0,2000.0,855.0,1559.0,903.0
0.0,12534.0,2903.0,2848.0,2722.0,0.0,0.0,1990.0,858.0,1926.0,977.0
0.0,12353.0,3319.0,2858.0,0.0,2398.0,2398.0,1996.0,862.0,2379.0,940.0
0.0,9034.0,3288.0,2875.0,0.0,5754.0,5754.0,2012.0,863.0,2464.0,824.0
0.0,5746.0,2847.0,2883.0,2398.0,6235.0,6235.0,2023.0,860.0,2098.0,749.0
0.0,5297.0,2410.0,2875.0,5754.0,2859.0,2859.0,2018.0,857.0,1626.0,784.0
0.0,8641.0,2441.0,2859.0,6235.0,0.0,0.0,2003.0,856.0,1541.0,900.0
0.0,12435.0,2920.0,2853.0,2859.0,0.0,0.0,1993.0,860.0,1942.0,978.0
0.0,12374.0,3368.0,2862.0,0.0,2442.0,2442.0,1999.0,863.0,2423.0,945.0
0.0,9006.0,3348.0,2879.0,0.0,5858.0,5858.0,2015.0,864.0,2511.0,837.0
0.0,5658.0,2874.0,2887.0,2442.0,6322.0,6322.0,2026.0,861.0,2114.0,760.0
0.0,5226.0,2421.0,2879.0,5858.0,2853.0,2853.0,2021.0,858.0,1625.0,796.0
0.0,8663.0,2440.0,2863.0,6322.0,0.0,0.0,2005.0,858.0,1535.0,905.0
0.0,12545.0,2919.0,2857.0,2853.0,0.0,0.0,1996.0,861.0,1941.0,978.0
0.0,12479.0,3383.0,2867.0,0.0,2372.0,2372.0,2002.0,865.0,2439.0,944.0
0.0,9096.0,3348.0,2885.0,0.0,5792.0,5792.0,2019.0,866.0,2518.0,830.0
0.0,5748.0,2847.0,2892.0,2372.0,6295.0,6295.0,2029.0,863.0,2100.0,747.0
0.0,5273.0,2363.0,2883.0,5792.0,2830.0,2830.0,2023.0,860.0,1581.0,782.0
0.0,8702.0,2390.0,2867.0,6295.0,0.0,0.0,2008.0,859.0,1492.0,898.0
0.0,12607.0,2912.0,2861.0,2830.0,0.0,0.0,1998.0,863.0,1927.0,985.0
0.0,12525.0,3412.0,2870.0,0.0,2367.0,2367.0,2004.0,866.0,2461.0,951.0
0.0,9113.0,3397.0,2888.0,0.0,5836.0,5836.0,2021.0,867.0,2562.0,835.0
0.0,5716.0,2896.0,2895.0,2367.0,6393.0,6393.0,2031.0,864.0,2138.0,758.0
0.0,5187.0,2398.0,2887.0,5836.0,2923.0,2923.0,2026.0,861.0,1604.0,794.0
0.0,8625.0,2402.0,2870.0,6393.0,0.0,0.0,2010.0,860.0,1500.0,902.0
0.0,12616.0,2901.0,2863.0,2923.0,0.0,0.0,2000.0,863.0,1924.0,977.0
0.0,12638.0,3396.0,2874.0,0.0,2254.0,2254.0,2007.0,867.0,2451.0,945.0
0.0,9242.0,3400.0,2892.0,0.0,5726.0,5726.0,2024.0,868.0,2558.0,842.0
0.0,5842.0,2894.0,2900.0,2254.0,6398.0,6398.0,2034.0,866.0,2131.0,763.0
0.0,5202.0,2386.0,2890.0,5726.0,3018.0,3018.0,2028.0,862.0,1597.0,789.0
0.0,8542.0,2377.0,2874.0,6398.0,0.0,0.0,2012.0,862.0,1482.0,895.0
0.0,12563.0,2877.0,2867.0,3018.0,0.0,0.0,2002.0,865.0,1897.0,980.0
0.0,12704.0,3388.0,2878.0,0.0,2196.0,2196.0,2009.0,869.0,2436.0,952.0
0.0,9316.0,3412.0,2896.0,0.0,5680.0,5680.0,2026.0,870.0,2573.0,839.0
0.0,5904.0,2936.0,2904.0,2196.0,6452.0,6452.0,2037.0,867.0,2181.0,755.0
0.0,5164.0,2444.0,2894.0,5680.0,3176.0,3176.0,2031.0,863.0,1659.0,785.0
0.0,8400.0,2423.0,2878.0,6452.0,0.0,0.0,2015.0,863.0,1519.0,904.0
0.0,12429.0,2881.0,2871.0,3176.0,0.0,0.0,2005.0,866.0,1890.0,991.0
0.0,12724.0,3377.0,2881.0,0.0,2177.0,2177.0,2011.0,870.0,2414.0,963.0
0.0,9347.0,3404.0,2898.0,0.0,5649.0,5649.0,2028.0,870.0,2565.0,839.0
0.0,5943.0,2920.0,2906.0,2177.0,6424.0,6424.0,2039.0,867.0,2178.0,742.0
0.0,5200.0,2420.0,2898.0,5649.0,3163.0,3163.0,2034.0,864.0,1648.0,772.0
0.0,8429.0,2385.0,2880.0,6424.0,0.0,0.0,2017.0,863.0,1492.0,893.0
0.0,12468.0,2863.0,2874.0,3163.0,0.0,0.0,2007.0,867.0,1870.0,993.0
0.0,12768.0,3376.0,2884.0,0.0,2144.0,2144.0,2013.0,871.0,2403.0,973.0
0.0,9392.0,3421.0,2903.0,0.0,5641.0,5641.0,2031.0,872.0,2570.0,851.0
0.0,5971.0,2958.0,2911.0,2144.0,6487.0,6487.0,2042.0,869.0,2206.0,752.0
0.0,5157.0,2469.0,2902.0,5641.0,3279.0,3279.0,2037.0,865.0,1694.0,775.0
0.0,8329.0,2438.0,2886.0,6487.0,0.0,0.0,2021.0,865.0,1534.0,904.0
0.0,12378.0,2897.0,2878.0,3279.0,0.0,0.0,2010.0,868.0,1893.0,1004.0
0.0,12760.0,3378.0,2888.0,0.0,2170.0,2170.0,2016.0,872.0,2404.0,974.0
0.0,9382.0,3394.0,2906.0,0.0,5636.0,5636.0,2033.0,873.0,2552.0,842.0
0.0,5988.0,2935.0,2915.0,2170.0,6437.0,6437.0,2045.0,870.0,2193.0,742.0
0.0,5223.0,2455.0,2907.0,5636.0,3224.0,3224.0,2041.0,866.0,1684.0,771.0
0.0,8404.0,2434.0,2889.0,6437.0,0.0,0.0,2024.0,865.0,1533.0,901.0
0.0,12407.0,2904.0,2883.0,3224.0,0.0,0.0,2014.0,869.0,1899.0,1005.0
0.0,12727.0,3364.0,2892.0,0.0,2205.0,2205.0,2019.0,873.0,2390.0,974.0
0.0,9363.0,3373.0,2911.0,0.0,5654.0,5654.0,2037.0,874.0,2529.0,844.0
0.0,5990.0,2919.0,2920.0,2205.0,6404.0,6404.0,2049.0,871.0,2173.0,746.0
0.0,5276.0,2470.0,2911.0,5654.0,3184.0,3184.0,2044.0,867.0,1687.0,783.0
0.0,8460.0,2476.0,2894.0,6404.0,0.0,0.0,2027.0,867.0,1565.0,911.0
0.0,12388.0,2943.0,2886.0,3184.0,0.0,0.0,2016.0,870.0,1941.0,1002.0
0.0,12629.0,3414.0,2897.0,0.0,2373.0,2373.0,2023.0,874.0,2440.0,974.0
0.0,9215.0,3397.0,2915.0,0.0,5842.0,5842.0,2040.0,875.0,2544.0,853.0
0.0,5818.0,2903.0,2924.0,2373.0,6408.0,6408.0,2052.0,872.0,2148.0,755.0
0.0,5288.0,2430.0,2915.0,5842.0,2960.0,2960.0,2047.0,868.0,1650.0,780.0
0.0,8700.0,2440.0,2897.0,6408.0,0.0,0.0,2029.0,868.0,1544.0,896.0
0.0,12668.0,2936.0,2889.0,2960.0,0.0,0.0,2018.0,871.0,1944.0,992.0
0.0,12692.0,3420.0,2900.0,0.0,2328.0,2328.0,2025.0,875.0,2451.0,969.0
0.0,9272.0,3394.0,2920.0,0.0,5802.0,5802.0,2044.0,876.0,2545.0,849.0
0.0,5878.0,2875.0,2929.0,2328.0,6385.0,6385.0,2056.0,873.0,2122.0,753.0
0.0,5331.0,2401.0,2920.0,5802.0,2948.0,2948.0,2050.0,870.0,1617.0,784.0
0.0,8732.0,2453.0,2901.0,6385.0,0.0,0.0,2032.0,869.0,1543.0,910.0
0.0,12664.0,2993.0,2893.0,2948.0,0.0,0.0,2021.0,872.0,1986.0,1007.0
0.0,12619.0,3487.0,2904.0,0.0,2484.0,2484.0,2028.0,876.0,2509.0,978.0
0.0,9132.0,3451.0,2925.0,0.0,6019.0,6019.0,2047.0,878.0,2591.0,860.0
0.0,5681.0,2904.0,2934.0,2484.0,6475.0,6475.0,2059.0,875.0,2144.0,760.0
0.0,5261.0,2388.0,2924.0,6019.0,2804.0,2804.0,2053.0,871.0,1609.0,779.0
0.0,8892.0,2425.0,2906.0,6475.0,0.0,0.0,2036.0,870.0,1526.0,899.0
0.0,12942.0,2959.0,2897.0,2804.0,0.0,0.0,2024.0,873.0,1963.0,996.0
0.0,12787.0,3474.0,2908.0,0.0,2319.0,2319.0,2031.0,877.0,2497.0,977.0
0.0,9313.0,3438.0,2929.0,0.0,5841.0,5841.0,2050.0,879.0,2583.0,855.0
0.0,5875.0,2876.0,2939.0,2319.0,6438.0,6438.0,2063.0,876.0,2125.0,751.0
0.0,5318.0,2361.0,2929.0,5841.0,2918.0,2918.0,2057.0,872.0,1586.0,775.0
0.0,8798.0,2421.0,2910.0,6438.0,0.0,0.0,2039.0,871.0,1516.0,905.0
0.0,12815.0,3005.0,2902.0,2918.0,0.0,0.0,2028.0,874.0,1992.0,1013.0
0.0,12728.0,3539.0,2914.0,0.0,2467.0,2467.0,2035.0,879.0,2544.0,995.0
0.0,9189.0,3484.0,2933.0,0.0,6027.0,6027.0,2053.0,880.0,2618.0,866.0
0.0,5705.0,2893.0,2943.0,2467.0,6493.0,6493.0,2065.0,878.0,2135.0,758.0
0.0,5279.0,2358.0,2933.0,6027.0,2784.0,2784.0,2059.0,874.0,1579.0,779.0
0.0,8948.0,2403.0,2913.0,6493.0,0.0,0.0,2041.0,872.0,1498.0,905.0
0.0,13038.0,2979.0,2906.0,2784.0,0.0,0.0,2030.0,876.0,1974.0,1005.0
0.0,12843.0,3514.0,2917.0,0.0,2339.0,2339.0,2037.0,880.0,2535.0,979.0
0.0,9329.0,3467.0,2938.0,0.0,5890.0,5890.0,2056.0,882.0,2619.0,848.0
0.0,5862.0,2883.0,2947.0,2339.0,6470.0,6470.0,2068.0,879.0,2130.0,753.0
0.0,5318.0,2348.0,2937.0,5890.0,2888.0,2888.0,2062.0,875.0,1567.0,781.0
0.0,8860.0,2387.0,2918.0,6470.0,0.0,0.0,2044.0,874.0,1480.0,907.0
0.0,12943.0,2970.0,2910.0,2888.0,0.0,0.0,2033.0,877.0,1962.0,1008.0
0.0,12861.0,3532.0,2920.0,0.0,2351.0,2351.0,2039.0,881.0,2549.0,983.0
0.0,9329.0,3515.0,2941.0,0.0,5950.0,5950.0,2058.0,883.0,2649.0,866.0
0.0,5814.0,2952.0,2950.0,2351.0,6587.0,6587.0,2070.0,880.0,2183.0,769.0
0.0,5213.0,2399.0,2940.0,5950.0,2996.0,2996.0,2064.0,876.0,1607.0,792.0
0.0,8764.0,2398.0,2922.0,6587.0,0.0,0.0,2047.0,875.0,1486.0,912.0
0.0,12953.0,2949.0,2913.0,2996.0,0.0,0.0,2035.0,878.0,1944.0,1005.0
0.0,13000.0,3504.0,2924.0,0.0,2200.0,2200.0,2041.0,883.0,2521.0,983.0
0.0,9496.0,3499.0,2944.0,0.0,5779.0,5779.0,2060.0,884.0,2640.0,859.0
0.0,5997.0,2930.0,2954.0,2200.0,6549.0,6549.0,2072.0,882.0,2175.0,755.0
0.0,5267.0,2362.0,2943.0,5779.0,3088.0,3088.0,2066.0,877.0,1588.0,774.0
0.0,8684.0,2374.0,2925.0,6549.0,0.0,0.0,2049.0,876.0,1470.0,904.0
0.0,12859.0,2945.0,2916.0,3088.0,0.0,0.0,2037.0,879.0,1932.0,1013.0
0.0,13002.0,3506.0,2928.0,0.0,2216.0,2216.0,2044.0,884.0,2517.0,989.0
0.0,9496.0,3505.0,2947.0,0.0,5797.0,5797.0,2062.0,885.0,2647.0,858.0
0.0,5991.0,2961.0,2956.0,2216.0,6578.0,6578.0,2074.0,882.0,2201.0,760.0
0.0,5246.0,2420.0,2946.0,5797.0,3161.0,3161.0,2068.0,878.0,1630.0,790.0
0.0,8623.0,2424.0,2927.0,6578.0,0.0,0.0,2050.0,877.0,1505.0,919.0
0.0,12777.0,2980.0,2919.0,3161.0,0.0,0.0,2039.0,880.0,1955.0,1025.0
0.0,12958.0,3516.0,2931.0,0.0,2282.0,2282.0,2046.0,885.0,2521.0,995.0
0.0,9442.0,3502.0,2952.0,0.0,5868.0,5868.0,2065.0,887.0,2642.0,860.0
0.0,5940.0,2947.0,2962.0,2282.0,6573.0,6573.0,2078.0,884.0,2197.0,750.0
0.0,5275.0,2403.0,2952.0,5868.0,3068.0,3068.0,2072.0,880.0,1625.0,778.0
0.0,8740.0,2413.0,2933.0,6573.0,0.0,0.0,2054.0,879.0,1503.0,910.0
0.0,12900.0,2956.0,2924.0,3068.0,0.0,0.0,2042.0,882.0,1942.0,1014.0
0.0,13012.0,3479.0,2935.0,0.0,2207.0,2207.0,2049.0,886.0,2493.0,986.0
0.0,9533.0,3465.0,2956.0,0.0,5756.0,5756.0,2068.0,888.0,2610.0,855.0
0.0,6068.0,2946.0,2966.0,2207.0,6535.0,6535.0,2081.0,885.0,2190.0,756.0
0.0,5329.0,2453.0,2954.0,5756.0,3184.0,3184.0,2074.0,880.0,1661.0,792.0
0.0,8632.0,2488.0,2936.0,6535.0,0.0,0.0,2056.0,880.0,1557.0,931.0
0.0,12679.0,3009.0,2927.0,3184.0,0.0,0.0,2044.0,883.0,1975.0,1034.0
0.0,12854.0,3495.0,2938.0,0.0,2393.0,2393.0,2051.0,887.0,2499.0,996.0
0.0,9359.0,3463.0,2959.0,0.0,5940.0,5940.0,2070.0,889.0,2604.0,859.0
0.0,5896.0,2934.0,2969.0,2393.0,6521.0,6521.0,2083.0,886.0,2177.0,757.0
0.0,5355.0,2428.0,2958.0,5940.0,2965.0,2965.0,2076.0,882.0,1641.0,787.0
0.0,8867.0,2466.0,2939.0,6521.0,0.0,0.0,2058.0,881.0,1545.0,921.0
0.0,12922.0,2995.0,2930.0,2965.0,0.0,0.0,2046.0,884.0,1974.0,1021.0
0.0,12892.0,3487.0,2943.0,0.0,2367.0,2367.0,2054.0,889.0,2504.0,983.0
0.0,9405.0,3449.0,2963.0,0.0,5896.0,5896.0,2073.0,890.0,2602.0,847.0
0.0,5956.0,2920.0,2973.0,2367.0,6489.0,6489.0,2086.0,887.0,2174.0,746.0
0.0,5403.0,2431.0,2962.0,5896.0,2980.0,2980.0,2079.0,883.0,1642.0,789.0
0.0,8868.0,2482.0,2942.0,6489.0,0.0,0.0,2060.0,882.0,1550.0,932.0
0.0,12875.0,3029.0,2933.0,2980.0,0.0,0.0,2048.0,885.0,1994.0,1035.0
0.0,12826.0,3527.0,2946.0,0.0,2485.0,2485.0,2056.0,890.0,2528.0,999.0
0.0,9299.0,3480.0,2967.0,0.0,6049.0,6049.0,2076.0,891.0,2615.0,865.0
0.0,5819.0,2949.0,2977.0,2485.0,6553.0,6553.0,2089.0,888.0,2183.0,766.0
0.0,5355.0,2450.0,2967.0,6049.0,2914.0,2914.0,2083.0,884.0,1655.0,795.0
0.0,8954.0,2474.0,2947.0,6553.0,0.0,0.0,2064.0,883.0,1551.0,923.0
0.0,13033.0,2987.0,2938.0,2914.0,0.0,0.0,2051.0,887.0,1965.0,1022.0
0.0,12960.0,3488.0,2949.0,0.0,2324.0,2324.0,2058.0,891.0,2503.0,985.0
0.0,9472.0,3456.0,2970.0,0.0,5864.0,5864.0,2078.0,892.0,2606.0,850.0
0.0,6016.0,2932.0,2982.0,2324.0,6520.0,6520.0,2092.0,890.0,2171.0,761.0
0.0,5408.0,2436.0,2971.0,5864.0,3048.0,3048.0,2085.0,886.0,1637.0,799.0
0.0,8836.0,2473.0,2951.0,6520.0,0.0,0.0,2066.0,885.0,1546.0,927.0
0.0,12883.0,3028.0,2942.0,3048.0,0.0,0.0,2054.0,888.0,2006.0,1022.0
0.0,12903.0,3542.0,2953.0,0.0,2451.0,2451.0,2061.0,892.0,2552.0,990.0
0.0,9361.0,3515.0,2974.0,0.0,6050.0,6050.0,2081.0,893.0,2649.0,866.0
0.0,5846.0,2971.0,2985.0,2451.0,6614.0,6614.0,2094.0,891.0,2196.0,775.0
0.0,5326.0,2444.0,2975.0,6050.0,2968.0,2968.0,2088.0,887.0,1633.0,811.0
0.0,8932.0,2460.0,2955.0,6614.0,0.0,0.0,2069.0,886.0,1526.0,934.0
0.0,13086.0,3013.0,2946.0,2968.0,0.0,0.0,2057.0,889.0,1992.0,1021.0
0.0,13041.0,3544.0,2958.0,0.0,2335.0,2335.0,2064.0,894.0,2556.0,988.0
0.0,9497.0,3507.0,2980.0,0.0,5930.0,5930.0,2085.0,895.0,2647.0,860.0
0.0,5990.0,2940.0,2991.0,2335.0,6579.0,6579.0,2098.0,893.0,2173.0,767.0
0.0,5385.0,2389.0,2980.0,5930.0,2994.0,2994.0,2092.0,888.0,1595.0,794.0
0.0,8926.0,2421.0,2959.0,6579.0,0.0,0.0,2072.0,887.0,1504.0,917.0
0.0,13084.0,3022.0,2950.0,2994.0,0.0,0.0,2060.0,890.0,2002.0,1020.0
0.0,13056.0,3604.0,2962.0,0.0,2396.0,2396.0,2067.0,895.0,2605.0,999.0
0.0,9452.0,3576.0,2984.0,0.0,6060.0,6060.0,2088.0,896.0,2701.0,875.0
0.0,5876.0,2988.0,2996.0,2396.0,6700.0,6700.0,2102.0,894.0,2211.0,777.0
0.0,5284.0,2425.0,2984.0,6060.0,3017.0,3017.0,2095.0,889.0,1621.0,804.0
0.0,8919.0,2432.0,2964.0,6700.0,0.0,0.0,2076.0,888.0,1501.0,931.0
0.0,13187.0,2990.0,2954.0,3017.0,0.0,0.0,2063.0,891.0,1965.0,1025.0
0.0,13214.0,3547.0,2965.0,0.0,2193.0,2193.0,2069.0,896.0,2555.0,992.0
0.0,9667.0,3541.0,2988.0,0.0,5826.0,5826.0,2090.0,898.0,2680.0,861.0
0.0,6126.0,2980.0,2998.0,2193.0,6653.0,6653.0,2103.0,895.0,2212.0,768.0
0.0,5339.0,2435.0,2988.0,5826.0,3222.0,3222.0,2097.0,891.0,1628.0,807.0
0.0,8730.0,2428.0,2968.0,6653.0,0.0,0.0,2078.0,890.0,1495.0,933.0
0.0,12955.0,2981.0,2959.0,3222.0,0.0,0.0,2066.0,893.0,1956.0,1025.0
0.0,13196.0,3542.0,2971.0,0.0,2230.0,2230.0,2073.0,898.0,2553.0,989.0
0.0,9654.0,3570.0,2992.0,0.0,5884.0,5884.0,2093.0,899.0,2705.0,865.0
0.0,6084.0,3038.0,3002.0,2230.0,6732.0,6732.0,2106.0,896.0,2260.0,778.0
0.0,5276.0,2472.0,2992.0,5884.0,3280.0,3280.0,2100.0,892.0,1662.0,810.0
0.0,8688.0,2438.0,2972.0,6732.0,0.0,0.0,2081.0,891.0,1503.0,935.0
0.0,12982.0,2966.0,2962.0,3280.0,0.0,0.0,2068.0,894.0,1942.0,1024.0
0.0,13296.0,3527.0,2973.0,0.0,2123.0,2123.0,2075.0,898.0,2541.0,986.0
0.0,9769.0,3569.0,2996.0,0.0,5784.0,5784.0,2096.0,900.0,2707.0,862.0
0.0,6200.0,3041.0,3007.0,2123.0,6746.0,6746.0,2110.0,897.0,2263.0,778.0
0.0,5282.0,2472.0,2997.0,5784.0,3394.0,3394.0,2104.0,893.0,1659.0,813.0
0.0,8594.0,2423.0,2976.0,6746.0,0.0,0.0,2084.0,892.0,1490.0,933.0
0.0,12917.0,2941.0,2966.0,3394.0,0.0,0.0,2071.0,895.0,1923.0,1018.0
0.0,13370.0,3525.0,2978.0,0.0,2067.0,2067.0,2078.0,900.0,2533.0,992.0
0.0,9845.0,3593.0,3001.0,0.0,5752.0,5752.0,2099.0,902.0,2719.0,874.0
0.0,6252.0,3076.0,3012.0,2067.0,6805.0,6805.0,2113.0,899.0,2292.0,784.0
0.0,5243.0,2498.0,3001.0,5752.0,3507.0,3507.0,2107.0,894.0,1689.0,809.0
0.0,8497.0,2436.0,2980.0,6805.0,0.0,0.0,2087.0,893.0,1509.0,927.0
0.0,12866.0,2963.0,2970.0,3507.0,0.0,0.0,2074.0,896.0,1939.0,1024.0
0.0,13410.0,3528.0,2981.0,0.0,2042.0,2042.0,2081.0,900.0,2536.0,992.0
0.0,9882.0,3586.0,3003.0,0.0,5716.0,5716.0,2101.0,902.0,2707.0,879.0
0.0,6296.0,3074.0,3015.0,2042.0,6796.0,6796.0,2116.0,899.0,2286.0,788.0
0.0,5264.0,2494.0,3005.0,5716.0,3534.0,3534.0,2110.0,895.0,1686.0,808.0
0.0,8486.0,2424.0,2985.0,6796.0,0.0,0.0,2091.0,894.0,1505.0,919.0
0.0,12858.0,2935.0,2975.0,3534.0,0.0,0.0,2078.0,897.0,1917.0,1018.0
0.0,13457.0,3508.0,2986.0,0.0,1995.0,1995.0,2084.0,902.0,2506.0,1002.0
0.0,9949.0,3578.0,3007.0,0.0,5657.0,5657.0,2104.0,903.0,2693.0,885.0
0.0,6371.0,3085.0,3020.0,1995.0,6799.0,6799.0,2119.0,901.0,2295.0,790.0
0.0,5281.0,2523.0,3010.0,5657.0,3625.0,3625.0,2113.0,897.0,1712.0,811.0
0.0,8415.0,2467.0,2990.0,6799.0,0.0,0.0,2094.0,896.0,1539.0,928.0
0.0,12747.0,2976.0,2979.0,3625.0,0.0,0.0,2080.0,899.0,1955.0,1021.0
0.0,13396.0,3520.0,2990.0,0.0,2084.0,2084.0,2087.0,903.0,2522.0,998.0
0.0,9876.0,3555.0,3011.0,0.0,5723.0,5723.0,2107.0,904.0,2674.0,881.0
0.0,6321.0,3059.0,3022.0,2084.0,6742.0,6742.0,2121.0,901.0,2272.0,787.0
0.0,5346.0,2508.0,3012.0,5723.0,3487.0,3487.0,2115.0,897.0,1699.0,809.0
0.0,8561.0,2475.0,2992.0,6742.0,0.0,0.0,2096.0,896.0,1550.0,925.0
0.0,12828.0,2976.0,2982.0,3487.0,0.0,0.0,2083.0,899.0,1956.0,1020.0
0.0,13339.0,3519.0,2993.0,0.0,2152.0,2152.0,2089.0,904.0,2523.0,996.0
0.0,9820.0,3542.0,3015.0,0.0,5782.0,5782.0,2110.0,905.0,2663.0,879.0
0.0,6278.0,3045.0,3027.0,2152.0,6723.0,6723.0,2124.0,903.0,2254.0,791.0
0.0,5385.0,2525.0,3018.0,5782.0,3430.0,3430.0,2119.0,899.0,1702.0,823.0
0.0,8642.0,2518.0,2997.0,6723.0,0.0,0.0,2099.0,898.0,1577.0,941.0
0.0,12847.0,3024.0,2986.0,3430.0,0.0,0.0,2085.0,901.0,1998.0,1026.0
0.0,13253.0,3537.0,2997.0,0.0,2272.0,2272.0,2092.0,905.0,2543.0,994.0
0.0,9716.0,3541.0,3018.0,0.0,5897.0,5897.0,2112.0,906.0,2662.0,879.0
0.0,6175.0,3021.0,3030.0,2272.0,6694.0,6694.0,2126.0,904.0,2223.0,798.0
0.0,5426.0,2504.0,3020.0,5897.0,3261.0,3261.0,2120.0,900.0,1678.0,826.0
0.0,8819.0,2523.0,3001.0,6694.0,0.0,0.0,2102.0,899.0,1586.0,937.0
0.0,12990.0,3042.0,2991.0,3261.0,0.0,0.0,2089.0,902.0,2027.0,1015.0
0.0,13209.0,3535.0,3002.0,0.0,2334.0,2334.0,2096.0,906.0,2552.0,983.0
0.0,9674.0,3506.0,3022.0,0.0,5920.0,5920.0,2115.0,907.0,2635.0,871.0
0.0,6168.0,2989.0,3033.0,2334.0,6619.0,6619.0,2128.0,905.0,2191.0,798.0
0.0,5513.0,2500.0,3024.0,5920.0,3163.0,3163.0,2123.0,901.0,1666.0,834.0
0.0,8933.0,2538.0,3004.0,6619.0,0.0,0.0,2104.0,900.0,1591.0,947.0
0.0,13014.0,3075.0,2995.0,3163.0,0.0,0.0,2092.0,903.0,2050.0,1025.0
0.0,13102.0,3599.0,3006.0,0.0,2521.0,2521.0,2098.0,908.0,2602.0,997.0
0.0,9503.0,3567.0,3027.0,0.0,6172.0,6172.0,2118.0,909.0,2680.0,887.0
0.0,5936.0,3009.0,3037.0,2521.0,6700.0,6700.0,2131.0,906.0,2209.0,800.0
0.0,5448.0,2474.0,3029.0,6172.0,2970.0,2970.0,2126.0,903.0,1649.0,825.0
0.0,9146.0,2499.0,3009.0,6700.0,0.0,0.0,2107.0,902.0,1561.0,938.0
0.0,13347.0,3056.0,2999.0,2970.0,0.0,0.0,2094.0,905.0,2036.0,1020.0
0.0,13261.0,3590.0,3009.0,0.0,2365.0,2365.0,2100.0,909.0,2601.0,989.0
0.0,9671.0,3560.0,3030.0,0.0,6009.0,6009.0,2120.0,910.0,2683.0,877.0
0.0,6111.0,2988.0,3041.0,2365.0,6676.0,6676.0,2134.0,907.0,2197.0,791.0
0.0,5488.0,2450.0,3031.0,6009.0,3077.0,3077.0,2128.0,903.0,1633.0,817.0
0.0,9047.0,2487.0,3011.0,6676.0,0.0,0.0,2109.0,902.0,1552.0,935.0
0.0,13236.0,3086.0,3001.0,3077.0,0.0,0.0,2096.0,905.0,2049.0,1037.0
0.0,13227.0,3653.0,3013.0,0.0,2478.0,2478.0,2103.0,910.0,2634.0,1019.0
0.0,9574.0,3628.0,3035.0,0.0,6194.0,6194.0,2123.0,912.0,2729.0,899.0
0.0,5946.0,3029.0,3046.0,2478.0,6789.0,6789.0,2137.0,909.0,2226.0,803.0
0.0,5395.0,2448.0,3036.0,6194.0,3003.0,3003.0,2131.0,905.0,1628.0,820.0
0.0,9141.0,2465.0,3016.0,6789.0,0.0,0.0,2112.0,904.0,1536.0,929.0
0.0,13465.0,3050.0,3006.0,3003.0,0.0,0.0,2099.0,907.0,2032.0,1018.0
0.0,13418.0,3622.0,3016.0,0.0,2268.0,2268.0,2105.0,911.0,2623.0,999.0
0.0,9796.0,3620.0,3038.0,0.0,5976.0,5976.0,2125.0,913.0,2724.0,896.0
0.0,6176.0,3028.0,3049.0,2268.0,6780.0,6780.0,2139.0,910.0,2222.0,806.0
0.0,5416.0,2444.0,3040.0,5976.0,3212.0,3212.0,2133.0,907.0,1626.0,818.0
0.0,8948.0,2449.0,3019.0,6780.0,0.0,0.0,2114.0,905.0,1531.0,918.0
0.0,13279.0,3037.0,3009.0,3212.0,0.0,0.0,2102.0,907.0,2027.0,1010.0
0.0,13454.0,3632.0,3020.0,0.0,2258.0,2258.0,2108.0,912.0,2625.0,1007.0
0.0,9822.0,3659.0,3042.0,0.0,6005.0,6005.0,2128.0,914.0,2742.0,917.0
0.0,6163.0,3088.0,3054.0,2258.0,6883.0,6883.0,2142.0,912.0,2258.0,830.0
0.0,5333.0,2491.0,3044.0,6005.0,3329.0,3329.0,2136.0,908.0,1657.0,834.0
0.0,8847.0,2457.0,3024.0,6883.0,0.0,0.0,2117.0,907.0,1535.0,922.0
0.0,13273.0,3018.0,3013.0,3329.0,0.0,0.0,2104.0,909.0,2006.0,1012.0
0.0,13584.0,3618.0,3024.0,0.0,2130.0,2130.0,2111.0,913.0,2613.0,1005.0
0.0,9966.0,3658.0,3046.0,0.0,5876.0,5876.0,2131.0,915.0,2749.0,909.0
0.0,6308.0,3095.0,3058.0,2130.0,6889.0,6889.0,2145.0,913.0,2281.0,814.0
0.0,5343.0,2484.0,3048.0,5876.0,3457.0,3457.0,2139.0,909.0,1662.0,822.0
0.0,8735.0,2435.0,3028.0,6889.0,0.0,0.0,2120.0,908.0,1516.0,919.0
0.0,13189.0,2983.0,3017.0,3457.0,0.0,0.0,2107.0,910.0,1976.0,1007.0
0.0,13663.0,3591.0,3027.0,0.0,2036.0,2036.0,2113.0,914.0,2592.0,999.0
0.0,10072.0,3669.0,3049.0,0.0,5793.0,5793.0,2133.0,916.0,2760.0,909.0
0.0,6403.0,3144.0,3062.0,2036.0,6953.0,6953.0,2148.0,914.0,2317.0,827.0
0.0,5295.0,2551.0,3052.0,5793.0,3671.0,3671.0,2142.0,910.0,1708.0,843.0
0.0,8537.0,2487.0,3032.0,6953.0,0.0,0.0,2123.0,909.0,1548.0,939.0
0.0,13003.0,3000.0,3022.0,3671.0,0.0,0.0,2110.0,912.0,1979.0,1021.0
0.0,13674.0,3572.0,3033.0,0.0,2030.0,2030.0,2117.0,916.0,2571.0,1001.0
0.0,10102.0,3623.0,3054.0,0.0,5737.0,5737.0,2137.0,917.0,2727.0,896.0
0.0,6479.0,3107.0,3065.0,2030.0,6858.0,6858.0,2150.0,915.0,2290.0,817.0
0.0,5402.0,2551.0,3055.0,5737.0,3632.0,3632.0,2144.0,911.0,1713.0,838.0
0.0,8588.0,2488.0,3035.0,6858.0,0.0,0.0,2125.0,910.0,1556.0,932.0
0.0,12958.0,2997.0,3026.0,3632.0,0.0,0.0,2113.0,913.0,1985.0,1012.0
0.0,13593.0,3561.0,3037.0,0.0,2116.0,2116.0,2120.0,917.0,2565.0,996.0
0.0,10032.0,3615.0,3058.0,0.0,5815.0,5815.0,2140.0,918.0,2717.0,898.0
0.0,6417.0,3117.0,3070.0,2116.0,6864.0,6864.0,2154.0,916.0,2298.0,819.0
0.0,5416.0,2565.0,3059.0,5815.0,3570.0,3570.0,2147.0,912.0,1723.0,842.0
0.0,8666.0,2530.0,3039.0,6864.0,0.0,0.0,2128.0,911.0,1584.0,946.0
0.0,13000.0,3051.0,3029.0,3570.0,0.0,0.0,2115.0,914.0,2026.0,1025.0
0.0,13519.0,3596.0,3041.0,0.0,2241.0,2241.0,2123.0,918.0,2593.0,1003.0
0.0,9923.0,3630.0,3062.0,0.0,5955.0,5955.0,2143.0,919.0,2725.0,905.0
0.0,6293.0,3104.0,3074.0,2241.0,6866.0,6866.0,2157.0,917.0,2281.0,823.0
0.0,5430.0,2546.0,3065.0,5955.0,3421.0,3421.0,2151.0,914.0,1704.0,842.0
0.0,8839.0,2525.0,3044.0,6866.0,0.0,0.0,2131.0,913.0,1582.0,943.0
0.0,13180.0,3040.0,3034.0,3421.0,0.0,0.0,2118.0,916.0,2021.0,1019.0
0.0,13561.0,3575.0,3045.0,0.0,2194.0,2194.0,2126.0,919.0,2581.0,994.0
0.0,9986.0,3583.0,3067.0,0.0,5865.0,5865.0,2146.0,921.0,2694.0,889.0
0.0,6403.0,3063.0,3079.0,2194.0,6782.0,6782.0,2160.0,919.0,2247.0,816.0
0.0,5534.0,2550.0,3068.0,5865.0,3423.0,3423.0,2153.0,915.0,1705.0,845.0
0.0,8849.0,2567.0,3047.0,6782.0,0.0,0.0,2133.0,914.0,1616.0,951.0
0.0,13064.0,3114.0,3037.0,3423.0,0.0,0.0,2121.0,916.0,2082.0,1032.0
0.0,13373.0,3634.0,3049.0,0.0,2457.0,2457.0,2129.0,920.0,2630.0,1004.0
0.0,9739.0,3600.0,3070.0,0.0,6141.0,6141.0,2149.0,921.0,2704.0,896.0
0.0,6139.0,3052.0,3082.0,2457.0,6784.0,6784.0,2163.0,919.0,2232.0,820.0
0.0,5544.0,2536.0,3072.0,6141.0,3139.0,3139.0,2156.0,916.0,1685.0,851.0
0.0,9149.0,2570.0,3052.0,6784.0,0.0,0.0,2137.0,915.0,1609.0,961.0
0.0,13363.0,3116.0,3042.0,3139.0,0.0,0.0,2124.0,918.0,2083.0,1033.0
0.0,13386.0,3616.0,3054.0,0.0,2446.0,2446.0,2132.0,922.0,2621.0,995.0
0.0,9770.0,3574.0,3075.0,0.0,6104.0,6104.0,2152.0,923.0,2692.0,882.0
0.0,6196.0,3022.0,3087.0,2446.0,6728.0,6728.0,2166.0,921.0,2214.0,808.0
0.0,5620.0,2516.0,3077.0,6104.0,3100.0,3100.0,2159.0,918.0,1670.0,846.0
0.0,9208.0,2572.0,3056.0,6728.0,0.0,0.0,2139.0,917.0,1614.0,958.0
0.0,13364.0,3152.0,3046.0,3100.0,0.0,0.0,2127.0,919.0,2116.0,1036.0
0.0,13312.0,3678.0,3057.0,0.0,2594.0,2594.0,2135.0,922.0,2676.0,1002.0
0.0,9634.0,3630.0,3079.0,0.0,6312.0,6312.0,2156.0,923.0,2734.0,896.0
0.0,6004.0,3051.0,3091.0,2594.0,6817.0,6817.0,2169.0,922.0,2222.0,829.0
0.0,5547.0,2513.0,3081.0,6312.0,2978.0,2978.0,2162.0,919.0,1651.0,862.0
0.0,9346.0,2545.0,3061.0,6817.0,0.0,0.0,2143.0,918.0,1587.0,958.0
0.0,13618.0,3130.0,3050.0,2978.0,0.0,0.0,2130.0,920.0,2106.0,1024.0
0.0,13466.0,3670.0,3062.0,0.0,2452.0,2452.0,2138.0,924.0,2672.0,998.0
0.0,9796.0,3619.0,3083.0,0.0,6155.0,6155.0,2158.0,925.0,2721.0,898.0
0.0,6177.0,3026.0,3094.0,2452.0,6773.0,6773.0,2171.0,923.0,2198.0,828.0
0.0,5603.0,2493.0,3085.0,6155.0,3075.0,3075.0,2165.0,920.0,1639.0,854.0
0.0,9265.0,2552.0,3066.0,6773.0,0.0,0.0,2146.0,920.0,1596.0,956.0
0.0,13486.0,3138.0,3055.0,3075.0,0.0,0.0,2133.0,922.0,2109.0,1029.0
0.0,13423.0,3691.0,3065.0,0.0,2528.0,2528.0,2140.0,925.0,2690.0,1001.0
0.0,9732.0,3646.0,3086.0,0.0,6258.0,6258.0,2160.0,926.0,2748.0,898.0
0.0,6086.0,3065.0,3098.0,2528.0,6843.0,6843.0,2174.0,924.0,2241.0,824.0
0.0,5549.0,2519.0,3089.0,6258.0,3068.0,3068.0,2168.0,921.0,1666.0,853.0
0.0,9288.0,2570.0,3069.0,6843.0,0.0,0.0,2149.0,920.0,1604.0,966.0
0.0,13561.0,3153.0,3060.0,3068.0,0.0,0.0,2137.0,923.0,2110.0,1043.0
0.0,13476.0,3683.0,3072.0,0.0,2495.0,2495.0,2145.0,927.0,2678.0,1005.0
0.0,9793.0,3633.0,3092.0,0.0,6208.0,6208.0,2164.0,928.0,2743.0,890.0
0.0,6160.0,3046.0,3102.0,2495.0,6799.0,6799.0,2177.0,925.0,2226.0,820.0
0.0,5609.0,2501.0,3093.0,6208.0,3056.0,3056.0,2171.0,922.0,1646.0,855.0
0.0,9316.0,2534.0,3074.0,6799.0,0.0,0.0,2152.0,922.0,1574.0,960.0
0.0,13581.0,3125.0,3064.0,3056.0,0.0,0.0,2140.0,924.0,2094.0,1031.0
0.0,13512.0,3687.0,3075.0,0.0,2475.0,2475.0,2147.0,928.0,2685.0,1002.0
0.0,9825.0,3674.0,3096.0,0.0,6233.0,6233.0,2167.0,929.0,2769.0,905.0
0.0,6151.0,3103.0,3107.0,2475.0,6905.0,6905.0,2180.0,927.0,2271.0,832.0
0.0,5523.0,2539.0,3098.0,6233.0,3175.0,3175.0,2174.0,924.0,1680.0,859.0
0.0,9217.0,2548.0,3077.0,6905.0,0.0,0.0,2154.0,923.0,1590.0,958.0
0.0,13574.0,3121.0,3067.0,3175.0,0.0,0.0,2142.0,925.0,2094.0,1027.0
0.0,13628.0,3673.0,3079.0,0.0,2361.0,2361.0,2150.0,929.0,2673.0,1000.0
0.0,9955.0,3666.0,3100.0,0.0,6111.0,6111.0,2170.0,930.0,2759.0,907.0
0.0,6289.0,3084.0,3111.0,2361.0,6878.0,6878.0,2183.0,928.0,2254.0,830.0
0.0,5566.0,2527.0,3100.0,6111.0,3250.0,3250.0,2176.0,924.0,1676.0,851.0
0.0,9150.0,2538.0,3081.0,6878.0,0.0,0.0,2157.0,924.0,1583.0,955.0
0.0,13490.0,3117.0,3072.0,3250.0,0.0,0.0,2146.0,926.0,2081.0,1036.0
0.0,13623.0,3678.0,3083.0,0.0,2387.0,2387.0,2153.0,930.0,2660.0,1018.0
0.0,9945.0,3668.0,3106.0,0.0,6147.0,6147.0,2174.0,932.0,2752.0,916.0
0.0,6277.0,3110.0,3115.0,2387.0,6906.0,6906.0,2186.0,929.0,2281.0,829.0
0.0,5554.0,2566.0,3105.0,6147.0,3285.0,3285.0,2179.0,926.0,1717.0,849.0
0.0,9135.0,2572.0,3085.0,6906.0,0.0,0.0,2160.0,925.0,1614.0,958.0
0.0,13469.0,3119.0,3076.0,3285.0,0.0,0.0,2148.0,928.0,2079.0,1040.0
0.0,13635.0,3660.0,3087.0,0.0,2373.0,2373.0,2156.0,931.0,2645.0,1015.0
0.0,9975.0,3658.0,3109.0,0.0,6119.0,6119.0,2176.0,933.0,2750.0,908.0
0.0,6317.0,3107.0,3119.0,2373.0,6893.0,6893.0,2189.0,930.0,2282.0,825.0
0.0,5583.0,2555.0,3108.0,6119.0,3285.0,3285.0,2182.0,926.0,1707.0,848.0
0.0,9147.0,2559.0,3088.0,6893.0,0.0,0.0,2162.0,926.0,1606.0,953.0
0.0,13481.0,3107.0,3079.0,3285.0,0.0,0.0,2150.0,929.0,2065.0,1042.0
0.0,13659.0,3653.0,3091.0,0.0,2358.0,2358.0,2158.0,933.0,2630.0,1023.0
0.0,10006.0,3660.0,3113.0,0.0,6106.0,6106.0,2179.0,934.0,2745.0,915.0
0.0,6346.0,3140.0,3124.0,2358.0,6932.0,6932.0,2192.0,932.0,2307.0,833.0
0.0,5564.0,2618.0,3114.0,6106.0,3404.0,3404.0,2186.0,928.0,1760.0,858.0
0.0,9052.0,2613.0,3094.0,6932.0,0.0,0.0,2166.0,928.0,1650.0,963.0
0.0,13371.0,3119.0,3083.0,3404.0,0.0,0.0,2153.0,930.0,2075.0,1044.0
0.0,13656.0,3627.0,3095.0,0.0,2351.0,2351.0,2161.0,934.0,2610.0,1017.0
0.0,10029.0,3640.0,3116.0,0.0,6075.0,6075.0,2181.0,935.0,2726.0,914.0
0.0,6389.0,3129.0,3128.0,2351.0,6901.0,6901.0,2195.0,933.0,2300.0,829.0
0.0,5611.0,2611.0,3117.0,6075.0,3393.0,3393.0,2188.0,929.0,1760.0,851.0
0.0,9075.0,2588.0,3096.0,6901.0,0.0,0.0,2168.0,928.0,1637.0,951.0
0.0,13388.0,3094.0,3087.0,3393.0,0.0,0.0,2156.0,931.0,2065.0,1029.0
0.0,13687.0,3608.0,3097.0,0.0,2309.0,2309.0,2163.0,934.0,2596.0,1012.0
0.0,10079.0,3621.0,3120.0,0.0,6022.0,6022.0,2184.0,936.0,2702.0,919.0
0.0,6458.0,3140.0,3131.0,2309.0,6897.0,6897.0,2197.0,934.0,2291.0,849.0
0.0,5627.0,2647.0,3121.0,6022.0,3482.0,3482.0,2191.0,930.0,1782.0,865.0
0.0,9002.0,2645.0,3102.0,6897.0,0.0,0.0,2172.0,930.0,1686.0,959.0
0.0,13254.0,3147.0,3091.0,3482.0,0.0,0.0,2159.0,932.0,2110.0,1037.0
0.0,13589.0,3639.0,3103.0,0.0,2462.0,2462.0,2167.0,936.0,2616.0,1023.0
0.0,9950.0,3641.0,3125.0,0.0,6191.0,6191.0,2187.0,938.0,2714.0,927.0
0.0,6309.0,3131.0,3135.0,2462.0,6900.0,6900.0,2200.0,935.0,2291.0,840.0
0.0,5640.0,2613.0,3124.0,6191.0,3278.0,3278.0,2193.0,931.0,1763.0,850.0
0.0,9218.0,2619.0,3104.0,6900.0,0.0,0.0,2174.0,930.0,1671.0,948.0
0.0,13499.0,3134.0,3095.0,3278.0,0.0,0.0,2162.0,933.0,2098.0,1036.0
0.0,13643.0,3649.0,3106.0,0.0,2430.0,2430.0,2169.0,937.0,2621.0,1028.0
0.0,9994.0,3634.0,3128.0,0.0,6152.0,6152.0,2190.0,938.0,2708.0,926.0
0.0,6360.0,3096.0,3139.0,2430.0,6862.0,6862.0,2203.0,936.0,2262.0,834.0
0.0,5694.0,2600.0,3129.0,6152.0,3270.0,3270.0,2196.0,933.0,1750.0,850.0
0.0,9246.0,2635.0,3109.0,6862.0,0.0,0.0,2177.0,932.0,1682.0,953.0
0.0,13473.0,3193.0,3099.0,3270.0,0.0,0.0,2165.0,934.0,2141.0,1052.0
0.0,13550.0,3715.0,3111.0,0.0,2609.0,2609.0,2172.0,939.0,2670.0,1045.0
0.0,9835.0,3670.0,3133.0,0.0,6367.0,6367.0,2193.0,940.0,2729.0,941.0
0.0,6165.0,3098.0,3143.0,2609.0,6896.0,6896.0,2205.0,938.0,2253.0,845.0
0.0,5676.0,2561.0,3132.0,6367.0,3046.0,3046.0,2198.0,934.0,1716.0,845.0
0.0,9482.0,2601.0,3112.0,6896.0,0.0,0.0,2179.0,933.0,1660.0,941.0
0.0,13777.0,3170.0,3103.0,3046.0,0.0,0.0,2167.0,936.0,2135.0,1035.0
0.0,13653.0,3699.0,3115.0,0.0,2506.0,2506.0,2175.0,940.0,2669.0,1030.0
0.0,9954.0,3657.0,3136.0,0.0,6247.0,6247.0,2195.0,941.0,2723.0,934.0
0.0,6297.0,3076.0,3146.0,2506.0,6857.0,6857.0,2207.0,939.0,2238.0,838.0
0.0,5727.0,2548.0,3135.0,6247.0,3114.0,3114.0,2200.0,935.0,1705.0,843.0
0.0,9426.0,2609.0,3115.0,6857.0,0.0,0.0,2181.0,934.0,1661.0,948.0
0.0,13674.0,3215.0,3106.0,3114.0,0.0,0.0,2170.0,936.0,2166.0,1049.0
0.0,13573.0,3760.0,3119.0,0.0,2663.0,2663.0,2178.0,941.0,2716.0,1044.0
0.0,9813.0,3709.0,3140.0,0.0,6456.0,6456.0,2198.0,942.0,2768.0,941.0
0.0,6104.0,3121.0,3151.0,2663.0,6958.0,6958.0,2211.0,940.0,2270.0,851.0
0.0,5646.0,2563.0,3141.0,6456.0,3025.0,3025.0,2204.0,937.0,1706.0,857.0
0.0,9539.0,2601.0,3120.0,6958.0,0.0,0.0,2184.0,936.0,1645.0,956.0
0.0,13896.0,3179.0,3110.0,3025.0,0.0,0.0,2172.0,938.0,2131.0,1048.0
0.0,13742.0,3734.0,3122.0,0.0,2480.0,2480.0,2180.0,942.0,2697.0,1037.0
0.0,10008.0,3697.0,3145.0,0.0,6269.0,6269.0,2201.0,944.0,2767.0,930.0
0.0,6311.0,3107.0,3156.0,2480.0,6940.0,6940.0,2214.0,942.0,2276.0,831.0
0.0,5684.0,2537.0,3145.0,6269.0,3164.0,3164.0,2207.0,938.0,1696.0,841.0
0.0,9416.0,2565.0,3123.0,6940.0,0.0,0.0,2187.0,936.0,1609.0,956.0
0.0,13791.0,3184.0,3114.0,3164.0,0.0,0.0,2175.0,939.0,2124.0,1060.0
0.0,13771.0,3771.0,3126.0,0.0,2504.0,2504.0,2183.0,943.0,2722.0,1049.0
0.0,10000.0,3753.0,3148.0,0.0,6345.0,6345.0,2203.0,945.0,2822.0,931.0
0.0,6247.0,3148.0,3158.0,2504.0,7029.0,7029.0,2216.0,942.0,2316.0,832.0
0.0,5603.0,2558.0,3148.0,6345.0,3202.0,3202.0,2209.0,939.0,1706.0,852.0
0.0,9390.0,2582.0,3128.0,7029.0,0.0,0.0,2190.0,938.0,1605.0,977.0
0.0,13837.0,3188.0,3119.0,3202.0,0.0,0.0,2178.0,941.0,2112.0,1076.0
0.0,13851.0,3761.0,3131.0,0.0,2434.0,2434.0,2186.0,945.0,2715.0,1046.0
0.0,10090.0,3734.0,3152.0,0.0,6252.0,6252.0,2206.0,946.0,2821.0,913.0
0.0,6356.0,3135.0,3164.0,2434.0,7001.0,7001.0,2220.0,944.0,2318.0,817.0
0.0,5655.0,2537.0,3152.0,6252.0,3238.0,3238.0,2212.0,940.0,1696.0,841.0
0.0,9370.0,2540.0,3132.0,7001.0,0.0,0.0,2193.0,939.0,1574.0,966.0
0.0,13831.0,3138.0,3123.0,3238.0,0.0,0.0,2181.0,942.0,2067.0,1071.0
0.0,13931.0,3749.0,3134.0,0.0,2354.0,2354.0,2188.0,946.0,2702.0,1047.0
0.0,10182.0,3772.0,3156.0,0.0,6214.0,6214.0,2209.0,947.0,2846.0,926.0
0.0,6410.0,3193.0,3167.0,2354.0,7097.0,7097.0,2222.0,945.0,2363.0,830.0
0.0,5571.0,2596.0,3156.0,6214.0,3435.0,3435.0,2215.0,941.0,1741.0,855.0
0.0,9189.0,2576.0,3135.0,7097.0,0.0,0.0,2195.0,940.0,1597.0,979.0
0.0,13710.0,3155.0,3126.0,3435.0,0.0,0.0,2183.0,943.0,2079.0,1076.0
0.0,13990.0,3756.0,3138.0,0.0,2318.0,2318.0,2191.0,947.0,2702.0,1054.0
0.0,10234.0,3781.0,3161.0,0.0,6191.0,6191.0,2212.0,949.0,2851.0,930.0
0.0,6453.0,3183.0,3171.0,2318.0,7096.0,7096.0,2225.0,946.0,2360.0,823.0
0.0,5588.0,2577.0,3161.0,6191.0,3442.0,3442.0,2218.0,943.0,1733.0,844.0
0.0,9202.0,2552.0,3140.0,7096.0,0.0,0.0,2198.0,942.0,1581.0,971.0
0.0,13746.0,3123.0,3130.0,3442.0,0.0,0.0,2186.0,944.0,2053.0,1070.0
0.0,14065.0,3727.0,3142.0,0.0,2230.0,2230.0,2194.0,948.0,2684.0,1043.0
0.0,10338.0,3757.0,3165.0,0.0,6079.0,6079.0,2215.0,950.0,2840.0,917.0
0.0,6581.0,3205.0,3175.0,2230.0,7094.0,7094.0,2228.0,947.0,2382.0,823.0
0.0,5606.0,2621.0,3164.0,6079.0,3592.0,3592.0,2221.0,943.0,1767.0,854.0
0.0,9064.0,2606.0,3143.0,7094.0,0.0,0.0,2201.0,942.0,1622.0,984.0
0.0,13552.0,3167.0,3133.0,3592.0,0.0,0.0,2188.0,945.0,2083.0,1084.0
0.0,13977.0,3746.0,3146.0,0.0,2353.0,2353.0,2197.0,949.0,2685.0,1061.0
0.0,10231.0,3755.0,3169.0,0.0,6200.0,6200.0,2218.0,951.0,2823.0,932.0
0.0,6476.0,3180.0,3180.0,2353.0,7071.0,7071.0,2231.0,949.0,2356.0,824.0
0.0,5649.0,2605.0,3169.0,6200.0,3432.0,3432.0,2224.0,945.0,1759.0,846.0
0.0,9244.0,2608.0,3148.0,7071.0,0.0,0.0,2204.0,944.0,1632.0,976.0
0.0,13707.0,3168.0,3139.0,3432.0,0.0,0.0,2192.0,947.0,2090.0,1078.0
0.0,13971.0,3717.0,3151.0,0.0,2350.0,2350.0,2200.0,951.0,2668.0,1049.0
0.0,10254.0,3716.0,3173.0,0.0,6154.0,6154.0,2221.0,952.0,2792.0,924.0
0.0,6538.0,3173.0,3184.0,2350.0,7021.0,7021.0,2234.0,950.0,2340.0,833.0
0.0,5715.0,2628.0,3173.0,6154.0,3451.0,3451.0,2227.0,946.0,1769.0,859.0
0.0,9241.0,2636.0,3151.0,7021.0,0.0,0.0,2206.0,945.0,1655.0,981.0
0.0,13626.0,3195.0,3142.0,3451.0,0.0,0.0,2194.0,948.0,2120.0,1075.0
0.0,13882.0,3755.0,3154.0,0.0,2489.0,2489.0,2202.0,952.0,2704.0,1051.0
0.0,10127.0,3757.0,3177.0,0.0,6338.0,6338.0,2224.0,953.0,2824.0,933.0
0.0,6370.0,3198.0,3188.0,2489.0,7091.0,7091.0,2237.0,951.0,2356.0,842.0
0.0,5661.0,2624.0,3177.0,6338.0,3333.0,3333.0,2230.0,947.0,1758.0,866.0
0.0,9375.0,2606.0,3155.0,7091.0,0.0,0.0,2209.0,946.0,1624.0,982.0
0.0,13860.0,3156.0,3145.0,3333.0,0.0,0.0,2196.0,949.0,2083.0,1073.0
0.0,14037.0,3735.0,3157.0,0.0,2326.0,2326.0,2204.0,953.0,2685.0,1050.0
0.0,10302.0,3760.0,3181.0,0.0,6182.0,6182.0,2226.0,955.0,2829.0,931.0
0.0,6542.0,3205.0,3194.0,2326.0,7113.0,7113.0,2241.0,953.0,2374.0,831.0
0.0,5663.0,2618.0,3183.0,6182.0,3505.0,3505.0,2234.0,949.0,1764.0,854.0
0.0,9227.0,2609.0,3160.0,7113.0,0.0,0.0,2213.0,947.0,1626.0,983.0
0.0,13731.0,3184.0,3149.0,3505.0,0.0,0.0,2199.0,950.0,2098.0,1086.0
0.0,14052.0,3786.0,3162.0,0.0,2382.0,2382.0,2207.0,955.0,2726.0,1060.0
0.0,10266.0,3806.0,3185.0,0.0,6280.0,6280.0,2229.0,956.0,2871.0,935.0
0.0,6460.0,3216.0,3198.0,2382.0,7166.0,7166.0,2244.0,954.0,2381.0,835.0
0.0,5626.0,2598.0,3186.0,6280.0,3436.0,3436.0,2237.0,949.0,1741.0,857.0
0.0,9308.0,2571.0,3163.0,7166.0,0.0,0.0,2215.0,948.0,1587.0,984.0
0.0,13903.0,3171.0,3153.0,3436.0,0.0,0.0,2201.0,952.0,2086.0,1085.0
0.0,14168.0,3780.0,3165.0,0.0,2272.0,2272.0,2209.0,956.0,2722.0,1058.0
0.0,10388.0,3796.0,3189.0,0.0,6164.0,6164.0,2231.0,958.0,2870.0,926.0
0.0,6592.0,3205.0,3202.0,2272.0,7149.0,7149.0,2247.0,955.0,2377.0,828.0
0.0,5659.0,2599.0,3191.0,6164.0,3540.0,3540.0,2240.0,951.0,1740.0,859.0
0.0,9224.0,2576.0,3169.0,7149.0,0.0,0.0,2219.0,950.0,1586.0,990.0
0.0,13797.0,3181.0,3157.0,3540.0,0.0,0.0,2204.0,953.0,2086.0,1095.0
0.0,14156.0,3803.0,3170.0,0.0,2327.0,2327.0,2212.0,958.0,2738.0,1065.0
0.0,10353.0,3845.0,3193.0,0.0,6264.0,6264.0,2234.0,959.0,2911.0,934.0
0.0,6508.0,3252.0,3206.0,2327.0,7241.0,7241.0,2250.0,956.0,2423.0,829.0
0.0,5583.0,2606.0,3196.0,6264.0,3543.0,3543.0,2244.0,952.0,1749.0,857.0
0.0,9241.0,2545.0,3173.0,7241.0,0.0,0.0,2222.0,951.0,1559.0,986.0
0.0,13937.0,3137.0,3160.0,3543.0,0.0,0.0,2206.0,954.0,2050.0,1087.0
0.0,14343.0,3788.0,3171.0,0.0,2129.0,2129.0,2213.0,958.0,2726.0,1062.0
0.0,10555.0,3845.0,3196.0,0.0,6074.0,6074.0,2236.0,960.0,2912.0,933.0
0.0,6710.0,3244.0,3209.0,2129.0,7241.0,7241.0,2252.0,957.0,2418.0,826.0
0.0,5595.0,2586.0,3199.0,6074.0,3713.0,3713.0,2246.0,953.0,1736.0,850.0
0.0,9083.0,2527.0,3176.0,7241.0,0.0,0.0,2224.0,952.0,1548.0,979.0
0.0,13797.0,3143.0,3164.0,3713.0,0.0,0.0,2209.0,955.0,2050.0,1093.0
0.0,14367.0,3823.0,3176.0,0.0,2160.0,2160.0,2216.0,960.0,2747.0,1076.0
0.0,10544.0,3891.0,3201.0,0.0,6151.0,6151.0,2239.0,962.0,2946.0,945.0
0.0,6653.0,3282.0,3213.0,2160.0,7321.0,7321.0,2254.0,959.0,2451.0,831.0
0.0,5531.0,2617.0,3203.0,6151.0,3747.0,3747.0,2248.0,955.0,1763.0,854.0
0.0,9065.0,2528.0,3179.0,7321.0,0.0,0.0,2226.0,953.0,1544.0,984.0
0.0,13858.0,3126.0,3167.0,3747.0,0.0,0.0,2211.0,956.0,2033.0,1093.0
0.0,14479.0,3812.0,3180.0,0.0,2053.0,2053.0,2219.0,961.0,2743.0,1069.0
0.0,10667.0,3905.0,3205.0,0.0,6058.0,6058.0,2242.0,963.0,2968.0,937.0
0.0,6762.0,3290.0,3218.0,2053.0,7347.0,7347.0,2258.0,960.0,2461.0,829.0
0.0,5525.0,2591.0,3207.0,6058.0,3836.0,3836.0,2251.0,956.0,1733.0,858.0
0.0,8992.0,2492.0,3183.0,7347.0,0.0,0.0,2229.0,954.0,1507.0,985.0
0.0,13847.0,3102.0,3172.0,3836.0,0.0,0.0,2214.0,958.0,2014.0,1088.0
0.0,14581.0,3820.0,3184.0,0.0,1975.0,1975.0,2222.0,962.0,2751.0,1069.0
0.0,10761.0,3933.0,3209.0,0.0,6008.0,6008.0,2245.0,964.0,2988.0,945.0
0.0,6828.0,3344.0,3222.0,1975.0,7429.0,7429.0,2261.0,961.0,2497.0,847.0
0.0,5459.0,2639.0,3211.0,6008.0,4016.0,4016.0,2254.0,957.0,1765.0,874.0
0.0,8828.0,2525.0,3188.0,7429.0,0.0,0.0,2232.0,956.0,1530.0,995.0
0.0,13732.0,3091.0,3175.0,4016.0,0.0,0.0,2216.0,959.0,2007.0,1084.0
0.0,14657.0,3790.0,3186.0,0.0,1877.0,1877.0,2223.0,963.0,2730.0,1060.0
0.0,10867.0,3910.0,3212.0,0.0,5891.0,5891.0,2247.0,965.0,2974.0,936.0
0.0,6957.0,3331.0,3225.0,1877.0,7397.0,7397.0,2263.0,962.0,2495.0,836.0
0.0,5503.0,2637.0,3216.0,5891.0,4107.0,4107.0,2258.0,958.0,1775.0,862.0
0.0,8757.0,2515.0,3192.0,7397.0,0.0,0.0,2235.0,957.0,1528.0,987.0
0.0,13639.0,3082.0,3179.0,4107.0,0.0,0.0,2219.0,960.0,1995.0,1087.0
0.0,14664.0,3773.0,3190.0,0.0,1869.0,1869.0,2226.0,964.0,2711.0,1062.0
0.0,10891.0,3912.0,3215.0,0.0,5881.0,5881.0,2249.0,966.0,2972.0,940.0
0.0,6979.0,3359.0,3229.0,1869.0,7427.0,7427.0,2266.0,963.0,2512.0,847.0
0.0,5489.0,2688.0,3219.0,5881.0,4194.0,4194.0,2260.0,959.0,1808.0,880.0
0.0,8682.0,2567.0,3196.0,7427.0,0.0,0.0,2238.0,958.0,1564.0,1003.0
0.0,13542.0,3108.0,3183.0,4194.0,0.0,0.0,2222.0,961.0,2015.0,1093.0
0.0,14628.0,3786.0,3193.0,0.0,1930.0,1930.0,2228.0,965.0,2723.0,1063.0
0.0,10842.0,3903.0,3219.0,0.0,5937.0,5937.0,2252.0,967.0,2964.0,939.0
0.0,6939.0,3344.0,3233.0,1930.0,7407.0,7407.0,2269.0,964.0,2502.0,842.0
0.0,5525.0,2659.0,3224.0,5937.0,4093.0,4093.0,2264.0,960.0,1793.0,866.0
0.0,8803.0,2534.0,3200.0,7407.0,0.0,0.0,2241.0,959.0,1546.0,988.0
0.0,13676.0,3088.0,3186.0,4093.0,0.0,0.0,2224.0,962.0,2004.0,1084.0
0.0,14681.0,3768.0,3197.0,0.0,1875.0,1875.0,2231.0,966.0,2708.0,1060.0
0.0,10913.0,3897.0,3222.0,0.0,5872.0,5872.0,2254.0,968.0,2954.0,943.0
0.0,7016.0,3364.0,3237.0,1875.0,7421.0,7421.0,2272.0,965.0,2510.0,854.0
0.0,5527.0,2695.0,3228.0,5872.0,4208.0,4208.0,2267.0,961.0,1816.0,879.0
0.0,8704.0,2573.0,3204.0,7421.0,0.0,0.0,2244.0,960.0,1574.0,999.0
0.0,13552.0,3124.0,3190.0,4208.0,0.0,0.0,2227.0,963.0,2028.0,1096.0
0.0,14636.0,3811.0,3201.0,0.0,1979.0,1979.0,2233.0,968.0,2738.0,1073.0
0.0,10825.0,3931.0,3226.0,0.0,6010.0,6010.0,2257.0,969.0,2977.0,954.0
0.0,6894.0,3361.0,3242.0,1979.0,7456.0,7456.0,2275.0,967.0,2507.0,854.0
0.0,5512.0,2654.0,3233.0,6010.0,4064.0,4064.0,2270.0,963.0,1787.0,867.0
0.0,8868.0,2530.0,3208.0,7456.0,0.0,0.0,2247.0,961.0,1547.0,983.0
0.0,13794.0,3104.0,3194.0,4064.0,0.0,0.0,2230.0,964.0,2021.0,1083.0
0.0,14754.0,3812.0,3206.0,0.0,1882.0,1882.0,2237.0,969.0,2746.0,1066.0
0.0,10942.0,3934.0,3232.0,0.0,5920.0,5920.0,2261.0,971.0,2983.0,951.0
0.0,7008.0,3342.0,3247.0,1882.0,7440.0,7440.0,2279.0,968.0,2493.0,849.0
0.0,5548.0,2636.0,3237.0,5920.0,4116.0,4116.0,2273.0,964.0,1766.0,870.0
0.0,8832.0,2536.0,3212.0,7440.0,0.0,0.0,2250.0,962.0,1543.0,993.0
0.0,13736.0,3149.0,3198.0,4116.0,0.0,0.0,2233.0,965.0,2051.0,1098.0
0.0,14703.0,3867.0,3209.0,0.0,2000.0,2000.0,2239.0,970.0,2787.0,1080.0
0.0,10836.0,3986.0,3236.0,0.0,6094.0,6094.0,2264.0,972.0,3020.0,966.0
0.0,6850.0,3374.0,3252.0,2000.0,7532.0,7532.0,2282.0,970.0,2508.0,866.0
0.0,5476.0,2631.0,3243.0,6094.0,4033.0,4033.0,2277.0,966.0,1755.0,876.0
0.0,8939.0,2494.0,3217.0,7532.0,0.0,0.0,2253.0,964.0,1511.0,983.0
0.0,13977.0,3109.0,3202.0,4033.0,0.0,0.0,2235.0,967.0,2025.0,1084.0
0.0,14901.0,3850.0,3213.0,0.0,1801.0,1801.0,2241.0,972.0,2778.0,1072.0
0.0,11051.0,3980.0,3239.0,0.0,5885.0,5885.0,2266.0,973.0,3027.0,953.0
0.0,7071.0,3362.0,3256.0,1801.0,7514.0,7514.0,2285.0,971.0,2509.0,853.0
0.0,5510.0,2608.0,3247.0,5885.0,4201.0,4201.0,2280.0,967.0,1742.0,866.0
0.0,8787.0,2471.0,3221.0,7514.0,0.0,0.0,2256.0,965.0,1488.0,983.0
0.0,13830.0,3110.0,3205.0,4201.0,0.0,0.0,2237.0,968.0,2024.0,1086.0
0.0,14921.0,3902.0,3215.0,0.0,1841.0,1841.0,2243.0,972.0,2817.0,1085.0
0.0,11019.0,4060.0,3243.0,0.0,6013.0,6013.0,2269.0,974.0,3083.0,977.0
0.0,6959.0,3416.0,3260.0,1841.0,7656.0,7656.0,2288.0,972.0,2544.0,872.0
0.0,5384.0,2620.0,3251.0,6013.0,4227.0,4227.0,2283.0,968.0,1747.0,873.0
0.0,8777.0,2470.0,3225.0,7656.0,0.0,0.0,2259.0,966.0,1484.0,986.0
0.0,13963.0,3111.0,3210.0,4227.0,0.0,0.0,2241.0,969.0,2022.0,1089.0
0.0,15079.0,3887.0,3221.0,0.0,1692.0,1692.0,2247.0,974.0,2809.0,1078.0
0.0,11192.0,4023.0,3248.0,0.0,5823.0,5823.0,2272.0,976.0,3065.0,958.0
0.0,7169.0,3378.0,3264.0,1692.0,7573.0,7573.0,2291.0,973.0,2523.0,855.0
0.0,5483.0,2597.0,3255.0,5823.0,4311.0,4311.0,2286.0,969.0,1730.0,867.0
0.0,8709.0,2461.0,3230.0,7573.0,0.0,0.0,2262.0,968.0,1474.0,987.0
0.0,13821.0,3113.0,3214.0,4311.0,0.0,0.0,2244.0,970.0,2022.0,1091.0
0.0,15019.0,3907.0,3225.0,0.0,1788.0,1788.0,2250.0,975.0,2829.0,1078.0
0.0,11112.0,4069.0,3251.0,0.0,5961.0,5961.0,2275.0,976.0,3106.0,963.0
0.0,7043.0,3434.0,3268.0,1788.0,7675.0,7675.0,2294.0,974.0,2568.0,866.0
0.0,5397.0,2643.0,3259.0,5961.0,4321.0,4321.0,2289.0,970.0,1754.0,889.0
0.0,8715.0,2480.0,3234.0,7675.0,0.0,0.0,2265.0,969.0,1472.0,1008.0
0.0,13910.0,3107.0,3219.0,4321.0,0.0,0.0,2247.0,972.0,2005.0,1102.0
0.0,15124.0,3888.0,3229.0,0.0,1680.0,1680.0,2252.0,977.0,2809.0,1079.0
0.0,11236.0,4032.0,3255.0,0.0,5816.0,5816.0,2277.0,978.0,3077.0,955.0
0.0,7204.0,3403.0,3272.0,1680.0,7607.0,7607.0,2296.0,976.0,2550.0,853.0
0.0,5481.0,2623.0,3264.0,5816.0,4382.0,4382.0,2292.0,972.0,1751.0,872.0
0.0,8674.0,2469.0,3238.0,7607.0,0.0,0.0,2268.0,970.0,1473.0,996.0
0.0,13812.0,3100.0,3223.0,4382.0,0.0,0.0,2250.0,973.0,2003.0,1097.0
0.0,15094.0,3890.0,3233.0,0.0,1728.0,1728.0,2255.0,978.0,2812.0,1078.0
0.0,11204.0,4047.0,3259.0,0.0,5879.0,5879.0,2280.0,979.0,3090.0,957.0
0.0,7157.0,3439.0,3275.0,1728.0,7654.0,7654.0,2299.0,976.0,2581.0,858.0
0.0,5446.0,2674.0,3267.0,5879.0,4417.0,4417.0,2295.0,972.0,1790.0,884.0
0.0,8651.0,2513.0,3242.0,7654.0,0.0,0.0,2271.0,971.0,1505.0,1008.0
0.0,13792.0,3112.0,3226.0,4417.0,0.0,0.0,2252.0,974.0,2007.0,1105.0
0.0,15097.0,3882.0,3236.0,0.0,1729.0,1729.0,2258.0,978.0,2796.0,1086.0
0.0,11215.0,4031.0,3263.0,0.0,5868.0,5868.0,2283.0,980.0,3069.0,962.0
0.0,7184.0,3415.0,3280.0,1729.0,7622.0,7622.0,2302.0,978.0,2558.0,857.0
0.0,5498.0,2653.0,3271.0,5868.0,4371.0,4371.0,2297.0,974.0,1781.0,872.0
0.0,8713.0,2507.0,3246.0,7622.0,0.0,0.0,2274.0,972.0,1509.0,998.0
0.0,13828.0,3107.0,3230.0,4371.0,0.0,0.0,2255.0,975.0,2005.0,1102.0
0.0,15092.0,3859.0,3240.0,0.0,1727.0,1727.0,2260.0,980.0,2778.0,1081.0
0.0,11233.0,4021.0,3267.0,0.0,5856.0,5856.0,2285.0,982.0,3063.0,958.0
0.0,7212.0,3425.0,3284.0,1727.0,7622.0,7622.0,2305.0,979.0,2569.0,856.0
0.0,5514.0,2687.0,3275.0,5856.0,4417.0,4417.0,2300.0,975.0,1806.0,881.0
0.0,8683.0,2560.0,3249.0,7622.0,0.0,0.0,2276.0,973.0,1550.0,1010.0
0.0,13745.0,3165.0,3234.0,4417.0,0.0,0.0,2258.0,976.0,2052.0,1113.0
0.0,14997.0,3879.0,3244.0,0.0,1858.0,1858.0,2263.0,981.0,2789.0,1090.0
0.0,11118.0,3989.0,3270.0,0.0,5951.0,5951.0,2288.0,982.0,3025.0,964.0
0.0,7129.0,3399.0,3287.0,1858.0,7560.0,7560.0,2307.0,980.0,2540.0,859.0
0.0,5588.0,2696.0,3279.0,5951.0,4273.0,4273.0,2303.0,976.0,1811.0,885.0
0.0,8843.0,2566.0,3255.0,7560.0,0.0,0.0,2280.0,975.0,1562.0,1004.0
0.0,13837.0,3135.0,3239.0,4273.0,0.0,0.0,2261.0,978.0,2035.0,1100.0
0.0,14975.0,3845.0,3248.0,0.0,1862.0,1862.0,2266.0,982.0,2769.0,1076.0
0.0,11130.0,3979.0,3274.0,0.0,5945.0,5945.0,2290.0,984.0,3016.0,963.0
0.0,7151.0,3407.0,3293.0,1862.0,7566.0,7566.0,2311.0,982.0,2538.0,869.0
0.0,5606.0,2700.0,3284.0,5945.0,4285.0,4285.0,2306.0,978.0,1813.0,887.0
0.0,8851.0,2605.0,3259.0,7566.0,0.0,0.0,2283.0,976.0,1599.0,1006.0
0.0,13812.0,3203.0,3243.0,4285.0,0.0,0.0,2264.0,979.0,2098.0,1105.0
0.0,14894.0,3892.0,3252.0,0.0,2006.0,2006.0,2269.0,983.0,2808.0,1084.0
0.0,11002.0,3977.0,3278.0,0.0,6087.0,6087.0,2293.0,985.0,3007.0,970.0
0.0,7025.0,3373.0,3295.0,2006.0,7522.0,7522.0,2313.0,982.0,2500.0,873.0
0.0,5658.0,2673.0,3287.0,6087.0,4076.0,4076.0,2308.0,979.0,1784.0,889.0
0.0,9072.0,2586.0,3262.0,7522.0,0.0,0.0,2285.0,977.0,1588.0,998.0
0.0,14008.0,3198.0,3246.0,4076.0,0.0,0.0,2266.0,980.0,2103.0,1095.0
0.0,14886.0,3900.0,3256.0,0.0,2038.0,2038.0,2272.0,984.0,2814.0,1086.0
0.0,10986.0,3978.0,3282.0,0.0,6120.0,6120.0,2296.0,986.0,3002.0,976.0
0.0,7008.0,3350.0,3300.0,2038.0,7504.0,7504.0,2316.0,984.0,2479.0,871.0
0.0,5696.0,2666.0,3291.0,6120.0,4014.0,4014.0,2311.0,980.0,1785.0,881.0
0.0,9150.0,2610.0,3266.0,7504.0,0.0,0.0,2288.0,978.0,1607.0,1003.0
0.0,14044.0,3246.0,3250.0,4014.0,0.0,0.0,2269.0,981.0,2141.0,1105.0
0.0,14812.0,3930.0,3259.0,0.0,2154.0,2154.0,2274.0,985.0,2843.0,1087.0
0.0,10882.0,3988.0,3286.0,0.0,6250.0,6250.0,2299.0,987.0,3014.0,974.0
0.0,6894.0,3350.0,3303.0,2154.0,7514.0,7514.0,2318.0,985.0,2474.0,876.0
0.0,5698.0,2655.0,3293.0,6250.0,3879.0,3879.0,2313.0,980.0,1764.0,891.0
0.0,9293.0,2607.0,3269.0,7514.0,0.0,0.0,2290.0,979.0,1603.0,1004.0
0.0,14200.0,3248.0,3254.0,3879.0,0.0,0.0,2272.0,982.0,2153.0,1095.0
0.0,14831.0,3941.0,3264.0,0.0,2166.0,2166.0,2278.0,986.0,2860.0,1081.0
0.0,10890.0,3979.0,3290.0,0.0,6249.0,6249.0,2302.0,988.0,3008.0,971.0
0.0,6911.0,3329.0,3307.0,2166.0,7480.0,7480.0,2321.0,986.0,2449.0,880.0
0.0,5748.0,2641.0,3298.0,6249.0,3836.0,3836.0,2316.0,982.0,1747.0,894.0
0.0,9356.0,2600.0,3274.0,7480.0,0.0,0.0,2293.0,981.0,1591.0,1009.0
0.0,14236.0,3255.0,3258.0,3836.0,0.0,0.0,2275.0,983.0,2148.0,1107.0
0.0,14817.0,3963.0,3268.0,0.0,2218.0,2218.0,2280.0,988.0,2871.0,1092.0
0.0,10854.0,4017.0,3294.0,0.0,6339.0,6339.0,2304.0,990.0,3045.0,972.0
0.0,6837.0,3375.0,3311.0,2218.0,7564.0,7564.0,2324.0,987.0,2497.0,878.0
0.0,5680.0,2664.0,3302.0,6339.0,3853.0,3853.0,2319.0,983.0,1764.0,900.0
0.0,9355.0,2595.0,3277.0,7564.0,0.0,0.0,2295.0,982.0,1581.0,1014.0
0.0,14324.0,3223.0,3261.0,3853.0,0.0,0.0,2277.0,984.0,2126.0,1097.0
0.0,14954.0,3935.0,3272.0,0.0,2069.0,2069.0,2283.0,989.0,2862.0,1073.0
0.0,11019.0,4014.0,3298.0,0.0,6187.0,6187.0,2308.0,990.0,3051.0,963.0
0.0,7005.0,3368.0,3315.0,2069.0,7554.0,7554.0,2327.0,988.0,2494.0,874.0
0.0,5706.0,2648.0,3306.0,6187.0,3979.0,3979.0,2322.0,984.0,1744.0,904.0
0.0,9245.0,2574.0,3281.0,7554.0,0.0,0.0,2298.0,983.0,1553.0,1021.0
0.0,14225.0,3228.0,3266.0,3979.0,0.0,0.0,2280.0,986.0,2119.0,1109.0
0.0,14976.0,3959.0,3276.0,0.0,2087.0,2087.0,2286.0,990.0,2874.0,1085.0
0.0,11017.0,4041.0,3302.0,0.0,6232.0,6232.0,2310.0,992.0,3070.0,971.0
0.0,6976.0,3402.0,3319.0,2087.0,7615.0,7615.0,2329.0,990.0,2522.0,880.0
0.0,5661.0,2685.0,3309.0,6232.0,4028.0,4028.0,2324.0,985.0,1782.0,903.0
0.0,9208.0,2593.0,3284.0,7615.0,0.0,0.0,2300.0,984.0,1575.0,1018.0
0.0,14230.0,3220.0,3270.0,4028.0,0.0,0.0,2283.0,987.0,2115.0,1105.0
0.0,15038.0,3940.0,3280.0,0.0,2022.0,2022.0,2289.0,991.0,2855.0,1085.0
0.0,11098.0,4028.0,3306.0,0.0,6154.0,6154.0,2313.0,993.0,3060.0,968.0
0.0,7070.0,3398.0,3321.0,2022.0,7590.0,7590.0,2331.0,990.0,2526.0,872.0
0.0,5694.0,2671.0,3312.0,6154.0,4071.0,4071.0,2326.0,986.0,1778.0,893.0
0.0,9177.0,2575.0,3288.0,7590.0,0.0,0.0,2303.0,985.0,1560.0,1015.0
0.0,14192.0,3207.0,3273.0,4071.0,0.0,0.0,2285.0,988.0,2092.0,1115.0
0.0,15056.0,3935.0,3283.0,0.0,2011.0,2011.0,2291.0,992.0,2840.0,1095.0
0.0,11121.0,4050.0,3309.0,0.0,6165.0,6165.0,2315.0,994.0,3075.0,975.0
0.0,7071.0,3440.0,3326.0,2011.0,7662.0,7662.0,2334.0,992.0,2564.0,876.0
0.0,5642.0,2729.0,3317.0,6165.0,4190.0,4190.0,2329.0,988.0,1826.0,903.0
0.0,9078.0,2629.0,3292.0,7662.0,0.0,0.0,2305.0,987.0,1599.0,1030.0
0.0,14111.0,3229.0,3278.0,4190.0,0.0,0.0,2288.0,990.0,2104.0,1125.0
0.0,15072.0,3925.0,3288.0,0.0,2005.0,2005.0,2294.0,994.0,2832.0,1093.0
0.0,11147.0,4017.0,3314.0,0.0,6126.0,6126.0,2319.0,995.0,3053.0,964.0
0.0,7130.0,3399.0,3330.0,2005.0,7584.0,7584.0,2337.0,993.0,2535.0,864.0
0.0,5736.0,2713.0,3321.0,6126.0,4135.0,4135.0,2332.0,989.0,1815.0,898.0
0.0,9149.0,2626.0,3296.0,7584.0,0.0,0.0,2308.0,988.0,1598.0,1028.0
0.0,14107.0,3221.0,3282.0,4135.0,0.0,0.0,2291.0,991.0,2100.0,1121.0
0.0,15021.0,3909.0,3292.0,0.0,2056.0,2056.0,2297.0,995.0,2823.0,1086.0
0.0,11112.0,4002.0,3318.0,0.0,6162.0,6162.0,2322.0,996.0,3041.0,961.0
0.0,7110.0,3423.0,3334.0,2056.0,7593.0,7593.0,2340.0,994.0,2551.0,872.0
0.0,5743.0,2762.0,3324.0,6162.0,4153.0,4153.0,2334.0,990.0,1841.0,921.0
0.0,9143.0,2671.0,3299.0,7593.0,0.0,0.0,2310.0,989.0,1622.0,1049.0
0.0,14065.0,3250.0,3285.0,4153.0,0.0,0.0,2293.0,992.0,2118.0,1132.0
0.0,14968.0,3914.0,3297.0,0.0,2134.0,2134.0,2300.0,997.0,2825.0,1089.0
0.0,11054.0,3987.0,3322.0,0.0,6221.0,6221.0,2324.0,998.0,3030.0,957.0
0.0,7067.0,3394.0,3337.0,2134.0,7541.0,7541.0,2342.0,995.0,2529.0,865.0
0.0,5807.0,2724.0,3327.0,6221.0,4004.0,4004.0,2336.0,991.0,1821.0,903.0
0.0,9304.0,2664.0,3303.0,7541.0,0.0,0.0,2312.0,991.0,1630.0,1034.0
0.0,14181.0,3267.0,3289.0,4004.0,0.0,0.0,2295.0,994.0,2137.0,1130.0
0.0,14918.0,3921.0,3301.0,0.0,2207.0,2207.0,2303.0,998.0,2832.0,1089.0
0.0,10997.0,3961.0,3326.0,0.0,6268.0,6268.0,2327.0,999.0,3006.0,955.0
0.0,7036.0,3355.0,3340.0,2207.0,7472.0,7472.0,2344.0,996.0,2494.0,861.0
0.0,5888.0,2735.0,3330.0,6268.0,3899.0,3899.0,2338.0,992.0,1831.0,904.0
0.0,9421.0,2722.0,3306.0,7472.0,0.0,0.0,2315.0,991.0,1677.0,1045.0
0.0,14171.0,3348.0,3294.0,3899.0,0.0,0.0,2299.0,995.0,2197.0,1151.0
0.0,14722.0,3976.0,3305.0,0.0,2474.0,2474.0,2306.0,999.0,2864.0,1112.0
0.0,10746.0,3972.0,3330.0,0.0,6546.0,6546.0,2330.0,1000.0,3005.0,967.0
0.0,6774.0,3354.0,3344.0,2474.0,7482.0,7482.0,2347.0,997.0,2495.0,859.0
0.0,5894.0,2725.0,3336.0,6546.0,3629.0,3629.0,2342.0,994.0,1827.0,898.0
0.0,9715.0,2717.0,3312.0,7482.0,0.0,0.0,2319.0,993.0,1677.0,1040.0
0.0,14480.0,3332.0,3298.0,3629.0,0.0,0.0,2302.0,996.0,2188.0,1144.0
0.0,14777.0,3943.0,3310.0,0.0,2406.0,2406.0,2309.0,1001.0,2841.0,1102.0
0.0,10834.0,3933.0,3335.0,0.0,6439.0,6439.0,2333.0,1002.0,2974.0,959.0
0.0,6901.0,3321.0,3349.0,2406.0,7410.0,7410.0,2350.0,999.0,2465.0,856.0
0.0,5986.0,2713.0,3338.0,6439.0,3640.0,3640.0,2344.0,994.0,1822.0,891.0
0.0,9712.0,2743.0,3316.0,7410.0,0.0,0.0,2322.0,994.0,1706.0,1037.0
0.0,14379.0,3379.0,3303.0,3640.0,0.0,0.0,2306.0,997.0,2228.0,1151.0
0.0,14640.0,3999.0,3315.0,0.0,2619.0,2619.0,2313.0,1002.0,2879.0,1120.0
0.0,10641.0,3974.0,3339.0,0.0,6689.0,6689.0,2336.0,1003.0,2995.0,979.0
0.0,6667.0,3333.0,3353.0,2619.0,7459.0,7459.0,2353.0,1000.0,2465.0,868.0
0.0,5953.0,2699.0,3343.0,6689.0,3429.0,3429.0,2347.0,996.0,1804.0,895.0
0.0,9943.0,2714.0,3320.0,7459.0,0.0,0.0,2325.0,995.0,1686.0,1028.0
0.0,14688.0,3357.0,3306.0,3429.0,0.0,0.0,2308.0,998.0,2218.0,1139.0
0.0,14760.0,3992.0,3318.0,0.0,2504.0,2504.0,2315.0,1003.0,2879.0,1113.0
0.0,10768.0,3974.0,3343.0,0.0,6578.0,6578.0,2339.0,1004.0,3005.0,969.0
0.0,6794.0,3318.0,3357.0,2504.0,7448.0,7448.0,2356.0,1001.0,2464.0,854.0
0.0,5980.0,2676.0,3347.0,6578.0,3506.0,3506.0,2350.0,997.0,1793.0,883.0
0.0,9882.0,2697.0,3324.0,7448.0,0.0,0.0,2328.0,996.0,1667.0,1030.0
0.0,14633.0,3365.0,3310.0,3506.0,0.0,0.0,2311.0,999.0,2207.0,1158.0
0.0,14774.0,4024.0,3321.0,0.0,2534.0,2534.0,2317.0,1004.0,2888.0,1136.0
0.0,10750.0,4028.0,3347.0,0.0,6666.0,6666.0,2341.0,1006.0,3044.0,984.0
0.0,6722.0,3360.0,3360.0,2534.0,7544.0,7544.0,2358.0,1002.0,2507.0,853.0
0.0,5896.0,2699.0,3351.0,6666.0,3541.0,3541.0,2353.0,998.0,1822.0,877.0
0.0,9863.0,2687.0,3326.0,7544.0,0.0,0.0,2330.0,996.0,1655.0,1032.0
0.0,14720.0,3347.0,3314.0,3541.0,0.0,0.0,2314.0,1000.0,2179.0,1168.0
0.0,14914.0,4024.0,3326.0,0.0,2414.0,2414.0,2320.0,1006.0,2881.0,1143.0
0.0,10890.0,4029.0,3351.0,0.0,6543.0,6543.0,2344.0,1007.0,3050.0,979.0
0.0,6861.0,3348.0,3365.0,2414.0,7533.0,7533.0,2361.0,1004.0,2512.0,836.0
0.0,5927.0,2666.0,3355.0,6543.0,3616.0,3616.0,2356.0,999.0,1806.0,860.0
0.0,9804.0,2666.0,3331.0,7533.0,0.0,0.0,2333.0,998.0,1633.0,1033.0
0.0,14671.0,3341.0,3318.0,3616.0,0.0,0.0,2316.0,1002.0,2166.0,1175.0
0.0,14946.0,4043.0,3330.0,0.0,2417.0,2417.0,2323.0,1007.0,2893.0,1150.0
0.0,10903.0,4067.0,3355.0,0.0,6584.0,6584.0,2347.0,1008.0,3086.0,981.0
0.0,6836.0,3390.0,3368.0,2417.0,7609.0,7609.0,2364.0,1004.0,2551.0,839.0
0.0,5863.0,2692.0,3358.0,6584.0,3677.0,3677.0,2359.0,999.0,1823.0,869.0
0.0,9755.0,2692.0,3334.0,7609.0,0.0,0.0,2336.0,998.0,1642.0,1050.0
0.0,14672.0,3374.0,3323.0,3677.0,0.0,0.0,2320.0,1003.0,2178.0,1196.0
0.0,14975.0,4053.0,3335.0,0.0,2418.0,2418.0,2327.0,1008.0,2897.0,1156.0
0.0,10922.0,4052.0,3361.0,0.0,6574.0,6574.0,2351.0,1010.0,3081.0,971.0
0.0,6870.0,3369.0,3375.0,2418.0,7581.0,7581.0,2369.0,1006.0,2542.0,827.0
0.0,5919.0,2672.0,3363.0,6574.0,3631.0,3631.0,2362.0,1001.0,1809.0,863.0
0.0,9821.0,2657.0,3339.0,7581.0,0.0,0.0,2339.0,1000.0,1612.0,1045.0
0.0,14745.0,3341.0,3326.0,3631.0,0.0,0.0,2322.0,1004.0,2157.0,1184.0
0.0,15035.0,4045.0,3340.0,0.0,2370.0,2370.0,2330.0,1010.0,2901.0,1144.0
0.0,10990.0,4076.0,3366.0,0.0,6550.0,6550.0,2355.0,1011.0,3103.0,973.0
0.0,6914.0,3402.0,3379.0,2370.0,7634.0,7634.0,2372.0,1007.0,2563.0,839.0
0.0,5882.0,2710.0,3367.0,6550.0,3746.0,3746.0,2365.0,1002.0,1832.0,878.0
0.0,9722.0,2688.0,3342.0,7634.0,0.0,0.0,2341.0,1001.0,1635.0,1053.0
0.0,14668.0,3357.0,3330.0,3746.0,0.0,0.0,2325.0,1005.0,2168.0,1189.0
0.0,15057.0,4037.0,3343.0,0.0,2352.0,2352.0,2333.0,1010.0,2890.0,1147.0
0.0,11020.0,4049.0,3369.0,0.0,6505.0,6505.0,2357.0,1012.0,3076.0,973.0
0.0,6971.0,3388.0,3381.0,2352.0,7589.0,7589.0,2373.0,1008.0,2553.0,835.0
0.0,5935.0,2717.0,3370.0,6505.0,3757.0,3757.0,2367.0,1003.0,1842.0,875.0
0.0,9723.0,2700.0,3346.0,7589.0,0.0,0.0,2344.0,1002.0,1651.0,1049.0
0.0,14612.0,3345.0,3334.0,3757.0,0.0,0.0,2328.0,1006.0,2162.0,1183.0
0.0,15024.0,4023.0,3348.0,0.0,2391.0,2391.0,2336.0,1012.0,2875.0,1148.0
0.0,11001.0,4034.0,3373.0,0.0,6525.0,6525.0,2360.0,1013.0,3061.0,973.0
0.0,6967.0,3386.0,3385.0,2391.0,7568.0,7568.0,2376.0,1009.0,2551.0,835.0
0.0,5972.0,2734.0,3373.0,6525.0,3729.0,3729.0,2369.0,1004.0,1859.0,875.0
0.0,9763.0,2731.0,3349.0,7568.0,0.0,0.0,2346.0,1003.0,1680.0,1051.0
0.0,14600.0,3382.0,3338.0,3729.0,0.0,0.0,2331.0,1007.0,2192.0,1190.0
0.0,14947.0,4043.0,3351.0,0.0,2500.0,2500.0,2339.0,1012.0,2885.0,1158.0
0.0,10904.0,4050.0,3377.0,0.0,6654.0,6654.0,2363.0,1014.0,3064.0,986.0
0.0,6854.0,3386.0,3391.0,2500.0,7596.0,7596.0,2380.0,1011.0,2544.0,842.0
0.0,5968.0,2730.0,3378.0,6654.0,3620.0,3620.0,2373.0,1005.0,1856.0,874.0
0.0,9892.0,2723.0,3353.0,7596.0,0.0,0.0,2349.0,1004.0,1669.0,1054.0
0.0,14765.0,3372.0,3342.0,3620.0,0.0,0.0,2333.0,1009.0,2178.0,1194.0
0.0,15013.0,4009.0,3355.0,0.0,2416.0,2416.0,2341.0,1014.0,2859.0,1150.0
0.0,11004.0,4020.0,3381.0,0.0,6540.0,6540.0,2365.0,1016.0,3048.0,972.0
0.0,6984.0,3382.0,3394.0,2416.0,7558.0,7558.0,2382.0,1012.0,2547.0,835.0
0.0,6018.0,2746.0,3383.0,6540.0,3720.0,3720.0,2376.0,1007.0,1869.0,877.0
0.0,9812.0,2752.0,3358.0,7558.0,0.0,0.0,2353.0,1005.0,1696.0,1056.0
0.0,14618.0,3418.0,3346.0,3720.0,0.0,0.0,2337.0,1009.0,2220.0,1198.0
0.0,14920.0,4068.0,3359.0,0.0,2584.0,2584.0,2344.0,1015.0,2909.0,1159.0
0.0,10852.0,4047.0,3385.0,0.0,6735.0,6735.0,2368.0,1017.0,3068.0,979.0
0.0,6805.0,3365.0,3399.0,2584.0,7572.0,7572.0,2385.0,1014.0,2530.0,835.0
0.0,6024.0,2714.0,3387.0,6735.0,3503.0,3503.0,2379.0,1008.0,1840.0,874.0
0.0,10045.0,2739.0,3362.0,7572.0,0.0,0.0,2356.0,1006.0,1683.0,1056.0
0.0,14878.0,3419.0,3350.0,3503.0,0.0,0.0,2340.0,1010.0,2221.0,1198.0
0.0,14962.0,4059.0,3364.0,0.0,2553.0,2553.0,2347.0,1017.0,2900.0,1159.0
0.0,10903.0,4023.0,3390.0,0.0,6680.0,6680.0,2371.0,1019.0,3051.0,972.0
0.0,6880.0,3350.0,3403.0,2553.0,7529.0,7529.0,2388.0,1015.0,2519.0,831.0
0.0,6083.0,2722.0,3391.0,6680.0,3523.0,3523.0,2382.0,1009.0,1842.0,880.0
0.0,10041.0,2770.0,3367.0,7529.0,0.0,0.0,2359.0,1008.0,1698.0,1072.0
0.0,14800.0,3454.0,3355.0,3523.0,0.0,0.0,2343.0,1012.0,2241.0,1213.0
0.0,14869.0,4089.0,3368.0,0.0,2692.0,2692.0,2350.0,1018.0,2926.0,1163.0
0.0,10780.0,4045.0,3394.0,0.0,6841.0,6841.0,2374.0,1020.0,3075.0,970.0
0.0,6735.0,3365.0,3407.0,2692.0,7566.0,7566.0,2391.0,1016.0,2539.0,826.0
0.0,6062.0,2716.0,3395.0,6841.0,3393.0,3393.0,2385.0,1010.0,1844.0,872.0
0.0,10187.0,2748.0,3369.0,7566.0,0.0,0.0,2361.0,1008.0,1680.0,1068.0
0.0,15005.0,3434.0,3358.0,3393.0,0.0,0.0,2345.0,1013.0,2218.0,1216.0
0.0,14964.0,4084.0,3371.0,0.0,2604.0,2604.0,2352.0,1019.0,2920.0,1164.0
0.0,10880.0,4041.0,3397.0,0.0,6749.0,6749.0,2376.0,1021.0,3074.0,967.0
0.0,6839.0,3352.0,3411.0,2604.0,7553.0,7553.0,2394.0,1017.0,2530.0,822.0
0.0,6091.0,2695.0,3399.0,6749.0,3451.0,3451.0,2388.0,1011.0,1820.0,875.0
0.0,10145.0,2740.0,3374.0,7553.0,0.0,0.0,2364.0,1010.0,1666.0,1074.0
0.0,14958.0,3452.0,3361.0,3451.0,0.0,0.0,2347.0,1014.0,2233.0,1219.0
0.0,14957.0,4134.0,3376.0,0.0,2681.0,2681.0,2355.0,1021.0,2960.0,1174.0
0.0,10823.0,4108.0,3403.0,0.0,6897.0,6897.0,2380.0,1023.0,3124.0,984.0
0.0,6715.0,3400.0,3417.0,2681.0,7672.0,7672.0,2398.0,1019.0,2565.0,835.0
0.0,5996.0,2704.0,3404.0,6897.0,3427.0,3427.0,2391.0,1013.0,1828.0,876.0
0.0,10189.0,2704.0,3378.0,7672.0,0.0,0.0,2367.0,1011.0,1645.0,1059.0
0.0,15157.0,3409.0,3366.0,3427.0,0.0,0.0,2350.0,1016.0,2201.0,1208.0
0.0,15175.0,4107.0,3380.0,0.0,2452.0,2452.0,2358.0,1022.0,2938.0,1169.0
0.0,11068.0,4105.0,3406.0,0.0,6661.0,6661.0,2382.0,1024.0,3125.0,980.0
0.0,6963.0,3412.0,3420.0,2452.0,7677.0,7677.0,2400.0,1020.0,2580.0,832.0
0.0,6003.0,2696.0,3408.0,6661.0,3664.0,3664.0,2394.0,1014.0,1829.0,867.0
0.0,9968.0,2678.0,3382.0,7677.0,0.0,0.0,2370.0,1012.0,1622.0,1056.0
0.0,14967.0,3395.0,3370.0,3664.0,0.0,0.0,2353.0,1017.0,2181.0,1214.0
0.0,15236.0,4134.0,3383.0,0.0,2430.0,2430.0,2360.0,1023.0,2950.0,1184.0
0.0,11102.0,4167.0,3412.0,0.0,6713.0,6713.0,2386.0,1026.0,3170.0,997.0
0.0,6935.0,3475.0,3426.0,2430.0,7814.0,7814.0,2404.0,1022.0,2627.0,848.0
0.0,5890.0,2739.0,3413.0,6713.0,3788.0,3788.0,2397.0,1016.0,1856.0,883.0
0.0,9864.0,2698.0,3387.0,7814.0,0.0,0.0,2373.0,1014.0,1635.0,1063.0
0.0,14980.0,3377.0,3374.0,3788.0,0.0,0.0,2356.0,1018.0,2172.0,1205.0
0.0,15391.0,4097.0,3388.0,0.0,2258.0,2258.0,2363.0,1025.0,2924.0,1173.0
0.0,11294.0,4133.0,3415.0,0.0,6499.0,6499.0,2388.0,1027.0,3143.0,990.0
0.0,7161.0,3451.0,3429.0,2258.0,7748.0,7748.0,2406.0,1023.0,2614.0,837.0
0.0,5968.0,2718.0,3416.0,6499.0,3915.0,3915.0,2400.0,1016.0,1851.0,867.0
0.0,9749.0,2673.0,3390.0,7748.0,0.0,0.0,2376.0,1014.0,1627.0,1046.0
0.0,14824.0,3357.0,3378.0,3915.0,0.0,0.0,2359.0,1019.0,2155.0,1202.0
0.0,15382.0,4090.0,3391.0,0.0,2272.0,2272.0,2366.0,1025.0,2910.0,1180.0
0.0,11292.0,4142.0,3419.0,0.0,6526.0,6526.0,2391.0,1028.0,3141.0,1001.0
0.0,7150.0,3486.0,3433.0,2272.0,7796.0,7796.0,2409.0,1024.0,2633.0,853.0
0.0,5936.0,2780.0,3421.0,6526.0,4002.0,4002.0,2403.0,1018.0,1901.0,879.0
0.0,9682.0,2722.0,3395.0,7796.0,0.0,0.0,2379.0,1016.0,1670.0,1052.0
0.0,14756.0,3376.0,3382.0,4002.0,0.0,0.0,2362.0,1020.0,2171.0,1205.0
0.0,15382.0,4081.0,3396.0,0.0,2283.0,2283.0,2369.0,1027.0,2898.0,1183.0
0.0,11301.0,4123.0,3422.0,0.0,6510.0,6510.0,2393.0,1029.0,3118.0,1005.0
0.0,7178.0,3462.0,3436.0,2283.0,7745.0,7745.0,2411.0,1025.0,2617.0,845.0
0.0,5999.0,2758.0,3424.0,6510.0,3945.0,3945.0,2405.0,1019.0,1896.0,862.0
0.0,9751.0,2703.0,3397.0,7745.0,0.0,0.0,2381.0,1016.0,1663.0,1040.0
0.0,14793.0,3353.0,3385.0,3945.0,0.0,0.0,2364.0,1021.0,2155.0,1198.0
0.0,15385.0,4066.0,3399.0,0.0,2277.0,2277.0,2371.0,1028.0,2878.0,1188.0
0.0,11319.0,4132.0,3425.0,0.0,6513.0,6513.0,2395.0,1030.0,3117.0,1015.0
0.0,7187.0,3502.0,3439.0,2277.0,7794.0,7794.0,2413.0,1026.0,2643.0,859.0
0.0,5962.0,2819.0,3428.0,6513.0,4056.0,4056.0,2408.0,1020.0,1944.0,875.0
0.0,9656.0,2756.0,3401.0,7794.0,0.0,0.0,2384.0,1017.0,1709.0,1047.0
0.0,14694.0,3384.0,3389.0,4056.0,0.0,0.0,2367.0,1022.0,2179.0,1205.0
0.0,15366.0,4071.0,3403.0,0.0,2317.0,2317.0,2374.0,1029.0,2873.0,1198.0
0.0,11295.0,4114.0,3429.0,0.0,6535.0,6535.0,2397.0,1032.0,3087.0,1027.0
0.0,7181.0,3476.0,3444.0,2317.0,7754.0,7754.0,2416.0,1028.0,2623.0,853.0
0.0,6022.0,2790.0,3431.0,6535.0,3957.0,3957.0,2410.0,1021.0,1940.0,850.0
0.0,9767.0,2745.0,3405.0,7754.0,0.0,0.0,2387.0,1018.0,1723.0,1022.0
0.0,14776.0,3377.0,3393.0,3957.0,0.0,0.0,2370.0,1023.0,2177.0,1200.0
0.0,15356.0,4055.0,3406.0,0.0,2323.0,2323.0,2376.0,1030.0,2856.0,1199.0
0.0,11301.0,4092.0,3433.0,0.0,6523.0,6523.0,2400.0,1033.0,3071.0,1021.0
0.0,7209.0,3468.0,3447.0,2323.0,7724.0,7724.0,2419.0,1028.0,2619.0,849.0
0.0,6064.0,2806.0,3434.0,6523.0,3955.0,3955.0,2413.0,1021.0,1950.0,856.0
0.0,9781.0,2790.0,3409.0,7724.0,0.0,0.0,2390.0,1019.0,1752.0,1038.0
0.0,14715.0,3430.0,3395.0,3955.0,0.0,0.0,2372.0,1023.0,2213.0,1217.0
0.0,15240.0,4097.0,3409.0,0.0,2493.0,2493.0,2378.0,1031.0,2881.0,1216.0
0.0,11143.0,4125.0,3437.0,0.0,6730.0,6730.0,2403.0,1034.0,3085.0,1040.0
0.0,7018.0,3479.0,3451.0,2493.0,7772.0,7772.0,2421.0,1030.0,2619.0,860.0
0.0,6032.0,2798.0,3439.0,6730.0,3792.0,3792.0,2416.0,1023.0,1946.0,852.0
0.0,9964.0,2764.0,3413.0,7772.0,0.0,0.0,2393.0,1020.0,1732.0,1032.0
0.0,14972.0,3403.0,3400.0,3792.0,0.0,0.0,2375.0,1025.0,2194.0,1209.0
0.0,15361.0,4065.0,3413.0,0.0,2356.0,2356.0,2381.0,1032.0,2864.0,1201.0
0.0,11296.0,4088.0,3440.0,0.0,6552.0,6552.0,2405.0,1035.0,3069.0,1019.0
0.0,7208.0,3448.0,3455.0,2356.0,7704.0,7704.0,2424.0,1031.0,2601.0,847.0
0.0,6116.0,2794.0,3443.0,6552.0,3898.0,3898.0,2419.0,1024.0,1935.0,859.0
0.0,9874.0,2778.0,3416.0,7704.0,0.0,0.0,2395.0,1021.0,1736.0,1042.0
0.0,14800.0,3448.0,3403.0,3898.0,0.0,0.0,2377.0,1026.0,2226.0,1222.0
0.0,15250.0,4127.0,3416.0,0.0,2541.0,2541.0,2383.0,1033.0,2911.0,1216.0
0.0,11123.0,4157.0,3443.0,0.0,6806.0,6806.0,2407.0,1036.0,3124.0,1033.0
0.0,6966.0,3498.0,3458.0,2541.0,7823.0,7823.0,2426.0,1032.0,2640.0,858.0
0.0,6009.0,2810.0,3447.0,6806.0,3783.0,3783.0,2422.0,1025.0,1943.0,867.0
0.0,10005.0,2773.0,3422.0,7823.0,0.0,0.0,2399.0,1023.0,1723.0,1050.0
0.0,15055.0,3408.0,3408.0,3783.0,0.0,0.0,2381.0,1027.0,2194.0,1214.0
0.0,15430.0,4079.0,3420.0,0.0,2329.0,2329.0,2386.0,1034.0,2878.0,1201.0
0.0,11351.0,4116.0,3447.0,0.0,6553.0,6553.0,2410.0,1037.0,3097.0,1019.0
0.0,7235.0,3478.0,3462.0,2329.0,7762.0,7762.0,2429.0,1033.0,2624.0,854.0
0.0,6086.0,2799.0,3452.0,6553.0,3968.0,3968.0,2425.0,1027.0,1933.0,866.0
0.0,9840.0,2764.0,3426.0,7762.0,0.0,0.0,2402.0,1024.0,1722.0,1042.0
0.0,14838.0,3422.0,3412.0,3968.0,0.0,0.0,2384.0,1028.0,2211.0,1211.0
0.0,15384.0,4115.0,3424.0,0.0,2427.0,2427.0,2389.0,1035.0,2909.0,1206.0
0.0,11269.0,4157.0,3451.0,0.0,6692.0,6692.0,2413.0,1038.0,3122.0,1035.0
0.0,7112.0,3518.0,3466.0,2427.0,7843.0,7843.0,2431.0,1035.0,2646.0,872.0
0.0,6021.0,2830.0,3455.0,6692.0,3937.0,3937.0,2427.0,1028.0,1956.0,874.0
0.0,9883.0,2774.0,3431.0,7843.0,0.0,0.0,2405.0,1026.0,1731.0,1043.0
0.0,14952.0,3408.0,3416.0,3937.0,0.0,0.0,2387.0,1029.0,2199.0,1209.0
0.0,15481.0,4097.0,3428.0,0.0,2328.0,2328.0,2392.0,1036.0,2890.0,1207.0
0.0,11384.0,4152.0,3456.0,0.0,6592.0,6592.0,2416.0,1040.0,3120.0,1032.0
0.0,7232.0,3514.0,3471.0,2328.0,7838.0,7838.0,2435.0,1036.0,2655.0,859.0
0.0,6046.0,2805.0,3461.0,6592.0,4011.0,4011.0,2431.0,1030.0,1943.0,862.0
0.0,9833.0,2734.0,3435.0,7838.0,0.0,0.0,2408.0,1027.0,1694.0,1040.0
0.0,14937.0,3377.0,3421.0,4011.0,0.0,0.0,2390.0,1031.0,2164.0,1213.0
0.0,15571.0,4109.0,3433.0,0.0,2270.0,2270.0,2395.0,1038.0,2893.0,1216.0
0.0,11462.0,4213.0,3459.0,0.0,6587.0,6587.0,2418.0,1041.0,3171.0,1042.0
0.0,7249.0,3576.0,3475.0,2270.0,7957.0,7957.0,2438.0,1037.0,2707.0,869.0
0.0,5943.0,2849.0,3465.0,6587.0,4179.0,4179.0,2434.0,1031.0,1977.0,872.0
0.0,9681.0,2746.0,3439.0,7957.0,0.0,0.0,2411.0,1028.0,1702.0,1044.0
0.0,14892.0,3372.0,3425.0,4179.0,0.0,0.0,2393.0,1032.0,2155.0,1217.0
0.0,15699.0,4093.0,3437.0,0.0,2142.0,2142.0,2398.0,1039.0,2873.0,1220.0
0.0,11606.0,4188.0,3464.0,0.0,6438.0,6438.0,2421.0,1043.0,3141.0,1047.0
0.0,7418.0,3555.0,3479.0,2142.0,7911.0,7911.0,2440.0,1039.0,2693.0,862.0
0.0,6005.0,2837.0,3469.0,6438.0,4270.0,4270.0,2436.0,1033.0,1980.0,857.0
0.0,9606.0,2755.0,3444.0,7911.0,0.0,0.0,2414.0,1030.0,1715.0,1040.0
0.0,14762.0,3376.0,3430.0,4270.0,0.0,0.0,2396.0,1034.0,2153.0,1223.0
0.0,15656.0,4081.0,3442.0,0.0,2193.0,2193.0,2401.0,1041.0,2863.0,1218.0
0.0,11575.0,4171.0,3468.0,0.0,6468.0,6468.0,2424.0,1044.0,3135.0,1036.0
0.0,7404.0,3568.0,3483.0,2193.0,7903.0,7903.0,2442.0,1041.0,2711.0,857.0
0.0,6029.0,2896.0,3473.0,6468.0,4291.0,4291.0,2439.0,1034.0,2023.0,873.0
0.0,9601.0,2815.0,3448.0,7903.0,0.0,0.0,2417.0,1031.0,1756.0,1059.0
0.0,14689.0,3404.0,3434.0,4291.0,0.0,0.0,2399.0,1035.0,2171.0,1233.0
0.0,15576.0,4062.0,3446.0,0.0,2270.0,2270.0,2404.0,1042.0,2843.0,1219.0
0.0,11514.0,4137.0,3471.0,0.0,6507.0,6507.0,2426.0,1045.0,3109.0,1028.0
0.0,7377.0,3555.0,3487.0,2270.0,7856.0,7856.0,2445.0,1042.0,2705.0,850.0
0.0,6092.0,2897.0,3477.0,6507.0,4206.0,4206.0,2442.0,1035.0,2026.0,871.0
0.0,9702.0,2818.0,3452.0,7856.0,0.0,0.0,2420.0,1032.0,1759.0,1059.0
0.0,14740.0,3384.0,3439.0,4206.0,0.0,0.0,2403.0,1036.0,2157.0,1227.0
0.0,15562.0,4035.0,3450.0,0.0,2273.0,2273.0,2407.0,1043.0,2826.0,1209.0
0.0,11527.0,4131.0,3477.0,0.0,6512.0,6512.0,2430.0,1047.0,3101.0,1030.0
0.0,7396.0,3586.0,3491.0,2273.0,7881.0,7881.0,2448.0,1043.0,2720.0,866.0
0.0,6083.0,2951.0,3483.0,6512.0,4288.0,4288.0,2446.0,1037.0,2074.0,877.0
0.0,9644.0,2854.0,3458.0,7881.0,0.0,0.0,2424.0,1034.0,1796.0,1058.0
0.0,14671.0,3399.0,3443.0,4288.0,0.0,0.0,2406.0,1037.0,2167.0,1232.0
0.0,15560.0,4031.0,3453.0,0.0,2283.0,2283.0,2409.0,1044.0,2817.0,1214.0
0.0,11529.0,4112.0,3478.0,0.0,6495.0,6495.0,2431.0,1047.0,3087.0,1025.0
0.0,7417.0,3571.0,3494.0,2283.0,7847.0,7847.0,2450.0,1044.0,2714.0,857.0
0.0,6129.0,2940.0,3485.0,6495.0,4256.0,4256.0,2448.0,1037.0,2061.0,879.0
0.0,9684.0,2854.0,3462.0,7847.0,0.0,0.0,2427.0,1035.0,1785.0,1069.0
0.0,14677.0,3391.0,3447.0,4256.0,0.0,0.0,2408.0,1039.0,2157.0,1234.0
0.0,15542.0,4013.0,3458.0,0.0,2303.0,2303.0,2412.0,1046.0,2797.0,1216.0
0.0,11529.0,4108.0,3483.0,0.0,6511.0,6511.0,2434.0,1049.0,3081.0,1027.0
0.0,7421.0,3575.0,3498.0,2303.0,7843.0,7843.0,2453.0,1045.0,2717.0,858.0
0.0,6149.0,2962.0,3490.0,6511.0,4262.0,4262.0,2451.0,1039.0,2082.0,880.0
0.0,9698.0,2882.0,3466.0,7843.0,0.0,0.0,2430.0,1036.0,1814.0,1068.0
0.0,14659.0,3428.0,3452.0,4262.0,0.0,0.0,2412.0,1040.0,2189.0,1239.0
0.0,15493.0,4053.0,3462.0,0.0,2408.0,2408.0,2415.0,1047.0,2830.0,1223.0
0.0,11440.0,4129.0,3487.0,0.0,6637.0,6637.0,2437.0,1050.0,3095.0,1034.0
0.0,7311.0,3573.0,3503.0,2408.0,7866.0,7866.0,2456.0,1047.0,2710.0,863.0
0.0,6146.0,2929.0,3493.0,6637.0,4118.0,4118.0,2453.0,1040.0,2056.0,873.0
0.0,9854.0,2853.0,3469.0,7866.0,0.0,0.0,2432.0,1037.0,1797.0,1056.0
0.0,14867.0,3413.0,3455.0,4118.0,0.0,0.0,2414.0,1041.0,2187.0,1226.0
0.0,15572.0,4058.0,3466.0,0.0,2350.0,2350.0,2418.0,1048.0,2838.0,1220.0
0.0,11514.0,4127.0,3491.0,0.0,6577.0,6577.0,2440.0,1051.0,3089.0,1038.0
0.0,7387.0,3551.0,3507.0,2350.0,7842.0,7842.0,2459.0,1048.0,2683.0,868.0
0.0,6186.0,2921.0,3498.0,6577.0,4150.0,4150.0,2456.0,1042.0,2040.0,881.0
0.0,9842.0,2869.0,3474.0,7842.0,0.0,0.0,2435.0,1039.0,1805.0,1064.0
0.0,14815.0,3459.0,3459.0,4150.0,0.0,0.0,2417.0,1042.0,2225.0,1234.0
0.0,15506.0,4110.0,3470.0,0.0,2484.0,2484.0,2421.0,1049.0,2884.0,1226.0
0.0,11396.0,4163.0,3495.0,0.0,6747.0,6747.0,2443.0,1052.0,3120.0,1043.0
0.0,7233.0,3566.0,3511.0,2484.0,7893.0,7893.0,2462.0,1049.0,2698.0,868.0
0.0,6151.0,2903.0,3501.0,6747.0,4009.0,4009.0,2459.0,1042.0,2027.0,876.0
0.0,9995.0,2845.0,3477.0,7893.0,0.0,0.0,2438.0,1039.0,1792.0,1053.0
0.0,15043.0,3453.0,3464.0,4009.0,0.0,0.0,2421.0,1043.0,2227.0,1226.0
0.0,15599.0,4103.0,3475.0,0.0,2404.0,2404.0,2425.0,1050.0,2883.0,1220.0
0.0,11496.0,4144.0,3499.0,0.0,6644.0,6644.0,2446.0,1053.0,3105.0,1039.0
0.0,7352.0,3525.0,3514.0,2404.0,7825.0,7825.0,2464.0,1050.0,2657.0,868.0
0.0,6231.0,2875.0,3504.0,6644.0,4016.0,4016.0,2461.0,1043.0,1999.0,876.0
0.0,10000.0,2850.0,3481.0,7825.0,0.0,0.0,2441.0,1040.0,1791.0,1059.0
0.0,14975.0,3481.0,3468.0,4016.0,0.0,0.0,2424.0,1044.0,2248.0,1233.0
0.0,15510.0,4154.0,3479.0,0.0,2560.0,2560.0,2428.0,1051.0,2925.0,1229.0
0.0,11356.0,4204.0,3504.0,0.0,6864.0,6864.0,2449.0,1055.0,3147.0,1057.0
0.0,7152.0,3579.0,3518.0,2560.0,7939.0,7939.0,2467.0,1051.0,2694.0,885.0
0.0,6133.0,2891.0,3508.0,6864.0,3926.0,3926.0,2464.0,1044.0,2008.0,883.0
0.0,10106.0,2833.0,3485.0,7939.0,0.0,0.0,2444.0,1041.0,1782.0,1051.0
0.0,15212.0,3458.0,3472.0,3926.0,0.0,0.0,2427.0,1045.0,2238.0,1220.0
0.0,15680.0,4140.0,3483.0,0.0,2392.0,2392.0,2431.0,1052.0,2915.0,1225.0
0.0,11540.0,4190.0,3509.0,0.0,6686.0,6686.0,2453.0,1056.0,3138.0,1052.0
0.0,7350.0,3553.0,3522.0,2392.0,7899.0,7899.0,2470.0,1052.0,2676.0,877.0
0.0,6189.0,2853.0,3512.0,6686.0,4026.0,4026.0,2467.0,1045.0,1983.0,870.0
0.0,10022.0,2805.0,3488.0,7899.0,0.0,0.0,2446.0,1042.0,1761.0,1044.0
0.0,15116.0,3458.0,3476.0,4026.0,0.0,0.0,2430.0,1046.0,2230.0,1228.0
0.0,15684.0,4160.0,3487.0,0.0,2424.0,2424.0,2434.0,1053.0,2926.0,1234.0
0.0,11524.0,4236.0,3512.0,0.0,6760.0,6760.0,2455.0,1057.0,3168.0,1068.0
0.0,7288.0,3606.0,3526.0,2424.0,7998.0,7998.0,2472.0,1054.0,2710.0,896.0
0.0,6106.0,2900.0,3516.0,6760.0,4098.0,4098.0,2469.0,1047.0,2015.0,885.0
0.0,9966.0,2830.0,3493.0,7998.0,0.0,0.0,2449.0,1044.0,1777.0,1053.0
0.0,15134.0,3461.0,3481.0,4098.0,0.0,0.0,2433.0,1048.0,2235.0,1226.0
0.0,15771.0,4139.0,3492.0,0.0,2336.0,2336.0,2437.0,1055.0,2911.0,1228.0
0.0,11632.0,4205.0,3516.0,0.0,6637.0,6637.0,2458.0,1058.0,3148.0,1057.0
0.0,7427.0,3580.0,3530.0,2336.0,7937.0,7937.0,2475.0,1055.0,2700.0,880.0
0.0,6183.0,2887.0,3520.0,6637.0,4147.0,4147.0,2472.0,1048.0,2008.0,879.0
0.0,9933.0,2816.0,3497.0,7937.0,0.0,0.0,2452.0,1045.0,1766.0,1050.0
0.0,15054.0,3443.0,3484.0,4147.0,0.0,0.0,2436.0,1048.0,2219.0,1224.0
0.0,15758.0,4146.0,3495.0,0.0,2368.0,2368.0,2440.0,1055.0,2916.0,1230.0
0.0,11612.0,4226.0,3520.0,0.0,6694.0,6694.0,2461.0,1059.0,3163.0,1063.0
0.0,7386.0,3607.0,3534.0,2368.0,7989.0,7989.0,2478.0,1056.0,2717.0,890.0
0.0,6147.0,2930.0,3524.0,6694.0,4185.0,4185.0,2475.0,1049.0,2036.0,894.0
0.0,9911.0,2852.0,3501.0,7989.0,0.0,0.0,2455.0,1046.0,1785.0,1067.0
0.0,15048.0,3470.0,3488.0,4185.0,0.0,0.0,2438.0,1050.0,2231.0,1239.0
0.0,15763.0,4153.0,3499.0,0.0,2386.0,2386.0,2442.0,1057.0,2920.0,1233.0
0.0,11610.0,4212.0,3524.0,0.0,6698.0,6698.0,2463.0,1061.0,3154.0,1058.0
0.0,7398.0,3601.0,3538.0,2386.0,7969.0,7969.0,2481.0,1057.0,2716.0,885.0
0.0,6183.0,2921.0,3529.0,6698.0,4156.0,4156.0,2478.0,1051.0,2040.0,881.0
0.0,9960.0,2835.0,3505.0,7969.0,0.0,0.0,2458.0,1047.0,1785.0,1050.0
0.0,15094.0,3429.0,3492.0,4156.0,0.0,0.0,2441.0,1051.0,2204.0,1225.0
0.0,15821.0,4120.0,3503.0,0.0,2311.0,2311.0,2445.0,1058.0,2884.0,1236.0
0.0,11701.0,4228.0,3528.0,0.0,6639.0,6639.0,2466.0,1062.0,3160.0,1068.0
0.0,7473.0,3641.0,3543.0,2311.0,8029.0,8029.0,2485.0,1058.0,2750.0,891.0
0.0,6143.0,2952.0,3534.0,6639.0,4306.0,4306.0,2482.0,1052.0,2070.0,882.0
0.0,9830.0,2855.0,3509.0,8029.0,0.0,0.0,2461.0,1048.0,1803.0,1052.0
0.0,15004.0,3457.0,3495.0,4306.0,0.0,0.0,2443.0,1052.0,2218.0,1239.0
0.0,15853.0,4144.0,3506.0,0.0,2315.0,2315.0,2447.0,1059.0,2893.0,1251.0
0.0,11709.0,4228.0,3532.0,0.0,6647.0,6647.0,2469.0,1063.0,3154.0,1074.0
0.0,7481.0,3617.0,3547.0,2315.0,8009.0,8009.0,2487.0,1060.0,2735.0,882.0
0.0,6179.0,2934.0,3537.0,6647.0,4256.0,4256.0,2484.0,1053.0,2060.0,874.0
0.0,9892.0,2846.0,3513.0,8009.0,0.0,0.0,2463.0,1050.0,1798.0,1048.0
0.0,15055.0,3453.0,3499.0,4256.0,0.0,0.0,2446.0,1053.0,2223.0,1230.0
0.0,15858.0,4123.0,3511.0,0.0,2309.0,2309.0,2450.0,1061.0,2886.0,1237.0
0.0,11735.0,4207.0,3536.0,0.0,6616.0,6616.0,2472.0,1064.0,3142.0,1065.0
0.0,7528.0,3619.0,3551.0,2309.0,7986.0,7986.0,2490.0,1061.0,2732.0,887.0
0.0,6218.0,2962.0,3541.0,6616.0,4292.0,4292.0,2487.0,1054.0,2076.0,886.0
0.0,9872.0,2895.0,3517.0,7986.0,0.0,0.0,2466.0,1051.0,1832.0,1063.0
0.0,14963.0,3488.0,3504.0,4292.0,0.0,0.0,2449.0,1055.0,2248.0,1240.0
0.0,15767.0,4150.0,3514.0,0.0,2439.0,2439.0,2453.0,1061.0,2904.0,1246.0
0.0,11617.0,4217.0,3540.0,0.0,6760.0,6760.0,2475.0,1065.0,3143.0,1074.0
0.0,7400.0,3613.0,3555.0,2439.0,7994.0,7994.0,2493.0,1062.0,2715.0,898.0
0.0,6226.0,2947.0,3545.0,6760.0,4141.0,4141.0,2489.0,1056.0,2053.0,894.0
0.0,10039.0,2893.0,3521.0,7994.0,0.0,0.0,2468.0,1053.0,1834.0,1059.0
0.0,15140.0,3507.0,3508.0,4141.0,0.0,0.0,2452.0,1056.0,2275.0,1232.0
0.0,15774.0,4147.0,3519.0,0.0,2449.0,2449.0,2456.0,1063.0,2916.0,1231.0
0.0,11627.0,4186.0,3545.0,0.0,6739.0,6739.0,2478.0,1067.0,3128.0,1058.0
0.0,7441.0,3570.0,3560.0,2449.0,7920.0,7920.0,2496.0,1064.0,2685.0,885.0
0.0,6320.0,2921.0,3549.0,6739.0,4058.0,4058.0,2492.0,1057.0,2033.0,888.0
0.0,10138.0,2896.0,3525.0,7920.0,0.0,0.0,2471.0,1054.0,1831.0,1065.0
0.0,15162.0,3545.0,3512.0,4058.0,0.0,0.0,2455.0,1057.0,2298.0,1247.0
0.0,15675.0,4214.0,3523.0,0.0,2631.0,2631.0,2459.0,1064.0,2966.0,1248.0
0.0,11461.0,4235.0,3550.0,0.0,6974.0,6974.0,2482.0,1068.0,3167.0,1068.0
0.0,7226.0,3580.0,3563.0,2631.0,7975.0,7975.0,2499.0,1064.0,2692.0,888.0
0.0,6277.0,2909.0,3553.0,6974.0,3870.0,3870.0,2495.0,1058.0,2018.0,891.0
0.0,10342.0,2882.0,3529.0,7975.0,0.0,0.0,2474.0,1055.0,1814.0,1068.0
0.0,15435.0,3525.0,3515.0,3870.0,0.0,0.0,2457.0,1058.0,2276.0,1249.0
0.0,15780.0,4200.0,3528.0,0.0,2532.0,2532.0,2462.0,1066.0,2955.0,1245.0
0.0,11580.0,4221.0,3553.0,0.0,6853.0,6853.0,2484.0,1069.0,3160.0,1061.0
0.0,7359.0,3557.0,3568.0,2532.0,7938.0,7938.0,2502.0,1066.0,2683.0,874.0
0.0,6334.0,2884.0,3557.0,6853.0,3925.0,3925.0,2498.0,1059.0,2003.0,881.0
0.0,10303.0,2877.0,3532.0,7938.0,0.0,0.0,2476.0,1056.0,1806.0,1071.0
0.0,15364.0,3545.0,3520.0,3925.0,0.0,0.0,2460.0,1060.0,2289.0,1256.0
0.0,15744.0,4238.0,3532.0,0.0,2622.0,2622.0,2465.0,1067.0,2987.0,1251.0
0.0,11506.0,4262.0,3557.0,0.0,6984.0,6984.0,2487.0,1070.0,3197.0,1065.0
0.0,7244.0,3600.0,3571.0,2622.0,8018.0,8018.0,2505.0,1066.0,2717.0,883.0
0.0,6266.0,2903.0,3561.0,6984.0,3897.0,3897.0,2501.0,1060.0,2013.0,890.0
0.0,10347.0,2864.0,3536.0,8018.0,0.0,0.0,2479.0,1057.0,1785.0,1079.0
0.0,15501.0,3538.0,3523.0,3897.0,0.0,0.0,2462.0,1061.0,2273.0,1265.0
0.0,15860.0,4237.0,3535.0,0.0,2517.0,2517.0,2467.0,1068.0,2983.0,1254.0
0.0,11623.0,4265.0,3561.0,0.0,6886.0,6886.0,2490.0,1071.0,3208.0,1057.0
0.0,7358.0,3593.0,3576.0,2517.0,8022.0,8022.0,2508.0,1068.0,2721.0,872.0
0.0,6282.0,2879.0,3565.0,6886.0,3971.0,3971.0,2504.0,1061.0,1999.0,880.0
0.0,10289.0,2831.0,3540.0,8022.0,0.0,0.0,2482.0,1058.0,1759.0,1072.0
0.0,15480.0,3493.0,3526.0,3971.0,0.0,0.0,2464.0,1062.0,2233.0,1260.0
0.0,15958.0,4232.0,3538.0,0.0,2426.0,2426.0,2469.0,1069.0,2975.0,1257.0
0.0,11726.0,4308.0,3563.0,0.0,6834.0,6834.0,2491.0,1072.0,3241.0,1067.0
0.0,7418.0,3657.0,3579.0,2426.0,8129.0,8129.0,2510.0,1069.0,2770.0,887.0
0.0,6187.0,2925.0,3568.0,6834.0,4176.0,4176.0,2506.0,1062.0,2034.0,891.0
0.0,10096.0,2846.0,3543.0,8129.0,0.0,0.0,2484.0,1059.0,1768.0,1078.0
0.0,15379.0,3492.0,3530.0,4176.0,0.0,0.0,2467.0,1063.0,2233.0,1259.0
0.0,16063.0,4212.0,3541.0,0.0,2313.0,2313.0,2471.0,1070.0,2961.0,1251.0
0.0,11851.0,4295.0,3567.0,0.0,6712.0,6712.0,2494.0,1073.0,3225.0,1070.0
0.0,7556.0,3656.0,3582.0,2313.0,8115.0,8115.0,2512.0,1070.0,2765.0,891.0
0.0,6213.0,2931.0,3573.0,6712.0,4298.0,4298.0,2509.0,1064.0,2037.0,894.0
0.0,9994.0,2833.0,3548.0,8115.0,0.0,0.0,2487.0,1061.0,1763.0,1070.0
0.0,15276.0,3460.0,3533.0,4298.0,0.0,0.0,2469.0,1064.0,2210.0,1250.0
0.0,16114.0,4192.0,3544.0,0.0,2254.0,2254.0,2473.0,1071.0,2943.0,1249.0
0.0,11922.0,4308.0,3570.0,0.0,6666.0,6666.0,2495.0,1075.0,3238.0,1070.0
0.0,7614.0,3697.0,3586.0,2254.0,8173.0,8173.0,2514.0,1072.0,2804.0,893.0
0.0,6171.0,2976.0,3576.0,6666.0,4443.0,4443.0,2511.0,1065.0,2079.0,897.0
0.0,9861.0,2886.0,3552.0,8173.0,0.0,0.0,2490.0,1062.0,1802.0,1084.0
0.0,15148.0,3499.0,3538.0,4443.0,0.0,0.0,2472.0,1066.0,2236.0,1263.0
0.0,16092.0,4198.0,3549.0,0.0,2302.0,2302.0,2477.0,1072.0,2943.0,1255.0
0.0,11894.0,4278.0,3575.0,0.0,6684.0,6684.0,2499.0,1076.0,3210.0,1068.0
0.0,7616.0,3669.0,3589.0,2302.0,8107.0,8107.0,2517.0,1072.0,2778.0,891.0
0.0,6249.0,2965.0,3579.0,6684.0,4348.0,4348.0,2513.0,1066.0,2072.0,893.0
0.0,9968.0,2881.0,3555.0,8107.0,0.0,0.0,2492.0,1063.0,1798.0,1083.0
0.0,15194.0,3481.0,3541.0,4348.0,0.0,0.0,2474.0,1067.0,2221.0,1260.0
0.0,16061.0,4165.0,3553.0,0.0,2316.0,2316.0,2479.0,1074.0,2916.0,1249.0
0.0,11896.0,4260.0,3578.0,0.0,6676.0,6676.0,2501.0,1077.0,3194.0,1066.0
0.0,7636.0,3673.0,3593.0,2316.0,8093.0,8093.0,2519.0,1074.0,2779.0,894.0
0.0,6279.0,3007.0,3583.0,6676.0,4384.0,4384.0,2515.0,1068.0,2104.0,903.0
0.0,9948.0,2932.0,3558.0,8093.0,0.0,0.0,2494.0,1064.0,1848.0,1084.0
0.0,15109.0,3520.0,3544.0,4384.0,0.0,0.0,2476.0,1068.0,2260.0,1260.0
0.0,15973.0,4188.0,3556.0,0.0,2439.0,2439.0,2481.0,1075.0,2930.0,1258.0
0.0,11785.0,4254.0,3582.0,0.0,6797.0,6797.0,2503.0,1079.0,3182.0,1072.0
0.0,7531.0,3648.0,3597.0,2439.0,8066.0,8066.0,2522.0,1075.0,2758.0,890.0
0.0,6322.0,2983.0,3586.0,6797.0,4208.0,4208.0,2518.0,1068.0,2089.0,894.0
0.0,10136.0,2924.0,3562.0,8066.0,0.0,0.0,2497.0,1065.0,1845.0,1079.0
0.0,15278.0,3521.0,3548.0,4208.0,0.0,0.0,2479.0,1069.0,2262.0,1259.0
0.0,15965.0,4163.0,3560.0,0.0,2438.0,2438.0,2484.0,1076.0,2905.0,1258.0
0.0,11802.0,4219.0,3586.0,0.0,6761.0,6761.0,2506.0,1080.0,3143.0,1076.0
0.0,7583.0,3639.0,3601.0,2438.0,8022.0,8022.0,2524.0,1077.0,2742.0,897.0
0.0,6382.0,3027.0,3590.0,6761.0,4244.0,4244.0,2520.0,1070.0,2121.0,906.0
0.0,10116.0,2987.0,3566.0,8022.0,0.0,0.0,2499.0,1067.0,1895.0,1092.0
0.0,15151.0,3561.0,3553.0,4244.0,0.0,0.0,2482.0,1071.0,2294.0,1267.0
0.0,15834.0,4182.0,3564.0,0.0,2604.0,2604.0,2486.0,1078.0,2926.0,1256.0
0.0,11652.0,4219.0,3590.0,0.0,6927.0,6927.0,2508.0,1082.0,3151.0,1068.0
0.0,7433.0,3641.0,3604.0,2604.0,8020.0,8020.0,2526.0,1078.0,2747.0,894.0
0.0,6396.0,3015.0,3594.0,6927.0,4068.0,4068.0,2523.0,1071.0,2111.0,904.0
0.0,10308.0,2970.0,3570.0,8020.0,0.0,0.0,2502.0,1068.0,1886.0,1084.0
0.0,15358.0,3547.0,3557.0,4068.0,0.0,0.0,2485.0,1072.0,2289.0,1258.0
0.0,15879.0,4165.0,3567.0,0.0,2554.0,2554.0,2488.0,1079.0,2917.0,1248.0
0.0,11714.0,4219.0,3592.0,0.0,6873.0,6873.0,2510.0,1082.0,3148.0,1071.0
0.0,7495.0,3639.0,3608.0,2554.0,8022.0,8022.0,2529.0,1079.0,2734.0,905.0
0.0,6410.0,3014.0,3600.0,6873.0,4131.0,4131.0,2527.0,1073.0,2100.0,914.0
0.0,10269.0,2989.0,3575.0,8022.0,0.0,0.0,2506.0,1069.0,1897.0,1092.0
0.0,15302.0,3586.0,3561.0,4131.0,0.0,0.0,2488.0,1073.0,2321.0,1265.0
0.0,15847.0,4220.0,3572.0,0.0,2661.0,2661.0,2492.0,1080.0,2958.0,1262.0
0.0,11627.0,4248.0,3597.0,0.0,7009.0,7009.0,2513.0,1084.0,3162.0,1086.0
0.0,7379.0,3636.0,3613.0,2661.0,8048.0,8048.0,2532.0,1081.0,2726.0,910.0
0.0,6404.0,3006.0,3603.0,7009.0,4005.0,4005.0,2529.0,1074.0,2093.0,913.0
0.0,10407.0,2974.0,3580.0,8048.0,0.0,0.0,2509.0,1071.0,1891.0,1083.0
0.0,15481.0,3577.0,3565.0,4005.0,0.0,0.0,2491.0,1074.0,2331.0,1246.0
0.0,15909.0,4201.0,3576.0,0.0,2596.0,2596.0,2495.0,1081.0,2962.0,1239.0
0.0,11708.0,4215.0,3601.0,0.0,6911.0,6911.0,2516.0,1085.0,3142.0,1073.0
0.0,7493.0,3603.0,3616.0,2596.0,7978.0,7978.0,2534.0,1082.0,2693.0,910.0
0.0,6486.0,2988.0,3607.0,6911.0,4019.0,4019.0,2532.0,1075.0,2073.0,915.0
0.0,10409.0,2992.0,3584.0,7978.0,0.0,0.0,2512.0,1072.0,1899.0,1093.0
0.0,15395.0,3622.0,3571.0,4019.0,0.0,0.0,2495.0,1076.0,2357.0,1265.0
0.0,15792.0,4258.0,3581.0,0.0,2790.0,2790.0,2498.0,1083.0,2998.0,1260.0
0.0,11534.0,4264.0,3607.0,0.0,7158.0,7158.0,2520.0,1087.0,3177.0,1087.0
0.0,7270.0,3638.0,3620.0,2790.0,8058.0,8058.0,2537.0,1083.0,2718.0,920.0
0.0,6422.0,2995.0,3611.0,7158.0,3859.0,3859.0,2534.0,1077.0,2073.0,922.0
0.0,10585.0,2954.0,3587.0,8058.0,0.0,0.0,2513.0,1074.0,1869.0,1085.0
0.0,15689.0,3568.0,3573.0,3859.0,0.0,0.0,2496.0,1077.0,2323.0,1245.0
0.0,15980.0,4229.0,3584.0,0.0,2585.0,2585.0,2500.0,1084.0,2990.0,1239.0
0.0,11751.0,4276.0,3609.0,0.0,6961.0,6961.0,2522.0,1087.0,3196.0,1080.0
0.0,7475.0,3657.0,3624.0,2585.0,8093.0,8093.0,2540.0,1084.0,2732.0,925.0
0.0,6403.0,2982.0,3615.0,6961.0,4078.0,4078.0,2537.0,1078.0,2055.0,927.0
0.0,10382.0,2941.0,3591.0,8093.0,0.0,0.0,2516.0,1075.0,1857.0,1084.0
0.0,15534.0,3565.0,3578.0,4078.0,0.0,0.0,2500.0,1078.0,2323.0,1242.0
0.0,16047.0,4246.0,3589.0,0.0,2555.0,2555.0,2504.0,1085.0,3003.0,1243.0
0.0,11801.0,4313.0,3614.0,0.0,6968.0,6968.0,2526.0,1088.0,3224.0,1089.0
0.0,7488.0,3714.0,3629.0,2555.0,8187.0,8187.0,2543.0,1086.0,2774.0,940.0
0.0,6329.0,3035.0,3620.0,6968.0,4218.0,4218.0,2540.0,1080.0,2090.0,945.0
0.0,10262.0,2965.0,3596.0,8187.0,0.0,0.0,2520.0,1076.0,1865.0,1100.0
0.0,15484.0,3554.0,3583.0,4218.0,0.0,0.0,2503.0,1080.0,2308.0,1246.0
0.0,16148.0,4220.0,3594.0,0.0,2448.0,2448.0,2507.0,1087.0,2982.0,1238.0
0.0,11928.0,4303.0,3619.0,0.0,6851.0,6851.0,2529.0,1090.0,3220.0,1083.0
0.0,7625.0,3713.0,3634.0,2448.0,8176.0,8176.0,2547.0,1087.0,2783.0,930.0
0.0,6360.0,3038.0,3625.0,6851.0,4327.0,4327.0,2544.0,1081.0,2107.0,931.0
0.0,10173.0,2932.0,3602.0,8176.0,0.0,0.0,2524.0,1078.0,1851.0,1081.0
0.0,15417.0,3502.0,3587.0,4327.0,0.0,0.0,2507.0,1080.0,2274.0,1228.0
0.0,16242.0,4185.0,3598.0,0.0,2335.0,2335.0,2511.0,1087.0,2955.0,1230.0
0.0,12057.0,4307.0,3622.0,0.0,6738.0,6738.0,2532.0,1090.0,3217.0,1090.0
0.0,7750.0,3764.0,3638.0,2335.0,8231.0,8231.0,2550.0,1088.0,2815.0,949.0
0.0,6321.0,3090.0,3629.0,6738.0,4547.0,4547.0,2547.0,1082.0,2138.0,952.0
0.0,9969.0,2978.0,3606.0,8231.0,0.0,0.0,2527.0,1079.0,1878.0,1100.0
0.0,15222.0,3531.0,3592.0,4547.0,0.0,0.0,2510.0,1082.0,2289.0,1242.0
0.0,16238.0,4197.0,3603.0,0.0,2371.0,2371.0,2514.0,1089.0,2962.0,1235.0
0.0,12041.0,4298.0,3627.0,0.0,6765.0,6765.0,2535.0,1092.0,3210.0,1088.0
0.0,7743.0,3742.0,3642.0,2371.0,8196.0,8196.0,2553.0,1089.0,2798.0,944.0
0.0,6372.0,3071.0,3633.0,6765.0,4466.0,4466.0,2550.0,1083.0,2130.0,941.0
0.0,10066.0,2962.0,3610.0,8196.0,0.0,0.0,2530.0,1080.0,1877.0,1085.0
0.0,15300.0,3515.0,3596.0,4466.0,0.0,0.0,2513.0,1083.0,2287.0,1228.0
0.0,16251.0,4185.0,3606.0,0.0,2358.0,2358.0,2517.0,1089.0,2953.0,1232.0
0.0,12066.0,4292.0,3632.0,0.0,6754.0,6754.0,2539.0,1093.0,3201.0,1091.0
0.0,7774.0,3746.0,3646.0,2358.0,8198.0,8198.0,2556.0,1090.0,2798.0,948.0
0.0,6386.0,3103.0,3637.0,6754.0,4511.0,4511.0,2553.0,1084.0,2152.0,951.0
0.0,10037.0,3009.0,3614.0,8198.0,0.0,0.0,2533.0,1081.0,1914.0,1095.0
0.0,15226.0,3552.0,3600.0,4511.0,0.0,0.0,2516.0,1084.0,2314.0,1238.0
0.0,16185.0,4203.0,3611.0,0.0,2462.0,2462.0,2521.0,1090.0,2963.0,1240.0
0.0,11982.0,4292.0,3636.0,0.0,6854.0,6854.0,2542.0,1094.0,3191.0,1101.0
0.0,7690.0,3729.0,3650.0,2462.0,8177.0,8177.0,2559.0,1091.0,2774.0,955.0
0.0,6423.0,3081.0,3641.0,6854.0,4368.0,4368.0,2555.0,1086.0,2132.0,949.0
0.0,10196.0,2990.0,3618.0,8177.0,0.0,0.0,2535.0,1083.0,1903.0,1087.0
0.0,15383.0,3552.0,3605.0,4368.0,0.0,0.0,2519.0,1086.0,2324.0,1228.0
0.0,16199.0,4197.0,3616.0,0.0,2462.0,2462.0,2524.0,1092.0,2966.0,1231.0
0.0,12002.0,4289.0,3641.0,0.0,6851.0,6851.0,2546.0,1095.0,3195.0,1094.0
0.0,7713.0,3720.0,3656.0,2462.0,8169.0,8169.0,2563.0,1093.0,2766.0,954.0
0.0,6455.0,3069.0,3645.0,6851.0,4343.0,4343.0,2558.0,1087.0,2118.0,951.0
0.0,10237.0,3010.0,3620.0,8169.0,0.0,0.0,2537.0,1083.0,1922.0,1088.0
0.0,15396.0,3603.0,3608.0,4343.0,0.0,0.0,2522.0,1086.0,2365.0,1238.0
0.0,16136.0,4250.0,3619.0,0.0,2590.0,2590.0,2527.0,1092.0,3003.0,1247.0
0.0,11886.0,4305.0,3645.0,0.0,6999.0,6999.0,2549.0,1096.0,3198.0,1107.0
0.0,7581.0,3708.0,3659.0,2590.0,8173.0,8173.0,2566.0,1093.0,2752.0,956.0
0.0,6463.0,3051.0,3650.0,6999.0,4189.0,4189.0,2562.0,1088.0,2105.0,946.0
0.0,10411.0,3002.0,3626.0,8173.0,0.0,0.0,2541.0,1085.0,1913.0,1089.0
0.0,15582.0,3596.0,3613.0,4189.0,0.0,0.0,2525.0,1088.0,2360.0,1236.0
0.0,16175.0,4246.0,3624.0,0.0,2567.0,2567.0,2530.0,1094.0,3004.0,1242.0
0.0,11929.0,4294.0,3649.0,0.0,6961.0,6961.0,2552.0,1097.0,3198.0,1096.0
0.0,7635.0,3685.0,3663.0,2567.0,8135.0,8135.0,2569.0,1094.0,2741.0,944.0
0.0,6517.0,3047.0,3654.0,6961.0,4185.0,4185.0,2565.0,1089.0,2102.0,945.0
0.0,10431.0,3021.0,3630.0,8135.0,0.0,0.0,2544.0,1086.0,1925.0,1096.0
0.0,15545.0,3634.0,3617.0,4185.0,0.0,0.0,2528.0,1089.0,2386.0,1248.0
0.0,16096.0,4280.0,3628.0,0.0,2696.0,2696.0,2533.0,1095.0,3032.0,1248.0
0.0,11816.0,4321.0,3653.0,0.0,7117.0,7117.0,2555.0,1098.0,3225.0,1096.0
0.0,7495.0,3703.0,3667.0,2696.0,8180.0,8180.0,2572.0,1095.0,2756.0,947.0
0.0,6488.0,3038.0,3657.0,7117.0,4061.0,4061.0,2568.0,1089.0,2088.0,950.0
0.0,10567.0,2991.0,3633.0,8180.0,0.0,0.0,2546.0,1087.0,1886.0,1105.0
0.0,15756.0,3616.0,3620.0,4061.0,0.0,0.0,2530.0,1090.0,2363.0,1253.0
0.0,16201.0,4291.0,3631.0,0.0,2614.0,2614.0,2535.0,1096.0,3042.0,1249.0
0.0,11910.0,4325.0,3656.0,0.0,7039.0,7039.0,2557.0,1099.0,3237.0,1088.0
0.0,7585.0,3679.0,3670.0,2614.0,8160.0,8160.0,2574.0,1096.0,2747.0,932.0
0.0,6520.0,3009.0,3661.0,7039.0,4094.0,4094.0,2570.0,1091.0,2067.0,942.0
0.0,10550.0,2975.0,3637.0,8160.0,0.0,0.0,2549.0,1088.0,1869.0,1106.0
0.0,15735.0,3633.0,3625.0,4094.0,0.0,0.0,2533.0,1092.0,2373.0,1260.0
0.0,16196.0,4331.0,3635.0,0.0,2675.0,2675.0,2538.0,1097.0,3079.0,1252.0
0.0,11865.0,4380.0,3660.0,0.0,7155.0,7155.0,2560.0,1100.0,3283.0,1097.0
0.0,7485.0,3721.0,3674.0,2675.0,8257.0,8257.0,2577.0,1097.0,2776.0,945.0
0.0,6439.0,3012.0,3665.0,7155.0,4078.0,4078.0,2573.0,1092.0,2064.0,948.0
0.0,10582.0,2962.0,3641.0,8257.0,0.0,0.0,2552.0,1089.0,1855.0,1107.0
0.0,15877.0,3614.0,3627.0,4078.0,0.0,0.0,2535.0,1092.0,2354.0,1260.0
0.0,16341.0,4313.0,3638.0,0.0,2524.0,2524.0,2540.0,1098.0,3059.0,1254.0
0.0,12028.0,4366.0,3727.808306483926,0.0,7249.0,7249.0,2783.031934074431,944.7763724094953,3269.0,1097.0
0.0,7662.0,3721.0,3097.98468142155,2524.0,5927.0,5927.0,2140.579881303575,957.4048001179747,2784.0,937.0
0.0,6465.0,3011.0,3066.940049979933,7249.0,1565.0,1565.0,1956.6711091013697,1110.2689408785636,2071.0,940.0
0.0,10703.0,2938.0,3656.267363428621,5927.0,933.0,933.0,2375.0154301319285,1281.2519332966929,1839.0,1099.0
0.0,13692.0,3587.0,4250.066519628059,1565.0,5330.0,5330.0,2981.49089194072,1268.575627687339,2333.0,1254.0
0.0,11670.0,4331.0,4274.784432089708,933.0,8827.0,8827.0,3174.662189022845,1100.1222430668638,3068.0,1263.0
0.0,8272.0,4422.0,3729.458452459122,5330.0,5737.0,5737.0,2787.0116295626203,942.4468228965018,3314.0,1108.0
0.0,9180.0,3780.0,3094.8815705789643,8827.0,0.0,0.0,2139.464351561155,955.4172190178093,2832.0,948.0
0.0,14227.0,3043.0,3063.4605893534535,5737.0,0.0,0.0,1955.7933166724201,1107.6672726810332,2098.0,945.0
0.0,16921.0,2950.0,3659.699855317791,0.0,668.0,668.0,2377.2884809781635,1282.4113743396276,1847.0,1103.0
0.0,13971.0,3581.0,4248.291155940672,0.0,6603.0,6603.0,2980.0700450375834,1268.2211109030889,2319.0,1262.0
0.0,10390.0,4310.0,4278.911150358753,668.0,10368.0,10368.0,3179.6500350654524,1099.2611152933005,3045.0,1265.0
0.0,6748.0,4395.0,3738.0991900705135,6603.0,5996.0,5996.0,2794.9947897968336,943.1044002736799,3290.0,1105.0
0.0,8956.0,3761.0,3107.36978962958,10368.0,0.0,0.0,2151.5470079218576,955.8227817077225,2823.0,938.0
0.0,15563.0,3028.0,3064.194766655674,5996.0,0.0,0.0,1954.8315116972692,1109.3632549584047,2094.0,934.0
0.0,18531.0,2932.0,3647.689075435707,0.0,0.0,0.0,2364.5293700299762,1283.1597054057306,1839.0,1093.0
0.0,15599.0,3590.0,4244.865042520672,0.0,4971.0,4971.0,2973.8819260328078,1270.983116487865,2324.0,1266.0
0.0,12009.0,4321.0,4280.288233430031,0.0,9433.0,9433.0,3178.0291327274845,1102.2591007025467,3045.0,1276.0
0.0,7688.0,4414.0,3739.678760155689,4971.0,6714.0,6714.0,2797.9908495736913,941.6879105819976,3298.0,1116.0
0.0,8245.0,3783.0,3102.7952957430684,9433.0,0.0,0.0,2150.0706447408534,952.7246510022152,2840.0,943.0
0.0,13895.0,3068.0,3061.501863192478,6714.0,0.0,0.0,1954.1318246733308,1107.3700385191473,2131.0,937.0
0.0,17541.0,2988.0,3651.3651762831587,0.0,52.0,52.0,2366.9775364843613,1284.3876397987974,1885.0,1103.0
0.0,14553.0,3604.0,4245.494197398365,0.0,6032.0,6032.0,2973.144750982396,1272.3494464159687,2331.0,1273.0
0.0,10949.0,4311.0,4279.781413005058,52.0,10429.0,10429.0,3178.841761005405,1100.9396519996537,3037.0,1274.0
0.0,6690.0,4395.0,3744.0182214657702,6032.0,6649.0,6649.0,2801.7762753686047,942.2419460971654,3288.0,1107.0
0.0,8327.0,3771.0,3117.1209487774286,10429.0,0.0,0.0,2164.6155963964675,952.5053523809611,2836.0,935.0
0.0,14985.0,3059.0,3065.769800150473,6649.0,0.0,0.0,1956.6156972054368,1109.1541029450366,2125.0,934.0
0.0,18575.0,2972.0,3650.31285818505,0.0,0.0,0.0,2364.781064699365,1285.5317934856853,1870.0,1102.0
0.0,15603.0,3574.0,4243.057220806299,0.0,4943.0,4943.0,2968.1904264527207,1274.8667943535775,2305.0,1269.0
0.0,12029.0,4281.0,4279.497904162322,0.0,9369.0,9369.0,3174.441734375517,1105.056169786805,3008.0,1273.0
0.0,7748.0,4390.0,3745.952711950491,4943.0,6683.0,6683.0,2804.1490258747444,941.8036860757464,3276.0,1114.0
0.0,8301.0,3797.0,3116.279853969709,9369.0,0.0,0.0,2165.8283653674603,950.4514886022489,2847.0,950.0
0.0,13873.0,3111.0,3065.5386440614884,6683.0,0.0,0.0,1959.0675095717047,1106.4711344897837,2168.0,943.0
0.0,17445.0,3022.0,3650.4618626242923,0.0,178.0,178.0,2364.488534325721,1285.9733282985712,1920.0,1102.0
0.0,14423.0,3627.0,4243.17398192643,0.0,6177.0,6177.0,2966.145375576564,1277.0286063498663,2353.0,1274.0
0.0,10796.0,4301.0,4278.0182535408085,178.0,10439.0,10439.0,3171.2835545414523,1106.7346989993562,3023.0,1278.0
0.0,6673.0,4358.0,3747.8480121154043,6177.0,6500.0,6500.0,2804.665507690548,943.1825044248561,3245.0,1113.0
0.0,8492.0,3755.0,3130.3990644755345,10439.0,0.0,0.0,2180.211271524393,950.1877929511417,2814.0,941.0
0.0,15176.0,3088.0,3075.244768831928,6500.0,0.0,0.0,1968.0612360565533,1107.1835327753745,2157.0,931.0
0.0,18588.0,3024.0,3650.5064135812518,0.0,0.0,0.0,2365.3600712944058,1285.1463422868462,1928.0,1096.0
0.0,15564.0,3611.0,4243.008332377471,0.0,5019.0,5019.0,2964.521252310308,1278.4870800671629,2345.0,1266.0
0.0,11953.0,4276.0,4279.373510752408,0.0,9440.0,9440.0,3166.4950481718342,1112.8784625805733,2996.0,1280.0
0.0,7677.0,4351.0,3749.967546782912,5019.0,6655.0,6655.0,2804.2770279508177,945.6905188320941,3228.0,1123.0
0.0,8345.0,3768.0,3133.1249676802363,9440.0,0.0,0.0,2181.964597258978,951.1603704212587,2816.0,952.0
0.0,14017.0,3115.0,3079.115644908414,6655.0,0.0,0.0,1973.7359152333543,1105.37972967506,2175.0,940.0
0.0,17557.0,3068.0,3654.463214140909,0.0,128.0,128.0,2369.2678923642966,1285.1953217766122,1962.0,1106.0
0.0,14489.0,3657.0,4245.712697654359,0.0,6151.0,6151.0,2964.9272085683465,1280.7854890860126,2379.0,1278.0
0.0,10832.0,4291.0,4278.241193877737,128.0,10444.0,10444.0,3164.1753833356406,1114.0658105420957,3007.0,1284.0
0.0,6669.0,4341.0,3751.696801340613,6151.0,6528.0,6528.0,2804.33595900914,947.3608423314729,3219.0,1122.0
0.0,8479.0,3757.0,3146.4888135208544,10444.0,0.0,0.0,2194.1174802945716,952.3713332262827,2802.0,955.0
1.0,0.0,1352.0,1352.0,0.0,5408.0,5408.0,956.0,396.0,956.0,396.0
1.0,0.0,1356.0,1354.0,0.0,5416.0,5416.0,958.0,396.0,960.0,396.0
1.0,0.0,1368.0,1358.0,5408.0,4100.0,4100.0,961.0,397.0,968.0,400.0
1.0,1332.0,1360.0,1359.0,5416.0,48.0,48.0,960.0,399.0,956.0,404.0
1.0,5388.0,0.0,1087.0,4100.0,0.0,0.0,768.0,319.0,0.0,0.0
1.0,9488.0,0.0,906.0,48.0,0.0,0.0,640.0,266.0,0.0,0.0
1.0,9536.0,0.0,777.0,0.0,0.0,0.0,549.0,228.0,0.0,0.0
1.0,9536.0,0.0,680.0,0.0,0.0,0.0,480.0,200.0,0.0,0.0
1.0,9536.0,0.0,604.0,0.0,0.0,0.0,427.0,177.0,0.0,0.0
1.0,9536.0,0.0,544.0,0.0,0.0,0.0,384.0,160.0,0.0,0.0
1.0,9536.0,0.0,494.0,0.0,0.0,0.0,349.0,145.0,0.0,0.0
1.0,9536.0,21.0,455.0,0.0,0.0,0.0,320.0,135.0,0.0,21.0
1.0,9515.0,289.0,442.0,0.0,0.0,0.0,308.0,134.0,166.0,123.0
1.0,9226.0,618.0,455.0,0.0,0.0,0.0,315.0,140.0,405.0,213.0
1.0,8608.0,674.0,469.0,0.0,0.0,0.0,326.0,143.0,480.0,194.0
1.0,7934.0,414.0,466.0,0.0,0.0,0.0,326.0,140.0,329.0,85.0
1.0,7520.0,103.0,444.0,0.0,0.0,0.0,313.0,131.0,103.0,0.0
1.0,7417.0,47.0,422.0,0.0,0.0,0.0,297.0,125.0,30.0,17.0
1.0,7370.0,296.0,416.0,0.0,0.0,0.0,291.0,125.0,175.0,121.0
1.0,7074.0,610.0,426.0,0.0,0.0,0.0,297.0,129.0,404.0,206.0
1.0,6464.0,650.0,436.0,0.0,0.0,0.0,305.0,131.0,465.0,185.0
1.0,5814.0,385.0,434.0,0.0,0.0,0.0,305.0,129.0,306.0,79.0
1.0,5429.0,78.0,418.0,0.0,0.0,0.0,295.0,123.0,78.0,0.0
1.0,5351.0,15.0,402.0,0.0,0.0,0.0,283.0,119.0,0.0,15.0
1.0,5336.0,287.0,397.0,0.0,0.0,0.0,278.0,119.0,169.0,118.0
1.0,5049.0,618.0,405.0,0.0,0.0,0.0,283.0,122.0,411.0,207.0
1.0,4431.0,684.0,416.0,0.0,0.0,0.0,291.0,125.0,488.0,196.0
1.0,3747.0,431.0,416.0,0.0,0.0,0.0,292.0,124.0,326.0,105.0
1.0,3316.0,120.0,406.0,0.0,0.0,0.0,285.0,121.0,99.0,21.0
1.0,3196.0,65.0,395.0,0.0,0.0,0.0,277.0,118.0,40.0,25.0
1.0,3131.0,316.0,392.0,0.0,0.0,0.0,275.0,117.0,203.0,113.0
1.0,2815.0,615.0,399.0,0.0,0.0,0.0,279.0,120.0,419.0,196.0
1.0,2200.0,656.0,407.0,0.0,84.0,84.0,285.0,122.0,462.0,194.0
1.0,1544.0,404.0,407.0,0.0,488.0,488.0,285.0,122.0,297.0,107.0
1.0,1140.0,100.0,398.0,84.0,468.0,468.0,279.0,119.0,80.0,20.0
1.0,1124.0,42.0,388.0,488.0,0.0,0.0,272.0,116.0,29.0,13.0
1.0,1570.0,283.0,385.0,468.0,0.0,0.0,270.0,115.0,189.0,94.0
1.0,1755.0,599.0,391.0,0.0,408.0,408.0,274.0,117.0,413.0,186.0
1.0,1156.0,670.0,398.0,0.0,1106.0,1106.0,279.0,119.0,473.0,197.0
1.0,486.0,441.0,399.0,408.0,1143.0,1143.0,280.0,119.0,323.0,118.0
1.0,453.0,134.0,393.0,1106.0,147.0,147.0,276.0,117.0,105.0,29.0
1.0,1425.0,58.0,385.0,1143.0,0.0,0.0,270.0,115.0,36.0,22.0
1.0,2510.0,288.0,382.0,147.0,0.0,0.0,268.0,114.0,182.0,106.0
1.0,2369.0,598.0,387.0,0.0,0.0,0.0,271.0,116.0,401.0,197.0
1.0,1771.0,685.0,394.0,0.0,490.0,490.0,276.0,118.0,475.0,210.0
1.0,1086.0,453.0,396.0,0.0,951.0,951.0,277.0,119.0,328.0,125.0
1.0,633.0,130.0,390.0,490.0,567.0,567.0,273.0,117.0,108.0,22.0
1.0,993.0,34.0,382.0,951.0,0.0,0.0,268.0,114.0,30.0,4.0
1.0,1910.0,254.0,380.0,567.0,0.0,0.0,266.0,114.0,167.0,87.0
1.0,2223.0,576.0,383.0,0.0,0.0,0.0,268.0,115.0,387.0,189.0
1.0,1647.0,671.0,389.0,0.0,580.0,580.0,272.0,117.0,466.0,205.0
1.0,976.0,462.0,391.0,0.0,1050.0,1050.0,274.0,117.0,338.0,124.0
1.0,514.0,146.0,367.0,580.0,520.0,520.0,257.0,110.0,119.0,27.0
1.0,948.0,67.0,343.0,1050.0,0.0,0.0,240.0,103.0,54.0,13.0
1.0,1931.0,309.0,322.0,520.0,0.0,0.0,225.0,97.0,206.0,103.0
1.0,2142.0,635.0,308.0,0.0,0.0,0.0,215.0,93.0,430.0,205.0
1.0,1507.0,722.0,322.0,0.0,503.0,503.0,225.0,97.0,507.0,215.0
1.0,785.0,476.0,332.0,0.0,1019.0,1019.0,232.0,100.0,351.0,125.0
1.0,309.0,121.0,334.0,503.0,645.0,645.0,234.0,100.0,98.0,23.0
1.0,691.0,26.0,334.0,1019.0,0.0,0.0,234.0,100.0,12.0,14.0
1.0,1684.0,277.0,339.0,645.0,0.0,0.0,237.0,102.0,177.0,100.0
1.0,2052.0,613.0,351.0,0.0,0.0,0.0,245.0,106.0,415.0,198.0
1.0,1439.0,702.0,365.0,0.0,723.0,723.0,255.0,110.0,495.0,207.0
1.0,737.0,452.0,373.0,0.0,1207.0,1207.0,261.0,112.0,333.0,119.0
1.0,285.0,126.0,370.0,723.0,598.0,598.0,260.0,110.0,99.0,27.0
1.0,882.0,57.0,359.0,1207.0,0.0,0.0,253.0,106.0,36.0,21.0
1.0,2032.0,315.0,353.0,598.0,0.0,0.0,248.0,105.0,204.0,111.0
1.0,2315.0,637.0,357.0,0.0,0.0,0.0,250.0,107.0,436.0,201.0
1.0,1678.0,703.0,368.0,0.0,497.0,497.0,257.0,111.0,498.0,205.0
1.0,975.0,446.0,376.0,0.0,975.0,975.0,263.0,113.0,326.0,120.0
1.0,529.0,128.0,372.0,497.0,590.0,590.0,261.0,111.0,92.0,36.0
1.0,898.0,66.0,362.0,975.0,0.0,0.0,254.0,108.0,36.0,30.0
1.0,1807.0,325.0,355.0,590.0,0.0,0.0,249.0,106.0,218.0,107.0
1.0,2072.0,649.0,360.0,0.0,17.0,17.0,252.0,108.0,461.0,188.0
1.0,1423.0,720.0,373.0,0.0,789.0,789.0,261.0,112.0,523.0,197.0
1.0,703.0,447.0,381.0,17.0,1251.0,1251.0,267.0,114.0,323.0,124.0
1.0,273.0,108.0,378.0,789.0,558.0,558.0,265.0,113.0,66.0,42.0
1.0,954.0,40.0,367.0,1251.0,0.0,0.0,257.0,110.0,5.0,35.0
1.0,2165.0,322.0,360.0,558.0,0.0,0.0,252.0,108.0,203.0,119.0
1.0,2401.0,670.0,365.0,0.0,0.0,0.0,255.0,110.0,468.0,202.0
1.0,1731.0,748.0,377.0,0.0,525.0,525.0,263.0,114.0,543.0,205.0
1.0,983.0,490.0,384.0,0.0,1043.0,1043.0,269.0,115.0,366.0,124.0
1.0,493.0,156.0,382.0,525.0,666.0,666.0,268.0,114.0,118.0,38.0
1.0,862.0,72.0,371.0,1043.0,0.0,0.0,260.0,111.0,33.0,39.0
1.0,1833.0,316.0,364.0,666.0,0.0,0.0,255.0,109.0,198.0,118.0
1.0,2183.0,634.0,369.0,0.0,0.0,0.0,258.0,111.0,438.0,196.0
1.0,1549.0,688.0,380.0,0.0,659.0,659.0,266.0,114.0,499.0,189.0
1.0,861.0,426.0,388.0,0.0,1117.0,1117.0,272.0,116.0,324.0,102.0
1.0,435.0,116.0,385.0,659.0,562.0,562.0,270.0,115.0,92.0,24.0
1.0,978.0,80.0,375.0,1117.0,0.0,0.0,263.0,112.0,42.0,38.0
1.0,2015.0,344.0,369.0,562.0,0.0,0.0,258.0,111.0,215.0,129.0
1.0,2233.0,672.0,372.0,0.0,0.0,0.0,260.0,112.0,462.0,210.0
1.0,1561.0,736.0,385.0,0.0,715.0,715.0,269.0,116.0,529.0,207.0
1.0,825.0,479.0,393.0,0.0,1226.0,1226.0,275.0,118.0,352.0,127.0
1.0,346.0,147.0,390.0,715.0,646.0,646.0,273.0,117.0,100.0,47.0
1.0,914.0,83.0,380.0,1226.0,0.0,0.0,266.0,114.0,38.0,45.0
1.0,2057.0,343.0,373.0,646.0,0.0,0.0,261.0,112.0,221.0,122.0
1.0,2360.0,672.0,378.0,0.0,0.0,0.0,264.0,114.0,468.0,204.0
1.0,1688.0,729.0,389.0,0.0,597.0,597.0,272.0,117.0,526.0,203.0
1.0,959.0,446.0,397.0,0.0,1075.0,1075.0,278.0,119.0,332.0,114.0
1.0,513.0,103.0,394.0,597.0,569.0,569.0,276.0,118.0,76.0,27.0
1.0,1007.0,52.0,384.0,1075.0,0.0,0.0,269.0,115.0,22.0,30.0
1.0,2030.0,339.0,377.0,569.0,0.0,0.0,264.0,113.0,216.0,123.0
1.0,2260.0,688.0,382.0,0.0,0.0,0.0,267.0,115.0,479.0,209.0
1.0,1572.0,742.0,393.0,0.0,742.0,742.0,275.0,118.0,539.0,203.0
1.0,830.0,459.0,401.0,0.0,1233.0,1233.0,281.0,120.0,343.0,116.0
1.0,371.0,128.0,397.0,742.0,603.0,603.0,278.0,119.0,89.0,39.0
1.0,985.0,86.0,387.0,1233.0,0.0,0.0,271.0,116.0,36.0,50.0
1.0,2132.0,380.0,381.0,603.0,0.0,0.0,266.0,115.0,243.0,137.0
1.0,2355.0,720.0,385.0,0.0,0.0,0.0,269.0,116.0,509.0,211.0
1.0,1635.0,767.0,398.0,0.0,724.0,724.0,278.0,120.0,565.0,202.0
1.0,868.0,454.0,406.0,0.0,1210.0,1210.0,284.0,122.0,337.0,117.0
1.0,414.0,91.0,403.0,724.0,565.0,565.0,282.0,121.0,54.0,37.0
1.0,1047.0,37.0,392.0,1210.0,0.0,0.0,274.0,118.0,0.0,37.0
1.0,2220.0,324.0,384.0,565.0,0.0,0.0,268.0,116.0,204.0,120.0
1.0,2461.0,694.0,389.0,0.0,0.0,0.0,271.0,118.0,487.0,207.0
1.0,1767.0,779.0,401.0,0.0,616.0,616.0,280.0,121.0,564.0,215.0
1.0,988.0,502.0,409.0,0.0,1150.0,1150.0,286.0,123.0,373.0,129.0
1.0,486.0,152.0,407.0,616.0,678.0,678.0,285.0,122.0,111.0,41.0
1.0,950.0,88.0,396.0,1150.0,0.0,0.0,277.0,119.0,51.0,37.0
1.0,2012.0,353.0,389.0,678.0,0.0,0.0,272.0,117.0,233.0,120.0
1.0,2337.0,693.0,394.0,0.0,0.0,0.0,275.0,119.0,479.0,214.0
1.0,1644.0,763.0,406.0,0.0,743.0,743.0,284.0,122.0,546.0,217.0
1.0,881.0,488.0,414.0,0.0,1263.0,1263.0,290.0,124.0,360.0,128.0
1.0,393.0,137.0,411.0,743.0,645.0,645.0,288.0,123.0,101.0,36.0
1.0,999.0,60.0,399.0,1263.0,0.0,0.0,279.0,120.0,29.0,31.0
1.0,2202.0,337.0,392.0,645.0,0.0,0.0,274.0,118.0,216.0,121.0
1.0,2510.0,678.0,396.0,0.0,0.0,0.0,276.0,120.0,467.0,211.0
1.0,1832.0,755.0,408.0,0.0,555.0,555.0,285.0,123.0,543.0,212.0
1.0,1077.0,493.0,417.0,0.0,1084.0,1084.0,292.0,125.0,366.0,127.0
1.0,584.0,160.0,415.0,555.0,681.0,681.0,291.0,124.0,115.0,45.0
1.0,979.0,100.0,404.0,1084.0,0.0,0.0,283.0,121.0,50.0,50.0
1.0,1963.0,379.0,397.0,681.0,0.0,0.0,277.0,120.0,239.0,140.0
1.0,2265.0,707.0,400.0,0.0,42.0,42.0,279.0,121.0,487.0,220.0
1.0,1558.0,765.0,413.0,0.0,859.0,859.0,288.0,125.0,555.0,210.0
1.0,793.0,494.0,420.0,42.0,1339.0,1339.0,294.0,126.0,374.0,120.0
1.0,341.0,156.0,418.0,859.0,628.0,628.0,293.0,125.0,118.0,38.0
1.0,1044.0,84.0,407.0,1339.0,0.0,0.0,285.0,122.0,44.0,40.0
1.0,2299.0,351.0,401.0,628.0,0.0,0.0,280.0,121.0,217.0,134.0
1.0,2576.0,693.0,406.0,0.0,0.0,0.0,283.0,123.0,478.0,215.0
1.0,1883.0,759.0,417.0,0.0,544.0,544.0,291.0,126.0,551.0,208.0
1.0,1124.0,491.0,426.0,0.0,1071.0,1071.0,298.0,128.0,366.0,125.0
1.0,633.0,154.0,422.0,544.0,665.0,665.0,296.0,126.0,107.0,47.0
1.0,1023.0,87.0,410.0,1071.0,0.0,0.0,287.0,123.0,36.0,51.0
1.0,2007.0,376.0,404.0,665.0,0.0,0.0,282.0,122.0,238.0,138.0
1.0,2296.0,739.0,409.0,0.0,79.0,79.0,285.0,124.0,519.0,220.0
1.0,1557.0,817.0,421.0,0.0,944.0,944.0,294.0,127.0,597.0,220.0
1.0,740.0,527.0,430.0,79.0,1428.0,1428.0,301.0,129.0,395.0,132.0
1.0,292.0,162.0,426.0,944.0,630.0,630.0,299.0,127.0,114.0,48.0
1.0,1074.0,74.0,415.0,1428.0,0.0,0.0,291.0,124.0,25.0,49.0
1.0,2428.0,348.0,408.0,630.0,0.0,0.0,285.0,123.0,219.0,129.0
1.0,2710.0,691.0,413.0,0.0,0.0,0.0,288.0,125.0,485.0,206.0
1.0,2019.0,763.0,425.0,0.0,444.0,444.0,297.0,128.0,556.0,207.0
1.0,1256.0,495.0,434.0,0.0,975.0,975.0,304.0,130.0,369.0,126.0
1.0,761.0,153.0,431.0,444.0,672.0,672.0,302.0,129.0,111.0,42.0
1.0,1052.0,96.0,419.0,975.0,0.0,0.0,294.0,125.0,53.0,43.0
1.0,1931.0,403.0,412.0,672.0,0.0,0.0,288.0,124.0,268.0,135.0
1.0,2200.0,755.0,418.0,0.0,227.0,227.0,292.0,126.0,525.0,230.0
1.0,1445.0,788.0,431.0,0.0,1067.0,1067.0,301.0,130.0,557.0,231.0
1.0,657.0,484.0,439.0,227.0,1356.0,1356.0,307.0,132.0,347.0,137.0
1.0,400.0,149.0,434.0,1067.0,418.0,418.0,304.0,130.0,103.0,46.0
1.0,1318.0,113.0,423.0,1356.0,0.0,0.0,296.0,127.0,63.0,50.0
1.0,2561.0,423.0,416.0,418.0,0.0,0.0,290.0,126.0,284.0,139.0
1.0,2556.0,737.0,422.0,0.0,0.0,0.0,294.0,128.0,516.0,221.0
1.0,1819.0,759.0,434.0,0.0,676.0,676.0,303.0,131.0,540.0,219.0
1.0,1060.0,454.0,442.0,0.0,1162.0,1162.0,309.0,133.0,328.0,126.0
1.0,606.0,141.0,438.0,676.0,611.0,611.0,307.0,131.0,100.0,41.0
1.0,1141.0,126.0,427.0,1162.0,0.0,0.0,299.0,128.0,84.0,42.0
1.0,2177.0,416.0,420.0,611.0,0.0,0.0,294.0,126.0,286.0,130.0
1.0,2372.0,733.0,425.0,0.0,61.0,61.0,297.0,128.0,511.0,222.0
1.0,1639.0,761.0,437.0,0.0,870.0,870.0,305.0,132.0,536.0,225.0
1.0,878.0,469.0,444.0,61.0,1306.0,1306.0,310.0,134.0,332.0,137.0
1.0,470.0,175.0,440.0,870.0,595.0,595.0,308.0,132.0,125.0,50.0
1.0,1165.0,171.0,430.0,1306.0,0.0,0.0,301.0,129.0,119.0,52.0
1.0,2300.0,449.0,425.0,595.0,0.0,0.0,297.0,128.0,309.0,140.0
1.0,2446.0,730.0,430.0,0.0,4.0,4.0,300.0,130.0,504.0,226.0
1.0,1716.0,730.0,440.0,0.0,774.0,774.0,307.0,133.0,510.0,220.0
1.0,986.0,449.0,448.0,4.0,1251.0,1251.0,313.0,135.0,314.0,135.0
1.0,541.0,163.0,445.0,774.0,628.0,628.0,311.0,134.0,113.0,50.0
1.0,1152.0,152.0,435.0,1251.0,0.0,0.0,304.0,131.0,104.0,48.0
1.0,2251.0,442.0,428.0,628.0,0.0,0.0,299.0,129.0,310.0,132.0
1.0,2437.0,749.0,433.0,0.0,44.0,44.0,302.0,131.0,522.0,227.0
1.0,1688.0,774.0,446.0,0.0,870.0,870.0,311.0,135.0,540.0,234.0
1.0,914.0,495.0,452.0,44.0,1345.0,1345.0,316.0,136.0,351.0,144.0
1.0,463.0,199.0,450.0,870.0,666.0,666.0,315.0,135.0,152.0,47.0
1.0,1134.0,170.0,439.0,1345.0,0.0,0.0,308.0,131.0,128.0,42.0
1.0,2309.0,435.0,433.0,666.0,0.0,0.0,303.0,130.0,300.0,135.0
1.0,2540.0,729.0,437.0,0.0,0.0,0.0,305.0,132.0,494.0,235.0
1.0,1811.0,758.0,449.0,0.0,743.0,743.0,313.0,136.0,517.0,241.0
1.0,1053.0,492.0,457.0,0.0,1267.0,1267.0,319.0,138.0,346.0,146.0
1.0,561.0,192.0,453.0,743.0,700.0,700.0,317.0,136.0,151.0,41.0
1.0,1112.0,155.0,444.0,1267.0,0.0,0.0,311.0,133.0,123.0,32.0
1.0,2224.0,414.0,437.0,700.0,0.0,0.0,306.0,131.0,289.0,125.0
1.0,2510.0,714.0,441.0,0.0,0.0,0.0,308.0,133.0,487.0,227.0
1.0,1796.0,758.0,453.0,0.0,774.0,774.0,316.0,137.0,519.0,239.0
1.0,1038.0,512.0,461.0,0.0,1318.0,1318.0,322.0,139.0,359.0,153.0
1.0,526.0,228.0,458.0,774.0,760.0,760.0,321.0,137.0,173.0,55.0
1.0,1072.0,184.0,448.0,1318.0,0.0,0.0,314.0,134.0,143.0,41.0
1.0,2206.0,439.0,440.0,760.0,0.0,0.0,308.0,132.0,306.0,133.0
1.0,2527.0,733.0,444.0,0.0,0.0,0.0,310.0,134.0,499.0,234.0
1.0,1794.0,780.0,456.0,0.0,810.0,810.0,318.0,138.0,535.0,245.0
1.0,1014.0,518.0,465.0,0.0,1364.0,1364.0,325.0,140.0,367.0,151.0
1.0,496.0,206.0,462.0,810.0,748.0,748.0,324.0,138.0,162.0,44.0
1.0,1100.0,143.0,451.0,1364.0,0.0,0.0,316.0,135.0,117.0,26.0
1.0,2321.0,385.0,444.0,748.0,0.0,0.0,311.0,133.0,264.0,121.0
1.0,2684.0,694.0,448.0,0.0,0.0,0.0,313.0,135.0,462.0,232.0
1.0,1990.0,764.0,459.0,0.0,610.0,610.0,320.0,139.0,517.0,247.0
1.0,1226.0,534.0,468.0,0.0,1180.0,1180.0,327.0,141.0,381.0,153.0
1.0,692.0,237.0,464.0,610.0,791.0,791.0,325.0,139.0,191.0,46.0
1.0,1065.0,187.0,454.0,1180.0,0.0,0.0,318.0,136.0,146.0,41.0
1.0,2058.0,448.0,447.0,791.0,0.0,0.0,313.0,134.0,305.0,143.0
1.0,2401.0,753.0,452.0,0.0,160.0,160.0,316.0,136.0,506.0,247.0
1.0,1648.0,798.0,465.0,0.0,1010.0,1010.0,325.0,140.0,546.0,252.0
1.0,850.0,530.0,473.0,160.0,1412.0,1412.0,331.0,142.0,378.0,152.0
1.0,480.0,205.0,468.0,1010.0,587.0,587.0,328.0,140.0,156.0,49.0
1.0,1285.0,150.0,458.0,1412.0,0.0,0.0,321.0,137.0,110.0,40.0
1.0,2547.0,413.0,451.0,587.0,0.0,0.0,316.0,135.0,282.0,131.0
1.0,2721.0,720.0,456.0,0.0,0.0,0.0,319.0,137.0,489.0,231.0
1.0,2001.0,774.0,468.0,0.0,645.0,645.0,327.0,141.0,537.0,237.0
1.0,1227.0,528.0,476.0,0.0,1205.0,1205.0,333.0,143.0,383.0,145.0
1.0,699.0,228.0,472.0,645.0,772.0,772.0,331.0,141.0,179.0,49.0
1.0,1116.0,186.0,462.0,1205.0,0.0,0.0,324.0,138.0,143.0,43.0
1.0,2135.0,452.0,455.0,772.0,0.0,0.0,319.0,136.0,312.0,140.0
1.0,2455.0,751.0,461.0,0.0,140.0,140.0,323.0,138.0,509.0,242.0
1.0,1704.0,782.0,473.0,0.0,970.0,970.0,331.0,142.0,535.0,247.0
1.0,922.0,533.0,480.0,140.0,1391.0,1391.0,336.0,144.0,375.0,158.0
1.0,529.0,246.0,476.0,970.0,651.0,651.0,333.0,143.0,187.0,59.0
1.0,1253.0,211.0,466.0,1391.0,0.0,0.0,327.0,139.0,162.0,49.0
1.0,2433.0,458.0,461.0,651.0,0.0,0.0,323.0,138.0,324.0,134.0
1.0,2626.0,725.0,466.0,0.0,0.0,0.0,327.0,139.0,498.0,227.0
1.0,1901.0,747.0,477.0,0.0,754.0,754.0,334.0,143.0,510.0,237.0
1.0,1154.0,506.0,484.0,0.0,1288.0,1288.0,339.0,145.0,347.0,159.0
1.0,648.0,243.0,480.0,754.0,761.0,761.0,336.0,144.0,175.0,68.0
1.0,1159.0,216.0,469.0,1288.0,0.0,0.0,329.0,140.0,162.0,54.0
1.0,2231.0,463.0,464.0,761.0,0.0,0.0,325.0,139.0,326.0,137.0
1.0,2529.0,753.0,469.0,0.0,100.0,100.0,329.0,140.0,523.0,230.0
1.0,1776.0,791.0,480.0,0.0,935.0,935.0,336.0,144.0,546.0,245.0
1.0,985.0,544.0,487.0,100.0,1407.0,1407.0,341.0,146.0,380.0,164.0
1.0,541.0,250.0,484.0,935.0,710.0,710.0,339.0,145.0,183.0,67.0
1.0,1226.0,214.0,474.0,1407.0,0.0,0.0,332.0,142.0,164.0,50.0
1.0,2419.0,452.0,468.0,710.0,0.0,0.0,329.0,139.0,326.0,126.0
1.0,2677.0,741.0,473.0,0.0,0.0,0.0,332.0,141.0,514.0,227.0
1.0,1936.0,771.0,484.0,0.0,771.0,771.0,339.0,145.0,521.0,250.0
1.0,1165.0,501.0,490.0,0.0,1296.0,1296.0,343.0,147.0,335.0,166.0
1.0,664.0,219.0,487.0,771.0,732.0,732.0,341.0,146.0,157.0,62.0
1.0,1216.0,214.0,477.0,1296.0,0.0,0.0,334.0,143.0,166.0,48.0
1.0,2298.0,496.0,472.0,732.0,0.0,0.0,331.0,141.0,357.0,139.0
1.0,2534.0,792.0,478.0,0.0,170.0,170.0,335.0,143.0,550.0,242.0
1.0,1742.0,813.0,488.0,0.0,1023.0,1023.0,342.0,146.0,556.0,257.0
1.0,929.0,526.0,496.0,170.0,1411.0,1411.0,347.0,149.0,361.0,165.0
1.0,573.0,229.0,492.0,1023.0,601.0,601.0,344.0,148.0,166.0,63.0
1.0,1367.0,206.0,481.0,1411.0,0.0,0.0,337.0,144.0,153.0,53.0
1.0,2572.0,473.0,475.0,601.0,0.0,0.0,333.0,142.0,332.0,141.0
1.0,2700.0,775.0,481.0,0.0,0.0,0.0,337.0,144.0,539.0,236.0
1.0,1925.0,807.0,492.0,0.0,850.0,850.0,344.0,148.0,564.0,243.0
1.0,1118.0,529.0,499.0,0.0,1407.0,1407.0,349.0,150.0,379.0,150.0
1.0,589.0,211.0,496.0,850.0,756.0,756.0,347.0,149.0,154.0,57.0
1.0,1228.0,176.0,486.0,1407.0,0.0,0.0,341.0,145.0,125.0,51.0
1.0,2459.0,464.0,480.0,756.0,0.0,0.0,337.0,143.0,320.0,144.0
1.0,2751.0,786.0,485.0,0.0,0.0,0.0,340.0,145.0,542.0,244.0
1.0,1965.0,813.0,496.0,0.0,832.0,832.0,347.0,149.0,565.0,248.0
1.0,1152.0,539.0,503.0,0.0,1399.0,1399.0,352.0,151.0,383.0,156.0
1.0,613.0,249.0,499.0,832.0,800.0,800.0,349.0,150.0,177.0,72.0
1.0,1196.0,232.0,489.0,1399.0,0.0,0.0,343.0,146.0,157.0,75.0
1.0,2363.0,505.0,484.0,800.0,0.0,0.0,339.0,145.0,345.0,160.0
1.0,2658.0,787.0,488.0,0.0,81.0,81.0,342.0,146.0,546.0,241.0
1.0,1871.0,797.0,500.0,0.0,926.0,926.0,350.0,150.0,563.0,234.0
1.0,1074.0,518.0,507.0,81.0,1391.0,1391.0,355.0,152.0,372.0,146.0
1.0,637.0,230.0,504.0,926.0,683.0,683.0,353.0,151.0,167.0,63.0
1.0,1333.0,206.0,494.0,1391.0,0.0,0.0,346.0,148.0,135.0,71.0
1.0,2518.0,478.0,488.0,683.0,0.0,0.0,342.0,146.0,322.0,156.0
1.0,2723.0,774.0,493.0,0.0,23.0,23.0,345.0,148.0,541.0,233.0
1.0,1949.0,809.0,504.0,0.0,876.0,876.0,353.0,151.0,580.0,229.0
1.0,1140.0,549.0,510.0,23.0,1426.0,1426.0,357.0,153.0,401.0,148.0
1.0,614.0,280.0,507.0,876.0,818.0,818.0,355.0,152.0,204.0,76.0
1.0,1210.0,259.0,498.0,1426.0,0.0,0.0,349.0,149.0,174.0,85.0
1.0,2377.0,516.0,492.0,818.0,0.0,0.0,345.0,147.0,346.0,170.0
1.0,2679.0,783.0,497.0,0.0,92.0,92.0,348.0,149.0,537.0,246.0
1.0,1896.0,791.0,508.0,0.0,927.0,927.0,356.0,152.0,557.0,234.0
1.0,1105.0,519.0,514.0,92.0,1378.0,1378.0,360.0,154.0,371.0,148.0
1.0,678.0,245.0,510.0,927.0,680.0,680.0,357.0,153.0,174.0,71.0
1.0,1360.0,237.0,500.0,1378.0,0.0,0.0,350.0,150.0,156.0,81.0
1.0,2501.0,505.0,496.0,680.0,0.0,0.0,347.0,149.0,342.0,163.0
1.0,2676.0,788.0,501.0,0.0,116.0,116.0,351.0,150.0,552.0,236.0
1.0,1888.0,800.0,511.0,0.0,956.0,956.0,358.0,153.0,574.0,226.0
1.0,1088.0,537.0,518.0,116.0,1405.0,1405.0,363.0,155.0,397.0,140.0
1.0,667.0,251.0,514.0,956.0,684.0,684.0,360.0,154.0,185.0,66.0
1.0,1372.0,254.0,504.0,1405.0,0.0,0.0,353.0,151.0,161.0,93.0
1.0,2523.0,539.0,500.0,684.0,0.0,0.0,350.0,150.0,353.0,186.0
1.0,2668.0,814.0,505.0,0.0,166.0,166.0,353.0,152.0,560.0,254.0
1.0,1854.0,803.0,516.0,0.0,1013.0,1013.0,361.0,155.0,576.0,227.0
1.0,1051.0,515.0,521.0,166.0,1382.0,1382.0,365.0,156.0,386.0,129.0
1.0,702.0,251.0,517.0,1013.0,604.0,604.0,362.0,155.0,183.0,68.0
1.0,1464.0,271.0,509.0,1382.0,0.0,0.0,356.0,153.0,175.0,96.0
1.0,2575.0,541.0,503.0,604.0,0.0,0.0,352.0,151.0,354.0,187.0
1.0,2638.0,791.0,509.0,0.0,189.0,189.0,356.0,153.0,543.0,248.0
1.0,1847.0,775.0,520.0,0.0,1008.0,1008.0,364.0,156.0,550.0,225.0
1.0,1072.0,525.0,526.0,189.0,1368.0,1368.0,368.0,158.0,386.0,139.0
1.0,736.0,268.0,522.0,1008.0,612.0,612.0,365.0,157.0,195.0,73.0
1.0,1476.0,274.0,512.0,1368.0,0.0,0.0,358.0,154.0,181.0,93.0
1.0,2570.0,559.0,506.0,612.0,0.0,0.0,354.0,152.0,373.0,186.0
1.0,2623.0,836.0,513.0,0.0,265.0,265.0,359.0,154.0,577.0,259.0
1.0,1787.0,819.0,525.0,0.0,1132.0,1132.0,367.0,158.0,584.0,235.0
1.0,968.0,528.0,530.0,265.0,1415.0,1415.0,371.0,159.0,389.0,139.0
1.0,705.0,254.0,526.0,1132.0,521.0,521.0,368.0,158.0,185.0,69.0
1.0,1583.0,261.0,516.0,1415.0,0.0,0.0,361.0,155.0,169.0,92.0
1.0,2737.0,521.0,511.0,521.0,0.0,0.0,357.0,154.0,345.0,176.0
1.0,2737.0,791.0,516.0,0.0,118.0,118.0,360.0,156.0,549.0,242.0
1.0,1946.0,796.0,527.0,0.0,958.0,958.0,368.0,159.0,575.0,221.0
1.0,1150.0,535.0,534.0,118.0,1403.0,1403.0,374.0,160.0,401.0,134.0
1.0,733.0,279.0,531.0,958.0,712.0,712.0,372.0,159.0,210.0,69.0
1.0,1412.0,287.0,521.0,1403.0,0.0,0.0,365.0,156.0,186.0,101.0
1.0,2528.0,556.0,516.0,712.0,0.0,0.0,361.0,155.0,357.0,199.0
1.0,2684.0,817.0,521.0,0.0,217.0,217.0,364.0,157.0,550.0,267.0
1.0,1867.0,825.0,533.0,0.0,1090.0,1090.0,372.0,161.0,582.0,243.0
1.0,1042.0,564.0,539.0,217.0,1461.0,1461.0,377.0,162.0,420.0,144.0
1.0,695.0,298.0,535.0,1090.0,653.0,653.0,375.0,160.0,231.0,67.0
1.0,1487.0,285.0,525.0,1461.0,0.0,0.0,368.0,157.0,195.0,90.0
1.0,2663.0,546.0,520.0,653.0,0.0,0.0,364.0,156.0,358.0,188.0
1.0,2770.0,819.0,527.0,0.0,157.0,157.0,368.0,159.0,556.0,263.0
1.0,1951.0,815.0,537.0,0.0,1012.0,1012.0,375.0,162.0,575.0,240.0
1.0,1136.0,534.0,543.0,157.0,1413.0,1413.0,380.0,163.0,398.0,136.0
1.0,759.0,257.0,539.0,1012.0,642.0,642.0,378.0,161.0,203.0,54.0
1.0,1514.0,265.0,529.0,1413.0,0.0,0.0,371.0,158.0,186.0,79.0
1.0,2662.0,550.0,525.0,642.0,0.0,0.0,367.0,158.0,361.0,189.0
1.0,2754.0,828.0,530.0,0.0,194.0,194.0,370.0,160.0,554.0,274.0
1.0,1926.0,836.0,540.0,0.0,1070.0,1070.0,377.0,163.0,585.0,251.0
1.0,1090.0,574.0,546.0,194.0,1474.0,1474.0,382.0,164.0,428.0,146.0
1.0,710.0,296.0,542.0,1070.0,684.0,684.0,380.0,162.0,231.0,65.0
1.0,1484.0,307.0,534.0,1474.0,0.0,0.0,374.0,160.0,210.0,97.0
1.0,2651.0,583.0,529.0,684.0,0.0,0.0,370.0,159.0,380.0,203.0
1.0,2752.0,830.0,535.0,0.0,218.0,218.0,374.0,161.0,555.0,275.0
1.0,1922.0,803.0,546.0,0.0,1065.0,1065.0,381.0,165.0,561.0,242.0
1.0,1119.0,524.0,552.0,218.0,1395.0,1395.0,386.0,166.0,384.0,140.0
1.0,813.0,261.0,547.0,1065.0,571.0,571.0,383.0,164.0,201.0,60.0
1.0,1617.0,281.0,537.0,1395.0,0.0,0.0,376.0,161.0,201.0,80.0
1.0,2731.0,573.0,533.0,571.0,0.0,0.0,373.0,160.0,389.0,184.0
1.0,2729.0,843.0,539.0,0.0,270.0,270.0,376.0,163.0,575.0,268.0
1.0,1886.0,852.0,550.0,0.0,1166.0,1166.0,384.0,166.0,598.0,254.0
1.0,1034.0,570.0,556.0,270.0,1490.0,1490.0,389.0,167.0,419.0,151.0
1.0,734.0,285.0,551.0,1166.0,589.0,589.0,386.0,165.0,217.0,68.0
1.0,1615.0,291.0,541.0,1490.0,0.0,0.0,379.0,162.0,200.0,91.0
1.0,2814.0,585.0,537.0,589.0,0.0,0.0,376.0,161.0,387.0,198.0
1.0,2818.0,858.0,544.0,0.0,216.0,216.0,380.0,164.0,582.0,276.0
1.0,1960.0,823.0,555.0,0.0,1083.0,1083.0,387.0,168.0,575.0,248.0
1.0,1137.0,532.0,559.0,216.0,1415.0,1415.0,391.0,168.0,391.0,141.0
1.0,821.0,270.0,554.0,1083.0,582.0,582.0,388.0,166.0,209.0,61.0
1.0,1634.0,296.0,545.0,1415.0,0.0,0.0,382.0,163.0,212.0,84.0
1.0,2753.0,590.0,541.0,582.0,0.0,0.0,379.0,162.0,398.0,192.0
1.0,2745.0,852.0,548.0,0.0,299.0,299.0,383.0,165.0,576.0,276.0
1.0,1893.0,819.0,558.0,0.0,1158.0,1158.0,390.0,168.0,566.0,253.0
1.0,1074.0,526.0,563.0,299.0,1405.0,1405.0,394.0,169.0,377.0,149.0
1.0,847.0,283.0,558.0,1158.0,510.0,510.0,391.0,167.0,214.0,69.0
1.0,1722.0,334.0,548.0,1405.0,0.0,0.0,384.0,164.0,241.0,93.0
1.0,2793.0,646.0,545.0,510.0,0.0,0.0,382.0,163.0,442.0,204.0
1.0,2657.0,908.0,552.0,0.0,459.0,459.0,386.0,166.0,623.0,285.0
1.0,1749.0,842.0,564.0,0.0,1349.0,1349.0,394.0,170.0,591.0,251.0
1.0,907.0,512.0,568.0,459.0,1418.0,1418.0,398.0,170.0,378.0,134.0
1.0,854.0,242.0,563.0,1349.0,291.0,291.0,395.0,168.0,184.0,58.0
1.0,1961.0,283.0,553.0,1418.0,0.0,0.0,388.0,165.0,193.0,90.0
1.0,3096.0,593.0,549.0,291.0,0.0,0.0,384.0,165.0,393.0,200.0
1.0,2794.0,865.0,556.0,0.0,295.0,295.0,388.0,168.0,588.0,277.0
1.0,1929.0,843.0,566.0,0.0,1178.0,1178.0,395.0,171.0,598.0,245.0
1.0,1086.0,554.0,572.0,295.0,1461.0,1461.0,400.0,172.0,410.0,144.0
1.0,827.0,295.0,566.0,1178.0,554.0,554.0,397.0,169.0,223.0,72.0
1.0,1710.0,334.0,557.0,1461.0,0.0,0.0,391.0,166.0,229.0,105.0
1.0,2837.0,635.0,554.0,554.0,0.0,0.0,388.0,166.0,424.0,211.0
1.0,2756.0,905.0,560.0,0.0,389.0,389.0,392.0,168.0,619.0,286.0
1.0,1851.0,865.0,571.0,0.0,1298.0,1298.0,399.0,172.0,606.0,259.0
1.0,986.0,549.0,576.0,389.0,1478.0,1478.0,403.0,173.0,401.0,148.0
1.0,826.0,274.0,571.0,1298.0,434.0,434.0,400.0,171.0,211.0,63.0
1.0,1850.0,286.0,560.0,1478.0,0.0,0.0,393.0,167.0,201.0,85.0
1.0,3042.0,585.0,556.0,434.0,0.0,0.0,390.0,166.0,393.0,192.0
1.0,2891.0,876.0,563.0,0.0,237.0,237.0,394.0,169.0,598.0,278.0
1.0,2015.0,873.0,575.0,0.0,1158.0,1158.0,402.0,173.0,612.0,261.0
1.0,1142.0,573.0,581.0,237.0,1518.0,1518.0,406.0,175.0,418.0,155.0
1.0,806.0,283.0,575.0,1158.0,619.0,619.0,403.0,172.0,213.0,70.0
1.0,1681.0,308.0,566.0,1518.0,0.0,0.0,397.0,169.0,219.0,89.0
1.0,2891.0,617.0,561.0,619.0,0.0,0.0,393.0,168.0,414.0,203.0
1.0,2893.0,902.0,568.0,0.0,281.0,281.0,397.0,171.0,609.0,293.0
1.0,1991.0,883.0,579.0,0.0,1208.0,1208.0,404.0,175.0,614.0,269.0
1.0,1108.0,585.0,584.0,281.0,1532.0,1532.0,408.0,176.0,427.0,158.0
1.0,804.0,308.0,579.0,1208.0,612.0,612.0,406.0,173.0,239.0,69.0
1.0,1704.0,329.0,570.0,1532.0,0.0,0.0,400.0,170.0,233.0,96.0
1.0,2907.0,620.0,566.0,612.0,0.0,0.0,397.0,169.0,415.0,205.0
1.0,2899.0,880.0,573.0,0.0,273.0,273.0,401.0,172.0,595.0,285.0
1.0,2019.0,835.0,584.0,0.0,1152.0,1152.0,408.0,176.0,585.0,250.0
1.0,1184.0,518.0,589.0,273.0,1417.0,1417.0,412.0,177.0,383.0,135.0
1.0,939.0,264.0,582.0,1152.0,501.0,501.0,408.0,174.0,209.0,55.0
1.0,1827.0,332.0,573.0,1417.0,0.0,0.0,402.0,171.0,237.0,95.0
1.0,2912.0,670.0,569.0,501.0,0.0,0.0,399.0,170.0,448.0,222.0
1.0,2743.0,947.0,576.0,0.0,508.0,508.0,403.0,173.0,639.0,308.0
1.0,1796.0,887.0,588.0,0.0,1443.0,1443.0,411.0,177.0,622.0,265.0
1.0,909.0,536.0,593.0,508.0,1491.0,1491.0,415.0,178.0,400.0,136.0
1.0,881.0,261.0,586.0,1443.0,281.0,281.0,411.0,175.0,202.0,59.0
1.0,2063.0,335.0,576.0,1491.0,0.0,0.0,404.0,172.0,228.0,107.0
1.0,3219.0,670.0,573.0,281.0,0.0,0.0,402.0,171.0,443.0,227.0
1.0,2830.0,930.0,581.0,0.0,424.0,424.0,406.0,175.0,629.0,301.0
1.0,1900.0,845.0,592.0,0.0,1313.0,1313.0,414.0,178.0,593.0,252.0
1.0,1055.0,514.0,596.0,424.0,1419.0,1419.0,417.0,179.0,383.0,131.0
1.0,965.0,256.0,590.0,1313.0,338.0,338.0,413.0,177.0,199.0,57.0
1.0,2022.0,343.0,580.0,1419.0,0.0,0.0,407.0,173.0,239.0,104.0
1.0,3098.0,687.0,578.0,338.0,0.0,0.0,405.0,173.0,462.0,225.0
1.0,2749.0,953.0,586.0,0.0,548.0,548.0,410.0,176.0,651.0,302.0
1.0,1796.0,865.0,597.0,0.0,1457.0,1457.0,418.0,179.0,605.0,260.0
1.0,931.0,532.0,600.0,548.0,1453.0,1453.0,420.0,180.0,388.0,144.0
1.0,947.0,280.0,594.0,1457.0,252.0,252.0,416.0,178.0,212.0,68.0
1.0,2124.0,345.0,583.0,1453.0,0.0,0.0,409.0,174.0,244.0,101.0
1.0,3232.0,693.0,580.0,252.0,0.0,0.0,406.0,174.0,474.0,219.0
1.0,2791.0,958.0,589.0,0.0,523.0,523.0,412.0,177.0,656.0,302.0
1.0,1833.0,872.0,601.0,0.0,1443.0,1443.0,420.0,181.0,609.0,263.0
1.0,961.0,521.0,605.0,523.0,1457.0,1457.0,423.0,182.0,379.0,142.0
1.0,963.0,246.0,599.0,1443.0,236.0,236.0,420.0,179.0,187.0,59.0
1.0,2160.0,321.0,588.0,1457.0,0.0,0.0,412.0,176.0,217.0,104.0
1.0,3296.0,667.0,584.0,236.0,0.0,0.0,409.0,175.0,441.0,226.0
1.0,2865.0,936.0,592.0,0.0,439.0,439.0,414.0,178.0,633.0,303.0
1.0,1929.0,878.0,603.0,0.0,1361.0,1361.0,421.0,182.0,616.0,262.0
1.0,1051.0,560.0,608.0,439.0,1502.0,1502.0,425.0,183.0,414.0,146.0
1.0,930.0,324.0,601.0,1361.0,437.0,437.0,421.0,180.0,246.0,78.0
1.0,1967.0,412.0,592.0,1502.0,0.0,0.0,415.0,177.0,291.0,121.0
1.0,3057.0,713.0,589.0,437.0,0.0,0.0,413.0,176.0,485.0,228.0
1.0,2781.0,934.0,596.0,0.0,537.0,537.0,417.0,179.0,640.0,294.0
1.0,1847.0,826.0,607.0,0.0,1407.0,1407.0,424.0,183.0,581.0,245.0
1.0,1021.0,509.0,612.0,537.0,1399.0,1399.0,428.0,184.0,367.0,142.0
1.0,1049.0,286.0,606.0,1407.0,254.0,254.0,424.0,182.0,208.0,78.0
1.0,2170.0,378.0,597.0,1399.0,0.0,0.0,418.0,179.0,264.0,114.0
1.0,3191.0,699.0,593.0,254.0,0.0,0.0,415.0,178.0,484.0,215.0
1.0,2746.0,932.0,600.0,0.0,586.0,586.0,420.0,180.0,648.0,284.0
1.0,1814.0,847.0,611.0,0.0,1477.0,1477.0,427.0,184.0,597.0,250.0
1.0,967.0,545.0,615.0,586.0,1452.0,1452.0,430.0,185.0,385.0,160.0
1.0,1008.0,326.0,610.0,1477.0,281.0,281.0,427.0,183.0,226.0,100.0
1.0,2159.0,413.0,600.0,1452.0,0.0,0.0,420.0,180.0,279.0,134.0
1.0,3198.0,719.0,597.0,281.0,0.0,0.0,418.0,179.0,493.0,226.0
1.0,2760.0,958.0,604.0,0.0,614.0,614.0,422.0,182.0,663.0,295.0
1.0,1802.0,868.0,615.0,0.0,1526.0,1526.0,430.0,185.0,608.0,260.0
1.0,934.0,539.0,618.0,614.0,1463.0,1463.0,432.0,186.0,387.0,152.0
1.0,1009.0,302.0,613.0,1526.0,219.0,219.0,429.0,184.0,224.0,78.0
1.0,2233.0,384.0,604.0,1463.0,0.0,0.0,423.0,181.0,276.0,108.0
1.0,3312.0,700.0,601.0,219.0,0.0,0.0,421.0,180.0,484.0,216.0
1.0,2831.0,934.0,609.0,0.0,539.0,539.0,426.0,183.0,643.0,291.0
1.0,1897.0,840.0,620.0,0.0,1423.0,1423.0,433.0,187.0,581.0,259.0
1.0,1057.0,523.0,624.0,539.0,1423.0,1423.0,436.0,188.0,374.0,149.0
1.0,1073.0,300.0,616.0,1423.0,268.0,268.0,431.0,185.0,226.0,74.0
1.0,2196.0,406.0,606.0,1423.0,0.0,0.0,425.0,181.0,291.0,115.0
1.0,3213.0,739.0,603.0,268.0,0.0,0.0,422.0,181.0,505.0,234.0
1.0,2742.0,976.0,611.0,0.0,678.0,678.0,427.0,184.0,665.0,311.0
1.0,1766.0,874.0,623.0,0.0,1600.0,1600.0,435.0,188.0,604.0,270.0
1.0,892.0,550.0,627.0,678.0,1488.0,1488.0,438.0,189.0,396.0,154.0
1.0,1020.0,340.0,621.0,1600.0,204.0,204.0,435.0,186.0,257.0,83.0
1.0,2280.0,426.0,612.0,1488.0,0.0,0.0,429.0,183.0,304.0,122.0
1.0,3342.0,720.0,609.0,204.0,0.0,0.0,427.0,182.0,493.0,227.0
1.0,2826.0,907.0,616.0,0.0,545.0,545.0,431.0,185.0,616.0,291.0
1.0,1919.0,808.0,627.0,0.0,1397.0,1397.0,438.0,189.0,558.0,250.0
1.0,1111.0,538.0,631.0,545.0,1406.0,1406.0,441.0,190.0,384.0,154.0
1.0,1118.0,367.0,625.0,1397.0,352.0,352.0,437.0,188.0,276.0,91.0
1.0,2148.0,456.0,615.0,1406.0,0.0,0.0,431.0,184.0,330.0,126.0
1.0,3098.0,736.0,613.0,352.0,0.0,0.0,429.0,184.0,509.0,227.0
1.0,2714.0,936.0,620.0,0.0,702.0,702.0,434.0,186.0,642.0,294.0
1.0,1778.0,862.0,632.0,0.0,1612.0,1612.0,442.0,190.0,601.0,261.0
1.0,916.0,574.0,636.0,702.0,1500.0,1500.0,445.0,191.0,409.0,165.0
1.0,1044.0,353.0,630.0,1612.0,217.0,217.0,441.0,189.0,257.0,96.0
1.0,2303.0,414.0,620.0,1500.0,0.0,0.0,434.0,186.0,291.0,123.0
1.0,3389.0,690.0,616.0,217.0,0.0,0.0,431.0,185.0,475.0,215.0
1.0,2916.0,912.0,623.0,0.0,488.0,488.0,436.0,187.0,625.0,287.0
1.0,2004.0,870.0,635.0,0.0,1406.0,1406.0,444.0,191.0,608.0,262.0
1.0,1134.0,603.0,640.0,488.0,1541.0,1541.0,448.0,192.0,440.0,163.0
1.0,1019.0,378.0,635.0,1406.0,493.0,493.0,445.0,190.0,283.0,95.0
1.0,2047.0,423.0,626.0,1541.0,0.0,0.0,439.0,187.0,299.0,124.0
1.0,3165.0,693.0,622.0,493.0,0.0,0.0,436.0,186.0,468.0,225.0
1.0,2965.0,924.0,629.0,0.0,475.0,475.0,440.0,189.0,625.0,299.0
1.0,2041.0,890.0,639.0,0.0,1405.0,1405.0,447.0,192.0,618.0,272.0
1.0,1151.0,628.0,643.0,475.0,1574.0,1574.0,450.0,193.0,456.0,172.0
1.0,998.0,398.0,638.0,1405.0,547.0,547.0,447.0,191.0,304.0,94.0
1.0,2005.0,423.0,627.0,1574.0,0.0,0.0,440.0,187.0,308.0,115.0
1.0,3156.0,683.0,625.0,547.0,0.0,0.0,438.0,187.0,466.0,217.0
1.0,3020.0,913.0,633.0,0.0,425.0,425.0,443.0,190.0,616.0,297.0
1.0,2107.0,882.0,645.0,0.0,1355.0,1355.0,451.0,194.0,610.0,272.0
1.0,1225.0,601.0,649.0,425.0,1547.0,1547.0,454.0,195.0,437.0,164.0
1.0,1049.0,354.0,642.0,1355.0,518.0,518.0,450.0,192.0,273.0,81.0
1.0,2050.0,397.0,632.0,1547.0,0.0,0.0,443.0,189.0,287.0,110.0
1.0,3200.0,686.0,628.0,518.0,0.0,0.0,440.0,188.0,460.0,226.0
1.0,3032.0,951.0,636.0,0.0,463.0,463.0,445.0,191.0,639.0,312.0
1.0,2081.0,925.0,648.0,0.0,1436.0,1436.0,453.0,195.0,640.0,285.0
1.0,1156.0,647.0,652.0,463.0,1636.0,1636.0,457.0,195.0,473.0,174.0
1.0,972.0,394.0,646.0,1436.0,570.0,570.0,453.0,193.0,305.0,89.0
1.0,2014.0,426.0,635.0,1636.0,0.0,0.0,446.0,189.0,308.0,118.0
1.0,3224.0,707.0,633.0,570.0,0.0,0.0,444.0,189.0,473.0,234.0
1.0,3087.0,934.0,640.0,0.0,407.0,407.0,448.0,192.0,619.0,315.0
1.0,2153.0,875.0,651.0,0.0,1326.0,1326.0,455.0,196.0,595.0,280.0
1.0,1278.0,601.0,656.0,407.0,1540.0,1540.0,459.0,197.0,442.0,159.0
1.0,1084.0,376.0,649.0,1326.0,562.0,562.0,455.0,194.0,303.0,73.0
1.0,2034.0,427.0,640.0,1540.0,0.0,0.0,449.0,191.0,317.0,110.0
1.0,3147.0,709.0,637.0,562.0,0.0,0.0,447.0,190.0,481.0,228.0
1.0,3000.0,935.0,645.0,0.0,515.0,515.0,452.0,193.0,627.0,308.0
1.0,2065.0,892.0,656.0,0.0,1451.0,1451.0,459.0,197.0,615.0,277.0
1.0,1173.0,625.0,660.0,515.0,1577.0,1577.0,462.0,198.0,456.0,169.0
1.0,1063.0,412.0,654.0,1451.0,514.0,514.0,459.0,195.0,313.0,99.0
1.0,2102.0,455.0,644.0,1577.0,0.0,0.0,452.0,192.0,321.0,134.0
1.0,3224.0,715.0,641.0,514.0,0.0,0.0,450.0,191.0,478.0,237.0
1.0,3023.0,947.0,648.0,0.0,516.0,516.0,454.0,194.0,640.0,307.0
1.0,2076.0,907.0,660.0,0.0,1471.0,1471.0,462.0,198.0,633.0,274.0
1.0,1169.0,639.0,664.0,516.0,1610.0,1610.0,465.0,199.0,467.0,172.0
1.0,1046.0,394.0,657.0,1471.0,505.0,505.0,461.0,196.0,299.0,95.0
1.0,2123.0,409.0,648.0,1610.0,0.0,0.0,455.0,193.0,294.0,115.0
1.0,3324.0,668.0,645.0,505.0,0.0,0.0,453.0,192.0,452.0,216.0
1.0,3161.0,926.0,652.0,0.0,373.0,373.0,457.0,195.0,625.0,301.0
1.0,2235.0,917.0,663.0,0.0,1334.0,1334.0,464.0,199.0,632.0,285.0
1.0,1318.0,657.0,667.0,373.0,1634.0,1634.0,467.0,200.0,470.0,187.0
1.0,1034.0,414.0,661.0,1334.0,690.0,690.0,463.0,198.0,310.0,104.0
1.0,1954.0,433.0,651.0,1634.0,0.0,0.0,457.0,194.0,318.0,115.0
1.0,3155.0,707.0,649.0,690.0,0.0,0.0,455.0,194.0,487.0,220.0
1.0,3138.0,974.0,656.0,0.0,460.0,460.0,460.0,196.0,663.0,311.0
1.0,2164.0,944.0,667.0,0.0,1448.0,1448.0,467.0,200.0,646.0,298.0
1.0,1220.0,652.0,672.0,460.0,1660.0,1660.0,470.0,202.0,461.0,191.0
1.0,1028.0,387.0,666.0,1448.0,575.0,575.0,467.0,199.0,287.0,100.0
1.0,2089.0,409.0,656.0,1660.0,0.0,0.0,460.0,196.0,292.0,117.0
1.0,3340.0,686.0,653.0,575.0,0.0,0.0,458.0,195.0,468.0,218.0
1.0,3229.0,947.0,660.0,0.0,358.0,358.0,462.0,198.0,643.0,304.0
1.0,2282.0,934.0,671.0,0.0,1336.0,1336.0,469.0,202.0,649.0,285.0
1.0,1348.0,661.0,675.0,358.0,1655.0,1655.0,472.0,203.0,474.0,187.0
1.0,1045.0,421.0,670.0,1336.0,720.0,720.0,469.0,201.0,313.0,108.0
1.0,1960.0,447.0,660.0,1655.0,0.0,0.0,463.0,197.0,317.0,130.0
1.0,3168.0,723.0,658.0,720.0,0.0,0.0,461.0,197.0,491.0,232.0
1.0,3165.0,972.0,664.0,0.0,463.0,463.0,465.0,199.0,661.0,311.0
1.0,2193.0,943.0,674.0,0.0,1446.0,1446.0,471.0,203.0,657.0,286.0
1.0,1250.0,657.0,679.0,463.0,1660.0,1660.0,475.0,204.0,473.0,184.0
1.0,1056.0,390.0,673.0,1446.0,580.0,580.0,471.0,202.0,291.0,99.0
1.0,2112.0,418.0,664.0,1660.0,0.0,0.0,465.0,199.0,300.0,118.0
1.0,3354.0,718.0,661.0,580.0,0.0,0.0,463.0,198.0,495.0,223.0
1.0,3216.0,974.0,667.0,0.0,426.0,426.0,467.0,200.0,668.0,306.0
1.0,2242.0,945.0,679.0,0.0,1419.0,1419.0,475.0,204.0,654.0,291.0
1.0,1297.0,644.0,684.0,426.0,1657.0,1657.0,478.0,206.0,455.0,189.0
1.0,1079.0,376.0,678.0,1419.0,590.0,590.0,474.0,204.0,273.0,103.0
1.0,2122.0,407.0,668.0,1657.0,0.0,0.0,468.0,200.0,293.0,114.0
1.0,3372.0,728.0,664.0,590.0,0.0,0.0,465.0,199.0,501.0,227.0
1.0,3234.0,1019.0,670.0,0.0,465.0,465.0,469.0,201.0,695.0,324.0
1.0,2215.0,994.0,683.0,0.0,1511.0,1511.0,477.0,206.0,688.0,306.0
1.0,1221.0,680.0,687.0,465.0,1742.0,1742.0,480.0,207.0,486.0,194.0
1.0,1006.0,403.0,682.0,1511.0,614.0,614.0,477.0,205.0,304.0,99.0
1.0,2114.0,424.0,672.0,1742.0,0.0,0.0,471.0,201.0,309.0,115.0
1.0,3432.0,725.0,669.0,614.0,0.0,0.0,469.0,200.0,498.0,227.0
1.0,3321.0,974.0,676.0,0.0,357.0,357.0,473.0,203.0,655.0,319.0
1.0,2347.0,934.0,687.0,0.0,1335.0,1335.0,480.0,207.0,639.0,295.0
1.0,1413.0,631.0,690.0,357.0,1621.0,1621.0,482.0,208.0,455.0,176.0
1.0,1139.0,375.0,684.0,1335.0,637.0,637.0,479.0,205.0,292.0,83.0
1.0,2099.0,447.0,675.0,1621.0,0.0,0.0,473.0,202.0,333.0,114.0
1.0,3273.0,775.0,672.0,637.0,0.0,0.0,471.0,201.0,536.0,239.0
1.0,3135.0,1047.0,680.0,0.0,632.0,632.0,476.0,204.0,710.0,337.0
1.0,2088.0,990.0,691.0,0.0,1666.0,1666.0,483.0,208.0,680.0,310.0
1.0,1098.0,665.0,695.0,632.0,1715.0,1715.0,486.0,209.0,470.0,195.0
1.0,1065.0,391.0,689.0,1666.0,416.0,416.0,482.0,207.0,288.0,103.0
1.0,2340.0,434.0,679.0,1715.0,0.0,0.0,476.0,203.0,309.0,125.0
1.0,3621.0,745.0,677.0,416.0,0.0,0.0,474.0,203.0,507.0,238.0
1.0,3292.0,1022.0,684.0,0.0,466.0,466.0,478.0,206.0,693.0,329.0
1.0,2270.0,978.0,695.0,0.0,1488.0,1488.0,485.0,210.0,678.0,300.0
1.0,1292.0,655.0,700.0,466.0,1697.0,1697.0,489.0,211.0,476.0,179.0
1.0,1103.0,371.0,694.0,1488.0,556.0,556.0,486.0,208.0,286.0,85.0
1.0,2220.0,413.0,684.0,1697.0,0.0,0.0,479.0,205.0,300.0,113.0
1.0,3504.0,744.0,681.0,556.0,0.0,0.0,477.0,204.0,503.0,241.0
1.0,3316.0,1034.0,688.0,0.0,470.0,470.0,481.0,207.0,698.0,336.0
1.0,2282.0,995.0,700.0,0.0,1513.0,1513.0,489.0,211.0,690.0,305.0
1.0,1287.0,679.0,704.0,470.0,1738.0,1738.0,492.0,212.0,498.0,181.0
1.0,1078.0,392.0,697.0,1513.0,589.0,589.0,488.0,209.0,301.0,91.0
1.0,2199.0,428.0,688.0,1738.0,0.0,0.0,482.0,206.0,305.0,123.0
1.0,3509.0,765.0,684.0,589.0,0.0,0.0,479.0,205.0,514.0,251.0
1.0,3333.0,1066.0,692.0,0.0,501.0,501.0,484.0,208.0,722.0,344.0
1.0,2267.0,1010.0,704.0,0.0,1559.0,1559.0,492.0,212.0,701.0,309.0
1.0,1257.0,654.0,709.0,501.0,1732.0,1732.0,496.0,213.0,475.0,179.0
1.0,1104.0,341.0,702.0,1559.0,486.0,486.0,492.0,210.0,260.0,81.0
1.0,2322.0,391.0,691.0,1732.0,0.0,0.0,484.0,207.0,275.0,116.0
1.0,3663.0,752.0,688.0,486.0,0.0,0.0,482.0,206.0,504.0,248.0
1.0,3397.0,1072.0,696.0,0.0,459.0,459.0,487.0,209.0,725.0,347.0
1.0,2325.0,1043.0,708.0,0.0,1550.0,1550.0,495.0,213.0,732.0,311.0
1.0,1282.0,697.0,712.0,459.0,1804.0,1804.0,498.0,214.0,520.0,177.0
1.0,1044.0,382.0,706.0,1550.0,612.0,612.0,495.0,211.0,303.0,79.0
1.0,2212.0,432.0,696.0,1804.0,0.0,0.0,488.0,208.0,306.0,126.0
1.0,3584.0,776.0,692.0,612.0,0.0,0.0,485.0,207.0,511.0,265.0
1.0,3420.0,1067.0,700.0,0.0,447.0,447.0,490.0,210.0,713.0,354.0
1.0,2353.0,1006.0,712.0,0.0,1501.0,1501.0,498.0,214.0,702.0,304.0
1.0,1347.0,648.0,716.0,447.0,1718.0,1718.0,501.0,215.0,487.0,161.0
1.0,1146.0,361.0,709.0,1501.0,550.0,550.0,497.0,212.0,285.0,76.0
1.0,2286.0,424.0,699.0,1718.0,0.0,0.0,490.0,209.0,295.0,129.0
1.0,3580.0,774.0,695.0,550.0,0.0,0.0,487.0,208.0,508.0,266.0
1.0,3356.0,1062.0,704.0,0.0,522.0,522.0,492.0,212.0,708.0,354.0
1.0,2294.0,1023.0,716.0,0.0,1593.0,1593.0,501.0,215.0,722.0,301.0
1.0,1271.0,696.0,721.0,522.0,1787.0,1787.0,505.0,216.0,526.0,170.0
1.0,1097.0,407.0,716.0,1593.0,581.0,581.0,502.0,214.0,317.0,90.0
1.0,2283.0,445.0,704.0,1787.0,0.0,0.0,494.0,210.0,307.0,138.0
1.0,3625.0,784.0,701.0,581.0,0.0,0.0,491.0,210.0,512.0,272.0
1.0,3422.0,1082.0,708.0,0.0,492.0,492.0,495.0,213.0,722.0,360.0
1.0,2340.0,1023.0,720.0,0.0,1563.0,1563.0,503.0,217.0,716.0,307.0
1.0,1317.0,666.0,725.0,492.0,1757.0,1757.0,507.0,218.0,502.0,164.0
1.0,1143.0,376.0,718.0,1563.0,542.0,542.0,503.0,215.0,301.0,75.0
1.0,2330.0,431.0,708.0,1757.0,0.0,0.0,497.0,211.0,306.0,125.0
1.0,3656.0,778.0,704.0,542.0,0.0,0.0,494.0,210.0,515.0,263.0
1.0,3420.0,1064.0,713.0,0.0,496.0,496.0,499.0,214.0,711.0,353.0
1.0,2356.0,1012.0,725.0,0.0,1556.0,1556.0,507.0,218.0,707.0,305.0
1.0,1344.0,660.0,729.0,496.0,1736.0,1736.0,510.0,219.0,495.0,165.0
1.0,1180.0,387.0,722.0,1556.0,539.0,539.0,506.0,216.0,306.0,81.0
1.0,2349.0,457.0,710.0,1736.0,0.0,0.0,498.0,212.0,315.0,142.0
1.0,3628.0,816.0,707.0,539.0,0.0,0.0,495.0,212.0,533.0,283.0
1.0,3351.0,1108.0,716.0,0.0,621.0,621.0,501.0,215.0,741.0,367.0
1.0,2243.0,1044.0,728.0,0.0,1713.0,1713.0,509.0,219.0,734.0,310.0
1.0,1199.0,687.0,733.0,621.0,1799.0,1799.0,513.0,220.0,519.0,168.0
1.0,1133.0,370.0,726.0,1713.0,428.0,428.0,509.0,217.0,293.0,77.0
1.0,2476.0,419.0,714.0,1799.0,0.0,0.0,501.0,213.0,287.0,132.0
1.0,3856.0,780.0,711.0,428.0,0.0,0.0,498.0,213.0,503.0,277.0
1.0,3504.0,1086.0,719.0,0.0,458.0,458.0,503.0,216.0,722.0,364.0
1.0,2418.0,1038.0,731.0,0.0,1544.0,1544.0,511.0,220.0,734.0,304.0
1.0,1380.0,684.0,737.0,458.0,1794.0,1794.0,516.0,221.0,524.0,160.0
1.0,1154.0,386.0,730.0,1544.0,608.0,608.0,512.0,218.0,314.0,72.0
1.0,2312.0,448.0,719.0,1794.0,0.0,0.0,505.0,214.0,313.0,135.0
1.0,3658.0,809.0,715.0,608.0,0.0,0.0,501.0,214.0,527.0,282.0
1.0,3457.0,1105.0,723.0,0.0,540.0,540.0,506.0,217.0,736.0,369.0
1.0,2352.0,1039.0,736.0,0.0,1631.0,1631.0,514.0,222.0,730.0,309.0
1.0,1313.0,687.0,740.0,540.0,1794.0,1794.0,518.0,222.0,518.0,169.0
1.0,1166.0,411.0,734.0,1631.0,550.0,550.0,515.0,219.0,319.0,92.0
1.0,2386.0,467.0,723.0,1794.0,0.0,0.0,507.0,216.0,319.0,148.0
1.0,3713.0,802.0,718.0,550.0,0.0,0.0,503.0,215.0,521.0,281.0
1.0,3461.0,1085.0,727.0,0.0,532.0,532.0,508.0,219.0,726.0,359.0
1.0,2376.0,1046.0,740.0,0.0,1630.0,1630.0,517.0,223.0,736.0,310.0
1.0,1330.0,692.0,746.0,532.0,1814.0,1814.0,522.0,224.0,522.0,170.0
1.0,1170.0,378.0,739.0,1630.0,534.0,534.0,518.0,221.0,299.0,79.0
1.0,2422.0,423.0,727.0,1814.0,0.0,0.0,510.0,217.0,291.0,132.0
1.0,3813.0,790.0,722.0,534.0,0.0,0.0,506.0,216.0,514.0,276.0
1.0,3557.0,1114.0,730.0,0.0,477.0,477.0,510.0,220.0,747.0,367.0
1.0,2443.0,1090.0,743.0,0.0,1619.0,1619.0,519.0,224.0,770.0,320.0
1.0,1353.0,735.0,749.0,477.0,1901.0,1901.0,524.0,225.0,557.0,178.0
1.0,1095.0,413.0,742.0,1619.0,667.0,667.0,520.0,222.0,328.0,85.0
1.0,2301.0,439.0,730.0,1901.0,0.0,0.0,512.0,218.0,305.0,134.0
1.0,3763.0,790.0,726.0,667.0,0.0,0.0,509.0,217.0,513.0,277.0
1.0,3640.0,1098.0,734.0,0.0,394.0,394.0,513.0,221.0,725.0,373.0
1.0,2542.0,1064.0,748.0,0.0,1514.0,1514.0,522.0,226.0,738.0,326.0
1.0,1478.0,706.0,754.0,394.0,1850.0,1850.0,527.0,227.0,526.0,180.0
1.0,1166.0,381.0,746.0,1514.0,685.0,685.0,523.0,223.0,304.0,77.0
1.0,2299.0,429.0,734.0,1850.0,0.0,0.0,515.0,219.0,302.0,127.0
1.0,3720.0,809.0,729.0,685.0,0.0,0.0,511.0,218.0,530.0,279.0
1.0,3596.0,1147.0,738.0,0.0,503.0,503.0,516.0,222.0,766.0,381.0
1.0,2449.0,1103.0,751.0,0.0,1658.0,1658.0,524.0,227.0,772.0,331.0
1.0,1346.0,738.0,757.0,503.0,1917.0,1917.0,529.0,228.0,560.0,178.0
1.0,1111.0,421.0,750.0,1658.0,652.0,652.0,526.0,224.0,336.0,85.0
1.0,2348.0,455.0,738.0,1917.0,0.0,0.0,518.0,220.0,320.0,135.0
1.0,3810.0,789.0,733.0,652.0,0.0,0.0,514.0,219.0,512.0,277.0
1.0,3673.0,1100.0,742.0,0.0,395.0,395.0,519.0,223.0,730.0,370.0
1.0,2573.0,1052.0,755.0,0.0,1499.0,1499.0,527.0,228.0,739.0,313.0
1.0,1521.0,715.0,761.0,395.0,1843.0,1843.0,532.0,229.0,548.0,167.0
1.0,1201.0,419.0,753.0,1499.0,731.0,731.0,528.0,225.0,337.0,82.0
1.0,2281.0,462.0,742.0,1843.0,0.0,0.0,521.0,221.0,322.0,140.0
1.0,3662.0,812.0,738.0,731.0,0.0,0.0,517.0,221.0,526.0,286.0
1.0,3581.0,1124.0,747.0,0.0,531.0,531.0,522.0,225.0,747.0,377.0
1.0,2457.0,1086.0,761.0,0.0,1673.0,1673.0,531.0,230.0,759.0,327.0
1.0,1371.0,734.0,765.0,531.0,1892.0,1892.0,535.0,230.0,551.0,183.0
1.0,1168.0,422.0,759.0,1673.0,617.0,617.0,532.0,227.0,329.0,93.0
1.0,2419.0,478.0,746.0,1892.0,0.0,0.0,524.0,222.0,333.0,145.0
1.0,3833.0,838.0,742.0,617.0,0.0,0.0,520.0,222.0,548.0,290.0
1.0,3612.0,1143.0,751.0,0.0,535.0,535.0,525.0,226.0,767.0,376.0
1.0,2469.0,1071.0,765.0,0.0,1662.0,1662.0,534.0,231.0,752.0,319.0
1.0,1398.0,703.0,770.0,535.0,1850.0,1850.0,538.0,232.0,528.0,175.0
1.0,1230.0,390.0,763.0,1662.0,550.0,550.0,535.0,228.0,305.0,85.0
1.0,2502.0,448.0,751.0,1850.0,0.0,0.0,527.0,224.0,310.0,138.0
1.0,3904.0,816.0,746.0,550.0,0.0,0.0,523.0,223.0,533.0,283.0
1.0,3638.0,1119.0,754.0,0.0,497.0,497.0,527.0,227.0,745.0,374.0
1.0,2519.0,1071.0,767.0,0.0,1620.0,1620.0,535.0,232.0,746.0,325.0
1.0,1448.0,726.0,773.0,497.0,1873.0,1873.0,540.0,233.0,543.0,183.0
1.0,1219.0,430.0,765.0,1620.0,651.0,651.0,536.0,229.0,335.0,95.0
1.0,2409.0,506.0,754.0,1873.0,0.0,0.0,529.0,225.0,354.0,152.0
1.0,3776.0,877.0,751.0,651.0,0.0,0.0,526.0,225.0,583.0,294.0
1.0,3550.0,1161.0,760.0,0.0,651.0,651.0,531.0,229.0,781.0,380.0
1.0,2389.0,1082.0,773.0,0.0,1785.0,1785.0,539.0,234.0,749.0,333.0
1.0,1307.0,703.0,777.0,651.0,1853.0,1853.0,543.0,234.0,516.0,187.0
1.0,1255.0,389.0,770.0,1785.0,429.0,429.0,539.0,231.0,304.0,85.0
1.0,2651.0,467.0,757.0,1853.0,0.0,0.0,531.0,226.0,336.0,131.0
1.0,4037.0,845.0,754.0,429.0,0.0,0.0,528.0,226.0,566.0,279.0
1.0,3621.0,1152.0,763.0,0.0,583.0,583.0,533.0,230.0,776.0,376.0
1.0,2469.0,1081.0,776.0,0.0,1716.0,1716.0,542.0,234.0,752.0,329.0
1.0,1388.0,711.0,782.0,583.0,1868.0,1868.0,546.0,236.0,523.0,188.0
1.0,1260.0,419.0,774.0,1716.0,539.0,539.0,542.0,232.0,326.0,93.0
1.0,2557.0,496.0,763.0,1868.0,0.0,0.0,535.0,228.0,354.0,142.0
1.0,3929.0,872.0,758.0,539.0,0.0,0.0,531.0,227.0,581.0,291.0
1.0,3596.0,1161.0,767.0,0.0,633.0,633.0,536.0,231.0,777.0,384.0
1.0,2435.0,1086.0,780.0,0.0,1771.0,1771.0,544.0,236.0,755.0,331.0
1.0,1349.0,720.0,785.0,633.0,1878.0,1878.0,548.0,237.0,532.0,188.0
1.0,1262.0,432.0,778.0,1771.0,511.0,511.0,545.0,233.0,337.0,95.0
1.0,2601.0,506.0,767.0,1878.0,0.0,0.0,538.0,229.0,356.0,150.0
1.0,3973.0,868.0,763.0,511.0,0.0,0.0,535.0,228.0,576.0,292.0
1.0,3616.0,1140.0,771.0,0.0,608.0,608.0,539.0,232.0,764.0,376.0
1.0,2476.0,1054.0,784.0,0.0,1714.0,1714.0,547.0,237.0,731.0,323.0
1.0,1422.0,689.0,789.0,608.0,1815.0,1815.0,551.0,238.0,505.0,184.0
1.0,1341.0,420.0,782.0,1714.0,493.0,493.0,547.0,235.0,318.0,102.0
1.0,2635.0,514.0,769.0,1815.0,0.0,0.0,539.0,230.0,357.0,157.0
1.0,3936.0,899.0,766.0,493.0,0.0,0.0,536.0,230.0,605.0,294.0
1.0,3530.0,1200.0,774.0,0.0,766.0,766.0,541.0,233.0,820.0,380.0
1.0,2330.0,1118.0,788.0,0.0,1940.0,1940.0,550.0,238.0,791.0,327.0
1.0,1212.0,739.0,793.0,766.0,1933.0,1933.0,554.0,239.0,549.0,190.0
1.0,1239.0,409.0,786.0,1940.0,374.0,374.0,550.0,236.0,311.0,98.0
1.0,2770.0,474.0,774.0,1933.0,0.0,0.0,543.0,231.0,327.0,147.0
1.0,4229.0,841.0,770.0,374.0,0.0,0.0,539.0,231.0,559.0,282.0
1.0,3762.0,1158.0,779.0,0.0,512.0,512.0,544.0,235.0,782.0,376.0
1.0,2604.0,1101.0,792.0,0.0,1665.0,1665.0,552.0,240.0,774.0,327.0
1.0,1503.0,726.0,796.0,512.0,1895.0,1895.0,556.0,240.0,538.0,188.0
1.0,1289.0,422.0,789.0,1665.0,624.0,624.0,552.0,237.0,324.0,98.0
1.0,2532.0,506.0,777.0,1895.0,0.0,0.0,545.0,232.0,356.0,150.0
1.0,3921.0,889.0,774.0,624.0,0.0,0.0,542.0,232.0,595.0,294.0
1.0,3656.0,1205.0,783.0,0.0,681.0,681.0,547.0,236.0,812.0,393.0
1.0,2451.0,1135.0,797.0,0.0,1872.0,1872.0,556.0,241.0,791.0,344.0
1.0,1316.0,735.0,802.0,681.0,1946.0,1946.0,560.0,242.0,539.0,196.0
1.0,1262.0,415.0,793.0,1872.0,453.0,453.0,555.0,238.0,316.0,99.0
1.0,2719.0,503.0,781.0,1946.0,0.0,0.0,547.0,234.0,351.0,152.0
1.0,4162.0,898.0,777.0,453.0,0.0,0.0,544.0,233.0,602.0,296.0
1.0,3717.0,1212.0,787.0,0.0,643.0,643.0,550.0,237.0,828.0,384.0
1.0,2505.0,1120.0,801.0,0.0,1819.0,1819.0,559.0,242.0,794.0,326.0
1.0,1385.0,694.0,806.0,643.0,1890.0,1890.0,563.0,243.0,518.0,176.0
1.0,1334.0,375.0,798.0,1819.0,414.0,414.0,559.0,239.0,290.0,85.0
1.0,2778.0,489.0,786.0,1890.0,0.0,0.0,551.0,235.0,336.0,153.0
1.0,4179.0,905.0,782.0,414.0,0.0,0.0,548.0,234.0,601.0,304.0
1.0,3688.0,1224.0,792.0,0.0,704.0,704.0,554.0,238.0,830.0,394.0
1.0,2464.0,1142.0,806.0,0.0,1902.0,1902.0,563.0,243.0,805.0,337.0
1.0,1322.0,739.0,810.0,704.0,1953.0,1953.0,566.0,244.0,547.0,192.0
1.0,1287.0,438.0,801.0,1902.0,453.0,453.0,561.0,240.0,329.0,109.0
1.0,2751.0,531.0,789.0,1953.0,0.0,0.0,553.0,236.0,366.0,165.0
1.0,4173.0,916.0,786.0,453.0,0.0,0.0,551.0,235.0,614.0,302.0
1.0,3710.0,1209.0,796.0,0.0,683.0,683.0,557.0,239.0,824.0,385.0
1.0,2501.0,1113.0,810.0,0.0,1852.0,1852.0,566.0,244.0,787.0,326.0
1.0,1388.0,708.0,815.0,683.0,1897.0,1897.0,570.0,245.0,524.0,184.0
1.0,1363.0,404.0,806.0,1852.0,413.0,413.0,565.0,241.0,303.0,101.0
1.0,2811.0,490.0,793.0,1897.0,0.0,0.0,556.0,237.0,332.0,158.0
1.0,4218.0,883.0,790.0,413.0,0.0,0.0,553.0,237.0,588.0,295.0
1.0,3748.0,1206.0,799.0,0.0,654.0,654.0,559.0,240.0,827.0,379.0
1.0,2542.0,1137.0,813.0,0.0,1847.0,1847.0,568.0,245.0,807.0,330.0
1.0,1405.0,772.0,818.0,654.0,1985.0,1985.0,572.0,246.0,571.0,201.0
1.0,1287.0,479.0,811.0,1847.0,589.0,589.0,568.0,243.0,358.0,121.0
1.0,2655.0,541.0,799.0,1985.0,0.0,0.0,560.0,239.0,373.0,168.0
1.0,4099.0,891.0,795.0,589.0,0.0,0.0,557.0,238.0,595.0,296.0
1.0,3797.0,1173.0,804.0,0.0,592.0,592.0,562.0,242.0,796.0,377.0
1.0,2624.0,1114.0,817.0,0.0,1758.0,1758.0,571.0,246.0,779.0,335.0
1.0,1510.0,770.0,822.0,592.0,1956.0,1956.0,575.0,247.0,565.0,205.0
1.0,1332.0,481.0,815.0,1758.0,651.0,651.0,571.0,244.0,367.0,114.0
1.0,2609.0,525.0,802.0,1956.0,0.0,0.0,563.0,239.0,373.0,152.0
1.0,4040.0,868.0,799.0,651.0,0.0,0.0,560.0,239.0,581.0,287.0
1.0,3823.0,1162.0,808.0,0.0,571.0,571.0,566.0,242.0,783.0,379.0
1.0,2661.0,1130.0,822.0,0.0,1757.0,1757.0,575.0,247.0,790.0,340.0
1.0,1531.0,791.0,827.0,571.0,1997.0,1997.0,579.0,248.0,581.0,210.0
1.0,1311.0,489.0,819.0,1757.0,697.0,697.0,574.0,245.0,370.0,119.0
1.0,2579.0,527.0,806.0,1997.0,0.0,0.0,566.0,240.0,368.0,159.0
1.0,4049.0,880.0,802.0,697.0,0.0,0.0,562.0,240.0,589.0,291.0
1.0,3866.0,1193.0,810.0,0.0,567.0,567.0,567.0,243.0,811.0,382.0
1.0,2673.0,1169.0,825.0,0.0,1796.0,1796.0,577.0,248.0,825.0,344.0
1.0,1504.0,816.0,831.0,567.0,2069.0,2069.0,582.0,249.0,606.0,210.0
1.0,1255.0,477.0,824.0,1796.0,722.0,722.0,578.0,246.0,362.0,115.0
1.0,2574.0,480.0,812.0,2069.0,0.0,0.0,570.0,242.0,327.0,153.0
1.0,4163.0,830.0,806.0,722.0,0.0,0.0,565.0,241.0,542.0,288.0
1.0,4055.0,1167.0,815.0,0.0,372.0,372.0,570.0,245.0,787.0,380.0
1.0,2888.0,1164.0,830.0,0.0,1596.0,1596.0,580.0,250.0,823.0,341.0
1.0,1724.0,824.0,835.0,372.0,2068.0,2068.0,584.0,251.0,612.0,212.0
1.0,1272.0,492.0,827.0,1596.0,932.0,932.0,580.0,247.0,370.0,122.0
1.0,2376.0,513.0,814.0,2068.0,0.0,0.0,571.0,243.0,348.0,165.0
1.0,3931.0,871.0,809.0,932.0,0.0,0.0,567.0,242.0,571.0,300.0
1.0,3992.0,1215.0,818.0,0.0,495.0,495.0,572.0,246.0,824.0,391.0
1.0,2777.0,1198.0,834.0,0.0,1757.0,1757.0,583.0,251.0,855.0,343.0
1.0,1579.0,825.0,840.0,495.0,2111.0,2111.0,588.0,252.0,620.0,205.0
1.0,1249.0,467.0,831.0,1757.0,785.0,785.0,583.0,248.0,354.0,113.0
1.0,2539.0,479.0,817.0,2111.0,0.0,0.0,573.0,244.0,317.0,162.0
1.0,4171.0,838.0,811.0,785.0,0.0,0.0,568.0,243.0,540.0,298.0
1.0,4118.0,1198.0,821.0,0.0,364.0,364.0,574.0,247.0,813.0,385.0
1.0,2920.0,1188.0,837.0,0.0,1616.0,1616.0,585.0,252.0,854.0,334.0
1.0,1732.0,829.0,844.0,364.0,2109.0,2109.0,591.0,253.0,633.0,196.0
1.0,1267.0,497.0,835.0,1616.0,954.0,954.0,586.0,249.0,377.0,120.0
1.0,2386.0,515.0,822.0,2109.0,0.0,0.0,577.0,245.0,338.0,177.0
1.0,3980.0,872.0,817.0,954.0,0.0,0.0,572.0,245.0,556.0,316.0
1.0,4062.0,1217.0,826.0,0.0,459.0,459.0,577.0,249.0,818.0,399.0
1.0,2845.0,1200.0,840.0,0.0,1715.0,1715.0,587.0,253.0,854.0,346.0
1.0,1645.0,843.0,847.0,459.0,2127.0,2127.0,593.0,254.0,639.0,204.0
1.0,1261.0,507.0,839.0,1715.0,887.0,887.0,588.0,251.0,389.0,118.0
1.0,2469.0,531.0,825.0,2127.0,0.0,0.0,579.0,246.0,360.0,171.0
1.0,4065.0,876.0,821.0,887.0,0.0,0.0,575.0,246.0,569.0,307.0
1.0,4076.0,1197.0,831.0,0.0,445.0,445.0,581.0,250.0,808.0,389.0
1.0,2879.0,1167.0,845.0,0.0,1668.0,1668.0,591.0,254.0,835.0,332.0
1.0,1712.0,814.0,851.0,445.0,2061.0,2061.0,596.0,255.0,620.0,194.0
1.0,1343.0,495.0,844.0,1668.0,860.0,860.0,592.0,252.0,378.0,117.0
1.0,2516.0,525.0,831.0,2061.0,0.0,0.0,583.0,248.0,351.0,174.0
1.0,4052.0,892.0,827.0,860.0,0.0,0.0,579.0,248.0,577.0,315.0
1.0,4020.0,1233.0,835.0,0.0,553.0,553.0,584.0,251.0,834.0,399.0
1.0,2787.0,1217.0,850.0,0.0,1830.0,1830.0,594.0,256.0,875.0,342.0
1.0,1570.0,856.0,855.0,553.0,2153.0,2153.0,599.0,256.0,653.0,203.0
1.0,1267.0,522.0,849.0,1830.0,821.0,821.0,596.0,253.0,400.0,122.0
1.0,2575.0,543.0,836.0,2153.0,0.0,0.0,587.0,249.0,356.0,187.0
1.0,4185.0,889.0,832.0,821.0,0.0,0.0,583.0,249.0,561.0,328.0
1.0,4117.0,1206.0,841.0,0.0,453.0,453.0,588.0,253.0,807.0,399.0
1.0,2911.0,1160.0,853.0,0.0,1661.0,1661.0,596.0,257.0,833.0,327.0
1.0,1751.0,798.0,859.0,453.0,2030.0,2030.0,601.0,258.0,614.0,184.0
1.0,1406.0,494.0,851.0,1661.0,831.0,831.0,597.0,254.0,381.0,113.0
1.0,2573.0,550.0,839.0,2030.0,0.0,0.0,589.0,250.0,365.0,185.0
1.0,4053.0,921.0,835.0,831.0,0.0,0.0,585.0,250.0,592.0,329.0
1.0,3963.0,1232.0,844.0,0.0,645.0,645.0,590.0,254.0,830.0,402.0
1.0,2731.0,1202.0,858.0,0.0,1903.0,1903.0,600.0,258.0,862.0,340.0
1.0,1529.0,833.0,864.0,645.0,2115.0,2115.0,605.0,259.0,638.0,195.0
1.0,1341.0,507.0,857.0,1903.0,691.0,691.0,601.0,256.0,391.0,116.0
1.0,2737.0,545.0,844.0,2115.0,0.0,0.0,592.0,252.0,362.0,183.0
1.0,4307.0,912.0,839.0,691.0,0.0,0.0,588.0,251.0,586.0,326.0
1.0,4086.0,1240.0,847.0,0.0,542.0,542.0,592.0,255.0,831.0,409.0
1.0,2846.0,1199.0,862.0,0.0,1801.0,1801.0,602.0,260.0,856.0,343.0
1.0,1647.0,830.0,868.0,542.0,2113.0,2113.0,608.0,260.0,639.0,191.0
1.0,1359.0,496.0,862.0,1801.0,784.0,784.0,605.0,257.0,391.0,105.0
1.0,2664.0,530.0,849.0,2113.0,0.0,0.0,596.0,253.0,355.0,175.0
1.0,4247.0,898.0,845.0,784.0,0.0,0.0,592.0,253.0,569.0,329.0
1.0,4133.0,1218.0,851.0,0.0,489.0,489.0,595.0,256.0,808.0,410.0
1.0,2915.0,1192.0,866.0,0.0,1741.0,1741.0,605.0,261.0,850.0,342.0
1.0,1723.0,854.0,872.0,489.0,2130.0,2130.0,611.0,261.0,658.0,196.0
1.0,1358.0,545.0,866.0,1741.0,910.0,910.0,608.0,258.0,427.0,118.0
1.0,2554.0,562.0,853.0,2130.0,0.0,0.0,599.0,254.0,379.0,183.0
1.0,4122.0,907.0,848.0,910.0,0.0,0.0,594.0,254.0,572.0,335.0
1.0,4125.0,1232.0,856.0,0.0,531.0,531.0,598.0,258.0,817.0,415.0
1.0,2893.0,1213.0,869.0,0.0,1796.0,1796.0,607.0,262.0,868.0,345.0
1.0,1680.0,841.0,877.0,531.0,2138.0,2138.0,614.0,263.0,652.0,189.0
1.0,1370.0,493.0,870.0,1796.0,807.0,807.0,611.0,259.0,383.0,110.0
1.0,2673.0,517.0,857.0,2138.0,0.0,0.0,602.0,255.0,340.0,177.0
1.0,4294.0,884.0,851.0,807.0,0.0,0.0,596.0,255.0,560.0,324.0
1.0,4217.0,1214.0,859.0,0.0,433.0,433.0,600.0,259.0,810.0,404.0
1.0,3003.0,1211.0,872.0,0.0,1696.0,1696.0,609.0,263.0,872.0,339.0
1.0,1792.0,879.0,879.0,433.0,2170.0,2170.0,616.0,263.0,680.0,199.0
1.0,1346.0,570.0,873.0,1696.0,1020.0,1020.0,613.0,260.0,435.0,135.0
1.0,2472.0,580.0,861.0,2170.0,0.0,0.0,605.0,256.0,374.0,206.0
1.0,4062.0,915.0,855.0,1020.0,0.0,0.0,599.0,256.0,572.0,343.0
1.0,4167.0,1222.0,863.0,0.0,507.0,507.0,603.0,260.0,817.0,405.0
1.0,2945.0,1194.0,876.0,0.0,1753.0,1753.0,612.0,264.0,861.0,333.0
1.0,1751.0,854.0,883.0,507.0,2128.0,2128.0,618.0,265.0,659.0,195.0
1.0,1404.0,527.0,875.0,1753.0,870.0,870.0,614.0,261.0,401.0,126.0
1.0,2630.0,556.0,863.0,2128.0,0.0,0.0,606.0,257.0,361.0,195.0
1.0,4202.0,897.0,858.0,870.0,0.0,0.0,601.0,257.0,569.0,328.0
1.0,4175.0,1223.0,866.0,0.0,512.0,512.0,605.0,261.0,824.0,399.0
1.0,2952.0,1201.0,879.0,0.0,1765.0,1765.0,614.0,265.0,870.0,331.0
1.0,1751.0,863.0,886.0,512.0,2144.0,2144.0,620.0,266.0,671.0,192.0
1.0,1400.0,544.0,879.0,1765.0,895.0,895.0,617.0,262.0,419.0,125.0
1.0,2621.0,575.0,866.0,2144.0,0.0,0.0,608.0,258.0,376.0,199.0
1.0,4190.0,935.0,861.0,895.0,0.0,0.0,603.0,258.0,591.0,344.0
1.0,4150.0,1261.0,868.0,0.0,583.0,583.0,606.0,262.0,843.0,418.0
1.0,2889.0,1235.0,883.0,0.0,1878.0,1878.0,616.0,267.0,882.0,353.0
1.0,1654.0,886.0,889.0,583.0,2205.0,2205.0,622.0,267.0,680.0,206.0
1.0,1351.0,548.0,882.0,1878.0,847.0,847.0,619.0,263.0,424.0,124.0
1.0,2681.0,564.0,870.0,2205.0,0.0,0.0,611.0,259.0,375.0,189.0
1.0,4322.0,917.0,865.0,847.0,0.0,0.0,606.0,259.0,581.0,336.0
1.0,4252.0,1240.0,874.0,0.0,484.0,484.0,610.0,264.0,823.0,417.0
1.0,3012.0,1198.0,887.0,0.0,1734.0,1734.0,619.0,268.0,852.0,346.0
1.0,1814.0,851.0,894.0,484.0,2129.0,2129.0,625.0,269.0,655.0,196.0
1.0,1447.0,552.0,887.0,1734.0,919.0,919.0,622.0,265.0,428.0,124.0
1.0,2629.0,604.0,875.0,2129.0,0.0,0.0,614.0,261.0,409.0,195.0
1.0,4154.0,957.0,870.0,919.0,0.0,0.0,609.0,261.0,617.0,340.0
1.0,4116.0,1278.0,878.0,0.0,674.0,674.0,613.0,265.0,861.0,417.0
1.0,2838.0,1234.0,892.0,0.0,1964.0,1964.0,623.0,269.0,885.0,349.0
1.0,1604.0,869.0,898.0,674.0,2183.0,2183.0,628.0,270.0,662.0,207.0
1.0,1409.0,540.0,891.0,1964.0,731.0,731.0,625.0,266.0,413.0,127.0
1.0,2833.0,574.0,878.0,2183.0,0.0,0.0,616.0,262.0,382.0,192.0
1.0,4442.0,923.0,873.0,731.0,0.0,0.0,611.0,262.0,588.0,335.0
1.0,4250.0,1241.0,881.0,0.0,515.0,515.0,615.0,266.0,830.0,411.0
1.0,3009.0,1213.0,895.0,0.0,1784.0,1784.0,624.0,271.0,865.0,348.0
1.0,1796.0,869.0,901.0,515.0,2162.0,2162.0,630.0,271.0,660.0,209.0
1.0,1442.0,560.0,895.0,1784.0,914.0,914.0,627.0,268.0,429.0,131.0
1.0,2666.0,591.0,882.0,2162.0,0.0,0.0,619.0,263.0,394.0,197.0
1.0,4237.0,955.0,879.0,914.0,0.0,0.0,615.0,264.0,610.0,345.0
1.0,4196.0,1273.0,886.0,0.0,621.0,621.0,618.0,268.0,849.0,424.0
1.0,2923.0,1240.0,899.0,0.0,1913.0,1913.0,627.0,272.0,883.0,357.0
1.0,1683.0,882.0,906.0,621.0,2202.0,2202.0,633.0,273.0,678.0,204.0
1.0,1422.0,579.0,900.0,1913.0,844.0,844.0,631.0,269.0,453.0,126.0
1.0,2756.0,602.0,888.0,2202.0,0.0,0.0,623.0,265.0,406.0,196.0
1.0,4356.0,933.0,882.0,844.0,0.0,0.0,617.0,265.0,594.0,339.0
1.0,4267.0,1256.0,890.0,0.0,549.0,549.0,621.0,269.0,840.0,416.0
1.0,3011.0,1224.0,904.0,0.0,1829.0,1829.0,631.0,273.0,878.0,346.0
1.0,1787.0,879.0,911.0,549.0,2187.0,2187.0,637.0,274.0,674.0,205.0
1.0,1457.0,552.0,904.0,1829.0,882.0,882.0,634.0,270.0,424.0,128.0
1.0,2734.0,573.0,892.0,2187.0,0.0,0.0,626.0,266.0,379.0,194.0
1.0,4348.0,933.0,887.0,882.0,0.0,0.0,621.0,266.0,595.0,338.0
1.0,4297.0,1280.0,894.0,0.0,559.0,559.0,624.0,270.0,857.0,423.0
1.0,3017.0,1265.0,908.0,0.0,1880.0,1880.0,633.0,275.0,903.0,362.0
1.0,1752.0,924.0,915.0,559.0,2273.0,2273.0,640.0,275.0,707.0,217.0
1.0,1387.0,589.0,908.0,1880.0,954.0,954.0,637.0,271.0,455.0,134.0
1.0,2678.0,600.0,896.0,2273.0,0.0,0.0,629.0,267.0,405.0,195.0
1.0,4351.0,940.0,891.0,954.0,0.0,0.0,624.0,267.0,601.0,339.0
1.0,4365.0,1280.0,900.0,0.0,515.0,515.0,628.0,272.0,855.0,425.0
1.0,3085.0,1251.0,914.0,0.0,1822.0,1822.0,638.0,276.0,893.0,358.0
1.0,1834.0,873.0,920.0,515.0,2204.0,2204.0,644.0,276.0,668.0,205.0
1.0,1476.0,532.0,913.0,1822.0,886.0,886.0,641.0,272.0,414.0,118.0
1.0,2766.0,559.0,900.0,2204.0,0.0,0.0,632.0,268.0,376.0,183.0
1.0,4411.0,934.0,895.0,886.0,0.0,0.0,627.0,268.0,598.0,336.0
1.0,4363.0,1303.0,904.0,0.0,556.0,556.0,631.0,273.0,871.0,432.0
1.0,3060.0,1296.0,917.0,0.0,1904.0,1904.0,640.0,277.0,922.0,374.0
1.0,1764.0,920.0,924.0,556.0,2296.0,2296.0,646.0,278.0,701.0,219.0
1.0,1400.0,555.0,917.0,1904.0,919.0,919.0,643.0,274.0,429.0,126.0
1.0,2749.0,573.0,903.0,2296.0,0.0,0.0,634.0,269.0,379.0,194.0
1.0,4472.0,954.0,898.0,919.0,0.0,0.0,629.0,269.0,602.0,352.0
1.0,4437.0,1307.0,907.0,0.0,498.0,498.0,633.0,274.0,869.0,438.0
1.0,3130.0,1286.0,920.0,0.0,1836.0,1836.0,642.0,278.0,920.0,366.0
1.0,1844.0,915.0,928.0,498.0,2285.0,2285.0,649.0,279.0,709.0,206.0
1.0,1427.0,561.0,921.0,1836.0,982.0,982.0,646.0,275.0,439.0,122.0
1.0,2702.0,570.0,907.0,2285.0,0.0,0.0,637.0,270.0,377.0,193.0
1.0,4417.0,934.0,902.0,982.0,0.0,0.0,632.0,270.0,592.0,342.0
1.0,4465.0,1285.0,911.0,0.0,464.0,464.0,636.0,275.0,865.0,420.0
1.0,3180.0,1276.0,925.0,0.0,1796.0,1796.0,646.0,279.0,925.0,351.0
1.0,1904.0,916.0,931.0,464.0,2272.0,2272.0,652.0,279.0,706.0,210.0
1.0,1452.0,585.0,923.0,1796.0,1029.0,1029.0,648.0,275.0,447.0,138.0
1.0,2663.0,613.0,911.0,2272.0,0.0,0.0,639.0,272.0,397.0,216.0
1.0,4322.0,983.0,906.0,1029.0,0.0,0.0,634.0,272.0,620.0,363.0
1.0,4368.0,1328.0,915.0,0.0,620.0,620.0,639.0,276.0,895.0,433.0
1.0,3040.0,1285.0,929.0,0.0,1961.0,1961.0,649.0,280.0,931.0,354.0
1.0,1755.0,919.0,936.0,620.0,2288.0,2288.0,655.0,281.0,711.0,208.0
1.0,1456.0,563.0,929.0,1961.0,862.0,862.0,652.0,277.0,433.0,130.0
1.0,2854.0,571.0,916.0,2288.0,0.0,0.0,643.0,273.0,371.0,200.0
1.0,4571.0,948.0,911.0,862.0,0.0,0.0,638.0,273.0,590.0,358.0
1.0,4485.0,1307.0,919.0,0.0,498.0,498.0,642.0,277.0,869.0,438.0
1.0,3178.0,1292.0,934.0,0.0,1850.0,1850.0,652.0,282.0,929.0,363.0
1.0,1886.0,918.0,940.0,498.0,2294.0,2294.0,658.0,282.0,714.0,204.0
1.0,1466.0,574.0,933.0,1850.0,990.0,990.0,655.0,278.0,452.0,122.0
1.0,2742.0,619.0,920.0,2294.0,0.0,0.0,647.0,273.0,421.0,198.0
1.0,4417.0,1001.0,915.0,990.0,0.0,0.0,642.0,273.0,638.0,363.0
1.0,4406.0,1339.0,924.0,0.0,629.0,629.0,646.0,278.0,888.0,451.0
1.0,3067.0,1291.0,938.0,0.0,1976.0,1976.0,655.0,283.0,915.0,376.0
1.0,1776.0,905.0,943.0,629.0,2272.0,2272.0,660.0,283.0,694.0,211.0
1.0,1500.0,568.0,937.0,1976.0,840.0,840.0,658.0,279.0,451.0,117.0
1.0,2908.0,599.0,924.0,2272.0,0.0,0.0,649.0,275.0,413.0,186.0
1.0,4581.0,970.0,919.0,840.0,0.0,0.0,644.0,275.0,620.0,350.0
1.0,4451.0,1302.0,927.0,0.0,559.0,559.0,648.0,279.0,860.0,442.0
1.0,3149.0,1280.0,941.0,0.0,1895.0,1895.0,657.0,284.0,903.0,377.0
1.0,1869.0,927.0,949.0,559.0,2295.0,2295.0,664.0,285.0,708.0,219.0
1.0,1501.0,596.0,941.0,1895.0,964.0,964.0,661.0,280.0,471.0,125.0
1.0,2800.0,616.0,929.0,2295.0,0.0,0.0,653.0,276.0,425.0,191.0
1.0,4479.0,992.0,924.0,964.0,0.0,0.0,648.0,276.0,631.0,361.0
1.0,4451.0,1325.0,932.0,0.0,602.0,602.0,651.0,281.0,870.0,455.0
1.0,3126.0,1303.0,945.0,0.0,1957.0,1957.0,660.0,285.0,919.0,384.0
1.0,1823.0,941.0,952.0,602.0,2324.0,2324.0,666.0,286.0,726.0,215.0
1.0,1484.0,607.0,946.0,1957.0,950.0,950.0,664.0,282.0,482.0,125.0
1.0,2834.0,633.0,932.0,2324.0,0.0,0.0,655.0,277.0,432.0,201.0
1.0,4525.0,976.0,927.0,950.0,0.0,0.0,650.0,277.0,616.0,360.0
1.0,4499.0,1298.0,936.0,0.0,543.0,543.0,654.0,282.0,854.0,444.0
1.0,3201.0,1273.0,950.0,0.0,1872.0,1872.0,663.0,287.0,906.0,367.0
1.0,1928.0,917.0,957.0,543.0,2274.0,2274.0,670.0,287.0,711.0,206.0
1.0,1554.0,586.0,950.0,1872.0,960.0,960.0,667.0,283.0,464.0,122.0
1.0,2840.0,625.0,937.0,2274.0,0.0,0.0,658.0,279.0,423.0,202.0
1.0,4489.0,1008.0,932.0,960.0,0.0,0.0,653.0,279.0,637.0,371.0
1.0,4441.0,1354.0,940.0,0.0,673.0,673.0,657.0,283.0,895.0,459.0
1.0,3087.0,1329.0,954.0,0.0,2058.0,2058.0,666.0,288.0,943.0,386.0
1.0,1758.0,974.0,963.0,673.0,2395.0,2395.0,674.0,289.0,750.0,224.0
1.0,1457.0,625.0,956.0,2058.0,934.0,934.0,672.0,284.0,497.0,128.0
1.0,2890.0,621.0,943.0,2395.0,0.0,0.0,663.0,280.0,425.0,196.0
1.0,4664.0,956.0,937.0,934.0,0.0,0.0,657.0,280.0,601.0,355.0
1.0,4642.0,1295.0,944.0,0.0,429.0,429.0,660.0,284.0,846.0,449.0
1.0,3347.0,1290.0,958.0,0.0,1775.0,1775.0,669.0,289.0,910.0,380.0
1.0,2057.0,955.0,966.0,429.0,2333.0,2333.0,676.0,290.0,736.0,219.0
1.0,1531.0,619.0,959.0,1775.0,1149.0,1149.0,674.0,285.0,499.0,120.0
1.0,2687.0,622.0,947.0,2333.0,0.0,0.0,666.0,281.0,436.0,186.0
1.0,4398.0,976.0,941.0,1149.0,0.0,0.0,660.0,281.0,618.0,358.0
1.0,4571.0,1321.0,949.0,0.0,546.0,546.0,663.0,286.0,860.0,461.0
1.0,3250.0,1320.0,963.0,0.0,1922.0,1922.0,672.0,291.0,922.0,398.0
1.0,1930.0,965.0,969.0,546.0,2365.0,2365.0,678.0,291.0,737.0,228.0
1.0,1511.0,625.0,963.0,1922.0,1044.0,1044.0,676.0,287.0,499.0,126.0
1.0,2808.0,649.0,949.0,2365.0,0.0,0.0,667.0,282.0,454.0,195.0
1.0,4524.0,1012.0,944.0,1044.0,0.0,0.0,662.0,282.0,647.0,365.0
1.0,4556.0,1348.0,952.0,0.0,600.0,600.0,665.0,287.0,883.0,465.0
1.0,3208.0,1300.0,966.0,0.0,1956.0,1956.0,674.0,292.0,911.0,389.0
1.0,1908.0,927.0,974.0,600.0,2315.0,2315.0,681.0,293.0,707.0,220.0
1.0,1581.0,592.0,967.0,1956.0,923.0,923.0,679.0,288.0,474.0,118.0
1.0,2945.0,620.0,953.0,2315.0,0.0,0.0,670.0,283.0,437.0,183.0
1.0,4640.0,986.0,948.0,923.0,0.0,0.0,665.0,283.0,629.0,357.0
1.0,4577.0,1328.0,956.0,0.0,575.0,575.0,668.0,288.0,864.0,464.0
1.0,3249.0,1317.0,969.0,0.0,1944.0,1944.0,676.0,293.0,918.0,399.0
1.0,1932.0,974.0,977.0,575.0,2375.0,2375.0,683.0,294.0,741.0,233.0
1.0,1533.0,645.0,969.0,1944.0,1044.0,1044.0,680.0,289.0,517.0,128.0
1.0,2832.0,665.0,956.0,2375.0,0.0,0.0,672.0,284.0,475.0,190.0
1.0,4542.0,1013.0,951.0,1044.0,0.0,0.0,667.0,284.0,657.0,356.0
1.0,4573.0,1340.0,960.0,0.0,607.0,607.0,671.0,289.0,879.0,461.0
1.0,3233.0,1314.0,974.0,0.0,1977.0,1977.0,680.0,294.0,914.0,400.0
1.0,1919.0,953.0,981.0,607.0,2351.0,2351.0,686.0,295.0,723.0,230.0
1.0,1573.0,606.0,974.0,1977.0,952.0,952.0,683.0,291.0,486.0,120.0
1.0,2944.0,639.0,961.0,2351.0,0.0,0.0,675.0,286.0,454.0,185.0
1.0,4656.0,1011.0,956.0,952.0,0.0,0.0,671.0,285.0,648.0,363.0
1.0,4597.0,1360.0,964.0,0.0,619.0,619.0,674.0,290.0,889.0,471.0
1.0,3237.0,1326.0,979.0,0.0,2005.0,2005.0,683.0,296.0,927.0,399.0
1.0,1911.0,963.0,985.0,619.0,2373.0,2373.0,689.0,296.0,739.0,224.0
1.0,1567.0,622.0,978.0,2005.0,962.0,962.0,686.0,292.0,500.0,122.0
1.0,2950.0,660.0,965.0,2373.0,0.0,0.0,678.0,287.0,464.0,196.0
1.0,4663.0,1035.0,960.0,962.0,0.0,0.0,674.0,286.0,660.0,375.0
1.0,4590.0,1366.0,968.0,0.0,648.0,648.0,677.0,291.0,892.0,474.0
1.0,3224.0,1322.0,982.0,0.0,2026.0,2026.0,685.0,297.0,925.0,397.0
1.0,1902.0,938.0,988.0,648.0,2340.0,2340.0,691.0,297.0,721.0,217.0
1.0,1612.0,594.0,980.0,2026.0,876.0,876.0,688.0,292.0,480.0,114.0
1.0,3044.0,645.0,967.0,2340.0,0.0,0.0,680.0,287.0,456.0,189.0
1.0,4739.0,1030.0,963.0,876.0,0.0,0.0,676.0,287.0,665.0,365.0
1.0,4585.0,1361.0,971.0,0.0,660.0,660.0,679.0,292.0,890.0,471.0
1.0,3224.0,1322.0,986.0,0.0,2042.0,2042.0,688.0,298.0,921.0,401.0
1.0,1902.0,948.0,992.0,660.0,2354.0,2354.0,694.0,298.0,724.0,224.0
1.0,1614.0,620.0,984.0,2042.0,900.0,900.0,691.0,293.0,496.0,124.0
1.0,3036.0,667.0,971.0,2354.0,0.0,0.0,683.0,288.0,467.0,200.0
1.0,4723.0,1055.0,966.0,900.0,0.0,0.0,678.0,288.0,670.0,385.0
1.0,4568.0,1398.0,975.0,0.0,730.0,730.0,681.0,294.0,909.0,489.0
1.0,3170.0,1352.0,988.0,0.0,2134.0,2134.0,689.0,299.0,945.0,407.0
1.0,1818.0,966.0,995.0,730.0,2398.0,2398.0,696.0,299.0,748.0,218.0
1.0,1582.0,610.0,988.0,2134.0,846.0,846.0,694.0,294.0,505.0,105.0
1.0,3106.0,644.0,975.0,2398.0,0.0,0.0,686.0,289.0,455.0,189.0
1.0,4860.0,1018.0,970.0,846.0,0.0,0.0,681.0,289.0,640.0,378.0
1.0,4688.0,1351.0,979.0,0.0,579.0,579.0,684.0,295.0,868.0,483.0
1.0,3337.0,1317.0,992.0,0.0,1948.0,1948.0,692.0,300.0,916.0,401.0
1.0,2020.0,951.0,997.0,579.0,2340.0,2340.0,697.0,300.0,737.0,214.0
1.0,1648.0,638.0,992.0,1948.0,1010.0,1010.0,696.0,296.0,521.0,117.0
1.0,2958.0,687.0,979.0,2340.0,0.0,0.0,688.0,291.0,483.0,204.0
1.0,4611.0,1069.0,975.0,1010.0,0.0,0.0,684.0,291.0,678.0,391.0
1.0,4552.0,1398.0,983.0,0.0,778.0,778.0,687.0,296.0,907.0,491.0
1.0,3154.0,1348.0,996.0,0.0,2178.0,2178.0,695.0,301.0,943.0,405.0
1.0,1806.0,961.0,1003.0,778.0,2389.0,2389.0,701.0,302.0,739.0,222.0
1.0,1623.0,620.0,995.0,2178.0,799.0,799.0,698.0,297.0,501.0,119.0
1.0,3181.0,660.0,982.0,2389.0,0.0,0.0,690.0,292.0,463.0,197.0
1.0,4910.0,1029.0,977.0,799.0,0.0,0.0,685.0,292.0,651.0,378.0
1.0,4680.0,1371.0,985.0,0.0,631.0,631.0,688.0,297.0,887.0,484.0
1.0,3309.0,1345.0,999.0,0.0,2032.0,2032.0,697.0,302.0,938.0,407.0
1.0,1964.0,978.0,1006.0,631.0,2407.0,2407.0,703.0,303.0,752.0,226.0
1.0,1617.0,635.0,999.0,2032.0,982.0,982.0,701.0,298.0,515.0,120.0
1.0,3014.0,651.0,986.0,2407.0,0.0,0.0,693.0,293.0,457.0,194.0
1.0,4770.0,1019.0,981.0,982.0,0.0,0.0,688.0,293.0,646.0,373.0
1.0,4733.0,1380.0,989.0,0.0,603.0,603.0,691.0,298.0,895.0,485.0
1.0,3353.0,1373.0,1003.0,0.0,2032.0,2032.0,700.0,303.0,953.0,420.0
1.0,1980.0,1012.0,1009.0,603.0,2465.0,2465.0,705.0,304.0,770.0,242.0
1.0,1571.0,665.0,1003.0,2032.0,1074.0,1074.0,703.0,300.0,535.0,130.0
1.0,2938.0,682.0,990.0,2465.0,0.0,0.0,695.0,295.0,487.0,195.0
1.0,4721.0,1038.0,985.0,1074.0,0.0,0.0,691.0,294.0,667.0,371.0
1.0,4757.0,1377.0,993.0,0.0,592.0,592.0,694.0,299.0,899.0,478.0
1.0,3380.0,1351.0,1008.0,0.0,2003.0,2003.0,703.0,305.0,943.0,408.0
1.0,2029.0,976.0,1013.0,592.0,2407.0,2407.0,708.0,305.0,745.0,231.0
1.0,1645.0,632.0,1007.0,2003.0,1012.0,1012.0,706.0,301.0,505.0,127.0
1.0,3016.0,656.0,993.0,2407.0,0.0,0.0,697.0,296.0,453.0,203.0
1.0,4767.0,1039.0,987.0,1012.0,0.0,0.0,692.0,295.0,655.0,384.0
1.0,4740.0,1389.0,996.0,0.0,633.0,633.0,695.0,301.0,900.0,489.0
1.0,3351.0,1382.0,1010.0,0.0,2071.0,2071.0,704.0,306.0,967.0,415.0
1.0,1969.0,1032.0,1017.0,633.0,2498.0,2498.0,710.0,307.0,793.0,239.0
1.0,1570.0,693.0,1010.0,2071.0,1092.0,1092.0,708.0,302.0,560.0,133.0
1.0,2948.0,697.0,998.0,2498.0,0.0,0.0,701.0,297.0,493.0,204.0
1.0,4749.0,1022.0,992.0,1092.0,0.0,0.0,695.0,297.0,646.0,376.0
1.0,4819.0,1357.0,1000.0,0.0,538.0,538.0,698.0,302.0,879.0,478.0
1.0,3462.0,1358.0,1014.0,0.0,1952.0,1952.0,707.0,307.0,948.0,410.0
1.0,2104.0,1005.0,1022.0,538.0,2451.0,2451.0,714.0,308.0,772.0,233.0
1.0,1637.0,647.0,1015.0,1952.0,1118.0,1118.0,711.0,304.0,525.0,122.0
1.0,2942.0,657.0,1001.0,2451.0,0.0,0.0,703.0,298.0,462.0,195.0
1.0,4736.0,1035.0,996.0,1118.0,0.0,0.0,698.0,298.0,659.0,376.0
1.0,4819.0,1407.0,1004.0,0.0,604.0,604.0,701.0,303.0,918.0,489.0
1.0,3412.0,1411.0,1020.0,0.0,2079.0,2079.0,711.0,309.0,984.0,427.0
1.0,2001.0,1034.0,1027.0,604.0,2537.0,2537.0,717.0,310.0,788.0,246.0
1.0,1571.0,659.0,1019.0,2079.0,1085.0,1085.0,714.0,305.0,525.0,134.0
1.0,2991.0,660.0,1004.0,2537.0,0.0,0.0,705.0,299.0,456.0,204.0
1.0,4868.0,1052.0,999.0,1085.0,0.0,0.0,700.0,299.0,665.0,387.0
1.0,4901.0,1427.0,1008.0,0.0,558.0,558.0,704.0,304.0,933.0,494.0
1.0,3474.0,1412.0,1023.0,0.0,2030.0,2030.0,713.0,310.0,994.0,418.0
1.0,2062.0,1011.0,1030.0,558.0,2511.0,2511.0,719.0,311.0,783.0,228.0
1.0,1609.0,623.0,1023.0,2030.0,1076.0,1076.0,717.0,306.0,512.0,111.0
1.0,3016.0,650.0,1009.0,2511.0,0.0,0.0,709.0,300.0,459.0,191.0
1.0,4877.0,1053.0,1004.0,1076.0,0.0,0.0,704.0,300.0,663.0,390.0
1.0,4900.0,1433.0,1014.0,0.0,589.0,589.0,708.0,306.0,927.0,506.0
1.0,3467.0,1394.0,1028.0,0.0,2039.0,2039.0,716.0,312.0,973.0,421.0
1.0,2073.0,989.0,1034.0,589.0,2463.0,2463.0,722.0,312.0,762.0,227.0
1.0,1673.0,652.0,1026.0,2039.0,1044.0,1044.0,719.0,307.0,526.0,126.0
1.0,3060.0,714.0,1013.0,2463.0,0.0,0.0,711.0,302.0,501.0,213.0
1.0,4809.0,1125.0,1009.0,1044.0,0.0,0.0,707.0,302.0,723.0,402.0
1.0,4728.0,1474.0,1018.0,0.0,818.0,818.0,711.0,307.0,966.0,508.0
1.0,3254.0,1410.0,1033.0,0.0,2288.0,2288.0,720.0,313.0,986.0,424.0
1.0,1844.0,983.0,1039.0,818.0,2477.0,2477.0,726.0,313.0,754.0,229.0
1.0,1679.0,614.0,1032.0,2288.0,775.0,775.0,723.0,309.0,493.0,121.0
1.0,3353.0,656.0,1018.0,2477.0,0.0,0.0,715.0,303.0,453.0,203.0
1.0,5174.0,1078.0,1013.0,775.0,0.0,0.0,710.0,303.0,677.0,401.0
1.0,4871.0,1455.0,1022.0,0.0,672.0,672.0,714.0,308.0,952.0,503.0
1.0,3416.0,1414.0,1037.0,0.0,2146.0,2146.0,723.0,314.0,1006.0,408.0
1.0,2002.0,1004.0,1043.0,672.0,2502.0,2502.0,729.0,314.0,791.0,213.0
1.0,1670.0,645.0,1036.0,2146.0,973.0,973.0,727.0,309.0,530.0,115.0
1.0,3171.0,690.0,1023.0,2502.0,0.0,0.0,719.0,304.0,476.0,214.0
1.0,4983.0,1101.0,1018.0,973.0,0.0,0.0,714.0,304.0,689.0,412.0
1.0,4855.0,1474.0,1027.0,0.0,727.0,727.0,718.0,309.0,957.0,517.0
1.0,3381.0,1424.0,1042.0,0.0,2211.0,2211.0,727.0,315.0,1003.0,421.0
1.0,1957.0,997.0,1047.0,727.0,2501.0,2501.0,732.0,315.0,775.0,222.0
1.0,1687.0,616.0,1039.0,2211.0,874.0,874.0,729.0,310.0,501.0,115.0
1.0,3282.0,674.0,1026.0,2501.0,0.0,0.0,721.0,305.0,467.0,207.0
1.0,5109.0,1112.0,1021.0,874.0,0.0,0.0,716.0,305.0,703.0,409.0
1.0,4871.0,1484.0,1031.0,0.0,737.0,737.0,720.0,311.0,968.0,516.0
1.0,3387.0,1410.0,1046.0,0.0,2207.0,2207.0,730.0,316.0,989.0,421.0
1.0,1977.0,962.0,1052.0,737.0,2456.0,2456.0,735.0,317.0,744.0,218.0
1.0,1752.0,591.0,1043.0,2207.0,804.0,804.0,732.0,311.0,484.0,107.0
1.0,3368.0,678.0,1030.0,2456.0,0.0,0.0,724.0,306.0,476.0,202.0
1.0,5146.0,1138.0,1025.0,804.0,0.0,0.0,719.0,306.0,729.0,409.0
1.0,4812.0,1529.0,1034.0,0.0,853.0,853.0,723.0,311.0,999.0,530.0
1.0,3283.0,1452.0,1049.0,0.0,2365.0,2365.0,732.0,317.0,1014.0,438.0
1.0,1831.0,1000.0,1055.0,853.0,2536.0,2536.0,737.0,318.0,774.0,226.0
1.0,1684.0,612.0,1047.0,2365.0,751.0,751.0,735.0,312.0,509.0,103.0
1.0,3437.0,674.0,1034.0,2536.0,0.0,0.0,727.0,307.0,482.0,192.0
1.0,5299.0,1114.0,1029.0,751.0,0.0,0.0,722.0,307.0,704.0,410.0
1.0,4936.0,1490.0,1039.0,0.0,710.0,710.0,726.0,313.0,958.0,532.0
1.0,3446.0,1428.0,1054.0,0.0,2198.0,2198.0,735.0,319.0,990.0,438.0
1.0,2018.0,991.0,1060.0,710.0,2503.0,2503.0,741.0,319.0,772.0,219.0
1.0,1737.0,621.0,1052.0,2198.0,894.0,894.0,738.0,314.0,518.0,103.0
1.0,3314.0,695.0,1038.0,2503.0,0.0,0.0,730.0,308.0,493.0,202.0
1.0,5122.0,1146.0,1033.0,894.0,0.0,0.0,725.0,308.0,723.0,423.0
1.0,4870.0,1543.0,1043.0,0.0,845.0,845.0,729.0,314.0,996.0,547.0
1.0,3327.0,1465.0,1058.0,0.0,2370.0,2370.0,738.0,320.0,1014.0,451.0
1.0,1862.0,1000.0,1065.0,845.0,2553.0,2553.0,744.0,321.0,774.0,226.0
1.0,1707.0,588.0,1056.0,2370.0,735.0,735.0,741.0,315.0,492.0,96.0
1.0,3489.0,669.0,1041.0,2553.0,0.0,0.0,732.0,309.0,477.0,192.0
1.0,5373.0,1154.0,1036.0,735.0,0.0,0.0,727.0,309.0,736.0,418.0
1.0,4954.0,1542.0,1047.0,0.0,776.0,776.0,732.0,315.0,1000.0,542.0
1.0,3412.0,1454.0,1063.0,0.0,2294.0,2294.0,741.0,322.0,1011.0,443.0
1.0,1958.0,971.0,1069.0,776.0,2513.0,2513.0,747.0,322.0,756.0,215.0
1.0,1763.0,586.0,1060.0,2294.0,769.0,769.0,744.0,316.0,499.0,87.0
1.0,3471.0,664.0,1045.0,2513.0,0.0,0.0,735.0,310.0,477.0,187.0
1.0,5320.0,1141.0,1040.0,769.0,0.0,0.0,730.0,310.0,725.0,416.0
1.0,4948.0,1555.0,1051.0,0.0,811.0,811.0,735.0,316.0,999.0,556.0
1.0,3393.0,1483.0,1067.0,0.0,2358.0,2358.0,744.0,323.0,1020.0,463.0
1.0,1910.0,1007.0,1073.0,811.0,2578.0,2578.0,750.0,323.0,773.0,234.0
1.0,1714.0,600.0,1062.0,2358.0,776.0,776.0,745.0,317.0,504.0,96.0
1.0,3472.0,685.0,1047.0,2578.0,0.0,0.0,736.0,311.0,494.0,191.0
1.0,5365.0,1166.0,1043.0,776.0,0.0,0.0,732.0,311.0,748.0,418.0
1.0,4975.0,1572.0,1054.0,0.0,813.0,813.0,737.0,317.0,1017.0,555.0
1.0,3403.0,1486.0,1071.0,0.0,2367.0,2367.0,747.0,324.0,1026.0,460.0
1.0,1917.0,978.0,1077.0,813.0,2556.0,2556.0,753.0,324.0,755.0,223.0
1.0,1752.0,552.0,1067.0,2367.0,701.0,701.0,749.0,318.0,471.0,81.0
1.0,3567.0,640.0,1052.0,2556.0,0.0,0.0,740.0,312.0,466.0,174.0
1.0,5483.0,1157.0,1046.0,701.0,0.0,0.0,734.0,312.0,739.0,418.0
1.0,5027.0,1588.0,1058.0,0.0,793.0,793.0,739.0,319.0,1022.0,566.0
1.0,3439.0,1513.0,1075.0,0.0,2374.0,2374.0,749.0,326.0,1043.0,470.0
1.0,1926.0,1012.0,1081.0,793.0,2617.0,2617.0,755.0,326.0,784.0,228.0
1.0,1707.0,594.0,1071.0,2374.0,797.0,797.0,751.0,320.0,511.0,83.0
1.0,3487.0,687.0,1055.0,2617.0,0.0,0.0,742.0,313.0,500.0,187.0
1.0,5417.0,1190.0,1051.0,797.0,0.0,0.0,738.0,313.0,761.0,429.0
1.0,5024.0,1585.0,1062.0,0.0,809.0,809.0,742.0,320.0,1012.0,573.0
1.0,3439.0,1482.0,1079.0,0.0,2359.0,2359.0,752.0,327.0,1013.0,469.0
1.0,1957.0,982.0,1085.0,809.0,2556.0,2556.0,758.0,327.0,752.0,230.0
1.0,1784.0,576.0,1075.0,2359.0,733.0,733.0,754.0,321.0,489.0,87.0
1.0,3567.0,678.0,1059.0,2556.0,0.0,0.0,744.0,315.0,496.0,182.0
1.0,5445.0,1181.0,1055.0,733.0,0.0,0.0,740.0,315.0,762.0,419.0
1.0,4997.0,1599.0,1067.0,0.0,870.0,870.0,746.0,321.0,1035.0,564.0
1.0,3398.0,1514.0,1084.0,0.0,2452.0,2452.0,756.0,328.0,1041.0,473.0
1.0,1884.0,998.0,1091.0,870.0,2608.0,2608.0,762.0,329.0,762.0,236.0
1.0,1756.0,575.0,1080.0,2452.0,687.0,687.0,757.0,323.0,487.0,88.0
1.0,3633.0,671.0,1063.0,2608.0,0.0,0.0,747.0,316.0,489.0,182.0
1.0,5570.0,1197.0,1059.0,687.0,0.0,0.0,743.0,316.0,772.0,425.0
1.0,5060.0,1624.0,1071.0,0.0,848.0,848.0,748.0,323.0,1055.0,569.0
1.0,3436.0,1518.0,1088.0,0.0,2434.0,2434.0,758.0,330.0,1045.0,473.0
1.0,1918.0,997.0,1094.0,848.0,2607.0,2607.0,764.0,330.0,766.0,231.0
1.0,1769.0,578.0,1084.0,2434.0,711.0,711.0,760.0,324.0,489.0,89.0
1.0,3625.0,674.0,1068.0,2607.0,0.0,0.0,751.0,317.0,492.0,182.0
1.0,5558.0,1183.0,1063.0,711.0,0.0,0.0,746.0,317.0,764.0,419.0
1.0,5086.0,1589.0,1075.0,0.0,803.0,803.0,751.0,324.0,1025.0,564.0
1.0,3497.0,1481.0,1092.0,0.0,2352.0,2352.0,761.0,331.0,1010.0,471.0
1.0,2016.0,996.0,1098.0,803.0,2569.0,2569.0,766.0,332.0,756.0,240.0
1.0,1823.0,605.0,1087.0,2352.0,778.0,778.0,762.0,325.0,505.0,100.0
1.0,3570.0,722.0,1072.0,2569.0,0.0,0.0,753.0,319.0,526.0,196.0
1.0,5417.0,1228.0,1067.0,778.0,0.0,0.0,749.0,318.0,802.0,426.0
1.0,4967.0,1614.0,1079.0,0.0,963.0,963.0,754.0,325.0,1054.0,560.0
1.0,3353.0,1523.0,1097.0,0.0,2558.0,2558.0,765.0,332.0,1048.0,475.0
1.0,1830.0,1023.0,1103.0,963.0,2642.0,2642.0,770.0,333.0,776.0,247.0
1.0,1770.0,601.0,1093.0,2558.0,645.0,645.0,766.0,327.0,501.0,100.0
1.0,3727.0,679.0,1076.0,2642.0,0.0,0.0,756.0,320.0,496.0,183.0
1.0,5690.0,1171.0,1070.0,645.0,0.0,0.0,751.0,319.0,760.0,411.0
1.0,5164.0,1583.0,1082.0,0.0,747.0,747.0,756.0,326.0,1023.0,560.0
1.0,3581.0,1498.0,1100.0,0.0,2317.0,2317.0,767.0,333.0,1021.0,477.0
1.0,2083.0,1003.0,1106.0,747.0,2597.0,2597.0,772.0,334.0,761.0,242.0
1.0,1827.0,621.0,1096.0,2317.0,861.0,861.0,768.0,328.0,523.0,98.0
1.0,3523.0,744.0,1080.0,2597.0,0.0,0.0,759.0,321.0,551.0,193.0
1.0,5376.0,1239.0,1076.0,861.0,0.0,0.0,755.0,321.0,808.0,431.0
1.0,4998.0,1615.0,1088.0,0.0,969.0,969.0,761.0,327.0,1040.0,575.0
1.0,3383.0,1499.0,1105.0,0.0,2536.0,2536.0,770.0,335.0,1016.0,483.0
1.0,1884.0,1007.0,1112.0,969.0,2602.0,2602.0,776.0,336.0,763.0,244.0
1.0,1846.0,632.0,1101.0,2536.0,654.0,654.0,771.0,330.0,528.0,104.0
1.0,3750.0,739.0,1085.0,2602.0,0.0,0.0,762.0,323.0,547.0,192.0
1.0,5613.0,1216.0,1080.0,654.0,0.0,0.0,758.0,322.0,794.0,422.0
1.0,5051.0,1583.0,1091.0,0.0,896.0,896.0,763.0,328.0,1023.0,560.0
1.0,3468.0,1469.0,1109.0,0.0,2437.0,2437.0,773.0,336.0,999.0,470.0
1.0,1999.0,990.0,1116.0,896.0,2559.0,2559.0,779.0,337.0,751.0,239.0
1.0,1905.0,622.0,1105.0,2437.0,700.0,700.0,774.0,331.0,523.0,99.0
1.0,3720.0,742.0,1089.0,2559.0,0.0,0.0,765.0,324.0,555.0,187.0
1.0,5537.0,1233.0,1084.0,700.0,0.0,0.0,761.0,323.0,812.0,421.0
1.0,5004.0,1619.0,1095.0,0.0,995.0,995.0,766.0,329.0,1046.0,573.0
1.0,3385.0,1505.0,1113.0,0.0,2572.0,2572.0,776.0,337.0,1015.0,490.0
1.0,1880.0,1019.0,1120.0,995.0,2624.0,2624.0,781.0,339.0,764.0,255.0
1.0,1856.0,661.0,1109.0,2572.0,669.0,669.0,777.0,332.0,554.0,107.0
1.0,3767.0,776.0,1094.0,2624.0,0.0,0.0,769.0,325.0,582.0,194.0
1.0,5615.0,1240.0,1089.0,669.0,0.0,0.0,765.0,324.0,810.0,430.0
1.0,5044.0,1564.0,1100.0,0.0,920.0,920.0,769.0,331.0,995.0,569.0
1.0,3480.0,1427.0,1116.0,0.0,2411.0,2411.0,778.0,338.0,954.0,473.0
1.0,2053.0,977.0,1122.0,920.0,2492.0,2492.0,783.0,339.0,740.0,237.0
1.0,1996.0,661.0,1112.0,2411.0,702.0,702.0,779.0,333.0,568.0,93.0
1.0,3746.0,796.0,1097.0,2492.0,0.0,0.0,771.0,326.0,605.0,191.0
1.0,5442.0,1254.0,1092.0,702.0,0.0,0.0,767.0,325.0,819.0,435.0
1.0,4890.0,1581.0,1103.0,0.0,1103.0,1103.0,771.0,332.0,1006.0,575.0
1.0,3309.0,1464.0,1120.0,0.0,2635.0,2635.0,781.0,339.0,986.0,478.0
1.0,1845.0,1019.0,1127.0,1103.0,2579.0,2579.0,787.0,340.0,777.0,242.0
1.0,1929.0,700.0,1117.0,2635.0,604.0,604.0,783.0,334.0,599.0,101.0
1.0,3864.0,819.0,1102.0,2579.0,0.0,0.0,775.0,327.0,620.0,199.0
1.0,5624.0,1263.0,1097.0,604.0,0.0,0.0,771.0,326.0,820.0,443.0
1.0,4965.0,1568.0,1108.0,0.0,1035.0,1035.0,775.0,333.0,986.0,582.0
1.0,3397.0,1424.0,1125.0,0.0,2527.0,2527.0,784.0,341.0,948.0,476.0
1.0,1973.0,987.0,1131.0,1035.0,2503.0,2503.0,789.0,342.0,755.0,232.0
1.0,2021.0,686.0,1120.0,2527.0,618.0,618.0,785.0,335.0,590.0,96.0
1.0,3862.0,822.0,1106.0,2503.0,0.0,0.0,778.0,328.0,620.0,202.0
1.0,5543.0,1268.0,1102.0,618.0,0.0,0.0,774.0,328.0,825.0,443.0
1.0,4893.0,1575.0,1113.0,0.0,1134.0,1134.0,779.0,334.0,996.0,579.0
1.0,3318.0,1441.0,1129.0,0.0,2639.0,2639.0,787.0,342.0,964.0,477.0
1.0,1877.0,1012.0,1135.0,1134.0,2541.0,2541.0,792.0,343.0,767.0,245.0
1.0,1999.0,728.0,1125.0,2639.0,590.0,590.0,788.0,337.0,616.0,112.0
1.0,3910.0,847.0,1110.0,2541.0,0.0,0.0,780.0,330.0,636.0,211.0
1.0,5604.0,1268.0,1105.0,590.0,0.0,0.0,776.0,329.0,825.0,443.0
1.0,4926.0,1571.0,1116.0,0.0,1109.0,1109.0,780.0,336.0,999.0,572.0
1.0,3355.0,1446.0,1133.0,0.0,2623.0,2623.0,790.0,343.0,974.0,472.0
1.0,1909.0,1008.0,1139.0,1109.0,2546.0,2546.0,795.0,344.0,770.0,238.0
1.0,2010.0,696.0,1130.0,2623.0,583.0,583.0,792.0,338.0,592.0,104.0
1.0,3937.0,822.0,1115.0,2546.0,0.0,0.0,784.0,331.0,620.0,202.0
1.0,5661.0,1255.0,1110.0,583.0,0.0,0.0,780.0,330.0,818.0,437.0
1.0,4989.0,1561.0,1120.0,0.0,1052.0,1052.0,784.0,336.0,989.0,572.0
1.0,3428.0,1441.0,1137.0,0.0,2561.0,2561.0,793.0,344.0,959.0,482.0
1.0,1987.0,1024.0,1142.0,1052.0,2553.0,2553.0,797.0,345.0,771.0,253.0
1.0,2015.0,733.0,1132.0,2561.0,685.0,685.0,793.0,339.0,619.0,114.0
1.0,3843.0,871.0,1118.0,2553.0,0.0,0.0,786.0,332.0,665.0,206.0
1.0,5525.0,1290.0,1114.0,685.0,0.0,0.0,783.0,331.0,854.0,436.0
1.0,4920.0,1583.0,1125.0,0.0,1163.0,1163.0,788.0,337.0,1008.0,575.0
1.0,3337.0,1451.0,1141.0,0.0,2678.0,2678.0,796.0,345.0,960.0,491.0
1.0,1886.0,1024.0,1146.0,1163.0,2559.0,2559.0,800.0,346.0,762.0,262.0
1.0,2025.0,715.0,1136.0,2678.0,556.0,556.0,796.0,340.0,603.0,112.0
1.0,3988.0,829.0,1122.0,2559.0,0.0,0.0,789.0,333.0,641.0,188.0
1.0,5718.0,1244.0,1118.0,556.0,0.0,0.0,786.0,332.0,828.0,416.0
1.0,5030.0,1550.0,1128.0,0.0,1032.0,1032.0,790.0,338.0,982.0,568.0
1.0,3480.0,1439.0,1144.0,0.0,2535.0,2535.0,798.0,346.0,949.0,490.0
1.0,2041.0,1033.0,1150.0,1032.0,2560.0,2560.0,803.0,347.0,769.0,264.0
1.0,2040.0,746.0,1140.0,2535.0,731.0,731.0,799.0,341.0,630.0,116.0
1.0,3829.0,864.0,1126.0,2560.0,0.0,0.0,792.0,334.0,665.0,199.0
1.0,5525.0,1289.0,1122.0,731.0,0.0,0.0,789.0,333.0,850.0,439.0
1.0,4967.0,1585.0,1133.0,0.0,1150.0,1150.0,793.0,340.0,993.0,592.0
1.0,3382.0,1462.0,1148.0,0.0,2672.0,2672.0,801.0,347.0,957.0,505.0
1.0,1920.0,1040.0,1153.0,1150.0,2582.0,2582.0,804.0,349.0,776.0,264.0
1.0,2030.0,746.0,1143.0,2672.0,616.0,616.0,801.0,342.0,640.0,106.0
1.0,3956.0,854.0,1130.0,2582.0,0.0,0.0,795.0,335.0,662.0,192.0
1.0,5684.0,1260.0,1126.0,616.0,0.0,0.0,792.0,334.0,832.0,428.0
1.0,5040.0,1548.0,1138.0,0.0,1060.0,1060.0,797.0,341.0,970.0,578.0
1.0,3492.0,1432.0,1153.0,0.0,2552.0,2552.0,804.0,349.0,941.0,491.0
1.0,2060.0,1032.0,1157.0,1060.0,2540.0,2540.0,807.0,350.0,775.0,257.0
1.0,2088.0,757.0,1148.0,2552.0,709.0,709.0,804.0,344.0,643.0,114.0
1.0,3883.0,877.0,1134.0,2540.0,0.0,0.0,798.0,336.0,676.0,201.0
1.0,5546.0,1281.0,1131.0,709.0,0.0,0.0,795.0,336.0,846.0,435.0
1.0,4974.0,1580.0,1141.0,0.0,1170.0,1170.0,799.0,342.0,997.0,583.0
1.0,3394.0,1466.0,1156.0,0.0,2696.0,2696.0,806.0,350.0,972.0,494.0
1.0,1928.0,1064.0,1161.0,1170.0,2610.0,2610.0,810.0,351.0,800.0,264.0
1.0,2034.0,776.0,1151.0,2696.0,650.0,650.0,806.0,345.0,653.0,123.0
1.0,3954.0,883.0,1138.0,2610.0,0.0,0.0,800.0,338.0,674.0,209.0
1.0,5681.0,1263.0,1135.0,650.0,0.0,0.0,798.0,337.0,829.0,434.0
1.0,5068.0,1533.0,1145.0,0.0,1045.0,1045.0,802.0,343.0,962.0,571.0
1.0,3535.0,1427.0,1160.0,0.0,2532.0,2532.0,809.0,351.0,933.0,494.0
1.0,2108.0,1034.0,1164.0,1045.0,2537.0,2537.0,812.0,352.0,766.0,268.0
1.0,2119.0,769.0,1154.0,2532.0,734.0,734.0,808.0,346.0,650.0,119.0
1.0,3882.0,903.0,1142.0,2537.0,0.0,0.0,803.0,339.0,703.0,200.0
1.0,5516.0,1309.0,1139.0,734.0,0.0,0.0,801.0,338.0,878.0,431.0
1.0,4941.0,1577.0,1149.0,0.0,1232.0,1232.0,805.0,344.0,993.0,584.0
1.0,3364.0,1442.0,1163.0,0.0,2730.0,2730.0,811.0,352.0,937.0,505.0
1.0,1922.0,1047.0,1167.0,1232.0,2561.0,2561.0,814.0,353.0,772.0,275.0
1.0,2107.0,772.0,1158.0,2730.0,567.0,567.0,811.0,347.0,648.0,124.0
1.0,4065.0,895.0,1145.0,2561.0,0.0,0.0,805.0,340.0,694.0,201.0
1.0,5731.0,1299.0,1142.0,567.0,0.0,0.0,803.0,339.0,869.0,430.0
1.0,4999.0,1570.0,1153.0,0.0,1183.0,1183.0,807.0,346.0,993.0,577.0
1.0,3429.0,1437.0,1167.0,0.0,2676.0,2676.0,814.0,353.0,939.0,498.0
1.0,1992.0,1021.0,1170.0,1183.0,2526.0,2526.0,816.0,354.0,756.0,265.0
1.0,2154.0,740.0,1161.0,2676.0,554.0,554.0,813.0,348.0,628.0,112.0
1.0,4090.0,881.0,1148.0,2526.0,0.0,0.0,807.0,341.0,683.0,198.0
1.0,5735.0,1308.0,1145.0,554.0,0.0,0.0,805.0,340.0,865.0,443.0
1.0,4981.0,1602.0,1156.0,0.0,1245.0,1245.0,809.0,347.0,1003.0,599.0
1.0,3379.0,1465.0,1171.0,0.0,2770.0,2770.0,816.0,355.0,956.0,509.0
1.0,1914.0,1062.0,1174.0,1245.0,2599.0,2599.0,818.0,356.0,795.0,267.0
1.0,2097.0,793.0,1165.0,2770.0,586.0,586.0,815.0,350.0,676.0,117.0
1.0,4074.0,924.0,1151.0,2599.0,0.0,0.0,809.0,342.0,718.0,206.0
1.0,5749.0,1322.0,1150.0,586.0,0.0,0.0,808.0,342.0,878.0,444.0
1.0,5013.0,1578.0,1160.0,0.0,1205.0,1205.0,812.0,348.0,986.0,592.0
1.0,3435.0,1433.0,1174.0,0.0,2694.0,2694.0,819.0,355.0,936.0,497.0
1.0,2002.0,1025.0,1178.0,1205.0,2530.0,2530.0,821.0,357.0,772.0,253.0
1.0,2182.0,767.0,1169.0,2694.0,567.0,567.0,818.0,351.0,658.0,109.0
1.0,4109.0,908.0,1156.0,2530.0,0.0,0.0,812.0,344.0,701.0,207.0
1.0,5731.0,1303.0,1154.0,567.0,0.0,0.0,811.0,343.0,853.0,450.0
1.0,4995.0,1573.0,1164.0,0.0,1234.0,1234.0,815.0,349.0,983.0,590.0
1.0,3422.0,1454.0,1177.0,0.0,2740.0,2740.0,821.0,356.0,960.0,494.0
1.0,1968.0,1085.0,1182.0,1234.0,2611.0,2611.0,824.0,358.0,819.0,266.0
1.0,2117.0,841.0,1173.0,2740.0,676.0,676.0,821.0,352.0,706.0,135.0
1.0,4016.0,951.0,1161.0,2611.0,0.0,0.0,816.0,345.0,724.0,227.0
1.0,5676.0,1299.0,1158.0,676.0,0.0,0.0,814.0,344.0,846.0,453.0
1.0,5053.0,1548.0,1167.0,0.0,1163.0,1163.0,817.0,350.0,959.0,589.0
1.0,3505.0,1447.0,1181.0,0.0,2666.0,2666.0,823.0,358.0,951.0,496.0
1.0,2058.0,1077.0,1185.0,1163.0,2596.0,2596.0,826.0,359.0,815.0,262.0
1.0,2144.0,816.0,1177.0,2666.0,714.0,714.0,824.0,353.0,696.0,120.0
1.0,3994.0,920.0,1165.0,2596.0,0.0,0.0,819.0,346.0,711.0,209.0
1.0,5670.0,1297.0,1162.0,714.0,0.0,0.0,817.0,345.0,854.0,443.0
1.0,5087.0,1568.0,1172.0,0.0,1169.0,1169.0,821.0,351.0,978.0,590.0
1.0,3519.0,1452.0,1186.0,0.0,2677.0,2677.0,827.0,359.0,948.0,504.0
1.0,2067.0,1068.0,1189.0,1169.0,2588.0,2588.0,829.0,360.0,795.0,273.0
1.0,2168.0,814.0,1180.0,2677.0,689.0,689.0,826.0,354.0,686.0,128.0
1.0,4031.0,951.0,1168.0,2588.0,0.0,0.0,821.0,347.0,730.0,221.0
1.0,5668.0,1344.0,1166.0,689.0,0.0,0.0,819.0,347.0,889.0,455.0
1.0,5013.0,1594.0,1176.0,0.0,1285.0,1285.0,823.0,353.0,1001.0,593.0
1.0,3419.0,1464.0,1189.0,0.0,2801.0,2801.0,829.0,360.0,962.0,502.0
1.0,1955.0,1072.0,1194.0,1285.0,2608.0,2608.0,832.0,362.0,801.0,271.0
1.0,2168.0,807.0,1185.0,2801.0,578.0,578.0,829.0,356.0,673.0,134.0
1.0,4162.0,934.0,1173.0,2608.0,0.0,0.0,824.0,349.0,712.0,222.0
1.0,5836.0,1302.0,1170.0,578.0,0.0,0.0,822.0,348.0,858.0,444.0
1.0,5112.0,1557.0,1180.0,0.0,1165.0,1165.0,826.0,354.0,978.0,579.0
1.0,3555.0,1436.0,1193.0,0.0,2653.0,2653.0,832.0,361.0,944.0,492.0
1.0,2119.0,1080.0,1197.0,1165.0,2584.0,2584.0,834.0,363.0,805.0,275.0
1.0,2204.0,855.0,1188.0,2653.0,750.0,750.0,831.0,357.0,711.0,144.0
1.0,4002.0,981.0,1176.0,2584.0,0.0,0.0,826.0,350.0,751.0,230.0
1.0,5605.0,1337.0,1174.0,750.0,0.0,0.0,825.0,349.0,890.0,447.0
1.0,5018.0,1579.0,1185.0,0.0,1301.0,1301.0,830.0,355.0,998.0,581.0
1.0,3439.0,1471.0,1198.0,0.0,2824.0,2824.0,836.0,362.0,968.0,503.0
1.0,1968.0,1097.0,1202.0,1301.0,2636.0,2636.0,838.0,364.0,812.0,285.0
1.0,2172.0,837.0,1194.0,2824.0,617.0,617.0,835.0,359.0,693.0,144.0
1.0,4159.0,929.0,1181.0,2636.0,0.0,0.0,829.0,352.0,711.0,218.0
1.0,5866.0,1294.0,1178.0,617.0,0.0,0.0,828.0,350.0,855.0,439.0
1.0,5189.0,1564.0,1189.0,0.0,1131.0,1131.0,832.0,357.0,979.0,585.0
1.0,3625.0,1468.0,1202.0,0.0,2651.0,2651.0,838.0,364.0,963.0,505.0
1.0,2157.0,1110.0,1207.0,1131.0,2650.0,2650.0,841.0,366.0,831.0,279.0
1.0,2178.0,863.0,1198.0,2651.0,826.0,826.0,838.0,360.0,718.0,145.0
1.0,3966.0,973.0,1186.0,2650.0,0.0,0.0,833.0,353.0,742.0,231.0
1.0,5643.0,1328.0,1184.0,826.0,0.0,0.0,832.0,352.0,878.0,450.0
1.0,5141.0,1576.0,1194.0,0.0,1211.0,1211.0,836.0,358.0,990.0,586.0
1.0,3565.0,1471.0,1206.0,0.0,2730.0,2730.0,841.0,365.0,968.0,503.0
1.0,2094.0,1104.0,1210.0,1211.0,2639.0,2639.0,843.0,367.0,820.0,284.0
1.0,2201.0,860.0,1201.0,2730.0,733.0,733.0,840.0,361.0,714.0,146.0
1.0,4071.0,966.0,1189.0,2639.0,0.0,0.0,835.0,354.0,743.0,223.0
1.0,5744.0,1318.0,1187.0,733.0,0.0,0.0,834.0,353.0,880.0,438.0
1.0,5159.0,1568.0,1197.0,0.0,1197.0,1197.0,838.0,359.0,991.0,577.0
1.0,3591.0,1451.0,1211.0,0.0,2704.0,2704.0,844.0,367.0,948.0,503.0
1.0,2140.0,1090.0,1214.0,1197.0,2609.0,2609.0,846.0,368.0,802.0,288.0
1.0,2247.0,840.0,1205.0,2704.0,709.0,709.0,843.0,362.0,691.0,149.0
1.0,4111.0,957.0,1194.0,2609.0,0.0,0.0,838.0,356.0,730.0,227.0
1.0,5763.0,1346.0,1192.0,709.0,0.0,0.0,837.0,355.0,893.0,453.0
1.0,5126.0,1609.0,1202.0,0.0,1291.0,1291.0,841.0,361.0,1018.0,591.0
1.0,3517.0,1493.0,1214.0,0.0,2832.0,2832.0,846.0,368.0,987.0,506.0
1.0,2024.0,1125.0,1217.0,1291.0,2678.0,2678.0,848.0,369.0,839.0,286.0
1.0,2190.0,867.0,1209.0,2832.0,681.0,681.0,846.0,363.0,717.0,150.0
1.0,4155.0,983.0,1199.0,2678.0,0.0,0.0,842.0,357.0,743.0,240.0
1.0,5850.0,1336.0,1196.0,681.0,0.0,0.0,840.0,356.0,878.0,458.0
1.0,5195.0,1571.0,1205.0,0.0,1196.0,1196.0,843.0,362.0,986.0,585.0
1.0,3624.0,1448.0,1217.0,0.0,2692.0,2692.0,848.0,369.0,954.0,494.0
1.0,2176.0,1090.0,1221.0,1196.0,2602.0,2602.0,850.0,371.0,815.0,275.0
1.0,2282.0,849.0,1213.0,2692.0,727.0,727.0,848.0,365.0,709.0,140.0
1.0,4125.0,981.0,1201.0,2602.0,0.0,0.0,843.0,358.0,752.0,229.0
1.0,5746.0,1356.0,1199.0,727.0,0.0,0.0,842.0,357.0,904.0,452.0
1.0,5117.0,1609.0,1210.0,0.0,1332.0,1332.0,847.0,363.0,1020.0,589.0
1.0,3508.0,1481.0,1222.0,0.0,2861.0,2861.0,852.0,370.0,977.0,504.0
1.0,2027.0,1116.0,1225.0,1332.0,2657.0,2657.0,854.0,371.0,828.0,288.0
1.0,2243.0,880.0,1217.0,2861.0,644.0,644.0,851.0,366.0,722.0,158.0
1.0,4224.0,1005.0,1205.0,2657.0,0.0,0.0,846.0,359.0,766.0,239.0
1.0,5876.0,1356.0,1203.0,644.0,0.0,0.0,845.0,358.0,901.0,455.0
1.0,5164.0,1582.0,1213.0,0.0,1270.0,1270.0,849.0,364.0,996.0,586.0
1.0,3582.0,1462.0,1226.0,0.0,2784.0,2784.0,855.0,371.0,958.0,504.0
1.0,2120.0,1115.0,1230.0,1270.0,2645.0,2645.0,857.0,373.0,823.0,292.0
1.0,2275.0,895.0,1221.0,2784.0,720.0,720.0,854.0,367.0,739.0,156.0
1.0,4164.0,999.0,1210.0,2645.0,0.0,0.0,850.0,360.0,773.0,226.0
1.0,5810.0,1324.0,1208.0,720.0,0.0,0.0,849.0,359.0,887.0,437.0
1.0,5206.0,1556.0,1218.0,0.0,1222.0,1222.0,853.0,365.0,979.0,577.0
1.0,3650.0,1451.0,1229.0,0.0,2717.0,2717.0,857.0,372.0,944.0,507.0
1.0,2199.0,1124.0,1232.0,1222.0,2631.0,2631.0,859.0,373.0,823.0,301.0
1.0,2297.0,906.0,1224.0,2717.0,788.0,788.0,856.0,368.0,739.0,167.0
1.0,4108.0,1025.0,1213.0,2631.0,0.0,0.0,852.0,361.0,789.0,236.0
1.0,5714.0,1366.0,1211.0,788.0,0.0,0.0,851.0,360.0,925.0,441.0
1.0,5136.0,1592.0,1221.0,0.0,1340.0,1340.0,855.0,366.0,1014.0,578.0
1.0,3544.0,1470.0,1233.0,0.0,2858.0,2858.0,860.0,373.0,963.0,507.0
1.0,2074.0,1131.0,1236.0,1340.0,2661.0,2661.0,862.0,374.0,824.0,307.0
1.0,2283.0,903.0,1229.0,2858.0,678.0,678.0,860.0,369.0,730.0,173.0
1.0,4238.0,1000.0,1219.0,2661.0,0.0,0.0,856.0,363.0,764.0,236.0
1.0,5899.0,1322.0,1215.0,678.0,0.0,0.0,854.0,361.0,887.0,435.0
1.0,5255.0,1557.0,1224.0,0.0,1198.0,1198.0,857.0,367.0,988.0,569.0
1.0,3698.0,1487.0,1236.0,0.0,2733.0,2733.0,862.0,374.0,979.0,508.0
1.0,2211.0,1181.0,1240.0,1198.0,2732.0,2732.0,865.0,375.0,870.0,311.0
1.0,2228.0,956.0,1233.0,2733.0,927.0,927.0,863.0,370.0,777.0,179.0
1.0,4005.0,1043.0,1223.0,2732.0,0.0,0.0,859.0,364.0,798.0,245.0
1.0,5694.0,1343.0,1220.0,927.0,0.0,0.0,858.0,362.0,903.0,440.0
1.0,5278.0,1557.0,1229.0,0.0,1195.0,1195.0,861.0,368.0,986.0,571.0
1.0,3721.0,1464.0,1241.0,0.0,2707.0,2707.0,866.0,375.0,956.0,508.0
1.0,2257.0,1156.0,1245.0,1195.0,2684.0,2684.0,868.0,377.0,846.0,310.0
1.0,2296.0,947.0,1236.0,2707.0,888.0,888.0,865.0,371.0,773.0,174.0
1.0,4056.0,1024.0,1227.0,2684.0,0.0,0.0,862.0,365.0,789.0,235.0
1.0,5716.0,1313.0,1223.0,888.0,0.0,0.0,860.0,363.0,884.0,429.0
1.0,5291.0,1537.0,1233.0,0.0,1178.0,1178.0,864.0,369.0,967.0,570.0
1.0,3754.0,1466.0,1244.0,0.0,2688.0,2688.0,868.0,376.0,949.0,517.0
1.0,2288.0,1185.0,1249.0,1178.0,2715.0,2715.0,871.0,378.0,863.0,322.0
1.0,2281.0,969.0,1242.0,2688.0,968.0,968.0,869.0,373.0,788.0,181.0
1.0,4000.0,1040.0,1231.0,2715.0,0.0,0.0,865.0,366.0,797.0,243.0
1.0,5675.0,1336.0,1228.0,968.0,0.0,0.0,863.0,365.0,887.0,449.0
1.0,5307.0,1568.0,1237.0,0.0,1209.0,1209.0,866.0,371.0,979.0,589.0
1.0,3739.0,1506.0,1249.0,0.0,2763.0,2763.0,871.0,378.0,985.0,521.0
1.0,2233.0,1212.0,1253.0,1209.0,2782.0,2782.0,874.0,379.0,901.0,311.0
1.0,2230.0,973.0,1246.0,2763.0,964.0,964.0,872.0,374.0,806.0,167.0
1.0,4020.0,1023.0,1236.0,2782.0,0.0,0.0,869.0,367.0,789.0,234.0
1.0,5779.0,1306.0,1233.0,964.0,0.0,0.0,867.0,366.0,864.0,442.0
1.0,5437.0,1519.0,1241.0,0.0,1046.0,1046.0,869.0,372.0,940.0,579.0
1.0,3918.0,1460.0,1253.0,0.0,2554.0,2554.0,874.0,379.0,946.0,514.0
1.0,2458.0,1183.0,1256.0,1046.0,2703.0,2703.0,876.0,380.0,877.0,306.0
1.0,2321.0,979.0,1249.0,2554.0,1100.0,1100.0,874.0,375.0,809.0,170.0
1.0,3896.0,1053.0,1238.0,2703.0,0.0,0.0,870.0,368.0,812.0,241.0
1.0,5546.0,1339.0,1236.0,1100.0,0.0,0.0,869.0,367.0,891.0,448.0
1.0,5307.0,1567.0,1245.0,0.0,1240.0,1240.0,872.0,373.0,980.0,587.0
1.0,3740.0,1509.0,1257.0,0.0,2797.0,2797.0,877.0,380.0,986.0,523.0
1.0,2231.0,1236.0,1261.0,1240.0,2809.0,2809.0,880.0,381.0,914.0,322.0
1.0,2235.0,1009.0,1254.0,2797.0,993.0,993.0,878.0,376.0,821.0,188.0
1.0,4023.0,1041.0,1244.0,2809.0,0.0,0.0,874.0,370.0,794.0,247.0
1.0,5791.0,1293.0,1241.0,993.0,0.0,0.0,872.0,369.0,856.0,437.0
1.0,5491.0,1516.0,1249.0,0.0,1021.0,1021.0,875.0,374.0,948.0,568.0
1.0,3975.0,1486.0,1260.0,0.0,2551.0,2551.0,879.0,381.0,975.0,511.0
1.0,2489.0,1228.0,1264.0,1021.0,2774.0,2774.0,882.0,382.0,910.0,318.0
1.0,2282.0,1009.0,1259.0,2551.0,1212.0,1212.0,881.0,378.0,824.0,185.0
1.0,3824.0,1042.0,1248.0,2774.0,0.0,0.0,877.0,371.0,799.0,243.0
1.0,5556.0,1303.0,1246.0,1212.0,0.0,0.0,876.0,370.0,865.0,438.0
1.0,5465.0,1550.0,1253.0,0.0,1097.0,1097.0,878.0,375.0,970.0,580.0
1.0,3915.0,1530.0,1265.0,0.0,2675.0,2675.0,883.0,382.0,1004.0,526.0
1.0,2385.0,1261.0,1270.0,1097.0,2859.0,2859.0,886.0,384.0,927.0,334.0
1.0,2221.0,1007.0,1263.0,2675.0,1163.0,1163.0,884.0,379.0,811.0,196.0
1.0,3889.0,1039.0,1253.0,2859.0,0.0,0.0,880.0,373.0,792.0,247.0
1.0,5709.0,1309.0,1250.0,1163.0,0.0,0.0,878.0,372.0,875.0,434.0
1.0,5563.0,1547.0,1258.0,0.0,1016.0,1016.0,881.0,377.0,976.0,571.0
1.0,4016.0,1507.0,1269.0,0.0,2567.0,2567.0,886.0,383.0,991.0,516.0
1.0,2509.0,1235.0,1274.0,1016.0,2806.0,2806.0,889.0,385.0,907.0,328.0
1.0,2290.0,987.0,1267.0,2567.0,1198.0,1198.0,887.0,380.0,799.0,188.0
1.0,3870.0,1028.0,1257.0,2806.0,0.0,0.0,883.0,374.0,785.0,243.0
1.0,5648.0,1293.0,1254.0,1198.0,0.0,0.0,881.0,373.0,856.0,437.0
1.0,5553.0,1543.0,1261.0,0.0,1034.0,1034.0,883.0,378.0,967.0,576.0
1.0,4010.0,1535.0,1271.0,0.0,2609.0,2609.0,887.0,384.0,1009.0,526.0
1.0,2475.0,1292.0,1276.0,1034.0,2887.0,2887.0,890.0,386.0,953.0,339.0
1.0,2217.0,1048.0,1271.0,2609.0,1306.0,1306.0,889.0,382.0,848.0,200.0
1.0,3778.0,1050.0,1261.0,2887.0,0.0,0.0,886.0,375.0,807.0,243.0
1.0,5615.0,1298.0,1258.0,1306.0,0.0,0.0,884.0,374.0,871.0,427.0
1.0,5623.0,1542.0,1265.0,0.0,979.0,979.0,886.0,379.0,974.0,568.0
1.0,4081.0,1526.0,1276.0,0.0,2549.0,2549.0,891.0,385.0,997.0,529.0
1.0,2555.0,1258.0,1280.0,979.0,2844.0,2844.0,893.0,387.0,917.0,341.0
1.0,2276.0,1006.0,1275.0,2549.0,1281.0,1281.0,892.0,383.0,811.0,195.0
1.0,3819.0,1020.0,1265.0,2844.0,0.0,0.0,888.0,377.0,782.0,238.0
1.0,5643.0,1292.0,1262.0,1281.0,0.0,0.0,887.0,375.0,865.0,427.0
1.0,5632.0,1575.0,1269.0,0.0,1019.0,1019.0,889.0,380.0,992.0,583.0
1.0,4057.0,1568.0,1281.0,0.0,2635.0,2635.0,894.0,387.0,1023.0,545.0
1.0,2489.0,1309.0,1286.0,1019.0,2945.0,2945.0,897.0,389.0,953.0,356.0
1.0,2199.0,1040.0,1280.0,2635.0,1326.0,1326.0,896.0,384.0,839.0,201.0
1.0,3794.0,1027.0,1269.0,2945.0,0.0,0.0,892.0,377.0,797.0,230.0
1.0,5712.0,1284.0,1265.0,1326.0,0.0,0.0,890.0,375.0,862.0,422.0
1.0,5754.0,1547.0,1272.0,0.0,881.0,881.0,891.0,381.0,970.0,577.0
1.0,4207.0,1543.0,1283.0,0.0,2468.0,2468.0,895.0,388.0,1004.0,539.0
1.0,2664.0,1287.0,1288.0,881.0,2894.0,2894.0,898.0,390.0,939.0,348.0
1.0,2258.0,1021.0,1282.0,2468.0,1423.0,1423.0,897.0,385.0,829.0,192.0
1.0,3705.0,1024.0,1272.0,2894.0,0.0,0.0,894.0,378.0,797.0,227.0
1.0,5575.0,1286.0,1270.0,1423.0,0.0,0.0,893.0,377.0,862.0,424.0
1.0,5712.0,1538.0,1276.0,0.0,930.0,930.0,894.0,382.0,956.0,582.0
1.0,4174.0,1536.0,1287.0,0.0,2510.0,2510.0,898.0,389.0,995.0,541.0
1.0,2638.0,1292.0,1291.0,930.0,2888.0,2888.0,900.0,391.0,942.0,350.0
1.0,2276.0,1053.0,1286.0,2510.0,1411.0,1411.0,900.0,386.0,848.0,205.0
1.0,3733.0,1062.0,1276.0,2888.0,0.0,0.0,896.0,380.0,815.0,247.0
1.0,5559.0,1324.0,1272.0,1411.0,0.0,0.0,894.0,378.0,887.0,437.0
1.0,5646.0,1583.0,1279.0,0.0,1053.0,1053.0,896.0,383.0,995.0,588.0
1.0,4063.0,1575.0,1290.0,0.0,2672.0,2672.0,900.0,390.0,1030.0,545.0
1.0,2488.0,1284.0,1295.0,1053.0,2923.0,2923.0,903.0,392.0,935.0,349.0
1.0,2257.0,1004.0,1290.0,2672.0,1235.0,1235.0,902.0,388.0,810.0,194.0
1.0,3925.0,1011.0,1279.0,2923.0,0.0,0.0,898.0,381.0,775.0,236.0
1.0,5837.0,1290.0,1276.0,1235.0,0.0,0.0,896.0,380.0,860.0,430.0
1.0,5782.0,1572.0,1283.0,0.0,922.0,922.0,898.0,385.0,986.0,586.0
1.0,4210.0,1577.0,1294.0,0.0,2543.0,2543.0,902.0,392.0,1034.0,543.0
1.0,2633.0,1294.0,1298.0,922.0,2931.0,2931.0,905.0,393.0,958.0,336.0
1.0,2261.0,1023.0,1293.0,2543.0,1391.0,1391.0,904.0,389.0,841.0,182.0
1.0,3781.0,1030.0,1283.0,2931.0,0.0,0.0,901.0,382.0,794.0,236.0
1.0,5682.0,1329.0,1279.0,1391.0,0.0,0.0,899.0,380.0,880.0,449.0
1.0,5744.0,1628.0,1286.0,0.0,1028.0,1028.0,900.0,386.0,1018.0,610.0
1.0,4116.0,1627.0,1298.0,0.0,2703.0,2703.0,905.0,393.0,1065.0,562.0
1.0,2489.0,1309.0,1304.0,1028.0,3008.0,3008.0,909.0,395.0,962.0,347.0
1.0,2208.0,984.0,1297.0,2703.0,1261.0,1261.0,907.0,390.0,804.0,180.0
1.0,3927.0,982.0,1286.0,3008.0,0.0,0.0,903.0,383.0,756.0,226.0
1.0,5953.0,1299.0,1282.0,1261.0,0.0,0.0,900.0,382.0,860.0,439.0
1.0,5915.0,1610.0,1289.0,0.0,851.0,851.0,902.0,387.0,1011.0,599.0
1.0,4305.0,1619.0,1302.0,0.0,2522.0,2522.0,908.0,394.0,1072.0,547.0
1.0,2686.0,1315.0,1307.0,851.0,3006.0,3006.0,911.0,396.0,976.0,339.0
1.0,2222.0,1022.0,1302.0,2522.0,1486.0,1486.0,911.0,391.0,837.0,185.0
1.0,3722.0,1022.0,1291.0,3006.0,0.0,0.0,907.0,384.0,782.0,240.0
1.0,5706.0,1325.0,1288.0,1486.0,0.0,0.0,905.0,383.0,869.0,456.0
1.0,5867.0,1627.0,1294.0,0.0,936.0,936.0,906.0,388.0,1013.0,614.0
1.0,4240.0,1623.0,1305.0,0.0,2603.0,2603.0,910.0,395.0,1068.0,555.0
1.0,2617.0,1317.0,1311.0,936.0,3008.0,3008.0,914.0,397.0,985.0,332.0
1.0,2236.0,1017.0,1305.0,2603.0,1398.0,1398.0,913.0,392.0,845.0,172.0
1.0,3822.0,1027.0,1295.0,3008.0,0.0,0.0,909.0,386.0,786.0,241.0
1.0,5803.0,1336.0,1291.0,1398.0,0.0,0.0,907.0,384.0,870.0,466.0
1.0,5865.0,1611.0,1298.0,0.0,938.0,938.0,908.0,390.0,993.0,618.0
1.0,4254.0,1584.0,1309.0,0.0,2566.0,2566.0,913.0,396.0,1039.0,545.0
1.0,2670.0,1271.0,1314.0,938.0,2919.0,2919.0,916.0,398.0,947.0,324.0
1.0,2337.0,1000.0,1308.0,2566.0,1329.0,1329.0,915.0,393.0,826.0,174.0
1.0,3903.0,1046.0,1299.0,2919.0,0.0,0.0,912.0,387.0,801.0,245.0
1.0,5776.0,1370.0,1294.0,1329.0,0.0,0.0,909.0,385.0,902.0,468.0
1.0,5735.0,1660.0,1301.0,0.0,1129.0,1129.0,911.0,390.0,1038.0,622.0
1.0,4075.0,1634.0,1312.0,0.0,2807.0,2807.0,915.0,397.0,1074.0,560.0
1.0,2441.0,1314.0,1318.0,1129.0,3016.0,3016.0,919.0,399.0,972.0,342.0
1.0,2256.0,1012.0,1313.0,2807.0,1201.0,1201.0,918.0,395.0,831.0,181.0
1.0,4051.0,1042.0,1303.0,3016.0,0.0,0.0,915.0,388.0,800.0,242.0
1.0,6025.0,1357.0,1300.0,1201.0,0.0,0.0,913.0,387.0,894.0,463.0
1.0,5869.0,1640.0,1306.0,0.0,995.0,995.0,914.0,392.0,1026.0,614.0
1.0,4229.0,1613.0,1318.0,0.0,2656.0,2656.0,919.0,399.0,1068.0,545.0
1.0,2616.0,1281.0,1323.0,995.0,2962.0,2962.0,922.0,401.0,961.0,320.0
1.0,2330.0,982.0,1317.0,2656.0,1264.0,1264.0,921.0,396.0,814.0,168.0
1.0,4004.0,1031.0,1307.0,2962.0,0.0,0.0,918.0,389.0,789.0,242.0
1.0,5935.0,1380.0,1304.0,1264.0,0.0,0.0,916.0,388.0,907.0,473.0
1.0,5819.0,1681.0,1311.0,0.0,1106.0,1106.0,918.0,393.0,1046.0,635.0
1.0,4138.0,1636.0,1323.0,0.0,2790.0,2790.0,923.0,400.0,1070.0,566.0
1.0,2502.0,1289.0,1327.0,1106.0,2989.0,2989.0,925.0,402.0,955.0,334.0
1.0,2319.0,1000.0,1321.0,2790.0,1175.0,1175.0,924.0,397.0,828.0,172.0
1.0,4109.0,1053.0,1311.0,2989.0,0.0,0.0,921.0,390.0,807.0,246.0
1.0,6045.0,1393.0,1307.0,1175.0,0.0,0.0,918.0,389.0,917.0,476.0
1.0,5827.0,1678.0,1315.0,0.0,1111.0,1111.0,921.0,394.0,1047.0,631.0
1.0,4149.0,1618.0,1326.0,0.0,2773.0,2773.0,925.0,401.0,1063.0,555.0
1.0,2531.0,1274.0,1332.0,1111.0,2960.0,2960.0,929.0,403.0,953.0,321.0
1.0,2368.0,977.0,1326.0,2773.0,1140.0,1140.0,928.0,398.0,815.0,162.0
1.0,4164.0,1028.0,1315.0,2960.0,0.0,0.0,924.0,391.0,785.0,243.0
1.0,6096.0,1384.0,1312.0,1140.0,0.0,0.0,922.0,390.0,910.0,474.0
1.0,5852.0,1688.0,1320.0,0.0,1116.0,1116.0,924.0,396.0,1058.0,630.0
1.0,4164.0,1652.0,1332.0,0.0,2816.0,2816.0,929.0,403.0,1095.0,557.0
1.0,2512.0,1302.0,1337.0,1116.0,3022.0,3022.0,932.0,405.0,968.0,334.0
1.0,2326.0,999.0,1330.0,2816.0,1177.0,1177.0,931.0,399.0,820.0,179.0
1.0,4143.0,1061.0,1320.0,3022.0,0.0,0.0,927.0,393.0,811.0,250.0
1.0,6104.0,1424.0,1315.0,1177.0,0.0,0.0,924.0,391.0,946.0,478.0
1.0,5857.0,1725.0,1324.0,0.0,1164.0,1164.0,927.0,397.0,1085.0,640.0
1.0,4132.0,1656.0,1336.0,0.0,2868.0,2868.0,932.0,404.0,1087.0,569.0
1.0,2476.0,1270.0,1342.0,1164.0,2998.0,2998.0,936.0,406.0,938.0,332.0
1.0,2370.0,959.0,1335.0,2868.0,1061.0,1061.0,934.0,401.0,788.0,171.0
1.0,4279.0,1015.0,1324.0,2998.0,0.0,0.0,930.0,394.0,774.0,241.0
1.0,6262.0,1392.0,1320.0,1061.0,0.0,0.0,927.0,393.0,917.0,475.0
1.0,5931.0,1714.0,1327.0,0.0,1091.0,1091.0,929.0,398.0,1080.0,634.0
1.0,4217.0,1670.0,1340.0,0.0,2813.0,2813.0,934.0,406.0,1107.0,563.0
1.0,2547.0,1317.0,1345.0,1091.0,3059.0,3059.0,938.0,407.0,985.0,332.0
1.0,2321.0,1001.0,1339.0,2813.0,1223.0,1223.0,937.0,402.0,827.0,174.0
1.0,4133.0,1040.0,1328.0,3059.0,0.0,0.0,933.0,395.0,787.0,253.0
1.0,6152.0,1389.0,1324.0,1223.0,0.0,0.0,930.0,394.0,904.0,485.0
1.0,5986.0,1704.0,1331.0,0.0,1042.0,1042.0,931.0,400.0,1065.0,639.0
1.0,4282.0,1666.0,1343.0,0.0,2756.0,2756.0,936.0,407.0,1108.0,558.0
1.0,2616.0,1325.0,1349.0,1042.0,3063.0,3063.0,940.0,409.0,997.0,328.0
1.0,2333.0,1013.0,1343.0,2756.0,1296.0,1296.0,940.0,403.0,838.0,175.0
1.0,4076.0,1042.0,1332.0,3063.0,0.0,0.0,936.0,396.0,792.0,250.0
1.0,6097.0,1379.0,1328.0,1296.0,0.0,0.0,933.0,395.0,901.0,478.0
1.0,6014.0,1681.0,1336.0,0.0,1011.0,1011.0,935.0,401.0,1049.0,632.0
1.0,4333.0,1660.0,1348.0,0.0,2719.0,2719.0,940.0,408.0,1099.0,561.0
1.0,2673.0,1333.0,1354.0,1011.0,3065.0,3065.0,944.0,410.0,993.0,340.0
1.0,2351.0,1032.0,1347.0,2719.0,1350.0,1350.0,943.0,404.0,844.0,188.0
1.0,4038.0,1068.0,1336.0,3065.0,0.0,0.0,939.0,397.0,814.0,254.0
1.0,6035.0,1399.0,1332.0,1350.0,0.0,0.0,936.0,396.0,926.0,473.0
1.0,5986.0,1712.0,1339.0,0.0,1082.0,1082.0,938.0,401.0,1081.0,631.0
1.0,4274.0,1690.0,1353.0,0.0,2828.0,2828.0,944.0,409.0,1123.0,567.0
1.0,2584.0,1355.0,1359.0,1082.0,3125.0,3125.0,948.0,411.0,1011.0,344.0
1.0,2311.0,1035.0,1352.0,2828.0,1304.0,1304.0,947.0,405.0,847.0,188.0
1.0,4104.0,1036.0,1340.0,3125.0,0.0,0.0,942.0,398.0,782.0,254.0
1.0,6193.0,1352.0,1335.0,1304.0,0.0,0.0,938.0,397.0,883.0,469.0
1.0,6145.0,1675.0,1343.0,0.0,902.0,902.0,940.0,403.0,1049.0,626.0
1.0,4470.0,1660.0,1356.0,0.0,2614.0,2614.0,946.0,410.0,1099.0,561.0
1.0,2810.0,1346.0,1362.0,902.0,3082.0,3082.0,950.0,412.0,1002.0,344.0
1.0,2366.0,1045.0,1356.0,2614.0,1489.0,1489.0,949.0,407.0,852.0,193.0
1.0,3935.0,1072.0,1344.0,3082.0,0.0,0.0,944.0,400.0,810.0,262.0
1.0,5945.0,1410.0,1339.0,1489.0,0.0,0.0,941.0,398.0,925.0,485.0
1.0,6024.0,1722.0,1348.0,0.0,1090.0,1090.0,944.0,404.0,1085.0,637.0
1.0,4302.0,1697.0,1362.0,0.0,2843.0,2843.0,950.0,412.0,1129.0,568.0
1.0,2605.0,1347.0,1367.0,1090.0,3120.0,3120.0,953.0,414.0,1005.0,342.0
1.0,2348.0,1026.0,1360.0,2843.0,1275.0,1275.0,952.0,408.0,839.0,187.0
1.0,4165.0,1057.0,1348.0,3120.0,0.0,0.0,947.0,401.0,797.0,260.0
1.0,6228.0,1396.0,1343.0,1275.0,0.0,0.0,944.0,399.0,915.0,481.0
1.0,6107.0,1717.0,1352.0,0.0,1018.0,1018.0,947.0,405.0,1086.0,631.0
1.0,4390.0,1686.0,1366.0,0.0,2760.0,2760.0,953.0,413.0,1133.0,553.0
1.0,2704.0,1333.0,1372.0,1018.0,3099.0,3099.0,957.0,415.0,1006.0,327.0
1.0,2389.0,1018.0,1365.0,2760.0,1329.0,1329.0,956.0,409.0,832.0,186.0
1.0,4131.0,1050.0,1352.0,3099.0,0.0,0.0,950.0,402.0,785.0,265.0
1.0,6180.0,1406.0,1348.0,1329.0,0.0,0.0,947.0,401.0,913.0,493.0
1.0,6103.0,1730.0,1356.0,0.0,1051.0,1051.0,949.0,407.0,1091.0,639.0
1.0,4373.0,1699.0,1369.0,0.0,2802.0,2802.0,955.0,414.0,1135.0,564.0
1.0,2674.0,1360.0,1375.0,1051.0,3135.0,3135.0,959.0,416.0,1014.0,346.0
1.0,2365.0,1051.0,1368.0,2802.0,1356.0,1356.0,957.0,411.0,851.0,200.0
1.0,4116.0,1090.0,1355.0,3135.0,0.0,0.0,952.0,403.0,817.0,273.0
1.0,6161.0,1432.0,1352.0,1356.0,0.0,0.0,950.0,402.0,948.0,484.0
1.0,6085.0,1725.0,1360.0,0.0,1080.0,1080.0,953.0,407.0,1100.0,625.0
1.0,4360.0,1664.0,1374.0,0.0,2800.0,2800.0,959.0,415.0,1109.0,555.0
1.0,2696.0,1299.0,1380.0,1080.0,3043.0,3043.0,963.0,417.0,965.0,334.0
1.0,2477.0,1003.0,1371.0,2800.0,1210.0,1210.0,960.0,411.0,811.0,192.0
1.0,4274.0,1069.0,1359.0,3043.0,0.0,0.0,955.0,404.0,798.0,271.0
1.0,6248.0,1432.0,1355.0,1210.0,0.0,0.0,952.0,403.0,943.0,489.0
1.0,6026.0,1746.0,1363.0,0.0,1172.0,1172.0,954.0,409.0,1116.0,630.0
1.0,4280.0,1705.0,1377.0,0.0,2933.0,2933.0,961.0,416.0,1149.0,556.0
1.0,2575.0,1362.0,1383.0,1172.0,3147.0,3147.0,965.0,418.0,1016.0,346.0
1.0,2385.0,1064.0,1376.0,2933.0,1250.0,1250.0,964.0,412.0,853.0,211.0
1.0,4254.0,1103.0,1365.0,3147.0,0.0,0.0,959.0,406.0,815.0,288.0
1.0,6298.0,1450.0,1361.0,1250.0,0.0,0.0,956.0,405.0,946.0,504.0
1.0,6098.0,1738.0,1368.0,0.0,1112.0,1112.0,958.0,410.0,1105.0,633.0
1.0,4360.0,1672.0,1382.0,0.0,2840.0,2840.0,964.0,418.0,1127.0,545.0
1.0,2688.0,1314.0,1387.0,1112.0,3062.0,3062.0,968.0,419.0,987.0,327.0
1.0,2486.0,1011.0,1380.0,2840.0,1205.0,1205.0,966.0,414.0,817.0,194.0
1.0,4315.0,1089.0,1368.0,3062.0,0.0,0.0,961.0,407.0,798.0,291.0
1.0,6288.0,1466.0,1364.0,1205.0,0.0,0.0,958.0,406.0,952.0,514.0
1.0,6027.0,1771.0,1373.0,0.0,1236.0,1236.0,961.0,412.0,1134.0,637.0
1.0,4256.0,1693.0,1386.0,0.0,2981.0,2981.0,967.0,419.0,1156.0,537.0
1.0,2563.0,1320.0,1391.0,1236.0,3085.0,3085.0,971.0,420.0,1001.0,319.0
1.0,2479.0,1027.0,1384.0,2981.0,1103.0,1103.0,969.0,415.0,824.0,203.0
1.0,4433.0,1104.0,1371.0,3085.0,0.0,0.0,963.0,408.0,797.0,307.0
1.0,6414.0,1463.0,1368.0,1103.0,0.0,0.0,960.0,408.0,940.0,523.0
1.0,6054.0,1757.0,1375.0,0.0,1203.0,1203.0,962.0,413.0,1119.0,638.0
1.0,4297.0,1691.0,1388.0,0.0,2946.0,2946.0,968.0,420.0,1159.0,532.0
1.0,2606.0,1329.0,1393.0,1203.0,3092.0,3092.0,972.0,421.0,1014.0,315.0
1.0,2480.0,1034.0,1387.0,2946.0,1156.0,1156.0,971.0,416.0,831.0,203.0
1.0,4392.0,1081.0,1376.0,3092.0,0.0,0.0,966.0,410.0,778.0,303.0
1.0,6403.0,1433.0,1371.0,1156.0,0.0,0.0,962.0,409.0,918.0,515.0
1.0,6126.0,1739.0,1379.0,0.0,1129.0,1129.0,965.0,414.0,1110.0,629.0
1.0,4387.0,1711.0,1392.0,0.0,2892.0,2892.0,971.0,421.0,1174.0,537.0
1.0,2676.0,1369.0,1397.0,1129.0,3152.0,3152.0,975.0,422.0,1040.0,329.0
1.0,2436.0,1064.0,1391.0,2892.0,1300.0,1300.0,974.0,417.0,848.0,216.0
1.0,4264.0,1113.0,1379.0,3152.0,0.0,0.0,968.0,411.0,804.0,309.0
1.0,6303.0,1456.0,1375.0,1300.0,0.0,0.0,965.0,410.0,941.0,515.0
1.0,6147.0,1766.0,1382.0,0.0,1147.0,1147.0,967.0,415.0,1138.0,628.0
1.0,4381.0,1736.0,1396.0,0.0,2939.0,2939.0,974.0,422.0,1195.0,541.0
1.0,2645.0,1368.0,1402.0,1147.0,3184.0,3184.0,979.0,423.0,1033.0,335.0
1.0,2424.0,1031.0,1395.0,2939.0,1248.0,1248.0,977.0,418.0,817.0,214.0
1.0,4332.0,1058.0,1382.0,3184.0,0.0,0.0,970.0,412.0,760.0,298.0
1.0,6458.0,1421.0,1377.0,1248.0,0.0,0.0,966.0,411.0,914.0,507.0
1.0,6285.0,1756.0,1386.0,0.0,1015.0,1015.0,969.0,417.0,1135.0,621.0
1.0,4529.0,1739.0,1399.0,0.0,2806.0,2806.0,976.0,423.0,1206.0,533.0
1.0,2790.0,1386.0,1406.0,1015.0,3205.0,3205.0,981.0,425.0,1052.0,334.0
1.0,2419.0,1058.0,1399.0,2806.0,1429.0,1429.0,980.0,419.0,835.0,223.0
1.0,4167.0,1098.0,1387.0,3205.0,0.0,0.0,974.0,413.0,780.0,318.0
1.0,6274.0,1459.0,1383.0,1429.0,0.0,0.0,970.0,413.0,932.0,527.0
1.0,6244.0,1782.0,1390.0,0.0,1098.0,1098.0,972.0,418.0,1144.0,638.0
1.0,4462.0,1734.0,1404.0,0.0,2888.0,2888.0,979.0,425.0,1198.0,536.0
1.0,2728.0,1373.0,1409.0,1098.0,3183.0,3183.0,983.0,426.0,1047.0,326.0
1.0,2453.0,1055.0,1402.0,2888.0,1322.0,1322.0,981.0,421.0,839.0,216.0
1.0,4286.0,1097.0,1390.0,3183.0,0.0,0.0,975.0,415.0,783.0,314.0
1.0,6372.0,1453.0,1386.0,1322.0,0.0,0.0,972.0,414.0,929.0,524.0
1.0,6241.0,1756.0,1395.0,0.0,1095.0,1095.0,975.0,420.0,1126.0,630.0
1.0,4485.0,1710.0,1408.0,0.0,2857.0,2857.0,982.0,426.0,1181.0,529.0
1.0,2775.0,1355.0,1413.0,1095.0,3137.0,3137.0,986.0,427.0,1038.0,317.0
1.0,2515.0,1056.0,1407.0,2857.0,1312.0,1312.0,985.0,422.0,847.0,209.0
1.0,4316.0,1114.0,1394.0,3137.0,0.0,0.0,978.0,416.0,798.0,316.0
1.0,6339.0,1474.0,1389.0,1312.0,0.0,0.0,974.0,415.0,942.0,532.0
1.0,6177.0,1789.0,1398.0,0.0,1204.0,1204.0,977.0,421.0,1142.0,647.0
1.0,4388.0,1756.0,1411.0,0.0,3012.0,3012.0,984.0,427.0,1213.0,543.0
1.0,2632.0,1390.0,1417.0,1204.0,3222.0,3222.0,989.0,428.0,1066.0,324.0
1.0,2446.0,1066.0,1409.0,3012.0,1244.0,1244.0,987.0,422.0,854.0,212.0
1.0,4392.0,1100.0,1397.0,3222.0,0.0,0.0,981.0,416.0,784.0,316.0
1.0,6514.0,1443.0,1393.0,1244.0,0.0,0.0,977.0,416.0,913.0,530.0
1.0,6315.0,1772.0,1401.0,0.0,1061.0,1061.0,979.0,422.0,1127.0,645.0
1.0,4543.0,1745.0,1416.0,0.0,2866.0,2866.0,987.0,429.0,1203.0,542.0
1.0,2798.0,1391.0,1421.0,1061.0,3216.0,3216.0,992.0,429.0,1068.0,323.0
1.0,2468.0,1051.0,1413.0,2866.0,1369.0,1369.0,990.0,423.0,847.0,204.0
1.0,4283.0,1085.0,1400.0,3216.0,0.0,0.0,983.0,417.0,777.0,308.0
1.0,6414.0,1472.0,1396.0,1369.0,0.0,0.0,979.0,417.0,939.0,533.0
1.0,6311.0,1824.0,1405.0,0.0,1133.0,1133.0,982.0,423.0,1173.0,651.0
1.0,4487.0,1794.0,1420.0,0.0,2987.0,2987.0,990.0,430.0,1248.0,546.0
1.0,2693.0,1421.0,1426.0,1133.0,3299.0,3299.0,996.0,430.0,1092.0,329.0
1.0,2405.0,1068.0,1418.0,2987.0,1348.0,1348.0,994.0,424.0,857.0,211.0
1.0,4324.0,1082.0,1406.0,3299.0,0.0,0.0,988.0,418.0,771.0,311.0
1.0,6541.0,1455.0,1401.0,1348.0,0.0,0.0,983.0,418.0,922.0,533.0
1.0,6434.0,1800.0,1411.0,0.0,1010.0,1010.0,986.0,425.0,1148.0,652.0
1.0,4634.0,1777.0,1424.0,0.0,2839.0,2839.0,993.0,431.0,1231.0,546.0
1.0,2857.0,1397.0,1431.0,1010.0,3254.0,3254.0,999.0,432.0,1077.0,320.0
1.0,2470.0,1042.0,1424.0,2839.0,1429.0,1429.0,998.0,426.0,838.0,204.0
1.0,4267.0,1090.0,1411.0,3254.0,0.0,0.0,991.0,420.0,770.0,320.0
1.0,6431.0,1473.0,1406.0,1429.0,0.0,0.0,986.0,420.0,925.0,548.0
1.0,6387.0,1819.0,1415.0,0.0,1092.0,1092.0,989.0,426.0,1157.0,662.0
1.0,4568.0,1784.0,1429.0,0.0,2932.0,2932.0,996.0,433.0,1236.0,548.0
1.0,2784.0,1407.0,1434.0,1092.0,3267.0,3267.0,1001.0,433.0,1085.0,322.0
1.0,2469.0,1076.0,1427.0,2932.0,1383.0,1383.0,1000.0,427.0,870.0,206.0
1.0,4325.0,1118.0,1415.0,3267.0,0.0,0.0,994.0,421.0,804.0,314.0
1.0,6474.0,1492.0,1410.0,1383.0,0.0,0.0,989.0,421.0,953.0,539.0
1.0,6365.0,1816.0,1418.0,0.0,1123.0,1123.0,991.0,427.0,1164.0,652.0
1.0,4549.0,1766.0,1432.0,0.0,2945.0,2945.0,999.0,433.0,1224.0,542.0
1.0,2783.0,1385.0,1439.0,1123.0,3235.0,3235.0,1005.0,434.0,1063.0,322.0
1.0,2521.0,1042.0,1432.0,2945.0,1304.0,1304.0,1004.0,428.0,835.0,207.0
1.0,4424.0,1090.0,1419.0,3235.0,0.0,0.0,997.0,422.0,774.0,316.0
1.0,6569.0,1484.0,1414.0,1304.0,0.0,0.0,992.0,422.0,946.0,538.0
1.0,6389.0,1823.0,1422.0,0.0,1122.0,1122.0,994.0,428.0,1170.0,653.0
1.0,4566.0,1798.0,1437.0,0.0,2980.0,2980.0,1002.0,435.0,1245.0,553.0
1.0,2768.0,1430.0,1443.0,1122.0,3312.0,3312.0,1008.0,435.0,1093.0,337.0
1.0,2460.0,1092.0,1436.0,2980.0,1396.0,1396.0,1007.0,429.0,868.0,224.0
1.0,4348.0,1123.0,1423.0,3312.0,0.0,0.0,1000.0,423.0,797.0,326.0
1.0,6537.0,1499.0,1418.0,1396.0,0.0,0.0,995.0,423.0,953.0,546.0
1.0,6434.0,1833.0,1428.0,0.0,1111.0,1111.0,998.0,430.0,1175.0,658.0
1.0,4601.0,1783.0,1441.0,0.0,2946.0,2946.0,1005.0,436.0,1234.0,549.0
1.0,2818.0,1396.0,1447.0,1111.0,3255.0,3255.0,1011.0,436.0,1071.0,325.0
1.0,2533.0,1055.0,1439.0,2946.0,1332.0,1332.0,1009.0,430.0,849.0,206.0
1.0,4424.0,1088.0,1427.0,3255.0,0.0,0.0,1003.0,424.0,780.0,308.0
1.0,6591.0,1480.0,1422.0,1332.0,0.0,0.0,998.0,424.0,942.0,538.0
1.0,6443.0,1841.0,1432.0,0.0,1126.0,1126.0,1001.0,431.0,1180.0,661.0
1.0,4602.0,1798.0,1445.0,0.0,2976.0,2976.0,1008.0,437.0,1247.0,551.0
1.0,2804.0,1410.0,1452.0,1126.0,3288.0,3288.0,1014.0,438.0,1089.0,321.0
1.0,2520.0,1065.0,1443.0,2976.0,1341.0,1341.0,1012.0,431.0,859.0,206.0
1.0,4431.0,1117.0,1431.0,3288.0,0.0,0.0,1006.0,425.0,791.0,326.0
1.0,6602.0,1518.0,1427.0,1341.0,0.0,0.0,1001.0,426.0,956.0,562.0
1.0,6425.0,1867.0,1435.0,0.0,1182.0,1182.0,1003.0,432.0,1191.0,676.0
1.0,4558.0,1817.0,1450.0,0.0,3059.0,3059.0,1011.0,439.0,1262.0,555.0
1.0,2741.0,1407.0,1456.0,1182.0,3308.0,3308.0,1017.0,439.0,1085.0,322.0
1.0,2516.0,1043.0,1448.0,3059.0,1260.0,1260.0,1015.0,433.0,842.0,201.0
1.0,4532.0,1087.0,1435.0,3308.0,0.0,0.0,1009.0,426.0,774.0,313.0
1.0,6753.0,1486.0,1430.0,1260.0,0.0,0.0,1004.0,426.0,939.0,547.0
1.0,6527.0,1840.0,1439.0,0.0,1069.0,1069.0,1006.0,433.0,1173.0,667.0
1.0,4687.0,1802.0,1453.0,0.0,2927.0,2927.0,1013.0,440.0,1250.0,552.0
1.0,2885.0,1414.0,1459.0,1069.0,3296.0,3296.0,1019.0,440.0,1092.0,322.0
1.0,2540.0,1071.0,1452.0,2927.0,1412.0,1412.0,1018.0,434.0,858.0,213.0
1.0,4396.0,1117.0,1438.0,3296.0,0.0,0.0,1010.0,428.0,787.0,330.0
1.0,6575.0,1516.0,1433.0,1412.0,0.0,0.0,1005.0,428.0,957.0,559.0
1.0,6471.0,1880.0,1441.0,0.0,1173.0,1173.0,1007.0,434.0,1209.0,671.0
1.0,4591.0,1842.0,1456.0,0.0,3075.0,3075.0,1015.0,441.0,1284.0,558.0
1.0,2749.0,1449.0,1463.0,1173.0,3379.0,3379.0,1022.0,441.0,1120.0,329.0
1.0,2473.0,1076.0,1456.0,3075.0,1352.0,1352.0,1021.0,435.0,867.0,209.0
1.0,4472.0,1093.0,1443.0,3379.0,0.0,0.0,1014.0,429.0,774.0,319.0
1.0,6758.0,1473.0,1437.0,1352.0,0.0,0.0,1008.0,429.0,926.0,547.0
1.0,6637.0,1838.0,1446.0,0.0,985.0,985.0,1010.0,436.0,1171.0,667.0
1.0,4799.0,1824.0,1460.0,0.0,2865.0,2865.0,1018.0,442.0,1265.0,559.0
1.0,2975.0,1453.0,1468.0,985.0,3365.0,3365.0,1025.0,443.0,1122.0,331.0
1.0,2507.0,1098.0,1460.0,2865.0,1566.0,1566.0,1024.0,436.0,885.0,213.0
1.0,4274.0,1127.0,1447.0,3365.0,0.0,0.0,1017.0,430.0,806.0,321.0
1.0,6512.0,1513.0,1442.0,1566.0,0.0,0.0,1012.0,430.0,964.0,549.0
1.0,6565.0,1871.0,1450.0,0.0,1106.0,1106.0,1014.0,436.0,1193.0,678.0
1.0,4694.0,1834.0,1465.0,0.0,3000.0,3000.0,1022.0,443.0,1264.0,570.0
1.0,2860.0,1436.0,1471.0,1106.0,3354.0,3354.0,1027.0,444.0,1101.0,335.0
1.0,2530.0,1078.0,1463.0,3000.0,1400.0,1400.0,1026.0,437.0,871.0,207.0
1.0,4452.0,1112.0,1450.0,3354.0,0.0,0.0,1019.0,431.0,802.0,310.0
1.0,6694.0,1510.0,1445.0,1400.0,0.0,0.0,1014.0,431.0,966.0,544.0
1.0,6584.0,1859.0,1454.0,0.0,1091.0,1091.0,1016.0,438.0,1189.0,670.0
1.0,4725.0,1821.0,1468.0,0.0,2968.0,2968.0,1024.0,444.0,1257.0,564.0
1.0,2904.0,1437.0,1476.0,1091.0,3346.0,3346.0,1031.0,445.0,1103.0,334.0
1.0,2558.0,1074.0,1468.0,2968.0,1420.0,1420.0,1029.0,439.0,862.0,212.0
1.0,4452.0,1100.0,1454.0,3346.0,0.0,0.0,1022.0,432.0,779.0,321.0
1.0,6698.0,1500.0,1448.0,1420.0,0.0,0.0,1016.0,432.0,943.0,557.0
1.0,6618.0,1886.0,1457.0,0.0,1096.0,1096.0,1018.0,439.0,1201.0,685.0
1.0,4732.0,1870.0,1472.0,0.0,3026.0,3026.0,1026.0,446.0,1294.0,576.0
1.0,2862.0,1481.0,1479.0,1096.0,3439.0,3439.0,1033.0,446.0,1141.0,340.0
1.0,2477.0,1109.0,1471.0,3026.0,1490.0,1490.0,1031.0,440.0,894.0,215.0
1.0,4394.0,1108.0,1457.0,3439.0,0.0,0.0,1024.0,433.0,785.0,323.0
1.0,6725.0,1491.0,1451.0,1490.0,0.0,0.0,1018.0,433.0,938.0,553.0
1.0,6724.0,1849.0,1460.0,0.0,965.0,965.0,1020.0,440.0,1180.0,669.0
1.0,4875.0,1838.0,1476.0,0.0,2867.0,2867.0,1029.0,447.0,1284.0,554.0
1.0,3037.0,1446.0,1482.0,965.0,3372.0,3372.0,1035.0,447.0,1122.0,324.0
1.0,2556.0,1062.0,1474.0,2867.0,1535.0,1535.0,1034.0,440.0,857.0,205.0
1.0,4361.0,1090.0,1460.0,3372.0,0.0,0.0,1026.0,434.0,766.0,324.0
1.0,6643.0,1516.0,1454.0,1535.0,0.0,0.0,1020.0,434.0,953.0,563.0
1.0,6662.0,1913.0,1464.0,0.0,1107.0,1107.0,1023.0,441.0,1227.0,686.0
1.0,4749.0,1894.0,1480.0,0.0,3065.0,3065.0,1032.0,448.0,1323.0,571.0
1.0,2855.0,1496.0,1487.0,1107.0,3482.0,3482.0,1039.0,448.0,1158.0,338.0
1.0,2466.0,1111.0,1479.0,3065.0,1496.0,1496.0,1037.0,442.0,890.0,221.0
1.0,4420.0,1107.0,1464.0,3482.0,0.0,0.0,1029.0,435.0,774.0,333.0
1.0,6795.0,1491.0,1458.0,1496.0,0.0,0.0,1023.0,435.0,927.0,564.0
1.0,6800.0,1877.0,1467.0,0.0,945.0,945.0,1025.0,442.0,1198.0,679.0
1.0,4923.0,1878.0,1483.0,0.0,2887.0,2887.0,1034.0,449.0,1310.0,568.0
1.0,3045.0,1496.0,1491.0,945.0,3470.0,3470.0,1041.0,450.0,1156.0,340.0
1.0,2494.0,1104.0,1485.0,2887.0,1663.0,1663.0,1041.0,444.0,889.0,215.0
1.0,4277.0,1101.0,1470.0,3470.0,0.0,0.0,1033.0,437.0,782.0,319.0
1.0,6646.0,1494.0,1464.0,1663.0,0.0,0.0,1027.0,437.0,942.0,552.0
1.0,6815.0,1886.0,1473.0,0.0,963.0,963.0,1029.0,444.0,1208.0,678.0
1.0,4929.0,1878.0,1489.0,0.0,2905.0,2905.0,1038.0,451.0,1308.0,570.0
1.0,3051.0,1490.0,1496.0,963.0,3460.0,3460.0,1045.0,451.0,1146.0,344.0
1.0,2524.0,1126.0,1488.0,2905.0,1649.0,1649.0,1044.0,444.0,902.0,224.0
1.0,4303.0,1133.0,1474.0,3460.0,0.0,0.0,1036.0,438.0,798.0,335.0
1.0,6630.0,1528.0,1468.0,1649.0,0.0,0.0,1030.0,438.0,964.0,564.0
1.0,6751.0,1914.0,1477.0,0.0,1071.0,1071.0,1032.0,445.0,1233.0,681.0
1.0,4837.0,1895.0,1493.0,0.0,3030.0,3030.0,1041.0,452.0,1327.0,568.0
1.0,2942.0,1488.0,1500.0,1071.0,3475.0,3475.0,1048.0,452.0,1149.0,339.0
1.0,2525.0,1106.0,1493.0,3030.0,1523.0,1523.0,1047.0,446.0,884.0,222.0
1.0,4449.0,1102.0,1478.0,3475.0,0.0,0.0,1039.0,439.0,771.0,331.0
1.0,6822.0,1486.0,1472.0,1523.0,0.0,0.0,1033.0,439.0,932.0,554.0
1.0,6859.0,1879.0,1481.0,0.0,944.0,944.0,1035.0,446.0,1204.0,675.0
1.0,4980.0,1890.0,1496.0,0.0,2894.0,2894.0,1043.0,453.0,1320.0,570.0
1.0,3090.0,1524.0,1503.0,944.0,3502.0,3502.0,1050.0,453.0,1172.0,352.0
1.0,2510.0,1153.0,1496.0,2894.0,1733.0,1733.0,1049.0,447.0,916.0,237.0
1.0,4251.0,1143.0,1483.0,3502.0,0.0,0.0,1042.0,441.0,809.0,334.0
1.0,6610.0,1520.0,1476.0,1733.0,0.0,0.0,1036.0,440.0,970.0,550.0
1.0,6823.0,1897.0,1485.0,0.0,1014.0,1014.0,1038.0,447.0,1225.0,672.0
1.0,4926.0,1899.0,1501.0,0.0,2977.0,2977.0,1047.0,454.0,1316.0,583.0
1.0,3027.0,1511.0,1509.0,1014.0,3506.0,3506.0,1054.0,455.0,1146.0,365.0
1.0,2530.0,1125.0,1501.0,2977.0,1622.0,1622.0,1052.0,449.0,892.0,233.0
1.0,4382.0,1121.0,1487.0,3506.0,0.0,0.0,1045.0,442.0,797.0,324.0
1.0,6767.0,1499.0,1481.0,1622.0,0.0,0.0,1039.0,442.0,961.0,538.0
1.0,6890.0,1878.0,1489.0,0.0,944.0,944.0,1041.0,448.0,1213.0,665.0
1.0,5012.0,1889.0,1505.0,0.0,2897.0,2897.0,1050.0,455.0,1314.0,575.0
1.0,3123.0,1508.0,1513.0,944.0,3493.0,3493.0,1057.0,456.0,1148.0,360.0
1.0,2559.0,1141.0,1506.0,2897.0,1709.0,1709.0,1056.0,450.0,894.0,247.0
1.0,4315.0,1153.0,1492.0,3493.0,0.0,0.0,1048.0,444.0,810.0,343.0
1.0,6655.0,1542.0,1486.0,1709.0,0.0,0.0,1043.0,443.0,987.0,555.0
1.0,6822.0,1924.0,1495.0,0.0,1082.0,1082.0,1045.0,450.0,1254.0,670.0
1.0,4898.0,1913.0,1509.0,0.0,3051.0,3051.0,1053.0,456.0,1341.0,572.0
1.0,2985.0,1512.0,1517.0,1082.0,3513.0,3513.0,1060.0,457.0,1156.0,356.0
1.0,2555.0,1119.0,1510.0,3051.0,1553.0,1553.0,1059.0,451.0,877.0,242.0
1.0,4487.0,1118.0,1497.0,3513.0,0.0,0.0,1052.0,445.0,780.0,338.0
1.0,6882.0,1514.0,1490.0,1553.0,0.0,0.0,1045.0,445.0,965.0,549.0
1.0,6921.0,1910.0,1499.0,0.0,985.0,985.0,1048.0,451.0,1248.0,662.0
1.0,5011.0,1915.0,1515.0,0.0,2964.0,2964.0,1057.0,458.0,1350.0,565.0
1.0,3096.0,1507.0,1524.0,985.0,3522.0,3522.0,1065.0,459.0,1154.0,353.0
1.0,2574.0,1115.0,1515.0,2964.0,1637.0,1637.0,1063.0,452.0,869.0,246.0
1.0,4423.0,1139.0,1501.0,3522.0,0.0,0.0,1055.0,446.0,787.0,352.0
1.0,6806.0,1568.0,1494.0,1637.0,0.0,0.0,1048.0,446.0,996.0,572.0
1.0,6875.0,1972.0,1504.0,0.0,1113.0,1113.0,1051.0,453.0,1293.0,679.0
1.0,4903.0,1956.0,1520.0,0.0,3133.0,3133.0,1061.0,459.0,1385.0,571.0
1.0,2947.0,1528.0,1528.0,1113.0,3580.0,3580.0,1068.0,460.0,1173.0,355.0
1.0,2532.0,1108.0,1521.0,3133.0,1527.0,1527.0,1067.0,454.0,858.0,250.0
1.0,4557.0,1118.0,1506.0,3580.0,0.0,0.0,1058.0,448.0,757.0,361.0
1.0,7019.0,1537.0,1500.0,1527.0,0.0,0.0,1052.0,448.0,965.0,572.0
1.0,7009.0,1929.0,1508.0,0.0,952.0,952.0,1054.0,454.0,1263.0,666.0
1.0,5080.0,1908.0,1523.0,0.0,2920.0,2920.0,1063.0,460.0,1362.0,546.0
1.0,3172.0,1495.0,1531.0,952.0,3495.0,3495.0,1070.0,461.0,1160.0,335.0
1.0,2629.0,1119.0,1524.0,2920.0,1666.0,1666.0,1069.0,455.0,866.0,253.0
1.0,4430.0,1153.0,1510.0,3495.0,0.0,0.0,1061.0,449.0,781.0,372.0
1.0,6772.0,1573.0,1504.0,1666.0,0.0,0.0,1055.0,449.0,995.0,578.0
1.0,6865.0,1957.0,1512.0,0.0,1140.0,1140.0,1057.0,455.0,1291.0,666.0
1.0,4908.0,1924.0,1528.0,0.0,3128.0,3128.0,1066.0,462.0,1378.0,546.0
1.0,2984.0,1515.0,1536.0,1140.0,3535.0,3535.0,1074.0,462.0,1168.0,347.0
1.0,2609.0,1124.0,1528.0,3128.0,1499.0,1499.0,1072.0,456.0,859.0,265.0
1.0,4613.0,1151.0,1513.0,3535.0,0.0,0.0,1063.0,450.0,769.0,382.0
1.0,6997.0,1559.0,1506.0,1499.0,0.0,0.0,1056.0,450.0,979.0,580.0
1.0,6937.0,1941.0,1515.0,0.0,1064.0,1064.0,1058.0,457.0,1277.0,664.0
1.0,4996.0,1911.0,1531.0,0.0,3039.0,3039.0,1068.0,463.0,1369.0,542.0
1.0,3085.0,1493.0,1538.0,1064.0,3496.0,3496.0,1075.0,463.0,1157.0,336.0
1.0,2656.0,1097.0,1531.0,3039.0,1526.0,1526.0,1074.0,457.0,848.0,249.0
1.0,4598.0,1132.0,1516.0,3496.0,0.0,0.0,1065.0,451.0,762.0,370.0
1.0,6962.0,1556.0,1509.0,1526.0,0.0,0.0,1058.0,451.0,974.0,582.0
1.0,6932.0,1955.0,1518.0,0.0,1095.0,1095.0,1060.0,458.0,1279.0,676.0
1.0,4977.0,1950.0,1534.0,0.0,3109.0,3109.0,1070.0,464.0,1392.0,558.0
1.0,3027.0,1537.0,1541.0,1095.0,3579.0,3579.0,1077.0,464.0,1195.0,342.0
1.0,2585.0,1131.0,1533.0,3109.0,1569.0,1569.0,1075.0,458.0,883.0,248.0
1.0,4563.0,1155.0,1519.0,3579.0,0.0,0.0,1067.0,452.0,788.0,367.0
1.0,6987.0,1578.0,1513.0,1569.0,0.0,0.0,1061.0,452.0,995.0,583.0
1.0,6978.0,1968.0,1522.0,0.0,1078.0,1078.0,1064.0,458.0,1288.0,680.0
1.0,5010.0,1928.0,1538.0,0.0,3070.0,3070.0,1073.0,465.0,1372.0,556.0
1.0,3082.0,1498.0,1545.0,1078.0,3518.0,3518.0,1080.0,465.0,1159.0,339.0
1.0,2662.0,1103.0,1537.0,3070.0,1519.0,1519.0,1078.0,459.0,857.0,246.0
1.0,4629.0,1130.0,1523.0,3518.0,0.0,0.0,1069.0,454.0,762.0,368.0
1.0,7017.0,1569.0,1517.0,1519.0,0.0,0.0,1063.0,454.0,977.0,592.0
1.0,6967.0,1982.0,1525.0,0.0,1115.0,1115.0,1065.0,460.0,1295.0,687.0
1.0,4985.0,1969.0,1541.0,0.0,3148.0,3148.0,1075.0,466.0,1407.0,562.0
1.0,3016.0,1543.0,1549.0,1115.0,3608.0,3608.0,1083.0,466.0,1201.0,342.0
1.0,2588.0,1140.0,1541.0,3148.0,1568.0,1568.0,1081.0,460.0,889.0,251.0
1.0,4596.0,1161.0,1527.0,3608.0,0.0,0.0,1072.0,455.0,783.0,378.0
1.0,7043.0,1582.0,1520.0,1568.0,0.0,0.0,1065.0,455.0,985.0,597.0
1.0,7029.0,1971.0,1529.0,0.0,1058.0,1058.0,1067.0,462.0,1287.0,684.0
1.0,5058.0,1937.0,1545.0,0.0,3059.0,3059.0,1077.0,468.0,1378.0,559.0
1.0,3121.0,1520.0,1553.0,1058.0,3553.0,3553.0,1085.0,468.0,1180.0,340.0
1.0,2659.0,1142.0,1546.0,3059.0,1608.0,1608.0,1084.0,462.0,898.0,244.0
1.0,4576.0,1163.0,1531.0,3553.0,0.0,0.0,1075.0,456.0,800.0,363.0
1.0,6966.0,1572.0,1524.0,1608.0,0.0,0.0,1068.0,456.0,991.0,581.0
1.0,7002.0,1958.0,1533.0,0.0,1088.0,1088.0,1070.0,463.0,1272.0,686.0
1.0,5044.0,1937.0,1549.0,0.0,3089.0,3089.0,1080.0,469.0,1370.0,567.0
1.0,3107.0,1530.0,1557.0,1088.0,3563.0,3563.0,1088.0,469.0,1185.0,345.0
1.0,2665.0,1165.0,1549.0,3089.0,1607.0,1607.0,1086.0,463.0,919.0,246.0
1.0,4589.0,1205.0,1534.0,3563.0,0.0,0.0,1077.0,457.0,826.0,379.0
1.0,6947.0,1613.0,1528.0,1607.0,0.0,0.0,1070.0,458.0,1006.0,607.0
1.0,6941.0,1998.0,1536.0,0.0,1201.0,1201.0,1072.0,464.0,1290.0,708.0
1.0,4943.0,1960.0,1552.0,0.0,3225.0,3225.0,1082.0,470.0,1389.0,571.0
1.0,2983.0,1535.0,1561.0,1201.0,3595.0,3595.0,1091.0,470.0,1200.0,335.0
1.0,2649.0,1121.0,1552.0,3225.0,1455.0,1455.0,1089.0,463.0,896.0,225.0
1.0,4753.0,1139.0,1537.0,3595.0,0.0,0.0,1080.0,457.0,787.0,352.0
1.0,7209.0,1563.0,1531.0,1455.0,0.0,0.0,1073.0,458.0,974.0,589.0
1.0,7101.0,1972.0,1540.0,0.0,1031.0,1031.0,1075.0,465.0,1273.0,699.0
1.0,5129.0,1967.0,1556.0,0.0,3062.0,3062.0,1085.0,471.0,1389.0,578.0
1.0,3162.0,1558.0,1564.0,1031.0,3621.0,3621.0,1093.0,471.0,1213.0,345.0
1.0,2635.0,1152.0,1556.0,3062.0,1679.0,1679.0,1092.0,464.0,922.0,230.0
1.0,4545.0,1175.0,1541.0,3621.0,0.0,0.0,1083.0,458.0,820.0,355.0
1.0,6991.0,1599.0,1535.0,1679.0,0.0,0.0,1076.0,459.0,999.0,600.0
1.0,7071.0,2012.0,1544.0,0.0,1117.0,1117.0,1078.0,466.0,1290.0,722.0
1.0,5059.0,1993.0,1561.0,0.0,3178.0,3178.0,1088.0,473.0,1397.0,596.0
1.0,3066.0,1563.0,1569.0,1117.0,3656.0,3656.0,1097.0,472.0,1212.0,351.0
1.0,2620.0,1140.0,1561.0,3178.0,1586.0,1586.0,1096.0,465.0,913.0,227.0
1.0,4658.0,1141.0,1545.0,3656.0,0.0,0.0,1086.0,459.0,794.0,347.0
1.0,7173.0,1555.0,1539.0,1586.0,0.0,0.0,1079.0,460.0,971.0,584.0
1.0,7204.0,1974.0,1548.0,0.0,962.0,962.0,1081.0,467.0,1265.0,709.0
1.0,5230.0,1980.0,1565.0,0.0,3010.0,3010.0,1091.0,474.0,1389.0,591.0
1.0,3250.0,1583.0,1573.0,962.0,3663.0,3663.0,1100.0,473.0,1232.0,351.0
1.0,2629.0,1179.0,1567.0,3010.0,1808.0,1808.0,1100.0,467.0,950.0,229.0
1.0,4460.0,1175.0,1551.0,3663.0,0.0,0.0,1091.0,460.0,828.0,347.0
1.0,6948.0,1583.0,1544.0,1808.0,0.0,0.0,1083.0,461.0,990.0,593.0
1.0,7173.0,1978.0,1553.0,0.0,1017.0,1017.0,1085.0,468.0,1263.0,715.0
1.0,5195.0,1972.0,1569.0,0.0,3053.0,3053.0,1094.0,475.0,1376.0,596.0
1.0,3223.0,1574.0,1577.0,1017.0,3642.0,3642.0,1102.0,475.0,1216.0,358.0
1.0,2666.0,1184.0,1569.0,3053.0,1741.0,1741.0,1101.0,468.0,948.0,236.0
1.0,4535.0,1202.0,1555.0,3642.0,0.0,0.0,1093.0,462.0,846.0,356.0
1.0,6975.0,1593.0,1548.0,1741.0,0.0,0.0,1086.0,462.0,1001.0,592.0
1.0,7123.0,1978.0,1558.0,0.0,1087.0,1087.0,1088.0,470.0,1268.0,710.0
1.0,5145.0,1956.0,1574.0,0.0,3107.0,3107.0,1098.0,476.0,1366.0,590.0
1.0,3189.0,1545.0,1582.0,1087.0,3597.0,3597.0,1106.0,476.0,1189.0,356.0
1.0,2731.0,1150.0,1574.0,3107.0,1608.0,1608.0,1105.0,469.0,913.0,237.0
1.0,4688.0,1181.0,1559.0,3597.0,0.0,0.0,1096.0,463.0,825.0,356.0
1.0,7104.0,1606.0,1551.0,1608.0,0.0,0.0,1088.0,463.0,1012.0,594.0
1.0,7106.0,2018.0,1561.0,0.0,1156.0,1156.0,1090.0,471.0,1304.0,714.0
1.0,5088.0,2010.0,1577.0,0.0,3230.0,3230.0,1100.0,477.0,1412.0,598.0
1.0,3078.0,1609.0,1586.0,1156.0,3719.0,3719.0,1109.0,477.0,1243.0,366.0
1.0,2625.0,1211.0,1579.0,3230.0,1672.0,1672.0,1109.0,470.0,966.0,245.0
1.0,4644.0,1200.0,1564.0,3719.0,0.0,0.0,1100.0,464.0,845.0,355.0
1.0,7163.0,1584.0,1557.0,1672.0,0.0,0.0,1093.0,464.0,997.0,587.0
1.0,7251.0,1966.0,1565.0,0.0,975.0,975.0,1094.0,471.0,1262.0,704.0
1.0,5285.0,1946.0,1581.0,0.0,2985.0,2985.0,1103.0,478.0,1360.0,586.0
1.0,3339.0,1558.0,1589.0,975.0,3600.0,3600.0,1111.0,478.0,1201.0,357.0
1.0,2756.0,1178.0,1581.0,2985.0,1761.0,1761.0,1110.0,471.0,934.0,244.0
1.0,4563.0,1222.0,1567.0,3600.0,0.0,0.0,1102.0,465.0,859.0,363.0
1.0,6941.0,1628.0,1561.0,1761.0,0.0,0.0,1095.0,466.0,1034.0,594.0
1.0,7074.0,2008.0,1570.0,0.0,1214.0,1214.0,1097.0,473.0,1294.0,714.0
1.0,5066.0,1979.0,1586.0,0.0,3257.0,3257.0,1106.0,480.0,1379.0,600.0
1.0,3087.0,1572.0,1593.0,1214.0,3643.0,3643.0,1114.0,479.0,1204.0,368.0
1.0,2729.0,1180.0,1585.0,3257.0,1534.0,1534.0,1112.0,473.0,933.0,247.0
1.0,4806.0,1217.0,1570.0,3643.0,0.0,0.0,1104.0,466.0,853.0,364.0
1.0,7232.0,1628.0,1563.0,1534.0,0.0,0.0,1097.0,466.0,1031.0,597.0
1.0,7138.0,2005.0,1573.0,0.0,1159.0,1159.0,1099.0,474.0,1294.0,711.0
1.0,5133.0,1968.0,1589.0,0.0,3191.0,3191.0,1108.0,481.0,1376.0,592.0
1.0,3165.0,1563.0,1597.0,1159.0,3627.0,3627.0,1116.0,481.0,1205.0,358.0
1.0,2761.0,1184.0,1589.0,3191.0,1588.0,1588.0,1115.0,474.0,945.0,239.0
1.0,4768.0,1205.0,1574.0,3627.0,0.0,0.0,1107.0,467.0,853.0,352.0
1.0,7190.0,1617.0,1568.0,1588.0,0.0,0.0,1100.0,468.0,1025.0,592.0
1.0,7161.0,2011.0,1577.0,0.0,1158.0,1158.0,1102.0,475.0,1293.0,718.0
1.0,5150.0,1985.0,1593.0,0.0,3207.0,3207.0,1111.0,482.0,1378.0,607.0
1.0,3165.0,1572.0,1600.0,1158.0,3649.0,3649.0,1118.0,482.0,1200.0,372.0
1.0,2751.0,1202.0,1593.0,3207.0,1616.0,1616.0,1117.0,476.0,952.0,250.0
1.0,4756.0,1244.0,1578.0,3649.0,0.0,0.0,1109.0,469.0,880.0,364.0
1.0,7161.0,1662.0,1572.0,1616.0,0.0,0.0,1103.0,469.0,1063.0,599.0
1.0,7115.0,2037.0,1581.0,0.0,1246.0,1246.0,1105.0,476.0,1316.0,721.0
1.0,5078.0,1992.0,1597.0,0.0,3302.0,3302.0,1114.0,483.0,1387.0,605.0
1.0,3086.0,1554.0,1605.0,1246.0,3642.0,3642.0,1121.0,484.0,1186.0,368.0
1.0,2778.0,1150.0,1597.0,3302.0,1458.0,1458.0,1120.0,477.0,911.0,239.0
1.0,4930.0,1193.0,1582.0,3642.0,0.0,0.0,1112.0,470.0,842.0,351.0
1.0,7379.0,1642.0,1576.0,1458.0,0.0,0.0,1106.0,470.0,1053.0,589.0
1.0,7195.0,2047.0,1585.0,0.0,1192.0,1192.0,1108.0,477.0,1331.0,716.0
1.0,5148.0,2005.0,1600.0,0.0,3257.0,3257.0,1116.0,484.0,1397.0,608.0
1.0,3143.0,1575.0,1608.0,1192.0,3672.0,3672.0,1123.0,485.0,1201.0,374.0
1.0,2760.0,1177.0,1600.0,3257.0,1560.0,1560.0,1122.0,478.0,931.0,246.0
1.0,4840.0,1225.0,1586.0,3672.0,0.0,0.0,1115.0,471.0,867.0,358.0
1.0,7287.0,1685.0,1581.0,1560.0,0.0,0.0,1109.0,472.0,1081.0,604.0
1.0,7162.0,2095.0,1591.0,0.0,1297.0,1297.0,1112.0,479.0,1359.0,736.0
1.0,5067.0,2032.0,1607.0,0.0,3393.0,3393.0,1121.0,486.0,1415.0,617.0
1.0,3035.0,1544.0,1613.0,1297.0,3664.0,3664.0,1127.0,486.0,1176.0,368.0
1.0,2788.0,1135.0,1605.0,3393.0,1374.0,1374.0,1125.0,480.0,892.0,243.0
1.0,5046.0,1198.0,1590.0,3664.0,0.0,0.0,1117.0,473.0,838.0,360.0
1.0,7512.0,1680.0,1584.0,1374.0,0.0,0.0,1111.0,473.0,1079.0,601.0
1.0,7206.0,2091.0,1595.0,0.0,1265.0,1265.0,1115.0,480.0,1370.0,721.0
1.0,5115.0,2016.0,1611.0,0.0,3345.0,3345.0,1124.0,487.0,1416.0,600.0
1.0,3099.0,1533.0,1618.0,1265.0,3641.0,3641.0,1131.0,487.0,1166.0,367.0
1.0,2831.0,1129.0,1609.0,3345.0,1389.0,1389.0,1128.0,481.0,880.0,249.0
1.0,5047.0,1206.0,1593.0,3641.0,0.0,0.0,1119.0,474.0,839.0,367.0
1.0,7482.0,1696.0,1587.0,1389.0,0.0,0.0,1113.0,474.0,1093.0,603.0
1.0,7175.0,2115.0,1597.0,0.0,1328.0,1328.0,1116.0,481.0,1391.0,724.0
1.0,5060.0,2054.0,1613.0,0.0,3446.0,3446.0,1125.0,488.0,1450.0,604.0
1.0,3006.0,1563.0,1620.0,1328.0,3709.0,3709.0,1132.0,488.0,1191.0,372.0
1.0,2771.0,1131.0,1612.0,3446.0,1362.0,1362.0,1130.0,482.0,875.0,256.0
1.0,5086.0,1194.0,1597.0,3709.0,0.0,0.0,1121.0,476.0,822.0,372.0
1.0,7601.0,1672.0,1592.0,1362.0,0.0,0.0,1116.0,476.0,1072.0,600.0
1.0,7291.0,2094.0,1602.0,0.0,1211.0,1211.0,1119.0,483.0,1379.0,715.0
1.0,5197.0,2034.0,1619.0,0.0,3313.0,3313.0,1129.0,490.0,1432.0,602.0
1.0,3163.0,1564.0,1625.0,1211.0,3690.0,3690.0,1135.0,490.0,1192.0,372.0
1.0,2810.0,1153.0,1615.0,3313.0,1490.0,1490.0,1132.0,483.0,893.0,260.0
1.0,4970.0,1216.0,1600.0,3690.0,0.0,0.0,1123.0,477.0,831.0,385.0
1.0,7444.0,1698.0,1595.0,1490.0,0.0,0.0,1118.0,477.0,1085.0,613.0
1.0,7236.0,2123.0,1606.0,0.0,1311.0,1311.0,1122.0,484.0,1404.0,719.0
1.0,5113.0,2071.0,1623.0,0.0,3450.0,3450.0,1132.0,491.0,1476.0,595.0
1.0,3042.0,1593.0,1630.0,1311.0,3760.0,3760.0,1139.0,491.0,1226.0,367.0
1.0,2760.0,1167.0,1621.0,3450.0,1441.0,1441.0,1137.0,484.0,903.0,264.0
1.0,5043.0,1196.0,1605.0,3760.0,0.0,0.0,1127.0,478.0,807.0,389.0
1.0,7607.0,1639.0,1600.0,1441.0,0.0,0.0,1121.0,479.0,1027.0,612.0
1.0,7409.0,2066.0,1609.0,0.0,1093.0,1093.0,1124.0,485.0,1361.0,705.0
1.0,5343.0,2048.0,1626.0,0.0,3209.0,3209.0,1134.0,492.0,1473.0,575.0
1.0,3295.0,1607.0,1634.0,1093.0,3755.0,3755.0,1142.0,492.0,1252.0,355.0
1.0,2781.0,1192.0,1626.0,3209.0,1706.0,1706.0,1140.0,486.0,921.0,271.0
1.0,4798.0,1216.0,1610.0,3755.0,0.0,0.0,1130.0,480.0,811.0,405.0
1.0,7337.0,1670.0,1604.0,1706.0,0.0,0.0,1124.0,480.0,1046.0,624.0
1.0,7373.0,2103.0,1614.0,0.0,1186.0,1186.0,1128.0,486.0,1389.0,714.0
1.0,5270.0,2080.0,1631.0,0.0,3334.0,3334.0,1138.0,493.0,1491.0,589.0
1.0,3190.0,1629.0,1638.0,1186.0,3805.0,3805.0,1145.0,493.0,1256.0,373.0
1.0,2747.0,1206.0,1629.0,3334.0,1641.0,1641.0,1142.0,487.0,925.0,281.0
1.0,4875.0,1223.0,1614.0,3805.0,0.0,0.0,1133.0,481.0,824.0,399.0
1.0,7457.0,1665.0,1607.0,1641.0,0.0,0.0,1126.0,481.0,1050.0,615.0
1.0,7433.0,2090.0,1618.0,0.0,1129.0,1129.0,1130.0,488.0,1380.0,710.0
1.0,5343.0,2067.0,1635.0,0.0,3264.0,3264.0,1141.0,494.0,1482.0,585.0
1.0,3276.0,1615.0,1643.0,1129.0,3782.0,3782.0,1149.0,494.0,1252.0,363.0
1.0,2790.0,1168.0,1634.0,3264.0,1650.0,1650.0,1146.0,488.0,904.0,264.0
1.0,4886.0,1184.0,1618.0,3782.0,0.0,0.0,1136.0,482.0,797.0,387.0
1.0,7484.0,1640.0,1611.0,1650.0,0.0,0.0,1129.0,482.0,1030.0,610.0
1.0,7494.0,2104.0,1621.0,0.0,1094.0,1094.0,1132.0,489.0,1385.0,719.0
1.0,5390.0,2095.0,1638.0,0.0,3257.0,3257.0,1143.0,495.0,1496.0,599.0
1.0,3295.0,1651.0,1647.0,1094.0,3850.0,3850.0,1151.0,496.0,1276.0,375.0
1.0,2738.0,1227.0,1638.0,3257.0,1784.0,1784.0,1149.0,489.0,953.0,274.0
1.0,4768.0,1236.0,1622.0,3850.0,0.0,0.0,1139.0,483.0,839.0,397.0
1.0,7382.0,1668.0,1615.0,1784.0,0.0,0.0,1132.0,483.0,1045.0,623.0
1.0,7498.0,2091.0,1625.0,0.0,1093.0,1093.0,1135.0,490.0,1371.0,720.0
1.0,5407.0,2069.0,1643.0,0.0,3234.0,3234.0,1147.0,496.0,1478.0,591.0
1.0,3338.0,1606.0,1650.0,1093.0,3775.0,3775.0,1154.0,496.0,1241.0,365.0
1.0,2825.0,1168.0,1641.0,3234.0,1673.0,1673.0,1151.0,490.0,901.0,267.0
1.0,4891.0,1199.0,1624.0,3775.0,0.0,0.0,1140.0,484.0,806.0,393.0
1.0,7467.0,1675.0,1617.0,1673.0,0.0,0.0,1133.0,484.0,1053.0,622.0
1.0,7465.0,2126.0,1629.0,0.0,1177.0,1177.0,1138.0,491.0,1405.0,721.0
1.0,5339.0,2114.0,1648.0,0.0,3367.0,3367.0,1150.0,498.0,1519.0,595.0
1.0,3225.0,1642.0,1656.0,1177.0,3864.0,3864.0,1158.0,498.0,1271.0,371.0
1.0,2760.0,1198.0,1646.0,3367.0,1655.0,1655.0,1155.0,491.0,920.0,278.0
1.0,4929.0,1208.0,1629.0,3864.0,0.0,0.0,1144.0,485.0,808.0,400.0
1.0,7585.0,1669.0,1622.0,1655.0,0.0,0.0,1136.0,486.0,1048.0,621.0
1.0,7571.0,2127.0,1632.0,0.0,1084.0,1084.0,1140.0,492.0,1411.0,716.0
1.0,5444.0,2125.0,1652.0,0.0,3289.0,3289.0,1153.0,499.0,1532.0,593.0
1.0,3319.0,1650.0,1661.0,1084.0,3891.0,3891.0,1162.0,499.0,1280.0,370.0
1.0,2753.0,1184.0,1651.0,3289.0,1746.0,1746.0,1159.0,492.0,907.0,277.0
1.0,4858.0,1190.0,1633.0,3891.0,0.0,0.0,1147.0,486.0,785.0,405.0
1.0,7559.0,1651.0,1626.0,1746.0,0.0,0.0,1139.0,487.0,1033.0,618.0
1.0,7654.0,2119.0,1637.0,0.0,1013.0,1013.0,1144.0,493.0,1407.0,712.0
1.0,5535.0,2120.0,1656.0,0.0,3209.0,3209.0,1156.0,500.0,1525.0,595.0
1.0,3415.0,1661.0,1664.0,1013.0,3889.0,3889.0,1164.0,500.0,1276.0,385.0
1.0,2767.0,1206.0,1655.0,3209.0,1850.0,1850.0,1161.0,494.0,913.0,293.0
1.0,4770.0,1221.0,1638.0,3889.0,0.0,0.0,1150.0,488.0,810.0,411.0
1.0,7438.0,1693.0,1630.0,1850.0,0.0,0.0,1142.0,488.0,1070.0,623.0
1.0,7595.0,2156.0,1641.0,0.0,1125.0,1125.0,1146.0,495.0,1438.0,718.0
1.0,5439.0,2131.0,1659.0,0.0,3328.0,3328.0,1158.0,501.0,1538.0,593.0
1.0,3308.0,1648.0,1668.0,1125.0,3887.0,3887.0,1167.0,501.0,1275.0,373.0
1.0,2785.0,1187.0,1660.0,3328.0,1714.0,1714.0,1165.0,495.0,909.0,278.0
1.0,4926.0,1182.0,1643.0,3887.0,0.0,0.0,1154.0,489.0,782.0,400.0
1.0,7631.0,1651.0,1635.0,1714.0,0.0,0.0,1145.0,490.0,1029.0,622.0
1.0,7694.0,2127.0,1645.0,0.0,1013.0,1013.0,1148.0,497.0,1409.0,718.0
1.0,5567.0,2136.0,1663.0,0.0,3221.0,3221.0,1160.0,503.0,1542.0,594.0
1.0,3431.0,1674.0,1671.0,1013.0,3914.0,3914.0,1169.0,502.0,1300.0,374.0
1.0,2770.0,1216.0,1663.0,3221.0,1877.0,1877.0,1167.0,496.0,934.0,282.0
1.0,4775.0,1224.0,1646.0,3914.0,0.0,0.0,1156.0,490.0,810.0,414.0
1.0,7465.0,1694.0,1639.0,1877.0,0.0,0.0,1148.0,491.0,1056.0,638.0
1.0,7648.0,2160.0,1649.0,0.0,1108.0,1108.0,1151.0,498.0,1426.0,734.0
1.0,5488.0,2151.0,1667.0,0.0,3331.0,3331.0,1163.0,504.0,1545.0,606.0
1.0,3337.0,1667.0,1676.0,1108.0,3926.0,3926.0,1172.0,504.0,1286.0,381.0
1.0,2778.0,1188.0,1666.0,3331.0,1743.0,1743.0,1169.0,497.0,911.0,277.0
1.0,4921.0,1190.0,1649.0,3926.0,0.0,0.0,1158.0,491.0,797.0,393.0
1.0,7657.0,1671.0,1642.0,1743.0,0.0,0.0,1150.0,492.0,1055.0,616.0
1.0,7729.0,2143.0,1652.0,0.0,1022.0,1022.0,1153.0,499.0,1420.0,723.0
1.0,5586.0,2140.0,1670.0,0.0,3234.0,3234.0,1165.0,505.0,1538.0,602.0
1.0,3446.0,1676.0,1680.0,1022.0,3928.0,3928.0,1175.0,505.0,1292.0,384.0
1.0,2792.0,1203.0,1672.0,3234.0,1865.0,1865.0,1173.0,499.0,922.0,281.0
1.0,4823.0,1199.0,1653.0,3928.0,0.0,0.0,1161.0,492.0,800.0,399.0
1.0,7552.0,1672.0,1646.0,1865.0,0.0,0.0,1153.0,493.0,1053.0,619.0
1.0,7745.0,2162.0,1656.0,0.0,1041.0,1041.0,1156.0,500.0,1436.0,726.0
1.0,5583.0,2186.0,1674.0,0.0,3299.0,3299.0,1168.0,506.0,1567.0,619.0
1.0,3397.0,1710.0,1683.0,1041.0,4004.0,4004.0,1177.0,506.0,1308.0,402.0
1.0,2728.0,1210.0,1674.0,3299.0,1879.0,1879.0,1174.0,500.0,920.0,290.0
1.0,4817.0,1198.0,1657.0,4004.0,0.0,0.0,1163.0,494.0,799.0,399.0
1.0,7623.0,1674.0,1649.0,1879.0,0.0,0.0,1155.0,494.0,1056.0,618.0
1.0,7828.0,2153.0,1660.0,0.0,965.0,965.0,1159.0,501.0,1428.0,725.0
1.0,5675.0,2152.0,1679.0,0.0,3193.0,3193.0,1171.0,508.0,1541.0,611.0
1.0,3523.0,1669.0,1688.0,965.0,3933.0,3933.0,1180.0,508.0,1279.0,390.0
1.0,2819.0,1183.0,1678.0,3193.0,1883.0,1883.0,1177.0,501.0,897.0,286.0
1.0,4829.0,1201.0,1661.0,3933.0,0.0,0.0,1166.0,495.0,800.0,401.0
1.0,7561.0,1692.0,1653.0,1883.0,0.0,0.0,1157.0,496.0,1072.0,620.0
1.0,7752.0,2174.0,1662.0,0.0,1070.0,1070.0,1160.0,502.0,1449.0,725.0
1.0,5578.0,2176.0,1682.0,0.0,3326.0,3326.0,1173.0,509.0,1562.0,614.0
1.0,3402.0,1709.0,1691.0,1070.0,4001.0,4001.0,1182.0,509.0,1307.0,402.0
1.0,2763.0,1221.0,1683.0,3326.0,1864.0,1864.0,1180.0,503.0,927.0,294.0
1.0,4868.0,1209.0,1665.0,4001.0,0.0,0.0,1168.0,497.0,807.0,402.0
1.0,7660.0,1678.0,1656.0,1864.0,0.0,0.0,1159.0,497.0,1061.0,617.0
1.0,7846.0,2158.0,1666.0,0.0,976.0,976.0,1162.0,504.0,1434.0,724.0
1.0,5688.0,2168.0,1685.0,0.0,3220.0,3220.0,1175.0,510.0,1554.0,614.0
1.0,3520.0,1698.0,1695.0,976.0,3982.0,3982.0,1185.0,510.0,1302.0,396.0
1.0,2798.0,1210.0,1687.0,3220.0,1940.0,1940.0,1183.0,504.0,921.0,289.0
1.0,4808.0,1196.0,1669.0,3982.0,0.0,0.0,1171.0,498.0,800.0,396.0
1.0,7594.0,1689.0,1660.0,1940.0,0.0,0.0,1162.0,498.0,1075.0,614.0
1.0,7845.0,2195.0,1671.0,0.0,1034.0,1034.0,1166.0,505.0,1463.0,732.0
1.0,5650.0,2205.0,1690.0,0.0,3315.0,3315.0,1179.0,511.0,1575.0,630.0
1.0,3445.0,1716.0,1699.0,1034.0,4033.0,4033.0,1188.0,511.0,1307.0,409.0
1.0,2763.0,1217.0,1690.0,3315.0,1899.0,1899.0,1185.0,505.0,926.0,291.0
1.0,4861.0,1202.0,1672.0,4033.0,0.0,0.0,1173.0,499.0,812.0,390.0
1.0,7692.0,1691.0,1664.0,1899.0,0.0,0.0,1165.0,499.0,1084.0,607.0
1.0,7900.0,2188.0,1674.0,0.0,984.0,984.0,1168.0,506.0,1459.0,729.0
1.0,5712.0,2198.0,1693.0,0.0,3258.0,3258.0,1181.0,512.0,1570.0,628.0
1.0,3514.0,1707.0,1704.0,984.0,4025.0,4025.0,1191.0,513.0,1300.0,407.0
1.0,2791.0,1202.0,1695.0,3258.0,1933.0,1933.0,1189.0,506.0,916.0,286.0
1.0,4847.0,1175.0,1677.0,4025.0,0.0,0.0,1177.0,500.0,790.0,385.0
1.0,7697.0,1666.0,1667.0,1933.0,0.0,0.0,1167.0,500.0,1054.0,612.0
1.0,7964.0,2176.0,1677.0,0.0,920.0,920.0,1170.0,507.0,1440.0,736.0
1.0,5788.0,2214.0,1696.0,0.0,3210.0,3210.0,1182.0,514.0,1576.0,638.0
1.0,3574.0,1751.0,1707.0,920.0,4085.0,4085.0,1193.0,514.0,1336.0,415.0
1.0,2743.0,1257.0,1698.0,3210.0,2096.0,2096.0,1191.0,507.0,962.0,295.0
1.0,4696.0,1237.0,1680.0,4085.0,0.0,0.0,1179.0,501.0,842.0,395.0
1.0,7544.0,1696.0,1672.0,2096.0,0.0,0.0,1171.0,501.0,1081.0,615.0
1.0,7944.0,2172.0,1682.0,0.0,956.0,956.0,1174.0,508.0,1439.0,733.0
1.0,5772.0,2189.0,1701.0,0.0,3221.0,3221.0,1186.0,515.0,1553.0,636.0
1.0,3583.0,1722.0,1711.0,956.0,4027.0,4027.0,1196.0,515.0,1308.0,414.0
1.0,2817.0,1223.0,1702.0,3221.0,1993.0,1993.0,1193.0,509.0,941.0,282.0
1.0,4815.0,1196.0,1684.0,4027.0,0.0,0.0,1182.0,502.0,817.0,379.0
1.0,7646.0,1656.0,1675.0,1993.0,0.0,0.0,1173.0,502.0,1053.0,603.0
1.0,7983.0,2170.0,1684.0,0.0,923.0,923.0,1175.0,509.0,1437.0,733.0
1.0,5813.0,2226.0,1704.0,0.0,3229.0,3229.0,1188.0,516.0,1584.0,642.0
1.0,3587.0,1766.0,1715.0,923.0,4116.0,4116.0,1199.0,516.0,1343.0,423.0
1.0,2744.0,1261.0,1707.0,3229.0,2116.0,2116.0,1197.0,510.0,964.0,297.0
1.0,4712.0,1212.0,1688.0,4116.0,0.0,0.0,1185.0,503.0,824.0,388.0
1.0,7616.0,1685.0,1679.0,2116.0,0.0,0.0,1176.0,503.0,1073.0,612.0
1.0,8047.0,2200.0,1688.0,0.0,905.0,905.0,1178.0,510.0,1452.0,748.0
1.0,5847.0,2249.0,1708.0,0.0,3234.0,3234.0,1191.0,517.0,1592.0,657.0
1.0,3598.0,1777.0,1720.0,905.0,4154.0,4154.0,1202.0,518.0,1350.0,427.0
1.0,2726.0,1251.0,1711.0,3234.0,2135.0,2135.0,1200.0,511.0,966.0,285.0
1.0,4709.0,1181.0,1692.0,4154.0,0.0,0.0,1188.0,504.0,808.0,373.0
1.0,7682.0,1633.0,1682.0,2135.0,0.0,0.0,1178.0,504.0,1036.0,597.0
1.0,8184.0,2163.0,1692.0,0.0,747.0,747.0,1181.0,511.0,1426.0,737.0
1.0,6021.0,2236.0,1713.0,0.0,3067.0,3067.0,1195.0,518.0,1592.0,644.0
1.0,3785.0,1785.0,1724.0,747.0,4149.0,4149.0,1206.0,518.0,1365.0,420.0
1.0,2747.0,1266.0,1716.0,3067.0,2316.0,2316.0,1204.0,512.0,973.0,293.0
1.0,4548.0,1215.0,1697.0,4149.0,0.0,0.0,1192.0,505.0,824.0,391.0
1.0,7482.0,1670.0,1687.0,2316.0,0.0,0.0,1182.0,505.0,1055.0,615.0
1.0,8128.0,2187.0,1696.0,0.0,843.0,843.0,1184.0,512.0,1443.0,744.0
1.0,5941.0,2253.0,1716.0,0.0,3176.0,3176.0,1197.0,519.0,1604.0,649.0
1.0,3688.0,1815.0,1728.0,843.0,4196.0,4196.0,1209.0,519.0,1387.0,428.0
1.0,2716.0,1288.0,1720.0,3176.0,2276.0,2276.0,1207.0,513.0,993.0,295.0
1.0,4604.0,1210.0,1703.0,4196.0,0.0,0.0,1196.0,507.0,822.0,388.0
1.0,7590.0,1626.0,1691.0,2276.0,0.0,0.0,1185.0,506.0,1019.0,607.0
1.0,8240.0,2141.0,1700.0,0.0,701.0,701.0,1187.0,513.0,1402.0,739.0
1.0,6099.0,2231.0,1720.0,0.0,3012.0,3012.0,1200.0,520.0,1580.0,651.0
1.0,3868.0,1804.0,1732.0,701.0,4163.0,4163.0,1211.0,521.0,1376.0,428.0
1.0,2765.0,1302.0,1724.0,3012.0,2421.0,2421.0,1210.0,514.0,1009.0,293.0
1.0,4475.0,1234.0,1706.0,4163.0,0.0,0.0,1198.0,508.0,850.0,384.0
1.0,7404.0,1676.0,1695.0,2421.0,0.0,0.0,1188.0,507.0,1062.0,614.0
1.0,8149.0,2182.0,1704.0,0.0,849.0,849.0,1190.0,514.0,1429.0,753.0
1.0,5967.0,2253.0,1724.0,0.0,3182.0,3182.0,1203.0,521.0,1596.0,657.0
1.0,3714.0,1814.0,1736.0,849.0,4195.0,4195.0,1214.0,522.0,1392.0,422.0
1.0,2749.0,1295.0,1728.0,3182.0,2276.0,2276.0,1213.0,515.0,1015.0,280.0
1.0,4636.0,1214.0,1710.0,4195.0,0.0,0.0,1201.0,509.0,830.0,384.0
1.0,7617.0,1658.0,1700.0,2276.0,0.0,0.0,1191.0,509.0,1031.0,627.0
1.0,8235.0,2174.0,1709.0,0.0,775.0,775.0,1193.0,516.0,1412.0,762.0
1.0,6061.0,2231.0,1729.0,0.0,3086.0,3086.0,1206.0,523.0,1584.0,647.0
1.0,3830.0,1791.0,1740.0,775.0,4146.0,4146.0,1217.0,523.0,1386.0,405.0
1.0,2814.0,1298.0,1732.0,3086.0,2326.0,2326.0,1216.0,516.0,1020.0,278.0
1.0,4602.0,1253.0,1715.0,4146.0,0.0,0.0,1205.0,510.0,857.0,396.0
1.0,7495.0,1690.0,1705.0,2326.0,0.0,0.0,1195.0,510.0,1046.0,644.0
1.0,8131.0,2173.0,1713.0,0.0,894.0,894.0,1196.0,517.0,1402.0,771.0
1.0,5958.0,2247.0,1732.0,0.0,3217.0,3217.0,1208.0,524.0,1592.0,655.0
1.0,3711.0,1821.0,1743.0,894.0,4188.0,4188.0,1219.0,524.0,1405.0,416.0
1.0,2784.0,1323.0,1736.0,3217.0,2266.0,2266.0,1218.0,518.0,1040.0,283.0
1.0,4678.0,1259.0,1718.0,4188.0,0.0,0.0,1207.0,511.0,861.0,398.0
1.0,7607.0,1685.0,1710.0,2266.0,0.0,0.0,1198.0,512.0,1045.0,640.0
1.0,8188.0,2168.0,1717.0,0.0,848.0,848.0,1199.0,518.0,1406.0,762.0
1.0,6020.0,2233.0,1737.0,0.0,3161.0,3161.0,1212.0,525.0,1590.0,643.0
1.0,3787.0,1799.0,1748.0,848.0,4156.0,4156.0,1223.0,525.0,1402.0,397.0
1.0,2836.0,1295.0,1742.0,3161.0,2266.0,2266.0,1223.0,519.0,1026.0,269.0
1.0,4702.0,1217.0,1723.0,4156.0,0.0,0.0,1211.0,512.0,827.0,390.0
1.0,7641.0,1655.0,1712.0,2266.0,0.0,0.0,1200.0,512.0,1017.0,638.0
1.0,8252.0,2185.0,1720.0,0.0,813.0,813.0,1201.0,519.0,1412.0,773.0
1.0,6067.0,2298.0,1740.0,0.0,3191.0,3191.0,1214.0,526.0,1626.0,672.0
1.0,3769.0,1868.0,1753.0,813.0,4298.0,4298.0,1226.0,527.0,1441.0,427.0
1.0,2714.0,1341.0,1747.0,3191.0,2424.0,2424.0,1226.0,521.0,1058.0,283.0
1.0,4564.0,1230.0,1728.0,4298.0,0.0,0.0,1214.0,514.0,845.0,385.0
1.0,7632.0,1656.0,1716.0,2424.0,0.0,0.0,1203.0,513.0,1021.0,635.0
1.0,8400.0,2184.0,1724.0,0.0,680.0,680.0,1204.0,520.0,1402.0,782.0
1.0,6216.0,2279.0,1744.0,0.0,3039.0,3039.0,1216.0,528.0,1603.0,676.0
1.0,3937.0,1831.0,1756.0,680.0,4238.0,4238.0,1228.0,528.0,1416.0,415.0
1.0,2786.0,1301.0,1750.0,3039.0,2476.0,2476.0,1228.0,522.0,1038.0,263.0
1.0,4524.0,1229.0,1732.0,4238.0,0.0,0.0,1217.0,515.0,853.0,376.0
1.0,7533.0,1693.0,1722.0,2476.0,0.0,0.0,1207.0,515.0,1056.0,637.0
1.0,8316.0,2215.0,1730.0,0.0,819.0,819.0,1208.0,522.0,1433.0,782.0
1.0,6101.0,2287.0,1749.0,0.0,3182.0,3182.0,1220.0,529.0,1612.0,675.0
1.0,3814.0,1832.0,1762.0,819.0,4247.0,4247.0,1232.0,530.0,1414.0,418.0
1.0,2801.0,1310.0,1754.0,3182.0,2343.0,2343.0,1231.0,523.0,1037.0,273.0
1.0,4673.0,1241.0,1736.0,4247.0,0.0,0.0,1220.0,516.0,854.0,387.0
1.0,7679.0,1695.0,1725.0,2343.0,0.0,0.0,1209.0,516.0,1050.0,645.0
1.0,8327.0,2225.0,1733.0,0.0,830.0,830.0,1210.0,523.0,1431.0,794.0
1.0,6102.0,2297.0,1753.0,0.0,3207.0,3207.0,1222.0,531.0,1619.0,678.0
1.0,3805.0,1832.0,1765.0,830.0,4257.0,4257.0,1234.0,531.0,1420.0,412.0
1.0,2803.0,1294.0,1759.0,3207.0,2320.0,2320.0,1234.0,525.0,1033.0,261.0
1.0,4716.0,1226.0,1741.0,4257.0,0.0,0.0,1223.0,518.0,849.0,377.0
1.0,7747.0,1685.0,1730.0,2320.0,0.0,0.0,1213.0,517.0,1041.0,644.0
1.0,8382.0,2213.0,1738.0,0.0,783.0,783.0,1214.0,524.0,1424.0,789.0
1.0,6169.0,2273.0,1757.0,0.0,3132.0,3132.0,1225.0,532.0,1605.0,668.0
1.0,3896.0,1820.0,1768.0,783.0,4213.0,4213.0,1236.0,532.0,1417.0,403.0
1.0,2859.0,1323.0,1761.0,3132.0,2376.0,2376.0,1236.0,525.0,1058.0,265.0
1.0,4668.0,1289.0,1744.0,4213.0,0.0,0.0,1226.0,518.0,897.0,392.0
1.0,7592.0,1748.0,1734.0,2376.0,0.0,0.0,1216.0,518.0,1089.0,659.0
1.0,8220.0,2249.0,1743.0,0.0,1001.0,1001.0,1217.0,526.0,1444.0,805.0
1.0,5971.0,2285.0,1761.0,0.0,3358.0,3358.0,1228.0,533.0,1605.0,680.0
1.0,3686.0,1794.0,1773.0,1001.0,4199.0,4199.0,1239.0,534.0,1391.0,403.0
1.0,2893.0,1270.0,1766.0,3358.0,2083.0,2083.0,1239.0,527.0,1015.0,255.0
1.0,4981.0,1232.0,1747.0,4199.0,0.0,0.0,1228.0,519.0,846.0,386.0
1.0,7948.0,1721.0,1738.0,2083.0,0.0,0.0,1218.0,520.0,1062.0,659.0
1.0,8310.0,2255.0,1746.0,0.0,929.0,929.0,1219.0,527.0,1452.0,803.0
1.0,6055.0,2299.0,1766.0,0.0,3308.0,3308.0,1231.0,535.0,1628.0,671.0
1.0,3756.0,1822.0,1777.0,929.0,4245.0,4245.0,1242.0,535.0,1418.0,404.0
1.0,2863.0,1312.0,1770.0,3308.0,2221.0,2221.0,1242.0,528.0,1048.0,264.0
1.0,4859.0,1277.0,1752.0,4245.0,0.0,0.0,1232.0,520.0,882.0,395.0
1.0,7827.0,1753.0,1743.0,2221.0,0.0,0.0,1222.0,521.0,1085.0,668.0
1.0,8295.0,2266.0,1751.0,0.0,975.0,975.0,1223.0,528.0,1455.0,811.0
1.0,6029.0,2304.0,1770.0,0.0,3355.0,3355.0,1234.0,536.0,1619.0,685.0
1.0,3725.0,1815.0,1781.0,975.0,4239.0,4239.0,1245.0,536.0,1407.0,408.0
1.0,2885.0,1285.0,1773.0,3355.0,2137.0,2137.0,1244.0,529.0,1032.0,253.0
1.0,4955.0,1252.0,1755.0,4239.0,0.0,0.0,1234.0,521.0,878.0,374.0
1.0,7942.0,1735.0,1746.0,2137.0,0.0,0.0,1225.0,521.0,1083.0,652.0
1.0,8344.0,2259.0,1755.0,0.0,935.0,935.0,1226.0,529.0,1454.0,805.0
1.0,6085.0,2300.0,1774.0,0.0,3311.0,3311.0,1237.0,537.0,1612.0,688.0
1.0,3785.0,1810.0,1786.0,935.0,4234.0,4234.0,1248.0,538.0,1392.0,418.0
1.0,2910.0,1283.0,1779.0,3311.0,2178.0,2178.0,1248.0,531.0,1021.0,262.0
1.0,4938.0,1259.0,1760.0,4234.0,0.0,0.0,1237.0,523.0,874.0,385.0
1.0,7913.0,1749.0,1750.0,2178.0,0.0,0.0,1227.0,523.0,1099.0,650.0
1.0,8342.0,2290.0,1758.0,0.0,980.0,980.0,1228.0,530.0,1480.0,810.0
1.0,6052.0,2348.0,1777.0,0.0,3404.0,3404.0,1239.0,538.0,1646.0,702.0
1.0,3704.0,1864.0,1790.0,980.0,4340.0,4340.0,1251.0,539.0,1429.0,435.0
1.0,2820.0,1319.0,1783.0,3404.0,2227.0,2227.0,1251.0,532.0,1046.0,273.0
1.0,4905.0,1251.0,1765.0,4340.0,0.0,0.0,1241.0,524.0,873.0,378.0
1.0,7994.0,1716.0,1755.0,2227.0,0.0,0.0,1231.0,524.0,1080.0,636.0
1.0,8505.0,2246.0,1763.0,0.0,793.0,793.0,1232.0,531.0,1455.0,791.0
1.0,6259.0,2298.0,1782.0,0.0,3167.0,3167.0,1243.0,539.0,1615.0,683.0
1.0,3961.0,1819.0,1793.0,793.0,4237.0,4237.0,1253.0,540.0,1396.0,423.0
1.0,2935.0,1300.0,1786.0,3167.0,2342.0,2342.0,1253.0,533.0,1027.0,273.0
1.0,4802.0,1281.0,1767.0,4237.0,0.0,0.0,1242.0,525.0,896.0,385.0
1.0,7758.0,1780.0,1758.0,2342.0,0.0,0.0,1233.0,525.0,1125.0,655.0
1.0,8320.0,2310.0,1767.0,0.0,1058.0,1058.0,1235.0,532.0,1501.0,809.0
1.0,6010.0,2323.0,1786.0,0.0,3457.0,3457.0,1246.0,540.0,1629.0,694.0
1.0,3687.0,1818.0,1797.0,1058.0,4261.0,4261.0,1256.0,541.0,1395.0,423.0
1.0,2927.0,1308.0,1790.0,3457.0,2084.0,2084.0,1256.0,534.0,1032.0,276.0
1.0,5076.0,1289.0,1772.0,4261.0,0.0,0.0,1246.0,526.0,894.0,395.0
1.0,8048.0,1773.0,1762.0,2084.0,0.0,0.0,1236.0,526.0,1113.0,660.0
1.0,8359.0,2277.0,1771.0,0.0,1002.0,1002.0,1237.0,534.0,1474.0,803.0
1.0,6082.0,2289.0,1790.0,0.0,3367.0,3367.0,1248.0,542.0,1609.0,680.0
1.0,3793.0,1813.0,1801.0,1002.0,4222.0,4222.0,1259.0,542.0,1396.0,417.0
1.0,2982.0,1311.0,1794.0,3367.0,2138.0,2138.0,1259.0,535.0,1042.0,269.0
1.0,5038.0,1279.0,1775.0,4222.0,0.0,0.0,1248.0,527.0,894.0,385.0
1.0,7981.0,1775.0,1766.0,2138.0,0.0,0.0,1239.0,527.0,1122.0,653.0
1.0,8344.0,2293.0,1775.0,0.0,1049.0,1049.0,1240.0,535.0,1485.0,808.0
1.0,6051.0,2328.0,1794.0,0.0,3453.0,3453.0,1251.0,543.0,1629.0,699.0
1.0,3723.0,1837.0,1805.0,1049.0,4285.0,4285.0,1261.0,544.0,1405.0,432.0
1.0,2935.0,1320.0,1797.0,3453.0,2120.0,2120.0,1260.0,537.0,1048.0,272.0
1.0,5068.0,1306.0,1779.0,4285.0,0.0,0.0,1250.0,529.0,921.0,385.0
1.0,8047.0,1810.0,1770.0,2120.0,0.0,0.0,1242.0,528.0,1153.0,657.0
1.0,8357.0,2313.0,1780.0,0.0,1076.0,1076.0,1244.0,536.0,1497.0,816.0
1.0,6044.0,2309.0,1800.0,0.0,3465.0,3465.0,1255.0,545.0,1610.0,699.0
1.0,3735.0,1792.0,1810.0,1076.0,4221.0,4221.0,1265.0,545.0,1374.0,418.0
1.0,3019.0,1270.0,1801.0,3465.0,1990.0,1990.0,1264.0,537.0,1012.0,258.0
1.0,5214.0,1276.0,1783.0,4221.0,0.0,0.0,1254.0,529.0,896.0,380.0
1.0,8159.0,1796.0,1773.0,1990.0,0.0,0.0,1244.0,529.0,1135.0,661.0
1.0,8353.0,2320.0,1783.0,0.0,1099.0,1099.0,1246.0,537.0,1498.0,822.0
1.0,6033.0,2346.0,1803.0,0.0,3525.0,3525.0,1257.0,546.0,1640.0,706.0
1.0,3687.0,1842.0,1813.0,1099.0,4308.0,4308.0,1267.0,546.0,1415.0,427.0
1.0,2944.0,1326.0,1806.0,3525.0,2081.0,2081.0,1267.0,539.0,1056.0,270.0
1.0,5143.0,1310.0,1787.0,4308.0,0.0,0.0,1256.0,531.0,918.0,392.0
1.0,8141.0,1809.0,1777.0,2081.0,0.0,0.0,1247.0,530.0,1137.0,672.0
1.0,8413.0,2307.0,1787.0,0.0,1042.0,1042.0,1249.0,538.0,1484.0,823.0
1.0,6106.0,2300.0,1807.0,0.0,3422.0,3422.0,1260.0,547.0,1608.0,692.0
1.0,3806.0,1797.0,1817.0,1042.0,4217.0,4217.0,1270.0,547.0,1390.0,407.0
1.0,3051.0,1293.0,1809.0,3422.0,2056.0,2056.0,1269.0,540.0,1038.0,255.0
1.0,5180.0,1287.0,1790.0,4217.0,0.0,0.0,1258.0,532.0,904.0,383.0
1.0,8110.0,1789.0,1780.0,2056.0,0.0,0.0,1249.0,531.0,1118.0,671.0
1.0,8377.0,2308.0,1789.0,0.0,1087.0,1087.0,1250.0,539.0,1479.0,829.0
1.0,6069.0,2329.0,1810.0,0.0,3500.0,3500.0,1262.0,548.0,1627.0,702.0
1.0,3740.0,1849.0,1821.0,1087.0,4306.0,4306.0,1273.0,548.0,1427.0,422.0
1.0,2978.0,1357.0,1813.0,3500.0,2131.0,2131.0,1272.0,541.0,1083.0,274.0
1.0,5121.0,1328.0,1795.0,4306.0,0.0,0.0,1262.0,533.0,931.0,397.0
1.0,8099.0,1811.0,1785.0,2131.0,0.0,0.0,1252.0,533.0,1138.0,673.0
1.0,8419.0,2299.0,1793.0,0.0,1052.0,1052.0,1253.0,540.0,1476.0,823.0
1.0,6120.0,2319.0,1812.0,0.0,3447.0,3447.0,1264.0,548.0,1621.0,698.0
1.0,3801.0,1846.0,1824.0,1052.0,4289.0,4289.0,1275.0,549.0,1428.0,418.0
1.0,3007.0,1356.0,1817.0,3447.0,2170.0,2170.0,1275.0,542.0,1090.0,266.0
1.0,5098.0,1343.0,1799.0,4289.0,0.0,0.0,1265.0,534.0,944.0,399.0
1.0,8044.0,1800.0,1790.0,2170.0,0.0,0.0,1256.0,534.0,1127.0,673.0
1.0,8414.0,2261.0,1798.0,0.0,1039.0,1039.0,1256.0,542.0,1443.0,818.0
1.0,6153.0,2272.0,1817.0,0.0,3387.0,3387.0,1267.0,550.0,1583.0,689.0
1.0,3881.0,1840.0,1828.0,1039.0,4232.0,4232.0,1277.0,551.0,1417.0,423.0
1.0,3080.0,1386.0,1820.0,3387.0,2199.0,2199.0,1277.0,543.0,1105.0,281.0
1.0,5081.0,1377.0,1803.0,4232.0,0.0,0.0,1267.0,536.0,969.0,408.0
1.0,7936.0,1834.0,1792.0,2199.0,0.0,0.0,1257.0,535.0,1158.0,676.0
1.0,8301.0,2300.0,1802.0,0.0,1207.0,1207.0,1259.0,543.0,1480.0,820.0
1.0,6001.0,2317.0,1821.0,0.0,3600.0,3600.0,1270.0,551.0,1613.0,704.0
1.0,3684.0,1855.0,1832.0,1207.0,4292.0,4292.0,1280.0,552.0,1417.0,438.0
1.0,3036.0,1370.0,1825.0,3600.0,2034.0,2034.0,1280.0,545.0,1086.0,284.0
1.0,5266.0,1340.0,1807.0,4292.0,0.0,0.0,1270.0,537.0,947.0,393.0
1.0,8218.0,1788.0,1797.0,2034.0,0.0,0.0,1261.0,536.0,1134.0,654.0
1.0,8464.0,2259.0,1806.0,0.0,1019.0,1019.0,1262.0,544.0,1450.0,809.0
1.0,6205.0,2294.0,1824.0,0.0,3385.0,3385.0,1272.0,552.0,1594.0,700.0
1.0,3911.0,1861.0,1835.0,1019.0,4271.0,4271.0,1282.0,553.0,1426.0,435.0
1.0,3069.0,1401.0,1828.0,3385.0,2259.0,2259.0,1282.0,546.0,1120.0,281.0
1.0,5053.0,1373.0,1811.0,4271.0,0.0,0.0,1273.0,538.0,979.0,394.0
1.0,7951.0,1811.0,1800.0,2259.0,0.0,0.0,1263.0,537.0,1144.0,667.0
1.0,8399.0,2286.0,1809.0,0.0,1123.0,1123.0,1264.0,545.0,1461.0,825.0
1.0,6113.0,2317.0,1828.0,0.0,3516.0,3516.0,1275.0,553.0,1607.0,710.0
1.0,3796.0,1862.0,1839.0,1123.0,4299.0,4299.0,1285.0,554.0,1423.0,439.0
1.0,3057.0,1382.0,1831.0,3516.0,2133.0,2133.0,1284.0,547.0,1102.0,280.0
1.0,5191.0,1360.0,1813.0,4299.0,0.0,0.0,1274.0,539.0,964.0,396.0
1.0,8130.0,1820.0,1804.0,2133.0,0.0,0.0,1265.0,539.0,1152.0,668.0
1.0,8443.0,2308.0,1813.0,0.0,1117.0,1117.0,1267.0,546.0,1482.0,826.0
1.0,6135.0,2332.0,1834.0,0.0,3533.0,3533.0,1279.0,555.0,1622.0,710.0
1.0,3803.0,1849.0,1845.0,1117.0,4309.0,4309.0,1289.0,556.0,1414.0,435.0
1.0,3071.0,1359.0,1837.0,3533.0,2103.0,2103.0,1288.0,549.0,1084.0,275.0
1.0,5245.0,1333.0,1817.0,4309.0,0.0,0.0,1277.0,540.0,941.0,392.0
1.0,8221.0,1807.0,1807.0,2103.0,0.0,0.0,1267.0,540.0,1137.0,670.0
1.0,8517.0,2307.0,1815.0,0.0,1050.0,1050.0,1268.0,547.0,1477.0,830.0
1.0,6210.0,2346.0,1835.0,0.0,3476.0,3476.0,1279.0,556.0,1623.0,723.0
1.0,3864.0,1889.0,1846.0,1050.0,4359.0,4359.0,1289.0,557.0,1443.0,446.0
1.0,3025.0,1401.0,1839.0,3476.0,2256.0,2256.0,1289.0,550.0,1124.0,277.0
1.0,5100.0,1368.0,1821.0,4359.0,0.0,0.0,1280.0,541.0,987.0,381.0
1.0,8091.0,1825.0,1811.0,2256.0,0.0,0.0,1271.0,540.0,1170.0,655.0
1.0,8522.0,2293.0,1821.0,0.0,1055.0,1055.0,1273.0,548.0,1466.0,827.0
1.0,6229.0,2304.0,1841.0,0.0,3439.0,3439.0,1283.0,558.0,1577.0,727.0
1.0,3925.0,1842.0,1851.0,1055.0,4266.0,4266.0,1292.0,559.0,1389.0,453.0
1.0,3138.0,1375.0,1843.0,3439.0,2170.0,2170.0,1292.0,551.0,1098.0,277.0
1.0,5202.0,1366.0,1826.0,4266.0,0.0,0.0,1283.0,543.0,991.0,375.0
1.0,8102.0,1853.0,1816.0,2170.0,0.0,0.0,1274.0,542.0,1194.0,659.0
1.0,8419.0,2343.0,1826.0,0.0,1228.0,1228.0,1276.0,550.0,1501.0,842.0
1.0,6076.0,2356.0,1845.0,0.0,3660.0,3660.0,1286.0,559.0,1616.0,740.0
1.0,3720.0,1871.0,1855.0,1228.0,4343.0,4343.0,1295.0,560.0,1411.0,460.0
1.0,3077.0,1379.0,1846.0,3660.0,2026.0,2026.0,1294.0,552.0,1101.0,278.0
1.0,5358.0,1374.0,1829.0,4343.0,0.0,0.0,1285.0,544.0,992.0,382.0
1.0,8327.0,1850.0,1820.0,2026.0,0.0,0.0,1277.0,543.0,1190.0,660.0
1.0,8503.0,2325.0,1829.0,0.0,1138.0,1138.0,1278.0,551.0,1493.0,832.0
1.0,6178.0,2322.0,1848.0,0.0,3536.0,3536.0,1288.0,560.0,1599.0,723.0
1.0,3856.0,1836.0,1857.0,1138.0,4270.0,4270.0,1296.0,561.0,1395.0,441.0
1.0,3158.0,1365.0,1849.0,3536.0,2067.0,2067.0,1296.0,553.0,1098.0,267.0
1.0,5329.0,1385.0,1832.0,4270.0,0.0,0.0,1287.0,545.0,1003.0,382.0
1.0,8214.0,1871.0,1824.0,2067.0,0.0,0.0,1280.0,544.0,1205.0,666.0
1.0,8410.0,2340.0,1834.0,0.0,1266.0,1266.0,1282.0,552.0,1498.0,842.0
1.0,6070.0,2331.0,1852.0,0.0,3669.0,3669.0,1291.0,561.0,1593.0,738.0
1.0,3739.0,1846.0,1861.0,1266.0,4285.0,4285.0,1299.0,562.0,1389.0,457.0
1.0,3159.0,1377.0,1852.0,3669.0,1957.0,1957.0,1298.0,554.0,1092.0,285.0
1.0,5451.0,1412.0,1835.0,4285.0,0.0,0.0,1289.0,546.0,1022.0,390.0
1.0,8324.0,1906.0,1827.0,1957.0,0.0,0.0,1282.0,545.0,1239.0,667.0
1.0,8375.0,2375.0,1837.0,0.0,1348.0,1348.0,1284.0,553.0,1534.0,841.0
1.0,6000.0,2335.0,1856.0,0.0,3759.0,3759.0,1294.0,562.0,1603.0,732.0
1.0,3665.0,1835.0,1866.0,1348.0,4286.0,4286.0,1303.0,563.0,1382.0,453.0
1.0,3178.0,1360.0,1858.0,3759.0,1855.0,1855.0,1302.0,556.0,1081.0,279.0
1.0,5577.0,1381.0,1841.0,4286.0,0.0,0.0,1293.0,548.0,1001.0,380.0
1.0,8482.0,1872.0,1833.0,1855.0,0.0,0.0,1286.0,547.0,1218.0,654.0
1.0,8465.0,2337.0,1841.0,0.0,1236.0,1236.0,1287.0,554.0,1510.0,827.0
1.0,6128.0,2309.0,1859.0,0.0,3617.0,3617.0,1296.0,563.0,1581.0,728.0
1.0,3819.0,1844.0,1868.0,1236.0,4261.0,4261.0,1304.0,564.0,1383.0,461.0
1.0,3211.0,1404.0,1860.0,3617.0,2016.0,2016.0,1303.0,557.0,1113.0,291.0
1.0,5424.0,1441.0,1844.0,4261.0,0.0,0.0,1295.0,549.0,1046.0,395.0
1.0,8244.0,1941.0,1837.0,2016.0,0.0,0.0,1289.0,548.0,1269.0,672.0
1.0,8319.0,2388.0,1847.0,0.0,1457.0,1457.0,1291.0,556.0,1548.0,840.0
1.0,5931.0,2314.0,1864.0,0.0,3839.0,3839.0,1300.0,564.0,1579.0,735.0
1.0,3617.0,1802.0,1873.0,1457.0,4220.0,4220.0,1308.0,565.0,1344.0,458.0
1.0,3272.0,1355.0,1864.0,3839.0,1700.0,1700.0,1306.0,558.0,1069.0,286.0
1.0,5756.0,1404.0,1847.0,4220.0,0.0,0.0,1297.0,550.0,1016.0,388.0
1.0,8572.0,1918.0,1839.0,1700.0,0.0,0.0,1290.0,549.0,1255.0,663.0
1.0,8354.0,2395.0,1850.0,0.0,1441.0,1441.0,1293.0,557.0,1555.0,840.0
1.0,5959.0,2344.0,1869.0,0.0,3861.0,3861.0,1303.0,566.0,1604.0,740.0
1.0,3615.0,1833.0,1878.0,1441.0,4289.0,4289.0,1311.0,567.0,1369.0,464.0
1.0,3223.0,1369.0,1870.0,3861.0,1765.0,1765.0,1310.0,560.0,1084.0,285.0
1.0,5715.0,1409.0,1852.0,4289.0,0.0,0.0,1301.0,551.0,1022.0,387.0
1.0,8595.0,1923.0,1844.0,1765.0,0.0,0.0,1294.0,550.0,1255.0,668.0
1.0,8437.0,2409.0,1854.0,0.0,1388.0,1388.0,1296.0,558.0,1562.0,847.0
1.0,6028.0,2376.0,1873.0,0.0,3840.0,3840.0,1306.0,567.0,1628.0,748.0
1.0,3652.0,1851.0,1882.0,1388.0,4339.0,4339.0,1314.0,568.0,1385.0,466.0
1.0,3189.0,1366.0,1873.0,3840.0,1829.0,1829.0,1312.0,561.0,1079.0,287.0
1.0,5663.0,1391.0,1856.0,4339.0,0.0,0.0,1303.0,553.0,1006.0,385.0
1.0,8611.0,1912.0,1849.0,1829.0,0.0,0.0,1297.0,552.0,1249.0,663.0
1.0,8528.0,2390.0,1859.0,0.0,1298.0,1298.0,1300.0,559.0,1549.0,841.0
1.0,6138.0,2367.0,1878.0,0.0,3741.0,3741.0,1310.0,568.0,1619.0,748.0
1.0,3771.0,1852.0,1888.0,1298.0,4335.0,4335.0,1318.0,570.0,1381.0,471.0
1.0,3217.0,1353.0,1878.0,3741.0,1907.0,1907.0,1315.0,563.0,1064.0,289.0
1.0,5605.0,1367.0,1859.0,4335.0,0.0,0.0,1305.0,554.0,984.0,383.0
1.0,8573.0,1912.0,1851.0,1907.0,0.0,0.0,1298.0,553.0,1244.0,668.0
1.0,8568.0,2451.0,1861.0,0.0,1327.0,1327.0,1301.0,560.0,1596.0,855.0
1.0,6117.0,2443.0,1882.0,0.0,3854.0,3854.0,1313.0,569.0,1684.0,759.0
1.0,3674.0,1894.0,1892.0,1327.0,4461.0,4461.0,1321.0,571.0,1422.0,472.0
1.0,3107.0,1351.0,1883.0,3854.0,1922.0,1922.0,1319.0,564.0,1065.0,286.0
1.0,5610.0,1349.0,1863.0,4461.0,0.0,0.0,1308.0,555.0,966.0,383.0
1.0,8722.0,1877.0,1855.0,1922.0,0.0,0.0,1301.0,554.0,1215.0,662.0
1.0,8767.0,2408.0,1866.0,0.0,1105.0,1105.0,1304.0,562.0,1569.0,839.0
1.0,6359.0,2405.0,1886.0,0.0,3590.0,3590.0,1315.0,571.0,1663.0,742.0
1.0,3954.0,1880.0,1896.0,1105.0,4405.0,4405.0,1323.0,573.0,1410.0,470.0
1.0,3179.0,1362.0,1885.0,3590.0,2133.0,2133.0,1320.0,565.0,1070.0,292.0
1.0,5407.0,1388.0,1868.0,4405.0,0.0,0.0,1311.0,557.0,999.0,389.0
1.0,8424.0,1921.0,1859.0,2133.0,0.0,0.0,1304.0,555.0,1256.0,665.0
1.0,8636.0,2437.0,1871.0,0.0,1285.0,1285.0,1308.0,563.0,1591.0,846.0
1.0,6199.0,2437.0,1892.0,0.0,3806.0,3806.0,1320.0,572.0,1678.0,759.0
1.0,3762.0,1912.0,1901.0,1285.0,4469.0,4469.0,1327.0,574.0,1426.0,486.0
1.0,3135.0,1384.0,1891.0,3806.0,2007.0,2007.0,1324.0,567.0,1084.0,300.0
1.0,5557.0,1372.0,1872.0,4469.0,0.0,0.0,1314.0,558.0,986.0,386.0
1.0,8654.0,1879.0,1862.0,2007.0,0.0,0.0,1306.0,556.0,1224.0,655.0
1.0,8782.0,2407.0,1874.0,0.0,1121.0,1121.0,1310.0,564.0,1565.0,842.0
1.0,6375.0,2414.0,1894.0,0.0,3615.0,3615.0,1321.0,573.0,1660.0,754.0
1.0,3961.0,1889.0,1904.0,1121.0,4423.0,4423.0,1329.0,575.0,1413.0,476.0
1.0,3193.0,1379.0,1895.0,3615.0,2151.0,2151.0,1327.0,568.0,1091.0,288.0
1.0,5429.0,1390.0,1876.0,4423.0,0.0,0.0,1317.0,559.0,1010.0,380.0
1.0,8462.0,1903.0,1868.0,2151.0,0.0,0.0,1310.0,558.0,1239.0,664.0
1.0,8710.0,2402.0,1880.0,0.0,1212.0,1212.0,1314.0,566.0,1549.0,853.0
1.0,6308.0,2396.0,1899.0,0.0,3684.0,3684.0,1324.0,575.0,1640.0,756.0
1.0,3912.0,1906.0,1907.0,1212.0,4410.0,4410.0,1331.0,576.0,1428.0,478.0
1.0,3218.0,1439.0,1898.0,3684.0,2129.0,2129.0,1329.0,569.0,1134.0,305.0
1.0,5463.0,1460.0,1880.0,4410.0,0.0,0.0,1319.0,561.0,1057.0,403.0
1.0,8413.0,1946.0,1873.0,2129.0,0.0,0.0,1313.0,560.0,1272.0,674.0
1.0,8596.0,2405.0,1884.0,0.0,1345.0,1345.0,1317.0,567.0,1559.0,846.0
1.0,6191.0,2352.0,1904.0,0.0,3777.0,3777.0,1328.0,576.0,1609.0,743.0
1.0,3839.0,1855.0,1912.0,1345.0,4319.0,4319.0,1335.0,577.0,1381.0,474.0
1.0,3329.0,1407.0,1902.0,3777.0,1909.0,1909.0,1332.0,570.0,1107.0,300.0
1.0,5699.0,1452.0,1884.0,4319.0,0.0,0.0,1322.0,562.0,1054.0,398.0
1.0,8566.0,1942.0,1876.0,1909.0,0.0,0.0,1316.0,560.0,1276.0,666.0
1.0,8533.0,2394.0,1888.0,0.0,1413.0,1413.0,1320.0,568.0,1557.0,837.0
1.0,6139.0,2361.0,1907.0,0.0,3850.0,3850.0,1330.0,577.0,1616.0,745.0
1.0,3778.0,1887.0,1915.0,1413.0,4356.0,4356.0,1337.0,578.0,1404.0,483.0
1.0,3304.0,1447.0,1907.0,3850.0,1921.0,1921.0,1335.0,572.0,1133.0,314.0
1.0,5707.0,1479.0,1888.0,4356.0,0.0,0.0,1325.0,563.0,1075.0,404.0
1.0,8584.0,1946.0,1880.0,1921.0,0.0,0.0,1319.0,561.0,1282.0,664.0
1.0,8559.0,2387.0,1890.0,0.0,1388.0,1388.0,1322.0,568.0,1553.0,834.0
1.0,6172.0,2359.0,1909.0,0.0,3823.0,3823.0,1332.0,577.0,1614.0,745.0
1.0,3813.0,1889.0,1919.0,1388.0,4364.0,4364.0,1340.0,579.0,1402.0,487.0
1.0,3312.0,1438.0,1910.0,3823.0,1943.0,1943.0,1337.0,573.0,1121.0,317.0
1.0,5697.0,1454.0,1892.0,4364.0,0.0,0.0,1328.0,564.0,1051.0,403.0
1.0,8607.0,1934.0,1884.0,1943.0,0.0,0.0,1321.0,563.0,1273.0,661.0
1.0,8616.0,2390.0,1895.0,0.0,1354.0,1354.0,1325.0,570.0,1556.0,834.0
1.0,6226.0,2387.0,1913.0,0.0,3813.0,3813.0,1335.0,578.0,1630.0,757.0
1.0,3839.0,1920.0,1925.0,1354.0,4427.0,4427.0,1344.0,581.0,1421.0,499.0
1.0,3273.0,1454.0,1916.0,3813.0,2032.0,2032.0,1342.0,574.0,1135.0,319.0
1.0,5632.0,1464.0,1897.0,4427.0,0.0,0.0,1332.0,565.0,1065.0,399.0
1.0,8595.0,1940.0,1887.0,2032.0,0.0,0.0,1324.0,563.0,1281.0,659.0
1.0,8687.0,2420.0,1897.0,0.0,1321.0,1321.0,1327.0,570.0,1576.0,844.0
1.0,6267.0,2411.0,1918.0,0.0,3816.0,3816.0,1338.0,580.0,1649.0,762.0
1.0,3856.0,1922.0,1929.0,1321.0,4461.0,4461.0,1347.0,582.0,1429.0,493.0
1.0,3255.0,1454.0,1921.0,3816.0,2067.0,2067.0,1346.0,575.0,1145.0,309.0
1.0,5617.0,1439.0,1902.0,4461.0,0.0,0.0,1336.0,566.0,1053.0,386.0
1.0,8639.0,1897.0,1892.0,2067.0,0.0,0.0,1328.0,564.0,1247.0,650.0
1.0,8809.0,2377.0,1902.0,0.0,1176.0,1176.0,1330.0,572.0,1532.0,845.0
1.0,6432.0,2387.0,1922.0,0.0,3643.0,3643.0,1341.0,581.0,1619.0,768.0
1.0,4045.0,1935.0,1932.0,1176.0,4442.0,4442.0,1349.0,583.0,1432.0,503.0
1.0,3286.0,1483.0,1923.0,3643.0,2246.0,2246.0,1347.0,576.0,1169.0,314.0
1.0,5446.0,1500.0,1906.0,4442.0,0.0,0.0,1338.0,568.0,1101.0,399.0
1.0,8388.0,1970.0,1896.0,2246.0,0.0,0.0,1330.0,566.0,1299.0,671.0
1.0,8664.0,2430.0,1906.0,0.0,1390.0,1390.0,1333.0,573.0,1572.0,858.0
1.0,6234.0,2399.0,1926.0,0.0,3869.0,3869.0,1344.0,582.0,1634.0,765.0
1.0,3835.0,1908.0,1936.0,1390.0,4427.0,4427.0,1352.0,584.0,1424.0,484.0
1.0,3317.0,1441.0,1928.0,3869.0,1967.0,1967.0,1351.0,577.0,1145.0,296.0
1.0,5745.0,1472.0,1909.0,4427.0,0.0,0.0,1341.0,568.0,1076.0,396.0
1.0,8700.0,1960.0,1901.0,1967.0,0.0,0.0,1334.0,567.0,1287.0,673.0
1.0,8707.0,2409.0,1911.0,0.0,1346.0,1346.0,1337.0,574.0,1556.0,853.0
1.0,6298.0,2367.0,1930.0,0.0,3789.0,3789.0,1347.0,583.0,1614.0,753.0
1.0,3931.0,1895.0,1940.0,1346.0,4378.0,4378.0,1355.0,585.0,1418.0,477.0
1.0,3382.0,1467.0,1931.0,3789.0,2020.0,2020.0,1353.0,578.0,1165.0,302.0
1.0,5704.0,1510.0,1915.0,4378.0,0.0,0.0,1345.0,570.0,1101.0,409.0
1.0,8572.0,1987.0,1906.0,2020.0,0.0,0.0,1338.0,568.0,1295.0,692.0
1.0,8605.0,2421.0,1917.0,0.0,1484.0,1484.0,1341.0,576.0,1553.0,868.0
1.0,6184.0,2373.0,1935.0,0.0,3929.0,3929.0,1350.0,585.0,1612.0,761.0
1.0,3811.0,1907.0,1943.0,1484.0,4384.0,4384.0,1357.0,586.0,1420.0,487.0
1.0,3388.0,1483.0,1934.0,3929.0,1902.0,1902.0,1355.0,579.0,1170.0,313.0
1.0,5834.0,1526.0,1917.0,4384.0,0.0,0.0,1346.0,571.0,1113.0,413.0
1.0,8692.0,1994.0,1910.0,1902.0,0.0,0.0,1340.0,570.0,1311.0,683.0
1.0,8600.0,2409.0,1921.0,0.0,1493.0,1493.0,1344.0,577.0,1559.0,850.0
1.0,6191.0,2351.0,1939.0,0.0,3916.0,3916.0,1353.0,586.0,1603.0,748.0
1.0,3840.0,1863.0,1947.0,1493.0,4318.0,4318.0,1360.0,587.0,1386.0,477.0
1.0,3470.0,1444.0,1937.0,3916.0,1806.0,1806.0,1357.0,580.0,1135.0,309.0
1.0,5942.0,1520.0,1920.0,4318.0,0.0,0.0,1348.0,572.0,1108.0,412.0
1.0,8740.0,2019.0,1914.0,1806.0,0.0,0.0,1343.0,571.0,1334.0,685.0
1.0,8527.0,2458.0,1925.0,0.0,1631.0,1631.0,1347.0,578.0,1599.0,859.0
1.0,6069.0,2408.0,1944.0,0.0,4115.0,4115.0,1357.0,587.0,1649.0,759.0
1.0,3661.0,1921.0,1952.0,1631.0,4437.0,4437.0,1364.0,588.0,1433.0,488.0
1.0,3371.0,1478.0,1943.0,4115.0,1764.0,1764.0,1361.0,582.0,1160.0,318.0
1.0,6008.0,1524.0,1927.0,4437.0,0.0,0.0,1353.0,574.0,1104.0,420.0
1.0,8921.0,1988.0,1920.0,1764.0,0.0,0.0,1347.0,573.0,1300.0,688.0
1.0,8697.0,2416.0,1930.0,0.0,1439.0,1439.0,1350.0,580.0,1561.0,855.0
1.0,6281.0,2368.0,1947.0,0.0,3875.0,3875.0,1359.0,588.0,1619.0,749.0
1.0,3913.0,1895.0,1955.0,1439.0,4363.0,4363.0,1366.0,589.0,1417.0,478.0
1.0,3457.0,1468.0,1947.0,3875.0,1924.0,1924.0,1364.0,583.0,1150.0,318.0
1.0,5864.0,1519.0,1930.0,4363.0,0.0,0.0,1355.0,575.0,1095.0,424.0
1.0,8708.0,2012.0,1923.0,1924.0,0.0,0.0,1349.0,574.0,1318.0,694.0
1.0,8620.0,2445.0,1933.0,0.0,1557.0,1557.0,1352.0,581.0,1590.0,855.0
1.0,6175.0,2400.0,1951.0,0.0,4029.0,4029.0,1362.0,589.0,1652.0,748.0
1.0,3775.0,1916.0,1959.0,1557.0,4420.0,4420.0,1369.0,590.0,1435.0,481.0
1.0,3416.0,1486.0,1951.0,4029.0,1845.0,1845.0,1367.0,584.0,1159.0,327.0
1.0,5959.0,1523.0,1934.0,4420.0,0.0,0.0,1358.0,576.0,1089.0,434.0
1.0,8856.0,2009.0,1926.0,1845.0,0.0,0.0,1351.0,575.0,1313.0,696.0
1.0,8692.0,2443.0,1936.0,0.0,1495.0,1495.0,1354.0,582.0,1593.0,850.0
1.0,6249.0,2387.0,1954.0,0.0,3954.0,3954.0,1364.0,590.0,1648.0,739.0
1.0,3862.0,1911.0,1963.0,1495.0,4406.0,4406.0,1371.0,592.0,1431.0,480.0
1.0,3446.0,1474.0,1955.0,3954.0,1894.0,1894.0,1369.0,586.0,1149.0,325.0
1.0,5926.0,1510.0,1939.0,4406.0,0.0,0.0,1361.0,578.0,1081.0,429.0
1.0,8822.0,1993.0,1931.0,1894.0,0.0,0.0,1355.0,576.0,1298.0,695.0
1.0,8723.0,2446.0,1941.0,0.0,1487.0,1487.0,1358.0,583.0,1587.0,859.0
1.0,6277.0,2414.0,1958.0,0.0,3969.0,3969.0,1367.0,591.0,1663.0,751.0
1.0,3863.0,1934.0,1967.0,1487.0,4452.0,4452.0,1374.0,593.0,1449.0,485.0
1.0,3416.0,1484.0,1957.0,3969.0,1927.0,1927.0,1371.0,586.0,1159.0,325.0
1.0,5901.0,1532.0,1940.0,4452.0,0.0,0.0,1362.0,578.0,1098.0,434.0
1.0,8821.0,2023.0,1933.0,1927.0,0.0,0.0,1356.0,577.0,1323.0,700.0
1.0,8725.0,2474.0,1944.0,0.0,1525.0,1525.0,1360.0,584.0,1612.0,862.0
1.0,6251.0,2427.0,1963.0,0.0,4028.0,4028.0,1370.0,593.0,1672.0,755.0
1.0,3824.0,1916.0,1972.0,1525.0,4455.0,4455.0,1377.0,595.0,1435.0,481.0
1.0,3433.0,1439.0,1962.0,4028.0,1826.0,1826.0,1374.0,588.0,1129.0,310.0
1.0,6022.0,1475.0,1943.0,4455.0,0.0,0.0,1364.0,579.0,1063.0,412.0
1.0,9002.0,1998.0,1936.0,1826.0,0.0,0.0,1358.0,578.0,1305.0,693.0
1.0,8830.0,2484.0,1948.0,0.0,1446.0,1446.0,1362.0,586.0,1611.0,873.0
1.0,6346.0,2442.0,1967.0,0.0,3964.0,3964.0,1372.0,595.0,1675.0,767.0
1.0,3904.0,1934.0,1974.0,1446.0,4480.0,4480.0,1378.0,596.0,1447.0,487.0
1.0,3416.0,1474.0,1965.0,3964.0,1954.0,1954.0,1376.0,589.0,1159.0,315.0
1.0,5906.0,1531.0,1947.0,4480.0,0.0,0.0,1367.0,580.0,1105.0,426.0
1.0,8855.0,2033.0,1941.0,1954.0,0.0,0.0,1362.0,579.0,1328.0,705.0
1.0,8776.0,2488.0,1952.0,0.0,1520.0,1520.0,1365.0,587.0,1611.0,877.0
1.0,6288.0,2435.0,1971.0,0.0,4031.0,4031.0,1375.0,596.0,1665.0,770.0
1.0,3853.0,1917.0,1978.0,1520.0,4456.0,4456.0,1381.0,597.0,1424.0,493.0
1.0,3456.0,1452.0,1967.0,4031.0,1833.0,1833.0,1377.0,590.0,1138.0,314.0
1.0,6035.0,1493.0,1950.0,4456.0,0.0,0.0,1368.0,582.0,1085.0,408.0
1.0,8998.0,2000.0,1943.0,1833.0,0.0,0.0,1363.0,580.0,1316.0,684.0
1.0,8831.0,2486.0,1955.0,0.0,1475.0,1475.0,1367.0,588.0,1618.0,868.0
1.0,6345.0,2460.0,1975.0,0.0,4015.0,4015.0,1378.0,597.0,1689.0,771.0
1.0,3885.0,1944.0,1982.0,1475.0,4512.0,4512.0,1384.0,598.0,1445.0,499.0
1.0,3416.0,1449.0,1971.0,4015.0,1902.0,1902.0,1380.0,591.0,1132.0,317.0
1.0,5982.0,1492.0,1953.0,4512.0,0.0,0.0,1370.0,583.0,1078.0,414.0
1.0,9002.0,2022.0,1945.0,1902.0,0.0,0.0,1364.0,581.0,1333.0,689.0
1.0,8882.0,2520.0,1958.0,0.0,1470.0,1470.0,1369.0,589.0,1647.0,873.0
1.0,6362.0,2496.0,1977.0,0.0,4042.0,4042.0,1379.0,598.0,1710.0,786.0
1.0,3866.0,1978.0,1986.0,1470.0,4586.0,4586.0,1386.0,600.0,1468.0,510.0
1.0,3358.0,1477.0,1976.0,4042.0,1981.0,1981.0,1383.0,593.0,1153.0,324.0
1.0,5923.0,1485.0,1958.0,4586.0,0.0,0.0,1374.0,584.0,1073.0,412.0
1.0,9024.0,1988.0,1951.0,1981.0,0.0,0.0,1368.0,583.0,1308.0,680.0
1.0,9017.0,2475.0,1962.0,0.0,1306.0,1306.0,1372.0,590.0,1609.0,866.0
1.0,6542.0,2453.0,1981.0,0.0,3835.0,3835.0,1382.0,599.0,1677.0,776.0
1.0,4089.0,1963.0,1990.0,1306.0,4528.0,4528.0,1389.0,601.0,1459.0,504.0
1.0,3432.0,1487.0,1979.0,3835.0,2136.0,2136.0,1386.0,593.0,1166.0,321.0
1.0,5780.0,1518.0,1961.0,4528.0,0.0,0.0,1376.0,585.0,1105.0,413.0
1.0,8790.0,2028.0,1954.0,2136.0,0.0,0.0,1370.0,584.0,1340.0,688.0
1.0,8898.0,2535.0,1966.0,0.0,1501.0,1501.0,1375.0,591.0,1655.0,880.0
1.0,6363.0,2521.0,1986.0,0.0,4102.0,4102.0,1386.0,600.0,1729.0,792.0
1.0,3842.0,1982.0,1995.0,1501.0,4619.0,4619.0,1393.0,602.0,1474.0,508.0
1.0,3361.0,1453.0,1984.0,4102.0,1926.0,1926.0,1390.0,594.0,1137.0,316.0
1.0,6010.0,1461.0,1965.0,4619.0,0.0,0.0,1379.0,586.0,1057.0,404.0
1.0,9168.0,1999.0,1958.0,1926.0,0.0,0.0,1373.0,585.0,1308.0,691.0
1.0,9095.0,2535.0,1970.0,0.0,1320.0,1320.0,1377.0,593.0,1652.0,883.0
1.0,6560.0,2529.0,1990.0,0.0,3929.0,3929.0,1388.0,602.0,1739.0,790.0
1.0,4031.0,1991.0,1999.0,1320.0,4636.0,4636.0,1396.0,603.0,1486.0,505.0
1.0,3360.0,1456.0,1989.0,3929.0,2123.0,2123.0,1393.0,596.0,1145.0,311.0
1.0,5833.0,1465.0,1970.0,4636.0,0.0,0.0,1383.0,587.0,1053.0,412.0
1.0,9004.0,2017.0,1962.0,2123.0,0.0,0.0,1376.0,586.0,1316.0,701.0
1.0,9110.0,2556.0,1975.0,0.0,1346.0,1346.0,1381.0,594.0,1666.0,890.0
1.0,6554.0,2557.0,1995.0,0.0,3983.0,3983.0,1392.0,603.0,1762.0,795.0
1.0,3997.0,2010.0,2004.0,1346.0,4683.0,4683.0,1400.0,604.0,1498.0,512.0
1.0,3333.0,1460.0,1993.0,3983.0,2116.0,2116.0,1396.0,597.0,1139.0,321.0
1.0,5856.0,1450.0,1974.0,4683.0,0.0,0.0,1385.0,589.0,1038.0,412.0
1.0,9089.0,1989.0,1965.0,2116.0,0.0,0.0,1378.0,587.0,1298.0,691.0
1.0,9216.0,2549.0,1978.0,0.0,1245.0,1245.0,1383.0,595.0,1671.0,878.0
1.0,6667.0,2557.0,1999.0,0.0,3886.0,3886.0,1395.0,604.0,1771.0,786.0
1.0,4110.0,2001.0,2009.0,1245.0,4682.0,4682.0,1403.0,606.0,1496.0,505.0
1.0,3354.0,1435.0,1999.0,3886.0,2191.0,2191.0,1400.0,599.0,1121.0,314.0
1.0,5805.0,1436.0,1978.0,4682.0,0.0,0.0,1388.0,590.0,1025.0,411.0
1.0,9051.0,1998.0,1969.0,2191.0,0.0,0.0,1381.0,588.0,1302.0,696.0
1.0,9244.0,2566.0,1982.0,0.0,1250.0,1250.0,1386.0,596.0,1674.0,892.0
1.0,6678.0,2579.0,2003.0,0.0,3913.0,3913.0,1398.0,605.0,1779.0,800.0
1.0,4099.0,2043.0,2013.0,1250.0,4746.0,4746.0,1406.0,607.0,1529.0,514.0
1.0,3306.0,1497.0,2003.0,3913.0,2290.0,2290.0,1403.0,600.0,1176.0,321.0
1.0,5722.0,1484.0,1983.0,4746.0,0.0,0.0,1392.0,591.0,1064.0,420.0
1.0,8984.0,2007.0,1975.0,2290.0,0.0,0.0,1385.0,590.0,1299.0,708.0
1.0,9267.0,2546.0,1988.0,0.0,1231.0,1231.0,1390.0,598.0,1652.0,894.0
1.0,6721.0,2546.0,2009.0,0.0,3861.0,3861.0,1402.0,607.0,1756.0,790.0
1.0,4175.0,2005.0,2018.0,1231.0,4671.0,4671.0,1410.0,608.0,1510.0,495.0
1.0,3401.0,1463.0,2007.0,3861.0,2229.0,2229.0,1406.0,601.0,1151.0,312.0
1.0,5799.0,1459.0,1987.0,4671.0,0.0,0.0,1395.0,592.0,1044.0,415.0
1.0,9011.0,2002.0,1979.0,2229.0,0.0,0.0,1388.0,591.0,1304.0,698.0
1.0,9238.0,2552.0,1990.0,0.0,1274.0,1274.0,1392.0,598.0,1668.0,884.0
1.0,6686.0,2562.0,2013.0,0.0,3928.0,3928.0,1405.0,608.0,1775.0,787.0
1.0,4124.0,2042.0,2022.0,1274.0,4732.0,4732.0,1413.0,609.0,1529.0,513.0
1.0,3356.0,1490.0,2013.0,3928.0,2258.0,2258.0,1410.0,603.0,1158.0,332.0
1.0,5794.0,1480.0,1993.0,4732.0,0.0,0.0,1399.0,594.0,1050.0,430.0
1.0,9046.0,2027.0,1984.0,2258.0,0.0,0.0,1391.0,593.0,1316.0,711.0
1.0,9277.0,2573.0,1995.0,0.0,1276.0,1276.0,1395.0,600.0,1680.0,893.0
1.0,6704.0,2558.0,2016.0,0.0,3918.0,3918.0,1407.0,609.0,1770.0,788.0
1.0,4146.0,2007.0,2026.0,1276.0,4689.0,4689.0,1415.0,611.0,1502.0,505.0
1.0,3415.0,1479.0,2016.0,3918.0,2210.0,2210.0,1412.0,604.0,1155.0,324.0
1.0,5854.0,1483.0,1997.0,4689.0,0.0,0.0,1402.0,595.0,1061.0,422.0
1.0,9060.0,2013.0,1989.0,2210.0,0.0,0.0,1395.0,594.0,1308.0,705.0
1.0,9257.0,2549.0,1999.0,0.0,1288.0,1288.0,1398.0,601.0,1662.0,887.0
1.0,6708.0,2545.0,2020.0,0.0,3917.0,3917.0,1410.0,610.0,1762.0,783.0
1.0,4163.0,2010.0,2030.0,1288.0,4679.0,4679.0,1418.0,612.0,1510.0,500.0
1.0,3441.0,1503.0,2020.0,3917.0,2225.0,2225.0,1415.0,605.0,1180.0,323.0
1.0,5855.0,1526.0,2000.0,4679.0,0.0,0.0,1404.0,596.0,1093.0,433.0
1.0,9008.0,2054.0,1991.0,2225.0,0.0,0.0,1396.0,595.0,1330.0,724.0
1.0,9179.0,2579.0,2002.0,0.0,1408.0,1408.0,1400.0,602.0,1678.0,901.0
1.0,6600.0,2574.0,2025.0,0.0,4074.0,4074.0,1413.0,612.0,1788.0,786.0
1.0,4026.0,2029.0,2035.0,1408.0,4735.0,4735.0,1422.0,613.0,1534.0,495.0
1.0,3405.0,1488.0,2025.0,4074.0,2109.0,2109.0,1419.0,606.0,1169.0,319.0
1.0,5991.0,1473.0,2004.0,4735.0,0.0,0.0,1407.0,597.0,1046.0,427.0
1.0,9253.0,2005.0,1995.0,2109.0,0.0,0.0,1399.0,596.0,1289.0,716.0
1.0,9357.0,2561.0,2005.0,0.0,1224.0,1224.0,1402.0,603.0,1663.0,898.0
1.0,6796.0,2567.0,2027.0,0.0,3879.0,3879.0,1414.0,613.0,1777.0,790.0
1.0,4229.0,2030.0,2038.0,1224.0,4729.0,4729.0,1424.0,614.0,1530.0,500.0
1.0,3423.0,1515.0,2028.0,3879.0,2325.0,2325.0,1421.0,607.0,1186.0,329.0
1.0,5787.0,1536.0,2009.0,4729.0,0.0,0.0,1410.0,599.0,1095.0,441.0
1.0,8980.0,2062.0,1999.0,2325.0,0.0,0.0,1402.0,597.0,1334.0,728.0
1.0,9243.0,2571.0,2010.0,0.0,1368.0,1368.0,1405.0,605.0,1670.0,901.0
1.0,6672.0,2560.0,2031.0,0.0,4012.0,4012.0,1417.0,614.0,1768.0,792.0
1.0,4112.0,2019.0,2042.0,1368.0,4707.0,4707.0,1426.0,616.0,1519.0,500.0
1.0,3461.0,1502.0,2032.0,4012.0,2157.0,2157.0,1424.0,608.0,1183.0,319.0
1.0,5971.0,1517.0,2013.0,4707.0,0.0,0.0,1413.0,600.0,1092.0,425.0
1.0,9161.0,2053.0,2003.0,2157.0,0.0,0.0,1405.0,598.0,1340.0,713.0
1.0,9265.0,2569.0,2014.0,0.0,1360.0,1360.0,1408.0,606.0,1678.0,891.0
1.0,6696.0,2553.0,2036.0,0.0,4001.0,4001.0,1421.0,615.0,1764.0,789.0
1.0,4143.0,2015.0,2047.0,1360.0,4700.0,4700.0,1430.0,617.0,1509.0,506.0
1.0,3488.0,1497.0,2037.0,4001.0,2156.0,2156.0,1427.0,610.0,1165.0,332.0
1.0,5992.0,1524.0,2017.0,4700.0,0.0,0.0,1416.0,601.0,1085.0,439.0
1.0,9168.0,2075.0,2007.0,2156.0,0.0,0.0,1408.0,599.0,1351.0,724.0
1.0,9249.0,2602.0,2018.0,0.0,1425.0,1425.0,1411.0,607.0,1693.0,909.0
1.0,6647.0,2583.0,2039.0,0.0,4092.0,4092.0,1423.0,616.0,1782.0,801.0
1.0,4064.0,2034.0,2050.0,1425.0,4745.0,4745.0,1432.0,618.0,1526.0,508.0
1.0,3455.0,1511.0,2040.0,4092.0,2124.0,2124.0,1429.0,611.0,1189.0,322.0
1.0,6036.0,1539.0,2021.0,4745.0,0.0,0.0,1419.0,602.0,1112.0,427.0
1.0,9242.0,2074.0,2011.0,2124.0,0.0,0.0,1411.0,600.0,1359.0,715.0
1.0,9292.0,2578.0,2023.0,0.0,1378.0,1378.0,1415.0,608.0,1676.0,902.0
1.0,6714.0,2542.0,2043.0,0.0,4000.0,4000.0,1426.0,617.0,1745.0,797.0
1.0,4172.0,2000.0,2054.0,1378.0,4666.0,4666.0,1435.0,619.0,1496.0,504.0
1.0,3550.0,1490.0,2044.0,4000.0,2116.0,2116.0,1432.0,612.0,1176.0,314.0
1.0,6060.0,1519.0,2024.0,4666.0,0.0,0.0,1421.0,603.0,1099.0,420.0
1.0,9207.0,2082.0,2014.0,2116.0,0.0,0.0,1413.0,601.0,1358.0,724.0
1.0,9241.0,2617.0,2026.0,0.0,1480.0,1480.0,1417.0,609.0,1699.0,918.0
1.0,6624.0,2616.0,2048.0,0.0,4184.0,4184.0,1429.0,619.0,1796.0,820.0
1.0,4008.0,2065.0,2058.0,1480.0,4809.0,4809.0,1438.0,620.0,1545.0,520.0
1.0,3423.0,1517.0,2049.0,4184.0,2106.0,2106.0,1436.0,613.0,1195.0,322.0
1.0,6090.0,1523.0,2029.0,4809.0,0.0,0.0,1425.0,604.0,1094.0,429.0
1.0,9376.0,2054.0,2019.0,2106.0,0.0,0.0,1416.0,603.0,1330.0,724.0
1.0,9428.0,2577.0,2030.0,0.0,1269.0,1269.0,1419.0,611.0,1662.0,915.0
1.0,6851.0,2572.0,2051.0,0.0,3925.0,3925.0,1431.0,620.0,1764.0,808.0
1.0,4279.0,2044.0,2062.0,1269.0,4744.0,4744.0,1440.0,622.0,1531.0,513.0
1.0,3504.0,1526.0,2052.0,3925.0,2305.0,2305.0,1438.0,614.0,1206.0,320.0
1.0,5903.0,1530.0,2033.0,4744.0,0.0,0.0,1428.0,605.0,1109.0,421.0
1.0,9117.0,2049.0,2023.0,2305.0,0.0,0.0,1419.0,604.0,1336.0,713.0
1.0,9373.0,2589.0,2035.0,0.0,1356.0,1356.0,1423.0,612.0,1680.0,909.0
1.0,6784.0,2608.0,2055.0,0.0,4044.0,4044.0,1434.0,621.0,1790.0,818.0
1.0,4176.0,2085.0,2066.0,1356.0,4817.0,4817.0,1443.0,623.0,1554.0,531.0
1.0,3447.0,1545.0,2057.0,4044.0,2282.0,2282.0,1441.0,616.0,1211.0,334.0
1.0,5946.0,1523.0,2037.0,4817.0,0.0,0.0,1430.0,607.0,1099.0,424.0
1.0,9240.0,2051.0,2026.0,2282.0,0.0,0.0,1421.0,605.0,1338.0,713.0
1.0,9471.0,2610.0,2037.0,0.0,1287.0,1287.0,1424.0,613.0,1700.0,910.0
1.0,6861.0,2624.0,2060.0,0.0,4003.0,4003.0,1437.0,623.0,1808.0,816.0
1.0,4237.0,2065.0,2071.0,1287.0,4825.0,4825.0,1446.0,625.0,1543.0,522.0
1.0,3459.0,1494.0,2061.0,4003.0,2276.0,2276.0,1444.0,617.0,1171.0,323.0
1.0,5968.0,1494.0,2040.0,4825.0,0.0,0.0,1432.0,608.0,1072.0,422.0
1.0,9299.0,2048.0,2030.0,2276.0,0.0,0.0,1424.0,606.0,1331.0,717.0
1.0,9527.0,2616.0,2041.0,0.0,1253.0,1253.0,1427.0,614.0,1702.0,914.0
1.0,6911.0,2628.0,2063.0,0.0,3969.0,3969.0,1439.0,624.0,1812.0,816.0
1.0,4283.0,2084.0,2073.0,1253.0,4840.0,4840.0,1448.0,625.0,1557.0,527.0
1.0,3452.0,1539.0,2064.0,3969.0,2374.0,2374.0,1446.0,618.0,1205.0,334.0
1.0,5882.0,1551.0,2044.0,4840.0,0.0,0.0,1435.0,609.0,1117.0,434.0
1.0,9171.0,2093.0,2035.0,2374.0,0.0,0.0,1427.0,608.0,1369.0,724.0
1.0,9452.0,2624.0,2046.0,0.0,1356.0,1356.0,1431.0,615.0,1718.0,906.0
1.0,6828.0,2601.0,2068.0,0.0,4045.0,4045.0,1443.0,625.0,1799.0,802.0
1.0,4227.0,2054.0,2078.0,1356.0,4783.0,4783.0,1452.0,626.0,1538.0,516.0
1.0,3529.0,1521.0,2068.0,4045.0,2219.0,2219.0,1449.0,619.0,1183.0,338.0
1.0,6053.0,1515.0,2047.0,4783.0,0.0,0.0,1437.0,610.0,1077.0,438.0
1.0,9321.0,2066.0,2038.0,2219.0,0.0,0.0,1429.0,609.0,1346.0,720.0
1.0,9474.0,2624.0,2050.0,0.0,1350.0,1350.0,1433.0,617.0,1720.0,904.0
1.0,6850.0,2637.0,2072.0,0.0,4075.0,4075.0,1446.0,626.0,1832.0,805.0
1.0,4213.0,2102.0,2083.0,1350.0,4871.0,4871.0,1455.0,628.0,1573.0,529.0
1.0,3461.0,1557.0,2072.0,4075.0,2309.0,2309.0,1452.0,620.0,1204.0,353.0
1.0,5979.0,1545.0,2053.0,4871.0,0.0,0.0,1441.0,612.0,1095.0,450.0
1.0,9305.0,2078.0,2043.0,2309.0,0.0,0.0,1433.0,610.0,1354.0,724.0
1.0,9536.0,2619.0,2054.0,0.0,1299.0,1299.0,1436.0,618.0,1721.0,898.0
1.0,6917.0,2631.0,2076.0,0.0,4018.0,4018.0,1449.0,627.0,1828.0,803.0
1.0,4286.0,2089.0,2086.0,1299.0,4848.0,4848.0,1457.0,629.0,1562.0,527.0
1.0,3496.0,1534.0,2076.0,4018.0,2324.0,2324.0,1454.0,622.0,1188.0,346.0
1.0,5980.0,1529.0,2056.0,4848.0,0.0,0.0,1443.0,613.0,1089.0,440.0
1.0,9299.0,2068.0,2046.0,2324.0,0.0,0.0,1435.0,611.0,1356.0,712.0
1.0,9555.0,2618.0,2059.0,0.0,1299.0,1299.0,1440.0,619.0,1724.0,894.0
1.0,6937.0,2623.0,2080.0,0.0,4006.0,4006.0,1452.0,628.0,1821.0,802.0
1.0,4314.0,2072.0,2091.0,1299.0,4823.0,4823.0,1461.0,630.0,1544.0,528.0
1.0,3541.0,1532.0,2080.0,4006.0,2305.0,2305.0,1457.0,623.0,1182.0,350.0
1.0,6015.0,1549.0,2060.0,4823.0,0.0,0.0,1446.0,614.0,1099.0,450.0
1.0,9289.0,2121.0,2050.0,2305.0,0.0,0.0,1438.0,612.0,1392.0,729.0
1.0,9473.0,2672.0,2062.0,0.0,1447.0,1447.0,1442.0,620.0,1759.0,913.0
1.0,6801.0,2666.0,2084.0,0.0,4201.0,4201.0,1455.0,629.0,1853.0,813.0
1.0,4135.0,2088.0,2095.0,1447.0,4886.0,4886.0,1464.0,631.0,1559.0,529.0
1.0,3494.0,1522.0,2085.0,4201.0,2167.0,2167.0,1461.0,624.0,1176.0,346.0
1.0,6173.0,1525.0,2065.0,4886.0,0.0,0.0,1450.0,615.0,1082.0,443.0
1.0,9534.0,2081.0,2055.0,2167.0,0.0,0.0,1442.0,613.0,1360.0,721.0
1.0,9620.0,2630.0,2067.0,0.0,1278.0,1278.0,1446.0,621.0,1724.0,906.0
1.0,6990.0,2620.0,2087.0,0.0,3978.0,3978.0,1457.0,630.0,1815.0,805.0
1.0,4370.0,2070.0,2098.0,1278.0,4814.0,4814.0,1466.0,632.0,1547.0,523.0
1.0,3578.0,1546.0,2088.0,3978.0,2342.0,2342.0,1463.0,625.0,1203.0,343.0
1.0,6010.0,1559.0,2068.0,4814.0,0.0,0.0,1452.0,616.0,1116.0,443.0
1.0,9265.0,2108.0,2058.0,2342.0,0.0,0.0,1444.0,614.0,1381.0,727.0
1.0,9499.0,2661.0,2070.0,0.0,1442.0,1442.0,1448.0,622.0,1742.0,919.0
1.0,6838.0,2653.0,2091.0,0.0,4179.0,4179.0,1460.0,631.0,1832.0,821.0
1.0,4185.0,2094.0,2102.0,1442.0,4875.0,4875.0,1469.0,633.0,1558.0,536.0
1.0,3533.0,1538.0,2092.0,4179.0,2194.0,2194.0,1466.0,626.0,1191.0,347.0
1.0,6174.0,1546.0,2071.0,4875.0,0.0,0.0,1454.0,617.0,1098.0,448.0
1.0,9503.0,2110.0,2062.0,2194.0,0.0,0.0,1446.0,616.0,1380.0,730.0
1.0,9587.0,2658.0,2073.0,0.0,1363.0,1363.0,1450.0,623.0,1747.0,911.0
1.0,6929.0,2650.0,2095.0,0.0,4101.0,4101.0,1463.0,632.0,1842.0,808.0
1.0,4279.0,2081.0,2106.0,1363.0,4863.0,4863.0,1472.0,634.0,1559.0,522.0
1.0,3561.0,1520.0,2096.0,4101.0,2242.0,2242.0,1469.0,627.0,1178.0,342.0
1.0,6142.0,1550.0,2076.0,4863.0,0.0,0.0,1458.0,618.0,1094.0,456.0
1.0,9455.0,2125.0,2066.0,2242.0,0.0,0.0,1449.0,617.0,1383.0,742.0
1.0,9572.0,2677.0,2077.0,0.0,1413.0,1413.0,1453.0,624.0,1760.0,917.0
1.0,6895.0,2659.0,2099.0,0.0,4160.0,4160.0,1466.0,633.0,1851.0,808.0
1.0,4236.0,2092.0,2110.0,1413.0,4883.0,4883.0,1475.0,635.0,1571.0,521.0
1.0,3557.0,1547.0,2099.0,4160.0,2226.0,2226.0,1471.0,628.0,1196.0,351.0
1.0,6170.0,1570.0,2078.0,4883.0,0.0,0.0,1459.0,619.0,1106.0,464.0
1.0,9483.0,2142.0,2070.0,2226.0,0.0,0.0,1452.0,618.0,1401.0,741.0
1.0,9567.0,2678.0,2082.0,0.0,1439.0,1439.0,1456.0,626.0,1769.0,909.0
1.0,6889.0,2641.0,2104.0,0.0,4168.0,4168.0,1469.0,635.0,1846.0,795.0
1.0,4248.0,2063.0,2114.0,1439.0,4832.0,4832.0,1478.0,636.0,1544.0,519.0
1.0,3624.0,1525.0,2104.0,4168.0,2149.0,2149.0,1475.0,629.0,1168.0,357.0
1.0,6267.0,1556.0,2083.0,4832.0,0.0,0.0,1462.0,621.0,1089.0,467.0
1.0,9543.0,2135.0,2074.0,2149.0,0.0,0.0,1454.0,620.0,1392.0,743.0
1.0,9557.0,2701.0,2085.0,0.0,1484.0,1484.0,1458.0,627.0,1793.0,908.0
1.0,6856.0,2682.0,2106.0,0.0,4250.0,4250.0,1471.0,635.0,1886.0,796.0
1.0,4174.0,2110.0,2118.0,1484.0,4924.0,4924.0,1481.0,637.0,1586.0,524.0
1.0,3548.0,1559.0,2108.0,4250.0,2193.0,2193.0,1478.0,630.0,1194.0,365.0
1.0,6239.0,1575.0,2088.0,4924.0,0.0,0.0,1466.0,622.0,1099.0,476.0
1.0,9588.0,2139.0,2078.0,2193.0,0.0,0.0,1457.0,621.0,1392.0,747.0
1.0,9642.0,2674.0,2089.0,0.0,1388.0,1388.0,1461.0,628.0,1767.0,907.0
1.0,6968.0,2644.0,2111.0,0.0,4120.0,4120.0,1474.0,637.0,1850.0,794.0
1.0,4324.0,2072.0,2121.0,1388.0,4844.0,4844.0,1483.0,638.0,1556.0,516.0
1.0,3640.0,1537.0,2111.0,4120.0,2221.0,2221.0,1480.0,631.0,1182.0,355.0
1.0,6223.0,1566.0,2091.0,4844.0,0.0,0.0,1468.0,623.0,1098.0,468.0
1.0,9501.0,2147.0,2081.0,2221.0,0.0,0.0,1459.0,622.0,1398.0,749.0
1.0,9575.0,2703.0,2094.0,0.0,1504.0,1504.0,1464.0,630.0,1787.0,916.0
1.0,6872.0,2680.0,2115.0,0.0,4268.0,4268.0,1477.0,638.0,1877.0,803.0
1.0,4192.0,2116.0,2127.0,1504.0,4928.0,4928.0,1487.0,640.0,1584.0,532.0
1.0,3580.0,1568.0,2116.0,4268.0,2184.0,2184.0,1483.0,633.0,1194.0,374.0
1.0,6280.0,1579.0,2095.0,4928.0,0.0,0.0,1470.0,625.0,1093.0,486.0
1.0,9629.0,2134.0,2085.0,2184.0,0.0,0.0,1461.0,624.0,1384.0,750.0
1.0,9679.0,2686.0,2096.0,0.0,1391.0,1391.0,1465.0,631.0,1784.0,902.0
1.0,6993.0,2683.0,2118.0,0.0,4162.0,4162.0,1479.0,639.0,1893.0,790.0
1.0,4310.0,2134.0,2130.0,1391.0,4953.0,4953.0,1489.0,641.0,1605.0,529.0
1.0,3567.0,1562.0,2120.0,4162.0,2313.0,2313.0,1486.0,634.0,1189.0,373.0
1.0,6167.0,1542.0,2099.0,4953.0,0.0,0.0,1473.0,626.0,1065.0,477.0
1.0,9578.0,2090.0,2089.0,2313.0,0.0,0.0,1464.0,625.0,1354.0,736.0
1.0,9801.0,2664.0,2101.0,0.0,1267.0,1267.0,1469.0,632.0,1774.0,890.0
1.0,7137.0,2684.0,2122.0,0.0,4035.0,4035.0,1482.0,640.0,1896.0,788.0
1.0,4453.0,2145.0,2134.0,1267.0,4961.0,4961.0,1492.0,642.0,1605.0,540.0
1.0,3575.0,1611.0,2124.0,4035.0,2497.0,2497.0,1488.0,636.0,1214.0,397.0
1.0,5999.0,1617.0,2104.0,4961.0,0.0,0.0,1476.0,628.0,1118.0,499.0
1.0,9343.0,2152.0,2094.0,2497.0,0.0,0.0,1468.0,626.0,1401.0,751.0
1.0,9688.0,2671.0,2105.0,0.0,1403.0,1403.0,1472.0,633.0,1780.0,891.0
1.0,7017.0,2656.0,2128.0,0.0,4151.0,4151.0,1486.0,642.0,1874.0,782.0
1.0,4361.0,2114.0,2138.0,1403.0,4902.0,4902.0,1495.0,643.0,1580.0,534.0
1.0,3650.0,1587.0,2128.0,4151.0,2298.0,2298.0,1491.0,637.0,1194.0,393.0
1.0,6214.0,1595.0,2108.0,4902.0,0.0,0.0,1479.0,629.0,1100.0,495.0
1.0,9521.0,2137.0,2098.0,2298.0,0.0,0.0,1470.0,628.0,1391.0,746.0
1.0,9682.0,2662.0,2109.0,0.0,1416.0,1416.0,1474.0,635.0,1775.0,887.0
1.0,7020.0,2650.0,2131.0,0.0,4154.0,4154.0,1488.0,643.0,1873.0,777.0
1.0,4370.0,2119.0,2141.0,1416.0,4897.0,4897.0,1497.0,644.0,1590.0,529.0
1.0,3667.0,1618.0,2132.0,4154.0,2325.0,2325.0,1494.0,638.0,1225.0,393.0
1.0,6203.0,1644.0,2112.0,4897.0,0.0,0.0,1482.0,630.0,1138.0,506.0
1.0,9456.0,2179.0,2103.0,2325.0,0.0,0.0,1474.0,629.0,1423.0,756.0
1.0,9602.0,2679.0,2114.0,0.0,1533.0,1533.0,1478.0,636.0,1790.0,889.0
1.0,6923.0,2658.0,2135.0,0.0,4275.0,4275.0,1491.0,644.0,1878.0,780.0
1.0,4265.0,2113.0,2145.0,1533.0,4895.0,4895.0,1500.0,645.0,1581.0,532.0
1.0,3685.0,1613.0,2136.0,4275.0,2197.0,2197.0,1497.0,639.0,1212.0,401.0
1.0,6347.0,1631.0,2115.0,4895.0,0.0,0.0,1484.0,631.0,1119.0,512.0
1.0,9611.0,2165.0,2106.0,2197.0,0.0,0.0,1476.0,630.0,1411.0,754.0
1.0,9643.0,2682.0,2118.0,0.0,1511.0,1511.0,1481.0,637.0,1797.0,885.0
1.0,6961.0,2661.0,2140.0,0.0,4260.0,4260.0,1494.0,646.0,1883.0,778.0
1.0,4300.0,2120.0,2151.0,1511.0,4913.0,4913.0,1504.0,647.0,1585.0,535.0
1.0,3691.0,1594.0,2140.0,4260.0,2203.0,2203.0,1500.0,640.0,1197.0,397.0
1.0,6357.0,1609.0,2119.0,4913.0,0.0,0.0,1487.0,632.0,1103.0,506.0
1.0,9661.0,2170.0,2110.0,2203.0,0.0,0.0,1478.0,632.0,1407.0,763.0
1.0,9694.0,2718.0,2121.0,0.0,1508.0,1508.0,1482.0,639.0,1817.0,901.0
1.0,6976.0,2704.0,2143.0,0.0,4300.0,4300.0,1496.0,647.0,1921.0,783.0
1.0,4272.0,2158.0,2154.0,1508.0,4994.0,4994.0,1506.0,648.0,1628.0,530.0
1.0,3622.0,1612.0,2144.0,4300.0,2266.0,2266.0,1503.0,641.0,1219.0,393.0
1.0,6310.0,1603.0,2124.0,4994.0,0.0,0.0,1490.0,634.0,1096.0,507.0
1.0,9701.0,2143.0,2114.0,2266.0,0.0,0.0,1481.0,633.0,1385.0,758.0
1.0,9824.0,2675.0,2126.0,0.0,1355.0,1355.0,1486.0,640.0,1786.0,889.0
1.0,7149.0,2665.0,2147.0,0.0,4104.0,4104.0,1499.0,648.0,1891.0,774.0
1.0,4484.0,2115.0,2158.0,1355.0,4908.0,4908.0,1509.0,649.0,1592.0,523.0
1.0,3724.0,1586.0,2147.0,4104.0,2346.0,2346.0,1505.0,642.0,1197.0,389.0
1.0,6242.0,1628.0,2127.0,4908.0,0.0,0.0,1492.0,635.0,1110.0,518.0
1.0,9522.0,2198.0,2117.0,2346.0,0.0,0.0,1483.0,634.0,1424.0,774.0
1.0,9670.0,2736.0,2129.0,0.0,1582.0,1582.0,1488.0,641.0,1830.0,906.0
1.0,6934.0,2693.0,2151.0,0.0,4363.0,4363.0,1502.0,649.0,1912.0,781.0
1.0,4241.0,2131.0,2162.0,1582.0,4956.0,4956.0,1512.0,650.0,1602.0,529.0
1.0,3692.0,1622.0,2151.0,4363.0,2171.0,2171.0,1508.0,643.0,1216.0,406.0
1.0,6433.0,1651.0,2132.0,4956.0,0.0,0.0,1496.0,636.0,1125.0,526.0
1.0,9738.0,2189.0,2123.0,2171.0,0.0,0.0,1487.0,636.0,1421.0,768.0
1.0,9720.0,2688.0,2133.0,0.0,1500.0,1500.0,1490.0,643.0,1804.0,884.0
1.0,7032.0,2647.0,2154.0,0.0,4231.0,4231.0,1504.0,650.0,1889.0,758.0
1.0,4385.0,2114.0,2165.0,1500.0,4889.0,4889.0,1514.0,651.0,1593.0,521.0
1.0,3771.0,1633.0,2155.0,4231.0,2251.0,2251.0,1511.0,644.0,1225.0,408.0
1.0,6369.0,1681.0,2137.0,4889.0,0.0,0.0,1499.0,638.0,1150.0,531.0
1.0,9577.0,2201.0,2128.0,2251.0,0.0,0.0,1491.0,637.0,1432.0,769.0
1.0,9627.0,2683.0,2138.0,0.0,1608.0,1608.0,1494.0,644.0,1790.0,893.0
1.0,6944.0,2649.0,2158.0,0.0,4337.0,4337.0,1507.0,651.0,1875.0,774.0
1.0,4295.0,2137.0,2168.0,1608.0,4906.0,4906.0,1516.0,652.0,1602.0,535.0
1.0,3766.0,1654.0,2158.0,4337.0,2183.0,2183.0,1513.0,645.0,1238.0,416.0
1.0,6449.0,1694.0,2140.0,4906.0,0.0,0.0,1501.0,639.0,1158.0,536.0
1.0,9661.0,2232.0,2132.0,2183.0,0.0,0.0,1493.0,639.0,1453.0,779.0
1.0,9612.0,2713.0,2143.0,0.0,1673.0,1673.0,1498.0,645.0,1821.0,892.0
1.0,6899.0,2654.0,2164.0,0.0,4411.0,4411.0,1511.0,653.0,1888.0,766.0
1.0,4245.0,2114.0,2173.0,1673.0,4888.0,4888.0,1520.0,653.0,1591.0,523.0
1.0,3804.0,1616.0,2164.0,4411.0,2057.0,2057.0,1517.0,647.0,1216.0,400.0
1.0,6599.0,1645.0,2144.0,4888.0,0.0,0.0,1504.0,640.0,1124.0,521.0
1.0,9842.0,2185.0,2135.0,2057.0,0.0,0.0,1496.0,639.0,1412.0,773.0
1.0,9714.0,2708.0,2147.0,0.0,1582.0,1582.0,1500.0,647.0,1804.0,904.0
1.0,7006.0,2699.0,2167.0,0.0,4361.0,4361.0,1513.0,654.0,1918.0,781.0
1.0,4307.0,2176.0,2177.0,1582.0,4995.0,4995.0,1523.0,654.0,1649.0,527.0
1.0,3713.0,1657.0,2168.0,4361.0,2255.0,2255.0,1520.0,648.0,1256.0,401.0
1.0,6417.0,1684.0,2148.0,4995.0,0.0,0.0,1507.0,641.0,1148.0,536.0
1.0,9728.0,2205.0,2139.0,2255.0,0.0,0.0,1498.0,641.0,1415.0,790.0
1.0,9778.0,2702.0,2151.0,0.0,1528.0,1528.0,1503.0,648.0,1794.0,908.0
1.0,7076.0,2678.0,2171.0,0.0,4286.0,4286.0,1516.0,655.0,1906.0,772.0
1.0,4398.0,2143.0,2182.0,1528.0,4945.0,4945.0,1526.0,656.0,1621.0,522.0
1.0,3783.0,1635.0,2171.0,4286.0,2250.0,2250.0,1522.0,649.0,1231.0,404.0
1.0,6434.0,1657.0,2151.0,4945.0,0.0,0.0,1509.0,642.0,1124.0,533.0
1.0,9722.0,2180.0,2142.0,2250.0,0.0,0.0,1500.0,642.0,1403.0,777.0
1.0,9792.0,2706.0,2153.0,0.0,1526.0,1526.0,1504.0,649.0,1809.0,897.0
1.0,7086.0,2704.0,2174.0,0.0,4314.0,4314.0,1518.0,656.0,1927.0,777.0
1.0,4382.0,2182.0,2186.0,1526.0,5018.0,5018.0,1529.0,657.0,1648.0,534.0
1.0,3726.0,1658.0,2176.0,4314.0,2322.0,2322.0,1526.0,650.0,1248.0,410.0
1.0,6382.0,1669.0,2156.0,5018.0,0.0,0.0,1513.0,643.0,1135.0,534.0
1.0,9731.0,2198.0,2146.0,2322.0,0.0,0.0,1503.0,643.0,1418.0,780.0
1.0,9855.0,2725.0,2157.0,0.0,1498.0,1498.0,1507.0,650.0,1822.0,903.0
1.0,7130.0,2714.0,2178.0,0.0,4296.0,4296.0,1520.0,658.0,1934.0,780.0
1.0,4416.0,2180.0,2189.0,1498.0,5022.0,5022.0,1531.0,658.0,1646.0,534.0
1.0,3734.0,1659.0,2179.0,4296.0,2345.0,2345.0,1528.0,651.0,1252.0,407.0
1.0,6371.0,1664.0,2160.0,5022.0,0.0,0.0,1516.0,644.0,1140.0,524.0
1.0,9729.0,2188.0,2151.0,2345.0,0.0,0.0,1507.0,644.0,1412.0,776.0
1.0,9886.0,2696.0,2163.0,0.0,1462.0,1462.0,1511.0,652.0,1796.0,900.0
1.0,7190.0,2677.0,2183.0,0.0,4219.0,4219.0,1524.0,659.0,1899.0,778.0
1.0,4513.0,2165.0,2193.0,1462.0,4962.0,4962.0,1534.0,659.0,1630.0,535.0
1.0,3810.0,1680.0,2184.0,4219.0,2387.0,2387.0,1531.0,653.0,1259.0,421.0
1.0,6349.0,1723.0,2164.0,4962.0,0.0,0.0,1518.0,646.0,1173.0,550.0
1.0,9588.0,2245.0,2156.0,2387.0,0.0,0.0,1510.0,646.0,1454.0,791.0
1.0,9730.0,2735.0,2167.0,0.0,1673.0,1673.0,1514.0,653.0,1830.0,905.0
1.0,6995.0,2689.0,2187.0,0.0,4442.0,4442.0,1527.0,660.0,1916.0,773.0
1.0,4306.0,2165.0,2197.0,1673.0,4974.0,4974.0,1537.0,660.0,1634.0,531.0
1.0,3814.0,1678.0,2188.0,4442.0,2174.0,2174.0,1534.0,654.0,1260.0,418.0
1.0,6578.0,1699.0,2169.0,4974.0,0.0,0.0,1522.0,647.0,1157.0,542.0
1.0,9853.0,2202.0,2160.0,2174.0,0.0,0.0,1513.0,647.0,1425.0,777.0
1.0,9825.0,2684.0,2172.0,0.0,1547.0,1547.0,1517.0,655.0,1797.0,887.0
1.0,7141.0,2662.0,2190.0,0.0,4281.0,4281.0,1529.0,661.0,1893.0,769.0
1.0,4479.0,2157.0,2201.0,1547.0,4935.0,4935.0,1539.0,662.0,1622.0,535.0
1.0,3869.0,1691.0,2190.0,4281.0,2301.0,2301.0,1535.0,655.0,1271.0,420.0
1.0,6459.0,1746.0,2172.0,4935.0,0.0,0.0,1524.0,648.0,1199.0,547.0
1.0,9648.0,2260.0,2164.0,2301.0,0.0,0.0,1516.0,648.0,1472.0,788.0
1.0,9689.0,2729.0,2177.0,0.0,1748.0,1748.0,1521.0,656.0,1819.0,910.0
1.0,6960.0,2681.0,2196.0,0.0,4505.0,4505.0,1533.0,663.0,1893.0,788.0
1.0,4279.0,2155.0,2205.0,1748.0,4948.0,4948.0,1542.0,663.0,1609.0,546.0
1.0,3872.0,1677.0,2194.0,4505.0,2076.0,2076.0,1538.0,656.0,1256.0,421.0
1.0,6700.0,1733.0,2175.0,4948.0,0.0,0.0,1526.0,649.0,1196.0,537.0
1.0,9915.0,2256.0,2168.0,2076.0,0.0,0.0,1518.0,650.0,1476.0,780.0
1.0,9735.0,2723.0,2180.0,0.0,1708.0,1708.0,1523.0,657.0,1823.0,900.0
1.0,7012.0,2660.0,2199.0,0.0,4444.0,4444.0,1535.0,664.0,1880.0,780.0
1.0,4352.0,2130.0,2208.0,1708.0,4902.0,4902.0,1544.0,664.0,1595.0,535.0
1.0,3930.0,1650.0,2198.0,4444.0,2068.0,2068.0,1541.0,657.0,1239.0,411.0
1.0,6724.0,1714.0,2179.0,4902.0,0.0,0.0,1529.0,650.0,1183.0,531.0
1.0,9912.0,2275.0,2171.0,2068.0,0.0,0.0,1521.0,650.0,1492.0,783.0
1.0,9705.0,2764.0,2183.0,0.0,1791.0,1791.0,1525.0,658.0,1851.0,913.0
1.0,6941.0,2704.0,2202.0,0.0,4571.0,4571.0,1537.0,665.0,1910.0,794.0
1.0,4237.0,2171.0,2212.0,1791.0,4991.0,4991.0,1546.0,666.0,1623.0,548.0
1.0,3857.0,1695.0,2202.0,4571.0,2075.0,2075.0,1544.0,658.0,1271.0,424.0
1.0,6733.0,1757.0,2184.0,4991.0,0.0,0.0,1532.0,652.0,1209.0,548.0
1.0,9967.0,2286.0,2177.0,2075.0,0.0,0.0,1525.0,652.0,1494.0,792.0
1.0,9756.0,2744.0,2188.0,0.0,1740.0,1740.0,1529.0,659.0,1835.0,909.0
1.0,7012.0,2667.0,2208.0,0.0,4487.0,4487.0,1541.0,667.0,1885.0,782.0
1.0,4345.0,2120.0,2217.0,1740.0,4903.0,4903.0,1550.0,667.0,1585.0,535.0
1.0,3965.0,1651.0,2207.0,4487.0,2027.0,2027.0,1547.0,660.0,1238.0,413.0
1.0,6801.0,1727.0,2188.0,4903.0,0.0,0.0,1535.0,653.0,1188.0,539.0
1.0,9977.0,2286.0,2180.0,2027.0,0.0,0.0,1527.0,653.0,1498.0,788.0
1.0,9718.0,2784.0,2191.0,0.0,1830.0,1830.0,1531.0,660.0,1872.0,912.0
1.0,6934.0,2728.0,2212.0,0.0,4642.0,4642.0,1544.0,668.0,1935.0,793.0
1.0,4206.0,2171.0,2222.0,1830.0,5023.0,5023.0,1554.0,668.0,1624.0,547.0
1.0,3865.0,1679.0,2212.0,4642.0,2020.0,2020.0,1551.0,661.0,1258.0,421.0
1.0,6828.0,1740.0,2193.0,5023.0,0.0,0.0,1539.0,654.0,1198.0,542.0
1.0,10111.0,2293.0,2184.0,2020.0,0.0,0.0,1530.0,654.0,1504.0,789.0
1.0,9838.0,2781.0,2197.0,0.0,1731.0,1731.0,1535.0,662.0,1865.0,916.0
1.0,7057.0,2704.0,2216.0,0.0,4511.0,4511.0,1547.0,669.0,1913.0,791.0
1.0,4353.0,2130.0,2225.0,1731.0,4946.0,4946.0,1556.0,669.0,1593.0,537.0
1.0,3954.0,1647.0,2215.0,4511.0,2042.0,2042.0,1553.0,662.0,1239.0,408.0
1.0,6818.0,1727.0,2196.0,4946.0,0.0,0.0,1541.0,655.0,1192.0,535.0
1.0,10037.0,2310.0,2189.0,2042.0,0.0,0.0,1534.0,655.0,1512.0,798.0
1.0,9769.0,2805.0,2201.0,0.0,1840.0,1840.0,1538.0,663.0,1878.0,927.0
1.0,6964.0,2727.0,2221.0,0.0,4647.0,4647.0,1551.0,670.0,1926.0,801.0
1.0,4237.0,2162.0,2230.0,1840.0,5005.0,5005.0,1560.0,670.0,1615.0,547.0
1.0,3915.0,1666.0,2219.0,4647.0,1980.0,1980.0,1556.0,663.0,1246.0,420.0
1.0,6896.0,1754.0,2200.0,5005.0,0.0,0.0,1544.0,656.0,1205.0,549.0
1.0,10147.0,2319.0,2193.0,1980.0,0.0,0.0,1536.0,657.0,1523.0,796.0
1.0,9808.0,2805.0,2205.0,0.0,1817.0,1817.0,1541.0,664.0,1892.0,913.0
1.0,7003.0,2724.0,2225.0,0.0,4621.0,4621.0,1554.0,671.0,1936.0,788.0
1.0,4279.0,2143.0,2234.0,1817.0,4983.0,4983.0,1563.0,671.0,1606.0,537.0
1.0,3953.0,1641.0,2223.0,4621.0,1959.0,1959.0,1559.0,664.0,1227.0,414.0
1.0,6933.0,1724.0,2205.0,4983.0,0.0,0.0,1547.0,658.0,1176.0,548.0
1.0,10192.0,2300.0,2197.0,1959.0,0.0,0.0,1539.0,658.0,1502.0,798.0
1.0,9851.0,2803.0,2210.0,0.0,1792.0,1792.0,1544.0,666.0,1885.0,918.0
1.0,7048.0,2720.0,2230.0,0.0,4592.0,4592.0,1557.0,673.0,1933.0,787.0
1.0,4328.0,2154.0,2238.0,1792.0,4986.0,4986.0,1565.0,673.0,1610.0,544.0
1.0,3966.0,1686.0,2227.0,4592.0,2036.0,2036.0,1561.0,666.0,1254.0,432.0
1.0,6872.0,1792.0,2209.0,4986.0,0.0,0.0,1550.0,659.0,1233.0,559.0
1.0,10066.0,2355.0,2202.0,2036.0,0.0,0.0,1543.0,659.0,1553.0,802.0
1.0,9747.0,2817.0,2215.0,0.0,1930.0,1930.0,1549.0,666.0,1898.0,919.0
1.0,6930.0,2724.0,2236.0,0.0,4738.0,4738.0,1562.0,674.0,1925.0,799.0
1.0,4206.0,2141.0,2243.0,1930.0,4977.0,4977.0,1569.0,674.0,1589.0,552.0
1.0,3995.0,1648.0,2231.0,4738.0,1839.0,1839.0,1564.0,667.0,1225.0,423.0
1.0,7085.0,1740.0,2212.0,4977.0,0.0,0.0,1552.0,660.0,1201.0,539.0
1.0,10322.0,2321.0,2206.0,1839.0,0.0,0.0,1546.0,660.0,1539.0,782.0
1.0,9840.0,2809.0,2219.0,0.0,1845.0,1845.0,1552.0,667.0,1902.0,907.0
1.0,7031.0,2725.0,2240.0,0.0,4654.0,4654.0,1565.0,675.0,1932.0,793.0
1.0,4306.0,2144.0,2248.0,1845.0,4985.0,4985.0,1573.0,675.0,1591.0,553.0
1.0,4007.0,1662.0,2236.0,4654.0,1945.0,1945.0,1568.0,668.0,1233.0,429.0
1.0,6999.0,1759.0,2217.0,4985.0,0.0,0.0,1556.0,661.0,1211.0,548.0
1.0,10225.0,2344.0,2210.0,1945.0,0.0,0.0,1549.0,661.0,1546.0,798.0
1.0,9826.0,2831.0,2223.0,0.0,1897.0,1897.0,1554.0,669.0,1906.0,925.0
1.0,6995.0,2735.0,2243.0,0.0,4712.0,4712.0,1567.0,676.0,1932.0,803.0
1.0,4260.0,2162.0,2250.0,1897.0,5005.0,5005.0,1574.0,676.0,1607.0,555.0
1.0,3995.0,1681.0,2239.0,4712.0,1930.0,1930.0,1570.0,669.0,1251.0,430.0
1.0,7026.0,1780.0,2220.0,5005.0,0.0,0.0,1558.0,662.0,1229.0,551.0
1.0,10251.0,2344.0,2213.0,1930.0,0.0,0.0,1551.0,662.0,1545.0,799.0
1.0,9837.0,2809.0,2227.0,0.0,1880.0,1880.0,1557.0,670.0,1890.0,919.0
1.0,7028.0,2704.0,2247.0,0.0,4664.0,4664.0,1570.0,677.0,1916.0,788.0
1.0,4324.0,2125.0,2255.0,1880.0,4941.0,4941.0,1578.0,677.0,1588.0,537.0
1.0,4079.0,1666.0,2243.0,4664.0,1895.0,1895.0,1573.0,670.0,1243.0,423.0
1.0,7077.0,1790.0,2224.0,4941.0,0.0,0.0,1561.0,663.0,1235.0,555.0
1.0,10228.0,2384.0,2217.0,1895.0,0.0,0.0,1554.0,663.0,1574.0,810.0
1.0,9739.0,2857.0,2231.0,0.0,2042.0,2042.0,1560.0,671.0,1927.0,930.0
1.0,6882.0,2741.0,2251.0,0.0,4863.0,4863.0,1573.0,678.0,1943.0,798.0
1.0,4141.0,2154.0,2259.0,2042.0,5007.0,5007.0,1581.0,678.0,1608.0,546.0
1.0,4029.0,1676.0,2247.0,4863.0,1772.0,1772.0,1576.0,671.0,1251.0,425.0
1.0,7216.0,1791.0,2228.0,5007.0,0.0,0.0,1564.0,664.0,1231.0,560.0
1.0,10432.0,2375.0,2222.0,1772.0,0.0,0.0,1557.0,665.0,1562.0,813.0
1.0,9829.0,2829.0,2235.0,0.0,1940.0,1940.0,1563.0,672.0,1899.0,930.0
1.0,7000.0,2691.0,2256.0,0.0,4715.0,4715.0,1576.0,680.0,1898.0,793.0
1.0,4309.0,2103.0,2263.0,1940.0,4906.0,4906.0,1583.0,680.0,1562.0,541.0
1.0,4146.0,1673.0,2251.0,4715.0,1816.0,1816.0,1578.0,673.0,1250.0,423.0
1.0,7188.0,1830.0,2232.0,4906.0,0.0,0.0,1566.0,666.0,1271.0,559.0
1.0,10264.0,2427.0,2226.0,1816.0,0.0,0.0,1560.0,666.0,1612.0,815.0
1.0,9653.0,2859.0,2239.0,0.0,2162.0,2162.0,1566.0,673.0,1922.0,937.0
1.0,6794.0,2693.0,2259.0,0.0,4935.0,4935.0,1578.0,681.0,1892.0,801.0
1.0,4101.0,2095.0,2265.0,2162.0,4892.0,4892.0,1585.0,680.0,1556.0,539.0
1.0,4168.0,1679.0,2253.0,4935.0,1588.0,1588.0,1580.0,673.0,1257.0,422.0
1.0,7424.0,1855.0,2234.0,4892.0,0.0,0.0,1568.0,666.0,1293.0,562.0
1.0,10461.0,2444.0,2229.0,1588.0,0.0,0.0,1562.0,667.0,1624.0,820.0
1.0,9605.0,2846.0,2243.0,0.0,2213.0,2213.0,1568.0,675.0,1912.0,934.0
1.0,6759.0,2669.0,2263.0,0.0,4962.0,4962.0,1581.0,682.0,1874.0,795.0
1.0,4090.0,2072.0,2270.0,2213.0,4849.0,4849.0,1588.0,682.0,1542.0,530.0
1.0,4231.0,1668.0,2257.0,4962.0,1503.0,1503.0,1583.0,674.0,1254.0,414.0
1.0,7525.0,1860.0,2240.0,4849.0,0.0,0.0,1572.0,668.0,1298.0,562.0
1.0,10514.0,2441.0,2234.0,1503.0,0.0,0.0,1566.0,668.0,1613.0,828.0
1.0,9576.0,2856.0,2247.0,0.0,2268.0,2268.0,1571.0,676.0,1902.0,954.0
1.0,6720.0,2697.0,2266.0,0.0,5041.0,5041.0,1583.0,683.0,1887.0,810.0
1.0,4023.0,2123.0,2273.0,2268.0,4924.0,4924.0,1590.0,683.0,1585.0,538.0
1.0,4168.0,1717.0,2261.0,5041.0,1552.0,1552.0,1585.0,676.0,1302.0,415.0
1.0,7492.0,1881.0,2243.0,4924.0,0.0,0.0,1574.0,669.0,1322.0,559.0
1.0,10535.0,2454.0,2237.0,1552.0,0.0,0.0,1568.0,669.0,1627.0,827.0
1.0,9633.0,2850.0,2251.0,0.0,2221.0,2221.0,1574.0,677.0,1896.0,954.0
1.0,6783.0,2662.0,2271.0,0.0,4963.0,4963.0,1587.0,684.0,1857.0,805.0
1.0,4121.0,2066.0,2277.0,2221.0,4832.0,4832.0,1593.0,684.0,1538.0,528.0
1.0,4276.0,1660.0,2265.0,4963.0,1481.0,1481.0,1588.0,677.0,1261.0,399.0
1.0,7579.0,1857.0,2246.0,4832.0,0.0,0.0,1576.0,670.0,1308.0,549.0
1.0,10554.0,2467.0,2242.0,1481.0,0.0,0.0,1571.0,671.0,1636.0,831.0
1.0,9568.0,2886.0,2255.0,0.0,2338.0,2338.0,1577.0,678.0,1922.0,964.0
1.0,6682.0,2695.0,2275.0,0.0,5113.0,5113.0,1589.0,686.0,1884.0,811.0
1.0,3987.0,2095.0,2282.0,2338.0,4898.0,4898.0,1596.0,686.0,1560.0,535.0
1.0,4230.0,1698.0,2269.0,5113.0,1431.0,1431.0,1591.0,678.0,1282.0,416.0
1.0,7645.0,1894.0,2251.0,4898.0,0.0,0.0,1580.0,671.0,1325.0,569.0
1.0,10649.0,2496.0,2246.0,1431.0,0.0,0.0,1574.0,672.0,1651.0,845.0
1.0,9584.0,2893.0,2261.0,0.0,2353.0,2353.0,1581.0,680.0,1930.0,963.0
1.0,6691.0,2682.0,2280.0,0.0,5111.0,5111.0,1593.0,687.0,1872.0,810.0
1.0,4009.0,2057.0,2285.0,2353.0,4835.0,4835.0,1598.0,687.0,1528.0,529.0
1.0,4305.0,1645.0,2272.0,5111.0,1317.0,1317.0,1593.0,679.0,1244.0,401.0
1.0,7771.0,1854.0,2253.0,4835.0,0.0,0.0,1581.0,672.0,1296.0,558.0
1.0,10752.0,2493.0,2249.0,1317.0,0.0,0.0,1576.0,673.0,1655.0,838.0
1.0,9576.0,2914.0,2264.0,0.0,2394.0,2394.0,1583.0,681.0,1951.0,963.0
1.0,6662.0,2707.0,2285.0,0.0,5185.0,5185.0,1596.0,689.0,1904.0,803.0
1.0,3955.0,2071.0,2290.0,2394.0,4882.0,4882.0,1602.0,688.0,1547.0,524.0
1.0,4278.0,1645.0,2276.0,5185.0,1286.0,1286.0,1596.0,680.0,1243.0,402.0
1.0,7818.0,1851.0,2256.0,4882.0,0.0,0.0,1583.0,673.0,1289.0,562.0
1.0,10849.0,2491.0,2251.0,1286.0,0.0,0.0,1577.0,674.0,1639.0,852.0
1.0,9644.0,2938.0,2267.0,0.0,2362.0,2362.0,1584.0,683.0,1955.0,983.0
1.0,6706.0,2760.0,2287.0,0.0,5202.0,5202.0,1597.0,690.0,1937.0,823.0
1.0,3946.0,2112.0,2294.0,2362.0,4980.0,4980.0,1604.0,690.0,1584.0,528.0
1.0,4196.0,1663.0,2280.0,5202.0,1385.0,1385.0,1598.0,682.0,1265.0,398.0
1.0,7735.0,1836.0,2261.0,4980.0,0.0,0.0,1586.0,675.0,1281.0,555.0
1.0,10879.0,2454.0,2256.0,1385.0,0.0,0.0,1581.0,675.0,1612.0,842.0
1.0,9810.0,2896.0,2272.0,0.0,2174.0,2174.0,1588.0,684.0,1922.0,974.0
1.0,6914.0,2724.0,2291.0,0.0,4974.0,4974.0,1600.0,691.0,1906.0,818.0
1.0,4190.0,2114.0,2297.0,2174.0,4938.0,4938.0,1606.0,691.0,1578.0,536.0
1.0,4250.0,1681.0,2283.0,4974.0,1589.0,1589.0,1600.0,683.0,1275.0,406.0
1.0,7543.0,1881.0,2264.0,4938.0,0.0,0.0,1588.0,676.0,1321.0,560.0
1.0,10600.0,2513.0,2261.0,1589.0,0.0,0.0,1584.0,677.0,1670.0,843.0
1.0,9676.0,2946.0,2277.0,0.0,2378.0,2378.0,1592.0,685.0,1973.0,973.0
1.0,6730.0,2738.0,2298.0,0.0,5200.0,5200.0,1605.0,693.0,1916.0,822.0
1.0,3992.0,2100.0,2302.0,2378.0,4938.0,4938.0,1610.0,692.0,1561.0,539.0
1.0,4270.0,1664.0,2287.0,5200.0,1342.0,1342.0,1603.0,684.0,1260.0,404.0
1.0,7806.0,1864.0,2268.0,4938.0,0.0,0.0,1591.0,677.0,1309.0,555.0
1.0,10880.0,2485.0,2265.0,1342.0,0.0,0.0,1587.0,678.0,1647.0,838.0
1.0,9737.0,2915.0,2281.0,0.0,2302.0,2302.0,1595.0,686.0,1941.0,974.0
1.0,6822.0,2723.0,2301.0,0.0,5105.0,5105.0,1607.0,694.0,1902.0,821.0
1.0,4099.0,2107.0,2306.0,2302.0,4930.0,4930.0,1612.0,694.0,1570.0,537.0
1.0,4294.0,1688.0,2292.0,5105.0,1457.0,1457.0,1606.0,686.0,1283.0,405.0
1.0,7711.0,1880.0,2273.0,4930.0,0.0,0.0,1595.0,678.0,1319.0,561.0
1.0,10761.0,2508.0,2269.0,1457.0,0.0,0.0,1590.0,679.0,1653.0,855.0
1.0,9710.0,2922.0,2284.0,0.0,2348.0,2348.0,1597.0,687.0,1936.0,986.0
1.0,6788.0,2727.0,2304.0,0.0,5155.0,5155.0,1609.0,695.0,1902.0,825.0
1.0,4061.0,2115.0,2309.0,2348.0,4942.0,4942.0,1614.0,695.0,1582.0,533.0
1.0,4294.0,1702.0,2294.0,5155.0,1429.0,1429.0,1607.0,687.0,1302.0,400.0
1.0,7747.0,1910.0,2276.0,4942.0,0.0,0.0,1597.0,679.0,1345.0,565.0
1.0,10779.0,2520.0,2273.0,1429.0,0.0,0.0,1593.0,680.0,1665.0,855.0
1.0,9688.0,2917.0,2290.0,0.0,2389.0,2389.0,1601.0,689.0,1938.0,979.0
1.0,6771.0,2700.0,2310.0,0.0,5169.0,5169.0,1613.0,697.0,1885.0,815.0
1.0,4071.0,2078.0,2313.0,2389.0,4870.0,4870.0,1617.0,696.0,1553.0,525.0
1.0,4382.0,1680.0,2299.0,5169.0,1325.0,1325.0,1611.0,688.0,1277.0,403.0
1.0,7871.0,1901.0,2279.0,4870.0,0.0,0.0,1599.0,680.0,1335.0,566.0
1.0,10840.0,2526.0,2276.0,1325.0,0.0,0.0,1595.0,681.0,1673.0,853.0
1.0,9639.0,2941.0,2293.0,0.0,2474.0,2474.0,1603.0,690.0,1955.0,986.0
1.0,6698.0,2744.0,2313.0,0.0,5298.0,5298.0,1615.0,698.0,1912.0,832.0
1.0,3954.0,2135.0,2318.0,2474.0,4979.0,4979.0,1620.0,698.0,1587.0,548.0
1.0,4293.0,1728.0,2302.0,5298.0,1345.0,1345.0,1613.0,689.0,1312.0,416.0
1.0,7863.0,1916.0,2284.0,4979.0,0.0,0.0,1602.0,682.0,1350.0,566.0
1.0,10926.0,2506.0,2280.0,1345.0,0.0,0.0,1598.0,682.0,1661.0,845.0
1.0,9765.0,2903.0,2297.0,0.0,2326.0,2326.0,1606.0,691.0,1930.0,973.0
1.0,6862.0,2707.0,2317.0,0.0,5113.0,5113.0,1618.0,699.0,1880.0,827.0
1.0,4155.0,2097.0,2322.0,2326.0,4904.0,4904.0,1623.0,699.0,1555.0,542.0
1.0,4384.0,1684.0,2306.0,5113.0,1411.0,1411.0,1616.0,690.0,1281.0,403.0
1.0,7813.0,1901.0,2286.0,4904.0,0.0,0.0,1604.0,682.0,1349.0,552.0
1.0,10816.0,2531.0,2283.0,1411.0,0.0,0.0,1600.0,683.0,1692.0,839.0
1.0,9696.0,2961.0,2301.0,0.0,2469.0,2469.0,1609.0,692.0,1979.0,982.0
1.0,6735.0,2756.0,2322.0,0.0,5309.0,5309.0,1622.0,700.0,1916.0,840.0
1.0,3979.0,2129.0,2327.0,2469.0,4989.0,4989.0,1627.0,700.0,1571.0,558.0
1.0,4319.0,1701.0,2312.0,5309.0,1321.0,1321.0,1620.0,692.0,1282.0,419.0
1.0,7927.0,1903.0,2292.0,4989.0,0.0,0.0,1608.0,684.0,1340.0,563.0
1.0,11013.0,2531.0,2287.0,1321.0,0.0,0.0,1603.0,684.0,1685.0,846.0
1.0,9803.0,2952.0,2304.0,0.0,2365.0,2365.0,1611.0,693.0,1972.0,980.0
1.0,6851.0,2753.0,2324.0,0.0,5198.0,5198.0,1623.0,701.0,1920.0,833.0
1.0,4098.0,2123.0,2330.0,2365.0,4980.0,4980.0,1629.0,701.0,1572.0,551.0
1.0,4340.0,1689.0,2316.0,5198.0,1415.0,1415.0,1623.0,693.0,1276.0,413.0
1.0,7849.0,1877.0,2296.0,4980.0,0.0,0.0,1611.0,685.0,1322.0,555.0
1.0,10952.0,2512.0,2293.0,1415.0,0.0,0.0,1607.0,686.0,1669.0,843.0
1.0,9855.0,2961.0,2308.0,0.0,2338.0,2338.0,1614.0,694.0,1976.0,985.0
1.0,6894.0,2763.0,2329.0,0.0,5185.0,5185.0,1627.0,702.0,1925.0,838.0
1.0,4131.0,2144.0,2334.0,2338.0,5011.0,5011.0,1632.0,702.0,1594.0,550.0
1.0,4325.0,1719.0,2319.0,5185.0,1485.0,1485.0,1625.0,694.0,1309.0,410.0
1.0,7791.0,1908.0,2299.0,5011.0,0.0,0.0,1613.0,686.0,1344.0,564.0
1.0,10894.0,2538.0,2295.0,1485.0,0.0,0.0,1608.0,687.0,1684.0,854.0
1.0,9841.0,2975.0,2312.0,0.0,2382.0,2382.0,1617.0,695.0,1984.0,991.0
1.0,6866.0,2776.0,2334.0,0.0,5246.0,5246.0,1630.0,704.0,1942.0,834.0
1.0,4090.0,2120.0,2338.0,2382.0,5000.0,5000.0,1635.0,703.0,1582.0,538.0
1.0,4352.0,1659.0,2322.0,5246.0,1349.0,1349.0,1627.0,695.0,1258.0,401.0
1.0,7939.0,1860.0,2302.0,5000.0,0.0,0.0,1615.0,687.0,1297.0,563.0
1.0,11079.0,2515.0,2298.0,1349.0,0.0,0.0,1610.0,688.0,1654.0,861.0
1.0,9913.0,2979.0,2315.0,0.0,2326.0,2326.0,1618.0,697.0,1982.0,997.0
1.0,6934.0,2797.0,2336.0,0.0,5207.0,5207.0,1631.0,705.0,1961.0,836.0
1.0,4137.0,2170.0,2342.0,2326.0,5075.0,5075.0,1637.0,705.0,1622.0,548.0
1.0,4293.0,1722.0,2326.0,5207.0,1526.0,1526.0,1630.0,696.0,1306.0,416.0
1.0,7778.0,1904.0,2307.0,5075.0,0.0,0.0,1619.0,688.0,1332.0,572.0
1.0,10949.0,2540.0,2303.0,1526.0,0.0,0.0,1614.0,689.0,1675.0,865.0
1.0,9935.0,2988.0,2320.0,0.0,2333.0,2333.0,1622.0,698.0,1989.0,999.0
1.0,6947.0,2796.0,2341.0,0.0,5213.0,5213.0,1635.0,706.0,1958.0,838.0
1.0,4151.0,2149.0,2346.0,2333.0,5049.0,5049.0,1640.0,706.0,1608.0,541.0
1.0,4335.0,1691.0,2330.0,5213.0,1463.0,1463.0,1633.0,697.0,1289.0,402.0
1.0,7857.0,1872.0,2310.0,5049.0,0.0,0.0,1621.0,689.0,1313.0,559.0
1.0,11034.0,2518.0,2306.0,1463.0,0.0,0.0,1616.0,690.0,1663.0,855.0
1.0,9979.0,2977.0,2324.0,0.0,2294.0,2294.0,1625.0,699.0,1980.0,997.0
1.0,7002.0,2797.0,2345.0,0.0,5175.0,5175.0,1638.0,707.0,1953.0,844.0
1.0,4205.0,2146.0,2350.0,2294.0,5047.0,5047.0,1643.0,707.0,1598.0,548.0
1.0,4353.0,1685.0,2334.0,5175.0,1493.0,1493.0,1635.0,699.0,1278.0,407.0
1.0,7843.0,1890.0,2314.0,5047.0,0.0,0.0,1623.0,691.0,1322.0,568.0
1.0,11000.0,2571.0,2310.0,1493.0,0.0,0.0,1619.0,691.0,1696.0,875.0
1.0,9922.0,3048.0,2327.0,0.0,2434.0,2434.0,1627.0,700.0,2032.0,1016.0
1.0,6874.0,2838.0,2349.0,0.0,5360.0,5360.0,1640.0,709.0,1988.0,850.0
1.0,4036.0,2146.0,2353.0,2434.0,5088.0,5088.0,1645.0,708.0,1605.0,541.0
1.0,4324.0,1675.0,2338.0,5360.0,1343.0,1343.0,1638.0,700.0,1277.0,398.0
1.0,8009.0,1882.0,2318.0,5088.0,0.0,0.0,1626.0,692.0,1323.0,559.0
1.0,11215.0,2552.0,2314.0,1343.0,0.0,0.0,1622.0,692.0,1684.0,868.0
1.0,10006.0,3010.0,2332.0,0.0,2332.0,2332.0,1631.0,701.0,2003.0,1007.0
1.0,6996.0,2790.0,2354.0,0.0,5210.0,5210.0,1644.0,710.0,1950.0,840.0
1.0,4206.0,2117.0,2357.0,2332.0,5007.0,5007.0,1648.0,709.0,1585.0,532.0
1.0,4421.0,1671.0,2341.0,5210.0,1404.0,1404.0,1640.0,701.0,1278.0,393.0
1.0,7960.0,1897.0,2321.0,5007.0,0.0,0.0,1628.0,693.0,1331.0,566.0
1.0,11070.0,2588.0,2318.0,1404.0,0.0,0.0,1624.0,694.0,1706.0,882.0
1.0,9886.0,3058.0,2336.0,0.0,2516.0,2516.0,1633.0,703.0,2034.0,1024.0
1.0,6828.0,2839.0,2357.0,0.0,5439.0,5439.0,1646.0,711.0,1985.0,854.0
1.0,3989.0,2151.0,2363.0,2516.0,5098.0,5098.0,1652.0,711.0,1610.0,541.0
1.0,4354.0,1680.0,2346.0,5439.0,1271.0,1271.0,1644.0,702.0,1281.0,399.0
1.0,8113.0,1883.0,2325.0,5098.0,0.0,0.0,1631.0,694.0,1315.0,568.0
1.0,11328.0,2551.0,2321.0,1271.0,0.0,0.0,1626.0,695.0,1675.0,876.0
1.0,10048.0,3018.0,2339.0,0.0,2326.0,2326.0,1635.0,704.0,2008.0,1010.0
1.0,7030.0,2807.0,2360.0,0.0,5217.0,5217.0,1648.0,712.0,1969.0,838.0
1.0,4223.0,2145.0,2365.0,2326.0,5056.0,5056.0,1654.0,711.0,1614.0,531.0
1.0,4404.0,1695.0,2350.0,5217.0,1474.0,1474.0,1647.0,703.0,1294.0,401.0
1.0,7926.0,1911.0,2329.0,5056.0,0.0,0.0,1634.0,695.0,1335.0,576.0
1.0,11071.0,2573.0,2326.0,1474.0,0.0,0.0,1630.0,696.0,1691.0,882.0
1.0,9972.0,3027.0,2343.0,0.0,2427.0,2427.0,1638.0,705.0,2017.0,1010.0
1.0,6945.0,2819.0,2364.0,0.0,5330.0,5330.0,1651.0,713.0,1980.0,839.0
1.0,4126.0,2175.0,2369.0,2427.0,5098.0,5098.0,1656.0,713.0,1629.0,546.0
1.0,4378.0,1733.0,2353.0,5330.0,1437.0,1437.0,1649.0,704.0,1314.0,419.0
1.0,7975.0,1932.0,2334.0,5098.0,0.0,0.0,1637.0,697.0,1342.0,590.0
1.0,11141.0,2577.0,2329.0,1437.0,0.0,0.0,1632.0,697.0,1695.0,882.0
1.0,10001.0,3023.0,2347.0,0.0,2410.0,2410.0,1640.0,707.0,2013.0,1010.0
1.0,6978.0,2816.0,2369.0,0.0,5314.0,5314.0,1654.0,715.0,1981.0,835.0
1.0,4162.0,2163.0,2375.0,2410.0,5091.0,5091.0,1661.0,714.0,1626.0,537.0
1.0,4409.0,1709.0,2360.0,5314.0,1426.0,1426.0,1654.0,706.0,1291.0,418.0
1.0,8014.0,1910.0,2339.0,5091.0,0.0,0.0,1641.0,698.0,1320.0,590.0
1.0,11195.0,2558.0,2334.0,1426.0,0.0,0.0,1635.0,699.0,1680.0,878.0
1.0,10063.0,3009.0,2351.0,0.0,2350.0,2350.0,1643.0,708.0,2008.0,1001.0
1.0,7054.0,2839.0,2372.0,0.0,5273.0,5273.0,1656.0,716.0,2004.0,835.0
1.0,4215.0,2220.0,2378.0,2350.0,5167.0,5167.0,1663.0,715.0,1672.0,548.0
1.0,4345.0,1765.0,2363.0,5273.0,1599.0,1599.0,1656.0,707.0,1341.0,424.0
1.0,7853.0,1947.0,2343.0,5167.0,0.0,0.0,1644.0,699.0,1352.0,595.0
1.0,11073.0,2557.0,2339.0,1599.0,0.0,0.0,1639.0,700.0,1674.0,883.0
1.0,10115.0,2978.0,2355.0,0.0,2283.0,2283.0,1646.0,709.0,1979.0,999.0
1.0,7137.0,2779.0,2376.0,0.0,5146.0,5146.0,1659.0,717.0,1955.0,824.0
1.0,4358.0,2167.0,2381.0,2283.0,5050.0,5050.0,1665.0,716.0,1632.0,535.0
1.0,4474.0,1750.0,2366.0,5146.0,1594.0,1594.0,1658.0,708.0,1327.0,423.0
1.0,7870.0,1960.0,2346.0,5050.0,0.0,0.0,1646.0,700.0,1360.0,600.0
1.0,10960.0,2588.0,2343.0,1594.0,0.0,0.0,1642.0,701.0,1701.0,887.0
1.0,9966.0,3005.0,2359.0,0.0,2475.0,2475.0,1649.0,710.0,2007.0,998.0
1.0,6961.0,2811.0,2381.0,0.0,5374.0,5374.0,1663.0,718.0,1987.0,824.0
1.0,4150.0,2207.0,2386.0,2475.0,5126.0,5126.0,1669.0,717.0,1657.0,550.0
1.0,4418.0,1781.0,2372.0,5374.0,1477.0,1477.0,1663.0,709.0,1337.0,444.0
1.0,8011.0,1976.0,2351.0,5126.0,0.0,0.0,1650.0,701.0,1361.0,615.0
1.0,11161.0,2585.0,2346.0,1477.0,0.0,0.0,1644.0,702.0,1694.0,891.0
1.0,10053.0,3001.0,2363.0,0.0,2400.0,2400.0,1652.0,711.0,2006.0,995.0
1.0,7052.0,2806.0,2384.0,0.0,5290.0,5290.0,1665.0,719.0,1983.0,823.0
1.0,4246.0,2194.0,2391.0,2400.0,5112.0,5112.0,1672.0,719.0,1651.0,543.0
1.0,4452.0,1771.0,2375.0,5290.0,1529.0,1529.0,1665.0,710.0,1340.0,431.0
1.0,7971.0,1952.0,2355.0,5112.0,0.0,0.0,1652.0,703.0,1353.0,599.0
1.0,11131.0,2559.0,2350.0,1529.0,0.0,0.0,1647.0,703.0,1680.0,879.0
1.0,10101.0,2995.0,2367.0,0.0,2362.0,2362.0,1655.0,712.0,2000.0,995.0
1.0,7106.0,2816.0,2390.0,0.0,5270.0,5270.0,1669.0,721.0,1984.0,832.0
1.0,4290.0,2210.0,2395.0,2362.0,5138.0,5138.0,1675.0,720.0,1660.0,550.0
1.0,4442.0,1771.0,2380.0,5270.0,1579.0,1579.0,1668.0,712.0,1335.0,436.0
1.0,7941.0,1963.0,2359.0,5138.0,0.0,0.0,1655.0,704.0,1353.0,610.0
1.0,11116.0,2599.0,2355.0,1579.0,0.0,0.0,1650.0,705.0,1701.0,898.0
1.0,10096.0,3042.0,2372.0,0.0,2434.0,2434.0,1658.0,714.0,2033.0,1009.0
1.0,7054.0,2855.0,2394.0,0.0,5377.0,5377.0,1672.0,722.0,2025.0,830.0
1.0,4199.0,2206.0,2400.0,2434.0,5173.0,5173.0,1679.0,721.0,1664.0,542.0
1.0,4427.0,1761.0,2385.0,5377.0,1497.0,1497.0,1672.0,713.0,1327.0,434.0
1.0,8043.0,1948.0,2364.0,5173.0,0.0,0.0,1659.0,705.0,1340.0,608.0
1.0,11268.0,2565.0,2360.0,1497.0,0.0,0.0,1654.0,706.0,1678.0,887.0
1.0,10200.0,2994.0,2376.0,0.0,2298.0,2298.0,1661.0,715.0,2004.0,990.0
1.0,7206.0,2812.0,2398.0,0.0,5198.0,5198.0,1675.0,723.0,1997.0,815.0
1.0,4394.0,2209.0,2403.0,2298.0,5129.0,5129.0,1681.0,722.0,1662.0,547.0
1.0,4483.0,1797.0,2388.0,5198.0,1668.0,1668.0,1674.0,714.0,1347.0,450.0
1.0,7884.0,2000.0,2369.0,5129.0,0.0,0.0,1662.0,707.0,1378.0,622.0
1.0,11013.0,2605.0,2365.0,1668.0,0.0,0.0,1657.0,708.0,1712.0,893.0
1.0,10076.0,3020.0,2380.0,0.0,2464.0,2464.0,1664.0,716.0,2028.0,992.0
1.0,7056.0,2825.0,2402.0,0.0,5377.0,5377.0,1678.0,724.0,1998.0,827.0
1.0,4231.0,2213.0,2408.0,2464.0,5150.0,5150.0,1684.0,724.0,1654.0,559.0
1.0,4482.0,1798.0,2392.0,5377.0,1507.0,1507.0,1677.0,715.0,1344.0,454.0
1.0,8061.0,1983.0,2372.0,5150.0,0.0,0.0,1664.0,708.0,1368.0,615.0
1.0,11228.0,2592.0,2368.0,1507.0,0.0,0.0,1659.0,709.0,1713.0,879.0
1.0,10143.0,3004.0,2384.0,0.0,2397.0,2397.0,1667.0,717.0,2021.0,983.0
1.0,7139.0,2818.0,2405.0,0.0,5299.0,5299.0,1680.0,725.0,1991.0,827.0
1.0,4321.0,2209.0,2411.0,2397.0,5135.0,5135.0,1687.0,724.0,1645.0,564.0
1.0,4509.0,1791.0,2396.0,5299.0,1567.0,1567.0,1680.0,716.0,1333.0,458.0
1.0,8017.0,1987.0,2377.0,5135.0,0.0,0.0,1668.0,709.0,1370.0,617.0
1.0,11165.0,2602.0,2372.0,1567.0,0.0,0.0,1662.0,710.0,1723.0,879.0
1.0,10130.0,3025.0,2387.0,0.0,2443.0,2443.0,1669.0,718.0,2037.0,988.0
1.0,7105.0,2839.0,2408.0,0.0,5366.0,5366.0,1682.0,726.0,2007.0,832.0
1.0,4266.0,2230.0,2414.0,2443.0,5177.0,5177.0,1688.0,726.0,1661.0,569.0
1.0,4479.0,1806.0,2400.0,5366.0,1561.0,1561.0,1682.0,718.0,1346.0,460.0
1.0,8039.0,1986.0,2380.0,5177.0,0.0,0.0,1670.0,710.0,1373.0,613.0
1.0,11230.0,2602.0,2377.0,1561.0,0.0,0.0,1666.0,711.0,1721.0,881.0
1.0,10189.0,3028.0,2393.0,0.0,2411.0,2411.0,1673.0,720.0,2036.0,992.0
1.0,7161.0,2831.0,2414.0,0.0,5326.0,5326.0,1686.0,728.0,1997.0,834.0
1.0,4330.0,2203.0,2419.0,2411.0,5138.0,5138.0,1692.0,727.0,1641.0,562.0
1.0,4538.0,1775.0,2403.0,5326.0,1523.0,1523.0,1684.0,719.0,1319.0,456.0
1.0,8089.0,1975.0,2384.0,5138.0,0.0,0.0,1672.0,712.0,1358.0,617.0
1.0,11252.0,2610.0,2380.0,1523.0,0.0,0.0,1667.0,713.0,1722.0,888.0
1.0,10165.0,3063.0,2396.0,0.0,2482.0,2482.0,1675.0,721.0,2065.0,998.0
1.0,7102.0,2902.0,2417.0,0.0,5468.0,5468.0,1688.0,729.0,2058.0,844.0
1.0,4200.0,2268.0,2423.0,2482.0,5278.0,5278.0,1695.0,728.0,1694.0,574.0
1.0,4414.0,1802.0,2408.0,5468.0,1552.0,1552.0,1688.0,720.0,1345.0,457.0
1.0,8080.0,1964.0,2389.0,5278.0,0.0,0.0,1676.0,713.0,1352.0,612.0
1.0,11394.0,2590.0,2384.0,1552.0,0.0,0.0,1670.0,714.0,1706.0,884.0
1.0,10356.0,3038.0,2400.0,0.0,2282.0,2282.0,1678.0,722.0,2043.0,995.0
1.0,7318.0,2866.0,2421.0,0.0,5232.0,5232.0,1691.0,730.0,2030.0,836.0
1.0,4452.0,2237.0,2427.0,2282.0,5211.0,5211.0,1697.0,730.0,1675.0,562.0
1.0,4497.0,1771.0,2411.0,5232.0,1686.0,1686.0,1690.0,721.0,1324.0,447.0
1.0,7958.0,1955.0,2392.0,5211.0,0.0,0.0,1678.0,714.0,1348.0,607.0
1.0,11214.0,2614.0,2388.0,1686.0,0.0,0.0,1673.0,715.0,1723.0,891.0
1.0,10286.0,3094.0,2405.0,0.0,2428.0,2428.0,1681.0,724.0,2078.0,1016.0
1.0,7192.0,2916.0,2427.0,0.0,5432.0,5432.0,1695.0,732.0,2061.0,855.0
1.0,4276.0,2248.0,2432.0,2428.0,5272.0,5272.0,1701.0,731.0,1680.0,568.0
1.0,4456.0,1760.0,2416.0,5432.0,1536.0,1536.0,1694.0,722.0,1313.0,447.0
1.0,8128.0,1962.0,2395.0,5272.0,0.0,0.0,1680.0,715.0,1341.0,621.0
1.0,11438.0,2639.0,2391.0,1536.0,0.0,0.0,1675.0,716.0,1734.0,905.0
1.0,10335.0,3117.0,2409.0,0.0,2418.0,2418.0,1683.0,726.0,2102.0,1015.0
1.0,7218.0,2908.0,2430.0,0.0,5410.0,5410.0,1697.0,733.0,2072.0,836.0
1.0,4310.0,2223.0,2436.0,2418.0,5239.0,5239.0,1704.0,732.0,1673.0,550.0
1.0,4505.0,1738.0,2421.0,5410.0,1507.0,1507.0,1697.0,724.0,1299.0,439.0
1.0,8177.0,1925.0,2399.0,5239.0,0.0,0.0,1683.0,716.0,1316.0,609.0
1.0,11491.0,2606.0,2396.0,1507.0,0.0,0.0,1678.0,718.0,1711.0,895.0
1.0,10392.0,3101.0,2413.0,0.0,2361.0,2361.0,1686.0,727.0,2089.0,1012.0
1.0,7291.0,2918.0,2434.0,0.0,5363.0,5363.0,1700.0,734.0,2078.0,840.0
1.0,4373.0,2250.0,2439.0,2361.0,5272.0,5272.0,1706.0,733.0,1689.0,561.0
1.0,4484.0,1793.0,2424.0,5363.0,1642.0,1642.0,1699.0,725.0,1339.0,454.0
1.0,8054.0,1998.0,2404.0,5272.0,0.0,0.0,1686.0,718.0,1372.0,626.0
1.0,11328.0,2664.0,2401.0,1642.0,0.0,0.0,1682.0,719.0,1757.0,907.0
1.0,10306.0,3113.0,2418.0,0.0,2479.0,2479.0,1690.0,728.0,2100.0,1013.0
1.0,7193.0,2880.0,2439.0,0.0,5443.0,5443.0,1704.0,735.0,2041.0,839.0
1.0,4313.0,2201.0,2443.0,2479.0,5181.0,5181.0,1709.0,734.0,1645.0,556.0
1.0,4591.0,1753.0,2427.0,5443.0,1427.0,1427.0,1701.0,726.0,1304.0,449.0
1.0,8281.0,1980.0,2407.0,5181.0,0.0,0.0,1688.0,719.0,1356.0,624.0
1.0,11482.0,2658.0,2404.0,1427.0,0.0,0.0,1684.0,720.0,1753.0,905.0
1.0,10251.0,3117.0,2422.0,0.0,2554.0,2554.0,1693.0,729.0,2105.0,1012.0
1.0,7134.0,2903.0,2443.0,0.0,5541.0,5541.0,1707.0,736.0,2061.0,842.0
1.0,4231.0,2227.0,2447.0,2554.0,5230.0,5230.0,1712.0,735.0,1667.0,560.0
1.0,4558.0,1774.0,2432.0,5541.0,1403.0,1403.0,1705.0,727.0,1327.0,447.0
1.0,8325.0,1991.0,2412.0,5230.0,0.0,0.0,1692.0,720.0,1374.0,617.0
1.0,11564.0,2666.0,2408.0,1403.0,0.0,0.0,1687.0,721.0,1755.0,911.0
1.0,10301.0,3131.0,2426.0,0.0,2534.0,2534.0,1696.0,730.0,2107.0,1024.0
1.0,7170.0,2914.0,2448.0,0.0,5536.0,5536.0,1710.0,738.0,2066.0,848.0
1.0,4256.0,2218.0,2451.0,2534.0,5232.0,5232.0,1715.0,736.0,1663.0,555.0
1.0,4572.0,1757.0,2435.0,5536.0,1389.0,1389.0,1707.0,728.0,1315.0,442.0
1.0,8351.0,1975.0,2415.0,5232.0,0.0,0.0,1694.0,721.0,1360.0,615.0
1.0,11608.0,2667.0,2412.0,1389.0,0.0,0.0,1690.0,722.0,1760.0,907.0
1.0,10330.0,3133.0,2430.0,0.0,2523.0,2523.0,1699.0,731.0,2107.0,1026.0
1.0,7197.0,2905.0,2452.0,0.0,5516.0,5516.0,1713.0,739.0,2055.0,850.0
1.0,4292.0,2220.0,2457.0,2523.0,5233.0,5233.0,1719.0,738.0,1663.0,557.0
1.0,4595.0,1762.0,2440.0,5516.0,1411.0,1411.0,1711.0,729.0,1318.0,444.0
1.0,8349.0,1996.0,2420.0,5233.0,0.0,0.0,1698.0,722.0,1370.0,626.0
1.0,11586.0,2696.0,2415.0,1411.0,0.0,0.0,1692.0,723.0,1776.0,920.0
1.0,10301.0,3166.0,2433.0,0.0,2597.0,2597.0,1701.0,732.0,2135.0,1031.0
1.0,7135.0,2940.0,2455.0,0.0,5625.0,5625.0,1715.0,740.0,2092.0,848.0
1.0,4195.0,2227.0,2459.0,2597.0,5271.0,5271.0,1721.0,738.0,1678.0,549.0
1.0,4565.0,1740.0,2444.0,5625.0,1326.0,1326.0,1714.0,730.0,1304.0,436.0
1.0,8450.0,1965.0,2423.0,5271.0,0.0,0.0,1700.0,723.0,1343.0,622.0
1.0,11756.0,2662.0,2418.0,1326.0,0.0,0.0,1694.0,724.0,1739.0,923.0
1.0,10420.0,3133.0,2436.0,0.0,2457.0,2457.0,1703.0,733.0,2103.0,1030.0
1.0,7287.0,2916.0,2458.0,0.0,5461.0,5461.0,1717.0,741.0,2078.0,838.0
1.0,4371.0,2229.0,2464.0,2457.0,5257.0,5257.0,1724.0,740.0,1686.0,543.0
1.0,4599.0,1763.0,2447.0,5461.0,1491.0,1491.0,1716.0,731.0,1323.0,440.0
1.0,8297.0,1990.0,2426.0,5257.0,0.0,0.0,1702.0,724.0,1348.0,642.0
1.0,11564.0,2695.0,2421.0,1491.0,0.0,0.0,1696.0,725.0,1753.0,942.0
1.0,10360.0,3182.0,2439.0,0.0,2578.0,2578.0,1705.0,734.0,2139.0,1043.0
1.0,7178.0,2954.0,2462.0,0.0,5624.0,5624.0,1720.0,742.0,2112.0,842.0
1.0,4224.0,2246.0,2468.0,2578.0,5316.0,5316.0,1727.0,741.0,1705.0,541.0
1.0,4556.0,1763.0,2451.0,5624.0,1387.0,1387.0,1719.0,732.0,1321.0,442.0
1.0,8417.0,1986.0,2429.0,5316.0,0.0,0.0,1705.0,724.0,1342.0,644.0
1.0,11747.0,2680.0,2424.0,1387.0,0.0,0.0,1698.0,726.0,1744.0,936.0
1.0,10454.0,3144.0,2443.0,0.0,2462.0,2462.0,1707.0,736.0,2117.0,1027.0
1.0,7310.0,2924.0,2465.0,0.0,5474.0,5474.0,1722.0,743.0,2100.0,824.0
1.0,4386.0,2237.0,2471.0,2462.0,5273.0,5273.0,1730.0,741.0,1707.0,530.0
1.0,4611.0,1770.0,2455.0,5474.0,1505.0,1505.0,1722.0,733.0,1328.0,442.0
1.0,8315.0,1998.0,2434.0,5273.0,0.0,0.0,1708.0,726.0,1356.0,642.0
1.0,11590.0,2694.0,2430.0,1505.0,0.0,0.0,1702.0,728.0,1753.0,941.0
1.0,10401.0,3161.0,2447.0,0.0,2548.0,2548.0,1710.0,737.0,2121.0,1040.0
1.0,7240.0,2939.0,2469.0,0.0,5575.0,5575.0,1725.0,744.0,2096.0,843.0
1.0,4301.0,2268.0,2475.0,2548.0,5319.0,5319.0,1732.0,743.0,1714.0,554.0
1.0,4581.0,1804.0,2458.0,5575.0,1480.0,1480.0,1724.0,734.0,1348.0,456.0
1.0,8352.0,2016.0,2437.0,5319.0,0.0,0.0,1710.0,727.0,1371.0,645.0
1.0,11655.0,2685.0,2433.0,1480.0,0.0,0.0,1704.0,729.0,1754.0,931.0
1.0,10450.0,3148.0,2451.0,0.0,2502.0,2502.0,1713.0,738.0,2114.0,1034.0
1.0,7302.0,2936.0,2474.0,0.0,5530.0,5530.0,1728.0,746.0,2093.0,843.0
1.0,4366.0,2250.0,2479.0,2502.0,5298.0,5298.0,1735.0,744.0,1702.0,548.0
1.0,4618.0,1771.0,2462.0,5530.0,1471.0,1471.0,1727.0,735.0,1329.0,442.0
1.0,8377.0,1984.0,2440.0,5298.0,0.0,0.0,1712.0,728.0,1350.0,634.0
1.0,11691.0,2682.0,2436.0,1471.0,0.0,0.0,1706.0,730.0,1750.0,932.0
1.0,10480.0,3160.0,2454.0,0.0,2496.0,2496.0,1715.0,739.0,2125.0,1035.0
1.0,7320.0,2965.0,2477.0,0.0,5553.0,5553.0,1730.0,747.0,2117.0,848.0
1.0,4355.0,2295.0,2483.0,2496.0,5376.0,5376.0,1737.0,746.0,1736.0,559.0
1.0,4556.0,1826.0,2467.0,5553.0,1585.0,1585.0,1730.0,737.0,1369.0,457.0
1.0,8283.0,2024.0,2446.0,5376.0,0.0,0.0,1716.0,730.0,1376.0,648.0
1.0,11635.0,2685.0,2441.0,1585.0,0.0,0.0,1710.0,731.0,1748.0,937.0
1.0,10535.0,3138.0,2458.0,0.0,2435.0,2435.0,1718.0,740.0,2106.0,1032.0
1.0,7397.0,2925.0,2481.0,0.0,5452.0,5452.0,1733.0,748.0,2089.0,836.0
1.0,4472.0,2260.0,2487.0,2435.0,5301.0,5301.0,1740.0,747.0,1712.0,548.0
1.0,4647.0,1809.0,2470.0,5452.0,1590.0,1590.0,1732.0,738.0,1353.0,456.0
1.0,8290.0,2023.0,2449.0,5301.0,0.0,0.0,1718.0,731.0,1372.0,651.0
1.0,11568.0,2696.0,2445.0,1590.0,0.0,0.0,1712.0,733.0,1757.0,939.0
1.0,10462.0,3156.0,2463.0,0.0,2546.0,2546.0,1721.0,742.0,2123.0,1033.0
1.0,7306.0,2946.0,2485.0,0.0,5580.0,5580.0,1736.0,749.0,2107.0,839.0
1.0,4360.0,2281.0,2491.0,2546.0,5339.0,5339.0,1743.0,748.0,1721.0,560.0
1.0,4625.0,1817.0,2474.0,5580.0,1508.0,1508.0,1735.0,739.0,1346.0,471.0
1.0,8388.0,2024.0,2452.0,5339.0,0.0,0.0,1720.0,732.0,1365.0,659.0
1.0,11703.0,2702.0,2448.0,1508.0,0.0,0.0,1714.0,734.0,1766.0,936.0
1.0,10509.0,3183.0,2466.0,0.0,2538.0,2538.0,1723.0,743.0,2152.0,1031.0
1.0,7326.0,2969.0,2490.0,0.0,5603.0,5603.0,1739.0,751.0,2128.0,841.0
1.0,4357.0,2271.0,2496.0,2538.0,5360.0,5360.0,1746.0,750.0,1716.0,555.0
1.0,4624.0,1783.0,2479.0,5603.0,1472.0,1472.0,1738.0,741.0,1329.0,454.0
1.0,8444.0,1989.0,2456.0,5360.0,0.0,0.0,1723.0,733.0,1348.0,641.0
1.0,11815.0,2685.0,2452.0,1472.0,0.0,0.0,1717.0,735.0,1749.0,936.0
1.0,10602.0,3173.0,2471.0,0.0,2455.0,2455.0,1726.0,745.0,2131.0,1042.0
1.0,7429.0,2971.0,2494.0,0.0,5518.0,5518.0,1741.0,753.0,2120.0,851.0
1.0,4458.0,2284.0,2499.0,2455.0,5367.0,5367.0,1748.0,751.0,1727.0,557.0
1.0,4629.0,1827.0,2483.0,5518.0,1612.0,1612.0,1741.0,742.0,1365.0,462.0
1.0,8320.0,2061.0,2461.0,5367.0,0.0,0.0,1727.0,734.0,1404.0,657.0
1.0,11626.0,2758.0,2457.0,1612.0,0.0,0.0,1721.0,736.0,1810.0,948.0
1.0,10480.0,3212.0,2476.0,0.0,2636.0,2636.0,1730.0,746.0,2168.0,1044.0
1.0,7268.0,2967.0,2499.0,0.0,5695.0,5695.0,1745.0,754.0,2121.0,846.0
1.0,4301.0,2248.0,2504.0,2636.0,5327.0,5327.0,1752.0,752.0,1698.0,550.0
1.0,4689.0,1772.0,2487.0,5695.0,1336.0,1336.0,1744.0,743.0,1318.0,454.0
1.0,8612.0,2004.0,2464.0,5327.0,0.0,0.0,1729.0,735.0,1356.0,648.0
1.0,11935.0,2717.0,2461.0,1336.0,0.0,0.0,1723.0,738.0,1777.0,940.0
1.0,10554.0,3198.0,2479.0,0.0,2560.0,2560.0,1732.0,747.0,2160.0,1038.0
1.0,7356.0,2971.0,2502.0,0.0,5623.0,5623.0,1747.0,755.0,2125.0,846.0
1.0,4385.0,2279.0,2508.0,2560.0,5366.0,5366.0,1754.0,754.0,1724.0,555.0
1.0,4666.0,1824.0,2491.0,5623.0,1499.0,1499.0,1747.0,744.0,1363.0,461.0
1.0,8465.0,2054.0,2470.0,5366.0,0.0,0.0,1733.0,737.0,1396.0,658.0
1.0,11777.0,2754.0,2466.0,1499.0,0.0,0.0,1727.0,739.0,1798.0,956.0
1.0,10522.0,3203.0,2484.0,0.0,2617.0,2617.0,1735.0,749.0,2151.0,1052.0
1.0,7319.0,2966.0,2506.0,0.0,5671.0,5671.0,1750.0,756.0,2113.0,853.0
1.0,4353.0,2273.0,2512.0,2617.0,5351.0,5351.0,1757.0,755.0,1716.0,557.0
1.0,4697.0,1807.0,2495.0,5671.0,1419.0,1419.0,1749.0,746.0,1348.0,459.0
1.0,8561.0,2044.0,2473.0,5351.0,0.0,0.0,1735.0,738.0,1388.0,656.0
1.0,11868.0,2736.0,2469.0,1419.0,0.0,0.0,1729.0,740.0,1790.0,946.0
1.0,10551.0,3190.0,2488.0,0.0,2591.0,2591.0,1738.0,750.0,2152.0,1038.0
1.0,7361.0,2955.0,2510.0,0.0,5634.0,5634.0,1753.0,757.0,2112.0,843.0
1.0,4406.0,2261.0,2516.0,2591.0,5328.0,5328.0,1760.0,756.0,1706.0,555.0
1.0,4736.0,1794.0,2499.0,5634.0,1420.0,1420.0,1752.0,747.0,1338.0,456.0
1.0,8576.0,2043.0,2477.0,5328.0,0.0,0.0,1738.0,739.0,1390.0,653.0
1.0,11861.0,2758.0,2473.0,1420.0,0.0,0.0,1732.0,741.0,1807.0,951.0
1.0,10523.0,3225.0,2491.0,0.0,2666.0,2666.0,1740.0,751.0,2172.0,1053.0
1.0,7298.0,3000.0,2514.0,0.0,5758.0,5758.0,1755.0,759.0,2140.0,860.0
1.0,4298.0,2299.0,2519.0,2666.0,5411.0,5411.0,1762.0,757.0,1740.0,559.0
1.0,4665.0,1832.0,2503.0,5758.0,1421.0,1421.0,1755.0,748.0,1372.0,460.0
1.0,8591.0,2048.0,2481.0,5411.0,0.0,0.0,1741.0,740.0,1392.0,656.0
1.0,11954.0,2723.0,2478.0,1421.0,0.0,0.0,1735.0,743.0,1772.0,951.0
1.0,10652.0,3176.0,2495.0,0.0,2504.0,2504.0,1743.0,752.0,2126.0,1050.0
1.0,7476.0,2966.0,2517.0,0.0,5558.0,5558.0,1757.0,760.0,2108.0,858.0
1.0,4510.0,2291.0,2522.0,2504.0,5365.0,5365.0,1764.0,758.0,1730.0,561.0
1.0,4723.0,1838.0,2506.0,5558.0,1581.0,1581.0,1757.0,749.0,1380.0,458.0
1.0,8443.0,2055.0,2485.0,5365.0,0.0,0.0,1743.0,742.0,1405.0,650.0
1.0,11753.0,2731.0,2481.0,1581.0,0.0,0.0,1737.0,744.0,1789.0,942.0
1.0,10603.0,3194.0,2498.0,0.0,2583.0,2583.0,1745.0,753.0,2147.0,1047.0
1.0,7409.0,2994.0,2521.0,0.0,5669.0,5669.0,1760.0,761.0,2126.0,868.0
1.0,4415.0,2318.0,2526.0,2583.0,5424.0,5424.0,1767.0,759.0,1738.0,580.0
1.0,4680.0,1842.0,2510.0,5669.0,1533.0,1533.0,1760.0,750.0,1376.0,466.0
1.0,8507.0,2048.0,2488.0,5424.0,0.0,0.0,1745.0,743.0,1408.0,640.0
1.0,11883.0,2729.0,2483.0,1533.0,0.0,0.0,1739.0,744.0,1800.0,929.0
1.0,10687.0,3197.0,2502.0,0.0,2518.0,2518.0,1748.0,754.0,2154.0,1043.0
1.0,7490.0,2983.0,2525.0,0.0,5593.0,5593.0,1763.0,762.0,2113.0,870.0
1.0,4507.0,2311.0,2531.0,2518.0,5410.0,5410.0,1770.0,761.0,1730.0,581.0
1.0,4714.0,1853.0,2515.0,5593.0,1606.0,1606.0,1763.0,752.0,1386.0,467.0
1.0,8454.0,2059.0,2493.0,5410.0,0.0,0.0,1749.0,744.0,1415.0,644.0
1.0,11805.0,2730.0,2489.0,1606.0,0.0,0.0,1743.0,746.0,1796.0,934.0
1.0,10681.0,3197.0,2506.0,0.0,2540.0,2540.0,1751.0,755.0,2143.0,1054.0
1.0,7484.0,3001.0,2528.0,0.0,5629.0,5629.0,1765.0,763.0,2118.0,883.0
1.0,4483.0,2344.0,2534.0,2540.0,5457.0,5457.0,1772.0,762.0,1752.0,592.0
1.0,4679.0,1880.0,2517.0,5629.0,1640.0,1640.0,1764.0,753.0,1409.0,471.0
1.0,8428.0,2073.0,2495.0,5457.0,0.0,0.0,1750.0,745.0,1432.0,641.0
1.0,11812.0,2734.0,2491.0,1640.0,0.0,0.0,1744.0,747.0,1800.0,934.0
1.0,10718.0,3193.0,2509.0,0.0,2511.0,2511.0,1753.0,756.0,2138.0,1055.0
1.0,7525.0,3001.0,2533.0,0.0,5608.0,5608.0,1768.0,765.0,2122.0,879.0
1.0,4524.0,2329.0,2539.0,2511.0,5450.0,5450.0,1776.0,763.0,1749.0,580.0
1.0,4706.0,1846.0,2522.0,5608.0,1620.0,1620.0,1768.0,754.0,1391.0,455.0
1.0,8468.0,2044.0,2500.0,5450.0,0.0,0.0,1754.0,746.0,1407.0,637.0
1.0,11874.0,2724.0,2495.0,1620.0,0.0,0.0,1747.0,748.0,1788.0,936.0
1.0,10770.0,3210.0,2513.0,0.0,2492.0,2492.0,1755.0,758.0,2150.0,1060.0
1.0,7560.0,3035.0,2536.0,0.0,5619.0,5619.0,1770.0,766.0,2146.0,889.0
1.0,4525.0,2386.0,2543.0,2492.0,5541.0,5541.0,1778.0,765.0,1789.0,597.0
1.0,4631.0,1914.0,2526.0,5619.0,1768.0,1768.0,1771.0,755.0,1441.0,473.0
1.0,8336.0,2081.0,2506.0,5541.0,0.0,0.0,1758.0,748.0,1441.0,640.0
1.0,11796.0,2725.0,2500.0,1768.0,0.0,0.0,1751.0,749.0,1791.0,934.0
1.0,10839.0,3193.0,2518.0,0.0,2426.0,2426.0,1759.0,759.0,2131.0,1062.0
1.0,7646.0,3006.0,2541.0,0.0,5524.0,5524.0,1774.0,767.0,2111.0,895.0
1.0,4640.0,2352.0,2547.0,2426.0,5474.0,5474.0,1781.0,766.0,1756.0,596.0
1.0,4714.0,1874.0,2531.0,5524.0,1760.0,1760.0,1774.0,757.0,1410.0,464.0
1.0,8364.0,2040.0,2509.0,5474.0,0.0,0.0,1760.0,749.0,1416.0,624.0
1.0,11798.0,2699.0,2503.0,1760.0,0.0,0.0,1753.0,750.0,1781.0,918.0
1.0,10859.0,3208.0,2522.0,0.0,2437.0,2437.0,1762.0,760.0,2147.0,1061.0
1.0,7651.0,3055.0,2545.0,0.0,5584.0,5584.0,1777.0,768.0,2154.0,901.0
1.0,4596.0,2398.0,2553.0,2437.0,5577.0,5577.0,1785.0,768.0,1795.0,603.0
1.0,4635.0,1888.0,2536.0,5584.0,1813.0,1813.0,1778.0,758.0,1422.0,466.0
1.0,8331.0,2052.0,2513.0,5577.0,0.0,0.0,1763.0,750.0,1419.0,633.0
1.0,11856.0,2717.0,2508.0,1813.0,0.0,0.0,1756.0,752.0,1783.0,934.0
1.0,10952.0,3217.0,2525.0,0.0,2365.0,2365.0,1764.0,761.0,2150.0,1067.0
1.0,7735.0,3063.0,2549.0,0.0,5524.0,5524.0,1779.0,770.0,2158.0,905.0
1.0,4672.0,2404.0,2556.0,2365.0,5591.0,5591.0,1787.0,769.0,1792.0,612.0
1.0,4633.0,1893.0,2540.0,5524.0,1896.0,1896.0,1780.0,760.0,1421.0,472.0
1.0,8264.0,2044.0,2519.0,5591.0,0.0,0.0,1767.0,752.0,1419.0,625.0
1.0,11811.0,2696.0,2513.0,1896.0,0.0,0.0,1760.0,753.0,1778.0,918.0
1.0,11011.0,3198.0,2530.0,0.0,2307.0,2307.0,1768.0,762.0,2144.0,1054.0
1.0,7813.0,3019.0,2554.0,0.0,5422.0,5422.0,1783.0,771.0,2125.0,894.0
1.0,4794.0,2364.0,2560.0,2307.0,5503.0,5503.0,1790.0,770.0,1758.0,606.0
1.0,4737.0,1896.0,2543.0,5422.0,1909.0,1909.0,1782.0,761.0,1417.0,479.0
1.0,8263.0,2077.0,2522.0,5503.0,0.0,0.0,1769.0,753.0,1436.0,641.0
1.0,11689.0,2737.0,2517.0,1909.0,0.0,0.0,1763.0,754.0,1810.0,927.0
1.0,10861.0,3233.0,2534.0,0.0,2508.0,2508.0,1771.0,763.0,2180.0,1053.0
1.0,7628.0,3073.0,2558.0,0.0,5677.0,5677.0,1786.0,772.0,2174.0,899.0
1.0,4555.0,2403.0,2565.0,2508.0,5600.0,5600.0,1794.0,771.0,1788.0,615.0
1.0,4660.0,1889.0,2549.0,5677.0,1748.0,1748.0,1786.0,763.0,1407.0,482.0
1.0,8448.0,2039.0,2527.0,5600.0,0.0,0.0,1772.0,755.0,1404.0,635.0
1.0,12009.0,2700.0,2521.0,1748.0,0.0,0.0,1765.0,756.0,1777.0,923.0
1.0,11057.0,3204.0,2538.0,0.0,2299.0,2299.0,1773.0,765.0,2150.0,1054.0
1.0,7853.0,3044.0,2561.0,0.0,5435.0,5435.0,1788.0,773.0,2150.0,894.0
1.0,4809.0,2409.0,2567.0,2299.0,5569.0,5569.0,1795.0,772.0,1799.0,610.0
1.0,4699.0,1934.0,2553.0,5435.0,2012.0,2012.0,1789.0,764.0,1444.0,490.0
1.0,8200.0,2087.0,2531.0,5569.0,0.0,0.0,1775.0,756.0,1439.0,648.0
1.0,11682.0,2715.0,2526.0,2012.0,0.0,0.0,1769.0,757.0,1786.0,929.0
1.0,10979.0,3208.0,2543.0,0.0,2401.0,2401.0,1777.0,766.0,2155.0,1053.0
1.0,7771.0,3066.0,2565.0,0.0,5555.0,5555.0,1791.0,774.0,2168.0,898.0
1.0,4705.0,2422.0,2572.0,2401.0,5604.0,5604.0,1798.0,774.0,1807.0,615.0
1.0,4684.0,1922.0,2556.0,5555.0,1907.0,1907.0,1791.0,765.0,1431.0,491.0
1.0,8317.0,2051.0,2534.0,5604.0,0.0,0.0,1777.0,757.0,1409.0,642.0
1.0,11870.0,2697.0,2529.0,1907.0,0.0,0.0,1771.0,758.0,1781.0,916.0
1.0,11080.0,3215.0,2546.0,0.0,2319.0,2319.0,1779.0,767.0,2173.0,1042.0
1.0,7865.0,3081.0,2569.0,0.0,5492.0,5492.0,1794.0,775.0,2193.0,888.0
1.0,4784.0,2423.0,2576.0,2319.0,5624.0,5624.0,1802.0,774.0,1812.0,611.0
1.0,4680.0,1897.0,2561.0,5492.0,1969.0,1969.0,1795.0,766.0,1403.0,494.0
1.0,8275.0,2028.0,2538.0,5624.0,0.0,0.0,1780.0,758.0,1376.0,652.0
1.0,11871.0,2687.0,2531.0,1969.0,0.0,0.0,1772.0,759.0,1754.0,933.0
1.0,11153.0,3237.0,2548.0,0.0,2276.0,2276.0,1780.0,768.0,2181.0,1056.0
1.0,7916.0,3139.0,2571.0,0.0,5507.0,5507.0,1795.0,776.0,2243.0,896.0
1.0,4777.0,2488.0,2579.0,2276.0,5751.0,5751.0,1803.0,776.0,1869.0,619.0
1.0,4565.0,1938.0,2564.0,5507.0,2122.0,2122.0,1797.0,767.0,1439.0,499.0
1.0,8134.0,2037.0,2541.0,5751.0,0.0,0.0,1782.0,759.0,1383.0,654.0
1.0,11848.0,2675.0,2535.0,2122.0,0.0,0.0,1775.0,760.0,1749.0,926.0
1.0,11295.0,3209.0,2552.0,0.0,2122.0,2122.0,1783.0,769.0,2166.0,1043.0
1.0,8086.0,3096.0,2576.0,0.0,5314.0,5314.0,1799.0,777.0,2209.0,887.0
1.0,4990.0,2461.0,2583.0,2122.0,5681.0,5681.0,1807.0,776.0,1846.0,615.0
1.0,4651.0,1917.0,2568.0,5314.0,2224.0,2224.0,1800.0,768.0,1424.0,493.0
1.0,8048.0,2004.0,2545.0,5681.0,0.0,0.0,1785.0,760.0,1359.0,645.0
1.0,11725.0,2659.0,2538.0,2224.0,0.0,0.0,1777.0,761.0,1738.0,921.0
1.0,11290.0,3246.0,2554.0,0.0,2172.0,2172.0,1785.0,769.0,2197.0,1049.0
1.0,8044.0,3173.0,2579.0,0.0,5445.0,5445.0,1801.0,778.0,2270.0,903.0
1.0,4871.0,2548.0,2588.0,2172.0,5857.0,5857.0,1810.0,778.0,1905.0,643.0
1.0,4495.0,1981.0,2574.0,5445.0,2337.0,2337.0,1804.0,770.0,1461.0,520.0
1.0,7959.0,2021.0,2551.0,5857.0,0.0,0.0,1789.0,762.0,1369.0,652.0
1.0,11795.0,2626.0,2542.0,2337.0,0.0,0.0,1780.0,762.0,1718.0,908.0
1.0,11506.0,3194.0,2558.0,0.0,1920.0,1920.0,1788.0,770.0,2161.0,1033.0
1.0,8312.0,3159.0,2582.0,0.0,5175.0,5175.0,1804.0,778.0,2253.0,906.0
1.0,5153.0,2549.0,2592.0,1920.0,5844.0,5844.0,1813.0,779.0,1902.0,647.0
1.0,4524.0,1970.0,2578.0,5175.0,2583.0,2583.0,1807.0,771.0,1456.0,514.0
1.0,7729.0,1996.0,2555.0,5844.0,0.0,0.0,1792.0,763.0,1357.0,639.0
1.0,11577.0,2607.0,2547.0,2583.0,0.0,0.0,1784.0,763.0,1710.0,897.0
1.0,11553.0,3204.0,2562.0,0.0,1899.0,1899.0,1791.0,771.0,2168.0,1036.0
1.0,8349.0,3180.0,2588.0,0.0,5183.0,5183.0,1808.0,780.0,2266.0,914.0
1.0,5169.0,2563.0,2597.0,1899.0,5883.0,5883.0,1817.0,780.0,1908.0,655.0
1.0,4505.0,1984.0,2582.0,5183.0,2624.0,2624.0,1810.0,772.0,1465.0,519.0
1.0,7704.0,2024.0,2559.0,5883.0,0.0,0.0,1795.0,764.0,1379.0,645.0
1.0,11563.0,2649.0,2552.0,2624.0,0.0,0.0,1787.0,765.0,1742.0,907.0
1.0,11538.0,3233.0,2567.0,0.0,1963.0,1963.0,1794.0,773.0,2189.0,1044.0
1.0,8305.0,3183.0,2592.0,0.0,5246.0,5246.0,1811.0,781.0,2264.0,919.0
1.0,5122.0,2542.0,2602.0,1963.0,5865.0,5865.0,1820.0,782.0,1890.0,652.0
1.0,4543.0,1944.0,2587.0,5246.0,2503.0,2503.0,1813.0,774.0,1432.0,512.0
1.0,7845.0,1986.0,2564.0,5865.0,0.0,0.0,1798.0,766.0,1352.0,634.0
1.0,11724.0,2617.0,2556.0,2503.0,0.0,0.0,1790.0,766.0,1719.0,898.0
1.0,11610.0,3223.0,2571.0,0.0,1897.0,1897.0,1797.0,774.0,2181.0,1042.0
1.0,8387.0,3194.0,2595.0,0.0,5187.0,5187.0,1813.0,782.0,2272.0,922.0
1.0,5193.0,2562.0,2604.0,1897.0,5888.0,5888.0,1822.0,782.0,1906.0,656.0
1.0,4528.0,1985.0,2591.0,5187.0,2634.0,2634.0,1816.0,775.0,1465.0,520.0
1.0,7730.0,2042.0,2568.0,5888.0,0.0,0.0,1801.0,767.0,1397.0,645.0
1.0,11576.0,2672.0,2561.0,2634.0,0.0,0.0,1794.0,767.0,1769.0,903.0
1.0,11538.0,3246.0,2576.0,0.0,2012.0,2012.0,1801.0,775.0,2207.0,1039.0
1.0,8292.0,3177.0,2600.0,0.0,5285.0,5285.0,1817.0,783.0,2264.0,913.0
1.0,5115.0,2529.0,2609.0,2012.0,5838.0,5838.0,1826.0,783.0,1880.0,649.0
1.0,4598.0,1939.0,2595.0,5285.0,2436.0,2436.0,1819.0,776.0,1422.0,517.0
1.0,7944.0,2007.0,2572.0,5838.0,0.0,0.0,1804.0,768.0,1364.0,643.0
1.0,11775.0,2661.0,2564.0,2436.0,0.0,0.0,1796.0,768.0,1761.0,900.0
1.0,11550.0,3244.0,2579.0,0.0,2010.0,2010.0,1803.0,776.0,2211.0,1033.0
1.0,8306.0,3174.0,2604.0,0.0,5284.0,5284.0,1820.0,784.0,2263.0,911.0
1.0,5132.0,2542.0,2614.0,2010.0,5856.0,5856.0,1830.0,784.0,1880.0,662.0
1.0,4600.0,1975.0,2601.0,5284.0,2495.0,2495.0,1824.0,777.0,1443.0,532.0
1.0,7909.0,2050.0,2577.0,5856.0,0.0,0.0,1808.0,769.0,1394.0,656.0
1.0,11715.0,2675.0,2568.0,2495.0,0.0,0.0,1799.0,769.0,1767.0,908.0
1.0,11535.0,3247.0,2583.0,0.0,2044.0,2044.0,1806.0,777.0,2208.0,1039.0
1.0,8288.0,3201.0,2607.0,0.0,5341.0,5341.0,1822.0,785.0,2280.0,921.0
1.0,5087.0,2568.0,2618.0,2044.0,5909.0,5909.0,1832.0,786.0,1902.0,666.0
1.0,4563.0,1980.0,2604.0,5341.0,2492.0,2492.0,1826.0,778.0,1449.0,531.0
1.0,7924.0,2032.0,2581.0,5909.0,0.0,0.0,1811.0,770.0,1389.0,643.0
1.0,11801.0,2663.0,2573.0,2492.0,0.0,0.0,1803.0,770.0,1771.0,892.0
1.0,11630.0,3233.0,2588.0,0.0,1955.0,1955.0,1810.0,778.0,2203.0,1030.0
1.0,8397.0,3174.0,2613.0,0.0,5229.0,5229.0,1826.0,787.0,2257.0,917.0
1.0,5223.0,2537.0,2623.0,1955.0,5851.0,5851.0,1836.0,787.0,1870.0,667.0
1.0,4641.0,1963.0,2610.0,5229.0,2533.0,2533.0,1830.0,780.0,1432.0,531.0
1.0,7907.0,2050.0,2586.0,5851.0,0.0,0.0,1814.0,772.0,1395.0,655.0
1.0,11708.0,2705.0,2577.0,2533.0,0.0,0.0,1805.0,772.0,1794.0,911.0
1.0,11536.0,3288.0,2592.0,0.0,2120.0,2120.0,1812.0,780.0,2247.0,1041.0
1.0,8248.0,3216.0,2615.0,0.0,5428.0,5428.0,1828.0,787.0,2293.0,923.0
1.0,5032.0,2549.0,2625.0,2120.0,5897.0,5897.0,1837.0,788.0,1879.0,670.0
1.0,4603.0,1977.0,2613.0,5428.0,2398.0,2398.0,1832.0,781.0,1435.0,542.0
1.0,8054.0,2057.0,2591.0,5897.0,0.0,0.0,1817.0,774.0,1397.0,660.0
1.0,11894.0,2687.0,2582.0,2398.0,0.0,0.0,1808.0,774.0,1783.0,904.0
1.0,11605.0,3246.0,2595.0,0.0,2021.0,2021.0,1814.0,781.0,2218.0,1028.0
1.0,8359.0,3171.0,2618.0,0.0,5284.0,5284.0,1830.0,788.0,2268.0,903.0
1.0,5188.0,2528.0,2629.0,2021.0,5835.0,5835.0,1840.0,789.0,1871.0,657.0
1.0,4681.0,1969.0,2617.0,5284.0,2472.0,2472.0,1835.0,782.0,1434.0,535.0
1.0,7996.0,2065.0,2595.0,5835.0,0.0,0.0,1820.0,775.0,1401.0,664.0
1.0,11766.0,2726.0,2586.0,2472.0,0.0,0.0,1811.0,775.0,1812.0,914.0
1.0,11512.0,3281.0,2600.0,0.0,2169.0,2169.0,1818.0,782.0,2249.0,1032.0
1.0,8231.0,3188.0,2622.0,0.0,5445.0,5445.0,1833.0,789.0,2283.0,905.0
1.0,5043.0,2537.0,2633.0,2169.0,5857.0,5857.0,1843.0,790.0,1875.0,662.0
1.0,4675.0,1971.0,2620.0,5445.0,2331.0,2331.0,1837.0,783.0,1420.0,551.0
1.0,8149.0,2068.0,2597.0,5857.0,0.0,0.0,1821.0,776.0,1389.0,679.0
1.0,11938.0,2727.0,2589.0,2331.0,0.0,0.0,1813.0,776.0,1809.0,918.0
1.0,11542.0,3279.0,2603.0,0.0,2149.0,2149.0,1820.0,783.0,2254.0,1025.0
1.0,8263.0,3176.0,2626.0,0.0,5417.0,5417.0,1836.0,790.0,2283.0,893.0
1.0,5087.0,2527.0,2637.0,2149.0,5839.0,5839.0,1846.0,791.0,1870.0,657.0
1.0,4709.0,1959.0,2624.0,5417.0,2329.0,2329.0,1840.0,784.0,1411.0,548.0
1.0,8167.0,2038.0,2601.0,5839.0,0.0,0.0,1824.0,777.0,1363.0,675.0
1.0,11968.0,2699.0,2592.0,2329.0,0.0,0.0,1815.0,777.0,1783.0,916.0
1.0,11598.0,3285.0,2606.0,0.0,2111.0,2111.0,1822.0,784.0,2254.0,1031.0
1.0,8313.0,3231.0,2630.0,0.0,5438.0,5438.0,1838.0,792.0,2320.0,911.0
1.0,5082.0,2593.0,2640.0,2111.0,5960.0,5960.0,1848.0,792.0,1924.0,669.0
1.0,4600.0,1998.0,2627.0,5438.0,2468.0,2468.0,1842.0,785.0,1449.0,549.0
1.0,8040.0,2044.0,2604.0,5960.0,0.0,0.0,1826.0,778.0,1375.0,669.0
1.0,11956.0,2693.0,2595.0,2468.0,0.0,0.0,1817.0,778.0,1785.0,908.0
1.0,11731.0,3296.0,2609.0,0.0,2001.0,2001.0,1824.0,785.0,2261.0,1035.0
1.0,8435.0,3228.0,2634.0,0.0,5329.0,5329.0,1841.0,793.0,2317.0,911.0
1.0,5207.0,2558.0,2644.0,2001.0,5926.0,5926.0,1851.0,793.0,1893.0,665.0
1.0,4650.0,1954.0,2632.0,5329.0,2503.0,2503.0,1845.0,787.0,1410.0,544.0
1.0,8025.0,2011.0,2608.0,5926.0,0.0,0.0,1828.0,780.0,1342.0,669.0
1.0,11940.0,2680.0,2598.0,2503.0,0.0,0.0,1818.0,780.0,1765.0,915.0
1.0,11763.0,3307.0,2613.0,0.0,1996.0,1996.0,1826.0,787.0,2272.0,1035.0
1.0,8456.0,3275.0,2638.0,0.0,5371.0,5371.0,1844.0,794.0,2361.0,914.0
1.0,5181.0,2617.0,2648.0,1996.0,6032.0,6032.0,1854.0,794.0,1944.0,673.0
1.0,4560.0,1997.0,2636.0,5371.0,2610.0,2610.0,1848.0,788.0,1438.0,559.0
1.0,7934.0,2033.0,2612.0,6032.0,0.0,0.0,1831.0,781.0,1354.0,679.0
1.0,11933.0,2677.0,2603.0,2610.0,0.0,0.0,1822.0,781.0,1768.0,909.0
1.0,11866.0,3295.0,2617.0,0.0,1897.0,1897.0,1829.0,788.0,2267.0,1028.0
1.0,8571.0,3266.0,2641.0,0.0,5259.0,5259.0,1846.0,795.0,2354.0,912.0
1.0,5305.0,2609.0,2652.0,1897.0,6015.0,6015.0,1856.0,796.0,1932.0,677.0
1.0,4593.0,1980.0,2639.0,5259.0,2684.0,2684.0,1850.0,789.0,1421.0,559.0
1.0,7872.0,2013.0,2615.0,6015.0,0.0,0.0,1833.0,782.0,1340.0,673.0
1.0,11874.0,2683.0,2606.0,2684.0,0.0,0.0,1824.0,782.0,1779.0,904.0
1.0,11875.0,3307.0,2621.0,0.0,1916.0,1916.0,1832.0,789.0,2287.0,1020.0
1.0,8568.0,3269.0,2646.0,0.0,5285.0,5285.0,1850.0,796.0,2362.0,907.0
1.0,5299.0,2605.0,2657.0,1916.0,6018.0,6018.0,1860.0,797.0,1924.0,681.0
1.0,4610.0,1994.0,2643.0,5285.0,2671.0,2671.0,1853.0,790.0,1424.0,570.0
1.0,7901.0,2040.0,2619.0,6018.0,0.0,0.0,1836.0,783.0,1351.0,689.0
1.0,11879.0,2699.0,2609.0,2671.0,0.0,0.0,1826.0,783.0,1782.0,917.0
1.0,11851.0,3336.0,2624.0,0.0,1981.0,1981.0,1834.0,790.0,2302.0,1034.0
1.0,8515.0,3309.0,2649.0,0.0,5390.0,5390.0,1852.0,797.0,2387.0,922.0
1.0,5206.0,2642.0,2661.0,1981.0,6099.0,6099.0,1863.0,798.0,1956.0,686.0
1.0,4545.0,1988.0,2647.0,5390.0,2641.0,2641.0,1856.0,791.0,1428.0,560.0
1.0,7947.0,1994.0,2623.0,6099.0,0.0,0.0,1839.0,784.0,1326.0,668.0
1.0,12052.0,2646.0,2613.0,2641.0,0.0,0.0,1829.0,784.0,1747.0,899.0
1.0,12047.0,3295.0,2628.0,0.0,1760.0,1760.0,1837.0,791.0,2271.0,1024.0
1.0,8752.0,3292.0,2654.0,0.0,5156.0,5156.0,1855.0,799.0,2374.0,918.0
1.0,5460.0,2643.0,2664.0,1760.0,6079.0,6079.0,1865.0,799.0,1958.0,685.0
1.0,4577.0,2006.0,2650.0,5156.0,2873.0,2873.0,1858.0,792.0,1444.0,562.0
1.0,7727.0,2035.0,2626.0,6079.0,0.0,0.0,1841.0,785.0,1361.0,674.0
1.0,11771.0,2700.0,2618.0,2873.0,0.0,0.0,1832.0,786.0,1787.0,913.0
1.0,11944.0,3342.0,2633.0,0.0,1930.0,1930.0,1840.0,793.0,2300.0,1042.0
1.0,8602.0,3319.0,2659.0,0.0,5353.0,5353.0,1859.0,800.0,2389.0,930.0
1.0,5283.0,2640.0,2669.0,1930.0,6103.0,6103.0,1869.0,800.0,1949.0,691.0
1.0,4573.0,1990.0,2656.0,5353.0,2688.0,2688.0,1862.0,794.0,1423.0,567.0
1.0,7936.0,2020.0,2631.0,6103.0,0.0,0.0,1844.0,787.0,1345.0,675.0
1.0,12019.0,2686.0,2622.0,2688.0,0.0,0.0,1835.0,787.0,1780.0,906.0
1.0,12021.0,3325.0,2637.0,0.0,1852.0,1852.0,1843.0,794.0,2297.0,1028.0
1.0,8696.0,3309.0,2664.0,0.0,5269.0,5269.0,1862.0,802.0,2388.0,921.0
1.0,5387.0,2641.0,2675.0,1852.0,6102.0,6102.0,1873.0,802.0,1950.0,691.0
1.0,4598.0,1996.0,2661.0,5269.0,2773.0,2773.0,1866.0,795.0,1431.0,565.0
1.0,7871.0,2029.0,2637.0,6102.0,0.0,0.0,1849.0,788.0,1355.0,674.0
1.0,11944.0,2701.0,2627.0,2773.0,0.0,0.0,1839.0,788.0,1795.0,906.0
1.0,12016.0,3351.0,2641.0,0.0,1899.0,1899.0,1846.0,795.0,2315.0,1036.0
1.0,8665.0,3313.0,2667.0,0.0,5316.0,5316.0,1864.0,803.0,2379.0,934.0
1.0,5352.0,2635.0,2678.0,1899.0,6096.0,6096.0,1875.0,803.0,1933.0,702.0
1.0,4616.0,2004.0,2665.0,5316.0,2732.0,2732.0,1868.0,797.0,1432.0,572.0
1.0,7928.0,2041.0,2641.0,6096.0,0.0,0.0,1851.0,790.0,1372.0,669.0
1.0,11983.0,2715.0,2632.0,2732.0,0.0,0.0,1842.0,790.0,1814.0,901.0
1.0,12000.0,3338.0,2646.0,0.0,1922.0,1922.0,1850.0,796.0,2309.0,1029.0
1.0,8662.0,3291.0,2672.0,0.0,5317.0,5317.0,1868.0,804.0,2359.0,932.0
1.0,5371.0,2625.0,2684.0,1922.0,6068.0,6068.0,1879.0,805.0,1924.0,701.0
1.0,4668.0,1994.0,2670.0,5317.0,2689.0,2689.0,1872.0,798.0,1427.0,567.0
1.0,7991.0,2040.0,2646.0,6068.0,0.0,0.0,1855.0,791.0,1366.0,674.0
1.0,12019.0,2716.0,2635.0,2689.0,0.0,0.0,1844.0,791.0,1805.0,911.0
1.0,11992.0,3360.0,2650.0,0.0,1968.0,1968.0,1852.0,798.0,2317.0,1043.0
1.0,8632.0,3339.0,2675.0,0.0,5407.0,5407.0,1870.0,805.0,2402.0,937.0
1.0,5293.0,2677.0,2688.0,1968.0,6168.0,6168.0,1882.0,806.0,1973.0,704.0
1.0,4584.0,2040.0,2675.0,5407.0,2749.0,2749.0,1876.0,799.0,1466.0,574.0
1.0,7951.0,2041.0,2652.0,6168.0,0.0,0.0,1859.0,793.0,1366.0,675.0
1.0,12078.0,2685.0,2640.0,2749.0,0.0,0.0,1848.0,792.0,1778.0,907.0
1.0,12142.0,3332.0,2654.0,0.0,1806.0,1806.0,1855.0,799.0,2292.0,1040.0
1.0,8810.0,3314.0,2680.0,0.0,5224.0,5224.0,1873.0,807.0,2381.0,933.0
1.0,5496.0,2641.0,2692.0,1806.0,6107.0,6107.0,1885.0,807.0,1950.0,691.0
1.0,4661.0,1996.0,2678.0,5224.0,2823.0,2823.0,1878.0,800.0,1438.0,558.0
1.0,7889.0,2024.0,2654.0,6107.0,0.0,0.0,1860.0,794.0,1355.0,669.0
1.0,11972.0,2724.0,2644.0,2823.0,0.0,0.0,1850.0,794.0,1805.0,919.0
1.0,12071.0,3387.0,2658.0,0.0,1948.0,1948.0,1857.0,801.0,2330.0,1057.0
1.0,8684.0,3357.0,2684.0,0.0,5409.0,5409.0,1876.0,808.0,2409.0,948.0
1.0,5327.0,2649.0,2696.0,1948.0,6158.0,6158.0,1888.0,808.0,1950.0,699.0
1.0,4626.0,1981.0,2683.0,5409.0,2678.0,2678.0,1881.0,802.0,1417.0,564.0
1.0,8054.0,2023.0,2658.0,6158.0,0.0,0.0,1863.0,795.0,1350.0,673.0
1.0,12189.0,2734.0,2647.0,2678.0,0.0,0.0,1852.0,795.0,1815.0,919.0
1.0,12133.0,3395.0,2661.0,0.0,1906.0,1906.0,1859.0,802.0,2343.0,1052.0
1.0,8738.0,3352.0,2687.0,0.0,5362.0,5362.0,1878.0,809.0,2414.0,938.0
1.0,5386.0,2641.0,2699.0,1906.0,6145.0,6145.0,1890.0,809.0,1954.0,687.0
1.0,4651.0,1969.0,2687.0,5362.0,2704.0,2704.0,1884.0,803.0,1421.0,548.0
1.0,8044.0,2009.0,2662.0,6145.0,0.0,0.0,1866.0,796.0,1341.0,668.0
1.0,12180.0,2722.0,2651.0,2704.0,0.0,0.0,1855.0,796.0,1799.0,923.0
1.0,12162.0,3395.0,2665.0,0.0,1893.0,1893.0,1862.0,803.0,2339.0,1056.0
1.0,8767.0,3363.0,2691.0,0.0,5360.0,5360.0,1881.0,810.0,2424.0,939.0
1.0,5404.0,2660.0,2704.0,1893.0,6179.0,6179.0,1893.0,811.0,1962.0,698.0
1.0,4637.0,2005.0,2690.0,5360.0,2768.0,2768.0,1886.0,804.0,1431.0,574.0
1.0,7992.0,2060.0,2665.0,6179.0,0.0,0.0,1868.0,797.0,1370.0,690.0
1.0,12111.0,2769.0,2654.0,2768.0,0.0,0.0,1857.0,797.0,1840.0,929.0
1.0,12110.0,3419.0,2669.0,0.0,1985.0,1985.0,1865.0,804.0,2363.0,1056.0
1.0,8691.0,3355.0,2696.0,0.0,5448.0,5448.0,1884.0,812.0,2417.0,938.0
1.0,5336.0,2634.0,2708.0,1985.0,6145.0,6145.0,1896.0,812.0,1944.0,690.0
1.0,4687.0,1958.0,2694.0,5448.0,2599.0,2599.0,1889.0,805.0,1399.0,559.0
1.0,8177.0,2008.0,2668.0,6145.0,0.0,0.0,1870.0,798.0,1330.0,678.0
1.0,12314.0,2728.0,2657.0,2599.0,0.0,0.0,1859.0,798.0,1805.0,923.0
1.0,12185.0,3418.0,2673.0,0.0,1925.0,1925.0,1867.0,806.0,2359.0,1059.0
1.0,8767.0,3377.0,2699.0,0.0,5406.0,5406.0,1886.0,813.0,2434.0,943.0
1.0,5390.0,2656.0,2711.0,1925.0,6185.0,6185.0,1898.0,813.0,1965.0,691.0
1.0,4659.0,1977.0,2696.0,5406.0,2696.0,2696.0,1890.0,806.0,1421.0,556.0
1.0,8088.0,2040.0,2671.0,6185.0,0.0,0.0,1872.0,799.0,1368.0,672.0
1.0,12233.0,2788.0,2661.0,2696.0,0.0,0.0,1862.0,799.0,1854.0,934.0
1.0,12141.0,3457.0,2678.0,0.0,2028.0,2028.0,1871.0,807.0,2381.0,1076.0
1.0,8684.0,3376.0,2704.0,0.0,5508.0,5508.0,1890.0,814.0,2424.0,952.0
1.0,5308.0,2640.0,2715.0,2028.0,6164.0,6164.0,1901.0,814.0,1949.0,691.0
1.0,4696.0,1964.0,2701.0,5508.0,2564.0,2564.0,1893.0,808.0,1415.0,549.0
1.0,8240.0,2043.0,2676.0,6164.0,0.0,0.0,1875.0,801.0,1370.0,673.0
1.0,12361.0,2777.0,2666.0,2564.0,0.0,0.0,1865.0,801.0,1843.0,934.0
1.0,12148.0,3427.0,2682.0,0.0,2007.0,2007.0,1874.0,808.0,2358.0,1069.0
1.0,8721.0,3354.0,2707.0,0.0,5461.0,5461.0,1892.0,815.0,2406.0,948.0
1.0,5367.0,2637.0,2720.0,2007.0,6143.0,6143.0,1904.0,816.0,1944.0,693.0
1.0,4737.0,2001.0,2706.0,5461.0,2627.0,2627.0,1897.0,809.0,1438.0,563.0
1.0,8197.0,2073.0,2681.0,6143.0,0.0,0.0,1879.0,802.0,1388.0,685.0
1.0,12267.0,2798.0,2670.0,2627.0,0.0,0.0,1868.0,802.0,1856.0,942.0
1.0,12096.0,3454.0,2685.0,0.0,2098.0,2098.0,1876.0,809.0,2381.0,1073.0
1.0,8642.0,3385.0,2711.0,0.0,5587.0,5587.0,1895.0,816.0,2439.0,946.0
1.0,5257.0,2666.0,2723.0,2098.0,6203.0,6203.0,1906.0,817.0,1969.0,697.0
1.0,4689.0,1993.0,2710.0,5587.0,2557.0,2557.0,1900.0,810.0,1431.0,562.0
1.0,8283.0,2048.0,2685.0,6203.0,0.0,0.0,1882.0,803.0,1370.0,678.0
1.0,12438.0,2757.0,2674.0,2557.0,0.0,0.0,1871.0,803.0,1829.0,928.0
1.0,12238.0,3414.0,2689.0,0.0,1932.0,1932.0,1879.0,810.0,2354.0,1060.0
1.0,8824.0,3347.0,2715.0,0.0,5383.0,5383.0,1898.0,817.0,2407.0,940.0
1.0,5477.0,2638.0,2727.0,1932.0,6137.0,6137.0,1909.0,818.0,1948.0,690.0
1.0,4771.0,2007.0,2713.0,5383.0,2705.0,2705.0,1902.0,811.0,1441.0,566.0
1.0,8147.0,2097.0,2688.0,6137.0,0.0,0.0,1884.0,804.0,1401.0,696.0
1.0,12187.0,2827.0,2678.0,2705.0,0.0,0.0,1874.0,804.0,1877.0,950.0
1.0,12065.0,3477.0,2694.0,0.0,2188.0,2188.0,1883.0,811.0,2398.0,1079.0
1.0,8588.0,3396.0,2721.0,0.0,5692.0,5692.0,1902.0,819.0,2443.0,953.0
1.0,5192.0,2643.0,2733.0,2188.0,6195.0,6195.0,1914.0,819.0,1949.0,694.0
1.0,4737.0,1972.0,2718.0,5692.0,2415.0,2415.0,1906.0,812.0,1412.0,560.0
1.0,8457.0,2056.0,2692.0,6195.0,0.0,0.0,1887.0,805.0,1369.0,687.0
1.0,12596.0,2805.0,2683.0,2415.0,0.0,0.0,1877.0,806.0,1864.0,941.0
1.0,12206.0,3449.0,2698.0,0.0,2035.0,2035.0,1885.0,813.0,2382.0,1067.0
1.0,8757.0,3365.0,2724.0,0.0,5504.0,5504.0,1904.0,820.0,2424.0,941.0
1.0,5392.0,2637.0,2737.0,2035.0,6158.0,6158.0,1916.0,821.0,1949.0,688.0
1.0,4790.0,1998.0,2723.0,5504.0,2596.0,2596.0,1909.0,814.0,1435.0,563.0
1.0,8296.0,2087.0,2698.0,6158.0,0.0,0.0,1891.0,807.0,1396.0,691.0
1.0,12367.0,2823.0,2687.0,2596.0,0.0,0.0,1880.0,807.0,1880.0,943.0
1.0,12140.0,3457.0,2703.0,0.0,2129.0,2129.0,1889.0,814.0,2387.0,1070.0
1.0,8683.0,3379.0,2729.0,0.0,5612.0,5612.0,1908.0,821.0,2430.0,949.0
1.0,5304.0,2653.0,2740.0,2129.0,6180.0,6180.0,1919.0,821.0,1952.0,701.0
1.0,4780.0,2025.0,2726.0,5612.0,2537.0,2537.0,1911.0,815.0,1446.0,579.0
1.0,8367.0,2114.0,2701.0,6180.0,0.0,0.0,1893.0,808.0,1413.0,701.0
1.0,12433.0,2825.0,2691.0,2537.0,0.0,0.0,1883.0,808.0,1883.0,942.0
1.0,12145.0,3456.0,2707.0,0.0,2139.0,2139.0,1892.0,815.0,2392.0,1064.0
1.0,8689.0,3372.0,2734.0,0.0,5619.0,5619.0,1911.0,823.0,2429.0,943.0
1.0,5317.0,2637.0,2746.0,2139.0,6165.0,6165.0,1923.0,823.0,1945.0,692.0
1.0,4819.0,1980.0,2732.0,5619.0,2470.0,2470.0,1916.0,816.0,1419.0,561.0
1.0,8458.0,2068.0,2706.0,6165.0,0.0,0.0,1897.0,809.0,1380.0,688.0
1.0,12555.0,2816.0,2695.0,2470.0,0.0,0.0,1886.0,809.0,1874.0,942.0
1.0,12209.0,3469.0,2710.0,0.0,2100.0,2100.0,1894.0,816.0,2398.0,1071.0
1.0,8740.0,3400.0,2738.0,0.0,5612.0,5612.0,1914.0,824.0,2447.0,953.0
1.0,5340.0,2669.0,2750.0,2100.0,6229.0,6229.0,1926.0,824.0,1967.0,702.0
1.0,4771.0,2016.0,2735.0,5612.0,2573.0,2573.0,1918.0,817.0,1444.0,572.0
1.0,8367.0,2094.0,2709.0,6229.0,0.0,0.0,1899.0,810.0,1403.0,691.0
1.0,12502.0,2821.0,2699.0,2573.0,0.0,0.0,1889.0,810.0,1880.0,941.0
1.0,12254.0,3465.0,2714.0,0.0,2067.0,2067.0,1897.0,817.0,2392.0,1073.0
1.0,8789.0,3384.0,2742.0,0.0,5563.0,5563.0,1917.0,825.0,2428.0,956.0
1.0,5405.0,2647.0,2753.0,2067.0,6187.0,6187.0,1928.0,825.0,1943.0,704.0
1.0,4825.0,2001.0,2738.0,5563.0,2565.0,2565.0,1920.0,818.0,1429.0,572.0
1.0,8387.0,2071.0,2712.0,6187.0,0.0,0.0,1901.0,811.0,1382.0,689.0
1.0,12503.0,2815.0,2702.0,2565.0,0.0,0.0,1891.0,811.0,1873.0,942.0
1.0,12253.0,3493.0,2718.0,0.0,2112.0,2112.0,1900.0,818.0,2414.0,1079.0
1.0,8760.0,3434.0,2746.0,0.0,5658.0,5658.0,1920.0,826.0,2474.0,960.0
1.0,5326.0,2684.0,2757.0,2112.0,6274.0,6274.0,1931.0,826.0,1983.0,701.0
1.0,4754.0,2017.0,2742.0,5658.0,2573.0,2573.0,1923.0,819.0,1449.0,568.0
1.0,8395.0,2082.0,2716.0,6274.0,0.0,0.0,1904.0,812.0,1391.0,691.0
1.0,12587.0,2809.0,2705.0,2573.0,0.0,0.0,1893.0,812.0,1863.0,946.0
1.0,12351.0,3491.0,2720.0,0.0,2020.0,2020.0,1901.0,819.0,2407.0,1084.0
1.0,8860.0,3434.0,2748.0,0.0,5566.0,5566.0,1921.0,827.0,2472.0,962.0
1.0,5426.0,2689.0,2760.0,2020.0,6283.0,6283.0,1933.0,827.0,1986.0,703.0
1.0,4757.0,2007.0,2747.0,5566.0,2672.0,2672.0,1926.0,821.0,1440.0,567.0
1.0,8316.0,2055.0,2720.0,6283.0,0.0,0.0,1907.0,813.0,1366.0,689.0
1.0,12544.0,2791.0,2710.0,2672.0,0.0,0.0,1896.0,814.0,1844.0,947.0
1.0,12425.0,3481.0,2726.0,0.0,1960.0,1960.0,1905.0,821.0,2399.0,1082.0
1.0,8944.0,3438.0,2754.0,0.0,5510.0,5510.0,1925.0,829.0,2478.0,960.0
1.0,5506.0,2696.0,2765.0,1960.0,6290.0,6290.0,1936.0,829.0,1990.0,706.0
1.0,4770.0,2007.0,2749.0,5510.0,2723.0,2723.0,1927.0,822.0,1430.0,577.0
1.0,8273.0,2063.0,2721.0,6290.0,0.0,0.0,1907.0,814.0,1362.0,701.0
1.0,12500.0,2813.0,2710.0,2723.0,0.0,0.0,1896.0,814.0,1859.0,954.0
1.0,12410.0,3528.0,2728.0,0.0,2030.0,2030.0,1906.0,822.0,2446.0,1082.0
1.0,8882.0,3484.0,2757.0,0.0,5630.0,5630.0,1927.0,830.0,2526.0,958.0
1.0,5398.0,2712.0,2770.0,2030.0,6364.0,6364.0,1940.0,830.0,2010.0,702.0
1.0,4716.0,1993.0,2754.0,5630.0,2663.0,2663.0,1931.0,823.0,1420.0,573.0
1.0,8353.0,2034.0,2727.0,6364.0,0.0,0.0,1911.0,816.0,1337.0,697.0
1.0,12683.0,2782.0,2716.0,2663.0,0.0,0.0,1900.0,816.0,1837.0,945.0
1.0,12564.0,3494.0,2732.0,0.0,1858.0,1858.0,1909.0,823.0,2425.0,1069.0
1.0,9070.0,3454.0,2759.0,0.0,5420.0,5420.0,1929.0,830.0,2507.0,947.0
1.0,5616.0,2729.0,2772.0,1858.0,6343.0,6343.0,1941.0,831.0,2016.0,713.0
1.0,4745.0,2032.0,2757.0,5420.0,2895.0,2895.0,1933.0,824.0,1440.0,592.0
1.0,8133.0,2080.0,2730.0,6343.0,0.0,0.0,1913.0,817.0,1372.0,708.0
1.0,12396.0,2820.0,2720.0,2895.0,0.0,0.0,1903.0,817.0,1872.0,948.0
1.0,12471.0,3520.0,2736.0,0.0,1993.0,1993.0,1912.0,824.0,2444.0,1076.0
1.0,8951.0,3470.0,2764.0,0.0,5575.0,5575.0,1932.0,832.0,2508.0,962.0
1.0,5481.0,2728.0,2776.0,1993.0,6358.0,6358.0,1944.0,832.0,2007.0,721.0
1.0,4746.0,2032.0,2760.0,5575.0,2751.0,2751.0,1935.0,825.0,1437.0,595.0
1.0,8289.0,2072.0,2734.0,6358.0,0.0,0.0,1916.0,818.0,1368.0,704.0
1.0,12575.0,2810.0,2723.0,2751.0,0.0,0.0,1905.0,818.0,1867.0,943.0
1.0,12516.0,3497.0,2740.0,0.0,1941.0,1941.0,1914.0,826.0,2432.0,1065.0
1.0,9019.0,3439.0,2768.0,0.0,5492.0,5492.0,1935.0,833.0,2495.0,944.0
1.0,5580.0,2698.0,2780.0,1941.0,6297.0,6297.0,1947.0,833.0,1995.0,703.0
1.0,4823.0,2036.0,2765.0,5492.0,2781.0,2781.0,1939.0,826.0,1451.0,585.0
1.0,8279.0,2114.0,2739.0,6297.0,0.0,0.0,1919.0,820.0,1397.0,717.0
1.0,12462.0,2841.0,2728.0,2781.0,0.0,0.0,1908.0,820.0,1879.0,962.0
1.0,12402.0,3509.0,2744.0,0.0,2083.0,2083.0,1917.0,827.0,2434.0,1075.0
1.0,8893.0,3448.0,2772.0,0.0,5643.0,5643.0,1938.0,834.0,2500.0,948.0
1.0,5445.0,2715.0,2784.0,2083.0,6323.0,6323.0,1949.0,835.0,2003.0,712.0
1.0,4813.0,2057.0,2769.0,5643.0,2677.0,2677.0,1941.0,828.0,1457.0,600.0
1.0,8399.0,2121.0,2743.0,6323.0,0.0,0.0,1922.0,821.0,1400.0,721.0
1.0,12601.0,2859.0,2733.0,2677.0,0.0,0.0,1912.0,821.0,1899.0,960.0
1.0,12419.0,3521.0,2750.0,0.0,2102.0,2102.0,1921.0,829.0,2445.0,1076.0
1.0,8898.0,3424.0,2778.0,0.0,5638.0,5638.0,1942.0,836.0,2482.0,942.0
1.0,5474.0,2678.0,2789.0,2102.0,6258.0,6258.0,1953.0,836.0,1979.0,699.0
1.0,4898.0,2016.0,2774.0,5638.0,2576.0,2576.0,1945.0,829.0,1428.0,588.0
1.0,8520.0,2106.0,2747.0,6258.0,0.0,0.0,1925.0,822.0,1385.0,721.0
1.0,12672.0,2862.0,2736.0,2576.0,0.0,0.0,1914.0,822.0,1900.0,962.0
1.0,12386.0,3537.0,2752.0,0.0,2159.0,2159.0,1923.0,829.0,2466.0,1071.0
1.0,8849.0,3474.0,2781.0,0.0,5749.0,5749.0,1944.0,837.0,2527.0,947.0
1.0,5375.0,2727.0,2793.0,2159.0,6365.0,6365.0,1956.0,837.0,2018.0,709.0
1.0,4807.0,2055.0,2778.0,5749.0,2611.0,2611.0,1948.0,830.0,1453.0,602.0
1.0,8501.0,2120.0,2751.0,6365.0,0.0,0.0,1928.0,823.0,1391.0,729.0
1.0,12746.0,2845.0,2741.0,2611.0,0.0,0.0,1917.0,824.0,1879.0,966.0
1.0,12512.0,3499.0,2757.0,0.0,2015.0,2015.0,1926.0,831.0,2429.0,1070.0
1.0,9013.0,3436.0,2784.0,0.0,5559.0,5559.0,1946.0,838.0,2496.0,940.0
1.0,5577.0,2708.0,2796.0,2015.0,6300.0,6300.0,1958.0,838.0,2005.0,703.0
1.0,4884.0,2053.0,2782.0,5559.0,2738.0,2738.0,1951.0,831.0,1458.0,595.0
1.0,8390.0,2134.0,2756.0,6300.0,0.0,0.0,1932.0,824.0,1408.0,726.0
1.0,12556.0,2874.0,2746.0,2738.0,0.0,0.0,1921.0,825.0,1905.0,969.0
1.0,12420.0,3539.0,2762.0,0.0,2167.0,2167.0,1930.0,832.0,2459.0,1080.0
1.0,8881.0,3458.0,2790.0,0.0,5737.0,5737.0,1951.0,839.0,2512.0,946.0
1.0,5423.0,2702.0,2802.0,2167.0,6320.0,6320.0,1963.0,839.0,1998.0,704.0
1.0,4888.0,2047.0,2787.0,5737.0,2570.0,2570.0,1955.0,832.0,1448.0,599.0
1.0,8578.0,2140.0,2761.0,6320.0,0.0,0.0,1935.0,826.0,1402.0,738.0
1.0,12758.0,2889.0,2749.0,2570.0,0.0,0.0,1923.0,826.0,1912.0,977.0
1.0,12439.0,3546.0,2765.0,0.0,2167.0,2167.0,1932.0,833.0,2470.0,1076.0
1.0,8893.0,3449.0,2793.0,0.0,5728.0,5728.0,1953.0,840.0,2514.0,935.0
1.0,5444.0,2687.0,2806.0,2167.0,6300.0,6300.0,1966.0,840.0,1997.0,690.0
1.0,4924.0,2016.0,2791.0,5728.0,2528.0,2528.0,1958.0,833.0,1429.0,587.0
1.0,8636.0,2121.0,2765.0,6300.0,0.0,0.0,1938.0,827.0,1385.0,736.0
1.0,12815.0,2885.0,2753.0,2528.0,0.0,0.0,1926.0,827.0,1901.0,984.0
1.0,12458.0,3550.0,2769.0,0.0,2168.0,2168.0,1935.0,834.0,2464.0,1086.0
1.0,8908.0,3459.0,2796.0,0.0,5735.0,5735.0,1955.0,841.0,2520.0,939.0
1.0,5449.0,2719.0,2809.0,2168.0,6338.0,6338.0,1968.0,841.0,2018.0,701.0
1.0,4898.0,2074.0,2794.0,5735.0,2617.0,2617.0,1960.0,834.0,1466.0,608.0
1.0,8559.0,2164.0,2768.0,6338.0,0.0,0.0,1940.0,828.0,1414.0,750.0
1.0,12733.0,2915.0,2758.0,2617.0,0.0,0.0,1929.0,829.0,1925.0,990.0
1.0,12435.0,3565.0,2774.0,0.0,2226.0,2226.0,1938.0,836.0,2480.0,1085.0
1.0,8870.0,3459.0,2801.0,0.0,5793.0,5793.0,1959.0,842.0,2518.0,941.0
1.0,5411.0,2689.0,2813.0,2226.0,6304.0,6304.0,1971.0,842.0,1998.0,691.0
1.0,4948.0,2008.0,2797.0,5793.0,2455.0,2455.0,1962.0,835.0,1421.0,587.0
1.0,8733.0,2113.0,2771.0,6304.0,0.0,0.0,1942.0,829.0,1380.0,733.0
1.0,12924.0,2879.0,2761.0,2455.0,0.0,0.0,1931.0,830.0,1898.0,981.0
1.0,12500.0,3572.0,2777.0,0.0,2180.0,2180.0,1940.0,837.0,2480.0,1092.0
1.0,8928.0,3503.0,2805.0,0.0,5795.0,5795.0,1961.0,844.0,2552.0,951.0
1.0,5425.0,2736.0,2817.0,2180.0,6399.0,6399.0,1973.0,844.0,2034.0,702.0
1.0,4869.0,2039.0,2802.0,5795.0,2583.0,2583.0,1965.0,837.0,1446.0,593.0
1.0,8625.0,2122.0,2775.0,6399.0,0.0,0.0,1945.0,830.0,1380.0,742.0
1.0,12902.0,2895.0,2764.0,2583.0,0.0,0.0,1933.0,831.0,1902.0,993.0
1.0,12590.0,3590.0,2782.0,0.0,2128.0,2128.0,1943.0,839.0,2492.0,1098.0
1.0,9000.0,3519.0,2809.0,0.0,5755.0,5755.0,1964.0,845.0,2569.0,950.0
1.0,5481.0,2737.0,2822.0,2128.0,6416.0,6416.0,1977.0,845.0,2042.0,695.0
1.0,4872.0,2031.0,2806.0,5755.0,2628.0,2628.0,1968.0,838.0,1447.0,584.0
1.0,8596.0,2099.0,2778.0,6416.0,0.0,0.0,1947.0,831.0,1365.0,734.0
1.0,12913.0,2851.0,2767.0,2628.0,0.0,0.0,1935.0,832.0,1866.0,985.0
1.0,12690.0,3555.0,2784.0,0.0,2001.0,2001.0,1945.0,839.0,2463.0,1092.0
1.0,9135.0,3507.0,2812.0,0.0,5620.0,5620.0,1966.0,846.0,2558.0,949.0
1.0,5628.0,2753.0,2825.0,2001.0,6424.0,6424.0,1979.0,846.0,2057.0,696.0
1.0,4876.0,2059.0,2810.0,5620.0,2803.0,2803.0,1971.0,839.0,1462.0,597.0
1.0,8437.0,2122.0,2783.0,6424.0,0.0,0.0,1950.0,833.0,1376.0,746.0
1.0,12739.0,2878.0,2771.0,2803.0,0.0,0.0,1937.0,834.0,1887.0,991.0
1.0,12664.0,3581.0,2788.0,0.0,2069.0,2069.0,1947.0,841.0,2493.0,1088.0
1.0,9083.0,3539.0,2816.0,0.0,5720.0,5720.0,1969.0,847.0,2593.0,946.0
1.0,5544.0,2791.0,2829.0,2069.0,6494.0,6494.0,1982.0,847.0,2083.0,708.0
1.0,4822.0,2089.0,2814.0,5720.0,2803.0,2803.0,1974.0,840.0,1478.0,611.0
1.0,8453.0,2120.0,2788.0,6494.0,0.0,0.0,1954.0,834.0,1370.0,750.0
1.0,12827.0,2833.0,2776.0,2803.0,0.0,0.0,1941.0,835.0,1851.0,982.0
1.0,12797.0,3518.0,2792.0,0.0,1889.0,1889.0,1950.0,842.0,2442.0,1076.0
1.0,9279.0,3495.0,2820.0,0.0,5496.0,5496.0,1971.0,849.0,2554.0,941.0
1.0,5784.0,2787.0,2832.0,1889.0,6442.0,6442.0,1984.0,848.0,2076.0,711.0
1.0,4886.0,2112.0,2818.0,5496.0,3002.0,3002.0,1976.0,842.0,1492.0,620.0
1.0,8270.0,2154.0,2790.0,6442.0,0.0,0.0,1955.0,835.0,1400.0,754.0
1.0,12558.0,2885.0,2780.0,3002.0,0.0,0.0,1944.0,836.0,1901.0,984.0
1.0,12675.0,3561.0,2796.0,0.0,2070.0,2070.0,1953.0,843.0,2481.0,1080.0
1.0,9114.0,3508.0,2824.0,0.0,5690.0,5690.0,1974.0,850.0,2565.0,943.0
1.0,5606.0,2782.0,2836.0,2070.0,6450.0,6450.0,1987.0,849.0,2075.0,707.0
1.0,4894.0,2113.0,2821.0,5690.0,2813.0,2813.0,1979.0,842.0,1499.0,614.0
1.0,8471.0,2153.0,2795.0,6450.0,0.0,0.0,1959.0,836.0,1401.0,752.0
1.0,12768.0,2856.0,2783.0,2813.0,0.0,0.0,1946.0,837.0,1871.0,985.0
1.0,12725.0,3521.0,2800.0,0.0,1996.0,1996.0,1955.0,845.0,2446.0,1075.0
1.0,9204.0,3490.0,2828.0,0.0,5598.0,5598.0,1977.0,851.0,2555.0,935.0
1.0,5714.0,2783.0,2841.0,1996.0,6437.0,6437.0,1990.0,851.0,2081.0,702.0
1.0,4927.0,2114.0,2825.0,5598.0,2889.0,2889.0,1982.0,843.0,1503.0,611.0
1.0,8411.0,2164.0,2799.0,6437.0,0.0,0.0,1962.0,837.0,1407.0,757.0
1.0,12684.0,2888.0,2788.0,2889.0,0.0,0.0,1950.0,838.0,1884.0,1004.0
1.0,12685.0,3565.0,2805.0,0.0,2100.0,2100.0,1959.0,846.0,2464.0,1101.0
1.0,9120.0,3514.0,2833.0,0.0,5726.0,5726.0,1980.0,853.0,2563.0,951.0
1.0,5606.0,2797.0,2845.0,2100.0,6471.0,6471.0,1993.0,852.0,2090.0,707.0
1.0,4909.0,2145.0,2830.0,5726.0,2830.0,2830.0,1985.0,845.0,1528.0,617.0
1.0,8490.0,2201.0,2803.0,6471.0,0.0,0.0,1965.0,838.0,1441.0,760.0
1.0,12760.0,2901.0,2792.0,2830.0,0.0,0.0,1953.0,839.0,1907.0,994.0
1.0,12689.0,3535.0,2809.0,0.0,2082.0,2082.0,1962.0,847.0,2452.0,1083.0
1.0,9154.0,3458.0,2837.0,0.0,5652.0,5652.0,1983.0,854.0,2527.0,931.0
1.0,5696.0,2749.0,2849.0,2082.0,6367.0,6367.0,1996.0,853.0,2054.0,695.0
1.0,5029.0,2119.0,2835.0,5652.0,2778.0,2778.0,1989.0,846.0,1506.0,613.0
1.0,8562.0,2186.0,2807.0,6367.0,0.0,0.0,1968.0,839.0,1421.0,765.0
1.0,12743.0,2894.0,2796.0,2778.0,0.0,0.0,1956.0,840.0,1896.0,998.0
1.0,12627.0,3551.0,2812.0,0.0,2172.0,2172.0,1964.0,848.0,2468.0,1083.0
1.0,9076.0,3499.0,2839.0,0.0,5779.0,5779.0,1985.0,854.0,2560.0,939.0
1.0,5577.0,2798.0,2853.0,2172.0,6461.0,6461.0,1999.0,854.0,2093.0,705.0
1.0,4951.0,2168.0,2839.0,5779.0,2794.0,2794.0,1992.0,847.0,1539.0,629.0
1.0,8562.0,2227.0,2813.0,6461.0,0.0,0.0,1972.0,841.0,1443.0,784.0
1.0,12796.0,2900.0,2801.0,2794.0,0.0,0.0,1959.0,842.0,1891.0,1009.0
1.0,12690.0,3534.0,2816.0,0.0,2108.0,2108.0,1967.0,849.0,2450.0,1084.0
1.0,9156.0,3473.0,2844.0,0.0,5693.0,5693.0,1988.0,856.0,2541.0,932.0
1.0,5683.0,2774.0,2857.0,2108.0,6411.0,6411.0,2002.0,855.0,2076.0,698.0
1.0,5017.0,2129.0,2843.0,5693.0,2791.0,2791.0,1995.0,848.0,1517.0,612.0
1.0,8581.0,2188.0,2817.0,6411.0,0.0,0.0,1975.0,842.0,1425.0,763.0
1.0,12804.0,2897.0,2805.0,2791.0,0.0,0.0,1962.0,843.0,1901.0,996.0
1.0,12698.0,3554.0,2820.0,0.0,2136.0,2136.0,1970.0,850.0,2473.0,1081.0
1.0,9144.0,3499.0,2848.0,0.0,5747.0,5747.0,1991.0,857.0,2563.0,936.0
1.0,5645.0,2803.0,2861.0,2136.0,6466.0,6466.0,2005.0,856.0,2087.0,716.0
1.0,4978.0,2157.0,2847.0,5747.0,2820.0,2820.0,1998.0,849.0,1520.0,637.0
1.0,8568.0,2210.0,2821.0,6466.0,0.0,0.0,1978.0,843.0,1431.0,779.0
1.0,12824.0,2913.0,2808.0,2820.0,0.0,0.0,1964.0,844.0,1911.0,1002.0
1.0,12731.0,3562.0,2824.0,0.0,2127.0,2127.0,1972.0,852.0,2477.0,1085.0
1.0,9169.0,3509.0,2851.0,0.0,5744.0,5744.0,1993.0,858.0,2569.0,940.0
1.0,5660.0,2799.0,2864.0,2127.0,6468.0,6468.0,2007.0,857.0,2090.0,709.0
1.0,4988.0,2138.0,2850.0,5744.0,2806.0,2806.0,2000.0,850.0,1518.0,620.0
1.0,8594.0,2180.0,2825.0,6468.0,0.0,0.0,1981.0,844.0,1417.0,763.0
1.0,12882.0,2896.0,2813.0,2806.0,0.0,0.0,1968.0,845.0,1893.0,1003.0
1.0,12792.0,3558.0,2829.0,0.0,2082.0,2082.0,1976.0,853.0,2463.0,1095.0
1.0,9234.0,3518.0,2855.0,0.0,5704.0,5704.0,1996.0,859.0,2572.0,946.0
1.0,5716.0,2813.0,2868.0,2082.0,6487.0,6487.0,2010.0,858.0,2106.0,707.0
1.0,4985.0,2154.0,2854.0,5704.0,2881.0,2881.0,2003.0,851.0,1539.0,615.0
1.0,8535.0,2223.0,2828.0,6487.0,0.0,0.0,1983.0,845.0,1453.0,770.0
1.0,12799.0,2942.0,2817.0,2881.0,0.0,0.0,1971.0,846.0,1924.0,1018.0
1.0,12738.0,3584.0,2832.0,0.0,2174.0,2174.0,1978.0,854.0,2476.0,1108.0
1.0,9154.0,3509.0,2860.0,0.0,5795.0,5795.0,1999.0,861.0,2558.0,951.0
1.0,5645.0,2793.0,2872.0,2174.0,6462.0,6462.0,2012.0,860.0,2090.0,703.0
1.0,5026.0,2144.0,2859.0,5795.0,2759.0,2759.0,2006.0,853.0,1529.0,615.0
1.0,8677.0,2197.0,2833.0,6462.0,0.0,0.0,1986.0,847.0,1429.0,768.0
1.0,12942.0,2899.0,2821.0,2759.0,0.0,0.0,1973.0,848.0,1893.0,1006.0
1.0,12802.0,3551.0,2836.0,0.0,2093.0,2093.0,1980.0,856.0,2456.0,1095.0
1.0,9251.0,3513.0,2863.0,0.0,5714.0,5714.0,2001.0,862.0,2560.0,953.0
1.0,5738.0,2821.0,2875.0,2093.0,6490.0,6490.0,2014.0,861.0,2107.0,714.0
1.0,5010.0,2188.0,2862.0,5714.0,2912.0,2912.0,2008.0,854.0,1564.0,624.0
1.0,8536.0,2235.0,2837.0,6490.0,0.0,0.0,1989.0,848.0,1463.0,772.0
1.0,12791.0,2934.0,2825.0,2912.0,0.0,0.0,1976.0,849.0,1920.0,1014.0
1.0,12769.0,3573.0,2841.0,0.0,2168.0,2168.0,1984.0,857.0,2461.0,1112.0
1.0,9196.0,3513.0,2866.0,0.0,5781.0,5781.0,2003.0,863.0,2553.0,960.0
1.0,5683.0,2824.0,2878.0,2168.0,6485.0,6485.0,2016.0,862.0,2111.0,713.0
1.0,5027.0,2181.0,2865.0,5781.0,2833.0,2833.0,2010.0,855.0,1567.0,614.0
1.0,8627.0,2219.0,2840.0,6485.0,0.0,0.0,1991.0,849.0,1461.0,758.0
1.0,12893.0,2901.0,2829.0,2833.0,0.0,0.0,1979.0,850.0,1899.0,1002.0
1.0,12825.0,3546.0,2844.0,0.0,2097.0,2097.0,1986.0,858.0,2445.0,1101.0
1.0,9279.0,3502.0,2870.0,0.0,5703.0,5703.0,2006.0,864.0,2550.0,952.0
1.0,5777.0,2809.0,2882.0,2097.0,6463.0,6463.0,2019.0,863.0,2100.0,709.0
1.0,5065.0,2171.0,2869.0,5703.0,2879.0,2879.0,2013.0,856.0,1557.0,614.0
1.0,8597.0,2237.0,2843.0,6463.0,0.0,0.0,1993.0,850.0,1467.0,770.0
1.0,12823.0,2945.0,2833.0,2879.0,0.0,0.0,1981.0,852.0,1923.0,1022.0
1.0,12757.0,3594.0,2848.0,0.0,2229.0,2229.0,1988.0,860.0,2474.0,1120.0
1.0,9163.0,3546.0,2874.0,0.0,5879.0,5879.0,2008.0,866.0,2578.0,968.0
1.0,5617.0,2860.0,2887.0,2229.0,6562.0,6562.0,2022.0,865.0,2138.0,722.0
1.0,4986.0,2199.0,2873.0,5879.0,2826.0,2826.0,2016.0,857.0,1580.0,619.0
1.0,8666.0,2221.0,2848.0,6562.0,0.0,0.0,1997.0,851.0,1460.0,761.0
1.0,13007.0,2906.0,2837.0,2826.0,0.0,0.0,1984.0,853.0,1898.0,1008.0
1.0,12927.0,3556.0,2853.0,0.0,2041.0,2041.0,1992.0,861.0,2446.0,1110.0
1.0,9371.0,3528.0,2879.0,0.0,5673.0,5673.0,2012.0,867.0,2564.0,964.0
1.0,5843.0,2832.0,2891.0,2041.0,6512.0,6512.0,2025.0,866.0,2119.0,713.0
1.0,5052.0,2162.0,2877.0,5673.0,2945.0,2945.0,2018.0,859.0,1550.0,612.0
1.0,8563.0,2209.0,2852.0,6512.0,0.0,0.0,1999.0,853.0,1450.0,759.0
1.0,12866.0,2934.0,2840.0,2945.0,0.0,0.0,1986.0,854.0,1920.0,1014.0
1.0,12877.0,3617.0,2856.0,0.0,2164.0,2164.0,1994.0,862.0,2498.0,1119.0
1.0,9260.0,3571.0,2883.0,0.0,5843.0,5843.0,2015.0,868.0,2600.0,971.0
1.0,5689.0,2853.0,2895.0,2164.0,6580.0,6580.0,2028.0,867.0,2133.0,720.0
1.0,5000.0,2187.0,2882.0,5843.0,2872.0,2872.0,2022.0,860.0,1570.0,617.0
1.0,8656.0,2229.0,2856.0,6580.0,0.0,0.0,2002.0,854.0,1461.0,768.0
1.0,13007.0,2935.0,2845.0,2872.0,0.0,0.0,1990.0,855.0,1911.0,1024.0
1.0,12944.0,3594.0,2860.0,0.0,2090.0,2090.0,1997.0,863.0,2471.0,1123.0
1.0,9350.0,3542.0,2887.0,0.0,5740.0,5740.0,2017.0,870.0,2581.0,961.0
1.0,5808.0,2829.0,2900.0,2090.0,6531.0,6531.0,2031.0,869.0,2131.0,698.0
1.0,5069.0,2186.0,2886.0,5740.0,2921.0,2921.0,2025.0,861.0,1579.0,607.0
1.0,8623.0,2245.0,2861.0,6531.0,0.0,0.0,2006.0,855.0,1468.0,777.0
1.0,12909.0,2942.0,2850.0,2921.0,0.0,0.0,1993.0,857.0,1912.0,1030.0
1.0,12888.0,3587.0,2865.0,0.0,2159.0,2159.0,2000.0,865.0,2466.0,1121.0
1.0,9301.0,3538.0,2891.0,0.0,5801.0,5801.0,2020.0,871.0,2579.0,959.0
1.0,5763.0,2849.0,2904.0,2159.0,6543.0,6543.0,2034.0,870.0,2145.0,704.0
1.0,5073.0,2217.0,2889.0,5801.0,2899.0,2899.0,2027.0,862.0,1598.0,619.0
1.0,8657.0,2278.0,2864.0,6543.0,0.0,0.0,2008.0,856.0,1494.0,784.0
1.0,12922.0,2963.0,2854.0,2899.0,0.0,0.0,1996.0,858.0,1929.0,1034.0
1.0,12858.0,3592.0,2870.0,0.0,2214.0,2214.0,2004.0,866.0,2475.0,1117.0
1.0,9266.0,3524.0,2896.0,0.0,5842.0,5842.0,2024.0,872.0,2571.0,953.0
1.0,5742.0,2825.0,2908.0,2214.0,6501.0,6501.0,2037.0,871.0,2127.0,698.0
1.0,5131.0,2194.0,2894.0,5842.0,2797.0,2797.0,2031.0,863.0,1580.0,614.0
1.0,8779.0,2254.0,2869.0,6501.0,0.0,0.0,2012.0,857.0,1465.0,789.0
1.0,13026.0,2936.0,2858.0,2797.0,0.0,0.0,1999.0,859.0,1894.0,1042.0
1.0,12887.0,3575.0,2873.0,0.0,2180.0,2180.0,2006.0,867.0,2454.0,1121.0
1.0,9312.0,3551.0,2899.0,0.0,5835.0,5835.0,2026.0,873.0,2597.0,954.0
1.0,5761.0,2885.0,2912.0,2180.0,6592.0,6592.0,2040.0,872.0,2179.0,706.0
1.0,5056.0,2248.0,2898.0,5835.0,2949.0,2949.0,2034.0,864.0,1622.0,626.0
1.0,8643.0,2277.0,2873.0,6592.0,0.0,0.0,2015.0,858.0,1487.0,790.0
1.0,12958.0,2940.0,2863.0,2949.0,0.0,0.0,2003.0,860.0,1905.0,1035.0
1.0,12967.0,3577.0,2876.0,0.0,2114.0,2114.0,2009.0,867.0,2461.0,1116.0
1.0,9390.0,3540.0,2903.0,0.0,5762.0,5762.0,2029.0,874.0,2582.0,958.0
1.0,5850.0,2863.0,2915.0,2114.0,6559.0,6559.0,2042.0,873.0,2152.0,711.0
1.0,5101.0,2220.0,2902.0,5762.0,2965.0,2965.0,2036.0,866.0,1597.0,623.0
1.0,8643.0,2237.0,2878.0,6559.0,0.0,0.0,2018.0,860.0,1464.0,773.0
1.0,12965.0,2921.0,2866.0,2965.0,0.0,0.0,2005.0,861.0,1906.0,1015.0
1.0,13009.0,3593.0,2881.0,0.0,2108.0,2108.0,2012.0,869.0,2477.0,1116.0
1.0,9416.0,3575.0,2909.0,0.0,5795.0,5795.0,2033.0,876.0,2604.0,971.0
1.0,5841.0,2902.0,2921.0,2108.0,6637.0,6637.0,2046.0,875.0,2174.0,728.0
1.0,5047.0,2253.0,2907.0,5795.0,3039.0,3039.0,2040.0,867.0,1620.0,633.0
1.0,8589.0,2271.0,2882.0,6637.0,0.0,0.0,2021.0,861.0,1488.0,783.0
1.0,12955.0,2951.0,2871.0,3039.0,0.0,0.0,2009.0,862.0,1922.0,1029.0
1.0,13043.0,3594.0,2885.0,0.0,2091.0,2091.0,2015.0,870.0,2471.0,1123.0
1.0,9449.0,3561.0,2911.0,0.0,5756.0,5756.0,2035.0,876.0,2594.0,967.0
1.0,5888.0,2883.0,2924.0,2091.0,6600.0,6600.0,2048.0,876.0,2164.0,719.0
1.0,5096.0,2243.0,2911.0,5756.0,3035.0,3035.0,2043.0,868.0,1617.0,626.0
1.0,8609.0,2281.0,2887.0,6600.0,0.0,0.0,2025.0,862.0,1500.0,781.0
1.0,12928.0,2955.0,2875.0,3035.0,0.0,0.0,2012.0,863.0,1922.0,1033.0
1.0,13008.0,3569.0,2890.0,0.0,2121.0,2121.0,2019.0,871.0,2450.0,1119.0
1.0,9439.0,3517.0,2916.0,0.0,5742.0,5742.0,2038.0,878.0,2561.0,956.0
1.0,5922.0,2856.0,2928.0,2121.0,6525.0,6525.0,2051.0,877.0,2144.0,712.0
1.0,5187.0,2244.0,2915.0,5742.0,2975.0,2975.0,2046.0,869.0,1620.0,624.0
1.0,8685.0,2316.0,2890.0,6525.0,0.0,0.0,2027.0,863.0,1524.0,792.0
1.0,12894.0,3006.0,2879.0,2975.0,0.0,0.0,2015.0,864.0,1961.0,1045.0
1.0,12863.0,3640.0,2894.0,0.0,2353.0,2353.0,2022.0,872.0,2506.0,1134.0
1.0,9223.0,3580.0,2921.0,0.0,6041.0,6041.0,2042.0,879.0,2611.0,969.0
1.0,5643.0,2878.0,2933.0,2353.0,6614.0,6614.0,2055.0,878.0,2162.0,716.0
1.0,5118.0,2226.0,2919.0,6041.0,2743.0,2743.0,2049.0,870.0,1596.0,630.0
1.0,8933.0,2260.0,2894.0,6614.0,0.0,0.0,2030.0,864.0,1469.0,791.0
1.0,13287.0,2940.0,2883.0,2743.0,0.0,0.0,2017.0,866.0,1903.0,1037.0
1.0,13090.0,3594.0,2897.0,0.0,2092.0,2092.0,2023.0,874.0,2473.0,1121.0
1.0,9496.0,3572.0,2923.0,0.0,5768.0,5768.0,2043.0,880.0,2612.0,960.0
1.0,5924.0,2895.0,2936.0,2092.0,6623.0,6623.0,2057.0,879.0,2183.0,712.0
1.0,5121.0,2253.0,2923.0,5768.0,3056.0,3056.0,2052.0,871.0,1625.0,628.0
1.0,8636.0,2285.0,2898.0,6623.0,0.0,0.0,2033.0,865.0,1493.0,792.0
1.0,12974.0,2966.0,2887.0,3056.0,0.0,0.0,2020.0,867.0,1925.0,1041.0
1.0,13064.0,3635.0,2902.0,0.0,2179.0,2179.0,2027.0,875.0,2501.0,1134.0
1.0,9429.0,3612.0,2929.0,0.0,5899.0,5899.0,2047.0,882.0,2637.0,975.0
1.0,5817.0,2912.0,2941.0,2179.0,6680.0,6680.0,2060.0,881.0,2190.0,722.0
1.0,5084.0,2232.0,2927.0,5899.0,2957.0,2957.0,2054.0,873.0,1605.0,627.0
1.0,8751.0,2250.0,2901.0,6680.0,0.0,0.0,2035.0,866.0,1467.0,783.0
1.0,13181.0,2956.0,2890.0,2957.0,0.0,0.0,2022.0,868.0,1917.0,1039.0
1.0,13182.0,3630.0,2905.0,0.0,2068.0,2068.0,2029.0,876.0,2497.0,1133.0
1.0,9552.0,3597.0,2933.0,0.0,5777.0,5777.0,2050.0,883.0,2627.0,970.0
1.0,5955.0,2894.0,2945.0,2068.0,6651.0,6651.0,2063.0,882.0,2182.0,712.0
1.0,5129.0,2221.0,2932.0,5777.0,3043.0,3043.0,2058.0,874.0,1603.0,618.0
1.0,8685.0,2268.0,2906.0,6651.0,0.0,0.0,2039.0,867.0,1477.0,791.0
1.0,13068.0,2973.0,2895.0,3043.0,0.0,0.0,2026.0,869.0,1919.0,1054.0
1.0,13138.0,3644.0,2910.0,0.0,2146.0,2146.0,2032.0,878.0,2495.0,1149.0
1.0,9494.0,3609.0,2935.0,0.0,5855.0,5855.0,2051.0,884.0,2632.0,977.0
1.0,5885.0,2923.0,2948.0,2146.0,6684.0,6684.0,2065.0,883.0,2212.0,711.0
1.0,5108.0,2275.0,2936.0,5855.0,3056.0,3056.0,2061.0,875.0,1653.0,622.0
1.0,8688.0,2300.0,2911.0,6684.0,0.0,0.0,2042.0,869.0,1510.0,790.0
1.0,13072.0,2968.0,2900.0,3056.0,0.0,0.0,2030.0,870.0,1920.0,1048.0
1.0,13160.0,3602.0,2915.0,0.0,2102.0,2102.0,2036.0,879.0,2465.0,1137.0
1.0,9558.0,3570.0,2940.0,0.0,5772.0,5772.0,2055.0,885.0,2601.0,969.0
1.0,5988.0,2887.0,2952.0,2102.0,6605.0,6605.0,2068.0,884.0,2175.0,712.0
1.0,5203.0,2246.0,2940.0,5772.0,3031.0,3031.0,2063.0,877.0,1621.0,625.0
1.0,8729.0,2295.0,2915.0,6605.0,0.0,0.0,2044.0,871.0,1497.0,798.0
1.0,13039.0,2992.0,2903.0,3031.0,0.0,0.0,2031.0,872.0,1933.0,1059.0
1.0,13078.0,3650.0,2918.0,0.0,2244.0,2244.0,2038.0,880.0,2505.0,1145.0
1.0,9428.0,3610.0,2944.0,0.0,5958.0,5958.0,2057.0,887.0,2639.0,971.0
1.0,5818.0,2930.0,2956.0,2244.0,6692.0,6692.0,2071.0,885.0,2215.0,715.0
1.0,5132.0,2283.0,2944.0,5958.0,2969.0,2969.0,2066.0,878.0,1650.0,633.0
1.0,8807.0,2310.0,2919.0,6692.0,0.0,0.0,2047.0,872.0,1502.0,808.0
1.0,13189.0,2985.0,2908.0,2969.0,0.0,0.0,2034.0,874.0,1921.0,1064.0
1.0,13173.0,3624.0,2923.0,0.0,2143.0,2143.0,2041.0,882.0,2483.0,1141.0
1.0,9549.0,3573.0,2948.0,0.0,5816.0,5816.0,2060.0,888.0,2615.0,958.0
1.0,5976.0,2887.0,2960.0,2143.0,6608.0,6608.0,2073.0,887.0,2189.0,698.0
1.0,5232.0,2255.0,2946.0,5816.0,2991.0,2991.0,2067.0,879.0,1636.0,619.0
1.0,8793.0,2309.0,2922.0,6608.0,0.0,0.0,2049.0,873.0,1503.0,806.0
1.0,13092.0,2999.0,2912.0,2991.0,0.0,0.0,2037.0,875.0,1933.0,1066.0
1.0,13084.0,3636.0,2927.0,0.0,2260.0,2260.0,2044.0,883.0,2495.0,1141.0
1.0,9448.0,3588.0,2952.0,0.0,5948.0,5948.0,2063.0,889.0,2629.0,959.0
1.0,5860.0,2901.0,2964.0,2260.0,6637.0,6637.0,2076.0,888.0,2195.0,706.0
1.0,5219.0,2283.0,2950.0,5948.0,2916.0,2916.0,2070.0,880.0,1643.0,640.0
1.0,8884.0,2348.0,2925.0,6637.0,0.0,0.0,2051.0,874.0,1525.0,823.0
1.0,13173.0,3040.0,2915.0,2916.0,0.0,0.0,2039.0,876.0,1966.0,1074.0
1.0,13049.0,3659.0,2930.0,0.0,2330.0,2330.0,2046.0,884.0,2513.0,1146.0
1.0,9390.0,3597.0,2957.0,0.0,6035.0,6035.0,2066.0,891.0,2631.0,966.0
1.0,5793.0,2895.0,2968.0,2330.0,6644.0,6644.0,2079.0,889.0,2188.0,707.0
1.0,5228.0,2254.0,2955.0,6035.0,2811.0,2811.0,2074.0,881.0,1627.0,627.0
1.0,9009.0,2298.0,2930.0,6644.0,0.0,0.0,2055.0,875.0,1496.0,802.0
1.0,13355.0,2985.0,2919.0,2811.0,0.0,0.0,2042.0,877.0,1928.0,1057.0
1.0,13181.0,3627.0,2933.0,0.0,2178.0,2178.0,2048.0,885.0,2493.0,1134.0
1.0,9554.0,3594.0,2958.0,0.0,5872.0,5872.0,2067.0,891.0,2631.0,963.0
1.0,5960.0,2927.0,2971.0,2178.0,6673.0,6673.0,2081.0,890.0,2213.0,714.0
1.0,5211.0,2302.0,2958.0,5872.0,3051.0,3051.0,2076.0,882.0,1664.0,638.0
1.0,8781.0,2349.0,2934.0,6673.0,0.0,0.0,2058.0,876.0,1534.0,815.0
1.0,13105.0,3024.0,2923.0,3051.0,0.0,0.0,2045.0,878.0,1955.0,1069.0
1.0,13132.0,3653.0,2937.0,0.0,2269.0,2269.0,2051.0,886.0,2509.0,1144.0
1.0,9479.0,3615.0,2964.0,0.0,5992.0,5992.0,2071.0,893.0,2644.0,971.0
1.0,5864.0,2938.0,2976.0,2269.0,6709.0,6709.0,2085.0,891.0,2218.0,720.0
1.0,5195.0,2290.0,2964.0,5992.0,2959.0,2959.0,2080.0,884.0,1650.0,640.0
1.0,8897.0,2301.0,2938.0,6709.0,0.0,0.0,2061.0,877.0,1495.0,806.0
1.0,13305.0,2974.0,2926.0,2959.0,0.0,0.0,2047.0,879.0,1913.0,1061.0
1.0,13290.0,3629.0,2940.0,0.0,2099.0,2099.0,2053.0,887.0,2487.0,1142.0
1.0,9661.0,3617.0,2967.0,0.0,5824.0,5824.0,2073.0,894.0,2644.0,973.0
1.0,6044.0,2965.0,2981.0,2099.0,6746.0,6746.0,2088.0,893.0,2242.0,723.0
1.0,5178.0,2319.0,2968.0,5824.0,3189.0,3189.0,2083.0,885.0,1676.0,643.0
1.0,8683.0,2322.0,2943.0,6746.0,0.0,0.0,2064.0,879.0,1509.0,813.0
1.0,13107.0,2984.0,2930.0,3189.0,0.0,0.0,2050.0,880.0,1920.0,1064.0
1.0,13312.0,3642.0,2945.0,0.0,2110.0,2110.0,2056.0,889.0,2499.0,1143.0
1.0,9670.0,3639.0,2970.0,0.0,5849.0,5849.0,2075.0,895.0,2669.0,970.0
1.0,6031.0,2981.0,2984.0,2110.0,6776.0,6776.0,2090.0,894.0,2261.0,720.0
1.0,5160.0,2317.0,2971.0,5849.0,3192.0,3192.0,2085.0,886.0,1673.0,644.0
1.0,8692.0,2312.0,2946.0,6776.0,0.0,0.0,2066.0,880.0,1499.0,813.0
1.0,13156.0,2963.0,2935.0,3192.0,0.0,0.0,2053.0,882.0,1907.0,1056.0
1.0,13385.0,3626.0,2949.0,0.0,2037.0,2037.0,2059.0,890.0,2492.0,1134.0
1.0,9759.0,3632.0,2975.0,0.0,5773.0,5773.0,2079.0,896.0,2658.0,974.0
1.0,6127.0,2969.0,2988.0,2037.0,6757.0,6757.0,2093.0,895.0,2239.0,730.0
1.0,5195.0,2307.0,2975.0,5773.0,3239.0,3239.0,2088.0,887.0,1659.0,648.0
1.0,8661.0,2315.0,2950.0,6757.0,0.0,0.0,2069.0,881.0,1503.0,812.0
1.0,13103.0,3000.0,2938.0,3239.0,0.0,0.0,2055.0,883.0,1939.0,1061.0
1.0,13342.0,3671.0,2952.0,0.0,2137.0,2137.0,2061.0,891.0,2530.0,1141.0
1.0,9671.0,3679.0,2979.0,0.0,5924.0,5924.0,2081.0,898.0,2693.0,986.0
1.0,5992.0,2990.0,2992.0,2137.0,6829.0,6829.0,2096.0,896.0,2249.0,741.0
1.0,5139.0,2299.0,2979.0,5924.0,3152.0,3152.0,2091.0,888.0,1647.0,652.0
1.0,8764.0,2295.0,2953.0,6829.0,0.0,0.0,2071.0,882.0,1488.0,807.0
1.0,13298.0,2963.0,2942.0,3152.0,0.0,0.0,2058.0,884.0,1914.0,1049.0
1.0,13487.0,3631.0,2956.0,0.0,1968.0,1968.0,2064.0,892.0,2501.0,1130.0
1.0,9856.0,3634.0,2983.0,0.0,5710.0,5710.0,2084.0,899.0,2663.0,971.0
1.0,6222.0,2982.0,2995.0,1968.0,6772.0,6772.0,2098.0,897.0,2246.0,736.0
1.0,5208.0,2324.0,2982.0,5710.0,3334.0,3334.0,2093.0,889.0,1671.0,653.0
1.0,8594.0,2326.0,2957.0,6772.0,0.0,0.0,2074.0,883.0,1516.0,810.0
1.0,13040.0,2998.0,2946.0,3334.0,0.0,0.0,2061.0,885.0,1945.0,1053.0
1.0,13376.0,3684.0,2961.0,0.0,2152.0,2152.0,2068.0,893.0,2535.0,1149.0
1.0,9692.0,3697.0,2988.0,0.0,5957.0,5957.0,2088.0,900.0,2698.0,999.0
1.0,5995.0,3017.0,3001.0,2152.0,6874.0,6874.0,2102.0,899.0,2265.0,752.0
1.0,5130.0,2326.0,2987.0,5957.0,3187.0,3187.0,2096.0,891.0,1663.0,663.0
1.0,8761.0,2309.0,2962.0,6874.0,0.0,0.0,2077.0,885.0,1496.0,813.0
1.0,13326.0,2968.0,2949.0,3187.0,0.0,0.0,2063.0,886.0,1920.0,1048.0
1.0,13545.0,3645.0,2963.0,0.0,1952.0,1952.0,2069.0,894.0,2515.0,1130.0
1.0,9900.0,3672.0,2991.0,0.0,5736.0,5736.0,2090.0,901.0,2694.0,978.0
1.0,6228.0,3018.0,3005.0,1952.0,6858.0,6858.0,2105.0,900.0,2274.0,744.0
1.0,5162.0,2342.0,2992.0,5736.0,3412.0,3412.0,2100.0,892.0,1676.0,666.0
1.0,8556.0,2311.0,2967.0,6858.0,0.0,0.0,2081.0,886.0,1495.0,816.0
1.0,13103.0,2955.0,2955.0,3412.0,0.0,0.0,2067.0,888.0,1910.0,1045.0
1.0,13560.0,3637.0,2969.0,0.0,1953.0,1953.0,2073.0,896.0,2514.0,1123.0
1.0,9923.0,3679.0,2995.0,0.0,5736.0,5736.0,2093.0,902.0,2699.0,980.0
1.0,6244.0,3045.0,3008.0,1953.0,6880.0,6880.0,2107.0,901.0,2286.0,759.0
1.0,5152.0,2375.0,2996.0,5736.0,3471.0,3471.0,2102.0,894.0,1694.0,681.0
1.0,8513.0,2342.0,2971.0,6880.0,0.0,0.0,2083.0,888.0,1517.0,825.0
1.0,13051.0,2979.0,2958.0,3471.0,0.0,0.0,2069.0,889.0,1928.0,1051.0
1.0,13543.0,3653.0,2972.0,0.0,1998.0,1998.0,2075.0,897.0,2523.0,1130.0
1.0,9890.0,3689.0,2999.0,0.0,5795.0,5795.0,2095.0,904.0,2709.0,980.0
1.0,6201.0,3028.0,3013.0,1998.0,6881.0,6881.0,2110.0,903.0,2277.0,751.0
1.0,5171.0,2338.0,3001.0,5795.0,3376.0,3376.0,2106.0,895.0,1670.0,668.0
1.0,8628.0,2301.0,2975.0,6881.0,0.0,0.0,2086.0,889.0,1478.0,823.0
1.0,13208.0,2957.0,2962.0,3376.0,0.0,0.0,2072.0,890.0,1904.0,1053.0
1.0,13627.0,3657.0,2976.0,0.0,1934.0,1934.0,2078.0,898.0,2527.0,1130.0
1.0,9970.0,3703.0,3003.0,0.0,5745.0,5745.0,2098.0,905.0,2727.0,976.0
1.0,6267.0,3069.0,3017.0,1934.0,6936.0,6936.0,2113.0,904.0,2317.0,752.0
1.0,5132.0,2379.0,3005.0,5745.0,3522.0,3522.0,2109.0,896.0,1702.0,677.0
1.0,8498.0,2322.0,2980.0,6936.0,0.0,0.0,2090.0,890.0,1494.0,828.0
1.0,13112.0,2966.0,2967.0,3522.0,0.0,0.0,2075.0,892.0,1914.0,1052.0
1.0,13668.0,3647.0,2979.0,0.0,1895.0,1895.0,2080.0,899.0,2520.0,1127.0
1.0,10021.0,3690.0,3006.0,0.0,5693.0,5693.0,2100.0,906.0,2712.0,978.0
1.0,6331.0,3046.0,3021.0,1895.0,6904.0,6904.0,2116.0,905.0,2298.0,748.0
1.0,5180.0,2368.0,3008.0,5693.0,3527.0,3527.0,2111.0,897.0,1691.0,677.0
1.0,8505.0,2328.0,2983.0,6904.0,0.0,0.0,2092.0,891.0,1500.0,828.0
1.0,13081.0,2958.0,2971.0,3527.0,0.0,0.0,2078.0,893.0,1907.0,1051.0
1.0,13650.0,3633.0,2983.0,0.0,1915.0,1915.0,2083.0,900.0,2508.0,1125.0
1.0,10017.0,3684.0,3010.0,0.0,5707.0,5707.0,2103.0,907.0,2706.0,978.0
1.0,6333.0,3074.0,3025.0,1915.0,6926.0,6926.0,2119.0,906.0,2313.0,761.0
1.0,5174.0,2405.0,3014.0,5707.0,3580.0,3580.0,2115.0,899.0,1717.0,688.0
1.0,8476.0,2355.0,2988.0,6926.0,0.0,0.0,2095.0,893.0,1522.0,833.0
1.0,13047.0,2969.0,2974.0,3580.0,0.0,0.0,2080.0,894.0,1920.0,1049.0
1.0,13658.0,3639.0,2986.0,0.0,1925.0,1925.0,2085.0,901.0,2518.0,1121.0
1.0,10019.0,3701.0,3014.0,0.0,5738.0,5738.0,2106.0,908.0,2716.0,985.0
1.0,6318.0,3092.0,3029.0,1925.0,6965.0,6965.0,2122.0,907.0,2324.0,768.0
1.0,5151.0,2400.0,3018.0,5738.0,3583.0,3583.0,2118.0,900.0,1713.0,687.0
1.0,8489.0,2326.0,2993.0,6965.0,0.0,0.0,2099.0,894.0,1507.0,819.0
1.0,13128.0,2922.0,2979.0,3583.0,0.0,0.0,2084.0,895.0,1891.0,1031.0
1.0,13789.0,3604.0,2991.0,0.0,1779.0,1779.0,2089.0,902.0,2493.0,1111.0
1.0,10185.0,3693.0,3018.0,0.0,5580.0,5580.0,2109.0,909.0,2706.0,987.0
1.0,6492.0,3095.0,3032.0,1779.0,6952.0,6952.0,2124.0,908.0,2314.0,781.0
1.0,5176.0,2426.0,3021.0,5580.0,3754.0,3754.0,2120.0,901.0,1727.0,699.0
1.0,8330.0,2363.0,2996.0,6952.0,0.0,0.0,2101.0,895.0,1533.0,830.0
1.0,12919.0,2980.0,2982.0,3754.0,0.0,0.0,2086.0,896.0,1938.0,1042.0
1.0,13693.0,3652.0,2994.0,0.0,1935.0,1935.0,2091.0,903.0,2526.0,1126.0
1.0,10041.0,3715.0,3022.0,0.0,5762.0,5762.0,2112.0,910.0,2721.0,994.0
1.0,6326.0,3098.0,3036.0,1935.0,6981.0,6981.0,2127.0,909.0,2319.0,779.0
1.0,5163.0,2408.0,3025.0,5762.0,3583.0,3583.0,2123.0,902.0,1716.0,692.0
1.0,8517.0,2334.0,3000.0,6981.0,0.0,0.0,2104.0,896.0,1520.0,814.0
1.0,13164.0,2937.0,2986.0,3583.0,0.0,0.0,2089.0,897.0,1908.0,1029.0
1.0,13810.0,3615.0,2998.0,0.0,1797.0,1797.0,2094.0,904.0,2500.0,1115.0
1.0,10195.0,3697.0,3023.0,0.0,5594.0,5594.0,2113.0,910.0,2704.0,993.0
1.0,6498.0,3105.0,3039.0,1797.0,6966.0,6966.0,2129.0,910.0,2323.0,782.0
1.0,5190.0,2433.0,3029.0,5594.0,3765.0,3765.0,2126.0,903.0,1736.0,697.0
1.0,8351.0,2363.0,3004.0,6966.0,0.0,0.0,2107.0,897.0,1542.0,821.0
1.0,12954.0,2969.0,2990.0,3765.0,0.0,0.0,2092.0,898.0,1931.0,1038.0
1.0,13750.0,3647.0,3003.0,0.0,1909.0,1909.0,2097.0,906.0,2515.0,1132.0
1.0,10103.0,3718.0,3028.0,0.0,5727.0,5727.0,2116.0,912.0,2708.0,1010.0
1.0,6385.0,3102.0,3043.0,1909.0,6980.0,6980.0,2132.0,911.0,2307.0,795.0
1.0,5192.0,2436.0,3033.0,5727.0,3649.0,3649.0,2128.0,905.0,1737.0,699.0
1.0,8483.0,2372.0,3008.0,6980.0,0.0,0.0,2109.0,899.0,1552.0,820.0
1.0,13091.0,2973.0,2994.0,3649.0,0.0,0.0,2094.0,900.0,1941.0,1032.0
1.0,13767.0,3640.0,3006.0,0.0,1897.0,1897.0,2099.0,907.0,2516.0,1124.0
1.0,10127.0,3689.0,3032.0,0.0,5690.0,5690.0,2119.0,913.0,2691.0,998.0
1.0,6438.0,3068.0,3046.0,1897.0,6917.0,6917.0,2134.0,912.0,2289.0,779.0
1.0,5267.0,2393.0,3035.0,5690.0,3576.0,3576.0,2130.0,905.0,1704.0,689.0
1.0,8564.0,2343.0,3010.0,6917.0,0.0,0.0,2111.0,899.0,1521.0,822.0
1.0,13138.0,2995.0,2997.0,3576.0,0.0,0.0,2096.0,901.0,1952.0,1043.0
1.0,13719.0,3694.0,3009.0,0.0,2011.0,2011.0,2101.0,908.0,2562.0,1132.0
1.0,10025.0,3752.0,3035.0,0.0,5867.0,5867.0,2121.0,914.0,2749.0,1003.0
1.0,6273.0,3113.0,3050.0,2011.0,7029.0,7029.0,2137.0,913.0,2327.0,786.0
1.0,5171.0,2423.0,3040.0,5867.0,3545.0,3545.0,2133.0,907.0,1721.0,702.0
1.0,8615.0,2356.0,3015.0,7029.0,0.0,0.0,2114.0,901.0,1526.0,830.0
1.0,13288.0,2983.0,3001.0,3545.0,0.0,0.0,2099.0,902.0,1936.0,1047.0
1.0,13850.0,3670.0,3014.0,0.0,1876.0,1876.0,2104.0,910.0,2537.0,1133.0
1.0,10180.0,3717.0,3040.0,0.0,5697.0,5697.0,2124.0,916.0,2722.0,995.0
1.0,6463.0,3075.0,3054.0,1876.0,6952.0,6952.0,2139.0,915.0,2302.0,773.0
1.0,5264.0,2399.0,3043.0,5697.0,3610.0,3610.0,2135.0,908.0,1708.0,691.0
1.0,8562.0,2365.0,3019.0,6952.0,0.0,0.0,2117.0,902.0,1534.0,831.0
1.0,13149.0,3016.0,3006.0,3610.0,0.0,0.0,2102.0,904.0,1959.0,1057.0
1.0,13743.0,3710.0,3018.0,0.0,2039.0,2039.0,2107.0,911.0,2568.0,1142.0
1.0,10033.0,3736.0,3044.0,0.0,5879.0,5879.0,2127.0,917.0,2734.0,1002.0
1.0,6297.0,3091.0,3058.0,2039.0,6987.0,6987.0,2142.0,916.0,2312.0,779.0
1.0,5245.0,2410.0,3047.0,5879.0,3474.0,3474.0,2138.0,909.0,1713.0,697.0
1.0,8714.0,2373.0,3023.0,6987.0,0.0,0.0,2119.0,904.0,1537.0,836.0
1.0,13328.0,3029.0,3010.0,3474.0,0.0,0.0,2105.0,905.0,1974.0,1055.0
1.0,13773.0,3710.0,3022.0,0.0,2025.0,2025.0,2110.0,912.0,2577.0,1133.0
1.0,10063.0,3738.0,3047.0,0.0,5863.0,5863.0,2129.0,918.0,2746.0,992.0
1.0,6325.0,3069.0,3062.0,2025.0,6967.0,6967.0,2145.0,917.0,2292.0,777.0
1.0,5281.0,2388.0,3052.0,5863.0,3452.0,3452.0,2141.0,911.0,1690.0,698.0
1.0,8756.0,2360.0,3028.0,6967.0,0.0,0.0,2122.0,906.0,1527.0,833.0
1.0,13363.0,3019.0,3015.0,3452.0,0.0,0.0,2108.0,907.0,1972.0,1047.0
1.0,13796.0,3708.0,3026.0,0.0,2016.0,2016.0,2113.0,913.0,2577.0,1131.0
1.0,10088.0,3748.0,3052.0,0.0,5868.0,5868.0,2133.0,919.0,2743.0,1005.0
1.0,6340.0,3094.0,3066.0,2016.0,7002.0,7002.0,2147.0,919.0,2298.0,796.0
1.0,5262.0,2409.0,3055.0,5868.0,3499.0,3499.0,2143.0,912.0,1700.0,709.0
1.0,8721.0,2387.0,3031.0,7002.0,0.0,0.0,2124.0,907.0,1553.0,834.0
1.0,13336.0,3051.0,3018.0,3499.0,0.0,0.0,2110.0,908.0,2009.0,1042.0
1.0,13784.0,3751.0,3030.0,0.0,2087.0,2087.0,2116.0,914.0,2617.0,1134.0
1.0,10033.0,3752.0,3056.0,0.0,5943.0,5943.0,2136.0,920.0,2748.0,1004.0
1.0,6281.0,3044.0,3070.0,2087.0,6956.0,6956.0,2150.0,920.0,2264.0,780.0
1.0,5324.0,2335.0,3058.0,5943.0,3300.0,3300.0,2145.0,913.0,1645.0,690.0
1.0,8932.0,2324.0,3034.0,6956.0,0.0,0.0,2126.0,908.0,1503.0,821.0
1.0,13564.0,3032.0,3020.0,3300.0,0.0,0.0,2112.0,908.0,1990.0,1042.0
1.0,13832.0,3761.0,3033.0,0.0,2061.0,2061.0,2118.0,915.0,2619.0,1142.0
1.0,10071.0,3776.0,3060.0,0.0,5945.0,5945.0,2138.0,922.0,2759.0,1017.0
1.0,6295.0,3091.0,3073.0,2061.0,7027.0,7027.0,2152.0,921.0,2295.0,796.0
1.0,5265.0,2382.0,3062.0,5945.0,3420.0,3420.0,2147.0,915.0,1681.0,701.0
1.0,8828.0,2364.0,3037.0,7027.0,0.0,0.0,2128.0,909.0,1537.0,827.0
1.0,13491.0,3064.0,3025.0,3420.0,0.0,0.0,2115.0,910.0,2009.0,1055.0
1.0,13847.0,3779.0,3038.0,0.0,2084.0,2084.0,2121.0,917.0,2622.0,1157.0
1.0,10068.0,3788.0,3064.0,0.0,5976.0,5976.0,2141.0,923.0,2760.0,1028.0
1.0,6280.0,3078.0,3077.0,2084.0,7022.0,7022.0,2155.0,922.0,2284.0,794.0
1.0,5286.0,2361.0,3066.0,5976.0,3363.0,3363.0,2150.0,916.0,1675.0,686.0
1.0,8901.0,2361.0,3041.0,7022.0,0.0,0.0,2131.0,910.0,1542.0,819.0
1.0,13562.0,3069.0,3029.0,3363.0,0.0,0.0,2118.0,911.0,2020.0,1049.0
1.0,13856.0,3772.0,3043.0,0.0,2088.0,2088.0,2125.0,918.0,2627.0,1145.0
1.0,10084.0,3759.0,3069.0,0.0,5951.0,5951.0,2145.0,924.0,2747.0,1012.0
1.0,6325.0,3054.0,3082.0,2088.0,6969.0,6969.0,2159.0,923.0,2265.0,789.0
1.0,5359.0,2374.0,3071.0,5951.0,3348.0,3348.0,2154.0,917.0,1669.0,705.0
1.0,8936.0,2387.0,3045.0,6969.0,0.0,0.0,2134.0,911.0,1550.0,837.0
1.0,13518.0,3094.0,3032.0,3348.0,0.0,0.0,2120.0,912.0,2038.0,1056.0
1.0,13772.0,3783.0,3045.0,0.0,2191.0,2191.0,2126.0,919.0,2642.0,1141.0
1.0,9989.0,3779.0,3072.0,0.0,6078.0,6078.0,2147.0,925.0,2767.0,1012.0
1.0,6210.0,3092.0,3086.0,2191.0,7035.0,7035.0,2161.0,925.0,2289.0,803.0
1.0,5309.0,2390.0,3074.0,6078.0,3299.0,3299.0,2156.0,918.0,1677.0,713.0
1.0,8997.0,2374.0,3049.0,7035.0,0.0,0.0,2137.0,912.0,1542.0,832.0
1.0,13658.0,3054.0,3036.0,3299.0,0.0,0.0,2123.0,913.0,2012.0,1042.0
1.0,13903.0,3739.0,3049.0,0.0,2032.0,2032.0,2129.0,920.0,2607.0,1132.0
1.0,10164.0,3749.0,3075.0,0.0,5885.0,5885.0,2149.0,926.0,2734.0,1015.0
1.0,6415.0,3082.0,3089.0,2032.0,6991.0,6991.0,2163.0,926.0,2276.0,806.0
1.0,5365.0,2414.0,3077.0,5885.0,3472.0,3472.0,2158.0,919.0,1696.0,718.0
1.0,8836.0,2422.0,3053.0,6991.0,0.0,0.0,2139.0,914.0,1586.0,836.0
1.0,13405.0,3102.0,3040.0,3472.0,0.0,0.0,2126.0,914.0,2057.0,1045.0
1.0,13775.0,3784.0,3054.0,0.0,2225.0,2225.0,2133.0,921.0,2643.0,1141.0
1.0,9991.0,3785.0,3081.0,0.0,6118.0,6118.0,2153.0,928.0,2762.0,1023.0
1.0,6206.0,3095.0,3094.0,2225.0,7040.0,7040.0,2167.0,927.0,2287.0,808.0
1.0,5336.0,2387.0,3082.0,6118.0,3261.0,3261.0,2162.0,920.0,1679.0,708.0
1.0,9067.0,2374.0,3056.0,7040.0,0.0,0.0,2142.0,914.0,1549.0,825.0
1.0,13733.0,3070.0,3044.0,3261.0,0.0,0.0,2128.0,916.0,2022.0,1048.0
1.0,13924.0,3756.0,3057.0,0.0,2060.0,2060.0,2134.0,923.0,2610.0,1146.0
1.0,10168.0,3761.0,3083.0,0.0,5925.0,5925.0,2154.0,929.0,2741.0,1020.0
1.0,6407.0,3083.0,3097.0,2060.0,7004.0,7004.0,2169.0,928.0,2286.0,797.0
1.0,5384.0,2419.0,3085.0,5925.0,3450.0,3450.0,2164.0,921.0,1716.0,703.0
1.0,8890.0,2433.0,3061.0,7004.0,0.0,0.0,2145.0,916.0,1596.0,837.0
1.0,13461.0,3101.0,3049.0,3450.0,0.0,0.0,2132.0,917.0,2036.0,1065.0
1.0,13810.0,3767.0,3061.0,0.0,2201.0,2201.0,2137.0,924.0,2606.0,1161.0
1.0,10043.0,3749.0,3087.0,0.0,6054.0,6054.0,2157.0,930.0,2724.0,1025.0
1.0,6294.0,3099.0,3100.0,2201.0,7004.0,7004.0,2171.0,929.0,2296.0,803.0
1.0,5396.0,2449.0,3089.0,6054.0,3355.0,3355.0,2166.0,923.0,1737.0,712.0
1.0,9001.0,2450.0,3064.0,7004.0,0.0,0.0,2147.0,917.0,1613.0,837.0
1.0,13555.0,3105.0,3051.0,3355.0,0.0,0.0,2133.0,918.0,2052.0,1053.0
1.0,13805.0,3756.0,3065.0,0.0,2211.0,2211.0,2140.0,925.0,2609.0,1147.0
1.0,10049.0,3742.0,3093.0,0.0,6065.0,6065.0,2161.0,932.0,2722.0,1020.0
1.0,6307.0,3069.0,3107.0,2211.0,6979.0,6979.0,2176.0,931.0,2273.0,796.0
1.0,5449.0,2417.0,3095.0,6065.0,3283.0,3283.0,2170.0,925.0,1719.0,698.0
1.0,9097.0,2435.0,3070.0,6979.0,0.0,0.0,2151.0,919.0,1609.0,826.0
1.0,13641.0,3116.0,3056.0,3283.0,0.0,0.0,2137.0,919.0,2054.0,1062.0
1.0,13808.0,3769.0,3070.0,0.0,2241.0,2241.0,2143.0,927.0,2606.0,1163.0
1.0,10039.0,3764.0,3097.0,0.0,6113.0,6113.0,2164.0,933.0,2729.0,1035.0
1.0,6275.0,3108.0,3111.0,2241.0,7036.0,7036.0,2178.0,933.0,2301.0,807.0
1.0,5408.0,2465.0,3100.0,6113.0,3344.0,3344.0,2174.0,926.0,1761.0,704.0
1.0,9056.0,2488.0,3075.0,7036.0,0.0,0.0,2155.0,920.0,1649.0,839.0
1.0,13604.0,3135.0,3061.0,3344.0,0.0,0.0,2141.0,920.0,2068.0,1067.0
1.0,13813.0,3756.0,3075.0,0.0,2243.0,2243.0,2148.0,927.0,2599.0,1157.0
1.0,10057.0,3714.0,3101.0,0.0,6061.0,6061.0,2167.0,934.0,2692.0,1022.0
1.0,6343.0,3037.0,3114.0,2243.0,6907.0,6907.0,2181.0,933.0,2245.0,792.0
1.0,5549.0,2413.0,3102.0,6061.0,3211.0,3211.0,2175.0,927.0,1712.0,701.0
1.0,9197.0,2472.0,3077.0,6907.0,0.0,0.0,2156.0,921.0,1635.0,837.0
1.0,13632.0,3160.0,3065.0,3211.0,0.0,0.0,2143.0,922.0,2098.0,1062.0
1.0,13683.0,3787.0,3079.0,0.0,2420.0,2420.0,2150.0,929.0,2637.0,1150.0
1.0,9896.0,3741.0,3106.0,0.0,6269.0,6269.0,2171.0,935.0,2725.0,1016.0
1.0,6155.0,3062.0,3118.0,2420.0,6959.0,6959.0,2184.0,934.0,2264.0,798.0
1.0,5513.0,2441.0,3105.0,6269.0,3079.0,3079.0,2178.0,927.0,1724.0,717.0
1.0,9341.0,2498.0,3081.0,6959.0,0.0,0.0,2159.0,922.0,1638.0,860.0
1.0,13802.0,3185.0,3069.0,3079.0,0.0,0.0,2146.0,923.0,2104.0,1081.0
1.0,13696.0,3803.0,3083.0,0.0,2439.0,2439.0,2153.0,930.0,2643.0,1160.0
1.0,9893.0,3740.0,3109.0,0.0,6283.0,6283.0,2173.0,936.0,2721.0,1019.0
1.0,6153.0,3056.0,3122.0,2439.0,6952.0,6952.0,2187.0,935.0,2258.0,798.0
1.0,5536.0,2429.0,3110.0,6283.0,3050.0,3050.0,2181.0,929.0,1716.0,713.0
1.0,9390.0,2486.0,3087.0,6952.0,0.0,0.0,2163.0,924.0,1639.0,847.0
1.0,13856.0,3167.0,3075.0,3050.0,0.0,0.0,2150.0,925.0,2103.0,1064.0
1.0,13739.0,3770.0,3088.0,0.0,2383.0,2383.0,2157.0,931.0,2624.0,1146.0
1.0,9969.0,3718.0,3113.0,0.0,6201.0,6201.0,2176.0,937.0,2702.0,1016.0
1.0,6251.0,3061.0,3125.0,2383.0,6927.0,6927.0,2189.0,936.0,2252.0,809.0
1.0,5573.0,2452.0,3113.0,6201.0,3130.0,3130.0,2183.0,930.0,1725.0,727.0
1.0,9322.0,2526.0,3089.0,6927.0,0.0,0.0,2164.0,925.0,1667.0,859.0
1.0,13723.0,3199.0,3078.0,3130.0,0.0,0.0,2152.0,926.0,2130.0,1069.0
1.0,13654.0,3803.0,3091.0,0.0,2513.0,2513.0,2159.0,932.0,2658.0,1145.0
1.0,9851.0,3752.0,3117.0,0.0,6369.0,6369.0,2179.0,938.0,2732.0,1020.0
1.0,6099.0,3074.0,3131.0,2513.0,6986.0,6986.0,2193.0,938.0,2263.0,811.0
1.0,5538.0,2442.0,3119.0,6369.0,3011.0,3011.0,2187.0,932.0,1712.0,730.0
1.0,9465.0,2483.0,3094.0,6986.0,0.0,0.0,2168.0,926.0,1629.0,854.0
1.0,13968.0,3152.0,3083.0,3011.0,0.0,0.0,2156.0,927.0,2090.0,1062.0
1.0,13827.0,3769.0,3095.0,0.0,2322.0,2322.0,2162.0,933.0,2630.0,1139.0
1.0,10058.0,3737.0,3121.0,0.0,6163.0,6163.0,2182.0,939.0,2722.0,1015.0
1.0,6321.0,3098.0,3134.0,2322.0,6991.0,6991.0,2195.0,939.0,2282.0,816.0
1.0,5545.0,2492.0,3122.0,6163.0,3272.0,3272.0,2189.0,933.0,1754.0,738.0
1.0,9216.0,2541.0,3099.0,6991.0,0.0,0.0,2172.0,927.0,1673.0,868.0
1.0,13666.0,3197.0,3088.0,3272.0,0.0,0.0,2160.0,928.0,2125.0,1072.0
1.0,13741.0,3794.0,3102.0,0.0,2461.0,2461.0,2167.0,935.0,2652.0,1142.0
1.0,9947.0,3734.0,3126.0,0.0,6291.0,6291.0,2186.0,940.0,2724.0,1010.0
1.0,6213.0,3063.0,3138.0,2461.0,6941.0,6941.0,2198.0,940.0,2258.0,805.0
1.0,5611.0,2465.0,3126.0,6291.0,3067.0,3067.0,2192.0,934.0,1732.0,733.0
1.0,9437.0,2531.0,3102.0,6941.0,0.0,0.0,2174.0,928.0,1663.0,868.0
1.0,13847.0,3202.0,3091.0,3067.0,0.0,0.0,2162.0,929.0,2129.0,1073.0
1.0,13712.0,3799.0,3106.0,0.0,2511.0,2511.0,2170.0,936.0,2657.0,1142.0
1.0,9913.0,3717.0,3131.0,0.0,6328.0,6328.0,2189.0,942.0,2718.0,999.0
1.0,6196.0,3040.0,3142.0,2511.0,6901.0,6901.0,2201.0,941.0,2248.0,792.0
1.0,5667.0,2459.0,3130.0,6328.0,2984.0,2984.0,2195.0,935.0,1723.0,736.0
1.0,9536.0,2553.0,3106.0,6901.0,0.0,0.0,2177.0,929.0,1666.0,887.0
1.0,13884.0,3238.0,3097.0,2984.0,0.0,0.0,2166.0,931.0,2142.0,1096.0
1.0,13630.0,3825.0,3110.0,0.0,2635.0,2635.0,2173.0,937.0,2669.0,1156.0
1.0,9805.0,3743.0,3134.0,0.0,6474.0,6474.0,2191.0,943.0,2734.0,1009.0
1.0,6062.0,3069.0,3145.0,2635.0,6952.0,6952.0,2203.0,942.0,2272.0,797.0
1.0,5628.0,2475.0,3133.0,6474.0,2905.0,2905.0,2197.0,936.0,1743.0,732.0
1.0,9627.0,2545.0,3109.0,6952.0,0.0,0.0,2179.0,930.0,1671.0,874.0
1.0,14034.0,3206.0,3100.0,2905.0,0.0,0.0,2168.0,932.0,2124.0,1082.0
1.0,13733.0,3787.0,3114.0,0.0,2510.0,2510.0,2176.0,938.0,2643.0,1144.0
1.0,9946.0,3700.0,3139.0,0.0,6310.0,6310.0,2195.0,944.0,2700.0,1000.0
1.0,6246.0,3036.0,3150.0,2510.0,6880.0,6880.0,2207.0,943.0,2245.0,791.0
1.0,5720.0,2468.0,3137.0,6310.0,2986.0,2986.0,2200.0,937.0,1737.0,731.0
1.0,9562.0,2564.0,3114.0,6880.0,0.0,0.0,2182.0,932.0,1688.0,876.0
1.0,13878.0,3256.0,3104.0,2986.0,0.0,0.0,2171.0,933.0,2159.0,1097.0
1.0,13608.0,3849.0,3119.0,0.0,2717.0,2717.0,2179.0,940.0,2684.0,1165.0
1.0,9759.0,3749.0,3144.0,0.0,6566.0,6566.0,2198.0,946.0,2735.0,1014.0
1.0,6010.0,3072.0,3155.0,2717.0,6965.0,6965.0,2210.0,945.0,2272.0,800.0
1.0,5655.0,2485.0,3142.0,6566.0,2832.0,2832.0,2204.0,938.0,1744.0,741.0
1.0,9736.0,2565.0,3118.0,6965.0,0.0,0.0,2185.0,933.0,1677.0,888.0
1.0,14136.0,3229.0,3108.0,2832.0,0.0,0.0,2174.0,934.0,2133.0,1096.0
1.0,13739.0,3810.0,3122.0,0.0,2559.0,2559.0,2181.0,941.0,2654.0,1156.0
1.0,9929.0,3718.0,3147.0,0.0,6377.0,6377.0,2200.0,947.0,2714.0,1004.0
1.0,6211.0,3033.0,3158.0,2559.0,6895.0,6895.0,2212.0,946.0,2247.0,786.0
1.0,5737.0,2465.0,3144.0,6377.0,2927.0,2927.0,2205.0,939.0,1739.0,726.0
1.0,9649.0,2571.0,3121.0,6895.0,0.0,0.0,2187.0,934.0,1689.0,882.0
1.0,13973.0,3258.0,3113.0,2927.0,0.0,0.0,2177.0,936.0,2162.0,1096.0
1.0,13642.0,3834.0,3127.0,0.0,2700.0,2700.0,2185.0,942.0,2678.0,1156.0
1.0,9808.0,3729.0,3152.0,0.0,6529.0,6529.0,2204.0,948.0,2723.0,1006.0
1.0,6079.0,3044.0,3162.0,2700.0,6913.0,6913.0,2215.0,947.0,2250.0,794.0
1.0,5735.0,2477.0,3148.0,6529.0,2805.0,2805.0,2208.0,940.0,1738.0,739.0
1.0,9787.0,2597.0,3124.0,6913.0,0.0,0.0,2189.0,935.0,1703.0,894.0
1.0,14103.0,3283.0,3116.0,2805.0,0.0,0.0,2179.0,937.0,2181.0,1102.0
1.0,13625.0,3858.0,3131.0,0.0,2757.0,2757.0,2187.0,944.0,2704.0,1154.0
1.0,9767.0,3743.0,3156.0,0.0,6600.0,6600.0,2207.0,949.0,2747.0,996.0
1.0,6024.0,3044.0,3167.0,2757.0,6931.0,6931.0,2219.0,948.0,2250.0,794.0
1.0,5737.0,2451.0,3153.0,6600.0,2726.0,2726.0,2212.0,941.0,1708.0,743.0
1.0,9886.0,2542.0,3130.0,6931.0,0.0,0.0,2193.0,937.0,1650.0,892.0
1.0,14275.0,3236.0,3120.0,2726.0,0.0,0.0,2182.0,938.0,2142.0,1094.0
1.0,13765.0,3836.0,3135.0,0.0,2611.0,2611.0,2190.0,945.0,2687.0,1149.0
1.0,9929.0,3766.0,3159.0,0.0,6473.0,6473.0,2209.0,950.0,2756.0,1010.0
1.0,6163.0,3098.0,3170.0,2611.0,7004.0,7004.0,2221.0,949.0,2289.0,809.0
1.0,5676.0,2509.0,3156.0,6473.0,2984.0,2984.0,2214.0,942.0,1758.0,751.0
1.0,9640.0,2588.0,3133.0,7004.0,0.0,0.0,2195.0,938.0,1694.0,894.0
1.0,14056.0,3255.0,3123.0,2984.0,0.0,0.0,2184.0,939.0,2161.0,1094.0
1.0,13785.0,3848.0,3139.0,0.0,2619.0,2619.0,2193.0,946.0,2693.0,1155.0
1.0,9937.0,3749.0,3163.0,0.0,6464.0,6464.0,2212.0,951.0,2740.0,1009.0
1.0,6188.0,3056.0,3174.0,2619.0,6945.0,6945.0,2224.0,950.0,2257.0,799.0
1.0,5751.0,2463.0,3160.0,6464.0,2888.0,2888.0,2216.0,944.0,1728.0,735.0
1.0,9752.0,2548.0,3135.0,6945.0,0.0,0.0,2197.0,938.0,1669.0,879.0
1.0,14149.0,3247.0,3126.0,2888.0,0.0,0.0,2186.0,940.0,2151.0,1096.0
1.0,13790.0,3865.0,3143.0,0.0,2647.0,2647.0,2195.0,948.0,2699.0,1166.0
1.0,9925.0,3794.0,3168.0,0.0,6541.0,6541.0,2215.0,953.0,2774.0,1020.0
1.0,6131.0,3104.0,3178.0,2647.0,7038.0,7038.0,2227.0,951.0,2299.0,805.0
1.0,5674.0,2491.0,3165.0,6541.0,2936.0,2936.0,2220.0,945.0,1753.0,738.0
1.0,9724.0,2576.0,3140.0,7038.0,0.0,0.0,2201.0,939.0,1683.0,893.0
1.0,14186.0,3272.0,3131.0,2936.0,0.0,0.0,2190.0,941.0,2164.0,1108.0
1.0,13850.0,3885.0,3147.0,0.0,2623.0,2623.0,2198.0,949.0,2713.0,1172.0
1.0,9965.0,3796.0,3172.0,0.0,6519.0,6519.0,2218.0,954.0,2778.0,1018.0
1.0,6169.0,3083.0,3183.0,2623.0,7023.0,7023.0,2230.0,953.0,2288.0,795.0
1.0,5709.0,2465.0,3168.0,6519.0,2909.0,2909.0,2222.0,946.0,1732.0,733.0
1.0,9763.0,2554.0,3145.0,7023.0,0.0,0.0,2204.0,941.0,1664.0,890.0
1.0,14232.0,3249.0,3136.0,2909.0,0.0,0.0,2193.0,943.0,2147.0,1102.0
1.0,13892.0,3848.0,3152.0,0.0,2564.0,2564.0,2202.0,950.0,2693.0,1155.0
1.0,10044.0,3762.0,3176.0,0.0,6422.0,6422.0,2221.0,955.0,2765.0,997.0
1.0,6282.0,3088.0,3187.0,2564.0,6990.0,6990.0,2233.0,954.0,2289.0,799.0
1.0,5758.0,2493.0,3172.0,6422.0,3001.0,3001.0,2225.0,947.0,1740.0,753.0
1.0,9687.0,2598.0,3148.0,6990.0,0.0,0.0,2206.0,942.0,1688.0,910.0
1.0,14079.0,3298.0,3139.0,3001.0,0.0,0.0,2195.0,944.0,2182.0,1116.0
1.0,13782.0,3890.0,3155.0,0.0,2728.0,2728.0,2204.0,951.0,2727.0,1163.0
1.0,9892.0,3785.0,3180.0,0.0,6613.0,6613.0,2224.0,956.0,2779.0,1006.0
1.0,6107.0,3100.0,3191.0,2728.0,7029.0,7029.0,2236.0,955.0,2294.0,806.0
1.0,5735.0,2510.0,3176.0,6613.0,2866.0,2866.0,2228.0,948.0,1750.0,760.0
1.0,9838.0,2592.0,3152.0,7029.0,0.0,0.0,2209.0,943.0,1684.0,908.0
1.0,14275.0,3251.0,3144.0,2866.0,0.0,0.0,2199.0,945.0,2148.0,1103.0
1.0,13890.0,3829.0,3159.0,0.0,2575.0,2575.0,2207.0,952.0,2682.0,1147.0
1.0,10061.0,3760.0,3184.0,0.0,6435.0,6435.0,2227.0,957.0,2762.0,998.0
1.0,6301.0,3104.0,3194.0,2575.0,7004.0,7004.0,2238.0,956.0,2302.0,802.0
1.0,5772.0,2520.0,3180.0,6435.0,3033.0,3033.0,2231.0,949.0,1764.0,756.0
1.0,9687.0,2607.0,3157.0,7004.0,0.0,0.0,2212.0,945.0,1699.0,908.0
1.0,14084.0,3277.0,3147.0,3033.0,0.0,0.0,2201.0,946.0,2172.0,1105.0
1.0,13840.0,3885.0,3163.0,0.0,2697.0,2697.0,2210.0,953.0,2725.0,1160.0
1.0,9955.0,3802.0,3190.0,0.0,6607.0,6607.0,2231.0,959.0,2792.0,1010.0
1.0,6153.0,3116.0,3199.0,2697.0,7062.0,7062.0,2242.0,957.0,2306.0,810.0
1.0,5734.0,2503.0,3184.0,6607.0,2898.0,2898.0,2234.0,950.0,1746.0,757.0
1.0,9838.0,2580.0,3160.0,7062.0,0.0,0.0,2214.0,946.0,1671.0,909.0
1.0,14320.0,3261.0,3151.0,2898.0,0.0,0.0,2203.0,948.0,2152.0,1109.0
1.0,13957.0,3861.0,3166.0,0.0,2568.0,2568.0,2211.0,955.0,2704.0,1157.0
1.0,10096.0,3792.0,3192.0,0.0,6464.0,6464.0,2232.0,960.0,2789.0,1003.0
1.0,6304.0,3110.0,3203.0,2568.0,7050.0,7050.0,2245.0,958.0,2309.0,801.0
1.0,5762.0,2527.0,3190.0,6464.0,3061.0,3061.0,2238.0,952.0,1770.0,757.0
1.0,9699.0,2611.0,3166.0,7050.0,0.0,0.0,2219.0,947.0,1702.0,909.0
1.0,14138.0,3279.0,3156.0,3061.0,0.0,0.0,2207.0,949.0,2168.0,1111.0
1.0,13920.0,3872.0,3172.0,0.0,2640.0,2640.0,2216.0,956.0,2711.0,1161.0
1.0,10048.0,3795.0,3196.0,0.0,6531.0,6531.0,2235.0,961.0,2786.0,1009.0
1.0,6253.0,3132.0,3206.0,2640.0,7063.0,7063.0,2247.0,959.0,2325.0,807.0
1.0,5761.0,2543.0,3193.0,6531.0,3023.0,3023.0,2240.0,953.0,1785.0,758.0
1.0,9749.0,2631.0,3169.0,7063.0,0.0,0.0,2221.0,948.0,1716.0,915.0
1.0,14181.0,3285.0,3160.0,3023.0,0.0,0.0,2210.0,950.0,2166.0,1119.0
1.0,13919.0,3859.0,3176.0,0.0,2644.0,2644.0,2219.0,957.0,2695.0,1164.0
1.0,10060.0,3754.0,3201.0,0.0,6498.0,6498.0,2239.0,962.0,2755.0,999.0
1.0,6306.0,3079.0,3210.0,2644.0,6969.0,6969.0,2250.0,960.0,2286.0,793.0
1.0,5871.0,2511.0,3197.0,6498.0,2930.0,2930.0,2243.0,954.0,1762.0,749.0
1.0,9858.0,2625.0,3173.0,6969.0,0.0,0.0,2224.0,949.0,1714.0,911.0
1.0,14202.0,3309.0,3164.0,2930.0,0.0,0.0,2213.0,951.0,2185.0,1124.0
1.0,13823.0,3887.0,3179.0,0.0,2780.0,2780.0,2221.0,958.0,2711.0,1176.0
1.0,9936.0,3796.0,3204.0,0.0,6676.0,6676.0,2240.0,964.0,2772.0,1024.0
1.0,6140.0,3136.0,3214.0,2780.0,7072.0,7072.0,2252.0,962.0,2320.0,816.0
1.0,5784.0,2558.0,3200.0,6676.0,2898.0,2898.0,2245.0,955.0,1800.0,758.0
1.0,9902.0,2633.0,3176.0,7072.0,0.0,0.0,2226.0,950.0,1726.0,907.0
1.0,14341.0,3290.0,3167.0,2898.0,0.0,0.0,2215.0,952.0,2174.0,1116.0
1.0,13949.0,3864.0,3182.0,0.0,2643.0,2643.0,2223.0,959.0,2692.0,1172.0
1.0,10085.0,3778.0,3207.0,0.0,6521.0,6521.0,2242.0,965.0,2761.0,1017.0
1.0,6307.0,3115.0,3218.0,2643.0,7037.0,7037.0,2255.0,963.0,2311.0,804.0
1.0,5835.0,2534.0,3204.0,6521.0,2994.0,2994.0,2248.0,956.0,1793.0,741.0
1.0,9822.0,2617.0,3180.0,7037.0,0.0,0.0,2229.0,951.0,1723.0,894.0
1.0,14242.0,3285.0,3172.0,2994.0,0.0,0.0,2218.0,954.0,2170.0,1115.0
1.0,13951.0,3867.0,3187.0,0.0,2664.0,2664.0,2226.0,961.0,2686.0,1181.0
1.0,10084.0,3795.0,3211.0,0.0,6555.0,6555.0,2245.0,966.0,2764.0,1031.0
1.0,6289.0,3146.0,3222.0,2664.0,7081.0,7081.0,2258.0,964.0,2330.0,816.0
1.0,5807.0,2585.0,3208.0,6555.0,3055.0,3055.0,2251.0,957.0,1829.0,756.0
1.0,9777.0,2661.0,3185.0,7081.0,0.0,0.0,2232.0,953.0,1751.0,910.0
1.0,14197.0,3302.0,3176.0,3055.0,0.0,0.0,2221.0,955.0,2177.0,1125.0
1.0,13950.0,3870.0,3190.0,0.0,2680.0,2680.0,2228.0,962.0,2687.0,1183.0
1.0,10080.0,3789.0,3215.0,0.0,6569.0,6569.0,2248.0,967.0,2773.0,1016.0
1.0,6291.0,3138.0,3225.0,2680.0,7067.0,7067.0,2260.0,965.0,2343.0,795.0
1.0,5833.0,2573.0,3212.0,6569.0,3019.0,3019.0,2254.0,958.0,1831.0,742.0
1.0,9829.0,2644.0,3189.0,7067.0,0.0,0.0,2236.0,953.0,1732.0,912.0
1.0,14252.0,3277.0,3180.0,3019.0,0.0,0.0,2224.0,956.0,2147.0,1130.0
1.0,13994.0,3833.0,3194.0,0.0,2615.0,2615.0,2231.0,963.0,2654.0,1179.0
1.0,10161.0,3765.0,3218.0,0.0,6476.0,6476.0,2250.0,968.0,2751.0,1014.0
1.0,6396.0,3149.0,3229.0,2615.0,7054.0,7054.0,2263.0,966.0,2351.0,798.0
1.0,5862.0,2607.0,3215.0,6476.0,3129.0,3129.0,2256.0,959.0,1853.0,754.0
1.0,9731.0,2696.0,3193.0,7054.0,0.0,0.0,2238.0,955.0,1767.0,929.0
1.0,14089.0,3334.0,3184.0,3129.0,0.0,0.0,2226.0,958.0,2186.0,1148.0
1.0,13884.0,3876.0,3199.0,0.0,2788.0,2788.0,2234.0,965.0,2685.0,1191.0
1.0,10008.0,3790.0,3223.0,0.0,6674.0,6674.0,2253.0,970.0,2771.0,1019.0
1.0,6218.0,3150.0,3234.0,2788.0,7080.0,7080.0,2266.0,968.0,2352.0,798.0
1.0,5856.0,2579.0,3221.0,6674.0,2933.0,2933.0,2260.0,961.0,1831.0,748.0
1.0,9951.0,2643.0,3197.0,7080.0,0.0,0.0,2241.0,956.0,1729.0,914.0
1.0,14388.0,3276.0,3188.0,2933.0,0.0,0.0,2229.0,959.0,2149.0,1127.0
1.0,14045.0,3857.0,3202.0,0.0,2620.0,2620.0,2236.0,966.0,2673.0,1184.0
1.0,10188.0,3792.0,3226.0,0.0,6508.0,6508.0,2255.0,971.0,2770.0,1022.0
1.0,6396.0,3172.0,3237.0,2620.0,7104.0,7104.0,2268.0,969.0,2367.0,805.0
1.0,5844.0,2610.0,3224.0,6508.0,3154.0,3154.0,2262.0,962.0,1859.0,751.0
1.0,9742.0,2680.0,3201.0,7104.0,0.0,0.0,2244.0,957.0,1765.0,915.0
1.0,14166.0,3323.0,3193.0,3154.0,0.0,0.0,2233.0,960.0,2186.0,1137.0
1.0,13997.0,3884.0,3207.0,0.0,2715.0,2715.0,2240.0,967.0,2690.0,1194.0
1.0,10113.0,3805.0,3231.0,0.0,6616.0,6616.0,2259.0,972.0,2780.0,1025.0
1.0,6308.0,3152.0,3241.0,2715.0,7093.0,7093.0,2271.0,970.0,2354.0,798.0
1.0,5871.0,2581.0,3228.0,6616.0,3006.0,3006.0,2265.0,963.0,1840.0,741.0
1.0,9906.0,2664.0,3205.0,7093.0,0.0,0.0,2247.0,958.0,1754.0,910.0
1.0,14335.0,3316.0,3196.0,3006.0,0.0,0.0,2235.0,961.0,2177.0,1139.0
1.0,14025.0,3879.0,3211.0,0.0,2698.0,2698.0,2243.0,968.0,2682.0,1197.0
1.0,10146.0,3791.0,3236.0,0.0,6589.0,6589.0,2262.0,974.0,2765.0,1026.0
1.0,6355.0,3133.0,3246.0,2698.0,7064.0,7064.0,2274.0,972.0,2338.0,795.0
1.0,5920.0,2575.0,3232.0,6589.0,2994.0,2994.0,2268.0,964.0,1834.0,741.0
1.0,9934.0,2671.0,3208.0,7064.0,0.0,0.0,2249.0,959.0,1752.0,919.0
1.0,14327.0,3345.0,3200.0,2994.0,0.0,0.0,2238.0,962.0,2191.0,1154.0
1.0,13976.0,3920.0,3214.0,0.0,2800.0,2800.0,2245.0,969.0,2709.0,1211.0
1.0,10056.0,3820.0,3240.0,0.0,6724.0,6724.0,2265.0,975.0,2790.0,1030.0
1.0,6236.0,3157.0,3249.0,2800.0,7117.0,7117.0,2277.0,972.0,2362.0,795.0
1.0,5879.0,2588.0,3236.0,6724.0,2929.0,2929.0,2271.0,965.0,1852.0,736.0
1.0,10015.0,2685.0,3213.0,7117.0,0.0,0.0,2253.0,960.0,1769.0,916.0
1.0,14447.0,3342.0,3205.0,2929.0,0.0,0.0,2242.0,963.0,2194.0,1148.0
1.0,14034.0,3888.0,3219.0,0.0,2730.0,2730.0,2249.0,970.0,2684.0,1204.0
1.0,10146.0,3773.0,3243.0,0.0,6599.0,6599.0,2267.0,976.0,2743.0,1030.0
1.0,6373.0,3124.0,3253.0,2730.0,7033.0,7033.0,2279.0,974.0,2325.0,799.0
1.0,5979.0,2579.0,3240.0,6599.0,2961.0,2961.0,2273.0,967.0,1838.0,741.0
1.0,9999.0,2701.0,3217.0,7033.0,0.0,0.0,2255.0,962.0,1787.0,914.0
1.0,14331.0,3371.0,3209.0,2961.0,0.0,0.0,2245.0,964.0,2224.0,1147.0
1.0,13921.0,3941.0,3225.0,0.0,2920.0,2920.0,2253.0,972.0,2729.0,1212.0
1.0,9980.0,3833.0,3248.0,0.0,6845.0,6845.0,2271.0,977.0,2789.0,1044.0
1.0,6147.0,3161.0,3257.0,2920.0,7122.0,7122.0,2282.0,975.0,2348.0,813.0
1.0,5906.0,2582.0,3244.0,6845.0,2807.0,2807.0,2276.0,968.0,1833.0,749.0
1.0,10169.0,2676.0,3221.0,7122.0,0.0,0.0,2258.0,963.0,1759.0,917.0
1.0,14615.0,3347.0,3212.0,2807.0,0.0,0.0,2247.0,965.0,2199.0,1148.0
1.0,14075.0,3914.0,3227.0,0.0,2747.0,2747.0,2254.0,973.0,2711.0,1203.0
1.0,10161.0,3814.0,3252.0,0.0,6661.0,6661.0,2273.0,979.0,2791.0,1023.0
1.0,6347.0,3140.0,3260.0,2747.0,7086.0,7086.0,2284.0,976.0,2351.0,789.0
1.0,5954.0,2565.0,3247.0,6661.0,2938.0,2938.0,2278.0,969.0,1830.0,735.0
1.0,10050.0,2673.0,3225.0,7086.0,0.0,0.0,2261.0,964.0,1753.0,920.0
1.0,14463.0,3361.0,3217.0,2938.0,0.0,0.0,2250.0,967.0,2204.0,1157.0
1.0,14040.0,3939.0,3233.0,0.0,2831.0,2831.0,2258.0,975.0,2726.0,1213.0
1.0,10101.0,3834.0,3256.0,0.0,6757.0,6757.0,2276.0,980.0,2799.0,1035.0
1.0,6267.0,3149.0,3264.0,2831.0,7107.0,7107.0,2287.0,977.0,2352.0,797.0
1.0,5949.0,2581.0,3250.0,6757.0,2875.0,2875.0,2280.0,970.0,1841.0,740.0
1.0,10125.0,2701.0,3227.0,7107.0,0.0,0.0,2263.0,964.0,1777.0,924.0
1.0,14531.0,3392.0,3219.0,2875.0,0.0,0.0,2252.0,967.0,2220.0,1172.0
1.0,14014.0,3961.0,3236.0,0.0,2891.0,2891.0,2260.0,976.0,2735.0,1226.0
1.0,10053.0,3832.0,3259.0,0.0,6815.0,6815.0,2278.0,981.0,2803.0,1029.0
1.0,6221.0,3130.0,3268.0,2891.0,7090.0,7090.0,2290.0,978.0,2348.0,782.0
1.0,5982.0,2560.0,3255.0,6815.0,2783.0,2783.0,2284.0,971.0,1825.0,735.0
1.0,10237.0,2672.0,3232.0,7090.0,0.0,0.0,2266.0,966.0,1743.0,929.0
1.0,14655.0,3357.0,3224.0,2783.0,0.0,0.0,2255.0,969.0,2186.0,1171.0
1.0,14081.0,3936.0,3239.0,0.0,2811.0,2811.0,2262.0,977.0,2716.0,1220.0
1.0,10145.0,3847.0,3262.0,0.0,6750.0,6750.0,2280.0,982.0,2819.0,1028.0
1.0,6298.0,3186.0,3272.0,2811.0,7165.0,7165.0,2292.0,980.0,2393.0,793.0
1.0,5923.0,2618.0,3258.0,6750.0,2977.0,2977.0,2286.0,972.0,1872.0,746.0
1.0,10055.0,2720.0,3236.0,7165.0,0.0,0.0,2269.0,967.0,1785.0,935.0
1.0,14500.0,3376.0,3228.0,2977.0,0.0,0.0,2258.0,970.0,2205.0,1171.0
1.0,14101.0,3940.0,3243.0,0.0,2811.0,2811.0,2265.0,978.0,2716.0,1224.0
1.0,10161.0,3820.0,3267.0,0.0,6727.0,6727.0,2283.0,984.0,2788.0,1032.0
1.0,6341.0,3153.0,3277.0,2811.0,7109.0,7109.0,2295.0,982.0,2363.0,790.0
1.0,5999.0,2582.0,3262.0,6727.0,2904.0,2904.0,2288.0,974.0,1848.0,734.0
1.0,10144.0,2689.0,3240.0,7109.0,0.0,0.0,2271.0,969.0,1763.0,926.0
1.0,14564.0,3369.0,3231.0,2904.0,0.0,0.0,2260.0,971.0,2197.0,1172.0
1.0,14099.0,3944.0,3247.0,0.0,2833.0,2833.0,2267.0,980.0,2719.0,1225.0
1.0,10155.0,3848.0,3271.0,0.0,6777.0,6777.0,2286.0,985.0,2813.0,1035.0
1.0,6307.0,3182.0,3281.0,2833.0,7166.0,7166.0,2298.0,983.0,2392.0,790.0
1.0,5958.0,2605.0,3267.0,6777.0,2938.0,2938.0,2292.0,975.0,1871.0,734.0
1.0,10130.0,2727.0,3243.0,7166.0,0.0,0.0,2274.0,969.0,1793.0,934.0
1.0,14569.0,3407.0,3236.0,2938.0,0.0,0.0,2264.0,972.0,2221.0,1186.0
1.0,14100.0,3963.0,3252.0,0.0,2871.0,2871.0,2271.0,981.0,2730.0,1233.0
1.0,10137.0,3846.0,3276.0,0.0,6813.0,6813.0,2289.0,987.0,2813.0,1033.0
1.0,6291.0,3169.0,3285.0,2871.0,7147.0,7147.0,2301.0,984.0,2382.0,787.0
1.0,5993.0,2595.0,3270.0,6813.0,2869.0,2869.0,2294.0,976.0,1861.0,734.0
1.0,10211.0,2693.0,3248.0,7147.0,0.0,0.0,2277.0,971.0,1767.0,926.0
1.0,14665.0,3356.0,3240.0,2869.0,0.0,0.0,2266.0,974.0,2186.0,1170.0
1.0,14178.0,3926.0,3255.0,0.0,2768.0,2768.0,2273.0,982.0,2705.0,1221.0
1.0,10252.0,3835.0,3279.0,0.0,6699.0,6699.0,2292.0,987.0,2801.0,1034.0
1.0,6417.0,3190.0,3289.0,2768.0,7161.0,7161.0,2304.0,985.0,2391.0,799.0
1.0,5995.0,2624.0,3274.0,6699.0,3026.0,3026.0,2297.0,977.0,1872.0,752.0
1.0,10070.0,2733.0,3251.0,7161.0,0.0,0.0,2279.0,972.0,1787.0,946.0
1.0,14498.0,3389.0,3243.0,3026.0,0.0,0.0,2268.0,975.0,2207.0,1182.0
1.0,14135.0,3951.0,3258.0,0.0,2848.0,2848.0,2275.0,983.0,2719.0,1232.0
1.0,10184.0,3869.0,3283.0,0.0,6817.0,6817.0,2294.0,989.0,2830.0,1039.0
1.0,6315.0,3221.0,3293.0,2848.0,7230.0,7230.0,2307.0,986.0,2425.0,796.0
1.0,5942.0,2630.0,3279.0,6817.0,2987.0,2987.0,2301.0,978.0,1891.0,739.0
1.0,10129.0,2687.0,3255.0,7230.0,0.0,0.0,2282.0,973.0,1763.0,924.0
1.0,14672.0,3335.0,3246.0,2987.0,0.0,0.0,2270.0,976.0,2166.0,1169.0
1.0,14324.0,3934.0,3261.0,0.0,2654.0,2654.0,2277.0,984.0,2703.0,1231.0
1.0,10390.0,3869.0,3286.0,0.0,6623.0,6623.0,2296.0,990.0,2829.0,1040.0
1.0,6521.0,3210.0,3297.0,2654.0,7223.0,7223.0,2309.0,988.0,2421.0,789.0
1.0,5965.0,2635.0,3283.0,6623.0,3179.0,3179.0,2303.0,980.0,1901.0,734.0
1.0,9953.0,2719.0,3259.0,7223.0,0.0,0.0,2285.0,974.0,1785.0,934.0
1.0,14457.0,3394.0,3251.0,3179.0,0.0,0.0,2274.0,977.0,2207.0,1187.0
1.0,14242.0,3980.0,3267.0,0.0,2806.0,2806.0,2281.0,986.0,2738.0,1242.0
1.0,10262.0,3884.0,3293.0,0.0,6794.0,6794.0,2301.0,992.0,2838.0,1046.0
1.0,6378.0,3212.0,3302.0,2806.0,7236.0,7236.0,2313.0,989.0,2416.0,796.0
1.0,5972.0,2627.0,3287.0,6794.0,3009.0,3009.0,2306.0,981.0,1881.0,746.0
1.0,10139.0,2710.0,3263.0,7236.0,0.0,0.0,2288.0,975.0,1767.0,943.0
1.0,14665.0,3384.0,3254.0,3009.0,0.0,0.0,2276.0,978.0,2198.0,1186.0
1.0,14290.0,3972.0,3271.0,0.0,2766.0,2766.0,2284.0,987.0,2739.0,1233.0
1.0,10318.0,3877.0,3296.0,0.0,6743.0,6743.0,2303.0,993.0,2845.0,1032.0
1.0,6441.0,3203.0,3306.0,2766.0,7220.0,7220.0,2316.0,990.0,2416.0,787.0
1.0,6004.0,2608.0,3292.0,6743.0,3029.0,3029.0,2310.0,982.0,1864.0,744.0
1.0,10139.0,2691.0,3268.0,7220.0,0.0,0.0,2291.0,977.0,1748.0,943.0
1.0,14668.0,3375.0,3259.0,3029.0,0.0,0.0,2279.0,980.0,2187.0,1188.0
1.0,14322.0,3980.0,3274.0,0.0,2754.0,2754.0,2286.0,988.0,2750.0,1230.0
1.0,10342.0,3916.0,3300.0,0.0,6774.0,6774.0,2306.0,994.0,2883.0,1033.0
1.0,6426.0,3257.0,3309.0,2754.0,7313.0,7313.0,2318.0,991.0,2456.0,801.0
1.0,5923.0,2659.0,3296.0,6774.0,3146.0,3146.0,2313.0,983.0,1901.0,758.0
1.0,10038.0,2712.0,3272.0,7313.0,0.0,0.0,2294.0,978.0,1761.0,951.0
1.0,14639.0,3359.0,3263.0,3146.0,0.0,0.0,2282.0,981.0,2174.0,1185.0
1.0,14426.0,3948.0,3278.0,0.0,2634.0,2634.0,2289.0,989.0,2721.0,1227.0
1.0,10478.0,3889.0,3304.0,0.0,6627.0,6627.0,2309.0,995.0,2857.0,1032.0
1.0,6589.0,3231.0,3314.0,2634.0,7264.0,7264.0,2322.0,992.0,2437.0,794.0
1.0,5992.0,2634.0,3300.0,6627.0,3215.0,3215.0,2316.0,984.0,1881.0,753.0
1.0,9985.0,2695.0,3276.0,7264.0,0.0,0.0,2297.0,979.0,1745.0,950.0
1.0,14554.0,3364.0,3267.0,3215.0,0.0,0.0,2285.0,982.0,2177.0,1187.0
1.0,14405.0,3996.0,3282.0,0.0,2719.0,2719.0,2292.0,990.0,2762.0,1234.0
1.0,10409.0,3958.0,3308.0,0.0,6781.0,6781.0,2312.0,996.0,2916.0,1042.0
1.0,6451.0,3280.0,3319.0,2719.0,7386.0,7386.0,2325.0,994.0,2476.0,804.0
1.0,5890.0,2650.0,3305.0,6781.0,3199.0,3199.0,2319.0,986.0,1890.0,760.0
1.0,10021.0,2685.0,3279.0,7386.0,0.0,0.0,2299.0,980.0,1730.0,955.0
1.0,14722.0,3352.0,3270.0,3199.0,0.0,0.0,2287.0,983.0,2163.0,1189.0
1.0,14569.0,3981.0,3286.0,0.0,2556.0,2556.0,2294.0,992.0,2757.0,1224.0
1.0,10588.0,3935.0,3311.0,0.0,6591.0,6591.0,2314.0,997.0,2909.0,1026.0
1.0,6653.0,3259.0,3323.0,2556.0,7342.0,7342.0,2328.0,995.0,2467.0,792.0
1.0,5950.0,2631.0,3309.0,6591.0,3326.0,3326.0,2322.0,987.0,1870.0,761.0
1.0,9910.0,2677.0,3285.0,7342.0,0.0,0.0,2303.0,982.0,1717.0,960.0
1.0,14575.0,3364.0,3276.0,3326.0,0.0,0.0,2291.0,985.0,2173.0,1191.0
1.0,14537.0,3994.0,3291.0,0.0,2621.0,2621.0,2298.0,993.0,2769.0,1225.0
1.0,10543.0,3951.0,3317.0,0.0,6676.0,6676.0,2318.0,999.0,2918.0,1033.0
1.0,6592.0,3278.0,3327.0,2621.0,7373.0,7373.0,2331.0,996.0,2471.0,807.0
1.0,5935.0,2656.0,3313.0,6676.0,3297.0,3297.0,2325.0,988.0,1880.0,776.0
1.0,9955.0,2705.0,3289.0,7373.0,0.0,0.0,2306.0,983.0,1738.0,967.0
1.0,14623.0,3385.0,3280.0,3297.0,0.0,0.0,2294.0,986.0,2194.0,1191.0
1.0,14535.0,4006.0,3295.0,0.0,2651.0,2651.0,2301.0,994.0,2786.0,1220.0
1.0,10529.0,3955.0,3321.0,0.0,6710.0,6710.0,2321.0,1000.0,2927.0,1028.0
1.0,6574.0,3258.0,3331.0,2651.0,7357.0,7357.0,2334.0,997.0,2459.0,799.0
1.0,5967.0,2625.0,3317.0,6710.0,3216.0,3216.0,2328.0,989.0,1859.0,766.0
1.0,10052.0,2674.0,3293.0,7357.0,0.0,0.0,2309.0,984.0,1718.0,956.0
1.0,14735.0,3352.0,3283.0,3216.0,0.0,0.0,2296.0,987.0,2172.0,1180.0
1.0,14599.0,3998.0,3298.0,0.0,2591.0,2591.0,2303.0,995.0,2774.0,1224.0
1.0,10601.0,3958.0,3324.0,0.0,6653.0,6653.0,2323.0,1001.0,2923.0,1035.0
1.0,6643.0,3291.0,3335.0,2591.0,7397.0,7397.0,2336.0,999.0,2481.0,810.0
1.0,5943.0,2669.0,3321.0,6653.0,3357.0,3357.0,2330.0,991.0,1893.0,776.0
1.0,9927.0,2732.0,3297.0,7397.0,0.0,0.0,2311.0,986.0,1758.0,974.0
1.0,14592.0,3409.0,3288.0,3357.0,0.0,0.0,2299.0,989.0,2209.0,1200.0
1.0,14540.0,4025.0,3304.0,0.0,2701.0,2701.0,2307.0,997.0,2793.0,1232.0
1.0,10515.0,3956.0,3329.0,0.0,6757.0,6757.0,2327.0,1002.0,2922.0,1034.0
1.0,6559.0,3251.0,3340.0,2701.0,7351.0,7351.0,2340.0,1000.0,2455.0,796.0
1.0,6009.0,2613.0,3325.0,6757.0,3147.0,3147.0,2333.0,992.0,1849.0,764.0
1.0,10153.0,2680.0,3299.0,7351.0,0.0,0.0,2313.0,986.0,1716.0,964.0
1.0,14824.0,3392.0,3290.0,3147.0,0.0,0.0,2301.0,989.0,2198.0,1194.0
1.0,14579.0,4032.0,3306.0,0.0,2677.0,2677.0,2308.0,998.0,2806.0,1226.0
1.0,10547.0,3971.0,3332.0,0.0,6752.0,6752.0,2329.0,1003.0,2945.0,1026.0
1.0,6576.0,3262.0,3343.0,2677.0,7381.0,7381.0,2343.0,1000.0,2467.0,795.0
1.0,5991.0,2625.0,3329.0,6752.0,3198.0,3198.0,2337.0,992.0,1862.0,763.0
1.0,10118.0,2703.0,3304.0,7381.0,0.0,0.0,2317.0,987.0,1732.0,971.0
1.0,14796.0,3420.0,3295.0,3198.0,0.0,0.0,2304.0,991.0,2208.0,1212.0
1.0,14574.0,4058.0,3310.0,0.0,2724.0,2724.0,2311.0,999.0,2813.0,1245.0
1.0,10516.0,3990.0,3336.0,0.0,6818.0,6818.0,2331.0,1005.0,2954.0,1036.0
1.0,6526.0,3291.0,3347.0,2724.0,7429.0,7429.0,2345.0,1002.0,2492.0,799.0
1.0,5959.0,2646.0,3334.0,6818.0,3205.0,3205.0,2340.0,994.0,1879.0,767.0
1.0,10131.0,2687.0,3309.0,7429.0,0.0,0.0,2320.0,989.0,1713.0,974.0
1.0,14873.0,3378.0,3299.0,3205.0,0.0,0.0,2307.0,992.0,2169.0,1209.0
1.0,14700.0,4030.0,3315.0,0.0,2590.0,2590.0,2314.0,1001.0,2790.0,1240.0
1.0,10670.0,3987.0,3341.0,0.0,6681.0,6681.0,2335.0,1006.0,2956.0,1031.0
1.0,6683.0,3278.0,3352.0,2590.0,7413.0,7413.0,2349.0,1003.0,2489.0,789.0
1.0,5995.0,2622.0,3338.0,6681.0,3298.0,3298.0,2343.0,995.0,1864.0,758.0
1.0,10054.0,2681.0,3313.0,7413.0,0.0,0.0,2323.0,990.0,1712.0,969.0
1.0,14786.0,3406.0,3302.0,3298.0,0.0,0.0,2309.0,993.0,2194.0,1212.0
1.0,14678.0,4083.0,3318.0,0.0,2677.0,2677.0,2316.0,1002.0,2835.0,1248.0
1.0,10595.0,4032.0,3344.0,0.0,6813.0,6813.0,2337.0,1007.0,2989.0,1043.0
1.0,6563.0,3309.0,3356.0,2677.0,7493.0,7493.0,2352.0,1004.0,2510.0,799.0
1.0,5931.0,2632.0,3342.0,6813.0,3256.0,3256.0,2346.0,996.0,1874.0,758.0
1.0,10112.0,2676.0,3317.0,7493.0,0.0,0.0,2326.0,991.0,1713.0,963.0
1.0,14929.0,3378.0,3306.0,3256.0,0.0,0.0,2312.0,994.0,2168.0,1210.0
1.0,14807.0,4055.0,3321.0,0.0,2532.0,2532.0,2318.0,1003.0,2799.0,1256.0
1.0,10752.0,4010.0,3348.0,0.0,6650.0,6650.0,2339.0,1009.0,2963.0,1047.0
1.0,6742.0,3287.0,3359.0,2532.0,7449.0,7449.0,2354.0,1005.0,2493.0,794.0
1.0,5987.0,2624.0,3346.0,6650.0,3371.0,3371.0,2349.0,997.0,1873.0,751.0
1.0,10013.0,2690.0,3320.0,7449.0,0.0,0.0,2328.0,992.0,1722.0,968.0
1.0,14772.0,3428.0,3311.0,3371.0,0.0,0.0,2315.0,996.0,2206.0,1222.0
1.0,14715.0,4104.0,3326.0,0.0,2693.0,2693.0,2322.0,1004.0,2844.0,1260.0
1.0,10611.0,4037.0,3353.0,0.0,6838.0,6838.0,2343.0,1010.0,2989.0,1048.0
1.0,6574.0,3312.0,3364.0,2693.0,7501.0,7501.0,2358.0,1006.0,2513.0,799.0
1.0,5955.0,2638.0,3350.0,6838.0,3245.0,3245.0,2352.0,998.0,1874.0,764.0
1.0,10155.0,2685.0,3324.0,7501.0,0.0,0.0,2331.0,993.0,1717.0,968.0
1.0,14971.0,3399.0,3314.0,3245.0,0.0,0.0,2317.0,997.0,2188.0,1211.0
1.0,14817.0,4069.0,3329.0,0.0,2568.0,2568.0,2324.0,1005.0,2820.0,1249.0
1.0,10748.0,4020.0,3357.0,0.0,6700.0,6700.0,2346.0,1011.0,2978.0,1042.0
1.0,6728.0,3299.0,3369.0,2568.0,7479.0,7479.0,2361.0,1008.0,2503.0,796.0
1.0,5997.0,2637.0,3355.0,6700.0,3360.0,3360.0,2355.0,1000.0,1881.0,756.0
1.0,10060.0,2673.0,3329.0,7479.0,0.0,0.0,2335.0,994.0,1712.0,961.0
1.0,14866.0,3383.0,3318.0,3360.0,0.0,0.0,2320.0,998.0,2171.0,1212.0
1.0,14843.0,4062.0,3333.0,0.0,2551.0,2551.0,2326.0,1007.0,2802.0,1260.0
1.0,10781.0,4044.0,3359.0,0.0,6699.0,6699.0,2347.0,1012.0,2981.0,1063.0
1.0,6737.0,3362.0,3371.0,2551.0,7558.0,7558.0,2362.0,1009.0,2545.0,817.0
1.0,5926.0,2695.0,3358.0,6699.0,3502.0,3502.0,2357.0,1001.0,1927.0,768.0
1.0,9930.0,2721.0,3333.0,7558.0,0.0,0.0,2337.0,996.0,1756.0,965.0
1.0,14767.0,3405.0,3322.0,3502.0,0.0,0.0,2323.0,999.0,2193.0,1212.0
1.0,14864.0,4055.0,3338.0,0.0,2543.0,2543.0,2330.0,1008.0,2794.0,1261.0
1.0,10809.0,4017.0,3365.0,0.0,6668.0,6668.0,2351.0,1014.0,2958.0,1059.0
1.0,6792.0,3308.0,3377.0,2543.0,7481.0,7481.0,2366.0,1011.0,2505.0,803.0
1.0,6027.0,2639.0,3362.0,6668.0,3392.0,3392.0,2360.0,1002.0,1889.0,750.0
1.0,10056.0,2682.0,3337.0,7481.0,0.0,0.0,2340.0,997.0,1731.0,951.0
1.0,14855.0,3393.0,3325.0,3392.0,0.0,0.0,2325.0,1000.0,2182.0,1211.0
1.0,14854.0,4075.0,3340.0,0.0,2581.0,2581.0,2331.0,1009.0,2807.0,1268.0
1.0,10779.0,4061.0,3368.0,0.0,6754.0,6754.0,2353.0,1015.0,2993.0,1068.0
1.0,6718.0,3359.0,3381.0,2581.0,7584.0,7584.0,2369.0,1012.0,2543.0,816.0
1.0,5940.0,2691.0,3367.0,6754.0,3465.0,3465.0,2363.0,1004.0,1929.0,762.0
1.0,10003.0,2712.0,3341.0,7584.0,0.0,0.0,2343.0,998.0,1750.0,962.0
1.0,14875.0,3403.0,3330.0,3465.0,0.0,0.0,2328.0,1002.0,2185.0,1218.0
1.0,14937.0,4067.0,3345.0,0.0,2510.0,2510.0,2334.0,1011.0,2797.0,1270.0
1.0,10870.0,4038.0,3372.0,0.0,6656.0,6656.0,2355.0,1017.0,2967.0,1071.0
1.0,6832.0,3350.0,3385.0,2510.0,7548.0,7548.0,2371.0,1014.0,2536.0,814.0
1.0,5992.0,2678.0,3371.0,6656.0,3514.0,3514.0,2366.0,1005.0,1922.0,756.0
1.0,9970.0,2693.0,3345.0,7548.0,0.0,0.0,2346.0,999.0,1741.0,952.0
1.0,14825.0,3379.0,3334.0,3514.0,0.0,0.0,2331.0,1003.0,2173.0,1206.0
1.0,14960.0,4067.0,3349.0,0.0,2503.0,2503.0,2337.0,1012.0,2798.0,1269.0
1.0,10893.0,4044.0,3376.0,0.0,6655.0,6655.0,2358.0,1018.0,2972.0,1072.0
1.0,6849.0,3346.0,3389.0,2503.0,7550.0,7550.0,2374.0,1015.0,2532.0,814.0
1.0,6006.0,2672.0,3374.0,6655.0,3507.0,3507.0,2368.0,1006.0,1916.0,756.0
1.0,9989.0,2697.0,3348.0,7550.0,0.0,0.0,2347.0,1001.0,1739.0,958.0
1.0,14842.0,3409.0,3336.0,3507.0,0.0,0.0,2332.0,1004.0,2190.0,1219.0
1.0,14940.0,4106.0,3351.0,0.0,2570.0,2570.0,2338.0,1013.0,2825.0,1281.0
1.0,10834.0,4087.0,3379.0,0.0,6769.0,6769.0,2360.0,1019.0,3009.0,1078.0
1.0,6747.0,3369.0,3392.0,2570.0,7620.0,7620.0,2376.0,1016.0,2560.0,809.0
1.0,5948.0,2660.0,3379.0,6769.0,3459.0,3459.0,2371.0,1008.0,1913.0,747.0
1.0,10057.0,2662.0,3352.0,7620.0,0.0,0.0,2350.0,1002.0,1712.0,950.0
1.0,15015.0,3376.0,3340.0,3459.0,0.0,0.0,2335.0,1005.0,2160.0,1216.0
1.0,15098.0,4075.0,3355.0,0.0,2397.0,2397.0,2341.0,1014.0,2794.0,1281.0
1.0,11023.0,4075.0,3383.0,0.0,6584.0,6584.0,2362.0,1021.0,2997.0,1078.0
1.0,6948.0,3383.0,3397.0,2397.0,7626.0,7626.0,2379.0,1018.0,2564.0,819.0
1.0,5962.0,2686.0,3382.0,6584.0,3668.0,3668.0,2373.0,1009.0,1930.0,756.0
1.0,9860.0,2704.0,3355.0,7626.0,0.0,0.0,2352.0,1003.0,1746.0,958.0
1.0,14782.0,3418.0,3343.0,3668.0,0.0,0.0,2337.0,1006.0,2197.0,1221.0
1.0,15032.0,4129.0,3359.0,0.0,2533.0,2533.0,2343.0,1016.0,2845.0,1284.0
1.0,10903.0,4091.0,3387.0,0.0,6736.0,6736.0,2365.0,1022.0,3017.0,1074.0
1.0,6812.0,3356.0,3399.0,2533.0,7607.0,7607.0,2381.0,1018.0,2548.0,808.0
1.0,5989.0,2643.0,3386.0,6736.0,3462.0,3462.0,2376.0,1010.0,1895.0,748.0
1.0,10082.0,2668.0,3358.0,7607.0,0.0,0.0,2354.0,1004.0,1713.0,955.0
1.0,15021.0,3406.0,3346.0,3462.0,0.0,0.0,2339.0,1007.0,2184.0,1222.0
1.0,15077.0,4116.0,3362.0,0.0,2487.0,2487.0,2345.0,1017.0,2835.0,1281.0
1.0,10961.0,4097.0,3390.0,0.0,6696.0,6696.0,2367.0,1023.0,3019.0,1078.0
1.0,6864.0,3369.0,3404.0,2487.0,7634.0,7634.0,2384.0,1020.0,2556.0,813.0
1.0,5982.0,2674.0,3390.0,6696.0,3556.0,3556.0,2379.0,1011.0,1922.0,752.0
1.0,10004.0,2705.0,3363.0,7634.0,0.0,0.0,2358.0,1005.0,1742.0,963.0
1.0,14933.0,3434.0,3352.0,3556.0,0.0,0.0,2343.0,1009.0,2199.0,1235.0
1.0,15055.0,4132.0,3367.0,0.0,2545.0,2545.0,2349.0,1018.0,2836.0,1296.0
1.0,10923.0,4094.0,3394.0,0.0,6747.0,6747.0,2370.0,1024.0,3010.0,1084.0
1.0,6829.0,3367.0,3406.0,2545.0,7617.0,7617.0,2385.0,1021.0,2557.0,810.0
1.0,6007.0,2664.0,3392.0,6747.0,3478.0,3478.0,2380.0,1012.0,1920.0,744.0
1.0,10090.0,2703.0,3366.0,7617.0,0.0,0.0,2360.0,1006.0,1749.0,954.0
1.0,15004.0,3428.0,3354.0,3478.0,0.0,0.0,2345.0,1009.0,2204.0,1224.0
1.0,15054.0,4115.0,3371.0,0.0,2545.0,2545.0,2352.0,1019.0,2828.0,1287.0
1.0,10939.0,4083.0,3398.0,0.0,6736.0,6736.0,2373.0,1025.0,3005.0,1078.0
1.0,6856.0,3366.0,3411.0,2545.0,7609.0,7609.0,2389.0,1022.0,2558.0,808.0
1.0,6035.0,2666.0,3397.0,6736.0,3483.0,3483.0,2384.0,1013.0,1923.0,743.0
1.0,10105.0,2689.0,3370.0,7609.0,0.0,0.0,2363.0,1007.0,1738.0,951.0
1.0,15025.0,3425.0,3358.0,3483.0,0.0,0.0,2348.0,1010.0,2191.0,1234.0
1.0,15083.0,4142.0,3374.0,0.0,2555.0,2555.0,2354.0,1020.0,2839.0,1303.0
1.0,10941.0,4138.0,3401.0,0.0,6801.0,6801.0,2375.0,1026.0,3043.0,1095.0
1.0,6803.0,3414.0,3414.0,2555.0,7712.0,7712.0,2391.0,1023.0,2594.0,820.0
1.0,5944.0,2709.0,3401.0,6801.0,3568.0,3568.0,2387.0,1014.0,1959.0,750.0
1.0,10036.0,2715.0,3375.0,7712.0,0.0,0.0,2367.0,1008.0,1761.0,954.0
1.0,15033.0,3421.0,3363.0,3568.0,0.0,0.0,2352.0,1011.0,2189.0,1232.0
1.0,15180.0,4109.0,3378.0,0.0,2441.0,2441.0,2357.0,1021.0,2805.0,1304.0
1.0,11071.0,4086.0,3405.0,0.0,6635.0,6635.0,2378.0,1027.0,2994.0,1092.0
1.0,6985.0,3377.0,3418.0,2441.0,7623.0,7623.0,2394.0,1024.0,2569.0,808.0
1.0,6049.0,2686.0,3405.0,6635.0,3622.0,3622.0,2390.0,1015.0,1954.0,732.0
1.0,9998.0,2704.0,3379.0,7623.0,0.0,0.0,2370.0,1009.0,1765.0,939.0
1.0,14917.0,3428.0,3367.0,3622.0,0.0,0.0,2355.0,1012.0,2201.0,1227.0
1.0,15111.0,4144.0,3383.0,0.0,2565.0,2565.0,2361.0,1022.0,2835.0,1309.0
1.0,10967.0,4131.0,3410.0,0.0,6804.0,6804.0,2382.0,1028.0,3029.0,1102.0
1.0,6836.0,3411.0,3423.0,2565.0,7702.0,7702.0,2398.0,1025.0,2593.0,818.0
1.0,5990.0,2702.0,3410.0,6804.0,3548.0,3548.0,2394.0,1016.0,1957.0,745.0
1.0,10092.0,2707.0,3383.0,7702.0,0.0,0.0,2373.0,1010.0,1747.0,960.0
1.0,15087.0,3433.0,3371.0,3548.0,0.0,0.0,2358.0,1013.0,2191.0,1242.0
1.0,15202.0,4158.0,3386.0,0.0,2500.0,2500.0,2363.0,1023.0,2842.0,1316.0
1.0,11044.0,4134.0,3414.0,0.0,6746.0,6746.0,2384.0,1030.0,3033.0,1101.0
1.0,6910.0,3402.0,3428.0,2500.0,7704.0,7704.0,2401.0,1027.0,2587.0,815.0
1.0,6008.0,2678.0,3415.0,6746.0,3584.0,3584.0,2397.0,1018.0,1940.0,738.0
1.0,10076.0,2686.0,3389.0,7704.0,0.0,0.0,2377.0,1012.0,1743.0,943.0
1.0,15094.0,3419.0,3375.0,3584.0,0.0,0.0,2361.0,1014.0,2191.0,1228.0
1.0,15259.0,4132.0,3390.0,0.0,2433.0,2433.0,2366.0,1024.0,2828.0,1304.0
1.0,11127.0,4123.0,3417.0,0.0,6664.0,6664.0,2387.0,1030.0,3019.0,1104.0
1.0,7004.0,3416.0,3432.0,2433.0,7707.0,7707.0,2404.0,1028.0,2583.0,833.0
1.0,6021.0,2722.0,3418.0,6664.0,3709.0,3709.0,2399.0,1019.0,1967.0,755.0
1.0,9963.0,2730.0,3392.0,7707.0,0.0,0.0,2379.0,1013.0,1779.0,951.0
1.0,14940.0,3450.0,3379.0,3709.0,0.0,0.0,2363.0,1016.0,2225.0,1225.0
1.0,15199.0,4154.0,3394.0,0.0,2531.0,2531.0,2369.0,1025.0,2856.0,1298.0
1.0,11045.0,4133.0,3423.0,0.0,6780.0,6780.0,2391.0,1032.0,3030.0,1103.0
1.0,6912.0,3398.0,3437.0,2531.0,7703.0,7703.0,2408.0,1029.0,2569.0,829.0
1.0,6045.0,2677.0,3423.0,6780.0,3544.0,3544.0,2403.0,1020.0,1929.0,748.0
1.0,10148.0,2695.0,3396.0,7703.0,0.0,0.0,2382.0,1014.0,1749.0,946.0
1.0,15156.0,3426.0,3383.0,3544.0,0.0,0.0,2366.0,1017.0,2195.0,1231.0
1.0,15274.0,4146.0,3397.0,0.0,2460.0,2460.0,2371.0,1026.0,2838.0,1308.0
1.0,11128.0,4138.0,3426.0,0.0,6714.0,6714.0,2393.0,1033.0,3033.0,1105.0
1.0,6990.0,3440.0,3440.0,2460.0,7750.0,7750.0,2409.0,1031.0,2609.0,831.0
1.0,6010.0,2747.0,3426.0,6714.0,3727.0,3727.0,2405.0,1021.0,1990.0,757.0
1.0,9977.0,2744.0,3400.0,7750.0,0.0,0.0,2385.0,1015.0,1787.0,957.0
1.0,14983.0,3452.0,3388.0,3727.0,0.0,0.0,2370.0,1018.0,2215.0,1237.0
1.0,15258.0,4135.0,3402.0,0.0,2485.0,2485.0,2375.0,1027.0,2827.0,1308.0
1.0,11123.0,4125.0,3430.0,0.0,6722.0,6722.0,2396.0,1034.0,3026.0,1099.0
1.0,6998.0,3410.0,3444.0,2485.0,7703.0,7703.0,2412.0,1032.0,2588.0,822.0
1.0,6073.0,2713.0,3431.0,6722.0,3642.0,3642.0,2408.0,1023.0,1965.0,748.0
1.0,10082.0,2730.0,3404.0,7703.0,0.0,0.0,2388.0,1016.0,1773.0,957.0
1.0,15055.0,3422.0,3391.0,3642.0,0.0,0.0,2372.0,1019.0,2194.0,1228.0
1.0,15275.0,4130.0,3405.0,0.0,2475.0,2475.0,2377.0,1028.0,2833.0,1297.0
1.0,11145.0,4140.0,3434.0,0.0,6731.0,6731.0,2399.0,1035.0,3045.0,1095.0
1.0,7005.0,3433.0,3449.0,2475.0,7749.0,7749.0,2416.0,1033.0,2606.0,827.0
1.0,6047.0,2735.0,3435.0,6731.0,3697.0,3697.0,2411.0,1024.0,1967.0,768.0
1.0,10043.0,2742.0,3409.0,7749.0,0.0,0.0,2391.0,1018.0,1767.0,975.0
1.0,15050.0,3454.0,3395.0,3697.0,0.0,0.0,2375.0,1020.0,2211.0,1243.0
1.0,15293.0,4170.0,3410.0,0.0,2517.0,2517.0,2380.0,1030.0,2865.0,1305.0
1.0,11123.0,4160.0,3437.0,0.0,6785.0,6785.0,2401.0,1036.0,3062.0,1098.0
1.0,6963.0,3449.0,3452.0,2517.0,7777.0,7777.0,2418.0,1034.0,2615.0,834.0
1.0,6031.0,2752.0,3439.0,6785.0,3692.0,3692.0,2414.0,1025.0,1981.0,771.0
1.0,10064.0,2749.0,3413.0,7777.0,0.0,0.0,2394.0,1019.0,1782.0,967.0
1.0,15092.0,3426.0,3400.0,3692.0,0.0,0.0,2379.0,1021.0,2203.0,1223.0
1.0,15358.0,4108.0,3414.0,0.0,2406.0,2406.0,2384.0,1030.0,2825.0,1283.0
1.0,11250.0,4104.0,3441.0,0.0,6618.0,6618.0,2404.0,1037.0,3015.0,1089.0
1.0,7146.0,3425.0,3455.0,2406.0,7693.0,7693.0,2420.0,1035.0,2585.0,840.0
1.0,6127.0,2766.0,3442.0,6618.0,3789.0,3789.0,2415.0,1027.0,1980.0,786.0
1.0,9979.0,2782.0,3417.0,7693.0,0.0,0.0,2396.0,1021.0,1804.0,978.0
1.0,14890.0,3486.0,3404.0,3789.0,0.0,0.0,2381.0,1023.0,2256.0,1230.0
1.0,15193.0,4156.0,3418.0,0.0,2635.0,2635.0,2386.0,1032.0,2872.0,1284.0
1.0,11037.0,4146.0,3446.0,0.0,6893.0,6893.0,2407.0,1039.0,3053.0,1093.0
1.0,6891.0,3461.0,3461.0,2635.0,7779.0,7779.0,2424.0,1037.0,2612.0,849.0
1.0,6065.0,2776.0,3448.0,6893.0,3610.0,3610.0,2420.0,1028.0,1984.0,792.0
1.0,10182.0,2759.0,3420.0,7779.0,0.0,0.0,2399.0,1021.0,1780.0,979.0
1.0,15202.0,3424.0,3407.0,3610.0,0.0,0.0,2383.0,1024.0,2203.0,1221.0
1.0,15388.0,4115.0,3421.0,0.0,2411.0,2411.0,2388.0,1033.0,2834.0,1281.0
1.0,11273.0,4139.0,3450.0,0.0,6666.0,6666.0,2410.0,1040.0,3047.0,1092.0
1.0,7134.0,3469.0,3464.0,2411.0,7780.0,7780.0,2426.0,1038.0,2623.0,846.0
1.0,6076.0,2772.0,3452.0,6666.0,3838.0,3838.0,2423.0,1029.0,1987.0,785.0
1.0,9970.0,2769.0,3426.0,7780.0,0.0,0.0,2403.0,1023.0,1792.0,977.0
1.0,14981.0,3453.0,3412.0,3838.0,0.0,0.0,2387.0,1025.0,2226.0,1227.0
1.0,15366.0,4146.0,3427.0,0.0,2488.0,2488.0,2393.0,1034.0,2858.0,1288.0
1.0,11220.0,4152.0,3455.0,0.0,6752.0,6752.0,2414.0,1041.0,3056.0,1096.0
1.0,7068.0,3468.0,3469.0,2488.0,7788.0,7788.0,2430.0,1039.0,2620.0,848.0
1.0,6088.0,2788.0,3455.0,6752.0,3768.0,3768.0,2425.0,1030.0,1996.0,792.0
1.0,10052.0,2787.0,3429.0,7788.0,0.0,0.0,2405.0,1024.0,1801.0,986.0
1.0,15053.0,3464.0,3417.0,3768.0,0.0,0.0,2390.0,1027.0,2233.0,1231.0
1.0,15357.0,4142.0,3430.0,0.0,2505.0,2505.0,2395.0,1035.0,2859.0,1283.0
1.0,11215.0,4137.0,3459.0,0.0,6758.0,6758.0,2417.0,1042.0,3046.0,1091.0
1.0,7078.0,3451.0,3473.0,2505.0,7760.0,7760.0,2433.0,1040.0,2603.0,848.0
1.0,6132.0,2756.0,3461.0,6758.0,3710.0,3710.0,2429.0,1032.0,1965.0,791.0
1.0,10134.0,2760.0,3433.0,7760.0,0.0,0.0,2408.0,1025.0,1780.0,980.0
1.0,15134.0,3450.0,3421.0,3710.0,0.0,0.0,2393.0,1028.0,2224.0,1226.0
1.0,15394.0,4154.0,3434.0,0.0,2496.0,2496.0,2398.0,1036.0,2867.0,1287.0
1.0,11240.0,4180.0,3462.0,0.0,6788.0,6788.0,2419.0,1043.0,3075.0,1105.0
1.0,7060.0,3500.0,3476.0,2496.0,7848.0,7848.0,2435.0,1041.0,2638.0,862.0
1.0,6056.0,2800.0,3464.0,6788.0,3812.0,3812.0,2431.0,1033.0,2001.0,799.0
1.0,10044.0,2782.0,3438.0,7848.0,0.0,0.0,2411.0,1027.0,1800.0,982.0
1.0,15110.0,3461.0,3425.0,3812.0,0.0,0.0,2396.0,1029.0,2233.0,1228.0
1.0,15461.0,4141.0,3439.0,0.0,2436.0,2436.0,2401.0,1038.0,2855.0,1286.0
1.0,11320.0,4148.0,3467.0,0.0,6696.0,6696.0,2422.0,1045.0,3053.0,1095.0
1.0,7172.0,3445.0,3480.0,2436.0,7757.0,7757.0,2438.0,1042.0,2603.0,842.0
1.0,6163.0,2754.0,3468.0,6696.0,3767.0,3767.0,2434.0,1034.0,1972.0,782.0
1.0,10105.0,2767.0,3442.0,7757.0,0.0,0.0,2414.0,1028.0,1786.0,981.0
1.0,15095.0,3479.0,3429.0,3767.0,0.0,0.0,2398.0,1031.0,2240.0,1239.0
1.0,15383.0,4189.0,3444.0,0.0,2582.0,2582.0,2404.0,1040.0,2892.0,1297.0
1.0,11194.0,4190.0,3471.0,0.0,6880.0,6880.0,2425.0,1046.0,3089.0,1101.0
1.0,7004.0,3477.0,3486.0,2582.0,7835.0,7835.0,2442.0,1044.0,2631.0,846.0
1.0,6109.0,2780.0,3472.0,6880.0,3679.0,3679.0,2437.0,1035.0,1986.0,794.0
1.0,10209.0,2786.0,3446.0,7835.0,0.0,0.0,2417.0,1029.0,1791.0,995.0
1.0,15258.0,3503.0,3433.0,3679.0,0.0,0.0,2401.0,1032.0,2252.0,1251.0
1.0,15434.0,4201.0,3448.0,0.0,2559.0,2559.0,2407.0,1041.0,2899.0,1302.0
1.0,11233.0,4185.0,3475.0,0.0,6852.0,6852.0,2428.0,1047.0,3089.0,1096.0
1.0,7048.0,3455.0,3489.0,2559.0,7804.0,7804.0,2444.0,1045.0,2616.0,839.0
1.0,6152.0,2745.0,3475.0,6852.0,3641.0,3641.0,2439.0,1036.0,1963.0,782.0
1.0,10259.0,2753.0,3449.0,7804.0,0.0,0.0,2419.0,1030.0,1776.0,977.0
1.0,15310.0,3468.0,3437.0,3641.0,0.0,0.0,2404.0,1033.0,2235.0,1233.0
1.0,15483.0,4183.0,3452.0,0.0,2508.0,2508.0,2410.0,1042.0,2889.0,1294.0
1.0,11300.0,4193.0,3479.0,0.0,6809.0,6809.0,2431.0,1048.0,3091.0,1102.0
1.0,7107.0,3493.0,3493.0,2508.0,7850.0,7850.0,2447.0,1046.0,2636.0,857.0
1.0,6122.0,2788.0,3479.0,6809.0,3773.0,3773.0,2442.0,1037.0,1986.0,802.0
1.0,10143.0,2788.0,3454.0,7850.0,0.0,0.0,2422.0,1032.0,1796.0,992.0
1.0,15205.0,3505.0,3441.0,3773.0,0.0,0.0,2406.0,1035.0,2264.0,1241.0
1.0,15473.0,4224.0,3455.0,0.0,2571.0,2571.0,2412.0,1043.0,2921.0,1303.0
1.0,11249.0,4224.0,3484.0,0.0,6911.0,6911.0,2434.0,1050.0,3110.0,1114.0
1.0,7025.0,3492.0,3497.0,2571.0,7884.0,7884.0,2450.0,1047.0,2635.0,857.0
1.0,6104.0,2750.0,3485.0,6911.0,3675.0,3675.0,2446.0,1039.0,1963.0,787.0
1.0,10265.0,2739.0,3458.0,7884.0,0.0,0.0,2425.0,1033.0,1764.0,975.0
1.0,15410.0,3462.0,3446.0,3675.0,0.0,0.0,2410.0,1036.0,2231.0,1231.0
1.0,15623.0,4203.0,3459.0,0.0,2416.0,2416.0,2415.0,1044.0,2902.0,1301.0
1.0,11420.0,4214.0,3487.0,0.0,6742.0,6742.0,2436.0,1051.0,3104.0,1110.0
1.0,7206.0,3484.0,3501.0,2416.0,7866.0,7866.0,2453.0,1048.0,2634.0,850.0
1.0,6138.0,2765.0,3488.0,6742.0,3837.0,3837.0,2448.0,1040.0,1978.0,787.0
1.0,10115.0,2781.0,3461.0,7866.0,0.0,0.0,2427.0,1034.0,1793.0,988.0
1.0,15200.0,3524.0,3449.0,3837.0,0.0,0.0,2412.0,1037.0,2275.0,1249.0
1.0,15513.0,4249.0,3464.0,0.0,2592.0,2592.0,2418.0,1046.0,2938.0,1311.0
1.0,11264.0,4227.0,3492.0,0.0,6931.0,6931.0,2440.0,1052.0,3114.0,1113.0
1.0,7037.0,3472.0,3505.0,2592.0,7863.0,7863.0,2456.0,1049.0,2619.0,853.0
1.0,6157.0,2744.0,3491.0,6931.0,3620.0,3620.0,2450.0,1041.0,1949.0,795.0
1.0,10344.0,2764.0,3464.0,7863.0,0.0,0.0,2429.0,1035.0,1774.0,990.0
1.0,15443.0,3505.0,3452.0,3620.0,0.0,0.0,2414.0,1038.0,2266.0,1239.0
1.0,15558.0,4241.0,3468.0,0.0,2555.0,2555.0,2421.0,1047.0,2942.0,1299.0
1.0,11317.0,4231.0,3496.0,0.0,6898.0,6898.0,2443.0,1053.0,3127.0,1104.0
1.0,7086.0,3484.0,3510.0,2555.0,7883.0,7883.0,2459.0,1051.0,2624.0,860.0
1.0,6157.0,2747.0,3496.0,6898.0,3676.0,3676.0,2454.0,1042.0,1943.0,804.0
1.0,10308.0,2752.0,3470.0,7883.0,0.0,0.0,2433.0,1037.0,1757.0,995.0
1.0,15439.0,3518.0,3457.0,3676.0,0.0,0.0,2417.0,1040.0,2275.0,1243.0
1.0,15597.0,4271.0,3472.0,0.0,2562.0,2562.0,2424.0,1048.0,2972.0,1299.0
1.0,11326.0,4262.0,3500.0,0.0,6936.0,6936.0,2446.0,1054.0,3151.0,1111.0
1.0,7064.0,3508.0,3514.0,2562.0,7938.0,7938.0,2462.0,1052.0,2640.0,868.0
1.0,6118.0,2764.0,3501.0,6936.0,3714.0,3714.0,2457.0,1044.0,1957.0,807.0
1.0,10290.0,2754.0,3474.0,7938.0,0.0,0.0,2436.0,1038.0,1767.0,987.0
1.0,15474.0,3495.0,3461.0,3714.0,0.0,0.0,2421.0,1040.0,2268.0,1227.0
1.0,15693.0,4242.0,3476.0,0.0,2453.0,2453.0,2427.0,1049.0,2954.0,1288.0
1.0,11451.0,4233.0,3505.0,0.0,6802.0,6802.0,2450.0,1055.0,3124.0,1109.0
1.0,7218.0,3479.0,3518.0,2453.0,7880.0,7880.0,2465.0,1053.0,2612.0,867.0
1.0,6192.0,2738.0,3505.0,6802.0,3764.0,3764.0,2460.0,1045.0,1932.0,806.0
1.0,10256.0,2759.0,3477.0,7880.0,0.0,0.0,2438.0,1039.0,1767.0,992.0
1.0,15377.0,3522.0,3464.0,3764.0,0.0,0.0,2422.0,1042.0,2282.0,1240.0
1.0,15619.0,4289.0,3479.0,0.0,2586.0,2586.0,2429.0,1050.0,2986.0,1303.0
1.0,11330.0,4291.0,3509.0,0.0,6997.0,6997.0,2452.0,1057.0,3169.0,1122.0
1.0,7039.0,3524.0,3522.0,2586.0,7987.0,7987.0,2468.0,1054.0,2649.0,875.0
1.0,6101.0,2752.0,3508.0,6997.0,3686.0,3686.0,2462.0,1046.0,1942.0,810.0
1.0,10346.0,2757.0,3481.0,7987.0,0.0,0.0,2441.0,1040.0,1763.0,994.0
1.0,15576.0,3497.0,3468.0,3686.0,0.0,0.0,2425.0,1043.0,2263.0,1234.0
1.0,15765.0,4249.0,3482.0,0.0,2412.0,2412.0,2431.0,1051.0,2958.0,1291.0
1.0,11516.0,4240.0,3512.0,0.0,6772.0,6772.0,2454.0,1058.0,3131.0,1109.0
1.0,7276.0,3498.0,3526.0,2412.0,7914.0,7914.0,2470.0,1056.0,2628.0,870.0
1.0,6190.0,2755.0,3512.0,6772.0,3841.0,3841.0,2465.0,1047.0,1943.0,812.0
1.0,10207.0,2771.0,3485.0,7914.0,0.0,0.0,2443.0,1042.0,1780.0,991.0
1.0,15350.0,3534.0,3472.0,3841.0,0.0,0.0,2428.0,1044.0,2304.0,1230.0
1.0,15657.0,4277.0,3487.0,0.0,2568.0,2568.0,2435.0,1052.0,2984.0,1293.0
1.0,11380.0,4273.0,3516.0,0.0,6957.0,6957.0,2457.0,1059.0,3150.0,1123.0
1.0,7107.0,3522.0,3530.0,2568.0,7967.0,7967.0,2473.0,1057.0,2628.0,894.0
1.0,6153.0,2782.0,3516.0,6957.0,3736.0,3736.0,2467.0,1049.0,1949.0,833.0
1.0,10328.0,2793.0,3488.0,7967.0,0.0,0.0,2445.0,1043.0,1793.0,1000.0
1.0,15502.0,3538.0,3475.0,3736.0,0.0,0.0,2430.0,1045.0,2313.0,1225.0
1.0,15700.0,4276.0,3491.0,0.0,2540.0,2540.0,2437.0,1054.0,2987.0,1289.0
1.0,11424.0,4269.0,3520.0,0.0,6925.0,6925.0,2460.0,1060.0,3149.0,1120.0
1.0,7155.0,3508.0,3534.0,2540.0,7949.0,7949.0,2476.0,1058.0,2628.0,880.0
1.0,6187.0,2750.0,3521.0,6925.0,3722.0,3722.0,2471.0,1050.0,1938.0,812.0
1.0,10362.0,2764.0,3493.0,7949.0,0.0,0.0,2449.0,1044.0,1778.0,986.0
1.0,15547.0,3526.0,3480.0,3722.0,0.0,0.0,2434.0,1046.0,2296.0,1230.0
1.0,15743.0,4289.0,3495.0,0.0,2526.0,2526.0,2440.0,1055.0,2988.0,1301.0
1.0,11454.0,4283.0,3525.0,0.0,6929.0,6929.0,2463.0,1062.0,3154.0,1129.0
1.0,7171.0,3522.0,3539.0,2526.0,7981.0,7981.0,2479.0,1060.0,2635.0,887.0
1.0,6175.0,2769.0,3524.0,6929.0,3761.0,3761.0,2473.0,1051.0,1957.0,812.0
1.0,10335.0,2786.0,3496.0,7981.0,0.0,0.0,2451.0,1045.0,1795.0,991.0
1.0,15530.0,3565.0,3484.0,3761.0,0.0,0.0,2436.0,1048.0,2323.0,1242.0
1.0,15726.0,4299.0,3499.0,0.0,2569.0,2569.0,2443.0,1056.0,2991.0,1308.0
1.0,11427.0,4264.0,3529.0,0.0,6953.0,6953.0,2466.0,1063.0,3138.0,1126.0
1.0,7163.0,3492.0,3543.0,2569.0,7932.0,7932.0,2482.0,1061.0,2610.0,882.0
1.0,6240.0,2765.0,3528.0,6953.0,3684.0,3684.0,2476.0,1052.0,1945.0,820.0
1.0,10428.0,2788.0,3501.0,7932.0,0.0,0.0,2454.0,1047.0,1792.0,996.0
1.0,15572.0,3545.0,3487.0,3684.0,0.0,0.0,2438.0,1049.0,2311.0,1234.0
1.0,15711.0,4279.0,3502.0,0.0,2576.0,2576.0,2445.0,1057.0,2988.0,1291.0
1.0,11432.0,4262.0,3532.0,0.0,6958.0,6958.0,2468.0,1064.0,3144.0,1118.0
1.0,7170.0,3527.0,3546.0,2576.0,7965.0,7965.0,2485.0,1061.0,2638.0,889.0
1.0,6219.0,2810.0,3533.0,6958.0,3765.0,3765.0,2479.0,1054.0,1980.0,830.0
1.0,10367.0,2826.0,3505.0,7965.0,0.0,0.0,2457.0,1048.0,1825.0,1001.0
1.0,15506.0,3555.0,3491.0,3765.0,0.0,0.0,2441.0,1050.0,2322.0,1233.0
1.0,15716.0,4270.0,3506.0,0.0,2578.0,2578.0,2448.0,1058.0,2977.0,1293.0
1.0,11446.0,4251.0,3534.0,0.0,6941.0,6941.0,2470.0,1064.0,3130.0,1121.0
1.0,7195.0,3524.0,3549.0,2578.0,7947.0,7947.0,2487.0,1062.0,2634.0,890.0
1.0,6249.0,2807.0,3536.0,6941.0,3761.0,3761.0,2481.0,1055.0,1979.0,828.0
1.0,10383.0,2809.0,3509.0,7947.0,0.0,0.0,2460.0,1049.0,1813.0,996.0
1.0,15521.0,3543.0,3496.0,3761.0,0.0,0.0,2444.0,1052.0,2314.0,1229.0
1.0,15739.0,4250.0,3511.0,0.0,2555.0,2555.0,2451.0,1060.0,2958.0,1292.0
1.0,11489.0,4240.0,3539.0,0.0,6907.0,6907.0,2473.0,1066.0,3118.0,1122.0
1.0,7249.0,3524.0,3554.0,2555.0,7936.0,7936.0,2490.0,1064.0,2633.0,891.0
1.0,6280.0,2827.0,3541.0,6907.0,3804.0,3804.0,2485.0,1056.0,1994.0,833.0
1.0,10360.0,2844.0,3512.0,7936.0,0.0,0.0,2462.0,1050.0,1834.0,1010.0
1.0,15452.0,3568.0,3499.0,3804.0,0.0,0.0,2446.0,1053.0,2322.0,1246.0
1.0,15688.0,4281.0,3513.0,0.0,2645.0,2645.0,2452.0,1061.0,2978.0,1303.0
1.0,11407.0,4278.0,3543.0,0.0,7043.0,7043.0,2476.0,1067.0,3155.0,1123.0
1.0,7129.0,3556.0,3558.0,2645.0,8014.0,8014.0,2493.0,1065.0,2670.0,886.0
1.0,6218.0,2825.0,3545.0,7043.0,3744.0,3744.0,2488.0,1057.0,1999.0,826.0
1.0,10436.0,2815.0,3518.0,8014.0,0.0,0.0,2466.0,1052.0,1812.0,1003.0
1.0,15635.0,3532.0,3504.0,3744.0,0.0,0.0,2450.0,1054.0,2294.0,1238.0
1.0,15847.0,4246.0,3518.0,0.0,2471.0,2471.0,2456.0,1062.0,2951.0,1295.0
1.0,11601.0,4241.0,3547.0,0.0,6828.0,6828.0,2479.0,1068.0,3123.0,1118.0
1.0,7360.0,3533.0,3562.0,2471.0,7950.0,7950.0,2496.0,1066.0,2651.0,882.0
1.0,6298.0,2845.0,3548.0,6828.0,3911.0,3911.0,2490.0,1058.0,2011.0,834.0
1.0,10281.0,2872.0,3521.0,7950.0,0.0,0.0,2468.0,1053.0,1855.0,1017.0
1.0,15359.0,3577.0,3507.0,3911.0,0.0,0.0,2452.0,1055.0,2327.0,1250.0
1.0,15693.0,4269.0,3522.0,0.0,2664.0,2664.0,2459.0,1063.0,2967.0,1302.0
1.0,11424.0,4257.0,3551.0,0.0,7037.0,7037.0,2482.0,1069.0,3134.0,1123.0
1.0,7167.0,3550.0,3565.0,2664.0,7979.0,7979.0,2498.0,1067.0,2658.0,892.0
1.0,6281.0,2865.0,3552.0,7037.0,3755.0,3755.0,2493.0,1059.0,2022.0,843.0
1.0,10453.0,2867.0,3525.0,7979.0,0.0,0.0,2471.0,1054.0,1847.0,1020.0
1.0,15565.0,3553.0,3512.0,3755.0,0.0,0.0,2455.0,1057.0,2308.0,1245.0
1.0,15767.0,4243.0,3526.0,0.0,2580.0,2580.0,2461.0,1065.0,2954.0,1289.0
1.0,11524.0,4247.0,3554.0,0.0,6939.0,6939.0,2484.0,1070.0,3140.0,1107.0
1.0,7277.0,3551.0,3569.0,2580.0,7970.0,7970.0,2501.0,1068.0,2672.0,879.0
1.0,6306.0,2856.0,3557.0,6939.0,3839.0,3839.0,2496.0,1061.0,2024.0,832.0
1.0,10389.0,2846.0,3529.0,7970.0,0.0,0.0,2474.0,1055.0,1835.0,1011.0
1.0,15513.0,3547.0,3514.0,3839.0,0.0,0.0,2457.0,1057.0,2300.0,1247.0
1.0,15805.0,4239.0,3528.0,0.0,2546.0,2546.0,2463.0,1065.0,2941.0,1298.0
1.0,11566.0,4248.0,3557.0,0.0,6910.0,6910.0,2486.0,1071.0,3128.0,1120.0
1.0,7318.0,3587.0,3572.0,2546.0,8011.0,8011.0,2503.0,1069.0,2688.0,899.0
1.0,6277.0,2906.0,3560.0,6910.0,3959.0,3959.0,2498.0,1062.0,2057.0,849.0
1.0,10281.0,2898.0,3532.0,8011.0,0.0,0.0,2476.0,1056.0,1878.0,1020.0
1.0,15394.0,3568.0,3519.0,3959.0,0.0,0.0,2461.0,1058.0,2324.0,1244.0
1.0,15785.0,4233.0,3533.0,0.0,2580.0,2580.0,2467.0,1066.0,2941.0,1292.0
1.0,11552.0,4225.0,3562.0,0.0,6921.0,6921.0,2490.0,1072.0,3109.0,1116.0
1.0,7327.0,3549.0,3576.0,2580.0,7946.0,7946.0,2506.0,1070.0,2656.0,893.0
1.0,6358.0,2861.0,3564.0,6921.0,3838.0,3838.0,2501.0,1063.0,2017.0,844.0
1.0,10418.0,2851.0,3535.0,7946.0,0.0,0.0,2478.0,1057.0,1834.0,1017.0
1.0,15513.0,3550.0,3522.0,3838.0,0.0,0.0,2462.0,1060.0,2307.0,1243.0
1.0,15801.0,4268.0,3536.0,0.0,2611.0,2611.0,2469.0,1067.0,2974.0,1294.0
1.0,11533.0,4298.0,3565.0,0.0,7025.0,7025.0,2492.0,1073.0,3170.0,1128.0
1.0,7235.0,3617.0,3580.0,2611.0,8091.0,8091.0,2509.0,1071.0,2710.0,907.0
1.0,6229.0,2894.0,3567.0,7025.0,3908.0,3908.0,2503.0,1064.0,2046.0,848.0
1.0,10360.0,2853.0,3541.0,8091.0,0.0,0.0,2482.0,1059.0,1842.0,1011.0
1.0,15598.0,3524.0,3526.0,3908.0,0.0,0.0,2465.0,1061.0,2291.0,1233.0
1.0,15982.0,4250.0,3540.0,0.0,2428.0,2428.0,2471.0,1069.0,2949.0,1301.0
1.0,11732.0,4291.0,3569.0,0.0,6835.0,6835.0,2494.0,1075.0,3152.0,1139.0
1.0,7441.0,3591.0,3584.0,2428.0,8058.0,8058.0,2511.0,1073.0,2685.0,906.0
1.0,6278.0,2860.0,3570.0,6835.0,4027.0,4027.0,2505.0,1065.0,2024.0,836.0
1.0,10253.0,2826.0,3543.0,8058.0,0.0,0.0,2483.0,1060.0,1823.0,1003.0
1.0,15485.0,3542.0,3530.0,4027.0,0.0,0.0,2468.0,1062.0,2301.0,1241.0
1.0,15970.0,4291.0,3544.0,0.0,2497.0,2497.0,2474.0,1070.0,2982.0,1309.0
1.0,11679.0,4327.0,3573.0,0.0,6940.0,6940.0,2497.0,1076.0,3186.0,1141.0
1.0,7352.0,3614.0,3588.0,2497.0,8117.0,8117.0,2514.0,1074.0,2708.0,906.0
1.0,6235.0,2883.0,3575.0,6940.0,4008.0,4008.0,2509.0,1066.0,2034.0,849.0
1.0,10292.0,2850.0,3547.0,8117.0,0.0,0.0,2486.0,1061.0,1831.0,1019.0
1.0,15559.0,3565.0,3533.0,4008.0,0.0,0.0,2470.0,1063.0,2317.0,1248.0
1.0,16002.0,4301.0,3548.0,0.0,2491.0,2491.0,2477.0,1071.0,2999.0,1302.0
1.0,11701.0,4326.0,3577.0,0.0,6933.0,6933.0,2500.0,1077.0,3202.0,1124.0
1.0,7375.0,3616.0,3592.0,2491.0,8118.0,8118.0,2517.0,1075.0,2719.0,897.0
1.0,6250.0,2861.0,3579.0,6933.0,3994.0,3994.0,2512.0,1067.0,2022.0,839.0
1.0,10322.0,2817.0,3552.0,8118.0,0.0,0.0,2490.0,1062.0,1800.0,1017.0
1.0,15623.0,3523.0,3538.0,3994.0,0.0,0.0,2474.0,1064.0,2276.0,1247.0
1.0,16094.0,4275.0,3553.0,0.0,2393.0,2393.0,2480.0,1073.0,2974.0,1301.0
1.0,11819.0,4320.0,3581.0,0.0,6825.0,6825.0,2503.0,1078.0,3194.0,1126.0
1.0,7499.0,3621.0,3595.0,2393.0,8109.0,8109.0,2519.0,1076.0,2717.0,904.0
1.0,6271.0,2893.0,3582.0,6825.0,4125.0,4125.0,2514.0,1068.0,2035.0,858.0
1.0,10203.0,2869.0,3555.0,8109.0,0.0,0.0,2492.0,1063.0,1838.0,1031.0
1.0,15443.0,3584.0,3542.0,4125.0,0.0,0.0,2476.0,1066.0,2326.0,1258.0
1.0,15984.0,4315.0,3557.0,0.0,2559.0,2559.0,2483.0,1074.0,3011.0,1304.0
1.0,11669.0,4327.0,3585.0,0.0,6998.0,6998.0,2506.0,1079.0,3200.0,1127.0
1.0,7342.0,3608.0,3599.0,2559.0,8103.0,8103.0,2522.0,1077.0,2703.0,905.0
1.0,6293.0,2861.0,3586.0,6998.0,3914.0,3914.0,2516.0,1070.0,2006.0,855.0
1.0,10430.0,2828.0,3558.0,8103.0,0.0,0.0,2494.0,1064.0,1803.0,1025.0
1.0,15705.0,3528.0,3545.0,3914.0,0.0,0.0,2478.0,1067.0,2285.0,1243.0
1.0,16091.0,4283.0,3559.0,0.0,2428.0,2428.0,2484.0,1075.0,2992.0,1291.0
1.0,11808.0,4337.0,3588.0,0.0,6881.0,6881.0,2507.0,1081.0,3215.0,1122.0
1.0,7471.0,3647.0,3602.0,2428.0,8156.0,8156.0,2524.0,1078.0,2742.0,905.0
1.0,6252.0,2907.0,3590.0,6881.0,4134.0,4134.0,2519.0,1071.0,2046.0,861.0
1.0,10226.0,2866.0,3564.0,8156.0,0.0,0.0,2498.0,1066.0,1825.0,1041.0
1.0,15516.0,3576.0,3551.0,4134.0,0.0,0.0,2482.0,1069.0,2310.0,1266.0
1.0,16074.0,4315.0,3565.0,0.0,2501.0,2501.0,2488.0,1077.0,3008.0,1307.0
1.0,11759.0,4349.0,3593.0,0.0,6962.0,6962.0,2511.0,1082.0,3224.0,1125.0
1.0,7410.0,3640.0,3607.0,2501.0,8157.0,8157.0,2527.0,1080.0,2734.0,906.0
1.0,6271.0,2895.0,3595.0,6962.0,4042.0,4042.0,2522.0,1073.0,2031.0,864.0
1.0,10338.0,2859.0,3568.0,8157.0,0.0,0.0,2500.0,1068.0,1822.0,1037.0
1.0,15636.0,3560.0,3555.0,4042.0,0.0,0.0,2485.0,1070.0,2309.0,1251.0
1.0,16118.0,4302.0,3569.0,0.0,2460.0,2460.0,2491.0,1078.0,3006.0,1296.0
1.0,11816.0,4329.0,3597.0,0.0,6901.0,6901.0,2514.0,1083.0,3209.0,1120.0
1.0,7487.0,3617.0,3612.0,2460.0,8118.0,8118.0,2531.0,1081.0,2719.0,898.0
1.0,6330.0,2880.0,3600.0,6901.0,4049.0,4049.0,2526.0,1074.0,2025.0,855.0
1.0,10351.0,2865.0,3573.0,8118.0,0.0,0.0,2504.0,1069.0,1825.0,1040.0
1.0,15604.0,3588.0,3559.0,4049.0,0.0,0.0,2488.0,1071.0,2317.0,1271.0
1.0,16065.0,4335.0,3573.0,0.0,2562.0,2562.0,2494.0,1079.0,3022.0,1313.0
1.0,11730.0,4372.0,3601.0,0.0,7046.0,7046.0,2516.0,1085.0,3242.0,1130.0
1.0,7358.0,3652.0,3617.0,2562.0,8200.0,8200.0,2534.0,1083.0,2750.0,902.0
1.0,6268.0,2903.0,3604.0,7046.0,4005.0,4005.0,2529.0,1075.0,2044.0,859.0
1.0,10411.0,2860.0,3577.0,8200.0,0.0,0.0,2507.0,1070.0,1819.0,1041.0
1.0,15751.0,3559.0,3564.0,4005.0,0.0,0.0,2491.0,1073.0,2298.0,1261.0
1.0,16197.0,4302.0,3577.0,0.0,2413.0,2413.0,2497.0,1080.0,3001.0,1301.0
1.0,11895.0,4332.0,3606.0,0.0,6861.0,6861.0,2520.0,1086.0,3212.0,1120.0
1.0,7563.0,3632.0,3621.0,2413.0,8140.0,8140.0,2537.0,1084.0,2729.0,903.0
1.0,6344.0,2898.0,3609.0,6861.0,4129.0,4129.0,2532.0,1077.0,2035.0,863.0
1.0,10307.0,2878.0,3582.0,8140.0,0.0,0.0,2510.0,1072.0,1831.0,1047.0
1.0,15569.0,3596.0,3568.0,4129.0,0.0,0.0,2494.0,1074.0,2329.0,1267.0
1.0,16102.0,4336.0,3582.0,0.0,2562.0,2562.0,2500.0,1082.0,3029.0,1307.0
1.0,11766.0,4372.0,3610.0,0.0,7046.0,7046.0,2523.0,1087.0,3243.0,1129.0
1.0,7394.0,3661.0,3626.0,2562.0,8209.0,8209.0,2541.0,1085.0,2751.0,910.0
1.0,6295.0,2911.0,3614.0,7046.0,4026.0,4026.0,2536.0,1078.0,2045.0,866.0
1.0,10430.0,2864.0,3586.0,8209.0,0.0,0.0,2513.0,1073.0,1824.0,1040.0
1.0,15775.0,3565.0,3571.0,4026.0,0.0,0.0,2496.0,1075.0,2307.0,1258.0
1.0,16236.0,4310.0,3584.0,0.0,2410.0,2410.0,2501.0,1083.0,3007.0,1303.0
1.0,11926.0,4353.0,3612.0,0.0,6875.0,6875.0,2524.0,1088.0,3228.0,1125.0
1.0,7573.0,3655.0,3629.0,2410.0,8188.0,8188.0,2543.0,1086.0,2752.0,903.0
1.0,6328.0,2915.0,3618.0,6875.0,4184.0,4184.0,2539.0,1079.0,2055.0,860.0
1.0,10288.0,2877.0,3591.0,8188.0,0.0,0.0,2517.0,1074.0,1835.0,1042.0
1.0,15599.0,3589.0,3577.0,4184.0,0.0,0.0,2500.0,1077.0,2316.0,1273.0
1.0,16194.0,4323.0,3590.0,0.0,2489.0,2489.0,2505.0,1085.0,3006.0,1317.0
1.0,11871.0,4370.0,3618.0,0.0,6971.0,6971.0,2528.0,1090.0,3232.0,1138.0
1.0,7501.0,3679.0,3634.0,2489.0,8225.0,8225.0,2546.0,1088.0,2764.0,915.0
1.0,6311.0,2944.0,3621.0,6971.0,4146.0,4146.0,2541.0,1080.0,2079.0,865.0
1.0,10338.0,2900.0,3594.0,8225.0,0.0,0.0,2519.0,1075.0,1857.0,1043.0
1.0,15663.0,3596.0,3580.0,4146.0,0.0,0.0,2502.0,1078.0,2328.0,1268.0
1.0,16213.0,4318.0,3594.0,0.0,2481.0,2481.0,2508.0,1086.0,3008.0,1310.0
1.0,11895.0,4348.0,3623.0,0.0,6945.0,6945.0,2532.0,1091.0,3219.0,1129.0
1.0,7547.0,3641.0,3639.0,2481.0,8169.0,8169.0,2550.0,1089.0,2741.0,900.0
1.0,6387.0,2907.0,3626.0,6945.0,4079.0,4079.0,2545.0,1081.0,2050.0,857.0
1.0,10425.0,2869.0,3599.0,8169.0,0.0,0.0,2523.0,1076.0,1831.0,1038.0
1.0,15725.0,3576.0,3585.0,4079.0,0.0,0.0,2506.0,1079.0,2316.0,1260.0
1.0,16228.0,4334.0,3598.0,0.0,2498.0,2498.0,2511.0,1087.0,3022.0,1312.0
1.0,11894.0,4389.0,3626.0,0.0,6999.0,6999.0,2534.0,1092.0,3250.0,1139.0
1.0,7505.0,3698.0,3642.0,2498.0,8263.0,8263.0,2552.0,1090.0,2778.0,920.0
1.0,6305.0,2952.0,3630.0,6999.0,4168.0,4168.0,2548.0,1082.0,2081.0,871.0
1.0,10352.0,2902.0,3603.0,8263.0,0.0,0.0,2526.0,1077.0,1855.0,1047.0
1.0,15713.0,3600.0,3589.0,4168.0,0.0,0.0,2509.0,1080.0,2328.0,1272.0
1.0,16281.0,4343.0,3602.0,0.0,2470.0,2470.0,2514.0,1088.0,3024.0,1319.0
1.0,11938.0,4368.0,3630.0,0.0,6950.0,6950.0,2537.0,1093.0,3233.0,1135.0
1.0,7570.0,3646.0,3646.0,2470.0,8190.0,8190.0,2555.0,1091.0,2740.0,906.0
1.0,6394.0,2898.0,3633.0,6950.0,4086.0,4086.0,2550.0,1083.0,2036.0,862.0
1.0,10446.0,2876.0,3605.0,8190.0,0.0,0.0,2527.0,1078.0,1835.0,1041.0
1.0,15760.0,3610.0,3592.0,4086.0,0.0,0.0,2511.0,1081.0,2345.0,1265.0
1.0,16236.0,4356.0,3606.0,0.0,2544.0,2544.0,2517.0,1089.0,3047.0,1309.0
1.0,11880.0,4375.0,3634.0,0.0,7031.0,7031.0,2540.0,1094.0,3240.0,1135.0
1.0,7505.0,3648.0,3650.0,2544.0,8199.0,8199.0,2558.0,1092.0,2736.0,912.0
1.0,6401.0,2926.0,3637.0,7031.0,4042.0,4042.0,2553.0,1084.0,2058.0,868.0
1.0,10506.0,2917.0,3610.0,8199.0,0.0,0.0,2531.0,1079.0,1869.0,1048.0
1.0,15788.0,3650.0,3596.0,4042.0,0.0,0.0,2514.0,1082.0,2372.0,1278.0
1.0,16180.0,4388.0,3610.0,0.0,2648.0,2648.0,2520.0,1090.0,3062.0,1326.0
1.0,11792.0,4379.0,3639.0,0.0,7143.0,7143.0,2543.0,1096.0,3237.0,1142.0
1.0,7413.0,3632.0,3653.0,2648.0,8183.0,8183.0,2560.0,1093.0,2722.0,910.0
1.0,6429.0,2912.0,3640.0,7143.0,3900.0,3900.0,2555.0,1085.0,2046.0,866.0
1.0,10660.0,2909.0,3614.0,8183.0,0.0,0.0,2533.0,1081.0,1860.0,1049.0
1.0,15934.0,3636.0,3601.0,3900.0,0.0,0.0,2517.0,1084.0,2358.0,1278.0
1.0,16198.0,4362.0,3615.0,0.0,2624.0,2624.0,2523.0,1092.0,3044.0,1318.0
1.0,11836.0,4350.0,3643.0,0.0,7086.0,7086.0,2546.0,1097.0,3219.0,1131.0
1.0,7486.0,3624.0,3657.0,2624.0,8142.0,8142.0,2563.0,1094.0,2719.0,905.0
1.0,6486.0,2906.0,3643.0,7086.0,3906.0,3906.0,2557.0,1086.0,2042.0,864.0
1.0,10666.0,2937.0,3616.0,8142.0,0.0,0.0,2535.0,1081.0,1886.0,1051.0
1.0,15871.0,3691.0,3603.0,3906.0,0.0,0.0,2519.0,1084.0,2402.0,1289.0
1.0,16086.0,4414.0,3618.0,0.0,2800.0,2800.0,2526.0,1092.0,3085.0,1329.0
1.0,11672.0,4393.0,3647.0,0.0,7309.0,7309.0,2549.0,1098.0,3258.0,1135.0
1.0,7279.0,3639.0,3662.0,2800.0,8208.0,8208.0,2567.0,1095.0,2739.0,900.0
1.0,6440.0,2899.0,3648.0,7309.0,3742.0,3742.0,2561.0,1087.0,2039.0,860.0
1.0,10850.0,2902.0,3621.0,8208.0,0.0,0.0,2539.0,1082.0,1847.0,1055.0
1.0,16156.0,3642.0,3608.0,3742.0,0.0,0.0,2522.0,1086.0,2352.0,1290.0
1.0,16256.0,4381.0,3622.0,0.0,2613.0,2613.0,2528.0,1094.0,3051.0,1330.0
1.0,11875.0,4381.0,3650.0,0.0,7106.0,7106.0,2551.0,1099.0,3249.0,1132.0
1.0,7494.0,3645.0,3665.0,2613.0,8198.0,8198.0,2569.0,1096.0,2753.0,892.0
1.0,6462.0,2915.0,3652.0,7106.0,3955.0,3955.0,2564.0,1088.0,2058.0,857.0
1.0,10653.0,2941.0,3625.0,8198.0,0.0,0.0,2542.0,1083.0,1874.0,1067.0
1.0,15910.0,3683.0,3612.0,3955.0,0.0,0.0,2525.0,1087.0,2374.0,1309.0
1.0,16182.0,4409.0,3626.0,0.0,2731.0,2731.0,2531.0,1095.0,3065.0,1344.0
1.0,11773.0,4391.0,3654.0,0.0,7234.0,7234.0,2554.0,1100.0,3254.0,1137.0
1.0,7382.0,3641.0,3668.0,2731.0,8200.0,8200.0,2571.0,1097.0,2752.0,889.0
1.0,6472.0,2913.0,3655.0,7234.0,3827.0,3827.0,2566.0,1089.0,2062.0,851.0
1.0,10793.0,2923.0,3628.0,8200.0,0.0,0.0,2544.0,1084.0,1860.0,1063.0
1.0,16070.0,3670.0,3615.0,3827.0,0.0,0.0,2527.0,1088.0,2364.0,1306.0
1.0,16227.0,4395.0,3629.0,0.0,2684.0,2684.0,2533.0,1096.0,3060.0,1335.0
1.0,11832.0,4379.0,3658.0,0.0,7179.0,7179.0,2557.0,1101.0,3258.0,1121.0
1.0,7453.0,3633.0,3672.0,2684.0,8184.0,8184.0,2574.0,1098.0,2755.0,878.0
1.0,6504.0,2916.0,3660.0,7179.0,3873.0,3873.0,2570.0,1090.0,2060.0,856.0
1.0,10767.0,2936.0,3633.0,8184.0,0.0,0.0,2547.0,1086.0,1860.0,1076.0
1.0,16015.0,3681.0,3619.0,3873.0,0.0,0.0,2530.0,1089.0,2363.0,1318.0
1.0,16207.0,4411.0,3633.0,0.0,2736.0,2736.0,2536.0,1097.0,3069.0,1342.0
1.0,11796.0,4413.0,3661.0,0.0,7261.0,7261.0,2559.0,1102.0,3281.0,1132.0
1.0,7383.0,3676.0,3677.0,2736.0,8265.0,8265.0,2577.0,1100.0,2784.0,892.0
1.0,6443.0,2937.0,3664.0,7261.0,3889.0,3889.0,2572.0,1092.0,2075.0,862.0
1.0,10767.0,2942.0,3637.0,8265.0,0.0,0.0,2550.0,1087.0,1865.0,1077.0
1.0,16090.0,3681.0,3623.0,3889.0,0.0,0.0,2533.0,1090.0,2366.0,1315.0
1.0,16298.0,4410.0,3638.0,0.0,2664.0,2664.0,2539.0,1099.0,3068.0,1342.0
1.0,11888.0,4380.0,3663.880106835628,0.0,7148.0,7148.0,2750.510253337861,913.3698534977673,3257.0,1123.0
1.0,7508.0,3628.0,2935.7833705207568,2664.0,5199.0,5199.0,2046.4616561526825,889.3217143680744,2752.0,876.0
1.0,6544.0,2887.0,2909.0382972625002,7148.0,831.0,831.0,1860.6642350193472,1048.3740622431528,2044.0,843.0
1.0,10805.0,2912.0,3639.2905709065967,5199.0,1465.0,1465.0,2346.6841276881128,1292.606443218484,1850.0,1062.0
1.0,13092.0,3695.0,4427.024973542913,831.0,7480.0,7480.0,3095.5863974050385,1331.4385761378749,2378.0,1317.0
1.0,10228.0,4466.0,4391.686457183361,1465.0,10340.0,10340.0,3256.345517899633,1135.3409392837284,3105.0,1361.0
1.0,7227.0,4446.0,3659.8476622706985,7480.0,4379.0,4379.0,2749.1476821046413,910.6999801660572,3305.0,1141.0
1.0,10261.0,3675.0,2932.666519633136,10340.0,0.0,0.0,2046.0862821868623,886.5802374462737,2788.0,887.0
1.0,16926.0,2913.0,2908.852064179451,4379.0,0.0,0.0,1860.0012318510874,1048.8508323283638,2061.0,852.0
1.0,18392.0,2924.0,3647.8596580574986,0.0,0.0,0.0,2353.074399689308,1294.7852583681906,1853.0,1071.0
1.0,15468.0,3695.0,4431.771487770154,0.0,5954.0,5954.0,3099.307061078546,1332.4644266916075,2366.0,1329.0
1.0,11773.0,4443.0,4392.563126383449,0.0,10241.0,10241.0,3258.3469995780424,1134.2161268054074,3081.0,1362.0
1.0,7330.0,4415.0,3665.378845695902,5954.0,5792.0,5792.0,2754.765627116076,910.6132185798259,3281.0,1134.0
1.0,8869.0,3646.0,2935.2044918965025,10241.0,0.0,0.0,2046.978372262395,888.2261196341077,2770.0,876.0
1.0,15464.0,2902.0,2906.180062867246,5792.0,0.0,0.0,1857.3780645135362,1048.8019983537097,2060.0,842.0
1.0,18354.0,2926.0,3643.7982094266927,0.0,0.0,0.0,2347.261865418257,1296.5363440084357,1856.0,1070.0
1.0,15428.0,3699.0,4435.30579952176,0.0,6012.0,6012.0,3100.6227380377863,1334.6830614839735,2371.0,1328.0
1.0,11729.0,4440.0,4395.227014887975,0.0,10292.0,10292.0,3261.0999983970387,1134.1270164909363,3079.0,1361.0
1.0,7289.0,4416.0,3665.7286363422472,6012.0,5778.0,5778.0,2756.103226530287,909.62540981196,3283.0,1133.0
1.0,8885.0,3642.0,2933.362756310332,10292.0,0.0,0.0,2047.253721593441,886.1090347168907,2768.0,874.0
1.0,15535.0,2914.0,2904.0448062340524,5778.0,0.0,0.0,1854.442598343766,1049.6022078902865,2070.0,844.0
1.0,18399.0,2970.0,3650.304274941989,0.0,0.0,0.0,2352.1248867923427,1298.1793881496465,1890.0,1080.0
1.0,15429.0,3746.0,4443.422533199676,0.0,6090.0,6090.0,3107.4160068475003,1336.0065263521753,2404.0,1342.0
1.0,11683.0,4466.0,4396.248734350451,0.0,10368.0,10368.0,3263.0188450572114,1133.229889293239,3099.0,1367.0
1.0,7217.0,4418.0,3669.190647486862,6090.0,5788.0,5788.0,2759.1094049796257,910.0812425072362,3288.0,1130.0
1.0,8889.0,3646.0,2934.984884954106,10368.0,0.0,0.0,2046.7823613398155,888.2025236142904,2772.0,874.0
1.0,15611.0,2905.0,2906.6658408726735,5788.0,0.0,0.0,1856.1036501199183,1050.5621907527552,2058.0,847.0
1.0,18494.0,2927.0,3650.462722451058,0.0,0.0,0.0,2350.705771833629,1299.756950617429,1850.0,1077.0
1.0,15567.0,3680.0,4444.467643117461,0.0,5890.0,5890.0,3107.6999548356966,1336.7676882817645,2350.0,1330.0
1.0,11887.0,4429.0,4396.770484624268,0.0,10129.0,10129.0,3264.2865014008007,1132.4839832234672,3071.0,1358.0
1.0,7458.0,4441.0,3668.0466384393644,5890.0,5765.0,5765.0,2759.1573157082844,908.88932273108,3298.0,1143.0
1.0,8907.0,3708.0,2937.7037486311383,10129.0,0.0,0.0,2050.32871677173,887.3750318594086,2814.0,894.0
1.0,15328.0,2968.0,2909.3729754472083,5765.0,0.0,0.0,1857.4467988272424,1051.9261766199659,2107.0,861.0
1.0,18125.0,2970.0,3656.177264451474,0.0,0.0,0.0,2355.06681569085,1301.1104487606242,1892.0,1078.0
1.0,15155.0,3707.0,4448.652142635662,0.0,6347.0,6347.0,3110.9097538818337,1337.7423887538287,2378.0,1329.0
1.0,11448.0,4436.0,4401.345081089554,0.0,10593.0,10593.0,3268.1866105327936,1133.1584705567598,3071.0,1365.0
1.0,7012.0,4424.0,3676.515310950565,6347.0,5772.0,5772.0,2766.2768939417397,910.2384170088254,3278.0,1146.0
1.0,8935.0,3671.0,2947.6776600913836,10593.0,0.0,0.0,2057.1388532347673,890.5388068566162,2784.0,887.0
1.0,15857.0,2920.0,2906.5811330710694,5772.0,0.0,0.0,1854.820884314883,1051.7602487561865,2077.0,843.0
1.0,18709.0,2932.0,3653.5390593088187,0.0,0.0,0.0,2353.3296740404417,1300.2093852683768,1874.0,1058.0
1.0,15777.0,3695.0,4447.105364275076,0.0,5706.0,5706.0,3108.4287253688694,1338.6766389062063,2374.0,1321.0
1.0,12082.0,4445.0,4404.2410678802225,0.0,9980.0,9980.0,3269.509210372551,1134.7318575076713,3079.0,1366.0
1.0,7637.0,4447.0,3680.3430009310837,5706.0,5825.0,5825.0,2768.3096934129653,912.0333075181182,3299.0,1148.0
1.0,8896.0,3702.0,2945.390219620469,9980.0,0.0,0.0,2056.8398232568725,888.5503963635963,2811.0,891.0
1.0,15174.0,2945.0,2910.507434701575,5825.0,0.0,0.0,1859.187985692556,1051.3194490090195,2093.0,852.0
1.0,18054.0,2951.0,3658.906017810291,0.0,0.0,0.0,2357.3289767868287,1301.5770410234622,1878.0,1073.0
1.0,15103.0,3710.0,4453.418732760052,0.0,6420.0,6420.0,3111.886649243702,1341.5320835163502,2377.0,1333.0
1.0,11393.0,4460.0,4408.990525794137,0.0,10703.0,10703.0,3272.338800425205,1136.6517253689317,3087.0,1373.0
1.0,6933.0,4468.0,3687.571682753442,6420.0,5866.0,5866.0,2774.9840644969713,912.5876182564706,3313.0,1155.0
1.0,8885.0,3716.0,2956.3429097883018,10703.0,0.0,0.0,2066.364704129699,889.978205658603,2822.0,894.0
2.0,0.0,1324.0,1324.0,0.0,5296.0,5296.0,936.0,388.0,936.0,388.0
2.0,0.0,1328.0,1326.0,0.0,5304.0,5304.0,938.0,388.0,940.0,388.0
2.0,0.0,1352.0,1335.0,5296.0,4048.0,4048.0,943.0,392.0,952.0,400.0
2.0,1292.0,1344.0,1337.0,5304.0,96.0,96.0,943.0,394.0,944.0,400.0
2.0,5252.0,0.0,1069.0,4048.0,0.0,0.0,754.0,315.0,0.0,0.0
2.0,9300.0,0.0,892.0,96.0,0.0,0.0,629.0,263.0,0.0,0.0
2.0,9396.0,0.0,764.0,0.0,0.0,0.0,539.0,225.0,0.0,0.0
2.0,9396.0,0.0,669.0,0.0,0.0,0.0,472.0,197.0,0.0,0.0
2.0,9396.0,0.0,594.0,0.0,0.0,0.0,419.0,175.0,0.0,0.0
2.0,9396.0,0.0,535.0,0.0,0.0,0.0,377.0,158.0,0.0,0.0
2.0,9396.0,0.0,486.0,0.0,0.0,0.0,343.0,143.0,0.0,0.0
2.0,9396.0,62.0,451.0,0.0,0.0,0.0,316.0,135.0,17.0,45.0
2.0,9334.0,401.0,447.0,0.0,0.0,0.0,310.0,137.0,246.0,155.0
2.0,8933.0,695.0,465.0,0.0,0.0,0.0,323.0,142.0,483.0,212.0
2.0,8238.0,650.0,477.0,0.0,0.0,0.0,333.0,144.0,484.0,166.0
2.0,7588.0,313.0,467.0,0.0,0.0,0.0,329.0,138.0,256.0,57.0
2.0,7275.0,21.0,440.0,0.0,0.0,0.0,310.0,130.0,17.0,4.0
2.0,7254.0,58.0,419.0,0.0,0.0,0.0,293.0,126.0,6.0,52.0
2.0,7196.0,392.0,417.0,0.0,0.0,0.0,290.0,127.0,237.0,155.0
2.0,6804.0,681.0,431.0,0.0,0.0,0.0,300.0,131.0,475.0,206.0
2.0,6123.0,634.0,440.0,0.0,0.0,0.0,308.0,132.0,481.0,153.0
2.0,5489.0,290.0,434.0,0.0,0.0,0.0,305.0,129.0,239.0,51.0
2.0,5199.0,1.0,415.0,0.0,0.0,0.0,292.0,123.0,1.0,0.0
2.0,5198.0,45.0,400.0,0.0,0.0,0.0,280.0,120.0,1.0,44.0
2.0,5153.0,389.0,399.0,0.0,0.0,0.0,278.0,121.0,244.0,145.0
2.0,4764.0,693.0,410.0,0.0,0.0,0.0,286.0,124.0,487.0,206.0
2.0,4071.0,651.0,420.0,0.0,0.0,0.0,294.0,126.0,484.0,167.0
2.0,3420.0,316.0,416.0,0.0,0.0,0.0,292.0,124.0,246.0,70.0
2.0,3104.0,35.0,403.0,0.0,0.0,0.0,283.0,120.0,19.0,16.0
2.0,3069.0,87.0,392.0,0.0,0.0,0.0,274.0,118.0,28.0,59.0
2.0,2982.0,424.0,393.0,0.0,0.0,0.0,274.0,119.0,269.0,155.0
2.0,2558.0,694.0,403.0,0.0,0.0,0.0,281.0,122.0,490.0,204.0
2.0,1864.0,626.0,409.0,0.0,398.0,398.0,286.0,123.0,472.0,154.0
2.0,1238.0,294.0,406.0,0.0,680.0,680.0,285.0,121.0,237.0,57.0
2.0,944.0,31.0,396.0,398.0,273.0,273.0,278.0,118.0,22.0,9.0
2.0,1311.0,80.0,386.0,680.0,0.0,0.0,270.0,116.0,25.0,55.0
2.0,1911.0,393.0,387.0,273.0,0.0,0.0,270.0,117.0,246.0,147.0
2.0,1791.0,643.0,394.0,0.0,428.0,428.0,275.0,119.0,451.0,192.0
2.0,1148.0,589.0,399.0,0.0,1037.0,1037.0,279.0,120.0,439.0,150.0
2.0,559.0,301.0,396.0,428.0,898.0,898.0,278.0,118.0,238.0,63.0
2.0,686.0,68.0,388.0,1037.0,0.0,0.0,272.0,116.0,46.0,22.0
2.0,1655.0,125.0,382.0,898.0,0.0,0.0,267.0,115.0,58.0,67.0
2.0,2428.0,441.0,383.0,0.0,0.0,0.0,267.0,116.0,281.0,160.0
2.0,1987.0,697.0,390.0,0.0,270.0,270.0,272.0,118.0,488.0,209.0
2.0,1290.0,622.0,396.0,0.0,916.0,916.0,277.0,119.0,463.0,159.0
2.0,668.0,290.0,393.0,270.0,924.0,924.0,276.0,117.0,230.0,60.0
2.0,648.0,42.0,385.0,916.0,18.0,18.0,270.0,115.0,31.0,11.0
2.0,1522.0,114.0,380.0,924.0,0.0,0.0,266.0,114.0,51.0,63.0
2.0,2332.0,427.0,381.0,18.0,0.0,0.0,266.0,115.0,267.0,160.0
2.0,1923.0,668.0,387.0,0.0,293.0,293.0,270.0,117.0,466.0,202.0
2.0,1255.0,590.0,390.0,0.0,895.0,895.0,273.0,117.0,444.0,146.0
2.0,665.0,274.0,388.0,293.0,868.0,868.0,272.0,116.0,222.0,52.0
2.0,684.0,48.0,364.0,895.0,0.0,0.0,255.0,109.0,32.0,16.0
2.0,1531.0,156.0,341.0,868.0,0.0,0.0,238.0,103.0,75.0,81.0
2.0,2243.0,490.0,325.0,0.0,0.0,0.0,226.0,99.0,309.0,181.0
2.0,1753.0,726.0,313.0,0.0,225.0,225.0,218.0,95.0,512.0,214.0
2.0,1027.0,632.0,325.0,0.0,905.0,905.0,227.0,98.0,486.0,146.0
2.0,395.0,289.0,331.0,225.0,993.0,993.0,232.0,99.0,245.0,44.0
2.0,331.0,48.0,331.0,905.0,136.0,136.0,232.0,99.0,32.0,16.0
2.0,1188.0,135.0,334.0,993.0,0.0,0.0,233.0,101.0,54.0,81.0
2.0,2046.0,454.0,343.0,136.0,0.0,0.0,239.0,104.0,276.0,178.0
2.0,1728.0,680.0,356.0,0.0,376.0,376.0,248.0,108.0,480.0,200.0
2.0,1048.0,575.0,366.0,0.0,991.0,991.0,256.0,110.0,450.0,125.0
2.0,473.0,261.0,370.0,376.0,892.0,892.0,260.0,110.0,223.0,38.0
2.0,588.0,58.0,364.0,991.0,0.0,0.0,256.0,108.0,29.0,29.0
2.0,1521.0,179.0,354.0,892.0,0.0,0.0,248.0,106.0,72.0,107.0
2.0,2234.0,514.0,351.0,0.0,0.0,0.0,245.0,106.0,319.0,195.0
2.0,1720.0,726.0,359.0,0.0,442.0,442.0,250.0,109.0,520.0,206.0
2.0,994.0,613.0,371.0,0.0,1103.0,1103.0,259.0,112.0,484.0,129.0
2.0,381.0,292.0,376.0,442.0,973.0,973.0,264.0,112.0,245.0,47.0
2.0,531.0,70.0,369.0,1103.0,0.0,0.0,260.0,109.0,38.0,32.0
2.0,1564.0,179.0,359.0,973.0,0.0,0.0,252.0,107.0,76.0,103.0
2.0,2358.0,497.0,357.0,0.0,0.0,0.0,249.0,108.0,311.0,186.0
2.0,1861.0,700.0,365.0,0.0,299.0,299.0,254.0,111.0,500.0,200.0
2.0,1161.0,563.0,376.0,0.0,906.0,906.0,263.0,113.0,439.0,124.0
2.0,598.0,238.0,379.0,299.0,857.0,857.0,266.0,113.0,201.0,37.0
2.0,659.0,45.0,373.0,906.0,0.0,0.0,262.0,111.0,21.0,24.0
2.0,1520.0,175.0,363.0,857.0,0.0,0.0,254.0,109.0,76.0,99.0
2.0,2202.0,527.0,360.0,0.0,0.0,0.0,251.0,109.0,333.0,194.0
2.0,1675.0,739.0,369.0,0.0,540.0,540.0,257.0,112.0,532.0,207.0
2.0,936.0,614.0,380.0,0.0,1198.0,1198.0,266.0,114.0,483.0,131.0
2.0,322.0,278.0,384.0,540.0,952.0,952.0,270.0,114.0,234.0,44.0
2.0,584.0,64.0,376.0,1198.0,0.0,0.0,265.0,111.0,32.0,32.0
2.0,1718.0,183.0,366.0,952.0,0.0,0.0,257.0,109.0,74.0,109.0
2.0,2487.0,521.0,364.0,0.0,0.0,0.0,254.0,110.0,322.0,199.0
2.0,1966.0,719.0,373.0,0.0,245.0,245.0,260.0,113.0,511.0,208.0
2.0,1247.0,579.0,383.0,0.0,864.0,864.0,268.0,115.0,455.0,124.0
2.0,668.0,229.0,386.0,245.0,860.0,860.0,271.0,115.0,200.0,29.0
2.0,684.0,28.0,379.0,864.0,0.0,0.0,267.0,112.0,9.0,19.0
2.0,1520.0,191.0,371.0,860.0,0.0,0.0,260.0,111.0,80.0,111.0
2.0,2189.0,555.0,370.0,0.0,0.0,0.0,258.0,112.0,348.0,207.0
2.0,1634.0,769.0,379.0,0.0,651.0,651.0,264.0,115.0,551.0,218.0
2.0,865.0,630.0,389.0,0.0,1321.0,1321.0,272.0,117.0,498.0,132.0
2.0,235.0,264.0,393.0,651.0,950.0,950.0,276.0,117.0,227.0,37.0
2.0,622.0,56.0,385.0,1321.0,0.0,0.0,271.0,114.0,30.0,26.0
2.0,1887.0,200.0,375.0,950.0,0.0,0.0,263.0,112.0,92.0,108.0
2.0,2637.0,558.0,374.0,0.0,0.0,0.0,261.0,113.0,357.0,201.0
2.0,2079.0,769.0,383.0,0.0,222.0,222.0,267.0,116.0,553.0,216.0
2.0,1310.0,598.0,394.0,0.0,864.0,864.0,276.0,118.0,467.0,131.0
2.0,712.0,223.0,396.0,222.0,873.0,873.0,279.0,117.0,195.0,28.0
2.0,711.0,16.0,388.0,864.0,0.0,0.0,273.0,115.0,0.0,16.0
2.0,1559.0,185.0,379.0,873.0,0.0,0.0,266.0,113.0,78.0,107.0
2.0,2247.0,575.0,378.0,0.0,0.0,0.0,264.0,114.0,366.0,209.0
2.0,1672.0,792.0,388.0,0.0,672.0,672.0,271.0,117.0,568.0,224.0
2.0,880.0,630.0,400.0,0.0,1350.0,1350.0,280.0,120.0,490.0,140.0
2.0,250.0,264.0,402.0,672.0,950.0,950.0,283.0,119.0,225.0,39.0
2.0,658.0,67.0,394.0,1350.0,0.0,0.0,278.0,116.0,41.0,26.0
2.0,1941.0,218.0,384.0,950.0,0.0,0.0,270.0,114.0,103.0,115.0
2.0,2673.0,577.0,383.0,0.0,0.0,0.0,267.0,116.0,353.0,224.0
2.0,2096.0,777.0,392.0,0.0,249.0,249.0,273.0,119.0,542.0,235.0
2.0,1319.0,606.0,403.0,0.0,899.0,899.0,281.0,122.0,470.0,136.0
2.0,713.0,225.0,404.0,249.0,879.0,879.0,284.0,120.0,203.0,22.0
2.0,737.0,15.0,396.0,899.0,0.0,0.0,279.0,117.0,12.0,3.0
2.0,1621.0,202.0,387.0,879.0,0.0,0.0,272.0,115.0,97.0,105.0
2.0,2298.0,589.0,387.0,0.0,0.0,0.0,270.0,117.0,368.0,221.0
2.0,1709.0,796.0,398.0,0.0,679.0,679.0,277.0,121.0,560.0,236.0
2.0,913.0,628.0,409.0,0.0,1351.0,1351.0,286.0,123.0,491.0,137.0
2.0,285.0,261.0,410.0,679.0,937.0,937.0,289.0,121.0,234.0,27.0
2.0,703.0,49.0,401.0,1351.0,0.0,0.0,283.0,118.0,36.0,13.0
2.0,2005.0,212.0,391.0,937.0,0.0,0.0,275.0,116.0,101.0,111.0
2.0,2730.0,581.0,391.0,0.0,0.0,0.0,273.0,118.0,357.0,224.0
2.0,2149.0,801.0,401.0,0.0,256.0,256.0,279.0,122.0,559.0,242.0
2.0,1348.0,646.0,412.0,0.0,946.0,946.0,288.0,124.0,500.0,146.0
2.0,702.0,260.0,414.0,256.0,958.0,958.0,291.0,123.0,226.0,34.0
2.0,698.0,26.0,404.0,946.0,0.0,0.0,285.0,119.0,8.0,18.0
2.0,1618.0,177.0,394.0,958.0,0.0,0.0,276.0,118.0,68.0,109.0
2.0,2399.0,573.0,394.0,0.0,0.0,0.0,275.0,119.0,353.0,220.0
2.0,1826.0,805.0,405.0,0.0,599.0,599.0,282.0,123.0,571.0,234.0
2.0,1021.0,649.0,416.0,0.0,1292.0,1292.0,291.0,125.0,512.0,137.0
2.0,372.0,265.0,418.0,599.0,966.0,966.0,294.0,124.0,235.0,30.0
2.0,706.0,36.0,409.0,1292.0,0.0,0.0,288.0,121.0,17.0,19.0
2.0,1962.0,202.0,399.0,966.0,0.0,0.0,280.0,119.0,84.0,118.0
2.0,2726.0,585.0,398.0,0.0,0.0,0.0,277.0,121.0,358.0,227.0
2.0,2141.0,805.0,409.0,0.0,300.0,300.0,284.0,125.0,568.0,237.0
2.0,1336.0,644.0,420.0,0.0,988.0,988.0,293.0,127.0,508.0,136.0
2.0,692.0,271.0,421.0,300.0,963.0,963.0,296.0,125.0,243.0,28.0
2.0,721.0,64.0,413.0,988.0,7.0,7.0,291.0,122.0,44.0,20.0
2.0,1645.0,220.0,403.0,963.0,0.0,0.0,283.0,120.0,103.0,117.0
2.0,2388.0,587.0,403.0,7.0,0.0,0.0,281.0,122.0,363.0,224.0
2.0,1808.0,798.0,414.0,0.0,646.0,646.0,288.0,126.0,565.0,233.0
2.0,1010.0,631.0,426.0,0.0,1325.0,1325.0,298.0,128.0,498.0,133.0
2.0,379.0,256.0,427.0,646.0,939.0,939.0,301.0,126.0,233.0,23.0
2.0,769.0,55.0,417.0,1325.0,0.0,0.0,295.0,122.0,41.0,14.0
2.0,2039.0,214.0,407.0,939.0,0.0,0.0,286.0,121.0,95.0,119.0
2.0,2764.0,594.0,406.0,0.0,0.0,0.0,283.0,123.0,352.0,242.0
2.0,2170.0,820.0,417.0,0.0,318.0,318.0,290.0,127.0,561.0,259.0
2.0,1350.0,684.0,428.0,0.0,1046.0,1046.0,299.0,129.0,532.0,152.0
2.0,666.0,311.0,431.0,318.0,1051.0,1051.0,303.0,128.0,279.0,32.0
2.0,673.0,58.0,421.0,1046.0,23.0,23.0,297.0,124.0,45.0,13.0
2.0,1661.0,185.0,410.0,1051.0,0.0,0.0,288.0,122.0,73.0,112.0
2.0,2527.0,568.0,409.0,23.0,0.0,0.0,285.0,124.0,338.0,230.0
2.0,1982.0,824.0,420.0,0.0,522.0,522.0,292.0,128.0,574.0,250.0
2.0,1158.0,684.0,434.0,0.0,1262.0,1262.0,303.0,131.0,542.0,142.0
2.0,474.0,295.0,435.0,522.0,1039.0,1039.0,306.0,129.0,273.0,22.0
2.0,701.0,38.0,425.0,1262.0,0.0,0.0,300.0,125.0,33.0,5.0
2.0,1925.0,169.0,413.0,1039.0,0.0,0.0,290.0,123.0,57.0,112.0
2.0,2795.0,566.0,412.0,0.0,0.0,0.0,287.0,125.0,328.0,238.0
2.0,2229.0,836.0,423.0,0.0,299.0,299.0,294.0,129.0,573.0,263.0
2.0,1393.0,707.0,436.0,0.0,1058.0,1058.0,304.0,132.0,551.0,156.0
2.0,686.0,314.0,437.0,299.0,1077.0,1077.0,307.0,130.0,287.0,27.0
2.0,671.0,68.0,428.0,1058.0,51.0,51.0,302.0,126.0,58.0,10.0
2.0,1661.0,209.0,417.0,1077.0,0.0,0.0,293.0,124.0,93.0,116.0
2.0,2529.0,598.0,417.0,51.0,0.0,0.0,291.0,126.0,359.0,239.0
2.0,1982.0,846.0,428.0,0.0,576.0,576.0,298.0,130.0,590.0,256.0
2.0,1136.0,700.0,441.0,0.0,1328.0,1328.0,308.0,133.0,546.0,154.0
2.0,436.0,283.0,444.0,576.0,1047.0,1047.0,312.0,132.0,256.0,27.0
2.0,729.0,21.0,432.0,1328.0,0.0,0.0,305.0,127.0,18.0,3.0
2.0,2036.0,177.0,420.0,1047.0,0.0,0.0,295.0,125.0,70.0,107.0
2.0,2906.0,596.0,420.0,0.0,0.0,0.0,293.0,127.0,356.0,240.0
2.0,2310.0,865.0,432.0,0.0,283.0,283.0,300.0,132.0,598.0,267.0
2.0,1445.0,708.0,444.0,0.0,1039.0,1039.0,310.0,134.0,546.0,162.0
2.0,737.0,299.0,446.0,283.0,1063.0,1063.0,313.0,133.0,267.0,32.0
2.0,721.0,54.0,436.0,1039.0,38.0,38.0,307.0,129.0,46.0,8.0
2.0,1706.0,216.0,424.0,1063.0,0.0,0.0,298.0,126.0,98.0,118.0
2.0,2553.0,628.0,424.0,38.0,0.0,0.0,296.0,128.0,383.0,245.0
2.0,1963.0,876.0,436.0,0.0,657.0,657.0,303.0,133.0,614.0,262.0
2.0,1087.0,693.0,448.0,0.0,1398.0,1398.0,313.0,135.0,544.0,149.0
2.0,394.0,265.0,450.0,657.0,1014.0,1014.0,317.0,133.0,243.0,22.0
2.0,786.0,10.0,439.0,1398.0,0.0,0.0,310.0,129.0,2.0,8.0
2.0,2174.0,189.0,427.0,1014.0,0.0,0.0,300.0,127.0,68.0,121.0
2.0,2999.0,609.0,427.0,0.0,0.0,0.0,298.0,129.0,364.0,245.0
2.0,2390.0,867.0,439.0,0.0,233.0,233.0,305.0,134.0,604.0,263.0
2.0,1523.0,708.0,451.0,0.0,989.0,989.0,315.0,136.0,552.0,156.0
2.0,815.0,308.0,454.0,233.0,1076.0,1076.0,319.0,135.0,275.0,33.0
2.0,740.0,82.0,444.0,989.0,129.0,129.0,313.0,131.0,59.0,23.0
2.0,1647.0,247.0,433.0,1076.0,0.0,0.0,304.0,129.0,116.0,131.0
2.0,2476.0,638.0,433.0,129.0,0.0,0.0,302.0,131.0,386.0,252.0
2.0,1967.0,870.0,445.0,0.0,683.0,683.0,309.0,136.0,603.0,267.0
2.0,1097.0,701.0,456.0,0.0,1428.0,1428.0,318.0,138.0,548.0,153.0
2.0,396.0,290.0,458.0,683.0,1043.0,1043.0,322.0,136.0,267.0,23.0
2.0,789.0,36.0,447.0,1428.0,0.0,0.0,315.0,132.0,35.0,1.0
2.0,2181.0,186.0,436.0,1043.0,0.0,0.0,306.0,130.0,74.0,112.0
2.0,3038.0,597.0,435.0,0.0,0.0,0.0,303.0,132.0,347.0,250.0
2.0,2441.0,854.0,447.0,0.0,201.0,201.0,310.0,137.0,582.0,272.0
2.0,1587.0,706.0,459.0,0.0,955.0,955.0,319.0,140.0,550.0,156.0
2.0,881.0,325.0,461.0,201.0,1087.0,1087.0,323.0,138.0,300.0,25.0
2.0,757.0,100.0,451.0,955.0,192.0,192.0,318.0,133.0,92.0,8.0
2.0,1612.0,245.0,441.0,1087.0,0.0,0.0,310.0,131.0,125.0,120.0
2.0,2454.0,629.0,440.0,192.0,0.0,0.0,307.0,133.0,376.0,253.0
2.0,2017.0,871.0,450.0,0.0,654.0,654.0,313.0,137.0,591.0,280.0
2.0,1146.0,718.0,463.0,0.0,1424.0,1424.0,323.0,140.0,547.0,171.0
2.0,428.0,318.0,466.0,654.0,1100.0,1100.0,327.0,139.0,283.0,35.0
2.0,764.0,62.0,455.0,1424.0,0.0,0.0,321.0,134.0,58.0,4.0
2.0,2126.0,207.0,444.0,1100.0,0.0,0.0,312.0,132.0,98.0,109.0
2.0,3019.0,586.0,442.0,0.0,0.0,0.0,308.0,134.0,342.0,244.0
2.0,2433.0,828.0,453.0,0.0,207.0,207.0,314.0,139.0,554.0,274.0
2.0,1605.0,696.0,465.0,0.0,951.0,951.0,323.0,142.0,530.0,166.0
2.0,909.0,334.0,468.0,207.0,1090.0,1090.0,328.0,140.0,304.0,30.0
2.0,782.0,109.0,460.0,951.0,216.0,216.0,324.0,136.0,103.0,6.0
2.0,1624.0,268.0,448.0,1090.0,0.0,0.0,315.0,133.0,146.0,122.0
2.0,2446.0,649.0,447.0,216.0,0.0,0.0,312.0,135.0,390.0,259.0
2.0,2013.0,875.0,458.0,0.0,694.0,694.0,318.0,140.0,599.0,276.0
2.0,1138.0,716.0,471.0,0.0,1462.0,1462.0,328.0,143.0,552.0,164.0
2.0,422.0,318.0,473.0,694.0,1094.0,1094.0,332.0,141.0,285.0,33.0
2.0,798.0,70.0,463.0,1462.0,0.0,0.0,326.0,137.0,61.0,9.0
2.0,2190.0,230.0,451.0,1094.0,0.0,0.0,317.0,134.0,109.0,121.0
2.0,3054.0,614.0,449.0,0.0,0.0,0.0,313.0,136.0,364.0,250.0
2.0,2440.0,860.0,461.0,0.0,264.0,264.0,320.0,141.0,593.0,267.0
2.0,1580.0,705.0,473.0,0.0,1017.0,1017.0,330.0,143.0,548.0,157.0
2.0,875.0,314.0,476.0,264.0,1079.0,1079.0,334.0,142.0,285.0,29.0
2.0,825.0,109.0,467.0,1017.0,135.0,135.0,329.0,138.0,87.0,22.0
2.0,1733.0,282.0,455.0,1079.0,0.0,0.0,320.0,135.0,142.0,140.0
2.0,2530.0,666.0,454.0,135.0,0.0,0.0,317.0,137.0,404.0,262.0
2.0,1999.0,880.0,466.0,0.0,745.0,745.0,324.0,142.0,606.0,274.0
2.0,1119.0,706.0,478.0,0.0,1499.0,1499.0,333.0,145.0,548.0,158.0
2.0,413.0,335.0,480.0,745.0,1097.0,1097.0,337.0,143.0,297.0,38.0
2.0,823.0,108.0,470.0,1499.0,0.0,0.0,331.0,139.0,82.0,26.0
2.0,2214.0,261.0,459.0,1097.0,0.0,0.0,322.0,137.0,126.0,135.0
2.0,3050.0,640.0,458.0,0.0,0.0,0.0,319.0,139.0,388.0,252.0
2.0,2410.0,861.0,469.0,0.0,327.0,327.0,326.0,143.0,600.0,261.0
2.0,1549.0,706.0,482.0,0.0,1085.0,1085.0,336.0,146.0,552.0,154.0
2.0,843.0,322.0,485.0,327.0,1092.0,1092.0,341.0,144.0,286.0,36.0
2.0,848.0,108.0,475.0,1085.0,75.0,75.0,335.0,140.0,82.0,26.0
2.0,1825.0,268.0,464.0,1092.0,0.0,0.0,326.0,138.0,136.0,132.0
2.0,2649.0,658.0,462.0,75.0,0.0,0.0,323.0,139.0,408.0,250.0
2.0,2066.0,890.0,474.0,0.0,720.0,720.0,330.0,144.0,623.0,267.0
2.0,1176.0,727.0,487.0,0.0,1499.0,1499.0,340.0,147.0,557.0,170.0
2.0,449.0,341.0,488.0,720.0,1124.0,1124.0,343.0,145.0,289.0,52.0
2.0,828.0,99.0,478.0,1499.0,0.0,0.0,337.0,141.0,68.0,31.0
2.0,2228.0,254.0,466.0,1124.0,0.0,0.0,328.0,138.0,126.0,128.0
2.0,3098.0,647.0,465.0,0.0,0.0,0.0,325.0,140.0,398.0,249.0
2.0,2451.0,894.0,477.0,0.0,351.0,351.0,332.0,145.0,621.0,273.0
2.0,1557.0,736.0,490.0,0.0,1139.0,1139.0,342.0,148.0,559.0,177.0
2.0,821.0,338.0,493.0,351.0,1138.0,1138.0,346.0,147.0,288.0,50.0
2.0,834.0,95.0,484.0,1139.0,58.0,58.0,341.0,143.0,77.0,18.0
2.0,1878.0,258.0,472.0,1138.0,0.0,0.0,332.0,140.0,143.0,115.0
2.0,2758.0,656.0,471.0,58.0,0.0,0.0,330.0,141.0,410.0,246.0
2.0,2160.0,905.0,482.0,0.0,673.0,673.0,336.0,146.0,625.0,280.0
2.0,1255.0,758.0,495.0,0.0,1483.0,1483.0,345.0,150.0,574.0,184.0
2.0,497.0,363.0,498.0,673.0,1185.0,1185.0,349.0,149.0,304.0,59.0
2.0,807.0,123.0,487.0,1483.0,0.0,0.0,343.0,144.0,87.0,36.0
2.0,2167.0,265.0,475.0,1185.0,0.0,0.0,334.0,141.0,135.0,130.0
2.0,3087.0,643.0,474.0,0.0,0.0,0.0,331.0,143.0,401.0,242.0
2.0,2444.0,879.0,485.0,0.0,375.0,375.0,338.0,147.0,616.0,263.0
2.0,1565.0,736.0,498.0,0.0,1163.0,1163.0,348.0,150.0,565.0,171.0
2.0,829.0,353.0,500.0,375.0,1149.0,1149.0,351.0,149.0,300.0,53.0
2.0,851.0,113.0,491.0,1163.0,63.0,63.0,346.0,145.0,82.0,31.0
2.0,1901.0,271.0,480.0,1149.0,0.0,0.0,338.0,142.0,141.0,130.0
2.0,2779.0,654.0,480.0,63.0,0.0,0.0,336.0,144.0,407.0,247.0
2.0,2188.0,887.0,491.0,0.0,663.0,663.0,342.0,149.0,619.0,268.0
2.0,1301.0,742.0,503.0,0.0,1453.0,1453.0,351.0,152.0,563.0,179.0
2.0,559.0,361.0,505.0,663.0,1159.0,1159.0,354.0,151.0,297.0,64.0
2.0,861.0,130.0,495.0,1453.0,0.0,0.0,348.0,147.0,84.0,46.0
2.0,2184.0,308.0,484.0,1159.0,0.0,0.0,340.0,144.0,162.0,146.0
2.0,3035.0,702.0,484.0,0.0,0.0,0.0,338.0,146.0,445.0,257.0
2.0,2333.0,912.0,496.0,0.0,563.0,563.0,345.0,151.0,646.0,266.0
2.0,1421.0,720.0,507.0,0.0,1327.0,1327.0,354.0,153.0,558.0,162.0
2.0,701.0,317.0,509.0,563.0,1089.0,1089.0,357.0,152.0,269.0,48.0
2.0,947.0,113.0,500.0,1327.0,0.0,0.0,352.0,148.0,69.0,44.0
2.0,2161.0,302.0,489.0,1089.0,0.0,0.0,343.0,146.0,156.0,146.0
2.0,2948.0,687.0,489.0,0.0,0.0,0.0,341.0,148.0,438.0,249.0
2.0,2261.0,898.0,500.0,0.0,637.0,637.0,348.0,152.0,644.0,254.0
2.0,1363.0,716.0,511.0,0.0,1397.0,1397.0,357.0,154.0,561.0,155.0
2.0,647.0,333.0,513.0,637.0,1101.0,1101.0,360.0,153.0,279.0,54.0
2.0,951.0,145.0,502.0,1397.0,0.0,0.0,353.0,149.0,84.0,61.0
2.0,2203.0,332.0,492.0,1101.0,0.0,0.0,345.0,147.0,168.0,164.0
2.0,2972.0,715.0,492.0,0.0,0.0,0.0,343.0,149.0,456.0,259.0
2.0,2257.0,913.0,503.0,0.0,668.0,668.0,350.0,153.0,656.0,257.0
2.0,1344.0,746.0,516.0,0.0,1466.0,1466.0,360.0,156.0,583.0,163.0
2.0,598.0,350.0,517.0,668.0,1152.0,1152.0,363.0,154.0,286.0,64.0
2.0,916.0,133.0,507.0,1466.0,0.0,0.0,357.0,150.0,74.0,59.0
2.0,2249.0,300.0,496.0,1152.0,0.0,0.0,348.0,148.0,149.0,151.0
2.0,3101.0,682.0,496.0,0.0,0.0,0.0,346.0,150.0,430.0,252.0
2.0,2419.0,898.0,508.0,0.0,511.0,511.0,353.0,155.0,641.0,257.0
2.0,1521.0,732.0,519.0,0.0,1287.0,1287.0,362.0,157.0,574.0,158.0
2.0,789.0,357.0,521.0,511.0,1141.0,1141.0,365.0,156.0,299.0,58.0
2.0,943.0,153.0,511.0,1287.0,0.0,0.0,359.0,152.0,91.0,62.0
2.0,2077.0,328.0,500.0,1141.0,0.0,0.0,350.0,150.0,166.0,162.0
2.0,2890.0,703.0,500.0,0.0,0.0,0.0,348.0,152.0,442.0,261.0
2.0,2187.0,918.0,511.0,0.0,775.0,775.0,355.0,156.0,660.0,258.0
2.0,1269.0,751.0,523.0,0.0,1574.0,1574.0,365.0,158.0,594.0,157.0
2.0,518.0,367.0,526.0,775.0,1178.0,1178.0,369.0,157.0,312.0,55.0
2.0,926.0,158.0,516.0,1574.0,0.0,0.0,363.0,153.0,101.0,57.0
2.0,2342.0,311.0,505.0,1178.0,0.0,0.0,354.0,151.0,155.0,156.0
2.0,3209.0,677.0,504.0,0.0,0.0,0.0,352.0,152.0,420.0,257.0
2.0,2532.0,875.0,514.0,0.0,399.0,399.0,358.0,156.0,620.0,255.0
2.0,1657.0,716.0,526.0,0.0,1163.0,1163.0,367.0,159.0,557.0,159.0
2.0,941.0,356.0,528.0,399.0,1128.0,1128.0,370.0,158.0,294.0,62.0
2.0,984.0,169.0,518.0,1163.0,94.0,94.0,364.0,154.0,103.0,66.0
2.0,1978.0,348.0,508.0,1128.0,0.0,0.0,356.0,152.0,184.0,164.0
2.0,2758.0,708.0,507.0,94.0,0.0,0.0,353.0,154.0,447.0,261.0
2.0,2144.0,912.0,518.0,0.0,840.0,840.0,360.0,158.0,650.0,262.0
2.0,1232.0,747.0,530.0,0.0,1635.0,1635.0,370.0,160.0,582.0,165.0
2.0,485.0,397.0,532.0,840.0,1200.0,1200.0,373.0,159.0,327.0,70.0
2.0,928.0,202.0,524.0,1635.0,0.0,0.0,368.0,156.0,131.0,71.0
2.0,2361.0,352.0,514.0,1200.0,0.0,0.0,360.0,154.0,191.0,161.0
2.0,3209.0,686.0,512.0,0.0,0.0,0.0,357.0,155.0,437.0,249.0
2.0,2523.0,864.0,522.0,0.0,429.0,429.0,363.0,159.0,613.0,251.0
2.0,1659.0,693.0,533.0,0.0,1166.0,1166.0,372.0,161.0,538.0,155.0
2.0,966.0,353.0,535.0,429.0,1098.0,1098.0,375.0,160.0,294.0,59.0
2.0,1042.0,187.0,526.0,1166.0,83.0,83.0,370.0,156.0,127.0,60.0
2.0,2021.0,378.0,516.0,1098.0,0.0,0.0,362.0,154.0,215.0,163.0
2.0,2741.0,740.0,516.0,83.0,0.0,0.0,360.0,156.0,476.0,264.0
2.0,2084.0,912.0,527.0,0.0,936.0,936.0,367.0,160.0,645.0,267.0
2.0,1172.0,731.0,538.0,0.0,1711.0,1711.0,376.0,162.0,564.0,167.0
2.0,441.0,375.0,540.0,936.0,1158.0,1158.0,379.0,161.0,308.0,67.0
2.0,1002.0,200.0,530.0,1711.0,0.0,0.0,373.0,157.0,132.0,68.0
2.0,2513.0,382.0,520.0,1158.0,0.0,0.0,365.0,155.0,213.0,169.0
2.0,3289.0,746.0,520.0,0.0,0.0,0.0,363.0,157.0,476.0,270.0
2.0,2543.0,907.0,532.0,0.0,492.0,492.0,370.0,162.0,636.0,271.0
2.0,1636.0,699.0,543.0,0.0,1235.0,1235.0,379.0,164.0,531.0,168.0
2.0,937.0,319.0,543.0,492.0,1062.0,1062.0,381.0,162.0,260.0,59.0
2.0,1110.0,161.0,534.0,1235.0,0.0,0.0,375.0,159.0,102.0,59.0
2.0,2184.0,373.0,523.0,1062.0,0.0,0.0,366.0,157.0,215.0,158.0
2.0,2873.0,766.0,524.0,0.0,0.0,0.0,365.0,159.0,500.0,266.0
2.0,2107.0,948.0,536.0,0.0,985.0,985.0,373.0,163.0,679.0,269.0
2.0,1159.0,741.0,547.0,0.0,1770.0,1770.0,382.0,165.0,573.0,168.0
2.0,418.0,362.0,548.0,985.0,1151.0,1151.0,385.0,163.0,289.0,73.0
2.0,1041.0,188.0,538.0,1770.0,0.0,0.0,378.0,160.0,116.0,72.0
2.0,2623.0,404.0,528.0,1151.0,0.0,0.0,370.0,158.0,234.0,170.0
2.0,3370.0,768.0,528.0,0.0,0.0,0.0,368.0,160.0,505.0,263.0
2.0,2602.0,912.0,540.0,0.0,470.0,470.0,376.0,164.0,654.0,258.0
2.0,1690.0,685.0,550.0,0.0,1195.0,1195.0,384.0,166.0,528.0,157.0
2.0,1005.0,320.0,550.0,470.0,1045.0,1045.0,386.0,164.0,257.0,63.0
2.0,1155.0,184.0,541.0,1195.0,0.0,0.0,380.0,161.0,110.0,74.0
2.0,2166.0,404.0,531.0,1045.0,0.0,0.0,372.0,159.0,234.0,170.0
2.0,2807.0,765.0,532.0,0.0,86.0,86.0,371.0,161.0,505.0,260.0
2.0,2042.0,927.0,543.0,0.0,1057.0,1057.0,378.0,165.0,669.0,258.0
2.0,1115.0,735.0,554.0,86.0,1750.0,1750.0,387.0,167.0,564.0,171.0
2.0,466.0,382.0,555.0,1057.0,1079.0,1079.0,390.0,165.0,294.0,88.0
2.0,1141.0,231.0,546.0,1750.0,0.0,0.0,384.0,162.0,141.0,90.0
2.0,2660.0,431.0,536.0,1079.0,0.0,0.0,376.0,160.0,257.0,174.0
2.0,3308.0,769.0,537.0,0.0,0.0,0.0,375.0,162.0,514.0,255.0
2.0,2539.0,900.0,547.0,0.0,549.0,549.0,381.0,166.0,651.0,249.0
2.0,1639.0,703.0,557.0,0.0,1292.0,1292.0,389.0,168.0,534.0,169.0
2.0,936.0,368.0,559.0,549.0,1119.0,1119.0,392.0,167.0,282.0,86.0
2.0,1117.0,217.0,550.0,1292.0,8.0,8.0,386.0,164.0,135.0,82.0
2.0,2192.0,400.0,541.0,1119.0,0.0,0.0,379.0,162.0,240.0,160.0
2.0,2911.0,744.0,541.0,8.0,0.0,0.0,378.0,163.0,500.0,244.0
2.0,2175.0,907.0,552.0,0.0,940.0,940.0,385.0,167.0,653.0,254.0
2.0,1268.0,740.0,563.0,0.0,1724.0,1724.0,394.0,169.0,560.0,180.0
2.0,528.0,399.0,564.0,940.0,1187.0,1187.0,396.0,168.0,304.0,95.0
2.0,1069.0,238.0,555.0,1724.0,0.0,0.0,390.0,165.0,152.0,86.0
2.0,2555.0,419.0,546.0,1187.0,0.0,0.0,383.0,163.0,255.0,164.0
2.0,3323.0,766.0,545.0,0.0,0.0,0.0,381.0,164.0,515.0,251.0
2.0,2557.0,921.0,556.0,0.0,588.0,588.0,388.0,168.0,653.0,268.0
2.0,1636.0,728.0,566.0,0.0,1356.0,1356.0,396.0,170.0,537.0,191.0
2.0,908.0,380.0,566.0,588.0,1148.0,1148.0,397.0,169.0,285.0,95.0
2.0,1116.0,219.0,558.0,1356.0,0.0,0.0,392.0,166.0,140.0,79.0
2.0,2253.0,406.0,549.0,1148.0,0.0,0.0,385.0,164.0,248.0,158.0
2.0,2995.0,752.0,550.0,0.0,0.0,0.0,384.0,166.0,501.0,251.0
2.0,2243.0,914.0,561.0,0.0,915.0,915.0,391.0,170.0,651.0,263.0
2.0,1329.0,735.0,571.0,0.0,1690.0,1690.0,399.0,172.0,547.0,188.0
2.0,594.0,405.0,572.0,915.0,1184.0,1184.0,401.0,171.0,307.0,98.0
2.0,1104.0,247.0,563.0,1690.0,0.0,0.0,395.0,168.0,164.0,83.0
2.0,2547.0,433.0,553.0,1184.0,0.0,0.0,387.0,166.0,272.0,161.0
2.0,3298.0,769.0,553.0,0.0,0.0,0.0,386.0,167.0,516.0,253.0
2.0,2529.0,921.0,564.0,0.0,648.0,648.0,393.0,171.0,649.0,272.0
2.0,1608.0,753.0,575.0,0.0,1445.0,1445.0,401.0,174.0,558.0,195.0
2.0,855.0,409.0,575.0,648.0,1206.0,1206.0,403.0,172.0,313.0,96.0
2.0,1094.0,223.0,565.0,1445.0,0.0,0.0,397.0,168.0,152.0,71.0
2.0,2316.0,390.0,555.0,1206.0,0.0,0.0,389.0,166.0,242.0,148.0
2.0,3132.0,738.0,557.0,0.0,0.0,0.0,389.0,168.0,492.0,246.0
2.0,2394.0,932.0,568.0,0.0,810.0,810.0,396.0,172.0,664.0,268.0
2.0,1462.0,765.0,579.0,0.0,1619.0,1619.0,405.0,174.0,572.0,193.0
2.0,697.0,416.0,580.0,810.0,1229.0,1229.0,407.0,173.0,318.0,98.0
2.0,1091.0,240.0,570.0,1619.0,0.0,0.0,401.0,169.0,164.0,76.0
2.0,2470.0,426.0,560.0,1229.0,0.0,0.0,393.0,167.0,274.0,152.0
2.0,3273.0,779.0,561.0,0.0,0.0,0.0,392.0,169.0,528.0,251.0
2.0,2494.0,952.0,573.0,0.0,750.0,750.0,400.0,173.0,675.0,277.0
2.0,1542.0,776.0,583.0,0.0,1566.0,1566.0,408.0,175.0,563.0,213.0
2.0,766.0,430.0,584.0,750.0,1250.0,1250.0,410.0,174.0,313.0,117.0
2.0,1086.0,248.0,574.0,1566.0,0.0,0.0,403.0,171.0,168.0,80.0
2.0,2404.0,416.0,564.0,1250.0,0.0,0.0,396.0,168.0,277.0,139.0
2.0,3238.0,754.0,566.0,0.0,0.0,0.0,396.0,170.0,524.0,230.0
2.0,2484.0,924.0,578.0,0.0,752.0,752.0,404.0,174.0,654.0,270.0
2.0,1560.0,749.0,589.0,0.0,1545.0,1545.0,412.0,177.0,534.0,215.0
2.0,811.0,405.0,588.0,752.0,1194.0,1194.0,413.0,175.0,291.0,114.0
2.0,1158.0,233.0,578.0,1545.0,0.0,0.0,406.0,172.0,161.0,72.0
2.0,2470.0,421.0,569.0,1194.0,0.0,0.0,399.0,170.0,286.0,135.0
2.0,3243.0,787.0,570.0,0.0,0.0,0.0,399.0,171.0,546.0,241.0
2.0,2456.0,968.0,581.0,0.0,836.0,836.0,406.0,175.0,679.0,289.0
2.0,1488.0,786.0,591.0,0.0,1662.0,1662.0,414.0,177.0,557.0,229.0
2.0,702.0,426.0,591.0,836.0,1252.0,1252.0,415.0,176.0,303.0,123.0
2.0,1112.0,247.0,581.0,1662.0,0.0,0.0,408.0,173.0,168.0,79.0
2.0,2527.0,434.0,572.0,1252.0,0.0,0.0,401.0,171.0,299.0,135.0
2.0,3345.0,790.0,574.0,0.0,0.0,0.0,402.0,172.0,551.0,239.0
2.0,2555.0,964.0,585.0,0.0,749.0,749.0,409.0,176.0,678.0,286.0
2.0,1591.0,768.0,596.0,0.0,1561.0,1561.0,417.0,179.0,542.0,226.0
2.0,823.0,399.0,596.0,749.0,1211.0,1211.0,418.0,178.0,280.0,119.0
2.0,1173.0,222.0,586.0,1561.0,0.0,0.0,411.0,175.0,146.0,76.0
2.0,2512.0,421.0,576.0,1211.0,0.0,0.0,404.0,172.0,286.0,135.0
2.0,3302.0,789.0,578.0,0.0,0.0,0.0,404.0,174.0,548.0,241.0
2.0,2513.0,972.0,588.0,0.0,811.0,811.0,411.0,177.0,684.0,288.0
2.0,1541.0,796.0,599.0,0.0,1651.0,1651.0,419.0,180.0,560.0,236.0
2.0,745.0,435.0,600.0,811.0,1279.0,1279.0,420.0,180.0,306.0,129.0
2.0,1121.0,262.0,590.0,1651.0,0.0,0.0,414.0,176.0,182.0,80.0
2.0,2510.0,448.0,581.0,1279.0,0.0,0.0,407.0,174.0,315.0,133.0
2.0,3341.0,810.0,583.0,0.0,0.0,0.0,408.0,175.0,575.0,235.0
2.0,2531.0,974.0,594.0,0.0,819.0,819.0,416.0,178.0,693.0,281.0
2.0,1557.0,789.0,605.0,0.0,1652.0,1652.0,424.0,181.0,552.0,237.0
2.0,768.0,410.0,605.0,819.0,1243.0,1243.0,424.0,181.0,275.0,135.0
2.0,1177.0,218.0,594.0,1652.0,0.0,0.0,417.0,177.0,141.0,77.0
2.0,2611.0,407.0,585.0,1243.0,0.0,0.0,410.0,175.0,287.0,120.0
2.0,3447.0,791.0,586.0,0.0,0.0,0.0,411.0,175.0,565.0,226.0
2.0,2656.0,983.0,597.0,0.0,715.0,715.0,418.0,179.0,691.0,292.0
2.0,1673.0,808.0,607.0,0.0,1563.0,1563.0,425.0,182.0,555.0,253.0
2.0,865.0,450.0,608.0,715.0,1302.0,1302.0,426.0,182.0,302.0,148.0
2.0,1130.0,272.0,599.0,1563.0,0.0,0.0,420.0,179.0,189.0,83.0
2.0,2421.0,462.0,590.0,1302.0,0.0,0.0,414.0,176.0,335.0,127.0
2.0,3261.0,816.0,591.0,0.0,0.0,0.0,414.0,177.0,585.0,231.0
2.0,2445.0,984.0,602.0,0.0,947.0,947.0,422.0,180.0,692.0,292.0
2.0,1461.0,797.0,613.0,0.0,1788.0,1788.0,429.0,184.0,548.0,249.0
2.0,664.0,429.0,614.0,947.0,1274.0,1274.0,430.0,184.0,285.0,144.0
2.0,1182.0,245.0,605.0,1788.0,0.0,0.0,424.0,181.0,168.0,77.0
2.0,2725.0,414.0,595.0,1274.0,0.0,0.0,417.0,178.0,297.0,117.0
2.0,3585.0,767.0,594.0,0.0,0.0,0.0,416.0,178.0,551.0,216.0
2.0,2818.0,963.0,605.0,0.0,565.0,565.0,423.0,182.0,682.0,281.0
2.0,1855.0,800.0,616.0,0.0,1409.0,1409.0,431.0,185.0,553.0,247.0
2.0,1055.0,460.0,616.0,565.0,1304.0,1304.0,431.0,185.0,310.0,150.0
2.0,1160.0,293.0,607.0,1409.0,152.0,152.0,425.0,182.0,201.0,92.0
2.0,2276.0,476.0,598.0,1304.0,0.0,0.0,419.0,179.0,341.0,135.0
2.0,3104.0,822.0,598.0,152.0,0.0,0.0,419.0,179.0,590.0,232.0
2.0,2434.0,994.0,610.0,0.0,1000.0,1000.0,427.0,183.0,700.0,294.0
2.0,1440.0,809.0,620.0,0.0,1849.0,1849.0,434.0,186.0,557.0,252.0
2.0,631.0,433.0,620.0,1000.0,1282.0,1282.0,434.0,186.0,291.0,142.0
2.0,1198.0,250.0,611.0,1849.0,0.0,0.0,428.0,183.0,168.0,82.0
2.0,2797.0,441.0,602.0,1282.0,0.0,0.0,421.0,181.0,310.0,131.0
2.0,3638.0,800.0,603.0,0.0,0.0,0.0,422.0,181.0,562.0,238.0
2.0,2838.0,985.0,614.0,0.0,603.0,603.0,429.0,185.0,693.0,292.0
2.0,1853.0,806.0,625.0,0.0,1453.0,1453.0,437.0,188.0,561.0,245.0
2.0,1047.0,436.0,625.0,603.0,1286.0,1286.0,437.0,188.0,298.0,138.0
2.0,1214.0,250.0,615.0,1453.0,43.0,43.0,430.0,185.0,170.0,80.0
2.0,2417.0,442.0,605.0,1286.0,0.0,0.0,423.0,182.0,313.0,129.0
2.0,3261.0,833.0,606.0,43.0,0.0,0.0,424.0,182.0,598.0,235.0
2.0,2471.0,1030.0,617.0,0.0,1027.0,1027.0,432.0,185.0,734.0,296.0
2.0,1441.0,833.0,628.0,0.0,1904.0,1904.0,440.0,188.0,585.0,248.0
2.0,608.0,442.0,629.0,1027.0,1323.0,1323.0,440.0,189.0,302.0,140.0
2.0,1193.0,248.0,619.0,1904.0,0.0,0.0,433.0,186.0,165.0,83.0
2.0,2849.0,426.0,608.0,1323.0,0.0,0.0,425.0,183.0,297.0,129.0
2.0,3746.0,795.0,609.0,0.0,0.0,0.0,426.0,183.0,560.0,235.0
2.0,2951.0,994.0,620.0,0.0,523.0,523.0,434.0,186.0,704.0,290.0
2.0,1957.0,819.0,631.0,0.0,1386.0,1386.0,442.0,189.0,576.0,243.0
2.0,1138.0,445.0,631.0,523.0,1308.0,1308.0,442.0,189.0,304.0,141.0
2.0,1216.0,273.0,621.0,1386.0,155.0,155.0,435.0,186.0,181.0,92.0
2.0,2329.0,471.0,612.0,1308.0,0.0,0.0,428.0,184.0,327.0,144.0
2.0,3166.0,843.0,613.0,155.0,0.0,0.0,429.0,184.0,599.0,244.0
2.0,2478.0,1028.0,624.0,0.0,1046.0,1046.0,437.0,187.0,730.0,298.0
2.0,1450.0,840.0,635.0,0.0,1930.0,1930.0,445.0,190.0,586.0,254.0
2.0,610.0,471.0,636.0,1046.0,1359.0,1359.0,445.0,191.0,315.0,156.0
2.0,1185.0,277.0,626.0,1930.0,0.0,0.0,438.0,188.0,178.0,99.0
2.0,2838.0,457.0,616.0,1359.0,0.0,0.0,430.0,186.0,318.0,139.0
2.0,3740.0,814.0,616.0,0.0,0.0,0.0,431.0,185.0,585.0,229.0
2.0,2926.0,989.0,627.0,0.0,571.0,571.0,439.0,188.0,704.0,285.0
2.0,1937.0,796.0,638.0,0.0,1411.0,1411.0,447.0,191.0,557.0,239.0
2.0,1141.0,441.0,639.0,571.0,1285.0,1285.0,447.0,192.0,301.0,140.0
2.0,1271.0,278.0,629.0,1411.0,112.0,112.0,440.0,189.0,190.0,88.0
2.0,2404.0,483.0,620.0,1285.0,0.0,0.0,434.0,186.0,348.0,135.0
2.0,3206.0,863.0,621.0,112.0,29.0,29.0,435.0,186.0,626.0,237.0
2.0,2455.0,1027.0,632.0,0.0,1100.0,1100.0,443.0,189.0,732.0,295.0
2.0,1428.0,825.0,643.0,29.0,1940.0,1940.0,451.0,192.0,571.0,254.0
2.0,632.0,453.0,643.0,1100.0,1293.0,1293.0,450.0,193.0,292.0,161.0
2.0,1279.0,283.0,632.0,1940.0,0.0,0.0,442.0,190.0,177.0,106.0
2.0,2936.0,487.0,622.0,1293.0,0.0,0.0,435.0,187.0,344.0,143.0
2.0,3742.0,862.0,624.0,0.0,0.0,0.0,437.0,187.0,630.0,232.0
2.0,2880.0,1030.0,636.0,0.0,694.0,694.0,446.0,190.0,741.0,289.0
2.0,1850.0,823.0,646.0,0.0,1557.0,1557.0,453.0,193.0,565.0,258.0
2.0,1027.0,442.0,647.0,694.0,1309.0,1309.0,453.0,194.0,278.0,164.0
2.0,1279.0,262.0,637.0,1557.0,0.0,0.0,445.0,192.0,164.0,98.0
2.0,2574.0,472.0,628.0,1309.0,0.0,0.0,439.0,189.0,345.0,127.0
2.0,3411.0,868.0,630.0,0.0,0.0,0.0,441.0,189.0,639.0,229.0
2.0,2543.0,1064.0,641.0,0.0,1085.0,1085.0,449.0,192.0,762.0,302.0
2.0,1479.0,855.0,652.0,0.0,1984.0,1984.0,457.0,195.0,582.0,273.0
2.0,624.0,442.0,651.0,1085.0,1337.0,1337.0,455.0,196.0,273.0,169.0
2.0,1267.0,257.0,640.0,1984.0,0.0,0.0,447.0,193.0,159.0,98.0
2.0,2994.0,483.0,630.0,1337.0,0.0,0.0,440.0,190.0,354.0,129.0
2.0,3848.0,883.0,631.0,0.0,0.0,0.0,442.0,189.0,656.0,227.0
2.0,2965.0,1063.0,643.0,0.0,670.0,670.0,451.0,192.0,768.0,295.0
2.0,1902.0,840.0,655.0,0.0,1558.0,1558.0,459.0,196.0,578.0,262.0
2.0,1062.0,433.0,655.0,670.0,1321.0,1321.0,459.0,196.0,271.0,162.0
2.0,1299.0,250.0,645.0,1558.0,0.0,0.0,451.0,194.0,157.0,93.0
2.0,2607.0,482.0,635.0,1321.0,0.0,0.0,444.0,191.0,351.0,131.0
2.0,3446.0,894.0,636.0,0.0,0.0,0.0,446.0,190.0,660.0,234.0
2.0,2552.0,1065.0,648.0,0.0,1105.0,1105.0,455.0,193.0,766.0,299.0
2.0,1487.0,852.0,660.0,0.0,2005.0,2005.0,463.0,197.0,584.0,268.0
2.0,635.0,463.0,661.0,1105.0,1367.0,1367.0,463.0,198.0,287.0,176.0
2.0,1277.0,284.0,650.0,2005.0,0.0,0.0,454.0,196.0,172.0,112.0
2.0,2998.0,489.0,639.0,1367.0,0.0,0.0,447.0,192.0,353.0,136.0
2.0,3876.0,888.0,641.0,0.0,0.0,0.0,449.0,192.0,660.0,228.0
2.0,2988.0,1096.0,653.0,0.0,720.0,720.0,458.0,195.0,793.0,303.0
2.0,1892.0,882.0,665.0,0.0,1650.0,1650.0,466.0,199.0,605.0,277.0
2.0,1010.0,464.0,666.0,720.0,1398.0,1398.0,466.0,200.0,292.0,172.0
2.0,1266.0,252.0,656.0,1650.0,0.0,0.0,459.0,197.0,159.0,93.0
2.0,2664.0,450.0,645.0,1398.0,0.0,0.0,451.0,194.0,328.0,122.0
2.0,3612.0,850.0,645.0,0.0,0.0,0.0,452.0,193.0,627.0,223.0
2.0,2762.0,1067.0,657.0,0.0,933.0,933.0,461.0,196.0,770.0,297.0
2.0,1695.0,878.0,670.0,0.0,1863.0,1863.0,470.0,200.0,606.0,272.0
2.0,817.0,482.0,669.0,933.0,1408.0,1408.0,469.0,200.0,310.0,172.0
2.0,1268.0,275.0,659.0,1863.0,0.0,0.0,461.0,198.0,172.0,103.0
2.0,2856.0,485.0,649.0,1408.0,0.0,0.0,454.0,195.0,346.0,139.0
2.0,3779.0,898.0,649.0,0.0,0.0,0.0,455.0,194.0,657.0,241.0
2.0,2881.0,1103.0,661.0,0.0,866.0,866.0,464.0,197.0,793.0,310.0
2.0,1778.0,890.0,674.0,0.0,1808.0,1808.0,473.0,201.0,613.0,277.0
2.0,888.0,476.0,673.0,866.0,1414.0,1414.0,472.0,201.0,306.0,170.0
2.0,1278.0,280.0,663.0,1808.0,0.0,0.0,464.0,199.0,179.0,101.0
2.0,2806.0,493.0,654.0,1414.0,0.0,0.0,458.0,196.0,357.0,136.0
2.0,3727.0,888.0,656.0,0.0,0.0,0.0,460.0,196.0,646.0,242.0
2.0,2839.0,1059.0,667.0,0.0,888.0,888.0,468.0,199.0,748.0,311.0
2.0,1780.0,841.0,678.0,0.0,1773.0,1773.0,475.0,203.0,570.0,271.0
2.0,939.0,450.0,678.0,888.0,1335.0,1335.0,474.0,204.0,284.0,166.0
2.0,1377.0,273.0,667.0,1773.0,0.0,0.0,466.0,201.0,176.0,97.0
2.0,2877.0,503.0,656.0,1335.0,0.0,0.0,458.0,198.0,366.0,137.0
2.0,3709.0,925.0,659.0,0.0,0.0,0.0,461.0,198.0,679.0,246.0
2.0,2784.0,1115.0,671.0,0.0,1015.0,1015.0,470.0,201.0,800.0,315.0
2.0,1669.0,886.0,683.0,0.0,1949.0,1949.0,479.0,204.0,612.0,274.0
2.0,783.0,464.0,682.0,1015.0,1394.0,1394.0,478.0,204.0,304.0,160.0
2.0,1334.0,265.0,670.0,1949.0,0.0,0.0,469.0,201.0,176.0,89.0
2.0,3018.0,496.0,660.0,1394.0,0.0,0.0,462.0,198.0,363.0,133.0
2.0,3916.0,905.0,662.0,0.0,0.0,0.0,464.0,198.0,661.0,244.0
2.0,3011.0,1094.0,674.0,0.0,779.0,779.0,473.0,201.0,777.0,317.0
2.0,1917.0,866.0,687.0,0.0,1697.0,1697.0,482.0,205.0,589.0,277.0
2.0,1051.0,438.0,685.0,779.0,1348.0,1348.0,480.0,205.0,277.0,161.0
2.0,1392.0,247.0,674.0,1697.0,0.0,0.0,471.0,203.0,158.0,89.0
2.0,2842.0,495.0,662.0,1348.0,0.0,0.0,463.0,199.0,359.0,136.0
2.0,3695.0,940.0,664.0,0.0,0.0,0.0,465.0,199.0,684.0,256.0
2.0,2755.0,1152.0,678.0,0.0,1109.0,1109.0,476.0,202.0,819.0,333.0
2.0,1603.0,909.0,691.0,0.0,2070.0,2070.0,485.0,206.0,621.0,288.0
2.0,694.0,469.0,691.0,1109.0,1430.0,1430.0,484.0,207.0,301.0,168.0
2.0,1334.0,262.0,678.0,2070.0,0.0,0.0,474.0,204.0,170.0,92.0
2.0,3142.0,500.0,667.0,1430.0,0.0,0.0,466.0,201.0,364.0,136.0
2.0,4072.0,926.0,669.0,0.0,0.0,0.0,468.0,201.0,675.0,251.0
2.0,3146.0,1105.0,682.0,0.0,687.0,687.0,478.0,204.0,787.0,318.0
2.0,2041.0,866.0,694.0,0.0,1601.0,1601.0,487.0,207.0,592.0,274.0
2.0,1175.0,433.0,693.0,687.0,1343.0,1343.0,485.0,208.0,276.0,157.0
2.0,1429.0,233.0,680.0,1601.0,0.0,0.0,475.0,205.0,152.0,81.0
2.0,2797.0,497.0,670.0,1343.0,0.0,0.0,468.0,202.0,364.0,133.0
2.0,3643.0,958.0,671.0,0.0,0.0,0.0,470.0,201.0,701.0,257.0
2.0,2685.0,1172.0,684.0,0.0,1223.0,1223.0,480.0,204.0,837.0,335.0
2.0,1513.0,928.0,697.0,0.0,2203.0,2203.0,489.0,208.0,639.0,289.0
2.0,585.0,481.0,697.0,1223.0,1461.0,1461.0,489.0,208.0,313.0,168.0
2.0,1327.0,274.0,686.0,2203.0,0.0,0.0,480.0,206.0,181.0,93.0
2.0,3256.0,513.0,674.0,1461.0,0.0,0.0,471.0,203.0,368.0,145.0
2.0,4204.0,945.0,676.0,0.0,0.0,0.0,473.0,203.0,679.0,266.0
2.0,3259.0,1123.0,688.0,0.0,616.0,616.0,482.0,206.0,792.0,331.0
2.0,2136.0,879.0,700.0,0.0,1543.0,1543.0,491.0,209.0,602.0,277.0
2.0,1257.0,448.0,700.0,616.0,1375.0,1375.0,490.0,210.0,292.0,156.0
2.0,1425.0,261.0,689.0,1543.0,49.0,49.0,482.0,207.0,175.0,86.0
2.0,2707.0,509.0,678.0,1375.0,0.0,0.0,474.0,204.0,372.0,137.0
2.0,3573.0,944.0,679.0,49.0,38.0,38.0,475.0,204.0,681.0,263.0
2.0,2678.0,1153.0,692.0,0.0,1243.0,1243.0,485.0,207.0,816.0,337.0
2.0,1525.0,934.0,705.0,38.0,2191.0,2191.0,494.0,211.0,646.0,288.0
2.0,629.0,504.0,705.0,1243.0,1452.0,1452.0,494.0,211.0,337.0,167.0
2.0,1368.0,288.0,693.0,2191.0,0.0,0.0,485.0,208.0,194.0,94.0
2.0,3271.0,501.0,682.0,1452.0,0.0,0.0,477.0,205.0,362.0,139.0
2.0,4222.0,925.0,683.0,0.0,0.0,0.0,478.0,205.0,666.0,259.0
2.0,3297.0,1142.0,695.0,0.0,625.0,625.0,487.0,208.0,808.0,334.0
2.0,2155.0,922.0,708.0,0.0,1599.0,1599.0,496.0,212.0,632.0,290.0
2.0,1233.0,475.0,707.0,625.0,1445.0,1445.0,495.0,212.0,311.0,164.0
2.0,1383.0,253.0,695.0,1599.0,51.0,51.0,486.0,209.0,167.0,86.0
2.0,2729.0,475.0,684.0,1445.0,0.0,0.0,478.0,206.0,343.0,132.0
2.0,3699.0,919.0,685.0,51.0,0.0,0.0,480.0,205.0,664.0,255.0
2.0,2831.0,1159.0,699.0,0.0,1124.0,1124.0,490.0,209.0,823.0,336.0
2.0,1672.0,964.0,712.0,0.0,2140.0,2140.0,500.0,212.0,668.0,296.0
2.0,708.0,533.0,713.0,1124.0,1553.0,1553.0,500.0,213.0,350.0,183.0
2.0,1299.0,291.0,701.0,2140.0,0.0,0.0,490.0,211.0,185.0,106.0
2.0,3148.0,489.0,688.0,1553.0,0.0,0.0,481.0,207.0,346.0,143.0
2.0,4212.0,934.0,690.0,0.0,0.0,0.0,483.0,207.0,674.0,260.0
2.0,3278.0,1176.0,703.0,0.0,710.0,710.0,493.0,210.0,838.0,338.0
2.0,2102.0,960.0,716.0,0.0,1722.0,1722.0,502.0,214.0,666.0,294.0
2.0,1142.0,496.0,717.0,710.0,1512.0,1512.0,502.0,215.0,326.0,170.0
2.0,1356.0,245.0,704.0,1722.0,0.0,0.0,492.0,212.0,156.0,89.0
2.0,2833.0,456.0,692.0,1512.0,0.0,0.0,483.0,209.0,326.0,130.0
2.0,3889.0,922.0,693.0,0.0,0.0,0.0,485.0,208.0,670.0,252.0
2.0,2967.0,1185.0,707.0,0.0,1046.0,1046.0,496.0,211.0,850.0,335.0
2.0,1782.0,993.0,721.0,0.0,2095.0,2095.0,506.0,215.0,695.0,298.0
2.0,789.0,548.0,722.0,1046.0,1601.0,1601.0,506.0,216.0,374.0,174.0
2.0,1287.0,285.0,710.0,2095.0,0.0,0.0,497.0,213.0,193.0,92.0
2.0,3097.0,486.0,697.0,1601.0,0.0,0.0,488.0,209.0,346.0,140.0
2.0,4212.0,939.0,698.0,0.0,0.0,0.0,489.0,209.0,669.0,270.0
2.0,3273.0,1188.0,711.0,0.0,759.0,759.0,499.0,212.0,836.0,352.0
2.0,2085.0,986.0,726.0,0.0,1805.0,1805.0,509.0,217.0,681.0,305.0
2.0,1099.0,525.0,726.0,759.0,1571.0,1571.0,509.0,217.0,355.0,170.0
2.0,1333.0,276.0,713.0,1805.0,0.0,0.0,499.0,214.0,187.0,89.0
2.0,2862.0,473.0,702.0,1571.0,0.0,0.0,491.0,211.0,336.0,137.0
2.0,3960.0,917.0,702.0,0.0,0.0,0.0,492.0,210.0,653.0,264.0
2.0,3043.0,1165.0,716.0,0.0,986.0,986.0,502.0,214.0,820.0,345.0
2.0,1878.0,985.0,730.0,0.0,2027.0,2027.0,512.0,218.0,684.0,301.0
2.0,893.0,533.0,731.0,986.0,1578.0,1578.0,512.0,219.0,361.0,172.0
2.0,1346.0,279.0,719.0,2027.0,0.0,0.0,503.0,216.0,191.0,88.0
2.0,3094.0,480.0,705.0,1578.0,0.0,0.0,493.0,212.0,341.0,139.0
2.0,4192.0,943.0,706.0,0.0,0.0,0.0,494.0,212.0,669.0,274.0
2.0,3249.0,1210.0,719.0,0.0,837.0,837.0,504.0,215.0,852.0,358.0
2.0,2039.0,1004.0,733.0,0.0,1897.0,1897.0,514.0,219.0,700.0,304.0
2.0,1035.0,532.0,734.0,837.0,1596.0,1596.0,514.0,220.0,368.0,164.0
2.0,1340.0,267.0,721.0,1897.0,0.0,0.0,505.0,216.0,187.0,80.0
2.0,2970.0,472.0,708.0,1596.0,0.0,0.0,496.0,212.0,338.0,134.0
2.0,4094.0,933.0,709.0,0.0,0.0,0.0,497.0,212.0,664.0,269.0
2.0,3161.0,1195.0,724.0,0.0,930.0,930.0,508.0,216.0,839.0,356.0
2.0,1966.0,992.0,737.0,0.0,1974.0,1974.0,517.0,220.0,688.0,304.0
2.0,974.0,534.0,738.0,930.0,1582.0,1582.0,517.0,221.0,369.0,165.0
2.0,1370.0,276.0,725.0,1974.0,0.0,0.0,508.0,217.0,193.0,83.0
2.0,3068.0,486.0,713.0,1582.0,0.0,0.0,499.0,214.0,345.0,141.0
2.0,4164.0,954.0,713.0,0.0,0.0,0.0,499.0,214.0,668.0,286.0
2.0,3210.0,1210.0,727.0,0.0,908.0,908.0,509.0,218.0,839.0,371.0
2.0,2000.0,1009.0,741.0,0.0,1973.0,1973.0,519.0,222.0,695.0,314.0
2.0,991.0,552.0,741.0,908.0,1617.0,1617.0,519.0,222.0,377.0,175.0
2.0,1347.0,304.0,729.0,1973.0,0.0,0.0,510.0,219.0,214.0,90.0
2.0,3016.0,505.0,717.0,1617.0,0.0,0.0,502.0,215.0,365.0,140.0
2.0,4128.0,948.0,718.0,0.0,0.0,0.0,503.0,215.0,678.0,270.0
2.0,3180.0,1194.0,732.0,0.0,942.0,942.0,513.0,219.0,841.0,353.0
2.0,1986.0,987.0,746.0,0.0,1985.0,1985.0,523.0,223.0,687.0,300.0
2.0,999.0,531.0,746.0,942.0,1574.0,1574.0,523.0,223.0,364.0,167.0
2.0,1410.0,279.0,734.0,1985.0,0.0,0.0,514.0,220.0,195.0,84.0
2.0,3116.0,497.0,721.0,1574.0,0.0,0.0,505.0,216.0,357.0,140.0
2.0,4193.0,964.0,721.0,0.0,0.0,0.0,505.0,216.0,684.0,280.0
2.0,3229.0,1216.0,735.0,0.0,927.0,927.0,515.0,220.0,850.0,366.0
2.0,2013.0,999.0,749.0,0.0,1982.0,1982.0,525.0,224.0,690.0,309.0
2.0,1014.0,553.0,750.0,927.0,1612.0,1612.0,526.0,224.0,382.0,171.0
2.0,1388.0,311.0,738.0,1982.0,0.0,0.0,517.0,221.0,219.0,92.0
2.0,3059.0,526.0,725.0,1612.0,0.0,0.0,508.0,217.0,378.0,148.0
2.0,4145.0,993.0,726.0,0.0,0.0,0.0,509.0,217.0,707.0,286.0
2.0,3152.0,1228.0,740.0,0.0,1036.0,1036.0,519.0,221.0,866.0,362.0
2.0,1924.0,993.0,754.0,0.0,2085.0,2085.0,529.0,225.0,692.0,301.0
2.0,931.0,523.0,756.0,1036.0,1580.0,1580.0,530.0,226.0,355.0,168.0
2.0,1444.0,282.0,743.0,2085.0,0.0,0.0,521.0,222.0,188.0,94.0
2.0,3247.0,508.0,730.0,1580.0,0.0,0.0,511.0,219.0,355.0,153.0
2.0,4319.0,992.0,730.0,0.0,0.0,0.0,511.0,219.0,701.0,291.0
2.0,3327.0,1236.0,744.0,0.0,885.0,885.0,521.0,223.0,871.0,365.0
2.0,2091.0,1008.0,758.0,0.0,1949.0,1949.0,531.0,227.0,706.0,302.0
2.0,1083.0,538.0,758.0,885.0,1602.0,1602.0,531.0,227.0,367.0,171.0
2.0,1430.0,308.0,746.0,1949.0,0.0,0.0,522.0,224.0,201.0,107.0
2.0,3071.0,549.0,734.0,1602.0,0.0,0.0,513.0,221.0,379.0,170.0
2.0,4124.0,1016.0,734.0,0.0,0.0,0.0,514.0,220.0,726.0,290.0
2.0,3108.0,1241.0,748.0,0.0,1125.0,1125.0,524.0,224.0,891.0,350.0
2.0,1867.0,990.0,762.0,0.0,2171.0,2171.0,534.0,228.0,700.0,290.0
2.0,877.0,519.0,763.0,1125.0,1569.0,1569.0,535.0,228.0,349.0,170.0
2.0,1483.0,278.0,750.0,2171.0,0.0,0.0,525.0,225.0,173.0,105.0
2.0,3376.0,511.0,738.0,1569.0,0.0,0.0,516.0,222.0,350.0,161.0
2.0,4434.0,981.0,738.0,0.0,0.0,0.0,517.0,221.0,697.0,284.0
2.0,3453.0,1223.0,751.0,0.0,774.0,774.0,526.0,225.0,873.0,350.0
2.0,2230.0,1005.0,765.0,0.0,1835.0,1835.0,536.0,229.0,710.0,295.0
2.0,1225.0,562.0,767.0,774.0,1631.0,1631.0,537.0,230.0,376.0,186.0
2.0,1437.0,343.0,755.0,1835.0,91.0,91.0,528.0,227.0,216.0,127.0
2.0,2929.0,565.0,743.0,1631.0,0.0,0.0,520.0,223.0,391.0,174.0
2.0,3995.0,1016.0,743.0,91.0,0.0,0.0,520.0,223.0,732.0,284.0
2.0,3070.0,1237.0,756.0,0.0,1191.0,1191.0,530.0,226.0,893.0,344.0
2.0,1833.0,998.0,770.0,0.0,2245.0,2245.0,540.0,230.0,706.0,292.0
2.0,835.0,544.0,772.0,1191.0,1606.0,1606.0,541.0,231.0,365.0,179.0
2.0,1482.0,316.0,760.0,2245.0,0.0,0.0,532.0,228.0,193.0,123.0
2.0,3411.0,531.0,747.0,1606.0,0.0,0.0,522.0,225.0,362.0,169.0
2.0,4486.0,973.0,747.0,0.0,0.0,0.0,523.0,224.0,701.0,272.0
2.0,3513.0,1198.0,759.0,0.0,721.0,721.0,532.0,227.0,867.0,331.0
2.0,2315.0,978.0,773.0,0.0,1755.0,1755.0,542.0,231.0,692.0,286.0
2.0,1337.0,564.0,775.0,721.0,1606.0,1606.0,543.0,232.0,379.0,185.0
2.0,1494.0,384.0,763.0,1755.0,187.0,187.0,534.0,229.0,249.0,135.0
2.0,2865.0,607.0,753.0,1606.0,0.0,0.0,527.0,226.0,427.0,180.0
2.0,3864.0,1020.0,752.0,187.0,0.0,0.0,527.0,225.0,741.0,279.0
2.0,3031.0,1199.0,765.0,0.0,1228.0,1228.0,537.0,228.0,862.0,337.0
2.0,1832.0,969.0,778.0,0.0,2249.0,2249.0,546.0,232.0,679.0,290.0
2.0,863.0,559.0,779.0,1228.0,1584.0,1584.0,546.0,233.0,371.0,188.0
2.0,1532.0,367.0,767.0,2249.0,0.0,0.0,537.0,230.0,226.0,141.0
2.0,3414.0,568.0,755.0,1584.0,0.0,0.0,528.0,227.0,382.0,186.0
2.0,4430.0,968.0,755.0,0.0,0.0,0.0,528.0,227.0,690.0,278.0
2.0,3462.0,1177.0,768.0,0.0,787.0,787.0,538.0,230.0,852.0,325.0
2.0,2285.0,985.0,782.0,0.0,1828.0,1828.0,548.0,234.0,704.0,281.0
2.0,1300.0,591.0,782.0,787.0,1632.0,1632.0,548.0,234.0,401.0,190.0
2.0,1496.0,400.0,772.0,1828.0,164.0,164.0,540.0,232.0,255.0,145.0
2.0,2924.0,607.0,761.0,1632.0,0.0,0.0,532.0,229.0,415.0,192.0
2.0,3949.0,1013.0,760.0,164.0,0.0,0.0,532.0,228.0,723.0,290.0
2.0,3100.0,1204.0,773.0,0.0,1196.0,1196.0,542.0,231.0,870.0,334.0
2.0,1896.0,996.0,786.0,0.0,2244.0,2244.0,551.0,235.0,714.0,282.0
2.0,900.0,586.0,788.0,1196.0,1642.0,1642.0,552.0,236.0,400.0,186.0
2.0,1510.0,368.0,776.0,2244.0,0.0,0.0,543.0,233.0,233.0,135.0
2.0,3386.0,568.0,762.0,1642.0,0.0,0.0,533.0,229.0,382.0,186.0
2.0,4460.0,989.0,762.0,0.0,0.0,0.0,533.0,229.0,695.0,294.0
2.0,3471.0,1187.0,776.0,0.0,820.0,820.0,543.0,233.0,846.0,341.0
2.0,2284.0,990.0,789.0,0.0,1862.0,1862.0,553.0,236.0,708.0,282.0
2.0,1294.0,590.0,791.0,820.0,1640.0,1640.0,554.0,237.0,414.0,176.0
2.0,1524.0,401.0,780.0,1862.0,135.0,135.0,546.0,234.0,267.0,134.0
2.0,2985.0,623.0,767.0,1640.0,0.0,0.0,537.0,230.0,421.0,202.0
2.0,4002.0,1030.0,768.0,135.0,0.0,0.0,537.0,231.0,724.0,306.0
2.0,3107.0,1230.0,781.0,0.0,1247.0,1247.0,547.0,234.0,883.0,347.0
2.0,1877.0,1011.0,794.0,0.0,2310.0,2310.0,557.0,237.0,725.0,286.0
2.0,866.0,590.0,796.0,1247.0,1661.0,1661.0,558.0,238.0,407.0,183.0
2.0,1523.0,385.0,784.0,2310.0,0.0,0.0,549.0,235.0,242.0,143.0
2.0,3448.0,585.0,771.0,1661.0,0.0,0.0,539.0,232.0,382.0,203.0
2.0,4524.0,986.0,770.0,0.0,0.0,0.0,538.0,232.0,686.0,300.0
2.0,3538.0,1192.0,783.0,0.0,786.0,786.0,548.0,235.0,858.0,334.0
2.0,2346.0,991.0,798.0,0.0,1837.0,1837.0,559.0,239.0,718.0,273.0
2.0,1355.0,598.0,799.0,786.0,1653.0,1653.0,560.0,239.0,425.0,173.0
2.0,1543.0,395.0,788.0,1837.0,167.0,167.0,552.0,236.0,259.0,136.0
2.0,2985.0,598.0,776.0,1653.0,0.0,0.0,543.0,233.0,401.0,197.0
2.0,4040.0,1000.0,776.0,167.0,0.0,0.0,543.0,233.0,704.0,296.0
2.0,3207.0,1210.0,788.0,0.0,1155.0,1155.0,552.0,236.0,869.0,341.0
2.0,1997.0,1035.0,801.0,0.0,2242.0,2242.0,562.0,239.0,745.0,290.0
2.0,962.0,638.0,803.0,1155.0,1733.0,1733.0,563.0,240.0,443.0,195.0
2.0,1479.0,425.0,791.0,2242.0,0.0,0.0,554.0,237.0,275.0,150.0
2.0,3296.0,594.0,779.0,1733.0,0.0,0.0,545.0,234.0,396.0,198.0
2.0,4435.0,976.0,778.0,0.0,0.0,0.0,544.0,234.0,685.0,291.0
2.0,3459.0,1185.0,791.0,0.0,890.0,890.0,554.0,237.0,847.0,338.0
2.0,2274.0,1008.0,804.0,0.0,1950.0,1950.0,564.0,240.0,717.0,291.0
2.0,1266.0,613.0,806.0,890.0,1681.0,1681.0,565.0,241.0,421.0,192.0
2.0,1543.0,407.0,795.0,1950.0,94.0,94.0,557.0,238.0,267.0,140.0
2.0,3086.0,593.0,784.0,1681.0,0.0,0.0,548.0,236.0,409.0,184.0
2.0,4174.0,1002.0,784.0,94.0,0.0,0.0,548.0,236.0,711.0,291.0
2.0,3266.0,1220.0,797.0,0.0,1142.0,1142.0,558.0,239.0,873.0,347.0
2.0,2046.0,1033.0,809.0,0.0,2223.0,2223.0,567.0,242.0,734.0,299.0
2.0,1013.0,632.0,809.0,1142.0,1713.0,1713.0,567.0,242.0,434.0,198.0
2.0,1523.0,414.0,798.0,2223.0,0.0,0.0,558.0,240.0,271.0,143.0
2.0,3332.0,611.0,787.0,1713.0,0.0,0.0,550.0,237.0,416.0,195.0
2.0,4434.0,1014.0,787.0,0.0,0.0,0.0,550.0,237.0,717.0,297.0
2.0,3420.0,1227.0,800.0,0.0,1007.0,1007.0,560.0,240.0,882.0,345.0
2.0,2193.0,1020.0,813.0,0.0,2079.0,2079.0,570.0,243.0,730.0,290.0
2.0,1173.0,607.0,814.0,1007.0,1683.0,1683.0,571.0,243.0,423.0,184.0
2.0,1573.0,399.0,802.0,2079.0,0.0,0.0,562.0,240.0,263.0,136.0
2.0,3253.0,601.0,792.0,1683.0,0.0,0.0,554.0,238.0,407.0,194.0
2.0,4335.0,1014.0,792.0,0.0,0.0,0.0,554.0,238.0,710.0,304.0
2.0,3321.0,1235.0,804.0,0.0,1130.0,1130.0,563.0,241.0,875.0,360.0
2.0,2086.0,1043.0,816.0,0.0,2221.0,2221.0,572.0,244.0,736.0,307.0
2.0,1043.0,639.0,818.0,1130.0,1738.0,1738.0,573.0,245.0,440.0,199.0
2.0,1534.0,418.0,806.0,2221.0,0.0,0.0,564.0,242.0,275.0,143.0
2.0,3337.0,618.0,795.0,1738.0,0.0,0.0,556.0,239.0,422.0,196.0
2.0,4457.0,1036.0,796.0,0.0,0.0,0.0,556.0,240.0,730.0,306.0
2.0,3421.0,1255.0,808.0,0.0,1066.0,1066.0,565.0,243.0,891.0,364.0
2.0,2166.0,1045.0,821.0,0.0,2163.0,2163.0,575.0,246.0,735.0,310.0
2.0,1121.0,609.0,822.0,1066.0,1710.0,1710.0,576.0,246.0,418.0,191.0
2.0,1578.0,392.0,810.0,2163.0,0.0,0.0,567.0,243.0,266.0,126.0
2.0,3349.0,603.0,799.0,1710.0,0.0,0.0,559.0,240.0,421.0,182.0
2.0,4456.0,1021.0,799.0,0.0,0.0,0.0,559.0,240.0,723.0,298.0
2.0,3435.0,1230.0,812.0,0.0,1043.0,1043.0,568.0,244.0,874.0,356.0
2.0,2205.0,1024.0,824.0,0.0,2115.0,2115.0,577.0,247.0,720.0,304.0
2.0,1181.0,609.0,824.0,1043.0,1681.0,1681.0,577.0,247.0,416.0,193.0
2.0,1615.0,415.0,812.0,2115.0,0.0,0.0,568.0,244.0,278.0,137.0
2.0,3315.0,641.0,801.0,1681.0,0.0,0.0,560.0,241.0,445.0,196.0
2.0,4355.0,1068.0,801.0,0.0,0.0,0.0,560.0,241.0,752.0,316.0
2.0,3287.0,1282.0,815.0,0.0,1255.0,1255.0,570.0,245.0,905.0,377.0
2.0,2005.0,1050.0,828.0,0.0,2357.0,2357.0,580.0,248.0,736.0,314.0
2.0,955.0,615.0,828.0,1255.0,1717.0,1717.0,580.0,248.0,426.0,189.0
2.0,1595.0,409.0,818.0,2357.0,0.0,0.0,573.0,245.0,283.0,126.0
2.0,3543.0,623.0,806.0,1717.0,0.0,0.0,564.0,242.0,430.0,193.0
2.0,4637.0,1041.0,808.0,0.0,0.0,0.0,565.0,243.0,728.0,313.0
2.0,3596.0,1237.0,820.0,0.0,921.0,921.0,573.0,247.0,870.0,367.0
2.0,2359.0,1013.0,832.0,0.0,1982.0,1982.0,582.0,250.0,716.0,297.0
2.0,1346.0,613.0,831.0,921.0,1670.0,1670.0,582.0,249.0,429.0,184.0
2.0,1654.0,425.0,821.0,1982.0,73.0,73.0,575.0,246.0,291.0,134.0
2.0,3211.0,648.0,810.0,1670.0,0.0,0.0,566.0,244.0,447.0,201.0
2.0,4233.0,1065.0,810.0,73.0,0.0,0.0,566.0,244.0,744.0,321.0
2.0,3241.0,1265.0,823.0,0.0,1316.0,1316.0,575.0,248.0,894.0,371.0
2.0,1976.0,1054.0,835.0,0.0,2418.0,2418.0,584.0,251.0,751.0,303.0
2.0,922.0,647.0,835.0,1316.0,1749.0,1749.0,585.0,250.0,460.0,187.0
2.0,1591.0,442.0,825.0,2418.0,0.0,0.0,578.0,247.0,307.0,135.0
2.0,3567.0,642.0,815.0,1749.0,0.0,0.0,570.0,245.0,444.0,198.0
2.0,4674.0,1036.0,815.0,0.0,0.0,0.0,570.0,245.0,720.0,316.0
2.0,3638.0,1221.0,828.0,0.0,895.0,895.0,579.0,249.0,855.0,366.0
2.0,2417.0,1011.0,839.0,0.0,1950.0,1950.0,587.0,252.0,713.0,298.0
2.0,1406.0,631.0,840.0,895.0,1690.0,1690.0,588.0,252.0,444.0,187.0
2.0,1670.0,449.0,829.0,1950.0,145.0,145.0,580.0,249.0,306.0,143.0
2.0,3171.0,664.0,818.0,1690.0,0.0,0.0,572.0,246.0,452.0,212.0
2.0,4197.0,1077.0,819.0,145.0,11.0,11.0,572.0,247.0,745.0,332.0
2.0,3265.0,1263.0,831.0,0.0,1322.0,1322.0,581.0,250.0,885.0,378.0
2.0,2002.0,1053.0,843.0,11.0,2412.0,2412.0,590.0,253.0,749.0,304.0
2.0,960.0,647.0,844.0,1322.0,1741.0,1741.0,591.0,253.0,459.0,188.0
2.0,1635.0,467.0,833.0,2412.0,0.0,0.0,583.0,250.0,320.0,147.0
2.0,3580.0,685.0,824.0,1741.0,0.0,0.0,576.0,248.0,471.0,214.0
2.0,4636.0,1064.0,824.0,0.0,0.0,0.0,576.0,248.0,742.0,322.0
2.0,3572.0,1212.0,836.0,0.0,984.0,984.0,584.0,252.0,855.0,357.0
2.0,2360.0,975.0,847.0,0.0,2003.0,2003.0,592.0,255.0,693.0,282.0
2.0,1385.0,607.0,847.0,984.0,1626.0,1626.0,593.0,254.0,426.0,181.0
2.0,1762.0,464.0,836.0,2003.0,43.0,43.0,585.0,251.0,314.0,150.0
2.0,3301.0,710.0,827.0,1626.0,0.0,0.0,578.0,249.0,486.0,224.0
2.0,4217.0,1091.0,827.0,43.0,139.0,139.0,578.0,249.0,763.0,328.0
2.0,3169.0,1242.0,839.0,0.0,1429.0,1429.0,587.0,252.0,881.0,361.0
2.0,1927.0,1018.0,850.0,139.0,2352.0,2352.0,595.0,255.0,725.0,293.0
2.0,1048.0,657.0,851.0,1429.0,1584.0,1584.0,596.0,255.0,465.0,192.0
2.0,1820.0,515.0,841.0,2352.0,0.0,0.0,589.0,252.0,351.0,164.0
2.0,3657.0,721.0,831.0,1584.0,0.0,0.0,581.0,250.0,490.0,231.0
2.0,4520.0,1065.0,831.0,0.0,0.0,0.0,581.0,250.0,737.0,328.0
2.0,3455.0,1205.0,842.0,0.0,1118.0,1118.0,589.0,253.0,850.0,355.0
2.0,2250.0,983.0,854.0,0.0,2149.0,2149.0,598.0,256.0,700.0,283.0
2.0,1267.0,625.0,854.0,1118.0,1656.0,1656.0,598.0,256.0,439.0,186.0
2.0,1760.0,496.0,845.0,2149.0,0.0,0.0,591.0,254.0,335.0,161.0
2.0,3413.0,721.0,834.0,1656.0,0.0,0.0,583.0,251.0,488.0,233.0
2.0,4348.0,1100.0,836.0,0.0,96.0,96.0,584.0,252.0,763.0,337.0
2.0,3248.0,1236.0,848.0,0.0,1380.0,1380.0,593.0,255.0,877.0,359.0
2.0,2012.0,1011.0,860.0,96.0,2343.0,2343.0,602.0,258.0,726.0,285.0
2.0,1097.0,654.0,860.0,1380.0,1617.0,1617.0,602.0,258.0,470.0,184.0
2.0,1823.0,525.0,850.0,2343.0,0.0,0.0,595.0,255.0,366.0,159.0
2.0,3641.0,748.0,839.0,1617.0,0.0,0.0,587.0,252.0,513.0,235.0
2.0,4510.0,1087.0,839.0,0.0,0.0,0.0,587.0,252.0,753.0,334.0
2.0,3423.0,1212.0,852.0,0.0,1197.0,1197.0,596.0,256.0,850.0,362.0
2.0,2211.0,983.0,863.0,0.0,2224.0,2224.0,604.0,259.0,700.0,283.0
2.0,1228.0,620.0,862.0,1197.0,1643.0,1643.0,604.0,258.0,446.0,174.0
2.0,1805.0,492.0,852.0,2224.0,0.0,0.0,597.0,255.0,345.0,147.0
2.0,3537.0,731.0,842.0,1643.0,0.0,0.0,589.0,253.0,500.0,231.0
2.0,4449.0,1093.0,843.0,0.0,16.0,16.0,590.0,253.0,752.0,341.0
2.0,3356.0,1236.0,855.0,0.0,1300.0,1300.0,598.0,257.0,862.0,374.0
2.0,2120.0,1032.0,867.0,16.0,2364.0,2364.0,607.0,260.0,734.0,298.0
2.0,1104.0,677.0,868.0,1300.0,1745.0,1745.0,608.0,260.0,490.0,187.0
2.0,1727.0,525.0,858.0,2364.0,0.0,0.0,601.0,257.0,373.0,152.0
2.0,3566.0,729.0,847.0,1745.0,0.0,0.0,593.0,254.0,502.0,227.0
2.0,4582.0,1094.0,848.0,0.0,0.0,0.0,593.0,255.0,750.0,344.0
2.0,3488.0,1234.0,860.0,0.0,1186.0,1186.0,601.0,259.0,853.0,381.0
2.0,2254.0,1025.0,871.0,0.0,2255.0,2255.0,609.0,262.0,719.0,306.0
2.0,1229.0,652.0,871.0,1186.0,1721.0,1721.0,609.0,262.0,462.0,190.0
2.0,1763.0,499.0,860.0,2255.0,0.0,0.0,602.0,258.0,355.0,144.0
2.0,3519.0,710.0,850.0,1721.0,0.0,0.0,595.0,255.0,495.0,215.0
2.0,4530.0,1075.0,852.0,0.0,0.0,0.0,596.0,256.0,744.0,331.0
2.0,3455.0,1235.0,864.0,0.0,1236.0,1236.0,604.0,260.0,861.0,374.0
2.0,2220.0,1042.0,875.0,0.0,2322.0,2322.0,612.0,263.0,736.0,306.0
2.0,1178.0,687.0,876.0,1236.0,1777.0,1777.0,613.0,263.0,489.0,198.0
2.0,1727.0,538.0,865.0,2322.0,0.0,0.0,606.0,259.0,378.0,160.0
2.0,3511.0,740.0,854.0,1777.0,0.0,0.0,598.0,256.0,512.0,228.0
2.0,4548.0,1089.0,855.0,0.0,0.0,0.0,598.0,257.0,754.0,335.0
2.0,3459.0,1244.0,867.0,0.0,1253.0,1253.0,606.0,261.0,867.0,377.0
2.0,2215.0,1039.0,878.0,0.0,2336.0,2336.0,614.0,264.0,731.0,308.0
2.0,1176.0,684.0,877.0,1253.0,1763.0,1763.0,614.0,263.0,483.0,201.0
2.0,1745.0,525.0,867.0,2336.0,0.0,0.0,607.0,260.0,367.0,158.0
2.0,3556.0,721.0,858.0,1763.0,0.0,0.0,600.0,258.0,499.0,222.0
2.0,4598.0,1075.0,860.0,0.0,0.0,0.0,601.0,259.0,744.0,331.0
2.0,3523.0,1234.0,872.0,0.0,1199.0,1199.0,610.0,262.0,858.0,376.0
2.0,2289.0,1038.0,883.0,0.0,2281.0,2281.0,618.0,265.0,728.0,310.0
2.0,1251.0,692.0,883.0,1199.0,1774.0,1774.0,618.0,265.0,493.0,199.0
2.0,1758.0,557.0,873.0,2281.0,10.0,10.0,611.0,262.0,398.0,159.0
2.0,3482.0,765.0,863.0,1774.0,0.0,0.0,604.0,259.0,534.0,231.0
2.0,4491.0,1113.0,865.0,10.0,72.0,72.0,605.0,260.0,771.0,342.0
2.0,3388.0,1241.0,877.0,0.0,1361.0,1361.0,613.0,264.0,859.0,382.0
2.0,2147.0,1023.0,887.0,72.0,2352.0,2352.0,620.0,267.0,715.0,308.0
2.0,1196.0,676.0,885.0,1361.0,1659.0,1659.0,619.0,266.0,485.0,191.0
2.0,1881.0,547.0,875.0,2352.0,0.0,0.0,613.0,262.0,400.0,147.0
2.0,3686.0,766.0,867.0,1659.0,0.0,0.0,607.0,260.0,544.0,222.0
2.0,4579.0,1119.0,870.0,0.0,20.0,20.0,609.0,261.0,777.0,342.0
2.0,3460.0,1247.0,882.0,0.0,1315.0,1315.0,617.0,265.0,864.0,383.0
2.0,2213.0,1013.0,892.0,20.0,2348.0,2348.0,624.0,268.0,706.0,307.0
2.0,1220.0,658.0,890.0,1315.0,1683.0,1683.0,623.0,267.0,468.0,190.0
2.0,1877.0,550.0,879.0,2348.0,0.0,0.0,616.0,263.0,396.0,154.0
2.0,3675.0,783.0,871.0,1683.0,0.0,0.0,610.0,261.0,548.0,235.0
2.0,4575.0,1141.0,873.0,0.0,58.0,58.0,611.0,262.0,785.0,356.0
2.0,3434.0,1259.0,885.0,0.0,1365.0,1365.0,619.0,266.0,866.0,393.0
2.0,2175.0,1023.0,895.0,58.0,2370.0,2370.0,626.0,269.0,714.0,309.0
2.0,1210.0,680.0,893.0,1365.0,1677.0,1677.0,625.0,268.0,483.0,197.0
2.0,1895.0,567.0,883.0,2370.0,0.0,0.0,618.0,265.0,405.0,162.0
2.0,3698.0,790.0,876.0,1677.0,0.0,0.0,613.0,263.0,557.0,233.0
2.0,4585.0,1132.0,878.0,0.0,59.0,59.0,614.0,264.0,794.0,338.0
2.0,3453.0,1245.0,890.0,0.0,1352.0,1352.0,623.0,267.0,870.0,375.0
2.0,2208.0,1004.0,899.0,59.0,2333.0,2333.0,629.0,270.0,702.0,302.0
2.0,1263.0,665.0,899.0,1352.0,1646.0,1646.0,629.0,270.0,468.0,197.0
2.0,1950.0,544.0,888.0,2333.0,0.0,0.0,622.0,266.0,384.0,160.0
2.0,3739.0,775.0,879.0,1646.0,0.0,0.0,616.0,263.0,549.0,226.0
2.0,4610.0,1131.0,881.0,0.0,45.0,45.0,617.0,264.0,794.0,337.0
2.0,3479.0,1261.0,892.0,0.0,1350.0,1350.0,624.0,268.0,878.0,383.0
2.0,2218.0,1050.0,902.0,45.0,2395.0,2395.0,631.0,271.0,728.0,322.0
2.0,1213.0,715.0,902.0,1350.0,1760.0,1760.0,631.0,271.0,501.0,214.0
2.0,1848.0,574.0,893.0,2395.0,0.0,0.0,625.0,268.0,406.0,168.0
2.0,3669.0,789.0,884.0,1760.0,0.0,0.0,619.0,265.0,557.0,232.0
2.0,4640.0,1128.0,885.0,0.0,28.0,28.0,620.0,265.0,789.0,339.0
2.0,3512.0,1261.0,897.0,0.0,1337.0,1337.0,628.0,269.0,876.0,385.0
2.0,2251.0,1048.0,907.0,28.0,2397.0,2397.0,635.0,272.0,728.0,320.0
2.0,1231.0,689.0,907.0,1337.0,1749.0,1749.0,635.0,272.0,483.0,206.0
2.0,1879.0,541.0,897.0,2397.0,0.0,0.0,628.0,269.0,383.0,158.0
2.0,3735.0,763.0,888.0,1749.0,0.0,0.0,622.0,266.0,536.0,227.0
2.0,4721.0,1130.0,890.0,0.0,0.0,0.0,623.0,267.0,782.0,348.0
2.0,3591.0,1274.0,901.0,0.0,1287.0,1287.0,630.0,271.0,876.0,398.0
2.0,2317.0,1064.0,911.0,0.0,2391.0,2391.0,637.0,274.0,738.0,326.0
2.0,1253.0,712.0,911.0,1287.0,1816.0,1816.0,637.0,274.0,504.0,208.0
2.0,1828.0,583.0,901.0,2391.0,0.0,0.0,631.0,270.0,421.0,162.0
2.0,3636.0,803.0,893.0,1816.0,0.0,0.0,625.0,268.0,571.0,232.0
2.0,4649.0,1153.0,894.0,0.0,80.0,80.0,626.0,268.0,804.0,349.0
2.0,3496.0,1285.0,906.0,0.0,1413.0,1413.0,634.0,272.0,891.0,394.0
2.0,2211.0,1052.0,916.0,80.0,2425.0,2425.0,641.0,275.0,729.0,323.0
2.0,1239.0,690.0,916.0,1413.0,1702.0,1702.0,641.0,275.0,487.0,203.0
2.0,1962.0,540.0,905.0,2425.0,0.0,0.0,634.0,271.0,390.0,150.0
2.0,3847.0,754.0,896.0,1702.0,0.0,0.0,628.0,268.0,537.0,217.0
2.0,4795.0,1121.0,898.0,0.0,0.0,0.0,629.0,269.0,781.0,340.0
2.0,3674.0,1293.0,910.0,0.0,1259.0,1259.0,637.0,273.0,891.0,402.0
2.0,2381.0,1097.0,919.0,0.0,2392.0,2392.0,643.0,276.0,755.0,342.0
2.0,1284.0,742.0,919.0,1259.0,1875.0,1875.0,643.0,276.0,520.0,222.0
2.0,1801.0,582.0,909.0,2392.0,25.0,25.0,636.0,273.0,420.0,162.0
2.0,3611.0,789.0,901.0,1875.0,0.0,0.0,631.0,270.0,567.0,222.0
2.0,4697.0,1161.0,903.0,25.0,51.0,51.0,633.0,270.0,812.0,349.0
2.0,3561.0,1321.0,916.0,0.0,1424.0,1424.0,641.0,275.0,910.0,411.0
2.0,2240.0,1103.0,926.0,51.0,2516.0,2516.0,648.0,278.0,761.0,342.0
2.0,1188.0,707.0,925.0,1424.0,1795.0,1795.0,647.0,278.0,501.0,206.0
2.0,1905.0,531.0,913.0,2516.0,0.0,0.0,639.0,274.0,387.0,144.0
2.0,3890.0,743.0,904.0,1795.0,0.0,0.0,633.0,271.0,530.0,213.0
2.0,4942.0,1118.0,906.0,0.0,0.0,0.0,634.0,272.0,777.0,341.0
2.0,3824.0,1290.0,918.0,0.0,1138.0,1138.0,642.0,276.0,888.0,402.0
2.0,2534.0,1089.0,928.0,0.0,2267.0,2267.0,649.0,279.0,754.0,335.0
2.0,1445.0,725.0,928.0,1138.0,1854.0,1854.0,649.0,279.0,513.0,212.0
2.0,1858.0,592.0,917.0,2267.0,135.0,135.0,642.0,275.0,431.0,161.0
2.0,3533.0,811.0,908.0,1854.0,0.0,0.0,636.0,272.0,580.0,231.0
2.0,4576.0,1164.0,911.0,135.0,97.0,97.0,638.0,273.0,815.0,349.0
2.0,3547.0,1301.0,923.0,0.0,1446.0,1446.0,646.0,277.0,899.0,402.0
2.0,2246.0,1085.0,933.0,97.0,2474.0,2474.0,653.0,280.0,743.0,342.0
2.0,1258.0,723.0,932.0,1446.0,1747.0,1747.0,652.0,280.0,498.0,225.0
2.0,1981.0,580.0,921.0,2474.0,0.0,0.0,644.0,277.0,413.0,167.0
2.0,3875.0,781.0,912.0,1747.0,0.0,0.0,638.0,274.0,558.0,223.0
2.0,4841.0,1131.0,914.0,0.0,0.0,0.0,640.0,274.0,789.0,342.0
2.0,3710.0,1275.0,926.0,0.0,1269.0,1269.0,648.0,278.0,874.0,401.0
2.0,2435.0,1079.0,937.0,0.0,2392.0,2392.0,655.0,282.0,740.0,339.0
2.0,1356.0,747.0,936.0,1269.0,1866.0,1866.0,654.0,282.0,529.0,218.0
2.0,1878.0,626.0,926.0,2392.0,60.0,60.0,648.0,278.0,459.0,167.0
2.0,3644.0,832.0,918.0,1866.0,0.0,0.0,642.0,276.0,598.0,234.0
2.0,4678.0,1165.0,920.0,60.0,107.0,107.0,644.0,276.0,816.0,349.0
2.0,3573.0,1284.0,932.0,0.0,1439.0,1439.0,652.0,280.0,883.0,401.0
2.0,2289.0,1077.0,941.0,107.0,2445.0,2445.0,658.0,283.0,741.0,336.0
2.0,1319.0,754.0,940.0,1439.0,1756.0,1756.0,657.0,283.0,528.0,226.0
2.0,2004.0,632.0,931.0,2445.0,0.0,0.0,651.0,280.0,459.0,173.0
2.0,3817.0,813.0,922.0,1756.0,0.0,0.0,645.0,277.0,583.0,230.0
2.0,4760.0,1108.0,923.0,0.0,40.0,40.0,646.0,277.0,771.0,337.0
2.0,3652.0,1215.0,933.0,0.0,1295.0,1295.0,653.0,280.0,831.0,384.0
2.0,2437.0,1044.0,943.0,40.0,2339.0,2339.0,659.0,284.0,714.0,330.0
2.0,1433.0,772.0,943.0,1295.0,1816.0,1816.0,659.0,284.0,540.0,232.0
2.0,1956.0,672.0,935.0,2339.0,117.0,117.0,654.0,281.0,488.0,184.0
2.0,3623.0,849.0,926.0,1816.0,0.0,0.0,649.0,277.0,612.0,237.0
2.0,4590.0,1133.0,928.0,117.0,138.0,138.0,650.0,278.0,795.0,338.0
2.0,3574.0,1259.0,938.0,0.0,1437.0,1437.0,657.0,281.0,865.0,394.0
2.0,2315.0,1089.0,948.0,138.0,2428.0,2428.0,663.0,285.0,746.0,343.0
2.0,1364.0,803.0,948.0,1437.0,1794.0,1794.0,663.0,285.0,562.0,241.0
2.0,1998.0,676.0,939.0,2428.0,6.0,6.0,657.0,282.0,486.0,190.0
2.0,3750.0,826.0,930.0,1794.0,0.0,0.0,651.0,279.0,590.0,236.0
2.0,4718.0,1087.0,930.0,6.0,83.0,83.0,651.0,279.0,756.0,331.0
2.0,3637.0,1206.0,940.0,0.0,1329.0,1329.0,658.0,282.0,830.0,376.0
2.0,2431.0,1063.0,950.0,83.0,2349.0,2349.0,664.0,286.0,728.0,335.0
2.0,1451.0,797.0,951.0,1329.0,1821.0,1821.0,665.0,286.0,556.0,241.0
2.0,1983.0,681.0,942.0,2349.0,117.0,117.0,659.0,283.0,491.0,190.0
2.0,3651.0,844.0,934.0,1821.0,0.0,0.0,654.0,280.0,610.0,234.0
2.0,4628.0,1124.0,935.0,117.0,119.0,119.0,655.0,280.0,796.0,328.0
2.0,3621.0,1255.0,944.0,0.0,1410.0,1410.0,661.0,283.0,870.0,385.0
2.0,2366.0,1095.0,955.0,119.0,2430.0,2430.0,668.0,287.0,750.0,345.0
2.0,1390.0,835.0,955.0,1410.0,1855.0,1855.0,668.0,287.0,581.0,254.0
2.0,1965.0,707.0,946.0,2430.0,96.0,96.0,662.0,284.0,506.0,201.0
2.0,3688.0,842.0,937.0,1855.0,0.0,0.0,656.0,281.0,604.0,238.0
2.0,4701.0,1101.0,937.0,96.0,52.0,52.0,656.0,281.0,772.0,329.0
2.0,3696.0,1216.0,947.0,0.0,1308.0,1308.0,663.0,284.0,835.0,381.0
2.0,2480.0,1077.0,958.0,52.0,2377.0,2377.0,670.0,288.0,737.0,340.0
2.0,1455.0,830.0,960.0,1308.0,1907.0,1907.0,671.0,289.0,583.0,247.0
2.0,1933.0,708.0,952.0,2377.0,206.0,206.0,666.0,286.0,516.0,192.0
2.0,3602.0,838.0,942.0,1907.0,0.0,0.0,660.0,282.0,604.0,234.0
2.0,4671.0,1104.0,943.0,206.0,0.0,0.0,661.0,282.0,773.0,331.0
2.0,3773.0,1240.0,953.0,0.0,1279.0,1279.0,667.0,286.0,853.0,387.0
2.0,2533.0,1105.0,962.0,0.0,2420.0,2420.0,673.0,289.0,757.0,348.0
2.0,1428.0,835.0,963.0,1279.0,1980.0,1980.0,673.0,290.0,583.0,252.0
2.0,1872.0,717.0,955.0,2420.0,245.0,245.0,668.0,287.0,515.0,202.0
2.0,3575.0,855.0,946.0,1980.0,0.0,0.0,662.0,284.0,612.0,243.0
2.0,4700.0,1117.0,947.0,245.0,0.0,0.0,663.0,284.0,786.0,331.0
2.0,3828.0,1227.0,957.0,0.0,1227.0,1227.0,670.0,287.0,850.0,377.0
2.0,2601.0,1083.0,966.0,0.0,2346.0,2346.0,676.0,290.0,747.0,336.0
2.0,1518.0,834.0,967.0,1227.0,1957.0,1957.0,677.0,290.0,585.0,249.0
2.0,1911.0,725.0,960.0,2346.0,308.0,308.0,672.0,288.0,524.0,201.0
2.0,3532.0,849.0,951.0,1957.0,0.0,0.0,667.0,284.0,613.0,236.0
2.0,4640.0,1093.0,951.0,308.0,0.0,0.0,667.0,284.0,763.0,330.0
2.0,3855.0,1215.0,961.0,0.0,1204.0,1204.0,673.0,288.0,829.0,386.0
2.0,2640.0,1098.0,969.0,0.0,2334.0,2334.0,678.0,291.0,752.0,346.0
2.0,1542.0,862.0,970.0,1204.0,1996.0,1996.0,679.0,291.0,607.0,255.0
2.0,1884.0,763.0,962.0,2334.0,393.0,393.0,673.0,289.0,548.0,215.0
2.0,3455.0,896.0,955.0,1996.0,0.0,0.0,669.0,286.0,634.0,262.0
2.0,4555.0,1119.0,955.0,393.0,0.0,0.0,669.0,286.0,774.0,345.0
2.0,3829.0,1200.0,964.0,0.0,1227.0,1227.0,675.0,289.0,821.0,379.0
2.0,2629.0,1075.0,972.0,0.0,2334.0,2334.0,680.0,292.0,743.0,332.0
2.0,1554.0,868.0,974.0,1227.0,1983.0,1983.0,681.0,293.0,620.0,248.0
2.0,1913.0,778.0,967.0,2334.0,399.0,399.0,677.0,290.0,570.0,208.0
2.0,3469.0,895.0,962.0,1983.0,0.0,0.0,674.0,288.0,648.0,247.0
2.0,4557.0,1098.0,963.0,399.0,0.0,0.0,675.0,288.0,770.0,328.0
2.0,3858.0,1186.0,970.0,0.0,1208.0,1208.0,680.0,290.0,812.0,374.0
2.0,2672.0,1056.0,977.0,0.0,2292.0,2292.0,684.0,293.0,716.0,340.0
2.0,1616.0,851.0,978.0,1208.0,1939.0,1939.0,684.0,294.0,591.0,260.0
2.0,1973.0,783.0,971.0,2292.0,402.0,402.0,680.0,291.0,568.0,215.0
2.0,3482.0,920.0,965.0,1939.0,0.0,0.0,676.0,289.0,667.0,253.0
2.0,4501.0,1149.0,966.0,402.0,110.0,110.0,677.0,289.0,808.0,341.0
2.0,3754.0,1231.0,973.0,0.0,1369.0,1369.0,682.0,291.0,841.0,390.0
2.0,2523.0,1087.0,981.0,110.0,2378.0,2378.0,687.0,294.0,739.0,348.0
2.0,1546.0,850.0,982.0,1369.0,1863.0,1863.0,687.0,295.0,592.0,258.0
2.0,2065.0,763.0,976.0,2378.0,224.0,224.0,683.0,293.0,554.0,209.0
2.0,3680.0,911.0,970.0,1863.0,0.0,0.0,680.0,290.0,662.0,249.0
2.0,4632.0,1135.0,972.0,224.0,167.0,167.0,682.0,290.0,800.0,335.0
2.0,3721.0,1207.0,980.0,0.0,1406.0,1406.0,687.0,293.0,826.0,381.0
2.0,2514.0,1060.0,987.0,167.0,2327.0,2327.0,691.0,296.0,720.0,340.0
2.0,1621.0,834.0,986.0,1406.0,1751.0,1751.0,690.0,296.0,577.0,257.0
2.0,2193.0,763.0,980.0,2327.0,163.0,163.0,686.0,294.0,547.0,216.0
2.0,3757.0,934.0,974.0,1751.0,0.0,0.0,682.0,292.0,673.0,261.0
2.0,4574.0,1176.0,975.0,163.0,339.0,339.0,683.0,292.0,829.0,347.0
2.0,3561.0,1249.0,983.0,0.0,1620.0,1620.0,689.0,294.0,863.0,386.0
2.0,2312.0,1073.0,990.0,339.0,2382.0,2382.0,693.0,297.0,736.0,337.0
2.0,1578.0,822.0,990.0,1620.0,1584.0,1584.0,693.0,297.0,570.0,252.0
2.0,2376.0,747.0,983.0,2382.0,0.0,0.0,688.0,295.0,538.0,209.0
2.0,4011.0,917.0,977.0,1584.0,0.0,0.0,685.0,292.0,665.0,252.0
2.0,4678.0,1165.0,979.0,0.0,403.0,403.0,687.0,292.0,825.0,340.0
2.0,3513.0,1237.0,987.0,0.0,1672.0,1672.0,692.0,295.0,851.0,386.0
2.0,2276.0,1059.0,994.0,403.0,2356.0,2356.0,696.0,298.0,717.0,342.0
2.0,1620.0,817.0,993.0,1672.0,1497.0,1497.0,695.0,298.0,561.0,256.0
2.0,2475.0,749.0,986.0,2356.0,0.0,0.0,690.0,296.0,536.0,213.0
2.0,4082.0,932.0,981.0,1497.0,0.0,0.0,687.0,294.0,673.0,259.0
2.0,4647.0,1190.0,982.0,0.0,471.0,471.0,688.0,294.0,840.0,350.0
2.0,3457.0,1278.0,990.0,0.0,1781.0,1781.0,694.0,296.0,875.0,403.0
2.0,2179.0,1113.0,997.0,471.0,2451.0,2451.0,698.0,299.0,753.0,360.0
2.0,1537.0,861.0,998.0,1781.0,1535.0,1535.0,698.0,300.0,599.0,262.0
2.0,2457.0,766.0,992.0,2451.0,0.0,0.0,694.0,298.0,557.0,209.0
2.0,4142.0,923.0,985.0,1535.0,0.0,0.0,690.0,295.0,671.0,252.0
2.0,4754.0,1160.0,987.0,0.0,354.0,354.0,692.0,295.0,822.0,338.0
2.0,3594.0,1244.0,995.0,0.0,1630.0,1630.0,697.0,298.0,861.0,383.0
2.0,2350.0,1079.0,1001.0,354.0,2379.0,2379.0,701.0,300.0,736.0,343.0
2.0,1625.0,819.0,1001.0,1630.0,1568.0,1568.0,700.0,301.0,563.0,256.0
2.0,2436.0,737.0,994.0,2379.0,0.0,0.0,696.0,298.0,529.0,208.0
2.0,4078.0,914.0,989.0,1568.0,0.0,0.0,693.0,296.0,662.0,252.0
2.0,4732.0,1196.0,990.0,0.0,424.0,424.0,694.0,296.0,850.0,346.0
2.0,3536.0,1300.0,999.0,0.0,1760.0,1760.0,700.0,299.0,902.0,398.0
2.0,2236.0,1136.0,1005.0,424.0,2496.0,2496.0,704.0,301.0,777.0,359.0
2.0,1524.0,867.0,1006.0,1760.0,1607.0,1607.0,704.0,302.0,598.0,269.0
2.0,2417.0,766.0,998.0,2496.0,0.0,0.0,699.0,299.0,548.0,218.0
2.0,4147.0,937.0,994.0,1607.0,0.0,0.0,697.0,297.0,680.0,257.0
2.0,4817.0,1184.0,996.0,0.0,351.0,351.0,699.0,297.0,837.0,347.0
2.0,3633.0,1256.0,1003.0,0.0,1635.0,1635.0,703.0,300.0,862.0,394.0
2.0,2377.0,1085.0,1009.0,351.0,2393.0,2393.0,706.0,303.0,735.0,350.0
2.0,1643.0,839.0,1008.0,1635.0,1593.0,1593.0,705.0,303.0,579.0,260.0
2.0,2439.0,756.0,1002.0,2393.0,0.0,0.0,701.0,301.0,542.0,214.0
2.0,4076.0,918.0,996.0,1593.0,0.0,0.0,698.0,298.0,660.0,258.0
2.0,4751.0,1177.0,999.0,0.0,422.0,422.0,700.0,299.0,826.0,351.0
2.0,3574.0,1283.0,1007.0,0.0,1737.0,1737.0,706.0,301.0,886.0,397.0
2.0,2291.0,1144.0,1014.0,422.0,2487.0,2487.0,710.0,304.0,784.0,360.0
2.0,1569.0,896.0,1013.0,1737.0,1642.0,1642.0,709.0,304.0,626.0,270.0
2.0,2410.0,795.0,1006.0,2487.0,0.0,0.0,704.0,302.0,575.0,220.0
2.0,4102.0,938.0,1001.0,1642.0,0.0,0.0,701.0,300.0,677.0,261.0
2.0,4806.0,1159.0,1003.0,0.0,365.0,365.0,703.0,300.0,814.0,345.0
2.0,3647.0,1234.0,1010.0,0.0,1627.0,1627.0,708.0,302.0,846.0,388.0
2.0,2413.0,1086.0,1016.0,365.0,2372.0,2372.0,711.0,305.0,737.0,349.0
2.0,1692.0,864.0,1015.0,1627.0,1605.0,1605.0,710.0,305.0,598.0,266.0
2.0,2455.0,787.0,1008.0,2372.0,0.0,0.0,705.0,303.0,567.0,220.0
2.0,4040.0,929.0,1002.0,1605.0,0.0,0.0,702.0,300.0,673.0,256.0
2.0,4716.0,1158.0,1004.0,0.0,458.0,458.0,704.0,300.0,821.0,337.0
2.0,3558.0,1253.0,1013.0,0.0,1747.0,1747.0,710.0,303.0,865.0,388.0
2.0,2305.0,1138.0,1020.0,458.0,2455.0,2455.0,714.0,306.0,770.0,368.0
2.0,1625.0,934.0,1020.0,1747.0,1642.0,1642.0,714.0,306.0,643.0,291.0
2.0,2438.0,843.0,1013.0,2455.0,2.0,2.0,709.0,304.0,607.0,236.0
2.0,4050.0,961.0,1008.0,1642.0,0.0,0.0,706.0,302.0,702.0,259.0
2.0,4731.0,1155.0,1010.0,2.0,462.0,462.0,708.0,302.0,818.0,337.0
2.0,3578.0,1234.0,1017.0,0.0,1724.0,1724.0,713.0,304.0,843.0,391.0
2.0,2344.0,1103.0,1024.0,462.0,2393.0,2393.0,717.0,307.0,743.0,360.0
2.0,1703.0,900.0,1024.0,1724.0,1569.0,1569.0,716.0,308.0,620.0,280.0
2.0,2527.0,817.0,1018.0,2393.0,0.0,0.0,712.0,306.0,594.0,223.0
2.0,4103.0,937.0,1012.0,1569.0,0.0,0.0,709.0,303.0,683.0,254.0
2.0,4735.0,1148.0,1013.0,0.0,465.0,465.0,710.0,303.0,811.0,337.0
2.0,3587.0,1233.0,1022.0,0.0,1734.0,1734.0,716.0,306.0,849.0,384.0
2.0,2354.0,1115.0,1028.0,465.0,2408.0,2408.0,720.0,308.0,761.0,354.0
2.0,1704.0,912.0,1028.0,1734.0,1586.0,1586.0,719.0,309.0,633.0,279.0
2.0,2526.0,846.0,1021.0,2408.0,0.0,0.0,715.0,306.0,611.0,235.0
2.0,4088.0,983.0,1016.0,1586.0,0.0,0.0,712.0,304.0,712.0,271.0
2.0,4691.0,1196.0,1018.0,0.0,577.0,577.0,714.0,304.0,842.0,354.0
2.0,3495.0,1262.0,1025.0,0.0,1867.0,1867.0,719.0,306.0,861.0,401.0
2.0,2233.0,1116.0,1031.0,577.0,2430.0,2430.0,722.0,309.0,753.0,363.0
2.0,1694.0,902.0,1032.0,1867.0,1469.0,1469.0,722.0,310.0,626.0,276.0
2.0,2659.0,836.0,1025.0,2430.0,0.0,0.0,717.0,308.0,606.0,230.0
2.0,4253.0,972.0,1020.0,1469.0,0.0,0.0,714.0,306.0,705.0,267.0
2.0,4750.0,1163.0,1022.0,0.0,501.0,501.0,716.0,306.0,818.0,345.0
2.0,3587.0,1227.0,1029.0,0.0,1756.0,1756.0,721.0,308.0,838.0,389.0
2.0,2360.0,1108.0,1037.0,501.0,2395.0,2395.0,726.0,311.0,751.0,357.0
2.0,1753.0,929.0,1037.0,1756.0,1568.0,1568.0,725.0,312.0,649.0,280.0
2.0,2580.0,869.0,1030.0,2395.0,14.0,14.0,721.0,309.0,634.0,235.0
2.0,4106.0,993.0,1025.0,1568.0,0.0,0.0,718.0,307.0,723.0,270.0
2.0,4681.0,1178.0,1026.0,14.0,587.0,587.0,719.0,307.0,827.0,351.0
2.0,3517.0,1247.0,1032.0,0.0,1858.0,1858.0,723.0,309.0,848.0,399.0
2.0,2270.0,1113.0,1039.0,587.0,2412.0,2412.0,727.0,312.0,752.0,361.0
2.0,1744.0,924.0,1039.0,1858.0,1478.0,1478.0,727.0,312.0,645.0,279.0
2.0,2678.0,864.0,1033.0,2412.0,0.0,0.0,723.0,310.0,632.0,232.0
2.0,4226.0,989.0,1028.0,1478.0,0.0,0.0,720.0,308.0,725.0,264.0
2.0,4715.0,1168.0,1030.0,0.0,573.0,573.0,722.0,308.0,828.0,340.0
2.0,3547.0,1211.0,1037.0,0.0,1812.0,1812.0,727.0,310.0,827.0,384.0
2.0,2336.0,1094.0,1043.0,573.0,2357.0,2357.0,730.0,313.0,735.0,359.0
2.0,1815.0,910.0,1043.0,1812.0,1455.0,1455.0,730.0,313.0,625.0,285.0
2.0,2717.0,869.0,1037.0,2357.0,0.0,0.0,726.0,311.0,627.0,242.0
2.0,4205.0,1016.0,1032.0,1455.0,0.0,0.0,723.0,309.0,740.0,276.0
2.0,4644.0,1195.0,1033.0,0.0,683.0,683.0,724.0,309.0,842.0,353.0
2.0,3449.0,1247.0,1039.0,0.0,1954.0,1954.0,728.0,311.0,844.0,403.0
2.0,2202.0,1127.0,1046.0,683.0,2426.0,2426.0,732.0,314.0,755.0,372.0
2.0,1758.0,941.0,1046.0,1954.0,1413.0,1413.0,731.0,315.0,653.0,288.0
2.0,2771.0,883.0,1041.0,2426.0,0.0,0.0,728.0,313.0,649.0,234.0
2.0,4314.0,1004.0,1036.0,1413.0,0.0,0.0,726.0,310.0,745.0,259.0
2.0,4723.0,1181.0,1038.0,0.0,610.0,610.0,728.0,310.0,837.0,344.0
2.0,3542.0,1241.0,1046.0,0.0,1883.0,1883.0,733.0,313.0,839.0,402.0
2.0,2301.0,1115.0,1051.0,610.0,2408.0,2408.0,736.0,315.0,746.0,369.0
2.0,1796.0,931.0,1052.0,1883.0,1460.0,1460.0,736.0,316.0,650.0,281.0
2.0,2748.0,870.0,1046.0,2408.0,0.0,0.0,732.0,314.0,640.0,230.0
2.0,4286.0,998.0,1042.0,1460.0,0.0,0.0,730.0,312.0,730.0,268.0
2.0,4748.0,1185.0,1042.0,0.0,605.0,605.0,731.0,311.0,831.0,354.0
2.0,3563.0,1253.0,1048.0,0.0,1882.0,1882.0,735.0,313.0,850.0,403.0
2.0,2310.0,1136.0,1054.0,605.0,2437.0,2437.0,738.0,316.0,763.0,373.0
2.0,1779.0,953.0,1054.0,1882.0,1508.0,1508.0,737.0,317.0,660.0,293.0
2.0,2708.0,899.0,1049.0,2437.0,0.0,0.0,734.0,315.0,651.0,248.0
2.0,4246.0,1032.0,1045.0,1508.0,0.0,0.0,732.0,313.0,752.0,280.0
2.0,4722.0,1210.0,1047.0,0.0,676.0,676.0,734.0,313.0,858.0,352.0
2.0,3512.0,1252.0,1054.0,0.0,1956.0,1956.0,739.0,315.0,857.0,395.0
2.0,2260.0,1106.0,1060.0,676.0,2410.0,2410.0,742.0,318.0,742.0,364.0
2.0,1830.0,916.0,1059.0,1956.0,1366.0,1366.0,741.0,318.0,626.0,290.0
2.0,2870.0,870.0,1054.0,2410.0,0.0,0.0,737.0,317.0,625.0,245.0
2.0,4410.0,1020.0,1050.0,1366.0,0.0,0.0,735.0,315.0,739.0,281.0
2.0,4756.0,1213.0,1052.0,0.0,665.0,665.0,737.0,315.0,858.0,355.0
2.0,3543.0,1259.0,1058.0,0.0,1948.0,1948.0,741.0,317.0,866.0,393.0
2.0,2284.0,1115.0,1063.0,665.0,2418.0,2418.0,744.0,319.0,757.0,358.0
2.0,1834.0,937.0,1063.0,1948.0,1407.0,1407.0,743.0,320.0,649.0,288.0
2.0,2845.0,913.0,1057.0,2418.0,0.0,0.0,739.0,318.0,660.0,253.0
2.0,4350.0,1056.0,1053.0,1407.0,0.0,0.0,738.0,315.0,763.0,293.0
2.0,4701.0,1226.0,1055.0,0.0,745.0,745.0,740.0,315.0,868.0,358.0
2.0,3475.0,1252.0,1061.0,0.0,2021.0,2021.0,744.0,317.0,867.0,385.0
2.0,2223.0,1104.0,1067.0,745.0,2404.0,2404.0,747.0,320.0,757.0,347.0
2.0,1864.0,912.0,1066.0,2021.0,1291.0,1291.0,746.0,320.0,634.0,278.0
2.0,2973.0,869.0,1060.0,2404.0,0.0,0.0,742.0,318.0,622.0,247.0
2.0,4508.0,1019.0,1056.0,1291.0,0.0,0.0,740.0,316.0,729.0,290.0
2.0,4780.0,1218.0,1058.0,0.0,670.0,670.0,742.0,316.0,850.0,368.0
2.0,3562.0,1269.0,1065.0,0.0,1967.0,1967.0,746.0,319.0,867.0,402.0
2.0,2293.0,1128.0,1070.0,670.0,2445.0,2445.0,749.0,321.0,770.0,358.0
2.0,1835.0,944.0,1069.0,1967.0,1418.0,1418.0,748.0,321.0,661.0,283.0
2.0,2858.0,916.0,1063.0,2445.0,0.0,0.0,744.0,319.0,665.0,251.0
2.0,4387.0,1068.0,1061.0,1418.0,0.0,0.0,743.0,318.0,768.0,300.0
2.0,4737.0,1248.0,1063.0,0.0,763.0,763.0,745.0,318.0,868.0,380.0
2.0,3489.0,1281.0,1069.0,0.0,2068.0,2068.0,749.0,320.0,871.0,410.0
2.0,2208.0,1130.0,1075.0,763.0,2459.0,2459.0,752.0,323.0,769.0,361.0
2.0,1841.0,934.0,1074.0,2068.0,1321.0,1321.0,751.0,323.0,659.0,275.0
2.0,2975.0,879.0,1068.0,2459.0,0.0,0.0,747.0,321.0,644.0,235.0
2.0,4555.0,1008.0,1064.0,1321.0,0.0,0.0,745.0,319.0,727.0,281.0
2.0,4868.0,1192.0,1066.0,0.0,588.0,588.0,747.0,319.0,830.0,362.0
2.0,3676.0,1256.0,1073.0,0.0,1872.0,1872.0,752.0,321.0,851.0,405.0
2.0,2420.0,1144.0,1078.0,588.0,2448.0,2448.0,754.0,324.0,775.0,369.0
2.0,1864.0,969.0,1077.0,1872.0,1541.0,1541.0,753.0,324.0,683.0,286.0
2.0,2767.0,911.0,1072.0,2448.0,0.0,0.0,750.0,322.0,668.0,243.0
2.0,4304.0,1049.0,1068.0,1541.0,0.0,0.0,748.0,320.0,765.0,284.0
2.0,4796.0,1239.0,1071.0,0.0,727.0,727.0,751.0,320.0,869.0,370.0
2.0,3557.0,1295.0,1077.0,0.0,2046.0,2046.0,755.0,322.0,878.0,417.0
2.0,2262.0,1160.0,1082.0,727.0,2499.0,2499.0,757.0,325.0,780.0,380.0
2.0,1829.0,969.0,1082.0,2046.0,1422.0,1422.0,756.0,326.0,675.0,294.0
2.0,2906.0,886.0,1076.0,2499.0,0.0,0.0,752.0,324.0,643.0,243.0
2.0,4519.0,1015.0,1071.0,1422.0,0.0,0.0,750.0,321.0,739.0,276.0
2.0,4926.0,1214.0,1074.0,0.0,584.0,584.0,753.0,321.0,853.0,361.0
2.0,3712.0,1286.0,1081.0,0.0,1898.0,1898.0,757.0,324.0,875.0,411.0
2.0,2426.0,1147.0,1085.0,584.0,2477.0,2477.0,759.0,326.0,771.0,376.0
2.0,1863.0,958.0,1085.0,1898.0,1537.0,1537.0,758.0,327.0,664.0,294.0
2.0,2803.0,909.0,1080.0,2477.0,0.0,0.0,755.0,325.0,659.0,250.0
2.0,4371.0,1063.0,1076.0,1537.0,0.0,0.0,753.0,323.0,779.0,284.0
2.0,4845.0,1266.0,1078.0,0.0,733.0,733.0,756.0,322.0,906.0,360.0
2.0,3579.0,1314.0,1086.0,0.0,2079.0,2079.0,761.0,325.0,902.0,412.0
2.0,2265.0,1165.0,1090.0,733.0,2527.0,2527.0,763.0,327.0,780.0,385.0
2.0,1833.0,957.0,1089.0,2079.0,1401.0,1401.0,761.0,328.0,653.0,304.0
2.0,2955.0,891.0,1083.0,2527.0,0.0,0.0,757.0,326.0,646.0,245.0
2.0,4591.0,1042.0,1079.0,1401.0,0.0,0.0,756.0,323.0,767.0,275.0
2.0,4950.0,1246.0,1081.0,0.0,620.0,620.0,758.0,323.0,889.0,357.0
2.0,3704.0,1297.0,1089.0,0.0,1949.0,1949.0,763.0,326.0,887.0,410.0
2.0,2407.0,1142.0,1094.0,620.0,2491.0,2491.0,766.0,328.0,761.0,381.0
2.0,1885.0,949.0,1093.0,1949.0,1487.0,1487.0,764.0,329.0,649.0,300.0
2.0,2885.0,909.0,1087.0,2491.0,0.0,0.0,760.0,327.0,658.0,251.0
2.0,4467.0,1089.0,1083.0,1487.0,0.0,0.0,759.0,324.0,801.0,288.0
2.0,4865.0,1296.0,1088.0,0.0,783.0,783.0,763.0,325.0,928.0,368.0
2.0,3569.0,1343.0,1095.0,0.0,2154.0,2154.0,768.0,327.0,924.0,419.0
2.0,2226.0,1175.0,1100.0,783.0,2566.0,2566.0,770.0,330.0,783.0,392.0
2.0,1834.0,951.0,1098.0,2154.0,1355.0,1355.0,768.0,330.0,645.0,306.0
2.0,3037.0,892.0,1092.0,2566.0,0.0,0.0,764.0,328.0,638.0,254.0
2.0,4711.0,1053.0,1088.0,1355.0,0.0,0.0,762.0,326.0,771.0,282.0
2.0,5013.0,1273.0,1092.0,0.0,628.0,628.0,765.0,327.0,907.0,366.0
2.0,3740.0,1319.0,1099.0,0.0,1975.0,1975.0,770.0,329.0,904.0,415.0
2.0,2421.0,1141.0,1104.0,628.0,2508.0,2508.0,772.0,332.0,762.0,379.0
2.0,1908.0,923.0,1102.0,1975.0,1448.0,1448.0,770.0,332.0,627.0,296.0
2.0,2960.0,886.0,1096.0,2508.0,0.0,0.0,767.0,329.0,645.0,241.0
2.0,4582.0,1082.0,1092.0,1448.0,0.0,0.0,765.0,327.0,799.0,283.0
2.0,4948.0,1312.0,1095.0,0.0,744.0,744.0,768.0,327.0,939.0,373.0
2.0,3636.0,1363.0,1104.0,0.0,2143.0,2143.0,774.0,330.0,938.0,425.0
2.0,2273.0,1174.0,1109.0,744.0,2593.0,2593.0,776.0,333.0,783.0,391.0
2.0,1843.0,946.0,1107.0,2143.0,1388.0,1388.0,774.0,333.0,641.0,305.0
2.0,3040.0,910.0,1100.0,2593.0,0.0,0.0,769.0,331.0,652.0,258.0
2.0,4723.0,1088.0,1096.0,1388.0,0.0,0.0,768.0,328.0,793.0,295.0
2.0,5023.0,1281.0,1100.0,0.0,658.0,658.0,771.0,329.0,908.0,373.0
2.0,3742.0,1310.0,1106.0,0.0,1992.0,1992.0,775.0,331.0,895.0,415.0
2.0,2432.0,1148.0,1112.0,658.0,2506.0,2506.0,778.0,334.0,767.0,381.0
2.0,1942.0,965.0,1110.0,1992.0,1471.0,1471.0,776.0,334.0,661.0,304.0
2.0,2969.0,943.0,1105.0,2506.0,0.0,0.0,773.0,332.0,685.0,258.0
2.0,4532.0,1094.0,1103.0,1471.0,0.0,0.0,773.0,330.0,806.0,288.0
2.0,4909.0,1283.0,1105.0,0.0,794.0,794.0,775.0,330.0,914.0,369.0
2.0,3626.0,1317.0,1112.0,0.0,2139.0,2139.0,779.0,333.0,899.0,418.0
2.0,2309.0,1155.0,1117.0,794.0,2520.0,2520.0,781.0,336.0,768.0,387.0
2.0,1948.0,965.0,1115.0,2139.0,1338.0,1338.0,779.0,336.0,656.0,309.0
2.0,3122.0,949.0,1110.0,2520.0,0.0,0.0,776.0,334.0,686.0,263.0
2.0,4693.0,1114.0,1107.0,1338.0,0.0,0.0,775.0,332.0,821.0,293.0
2.0,4917.0,1292.0,1108.0,0.0,807.0,807.0,777.0,331.0,925.0,367.0
2.0,3625.0,1303.0,1116.0,0.0,2142.0,2142.0,782.0,334.0,894.0,409.0
2.0,2322.0,1140.0,1120.0,807.0,2491.0,2491.0,784.0,336.0,763.0,377.0
2.0,1989.0,959.0,1119.0,2142.0,1304.0,1304.0,782.0,337.0,654.0,305.0
2.0,3172.0,945.0,1114.0,2491.0,0.0,0.0,779.0,335.0,683.0,262.0
2.0,4718.0,1111.0,1111.0,1304.0,0.0,0.0,778.0,333.0,815.0,296.0
2.0,4911.0,1291.0,1114.0,0.0,836.0,836.0,781.0,333.0,918.0,373.0
2.0,3620.0,1310.0,1120.0,0.0,2170.0,2170.0,785.0,335.0,896.0,414.0
2.0,2310.0,1159.0,1124.0,836.0,2509.0,2509.0,787.0,337.0,776.0,383.0
2.0,1987.0,999.0,1123.0,2170.0,1334.0,1334.0,785.0,338.0,677.0,322.0
2.0,3158.0,991.0,1119.0,2509.0,0.0,0.0,782.0,337.0,703.0,288.0
2.0,4676.0,1142.0,1115.0,1334.0,0.0,0.0,780.0,335.0,830.0,312.0
2.0,4868.0,1313.0,1118.0,0.0,917.0,917.0,783.0,335.0,938.0,375.0
2.0,3555.0,1305.0,1125.0,0.0,2250.0,2250.0,788.0,337.0,898.0,407.0
2.0,2250.0,1131.0,1129.0,917.0,2480.0,2480.0,790.0,339.0,759.0,372.0
2.0,2036.0,964.0,1128.0,2250.0,1190.0,1190.0,788.0,340.0,658.0,306.0
2.0,3322.0,953.0,1122.0,2480.0,0.0,0.0,784.0,338.0,684.0,269.0
2.0,4849.0,1113.0,1119.0,1190.0,0.0,0.0,783.0,336.0,812.0,301.0
2.0,4926.0,1284.0,1122.0,0.0,846.0,846.0,786.0,336.0,915.0,369.0
2.0,3642.0,1291.0,1128.0,0.0,2161.0,2161.0,790.0,338.0,887.0,404.0
2.0,2351.0,1135.0,1132.0,846.0,2466.0,2466.0,792.0,340.0,763.0,372.0
2.0,2062.0,979.0,1130.0,2161.0,1276.0,1276.0,790.0,340.0,673.0,306.0
2.0,3244.0,983.0,1124.0,2466.0,0.0,0.0,785.0,339.0,707.0,276.0
2.0,4727.0,1149.0,1121.0,1276.0,0.0,0.0,784.0,337.0,833.0,316.0
2.0,4854.0,1328.0,1124.0,0.0,970.0,970.0,787.0,337.0,937.0,391.0
2.0,3526.0,1333.0,1131.0,0.0,2331.0,2331.0,792.0,339.0,909.0,424.0
2.0,2193.0,1164.0,1136.0,970.0,2545.0,2545.0,795.0,341.0,785.0,379.0
2.0,1999.0,993.0,1135.0,2331.0,1203.0,1203.0,793.0,342.0,691.0,302.0
2.0,3337.0,977.0,1129.0,2545.0,0.0,0.0,789.0,340.0,715.0,262.0
2.0,4905.0,1133.0,1126.0,1203.0,0.0,0.0,788.0,338.0,825.0,308.0
2.0,4975.0,1292.0,1129.0,0.0,833.0,833.0,791.0,338.0,902.0,390.0
2.0,3683.0,1292.0,1135.0,0.0,2149.0,2149.0,795.0,340.0,871.0,421.0
2.0,2391.0,1129.0,1140.0,833.0,2465.0,2465.0,797.0,343.0,757.0,372.0
2.0,2095.0,989.0,1138.0,2149.0,1297.0,1297.0,795.0,343.0,689.0,300.0
2.0,3255.0,1017.0,1132.0,2465.0,0.0,0.0,791.0,341.0,742.0,275.0
2.0,4703.0,1177.0,1129.0,1297.0,0.0,0.0,790.0,339.0,860.0,317.0
2.0,4823.0,1331.0,1132.0,0.0,1036.0,1036.0,793.0,339.0,938.0,393.0
2.0,3492.0,1320.0,1139.0,0.0,2384.0,2384.0,798.0,341.0,897.0,423.0
2.0,2172.0,1163.0,1144.0,1036.0,2531.0,2531.0,800.0,344.0,782.0,381.0
2.0,2045.0,999.0,1142.0,2384.0,1138.0,1138.0,798.0,344.0,694.0,305.0
2.0,3430.0,1003.0,1137.0,2531.0,0.0,0.0,795.0,342.0,733.0,270.0
2.0,4958.0,1157.0,1134.0,1138.0,0.0,0.0,794.0,340.0,846.0,311.0
2.0,4939.0,1300.0,1137.0,0.0,909.0,909.0,797.0,340.0,918.0,382.0
2.0,3639.0,1284.0,1143.0,0.0,2217.0,2217.0,801.0,342.0,872.0,412.0
2.0,2355.0,1128.0,1147.0,909.0,2452.0,2452.0,803.0,344.0,759.0,369.0
2.0,2136.0,980.0,1144.0,2217.0,1203.0,1203.0,800.0,344.0,681.0,299.0
2.0,3373.0,999.0,1139.0,2452.0,0.0,0.0,796.0,343.0,719.0,280.0
2.0,4826.0,1179.0,1136.0,1203.0,0.0,0.0,795.0,341.0,847.0,332.0
2.0,4850.0,1359.0,1140.0,0.0,1069.0,1069.0,799.0,341.0,953.0,406.0
2.0,3491.0,1348.0,1148.0,0.0,2449.0,2449.0,804.0,344.0,921.0,427.0
2.0,2143.0,1163.0,1152.0,1069.0,2559.0,2559.0,806.0,346.0,786.0,377.0
2.0,2049.0,998.0,1150.0,2449.0,1100.0,1100.0,804.0,346.0,695.0,303.0
2.0,3500.0,1015.0,1144.0,2559.0,0.0,0.0,800.0,344.0,737.0,278.0
2.0,5044.0,1189.0,1142.0,1100.0,0.0,0.0,799.0,343.0,863.0,326.0
2.0,4955.0,1335.0,1146.0,0.0,964.0,964.0,803.0,343.0,941.0,394.0
2.0,3620.0,1301.0,1152.0,0.0,2289.0,2289.0,807.0,345.0,886.0,415.0
2.0,2319.0,1110.0,1155.0,964.0,2447.0,2447.0,808.0,347.0,746.0,364.0
2.0,2173.0,960.0,1153.0,2289.0,1110.0,1110.0,806.0,347.0,667.0,293.0
2.0,3502.0,996.0,1147.0,2447.0,0.0,0.0,802.0,345.0,722.0,274.0
2.0,4953.0,1196.0,1145.0,1110.0,0.0,0.0,801.0,344.0,865.0,331.0
2.0,4867.0,1359.0,1149.0,0.0,1088.0,1088.0,805.0,344.0,957.0,402.0
2.0,3508.0,1332.0,1155.0,0.0,2444.0,2444.0,809.0,346.0,910.0,422.0
2.0,2176.0,1158.0,1158.0,1088.0,2526.0,2526.0,811.0,347.0,786.0,372.0
2.0,2106.0,1013.0,1155.0,2444.0,1083.0,1083.0,808.0,347.0,707.0,306.0
2.0,3537.0,1032.0,1151.0,2526.0,0.0,0.0,805.0,346.0,746.0,286.0
2.0,5031.0,1199.0,1148.0,1083.0,0.0,0.0,804.0,344.0,868.0,331.0
2.0,4915.0,1346.0,1153.0,0.0,1043.0,1043.0,808.0,345.0,949.0,397.0
2.0,3569.0,1313.0,1159.0,0.0,2380.0,2380.0,812.0,347.0,891.0,422.0
2.0,2256.0,1129.0,1163.0,1043.0,2482.0,2482.0,814.0,349.0,754.0,375.0
2.0,2170.0,972.0,1160.0,2380.0,1062.0,1062.0,811.0,349.0,672.0,300.0
2.0,3578.0,1010.0,1154.0,2482.0,0.0,0.0,807.0,347.0,732.0,278.0
2.0,5050.0,1208.0,1153.0,1062.0,0.0,0.0,807.0,346.0,877.0,331.0
2.0,4904.0,1372.0,1157.0,0.0,1096.0,1096.0,811.0,346.0,967.0,405.0
2.0,3532.0,1342.0,1165.0,0.0,2470.0,2470.0,816.0,349.0,917.0,425.0
2.0,2190.0,1157.0,1167.0,1096.0,2539.0,2539.0,817.0,350.0,786.0,371.0
2.0,2129.0,1003.0,1165.0,2470.0,1064.0,1064.0,815.0,350.0,702.0,301.0
2.0,3596.0,1035.0,1159.0,2539.0,0.0,0.0,811.0,348.0,751.0,284.0
2.0,5100.0,1223.0,1157.0,1064.0,0.0,0.0,811.0,346.0,885.0,338.0
2.0,4941.0,1362.0,1161.0,0.0,1065.0,1065.0,814.0,347.0,958.0,404.0
2.0,3579.0,1308.0,1167.0,0.0,2397.0,2397.0,818.0,349.0,889.0,419.0
2.0,2271.0,1119.0,1170.0,1065.0,2463.0,2463.0,819.0,351.0,754.0,365.0
2.0,2217.0,977.0,1167.0,2397.0,1031.0,1031.0,816.0,351.0,678.0,299.0
2.0,3637.0,1035.0,1162.0,2463.0,0.0,0.0,813.0,349.0,744.0,291.0
2.0,5065.0,1220.0,1161.0,1031.0,0.0,0.0,813.0,348.0,880.0,340.0
2.0,4876.0,1361.0,1165.0,0.0,1145.0,1145.0,817.0,348.0,961.0,400.0
2.0,3515.0,1316.0,1171.0,0.0,2485.0,2485.0,821.0,350.0,900.0,416.0
2.0,2199.0,1142.0,1174.0,1145.0,2494.0,2494.0,822.0,352.0,770.0,372.0
2.0,2202.0,1030.0,1171.0,2485.0,1027.0,1027.0,819.0,352.0,712.0,318.0
2.0,3657.0,1087.0,1166.0,2494.0,0.0,0.0,816.0,350.0,784.0,303.0
2.0,5064.0,1252.0,1165.0,1027.0,0.0,0.0,816.0,349.0,907.0,345.0
2.0,4839.0,1357.0,1168.0,0.0,1190.0,1190.0,819.0,349.0,958.0,399.0
2.0,3482.0,1301.0,1174.0,0.0,2515.0,2515.0,823.0,351.0,886.0,415.0
2.0,2181.0,1141.0,1178.0,1190.0,2482.0,2482.0,824.0,354.0,761.0,380.0
2.0,2230.0,1020.0,1175.0,2515.0,975.0,975.0,821.0,354.0,700.0,320.0
2.0,3725.0,1059.0,1170.0,2482.0,0.0,0.0,818.0,352.0,769.0,290.0
2.0,5148.0,1209.0,1168.0,975.0,0.0,0.0,818.0,350.0,890.0,319.0
2.0,4914.0,1338.0,1172.0,0.0,1112.0,1112.0,822.0,350.0,959.0,379.0
2.0,3576.0,1323.0,1179.0,0.0,2463.0,2463.0,826.0,353.0,905.0,418.0
2.0,2253.0,1177.0,1183.0,1112.0,2544.0,2544.0,828.0,355.0,784.0,393.0
2.0,2188.0,1048.0,1180.0,2463.0,1117.0,1117.0,825.0,355.0,718.0,330.0
2.0,3603.0,1072.0,1175.0,2544.0,0.0,0.0,822.0,353.0,777.0,295.0
2.0,5075.0,1238.0,1173.0,1117.0,0.0,0.0,822.0,351.0,913.0,325.0
2.0,4954.0,1377.0,1176.0,0.0,1127.0,1127.0,825.0,351.0,984.0,393.0
2.0,3577.0,1334.0,1182.0,0.0,2485.0,2485.0,829.0,353.0,904.0,430.0
2.0,2243.0,1166.0,1186.0,1127.0,2540.0,2540.0,830.0,356.0,762.0,404.0
2.0,2204.0,1031.0,1183.0,2485.0,1074.0,1074.0,827.0,356.0,693.0,338.0
2.0,3658.0,1059.0,1177.0,2540.0,0.0,0.0,823.0,354.0,763.0,296.0
2.0,5139.0,1226.0,1176.0,1074.0,0.0,0.0,824.0,352.0,903.0,323.0
2.0,4987.0,1355.0,1181.0,0.0,1092.0,1092.0,828.0,353.0,971.0,384.0
2.0,3632.0,1303.0,1187.0,0.0,2419.0,2419.0,832.0,355.0,887.0,416.0
2.0,2329.0,1157.0,1190.0,1092.0,2496.0,2496.0,833.0,357.0,765.0,392.0
2.0,2264.0,1071.0,1188.0,2419.0,1140.0,1140.0,830.0,358.0,731.0,340.0
2.0,3612.0,1126.0,1184.0,2496.0,0.0,0.0,828.0,356.0,817.0,309.0
2.0,4982.0,1263.0,1182.0,1140.0,0.0,0.0,828.0,354.0,935.0,328.0
2.0,4859.0,1342.0,1186.0,0.0,1227.0,1227.0,832.0,354.0,962.0,380.0
2.0,3517.0,1294.0,1191.0,0.0,2541.0,2541.0,835.0,356.0,880.0,414.0
2.0,2223.0,1158.0,1193.0,1227.0,2480.0,2480.0,835.0,358.0,765.0,393.0
2.0,2292.0,1076.0,1192.0,2541.0,1011.0,1011.0,833.0,359.0,732.0,344.0
2.0,3757.0,1119.0,1187.0,2480.0,0.0,0.0,830.0,357.0,812.0,307.0
2.0,5118.0,1243.0,1185.0,1011.0,0.0,0.0,830.0,355.0,918.0,325.0
2.0,4886.0,1326.0,1189.0,0.0,1196.0,1196.0,834.0,355.0,952.0,374.0
2.0,3560.0,1267.0,1195.0,0.0,2487.0,2487.0,838.0,357.0,860.0,407.0
2.0,2293.0,1153.0,1197.0,1196.0,2452.0,2452.0,838.0,359.0,761.0,392.0
2.0,2336.0,1090.0,1196.0,2487.0,1051.0,1051.0,836.0,360.0,744.0,346.0
2.0,3733.0,1145.0,1191.0,2452.0,0.0,0.0,833.0,358.0,832.0,313.0
2.0,5040.0,1264.0,1190.0,1051.0,0.0,0.0,834.0,356.0,930.0,334.0
2.0,4827.0,1338.0,1193.0,0.0,1283.0,1283.0,837.0,356.0,950.0,388.0
2.0,3489.0,1294.0,1199.0,0.0,2601.0,2601.0,840.0,359.0,868.0,426.0
2.0,2195.0,1172.0,1201.0,1283.0,2498.0,2498.0,840.0,361.0,765.0,407.0
2.0,2306.0,1085.0,1198.0,2601.0,970.0,970.0,837.0,361.0,739.0,346.0
2.0,3822.0,1148.0,1194.0,2498.0,0.0,0.0,835.0,359.0,838.0,310.0
2.0,5172.0,1285.0,1194.0,970.0,0.0,0.0,836.0,358.0,953.0,332.0
2.0,4857.0,1350.0,1198.0,0.0,1285.0,1285.0,840.0,358.0,965.0,385.0
2.0,3507.0,1277.0,1204.0,0.0,2586.0,2586.0,844.0,360.0,865.0,412.0
2.0,2230.0,1136.0,1206.0,1285.0,2445.0,2445.0,844.0,362.0,751.0,385.0
2.0,2379.0,1069.0,1203.0,2586.0,916.0,916.0,841.0,362.0,736.0,333.0
2.0,3896.0,1147.0,1199.0,2445.0,0.0,0.0,839.0,360.0,837.0,310.0
2.0,5194.0,1282.0,1199.0,916.0,0.0,0.0,840.0,359.0,941.0,341.0
2.0,4828.0,1355.0,1202.0,0.0,1335.0,1335.0,843.0,359.0,959.0,396.0
2.0,3473.0,1285.0,1207.0,0.0,2640.0,2640.0,846.0,361.0,870.0,415.0
2.0,2188.0,1149.0,1209.0,1335.0,2462.0,2462.0,846.0,363.0,762.0,387.0
2.0,2374.0,1088.0,1206.0,2640.0,898.0,898.0,843.0,363.0,749.0,339.0
2.0,3926.0,1182.0,1202.0,2462.0,0.0,0.0,841.0,361.0,854.0,328.0
2.0,5206.0,1334.0,1203.0,898.0,42.0,42.0,843.0,360.0,976.0,358.0
2.0,4770.0,1384.0,1208.0,0.0,1446.0,1446.0,847.0,361.0,985.0,399.0
2.0,3386.0,1292.0,1212.0,42.0,2712.0,2712.0,850.0,362.0,881.0,411.0
2.0,2136.0,1141.0,1214.0,1446.0,2415.0,2415.0,850.0,364.0,753.0,388.0
2.0,2441.0,1072.0,1212.0,2712.0,767.0,767.0,847.0,365.0,729.0,343.0
2.0,4081.0,1149.0,1208.0,2415.0,0.0,0.0,844.0,364.0,828.0,321.0
2.0,5347.0,1289.0,1207.0,767.0,3.0,3.0,845.0,362.0,948.0,341.0
2.0,4825.0,1366.0,1211.0,0.0,1385.0,1385.0,849.0,362.0,976.0,390.0
2.0,3459.0,1287.0,1216.0,3.0,2689.0,2689.0,852.0,364.0,873.0,414.0
2.0,2175.0,1164.0,1217.0,1385.0,2472.0,2472.0,852.0,365.0,771.0,393.0
2.0,2396.0,1100.0,1215.0,2689.0,875.0,875.0,849.0,366.0,755.0,345.0
2.0,3985.0,1166.0,1210.0,2472.0,0.0,0.0,846.0,364.0,845.0,321.0
2.0,5291.0,1314.0,1210.0,875.0,0.0,0.0,847.0,363.0,967.0,347.0
2.0,4852.0,1394.0,1215.0,0.0,1402.0,1402.0,852.0,363.0,995.0,399.0
2.0,3458.0,1325.0,1220.0,0.0,2747.0,2747.0,856.0,364.0,907.0,418.0
2.0,2133.0,1156.0,1222.0,1402.0,2509.0,2509.0,856.0,366.0,769.0,387.0
2.0,2379.0,1065.0,1219.0,2747.0,815.0,815.0,853.0,366.0,730.0,335.0
2.0,4061.0,1132.0,1215.0,2509.0,0.0,0.0,850.0,365.0,819.0,313.0
2.0,5438.0,1288.0,1215.0,815.0,0.0,0.0,851.0,364.0,945.0,343.0
2.0,4965.0,1368.0,1219.0,0.0,1279.0,1279.0,855.0,364.0,973.0,395.0
2.0,3597.0,1307.0,1223.0,0.0,2602.0,2602.0,858.0,365.0,883.0,424.0
2.0,2290.0,1167.0,1224.0,1279.0,2494.0,2494.0,857.0,367.0,762.0,405.0
2.0,2402.0,1087.0,1220.0,2602.0,963.0,963.0,853.0,367.0,738.0,349.0
2.0,3917.0,1172.0,1217.0,2494.0,0.0,0.0,851.0,366.0,854.0,318.0
2.0,5239.0,1343.0,1218.0,963.0,13.0,13.0,853.0,365.0,1001.0,342.0
2.0,4859.0,1429.0,1223.0,0.0,1462.0,1462.0,858.0,365.0,1025.0,404.0
2.0,3430.0,1332.0,1228.0,13.0,2801.0,2801.0,861.0,367.0,898.0,434.0
2.0,2111.0,1146.0,1229.0,1462.0,2489.0,2489.0,860.0,369.0,742.0,404.0
2.0,2427.0,1068.0,1225.0,2801.0,740.0,740.0,856.0,369.0,724.0,344.0
2.0,4160.0,1152.0,1222.0,2489.0,0.0,0.0,854.0,368.0,843.0,309.0
2.0,5497.0,1308.0,1223.0,740.0,0.0,0.0,857.0,366.0,982.0,326.0
2.0,4929.0,1378.0,1227.0,0.0,1357.0,1357.0,861.0,366.0,993.0,385.0
2.0,3551.0,1297.0,1232.0,0.0,2674.0,2674.0,864.0,368.0,875.0,422.0
2.0,2254.0,1154.0,1231.0,1357.0,2467.0,2467.0,862.0,369.0,751.0,403.0
2.0,2457.0,1095.0,1228.0,2674.0,876.0,876.0,858.0,370.0,743.0,352.0
2.0,4036.0,1205.0,1225.0,2467.0,0.0,0.0,857.0,368.0,883.0,322.0
2.0,5298.0,1376.0,1227.0,876.0,110.0,110.0,860.0,367.0,1029.0,347.0
2.0,4798.0,1446.0,1233.0,0.0,1580.0,1580.0,866.0,367.0,1036.0,410.0
2.0,3352.0,1335.0,1237.0,110.0,2821.0,2821.0,868.0,369.0,892.0,443.0
2.0,2127.0,1148.0,1237.0,1580.0,2389.0,2389.0,866.0,371.0,735.0,413.0
2.0,2559.0,1069.0,1233.0,2821.0,621.0,621.0,862.0,371.0,720.0,349.0
2.0,4311.0,1170.0,1230.0,2389.0,0.0,0.0,860.0,370.0,855.0,315.0
2.0,5530.0,1334.0,1230.0,621.0,103.0,103.0,862.0,368.0,997.0,337.0
2.0,4817.0,1402.0,1236.0,0.0,1529.0,1529.0,867.0,369.0,1006.0,396.0
2.0,3415.0,1304.0,1240.0,103.0,2746.0,2746.0,870.0,370.0,872.0,432.0
2.0,2214.0,1153.0,1240.0,1529.0,2370.0,2370.0,868.0,372.0,738.0,415.0
2.0,2590.0,1088.0,1237.0,2746.0,700.0,700.0,864.0,373.0,734.0,354.0
2.0,4248.0,1193.0,1234.0,2370.0,0.0,0.0,863.0,371.0,880.0,313.0
2.0,5425.0,1375.0,1236.0,700.0,194.0,194.0,866.0,370.0,1037.0,338.0
2.0,4750.0,1455.0,1241.0,0.0,1669.0,1669.0,871.0,370.0,1045.0,410.0
2.0,3295.0,1353.0,1246.0,194.0,2848.0,2848.0,874.0,372.0,904.0,449.0
2.0,2136.0,1163.0,1246.0,1669.0,2342.0,2342.0,872.0,374.0,748.0,415.0
2.0,2642.0,1079.0,1242.0,2848.0,557.0,557.0,868.0,374.0,737.0,342.0
2.0,4411.0,1167.0,1237.0,2342.0,0.0,0.0,865.0,372.0,868.0,299.0
2.0,5586.0,1348.0,1238.0,557.0,157.0,157.0,868.0,370.0,1016.0,332.0
2.0,4795.0,1418.0,1243.0,0.0,1595.0,1595.0,873.0,370.0,1012.0,406.0
2.0,3377.0,1315.0,1248.0,157.0,2773.0,2773.0,876.0,372.0,867.0,448.0
2.0,2219.0,1138.0,1247.0,1595.0,2312.0,2312.0,873.0,374.0,719.0,419.0
2.0,2676.0,1071.0,1243.0,2773.0,594.0,594.0,869.0,374.0,724.0,347.0
2.0,4378.0,1184.0,1240.0,2312.0,0.0,0.0,867.0,373.0,882.0,302.0
2.0,5506.0,1374.0,1241.0,594.0,238.0,238.0,870.0,371.0,1040.0,334.0
2.0,4726.0,1463.0,1248.0,0.0,1729.0,1729.0,876.0,372.0,1048.0,415.0
2.0,3263.0,1379.0,1253.0,238.0,2890.0,2890.0,879.0,374.0,910.0,469.0
2.0,2122.0,1187.0,1253.0,1729.0,2348.0,2348.0,877.0,376.0,750.0,437.0
2.0,2664.0,1080.0,1248.0,2890.0,518.0,518.0,872.0,376.0,734.0,346.0
2.0,4474.0,1178.0,1244.0,2348.0,0.0,0.0,870.0,374.0,879.0,299.0
2.0,5644.0,1360.0,1246.0,518.0,182.0,182.0,873.0,373.0,1026.0,334.0
2.0,4802.0,1434.0,1250.0,0.0,1632.0,1632.0,877.0,373.0,1019.0,415.0
2.0,3368.0,1331.0,1256.0,182.0,2805.0,2805.0,880.0,376.0,871.0,460.0
2.0,2219.0,1159.0,1256.0,1632.0,2332.0,2332.0,878.0,378.0,734.0,425.0
2.0,2692.0,1098.0,1253.0,2805.0,613.0,613.0,875.0,378.0,757.0,341.0
2.0,4399.0,1197.0,1250.0,2332.0,0.0,0.0,874.0,376.0,909.0,288.0
2.0,5534.0,1377.0,1251.0,613.0,234.0,234.0,877.0,374.0,1055.0,322.0
2.0,4770.0,1463.0,1256.0,0.0,1717.0,1717.0,882.0,374.0,1051.0,412.0
2.0,3307.0,1367.0,1261.0,234.0,2870.0,2870.0,885.0,376.0,894.0,473.0
2.0,2174.0,1192.0,1262.0,1717.0,2349.0,2349.0,883.0,379.0,745.0,447.0
2.0,2699.0,1119.0,1258.0,2870.0,582.0,582.0,879.0,379.0,759.0,360.0
2.0,4450.0,1210.0,1254.0,2349.0,0.0,0.0,877.0,377.0,911.0,299.0
2.0,5589.0,1371.0,1254.0,582.0,216.0,216.0,879.0,375.0,1046.0,325.0
2.0,4800.0,1434.0,1260.0,0.0,1674.0,1674.0,885.0,375.0,1025.0,409.0
2.0,3366.0,1347.0,1266.0,216.0,2829.0,2829.0,888.0,378.0,875.0,472.0
2.0,2235.0,1185.0,1266.0,1674.0,2340.0,2340.0,886.0,380.0,740.0,445.0
2.0,2724.0,1108.0,1262.0,2829.0,603.0,603.0,881.0,381.0,754.0,354.0
2.0,4445.0,1205.0,1259.0,2340.0,0.0,0.0,880.0,379.0,911.0,294.0
2.0,5580.0,1379.0,1260.0,603.0,236.0,236.0,883.0,377.0,1058.0,321.0
2.0,4804.0,1452.0,1266.0,0.0,1712.0,1712.0,889.0,377.0,1042.0,410.0
2.0,3352.0,1357.0,1271.0,236.0,2853.0,2853.0,892.0,379.0,886.0,471.0
2.0,2231.0,1198.0,1271.0,1712.0,2339.0,2339.0,889.0,382.0,748.0,450.0
2.0,2745.0,1130.0,1266.0,2853.0,596.0,596.0,884.0,382.0,767.0,363.0
2.0,4468.0,1212.0,1262.0,2339.0,0.0,0.0,882.0,380.0,913.0,299.0
2.0,5595.0,1364.0,1263.0,596.0,225.0,225.0,885.0,378.0,1047.0,317.0
2.0,4827.0,1430.0,1267.0,0.0,1671.0,1671.0,890.0,377.0,1027.0,403.0
2.0,3397.0,1353.0,1273.0,225.0,2823.0,2823.0,893.0,380.0,881.0,472.0
2.0,2269.0,1218.0,1274.0,1671.0,2374.0,2374.0,892.0,382.0,765.0,453.0
2.0,2722.0,1141.0,1270.0,2823.0,676.0,676.0,887.0,383.0,774.0,367.0
2.0,4404.0,1201.0,1266.0,2374.0,0.0,0.0,885.0,381.0,906.0,295.0
2.0,5577.0,1330.0,1267.0,676.0,145.0,145.0,888.0,379.0,1023.0,307.0
2.0,4923.0,1409.0,1272.0,0.0,1574.0,1574.0,894.0,378.0,1015.0,394.0
2.0,3514.0,1370.0,1278.0,145.0,2823.0,2823.0,897.0,381.0,896.0,474.0
2.0,2289.0,1256.0,1279.0,1574.0,2509.0,2509.0,895.0,384.0,783.0,473.0
2.0,2607.0,1185.0,1275.0,2823.0,855.0,855.0,890.0,385.0,791.0,394.0
2.0,4245.0,1225.0,1271.0,2509.0,0.0,0.0,888.0,383.0,912.0,313.0
2.0,5529.0,1353.0,1270.0,855.0,49.0,49.0,890.0,380.0,1040.0,313.0
2.0,5031.0,1436.0,1276.0,0.0,1509.0,1509.0,896.0,380.0,1040.0,396.0
2.0,3595.0,1397.0,1281.0,49.0,2877.0,2877.0,899.0,382.0,920.0,477.0
2.0,2247.0,1249.0,1284.0,1509.0,2629.0,2629.0,898.0,386.0,783.0,466.0
2.0,2507.0,1149.0,1280.0,2877.0,885.0,885.0,893.0,387.0,774.0,375.0
2.0,4235.0,1181.0,1275.0,2629.0,0.0,0.0,891.0,384.0,887.0,294.0
2.0,5683.0,1320.0,1276.0,885.0,0.0,0.0,894.0,382.0,1020.0,300.0
2.0,5248.0,1420.0,1281.0,0.0,1296.0,1296.0,900.0,381.0,1031.0,389.0
2.0,3828.0,1382.0,1286.0,0.0,2698.0,2698.0,903.0,383.0,910.0,472.0
2.0,2446.0,1250.0,1288.0,1296.0,2660.0,2660.0,901.0,387.0,783.0,467.0
2.0,2492.0,1162.0,1283.0,2698.0,1104.0,1104.0,896.0,387.0,783.0,379.0
2.0,4028.0,1216.0,1279.0,2660.0,0.0,0.0,894.0,385.0,918.0,298.0
2.0,5472.0,1361.0,1278.0,1104.0,0.0,0.0,896.0,382.0,1046.0,315.0
2.0,5215.0,1460.0,1284.0,0.0,1381.0,1381.0,902.0,382.0,1050.0,410.0
2.0,3755.0,1404.0,1290.0,0.0,2809.0,2809.0,906.0,384.0,916.0,488.0
2.0,2351.0,1260.0,1292.0,1381.0,2696.0,2696.0,904.0,388.0,787.0,473.0
2.0,2472.0,1162.0,1288.0,2809.0,1033.0,1033.0,899.0,389.0,785.0,377.0
2.0,4119.0,1214.0,1283.0,2696.0,0.0,0.0,897.0,386.0,914.0,300.0
2.0,5601.0,1348.0,1284.0,1033.0,0.0,0.0,900.0,384.0,1034.0,314.0
2.0,5286.0,1431.0,1289.0,0.0,1301.0,1301.0,906.0,383.0,1030.0,401.0
2.0,3855.0,1386.0,1295.0,0.0,2711.0,2711.0,909.0,386.0,907.0,479.0
2.0,2469.0,1259.0,1296.0,1301.0,2673.0,2673.0,907.0,389.0,790.0,469.0
2.0,2511.0,1165.0,1291.0,2711.0,1107.0,1107.0,901.0,390.0,782.0,383.0
2.0,4057.0,1198.0,1286.0,2673.0,0.0,0.0,898.0,388.0,895.0,303.0
2.0,5532.0,1341.0,1286.0,1107.0,0.0,0.0,901.0,385.0,1027.0,314.0
2.0,5298.0,1457.0,1291.0,0.0,1323.0,1323.0,907.0,384.0,1052.0,405.0
2.0,3841.0,1441.0,1298.0,0.0,2792.0,2792.0,911.0,387.0,956.0,485.0
2.0,2400.0,1303.0,1299.0,1323.0,2776.0,2776.0,909.0,390.0,829.0,474.0
2.0,2420.0,1176.0,1295.0,2792.0,1144.0,1144.0,904.0,391.0,796.0,380.0
2.0,4036.0,1189.0,1291.0,2776.0,0.0,0.0,902.0,389.0,896.0,293.0
2.0,5623.0,1316.0,1290.0,1144.0,0.0,0.0,904.0,386.0,1013.0,303.0
2.0,5451.0,1434.0,1295.0,0.0,1163.0,1163.0,910.0,385.0,1036.0,398.0
2.0,4017.0,1422.0,1302.0,0.0,2613.0,2613.0,914.0,388.0,931.0,491.0
2.0,2595.0,1277.0,1302.0,1163.0,2727.0,2727.0,911.0,391.0,798.0,479.0
2.0,2481.0,1156.0,1298.0,2613.0,1254.0,1254.0,906.0,392.0,778.0,378.0
2.0,3938.0,1197.0,1293.0,2727.0,0.0,0.0,903.0,390.0,904.0,293.0
2.0,5468.0,1357.0,1293.0,1254.0,0.0,0.0,906.0,387.0,1046.0,311.0
2.0,5365.0,1493.0,1299.0,0.0,1324.0,1324.0,913.0,386.0,1070.0,423.0
2.0,3872.0,1463.0,1305.0,0.0,2811.0,2811.0,916.0,389.0,953.0,510.0
2.0,2409.0,1301.0,1307.0,1324.0,2796.0,2796.0,914.0,393.0,816.0,485.0
2.0,2432.0,1164.0,1303.0,2811.0,1133.0,1133.0,909.0,394.0,792.0,372.0
2.0,4079.0,1204.0,1299.0,2796.0,0.0,0.0,907.0,392.0,914.0,290.0
2.0,5671.0,1372.0,1300.0,1133.0,0.0,0.0,911.0,389.0,1054.0,318.0
2.0,5432.0,1487.0,1304.0,0.0,1271.0,1271.0,916.0,388.0,1065.0,422.0
2.0,3945.0,1417.0,1309.0,0.0,2708.0,2708.0,919.0,390.0,923.0,494.0
2.0,2528.0,1231.0,1310.0,1271.0,2672.0,2672.0,916.0,394.0,763.0,468.0
2.0,2568.0,1110.0,1306.0,2708.0,1058.0,1058.0,911.0,395.0,749.0,361.0
2.0,4166.0,1192.0,1302.0,2672.0,0.0,0.0,909.0,393.0,905.0,287.0
2.0,5646.0,1401.0,1303.0,1058.0,0.0,0.0,913.0,390.0,1080.0,321.0
2.0,5303.0,1532.0,1308.0,0.0,1461.0,1461.0,919.0,389.0,1100.0,432.0
2.0,3771.0,1469.0,1313.0,0.0,2950.0,2950.0,922.0,391.0,961.0,508.0
2.0,2302.0,1289.0,1315.0,1461.0,2786.0,2786.0,920.0,395.0,806.0,483.0
2.0,2474.0,1163.0,1311.0,2950.0,983.0,983.0,915.0,396.0,786.0,377.0
2.0,4261.0,1217.0,1307.0,2786.0,0.0,0.0,913.0,394.0,920.0,297.0
2.0,5830.0,1386.0,1307.0,983.0,0.0,0.0,916.0,391.0,1065.0,321.0
2.0,5427.0,1500.0,1311.0,0.0,1317.0,1317.0,921.0,390.0,1080.0,420.0
2.0,3927.0,1436.0,1316.0,0.0,2773.0,2773.0,924.0,392.0,936.0,500.0
2.0,2491.0,1264.0,1318.0,1317.0,2728.0,2728.0,922.0,396.0,782.0,482.0
2.0,2544.0,1130.0,1314.0,2773.0,1069.0,1069.0,917.0,397.0,753.0,377.0
2.0,4187.0,1178.0,1310.0,2728.0,0.0,0.0,914.0,396.0,886.0,292.0
2.0,5737.0,1368.0,1310.0,1069.0,0.0,0.0,917.0,393.0,1053.0,315.0
2.0,5438.0,1518.0,1315.0,0.0,1340.0,1340.0,923.0,392.0,1096.0,422.0
2.0,3920.0,1486.0,1321.0,0.0,2850.0,2850.0,927.0,394.0,980.0,506.0
2.0,2434.0,1315.0,1323.0,1340.0,2833.0,2833.0,925.0,398.0,832.0,483.0
2.0,2459.0,1190.0,1320.0,2850.0,1161.0,1161.0,921.0,399.0,809.0,381.0
2.0,4119.0,1228.0,1315.0,2833.0,0.0,0.0,918.0,397.0,930.0,298.0
2.0,5724.0,1380.0,1315.0,1161.0,0.0,0.0,921.0,394.0,1062.0,318.0
2.0,5505.0,1495.0,1320.0,0.0,1270.0,1270.0,927.0,393.0,1070.0,425.0
2.0,4010.0,1444.0,1325.0,0.0,2734.0,2734.0,930.0,395.0,938.0,506.0
2.0,2566.0,1279.0,1326.0,1270.0,2747.0,2747.0,927.0,399.0,800.0,479.0
2.0,2557.0,1152.0,1323.0,2734.0,1153.0,1153.0,923.0,400.0,781.0,371.0
2.0,4139.0,1196.0,1318.0,2747.0,0.0,0.0,920.0,398.0,901.0,295.0
2.0,5690.0,1374.0,1318.0,1153.0,0.0,0.0,923.0,395.0,1052.0,322.0
2.0,5469.0,1513.0,1323.0,0.0,1336.0,1336.0,929.0,394.0,1082.0,431.0
2.0,3956.0,1484.0,1328.0,0.0,2840.0,2840.0,932.0,396.0,972.0,512.0
2.0,2472.0,1327.0,1331.0,1336.0,2843.0,2843.0,931.0,400.0,841.0,486.0
2.0,2481.0,1188.0,1328.0,2840.0,1179.0,1179.0,927.0,401.0,807.0,381.0
2.0,4133.0,1221.0,1323.0,2843.0,0.0,0.0,924.0,399.0,919.0,302.0
2.0,5755.0,1391.0,1322.0,1179.0,0.0,0.0,926.0,396.0,1061.0,330.0
2.0,5543.0,1536.0,1328.0,0.0,1305.0,1305.0,932.0,396.0,1095.0,441.0
2.0,4007.0,1490.0,1333.0,0.0,2815.0,2815.0,935.0,398.0,975.0,515.0
2.0,2517.0,1296.0,1335.0,1305.0,2814.0,2814.0,933.0,402.0,816.0,480.0
2.0,2526.0,1148.0,1332.0,2815.0,1135.0,1135.0,929.0,403.0,776.0,372.0
2.0,4193.0,1180.0,1327.0,2814.0,0.0,0.0,926.0,401.0,890.0,290.0
2.0,5827.0,1366.0,1326.0,1135.0,0.0,0.0,928.0,398.0,1049.0,317.0
2.0,5596.0,1517.0,1331.0,0.0,1245.0,1245.0,934.0,397.0,1094.0,423.0
2.0,4079.0,1488.0,1337.0,0.0,2757.0,2757.0,938.0,399.0,984.0,504.0
2.0,2591.0,1320.0,1340.0,1245.0,2844.0,2844.0,937.0,403.0,837.0,483.0
2.0,2516.0,1186.0,1336.0,2757.0,1257.0,1257.0,932.0,404.0,800.0,386.0
2.0,4087.0,1223.0,1331.0,2844.0,0.0,0.0,929.0,402.0,915.0,308.0
2.0,5708.0,1402.0,1329.0,1257.0,0.0,0.0,931.0,398.0,1075.0,327.0
2.0,5563.0,1550.0,1334.0,0.0,1323.0,1323.0,937.0,397.0,1120.0,430.0
2.0,4013.0,1506.0,1341.0,0.0,2857.0,2857.0,941.0,400.0,994.0,512.0
2.0,2507.0,1316.0,1343.0,1323.0,2858.0,2858.0,939.0,404.0,824.0,492.0
2.0,2514.0,1164.0,1339.0,2857.0,1149.0,1149.0,934.0,405.0,776.0,388.0
2.0,4207.0,1190.0,1334.0,2858.0,0.0,0.0,931.0,403.0,891.0,299.0
2.0,5875.0,1373.0,1332.0,1149.0,0.0,0.0,933.0,399.0,1056.0,317.0
2.0,5651.0,1523.0,1339.0,0.0,1228.0,1228.0,940.0,399.0,1100.0,423.0
2.0,4128.0,1501.0,1346.0,0.0,2757.0,2757.0,944.0,402.0,988.0,513.0
2.0,2627.0,1334.0,1349.0,1228.0,2875.0,2875.0,943.0,406.0,841.0,493.0
2.0,2521.0,1182.0,1345.0,2757.0,1284.0,1284.0,938.0,407.0,793.0,389.0
2.0,4096.0,1204.0,1338.0,2875.0,0.0,0.0,934.0,404.0,903.0,301.0
2.0,5767.0,1390.0,1337.0,1284.0,0.0,0.0,936.0,401.0,1068.0,322.0
2.0,5661.0,1544.0,1342.0,0.0,1251.0,1251.0,942.0,400.0,1116.0,428.0
2.0,4117.0,1526.0,1348.0,0.0,2801.0,2801.0,946.0,402.0,1009.0,517.0
2.0,2591.0,1349.0,1351.0,1251.0,2911.0,2911.0,945.0,406.0,854.0,495.0
2.0,2493.0,1179.0,1347.0,2801.0,1273.0,1273.0,940.0,407.0,794.0,385.0
2.0,4115.0,1200.0,1341.0,2911.0,0.0,0.0,936.0,405.0,901.0,299.0
2.0,5826.0,1382.0,1341.0,1273.0,0.0,0.0,939.0,402.0,1063.0,319.0
2.0,5717.0,1538.0,1345.0,0.0,1201.0,1201.0,945.0,400.0,1113.0,425.0
2.0,4179.0,1506.0,1353.0,0.0,2739.0,2739.0,950.0,403.0,993.0,513.0
2.0,2673.0,1333.0,1355.0,1201.0,2879.0,2879.0,948.0,407.0,833.0,500.0
2.0,2541.0,1186.0,1352.0,2739.0,1314.0,1314.0,943.0,409.0,791.0,395.0
2.0,4094.0,1212.0,1346.0,2879.0,0.0,0.0,940.0,406.0,911.0,301.0
2.0,5761.0,1403.0,1345.0,1314.0,0.0,0.0,942.0,403.0,1086.0,317.0
2.0,5672.0,1567.0,1350.0,0.0,1295.0,1295.0,948.0,402.0,1140.0,427.0
2.0,4105.0,1539.0,1356.0,0.0,2858.0,2858.0,952.0,404.0,1013.0,526.0
2.0,2566.0,1358.0,1359.0,1295.0,2933.0,2933.0,950.0,409.0,842.0,516.0
2.0,2503.0,1197.0,1355.0,2858.0,1256.0,1256.0,945.0,410.0,792.0,405.0
2.0,4164.0,1222.0,1350.0,2933.0,0.0,0.0,942.0,408.0,913.0,309.0
2.0,5875.0,1406.0,1349.0,1256.0,0.0,0.0,945.0,404.0,1093.0,313.0
2.0,5725.0,1565.0,1355.0,0.0,1260.0,1260.0,952.0,403.0,1145.0,420.0
2.0,4160.0,1535.0,1362.0,0.0,2823.0,2823.0,956.0,406.0,1020.0,515.0
2.0,2625.0,1339.0,1365.0,1260.0,2914.0,2914.0,955.0,410.0,837.0,502.0
2.0,2546.0,1170.0,1360.0,2823.0,1241.0,1241.0,949.0,411.0,772.0,398.0
2.0,4199.0,1196.0,1355.0,2914.0,0.0,0.0,946.0,409.0,893.0,303.0
2.0,5917.0,1403.0,1353.0,1241.0,0.0,0.0,948.0,405.0,1092.0,311.0
2.0,5755.0,1574.0,1358.0,0.0,1251.0,1251.0,954.0,404.0,1157.0,417.0
2.0,4181.0,1546.0,1365.0,0.0,2825.0,2825.0,959.0,406.0,1030.0,516.0
2.0,2635.0,1358.0,1367.0,1251.0,2940.0,2940.0,957.0,410.0,843.0,515.0
2.0,2528.0,1195.0,1364.0,2825.0,1298.0,1298.0,952.0,412.0,781.0,414.0
2.0,4158.0,1236.0,1358.0,2940.0,0.0,0.0,948.0,410.0,918.0,318.0
2.0,5862.0,1435.0,1357.0,1298.0,0.0,0.0,951.0,406.0,1113.0,322.0
2.0,5725.0,1587.0,1363.0,0.0,1314.0,1314.0,958.0,405.0,1167.0,420.0
2.0,4138.0,1534.0,1369.0,0.0,2872.0,2872.0,962.0,407.0,1025.0,509.0
2.0,2604.0,1320.0,1372.0,1314.0,2890.0,2890.0,961.0,411.0,823.0,497.0
2.0,2598.0,1163.0,1369.0,2872.0,1169.0,1169.0,956.0,413.0,760.0,403.0
2.0,4307.0,1214.0,1363.0,2890.0,0.0,0.0,952.0,411.0,889.0,325.0
2.0,5983.0,1417.0,1362.0,1169.0,0.0,0.0,954.0,408.0,1082.0,335.0
2.0,5735.0,1575.0,1367.0,0.0,1308.0,1308.0,960.0,407.0,1153.0,422.0
2.0,4160.0,1529.0,1373.0,0.0,2861.0,2861.0,964.0,409.0,1030.0,499.0
2.0,2631.0,1335.0,1376.0,1308.0,2900.0,2900.0,963.0,413.0,840.0,495.0
2.0,2604.0,1186.0,1371.0,2861.0,1205.0,1205.0,957.0,414.0,776.0,410.0
2.0,4279.0,1245.0,1365.0,2900.0,0.0,0.0,953.0,412.0,917.0,328.0
2.0,5934.0,1465.0,1365.0,1205.0,0.0,0.0,956.0,409.0,1130.0,335.0
2.0,5674.0,1623.0,1371.0,0.0,1433.0,1433.0,963.0,408.0,1197.0,426.0
2.0,4051.0,1556.0,1378.0,0.0,3017.0,3017.0,968.0,410.0,1050.0,506.0
2.0,2495.0,1337.0,1381.0,1433.0,2933.0,2933.0,967.0,414.0,840.0,497.0
2.0,2591.0,1168.0,1376.0,3017.0,1064.0,1064.0,961.0,415.0,762.0,406.0
2.0,4440.0,1205.0,1370.0,2933.0,0.0,0.0,957.0,413.0,884.0,321.0
2.0,6168.0,1415.0,1369.0,1064.0,0.0,0.0,959.0,410.0,1089.0,326.0
2.0,5817.0,1593.0,1374.0,0.0,1272.0,1272.0,966.0,408.0,1174.0,419.0
2.0,4224.0,1550.0,1381.0,0.0,2850.0,2850.0,970.0,411.0,1043.0,507.0
2.0,2674.0,1353.0,1384.0,1272.0,2943.0,2943.0,969.0,415.0,843.0,510.0
2.0,2593.0,1208.0,1381.0,2850.0,1289.0,1289.0,964.0,417.0,785.0,423.0
2.0,4235.0,1266.0,1375.0,2943.0,0.0,0.0,960.0,415.0,928.0,338.0
2.0,5912.0,1476.0,1374.0,1289.0,0.0,0.0,963.0,411.0,1134.0,342.0
2.0,5725.0,1629.0,1379.0,0.0,1420.0,1420.0,969.0,410.0,1198.0,431.0
2.0,4096.0,1568.0,1387.0,0.0,3020.0,3020.0,974.0,413.0,1059.0,509.0
2.0,2528.0,1336.0,1389.0,1420.0,2944.0,2944.0,973.0,416.0,841.0,495.0
2.0,2612.0,1170.0,1385.0,3020.0,1078.0,1078.0,967.0,418.0,767.0,403.0
2.0,4462.0,1217.0,1379.0,2944.0,0.0,0.0,963.0,416.0,890.0,327.0
2.0,6189.0,1433.0,1378.0,1078.0,0.0,0.0,965.0,413.0,1096.0,337.0
2.0,5834.0,1596.0,1383.0,0.0,1294.0,1294.0,972.0,411.0,1174.0,422.0
2.0,4238.0,1545.0,1390.0,0.0,2867.0,2867.0,977.0,413.0,1043.0,502.0
2.0,2693.0,1339.0,1392.0,1294.0,2920.0,2920.0,975.0,417.0,840.0,499.0
2.0,2648.0,1193.0,1388.0,2867.0,1230.0,1230.0,969.0,419.0,780.0,413.0
2.0,4322.0,1265.0,1382.0,2920.0,0.0,0.0,965.0,417.0,933.0,332.0
2.0,5977.0,1498.0,1382.0,1230.0,0.0,0.0,968.0,414.0,1152.0,346.0
2.0,5709.0,1651.0,1387.0,0.0,1490.0,1490.0,975.0,412.0,1213.0,438.0
2.0,4058.0,1564.0,1394.0,0.0,3082.0,3082.0,980.0,414.0,1049.0,515.0
2.0,2494.0,1326.0,1396.0,1490.0,2926.0,2926.0,978.0,418.0,826.0,500.0
2.0,2658.0,1169.0,1392.0,3082.0,997.0,997.0,972.0,420.0,760.0,409.0
2.0,4571.0,1241.0,1386.0,2926.0,0.0,0.0,968.0,418.0,913.0,328.0
2.0,6256.0,1463.0,1384.0,997.0,0.0,0.0,969.0,415.0,1119.0,344.0
2.0,5790.0,1612.0,1389.0,0.0,1378.0,1378.0,976.0,413.0,1176.0,436.0
2.0,4178.0,1532.0,1397.0,0.0,2942.0,2942.0,981.0,416.0,1022.0,510.0
2.0,2646.0,1322.0,1398.0,1378.0,2890.0,2890.0,979.0,419.0,825.0,497.0
2.0,2702.0,1197.0,1395.0,2942.0,1133.0,1133.0,974.0,421.0,786.0,411.0
2.0,4447.0,1293.0,1390.0,2890.0,0.0,0.0,970.0,420.0,956.0,337.0
2.0,6044.0,1517.0,1388.0,1133.0,0.0,0.0,972.0,416.0,1168.0,349.0
2.0,5660.0,1645.0,1394.0,0.0,1561.0,1561.0,979.0,415.0,1212.0,433.0
2.0,4015.0,1545.0,1401.0,0.0,3134.0,3134.0,984.0,417.0,1029.0,516.0
2.0,2470.0,1324.0,1403.0,1561.0,2905.0,2905.0,982.0,421.0,815.0,509.0
2.0,2707.0,1194.0,1398.0,3134.0,945.0,945.0,976.0,422.0,776.0,418.0
2.0,4647.0,1278.0,1393.0,2905.0,0.0,0.0,972.0,421.0,947.0,331.0
2.0,6274.0,1490.0,1391.0,945.0,0.0,0.0,974.0,417.0,1157.0,333.0
2.0,5729.0,1616.0,1397.0,0.0,1475.0,1475.0,981.0,416.0,1195.0,421.0
2.0,4113.0,1535.0,1404.0,0.0,3038.0,3038.0,986.0,418.0,1025.0,510.0
2.0,2578.0,1320.0,1406.0,1475.0,2891.0,2891.0,985.0,421.0,813.0,507.0
2.0,2733.0,1194.0,1402.0,3038.0,1031.0,1031.0,979.0,423.0,777.0,417.0
2.0,4577.0,1302.0,1396.0,2891.0,0.0,0.0,975.0,421.0,966.0,336.0
2.0,6166.0,1531.0,1396.0,1031.0,0.0,0.0,978.0,418.0,1185.0,346.0
2.0,5666.0,1666.0,1403.0,0.0,1612.0,1612.0,986.0,417.0,1225.0,441.0
2.0,4000.0,1580.0,1411.0,0.0,3224.0,3224.0,991.0,420.0,1055.0,525.0
2.0,2420.0,1343.0,1412.0,1612.0,2959.0,2959.0,989.0,423.0,830.0,513.0
2.0,2689.0,1193.0,1408.0,3224.0,912.0,912.0,983.0,425.0,774.0,419.0
2.0,4720.0,1278.0,1401.0,2959.0,0.0,0.0,978.0,423.0,939.0,339.0
2.0,6401.0,1501.0,1400.0,912.0,0.0,0.0,980.0,420.0,1153.0,348.0
2.0,5812.0,1639.0,1406.0,0.0,1451.0,1451.0,987.0,419.0,1208.0,431.0
2.0,4173.0,1553.0,1413.0,0.0,3032.0,3032.0,992.0,421.0,1048.0,505.0
2.0,2620.0,1324.0,1415.0,1451.0,2913.0,2913.0,991.0,424.0,828.0,496.0
2.0,2747.0,1185.0,1411.0,3032.0,1050.0,1050.0,985.0,426.0,771.0,414.0
2.0,4594.0,1274.0,1404.0,2913.0,0.0,0.0,980.0,424.0,936.0,338.0
2.0,6233.0,1507.0,1404.0,1050.0,0.0,0.0,983.0,421.0,1157.0,350.0
2.0,5776.0,1666.0,1410.0,0.0,1530.0,1530.0,990.0,420.0,1229.0,437.0
2.0,4110.0,1587.0,1417.0,0.0,3145.0,3145.0,996.0,421.0,1074.0,513.0
2.0,2523.0,1375.0,1419.0,1530.0,2998.0,2998.0,994.0,425.0,864.0,511.0
2.0,2678.0,1226.0,1414.0,3145.0,1059.0,1059.0,988.0,426.0,797.0,429.0
2.0,4597.0,1300.0,1408.0,2998.0,0.0,0.0,983.0,425.0,945.0,355.0
2.0,6295.0,1510.0,1407.0,1059.0,0.0,0.0,985.0,422.0,1155.0,355.0
2.0,5844.0,1636.0,1413.0,0.0,1444.0,1444.0,992.0,421.0,1208.0,428.0
2.0,4208.0,1564.0,1421.0,0.0,3040.0,3040.0,998.0,423.0,1061.0,503.0
2.0,2644.0,1348.0,1423.0,1444.0,2952.0,2952.0,997.0,426.0,838.0,510.0
2.0,2740.0,1212.0,1418.0,3040.0,1104.0,1104.0,990.0,428.0,777.0,435.0
2.0,4568.0,1296.0,1413.0,2952.0,0.0,0.0,986.0,427.0,944.0,352.0
2.0,6224.0,1524.0,1413.0,1104.0,0.0,0.0,989.0,424.0,1176.0,348.0
2.0,5804.0,1676.0,1418.0,0.0,1544.0,1544.0,996.0,422.0,1245.0,431.0
2.0,4128.0,1580.0,1426.0,0.0,3156.0,3156.0,1002.0,424.0,1068.0,512.0
2.0,2548.0,1344.0,1428.0,1544.0,2964.0,2964.0,1000.0,428.0,831.0,513.0
2.0,2748.0,1206.0,1423.0,3156.0,994.0,994.0,993.0,430.0,774.0,432.0
2.0,4698.0,1305.0,1416.0,2964.0,0.0,0.0,988.0,428.0,952.0,353.0
2.0,6357.0,1528.0,1415.0,994.0,0.0,0.0,990.0,425.0,1172.0,356.0
2.0,5823.0,1665.0,1422.0,0.0,1530.0,1530.0,998.0,424.0,1229.0,436.0
2.0,4158.0,1579.0,1430.0,0.0,3141.0,3141.0,1004.0,426.0,1068.0,511.0
2.0,2579.0,1347.0,1431.0,1530.0,2962.0,2962.0,1002.0,429.0,843.0,504.0
2.0,2762.0,1211.0,1426.0,3141.0,1012.0,1012.0,996.0,430.0,794.0,417.0
2.0,4692.0,1294.0,1421.0,2962.0,0.0,0.0,992.0,429.0,950.0,344.0
2.0,6360.0,1531.0,1421.0,1012.0,0.0,0.0,995.0,426.0,1169.0,362.0
2.0,5841.0,1680.0,1427.0,0.0,1547.0,1547.0,1002.0,425.0,1234.0,446.0
2.0,4161.0,1585.0,1435.0,0.0,3164.0,3164.0,1008.0,427.0,1068.0,517.0
2.0,2576.0,1342.0,1436.0,1547.0,2963.0,2963.0,1006.0,430.0,841.0,501.0
2.0,2781.0,1210.0,1429.0,3164.0,981.0,981.0,998.0,431.0,790.0,420.0
2.0,4735.0,1316.0,1423.0,2963.0,0.0,0.0,993.0,430.0,955.0,361.0
2.0,6382.0,1568.0,1423.0,981.0,0.0,0.0,996.0,427.0,1186.0,382.0
2.0,5795.0,1706.0,1431.0,0.0,1635.0,1635.0,1005.0,426.0,1244.0,462.0
2.0,4089.0,1582.0,1438.0,0.0,3245.0,3245.0,1010.0,428.0,1068.0,514.0
2.0,2507.0,1340.0,1439.0,1635.0,2954.0,2954.0,1008.0,431.0,848.0,492.0
2.0,2802.0,1212.0,1435.0,3245.0,905.0,905.0,1002.0,433.0,801.0,411.0
2.0,4835.0,1323.0,1429.0,2954.0,0.0,0.0,997.0,432.0,972.0,351.0
2.0,6466.0,1556.0,1429.0,905.0,0.0,0.0,1000.0,429.0,1183.0,373.0
2.0,5815.0,1666.0,1436.0,0.0,1595.0,1595.0,1008.0,428.0,1210.0,456.0
2.0,4149.0,1556.0,1443.0,0.0,3179.0,3179.0,1013.0,430.0,1043.0,513.0
2.0,2593.0,1325.0,1444.0,1595.0,2913.0,2913.0,1011.0,433.0,839.0,486.0
2.0,2863.0,1209.0,1437.0,3179.0,915.0,915.0,1003.0,434.0,805.0,404.0
2.0,4833.0,1329.0,1431.0,2913.0,0.0,0.0,999.0,432.0,977.0,352.0
2.0,6417.0,1584.0,1430.0,915.0,0.0,0.0,1001.0,429.0,1198.0,386.0
2.0,5748.0,1731.0,1438.0,0.0,1735.0,1735.0,1009.0,429.0,1250.0,481.0
2.0,4017.0,1611.0,1446.0,0.0,3378.0,3378.0,1015.0,431.0,1078.0,533.0
2.0,2406.0,1361.0,1448.0,1735.0,3012.0,3012.0,1014.0,434.0,868.0,493.0
2.0,2780.0,1216.0,1442.0,3378.0,826.0,826.0,1007.0,435.0,818.0,398.0
2.0,4942.0,1321.0,1436.0,3012.0,0.0,0.0,1003.0,433.0,977.0,344.0
2.0,6633.0,1561.0,1436.0,826.0,0.0,0.0,1005.0,431.0,1175.0,386.0
2.0,5898.0,1678.0,1444.0,0.0,1556.0,1556.0,1013.0,431.0,1201.0,477.0
2.0,4220.0,1564.0,1451.0,0.0,3148.0,3148.0,1018.0,433.0,1040.0,524.0
2.0,2656.0,1349.0,1452.0,1556.0,2945.0,2945.0,1016.0,436.0,860.0,489.0
2.0,2863.0,1237.0,1447.0,3148.0,1014.0,1014.0,1010.0,437.0,836.0,401.0
2.0,4774.0,1352.0,1441.0,2945.0,0.0,0.0,1006.0,435.0,1003.0,349.0
2.0,6367.0,1574.0,1440.0,1014.0,0.0,0.0,1008.0,432.0,1187.0,387.0
2.0,5807.0,1699.0,1447.0,0.0,1680.0,1680.0,1015.0,432.0,1218.0,481.0
2.0,4108.0,1599.0,1454.0,0.0,3307.0,3307.0,1020.0,434.0,1062.0,537.0
2.0,2509.0,1386.0,1456.0,1680.0,3021.0,3021.0,1019.0,437.0,887.0,499.0
2.0,2803.0,1271.0,1451.0,3307.0,965.0,965.0,1013.0,438.0,867.0,404.0
2.0,4839.0,1362.0,1446.0,3021.0,0.0,0.0,1010.0,436.0,1017.0,345.0
2.0,6498.0,1567.0,1446.0,965.0,0.0,0.0,1012.0,434.0,1187.0,380.0
2.0,5896.0,1660.0,1452.0,0.0,1572.0,1572.0,1019.0,433.0,1190.0,470.0
2.0,4236.0,1552.0,1458.0,0.0,3148.0,3148.0,1023.0,435.0,1023.0,529.0
2.0,2684.0,1343.0,1459.0,1572.0,2923.0,2923.0,1022.0,437.0,847.0,496.0
2.0,2913.0,1255.0,1454.0,3148.0,1010.0,1010.0,1015.0,439.0,845.0,410.0
2.0,4806.0,1373.0,1448.0,2923.0,0.0,0.0,1011.0,437.0,1023.0,350.0
2.0,6356.0,1583.0,1449.0,1010.0,13.0,13.0,1014.0,435.0,1200.0,383.0
2.0,5783.0,1687.0,1455.0,0.0,1724.0,1724.0,1021.0,434.0,1201.0,486.0
2.0,4096.0,1595.0,1462.0,13.0,3334.0,3334.0,1026.0,436.0,1046.0,549.0
2.0,2514.0,1404.0,1464.0,1724.0,3022.0,3022.0,1025.0,439.0,894.0,510.0
2.0,2834.0,1309.0,1459.0,3334.0,977.0,977.0,1019.0,440.0,896.0,413.0
2.0,4859.0,1390.0,1455.0,3022.0,0.0,0.0,1016.0,439.0,1041.0,349.0
2.0,6491.0,1559.0,1454.0,977.0,0.0,0.0,1018.0,436.0,1181.0,378.0
2.0,5909.0,1638.0,1460.0,0.0,1569.0,1569.0,1024.0,436.0,1171.0,467.0
2.0,4271.0,1541.0,1466.0,0.0,3134.0,3134.0,1028.0,438.0,1008.0,533.0
2.0,2730.0,1360.0,1468.0,1569.0,2933.0,2933.0,1027.0,441.0,857.0,503.0
2.0,2939.0,1281.0,1463.0,3134.0,1060.0,1060.0,1021.0,442.0,873.0,408.0
2.0,4792.0,1382.0,1457.0,2933.0,0.0,0.0,1017.0,440.0,1038.0,344.0
2.0,6343.0,1568.0,1457.0,1060.0,0.0,0.0,1020.0,437.0,1195.0,373.0
2.0,5835.0,1673.0,1463.0,0.0,1690.0,1690.0,1027.0,436.0,1200.0,473.0
2.0,4162.0,1604.0,1471.0,0.0,3326.0,3326.0,1032.0,439.0,1056.0,548.0
2.0,2558.0,1418.0,1473.0,1690.0,3062.0,3062.0,1031.0,442.0,900.0,518.0
2.0,2830.0,1311.0,1468.0,3326.0,1027.0,1027.0,1025.0,443.0,893.0,418.0
2.0,4845.0,1394.0,1461.0,3062.0,0.0,0.0,1021.0,440.0,1049.0,345.0
2.0,6513.0,1577.0,1462.0,1027.0,0.0,0.0,1024.0,438.0,1202.0,375.0
2.0,5963.0,1666.0,1467.0,0.0,1571.0,1571.0,1030.0,437.0,1190.0,476.0
2.0,4297.0,1573.0,1475.0,0.0,3176.0,3176.0,1035.0,440.0,1023.0,550.0
2.0,2724.0,1377.0,1475.0,1571.0,2982.0,2982.0,1032.0,443.0,858.0,519.0
2.0,2918.0,1282.0,1470.0,3176.0,1068.0,1068.0,1026.0,444.0,869.0,413.0
2.0,4812.0,1364.0,1465.0,2982.0,0.0,0.0,1023.0,442.0,1027.0,337.0
2.0,6430.0,1553.0,1465.0,1068.0,0.0,0.0,1026.0,439.0,1187.0,366.0
2.0,5945.0,1684.0,1472.0,0.0,1627.0,1627.0,1033.0,439.0,1203.0,481.0
2.0,4261.0,1623.0,1480.0,0.0,3282.0,3282.0,1038.0,442.0,1064.0,559.0
2.0,2638.0,1428.0,1481.0,1627.0,3087.0,3087.0,1036.0,445.0,901.0,527.0
2.0,2837.0,1315.0,1476.0,3282.0,1100.0,1100.0,1030.0,446.0,891.0,424.0
2.0,4804.0,1392.0,1469.0,3087.0,0.0,0.0,1026.0,443.0,1046.0,346.0
2.0,6499.0,1585.0,1469.0,1100.0,0.0,0.0,1029.0,440.0,1212.0,373.0
2.0,6014.0,1685.0,1475.0,0.0,1571.0,1571.0,1035.0,440.0,1208.0,477.0
2.0,4329.0,1591.0,1483.0,0.0,3194.0,3194.0,1040.0,443.0,1038.0,553.0
2.0,2738.0,1398.0,1484.0,1571.0,3025.0,3025.0,1038.0,446.0,879.0,519.0
2.0,2911.0,1294.0,1479.0,3194.0,1105.0,1105.0,1032.0,447.0,881.0,413.0
2.0,4811.0,1371.0,1473.0,3025.0,0.0,0.0,1029.0,444.0,1033.0,338.0
2.0,6465.0,1568.0,1473.0,1105.0,0.0,0.0,1032.0,441.0,1197.0,371.0
2.0,6002.0,1689.0,1480.0,0.0,1607.0,1607.0,1039.0,441.0,1210.0,479.0
2.0,4313.0,1620.0,1487.0,0.0,3255.0,3255.0,1043.0,444.0,1063.0,557.0
2.0,2693.0,1440.0,1489.0,1607.0,3096.0,3096.0,1041.0,448.0,908.0,532.0
2.0,2860.0,1334.0,1484.0,3255.0,1155.0,1155.0,1036.0,448.0,907.0,427.0
2.0,4781.0,1409.0,1479.0,3096.0,0.0,0.0,1033.0,446.0,1059.0,350.0
2.0,6468.0,1590.0,1479.0,1155.0,0.0,0.0,1036.0,443.0,1212.0,378.0
2.0,6033.0,1692.0,1484.0,0.0,1595.0,1595.0,1042.0,442.0,1204.0,488.0
2.0,4341.0,1610.0,1491.0,0.0,3233.0,3233.0,1045.0,446.0,1046.0,564.0
2.0,2731.0,1408.0,1492.0,1595.0,3050.0,3050.0,1043.0,449.0,880.0,528.0
2.0,2918.0,1302.0,1487.0,3233.0,1099.0,1099.0,1037.0,450.0,889.0,413.0
2.0,4849.0,1396.0,1481.0,3050.0,0.0,0.0,1034.0,447.0,1059.0,337.0
2.0,6503.0,1583.0,1482.0,1099.0,0.0,0.0,1038.0,444.0,1217.0,366.0
2.0,6019.0,1679.0,1489.0,0.0,1616.0,1616.0,1045.0,444.0,1205.0,474.0
2.0,4340.0,1593.0,1495.0,0.0,3233.0,3233.0,1049.0,446.0,1038.0,555.0
2.0,2747.0,1424.0,1496.0,1616.0,3045.0,3045.0,1046.0,450.0,896.0,528.0
2.0,2939.0,1337.0,1492.0,3233.0,1133.0,1133.0,1041.0,451.0,914.0,423.0
2.0,4835.0,1417.0,1486.0,3045.0,0.0,0.0,1038.0,448.0,1070.0,347.0
2.0,6463.0,1589.0,1486.0,1133.0,0.0,0.0,1041.0,445.0,1207.0,382.0
2.0,6007.0,1687.0,1491.0,0.0,1644.0,1644.0,1047.0,444.0,1197.0,490.0
2.0,4320.0,1612.0,1497.0,0.0,3280.0,3280.0,1050.0,447.0,1047.0,565.0
2.0,2708.0,1444.0,1499.0,1644.0,3088.0,3088.0,1048.0,451.0,915.0,529.0
2.0,2908.0,1340.0,1494.0,3280.0,1128.0,1128.0,1043.0,451.0,923.0,417.0
2.0,4848.0,1414.0,1490.0,3088.0,0.0,0.0,1041.0,449.0,1066.0,348.0
2.0,6522.0,1563.0,1490.0,1128.0,0.0,0.0,1044.0,446.0,1182.0,381.0
2.0,6087.0,1658.0,1496.0,0.0,1555.0,1555.0,1050.0,446.0,1175.0,483.0
2.0,4429.0,1596.0,1502.0,0.0,3175.0,3175.0,1053.0,449.0,1041.0,555.0
2.0,2833.0,1448.0,1503.0,1555.0,3072.0,3072.0,1051.0,452.0,921.0,527.0
2.0,2940.0,1354.0,1499.0,3175.0,1235.0,1235.0,1046.0,453.0,930.0,424.0
2.0,4761.0,1423.0,1494.0,3072.0,0.0,0.0,1043.0,451.0,1073.0,350.0
2.0,6410.0,1587.0,1494.0,1235.0,0.0,0.0,1046.0,448.0,1206.0,381.0
2.0,6058.0,1686.0,1499.0,0.0,1624.0,1624.0,1052.0,447.0,1191.0,495.0
2.0,4372.0,1629.0,1505.0,0.0,3277.0,3277.0,1055.0,450.0,1057.0,572.0
2.0,2743.0,1467.0,1507.0,1624.0,3128.0,3128.0,1053.0,454.0,930.0,537.0
2.0,2900.0,1358.0,1503.0,3277.0,1193.0,1193.0,1048.0,455.0,937.0,421.0
2.0,4819.0,1415.0,1498.0,3128.0,0.0,0.0,1046.0,452.0,1075.0,340.0
2.0,6532.0,1571.0,1498.0,1193.0,0.0,0.0,1049.0,449.0,1202.0,369.0
2.0,6154.0,1678.0,1503.0,0.0,1536.0,1536.0,1055.0,448.0,1193.0,485.0
2.0,4476.0,1624.0,1510.0,0.0,3188.0,3188.0,1059.0,451.0,1055.0,569.0
2.0,2852.0,1450.0,1512.0,1536.0,3110.0,3110.0,1057.0,455.0,912.0,538.0
2.0,2938.0,1341.0,1508.0,3188.0,1247.0,1247.0,1052.0,456.0,922.0,419.0
2.0,4785.0,1405.0,1502.0,3110.0,0.0,0.0,1049.0,453.0,1070.0,335.0
2.0,6490.0,1601.0,1502.0,1247.0,0.0,0.0,1052.0,450.0,1222.0,379.0
2.0,6136.0,1739.0,1508.0,0.0,1635.0,1635.0,1059.0,449.0,1233.0,506.0
2.0,4397.0,1669.0,1514.0,0.0,3328.0,3328.0,1062.0,452.0,1080.0,589.0
2.0,2728.0,1452.0,1516.0,1635.0,3153.0,3153.0,1060.0,456.0,913.0,539.0
2.0,2911.0,1311.0,1511.0,3328.0,1116.0,1116.0,1054.0,457.0,899.0,412.0
2.0,4928.0,1403.0,1505.0,3153.0,0.0,0.0,1051.0,454.0,1064.0,339.0
2.0,6678.0,1618.0,1506.0,1116.0,0.0,0.0,1055.0,451.0,1231.0,387.0
2.0,6176.0,1743.0,1512.0,0.0,1615.0,1615.0,1061.0,451.0,1239.0,504.0
2.0,4433.0,1646.0,1519.0,0.0,3289.0,3289.0,1065.0,454.0,1074.0,572.0
2.0,2787.0,1418.0,1520.0,1615.0,3096.0,3096.0,1063.0,457.0,899.0,519.0
2.0,2984.0,1289.0,1515.0,3289.0,1076.0,1076.0,1057.0,458.0,886.0,403.0
2.0,4984.0,1392.0,1509.0,3096.0,0.0,0.0,1054.0,455.0,1052.0,340.0
2.0,6688.0,1625.0,1509.0,1076.0,0.0,0.0,1057.0,452.0,1232.0,393.0
2.0,6139.0,1760.0,1515.0,0.0,1681.0,1681.0,1063.0,452.0,1248.0,512.0
2.0,4379.0,1673.0,1522.0,0.0,3382.0,3382.0,1067.0,455.0,1094.0,579.0
2.0,2706.0,1459.0,1522.0,1681.0,3160.0,3160.0,1064.0,458.0,931.0,528.0
2.0,2928.0,1333.0,1518.0,3382.0,1095.0,1095.0,1059.0,459.0,918.0,415.0
2.0,4977.0,1408.0,1512.0,3160.0,0.0,0.0,1056.0,456.0,1054.0,354.0
2.0,6729.0,1622.0,1512.0,1095.0,0.0,0.0,1059.0,453.0,1218.0,404.0
2.0,6202.0,1757.0,1519.0,0.0,1631.0,1631.0,1066.0,453.0,1246.0,511.0
2.0,4445.0,1685.0,1527.0,0.0,3348.0,3348.0,1071.0,456.0,1114.0,571.0
2.0,2760.0,1457.0,1527.0,1631.0,3174.0,3174.0,1068.0,459.0,939.0,518.0
2.0,2934.0,1312.0,1522.0,3348.0,1118.0,1118.0,1062.0,460.0,900.0,412.0
2.0,4970.0,1376.0,1517.0,3174.0,0.0,0.0,1059.0,458.0,1023.0,353.0
2.0,6768.0,1608.0,1517.0,1118.0,0.0,0.0,1062.0,455.0,1204.0,404.0
2.0,6278.0,1763.0,1524.0,0.0,1581.0,1581.0,1069.0,455.0,1247.0,516.0
2.0,4515.0,1689.0,1531.0,0.0,3298.0,3298.0,1073.0,458.0,1115.0,574.0
2.0,2826.0,1482.0,1531.0,1581.0,3199.0,3199.0,1070.0,461.0,959.0,523.0
2.0,2925.0,1338.0,1527.0,3298.0,1223.0,1223.0,1065.0,462.0,926.0,412.0
2.0,4885.0,1414.0,1521.0,3199.0,0.0,0.0,1062.0,459.0,1056.0,358.0
2.0,6670.0,1629.0,1522.0,1223.0,0.0,0.0,1066.0,456.0,1218.0,411.0
2.0,6264.0,1772.0,1528.0,0.0,1620.0,1620.0,1072.0,456.0,1259.0,513.0
2.0,4492.0,1696.0,1534.0,0.0,3340.0,3340.0,1076.0,458.0,1134.0,562.0
2.0,2796.0,1466.0,1536.0,1620.0,3194.0,3194.0,1074.0,462.0,956.0,510.0
2.0,2950.0,1308.0,1531.0,3340.0,1142.0,1142.0,1069.0,462.0,902.0,406.0
2.0,4982.0,1387.0,1526.0,3194.0,0.0,0.0,1066.0,460.0,1028.0,359.0
2.0,6789.0,1617.0,1526.0,1142.0,0.0,0.0,1069.0,457.0,1203.0,414.0
2.0,6314.0,1757.0,1532.0,0.0,1571.0,1571.0,1075.0,457.0,1242.0,515.0
2.0,4557.0,1684.0,1538.0,0.0,3279.0,3279.0,1079.0,459.0,1118.0,566.0
2.0,2873.0,1474.0,1540.0,1571.0,3190.0,3190.0,1077.0,463.0,959.0,515.0
2.0,2970.0,1362.0,1535.0,3279.0,1253.0,1253.0,1071.0,464.0,935.0,427.0
2.0,4887.0,1453.0,1530.0,3190.0,0.0,0.0,1069.0,461.0,1072.0,381.0
2.0,6624.0,1667.0,1532.0,1253.0,0.0,0.0,1073.0,459.0,1240.0,427.0
2.0,6210.0,1794.0,1537.0,0.0,1732.0,1732.0,1079.0,458.0,1276.0,518.0
2.0,4416.0,1702.0,1544.0,0.0,3462.0,3462.0,1083.0,461.0,1142.0,560.0
2.0,2714.0,1470.0,1545.0,1732.0,3204.0,3204.0,1081.0,464.0,960.0,510.0
2.0,2976.0,1323.0,1540.0,3462.0,1045.0,1045.0,1075.0,465.0,907.0,416.0
2.0,5115.0,1402.0,1535.0,3204.0,0.0,0.0,1072.0,463.0,1034.0,368.0
2.0,6917.0,1614.0,1535.0,1045.0,0.0,0.0,1075.0,460.0,1201.0,413.0
2.0,6348.0,1751.0,1541.0,0.0,1567.0,1567.0,1082.0,459.0,1245.0,506.0
2.0,4597.0,1670.0,1547.0,0.0,3261.0,3261.0,1085.0,462.0,1112.0,558.0
2.0,2927.0,1463.0,1548.0,1567.0,3161.0,3161.0,1083.0,465.0,949.0,514.0
2.0,3031.0,1352.0,1543.0,3261.0,1232.0,1232.0,1077.0,466.0,925.0,427.0
2.0,4940.0,1448.0,1538.0,3161.0,0.0,0.0,1074.0,464.0,1069.0,379.0
2.0,6653.0,1673.0,1538.0,1232.0,0.0,0.0,1077.0,461.0,1252.0,421.0
2.0,6212.0,1811.0,1545.0,0.0,1779.0,1779.0,1085.0,460.0,1293.0,518.0
2.0,4401.0,1714.0,1552.0,0.0,3521.0,3521.0,1089.0,463.0,1144.0,570.0
2.0,2687.0,1480.0,1554.0,1779.0,3230.0,3230.0,1087.0,467.0,958.0,522.0
2.0,2986.0,1326.0,1548.0,3521.0,1011.0,1011.0,1081.0,467.0,907.0,419.0
2.0,5181.0,1400.0,1542.0,3230.0,0.0,0.0,1077.0,465.0,1036.0,364.0
2.0,7011.0,1632.0,1542.0,1011.0,0.0,0.0,1080.0,462.0,1220.0,412.0
2.0,6390.0,1780.0,1549.0,0.0,1586.0,1586.0,1087.0,462.0,1262.0,518.0
2.0,4610.0,1704.0,1557.0,0.0,3322.0,3322.0,1092.0,465.0,1132.0,572.0
2.0,2906.0,1476.0,1558.0,1586.0,3216.0,3216.0,1090.0,468.0,954.0,522.0
2.0,3016.0,1330.0,1553.0,3322.0,1204.0,1204.0,1084.0,469.0,914.0,416.0
2.0,5008.0,1424.0,1546.0,3216.0,0.0,0.0,1080.0,466.0,1054.0,370.0
2.0,6800.0,1675.0,1546.0,1204.0,0.0,0.0,1083.0,463.0,1251.0,424.0
2.0,6329.0,1839.0,1553.0,0.0,1722.0,1722.0,1090.0,463.0,1309.0,530.0
2.0,4490.0,1758.0,1561.0,0.0,3512.0,3512.0,1095.0,466.0,1176.0,582.0
2.0,2732.0,1510.0,1564.0,1722.0,3312.0,3312.0,1094.0,470.0,977.0,533.0
2.0,2944.0,1315.0,1557.0,3512.0,1087.0,1087.0,1087.0,470.0,895.0,420.0
2.0,5141.0,1376.0,1550.0,3312.0,0.0,0.0,1083.0,467.0,1019.0,357.0
2.0,7077.0,1627.0,1549.0,1087.0,0.0,0.0,1085.0,464.0,1220.0,407.0
2.0,6537.0,1805.0,1556.0,0.0,1492.0,1492.0,1092.0,464.0,1288.0,517.0
2.0,4732.0,1727.0,1564.0,0.0,3251.0,3251.0,1097.0,467.0,1154.0,573.0
2.0,3005.0,1484.0,1566.0,1492.0,3251.0,3251.0,1096.0,470.0,960.0,524.0
2.0,3013.0,1327.0,1561.0,3251.0,1307.0,1307.0,1090.0,471.0,901.0,426.0
2.0,4937.0,1421.0,1554.0,3251.0,0.0,0.0,1086.0,468.0,1048.0,373.0
2.0,6767.0,1675.0,1554.0,1307.0,0.0,0.0,1089.0,465.0,1255.0,420.0
2.0,6399.0,1837.0,1560.0,0.0,1678.0,1678.0,1095.0,465.0,1315.0,522.0
2.0,4562.0,1743.0,1568.0,0.0,3453.0,3453.0,1100.0,468.0,1166.0,577.0
2.0,2819.0,1501.0,1570.0,1678.0,3284.0,3284.0,1098.0,472.0,967.0,534.0
2.0,2996.0,1352.0,1565.0,3453.0,1163.0,1163.0,1093.0,472.0,919.0,433.0
2.0,5097.0,1444.0,1558.0,3284.0,0.0,0.0,1089.0,469.0,1069.0,375.0
2.0,6937.0,1657.0,1557.0,1163.0,0.0,0.0,1091.0,466.0,1245.0,412.0
2.0,6443.0,1776.0,1563.0,0.0,1585.0,1585.0,1097.0,466.0,1270.0,506.0
2.0,4667.0,1690.0,1570.0,0.0,3303.0,3303.0,1101.0,469.0,1120.0,570.0
2.0,2977.0,1485.0,1573.0,1585.0,3215.0,3215.0,1100.0,473.0,949.0,536.0
2.0,3077.0,1359.0,1567.0,3303.0,1247.0,1247.0,1094.0,473.0,924.0,435.0
2.0,5021.0,1444.0,1561.0,3215.0,0.0,0.0,1091.0,470.0,1082.0,362.0
2.0,6792.0,1656.0,1561.0,1247.0,0.0,0.0,1094.0,467.0,1260.0,396.0
2.0,6383.0,1795.0,1567.0,0.0,1680.0,1680.0,1100.0,467.0,1289.0,506.0
2.0,4588.0,1729.0,1574.0,0.0,3437.0,3437.0,1104.0,470.0,1146.0,583.0
2.0,2859.0,1534.0,1576.0,1680.0,3299.0,3299.0,1103.0,473.0,975.0,559.0
2.0,3005.0,1395.0,1571.0,3437.0,1237.0,1237.0,1097.0,474.0,937.0,458.0
2.0,5047.0,1459.0,1564.0,3299.0,0.0,0.0,1093.0,471.0,1081.0,378.0
2.0,6887.0,1657.0,1563.0,1237.0,0.0,0.0,1095.0,468.0,1260.0,397.0
2.0,6467.0,1780.0,1570.0,0.0,1593.0,1593.0,1102.0,468.0,1287.0,493.0
2.0,4687.0,1705.0,1577.0,0.0,3326.0,3326.0,1106.0,471.0,1132.0,573.0
2.0,2982.0,1509.0,1578.0,1593.0,3246.0,3246.0,1104.0,474.0,950.0,559.0
2.0,3066.0,1376.0,1574.0,3326.0,1280.0,1280.0,1099.0,475.0,918.0,458.0
2.0,5016.0,1452.0,1569.0,3246.0,0.0,0.0,1096.0,473.0,1080.0,372.0
2.0,6810.0,1674.0,1569.0,1280.0,0.0,0.0,1099.0,470.0,1284.0,390.0
2.0,6416.0,1814.0,1575.0,0.0,1698.0,1698.0,1106.0,469.0,1315.0,499.0
2.0,4602.0,1725.0,1582.0,0.0,3451.0,3451.0,1110.0,472.0,1138.0,587.0
2.0,2877.0,1504.0,1584.0,1698.0,3265.0,3265.0,1108.0,476.0,937.0,567.0
2.0,3071.0,1376.0,1578.0,3451.0,1166.0,1166.0,1101.0,477.0,919.0,457.0
2.0,5146.0,1477.0,1572.0,3265.0,0.0,0.0,1098.0,474.0,1103.0,374.0
2.0,6934.0,1710.0,1572.0,1166.0,0.0,0.0,1101.0,471.0,1312.0,398.0
2.0,6390.0,1825.0,1578.0,0.0,1747.0,1747.0,1108.0,470.0,1323.0,502.0
2.0,4565.0,1714.0,1585.0,0.0,3489.0,3489.0,1112.0,473.0,1132.0,582.0
2.0,2851.0,1479.0,1587.0,1747.0,3229.0,3229.0,1110.0,477.0,925.0,554.0
2.0,3119.0,1352.0,1582.0,3489.0,1072.0,1072.0,1104.0,478.0,905.0,447.0
2.0,5256.0,1457.0,1576.0,3229.0,0.0,0.0,1101.0,475.0,1090.0,367.0
2.0,7028.0,1682.0,1575.0,1072.0,0.0,0.0,1104.0,471.0,1290.0,392.0
2.0,6418.0,1821.0,1582.0,0.0,1731.0,1731.0,1111.0,471.0,1317.0,504.0
2.0,4597.0,1733.0,1589.0,0.0,3492.0,3492.0,1115.0,474.0,1144.0,589.0
2.0,2864.0,1517.0,1591.0,1731.0,3286.0,3286.0,1113.0,478.0,953.0,564.0
2.0,3078.0,1390.0,1586.0,3492.0,1164.0,1164.0,1107.0,479.0,931.0,459.0
2.0,5180.0,1480.0,1579.0,3286.0,0.0,0.0,1103.0,476.0,1098.0,382.0
2.0,6986.0,1689.0,1577.0,1164.0,0.0,0.0,1105.0,472.0,1285.0,404.0
2.0,6461.0,1826.0,1584.0,0.0,1701.0,1701.0,1112.0,472.0,1316.0,510.0
2.0,4635.0,1741.0,1591.0,0.0,3470.0,3470.0,1116.0,475.0,1150.0,591.0
2.0,2894.0,1522.0,1594.0,1701.0,3303.0,3303.0,1115.0,479.0,961.0,561.0
2.0,3073.0,1372.0,1590.0,3470.0,1189.0,1189.0,1110.0,480.0,924.0,448.0
2.0,5171.0,1455.0,1583.0,3303.0,0.0,0.0,1106.0,477.0,1093.0,362.0
2.0,7019.0,1684.0,1582.0,1189.0,0.0,0.0,1108.0,474.0,1288.0,396.0
2.0,6524.0,1832.0,1588.0,0.0,1660.0,1660.0,1115.0,473.0,1322.0,510.0
2.0,4692.0,1756.0,1596.0,0.0,3448.0,3448.0,1120.0,476.0,1161.0,595.0
2.0,2936.0,1526.0,1599.0,1660.0,3326.0,3326.0,1119.0,480.0,960.0,566.0
2.0,3070.0,1368.0,1593.0,3448.0,1222.0,1222.0,1112.0,481.0,918.0,450.0
2.0,5150.0,1445.0,1586.0,3326.0,0.0,0.0,1108.0,478.0,1073.0,372.0
2.0,7031.0,1698.0,1585.0,1222.0,0.0,0.0,1110.0,475.0,1288.0,410.0
2.0,6555.0,1872.0,1591.0,0.0,1681.0,1681.0,1117.0,474.0,1349.0,523.0
2.0,4683.0,1812.0,1601.0,0.0,3533.0,3533.0,1123.0,478.0,1210.0,602.0
2.0,2871.0,1567.0,1603.0,1681.0,3427.0,3427.0,1122.0,481.0,1001.0,566.0
2.0,2985.0,1381.0,1597.0,3533.0,1251.0,1251.0,1115.0,482.0,927.0,454.0
2.0,5137.0,1442.0,1591.0,3427.0,0.0,0.0,1111.0,480.0,1065.0,377.0
2.0,7122.0,1680.0,1591.0,1251.0,0.0,0.0,1114.0,477.0,1274.0,406.0
2.0,6693.0,1842.0,1598.0,0.0,1541.0,1541.0,1122.0,476.0,1328.0,514.0
2.0,4851.0,1763.0,1605.0,0.0,3332.0,3332.0,1126.0,479.0,1171.0,592.0
2.0,3088.0,1519.0,1607.0,1541.0,3318.0,3318.0,1124.0,483.0,961.0,558.0
2.0,3110.0,1361.0,1601.0,3332.0,1323.0,1323.0,1117.0,484.0,912.0,449.0
2.0,5081.0,1459.0,1595.0,3318.0,0.0,0.0,1113.0,482.0,1080.0,379.0
2.0,6940.0,1724.0,1595.0,1323.0,0.0,0.0,1117.0,478.0,1308.0,416.0
2.0,6539.0,1886.0,1602.0,0.0,1755.0,1755.0,1124.0,478.0,1362.0,524.0
2.0,4653.0,1797.0,1609.0,0.0,3580.0,3580.0,1129.0,480.0,1198.0,599.0
2.0,2856.0,1539.0,1611.0,1755.0,3372.0,3372.0,1127.0,484.0,975.0,564.0
2.0,3072.0,1373.0,1605.0,3580.0,1141.0,1141.0,1120.0,485.0,918.0,455.0
2.0,5279.0,1459.0,1599.0,3372.0,0.0,0.0,1116.0,483.0,1084.0,375.0
2.0,7192.0,1707.0,1599.0,1141.0,0.0,0.0,1120.0,479.0,1306.0,401.0
2.0,6626.0,1847.0,1605.0,0.0,1641.0,1641.0,1127.0,478.0,1341.0,506.0
2.0,4779.0,1753.0,1613.0,0.0,3426.0,3426.0,1132.0,481.0,1168.0,585.0
2.0,3026.0,1510.0,1615.0,1641.0,3303.0,3303.0,1130.0,485.0,946.0,564.0
2.0,3157.0,1375.0,1608.0,3426.0,1224.0,1224.0,1122.0,486.0,909.0,466.0
2.0,5208.0,1479.0,1602.0,3303.0,0.0,0.0,1118.0,484.0,1094.0,385.0
2.0,7032.0,1732.0,1602.0,1224.0,0.0,0.0,1122.0,480.0,1322.0,410.0
2.0,6524.0,1890.0,1610.0,0.0,1806.0,1806.0,1130.0,480.0,1371.0,519.0
2.0,4634.0,1793.0,1617.0,0.0,3627.0,3627.0,1135.0,482.0,1190.0,603.0
2.0,2841.0,1558.0,1619.0,1806.0,3387.0,3387.0,1133.0,486.0,974.0,584.0
2.0,3089.0,1418.0,1614.0,3627.0,1158.0,1158.0,1126.0,488.0,942.0,476.0
2.0,5298.0,1503.0,1608.0,3387.0,0.0,0.0,1122.0,486.0,1121.0,382.0
2.0,7182.0,1712.0,1607.0,1158.0,0.0,0.0,1125.0,482.0,1318.0,394.0
2.0,6628.0,1847.0,1614.0,0.0,1675.0,1675.0,1133.0,481.0,1341.0,506.0
2.0,4781.0,1755.0,1622.0,0.0,3462.0,3462.0,1138.0,484.0,1158.0,597.0
2.0,3026.0,1523.0,1623.0,1675.0,3314.0,3314.0,1135.0,488.0,948.0,575.0
2.0,3178.0,1388.0,1617.0,3462.0,1216.0,1216.0,1128.0,489.0,923.0,465.0
2.0,5252.0,1486.0,1611.0,3314.0,0.0,0.0,1124.0,487.0,1108.0,378.0
2.0,7080.0,1717.0,1611.0,1216.0,0.0,0.0,1128.0,483.0,1320.0,397.0
2.0,6579.0,1861.0,1618.0,0.0,1754.0,1754.0,1136.0,482.0,1356.0,505.0
2.0,4718.0,1790.0,1626.0,0.0,3576.0,3576.0,1141.0,485.0,1194.0,596.0
2.0,2928.0,1591.0,1628.0,1754.0,3421.0,3421.0,1139.0,489.0,1003.0,588.0
2.0,3091.0,1460.0,1623.0,3576.0,1285.0,1285.0,1133.0,490.0,973.0,487.0
2.0,5207.0,1531.0,1617.0,3421.0,0.0,0.0,1129.0,488.0,1129.0,402.0
2.0,7097.0,1723.0,1617.0,1285.0,0.0,0.0,1132.0,485.0,1312.0,411.0
2.0,6659.0,1837.0,1623.0,0.0,1670.0,1670.0,1139.0,484.0,1333.0,504.0
2.0,4822.0,1753.0,1630.0,0.0,3451.0,3451.0,1144.0,486.0,1163.0,590.0
2.0,3069.0,1547.0,1632.0,1670.0,3336.0,3336.0,1142.0,490.0,972.0,575.0
2.0,3192.0,1416.0,1627.0,3451.0,1281.0,1281.0,1135.0,492.0,941.0,475.0
2.0,5227.0,1499.0,1621.0,3336.0,0.0,0.0,1131.0,490.0,1110.0,389.0
2.0,7064.0,1724.0,1620.0,1281.0,0.0,0.0,1134.0,486.0,1313.0,411.0
2.0,6621.0,1869.0,1626.0,0.0,1752.0,1752.0,1141.0,485.0,1354.0,515.0
2.0,4752.0,1796.0,1635.0,0.0,3584.0,3584.0,1147.0,488.0,1198.0,598.0
2.0,2956.0,1577.0,1637.0,1752.0,3417.0,3417.0,1145.0,492.0,1002.0,575.0
2.0,3131.0,1440.0,1632.0,3584.0,1253.0,1253.0,1139.0,493.0,966.0,474.0
2.0,5275.0,1535.0,1626.0,3417.0,0.0,0.0,1135.0,491.0,1136.0,399.0
2.0,7157.0,1757.0,1625.0,1253.0,0.0,0.0,1138.0,487.0,1341.0,416.0
2.0,6653.0,1872.0,1631.0,0.0,1743.0,1743.0,1145.0,486.0,1359.0,513.0
2.0,4781.0,1755.0,1638.0,0.0,3526.0,3526.0,1149.0,489.0,1166.0,589.0
2.0,3026.0,1526.0,1639.0,1743.0,3313.0,3313.0,1147.0,492.0,962.0,564.0
2.0,3243.0,1401.0,1634.0,3526.0,1168.0,1168.0,1141.0,493.0,938.0,463.0
2.0,5368.0,1505.0,1628.0,3313.0,0.0,0.0,1137.0,491.0,1117.0,388.0
2.0,7176.0,1740.0,1628.0,1168.0,0.0,0.0,1140.0,488.0,1324.0,416.0
2.0,6604.0,1887.0,1634.0,0.0,1819.0,1819.0,1147.0,487.0,1359.0,528.0
2.0,4717.0,1806.0,1643.0,0.0,3661.0,3661.0,1153.0,490.0,1196.0,610.0
2.0,2911.0,1587.0,1645.0,1819.0,3437.0,3437.0,1151.0,494.0,1006.0,581.0
2.0,3143.0,1442.0,1640.0,3661.0,1198.0,1198.0,1145.0,495.0,974.0,468.0
2.0,5362.0,1527.0,1633.0,3437.0,0.0,0.0,1141.0,492.0,1137.0,390.0
2.0,7272.0,1749.0,1632.0,1198.0,0.0,0.0,1143.0,489.0,1327.0,422.0
2.0,6721.0,1882.0,1638.0,0.0,1713.0,1713.0,1150.0,488.0,1353.0,529.0
2.0,4839.0,1792.0,1646.0,0.0,3537.0,3537.0,1155.0,491.0,1186.0,606.0
2.0,3047.0,1566.0,1649.0,1713.0,3402.0,3402.0,1154.0,495.0,993.0,573.0
2.0,3194.0,1431.0,1643.0,3537.0,1272.0,1272.0,1147.0,496.0,963.0,468.0
2.0,5300.0,1505.0,1637.0,3402.0,0.0,0.0,1143.0,494.0,1115.0,390.0
2.0,7197.0,1717.0,1636.0,1272.0,0.0,0.0,1145.0,491.0,1301.0,416.0
2.0,6752.0,1857.0,1643.0,0.0,1677.0,1677.0,1153.0,490.0,1337.0,520.0
2.0,4895.0,1804.0,1651.0,0.0,3513.0,3513.0,1158.0,493.0,1198.0,606.0
2.0,3091.0,1606.0,1653.0,1677.0,3450.0,3450.0,1157.0,496.0,1026.0,580.0
2.0,3162.0,1477.0,1649.0,3513.0,1398.0,1398.0,1151.0,498.0,1006.0,471.0
2.0,5198.0,1550.0,1642.0,3450.0,0.0,0.0,1147.0,495.0,1160.0,390.0
2.0,7098.0,1747.0,1642.0,1398.0,0.0,0.0,1150.0,492.0,1326.0,421.0
2.0,6749.0,1865.0,1647.0,0.0,1704.0,1704.0,1156.0,491.0,1334.0,531.0
2.0,4884.0,1791.0,1654.0,0.0,3523.0,3523.0,1161.0,493.0,1174.0,617.0
2.0,3093.0,1610.0,1656.0,1704.0,3437.0,3437.0,1159.0,497.0,1022.0,588.0
2.0,3187.0,1483.0,1652.0,3523.0,1381.0,1381.0,1153.0,499.0,1011.0,472.0
2.0,5227.0,1544.0,1646.0,3437.0,0.0,0.0,1150.0,496.0,1158.0,386.0
2.0,7120.0,1730.0,1646.0,1381.0,0.0,0.0,1153.0,493.0,1310.0,420.0
2.0,6771.0,1845.0,1652.0,0.0,1682.0,1682.0,1160.0,492.0,1313.0,532.0
2.0,4926.0,1785.0,1659.0,0.0,3495.0,3495.0,1164.0,495.0,1172.0,613.0
2.0,3141.0,1608.0,1662.0,1682.0,3433.0,3433.0,1163.0,499.0,1030.0,578.0
2.0,3215.0,1504.0,1657.0,3495.0,1422.0,1422.0,1157.0,500.0,1032.0,472.0
2.0,5206.0,1574.0,1652.0,3433.0,0.0,0.0,1154.0,498.0,1177.0,397.0
2.0,7065.0,1729.0,1651.0,1422.0,0.0,0.0,1156.0,495.0,1305.0,424.0
2.0,6758.0,1840.0,1656.0,0.0,1706.0,1706.0,1162.0,494.0,1309.0,531.0
2.0,4918.0,1789.0,1662.0,0.0,3519.0,3519.0,1166.0,496.0,1173.0,616.0
2.0,3129.0,1634.0,1664.0,1706.0,3455.0,3455.0,1164.0,500.0,1047.0,587.0
2.0,3201.0,1526.0,1660.0,3519.0,1446.0,1446.0,1159.0,501.0,1051.0,475.0
2.0,5194.0,1561.0,1655.0,3455.0,0.0,0.0,1156.0,499.0,1173.0,388.0
2.0,7088.0,1710.0,1655.0,1446.0,0.0,0.0,1159.0,496.0,1295.0,415.0
2.0,6824.0,1815.0,1660.0,0.0,1631.0,1631.0,1165.0,495.0,1290.0,525.0
2.0,5009.0,1771.0,1666.0,0.0,3426.0,3426.0,1169.0,497.0,1161.0,610.0
2.0,3238.0,1629.0,1669.0,1631.0,3436.0,3436.0,1168.0,501.0,1040.0,589.0
2.0,3240.0,1525.0,1664.0,3426.0,1515.0,1515.0,1162.0,502.0,1047.0,478.0
2.0,5141.0,1574.0,1659.0,3436.0,0.0,0.0,1159.0,500.0,1183.0,391.0
2.0,7003.0,1729.0,1658.0,1515.0,0.0,0.0,1161.0,497.0,1310.0,419.0
2.0,6789.0,1839.0,1663.0,0.0,1702.0,1702.0,1167.0,496.0,1304.0,535.0
2.0,4950.0,1806.0,1670.0,0.0,3536.0,3536.0,1171.0,499.0,1177.0,629.0
2.0,3144.0,1664.0,1673.0,1702.0,3510.0,3510.0,1170.0,503.0,1058.0,606.0
2.0,3182.0,1551.0,1668.0,3536.0,1505.0,1505.0,1164.0,504.0,1066.0,485.0
2.0,5167.0,1592.0,1663.0,3510.0,0.0,0.0,1161.0,502.0,1201.0,391.0
2.0,7085.0,1718.0,1662.0,1505.0,0.0,0.0,1164.0,498.0,1311.0,407.0
2.0,6872.0,1818.0,1668.0,0.0,1618.0,1618.0,1171.0,497.0,1297.0,521.0
2.0,5054.0,1787.0,1675.0,0.0,3433.0,3433.0,1175.0,500.0,1169.0,618.0
2.0,3267.0,1655.0,1678.0,1618.0,3482.0,3482.0,1174.0,504.0,1055.0,600.0
2.0,3230.0,1546.0,1675.0,3433.0,1583.0,1583.0,1169.0,506.0,1065.0,481.0
2.0,5117.0,1564.0,1668.0,3482.0,0.0,0.0,1165.0,503.0,1181.0,383.0
2.0,7035.0,1701.0,1666.0,1583.0,0.0,0.0,1167.0,499.0,1294.0,407.0
2.0,6917.0,1814.0,1671.0,0.0,1581.0,1581.0,1173.0,498.0,1286.0,528.0
2.0,5103.0,1795.0,1678.0,0.0,3404.0,3404.0,1177.0,501.0,1172.0,623.0
2.0,3308.0,1679.0,1680.0,1581.0,3510.0,3510.0,1175.0,505.0,1077.0,602.0
2.0,3210.0,1572.0,1677.0,3404.0,1666.0,1666.0,1171.0,506.0,1086.0,486.0
2.0,5042.0,1611.0,1672.0,3510.0,0.0,0.0,1168.0,504.0,1210.0,401.0
2.0,6941.0,1731.0,1670.0,1666.0,0.0,0.0,1170.0,500.0,1308.0,423.0
2.0,6876.0,1827.0,1675.0,0.0,1651.0,1651.0,1176.0,499.0,1296.0,531.0
2.0,5049.0,1797.0,1682.0,0.0,3476.0,3476.0,1180.0,502.0,1179.0,618.0
2.0,3252.0,1677.0,1686.0,1651.0,3518.0,3518.0,1180.0,506.0,1077.0,600.0
2.0,3226.0,1555.0,1683.0,3476.0,1585.0,1585.0,1175.0,508.0,1066.0,489.0
2.0,5147.0,1561.0,1677.0,3518.0,0.0,0.0,1172.0,505.0,1169.0,392.0
2.0,7104.0,1687.0,1675.0,1585.0,0.0,0.0,1173.0,502.0,1281.0,406.0
2.0,7002.0,1812.0,1679.0,0.0,1526.0,1526.0,1179.0,500.0,1289.0,523.0
2.0,5190.0,1820.0,1686.0,0.0,3374.0,3374.0,1182.0,504.0,1188.0,632.0
2.0,3370.0,1708.0,1689.0,1526.0,3568.0,3568.0,1181.0,508.0,1089.0,619.0
2.0,3188.0,1587.0,1685.0,3374.0,1765.0,1765.0,1176.0,509.0,1094.0,493.0
2.0,4975.0,1581.0,1680.0,3568.0,0.0,0.0,1174.0,506.0,1199.0,382.0
2.0,6962.0,1714.0,1678.0,1765.0,0.0,0.0,1176.0,502.0,1311.0,403.0
2.0,7013.0,1842.0,1683.0,0.0,1561.0,1561.0,1182.0,501.0,1306.0,536.0
2.0,5171.0,1825.0,1690.0,0.0,3414.0,3414.0,1185.0,505.0,1186.0,639.0
2.0,3346.0,1676.0,1692.0,1561.0,3537.0,3537.0,1183.0,509.0,1065.0,611.0
2.0,3231.0,1552.0,1689.0,3414.0,1663.0,1663.0,1179.0,510.0,1071.0,481.0
2.0,5093.0,1556.0,1683.0,3537.0,0.0,0.0,1176.0,507.0,1182.0,374.0
2.0,7074.0,1695.0,1682.0,1663.0,0.0,0.0,1179.0,503.0,1296.0,399.0
2.0,7042.0,1825.0,1686.0,0.0,1527.0,1527.0,1184.0,502.0,1293.0,532.0
2.0,5217.0,1831.0,1691.0,0.0,3378.0,3378.0,1186.0,505.0,1181.0,650.0
2.0,3386.0,1707.0,1694.0,1527.0,3570.0,3570.0,1184.0,510.0,1075.0,632.0
2.0,3206.0,1582.0,1691.0,3378.0,1762.0,1762.0,1180.0,511.0,1084.0,498.0
2.0,5002.0,1591.0,1686.0,3570.0,0.0,0.0,1178.0,508.0,1209.0,382.0
2.0,6981.0,1724.0,1685.0,1762.0,0.0,0.0,1181.0,504.0,1328.0,396.0
2.0,7019.0,1847.0,1689.0,0.0,1584.0,1584.0,1186.0,503.0,1315.0,532.0
2.0,5172.0,1850.0,1696.0,0.0,3462.0,3462.0,1189.0,507.0,1200.0,650.0
2.0,3322.0,1720.0,1699.0,1584.0,3610.0,3610.0,1188.0,511.0,1089.0,631.0
2.0,3186.0,1583.0,1697.0,3462.0,1723.0,1723.0,1184.0,513.0,1091.0,492.0
2.0,5065.0,1554.0,1692.0,3610.0,0.0,0.0,1182.0,510.0,1184.0,370.0
2.0,7121.0,1667.0,1690.0,1723.0,0.0,0.0,1184.0,506.0,1275.0,392.0
2.0,7177.0,1792.0,1692.0,0.0,1383.0,1383.0,1188.0,504.0,1264.0,528.0
2.0,5385.0,1827.0,1699.0,0.0,3238.0,3238.0,1191.0,508.0,1182.0,645.0
2.0,3558.0,1741.0,1701.0,1383.0,3604.0,3604.0,1189.0,512.0,1111.0,630.0
2.0,3200.0,1633.0,1700.0,3238.0,1995.0,1995.0,1186.0,514.0,1138.0,495.0
2.0,4805.0,1604.0,1696.0,3604.0,0.0,0.0,1185.0,511.0,1229.0,375.0
2.0,6805.0,1705.0,1693.0,1995.0,0.0,0.0,1187.0,506.0,1307.0,398.0
2.0,7095.0,1839.0,1697.0,0.0,1532.0,1532.0,1192.0,505.0,1292.0,547.0
2.0,5256.0,1878.0,1703.0,0.0,3434.0,3434.0,1195.0,508.0,1212.0,666.0
2.0,3378.0,1755.0,1706.0,1532.0,3669.0,3669.0,1193.0,513.0,1120.0,635.0
2.0,3155.0,1613.0,1704.0,3434.0,1840.0,1840.0,1189.0,515.0,1127.0,486.0
2.0,4976.0,1569.0,1700.0,3669.0,0.0,0.0,1188.0,512.0,1203.0,366.0
2.0,7076.0,1670.0,1697.0,1840.0,0.0,0.0,1190.0,507.0,1274.0,396.0
2.0,7246.0,1806.0,1700.0,0.0,1360.0,1360.0,1194.0,506.0,1262.0,544.0
2.0,5440.0,1851.0,1706.0,0.0,3235.0,3235.0,1196.0,510.0,1186.0,665.0
2.0,3589.0,1751.0,1710.0,1360.0,3642.0,3642.0,1195.0,515.0,1119.0,632.0
2.0,3198.0,1616.0,1708.0,3235.0,2015.0,2015.0,1192.0,516.0,1131.0,485.0
2.0,4817.0,1604.0,1704.0,3642.0,0.0,0.0,1191.0,513.0,1233.0,371.0
2.0,6855.0,1724.0,1702.0,2015.0,0.0,0.0,1193.0,509.0,1322.0,402.0
2.0,7146.0,1858.0,1706.0,0.0,1536.0,1536.0,1198.0,508.0,1307.0,551.0
2.0,5288.0,1878.0,1711.0,0.0,3434.0,3434.0,1200.0,511.0,1207.0,671.0
2.0,3410.0,1748.0,1714.0,1536.0,3658.0,3658.0,1198.0,516.0,1108.0,640.0
2.0,3198.0,1612.0,1712.0,3434.0,1828.0,1828.0,1195.0,517.0,1123.0,489.0
2.0,5020.0,1588.0,1707.0,3658.0,0.0,0.0,1193.0,514.0,1225.0,363.0
2.0,7090.0,1706.0,1706.0,1828.0,0.0,0.0,1196.0,510.0,1314.0,392.0
2.0,7212.0,1824.0,1709.0,0.0,1448.0,1448.0,1200.0,509.0,1282.0,542.0
2.0,5388.0,1830.0,1714.0,0.0,3298.0,3298.0,1202.0,512.0,1168.0,662.0
2.0,3558.0,1727.0,1717.0,1448.0,3589.0,3589.0,1200.0,517.0,1090.0,637.0
2.0,3279.0,1615.0,1715.0,3298.0,1898.0,1898.0,1197.0,518.0,1124.0,491.0
2.0,4962.0,1626.0,1712.0,3589.0,0.0,0.0,1197.0,515.0,1252.0,374.0
2.0,6925.0,1742.0,1711.0,1898.0,0.0,0.0,1200.0,511.0,1342.0,400.0
2.0,7081.0,1860.0,1714.0,0.0,1635.0,1635.0,1204.0,510.0,1314.0,546.0
2.0,5221.0,1875.0,1719.0,0.0,3530.0,3530.0,1206.0,513.0,1204.0,671.0
2.0,3346.0,1763.0,1722.0,1635.0,3670.0,3670.0,1204.0,518.0,1113.0,650.0
2.0,3218.0,1635.0,1721.0,3530.0,1771.0,1771.0,1201.0,520.0,1135.0,500.0
2.0,5113.0,1611.0,1717.0,3670.0,0.0,0.0,1200.0,517.0,1241.0,370.0
2.0,7172.0,1715.0,1714.0,1771.0,0.0,0.0,1202.0,512.0,1318.0,397.0
2.0,7228.0,1837.0,1718.0,0.0,1481.0,1481.0,1207.0,511.0,1289.0,548.0
2.0,5391.0,1843.0,1724.0,0.0,3348.0,3348.0,1209.0,515.0,1176.0,667.0
2.0,3548.0,1728.0,1727.0,1481.0,3607.0,3607.0,1207.0,520.0,1096.0,632.0
2.0,3301.0,1604.0,1725.0,3348.0,1855.0,1855.0,1204.0,521.0,1126.0,478.0
2.0,5045.0,1616.0,1721.0,3607.0,0.0,0.0,1203.0,518.0,1249.0,367.0
2.0,7036.0,1754.0,1719.0,1855.0,0.0,0.0,1206.0,513.0,1348.0,406.0
2.0,7137.0,1878.0,1723.0,0.0,1633.0,1633.0,1211.0,512.0,1322.0,556.0
2.0,5259.0,1865.0,1728.0,0.0,3518.0,3518.0,1213.0,515.0,1197.0,668.0
2.0,3394.0,1741.0,1731.0,1633.0,3638.0,3638.0,1211.0,520.0,1107.0,634.0
2.0,3286.0,1619.0,1729.0,3518.0,1731.0,1731.0,1207.0,522.0,1127.0,492.0
2.0,5185.0,1628.0,1725.0,3638.0,0.0,0.0,1206.0,519.0,1247.0,381.0
2.0,7195.0,1756.0,1723.0,1731.0,0.0,0.0,1209.0,514.0,1343.0,413.0
2.0,7170.0,1878.0,1726.0,0.0,1612.0,1612.0,1213.0,513.0,1314.0,564.0
2.0,5292.0,1856.0,1731.0,0.0,3488.0,3488.0,1215.0,516.0,1182.0,674.0
2.0,3436.0,1719.0,1734.0,1612.0,3607.0,3607.0,1213.0,521.0,1090.0,629.0
2.0,3329.0,1604.0,1733.0,3488.0,1719.0,1719.0,1210.0,523.0,1125.0,479.0
2.0,5213.0,1630.0,1730.0,3607.0,0.0,0.0,1210.0,520.0,1253.0,377.0
2.0,7190.0,1767.0,1729.0,1719.0,0.0,0.0,1213.0,516.0,1350.0,417.0
2.0,7142.0,1881.0,1731.0,0.0,1663.0,1663.0,1217.0,514.0,1318.0,563.0
2.0,5261.0,1864.0,1736.0,0.0,3547.0,3547.0,1218.0,518.0,1194.0,670.0
2.0,3397.0,1749.0,1739.0,1663.0,3645.0,3645.0,1216.0,523.0,1111.0,638.0
2.0,3311.0,1643.0,1738.0,3547.0,1737.0,1737.0,1213.0,525.0,1147.0,496.0
2.0,5215.0,1656.0,1734.0,3645.0,0.0,0.0,1212.0,522.0,1271.0,385.0
2.0,7204.0,1768.0,1732.0,1737.0,0.0,0.0,1215.0,517.0,1353.0,415.0
2.0,7173.0,1865.0,1734.0,0.0,1628.0,1628.0,1219.0,515.0,1311.0,554.0
2.0,5308.0,1849.0,1739.0,0.0,3497.0,3497.0,1220.0,519.0,1182.0,667.0
2.0,3459.0,1736.0,1742.0,1628.0,3617.0,3617.0,1218.0,524.0,1095.0,641.0
2.0,3351.0,1637.0,1741.0,3497.0,1753.0,1753.0,1215.0,526.0,1140.0,497.0
2.0,5211.0,1649.0,1738.0,3617.0,0.0,0.0,1215.0,523.0,1271.0,378.0
2.0,7179.0,1769.0,1737.0,1753.0,0.0,0.0,1219.0,518.0,1360.0,409.0
2.0,7163.0,1884.0,1739.0,0.0,1677.0,1677.0,1222.0,517.0,1323.0,561.0
2.0,5279.0,1863.0,1744.0,0.0,3560.0,3560.0,1224.0,520.0,1188.0,675.0
2.0,3416.0,1725.0,1746.0,1677.0,3616.0,3616.0,1221.0,525.0,1082.0,643.0
2.0,3368.0,1612.0,1744.0,3560.0,1660.0,1660.0,1217.0,527.0,1118.0,494.0
2.0,5316.0,1646.0,1740.0,3616.0,0.0,0.0,1216.0,524.0,1266.0,380.0
2.0,7286.0,1810.0,1738.0,1660.0,0.0,0.0,1219.0,519.0,1386.0,424.0
2.0,7136.0,1937.0,1742.0,0.0,1769.0,1769.0,1224.0,518.0,1361.0,576.0
2.0,5199.0,1898.0,1748.0,0.0,3691.0,3691.0,1226.0,522.0,1214.0,684.0
2.0,3301.0,1734.0,1751.0,1769.0,3668.0,3668.0,1224.0,527.0,1094.0,640.0
2.0,3336.0,1603.0,1749.0,3691.0,1572.0,1572.0,1220.0,529.0,1114.0,489.0
2.0,5424.0,1624.0,1745.0,3668.0,0.0,0.0,1219.0,526.0,1252.0,372.0
2.0,7468.0,1776.0,1744.0,1572.0,0.0,0.0,1223.0,521.0,1374.0,402.0
2.0,7264.0,1904.0,1747.0,0.0,1628.0,1628.0,1228.0,519.0,1352.0,552.0
2.0,5360.0,1876.0,1752.0,0.0,3524.0,3524.0,1230.0,522.0,1206.0,670.0
2.0,3484.0,1728.0,1754.0,1628.0,3632.0,3632.0,1226.0,528.0,1085.0,643.0
2.0,3384.0,1602.0,1752.0,3524.0,1702.0,1702.0,1222.0,530.0,1100.0,502.0
2.0,5306.0,1638.0,1747.0,3632.0,0.0,0.0,1221.0,526.0,1253.0,385.0
2.0,7300.0,1806.0,1746.0,1702.0,0.0,0.0,1224.0,522.0,1392.0,414.0
2.0,7196.0,1945.0,1749.0,0.0,1745.0,1745.0,1229.0,520.0,1383.0,562.0
2.0,5251.0,1913.0,1754.0,0.0,3678.0,3678.0,1231.0,523.0,1231.0,682.0
2.0,3338.0,1746.0,1757.0,1745.0,3691.0,3691.0,1228.0,529.0,1094.0,652.0
2.0,3337.0,1608.0,1755.0,3678.0,1613.0,1613.0,1224.0,531.0,1101.0,507.0
2.0,5407.0,1637.0,1752.0,3691.0,0.0,0.0,1224.0,528.0,1251.0,386.0
2.0,7461.0,1803.0,1751.0,1613.0,0.0,0.0,1228.0,523.0,1394.0,409.0
2.0,7271.0,1925.0,1754.0,0.0,1670.0,1670.0,1233.0,521.0,1372.0,553.0
2.0,5346.0,1888.0,1760.0,0.0,3582.0,3582.0,1235.0,525.0,1213.0,675.0
2.0,3458.0,1728.0,1762.0,1670.0,3648.0,3648.0,1231.0,531.0,1076.0,652.0
2.0,3400.0,1601.0,1758.0,3582.0,1651.0,1651.0,1226.0,532.0,1092.0,509.0
2.0,5381.0,1645.0,1754.0,3648.0,0.0,0.0,1225.0,529.0,1259.0,386.0
2.0,7384.0,1834.0,1754.0,1651.0,0.0,0.0,1230.0,524.0,1420.0,414.0
2.0,7201.0,1976.0,1758.0,0.0,1807.0,1807.0,1235.0,523.0,1410.0,566.0
2.0,5225.0,1934.0,1765.0,0.0,3769.0,3769.0,1238.0,527.0,1247.0,687.0
2.0,3291.0,1747.0,1767.0,1807.0,3717.0,3717.0,1235.0,532.0,1092.0,655.0
2.0,3351.0,1604.0,1764.0,3769.0,1540.0,1540.0,1230.0,534.0,1098.0,506.0
2.0,5516.0,1634.0,1759.0,3717.0,0.0,0.0,1229.0,530.0,1253.0,381.0
2.0,7599.0,1820.0,1758.0,1540.0,0.0,0.0,1233.0,525.0,1413.0,407.0
2.0,7319.0,1956.0,1763.0,0.0,1689.0,1689.0,1239.0,524.0,1402.0,554.0
2.0,5363.0,1896.0,1769.0,0.0,3609.0,3609.0,1241.0,528.0,1220.0,676.0
2.0,3467.0,1705.0,1770.0,1689.0,3629.0,3629.0,1237.0,533.0,1054.0,651.0
2.0,3451.0,1574.0,1767.0,3609.0,1582.0,1582.0,1232.0,535.0,1067.0,507.0
2.0,5486.0,1632.0,1761.0,3629.0,0.0,0.0,1230.0,531.0,1240.0,392.0
2.0,7483.0,1836.0,1761.0,1582.0,0.0,0.0,1235.0,526.0,1414.0,422.0
2.0,7229.0,2006.0,1766.0,0.0,1841.0,1841.0,1241.0,525.0,1434.0,572.0
2.0,5223.0,1979.0,1772.0,0.0,3844.0,3844.0,1243.0,529.0,1288.0,691.0
2.0,3244.0,1783.0,1775.0,1841.0,3798.0,3798.0,1241.0,534.0,1118.0,665.0
2.0,3302.0,1614.0,1772.0,3844.0,1556.0,1556.0,1236.0,536.0,1099.0,515.0
2.0,5532.0,1629.0,1767.0,3798.0,0.0,0.0,1234.0,533.0,1241.0,388.0
2.0,7701.0,1809.0,1766.0,1556.0,0.0,0.0,1238.0,528.0,1395.0,414.0
2.0,7448.0,1964.0,1771.0,0.0,1600.0,1600.0,1244.0,527.0,1403.0,561.0
2.0,5484.0,1947.0,1777.0,0.0,3571.0,3571.0,1247.0,530.0,1265.0,682.0
2.0,3537.0,1750.0,1778.0,1600.0,3725.0,3725.0,1243.0,535.0,1100.0,650.0
2.0,3387.0,1559.0,1775.0,3571.0,1701.0,1701.0,1238.0,537.0,1064.0,495.0
2.0,5399.0,1594.0,1770.0,3725.0,0.0,0.0,1236.0,534.0,1216.0,378.0
2.0,7530.0,1817.0,1769.0,1701.0,0.0,0.0,1240.0,529.0,1399.0,418.0
2.0,7414.0,2017.0,1774.0,0.0,1699.0,1699.0,1247.0,527.0,1435.0,582.0
2.0,5397.0,2001.0,1782.0,0.0,3732.0,3732.0,1250.0,532.0,1297.0,704.0
2.0,3396.0,1787.0,1784.0,1699.0,3828.0,3828.0,1247.0,537.0,1126.0,661.0
2.0,3308.0,1606.0,1780.0,3732.0,1686.0,1686.0,1242.0,538.0,1105.0,501.0
2.0,5434.0,1633.0,1775.0,3828.0,0.0,0.0,1240.0,535.0,1250.0,383.0
2.0,7629.0,1826.0,1773.0,1686.0,0.0,0.0,1243.0,530.0,1403.0,423.0
2.0,7489.0,1992.0,1778.0,0.0,1615.0,1615.0,1249.0,529.0,1410.0,582.0
2.0,5497.0,1962.0,1785.0,0.0,3605.0,3605.0,1252.0,533.0,1262.0,700.0
2.0,3535.0,1752.0,1787.0,1615.0,3750.0,3750.0,1249.0,538.0,1099.0,653.0
2.0,3398.0,1585.0,1784.0,3605.0,1718.0,1718.0,1244.0,540.0,1091.0,494.0
2.0,5418.0,1616.0,1778.0,3750.0,0.0,0.0,1242.0,536.0,1238.0,378.0
2.0,7552.0,1817.0,1777.0,1718.0,0.0,0.0,1245.0,532.0,1398.0,419.0
2.0,7453.0,1995.0,1782.0,0.0,1670.0,1670.0,1252.0,530.0,1418.0,577.0
2.0,5458.0,1994.0,1790.0,0.0,3696.0,3696.0,1256.0,534.0,1292.0,702.0
2.0,3464.0,1817.0,1794.0,1670.0,3859.0,3859.0,1254.0,540.0,1149.0,668.0
2.0,3317.0,1631.0,1789.0,3696.0,1774.0,1774.0,1248.0,541.0,1123.0,508.0
2.0,5382.0,1628.0,1784.0,3859.0,0.0,0.0,1246.0,538.0,1246.0,382.0
2.0,7613.0,1812.0,1782.0,1774.0,0.0,0.0,1249.0,533.0,1396.0,416.0
2.0,7575.0,2004.0,1786.0,0.0,1573.0,1573.0,1255.0,531.0,1424.0,580.0
2.0,5571.0,1984.0,1794.0,0.0,3589.0,3589.0,1259.0,535.0,1282.0,702.0
2.0,3587.0,1771.0,1797.0,1573.0,3799.0,3799.0,1256.0,541.0,1109.0,662.0
2.0,3389.0,1581.0,1792.0,3589.0,1771.0,1771.0,1250.0,542.0,1081.0,500.0
2.0,5397.0,1596.0,1786.0,3799.0,0.0,0.0,1247.0,539.0,1221.0,375.0
2.0,7600.0,1815.0,1785.0,1771.0,0.0,0.0,1251.0,534.0,1396.0,419.0
2.0,7556.0,2015.0,1790.0,0.0,1619.0,1619.0,1257.0,533.0,1434.0,581.0
2.0,5541.0,2007.0,1798.0,0.0,3658.0,3658.0,1262.0,536.0,1304.0,703.0
2.0,3534.0,1803.0,1801.0,1619.0,3854.0,3854.0,1259.0,542.0,1139.0,664.0
2.0,3350.0,1622.0,1796.0,3658.0,1798.0,1798.0,1253.0,543.0,1115.0,507.0
2.0,5386.0,1660.0,1791.0,3854.0,0.0,0.0,1251.0,540.0,1263.0,397.0
2.0,7580.0,1872.0,1789.0,1798.0,0.0,0.0,1254.0,535.0,1432.0,440.0
2.0,7506.0,2036.0,1795.0,0.0,1710.0,1710.0,1261.0,534.0,1443.0,593.0
2.0,5470.0,1981.0,1802.0,0.0,3719.0,3719.0,1264.0,538.0,1283.0,698.0
2.0,3489.0,1756.0,1805.0,1710.0,3777.0,3777.0,1262.0,543.0,1102.0,654.0
2.0,3443.0,1575.0,1800.0,3719.0,1613.0,1613.0,1255.0,545.0,1078.0,497.0
2.0,5587.0,1612.0,1794.0,3777.0,0.0,0.0,1252.0,542.0,1230.0,382.0
2.0,7752.0,1836.0,1793.0,1613.0,0.0,0.0,1256.0,537.0,1415.0,421.0
2.0,7529.0,2026.0,1798.0,0.0,1689.0,1689.0,1263.0,535.0,1449.0,577.0
2.0,5503.0,2005.0,1807.0,0.0,3730.0,3730.0,1268.0,539.0,1305.0,700.0
2.0,3498.0,1785.0,1809.0,1689.0,3834.0,3834.0,1265.0,544.0,1120.0,665.0
2.0,3402.0,1611.0,1805.0,3730.0,1699.0,1699.0,1259.0,546.0,1104.0,507.0
2.0,5521.0,1652.0,1798.0,3834.0,0.0,0.0,1256.0,542.0,1264.0,388.0
2.0,7703.0,1869.0,1796.0,1699.0,0.0,0.0,1259.0,537.0,1441.0,428.0
2.0,7533.0,2048.0,1802.0,0.0,1723.0,1723.0,1266.0,536.0,1461.0,587.0
2.0,5485.0,2003.0,1809.0,0.0,3754.0,3754.0,1269.0,540.0,1293.0,710.0
2.0,3482.0,1769.0,1812.0,1723.0,3812.0,3812.0,1267.0,545.0,1099.0,670.0
2.0,3436.0,1600.0,1808.0,3754.0,1642.0,1642.0,1261.0,547.0,1086.0,514.0
2.0,5590.0,1641.0,1802.0,3812.0,0.0,0.0,1258.0,544.0,1253.0,388.0
2.0,7761.0,1866.0,1800.0,1642.0,0.0,0.0,1261.0,539.0,1446.0,420.0
2.0,7537.0,2044.0,1805.0,0.0,1727.0,1727.0,1268.0,537.0,1468.0,576.0
2.0,5493.0,1998.0,1814.0,0.0,3761.0,3761.0,1273.0,541.0,1291.0,707.0
2.0,3495.0,1774.0,1818.0,1727.0,3824.0,3824.0,1271.0,547.0,1099.0,675.0
2.0,3448.0,1602.0,1813.0,3761.0,1645.0,1645.0,1264.0,549.0,1086.0,516.0
2.0,5607.0,1651.0,1806.0,3824.0,0.0,0.0,1261.0,545.0,1262.0,389.0
2.0,7780.0,1885.0,1804.0,1645.0,0.0,0.0,1264.0,540.0,1458.0,427.0
2.0,7540.0,2056.0,1809.0,0.0,1752.0,1752.0,1271.0,538.0,1470.0,586.0
2.0,5484.0,2005.0,1817.0,0.0,3789.0,3789.0,1275.0,542.0,1296.0,709.0
2.0,3479.0,1793.0,1820.0,1752.0,3842.0,3842.0,1272.0,548.0,1119.0,674.0
2.0,3438.0,1621.0,1816.0,3789.0,1658.0,1658.0,1266.0,550.0,1108.0,513.0
2.0,5606.0,1652.0,1810.0,3842.0,0.0,0.0,1264.0,546.0,1265.0,387.0
2.0,7796.0,1856.0,1807.0,1658.0,0.0,0.0,1267.0,540.0,1438.0,418.0
2.0,7598.0,2032.0,1813.0,0.0,1686.0,1686.0,1274.0,539.0,1456.0,576.0
2.0,5566.0,1999.0,1821.0,0.0,3717.0,3717.0,1278.0,543.0,1296.0,703.0
2.0,3567.0,1801.0,1825.0,1686.0,3848.0,3848.0,1276.0,549.0,1126.0,675.0
2.0,3452.0,1626.0,1821.0,3717.0,1741.0,1741.0,1270.0,551.0,1110.0,516.0
2.0,5543.0,1660.0,1814.0,3848.0,0.0,0.0,1267.0,547.0,1267.0,393.0
2.0,7731.0,1872.0,1812.0,1741.0,0.0,0.0,1270.0,542.0,1439.0,433.0
2.0,7600.0,2059.0,1816.0,0.0,1723.0,1723.0,1276.0,540.0,1462.0,597.0
2.0,5541.0,2030.0,1825.0,0.0,3789.0,3789.0,1280.0,545.0,1309.0,721.0
2.0,3511.0,1822.0,1827.0,1723.0,3896.0,3896.0,1277.0,550.0,1135.0,687.0
2.0,3412.0,1636.0,1824.0,3789.0,1731.0,1731.0,1272.0,552.0,1113.0,523.0
2.0,5565.0,1656.0,1818.0,3896.0,0.0,0.0,1269.0,549.0,1265.0,391.0
2.0,7805.0,1857.0,1815.0,1731.0,0.0,0.0,1272.0,543.0,1440.0,417.0
2.0,7679.0,2039.0,1821.0,0.0,1644.0,1644.0,1279.0,542.0,1466.0,573.0
2.0,5640.0,2021.0,1829.0,0.0,3697.0,3697.0,1283.0,546.0,1312.0,709.0
2.0,3619.0,1822.0,1834.0,1644.0,3895.0,3895.0,1282.0,552.0,1136.0,686.0
2.0,3441.0,1626.0,1830.0,3697.0,1808.0,1808.0,1276.0,554.0,1106.0,520.0
2.0,5512.0,1636.0,1823.0,3895.0,0.0,0.0,1273.0,550.0,1252.0,384.0
2.0,7771.0,1842.0,1819.0,1808.0,0.0,0.0,1275.0,544.0,1430.0,412.0
2.0,7737.0,2042.0,1824.0,0.0,1601.0,1601.0,1281.0,543.0,1460.0,582.0
2.0,5695.0,2045.0,1832.0,0.0,3678.0,3678.0,1285.0,547.0,1317.0,728.0
2.0,3650.0,1855.0,1836.0,1601.0,3948.0,3948.0,1283.0,553.0,1154.0,701.0
2.0,3396.0,1668.0,1831.0,3678.0,1918.0,1918.0,1277.0,554.0,1140.0,528.0
2.0,5406.0,1674.0,1824.0,3948.0,0.0,0.0,1274.0,550.0,1291.0,383.0
2.0,7680.0,1875.0,1823.0,1918.0,0.0,0.0,1278.0,545.0,1460.0,415.0
2.0,7723.0,2062.0,1829.0,0.0,1655.0,1655.0,1285.0,544.0,1474.0,588.0
2.0,5661.0,2046.0,1838.0,0.0,3737.0,3737.0,1290.0,548.0,1312.0,734.0
2.0,3615.0,1831.0,1842.0,1655.0,3929.0,3929.0,1288.0,554.0,1133.0,698.0
2.0,3439.0,1633.0,1838.0,3737.0,1809.0,1809.0,1282.0,556.0,1115.0,518.0
2.0,5543.0,1649.0,1830.0,3929.0,0.0,0.0,1278.0,552.0,1270.0,379.0
2.0,7823.0,1860.0,1828.0,1809.0,0.0,0.0,1281.0,547.0,1443.0,417.0
2.0,7772.0,2057.0,1834.0,0.0,1621.0,1621.0,1288.0,546.0,1461.0,596.0
2.0,5715.0,2050.0,1842.0,0.0,3703.0,3703.0,1292.0,550.0,1311.0,739.0
2.0,3665.0,1845.0,1845.0,1621.0,3939.0,3939.0,1289.0,556.0,1146.0,699.0
2.0,3441.0,1667.0,1842.0,3703.0,1891.0,1891.0,1284.0,558.0,1148.0,519.0
2.0,5477.0,1677.0,1835.0,3939.0,0.0,0.0,1281.0,554.0,1300.0,377.0
2.0,7739.0,1869.0,1832.0,1891.0,0.0,0.0,1284.0,548.0,1455.0,414.0
2.0,7761.0,2057.0,1838.0,0.0,1648.0,1648.0,1291.0,547.0,1463.0,594.0
2.0,5704.0,2052.0,1846.0,0.0,3732.0,3732.0,1295.0,551.0,1314.0,738.0
2.0,3652.0,1849.0,1850.0,1648.0,3949.0,3949.0,1293.0,557.0,1148.0,701.0
2.0,3451.0,1648.0,1846.0,3732.0,1849.0,1849.0,1287.0,559.0,1132.0,516.0
2.0,5535.0,1646.0,1838.0,3949.0,0.0,0.0,1283.0,555.0,1278.0,368.0
2.0,7838.0,1840.0,1835.0,1849.0,0.0,0.0,1286.0,549.0,1436.0,404.0
2.0,7847.0,2029.0,1840.0,0.0,1542.0,1542.0,1293.0,547.0,1441.0,588.0
2.0,5818.0,2054.0,1849.0,0.0,3632.0,3632.0,1297.0,552.0,1308.0,746.0
2.0,3764.0,1889.0,1853.0,1542.0,3995.0,3995.0,1295.0,558.0,1171.0,718.0
2.0,3417.0,1708.0,1850.0,3632.0,2059.0,2059.0,1290.0,560.0,1171.0,537.0
2.0,5341.0,1696.0,1843.0,3995.0,0.0,0.0,1287.0,556.0,1315.0,381.0
2.0,7640.0,1875.0,1841.0,2059.0,0.0,0.0,1290.0,551.0,1461.0,414.0
2.0,7824.0,2062.0,1846.0,0.0,1622.0,1622.0,1297.0,549.0,1465.0,597.0
2.0,5762.0,2059.0,1855.0,0.0,3717.0,3717.0,1301.0,554.0,1314.0,745.0
2.0,3703.0,1878.0,1859.0,1622.0,3989.0,3989.0,1299.0,560.0,1169.0,709.0
2.0,3447.0,1695.0,1856.0,3717.0,1955.0,1955.0,1294.0,562.0,1167.0,528.0
2.0,5469.0,1673.0,1848.0,3989.0,0.0,0.0,1290.0,558.0,1298.0,375.0
2.0,7785.0,1832.0,1845.0,1955.0,0.0,0.0,1293.0,552.0,1429.0,403.0
2.0,7908.0,2009.0,1849.0,0.0,1497.0,1497.0,1299.0,550.0,1426.0,583.0
2.0,5899.0,2034.0,1857.0,0.0,3563.0,3563.0,1302.0,555.0,1295.0,739.0
2.0,3865.0,1871.0,1861.0,1497.0,3953.0,3953.0,1300.0,561.0,1166.0,705.0
2.0,3491.0,1712.0,1858.0,3563.0,2090.0,2090.0,1296.0,562.0,1186.0,526.0
2.0,5342.0,1704.0,1851.0,3953.0,0.0,0.0,1293.0,558.0,1327.0,377.0
2.0,7591.0,1879.0,1848.0,2090.0,0.0,0.0,1296.0,552.0,1466.0,413.0
2.0,7802.0,2054.0,1853.0,0.0,1664.0,1664.0,1302.0,551.0,1456.0,598.0
2.0,5748.0,2062.0,1861.0,0.0,3758.0,3758.0,1306.0,555.0,1312.0,750.0
2.0,3686.0,1897.0,1865.0,1664.0,4007.0,4007.0,1304.0,561.0,1181.0,716.0
2.0,3453.0,1703.0,1862.0,3758.0,1940.0,1940.0,1299.0,563.0,1175.0,528.0
2.0,5508.0,1681.0,1856.0,4007.0,0.0,0.0,1296.0,560.0,1303.0,378.0
2.0,7834.0,1842.0,1852.0,1940.0,0.0,0.0,1298.0,554.0,1433.0,409.0
2.0,7932.0,2020.0,1856.0,0.0,1512.0,1512.0,1304.0,552.0,1427.0,593.0
2.0,5912.0,2037.0,1864.0,0.0,3581.0,3581.0,1308.0,556.0,1293.0,744.0
2.0,3875.0,1893.0,1869.0,1512.0,3982.0,3982.0,1306.0,563.0,1176.0,717.0
2.0,3494.0,1733.0,1867.0,3581.0,2126.0,2126.0,1302.0,565.0,1200.0,533.0
2.0,5342.0,1727.0,1861.0,3982.0,0.0,0.0,1300.0,561.0,1345.0,382.0
2.0,7597.0,1874.0,1857.0,2126.0,0.0,0.0,1302.0,555.0,1464.0,410.0
2.0,7849.0,2037.0,1861.0,0.0,1632.0,1632.0,1308.0,553.0,1443.0,594.0
2.0,5812.0,2079.0,1868.0,0.0,3739.0,3739.0,1311.0,557.0,1323.0,756.0
2.0,3733.0,1926.0,1874.0,1632.0,4057.0,4057.0,1310.0,564.0,1199.0,727.0
2.0,3439.0,1731.0,1871.0,3739.0,2037.0,2037.0,1305.0,566.0,1195.0,536.0
2.0,5447.0,1699.0,1864.0,4057.0,0.0,0.0,1302.0,562.0,1325.0,374.0
2.0,7805.0,1831.0,1860.0,2037.0,0.0,0.0,1304.0,556.0,1435.0,396.0
2.0,8011.0,1993.0,1863.0,0.0,1434.0,1434.0,1309.0,554.0,1408.0,585.0
2.0,6018.0,2027.0,1871.0,0.0,3493.0,3493.0,1313.0,558.0,1278.0,749.0
2.0,3991.0,1916.0,1876.0,1434.0,3995.0,3995.0,1311.0,565.0,1185.0,731.0
2.0,3509.0,1770.0,1874.0,3493.0,2264.0,2264.0,1307.0,567.0,1222.0,548.0
2.0,5232.0,1736.0,1868.0,3995.0,0.0,0.0,1305.0,563.0,1356.0,380.0
2.0,7491.0,1859.0,1865.0,2264.0,0.0,0.0,1308.0,557.0,1461.0,398.0
2.0,7896.0,2025.0,1867.0,0.0,1597.0,1597.0,1313.0,554.0,1438.0,587.0
2.0,5871.0,2077.0,1875.0,0.0,3706.0,3706.0,1316.0,559.0,1310.0,767.0
2.0,3794.0,1952.0,1880.0,1597.0,4081.0,4081.0,1314.0,566.0,1202.0,750.0
2.0,3439.0,1775.0,1879.0,3706.0,2146.0,2146.0,1310.0,569.0,1220.0,555.0
2.0,5370.0,1719.0,1873.0,4081.0,0.0,0.0,1308.0,565.0,1345.0,374.0
2.0,7732.0,1843.0,1868.0,2146.0,0.0,0.0,1310.0,558.0,1451.0,392.0
2.0,8035.0,2009.0,1872.0,0.0,1462.0,1462.0,1316.0,556.0,1424.0,585.0
2.0,6026.0,2041.0,1879.0,0.0,3531.0,3531.0,1318.0,561.0,1283.0,758.0
2.0,3985.0,1910.0,1884.0,1462.0,3999.0,3999.0,1316.0,568.0,1177.0,733.0
2.0,3537.0,1750.0,1882.0,3531.0,2210.0,2210.0,1312.0,570.0,1207.0,543.0
2.0,5318.0,1729.0,1876.0,3999.0,0.0,0.0,1310.0,566.0,1355.0,374.0
2.0,7588.0,1868.0,1873.0,2210.0,0.0,0.0,1314.0,559.0,1475.0,393.0
2.0,7930.0,2032.0,1876.0,0.0,1606.0,1606.0,1319.0,557.0,1450.0,582.0
2.0,5898.0,2063.0,1883.0,0.0,3697.0,3697.0,1322.0,561.0,1306.0,757.0
2.0,3835.0,1938.0,1887.0,1606.0,4045.0,4045.0,1319.0,568.0,1192.0,746.0
2.0,3503.0,1781.0,1885.0,3697.0,2121.0,2121.0,1314.0,571.0,1216.0,565.0
2.0,5419.0,1745.0,1879.0,4045.0,0.0,0.0,1312.0,567.0,1353.0,392.0
2.0,7719.0,1884.0,1877.0,2121.0,0.0,0.0,1316.0,561.0,1479.0,405.0
2.0,7956.0,2030.0,1879.0,0.0,1590.0,1590.0,1321.0,558.0,1448.0,582.0
2.0,5926.0,2041.0,1885.0,0.0,3655.0,3655.0,1323.0,562.0,1295.0,746.0
2.0,3885.0,1915.0,1890.0,1590.0,4000.0,4000.0,1321.0,569.0,1180.0,735.0
2.0,3560.0,1772.0,1889.0,3655.0,2113.0,2113.0,1317.0,572.0,1210.0,562.0
2.0,5443.0,1768.0,1885.0,4000.0,0.0,0.0,1316.0,569.0,1372.0,396.0
2.0,7675.0,1901.0,1882.0,2113.0,0.0,0.0,1320.0,562.0,1499.0,402.0
2.0,7887.0,2034.0,1885.0,0.0,1687.0,1687.0,1325.0,560.0,1459.0,575.0
2.0,5853.0,2049.0,1892.0,0.0,3764.0,3764.0,1328.0,564.0,1302.0,747.0
2.0,3804.0,1924.0,1896.0,1687.0,4017.0,4017.0,1325.0,571.0,1179.0,745.0
2.0,3567.0,1786.0,1894.0,3764.0,2031.0,2031.0,1320.0,574.0,1215.0,571.0
2.0,5545.0,1777.0,1888.0,4017.0,0.0,0.0,1318.0,570.0,1380.0,397.0
2.0,7785.0,1909.0,1886.0,2031.0,0.0,0.0,1322.0,564.0,1507.0,402.0
2.0,7907.0,2045.0,1889.0,0.0,1694.0,1694.0,1328.0,561.0,1468.0,577.0
2.0,5862.0,2041.0,1895.0,0.0,3759.0,3759.0,1330.0,565.0,1296.0,745.0
2.0,3821.0,1901.0,1899.0,1694.0,3982.0,3982.0,1327.0,572.0,1165.0,736.0
2.0,3614.0,1769.0,1898.0,3759.0,1988.0,1988.0,1323.0,575.0,1206.0,563.0
2.0,5604.0,1778.0,1893.0,3982.0,0.0,0.0,1322.0,571.0,1382.0,396.0
2.0,7808.0,1907.0,1890.0,1988.0,0.0,0.0,1326.0,564.0,1507.0,400.0
2.0,7889.0,2040.0,1894.0,0.0,1727.0,1727.0,1332.0,562.0,1460.0,580.0
2.0,5849.0,2051.0,1900.0,0.0,3802.0,3802.0,1334.0,566.0,1294.0,757.0
2.0,3798.0,1926.0,1903.0,1727.0,4013.0,4013.0,1330.0,573.0,1175.0,751.0
2.0,3599.0,1792.0,1902.0,3802.0,1999.0,1999.0,1326.0,576.0,1219.0,573.0
2.0,5609.0,1792.0,1897.0,4013.0,0.0,0.0,1324.0,573.0,1386.0,406.0
2.0,7830.0,1919.0,1894.0,1999.0,0.0,0.0,1328.0,566.0,1506.0,413.0
2.0,7910.0,2053.0,1896.0,0.0,1727.0,1727.0,1333.0,563.0,1467.0,586.0
2.0,5857.0,2070.0,1903.0,0.0,3825.0,3825.0,1335.0,568.0,1312.0,758.0
2.0,3787.0,1956.0,1908.0,1727.0,4074.0,4074.0,1333.0,575.0,1202.0,754.0
2.0,3558.0,1808.0,1907.0,3825.0,2053.0,2053.0,1329.0,578.0,1239.0,569.0
2.0,5575.0,1770.0,1904.0,4074.0,0.0,0.0,1329.0,575.0,1382.0,388.0
2.0,7879.0,1873.0,1901.0,2053.0,0.0,0.0,1333.0,568.0,1480.0,393.0
2.0,8059.0,2013.0,1902.0,0.0,1562.0,1562.0,1337.0,565.0,1435.0,578.0
2.0,6046.0,2051.0,1908.0,0.0,3637.0,3637.0,1339.0,569.0,1295.0,756.0
2.0,3995.0,1957.0,1912.0,1562.0,4048.0,4048.0,1336.0,576.0,1207.0,750.0
2.0,3600.0,1830.0,1911.0,3637.0,2237.0,2237.0,1332.0,579.0,1257.0,573.0
2.0,5407.0,1797.0,1907.0,4048.0,0.0,0.0,1331.0,576.0,1396.0,401.0
2.0,7658.0,1897.0,1904.0,2237.0,0.0,0.0,1335.0,569.0,1493.0,404.0
2.0,7998.0,2034.0,1906.0,0.0,1660.0,1660.0,1340.0,566.0,1449.0,585.0
2.0,5964.0,2083.0,1911.0,0.0,3763.0,3763.0,1342.0,569.0,1321.0,762.0
2.0,3881.0,1982.0,1916.0,1660.0,4105.0,4105.0,1339.0,577.0,1226.0,756.0
2.0,3559.0,1843.0,1916.0,3763.0,2185.0,2185.0,1336.0,580.0,1269.0,574.0
2.0,5479.0,1790.0,1912.0,4105.0,0.0,0.0,1335.0,577.0,1392.0,398.0
2.0,7794.0,1863.0,1909.0,2185.0,0.0,0.0,1339.0,570.0,1465.0,398.0
2.0,8116.0,1998.0,1910.0,0.0,1522.0,1522.0,1343.0,567.0,1420.0,578.0
2.0,6118.0,2056.0,1916.0,0.0,3602.0,3602.0,1345.0,571.0,1299.0,757.0
2.0,4062.0,1977.0,1921.0,1522.0,4077.0,4077.0,1343.0,578.0,1224.0,753.0
2.0,3607.0,1846.0,1921.0,3602.0,2321.0,2321.0,1339.0,582.0,1267.0,579.0
2.0,5363.0,1792.0,1915.0,4077.0,12.0,12.0,1337.0,578.0,1388.0,404.0
2.0,7648.0,1881.0,1913.0,2321.0,0.0,0.0,1341.0,572.0,1474.0,407.0
2.0,8088.0,2025.0,1913.0,12.0,1577.0,1577.0,1345.0,568.0,1443.0,582.0
2.0,6075.0,2087.0,1920.0,0.0,3692.0,3692.0,1348.0,572.0,1333.0,754.0
2.0,3988.0,2002.0,1925.0,1577.0,4137.0,4137.0,1346.0,579.0,1247.0,755.0
2.0,3563.0,1853.0,1924.0,3692.0,2294.0,2294.0,1342.0,582.0,1276.0,577.0
2.0,5402.0,1788.0,1920.0,4137.0,0.0,0.0,1341.0,579.0,1387.0,401.0
2.0,7751.0,1878.0,1916.0,2294.0,0.0,0.0,1344.0,572.0,1476.0,402.0
2.0,8167.0,2017.0,1918.0,0.0,1522.0,1522.0,1349.0,569.0,1438.0,579.0
2.0,6150.0,2061.0,1924.0,0.0,3607.0,3607.0,1351.0,573.0,1307.0,754.0
2.0,4089.0,1952.0,1928.0,1522.0,4053.0,4053.0,1348.0,580.0,1200.0,752.0
2.0,3659.0,1806.0,1925.0,3607.0,2240.0,2240.0,1342.0,583.0,1230.0,576.0
2.0,5460.0,1788.0,1921.0,4053.0,0.0,0.0,1341.0,580.0,1383.0,405.0
2.0,7725.0,1912.0,1918.0,2240.0,0.0,0.0,1345.0,573.0,1501.0,411.0
2.0,8053.0,2072.0,1921.0,0.0,1703.0,1703.0,1350.0,571.0,1479.0,593.0
2.0,5981.0,2109.0,1927.0,0.0,3836.0,3836.0,1353.0,574.0,1342.0,767.0
2.0,3872.0,2009.0,1931.0,1703.0,4158.0,4158.0,1350.0,581.0,1244.0,765.0
2.0,3566.0,1856.0,1931.0,3836.0,2178.0,2178.0,1346.0,585.0,1274.0,582.0
2.0,5546.0,1795.0,1926.0,4158.0,0.0,0.0,1344.0,582.0,1392.0,403.0
2.0,7909.0,1898.0,1923.0,2178.0,0.0,0.0,1348.0,575.0,1484.0,414.0
2.0,8189.0,2040.0,1925.0,0.0,1551.0,1551.0,1353.0,572.0,1446.0,594.0
2.0,6149.0,2075.0,1931.0,0.0,3650.0,3650.0,1355.0,576.0,1314.0,761.0
2.0,4074.0,1968.0,1935.0,1551.0,4083.0,4083.0,1352.0,583.0,1220.0,748.0
2.0,3657.0,1830.0,1934.0,3650.0,2259.0,2259.0,1348.0,586.0,1262.0,568.0
2.0,5477.0,1785.0,1929.0,4083.0,0.0,0.0,1346.0,583.0,1388.0,397.0
2.0,7775.0,1889.0,1926.0,2259.0,0.0,0.0,1350.0,576.0,1479.0,410.0
2.0,8145.0,2050.0,1928.0,0.0,1617.0,1617.0,1355.0,573.0,1453.0,597.0
2.0,6095.0,2126.0,1935.0,0.0,3771.0,3771.0,1358.0,577.0,1352.0,774.0
2.0,3969.0,2039.0,1940.0,1617.0,4213.0,4213.0,1356.0,584.0,1277.0,762.0
2.0,3547.0,1883.0,1939.0,3771.0,2321.0,2321.0,1352.0,587.0,1307.0,576.0
2.0,5435.0,1809.0,1935.0,4213.0,0.0,0.0,1351.0,584.0,1401.0,408.0
2.0,7839.0,1885.0,1930.0,2321.0,0.0,0.0,1353.0,577.0,1466.0,419.0
2.0,8275.0,2017.0,1932.0,0.0,1470.0,1470.0,1358.0,574.0,1419.0,598.0
2.0,6258.0,2084.0,1937.0,0.0,3574.0,3574.0,1359.0,578.0,1316.0,768.0
2.0,4174.0,2011.0,1942.0,1470.0,4135.0,4135.0,1357.0,585.0,1258.0,753.0
2.0,3633.0,1864.0,1941.0,3574.0,2421.0,2421.0,1353.0,588.0,1298.0,566.0
2.0,5343.0,1792.0,1937.0,4135.0,62.0,62.0,1352.0,585.0,1392.0,400.0
2.0,7686.0,1876.0,1934.0,2421.0,0.0,0.0,1356.0,578.0,1459.0,417.0
2.0,8231.0,2047.0,1935.0,62.0,1494.0,1494.0,1360.0,575.0,1441.0,606.0
2.0,6246.0,2122.0,1941.0,0.0,3640.0,3640.0,1362.0,579.0,1347.0,775.0
2.0,4124.0,2041.0,1946.0,1494.0,4207.0,4207.0,1360.0,586.0,1286.0,755.0
2.0,3577.0,1906.0,1946.0,3640.0,2473.0,2473.0,1357.0,589.0,1331.0,575.0
2.0,5311.0,1823.0,1942.0,4207.0,73.0,73.0,1356.0,586.0,1417.0,406.0
2.0,7695.0,1896.0,1938.0,2473.0,0.0,0.0,1359.0,579.0,1476.0,420.0
2.0,8272.0,2032.0,1939.0,73.0,1443.0,1443.0,1363.0,576.0,1429.0,603.0
2.0,6313.0,2096.0,1944.0,0.0,3559.0,3559.0,1364.0,580.0,1322.0,774.0
2.0,4217.0,2018.0,1948.0,1443.0,4150.0,4150.0,1361.0,587.0,1258.0,760.0
2.0,3642.0,1864.0,1949.0,3559.0,2459.0,2459.0,1358.0,591.0,1291.0,573.0
2.0,5337.0,1785.0,1944.0,4150.0,74.0,74.0,1357.0,587.0,1390.0,395.0
2.0,7702.0,1875.0,1941.0,2459.0,0.0,0.0,1361.0,580.0,1469.0,406.0
2.0,8286.0,2057.0,1942.0,74.0,1465.0,1465.0,1365.0,577.0,1456.0,601.0
2.0,6303.0,2146.0,1948.0,0.0,3635.0,3635.0,1367.0,581.0,1360.0,786.0
2.0,4157.0,2072.0,1954.0,1465.0,4266.0,4266.0,1365.0,589.0,1297.0,775.0
2.0,3550.0,1908.0,1954.0,3635.0,2539.0,2539.0,1362.0,592.0,1325.0,583.0
2.0,5277.0,1817.0,1950.0,4266.0,74.0,74.0,1362.0,588.0,1416.0,401.0
2.0,7726.0,1884.0,1946.0,2539.0,0.0,0.0,1364.0,582.0,1470.0,414.0
2.0,8381.0,2045.0,1947.0,74.0,1378.0,1378.0,1368.0,579.0,1436.0,609.0
2.0,6410.0,2127.0,1952.0,0.0,3525.0,3525.0,1369.0,583.0,1340.0,787.0
2.0,4283.0,2045.0,1957.0,1378.0,4212.0,4212.0,1367.0,590.0,1276.0,769.0
2.0,3616.0,1875.0,1958.0,3525.0,2566.0,2566.0,1364.0,594.0,1300.0,575.0
2.0,5266.0,1774.0,1953.0,4212.0,108.0,108.0,1363.0,590.0,1381.0,393.0
2.0,7704.0,1860.0,1949.0,2566.0,0.0,0.0,1366.0,583.0,1456.0,404.0
2.0,8410.0,2050.0,1950.0,108.0,1332.0,1332.0,1370.0,580.0,1452.0,598.0
2.0,6468.0,2159.0,1957.0,0.0,3519.0,3519.0,1373.0,584.0,1376.0,783.0
2.0,4309.0,2077.0,1963.0,1332.0,4288.0,4288.0,1372.0,591.0,1303.0,774.0
2.0,3564.0,1900.0,1963.0,3519.0,2669.0,2669.0,1368.0,595.0,1317.0,583.0
2.0,5183.0,1800.0,1957.0,4288.0,157.0,157.0,1366.0,591.0,1397.0,403.0
2.0,7671.0,1892.0,1953.0,2669.0,0.0,0.0,1369.0,584.0,1479.0,413.0
2.0,8448.0,2078.0,1955.0,157.0,1293.0,1293.0,1374.0,581.0,1471.0,607.0
2.0,6527.0,2168.0,1961.0,0.0,3485.0,3485.0,1376.0,585.0,1378.0,790.0
2.0,4359.0,2077.0,1966.0,1293.0,4289.0,4289.0,1374.0,592.0,1294.0,783.0
2.0,3575.0,1878.0,1966.0,3485.0,2682.0,2682.0,1370.0,596.0,1289.0,589.0
2.0,5182.0,1774.0,1961.0,4289.0,147.0,147.0,1369.0,592.0,1378.0,396.0
2.0,7697.0,1868.0,1957.0,2682.0,0.0,0.0,1372.0,585.0,1472.0,396.0
2.0,8511.0,2072.0,1959.0,147.0,1250.0,1250.0,1377.0,582.0,1482.0,590.0
2.0,6586.0,2171.0,1965.0,0.0,3445.0,3445.0,1379.0,586.0,1388.0,783.0
2.0,4415.0,2084.0,1971.0,1250.0,4303.0,4303.0,1377.0,594.0,1297.0,787.0
2.0,3581.0,1897.0,1971.0,3445.0,2755.0,2755.0,1374.0,597.0,1297.0,600.0
2.0,5129.0,1789.0,1966.0,4303.0,221.0,221.0,1372.0,594.0,1384.0,405.0
2.0,7643.0,1881.0,1961.0,2755.0,0.0,0.0,1375.0,586.0,1478.0,403.0
2.0,8517.0,2091.0,1962.0,221.0,1201.0,1201.0,1379.0,583.0,1493.0,598.0
2.0,6647.0,2206.0,1969.0,0.0,3435.0,3435.0,1381.0,588.0,1411.0,795.0
2.0,4441.0,2106.0,1974.0,1201.0,4360.0,4360.0,1379.0,595.0,1313.0,793.0
2.0,3536.0,1890.0,1974.0,3435.0,2815.0,2815.0,1376.0,598.0,1294.0,596.0
2.0,5081.0,1793.0,1970.0,4360.0,232.0,232.0,1375.0,595.0,1388.0,405.0
2.0,7648.0,1879.0,1967.0,2815.0,0.0,0.0,1379.0,588.0,1478.0,401.0
2.0,8584.0,2068.0,1967.0,232.0,1120.0,1120.0,1383.0,584.0,1474.0,594.0
2.0,6748.0,2167.0,1973.0,0.0,3311.0,3311.0,1384.0,589.0,1384.0,783.0
2.0,4581.0,2078.0,1979.0,1120.0,4293.0,4293.0,1383.0,596.0,1297.0,781.0
2.0,3623.0,1904.0,1979.0,3311.0,2886.0,2886.0,1380.0,599.0,1309.0,595.0
2.0,5030.0,1814.0,1975.0,4293.0,391.0,391.0,1379.0,596.0,1404.0,410.0
2.0,7509.0,1904.0,1971.0,2886.0,0.0,0.0,1382.0,589.0,1485.0,419.0
2.0,8491.0,2092.0,1971.0,391.0,1094.0,1094.0,1385.0,586.0,1481.0,611.0
2.0,6790.0,2188.0,1977.0,0.0,3306.0,3306.0,1387.0,590.0,1393.0,795.0
2.0,4602.0,2099.0,1982.0,1094.0,4331.0,4331.0,1384.0,598.0,1308.0,791.0
2.0,3597.0,1909.0,1982.0,3306.0,2934.0,2934.0,1381.0,601.0,1312.0,597.0
2.0,4994.0,1804.0,1978.0,4331.0,391.0,391.0,1381.0,597.0,1398.0,406.0
2.0,7521.0,1903.0,1974.0,2934.0,0.0,0.0,1384.0,590.0,1496.0,407.0
2.0,8552.0,2106.0,1976.0,391.0,1067.0,1067.0,1389.0,587.0,1509.0,597.0
2.0,6837.0,2204.0,1982.0,0.0,3295.0,3295.0,1391.0,591.0,1412.0,792.0
2.0,4633.0,2092.0,1989.0,1067.0,4348.0,4348.0,1390.0,599.0,1305.0,787.0
2.0,3608.0,1868.0,1988.0,3295.0,2917.0,2917.0,1386.0,602.0,1282.0,586.0
2.0,5035.0,1754.0,1982.0,4348.0,299.0,299.0,1384.0,598.0,1363.0,391.0
2.0,7629.0,1879.0,1977.0,2917.0,0.0,0.0,1386.0,591.0,1478.0,401.0
2.0,8667.0,2117.0,1978.0,299.0,1063.0,1063.0,1390.0,588.0,1507.0,610.0
2.0,6849.0,2242.0,1985.0,0.0,3333.0,3333.0,1393.0,592.0,1430.0,812.0
2.0,4607.0,2131.0,1991.0,1063.0,4425.0,4425.0,1391.0,600.0,1322.0,809.0
2.0,3539.0,1896.0,1991.0,3333.0,2988.0,2988.0,1387.0,604.0,1296.0,600.0
2.0,4976.0,1782.0,1985.0,4425.0,321.0,321.0,1386.0,599.0,1386.0,396.0
2.0,7619.0,1903.0,1982.0,2988.0,0.0,0.0,1390.0,592.0,1507.0,396.0
2.0,8704.0,2120.0,1983.0,321.0,1027.0,1027.0,1394.0,589.0,1518.0,602.0
2.0,6905.0,2223.0,1989.0,0.0,3274.0,3274.0,1396.0,593.0,1412.0,811.0
2.0,4682.0,2090.0,1995.0,1027.0,4361.0,4361.0,1394.0,601.0,1281.0,809.0
2.0,3619.0,1867.0,1996.0,3274.0,2958.0,2958.0,1391.0,605.0,1268.0,599.0
2.0,5026.0,1774.0,1991.0,4361.0,351.0,351.0,1390.0,601.0,1381.0,393.0
2.0,7613.0,1914.0,1986.0,2958.0,0.0,0.0,1392.0,594.0,1514.0,400.0
2.0,8657.0,2135.0,1986.0,351.0,1071.0,1071.0,1396.0,590.0,1527.0,608.0
2.0,6873.0,2226.0,1993.0,0.0,3325.0,3325.0,1398.0,595.0,1416.0,810.0
2.0,4647.0,2100.0,1999.0,1071.0,4378.0,4378.0,1396.0,603.0,1296.0,804.0
2.0,3618.0,1887.0,1999.0,3325.0,2940.0,2940.0,1393.0,606.0,1286.0,601.0
2.0,5056.0,1806.0,1993.0,4378.0,344.0,344.0,1391.0,602.0,1406.0,400.0
2.0,7628.0,1946.0,1990.0,2940.0,0.0,0.0,1395.0,595.0,1542.0,404.0
2.0,8622.0,2168.0,1991.0,344.0,1166.0,1166.0,1400.0,591.0,1562.0,606.0
2.0,6798.0,2231.0,1998.0,0.0,3425.0,3425.0,1402.0,596.0,1425.0,806.0
2.0,4567.0,2077.0,2003.0,1166.0,4356.0,4356.0,1400.0,603.0,1273.0,804.0
2.0,3656.0,1859.0,2003.0,3425.0,2790.0,2790.0,1396.0,607.0,1255.0,604.0
2.0,5222.0,1793.0,1998.0,4356.0,207.0,207.0,1394.0,604.0,1390.0,403.0
2.0,7785.0,1934.0,1993.0,2790.0,0.0,0.0,1397.0,596.0,1535.0,399.0
2.0,8641.0,2141.0,1995.0,207.0,1273.0,1273.0,1402.0,593.0,1542.0,599.0
2.0,6707.0,2225.0,2001.0,0.0,3522.0,3522.0,1404.0,597.0,1415.0,810.0
2.0,4482.0,2100.0,2007.0,1273.0,4373.0,4373.0,1402.0,605.0,1280.0,820.0
2.0,3655.0,1897.0,2007.0,3522.0,2748.0,2748.0,1398.0,609.0,1281.0,616.0
2.0,5280.0,1822.0,2002.0,4373.0,177.0,177.0,1397.0,605.0,1419.0,403.0
2.0,7831.0,1971.0,1998.0,2748.0,0.0,0.0,1400.0,598.0,1573.0,398.0
2.0,8608.0,2196.0,1999.0,177.0,1407.0,1407.0,1405.0,594.0,1588.0,608.0
2.0,6589.0,2269.0,2006.0,0.0,3704.0,3704.0,1408.0,598.0,1450.0,819.0
2.0,4320.0,2103.0,2012.0,1407.0,4424.0,4424.0,1406.0,606.0,1285.0,818.0
2.0,3624.0,1842.0,2012.0,3704.0,2562.0,2562.0,1402.0,610.0,1238.0,604.0
2.0,5486.0,1750.0,2006.0,4424.0,0.0,0.0,1400.0,606.0,1361.0,389.0
2.0,8160.0,1916.0,2001.0,2562.0,0.0,0.0,1402.0,599.0,1528.0,388.0
2.0,8806.0,2162.0,2003.0,0.0,1368.0,1368.0,1408.0,595.0,1563.0,599.0
2.0,6644.0,2245.0,2009.0,0.0,3637.0,3637.0,1410.0,599.0,1434.0,811.0
2.0,4399.0,2105.0,2015.0,1368.0,4398.0,4398.0,1408.0,607.0,1291.0,814.0
2.0,3662.0,1880.0,2015.0,3637.0,2641.0,2641.0,1404.0,611.0,1269.0,611.0
2.0,5419.0,1811.0,2009.0,4398.0,30.0,30.0,1402.0,607.0,1407.0,404.0
2.0,8006.0,1977.0,2005.0,2641.0,0.0,0.0,1406.0,599.0,1573.0,404.0
2.0,8670.0,2216.0,2007.0,30.0,1544.0,1544.0,1411.0,596.0,1598.0,618.0
2.0,6484.0,2296.0,2014.0,0.0,3868.0,3868.0,1414.0,600.0,1468.0,828.0
2.0,4188.0,2120.0,2020.0,1544.0,4468.0,4468.0,1412.0,608.0,1296.0,824.0
2.0,3612.0,1857.0,2020.0,3868.0,2457.0,2457.0,1408.0,612.0,1250.0,607.0
2.0,5623.0,1760.0,2013.0,4468.0,0.0,0.0,1405.0,608.0,1363.0,397.0
2.0,8331.0,1919.0,2008.0,2457.0,0.0,0.0,1407.0,601.0,1521.0,398.0
2.0,8869.0,2177.0,2009.0,0.0,1344.0,1344.0,1412.0,597.0,1567.0,610.0
2.0,6692.0,2281.0,2017.0,0.0,3657.0,3657.0,1415.0,602.0,1454.0,827.0
2.0,4411.0,2128.0,2024.0,1344.0,4469.0,4469.0,1414.0,610.0,1304.0,824.0
2.0,3627.0,1868.0,2024.0,3657.0,2680.0,2680.0,1410.0,614.0,1265.0,603.0
2.0,5416.0,1785.0,2018.0,4469.0,0.0,0.0,1408.0,610.0,1396.0,389.0
2.0,8100.0,1961.0,2012.0,2680.0,0.0,0.0,1410.0,602.0,1563.0,398.0
2.0,8819.0,2221.0,2014.0,0.0,1458.0,1458.0,1416.0,598.0,1595.0,626.0
2.0,6598.0,2318.0,2022.0,0.0,3808.0,3808.0,1419.0,603.0,1475.0,843.0
2.0,4280.0,2144.0,2029.0,1458.0,4522.0,4522.0,1418.0,611.0,1318.0,826.0
2.0,3594.0,1864.0,2028.0,3808.0,2574.0,2574.0,1413.0,615.0,1270.0,594.0
2.0,5538.0,1749.0,2021.0,4522.0,0.0,0.0,1410.0,611.0,1369.0,380.0
2.0,8311.0,1928.0,2016.0,2574.0,0.0,0.0,1413.0,603.0,1532.0,396.0
2.0,8957.0,2207.0,2017.0,0.0,1318.0,1318.0,1418.0,599.0,1580.0,627.0
2.0,6750.0,2303.0,2026.0,0.0,3657.0,3657.0,1422.0,604.0,1463.0,840.0
2.0,4447.0,2119.0,2033.0,1318.0,4486.0,4486.0,1421.0,612.0,1296.0,823.0
2.0,3646.0,1849.0,2032.0,3657.0,2674.0,2674.0,1416.0,616.0,1256.0,593.0
2.0,5454.0,1776.0,2025.0,4486.0,0.0,0.0,1413.0,612.0,1393.0,383.0
2.0,8164.0,1985.0,2020.0,2674.0,0.0,0.0,1416.0,604.0,1576.0,409.0
2.0,8853.0,2263.0,2023.0,0.0,1502.0,1502.0,1422.0,601.0,1622.0,641.0
2.0,6590.0,2336.0,2032.0,0.0,3874.0,3874.0,1426.0,606.0,1488.0,848.0
2.0,4254.0,2123.0,2038.0,1502.0,4519.0,4519.0,1424.0,614.0,1299.0,824.0
2.0,3633.0,1843.0,2036.0,3874.0,2480.0,2480.0,1418.0,618.0,1244.0,599.0
2.0,5664.0,1769.0,2028.0,4519.0,0.0,0.0,1415.0,613.0,1380.0,389.0
2.0,8414.0,1969.0,2024.0,2480.0,0.0,0.0,1418.0,606.0,1564.0,405.0
2.0,8925.0,2247.0,2026.0,0.0,1426.0,1426.0,1424.0,602.0,1619.0,628.0
2.0,6678.0,2312.0,2036.0,0.0,3778.0,3778.0,1429.0,607.0,1478.0,834.0
2.0,4366.0,2090.0,2041.0,1426.0,4462.0,4462.0,1426.0,615.0,1276.0,814.0
2.0,3702.0,1815.0,2038.0,3778.0,2487.0,2487.0,1420.0,618.0,1223.0,592.0
2.0,5665.0,1769.0,2031.0,4462.0,0.0,0.0,1417.0,614.0,1381.0,388.0
2.0,8358.0,1996.0,2028.0,2487.0,0.0,0.0,1421.0,607.0,1588.0,408.0
2.0,8849.0,2280.0,2031.0,0.0,1555.0,1555.0,1428.0,603.0,1647.0,633.0
2.0,6569.0,2344.0,2039.0,0.0,3931.0,3931.0,1432.0,607.0,1502.0,842.0
2.0,4225.0,2133.0,2045.0,1555.0,4533.0,4533.0,1430.0,615.0,1307.0,826.0
2.0,3647.0,1857.0,2043.0,3931.0,2451.0,2451.0,1423.0,620.0,1244.0,613.0
2.0,5721.0,1786.0,2035.0,4533.0,0.0,0.0,1419.0,616.0,1380.0,406.0
2.0,8468.0,1981.0,2030.0,2451.0,0.0,0.0,1422.0,608.0,1568.0,413.0
2.0,8938.0,2249.0,2032.0,0.0,1439.0,1439.0,1428.0,604.0,1624.0,625.0
2.0,6689.0,2325.0,2041.0,0.0,3800.0,3800.0,1433.0,608.0,1497.0,828.0
2.0,4364.0,2129.0,2049.0,1439.0,4522.0,4522.0,1432.0,617.0,1305.0,824.0
2.0,3674.0,1858.0,2048.0,3800.0,2576.0,2576.0,1427.0,621.0,1246.0,612.0
2.0,5616.0,1782.0,2040.0,4522.0,0.0,0.0,1423.0,617.0,1380.0,402.0
2.0,8356.0,1983.0,2036.0,2576.0,0.0,0.0,1426.0,610.0,1572.0,411.0
2.0,8949.0,2263.0,2038.0,0.0,1466.0,1466.0,1432.0,606.0,1637.0,626.0
2.0,6686.0,2345.0,2047.0,0.0,3847.0,3847.0,1437.0,610.0,1510.0,835.0
2.0,4341.0,2139.0,2054.0,1466.0,4548.0,4548.0,1435.0,619.0,1307.0,832.0
2.0,3668.0,1847.0,2052.0,3847.0,2540.0,2540.0,1429.0,623.0,1236.0,611.0
2.0,5668.0,1775.0,2042.0,4548.0,0.0,0.0,1424.0,618.0,1368.0,407.0
2.0,8441.0,1999.0,2037.0,2540.0,0.0,0.0,1426.0,611.0,1582.0,417.0
2.0,8982.0,2278.0,2040.0,0.0,1456.0,1456.0,1433.0,607.0,1652.0,626.0
2.0,6704.0,2345.0,2049.0,0.0,3837.0,3837.0,1438.0,611.0,1516.0,829.0
2.0,4359.0,2132.0,2056.0,1456.0,4541.0,4541.0,1437.0,619.0,1313.0,819.0
2.0,3683.0,1838.0,2055.0,3837.0,2538.0,2538.0,1432.0,623.0,1233.0,605.0
2.0,5682.0,1766.0,2047.0,4541.0,0.0,0.0,1428.0,619.0,1367.0,399.0
2.0,8457.0,1986.0,2041.0,2538.0,0.0,0.0,1430.0,611.0,1575.0,411.0
2.0,9009.0,2285.0,2044.0,0.0,1452.0,1452.0,1437.0,607.0,1653.0,632.0
2.0,6724.0,2363.0,2054.0,0.0,3855.0,3855.0,1442.0,612.0,1521.0,842.0
2.0,4361.0,2146.0,2061.0,1452.0,4577.0,4577.0,1440.0,621.0,1312.0,834.0
2.0,3667.0,1843.0,2059.0,3855.0,2557.0,2557.0,1434.0,625.0,1227.0,616.0
2.0,5679.0,1776.0,2051.0,4577.0,0.0,0.0,1430.0,621.0,1363.0,413.0
2.0,8480.0,2019.0,2045.0,2557.0,0.0,0.0,1432.0,613.0,1596.0,423.0
2.0,9018.0,2309.0,2048.0,0.0,1483.0,1483.0,1439.0,609.0,1677.0,632.0
2.0,6709.0,2363.0,2057.0,0.0,3882.0,3882.0,1444.0,613.0,1530.0,833.0
2.0,4346.0,2141.0,2065.0,1483.0,4572.0,4572.0,1443.0,622.0,1312.0,829.0
2.0,3688.0,1850.0,2063.0,3882.0,2532.0,2532.0,1437.0,626.0,1236.0,614.0
2.0,5720.0,1778.0,2055.0,4572.0,0.0,0.0,1433.0,622.0,1377.0,401.0
2.0,8514.0,1995.0,2050.0,2532.0,0.0,0.0,1436.0,614.0,1591.0,404.0
2.0,9051.0,2275.0,2052.0,0.0,1432.0,1432.0,1442.0,610.0,1655.0,620.0
2.0,6776.0,2351.0,2061.0,0.0,3819.0,3819.0,1447.0,614.0,1520.0,831.0
2.0,4425.0,2157.0,2069.0,1432.0,4576.0,4576.0,1446.0,623.0,1320.0,837.0
2.0,3700.0,1889.0,2067.0,3819.0,2638.0,2638.0,1440.0,627.0,1259.0,630.0
2.0,5630.0,1813.0,2059.0,4576.0,0.0,0.0,1436.0,623.0,1392.0,421.0
2.0,8393.0,2009.0,2053.0,2638.0,0.0,0.0,1438.0,615.0,1592.0,417.0
2.0,9022.0,2281.0,2055.0,0.0,1479.0,1479.0,1444.0,611.0,1657.0,624.0
2.0,6741.0,2355.0,2065.0,0.0,3874.0,3874.0,1450.0,615.0,1522.0,833.0
2.0,4386.0,2157.0,2073.0,1479.0,4584.0,4584.0,1449.0,624.0,1322.0,835.0
2.0,3708.0,1892.0,2071.0,3874.0,2594.0,2594.0,1443.0,628.0,1263.0,629.0
2.0,5690.0,1819.0,2063.0,4584.0,0.0,0.0,1439.0,624.0,1398.0,421.0
2.0,8455.0,2006.0,2057.0,2594.0,0.0,0.0,1441.0,616.0,1589.0,417.0
2.0,9043.0,2274.0,2061.0,0.0,1475.0,1475.0,1448.0,613.0,1651.0,623.0
2.0,6769.0,2344.0,2071.0,0.0,3859.0,3859.0,1454.0,617.0,1514.0,830.0
2.0,4425.0,2146.0,2078.0,1475.0,4558.0,4558.0,1452.0,626.0,1314.0,832.0
2.0,3754.0,1872.0,2076.0,3859.0,2563.0,2563.0,1446.0,630.0,1248.0,624.0
2.0,5741.0,1819.0,2067.0,4558.0,0.0,0.0,1441.0,626.0,1397.0,422.0
2.0,8480.0,2031.0,2061.0,2563.0,0.0,0.0,1443.0,618.0,1606.0,425.0
2.0,9012.0,2299.0,2064.0,0.0,1543.0,1543.0,1450.0,614.0,1671.0,628.0
2.0,6713.0,2365.0,2074.0,0.0,3948.0,3948.0,1456.0,618.0,1535.0,830.0
2.0,4348.0,2167.0,2081.0,1543.0,4600.0,4600.0,1455.0,626.0,1338.0,829.0
2.0,3724.0,1899.0,2079.0,3948.0,2543.0,2543.0,1449.0,630.0,1277.0,622.0
2.0,5773.0,1836.0,2071.0,4600.0,0.0,0.0,1445.0,626.0,1419.0,417.0
2.0,8537.0,2023.0,2065.0,2543.0,0.0,0.0,1447.0,618.0,1601.0,422.0
2.0,9057.0,2269.0,2069.0,0.0,1488.0,1488.0,1454.0,615.0,1642.0,627.0
2.0,6788.0,2316.0,2077.0,0.0,3836.0,3836.0,1458.0,619.0,1490.0,826.0
2.0,4472.0,2124.0,2084.0,1488.0,4500.0,4500.0,1457.0,627.0,1302.0,822.0
2.0,3836.0,1900.0,2082.0,3836.0,2556.0,2556.0,1451.0,631.0,1275.0,625.0
2.0,5772.0,1854.0,2074.0,4500.0,0.0,0.0,1447.0,627.0,1424.0,430.0
2.0,8418.0,2048.0,2069.0,2556.0,0.0,0.0,1449.0,620.0,1611.0,437.0
2.0,8926.0,2296.0,2072.0,0.0,1658.0,1658.0,1456.0,616.0,1657.0,639.0
2.0,6630.0,2350.0,2081.0,0.0,4044.0,4044.0,1461.0,620.0,1517.0,833.0
2.0,4280.0,2163.0,2089.0,1658.0,4581.0,4581.0,1461.0,628.0,1337.0,826.0
2.0,3775.0,1923.0,2087.0,4044.0,2452.0,2452.0,1455.0,632.0,1296.0,627.0
2.0,5896.0,1880.0,2079.0,4581.0,0.0,0.0,1451.0,628.0,1446.0,434.0
2.0,8597.0,2065.0,2074.0,2452.0,0.0,0.0,1453.0,621.0,1629.0,436.0
2.0,8984.0,2283.0,2077.0,0.0,1607.0,1607.0,1460.0,617.0,1656.0,627.0
2.0,6701.0,2303.0,2086.0,0.0,3946.0,3946.0,1465.0,621.0,1487.0,816.0
2.0,4398.0,2114.0,2092.0,1607.0,4477.0,4477.0,1463.0,629.0,1299.0,815.0
2.0,3891.0,1894.0,2091.0,3946.0,2421.0,2421.0,1458.0,633.0,1269.0,625.0
2.0,5943.0,1862.0,2083.0,4477.0,0.0,0.0,1453.0,630.0,1425.0,437.0
2.0,8558.0,2062.0,2077.0,2421.0,0.0,0.0,1455.0,622.0,1624.0,438.0
2.0,8917.0,2299.0,2080.0,0.0,1702.0,1702.0,1462.0,618.0,1673.0,626.0
2.0,6618.0,2352.0,2090.0,0.0,4094.0,4094.0,1468.0,622.0,1531.0,821.0
2.0,4266.0,2181.0,2098.0,1702.0,4605.0,4605.0,1468.0,630.0,1349.0,832.0
2.0,3787.0,1947.0,2096.0,4094.0,2450.0,2450.0,1462.0,634.0,1304.0,643.0
2.0,5934.0,1897.0,2089.0,4605.0,0.0,0.0,1458.0,631.0,1446.0,451.0
2.0,8642.0,2074.0,2083.0,2450.0,0.0,0.0,1460.0,623.0,1633.0,441.0
2.0,9018.0,2287.0,2085.0,0.0,1609.0,1609.0,1466.0,619.0,1662.0,625.0
2.0,6731.0,2323.0,2095.0,0.0,3972.0,3972.0,1472.0,623.0,1507.0,816.0
2.0,4408.0,2133.0,2101.0,1609.0,4520.0,4520.0,1470.0,631.0,1307.0,826.0
2.0,3884.0,1900.0,2100.0,3972.0,2444.0,2444.0,1464.0,636.0,1263.0,637.0
2.0,5956.0,1863.0,2091.0,4520.0,0.0,0.0,1459.0,632.0,1422.0,441.0
2.0,8613.0,2066.0,2086.0,2444.0,0.0,0.0,1461.0,625.0,1629.0,437.0
2.0,8991.0,2312.0,2089.0,0.0,1677.0,1677.0,1468.0,621.0,1678.0,634.0
2.0,6679.0,2358.0,2099.0,0.0,4075.0,4075.0,1474.0,625.0,1527.0,831.0
2.0,4321.0,2168.0,2105.0,1677.0,4590.0,4590.0,1472.0,633.0,1336.0,832.0
2.0,3830.0,1932.0,2104.0,4075.0,2443.0,2443.0,1467.0,637.0,1298.0,634.0
2.0,5973.0,1900.0,2096.0,4590.0,0.0,0.0,1463.0,633.0,1461.0,439.0
2.0,8663.0,2086.0,2091.0,2443.0,0.0,0.0,1465.0,626.0,1646.0,440.0
2.0,9020.0,2312.0,2094.0,0.0,1668.0,1668.0,1472.0,622.0,1671.0,641.0
2.0,6708.0,2339.0,2103.0,0.0,4043.0,4043.0,1477.0,626.0,1503.0,836.0
2.0,4369.0,2136.0,2109.0,1668.0,4535.0,4535.0,1475.0,634.0,1308.0,828.0
2.0,3901.0,1891.0,2107.0,4043.0,2375.0,2375.0,1469.0,638.0,1268.0,623.0
2.0,6053.0,1853.0,2099.0,4535.0,0.0,0.0,1465.0,634.0,1427.0,426.0
2.0,8735.0,2073.0,2093.0,2375.0,0.0,0.0,1467.0,626.0,1637.0,436.0
2.0,9037.0,2337.0,2097.0,0.0,1688.0,1688.0,1474.0,623.0,1690.0,647.0
2.0,6700.0,2377.0,2107.0,0.0,4105.0,4105.0,1480.0,627.0,1533.0,844.0
2.0,4323.0,2162.0,2113.0,1688.0,4603.0,4603.0,1478.0,635.0,1332.0,830.0
2.0,3849.0,1921.0,2111.0,4105.0,2411.0,2411.0,1472.0,639.0,1296.0,625.0
2.0,6033.0,1902.0,2103.0,4603.0,0.0,0.0,1468.0,635.0,1462.0,440.0
2.0,8734.0,2117.0,2099.0,2411.0,0.0,0.0,1471.0,628.0,1658.0,459.0
2.0,9028.0,2344.0,2102.0,0.0,1724.0,1724.0,1477.0,625.0,1684.0,660.0
2.0,6684.0,2354.0,2111.0,0.0,4114.0,4114.0,1482.0,629.0,1514.0,840.0
2.0,4330.0,2143.0,2117.0,1724.0,4557.0,4557.0,1480.0,637.0,1317.0,826.0
2.0,3911.0,1899.0,2115.0,4114.0,2334.0,2334.0,1474.0,641.0,1275.0,624.0
2.0,6126.0,1883.0,2107.0,4557.0,0.0,0.0,1470.0,637.0,1448.0,435.0
2.0,8800.0,2106.0,2103.0,2334.0,0.0,0.0,1473.0,630.0,1661.0,445.0
2.0,9028.0,2341.0,2107.0,0.0,1741.0,1741.0,1481.0,626.0,1698.0,643.0
2.0,6687.0,2348.0,2116.0,0.0,4125.0,4125.0,1486.0,630.0,1521.0,827.0
2.0,4339.0,2138.0,2122.0,1741.0,4546.0,4546.0,1484.0,638.0,1317.0,821.0
2.0,3942.0,1928.0,2119.0,4125.0,2337.0,2337.0,1478.0,641.0,1299.0,629.0
2.0,6139.0,1926.0,2112.0,4546.0,0.0,0.0,1474.0,638.0,1477.0,449.0
2.0,8759.0,2140.0,2107.0,2337.0,0.0,0.0,1477.0,630.0,1678.0,462.0
2.0,8956.0,2355.0,2111.0,0.0,1843.0,1843.0,1484.0,627.0,1693.0,662.0
2.0,6601.0,2358.0,2119.0,0.0,4233.0,4233.0,1488.0,631.0,1514.0,844.0
2.0,4243.0,2146.0,2125.0,1843.0,4560.0,4560.0,1486.0,639.0,1320.0,826.0
2.0,3940.0,1919.0,2122.0,4233.0,2234.0,2234.0,1479.0,643.0,1296.0,623.0
2.0,6254.0,1909.0,2115.0,4560.0,0.0,0.0,1476.0,639.0,1465.0,444.0
2.0,8905.0,2112.0,2111.0,2234.0,0.0,0.0,1479.0,632.0,1653.0,459.0
2.0,9027.0,2339.0,2115.0,0.0,1772.0,1772.0,1486.0,629.0,1685.0,654.0
2.0,6688.0,2354.0,2124.0,0.0,4162.0,4162.0,1491.0,633.0,1524.0,830.0
2.0,4334.0,2152.0,2130.0,1772.0,4566.0,4566.0,1490.0,640.0,1334.0,818.0
2.0,3954.0,1936.0,2127.0,4162.0,2328.0,2328.0,1483.0,644.0,1308.0,628.0
2.0,6180.0,1928.0,2121.0,4566.0,0.0,0.0,1480.0,641.0,1477.0,451.0
2.0,8818.0,2135.0,2116.0,2328.0,0.0,0.0,1482.0,634.0,1665.0,470.0
2.0,9011.0,2349.0,2120.0,0.0,1818.0,1818.0,1489.0,631.0,1683.0,666.0
2.0,6662.0,2375.0,2128.0,0.0,4225.0,4225.0,1493.0,635.0,1532.0,843.0
2.0,4287.0,2175.0,2133.0,1818.0,4602.0,4602.0,1491.0,642.0,1356.0,819.0
2.0,3930.0,1952.0,2130.0,4225.0,2317.0,2317.0,1485.0,645.0,1330.0,622.0
2.0,6203.0,1916.0,2124.0,4602.0,0.0,0.0,1482.0,642.0,1474.0,442.0
2.0,8889.0,2103.0,2119.0,2317.0,0.0,0.0,1484.0,635.0,1644.0,459.0
2.0,9103.0,2332.0,2124.0,0.0,1725.0,1725.0,1492.0,632.0,1672.0,660.0
2.0,6771.0,2359.0,2131.0,0.0,4112.0,4112.0,1496.0,635.0,1521.0,838.0
2.0,4412.0,2172.0,2138.0,1725.0,4587.0,4587.0,1495.0,643.0,1352.0,820.0
2.0,3965.0,1964.0,2136.0,4112.0,2431.0,2431.0,1490.0,646.0,1342.0,622.0
2.0,6113.0,1934.0,2129.0,4587.0,0.0,0.0,1486.0,643.0,1491.0,443.0
2.0,8766.0,2113.0,2124.0,2431.0,0.0,0.0,1488.0,636.0,1650.0,463.0
2.0,9084.0,2325.0,2127.0,0.0,1749.0,1749.0,1495.0,632.0,1656.0,669.0
2.0,6759.0,2359.0,2135.0,0.0,4140.0,4140.0,1498.0,637.0,1503.0,856.0
2.0,4400.0,2194.0,2141.0,1749.0,4609.0,4609.0,1497.0,644.0,1361.0,833.0
2.0,3955.0,2001.0,2139.0,4140.0,2462.0,2462.0,1491.0,648.0,1373.0,628.0
2.0,6094.0,1969.0,2132.0,4609.0,0.0,0.0,1488.0,644.0,1523.0,446.0
2.0,8734.0,2116.0,2128.0,2462.0,0.0,0.0,1491.0,637.0,1656.0,460.0
2.0,9080.0,2304.0,2132.0,0.0,1752.0,1752.0,1498.0,634.0,1646.0,658.0
2.0,6776.0,2329.0,2140.0,0.0,4113.0,4113.0,1502.0,638.0,1494.0,835.0
2.0,4447.0,2167.0,2146.0,1752.0,4552.0,4552.0,1501.0,645.0,1349.0,818.0
2.0,4032.0,1975.0,2144.0,4113.0,2406.0,2406.0,1495.0,649.0,1351.0,624.0
2.0,6170.0,1954.0,2137.0,4552.0,0.0,0.0,1492.0,645.0,1504.0,450.0
2.0,8768.0,2130.0,2132.0,2406.0,0.0,0.0,1494.0,638.0,1658.0,472.0
2.0,9044.0,2319.0,2135.0,0.0,1815.0,1815.0,1500.0,635.0,1655.0,664.0
2.0,6725.0,2338.0,2143.0,0.0,4185.0,4185.0,1504.0,639.0,1502.0,836.0
2.0,4387.0,2163.0,2148.0,1815.0,4553.0,4553.0,1502.0,646.0,1345.0,818.0
2.0,4039.0,1985.0,2145.0,4185.0,2341.0,2341.0,1496.0,649.0,1353.0,632.0
2.0,6239.0,1998.0,2139.0,4553.0,0.0,0.0,1493.0,646.0,1528.0,470.0
2.0,8794.0,2189.0,2136.0,2341.0,0.0,0.0,1497.0,639.0,1698.0,491.0
2.0,8946.0,2361.0,2140.0,0.0,1975.0,1975.0,1504.0,636.0,1691.0,670.0
2.0,6585.0,2353.0,2149.0,0.0,4364.0,4364.0,1509.0,640.0,1526.0,827.0
2.0,4232.0,2156.0,2154.0,1975.0,4565.0,4565.0,1507.0,647.0,1348.0,808.0
2.0,4051.0,1953.0,2151.0,4364.0,2142.0,2142.0,1500.0,651.0,1322.0,631.0
2.0,6462.0,1957.0,2143.0,4565.0,0.0,0.0,1496.0,647.0,1485.0,472.0
2.0,9070.0,2147.0,2140.0,2142.0,0.0,0.0,1499.0,641.0,1667.0,480.0
2.0,9065.0,2357.0,2144.0,0.0,1868.0,1868.0,1506.0,638.0,1700.0,657.0
2.0,6708.0,2375.0,2152.0,0.0,4275.0,4275.0,1511.0,641.0,1546.0,829.0
2.0,4333.0,2182.0,2158.0,1868.0,4613.0,4613.0,1509.0,649.0,1360.0,822.0
2.0,4019.0,1986.0,2154.0,4275.0,2308.0,2308.0,1502.0,652.0,1339.0,647.0
2.0,6308.0,1980.0,2147.0,4613.0,0.0,0.0,1499.0,648.0,1505.0,475.0
2.0,8941.0,2174.0,2143.0,2308.0,0.0,0.0,1502.0,641.0,1698.0,476.0
2.0,9075.0,2375.0,2148.0,0.0,1892.0,1892.0,1510.0,638.0,1724.0,651.0
2.0,6700.0,2378.0,2157.0,0.0,4306.0,4306.0,1515.0,642.0,1550.0,828.0
2.0,4322.0,2180.0,2162.0,1892.0,4614.0,4614.0,1513.0,649.0,1353.0,827.0
2.0,4034.0,1972.0,2159.0,4306.0,2268.0,2268.0,1506.0,653.0,1325.0,647.0
2.0,6368.0,1953.0,2152.0,4614.0,0.0,0.0,1503.0,649.0,1484.0,469.0
2.0,9029.0,2131.0,2147.0,2268.0,0.0,0.0,1505.0,642.0,1662.0,469.0
2.0,9166.0,2336.0,2151.0,0.0,1774.0,1774.0,1512.0,639.0,1682.0,654.0
2.0,6830.0,2375.0,2159.0,0.0,4181.0,4181.0,1516.0,643.0,1538.0,837.0
2.0,4455.0,2219.0,2165.0,1774.0,4650.0,4650.0,1514.0,651.0,1379.0,840.0
2.0,4010.0,2033.0,2164.0,4181.0,2498.0,2498.0,1509.0,655.0,1371.0,662.0
2.0,6158.0,2018.0,2157.0,4650.0,0.0,0.0,1506.0,651.0,1533.0,485.0
2.0,8790.0,2181.0,2153.0,2498.0,0.0,0.0,1509.0,644.0,1701.0,480.0
2.0,9107.0,2363.0,2157.0,0.0,1884.0,1884.0,1516.0,641.0,1713.0,650.0
2.0,6744.0,2376.0,2165.0,0.0,4292.0,4292.0,1520.0,645.0,1549.0,827.0
2.0,4368.0,2203.0,2170.0,1884.0,4631.0,4631.0,1518.0,652.0,1366.0,837.0
2.0,4049.0,1994.0,2168.0,4292.0,2325.0,2325.0,1512.0,656.0,1332.0,662.0
2.0,6347.0,1967.0,2162.0,4631.0,0.0,0.0,1509.0,653.0,1490.0,477.0
2.0,9011.0,2140.0,2158.0,2325.0,0.0,0.0,1512.0,646.0,1678.0,462.0
2.0,9196.0,2325.0,2160.0,0.0,1769.0,1769.0,1518.0,642.0,1692.0,633.0
2.0,6871.0,2333.0,2168.0,0.0,4134.0,4134.0,1522.0,646.0,1518.0,815.0
2.0,4538.0,2186.0,2172.0,1769.0,4567.0,4567.0,1519.0,653.0,1352.0,834.0
2.0,4121.0,2026.0,2170.0,4134.0,2451.0,2451.0,1513.0,657.0,1352.0,674.0
2.0,6229.0,2036.0,2165.0,4567.0,0.0,0.0,1511.0,654.0,1542.0,494.0
2.0,8760.0,2205.0,2161.0,2451.0,0.0,0.0,1515.0,646.0,1731.0,474.0
2.0,9006.0,2368.0,2165.0,0.0,2022.0,2022.0,1522.0,643.0,1727.0,641.0
2.0,6638.0,2367.0,2173.0,0.0,4421.0,4421.0,1526.0,647.0,1537.0,830.0
2.0,4271.0,2193.0,2176.0,2022.0,4604.0,4604.0,1522.0,654.0,1346.0,847.0
2.0,4100.0,2020.0,2175.0,4421.0,2199.0,2199.0,1516.0,659.0,1344.0,676.0
2.0,6501.0,2022.0,2169.0,4604.0,0.0,0.0,1514.0,655.0,1535.0,487.0
2.0,9083.0,2195.0,2166.0,2199.0,0.0,0.0,1518.0,648.0,1721.0,474.0
2.0,9087.0,2336.0,2170.0,0.0,1929.0,1929.0,1525.0,645.0,1698.0,638.0
2.0,6751.0,2306.0,2177.0,0.0,4263.0,4263.0,1528.0,649.0,1489.0,817.0
2.0,4445.0,2145.0,2180.0,1929.0,4491.0,4491.0,1524.0,656.0,1313.0,832.0
2.0,4229.0,2031.0,2178.0,4263.0,2251.0,2251.0,1518.0,660.0,1357.0,674.0
2.0,6461.0,2085.0,2174.0,4491.0,0.0,0.0,1517.0,657.0,1587.0,498.0
2.0,8867.0,2263.0,2172.0,2251.0,0.0,0.0,1522.0,650.0,1779.0,484.0
2.0,8855.0,2391.0,2177.0,0.0,2244.0,2244.0,1530.0,647.0,1745.0,646.0
2.0,6464.0,2339.0,2183.0,0.0,4607.0,4607.0,1533.0,650.0,1513.0,826.0
2.0,4125.0,2149.0,2186.0,2244.0,4524.0,4524.0,1529.0,657.0,1311.0,838.0
2.0,4220.0,2010.0,2183.0,4607.0,1915.0,1915.0,1522.0,661.0,1341.0,669.0
2.0,6817.0,2066.0,2177.0,4524.0,0.0,0.0,1520.0,657.0,1576.0,490.0
2.0,9275.0,2235.0,2175.0,1915.0,0.0,0.0,1524.0,651.0,1758.0,477.0
2.0,8955.0,2342.0,2178.0,0.0,2099.0,2099.0,1531.0,647.0,1702.0,640.0
2.0,6613.0,2278.0,2185.0,0.0,4405.0,4405.0,1534.0,651.0,1462.0,816.0
2.0,4335.0,2118.0,2188.0,2099.0,4436.0,4436.0,1530.0,658.0,1288.0,830.0
2.0,4316.0,2033.0,2186.0,4405.0,2056.0,2056.0,1524.0,662.0,1359.0,674.0
2.0,6688.0,2110.0,2180.0,4436.0,0.0,0.0,1522.0,658.0,1612.0,498.0
2.0,9014.0,2296.0,2180.0,2056.0,0.0,0.0,1528.0,652.0,1811.0,485.0
2.0,8774.0,2403.0,2184.0,0.0,2365.0,2365.0,1535.0,649.0,1753.0,650.0
2.0,6371.0,2335.0,2190.0,0.0,4724.0,4724.0,1538.0,652.0,1501.0,834.0
2.0,4036.0,2154.0,2193.0,2365.0,4525.0,4525.0,1534.0,659.0,1304.0,850.0
2.0,4247.0,2023.0,2190.0,4724.0,1812.0,1812.0,1527.0,663.0,1342.0,681.0
2.0,6948.0,2087.0,2185.0,4525.0,0.0,0.0,1525.0,660.0,1587.0,500.0
2.0,9386.0,2266.0,2183.0,1812.0,0.0,0.0,1529.0,654.0,1785.0,481.0
2.0,8932.0,2375.0,2187.0,0.0,2191.0,2191.0,1537.0,650.0,1739.0,636.0
2.0,6557.0,2310.0,2193.0,0.0,4525.0,4525.0,1540.0,653.0,1499.0,811.0
2.0,4247.0,2118.0,2196.0,2191.0,4464.0,4464.0,1536.0,660.0,1291.0,827.0
2.0,4320.0,2003.0,2194.0,4525.0,1934.0,1934.0,1530.0,664.0,1333.0,670.0
2.0,6842.0,2075.0,2189.0,4464.0,0.0,0.0,1528.0,661.0,1578.0,497.0
2.0,9231.0,2276.0,2187.0,1934.0,0.0,0.0,1533.0,654.0,1793.0,483.0
2.0,8889.0,2413.0,2190.0,0.0,2284.0,2284.0,1540.0,650.0,1767.0,646.0
2.0,6476.0,2349.0,2197.0,0.0,4661.0,4661.0,1543.0,654.0,1524.0,825.0
2.0,4127.0,2150.0,2199.0,2284.0,4535.0,4535.0,1539.0,660.0,1303.0,847.0
2.0,4261.0,2030.0,2196.0,4661.0,1892.0,1892.0,1532.0,664.0,1342.0,688.0
2.0,6892.0,2099.0,2192.0,4535.0,0.0,0.0,1530.0,662.0,1593.0,506.0
2.0,9328.0,2286.0,2190.0,1892.0,0.0,0.0,1535.0,655.0,1806.0,480.0
2.0,8934.0,2400.0,2193.0,0.0,2238.0,2238.0,1542.0,651.0,1763.0,637.0
2.0,6534.0,2328.0,2200.0,0.0,4594.0,4594.0,1546.0,654.0,1505.0,823.0
2.0,4206.0,2129.0,2204.0,2238.0,4501.0,4501.0,1542.0,662.0,1276.0,853.0
2.0,4315.0,2012.0,2201.0,4594.0,1907.0,1907.0,1535.0,666.0,1321.0,691.0
2.0,6897.0,2098.0,2196.0,4501.0,0.0,0.0,1533.0,663.0,1597.0,501.0
2.0,9300.0,2287.0,2195.0,1907.0,0.0,0.0,1538.0,657.0,1812.0,475.0
2.0,8920.0,2407.0,2200.0,0.0,2287.0,2287.0,1547.0,653.0,1772.0,635.0
2.0,6513.0,2347.0,2206.0,0.0,4658.0,4658.0,1550.0,656.0,1522.0,825.0
2.0,4166.0,2156.0,2208.0,2287.0,4535.0,4535.0,1545.0,663.0,1301.0,855.0
2.0,4297.0,2027.0,2205.0,4658.0,1892.0,1892.0,1538.0,667.0,1330.0,697.0
2.0,6928.0,2100.0,2200.0,4535.0,0.0,0.0,1535.0,665.0,1586.0,514.0
2.0,9363.0,2297.0,2198.0,1892.0,0.0,0.0,1540.0,658.0,1812.0,485.0
2.0,8958.0,2414.0,2202.0,0.0,2264.0,2264.0,1548.0,654.0,1775.0,639.0
2.0,6544.0,2344.0,2209.0,0.0,4636.0,4636.0,1552.0,657.0,1527.0,817.0
2.0,4200.0,2148.0,2212.0,2264.0,4532.0,4532.0,1548.0,664.0,1310.0,838.0
2.0,4316.0,2028.0,2208.0,4636.0,1908.0,1908.0,1540.0,668.0,1342.0,686.0
2.0,6924.0,2086.0,2203.0,4532.0,0.0,0.0,1538.0,665.0,1578.0,508.0
2.0,9370.0,2289.0,2203.0,1908.0,0.0,0.0,1544.0,659.0,1798.0,491.0
2.0,8989.0,2426.0,2208.0,0.0,2269.0,2269.0,1553.0,655.0,1777.0,649.0
2.0,6563.0,2360.0,2214.0,0.0,4653.0,4653.0,1556.0,658.0,1537.0,823.0
2.0,4203.0,2168.0,2216.0,2269.0,4560.0,4560.0,1551.0,665.0,1327.0,841.0
2.0,4304.0,2051.0,2212.0,4653.0,1942.0,1942.0,1543.0,669.0,1351.0,700.0
2.0,6906.0,2121.0,2207.0,4560.0,0.0,0.0,1540.0,667.0,1590.0,531.0
2.0,9345.0,2310.0,2206.0,1942.0,0.0,0.0,1546.0,660.0,1808.0,502.0
2.0,8977.0,2427.0,2212.0,0.0,2298.0,2298.0,1555.0,657.0,1784.0,643.0
2.0,6550.0,2355.0,2219.0,0.0,4681.0,4681.0,1559.0,660.0,1538.0,817.0
2.0,4195.0,2162.0,2220.0,2298.0,4549.0,4549.0,1554.0,666.0,1315.0,847.0
2.0,4331.0,2046.0,2217.0,4681.0,1902.0,1902.0,1546.0,671.0,1347.0,699.0
2.0,6966.0,2124.0,2212.0,4549.0,0.0,0.0,1544.0,668.0,1607.0,517.0
2.0,9391.0,2290.0,2213.0,1902.0,0.0,0.0,1551.0,662.0,1812.0,478.0
2.0,9003.0,2396.0,2218.0,0.0,2265.0,2265.0,1560.0,658.0,1768.0,628.0
2.0,6607.0,2335.0,2224.0,0.0,4624.0,4624.0,1563.0,661.0,1520.0,815.0
2.0,4272.0,2158.0,2225.0,2265.0,4521.0,4521.0,1557.0,668.0,1305.0,853.0
2.0,4379.0,2044.0,2220.0,4624.0,1921.0,1921.0,1548.0,672.0,1339.0,705.0
2.0,6959.0,2122.0,2214.0,4521.0,0.0,0.0,1545.0,669.0,1597.0,525.0
2.0,9358.0,2308.0,2214.0,1921.0,0.0,0.0,1551.0,663.0,1817.0,491.0
2.0,8971.0,2423.0,2219.0,0.0,2328.0,2328.0,1560.0,659.0,1782.0,641.0
2.0,6548.0,2368.0,2225.0,0.0,4720.0,4720.0,1564.0,661.0,1543.0,825.0
2.0,4180.0,2200.0,2227.0,2328.0,4600.0,4600.0,1559.0,668.0,1344.0,856.0
2.0,4308.0,2076.0,2224.0,4720.0,1944.0,1944.0,1551.0,673.0,1370.0,706.0
2.0,6952.0,2118.0,2219.0,4600.0,0.0,0.0,1549.0,670.0,1597.0,521.0
2.0,9434.0,2265.0,2218.0,1944.0,0.0,0.0,1554.0,664.0,1777.0,488.0
2.0,9113.0,2363.0,2222.0,0.0,2138.0,2138.0,1562.0,660.0,1731.0,632.0
2.0,6750.0,2327.0,2229.0,0.0,4493.0,4493.0,1566.0,663.0,1514.0,813.0
2.0,4423.0,2203.0,2231.0,2138.0,4566.0,4566.0,1561.0,670.0,1345.0,858.0
2.0,4358.0,2095.0,2229.0,4493.0,2160.0,2160.0,1554.0,675.0,1382.0,713.0
2.0,6756.0,2138.0,2223.0,4566.0,0.0,0.0,1551.0,672.0,1608.0,530.0
2.0,9184.0,2288.0,2222.0,2160.0,0.0,0.0,1556.0,666.0,1797.0,491.0
2.0,9056.0,2417.0,2227.0,0.0,2269.0,2269.0,1565.0,662.0,1773.0,644.0
2.0,6639.0,2375.0,2234.0,0.0,4672.0,4672.0,1569.0,665.0,1547.0,828.0
2.0,4264.0,2210.0,2235.0,2269.0,4617.0,4617.0,1564.0,671.0,1353.0,857.0
2.0,4323.0,2096.0,2232.0,4672.0,2029.0,2029.0,1556.0,676.0,1394.0,702.0
2.0,6899.0,2143.0,2227.0,4617.0,0.0,0.0,1554.0,673.0,1626.0,517.0
2.0,9373.0,2296.0,2226.0,2029.0,0.0,0.0,1559.0,667.0,1809.0,487.0
2.0,9106.0,2398.0,2232.0,0.0,2220.0,2220.0,1569.0,663.0,1754.0,644.0
2.0,6708.0,2332.0,2238.0,0.0,4576.0,4576.0,1572.0,666.0,1506.0,826.0
2.0,4376.0,2156.0,2239.0,2220.0,4516.0,4516.0,1567.0,672.0,1308.0,848.0
2.0,4440.0,2056.0,2234.0,4576.0,1976.0,1976.0,1558.0,676.0,1360.0,696.0
2.0,6960.0,2136.0,2229.0,4516.0,0.0,0.0,1555.0,674.0,1613.0,523.0
2.0,9340.0,2335.0,2229.0,1976.0,0.0,0.0,1561.0,668.0,1827.0,508.0
2.0,8981.0,2455.0,2235.0,0.0,2414.0,2414.0,1570.0,665.0,1792.0,663.0
2.0,6526.0,2374.0,2241.0,0.0,4812.0,4812.0,1574.0,667.0,1539.0,835.0
2.0,4152.0,2200.0,2244.0,2414.0,4610.0,4610.0,1570.0,674.0,1344.0,856.0
2.0,4366.0,2092.0,2239.0,4812.0,1870.0,1870.0,1561.0,678.0,1388.0,704.0
2.0,7086.0,2170.0,2235.0,4610.0,0.0,0.0,1559.0,676.0,1643.0,527.0
2.0,9526.0,2347.0,2235.0,1870.0,0.0,0.0,1565.0,670.0,1845.0,502.0
2.0,9049.0,2424.0,2240.0,0.0,2335.0,2335.0,1574.0,666.0,1776.0,648.0
2.0,6625.0,2314.0,2246.0,0.0,4673.0,4673.0,1577.0,669.0,1496.0,818.0
2.0,4311.0,2130.0,2246.0,2335.0,4468.0,4468.0,1571.0,675.0,1282.0,848.0
2.0,4516.0,2061.0,2242.0,4673.0,1840.0,1840.0,1563.0,679.0,1359.0,702.0
2.0,7128.0,2174.0,2237.0,4468.0,0.0,0.0,1560.0,677.0,1648.0,526.0
2.0,9422.0,2362.0,2238.0,1840.0,52.0,52.0,1567.0,671.0,1862.0,500.0
2.0,8900.0,2464.0,2243.0,0.0,2536.0,2536.0,1576.0,667.0,1811.0,653.0
2.0,6436.0,2366.0,2249.0,52.0,4874.0,4874.0,1579.0,670.0,1534.0,832.0
2.0,4122.0,2169.0,2250.0,2536.0,4511.0,4511.0,1574.0,676.0,1308.0,861.0
2.0,4489.0,2084.0,2246.0,4874.0,1705.0,1705.0,1566.0,680.0,1371.0,713.0
2.0,7279.0,2195.0,2241.0,4511.0,0.0,0.0,1563.0,678.0,1660.0,535.0
2.0,9595.0,2397.0,2242.0,1705.0,65.0,65.0,1570.0,672.0,1892.0,505.0
2.0,8903.0,2463.0,2248.0,0.0,2552.0,2552.0,1580.0,668.0,1815.0,648.0
2.0,6440.0,2337.0,2254.0,65.0,4848.0,4848.0,1583.0,671.0,1512.0,825.0
2.0,4168.0,2122.0,2253.0,2552.0,4414.0,4414.0,1576.0,677.0,1266.0,856.0
2.0,4598.0,2040.0,2248.0,4848.0,1586.0,1586.0,1567.0,681.0,1332.0,708.0
2.0,7406.0,2171.0,2245.0,4414.0,0.0,0.0,1565.0,680.0,1643.0,528.0
2.0,9649.0,2396.0,2245.0,1586.0,141.0,141.0,1572.0,673.0,1896.0,500.0
2.0,8839.0,2485.0,2252.0,0.0,2654.0,2654.0,1582.0,670.0,1836.0,649.0
2.0,6354.0,2358.0,2258.0,141.0,4895.0,4895.0,1586.0,672.0,1528.0,830.0
2.0,4137.0,2153.0,2258.0,2654.0,4394.0,4394.0,1580.0,678.0,1289.0,864.0
2.0,4638.0,2074.0,2254.0,4895.0,1557.0,1557.0,1571.0,683.0,1359.0,715.0
2.0,7459.0,2216.0,2250.0,4394.0,0.0,0.0,1569.0,681.0,1678.0,538.0
2.0,9637.0,2420.0,2251.0,1557.0,230.0,230.0,1576.0,675.0,1913.0,507.0
2.0,8774.0,2487.0,2256.0,0.0,2737.0,2737.0,1585.0,671.0,1835.0,652.0
2.0,6287.0,2331.0,2261.0,230.0,4858.0,4858.0,1588.0,673.0,1505.0,826.0
2.0,4186.0,2105.0,2261.0,2737.0,4226.0,4226.0,1581.0,680.0,1249.0,856.0
2.0,4818.0,2050.0,2257.0,4858.0,1402.0,1402.0,1573.0,684.0,1333.0,717.0
2.0,7626.0,2205.0,2253.0,4226.0,0.0,0.0,1571.0,682.0,1661.0,544.0
2.0,9647.0,2424.0,2255.0,1402.0,395.0,395.0,1579.0,676.0,1918.0,506.0
2.0,8625.0,2480.0,2261.0,0.0,2899.0,2899.0,1589.0,672.0,1837.0,643.0
2.0,6145.0,2342.0,2265.0,395.0,4862.0,4862.0,1591.0,674.0,1519.0,823.0
2.0,4198.0,2146.0,2266.0,2899.0,4113.0,4113.0,1585.0,681.0,1285.0,861.0
2.0,4951.0,2092.0,2262.0,4862.0,1327.0,1327.0,1577.0,685.0,1366.0,726.0
2.0,7721.0,2243.0,2258.0,4113.0,0.0,0.0,1575.0,683.0,1688.0,555.0
2.0,9591.0,2450.0,2261.0,1327.0,576.0,576.0,1583.0,678.0,1931.0,519.0
2.0,8468.0,2506.0,2266.0,0.0,3102.0,3102.0,1592.0,674.0,1849.0,657.0
2.0,5962.0,2345.0,2271.0,576.0,4891.0,4891.0,1595.0,676.0,1519.0,826.0
2.0,4193.0,2118.0,2271.0,3102.0,3907.0,3907.0,1588.0,683.0,1261.0,857.0
2.0,5177.0,2058.0,2265.0,4891.0,1050.0,1050.0,1578.0,687.0,1339.0,719.0
2.0,8010.0,2204.0,2262.0,3907.0,0.0,0.0,1577.0,685.0,1663.0,541.0
2.0,9713.0,2422.0,2264.0,1050.0,715.0,715.0,1585.0,679.0,1921.0,501.0
2.0,8341.0,2492.0,2270.0,0.0,3231.0,3231.0,1595.0,675.0,1851.0,641.0
2.0,5849.0,2347.0,2275.0,715.0,4883.0,4883.0,1598.0,677.0,1526.0,821.0
2.0,4217.0,2137.0,2276.0,3231.0,3793.0,3793.0,1592.0,684.0,1278.0,859.0
2.0,5311.0,2090.0,2271.0,4883.0,980.0,980.0,1583.0,688.0,1360.0,730.0
2.0,8104.0,2235.0,2267.0,3793.0,0.0,0.0,1581.0,686.0,1682.0,553.0
2.0,9662.0,2437.0,2268.0,980.0,867.0,867.0,1588.0,680.0,1929.0,508.0
2.0,8205.0,2493.0,2274.0,0.0,3384.0,3384.0,1598.0,676.0,1849.0,644.0
2.0,5712.0,2352.0,2279.0,867.0,4889.0,4889.0,1601.0,678.0,1526.0,826.0
2.0,4227.0,2158.0,2278.0,3384.0,3659.0,3659.0,1594.0,684.0,1286.0,872.0
2.0,5453.0,2103.0,2274.0,4889.0,857.0,857.0,1585.0,689.0,1366.0,737.0
2.0,8239.0,2229.0,2270.0,3659.0,0.0,0.0,1583.0,687.0,1677.0,552.0
2.0,9669.0,2412.0,2272.0,857.0,974.0,974.0,1591.0,681.0,1910.0,502.0
2.0,8114.0,2464.0,2278.0,0.0,3462.0,3462.0,1601.0,677.0,1830.0,634.0
2.0,5650.0,2345.0,2283.0,974.0,4853.0,4853.0,1604.0,679.0,1522.0,823.0
2.0,4279.0,2162.0,2283.0,3462.0,3553.0,3553.0,1597.0,686.0,1289.0,873.0
2.0,5579.0,2107.0,2279.0,4853.0,791.0,791.0,1588.0,691.0,1371.0,736.0
2.0,8325.0,2238.0,2274.0,3553.0,0.0,0.0,1586.0,688.0,1690.0,548.0
2.0,9640.0,2430.0,2275.0,791.0,1099.0,1099.0,1593.0,682.0,1929.0,501.0
2.0,8001.0,2484.0,2281.0,0.0,3607.0,3607.0,1603.0,678.0,1838.0,646.0
2.0,5517.0,2364.0,2286.0,1099.0,4892.0,4892.0,1606.0,680.0,1528.0,836.0
2.0,4252.0,2187.0,2287.0,3607.0,3476.0,3476.0,1600.0,687.0,1306.0,881.0
2.0,5672.0,2128.0,2281.0,4892.0,688.0,688.0,1590.0,691.0,1394.0,734.0
2.0,8436.0,2249.0,2277.0,3476.0,0.0,0.0,1588.0,689.0,1704.0,545.0
2.0,9663.0,2419.0,2279.0,688.0,1184.0,1184.0,1596.0,683.0,1918.0,501.0
2.0,7932.0,2470.0,2285.0,0.0,3678.0,3678.0,1606.0,679.0,1823.0,647.0
2.0,5462.0,2343.0,2292.0,1184.0,4865.0,4865.0,1610.0,682.0,1508.0,835.0
2.0,4303.0,2162.0,2291.0,3678.0,3345.0,3345.0,1603.0,688.0,1291.0,871.0
2.0,5819.0,2114.0,2286.0,4865.0,574.0,574.0,1593.0,693.0,1391.0,723.0
2.0,8570.0,2254.0,2281.0,3345.0,0.0,0.0,1591.0,690.0,1712.0,542.0
2.0,9661.0,2449.0,2283.0,574.0,1346.0,1346.0,1599.0,684.0,1935.0,514.0
2.0,7786.0,2498.0,2290.0,0.0,3872.0,3872.0,1609.0,681.0,1830.0,668.0
2.0,5288.0,2369.0,2295.0,1346.0,4915.0,4915.0,1612.0,683.0,1516.0,853.0
2.0,4265.0,2180.0,2295.0,3872.0,3223.0,3223.0,1605.0,690.0,1302.0,878.0
2.0,5957.0,2138.0,2289.0,4915.0,422.0,422.0,1595.0,694.0,1413.0,725.0
2.0,8734.0,2256.0,2285.0,3223.0,0.0,0.0,1593.0,692.0,1717.0,539.0
2.0,9701.0,2442.0,2287.0,422.0,1467.0,1467.0,1601.0,686.0,1933.0,509.0
2.0,7681.0,2483.0,2294.0,0.0,3978.0,3978.0,1612.0,682.0,1826.0,657.0
2.0,5198.0,2354.0,2300.0,1467.0,4889.0,4889.0,1616.0,684.0,1514.0,840.0
2.0,4311.0,2164.0,2300.0,3978.0,3075.0,3075.0,1609.0,691.0,1293.0,871.0
2.0,6125.0,2121.0,2294.0,4889.0,283.0,283.0,1599.0,695.0,1398.0,723.0
2.0,8893.0,2270.0,2290.0,3075.0,0.0,0.0,1597.0,693.0,1727.0,543.0
2.0,9698.0,2452.0,2292.0,283.0,1639.0,1639.0,1605.0,687.0,1941.0,511.0
2.0,7529.0,2486.0,2298.0,0.0,4149.0,4149.0,1615.0,683.0,1828.0,658.0
2.0,5043.0,2350.0,2303.0,1639.0,4880.0,4880.0,1618.0,685.0,1505.0,845.0
2.0,4332.0,2188.0,2303.0,4149.0,2919.0,2919.0,1611.0,692.0,1302.0,886.0
2.0,6293.0,2162.0,2297.0,4880.0,177.0,177.0,1601.0,696.0,1425.0,737.0
2.0,9011.0,2307.0,2293.0,2919.0,0.0,0.0,1599.0,694.0,1758.0,549.0
2.0,9623.0,2473.0,2296.0,177.0,1857.0,1857.0,1608.0,688.0,1962.0,511.0
2.0,7327.0,2485.0,2302.0,0.0,4366.0,4366.0,1618.0,684.0,1829.0,656.0
2.0,4842.0,2338.0,2308.0,1857.0,4871.0,4871.0,1622.0,686.0,1496.0,842.0
2.0,4361.0,2173.0,2307.0,4366.0,2674.0,2674.0,1614.0,693.0,1289.0,884.0
2.0,6554.0,2155.0,2302.0,4871.0,0.0,0.0,1605.0,697.0,1417.0,738.0
2.0,9270.0,2280.0,2297.0,2674.0,0.0,0.0,1602.0,695.0,1733.0,547.0
2.0,9664.0,2429.0,2299.0,0.0,1961.0,1961.0,1610.0,689.0,1928.0,501.0
2.0,7235.0,2464.0,2305.0,0.0,4449.0,4449.0,1620.0,685.0,1813.0,651.0
2.0,4771.0,2348.0,2311.0,1961.0,4860.0,4860.0,1623.0,688.0,1504.0,844.0
2.0,4384.0,2216.0,2310.0,4449.0,2623.0,2623.0,1616.0,694.0,1327.0,889.0
2.0,6617.0,2202.0,2305.0,4860.0,0.0,0.0,1607.0,698.0,1458.0,744.0
2.0,9275.0,2328.0,2303.0,2623.0,0.0,0.0,1606.0,697.0,1774.0,554.0
2.0,9570.0,2474.0,2305.0,0.0,2124.0,2124.0,1614.0,691.0,1966.0,508.0
2.0,7096.0,2472.0,2311.0,0.0,4620.0,4620.0,1625.0,686.0,1823.0,649.0
2.0,4624.0,2326.0,2315.0,2124.0,4838.0,4838.0,1627.0,688.0,1491.0,835.0
2.0,4422.0,2176.0,2315.0,4620.0,2394.0,2394.0,1620.0,695.0,1294.0,882.0
2.0,6866.0,2172.0,2309.0,4838.0,0.0,0.0,1610.0,699.0,1434.0,738.0
2.0,9532.0,2303.0,2307.0,2394.0,0.0,0.0,1609.0,698.0,1754.0,549.0
2.0,9623.0,2448.0,2308.0,0.0,2057.0,2057.0,1617.0,691.0,1944.0,504.0
2.0,7175.0,2460.0,2314.0,0.0,4541.0,4541.0,1627.0,687.0,1806.0,654.0
2.0,4715.0,2332.0,2318.0,2057.0,4832.0,4832.0,1629.0,689.0,1483.0,849.0
2.0,4440.0,2199.0,2318.0,4541.0,2490.0,2490.0,1622.0,696.0,1305.0,894.0
2.0,6782.0,2203.0,2314.0,4832.0,0.0,0.0,1613.0,701.0,1458.0,745.0
2.0,9411.0,2361.0,2311.0,2490.0,0.0,0.0,1612.0,699.0,1801.0,560.0
2.0,9540.0,2502.0,2314.0,0.0,2218.0,2218.0,1621.0,693.0,1984.0,518.0
2.0,7038.0,2495.0,2320.0,0.0,4737.0,4737.0,1631.0,689.0,1833.0,662.0
2.0,4543.0,2341.0,2324.0,2218.0,4876.0,4876.0,1633.0,691.0,1496.0,845.0
2.0,4420.0,2179.0,2322.0,4737.0,2310.0,2310.0,1625.0,697.0,1298.0,881.0
2.0,6978.0,2178.0,2318.0,4876.0,0.0,0.0,1616.0,702.0,1439.0,739.0
2.0,9676.0,2310.0,2315.0,2310.0,0.0,0.0,1615.0,700.0,1757.0,553.0
2.0,9676.0,2450.0,2317.0,0.0,2042.0,2042.0,1623.0,694.0,1941.0,509.0
2.0,7226.0,2445.0,2323.0,0.0,4511.0,4511.0,1633.0,690.0,1793.0,652.0
2.0,4781.0,2326.0,2326.0,2042.0,4807.0,4807.0,1634.0,692.0,1485.0,841.0
2.0,4497.0,2196.0,2325.0,4511.0,2488.0,2488.0,1627.0,698.0,1313.0,883.0
2.0,6812.0,2213.0,2321.0,4807.0,0.0,0.0,1618.0,703.0,1469.0,744.0
2.0,9406.0,2356.0,2318.0,2488.0,0.0,0.0,1617.0,701.0,1794.0,562.0
2.0,9538.0,2502.0,2320.0,0.0,2244.0,2244.0,1626.0,694.0,1980.0,522.0
2.0,7036.0,2517.0,2327.0,0.0,4789.0,4789.0,1637.0,690.0,1848.0,669.0
2.0,4519.0,2358.0,2331.0,2244.0,4919.0,4919.0,1638.0,693.0,1505.0,853.0
2.0,4405.0,2201.0,2330.0,4789.0,2327.0,2327.0,1630.0,700.0,1311.0,890.0
2.0,6993.0,2184.0,2325.0,4919.0,0.0,0.0,1621.0,704.0,1438.0,746.0
2.0,9728.0,2314.0,2322.0,2327.0,0.0,0.0,1620.0,702.0,1756.0,558.0
2.0,9741.0,2467.0,2324.0,0.0,2022.0,2022.0,1628.0,696.0,1954.0,513.0
2.0,7274.0,2485.0,2330.0,0.0,4531.0,4531.0,1638.0,692.0,1826.0,659.0
2.0,4789.0,2349.0,2334.0,2022.0,4874.0,4874.0,1640.0,694.0,1501.0,848.0
2.0,4462.0,2207.0,2333.0,4531.0,2546.0,2546.0,1632.0,701.0,1320.0,887.0
2.0,6786.0,2197.0,2328.0,4874.0,0.0,0.0,1623.0,705.0,1452.0,745.0
2.0,9463.0,2346.0,2326.0,2546.0,0.0,0.0,1622.0,704.0,1783.0,563.0
2.0,9663.0,2491.0,2328.0,0.0,2140.0,2140.0,1631.0,697.0,1971.0,520.0
2.0,7172.0,2512.0,2335.0,0.0,4680.0,4680.0,1642.0,693.0,1843.0,669.0
2.0,4660.0,2389.0,2340.0,2140.0,4949.0,4949.0,1644.0,696.0,1531.0,858.0
2.0,4411.0,2230.0,2338.0,4680.0,2491.0,2491.0,1636.0,702.0,1336.0,894.0
2.0,6861.0,2198.0,2333.0,4949.0,0.0,0.0,1626.0,707.0,1455.0,743.0
2.0,9612.0,2316.0,2329.0,2491.0,0.0,0.0,1624.0,705.0,1762.0,554.0
2.0,9787.0,2456.0,2331.0,0.0,1993.0,1993.0,1633.0,698.0,1945.0,511.0
2.0,7331.0,2473.0,2337.0,0.0,4490.0,4490.0,1643.0,694.0,1813.0,660.0
2.0,4858.0,2353.0,2341.0,1993.0,4866.0,4866.0,1645.0,696.0,1504.0,849.0
2.0,4498.0,2228.0,2340.0,4490.0,2600.0,2600.0,1637.0,703.0,1337.0,891.0
2.0,6760.0,2223.0,2336.0,4866.0,0.0,0.0,1629.0,707.0,1479.0,744.0
2.0,9403.0,2349.0,2334.0,2600.0,0.0,0.0,1628.0,706.0,1788.0,561.0
2.0,9654.0,2490.0,2336.0,0.0,2180.0,2180.0,1637.0,699.0,1971.0,519.0
2.0,7164.0,2508.0,2342.0,0.0,4712.0,4712.0,1647.0,695.0,1840.0,668.0
2.0,4656.0,2389.0,2345.0,2180.0,4933.0,4933.0,1648.0,697.0,1530.0,859.0
2.0,4447.0,2250.0,2344.0,4712.0,2467.0,2467.0,1640.0,704.0,1345.0,905.0
2.0,6909.0,2229.0,2339.0,4933.0,0.0,0.0,1630.0,709.0,1464.0,765.0
2.0,9613.0,2345.0,2338.0,2467.0,0.0,0.0,1630.0,708.0,1775.0,570.0
2.0,9735.0,2479.0,2340.0,0.0,2104.0,2104.0,1639.0,701.0,1968.0,511.0
2.0,7256.0,2482.0,2346.0,0.0,4610.0,4610.0,1649.0,697.0,1835.0,647.0
2.0,4774.0,2351.0,2349.0,2104.0,4869.0,4869.0,1650.0,699.0,1506.0,845.0
2.0,4527.0,2210.0,2348.0,4610.0,2465.0,2465.0,1642.0,706.0,1311.0,899.0
2.0,6927.0,2204.0,2342.0,4869.0,0.0,0.0,1632.0,710.0,1449.0,755.0
2.0,9592.0,2350.0,2341.0,2465.0,0.0,0.0,1632.0,709.0,1792.0,558.0
2.0,9707.0,2500.0,2344.0,0.0,2169.0,2169.0,1642.0,702.0,1993.0,507.0
2.0,7207.0,2520.0,2350.0,0.0,4713.0,4713.0,1653.0,697.0,1866.0,654.0
2.0,4687.0,2378.0,2354.0,2169.0,4938.0,4938.0,1654.0,700.0,1522.0,856.0
2.0,4478.0,2235.0,2351.0,4713.0,2448.0,2448.0,1645.0,706.0,1323.0,912.0
2.0,6956.0,2223.0,2346.0,4938.0,0.0,0.0,1635.0,711.0,1453.0,770.0
2.0,9671.0,2362.0,2343.0,2448.0,0.0,0.0,1634.0,709.0,1787.0,575.0
2.0,9757.0,2503.0,2346.0,0.0,2130.0,2130.0,1643.0,703.0,1985.0,518.0
2.0,7254.0,2506.0,2353.0,0.0,4664.0,4664.0,1654.0,699.0,1856.0,650.0
2.0,4748.0,2363.0,2356.0,2130.0,4909.0,4909.0,1655.0,701.0,1523.0,840.0
2.0,4515.0,2221.0,2354.0,4664.0,2458.0,2458.0,1647.0,707.0,1317.0,904.0
2.0,6958.0,2235.0,2351.0,4909.0,0.0,0.0,1638.0,713.0,1458.0,777.0
2.0,9632.0,2389.0,2349.0,2458.0,0.0,0.0,1638.0,711.0,1805.0,584.0
2.0,9701.0,2525.0,2353.0,0.0,2236.0,2236.0,1648.0,705.0,2004.0,521.0
2.0,7176.0,2496.0,2359.0,0.0,4756.0,4756.0,1658.0,701.0,1850.0,646.0
2.0,4680.0,2342.0,2361.0,2236.0,4870.0,4870.0,1659.0,702.0,1507.0,835.0
2.0,4574.0,2216.0,2359.0,4756.0,2322.0,2322.0,1650.0,709.0,1316.0,900.0
2.0,7114.0,2269.0,2354.0,4870.0,0.0,0.0,1640.0,714.0,1488.0,781.0
2.0,9715.0,2429.0,2352.0,2322.0,0.0,0.0,1640.0,712.0,1831.0,598.0
2.0,9608.0,2546.0,2356.0,0.0,2362.0,2362.0,1650.0,706.0,2014.0,532.0
2.0,7062.0,2495.0,2362.0,0.0,4881.0,4881.0,1660.0,702.0,1849.0,646.0
2.0,4567.0,2324.0,2364.0,2362.0,4851.0,4851.0,1661.0,703.0,1498.0,826.0
2.0,4605.0,2198.0,2362.0,4881.0,2160.0,2160.0,1653.0,709.0,1311.0,887.0
2.0,7288.0,2241.0,2357.0,4851.0,0.0,0.0,1643.0,714.0,1469.0,772.0
2.0,9898.0,2411.0,2356.0,2160.0,0.0,0.0,1643.0,713.0,1820.0,591.0
2.0,9647.0,2552.0,2360.0,0.0,2345.0,2345.0,1653.0,707.0,2018.0,534.0
2.0,7095.0,2510.0,2367.0,0.0,4883.0,4883.0,1664.0,703.0,1854.0,656.0
2.0,4585.0,2332.0,2368.0,2345.0,4874.0,4874.0,1664.0,704.0,1496.0,836.0
2.0,4598.0,2208.0,2366.0,4883.0,2191.0,2191.0,1655.0,711.0,1311.0,897.0
2.0,7273.0,2263.0,2362.0,4874.0,0.0,0.0,1646.0,716.0,1481.0,782.0
2.0,9884.0,2439.0,2361.0,2191.0,0.0,0.0,1646.0,715.0,1837.0,602.0
2.0,9636.0,2579.0,2364.0,0.0,2399.0,2399.0,1655.0,709.0,2033.0,546.0
2.0,7057.0,2533.0,2370.0,0.0,4956.0,4956.0,1666.0,704.0,1866.0,667.0
2.0,4524.0,2346.0,2373.0,2399.0,4915.0,4915.0,1667.0,706.0,1505.0,841.0
2.0,4577.0,2199.0,2371.0,4956.0,2150.0,2150.0,1658.0,713.0,1305.0,894.0
2.0,7334.0,2239.0,2367.0,4915.0,0.0,0.0,1649.0,718.0,1470.0,769.0
2.0,10010.0,2417.0,2365.0,2150.0,0.0,0.0,1649.0,716.0,1830.0,587.0
2.0,9743.0,2555.0,2369.0,0.0,2288.0,2288.0,1659.0,710.0,2025.0,530.0
2.0,7188.0,2518.0,2375.0,0.0,4830.0,4830.0,1669.0,706.0,1860.0,658.0
2.0,4670.0,2339.0,2376.0,2288.0,4885.0,4885.0,1669.0,707.0,1501.0,838.0
2.0,4619.0,2195.0,2374.0,4830.0,2242.0,2242.0,1660.0,714.0,1305.0,890.0
2.0,7254.0,2240.0,2369.0,4885.0,0.0,0.0,1651.0,718.0,1475.0,765.0
2.0,9899.0,2440.0,2368.0,2242.0,0.0,0.0,1651.0,717.0,1847.0,593.0
2.0,9701.0,2603.0,2372.0,0.0,2390.0,2390.0,1661.0,711.0,2052.0,551.0
2.0,7098.0,2562.0,2378.0,0.0,4976.0,4976.0,1671.0,707.0,1887.0,675.0
2.0,4536.0,2362.0,2380.0,2390.0,4956.0,4956.0,1672.0,708.0,1518.0,844.0
2.0,4564.0,2208.0,2377.0,4976.0,2176.0,2176.0,1663.0,714.0,1316.0,892.0
2.0,7332.0,2246.0,2373.0,4956.0,0.0,0.0,1654.0,719.0,1477.0,769.0
2.0,10042.0,2441.0,2372.0,2176.0,0.0,0.0,1654.0,718.0,1838.0,603.0
2.0,9777.0,2592.0,2377.0,0.0,2323.0,2323.0,1664.0,713.0,2040.0,552.0
2.0,7185.0,2541.0,2383.0,0.0,4888.0,4888.0,1675.0,708.0,1875.0,666.0
2.0,4644.0,2322.0,2386.0,2323.0,4899.0,4899.0,1676.0,710.0,1495.0,827.0
2.0,4645.0,2167.0,2382.0,4888.0,2162.0,2162.0,1666.0,716.0,1287.0,880.0
2.0,7366.0,2231.0,2377.0,4899.0,0.0,0.0,1656.0,721.0,1461.0,770.0
2.0,10034.0,2453.0,2376.0,2162.0,0.0,0.0,1656.0,720.0,1845.0,608.0
2.0,9743.0,2633.0,2380.0,0.0,2410.0,2410.0,1666.0,714.0,2075.0,558.0
2.0,7110.0,2589.0,2388.0,0.0,5031.0,5031.0,1678.0,710.0,1913.0,676.0
2.0,4521.0,2379.0,2390.0,2410.0,5008.0,5008.0,1679.0,711.0,1537.0,842.0
2.0,4552.0,2201.0,2387.0,5031.0,2166.0,2166.0,1670.0,717.0,1317.0,884.0
2.0,7382.0,2243.0,2383.0,5008.0,0.0,0.0,1661.0,722.0,1480.0,763.0
2.0,10147.0,2445.0,2381.0,2166.0,0.0,0.0,1660.0,721.0,1848.0,597.0
2.0,9868.0,2609.0,2386.0,0.0,2285.0,2285.0,1671.0,715.0,2055.0,554.0
2.0,7259.0,2562.0,2392.0,0.0,4871.0,4871.0,1681.0,711.0,1882.0,680.0
2.0,4697.0,2350.0,2394.0,2285.0,4944.0,4944.0,1682.0,712.0,1508.0,842.0
2.0,4632.0,2171.0,2391.0,4871.0,2232.0,2232.0,1673.0,718.0,1295.0,876.0
2.0,7332.0,2209.0,2384.0,4944.0,0.0,0.0,1662.0,722.0,1460.0,749.0
2.0,10067.0,2438.0,2383.0,2232.0,0.0,0.0,1662.0,721.0,1842.0,596.0
2.0,9861.0,2641.0,2389.0,0.0,2336.0,2336.0,1673.0,716.0,2069.0,572.0
2.0,7220.0,2619.0,2396.0,0.0,4983.0,4983.0,1684.0,712.0,1915.0,704.0
2.0,4601.0,2398.0,2399.0,2336.0,5057.0,5057.0,1685.0,714.0,1538.0,860.0
2.0,4539.0,2203.0,2395.0,4983.0,2261.0,2261.0,1675.0,720.0,1318.0,885.0
2.0,7319.0,2225.0,2389.0,5057.0,0.0,0.0,1665.0,724.0,1474.0,751.0
2.0,10151.0,2444.0,2388.0,2261.0,0.0,0.0,1665.0,723.0,1849.0,595.0
2.0,9968.0,2639.0,2394.0,0.0,2247.0,2247.0,1676.0,718.0,2070.0,569.0
2.0,7329.0,2609.0,2402.0,0.0,4888.0,4888.0,1688.0,714.0,1909.0,700.0
2.0,4720.0,2368.0,2404.0,2247.0,5017.0,5017.0,1688.0,716.0,1516.0,852.0
2.0,4599.0,2161.0,2399.0,4888.0,2270.0,2270.0,1678.0,721.0,1287.0,874.0
2.0,7326.0,2181.0,2392.0,5017.0,0.0,0.0,1667.0,725.0,1445.0,736.0
2.0,10162.0,2410.0,2391.0,2270.0,0.0,0.0,1667.0,724.0,1833.0,577.0
2.0,10022.0,2630.0,2396.0,0.0,2192.0,2192.0,1678.0,718.0,2071.0,559.0
2.0,7392.0,2648.0,2405.0,0.0,4876.0,4876.0,1690.0,715.0,1940.0,708.0
2.0,4744.0,2450.0,2408.0,2192.0,5146.0,5146.0,1692.0,716.0,1571.0,879.0
2.0,4486.0,2242.0,2404.0,4876.0,2496.0,2496.0,1682.0,722.0,1336.0,906.0
2.0,7120.0,2222.0,2397.0,5146.0,0.0,0.0,1671.0,726.0,1470.0,752.0
2.0,10044.0,2426.0,2396.0,2496.0,0.0,0.0,1671.0,725.0,1848.0,578.0
2.0,10114.0,2631.0,2401.0,0.0,2121.0,2121.0,1682.0,719.0,2077.0,554.0
2.0,7483.0,2635.0,2409.0,0.0,4788.0,4788.0,1694.0,715.0,1930.0,705.0
2.0,4848.0,2417.0,2412.0,2121.0,5096.0,5096.0,1695.0,717.0,1542.0,875.0
2.0,4552.0,2196.0,2408.0,4788.0,2488.0,2488.0,1685.0,723.0,1297.0,899.0
2.0,7144.0,2193.0,2402.0,5096.0,0.0,0.0,1674.0,728.0,1442.0,751.0
2.0,10047.0,2401.0,2399.0,2488.0,0.0,0.0,1673.0,726.0,1828.0,573.0
2.0,10134.0,2624.0,2404.0,0.0,2106.0,2106.0,1684.0,720.0,2078.0,546.0
2.0,7510.0,2651.0,2414.0,0.0,4797.0,4797.0,1697.0,717.0,1947.0,704.0
2.0,4859.0,2460.0,2418.0,2106.0,5167.0,5167.0,1699.0,719.0,1573.0,887.0
2.0,4505.0,2251.0,2414.0,4797.0,2605.0,2605.0,1689.0,725.0,1338.0,913.0
2.0,7051.0,2235.0,2407.0,5167.0,0.0,0.0,1678.0,729.0,1478.0,757.0
2.0,9983.0,2432.0,2404.0,2605.0,0.0,0.0,1677.0,727.0,1857.0,575.0
2.0,10156.0,2639.0,2410.0,0.0,2123.0,2123.0,1688.0,722.0,2091.0,548.0
2.0,7517.0,2631.0,2418.0,0.0,4786.0,4786.0,1700.0,718.0,1930.0,701.0
2.0,4886.0,2424.0,2421.0,2123.0,5099.0,5099.0,1701.0,720.0,1542.0,882.0
2.0,4585.0,2214.0,2417.0,4786.0,2511.0,2511.0,1691.0,726.0,1308.0,906.0
2.0,7157.0,2212.0,2410.0,5099.0,0.0,0.0,1680.0,730.0,1462.0,750.0
2.0,10044.0,2413.0,2407.0,2511.0,0.0,0.0,1679.0,728.0,1843.0,570.0
2.0,10142.0,2629.0,2413.0,0.0,2139.0,2139.0,1690.0,723.0,2079.0,550.0
2.0,7513.0,2644.0,2422.0,0.0,4819.0,4819.0,1703.0,719.0,1935.0,709.0
2.0,4869.0,2430.0,2427.0,2139.0,5130.0,5130.0,1705.0,722.0,1545.0,885.0
2.0,4578.0,2223.0,2421.0,4819.0,2510.0,2510.0,1694.0,727.0,1317.0,906.0
2.0,7174.0,2233.0,2414.0,5130.0,0.0,0.0,1683.0,731.0,1478.0,755.0
2.0,10071.0,2459.0,2411.0,2510.0,0.0,0.0,1682.0,729.0,1876.0,583.0
2.0,10122.0,2668.0,2417.0,0.0,2214.0,2214.0,1693.0,724.0,2105.0,563.0
2.0,7454.0,2657.0,2426.0,0.0,4907.0,4907.0,1705.0,721.0,1940.0,717.0
2.0,4797.0,2434.0,2429.0,2214.0,5139.0,5139.0,1706.0,723.0,1551.0,883.0
2.0,4577.0,2203.0,2425.0,4907.0,2419.0,2419.0,1696.0,729.0,1298.0,905.0
2.0,7281.0,2196.0,2417.0,5139.0,0.0,0.0,1684.0,733.0,1444.0,752.0
2.0,10224.0,2437.0,2415.0,2419.0,0.0,0.0,1684.0,731.0,1860.0,577.0
2.0,10206.0,2660.0,2420.0,0.0,2134.0,2134.0,1695.0,725.0,2108.0,552.0
2.0,7546.0,2660.0,2430.0,0.0,4834.0,4834.0,1708.0,722.0,1956.0,704.0
2.0,4886.0,2423.0,2434.0,2134.0,5139.0,5139.0,1710.0,724.0,1543.0,880.0
2.0,4597.0,2203.0,2429.0,4834.0,2488.0,2488.0,1699.0,730.0,1299.0,904.0
2.0,7228.0,2218.0,2422.0,5139.0,0.0,0.0,1688.0,734.0,1464.0,754.0
2.0,10149.0,2464.0,2418.0,2488.0,0.0,0.0,1687.0,731.0,1884.0,580.0
2.0,10173.0,2693.0,2424.0,0.0,2216.0,2216.0,1698.0,726.0,2136.0,557.0
2.0,7480.0,2696.0,2433.0,0.0,4948.0,4948.0,1711.0,722.0,1982.0,714.0
2.0,4784.0,2455.0,2438.0,2216.0,5207.0,5207.0,1713.0,725.0,1559.0,896.0
2.0,4545.0,2199.0,2433.0,4948.0,2438.0,2438.0,1702.0,731.0,1284.0,915.0
2.0,7294.0,2194.0,2425.0,5207.0,0.0,0.0,1690.0,735.0,1438.0,756.0
2.0,10307.0,2441.0,2422.0,2438.0,0.0,0.0,1689.0,733.0,1862.0,579.0
2.0,10304.0,2692.0,2428.0,0.0,2100.0,2100.0,1701.0,727.0,2135.0,557.0
2.0,7612.0,2691.0,2438.0,0.0,4831.0,4831.0,1714.0,724.0,1979.0,712.0
2.0,4921.0,2446.0,2443.0,2100.0,5197.0,5197.0,1716.0,727.0,1558.0,888.0
2.0,4575.0,2202.0,2439.0,4831.0,2552.0,2552.0,1706.0,733.0,1293.0,909.0
2.0,7204.0,2206.0,2431.0,5197.0,0.0,0.0,1694.0,737.0,1446.0,760.0
2.0,10195.0,2458.0,2428.0,2552.0,0.0,0.0,1693.0,735.0,1873.0,585.0
2.0,10289.0,2707.0,2432.0,0.0,2146.0,2146.0,1704.0,728.0,2148.0,559.0
2.0,7582.0,2693.0,2441.0,0.0,4875.0,4875.0,1716.0,725.0,1984.0,709.0
2.0,4889.0,2451.0,2445.0,2146.0,5196.0,5196.0,1718.0,727.0,1562.0,889.0
2.0,4584.0,2230.0,2442.0,4875.0,2539.0,2539.0,1708.0,734.0,1309.0,921.0
2.0,7229.0,2246.0,2434.0,5196.0,0.0,0.0,1696.0,738.0,1474.0,772.0
2.0,10179.0,2467.0,2431.0,2539.0,0.0,0.0,1695.0,736.0,1884.0,583.0
2.0,10251.0,2673.0,2435.0,0.0,2162.0,2162.0,1706.0,729.0,2129.0,544.0
2.0,7578.0,2657.0,2444.0,0.0,4855.0,4855.0,1719.0,725.0,1959.0,698.0
2.0,4921.0,2441.0,2449.0,2162.0,5154.0,5154.0,1721.0,728.0,1554.0,887.0
2.0,4642.0,2236.0,2446.0,4855.0,2523.0,2523.0,1711.0,735.0,1313.0,923.0
2.0,7261.0,2256.0,2439.0,5154.0,0.0,0.0,1700.0,739.0,1481.0,775.0
2.0,10159.0,2472.0,2436.0,2523.0,0.0,0.0,1699.0,737.0,1885.0,587.0
2.0,10210.0,2680.0,2440.0,0.0,2230.0,2230.0,1709.0,731.0,2129.0,551.0
2.0,7530.0,2676.0,2448.0,0.0,4938.0,4938.0,1722.0,726.0,1975.0,701.0
2.0,4854.0,2465.0,2452.0,2230.0,5189.0,5189.0,1723.0,729.0,1575.0,890.0
2.0,4619.0,2266.0,2449.0,4938.0,2505.0,2505.0,1713.0,736.0,1331.0,935.0
2.0,7291.0,2266.0,2442.0,5189.0,0.0,0.0,1702.0,740.0,1483.0,783.0
2.0,10214.0,2482.0,2439.0,2505.0,0.0,0.0,1701.0,738.0,1892.0,590.0
2.0,10237.0,2681.0,2444.0,0.0,2220.0,2220.0,1712.0,732.0,2135.0,546.0
2.0,7556.0,2669.0,2453.0,0.0,4925.0,4925.0,1725.0,728.0,1975.0,694.0
2.0,4887.0,2454.0,2457.0,2220.0,5175.0,5175.0,1727.0,730.0,1566.0,888.0
2.0,4653.0,2242.0,2454.0,4925.0,2480.0,2480.0,1717.0,737.0,1312.0,930.0
2.0,7336.0,2249.0,2447.0,5175.0,0.0,0.0,1705.0,742.0,1468.0,781.0
2.0,10262.0,2454.0,2443.0,2480.0,0.0,0.0,1704.0,739.0,1866.0,588.0
2.0,10288.0,2665.0,2448.0,0.0,2169.0,2169.0,1715.0,733.0,2120.0,545.0
2.0,7623.0,2676.0,2457.0,0.0,4881.0,4881.0,1728.0,729.0,1978.0,698.0
2.0,4947.0,2478.0,2462.0,2169.0,5210.0,5210.0,1730.0,732.0,1586.0,892.0
2.0,4638.0,2280.0,2458.0,4881.0,2593.0,2593.0,1720.0,738.0,1344.0,936.0
2.0,7239.0,2282.0,2451.0,5210.0,0.0,0.0,1708.0,743.0,1495.0,787.0
2.0,10167.0,2491.0,2447.0,2593.0,0.0,0.0,1707.0,740.0,1892.0,599.0
2.0,10269.0,2694.0,2452.0,0.0,2233.0,2233.0,1718.0,734.0,2139.0,555.0
2.0,7575.0,2695.0,2462.0,0.0,4968.0,4968.0,1732.0,730.0,1994.0,701.0
2.0,4880.0,2473.0,2467.0,2233.0,5228.0,5228.0,1734.0,733.0,1587.0,886.0
2.0,4640.0,2249.0,2463.0,4968.0,2493.0,2493.0,1724.0,739.0,1322.0,927.0
2.0,7359.0,2246.0,2456.0,5228.0,0.0,0.0,1712.0,744.0,1466.0,780.0
2.0,10341.0,2471.0,2452.0,2493.0,0.0,0.0,1710.0,742.0,1872.0,599.0
2.0,10363.0,2688.0,2457.0,0.0,2153.0,2153.0,1721.0,736.0,2129.0,559.0
2.0,7675.0,2673.0,2466.0,0.0,4862.0,4862.0,1734.0,732.0,1976.0,697.0
2.0,5002.0,2453.0,2470.0,2153.0,5178.0,5178.0,1736.0,734.0,1576.0,877.0
2.0,4702.0,2249.0,2467.0,4862.0,2553.0,2553.0,1726.0,741.0,1329.0,920.0
2.0,7315.0,2275.0,2458.0,5178.0,0.0,0.0,1713.0,745.0,1487.0,788.0
2.0,10218.0,2515.0,2455.0,2553.0,0.0,0.0,1712.0,743.0,1902.0,613.0
2.0,10256.0,2738.0,2460.0,0.0,2322.0,2322.0,1723.0,737.0,2168.0,570.0
2.0,7518.0,2719.0,2471.0,0.0,5085.0,5085.0,1738.0,733.0,2019.0,700.0
2.0,4799.0,2465.0,2476.0,2322.0,5248.0,5248.0,1741.0,735.0,1593.0,872.0
2.0,4656.0,2228.0,2471.0,5085.0,2371.0,2371.0,1730.0,741.0,1317.0,911.0
2.0,7513.0,2227.0,2463.0,5248.0,0.0,0.0,1717.0,746.0,1447.0,780.0
2.0,10534.0,2471.0,2459.0,2371.0,0.0,0.0,1715.0,744.0,1859.0,612.0
2.0,10434.0,2708.0,2464.0,0.0,2130.0,2130.0,1726.0,738.0,2134.0,574.0
2.0,7726.0,2708.0,2473.0,0.0,4874.0,4874.0,1739.0,734.0,2003.0,705.0
2.0,5018.0,2477.0,2478.0,2130.0,5241.0,5241.0,1742.0,736.0,1602.0,875.0
2.0,4671.0,2249.0,2474.0,4874.0,2600.0,2600.0,1732.0,742.0,1330.0,919.0
2.0,7296.0,2253.0,2465.0,5241.0,0.0,0.0,1718.0,747.0,1455.0,798.0
2.0,10284.0,2506.0,2461.0,2600.0,0.0,0.0,1716.0,745.0,1877.0,629.0
2.0,10378.0,2758.0,2468.0,0.0,2252.0,2252.0,1728.0,740.0,2175.0,583.0
2.0,7620.0,2766.0,2478.0,0.0,5058.0,5058.0,1743.0,735.0,2061.0,705.0
2.0,4854.0,2521.0,2483.0,2252.0,5347.0,5347.0,1746.0,737.0,1646.0,875.0
2.0,4585.0,2253.0,2479.0,5058.0,2526.0,2526.0,1735.0,744.0,1335.0,918.0
2.0,7390.0,2203.0,2470.0,5347.0,0.0,0.0,1722.0,748.0,1415.0,788.0
2.0,10534.0,2430.0,2466.0,2526.0,0.0,0.0,1719.0,747.0,1816.0,614.0
2.0,10630.0,2703.0,2471.0,0.0,1957.0,1957.0,1730.0,741.0,2133.0,570.0
2.0,7927.0,2746.0,2480.0,0.0,4739.0,4739.0,1744.0,736.0,2048.0,698.0
2.0,5181.0,2523.0,2486.0,1957.0,5329.0,5329.0,1748.0,738.0,1654.0,869.0
2.0,4615.0,2259.0,2482.0,4739.0,2833.0,2833.0,1737.0,745.0,1343.0,916.0
2.0,7095.0,2218.0,2473.0,5329.0,0.0,0.0,1724.0,749.0,1428.0,790.0
2.0,10206.0,2461.0,2469.0,2833.0,0.0,0.0,1721.0,748.0,1838.0,623.0
2.0,10578.0,2746.0,2474.0,0.0,2064.0,2064.0,1732.0,742.0,2162.0,584.0
2.0,7832.0,2805.0,2485.0,0.0,4913.0,4913.0,1747.0,738.0,2089.0,716.0
2.0,5027.0,2567.0,2490.0,2064.0,5436.0,5436.0,1751.0,739.0,1684.0,883.0
2.0,4524.0,2275.0,2486.0,4913.0,2782.0,2782.0,1740.0,746.0,1353.0,922.0
2.0,7162.0,2206.0,2478.0,5436.0,0.0,0.0,1727.0,751.0,1418.0,788.0
2.0,10392.0,2415.0,2472.0,2782.0,0.0,0.0,1723.0,749.0,1797.0,618.0
2.0,10759.0,2690.0,2477.0,0.0,1839.0,1839.0,1734.0,743.0,2113.0,577.0
2.0,8069.0,2761.0,2487.0,0.0,4640.0,4640.0,1748.0,739.0,2053.0,708.0
2.0,5308.0,2549.0,2493.0,1839.0,5374.0,5374.0,1752.0,741.0,1672.0,877.0
2.0,4598.0,2267.0,2489.0,4640.0,2985.0,2985.0,1742.0,747.0,1354.0,913.0
2.0,6971.0,2224.0,2480.0,5374.0,0.0,0.0,1729.0,751.0,1441.0,783.0
2.0,10121.0,2467.0,2476.0,2985.0,0.0,0.0,1726.0,750.0,1842.0,625.0
2.0,10639.0,2746.0,2481.0,0.0,2031.0,2031.0,1737.0,744.0,2153.0,593.0
2.0,7893.0,2793.0,2491.0,0.0,4864.0,4864.0,1751.0,740.0,2074.0,719.0
2.0,5100.0,2562.0,2497.0,2031.0,5419.0,5419.0,1755.0,742.0,1682.0,880.0
2.0,4569.0,2287.0,2493.0,4864.0,2826.0,2826.0,1745.0,748.0,1371.0,916.0
2.0,7146.0,2243.0,2485.0,5419.0,0.0,0.0,1732.0,753.0,1448.0,795.0
2.0,10322.0,2462.0,2479.0,2826.0,0.0,0.0,1728.0,751.0,1832.0,630.0
2.0,10686.0,2706.0,2484.0,0.0,1956.0,1956.0,1739.0,745.0,2126.0,580.0
2.0,7980.0,2725.0,2493.0,0.0,4717.0,4717.0,1752.0,741.0,2027.0,698.0
2.0,5255.0,2512.0,2499.0,1956.0,5297.0,5297.0,1756.0,743.0,1644.0,868.0
2.0,4699.0,2290.0,2495.0,4717.0,2854.0,2854.0,1746.0,749.0,1369.0,921.0
2.0,7126.0,2286.0,2488.0,5297.0,0.0,0.0,1734.0,754.0,1480.0,806.0
2.0,10137.0,2514.0,2484.0,2854.0,0.0,0.0,1732.0,752.0,1877.0,637.0
2.0,10477.0,2746.0,2490.0,0.0,2229.0,2229.0,1743.0,747.0,2162.0,584.0
2.0,7731.0,2762.0,2500.0,0.0,5031.0,5031.0,1757.0,743.0,2054.0,708.0
2.0,4969.0,2549.0,2505.0,2229.0,5371.0,5371.0,1760.0,745.0,1666.0,883.0
2.0,4649.0,2306.0,2501.0,5031.0,2630.0,2630.0,1750.0,751.0,1373.0,933.0
2.0,7374.0,2276.0,2492.0,5371.0,0.0,0.0,1737.0,755.0,1471.0,805.0
2.0,10469.0,2487.0,2488.0,2630.0,0.0,0.0,1734.0,754.0,1854.0,633.0
2.0,10612.0,2729.0,2492.0,0.0,2085.0,2085.0,1744.0,748.0,2148.0,581.0
2.0,7883.0,2746.0,2502.0,0.0,4871.0,4871.0,1758.0,744.0,2046.0,700.0
2.0,5137.0,2512.0,2508.0,2085.0,5322.0,5322.0,1762.0,746.0,1643.0,869.0
2.0,4710.0,2275.0,2504.0,4871.0,2710.0,2710.0,1752.0,752.0,1350.0,925.0
2.0,7306.0,2269.0,2495.0,5322.0,0.0,0.0,1739.0,756.0,1465.0,804.0
2.0,10359.0,2502.0,2492.0,2710.0,0.0,0.0,1737.0,755.0,1874.0,628.0
2.0,10567.0,2748.0,2497.0,0.0,2169.0,2169.0,1748.0,749.0,2174.0,574.0
2.0,7819.0,2772.0,2507.0,0.0,4981.0,4981.0,1762.0,745.0,2073.0,699.0
2.0,5047.0,2557.0,2513.0,2169.0,5393.0,5393.0,1766.0,747.0,1675.0,882.0
2.0,4659.0,2319.0,2510.0,4981.0,2719.0,2719.0,1757.0,753.0,1376.0,943.0
2.0,7321.0,2277.0,2500.0,5393.0,0.0,0.0,1743.0,757.0,1463.0,814.0
2.0,10437.0,2488.0,2495.0,2719.0,0.0,0.0,1739.0,756.0,1859.0,629.0
2.0,10668.0,2740.0,2499.0,0.0,2068.0,2068.0,1749.0,750.0,2158.0,582.0
2.0,7928.0,2773.0,2509.0,0.0,4881.0,4881.0,1763.0,746.0,2061.0,712.0
2.0,5155.0,2554.0,2516.0,2068.0,5395.0,5395.0,1768.0,748.0,1666.0,888.0
2.0,4669.0,2307.0,2513.0,4881.0,2809.0,2809.0,1759.0,754.0,1373.0,934.0
2.0,7243.0,2266.0,2505.0,5395.0,0.0,0.0,1746.0,759.0,1460.0,806.0
2.0,10372.0,2483.0,2500.0,2809.0,0.0,0.0,1743.0,757.0,1858.0,625.0
2.0,10698.0,2748.0,2505.0,0.0,2070.0,2070.0,1753.0,752.0,2172.0,576.0
2.0,7950.0,2790.0,2515.0,0.0,4900.0,4900.0,1767.0,748.0,2084.0,706.0
2.0,5160.0,2582.0,2522.0,2070.0,5440.0,5440.0,1772.0,750.0,1687.0,895.0
2.0,4648.0,2321.0,2519.0,4900.0,2849.0,2849.0,1763.0,756.0,1373.0,948.0
2.0,7227.0,2280.0,2510.0,5440.0,0.0,0.0,1750.0,760.0,1467.0,813.0
2.0,10387.0,2488.0,2503.0,2849.0,0.0,0.0,1745.0,758.0,1862.0,626.0
2.0,10748.0,2737.0,2507.0,0.0,2017.0,2017.0,1754.0,753.0,2158.0,579.0
2.0,8011.0,2781.0,2517.0,0.0,4838.0,4838.0,1768.0,749.0,2070.0,711.0
2.0,5230.0,2585.0,2525.0,2017.0,5438.0,5438.0,1774.0,751.0,1693.0,892.0
2.0,4662.0,2333.0,2523.0,4838.0,2925.0,2925.0,1766.0,757.0,1394.0,939.0
2.0,7167.0,2276.0,2514.0,5438.0,0.0,0.0,1753.0,761.0,1472.0,804.0
2.0,10329.0,2475.0,2509.0,2925.0,0.0,0.0,1750.0,759.0,1854.0,621.0
2.0,10779.0,2739.0,2513.0,0.0,2012.0,2012.0,1759.0,754.0,2160.0,579.0
2.0,8040.0,2791.0,2523.0,0.0,4843.0,4843.0,1773.0,750.0,2076.0,715.0
2.0,5249.0,2591.0,2530.0,2012.0,5450.0,5450.0,1778.0,752.0,1692.0,899.0
2.0,4670.0,2343.0,2527.0,4843.0,2938.0,2938.0,1769.0,758.0,1395.0,948.0
2.0,7170.0,2291.0,2519.0,5450.0,0.0,0.0,1756.0,763.0,1474.0,817.0
2.0,10329.0,2495.0,2513.0,2938.0,0.0,0.0,1752.0,761.0,1859.0,636.0
2.0,10772.0,2747.0,2516.0,0.0,2039.0,2039.0,1761.0,755.0,2162.0,585.0
2.0,8025.0,2807.0,2527.0,0.0,4890.0,4890.0,1775.0,752.0,2090.0,717.0
2.0,5218.0,2617.0,2534.0,2039.0,5496.0,5496.0,1780.0,754.0,1714.0,903.0
2.0,4640.0,2352.0,2532.0,4890.0,2950.0,2950.0,1772.0,760.0,1405.0,947.0
2.0,7178.0,2264.0,2523.0,5496.0,0.0,0.0,1759.0,764.0,1464.0,800.0
2.0,10410.0,2451.0,2518.0,2950.0,0.0,0.0,1756.0,762.0,1839.0,612.0
2.0,10909.0,2723.0,2522.0,0.0,1902.0,1902.0,1765.0,757.0,2156.0,567.0
2.0,8186.0,2804.0,2532.0,0.0,4746.0,4746.0,1779.0,753.0,2091.0,713.0
2.0,5382.0,2618.0,2538.0,1902.0,5486.0,5486.0,1784.0,754.0,1710.0,908.0
2.0,4666.0,2343.0,2535.0,4746.0,3071.0,3071.0,1774.0,761.0,1389.0,954.0
2.0,7069.0,2269.0,2526.0,5486.0,0.0,0.0,1761.0,765.0,1458.0,811.0
2.0,10286.0,2465.0,2520.0,3071.0,0.0,0.0,1757.0,763.0,1848.0,617.0
2.0,10892.0,2755.0,2524.0,0.0,1959.0,1959.0,1767.0,757.0,2183.0,572.0
2.0,8137.0,2847.0,2534.0,0.0,4846.0,4846.0,1781.0,753.0,2123.0,724.0
2.0,5290.0,2660.0,2541.0,1959.0,5575.0,5575.0,1786.0,755.0,1737.0,923.0
2.0,4589.0,2387.0,2540.0,4846.0,3112.0,3112.0,1778.0,762.0,1418.0,969.0
2.0,7048.0,2282.0,2531.0,5575.0,0.0,0.0,1765.0,766.0,1468.0,814.0
2.0,10341.0,2454.0,2526.0,3112.0,0.0,0.0,1761.0,765.0,1845.0,609.0
2.0,10999.0,2723.0,2530.0,0.0,1844.0,1844.0,1771.0,759.0,2159.0,564.0
2.0,8276.0,2812.0,2540.0,0.0,4696.0,4696.0,1785.0,755.0,2095.0,717.0
2.0,5464.0,2627.0,2547.0,1844.0,5507.0,5507.0,1790.0,757.0,1710.0,917.0
2.0,4681.0,2348.0,2544.0,4696.0,3147.0,3147.0,1781.0,763.0,1385.0,963.0
2.0,7029.0,2260.0,2534.0,5507.0,0.0,0.0,1766.0,768.0,1445.0,815.0
2.0,10276.0,2458.0,2528.0,3147.0,0.0,0.0,1762.0,766.0,1844.0,614.0
2.0,10965.0,2749.0,2532.0,0.0,1912.0,1912.0,1772.0,760.0,2186.0,563.0
2.0,8216.0,2845.0,2542.0,0.0,4797.0,4797.0,1786.0,756.0,2129.0,716.0
2.0,5371.0,2666.0,2550.0,1912.0,5583.0,5583.0,1792.0,758.0,1740.0,926.0
2.0,4617.0,2388.0,2548.0,4797.0,3166.0,3166.0,1783.0,765.0,1412.0,976.0
2.0,7026.0,2297.0,2539.0,5583.0,0.0,0.0,1770.0,769.0,1479.0,818.0
2.0,10312.0,2466.0,2533.0,3166.0,0.0,0.0,1766.0,767.0,1860.0,606.0
2.0,11012.0,2723.0,2537.0,0.0,1859.0,1859.0,1776.0,761.0,2172.0,551.0
2.0,8289.0,2806.0,2546.0,0.0,4701.0,4701.0,1790.0,756.0,2097.0,709.0
2.0,5483.0,2629.0,2554.0,1859.0,5503.0,5503.0,1795.0,759.0,1707.0,922.0
2.0,4713.0,2368.0,2551.0,4701.0,3158.0,3158.0,1786.0,765.0,1394.0,974.0
2.0,7046.0,2286.0,2542.0,5503.0,0.0,0.0,1772.0,770.0,1461.0,825.0
2.0,10263.0,2486.0,2536.0,3158.0,0.0,0.0,1768.0,768.0,1867.0,619.0
2.0,10935.0,2752.0,2540.0,0.0,1977.0,1977.0,1778.0,762.0,2190.0,562.0
2.0,8183.0,2833.0,2550.0,0.0,4850.0,4850.0,1792.0,758.0,2117.0,716.0
2.0,5350.0,2677.0,2557.0,1977.0,5578.0,5578.0,1797.0,760.0,1742.0,935.0
2.0,4650.0,2430.0,2556.0,4850.0,3154.0,3154.0,1789.0,767.0,1437.0,993.0
2.0,7070.0,2344.0,2549.0,5578.0,0.0,0.0,1777.0,772.0,1515.0,829.0
2.0,10304.0,2502.0,2543.0,3154.0,0.0,0.0,1773.0,770.0,1890.0,612.0
2.0,10956.0,2727.0,2545.0,0.0,1951.0,1951.0,1782.0,763.0,2171.0,556.0
2.0,8229.0,2786.0,2554.0,0.0,4773.0,4773.0,1795.0,759.0,2075.0,711.0
2.0,5443.0,2629.0,2561.0,1951.0,5479.0,5479.0,1800.0,761.0,1705.0,924.0
2.0,4765.0,2395.0,2560.0,4773.0,3097.0,3097.0,1792.0,768.0,1422.0,973.0
2.0,7143.0,2326.0,2552.0,5479.0,0.0,0.0,1779.0,773.0,1516.0,810.0
2.0,10296.0,2480.0,2545.0,3097.0,0.0,0.0,1775.0,770.0,1881.0,599.0
2.0,10913.0,2701.0,2548.0,0.0,1980.0,1980.0,1784.0,764.0,2146.0,555.0
2.0,8212.0,2779.0,2556.0,0.0,4791.0,4791.0,1797.0,759.0,2061.0,718.0
2.0,5433.0,2657.0,2564.0,1980.0,5500.0,5500.0,1802.0,762.0,1724.0,933.0
2.0,4756.0,2465.0,2562.0,4791.0,3166.0,3166.0,1794.0,768.0,1476.0,989.0
2.0,7082.0,2402.0,2556.0,5500.0,44.0,44.0,1783.0,773.0,1569.0,833.0
2.0,10180.0,2528.0,2551.0,3166.0,0.0,0.0,1780.0,771.0,1908.0,620.0
2.0,10818.0,2708.0,2553.0,44.0,2058.0,2058.0,1788.0,765.0,2147.0,561.0
2.0,8154.0,2760.0,2560.0,0.0,4846.0,4846.0,1800.0,760.0,2047.0,713.0
2.0,5394.0,2621.0,2568.0,2058.0,5441.0,5441.0,1805.0,763.0,1698.0,923.0
2.0,4831.0,2430.0,2567.0,4846.0,3021.0,3021.0,1797.0,770.0,1445.0,985.0
2.0,7247.0,2374.0,2560.0,5441.0,0.0,0.0,1785.0,775.0,1540.0,834.0
2.0,10314.0,2512.0,2554.0,3021.0,0.0,0.0,1781.0,773.0,1889.0,623.0
2.0,10823.0,2703.0,2556.0,0.0,2104.0,2104.0,1790.0,766.0,2144.0,559.0
2.0,8120.0,2772.0,2565.0,0.0,4912.0,4912.0,1803.0,762.0,2057.0,715.0
2.0,5348.0,2649.0,2572.0,2104.0,5485.0,5485.0,1808.0,764.0,1723.0,926.0
2.0,4803.0,2462.0,2571.0,4912.0,3031.0,3031.0,1800.0,771.0,1475.0,987.0
2.0,7253.0,2420.0,2565.0,5485.0,0.0,0.0,1789.0,776.0,1579.0,841.0
2.0,10318.0,2564.0,2560.0,3031.0,0.0,0.0,1785.0,775.0,1930.0,634.0
2.0,10785.0,2735.0,2561.0,0.0,2194.0,2194.0,1793.0,768.0,2166.0,569.0
2.0,8050.0,2747.0,2568.0,0.0,4969.0,4969.0,1805.0,763.0,2040.0,707.0
2.0,5303.0,2601.0,2575.0,2194.0,5404.0,5404.0,1810.0,765.0,1688.0,913.0
2.0,4896.0,2418.0,2574.0,4969.0,2849.0,2849.0,1802.0,772.0,1440.0,978.0
2.0,7447.0,2400.0,2567.0,5404.0,0.0,0.0,1790.0,777.0,1559.0,841.0
2.0,10451.0,2574.0,2563.0,2849.0,0.0,0.0,1787.0,776.0,1930.0,644.0
2.0,10726.0,2758.0,2565.0,0.0,2292.0,2292.0,1796.0,769.0,2185.0,573.0
2.0,7968.0,2758.0,2573.0,0.0,5082.0,5082.0,1809.0,764.0,2058.0,700.0
2.0,5210.0,2590.0,2580.0,2292.0,5408.0,5408.0,1814.0,766.0,1686.0,904.0
2.0,4912.0,2429.0,2579.0,5082.0,2751.0,2751.0,1806.0,773.0,1447.0,982.0
2.0,7565.0,2448.0,2574.0,5408.0,0.0,0.0,1795.0,779.0,1585.0,863.0
2.0,10525.0,2635.0,2570.0,2751.0,0.0,0.0,1792.0,778.0,1969.0,666.0
2.0,10641.0,2797.0,2572.0,0.0,2444.0,2444.0,1801.0,771.0,2214.0,583.0
2.0,7844.0,2772.0,2579.0,0.0,5244.0,5244.0,1813.0,766.0,2069.0,703.0
2.0,5072.0,2577.0,2584.0,2444.0,5397.0,5397.0,1817.0,767.0,1674.0,903.0
2.0,4939.0,2403.0,2584.0,5244.0,2556.0,2556.0,1809.0,775.0,1422.0,981.0
2.0,7780.0,2398.0,2577.0,5397.0,0.0,0.0,1797.0,780.0,1546.0,852.0
2.0,10779.0,2577.0,2573.0,2556.0,0.0,0.0,1794.0,779.0,1937.0,640.0
2.0,10758.0,2767.0,2575.0,0.0,2309.0,2309.0,1803.0,772.0,2201.0,566.0
2.0,7991.0,2777.0,2583.0,0.0,5118.0,5118.0,1816.0,767.0,2078.0,699.0
2.0,5214.0,2592.0,2588.0,2309.0,5421.0,5421.0,1820.0,768.0,1686.0,906.0
2.0,4931.0,2405.0,2587.0,5118.0,2704.0,2704.0,1812.0,775.0,1427.0,978.0
2.0,7644.0,2401.0,2581.0,5421.0,0.0,0.0,1800.0,781.0,1556.0,845.0
2.0,10664.0,2606.0,2577.0,2704.0,0.0,0.0,1797.0,780.0,1955.0,651.0
2.0,10762.0,2807.0,2579.0,0.0,2361.0,2361.0,1806.0,773.0,2218.0,589.0
2.0,7955.0,2804.0,2586.0,0.0,5193.0,5193.0,1818.0,768.0,2082.0,722.0
2.0,5151.0,2604.0,2591.0,2361.0,5456.0,5456.0,1822.0,769.0,1689.0,915.0
2.0,4908.0,2412.0,2589.0,5193.0,2667.0,2667.0,1813.0,776.0,1436.0,976.0
2.0,7689.0,2415.0,2583.0,5456.0,0.0,0.0,1801.0,782.0,1571.0,844.0
2.0,10730.0,2602.0,2580.0,2667.0,0.0,0.0,1799.0,781.0,1954.0,648.0
2.0,10795.0,2796.0,2583.0,0.0,2333.0,2333.0,1809.0,774.0,2206.0,590.0
2.0,7999.0,2795.0,2591.0,0.0,5160.0,5160.0,1821.0,770.0,2070.0,725.0
2.0,5204.0,2594.0,2596.0,2333.0,5441.0,5441.0,1824.0,772.0,1676.0,918.0
2.0,4943.0,2403.0,2595.0,5160.0,2680.0,2680.0,1816.0,779.0,1430.0,973.0
2.0,7700.0,2405.0,2589.0,5441.0,0.0,0.0,1805.0,784.0,1573.0,832.0
2.0,10736.0,2609.0,2586.0,2680.0,0.0,0.0,1803.0,783.0,1970.0,639.0
2.0,10807.0,2817.0,2588.0,0.0,2362.0,2362.0,1812.0,776.0,2224.0,593.0
2.0,7990.0,2809.0,2595.0,0.0,5199.0,5199.0,1824.0,771.0,2073.0,736.0
2.0,5181.0,2602.0,2599.0,2362.0,5455.0,5455.0,1826.0,773.0,1676.0,926.0
2.0,4941.0,2411.0,2597.0,5199.0,2659.0,2659.0,1817.0,780.0,1433.0,978.0
2.0,7729.0,2414.0,2591.0,5455.0,0.0,0.0,1806.0,785.0,1580.0,834.0
2.0,10770.0,2622.0,2589.0,2659.0,0.0,0.0,1805.0,784.0,1980.0,642.0
2.0,10807.0,2821.0,2592.0,0.0,2382.0,2382.0,1815.0,777.0,2234.0,587.0
2.0,7986.0,2803.0,2599.0,0.0,5213.0,5213.0,1827.0,772.0,2078.0,725.0
2.0,5183.0,2584.0,2604.0,2382.0,5435.0,5435.0,1830.0,774.0,1666.0,918.0
2.0,4981.0,2377.0,2601.0,5213.0,2587.0,2587.0,1820.0,781.0,1408.0,969.0
2.0,7817.0,2407.0,2595.0,5435.0,0.0,0.0,1809.0,786.0,1574.0,833.0
2.0,10845.0,2641.0,2592.0,2587.0,0.0,0.0,1808.0,784.0,1994.0,647.0
2.0,10791.0,2843.0,2596.0,0.0,2436.0,2436.0,1818.0,778.0,2242.0,601.0
2.0,7948.0,2834.0,2604.0,0.0,5302.0,5302.0,1830.0,774.0,2091.0,743.0
2.0,5114.0,2613.0,2607.0,2436.0,5491.0,5491.0,1832.0,775.0,1681.0,932.0
2.0,4937.0,2396.0,2604.0,5302.0,2573.0,2573.0,1822.0,782.0,1418.0,978.0
2.0,7843.0,2410.0,2598.0,5491.0,0.0,0.0,1811.0,787.0,1569.0,841.0
2.0,10924.0,2638.0,2596.0,2573.0,0.0,0.0,1810.0,786.0,1987.0,651.0
2.0,10859.0,2852.0,2600.0,0.0,2393.0,2393.0,1820.0,780.0,2256.0,596.0
2.0,8007.0,2825.0,2608.0,0.0,5250.0,5250.0,1833.0,775.0,2098.0,727.0
2.0,5182.0,2589.0,2612.0,2393.0,5462.0,5462.0,1835.0,777.0,1677.0,912.0
2.0,4986.0,2385.0,2608.0,5250.0,2581.0,2581.0,1825.0,783.0,1416.0,969.0
2.0,7851.0,2409.0,2602.0,5462.0,0.0,0.0,1814.0,788.0,1572.0,837.0
2.0,10904.0,2630.0,2599.0,2581.0,0.0,0.0,1812.0,787.0,1983.0,647.0
2.0,10855.0,2837.0,2604.0,0.0,2398.0,2398.0,1823.0,781.0,2244.0,593.0
2.0,8018.0,2819.0,2611.0,0.0,5245.0,5245.0,1835.0,776.0,2088.0,731.0
2.0,5199.0,2597.0,2614.0,2398.0,5456.0,5456.0,1837.0,777.0,1674.0,923.0
2.0,5000.0,2404.0,2609.0,5245.0,2595.0,2595.0,1826.0,783.0,1421.0,983.0
2.0,7841.0,2438.0,2602.0,5456.0,0.0,0.0,1814.0,788.0,1583.0,855.0
2.0,10859.0,2678.0,2601.0,2595.0,0.0,0.0,1813.0,788.0,2017.0,661.0
2.0,10776.0,2880.0,2607.0,0.0,2532.0,2532.0,1825.0,782.0,2283.0,597.0
2.0,7896.0,2837.0,2615.0,0.0,5401.0,5401.0,1838.0,777.0,2116.0,721.0
2.0,5059.0,2590.0,2619.0,2532.0,5475.0,5475.0,1841.0,778.0,1679.0,911.0
2.0,5001.0,2363.0,2614.0,5401.0,2417.0,2417.0,1830.0,784.0,1388.0,975.0
2.0,8039.0,2398.0,2608.0,5475.0,0.0,0.0,1818.0,790.0,1543.0,855.0
2.0,11116.0,2642.0,2605.0,2417.0,0.0,0.0,1816.0,789.0,1974.0,668.0
2.0,10891.0,2854.0,2610.0,0.0,2403.0,2403.0,1827.0,783.0,2253.0,601.0
2.0,8037.0,2844.0,2619.0,0.0,5283.0,5283.0,1840.0,779.0,2119.0,725.0
2.0,5193.0,2618.0,2623.0,2403.0,5514.0,5514.0,1843.0,780.0,1705.0,913.0
2.0,4978.0,2406.0,2619.0,5283.0,2621.0,2621.0,1833.0,786.0,1429.0,977.0
2.0,7855.0,2428.0,2611.0,5514.0,0.0,0.0,1820.0,791.0,1574.0,854.0
2.0,10941.0,2670.0,2609.0,2621.0,0.0,0.0,1819.0,790.0,2002.0,668.0
2.0,10892.0,2890.0,2614.0,0.0,2454.0,2454.0,1830.0,784.0,2279.0,611.0
2.0,8002.0,2864.0,2624.0,0.0,5358.0,5358.0,1844.0,780.0,2132.0,732.0
2.0,5138.0,2616.0,2627.0,2454.0,5532.0,5532.0,1846.0,781.0,1709.0,907.0
2.0,4976.0,2389.0,2623.0,5358.0,2547.0,2547.0,1836.0,787.0,1425.0,964.0
2.0,7945.0,2399.0,2616.0,5532.0,0.0,0.0,1824.0,792.0,1557.0,842.0
2.0,11078.0,2637.0,2613.0,2547.0,0.0,0.0,1822.0,791.0,1971.0,666.0
2.0,10988.0,2866.0,2618.0,0.0,2350.0,2350.0,1833.0,785.0,2254.0,612.0
2.0,8122.0,2856.0,2626.0,0.0,5238.0,5238.0,1846.0,780.0,2123.0,733.0
2.0,5266.0,2630.0,2631.0,2350.0,5538.0,5538.0,1849.0,782.0,1714.0,916.0
2.0,4986.0,2410.0,2627.0,5238.0,2694.0,2694.0,1839.0,788.0,1438.0,972.0
2.0,7814.0,2435.0,2619.0,5538.0,0.0,0.0,1826.0,793.0,1582.0,853.0
2.0,10917.0,2676.0,2617.0,2694.0,0.0,0.0,1825.0,792.0,1999.0,677.0
2.0,10935.0,2901.0,2622.0,0.0,2454.0,2454.0,1836.0,786.0,2279.0,622.0
2.0,8034.0,2899.0,2632.0,0.0,5393.0,5393.0,1850.0,782.0,2160.0,739.0
2.0,5135.0,2664.0,2637.0,2454.0,5623.0,5623.0,1854.0,783.0,1752.0,912.0
2.0,4925.0,2423.0,2633.0,5393.0,2637.0,2637.0,1844.0,789.0,1457.0,966.0
2.0,7895.0,2413.0,2625.0,5623.0,0.0,0.0,1831.0,794.0,1560.0,853.0
2.0,11105.0,2627.0,2622.0,2637.0,0.0,0.0,1828.0,794.0,1950.0,677.0
2.0,11115.0,2845.0,2627.0,0.0,2238.0,2238.0,1839.0,788.0,2232.0,613.0
2.0,8270.0,2842.0,2636.0,0.0,5116.0,5116.0,1853.0,783.0,2121.0,721.0
2.0,5428.0,2627.0,2640.0,2238.0,5521.0,5521.0,1856.0,784.0,1730.0,897.0
2.0,5039.0,2426.0,2635.0,5116.0,2811.0,2811.0,1845.0,790.0,1458.0,968.0
2.0,7729.0,2435.0,2628.0,5521.0,0.0,0.0,1833.0,795.0,1573.0,862.0
2.0,10815.0,2679.0,2625.0,2811.0,0.0,0.0,1831.0,794.0,1985.0,694.0
2.0,10947.0,2914.0,2631.0,0.0,2491.0,2491.0,1842.0,789.0,2282.0,632.0
2.0,8033.0,2890.0,2640.0,0.0,5417.0,5417.0,1856.0,784.0,2159.0,731.0
2.0,5143.0,2648.0,2645.0,2491.0,5594.0,5594.0,1860.0,785.0,1751.0,897.0
2.0,4986.0,2428.0,2641.0,5417.0,2589.0,2589.0,1850.0,791.0,1461.0,967.0
2.0,7975.0,2454.0,2633.0,5594.0,0.0,0.0,1837.0,796.0,1579.0,875.0
2.0,11115.0,2671.0,2630.0,2589.0,0.0,0.0,1834.0,796.0,1967.0,704.0
2.0,11033.0,2872.0,2636.0,0.0,2383.0,2383.0,1845.0,791.0,2243.0,629.0
2.0,8161.0,2834.0,2645.0,0.0,5253.0,5253.0,1859.0,786.0,2118.0,716.0
2.0,5327.0,2603.0,2648.0,2383.0,5485.0,5485.0,1861.0,787.0,1719.0,884.0
2.0,5107.0,2423.0,2644.0,5253.0,2639.0,2639.0,1851.0,793.0,1459.0,964.0
2.0,7937.0,2466.0,2637.0,5485.0,0.0,0.0,1839.0,798.0,1594.0,872.0
2.0,10956.0,2707.0,2635.0,2639.0,0.0,0.0,1837.0,798.0,2000.0,707.0
2.0,10888.0,2905.0,2641.0,0.0,2581.0,2581.0,1849.0,792.0,2269.0,636.0
2.0,7983.0,2875.0,2650.0,0.0,5492.0,5492.0,1863.0,787.0,2149.0,726.0
2.0,5108.0,2644.0,2654.0,2581.0,5571.0,5571.0,1866.0,788.0,1755.0,889.0
2.0,5045.0,2442.0,2650.0,5492.0,2505.0,2505.0,1856.0,794.0,1478.0,964.0
2.0,8095.0,2462.0,2641.0,5571.0,0.0,0.0,1842.0,799.0,1592.0,870.0
2.0,11204.0,2683.0,2639.0,2505.0,0.0,0.0,1840.0,799.0,1979.0,704.0
2.0,11026.0,2884.0,2644.0,0.0,2434.0,2434.0,1851.0,793.0,2247.0,637.0
2.0,8142.0,2853.0,2654.0,0.0,5327.0,5327.0,1865.0,789.0,2122.0,731.0
2.0,5289.0,2607.0,2657.0,2434.0,5512.0,5512.0,1868.0,789.0,1720.0,887.0
2.0,5116.0,2409.0,2653.0,5327.0,2578.0,2578.0,1858.0,795.0,1460.0,949.0
2.0,8034.0,2449.0,2645.0,5512.0,0.0,0.0,1845.0,800.0,1590.0,859.0
2.0,11097.0,2718.0,2642.0,2578.0,0.0,0.0,1843.0,799.0,2004.0,714.0
2.0,10957.0,2934.0,2648.0,0.0,2569.0,2569.0,1854.0,794.0,2276.0,658.0
2.0,8023.0,2904.0,2658.0,0.0,5513.0,5513.0,1868.0,790.0,2159.0,745.0
2.0,5119.0,2651.0,2663.0,2569.0,5615.0,5615.0,1872.0,791.0,1762.0,889.0
2.0,5037.0,2429.0,2658.0,5513.0,2511.0,2511.0,1862.0,796.0,1474.0,955.0
2.0,8121.0,2464.0,2649.0,5615.0,0.0,0.0,1848.0,801.0,1593.0,871.0
2.0,11272.0,2705.0,2647.0,2511.0,0.0,0.0,1846.0,801.0,1985.0,720.0
2.0,11078.0,2912.0,2652.0,0.0,2442.0,2442.0,1856.0,796.0,2253.0,659.0
2.0,8166.0,2867.0,2662.0,0.0,5349.0,5349.0,1870.0,792.0,2130.0,737.0
2.0,5299.0,2613.0,2665.0,2442.0,5532.0,5532.0,1873.0,792.0,1740.0,873.0
2.0,5128.0,2409.0,2662.0,5349.0,2580.0,2580.0,1864.0,798.0,1476.0,933.0
2.0,8068.0,2456.0,2653.0,5532.0,0.0,0.0,1851.0,802.0,1601.0,855.0
2.0,11144.0,2714.0,2651.0,2580.0,0.0,0.0,1849.0,802.0,1994.0,720.0
2.0,11010.0,2941.0,2656.0,0.0,2555.0,2555.0,1859.0,797.0,2273.0,668.0
2.0,8069.0,2904.0,2666.0,0.0,5499.0,5499.0,1873.0,793.0,2158.0,746.0
2.0,5165.0,2633.0,2670.0,2555.0,5593.0,5593.0,1877.0,793.0,1752.0,881.0
2.0,5087.0,2408.0,2664.0,5499.0,2478.0,2478.0,1866.0,798.0,1468.0,940.0
2.0,8178.0,2457.0,2656.0,5593.0,0.0,0.0,1853.0,803.0,1590.0,867.0
2.0,11314.0,2738.0,2653.0,2478.0,0.0,0.0,1850.0,803.0,2000.0,738.0
2.0,11054.0,2961.0,2659.0,0.0,2543.0,2543.0,1860.0,799.0,2282.0,679.0
2.0,8093.0,2915.0,2668.0,0.0,5494.0,5494.0,1874.0,794.0,2165.0,750.0
2.0,5178.0,2639.0,2673.0,2543.0,5610.0,5610.0,1878.0,795.0,1761.0,878.0
2.0,5082.0,2399.0,2668.0,5494.0,2495.0,2495.0,1868.0,800.0,1468.0,931.0
2.0,8177.0,2427.0,2661.0,5610.0,0.0,0.0,1856.0,805.0,1571.0,856.0
2.0,11360.0,2712.0,2658.0,2495.0,0.0,0.0,1853.0,805.0,1985.0,727.0
2.0,11143.0,2966.0,2664.0,0.0,2479.0,2479.0,1864.0,800.0,2293.0,673.0
2.0,8177.0,2943.0,2674.0,0.0,5462.0,5462.0,1878.0,796.0,2193.0,750.0
2.0,5234.0,2663.0,2679.0,2479.0,5666.0,5666.0,1882.0,797.0,1780.0,883.0
2.0,5050.0,2405.0,2673.0,5462.0,2585.0,2585.0,1872.0,801.0,1468.0,937.0
2.0,8107.0,2423.0,2664.0,5666.0,0.0,0.0,1858.0,806.0,1563.0,860.0
2.0,11350.0,2711.0,2661.0,2585.0,0.0,0.0,1855.0,806.0,1980.0,731.0
2.0,11224.0,2972.0,2666.0,0.0,2412.0,2412.0,1865.0,801.0,2296.0,676.0
2.0,8252.0,2961.0,2677.0,0.0,5417.0,5417.0,1880.0,797.0,2205.0,756.0
2.0,5291.0,2663.0,2680.0,2412.0,5680.0,5680.0,1883.0,797.0,1782.0,881.0
2.0,5040.0,2393.0,2676.0,5417.0,2640.0,2640.0,1874.0,802.0,1462.0,931.0
2.0,8064.0,2417.0,2667.0,5680.0,0.0,0.0,1861.0,806.0,1564.0,853.0
2.0,11327.0,2705.0,2664.0,2640.0,0.0,0.0,1858.0,806.0,1981.0,724.0
2.0,11262.0,2973.0,2671.0,0.0,2395.0,2395.0,1869.0,802.0,2297.0,676.0
2.0,8289.0,2954.0,2681.0,0.0,5389.0,5389.0,1883.0,798.0,2190.0,764.0
2.0,5335.0,2670.0,2686.0,2395.0,5684.0,5684.0,1887.0,799.0,1778.0,892.0
2.0,5060.0,2413.0,2680.0,5389.0,2684.0,2684.0,1877.0,803.0,1473.0,940.0
2.0,8036.0,2444.0,2672.0,5684.0,0.0,0.0,1864.0,808.0,1586.0,858.0
2.0,11276.0,2737.0,2669.0,2684.0,0.0,0.0,1861.0,808.0,1998.0,739.0
2.0,11223.0,3012.0,2675.0,0.0,2489.0,2489.0,1871.0,804.0,2317.0,695.0
2.0,8211.0,2981.0,2686.0,0.0,5514.0,5514.0,1886.0,800.0,2212.0,769.0
2.0,5230.0,2669.0,2690.0,2489.0,5710.0,5710.0,1889.0,801.0,1778.0,891.0
2.0,5050.0,2399.0,2684.0,5514.0,2571.0,2571.0,1879.0,805.0,1469.0,930.0
2.0,8165.0,2420.0,2675.0,5710.0,0.0,0.0,1866.0,809.0,1573.0,847.0
2.0,11455.0,2717.0,2673.0,2571.0,0.0,0.0,1864.0,809.0,1993.0,724.0
2.0,11309.0,2989.0,2680.0,0.0,2400.0,2400.0,1875.0,805.0,2306.0,683.0
2.0,8320.0,2972.0,2691.0,0.0,5416.0,5416.0,1889.0,802.0,2204.0,768.0
2.0,5348.0,2683.0,2695.0,2400.0,5715.0,5715.0,1893.0,802.0,1792.0,891.0
2.0,5065.0,2401.0,2689.0,5416.0,2676.0,2676.0,1883.0,806.0,1473.0,928.0
2.0,8080.0,2413.0,2680.0,5715.0,0.0,0.0,1870.0,810.0,1568.0,845.0
2.0,11382.0,2710.0,2676.0,2676.0,0.0,0.0,1866.0,810.0,1981.0,729.0
2.0,11348.0,3006.0,2683.0,0.0,2390.0,2390.0,1877.0,806.0,2310.0,696.0
2.0,8342.0,3007.0,2693.0,0.0,5437.0,5437.0,1891.0,802.0,2228.0,779.0
2.0,5335.0,2722.0,2699.0,2390.0,5793.0,5793.0,1896.0,803.0,1822.0,900.0
2.0,5003.0,2443.0,2693.0,5437.0,2775.0,2775.0,1886.0,807.0,1504.0,939.0
2.0,7997.0,2441.0,2685.0,5793.0,0.0,0.0,1874.0,811.0,1590.0,851.0
2.0,11349.0,2709.0,2682.0,2775.0,0.0,0.0,1871.0,811.0,1983.0,726.0
2.0,11415.0,2975.0,2688.0,0.0,2312.0,2312.0,1881.0,807.0,2281.0,694.0
2.0,8440.0,2961.0,2699.0,0.0,5317.0,5317.0,1895.0,804.0,2185.0,776.0
2.0,5479.0,2692.0,2704.0,2312.0,5717.0,5717.0,1899.0,805.0,1798.0,894.0
2.0,5099.0,2448.0,2698.0,5317.0,2824.0,2824.0,1889.0,809.0,1518.0,930.0
2.0,7968.0,2456.0,2690.0,5717.0,0.0,0.0,1877.0,813.0,1606.0,850.0
2.0,11229.0,2708.0,2685.0,2824.0,0.0,0.0,1873.0,812.0,1977.0,731.0
2.0,11345.0,2966.0,2692.0,0.0,2389.0,2389.0,1883.0,809.0,2273.0,693.0
2.0,8379.0,2983.0,2702.0,0.0,5412.0,5412.0,1897.0,805.0,2208.0,775.0
2.0,5396.0,2744.0,2708.0,2389.0,5791.0,5791.0,1902.0,806.0,1844.0,900.0
2.0,5041.0,2502.0,2704.0,5412.0,2865.0,2865.0,1894.0,810.0,1552.0,950.0
2.0,7951.0,2489.0,2695.0,5791.0,0.0,0.0,1881.0,814.0,1626.0,863.0
2.0,11253.0,2703.0,2690.0,2865.0,0.0,0.0,1877.0,813.0,1976.0,727.0
2.0,11415.0,2926.0,2696.0,0.0,2295.0,2295.0,1887.0,809.0,2247.0,679.0
2.0,8489.0,2931.0,2706.0,0.0,5266.0,5266.0,1900.0,806.0,2175.0,756.0
2.0,5558.0,2708.0,2712.0,2295.0,5703.0,5703.0,1905.0,807.0,1819.0,889.0
2.0,5145.0,2490.0,2708.0,5266.0,2911.0,2911.0,1897.0,811.0,1546.0,944.0
2.0,7921.0,2471.0,2698.0,5703.0,0.0,0.0,1883.0,815.0,1603.0,868.0
2.0,11153.0,2693.0,2693.0,2911.0,0.0,0.0,1879.0,814.0,1954.0,739.0
2.0,11371.0,2948.0,2699.0,0.0,2373.0,2373.0,1888.0,811.0,2259.0,689.0
2.0,8423.0,2979.0,2710.0,0.0,5396.0,5396.0,1902.0,808.0,2208.0,771.0
2.0,5444.0,2782.0,2716.0,2373.0,5829.0,5829.0,1908.0,808.0,1874.0,908.0
2.0,5035.0,2552.0,2714.0,5396.0,2977.0,2977.0,1901.0,813.0,1594.0,958.0
2.0,7879.0,2524.0,2705.0,5829.0,0.0,0.0,1888.0,817.0,1652.0,872.0
2.0,11184.0,2703.0,2700.0,2977.0,0.0,0.0,1884.0,816.0,1969.0,734.0
2.0,11458.0,2917.0,2705.0,0.0,2279.0,2279.0,1893.0,812.0,2240.0,677.0
2.0,8541.0,2939.0,2715.0,0.0,5258.0,5258.0,1906.0,809.0,2184.0,755.0
2.0,5602.0,2731.0,2722.0,2279.0,5738.0,5738.0,1912.0,810.0,1841.0,890.0
2.0,5150.0,2496.0,2718.0,5258.0,2960.0,2960.0,1904.0,814.0,1552.0,944.0
2.0,7912.0,2464.0,2707.0,5738.0,0.0,0.0,1890.0,817.0,1602.0,862.0
2.0,11186.0,2680.0,2703.0,2960.0,0.0,0.0,1886.0,817.0,1950.0,730.0
2.0,11466.0,2933.0,2708.0,0.0,2299.0,2299.0,1895.0,813.0,2247.0,686.0
2.0,8533.0,2980.0,2719.0,0.0,5323.0,5323.0,1909.0,810.0,2207.0,773.0
2.0,5553.0,2779.0,2724.0,2299.0,5823.0,5823.0,1914.0,810.0,1873.0,906.0
2.0,5073.0,2546.0,2721.0,5323.0,3034.0,3034.0,1906.0,815.0,1594.0,952.0
2.0,7850.0,2510.0,2712.0,5823.0,0.0,0.0,1894.0,818.0,1644.0,866.0
2.0,11163.0,2717.0,2706.0,3034.0,0.0,0.0,1889.0,817.0,1978.0,739.0
2.0,11480.0,2946.0,2711.0,0.0,2310.0,2310.0,1898.0,813.0,2253.0,693.0
2.0,8534.0,2968.0,2723.0,0.0,5326.0,5326.0,1912.0,811.0,2188.0,780.0
2.0,5566.0,2755.0,2729.0,2310.0,5795.0,5795.0,1917.0,812.0,1851.0,904.0
2.0,5121.0,2512.0,2725.0,5326.0,2965.0,2965.0,1909.0,816.0,1567.0,945.0
2.0,7935.0,2474.0,2715.0,5795.0,0.0,0.0,1896.0,819.0,1611.0,863.0
2.0,11256.0,2678.0,2710.0,2965.0,0.0,0.0,1891.0,819.0,1939.0,739.0
2.0,11543.0,2934.0,2714.0,0.0,2247.0,2247.0,1899.0,815.0,2241.0,693.0
2.0,8609.0,2987.0,2726.0,0.0,5282.0,5282.0,1914.0,812.0,2214.0,773.0
2.0,5622.0,2780.0,2733.0,2247.0,5843.0,5843.0,1920.0,813.0,1884.0,896.0
2.0,5089.0,2554.0,2729.0,5282.0,3099.0,3099.0,1912.0,817.0,1608.0,946.0
2.0,7817.0,2523.0,2721.0,5843.0,0.0,0.0,1900.0,821.0,1648.0,875.0
2.0,11137.0,2716.0,2715.0,3099.0,0.0,0.0,1895.0,820.0,1965.0,751.0
2.0,11520.0,2944.0,2719.0,0.0,2300.0,2300.0,1903.0,816.0,2247.0,697.0
2.0,8576.0,2973.0,2729.0,0.0,5313.0,5313.0,1916.0,813.0,2206.0,767.0
2.0,5603.0,2760.0,2736.0,2300.0,5801.0,5801.0,1922.0,814.0,1870.0,890.0
2.0,5143.0,2523.0,2732.0,5313.0,2995.0,2995.0,1914.0,818.0,1581.0,942.0
2.0,7933.0,2492.0,2722.0,5801.0,0.0,0.0,1901.0,821.0,1620.0,872.0
2.0,11242.0,2697.0,2718.0,2995.0,0.0,0.0,1897.0,821.0,1944.0,753.0
2.0,11540.0,2929.0,2722.0,0.0,2277.0,2277.0,1905.0,817.0,2230.0,699.0
2.0,8611.0,2966.0,2732.0,0.0,5283.0,5283.0,1918.0,814.0,2199.0,767.0
2.0,5645.0,2783.0,2739.0,2277.0,5817.0,5817.0,1924.0,815.0,1892.0,891.0
2.0,5139.0,2561.0,2736.0,5283.0,3083.0,3083.0,1917.0,819.0,1617.0,944.0
2.0,7861.0,2543.0,2727.0,5817.0,0.0,0.0,1905.0,822.0,1659.0,884.0
2.0,11135.0,2754.0,2723.0,3083.0,0.0,0.0,1901.0,822.0,1984.0,770.0
2.0,11464.0,2971.0,2727.0,0.0,2415.0,2415.0,1908.0,819.0,2255.0,716.0
2.0,8493.0,2973.0,2736.0,0.0,5424.0,5424.0,1921.0,815.0,2198.0,775.0
2.0,5520.0,2761.0,2742.0,2415.0,5794.0,5794.0,1926.0,816.0,1869.0,892.0
2.0,5174.0,2534.0,2738.0,5424.0,2888.0,2888.0,1918.0,820.0,1593.0,941.0
2.0,8064.0,2510.0,2730.0,5794.0,0.0,0.0,1906.0,824.0,1636.0,874.0
2.0,11348.0,2715.0,2726.0,2888.0,0.0,0.0,1902.0,824.0,1960.0,755.0
2.0,11521.0,2946.0,2731.0,0.0,2349.0,2349.0,1911.0,820.0,2247.0,699.0
2.0,8575.0,2976.0,2740.0,0.0,5361.0,5361.0,1923.0,817.0,2210.0,766.0
2.0,5599.0,2779.0,2746.0,2349.0,5815.0,5815.0,1929.0,817.0,1890.0,889.0
2.0,5169.0,2547.0,2743.0,5361.0,2989.0,2989.0,1922.0,821.0,1608.0,939.0
2.0,7983.0,2520.0,2735.0,5815.0,0.0,0.0,1910.0,825.0,1647.0,873.0
2.0,11278.0,2723.0,2730.0,2989.0,0.0,0.0,1906.0,824.0,1965.0,758.0
2.0,11544.0,2957.0,2733.0,0.0,2345.0,2345.0,1913.0,820.0,2249.0,708.0
2.0,8587.0,2999.0,2742.0,0.0,5380.0,5380.0,1925.0,817.0,2223.0,776.0
2.0,5588.0,2808.0,2748.0,2345.0,5867.0,5867.0,1930.0,818.0,1906.0,902.0
2.0,5125.0,2569.0,2745.0,5380.0,3044.0,3044.0,1923.0,822.0,1610.0,959.0
2.0,7936.0,2513.0,2737.0,5867.0,0.0,0.0,1911.0,826.0,1626.0,887.0
2.0,11290.0,2708.0,2733.0,3044.0,0.0,0.0,1907.0,826.0,1950.0,758.0
2.0,11626.0,2949.0,2736.0,0.0,2267.0,2267.0,1914.0,822.0,2244.0,705.0
2.0,8677.0,3002.0,2746.0,0.0,5309.0,5309.0,1927.0,819.0,2228.0,774.0
2.0,5675.0,2800.0,2753.0,2267.0,5870.0,5870.0,1933.0,820.0,1907.0,893.0
2.0,5142.0,2553.0,2751.0,5309.0,3106.0,3106.0,1927.0,824.0,1607.0,946.0
2.0,7898.0,2521.0,2743.0,5870.0,0.0,0.0,1915.0,828.0,1637.0,884.0
2.0,11247.0,2732.0,2737.0,3106.0,0.0,0.0,1910.0,827.0,1969.0,763.0
2.0,11621.0,2986.0,2742.0,0.0,2333.0,2333.0,1918.0,824.0,2281.0,705.0
2.0,8635.0,3021.0,2751.0,0.0,5390.0,5390.0,1931.0,820.0,2245.0,776.0
2.0,5614.0,2809.0,2757.0,2333.0,5890.0,5890.0,1936.0,821.0,1905.0,904.0
2.0,5138.0,2553.0,2753.0,5390.0,3037.0,3037.0,1928.0,825.0,1595.0,958.0
2.0,7975.0,2513.0,2745.0,5890.0,0.0,0.0,1916.0,829.0,1630.0,883.0
2.0,11352.0,2729.0,2740.0,3037.0,0.0,0.0,1912.0,828.0,1977.0,752.0
2.0,11660.0,2972.0,2745.0,0.0,2292.0,2292.0,1921.0,824.0,2278.0,694.0
2.0,8688.0,3012.0,2755.0,0.0,5344.0,5344.0,1934.0,821.0,2244.0,768.0
2.0,5676.0,2796.0,2761.0,2292.0,5872.0,5872.0,1939.0,822.0,1899.0,897.0
2.0,5172.0,2536.0,2758.0,5344.0,3052.0,3052.0,1932.0,826.0,1584.0,952.0
2.0,7980.0,2500.0,2749.0,5872.0,0.0,0.0,1920.0,829.0,1616.0,884.0
2.0,11352.0,2749.0,2745.0,3052.0,0.0,0.0,1916.0,829.0,1979.0,770.0
2.0,11655.0,3025.0,2750.0,0.0,2370.0,2370.0,1924.0,826.0,2304.0,721.0
2.0,8630.0,3043.0,2759.0,0.0,5449.0,5449.0,1936.0,823.0,2253.0,790.0
2.0,5587.0,2805.0,2765.0,2370.0,5908.0,5908.0,1941.0,824.0,1896.0,909.0
2.0,5152.0,2536.0,2761.0,5449.0,2979.0,2979.0,1934.0,827.0,1581.0,955.0
2.0,8065.0,2518.0,2753.0,5908.0,0.0,0.0,1922.0,831.0,1637.0,881.0
2.0,11455.0,2769.0,2749.0,2979.0,0.0,0.0,1918.0,831.0,2003.0,766.0
2.0,11665.0,3032.0,2755.0,0.0,2387.0,2387.0,1927.0,828.0,2319.0,713.0
2.0,8633.0,3056.0,2764.0,0.0,5479.0,5479.0,1940.0,824.0,2277.0,779.0
2.0,5577.0,2790.0,2770.0,2387.0,5906.0,5906.0,1945.0,825.0,1896.0,894.0
2.0,5174.0,2499.0,2766.0,5479.0,2910.0,2910.0,1938.0,828.0,1555.0,944.0
2.0,8154.0,2485.0,2758.0,5906.0,0.0,0.0,1926.0,832.0,1601.0,884.0
2.0,11575.0,2758.0,2754.0,2910.0,0.0,0.0,1922.0,832.0,1990.0,768.0
2.0,11727.0,3037.0,2759.0,0.0,2346.0,2346.0,1930.0,829.0,2324.0,713.0
2.0,8690.0,3046.0,2768.0,0.0,5428.0,5428.0,1943.0,825.0,2268.0,778.0
2.0,5644.0,2786.0,2773.0,2346.0,5888.0,5888.0,1947.0,826.0,1890.0,896.0
2.0,5204.0,2526.0,2768.0,5428.0,2966.0,2966.0,1939.0,829.0,1572.0,954.0
2.0,8106.0,2520.0,2760.0,5888.0,0.0,0.0,1927.0,833.0,1626.0,894.0
2.0,11474.0,2799.0,2757.0,2966.0,0.0,0.0,1924.0,833.0,2016.0,783.0
2.0,11641.0,3067.0,2763.0,0.0,2478.0,2478.0,1933.0,830.0,2341.0,726.0
2.0,8574.0,3068.0,2773.0,0.0,5586.0,5586.0,1946.0,827.0,2287.0,781.0
2.0,5506.0,2789.0,2778.0,2478.0,5917.0,5917.0,1951.0,827.0,1898.0,891.0
2.0,5195.0,2509.0,2774.0,5586.0,2824.0,2824.0,1943.0,831.0,1564.0,945.0
2.0,8272.0,2512.0,2765.0,5917.0,0.0,0.0,1931.0,834.0,1619.0,893.0
2.0,11677.0,2776.0,2762.0,2824.0,0.0,0.0,1927.0,835.0,1996.0,780.0
2.0,11725.0,3050.0,2767.0,0.0,2393.0,2393.0,1936.0,831.0,2325.0,725.0
2.0,8675.0,3057.0,2776.0,0.0,5486.0,5486.0,1948.0,828.0,2274.0,783.0
2.0,5618.0,2797.0,2782.0,2393.0,5914.0,5914.0,1953.0,829.0,1900.0,897.0
2.0,5214.0,2541.0,2779.0,5486.0,2957.0,2957.0,1946.0,833.0,1588.0,953.0
2.0,8159.0,2553.0,2771.0,5914.0,0.0,0.0,1935.0,836.0,1655.0,898.0
2.0,11520.0,2817.0,2767.0,2957.0,0.0,0.0,1931.0,836.0,2035.0,782.0
2.0,11660.0,3069.0,2772.0,0.0,2497.0,2497.0,1939.0,833.0,2344.0,725.0
2.0,8591.0,3051.0,2782.0,0.0,5588.0,5588.0,1952.0,830.0,2271.0,780.0
2.0,5540.0,2785.0,2787.0,2497.0,5896.0,5896.0,1957.0,830.0,1895.0,890.0
2.0,5252.0,2528.0,2783.0,5588.0,2820.0,2820.0,1950.0,833.0,1581.0,947.0
2.0,8312.0,2534.0,2776.0,5896.0,0.0,0.0,1939.0,837.0,1641.0,893.0
2.0,11674.0,2791.0,2771.0,2820.0,0.0,0.0,1934.0,837.0,2005.0,786.0
2.0,11703.0,3041.0,2776.0,0.0,2442.0,2442.0,1942.0,834.0,2311.0,730.0
2.0,8662.0,3039.0,2785.0,0.0,5517.0,5517.0,1954.0,831.0,2257.0,782.0
2.0,5623.0,2787.0,2790.0,2442.0,5882.0,5882.0,1959.0,831.0,1896.0,891.0
2.0,5278.0,2547.0,2787.0,5517.0,2900.0,2900.0,1952.0,835.0,1594.0,953.0
2.0,8248.0,2566.0,2778.0,5882.0,0.0,0.0,1940.0,838.0,1665.0,901.0
2.0,11564.0,2824.0,2775.0,2900.0,0.0,0.0,1936.0,839.0,2033.0,791.0
2.0,11640.0,3084.0,2780.0,0.0,2564.0,2564.0,1945.0,835.0,2348.0,736.0
2.0,8556.0,3084.0,2790.0,0.0,5688.0,5688.0,1958.0,832.0,2291.0,793.0
2.0,5472.0,2809.0,2796.0,2564.0,5957.0,5957.0,1964.0,832.0,1911.0,898.0
2.0,5227.0,2533.0,2792.0,5688.0,2786.0,2786.0,1956.0,836.0,1588.0,945.0
2.0,8382.0,2527.0,2784.0,5957.0,0.0,0.0,1944.0,840.0,1638.0,889.0
2.0,11812.0,2781.0,2779.0,2786.0,0.0,0.0,1939.0,840.0,2007.0,774.0
2.0,11817.0,3048.0,2784.0,0.0,2367.0,2367.0,1947.0,837.0,2322.0,726.0
2.0,8769.0,3051.0,2794.0,0.0,5458.0,5458.0,1960.0,834.0,2263.0,788.0
2.0,5718.0,2793.0,2800.0,2367.0,5908.0,5908.0,1966.0,834.0,1897.0,896.0
2.0,5292.0,2547.0,2796.0,5458.0,2981.0,2981.0,1959.0,837.0,1601.0,946.0
2.0,8203.0,2568.0,2787.0,5908.0,0.0,0.0,1947.0,840.0,1679.0,889.0
2.0,11543.0,2820.0,2782.0,2981.0,0.0,0.0,1942.0,840.0,2037.0,783.0
2.0,11704.0,3072.0,2788.0,0.0,2520.0,2520.0,1951.0,837.0,2332.0,740.0
2.0,8632.0,3082.0,2798.0,0.0,5642.0,5642.0,1964.0,834.0,2273.0,809.0
2.0,5550.0,2834.0,2805.0,2520.0,5984.0,5984.0,1970.0,835.0,1922.0,912.0
2.0,5236.0,2571.0,2800.0,5642.0,2893.0,2893.0,1962.0,838.0,1622.0,949.0
2.0,8307.0,2545.0,2792.0,5984.0,0.0,0.0,1950.0,842.0,1662.0,883.0
2.0,11746.0,2780.0,2786.0,2893.0,0.0,0.0,1944.0,842.0,1998.0,782.0
2.0,11859.0,3037.0,2791.0,0.0,2342.0,2342.0,1952.0,839.0,2295.0,742.0
2.0,8822.0,3050.0,2801.0,0.0,5432.0,5432.0,1965.0,836.0,2252.0,798.0
2.0,5772.0,2813.0,2807.0,2342.0,5927.0,5927.0,1971.0,836.0,1918.0,895.0
2.0,5301.0,2562.0,2803.0,5432.0,3041.0,3041.0,1964.0,839.0,1623.0,939.0
2.0,8171.0,2563.0,2795.0,5927.0,0.0,0.0,1952.0,843.0,1669.0,894.0
2.0,11535.0,2813.0,2790.0,3041.0,0.0,0.0,1947.0,843.0,2018.0,795.0
2.0,11763.0,3070.0,2795.0,0.0,2487.0,2487.0,1955.0,840.0,2326.0,744.0
2.0,8693.0,3081.0,2806.0,0.0,5612.0,5612.0,1969.0,837.0,2287.0,794.0
2.0,5612.0,2839.0,2812.0,2487.0,5988.0,5988.0,1975.0,837.0,1948.0,891.0
2.0,5260.0,2589.0,2808.0,5612.0,2949.0,2949.0,1968.0,840.0,1642.0,947.0
2.0,8283.0,2572.0,2799.0,5988.0,0.0,0.0,1955.0,844.0,1669.0,903.0
2.0,11699.0,2812.0,2794.0,2949.0,0.0,0.0,1950.0,844.0,2008.0,804.0
2.0,11836.0,3047.0,2799.0,0.0,2407.0,2407.0,1958.0,841.0,2301.0,746.0
2.0,8789.0,3047.0,2809.0,0.0,5494.0,5494.0,1971.0,838.0,2260.0,787.0
2.0,5742.0,2817.0,2815.0,2407.0,5928.0,5928.0,1977.0,838.0,1933.0,884.0
2.0,5332.0,2587.0,2811.0,5494.0,3005.0,3005.0,1970.0,841.0,1647.0,940.0
2.0,8239.0,2589.0,2803.0,5928.0,0.0,0.0,1958.0,845.0,1691.0,898.0
2.0,11578.0,2830.0,2798.0,3005.0,0.0,0.0,1953.0,845.0,2023.0,807.0
2.0,11753.0,3069.0,2803.0,0.0,2528.0,2528.0,1961.0,842.0,2314.0,755.0
2.0,8684.0,3077.0,2813.0,0.0,5645.0,5645.0,1974.0,839.0,2275.0,802.0
2.0,5607.0,2850.0,2820.0,2528.0,5995.0,5995.0,1980.0,840.0,1946.0,904.0
2.0,5285.0,2603.0,2816.0,5645.0,2937.0,2937.0,1973.0,843.0,1651.0,952.0
2.0,8327.0,2585.0,2806.0,5995.0,0.0,0.0,1960.0,846.0,1686.0,899.0
2.0,11737.0,2821.0,2802.0,2937.0,0.0,0.0,1955.0,847.0,2021.0,800.0
2.0,11853.0,3067.0,2807.0,0.0,2442.0,2442.0,1963.0,844.0,2315.0,752.0
2.0,8786.0,3066.0,2818.0,0.0,5552.0,5552.0,1977.0,841.0,2268.0,798.0
2.0,5720.0,2813.0,2823.0,2442.0,5943.0,5943.0,1982.0,841.0,1924.0,889.0
2.0,5349.0,2554.0,2819.0,5552.0,2929.0,2929.0,1975.0,844.0,1623.0,931.0
2.0,8347.0,2552.0,2809.0,5943.0,0.0,0.0,1962.0,847.0,1669.0,883.0
2.0,11738.0,2834.0,2805.0,2929.0,0.0,0.0,1958.0,847.0,2037.0,797.0
2.0,11833.0,3116.0,2812.0,0.0,2531.0,2531.0,1967.0,845.0,2353.0,763.0
2.0,8717.0,3116.0,2822.0,0.0,5687.0,5687.0,1980.0,842.0,2300.0,816.0
2.0,5601.0,2844.0,2828.0,2531.0,6024.0,6024.0,1986.0,842.0,1939.0,905.0
2.0,5288.0,2569.0,2823.0,5687.0,2886.0,2886.0,1978.0,845.0,1630.0,939.0
2.0,8406.0,2568.0,2813.0,6024.0,0.0,0.0,1965.0,848.0,1681.0,887.0
2.0,11862.0,2839.0,2808.0,2886.0,0.0,0.0,1960.0,848.0,2034.0,805.0
2.0,11909.0,3122.0,2815.0,0.0,2473.0,2473.0,1969.0,846.0,2346.0,776.0
2.0,8787.0,3120.0,2825.0,0.0,5633.0,5633.0,1982.0,843.0,2297.0,823.0
2.0,5667.0,2816.0,2831.0,2473.0,6000.0,6000.0,1988.0,843.0,1920.0,896.0
2.0,5324.0,2527.0,2826.0,5633.0,2874.0,2874.0,1980.0,846.0,1606.0,921.0
2.0,8430.0,2540.0,2816.0,6000.0,0.0,0.0,1967.0,849.0,1662.0,878.0
2.0,11890.0,2855.0,2812.0,2874.0,0.0,0.0,1963.0,849.0,2052.0,803.0
2.0,11909.0,3160.0,2819.0,0.0,2527.0,2527.0,1972.0,847.0,2385.0,775.0
2.0,8749.0,3140.0,2831.0,0.0,5715.0,5715.0,1986.0,845.0,2321.0,819.0
2.0,5609.0,2816.0,2836.0,2527.0,6024.0,6024.0,1991.0,845.0,1919.0,897.0
2.0,5320.0,2525.0,2830.0,5715.0,2810.0,2810.0,1982.0,848.0,1595.0,930.0
2.0,8510.0,2556.0,2820.0,6024.0,0.0,0.0,1970.0,850.0,1670.0,886.0
2.0,11978.0,2877.0,2816.0,2810.0,0.0,0.0,1966.0,850.0,2068.0,809.0
2.0,11911.0,3170.0,2823.0,0.0,2551.0,2551.0,1975.0,848.0,2392.0,778.0
2.0,8741.0,3133.0,2833.0,0.0,5724.0,5724.0,1988.0,845.0,2313.0,820.0
2.0,5608.0,2812.0,2839.0,2551.0,6009.0,6009.0,1993.0,846.0,1917.0,895.0
2.0,5347.0,2521.0,2833.0,5724.0,2782.0,2782.0,1985.0,848.0,1596.0,925.0
2.0,8550.0,2550.0,2824.0,6009.0,0.0,0.0,1973.0,851.0,1670.0,880.0
2.0,12009.0,2876.0,2821.0,2782.0,0.0,0.0,1970.0,851.0,2070.0,806.0
2.0,11915.0,3164.0,2828.0,0.0,2561.0,2561.0,1979.0,849.0,2388.0,776.0
2.0,8751.0,3135.0,2839.0,0.0,5740.0,5740.0,1992.0,847.0,2311.0,824.0
2.0,5616.0,2815.0,2844.0,2561.0,6014.0,6014.0,1997.0,847.0,1914.0,901.0
2.0,5362.0,2530.0,2839.0,5740.0,2784.0,2784.0,1989.0,850.0,1593.0,937.0
2.0,8572.0,2551.0,2828.0,6014.0,0.0,0.0,1976.0,852.0,1661.0,890.0
2.0,12035.0,2886.0,2825.0,2784.0,0.0,0.0,1972.0,853.0,2076.0,810.0
2.0,11933.0,3199.0,2832.0,0.0,2594.0,2594.0,1981.0,851.0,2410.0,789.0
2.0,8734.0,3173.0,2843.0,0.0,5811.0,5811.0,1994.0,849.0,2337.0,836.0
2.0,5561.0,2844.0,2848.0,2594.0,6081.0,6081.0,1999.0,849.0,1936.0,908.0
2.0,5311.0,2529.0,2842.0,5811.0,2775.0,2775.0,1991.0,851.0,1601.0,928.0
2.0,8593.0,2533.0,2832.0,6081.0,0.0,0.0,1979.0,853.0,1661.0,872.0
2.0,12141.0,2864.0,2829.0,2775.0,0.0,0.0,1975.0,854.0,2061.0,803.0
2.0,12052.0,3169.0,2836.0,0.0,2461.0,2461.0,1984.0,852.0,2389.0,780.0
2.0,8883.0,3138.0,2847.0,0.0,5643.0,5643.0,1997.0,850.0,2313.0,825.0
2.0,5745.0,2805.0,2851.0,2461.0,6003.0,6003.0,2001.0,850.0,1909.0,896.0
2.0,5401.0,2524.0,2845.0,5643.0,2860.0,2860.0,1993.0,852.0,1597.0,927.0
2.0,8520.0,2571.0,2835.0,6003.0,0.0,0.0,1981.0,854.0,1686.0,885.0
2.0,11952.0,2900.0,2832.0,2860.0,0.0,0.0,1977.0,855.0,2086.0,814.0
2.0,11912.0,3192.0,2838.0,0.0,2632.0,2632.0,1986.0,852.0,2405.0,787.0
2.0,8720.0,3168.0,2849.0,0.0,5844.0,5844.0,1999.0,850.0,2330.0,838.0
2.0,5552.0,2849.0,2854.0,2632.0,6081.0,6081.0,2004.0,850.0,1933.0,916.0
2.0,5335.0,2553.0,2849.0,5844.0,2770.0,2770.0,1996.0,853.0,1614.0,939.0
2.0,8626.0,2580.0,2840.0,6081.0,0.0,0.0,1984.0,856.0,1698.0,882.0
2.0,12127.0,2892.0,2837.0,2770.0,0.0,0.0,1981.0,856.0,2091.0,801.0
2.0,12005.0,3174.0,2844.0,0.0,2545.0,2545.0,1990.0,854.0,2394.0,780.0
2.0,8831.0,3142.0,2855.0,0.0,5731.0,5731.0,2003.0,852.0,2306.0,836.0
2.0,5689.0,2821.0,2859.0,2545.0,6023.0,6023.0,2007.0,852.0,1909.0,912.0
2.0,5413.0,2539.0,2854.0,5731.0,2811.0,2811.0,1999.0,855.0,1604.0,935.0
2.0,8605.0,2561.0,2843.0,6023.0,0.0,0.0,1986.0,857.0,1682.0,879.0
2.0,12067.0,2897.0,2839.0,2811.0,0.0,0.0,1982.0,857.0,2089.0,808.0
2.0,11981.0,3207.0,2846.0,0.0,2610.0,2610.0,1991.0,855.0,2419.0,788.0
2.0,8774.0,3190.0,2858.0,0.0,5848.0,5848.0,2005.0,853.0,2345.0,845.0
2.0,5584.0,2877.0,2864.0,2610.0,6139.0,6139.0,2010.0,854.0,1948.0,929.0
2.0,5317.0,2571.0,2858.0,5848.0,2838.0,2838.0,2002.0,856.0,1627.0,944.0
2.0,8594.0,2572.0,2848.0,6139.0,0.0,0.0,1990.0,858.0,1697.0,875.0
2.0,12161.0,2873.0,2844.0,2838.0,0.0,0.0,1986.0,858.0,2081.0,792.0
2.0,12126.0,3175.0,2850.0,0.0,2449.0,2449.0,1995.0,855.0,2401.0,774.0
2.0,8951.0,3167.0,2863.0,0.0,5668.0,5668.0,2009.0,854.0,2328.0,839.0
2.0,5784.0,2866.0,2869.0,2449.0,6109.0,6109.0,2014.0,855.0,1937.0,929.0
2.0,5367.0,2551.0,2864.0,5668.0,2972.0,2972.0,2006.0,858.0,1603.0,948.0
2.0,8484.0,2552.0,2852.0,6109.0,0.0,0.0,1992.0,860.0,1672.0,880.0
2.0,12041.0,2865.0,2846.0,2972.0,0.0,0.0,1987.0,859.0,2076.0,789.0
2.0,12148.0,3181.0,2854.0,0.0,2449.0,2449.0,1997.0,857.0,2410.0,771.0
2.0,8967.0,3205.0,2866.0,0.0,5702.0,5702.0,2011.0,855.0,2351.0,854.0
2.0,5762.0,2926.0,2873.0,2449.0,6207.0,6207.0,2017.0,856.0,1972.0,954.0
2.0,5285.0,2618.0,2869.0,5702.0,3107.0,3107.0,2009.0,860.0,1645.0,973.0
2.0,8369.0,2593.0,2858.0,6207.0,0.0,0.0,1996.0,862.0,1710.0,883.0
2.0,11983.0,2877.0,2852.0,3107.0,0.0,0.0,1991.0,861.0,2098.0,779.0
2.0,12213.0,3164.0,2859.0,0.0,2387.0,2387.0,2001.0,858.0,2407.0,757.0
2.0,9049.0,3171.0,2872.0,0.0,5610.0,5610.0,2015.0,857.0,2330.0,841.0
2.0,5878.0,2875.0,2878.0,2387.0,6122.0,6122.0,2020.0,858.0,1931.0,944.0
2.0,5390.0,2569.0,2872.0,5610.0,3057.0,3057.0,2011.0,861.0,1609.0,960.0
2.0,8431.0,2553.0,2861.0,6122.0,0.0,0.0,1998.0,863.0,1683.0,870.0
2.0,12000.0,2844.0,2855.0,3057.0,0.0,0.0,1993.0,862.0,2076.0,768.0
2.0,12213.0,3166.0,2862.0,0.0,2401.0,2401.0,2003.0,859.0,2407.0,759.0
2.0,9047.0,3219.0,2874.0,0.0,5668.0,5668.0,2017.0,857.0,2364.0,855.0
2.0,5828.0,2953.0,2883.0,2401.0,6256.0,6256.0,2024.0,859.0,1993.0,960.0
2.0,5276.0,2641.0,2878.0,5668.0,3209.0,3209.0,2016.0,862.0,1668.0,973.0
2.0,8303.0,2589.0,2866.0,6256.0,0.0,0.0,2002.0,864.0,1707.0,882.0
2.0,11970.0,2852.0,2859.0,3209.0,0.0,0.0,1997.0,862.0,2075.0,777.0
2.0,12327.0,3159.0,2866.0,0.0,2296.0,2296.0,2006.0,860.0,2398.0,761.0
2.0,9168.0,3201.0,2879.0,0.0,5549.0,5549.0,2021.0,858.0,2347.0,854.0
2.0,5967.0,2926.0,2886.0,2296.0,6207.0,6207.0,2026.0,860.0,1966.0,960.0
2.0,5337.0,2613.0,2881.0,5549.0,3251.0,3251.0,2018.0,863.0,1637.0,976.0
2.0,8273.0,2550.0,2870.0,6207.0,0.0,0.0,2005.0,865.0,1672.0,878.0
2.0,11930.0,2819.0,2864.0,3251.0,0.0,0.0,2000.0,864.0,2051.0,768.0
2.0,12362.0,3164.0,2870.0,0.0,2282.0,2282.0,2009.0,861.0,2403.0,761.0
2.0,9198.0,3236.0,2884.0,0.0,5574.0,5574.0,2024.0,860.0,2379.0,857.0
2.0,5962.0,2966.0,2892.0,2282.0,6290.0,6290.0,2030.0,862.0,2002.0,964.0
2.0,5278.0,2638.0,2887.0,5574.0,3334.0,3334.0,2022.0,865.0,1660.0,978.0
2.0,8214.0,2594.0,2875.0,6290.0,0.0,0.0,2008.0,867.0,1702.0,892.0
2.0,11910.0,2865.0,2870.0,3334.0,0.0,0.0,2004.0,866.0,2079.0,786.0
2.0,12379.0,3175.0,2876.0,0.0,2300.0,2300.0,2013.0,863.0,2412.0,763.0
2.0,9204.0,3212.0,2888.0,0.0,5560.0,5560.0,2027.0,861.0,2365.0,847.0
2.0,5992.0,2932.0,2895.0,2300.0,6220.0,6220.0,2033.0,862.0,1980.0,952.0
2.0,5360.0,2607.0,2889.0,5560.0,3243.0,3243.0,2024.0,865.0,1641.0,966.0
2.0,8313.0,2558.0,2877.0,6220.0,0.0,0.0,2010.0,867.0,1679.0,879.0
2.0,11975.0,2839.0,2871.0,3243.0,0.0,0.0,2005.0,866.0,2058.0,781.0
2.0,12379.0,3176.0,2879.0,0.0,2313.0,2313.0,2015.0,864.0,2408.0,768.0
2.0,9203.0,3234.0,2892.0,0.0,5599.0,5599.0,2030.0,862.0,2376.0,858.0
2.0,5969.0,2957.0,2900.0,2313.0,6275.0,6275.0,2036.0,864.0,1998.0,959.0
2.0,5325.0,2639.0,2895.0,5599.0,3295.0,3295.0,2028.0,867.0,1666.0,973.0
2.0,8285.0,2603.0,2883.0,6275.0,0.0,0.0,2014.0,869.0,1712.0,891.0
2.0,11957.0,2878.0,2877.0,3295.0,0.0,0.0,2009.0,868.0,2089.0,789.0
2.0,12374.0,3186.0,2883.0,0.0,2344.0,2344.0,2018.0,865.0,2414.0,772.0
2.0,9188.0,3215.0,2895.0,0.0,5607.0,5607.0,2032.0,863.0,2357.0,858.0
2.0,5973.0,2951.0,2903.0,2344.0,6246.0,6246.0,2038.0,865.0,1987.0,964.0
2.0,5366.0,2626.0,2898.0,5607.0,3245.0,3245.0,2030.0,868.0,1649.0,977.0
2.0,8347.0,2577.0,2886.0,6246.0,0.0,0.0,2016.0,870.0,1697.0,880.0
2.0,12016.0,2852.0,2880.0,3245.0,0.0,0.0,2011.0,869.0,2079.0,773.0
2.0,12409.0,3158.0,2886.0,0.0,2293.0,2293.0,2020.0,866.0,2398.0,760.0
2.0,9251.0,3205.0,2899.0,0.0,5550.0,5550.0,2035.0,864.0,2353.0,852.0
2.0,6046.0,2937.0,2906.0,2293.0,6222.0,6222.0,2041.0,865.0,1981.0,956.0
2.0,5402.0,2651.0,2902.0,5550.0,3307.0,3307.0,2033.0,869.0,1671.0,980.0
2.0,8301.0,2627.0,2892.0,6222.0,0.0,0.0,2020.0,872.0,1731.0,896.0
2.0,11896.0,2903.0,2885.0,3307.0,0.0,0.0,2015.0,870.0,2113.0,790.0
2.0,12300.0,3200.0,2891.0,0.0,2464.0,2464.0,2024.0,867.0,2431.0,769.0
2.0,9100.0,3220.0,2902.0,0.0,5728.0,5728.0,2038.0,864.0,2364.0,856.0
2.0,5880.0,2937.0,2909.0,2464.0,6229.0,6229.0,2043.0,866.0,1970.0,967.0
2.0,5407.0,2630.0,2904.0,5728.0,3111.0,3111.0,2034.0,870.0,1644.0,986.0
2.0,8505.0,2597.0,2893.0,6229.0,0.0,0.0,2020.0,873.0,1702.0,895.0
2.0,12137.0,2877.0,2888.0,3111.0,0.0,0.0,2016.0,872.0,2093.0,784.0
2.0,12371.0,3195.0,2893.0,0.0,2396.0,2396.0,2025.0,868.0,2426.0,769.0
2.0,9176.0,3233.0,2906.0,0.0,5681.0,5681.0,2040.0,866.0,2372.0,861.0
2.0,5943.0,2952.0,2914.0,2396.0,6269.0,6269.0,2046.0,868.0,1984.0,968.0
2.0,5387.0,2643.0,2910.0,5681.0,3215.0,3215.0,2038.0,872.0,1657.0,986.0
2.0,8425.0,2616.0,2900.0,6269.0,0.0,0.0,2025.0,875.0,1725.0,891.0
2.0,12078.0,2896.0,2893.0,3215.0,0.0,0.0,2020.0,873.0,2119.0,777.0
2.0,12397.0,3200.0,2899.0,0.0,2399.0,2399.0,2029.0,870.0,2438.0,762.0
2.0,9197.0,3236.0,2910.0,0.0,5679.0,5679.0,2042.0,868.0,2372.0,864.0
2.0,5961.0,2962.0,2916.0,2399.0,6266.0,6266.0,2047.0,869.0,1981.0,981.0
2.0,5398.0,2653.0,2913.0,5679.0,3228.0,3228.0,2039.0,874.0,1657.0,996.0
2.0,8424.0,2622.0,2902.0,6266.0,0.0,0.0,2026.0,876.0,1730.0,892.0
2.0,12068.0,2895.0,2897.0,3228.0,0.0,0.0,2022.0,875.0,2123.0,772.0
2.0,12401.0,3187.0,2902.0,0.0,2394.0,2394.0,2031.0,871.0,2435.0,752.0
2.0,9214.0,3213.0,2913.0,0.0,5651.0,5651.0,2045.0,868.0,2354.0,859.0
2.0,6001.0,2942.0,2921.0,2394.0,6231.0,6231.0,2051.0,870.0,1963.0,979.0
2.0,5453.0,2645.0,2918.0,5651.0,3213.0,3213.0,2043.0,875.0,1650.0,995.0
2.0,8459.0,2625.0,2907.0,6231.0,0.0,0.0,2030.0,877.0,1736.0,889.0
2.0,12065.0,2906.0,2900.0,3213.0,0.0,0.0,2025.0,875.0,2135.0,771.0
2.0,12372.0,3214.0,2906.0,0.0,2466.0,2466.0,2034.0,872.0,2446.0,768.0
2.0,9158.0,3244.0,2917.0,0.0,5754.0,5754.0,2047.0,870.0,2364.0,880.0
2.0,5914.0,2963.0,2925.0,2466.0,6283.0,6283.0,2053.0,872.0,1967.0,996.0
2.0,5417.0,2667.0,2921.0,5754.0,3180.0,3180.0,2045.0,876.0,1666.0,1001.0
2.0,8504.0,2638.0,2910.0,6283.0,0.0,0.0,2032.0,878.0,1749.0,889.0
2.0,12149.0,2909.0,2904.0,3180.0,0.0,0.0,2027.0,877.0,2135.0,774.0
2.0,12420.0,3206.0,2909.0,0.0,2422.0,2422.0,2036.0,873.0,2444.0,762.0
2.0,9214.0,3236.0,2921.0,0.0,5706.0,5706.0,2050.0,871.0,2369.0,867.0
2.0,5978.0,2957.0,2929.0,2422.0,6273.0,6273.0,2056.0,873.0,1976.0,981.0
2.0,5443.0,2647.0,2925.0,5706.0,3198.0,3198.0,2048.0,877.0,1656.0,991.0
2.0,8502.0,2604.0,2915.0,6273.0,0.0,0.0,2035.0,880.0,1722.0,882.0
2.0,12171.0,2871.0,2908.0,3198.0,0.0,0.0,2030.0,878.0,2108.0,763.0
2.0,12498.0,3200.0,2912.0,0.0,2350.0,2350.0,2038.0,874.0,2439.0,761.0
2.0,9298.0,3260.0,2924.0,0.0,5658.0,5658.0,2052.0,872.0,2383.0,877.0
2.0,6038.0,2998.0,2932.0,2350.0,6338.0,6338.0,2058.0,874.0,1996.0,1002.0
2.0,5390.0,2679.0,2928.0,5658.0,3343.0,3343.0,2050.0,878.0,1677.0,1002.0
2.0,8369.0,2624.0,2918.0,6338.0,0.0,0.0,2037.0,881.0,1740.0,884.0
2.0,12083.0,2908.0,2912.0,3343.0,0.0,0.0,2033.0,879.0,2139.0,769.0
2.0,12518.0,3238.0,2917.0,0.0,2388.0,2388.0,2042.0,875.0,2468.0,770.0
2.0,9280.0,3281.0,2929.0,0.0,5717.0,5717.0,2056.0,873.0,2397.0,884.0
2.0,5999.0,2987.0,2937.0,2388.0,6348.0,6348.0,2062.0,875.0,1993.0,994.0
2.0,5400.0,2647.0,2934.0,5717.0,3266.0,3266.0,2054.0,880.0,1652.0,995.0
2.0,8470.0,2590.0,2922.0,6348.0,0.0,0.0,2040.0,882.0,1710.0,880.0
2.0,12228.0,2872.0,2916.0,3266.0,0.0,0.0,2036.0,880.0,2106.0,766.0
2.0,12622.0,3221.0,2922.0,0.0,2287.0,2287.0,2045.0,877.0,2453.0,768.0
2.0,9401.0,3277.0,2934.0,0.0,5612.0,5612.0,2059.0,875.0,2393.0,884.0
2.0,6124.0,2994.0,2941.0,2287.0,6347.0,6347.0,2064.0,877.0,1995.0,999.0
2.0,5417.0,2662.0,2936.0,5612.0,3377.0,3377.0,2055.0,881.0,1666.0,996.0
2.0,8367.0,2627.0,2925.0,6347.0,0.0,0.0,2042.0,883.0,1744.0,883.0
2.0,12087.0,2915.0,2920.0,3377.0,0.0,0.0,2038.0,882.0,2141.0,774.0
2.0,12549.0,3265.0,2926.0,0.0,2420.0,2420.0,2048.0,878.0,2488.0,777.0
2.0,9284.0,3324.0,2939.0,0.0,5796.0,5796.0,2063.0,876.0,2437.0,887.0
2.0,5960.0,3018.0,2947.0,2420.0,6426.0,6426.0,2069.0,878.0,2024.0,994.0
2.0,5362.0,2643.0,2943.0,5796.0,3257.0,3257.0,2061.0,882.0,1653.0,990.0
2.0,8515.0,2570.0,2931.0,6426.0,0.0,0.0,2047.0,884.0,1692.0,878.0
2.0,12371.0,2878.0,2923.0,3257.0,0.0,0.0,2041.0,882.0,2109.0,769.0
2.0,12750.0,3252.0,2929.0,0.0,2218.0,2218.0,2051.0,878.0,2476.0,776.0
2.0,9498.0,3311.0,2943.0,0.0,5585.0,5585.0,2066.0,877.0,2418.0,893.0
2.0,6187.0,2998.0,2950.0,2218.0,6393.0,6393.0,2071.0,879.0,1997.0,1001.0
2.0,5407.0,2645.0,2945.0,5585.0,3433.0,3433.0,2062.0,883.0,1647.0,998.0
2.0,8347.0,2600.0,2933.0,6393.0,0.0,0.0,2048.0,885.0,1710.0,890.0
2.0,12140.0,2926.0,2927.0,3433.0,0.0,0.0,2043.0,884.0,2138.0,788.0
2.0,12647.0,3303.0,2933.0,0.0,2388.0,2388.0,2053.0,880.0,2511.0,792.0
2.0,9344.0,3360.0,2947.0,0.0,5804.0,5804.0,2069.0,878.0,2462.0,898.0
2.0,5984.0,3023.0,2956.0,2388.0,6475.0,6475.0,2075.0,881.0,2025.0,998.0
2.0,5349.0,2625.0,2950.0,5804.0,3272.0,3272.0,2065.0,885.0,1637.0,988.0
2.0,8528.0,2555.0,2938.0,6475.0,0.0,0.0,2051.0,887.0,1682.0,873.0
2.0,12448.0,2879.0,2931.0,3272.0,0.0,0.0,2046.0,885.0,2109.0,770.0
2.0,12841.0,3261.0,2937.0,0.0,2168.0,2168.0,2056.0,881.0,2485.0,776.0
2.0,9580.0,3323.0,2950.0,0.0,5543.0,5543.0,2071.0,879.0,2436.0,887.0
2.0,6257.0,3014.0,2958.0,2168.0,6421.0,6421.0,2077.0,881.0,2017.0,997.0
2.0,5411.0,2634.0,2953.0,5543.0,3492.0,3492.0,2067.0,886.0,1641.0,993.0
2.0,8320.0,2572.0,2941.0,6421.0,0.0,0.0,2053.0,888.0,1692.0,880.0
2.0,12169.0,2914.0,2934.0,3492.0,0.0,0.0,2048.0,886.0,2137.0,777.0
2.0,12747.0,3325.0,2941.0,0.0,2342.0,2342.0,2059.0,882.0,2535.0,790.0
2.0,9422.0,3391.0,2955.0,0.0,5789.0,5789.0,2075.0,880.0,2487.0,904.0
2.0,6031.0,3051.0,2963.0,2342.0,6530.0,6530.0,2081.0,882.0,2042.0,1009.0
2.0,5322.0,2637.0,2958.0,5789.0,3358.0,3358.0,2071.0,887.0,1632.0,1005.0
2.0,8474.0,2561.0,2945.0,6530.0,0.0,0.0,2056.0,889.0,1673.0,888.0
2.0,12443.0,2874.0,2938.0,3358.0,0.0,0.0,2051.0,887.0,2102.0,772.0
2.0,12927.0,3266.0,2944.0,0.0,2115.0,2115.0,2061.0,883.0,2492.0,774.0
2.0,9661.0,3358.0,2958.0,0.0,5529.0,5529.0,2076.0,882.0,2460.0,898.0
2.0,6303.0,3048.0,2966.0,2115.0,6494.0,6494.0,2082.0,884.0,2036.0,1012.0
2.0,5370.0,2655.0,2963.0,5529.0,3608.0,3608.0,2074.0,889.0,1652.0,1003.0
2.0,8244.0,2581.0,2950.0,6494.0,0.0,0.0,2059.0,891.0,1697.0,884.0
2.0,12157.0,2904.0,2943.0,3608.0,0.0,0.0,2054.0,889.0,2132.0,772.0
2.0,12861.0,3314.0,2950.0,0.0,2253.0,2253.0,2065.0,885.0,2533.0,781.0
2.0,9547.0,3391.0,2963.0,0.0,5696.0,5696.0,2080.0,883.0,2490.0,901.0
2.0,6156.0,3057.0,2971.0,2253.0,6532.0,6532.0,2086.0,885.0,2047.0,1010.0
2.0,5352.0,2650.0,2967.0,5696.0,3470.0,3470.0,2077.0,890.0,1642.0,1008.0
2.0,8398.0,2577.0,2954.0,6532.0,0.0,0.0,2062.0,892.0,1686.0,891.0
2.0,12353.0,2897.0,2946.0,3470.0,0.0,0.0,2056.0,890.0,2123.0,774.0
2.0,12926.0,3292.0,2953.0,0.0,2178.0,2178.0,2067.0,886.0,2519.0,773.0
2.0,9634.0,3346.0,2966.0,0.0,5576.0,5576.0,2082.0,884.0,2461.0,885.0
2.0,6288.0,3015.0,2974.0,2178.0,6445.0,6445.0,2088.0,886.0,2013.0,1002.0
2.0,5451.0,2637.0,2970.0,5576.0,3490.0,3490.0,2079.0,891.0,1628.0,1009.0
2.0,8390.0,2601.0,2957.0,6445.0,0.0,0.0,2064.0,893.0,1703.0,898.0
2.0,12234.0,2931.0,2951.0,3490.0,0.0,0.0,2060.0,891.0,2150.0,781.0
2.0,12793.0,3317.0,2957.0,0.0,2352.0,2352.0,2070.0,887.0,2539.0,778.0
2.0,9476.0,3392.0,2971.0,0.0,5800.0,5800.0,2086.0,885.0,2494.0,898.0
2.0,6084.0,3066.0,2980.0,2352.0,6550.0,6550.0,2092.0,888.0,2050.0,1016.0
2.0,5370.0,2672.0,2975.0,5800.0,3402.0,3402.0,2083.0,892.0,1657.0,1015.0
2.0,8498.0,2592.0,2963.0,6550.0,0.0,0.0,2068.0,895.0,1700.0,892.0
2.0,12456.0,2907.0,2954.0,3402.0,0.0,0.0,2062.0,892.0,2134.0,773.0
2.0,12951.0,3301.0,2959.0,0.0,2186.0,2186.0,2071.0,888.0,2522.0,779.0
2.0,9650.0,3377.0,2973.0,0.0,5619.0,5619.0,2087.0,886.0,2477.0,900.0
2.0,6273.0,3047.0,2983.0,2186.0,6520.0,6520.0,2094.0,889.0,2035.0,1012.0
2.0,5412.0,2641.0,2979.0,5619.0,3526.0,3526.0,2085.0,894.0,1638.0,1003.0
2.0,8390.0,2568.0,2966.0,6520.0,0.0,0.0,2070.0,896.0,1689.0,879.0
2.0,12342.0,2885.0,2957.0,3526.0,0.0,0.0,2064.0,893.0,2121.0,764.0
2.0,12983.0,3297.0,2963.0,0.0,2166.0,2166.0,2074.0,889.0,2521.0,776.0
2.0,9686.0,3398.0,2977.0,0.0,5620.0,5620.0,2090.0,887.0,2487.0,911.0
2.0,6288.0,3093.0,2987.0,2166.0,6587.0,6587.0,2097.0,890.0,2065.0,1028.0
2.0,5361.0,2692.0,2982.0,5620.0,3639.0,3639.0,2088.0,894.0,1674.0,1018.0
2.0,8289.0,2604.0,2969.0,6587.0,0.0,0.0,2073.0,896.0,1715.0,889.0
2.0,12272.0,2910.0,2960.0,3639.0,0.0,0.0,2066.0,894.0,2140.0,770.0
2.0,13001.0,3301.0,2965.0,0.0,2160.0,2160.0,2076.0,889.0,2519.0,782.0
2.0,9700.0,3387.0,2980.0,0.0,5607.0,5607.0,2092.0,888.0,2473.0,914.0
2.0,6313.0,3084.0,2990.0,2160.0,6571.0,6571.0,2099.0,891.0,2051.0,1033.0
2.0,5389.0,2687.0,2987.0,5607.0,3639.0,3639.0,2091.0,896.0,1670.0,1017.0
2.0,8309.0,2595.0,2974.0,6571.0,0.0,0.0,2076.0,898.0,1712.0,883.0
2.0,12285.0,2901.0,2965.0,3639.0,0.0,0.0,2070.0,895.0,2137.0,764.0
2.0,13023.0,3299.0,2971.0,0.0,2160.0,2160.0,2080.0,891.0,2525.0,774.0
2.0,9724.0,3393.0,2986.0,0.0,5613.0,5613.0,2096.0,890.0,2487.0,906.0
2.0,6331.0,3103.0,2995.0,2160.0,6592.0,6592.0,2103.0,892.0,2073.0,1030.0
2.0,5388.0,2701.0,2992.0,5613.0,3668.0,3668.0,2095.0,897.0,1679.0,1022.0
2.0,8300.0,2611.0,2978.0,6592.0,0.0,0.0,2079.0,899.0,1713.0,898.0
2.0,12281.0,2912.0,2969.0,3668.0,0.0,0.0,2072.0,897.0,2130.0,782.0
2.0,13037.0,3308.0,2974.0,0.0,2167.0,2167.0,2081.0,893.0,2522.0,786.0
2.0,9729.0,3400.0,2989.0,0.0,5627.0,5627.0,2098.0,891.0,2495.0,905.0
2.0,6329.0,3102.0,2999.0,2167.0,6602.0,6602.0,2106.0,893.0,2082.0,1020.0
2.0,5394.0,2700.0,2996.0,5627.0,3663.0,3663.0,2098.0,898.0,1689.0,1011.0
2.0,8321.0,2615.0,2983.0,6602.0,0.0,0.0,2083.0,900.0,1722.0,893.0
2.0,12308.0,2913.0,2975.0,3663.0,0.0,0.0,2077.0,898.0,2137.0,776.0
2.0,13058.0,3292.0,2979.0,0.0,2150.0,2150.0,2086.0,893.0,2514.0,778.0
2.0,9766.0,3378.0,2993.0,0.0,5584.0,5584.0,2102.0,891.0,2478.0,900.0
2.0,6388.0,3079.0,3003.0,2150.0,6553.0,6553.0,2109.0,894.0,2058.0,1021.0
2.0,5459.0,2695.0,2999.0,5584.0,3648.0,3648.0,2100.0,899.0,1671.0,1024.0
2.0,8348.0,2631.0,2985.0,6553.0,0.0,0.0,2084.0,901.0,1716.0,915.0
2.0,12270.0,2958.0,2977.0,3648.0,0.0,0.0,2078.0,899.0,2158.0,800.0
2.0,12960.0,3338.0,2982.0,0.0,2306.0,2306.0,2087.0,895.0,2548.0,790.0
2.0,9622.0,3397.0,2997.0,0.0,5763.0,5763.0,2104.0,893.0,2501.0,896.0
2.0,6225.0,3081.0,3006.0,2306.0,6574.0,6574.0,2111.0,895.0,2067.0,1014.0
2.0,5450.0,2689.0,3002.0,5763.0,3484.0,3484.0,2102.0,900.0,1670.0,1019.0
2.0,8524.0,2614.0,2990.0,6574.0,0.0,0.0,2087.0,903.0,1707.0,907.0
2.0,12484.0,2926.0,2982.0,3484.0,0.0,0.0,2081.0,901.0,2139.0,787.0
2.0,13042.0,3310.0,2987.0,0.0,2216.0,2216.0,2091.0,896.0,2529.0,781.0
2.0,9732.0,3394.0,3001.0,0.0,5666.0,5666.0,2107.0,894.0,2503.0,891.0
2.0,6338.0,3079.0,3011.0,2216.0,6569.0,6569.0,2115.0,896.0,2072.0,1007.0
2.0,5475.0,2682.0,3006.0,5666.0,3565.0,3565.0,2105.0,901.0,1671.0,1011.0
2.0,8459.0,2616.0,2992.0,6569.0,0.0,0.0,2089.0,903.0,1710.0,906.0
2.0,12412.0,2948.0,2984.0,3565.0,0.0,0.0,2083.0,901.0,2150.0,798.0
2.0,13029.0,3360.0,2990.0,0.0,2291.0,2291.0,2093.0,897.0,2561.0,799.0
2.0,9669.0,3442.0,3004.0,0.0,5789.0,5789.0,2109.0,895.0,2535.0,907.0
2.0,6227.0,3110.0,3014.0,2291.0,6648.0,6648.0,2117.0,897.0,2094.0,1016.0
2.0,5408.0,2698.0,3010.0,5789.0,3541.0,3541.0,2108.0,902.0,1683.0,1015.0
2.0,8499.0,2615.0,2997.0,6648.0,0.0,0.0,2093.0,904.0,1710.0,905.0
2.0,12532.0,2936.0,2988.0,3541.0,0.0,0.0,2086.0,902.0,2139.0,797.0
2.0,13137.0,3351.0,2994.0,0.0,2190.0,2190.0,2096.0,898.0,2547.0,804.0
2.0,9786.0,3428.0,3010.0,0.0,5682.0,5682.0,2113.0,897.0,2516.0,912.0
2.0,6358.0,3077.0,3019.0,2190.0,6605.0,6605.0,2120.0,899.0,2065.0,1012.0
2.0,5471.0,2664.0,3015.0,5682.0,3571.0,3571.0,2111.0,904.0,1656.0,1008.0
2.0,8489.0,2606.0,3002.0,6605.0,0.0,0.0,2096.0,906.0,1705.0,901.0
2.0,12488.0,2957.0,2993.0,3571.0,0.0,0.0,2089.0,904.0,2158.0,799.0
2.0,13102.0,3373.0,2999.0,0.0,2267.0,2267.0,2099.0,900.0,2565.0,808.0
2.0,9729.0,3460.0,3014.0,0.0,5787.0,5787.0,2116.0,898.0,2540.0,920.0
2.0,6269.0,3113.0,3024.0,2267.0,6673.0,6673.0,2123.0,901.0,2095.0,1018.0
2.0,5423.0,2707.0,3019.0,5787.0,3573.0,3573.0,2114.0,905.0,1700.0,1007.0
2.0,8503.0,2626.0,3006.0,6673.0,0.0,0.0,2099.0,907.0,1731.0,895.0
2.0,12550.0,2948.0,2998.0,3573.0,0.0,0.0,2093.0,905.0,2154.0,794.0
2.0,13175.0,3357.0,3004.0,0.0,2198.0,2198.0,2103.0,901.0,2551.0,806.0
2.0,9818.0,3430.0,3018.0,0.0,5684.0,5684.0,2119.0,899.0,2515.0,915.0
2.0,6388.0,3094.0,3027.0,2198.0,6616.0,6616.0,2126.0,901.0,2079.0,1015.0
2.0,5492.0,2682.0,3023.0,5684.0,3598.0,3598.0,2117.0,906.0,1672.0,1010.0
2.0,8494.0,2608.0,3009.0,6616.0,0.0,0.0,2101.0,908.0,1710.0,898.0
2.0,12502.0,2951.0,3001.0,3598.0,0.0,0.0,2095.0,906.0,2154.0,797.0
2.0,13149.0,3370.0,3006.0,0.0,2245.0,2245.0,2104.0,902.0,2560.0,810.0
2.0,9779.0,3471.0,3021.0,0.0,5776.0,5776.0,2121.0,900.0,2542.0,929.0
2.0,6308.0,3157.0,3032.0,2245.0,6732.0,6732.0,2129.0,903.0,2124.0,1033.0
2.0,5396.0,2738.0,3028.0,5776.0,3678.0,3678.0,2121.0,907.0,1721.0,1017.0
2.0,8434.0,2634.0,3016.0,6732.0,0.0,0.0,2106.0,910.0,1736.0,898.0
2.0,12532.0,2938.0,3006.0,3678.0,0.0,0.0,2099.0,907.0,2144.0,794.0
2.0,13272.0,3348.0,3011.0,0.0,2120.0,2120.0,2108.0,903.0,2537.0,811.0
2.0,9924.0,3442.0,3026.0,0.0,5622.0,5622.0,2124.0,902.0,2510.0,932.0
2.0,6482.0,3113.0,3035.0,2120.0,6651.0,6651.0,2131.0,904.0,2086.0,1027.0
2.0,5489.0,2688.0,3031.0,5622.0,3701.0,3701.0,2122.0,909.0,1686.0,1002.0
2.0,8423.0,2604.0,3018.0,6651.0,0.0,0.0,2107.0,911.0,1720.0,884.0
2.0,12470.0,2938.0,3009.0,3701.0,0.0,0.0,2100.0,909.0,2150.0,788.0
2.0,13233.0,3360.0,3015.0,0.0,2187.0,2187.0,2110.0,905.0,2550.0,810.0
2.0,9873.0,3460.0,3029.0,0.0,5703.0,5703.0,2126.0,903.0,2529.0,931.0
2.0,6413.0,3153.0,3039.0,2187.0,6709.0,6709.0,2134.0,905.0,2118.0,1035.0
2.0,5447.0,2741.0,3035.0,5703.0,3731.0,3731.0,2126.0,909.0,1725.0,1016.0
2.0,8409.0,2651.0,3021.0,6709.0,0.0,0.0,2110.0,911.0,1753.0,898.0
2.0,12467.0,2976.0,3014.0,3731.0,0.0,0.0,2104.0,910.0,2176.0,800.0
2.0,13222.0,3369.0,3020.0,0.0,2227.0,2227.0,2114.0,906.0,2553.0,816.0
2.0,9853.0,3433.0,3034.0,0.0,5716.0,5716.0,2130.0,904.0,2506.0,927.0
2.0,6420.0,3109.0,3043.0,2227.0,6634.0,6634.0,2137.0,906.0,2084.0,1025.0
2.0,5538.0,2719.0,3040.0,5716.0,3625.0,3625.0,2129.0,911.0,1707.0,1012.0
2.0,8535.0,2647.0,3026.0,6634.0,0.0,0.0,2113.0,913.0,1743.0,904.0
2.0,12522.0,2962.0,3018.0,3625.0,0.0,0.0,2107.0,911.0,2154.0,808.0
2.0,13185.0,3350.0,3024.0,0.0,2261.0,2261.0,2116.0,908.0,2532.0,818.0
2.0,9835.0,3430.0,3038.0,0.0,5747.0,5747.0,2132.0,906.0,2505.0,925.0
2.0,6405.0,3136.0,3047.0,2261.0,6658.0,6658.0,2139.0,908.0,2116.0,1020.0
2.0,5530.0,2758.0,3044.0,5747.0,3657.0,3657.0,2132.0,912.0,1748.0,1010.0
2.0,8519.0,2684.0,3031.0,6658.0,0.0,0.0,2117.0,914.0,1777.0,907.0
2.0,12493.0,3001.0,3023.0,3657.0,0.0,0.0,2110.0,913.0,2182.0,819.0
2.0,13149.0,3373.0,3028.0,0.0,2336.0,2336.0,2119.0,909.0,2544.0,829.0
2.0,9776.0,3437.0,3041.0,0.0,5825.0,5825.0,2134.0,907.0,2507.0,930.0
2.0,6339.0,3120.0,3052.0,2336.0,6653.0,6653.0,2142.0,910.0,2099.0,1021.0
2.0,5555.0,2739.0,3048.0,5825.0,3551.0,3551.0,2134.0,914.0,1730.0,1009.0
2.0,8641.0,2658.0,3035.0,6653.0,0.0,0.0,2119.0,916.0,1756.0,902.0
2.0,12636.0,2959.0,3026.0,3551.0,0.0,0.0,2112.0,914.0,2154.0,805.0
2.0,13228.0,3351.0,3031.0,0.0,2247.0,2247.0,2121.0,910.0,2534.0,817.0
2.0,9877.0,3435.0,3045.0,0.0,5738.0,5738.0,2137.0,908.0,2513.0,922.0
2.0,6442.0,3139.0,3055.0,2247.0,6670.0,6670.0,2145.0,910.0,2121.0,1018.0
2.0,5550.0,2778.0,3053.0,5738.0,3702.0,3702.0,2138.0,915.0,1758.0,1020.0
2.0,8510.0,2705.0,3040.0,6670.0,0.0,0.0,2123.0,917.0,1786.0,919.0
2.0,12475.0,3002.0,3031.0,3702.0,0.0,0.0,2116.0,915.0,2183.0,819.0
2.0,13175.0,3369.0,3035.0,0.0,2334.0,2334.0,2124.0,911.0,2545.0,824.0
2.0,9806.0,3441.0,3050.0,0.0,5835.0,5835.0,2140.0,910.0,2507.0,934.0
2.0,6365.0,3146.0,3059.0,2334.0,6683.0,6683.0,2147.0,912.0,2111.0,1035.0
2.0,5553.0,2774.0,3057.0,5835.0,3614.0,3614.0,2140.0,917.0,1752.0,1022.0
2.0,8614.0,2685.0,3044.0,6683.0,0.0,0.0,2125.0,919.0,1779.0,906.0
2.0,12612.0,2960.0,3035.0,3614.0,0.0,0.0,2118.0,917.0,2159.0,801.0
2.0,13266.0,3321.0,3038.0,0.0,2207.0,2207.0,2126.0,912.0,2516.0,805.0
2.0,9945.0,3424.0,3053.0,0.0,5691.0,5691.0,2142.0,911.0,2505.0,919.0
2.0,6521.0,3152.0,3063.0,2207.0,6676.0,6676.0,2150.0,913.0,2125.0,1027.0
2.0,5576.0,2789.0,3061.0,5691.0,3766.0,3766.0,2143.0,918.0,1765.0,1024.0
2.0,8478.0,2695.0,3048.0,6676.0,0.0,0.0,2128.0,920.0,1783.0,912.0
2.0,12459.0,2979.0,3038.0,3766.0,0.0,0.0,2121.0,917.0,2174.0,805.0
2.0,13246.0,3361.0,3042.0,0.0,2283.0,2283.0,2129.0,913.0,2544.0,817.0
2.0,9885.0,3463.0,3055.0,0.0,5798.0,5798.0,2144.0,911.0,2526.0,937.0
2.0,6422.0,3188.0,3066.0,2283.0,6747.0,6747.0,2152.0,914.0,2140.0,1048.0
2.0,5517.0,2788.0,3064.0,5798.0,3729.0,3729.0,2145.0,919.0,1758.0,1030.0
2.0,8527.0,2678.0,3051.0,6747.0,0.0,0.0,2130.0,921.0,1774.0,904.0
2.0,12596.0,2963.0,3041.0,3729.0,0.0,0.0,2123.0,918.0,2161.0,802.0
2.0,13362.0,3361.0,3046.0,0.0,2183.0,2183.0,2132.0,914.0,2543.0,818.0
2.0,10001.0,3468.0,3061.0,0.0,5711.0,5711.0,2148.0,913.0,2536.0,932.0
2.0,6533.0,3173.0,3072.0,2183.0,6745.0,6745.0,2156.0,916.0,2140.0,1033.0
2.0,5543.0,2773.0,3069.0,5711.0,3795.0,3795.0,2149.0,920.0,1747.0,1026.0
2.0,8481.0,2674.0,3056.0,6745.0,0.0,0.0,2134.0,922.0,1762.0,912.0
2.0,12552.0,2980.0,3047.0,3795.0,0.0,0.0,2127.0,920.0,2172.0,808.0
2.0,13367.0,3388.0,3051.0,0.0,2225.0,2225.0,2135.0,916.0,2568.0,820.0
2.0,9979.0,3491.0,3065.0,0.0,5772.0,5772.0,2151.0,914.0,2555.0,936.0
2.0,6488.0,3179.0,3076.0,2225.0,6770.0,6770.0,2159.0,917.0,2137.0,1042.0
2.0,5534.0,2763.0,3071.0,5772.0,3741.0,3741.0,2150.0,921.0,1735.0,1028.0
2.0,8543.0,2668.0,3058.0,6770.0,0.0,0.0,2135.0,923.0,1761.0,907.0
2.0,12645.0,2975.0,3050.0,3741.0,0.0,0.0,2129.0,921.0,2178.0,797.0
2.0,13411.0,3374.0,3054.0,0.0,2179.0,2179.0,2138.0,916.0,2565.0,809.0
2.0,10037.0,3464.0,3069.0,0.0,5703.0,5703.0,2154.0,915.0,2535.0,929.0
2.0,6573.0,3168.0,3078.0,2179.0,6728.0,6728.0,2161.0,917.0,2130.0,1038.0
2.0,5584.0,2777.0,3076.0,5703.0,3794.0,3794.0,2154.0,922.0,1749.0,1028.0
2.0,8510.0,2680.0,3062.0,6728.0,0.0,0.0,2139.0,923.0,1771.0,909.0
2.0,12558.0,2984.0,3054.0,3794.0,0.0,0.0,2133.0,921.0,2176.0,808.0
2.0,13368.0,3389.0,3058.0,0.0,2253.0,2253.0,2141.0,917.0,2567.0,822.0
2.0,9979.0,3495.0,3073.0,0.0,5808.0,5808.0,2157.0,916.0,2553.0,942.0
2.0,6484.0,3193.0,3083.0,2253.0,6788.0,6788.0,2164.0,919.0,2143.0,1050.0
2.0,5544.0,2806.0,3079.0,5808.0,3770.0,3770.0,2156.0,923.0,1761.0,1045.0
2.0,8546.0,2708.0,3066.0,6788.0,0.0,0.0,2141.0,925.0,1785.0,923.0
2.0,12626.0,2988.0,3057.0,3770.0,0.0,0.0,2135.0,922.0,2184.0,804.0
2.0,13408.0,3363.0,3062.0,0.0,2203.0,2203.0,2144.0,918.0,2559.0,804.0
2.0,10045.0,3461.0,3076.0,0.0,5720.0,5720.0,2159.0,917.0,2538.0,923.0
2.0,6584.0,3177.0,3086.0,2203.0,6734.0,6734.0,2167.0,919.0,2137.0,1040.0
2.0,5610.0,2800.0,3083.0,5720.0,3802.0,3802.0,2159.0,924.0,1760.0,1040.0
2.0,8530.0,2711.0,3070.0,6734.0,0.0,0.0,2144.0,926.0,1781.0,930.0
2.0,12553.0,2994.0,3062.0,3802.0,0.0,0.0,2138.0,924.0,2180.0,814.0
2.0,13361.0,3355.0,3066.0,0.0,2258.0,2258.0,2146.0,920.0,2548.0,807.0
2.0,10006.0,3451.0,3079.0,0.0,5761.0,5761.0,2161.0,918.0,2533.0,918.0
2.0,6555.0,3191.0,3088.0,2258.0,6730.0,6730.0,2168.0,920.0,2148.0,1043.0
2.0,5622.0,2829.0,3085.0,5761.0,3786.0,3786.0,2160.0,925.0,1775.0,1054.0
2.0,8554.0,2739.0,3073.0,6730.0,0.0,0.0,2146.0,927.0,1799.0,940.0
2.0,12545.0,3014.0,3065.0,3786.0,0.0,0.0,2140.0,925.0,2199.0,815.0
2.0,13317.0,3387.0,3069.0,0.0,2346.0,2346.0,2149.0,920.0,2577.0,810.0
2.0,9930.0,3474.0,3083.0,0.0,5876.0,5876.0,2164.0,919.0,2550.0,924.0
2.0,6456.0,3184.0,3092.0,2346.0,6750.0,6750.0,2171.0,921.0,2139.0,1045.0
2.0,5618.0,2812.0,3090.0,5876.0,3678.0,3678.0,2164.0,926.0,1759.0,1053.0
2.0,8682.0,2719.0,3079.0,6750.0,0.0,0.0,2150.0,929.0,1784.0,935.0
2.0,12713.0,3002.0,3070.0,3678.0,0.0,0.0,2144.0,926.0,2193.0,809.0
2.0,13389.0,3360.0,3074.0,0.0,2267.0,2267.0,2152.0,922.0,2563.0,797.0
2.0,10029.0,3451.0,3087.0,0.0,5770.0,5770.0,2167.0,920.0,2531.0,920.0
2.0,6578.0,3190.0,3096.0,2267.0,6729.0,6729.0,2173.0,923.0,2138.0,1052.0
2.0,5655.0,2850.0,3094.0,5770.0,3801.0,3801.0,2166.0,928.0,1785.0,1065.0
2.0,8575.0,2773.0,3082.0,6729.0,0.0,0.0,2152.0,930.0,1829.0,944.0
2.0,12531.0,3037.0,3074.0,3801.0,0.0,0.0,2146.0,928.0,2221.0,816.0
2.0,13295.0,3391.0,3078.0,0.0,2408.0,2408.0,2155.0,923.0,2582.0,809.0
2.0,9904.0,3475.0,3091.0,0.0,5935.0,5935.0,2170.0,921.0,2553.0,922.0
2.0,6429.0,3190.0,3101.0,2408.0,6757.0,6757.0,2177.0,924.0,2147.0,1043.0
2.0,5647.0,2824.0,3099.0,5935.0,3638.0,3638.0,2170.0,929.0,1777.0,1047.0
2.0,8758.0,2720.0,3087.0,6757.0,0.0,0.0,2156.0,931.0,1793.0,927.0
2.0,12795.0,2986.0,3077.0,3638.0,0.0,0.0,2149.0,928.0,2179.0,807.0
2.0,13447.0,3359.0,3081.0,0.0,2236.0,2236.0,2157.0,924.0,2552.0,807.0
2.0,10088.0,3465.0,3094.0,0.0,5753.0,5753.0,2172.0,922.0,2534.0,931.0
2.0,6623.0,3203.0,3104.0,2236.0,6760.0,6760.0,2179.0,925.0,2147.0,1056.0
2.0,5656.0,2846.0,3102.0,5753.0,3845.0,3845.0,2172.0,930.0,1787.0,1059.0
2.0,8563.0,2758.0,3089.0,6760.0,0.0,0.0,2157.0,932.0,1820.0,938.0
2.0,12565.0,3056.0,3081.0,3845.0,0.0,0.0,2151.0,930.0,2233.0,823.0
2.0,13354.0,3425.0,3086.0,0.0,2415.0,2415.0,2160.0,926.0,2599.0,826.0
2.0,9929.0,3505.0,3100.0,0.0,5976.0,5976.0,2176.0,924.0,2563.0,942.0
2.0,6424.0,3207.0,3110.0,2415.0,6808.0,6808.0,2183.0,927.0,2152.0,1055.0
2.0,5632.0,2828.0,3108.0,5976.0,3652.0,3652.0,2176.0,932.0,1781.0,1047.0
2.0,8780.0,2731.0,3095.0,6808.0,0.0,0.0,2161.0,934.0,1804.0,927.0
2.0,12857.0,3008.0,3087.0,3652.0,0.0,0.0,2155.0,932.0,2196.0,812.0
2.0,13501.0,3377.0,3090.0,0.0,2236.0,2236.0,2163.0,927.0,2568.0,809.0
2.0,10124.0,3466.0,3103.0,0.0,5754.0,5754.0,2178.0,925.0,2535.0,931.0
2.0,6658.0,3180.0,3113.0,2236.0,6738.0,6738.0,2185.0,928.0,2127.0,1053.0
2.0,5714.0,2821.0,3110.0,5754.0,3793.0,3793.0,2177.0,933.0,1772.0,1049.0
2.0,8647.0,2755.0,3098.0,6738.0,0.0,0.0,2163.0,935.0,1829.0,926.0
2.0,12630.0,3062.0,3089.0,3793.0,0.0,0.0,2157.0,932.0,2246.0,816.0
2.0,13361.0,3444.0,3094.0,0.0,2459.0,2459.0,2166.0,928.0,2617.0,827.0
2.0,9917.0,3520.0,3108.0,0.0,6035.0,6035.0,2182.0,926.0,2571.0,949.0
2.0,6397.0,3218.0,3118.0,2459.0,6834.0,6834.0,2189.0,929.0,2161.0,1057.0
2.0,5638.0,2829.0,3114.0,6035.0,3612.0,3612.0,2181.0,933.0,1781.0,1048.0
2.0,8844.0,2737.0,3103.0,6834.0,0.0,0.0,2167.0,936.0,1807.0,930.0
2.0,12941.0,3028.0,3095.0,3612.0,0.0,0.0,2161.0,934.0,2206.0,822.0
2.0,13525.0,3409.0,3099.0,0.0,2280.0,2280.0,2169.0,930.0,2579.0,830.0
2.0,10116.0,3486.0,3112.0,0.0,5818.0,5818.0,2184.0,928.0,2542.0,944.0
2.0,6630.0,3185.0,3121.0,2280.0,6759.0,6759.0,2191.0,930.0,2129.0,1056.0
2.0,5725.0,2818.0,3118.0,5818.0,3747.0,3747.0,2183.0,935.0,1769.0,1049.0
2.0,8725.0,2756.0,3106.0,6759.0,0.0,0.0,2169.0,937.0,1825.0,931.0
2.0,12728.0,3061.0,3098.0,3747.0,0.0,0.0,2163.0,935.0,2243.0,818.0
2.0,13414.0,3449.0,3104.0,0.0,2451.0,2451.0,2173.0,931.0,2623.0,826.0
2.0,9965.0,3537.0,3117.0,0.0,6040.0,6040.0,2188.0,929.0,2589.0,948.0
2.0,6428.0,3224.0,3127.0,2451.0,6853.0,6853.0,2195.0,932.0,2167.0,1057.0
2.0,5655.0,2828.0,3123.0,6040.0,3625.0,3625.0,2187.0,936.0,1778.0,1050.0
2.0,8867.0,2731.0,3110.0,6853.0,0.0,0.0,2172.0,938.0,1800.0,931.0
2.0,12989.0,3030.0,3102.0,3625.0,0.0,0.0,2166.0,936.0,2210.0,820.0
2.0,13584.0,3418.0,3106.0,0.0,2258.0,2258.0,2174.0,932.0,2592.0,826.0
2.0,10166.0,3508.0,3120.0,0.0,5822.0,5822.0,2190.0,930.0,2567.0,941.0
2.0,6658.0,3218.0,3129.0,2258.0,6818.0,6818.0,2197.0,932.0,2164.0,1054.0
2.0,5698.0,2823.0,3126.0,5822.0,3807.0,3807.0,2189.0,937.0,1776.0,1047.0
2.0,8697.0,2734.0,3114.0,6818.0,0.0,0.0,2175.0,939.0,1806.0,928.0
2.0,12781.0,3056.0,3106.0,3807.0,0.0,0.0,2169.0,937.0,2237.0,819.0
2.0,13532.0,3453.0,3111.0,0.0,2365.0,2365.0,2178.0,933.0,2625.0,828.0
2.0,10079.0,3559.0,3125.0,0.0,5980.0,5980.0,2194.0,931.0,2602.0,957.0
2.0,6520.0,3258.0,3135.0,2365.0,6913.0,6913.0,2201.0,934.0,2179.0,1079.0
2.0,5627.0,2847.0,3130.0,5980.0,3760.0,3760.0,2192.0,938.0,1780.0,1067.0
2.0,8760.0,2738.0,3118.0,6913.0,0.0,0.0,2177.0,941.0,1804.0,934.0
2.0,12935.0,3035.0,3110.0,3760.0,0.0,0.0,2171.0,939.0,2223.0,812.0
2.0,13660.0,3430.0,3114.0,0.0,2226.0,2226.0,2180.0,934.0,2609.0,821.0
2.0,10230.0,3525.0,3128.0,0.0,5807.0,5807.0,2195.0,933.0,2579.0,946.0
2.0,6705.0,3226.0,3137.0,2226.0,6843.0,6843.0,2202.0,935.0,2164.0,1062.0
2.0,5705.0,2832.0,3135.0,5807.0,3860.0,3860.0,2195.0,940.0,1779.0,1053.0
2.0,8680.0,2734.0,3122.0,6843.0,0.0,0.0,2180.0,942.0,1810.0,924.0
2.0,12789.0,3044.0,3115.0,3860.0,0.0,0.0,2175.0,940.0,2232.0,812.0
2.0,13605.0,3452.0,3119.0,0.0,2323.0,2323.0,2184.0,935.0,2629.0,823.0
2.0,10153.0,3557.0,3133.0,0.0,5936.0,5936.0,2200.0,933.0,2605.0,952.0
2.0,6596.0,3262.0,3143.0,2323.0,6915.0,6915.0,2207.0,936.0,2191.0,1071.0
2.0,5657.0,2861.0,3139.0,5936.0,3824.0,3824.0,2198.0,941.0,1796.0,1065.0
2.0,8732.0,2763.0,3126.0,6915.0,0.0,0.0,2183.0,943.0,1820.0,943.0
2.0,12884.0,3047.0,3117.0,3824.0,0.0,0.0,2177.0,940.0,2224.0,823.0
2.0,13661.0,3440.0,3122.0,0.0,2267.0,2267.0,2186.0,936.0,2607.0,833.0
2.0,10221.0,3541.0,3135.0,0.0,5860.0,5860.0,2201.0,934.0,2591.0,950.0
2.0,6680.0,3251.0,3146.0,2267.0,6888.0,6888.0,2209.0,937.0,2185.0,1066.0
2.0,5696.0,2857.0,3143.0,5860.0,3873.0,3873.0,2201.0,942.0,1799.0,1058.0
2.0,8699.0,2741.0,3130.0,6888.0,0.0,0.0,2186.0,944.0,1803.0,938.0
2.0,12846.0,3039.0,3122.0,3873.0,0.0,0.0,2180.0,942.0,2214.0,825.0
2.0,13680.0,3453.0,3128.0,0.0,2285.0,2285.0,2190.0,938.0,2622.0,831.0
2.0,10227.0,3564.0,3142.0,0.0,5905.0,5905.0,2206.0,936.0,2608.0,956.0
2.0,6663.0,3268.0,3152.0,2285.0,6928.0,6928.0,2213.0,939.0,2199.0,1069.0
2.0,5680.0,2866.0,3148.0,5905.0,3873.0,3873.0,2204.0,944.0,1806.0,1060.0
2.0,8719.0,2753.0,3135.0,6928.0,0.0,0.0,2189.0,946.0,1814.0,939.0
2.0,12894.0,3056.0,3125.0,3873.0,0.0,0.0,2182.0,943.0,2230.0,826.0
2.0,13711.0,3462.0,3130.0,0.0,2271.0,2271.0,2191.0,939.0,2619.0,843.0
2.0,10249.0,3568.0,3145.0,0.0,5899.0,5899.0,2207.0,938.0,2605.0,963.0
2.0,6681.0,3253.0,3154.0,2271.0,6917.0,6917.0,2214.0,940.0,2191.0,1062.0
2.0,5699.0,2842.0,3150.0,5899.0,3844.0,3844.0,2206.0,944.0,1797.0,1045.0
2.0,8756.0,2743.0,3138.0,6917.0,0.0,0.0,2192.0,946.0,1816.0,927.0
2.0,12930.0,3045.0,3130.0,3844.0,0.0,0.0,2186.0,944.0,2221.0,824.0
2.0,13729.0,3456.0,3135.0,0.0,2267.0,2267.0,2195.0,940.0,2619.0,837.0
2.0,10273.0,3571.0,3149.0,0.0,5894.0,5894.0,2211.0,938.0,2612.0,959.0
2.0,6702.0,3268.0,3159.0,2267.0,6935.0,6935.0,2218.0,941.0,2197.0,1071.0
2.0,5701.0,2867.0,3155.0,5894.0,3892.0,3892.0,2210.0,945.0,1807.0,1060.0
2.0,8728.0,2761.0,3143.0,6935.0,0.0,0.0,2195.0,948.0,1820.0,941.0
2.0,12902.0,3067.0,3134.0,3892.0,0.0,0.0,2188.0,946.0,2227.0,840.0
2.0,13727.0,3482.0,3139.0,0.0,2311.0,2311.0,2197.0,942.0,2631.0,851.0
2.0,10245.0,3587.0,3153.0,0.0,5954.0,5954.0,2213.0,940.0,2621.0,966.0
2.0,6658.0,3294.0,3164.0,2311.0,6981.0,6981.0,2221.0,943.0,2225.0,1069.0
2.0,5675.0,2879.0,3160.0,5954.0,3890.0,3890.0,2213.0,947.0,1821.0,1058.0
2.0,8750.0,2755.0,3148.0,6981.0,0.0,0.0,2199.0,949.0,1819.0,936.0
2.0,12976.0,3044.0,3139.0,3890.0,0.0,0.0,2192.0,947.0,2221.0,823.0
2.0,13822.0,3449.0,3144.0,0.0,2203.0,2203.0,2201.0,943.0,2616.0,833.0
2.0,10373.0,3563.0,3158.0,0.0,5822.0,5822.0,2217.0,941.0,2609.0,954.0
2.0,6810.0,3272.0,3168.0,2203.0,6931.0,6931.0,2224.0,944.0,2201.0,1071.0
2.0,5741.0,2875.0,3164.0,5822.0,3968.0,3968.0,2216.0,948.0,1812.0,1063.0
2.0,8688.0,2764.0,3152.0,6931.0,0.0,0.0,2201.0,951.0,1825.0,939.0
2.0,12855.0,3058.0,3142.0,3968.0,0.0,0.0,2194.0,948.0,2232.0,826.0
2.0,13765.0,3480.0,3146.0,0.0,2299.0,2299.0,2202.0,944.0,2637.0,843.0
2.0,10285.0,3602.0,3161.0,0.0,5961.0,5961.0,2219.0,942.0,2633.0,969.0
2.0,6683.0,3314.0,3172.0,2299.0,7020.0,7020.0,2227.0,945.0,2230.0,1084.0
2.0,5668.0,2889.0,3168.0,5961.0,3932.0,3932.0,2219.0,949.0,1821.0,1068.0
2.0,8740.0,2757.0,3156.0,7020.0,0.0,0.0,2204.0,952.0,1822.0,935.0
2.0,13003.0,3040.0,3146.0,3932.0,0.0,0.0,2197.0,949.0,2220.0,820.0
2.0,13895.0,3459.0,3151.0,0.0,2168.0,2168.0,2206.0,945.0,2619.0,840.0
2.0,10436.0,3586.0,3165.0,0.0,5810.0,5810.0,2222.0,943.0,2614.0,972.0
2.0,6850.0,3299.0,3176.0,2168.0,6985.0,6985.0,2230.0,946.0,2214.0,1085.0
2.0,5719.0,2880.0,3173.0,5810.0,4043.0,4043.0,2222.0,951.0,1815.0,1065.0
2.0,8649.0,2749.0,3159.0,6985.0,0.0,0.0,2206.0,953.0,1817.0,932.0
2.0,12885.0,3045.0,3150.0,4043.0,0.0,0.0,2199.0,951.0,2225.0,820.0
2.0,13883.0,3481.0,3153.0,0.0,2210.0,2210.0,2207.0,946.0,2639.0,842.0
2.0,10402.0,3631.0,3169.0,0.0,5905.0,5905.0,2224.0,945.0,2653.0,978.0
2.0,6771.0,3346.0,3180.0,2210.0,7085.0,7085.0,2232.0,948.0,2256.0,1090.0
2.0,5635.0,2922.0,3177.0,5905.0,4090.0,4090.0,2225.0,952.0,1850.0,1072.0
2.0,8618.0,2772.0,3164.0,7085.0,0.0,0.0,2210.0,954.0,1836.0,936.0
2.0,12931.0,3040.0,3155.0,4090.0,0.0,0.0,2203.0,952.0,2223.0,817.0
2.0,13981.0,3451.0,3159.0,0.0,2106.0,2106.0,2212.0,947.0,2619.0,832.0
2.0,10530.0,3588.0,3173.0,0.0,5750.0,5750.0,2227.0,946.0,2618.0,970.0
2.0,6942.0,3314.0,3184.0,2106.0,7002.0,7002.0,2235.0,949.0,2221.0,1093.0
2.0,5734.0,2896.0,3181.0,5750.0,4136.0,4136.0,2228.0,953.0,1822.0,1074.0
2.0,8588.0,2746.0,3167.0,7002.0,0.0,0.0,2212.0,955.0,1812.0,934.0
2.0,12844.0,3031.0,3158.0,4136.0,0.0,0.0,2205.0,953.0,2215.0,816.0
2.0,13949.0,3474.0,3161.0,0.0,2169.0,2169.0,2213.0,948.0,2633.0,841.0
2.0,10475.0,3640.0,3176.0,0.0,5869.0,5869.0,2229.0,947.0,2658.0,982.0
2.0,6835.0,3378.0,3188.0,2169.0,7126.0,7126.0,2238.0,950.0,2272.0,1106.0
2.0,5626.0,2941.0,3186.0,5869.0,4190.0,4190.0,2231.0,955.0,1855.0,1086.0
2.0,8554.0,2764.0,3173.0,7126.0,0.0,0.0,2216.0,957.0,1824.0,940.0
2.0,12916.0,3021.0,3162.0,4190.0,0.0,0.0,2208.0,954.0,2207.0,814.0
2.0,14085.0,3464.0,3166.0,0.0,2043.0,2043.0,2216.0,950.0,2626.0,838.0
2.0,10621.0,3636.0,3181.0,0.0,5739.0,5739.0,2233.0,948.0,2656.0,980.0
2.0,6985.0,3346.0,3193.0,2043.0,7090.0,7090.0,2241.0,952.0,2250.0,1096.0
2.0,5682.0,2883.0,3190.0,5739.0,4222.0,4222.0,2234.0,956.0,1815.0,1068.0
2.0,8538.0,2721.0,3176.0,7090.0,0.0,0.0,2218.0,958.0,1794.0,927.0
2.0,12907.0,3018.0,3165.0,4222.0,0.0,0.0,2210.0,955.0,2204.0,814.0
2.0,14111.0,3493.0,3169.0,0.0,2058.0,2058.0,2218.0,951.0,2648.0,845.0
2.0,10618.0,3671.0,3185.0,0.0,5793.0,5793.0,2235.0,950.0,2686.0,985.0
2.0,6947.0,3372.0,3197.0,2058.0,7155.0,7155.0,2244.0,953.0,2274.0,1098.0
2.0,5633.0,2923.0,3194.0,5793.0,4273.0,4273.0,2237.0,957.0,1847.0,1076.0
2.0,8503.0,2772.0,3180.0,7155.0,0.0,0.0,2221.0,959.0,1827.0,945.0
2.0,12886.0,3070.0,3170.0,4273.0,0.0,0.0,2214.0,956.0,2236.0,834.0
2.0,14089.0,3506.0,3174.0,0.0,2113.0,2113.0,2222.0,952.0,2657.0,849.0
2.0,10583.0,3647.0,3190.0,0.0,5824.0,5824.0,2239.0,951.0,2672.0,975.0
2.0,6936.0,3350.0,3201.0,2113.0,7105.0,7105.0,2247.0,954.0,2262.0,1088.0
2.0,5699.0,2884.0,3197.0,5824.0,4149.0,4149.0,2239.0,958.0,1810.0,1074.0
2.0,8639.0,2718.0,3183.0,7105.0,0.0,0.0,2223.0,960.0,1775.0,943.0
2.0,13026.0,3022.0,3173.0,4149.0,0.0,0.0,2215.0,958.0,2193.0,829.0
2.0,14153.0,3497.0,3178.0,0.0,2056.0,2056.0,2224.0,954.0,2653.0,844.0
2.0,10656.0,3671.0,3193.0,0.0,5787.0,5787.0,2241.0,952.0,2693.0,978.0
2.0,6985.0,3382.0,3205.0,2056.0,7161.0,7161.0,2250.0,955.0,2288.0,1094.0
2.0,5659.0,2920.0,3202.0,5787.0,4282.0,4282.0,2242.0,960.0,1846.0,1074.0
2.0,8526.0,2763.0,3188.0,7161.0,0.0,0.0,2226.0,962.0,1817.0,946.0
2.0,12924.0,3056.0,3178.0,4282.0,0.0,0.0,2219.0,959.0,2225.0,831.0
2.0,14150.0,3506.0,3182.0,0.0,2084.0,2084.0,2227.0,955.0,2658.0,848.0
2.0,10644.0,3663.0,3196.0,0.0,5803.0,5803.0,2243.0,953.0,2677.0,986.0
2.0,6981.0,3374.0,3208.0,2084.0,7141.0,7141.0,2252.0,956.0,2276.0,1098.0
2.0,5691.0,2906.0,3205.0,5803.0,4232.0,4232.0,2244.0,961.0,1832.0,1074.0
2.0,8588.0,2733.0,3192.0,7141.0,0.0,0.0,2229.0,963.0,1797.0,936.0
2.0,12996.0,3034.0,3181.0,4232.0,0.0,0.0,2221.0,960.0,2212.0,822.0
2.0,14194.0,3498.0,3184.0,0.0,2040.0,2040.0,2229.0,955.0,2649.0,849.0
2.0,10696.0,3667.0,3200.0,0.0,5771.0,5771.0,2246.0,954.0,2682.0,985.0
2.0,7029.0,3376.0,3212.0,2040.0,7155.0,7155.0,2255.0,957.0,2276.0,1100.0
2.0,5693.0,2938.0,3210.0,5771.0,4314.0,4314.0,2248.0,962.0,1857.0,1081.0
2.0,8526.0,2776.0,3196.0,7155.0,0.0,0.0,2232.0,964.0,1832.0,944.0
2.0,12905.0,3076.0,3185.0,4314.0,0.0,0.0,2224.0,961.0,2241.0,835.0
2.0,14143.0,3525.0,3189.0,0.0,2138.0,2138.0,2232.0,957.0,2669.0,856.0
2.0,10618.0,3685.0,3203.0,0.0,5879.0,5879.0,2248.0,955.0,2695.0,990.0
2.0,6933.0,3388.0,3216.0,2138.0,7181.0,7181.0,2257.0,959.0,2284.0,1104.0
2.0,5683.0,2910.0,3214.0,5879.0,4204.0,4204.0,2250.0,964.0,1827.0,1083.0
2.0,8652.0,2735.0,3200.0,7181.0,0.0,0.0,2234.0,966.0,1790.0,945.0
2.0,13098.0,3038.0,3189.0,4204.0,0.0,0.0,2226.0,963.0,2215.0,823.0
2.0,14264.0,3515.0,3193.0,0.0,2023.0,2023.0,2235.0,958.0,2676.0,839.0
2.0,10749.0,3678.0,3208.0,0.0,5761.0,5761.0,2252.0,956.0,2703.0,975.0
2.0,7071.0,3385.0,3220.0,2023.0,7171.0,7171.0,2261.0,959.0,2287.0,1098.0
2.0,5709.0,2923.0,3218.0,5761.0,4325.0,4325.0,2253.0,965.0,1835.0,1088.0
2.0,8547.0,2754.0,3204.0,7171.0,0.0,0.0,2237.0,967.0,1802.0,952.0
2.0,12964.0,3051.0,3193.0,4325.0,0.0,0.0,2229.0,964.0,2221.0,830.0
2.0,14238.0,3529.0,3196.0,0.0,2075.0,2075.0,2237.0,959.0,2680.0,849.0
2.0,10709.0,3703.0,3210.0,0.0,5834.0,5834.0,2253.0,957.0,2711.0,992.0
2.0,7006.0,3399.0,3222.0,2075.0,7206.0,7206.0,2262.0,960.0,2285.0,1114.0
2.0,5682.0,2941.0,3221.0,5834.0,4309.0,4309.0,2255.0,966.0,1842.0,1099.0
2.0,8575.0,2772.0,3208.0,7206.0,0.0,0.0,2240.0,968.0,1816.0,956.0
2.0,13009.0,3055.0,3196.0,4309.0,0.0,0.0,2231.0,965.0,2231.0,824.0
2.0,14263.0,3494.0,3199.0,0.0,2027.0,2027.0,2239.0,960.0,2661.0,833.0
2.0,10769.0,3660.0,3214.0,0.0,5747.0,5747.0,2256.0,958.0,2683.0,977.0
2.0,7109.0,3391.0,3227.0,2027.0,7163.0,7163.0,2265.0,962.0,2283.0,1108.0
2.0,5745.0,2949.0,3226.0,5747.0,4361.0,4361.0,2259.0,967.0,1856.0,1093.0
2.0,8543.0,2795.0,3212.0,7163.0,0.0,0.0,2243.0,969.0,1840.0,955.0
2.0,12911.0,3077.0,3201.0,4361.0,0.0,0.0,2235.0,966.0,2246.0,831.0
2.0,14195.0,3521.0,3204.0,0.0,2142.0,2142.0,2242.0,962.0,2674.0,847.0
2.0,10674.0,3676.0,3219.0,0.0,5878.0,5878.0,2259.0,960.0,2688.0,988.0
2.0,6998.0,3391.0,3230.0,2142.0,7171.0,7171.0,2267.0,963.0,2281.0,1110.0
2.0,5749.0,2944.0,3228.0,5878.0,4229.0,4229.0,2260.0,968.0,1853.0,1091.0
2.0,8683.0,2789.0,3214.0,7171.0,0.0,0.0,2244.0,970.0,1835.0,954.0
2.0,13065.0,3078.0,3203.0,4229.0,0.0,0.0,2236.0,967.0,2248.0,830.0
2.0,14216.0,3519.0,3206.0,0.0,2127.0,2127.0,2244.0,962.0,2675.0,844.0
2.0,10697.0,3681.0,3222.0,0.0,5872.0,5872.0,2261.0,961.0,2693.0,988.0
2.0,7016.0,3403.0,3235.0,2127.0,7200.0,7200.0,2271.0,964.0,2292.0,1111.0
2.0,5740.0,2961.0,3234.0,5872.0,4285.0,4285.0,2265.0,969.0,1871.0,1090.0
2.0,8651.0,2783.0,3220.0,7200.0,0.0,0.0,2249.0,971.0,1837.0,946.0
2.0,13068.0,3062.0,3208.0,4285.0,0.0,0.0,2240.0,968.0,2230.0,832.0
2.0,14291.0,3515.0,3211.0,0.0,2068.0,2068.0,2247.0,964.0,2657.0,858.0
2.0,10776.0,3691.0,3225.0,0.0,5815.0,5815.0,2263.0,962.0,2688.0,1003.0
2.0,7085.0,3434.0,3239.0,2068.0,7237.0,7237.0,2273.0,966.0,2311.0,1123.0
2.0,5719.0,3000.0,3237.0,5815.0,4414.0,4414.0,2266.0,971.0,1898.0,1102.0
2.0,8534.0,2822.0,3224.0,7237.0,0.0,0.0,2251.0,973.0,1863.0,959.0
2.0,12949.0,3068.0,3213.0,4414.0,0.0,0.0,2243.0,970.0,2236.0,832.0
2.0,14295.0,3493.0,3215.0,0.0,2058.0,2058.0,2250.0,965.0,2646.0,847.0
2.0,10802.0,3673.0,3230.0,0.0,5791.0,5791.0,2266.0,964.0,2685.0,988.0
2.0,7129.0,3422.0,3243.0,2058.0,7207.0,7207.0,2276.0,967.0,2312.0,1110.0
2.0,5765.0,2983.0,3242.0,5791.0,4395.0,4395.0,2270.0,972.0,1892.0,1091.0
2.0,8573.0,2797.0,3229.0,7207.0,0.0,0.0,2255.0,974.0,1847.0,950.0
2.0,12983.0,3052.0,3217.0,4395.0,0.0,0.0,2246.0,971.0,2224.0,828.0
2.0,14326.0,3503.0,3219.0,0.0,2053.0,2053.0,2253.0,966.0,2656.0,847.0
2.0,10823.0,3697.0,3234.0,0.0,5810.0,5810.0,2269.0,965.0,2701.0,996.0
2.0,7126.0,3444.0,3247.0,2053.0,7253.0,7253.0,2279.0,968.0,2319.0,1125.0
2.0,5735.0,2991.0,3245.0,5810.0,4426.0,4426.0,2272.0,973.0,1888.0,1103.0
2.0,8554.0,2804.0,3231.0,7253.0,0.0,0.0,2256.0,975.0,1846.0,958.0
2.0,13003.0,3072.0,3219.0,4426.0,0.0,0.0,2247.0,972.0,2240.0,832.0
2.0,14357.0,3529.0,3222.0,0.0,2060.0,2060.0,2255.0,967.0,2676.0,853.0
2.0,10828.0,3715.0,3238.0,0.0,5839.0,5839.0,2272.0,966.0,2716.0,999.0
2.0,7113.0,3448.0,3251.0,2060.0,7279.0,7279.0,2282.0,969.0,2329.0,1119.0
2.0,5725.0,2978.0,3250.0,5839.0,4414.0,4414.0,2276.0,974.0,1886.0,1092.0
2.0,8586.0,2771.0,3236.0,7279.0,0.0,0.0,2260.0,976.0,1826.0,945.0
2.0,13094.0,3040.0,3223.0,4414.0,0.0,0.0,2250.0,973.0,2211.0,829.0
2.0,14468.0,3517.0,3226.0,0.0,1953.0,1953.0,2257.0,969.0,2660.0,857.0
2.0,10951.0,3721.0,3241.0,0.0,5734.0,5734.0,2274.0,967.0,2720.0,1001.0
2.0,7230.0,3464.0,3255.0,1953.0,7301.0,7301.0,2285.0,970.0,2346.0,1118.0
2.0,5719.0,3004.0,3254.0,5734.0,4567.0,4567.0,2279.0,975.0,1909.0,1095.0
2.0,8449.0,2807.0,3241.0,7301.0,21.0,21.0,2263.0,978.0,1850.0,957.0
2.0,12943.0,3069.0,3229.0,4567.0,0.0,0.0,2254.0,975.0,2231.0,838.0
2.0,14441.0,3534.0,3231.0,21.0,1996.0,1996.0,2261.0,970.0,2672.0,862.0
2.0,10928.0,3739.0,3246.0,0.0,5795.0,5795.0,2278.0,968.0,2739.0,1000.0
2.0,7189.0,3473.0,3260.0,1996.0,7328.0,7328.0,2289.0,971.0,2363.0,1110.0
2.0,5712.0,2986.0,3259.0,5795.0,4515.0,4515.0,2283.0,976.0,1904.0,1082.0
2.0,8521.0,2776.0,3245.0,7328.0,0.0,0.0,2267.0,978.0,1827.0,949.0
2.0,13073.0,3040.0,3232.0,4515.0,0.0,0.0,2257.0,975.0,2197.0,843.0
2.0,14548.0,3504.0,3235.0,0.0,1896.0,1896.0,2264.0,971.0,2633.0,871.0
2.0,11044.0,3703.0,3249.0,0.0,5655.0,5655.0,2280.0,969.0,2703.0,1000.0
2.0,7341.0,3454.0,3262.0,1896.0,7265.0,7265.0,2290.0,972.0,2344.0,1110.0
2.0,5783.0,3020.0,3261.0,5655.0,4626.0,4626.0,2284.0,977.0,1930.0,1090.0
2.0,8418.0,2856.0,3248.0,7265.0,165.0,165.0,2269.0,979.0,1884.0,972.0
2.0,12827.0,3129.0,3237.0,4626.0,0.0,0.0,2260.0,977.0,2265.0,864.0
2.0,14324.0,3552.0,3240.0,165.0,2023.0,2023.0,2268.0,972.0,2676.0,876.0
2.0,10937.0,3707.0,3256.0,0.0,5794.0,5794.0,2285.0,971.0,2714.0,993.0
2.0,7230.0,3446.0,3267.0,2023.0,7261.0,7261.0,2294.0,973.0,2343.0,1103.0
2.0,5807.0,3013.0,3266.0,5794.0,4476.0,4476.0,2288.0,978.0,1923.0,1090.0
2.0,8588.0,2832.0,3254.0,7261.0,0.0,0.0,2273.0,981.0,1867.0,965.0
2.0,13017.0,3076.0,3242.0,4476.0,0.0,0.0,2264.0,978.0,2222.0,854.0
2.0,14417.0,3494.0,3244.0,0.0,2053.0,2053.0,2270.0,974.0,2628.0,866.0
2.0,10923.0,3672.0,3258.0,0.0,5781.0,5781.0,2286.0,972.0,2687.0,985.0
2.0,7251.0,3449.0,3270.0,2053.0,7225.0,7225.0,2296.0,974.0,2351.0,1098.0
2.0,5855.0,3035.0,3269.0,5781.0,4475.0,4475.0,2290.0,979.0,1944.0,1091.0
2.0,8601.0,2853.0,3257.0,7225.0,55.0,55.0,2275.0,982.0,1884.0,969.0
2.0,12973.0,3101.0,3246.0,4475.0,0.0,0.0,2267.0,979.0,2244.0,857.0
2.0,14347.0,3537.0,3248.0,55.0,2127.0,2127.0,2274.0,974.0,2667.0,870.0
2.0,10865.0,3736.0,3262.0,0.0,5919.0,5919.0,2290.0,972.0,2738.0,998.0
2.0,7129.0,3484.0,3274.0,2127.0,7324.0,7324.0,2299.0,975.0,2370.0,1114.0
2.0,5772.0,3031.0,3274.0,5919.0,4436.0,4436.0,2294.0,980.0,1930.0,1101.0
2.0,8660.0,2823.0,3260.0,7324.0,0.0,0.0,2278.0,982.0,1848.0,975.0
2.0,13161.0,3074.0,3249.0,4436.0,0.0,0.0,2269.0,980.0,2218.0,856.0
2.0,14523.0,3514.0,3251.0,0.0,1995.0,1995.0,2276.0,975.0,2651.0,863.0
2.0,11009.0,3705.0,3265.0,0.0,5756.0,5756.0,2292.0,973.0,2717.0,988.0
2.0,7304.0,3477.0,3278.0,1995.0,7290.0,7290.0,2302.0,976.0,2363.0,1114.0
2.0,5822.0,3045.0,3278.0,5756.0,4579.0,4579.0,2296.0,982.0,1938.0,1107.0
2.0,8533.0,2858.0,3265.0,7290.0,95.0,95.0,2281.0,984.0,1882.0,976.0
2.0,12965.0,3088.0,3253.0,4579.0,0.0,0.0,2272.0,981.0,2235.0,853.0
2.0,14456.0,3528.0,3256.0,95.0,2001.0,2001.0,2279.0,977.0,2657.0,871.0
2.0,11023.0,3732.0,3270.0,0.0,5789.0,5789.0,2295.0,975.0,2727.0,1005.0
2.0,7291.0,3505.0,3283.0,2001.0,7345.0,7345.0,2305.0,978.0,2383.0,1122.0
2.0,5787.0,3076.0,3283.0,5789.0,4632.0,4632.0,2300.0,983.0,1969.0,1107.0
2.0,8500.0,2857.0,3270.0,7345.0,92.0,92.0,2285.0,985.0,1888.0,969.0
2.0,12988.0,3072.0,3258.0,4632.0,0.0,0.0,2275.0,983.0,2220.0,852.0
2.0,14548.0,3497.0,3259.0,92.0,1893.0,1893.0,2281.0,978.0,2633.0,864.0
2.0,11143.0,3696.0,3273.0,0.0,5645.0,5645.0,2297.0,976.0,2699.0,997.0
2.0,7447.0,3473.0,3286.0,1893.0,7277.0,7277.0,2307.0,979.0,2358.0,1115.0
2.0,5867.0,3062.0,3286.0,5645.0,4694.0,4694.0,2302.0,984.0,1961.0,1101.0
2.0,8450.0,2874.0,3275.0,7277.0,247.0,247.0,2288.0,987.0,1901.0,973.0
2.0,12853.0,3104.0,3262.0,4694.0,0.0,0.0,2278.0,984.0,2246.0,858.0
2.0,14443.0,3535.0,3263.0,247.0,1897.0,1897.0,2284.0,979.0,2660.0,875.0
2.0,11155.0,3732.0,3277.0,0.0,5685.0,5685.0,2300.0,977.0,2727.0,1005.0
2.0,7423.0,3505.0,3291.0,1897.0,7349.0,7349.0,2310.0,981.0,2382.0,1123.0
2.0,5815.0,3079.0,3291.0,5685.0,4743.0,4743.0,2305.0,986.0,1968.0,1111.0
2.0,8421.0,2878.0,3278.0,7349.0,220.0,220.0,2290.0,988.0,1897.0,981.0
2.0,12892.0,3093.0,3266.0,4743.0,0.0,0.0,2281.0,985.0,2237.0,856.0
2.0,14542.0,3518.0,3267.0,220.0,1824.0,1824.0,2286.0,981.0,2650.0,868.0
2.0,11244.0,3705.0,3281.0,0.0,5585.0,5585.0,2302.0,979.0,2709.0,996.0
2.0,7539.0,3482.0,3294.0,1824.0,7295.0,7295.0,2312.0,982.0,2368.0,1114.0
2.0,5881.0,3052.0,3294.0,5585.0,4762.0,4762.0,2307.0,987.0,1949.0,1103.0
2.0,8414.0,2854.0,3282.0,7295.0,273.0,273.0,2293.0,989.0,1883.0,971.0
2.0,12855.0,3107.0,3270.0,4762.0,0.0,0.0,2284.0,986.0,2250.0,857.0
2.0,14510.0,3556.0,3273.0,273.0,1865.0,1865.0,2291.0,982.0,2680.0,876.0
2.0,11227.0,3751.0,3286.0,0.0,5668.0,5668.0,2306.0,980.0,2745.0,1006.0
2.0,7476.0,3499.0,3299.0,1865.0,7354.0,7354.0,2316.0,983.0,2380.0,1119.0
2.0,5842.0,3059.0,3298.0,5668.0,4741.0,4741.0,2310.0,988.0,1954.0,1105.0
2.0,8451.0,2864.0,3285.0,7354.0,199.0,199.0,2295.0,990.0,1884.0,980.0
2.0,12941.0,3123.0,3273.0,4741.0,0.0,0.0,2286.0,987.0,2250.0,873.0
2.0,14559.0,3571.0,3275.0,199.0,1913.0,1913.0,2292.0,983.0,2685.0,886.0
2.0,11187.0,3740.0,3290.0,0.0,5713.0,5713.0,2308.0,982.0,2735.0,1005.0
2.0,7447.0,3470.0,3301.0,1913.0,7314.0,7314.0,2317.0,984.0,2356.0,1114.0
2.0,5890.0,3031.0,3301.0,5713.0,4632.0,4632.0,2312.0,989.0,1930.0,1101.0
2.0,8572.0,2853.0,3288.0,7314.0,119.0,119.0,2297.0,991.0,1878.0,975.0
2.0,13033.0,3119.0,3278.0,4632.0,0.0,0.0,2289.0,989.0,2259.0,860.0
2.0,14546.0,3562.0,3281.0,119.0,2021.0,2021.0,2296.0,985.0,2689.0,873.0
2.0,11103.0,3741.0,3294.0,0.0,5814.0,5814.0,2311.0,983.0,2738.0,1003.0
2.0,7362.0,3495.0,3306.0,2021.0,7336.0,7336.0,2320.0,986.0,2369.0,1126.0
2.0,5888.0,3077.0,3306.0,5814.0,4599.0,4599.0,2315.0,991.0,1961.0,1116.0
2.0,8625.0,2887.0,3293.0,7336.0,98.0,98.0,2300.0,993.0,1904.0,983.0
2.0,13074.0,3139.0,3281.0,4599.0,0.0,0.0,2291.0,990.0,2275.0,864.0
2.0,14534.0,3576.0,3284.0,98.0,2080.0,2080.0,2298.0,986.0,2697.0,879.0
2.0,11056.0,3750.0,3297.0,0.0,5882.0,5882.0,2313.0,984.0,2743.0,1007.0
2.0,7306.0,3480.0,3310.0,2080.0,7334.0,7334.0,2323.0,987.0,2361.0,1119.0
2.0,5906.0,3028.0,3310.0,5882.0,4480.0,4480.0,2318.0,992.0,1929.0,1099.0
2.0,8760.0,2859.0,3297.0,7334.0,0.0,0.0,2303.0,994.0,1889.0,970.0
2.0,13235.0,3127.0,3285.0,4480.0,0.0,0.0,2294.0,991.0,2268.0,859.0
2.0,14588.0,3570.0,3288.0,0.0,2134.0,2134.0,2301.0,987.0,2695.0,875.0
2.0,11018.0,3760.0,3301.0,0.0,5946.0,5946.0,2316.0,985.0,2747.0,1013.0
2.0,7258.0,3500.0,3314.0,2134.0,7364.0,7364.0,2326.0,988.0,2369.0,1131.0
2.0,5892.0,3054.0,3313.0,5946.0,4468.0,4468.0,2320.0,993.0,1940.0,1114.0
2.0,8784.0,2877.0,3300.0,7364.0,0.0,0.0,2305.0,995.0,1896.0,981.0
2.0,13271.0,3154.0,3289.0,4468.0,0.0,0.0,2297.0,992.0,2287.0,867.0
2.0,14585.0,3610.0,3291.0,0.0,2189.0,2189.0,2303.0,988.0,2719.0,891.0
2.0,10975.0,3783.0,3304.0,0.0,6024.0,6024.0,2318.0,986.0,2759.0,1024.0
2.0,7192.0,3514.0,3317.0,2189.0,7401.0,7401.0,2328.0,989.0,2381.0,1133.0
2.0,5867.0,3067.0,3317.0,6024.0,4444.0,4444.0,2323.0,994.0,1962.0,1105.0
2.0,8824.0,2865.0,3305.0,7401.0,0.0,0.0,2309.0,996.0,1896.0,969.0
2.0,13360.0,3119.0,3294.0,4444.0,0.0,0.0,2300.0,994.0,2260.0,859.0
2.0,14685.0,3557.0,3295.0,0.0,2052.0,2052.0,2306.0,989.0,2676.0,881.0
2.0,11128.0,3743.0,3308.0,0.0,5847.0,5847.0,2321.0,987.0,2734.0,1009.0
2.0,7385.0,3500.0,3321.0,2052.0,7347.0,7347.0,2331.0,990.0,2382.0,1118.0
2.0,5937.0,3073.0,3320.0,5847.0,4569.0,4569.0,2325.0,995.0,1971.0,1102.0
2.0,8711.0,2895.0,3308.0,7347.0,69.0,69.0,2311.0,997.0,1914.0,981.0
2.0,13163.0,3157.0,3296.0,4569.0,0.0,0.0,2302.0,994.0,2274.0,883.0
2.0,14575.0,3583.0,3298.0,69.0,2131.0,2131.0,2308.0,990.0,2683.0,900.0
2.0,11061.0,3773.0,3311.0,0.0,5956.0,5956.0,2323.0,988.0,2755.0,1018.0
2.0,7288.0,3536.0,3324.0,2131.0,7413.0,7413.0,2333.0,991.0,2415.0,1121.0
2.0,5883.0,3111.0,3325.0,5956.0,4572.0,4572.0,2329.0,996.0,2008.0,1103.0
2.0,8728.0,2914.0,3313.0,7413.0,25.0,25.0,2315.0,998.0,1926.0,988.0
2.0,13227.0,3144.0,3302.0,4572.0,0.0,0.0,2306.0,996.0,2261.0,883.0
2.0,14655.0,3558.0,3304.0,25.0,2094.0,2094.0,2312.0,992.0,2665.0,893.0
2.0,11122.0,3732.0,3317.0,0.0,5878.0,5878.0,2327.0,990.0,2723.0,1009.0
2.0,7390.0,3499.0,3329.0,2094.0,7331.0,7331.0,2336.0,993.0,2381.0,1118.0
2.0,5985.0,3084.0,3329.0,5878.0,4537.0,4537.0,2331.0,998.0,1977.0,1107.0
2.0,8779.0,2900.0,3316.0,7331.0,54.0,54.0,2316.0,1000.0,1915.0,985.0
2.0,13210.0,3144.0,3304.0,4537.0,0.0,0.0,2307.0,997.0,2266.0,878.0
2.0,14603.0,3581.0,3306.0,54.0,2148.0,2148.0,2313.0,993.0,2681.0,900.0
2.0,11076.0,3788.0,3319.0,0.0,5988.0,5988.0,2328.0,991.0,2762.0,1026.0
2.0,7288.0,3556.0,3333.0,2148.0,7452.0,7452.0,2339.0,994.0,2427.0,1129.0
2.0,5880.0,3112.0,3333.0,5988.0,4576.0,4576.0,2334.0,999.0,2005.0,1107.0
2.0,8756.0,2909.0,3321.0,7452.0,0.0,0.0,2320.0,1001.0,1927.0,982.0
2.0,13299.0,3156.0,3309.0,4576.0,0.0,0.0,2311.0,998.0,2277.0,879.0
2.0,14719.0,3580.0,3311.0,0.0,2105.0,2105.0,2317.0,994.0,2687.0,893.0
2.0,11139.0,3770.0,3325.0,0.0,5931.0,5931.0,2333.0,992.0,2755.0,1015.0
2.0,7369.0,3510.0,3338.0,2105.0,7388.0,7388.0,2343.0,995.0,2388.0,1122.0
2.0,5964.0,3070.0,3337.0,5931.0,4523.0,4523.0,2337.0,1000.0,1969.0,1101.0
2.0,8825.0,2892.0,3324.0,7388.0,0.0,0.0,2322.0,1002.0,1912.0,980.0
2.0,13321.0,3167.0,3314.0,4523.0,0.0,0.0,2314.0,1000.0,2281.0,886.0
2.0,14677.0,3611.0,3315.0,0.0,2194.0,2194.0,2320.0,995.0,2703.0,908.0
2.0,11066.0,3795.0,3329.0,0.0,6045.0,6045.0,2335.0,994.0,2765.0,1030.0
2.0,7271.0,3541.0,3342.0,2194.0,7444.0,7444.0,2345.0,997.0,2412.0,1129.0
2.0,5924.0,3104.0,3341.0,6045.0,4499.0,4499.0,2340.0,1001.0,1997.0,1107.0
2.0,8865.0,2923.0,3328.0,7444.0,0.0,0.0,2325.0,1003.0,1936.0,987.0
2.0,13386.0,3178.0,3318.0,4499.0,0.0,0.0,2317.0,1001.0,2292.0,886.0
2.0,14707.0,3613.0,3320.0,0.0,2186.0,2186.0,2323.0,997.0,2711.0,902.0
2.0,11094.0,3788.0,3334.0,0.0,6030.0,6030.0,2339.0,995.0,2766.0,1022.0
2.0,7306.0,3524.0,3347.0,2186.0,7420.0,7420.0,2349.0,998.0,2398.0,1126.0
2.0,5968.0,3073.0,3346.0,6030.0,4459.0,4459.0,2343.0,1003.0,1970.0,1103.0
2.0,8925.0,2885.0,3333.0,7420.0,0.0,0.0,2328.0,1005.0,1908.0,977.0
2.0,13460.0,3151.0,3321.0,4459.0,0.0,0.0,2319.0,1002.0,2273.0,878.0
2.0,14768.0,3616.0,3324.0,0.0,2144.0,2144.0,2326.0,998.0,2712.0,904.0
2.0,11152.0,3816.0,3338.0,0.0,6016.0,6016.0,2342.0,996.0,2788.0,1028.0
2.0,7336.0,3561.0,3351.0,2144.0,7485.0,7485.0,2352.0,999.0,2428.0,1133.0
2.0,5919.0,3113.0,3351.0,6016.0,4582.0,4582.0,2347.0,1004.0,1998.0,1115.0
2.0,8822.0,2920.0,3338.0,7485.0,0.0,0.0,2332.0,1006.0,1930.0,990.0
2.0,13387.0,3181.0,3326.0,4582.0,0.0,0.0,2323.0,1003.0,2292.0,889.0
2.0,14788.0,3622.0,3328.0,0.0,2146.0,2146.0,2329.0,999.0,2716.0,906.0
2.0,11166.0,3809.0,3342.0,0.0,6011.0,6011.0,2345.0,997.0,2788.0,1021.0
2.0,7357.0,3541.0,3355.0,2146.0,7458.0,7458.0,2355.0,1000.0,2421.0,1120.0
2.0,5962.0,3072.0,3354.0,6011.0,4515.0,4515.0,2349.0,1005.0,1967.0,1105.0
2.0,8901.0,2878.0,3341.0,7458.0,0.0,0.0,2334.0,1007.0,1882.0,996.0
2.0,13481.0,3147.0,3330.0,4515.0,0.0,0.0,2325.0,1005.0,2251.0,896.0
2.0,14849.0,3618.0,3332.0,0.0,2097.0,2097.0,2331.0,1001.0,2715.0,903.0
2.0,11231.0,3824.0,3346.0,0.0,5977.0,5977.0,2347.0,999.0,2808.0,1016.0
2.0,7407.0,3583.0,3360.0,2097.0,7519.0,7519.0,2358.0,1002.0,2459.0,1124.0
2.0,5921.0,3127.0,3360.0,5977.0,4669.0,4669.0,2353.0,1007.0,2011.0,1116.0
2.0,8771.0,2919.0,3346.0,7519.0,13.0,13.0,2338.0,1008.0,1920.0,999.0
2.0,13371.0,3163.0,3335.0,4669.0,0.0,0.0,2329.0,1006.0,2269.0,894.0
2.0,14877.0,3620.0,3337.0,13.0,2078.0,2078.0,2335.0,1002.0,2717.0,903.0
2.0,11270.0,3828.0,3350.0,0.0,5958.0,5958.0,2350.0,1000.0,2806.0,1022.0
2.0,7442.0,3565.0,3363.0,2078.0,7497.0,7497.0,2360.0,1003.0,2439.0,1126.0
2.0,5955.0,3091.0,3361.0,5958.0,4622.0,4622.0,2354.0,1007.0,1981.0,1110.0
2.0,8822.0,2878.0,3348.0,7497.0,0.0,0.0,2339.0,1009.0,1889.0,989.0
2.0,13441.0,3147.0,3338.0,4622.0,0.0,0.0,2331.0,1007.0,2261.0,886.0
2.0,14916.0,3628.0,3340.0,0.0,2072.0,2072.0,2337.0,1003.0,2722.0,906.0
2.0,11288.0,3835.0,3354.0,0.0,5963.0,5963.0,2353.0,1001.0,2811.0,1024.0
2.0,7453.0,3585.0,3368.0,2072.0,7532.0,7532.0,2364.0,1004.0,2455.0,1130.0
2.0,5940.0,3123.0,3368.0,5963.0,4692.0,4692.0,2359.0,1009.0,2006.0,1117.0
2.0,8780.0,2915.0,3354.0,7532.0,19.0,19.0,2344.0,1010.0,1914.0,1001.0
2.0,13397.0,3178.0,3342.0,4692.0,0.0,0.0,2334.0,1008.0,2275.0,903.0
2.0,14911.0,3651.0,3344.0,19.0,2097.0,2097.0,2340.0,1004.0,2731.0,920.0
2.0,11279.0,3856.0,3359.0,0.0,6013.0,6013.0,2356.0,1003.0,2822.0,1034.0
2.0,7423.0,3589.0,3371.0,2097.0,7553.0,7553.0,2366.0,1005.0,2461.0,1128.0
2.0,5931.0,3101.0,3371.0,6013.0,4641.0,4641.0,2361.0,1010.0,1994.0,1107.0
2.0,8843.0,2888.0,3357.0,7553.0,0.0,0.0,2345.0,1012.0,1890.0,998.0
2.0,13508.0,3155.0,3346.0,4641.0,0.0,0.0,2336.0,1010.0,2254.0,901.0
2.0,14994.0,3636.0,3348.0,0.0,2034.0,2034.0,2342.0,1006.0,2724.0,912.0
2.0,11358.0,3851.0,3363.0,0.0,5945.0,5945.0,2359.0,1004.0,2833.0,1018.0
2.0,7507.0,3579.0,3377.0,2034.0,7546.0,7546.0,2370.0,1007.0,2464.0,1115.0
2.0,5962.0,3091.0,3375.0,5945.0,4684.0,4684.0,2364.0,1011.0,1987.0,1104.0
2.0,8816.0,2889.0,3361.0,7546.0,0.0,0.0,2348.0,1013.0,1888.0,1001.0
2.0,13473.0,3181.0,3349.0,4684.0,0.0,0.0,2339.0,1010.0,2269.0,912.0
2.0,14976.0,3682.0,3351.0,0.0,2110.0,2110.0,2345.0,1006.0,2757.0,925.0
2.0,11294.0,3885.0,3367.0,0.0,6059.0,6059.0,2362.0,1005.0,2856.0,1029.0
2.0,7409.0,3589.0,3379.0,2110.0,7586.0,7586.0,2372.0,1007.0,2472.0,1117.0
2.0,5930.0,3088.0,3378.0,6059.0,4611.0,4611.0,2366.0,1012.0,1983.0,1105.0
2.0,8901.0,2882.0,3364.0,7586.0,0.0,0.0,2350.0,1014.0,1872.0,1010.0
2.0,13605.0,3182.0,3352.0,4611.0,0.0,0.0,2340.0,1012.0,2263.0,919.0
2.0,15034.0,3682.0,3355.0,0.0,2068.0,2068.0,2347.0,1008.0,2761.0,921.0
2.0,11352.0,3886.0,3371.0,0.0,6018.0,6018.0,2365.0,1006.0,2869.0,1017.0
2.0,7466.0,3587.0,3385.0,2068.0,7593.0,7593.0,2376.0,1009.0,2473.0,1114.0
2.0,5947.0,3077.0,3383.0,6018.0,4644.0,4644.0,2370.0,1013.0,1968.0,1109.0
2.0,8888.0,2865.0,3368.0,7593.0,0.0,0.0,2353.0,1015.0,1858.0,1007.0
2.0,13616.0,3177.0,3356.0,4644.0,0.0,0.0,2343.0,1013.0,2265.0,912.0
2.0,15083.0,3705.0,3359.0,0.0,2058.0,2058.0,2350.0,1009.0,2785.0,920.0
2.0,11378.0,3928.0,3374.0,0.0,6046.0,6046.0,2367.0,1007.0,2905.0,1023.0
2.0,7450.0,3629.0,3389.0,2058.0,7677.0,7677.0,2379.0,1010.0,2504.0,1125.0
2.0,5879.0,3092.0,3386.0,6046.0,4711.0,4711.0,2372.0,1014.0,1974.0,1118.0
2.0,8833.0,2859.0,3372.0,7677.0,0.0,0.0,2356.0,1016.0,1849.0,1010.0
2.0,13651.0,3147.0,3359.0,4711.0,0.0,0.0,2345.0,1014.0,2244.0,903.0
2.0,15215.0,3669.0,3362.0,0.0,1902.0,1902.0,2352.0,1010.0,2761.0,908.0
2.0,11546.0,3917.0,3378.0,0.0,5883.0,5883.0,2370.0,1008.0,2896.0,1021.0
2.0,7629.0,3639.0,3393.0,1902.0,7680.0,7680.0,2382.0,1011.0,2510.0,1129.0
2.0,5892.0,3101.0,3392.0,5883.0,4894.0,4894.0,2377.0,1015.0,1983.0,1118.0
2.0,8674.0,2843.0,3377.0,7680.0,0.0,0.0,2360.0,1017.0,1840.0,1003.0
2.0,13511.0,3139.0,3364.0,4894.0,0.0,0.0,2349.0,1015.0,2238.0,901.0
2.0,15266.0,3693.0,3366.0,0.0,1891.0,1891.0,2355.0,1011.0,2771.0,922.0
2.0,11573.0,3956.0,3381.0,0.0,5907.0,5907.0,2372.0,1009.0,2910.0,1046.0
2.0,7617.0,3670.0,3396.0,1891.0,7746.0,7746.0,2384.0,1012.0,2523.0,1147.0
2.0,5838.0,3122.0,3395.0,5907.0,4957.0,4957.0,2378.0,1017.0,1992.0,1130.0
2.0,8623.0,2864.0,3381.0,7746.0,19.0,19.0,2362.0,1019.0,1852.0,1012.0
2.0,13505.0,3149.0,3368.0,4957.0,0.0,0.0,2351.0,1017.0,2246.0,903.0
2.0,15313.0,3686.0,3370.0,19.0,1834.0,1834.0,2357.0,1013.0,2775.0,911.0
2.0,11646.0,3944.0,3386.0,0.0,5842.0,5842.0,2375.0,1011.0,2919.0,1025.0
2.0,7702.0,3656.0,3402.0,1834.0,7728.0,7728.0,2388.0,1014.0,2525.0,1131.0
2.0,5880.0,3117.0,3400.0,5842.0,4995.0,4995.0,2382.0,1018.0,1989.0,1128.0
2.0,8605.0,2856.0,3386.0,7728.0,67.0,67.0,2366.0,1020.0,1844.0,1012.0
2.0,13477.0,3118.0,3372.0,4995.0,0.0,0.0,2354.0,1018.0,2221.0,897.0
2.0,15354.0,3662.0,3373.0,67.0,1733.0,1733.0,2360.0,1013.0,2761.0,901.0
2.0,11759.0,3942.0,3390.0,0.0,5743.0,5743.0,2378.0,1012.0,2919.0,1023.0
2.0,7817.0,3693.0,3405.0,1733.0,7763.0,7763.0,2390.0,1015.0,2541.0,1152.0
2.0,5857.0,3167.0,3404.0,5743.0,5183.0,5183.0,2385.0,1019.0,2017.0,1150.0
2.0,8433.0,2891.0,3389.0,7763.0,251.0,251.0,2368.0,1021.0,1866.0,1025.0
2.0,13305.0,3140.0,3376.0,5183.0,0.0,0.0,2357.0,1019.0,2242.0,898.0
2.0,15348.0,3657.0,3377.0,251.0,1566.0,1566.0,2363.0,1014.0,2764.0,893.0
2.0,11942.0,3928.0,3392.0,0.0,5554.0,5554.0,2380.0,1012.0,2913.0,1015.0
2.0,8014.0,3676.0,3408.0,1566.0,7728.0,7728.0,2393.0,1015.0,2533.0,1143.0
2.0,5904.0,3162.0,3408.0,5554.0,5336.0,5336.0,2388.0,1020.0,2015.0,1147.0
2.0,8296.0,2903.0,3394.0,7728.0,455.0,455.0,2372.0,1022.0,1873.0,1030.0
2.0,13121.0,3143.0,3380.0,5336.0,0.0,0.0,2360.0,1020.0,2237.0,906.0
2.0,15314.0,3625.0,3382.0,455.0,1384.0,1384.0,2366.0,1016.0,2728.0,897.0
2.0,12144.0,3874.0,3396.0,0.0,5314.0,5314.0,2382.0,1014.0,2864.0,1010.0
2.0,8270.0,3676.0,3412.0,1384.0,7670.0,7670.0,2395.0,1017.0,2533.0,1143.0
2.0,5978.0,3218.0,3413.0,5314.0,5578.0,5578.0,2391.0,1022.0,2058.0,1160.0
2.0,8074.0,2972.0,3399.0,7670.0,824.0,824.0,2375.0,1024.0,1929.0,1043.0
2.0,12772.0,3189.0,3386.0,5578.0,0.0,0.0,2364.0,1022.0,2281.0,908.0
2.0,15161.0,3644.0,3386.0,824.0,1203.0,1203.0,2369.0,1017.0,2750.0,894.0
2.0,12341.0,3886.0,3401.0,0.0,5149.0,5149.0,2386.0,1015.0,2874.0,1012.0
2.0,8455.0,3678.0,3417.0,1203.0,7688.0,7688.0,2399.0,1018.0,2535.0,1143.0
2.0,5980.0,3209.0,3417.0,5149.0,5748.0,5748.0,2395.0,1022.0,2055.0,1154.0
2.0,7920.0,2954.0,3404.0,7688.0,962.0,962.0,2379.0,1025.0,1919.0,1035.0
2.0,12654.0,3141.0,3389.0,5748.0,0.0,0.0,2367.0,1022.0,2241.0,900.0
2.0,15261.0,3589.0,3389.0,962.0,922.0,922.0,2371.0,1018.0,2702.0,887.0
2.0,12634.0,3858.0,3404.0,0.0,4840.0,4840.0,2388.0,1016.0,2849.0,1009.0
2.0,8776.0,3688.0,3420.0,922.0,7670.0,7670.0,2401.0,1019.0,2541.0,1147.0
2.0,6010.0,3251.0,3422.0,4840.0,6089.0,6089.0,2398.0,1024.0,2083.0,1168.0
2.0,7599.0,2990.0,3407.0,7670.0,1349.0,1349.0,2381.0,1026.0,1938.0,1052.0
2.0,12279.0,3169.0,3393.0,6089.0,0.0,0.0,2369.0,1024.0,2253.0,916.0
2.0,15199.0,3611.0,3393.0,1349.0,635.0,635.0,2373.0,1020.0,2717.0,894.0
2.0,12937.0,3882.0,3408.0,0.0,4577.0,4577.0,2390.0,1018.0,2874.0,1008.0
2.0,9055.0,3719.0,3424.0,635.0,7725.0,7725.0,2404.0,1020.0,2571.0,1148.0
2.0,5971.0,3260.0,3426.0,4577.0,6416.0,6416.0,2401.0,1025.0,2093.0,1167.0
2.0,7288.0,2972.0,3413.0,7725.0,1611.0,1611.0,2385.0,1028.0,1930.0,1042.0
2.0,12041.0,3127.0,3398.0,6416.0,0.0,0.0,2372.0,1026.0,2227.0,900.0
2.0,15330.0,3577.0,3397.0,1611.0,224.0,224.0,2376.0,1021.0,2694.0,883.0
2.0,13364.0,3861.0,3412.0,0.0,4145.0,4145.0,2393.0,1019.0,2849.0,1012.0
2.0,9503.0,3697.0,3428.0,224.0,7682.0,7682.0,2406.0,1022.0,2544.0,1153.0
2.0,6030.0,3249.0,3430.0,4145.0,6794.0,6794.0,2403.0,1027.0,2083.0,1166.0
2.0,6926.0,2992.0,3416.0,7682.0,2048.0,2048.0,2387.0,1029.0,1949.0,1043.0
2.0,11616.0,3178.0,3402.0,6794.0,0.0,0.0,2375.0,1027.0,2272.0,906.0
2.0,15232.0,3626.0,3401.0,2048.0,0.0,0.0,2379.0,1022.0,2731.0,895.0
2.0,13654.0,3904.0,3416.0,0.0,3914.0,3914.0,2396.0,1020.0,2884.0,1020.0
2.0,9750.0,3723.0,3432.0,0.0,7701.0,7701.0,2410.0,1022.0,2564.0,1159.0
2.0,6027.0,3266.0,3435.0,3914.0,7065.0,7065.0,2407.0,1028.0,2093.0,1173.0
2.0,6675.0,2985.0,3421.0,7701.0,2293.0,2293.0,2391.0,1030.0,1943.0,1042.0
2.0,11391.0,3151.0,3406.0,7065.0,0.0,0.0,2378.0,1028.0,2251.0,900.0
2.0,15305.0,3593.0,3405.0,2293.0,0.0,0.0,2382.0,1023.0,2701.0,892.0
2.0,14005.0,3849.0,3419.0,0.0,3520.0,3520.0,2398.0,1021.0,2832.0,1017.0
2.0,10156.0,3690.0,3435.0,0.0,7274.0,7274.0,2411.0,1024.0,2533.0,1157.0
2.0,6466.0,3266.0,3438.0,3520.0,7032.0,7032.0,2409.0,1029.0,2095.0,1171.0
2.0,6720.0,3021.0,3425.0,7274.0,2727.0,2727.0,2393.0,1032.0,1971.0,1050.0
2.0,10973.0,3214.0,3411.0,7032.0,0.0,0.0,2381.0,1030.0,2298.0,916.0
2.0,14791.0,3642.0,3410.0,2727.0,0.0,0.0,2385.0,1025.0,2743.0,899.0
2.0,13876.0,3883.0,3424.0,0.0,3703.0,3703.0,2402.0,1022.0,2869.0,1014.0
2.0,9993.0,3700.0,3440.0,0.0,7467.0,7467.0,2415.0,1025.0,2547.0,1153.0
2.0,6293.0,3274.0,3442.0,3703.0,7046.0,7046.0,2412.0,1030.0,2103.0,1171.0
2.0,6722.0,3027.0,3430.0,7467.0,2558.0,2558.0,2397.0,1033.0,1973.0,1054.0
2.0,11162.0,3186.0,3416.0,7046.0,0.0,0.0,2385.0,1031.0,2272.0,914.0
2.0,15022.0,3596.0,3414.0,2558.0,0.0,0.0,2388.0,1026.0,2706.0,890.0
2.0,13984.0,3847.0,3428.0,0.0,3575.0,3575.0,2404.0,1024.0,2841.0,1006.0
2.0,10137.0,3678.0,3443.0,0.0,7313.0,7313.0,2417.0,1026.0,2536.0,1142.0
2.0,6459.0,3263.0,3445.0,3575.0,7009.0,7009.0,2414.0,1031.0,2094.0,1169.0
2.0,6771.0,3031.0,3433.0,7313.0,2679.0,2679.0,2399.0,1034.0,1970.0,1061.0
2.0,11053.0,3209.0,3420.0,7009.0,0.0,0.0,2388.0,1032.0,2286.0,923.0
2.0,14853.0,3624.0,3420.0,2679.0,0.0,0.0,2392.0,1028.0,2731.0,893.0
2.0,13908.0,3896.0,3433.0,0.0,3720.0,3720.0,2408.0,1025.0,2883.0,1013.0
2.0,10012.0,3736.0,3447.0,0.0,7512.0,7512.0,2420.0,1027.0,2579.0,1157.0
2.0,6276.0,3316.0,3449.0,3720.0,7116.0,7116.0,2417.0,1032.0,2128.0,1188.0
2.0,6680.0,3045.0,3438.0,7512.0,2605.0,2605.0,2402.0,1036.0,1971.0,1074.0
2.0,11147.0,3195.0,3425.0,7116.0,0.0,0.0,2391.0,1034.0,2270.0,925.0
2.0,15068.0,3602.0,3423.0,2605.0,0.0,0.0,2394.0,1029.0,2717.0,885.0
2.0,14071.0,3853.0,3436.0,0.0,3526.0,3526.0,2410.0,1026.0,2860.0,993.0
2.0,10218.0,3682.0,3450.0,0.0,7264.0,7264.0,2422.0,1028.0,2541.0,1141.0
2.0,6536.0,3275.0,3452.0,3526.0,7021.0,7021.0,2419.0,1033.0,2098.0,1177.0
2.0,6787.0,3039.0,3442.0,7264.0,2756.0,2756.0,2405.0,1037.0,1971.0,1068.0
2.0,11012.0,3219.0,3429.0,7021.0,0.0,0.0,2394.0,1035.0,2293.0,926.0
2.0,14814.0,3635.0,3428.0,2756.0,0.0,0.0,2398.0,1030.0,2747.0,888.0
2.0,13935.0,3877.0,3441.0,0.0,3706.0,3706.0,2414.0,1027.0,2884.0,993.0
2.0,10058.0,3701.0,3454.0,0.0,7459.0,7459.0,2425.0,1029.0,2559.0,1142.0
2.0,6357.0,3286.0,3456.0,3706.0,7047.0,7047.0,2422.0,1034.0,2099.0,1187.0
2.0,6777.0,3057.0,3446.0,7459.0,2605.0,2605.0,2408.0,1038.0,1966.0,1091.0
2.0,11179.0,3243.0,3433.0,7047.0,0.0,0.0,2397.0,1036.0,2296.0,947.0
2.0,14983.0,3649.0,3432.0,2605.0,0.0,0.0,2400.0,1032.0,2752.0,897.0
2.0,13939.0,3860.0,3443.0,0.0,3693.0,3693.0,2415.0,1028.0,2871.0,989.0
2.0,10079.0,3678.0,3457.0,0.0,7427.0,7427.0,2427.0,1030.0,2545.0,1133.0
2.0,6401.0,3277.0,3460.0,3693.0,7023.0,7023.0,2425.0,1035.0,2095.0,1182.0
2.0,6817.0,3051.0,3450.0,7427.0,2607.0,2607.0,2411.0,1039.0,1965.0,1086.0
2.0,11193.0,3229.0,3438.0,7023.0,0.0,0.0,2400.0,1038.0,2288.0,941.0
2.0,14987.0,3636.0,3437.0,2607.0,0.0,0.0,2404.0,1033.0,2747.0,889.0
2.0,13958.0,3876.0,3448.0,0.0,3710.0,3710.0,2419.0,1029.0,2889.0,987.0
2.0,10082.0,3705.0,3462.0,0.0,7471.0,7471.0,2431.0,1031.0,2567.0,1138.0
2.0,6377.0,3308.0,3465.0,3710.0,7081.0,7081.0,2428.0,1037.0,2118.0,1190.0
2.0,6779.0,3077.0,3454.0,7471.0,2643.0,2643.0,2414.0,1040.0,1985.0,1092.0
2.0,11173.0,3243.0,3442.0,7081.0,0.0,0.0,2403.0,1039.0,2297.0,946.0
2.0,15011.0,3640.0,3440.0,2643.0,0.0,0.0,2406.0,1034.0,2738.0,902.0
2.0,14014.0,3870.0,3452.0,0.0,3664.0,3664.0,2421.0,1031.0,2875.0,995.0
2.0,10144.0,3702.0,3465.0,0.0,7418.0,7418.0,2433.0,1032.0,2568.0,1134.0
2.0,6442.0,3301.0,3469.0,3664.0,7071.0,7071.0,2431.0,1038.0,2126.0,1175.0
2.0,6805.0,3059.0,3458.0,7418.0,2668.0,2668.0,2417.0,1041.0,1979.0,1080.0
2.0,11164.0,3230.0,3446.0,7071.0,0.0,0.0,2406.0,1040.0,2282.0,948.0
2.0,15005.0,3641.0,3445.0,2668.0,0.0,0.0,2410.0,1035.0,2736.0,905.0
2.0,14032.0,3877.0,3457.0,0.0,3673.0,3673.0,2425.0,1032.0,2881.0,996.0
2.0,10155.0,3689.0,3469.0,0.0,7410.0,7410.0,2436.0,1033.0,2558.0,1131.0
2.0,6466.0,3276.0,3471.0,3673.0,7021.0,7021.0,2433.0,1038.0,2099.0,1177.0
2.0,6863.0,3062.0,3460.0,7410.0,2629.0,2629.0,2418.0,1042.0,1973.0,1089.0
2.0,11211.0,3267.0,3448.0,7021.0,0.0,0.0,2407.0,1041.0,2306.0,961.0
2.0,14965.0,3683.0,3448.0,2629.0,0.0,0.0,2411.0,1037.0,2762.0,921.0
2.0,13911.0,3918.0,3460.0,0.0,3847.0,3847.0,2427.0,1033.0,2908.0,1010.0
2.0,9993.0,3721.0,3473.0,0.0,7620.0,7620.0,2438.0,1035.0,2589.0,1132.0
2.0,6272.0,3297.0,3476.0,3847.0,7082.0,7082.0,2436.0,1040.0,2127.0,1170.0
2.0,6822.0,3050.0,3465.0,7620.0,2468.0,2468.0,2421.0,1044.0,1971.0,1079.0
2.0,11392.0,3232.0,3453.0,7082.0,0.0,0.0,2411.0,1042.0,2286.0,946.0
2.0,15242.0,3653.0,3453.0,2468.0,0.0,0.0,2415.0,1038.0,2748.0,905.0
2.0,14057.0,3887.0,3465.0,0.0,3690.0,3690.0,2430.0,1035.0,2889.0,998.0
2.0,10170.0,3706.0,3478.0,0.0,7448.0,7448.0,2442.0,1036.0,2573.0,1133.0
2.0,6464.0,3298.0,3480.0,3690.0,7064.0,7064.0,2439.0,1041.0,2119.0,1179.0
2.0,6856.0,3071.0,3469.0,7448.0,2643.0,2643.0,2424.0,1045.0,1986.0,1085.0
2.0,11233.0,3257.0,3456.0,7064.0,0.0,0.0,2413.0,1043.0,2306.0,951.0
2.0,15040.0,3673.0,3456.0,2643.0,0.0,0.0,2417.0,1039.0,2760.0,913.0
2.0,14010.0,3909.0,3466.0,0.0,3763.0,3763.0,2431.0,1035.0,2898.0,1011.0
2.0,10101.0,3733.0,3480.0,0.0,7552.0,7552.0,2443.0,1037.0,2586.0,1147.0
2.0,6368.0,3326.0,3483.0,3763.0,7127.0,7127.0,2441.0,1042.0,2138.0,1188.0
2.0,6805.0,3079.0,3473.0,7552.0,2614.0,2614.0,2427.0,1046.0,1995.0,1084.0
2.0,11278.0,3237.0,3461.0,7127.0,0.0,0.0,2416.0,1045.0,2295.0,942.0
2.0,15168.0,3647.0,3460.0,2614.0,0.0,0.0,2420.0,1040.0,2744.0,903.0
2.0,14135.0,3889.0,3472.0,0.0,3642.0,3642.0,2435.0,1037.0,2883.0,1006.0
2.0,10246.0,3728.0,3485.0,0.0,7422.0,7422.0,2447.0,1038.0,2575.0,1153.0
2.0,6518.0,3312.0,3487.0,3642.0,7100.0,7100.0,2443.0,1044.0,2117.0,1195.0
2.0,6848.0,3064.0,3475.0,7422.0,2694.0,2694.0,2428.0,1047.0,1976.0,1088.0
2.0,11206.0,3243.0,3463.0,7100.0,0.0,0.0,2417.0,1046.0,2300.0,943.0
2.0,15063.0,3660.0,3463.0,2694.0,0.0,0.0,2421.0,1042.0,2756.0,904.0
2.0,14097.0,3929.0,3475.0,0.0,3732.0,3732.0,2437.0,1038.0,2919.0,1010.0
2.0,10168.0,3781.0,3489.0,0.0,7569.0,7569.0,2449.0,1040.0,2626.0,1155.0
2.0,6387.0,3351.0,3491.0,3732.0,7196.0,7196.0,2447.0,1044.0,2160.0,1191.0
2.0,6768.0,3084.0,3480.0,7569.0,2667.0,2667.0,2432.0,1048.0,2001.0,1083.0
2.0,11253.0,3239.0,3468.0,7196.0,0.0,0.0,2421.0,1047.0,2297.0,942.0
2.0,15210.0,3643.0,3468.0,2667.0,0.0,0.0,2425.0,1043.0,2740.0,903.0
2.0,14234.0,3891.0,3479.0,0.0,3573.0,3573.0,2440.0,1039.0,2885.0,1006.0
2.0,10343.0,3735.0,3492.0,0.0,7360.0,7360.0,2452.0,1040.0,2588.0,1147.0
2.0,6608.0,3332.0,3495.0,3573.0,7131.0,7131.0,2450.0,1045.0,2147.0,1185.0
2.0,6849.0,3076.0,3484.0,7360.0,2803.0,2803.0,2435.0,1049.0,1991.0,1085.0
2.0,11133.0,3234.0,3471.0,7131.0,0.0,0.0,2423.0,1048.0,2281.0,953.0
2.0,15030.0,3648.0,3470.0,2803.0,0.0,0.0,2426.0,1044.0,2731.0,917.0
2.0,14185.0,3933.0,3483.0,0.0,3680.0,3680.0,2442.0,1041.0,2916.0,1017.0
2.0,10252.0,3800.0,3496.0,0.0,7532.0,7532.0,2454.0,1042.0,2647.0,1153.0
2.0,6452.0,3380.0,3498.0,3680.0,7240.0,7240.0,2452.0,1046.0,2193.0,1187.0
2.0,6752.0,3106.0,3489.0,7532.0,2778.0,2778.0,2439.0,1050.0,2014.0,1092.0
2.0,11178.0,3237.0,3476.0,7240.0,0.0,0.0,2427.0,1049.0,2280.0,957.0
2.0,15181.0,3647.0,3475.0,2778.0,0.0,0.0,2430.0,1045.0,2728.0,919.0
2.0,14312.0,3902.0,3487.0,0.0,3538.0,3538.0,2445.0,1042.0,2893.0,1009.0
2.0,10410.0,3759.0,3500.0,0.0,7349.0,7349.0,2457.0,1043.0,2616.0,1143.0
2.0,6651.0,3351.0,3503.0,3538.0,7174.0,7174.0,2455.0,1048.0,2168.0,1183.0
2.0,6838.0,3073.0,3492.0,7349.0,2854.0,2854.0,2441.0,1051.0,1988.0,1085.0
2.0,11114.0,3206.0,3479.0,7174.0,0.0,0.0,2429.0,1050.0,2260.0,946.0
2.0,15082.0,3635.0,3478.0,2854.0,0.0,0.0,2432.0,1046.0,2726.0,909.0
2.0,14301.0,3939.0,3491.0,0.0,3602.0,3602.0,2448.0,1043.0,2925.0,1014.0
2.0,10362.0,3838.0,3505.0,0.0,7496.0,7496.0,2461.0,1044.0,2672.0,1166.0
2.0,6524.0,3425.0,3509.0,3602.0,7335.0,7335.0,2460.0,1049.0,2217.0,1208.0
2.0,6701.0,3130.0,3498.0,7496.0,2925.0,2925.0,2446.0,1052.0,2035.0,1095.0
2.0,11067.0,3228.0,3485.0,7335.0,0.0,0.0,2434.0,1051.0,2284.0,944.0
2.0,15174.0,3618.0,3483.0,2925.0,0.0,0.0,2436.0,1047.0,2710.0,908.0
2.0,14481.0,3907.0,3494.0,0.0,3402.0,3402.0,2450.0,1044.0,2885.0,1022.0
2.0,10574.0,3802.0,3509.0,0.0,7264.0,7264.0,2463.0,1046.0,2633.0,1169.0
2.0,6772.0,3397.0,3512.0,3402.0,7271.0,7271.0,2461.0,1051.0,2196.0,1201.0
2.0,6777.0,3089.0,3501.0,7264.0,3052.0,3052.0,2447.0,1054.0,2010.0,1079.0
2.0,10952.0,3181.0,3488.0,7271.0,0.0,0.0,2435.0,1053.0,2254.0,927.0
2.0,15042.0,3599.0,3485.0,3052.0,0.0,0.0,2437.0,1048.0,2697.0,902.0
2.0,14495.0,3940.0,3498.0,0.0,3437.0,3437.0,2453.0,1045.0,2909.0,1031.0
2.0,10555.0,3869.0,3513.0,0.0,7366.0,7366.0,2466.0,1047.0,2686.0,1183.0
2.0,6686.0,3465.0,3517.0,3437.0,7410.0,7410.0,2465.0,1052.0,2252.0,1213.0
2.0,6658.0,3124.0,3507.0,7366.0,3128.0,3128.0,2451.0,1056.0,2037.0,1087.0
2.0,10900.0,3197.0,3493.0,7410.0,0.0,0.0,2439.0,1054.0,2263.0,934.0
2.0,15113.0,3593.0,3490.0,3128.0,0.0,0.0,2441.0,1049.0,2686.0,907.0
2.0,14648.0,3924.0,3501.0,0.0,3280.0,3280.0,2455.0,1046.0,2896.0,1028.0
2.0,10724.0,3844.0,3516.0,0.0,7184.0,7184.0,2468.0,1048.0,2670.0,1174.0
2.0,6880.0,3427.0,3520.0,3280.0,7347.0,7347.0,2467.0,1053.0,2223.0,1204.0
2.0,6733.0,3098.0,3510.0,7184.0,3221.0,3221.0,2453.0,1057.0,2014.0,1084.0
2.0,10819.0,3172.0,3496.0,7347.0,0.0,0.0,2441.0,1055.0,2243.0,929.0
2.0,14994.0,3583.0,3493.0,3221.0,0.0,0.0,2443.0,1050.0,2683.0,900.0
2.0,14632.0,3937.0,3505.0,0.0,3325.0,3325.0,2458.0,1047.0,2911.0,1026.0
2.0,10695.0,3885.0,3521.0,0.0,7274.0,7274.0,2472.0,1049.0,2702.0,1183.0
2.0,6810.0,3487.0,3525.0,3325.0,7452.0,7452.0,2471.0,1054.0,2266.0,1221.0
2.0,6648.0,3144.0,3516.0,7274.0,3286.0,3286.0,2458.0,1058.0,2046.0,1098.0
2.0,10778.0,3193.0,3502.0,7452.0,0.0,0.0,2445.0,1057.0,2255.0,938.0
2.0,15037.0,3582.0,3498.0,3286.0,0.0,0.0,2446.0,1052.0,2678.0,904.0
2.0,14741.0,3934.0,3509.0,0.0,3229.0,3229.0,2460.0,1049.0,2900.0,1034.0
2.0,10807.0,3890.0,3525.0,0.0,7183.0,7183.0,2474.0,1051.0,2698.0,1192.0
2.0,6917.0,3486.0,3529.0,3229.0,7456.0,7456.0,2473.0,1056.0,2266.0,1220.0
2.0,6660.0,3129.0,3519.0,7183.0,3362.0,3362.0,2459.0,1060.0,2038.0,1091.0
2.0,10714.0,3164.0,3505.0,7456.0,0.0,0.0,2447.0,1058.0,2239.0,925.0
2.0,15006.0,3548.0,3501.0,3362.0,0.0,0.0,2448.0,1053.0,2661.0,887.0
2.0,14820.0,3909.0,3513.0,0.0,3141.0,3141.0,2463.0,1050.0,2892.0,1017.0
2.0,10911.0,3879.0,3528.0,0.0,7080.0,7080.0,2476.0,1052.0,2693.0,1186.0
2.0,7032.0,3509.0,3533.0,3141.0,7468.0,7468.0,2476.0,1057.0,2277.0,1232.0
2.0,6664.0,3159.0,3524.0,7080.0,3511.0,3511.0,2463.0,1061.0,2057.0,1102.0
2.0,10585.0,3198.0,3510.0,7468.0,0.0,0.0,2451.0,1059.0,2265.0,933.0
2.0,14855.0,3592.0,3506.0,3511.0,0.0,0.0,2452.0,1054.0,2696.0,896.0
2.0,14774.0,3944.0,3517.0,0.0,3238.0,3238.0,2466.0,1051.0,2922.0,1022.0
2.0,10830.0,3898.0,3532.0,0.0,7196.0,7196.0,2479.0,1053.0,2707.0,1191.0
2.0,6932.0,3508.0,3537.0,3238.0,7486.0,7486.0,2479.0,1058.0,2268.0,1240.0
2.0,6662.0,3150.0,3527.0,7196.0,3400.0,3400.0,2465.0,1062.0,2037.0,1113.0
2.0,10708.0,3170.0,3514.0,7486.0,0.0,0.0,2453.0,1061.0,2235.0,935.0
2.0,15024.0,3548.0,3510.0,3400.0,0.0,0.0,2454.0,1056.0,2670.0,878.0
2.0,14876.0,3907.0,3520.0,0.0,3111.0,3111.0,2468.0,1052.0,2902.0,1005.0
2.0,10969.0,3885.0,3536.0,0.0,7060.0,7060.0,2482.0,1054.0,2700.0,1185.0
2.0,7084.0,3506.0,3542.0,3111.0,7479.0,7479.0,2482.0,1060.0,2268.0,1238.0
2.0,6689.0,3157.0,3533.0,7060.0,3540.0,3540.0,2469.0,1064.0,2045.0,1112.0
2.0,10592.0,3194.0,3518.0,7479.0,0.0,0.0,2456.0,1062.0,2257.0,937.0
2.0,14877.0,3592.0,3513.0,3540.0,0.0,0.0,2456.0,1057.0,2698.0,894.0
2.0,14825.0,3941.0,3523.0,0.0,3208.0,3208.0,2470.0,1053.0,2921.0,1020.0
2.0,10884.0,3886.0,3538.0,0.0,7154.0,7154.0,2483.0,1055.0,2697.0,1189.0
2.0,6998.0,3492.0,3543.0,3208.0,7458.0,7458.0,2482.0,1061.0,2259.0,1233.0
2.0,6714.0,3154.0,3534.0,7154.0,3422.0,3422.0,2469.0,1065.0,2046.0,1108.0
2.0,10714.0,3217.0,3521.0,7458.0,0.0,0.0,2458.0,1063.0,2277.0,940.0
2.0,14955.0,3613.0,3517.0,3422.0,0.0,0.0,2459.0,1058.0,2714.0,899.0
2.0,14764.0,3946.0,3527.0,0.0,3290.0,3290.0,2473.0,1054.0,2927.0,1019.0
2.0,10818.0,3880.0,3543.0,0.0,7234.0,7234.0,2487.0,1056.0,2699.0,1181.0
2.0,6938.0,3457.0,3548.0,3290.0,7421.0,7421.0,2486.0,1062.0,2234.0,1223.0
2.0,6771.0,3122.0,3539.0,7234.0,3273.0,3273.0,2473.0,1066.0,2017.0,1105.0
2.0,10883.0,3207.0,3525.0,7421.0,0.0,0.0,2461.0,1064.0,2258.0,949.0
2.0,15097.0,3626.0,3520.0,3273.0,0.0,0.0,2461.0,1059.0,2719.0,907.0
2.0,14744.0,3976.0,3530.0,0.0,3352.0,3352.0,2475.0,1055.0,2948.0,1028.0
2.0,10768.0,3918.0,3546.0,0.0,7334.0,7334.0,2488.0,1058.0,2724.0,1194.0
2.0,6850.0,3497.0,3551.0,3352.0,7499.0,7499.0,2488.0,1063.0,2263.0,1234.0
2.0,6705.0,3148.0,3542.0,7334.0,3277.0,3277.0,2475.0,1067.0,2028.0,1120.0
2.0,10891.0,3223.0,3529.0,7499.0,0.0,0.0,2463.0,1066.0,2267.0,956.0
2.0,15167.0,3641.0,3525.0,3277.0,0.0,0.0,2464.0,1061.0,2740.0,901.0
2.0,14803.0,3960.0,3535.0,0.0,3297.0,3297.0,2478.0,1057.0,2953.0,1007.0
2.0,10843.0,3881.0,3551.0,0.0,7242.0,7242.0,2492.0,1059.0,2707.0,1174.0
2.0,6962.0,3467.0,3556.0,3297.0,7432.0,7432.0,2492.0,1064.0,2240.0,1227.0
2.0,6792.0,3128.0,3548.0,7242.0,3286.0,3286.0,2479.0,1069.0,2014.0,1114.0
2.0,10906.0,3215.0,3533.0,7432.0,0.0,0.0,2466.0,1067.0,2268.0,947.0
2.0,15123.0,3631.0,3528.0,3286.0,0.0,0.0,2467.0,1061.0,2736.0,895.0
2.0,14778.0,3966.0,3537.0,0.0,3336.0,3336.0,2480.0,1057.0,2953.0,1013.0
2.0,10812.0,3886.0,3552.0,0.0,7282.0,7282.0,2493.0,1059.0,2704.0,1182.0
2.0,6926.0,3494.0,3558.0,3336.0,7464.0,7464.0,2493.0,1065.0,2249.0,1245.0
2.0,6768.0,3182.0,3550.0,7282.0,3332.0,3332.0,2481.0,1069.0,2047.0,1135.0
2.0,10868.0,3249.0,3537.0,7464.0,0.0,0.0,2469.0,1068.0,2290.0,959.0
2.0,15083.0,3641.0,3532.0,3332.0,0.0,0.0,2470.0,1062.0,2748.0,893.0
2.0,14774.0,3964.0,3541.0,0.0,3354.0,3354.0,2483.0,1058.0,2963.0,1001.0
2.0,10810.0,3896.0,3556.0,0.0,7310.0,7310.0,2496.0,1060.0,2716.0,1180.0
2.0,6914.0,3489.0,3563.0,3354.0,7473.0,7473.0,2497.0,1066.0,2244.0,1245.0
2.0,6779.0,3148.0,3555.0,7310.0,3279.0,3279.0,2484.0,1071.0,2013.0,1135.0
2.0,10941.0,3206.0,3542.0,7473.0,0.0,0.0,2472.0,1070.0,2248.0,958.0
2.0,15208.0,3611.0,3536.0,3279.0,0.0,0.0,2472.0,1064.0,2721.0,890.0
2.0,14876.0,3963.0,3544.0,0.0,3263.0,3263.0,2485.0,1059.0,2961.0,1002.0
2.0,10913.0,3919.0,3559.0,0.0,7242.0,7242.0,2498.0,1061.0,2736.0,1183.0
2.0,6994.0,3527.0,3566.0,3263.0,7534.0,7534.0,2499.0,1067.0,2276.0,1251.0
2.0,6730.0,3178.0,3558.0,7242.0,3438.0,3438.0,2486.0,1072.0,2039.0,1139.0
2.0,10794.0,3223.0,3544.0,7534.0,0.0,0.0,2473.0,1071.0,2265.0,958.0
2.0,15105.0,3621.0,3539.0,3438.0,0.0,0.0,2474.0,1065.0,2733.0,888.0
2.0,14922.0,3967.0,3547.0,0.0,3233.0,3233.0,2487.0,1060.0,2968.0,999.0
2.0,10955.0,3924.0,3562.0,0.0,7217.0,7217.0,2501.0,1061.0,2746.0,1178.0
2.0,7031.0,3519.0,3569.0,3233.0,7531.0,7531.0,2502.0,1067.0,2275.0,1244.0
2.0,6745.0,3166.0,3561.0,7217.0,3448.0,3448.0,2489.0,1072.0,2027.0,1139.0
2.0,10796.0,3205.0,3548.0,7531.0,0.0,0.0,2477.0,1071.0,2241.0,964.0
2.0,15122.0,3605.0,3543.0,3448.0,0.0,0.0,2477.0,1066.0,2713.0,892.0
2.0,14965.0,3952.0,3551.0,0.0,3191.0,3191.0,2490.0,1061.0,2956.0,996.0
2.0,11013.0,3913.0,3565.0,0.0,7160.0,7160.0,2503.0,1062.0,2738.0,1175.0
2.0,7100.0,3529.0,3572.0,3191.0,7526.0,7526.0,2504.0,1068.0,2280.0,1249.0
2.0,6762.0,3201.0,3564.0,7160.0,3535.0,3535.0,2491.0,1073.0,2048.0,1153.0
2.0,10721.0,3270.0,3552.0,7526.0,0.0,0.0,2479.0,1073.0,2286.0,984.0
2.0,14977.0,3671.0,3547.0,3535.0,0.0,0.0,2480.0,1067.0,2761.0,910.0
2.0,14841.0,4008.0,3558.0,0.0,3399.0,3399.0,2495.0,1063.0,3000.0,1008.0
2.0,10833.0,3929.0,3572.0,0.0,7384.0,7384.0,2508.0,1064.0,2754.0,1175.0
2.0,6904.0,3518.0,3578.0,3399.0,7527.0,7527.0,2508.0,1070.0,2275.0,1243.0
2.0,6785.0,3161.0,3570.0,7384.0,3272.0,3272.0,2495.0,1075.0,2020.0,1141.0
2.0,11008.0,3211.0,3556.0,7527.0,0.0,0.0,2482.0,1074.0,2243.0,968.0
2.0,15324.0,3624.0,3550.0,3272.0,0.0,0.0,2482.0,1068.0,2724.0,900.0
2.0,14972.0,3961.0,3560.0,0.0,3229.0,3229.0,2496.0,1064.0,2960.0,1001.0
2.0,11011.0,3916.0,3575.0,0.0,7205.0,7205.0,2510.0,1065.0,2741.0,1175.0
2.0,7095.0,3528.0,3582.0,3229.0,7532.0,7532.0,2511.0,1071.0,2285.0,1243.0
2.0,6796.0,3200.0,3574.0,7205.0,3495.0,3495.0,2498.0,1076.0,2059.0,1141.0
2.0,10801.0,3258.0,3560.0,7532.0,0.0,0.0,2485.0,1075.0,2285.0,973.0
2.0,15075.0,3657.0,3555.0,3495.0,0.0,0.0,2486.0,1069.0,2746.0,911.0
2.0,14913.0,4010.0,3565.0,0.0,3357.0,3357.0,2500.0,1065.0,2989.0,1021.0
2.0,10903.0,3956.0,3580.0,0.0,7373.0,7373.0,2514.0,1066.0,2766.0,1190.0
2.0,6947.0,3552.0,3586.0,3357.0,7592.0,7592.0,2514.0,1072.0,2303.0,1249.0
2.0,6752.0,3192.0,3578.0,7373.0,3379.0,3379.0,2501.0,1077.0,2053.0,1139.0
2.0,10933.0,3228.0,3564.0,7592.0,0.0,0.0,2488.0,1076.0,2257.0,971.0
2.0,15297.0,3622.0,3559.0,3379.0,0.0,0.0,2488.0,1071.0,2712.0,910.0
2.0,15054.0,3977.0,3569.0,0.0,3199.0,3199.0,2502.0,1067.0,2962.0,1015.0
2.0,11077.0,3919.0,3584.0,0.0,7178.0,7178.0,2516.0,1068.0,2740.0,1179.0
2.0,7158.0,3520.0,3590.0,3199.0,7523.0,7523.0,2516.0,1074.0,2278.0,1242.0
2.0,6837.0,3201.0,3581.0,7178.0,3510.0,3510.0,2503.0,1078.0,2061.0,1140.0
2.0,10814.0,3291.0,3569.0,7523.0,0.0,0.0,2491.0,1078.0,2311.0,980.0
2.0,15046.0,3694.0,3565.0,3510.0,0.0,0.0,2492.0,1073.0,2772.0,922.0
2.0,14862.0,4009.0,3574.0,0.0,3443.0,3443.0,2506.0,1068.0,2984.0,1025.0
2.0,10853.0,3934.0,3589.0,0.0,7437.0,7437.0,2520.0,1069.0,2750.0,1184.0
2.0,6919.0,3532.0,3595.0,3443.0,7550.0,7550.0,2520.0,1075.0,2293.0,1239.0
2.0,6830.0,3210.0,3586.0,7437.0,3287.0,3287.0,2507.0,1079.0,2076.0,1134.0
2.0,11057.0,3278.0,3573.0,7550.0,0.0,0.0,2494.0,1079.0,2300.0,978.0
2.0,15329.0,3657.0,3568.0,3287.0,0.0,0.0,2494.0,1074.0,2737.0,920.0
2.0,14959.0,3972.0,3578.0,0.0,3325.0,3325.0,2508.0,1070.0,2950.0,1022.0
2.0,10987.0,3900.0,3593.0,0.0,7285.0,7285.0,2522.0,1071.0,2723.0,1177.0
2.0,7087.0,3528.0,3598.0,3325.0,7508.0,7508.0,2522.0,1076.0,2291.0,1237.0
2.0,6884.0,3207.0,3591.0,7285.0,3402.0,3402.0,2510.0,1081.0,2071.0,1136.0
2.0,10962.0,3287.0,3577.0,7508.0,0.0,0.0,2497.0,1080.0,2306.0,981.0
2.0,15183.0,3684.0,3573.0,3402.0,0.0,0.0,2498.0,1075.0,2760.0,924.0
2.0,14901.0,4012.0,3582.0,0.0,3439.0,3439.0,2511.0,1071.0,2984.0,1028.0
2.0,10889.0,3954.0,3597.0,0.0,7453.0,7453.0,2525.0,1072.0,2763.0,1191.0
2.0,6935.0,3568.0,3604.0,3439.0,7610.0,7610.0,2526.0,1078.0,2314.0,1254.0
2.0,6806.0,3228.0,3597.0,7453.0,3357.0,3357.0,2514.0,1083.0,2078.0,1150.0
2.0,11031.0,3287.0,3583.0,7610.0,0.0,0.0,2501.0,1082.0,2305.0,982.0
2.0,15354.0,3670.0,3578.0,3357.0,0.0,0.0,2501.0,1077.0,2751.0,919.0
2.0,15041.0,3979.0,3587.0,0.0,3286.0,3286.0,2514.0,1073.0,2964.0,1015.0
2.0,11062.0,3909.0,3602.0,0.0,7255.0,7255.0,2528.0,1074.0,2732.0,1177.0
2.0,7153.0,3516.0,3608.0,3286.0,7509.0,7509.0,2529.0,1079.0,2279.0,1237.0
2.0,6923.0,3208.0,3600.0,7255.0,3430.0,3430.0,2516.0,1084.0,2069.0,1139.0
2.0,10970.0,3288.0,3587.0,7509.0,0.0,0.0,2504.0,1083.0,2309.0,979.0
2.0,15191.0,3693.0,3582.0,3430.0,0.0,0.0,2504.0,1078.0,2773.0,920.0
2.0,14928.0,4020.0,3592.0,0.0,3460.0,3460.0,2518.0,1074.0,2999.0,1021.0
2.0,10908.0,3948.0,3607.0,0.0,7468.0,7468.0,2532.0,1075.0,2765.0,1183.0
2.0,6960.0,3552.0,3612.0,3460.0,7580.0,7580.0,2532.0,1080.0,2307.0,1245.0
2.0,6868.0,3227.0,3603.0,7468.0,3303.0,3303.0,2519.0,1084.0,2081.0,1146.0
2.0,11109.0,3302.0,3590.0,7580.0,0.0,0.0,2506.0,1084.0,2309.0,993.0
2.0,15387.0,3678.0,3585.0,3303.0,0.0,0.0,2506.0,1079.0,2749.0,929.0
2.0,15012.0,3978.0,3594.0,0.0,3342.0,3342.0,2519.0,1075.0,2954.0,1024.0
2.0,11034.0,3922.0,3609.0,0.0,7324.0,7324.0,2533.0,1076.0,2737.0,1185.0
2.0,7112.0,3547.0,3615.0,3342.0,7553.0,7553.0,2534.0,1081.0,2302.0,1245.0
2.0,6907.0,3242.0,3608.0,7324.0,3443.0,3443.0,2522.0,1086.0,2095.0,1147.0
2.0,10989.0,3310.0,3596.0,7553.0,0.0,0.0,2510.0,1086.0,2327.0,983.0
2.0,15232.0,3680.0,3591.0,3443.0,0.0,0.0,2510.0,1081.0,2760.0,920.0
2.0,14995.0,3993.0,3599.0,0.0,3394.0,3394.0,2523.0,1076.0,2972.0,1021.0
2.0,11002.0,3945.0,3614.0,0.0,7399.0,7399.0,2537.0,1077.0,2756.0,1189.0
2.0,7057.0,3582.0,3620.0,3394.0,7611.0,7611.0,2537.0,1083.0,2324.0,1258.0
2.0,6869.0,3262.0,3613.0,7399.0,3446.0,3446.0,2525.0,1088.0,2106.0,1156.0
2.0,11006.0,3314.0,3599.0,7611.0,0.0,0.0,2512.0,1087.0,2328.0,986.0
2.0,15303.0,3676.0,3594.0,3446.0,0.0,0.0,2512.0,1082.0,2759.0,917.0
2.0,15073.0,3986.0,3602.0,0.0,3321.0,3321.0,2525.0,1077.0,2966.0,1020.0
2.0,11087.0,3937.0,3616.0,0.0,7314.0,7314.0,2538.0,1078.0,2748.0,1189.0
2.0,7150.0,3577.0,3624.0,3321.0,7602.0,7602.0,2540.0,1084.0,2322.0,1255.0
2.0,6894.0,3259.0,3616.0,7314.0,3515.0,3515.0,2528.0,1088.0,2111.0,1148.0
2.0,10949.0,3296.0,3603.0,7602.0,0.0,0.0,2516.0,1087.0,2323.0,973.0
2.0,15255.0,3655.0,3598.0,3515.0,0.0,0.0,2516.0,1082.0,2747.0,908.0
2.0,15115.0,3981.0,3607.0,0.0,3294.0,3294.0,2529.0,1078.0,2964.0,1017.0
2.0,11134.0,3962.0,3622.0,0.0,7316.0,7316.0,2543.0,1079.0,2759.0,1203.0
2.0,7172.0,3622.0,3628.0,3294.0,7668.0,7668.0,2543.0,1085.0,2348.0,1274.0
2.0,6844.0,3288.0,3620.0,7316.0,3608.0,3608.0,2531.0,1089.0,2123.0,1165.0
2.0,10872.0,3293.0,3607.0,7668.0,0.0,0.0,2518.0,1089.0,2311.0,982.0
2.0,15247.0,3650.0,3601.0,3608.0,0.0,0.0,2518.0,1083.0,2738.0,912.0
2.0,15205.0,3998.0,3610.0,0.0,3233.0,3233.0,2531.0,1079.0,2972.0,1026.0
2.0,11207.0,3985.0,3625.0,0.0,7278.0,7278.0,2544.0,1081.0,2780.0,1205.0
2.0,7222.0,3626.0,3631.0,3233.0,7695.0,7695.0,2545.0,1086.0,2359.0,1267.0
2.0,6829.0,3260.0,3624.0,7278.0,3649.0,3649.0,2533.0,1091.0,2109.0,1151.0
2.0,10847.0,3266.0,3611.0,7695.0,0.0,0.0,2521.0,1090.0,2295.0,971.0
2.0,15276.0,3645.0,3605.0,3649.0,0.0,0.0,2521.0,1084.0,2736.0,909.0
2.0,15280.0,4004.0,3614.0,0.0,3180.0,3180.0,2534.0,1080.0,2979.0,1025.0
2.0,11276.0,3970.0,3630.0,0.0,7214.0,7214.0,2548.0,1082.0,2768.0,1202.0
2.0,7306.0,3593.0,3635.0,3180.0,7647.0,7647.0,2548.0,1087.0,2330.0,1263.0
2.0,6893.0,3251.0,3626.0,7214.0,3648.0,3648.0,2535.0,1091.0,2099.0,1152.0
2.0,10856.0,3296.0,3613.0,7647.0,0.0,0.0,2522.0,1091.0,2315.0,981.0
2.0,15207.0,3700.0,3608.0,3648.0,0.0,0.0,2523.0,1085.0,2774.0,926.0
2.0,15155.0,4051.0,3617.0,0.0,3364.0,3364.0,2536.0,1081.0,3009.0,1042.0
2.0,11104.0,4011.0,3633.0,0.0,7439.0,7439.0,2550.0,1083.0,2799.0,1212.0
2.0,7093.0,3611.0,3639.0,3364.0,7710.0,7710.0,2551.0,1088.0,2347.0,1264.0
2.0,6846.0,3258.0,3630.0,7439.0,3493.0,3493.0,2538.0,1092.0,2111.0,1147.0
2.0,11027.0,3294.0,3618.0,7710.0,0.0,0.0,2526.0,1092.0,2314.0,980.0
2.0,15443.0,3676.0,3613.0,3493.0,0.0,0.0,2526.0,1087.0,2750.0,926.0
2.0,15260.0,4019.0,3623.0,0.0,3251.0,3251.0,2540.0,1083.0,2982.0,1037.0
2.0,11241.0,3972.0,3637.0,0.0,7279.0,7279.0,2553.0,1084.0,2769.0,1203.0
2.0,7269.0,3588.0,3644.0,3251.0,7644.0,7644.0,2554.0,1090.0,2326.0,1262.0
2.0,6932.0,3250.0,3635.0,7279.0,3579.0,3579.0,2541.0,1094.0,2098.0,1152.0
2.0,10961.0,3306.0,3621.0,7644.0,0.0,0.0,2528.0,1093.0,2322.0,984.0
2.0,15299.0,3701.0,3617.0,3579.0,0.0,0.0,2528.0,1089.0,2775.0,926.0
2.0,15177.0,4072.0,3627.0,0.0,3403.0,3403.0,2542.0,1085.0,3026.0,1046.0
2.0,11105.0,4025.0,3642.0,0.0,7488.0,7488.0,2556.0,1086.0,2809.0,1216.0
2.0,7080.0,3608.0,3647.0,3403.0,7713.0,7713.0,2556.0,1091.0,2341.0,1267.0
2.0,6875.0,3257.0,3640.0,7488.0,3454.0,3454.0,2544.0,1096.0,2103.0,1154.0
2.0,11106.0,3308.0,3627.0,7713.0,0.0,0.0,2532.0,1095.0,2329.0,979.0
2.0,15511.0,3698.0,3623.0,3454.0,0.0,0.0,2533.0,1090.0,2783.0,915.0
2.0,15267.0,4037.0,3631.0,0.0,3294.0,3294.0,2546.0,1085.0,3011.0,1026.0
2.0,11230.0,3988.0,3646.0,0.0,7342.0,7342.0,2560.0,1086.0,2786.0,1202.0
2.0,7242.0,3576.0,3651.0,3294.0,7644.0,7644.0,2559.0,1092.0,2308.0,1268.0
2.0,6960.0,3229.0,3642.0,7342.0,3495.0,3495.0,2546.0,1096.0,2070.0,1159.0
2.0,11073.0,3297.0,3629.0,7644.0,0.0,0.0,2533.0,1096.0,2314.0,983.0
2.0,15420.0,3718.0,3625.0,3495.0,0.0,0.0,2534.0,1091.0,2793.0,925.0
2.0,15197.0,4076.0,3635.0,0.0,3419.0,3419.0,2548.0,1087.0,3035.0,1041.0
2.0,11121.0,4035.0,3649.0,0.0,7510.0,7510.0,2561.0,1088.0,2817.0,1218.0
2.0,7086.0,3633.0,3655.0,3419.0,7748.0,7748.0,2562.0,1093.0,2354.0,1279.0
2.0,6872.0,3270.0,3647.0,7510.0,3476.0,3476.0,2549.0,1098.0,2105.0,1165.0
2.0,11112.0,3307.0,3634.0,7748.0,0.0,0.0,2537.0,1097.0,2323.0,984.0
2.0,15553.0,3700.0,3630.0,3476.0,0.0,0.0,2538.0,1092.0,2782.0,918.0
2.0,15329.0,4038.0,3639.0,0.0,3265.0,3265.0,2551.0,1088.0,3012.0,1026.0
2.0,11291.0,3990.0,3653.0,0.0,7311.0,7311.0,2564.0,1089.0,2788.0,1202.0
2.0,7301.0,3607.0,3659.0,3265.0,7677.0,7677.0,2564.0,1095.0,2333.0,1274.0
2.0,6959.0,3269.0,3652.0,7311.0,3607.0,3607.0,2552.0,1100.0,2103.0,1166.0
2.0,11001.0,3303.0,3638.0,7677.0,0.0,0.0,2539.0,1099.0,2322.0,981.0
2.0,15375.0,3688.0,3633.0,3607.0,0.0,0.0,2540.0,1093.0,2776.0,912.0
2.0,15294.0,4048.0,3642.0,0.0,3322.0,3322.0,2553.0,1089.0,3023.0,1025.0
2.0,11246.0,4037.0,3656.0,0.0,7415.0,7415.0,2566.0,1090.0,2817.0,1220.0
2.0,7209.0,3676.0,3663.0,3322.0,7797.0,7797.0,2567.0,1096.0,2378.0,1298.0
2.0,6855.0,3323.0,3657.0,7415.0,3681.0,3681.0,2556.0,1101.0,2143.0,1180.0
2.0,10947.0,3330.0,3644.0,7797.0,0.0,0.0,2544.0,1100.0,2344.0,986.0
2.0,15414.0,3696.0,3638.0,3681.0,0.0,0.0,2544.0,1094.0,2785.0,911.0
2.0,15399.0,4031.0,3646.0,0.0,3216.0,3216.0,2556.0,1090.0,3002.0,1029.0
2.0,11368.0,3996.0,3660.0,0.0,7268.0,7268.0,2569.0,1091.0,2780.0,1216.0
2.0,7372.0,3618.0,3291.421649817071,3216.0,6195.0,6195.0,2125.570493404882,1165.8511564121889,2331.0,1287.0
2.0,6970.0,3282.0,3281.6162494418704,7268.0,2171.0,2171.0,2299.6632067147784,981.9530427270921,2107.0,1175.0
2.0,10956.0,3327.0,3708.256225950733,6195.0,1009.0,1009.0,2784.3637286785365,923.8924972721967,2335.0,992.0
2.0,13824.0,3703.0,4043.2715454915015,2171.0,3881.0,3881.0,3001.571145814971,1041.7003996765304,2790.0,913.0
2.0,12292.0,4047.0,4013.1168665493465,1009.0,6798.0,6798.0,2803.489927163993,1209.6269393853536,3028.0,1019.0
2.0,9254.0,4022.0,3592.7480374963657,3881.0,5258.0,5258.0,2322.7258984507316,1270.022139045634,2817.0,1205.0
2.0,9113.0,3647.0,3301.145623718459,6798.0,940.0,940.0,2131.68725908976,1169.4583646286987,2363.0,1284.0
2.0,12264.0,3319.0,3283.895815588061,5258.0,0.0,0.0,2299.0980616765564,984.7977539115043,2133.0,1186.0
2.0,14203.0,3359.0,3709.6932398213003,940.0,3055.0,3055.0,2784.8359915264714,924.8572482948291,2355.0,1004.0
2.0,11784.0,3728.0,4045.820994415716,0.0,8127.0,8127.0,3003.370485565415,1042.4505088503008,2807.0,921.0
2.0,8056.0,4044.0,4010.3196599854264,3055.0,8974.0,8974.0,2801.737783907949,1208.5818760774775,3026.0,1018.0
2.0,7067.0,3992.0,3597.4493344271573,8127.0,3187.0,3187.0,2327.8540273789235,1269.5953070482337,2796.0,1196.0
2.0,11202.0,3604.0,3303.3961112457414,8974.0,0.0,0.0,2132.709910091847,1170.6862011538942,2331.0,1273.0
2.0,16572.0,3273.0,3286.4734570201963,3187.0,0.0,0.0,2301.1049300836926,985.3685269365036,2093.0,1180.0
2.0,16486.0,3332.0,3708.754301813854,0.0,1681.0,1681.0,2784.207158883317,924.5471429305371,2323.0,1009.0
2.0,13154.0,3738.0,4042.482142782609,0.0,6753.0,6753.0,3002.9575055999867,1039.5246371826224,2800.0,938.0
2.0,9416.0,4079.0,4015.839876146304,1681.0,9046.0,9046.0,2807.293351781707,1208.5465243645972,3048.0,1031.0
2.0,7018.0,4032.0,3600.660419573941,6753.0,4664.0,4664.0,2330.5045690987645,1270.1558504751765,2833.0,1199.0
2.0,9739.0,3645.0,3311.1508866585973,9046.0,0.0,0.0,2137.7027374376926,1173.448149220905,2372.0,1273.0
2.0,15140.0,3314.0,3290.7918687311007,4664.0,0.0,0.0,2300.253277933577,990.5385907975237,2126.0,1188.0
2.0,16490.0,3366.0,3714.324102810378,0.0,1733.0,1733.0,2785.093465639295,929.2306371710828,2341.0,1025.0
2.0,13124.0,3762.0,4049.8199415313184,0.0,6837.0,6837.0,3006.165675603475,1043.6542659278432,2814.0,948.0
2.0,9362.0,4091.0,4016.5104260904855,1733.0,9063.0,9063.0,2807.916354019331,1208.5940720711549,3058.0,1033.0
2.0,7004.0,4013.0,3608.524835001543,6837.0,4607.0,4607.0,2339.121607908401,1269.403227093142,2818.0,1195.0
2.0,9828.0,3609.0,3316.712045535509,9063.0,0.0,0.0,2141.3913945655295,1175.3206509699796,2337.0,1272.0
2.0,15282.0,3277.0,3297.163627768155,4607.0,0.0,0.0,2302.553807136764,994.609820631391,2097.0,1180.0
2.0,16612.0,3342.0,3718.1874575432207,0.0,1603.0,1603.0,2786.3194679933817,931.8679895498391,2332.0,1010.0
2.0,13270.0,3749.0,4048.8411537911397,0.0,6675.0,6675.0,3005.0596008609477,1043.7815529301922,2810.0,939.0
2.0,9521.0,4077.0,4021.7508931314323,1603.0,9040.0,9040.0,2813.5390779509457,1208.2118151804864,3048.0,1029.0
2.0,7047.0,4003.0,3612.1253808241268,6675.0,4729.0,4729.0,2342.6240857180437,1269.501295106083,2812.0,1191.0
2.0,9719.0,3610.0,3325.5911058937695,9040.0,0.0,0.0,2147.8917222025316,1177.699383691238,2346.0,1264.0
2.0,15149.0,3297.0,3303.258459790752,4729.0,0.0,0.0,2303.636578876167,999.6218809145854,2121.0,1176.0
2.0,16581.0,3389.0,3725.2278211735857,0.0,1709.0,1709.0,2788.588687360303,936.6391338132823,2367.0,1022.0
2.0,13192.0,3796.0,4054.918099942691,0.0,6824.0,6824.0,3007.045173126717,1047.8729268159739,2834.0,962.0
2.0,9396.0,4115.0,4022.1224288326016,1709.0,9098.0,9098.0,2811.537631661361,1210.5847971712406,3063.0,1052.0
2.0,6990.0,4024.0,3617.04484835764,6824.0,4678.0,4678.0,2347.758747253891,1269.286101103749,2819.0,1205.0
2.0,9790.0,3596.0,3331.2726318843406,9098.0,0.0,0.0,2153.98077218229,1177.291859702051,2335.0,1261.0
2.0,15292.0,3268.0,3309.2497790286197,4678.0,0.0,0.0,2307.635072052623,1001.6147069759967,2102.0,1166.0
2.0,16702.0,3363.0,3727.5757789111476,0.0,1572.0,1572.0,2786.6565250138055,940.9192538973418,2348.0,1015.0
2.0,13339.0,3788.0,4055.9620458745585,0.0,6673.0,6673.0,3004.646876241747,1051.3151696328116,2827.0,961.0
2.0,9551.0,4111.0,4023.8809344406077,1572.0,9084.0,9084.0,2813.395913832675,1210.4850206079327,3064.0,1047.0
2.0,7012.0,4012.0,3615.6332779560635,6673.0,4790.0,4790.0,2347.7229349454715,1267.9103430105918,2820.0,1192.0
2.0,9673.0,3614.0,3339.14736498994,9084.0,0.0,0.0,2160.2656088820554,1178.8817561078845,2355.0,1259.0
2.0,15143.0,3299.0,3320.560341166635,4790.0,0.0,0.0,2312.638076009581,1007.9222651570545,2124.0,1175.0
2.0,16634.0,3387.0,3742.843427978875,0.0,1725.0,1725.0,2794.5163372453694,948.3270907335053,2362.0,1025.0
2.0,13247.0,3791.0,4065.3811658156837,0.0,6805.0,6805.0,3007.1686755854635,1058.2124902302203,2832.0,959.0
2.0,9456.0,4102.0,4029.620174212568,1725.0,9040.0,9040.0,2817.2367041150264,1212.3834700975417,3052.0,1050.0
2.0,7079.0,4013.0,3620.4063971581777,6805.0,4610.0,4610.0,2352.658213635273,1267.7481835229046,2814.0,1199.0
2.0,9871.0,3612.0,3345.327039924887,9040.0,0.0,0.0,2165.8632237679567,1179.46381615693,2352.0,1260.0
2.0,15299.0,3309.0,3328.5645646943767,4610.0,0.0,0.0,2318.3165718130726,1010.2479928813042,2135.0,1174.0
