id,inv,demand,forecast,received_shipment,order,Order_Supplier_0,Forecast_Retailer_0,Forecast_Retailer_1,Demand_Retailer_0,Demand_Retailer_1
0.0,0.0,1158.0,1158.0,0.0,3474.0,3474.0,810.0,348.0,810.0,348.0
0.0,0.0,1149.0,1153.0,3474.0,2292.0,2292.0,807.0,346.0,804.0,345.0
0.0,1167.0,52.0,786.0,2292.0,0.0,0.0,550.0,236.0,37.0,15.0
0.0,3407.0,291.0,663.0,0.0,0.0,0.0,464.0,199.0,203.0,88.0
0.0,3116.0,223.0,575.0,0.0,0.0,0.0,402.0,173.0,156.0,67.0
0.0,2893.0,280.0,526.0,0.0,0.0,0.0,368.0,158.0,197.0,83.0
0.0,2613.0,259.0,487.0,0.0,0.0,0.0,341.0,146.0,182.0,77.0
0.0,2354.0,260.0,459.0,0.0,0.0,0.0,321.0,138.0,182.0,78.0
0.0,2094.0,362.0,449.0,0.0,0.0,0.0,314.0,135.0,252.0,110.0
0.0,1732.0,443.0,447.0,0.0,52.0,52.0,313.0,134.0,311.0,132.0
0.0,1289.0,360.0,440.0,52.0,339.0,339.0,308.0,132.0,251.0,109.0
0.0,981.0,258.0,424.0,339.0,210.0,210.0,297.0,127.0,181.0,77.0
0.0,1062.0,251.0,411.0,210.0,212.0,212.0,288.0,123.0,176.0,75.0
0.0,1021.0,334.0,406.0,212.0,319.0,319.0,284.0,122.0,234.0,100.0
0.0,899.0,391.0,404.0,319.0,385.0,385.0,283.0,121.0,273.0,118.0
0.0,827.0,468.0,409.0,385.0,483.0,483.0,286.0,123.0,328.0,140.0
0.0,744.0,409.0,409.0,483.0,409.0,409.0,286.0,123.0,286.0,123.0
0.0,818.0,379.0,407.0,409.0,373.0,373.0,285.0,122.0,264.0,115.0
0.0,848.0,247.0,399.0,373.0,223.0,223.0,279.0,120.0,174.0,73.0
0.0,974.0,217.0,390.0,223.0,190.0,190.0,273.0,117.0,150.0,67.0
0.0,980.0,270.0,384.0,190.0,252.0,252.0,269.0,115.0,189.0,81.0
0.0,900.0,354.0,383.0,252.0,351.0,351.0,268.0,115.0,249.0,105.0
0.0,798.0,412.0,384.0,351.0,415.0,415.0,269.0,115.0,288.0,124.0
0.0,737.0,466.0,387.0,415.0,475.0,475.0,271.0,116.0,327.0,139.0
0.0,686.0,373.0,387.0,475.0,373.0,373.0,271.0,116.0,260.0,113.0
0.0,788.0,292.0,383.0,373.0,280.0,280.0,268.0,115.0,205.0,87.0
0.0,869.0,270.0,379.0,280.0,258.0,258.0,265.0,114.0,190.0,80.0
0.0,879.0,340.0,377.0,258.0,334.0,334.0,264.0,113.0,238.0,102.0
0.0,797.0,362.0,377.0,334.0,362.0,362.0,264.0,113.0,251.0,111.0
0.0,769.0,379.0,377.0,362.0,379.0,379.0,264.0,113.0,266.0,113.0
0.0,752.0,455.0,380.0,379.0,464.0,464.0,266.0,114.0,318.0,137.0
0.0,676.0,404.0,380.0,464.0,404.0,404.0,266.0,114.0,284.0,120.0
0.0,736.0,336.0,379.0,404.0,333.0,333.0,265.0,114.0,235.0,101.0
0.0,804.0,208.0,374.0,333.0,193.0,193.0,262.0,112.0,145.0,63.0
0.0,929.0,320.0,373.0,193.0,317.0,317.0,261.0,112.0,224.0,96.0
0.0,802.0,389.0,373.0,317.0,389.0,389.0,261.0,112.0,273.0,116.0
0.0,730.0,465.0,376.0,389.0,474.0,474.0,263.0,113.0,325.0,140.0
0.0,654.0,473.0,377.0,474.0,476.0,476.0,264.0,113.0,331.0,142.0
0.0,655.0,386.0,378.0,476.0,389.0,389.0,265.0,113.0,271.0,115.0
0.0,745.0,308.0,376.0,389.0,302.0,302.0,263.0,113.0,215.0,93.0
0.0,826.0,314.0,375.0,302.0,311.0,311.0,262.0,113.0,219.0,95.0
0.0,814.0,326.0,373.0,311.0,320.0,320.0,261.0,112.0,228.0,98.0
0.0,799.0,334.0,373.0,320.0,334.0,334.0,261.0,112.0,234.0,100.0
0.0,785.0,452.0,374.0,334.0,455.0,455.0,262.0,112.0,317.0,135.0
0.0,667.0,409.0,376.0,455.0,415.0,415.0,263.0,113.0,285.0,124.0
0.0,713.0,351.0,374.0,415.0,345.0,345.0,262.0,112.0,246.0,105.0
0.0,777.0,377.0,374.0,345.0,377.0,377.0,262.0,112.0,265.0,112.0
0.0,745.0,359.0,374.0,377.0,359.0,359.0,262.0,112.0,251.0,108.0
0.0,763.0,273.0,373.0,359.0,270.0,270.0,261.0,112.0,192.0,81.0
0.0,849.0,426.0,373.0,270.0,426.0,426.0,261.0,112.0,297.0,129.0
0.0,693.0,440.0,374.0,426.0,443.0,443.0,262.0,112.0,309.0,131.0
0.0,679.0,510.0,377.0,443.0,519.0,519.0,264.0,113.0,357.0,153.0
0.0,612.0,418.0,363.0,519.0,376.0,376.0,254.0,109.0,293.0,125.0
0.0,713.0,407.0,349.0,376.0,365.0,365.0,244.0,105.0,285.0,122.0
0.0,682.0,367.0,354.0,365.0,382.0,382.0,248.0,106.0,257.0,110.0
0.0,680.0,234.0,354.0,382.0,234.0,234.0,248.0,106.0,163.0,71.0
0.0,828.0,373.0,357.0,234.0,382.0,382.0,250.0,107.0,262.0,111.0
0.0,689.0,490.0,361.0,382.0,502.0,502.0,253.0,108.0,343.0,147.0
0.0,581.0,489.0,366.0,502.0,504.0,504.0,256.0,110.0,343.0,146.0
0.0,594.0,389.0,367.0,504.0,392.0,392.0,257.0,110.0,271.0,118.0
0.0,709.0,399.0,369.0,392.0,405.0,405.0,258.0,111.0,280.0,119.0
0.0,702.0,288.0,366.0,405.0,279.0,279.0,256.0,110.0,202.0,86.0
0.0,819.0,334.0,364.0,279.0,328.0,328.0,255.0,109.0,234.0,100.0
0.0,764.0,369.0,367.0,328.0,378.0,378.0,257.0,110.0,257.0,112.0
0.0,723.0,402.0,370.0,378.0,411.0,411.0,259.0,111.0,283.0,119.0
0.0,699.0,440.0,372.0,411.0,446.0,446.0,260.0,112.0,307.0,133.0
0.0,670.0,446.0,373.0,446.0,449.0,449.0,261.0,112.0,313.0,133.0
0.0,670.0,383.0,371.0,449.0,377.0,377.0,260.0,111.0,267.0,116.0
0.0,736.0,333.0,370.0,377.0,330.0,330.0,259.0,111.0,232.0,101.0
0.0,780.0,361.0,370.0,330.0,361.0,361.0,259.0,111.0,253.0,108.0
0.0,749.0,398.0,373.0,361.0,407.0,407.0,261.0,112.0,280.0,118.0
0.0,712.0,446.0,377.0,407.0,458.0,458.0,264.0,113.0,312.0,134.0
0.0,673.0,438.0,380.0,458.0,447.0,447.0,266.0,114.0,306.0,132.0
0.0,693.0,399.0,381.0,447.0,402.0,402.0,267.0,114.0,278.0,121.0
0.0,741.0,366.0,380.0,402.0,363.0,363.0,266.0,114.0,258.0,108.0
0.0,777.0,332.0,377.0,363.0,323.0,323.0,264.0,113.0,231.0,101.0
0.0,808.0,313.0,376.0,323.0,310.0,310.0,263.0,113.0,220.0,93.0
0.0,818.0,383.0,378.0,310.0,389.0,389.0,265.0,113.0,267.0,116.0
0.0,745.0,449.0,381.0,389.0,458.0,458.0,267.0,114.0,315.0,134.0
0.0,685.0,516.0,385.0,458.0,528.0,528.0,269.0,116.0,361.0,155.0
0.0,627.0,437.0,387.0,528.0,443.0,443.0,271.0,116.0,307.0,130.0
0.0,718.0,363.0,386.0,443.0,360.0,360.0,270.0,116.0,254.0,109.0
0.0,798.0,290.0,383.0,360.0,281.0,281.0,268.0,115.0,203.0,87.0
0.0,868.0,333.0,381.0,281.0,327.0,327.0,267.0,114.0,232.0,101.0
0.0,816.0,433.0,383.0,327.0,439.0,439.0,268.0,115.0,304.0,129.0
0.0,710.0,466.0,389.0,439.0,484.0,484.0,272.0,117.0,325.0,141.0
0.0,683.0,404.0,390.0,484.0,407.0,407.0,273.0,117.0,284.0,120.0
0.0,763.0,469.0,391.0,407.0,472.0,472.0,274.0,117.0,327.0,142.0
0.0,701.0,364.0,390.0,472.0,361.0,361.0,273.0,117.0,256.0,108.0
0.0,809.0,353.0,387.0,361.0,344.0,344.0,271.0,116.0,246.0,107.0
0.0,817.0,410.0,387.0,344.0,410.0,410.0,271.0,116.0,287.0,123.0
0.0,751.0,379.0,389.0,410.0,385.0,385.0,272.0,117.0,266.0,113.0
0.0,782.0,442.0,391.0,385.0,448.0,448.0,274.0,117.0,308.0,134.0
0.0,725.0,508.0,396.0,448.0,523.0,523.0,277.0,119.0,356.0,152.0
0.0,665.0,417.0,397.0,523.0,420.0,420.0,278.0,119.0,293.0,124.0
0.0,771.0,377.0,396.0,420.0,374.0,374.0,277.0,119.0,263.0,114.0
0.0,814.0,373.0,394.0,374.0,367.0,367.0,276.0,118.0,261.0,112.0
0.0,815.0,290.0,393.0,367.0,287.0,287.0,275.0,118.0,204.0,86.0
0.0,892.0,429.0,394.0,287.0,432.0,432.0,276.0,118.0,298.0,131.0
0.0,750.0,495.0,397.0,432.0,504.0,504.0,278.0,119.0,348.0,147.0
0.0,687.0,525.0,402.0,504.0,540.0,540.0,281.0,121.0,366.0,159.0
0.0,666.0,476.0,403.0,540.0,479.0,479.0,282.0,121.0,334.0,142.0
0.0,730.0,386.0,402.0,479.0,383.0,383.0,281.0,121.0,269.0,117.0
0.0,823.0,347.0,399.0,383.0,338.0,338.0,279.0,120.0,243.0,104.0
0.0,859.0,334.0,397.0,338.0,328.0,328.0,278.0,119.0,235.0,99.0
0.0,863.0,321.0,396.0,328.0,318.0,318.0,277.0,119.0,224.0,97.0
0.0,870.0,415.0,396.0,318.0,415.0,415.0,277.0,119.0,291.0,124.0
0.0,773.0,511.0,402.0,415.0,529.0,529.0,281.0,121.0,356.0,155.0
0.0,677.0,426.0,403.0,529.0,429.0,429.0,282.0,121.0,299.0,127.0
0.0,780.0,307.0,399.0,429.0,295.0,295.0,279.0,120.0,215.0,92.0
0.0,902.0,378.0,397.0,295.0,372.0,372.0,278.0,119.0,264.0,114.0
0.0,819.0,394.0,397.0,372.0,394.0,394.0,278.0,119.0,276.0,118.0
0.0,797.0,317.0,396.0,394.0,314.0,314.0,277.0,119.0,223.0,94.0
0.0,874.0,455.0,399.0,314.0,464.0,464.0,279.0,120.0,318.0,137.0
0.0,733.0,467.0,401.0,464.0,473.0,473.0,281.0,120.0,326.0,141.0
0.0,730.0,437.0,403.0,473.0,443.0,443.0,282.0,121.0,307.0,130.0
0.0,766.0,374.0,402.0,443.0,371.0,371.0,281.0,121.0,262.0,112.0
0.0,835.0,333.0,400.0,371.0,327.0,327.0,280.0,120.0,232.0,101.0
0.0,873.0,370.0,399.0,327.0,367.0,367.0,279.0,120.0,260.0,110.0
0.0,830.0,374.0,399.0,367.0,374.0,374.0,279.0,120.0,262.0,112.0
0.0,823.0,512.0,402.0,374.0,521.0,521.0,281.0,121.0,358.0,154.0
0.0,685.0,475.0,404.0,521.0,481.0,481.0,283.0,121.0,331.0,144.0
0.0,731.0,427.0,404.0,481.0,427.0,427.0,283.0,121.0,300.0,127.0
0.0,785.0,307.0,402.0,427.0,301.0,301.0,281.0,121.0,215.0,92.0
0.0,905.0,341.0,400.0,301.0,335.0,335.0,280.0,120.0,238.0,103.0
0.0,865.0,387.0,400.0,335.0,387.0,387.0,280.0,120.0,271.0,116.0
0.0,813.0,411.0,400.0,387.0,411.0,411.0,280.0,120.0,289.0,122.0
0.0,789.0,473.0,403.0,411.0,482.0,482.0,282.0,121.0,330.0,143.0
0.0,727.0,489.0,407.0,482.0,501.0,501.0,285.0,122.0,342.0,147.0
0.0,720.0,487.0,409.0,501.0,493.0,493.0,286.0,123.0,343.0,144.0
0.0,734.0,388.0,407.0,493.0,382.0,382.0,285.0,122.0,271.0,117.0
0.0,839.0,278.0,403.0,382.0,266.0,266.0,282.0,121.0,194.0,84.0
0.0,943.0,345.0,401.0,266.0,339.0,339.0,281.0,120.0,243.0,102.0
0.0,864.0,485.0,403.0,339.0,491.0,491.0,282.0,121.0,339.0,146.0
0.0,718.0,512.0,407.0,491.0,524.0,524.0,285.0,122.0,358.0,154.0
0.0,697.0,477.0,410.0,524.0,486.0,486.0,287.0,123.0,334.0,143.0
0.0,744.0,437.0,410.0,486.0,437.0,437.0,287.0,123.0,306.0,131.0
0.0,793.0,381.0,409.0,437.0,378.0,378.0,286.0,123.0,268.0,113.0
0.0,849.0,294.0,407.0,378.0,288.0,288.0,285.0,122.0,205.0,89.0
0.0,933.0,338.0,404.0,288.0,329.0,329.0,283.0,121.0,237.0,101.0
0.0,883.0,437.0,406.0,329.0,443.0,443.0,284.0,122.0,307.0,130.0
0.0,775.0,458.0,407.0,443.0,461.0,461.0,285.0,122.0,320.0,138.0
0.0,760.0,543.0,410.0,461.0,552.0,552.0,287.0,123.0,379.0,164.0
0.0,678.0,550.0,414.0,552.0,562.0,562.0,290.0,124.0,386.0,164.0
0.0,680.0,427.0,413.0,562.0,424.0,424.0,289.0,124.0,298.0,129.0
0.0,815.0,354.0,410.0,424.0,345.0,345.0,287.0,123.0,249.0,105.0
0.0,885.0,367.0,410.0,345.0,367.0,367.0,287.0,123.0,256.0,111.0
0.0,863.0,436.0,410.0,367.0,436.0,436.0,287.0,123.0,306.0,130.0
0.0,794.0,510.0,413.0,436.0,519.0,519.0,289.0,124.0,356.0,154.0
0.0,720.0,457.0,417.0,519.0,469.0,469.0,292.0,125.0,323.0,134.0
0.0,782.0,439.0,417.0,469.0,439.0,439.0,292.0,125.0,305.0,134.0
0.0,812.0,418.0,415.0,439.0,412.0,412.0,291.0,124.0,294.0,124.0
0.0,833.0,428.0,413.0,412.0,422.0,422.0,289.0,124.0,299.0,129.0
0.0,817.0,374.0,411.0,422.0,368.0,368.0,288.0,123.0,263.0,111.0
0.0,865.0,407.0,411.0,368.0,407.0,407.0,288.0,123.0,285.0,122.0
0.0,826.0,509.0,414.0,407.0,518.0,518.0,290.0,124.0,356.0,153.0
0.0,724.0,528.0,419.0,518.0,543.0,543.0,293.0,126.0,369.0,159.0
0.0,714.0,506.0,423.0,543.0,518.0,518.0,296.0,127.0,354.0,152.0
0.0,751.0,477.0,423.0,518.0,477.0,477.0,296.0,127.0,335.0,142.0
0.0,792.0,337.0,420.0,477.0,328.0,328.0,294.0,126.0,234.0,103.0
0.0,932.0,393.0,420.0,328.0,393.0,393.0,294.0,126.0,277.0,116.0
0.0,867.0,427.0,421.0,393.0,430.0,430.0,295.0,126.0,298.0,129.0
0.0,833.0,500.0,424.0,430.0,509.0,509.0,297.0,127.0,350.0,150.0
0.0,763.0,503.0,426.0,509.0,509.0,509.0,298.0,128.0,353.0,150.0
0.0,769.0,502.0,430.0,509.0,514.0,514.0,301.0,129.0,351.0,151.0
0.0,776.0,446.0,430.0,514.0,446.0,446.0,301.0,129.0,312.0,134.0
0.0,844.0,331.0,427.0,446.0,322.0,322.0,299.0,128.0,231.0,100.0
0.0,959.0,367.0,426.0,322.0,364.0,364.0,298.0,128.0,258.0,109.0
0.0,914.0,427.0,427.0,364.0,430.0,430.0,299.0,128.0,300.0,127.0
0.0,851.0,581.0,431.0,430.0,593.0,593.0,302.0,129.0,405.0,176.0
0.0,700.0,500.0,434.0,593.0,509.0,509.0,304.0,130.0,351.0,149.0
0.0,793.0,520.0,437.0,509.0,529.0,529.0,306.0,131.0,364.0,156.0
0.0,782.0,308.0,433.0,529.0,296.0,296.0,303.0,130.0,216.0,92.0
0.0,1003.0,457.0,433.0,296.0,457.0,457.0,303.0,130.0,320.0,137.0
0.0,842.0,387.0,431.0,457.0,381.0,381.0,302.0,129.0,270.0,117.0
0.0,912.0,422.0,434.0,381.0,431.0,431.0,304.0,130.0,294.0,128.0
0.0,871.0,578.0,438.0,431.0,590.0,590.0,307.0,131.0,405.0,173.0
0.0,724.0,512.0,441.0,590.0,521.0,521.0,309.0,132.0,360.0,152.0
0.0,802.0,526.0,443.0,521.0,532.0,532.0,310.0,133.0,367.0,159.0
0.0,797.0,457.0,443.0,532.0,457.0,457.0,310.0,133.0,320.0,137.0
0.0,872.0,363.0,440.0,457.0,354.0,354.0,308.0,132.0,255.0,108.0
0.0,966.0,335.0,437.0,354.0,326.0,326.0,306.0,131.0,233.0,102.0
0.0,985.0,495.0,440.0,326.0,504.0,504.0,308.0,132.0,347.0,148.0
0.0,816.0,494.0,444.0,504.0,506.0,506.0,311.0,133.0,346.0,148.0
0.0,826.0,449.0,446.0,506.0,455.0,455.0,312.0,134.0,313.0,136.0
0.0,883.0,429.0,444.0,455.0,423.0,423.0,311.0,133.0,300.0,129.0
0.0,909.0,493.0,444.0,423.0,493.0,493.0,311.0,133.0,344.0,149.0
0.0,839.0,445.0,443.0,493.0,442.0,442.0,310.0,133.0,314.0,131.0
0.0,887.0,483.0,444.0,442.0,486.0,486.0,311.0,133.0,337.0,146.0
0.0,846.0,514.0,447.0,486.0,523.0,523.0,313.0,134.0,361.0,153.0
0.0,818.0,511.0,451.0,523.0,523.0,523.0,316.0,135.0,356.0,155.0
0.0,830.0,525.0,454.0,523.0,534.0,534.0,318.0,136.0,367.0,158.0
0.0,828.0,524.0,456.0,534.0,530.0,530.0,319.0,137.0,368.0,156.0
0.0,838.0,392.0,456.0,530.0,392.0,392.0,319.0,137.0,274.0,118.0
0.0,976.0,349.0,451.0,392.0,334.0,334.0,316.0,135.0,244.0,105.0
0.0,1019.0,420.0,449.0,334.0,414.0,414.0,314.0,135.0,295.0,125.0
0.0,933.0,470.0,450.0,414.0,473.0,473.0,315.0,135.0,329.0,141.0
0.0,877.0,568.0,454.0,473.0,580.0,580.0,318.0,136.0,398.0,170.0
0.0,782.0,523.0,457.0,580.0,532.0,532.0,320.0,137.0,366.0,157.0
0.0,839.0,490.0,457.0,532.0,490.0,490.0,320.0,137.0,342.0,148.0
0.0,881.0,450.0,457.0,490.0,450.0,450.0,320.0,137.0,316.0,134.0
0.0,921.0,401.0,456.0,450.0,398.0,398.0,319.0,137.0,280.0,121.0
0.0,970.0,472.0,456.0,398.0,472.0,472.0,319.0,137.0,331.0,141.0
0.0,896.0,437.0,457.0,472.0,440.0,440.0,320.0,137.0,306.0,131.0
0.0,931.0,589.0,460.0,440.0,598.0,598.0,322.0,138.0,412.0,177.0
0.0,782.0,542.0,463.0,598.0,551.0,551.0,324.0,139.0,379.0,163.0
0.0,838.0,483.0,464.0,551.0,486.0,486.0,325.0,139.0,339.0,144.0
0.0,906.0,438.0,463.0,486.0,435.0,435.0,324.0,139.0,306.0,132.0
0.0,954.0,506.0,463.0,435.0,506.0,506.0,324.0,139.0,354.0,152.0
0.0,883.0,451.0,461.0,506.0,445.0,445.0,323.0,138.0,315.0,136.0
0.0,938.0,473.0,461.0,445.0,473.0,473.0,323.0,138.0,331.0,142.0
0.0,910.0,486.0,464.0,473.0,495.0,495.0,325.0,139.0,340.0,146.0
0.0,897.0,470.0,466.0,495.0,476.0,476.0,326.0,140.0,330.0,140.0
0.0,922.0,500.0,467.0,476.0,503.0,503.0,327.0,140.0,351.0,149.0
0.0,898.0,456.0,466.0,503.0,453.0,453.0,326.0,140.0,319.0,137.0
0.0,945.0,454.0,466.0,453.0,454.0,454.0,326.0,140.0,317.0,137.0
0.0,944.0,377.0,463.0,454.0,368.0,368.0,324.0,139.0,265.0,112.0
0.0,1021.0,529.0,464.0,368.0,532.0,532.0,325.0,139.0,369.0,160.0
0.0,860.0,545.0,469.0,532.0,560.0,560.0,328.0,141.0,381.0,164.0
0.0,847.0,527.0,472.0,560.0,536.0,536.0,330.0,142.0,369.0,158.0
0.0,880.0,490.0,473.0,536.0,493.0,493.0,331.0,142.0,344.0,146.0
0.0,926.0,431.0,470.0,493.0,422.0,422.0,329.0,141.0,303.0,128.0
0.0,988.0,378.0,467.0,422.0,369.0,369.0,327.0,140.0,263.0,115.0
0.0,1032.0,404.0,466.0,369.0,401.0,401.0,326.0,140.0,284.0,120.0
0.0,997.0,475.0,469.0,401.0,484.0,484.0,328.0,141.0,332.0,143.0
0.0,923.0,556.0,470.0,484.0,559.0,559.0,329.0,141.0,388.0,168.0
0.0,851.0,529.0,473.0,559.0,538.0,538.0,331.0,142.0,372.0,157.0
0.0,881.0,520.0,476.0,538.0,529.0,529.0,333.0,143.0,363.0,157.0
0.0,899.0,480.0,473.0,529.0,471.0,471.0,331.0,142.0,337.0,143.0
0.0,948.0,378.0,471.0,471.0,372.0,372.0,330.0,141.0,263.0,115.0
0.0,1041.0,479.0,470.0,372.0,476.0,476.0,329.0,141.0,337.0,142.0
0.0,934.0,510.0,471.0,476.0,513.0,513.0,330.0,141.0,355.0,155.0
0.0,900.0,482.0,473.0,513.0,488.0,488.0,331.0,142.0,339.0,143.0
0.0,931.0,566.0,477.0,488.0,578.0,578.0,334.0,143.0,395.0,171.0
0.0,853.0,537.0,479.0,578.0,543.0,543.0,335.0,144.0,376.0,161.0
0.0,894.0,461.0,477.0,543.0,455.0,455.0,334.0,143.0,323.0,138.0
0.0,976.0,430.0,477.0,455.0,430.0,430.0,334.0,143.0,301.0,129.0
0.0,1001.0,367.0,476.0,430.0,364.0,364.0,333.0,143.0,258.0,109.0
0.0,1064.0,459.0,476.0,364.0,459.0,459.0,333.0,143.0,321.0,138.0
0.0,969.0,590.0,479.0,459.0,599.0,599.0,335.0,144.0,412.0,178.0
0.0,838.0,512.0,479.0,599.0,512.0,512.0,335.0,144.0,359.0,153.0
0.0,925.0,520.0,479.0,512.0,520.0,520.0,335.0,144.0,364.0,156.0
0.0,917.0,492.0,479.0,520.0,492.0,492.0,335.0,144.0,344.0,148.0
0.0,945.0,375.0,476.0,492.0,366.0,366.0,333.0,143.0,263.0,112.0
0.0,1062.0,488.0,476.0,366.0,488.0,488.0,333.0,143.0,342.0,146.0
0.0,940.0,512.0,477.0,488.0,515.0,515.0,334.0,143.0,357.0,155.0
0.0,916.0,596.0,483.0,515.0,614.0,614.0,338.0,145.0,418.0,178.0
0.0,835.0,638.0,486.0,614.0,647.0,647.0,340.0,146.0,447.0,191.0
0.0,811.0,528.0,487.0,647.0,531.0,531.0,341.0,146.0,368.0,160.0
0.0,930.0,454.0,486.0,531.0,451.0,451.0,340.0,146.0,318.0,136.0
0.0,1007.0,436.0,483.0,451.0,427.0,427.0,338.0,145.0,304.0,132.0
0.0,1022.0,489.0,483.0,427.0,489.0,489.0,338.0,145.0,342.0,147.0
0.0,960.0,512.0,484.0,489.0,515.0,515.0,339.0,145.0,359.0,153.0
0.0,937.0,558.0,487.0,515.0,567.0,567.0,341.0,146.0,390.0,168.0
0.0,894.0,611.0,490.0,567.0,620.0,620.0,343.0,147.0,427.0,184.0
0.0,850.0,612.0,494.0,620.0,624.0,624.0,346.0,148.0,428.0,184.0
0.0,858.0,490.0,492.0,624.0,484.0,484.0,344.0,148.0,344.0,146.0
0.0,992.0,394.0,489.0,484.0,385.0,385.0,342.0,147.0,276.0,118.0
0.0,1082.0,426.0,488.0,385.0,423.0,423.0,342.0,146.0,298.0,128.0
0.0,1041.0,467.0,489.0,423.0,470.0,470.0,342.0,147.0,327.0,140.0
0.0,997.0,549.0,490.0,470.0,552.0,552.0,343.0,147.0,384.0,165.0
0.0,918.0,577.0,492.0,552.0,583.0,583.0,344.0,148.0,404.0,173.0
0.0,893.0,562.0,493.0,583.0,565.0,565.0,345.0,148.0,392.0,170.0
0.0,914.0,457.0,493.0,565.0,457.0,457.0,345.0,148.0,322.0,135.0
0.0,1022.0,397.0,492.0,457.0,394.0,394.0,344.0,148.0,277.0,120.0
0.0,1082.0,413.0,490.0,394.0,407.0,407.0,343.0,147.0,288.0,125.0
0.0,1063.0,496.0,490.0,407.0,496.0,496.0,343.0,147.0,347.0,149.0
0.0,974.0,589.0,493.0,496.0,598.0,598.0,345.0,148.0,412.0,177.0
0.0,881.0,556.0,497.0,598.0,568.0,568.0,348.0,149.0,391.0,165.0
0.0,923.0,500.0,496.0,568.0,497.0,497.0,347.0,149.0,350.0,150.0
0.0,991.0,507.0,496.0,497.0,507.0,507.0,347.0,149.0,355.0,152.0
0.0,981.0,418.0,493.0,507.0,409.0,409.0,345.0,148.0,291.0,127.0
0.0,1070.0,484.0,493.0,409.0,484.0,484.0,345.0,148.0,339.0,145.0
0.0,995.0,476.0,494.0,484.0,479.0,479.0,346.0,148.0,334.0,142.0
0.0,1003.0,539.0,497.0,479.0,548.0,548.0,348.0,149.0,377.0,162.0
0.0,943.0,613.0,501.0,548.0,625.0,625.0,351.0,150.0,429.0,184.0
0.0,878.0,543.0,503.0,625.0,549.0,549.0,352.0,151.0,381.0,162.0
0.0,960.0,520.0,502.0,549.0,517.0,517.0,351.0,151.0,364.0,156.0
0.0,989.0,385.0,499.0,517.0,376.0,376.0,349.0,150.0,270.0,115.0
0.0,1121.0,472.0,498.0,376.0,469.0,469.0,349.0,149.0,330.0,142.0
0.0,1025.0,544.0,499.0,469.0,547.0,547.0,349.0,150.0,381.0,163.0
0.0,950.0,572.0,503.0,547.0,584.0,584.0,352.0,151.0,401.0,171.0
0.0,925.0,635.0,506.0,584.0,644.0,644.0,354.0,152.0,444.0,191.0
0.0,874.0,557.0,507.0,644.0,560.0,560.0,355.0,152.0,388.0,169.0
0.0,961.0,464.0,507.0,560.0,464.0,464.0,355.0,152.0,327.0,137.0
0.0,1057.0,390.0,503.0,464.0,378.0,378.0,352.0,151.0,271.0,119.0
0.0,1131.0,424.0,501.0,378.0,418.0,418.0,351.0,150.0,298.0,126.0
0.0,1085.0,549.0,503.0,418.0,555.0,555.0,352.0,151.0,385.0,164.0
0.0,954.0,568.0,506.0,555.0,577.0,577.0,354.0,152.0,397.0,171.0
0.0,941.0,565.0,509.0,577.0,574.0,574.0,356.0,153.0,395.0,170.0
0.0,953.0,532.0,510.0,574.0,535.0,535.0,357.0,153.0,371.0,161.0
0.0,995.0,439.0,507.0,535.0,430.0,430.0,355.0,152.0,308.0,131.0
0.0,1091.0,466.0,507.0,430.0,466.0,466.0,355.0,152.0,326.0,140.0
0.0,1055.0,447.0,506.0,466.0,444.0,444.0,354.0,152.0,314.0,133.0
0.0,1074.0,547.0,506.0,444.0,547.0,547.0,354.0,152.0,381.0,166.0
0.0,971.0,598.0,510.0,547.0,610.0,610.0,357.0,153.0,419.0,179.0
0.0,920.0,617.0,513.0,610.0,626.0,626.0,359.0,154.0,434.0,183.0
0.0,913.0,565.0,514.0,626.0,568.0,568.0,360.0,154.0,393.0,172.0
0.0,974.0,475.0,512.0,568.0,469.0,469.0,358.0,154.0,334.0,141.0
0.0,1067.0,408.0,507.0,469.0,393.0,393.0,355.0,152.0,285.0,123.0
0.0,1128.0,484.0,507.0,393.0,484.0,484.0,355.0,152.0,339.0,145.0
0.0,1037.0,560.0,509.0,484.0,566.0,566.0,356.0,153.0,393.0,167.0
0.0,961.0,593.0,512.0,566.0,602.0,602.0,358.0,154.0,415.0,178.0
0.0,934.0,615.0,514.0,602.0,621.0,621.0,360.0,154.0,430.0,185.0
0.0,921.0,511.0,514.0,621.0,511.0,511.0,360.0,154.0,358.0,153.0
0.0,1031.0,467.0,513.0,511.0,464.0,464.0,359.0,154.0,328.0,139.0
0.0,1075.0,481.0,510.0,464.0,472.0,472.0,357.0,153.0,335.0,146.0
0.0,1058.0,468.0,507.0,472.0,459.0,459.0,355.0,152.0,328.0,140.0
0.0,1062.0,533.0,508.0,459.0,536.0,536.0,356.0,152.0,374.0,159.0
0.0,988.0,605.0,512.0,536.0,617.0,617.0,358.0,154.0,423.0,182.0
0.0,919.0,621.0,516.0,617.0,633.0,633.0,361.0,155.0,435.0,186.0
0.0,915.0,649.0,519.0,633.0,658.0,658.0,363.0,156.0,454.0,195.0
0.0,899.0,470.0,517.0,658.0,464.0,464.0,362.0,155.0,328.0,142.0
0.0,1087.0,467.0,516.0,464.0,464.0,464.0,361.0,155.0,328.0,139.0
0.0,1084.0,447.0,513.0,464.0,438.0,438.0,359.0,154.0,312.0,135.0
0.0,1101.0,599.0,516.0,438.0,608.0,608.0,361.0,155.0,420.0,179.0
0.0,940.0,601.0,520.0,608.0,613.0,613.0,364.0,156.0,419.0,182.0
0.0,947.0,650.0,524.0,613.0,662.0,662.0,367.0,157.0,456.0,194.0
0.0,910.0,599.0,527.0,662.0,608.0,608.0,369.0,158.0,420.0,179.0
0.0,973.0,610.0,527.0,608.0,610.0,610.0,369.0,158.0,426.0,184.0
0.0,971.0,506.0,526.0,610.0,503.0,503.0,368.0,158.0,355.0,151.0
0.0,1075.0,514.0,526.0,503.0,514.0,514.0,368.0,158.0,360.0,154.0
0.0,1064.0,519.0,527.0,514.0,522.0,522.0,369.0,158.0,363.0,156.0
0.0,1059.0,608.0,530.0,522.0,617.0,617.0,371.0,159.0,426.0,182.0
0.0,973.0,572.0,532.0,617.0,578.0,578.0,372.0,160.0,399.0,173.0
0.0,1018.0,513.0,533.0,578.0,516.0,516.0,373.0,160.0,359.0,154.0
0.0,1083.0,566.0,533.0,516.0,566.0,566.0,373.0,160.0,397.0,169.0
0.0,1033.0,454.0,530.0,566.0,445.0,445.0,371.0,159.0,316.0,138.0
0.0,1145.0,415.0,527.0,445.0,406.0,406.0,369.0,158.0,291.0,124.0
0.0,1175.0,520.0,527.0,406.0,520.0,520.0,369.0,158.0,364.0,156.0
0.0,1061.0,629.0,533.0,520.0,647.0,647.0,373.0,160.0,441.0,188.0
0.0,952.0,622.0,536.0,647.0,631.0,631.0,375.0,161.0,435.0,187.0
0.0,977.0,544.0,536.0,631.0,544.0,544.0,375.0,161.0,381.0,163.0
0.0,1064.0,491.0,533.0,544.0,482.0,482.0,373.0,160.0,343.0,148.0
0.0,1117.0,477.0,530.0,482.0,468.0,468.0,371.0,159.0,334.0,143.0
0.0,1122.0,477.0,529.0,468.0,474.0,474.0,370.0,159.0,335.0,142.0
0.0,1113.0,578.0,531.0,474.0,584.0,584.0,372.0,159.0,404.0,174.0
0.0,1009.0,664.0,537.0,584.0,682.0,682.0,376.0,161.0,465.0,199.0
0.0,929.0,675.0,541.0,682.0,687.0,687.0,379.0,162.0,471.0,204.0
0.0,936.0,603.0,543.0,687.0,609.0,609.0,380.0,163.0,423.0,180.0
0.0,1020.0,533.0,542.0,609.0,530.0,530.0,379.0,163.0,373.0,160.0
0.0,1096.0,559.0,542.0,530.0,559.0,559.0,379.0,163.0,391.0,168.0
0.0,1067.0,463.0,540.0,559.0,457.0,457.0,378.0,162.0,323.0,140.0
0.0,1163.0,540.0,543.0,457.0,549.0,549.0,380.0,163.0,379.0,161.0
0.0,1080.0,656.0,546.0,549.0,665.0,665.0,382.0,164.0,460.0,196.0
0.0,973.0,688.0,550.0,665.0,700.0,700.0,385.0,165.0,482.0,206.0
0.0,950.0,579.0,551.0,700.0,582.0,582.0,386.0,165.0,403.0,176.0
0.0,1071.0,505.0,550.0,582.0,502.0,502.0,385.0,165.0,355.0,150.0
0.0,1148.0,490.0,547.0,502.0,481.0,481.0,383.0,164.0,341.0,149.0
0.0,1160.0,497.0,546.0,481.0,494.0,494.0,382.0,164.0,350.0,147.0
0.0,1144.0,567.0,547.0,494.0,570.0,570.0,383.0,164.0,396.0,171.0
0.0,1071.0,641.0,552.0,570.0,656.0,656.0,386.0,166.0,448.0,193.0
0.0,1000.0,695.0,556.0,656.0,707.0,707.0,389.0,167.0,487.0,208.0
0.0,961.0,580.0,556.0,707.0,580.0,580.0,389.0,167.0,406.0,174.0
0.0,1088.0,539.0,556.0,580.0,539.0,539.0,389.0,167.0,377.0,162.0
0.0,1129.0,481.0,553.0,539.0,472.0,472.0,387.0,166.0,337.0,144.0
0.0,1187.0,529.0,553.0,472.0,529.0,529.0,387.0,166.0,371.0,158.0
0.0,1130.0,569.0,555.0,529.0,575.0,575.0,388.0,167.0,397.0,172.0
0.0,1090.0,619.0,557.0,575.0,625.0,625.0,390.0,167.0,432.0,187.0
0.0,1046.0,645.0,561.0,625.0,657.0,657.0,393.0,168.0,454.0,191.0
0.0,1026.0,579.0,562.0,657.0,582.0,582.0,393.0,169.0,403.0,176.0
0.0,1104.0,498.0,560.0,582.0,492.0,492.0,392.0,168.0,350.0,148.0
0.0,1188.0,485.0,557.0,492.0,476.0,476.0,390.0,167.0,338.0,147.0
0.0,1195.0,517.0,554.0,476.0,508.0,508.0,388.0,166.0,363.0,154.0
0.0,1154.0,646.0,558.0,508.0,658.0,658.0,391.0,167.0,452.0,194.0
0.0,1016.0,600.0,560.0,658.0,606.0,606.0,392.0,168.0,422.0,178.0
0.0,1074.0,658.0,564.0,606.0,670.0,670.0,395.0,169.0,458.0,200.0
0.0,1022.0,621.0,566.0,670.0,627.0,627.0,396.0,170.0,436.0,185.0
0.0,1071.0,518.0,563.0,627.0,509.0,509.0,394.0,169.0,364.0,154.0
0.0,1180.0,444.0,560.0,509.0,435.0,435.0,392.0,168.0,310.0,134.0
0.0,1245.0,510.0,557.0,435.0,501.0,501.0,390.0,167.0,356.0,154.0
0.0,1170.0,569.0,557.0,501.0,569.0,569.0,390.0,167.0,398.0,171.0
0.0,1102.0,607.0,559.0,569.0,613.0,613.0,391.0,168.0,426.0,181.0
0.0,1064.0,689.0,563.0,613.0,701.0,701.0,394.0,169.0,482.0,207.0
0.0,988.0,648.0,565.0,701.0,654.0,654.0,395.0,170.0,453.0,195.0
0.0,1041.0,547.0,563.0,654.0,541.0,541.0,394.0,169.0,382.0,165.0
0.0,1148.0,477.0,562.0,541.0,474.0,474.0,393.0,169.0,335.0,142.0
0.0,1212.0,587.0,563.0,474.0,590.0,590.0,394.0,169.0,412.0,175.0
0.0,1099.0,527.0,563.0,590.0,527.0,527.0,394.0,169.0,369.0,158.0
0.0,1162.0,650.0,566.0,527.0,659.0,659.0,396.0,170.0,455.0,195.0
0.0,1039.0,661.0,571.0,659.0,676.0,676.0,400.0,171.0,461.0,200.0
0.0,1037.0,615.0,573.0,676.0,621.0,621.0,401.0,172.0,431.0,184.0
0.0,1098.0,498.0,570.0,621.0,489.0,489.0,399.0,171.0,350.0,148.0
0.0,1221.0,512.0,568.0,489.0,506.0,506.0,398.0,170.0,357.0,155.0
0.0,1198.0,582.0,569.0,506.0,585.0,585.0,398.0,171.0,408.0,174.0
0.0,1122.0,602.0,571.0,585.0,608.0,608.0,400.0,171.0,420.0,182.0
0.0,1105.0,716.0,576.0,608.0,731.0,731.0,403.0,173.0,502.0,214.0
0.0,997.0,699.0,580.0,731.0,711.0,711.0,406.0,174.0,490.0,209.0
0.0,1029.0,620.0,581.0,711.0,623.0,623.0,407.0,174.0,435.0,185.0
0.0,1120.0,540.0,579.0,623.0,534.0,534.0,405.0,174.0,376.0,164.0
0.0,1203.0,484.0,574.0,534.0,469.0,469.0,402.0,172.0,339.0,145.0
0.0,1253.0,485.0,573.0,469.0,482.0,482.0,401.0,172.0,340.0,145.0
0.0,1237.0,570.0,573.0,482.0,570.0,570.0,401.0,172.0,400.0,170.0
0.0,1149.0,649.0,574.0,570.0,652.0,652.0,402.0,172.0,453.0,196.0
0.0,1070.0,662.0,579.0,652.0,677.0,677.0,405.0,174.0,464.0,198.0
0.0,1060.0,664.0,581.0,677.0,670.0,670.0,407.0,174.0,464.0,200.0
0.0,1073.0,599.0,580.0,670.0,596.0,596.0,406.0,174.0,421.0,178.0
0.0,1144.0,534.0,577.0,596.0,525.0,525.0,404.0,173.0,372.0,162.0
0.0,1206.0,599.0,577.0,525.0,599.0,599.0,404.0,173.0,419.0,180.0
0.0,1132.0,625.0,580.0,599.0,634.0,634.0,406.0,174.0,439.0,186.0
0.0,1106.0,642.0,583.0,634.0,651.0,651.0,408.0,175.0,448.0,194.0
0.0,1098.0,712.0,587.0,651.0,724.0,724.0,411.0,176.0,499.0,213.0
0.0,1037.0,612.0,587.0,724.0,612.0,612.0,411.0,176.0,427.0,185.0
0.0,1149.0,586.0,587.0,612.0,586.0,586.0,411.0,176.0,411.0,175.0
0.0,1175.0,558.0,584.0,586.0,549.0,549.0,409.0,175.0,390.0,168.0
0.0,1203.0,535.0,583.0,549.0,532.0,532.0,408.0,175.0,376.0,159.0
0.0,1217.0,622.0,584.0,532.0,625.0,625.0,409.0,175.0,434.0,188.0
0.0,1127.0,638.0,587.0,625.0,647.0,647.0,411.0,176.0,446.0,192.0
0.0,1114.0,708.0,591.0,647.0,720.0,720.0,414.0,177.0,495.0,213.0
0.0,1053.0,674.0,593.0,720.0,680.0,680.0,415.0,178.0,474.0,200.0
0.0,1099.0,640.0,594.0,680.0,643.0,643.0,416.0,178.0,448.0,192.0
0.0,1139.0,546.0,592.0,643.0,540.0,540.0,414.0,178.0,381.0,165.0
0.0,1236.0,596.0,592.0,540.0,596.0,596.0,414.0,178.0,417.0,179.0
0.0,1180.0,671.0,596.0,596.0,683.0,683.0,417.0,179.0,469.0,202.0
0.0,1105.0,672.0,599.0,683.0,681.0,681.0,419.0,180.0,471.0,201.0
0.0,1116.0,686.0,602.0,681.0,695.0,695.0,421.0,181.0,480.0,206.0
0.0,1111.0,639.0,602.0,695.0,639.0,639.0,421.0,181.0,447.0,192.0
0.0,1167.0,571.0,602.0,639.0,571.0,571.0,421.0,181.0,399.0,172.0
0.0,1235.0,488.0,598.0,571.0,476.0,476.0,419.0,179.0,342.0,146.0
0.0,1318.0,510.0,596.0,476.0,504.0,504.0,417.0,179.0,358.0,152.0
0.0,1284.0,579.0,597.0,504.0,582.0,582.0,418.0,179.0,404.0,175.0
0.0,1209.0,658.0,601.0,582.0,670.0,670.0,421.0,180.0,460.0,198.0
0.0,1133.0,678.0,604.0,670.0,687.0,687.0,423.0,181.0,474.0,204.0
0.0,1125.0,666.0,606.0,687.0,672.0,672.0,424.0,182.0,468.0,198.0
0.0,1146.0,570.0,606.0,672.0,570.0,570.0,424.0,182.0,398.0,172.0
0.0,1248.0,505.0,602.0,570.0,493.0,493.0,421.0,181.0,354.0,151.0
0.0,1313.0,580.0,601.0,493.0,577.0,577.0,421.0,180.0,405.0,175.0
0.0,1226.0,585.0,602.0,577.0,588.0,588.0,421.0,181.0,410.0,175.0
0.0,1218.0,665.0,606.0,588.0,677.0,677.0,424.0,182.0,465.0,200.0
0.0,1141.0,695.0,607.0,677.0,698.0,698.0,425.0,182.0,485.0,210.0
0.0,1123.0,683.0,610.0,698.0,692.0,692.0,427.0,183.0,480.0,203.0
0.0,1138.0,591.0,609.0,692.0,588.0,588.0,426.0,183.0,414.0,177.0
0.0,1239.0,485.0,606.0,588.0,476.0,476.0,424.0,182.0,340.0,145.0
0.0,1342.0,497.0,603.0,476.0,488.0,488.0,422.0,181.0,346.0,151.0
0.0,1321.0,625.0,606.0,488.0,634.0,634.0,424.0,182.0,439.0,186.0
0.0,1184.0,671.0,609.0,634.0,680.0,680.0,426.0,183.0,469.0,202.0
0.0,1147.0,709.0,612.0,680.0,718.0,718.0,428.0,184.0,495.0,214.0
0.0,1118.0,649.0,613.0,718.0,652.0,652.0,429.0,184.0,455.0,194.0
0.0,1187.0,581.0,610.0,652.0,572.0,572.0,427.0,183.0,407.0,174.0
0.0,1258.0,587.0,607.0,572.0,578.0,578.0,425.0,182.0,410.0,177.0
0.0,1243.0,506.0,606.0,578.0,503.0,503.0,424.0,182.0,355.0,151.0
0.0,1315.0,593.0,606.0,503.0,593.0,593.0,424.0,182.0,413.0,180.0
0.0,1225.0,646.0,610.0,593.0,658.0,658.0,427.0,183.0,454.0,192.0
0.0,1172.0,708.0,614.0,658.0,720.0,720.0,430.0,184.0,494.0,214.0
0.0,1122.0,630.0,615.0,720.0,633.0,633.0,430.0,185.0,442.0,188.0
0.0,1212.0,603.0,614.0,633.0,600.0,600.0,430.0,184.0,421.0,182.0
0.0,1242.0,613.0,613.0,600.0,610.0,610.0,429.0,184.0,431.0,182.0
0.0,1229.0,608.0,612.0,610.0,605.0,605.0,428.0,184.0,425.0,183.0
0.0,1231.0,679.0,613.0,605.0,682.0,682.0,429.0,184.0,474.0,205.0
0.0,1157.0,632.0,616.0,682.0,641.0,641.0,431.0,185.0,443.0,189.0
0.0,1207.0,715.0,617.0,641.0,718.0,718.0,432.0,185.0,500.0,215.0
0.0,1133.0,663.0,619.0,718.0,669.0,669.0,433.0,186.0,464.0,199.0
0.0,1188.0,577.0,617.0,669.0,571.0,571.0,432.0,185.0,404.0,173.0
0.0,1280.0,550.0,614.0,571.0,541.0,541.0,430.0,184.0,385.0,165.0
0.0,1301.0,570.0,613.0,541.0,567.0,567.0,429.0,184.0,398.0,172.0
0.0,1272.0,655.0,614.0,567.0,658.0,658.0,430.0,184.0,459.0,196.0
0.0,1184.0,689.0,617.0,658.0,698.0,698.0,432.0,185.0,482.0,207.0
0.0,1153.0,722.0,620.0,698.0,731.0,731.0,434.0,186.0,505.0,217.0
0.0,1129.0,679.0,622.0,731.0,685.0,685.0,435.0,187.0,476.0,203.0
0.0,1181.0,624.0,622.0,685.0,624.0,624.0,435.0,187.0,437.0,187.0
0.0,1242.0,568.0,619.0,624.0,559.0,559.0,433.0,186.0,398.0,170.0
0.0,1298.0,613.0,617.0,559.0,607.0,607.0,432.0,185.0,428.0,185.0
0.0,1244.0,622.0,617.0,607.0,622.0,622.0,432.0,185.0,435.0,187.0
0.0,1229.0,662.0,620.0,622.0,671.0,671.0,434.0,186.0,462.0,200.0
0.0,1189.0,706.0,622.0,671.0,712.0,712.0,435.0,187.0,496.0,210.0
0.0,1154.0,676.0,622.0,712.0,676.0,676.0,435.0,187.0,473.0,203.0
0.0,1190.0,629.0,621.0,676.0,626.0,626.0,435.0,186.0,440.0,189.0
0.0,1237.0,590.0,619.0,626.0,584.0,584.0,433.0,186.0,412.0,178.0
0.0,1273.0,600.0,619.0,584.0,600.0,600.0,433.0,186.0,421.0,179.0
0.0,1257.0,645.0,620.0,600.0,648.0,648.0,434.0,186.0,450.0,195.0
0.0,1212.0,738.0,625.0,648.0,753.0,753.0,437.0,188.0,517.0,221.0
0.0,1122.0,662.0,627.0,753.0,668.0,668.0,439.0,188.0,463.0,199.0
0.0,1213.0,693.0,630.0,668.0,702.0,702.0,441.0,189.0,486.0,207.0
0.0,1188.0,543.0,627.0,702.0,534.0,534.0,439.0,188.0,379.0,164.0
0.0,1347.0,567.0,626.0,534.0,564.0,564.0,438.0,188.0,398.0,169.0
0.0,1314.0,597.0,624.0,564.0,591.0,591.0,437.0,187.0,417.0,180.0
0.0,1281.0,650.0,626.0,591.0,656.0,656.0,438.0,188.0,456.0,194.0
0.0,1222.0,656.0,629.0,656.0,665.0,665.0,440.0,189.0,459.0,197.0
0.0,1222.0,706.0,631.0,665.0,712.0,712.0,442.0,189.0,493.0,213.0
0.0,1181.0,654.0,632.0,712.0,657.0,657.0,442.0,190.0,459.0,195.0
0.0,1239.0,643.0,632.0,657.0,643.0,643.0,442.0,190.0,450.0,193.0
0.0,1253.0,618.0,630.0,643.0,612.0,612.0,441.0,189.0,432.0,186.0
0.0,1278.0,604.0,629.0,612.0,601.0,601.0,440.0,189.0,424.0,180.0
0.0,1286.0,673.0,630.0,601.0,676.0,676.0,441.0,189.0,470.0,203.0
0.0,1214.0,672.0,634.0,676.0,684.0,684.0,444.0,190.0,471.0,201.0
0.0,1218.0,764.0,639.0,684.0,779.0,779.0,447.0,192.0,535.0,229.0
0.0,1138.0,726.0,641.0,779.0,732.0,732.0,449.0,192.0,507.0,219.0
0.0,1191.0,633.0,640.0,732.0,630.0,630.0,448.0,192.0,443.0,190.0
0.0,1290.0,597.0,639.0,630.0,594.0,594.0,447.0,192.0,419.0,178.0
0.0,1323.0,574.0,637.0,594.0,568.0,568.0,446.0,191.0,401.0,173.0
0.0,1343.0,584.0,637.0,568.0,584.0,584.0,446.0,191.0,409.0,175.0
0.0,1327.0,667.0,639.0,584.0,673.0,673.0,447.0,192.0,468.0,199.0
0.0,1244.0,811.0,644.0,673.0,826.0,826.0,451.0,193.0,566.0,245.0
0.0,1106.0,661.0,646.0,826.0,667.0,667.0,452.0,194.0,464.0,197.0
0.0,1271.0,610.0,645.0,667.0,607.0,607.0,451.0,194.0,427.0,183.0
0.0,1328.0,553.0,642.0,607.0,544.0,544.0,449.0,193.0,387.0,166.0
0.0,1382.0,617.0,642.0,544.0,617.0,617.0,449.0,193.0,432.0,185.0
0.0,1309.0,642.0,643.0,617.0,645.0,645.0,450.0,193.0,449.0,193.0
0.0,1284.0,732.0,644.0,645.0,735.0,735.0,451.0,193.0,512.0,220.0
0.0,1197.0,749.0,647.0,735.0,758.0,758.0,453.0,194.0,524.0,225.0
0.0,1183.0,744.0,649.0,758.0,750.0,750.0,454.0,195.0,522.0,222.0
0.0,1197.0,631.0,649.0,750.0,631.0,631.0,454.0,195.0,442.0,189.0
0.0,1316.0,661.0,647.0,631.0,655.0,655.0,453.0,194.0,462.0,199.0
0.0,1286.0,573.0,646.0,655.0,570.0,570.0,452.0,194.0,402.0,171.0
0.0,1368.0,718.0,649.0,570.0,727.0,727.0,454.0,195.0,502.0,216.0
0.0,1220.0,725.0,652.0,727.0,734.0,734.0,456.0,196.0,507.0,218.0
0.0,1222.0,755.0,656.0,734.0,767.0,767.0,459.0,197.0,528.0,227.0
0.0,1201.0,706.0,656.0,767.0,706.0,706.0,459.0,197.0,495.0,211.0
0.0,1262.0,613.0,655.0,706.0,610.0,610.0,458.0,197.0,428.0,185.0
0.0,1355.0,592.0,653.0,610.0,586.0,586.0,457.0,196.0,415.0,177.0
0.0,1373.0,686.0,653.0,586.0,686.0,686.0,457.0,196.0,481.0,205.0
0.0,1273.0,683.0,654.0,686.0,686.0,686.0,458.0,196.0,476.0,207.0
0.0,1276.0,742.0,657.0,686.0,751.0,751.0,460.0,197.0,519.0,223.0
0.0,1220.0,707.0,659.0,751.0,713.0,713.0,461.0,198.0,497.0,210.0
0.0,1264.0,763.0,662.0,713.0,772.0,772.0,463.0,199.0,533.0,230.0
0.0,1214.0,650.0,661.0,772.0,647.0,647.0,463.0,198.0,455.0,195.0
0.0,1336.0,570.0,659.0,647.0,564.0,564.0,461.0,198.0,400.0,170.0
0.0,1413.0,620.0,657.0,564.0,614.0,614.0,460.0,197.0,433.0,187.0
0.0,1357.0,663.0,659.0,614.0,669.0,669.0,461.0,198.0,464.0,199.0
0.0,1308.0,727.0,661.0,669.0,733.0,733.0,463.0,198.0,509.0,218.0
0.0,1250.0,785.0,664.0,733.0,794.0,794.0,465.0,199.0,549.0,236.0
0.0,1198.0,747.0,667.0,794.0,756.0,756.0,467.0,200.0,525.0,222.0
0.0,1245.0,640.0,664.0,756.0,631.0,631.0,465.0,199.0,447.0,193.0
0.0,1361.0,577.0,663.0,631.0,574.0,574.0,464.0,199.0,405.0,172.0
0.0,1415.0,638.0,662.0,574.0,635.0,635.0,463.0,199.0,446.0,192.0
0.0,1351.0,652.0,664.0,635.0,658.0,658.0,465.0,199.0,455.0,197.0
0.0,1334.0,749.0,667.0,658.0,758.0,758.0,467.0,200.0,525.0,224.0
0.0,1243.0,772.0,671.0,758.0,784.0,784.0,470.0,201.0,542.0,230.0
0.0,1229.0,762.0,673.0,784.0,768.0,768.0,471.0,202.0,532.0,230.0
0.0,1251.0,646.0,673.0,768.0,646.0,646.0,471.0,202.0,452.0,194.0
0.0,1373.0,601.0,671.0,646.0,595.0,595.0,470.0,201.0,420.0,181.0
0.0,1418.0,668.0,671.0,595.0,668.0,668.0,470.0,201.0,468.0,200.0
0.0,1345.0,694.0,672.0,668.0,697.0,697.0,470.0,202.0,487.0,207.0
0.0,1319.0,745.0,674.0,697.0,751.0,751.0,472.0,202.0,520.0,225.0
0.0,1271.0,769.0,677.0,751.0,778.0,778.0,474.0,203.0,540.0,229.0
0.0,1253.0,710.0,679.0,778.0,716.0,716.0,475.0,204.0,496.0,214.0
0.0,1321.0,629.0,677.0,716.0,623.0,623.0,474.0,203.0,440.0,189.0
0.0,1408.0,608.0,674.0,623.0,599.0,599.0,472.0,202.0,426.0,182.0
0.0,1423.0,650.0,673.0,599.0,647.0,647.0,471.0,202.0,456.0,194.0
0.0,1372.0,690.0,674.0,647.0,693.0,693.0,472.0,202.0,482.0,208.0
0.0,1329.0,717.0,677.0,693.0,726.0,726.0,474.0,203.0,503.0,214.0
0.0,1305.0,799.0,681.0,726.0,811.0,811.0,477.0,204.0,558.0,241.0
0.0,1232.0,746.0,684.0,811.0,755.0,755.0,479.0,205.0,524.0,222.0
0.0,1297.0,734.0,686.0,755.0,740.0,740.0,480.0,206.0,513.0,221.0
0.0,1318.0,538.0,680.0,740.0,520.0,520.0,476.0,204.0,378.0,160.0
0.0,1520.0,624.0,680.0,520.0,624.0,624.0,476.0,204.0,436.0,188.0
0.0,1416.0,684.0,680.0,624.0,684.0,684.0,476.0,204.0,478.0,206.0
0.0,1356.0,768.0,684.0,684.0,780.0,780.0,479.0,205.0,538.0,230.0
0.0,1272.0,786.0,688.0,780.0,798.0,798.0,482.0,206.0,550.0,236.0
0.0,1266.0,686.0,689.0,798.0,689.0,689.0,482.0,207.0,480.0,206.0
0.0,1378.0,684.0,688.0,689.0,681.0,681.0,482.0,206.0,479.0,205.0
0.0,1383.0,660.0,686.0,681.0,654.0,654.0,480.0,206.0,463.0,197.0
0.0,1404.0,617.0,684.0,654.0,611.0,611.0,479.0,205.0,430.0,187.0
0.0,1441.0,709.0,686.0,611.0,715.0,715.0,480.0,206.0,497.0,212.0
0.0,1343.0,799.0,688.0,715.0,805.0,805.0,482.0,206.0,559.0,240.0
0.0,1259.0,806.0,693.0,805.0,821.0,821.0,485.0,208.0,565.0,241.0
0.0,1258.0,733.0,693.0,821.0,733.0,733.0,485.0,208.0,513.0,220.0
0.0,1346.0,677.0,692.0,733.0,674.0,674.0,484.0,208.0,474.0,203.0
0.0,1402.0,647.0,690.0,674.0,641.0,641.0,483.0,207.0,453.0,194.0
0.0,1429.0,574.0,687.0,641.0,565.0,565.0,481.0,206.0,401.0,173.0
0.0,1496.0,690.0,689.0,565.0,696.0,696.0,482.0,207.0,484.0,206.0
0.0,1371.0,773.0,693.0,696.0,785.0,785.0,485.0,208.0,541.0,232.0
0.0,1294.0,776.0,694.0,785.0,779.0,779.0,486.0,208.0,544.0,232.0
0.0,1303.0,746.0,695.0,779.0,749.0,749.0,487.0,208.0,521.0,225.0
0.0,1336.0,712.0,694.0,749.0,709.0,709.0,486.0,208.0,498.0,214.0
0.0,1373.0,679.0,694.0,709.0,679.0,679.0,486.0,208.0,474.0,205.0
0.0,1403.0,615.0,691.0,679.0,606.0,606.0,484.0,207.0,432.0,183.0
0.0,1467.0,666.0,691.0,606.0,666.0,666.0,484.0,207.0,466.0,200.0
0.0,1407.0,782.0,696.0,666.0,797.0,797.0,487.0,209.0,547.0,235.0
0.0,1291.0,813.0,700.0,797.0,825.0,825.0,490.0,210.0,570.0,243.0
0.0,1275.0,730.0,700.0,825.0,730.0,730.0,490.0,210.0,512.0,218.0
0.0,1370.0,685.0,700.0,730.0,685.0,685.0,490.0,210.0,479.0,206.0
0.0,1415.0,648.0,697.0,685.0,639.0,639.0,488.0,209.0,453.0,195.0
0.0,1452.0,697.0,696.0,639.0,694.0,694.0,487.0,209.0,489.0,208.0
0.0,1394.0,710.0,697.0,694.0,713.0,713.0,488.0,209.0,496.0,214.0
0.0,1378.0,756.0,701.0,713.0,768.0,768.0,491.0,210.0,529.0,227.0
0.0,1335.0,755.0,703.0,768.0,761.0,761.0,492.0,211.0,530.0,225.0
0.0,1348.0,729.0,704.0,761.0,732.0,732.0,493.0,211.0,509.0,220.0
0.0,1380.0,707.0,704.0,732.0,707.0,707.0,493.0,211.0,494.0,213.0
0.0,1405.0,585.0,700.0,707.0,573.0,573.0,490.0,210.0,410.0,175.0
0.0,1527.0,733.0,700.0,573.0,733.0,733.0,490.0,210.0,515.0,218.0
0.0,1367.0,753.0,701.0,733.0,756.0,756.0,491.0,210.0,526.0,227.0
0.0,1347.0,790.0,706.0,756.0,805.0,805.0,494.0,212.0,553.0,237.0
0.0,1313.0,802.0,708.0,805.0,808.0,808.0,496.0,212.0,561.0,241.0
0.0,1316.0,727.0,709.0,808.0,730.0,730.0,496.0,213.0,510.0,217.0
0.0,1397.0,681.0,707.0,730.0,675.0,675.0,495.0,212.0,476.0,205.0
0.0,1446.0,642.0,704.0,675.0,633.0,633.0,493.0,211.0,450.0,192.0
0.0,1479.0,612.0,703.0,633.0,609.0,609.0,492.0,211.0,430.0,182.0
0.0,1500.0,758.0,706.0,609.0,767.0,767.0,494.0,212.0,530.0,228.0
0.0,1351.0,836.0,710.0,767.0,848.0,848.0,497.0,213.0,586.0,250.0
0.0,1282.0,776.0,713.0,848.0,785.0,785.0,499.0,214.0,542.0,234.0
0.0,1354.0,753.0,714.0,785.0,756.0,756.0,500.0,214.0,528.0,225.0
0.0,1386.0,716.0,714.0,756.0,716.0,716.0,500.0,214.0,501.0,215.0
0.0,1426.0,609.0,710.0,716.0,597.0,597.0,497.0,213.0,427.0,182.0
0.0,1533.0,650.0,708.0,597.0,644.0,644.0,496.0,212.0,454.0,196.0
0.0,1480.0,750.0,708.0,644.0,750.0,750.0,496.0,212.0,525.0,225.0
0.0,1374.0,848.0,714.0,750.0,866.0,866.0,500.0,214.0,593.0,255.0
0.0,1276.0,829.0,718.0,866.0,841.0,841.0,503.0,215.0,580.0,249.0
0.0,1313.0,798.0,720.0,841.0,804.0,804.0,504.0,216.0,560.0,238.0
0.0,1356.0,715.0,720.0,804.0,715.0,715.0,504.0,216.0,500.0,215.0
0.0,1445.0,706.0,718.0,715.0,700.0,700.0,503.0,215.0,493.0,213.0
0.0,1454.0,684.0,718.0,700.0,684.0,684.0,503.0,215.0,479.0,205.0
0.0,1470.0,729.0,719.0,684.0,732.0,732.0,503.0,216.0,511.0,218.0
0.0,1425.0,796.0,721.0,732.0,802.0,802.0,505.0,216.0,557.0,239.0
0.0,1361.0,749.0,724.0,802.0,758.0,758.0,507.0,217.0,525.0,224.0
0.0,1414.0,733.0,724.0,758.0,733.0,733.0,507.0,217.0,511.0,222.0
0.0,1439.0,700.0,723.0,733.0,697.0,697.0,506.0,217.0,491.0,209.0
0.0,1472.0,640.0,719.0,697.0,628.0,628.0,503.0,216.0,448.0,192.0
0.0,1529.0,726.0,719.0,628.0,726.0,726.0,503.0,216.0,508.0,218.0
0.0,1431.0,710.0,720.0,726.0,713.0,713.0,504.0,216.0,498.0,212.0
0.0,1447.0,868.0,724.0,713.0,880.0,880.0,507.0,217.0,605.0,263.0
0.0,1292.0,859.0,730.0,880.0,877.0,877.0,511.0,219.0,603.0,256.0
0.0,1313.0,770.0,731.0,877.0,773.0,773.0,512.0,219.0,538.0,232.0
0.0,1420.0,718.0,730.0,773.0,715.0,715.0,511.0,219.0,504.0,214.0
0.0,1475.0,714.0,729.0,715.0,711.0,711.0,510.0,219.0,500.0,214.0
0.0,1476.0,583.0,726.0,711.0,574.0,574.0,508.0,218.0,408.0,175.0
0.0,1604.0,774.0,727.0,574.0,777.0,777.0,509.0,218.0,543.0,231.0
0.0,1404.0,783.0,729.0,777.0,789.0,789.0,510.0,219.0,547.0,236.0
0.0,1398.0,798.0,733.0,789.0,810.0,810.0,513.0,220.0,558.0,240.0
0.0,1389.0,769.0,734.0,810.0,772.0,772.0,514.0,220.0,537.0,232.0
0.0,1430.0,698.0,733.0,772.0,695.0,695.0,513.0,220.0,490.0,208.0
0.0,1504.0,674.0,730.0,695.0,665.0,665.0,511.0,219.0,473.0,201.0
0.0,1525.0,717.0,730.0,665.0,717.0,717.0,511.0,219.0,502.0,215.0
0.0,1473.0,706.0,730.0,717.0,706.0,706.0,511.0,219.0,494.0,212.0
0.0,1484.0,753.0,733.0,706.0,762.0,762.0,513.0,220.0,526.0,227.0
0.0,1437.0,769.0,734.0,762.0,772.0,772.0,514.0,220.0,539.0,230.0
0.0,1430.0,780.0,734.0,772.0,780.0,780.0,514.0,220.0,545.0,235.0
0.0,1422.0,716.0,734.0,780.0,716.0,716.0,514.0,220.0,501.0,215.0
0.0,1486.0,684.0,733.0,716.0,681.0,681.0,513.0,220.0,480.0,204.0
0.0,1518.0,646.0,731.0,681.0,640.0,640.0,512.0,219.0,451.0,195.0
0.0,1553.0,759.0,733.0,640.0,765.0,765.0,513.0,220.0,531.0,228.0
0.0,1434.0,828.0,737.0,765.0,840.0,840.0,516.0,221.0,580.0,248.0
0.0,1371.0,820.0,739.0,840.0,826.0,826.0,517.0,222.0,573.0,247.0
0.0,1391.0,786.0,739.0,826.0,786.0,786.0,517.0,222.0,551.0,235.0
0.0,1431.0,776.0,739.0,786.0,776.0,776.0,517.0,222.0,543.0,233.0
0.0,1441.0,672.0,737.0,776.0,666.0,666.0,516.0,221.0,471.0,201.0
0.0,1545.0,623.0,734.0,666.0,614.0,614.0,514.0,220.0,435.0,188.0
0.0,1588.0,732.0,736.0,614.0,738.0,738.0,515.0,221.0,513.0,219.0
0.0,1470.0,839.0,739.0,738.0,848.0,848.0,517.0,222.0,587.0,252.0
0.0,1369.0,836.0,743.0,848.0,848.0,848.0,520.0,223.0,586.0,250.0
0.0,1381.0,789.0,744.0,848.0,792.0,792.0,521.0,223.0,550.0,239.0
0.0,1440.0,733.0,742.0,792.0,727.0,727.0,519.0,223.0,514.0,219.0
0.0,1499.0,697.0,740.0,727.0,691.0,691.0,518.0,222.0,487.0,210.0
0.0,1529.0,661.0,739.0,691.0,658.0,658.0,517.0,222.0,464.0,197.0
0.0,1559.0,726.0,739.0,658.0,726.0,726.0,517.0,222.0,508.0,218.0
0.0,1491.0,806.0,743.0,726.0,818.0,818.0,520.0,223.0,565.0,241.0
0.0,1411.0,772.0,746.0,818.0,781.0,781.0,522.0,224.0,539.0,233.0
0.0,1457.0,819.0,746.0,781.0,819.0,819.0,522.0,224.0,574.0,245.0
0.0,1419.0,784.0,746.0,819.0,784.0,784.0,522.0,224.0,548.0,236.0
0.0,1454.0,707.0,743.0,784.0,698.0,698.0,520.0,223.0,496.0,211.0
0.0,1531.0,706.0,741.0,698.0,700.0,700.0,519.0,222.0,493.0,213.0
0.0,1523.0,807.0,743.0,700.0,813.0,813.0,520.0,223.0,566.0,241.0
0.0,1416.0,807.0,744.0,813.0,810.0,810.0,521.0,223.0,564.0,243.0
0.0,1422.0,850.0,748.0,810.0,862.0,862.0,524.0,224.0,595.0,255.0
0.0,1382.0,763.0,749.0,862.0,766.0,766.0,524.0,225.0,535.0,228.0
0.0,1481.0,727.0,747.0,766.0,721.0,721.0,523.0,224.0,508.0,219.0
0.0,1520.0,730.0,747.0,721.0,730.0,730.0,523.0,224.0,511.0,219.0
0.0,1511.0,734.0,747.0,730.0,734.0,734.0,523.0,224.0,514.0,220.0
0.0,1507.0,823.0,750.0,734.0,832.0,832.0,525.0,225.0,577.0,246.0
0.0,1418.0,871.0,754.0,832.0,883.0,883.0,528.0,226.0,608.0,263.0
0.0,1379.0,853.0,756.0,883.0,859.0,859.0,529.0,227.0,599.0,254.0
0.0,1409.0,866.0,759.0,859.0,875.0,875.0,531.0,228.0,606.0,260.0
0.0,1402.0,756.0,757.0,875.0,750.0,750.0,530.0,227.0,528.0,228.0
0.0,1521.0,697.0,754.0,750.0,688.0,688.0,528.0,226.0,488.0,209.0
0.0,1574.0,694.0,753.0,688.0,691.0,691.0,527.0,226.0,487.0,207.0
0.0,1568.0,799.0,754.0,691.0,802.0,802.0,528.0,226.0,558.0,241.0
0.0,1460.0,793.0,756.0,802.0,799.0,799.0,529.0,227.0,556.0,237.0
0.0,1469.0,912.0,762.0,799.0,930.0,930.0,533.0,229.0,638.0,274.0
0.0,1356.0,887.0,764.0,930.0,893.0,893.0,535.0,229.0,620.0,267.0
0.0,1399.0,724.0,763.0,893.0,721.0,721.0,534.0,229.0,509.0,215.0
0.0,1568.0,710.0,761.0,721.0,704.0,704.0,533.0,228.0,496.0,214.0
0.0,1579.0,743.0,761.0,704.0,743.0,743.0,533.0,228.0,519.0,224.0
0.0,1540.0,780.0,763.0,743.0,786.0,786.0,534.0,229.0,547.0,233.0
0.0,1503.0,852.0,766.0,786.0,861.0,861.0,536.0,230.0,597.0,255.0
0.0,1437.0,844.0,769.0,861.0,853.0,853.0,538.0,231.0,590.0,254.0
0.0,1454.0,793.0,770.0,853.0,796.0,796.0,539.0,231.0,556.0,237.0
0.0,1514.0,753.0,770.0,796.0,753.0,753.0,539.0,231.0,527.0,226.0
0.0,1557.0,726.0,769.0,753.0,723.0,723.0,538.0,231.0,508.0,218.0
0.0,1584.0,731.0,768.0,723.0,728.0,728.0,538.0,230.0,511.0,220.0
0.0,1576.0,796.0,770.0,728.0,802.0,802.0,539.0,231.0,558.0,238.0
0.0,1508.0,888.0,773.0,802.0,897.0,897.0,541.0,232.0,622.0,266.0
0.0,1422.0,816.0,777.0,897.0,828.0,828.0,544.0,233.0,571.0,245.0
0.0,1503.0,846.0,779.0,828.0,852.0,852.0,545.0,234.0,591.0,255.0
0.0,1485.0,809.0,778.0,852.0,806.0,806.0,545.0,233.0,566.0,243.0
0.0,1528.0,667.0,776.0,806.0,661.0,661.0,543.0,233.0,467.0,200.0
0.0,1667.0,739.0,774.0,661.0,733.0,733.0,542.0,232.0,517.0,222.0
0.0,1589.0,786.0,774.0,733.0,786.0,786.0,542.0,232.0,550.0,236.0
0.0,1536.0,807.0,777.0,786.0,816.0,816.0,544.0,233.0,566.0,241.0
0.0,1515.0,841.0,781.0,816.0,853.0,853.0,547.0,234.0,587.0,254.0
0.0,1490.0,822.0,783.0,853.0,828.0,828.0,548.0,235.0,576.0,246.0
0.0,1521.0,787.0,782.0,828.0,784.0,784.0,547.0,235.0,551.0,236.0
0.0,1562.0,734.0,780.0,784.0,728.0,728.0,546.0,234.0,515.0,219.0
0.0,1612.0,720.0,779.0,728.0,717.0,717.0,545.0,234.0,503.0,217.0
0.0,1620.0,784.0,780.0,717.0,787.0,787.0,546.0,234.0,549.0,235.0
0.0,1553.0,849.0,783.0,787.0,858.0,858.0,548.0,235.0,594.0,255.0
0.0,1491.0,836.0,786.0,858.0,845.0,845.0,550.0,236.0,585.0,251.0
0.0,1513.0,828.0,788.0,845.0,834.0,834.0,552.0,236.0,579.0,249.0
0.0,1530.0,754.0,787.0,834.0,751.0,751.0,551.0,236.0,529.0,225.0
0.0,1610.0,726.0,786.0,751.0,723.0,723.0,550.0,236.0,508.0,218.0
0.0,1635.0,750.0,784.0,723.0,744.0,744.0,549.0,235.0,524.0,226.0
0.0,1608.0,800.0,786.0,744.0,806.0,806.0,550.0,236.0,560.0,240.0
0.0,1552.0,865.0,788.0,806.0,871.0,871.0,552.0,236.0,605.0,260.0
0.0,1493.0,850.0,791.0,871.0,859.0,859.0,554.0,237.0,597.0,253.0
0.0,1514.0,900.0,793.0,859.0,906.0,906.0,555.0,238.0,629.0,271.0
0.0,1473.0,787.0,793.0,906.0,787.0,787.0,555.0,238.0,551.0,236.0
0.0,1592.0,727.0,790.0,787.0,718.0,718.0,553.0,237.0,509.0,218.0
0.0,1652.0,746.0,790.0,718.0,746.0,746.0,553.0,237.0,522.0,224.0
0.0,1624.0,783.0,790.0,746.0,783.0,783.0,553.0,237.0,549.0,234.0
0.0,1587.0,886.0,794.0,783.0,898.0,898.0,556.0,238.0,620.0,266.0
0.0,1484.0,885.0,797.0,898.0,894.0,894.0,558.0,239.0,619.0,266.0
0.0,1497.0,838.0,797.0,894.0,838.0,838.0,558.0,239.0,587.0,251.0
0.0,1553.0,787.0,796.0,838.0,784.0,784.0,557.0,239.0,550.0,237.0
0.0,1604.0,740.0,793.0,784.0,731.0,731.0,555.0,238.0,519.0,221.0
0.0,1648.0,780.0,791.0,731.0,774.0,774.0,554.0,237.0,545.0,235.0
0.0,1599.0,770.0,792.0,774.0,773.0,773.0,554.0,238.0,539.0,231.0
0.0,1603.0,885.0,796.0,773.0,897.0,897.0,557.0,239.0,619.0,266.0
0.0,1491.0,829.0,797.0,897.0,832.0,832.0,558.0,239.0,580.0,249.0
0.0,1559.0,867.0,799.0,832.0,873.0,873.0,559.0,240.0,608.0,259.0
0.0,1524.0,854.0,800.0,873.0,857.0,857.0,560.0,240.0,598.0,256.0
0.0,1543.0,758.0,797.0,857.0,749.0,749.0,558.0,239.0,530.0,228.0
0.0,1642.0,775.0,796.0,749.0,772.0,772.0,557.0,239.0,543.0,232.0
0.0,1616.0,870.0,798.0,772.0,876.0,876.0,559.0,239.0,609.0,261.0
0.0,1518.0,939.0,803.0,876.0,954.0,954.0,562.0,241.0,658.0,281.0
0.0,1455.0,876.0,806.0,954.0,885.0,885.0,564.0,242.0,613.0,263.0
0.0,1533.0,860.0,807.0,885.0,863.0,863.0,565.0,242.0,603.0,257.0
0.0,1558.0,857.0,807.0,863.0,857.0,857.0,565.0,242.0,600.0,257.0
0.0,1564.0,700.0,804.0,857.0,691.0,691.0,563.0,241.0,488.0,212.0
0.0,1721.0,740.0,803.0,691.0,737.0,737.0,562.0,241.0,520.0,220.0
0.0,1672.0,813.0,804.0,737.0,816.0,816.0,563.0,241.0,567.0,246.0
0.0,1596.0,875.0,807.0,816.0,884.0,884.0,565.0,242.0,614.0,261.0
0.0,1537.0,896.0,810.0,884.0,905.0,905.0,567.0,243.0,627.0,269.0
0.0,1525.0,902.0,812.0,905.0,908.0,908.0,568.0,244.0,631.0,271.0
0.0,1528.0,824.0,811.0,908.0,821.0,821.0,568.0,243.0,576.0,248.0
0.0,1612.0,769.0,810.0,821.0,766.0,766.0,567.0,243.0,540.0,229.0
0.0,1664.0,730.0,807.0,766.0,721.0,721.0,565.0,242.0,509.0,221.0
0.0,1700.0,806.0,807.0,721.0,806.0,806.0,565.0,242.0,564.0,242.0
0.0,1615.0,919.0,813.0,806.0,937.0,937.0,569.0,244.0,644.0,275.0
0.0,1502.0,879.0,816.0,937.0,888.0,888.0,571.0,245.0,615.0,264.0
0.0,1560.0,834.0,816.0,888.0,834.0,834.0,571.0,245.0,585.0,249.0
0.0,1614.0,758.0,816.0,834.0,758.0,758.0,571.0,245.0,530.0,228.0
0.0,1690.0,718.0,813.0,758.0,709.0,709.0,569.0,244.0,504.0,214.0
0.0,1730.0,771.0,812.0,709.0,768.0,768.0,568.0,244.0,539.0,232.0
0.0,1668.0,840.0,813.0,768.0,843.0,843.0,569.0,244.0,589.0,251.0
0.0,1596.0,931.0,817.0,843.0,943.0,943.0,572.0,245.0,651.0,280.0
0.0,1508.0,952.0,821.0,943.0,964.0,964.0,575.0,246.0,665.0,287.0
0.0,1499.0,899.0,823.0,964.0,905.0,905.0,576.0,247.0,631.0,268.0
0.0,1564.0,774.0,822.0,905.0,771.0,771.0,575.0,247.0,541.0,233.0
0.0,1695.0,691.0,819.0,771.0,682.0,682.0,573.0,246.0,484.0,207.0
0.0,1775.0,786.0,818.0,682.0,783.0,783.0,573.0,245.0,550.0,236.0
0.0,1671.0,879.0,820.0,783.0,885.0,885.0,574.0,246.0,614.0,265.0
0.0,1575.0,882.0,824.0,885.0,894.0,894.0,577.0,247.0,619.0,263.0
0.0,1578.0,832.0,826.0,894.0,838.0,838.0,578.0,248.0,581.0,251.0
0.0,1640.0,866.0,827.0,838.0,869.0,869.0,579.0,248.0,607.0,259.0
0.0,1612.0,803.0,826.0,869.0,800.0,800.0,578.0,248.0,561.0,242.0
0.0,1678.0,766.0,824.0,800.0,760.0,760.0,577.0,247.0,535.0,231.0
0.0,1712.0,796.0,822.0,760.0,790.0,790.0,575.0,247.0,558.0,238.0
0.0,1676.0,814.0,823.0,790.0,817.0,817.0,576.0,247.0,570.0,244.0
0.0,1652.0,869.0,825.0,817.0,875.0,875.0,577.0,248.0,608.0,261.0
0.0,1600.0,917.0,828.0,875.0,926.0,926.0,580.0,248.0,642.0,275.0
0.0,1558.0,959.0,832.0,926.0,971.0,971.0,582.0,250.0,671.0,288.0
0.0,1525.0,844.0,831.0,971.0,841.0,841.0,582.0,249.0,591.0,253.0
0.0,1652.0,791.0,829.0,841.0,785.0,785.0,580.0,249.0,555.0,236.0
0.0,1702.0,810.0,829.0,785.0,810.0,810.0,580.0,249.0,567.0,243.0
0.0,1677.0,783.0,829.0,810.0,783.0,783.0,580.0,249.0,548.0,235.0
0.0,1704.0,846.0,830.0,783.0,849.0,849.0,581.0,249.0,593.0,253.0
0.0,1641.0,955.0,834.0,849.0,967.0,967.0,584.0,250.0,668.0,287.0
0.0,1535.0,955.0,837.0,967.0,964.0,964.0,586.0,251.0,668.0,287.0
0.0,1547.0,738.0,834.0,964.0,729.0,729.0,584.0,250.0,516.0,222.0
0.0,1773.0,817.0,834.0,729.0,817.0,817.0,584.0,250.0,572.0,245.0
0.0,1685.0,777.0,833.0,817.0,774.0,774.0,583.0,250.0,544.0,233.0
0.0,1725.0,836.0,833.0,774.0,836.0,836.0,583.0,250.0,585.0,251.0
0.0,1663.0,938.0,836.0,836.0,947.0,947.0,585.0,251.0,656.0,282.0
0.0,1561.0,913.0,839.0,947.0,922.0,922.0,587.0,252.0,639.0,274.0
0.0,1595.0,873.0,839.0,922.0,873.0,873.0,587.0,252.0,611.0,262.0
0.0,1644.0,810.0,836.0,873.0,801.0,801.0,585.0,251.0,568.0,242.0
0.0,1707.0,751.0,833.0,801.0,742.0,742.0,583.0,250.0,524.0,227.0
0.0,1757.0,827.0,833.0,742.0,827.0,827.0,583.0,250.0,581.0,246.0
0.0,1672.0,850.0,833.0,827.0,850.0,850.0,583.0,250.0,595.0,255.0
0.0,1649.0,912.0,837.0,850.0,924.0,924.0,586.0,251.0,636.0,276.0
0.0,1587.0,902.0,840.0,924.0,911.0,911.0,588.0,252.0,633.0,269.0
0.0,1609.0,884.0,841.0,911.0,887.0,887.0,589.0,252.0,618.0,266.0
0.0,1636.0,849.0,841.0,887.0,849.0,849.0,589.0,252.0,594.0,255.0
0.0,1674.0,777.0,839.0,849.0,771.0,771.0,587.0,252.0,545.0,232.0
0.0,1746.0,836.0,837.0,771.0,830.0,830.0,586.0,251.0,584.0,252.0
0.0,1681.0,899.0,839.0,830.0,905.0,905.0,587.0,252.0,630.0,269.0
0.0,1612.0,986.0,843.0,905.0,998.0,998.0,590.0,253.0,691.0,295.0
0.0,1531.0,931.0,847.0,998.0,943.0,943.0,593.0,254.0,651.0,280.0
0.0,1598.0,882.0,848.0,943.0,885.0,885.0,594.0,254.0,616.0,266.0
0.0,1659.0,774.0,846.0,885.0,768.0,768.0,592.0,254.0,542.0,232.0
0.0,1770.0,760.0,843.0,768.0,751.0,751.0,590.0,253.0,533.0,227.0
0.0,1778.0,774.0,842.0,751.0,771.0,771.0,589.0,253.0,541.0,233.0
0.0,1755.0,885.0,844.0,771.0,891.0,891.0,591.0,253.0,619.0,266.0
0.0,1641.0,921.0,849.0,891.0,936.0,936.0,594.0,255.0,644.0,277.0
0.0,1611.0,935.0,852.0,936.0,944.0,944.0,596.0,256.0,654.0,281.0
0.0,1612.0,812.0,851.0,944.0,809.0,809.0,596.0,255.0,568.0,244.0
0.0,1744.0,795.0,849.0,809.0,789.0,789.0,594.0,255.0,557.0,238.0
0.0,1758.0,853.0,846.0,789.0,844.0,844.0,592.0,254.0,596.0,257.0
0.0,1694.0,858.0,846.0,844.0,858.0,858.0,592.0,254.0,603.0,255.0
0.0,1680.0,882.0,847.0,858.0,885.0,885.0,593.0,254.0,616.0,266.0
0.0,1656.0,938.0,853.0,885.0,956.0,956.0,597.0,256.0,657.0,281.0
0.0,1603.0,964.0,856.0,956.0,973.0,973.0,599.0,257.0,675.0,289.0
0.0,1595.0,898.0,856.0,973.0,898.0,898.0,599.0,257.0,629.0,269.0
0.0,1670.0,833.0,856.0,898.0,833.0,833.0,599.0,257.0,582.0,251.0
0.0,1735.0,796.0,854.0,833.0,790.0,790.0,598.0,256.0,557.0,239.0
0.0,1772.0,807.0,853.0,790.0,804.0,804.0,597.0,256.0,564.0,243.0
0.0,1755.0,857.0,854.0,804.0,860.0,860.0,598.0,256.0,601.0,256.0
0.0,1702.0,1000.0,859.0,860.0,1015.0,1015.0,601.0,258.0,701.0,299.0
0.0,1562.0,883.0,860.0,1015.0,886.0,886.0,602.0,258.0,617.0,266.0
0.0,1694.0,902.0,863.0,886.0,911.0,911.0,604.0,259.0,632.0,270.0
0.0,1678.0,856.0,862.0,911.0,853.0,853.0,603.0,259.0,599.0,257.0
0.0,1733.0,801.0,860.0,853.0,795.0,795.0,602.0,258.0,562.0,239.0
0.0,1785.0,785.0,857.0,795.0,776.0,776.0,600.0,257.0,547.0,238.0
0.0,1795.0,953.0,859.0,776.0,959.0,959.0,601.0,258.0,669.0,284.0
0.0,1618.0,929.0,861.0,959.0,935.0,935.0,603.0,258.0,650.0,279.0
0.0,1648.0,949.0,864.0,935.0,958.0,958.0,605.0,259.0,663.0,286.0
0.0,1634.0,885.0,866.0,958.0,891.0,891.0,606.0,260.0,621.0,264.0
0.0,1707.0,880.0,867.0,891.0,883.0,883.0,607.0,260.0,616.0,264.0
0.0,1718.0,826.0,864.0,883.0,817.0,817.0,605.0,259.0,577.0,249.0
0.0,1775.0,807.0,861.0,817.0,798.0,798.0,603.0,258.0,565.0,242.0
0.0,1785.0,921.0,865.0,798.0,933.0,933.0,605.0,260.0,644.0,277.0
0.0,1662.0,958.0,867.0,933.0,964.0,964.0,607.0,260.0,670.0,288.0
0.0,1637.0,993.0,872.0,964.0,1008.0,1008.0,610.0,262.0,695.0,298.0
0.0,1608.0,909.0,873.0,1008.0,912.0,912.0,611.0,262.0,637.0,272.0
0.0,1707.0,806.0,870.0,912.0,797.0,797.0,609.0,261.0,563.0,243.0
0.0,1813.0,830.0,869.0,797.0,827.0,827.0,608.0,261.0,582.0,248.0
0.0,1780.0,787.0,867.0,827.0,781.0,781.0,607.0,260.0,550.0,237.0
0.0,1820.0,903.0,869.0,781.0,909.0,909.0,608.0,261.0,633.0,270.0
0.0,1698.0,930.0,873.0,909.0,942.0,942.0,611.0,262.0,651.0,279.0
0.0,1677.0,926.0,874.0,942.0,929.0,929.0,612.0,262.0,647.0,279.0
0.0,1693.0,970.0,877.0,929.0,979.0,979.0,614.0,263.0,681.0,289.0
0.0,1652.0,854.0,876.0,979.0,851.0,851.0,613.0,263.0,597.0,257.0
0.0,1777.0,824.0,874.0,851.0,818.0,818.0,612.0,262.0,576.0,248.0
0.0,1804.0,814.0,873.0,818.0,811.0,811.0,611.0,262.0,572.0,242.0
0.0,1808.0,872.0,873.0,811.0,872.0,872.0,611.0,262.0,610.0,262.0
0.0,1747.0,965.0,877.0,872.0,977.0,977.0,614.0,263.0,675.0,290.0
0.0,1654.0,993.0,880.0,977.0,1002.0,1002.0,616.0,264.0,695.0,298.0
0.0,1638.0,897.0,880.0,1002.0,897.0,897.0,616.0,264.0,628.0,269.0
0.0,1743.0,850.0,877.0,897.0,841.0,841.0,614.0,263.0,594.0,256.0
0.0,1790.0,819.0,875.0,841.0,813.0,813.0,612.0,263.0,574.0,245.0
0.0,1812.0,848.0,874.0,813.0,845.0,845.0,612.0,262.0,594.0,254.0
0.0,1777.0,932.0,877.0,845.0,941.0,941.0,614.0,263.0,652.0,280.0
0.0,1690.0,966.0,881.0,941.0,978.0,978.0,617.0,264.0,676.0,290.0
0.0,1665.0,1060.0,887.0,978.0,1078.0,1078.0,621.0,266.0,743.0,317.0
0.0,1583.0,880.0,887.0,1078.0,880.0,880.0,621.0,266.0,616.0,264.0
0.0,1781.0,801.0,884.0,880.0,792.0,792.0,619.0,265.0,560.0,241.0
0.0,1860.0,877.0,883.0,792.0,874.0,874.0,618.0,265.0,615.0,262.0
0.0,1775.0,875.0,884.0,874.0,878.0,878.0,619.0,265.0,611.0,264.0
0.0,1774.0,867.0,886.0,878.0,873.0,873.0,620.0,266.0,608.0,259.0
0.0,1785.0,976.0,888.0,873.0,982.0,982.0,622.0,266.0,682.0,294.0
0.0,1682.0,942.0,890.0,982.0,948.0,948.0,623.0,267.0,660.0,282.0
0.0,1722.0,938.0,891.0,948.0,941.0,941.0,624.0,267.0,655.0,283.0
0.0,1732.0,847.0,889.0,941.0,841.0,841.0,622.0,267.0,594.0,253.0
0.0,1826.0,801.0,886.0,841.0,792.0,792.0,620.0,266.0,561.0,240.0
0.0,1866.0,833.0,885.0,792.0,830.0,830.0,619.0,266.0,582.0,251.0
0.0,1825.0,929.0,887.0,830.0,935.0,935.0,621.0,266.0,649.0,280.0
0.0,1726.0,917.0,889.0,935.0,923.0,923.0,622.0,267.0,644.0,273.0
0.0,1744.0,872.0,890.0,923.0,875.0,875.0,623.0,267.0,611.0,261.0
0.0,1795.0,909.0,891.0,875.0,912.0,912.0,624.0,267.0,634.0,275.0
0.0,1761.0,893.0,889.0,912.0,887.0,887.0,622.0,267.0,626.0,267.0
0.0,1780.0,801.0,887.0,887.0,795.0,795.0,621.0,266.0,560.0,241.0
0.0,1866.0,846.0,887.0,795.0,846.0,846.0,621.0,266.0,592.0,254.0
0.0,1815.0,907.0,887.0,846.0,907.0,907.0,621.0,266.0,635.0,272.0
0.0,1754.0,986.0,891.0,907.0,998.0,998.0,624.0,267.0,690.0,296.0
0.0,1675.0,1022.0,896.0,998.0,1037.0,1037.0,627.0,269.0,716.0,306.0
0.0,1651.0,964.0,896.0,1037.0,964.0,964.0,627.0,269.0,676.0,288.0
0.0,1724.0,909.0,896.0,964.0,909.0,909.0,627.0,269.0,635.0,274.0
0.0,1779.0,853.0,894.0,909.0,847.0,847.0,626.0,268.0,596.0,257.0
0.0,1835.0,935.0,894.0,847.0,935.0,935.0,626.0,268.0,655.0,280.0
0.0,1747.0,979.0,897.0,935.0,988.0,988.0,628.0,269.0,686.0,293.0
0.0,1703.0,995.0,900.0,988.0,1004.0,1004.0,630.0,270.0,696.0,299.0
0.0,1696.0,919.0,902.0,1004.0,925.0,925.0,631.0,271.0,643.0,276.0
0.0,1781.0,890.0,901.0,925.0,887.0,887.0,631.0,270.0,622.0,268.0
0.0,1816.0,867.0,900.0,887.0,864.0,864.0,630.0,270.0,608.0,259.0
0.0,1836.0,815.0,896.0,864.0,803.0,803.0,627.0,269.0,571.0,244.0
0.0,1885.0,894.0,896.0,803.0,894.0,894.0,627.0,269.0,626.0,268.0
0.0,1794.0,968.0,899.0,894.0,977.0,977.0,629.0,270.0,677.0,291.0
0.0,1720.0,985.0,902.0,977.0,994.0,994.0,631.0,271.0,689.0,296.0
0.0,1712.0,980.0,906.0,994.0,992.0,992.0,634.0,272.0,686.0,294.0
0.0,1726.0,966.0,907.0,992.0,969.0,969.0,635.0,272.0,677.0,289.0
0.0,1752.0,883.0,906.0,969.0,880.0,880.0,634.0,272.0,618.0,265.0
0.0,1838.0,845.0,904.0,880.0,839.0,839.0,633.0,271.0,591.0,254.0
0.0,1873.0,824.0,902.0,839.0,818.0,818.0,631.0,271.0,577.0,247.0
0.0,1888.0,923.0,903.0,818.0,926.0,926.0,632.0,271.0,647.0,276.0
0.0,1783.0,950.0,906.0,926.0,959.0,959.0,634.0,272.0,664.0,286.0
0.0,1759.0,970.0,909.0,959.0,979.0,979.0,636.0,273.0,679.0,291.0
0.0,1748.0,926.0,910.0,979.0,929.0,929.0,637.0,273.0,649.0,277.0
0.0,1801.0,877.0,907.0,929.0,868.0,868.0,635.0,272.0,613.0,264.0
0.0,1853.0,890.0,906.0,868.0,887.0,887.0,634.0,272.0,624.0,266.0
0.0,1831.0,900.0,906.0,887.0,900.0,900.0,634.0,272.0,630.0,270.0
0.0,1818.0,926.0,907.0,900.0,929.0,929.0,635.0,272.0,647.0,279.0
0.0,1792.0,944.0,910.0,929.0,953.0,953.0,637.0,273.0,662.0,282.0
0.0,1777.0,1029.0,913.0,953.0,1038.0,1038.0,639.0,274.0,721.0,308.0
0.0,1701.0,930.0,913.0,1038.0,930.0,930.0,639.0,274.0,651.0,279.0
0.0,1809.0,896.0,912.0,930.0,893.0,893.0,638.0,274.0,626.0,270.0
0.0,1843.0,842.0,907.0,893.0,827.0,827.0,635.0,272.0,589.0,253.0
0.0,1894.0,880.0,907.0,827.0,880.0,880.0,635.0,272.0,616.0,264.0
0.0,1841.0,904.0,910.0,880.0,913.0,913.0,637.0,273.0,635.0,269.0
0.0,1817.0,1007.0,912.0,913.0,1013.0,1013.0,638.0,274.0,704.0,303.0
0.0,1723.0,1033.0,916.0,1013.0,1045.0,1045.0,641.0,275.0,723.0,310.0
0.0,1703.0,1005.0,917.0,1045.0,1008.0,1008.0,642.0,275.0,703.0,302.0
0.0,1743.0,884.0,916.0,1008.0,881.0,881.0,641.0,275.0,620.0,264.0
0.0,1867.0,887.0,914.0,881.0,881.0,881.0,640.0,274.0,620.0,267.0
0.0,1861.0,904.0,914.0,881.0,904.0,904.0,640.0,274.0,633.0,271.0
0.0,1838.0,956.0,916.0,904.0,962.0,962.0,641.0,275.0,670.0,286.0
0.0,1786.0,1028.0,920.0,962.0,1040.0,1040.0,644.0,276.0,718.0,310.0
0.0,1720.0,1049.0,924.0,1040.0,1061.0,1061.0,647.0,277.0,735.0,314.0
0.0,1711.0,957.0,926.0,1061.0,963.0,963.0,648.0,278.0,670.0,287.0
0.0,1815.0,893.0,925.0,963.0,890.0,890.0,647.0,278.0,625.0,268.0
0.0,1885.0,874.0,925.0,890.0,874.0,874.0,647.0,278.0,612.0,262.0
0.0,1901.0,883.0,924.0,874.0,880.0,880.0,647.0,277.0,618.0,265.0
0.0,1892.0,896.0,924.0,880.0,896.0,896.0,647.0,277.0,627.0,269.0
0.0,1876.0,1044.0,929.0,896.0,1059.0,1059.0,650.0,279.0,731.0,313.0
0.0,1728.0,1046.0,933.0,1059.0,1058.0,1058.0,653.0,280.0,732.0,314.0
0.0,1741.0,1009.0,935.0,1058.0,1015.0,1015.0,655.0,280.0,706.0,303.0
0.0,1790.0,914.0,934.0,1015.0,911.0,911.0,654.0,280.0,641.0,273.0
0.0,1891.0,890.0,931.0,911.0,881.0,881.0,652.0,279.0,621.0,269.0
0.0,1912.0,868.0,929.0,881.0,862.0,862.0,650.0,279.0,609.0,259.0
0.0,1925.0,917.0,930.0,862.0,920.0,920.0,651.0,279.0,642.0,275.0
0.0,1870.0,1022.0,933.0,920.0,1031.0,1031.0,653.0,280.0,715.0,307.0
0.0,1768.0,974.0,933.0,1031.0,974.0,974.0,653.0,280.0,683.0,291.0
0.0,1825.0,1043.0,934.0,974.0,1046.0,1046.0,654.0,280.0,729.0,314.0
0.0,1756.0,938.0,934.0,1046.0,938.0,938.0,654.0,280.0,658.0,280.0
0.0,1864.0,893.0,933.0,938.0,890.0,890.0,653.0,280.0,625.0,268.0
0.0,1909.0,912.0,933.0,890.0,912.0,912.0,653.0,280.0,638.0,274.0
0.0,1887.0,970.0,936.0,912.0,979.0,979.0,655.0,281.0,678.0,292.0
0.0,1829.0,973.0,939.0,979.0,982.0,982.0,657.0,282.0,681.0,292.0
0.0,1835.0,1006.0,940.0,982.0,1009.0,1009.0,658.0,282.0,706.0,300.0
0.0,1811.0,911.0,940.0,1009.0,911.0,911.0,658.0,282.0,637.0,274.0
0.0,1909.0,933.0,939.0,911.0,930.0,930.0,657.0,282.0,653.0,280.0
0.0,1887.0,917.0,937.0,930.0,911.0,911.0,656.0,281.0,641.0,276.0
0.0,1900.0,905.0,936.0,911.0,902.0,902.0,655.0,281.0,635.0,270.0
0.0,1906.0,947.0,937.0,902.0,950.0,950.0,656.0,281.0,662.0,285.0
0.0,1861.0,1023.0,941.0,950.0,1035.0,1035.0,659.0,282.0,716.0,307.0
0.0,1788.0,1022.0,944.0,1035.0,1031.0,1031.0,661.0,283.0,716.0,306.0
0.0,1801.0,953.0,946.0,1031.0,959.0,959.0,662.0,284.0,667.0,286.0
0.0,1879.0,924.0,944.0,959.0,918.0,918.0,661.0,283.0,647.0,277.0
0.0,1914.0,934.0,944.0,918.0,934.0,934.0,661.0,283.0,653.0,281.0
0.0,1898.0,870.0,943.0,934.0,867.0,867.0,660.0,283.0,611.0,259.0
0.0,1962.0,999.0,946.0,867.0,1008.0,1008.0,662.0,284.0,698.0,301.0
0.0,1830.0,986.0,947.0,1008.0,989.0,989.0,663.0,284.0,691.0,295.0
0.0,1852.0,1046.0,950.0,989.0,1055.0,1055.0,665.0,285.0,732.0,314.0
0.0,1795.0,976.0,951.0,1055.0,979.0,979.0,666.0,285.0,684.0,292.0
0.0,1874.0,909.0,950.0,979.0,906.0,906.0,665.0,285.0,636.0,273.0
0.0,1944.0,881.0,947.0,906.0,872.0,872.0,663.0,284.0,615.0,266.0
0.0,1969.0,815.0,946.0,872.0,812.0,812.0,662.0,284.0,571.0,244.0
0.0,2026.0,904.0,946.0,812.0,904.0,904.0,662.0,284.0,633.0,271.0
0.0,1934.0,1077.0,950.0,904.0,1089.0,1089.0,665.0,285.0,754.0,323.0
0.0,1761.0,1020.0,953.0,1089.0,1029.0,1029.0,667.0,286.0,714.0,306.0
0.0,1830.0,999.0,954.0,1029.0,1002.0,1002.0,668.0,286.0,698.0,301.0
0.0,1860.0,914.0,953.0,1002.0,911.0,911.0,667.0,286.0,641.0,273.0
0.0,1948.0,914.0,950.0,911.0,905.0,905.0,665.0,285.0,641.0,273.0
0.0,1945.0,944.0,949.0,905.0,941.0,941.0,664.0,285.0,660.0,284.0
0.0,1906.0,906.0,950.0,941.0,909.0,909.0,665.0,285.0,634.0,272.0
0.0,1941.0,966.0,951.0,909.0,969.0,969.0,666.0,285.0,675.0,291.0
0.0,1884.0,1050.0,954.0,969.0,1059.0,1059.0,668.0,286.0,737.0,313.0
0.0,1803.0,1007.0,954.0,1059.0,1007.0,1007.0,668.0,286.0,704.0,303.0
0.0,1855.0,923.0,953.0,1007.0,920.0,920.0,667.0,286.0,647.0,276.0
0.0,1939.0,847.0,949.0,920.0,835.0,835.0,664.0,285.0,592.0,255.0
0.0,2012.0,926.0,948.0,835.0,923.0,923.0,664.0,284.0,648.0,278.0
0.0,1921.0,1005.0,950.0,923.0,1011.0,1011.0,665.0,285.0,702.0,303.0
0.0,1839.0,1066.0,954.0,1011.0,1078.0,1078.0,668.0,286.0,747.0,319.0
0.0,1784.0,1072.0,957.0,1078.0,1081.0,1081.0,670.0,287.0,750.0,322.0
0.0,1790.0,1013.0,960.0,1081.0,1022.0,1022.0,672.0,288.0,711.0,302.0
0.0,1858.0,958.0,959.0,1022.0,955.0,955.0,671.0,288.0,670.0,288.0
0.0,1922.0,877.0,956.0,955.0,868.0,868.0,669.0,287.0,614.0,263.0
0.0,2000.0,920.0,953.0,868.0,911.0,911.0,667.0,286.0,643.0,277.0
0.0,1948.0,951.0,954.0,911.0,954.0,954.0,668.0,286.0,666.0,285.0
0.0,1908.0,1040.0,957.0,954.0,1049.0,1049.0,670.0,287.0,728.0,312.0
0.0,1822.0,1089.0,961.0,1049.0,1101.0,1101.0,673.0,288.0,763.0,326.0
0.0,1782.0,1001.0,963.0,1101.0,1007.0,1007.0,674.0,289.0,702.0,299.0
0.0,1882.0,903.0,960.0,1007.0,894.0,894.0,672.0,288.0,630.0,273.0
0.0,1986.0,887.0,959.0,894.0,884.0,884.0,671.0,288.0,622.0,265.0
0.0,1993.0,921.0,957.0,884.0,915.0,915.0,670.0,287.0,644.0,277.0
0.0,1956.0,1000.0,957.0,915.0,1000.0,1000.0,670.0,287.0,700.0,300.0
0.0,1871.0,1002.0,960.0,1000.0,1011.0,1011.0,672.0,288.0,703.0,299.0
0.0,1869.0,1017.0,962.0,1011.0,1023.0,1023.0,673.0,289.0,711.0,306.0
0.0,1863.0,1011.0,963.0,1023.0,1014.0,1014.0,674.0,289.0,709.0,302.0
0.0,1875.0,952.0,963.0,1014.0,952.0,952.0,674.0,289.0,666.0,286.0
0.0,1937.0,921.0,960.0,952.0,912.0,912.0,672.0,288.0,644.0,277.0
0.0,1968.0,946.0,961.0,912.0,949.0,949.0,673.0,288.0,662.0,284.0
0.0,1934.0,1085.0,964.0,949.0,1094.0,1094.0,675.0,289.0,759.0,326.0
0.0,1798.0,1081.0,967.0,1094.0,1090.0,1090.0,677.0,290.0,756.0,325.0
0.0,1811.0,1115.0,971.0,1090.0,1127.0,1127.0,680.0,291.0,781.0,334.0
0.0,1786.0,1001.0,973.0,1127.0,1007.0,1007.0,681.0,292.0,701.0,300.0
0.0,1912.0,962.0,971.0,1007.0,956.0,956.0,680.0,291.0,673.0,289.0
0.0,1957.0,950.0,970.0,956.0,947.0,947.0,679.0,291.0,664.0,286.0
0.0,1963.0,910.0,969.0,947.0,907.0,907.0,678.0,291.0,638.0,272.0
0.0,2000.0,1006.0,970.0,907.0,1009.0,1009.0,679.0,291.0,703.0,303.0
0.0,1901.0,1043.0,973.0,1009.0,1052.0,1052.0,681.0,292.0,732.0,311.0
0.0,1867.0,1062.0,977.0,1052.0,1074.0,1074.0,684.0,293.0,743.0,319.0
0.0,1857.0,1020.0,977.0,1074.0,1020.0,1020.0,684.0,293.0,712.0,308.0
0.0,1911.0,989.0,977.0,1020.0,989.0,989.0,684.0,293.0,693.0,296.0
0.0,1942.0,878.0,974.0,989.0,869.0,869.0,682.0,292.0,615.0,263.0
0.0,2053.0,910.0,973.0,869.0,907.0,907.0,681.0,292.0,638.0,272.0
0.0,2012.0,1118.0,976.0,907.0,1127.0,1127.0,683.0,293.0,782.0,336.0
0.0,1801.0,1044.0,980.0,1127.0,1056.0,1056.0,686.0,294.0,730.0,314.0
0.0,1884.0,1098.0,985.0,1056.0,1113.0,1113.0,689.0,296.0,768.0,330.0
0.0,1842.0,1042.0,987.0,1113.0,1048.0,1048.0,691.0,296.0,729.0,313.0
0.0,1913.0,960.0,986.0,1048.0,957.0,957.0,690.0,296.0,672.0,288.0
0.0,2001.0,937.0,984.0,957.0,931.0,931.0,689.0,295.0,655.0,282.0
0.0,2021.0,921.0,983.0,931.0,918.0,918.0,688.0,295.0,646.0,275.0
0.0,2031.0,949.0,983.0,918.0,949.0,949.0,688.0,295.0,665.0,284.0
0.0,2000.0,1022.0,985.0,949.0,1028.0,1028.0,689.0,296.0,714.0,308.0
0.0,1927.0,1040.0,987.0,1028.0,1046.0,1046.0,691.0,296.0,729.0,311.0
0.0,1915.0,1032.0,989.0,1046.0,1038.0,1038.0,692.0,297.0,722.0,310.0
0.0,1929.0,936.0,989.0,1038.0,936.0,936.0,692.0,297.0,655.0,281.0
0.0,2031.0,986.0,987.0,936.0,980.0,980.0,691.0,296.0,689.0,297.0
0.0,1981.0,981.0,987.0,980.0,981.0,981.0,691.0,296.0,687.0,294.0
0.0,1980.0,1033.0,989.0,981.0,1039.0,1039.0,692.0,297.0,724.0,309.0
0.0,1928.0,1069.0,993.0,1039.0,1081.0,1081.0,695.0,298.0,749.0,320.0
0.0,1898.0,1122.0,997.0,1081.0,1134.0,1134.0,698.0,299.0,785.0,337.0
0.0,1857.0,1104.0,999.0,1134.0,1110.0,1110.0,699.0,300.0,772.0,332.0
0.0,1887.0,997.0,997.0,1110.0,991.0,991.0,698.0,299.0,698.0,299.0
0.0,2000.0,918.0,994.0,991.0,909.0,909.0,696.0,298.0,643.0,275.0
0.0,2073.0,964.0,994.0,909.0,964.0,964.0,696.0,298.0,674.0,290.0
0.0,2018.0,1031.0,996.0,964.0,1037.0,1037.0,697.0,299.0,723.0,308.0
0.0,1951.0,1032.0,999.0,1037.0,1041.0,1041.0,699.0,300.0,722.0,310.0
0.0,1956.0,1097.0,1002.0,1041.0,1106.0,1106.0,701.0,301.0,768.0,329.0
0.0,1900.0,1076.0,1004.0,1106.0,1082.0,1082.0,703.0,301.0,755.0,321.0
0.0,1930.0,1006.0,1003.0,1082.0,1003.0,1003.0,702.0,301.0,704.0,302.0
0.0,2006.0,944.0,1000.0,1003.0,935.0,935.0,700.0,300.0,659.0,285.0
0.0,2065.0,984.0,1000.0,935.0,984.0,984.0,700.0,300.0,691.0,293.0
0.0,2016.0,1079.0,1004.0,984.0,1091.0,1091.0,703.0,301.0,755.0,324.0
0.0,1921.0,1005.0,1006.0,1091.0,1011.0,1011.0,704.0,302.0,702.0,303.0
0.0,2007.0,1070.0,1009.0,1011.0,1079.0,1079.0,706.0,303.0,749.0,321.0
0.0,1948.0,1113.0,1011.0,1079.0,1119.0,1119.0,708.0,303.0,781.0,332.0
0.0,1914.0,973.0,1010.0,1119.0,970.0,970.0,707.0,303.0,680.0,293.0
0.0,2060.0,888.0,1008.0,970.0,882.0,882.0,706.0,302.0,621.0,267.0
0.0,2142.0,961.0,1007.0,882.0,958.0,958.0,705.0,302.0,674.0,287.0
0.0,2063.0,950.0,1007.0,958.0,950.0,950.0,705.0,302.0,665.0,285.0
0.0,2071.0,1045.0,1009.0,950.0,1051.0,1051.0,706.0,303.0,731.0,314.0
0.0,1976.0,1121.0,1013.0,1051.0,1133.0,1133.0,709.0,304.0,784.0,337.0
0.0,1906.0,1056.0,1012.0,1133.0,1053.0,1053.0,708.0,304.0,739.0,317.0
0.0,1983.0,1016.0,1011.0,1053.0,1013.0,1013.0,708.0,303.0,710.0,306.0
0.0,2020.0,945.0,1007.0,1013.0,933.0,933.0,705.0,302.0,662.0,283.0
0.0,2088.0,970.0,1007.0,933.0,970.0,970.0,705.0,302.0,678.0,292.0
0.0,2051.0,989.0,1007.0,970.0,989.0,989.0,705.0,302.0,693.0,296.0
0.0,2032.0,1049.0,1010.0,989.0,1058.0,1058.0,707.0,303.0,735.0,314.0
0.0,1972.0,1122.0,1013.0,1058.0,1131.0,1131.0,709.0,304.0,786.0,336.0
0.0,1908.0,1063.0,1014.0,1131.0,1066.0,1066.0,710.0,304.0,742.0,321.0
0.0,1976.0,980.0,1013.0,1066.0,977.0,977.0,709.0,304.0,688.0,292.0
0.0,2062.0,973.0,1012.0,977.0,970.0,970.0,708.0,304.0,680.0,293.0
0.0,2066.0,930.0,1010.0,970.0,924.0,924.0,707.0,303.0,652.0,278.0
0.0,2106.0,1010.0,1010.0,924.0,1010.0,1010.0,707.0,303.0,705.0,305.0
0.0,2020.0,1084.0,1014.0,1010.0,1096.0,1096.0,710.0,304.0,758.0,326.0
0.0,1946.0,1056.0,1017.0,1096.0,1065.0,1065.0,712.0,305.0,741.0,315.0
0.0,1986.0,1086.0,1017.0,1065.0,1086.0,1086.0,712.0,305.0,760.0,326.0
0.0,1965.0,986.0,1016.0,1086.0,983.0,983.0,711.0,305.0,689.0,297.0
0.0,2065.0,984.0,1013.0,983.0,975.0,975.0,709.0,304.0,688.0,296.0
0.0,2064.0,917.0,1011.0,975.0,911.0,911.0,708.0,303.0,643.0,274.0
0.0,2122.0,997.0,1011.0,911.0,997.0,997.0,708.0,303.0,698.0,299.0
0.0,2036.0,1103.0,1014.0,997.0,1112.0,1112.0,710.0,304.0,772.0,331.0
0.0,1930.0,1159.0,1019.0,1112.0,1174.0,1174.0,713.0,306.0,812.0,347.0
0.0,1883.0,1076.0,1022.0,1174.0,1085.0,1085.0,715.0,307.0,753.0,323.0
0.0,1981.0,979.0,1021.0,1085.0,976.0,976.0,715.0,306.0,684.0,295.0
0.0,2087.0,1009.0,1020.0,976.0,1006.0,1006.0,714.0,306.0,706.0,303.0
0.0,2054.0,1026.0,1020.0,1006.0,1026.0,1026.0,714.0,306.0,718.0,308.0
0.0,2034.0,1059.0,1023.0,1026.0,1068.0,1068.0,716.0,307.0,742.0,317.0
0.0,2001.0,1082.0,1024.0,1068.0,1085.0,1085.0,717.0,307.0,757.0,325.0
0.0,1987.0,1143.0,1027.0,1085.0,1152.0,1152.0,719.0,308.0,800.0,343.0
0.0,1929.0,1069.0,1029.0,1152.0,1075.0,1075.0,720.0,309.0,748.0,321.0
0.0,2012.0,999.0,1027.0,1075.0,993.0,993.0,719.0,308.0,698.0,301.0
0.0,2088.0,968.0,1024.0,993.0,959.0,959.0,717.0,307.0,679.0,289.0
0.0,2113.0,957.0,1021.0,959.0,948.0,948.0,715.0,306.0,670.0,287.0
0.0,2115.0,1053.0,1022.0,948.0,1056.0,1056.0,715.0,307.0,737.0,316.0
0.0,2010.0,1171.0,1027.0,1056.0,1186.0,1186.0,719.0,308.0,819.0,352.0
0.0,1895.0,1093.0,1030.0,1186.0,1102.0,1102.0,721.0,309.0,766.0,327.0
0.0,1988.0,999.0,1029.0,1102.0,996.0,996.0,720.0,309.0,699.0,300.0
0.0,2091.0,1007.0,1029.0,996.0,1007.0,1007.0,720.0,309.0,705.0,302.0
0.0,2080.0,1016.0,1027.0,1007.0,1010.0,1010.0,719.0,308.0,710.0,306.0
0.0,2071.0,945.0,1024.0,1010.0,936.0,936.0,717.0,307.0,662.0,283.0
0.0,2136.0,1053.0,1026.0,936.0,1059.0,1059.0,718.0,308.0,738.0,315.0
0.0,2019.0,1060.0,1027.0,1059.0,1063.0,1063.0,719.0,308.0,741.0,319.0
0.0,2018.0,1145.0,1030.0,1063.0,1154.0,1154.0,721.0,309.0,801.0,344.0
0.0,1936.0,1040.0,1030.0,1154.0,1040.0,1040.0,721.0,309.0,728.0,312.0
0.0,2050.0,975.0,1029.0,1040.0,972.0,972.0,720.0,309.0,684.0,291.0
0.0,2115.0,964.0,1027.0,972.0,958.0,958.0,719.0,308.0,674.0,290.0
0.0,2123.0,968.0,1024.0,958.0,959.0,959.0,717.0,307.0,678.0,290.0
0.0,2113.0,1062.0,1026.0,959.0,1068.0,1068.0,718.0,308.0,742.0,320.0
0.0,2010.0,1091.0,1030.0,1068.0,1103.0,1103.0,721.0,309.0,764.0,327.0
0.0,1987.0,1064.0,1032.0,1103.0,1070.0,1070.0,722.0,310.0,746.0,318.0
0.0,2026.0,1122.0,1036.0,1070.0,1134.0,1134.0,725.0,311.0,785.0,337.0
0.0,1974.0,1087.0,1036.0,1134.0,1087.0,1087.0,725.0,311.0,762.0,325.0
0.0,2021.0,1003.0,1034.0,1087.0,997.0,997.0,724.0,310.0,701.0,302.0
0.0,2105.0,1032.0,1033.0,997.0,1029.0,1029.0,723.0,310.0,721.0,311.0
0.0,2070.0,1047.0,1034.0,1029.0,1050.0,1050.0,724.0,310.0,734.0,313.0
0.0,2052.0,1116.0,1037.0,1050.0,1125.0,1125.0,726.0,311.0,781.0,335.0
0.0,1986.0,1053.0,1039.0,1125.0,1059.0,1059.0,727.0,312.0,738.0,315.0
0.0,2058.0,1056.0,1040.0,1059.0,1059.0,1059.0,728.0,312.0,738.0,318.0
0.0,2061.0,1006.0,1039.0,1059.0,1003.0,1003.0,727.0,312.0,705.0,301.0
0.0,2114.0,971.0,1036.0,1003.0,962.0,962.0,725.0,311.0,678.0,293.0
0.0,2146.0,1036.0,1036.0,962.0,1036.0,1036.0,725.0,311.0,727.0,309.0
0.0,2072.0,1102.0,1039.0,1036.0,1111.0,1111.0,727.0,312.0,771.0,331.0
0.0,2006.0,1160.0,1042.0,1111.0,1169.0,1169.0,729.0,313.0,812.0,348.0
0.0,1957.0,1077.0,1044.0,1169.0,1083.0,1083.0,731.0,313.0,754.0,323.0
0.0,2049.0,1159.0,1047.0,1083.0,1168.0,1168.0,733.0,314.0,811.0,348.0
0.0,1973.0,955.0,1046.0,1168.0,952.0,952.0,732.0,314.0,669.0,286.0
0.0,2186.0,1024.0,1044.0,952.0,1018.0,1018.0,731.0,313.0,717.0,307.0
0.0,2114.0,1011.0,1043.0,1018.0,1008.0,1008.0,730.0,313.0,709.0,302.0
0.0,2121.0,1122.0,1046.0,1008.0,1131.0,1131.0,732.0,314.0,785.0,337.0
0.0,2007.0,1174.0,1049.0,1131.0,1183.0,1183.0,734.0,315.0,821.0,353.0
0.0,1964.0,1062.0,1052.0,1183.0,1071.0,1071.0,736.0,316.0,743.0,319.0
0.0,2085.0,1139.0,1054.0,1071.0,1145.0,1145.0,738.0,316.0,797.0,342.0
0.0,2017.0,1052.0,1054.0,1145.0,1052.0,1052.0,738.0,316.0,735.0,317.0
0.0,2110.0,948.0,1050.0,1052.0,936.0,936.0,735.0,315.0,666.0,282.0
0.0,2214.0,1014.0,1049.0,936.0,1011.0,1011.0,734.0,315.0,709.0,305.0
0.0,2136.0,1107.0,1051.0,1011.0,1113.0,1113.0,736.0,315.0,774.0,333.0
0.0,2040.0,1123.0,1053.0,1113.0,1129.0,1129.0,737.0,316.0,788.0,335.0
0.0,2030.0,1093.0,1054.0,1129.0,1096.0,1096.0,738.0,316.0,764.0,329.0
0.0,2066.0,1091.0,1056.0,1096.0,1097.0,1097.0,739.0,317.0,764.0,327.0
0.0,2071.0,1023.0,1054.0,1097.0,1017.0,1017.0,738.0,316.0,716.0,307.0
0.0,2145.0,1015.0,1051.0,1017.0,1006.0,1006.0,736.0,315.0,711.0,304.0
0.0,2147.0,1014.0,1050.0,1006.0,1011.0,1011.0,735.0,315.0,709.0,305.0
0.0,2139.0,1099.0,1053.0,1011.0,1108.0,1108.0,737.0,316.0,771.0,328.0
0.0,2051.0,1186.0,1057.0,1108.0,1198.0,1198.0,740.0,317.0,830.0,356.0
0.0,1973.0,1126.0,1060.0,1198.0,1135.0,1135.0,742.0,318.0,788.0,338.0
0.0,2045.0,1119.0,1061.0,1135.0,1122.0,1122.0,743.0,318.0,782.0,337.0
0.0,2061.0,1034.0,1059.0,1122.0,1028.0,1028.0,741.0,318.0,725.0,309.0
0.0,2149.0,981.0,1056.0,1028.0,972.0,972.0,739.0,317.0,687.0,294.0
0.0,2196.0,966.0,1056.0,972.0,966.0,966.0,739.0,317.0,676.0,290.0
0.0,2202.0,1090.0,1057.0,966.0,1093.0,1093.0,740.0,317.0,762.0,328.0
0.0,2078.0,1193.0,1060.0,1093.0,1202.0,1202.0,742.0,318.0,835.0,358.0
0.0,1978.0,1214.0,1066.0,1202.0,1232.0,1232.0,746.0,320.0,850.0,364.0
0.0,1966.0,1089.0,1067.0,1232.0,1092.0,1092.0,747.0,320.0,763.0,326.0
0.0,2109.0,1059.0,1067.0,1092.0,1059.0,1059.0,747.0,320.0,741.0,318.0
0.0,2142.0,982.0,1063.0,1059.0,970.0,970.0,744.0,319.0,688.0,294.0
0.0,2219.0,1062.0,1064.0,970.0,1065.0,1065.0,745.0,319.0,741.0,321.0
0.0,2127.0,993.0,1064.0,1065.0,993.0,993.0,745.0,319.0,695.0,298.0
0.0,2199.0,1145.0,1067.0,993.0,1154.0,1154.0,747.0,320.0,802.0,343.0
0.0,2047.0,1215.0,1073.0,1154.0,1233.0,1233.0,751.0,322.0,851.0,364.0
0.0,1986.0,1057.0,1073.0,1233.0,1057.0,1057.0,751.0,322.0,740.0,317.0
0.0,2162.0,1086.0,1073.0,1057.0,1086.0,1086.0,751.0,322.0,760.0,326.0
0.0,2133.0,1043.0,1072.0,1086.0,1040.0,1040.0,750.0,322.0,730.0,313.0
0.0,2176.0,1014.0,1070.0,1040.0,1008.0,1008.0,749.0,321.0,710.0,304.0
0.0,2202.0,1113.0,1070.0,1008.0,1113.0,1113.0,749.0,321.0,780.0,333.0
0.0,2097.0,1122.0,1073.0,1113.0,1131.0,1131.0,751.0,322.0,784.0,338.0
0.0,2088.0,1175.0,1076.0,1131.0,1184.0,1184.0,753.0,323.0,822.0,353.0
0.0,2044.0,1116.0,1077.0,1184.0,1119.0,1119.0,754.0,323.0,782.0,334.0
0.0,2112.0,1100.0,1076.0,1119.0,1097.0,1097.0,753.0,323.0,770.0,330.0
0.0,2131.0,996.0,1076.0,1097.0,996.0,996.0,753.0,323.0,696.0,300.0
0.0,2232.0,1074.0,1076.0,996.0,1074.0,1074.0,753.0,323.0,752.0,322.0
0.0,2154.0,1132.0,1078.0,1074.0,1138.0,1138.0,755.0,323.0,792.0,340.0
0.0,2096.0,1122.0,1081.0,1138.0,1131.0,1131.0,757.0,324.0,785.0,337.0
0.0,2112.0,1205.0,1084.0,1131.0,1214.0,1214.0,759.0,325.0,845.0,360.0
0.0,2038.0,1169.0,1086.0,1214.0,1175.0,1175.0,760.0,326.0,817.0,352.0
0.0,2083.0,1059.0,1083.0,1175.0,1050.0,1050.0,758.0,325.0,742.0,317.0
0.0,2199.0,1034.0,1083.0,1050.0,1034.0,1034.0,758.0,325.0,723.0,311.0
0.0,2215.0,1027.0,1080.0,1034.0,1018.0,1018.0,756.0,324.0,718.0,309.0
0.0,2222.0,1095.0,1083.0,1018.0,1104.0,1104.0,758.0,325.0,767.0,328.0
0.0,2145.0,1103.0,1084.0,1104.0,1106.0,1106.0,759.0,325.0,771.0,332.0
0.0,2146.0,1224.0,1089.0,1106.0,1239.0,1239.0,762.0,327.0,857.0,367.0
0.0,2028.0,1158.0,1089.0,1239.0,1158.0,1158.0,762.0,327.0,811.0,347.0
0.0,2109.0,1085.0,1087.0,1158.0,1079.0,1079.0,761.0,326.0,759.0,326.0
0.0,2182.0,978.0,1086.0,1079.0,975.0,975.0,760.0,326.0,686.0,292.0
0.0,2283.0,1073.0,1084.0,975.0,1067.0,1067.0,759.0,325.0,750.0,323.0
0.0,2185.0,1064.0,1084.0,1067.0,1064.0,1064.0,759.0,325.0,745.0,319.0
0.0,2188.0,1206.0,1090.0,1064.0,1224.0,1224.0,763.0,327.0,845.0,361.0
0.0,2046.0,1206.0,1093.0,1224.0,1215.0,1215.0,765.0,328.0,845.0,361.0
0.0,2064.0,1139.0,1094.0,1215.0,1142.0,1142.0,766.0,328.0,795.0,344.0
0.0,2140.0,1071.0,1093.0,1142.0,1068.0,1068.0,765.0,328.0,751.0,320.0
0.0,2211.0,1059.0,1093.0,1068.0,1059.0,1059.0,765.0,328.0,741.0,318.0
0.0,2220.0,1004.0,1090.0,1059.0,995.0,995.0,763.0,327.0,702.0,302.0
0.0,2275.0,1089.0,1092.0,995.0,1095.0,1095.0,764.0,328.0,763.0,326.0
0.0,2181.0,1156.0,1094.0,1095.0,1162.0,1162.0,766.0,328.0,808.0,348.0
0.0,2120.0,1146.0,1097.0,1162.0,1155.0,1155.0,768.0,329.0,804.0,342.0
0.0,2136.0,1162.0,1099.0,1155.0,1168.0,1168.0,769.0,330.0,812.0,350.0
0.0,2129.0,1048.0,1096.0,1168.0,1039.0,1039.0,767.0,329.0,734.0,314.0
0.0,2249.0,1034.0,1094.0,1039.0,1028.0,1028.0,766.0,328.0,723.0,311.0
0.0,2254.0,1039.0,1093.0,1028.0,1036.0,1036.0,765.0,328.0,728.0,311.0
0.0,2243.0,1069.0,1093.0,1036.0,1069.0,1069.0,765.0,328.0,749.0,320.0
0.0,2210.0,1185.0,1097.0,1069.0,1197.0,1197.0,768.0,329.0,829.0,356.0
0.0,2094.0,1235.0,1102.0,1197.0,1250.0,1250.0,771.0,331.0,864.0,371.0
0.0,2056.0,1112.0,1103.0,1250.0,1115.0,1115.0,772.0,331.0,778.0,334.0
0.0,2194.0,1144.0,1102.0,1115.0,1141.0,1141.0,771.0,331.0,800.0,344.0
0.0,2165.0,1038.0,1099.0,1141.0,1029.0,1029.0,769.0,330.0,727.0,311.0
0.0,2268.0,1033.0,1097.0,1029.0,1027.0,1027.0,768.0,329.0,723.0,310.0
0.0,2264.0,1143.0,1099.0,1027.0,1149.0,1149.0,769.0,330.0,801.0,342.0
0.0,2148.0,1172.0,1103.0,1149.0,1184.0,1184.0,772.0,331.0,820.0,352.0
0.0,2125.0,1176.0,1104.0,1184.0,1179.0,1179.0,773.0,331.0,823.0,353.0
0.0,2133.0,1159.0,1107.0,1179.0,1168.0,1168.0,775.0,332.0,811.0,348.0
0.0,2153.0,1109.0,1107.0,1168.0,1109.0,1109.0,775.0,332.0,775.0,334.0
0.0,2212.0,1027.0,1103.0,1109.0,1015.0,1015.0,772.0,331.0,719.0,308.0
0.0,2294.0,1057.0,1103.0,1015.0,1057.0,1057.0,772.0,331.0,740.0,317.0
0.0,2252.0,1136.0,1104.0,1057.0,1139.0,1139.0,773.0,331.0,796.0,340.0
0.0,2173.0,1139.0,1106.0,1139.0,1145.0,1145.0,774.0,332.0,798.0,341.0
0.0,2173.0,1175.0,1110.0,1145.0,1187.0,1187.0,777.0,333.0,822.0,353.0
0.0,2143.0,1134.0,1110.0,1187.0,1134.0,1134.0,777.0,333.0,794.0,340.0
0.0,2196.0,1106.0,1110.0,1134.0,1106.0,1106.0,777.0,333.0,774.0,332.0
0.0,2224.0,1151.0,1109.0,1106.0,1148.0,1148.0,776.0,333.0,806.0,345.0
0.0,2179.0,1036.0,1107.0,1148.0,1030.0,1030.0,775.0,332.0,724.0,312.0
0.0,2291.0,1059.0,1107.0,1030.0,1059.0,1059.0,775.0,332.0,740.0,319.0
0.0,2262.0,1145.0,1110.0,1059.0,1154.0,1154.0,777.0,333.0,803.0,342.0
0.0,2176.0,1213.0,1113.0,1154.0,1222.0,1222.0,779.0,334.0,849.0,364.0
0.0,2117.0,1125.0,1112.0,1222.0,1122.0,1122.0,778.0,334.0,787.0,338.0
0.0,2214.0,1080.0,1111.0,1122.0,1077.0,1077.0,778.0,333.0,756.0,324.0
0.0,2256.0,1000.0,1107.0,1077.0,988.0,988.0,775.0,332.0,699.0,301.0
0.0,2333.0,1139.0,1107.0,988.0,1139.0,1139.0,775.0,332.0,797.0,342.0
0.0,2182.0,1130.0,1109.0,1139.0,1136.0,1136.0,776.0,333.0,792.0,338.0
0.0,2191.0,1189.0,1111.0,1136.0,1195.0,1195.0,778.0,333.0,832.0,357.0
0.0,2138.0,1173.0,1114.0,1195.0,1182.0,1182.0,780.0,334.0,820.0,353.0
0.0,2160.0,1180.0,1116.0,1182.0,1186.0,1186.0,781.0,335.0,828.0,352.0
0.0,2162.0,1087.0,1116.0,1186.0,1087.0,1087.0,781.0,335.0,760.0,327.0
0.0,2261.0,1114.0,1113.0,1087.0,1105.0,1105.0,779.0,334.0,779.0,335.0
0.0,2234.0,1054.0,1111.0,1105.0,1048.0,1048.0,778.0,333.0,739.0,315.0
0.0,2285.0,1145.0,1113.0,1048.0,1151.0,1151.0,779.0,334.0,802.0,343.0
0.0,2188.0,1243.0,1117.0,1151.0,1255.0,1255.0,782.0,335.0,869.0,374.0
0.0,2096.0,1176.0,1120.0,1255.0,1185.0,1185.0,784.0,336.0,824.0,352.0
0.0,2175.0,1190.0,1122.0,1185.0,1196.0,1196.0,785.0,337.0,833.0,357.0
0.0,2170.0,1027.0,1119.0,1196.0,1018.0,1018.0,783.0,336.0,719.0,308.0
0.0,2339.0,1035.0,1116.0,1018.0,1026.0,1026.0,781.0,335.0,725.0,310.0
0.0,2322.0,1067.0,1114.0,1026.0,1061.0,1061.0,780.0,334.0,746.0,321.0
0.0,2281.0,1104.0,1114.0,1061.0,1104.0,1104.0,780.0,334.0,773.0,331.0
0.0,2238.0,1238.0,1117.0,1104.0,1247.0,1247.0,782.0,335.0,866.0,372.0
0.0,2104.0,1219.0,1122.0,1247.0,1234.0,1234.0,785.0,337.0,854.0,365.0
0.0,2132.0,1196.0,1124.0,1234.0,1202.0,1202.0,787.0,337.0,836.0,360.0
0.0,2170.0,1157.0,1124.0,1202.0,1157.0,1157.0,787.0,337.0,811.0,346.0
0.0,2215.0,1072.0,1123.0,1157.0,1069.0,1069.0,786.0,337.0,752.0,320.0
0.0,2300.0,1117.0,1122.0,1069.0,1114.0,1114.0,785.0,337.0,781.0,336.0
0.0,2252.0,1111.0,1123.0,1114.0,1114.0,1114.0,786.0,337.0,779.0,332.0
0.0,2255.0,1198.0,1126.0,1114.0,1207.0,1207.0,788.0,338.0,838.0,360.0
0.0,2171.0,1239.0,1130.0,1207.0,1251.0,1251.0,791.0,339.0,867.0,372.0
0.0,2139.0,1235.0,1133.0,1251.0,1244.0,1244.0,793.0,340.0,865.0,370.0
0.0,2155.0,1174.0,1133.0,1244.0,1174.0,1174.0,793.0,340.0,822.0,352.0
0.0,2225.0,1060.0,1130.0,1174.0,1051.0,1051.0,791.0,339.0,742.0,318.0
0.0,2339.0,1087.0,1129.0,1051.0,1084.0,1084.0,790.0,339.0,760.0,327.0
0.0,2303.0,1202.0,1130.0,1084.0,1205.0,1205.0,791.0,339.0,840.0,362.0
0.0,2185.0,1206.0,1133.0,1205.0,1215.0,1215.0,793.0,340.0,846.0,360.0
0.0,2184.0,1248.0,1137.0,1215.0,1260.0,1260.0,796.0,341.0,872.0,376.0
0.0,2151.0,1201.0,1139.0,1260.0,1207.0,1207.0,797.0,342.0,841.0,360.0
0.0,2210.0,1064.0,1137.0,1207.0,1058.0,1058.0,796.0,341.0,746.0,318.0
0.0,2353.0,1081.0,1134.0,1058.0,1072.0,1072.0,794.0,340.0,756.0,325.0
0.0,2330.0,1117.0,1134.0,1072.0,1117.0,1117.0,794.0,340.0,782.0,335.0
0.0,2285.0,1104.0,1134.0,1117.0,1104.0,1104.0,794.0,340.0,773.0,331.0
0.0,2298.0,1185.0,1137.0,1104.0,1194.0,1194.0,796.0,341.0,828.0,357.0
0.0,2217.0,1279.0,1141.0,1194.0,1291.0,1291.0,799.0,342.0,896.0,383.0
0.0,2132.0,1156.0,1141.0,1291.0,1156.0,1156.0,799.0,342.0,810.0,346.0
0.0,2267.0,1087.0,1140.0,1156.0,1084.0,1084.0,798.0,342.0,760.0,327.0
0.0,2336.0,1045.0,1138.0,1084.0,1039.0,1039.0,797.0,341.0,732.0,313.0
0.0,2375.0,1112.0,1137.0,1039.0,1109.0,1109.0,796.0,341.0,778.0,334.0
0.0,2302.0,1163.0,1139.0,1109.0,1169.0,1169.0,797.0,342.0,815.0,348.0
0.0,2248.0,1256.0,1140.0,1169.0,1259.0,1259.0,798.0,342.0,878.0,378.0
0.0,2161.0,1227.0,1144.0,1259.0,1239.0,1239.0,801.0,343.0,859.0,368.0
0.0,2193.0,1180.0,1147.0,1239.0,1189.0,1189.0,803.0,344.0,827.0,353.0
0.0,2252.0,1107.0,1146.0,1189.0,1104.0,1104.0,802.0,344.0,775.0,332.0
0.0,2334.0,1133.0,1144.0,1104.0,1127.0,1127.0,801.0,343.0,792.0,341.0
0.0,2305.0,1119.0,1144.0,1127.0,1119.0,1119.0,801.0,343.0,783.0,336.0
0.0,2313.0,1125.0,1146.0,1119.0,1131.0,1131.0,802.0,344.0,787.0,338.0
0.0,2307.0,1235.0,1150.0,1131.0,1247.0,1247.0,805.0,345.0,865.0,370.0
0.0,2203.0,1218.0,1151.0,1247.0,1221.0,1221.0,806.0,345.0,851.0,367.0
0.0,2232.0,1256.0,1154.0,1221.0,1265.0,1265.0,808.0,346.0,881.0,375.0
0.0,2197.0,1173.0,1153.0,1265.0,1170.0,1170.0,807.0,346.0,821.0,352.0
0.0,2289.0,1136.0,1153.0,1170.0,1136.0,1136.0,807.0,346.0,794.0,342.0
0.0,2323.0,1117.0,1151.0,1136.0,1111.0,1111.0,806.0,345.0,782.0,335.0
0.0,2342.0,1180.0,1153.0,1111.0,1186.0,1186.0,807.0,346.0,827.0,353.0
0.0,2273.0,1219.0,1156.0,1186.0,1228.0,1228.0,809.0,347.0,852.0,367.0
0.0,2240.0,1218.0,1159.0,1228.0,1227.0,1227.0,811.0,348.0,852.0,366.0
0.0,2250.0,1222.0,1160.0,1227.0,1225.0,1225.0,812.0,348.0,856.0,366.0
0.0,2255.0,1084.0,1157.0,1225.0,1075.0,1075.0,810.0,347.0,759.0,325.0
0.0,2396.0,1094.0,1156.0,1075.0,1091.0,1091.0,809.0,347.0,765.0,329.0
0.0,2377.0,1133.0,1154.0,1091.0,1127.0,1127.0,808.0,346.0,793.0,340.0
0.0,2335.0,1164.0,1157.0,1127.0,1173.0,1173.0,810.0,347.0,816.0,348.0
0.0,2298.0,1285.0,1162.0,1173.0,1300.0,1300.0,813.0,349.0,898.0,387.0
0.0,2186.0,1252.0,1166.0,1300.0,1264.0,1264.0,816.0,350.0,877.0,375.0
0.0,2234.0,1187.0,1167.0,1264.0,1190.0,1190.0,817.0,350.0,832.0,355.0
0.0,2311.0,1112.0,1164.0,1190.0,1103.0,1103.0,815.0,349.0,777.0,335.0
0.0,2389.0,1061.0,1161.0,1103.0,1052.0,1052.0,813.0,348.0,743.0,318.0
0.0,2431.0,1051.0,1159.0,1052.0,1045.0,1045.0,811.0,348.0,737.0,314.0
0.0,2432.0,1146.0,1159.0,1045.0,1146.0,1146.0,811.0,348.0,801.0,345.0
0.0,2331.0,1216.0,1161.0,1146.0,1222.0,1222.0,813.0,348.0,851.0,365.0
0.0,2261.0,1220.0,1163.0,1222.0,1226.0,1226.0,814.0,349.0,855.0,365.0
0.0,2263.0,1204.0,1165.0,1226.0,1210.0,1210.0,815.0,350.0,842.0,362.0
0.0,2285.0,1121.0,1163.0,1210.0,1115.0,1115.0,814.0,349.0,786.0,335.0
0.0,2374.0,1091.0,1160.0,1115.0,1082.0,1082.0,812.0,348.0,762.0,329.0
0.0,2398.0,1156.0,1159.0,1082.0,1153.0,1153.0,811.0,348.0,810.0,346.0
0.0,2324.0,1180.0,1159.0,1153.0,1180.0,1180.0,811.0,348.0,826.0,354.0
0.0,2297.0,1259.0,1163.0,1180.0,1271.0,1271.0,814.0,349.0,882.0,377.0
0.0,2218.0,1275.0,1167.0,1271.0,1287.0,1287.0,817.0,350.0,892.0,383.0
0.0,2214.0,1138.0,1166.0,1287.0,1135.0,1135.0,816.0,350.0,796.0,342.0
0.0,2363.0,1116.0,1163.0,1135.0,1107.0,1107.0,814.0,349.0,780.0,336.0
0.0,2382.0,1103.0,1161.0,1107.0,1097.0,1097.0,813.0,348.0,773.0,330.0
0.0,2386.0,1094.0,1159.0,1097.0,1088.0,1088.0,811.0,348.0,766.0,328.0
0.0,2389.0,1232.0,1162.0,1088.0,1241.0,1241.0,813.0,349.0,862.0,370.0
0.0,2245.0,1202.0,1164.0,1241.0,1208.0,1208.0,815.0,349.0,841.0,361.0
0.0,2284.0,1225.0,1166.0,1208.0,1231.0,1231.0,816.0,350.0,858.0,367.0
0.0,2267.0,1275.0,1170.0,1231.0,1287.0,1287.0,819.0,351.0,892.0,383.0
0.0,2223.0,1155.0,1169.0,1287.0,1152.0,1152.0,818.0,351.0,808.0,347.0
0.0,2355.0,1141.0,1166.0,1152.0,1132.0,1132.0,816.0,350.0,797.0,344.0
0.0,2366.0,1118.0,1166.0,1132.0,1118.0,1118.0,816.0,350.0,785.0,333.0
0.0,2380.0,1177.0,1167.0,1118.0,1180.0,1180.0,817.0,350.0,823.0,354.0
0.0,2321.0,1256.0,1172.0,1180.0,1271.0,1271.0,820.0,352.0,880.0,376.0
0.0,2245.0,1275.0,1174.0,1271.0,1281.0,1281.0,822.0,352.0,892.0,383.0
0.0,2241.0,1157.0,1174.0,1281.0,1157.0,1157.0,822.0,352.0,810.0,347.0
0.0,2365.0,1165.0,1173.0,1157.0,1162.0,1162.0,821.0,352.0,817.0,348.0
0.0,2357.0,1110.0,1170.0,1162.0,1101.0,1101.0,819.0,351.0,775.0,335.0
0.0,2409.0,1188.0,1170.0,1101.0,1188.0,1188.0,819.0,351.0,832.0,356.0
0.0,2322.0,1251.0,1173.0,1188.0,1260.0,1260.0,821.0,352.0,875.0,376.0
0.0,2259.0,1173.0,1174.0,1260.0,1176.0,1176.0,822.0,352.0,822.0,351.0
0.0,2346.0,1227.0,1176.0,1176.0,1233.0,1233.0,823.0,353.0,860.0,367.0
0.0,2295.0,1215.0,1178.0,1233.0,1221.0,1221.0,825.0,353.0,849.0,366.0
0.0,2313.0,1257.0,1179.0,1221.0,1260.0,1260.0,825.0,354.0,881.0,376.0
0.0,2277.0,1107.0,1176.0,1260.0,1098.0,1098.0,823.0,353.0,775.0,332.0
0.0,2430.0,1153.0,1174.0,1098.0,1147.0,1147.0,822.0,352.0,806.0,347.0
0.0,2375.0,1176.0,1174.0,1147.0,1176.0,1176.0,822.0,352.0,823.0,353.0
0.0,2346.0,1302.0,1177.0,1176.0,1311.0,1311.0,824.0,353.0,911.0,391.0
0.0,2220.0,1282.0,1180.0,1311.0,1291.0,1291.0,826.0,354.0,897.0,385.0
0.0,2249.0,1242.0,1182.0,1291.0,1248.0,1248.0,827.0,355.0,870.0,372.0
0.0,2298.0,1204.0,1182.0,1248.0,1204.0,1204.0,827.0,355.0,843.0,361.0
0.0,2342.0,1118.0,1180.0,1204.0,1112.0,1112.0,826.0,354.0,782.0,336.0
0.0,2428.0,1111.0,1177.0,1112.0,1102.0,1102.0,824.0,353.0,779.0,332.0
0.0,2429.0,1206.0,1180.0,1102.0,1215.0,1215.0,826.0,354.0,843.0,363.0
0.0,2325.0,1278.0,1183.0,1215.0,1287.0,1287.0,828.0,355.0,894.0,384.0
0.0,2262.0,1246.0,1186.0,1287.0,1255.0,1255.0,830.0,356.0,874.0,372.0
0.0,2303.0,1269.0,1187.0,1255.0,1272.0,1272.0,831.0,356.0,887.0,382.0
0.0,2289.0,1163.0,1186.0,1272.0,1160.0,1160.0,830.0,356.0,815.0,348.0
0.0,2398.0,1156.0,1183.0,1160.0,1147.0,1147.0,828.0,355.0,808.0,348.0
0.0,2402.0,1147.0,1183.0,1147.0,1147.0,1147.0,828.0,355.0,802.0,345.0
0.0,2402.0,1246.0,1186.0,1147.0,1255.0,1255.0,830.0,356.0,874.0,372.0
0.0,2303.0,1269.0,1189.0,1255.0,1278.0,1278.0,832.0,357.0,888.0,381.0
0.0,2289.0,1287.0,1194.0,1278.0,1302.0,1302.0,836.0,358.0,899.0,388.0
0.0,2280.0,1292.0,1197.0,1302.0,1301.0,1301.0,838.0,359.0,906.0,386.0
0.0,2290.0,1184.0,1196.0,1301.0,1181.0,1181.0,837.0,359.0,829.0,355.0
0.0,2407.0,1104.0,1194.0,1181.0,1098.0,1098.0,836.0,358.0,771.0,333.0
0.0,2484.0,1101.0,1192.0,1098.0,1095.0,1095.0,834.0,358.0,772.0,329.0
0.0,2481.0,1212.0,1193.0,1095.0,1215.0,1215.0,835.0,358.0,847.0,365.0
0.0,2364.0,1303.0,1197.0,1215.0,1315.0,1315.0,838.0,359.0,913.0,390.0
0.0,2276.0,1250.0,1200.0,1315.0,1259.0,1259.0,840.0,360.0,876.0,374.0
0.0,2341.0,1210.0,1200.0,1259.0,1210.0,1210.0,840.0,360.0,847.0,363.0
0.0,2390.0,1209.0,1199.0,1210.0,1206.0,1206.0,839.0,360.0,846.0,363.0
0.0,2391.0,1137.0,1196.0,1206.0,1128.0,1128.0,837.0,359.0,796.0,341.0
0.0,2460.0,1126.0,1196.0,1128.0,1126.0,1126.0,837.0,359.0,788.0,338.0
0.0,2462.0,1231.0,1199.0,1126.0,1240.0,1240.0,839.0,360.0,860.0,371.0
0.0,2357.0,1262.0,1202.0,1240.0,1271.0,1271.0,841.0,361.0,883.0,379.0
0.0,2335.0,1267.0,1205.0,1271.0,1276.0,1276.0,843.0,362.0,887.0,380.0
0.0,2339.0,1201.0,1204.0,1276.0,1198.0,1198.0,843.0,361.0,841.0,360.0
0.0,2414.0,1159.0,1203.0,1198.0,1156.0,1156.0,842.0,361.0,813.0,346.0
0.0,2453.0,1171.0,1203.0,1156.0,1171.0,1171.0,842.0,361.0,819.0,352.0
0.0,2438.0,1174.0,1200.0,1171.0,1165.0,1165.0,840.0,360.0,821.0,353.0
0.0,2435.0,1211.0,1201.0,1165.0,1214.0,1214.0,841.0,360.0,849.0,362.0
0.0,2389.0,1299.0,1204.0,1214.0,1308.0,1308.0,843.0,361.0,909.0,390.0
0.0,2304.0,1262.0,1207.0,1308.0,1271.0,1271.0,845.0,362.0,882.0,380.0
0.0,2350.0,1229.0,1209.0,1271.0,1235.0,1235.0,846.0,363.0,861.0,368.0
0.0,2392.0,1178.0,1207.0,1235.0,1172.0,1172.0,845.0,362.0,826.0,352.0
0.0,2449.0,1224.0,1206.0,1172.0,1221.0,1221.0,844.0,362.0,857.0,367.0
0.0,2397.0,1239.0,1207.0,1221.0,1242.0,1242.0,845.0,362.0,866.0,373.0
0.0,2379.0,1253.0,1209.0,1242.0,1259.0,1259.0,846.0,363.0,878.0,375.0
0.0,2368.0,1299.0,1213.0,1259.0,1311.0,1311.0,849.0,364.0,909.0,390.0
0.0,2328.0,1349.0,1216.0,1311.0,1358.0,1358.0,851.0,365.0,944.0,405.0
0.0,2290.0,1230.0,1216.0,1358.0,1230.0,1230.0,851.0,365.0,861.0,369.0
0.0,2418.0,1227.0,1216.0,1230.0,1227.0,1227.0,851.0,365.0,860.0,367.0
0.0,2421.0,1143.0,1214.0,1227.0,1137.0,1137.0,850.0,364.0,799.0,344.0
0.0,2505.0,1113.0,1213.0,1137.0,1110.0,1110.0,849.0,364.0,780.0,333.0
0.0,2529.0,1206.0,1212.0,1110.0,1203.0,1203.0,848.0,364.0,843.0,363.0
0.0,2433.0,1349.0,1217.0,1203.0,1364.0,1364.0,852.0,365.0,945.0,404.0
0.0,2287.0,1246.0,1219.0,1364.0,1252.0,1252.0,853.0,366.0,871.0,375.0
0.0,2405.0,1245.0,1220.0,1252.0,1248.0,1248.0,854.0,366.0,872.0,373.0
0.0,2412.0,1204.0,1217.0,1248.0,1195.0,1195.0,852.0,365.0,842.0,362.0
0.0,2456.0,1137.0,1215.0,1195.0,1131.0,1131.0,850.0,365.0,796.0,341.0
0.0,2514.0,1192.0,1214.0,1131.0,1189.0,1189.0,850.0,364.0,833.0,359.0
0.0,2453.0,1260.0,1215.0,1189.0,1263.0,1263.0,850.0,365.0,883.0,377.0
0.0,2382.0,1289.0,1219.0,1263.0,1301.0,1301.0,853.0,366.0,902.0,387.0
0.0,2356.0,1389.0,1224.0,1301.0,1404.0,1404.0,857.0,367.0,974.0,415.0
0.0,2268.0,1293.0,1226.0,1404.0,1299.0,1299.0,858.0,368.0,904.0,389.0
0.0,2379.0,1157.0,1223.0,1299.0,1148.0,1148.0,856.0,367.0,811.0,346.0
0.0,2521.0,1141.0,1221.0,1148.0,1135.0,1135.0,855.0,366.0,797.0,344.0
0.0,2528.0,1198.0,1220.0,1135.0,1195.0,1195.0,854.0,366.0,840.0,358.0
0.0,2465.0,1207.0,1220.0,1195.0,1207.0,1207.0,854.0,366.0,844.0,363.0
0.0,2453.0,1304.0,1223.0,1207.0,1313.0,1313.0,856.0,367.0,915.0,389.0
0.0,2356.0,1315.0,1227.0,1313.0,1327.0,1327.0,859.0,368.0,920.0,395.0
0.0,2354.0,1233.0,1226.0,1327.0,1230.0,1230.0,858.0,368.0,863.0,370.0
0.0,2448.0,1180.0,1224.0,1230.0,1174.0,1174.0,857.0,367.0,825.0,355.0
0.0,2498.0,1217.0,1223.0,1174.0,1214.0,1214.0,856.0,367.0,853.0,364.0
0.0,2455.0,1184.0,1221.0,1214.0,1178.0,1178.0,855.0,366.0,828.0,356.0
0.0,2485.0,1233.0,1222.0,1178.0,1236.0,1236.0,855.0,367.0,863.0,370.0
0.0,2430.0,1339.0,1227.0,1236.0,1354.0,1354.0,859.0,368.0,938.0,401.0
0.0,2327.0,1325.0,1231.0,1354.0,1337.0,1337.0,862.0,369.0,926.0,399.0
0.0,2356.0,1302.0,1233.0,1337.0,1308.0,1308.0,863.0,370.0,912.0,390.0
0.0,2391.0,1233.0,1231.0,1308.0,1227.0,1227.0,862.0,369.0,863.0,370.0
0.0,2466.0,1178.0,1230.0,1227.0,1175.0,1175.0,861.0,369.0,826.0,352.0
0.0,2515.0,1285.0,1231.0,1175.0,1288.0,1288.0,862.0,369.0,898.0,387.0
0.0,2405.0,1280.0,1233.0,1288.0,1286.0,1286.0,863.0,370.0,897.0,383.0
0.0,2413.0,1289.0,1236.0,1286.0,1298.0,1298.0,865.0,371.0,901.0,388.0
0.0,2410.0,1404.0,1241.0,1298.0,1419.0,1419.0,869.0,372.0,982.0,422.0
0.0,2304.0,1260.0,1241.0,1419.0,1260.0,1260.0,869.0,372.0,882.0,378.0
0.0,2463.0,1190.0,1240.0,1260.0,1187.0,1187.0,868.0,372.0,835.0,355.0
0.0,2533.0,1176.0,1239.0,1187.0,1173.0,1173.0,867.0,372.0,822.0,354.0
0.0,2544.0,1241.0,1239.0,1173.0,1241.0,1241.0,867.0,372.0,869.0,372.0
0.0,2476.0,1249.0,1241.0,1241.0,1255.0,1255.0,869.0,372.0,873.0,376.0
0.0,2468.0,1290.0,1243.0,1255.0,1296.0,1296.0,870.0,373.0,905.0,385.0
0.0,2433.0,1348.0,1247.0,1296.0,1360.0,1360.0,873.0,374.0,943.0,405.0
0.0,2381.0,1286.0,1248.0,1360.0,1289.0,1289.0,874.0,374.0,899.0,387.0
0.0,2455.0,1235.0,1247.0,1289.0,1232.0,1232.0,873.0,374.0,866.0,369.0
0.0,2509.0,1171.0,1246.0,1232.0,1168.0,1168.0,872.0,374.0,819.0,352.0
0.0,2570.0,1250.0,1246.0,1168.0,1250.0,1250.0,872.0,374.0,875.0,375.0
0.0,2488.0,1233.0,1247.0,1250.0,1236.0,1236.0,873.0,374.0,864.0,369.0
0.0,2505.0,1323.0,1249.0,1236.0,1329.0,1329.0,874.0,375.0,925.0,398.0
0.0,2418.0,1310.0,1250.0,1329.0,1313.0,1313.0,875.0,375.0,918.0,392.0
0.0,2437.0,1278.0,1250.0,1313.0,1278.0,1278.0,875.0,375.0,895.0,383.0
0.0,2472.0,1254.0,1250.0,1278.0,1254.0,1254.0,875.0,375.0,877.0,377.0
0.0,2496.0,1124.0,1246.0,1254.0,1112.0,1112.0,872.0,374.0,786.0,338.0
0.0,2626.0,1227.0,1246.0,1112.0,1227.0,1227.0,872.0,374.0,859.0,368.0
0.0,2511.0,1268.0,1246.0,1227.0,1268.0,1268.0,872.0,374.0,888.0,380.0
0.0,2470.0,1365.0,1250.0,1268.0,1377.0,1377.0,875.0,375.0,956.0,409.0
0.0,2373.0,1333.0,1254.0,1377.0,1345.0,1345.0,878.0,376.0,931.0,402.0
0.0,2417.0,1316.0,1257.0,1345.0,1325.0,1325.0,880.0,377.0,923.0,393.0
0.0,2446.0,1260.0,1254.0,1325.0,1251.0,1251.0,878.0,376.0,881.0,379.0
0.0,2511.0,1209.0,1254.0,1251.0,1209.0,1209.0,878.0,376.0,845.0,364.0
0.0,2553.0,1190.0,1253.0,1209.0,1187.0,1187.0,877.0,376.0,835.0,355.0
0.0,2572.0,1251.0,1254.0,1187.0,1254.0,1254.0,878.0,376.0,874.0,377.0
0.0,2508.0,1359.0,1258.0,1254.0,1371.0,1371.0,881.0,377.0,952.0,407.0
0.0,2403.0,1345.0,1261.0,1371.0,1354.0,1354.0,883.0,378.0,941.0,404.0
0.0,2429.0,1294.0,1262.0,1354.0,1297.0,1297.0,883.0,379.0,906.0,388.0
0.0,2489.0,1290.0,1262.0,1297.0,1290.0,1290.0,883.0,379.0,903.0,387.0
0.0,2496.0,1211.0,1259.0,1290.0,1202.0,1202.0,881.0,378.0,848.0,363.0
0.0,2575.0,1244.0,1257.0,1202.0,1238.0,1238.0,880.0,377.0,871.0,373.0
0.0,2533.0,1307.0,1260.0,1238.0,1316.0,1316.0,882.0,378.0,917.0,390.0
0.0,2464.0,1363.0,1264.0,1316.0,1375.0,1375.0,885.0,379.0,952.0,411.0
0.0,2417.0,1343.0,1267.0,1375.0,1352.0,1352.0,887.0,380.0,942.0,401.0
0.0,2449.0,1274.0,1269.0,1352.0,1280.0,1280.0,888.0,381.0,891.0,383.0
0.0,2527.0,1336.0,1269.0,1280.0,1336.0,1336.0,888.0,381.0,936.0,400.0
0.0,2471.0,1170.0,1266.0,1336.0,1161.0,1161.0,886.0,380.0,819.0,351.0
0.0,2637.0,1227.0,1266.0,1161.0,1227.0,1227.0,886.0,380.0,859.0,368.0
0.0,2571.0,1326.0,1269.0,1227.0,1335.0,1335.0,888.0,381.0,928.0,398.0
0.0,2472.0,1345.0,1272.0,1335.0,1354.0,1354.0,890.0,382.0,940.0,405.0
0.0,2462.0,1306.0,1274.0,1354.0,1312.0,1312.0,892.0,382.0,916.0,390.0
0.0,2510.0,1287.0,1275.0,1312.0,1290.0,1290.0,892.0,383.0,899.0,388.0
0.0,2535.0,1287.0,1274.0,1290.0,1284.0,1284.0,892.0,382.0,903.0,384.0
0.0,2538.0,1240.0,1273.0,1284.0,1237.0,1237.0,891.0,382.0,867.0,373.0
0.0,2582.0,1246.0,1271.0,1237.0,1240.0,1240.0,890.0,381.0,871.0,375.0
0.0,2573.0,1297.0,1273.0,1240.0,1303.0,1303.0,891.0,382.0,909.0,388.0
0.0,2516.0,1382.0,1276.0,1303.0,1391.0,1391.0,893.0,383.0,968.0,414.0
0.0,2437.0,1407.0,1279.0,1391.0,1416.0,1416.0,895.0,384.0,984.0,423.0
0.0,2421.0,1318.0,1280.0,1416.0,1321.0,1321.0,896.0,384.0,923.0,395.0
0.0,2519.0,1283.0,1280.0,1321.0,1283.0,1283.0,896.0,384.0,898.0,385.0
0.0,2557.0,1182.0,1276.0,1283.0,1170.0,1170.0,893.0,383.0,827.0,355.0
0.0,2658.0,1260.0,1276.0,1170.0,1260.0,1260.0,893.0,383.0,882.0,378.0
0.0,2568.0,1341.0,1278.0,1260.0,1347.0,1347.0,895.0,383.0,938.0,403.0
0.0,2487.0,1319.0,1281.0,1347.0,1328.0,1328.0,897.0,384.0,923.0,396.0
0.0,2515.0,1389.0,1284.0,1328.0,1398.0,1398.0,899.0,385.0,974.0,415.0
0.0,2454.0,1337.0,1286.0,1398.0,1343.0,1343.0,900.0,386.0,935.0,402.0
0.0,2515.0,1303.0,1286.0,1343.0,1303.0,1303.0,900.0,386.0,912.0,391.0
0.0,2555.0,1248.0,1284.0,1303.0,1242.0,1242.0,899.0,385.0,875.0,373.0
0.0,2610.0,1220.0,1283.0,1242.0,1217.0,1217.0,898.0,385.0,853.0,367.0
0.0,2632.0,1333.0,1284.0,1217.0,1336.0,1336.0,899.0,385.0,932.0,401.0
0.0,2516.0,1300.0,1287.0,1336.0,1309.0,1309.0,901.0,386.0,912.0,388.0
0.0,2552.0,1395.0,1290.0,1309.0,1404.0,1404.0,903.0,387.0,976.0,419.0
0.0,2466.0,1316.0,1291.0,1404.0,1319.0,1319.0,904.0,387.0,920.0,396.0
0.0,2554.0,1281.0,1290.0,1319.0,1278.0,1278.0,903.0,387.0,899.0,382.0
0.0,2592.0,1272.0,1290.0,1278.0,1272.0,1272.0,903.0,387.0,889.0,383.0
0.0,2598.0,1302.0,1290.0,1272.0,1302.0,1302.0,903.0,387.0,911.0,391.0
0.0,2568.0,1363.0,1292.0,1302.0,1369.0,1369.0,904.0,388.0,954.0,409.0
0.0,2507.0,1400.0,1297.0,1369.0,1415.0,1415.0,908.0,389.0,981.0,419.0
0.0,2476.0,1398.0,1301.0,1415.0,1410.0,1410.0,911.0,390.0,978.0,420.0
0.0,2493.0,1309.0,1301.0,1410.0,1309.0,1309.0,911.0,390.0,915.0,394.0
0.0,2594.0,1234.0,1299.0,1309.0,1228.0,1228.0,909.0,390.0,864.0,370.0
0.0,2669.0,1241.0,1297.0,1228.0,1235.0,1235.0,908.0,389.0,870.0,371.0
0.0,2656.0,1274.0,1297.0,1235.0,1274.0,1274.0,908.0,389.0,892.0,382.0
0.0,2617.0,1293.0,1297.0,1274.0,1293.0,1293.0,908.0,389.0,905.0,388.0
0.0,2598.0,1395.0,1300.0,1293.0,1404.0,1404.0,910.0,390.0,977.0,418.0
0.0,2496.0,1338.0,1303.0,1404.0,1347.0,1347.0,912.0,391.0,935.0,403.0
0.0,2562.0,1274.0,1304.0,1347.0,1277.0,1277.0,913.0,391.0,893.0,381.0
0.0,2635.0,1301.0,1303.0,1277.0,1298.0,1298.0,912.0,391.0,910.0,391.0
0.0,2611.0,1244.0,1301.0,1298.0,1238.0,1238.0,911.0,390.0,870.0,374.0
0.0,2665.0,1243.0,1300.0,1238.0,1240.0,1240.0,910.0,390.0,871.0,372.0
0.0,2660.0,1317.0,1300.0,1240.0,1317.0,1317.0,910.0,390.0,923.0,394.0
0.0,2583.0,1366.0,1303.0,1317.0,1375.0,1375.0,912.0,391.0,956.0,410.0
0.0,2534.0,1429.0,1307.0,1375.0,1441.0,1441.0,915.0,392.0,1000.0,429.0
0.0,2480.0,1317.0,1307.0,1441.0,1317.0,1317.0,915.0,392.0,922.0,395.0
0.0,2604.0,1300.0,1306.0,1317.0,1297.0,1297.0,914.0,392.0,909.0,391.0
0.0,2621.0,1206.0,1303.0,1297.0,1197.0,1197.0,912.0,391.0,845.0,361.0
0.0,2712.0,1277.0,1303.0,1197.0,1277.0,1277.0,912.0,391.0,894.0,383.0
0.0,2632.0,1360.0,1304.0,1277.0,1363.0,1363.0,913.0,391.0,950.0,410.0
0.0,2549.0,1319.0,1307.0,1363.0,1328.0,1328.0,915.0,392.0,925.0,394.0
0.0,2593.0,1402.0,1310.0,1328.0,1411.0,1411.0,917.0,393.0,981.0,421.0
0.0,2519.0,1374.0,1311.0,1411.0,1377.0,1377.0,918.0,393.0,961.0,413.0
0.0,2556.0,1251.0,1309.0,1377.0,1245.0,1245.0,916.0,393.0,877.0,374.0
0.0,2682.0,1248.0,1308.0,1245.0,1245.0,1245.0,916.0,392.0,873.0,375.0
0.0,2679.0,1267.0,1307.0,1245.0,1264.0,1264.0,915.0,392.0,887.0,380.0
0.0,2657.0,1338.0,1309.0,1264.0,1344.0,1344.0,916.0,393.0,937.0,401.0
0.0,2583.0,1342.0,1310.0,1344.0,1345.0,1345.0,917.0,393.0,938.0,404.0
0.0,2585.0,1451.0,1314.0,1345.0,1463.0,1463.0,920.0,394.0,1015.0,436.0
0.0,2479.0,1382.0,1316.0,1463.0,1388.0,1388.0,921.0,395.0,969.0,413.0
0.0,2560.0,1274.0,1314.0,1388.0,1268.0,1268.0,920.0,394.0,890.0,384.0
0.0,2674.0,1239.0,1311.0,1268.0,1230.0,1230.0,918.0,393.0,868.0,371.0
0.0,2703.0,1270.0,1310.0,1230.0,1267.0,1267.0,917.0,393.0,891.0,379.0
0.0,2663.0,1302.0,1310.0,1267.0,1302.0,1302.0,917.0,393.0,909.0,393.0
0.0,2628.0,1431.0,1316.0,1302.0,1449.0,1449.0,921.0,395.0,1002.0,429.0
0.0,2499.0,1410.0,1318.0,1449.0,1416.0,1416.0,923.0,395.0,987.0,423.0
0.0,2538.0,1330.0,1317.0,1416.0,1327.0,1327.0,922.0,395.0,931.0,399.0
0.0,2624.0,1264.0,1317.0,1327.0,1264.0,1264.0,922.0,395.0,886.0,378.0
0.0,2687.0,1231.0,1314.0,1264.0,1222.0,1222.0,920.0,394.0,860.0,371.0
0.0,2720.0,1279.0,1313.0,1222.0,1276.0,1276.0,919.0,394.0,897.0,382.0
0.0,2663.0,1410.0,1314.0,1276.0,1413.0,1413.0,920.0,394.0,986.0,424.0
0.0,2529.0,1394.0,1317.0,1413.0,1403.0,1403.0,922.0,395.0,975.0,419.0
0.0,2548.0,1388.0,1320.0,1403.0,1397.0,1397.0,924.0,396.0,971.0,417.0
0.0,2563.0,1344.0,1321.0,1397.0,1347.0,1347.0,925.0,396.0,941.0,403.0
0.0,2616.0,1310.0,1321.0,1347.0,1310.0,1310.0,925.0,396.0,917.0,393.0
0.0,2653.0,1284.0,1319.0,1310.0,1278.0,1278.0,923.0,396.0,900.0,384.0
0.0,2679.0,1273.0,1318.0,1278.0,1270.0,1270.0,923.0,395.0,891.0,382.0
0.0,2684.0,1289.0,1319.0,1270.0,1292.0,1292.0,923.0,396.0,902.0,387.0
0.0,2665.0,1387.0,1320.0,1292.0,1390.0,1390.0,924.0,396.0,970.0,417.0
0.0,2570.0,1423.0,1323.0,1390.0,1432.0,1432.0,926.0,397.0,998.0,425.0
0.0,2537.0,1354.0,1323.0,1432.0,1354.0,1354.0,926.0,397.0,948.0,406.0
0.0,2615.0,1313.0,1321.0,1354.0,1307.0,1307.0,925.0,396.0,918.0,395.0
0.0,2656.0,1175.0,1317.0,1307.0,1163.0,1163.0,922.0,395.0,822.0,353.0
0.0,2788.0,1240.0,1316.0,1163.0,1237.0,1237.0,921.0,395.0,869.0,371.0
0.0,2711.0,1333.0,1317.0,1237.0,1336.0,1336.0,922.0,395.0,932.0,401.0
0.0,2615.0,1420.0,1320.0,1336.0,1429.0,1429.0,924.0,396.0,994.0,426.0
0.0,2531.0,1482.0,1324.0,1429.0,1494.0,1494.0,927.0,397.0,1038.0,444.0
0.0,2478.0,1390.0,1327.0,1494.0,1399.0,1399.0,929.0,398.0,974.0,416.0
0.0,2582.0,1364.0,1326.0,1399.0,1361.0,1361.0,928.0,398.0,955.0,409.0
0.0,2617.0,1315.0,1326.0,1361.0,1315.0,1315.0,928.0,398.0,920.0,395.0
0.0,2663.0,1334.0,1327.0,1315.0,1337.0,1337.0,929.0,398.0,933.0,401.0
0.0,2644.0,1412.0,1329.0,1337.0,1418.0,1418.0,930.0,399.0,989.0,423.0
0.0,2569.0,1386.0,1331.0,1418.0,1392.0,1392.0,932.0,399.0,970.0,416.0
0.0,2601.0,1435.0,1336.0,1392.0,1450.0,1450.0,935.0,401.0,1004.0,431.0
0.0,2558.0,1356.0,1336.0,1450.0,1356.0,1356.0,935.0,401.0,950.0,406.0
0.0,2652.0,1370.0,1336.0,1356.0,1370.0,1370.0,935.0,401.0,959.0,411.0
0.0,2638.0,1262.0,1333.0,1370.0,1253.0,1253.0,933.0,400.0,884.0,378.0
0.0,2746.0,1347.0,1333.0,1253.0,1347.0,1347.0,933.0,400.0,941.0,406.0
0.0,2652.0,1315.0,1334.0,1347.0,1318.0,1318.0,934.0,400.0,920.0,395.0
0.0,2684.0,1434.0,1338.0,1318.0,1446.0,1446.0,937.0,401.0,1004.0,430.0
0.0,2568.0,1460.0,1342.0,1446.0,1472.0,1472.0,939.0,403.0,1023.0,437.0
0.0,2554.0,1366.0,1342.0,1472.0,1366.0,1366.0,939.0,403.0,956.0,410.0
0.0,2660.0,1403.0,1343.0,1366.0,1406.0,1406.0,940.0,403.0,983.0,420.0
0.0,2623.0,1188.0,1339.0,1406.0,1176.0,1176.0,937.0,402.0,831.0,357.0
0.0,2841.0,1257.0,1337.0,1176.0,1251.0,1251.0,936.0,401.0,879.0,378.0
0.0,2760.0,1344.0,1339.0,1251.0,1350.0,1350.0,937.0,402.0,942.0,402.0
0.0,2667.0,1422.0,1342.0,1350.0,1431.0,1431.0,939.0,403.0,995.0,427.0
0.0,2595.0,1411.0,1345.0,1431.0,1420.0,1420.0,941.0,404.0,987.0,424.0
0.0,2615.0,1392.0,1346.0,1420.0,1395.0,1395.0,942.0,404.0,975.0,417.0
0.0,2643.0,1317.0,1346.0,1395.0,1317.0,1317.0,942.0,404.0,921.0,396.0
0.0,2721.0,1262.0,1342.0,1317.0,1250.0,1250.0,939.0,403.0,884.0,378.0
0.0,2776.0,1336.0,1341.0,1250.0,1333.0,1333.0,939.0,402.0,935.0,401.0
0.0,2690.0,1328.0,1342.0,1333.0,1331.0,1331.0,939.0,403.0,930.0,398.0
0.0,2695.0,1435.0,1346.0,1331.0,1447.0,1447.0,942.0,404.0,1005.0,430.0
0.0,2591.0,1476.0,1350.0,1447.0,1488.0,1488.0,945.0,405.0,1033.0,443.0
0.0,2562.0,1354.0,1350.0,1488.0,1354.0,1354.0,945.0,405.0,947.0,407.0
0.0,2696.0,1274.0,1347.0,1354.0,1265.0,1265.0,943.0,404.0,892.0,382.0
0.0,2776.0,1268.0,1344.0,1265.0,1259.0,1259.0,941.0,403.0,888.0,380.0
0.0,2773.0,1247.0,1343.0,1259.0,1244.0,1244.0,940.0,403.0,872.0,375.0
0.0,2785.0,1327.0,1344.0,1244.0,1330.0,1330.0,941.0,403.0,930.0,397.0
0.0,2702.0,1451.0,1349.0,1330.0,1466.0,1466.0,944.0,405.0,1016.0,435.0
0.0,2581.0,1412.0,1351.0,1466.0,1418.0,1418.0,946.0,405.0,987.0,425.0
0.0,2635.0,1372.0,1350.0,1418.0,1369.0,1369.0,945.0,405.0,960.0,412.0
0.0,2681.0,1273.0,1348.0,1369.0,1267.0,1267.0,944.0,404.0,892.0,381.0
0.0,2777.0,1304.0,1347.0,1267.0,1301.0,1301.0,943.0,404.0,912.0,392.0
0.0,2740.0,1347.0,1347.0,1301.0,1347.0,1347.0,943.0,404.0,943.0,404.0
0.0,2694.0,1420.0,1349.0,1347.0,1426.0,1426.0,944.0,405.0,995.0,425.0
0.0,2621.0,1521.0,1353.0,1426.0,1533.0,1533.0,947.0,406.0,1065.0,456.0
0.0,2526.0,1438.0,1357.0,1533.0,1450.0,1450.0,950.0,407.0,1006.0,432.0
0.0,2621.0,1384.0,1359.0,1450.0,1390.0,1390.0,951.0,408.0,968.0,416.0
0.0,2687.0,1362.0,1358.0,1390.0,1359.0,1359.0,951.0,407.0,953.0,409.0
0.0,2715.0,1284.0,1356.0,1359.0,1278.0,1278.0,949.0,407.0,899.0,385.0
0.0,2790.0,1296.0,1354.0,1278.0,1290.0,1290.0,948.0,406.0,907.0,389.0
0.0,2772.0,1353.0,1354.0,1290.0,1353.0,1353.0,948.0,406.0,947.0,406.0
0.0,2709.0,1329.0,1357.0,1353.0,1338.0,1338.0,950.0,407.0,930.0,399.0
0.0,2733.0,1429.0,1361.0,1338.0,1441.0,1441.0,953.0,408.0,1000.0,429.0
0.0,2642.0,1380.0,1363.0,1441.0,1386.0,1386.0,954.0,409.0,967.0,413.0
0.0,2703.0,1348.0,1361.0,1386.0,1342.0,1342.0,953.0,408.0,943.0,405.0
0.0,2741.0,1265.0,1357.0,1342.0,1253.0,1253.0,950.0,407.0,885.0,380.0
0.0,2818.0,1389.0,1357.0,1253.0,1389.0,1389.0,950.0,407.0,972.0,417.0
0.0,2682.0,1417.0,1357.0,1389.0,1417.0,1417.0,950.0,407.0,993.0,424.0
0.0,2654.0,1391.0,1359.0,1417.0,1397.0,1397.0,951.0,408.0,975.0,416.0
0.0,2680.0,1393.0,1360.0,1397.0,1396.0,1396.0,952.0,408.0,974.0,419.0
0.0,2684.0,1363.0,1360.0,1396.0,1363.0,1363.0,952.0,408.0,955.0,408.0
0.0,2717.0,1306.0,1358.0,1363.0,1300.0,1300.0,951.0,407.0,913.0,393.0
0.0,2774.0,1291.0,1356.0,1300.0,1285.0,1285.0,949.0,407.0,905.0,386.0
0.0,2783.0,1304.0,1354.0,1285.0,1298.0,1298.0,948.0,406.0,912.0,392.0
0.0,2764.0,1339.0,1353.0,1298.0,1336.0,1336.0,947.0,406.0,937.0,402.0
0.0,2723.0,1438.0,1357.0,1336.0,1450.0,1450.0,950.0,407.0,1006.0,432.0
0.0,2621.0,1389.0,1357.0,1450.0,1389.0,1389.0,950.0,407.0,972.0,417.0
0.0,2682.0,1385.0,1359.0,1389.0,1391.0,1391.0,951.0,408.0,970.0,415.0
0.0,2686.0,1362.0,1357.0,1391.0,1356.0,1356.0,950.0,407.0,953.0,409.0
0.0,2715.0,1310.0,1354.0,1356.0,1301.0,1301.0,948.0,406.0,917.0,393.0
0.0,2761.0,1333.0,1354.0,1301.0,1333.0,1333.0,948.0,406.0,932.0,401.0
0.0,2729.0,1413.0,1354.0,1333.0,1413.0,1413.0,948.0,406.0,990.0,423.0
0.0,2649.0,1462.0,1360.0,1413.0,1480.0,1480.0,952.0,408.0,1022.0,440.0
0.0,2600.0,1451.0,1363.0,1480.0,1460.0,1460.0,954.0,409.0,1015.0,436.0
0.0,2629.0,1329.0,1363.0,1460.0,1329.0,1329.0,954.0,409.0,930.0,399.0
0.0,2760.0,1329.0,1361.0,1329.0,1323.0,1323.0,953.0,408.0,931.0,398.0
0.0,2760.0,1314.0,1360.0,1323.0,1311.0,1311.0,952.0,408.0,919.0,395.0
0.0,2769.0,1215.0,1356.0,1311.0,1203.0,1203.0,949.0,407.0,851.0,364.0
0.0,2865.0,1344.0,1357.0,1203.0,1347.0,1347.0,950.0,407.0,941.0,403.0
0.0,2724.0,1449.0,1360.0,1347.0,1458.0,1458.0,952.0,408.0,1014.0,435.0
0.0,2622.0,1440.0,1362.0,1458.0,1446.0,1446.0,953.0,409.0,1010.0,430.0
0.0,2640.0,1396.0,1363.0,1446.0,1399.0,1399.0,954.0,409.0,975.0,421.0
0.0,2690.0,1348.0,1362.0,1399.0,1345.0,1345.0,953.0,409.0,946.0,402.0
0.0,2741.0,1354.0,1360.0,1345.0,1348.0,1348.0,952.0,408.0,946.0,408.0
0.0,2732.0,1305.0,1359.0,1348.0,1302.0,1302.0,951.0,408.0,916.0,389.0
0.0,2775.0,1400.0,1361.0,1302.0,1406.0,1406.0,953.0,408.0,979.0,421.0
0.0,2677.0,1571.0,1367.0,1406.0,1589.0,1589.0,957.0,410.0,1099.0,472.0
0.0,2512.0,1491.0,1371.0,1589.0,1503.0,1503.0,960.0,411.0,1044.0,447.0
0.0,2610.0,1436.0,1373.0,1503.0,1442.0,1442.0,961.0,412.0,1004.0,432.0
0.0,2677.0,1382.0,1372.0,1442.0,1379.0,1379.0,960.0,412.0,969.0,413.0
0.0,2737.0,1301.0,1370.0,1379.0,1295.0,1295.0,959.0,411.0,909.0,392.0
0.0,2815.0,1384.0,1370.0,1295.0,1384.0,1384.0,959.0,411.0,969.0,415.0
0.0,2726.0,1423.0,1373.0,1384.0,1432.0,1432.0,961.0,412.0,996.0,427.0
0.0,2687.0,1425.0,1376.0,1432.0,1434.0,1434.0,963.0,413.0,999.0,426.0
0.0,2694.0,1497.0,1379.0,1434.0,1506.0,1506.0,965.0,414.0,1048.0,449.0
0.0,2631.0,1414.0,1379.0,1506.0,1414.0,1414.0,965.0,414.0,990.0,424.0
0.0,2723.0,1374.0,1376.0,1414.0,1365.0,1365.0,963.0,413.0,962.0,412.0
0.0,2763.0,1339.0,1373.0,1365.0,1330.0,1330.0,961.0,412.0,936.0,403.0
0.0,2789.0,1383.0,1373.0,1330.0,1383.0,1383.0,961.0,412.0,968.0,415.0
0.0,2736.0,1424.0,1374.0,1383.0,1427.0,1427.0,962.0,412.0,998.0,426.0
0.0,2695.0,1426.0,1377.0,1427.0,1435.0,1435.0,964.0,413.0,997.0,429.0
0.0,2696.0,1420.0,1380.0,1435.0,1429.0,1429.0,966.0,414.0,994.0,426.0
0.0,2711.0,1446.0,1382.0,1429.0,1452.0,1452.0,967.0,415.0,1013.0,433.0
0.0,2694.0,1421.0,1383.0,1452.0,1424.0,1424.0,968.0,415.0,993.0,428.0
0.0,2725.0,1381.0,1383.0,1424.0,1381.0,1381.0,968.0,415.0,969.0,412.0
0.0,2768.0,1383.0,1383.0,1381.0,1383.0,1383.0,968.0,415.0,968.0,415.0
0.0,2766.0,1506.0,1386.0,1383.0,1515.0,1515.0,970.0,416.0,1054.0,452.0
0.0,2643.0,1456.0,1389.0,1515.0,1465.0,1465.0,972.0,417.0,1019.0,437.0
0.0,2702.0,1479.0,1391.0,1465.0,1485.0,1485.0,974.0,417.0,1034.0,445.0
0.0,2688.0,1430.0,1391.0,1485.0,1430.0,1430.0,974.0,417.0,1001.0,429.0
0.0,2743.0,1395.0,1391.0,1430.0,1395.0,1395.0,974.0,417.0,977.0,418.0
0.0,2778.0,1322.0,1390.0,1395.0,1319.0,1319.0,973.0,417.0,924.0,398.0
0.0,2851.0,1356.0,1390.0,1319.0,1356.0,1356.0,973.0,417.0,951.0,405.0
0.0,2814.0,1411.0,1392.0,1356.0,1417.0,1417.0,974.0,418.0,986.0,425.0
0.0,2759.0,1476.0,1396.0,1417.0,1488.0,1488.0,977.0,419.0,1033.0,443.0
0.0,2700.0,1473.0,1399.0,1488.0,1482.0,1482.0,979.0,420.0,1031.0,442.0
0.0,2715.0,1469.0,1401.0,1482.0,1475.0,1475.0,981.0,420.0,1028.0,441.0
0.0,2728.0,1375.0,1400.0,1475.0,1372.0,1372.0,980.0,420.0,964.0,411.0
0.0,2828.0,1294.0,1398.0,1372.0,1288.0,1288.0,979.0,419.0,905.0,389.0
0.0,2906.0,1374.0,1397.0,1288.0,1371.0,1371.0,978.0,419.0,962.0,412.0
0.0,2820.0,1460.0,1400.0,1371.0,1469.0,1469.0,980.0,420.0,1023.0,437.0
0.0,2731.0,1429.0,1402.0,1469.0,1435.0,1435.0,981.0,421.0,1000.0,429.0
0.0,2771.0,1529.0,1406.0,1435.0,1541.0,1541.0,984.0,422.0,1070.0,459.0
0.0,2677.0,1549.0,1409.0,1541.0,1558.0,1558.0,986.0,423.0,1084.0,465.0
0.0,2669.0,1380.0,1407.0,1558.0,1374.0,1374.0,985.0,422.0,967.0,413.0
0.0,2847.0,1341.0,1404.0,1374.0,1332.0,1332.0,983.0,421.0,938.0,403.0
0.0,2880.0,1340.0,1405.0,1332.0,1343.0,1343.0,984.0,421.0,938.0,402.0
0.0,2872.0,1376.0,1406.0,1343.0,1379.0,1379.0,984.0,422.0,963.0,413.0
0.0,2839.0,1501.0,1410.0,1379.0,1513.0,1513.0,987.0,423.0,1051.0,450.0
0.0,2717.0,1480.0,1414.0,1513.0,1492.0,1492.0,990.0,424.0,1037.0,443.0
0.0,2750.0,1434.0,1416.0,1492.0,1440.0,1440.0,991.0,425.0,1003.0,431.0
0.0,2808.0,1377.0,1414.0,1440.0,1371.0,1371.0,990.0,424.0,963.0,414.0
0.0,2871.0,1356.0,1413.0,1371.0,1353.0,1353.0,989.0,424.0,950.0,406.0
0.0,2886.0,1373.0,1413.0,1353.0,1373.0,1373.0,989.0,424.0,961.0,412.0
0.0,2866.0,1480.0,1416.0,1373.0,1489.0,1489.0,991.0,425.0,1036.0,444.0
0.0,2759.0,1522.0,1419.0,1489.0,1531.0,1531.0,993.0,426.0,1065.0,457.0
0.0,2726.0,1537.0,1423.0,1531.0,1549.0,1549.0,996.0,427.0,1076.0,461.0
0.0,2720.0,1424.0,1423.0,1549.0,1424.0,1424.0,996.0,427.0,997.0,427.0
0.0,2845.0,1361.0,1420.0,1424.0,1352.0,1352.0,994.0,426.0,953.0,408.0
0.0,2908.0,1334.0,1417.0,1352.0,1325.0,1325.0,992.0,425.0,934.0,400.0
0.0,2926.0,1387.0,1416.0,1325.0,1384.0,1384.0,991.0,425.0,970.0,417.0
0.0,2864.0,1424.0,1416.0,1384.0,1424.0,1424.0,991.0,425.0,998.0,426.0
0.0,2824.0,1475.0,1420.0,1424.0,1487.0,1487.0,994.0,426.0,1032.0,443.0
0.0,2773.0,1483.0,1421.0,1487.0,1486.0,1486.0,995.0,426.0,1037.0,446.0
0.0,2777.0,1474.0,1423.0,1486.0,1480.0,1480.0,996.0,427.0,1033.0,441.0
0.0,2789.0,1422.0,1423.0,1480.0,1422.0,1422.0,996.0,427.0,995.0,427.0
0.0,2847.0,1338.0,1420.0,1422.0,1329.0,1329.0,994.0,426.0,937.0,401.0
0.0,2931.0,1370.0,1419.0,1329.0,1367.0,1367.0,993.0,426.0,958.0,412.0
0.0,2890.0,1416.0,1420.0,1367.0,1419.0,1419.0,994.0,426.0,992.0,424.0
0.0,2841.0,1469.0,1422.0,1419.0,1475.0,1475.0,995.0,427.0,1027.0,442.0
0.0,2791.0,1529.0,1424.0,1475.0,1535.0,1535.0,997.0,427.0,1070.0,459.0
0.0,2737.0,1407.0,1424.0,1535.0,1407.0,1407.0,997.0,427.0,985.0,422.0
0.0,2865.0,1354.0,1423.0,1407.0,1351.0,1351.0,996.0,427.0,949.0,405.0
0.0,2918.0,1383.0,1423.0,1351.0,1383.0,1383.0,996.0,427.0,968.0,415.0
0.0,2886.0,1318.0,1420.0,1383.0,1309.0,1309.0,994.0,426.0,923.0,395.0
0.0,2951.0,1411.0,1420.0,1309.0,1411.0,1411.0,994.0,426.0,988.0,423.0
0.0,2849.0,1486.0,1422.0,1411.0,1492.0,1492.0,995.0,427.0,1040.0,446.0
0.0,2774.0,1457.0,1423.0,1492.0,1460.0,1460.0,996.0,427.0,1021.0,436.0
0.0,2809.0,1420.0,1421.0,1460.0,1414.0,1414.0,995.0,426.0,993.0,427.0
0.0,2849.0,1407.0,1420.0,1414.0,1404.0,1404.0,994.0,426.0,984.0,423.0
0.0,2856.0,1416.0,1420.0,1404.0,1416.0,1416.0,994.0,426.0,992.0,424.0
0.0,2844.0,1358.0,1418.0,1416.0,1352.0,1352.0,993.0,425.0,950.0,408.0
0.0,2902.0,1416.0,1419.0,1352.0,1419.0,1419.0,993.0,426.0,992.0,424.0
0.0,2838.0,1532.0,1423.0,1419.0,1544.0,1544.0,996.0,427.0,1072.0,460.0
0.0,2725.0,1491.0,1425.0,1544.0,1497.0,1497.0,997.0,428.0,1043.0,448.0
0.0,2778.0,1504.0,1427.0,1497.0,1510.0,1510.0,999.0,428.0,1054.0,450.0
0.0,2771.0,1414.0,1426.0,1510.0,1411.0,1411.0,998.0,428.0,990.0,424.0
0.0,2867.0,1338.0,1423.0,1411.0,1329.0,1329.0,996.0,427.0,937.0,401.0
0.0,2940.0,1429.0,1423.0,1329.0,1429.0,1429.0,996.0,427.0,1000.0,429.0
0.0,2840.0,1525.0,1426.0,1429.0,1534.0,1534.0,998.0,428.0,1066.0,459.0
0.0,2744.0,1459.0,1428.0,1534.0,1465.0,1465.0,1000.0,428.0,1022.0,437.0
0.0,2819.0,1453.0,1430.0,1465.0,1459.0,1459.0,1001.0,429.0,1018.0,435.0
0.0,2831.0,1466.0,1430.0,1459.0,1466.0,1466.0,1001.0,429.0,1026.0,440.0
0.0,2824.0,1436.0,1430.0,1466.0,1436.0,1436.0,1001.0,429.0,1003.0,433.0
0.0,2854.0,1367.0,1427.0,1436.0,1358.0,1358.0,999.0,428.0,957.0,410.0
0.0,2923.0,1373.0,1423.0,1358.0,1361.0,1361.0,996.0,427.0,961.0,412.0
0.0,2908.0,1436.0,1424.0,1361.0,1439.0,1439.0,997.0,427.0,1005.0,431.0
0.0,2833.0,1555.0,1429.0,1439.0,1570.0,1570.0,1000.0,429.0,1089.0,466.0
0.0,2717.0,1519.0,1432.0,1570.0,1528.0,1528.0,1002.0,430.0,1063.0,456.0
0.0,2768.0,1513.0,1434.0,1528.0,1519.0,1519.0,1004.0,430.0,1059.0,454.0
0.0,2783.0,1417.0,1433.0,1519.0,1414.0,1414.0,1003.0,430.0,991.0,426.0
0.0,2885.0,1375.0,1431.0,1414.0,1369.0,1369.0,1002.0,429.0,964.0,411.0
0.0,2924.0,1384.0,1430.0,1369.0,1381.0,1381.0,1001.0,429.0,968.0,416.0
0.0,2909.0,1478.0,1432.0,1381.0,1484.0,1484.0,1002.0,430.0,1036.0,442.0
0.0,2812.0,1493.0,1434.0,1484.0,1499.0,1499.0,1004.0,430.0,1044.0,449.0
0.0,2803.0,1499.0,1437.0,1499.0,1508.0,1508.0,1006.0,431.0,1049.0,450.0
0.0,2803.0,1539.0,1439.0,1508.0,1545.0,1545.0,1007.0,432.0,1078.0,461.0
0.0,2772.0,1450.0,1437.0,1545.0,1444.0,1444.0,1006.0,431.0,1014.0,436.0
0.0,2867.0,1413.0,1434.0,1444.0,1404.0,1404.0,1004.0,430.0,990.0,423.0
0.0,2898.0,1401.0,1434.0,1404.0,1401.0,1401.0,1004.0,430.0,980.0,421.0
0.0,2901.0,1442.0,1436.0,1401.0,1448.0,1448.0,1005.0,431.0,1010.0,432.0
0.0,2860.0,1516.0,1439.0,1448.0,1525.0,1525.0,1007.0,432.0,1061.0,455.0
0.0,2792.0,1545.0,1443.0,1525.0,1557.0,1557.0,1010.0,433.0,1081.0,464.0
0.0,2772.0,1491.0,1443.0,1557.0,1491.0,1491.0,1010.0,433.0,1042.0,449.0
0.0,2838.0,1412.0,1443.0,1491.0,1412.0,1412.0,1010.0,433.0,990.0,422.0
0.0,2917.0,1364.0,1440.0,1412.0,1355.0,1355.0,1008.0,432.0,953.0,411.0
0.0,2965.0,1320.0,1437.0,1355.0,1311.0,1311.0,1006.0,431.0,924.0,396.0
0.0,3000.0,1466.0,1437.0,1311.0,1466.0,1466.0,1006.0,431.0,1027.0,439.0
0.0,2845.0,1533.0,1442.0,1466.0,1548.0,1548.0,1009.0,433.0,1073.0,460.0
0.0,2778.0,1552.0,1446.0,1548.0,1564.0,1564.0,1012.0,434.0,1086.0,466.0
0.0,2774.0,1516.0,1447.0,1564.0,1519.0,1519.0,1013.0,434.0,1061.0,455.0
0.0,2822.0,1434.0,1446.0,1519.0,1431.0,1431.0,1012.0,434.0,1003.0,431.0
0.0,2907.0,1431.0,1444.0,1431.0,1425.0,1425.0,1011.0,433.0,1003.0,428.0
0.0,2907.0,1384.0,1444.0,1425.0,1384.0,1384.0,1011.0,433.0,969.0,415.0
0.0,2948.0,1519.0,1447.0,1384.0,1528.0,1528.0,1013.0,434.0,1063.0,456.0
0.0,2813.0,1480.0,1449.0,1528.0,1486.0,1486.0,1014.0,435.0,1037.0,443.0
0.0,2861.0,1529.0,1453.0,1486.0,1541.0,1541.0,1017.0,436.0,1071.0,458.0
0.0,2818.0,1498.0,1455.0,1541.0,1504.0,1504.0,1018.0,437.0,1047.0,451.0
0.0,2861.0,1466.0,1454.0,1504.0,1463.0,1463.0,1018.0,436.0,1026.0,440.0
0.0,2899.0,1335.0,1452.0,1463.0,1329.0,1329.0,1016.0,436.0,935.0,400.0
0.0,3027.0,1432.0,1453.0,1329.0,1435.0,1435.0,1017.0,436.0,1002.0,430.0
0.0,2924.0,1485.0,1454.0,1435.0,1488.0,1488.0,1018.0,436.0,1038.0,447.0
0.0,2874.0,1552.0,1456.0,1488.0,1558.0,1558.0,1019.0,437.0,1088.0,464.0
0.0,2810.0,1574.0,1460.0,1558.0,1586.0,1586.0,1022.0,438.0,1100.0,474.0
0.0,2794.0,1469.0,1462.0,1586.0,1475.0,1475.0,1023.0,439.0,1028.0,441.0
0.0,2911.0,1469.0,1460.0,1475.0,1463.0,1463.0,1022.0,438.0,1028.0,441.0
0.0,2917.0,1384.0,1459.0,1463.0,1381.0,1381.0,1021.0,438.0,969.0,415.0
0.0,2996.0,1397.0,1456.0,1381.0,1388.0,1388.0,1019.0,437.0,979.0,418.0
0.0,2980.0,1536.0,1459.0,1388.0,1545.0,1545.0,1021.0,438.0,1075.0,461.0
0.0,2832.0,1570.0,1463.0,1545.0,1582.0,1582.0,1024.0,439.0,1099.0,471.0
0.0,2807.0,1562.0,1466.0,1582.0,1571.0,1571.0,1026.0,440.0,1093.0,469.0
0.0,2827.0,1514.0,1466.0,1571.0,1514.0,1514.0,1026.0,440.0,1060.0,454.0
0.0,2884.0,1456.0,1466.0,1514.0,1456.0,1456.0,1026.0,440.0,1019.0,437.0
0.0,2942.0,1418.0,1465.0,1456.0,1415.0,1415.0,1025.0,440.0,993.0,425.0
0.0,2980.0,1406.0,1463.0,1415.0,1400.0,1400.0,1024.0,439.0,983.0,423.0
0.0,2989.0,1516.0,1466.0,1400.0,1525.0,1525.0,1026.0,440.0,1062.0,454.0
0.0,2873.0,1533.0,1469.0,1525.0,1542.0,1542.0,1028.0,441.0,1073.0,460.0
0.0,2865.0,1599.0,1473.0,1542.0,1611.0,1611.0,1031.0,442.0,1120.0,479.0
0.0,2808.0,1549.0,1475.0,1611.0,1555.0,1555.0,1032.0,443.0,1083.0,466.0
0.0,2870.0,1470.0,1473.0,1555.0,1464.0,1464.0,1031.0,442.0,1030.0,440.0
0.0,2955.0,1407.0,1471.0,1464.0,1401.0,1401.0,1030.0,441.0,984.0,423.0
0.0,3012.0,1366.0,1469.0,1401.0,1360.0,1360.0,1028.0,441.0,956.0,410.0
0.0,3047.0,1513.0,1470.0,1360.0,1516.0,1516.0,1029.0,441.0,1061.0,452.0
0.0,2894.0,1526.0,1473.0,1516.0,1535.0,1535.0,1031.0,442.0,1067.0,459.0
0.0,2884.0,1586.0,1477.0,1535.0,1598.0,1598.0,1034.0,443.0,1111.0,475.0
0.0,2833.0,1547.0,1479.0,1598.0,1553.0,1553.0,1035.0,444.0,1082.0,465.0
0.0,2884.0,1486.0,1478.0,1553.0,1483.0,1483.0,1035.0,443.0,1040.0,446.0
0.0,2951.0,1423.0,1477.0,1483.0,1420.0,1420.0,1034.0,443.0,997.0,426.0
0.0,3011.0,1490.0,1476.0,1420.0,1487.0,1487.0,1033.0,443.0,1042.0,448.0
0.0,2941.0,1502.0,1477.0,1487.0,1505.0,1505.0,1034.0,443.0,1052.0,450.0
0.0,2926.0,1574.0,1480.0,1505.0,1583.0,1583.0,1036.0,444.0,1101.0,473.0
0.0,2857.0,1516.0,1482.0,1583.0,1522.0,1522.0,1037.0,445.0,1060.0,456.0
0.0,2924.0,1490.0,1483.0,1522.0,1493.0,1493.0,1038.0,445.0,1044.0,446.0
0.0,2956.0,1500.0,1483.0,1493.0,1500.0,1500.0,1038.0,445.0,1050.0,450.0
0.0,2949.0,1390.0,1480.0,1500.0,1381.0,1381.0,1036.0,444.0,973.0,417.0
0.0,3059.0,1423.0,1479.0,1381.0,1420.0,1420.0,1035.0,444.0,995.0,428.0
0.0,3017.0,1463.0,1479.0,1420.0,1463.0,1463.0,1035.0,444.0,1025.0,438.0
0.0,2974.0,1541.0,1483.0,1463.0,1553.0,1553.0,1038.0,445.0,1078.0,463.0
0.0,2896.0,1572.0,1487.0,1553.0,1584.0,1584.0,1041.0,446.0,1101.0,471.0
0.0,2877.0,1578.0,1490.0,1584.0,1587.0,1587.0,1043.0,447.0,1104.0,474.0
0.0,2883.0,1479.0,1489.0,1587.0,1476.0,1476.0,1042.0,447.0,1034.0,445.0
0.0,2991.0,1401.0,1486.0,1476.0,1392.0,1392.0,1040.0,446.0,981.0,420.0
0.0,3066.0,1504.0,1486.0,1392.0,1504.0,1504.0,1040.0,446.0,1053.0,451.0
0.0,2954.0,1528.0,1487.0,1504.0,1531.0,1531.0,1041.0,446.0,1068.0,460.0
0.0,2930.0,1586.0,1490.0,1531.0,1595.0,1595.0,1043.0,447.0,1112.0,474.0
0.0,2875.0,1622.0,1495.0,1595.0,1637.0,1637.0,1046.0,449.0,1134.0,488.0
0.0,2848.0,1519.0,1495.0,1637.0,1519.0,1519.0,1046.0,449.0,1063.0,456.0
0.0,2966.0,1474.0,1495.0,1519.0,1474.0,1474.0,1046.0,449.0,1032.0,442.0
0.0,3011.0,1508.0,1494.0,1474.0,1505.0,1505.0,1046.0,448.0,1056.0,452.0
0.0,2977.0,1496.0,1494.0,1505.0,1496.0,1496.0,1046.0,448.0,1047.0,449.0
0.0,2986.0,1567.0,1496.0,1496.0,1573.0,1573.0,1047.0,449.0,1099.0,468.0
0.0,2915.0,1522.0,1500.0,1573.0,1534.0,1534.0,1050.0,450.0,1065.0,457.0
0.0,2966.0,1543.0,1502.0,1534.0,1549.0,1549.0,1051.0,451.0,1079.0,464.0
0.0,2957.0,1507.0,1503.0,1549.0,1510.0,1510.0,1052.0,451.0,1056.0,451.0
0.0,2999.0,1517.0,1502.0,1510.0,1514.0,1514.0,1051.0,451.0,1061.0,456.0
0.0,2992.0,1443.0,1499.0,1514.0,1434.0,1434.0,1049.0,450.0,1011.0,432.0
0.0,3063.0,1477.0,1500.0,1434.0,1480.0,1480.0,1050.0,450.0,1034.0,443.0
0.0,3020.0,1431.0,1499.0,1480.0,1428.0,1428.0,1049.0,450.0,1001.0,430.0
0.0,3069.0,1581.0,1503.0,1428.0,1593.0,1593.0,1052.0,451.0,1107.0,474.0
0.0,2916.0,1559.0,1506.0,1593.0,1568.0,1568.0,1054.0,452.0,1091.0,468.0
0.0,2950.0,1494.0,1504.0,1568.0,1488.0,1488.0,1053.0,451.0,1045.0,449.0
0.0,3024.0,1510.0,1503.0,1488.0,1507.0,1507.0,1052.0,451.0,1059.0,451.0
0.0,3002.0,1455.0,1501.0,1507.0,1449.0,1449.0,1051.0,450.0,1018.0,437.0
0.0,3054.0,1427.0,1500.0,1449.0,1424.0,1424.0,1050.0,450.0,999.0,428.0
0.0,3076.0,1478.0,1500.0,1424.0,1478.0,1478.0,1050.0,450.0,1033.0,445.0
0.0,3022.0,1628.0,1504.0,1478.0,1640.0,1640.0,1053.0,451.0,1139.0,489.0
0.0,2872.0,1612.0,1509.0,1640.0,1627.0,1627.0,1056.0,453.0,1129.0,483.0
0.0,2900.0,1550.0,1509.0,1627.0,1550.0,1550.0,1056.0,453.0,1085.0,465.0
0.0,2977.0,1461.0,1507.0,1550.0,1455.0,1455.0,1055.0,452.0,1023.0,438.0
0.0,3066.0,1401.0,1503.0,1455.0,1389.0,1389.0,1052.0,451.0,980.0,421.0
0.0,3120.0,1373.0,1500.0,1389.0,1364.0,1364.0,1050.0,450.0,961.0,412.0
0.0,3136.0,1514.0,1501.0,1364.0,1517.0,1517.0,1051.0,450.0,1061.0,453.0
0.0,2986.0,1559.0,1504.0,1517.0,1568.0,1568.0,1053.0,451.0,1090.0,469.0
0.0,2944.0,1559.0,1507.0,1568.0,1568.0,1568.0,1055.0,452.0,1092.0,467.0
0.0,2953.0,1533.0,1509.0,1568.0,1539.0,1539.0,1056.0,453.0,1073.0,460.0
0.0,2988.0,1474.0,1507.0,1539.0,1468.0,1468.0,1055.0,452.0,1032.0,442.0
0.0,3053.0,1480.0,1506.0,1468.0,1477.0,1477.0,1054.0,452.0,1036.0,444.0
0.0,3041.0,1470.0,1503.0,1477.0,1461.0,1461.0,1052.0,451.0,1028.0,442.0
0.0,3048.0,1497.0,1504.0,1461.0,1500.0,1500.0,1053.0,451.0,1049.0,448.0
0.0,3012.0,1625.0,1507.0,1500.0,1634.0,1634.0,1055.0,452.0,1137.0,488.0
0.0,2887.0,1633.0,1510.0,1634.0,1642.0,1642.0,1057.0,453.0,1143.0,490.0
0.0,2888.0,1524.0,1511.0,1642.0,1527.0,1527.0,1058.0,453.0,1067.0,457.0
0.0,3006.0,1480.0,1509.0,1527.0,1474.0,1474.0,1056.0,453.0,1037.0,443.0
0.0,3053.0,1434.0,1507.0,1474.0,1428.0,1428.0,1055.0,452.0,1003.0,431.0
0.0,3093.0,1467.0,1507.0,1428.0,1467.0,1467.0,1055.0,452.0,1027.0,440.0
0.0,3054.0,1567.0,1509.0,1467.0,1573.0,1573.0,1056.0,453.0,1098.0,469.0
0.0,2954.0,1559.0,1512.0,1573.0,1568.0,1568.0,1058.0,454.0,1091.0,468.0
0.0,2968.0,1563.0,1514.0,1568.0,1569.0,1569.0,1060.0,454.0,1094.0,469.0
0.0,2973.0,1594.0,1517.0,1569.0,1603.0,1603.0,1062.0,455.0,1117.0,477.0
0.0,2948.0,1495.0,1516.0,1603.0,1492.0,1492.0,1061.0,455.0,1046.0,449.0
0.0,3056.0,1483.0,1514.0,1492.0,1477.0,1477.0,1060.0,454.0,1037.0,446.0
0.0,3065.0,1490.0,1513.0,1477.0,1487.0,1487.0,1059.0,454.0,1044.0,446.0
0.0,3052.0,1528.0,1513.0,1487.0,1528.0,1528.0,1059.0,454.0,1067.0,461.0
0.0,3011.0,1583.0,1517.0,1528.0,1595.0,1595.0,1062.0,455.0,1109.0,474.0
0.0,2956.0,1670.0,1520.0,1595.0,1679.0,1679.0,1064.0,456.0,1171.0,499.0
0.0,2881.0,1566.0,1521.0,1679.0,1569.0,1569.0,1065.0,456.0,1094.0,472.0
0.0,2994.0,1547.0,1520.0,1569.0,1544.0,1544.0,1064.0,456.0,1083.0,464.0
0.0,3016.0,1507.0,1518.0,1544.0,1501.0,1501.0,1063.0,455.0,1056.0,451.0
0.0,3053.0,1493.0,1517.0,1501.0,1490.0,1490.0,1062.0,455.0,1044.0,449.0
0.0,3061.0,1527.0,1519.0,1490.0,1533.0,1533.0,1063.0,456.0,1070.0,457.0
0.0,3024.0,1622.0,1520.0,1533.0,1625.0,1625.0,1064.0,456.0,1134.0,488.0
0.0,2935.0,1668.0,1524.0,1625.0,1680.0,1680.0,1067.0,457.0,1168.0,500.0
0.0,2892.0,1590.0,1524.0,1680.0,1590.0,1590.0,1067.0,457.0,1113.0,477.0
0.0,2982.0,1531.0,1524.0,1590.0,1531.0,1531.0,1067.0,457.0,1072.0,459.0
0.0,3041.0,1466.0,1523.0,1531.0,1463.0,1463.0,1066.0,457.0,1025.0,441.0
0.0,3106.0,1480.0,1523.0,1463.0,1480.0,1480.0,1066.0,457.0,1038.0,442.0
0.0,3089.0,1511.0,1523.0,1480.0,1511.0,1511.0,1066.0,457.0,1058.0,453.0
0.0,3058.0,1618.0,1526.0,1511.0,1627.0,1627.0,1068.0,458.0,1132.0,486.0
0.0,2951.0,1688.0,1530.0,1627.0,1700.0,1700.0,1071.0,459.0,1182.0,506.0
0.0,2890.0,1595.0,1533.0,1700.0,1604.0,1604.0,1073.0,460.0,1116.0,479.0
0.0,2995.0,1443.0,1530.0,1604.0,1434.0,1434.0,1071.0,459.0,1008.0,435.0
0.0,3156.0,1451.0,1529.0,1434.0,1448.0,1448.0,1070.0,459.0,1017.0,434.0
0.0,3139.0,1513.0,1529.0,1448.0,1513.0,1513.0,1070.0,459.0,1059.0,454.0
0.0,3074.0,1509.0,1529.0,1513.0,1509.0,1509.0,1070.0,459.0,1056.0,453.0
0.0,3078.0,1612.0,1532.0,1509.0,1621.0,1621.0,1072.0,460.0,1128.0,484.0
0.0,2975.0,1584.0,1534.0,1621.0,1590.0,1590.0,1074.0,460.0,1108.0,476.0
0.0,3012.0,1501.0,1536.0,1590.0,1507.0,1507.0,1075.0,461.0,1051.0,450.0
0.0,3101.0,1554.0,1534.0,1507.0,1548.0,1548.0,1074.0,460.0,1087.0,467.0
0.0,3054.0,1462.0,1531.0,1548.0,1453.0,1453.0,1072.0,459.0,1025.0,437.0
0.0,3140.0,1490.0,1530.0,1453.0,1487.0,1487.0,1071.0,459.0,1042.0,448.0
0.0,3103.0,1533.0,1531.0,1487.0,1536.0,1536.0,1072.0,459.0,1074.0,459.0
0.0,3057.0,1619.0,1536.0,1536.0,1634.0,1634.0,1075.0,461.0,1133.0,486.0
0.0,2974.0,1672.0,1541.0,1634.0,1687.0,1687.0,1079.0,462.0,1170.0,502.0
0.0,2936.0,1600.0,1543.0,1687.0,1606.0,1606.0,1080.0,463.0,1121.0,479.0
0.0,3023.0,1539.0,1543.0,1606.0,1539.0,1539.0,1080.0,463.0,1077.0,462.0
0.0,3090.0,1499.0,1541.0,1539.0,1493.0,1493.0,1079.0,462.0,1048.0,451.0
0.0,3130.0,1497.0,1540.0,1493.0,1494.0,1494.0,1078.0,462.0,1048.0,449.0
0.0,3126.0,1514.0,1541.0,1494.0,1517.0,1517.0,1079.0,462.0,1060.0,454.0
0.0,3106.0,1559.0,1543.0,1517.0,1565.0,1565.0,1080.0,463.0,1092.0,467.0
0.0,3064.0,1630.0,1546.0,1565.0,1639.0,1639.0,1082.0,464.0,1141.0,489.0
0.0,2999.0,1522.0,1546.0,1639.0,1522.0,1522.0,1082.0,464.0,1066.0,456.0
0.0,3116.0,1536.0,1544.0,1522.0,1530.0,1530.0,1081.0,463.0,1074.0,462.0
0.0,3102.0,1480.0,1542.0,1530.0,1474.0,1474.0,1079.0,463.0,1036.0,444.0
0.0,3152.0,1493.0,1541.0,1474.0,1490.0,1490.0,1079.0,462.0,1044.0,449.0
0.0,3133.0,1638.0,1544.0,1490.0,1647.0,1647.0,1081.0,463.0,1146.0,492.0
0.0,2985.0,1622.0,1547.0,1647.0,1631.0,1631.0,1083.0,464.0,1136.0,486.0
0.0,3010.0,1722.0,1553.0,1631.0,1740.0,1740.0,1087.0,466.0,1206.0,516.0
0.0,2919.0,1637.0,1554.0,1740.0,1640.0,1640.0,1088.0,466.0,1147.0,490.0
0.0,3022.0,1526.0,1553.0,1640.0,1523.0,1523.0,1087.0,466.0,1068.0,458.0
0.0,3136.0,1487.0,1552.0,1523.0,1484.0,1484.0,1086.0,466.0,1040.0,447.0
0.0,3172.0,1464.0,1549.0,1484.0,1455.0,1455.0,1084.0,465.0,1025.0,439.0
0.0,3192.0,1631.0,1552.0,1455.0,1640.0,1640.0,1086.0,466.0,1141.0,490.0
0.0,3016.0,1610.0,1554.0,1640.0,1616.0,1616.0,1088.0,466.0,1126.0,484.0
0.0,3046.0,1613.0,1557.0,1616.0,1622.0,1622.0,1090.0,467.0,1131.0,482.0
0.0,3049.0,1561.0,1557.0,1622.0,1561.0,1561.0,1090.0,467.0,1091.0,470.0
0.0,3110.0,1524.0,1556.0,1561.0,1521.0,1521.0,1089.0,467.0,1069.0,455.0
0.0,3147.0,1534.0,1553.0,1521.0,1525.0,1525.0,1087.0,466.0,1072.0,462.0
0.0,3134.0,1546.0,1553.0,1525.0,1546.0,1546.0,1087.0,466.0,1084.0,462.0
0.0,3113.0,1486.0,1552.0,1546.0,1483.0,1483.0,1086.0,466.0,1039.0,447.0
0.0,3173.0,1708.0,1556.0,1483.0,1720.0,1720.0,1089.0,467.0,1196.0,512.0
0.0,2948.0,1626.0,1559.0,1720.0,1635.0,1635.0,1091.0,468.0,1137.0,489.0
0.0,3042.0,1646.0,1560.0,1635.0,1649.0,1649.0,1092.0,468.0,1152.0,494.0
0.0,3031.0,1557.0,1560.0,1649.0,1557.0,1557.0,1092.0,468.0,1091.0,466.0
0.0,3123.0,1490.0,1556.0,1557.0,1478.0,1478.0,1089.0,467.0,1043.0,447.0
0.0,3190.0,1483.0,1554.0,1478.0,1477.0,1477.0,1088.0,466.0,1037.0,446.0
0.0,3185.0,1581.0,1555.0,1477.0,1584.0,1584.0,1088.0,467.0,1107.0,474.0
0.0,3081.0,1732.0,1560.0,1584.0,1747.0,1747.0,1092.0,468.0,1214.0,518.0
0.0,2933.0,1686.0,1564.0,1747.0,1698.0,1698.0,1095.0,469.0,1178.0,508.0
0.0,2994.0,1580.0,1566.0,1698.0,1586.0,1586.0,1096.0,470.0,1107.0,473.0
0.0,3112.0,1537.0,1564.0,1586.0,1531.0,1531.0,1095.0,469.0,1075.0,462.0
0.0,3161.0,1503.0,1560.0,1531.0,1491.0,1491.0,1092.0,468.0,1052.0,451.0
0.0,3189.0,1523.0,1559.0,1491.0,1520.0,1520.0,1091.0,468.0,1067.0,456.0
0.0,3157.0,1618.0,1563.0,1520.0,1630.0,1630.0,1094.0,469.0,1132.0,486.0
0.0,3059.0,1634.0,1566.0,1630.0,1643.0,1643.0,1096.0,470.0,1144.0,490.0
0.0,3055.0,1599.0,1567.0,1643.0,1602.0,1602.0,1097.0,470.0,1118.0,481.0
0.0,3099.0,1634.0,1570.0,1602.0,1643.0,1643.0,1099.0,471.0,1145.0,489.0
0.0,3067.0,1560.0,1569.0,1643.0,1557.0,1557.0,1098.0,471.0,1092.0,468.0
0.0,3150.0,1539.0,1568.0,1557.0,1536.0,1536.0,1098.0,470.0,1076.0,463.0
0.0,3168.0,1593.0,1570.0,1536.0,1599.0,1599.0,1099.0,471.0,1116.0,477.0
0.0,3111.0,1551.0,1570.0,1599.0,1551.0,1551.0,1099.0,471.0,1086.0,465.0
0.0,3159.0,1626.0,1573.0,1551.0,1635.0,1635.0,1101.0,472.0,1138.0,488.0
0.0,3084.0,1622.0,1576.0,1635.0,1631.0,1631.0,1103.0,473.0,1135.0,487.0
0.0,3097.0,1542.0,1576.0,1631.0,1542.0,1542.0,1103.0,473.0,1079.0,463.0
0.0,3186.0,1537.0,1574.0,1542.0,1531.0,1531.0,1102.0,472.0,1075.0,462.0
0.0,3191.0,1571.0,1572.0,1531.0,1565.0,1565.0,1100.0,472.0,1101.0,470.0
0.0,3151.0,1554.0,1571.0,1565.0,1551.0,1551.0,1100.0,471.0,1088.0,466.0
0.0,3162.0,1544.0,1571.0,1551.0,1544.0,1544.0,1100.0,471.0,1081.0,463.0
0.0,3169.0,1597.0,1573.0,1544.0,1603.0,1603.0,1101.0,472.0,1119.0,478.0
0.0,3116.0,1638.0,1576.0,1603.0,1647.0,1647.0,1103.0,473.0,1146.0,492.0
0.0,3081.0,1616.0,1577.0,1647.0,1619.0,1619.0,1104.0,473.0,1130.0,486.0
0.0,3112.0,1582.0,1579.0,1619.0,1588.0,1588.0,1105.0,474.0,1107.0,475.0
0.0,3149.0,1533.0,1576.0,1588.0,1524.0,1524.0,1103.0,473.0,1074.0,459.0
0.0,3204.0,1492.0,1576.0,1524.0,1492.0,1492.0,1103.0,473.0,1044.0,448.0
0.0,3236.0,1564.0,1576.0,1492.0,1564.0,1564.0,1103.0,473.0,1095.0,469.0
0.0,3164.0,1660.0,1580.0,1564.0,1672.0,1672.0,1106.0,474.0,1162.0,498.0
0.0,3068.0,1721.0,1584.0,1672.0,1733.0,1733.0,1109.0,475.0,1203.0,518.0
0.0,3019.0,1683.0,1586.0,1733.0,1689.0,1689.0,1110.0,476.0,1179.0,504.0
0.0,3069.0,1557.0,1584.0,1689.0,1551.0,1551.0,1109.0,475.0,1089.0,468.0
0.0,3201.0,1526.0,1580.0,1551.0,1514.0,1514.0,1106.0,474.0,1068.0,458.0
0.0,3226.0,1524.0,1577.0,1514.0,1515.0,1515.0,1104.0,473.0,1067.0,457.0
0.0,3216.0,1646.0,1580.0,1515.0,1655.0,1655.0,1106.0,474.0,1152.0,494.0
0.0,3085.0,1655.0,1583.0,1655.0,1664.0,1664.0,1108.0,475.0,1158.0,497.0
0.0,3085.0,1712.0,1589.0,1664.0,1730.0,1730.0,1112.0,477.0,1199.0,513.0
0.0,3037.0,1554.0,1587.0,1730.0,1548.0,1548.0,1111.0,476.0,1089.0,465.0
0.0,3213.0,1610.0,1587.0,1548.0,1610.0,1610.0,1111.0,476.0,1125.0,485.0
0.0,3151.0,1497.0,1584.0,1610.0,1488.0,1488.0,1109.0,475.0,1049.0,448.0
0.0,3264.0,1532.0,1584.0,1488.0,1532.0,1532.0,1109.0,475.0,1072.0,460.0
0.0,3220.0,1543.0,1584.0,1532.0,1543.0,1543.0,1109.0,475.0,1080.0,463.0
0.0,3209.0,1703.0,1587.0,1543.0,1712.0,1712.0,1111.0,476.0,1192.0,511.0
0.0,3049.0,1705.0,1590.0,1712.0,1714.0,1714.0,1113.0,477.0,1193.0,512.0
0.0,3056.0,1550.0,1592.0,1714.0,1556.0,1556.0,1114.0,478.0,1086.0,464.0
0.0,3220.0,1574.0,1589.0,1556.0,1565.0,1565.0,1112.0,477.0,1102.0,472.0
0.0,3202.0,1572.0,1589.0,1565.0,1572.0,1572.0,1112.0,477.0,1099.0,473.0
0.0,3195.0,1595.0,1587.0,1572.0,1589.0,1589.0,1111.0,476.0,1116.0,479.0
0.0,3172.0,1613.0,1589.0,1589.0,1619.0,1619.0,1112.0,477.0,1130.0,483.0
0.0,3148.0,1648.0,1592.0,1619.0,1657.0,1657.0,1114.0,478.0,1152.0,496.0
0.0,3119.0,1665.0,1595.0,1657.0,1674.0,1674.0,1116.0,479.0,1166.0,499.0
0.0,3111.0,1619.0,1596.0,1674.0,1622.0,1622.0,1117.0,479.0,1133.0,486.0
0.0,3166.0,1558.0,1592.0,1622.0,1546.0,1546.0,1114.0,478.0,1091.0,467.0
0.0,3230.0,1577.0,1590.0,1546.0,1571.0,1571.0,1113.0,477.0,1103.0,474.0
0.0,3199.0,1530.0,1589.0,1571.0,1527.0,1527.0,1112.0,477.0,1072.0,458.0
0.0,3240.0,1613.0,1590.0,1527.0,1616.0,1616.0,1113.0,477.0,1128.0,485.0
0.0,3154.0,1731.0,1595.0,1616.0,1746.0,1746.0,1116.0,479.0,1212.0,519.0
0.0,3039.0,1656.0,1597.0,1746.0,1662.0,1662.0,1118.0,479.0,1159.0,497.0
0.0,3129.0,1633.0,1597.0,1662.0,1633.0,1633.0,1118.0,479.0,1143.0,490.0
0.0,3158.0,1595.0,1597.0,1633.0,1595.0,1595.0,1118.0,479.0,1116.0,479.0
0.0,3196.0,1540.0,1596.0,1595.0,1537.0,1537.0,1117.0,479.0,1079.0,461.0
0.0,3251.0,1541.0,1594.0,1537.0,1535.0,1535.0,1116.0,478.0,1078.0,463.0
0.0,3247.0,1653.0,1596.0,1535.0,1659.0,1659.0,1117.0,479.0,1158.0,495.0
0.0,3129.0,1630.0,1597.0,1659.0,1633.0,1633.0,1118.0,479.0,1140.0,490.0
0.0,3158.0,1732.0,1600.0,1633.0,1741.0,1741.0,1120.0,480.0,1212.0,520.0
0.0,3059.0,1643.0,1602.0,1741.0,1649.0,1649.0,1121.0,481.0,1151.0,492.0
0.0,3157.0,1546.0,1600.0,1649.0,1540.0,1540.0,1120.0,480.0,1081.0,465.0
0.0,3260.0,1484.0,1598.0,1540.0,1478.0,1478.0,1119.0,479.0,1040.0,444.0
0.0,3316.0,1559.0,1599.0,1478.0,1562.0,1562.0,1119.0,480.0,1091.0,468.0
0.0,3235.0,1618.0,1600.0,1562.0,1621.0,1621.0,1120.0,480.0,1131.0,487.0
0.0,3179.0,1721.0,1603.0,1621.0,1730.0,1730.0,1122.0,481.0,1206.0,515.0
0.0,3079.0,1646.0,1604.0,1730.0,1649.0,1649.0,1123.0,481.0,1151.0,495.0
0.0,3163.0,1662.0,1607.0,1649.0,1671.0,1671.0,1125.0,482.0,1162.0,500.0
0.0,3150.0,1636.0,1607.0,1671.0,1636.0,1636.0,1125.0,482.0,1146.0,490.0
0.0,3185.0,1621.0,1607.0,1636.0,1621.0,1621.0,1125.0,482.0,1135.0,486.0
0.0,3200.0,1551.0,1606.0,1621.0,1548.0,1548.0,1124.0,482.0,1087.0,464.0
0.0,3270.0,1589.0,1606.0,1548.0,1589.0,1589.0,1124.0,482.0,1112.0,477.0
0.0,3229.0,1679.0,1609.0,1589.0,1688.0,1688.0,1126.0,483.0,1175.0,504.0
0.0,3139.0,1698.0,1613.0,1688.0,1710.0,1710.0,1129.0,484.0,1188.0,510.0
0.0,3129.0,1685.0,1616.0,1710.0,1694.0,1694.0,1131.0,485.0,1179.0,506.0
0.0,3154.0,1573.0,1613.0,1694.0,1564.0,1564.0,1129.0,484.0,1100.0,473.0
0.0,3275.0,1505.0,1609.0,1564.0,1493.0,1493.0,1126.0,483.0,1055.0,450.0
0.0,3334.0,1591.0,1607.0,1493.0,1585.0,1585.0,1125.0,482.0,1113.0,478.0
0.0,3236.0,1666.0,1610.0,1585.0,1675.0,1675.0,1127.0,483.0,1166.0,500.0
0.0,3155.0,1677.0,1613.0,1675.0,1686.0,1686.0,1129.0,484.0,1175.0,502.0
0.0,3153.0,1675.0,1616.0,1686.0,1684.0,1684.0,1131.0,485.0,1172.0,503.0
0.0,3164.0,1650.0,1616.0,1684.0,1650.0,1650.0,1131.0,485.0,1155.0,495.0
0.0,3198.0,1638.0,1616.0,1650.0,1638.0,1638.0,1131.0,485.0,1147.0,491.0
0.0,3210.0,1544.0,1612.0,1638.0,1532.0,1532.0,1128.0,484.0,1081.0,463.0
0.0,3304.0,1623.0,1613.0,1532.0,1626.0,1626.0,1129.0,484.0,1135.0,488.0
0.0,3213.0,1528.0,1612.0,1626.0,1525.0,1525.0,1128.0,484.0,1071.0,457.0
0.0,3311.0,1700.0,1616.0,1525.0,1712.0,1712.0,1131.0,485.0,1191.0,509.0
0.0,3136.0,1728.0,1620.0,1712.0,1740.0,1740.0,1134.0,486.0,1209.0,519.0
0.0,3120.0,1645.0,1622.0,1740.0,1651.0,1651.0,1135.0,487.0,1150.0,495.0
0.0,3215.0,1593.0,1619.0,1651.0,1584.0,1584.0,1133.0,486.0,1116.0,477.0
0.0,3273.0,1592.0,1617.0,1584.0,1586.0,1586.0,1132.0,485.0,1113.0,479.0
0.0,3265.0,1563.0,1617.0,1586.0,1563.0,1563.0,1132.0,485.0,1094.0,469.0
0.0,3288.0,1614.0,1619.0,1563.0,1620.0,1620.0,1133.0,486.0,1130.0,484.0
0.0,3237.0,1712.0,1620.0,1620.0,1715.0,1715.0,1134.0,486.0,1198.0,514.0
0.0,3145.0,1712.0,1623.0,1715.0,1721.0,1721.0,1136.0,487.0,1200.0,512.0
0.0,3148.0,1718.0,1625.0,1721.0,1724.0,1724.0,1137.0,488.0,1201.0,517.0
0.0,3151.0,1551.0,1623.0,1724.0,1545.0,1545.0,1136.0,487.0,1087.0,464.0
0.0,3324.0,1578.0,1622.0,1545.0,1575.0,1575.0,1135.0,487.0,1104.0,474.0
0.0,3291.0,1610.0,1621.0,1575.0,1607.0,1607.0,1135.0,486.0,1127.0,483.0
0.0,3256.0,1670.0,1623.0,1607.0,1676.0,1676.0,1136.0,487.0,1168.0,502.0
0.0,3193.0,1663.0,1626.0,1676.0,1672.0,1672.0,1138.0,488.0,1165.0,498.0
0.0,3206.0,1672.0,1627.0,1672.0,1675.0,1675.0,1139.0,488.0,1170.0,502.0
0.0,3206.0,1656.0,1629.0,1675.0,1662.0,1662.0,1140.0,489.0,1160.0,496.0
0.0,3225.0,1610.0,1626.0,1662.0,1601.0,1601.0,1138.0,488.0,1127.0,483.0
0.0,3277.0,1558.0,1624.0,1601.0,1552.0,1552.0,1137.0,487.0,1090.0,468.0
0.0,3320.0,1634.0,1624.0,1552.0,1634.0,1634.0,1137.0,487.0,1144.0,490.0
0.0,3238.0,1717.0,1627.0,1634.0,1726.0,1726.0,1139.0,488.0,1202.0,515.0
0.0,3155.0,1715.0,1630.0,1726.0,1724.0,1724.0,1141.0,489.0,1200.0,515.0
0.0,3166.0,1721.0,1634.0,1724.0,1733.0,1733.0,1144.0,490.0,1204.0,517.0
0.0,3169.0,1694.0,1634.0,1733.0,1694.0,1694.0,1144.0,490.0,1187.0,507.0
0.0,3208.0,1634.0,1634.0,1694.0,1634.0,1634.0,1144.0,490.0,1144.0,490.0
0.0,3268.0,1525.0,1630.0,1634.0,1513.0,1513.0,1141.0,489.0,1067.0,458.0
0.0,3377.0,1564.0,1629.0,1513.0,1561.0,1561.0,1140.0,489.0,1096.0,468.0
0.0,3326.0,1671.0,1631.0,1561.0,1677.0,1677.0,1142.0,489.0,1169.0,502.0
0.0,3216.0,1722.0,1636.0,1677.0,1737.0,1737.0,1145.0,491.0,1206.0,516.0
0.0,3171.0,1748.0,1640.0,1737.0,1760.0,1760.0,1148.0,492.0,1223.0,525.0
0.0,3160.0,1715.0,1642.0,1760.0,1721.0,1721.0,1149.0,493.0,1199.0,516.0
0.0,3205.0,1616.0,1640.0,1721.0,1610.0,1610.0,1148.0,492.0,1132.0,484.0
0.0,3310.0,1652.0,1640.0,1610.0,1652.0,1652.0,1148.0,492.0,1156.0,496.0
0.0,3268.0,1577.0,1638.0,1652.0,1571.0,1571.0,1147.0,491.0,1103.0,474.0
0.0,3343.0,1689.0,1639.0,1571.0,1692.0,1692.0,1147.0,492.0,1183.0,506.0
0.0,3225.0,1762.0,1642.0,1692.0,1771.0,1771.0,1149.0,493.0,1233.0,529.0
0.0,3155.0,1748.0,1646.0,1771.0,1760.0,1760.0,1152.0,494.0,1223.0,525.0
0.0,3178.0,1693.0,1647.0,1760.0,1696.0,1696.0,1153.0,494.0,1185.0,508.0
0.0,3245.0,1634.0,1647.0,1696.0,1634.0,1634.0,1153.0,494.0,1145.0,489.0
0.0,3307.0,1594.0,1644.0,1634.0,1585.0,1585.0,1151.0,493.0,1115.0,479.0
0.0,3347.0,1613.0,1643.0,1585.0,1610.0,1610.0,1150.0,493.0,1128.0,485.0
0.0,3319.0,1717.0,1646.0,1610.0,1726.0,1726.0,1152.0,494.0,1204.0,513.0
0.0,3212.0,1688.0,1650.0,1726.0,1700.0,1700.0,1155.0,495.0,1181.0,507.0
0.0,3250.0,1750.0,1653.0,1700.0,1759.0,1759.0,1157.0,496.0,1225.0,525.0
0.0,3200.0,1659.0,1653.0,1759.0,1659.0,1659.0,1157.0,496.0,1161.0,498.0
0.0,3300.0,1620.0,1652.0,1659.0,1617.0,1617.0,1156.0,496.0,1133.0,487.0
0.0,3339.0,1607.0,1650.0,1617.0,1601.0,1601.0,1155.0,495.0,1127.0,480.0
0.0,3349.0,1626.0,1650.0,1601.0,1626.0,1626.0,1155.0,495.0,1137.0,489.0
0.0,3324.0,1662.0,1650.0,1626.0,1662.0,1662.0,1155.0,495.0,1164.0,498.0
0.0,3288.0,1741.0,1654.0,1662.0,1753.0,1753.0,1158.0,496.0,1216.0,525.0
0.0,3209.0,1740.0,1656.0,1753.0,1746.0,1746.0,1159.0,497.0,1220.0,520.0
0.0,3222.0,1680.0,1659.0,1746.0,1689.0,1689.0,1161.0,498.0,1175.0,505.0
0.0,3288.0,1660.0,1659.0,1689.0,1660.0,1660.0,1161.0,498.0,1162.0,498.0
0.0,3317.0,1673.0,1657.0,1660.0,1667.0,1667.0,1160.0,497.0,1170.0,503.0
0.0,3304.0,1603.0,1656.0,1667.0,1600.0,1600.0,1159.0,497.0,1124.0,479.0
0.0,3368.0,1725.0,1659.0,1600.0,1734.0,1734.0,1161.0,498.0,1207.0,518.0
0.0,3243.0,1750.0,1662.0,1734.0,1759.0,1759.0,1163.0,499.0,1225.0,525.0
0.0,3227.0,1667.0,1664.0,1759.0,1673.0,1673.0,1165.0,499.0,1168.0,499.0
0.0,3319.0,1715.0,1666.0,1673.0,1721.0,1721.0,1166.0,500.0,1199.0,516.0
0.0,3277.0,1604.0,1664.0,1721.0,1598.0,1598.0,1165.0,499.0,1124.0,480.0
0.0,3394.0,1636.0,1663.0,1598.0,1633.0,1633.0,1164.0,499.0,1144.0,492.0
0.0,3356.0,1636.0,1661.0,1633.0,1630.0,1630.0,1163.0,498.0,1144.0,492.0
0.0,3353.0,1693.0,1663.0,1630.0,1699.0,1699.0,1164.0,499.0,1187.0,506.0
0.0,3290.0,1719.0,1666.0,1699.0,1728.0,1728.0,1166.0,500.0,1203.0,516.0
0.0,3270.0,1739.0,1669.0,1728.0,1748.0,1748.0,1168.0,501.0,1216.0,523.0
0.0,3259.0,1680.0,1669.0,1748.0,1680.0,1680.0,1168.0,501.0,1176.0,504.0
0.0,3327.0,1629.0,1669.0,1680.0,1629.0,1629.0,1168.0,501.0,1140.0,489.0
0.0,3378.0,1666.0,1669.0,1629.0,1666.0,1666.0,1168.0,501.0,1166.0,500.0
0.0,3341.0,1656.0,1669.0,1666.0,1656.0,1656.0,1168.0,501.0,1159.0,497.0
0.0,3351.0,1723.0,1670.0,1656.0,1726.0,1726.0,1169.0,501.0,1207.0,516.0
0.0,3284.0,1788.0,1675.0,1726.0,1803.0,1803.0,1172.0,503.0,1250.0,538.0
0.0,3222.0,1814.0,1679.0,1803.0,1826.0,1826.0,1175.0,504.0,1270.0,544.0
0.0,3211.0,1683.0,1677.0,1826.0,1677.0,1677.0,1174.0,503.0,1177.0,506.0
0.0,3354.0,1720.0,1677.0,1677.0,1720.0,1720.0,1174.0,503.0,1204.0,516.0
0.0,3311.0,1613.0,1676.0,1720.0,1610.0,1610.0,1173.0,503.0,1130.0,483.0
0.0,3418.0,1649.0,1675.0,1610.0,1646.0,1646.0,1172.0,503.0,1154.0,495.0
0.0,3379.0,1683.0,1676.0,1646.0,1686.0,1686.0,1173.0,503.0,1178.0,505.0
0.0,3342.0,1800.0,1681.0,1686.0,1815.0,1815.0,1177.0,504.0,1259.0,541.0
0.0,3228.0,1736.0,1684.0,1815.0,1745.0,1745.0,1179.0,505.0,1217.0,519.0
0.0,3307.0,1757.0,1686.0,1745.0,1763.0,1763.0,1180.0,506.0,1229.0,528.0
0.0,3295.0,1679.0,1685.0,1763.0,1676.0,1676.0,1179.0,506.0,1175.0,504.0
0.0,3379.0,1660.0,1683.0,1676.0,1654.0,1654.0,1178.0,505.0,1163.0,497.0
0.0,3395.0,1676.0,1683.0,1654.0,1676.0,1676.0,1178.0,505.0,1172.0,504.0
0.0,3373.0,1685.0,1684.0,1676.0,1688.0,1688.0,1179.0,505.0,1178.0,507.0
0.0,3364.0,1769.0,1686.0,1688.0,1775.0,1775.0,1180.0,506.0,1239.0,530.0
0.0,3283.0,1765.0,1690.0,1775.0,1777.0,1777.0,1183.0,507.0,1236.0,529.0
0.0,3293.0,1719.0,1690.0,1777.0,1719.0,1719.0,1183.0,507.0,1203.0,516.0
0.0,3351.0,1678.0,1689.0,1719.0,1675.0,1675.0,1182.0,507.0,1174.0,504.0
0.0,3392.0,1585.0,1686.0,1675.0,1576.0,1576.0,1180.0,506.0,1110.0,475.0
0.0,3482.0,1592.0,1684.0,1576.0,1586.0,1586.0,1179.0,505.0,1113.0,479.0
0.0,3466.0,1700.0,1685.0,1586.0,1703.0,1703.0,1179.0,506.0,1191.0,509.0
0.0,3352.0,1748.0,1688.0,1703.0,1757.0,1757.0,1181.0,507.0,1223.0,525.0
0.0,3307.0,1693.0,1690.0,1757.0,1699.0,1699.0,1183.0,507.0,1186.0,507.0
0.0,3371.0,1768.0,1690.0,1699.0,1768.0,1768.0,1183.0,507.0,1235.0,533.0
0.0,3302.0,1657.0,1690.0,1768.0,1657.0,1657.0,1183.0,507.0,1162.0,495.0
0.0,3413.0,1580.0,1686.0,1657.0,1568.0,1568.0,1180.0,506.0,1104.0,476.0
0.0,3490.0,1666.0,1687.0,1568.0,1669.0,1669.0,1181.0,506.0,1166.0,500.0
0.0,3392.0,1738.0,1689.0,1669.0,1744.0,1744.0,1182.0,507.0,1218.0,520.0
0.0,3323.0,1758.0,1692.0,1744.0,1767.0,1767.0,1184.0,508.0,1230.0,528.0
0.0,3309.0,1805.0,1696.0,1767.0,1817.0,1817.0,1187.0,509.0,1263.0,542.0
0.0,3271.0,1729.0,1697.0,1817.0,1732.0,1732.0,1188.0,509.0,1211.0,518.0
0.0,3359.0,1639.0,1695.0,1732.0,1633.0,1633.0,1186.0,509.0,1146.0,493.0
0.0,3452.0,1620.0,1693.0,1633.0,1614.0,1614.0,1185.0,508.0,1134.0,486.0
0.0,3465.0,1664.0,1692.0,1614.0,1661.0,1661.0,1184.0,508.0,1165.0,499.0
0.0,3415.0,1699.0,1693.0,1661.0,1702.0,1702.0,1185.0,508.0,1189.0,510.0
0.0,3377.0,1798.0,1696.0,1702.0,1807.0,1807.0,1187.0,509.0,1258.0,540.0
0.0,3281.0,1852.0,1700.0,1807.0,1864.0,1864.0,1190.0,510.0,1297.0,555.0
0.0,3236.0,1723.0,1700.0,1864.0,1723.0,1723.0,1190.0,510.0,1206.0,517.0
0.0,3377.0,1716.0,1699.0,1723.0,1713.0,1713.0,1189.0,510.0,1201.0,515.0
0.0,3384.0,1641.0,1699.0,1713.0,1641.0,1641.0,1189.0,510.0,1149.0,492.0
0.0,3456.0,1658.0,1697.0,1641.0,1652.0,1652.0,1188.0,509.0,1160.0,498.0
0.0,3439.0,1786.0,1702.0,1652.0,1801.0,1801.0,1191.0,511.0,1250.0,536.0
0.0,3305.0,1736.0,1703.0,1801.0,1739.0,1739.0,1192.0,511.0,1216.0,520.0
0.0,3370.0,1749.0,1706.0,1739.0,1758.0,1758.0,1194.0,512.0,1224.0,525.0
0.0,3360.0,1707.0,1706.0,1758.0,1707.0,1707.0,1194.0,512.0,1195.0,512.0
0.0,3411.0,1633.0,1704.0,1707.0,1627.0,1627.0,1193.0,511.0,1142.0,491.0
0.0,3485.0,1651.0,1702.0,1627.0,1645.0,1645.0,1191.0,511.0,1157.0,494.0
0.0,3461.0,1680.0,1702.0,1645.0,1680.0,1680.0,1191.0,511.0,1176.0,504.0
0.0,3426.0,1686.0,1703.0,1680.0,1689.0,1689.0,1192.0,511.0,1179.0,507.0
0.0,3420.0,1750.0,1705.0,1689.0,1756.0,1756.0,1193.0,512.0,1226.0,524.0
0.0,3359.0,1785.0,1707.0,1756.0,1791.0,1791.0,1195.0,512.0,1249.0,536.0
0.0,3330.0,1736.0,1707.0,1791.0,1736.0,1736.0,1195.0,512.0,1215.0,521.0
0.0,3385.0,1665.0,1706.0,1736.0,1662.0,1662.0,1194.0,512.0,1166.0,499.0
0.0,3456.0,1603.0,1701.0,1662.0,1588.0,1588.0,1191.0,510.0,1122.0,481.0
0.0,3515.0,1679.0,1701.0,1588.0,1679.0,1679.0,1191.0,510.0,1175.0,504.0
0.0,3424.0,1687.0,1700.0,1679.0,1684.0,1684.0,1190.0,510.0,1180.0,507.0
0.0,3416.0,1781.0,1704.0,1684.0,1793.0,1793.0,1193.0,511.0,1246.0,535.0
0.0,3319.0,1739.0,1706.0,1793.0,1745.0,1745.0,1194.0,512.0,1219.0,520.0
0.0,3373.0,1788.0,1707.0,1745.0,1791.0,1791.0,1195.0,512.0,1250.0,538.0
0.0,3330.0,1684.0,1706.0,1791.0,1681.0,1681.0,1194.0,512.0,1180.0,504.0
0.0,3437.0,1688.0,1704.0,1681.0,1682.0,1682.0,1193.0,511.0,1181.0,507.0
0.0,3430.0,1710.0,1703.0,1682.0,1707.0,1707.0,1192.0,511.0,1197.0,513.0
0.0,3402.0,1709.0,1704.0,1707.0,1712.0,1712.0,1193.0,511.0,1196.0,513.0
0.0,3400.0,1754.0,1706.0,1712.0,1760.0,1760.0,1194.0,512.0,1229.0,525.0
0.0,3358.0,1823.0,1709.0,1760.0,1832.0,1832.0,1196.0,513.0,1276.0,547.0
0.0,3295.0,1719.0,1709.0,1832.0,1719.0,1719.0,1196.0,513.0,1203.0,516.0
0.0,3408.0,1713.0,1709.0,1719.0,1713.0,1713.0,1196.0,513.0,1199.0,514.0
0.0,3414.0,1661.0,1706.0,1713.0,1652.0,1652.0,1194.0,512.0,1162.0,499.0
0.0,3466.0,1638.0,1705.0,1652.0,1635.0,1635.0,1193.0,512.0,1148.0,490.0
0.0,3480.0,1763.0,1706.0,1635.0,1766.0,1766.0,1194.0,512.0,1233.0,530.0
0.0,3352.0,1792.0,1710.0,1766.0,1804.0,1804.0,1197.0,513.0,1254.0,538.0
0.0,3326.0,1797.0,1714.0,1804.0,1809.0,1809.0,1200.0,514.0,1258.0,539.0
0.0,3333.0,1756.0,1716.0,1809.0,1762.0,1762.0,1201.0,515.0,1229.0,527.0
0.0,3386.0,1697.0,1714.0,1762.0,1691.0,1691.0,1200.0,514.0,1188.0,509.0
0.0,3451.0,1646.0,1713.0,1691.0,1643.0,1643.0,1199.0,514.0,1151.0,495.0
0.0,3496.0,1747.0,1713.0,1643.0,1747.0,1747.0,1199.0,514.0,1223.0,524.0
0.0,3392.0,1743.0,1715.0,1747.0,1749.0,1749.0,1200.0,515.0,1221.0,522.0
0.0,3396.0,1829.0,1720.0,1749.0,1844.0,1844.0,1204.0,516.0,1281.0,548.0
0.0,3316.0,1814.0,1723.0,1844.0,1823.0,1823.0,1206.0,517.0,1269.0,545.0
0.0,3346.0,1761.0,1723.0,1823.0,1761.0,1761.0,1206.0,517.0,1234.0,527.0
0.0,3408.0,1672.0,1721.0,1761.0,1666.0,1666.0,1205.0,516.0,1169.0,503.0
0.0,3497.0,1683.0,1719.0,1666.0,1677.0,1677.0,1203.0,516.0,1178.0,505.0
0.0,3480.0,1696.0,1719.0,1677.0,1696.0,1696.0,1203.0,516.0,1187.0,509.0
0.0,3461.0,1689.0,1719.0,1696.0,1689.0,1689.0,1203.0,516.0,1182.0,507.0
0.0,3468.0,1884.0,1724.0,1689.0,1899.0,1899.0,1207.0,517.0,1318.0,566.0
0.0,3273.0,1833.0,1727.0,1899.0,1842.0,1842.0,1209.0,518.0,1283.0,550.0
0.0,3339.0,1782.0,1729.0,1842.0,1788.0,1788.0,1210.0,519.0,1248.0,534.0
0.0,3399.0,1657.0,1726.0,1788.0,1648.0,1648.0,1208.0,518.0,1160.0,497.0
0.0,3530.0,1774.0,1725.0,1648.0,1771.0,1771.0,1207.0,518.0,1241.0,533.0
0.0,3404.0,1676.0,1724.0,1771.0,1673.0,1673.0,1207.0,517.0,1173.0,503.0
0.0,3499.0,1801.0,1726.0,1673.0,1807.0,1807.0,1208.0,518.0,1262.0,539.0
0.0,3371.0,1771.0,1729.0,1807.0,1780.0,1780.0,1210.0,519.0,1238.0,533.0
0.0,3407.0,1818.0,1731.0,1780.0,1824.0,1824.0,1212.0,519.0,1272.0,546.0
0.0,3369.0,1800.0,1732.0,1824.0,1803.0,1803.0,1212.0,520.0,1261.0,539.0
0.0,3393.0,1644.0,1730.0,1803.0,1638.0,1638.0,1211.0,519.0,1152.0,492.0
0.0,3552.0,1694.0,1729.0,1638.0,1691.0,1691.0,1210.0,519.0,1185.0,509.0
0.0,3496.0,1686.0,1729.0,1691.0,1686.0,1686.0,1210.0,519.0,1180.0,506.0
0.0,3501.0,1763.0,1730.0,1686.0,1766.0,1766.0,1211.0,519.0,1233.0,530.0
0.0,3424.0,1838.0,1734.0,1766.0,1850.0,1850.0,1214.0,520.0,1287.0,551.0
0.0,3352.0,1809.0,1737.0,1850.0,1818.0,1818.0,1216.0,521.0,1265.0,544.0
0.0,3393.0,1742.0,1737.0,1818.0,1742.0,1742.0,1216.0,521.0,1220.0,522.0
0.0,3469.0,1742.0,1737.0,1742.0,1742.0,1742.0,1216.0,521.0,1219.0,523.0
0.0,3469.0,1678.0,1736.0,1742.0,1675.0,1675.0,1215.0,521.0,1176.0,502.0
0.0,3533.0,1684.0,1734.0,1675.0,1678.0,1678.0,1214.0,520.0,1178.0,506.0
0.0,3524.0,1819.0,1737.0,1678.0,1828.0,1828.0,1216.0,521.0,1273.0,546.0
0.0,3383.0,1864.0,1743.0,1828.0,1882.0,1882.0,1220.0,523.0,1305.0,559.0
0.0,3347.0,1752.0,1744.0,1882.0,1755.0,1755.0,1221.0,523.0,1225.0,527.0
0.0,3477.0,1839.0,1747.0,1755.0,1848.0,1848.0,1223.0,524.0,1289.0,550.0
0.0,3393.0,1743.0,1746.0,1848.0,1740.0,1740.0,1222.0,524.0,1220.0,523.0
0.0,3498.0,1670.0,1745.0,1740.0,1667.0,1667.0,1221.0,524.0,1168.0,502.0
0.0,3568.0,1717.0,1743.0,1667.0,1711.0,1711.0,1220.0,523.0,1201.0,516.0
0.0,3518.0,1743.0,1745.0,1711.0,1749.0,1749.0,1221.0,524.0,1221.0,522.0
0.0,3486.0,1811.0,1747.0,1749.0,1817.0,1817.0,1223.0,524.0,1269.0,542.0
0.0,3424.0,1799.0,1749.0,1817.0,1805.0,1805.0,1224.0,525.0,1258.0,541.0
0.0,3442.0,1794.0,1750.0,1805.0,1797.0,1797.0,1225.0,525.0,1257.0,537.0
0.0,3453.0,1666.0,1749.0,1797.0,1663.0,1663.0,1224.0,525.0,1165.0,501.0
0.0,3584.0,1694.0,1746.0,1663.0,1685.0,1685.0,1222.0,524.0,1187.0,507.0
0.0,3553.0,1709.0,1746.0,1685.0,1709.0,1709.0,1222.0,524.0,1196.0,513.0
0.0,3529.0,1778.0,1747.0,1709.0,1781.0,1781.0,1223.0,524.0,1242.0,536.0
0.0,3460.0,1834.0,1750.0,1781.0,1843.0,1843.0,1225.0,525.0,1284.0,550.0
0.0,3407.0,1839.0,1754.0,1843.0,1851.0,1851.0,1228.0,526.0,1287.0,552.0
0.0,3411.0,1809.0,1756.0,1851.0,1815.0,1815.0,1229.0,527.0,1267.0,542.0
0.0,3453.0,1691.0,1753.0,1815.0,1682.0,1682.0,1227.0,526.0,1185.0,506.0
0.0,3577.0,1706.0,1752.0,1682.0,1703.0,1703.0,1226.0,526.0,1193.0,513.0
0.0,3553.0,1706.0,1750.0,1703.0,1700.0,1700.0,1225.0,525.0,1193.0,513.0
0.0,3550.0,1792.0,1753.0,1700.0,1801.0,1801.0,1227.0,526.0,1255.0,537.0
0.0,3458.0,1868.0,1757.0,1801.0,1880.0,1880.0,1230.0,527.0,1308.0,560.0
0.0,3391.0,1876.0,1759.0,1880.0,1882.0,1882.0,1231.0,528.0,1313.0,563.0
0.0,3395.0,1767.0,1760.0,1882.0,1770.0,1770.0,1232.0,528.0,1237.0,530.0
0.0,3510.0,1805.0,1759.0,1770.0,1802.0,1802.0,1231.0,528.0,1263.0,542.0
0.0,3475.0,1609.0,1756.0,1802.0,1600.0,1600.0,1229.0,527.0,1126.0,483.0
0.0,3668.0,1741.0,1755.0,1600.0,1738.0,1738.0,1228.0,527.0,1219.0,522.0
0.0,3527.0,1767.0,1757.0,1738.0,1773.0,1773.0,1230.0,527.0,1236.0,531.0
0.0,3498.0,1874.0,1760.0,1773.0,1883.0,1883.0,1232.0,528.0,1312.0,562.0
0.0,3397.0,1829.0,1763.0,1883.0,1838.0,1838.0,1234.0,529.0,1281.0,548.0
0.0,3451.0,1780.0,1765.0,1838.0,1786.0,1786.0,1235.0,530.0,1245.0,535.0
0.0,3509.0,1730.0,1762.0,1786.0,1721.0,1721.0,1233.0,529.0,1212.0,518.0
0.0,3565.0,1763.0,1760.0,1721.0,1757.0,1757.0,1232.0,528.0,1233.0,530.0
0.0,3523.0,1712.0,1759.0,1757.0,1709.0,1709.0,1231.0,528.0,1200.0,512.0
0.0,3568.0,1832.0,1763.0,1709.0,1844.0,1844.0,1234.0,529.0,1282.0,550.0
0.0,3445.0,1834.0,1763.0,1844.0,1834.0,1834.0,1234.0,529.0,1285.0,549.0
0.0,3455.0,1895.0,1767.0,1834.0,1907.0,1907.0,1237.0,530.0,1325.0,570.0
0.0,3394.0,1813.0,1769.0,1907.0,1819.0,1819.0,1238.0,531.0,1269.0,544.0
0.0,3488.0,1793.0,1769.0,1819.0,1793.0,1793.0,1238.0,531.0,1255.0,538.0
0.0,3514.0,1717.0,1767.0,1793.0,1711.0,1711.0,1237.0,530.0,1203.0,514.0
0.0,3590.0,1707.0,1765.0,1711.0,1701.0,1701.0,1235.0,530.0,1194.0,513.0
0.0,3594.0,1842.0,1769.0,1701.0,1854.0,1854.0,1238.0,531.0,1289.0,553.0
0.0,3453.0,1873.0,1772.0,1854.0,1882.0,1882.0,1240.0,532.0,1312.0,561.0
0.0,3434.0,1889.0,1776.0,1882.0,1901.0,1901.0,1243.0,533.0,1322.0,567.0
0.0,3427.0,1830.0,1777.0,1901.0,1833.0,1833.0,1244.0,533.0,1282.0,548.0
0.0,3498.0,1787.0,1776.0,1833.0,1784.0,1784.0,1243.0,533.0,1251.0,536.0
0.0,3544.0,1694.0,1774.0,1784.0,1688.0,1688.0,1242.0,532.0,1184.0,510.0
0.0,3634.0,1707.0,1773.0,1688.0,1704.0,1704.0,1241.0,532.0,1197.0,510.0
0.0,3615.0,1790.0,1774.0,1704.0,1793.0,1793.0,1242.0,532.0,1251.0,539.0
0.0,3529.0,1825.0,1777.0,1793.0,1834.0,1834.0,1244.0,533.0,1279.0,546.0
0.0,3497.0,1859.0,1780.0,1834.0,1868.0,1868.0,1246.0,534.0,1301.0,558.0
0.0,3472.0,1867.0,1781.0,1868.0,1870.0,1870.0,1247.0,534.0,1306.0,561.0
0.0,3473.0,1731.0,1779.0,1870.0,1725.0,1725.0,1245.0,534.0,1213.0,518.0
0.0,3612.0,1717.0,1778.0,1725.0,1714.0,1714.0,1245.0,533.0,1201.0,516.0
0.0,3620.0,1683.0,1776.0,1714.0,1677.0,1677.0,1243.0,533.0,1178.0,505.0
0.0,3651.0,1775.0,1776.0,1677.0,1775.0,1775.0,1243.0,533.0,1243.0,532.0
0.0,3553.0,1885.0,1780.0,1775.0,1897.0,1897.0,1246.0,534.0,1319.0,566.0
0.0,3443.0,1909.0,1783.0,1897.0,1918.0,1918.0,1248.0,535.0,1337.0,572.0
0.0,3431.0,1835.0,1786.0,1918.0,1844.0,1844.0,1250.0,536.0,1283.0,552.0
0.0,3514.0,1803.0,1786.0,1844.0,1803.0,1803.0,1250.0,536.0,1262.0,541.0
0.0,3555.0,1748.0,1784.0,1803.0,1742.0,1742.0,1249.0,535.0,1223.0,525.0
0.0,3610.0,1683.0,1782.0,1742.0,1677.0,1677.0,1247.0,535.0,1179.0,504.0
0.0,3669.0,1852.0,1786.0,1677.0,1864.0,1864.0,1250.0,536.0,1296.0,556.0
0.0,3494.0,1800.0,1787.0,1864.0,1803.0,1803.0,1251.0,536.0,1260.0,540.0
0.0,3558.0,1858.0,1790.0,1803.0,1867.0,1867.0,1253.0,537.0,1302.0,556.0
0.0,3503.0,1861.0,1792.0,1867.0,1867.0,1867.0,1254.0,538.0,1301.0,560.0
0.0,3509.0,1742.0,1790.0,1867.0,1736.0,1736.0,1253.0,537.0,1221.0,521.0
0.0,3634.0,1787.0,1790.0,1736.0,1787.0,1787.0,1253.0,537.0,1250.0,537.0
0.0,3583.0,1744.0,1788.0,1787.0,1738.0,1738.0,1252.0,536.0,1220.0,524.0
0.0,3626.0,1772.0,1790.0,1738.0,1778.0,1778.0,1253.0,537.0,1241.0,531.0
0.0,3592.0,1877.0,1793.0,1778.0,1886.0,1886.0,1255.0,538.0,1314.0,563.0
0.0,3493.0,1889.0,1797.0,1886.0,1901.0,1901.0,1258.0,539.0,1323.0,566.0
0.0,3490.0,1800.0,1797.0,1901.0,1800.0,1800.0,1258.0,539.0,1260.0,540.0
0.0,3591.0,1818.0,1796.0,1800.0,1815.0,1815.0,1257.0,539.0,1272.0,546.0
0.0,3573.0,1714.0,1793.0,1815.0,1705.0,1705.0,1255.0,538.0,1200.0,514.0
0.0,3674.0,1828.0,1794.0,1705.0,1831.0,1831.0,1256.0,538.0,1278.0,550.0
0.0,3551.0,1806.0,1794.0,1831.0,1806.0,1806.0,1256.0,538.0,1264.0,542.0
0.0,3576.0,1859.0,1799.0,1806.0,1874.0,1874.0,1259.0,540.0,1302.0,557.0
0.0,3523.0,1865.0,1801.0,1874.0,1871.0,1871.0,1261.0,540.0,1305.0,560.0
0.0,3532.0,1868.0,1803.0,1871.0,1874.0,1874.0,1262.0,541.0,1308.0,560.0
0.0,3535.0,1780.0,1801.0,1874.0,1774.0,1774.0,1261.0,540.0,1245.0,535.0
0.0,3629.0,1773.0,1800.0,1774.0,1770.0,1770.0,1260.0,540.0,1242.0,531.0
0.0,3630.0,1762.0,1800.0,1770.0,1762.0,1762.0,1260.0,540.0,1233.0,529.0
0.0,3638.0,1755.0,1800.0,1762.0,1755.0,1755.0,1260.0,540.0,1229.0,526.0
0.0,3645.0,1886.0,1803.0,1755.0,1895.0,1895.0,1262.0,541.0,1319.0,567.0
0.0,3514.0,1842.0,1805.0,1895.0,1848.0,1848.0,1263.0,542.0,1289.0,553.0
0.0,3567.0,1794.0,1804.0,1848.0,1791.0,1791.0,1263.0,541.0,1255.0,539.0
0.0,3621.0,1801.0,1803.0,1791.0,1798.0,1798.0,1262.0,541.0,1263.0,538.0
0.0,3611.0,1687.0,1800.0,1798.0,1678.0,1678.0,1260.0,540.0,1180.0,507.0
0.0,3722.0,1850.0,1800.0,1678.0,1850.0,1850.0,1260.0,540.0,1294.0,556.0
0.0,3550.0,1897.0,1803.0,1850.0,1906.0,1906.0,1262.0,541.0,1329.0,568.0
0.0,3503.0,1828.0,1804.0,1906.0,1831.0,1831.0,1263.0,541.0,1279.0,549.0
0.0,3581.0,1880.0,1807.0,1831.0,1889.0,1889.0,1265.0,542.0,1316.0,564.0
0.0,3532.0,1873.0,1809.0,1889.0,1879.0,1879.0,1266.0,543.0,1311.0,562.0
0.0,3548.0,1783.0,1807.0,1879.0,1777.0,1777.0,1265.0,542.0,1249.0,534.0
0.0,3644.0,1807.0,1806.0,1777.0,1804.0,1804.0,1264.0,542.0,1264.0,543.0
0.0,3614.0,1799.0,1804.0,1804.0,1793.0,1793.0,1263.0,541.0,1259.0,540.0
0.0,3619.0,1843.0,1806.0,1793.0,1849.0,1849.0,1264.0,542.0,1291.0,552.0
0.0,3569.0,1898.0,1810.0,1849.0,1910.0,1910.0,1267.0,543.0,1328.0,570.0
0.0,3520.0,1913.0,1813.0,1910.0,1922.0,1922.0,1269.0,544.0,1340.0,573.0
0.0,3517.0,1862.0,1815.0,1922.0,1868.0,1868.0,1270.0,545.0,1302.0,560.0
0.0,3577.0,1766.0,1814.0,1868.0,1763.0,1763.0,1270.0,544.0,1235.0,531.0
0.0,3679.0,1713.0,1811.0,1763.0,1704.0,1704.0,1268.0,543.0,1199.0,514.0
0.0,3729.0,1771.0,1809.0,1704.0,1765.0,1765.0,1266.0,543.0,1241.0,530.0
0.0,3662.0,1829.0,1811.0,1765.0,1835.0,1835.0,1268.0,543.0,1279.0,550.0
0.0,3598.0,1898.0,1814.0,1835.0,1907.0,1907.0,1270.0,544.0,1329.0,569.0
0.0,3535.0,1832.0,1817.0,1907.0,1841.0,1841.0,1272.0,545.0,1281.0,551.0
0.0,3610.0,1913.0,1820.0,1841.0,1922.0,1922.0,1274.0,546.0,1341.0,572.0
0.0,3538.0,1783.0,1818.0,1922.0,1777.0,1777.0,1272.0,546.0,1247.0,536.0
0.0,3677.0,1764.0,1816.0,1777.0,1758.0,1758.0,1271.0,545.0,1235.0,529.0
0.0,3690.0,1796.0,1814.0,1758.0,1790.0,1790.0,1270.0,544.0,1257.0,539.0
0.0,3652.0,1883.0,1816.0,1790.0,1889.0,1889.0,1271.0,545.0,1319.0,564.0
0.0,3559.0,1984.0,1820.0,1889.0,1996.0,1996.0,1274.0,546.0,1387.0,597.0
0.0,3464.0,1928.0,1826.0,1996.0,1946.0,1946.0,1278.0,548.0,1350.0,578.0
0.0,3532.0,1866.0,1826.0,1946.0,1866.0,1866.0,1278.0,548.0,1306.0,560.0
0.0,3612.0,1779.0,1825.0,1866.0,1776.0,1776.0,1277.0,548.0,1245.0,534.0
0.0,3699.0,1742.0,1823.0,1776.0,1736.0,1736.0,1276.0,547.0,1221.0,521.0
0.0,3733.0,1765.0,1821.0,1736.0,1759.0,1759.0,1275.0,546.0,1234.0,531.0
0.0,3704.0,1787.0,1822.0,1759.0,1790.0,1790.0,1275.0,547.0,1252.0,535.0
0.0,3676.0,1922.0,1824.0,1790.0,1928.0,1928.0,1277.0,547.0,1345.0,577.0
0.0,3544.0,1922.0,1827.0,1928.0,1931.0,1931.0,1279.0,548.0,1345.0,577.0
0.0,3550.0,1927.0,1831.0,1931.0,1939.0,1939.0,1282.0,549.0,1349.0,578.0
0.0,3554.0,1823.0,1830.0,1939.0,1820.0,1820.0,1281.0,549.0,1277.0,546.0
0.0,3670.0,1780.0,1827.0,1820.0,1771.0,1771.0,1279.0,548.0,1245.0,535.0
0.0,3710.0,1767.0,1827.0,1771.0,1767.0,1767.0,1279.0,548.0,1237.0,530.0
0.0,3714.0,1860.0,1827.0,1767.0,1860.0,1860.0,1279.0,548.0,1302.0,558.0
0.0,3621.0,1921.0,1832.0,1860.0,1936.0,1936.0,1282.0,550.0,1345.0,576.0
0.0,3560.0,1910.0,1833.0,1936.0,1913.0,1913.0,1283.0,550.0,1338.0,572.0
0.0,3586.0,1885.0,1835.0,1913.0,1891.0,1891.0,1284.0,551.0,1318.0,567.0
0.0,3614.0,1817.0,1834.0,1891.0,1814.0,1814.0,1284.0,550.0,1271.0,546.0
0.0,3688.0,1840.0,1834.0,1814.0,1840.0,1840.0,1284.0,550.0,1288.0,552.0
0.0,3662.0,1819.0,1833.0,1840.0,1816.0,1816.0,1283.0,550.0,1275.0,544.0
0.0,3683.0,1824.0,1833.0,1816.0,1824.0,1824.0,1283.0,550.0,1275.0,549.0
0.0,3675.0,1917.0,1836.0,1824.0,1926.0,1926.0,1285.0,551.0,1344.0,573.0
0.0,3582.0,1972.0,1840.0,1926.0,1984.0,1984.0,1288.0,552.0,1381.0,591.0
0.0,3536.0,1858.0,1843.0,1984.0,1867.0,1867.0,1290.0,553.0,1299.0,559.0
0.0,3662.0,1789.0,1840.0,1867.0,1780.0,1780.0,1288.0,552.0,1251.0,538.0
0.0,3740.0,1774.0,1839.0,1780.0,1771.0,1771.0,1287.0,552.0,1243.0,531.0
0.0,3746.0,1806.0,1840.0,1771.0,1809.0,1809.0,1288.0,552.0,1264.0,542.0
0.0,3711.0,1842.0,1840.0,1809.0,1842.0,1842.0,1288.0,552.0,1288.0,554.0
0.0,3678.0,1950.0,1846.0,1842.0,1968.0,1968.0,1292.0,554.0,1366.0,584.0
0.0,3570.0,1904.0,1846.0,1968.0,1904.0,1904.0,1292.0,554.0,1334.0,570.0
0.0,3634.0,1852.0,1846.0,1904.0,1852.0,1852.0,1292.0,554.0,1295.0,557.0
0.0,3686.0,1823.0,1846.0,1852.0,1823.0,1823.0,1292.0,554.0,1276.0,547.0
0.0,3715.0,1807.0,1844.0,1823.0,1801.0,1801.0,1291.0,553.0,1264.0,543.0
0.0,3731.0,1834.0,1843.0,1801.0,1831.0,1831.0,1290.0,553.0,1286.0,548.0
0.0,3698.0,1943.0,1846.0,1831.0,1952.0,1952.0,1292.0,554.0,1360.0,583.0
0.0,3586.0,1909.0,1849.0,1952.0,1918.0,1918.0,1294.0,555.0,1335.0,574.0
0.0,3629.0,1909.0,1850.0,1918.0,1912.0,1912.0,1295.0,555.0,1337.0,572.0
0.0,3638.0,1827.0,1850.0,1912.0,1827.0,1827.0,1295.0,555.0,1279.0,548.0
0.0,3723.0,1793.0,1848.0,1827.0,1787.0,1787.0,1294.0,554.0,1254.0,539.0
0.0,3757.0,1773.0,1846.0,1787.0,1767.0,1767.0,1292.0,554.0,1241.0,532.0
0.0,3771.0,1811.0,1844.0,1767.0,1805.0,1805.0,1291.0,553.0,1268.0,543.0
0.0,3727.0,1879.0,1847.0,1805.0,1888.0,1888.0,1293.0,554.0,1316.0,563.0
0.0,3653.0,1918.0,1850.0,1888.0,1927.0,1927.0,1295.0,555.0,1341.0,577.0
0.0,3623.0,1962.0,1854.0,1927.0,1974.0,1974.0,1298.0,556.0,1373.0,589.0
0.0,3588.0,1872.0,1855.0,1974.0,1875.0,1875.0,1298.0,557.0,1311.0,561.0
0.0,3690.0,1890.0,1855.0,1875.0,1890.0,1890.0,1298.0,557.0,1323.0,567.0
0.0,3675.0,1791.0,1854.0,1890.0,1788.0,1788.0,1298.0,556.0,1253.0,538.0
0.0,3774.0,1755.0,1851.0,1788.0,1746.0,1746.0,1296.0,555.0,1229.0,526.0
0.0,3807.0,1850.0,1853.0,1746.0,1856.0,1856.0,1297.0,556.0,1296.0,554.0
0.0,3703.0,1890.0,1854.0,1856.0,1893.0,1893.0,1298.0,556.0,1323.0,567.0
0.0,3669.0,1952.0,1857.0,1893.0,1961.0,1961.0,1300.0,557.0,1366.0,586.0
0.0,3610.0,1893.0,1857.0,1961.0,1893.0,1893.0,1300.0,557.0,1325.0,568.0
0.0,3678.0,1847.0,1856.0,1893.0,1844.0,1844.0,1299.0,557.0,1293.0,554.0
0.0,3724.0,1764.0,1852.0,1844.0,1752.0,1752.0,1296.0,556.0,1235.0,529.0
0.0,3804.0,1866.0,1852.0,1752.0,1866.0,1866.0,1296.0,556.0,1306.0,560.0
0.0,3690.0,1896.0,1854.0,1866.0,1902.0,1902.0,1298.0,556.0,1327.0,569.0
0.0,3660.0,1940.0,1859.0,1902.0,1955.0,1955.0,1301.0,558.0,1358.0,582.0
0.0,3622.0,1951.0,1862.0,1955.0,1960.0,1960.0,1303.0,559.0,1366.0,585.0
0.0,3626.0,1950.0,1865.0,1960.0,1959.0,1959.0,1305.0,560.0,1365.0,585.0
0.0,3636.0,1840.0,1863.0,1959.0,1834.0,1834.0,1304.0,559.0,1289.0,551.0
0.0,3755.0,1837.0,1862.0,1834.0,1834.0,1834.0,1303.0,559.0,1285.0,552.0
0.0,3752.0,1843.0,1860.0,1834.0,1837.0,1837.0,1302.0,558.0,1289.0,554.0
0.0,3743.0,1900.0,1862.0,1837.0,1906.0,1906.0,1303.0,559.0,1331.0,569.0
0.0,3680.0,1865.0,1863.0,1906.0,1868.0,1868.0,1304.0,559.0,1306.0,559.0
0.0,3721.0,2005.0,1867.0,1868.0,2017.0,2017.0,1307.0,560.0,1402.0,603.0
0.0,3584.0,1863.0,1867.0,2017.0,1863.0,1863.0,1307.0,560.0,1304.0,559.0
0.0,3738.0,1854.0,1867.0,1863.0,1854.0,1854.0,1307.0,560.0,1299.0,555.0
0.0,3747.0,1791.0,1864.0,1854.0,1782.0,1782.0,1305.0,559.0,1253.0,538.0
0.0,3810.0,1807.0,1863.0,1782.0,1804.0,1804.0,1304.0,559.0,1266.0,541.0
0.0,3785.0,1922.0,1864.0,1804.0,1925.0,1925.0,1305.0,559.0,1344.0,578.0
0.0,3667.0,1975.0,1867.0,1925.0,1984.0,1984.0,1307.0,560.0,1382.0,593.0
0.0,3617.0,1906.0,1869.0,1984.0,1912.0,1912.0,1308.0,561.0,1335.0,571.0
0.0,3695.0,1942.0,1871.0,1912.0,1948.0,1948.0,1310.0,561.0,1358.0,584.0
0.0,3665.0,1889.0,1870.0,1948.0,1886.0,1886.0,1309.0,561.0,1322.0,567.0
0.0,3724.0,1838.0,1869.0,1886.0,1835.0,1835.0,1308.0,561.0,1288.0,550.0
0.0,3772.0,1796.0,1867.0,1835.0,1790.0,1790.0,1307.0,560.0,1256.0,540.0
0.0,3811.0,1877.0,1869.0,1790.0,1883.0,1883.0,1308.0,561.0,1315.0,562.0
0.0,3724.0,1916.0,1871.0,1883.0,1922.0,1922.0,1310.0,561.0,1341.0,575.0
0.0,3691.0,1940.0,1874.0,1922.0,1949.0,1949.0,1312.0,562.0,1357.0,583.0
0.0,3673.0,1929.0,1876.0,1949.0,1935.0,1935.0,1313.0,563.0,1352.0,577.0
0.0,3693.0,1826.0,1873.0,1935.0,1817.0,1817.0,1311.0,562.0,1276.0,550.0
0.0,3802.0,1863.0,1873.0,1817.0,1863.0,1863.0,1311.0,562.0,1306.0,557.0
0.0,3756.0,1817.0,1872.0,1863.0,1814.0,1814.0,1310.0,562.0,1271.0,546.0
0.0,3802.0,1865.0,1873.0,1814.0,1868.0,1868.0,1311.0,562.0,1306.0,559.0
0.0,3751.0,1900.0,1874.0,1868.0,1903.0,1903.0,1312.0,562.0,1329.0,571.0
0.0,3719.0,1982.0,1877.0,1903.0,1991.0,1991.0,1314.0,563.0,1387.0,595.0
0.0,3640.0,1878.0,1876.0,1991.0,1875.0,1875.0,1313.0,563.0,1316.0,562.0
0.0,3753.0,1870.0,1876.0,1875.0,1870.0,1870.0,1313.0,563.0,1309.0,561.0
0.0,3758.0,1837.0,1874.0,1870.0,1831.0,1831.0,1312.0,562.0,1285.0,552.0
0.0,3791.0,1843.0,1874.0,1831.0,1843.0,1843.0,1312.0,562.0,1290.0,553.0
0.0,3779.0,1892.0,1876.0,1843.0,1898.0,1898.0,1313.0,563.0,1325.0,567.0
0.0,3730.0,1982.0,1880.0,1898.0,1994.0,1994.0,1316.0,564.0,1388.0,594.0
0.0,3646.0,1916.0,1882.0,1994.0,1922.0,1922.0,1317.0,565.0,1340.0,576.0
0.0,3724.0,1877.0,1882.0,1922.0,1877.0,1877.0,1317.0,565.0,1314.0,563.0
0.0,3769.0,1949.0,1883.0,1877.0,1952.0,1952.0,1318.0,565.0,1365.0,584.0
0.0,3697.0,1797.0,1880.0,1952.0,1788.0,1788.0,1316.0,564.0,1258.0,539.0
0.0,3852.0,1794.0,1878.0,1788.0,1788.0,1788.0,1315.0,563.0,1255.0,539.0
0.0,3846.0,1894.0,1878.0,1788.0,1894.0,1894.0,1315.0,563.0,1326.0,568.0
0.0,3740.0,1926.0,1880.0,1894.0,1932.0,1932.0,1316.0,564.0,1347.0,579.0
0.0,3708.0,1988.0,1886.0,1932.0,2006.0,2006.0,1320.0,566.0,1392.0,596.0
0.0,3652.0,1927.0,1887.0,2006.0,1930.0,1930.0,1321.0,566.0,1350.0,577.0
0.0,3731.0,1840.0,1886.0,1930.0,1837.0,1837.0,1320.0,566.0,1288.0,552.0
0.0,3821.0,1788.0,1883.0,1837.0,1779.0,1779.0,1318.0,565.0,1252.0,536.0
0.0,3870.0,1818.0,1881.0,1779.0,1812.0,1812.0,1317.0,564.0,1272.0,546.0
0.0,3831.0,1945.0,1883.0,1812.0,1951.0,1951.0,1318.0,565.0,1362.0,583.0
0.0,3698.0,1980.0,1887.0,1951.0,1992.0,1992.0,1321.0,566.0,1384.0,596.0
0.0,3669.0,1977.0,1889.0,1992.0,1983.0,1983.0,1322.0,567.0,1385.0,592.0
0.0,3684.0,1903.0,1890.0,1983.0,1906.0,1906.0,1323.0,567.0,1332.0,571.0
0.0,3764.0,1889.0,1889.0,1906.0,1886.0,1886.0,1322.0,567.0,1322.0,567.0
0.0,3781.0,1888.0,1887.0,1886.0,1882.0,1882.0,1321.0,566.0,1321.0,567.0
0.0,3779.0,1871.0,1886.0,1882.0,1868.0,1868.0,1320.0,566.0,1311.0,560.0
0.0,3790.0,2003.0,1889.0,1868.0,2012.0,2012.0,1322.0,567.0,1402.0,601.0
0.0,3655.0,1973.0,1891.0,2012.0,1979.0,1979.0,1324.0,567.0,1381.0,592.0
0.0,3694.0,2008.0,1894.0,1979.0,2017.0,2017.0,1326.0,568.0,1405.0,603.0
0.0,3665.0,1962.0,1896.0,2017.0,1968.0,1968.0,1327.0,569.0,1374.0,588.0
0.0,3720.0,1867.0,1896.0,1968.0,1867.0,1867.0,1327.0,569.0,1307.0,560.0
0.0,3821.0,1840.0,1893.0,1867.0,1831.0,1831.0,1325.0,568.0,1288.0,552.0
0.0,3848.0,1856.0,1893.0,1831.0,1856.0,1856.0,1325.0,568.0,1299.0,557.0
0.0,3823.0,1869.0,1893.0,1856.0,1869.0,1869.0,1325.0,568.0,1308.0,561.0
0.0,3810.0,2017.0,1897.0,1869.0,2029.0,2029.0,1328.0,569.0,1410.0,607.0
0.0,3662.0,2015.0,1901.0,2029.0,2027.0,2027.0,1331.0,570.0,1410.0,605.0
0.0,3676.0,1956.0,1902.0,2027.0,1959.0,1959.0,1331.0,571.0,1370.0,586.0
0.0,3747.0,1953.0,1901.0,1959.0,1950.0,1950.0,1331.0,570.0,1367.0,586.0
0.0,3753.0,1847.0,1900.0,1950.0,1844.0,1844.0,1330.0,570.0,1292.0,555.0
0.0,3856.0,1887.0,1899.0,1844.0,1884.0,1884.0,1329.0,570.0,1322.0,565.0
0.0,3813.0,1921.0,1900.0,1884.0,1924.0,1924.0,1330.0,570.0,1343.0,578.0
0.0,3776.0,1956.0,1902.0,1924.0,1962.0,1962.0,1331.0,571.0,1370.0,586.0
0.0,3744.0,1984.0,1906.0,1962.0,1996.0,1996.0,1334.0,572.0,1388.0,596.0
0.0,3722.0,1955.0,1907.0,1996.0,1958.0,1958.0,1335.0,572.0,1367.0,588.0
0.0,3763.0,1926.0,1907.0,1958.0,1926.0,1926.0,1335.0,572.0,1349.0,577.0
0.0,3795.0,1853.0,1906.0,1926.0,1850.0,1850.0,1334.0,572.0,1298.0,555.0
0.0,3868.0,1828.0,1904.0,1850.0,1822.0,1822.0,1333.0,571.0,1278.0,550.0
0.0,3890.0,1866.0,1904.0,1822.0,1866.0,1866.0,1333.0,571.0,1307.0,559.0
0.0,3846.0,2015.0,1907.0,1866.0,2024.0,2024.0,1335.0,572.0,1410.0,605.0
0.0,3697.0,1971.0,1910.0,2024.0,1980.0,1980.0,1337.0,573.0,1379.0,592.0
0.0,3750.0,1897.0,1911.0,1980.0,1900.0,1900.0,1338.0,573.0,1328.0,569.0
0.0,3833.0,1852.0,1910.0,1900.0,1849.0,1849.0,1337.0,573.0,1296.0,556.0
0.0,3881.0,1871.0,1908.0,1849.0,1865.0,1865.0,1336.0,572.0,1310.0,561.0
0.0,3859.0,1852.0,1907.0,1865.0,1849.0,1849.0,1335.0,572.0,1296.0,556.0
0.0,3872.0,1913.0,1909.0,1849.0,1919.0,1919.0,1336.0,573.0,1339.0,574.0
0.0,3808.0,1986.0,1911.0,1919.0,1992.0,1992.0,1338.0,573.0,1390.0,596.0
0.0,3741.0,1919.0,1913.0,1992.0,1925.0,1925.0,1339.0,574.0,1344.0,575.0
0.0,3814.0,1970.0,1914.0,1925.0,1973.0,1973.0,1340.0,574.0,1378.0,592.0
0.0,3769.0,1861.0,1912.0,1973.0,1855.0,1855.0,1338.0,574.0,1304.0,557.0
0.0,3881.0,1871.0,1911.0,1855.0,1868.0,1868.0,1338.0,573.0,1309.0,562.0
0.0,3865.0,1875.0,1911.0,1868.0,1875.0,1875.0,1338.0,573.0,1312.0,563.0
0.0,3858.0,1886.0,1910.0,1875.0,1883.0,1883.0,1337.0,573.0,1320.0,566.0
0.0,3847.0,1990.0,1913.0,1883.0,1999.0,1999.0,1339.0,574.0,1393.0,597.0
0.0,3740.0,2062.0,1919.0,1999.0,2080.0,2080.0,1343.0,576.0,1444.0,618.0
0.0,3677.0,1926.0,1919.0,2080.0,1926.0,1926.0,1343.0,576.0,1349.0,577.0
0.0,3831.0,1916.0,1919.0,1926.0,1916.0,1916.0,1343.0,576.0,1341.0,575.0
0.0,3841.0,1838.0,1916.0,1916.0,1829.0,1829.0,1341.0,575.0,1287.0,551.0
0.0,3919.0,1906.0,1916.0,1829.0,1906.0,1906.0,1341.0,575.0,1334.0,572.0
0.0,3842.0,1977.0,1919.0,1906.0,1986.0,1986.0,1343.0,576.0,1383.0,594.0
0.0,3771.0,2062.0,1923.0,1986.0,2074.0,2074.0,1346.0,577.0,1445.0,617.0
0.0,3695.0,2026.0,1927.0,2074.0,2038.0,2038.0,1349.0,578.0,1416.0,610.0
0.0,3743.0,1994.0,1929.0,2038.0,2000.0,2000.0,1350.0,579.0,1397.0,597.0
0.0,3787.0,1924.0,1927.0,2000.0,1918.0,1918.0,1349.0,578.0,1347.0,577.0
0.0,3863.0,1844.0,1925.0,1918.0,1838.0,1838.0,1347.0,578.0,1291.0,553.0
0.0,3937.0,1919.0,1926.0,1838.0,1922.0,1922.0,1348.0,578.0,1343.0,576.0
0.0,3856.0,1947.0,1926.0,1922.0,1947.0,1947.0,1348.0,578.0,1364.0,583.0
0.0,3831.0,1980.0,1929.0,1947.0,1989.0,1989.0,1350.0,579.0,1385.0,595.0
0.0,3798.0,1974.0,1930.0,1989.0,1977.0,1977.0,1351.0,579.0,1383.0,591.0
0.0,3813.0,1932.0,1929.0,1977.0,1929.0,1929.0,1350.0,579.0,1351.0,581.0
0.0,3858.0,1961.0,1929.0,1929.0,1961.0,1961.0,1350.0,579.0,1373.0,588.0
0.0,3826.0,1859.0,1926.0,1961.0,1850.0,1850.0,1348.0,578.0,1302.0,557.0
0.0,3928.0,1940.0,1926.0,1850.0,1940.0,1940.0,1348.0,578.0,1357.0,583.0
0.0,3838.0,1920.0,1926.0,1940.0,1920.0,1920.0,1348.0,578.0,1345.0,575.0
0.0,3858.0,2078.0,1930.0,1920.0,2090.0,2090.0,1351.0,579.0,1453.0,625.0
0.0,3700.0,2058.0,1935.0,2090.0,2073.0,2073.0,1354.0,581.0,1441.0,617.0
0.0,3732.0,1939.0,1936.0,2073.0,1942.0,1942.0,1355.0,581.0,1357.0,582.0
0.0,3866.0,1985.0,1936.0,1942.0,1985.0,1985.0,1355.0,581.0,1389.0,596.0
0.0,3823.0,1844.0,1932.0,1985.0,1832.0,1832.0,1352.0,580.0,1291.0,553.0
0.0,3964.0,1982.0,1933.0,1832.0,1985.0,1985.0,1353.0,580.0,1388.0,594.0
0.0,3814.0,1964.0,1933.0,1985.0,1964.0,1964.0,1353.0,580.0,1375.0,589.0
0.0,3835.0,2000.0,1936.0,1964.0,2009.0,2009.0,1355.0,581.0,1400.0,600.0
0.0,3799.0,2037.0,1939.0,2009.0,2046.0,2046.0,1357.0,582.0,1425.0,612.0
0.0,3771.0,1957.0,1940.0,2046.0,1960.0,1960.0,1358.0,582.0,1371.0,586.0
0.0,3860.0,1917.0,1939.0,1960.0,1914.0,1914.0,1357.0,582.0,1342.0,575.0
0.0,3903.0,1838.0,1936.0,1914.0,1829.0,1829.0,1355.0,581.0,1287.0,551.0
0.0,3979.0,1884.0,1934.0,1829.0,1878.0,1878.0,1354.0,580.0,1318.0,566.0
0.0,3924.0,1939.0,1934.0,1878.0,1939.0,1939.0,1354.0,580.0,1357.0,582.0
0.0,3863.0,2006.0,1937.0,1939.0,2015.0,2015.0,1356.0,581.0,1404.0,602.0
0.0,3796.0,1935.0,1940.0,2015.0,1944.0,1944.0,1358.0,582.0,1355.0,580.0
0.0,3876.0,1979.0,1942.0,1944.0,1985.0,1985.0,1359.0,583.0,1385.0,594.0
0.0,3841.0,1922.0,1940.0,1985.0,1916.0,1916.0,1358.0,582.0,1344.0,578.0
0.0,3904.0,1891.0,1939.0,1916.0,1888.0,1888.0,1357.0,582.0,1325.0,566.0
0.0,3929.0,1899.0,1939.0,1888.0,1899.0,1899.0,1357.0,582.0,1329.0,570.0
0.0,3918.0,1952.0,1940.0,1899.0,1955.0,1955.0,1358.0,582.0,1365.0,587.0
0.0,3865.0,2007.0,1943.0,1955.0,2016.0,2016.0,1360.0,583.0,1407.0,600.0
0.0,3813.0,2095.0,1947.0,2016.0,2107.0,2107.0,1363.0,584.0,1465.0,630.0
0.0,3734.0,1981.0,1949.0,2107.0,1987.0,1987.0,1364.0,585.0,1388.0,593.0
0.0,3860.0,1904.0,1947.0,1987.0,1898.0,1898.0,1363.0,584.0,1332.0,572.0
0.0,3943.0,1838.0,1946.0,1898.0,1835.0,1835.0,1362.0,584.0,1288.0,550.0
0.0,4003.0,1945.0,1946.0,1835.0,1945.0,1945.0,1362.0,584.0,1361.0,584.0
0.0,3893.0,2032.0,1949.0,1945.0,2041.0,2041.0,1364.0,585.0,1422.0,610.0
0.0,3806.0,2056.0,1953.0,2041.0,2068.0,2068.0,1367.0,586.0,1439.0,617.0
0.0,3791.0,2049.0,1956.0,2068.0,2058.0,2058.0,1369.0,587.0,1434.0,615.0
0.0,3810.0,2020.0,1958.0,2058.0,2026.0,2026.0,1371.0,587.0,1414.0,606.0
0.0,3848.0,1963.0,1957.0,2026.0,1960.0,1960.0,1370.0,587.0,1374.0,589.0
0.0,3911.0,1900.0,1954.0,1960.0,1891.0,1891.0,1368.0,586.0,1330.0,570.0
0.0,3971.0,1913.0,1954.0,1891.0,1913.0,1913.0,1368.0,586.0,1339.0,574.0
0.0,3949.0,2035.0,1957.0,1913.0,2044.0,2044.0,1370.0,587.0,1425.0,610.0
0.0,3827.0,2049.0,1960.0,2044.0,2058.0,2058.0,1372.0,588.0,1435.0,614.0
0.0,3822.0,2053.0,1963.0,2058.0,2062.0,2062.0,1374.0,589.0,1437.0,616.0
0.0,3827.0,1975.0,1963.0,2062.0,1975.0,1975.0,1374.0,589.0,1382.0,593.0
0.0,3914.0,1915.0,1960.0,1975.0,1906.0,1906.0,1372.0,588.0,1339.0,576.0
0.0,3974.0,1911.0,1959.0,1906.0,1908.0,1908.0,1371.0,588.0,1339.0,572.0
0.0,3969.0,1854.0,1956.0,1908.0,1845.0,1845.0,1369.0,587.0,1298.0,556.0
0.0,4023.0,1985.0,1957.0,1845.0,1988.0,1988.0,1370.0,587.0,1388.0,597.0
0.0,3883.0,2085.0,1962.0,1988.0,2100.0,2100.0,1373.0,589.0,1460.0,625.0
0.0,3786.0,2119.0,1966.0,2100.0,2131.0,2131.0,1376.0,590.0,1483.0,636.0
0.0,3767.0,2079.0,1968.0,2131.0,2085.0,2085.0,1378.0,590.0,1455.0,624.0
0.0,3819.0,1904.0,1967.0,2085.0,1901.0,1901.0,1377.0,590.0,1334.0,570.0
0.0,4000.0,1953.0,1966.0,1901.0,1950.0,1950.0,1376.0,590.0,1367.0,586.0
0.0,3948.0,1890.0,1966.0,1950.0,1890.0,1890.0,1376.0,590.0,1322.0,568.0
0.0,4008.0,1927.0,1964.0,1890.0,1921.0,1921.0,1375.0,589.0,1349.0,578.0
0.0,3971.0,2024.0,1967.0,1921.0,2033.0,2033.0,1377.0,590.0,1416.0,608.0
0.0,3868.0,2043.0,1970.0,2033.0,2052.0,2052.0,1379.0,591.0,1431.0,612.0
0.0,3858.0,1950.0,1970.0,2052.0,1950.0,1950.0,1379.0,591.0,1365.0,585.0
0.0,3960.0,1891.0,1967.0,1950.0,1882.0,1882.0,1377.0,590.0,1324.0,567.0
0.0,4019.0,1851.0,1963.0,1882.0,1839.0,1839.0,1374.0,589.0,1296.0,555.0
0.0,4050.0,1941.0,1963.0,1839.0,1941.0,1941.0,1374.0,589.0,1359.0,582.0
0.0,3948.0,1974.0,1963.0,1941.0,1974.0,1974.0,1374.0,589.0,1382.0,592.0
0.0,3915.0,2104.0,1967.0,1974.0,2116.0,2116.0,1377.0,590.0,1471.0,633.0
0.0,3785.0,2070.0,1969.0,2116.0,2076.0,2076.0,1378.0,591.0,1450.0,620.0
0.0,3831.0,2043.0,1971.0,2076.0,2049.0,2049.0,1380.0,591.0,1429.0,614.0
0.0,3864.0,2007.0,1971.0,2049.0,2007.0,2007.0,1380.0,591.0,1405.0,602.0
0.0,3906.0,1940.0,1969.0,2007.0,1934.0,1934.0,1378.0,591.0,1359.0,581.0
0.0,3973.0,1967.0,1969.0,1934.0,1967.0,1967.0,1378.0,591.0,1377.0,590.0
0.0,3940.0,2000.0,1971.0,1967.0,2006.0,2006.0,1380.0,591.0,1399.0,601.0
0.0,3907.0,2095.0,1976.0,2006.0,2110.0,2110.0,1383.0,593.0,1467.0,628.0
0.0,3818.0,2062.0,1979.0,2110.0,2071.0,2071.0,1385.0,594.0,1444.0,618.0
0.0,3866.0,2006.0,1980.0,2071.0,2009.0,2009.0,1386.0,594.0,1405.0,601.0
0.0,3931.0,1873.0,1978.0,2009.0,1867.0,1867.0,1385.0,593.0,1309.0,564.0
0.0,4067.0,1884.0,1977.0,1867.0,1881.0,1881.0,1384.0,593.0,1320.0,564.0
0.0,4050.0,1964.0,1977.0,1881.0,1964.0,1964.0,1384.0,593.0,1375.0,589.0
0.0,3967.0,1999.0,1978.0,1964.0,2002.0,2002.0,1385.0,593.0,1398.0,601.0
0.0,3932.0,2129.0,1983.0,2002.0,2144.0,2144.0,1388.0,595.0,1491.0,638.0
0.0,3805.0,2053.0,1986.0,2144.0,2062.0,2062.0,1390.0,596.0,1437.0,616.0
0.0,3896.0,2003.0,1987.0,2062.0,2006.0,2006.0,1391.0,596.0,1403.0,600.0
0.0,3955.0,1976.0,1986.0,2006.0,1973.0,1973.0,1390.0,596.0,1383.0,593.0
0.0,3985.0,1863.0,1982.0,1973.0,1851.0,1851.0,1387.0,595.0,1303.0,560.0
0.0,4095.0,1953.0,1981.0,1851.0,1950.0,1950.0,1387.0,594.0,1366.0,587.0
0.0,3993.0,1954.0,1982.0,1950.0,1957.0,1957.0,1387.0,595.0,1369.0,585.0
0.0,3989.0,2083.0,1987.0,1957.0,2098.0,2098.0,1391.0,596.0,1459.0,624.0
0.0,3863.0,2083.0,1990.0,2098.0,2092.0,2092.0,1393.0,597.0,1458.0,625.0
0.0,3878.0,1956.0,1988.0,2092.0,1950.0,1950.0,1392.0,596.0,1368.0,588.0
0.0,4014.0,1960.0,1986.0,1950.0,1954.0,1954.0,1390.0,596.0,1373.0,587.0
0.0,4004.0,1947.0,1984.0,1954.0,1941.0,1941.0,1389.0,595.0,1362.0,585.0
0.0,4011.0,1899.0,1982.0,1941.0,1893.0,1893.0,1387.0,595.0,1330.0,569.0
0.0,4053.0,1963.0,1982.0,1893.0,1963.0,1963.0,1387.0,595.0,1374.0,589.0
0.0,3983.0,2054.0,1984.0,1963.0,2060.0,2060.0,1389.0,595.0,1437.0,617.0
0.0,3892.0,2073.0,1988.0,2060.0,2085.0,2085.0,1392.0,596.0,1451.0,622.0
0.0,3879.0,2040.0,1988.0,2085.0,2040.0,2040.0,1392.0,596.0,1428.0,612.0
0.0,3924.0,1913.0,1986.0,2040.0,1907.0,1907.0,1390.0,596.0,1340.0,573.0
0.0,4051.0,1956.0,1983.0,1907.0,1947.0,1947.0,1388.0,595.0,1368.0,588.0
0.0,4002.0,1901.0,1982.0,1947.0,1898.0,1898.0,1387.0,595.0,1332.0,569.0
0.0,4048.0,2002.0,1984.0,1898.0,2008.0,2008.0,1389.0,595.0,1400.0,602.0
0.0,3944.0,2065.0,1987.0,2008.0,2074.0,2074.0,1391.0,596.0,1445.0,620.0
0.0,3887.0,2092.0,1991.0,2074.0,2104.0,2104.0,1394.0,597.0,1464.0,628.0
0.0,3869.0,2039.0,1993.0,2104.0,2045.0,2045.0,1395.0,598.0,1428.0,611.0
0.0,3934.0,1987.0,1990.0,2045.0,1978.0,1978.0,1393.0,597.0,1390.0,597.0
0.0,3992.0,1935.0,1987.0,1978.0,1926.0,1926.0,1391.0,596.0,1355.0,580.0
0.0,4035.0,1977.0,1985.0,1926.0,1971.0,1971.0,1389.0,596.0,1385.0,592.0
0.0,3984.0,2013.0,1987.0,1971.0,2019.0,2019.0,1391.0,596.0,1408.0,605.0
0.0,3942.0,2060.0,1989.0,2019.0,2066.0,2066.0,1392.0,597.0,1443.0,617.0
0.0,3901.0,2019.0,1992.0,2066.0,2028.0,2028.0,1394.0,598.0,1413.0,606.0
0.0,3948.0,2068.0,1994.0,2028.0,2074.0,2074.0,1396.0,598.0,1447.0,621.0
0.0,3908.0,2009.0,1994.0,2074.0,2009.0,2009.0,1396.0,598.0,1406.0,603.0
0.0,3973.0,1927.0,1992.0,2009.0,1921.0,1921.0,1394.0,598.0,1349.0,578.0
0.0,4055.0,1953.0,1992.0,1921.0,1953.0,1953.0,1394.0,598.0,1367.0,586.0
0.0,4023.0,2042.0,1994.0,1953.0,2048.0,2048.0,1396.0,598.0,1429.0,613.0
0.0,3934.0,2061.0,1999.0,2048.0,2076.0,2076.0,1399.0,600.0,1443.0,618.0
0.0,3921.0,2128.0,2003.0,2076.0,2140.0,2140.0,1402.0,601.0,1489.0,639.0
0.0,3869.0,2004.0,2003.0,2140.0,2004.0,2004.0,1402.0,601.0,1403.0,601.0
0.0,4005.0,1996.0,2001.0,2004.0,1990.0,1990.0,1401.0,600.0,1396.0,600.0
0.0,4013.0,1914.0,1997.0,1990.0,1902.0,1902.0,1398.0,599.0,1340.0,574.0
0.0,4089.0,1948.0,1996.0,1902.0,1945.0,1945.0,1397.0,599.0,1365.0,583.0
0.0,4043.0,2045.0,1997.0,1945.0,2048.0,2048.0,1398.0,599.0,1430.0,615.0
0.0,3943.0,2053.0,1999.0,2048.0,2059.0,2059.0,1399.0,600.0,1438.0,615.0
0.0,3938.0,2023.0,2000.0,2059.0,2026.0,2026.0,1400.0,600.0,1415.0,608.0
0.0,3974.0,2093.0,2002.0,2026.0,2099.0,2099.0,1401.0,601.0,1466.0,627.0
0.0,3907.0,1999.0,2000.0,2099.0,1993.0,1993.0,1400.0,600.0,1398.0,601.0
0.0,4007.0,1927.0,1997.0,1993.0,1918.0,1918.0,1398.0,599.0,1349.0,578.0
0.0,4073.0,1993.0,1997.0,1918.0,1993.0,1993.0,1398.0,599.0,1395.0,598.0
0.0,3998.0,2028.0,2000.0,1993.0,2037.0,2037.0,1400.0,600.0,1419.0,609.0
0.0,3963.0,2056.0,2003.0,2037.0,2065.0,2065.0,1402.0,601.0,1439.0,617.0
0.0,3944.0,2060.0,2006.0,2065.0,2069.0,2069.0,1404.0,602.0,1443.0,617.0
0.0,3949.0,2082.0,2007.0,2069.0,2085.0,2085.0,1405.0,602.0,1457.0,625.0
0.0,3936.0,1982.0,2004.0,2085.0,1973.0,1973.0,1403.0,601.0,1388.0,594.0
0.0,4039.0,1988.0,2003.0,1973.0,1985.0,1985.0,1402.0,601.0,1391.0,597.0
0.0,4024.0,1973.0,2002.0,1985.0,1970.0,1970.0,1401.0,601.0,1383.0,590.0
0.0,4036.0,2022.0,2003.0,1970.0,2025.0,2025.0,1402.0,601.0,1413.0,609.0
0.0,3984.0,2101.0,2007.0,2025.0,2113.0,2113.0,1405.0,602.0,1471.0,630.0
0.0,3908.0,2109.0,2010.0,2113.0,2118.0,2118.0,1407.0,603.0,1476.0,633.0
0.0,3912.0,2050.0,2013.0,2118.0,2059.0,2059.0,1409.0,604.0,1436.0,614.0
0.0,3980.0,1980.0,2010.0,2059.0,1971.0,1971.0,1407.0,603.0,1385.0,595.0
0.0,4059.0,1961.0,2009.0,1971.0,1958.0,1958.0,1406.0,603.0,1374.0,587.0
0.0,4069.0,1989.0,2009.0,1958.0,1989.0,1989.0,1406.0,603.0,1392.0,597.0
0.0,4038.0,1990.0,2010.0,1989.0,1993.0,1993.0,1407.0,603.0,1394.0,596.0
0.0,4037.0,2010.0,2010.0,1993.0,2010.0,2010.0,1407.0,603.0,1405.0,605.0
0.0,4020.0,2054.0,2013.0,2010.0,2063.0,2063.0,1409.0,604.0,1437.0,617.0
0.0,3976.0,2036.0,2015.0,2063.0,2042.0,2042.0,1410.0,605.0,1426.0,610.0
0.0,4003.0,2049.0,2015.0,2042.0,2049.0,2049.0,1410.0,605.0,1434.0,615.0
0.0,3996.0,1885.0,2011.0,2049.0,1873.0,1873.0,1408.0,603.0,1320.0,565.0
0.0,4160.0,1967.0,2010.0,1873.0,1964.0,1964.0,1407.0,603.0,1376.0,591.0
0.0,4066.0,2052.0,2013.0,1964.0,2061.0,2061.0,1409.0,604.0,1438.0,614.0
0.0,3978.0,2093.0,2016.0,2061.0,2102.0,2102.0,1411.0,605.0,1464.0,629.0
0.0,3946.0,2109.0,2019.0,2102.0,2118.0,2118.0,1413.0,606.0,1477.0,632.0
0.0,3939.0,2039.0,2020.0,2118.0,2042.0,2042.0,1414.0,606.0,1427.0,612.0
0.0,4018.0,2011.0,2019.0,2042.0,2008.0,2008.0,1413.0,606.0,1408.0,603.0
0.0,4049.0,1967.0,2016.0,2008.0,1958.0,1958.0,1411.0,605.0,1375.0,592.0
0.0,4090.0,1986.0,2016.0,1958.0,1986.0,1986.0,1411.0,605.0,1392.0,594.0
0.0,4062.0,2059.0,2017.0,1986.0,2062.0,2062.0,1412.0,605.0,1440.0,619.0
0.0,3989.0,2079.0,2020.0,2062.0,2088.0,2088.0,1414.0,606.0,1456.0,623.0
0.0,3972.0,2110.0,2022.0,2088.0,2116.0,2116.0,1415.0,607.0,1477.0,633.0
0.0,3950.0,2093.0,2023.0,2116.0,2096.0,2096.0,1416.0,607.0,1464.0,629.0
0.0,3973.0,1970.0,2022.0,2096.0,1967.0,1967.0,1415.0,607.0,1380.0,590.0
0.0,4099.0,1985.0,2021.0,1967.0,1982.0,1982.0,1415.0,606.0,1389.0,596.0
0.0,4081.0,2023.0,2020.0,1982.0,2020.0,2020.0,1414.0,606.0,1415.0,608.0
0.0,4040.0,2043.0,2021.0,2020.0,2046.0,2046.0,1415.0,606.0,1431.0,612.0
0.0,4017.0,2138.0,2026.0,2046.0,2153.0,2153.0,1418.0,608.0,1496.0,642.0
0.0,3925.0,2092.0,2027.0,2153.0,2095.0,2095.0,1419.0,608.0,1464.0,628.0
0.0,3986.0,2067.0,2029.0,2095.0,2073.0,2073.0,1420.0,609.0,1447.0,620.0
0.0,4014.0,2019.0,2027.0,2073.0,2013.0,2013.0,1419.0,608.0,1413.0,606.0
0.0,4068.0,1905.0,2023.0,2013.0,1893.0,1893.0,1416.0,607.0,1333.0,572.0
0.0,4176.0,2039.0,2024.0,1893.0,2042.0,2042.0,1417.0,607.0,1428.0,611.0
0.0,4030.0,2037.0,2024.0,2042.0,2037.0,2037.0,1417.0,607.0,1426.0,611.0
0.0,4035.0,2162.0,2030.0,2037.0,2180.0,2180.0,1421.0,609.0,1514.0,648.0
0.0,3910.0,2120.0,2033.0,2180.0,2129.0,2129.0,1423.0,610.0,1484.0,636.0
0.0,3970.0,2106.0,2034.0,2129.0,2109.0,2109.0,1424.0,610.0,1473.0,633.0
0.0,3993.0,2057.0,2034.0,2109.0,2057.0,2057.0,1424.0,610.0,1440.0,617.0
0.0,4045.0,1993.0,2033.0,2057.0,1990.0,1990.0,1423.0,610.0,1395.0,598.0
0.0,4109.0,2013.0,2032.0,1990.0,2010.0,2010.0,1422.0,610.0,1410.0,603.0
0.0,4086.0,2132.0,2034.0,2010.0,2138.0,2138.0,1424.0,610.0,1492.0,640.0
0.0,3964.0,2135.0,2039.0,2138.0,2150.0,2150.0,1427.0,612.0,1494.0,641.0
0.0,3967.0,2068.0,2040.0,2150.0,2071.0,2071.0,1428.0,612.0,1448.0,620.0
0.0,4049.0,2140.0,2042.0,2071.0,2146.0,2146.0,1429.0,613.0,1498.0,642.0
0.0,3980.0,1958.0,2040.0,2146.0,1952.0,1952.0,1428.0,612.0,1372.0,586.0
0.0,4168.0,1921.0,2037.0,1952.0,1912.0,1912.0,1426.0,611.0,1343.0,578.0
0.0,4199.0,2011.0,2036.0,1912.0,2008.0,2008.0,1425.0,611.0,1409.0,602.0
0.0,4100.0,2067.0,2037.0,2008.0,2070.0,2070.0,1426.0,611.0,1446.0,621.0
0.0,4041.0,2169.0,2041.0,2070.0,2181.0,2181.0,1429.0,612.0,1518.0,651.0
0.0,3942.0,2098.0,2043.0,2181.0,2104.0,2104.0,1430.0,613.0,1470.0,628.0
0.0,4025.0,2133.0,2046.0,2104.0,2142.0,2142.0,1432.0,614.0,1492.0,641.0
0.0,3996.0,1982.0,2043.0,2142.0,1973.0,1973.0,1430.0,613.0,1389.0,593.0
0.0,4156.0,2034.0,2042.0,1973.0,2031.0,2031.0,1429.0,613.0,1423.0,611.0
0.0,4095.0,2033.0,2042.0,2031.0,2033.0,2033.0,1429.0,613.0,1423.0,610.0
0.0,4093.0,2115.0,2044.0,2033.0,2121.0,2121.0,1431.0,613.0,1480.0,635.0
0.0,4011.0,2105.0,2047.0,2121.0,2114.0,2114.0,1433.0,614.0,1472.0,633.0
0.0,4027.0,2143.0,2050.0,2114.0,2152.0,2152.0,1435.0,615.0,1502.0,641.0
0.0,3998.0,2050.0,2051.0,2152.0,2053.0,2053.0,1436.0,615.0,1434.0,616.0
0.0,4100.0,2076.0,2053.0,2053.0,2082.0,2082.0,1437.0,616.0,1454.0,622.0
0.0,4077.0,2013.0,2052.0,2082.0,2010.0,2010.0,1436.0,616.0,1409.0,604.0
0.0,4146.0,2090.0,2053.0,2010.0,2093.0,2093.0,1437.0,616.0,1463.0,627.0
0.0,4066.0,2110.0,2054.0,2093.0,2113.0,2113.0,1438.0,616.0,1476.0,634.0
0.0,4049.0,2133.0,2059.0,2113.0,2148.0,2148.0,1441.0,618.0,1494.0,639.0
0.0,4029.0,2078.0,2061.0,2148.0,2084.0,2084.0,1443.0,618.0,1456.0,622.0
0.0,4099.0,2008.0,2060.0,2084.0,2005.0,2005.0,1442.0,618.0,1405.0,603.0
0.0,4175.0,2033.0,2059.0,2005.0,2030.0,2030.0,1441.0,618.0,1422.0,611.0
0.0,4147.0,1975.0,2056.0,2030.0,1966.0,1966.0,1439.0,617.0,1384.0,591.0
0.0,4202.0,2000.0,2056.0,1966.0,2000.0,2000.0,1439.0,617.0,1399.0,601.0
0.0,4168.0,2111.0,2057.0,2000.0,2114.0,2114.0,1440.0,617.0,1477.0,634.0
0.0,4057.0,2145.0,2061.0,2114.0,2157.0,2157.0,1443.0,618.0,1501.0,644.0
0.0,4026.0,2200.0,2065.0,2157.0,2212.0,2212.0,1445.0,620.0,1540.0,660.0
0.0,3983.0,2136.0,2066.0,2212.0,2139.0,2139.0,1446.0,620.0,1497.0,639.0
0.0,4059.0,2054.0,2066.0,2139.0,2054.0,2054.0,1446.0,620.0,1437.0,617.0
0.0,4144.0,2014.0,2064.0,2054.0,2008.0,2008.0,1445.0,619.0,1409.0,605.0
0.0,4184.0,2060.0,2063.0,2008.0,2057.0,2057.0,1444.0,619.0,1444.0,616.0
0.0,4132.0,2012.0,2064.0,2057.0,2015.0,2015.0,1445.0,619.0,1406.0,606.0
0.0,4177.0,2198.0,2069.0,2015.0,2213.0,2213.0,1448.0,621.0,1539.0,659.0
0.0,3994.0,2175.0,2071.0,2213.0,2181.0,2181.0,1450.0,621.0,1522.0,653.0
0.0,4032.0,2103.0,2073.0,2181.0,2109.0,2109.0,1451.0,622.0,1473.0,630.0
0.0,4110.0,2058.0,2071.0,2109.0,2052.0,2052.0,1450.0,621.0,1442.0,616.0
0.0,4161.0,2006.0,2069.0,2052.0,2000.0,2000.0,1448.0,621.0,1403.0,603.0
0.0,4207.0,1954.0,2067.0,2000.0,1948.0,1948.0,1447.0,620.0,1368.0,586.0
0.0,4253.0,2089.0,2069.0,1948.0,2095.0,2095.0,1448.0,621.0,1461.0,628.0
0.0,4112.0,2148.0,2073.0,2095.0,2160.0,2160.0,1451.0,622.0,1504.0,644.0
0.0,4059.0,2165.0,2076.0,2160.0,2174.0,2174.0,1453.0,623.0,1515.0,650.0
0.0,4054.0,2146.0,2077.0,2174.0,2149.0,2149.0,1454.0,623.0,1503.0,643.0
0.0,4082.0,2077.0,2076.0,2149.0,2074.0,2074.0,1453.0,623.0,1453.0,624.0
0.0,4154.0,1953.0,2073.0,2074.0,1944.0,1944.0,1451.0,622.0,1367.0,586.0
0.0,4275.0,1990.0,2070.0,1944.0,1981.0,1981.0,1449.0,621.0,1392.0,598.0
0.0,4229.0,2120.0,2072.0,1981.0,2126.0,2126.0,1450.0,622.0,1485.0,635.0
0.0,4090.0,2162.0,2075.0,2126.0,2171.0,2171.0,1452.0,623.0,1513.0,649.0
0.0,4054.0,2149.0,2077.0,2171.0,2155.0,2155.0,1454.0,623.0,1503.0,646.0
0.0,4076.0,2136.0,2077.0,2155.0,2136.0,2136.0,1454.0,623.0,1496.0,640.0
0.0,4095.0,2087.0,2077.0,2136.0,2087.0,2087.0,1454.0,623.0,1462.0,625.0
0.0,4144.0,2010.0,2076.0,2087.0,2007.0,2007.0,1453.0,623.0,1406.0,604.0
0.0,4221.0,2033.0,2073.0,2007.0,2024.0,2024.0,1451.0,622.0,1422.0,611.0
0.0,4195.0,2057.0,2076.0,2024.0,2066.0,2066.0,1453.0,623.0,1441.0,616.0
0.0,4162.0,2112.0,2079.0,2066.0,2121.0,2121.0,1455.0,624.0,1479.0,633.0
0.0,4116.0,2159.0,2082.0,2121.0,2168.0,2168.0,1457.0,625.0,1511.0,648.0
0.0,4078.0,2186.0,2084.0,2168.0,2192.0,2192.0,1459.0,625.0,1529.0,657.0
0.0,4060.0,2097.0,2083.0,2192.0,2094.0,2094.0,1458.0,625.0,1469.0,628.0
0.0,4155.0,2060.0,2082.0,2094.0,2057.0,2057.0,1457.0,625.0,1442.0,618.0
0.0,4189.0,2074.0,2081.0,2057.0,2071.0,2071.0,1457.0,624.0,1451.0,623.0
0.0,4172.0,2049.0,2083.0,2071.0,2055.0,2055.0,1458.0,625.0,1435.0,614.0
0.0,4194.0,2170.0,2085.0,2055.0,2176.0,2176.0,1459.0,626.0,1519.0,651.0
0.0,4079.0,2172.0,2087.0,2176.0,2178.0,2178.0,1461.0,626.0,1519.0,653.0
0.0,4083.0,2143.0,2088.0,2178.0,2146.0,2146.0,1462.0,626.0,1501.0,642.0
0.0,4118.0,2063.0,2087.0,2146.0,2060.0,2060.0,1461.0,626.0,1443.0,620.0
0.0,4201.0,2054.0,2086.0,2060.0,2051.0,2051.0,1460.0,626.0,1439.0,615.0
0.0,4207.0,2092.0,2086.0,2051.0,2092.0,2092.0,1460.0,626.0,1465.0,627.0
0.0,4166.0,2109.0,2087.0,2092.0,2112.0,2112.0,1461.0,626.0,1474.0,635.0
0.0,4149.0,2130.0,2089.0,2112.0,2136.0,2136.0,1462.0,627.0,1493.0,637.0
0.0,4131.0,2188.0,2091.0,2136.0,2194.0,2194.0,1464.0,627.0,1530.0,658.0
0.0,4079.0,2113.0,2091.0,2194.0,2113.0,2113.0,1464.0,627.0,1479.0,634.0
0.0,4160.0,2119.0,2091.0,2113.0,2119.0,2119.0,1464.0,627.0,1483.0,636.0
0.0,4154.0,2059.0,2090.0,2119.0,2056.0,2056.0,1463.0,627.0,1441.0,618.0
0.0,4214.0,2080.0,2092.0,2056.0,2086.0,2086.0,1464.0,628.0,1457.0,623.0
0.0,4190.0,2122.0,2094.0,2086.0,2128.0,2128.0,1466.0,628.0,1484.0,638.0
0.0,4154.0,2219.0,2099.0,2128.0,2234.0,2234.0,1469.0,630.0,1554.0,665.0
0.0,4063.0,2184.0,2102.0,2234.0,2193.0,2193.0,1471.0,631.0,1528.0,656.0
0.0,4113.0,2146.0,2103.0,2193.0,2149.0,2149.0,1472.0,631.0,1503.0,643.0
0.0,4160.0,2140.0,2103.0,2149.0,2140.0,2140.0,1472.0,631.0,1498.0,642.0
0.0,4169.0,2032.0,2099.0,2140.0,2020.0,2020.0,1469.0,630.0,1423.0,609.0
0.0,4277.0,2044.0,2097.0,2020.0,2038.0,2038.0,1468.0,629.0,1430.0,614.0
0.0,4253.0,2202.0,2100.0,2038.0,2211.0,2211.0,1470.0,630.0,1541.0,661.0
0.0,4089.0,2216.0,2104.0,2211.0,2228.0,2228.0,1473.0,631.0,1551.0,665.0
0.0,4084.0,2189.0,2107.0,2228.0,2198.0,2198.0,1475.0,632.0,1534.0,655.0
0.0,4123.0,2199.0,2110.0,2198.0,2208.0,2208.0,1477.0,633.0,1539.0,660.0
0.0,4122.0,2050.0,2107.0,2208.0,2041.0,2041.0,1475.0,632.0,1434.0,616.0
0.0,4280.0,2015.0,2104.0,2041.0,2006.0,2006.0,1473.0,631.0,1411.0,604.0
0.0,4306.0,2080.0,2104.0,2006.0,2080.0,2080.0,1473.0,631.0,1455.0,625.0
0.0,4232.0,2155.0,2106.0,2080.0,2161.0,2161.0,1474.0,632.0,1510.0,645.0
0.0,4157.0,2228.0,2110.0,2161.0,2240.0,2240.0,1477.0,633.0,1559.0,669.0
0.0,4090.0,2218.0,2116.0,2240.0,2236.0,2236.0,1481.0,635.0,1552.0,666.0
0.0,4112.0,2164.0,2117.0,2236.0,2167.0,2167.0,1482.0,635.0,1516.0,648.0
0.0,4184.0,2080.0,2116.0,2167.0,2077.0,2077.0,1481.0,635.0,1455.0,625.0
0.0,4271.0,2040.0,2113.0,2077.0,2031.0,2031.0,1479.0,634.0,1428.0,612.0
0.0,4308.0,2064.0,2112.0,2031.0,2061.0,2061.0,1478.0,634.0,1444.0,620.0
0.0,4275.0,2110.0,2112.0,2061.0,2110.0,2110.0,1478.0,634.0,1478.0,632.0
0.0,4226.0,2156.0,2116.0,2110.0,2168.0,2168.0,1481.0,635.0,1509.0,647.0
0.0,4180.0,2142.0,2119.0,2168.0,2151.0,2151.0,1483.0,636.0,1499.0,643.0
0.0,4206.0,2127.0,2119.0,2151.0,2127.0,2127.0,1483.0,636.0,1489.0,638.0
0.0,4230.0,2067.0,2117.0,2127.0,2061.0,2061.0,1482.0,635.0,1448.0,619.0
0.0,4290.0,2136.0,2117.0,2061.0,2136.0,2136.0,1482.0,635.0,1495.0,641.0
0.0,4215.0,2120.0,2117.0,2136.0,2120.0,2120.0,1482.0,635.0,1484.0,636.0
0.0,4231.0,2090.0,2117.0,2120.0,2090.0,2090.0,1482.0,635.0,1463.0,627.0
0.0,4261.0,2235.0,2121.0,2090.0,2247.0,2247.0,1485.0,636.0,1563.0,672.0
0.0,4116.0,2152.0,2123.0,2247.0,2158.0,2158.0,1486.0,637.0,1507.0,645.0
0.0,4211.0,2137.0,2125.0,2158.0,2143.0,2143.0,1487.0,638.0,1495.0,642.0
0.0,4232.0,2117.0,2125.0,2143.0,2117.0,2117.0,1487.0,638.0,1483.0,634.0
0.0,4258.0,2034.0,2123.0,2117.0,2028.0,2028.0,1486.0,637.0,1424.0,610.0
0.0,4341.0,2111.0,2121.0,2028.0,2105.0,2105.0,1485.0,636.0,1477.0,634.0
0.0,4258.0,2109.0,2121.0,2105.0,2109.0,2109.0,1485.0,636.0,1476.0,633.0
0.0,4254.0,2133.0,2123.0,2109.0,2139.0,2139.0,1486.0,637.0,1494.0,639.0
0.0,4230.0,2198.0,2125.0,2139.0,2204.0,2204.0,1487.0,638.0,1538.0,660.0
0.0,4171.0,2219.0,2129.0,2204.0,2231.0,2231.0,1490.0,639.0,1553.0,666.0
0.0,4156.0,2057.0,2126.0,2231.0,2048.0,2048.0,1488.0,638.0,1441.0,616.0
0.0,4330.0,1985.0,2123.0,2048.0,1976.0,1976.0,1486.0,637.0,1389.0,596.0
0.0,4393.0,2097.0,2122.0,1976.0,2094.0,2094.0,1485.0,637.0,1468.0,629.0
0.0,4272.0,2150.0,2123.0,2094.0,2153.0,2153.0,1486.0,637.0,1506.0,644.0
0.0,4216.0,2182.0,2126.0,2153.0,2191.0,2191.0,1488.0,638.0,1526.0,656.0
0.0,4187.0,2221.0,2129.0,2191.0,2230.0,2230.0,1490.0,639.0,1554.0,667.0
0.0,4157.0,2126.0,2129.0,2230.0,2126.0,2126.0,1490.0,639.0,1488.0,638.0
0.0,4261.0,2096.0,2127.0,2126.0,2090.0,2090.0,1489.0,638.0,1467.0,629.0
0.0,4291.0,2093.0,2126.0,2090.0,2090.0,2090.0,1488.0,638.0,1466.0,627.0
0.0,4288.0,2063.0,2126.0,2090.0,2063.0,2063.0,1488.0,638.0,1443.0,620.0
0.0,4315.0,2050.0,2124.0,2063.0,2044.0,2044.0,1487.0,637.0,1434.0,616.0
0.0,4328.0,2235.0,2127.0,2044.0,2244.0,2244.0,1489.0,638.0,1565.0,670.0
0.0,4137.0,2210.0,2130.0,2244.0,2219.0,2219.0,1491.0,639.0,1548.0,662.0
0.0,4171.0,2183.0,2131.0,2219.0,2186.0,2186.0,1492.0,639.0,1527.0,656.0
0.0,4207.0,2077.0,2128.0,2186.0,2068.0,2068.0,1490.0,638.0,1454.0,623.0
0.0,4316.0,2073.0,2126.0,2068.0,2067.0,2067.0,1488.0,638.0,1452.0,621.0
0.0,4311.0,2137.0,2126.0,2067.0,2137.0,2137.0,1488.0,638.0,1496.0,641.0
0.0,4241.0,2187.0,2127.0,2137.0,2190.0,2190.0,1489.0,638.0,1530.0,657.0
0.0,4191.0,2173.0,2130.0,2190.0,2182.0,2182.0,1491.0,639.0,1522.0,651.0
0.0,4208.0,2232.0,2133.0,2182.0,2241.0,2241.0,1493.0,640.0,1563.0,669.0
0.0,4158.0,2147.0,2132.0,2241.0,2144.0,2144.0,1492.0,640.0,1502.0,645.0
0.0,4252.0,2100.0,2130.0,2144.0,2094.0,2094.0,1491.0,639.0,1469.0,631.0
0.0,4296.0,2070.0,2127.0,2094.0,2061.0,2061.0,1489.0,638.0,1449.0,621.0
0.0,4320.0,2057.0,2124.0,2061.0,2048.0,2048.0,1487.0,637.0,1441.0,616.0
0.0,4324.0,2142.0,2127.0,2048.0,2151.0,2151.0,1489.0,638.0,1498.0,644.0
0.0,4230.0,2274.0,2132.0,2151.0,2289.0,2289.0,1492.0,640.0,1592.0,682.0
0.0,4107.0,2262.0,2135.0,2289.0,2271.0,2271.0,1494.0,641.0,1583.0,679.0
0.0,4134.0,2157.0,2135.0,2271.0,2157.0,2157.0,1494.0,641.0,1510.0,647.0
0.0,4248.0,2042.0,2132.0,2157.0,2033.0,2033.0,1492.0,640.0,1430.0,612.0
0.0,4363.0,2083.0,2129.0,2033.0,2074.0,2074.0,1490.0,639.0,1459.0,624.0
0.0,4313.0,2056.0,2127.0,2074.0,2050.0,2050.0,1489.0,638.0,1437.0,619.0
0.0,4331.0,2169.0,2129.0,2050.0,2175.0,2175.0,1490.0,639.0,1519.0,650.0
0.0,4212.0,2196.0,2132.0,2175.0,2205.0,2205.0,1492.0,640.0,1537.0,659.0
0.0,4191.0,2272.0,2136.0,2205.0,2284.0,2284.0,1495.0,641.0,1591.0,681.0
0.0,4124.0,2188.0,2137.0,2284.0,2191.0,2191.0,1496.0,641.0,1530.0,658.0
0.0,4220.0,2078.0,2136.0,2191.0,2075.0,2075.0,1495.0,641.0,1456.0,622.0
0.0,4333.0,2084.0,2134.0,2075.0,2078.0,2078.0,1494.0,640.0,1458.0,626.0
0.0,4324.0,2090.0,2134.0,2078.0,2090.0,2090.0,1494.0,640.0,1463.0,627.0
0.0,4312.0,2170.0,2136.0,2090.0,2176.0,2176.0,1495.0,641.0,1520.0,650.0
0.0,4232.0,2255.0,2137.0,2176.0,2258.0,2258.0,1496.0,641.0,1578.0,677.0
0.0,4153.0,2232.0,2140.0,2258.0,2241.0,2241.0,1498.0,642.0,1561.0,671.0
0.0,4179.0,2172.0,2142.0,2241.0,2178.0,2178.0,1499.0,643.0,1521.0,651.0
0.0,4248.0,2114.0,2139.0,2178.0,2105.0,2105.0,1497.0,642.0,1479.0,635.0
0.0,4312.0,2051.0,2137.0,2105.0,2045.0,2045.0,1496.0,641.0,1436.0,615.0
0.0,4366.0,2119.0,2137.0,2045.0,2119.0,2119.0,1496.0,641.0,1483.0,636.0
0.0,4292.0,2159.0,2137.0,2119.0,2159.0,2159.0,1496.0,641.0,1512.0,647.0
0.0,4252.0,2199.0,2141.0,2159.0,2211.0,2211.0,1499.0,642.0,1539.0,660.0
0.0,4212.0,2233.0,2143.0,2211.0,2239.0,2239.0,1500.0,643.0,1562.0,671.0
0.0,4190.0,2107.0,2143.0,2239.0,2107.0,2107.0,1500.0,643.0,1475.0,632.0
0.0,4322.0,2179.0,2144.0,2107.0,2182.0,2182.0,1501.0,643.0,1526.0,653.0
0.0,4250.0,2116.0,2143.0,2182.0,2113.0,2113.0,1500.0,643.0,1480.0,636.0
0.0,4316.0,2097.0,2140.0,2113.0,2088.0,2088.0,1498.0,642.0,1469.0,628.0
0.0,4332.0,2163.0,2143.0,2088.0,2172.0,2172.0,1500.0,643.0,1515.0,648.0
0.0,4257.0,2189.0,2146.0,2172.0,2198.0,2198.0,1502.0,644.0,1530.0,659.0
0.0,4240.0,2219.0,2149.0,2198.0,2228.0,2228.0,1504.0,645.0,1555.0,664.0
0.0,4219.0,2179.0,2149.0,2228.0,2179.0,2179.0,1504.0,645.0,1525.0,654.0
0.0,4268.0,2103.0,2147.0,2179.0,2097.0,2097.0,1503.0,644.0,1471.0,632.0
0.0,4344.0,2074.0,2145.0,2097.0,2068.0,2068.0,1501.0,644.0,1453.0,621.0
0.0,4367.0,2186.0,2146.0,2068.0,2189.0,2189.0,1502.0,644.0,1528.0,658.0
0.0,4249.0,2166.0,2147.0,2189.0,2169.0,2169.0,1503.0,644.0,1517.0,649.0
0.0,4272.0,2295.0,2151.0,2169.0,2307.0,2307.0,1506.0,645.0,1607.0,688.0
0.0,4146.0,2271.0,2156.0,2307.0,2286.0,2286.0,1509.0,647.0,1589.0,682.0
0.0,4182.0,2198.0,2159.0,2286.0,2207.0,2207.0,1511.0,648.0,1538.0,660.0
0.0,4270.0,2068.0,2155.0,2207.0,2056.0,2056.0,1508.0,647.0,1448.0,620.0
0.0,4409.0,2150.0,2153.0,2056.0,2144.0,2144.0,1507.0,646.0,1504.0,646.0
0.0,4315.0,2083.0,2152.0,2144.0,2080.0,2080.0,1506.0,646.0,1459.0,624.0
0.0,4376.0,2202.0,2154.0,2080.0,2208.0,2208.0,1508.0,646.0,1541.0,661.0
0.0,4254.0,2209.0,2157.0,2208.0,2218.0,2218.0,1510.0,647.0,1545.0,664.0
0.0,4253.0,2270.0,2159.0,2218.0,2276.0,2276.0,1511.0,648.0,1591.0,679.0
0.0,4201.0,2233.0,2160.0,2276.0,2236.0,2236.0,1512.0,648.0,1562.0,671.0
0.0,4244.0,2247.0,2162.0,2236.0,2253.0,2253.0,1513.0,649.0,1574.0,673.0
0.0,4233.0,2110.0,2159.0,2253.0,2101.0,2101.0,1511.0,648.0,1477.0,633.0
0.0,4376.0,2166.0,2160.0,2101.0,2169.0,2169.0,1512.0,648.0,1515.0,651.0
0.0,4311.0,2212.0,2162.0,2169.0,2218.0,2218.0,1513.0,649.0,1549.0,663.0
0.0,4268.0,2232.0,2165.0,2218.0,2241.0,2241.0,1515.0,650.0,1562.0,670.0
0.0,4254.0,2275.0,2169.0,2241.0,2287.0,2287.0,1518.0,651.0,1593.0,682.0
0.0,4220.0,2252.0,2171.0,2287.0,2258.0,2258.0,1520.0,651.0,1575.0,677.0
0.0,4255.0,2143.0,2169.0,2258.0,2137.0,2137.0,1518.0,651.0,1501.0,642.0
0.0,4370.0,2124.0,2166.0,2137.0,2115.0,2115.0,1516.0,650.0,1487.0,637.0
0.0,4383.0,2113.0,2166.0,2115.0,2113.0,2113.0,1516.0,650.0,1478.0,635.0
0.0,4385.0,2219.0,2169.0,2113.0,2228.0,2228.0,1518.0,651.0,1553.0,666.0
0.0,4279.0,2264.0,2172.0,2228.0,2273.0,2273.0,1520.0,652.0,1585.0,679.0
0.0,4243.0,2283.0,2176.0,2273.0,2295.0,2295.0,1523.0,653.0,1599.0,684.0
0.0,4233.0,2236.0,2177.0,2295.0,2239.0,2239.0,1524.0,653.0,1563.0,673.0
0.0,4292.0,2185.0,2177.0,2239.0,2185.0,2185.0,1524.0,653.0,1529.0,656.0
0.0,4346.0,2118.0,2174.0,2185.0,2109.0,2109.0,1522.0,652.0,1484.0,634.0
0.0,4413.0,2130.0,2173.0,2109.0,2127.0,2127.0,1521.0,652.0,1490.0,640.0
0.0,4392.0,2239.0,2177.0,2127.0,2251.0,2251.0,1524.0,653.0,1569.0,670.0
0.0,4280.0,2242.0,2180.0,2251.0,2251.0,2251.0,1526.0,654.0,1569.0,673.0
0.0,4289.0,2261.0,2183.0,2251.0,2270.0,2270.0,1528.0,655.0,1582.0,679.0
0.0,4279.0,2206.0,2183.0,2270.0,2206.0,2206.0,1528.0,655.0,1545.0,661.0
0.0,4343.0,2151.0,2182.0,2206.0,2148.0,2148.0,1527.0,655.0,1504.0,647.0
0.0,4398.0,2140.0,2180.0,2148.0,2134.0,2134.0,1526.0,654.0,1499.0,641.0
0.0,4406.0,2151.0,2180.0,2134.0,2151.0,2151.0,1526.0,654.0,1506.0,645.0
0.0,4389.0,2205.0,2181.0,2151.0,2208.0,2208.0,1527.0,654.0,1542.0,663.0
0.0,4335.0,2256.0,2186.0,2208.0,2271.0,2271.0,1530.0,656.0,1580.0,676.0
0.0,4287.0,2204.0,2187.0,2271.0,2207.0,2207.0,1531.0,656.0,1544.0,660.0
0.0,4354.0,2233.0,2189.0,2207.0,2239.0,2239.0,1532.0,657.0,1562.0,671.0
0.0,4328.0,2180.0,2187.0,2239.0,2174.0,2174.0,1531.0,656.0,1526.0,654.0
0.0,4387.0,2128.0,2186.0,2174.0,2125.0,2125.0,1530.0,656.0,1490.0,638.0
0.0,4433.0,2114.0,2186.0,2125.0,2114.0,2114.0,1530.0,656.0,1480.0,634.0
0.0,4444.0,2232.0,2187.0,2114.0,2235.0,2235.0,1531.0,656.0,1563.0,669.0
0.0,4326.0,2268.0,2190.0,2235.0,2277.0,2277.0,1533.0,657.0,1587.0,681.0
0.0,4293.0,2282.0,2193.0,2277.0,2291.0,2291.0,1535.0,658.0,1597.0,685.0
0.0,4288.0,2219.0,2194.0,2291.0,2222.0,2222.0,1536.0,658.0,1552.0,667.0
0.0,4360.0,2183.0,2194.0,2222.0,2183.0,2183.0,1536.0,658.0,1528.0,655.0
0.0,4399.0,2120.0,2193.0,2183.0,2117.0,2117.0,1535.0,658.0,1485.0,635.0
0.0,4462.0,2153.0,2192.0,2117.0,2150.0,2150.0,1534.0,658.0,1507.0,646.0
0.0,4426.0,2216.0,2194.0,2150.0,2222.0,2222.0,1536.0,658.0,1550.0,666.0
0.0,4360.0,2285.0,2199.0,2222.0,2300.0,2300.0,1539.0,660.0,1600.0,685.0
0.0,4297.0,2320.0,2201.0,2300.0,2326.0,2326.0,1541.0,660.0,1625.0,695.0
0.0,4277.0,2285.0,2203.0,2326.0,2291.0,2291.0,1542.0,661.0,1599.0,686.0
0.0,4318.0,2214.0,2202.0,2291.0,2211.0,2211.0,1541.0,661.0,1549.0,665.0
0.0,4395.0,2138.0,2199.0,2211.0,2129.0,2129.0,1539.0,660.0,1497.0,641.0
0.0,4468.0,2123.0,2197.0,2129.0,2117.0,2117.0,1538.0,659.0,1486.0,637.0
0.0,4474.0,2220.0,2200.0,2117.0,2229.0,2229.0,1540.0,660.0,1555.0,665.0
0.0,4371.0,2296.0,2203.0,2229.0,2305.0,2305.0,1542.0,661.0,1607.0,689.0
0.0,4304.0,2283.0,2207.0,2305.0,2295.0,2295.0,1545.0,662.0,1599.0,684.0
0.0,4326.0,2259.0,2209.0,2295.0,2265.0,2265.0,1546.0,663.0,1580.0,679.0
0.0,4362.0,2203.0,2208.0,2265.0,2200.0,2200.0,1546.0,662.0,1542.0,661.0
0.0,4424.0,2157.0,2206.0,2200.0,2151.0,2151.0,1544.0,662.0,1510.0,647.0
0.0,4467.0,2147.0,2204.0,2151.0,2141.0,2141.0,1543.0,661.0,1502.0,645.0
0.0,4471.0,2223.0,2204.0,2141.0,2223.0,2223.0,1543.0,661.0,1558.0,665.0
0.0,4389.0,2275.0,2207.0,2223.0,2284.0,2284.0,1545.0,662.0,1592.0,683.0
0.0,4337.0,2279.0,2209.0,2284.0,2285.0,2285.0,1546.0,663.0,1594.0,685.0
0.0,4342.0,2296.0,2211.0,2285.0,2302.0,2302.0,1548.0,663.0,1609.0,687.0
0.0,4331.0,2236.0,2211.0,2302.0,2236.0,2236.0,1548.0,663.0,1563.0,673.0
0.0,4397.0,2151.0,2209.0,2236.0,2145.0,2145.0,1546.0,663.0,1506.0,645.0
0.0,4482.0,2131.0,2206.0,2145.0,2122.0,2122.0,1544.0,662.0,1493.0,638.0
0.0,4496.0,2226.0,2207.0,2122.0,2229.0,2229.0,1545.0,662.0,1557.0,669.0
0.0,4392.0,2270.0,2210.0,2229.0,2279.0,2279.0,1547.0,663.0,1591.0,679.0
0.0,4351.0,2295.0,2214.0,2279.0,2307.0,2307.0,1550.0,664.0,1606.0,689.0
0.0,4335.0,2199.0,2214.0,2307.0,2199.0,2199.0,1550.0,664.0,1539.0,660.0
0.0,4443.0,2191.0,2213.0,2199.0,2188.0,2188.0,1549.0,664.0,1533.0,658.0
0.0,4451.0,2140.0,2210.0,2188.0,2131.0,2131.0,1547.0,663.0,1498.0,642.0
0.0,4499.0,2153.0,2208.0,2131.0,2147.0,2147.0,1546.0,662.0,1506.0,647.0
0.0,4477.0,2255.0,2209.0,2147.0,2258.0,2258.0,1546.0,663.0,1579.0,676.0
0.0,4369.0,2305.0,2213.0,2258.0,2317.0,2317.0,1549.0,664.0,1613.0,692.0
0.0,4322.0,2349.0,2217.0,2317.0,2361.0,2361.0,1552.0,665.0,1645.0,704.0
0.0,4290.0,2230.0,2217.0,2361.0,2230.0,2230.0,1552.0,665.0,1561.0,669.0
0.0,4421.0,2204.0,2216.0,2230.0,2201.0,2201.0,1551.0,665.0,1543.0,661.0
0.0,4447.0,2184.0,2214.0,2201.0,2178.0,2178.0,1550.0,664.0,1528.0,656.0
0.0,4464.0,2128.0,2213.0,2178.0,2125.0,2125.0,1549.0,664.0,1491.0,637.0
0.0,4514.0,2239.0,2214.0,2125.0,2242.0,2242.0,1550.0,664.0,1566.0,673.0
0.0,4400.0,2301.0,2218.0,2242.0,2313.0,2313.0,1553.0,665.0,1610.0,691.0
0.0,4341.0,2292.0,2220.0,2313.0,2298.0,2298.0,1554.0,666.0,1604.0,688.0
0.0,4362.0,2285.0,2223.0,2298.0,2294.0,2294.0,1556.0,667.0,1600.0,685.0
0.0,4375.0,2194.0,2221.0,2294.0,2188.0,2188.0,1555.0,666.0,1535.0,659.0
0.0,4475.0,2192.0,2220.0,2188.0,2189.0,2189.0,1554.0,666.0,1534.0,658.0
0.0,4471.0,2214.0,2220.0,2189.0,2214.0,2214.0,1554.0,666.0,1550.0,664.0
0.0,4446.0,2247.0,2222.0,2214.0,2253.0,2253.0,1555.0,667.0,1574.0,673.0
0.0,4413.0,2263.0,2224.0,2253.0,2269.0,2269.0,1557.0,667.0,1583.0,680.0
0.0,4403.0,2308.0,2228.0,2269.0,2320.0,2320.0,1560.0,668.0,1616.0,692.0
0.0,4364.0,2243.0,2229.0,2320.0,2246.0,2246.0,1560.0,669.0,1570.0,673.0
0.0,4441.0,2241.0,2227.0,2246.0,2235.0,2235.0,1559.0,668.0,1569.0,672.0
0.0,4446.0,2128.0,2224.0,2235.0,2119.0,2119.0,1557.0,667.0,1490.0,638.0
0.0,4553.0,2184.0,2224.0,2119.0,2184.0,2184.0,1557.0,667.0,1529.0,655.0
0.0,4488.0,2233.0,2226.0,2184.0,2239.0,2239.0,1558.0,668.0,1563.0,670.0
0.0,4439.0,2359.0,2230.0,2239.0,2371.0,2371.0,1561.0,669.0,1652.0,707.0
0.0,4319.0,2335.0,2233.0,2371.0,2344.0,2344.0,1563.0,670.0,1635.0,700.0
0.0,4355.0,2318.0,2236.0,2344.0,2327.0,2327.0,1565.0,671.0,1621.0,697.0
0.0,4381.0,2269.0,2234.0,2327.0,2263.0,2263.0,1564.0,670.0,1588.0,681.0
0.0,4439.0,2153.0,2232.0,2263.0,2147.0,2147.0,1562.0,670.0,1507.0,646.0
0.0,4549.0,2140.0,2229.0,2147.0,2131.0,2131.0,1560.0,669.0,1498.0,642.0
0.0,4556.0,2276.0,2230.0,2131.0,2279.0,2279.0,1561.0,669.0,1592.0,684.0
0.0,4411.0,2362.0,2234.0,2279.0,2374.0,2374.0,1564.0,670.0,1653.0,709.0
0.0,4328.0,2285.0,2237.0,2374.0,2294.0,2294.0,1566.0,671.0,1600.0,685.0
0.0,4417.0,2339.0,2240.0,2294.0,2348.0,2348.0,1568.0,672.0,1638.0,701.0
0.0,4372.0,2146.0,2237.0,2348.0,2137.0,2137.0,1566.0,671.0,1500.0,646.0
0.0,4574.0,2177.0,2235.0,2137.0,2171.0,2171.0,1564.0,671.0,1525.0,652.0
0.0,4534.0,2201.0,2233.0,2171.0,2195.0,2195.0,1563.0,670.0,1540.0,661.0
0.0,4504.0,2280.0,2236.0,2195.0,2289.0,2289.0,1565.0,671.0,1597.0,683.0
0.0,4419.0,2339.0,2239.0,2289.0,2348.0,2348.0,1567.0,672.0,1638.0,701.0
0.0,4369.0,2342.0,2243.0,2348.0,2354.0,2354.0,1570.0,673.0,1639.0,703.0
0.0,4375.0,2236.0,2243.0,2354.0,2236.0,2236.0,1570.0,673.0,1565.0,671.0
0.0,4493.0,2217.0,2242.0,2236.0,2214.0,2214.0,1569.0,673.0,1552.0,665.0
0.0,4512.0,2172.0,2240.0,2214.0,2166.0,2166.0,1568.0,672.0,1521.0,651.0
0.0,4554.0,2154.0,2237.0,2166.0,2145.0,2145.0,1566.0,671.0,1507.0,647.0
0.0,4566.0,2160.0,2236.0,2145.0,2157.0,2157.0,1565.0,671.0,1513.0,647.0
0.0,4551.0,2253.0,2237.0,2157.0,2256.0,2256.0,1566.0,671.0,1576.0,677.0
0.0,4455.0,2322.0,2241.0,2256.0,2334.0,2334.0,1569.0,672.0,1625.0,697.0
0.0,4389.0,2288.0,2242.0,2334.0,2291.0,2291.0,1569.0,673.0,1602.0,686.0
0.0,4435.0,2211.0,2241.0,2291.0,2208.0,2208.0,1569.0,672.0,1547.0,664.0
0.0,4515.0,2148.0,2239.0,2208.0,2142.0,2142.0,1567.0,672.0,1505.0,643.0
0.0,4575.0,2240.0,2239.0,2142.0,2240.0,2240.0,1567.0,672.0,1568.0,672.0
0.0,4477.0,2239.0,2240.0,2240.0,2242.0,2242.0,1568.0,672.0,1566.0,673.0
0.0,4478.0,2322.0,2243.0,2242.0,2331.0,2331.0,1570.0,673.0,1627.0,695.0
0.0,4398.0,2323.0,2247.0,2331.0,2335.0,2335.0,1573.0,674.0,1626.0,697.0
0.0,4406.0,2277.0,2247.0,2335.0,2277.0,2277.0,1573.0,674.0,1592.0,685.0
0.0,4464.0,2253.0,2246.0,2277.0,2250.0,2250.0,1572.0,674.0,1579.0,674.0
0.0,4488.0,2207.0,2243.0,2250.0,2198.0,2198.0,1570.0,673.0,1543.0,664.0
0.0,4531.0,2200.0,2243.0,2198.0,2200.0,2200.0,1570.0,673.0,1542.0,658.0
0.0,4529.0,2233.0,2243.0,2200.0,2233.0,2233.0,1570.0,673.0,1561.0,672.0
0.0,4496.0,2343.0,2246.0,2233.0,2352.0,2352.0,1572.0,674.0,1642.0,701.0
0.0,4386.0,2332.0,2250.0,2352.0,2344.0,2344.0,1575.0,675.0,1633.0,699.0
0.0,4406.0,2305.0,2252.0,2344.0,2311.0,2311.0,1576.0,676.0,1612.0,693.0
0.0,4445.0,2227.0,2250.0,2311.0,2221.0,2221.0,1575.0,675.0,1558.0,669.0
0.0,4529.0,2127.0,2247.0,2221.0,2118.0,2118.0,1573.0,674.0,1489.0,638.0
0.0,4623.0,2237.0,2246.0,2118.0,2234.0,2234.0,1572.0,674.0,1567.0,670.0
0.0,4504.0,2256.0,2247.0,2234.0,2259.0,2259.0,1573.0,674.0,1578.0,678.0
0.0,4482.0,2350.0,2250.0,2259.0,2359.0,2359.0,1575.0,675.0,1645.0,705.0
0.0,4391.0,2246.0,2251.0,2359.0,2249.0,2249.0,1576.0,675.0,1572.0,674.0
0.0,4504.0,2247.0,2251.0,2249.0,2247.0,2247.0,1576.0,675.0,1573.0,674.0
0.0,4506.0,2237.0,2250.0,2247.0,2234.0,2234.0,1575.0,675.0,1566.0,671.0
0.0,4516.0,2145.0,2247.0,2234.0,2136.0,2136.0,1573.0,674.0,1502.0,643.0
0.0,4605.0,2191.0,2246.0,2136.0,2188.0,2188.0,1572.0,674.0,1534.0,657.0
0.0,4550.0,2231.0,2246.0,2188.0,2231.0,2231.0,1572.0,674.0,1561.0,670.0
0.0,4507.0,2435.0,2252.0,2231.0,2453.0,2453.0,1576.0,676.0,1706.0,729.0
0.0,4303.0,2316.0,2254.0,2453.0,2322.0,2322.0,1578.0,676.0,1621.0,695.0
0.0,4440.0,2320.0,2256.0,2322.0,2326.0,2326.0,1579.0,677.0,1625.0,695.0
0.0,4442.0,2208.0,2253.0,2326.0,2199.0,2199.0,1577.0,676.0,1544.0,664.0
0.0,4560.0,2206.0,2251.0,2199.0,2200.0,2200.0,1576.0,675.0,1545.0,661.0
0.0,4553.0,2266.0,2250.0,2200.0,2263.0,2263.0,1575.0,675.0,1585.0,681.0
0.0,4487.0,2264.0,2250.0,2263.0,2264.0,2264.0,1575.0,675.0,1585.0,679.0
0.0,4486.0,2386.0,2254.0,2264.0,2398.0,2398.0,1578.0,676.0,1671.0,715.0
0.0,4364.0,2368.0,2259.0,2398.0,2383.0,2383.0,1581.0,678.0,1658.0,710.0
0.0,4394.0,2306.0,2259.0,2383.0,2306.0,2306.0,1581.0,678.0,1614.0,692.0
0.0,4471.0,2248.0,2257.0,2306.0,2242.0,2242.0,1580.0,677.0,1573.0,675.0
0.0,4529.0,2170.0,2254.0,2242.0,2161.0,2161.0,1578.0,676.0,1520.0,650.0
0.0,4601.0,2250.0,2253.0,2161.0,2247.0,2247.0,1577.0,676.0,1573.0,677.0
0.0,4512.0,2252.0,2255.0,2247.0,2258.0,2258.0,1579.0,676.0,1578.0,674.0
0.0,4507.0,2349.0,2259.0,2258.0,2361.0,2361.0,1581.0,678.0,1644.0,705.0
0.0,4416.0,2345.0,2261.0,2361.0,2351.0,2351.0,1583.0,678.0,1641.0,704.0
0.0,4432.0,2317.0,2262.0,2351.0,2320.0,2320.0,1583.0,679.0,1622.0,695.0
0.0,4466.0,2302.0,2261.0,2320.0,2299.0,2299.0,1583.0,678.0,1611.0,691.0
0.0,4484.0,2163.0,2257.0,2299.0,2151.0,2151.0,1580.0,677.0,1514.0,649.0
0.0,4620.0,2271.0,2259.0,2151.0,2277.0,2277.0,1581.0,678.0,1590.0,681.0
0.0,4500.0,2307.0,2260.0,2277.0,2310.0,2310.0,1582.0,678.0,1614.0,693.0
0.0,4470.0,2288.0,2263.0,2310.0,2297.0,2297.0,1584.0,679.0,1603.0,685.0
0.0,4492.0,2342.0,2266.0,2297.0,2351.0,2351.0,1586.0,680.0,1639.0,703.0
0.0,4447.0,2291.0,2269.0,2351.0,2300.0,2300.0,1588.0,681.0,1603.0,688.0
0.0,4507.0,2313.0,2270.0,2300.0,2316.0,2316.0,1589.0,681.0,1619.0,694.0
0.0,4494.0,2170.0,2267.0,2316.0,2161.0,2161.0,1587.0,680.0,1518.0,652.0
0.0,4640.0,2233.0,2266.0,2161.0,2230.0,2230.0,1586.0,680.0,1564.0,669.0
0.0,4568.0,2313.0,2267.0,2230.0,2316.0,2316.0,1587.0,680.0,1618.0,695.0
0.0,4485.0,2341.0,2271.0,2316.0,2353.0,2353.0,1590.0,681.0,1639.0,702.0
0.0,4460.0,2411.0,2274.0,2353.0,2420.0,2420.0,1592.0,682.0,1687.0,724.0
0.0,4402.0,2299.0,2276.0,2420.0,2305.0,2305.0,1593.0,683.0,1610.0,689.0
0.0,4523.0,2248.0,2274.0,2305.0,2242.0,2242.0,1592.0,682.0,1573.0,675.0
0.0,4580.0,2238.0,2273.0,2242.0,2235.0,2235.0,1591.0,682.0,1568.0,670.0
0.0,4584.0,2287.0,2273.0,2235.0,2287.0,2287.0,1591.0,682.0,1601.0,686.0
0.0,4532.0,2296.0,2274.0,2287.0,2299.0,2299.0,1592.0,682.0,1605.0,691.0
0.0,4523.0,2339.0,2276.0,2299.0,2345.0,2345.0,1593.0,683.0,1639.0,700.0
0.0,4483.0,2386.0,2280.0,2345.0,2398.0,2398.0,1596.0,684.0,1670.0,716.0
0.0,4442.0,2388.0,2283.0,2398.0,2397.0,2397.0,1598.0,685.0,1671.0,717.0
0.0,4452.0,2343.0,2283.0,2397.0,2343.0,2343.0,1598.0,685.0,1640.0,703.0
0.0,4506.0,2237.0,2281.0,2343.0,2231.0,2231.0,1597.0,684.0,1565.0,672.0
0.0,4612.0,2303.0,2281.0,2231.0,2303.0,2303.0,1597.0,684.0,1612.0,691.0
0.0,4540.0,2296.0,2283.0,2303.0,2302.0,2302.0,1598.0,685.0,1608.0,688.0
0.0,4547.0,2352.0,2287.0,2302.0,2364.0,2364.0,1601.0,686.0,1647.0,705.0
0.0,4497.0,2356.0,2289.0,2364.0,2362.0,2362.0,1602.0,687.0,1648.0,708.0
0.0,4505.0,2313.0,2290.0,2362.0,2316.0,2316.0,1603.0,687.0,1620.0,693.0
0.0,4554.0,2263.0,2289.0,2316.0,2260.0,2260.0,1602.0,687.0,1583.0,680.0
0.0,4607.0,2303.0,2290.0,2260.0,2306.0,2306.0,1603.0,687.0,1613.0,690.0
0.0,4564.0,2275.0,2290.0,2306.0,2275.0,2275.0,1603.0,687.0,1592.0,683.0
0.0,4595.0,2272.0,2290.0,2275.0,2272.0,2272.0,1603.0,687.0,1589.0,683.0
0.0,4598.0,2335.0,2294.0,2272.0,2347.0,2347.0,1606.0,688.0,1634.0,701.0
0.0,4535.0,2330.0,2297.0,2347.0,2339.0,2339.0,1608.0,689.0,1633.0,697.0
0.0,4552.0,2237.0,2297.0,2339.0,2237.0,2237.0,1608.0,689.0,1566.0,671.0
0.0,4654.0,2284.0,2294.0,2237.0,2275.0,2275.0,1606.0,688.0,1597.0,687.0
0.0,4607.0,2207.0,2292.0,2275.0,2201.0,2201.0,1604.0,688.0,1546.0,661.0
0.0,4675.0,2281.0,2292.0,2201.0,2281.0,2281.0,1604.0,688.0,1596.0,685.0
0.0,4595.0,2296.0,2293.0,2281.0,2299.0,2299.0,1605.0,688.0,1608.0,688.0
0.0,4580.0,2399.0,2297.0,2299.0,2411.0,2411.0,1608.0,689.0,1680.0,719.0
0.0,4480.0,2375.0,2299.0,2411.0,2381.0,2381.0,1609.0,690.0,1661.0,714.0
0.0,4516.0,2316.0,2300.0,2381.0,2319.0,2319.0,1610.0,690.0,1622.0,694.0
0.0,4581.0,2261.0,2297.0,2319.0,2252.0,2252.0,1608.0,689.0,1581.0,680.0
0.0,4639.0,2281.0,2296.0,2252.0,2278.0,2278.0,1607.0,689.0,1598.0,683.0
0.0,4610.0,2244.0,2294.0,2278.0,2238.0,2238.0,1606.0,688.0,1571.0,673.0
0.0,4644.0,2286.0,2296.0,2238.0,2292.0,2292.0,1607.0,689.0,1600.0,686.0
0.0,4596.0,2316.0,2299.0,2292.0,2325.0,2325.0,1609.0,690.0,1621.0,695.0
0.0,4572.0,2421.0,2301.0,2325.0,2427.0,2427.0,1611.0,690.0,1694.0,727.0
0.0,4476.0,2402.0,2304.0,2427.0,2411.0,2411.0,1613.0,691.0,1681.0,721.0
0.0,4501.0,2308.0,2303.0,2411.0,2305.0,2305.0,1612.0,691.0,1618.0,690.0
0.0,4604.0,2274.0,2302.0,2305.0,2271.0,2271.0,1611.0,691.0,1591.0,683.0
0.0,4635.0,2283.0,2302.0,2271.0,2283.0,2283.0,1611.0,691.0,1597.0,686.0
0.0,4623.0,2369.0,2303.0,2283.0,2372.0,2372.0,1612.0,691.0,1659.0,710.0
0.0,4537.0,2364.0,2307.0,2372.0,2376.0,2376.0,1615.0,692.0,1655.0,709.0
0.0,4545.0,2341.0,2307.0,2376.0,2341.0,2341.0,1615.0,692.0,1637.0,704.0
0.0,4580.0,2390.0,2310.0,2341.0,2399.0,2399.0,1617.0,693.0,1674.0,716.0
0.0,4531.0,2359.0,2311.0,2399.0,2362.0,2362.0,1618.0,693.0,1650.0,709.0
0.0,4571.0,2278.0,2310.0,2362.0,2275.0,2275.0,1617.0,693.0,1596.0,682.0
0.0,4655.0,2293.0,2310.0,2275.0,2293.0,2293.0,1617.0,693.0,1605.0,688.0
0.0,4637.0,2330.0,2310.0,2293.0,2330.0,2330.0,1617.0,693.0,1631.0,699.0
0.0,4600.0,2351.0,2313.0,2330.0,2360.0,2360.0,1619.0,694.0,1646.0,705.0
0.0,4579.0,2408.0,2317.0,2360.0,2420.0,2420.0,1622.0,695.0,1685.0,723.0
0.0,4531.0,2305.0,2317.0,2420.0,2305.0,2305.0,1622.0,695.0,1613.0,692.0
0.0,4646.0,2337.0,2317.0,2305.0,2337.0,2337.0,1622.0,695.0,1636.0,701.0
0.0,4614.0,2264.0,2314.0,2337.0,2255.0,2255.0,1620.0,694.0,1583.0,681.0
0.0,4687.0,2197.0,2312.0,2255.0,2191.0,2191.0,1618.0,694.0,1539.0,658.0
0.0,4745.0,2376.0,2314.0,2191.0,2382.0,2382.0,1620.0,694.0,1662.0,714.0
0.0,4560.0,2375.0,2317.0,2382.0,2384.0,2384.0,1622.0,695.0,1664.0,711.0
0.0,4567.0,2389.0,2319.0,2384.0,2395.0,2395.0,1623.0,696.0,1671.0,718.0
0.0,4562.0,2350.0,2320.0,2395.0,2353.0,2353.0,1624.0,696.0,1646.0,704.0
0.0,4607.0,2330.0,2320.0,2353.0,2330.0,2330.0,1624.0,696.0,1631.0,699.0
0.0,4630.0,2286.0,2317.0,2330.0,2277.0,2277.0,1622.0,695.0,1599.0,687.0
0.0,4674.0,2254.0,2316.0,2277.0,2251.0,2251.0,1621.0,695.0,1578.0,676.0
0.0,4697.0,2363.0,2316.0,2251.0,2363.0,2363.0,1621.0,695.0,1655.0,708.0
0.0,4585.0,2353.0,2317.0,2363.0,2356.0,2356.0,1622.0,695.0,1646.0,707.0
0.0,4595.0,2397.0,2320.0,2356.0,2406.0,2406.0,1624.0,696.0,1679.0,718.0
0.0,4554.0,2338.0,2320.0,2406.0,2338.0,2338.0,1624.0,696.0,1635.0,703.0
0.0,4622.0,2304.0,2320.0,2338.0,2304.0,2304.0,1624.0,696.0,1614.0,690.0
0.0,4656.0,2280.0,2319.0,2304.0,2277.0,2277.0,1623.0,696.0,1595.0,685.0
0.0,4680.0,2297.0,2317.0,2277.0,2291.0,2291.0,1622.0,695.0,1608.0,689.0
0.0,4660.0,2323.0,2319.0,2291.0,2329.0,2329.0,1623.0,696.0,1627.0,696.0
0.0,4628.0,2406.0,2321.0,2329.0,2412.0,2412.0,1625.0,696.0,1683.0,723.0
0.0,4551.0,2412.0,2323.0,2412.0,2418.0,2418.0,1626.0,697.0,1688.0,724.0
0.0,4551.0,2435.0,2327.0,2418.0,2447.0,2447.0,1629.0,698.0,1706.0,729.0
0.0,4534.0,2279.0,2326.0,2447.0,2276.0,2276.0,1628.0,698.0,1595.0,684.0
0.0,4702.0,2271.0,2324.0,2276.0,2265.0,2265.0,1627.0,697.0,1589.0,682.0
0.0,4707.0,2287.0,2326.0,2265.0,2293.0,2293.0,1628.0,698.0,1602.0,685.0
0.0,4685.0,2309.0,2326.0,2293.0,2309.0,2309.0,1628.0,698.0,1616.0,693.0
0.0,4669.0,2405.0,2330.0,2309.0,2417.0,2417.0,1631.0,699.0,1683.0,722.0
0.0,4573.0,2419.0,2333.0,2417.0,2428.0,2428.0,1633.0,700.0,1693.0,726.0
0.0,4571.0,2373.0,2334.0,2428.0,2376.0,2376.0,1634.0,700.0,1660.0,713.0
0.0,4626.0,2317.0,2333.0,2376.0,2314.0,2314.0,1633.0,700.0,1623.0,694.0
0.0,4685.0,2261.0,2330.0,2314.0,2252.0,2252.0,1631.0,699.0,1582.0,679.0
0.0,4738.0,2319.0,2330.0,2252.0,2319.0,2319.0,1631.0,699.0,1623.0,696.0
0.0,4671.0,2272.0,2330.0,2319.0,2272.0,2272.0,1631.0,699.0,1590.0,682.0
0.0,4718.0,2422.0,2333.0,2272.0,2431.0,2431.0,1633.0,700.0,1697.0,725.0
0.0,4568.0,2433.0,2337.0,2431.0,2445.0,2445.0,1636.0,701.0,1703.0,730.0
0.0,4566.0,2396.0,2339.0,2445.0,2402.0,2402.0,1637.0,702.0,1676.0,720.0
0.0,4615.0,2362.0,2340.0,2402.0,2365.0,2365.0,1638.0,702.0,1654.0,708.0
0.0,4655.0,2221.0,2336.0,2365.0,2209.0,2209.0,1635.0,701.0,1555.0,666.0
0.0,4799.0,2284.0,2333.0,2209.0,2275.0,2275.0,1633.0,700.0,1597.0,687.0
0.0,4724.0,2353.0,2334.0,2275.0,2356.0,2356.0,1634.0,700.0,1648.0,705.0
0.0,4646.0,2375.0,2336.0,2356.0,2381.0,2381.0,1635.0,701.0,1663.0,712.0
0.0,4627.0,2425.0,2339.0,2381.0,2434.0,2434.0,1637.0,702.0,1697.0,728.0
0.0,4583.0,2391.0,2340.0,2434.0,2394.0,2394.0,1638.0,702.0,1674.0,717.0
0.0,4626.0,2300.0,2339.0,2394.0,2297.0,2297.0,1637.0,702.0,1609.0,691.0
0.0,4720.0,2257.0,2337.0,2297.0,2251.0,2251.0,1636.0,701.0,1579.0,678.0
0.0,4760.0,2296.0,2335.0,2251.0,2290.0,2290.0,1634.0,701.0,1608.0,688.0
0.0,4715.0,2373.0,2336.0,2290.0,2376.0,2376.0,1635.0,701.0,1662.0,711.0
0.0,4632.0,2478.0,2339.0,2376.0,2487.0,2487.0,1637.0,702.0,1734.0,744.0
0.0,4530.0,2416.0,2342.0,2487.0,2425.0,2425.0,1639.0,703.0,1691.0,725.0
0.0,4601.0,2352.0,2342.0,2425.0,2352.0,2352.0,1639.0,703.0,1646.0,706.0
0.0,4674.0,2274.0,2340.0,2352.0,2268.0,2268.0,1638.0,702.0,1591.0,683.0
0.0,4752.0,2334.0,2339.0,2268.0,2331.0,2331.0,1637.0,702.0,1635.0,699.0
0.0,4686.0,2293.0,2339.0,2331.0,2293.0,2293.0,1637.0,702.0,1605.0,688.0
0.0,4724.0,2390.0,2340.0,2293.0,2393.0,2393.0,1638.0,702.0,1672.0,718.0
0.0,4627.0,2395.0,2343.0,2393.0,2404.0,2404.0,1640.0,703.0,1677.0,718.0
0.0,4625.0,2442.0,2347.0,2404.0,2454.0,2454.0,1643.0,704.0,1708.0,734.0
0.0,4587.0,2394.0,2347.0,2454.0,2394.0,2394.0,1643.0,704.0,1677.0,717.0
0.0,4647.0,2301.0,2346.0,2394.0,2298.0,2298.0,1642.0,704.0,1612.0,689.0
0.0,4740.0,2251.0,2343.0,2298.0,2242.0,2242.0,1640.0,703.0,1574.0,677.0
0.0,4787.0,2283.0,2342.0,2242.0,2280.0,2280.0,1639.0,703.0,1599.0,684.0
0.0,4746.0,2350.0,2343.0,2280.0,2353.0,2353.0,1640.0,703.0,1646.0,704.0
0.0,4676.0,2373.0,2344.0,2353.0,2376.0,2376.0,1641.0,703.0,1660.0,713.0
0.0,4656.0,2419.0,2347.0,2376.0,2428.0,2428.0,1643.0,704.0,1693.0,726.0
0.0,4613.0,2438.0,2349.0,2428.0,2444.0,2444.0,1644.0,705.0,1707.0,731.0
0.0,4603.0,2369.0,2349.0,2444.0,2369.0,2369.0,1644.0,705.0,1658.0,711.0
0.0,4678.0,2256.0,2346.0,2369.0,2247.0,2247.0,1642.0,704.0,1579.0,677.0
0.0,4791.0,2363.0,2347.0,2247.0,2366.0,2366.0,1643.0,704.0,1653.0,710.0
0.0,4675.0,2395.0,2349.0,2366.0,2401.0,2401.0,1644.0,705.0,1677.0,718.0
0.0,4646.0,2459.0,2352.0,2401.0,2468.0,2468.0,1646.0,706.0,1721.0,738.0
0.0,4588.0,2489.0,2356.0,2468.0,2501.0,2501.0,1649.0,707.0,1742.0,747.0
0.0,4567.0,2390.0,2357.0,2501.0,2393.0,2393.0,1650.0,707.0,1674.0,716.0
0.0,4678.0,2356.0,2356.0,2393.0,2353.0,2353.0,1649.0,707.0,1649.0,707.0
0.0,4715.0,2303.0,2354.0,2353.0,2297.0,2297.0,1648.0,706.0,1610.0,693.0
0.0,4765.0,2326.0,2352.0,2297.0,2320.0,2320.0,1646.0,706.0,1629.0,697.0
0.0,4736.0,2372.0,2353.0,2320.0,2375.0,2375.0,1647.0,706.0,1659.0,713.0
0.0,4684.0,2432.0,2357.0,2375.0,2444.0,2444.0,1650.0,707.0,1702.0,730.0
0.0,4627.0,2419.0,2359.0,2444.0,2425.0,2425.0,1651.0,708.0,1695.0,724.0
0.0,4652.0,2427.0,2362.0,2425.0,2436.0,2436.0,1653.0,709.0,1698.0,729.0
0.0,4650.0,2343.0,2360.0,2436.0,2337.0,2337.0,1652.0,708.0,1640.0,703.0
0.0,4743.0,2349.0,2359.0,2337.0,2346.0,2346.0,1651.0,708.0,1645.0,704.0
0.0,4731.0,2364.0,2359.0,2346.0,2364.0,2364.0,1651.0,708.0,1655.0,709.0
0.0,4713.0,2344.0,2359.0,2364.0,2344.0,2344.0,1651.0,708.0,1641.0,703.0
0.0,4733.0,2374.0,2361.0,2344.0,2380.0,2380.0,1653.0,708.0,1661.0,713.0
0.0,4703.0,2380.0,2363.0,2380.0,2386.0,2386.0,1654.0,709.0,1666.0,714.0
0.0,4703.0,2448.0,2366.0,2386.0,2457.0,2457.0,1656.0,710.0,1714.0,734.0
0.0,4641.0,2344.0,2364.0,2457.0,2338.0,2338.0,1655.0,709.0,1640.0,704.0
0.0,4754.0,2400.0,2364.0,2338.0,2400.0,2400.0,1655.0,709.0,1679.0,721.0
0.0,4692.0,2326.0,2363.0,2400.0,2323.0,2323.0,1654.0,709.0,1630.0,696.0
0.0,4766.0,2389.0,2363.0,2323.0,2389.0,2389.0,1654.0,709.0,1670.0,719.0
0.0,4700.0,2393.0,2366.0,2389.0,2402.0,2402.0,1656.0,710.0,1677.0,716.0
0.0,4696.0,2508.0,2370.0,2402.0,2520.0,2520.0,1659.0,711.0,1754.0,754.0
0.0,4590.0,2393.0,2372.0,2520.0,2399.0,2399.0,1660.0,712.0,1675.0,718.0
0.0,4717.0,2386.0,2372.0,2399.0,2386.0,2386.0,1660.0,712.0,1671.0,715.0
0.0,4730.0,2317.0,2370.0,2386.0,2311.0,2311.0,1659.0,711.0,1622.0,695.0
0.0,4799.0,2345.0,2369.0,2311.0,2342.0,2342.0,1658.0,711.0,1641.0,704.0
0.0,4765.0,2393.0,2370.0,2342.0,2396.0,2396.0,1659.0,711.0,1674.0,719.0
0.0,4714.0,2521.0,2376.0,2396.0,2539.0,2539.0,1663.0,713.0,1765.0,756.0
0.0,4589.0,2485.0,2379.0,2539.0,2494.0,2494.0,1665.0,714.0,1740.0,745.0
0.0,4643.0,2407.0,2380.0,2494.0,2410.0,2410.0,1666.0,714.0,1685.0,722.0
0.0,4730.0,2383.0,2378.0,2410.0,2377.0,2377.0,1664.0,714.0,1667.0,716.0
0.0,4757.0,2327.0,2376.0,2377.0,2321.0,2321.0,1663.0,713.0,1630.0,697.0
0.0,4807.0,2406.0,2377.0,2321.0,2409.0,2409.0,1664.0,713.0,1683.0,723.0
0.0,4722.0,2402.0,2380.0,2409.0,2411.0,2411.0,1666.0,714.0,1682.0,720.0
0.0,4729.0,2439.0,2382.0,2411.0,2445.0,2445.0,1667.0,715.0,1706.0,733.0
0.0,4701.0,2508.0,2386.0,2445.0,2520.0,2520.0,1670.0,716.0,1756.0,752.0
0.0,4638.0,2407.0,2386.0,2520.0,2407.0,2407.0,1670.0,716.0,1685.0,722.0
0.0,4751.0,2321.0,2385.0,2407.0,2318.0,2318.0,1669.0,716.0,1625.0,696.0
0.0,4837.0,2255.0,2381.0,2318.0,2243.0,2243.0,1667.0,714.0,1578.0,677.0
0.0,4900.0,2307.0,2380.0,2243.0,2304.0,2304.0,1666.0,714.0,1616.0,691.0
0.0,4836.0,2362.0,2380.0,2304.0,2362.0,2362.0,1666.0,714.0,1652.0,710.0
0.0,4778.0,2477.0,2385.0,2362.0,2492.0,2492.0,1669.0,716.0,1734.0,743.0
0.0,4663.0,2489.0,2389.0,2492.0,2501.0,2501.0,1672.0,717.0,1742.0,747.0
0.0,4666.0,2395.0,2390.0,2501.0,2398.0,2398.0,1673.0,717.0,1677.0,718.0
0.0,4772.0,2323.0,2389.0,2398.0,2320.0,2320.0,1672.0,717.0,1625.0,698.0
0.0,4847.0,2339.0,2387.0,2320.0,2333.0,2333.0,1671.0,716.0,1636.0,703.0
0.0,4828.0,2387.0,2386.0,2333.0,2384.0,2384.0,1670.0,716.0,1673.0,714.0
0.0,4774.0,2333.0,2386.0,2384.0,2333.0,2333.0,1670.0,716.0,1632.0,701.0
0.0,4825.0,2461.0,2390.0,2333.0,2473.0,2473.0,1673.0,717.0,1723.0,738.0
0.0,4697.0,2439.0,2391.0,2473.0,2442.0,2442.0,1674.0,717.0,1706.0,733.0
0.0,4731.0,2454.0,2392.0,2442.0,2457.0,2457.0,1674.0,718.0,1719.0,735.0
0.0,4719.0,2393.0,2391.0,2457.0,2390.0,2390.0,1674.0,717.0,1674.0,719.0
0.0,4783.0,2302.0,2387.0,2390.0,2290.0,2290.0,1671.0,716.0,1612.0,690.0
0.0,4871.0,2314.0,2386.0,2290.0,2311.0,2311.0,1670.0,716.0,1621.0,693.0
0.0,4847.0,2385.0,2386.0,2311.0,2385.0,2385.0,1670.0,716.0,1667.0,718.0
0.0,4773.0,2477.0,2390.0,2385.0,2489.0,2489.0,1673.0,717.0,1736.0,741.0
0.0,4681.0,2504.0,2393.0,2489.0,2513.0,2513.0,1675.0,718.0,1753.0,751.0
0.0,4666.0,2490.0,2396.0,2513.0,2499.0,2499.0,1677.0,719.0,1742.0,748.0
0.0,4689.0,2420.0,2396.0,2499.0,2420.0,2420.0,1677.0,719.0,1694.0,726.0
0.0,4768.0,2334.0,2393.0,2420.0,2325.0,2325.0,1675.0,718.0,1633.0,701.0
0.0,4854.0,2390.0,2393.0,2325.0,2390.0,2390.0,1675.0,718.0,1675.0,715.0
0.0,4789.0,2443.0,2395.0,2390.0,2449.0,2449.0,1676.0,719.0,1709.0,734.0
0.0,4736.0,2491.0,2397.0,2449.0,2497.0,2497.0,1678.0,719.0,1743.0,748.0
0.0,4694.0,2434.0,2399.0,2497.0,2440.0,2440.0,1679.0,720.0,1705.0,729.0
0.0,4757.0,2470.0,2402.0,2440.0,2479.0,2479.0,1681.0,721.0,1728.0,742.0
0.0,4727.0,2353.0,2401.0,2479.0,2350.0,2350.0,1681.0,720.0,1647.0,706.0
0.0,4853.0,2366.0,2400.0,2350.0,2363.0,2363.0,1680.0,720.0,1656.0,710.0
0.0,4837.0,2360.0,2399.0,2363.0,2357.0,2357.0,1679.0,720.0,1653.0,707.0
0.0,4840.0,2413.0,2400.0,2357.0,2416.0,2416.0,1680.0,720.0,1688.0,725.0
0.0,4784.0,2442.0,2401.0,2416.0,2445.0,2445.0,1681.0,720.0,1709.0,733.0
0.0,4758.0,2482.0,2404.0,2445.0,2491.0,2491.0,1683.0,721.0,1737.0,745.0
0.0,4721.0,2466.0,2406.0,2491.0,2472.0,2472.0,1684.0,722.0,1727.0,739.0
0.0,4746.0,2369.0,2405.0,2472.0,2366.0,2366.0,1683.0,722.0,1658.0,711.0
0.0,4849.0,2321.0,2402.0,2366.0,2312.0,2312.0,1681.0,721.0,1625.0,696.0
0.0,4894.0,2376.0,2401.0,2312.0,2373.0,2373.0,1681.0,720.0,1663.0,713.0
0.0,4830.0,2512.0,2403.0,2373.0,2518.0,2518.0,1682.0,721.0,1757.0,755.0
0.0,4691.0,2476.0,2407.0,2518.0,2488.0,2488.0,1685.0,722.0,1735.0,741.0
0.0,4733.0,2485.0,2409.0,2488.0,2491.0,2491.0,1686.0,723.0,1739.0,746.0
0.0,4736.0,2463.0,2410.0,2491.0,2466.0,2466.0,1687.0,723.0,1723.0,740.0
0.0,4764.0,2439.0,2409.0,2466.0,2436.0,2436.0,1686.0,723.0,1708.0,731.0
0.0,4791.0,2311.0,2406.0,2436.0,2302.0,2302.0,1684.0,722.0,1618.0,693.0
0.0,4916.0,2412.0,2406.0,2302.0,2412.0,2412.0,1684.0,722.0,1688.0,724.0
0.0,4806.0,2379.0,2406.0,2412.0,2379.0,2379.0,1684.0,722.0,1665.0,714.0
0.0,4839.0,2493.0,2409.0,2379.0,2502.0,2502.0,1686.0,723.0,1745.0,748.0
0.0,4725.0,2475.0,2410.0,2502.0,2478.0,2478.0,1687.0,723.0,1731.0,744.0
0.0,4752.0,2439.0,2411.0,2478.0,2442.0,2442.0,1688.0,723.0,1707.0,732.0
0.0,4791.0,2440.0,2411.0,2442.0,2440.0,2440.0,1688.0,723.0,1708.0,732.0
0.0,4793.0,2327.0,2407.0,2440.0,2315.0,2315.0,1685.0,722.0,1629.0,698.0
0.0,4906.0,2379.0,2407.0,2315.0,2379.0,2379.0,1685.0,722.0,1665.0,714.0
0.0,4842.0,2468.0,2410.0,2379.0,2477.0,2477.0,1687.0,723.0,1727.0,741.0
0.0,4753.0,2485.0,2414.0,2477.0,2497.0,2497.0,1690.0,724.0,1740.0,745.0
0.0,4745.0,2512.0,2419.0,2497.0,2527.0,2527.0,1693.0,726.0,1758.0,754.0
0.0,4730.0,2558.0,2422.0,2527.0,2567.0,2567.0,1695.0,727.0,1791.0,767.0
0.0,4699.0,2388.0,2420.0,2567.0,2382.0,2382.0,1694.0,726.0,1671.0,717.0
0.0,4878.0,2340.0,2417.0,2382.0,2331.0,2331.0,1692.0,725.0,1638.0,702.0
0.0,4920.0,2367.0,2417.0,2331.0,2367.0,2367.0,1692.0,725.0,1657.0,710.0
0.0,4884.0,2399.0,2419.0,2367.0,2405.0,2405.0,1693.0,726.0,1680.0,719.0
0.0,4852.0,2483.0,2421.0,2405.0,2489.0,2489.0,1695.0,726.0,1737.0,746.0
0.0,4774.0,2479.0,2423.0,2489.0,2485.0,2485.0,1696.0,727.0,1736.0,743.0
0.0,4784.0,2480.0,2426.0,2485.0,2489.0,2489.0,1698.0,728.0,1736.0,744.0
0.0,4789.0,2434.0,2426.0,2489.0,2434.0,2434.0,1698.0,728.0,1704.0,730.0
0.0,4844.0,2271.0,2422.0,2434.0,2259.0,2259.0,1695.0,727.0,1590.0,681.0
0.0,5007.0,2363.0,2420.0,2259.0,2357.0,2357.0,1694.0,726.0,1653.0,710.0
0.0,4903.0,2443.0,2421.0,2357.0,2446.0,2446.0,1695.0,726.0,1711.0,732.0
0.0,4817.0,2489.0,2425.0,2446.0,2501.0,2501.0,1697.0,728.0,1742.0,747.0
0.0,4774.0,2465.0,2427.0,2501.0,2471.0,2471.0,1699.0,728.0,1725.0,740.0
0.0,4810.0,2476.0,2430.0,2471.0,2485.0,2485.0,1701.0,729.0,1734.0,742.0
0.0,4805.0,2404.0,2429.0,2485.0,2401.0,2401.0,1700.0,729.0,1682.0,722.0
0.0,4886.0,2401.0,2426.0,2401.0,2392.0,2392.0,1698.0,728.0,1682.0,719.0
0.0,4886.0,2396.0,2424.0,2392.0,2390.0,2390.0,1697.0,727.0,1676.0,720.0
0.0,4882.0,2444.0,2425.0,2390.0,2447.0,2447.0,1697.0,728.0,1711.0,733.0
0.0,4828.0,2498.0,2427.0,2447.0,2504.0,2504.0,1699.0,728.0,1748.0,750.0
0.0,4777.0,2552.0,2431.0,2504.0,2564.0,2564.0,1702.0,729.0,1786.0,766.0
0.0,4729.0,2524.0,2433.0,2564.0,2530.0,2530.0,1703.0,730.0,1768.0,756.0
0.0,4769.0,2470.0,2432.0,2530.0,2467.0,2467.0,1702.0,730.0,1729.0,741.0
0.0,4829.0,2386.0,2431.0,2467.0,2383.0,2383.0,1702.0,729.0,1669.0,717.0
0.0,4910.0,2426.0,2430.0,2383.0,2423.0,2423.0,1701.0,729.0,1698.0,728.0
0.0,4867.0,2426.0,2432.0,2423.0,2432.0,2432.0,1702.0,730.0,1699.0,727.0
0.0,4864.0,2483.0,2434.0,2432.0,2489.0,2489.0,1704.0,730.0,1737.0,746.0
0.0,4813.0,2539.0,2437.0,2489.0,2548.0,2548.0,1706.0,731.0,1778.0,761.0
0.0,4763.0,2513.0,2440.0,2548.0,2522.0,2522.0,1708.0,732.0,1760.0,753.0
0.0,4798.0,2462.0,2440.0,2522.0,2462.0,2462.0,1708.0,732.0,1723.0,739.0
0.0,4858.0,2350.0,2437.0,2462.0,2341.0,2341.0,1706.0,731.0,1644.0,706.0
0.0,4970.0,2344.0,2435.0,2341.0,2338.0,2338.0,1704.0,731.0,1641.0,703.0
0.0,4967.0,2504.0,2437.0,2338.0,2510.0,2510.0,1706.0,731.0,1752.0,752.0
0.0,4801.0,2520.0,2441.0,2510.0,2532.0,2532.0,1709.0,732.0,1764.0,756.0
0.0,4791.0,2522.0,2444.0,2532.0,2531.0,2531.0,1711.0,733.0,1765.0,757.0
0.0,4801.0,2401.0,2442.0,2531.0,2395.0,2395.0,1709.0,733.0,1682.0,719.0
0.0,4931.0,2413.0,2440.0,2395.0,2407.0,2407.0,1708.0,732.0,1688.0,725.0
0.0,4913.0,2360.0,2439.0,2407.0,2357.0,2357.0,1707.0,732.0,1653.0,707.0
0.0,4960.0,2441.0,2437.0,2357.0,2435.0,2435.0,1706.0,731.0,1708.0,733.0
0.0,4876.0,2490.0,2439.0,2435.0,2496.0,2496.0,1707.0,732.0,1744.0,746.0
0.0,4821.0,2571.0,2444.0,2496.0,2586.0,2586.0,1711.0,733.0,1798.0,773.0
0.0,4746.0,2542.0,2446.0,2586.0,2548.0,2548.0,1712.0,734.0,1781.0,761.0
0.0,4790.0,2499.0,2449.0,2548.0,2508.0,2508.0,1714.0,735.0,1748.0,751.0
0.0,4839.0,2515.0,2449.0,2508.0,2515.0,2515.0,1714.0,735.0,1761.0,754.0
0.0,4832.0,2333.0,2446.0,2515.0,2324.0,2324.0,1712.0,734.0,1633.0,700.0
0.0,5014.0,2419.0,2446.0,2324.0,2419.0,2419.0,1712.0,734.0,1693.0,726.0
0.0,4919.0,2518.0,2447.0,2419.0,2521.0,2521.0,1713.0,734.0,1761.0,757.0
0.0,4820.0,2500.0,2451.0,2521.0,2512.0,2512.0,1716.0,735.0,1750.0,750.0
0.0,4841.0,2573.0,2454.0,2512.0,2582.0,2582.0,1718.0,736.0,1801.0,772.0
0.0,4780.0,2580.0,2457.0,2582.0,2589.0,2589.0,1720.0,737.0,1808.0,772.0
0.0,4782.0,2430.0,2456.0,2589.0,2427.0,2427.0,1719.0,737.0,1700.0,730.0
0.0,4941.0,2416.0,2454.0,2427.0,2410.0,2410.0,1718.0,736.0,1690.0,726.0
0.0,4952.0,2385.0,2450.0,2410.0,2373.0,2373.0,1715.0,735.0,1670.0,715.0
0.0,4977.0,2436.0,2451.0,2373.0,2439.0,2439.0,1716.0,735.0,1706.0,730.0
0.0,4914.0,2560.0,2456.0,2439.0,2575.0,2575.0,1719.0,737.0,1792.0,768.0
0.0,4793.0,2547.0,2459.0,2575.0,2556.0,2556.0,1721.0,738.0,1783.0,764.0
0.0,4821.0,2439.0,2460.0,2556.0,2442.0,2442.0,1722.0,738.0,1707.0,732.0
0.0,4938.0,2442.0,2459.0,2442.0,2439.0,2439.0,1721.0,738.0,1709.0,733.0
0.0,4938.0,2414.0,2457.0,2439.0,2408.0,2408.0,1720.0,737.0,1689.0,725.0
0.0,4963.0,2462.0,2457.0,2408.0,2462.0,2462.0,1720.0,737.0,1723.0,739.0
0.0,4909.0,2519.0,2459.0,2462.0,2525.0,2525.0,1721.0,738.0,1764.0,755.0
0.0,4852.0,2613.0,2466.0,2525.0,2634.0,2634.0,1726.0,740.0,1828.0,785.0
0.0,4764.0,2564.0,2470.0,2634.0,2576.0,2576.0,1729.0,741.0,1795.0,769.0
0.0,4834.0,2423.0,2469.0,2576.0,2420.0,2420.0,1728.0,741.0,1695.0,728.0
0.0,4987.0,2439.0,2469.0,2420.0,2439.0,2439.0,1728.0,741.0,1707.0,732.0
0.0,4968.0,2416.0,2467.0,2439.0,2410.0,2410.0,1727.0,740.0,1690.0,726.0
0.0,4991.0,2421.0,2466.0,2410.0,2418.0,2418.0,1726.0,740.0,1697.0,724.0
0.0,4980.0,2536.0,2469.0,2418.0,2545.0,2545.0,1728.0,741.0,1774.0,762.0
0.0,4862.0,2589.0,2473.0,2545.0,2601.0,2601.0,1731.0,742.0,1813.0,776.0
0.0,4818.0,2585.0,2476.0,2601.0,2594.0,2594.0,1733.0,743.0,1809.0,776.0
0.0,4834.0,2506.0,2477.0,2594.0,2509.0,2509.0,1734.0,743.0,1755.0,751.0
0.0,4922.0,2491.0,2477.0,2509.0,2491.0,2491.0,1734.0,743.0,1744.0,747.0
0.0,4940.0,2444.0,2475.0,2491.0,2438.0,2438.0,1732.0,743.0,1710.0,734.0
0.0,4987.0,2372.0,2472.0,2438.0,2363.0,2363.0,1730.0,742.0,1661.0,711.0
0.0,5053.0,2536.0,2473.0,2363.0,2539.0,2539.0,1731.0,742.0,1776.0,760.0
0.0,4880.0,2555.0,2477.0,2539.0,2567.0,2567.0,1734.0,743.0,1788.0,767.0
0.0,4864.0,2543.0,2479.0,2567.0,2549.0,2549.0,1735.0,744.0,1779.0,764.0
0.0,4888.0,2510.0,2480.0,2549.0,2513.0,2513.0,1736.0,744.0,1758.0,752.0
0.0,4927.0,2482.0,2480.0,2513.0,2482.0,2482.0,1736.0,744.0,1737.0,745.0
0.0,4958.0,2420.0,2479.0,2482.0,2417.0,2417.0,1735.0,744.0,1693.0,727.0
0.0,5020.0,2419.0,2476.0,2417.0,2410.0,2410.0,1733.0,743.0,1694.0,725.0
0.0,5018.0,2447.0,2476.0,2410.0,2447.0,2447.0,1733.0,743.0,1713.0,734.0
0.0,4981.0,2648.0,2482.0,2447.0,2666.0,2666.0,1737.0,745.0,1852.0,796.0
0.0,4780.0,2539.0,2486.0,2666.0,2551.0,2551.0,1740.0,746.0,1778.0,761.0
0.0,4907.0,2566.0,2487.0,2551.0,2569.0,2569.0,1741.0,746.0,1797.0,769.0
0.0,4892.0,2453.0,2486.0,2569.0,2450.0,2450.0,1740.0,746.0,1716.0,737.0
0.0,5008.0,2413.0,2483.0,2450.0,2404.0,2404.0,1738.0,745.0,1690.0,723.0
0.0,5045.0,2469.0,2485.0,2404.0,2475.0,2475.0,1739.0,746.0,1726.0,743.0
0.0,4980.0,2556.0,2487.0,2475.0,2562.0,2562.0,1741.0,746.0,1789.0,767.0
0.0,4899.0,2500.0,2490.0,2562.0,2509.0,2509.0,1743.0,747.0,1752.0,748.0
0.0,4961.0,2510.0,2492.0,2509.0,2516.0,2516.0,1744.0,748.0,1756.0,754.0
0.0,4960.0,2524.0,2492.0,2516.0,2524.0,2524.0,1744.0,748.0,1767.0,757.0
0.0,4952.0,2455.0,2490.0,2524.0,2449.0,2449.0,1743.0,747.0,1720.0,735.0
0.0,5021.0,2453.0,2489.0,2449.0,2450.0,2450.0,1742.0,747.0,1716.0,737.0
0.0,5017.0,2415.0,2487.0,2450.0,2409.0,2409.0,1741.0,746.0,1692.0,723.0
0.0,5052.0,2468.0,2486.0,2409.0,2465.0,2465.0,1740.0,746.0,1727.0,741.0
0.0,4993.0,2556.0,2490.0,2465.0,2568.0,2568.0,1743.0,747.0,1790.0,766.0
0.0,4902.0,2553.0,2493.0,2568.0,2562.0,2562.0,1745.0,748.0,1787.0,766.0
0.0,4917.0,2563.0,2493.0,2562.0,2563.0,2563.0,1745.0,748.0,1795.0,768.0
0.0,4916.0,2438.0,2492.0,2563.0,2435.0,2435.0,1744.0,748.0,1706.0,732.0
0.0,5041.0,2370.0,2489.0,2435.0,2361.0,2361.0,1742.0,747.0,1658.0,712.0
0.0,5106.0,2474.0,2486.0,2361.0,2465.0,2465.0,1740.0,746.0,1733.0,741.0
0.0,4993.0,2462.0,2487.0,2465.0,2465.0,2465.0,1741.0,746.0,1721.0,741.0
0.0,4996.0,2520.0,2489.0,2465.0,2526.0,2526.0,1742.0,747.0,1766.0,754.0
0.0,4941.0,2551.0,2492.0,2526.0,2560.0,2560.0,1744.0,748.0,1785.0,766.0
0.0,4916.0,2446.0,2492.0,2560.0,2446.0,2446.0,1744.0,748.0,1712.0,734.0
0.0,5030.0,2487.0,2491.0,2446.0,2484.0,2484.0,1744.0,747.0,1740.0,747.0
0.0,4989.0,2434.0,2489.0,2484.0,2428.0,2428.0,1742.0,747.0,1705.0,729.0
0.0,5039.0,2420.0,2489.0,2428.0,2420.0,2420.0,1742.0,747.0,1694.0,726.0
0.0,5047.0,2479.0,2489.0,2420.0,2479.0,2479.0,1742.0,747.0,1735.0,744.0
0.0,4988.0,2539.0,2491.0,2479.0,2545.0,2545.0,1744.0,747.0,1777.0,762.0
0.0,4928.0,2549.0,2493.0,2545.0,2555.0,2555.0,1745.0,748.0,1785.0,764.0
0.0,4924.0,2527.0,2493.0,2555.0,2527.0,2527.0,1745.0,748.0,1769.0,758.0
0.0,4952.0,2455.0,2490.0,2527.0,2446.0,2446.0,1743.0,747.0,1717.0,738.0
0.0,5024.0,2464.0,2488.0,2446.0,2458.0,2458.0,1742.0,746.0,1726.0,738.0
0.0,5006.0,2383.0,2487.0,2458.0,2380.0,2380.0,1741.0,746.0,1667.0,716.0
0.0,5081.0,2504.0,2489.0,2380.0,2510.0,2510.0,1742.0,747.0,1754.0,750.0
0.0,4957.0,2566.0,2491.0,2510.0,2572.0,2572.0,1744.0,747.0,1796.0,770.0
0.0,4901.0,2617.0,2496.0,2572.0,2632.0,2632.0,1747.0,749.0,1832.0,785.0
0.0,4856.0,2556.0,2496.0,2632.0,2556.0,2556.0,1747.0,749.0,1789.0,767.0
0.0,4932.0,2503.0,2494.0,2556.0,2497.0,2497.0,1746.0,748.0,1751.0,752.0
0.0,4985.0,2420.0,2491.0,2497.0,2411.0,2411.0,1744.0,747.0,1694.0,726.0
0.0,5062.0,2520.0,2491.0,2411.0,2520.0,2520.0,1744.0,747.0,1764.0,756.0
0.0,4953.0,2520.0,2492.0,2520.0,2523.0,2523.0,1744.0,748.0,1765.0,755.0
0.0,4953.0,2539.0,2494.0,2523.0,2545.0,2545.0,1746.0,748.0,1776.0,763.0
0.0,4937.0,2590.0,2497.0,2545.0,2599.0,2599.0,1748.0,749.0,1813.0,777.0
0.0,4892.0,2579.0,2499.0,2599.0,2585.0,2585.0,1749.0,750.0,1806.0,773.0
0.0,4912.0,2483.0,2497.0,2585.0,2477.0,2477.0,1748.0,749.0,1737.0,746.0
0.0,5014.0,2438.0,2496.0,2477.0,2435.0,2435.0,1747.0,749.0,1708.0,730.0
0.0,5053.0,2460.0,2494.0,2435.0,2454.0,2454.0,1746.0,748.0,1721.0,739.0
0.0,5028.0,2466.0,2494.0,2454.0,2466.0,2466.0,1746.0,748.0,1726.0,740.0
0.0,5016.0,2589.0,2497.0,2466.0,2598.0,2598.0,1748.0,749.0,1812.0,777.0
0.0,4893.0,2602.0,2500.0,2598.0,2611.0,2611.0,1750.0,750.0,1821.0,781.0
0.0,4889.0,2599.0,2503.0,2611.0,2608.0,2608.0,1752.0,751.0,1819.0,780.0
0.0,4901.0,2414.0,2499.0,2608.0,2402.0,2402.0,1749.0,750.0,1692.0,722.0
0.0,5095.0,2413.0,2497.0,2402.0,2407.0,2407.0,1748.0,749.0,1687.0,726.0
0.0,5084.0,2537.0,2496.0,2407.0,2534.0,2534.0,1747.0,749.0,1776.0,761.0
0.0,4954.0,2527.0,2497.0,2534.0,2530.0,2530.0,1748.0,749.0,1770.0,757.0
0.0,4961.0,2582.0,2501.0,2530.0,2594.0,2594.0,1751.0,750.0,1807.0,775.0
0.0,4909.0,2613.0,2504.0,2594.0,2622.0,2622.0,1753.0,751.0,1829.0,784.0
0.0,4890.0,2619.0,2504.0,2622.0,2619.0,2619.0,1753.0,751.0,1834.0,785.0
0.0,4893.0,2479.0,2504.0,2619.0,2479.0,2479.0,1753.0,751.0,1734.0,745.0
0.0,5033.0,2466.0,2503.0,2479.0,2463.0,2463.0,1752.0,751.0,1726.0,740.0
0.0,5046.0,2434.0,2502.0,2463.0,2431.0,2431.0,1751.0,751.0,1705.0,729.0
0.0,5075.0,2540.0,2503.0,2431.0,2543.0,2543.0,1752.0,751.0,1777.0,763.0
0.0,4966.0,2550.0,2506.0,2543.0,2559.0,2559.0,1754.0,752.0,1786.0,764.0
0.0,4959.0,2566.0,2509.0,2559.0,2575.0,2575.0,1756.0,753.0,1796.0,770.0
0.0,4952.0,2563.0,2510.0,2575.0,2566.0,2566.0,1757.0,753.0,1793.0,770.0
0.0,4964.0,2531.0,2510.0,2566.0,2531.0,2531.0,1757.0,753.0,1772.0,759.0
0.0,4999.0,2432.0,2507.0,2531.0,2423.0,2423.0,1755.0,752.0,1703.0,729.0
0.0,5098.0,2450.0,2506.0,2423.0,2447.0,2447.0,1754.0,752.0,1716.0,734.0
0.0,5071.0,2493.0,2506.0,2447.0,2493.0,2493.0,1754.0,752.0,1744.0,749.0
0.0,5025.0,2550.0,2510.0,2493.0,2562.0,2562.0,1757.0,753.0,1785.0,765.0
0.0,4968.0,2599.0,2512.0,2562.0,2605.0,2605.0,1758.0,754.0,1820.0,779.0
0.0,4931.0,2618.0,2515.0,2605.0,2627.0,2627.0,1760.0,755.0,1832.0,786.0
0.0,4918.0,2545.0,2516.0,2627.0,2548.0,2548.0,1761.0,755.0,1782.0,763.0
0.0,5000.0,2470.0,2514.0,2548.0,2464.0,2464.0,1760.0,754.0,1728.0,742.0
0.0,5078.0,2463.0,2514.0,2464.0,2463.0,2463.0,1760.0,754.0,1724.0,739.0
0.0,5079.0,2552.0,2516.0,2463.0,2558.0,2558.0,1761.0,755.0,1787.0,765.0
0.0,4990.0,2639.0,2520.0,2558.0,2651.0,2651.0,1764.0,756.0,1847.0,792.0
0.0,4909.0,2529.0,2522.0,2651.0,2535.0,2535.0,1765.0,757.0,1770.0,759.0
0.0,5031.0,2592.0,2524.0,2535.0,2598.0,2598.0,1767.0,757.0,1813.0,779.0
0.0,4974.0,2499.0,2523.0,2598.0,2496.0,2496.0,1766.0,757.0,1751.0,748.0
0.0,5073.0,2441.0,2521.0,2496.0,2435.0,2435.0,1765.0,756.0,1707.0,734.0
0.0,5128.0,2490.0,2520.0,2435.0,2487.0,2487.0,1764.0,756.0,1743.0,747.0
0.0,5073.0,2570.0,2523.0,2487.0,2579.0,2579.0,1766.0,757.0,1800.0,770.0
0.0,4990.0,2575.0,2524.0,2579.0,2578.0,2578.0,1767.0,757.0,1802.0,773.0
0.0,4994.0,2655.0,2530.0,2578.0,2673.0,2673.0,1771.0,759.0,1859.0,796.0
0.0,4917.0,2632.0,2532.0,2673.0,2638.0,2638.0,1772.0,760.0,1842.0,790.0
0.0,4958.0,2494.0,2531.0,2638.0,2491.0,2491.0,1772.0,759.0,1745.0,749.0
0.0,5102.0,2495.0,2529.0,2491.0,2489.0,2489.0,1770.0,759.0,1748.0,747.0
0.0,5098.0,2497.0,2527.0,2489.0,2491.0,2491.0,1769.0,758.0,1747.0,750.0
0.0,5090.0,2497.0,2527.0,2491.0,2497.0,2497.0,1769.0,758.0,1748.0,749.0
0.0,5084.0,2611.0,2531.0,2497.0,2623.0,2623.0,1772.0,759.0,1827.0,784.0
0.0,4970.0,2643.0,2533.0,2623.0,2649.0,2649.0,1773.0,760.0,1852.0,791.0
0.0,4950.0,2555.0,2534.0,2649.0,2558.0,2558.0,1774.0,760.0,1786.0,769.0
0.0,5044.0,2431.0,2532.0,2558.0,2425.0,2425.0,1772.0,760.0,1703.0,728.0
0.0,5171.0,2548.0,2531.0,2425.0,2545.0,2545.0,1772.0,759.0,1783.0,765.0
0.0,5048.0,2480.0,2529.0,2545.0,2474.0,2474.0,1770.0,759.0,1737.0,743.0
0.0,5113.0,2572.0,2531.0,2474.0,2578.0,2578.0,1772.0,759.0,1799.0,773.0
0.0,5015.0,2610.0,2534.0,2578.0,2619.0,2619.0,1774.0,760.0,1827.0,783.0
0.0,4983.0,2645.0,2537.0,2619.0,2654.0,2654.0,1776.0,761.0,1852.0,793.0
0.0,4957.0,2592.0,2540.0,2654.0,2601.0,2601.0,1778.0,762.0,1815.0,777.0
0.0,5019.0,2542.0,2539.0,2601.0,2539.0,2539.0,1777.0,762.0,1779.0,763.0
0.0,5078.0,2435.0,2536.0,2539.0,2426.0,2426.0,1775.0,761.0,1705.0,730.0
0.0,5182.0,2523.0,2534.0,2426.0,2517.0,2517.0,1774.0,760.0,1765.0,758.0
0.0,5085.0,2507.0,2536.0,2517.0,2513.0,2513.0,1775.0,761.0,1756.0,751.0
0.0,5095.0,2652.0,2541.0,2513.0,2667.0,2667.0,1779.0,762.0,1855.0,797.0
0.0,4956.0,2614.0,2543.0,2667.0,2620.0,2620.0,1780.0,763.0,1831.0,783.0
0.0,5009.0,2564.0,2543.0,2620.0,2564.0,2564.0,1780.0,763.0,1795.0,769.0
0.0,5065.0,2515.0,2542.0,2564.0,2512.0,2512.0,1779.0,763.0,1760.0,755.0
0.0,5114.0,2520.0,2540.0,2512.0,2514.0,2514.0,1778.0,762.0,1765.0,755.0
0.0,5106.0,2504.0,2537.0,2514.0,2495.0,2495.0,1776.0,761.0,1751.0,753.0
0.0,5116.0,2609.0,2540.0,2495.0,2618.0,2618.0,1778.0,762.0,1826.0,783.0
0.0,5002.0,2684.0,2544.0,2618.0,2696.0,2696.0,1781.0,763.0,1879.0,805.0
0.0,4936.0,2567.0,2547.0,2696.0,2576.0,2576.0,1783.0,764.0,1798.0,769.0
0.0,5065.0,2577.0,2547.0,2576.0,2577.0,2577.0,1783.0,764.0,1803.0,774.0
0.0,5064.0,2493.0,2547.0,2577.0,2493.0,2493.0,1783.0,764.0,1746.0,747.0
0.0,5148.0,2473.0,2545.0,2493.0,2467.0,2467.0,1781.0,764.0,1730.0,743.0
0.0,5168.0,2506.0,2544.0,2467.0,2503.0,2503.0,1781.0,763.0,1753.0,753.0
0.0,5129.0,2543.0,2544.0,2503.0,2543.0,2543.0,1781.0,763.0,1780.0,763.0
0.0,5089.0,2636.0,2548.0,2543.0,2648.0,2648.0,1784.0,764.0,1846.0,790.0
0.0,4996.0,2608.0,2551.0,2648.0,2617.0,2617.0,1786.0,765.0,1825.0,783.0
0.0,5036.0,2603.0,2553.0,2617.0,2609.0,2609.0,1787.0,766.0,1823.0,780.0
0.0,5050.0,2543.0,2553.0,2609.0,2543.0,2543.0,1787.0,766.0,1780.0,763.0
0.0,5116.0,2441.0,2550.0,2543.0,2432.0,2432.0,1785.0,765.0,1709.0,732.0
0.0,5218.0,2528.0,2549.0,2432.0,2525.0,2525.0,1784.0,765.0,1769.0,759.0
0.0,5122.0,2613.0,2550.0,2525.0,2616.0,2616.0,1785.0,765.0,1830.0,783.0
0.0,5034.0,2653.0,2553.0,2616.0,2662.0,2662.0,1787.0,766.0,1858.0,795.0
0.0,4997.0,2668.0,2557.0,2662.0,2680.0,2680.0,1790.0,767.0,1867.0,801.0
0.0,4991.0,2583.0,2557.0,2680.0,2583.0,2583.0,1790.0,767.0,1807.0,776.0
0.0,5088.0,2531.0,2556.0,2583.0,2528.0,2528.0,1789.0,767.0,1772.0,759.0
0.0,5140.0,2502.0,2555.0,2528.0,2499.0,2499.0,1788.0,767.0,1751.0,751.0
0.0,5166.0,2522.0,2554.0,2499.0,2519.0,2519.0,1788.0,766.0,1764.0,758.0
0.0,5143.0,2563.0,2555.0,2519.0,2566.0,2566.0,1788.0,767.0,1795.0,768.0
0.0,5099.0,2606.0,2558.0,2566.0,2615.0,2615.0,1791.0,767.0,1824.0,782.0
0.0,5059.0,2671.0,2562.0,2615.0,2683.0,2683.0,1793.0,769.0,1869.0,802.0
0.0,5003.0,2594.0,2562.0,2683.0,2594.0,2594.0,1793.0,769.0,1817.0,777.0
0.0,5092.0,2561.0,2562.0,2594.0,2561.0,2561.0,1793.0,769.0,1793.0,768.0
0.0,5125.0,2522.0,2559.0,2561.0,2513.0,2513.0,1791.0,768.0,1766.0,756.0
0.0,5164.0,2503.0,2557.0,2513.0,2497.0,2497.0,1790.0,767.0,1751.0,752.0
0.0,5174.0,2609.0,2559.0,2497.0,2615.0,2615.0,1791.0,768.0,1827.0,782.0
0.0,5062.0,2663.0,2562.0,2615.0,2672.0,2672.0,1793.0,769.0,1864.0,799.0
0.0,5014.0,2663.0,2566.0,2672.0,2675.0,2675.0,1796.0,770.0,1864.0,799.0
0.0,5023.0,2634.0,2568.0,2675.0,2640.0,2640.0,1798.0,770.0,1843.0,791.0
0.0,5064.0,2534.0,2567.0,2640.0,2531.0,2531.0,1797.0,770.0,1775.0,759.0
0.0,5170.0,2547.0,2564.0,2531.0,2538.0,2538.0,1795.0,769.0,1782.0,765.0
0.0,5154.0,2510.0,2564.0,2538.0,2510.0,2510.0,1795.0,769.0,1756.0,754.0
0.0,5182.0,2536.0,2566.0,2510.0,2542.0,2542.0,1796.0,770.0,1777.0,759.0
0.0,5156.0,2637.0,2567.0,2542.0,2640.0,2640.0,1797.0,770.0,1845.0,792.0
0.0,5061.0,2659.0,2571.0,2640.0,2671.0,2671.0,1800.0,771.0,1861.0,798.0
0.0,5042.0,2620.0,2572.0,2671.0,2623.0,2623.0,1800.0,772.0,1835.0,785.0
0.0,5093.0,2607.0,2572.0,2623.0,2607.0,2607.0,1800.0,772.0,1825.0,782.0
0.0,5109.0,2461.0,2568.0,2607.0,2449.0,2449.0,1798.0,770.0,1723.0,738.0
0.0,5255.0,2593.0,2569.0,2449.0,2596.0,2596.0,1798.0,771.0,1815.0,778.0
0.0,5111.0,2590.0,2569.0,2596.0,2590.0,2590.0,1798.0,771.0,1813.0,777.0
0.0,5117.0,2643.0,2573.0,2590.0,2655.0,2655.0,1801.0,772.0,1851.0,792.0
0.0,5064.0,2636.0,2576.0,2655.0,2645.0,2645.0,1803.0,773.0,1844.0,792.0
0.0,5083.0,2628.0,2577.0,2645.0,2631.0,2631.0,1804.0,773.0,1839.0,789.0
0.0,5100.0,2508.0,2574.0,2631.0,2499.0,2499.0,1802.0,772.0,1756.0,752.0
0.0,5223.0,2543.0,2573.0,2499.0,2540.0,2540.0,1801.0,772.0,1779.0,764.0
0.0,5179.0,2555.0,2573.0,2540.0,2555.0,2555.0,1801.0,772.0,1788.0,767.0
0.0,5164.0,2547.0,2574.0,2555.0,2550.0,2550.0,1802.0,772.0,1783.0,764.0
0.0,5172.0,2657.0,2577.0,2550.0,2666.0,2666.0,1804.0,773.0,1862.0,795.0
0.0,5065.0,2659.0,2580.0,2666.0,2668.0,2668.0,1806.0,774.0,1861.0,798.0
0.0,5072.0,2630.0,2580.0,2668.0,2630.0,2630.0,1806.0,774.0,1841.0,789.0
0.0,5110.0,2543.0,2577.0,2630.0,2534.0,2534.0,1804.0,773.0,1779.0,764.0
0.0,5197.0,2557.0,2577.0,2534.0,2557.0,2557.0,1804.0,773.0,1790.0,767.0
0.0,5174.0,2587.0,2577.0,2557.0,2587.0,2587.0,1804.0,773.0,1811.0,776.0
0.0,5144.0,2585.0,2579.0,2587.0,2591.0,2591.0,1805.0,774.0,1810.0,775.0
0.0,5146.0,2693.0,2583.0,2591.0,2705.0,2705.0,1808.0,775.0,1886.0,807.0
0.0,5044.0,2693.0,2587.0,2705.0,2705.0,2705.0,1811.0,776.0,1885.0,808.0
0.0,5056.0,2642.0,2589.0,2705.0,2648.0,2648.0,1812.0,777.0,1848.0,794.0
0.0,5119.0,2600.0,2588.0,2648.0,2597.0,2597.0,1812.0,776.0,1820.0,780.0
0.0,5167.0,2511.0,2586.0,2597.0,2505.0,2505.0,1810.0,776.0,1759.0,752.0
0.0,5253.0,2537.0,2586.0,2505.0,2537.0,2537.0,1810.0,776.0,1775.0,762.0
0.0,5221.0,2560.0,2586.0,2537.0,2560.0,2560.0,1810.0,776.0,1792.0,768.0
0.0,5198.0,2675.0,2590.0,2560.0,2687.0,2687.0,1813.0,777.0,1873.0,802.0
0.0,5083.0,2675.0,2593.0,2687.0,2684.0,2684.0,1815.0,778.0,1872.0,803.0
0.0,5095.0,2668.0,2594.0,2684.0,2671.0,2671.0,1816.0,778.0,1868.0,800.0
0.0,5111.0,2510.0,2591.0,2671.0,2501.0,2501.0,1814.0,777.0,1755.0,755.0
0.0,5272.0,2520.0,2588.0,2501.0,2511.0,2511.0,1812.0,776.0,1764.0,756.0
0.0,5253.0,2461.0,2586.0,2511.0,2455.0,2455.0,1810.0,776.0,1724.0,737.0
0.0,5303.0,2605.0,2587.0,2455.0,2608.0,2608.0,1811.0,776.0,1822.0,783.0
0.0,5153.0,2675.0,2590.0,2608.0,2684.0,2684.0,1813.0,777.0,1872.0,803.0
0.0,5086.0,2659.0,2593.0,2684.0,2668.0,2668.0,1815.0,778.0,1863.0,796.0
0.0,5111.0,2756.0,2597.0,2668.0,2768.0,2768.0,1818.0,779.0,1929.0,827.0
0.0,5023.0,2603.0,2597.0,2768.0,2603.0,2603.0,1818.0,779.0,1822.0,781.0
0.0,5188.0,2491.0,2593.0,2603.0,2479.0,2479.0,1815.0,778.0,1744.0,747.0
0.0,5300.0,2517.0,2592.0,2479.0,2514.0,2514.0,1814.0,778.0,1761.0,756.0
0.0,5262.0,2618.0,2593.0,2514.0,2621.0,2621.0,1815.0,778.0,1833.0,785.0
0.0,5158.0,2683.0,2596.0,2621.0,2692.0,2692.0,1817.0,779.0,1878.0,805.0
0.0,5096.0,2682.0,2600.0,2692.0,2694.0,2694.0,1820.0,780.0,1877.0,805.0
0.0,5106.0,2693.0,2601.0,2694.0,2696.0,2696.0,1821.0,780.0,1884.0,809.0
0.0,5107.0,2540.0,2599.0,2696.0,2534.0,2534.0,1819.0,780.0,1779.0,761.0
0.0,5263.0,2504.0,2596.0,2534.0,2495.0,2495.0,1817.0,779.0,1753.0,751.0
0.0,5293.0,2589.0,2594.0,2495.0,2583.0,2583.0,1816.0,778.0,1811.0,778.0
0.0,5199.0,2645.0,2597.0,2583.0,2654.0,2654.0,1818.0,779.0,1851.0,794.0
0.0,5137.0,2670.0,2600.0,2654.0,2679.0,2679.0,1820.0,780.0,1870.0,800.0
0.0,5121.0,2669.0,2603.0,2679.0,2678.0,2678.0,1822.0,781.0,1868.0,801.0
0.0,5131.0,2646.0,2604.0,2678.0,2649.0,2649.0,1823.0,781.0,1852.0,794.0
0.0,5163.0,2555.0,2603.0,2649.0,2552.0,2552.0,1822.0,781.0,1790.0,765.0
0.0,5257.0,2577.0,2601.0,2552.0,2571.0,2571.0,1821.0,780.0,1803.0,774.0
0.0,5232.0,2584.0,2600.0,2571.0,2581.0,2581.0,1820.0,780.0,1808.0,776.0
0.0,5219.0,2602.0,2600.0,2581.0,2602.0,2602.0,1820.0,780.0,1821.0,781.0
0.0,5198.0,2664.0,2604.0,2602.0,2676.0,2676.0,1823.0,781.0,1865.0,799.0
0.0,5136.0,2709.0,2607.0,2676.0,2718.0,2718.0,1825.0,782.0,1897.0,812.0
0.0,5103.0,2610.0,2607.0,2718.0,2610.0,2610.0,1825.0,782.0,1825.0,785.0
0.0,5211.0,2600.0,2606.0,2610.0,2597.0,2597.0,1824.0,782.0,1822.0,778.0
0.0,5221.0,2533.0,2604.0,2597.0,2527.0,2527.0,1823.0,781.0,1772.0,761.0
0.0,5285.0,2587.0,2603.0,2527.0,2584.0,2584.0,1822.0,781.0,1810.0,777.0
0.0,5225.0,2627.0,2606.0,2584.0,2636.0,2636.0,1824.0,782.0,1841.0,786.0
0.0,5182.0,2642.0,2607.0,2636.0,2645.0,2645.0,1825.0,782.0,1848.0,794.0
0.0,5176.0,2702.0,2610.0,2645.0,2711.0,2711.0,1827.0,783.0,1891.0,811.0
0.0,5119.0,2639.0,2613.0,2711.0,2648.0,2648.0,1829.0,784.0,1848.0,791.0
0.0,5191.0,2660.0,2613.0,2648.0,2660.0,2660.0,1829.0,784.0,1862.0,798.0
0.0,5179.0,2586.0,2611.0,2660.0,2580.0,2580.0,1828.0,783.0,1809.0,777.0
0.0,5253.0,2579.0,2610.0,2580.0,2576.0,2576.0,1827.0,783.0,1805.0,774.0
0.0,5254.0,2669.0,2613.0,2576.0,2678.0,2678.0,1829.0,784.0,1869.0,800.0
0.0,5161.0,2701.0,2616.0,2678.0,2710.0,2710.0,1831.0,785.0,1890.0,811.0
0.0,5138.0,2718.0,2617.0,2710.0,2721.0,2721.0,1832.0,785.0,1902.0,816.0
0.0,5130.0,2735.0,2620.0,2721.0,2744.0,2744.0,1834.0,786.0,1914.0,821.0
0.0,5116.0,2640.0,2620.0,2744.0,2640.0,2640.0,1834.0,786.0,1849.0,791.0
0.0,5220.0,2551.0,2617.0,2640.0,2542.0,2542.0,1832.0,785.0,1784.0,767.0
0.0,5309.0,2560.0,2616.0,2542.0,2557.0,2557.0,1831.0,785.0,1793.0,767.0
0.0,5291.0,2640.0,2616.0,2557.0,2640.0,2640.0,1831.0,785.0,1849.0,791.0
0.0,5208.0,2688.0,2619.0,2640.0,2697.0,2697.0,1833.0,786.0,1881.0,807.0
0.0,5160.0,2680.0,2622.0,2697.0,2689.0,2689.0,1835.0,787.0,1876.0,804.0
0.0,5177.0,2692.0,2625.0,2689.0,2701.0,2701.0,1837.0,788.0,1884.0,808.0
0.0,5174.0,2598.0,2623.0,2701.0,2592.0,2592.0,1836.0,787.0,1820.0,778.0
0.0,5277.0,2559.0,2621.0,2592.0,2553.0,2553.0,1835.0,786.0,1789.0,770.0
0.0,5310.0,2623.0,2620.0,2553.0,2620.0,2620.0,1834.0,786.0,1836.0,787.0
0.0,5240.0,2629.0,2623.0,2620.0,2638.0,2638.0,1836.0,787.0,1841.0,788.0
0.0,5231.0,2711.0,2626.0,2638.0,2720.0,2720.0,1838.0,788.0,1898.0,813.0
0.0,5158.0,2736.0,2632.0,2720.0,2754.0,2754.0,1842.0,790.0,1914.0,822.0
0.0,5142.0,2672.0,2633.0,2754.0,2675.0,2675.0,1843.0,790.0,1871.0,801.0
0.0,5224.0,2559.0,2630.0,2675.0,2550.0,2550.0,1841.0,789.0,1790.0,769.0
0.0,5340.0,2544.0,2629.0,2550.0,2541.0,2541.0,1840.0,789.0,1781.0,763.0
0.0,5346.0,2572.0,2625.0,2541.0,2560.0,2560.0,1837.0,788.0,1801.0,771.0
0.0,5315.0,2713.0,2627.0,2560.0,2719.0,2719.0,1839.0,788.0,1898.0,815.0
0.0,5162.0,2688.0,2630.0,2719.0,2697.0,2697.0,1841.0,789.0,1882.0,806.0
0.0,5193.0,2748.0,2635.0,2697.0,2763.0,2763.0,1844.0,791.0,1924.0,824.0
0.0,5142.0,2707.0,2637.0,2763.0,2713.0,2713.0,1846.0,791.0,1896.0,811.0
0.0,5198.0,2673.0,2636.0,2713.0,2670.0,2670.0,1845.0,791.0,1871.0,802.0
0.0,5238.0,2564.0,2634.0,2670.0,2558.0,2558.0,1844.0,790.0,1793.0,771.0
0.0,5344.0,2561.0,2632.0,2558.0,2555.0,2555.0,1842.0,790.0,1794.0,767.0
0.0,5341.0,2665.0,2634.0,2555.0,2671.0,2671.0,1844.0,790.0,1864.0,801.0
0.0,5231.0,2711.0,2639.0,2671.0,2726.0,2726.0,1847.0,792.0,1898.0,813.0
0.0,5191.0,2785.0,2642.0,2726.0,2794.0,2794.0,1849.0,793.0,1949.0,836.0
0.0,5132.0,2715.0,2643.0,2794.0,2718.0,2718.0,1850.0,793.0,1901.0,814.0
0.0,5211.0,2617.0,2642.0,2718.0,2614.0,2614.0,1849.0,793.0,1832.0,785.0
0.0,5312.0,2657.0,2642.0,2614.0,2657.0,2657.0,1849.0,793.0,1860.0,797.0
0.0,5269.0,2543.0,2640.0,2657.0,2537.0,2537.0,1848.0,792.0,1778.0,765.0
0.0,5383.0,2624.0,2642.0,2537.0,2630.0,2630.0,1849.0,793.0,1838.0,786.0
0.0,5296.0,2662.0,2643.0,2630.0,2665.0,2665.0,1850.0,793.0,1864.0,798.0
0.0,5264.0,2731.0,2646.0,2665.0,2740.0,2740.0,1852.0,794.0,1911.0,820.0
0.0,5198.0,2649.0,2647.0,2740.0,2652.0,2652.0,1853.0,794.0,1855.0,794.0
0.0,5289.0,2677.0,2647.0,2652.0,2677.0,2677.0,1853.0,794.0,1874.0,803.0
0.0,5264.0,2631.0,2646.0,2677.0,2628.0,2628.0,1852.0,794.0,1841.0,790.0
0.0,5310.0,2612.0,2646.0,2628.0,2612.0,2612.0,1852.0,794.0,1828.0,784.0
0.0,5326.0,2713.0,2647.0,2612.0,2716.0,2716.0,1853.0,794.0,1899.0,814.0
0.0,5225.0,2748.0,2652.0,2716.0,2763.0,2763.0,1856.0,796.0,1923.0,825.0
0.0,5193.0,2739.0,2655.0,2763.0,2748.0,2748.0,1858.0,797.0,1917.0,822.0
0.0,5217.0,2703.0,2656.0,2748.0,2706.0,2706.0,1859.0,797.0,1893.0,810.0
0.0,5262.0,2634.0,2656.0,2706.0,2634.0,2634.0,1859.0,797.0,1844.0,790.0
0.0,5334.0,2576.0,2653.0,2634.0,2567.0,2567.0,1857.0,796.0,1804.0,772.0
0.0,5392.0,2604.0,2653.0,2567.0,2604.0,2604.0,1857.0,796.0,1822.0,782.0
0.0,5355.0,2655.0,2653.0,2604.0,2655.0,2655.0,1857.0,796.0,1858.0,797.0
0.0,5304.0,2716.0,2656.0,2655.0,2725.0,2725.0,1859.0,797.0,1901.0,815.0
0.0,5243.0,2759.0,2659.0,2725.0,2768.0,2768.0,1861.0,798.0,1931.0,828.0
0.0,5209.0,2702.0,2660.0,2768.0,2705.0,2705.0,1862.0,798.0,1892.0,810.0
0.0,5275.0,2679.0,2659.0,2705.0,2676.0,2676.0,1861.0,798.0,1874.0,805.0
0.0,5301.0,2601.0,2657.0,2676.0,2595.0,2595.0,1860.0,797.0,1822.0,779.0
0.0,5376.0,2608.0,2654.0,2595.0,2599.0,2599.0,1858.0,796.0,1825.0,783.0
0.0,5363.0,2653.0,2654.0,2599.0,2653.0,2653.0,1858.0,796.0,1857.0,796.0
0.0,5309.0,2768.0,2659.0,2653.0,2783.0,2783.0,1861.0,798.0,1937.0,831.0
0.0,5194.0,2716.0,2662.0,2783.0,2725.0,2725.0,1863.0,799.0,1901.0,815.0
0.0,5261.0,2702.0,2663.0,2725.0,2705.0,2705.0,1864.0,799.0,1892.0,810.0
0.0,5284.0,2637.0,2662.0,2705.0,2634.0,2634.0,1863.0,799.0,1846.0,791.0
0.0,5352.0,2574.0,2660.0,2634.0,2568.0,2568.0,1862.0,798.0,1802.0,772.0
0.0,5412.0,2660.0,2659.0,2568.0,2657.0,2657.0,1861.0,798.0,1862.0,798.0
0.0,5320.0,2693.0,2661.0,2657.0,2699.0,2699.0,1863.0,798.0,1884.0,809.0
0.0,5284.0,2759.0,2665.0,2699.0,2771.0,2771.0,1865.0,800.0,1932.0,827.0
0.0,5224.0,2743.0,2667.0,2771.0,2749.0,2749.0,1867.0,800.0,1921.0,822.0
0.0,5252.0,2689.0,2669.0,2749.0,2695.0,2695.0,1868.0,801.0,1881.0,808.0
0.0,5312.0,2616.0,2667.0,2695.0,2610.0,2610.0,1867.0,800.0,1832.0,784.0
0.0,5391.0,2634.0,2664.0,2610.0,2625.0,2625.0,1865.0,799.0,1843.0,791.0
0.0,5367.0,2581.0,2663.0,2625.0,2578.0,2578.0,1864.0,799.0,1808.0,773.0
0.0,5411.0,2716.0,2666.0,2578.0,2725.0,2725.0,1866.0,800.0,1901.0,815.0
0.0,5273.0,2756.0,2670.0,2725.0,2768.0,2768.0,1869.0,801.0,1929.0,827.0
0.0,5242.0,2749.0,2673.0,2768.0,2758.0,2758.0,1871.0,802.0,1924.0,825.0
0.0,5261.0,2687.0,2673.0,2758.0,2687.0,2687.0,1871.0,802.0,1881.0,806.0
0.0,5332.0,2647.0,2672.0,2687.0,2644.0,2644.0,1870.0,802.0,1853.0,794.0
0.0,5372.0,2623.0,2670.0,2644.0,2617.0,2617.0,1869.0,801.0,1836.0,787.0
0.0,5393.0,2634.0,2669.0,2617.0,2631.0,2631.0,1868.0,801.0,1843.0,791.0
0.0,5376.0,2660.0,2668.0,2631.0,2657.0,2657.0,1868.0,800.0,1862.0,798.0
0.0,5347.0,2745.0,2672.0,2657.0,2757.0,2757.0,1870.0,802.0,1921.0,824.0
0.0,5259.0,2758.0,2676.0,2757.0,2770.0,2770.0,1873.0,803.0,1931.0,827.0
0.0,5258.0,2690.0,2676.0,2770.0,2690.0,2690.0,1873.0,803.0,1883.0,807.0
0.0,5338.0,2653.0,2674.0,2690.0,2647.0,2647.0,1872.0,802.0,1857.0,796.0
0.0,5375.0,2608.0,2671.0,2647.0,2599.0,2599.0,1870.0,801.0,1826.0,782.0
0.0,5414.0,2602.0,2669.0,2599.0,2596.0,2596.0,1868.0,801.0,1822.0,780.0
0.0,5411.0,2700.0,2670.0,2596.0,2703.0,2703.0,1869.0,801.0,1889.0,811.0
0.0,5307.0,2709.0,2672.0,2703.0,2715.0,2715.0,1870.0,802.0,1897.0,812.0
0.0,5301.0,2736.0,2676.0,2715.0,2748.0,2748.0,1873.0,803.0,1915.0,821.0
0.0,5280.0,2662.0,2676.0,2748.0,2662.0,2662.0,1873.0,803.0,1864.0,798.0
0.0,5366.0,2669.0,2676.0,2662.0,2669.0,2669.0,1873.0,803.0,1868.0,801.0
0.0,5359.0,2667.0,2675.0,2669.0,2664.0,2664.0,1872.0,803.0,1866.0,801.0
0.0,5361.0,2657.0,2676.0,2664.0,2660.0,2660.0,1873.0,803.0,1860.0,797.0
0.0,5368.0,2660.0,2675.0,2660.0,2657.0,2657.0,1872.0,803.0,1862.0,798.0
0.0,5368.0,2793.0,2678.0,2657.0,2802.0,2802.0,1875.0,803.0,1955.0,838.0
0.0,5232.0,2741.0,2680.0,2802.0,2747.0,2747.0,1876.0,804.0,1918.0,823.0
0.0,5293.0,2740.0,2681.0,2747.0,2743.0,2743.0,1877.0,804.0,1918.0,822.0
0.0,5300.0,2631.0,2679.0,2743.0,2625.0,2625.0,1875.0,804.0,1843.0,788.0
0.0,5412.0,2578.0,2676.0,2625.0,2569.0,2569.0,1873.0,803.0,1805.0,773.0
0.0,5459.0,2551.0,2673.0,2569.0,2542.0,2542.0,1871.0,802.0,1784.0,767.0
0.0,5477.0,2676.0,2673.0,2542.0,2676.0,2676.0,1871.0,802.0,1874.0,802.0
0.0,5343.0,2811.0,2678.0,2676.0,2826.0,2826.0,1875.0,803.0,1968.0,843.0
0.0,5208.0,2723.0,2680.0,2826.0,2729.0,2729.0,1876.0,804.0,1905.0,818.0
0.0,5311.0,2740.0,2682.0,2729.0,2746.0,2746.0,1877.0,805.0,1919.0,821.0
0.0,5300.0,2644.0,2680.0,2746.0,2638.0,2638.0,1876.0,804.0,1850.0,794.0
0.0,5402.0,2600.0,2677.0,2638.0,2591.0,2591.0,1874.0,803.0,1820.0,780.0
0.0,5440.0,2624.0,2676.0,2591.0,2621.0,2621.0,1873.0,803.0,1836.0,788.0
0.0,5407.0,2659.0,2676.0,2621.0,2659.0,2659.0,1873.0,803.0,1863.0,796.0
0.0,5369.0,2740.0,2679.0,2659.0,2749.0,2749.0,1875.0,804.0,1918.0,822.0
0.0,5288.0,2773.0,2681.0,2749.0,2779.0,2779.0,1877.0,804.0,1941.0,832.0
0.0,5264.0,2742.0,2683.0,2779.0,2748.0,2748.0,1878.0,805.0,1920.0,822.0
0.0,5301.0,2693.0,2682.0,2748.0,2690.0,2690.0,1877.0,805.0,1884.0,809.0
0.0,5356.0,2638.0,2680.0,2690.0,2632.0,2632.0,1876.0,804.0,1846.0,792.0
0.0,5408.0,2684.0,2680.0,2632.0,2684.0,2684.0,1876.0,804.0,1879.0,805.0
0.0,5356.0,2692.0,2681.0,2684.0,2695.0,2695.0,1877.0,804.0,1885.0,807.0
0.0,5348.0,2720.0,2684.0,2695.0,2729.0,2729.0,1879.0,805.0,1904.0,816.0
0.0,5323.0,2695.0,2684.0,2729.0,2695.0,2695.0,1879.0,805.0,1886.0,809.0
0.0,5357.0,2732.0,2686.0,2695.0,2738.0,2738.0,1880.0,806.0,1913.0,819.0
0.0,5320.0,2718.0,2684.0,2738.0,2712.0,2712.0,1879.0,805.0,1902.0,816.0
0.0,5340.0,2656.0,2683.0,2712.0,2653.0,2653.0,1878.0,805.0,1858.0,798.0
0.0,5396.0,2649.0,2682.0,2653.0,2646.0,2646.0,1877.0,805.0,1856.0,793.0
0.0,5400.0,2712.0,2684.0,2646.0,2718.0,2718.0,1879.0,805.0,1897.0,815.0
0.0,5334.0,2811.0,2687.0,2718.0,2820.0,2820.0,1881.0,806.0,1967.0,844.0
0.0,5241.0,2795.0,2691.0,2820.0,2807.0,2807.0,1884.0,807.0,1957.0,838.0
0.0,5266.0,2729.0,2692.0,2807.0,2732.0,2732.0,1884.0,808.0,1910.0,819.0
0.0,5344.0,2698.0,2690.0,2732.0,2692.0,2692.0,1883.0,807.0,1888.0,810.0
0.0,5378.0,2663.0,2689.0,2692.0,2660.0,2660.0,1882.0,807.0,1865.0,798.0
0.0,5407.0,2677.0,2689.0,2660.0,2677.0,2677.0,1882.0,807.0,1874.0,803.0
0.0,5390.0,2710.0,2690.0,2677.0,2713.0,2713.0,1883.0,807.0,1896.0,814.0
0.0,5357.0,2835.0,2694.0,2713.0,2847.0,2847.0,1886.0,808.0,1985.0,850.0
0.0,5235.0,2829.0,2697.0,2847.0,2838.0,2838.0,1888.0,809.0,1980.0,849.0
0.0,5253.0,2743.0,2699.0,2838.0,2749.0,2749.0,1889.0,810.0,1921.0,822.0
0.0,5348.0,2657.0,2697.0,2749.0,2651.0,2651.0,1888.0,809.0,1859.0,798.0
0.0,5440.0,2673.0,2696.0,2651.0,2670.0,2670.0,1887.0,809.0,1872.0,801.0
0.0,5418.0,2718.0,2696.0,2670.0,2718.0,2718.0,1887.0,809.0,1901.0,817.0
0.0,5370.0,2709.0,2697.0,2718.0,2712.0,2712.0,1888.0,809.0,1896.0,813.0
0.0,5379.0,2779.0,2700.0,2712.0,2788.0,2788.0,1890.0,810.0,1945.0,834.0
0.0,5312.0,2795.0,2704.0,2788.0,2807.0,2807.0,1893.0,811.0,1957.0,838.0
0.0,5305.0,2767.0,2706.0,2807.0,2773.0,2773.0,1894.0,812.0,1938.0,829.0
0.0,5345.0,2710.0,2706.0,2773.0,2710.0,2710.0,1894.0,812.0,1897.0,813.0
0.0,5408.0,2682.0,2705.0,2710.0,2679.0,2679.0,1893.0,812.0,1876.0,806.0
0.0,5436.0,2664.0,2705.0,2679.0,2664.0,2664.0,1893.0,812.0,1865.0,799.0
0.0,5451.0,2713.0,2706.0,2664.0,2716.0,2716.0,1894.0,812.0,1900.0,813.0
0.0,5402.0,2745.0,2707.0,2716.0,2748.0,2748.0,1895.0,812.0,1920.0,825.0
0.0,5373.0,2687.0,2707.0,2748.0,2687.0,2687.0,1895.0,812.0,1881.0,806.0
0.0,5434.0,2732.0,2709.0,2687.0,2738.0,2738.0,1896.0,813.0,1913.0,819.0
0.0,5389.0,2668.0,2707.0,2738.0,2662.0,2662.0,1895.0,812.0,1866.0,802.0
0.0,5459.0,2610.0,2704.0,2662.0,2601.0,2601.0,1893.0,811.0,1828.0,782.0
0.0,5511.0,2588.0,2701.0,2601.0,2579.0,2579.0,1891.0,810.0,1812.0,776.0
0.0,5524.0,2746.0,2703.0,2579.0,2752.0,2752.0,1892.0,811.0,1921.0,825.0
0.0,5357.0,2804.0,2707.0,2752.0,2816.0,2816.0,1895.0,812.0,1963.0,841.0
0.0,5305.0,2794.0,2713.0,2816.0,2812.0,2812.0,1899.0,814.0,1956.0,838.0
0.0,5327.0,2718.0,2713.0,2812.0,2718.0,2718.0,1899.0,814.0,1903.0,815.0
0.0,5421.0,2701.0,2711.0,2718.0,2695.0,2695.0,1898.0,813.0,1889.0,812.0
0.0,5438.0,2676.0,2710.0,2695.0,2673.0,2673.0,1897.0,813.0,1873.0,803.0
0.0,5457.0,2654.0,2709.0,2673.0,2651.0,2651.0,1896.0,813.0,1859.0,795.0
0.0,5476.0,2690.0,2710.0,2651.0,2693.0,2693.0,1897.0,813.0,1883.0,807.0
0.0,5437.0,2788.0,2713.0,2693.0,2797.0,2797.0,1899.0,814.0,1952.0,836.0
0.0,5342.0,2818.0,2717.0,2797.0,2830.0,2830.0,1902.0,815.0,1972.0,846.0
0.0,5321.0,2775.0,2719.0,2830.0,2781.0,2781.0,1903.0,816.0,1942.0,833.0
0.0,5376.0,2697.0,2719.0,2781.0,2697.0,2697.0,1903.0,816.0,1887.0,810.0
0.0,5460.0,2723.0,2717.0,2697.0,2717.0,2717.0,1902.0,815.0,1906.0,817.0
0.0,5434.0,2723.0,2717.0,2717.0,2723.0,2723.0,1902.0,815.0,1905.0,818.0
0.0,5428.0,2680.0,2717.0,2723.0,2680.0,2680.0,1902.0,815.0,1876.0,804.0
0.0,5471.0,2722.0,2719.0,2680.0,2728.0,2728.0,1903.0,816.0,1906.0,816.0
0.0,5429.0,2793.0,2720.0,2728.0,2796.0,2796.0,1904.0,816.0,1955.0,838.0
0.0,5364.0,2786.0,2722.0,2796.0,2792.0,2792.0,1905.0,817.0,1951.0,835.0
0.0,5374.0,2702.0,2722.0,2792.0,2702.0,2702.0,1905.0,817.0,1891.0,811.0
0.0,5464.0,2706.0,2722.0,2702.0,2706.0,2706.0,1905.0,817.0,1894.0,812.0
0.0,5460.0,2636.0,2720.0,2706.0,2630.0,2630.0,1904.0,816.0,1844.0,792.0
0.0,5530.0,2651.0,2719.0,2630.0,2648.0,2648.0,1903.0,816.0,1857.0,794.0
0.0,5509.0,2789.0,2722.0,2648.0,2798.0,2798.0,1905.0,817.0,1951.0,838.0
0.0,5368.0,2791.0,2724.0,2798.0,2797.0,2797.0,1907.0,817.0,1953.0,838.0
0.0,5375.0,2776.0,2726.0,2797.0,2782.0,2782.0,1908.0,818.0,1944.0,832.0
0.0,5396.0,2672.0,2723.0,2782.0,2663.0,2663.0,1906.0,817.0,1871.0,801.0
0.0,5506.0,2677.0,2720.0,2663.0,2668.0,2668.0,1904.0,816.0,1873.0,804.0
0.0,5492.0,2712.0,2720.0,2668.0,2712.0,2712.0,1904.0,816.0,1898.0,814.0
0.0,5448.0,2770.0,2722.0,2712.0,2776.0,2776.0,1905.0,817.0,1940.0,830.0
0.0,5390.0,2792.0,2724.0,2776.0,2798.0,2798.0,1907.0,817.0,1953.0,839.0
0.0,5374.0,2853.0,2727.0,2798.0,2862.0,2862.0,1909.0,818.0,1998.0,855.0
0.0,5319.0,2788.0,2729.0,2862.0,2794.0,2794.0,1910.0,819.0,1952.0,836.0
0.0,5393.0,2749.0,2727.0,2794.0,2743.0,2743.0,1909.0,818.0,1923.0,826.0
0.0,5438.0,2706.0,2725.0,2743.0,2700.0,2700.0,1907.0,818.0,1894.0,812.0
0.0,5475.0,2691.0,2724.0,2700.0,2688.0,2688.0,1907.0,817.0,1884.0,807.0
0.0,5484.0,2786.0,2726.0,2688.0,2792.0,2792.0,1908.0,818.0,1949.0,837.0
0.0,5386.0,2839.0,2730.0,2792.0,2851.0,2851.0,1911.0,819.0,1989.0,850.0
0.0,5339.0,2825.0,2732.0,2851.0,2831.0,2831.0,1912.0,820.0,1977.0,848.0
0.0,5365.0,2785.0,2733.0,2831.0,2788.0,2788.0,1913.0,820.0,1950.0,835.0
0.0,5411.0,2693.0,2732.0,2788.0,2690.0,2690.0,1912.0,820.0,1884.0,809.0
0.0,5506.0,2655.0,2729.0,2690.0,2646.0,2646.0,1910.0,819.0,1859.0,796.0
0.0,5541.0,2650.0,2726.0,2646.0,2641.0,2641.0,1908.0,818.0,1854.0,796.0
0.0,5537.0,2749.0,2727.0,2641.0,2752.0,2752.0,1909.0,818.0,1924.0,825.0
0.0,5429.0,2845.0,2730.0,2752.0,2854.0,2854.0,1911.0,819.0,1991.0,854.0
0.0,5336.0,2806.0,2733.0,2854.0,2815.0,2815.0,1913.0,820.0,1964.0,842.0
0.0,5384.0,2722.0,2733.0,2815.0,2722.0,2722.0,1913.0,820.0,1905.0,817.0
0.0,5477.0,2785.0,2734.0,2722.0,2788.0,2788.0,1914.0,820.0,1950.0,835.0
0.0,5414.0,2723.0,2735.0,2788.0,2726.0,2726.0,1914.0,821.0,1906.0,817.0
0.0,5479.0,2750.0,2735.0,2726.0,2750.0,2750.0,1914.0,821.0,1925.0,825.0
0.0,5455.0,2758.0,2737.0,2750.0,2764.0,2764.0,1916.0,821.0,1929.0,829.0
0.0,5447.0,2824.0,2741.0,2764.0,2836.0,2836.0,1919.0,822.0,1977.0,847.0
0.0,5387.0,2832.0,2746.0,2836.0,2847.0,2847.0,1922.0,824.0,1983.0,849.0
0.0,5391.0,2807.0,2747.0,2847.0,2810.0,2810.0,1923.0,824.0,1966.0,841.0
0.0,5431.0,2737.0,2746.0,2810.0,2734.0,2734.0,1922.0,824.0,1915.0,822.0
0.0,5504.0,2760.0,2745.0,2734.0,2757.0,2757.0,1921.0,824.0,1932.0,828.0
0.0,5478.0,2694.0,2744.0,2757.0,2691.0,2691.0,1921.0,823.0,1886.0,808.0
0.0,5541.0,2786.0,2746.0,2691.0,2792.0,2792.0,1922.0,824.0,1951.0,835.0
0.0,5446.0,2790.0,2749.0,2792.0,2799.0,2799.0,1924.0,825.0,1952.0,838.0
0.0,5448.0,2854.0,2752.0,2799.0,2863.0,2863.0,1926.0,826.0,1998.0,856.0
0.0,5393.0,2820.0,2755.0,2863.0,2829.0,2829.0,1928.0,827.0,1973.0,847.0
0.0,5436.0,2713.0,2753.0,2829.0,2707.0,2707.0,1927.0,826.0,1901.0,812.0
0.0,5552.0,2690.0,2750.0,2707.0,2681.0,2681.0,1925.0,825.0,1881.0,809.0
0.0,5569.0,2713.0,2750.0,2681.0,2713.0,2713.0,1925.0,825.0,1900.0,813.0
0.0,5537.0,2786.0,2752.0,2713.0,2792.0,2792.0,1926.0,826.0,1949.0,837.0
0.0,5464.0,2793.0,2753.0,2792.0,2796.0,2796.0,1927.0,826.0,1956.0,837.0
0.0,5463.0,2816.0,2754.0,2796.0,2819.0,2819.0,1928.0,826.0,1970.0,846.0
0.0,5443.0,2829.0,2757.0,2819.0,2838.0,2838.0,1930.0,827.0,1980.0,849.0
0.0,5433.0,2780.0,2759.0,2838.0,2786.0,2786.0,1931.0,828.0,1947.0,833.0
0.0,5491.0,2686.0,2756.0,2786.0,2677.0,2677.0,1929.0,827.0,1881.0,805.0
0.0,5591.0,2717.0,2755.0,2677.0,2714.0,2714.0,1928.0,827.0,1901.0,816.0
0.0,5551.0,2805.0,2757.0,2714.0,2811.0,2811.0,1930.0,827.0,1962.0,843.0
0.0,5460.0,2848.0,2760.0,2811.0,2857.0,2857.0,1932.0,828.0,1995.0,853.0
0.0,5423.0,2829.0,2763.0,2857.0,2838.0,2838.0,1934.0,829.0,1981.0,848.0
0.0,5451.0,2785.0,2766.0,2838.0,2794.0,2794.0,1936.0,830.0,1948.0,837.0
0.0,5504.0,2750.0,2766.0,2794.0,2750.0,2750.0,1936.0,830.0,1925.0,825.0
0.0,5548.0,2720.0,2764.0,2750.0,2714.0,2714.0,1935.0,829.0,1903.0,817.0
0.0,5578.0,2700.0,2763.0,2714.0,2697.0,2697.0,1934.0,829.0,1891.0,809.0
0.0,5592.0,2787.0,2765.0,2697.0,2793.0,2793.0,1935.0,830.0,1950.0,837.0
0.0,5502.0,2906.0,2769.0,2793.0,2918.0,2918.0,1938.0,831.0,2035.0,871.0
0.0,5389.0,2838.0,2772.0,2918.0,2847.0,2847.0,1940.0,832.0,1986.0,852.0
0.0,5469.0,2820.0,2773.0,2847.0,2823.0,2823.0,1941.0,832.0,1975.0,845.0
0.0,5496.0,2774.0,2772.0,2823.0,2771.0,2771.0,1940.0,832.0,1941.0,833.0
0.0,5545.0,2740.0,2770.0,2771.0,2734.0,2734.0,1939.0,831.0,1919.0,821.0
0.0,5576.0,2776.0,2770.0,2734.0,2776.0,2776.0,1939.0,831.0,1943.0,833.0
0.0,5534.0,2704.0,2769.0,2776.0,2701.0,2701.0,1938.0,831.0,1892.0,812.0
0.0,5606.0,2822.0,2771.0,2701.0,2828.0,2828.0,1940.0,831.0,1975.0,847.0
0.0,5485.0,2875.0,2774.0,2828.0,2884.0,2884.0,1942.0,832.0,2012.0,863.0
0.0,5438.0,2796.0,2775.0,2884.0,2799.0,2799.0,1942.0,833.0,1957.0,839.0
0.0,5526.0,2725.0,2773.0,2799.0,2719.0,2719.0,1941.0,832.0,1909.0,816.0
0.0,5600.0,2720.0,2770.0,2719.0,2711.0,2711.0,1939.0,831.0,1903.0,817.0
0.0,5599.0,2701.0,2769.0,2711.0,2698.0,2698.0,1938.0,831.0,1892.0,809.0
0.0,5609.0,2833.0,2772.0,2698.0,2842.0,2842.0,1940.0,832.0,1982.0,851.0
0.0,5474.0,2898.0,2776.0,2842.0,2910.0,2910.0,1943.0,833.0,2029.0,869.0
0.0,5418.0,2885.0,2780.0,2910.0,2897.0,2897.0,1946.0,834.0,2020.0,865.0
0.0,5443.0,2855.0,2783.0,2897.0,2864.0,2864.0,1948.0,835.0,1998.0,857.0
0.0,5485.0,2750.0,2781.0,2864.0,2744.0,2744.0,1947.0,834.0,1924.0,826.0
0.0,5599.0,2719.0,2779.0,2744.0,2713.0,2713.0,1945.0,834.0,1904.0,815.0
0.0,5624.0,2733.0,2780.0,2713.0,2736.0,2736.0,1946.0,834.0,1913.0,820.0
0.0,5604.0,2791.0,2780.0,2736.0,2791.0,2791.0,1946.0,834.0,1954.0,837.0
0.0,5549.0,2861.0,2783.0,2791.0,2870.0,2870.0,1948.0,835.0,2002.0,859.0
0.0,5479.0,2926.0,2786.0,2870.0,2935.0,2935.0,1950.0,836.0,2048.0,878.0
0.0,5423.0,2862.0,2787.0,2935.0,2865.0,2865.0,1951.0,836.0,2002.0,860.0
0.0,5496.0,2840.0,2788.0,2865.0,2843.0,2843.0,1952.0,836.0,1989.0,851.0
0.0,5521.0,2733.0,2786.0,2843.0,2727.0,2727.0,1950.0,836.0,1914.0,819.0
0.0,5631.0,2768.0,2786.0,2727.0,2768.0,2768.0,1950.0,836.0,1937.0,831.0
0.0,5590.0,2794.0,2786.0,2768.0,2794.0,2794.0,1950.0,836.0,1957.0,837.0
0.0,5564.0,2867.0,2789.0,2794.0,2876.0,2876.0,1952.0,837.0,2006.0,861.0
0.0,5491.0,2871.0,2792.0,2876.0,2880.0,2880.0,1954.0,838.0,2009.0,862.0
0.0,5496.0,2799.0,2792.0,2880.0,2799.0,2799.0,1954.0,838.0,1960.0,839.0
0.0,5577.0,2731.0,2791.0,2799.0,2728.0,2728.0,1954.0,837.0,1911.0,820.0
0.0,5645.0,2714.0,2789.0,2728.0,2708.0,2708.0,1952.0,837.0,1900.0,814.0
0.0,5659.0,2810.0,2788.0,2708.0,2807.0,2807.0,1952.0,836.0,1967.0,843.0
0.0,5557.0,2773.0,2789.0,2807.0,2776.0,2776.0,1952.0,837.0,1942.0,831.0
0.0,5591.0,2798.0,2791.0,2776.0,2804.0,2804.0,1954.0,837.0,1957.0,841.0
0.0,5569.0,2863.0,2794.0,2804.0,2872.0,2872.0,1956.0,838.0,2004.0,859.0
0.0,5510.0,2866.0,2796.0,2872.0,2872.0,2872.0,1957.0,839.0,2007.0,859.0
0.0,5516.0,2766.0,2796.0,2872.0,2766.0,2766.0,1957.0,839.0,1936.0,830.0
0.0,5622.0,2723.0,2793.0,2766.0,2714.0,2714.0,1955.0,838.0,1907.0,816.0
0.0,5665.0,2743.0,2792.0,2714.0,2740.0,2740.0,1954.0,838.0,1919.0,824.0
0.0,5636.0,2812.0,2793.0,2740.0,2815.0,2815.0,1955.0,838.0,1968.0,844.0
0.0,5564.0,2892.0,2796.0,2815.0,2901.0,2901.0,1957.0,839.0,2025.0,867.0
0.0,5487.0,2850.0,2799.0,2901.0,2859.0,2859.0,1959.0,840.0,1994.0,856.0
0.0,5538.0,2829.0,2800.0,2859.0,2832.0,2832.0,1960.0,840.0,1981.0,848.0
0.0,5568.0,2819.0,2799.0,2832.0,2816.0,2816.0,1959.0,840.0,1973.0,846.0
0.0,5581.0,2788.0,2799.0,2816.0,2788.0,2788.0,1959.0,840.0,1951.0,837.0
0.0,5609.0,2764.0,2797.0,2788.0,2758.0,2758.0,1958.0,839.0,1935.0,829.0
0.0,5633.0,2845.0,2800.0,2758.0,2854.0,2854.0,1960.0,840.0,1992.0,853.0
0.0,5546.0,2852.0,2802.0,2854.0,2858.0,2858.0,1961.0,841.0,1996.0,856.0
0.0,5548.0,2886.0,2806.0,2858.0,2898.0,2898.0,1964.0,842.0,2020.0,866.0
0.0,5520.0,2858.0,2807.0,2898.0,2861.0,2861.0,1965.0,842.0,2001.0,857.0
0.0,5560.0,2804.0,2805.0,2861.0,2798.0,2798.0,1963.0,842.0,1962.0,842.0
0.0,5617.0,2697.0,2803.0,2798.0,2691.0,2691.0,1962.0,841.0,1888.0,809.0
0.0,5718.0,2793.0,2802.0,2691.0,2790.0,2790.0,1961.0,841.0,1955.0,838.0
0.0,5616.0,2706.0,2800.0,2790.0,2700.0,2700.0,1960.0,840.0,1893.0,813.0
0.0,5700.0,2852.0,2803.0,2700.0,2861.0,2861.0,1962.0,841.0,1997.0,855.0
0.0,5548.0,2906.0,2806.0,2861.0,2915.0,2915.0,1964.0,842.0,2034.0,872.0
0.0,5503.0,2807.0,2807.0,2915.0,2810.0,2810.0,1965.0,842.0,1964.0,843.0
0.0,5611.0,2764.0,2806.0,2810.0,2761.0,2761.0,1964.0,842.0,1937.0,827.0
0.0,5657.0,2717.0,2803.0,2761.0,2708.0,2708.0,1962.0,841.0,1902.0,815.0
0.0,5701.0,2708.0,2801.0,2708.0,2702.0,2702.0,1961.0,840.0,1895.0,813.0
0.0,5701.0,2779.0,2803.0,2702.0,2785.0,2785.0,1962.0,841.0,1945.0,834.0
0.0,5624.0,2904.0,2806.0,2785.0,2913.0,2913.0,1964.0,842.0,2033.0,871.0
0.0,5505.0,2892.0,2810.0,2913.0,2904.0,2904.0,1967.0,843.0,2024.0,868.0
0.0,5526.0,2885.0,2810.0,2904.0,2885.0,2885.0,1967.0,843.0,2018.0,867.0
0.0,5545.0,2768.0,2808.0,2885.0,2762.0,2762.0,1966.0,842.0,1938.0,830.0
0.0,5662.0,2721.0,2805.0,2762.0,2712.0,2712.0,1963.0,842.0,1905.0,816.0
0.0,5703.0,2787.0,2803.0,2712.0,2781.0,2781.0,1962.0,841.0,1951.0,836.0
0.0,5628.0,2875.0,2806.0,2781.0,2884.0,2884.0,1964.0,842.0,2013.0,862.0
0.0,5534.0,2876.0,2809.0,2884.0,2885.0,2885.0,1966.0,843.0,2013.0,863.0
0.0,5542.0,2953.0,2813.0,2885.0,2965.0,2965.0,1969.0,844.0,2068.0,885.0
0.0,5474.0,2837.0,2814.0,2965.0,2840.0,2840.0,1970.0,844.0,1984.0,853.0
0.0,5602.0,2803.0,2813.0,2840.0,2800.0,2800.0,1969.0,844.0,1964.0,839.0
0.0,5639.0,2722.0,2809.0,2800.0,2710.0,2710.0,1966.0,843.0,1905.0,817.0
0.0,5717.0,2797.0,2807.0,2710.0,2791.0,2791.0,1965.0,842.0,1958.0,839.0
0.0,5630.0,2846.0,2808.0,2791.0,2849.0,2849.0,1966.0,842.0,1992.0,854.0
0.0,5575.0,2952.0,2812.0,2849.0,2964.0,2964.0,1968.0,844.0,2066.0,886.0
0.0,5472.0,2958.0,2816.0,2964.0,2970.0,2970.0,1971.0,845.0,2071.0,887.0
0.0,5478.0,2882.0,2817.0,2970.0,2885.0,2885.0,1972.0,845.0,2016.0,866.0
0.0,5566.0,2791.0,2816.0,2885.0,2788.0,2788.0,1971.0,845.0,1955.0,836.0
0.0,5660.0,2839.0,2816.0,2788.0,2839.0,2839.0,1971.0,845.0,1987.0,852.0
0.0,5609.0,2800.0,2816.0,2839.0,2800.0,2800.0,1971.0,845.0,1960.0,840.0
0.0,5648.0,2835.0,2817.0,2800.0,2838.0,2838.0,1972.0,845.0,1983.0,852.0
0.0,5613.0,2800.0,2819.0,2838.0,2806.0,2806.0,1973.0,846.0,1961.0,839.0
0.0,5651.0,2961.0,2822.0,2806.0,2970.0,2970.0,1975.0,847.0,2072.0,889.0
0.0,5496.0,2903.0,2824.0,2970.0,2909.0,2909.0,1977.0,847.0,2032.0,871.0
0.0,5563.0,2822.0,2825.0,2909.0,2825.0,2825.0,1977.0,848.0,1975.0,847.0
0.0,5650.0,2754.0,2823.0,2825.0,2748.0,2748.0,1976.0,847.0,1929.0,825.0
0.0,5721.0,2767.0,2821.0,2748.0,2761.0,2761.0,1975.0,846.0,1936.0,831.0
0.0,5702.0,2823.0,2822.0,2761.0,2826.0,2826.0,1975.0,847.0,1976.0,847.0
0.0,5640.0,2914.0,2826.0,2826.0,2926.0,2926.0,1978.0,848.0,2040.0,874.0
0.0,5552.0,2910.0,2829.0,2926.0,2919.0,2919.0,1980.0,849.0,2037.0,873.0
0.0,5568.0,2843.0,2830.0,2919.0,2846.0,2846.0,1981.0,849.0,1990.0,853.0
0.0,5644.0,2826.0,2829.0,2846.0,2823.0,2823.0,1980.0,849.0,1977.0,849.0
0.0,5664.0,2764.0,2827.0,2823.0,2758.0,2758.0,1979.0,848.0,1934.0,830.0
0.0,5723.0,2753.0,2826.0,2758.0,2750.0,2750.0,1978.0,848.0,1928.0,825.0
0.0,5728.0,2802.0,2825.0,2750.0,2799.0,2799.0,1977.0,848.0,1961.0,841.0
0.0,5676.0,2933.0,2827.0,2799.0,2939.0,2939.0,1979.0,848.0,2053.0,880.0
0.0,5542.0,2896.0,2830.0,2939.0,2905.0,2905.0,1981.0,849.0,2027.0,869.0
0.0,5585.0,2870.0,2830.0,2905.0,2870.0,2870.0,1981.0,849.0,2009.0,861.0
0.0,5620.0,2767.0,2829.0,2870.0,2764.0,2764.0,1980.0,849.0,1938.0,829.0
0.0,5723.0,2714.0,2826.0,2764.0,2705.0,2705.0,1978.0,848.0,1900.0,814.0
0.0,5773.0,2835.0,2826.0,2705.0,2835.0,2835.0,1978.0,848.0,1984.0,851.0
0.0,5643.0,2811.0,2826.0,2835.0,2811.0,2811.0,1978.0,848.0,1968.0,843.0
0.0,5667.0,2951.0,2830.0,2811.0,2963.0,2963.0,1981.0,849.0,2064.0,887.0
0.0,5527.0,2929.0,2833.0,2963.0,2938.0,2938.0,1983.0,850.0,2052.0,877.0
0.0,5561.0,2855.0,2836.0,2938.0,2864.0,2864.0,1985.0,851.0,1998.0,857.0
0.0,5644.0,2784.0,2834.0,2864.0,2778.0,2778.0,1984.0,850.0,1948.0,836.0
0.0,5724.0,2787.0,2832.0,2778.0,2781.0,2781.0,1982.0,850.0,1951.0,836.0
0.0,5715.0,2780.0,2832.0,2781.0,2780.0,2780.0,1982.0,850.0,1946.0,834.0
0.0,5716.0,2850.0,2833.0,2780.0,2853.0,2853.0,1983.0,850.0,1994.0,856.0
0.0,5646.0,2911.0,2837.0,2853.0,2923.0,2923.0,1986.0,851.0,2037.0,874.0
0.0,5588.0,2927.0,2841.0,2923.0,2939.0,2939.0,1989.0,852.0,2049.0,878.0
0.0,5584.0,2895.0,2843.0,2939.0,2901.0,2901.0,1990.0,853.0,2028.0,867.0
0.0,5628.0,2834.0,2842.0,2901.0,2831.0,2831.0,1989.0,853.0,1983.0,851.0
0.0,5695.0,2720.0,2839.0,2831.0,2711.0,2711.0,1987.0,852.0,1904.0,816.0
0.0,5806.0,2786.0,2837.0,2711.0,2780.0,2780.0,1986.0,851.0,1949.0,837.0
0.0,5731.0,2820.0,2837.0,2780.0,2820.0,2820.0,1986.0,851.0,1974.0,846.0
0.0,5691.0,2949.0,2843.0,2820.0,2967.0,2967.0,1990.0,853.0,2065.0,884.0
0.0,5562.0,2959.0,2846.0,2967.0,2968.0,2968.0,1992.0,854.0,2071.0,888.0
0.0,5570.0,2856.0,2846.0,2968.0,2856.0,2856.0,1992.0,854.0,1999.0,857.0
0.0,5682.0,2810.0,2844.0,2856.0,2804.0,2804.0,1991.0,853.0,1966.0,844.0
0.0,5728.0,2856.0,2842.0,2804.0,2850.0,2850.0,1989.0,853.0,2000.0,856.0
0.0,5676.0,2803.0,2842.0,2850.0,2803.0,2803.0,1989.0,853.0,1962.0,841.0
0.0,5723.0,2916.0,2843.0,2803.0,2919.0,2919.0,1990.0,853.0,2040.0,876.0
0.0,5610.0,2972.0,2849.0,2919.0,2990.0,2990.0,1994.0,855.0,2081.0,891.0
0.0,5557.0,2955.0,2852.0,2990.0,2964.0,2964.0,1996.0,856.0,2068.0,887.0
0.0,5592.0,2879.0,2852.0,2964.0,2879.0,2879.0,1996.0,856.0,2016.0,863.0
0.0,5677.0,2880.0,2850.0,2879.0,2874.0,2874.0,1995.0,855.0,2015.0,865.0
0.0,5676.0,2727.0,2846.0,2874.0,2715.0,2715.0,1992.0,854.0,1910.0,817.0
0.0,5823.0,2821.0,2845.0,2715.0,2818.0,2818.0,1991.0,854.0,1974.0,847.0
0.0,5717.0,2877.0,2847.0,2818.0,2883.0,2883.0,1993.0,854.0,2013.0,864.0
0.0,5658.0,2948.0,2849.0,2883.0,2954.0,2954.0,1994.0,855.0,2065.0,883.0
0.0,5593.0,2872.0,2850.0,2954.0,2875.0,2875.0,1995.0,855.0,2009.0,863.0
0.0,5675.0,2883.0,2851.0,2875.0,2886.0,2886.0,1996.0,855.0,2018.0,865.0
0.0,5667.0,2847.0,2852.0,2886.0,2850.0,2850.0,1996.0,856.0,1994.0,853.0
0.0,5706.0,2762.0,2849.0,2850.0,2753.0,2753.0,1994.0,855.0,1934.0,828.0
0.0,5794.0,2778.0,2846.0,2753.0,2769.0,2769.0,1992.0,854.0,1945.0,833.0
0.0,5769.0,2837.0,2846.0,2769.0,2837.0,2837.0,1992.0,854.0,1984.0,853.0
0.0,5701.0,2902.0,2849.0,2837.0,2911.0,2911.0,1994.0,855.0,2033.0,869.0
0.0,5636.0,2908.0,2852.0,2911.0,2917.0,2917.0,1996.0,856.0,2035.0,873.0
0.0,5639.0,2853.0,2852.0,2917.0,2853.0,2853.0,1996.0,856.0,1997.0,856.0
0.0,5703.0,2854.0,2851.0,2853.0,2851.0,2851.0,1996.0,855.0,1998.0,856.0
0.0,5702.0,2815.0,2849.0,2851.0,2809.0,2809.0,1994.0,855.0,1972.0,843.0
0.0,5738.0,2849.0,2849.0,2809.0,2849.0,2849.0,1994.0,855.0,1992.0,857.0
0.0,5698.0,2910.0,2851.0,2849.0,2916.0,2916.0,1996.0,855.0,2038.0,872.0
0.0,5637.0,2919.0,2854.0,2916.0,2928.0,2928.0,1998.0,856.0,2043.0,876.0
0.0,5634.0,2907.0,2857.0,2928.0,2916.0,2916.0,2000.0,857.0,2034.0,873.0
0.0,5655.0,2903.0,2859.0,2916.0,2909.0,2909.0,2001.0,858.0,2034.0,869.0
0.0,5668.0,2896.0,2859.0,2909.0,2896.0,2896.0,2001.0,858.0,2026.0,870.0
0.0,5681.0,2823.0,2857.0,2896.0,2817.0,2817.0,2000.0,857.0,1976.0,847.0
0.0,5754.0,2811.0,2856.0,2817.0,2808.0,2808.0,1999.0,857.0,1969.0,842.0
0.0,5760.0,2855.0,2857.0,2808.0,2858.0,2858.0,2000.0,857.0,1997.0,858.0
0.0,5713.0,2972.0,2863.0,2858.0,2990.0,2990.0,2004.0,859.0,2081.0,891.0
0.0,5599.0,2971.0,2865.0,2990.0,2977.0,2977.0,2005.0,860.0,2079.0,892.0
0.0,5618.0,2933.0,2867.0,2977.0,2939.0,2939.0,2007.0,860.0,2052.0,881.0
0.0,5662.0,2854.0,2866.0,2939.0,2851.0,2851.0,2006.0,860.0,1999.0,855.0
0.0,5747.0,2869.0,2864.0,2851.0,2863.0,2863.0,2005.0,859.0,2008.0,861.0
0.0,5729.0,2872.0,2864.0,2863.0,2872.0,2872.0,2005.0,859.0,2010.0,862.0
0.0,5720.0,2962.0,2868.0,2872.0,2974.0,2974.0,2008.0,860.0,2073.0,889.0
0.0,5630.0,2992.0,2872.0,2974.0,3004.0,3004.0,2010.0,862.0,2095.0,897.0
0.0,5612.0,2965.0,2876.0,3004.0,2977.0,2977.0,2013.0,863.0,2075.0,890.0
0.0,5651.0,2862.0,2876.0,2977.0,2862.0,2862.0,2013.0,863.0,2003.0,859.0
0.0,5766.0,2836.0,2874.0,2862.0,2830.0,2830.0,2012.0,862.0,1984.0,852.0
0.0,5792.0,2866.0,2873.0,2830.0,2863.0,2863.0,2011.0,862.0,2008.0,858.0
0.0,5756.0,2883.0,2873.0,2863.0,2883.0,2883.0,2011.0,862.0,2018.0,865.0
0.0,5736.0,2856.0,2873.0,2883.0,2856.0,2856.0,2011.0,862.0,1997.0,859.0
0.0,5763.0,3047.0,2880.0,2856.0,3068.0,3068.0,2016.0,864.0,2134.0,913.0
0.0,5572.0,2978.0,2883.0,3068.0,2987.0,2987.0,2018.0,865.0,2084.0,894.0
0.0,5662.0,2953.0,2886.0,2987.0,2962.0,2962.0,2020.0,866.0,2067.0,886.0
0.0,5696.0,2867.0,2884.0,2962.0,2861.0,2861.0,2019.0,865.0,2006.0,861.0
0.0,5791.0,2849.0,2882.0,2861.0,2843.0,2843.0,2017.0,865.0,1995.0,854.0
0.0,5803.0,2787.0,2880.0,2843.0,2781.0,2781.0,2016.0,864.0,1950.0,837.0
0.0,5859.0,2865.0,2882.0,2781.0,2871.0,2871.0,2017.0,865.0,2006.0,859.0
0.0,5775.0,2979.0,2884.0,2871.0,2985.0,2985.0,2019.0,865.0,2084.0,895.0
0.0,5667.0,2966.0,2887.0,2985.0,2975.0,2975.0,2021.0,866.0,2076.0,890.0
0.0,5686.0,2966.0,2889.0,2975.0,2972.0,2972.0,2022.0,867.0,2077.0,889.0
0.0,5695.0,2791.0,2885.0,2972.0,2779.0,2779.0,2019.0,866.0,1954.0,837.0
0.0,5876.0,2808.0,2882.0,2779.0,2799.0,2799.0,2017.0,865.0,1966.0,842.0
0.0,5847.0,2850.0,2882.0,2799.0,2850.0,2850.0,2017.0,865.0,1995.0,855.0
0.0,5796.0,2909.0,2882.0,2850.0,2909.0,2909.0,2017.0,865.0,2036.0,873.0
0.0,5737.0,2964.0,2887.0,2909.0,2979.0,2979.0,2021.0,866.0,2075.0,889.0
0.0,5682.0,2939.0,2889.0,2979.0,2945.0,2945.0,2022.0,867.0,2056.0,883.0
0.0,5722.0,2985.0,2891.0,2945.0,2991.0,2991.0,2024.0,867.0,2089.0,896.0
0.0,5682.0,2874.0,2890.0,2991.0,2871.0,2871.0,2023.0,867.0,2013.0,861.0
0.0,5799.0,2843.0,2889.0,2871.0,2840.0,2840.0,2022.0,867.0,1990.0,853.0
0.0,5827.0,2854.0,2889.0,2840.0,2854.0,2854.0,2022.0,867.0,1997.0,857.0
0.0,5813.0,2985.0,2891.0,2854.0,2991.0,2991.0,2024.0,867.0,2089.0,896.0
0.0,5682.0,2962.0,2895.0,2991.0,2974.0,2974.0,2026.0,869.0,2073.0,889.0
0.0,5711.0,2940.0,2898.0,2974.0,2949.0,2949.0,2028.0,870.0,2058.0,882.0
0.0,5745.0,2932.0,2900.0,2949.0,2938.0,2938.0,2030.0,870.0,2054.0,878.0
0.0,5762.0,2887.0,2900.0,2938.0,2887.0,2887.0,2030.0,870.0,2021.0,866.0
0.0,5813.0,2854.0,2899.0,2887.0,2851.0,2851.0,2029.0,870.0,1997.0,857.0
0.0,5846.0,2850.0,2899.0,2851.0,2850.0,2850.0,2029.0,870.0,1995.0,855.0
0.0,5847.0,2930.0,2900.0,2850.0,2933.0,2933.0,2030.0,870.0,2052.0,878.0
0.0,5767.0,2951.0,2903.0,2933.0,2960.0,2960.0,2032.0,871.0,2065.0,886.0
0.0,5749.0,3003.0,2906.0,2960.0,3012.0,3012.0,2034.0,872.0,2102.0,901.0
0.0,5706.0,3009.0,2907.0,3012.0,3012.0,3012.0,2035.0,872.0,2107.0,902.0
0.0,5709.0,2911.0,2907.0,3012.0,2911.0,2911.0,2035.0,872.0,2038.0,873.0
0.0,5810.0,2900.0,2907.0,2911.0,2900.0,2900.0,2035.0,872.0,2030.0,870.0
0.0,5821.0,2866.0,2906.0,2900.0,2863.0,2863.0,2034.0,872.0,2005.0,861.0
0.0,5855.0,3016.0,2909.0,2863.0,3025.0,3025.0,2036.0,873.0,2111.0,905.0
0.0,5702.0,2965.0,2912.0,3025.0,2974.0,2974.0,2038.0,874.0,2075.0,890.0
0.0,5762.0,2979.0,2915.0,2974.0,2988.0,2988.0,2040.0,875.0,2085.0,894.0
0.0,5757.0,2893.0,2916.0,2988.0,2896.0,2896.0,2041.0,875.0,2025.0,868.0
0.0,5852.0,2936.0,2915.0,2896.0,2933.0,2933.0,2040.0,875.0,2055.0,881.0
0.0,5812.0,2894.0,2913.0,2933.0,2888.0,2888.0,2039.0,874.0,2027.0,867.0
0.0,5851.0,2907.0,2913.0,2888.0,2907.0,2907.0,2039.0,874.0,2035.0,872.0
0.0,5832.0,2890.0,2913.0,2907.0,2890.0,2890.0,2039.0,874.0,2023.0,867.0
0.0,5849.0,2931.0,2914.0,2890.0,2934.0,2934.0,2040.0,874.0,2050.0,881.0
0.0,5808.0,3010.0,2917.0,2934.0,3019.0,3019.0,2042.0,875.0,2109.0,901.0
0.0,5732.0,2909.0,2916.0,3019.0,2906.0,2906.0,2041.0,875.0,2035.0,874.0
0.0,5842.0,2934.0,2915.0,2906.0,2931.0,2931.0,2040.0,875.0,2054.0,880.0
0.0,5814.0,2877.0,2913.0,2931.0,2871.0,2871.0,2039.0,874.0,2015.0,862.0
0.0,5868.0,2880.0,2914.0,2871.0,2883.0,2883.0,2040.0,874.0,2014.0,866.0
0.0,5859.0,2937.0,2916.0,2883.0,2943.0,2943.0,2041.0,875.0,2057.0,880.0
0.0,5805.0,2932.0,2917.0,2943.0,2935.0,2935.0,2042.0,875.0,2053.0,879.0
0.0,5816.0,2988.0,2919.0,2935.0,2994.0,2994.0,2043.0,876.0,2090.0,898.0
0.0,5763.0,3011.0,2922.0,2994.0,3020.0,3020.0,2045.0,877.0,2107.0,904.0
0.0,5746.0,2874.0,2919.0,3020.0,2865.0,2865.0,2043.0,876.0,2012.0,862.0
0.0,5892.0,2923.0,2917.0,2865.0,2917.0,2917.0,2042.0,875.0,2046.0,877.0
0.0,5834.0,2848.0,2916.0,2917.0,2845.0,2845.0,2041.0,875.0,1995.0,853.0
0.0,5903.0,2952.0,2917.0,2845.0,2955.0,2955.0,2042.0,875.0,2065.0,887.0
0.0,5796.0,2972.0,2920.0,2955.0,2981.0,2981.0,2044.0,876.0,2081.0,891.0
0.0,5779.0,2965.0,2923.0,2981.0,2974.0,2974.0,2046.0,877.0,2075.0,890.0
0.0,5795.0,2925.0,2924.0,2974.0,2928.0,2928.0,2047.0,877.0,2046.0,879.0
0.0,5844.0,2807.0,2921.0,2928.0,2798.0,2798.0,2045.0,876.0,1965.0,842.0
0.0,5965.0,2891.0,2920.0,2798.0,2888.0,2888.0,2044.0,876.0,2025.0,866.0
0.0,5872.0,2930.0,2919.0,2888.0,2927.0,2927.0,2043.0,876.0,2051.0,879.0
0.0,5830.0,2968.0,2922.0,2927.0,2977.0,2977.0,2045.0,877.0,2077.0,891.0
0.0,5789.0,3008.0,2926.0,2977.0,3020.0,3020.0,2048.0,878.0,2105.0,903.0
0.0,5758.0,3063.0,2930.0,3020.0,3075.0,3075.0,2051.0,879.0,2145.0,918.0
0.0,5715.0,2972.0,2931.0,3075.0,2975.0,2975.0,2052.0,879.0,2079.0,893.0
0.0,5818.0,2924.0,2930.0,2975.0,2921.0,2921.0,2051.0,879.0,2049.0,875.0
0.0,5869.0,2892.0,2930.0,2921.0,2892.0,2892.0,2051.0,879.0,2023.0,869.0
0.0,5898.0,2896.0,2927.0,2892.0,2887.0,2887.0,2049.0,878.0,2026.0,870.0
0.0,5894.0,2929.0,2929.0,2887.0,2935.0,2935.0,2050.0,879.0,2051.0,878.0
0.0,5852.0,2998.0,2932.0,2935.0,3007.0,3007.0,2052.0,880.0,2098.0,900.0
0.0,5789.0,2989.0,2934.0,3007.0,2995.0,2995.0,2054.0,880.0,2091.0,898.0
0.0,5807.0,3018.0,2936.0,2995.0,3024.0,3024.0,2055.0,881.0,2113.0,905.0
0.0,5784.0,2931.0,2934.0,3024.0,2925.0,2925.0,2054.0,880.0,2051.0,880.0
0.0,5877.0,2943.0,2934.0,2925.0,2943.0,2943.0,2054.0,880.0,2061.0,882.0
0.0,5859.0,2878.0,2933.0,2943.0,2875.0,2875.0,2053.0,880.0,2014.0,864.0
0.0,5924.0,2938.0,2934.0,2875.0,2941.0,2941.0,2054.0,880.0,2057.0,881.0
0.0,5861.0,3055.0,2939.0,2941.0,3070.0,3070.0,2057.0,882.0,2138.0,917.0
0.0,5747.0,3018.0,2942.0,3070.0,3027.0,3027.0,2059.0,883.0,2112.0,906.0
0.0,5799.0,2949.0,2942.0,3027.0,2949.0,2949.0,2059.0,883.0,2065.0,884.0
0.0,5877.0,2919.0,2942.0,2949.0,2919.0,2919.0,2059.0,883.0,2042.0,877.0
0.0,5907.0,2808.0,2937.0,2919.0,2793.0,2793.0,2056.0,881.0,1966.0,842.0
0.0,6018.0,2852.0,2935.0,2793.0,2846.0,2846.0,2054.0,881.0,1997.0,855.0
0.0,5959.0,2920.0,2935.0,2846.0,2920.0,2920.0,2054.0,881.0,2044.0,876.0
0.0,5885.0,3003.0,2937.0,2920.0,3009.0,3009.0,2056.0,881.0,2101.0,902.0
0.0,5802.0,3042.0,2940.0,3009.0,3051.0,3051.0,2058.0,882.0,2130.0,912.0
0.0,5769.0,2924.0,2939.0,3051.0,2921.0,2921.0,2057.0,882.0,2048.0,876.0
0.0,5896.0,2913.0,2937.0,2921.0,2907.0,2907.0,2056.0,881.0,2038.0,875.0
0.0,5904.0,2857.0,2935.0,2907.0,2851.0,2851.0,2054.0,881.0,2001.0,856.0
0.0,5954.0,2967.0,2936.0,2851.0,2970.0,2970.0,2055.0,881.0,2075.0,892.0
0.0,5838.0,2978.0,2937.0,2970.0,2981.0,2981.0,2056.0,881.0,2085.0,893.0
0.0,5830.0,3012.0,2940.0,2981.0,3021.0,3021.0,2058.0,882.0,2107.0,905.0
0.0,5799.0,3012.0,2942.0,3021.0,3018.0,3018.0,2059.0,883.0,2110.0,902.0
0.0,5808.0,3019.0,2944.0,3018.0,3025.0,3025.0,2061.0,883.0,2112.0,907.0
0.0,5807.0,2927.0,2944.0,3025.0,2927.0,2927.0,2061.0,883.0,2049.0,878.0
0.0,5905.0,2866.0,2941.0,2927.0,2857.0,2857.0,2059.0,882.0,2007.0,859.0
0.0,5966.0,2880.0,2940.0,2857.0,2877.0,2877.0,2058.0,882.0,2015.0,865.0
0.0,5943.0,2882.0,2940.0,2877.0,2882.0,2882.0,2058.0,882.0,2017.0,865.0
0.0,5938.0,3009.0,2942.0,2882.0,3015.0,3015.0,2059.0,883.0,2107.0,902.0
0.0,5811.0,3049.0,2946.0,3015.0,3061.0,3061.0,2062.0,884.0,2134.0,915.0
0.0,5777.0,2980.0,2946.0,3061.0,2980.0,2980.0,2062.0,884.0,2087.0,893.0
0.0,5858.0,2935.0,2946.0,2980.0,2935.0,2935.0,2062.0,884.0,2052.0,883.0
0.0,5903.0,2900.0,2945.0,2935.0,2897.0,2897.0,2061.0,884.0,2031.0,869.0
0.0,5938.0,2850.0,2942.0,2897.0,2841.0,2841.0,2059.0,883.0,1995.0,855.0
0.0,5985.0,2989.0,2943.0,2841.0,2992.0,2992.0,2060.0,883.0,2091.0,898.0
0.0,5837.0,3092.0,2947.0,2992.0,3104.0,3104.0,2063.0,884.0,2165.0,927.0
0.0,5737.0,3053.0,2951.0,3104.0,3065.0,3065.0,2066.0,885.0,2137.0,916.0
0.0,5788.0,2988.0,2952.0,3065.0,2991.0,2991.0,2066.0,886.0,2092.0,896.0
0.0,5865.0,2971.0,2952.0,2991.0,2971.0,2971.0,2066.0,886.0,2080.0,891.0
0.0,5885.0,2897.0,2950.0,2971.0,2891.0,2891.0,2065.0,885.0,2027.0,870.0
0.0,5959.0,2915.0,2950.0,2891.0,2915.0,2915.0,2065.0,885.0,2040.0,875.0
0.0,5935.0,2985.0,2953.0,2915.0,2994.0,2994.0,2067.0,886.0,2089.0,896.0
0.0,5865.0,3009.0,2956.0,2994.0,3018.0,3018.0,2069.0,887.0,2107.0,902.0
0.0,5850.0,3038.0,2958.0,3018.0,3044.0,3044.0,2070.0,888.0,2126.0,912.0
0.0,5830.0,3003.0,2959.0,3044.0,3006.0,3006.0,2071.0,888.0,2102.0,901.0
0.0,5871.0,2952.0,2957.0,3006.0,2946.0,2946.0,2070.0,887.0,2066.0,886.0
0.0,5925.0,2891.0,2954.0,2946.0,2882.0,2882.0,2068.0,886.0,2024.0,867.0
0.0,5980.0,2906.0,2953.0,2882.0,2903.0,2903.0,2067.0,886.0,2033.0,873.0
0.0,5956.0,2957.0,2953.0,2903.0,2957.0,2957.0,2067.0,886.0,2070.0,887.0
0.0,5902.0,3006.0,2956.0,2957.0,3015.0,3015.0,2069.0,887.0,2106.0,900.0
0.0,5853.0,3058.0,2959.0,3015.0,3067.0,3067.0,2071.0,888.0,2140.0,918.0
0.0,5810.0,3063.0,2962.0,3067.0,3072.0,3072.0,2073.0,889.0,2144.0,919.0
0.0,5814.0,2989.0,2961.0,3072.0,2986.0,2986.0,2073.0,888.0,2092.0,897.0
0.0,5897.0,2867.0,2959.0,2986.0,2861.0,2861.0,2071.0,888.0,2007.0,860.0
0.0,6016.0,2907.0,2957.0,2861.0,2901.0,2901.0,2070.0,887.0,2034.0,873.0
0.0,5970.0,2957.0,2957.0,2901.0,2957.0,2957.0,2070.0,887.0,2070.0,887.0
0.0,5914.0,3069.0,2960.0,2957.0,3078.0,3078.0,2072.0,888.0,2148.0,921.0
0.0,5802.0,3003.0,2962.0,3078.0,3009.0,3009.0,2073.0,889.0,2103.0,900.0
0.0,5877.0,3053.0,2964.0,3009.0,3059.0,3059.0,2075.0,889.0,2137.0,916.0
0.0,5833.0,3004.0,2963.0,3059.0,3001.0,3001.0,2074.0,889.0,2102.0,902.0
0.0,5888.0,2937.0,2962.0,3001.0,2934.0,2934.0,2073.0,889.0,2057.0,880.0
0.0,5952.0,2944.0,2962.0,2934.0,2944.0,2944.0,2073.0,889.0,2061.0,883.0
0.0,5942.0,2949.0,2963.0,2944.0,2952.0,2952.0,2074.0,889.0,2065.0,884.0
0.0,5937.0,3064.0,2967.0,2952.0,3076.0,3076.0,2077.0,890.0,2143.0,921.0
0.0,5825.0,3060.0,2971.0,3076.0,3072.0,3072.0,2080.0,891.0,2142.0,918.0
0.0,5841.0,3048.0,2973.0,3072.0,3054.0,3054.0,2081.0,892.0,2133.0,915.0
0.0,5865.0,2971.0,2973.0,3054.0,2971.0,2971.0,2081.0,892.0,2082.0,889.0
0.0,5948.0,2883.0,2970.0,2971.0,2874.0,2874.0,2079.0,891.0,2016.0,867.0
0.0,6036.0,2883.0,2969.0,2874.0,2880.0,2880.0,2078.0,891.0,2019.0,864.0
0.0,6027.0,2944.0,2970.0,2880.0,2947.0,2947.0,2079.0,891.0,2061.0,883.0
0.0,5963.0,3074.0,2974.0,2947.0,3086.0,3086.0,2082.0,892.0,2150.0,924.0
0.0,5836.0,2999.0,2974.0,3086.0,2999.0,2999.0,2082.0,892.0,2100.0,899.0
0.0,5923.0,3041.0,2976.0,2999.0,3047.0,3047.0,2083.0,893.0,2129.0,912.0
0.0,5881.0,2975.0,2975.0,3047.0,2972.0,2972.0,2082.0,893.0,2082.0,893.0
0.0,5953.0,2947.0,2974.0,2972.0,2944.0,2944.0,2082.0,892.0,2062.0,885.0
0.0,5978.0,2959.0,2973.0,2944.0,2956.0,2956.0,2081.0,892.0,2073.0,886.0
0.0,5963.0,3023.0,2974.0,2956.0,3026.0,3026.0,2082.0,892.0,2115.0,908.0
0.0,5896.0,3012.0,2977.0,3026.0,3021.0,3021.0,2084.0,893.0,2108.0,904.0
0.0,5910.0,3076.0,2981.0,3021.0,3088.0,3088.0,2087.0,894.0,2153.0,923.0
0.0,5855.0,3065.0,2984.0,3088.0,3074.0,3074.0,2089.0,895.0,2145.0,920.0
0.0,5878.0,2897.0,2983.0,3074.0,2894.0,2894.0,2088.0,895.0,2029.0,868.0
0.0,6055.0,2983.0,2981.0,2894.0,2977.0,2977.0,2087.0,894.0,2087.0,896.0
0.0,5966.0,2977.0,2981.0,2977.0,2977.0,2977.0,2087.0,894.0,2084.0,893.0
0.0,5966.0,2934.0,2981.0,2977.0,2934.0,2934.0,2087.0,894.0,2054.0,880.0
0.0,6009.0,3049.0,2984.0,2934.0,3058.0,3058.0,2089.0,895.0,2134.0,915.0
0.0,5894.0,3114.0,2989.0,3058.0,3129.0,3129.0,2092.0,897.0,2180.0,934.0
0.0,5838.0,3034.0,2990.0,3129.0,3037.0,3037.0,2093.0,897.0,2125.0,909.0
0.0,5933.0,2973.0,2987.0,3037.0,2964.0,2964.0,2091.0,896.0,2080.0,893.0
0.0,5997.0,2927.0,2986.0,2964.0,2924.0,2924.0,2090.0,896.0,2049.0,878.0
0.0,6034.0,2880.0,2983.0,2924.0,2871.0,2871.0,2088.0,895.0,2017.0,863.0
0.0,6078.0,3022.0,2984.0,2871.0,3025.0,3025.0,2089.0,895.0,2113.0,909.0
0.0,5927.0,3058.0,2987.0,3025.0,3067.0,3067.0,2091.0,896.0,2140.0,918.0
0.0,5894.0,3181.0,2993.0,3067.0,3199.0,3199.0,2095.0,898.0,2228.0,953.0
0.0,5780.0,3030.0,2993.0,3199.0,3030.0,3030.0,2095.0,898.0,2122.0,908.0
0.0,5949.0,2966.0,2993.0,3030.0,2966.0,2966.0,2095.0,898.0,2075.0,891.0
0.0,6013.0,3003.0,2992.0,2966.0,3000.0,3000.0,2094.0,898.0,2102.0,901.0
0.0,5976.0,2974.0,2991.0,3000.0,2971.0,2971.0,2094.0,897.0,2081.0,893.0
0.0,6002.0,2957.0,2991.0,2971.0,2957.0,2957.0,2094.0,897.0,2070.0,887.0
0.0,6016.0,3082.0,2995.0,2957.0,3094.0,3094.0,2096.0,899.0,2158.0,924.0
0.0,5891.0,3055.0,2997.0,3094.0,3061.0,3061.0,2098.0,899.0,2138.0,917.0
0.0,5930.0,3082.0,3000.0,3061.0,3091.0,3091.0,2100.0,900.0,2158.0,924.0
0.0,5909.0,3040.0,3000.0,3091.0,3040.0,3040.0,2100.0,900.0,2127.0,913.0
0.0,5960.0,2963.0,2999.0,3040.0,2960.0,2960.0,2099.0,900.0,2075.0,888.0
0.0,6037.0,2964.0,2997.0,2960.0,2958.0,2958.0,2098.0,899.0,2073.0,891.0
0.0,6033.0,2968.0,2997.0,2958.0,2968.0,2968.0,2098.0,899.0,2080.0,888.0
0.0,6023.0,3045.0,3000.0,2968.0,3054.0,3054.0,2100.0,900.0,2131.0,914.0
0.0,5946.0,3147.0,3005.0,3054.0,3162.0,3162.0,2103.0,902.0,2201.0,946.0
0.0,5853.0,3000.0,3006.0,3162.0,3003.0,3003.0,2104.0,902.0,2101.0,899.0
0.0,6015.0,2946.0,3003.0,3003.0,2937.0,2937.0,2102.0,901.0,2062.0,884.0
0.0,6072.0,2937.0,3002.0,2937.0,2934.0,2934.0,2101.0,901.0,2056.0,881.0
0.0,6072.0,2964.0,3000.0,2934.0,2958.0,2958.0,2100.0,900.0,2074.0,890.0
0.0,6042.0,3012.0,3000.0,2958.0,3012.0,3012.0,2100.0,900.0,2108.0,904.0
0.0,5988.0,3050.0,3003.0,3012.0,3059.0,3059.0,2102.0,901.0,2136.0,914.0
0.0,5950.0,3129.0,3006.0,3059.0,3138.0,3138.0,2104.0,902.0,2190.0,939.0
0.0,5880.0,2982.0,3007.0,3138.0,2985.0,2985.0,2105.0,902.0,2088.0,894.0
0.0,6036.0,2986.0,3006.0,2985.0,2983.0,2983.0,2104.0,902.0,2089.0,897.0
0.0,6035.0,2969.0,3003.0,2983.0,2960.0,2960.0,2102.0,901.0,2077.0,892.0
0.0,6049.0,2951.0,3002.0,2960.0,2948.0,2948.0,2101.0,901.0,2067.0,884.0
0.0,6058.0,3075.0,3003.0,2948.0,3078.0,3078.0,2102.0,901.0,2151.0,924.0
0.0,5931.0,2992.0,3006.0,3078.0,3001.0,3001.0,2104.0,902.0,2095.0,897.0
0.0,6017.0,3157.0,3011.0,3001.0,3172.0,3172.0,2108.0,903.0,2209.0,948.0
0.0,5861.0,3056.0,3013.0,3172.0,3062.0,3062.0,2109.0,904.0,2140.0,916.0
0.0,5977.0,2976.0,3011.0,3062.0,2970.0,2970.0,2108.0,903.0,2082.0,894.0
0.0,6063.0,2940.0,3010.0,2970.0,2937.0,2937.0,2107.0,903.0,2058.0,882.0
0.0,6093.0,2970.0,3009.0,2937.0,2967.0,2967.0,2106.0,903.0,2080.0,890.0
0.0,6060.0,3016.0,3010.0,2967.0,3019.0,3019.0,2107.0,903.0,2111.0,905.0
0.0,6011.0,3045.0,3012.0,3019.0,3051.0,3051.0,2108.0,904.0,2130.0,915.0
0.0,5985.0,3034.0,3013.0,3051.0,3037.0,3037.0,2109.0,904.0,2125.0,909.0
0.0,6002.0,3015.0,3013.0,3037.0,3015.0,3015.0,2109.0,904.0,2110.0,905.0
0.0,6024.0,3014.0,3013.0,3015.0,3014.0,3014.0,2109.0,904.0,2110.0,904.0
0.0,6025.0,2961.0,3010.0,3014.0,2952.0,2952.0,2107.0,903.0,2072.0,889.0
0.0,6078.0,3026.0,3010.0,2952.0,3026.0,3026.0,2107.0,903.0,2118.0,908.0
0.0,6004.0,3055.0,3013.0,3026.0,3064.0,3064.0,2109.0,904.0,2140.0,915.0
0.0,5975.0,2994.0,3013.0,3064.0,2994.0,2994.0,2109.0,904.0,2096.0,898.0
0.0,6045.0,3093.0,3016.0,2994.0,3102.0,3102.0,2111.0,905.0,2164.0,929.0
0.0,5946.0,3091.0,3019.0,3102.0,3100.0,3100.0,2113.0,906.0,2163.0,928.0
0.0,5957.0,2980.0,3017.0,3100.0,2974.0,2974.0,2112.0,905.0,2085.0,895.0
0.0,6077.0,2968.0,3014.0,2974.0,2959.0,2959.0,2110.0,904.0,2079.0,889.0
0.0,6083.0,2940.0,3013.0,2959.0,2937.0,2937.0,2109.0,904.0,2059.0,881.0
0.0,6102.0,3010.0,3013.0,2937.0,3010.0,3010.0,2109.0,904.0,2105.0,905.0
0.0,6029.0,3023.0,3015.0,3010.0,3029.0,3029.0,2110.0,905.0,2117.0,906.0
0.0,6016.0,3093.0,3019.0,3029.0,3105.0,3105.0,2113.0,906.0,2166.0,927.0
0.0,5952.0,3056.0,3020.0,3105.0,3059.0,3059.0,2114.0,906.0,2139.0,917.0
0.0,6001.0,3007.0,3019.0,3059.0,3004.0,3004.0,2113.0,906.0,2105.0,902.0
0.0,6053.0,2964.0,3014.0,3004.0,2949.0,2949.0,2110.0,904.0,2074.0,890.0
0.0,6093.0,3021.0,3014.0,2949.0,3021.0,3021.0,2110.0,904.0,2115.0,906.0
0.0,6021.0,3056.0,3016.0,3021.0,3062.0,3062.0,2111.0,905.0,2140.0,916.0
0.0,5986.0,3070.0,3017.0,3062.0,3073.0,3073.0,2112.0,905.0,2148.0,922.0
0.0,5978.0,3143.0,3020.0,3073.0,3152.0,3152.0,2114.0,906.0,2200.0,943.0
0.0,5908.0,3092.0,3023.0,3152.0,3101.0,3101.0,2116.0,907.0,2166.0,926.0
0.0,5968.0,3009.0,3022.0,3101.0,3006.0,3006.0,2115.0,907.0,2105.0,904.0
0.0,6060.0,2918.0,3019.0,3006.0,2909.0,2909.0,2113.0,906.0,2043.0,875.0
0.0,6148.0,2944.0,3016.0,2909.0,2935.0,2935.0,2111.0,905.0,2060.0,884.0
0.0,6113.0,3040.0,3016.0,2935.0,3040.0,3040.0,2111.0,905.0,2128.0,912.0
0.0,6008.0,3083.0,3019.0,3040.0,3092.0,3092.0,2113.0,906.0,2159.0,924.0
0.0,5965.0,3072.0,3021.0,3092.0,3078.0,3078.0,2115.0,906.0,2150.0,922.0
0.0,5985.0,3032.0,3022.0,3078.0,3035.0,3035.0,2115.0,907.0,2122.0,910.0
0.0,6031.0,3095.0,3023.0,3035.0,3098.0,3098.0,2116.0,907.0,2165.0,930.0
0.0,5971.0,2964.0,3020.0,3098.0,2955.0,2955.0,2114.0,906.0,2075.0,889.0
0.0,6105.0,3047.0,3020.0,2955.0,3047.0,3047.0,2114.0,906.0,2134.0,913.0
0.0,6013.0,3050.0,3023.0,3047.0,3059.0,3059.0,2116.0,907.0,2136.0,914.0
0.0,6010.0,3138.0,3026.0,3059.0,3147.0,3147.0,2118.0,908.0,2194.0,944.0
0.0,5931.0,3139.0,3030.0,3147.0,3151.0,3151.0,2121.0,909.0,2200.0,939.0
0.0,5939.0,3086.0,3031.0,3151.0,3089.0,3089.0,2122.0,909.0,2158.0,928.0
0.0,6004.0,3000.0,3030.0,3089.0,2997.0,2997.0,2121.0,909.0,2100.0,900.0
0.0,6093.0,2987.0,3027.0,2997.0,2978.0,2978.0,2119.0,908.0,2091.0,896.0
0.0,6103.0,2923.0,3026.0,2978.0,2920.0,2920.0,2118.0,908.0,2045.0,878.0
0.0,6158.0,3040.0,3027.0,2920.0,3043.0,3043.0,2119.0,908.0,2129.0,911.0
0.0,6038.0,3106.0,3030.0,3043.0,3115.0,3115.0,2121.0,909.0,2174.0,932.0
0.0,5975.0,3106.0,3033.0,3115.0,3115.0,3115.0,2123.0,910.0,2176.0,930.0
0.0,5984.0,3123.0,3034.0,3115.0,3126.0,3126.0,2124.0,910.0,2184.0,939.0
0.0,5976.0,3085.0,3036.0,3126.0,3091.0,3091.0,2125.0,911.0,2161.0,924.0
0.0,6017.0,2934.0,3031.0,3091.0,2919.0,2919.0,2122.0,909.0,2053.0,881.0
0.0,6174.0,3026.0,3030.0,2919.0,3023.0,3023.0,2121.0,909.0,2118.0,908.0
0.0,6067.0,3069.0,3033.0,3023.0,3078.0,3078.0,2123.0,910.0,2149.0,920.0
0.0,6021.0,3100.0,3036.0,3078.0,3109.0,3109.0,2125.0,911.0,2170.0,930.0
0.0,5999.0,3132.0,3039.0,3109.0,3141.0,3141.0,2127.0,912.0,2192.0,940.0
0.0,5976.0,3049.0,3040.0,3141.0,3052.0,3052.0,2128.0,912.0,2134.0,915.0
0.0,6068.0,3005.0,3039.0,3052.0,3002.0,3002.0,2127.0,912.0,2103.0,902.0
0.0,6115.0,3010.0,3039.0,3002.0,3010.0,3010.0,2127.0,912.0,2107.0,903.0
0.0,6107.0,2966.0,3037.0,3010.0,2960.0,2960.0,2126.0,911.0,2075.0,891.0
0.0,6151.0,3093.0,3039.0,2960.0,3099.0,3099.0,2127.0,912.0,2166.0,927.0
0.0,6018.0,3123.0,3042.0,3099.0,3132.0,3132.0,2129.0,913.0,2186.0,937.0
0.0,5994.0,3103.0,3043.0,3132.0,3106.0,3106.0,2130.0,913.0,2173.0,930.0
0.0,6023.0,3136.0,3045.0,3106.0,3142.0,3142.0,2131.0,914.0,2194.0,942.0
0.0,5993.0,3023.0,3046.0,3142.0,3026.0,3026.0,2132.0,914.0,2116.0,907.0
0.0,6112.0,2965.0,3043.0,3026.0,2956.0,2956.0,2130.0,913.0,2077.0,888.0
0.0,6173.0,3027.0,3042.0,2956.0,3024.0,3024.0,2129.0,913.0,2118.0,909.0
0.0,6102.0,3009.0,3043.0,3024.0,3012.0,3012.0,2130.0,913.0,2107.0,902.0
0.0,6117.0,3163.0,3046.0,3012.0,3172.0,3172.0,2132.0,914.0,2214.0,949.0
0.0,5966.0,3217.0,3052.0,3172.0,3235.0,3235.0,2136.0,916.0,2250.0,967.0
0.0,5921.0,3143.0,3054.0,3235.0,3149.0,3149.0,2138.0,916.0,2200.0,943.0
0.0,6013.0,3044.0,3054.0,3149.0,3044.0,3044.0,2138.0,916.0,2131.0,913.0
0.0,6118.0,3005.0,3053.0,3044.0,3002.0,3002.0,2137.0,916.0,2105.0,900.0
0.0,6157.0,3025.0,3052.0,3002.0,3022.0,3022.0,2136.0,916.0,2117.0,908.0
0.0,6134.0,2980.0,3052.0,3022.0,2980.0,2980.0,2136.0,916.0,2086.0,894.0
0.0,6176.0,3143.0,3055.0,2980.0,3152.0,3152.0,2138.0,917.0,2200.0,943.0
0.0,6013.0,3163.0,3057.0,3152.0,3169.0,3169.0,2140.0,917.0,2214.0,949.0
0.0,6002.0,3083.0,3059.0,3169.0,3089.0,3089.0,2141.0,918.0,2158.0,925.0
0.0,6088.0,3032.0,3057.0,3089.0,3026.0,3026.0,2140.0,917.0,2122.0,910.0
0.0,6145.0,3044.0,3056.0,3026.0,3041.0,3041.0,2139.0,917.0,2131.0,913.0
0.0,6127.0,2996.0,3054.0,3041.0,2990.0,2990.0,2138.0,916.0,2096.0,900.0
0.0,6172.0,3100.0,3056.0,2990.0,3106.0,3106.0,2139.0,917.0,2171.0,929.0
0.0,6062.0,3161.0,3060.0,3106.0,3173.0,3173.0,2142.0,918.0,2213.0,948.0
0.0,6007.0,3165.0,3064.0,3173.0,3177.0,3177.0,2145.0,919.0,2214.0,951.0
0.0,6015.0,3117.0,3066.0,3177.0,3123.0,3123.0,2146.0,920.0,2183.0,934.0
0.0,6075.0,2980.0,3064.0,3123.0,2974.0,2974.0,2145.0,919.0,2087.0,893.0
0.0,6218.0,3006.0,3063.0,2974.0,3003.0,3003.0,2144.0,919.0,2103.0,903.0
0.0,6186.0,2977.0,3062.0,3003.0,2974.0,2974.0,2143.0,919.0,2083.0,894.0
0.0,6212.0,3056.0,3061.0,2974.0,3053.0,3053.0,2143.0,918.0,2139.0,917.0
0.0,6130.0,3118.0,3064.0,3053.0,3127.0,3127.0,2145.0,919.0,2184.0,934.0
0.0,6065.0,3139.0,3066.0,3127.0,3145.0,3145.0,2146.0,920.0,2196.0,943.0
0.0,6053.0,3066.0,3066.0,3145.0,3066.0,3066.0,2146.0,920.0,2146.0,920.0
0.0,6132.0,3124.0,3066.0,3066.0,3124.0,3124.0,2146.0,920.0,2187.0,937.0
0.0,6074.0,3084.0,3064.0,3124.0,3078.0,3078.0,2145.0,919.0,2159.0,925.0
0.0,6114.0,3026.0,3063.0,3078.0,3023.0,3023.0,2144.0,919.0,2117.0,909.0
0.0,6166.0,3054.0,3064.0,3023.0,3057.0,3057.0,2145.0,919.0,2139.0,915.0
0.0,6135.0,3202.0,3069.0,3057.0,3217.0,3217.0,2148.0,921.0,2241.0,961.0
0.0,5990.0,3132.0,3073.0,3217.0,3144.0,3144.0,2151.0,922.0,2193.0,939.0
0.0,6075.0,3099.0,3074.0,3144.0,3102.0,3102.0,2152.0,922.0,2170.0,929.0
0.0,6120.0,3041.0,3073.0,3102.0,3038.0,3038.0,2151.0,922.0,2128.0,913.0
0.0,6181.0,3010.0,3070.0,3038.0,3001.0,3001.0,2149.0,921.0,2106.0,904.0
0.0,6209.0,3063.0,3070.0,3001.0,3063.0,3063.0,2149.0,921.0,2145.0,918.0
0.0,6147.0,3066.0,3069.0,3063.0,3063.0,3063.0,2148.0,921.0,2146.0,920.0
0.0,6144.0,3172.0,3074.0,3063.0,3187.0,3187.0,2152.0,922.0,2221.0,951.0
0.0,6035.0,3174.0,3077.0,3187.0,3183.0,3183.0,2154.0,923.0,2221.0,953.0
0.0,6048.0,3087.0,3077.0,3183.0,3087.0,3087.0,2154.0,923.0,2161.0,926.0
0.0,6144.0,3041.0,3076.0,3087.0,3038.0,3038.0,2153.0,923.0,2128.0,913.0
0.0,6190.0,3020.0,3073.0,3038.0,3011.0,3011.0,2151.0,922.0,2113.0,907.0
0.0,6208.0,3011.0,3073.0,3011.0,3011.0,3011.0,2151.0,922.0,2110.0,901.0
0.0,6208.0,3105.0,3074.0,3011.0,3108.0,3108.0,2152.0,922.0,2172.0,933.0
0.0,6114.0,3148.0,3077.0,3108.0,3157.0,3157.0,2154.0,923.0,2203.0,945.0
0.0,6074.0,3098.0,3080.0,3157.0,3107.0,3107.0,2156.0,924.0,2169.0,929.0
0.0,6133.0,3113.0,3080.0,3107.0,3113.0,3113.0,2156.0,924.0,2180.0,933.0
0.0,6127.0,3050.0,3079.0,3113.0,3047.0,3047.0,2155.0,924.0,2134.0,916.0
0.0,6190.0,3010.0,3077.0,3047.0,3004.0,3004.0,2154.0,923.0,2106.0,904.0
0.0,6227.0,3025.0,3075.0,3004.0,3019.0,3019.0,2152.0,923.0,2118.0,907.0
0.0,6206.0,3070.0,3076.0,3019.0,3073.0,3073.0,2153.0,923.0,2150.0,920.0
0.0,6155.0,3138.0,3079.0,3073.0,3147.0,3147.0,2155.0,924.0,2196.0,942.0
0.0,6090.0,3193.0,3083.0,3147.0,3205.0,3205.0,2158.0,925.0,2235.0,958.0
0.0,6044.0,3077.0,3084.0,3205.0,3080.0,3080.0,2159.0,925.0,2155.0,922.0
0.0,6172.0,3093.0,3083.0,3080.0,3090.0,3090.0,2158.0,925.0,2164.0,929.0
0.0,6159.0,2957.0,3077.0,3090.0,2939.0,2939.0,2154.0,923.0,2069.0,888.0
0.0,6292.0,3054.0,3076.0,2939.0,3051.0,3051.0,2153.0,923.0,2139.0,915.0
0.0,6177.0,3046.0,3076.0,3051.0,3046.0,3046.0,2153.0,923.0,2132.0,914.0
0.0,6182.0,3219.0,3080.0,3046.0,3231.0,3231.0,2156.0,924.0,2252.0,967.0
0.0,6009.0,3157.0,3083.0,3231.0,3166.0,3166.0,2158.0,925.0,2211.0,946.0
0.0,6083.0,3059.0,3084.0,3166.0,3062.0,3062.0,2159.0,925.0,2140.0,919.0
0.0,6190.0,2967.0,3080.0,3062.0,2955.0,2955.0,2156.0,924.0,2077.0,890.0
0.0,6285.0,3030.0,3078.0,2955.0,3024.0,3024.0,2155.0,923.0,2122.0,908.0
0.0,6210.0,3024.0,3077.0,3024.0,3021.0,3021.0,2154.0,923.0,2116.0,908.0
0.0,6210.0,3079.0,3077.0,3021.0,3079.0,3079.0,2154.0,923.0,2156.0,923.0
0.0,6152.0,3190.0,3080.0,3079.0,3199.0,3199.0,2156.0,924.0,2232.0,958.0
0.0,6041.0,3196.0,3084.0,3199.0,3208.0,3208.0,2159.0,925.0,2238.0,958.0
0.0,6044.0,3143.0,3086.0,3208.0,3149.0,3149.0,2160.0,926.0,2200.0,943.0
0.0,6109.0,3137.0,3085.0,3149.0,3134.0,3134.0,2159.0,926.0,2196.0,941.0
0.0,6121.0,2991.0,3081.0,3134.0,2979.0,2979.0,2157.0,924.0,2094.0,897.0
0.0,6264.0,3104.0,3081.0,2979.0,3104.0,3104.0,2157.0,924.0,2173.0,931.0
0.0,6139.0,3106.0,3083.0,3104.0,3112.0,3112.0,2158.0,925.0,2174.0,932.0
0.0,6137.0,3115.0,3086.0,3112.0,3124.0,3124.0,2160.0,926.0,2181.0,934.0
0.0,6134.0,3192.0,3090.0,3124.0,3204.0,3204.0,2163.0,927.0,2235.0,957.0
0.0,6066.0,3128.0,3091.0,3204.0,3131.0,3131.0,2164.0,927.0,2188.0,940.0
0.0,6142.0,3050.0,3090.0,3131.0,3047.0,3047.0,2163.0,927.0,2134.0,916.0
0.0,6223.0,2993.0,3087.0,3047.0,2984.0,2984.0,2161.0,926.0,2095.0,898.0
0.0,6277.0,3103.0,3087.0,2984.0,3103.0,3103.0,2161.0,926.0,2172.0,931.0
0.0,6158.0,3106.0,3087.0,3103.0,3106.0,3106.0,2161.0,926.0,2174.0,932.0
0.0,6155.0,3248.0,3090.0,3106.0,3257.0,3257.0,2163.0,927.0,2273.0,975.0
0.0,6013.0,3178.0,3093.0,3257.0,3187.0,3187.0,2165.0,928.0,2224.0,954.0
0.0,6092.0,3146.0,3096.0,3187.0,3155.0,3155.0,2167.0,929.0,2203.0,943.0
0.0,6133.0,3058.0,3093.0,3155.0,3049.0,3049.0,2165.0,928.0,2142.0,916.0
0.0,6230.0,3013.0,3090.0,3049.0,3004.0,3004.0,2163.0,927.0,2107.0,906.0
0.0,6266.0,3084.0,3090.0,3004.0,3084.0,3084.0,2163.0,927.0,2159.0,925.0
0.0,6186.0,3160.0,3093.0,3084.0,3169.0,3169.0,2165.0,928.0,2214.0,946.0
0.0,6110.0,3122.0,3094.0,3169.0,3125.0,3125.0,2166.0,928.0,2184.0,938.0
0.0,6157.0,3178.0,3097.0,3125.0,3187.0,3187.0,2168.0,929.0,2223.0,955.0
0.0,6104.0,3172.0,3099.0,3187.0,3178.0,3178.0,2169.0,930.0,2222.0,950.0
0.0,6119.0,3100.0,3097.0,3178.0,3094.0,3094.0,2168.0,929.0,2169.0,931.0
0.0,6197.0,3057.0,3095.0,3094.0,3051.0,3051.0,2166.0,929.0,2141.0,916.0
0.0,6234.0,3051.0,3094.0,3051.0,3048.0,3048.0,2166.0,928.0,2135.0,916.0
0.0,6234.0,3066.0,3095.0,3048.0,3069.0,3069.0,2166.0,929.0,2146.0,920.0
0.0,6216.0,3181.0,3097.0,3069.0,3187.0,3187.0,2168.0,929.0,2226.0,955.0
0.0,6104.0,3131.0,3100.0,3187.0,3140.0,3140.0,2170.0,930.0,2191.0,940.0
0.0,6160.0,3159.0,3101.0,3140.0,3162.0,3162.0,2171.0,930.0,2212.0,947.0
0.0,6141.0,3094.0,3100.0,3162.0,3091.0,3091.0,2170.0,930.0,2165.0,929.0
0.0,6209.0,3033.0,3099.0,3091.0,3030.0,3030.0,2169.0,930.0,2124.0,909.0
0.0,6267.0,3123.0,3099.0,3030.0,3123.0,3123.0,2169.0,930.0,2187.0,936.0
0.0,6174.0,3122.0,3100.0,3123.0,3125.0,3125.0,2170.0,930.0,2183.0,939.0
0.0,6175.0,3159.0,3103.0,3125.0,3168.0,3168.0,2172.0,931.0,2211.0,948.0
0.0,6141.0,3234.0,3107.0,3168.0,3246.0,3246.0,2175.0,932.0,2264.0,970.0
0.0,6075.0,3166.0,3109.0,3246.0,3172.0,3172.0,2176.0,933.0,2217.0,949.0
0.0,6155.0,3093.0,3109.0,3172.0,3093.0,3093.0,2176.0,933.0,2165.0,928.0
0.0,6234.0,3123.0,3107.0,3093.0,3117.0,3117.0,2175.0,932.0,2185.0,938.0
0.0,6204.0,3069.0,3107.0,3117.0,3069.0,3069.0,2175.0,932.0,2148.0,921.0
0.0,6252.0,3192.0,3109.0,3069.0,3198.0,3198.0,2176.0,933.0,2235.0,957.0
0.0,6129.0,3161.0,3113.0,3198.0,3173.0,3173.0,2179.0,934.0,2212.0,949.0
0.0,6166.0,3189.0,3116.0,3173.0,3198.0,3198.0,2181.0,935.0,2232.0,957.0
0.0,6150.0,3141.0,3117.0,3198.0,3144.0,3144.0,2182.0,935.0,2197.0,944.0
0.0,6207.0,3096.0,3115.0,3144.0,3090.0,3090.0,2180.0,935.0,2168.0,928.0
0.0,6255.0,3084.0,3113.0,3090.0,3078.0,3078.0,2179.0,934.0,2158.0,926.0
0.0,6261.0,3086.0,3114.0,3078.0,3089.0,3089.0,2180.0,934.0,2160.0,926.0
0.0,6253.0,3154.0,3117.0,3089.0,3163.0,3163.0,2182.0,935.0,2208.0,946.0
0.0,6188.0,3180.0,3120.0,3163.0,3189.0,3189.0,2184.0,936.0,2225.0,955.0
0.0,6171.0,3180.0,3123.0,3189.0,3189.0,3189.0,2186.0,937.0,2228.0,952.0
0.0,6180.0,3169.0,3125.0,3189.0,3175.0,3175.0,2187.0,938.0,2218.0,951.0
0.0,6200.0,3088.0,3123.0,3175.0,3082.0,3082.0,2186.0,937.0,2162.0,926.0
0.0,6287.0,3084.0,3121.0,3082.0,3078.0,3078.0,2185.0,936.0,2158.0,926.0
0.0,6285.0,3133.0,3120.0,3078.0,3130.0,3130.0,2184.0,936.0,2193.0,940.0
0.0,6230.0,3104.0,3120.0,3130.0,3104.0,3104.0,2184.0,936.0,2173.0,931.0
0.0,6256.0,3162.0,3123.0,3104.0,3171.0,3171.0,2186.0,937.0,2215.0,947.0
0.0,6198.0,3233.0,3126.0,3171.0,3242.0,3242.0,2188.0,938.0,2262.0,971.0
0.0,6136.0,3180.0,3127.0,3242.0,3183.0,3183.0,2189.0,938.0,2225.0,955.0
0.0,6198.0,3139.0,3127.0,3183.0,3139.0,3139.0,2189.0,938.0,2198.0,941.0
0.0,6242.0,3060.0,3126.0,3139.0,3057.0,3057.0,2188.0,938.0,2142.0,918.0
0.0,6321.0,3106.0,3125.0,3057.0,3103.0,3103.0,2187.0,938.0,2174.0,932.0
0.0,6272.0,3135.0,3126.0,3103.0,3138.0,3138.0,2188.0,938.0,2195.0,940.0
0.0,6240.0,3204.0,3130.0,3138.0,3216.0,3216.0,2191.0,939.0,2241.0,963.0
0.0,6174.0,3275.0,3134.0,3216.0,3287.0,3287.0,2194.0,940.0,2292.0,983.0
0.0,6115.0,3170.0,3135.0,3287.0,3173.0,3173.0,2194.0,941.0,2220.0,950.0
0.0,6232.0,3105.0,3133.0,3173.0,3099.0,3099.0,2193.0,940.0,2174.0,931.0
0.0,6300.0,3133.0,3132.0,3099.0,3130.0,3130.0,2192.0,940.0,2192.0,941.0
0.0,6266.0,3093.0,3130.0,3130.0,3087.0,3087.0,2191.0,939.0,2165.0,928.0
0.0,6303.0,3187.0,3133.0,3087.0,3196.0,3196.0,2193.0,940.0,2232.0,955.0
0.0,6203.0,3258.0,3137.0,3196.0,3270.0,3270.0,2196.0,941.0,2279.0,979.0
0.0,6141.0,3251.0,3140.0,3270.0,3260.0,3260.0,2198.0,942.0,2275.0,976.0
0.0,6160.0,3160.0,3140.0,3260.0,3160.0,3160.0,2198.0,942.0,2213.0,947.0
0.0,6260.0,3054.0,3140.0,3160.0,3054.0,3054.0,2198.0,942.0,2139.0,915.0
0.0,6366.0,3101.0,3139.0,3054.0,3098.0,3098.0,2197.0,942.0,2170.0,931.0
0.0,6319.0,3060.0,3136.0,3098.0,3051.0,3051.0,2195.0,941.0,2143.0,917.0
0.0,6357.0,3168.0,3137.0,3051.0,3171.0,3171.0,2196.0,941.0,2215.0,953.0
0.0,6240.0,3225.0,3140.0,3171.0,3234.0,3234.0,2198.0,942.0,2257.0,968.0
0.0,6186.0,3242.0,3144.0,3234.0,3254.0,3254.0,2201.0,943.0,2270.0,972.0
0.0,6178.0,3179.0,3146.0,3254.0,3185.0,3185.0,2202.0,944.0,2226.0,953.0
0.0,6253.0,3153.0,3146.0,3185.0,3153.0,3153.0,2202.0,944.0,2207.0,946.0
0.0,6285.0,3060.0,3144.0,3153.0,3054.0,3054.0,2201.0,943.0,2141.0,919.0
0.0,6378.0,3058.0,3143.0,3054.0,3055.0,3055.0,2200.0,943.0,2142.0,916.0
0.0,6374.0,3208.0,3145.0,3055.0,3214.0,3214.0,2201.0,944.0,2244.0,964.0
0.0,6221.0,3238.0,3149.0,3214.0,3250.0,3250.0,2204.0,945.0,2267.0,971.0
0.0,6197.0,3216.0,3150.0,3250.0,3219.0,3219.0,2205.0,945.0,2252.0,964.0
0.0,6231.0,3182.0,3152.0,3219.0,3188.0,3188.0,2206.0,946.0,2226.0,956.0
0.0,6268.0,3132.0,3151.0,3188.0,3129.0,3129.0,2206.0,945.0,2192.0,940.0
0.0,6324.0,3108.0,3149.0,3129.0,3102.0,3102.0,2204.0,945.0,2176.0,932.0
0.0,6345.0,3083.0,3147.0,3102.0,3077.0,3077.0,2203.0,944.0,2157.0,926.0
0.0,6364.0,3187.0,3149.0,3077.0,3193.0,3193.0,2204.0,945.0,2232.0,955.0
0.0,6254.0,3275.0,3152.0,3193.0,3284.0,3284.0,2206.0,946.0,2292.0,983.0
0.0,6172.0,3242.0,3155.0,3284.0,3251.0,3251.0,2208.0,947.0,2270.0,972.0
0.0,6214.0,3181.0,3155.0,3251.0,3181.0,3181.0,2208.0,947.0,2226.0,955.0
0.0,6284.0,3159.0,3155.0,3181.0,3159.0,3159.0,2208.0,947.0,2212.0,947.0
0.0,6306.0,3064.0,3153.0,3159.0,3058.0,3058.0,2207.0,946.0,2145.0,919.0
0.0,6401.0,3130.0,3152.0,3058.0,3127.0,3127.0,2206.0,946.0,2191.0,939.0
0.0,6329.0,3156.0,3153.0,3127.0,3159.0,3159.0,2207.0,946.0,2210.0,946.0
0.0,6300.0,3222.0,3156.0,3159.0,3231.0,3231.0,2209.0,947.0,2254.0,968.0
0.0,6237.0,3256.0,3159.0,3231.0,3265.0,3265.0,2211.0,948.0,2280.0,976.0
0.0,6212.0,3172.0,3160.0,3265.0,3175.0,3175.0,2212.0,948.0,2220.0,952.0
0.0,6305.0,3113.0,3159.0,3175.0,3110.0,3110.0,2211.0,948.0,2178.0,935.0
0.0,6367.0,3054.0,3156.0,3110.0,3045.0,3045.0,2209.0,947.0,2139.0,915.0
0.0,6423.0,3114.0,3155.0,3045.0,3111.0,3111.0,2208.0,947.0,2179.0,935.0
0.0,6354.0,3196.0,3157.0,3111.0,3202.0,3202.0,2210.0,947.0,2236.0,960.0
0.0,6269.0,3140.0,3158.0,3202.0,3143.0,3143.0,2211.0,947.0,2199.0,941.0
0.0,6331.0,3199.0,3159.0,3143.0,3202.0,3202.0,2211.0,948.0,2240.0,959.0
0.0,6275.0,3239.0,3162.0,3202.0,3248.0,3248.0,2213.0,949.0,2267.0,972.0
0.0,6238.0,3142.0,3162.0,3248.0,3142.0,3142.0,2213.0,949.0,2198.0,944.0
0.0,6344.0,3157.0,3160.0,3142.0,3151.0,3151.0,2212.0,948.0,2209.0,948.0
0.0,6329.0,3140.0,3159.0,3151.0,3137.0,3137.0,2211.0,948.0,2200.0,940.0
0.0,6340.0,3160.0,3160.0,3137.0,3163.0,3163.0,2212.0,948.0,2212.0,948.0
0.0,6317.0,3322.0,3165.0,3163.0,3337.0,3337.0,2215.0,950.0,2325.0,997.0
0.0,6158.0,3311.0,3169.0,3337.0,3323.0,3323.0,2218.0,951.0,2317.0,994.0
0.0,6184.0,3256.0,3171.0,3323.0,3262.0,3262.0,2220.0,951.0,2279.0,977.0
0.0,6251.0,3100.0,3169.0,3262.0,3094.0,3094.0,2218.0,951.0,2171.0,929.0
0.0,6413.0,3112.0,3166.0,3094.0,3103.0,3103.0,2216.0,950.0,2179.0,933.0
0.0,6395.0,3100.0,3164.0,3103.0,3094.0,3094.0,2215.0,949.0,2169.0,931.0
0.0,6398.0,3167.0,3166.0,3094.0,3173.0,3173.0,2216.0,950.0,2218.0,949.0
0.0,6325.0,3255.0,3168.0,3173.0,3261.0,3261.0,2218.0,950.0,2277.0,978.0
0.0,6243.0,3248.0,3171.0,3261.0,3257.0,3257.0,2220.0,951.0,2273.0,975.0
0.0,6256.0,3257.0,3173.0,3257.0,3263.0,3263.0,2221.0,952.0,2281.0,976.0
0.0,6256.0,3151.0,3170.0,3263.0,3142.0,3142.0,2219.0,951.0,2205.0,946.0
0.0,6368.0,3110.0,3167.0,3142.0,3101.0,3101.0,2217.0,950.0,2177.0,933.0
0.0,6400.0,3117.0,3167.0,3101.0,3117.0,3117.0,2217.0,950.0,2182.0,935.0
0.0,6384.0,3163.0,3169.0,3117.0,3169.0,3169.0,2218.0,951.0,2215.0,948.0
0.0,6338.0,3255.0,3172.0,3169.0,3264.0,3264.0,2220.0,952.0,2278.0,977.0
0.0,6252.0,3265.0,3176.0,3264.0,3277.0,3277.0,2223.0,953.0,2285.0,980.0
0.0,6251.0,3212.0,3177.0,3277.0,3215.0,3215.0,2224.0,953.0,2249.0,963.0
0.0,6316.0,3130.0,3174.0,3215.0,3121.0,3121.0,2222.0,952.0,2190.0,940.0
0.0,6401.0,3078.0,3172.0,3121.0,3072.0,3072.0,2220.0,952.0,2155.0,923.0
0.0,6444.0,3141.0,3171.0,3072.0,3138.0,3138.0,2220.0,951.0,2198.0,943.0
0.0,6375.0,3160.0,3171.0,3138.0,3160.0,3160.0,2220.0,951.0,2213.0,947.0
0.0,6353.0,3266.0,3175.0,3160.0,3278.0,3278.0,2222.0,953.0,2286.0,980.0
0.0,6247.0,3279.0,3179.0,3278.0,3291.0,3291.0,2225.0,954.0,2296.0,983.0
0.0,6246.0,3220.0,3180.0,3291.0,3223.0,3223.0,2226.0,954.0,2254.0,966.0
0.0,6317.0,3134.0,3177.0,3223.0,3125.0,3125.0,2224.0,953.0,2193.0,941.0
0.0,6406.0,3194.0,3177.0,3125.0,3194.0,3194.0,2224.0,953.0,2236.0,958.0
0.0,6337.0,3187.0,3177.0,3194.0,3187.0,3187.0,2224.0,953.0,2231.0,956.0
0.0,6344.0,3187.0,3178.0,3187.0,3190.0,3190.0,2225.0,953.0,2232.0,955.0
0.0,6344.0,3261.0,3181.0,3190.0,3270.0,3270.0,2227.0,954.0,2281.0,980.0
0.0,6273.0,3327.0,3186.0,3270.0,3342.0,3342.0,2230.0,956.0,2329.0,998.0
0.0,6216.0,3245.0,3187.0,3342.0,3248.0,3248.0,2231.0,956.0,2272.0,973.0
0.0,6313.0,3285.0,3187.0,3248.0,3285.0,3285.0,2231.0,956.0,2297.0,988.0
0.0,6276.0,3143.0,3186.0,3285.0,3140.0,3140.0,2230.0,956.0,2201.0,942.0
0.0,6418.0,3163.0,3185.0,3140.0,3160.0,3160.0,2229.0,956.0,2214.0,949.0
0.0,6395.0,3196.0,3186.0,3160.0,3199.0,3199.0,2230.0,956.0,2238.0,958.0
0.0,6359.0,3208.0,3189.0,3199.0,3217.0,3217.0,2232.0,957.0,2244.0,964.0
0.0,6350.0,3311.0,3192.0,3217.0,3320.0,3320.0,2234.0,958.0,2318.0,993.0
0.0,6256.0,3262.0,3194.0,3320.0,3268.0,3268.0,2236.0,958.0,2282.0,980.0
0.0,6314.0,3137.0,3192.0,3268.0,3131.0,3131.0,2234.0,958.0,2197.0,940.0
0.0,6445.0,3154.0,3190.0,3131.0,3148.0,3148.0,2233.0,957.0,2207.0,947.0
0.0,6422.0,3139.0,3190.0,3148.0,3139.0,3139.0,2233.0,957.0,2198.0,941.0
0.0,6431.0,3171.0,3190.0,3139.0,3171.0,3171.0,2233.0,957.0,2218.0,953.0
0.0,6399.0,3305.0,3196.0,3171.0,3323.0,3323.0,2237.0,959.0,2314.0,991.0
0.0,6265.0,3356.0,3200.0,3323.0,3368.0,3368.0,2240.0,960.0,2350.0,1006.0
0.0,6232.0,3263.0,3202.0,3368.0,3269.0,3269.0,2241.0,961.0,2283.0,980.0
0.0,6337.0,3149.0,3202.0,3269.0,3149.0,3149.0,2241.0,961.0,2204.0,945.0
0.0,6457.0,3150.0,3200.0,3149.0,3144.0,3144.0,2240.0,960.0,2205.0,945.0
0.0,6456.0,3164.0,3199.0,3144.0,3161.0,3161.0,2239.0,960.0,2216.0,948.0
0.0,6436.0,3229.0,3201.0,3161.0,3235.0,3235.0,2241.0,960.0,2259.0,970.0
0.0,6368.0,3220.0,3203.0,3235.0,3226.0,3226.0,2242.0,961.0,2255.0,965.0
0.0,6383.0,3310.0,3206.0,3226.0,3319.0,3319.0,2244.0,962.0,2317.0,993.0
0.0,6299.0,3273.0,3207.0,3319.0,3276.0,3276.0,2245.0,962.0,2290.0,983.0
0.0,6345.0,3223.0,3206.0,3276.0,3220.0,3220.0,2244.0,962.0,2257.0,966.0
0.0,6398.0,3191.0,3203.0,3220.0,3182.0,3182.0,2242.0,961.0,2235.0,956.0
0.0,6427.0,3149.0,3201.0,3182.0,3143.0,3143.0,2241.0,960.0,2203.0,946.0
0.0,6460.0,3213.0,3203.0,3143.0,3219.0,3219.0,2242.0,961.0,2248.0,965.0
0.0,6390.0,3279.0,3207.0,3219.0,3291.0,3291.0,2245.0,962.0,2297.0,982.0
0.0,6330.0,3255.0,3210.0,3291.0,3264.0,3264.0,2247.0,963.0,2278.0,977.0
0.0,6366.0,3197.0,3210.0,3264.0,3197.0,3197.0,2247.0,963.0,2238.0,959.0
0.0,6433.0,3170.0,3209.0,3197.0,3167.0,3167.0,2246.0,963.0,2218.0,952.0
0.0,6460.0,3108.0,3206.0,3167.0,3099.0,3099.0,2244.0,962.0,2177.0,931.0
0.0,6519.0,3217.0,3206.0,3099.0,3217.0,3217.0,2244.0,962.0,2251.0,966.0
0.0,6401.0,3227.0,3207.0,3217.0,3230.0,3230.0,2245.0,962.0,2260.0,967.0
0.0,6391.0,3352.0,3211.0,3230.0,3364.0,3364.0,2248.0,963.0,2345.0,1007.0
0.0,6269.0,3296.0,3215.0,3364.0,3308.0,3308.0,2250.0,965.0,2307.0,989.0
0.0,6337.0,3334.0,3219.0,3308.0,3346.0,3346.0,2253.0,966.0,2334.0,1000.0
0.0,6311.0,3194.0,3217.0,3346.0,3188.0,3188.0,2252.0,965.0,2237.0,957.0
0.0,6463.0,3201.0,3216.0,3188.0,3198.0,3198.0,2251.0,965.0,2240.0,961.0
0.0,6450.0,3180.0,3215.0,3198.0,3177.0,3177.0,2250.0,965.0,2226.0,954.0
0.0,6468.0,3203.0,3216.0,3177.0,3206.0,3206.0,2251.0,965.0,2243.0,960.0
0.0,6442.0,3289.0,3220.0,3206.0,3301.0,3301.0,2254.0,966.0,2302.0,987.0
0.0,6359.0,3275.0,3223.0,3301.0,3284.0,3284.0,2256.0,967.0,2292.0,983.0
0.0,6385.0,3268.0,3226.0,3284.0,3277.0,3277.0,2258.0,968.0,2286.0,982.0
0.0,6401.0,3200.0,3224.0,3277.0,3194.0,3194.0,2257.0,967.0,2242.0,958.0
0.0,6478.0,3199.0,3223.0,3194.0,3196.0,3196.0,2256.0,967.0,2238.0,961.0
0.0,6473.0,3170.0,3222.0,3196.0,3167.0,3167.0,2255.0,967.0,2218.0,952.0
0.0,6499.0,3225.0,3223.0,3167.0,3228.0,3228.0,2256.0,967.0,2258.0,967.0
0.0,6441.0,3253.0,3224.0,3228.0,3256.0,3256.0,2257.0,967.0,2276.0,977.0
0.0,6416.0,3308.0,3227.0,3256.0,3317.0,3317.0,2259.0,968.0,2317.0,991.0
0.0,6364.0,3167.0,3226.0,3317.0,3164.0,3164.0,2258.0,968.0,2216.0,951.0
0.0,6514.0,3202.0,3225.0,3164.0,3199.0,3199.0,2257.0,968.0,2241.0,961.0
0.0,6476.0,3190.0,3223.0,3199.0,3184.0,3184.0,2256.0,967.0,2233.0,957.0
0.0,6485.0,3083.0,3219.0,3184.0,3071.0,3071.0,2253.0,966.0,2158.0,925.0
0.0,6586.0,3237.0,3219.0,3071.0,3237.0,3237.0,2253.0,966.0,2266.0,971.0
0.0,6420.0,3235.0,3220.0,3237.0,3238.0,3238.0,2254.0,966.0,2263.0,972.0
0.0,6422.0,3283.0,3223.0,3238.0,3292.0,3292.0,2256.0,967.0,2299.0,984.0
0.0,6377.0,3305.0,3225.0,3292.0,3311.0,3311.0,2257.0,968.0,2313.0,992.0
0.0,6364.0,3127.0,3223.0,3311.0,3121.0,3121.0,2256.0,967.0,2190.0,937.0
0.0,6548.0,3173.0,3220.0,3121.0,3164.0,3164.0,2254.0,966.0,2219.0,954.0
0.0,6496.0,3204.0,3219.0,3164.0,3201.0,3201.0,2253.0,966.0,2244.0,960.0
0.0,6456.0,3182.0,3220.0,3201.0,3185.0,3185.0,2254.0,966.0,2226.0,956.0
0.0,6475.0,3332.0,3223.0,3185.0,3341.0,3341.0,2256.0,967.0,2332.0,1000.0
0.0,6328.0,3286.0,3226.0,3341.0,3295.0,3295.0,2258.0,968.0,2302.0,984.0
0.0,6383.0,3282.0,3229.0,3295.0,3291.0,3291.0,2260.0,969.0,2296.0,986.0
0.0,6396.0,3173.0,3226.0,3291.0,3164.0,3164.0,2258.0,968.0,2222.0,951.0
0.0,6514.0,3181.0,3223.0,3164.0,3172.0,3172.0,2256.0,967.0,2227.0,954.0
0.0,6497.0,3186.0,3221.0,3172.0,3180.0,3180.0,2255.0,966.0,2229.0,957.0
0.0,6483.0,3257.0,3223.0,3180.0,3263.0,3263.0,2256.0,967.0,2279.0,978.0
0.0,6406.0,3347.0,3227.0,3263.0,3359.0,3359.0,2259.0,968.0,2343.0,1004.0
0.0,6322.0,3358.0,3230.0,3359.0,3367.0,3367.0,2261.0,969.0,2350.0,1008.0
0.0,6323.0,3259.0,3231.0,3367.0,3262.0,3262.0,2262.0,969.0,2282.0,977.0
0.0,6431.0,3249.0,3232.0,3262.0,3252.0,3252.0,2262.0,970.0,2274.0,975.0
0.0,6444.0,3243.0,3230.0,3252.0,3237.0,3237.0,2261.0,969.0,2269.0,974.0
0.0,6453.0,3197.0,3229.0,3237.0,3194.0,3194.0,2260.0,969.0,2239.0,958.0
0.0,6493.0,3289.0,3230.0,3194.0,3292.0,3292.0,2261.0,969.0,2301.0,988.0
0.0,6398.0,3374.0,3234.0,3292.0,3386.0,3386.0,2264.0,970.0,2361.0,1013.0
0.0,6316.0,3295.0,3237.0,3386.0,3304.0,3304.0,2266.0,971.0,2306.0,989.0
0.0,6407.0,3222.0,3237.0,3304.0,3222.0,3222.0,2266.0,971.0,2255.0,967.0
0.0,6489.0,3201.0,3236.0,3222.0,3198.0,3198.0,2265.0,971.0,2242.0,959.0
0.0,6510.0,3154.0,3233.0,3198.0,3145.0,3145.0,2263.0,970.0,2207.0,947.0
0.0,6554.0,3233.0,3234.0,3145.0,3236.0,3236.0,2264.0,970.0,2264.0,969.0
0.0,6466.0,3259.0,3236.0,3236.0,3265.0,3265.0,2265.0,971.0,2282.0,977.0
0.0,6443.0,3308.0,3240.0,3265.0,3320.0,3320.0,2268.0,972.0,2315.0,993.0
0.0,6400.0,3335.0,3242.0,3320.0,3341.0,3341.0,2269.0,973.0,2334.0,1001.0
0.0,6385.0,3343.0,3244.0,3341.0,3349.0,3349.0,2271.0,973.0,2339.0,1004.0
0.0,6383.0,3223.0,3242.0,3349.0,3217.0,3217.0,2269.0,973.0,2257.0,966.0
0.0,6509.0,3211.0,3240.0,3217.0,3205.0,3205.0,2268.0,972.0,2247.0,964.0
0.0,6515.0,3219.0,3238.0,3205.0,3213.0,3213.0,2266.0,972.0,2254.0,965.0
0.0,6501.0,3322.0,3240.0,3213.0,3328.0,3328.0,2268.0,972.0,2324.0,998.0
0.0,6392.0,3305.0,3242.0,3328.0,3311.0,3311.0,2269.0,973.0,2314.0,991.0
0.0,6415.0,3302.0,3245.0,3311.0,3311.0,3311.0,2271.0,974.0,2311.0,991.0
0.0,6424.0,3332.0,3247.0,3311.0,3338.0,3338.0,2273.0,974.0,2332.0,1000.0
0.0,6403.0,3205.0,3246.0,3338.0,3202.0,3202.0,2272.0,974.0,2245.0,960.0
0.0,6536.0,3191.0,3244.0,3202.0,3185.0,3185.0,2271.0,973.0,2233.0,958.0
0.0,6547.0,3157.0,3242.0,3185.0,3151.0,3151.0,2269.0,973.0,2210.0,947.0
0.0,6575.0,3273.0,3243.0,3151.0,3276.0,3276.0,2270.0,973.0,2290.0,983.0
0.0,6453.0,3292.0,3245.0,3276.0,3298.0,3298.0,2271.0,974.0,2305.0,987.0
0.0,6437.0,3335.0,3249.0,3298.0,3347.0,3347.0,2274.0,975.0,2334.0,1001.0
0.0,6400.0,3313.0,3250.0,3347.0,3316.0,3316.0,2275.0,975.0,2319.0,994.0
0.0,6434.0,3266.0,3250.0,3316.0,3266.0,3266.0,2275.0,975.0,2286.0,980.0
0.0,6484.0,3147.0,3247.0,3266.0,3138.0,3138.0,2273.0,974.0,2203.0,944.0
0.0,6603.0,3223.0,3249.0,3138.0,3229.0,3229.0,2274.0,975.0,2257.0,966.0
0.0,6518.0,3246.0,3249.0,3229.0,3246.0,3246.0,2274.0,975.0,2272.0,974.0
0.0,6501.0,3303.0,3251.0,3246.0,3309.0,3309.0,2276.0,975.0,2311.0,992.0
0.0,6444.0,3364.0,3256.0,3309.0,3379.0,3379.0,2279.0,977.0,2356.0,1008.0
0.0,6389.0,3312.0,3258.0,3379.0,3318.0,3318.0,2280.0,978.0,2317.0,995.0
0.0,6456.0,3233.0,3258.0,3318.0,3233.0,3233.0,2280.0,978.0,2263.0,970.0
0.0,6541.0,3263.0,3257.0,3233.0,3260.0,3260.0,2280.0,977.0,2284.0,979.0
0.0,6511.0,3234.0,3256.0,3260.0,3231.0,3231.0,2279.0,977.0,2265.0,969.0
0.0,6537.0,3291.0,3259.0,3231.0,3300.0,3300.0,2281.0,978.0,2303.0,988.0
0.0,6477.0,3366.0,3263.0,3300.0,3378.0,3378.0,2284.0,979.0,2356.0,1010.0
0.0,6411.0,3320.0,3266.0,3378.0,3329.0,3329.0,2286.0,980.0,2324.0,996.0
0.0,6469.0,3262.0,3267.0,3329.0,3265.0,3265.0,2287.0,980.0,2284.0,978.0
0.0,6536.0,3253.0,3266.0,3265.0,3250.0,3250.0,2286.0,980.0,2276.0,977.0
0.0,6548.0,3165.0,3263.0,3250.0,3156.0,3156.0,2284.0,979.0,2216.0,949.0
0.0,6633.0,3210.0,3262.0,3156.0,3207.0,3207.0,2283.0,979.0,2247.0,963.0
0.0,6579.0,3296.0,3264.0,3207.0,3302.0,3302.0,2285.0,979.0,2306.0,990.0
0.0,6490.0,3333.0,3267.0,3302.0,3342.0,3342.0,2287.0,980.0,2335.0,998.0
0.0,6459.0,3383.0,3270.0,3342.0,3392.0,3392.0,2289.0,981.0,2368.0,1015.0
0.0,6418.0,3306.0,3272.0,3392.0,3312.0,3312.0,2290.0,982.0,2313.0,993.0
0.0,6504.0,3181.0,3269.0,3312.0,3172.0,3172.0,2288.0,981.0,2227.0,954.0
0.0,6635.0,3181.0,3265.0,3172.0,3169.0,3169.0,2285.0,980.0,2227.0,954.0
0.0,6626.0,3200.0,3264.0,3169.0,3197.0,3197.0,2285.0,979.0,2239.0,961.0
0.0,6595.0,3203.0,3263.0,3197.0,3200.0,3200.0,2284.0,979.0,2244.0,959.0
0.0,6589.0,3332.0,3264.0,3200.0,3335.0,3335.0,2285.0,979.0,2331.0,1001.0
0.0,6457.0,3393.0,3269.0,3335.0,3408.0,3408.0,2288.0,981.0,2375.0,1018.0
0.0,6399.0,3350.0,3270.0,3408.0,3353.0,3353.0,2289.0,981.0,2346.0,1004.0
0.0,6457.0,3247.0,3267.0,3353.0,3238.0,3238.0,2287.0,980.0,2272.0,975.0
0.0,6563.0,3190.0,3266.0,3238.0,3187.0,3187.0,2286.0,980.0,2233.0,957.0
0.0,6611.0,3276.0,3266.0,3187.0,3276.0,3276.0,2286.0,980.0,2294.0,982.0
0.0,6522.0,3259.0,3267.0,3276.0,3262.0,3262.0,2287.0,980.0,2280.0,979.0
0.0,6539.0,3322.0,3270.0,3262.0,3331.0,3331.0,2289.0,981.0,2325.0,997.0
0.0,6479.0,3433.0,3274.0,3331.0,3445.0,3445.0,2292.0,982.0,2403.0,1030.0
0.0,6377.0,3293.0,3275.0,3445.0,3296.0,3296.0,2292.0,983.0,2306.0,987.0
0.0,6529.0,3230.0,3273.0,3296.0,3224.0,3224.0,2291.0,982.0,2260.0,970.0
0.0,6595.0,3200.0,3271.0,3224.0,3194.0,3194.0,2290.0,981.0,2240.0,960.0
0.0,6619.0,3216.0,3269.0,3194.0,3210.0,3210.0,2288.0,981.0,2252.0,964.0
0.0,6597.0,3220.0,3269.0,3210.0,3220.0,3220.0,2288.0,981.0,2254.0,966.0
0.0,6587.0,3348.0,3271.0,3220.0,3354.0,3354.0,2290.0,981.0,2342.0,1006.0
0.0,6459.0,3371.0,3274.0,3354.0,3380.0,3380.0,2292.0,982.0,2359.0,1012.0
0.0,6442.0,3376.0,3275.0,3380.0,3379.0,3379.0,2292.0,983.0,2364.0,1012.0
0.0,6446.0,3282.0,3274.0,3379.0,3279.0,3279.0,2292.0,982.0,2297.0,985.0
0.0,6543.0,3244.0,3273.0,3279.0,3241.0,3241.0,2291.0,982.0,2270.0,974.0
0.0,6578.0,3213.0,3271.0,3241.0,3207.0,3207.0,2290.0,981.0,2250.0,963.0
0.0,6606.0,3343.0,3274.0,3207.0,3352.0,3352.0,2292.0,982.0,2339.0,1004.0
0.0,6470.0,3389.0,3277.0,3352.0,3398.0,3398.0,2294.0,983.0,2373.0,1016.0
0.0,6433.0,3374.0,3282.0,3398.0,3389.0,3389.0,2297.0,985.0,2362.0,1012.0
0.0,6457.0,3330.0,3283.0,3389.0,3333.0,3333.0,2298.0,985.0,2331.0,999.0
0.0,6516.0,3293.0,3283.0,3333.0,3293.0,3293.0,2298.0,985.0,2305.0,988.0
0.0,6556.0,3256.0,3281.0,3293.0,3250.0,3250.0,2297.0,984.0,2279.0,977.0
0.0,6593.0,3286.0,3281.0,3250.0,3286.0,3286.0,2297.0,984.0,2299.0,987.0
0.0,6557.0,3333.0,3282.0,3286.0,3336.0,3336.0,2297.0,985.0,2334.0,999.0
0.0,6510.0,3362.0,3286.0,3336.0,3374.0,3374.0,2300.0,986.0,2354.0,1008.0
0.0,6484.0,3385.0,3290.0,3374.0,3397.0,3397.0,2303.0,987.0,2369.0,1016.0
0.0,6473.0,3348.0,3292.0,3397.0,3354.0,3354.0,2304.0,988.0,2342.0,1006.0
0.0,6522.0,3293.0,3291.0,3354.0,3290.0,3290.0,2304.0,987.0,2305.0,988.0
0.0,6583.0,3271.0,3289.0,3290.0,3265.0,3265.0,2302.0,987.0,2291.0,980.0
0.0,6602.0,3223.0,3287.0,3265.0,3217.0,3217.0,2301.0,986.0,2255.0,968.0
0.0,6644.0,3385.0,3290.0,3217.0,3394.0,3394.0,2303.0,987.0,2369.0,1016.0
0.0,6476.0,3355.0,3293.0,3394.0,3364.0,3364.0,2305.0,988.0,2349.0,1006.0
0.0,6515.0,3359.0,3295.0,3364.0,3365.0,3365.0,2306.0,989.0,2351.0,1008.0
0.0,6520.0,3330.0,3296.0,3365.0,3333.0,3333.0,2307.0,989.0,2331.0,999.0
0.0,6555.0,3317.0,3294.0,3333.0,3311.0,3311.0,2306.0,988.0,2322.0,995.0
0.0,6571.0,3253.0,3293.0,3311.0,3250.0,3250.0,2305.0,988.0,2276.0,977.0
0.0,6629.0,3259.0,3293.0,3250.0,3259.0,3259.0,2305.0,988.0,2281.0,978.0
0.0,6620.0,3320.0,3294.0,3259.0,3323.0,3323.0,2306.0,988.0,2325.0,995.0
0.0,6559.0,3382.0,3299.0,3323.0,3397.0,3397.0,2309.0,990.0,2368.0,1014.0
0.0,6500.0,3339.0,3301.0,3397.0,3345.0,3345.0,2311.0,990.0,2336.0,1003.0
0.0,6558.0,3376.0,3303.0,3345.0,3382.0,3382.0,2312.0,991.0,2364.0,1012.0
0.0,6527.0,3330.0,3303.0,3382.0,3330.0,3330.0,2312.0,991.0,2331.0,999.0
0.0,6579.0,3233.0,3300.0,3330.0,3224.0,3224.0,2310.0,990.0,2261.0,972.0
0.0,6676.0,3249.0,3299.0,3224.0,3246.0,3246.0,2309.0,990.0,2276.0,973.0
0.0,6651.0,3325.0,3302.0,3246.0,3334.0,3334.0,2311.0,991.0,2327.0,998.0
0.0,6572.0,3375.0,3306.0,3334.0,3387.0,3387.0,2314.0,992.0,2362.0,1013.0
0.0,6531.0,3388.0,3309.0,3387.0,3397.0,3397.0,2316.0,993.0,2371.0,1017.0
0.0,6530.0,3293.0,3310.0,3397.0,3296.0,3296.0,2317.0,993.0,2306.0,987.0
0.0,6634.0,3320.0,3310.0,3296.0,3320.0,3320.0,2317.0,993.0,2324.0,996.0
0.0,6610.0,3253.0,3307.0,3320.0,3244.0,3244.0,2315.0,992.0,2276.0,977.0
0.0,6677.0,3327.0,3307.0,3244.0,3327.0,3327.0,2315.0,992.0,2328.0,999.0
0.0,6594.0,3346.0,3309.0,3327.0,3352.0,3352.0,2316.0,993.0,2344.0,1002.0
0.0,6575.0,3442.0,3314.0,3352.0,3457.0,3457.0,2320.0,994.0,2410.0,1032.0
0.0,6485.0,3403.0,3316.0,3457.0,3409.0,3409.0,2321.0,995.0,2381.0,1022.0
0.0,6539.0,3329.0,3317.0,3409.0,3332.0,3332.0,2322.0,995.0,2329.0,1000.0
0.0,6619.0,3369.0,3319.0,3332.0,3375.0,3375.0,2323.0,996.0,2359.0,1010.0
0.0,6582.0,3221.0,3314.0,3375.0,3206.0,3206.0,2320.0,994.0,2254.0,967.0
0.0,6736.0,3303.0,3315.0,3206.0,3306.0,3306.0,2320.0,995.0,2313.0,990.0
0.0,6639.0,3306.0,3316.0,3306.0,3309.0,3309.0,2321.0,995.0,2315.0,991.0
0.0,6639.0,3419.0,3320.0,3309.0,3431.0,3431.0,2324.0,996.0,2393.0,1026.0
0.0,6529.0,3393.0,3324.0,3431.0,3405.0,3405.0,2327.0,997.0,2375.0,1018.0
0.0,6567.0,3411.0,3327.0,3405.0,3420.0,3420.0,2329.0,998.0,2388.0,1023.0
0.0,6561.0,3294.0,3326.0,3420.0,3291.0,3291.0,2328.0,998.0,2305.0,989.0
0.0,6687.0,3256.0,3324.0,3291.0,3250.0,3250.0,2327.0,997.0,2278.0,978.0
0.0,6722.0,3244.0,3322.0,3250.0,3238.0,3238.0,2325.0,997.0,2271.0,973.0
0.0,6728.0,3270.0,3322.0,3238.0,3270.0,3270.0,2325.0,997.0,2289.0,981.0
0.0,6696.0,3444.0,3326.0,3270.0,3456.0,3456.0,2328.0,998.0,2411.0,1033.0
0.0,6522.0,3384.0,3329.0,3456.0,3393.0,3393.0,2330.0,999.0,2368.0,1016.0
0.0,6594.0,3360.0,3329.0,3393.0,3360.0,3360.0,2330.0,999.0,2352.0,1008.0
0.0,6627.0,3260.0,3326.0,3360.0,3251.0,3251.0,2328.0,998.0,2282.0,978.0
0.0,6727.0,3273.0,3325.0,3251.0,3270.0,3270.0,2327.0,998.0,2290.0,983.0
0.0,6705.0,3296.0,3324.0,3270.0,3293.0,3293.0,2327.0,997.0,2307.0,989.0
0.0,6679.0,3364.0,3326.0,3293.0,3370.0,3370.0,2328.0,998.0,2356.0,1008.0
0.0,6608.0,3399.0,3328.0,3370.0,3405.0,3405.0,2329.0,999.0,2379.0,1020.0
0.0,6579.0,3392.0,3330.0,3405.0,3398.0,3398.0,2331.0,999.0,2375.0,1017.0
0.0,6592.0,3412.0,3332.0,3398.0,3418.0,3418.0,2332.0,1000.0,2387.0,1025.0
0.0,6578.0,3244.0,3329.0,3418.0,3235.0,3235.0,2330.0,999.0,2272.0,972.0
0.0,6752.0,3311.0,3327.0,3235.0,3305.0,3305.0,2329.0,998.0,2317.0,994.0
0.0,6676.0,3290.0,3327.0,3305.0,3290.0,3290.0,2329.0,998.0,2302.0,988.0
0.0,6691.0,3327.0,3327.0,3290.0,3327.0,3327.0,2329.0,998.0,2330.0,997.0
0.0,6654.0,3458.0,3331.0,3327.0,3470.0,3470.0,2332.0,999.0,2420.0,1038.0
0.0,6523.0,3355.0,3333.0,3470.0,3361.0,3361.0,2333.0,1000.0,2350.0,1005.0
0.0,6638.0,3402.0,3334.0,3361.0,3405.0,3405.0,2334.0,1000.0,2379.0,1023.0
0.0,6597.0,3329.0,3333.0,3405.0,3326.0,3326.0,2333.0,1000.0,2332.0,997.0
0.0,6673.0,3254.0,3332.0,3326.0,3251.0,3251.0,2332.0,1000.0,2276.0,978.0
0.0,6745.0,3257.0,3330.0,3251.0,3251.0,3251.0,2331.0,999.0,2281.0,976.0
0.0,6739.0,3322.0,3330.0,3251.0,3322.0,3322.0,2331.0,999.0,2323.0,999.0
0.0,6668.0,3441.0,3333.0,3322.0,3450.0,3450.0,2333.0,1000.0,2409.0,1032.0
0.0,6549.0,3390.0,3336.0,3450.0,3399.0,3399.0,2335.0,1001.0,2375.0,1015.0
0.0,6609.0,3360.0,3337.0,3399.0,3363.0,3363.0,2336.0,1001.0,2352.0,1008.0
0.0,6648.0,3333.0,3336.0,3363.0,3330.0,3330.0,2335.0,1001.0,2333.0,1000.0
0.0,6678.0,3260.0,3334.0,3330.0,3254.0,3254.0,2334.0,1000.0,2281.0,979.0
0.0,6748.0,3297.0,3333.0,3254.0,3294.0,3294.0,2333.0,1000.0,2309.0,988.0
0.0,6705.0,3366.0,3333.0,3294.0,3366.0,3366.0,2333.0,1000.0,2354.0,1012.0
0.0,6633.0,3431.0,3337.0,3366.0,3443.0,3443.0,2336.0,1001.0,2402.0,1029.0
0.0,6568.0,3408.0,3340.0,3443.0,3417.0,3417.0,2338.0,1002.0,2385.0,1023.0
0.0,6603.0,3383.0,3342.0,3417.0,3389.0,3389.0,2339.0,1003.0,2368.0,1015.0
0.0,6637.0,3313.0,3340.0,3389.0,3307.0,3307.0,2338.0,1002.0,2319.0,994.0
0.0,6713.0,3327.0,3339.0,3307.0,3324.0,3324.0,2337.0,1002.0,2330.0,997.0
0.0,6693.0,3289.0,3339.0,3324.0,3289.0,3289.0,2337.0,1002.0,2302.0,987.0
0.0,6728.0,3400.0,3340.0,3289.0,3403.0,3403.0,2338.0,1002.0,2379.0,1021.0
0.0,6617.0,3447.0,3344.0,3403.0,3459.0,3459.0,2341.0,1003.0,2413.0,1034.0
0.0,6573.0,3395.0,3346.0,3459.0,3401.0,3401.0,2342.0,1004.0,2376.0,1019.0
0.0,6637.0,3435.0,3347.0,3401.0,3438.0,3438.0,2343.0,1004.0,2404.0,1031.0
0.0,6603.0,3345.0,3346.0,3438.0,3342.0,3342.0,2342.0,1004.0,2342.0,1003.0
0.0,6696.0,3273.0,3343.0,3342.0,3264.0,3264.0,2340.0,1003.0,2290.0,983.0
0.0,6765.0,3300.0,3343.0,3264.0,3300.0,3300.0,2340.0,1003.0,2312.0,988.0
0.0,6729.0,3413.0,3343.0,3300.0,3413.0,3413.0,2340.0,1003.0,2387.0,1026.0
0.0,6616.0,3403.0,3347.0,3413.0,3415.0,3415.0,2343.0,1004.0,2382.0,1021.0
0.0,6626.0,3409.0,3349.0,3415.0,3415.0,3415.0,2344.0,1005.0,2388.0,1021.0
0.0,6632.0,3396.0,3350.0,3415.0,3399.0,3399.0,2345.0,1005.0,2376.0,1020.0
0.0,6651.0,3329.0,3349.0,3399.0,3326.0,3326.0,2344.0,1005.0,2331.0,998.0
0.0,6721.0,3263.0,3346.0,3326.0,3254.0,3254.0,2342.0,1004.0,2282.0,981.0
0.0,6784.0,3283.0,3344.0,3254.0,3277.0,3277.0,2341.0,1003.0,2299.0,984.0
0.0,6755.0,3422.0,3346.0,3277.0,3428.0,3428.0,2342.0,1004.0,2394.0,1028.0
0.0,6610.0,3383.0,3349.0,3428.0,3392.0,3392.0,2344.0,1005.0,2370.0,1013.0
0.0,6655.0,3482.0,3353.0,3392.0,3494.0,3494.0,2347.0,1006.0,2436.0,1046.0
0.0,6565.0,3426.0,3356.0,3494.0,3435.0,3435.0,2349.0,1007.0,2400.0,1026.0
0.0,6633.0,3351.0,3355.0,3435.0,3348.0,3348.0,2348.0,1007.0,2345.0,1006.0
0.0,6717.0,3251.0,3352.0,3348.0,3242.0,3242.0,2346.0,1006.0,2276.0,975.0
0.0,6814.0,3314.0,3351.0,3242.0,3311.0,3311.0,2346.0,1005.0,2320.0,994.0
0.0,6742.0,3329.0,3353.0,3311.0,3335.0,3335.0,2347.0,1006.0,2331.0,998.0
0.0,6724.0,3460.0,3356.0,3335.0,3469.0,3469.0,2349.0,1007.0,2422.0,1038.0
0.0,6599.0,3405.0,3359.0,3469.0,3414.0,3414.0,2351.0,1008.0,2382.0,1023.0
0.0,6663.0,3392.0,3359.0,3414.0,3392.0,3392.0,2351.0,1008.0,2375.0,1017.0
0.0,6685.0,3320.0,3357.0,3392.0,3314.0,3314.0,2350.0,1007.0,2323.0,997.0
0.0,6757.0,3247.0,3354.0,3314.0,3238.0,3238.0,2348.0,1006.0,2273.0,974.0
0.0,6824.0,3299.0,3353.0,3238.0,3296.0,3296.0,2347.0,1006.0,2310.0,989.0
0.0,6763.0,3424.0,3356.0,3296.0,3433.0,3433.0,2349.0,1007.0,2396.0,1028.0
0.0,6635.0,3416.0,3357.0,3433.0,3419.0,3419.0,2350.0,1007.0,2390.0,1026.0
0.0,6652.0,3452.0,3360.0,3419.0,3461.0,3461.0,2352.0,1008.0,2416.0,1036.0
0.0,6619.0,3418.0,3363.0,3461.0,3427.0,3427.0,2354.0,1009.0,2393.0,1025.0
0.0,6662.0,3331.0,3360.0,3427.0,3322.0,3322.0,2352.0,1008.0,2331.0,1000.0
0.0,6758.0,3304.0,3359.0,3322.0,3301.0,3301.0,2351.0,1008.0,2314.0,990.0
0.0,6776.0,3294.0,3357.0,3301.0,3288.0,3288.0,2350.0,1007.0,2305.0,989.0
0.0,6783.0,3397.0,3359.0,3288.0,3403.0,3403.0,2351.0,1008.0,2379.0,1018.0
0.0,6674.0,3514.0,3363.0,3403.0,3526.0,3526.0,2354.0,1009.0,2458.0,1056.0
0.0,6563.0,3408.0,3366.0,3526.0,3417.0,3417.0,2356.0,1010.0,2387.0,1021.0
0.0,6681.0,3403.0,3367.0,3417.0,3406.0,3406.0,2357.0,1010.0,2381.0,1022.0
0.0,6695.0,3331.0,3366.0,3406.0,3328.0,3328.0,2356.0,1010.0,2333.0,998.0
0.0,6770.0,3267.0,3363.0,3328.0,3258.0,3258.0,2354.0,1009.0,2285.0,982.0
0.0,6831.0,3313.0,3363.0,3258.0,3313.0,3313.0,2354.0,1009.0,2321.0,992.0
0.0,6776.0,3365.0,3363.0,3313.0,3365.0,3365.0,2354.0,1009.0,2353.0,1012.0
0.0,6724.0,3409.0,3366.0,3365.0,3418.0,3418.0,2356.0,1010.0,2388.0,1021.0
0.0,6680.0,3471.0,3369.0,3418.0,3480.0,3480.0,2358.0,1011.0,2429.0,1042.0
0.0,6627.0,3396.0,3370.0,3480.0,3399.0,3399.0,2359.0,1011.0,2377.0,1019.0
0.0,6711.0,3347.0,3369.0,3399.0,3344.0,3344.0,2358.0,1011.0,2342.0,1005.0
0.0,6763.0,3261.0,3366.0,3344.0,3252.0,3252.0,2356.0,1010.0,2284.0,977.0
0.0,6846.0,3281.0,3363.0,3252.0,3272.0,3272.0,2354.0,1009.0,2295.0,986.0
0.0,6817.0,3431.0,3366.0,3272.0,3440.0,3440.0,2356.0,1010.0,2403.0,1028.0
0.0,6658.0,3448.0,3369.0,3440.0,3457.0,3457.0,2358.0,1011.0,2412.0,1036.0
0.0,6650.0,3462.0,3372.0,3457.0,3471.0,3471.0,2360.0,1012.0,2424.0,1038.0
0.0,6645.0,3447.0,3373.0,3471.0,3450.0,3450.0,2361.0,1012.0,2413.0,1034.0
0.0,6669.0,3284.0,3369.0,3450.0,3272.0,3272.0,2358.0,1011.0,2299.0,985.0
0.0,6835.0,3332.0,3368.0,3272.0,3329.0,3329.0,2358.0,1010.0,2332.0,1000.0
0.0,6775.0,3294.0,3366.0,3329.0,3288.0,3288.0,2356.0,1010.0,2306.0,988.0
0.0,6810.0,3360.0,3366.0,3288.0,3360.0,3360.0,2356.0,1010.0,2352.0,1008.0
0.0,6738.0,3468.0,3369.0,3360.0,3477.0,3477.0,2358.0,1011.0,2427.0,1041.0
0.0,6630.0,3475.0,3373.0,3477.0,3487.0,3487.0,2361.0,1012.0,2433.0,1042.0
0.0,6632.0,3450.0,3373.0,3487.0,3450.0,3450.0,2361.0,1012.0,2413.0,1037.0
0.0,6669.0,3336.0,3372.0,3450.0,3333.0,3333.0,2360.0,1012.0,2336.0,1000.0
0.0,6783.0,3397.0,3372.0,3333.0,3397.0,3397.0,2360.0,1012.0,2378.0,1019.0
0.0,6719.0,3267.0,3369.0,3397.0,3258.0,3258.0,2358.0,1011.0,2286.0,981.0
0.0,6849.0,3384.0,3370.0,3258.0,3387.0,3387.0,2359.0,1011.0,2369.0,1015.0
0.0,6723.0,3472.0,3374.0,3387.0,3484.0,3484.0,2362.0,1012.0,2431.0,1041.0
0.0,6638.0,3485.0,3379.0,3484.0,3500.0,3500.0,2365.0,1014.0,2439.0,1046.0
0.0,6637.0,3376.0,3377.0,3500.0,3370.0,3370.0,2364.0,1013.0,2363.0,1013.0
0.0,6761.0,3350.0,3377.0,3370.0,3350.0,3350.0,2364.0,1013.0,2345.0,1005.0
0.0,6781.0,3380.0,3375.0,3350.0,3374.0,3374.0,2362.0,1013.0,2366.0,1014.0
0.0,6751.0,3370.0,3374.0,3374.0,3367.0,3367.0,2362.0,1012.0,2359.0,1011.0
0.0,6755.0,3412.0,3375.0,3367.0,3415.0,3415.0,2362.0,1013.0,2389.0,1023.0
0.0,6710.0,3406.0,3378.0,3415.0,3415.0,3415.0,2364.0,1014.0,2383.0,1023.0
0.0,6719.0,3472.0,3381.0,3415.0,3481.0,3481.0,2367.0,1014.0,2430.0,1042.0
0.0,6662.0,3452.0,3383.0,3481.0,3458.0,3458.0,2368.0,1015.0,2416.0,1036.0
0.0,6691.0,3370.0,3382.0,3458.0,3367.0,3367.0,2367.0,1015.0,2360.0,1010.0
0.0,6779.0,3341.0,3380.0,3367.0,3335.0,3335.0,2366.0,1014.0,2338.0,1003.0
0.0,6805.0,3356.0,3380.0,3335.0,3356.0,3356.0,2366.0,1014.0,2349.0,1007.0
0.0,6784.0,3450.0,3382.0,3356.0,3456.0,3456.0,2367.0,1015.0,2416.0,1034.0
0.0,6690.0,3452.0,3386.0,3456.0,3464.0,3464.0,2370.0,1016.0,2417.0,1035.0
0.0,6694.0,3489.0,3390.0,3464.0,3501.0,3501.0,2373.0,1017.0,2442.0,1047.0
0.0,6669.0,3379.0,3389.0,3501.0,3376.0,3376.0,2372.0,1017.0,2365.0,1014.0
0.0,6791.0,3354.0,3387.0,3376.0,3348.0,3348.0,2371.0,1016.0,2347.0,1007.0
0.0,6813.0,3313.0,3385.0,3348.0,3307.0,3307.0,2369.0,1016.0,2319.0,994.0
0.0,6848.0,3346.0,3383.0,3307.0,3340.0,3340.0,2368.0,1015.0,2342.0,1004.0
0.0,6809.0,3352.0,3384.0,3340.0,3355.0,3355.0,2369.0,1015.0,2346.0,1006.0
0.0,6797.0,3481.0,3387.0,3355.0,3490.0,3490.0,2371.0,1016.0,2436.0,1045.0
0.0,6671.0,3445.0,3390.0,3490.0,3454.0,3454.0,2373.0,1017.0,2411.0,1034.0
0.0,6716.0,3379.0,3390.0,3454.0,3379.0,3379.0,2373.0,1017.0,2365.0,1014.0
0.0,6791.0,3388.0,3387.0,3379.0,3379.0,3379.0,2371.0,1016.0,2372.0,1016.0
0.0,6782.0,3379.0,3387.0,3379.0,3379.0,3379.0,2371.0,1016.0,2365.0,1014.0
0.0,6782.0,3340.0,3386.0,3379.0,3337.0,3337.0,2370.0,1016.0,2337.0,1003.0
0.0,6821.0,3472.0,3389.0,3337.0,3481.0,3481.0,2372.0,1017.0,2432.0,1040.0
0.0,6686.0,3449.0,3392.0,3481.0,3458.0,3458.0,2374.0,1018.0,2414.0,1035.0
0.0,6718.0,3464.0,3395.0,3458.0,3473.0,3473.0,2376.0,1019.0,2424.0,1040.0
0.0,6712.0,3465.0,3397.0,3473.0,3471.0,3471.0,2378.0,1019.0,2424.0,1041.0
0.0,6720.0,3347.0,3396.0,3471.0,3344.0,3344.0,2377.0,1019.0,2345.0,1002.0
0.0,6844.0,3336.0,3393.0,3344.0,3327.0,3327.0,2375.0,1018.0,2333.0,1003.0
0.0,6852.0,3325.0,3392.0,3327.0,3322.0,3322.0,2374.0,1018.0,2329.0,996.0
0.0,6854.0,3418.0,3393.0,3322.0,3421.0,3421.0,2375.0,1018.0,2391.0,1027.0
0.0,6758.0,3545.0,3399.0,3421.0,3563.0,3563.0,2379.0,1020.0,2483.0,1062.0
0.0,6634.0,3509.0,3403.0,3563.0,3521.0,3521.0,2382.0,1021.0,2456.0,1053.0
0.0,6688.0,3458.0,3403.0,3521.0,3458.0,3458.0,2382.0,1021.0,2419.0,1039.0
0.0,6751.0,3370.0,3402.0,3458.0,3367.0,3367.0,2381.0,1021.0,2360.0,1010.0
0.0,6839.0,3264.0,3399.0,3367.0,3255.0,3255.0,2379.0,1020.0,2285.0,979.0
0.0,6942.0,3419.0,3397.0,3255.0,3413.0,3413.0,2378.0,1019.0,2392.0,1027.0
0.0,6778.0,3431.0,3400.0,3413.0,3440.0,3440.0,2380.0,1020.0,2401.0,1030.0
0.0,6760.0,3430.0,3403.0,3440.0,3439.0,3439.0,2382.0,1021.0,2402.0,1028.0
0.0,6770.0,3439.0,3405.0,3439.0,3445.0,3445.0,2383.0,1022.0,2407.0,1032.0
0.0,6770.0,3446.0,3407.0,3445.0,3452.0,3452.0,2385.0,1022.0,2413.0,1033.0
0.0,6769.0,3403.0,3406.0,3452.0,3400.0,3400.0,2384.0,1022.0,2381.0,1022.0
0.0,6818.0,3301.0,3402.0,3400.0,3289.0,3289.0,2381.0,1021.0,2311.0,990.0
0.0,6917.0,3409.0,3402.0,3289.0,3409.0,3409.0,2381.0,1021.0,2386.0,1023.0
0.0,6797.0,3446.0,3403.0,3409.0,3449.0,3449.0,2382.0,1021.0,2411.0,1035.0
0.0,6760.0,3533.0,3406.0,3449.0,3542.0,3542.0,2384.0,1022.0,2475.0,1058.0
0.0,6676.0,3567.0,3412.0,3542.0,3585.0,3585.0,2388.0,1024.0,2496.0,1071.0
0.0,6651.0,3480.0,3413.0,3585.0,3483.0,3483.0,2389.0,1024.0,2435.0,1045.0
0.0,6756.0,3376.0,3412.0,3483.0,3373.0,3373.0,2388.0,1024.0,2364.0,1012.0
0.0,6863.0,3341.0,3409.0,3373.0,3332.0,3332.0,2386.0,1023.0,2339.0,1002.0
0.0,6895.0,3419.0,3410.0,3332.0,3422.0,3422.0,2387.0,1023.0,2392.0,1027.0
0.0,6808.0,3437.0,3412.0,3422.0,3443.0,3443.0,2388.0,1024.0,2407.0,1030.0
0.0,6793.0,3441.0,3413.0,3443.0,3444.0,3444.0,2389.0,1024.0,2409.0,1032.0
0.0,6795.0,3509.0,3416.0,3444.0,3518.0,3518.0,2391.0,1025.0,2456.0,1053.0
0.0,6730.0,3480.0,3417.0,3518.0,3483.0,3483.0,2392.0,1025.0,2437.0,1043.0
0.0,6768.0,3400.0,3417.0,3483.0,3400.0,3400.0,2392.0,1025.0,2380.0,1020.0
0.0,6851.0,3407.0,3416.0,3400.0,3404.0,3404.0,2391.0,1025.0,2384.0,1023.0
0.0,6844.0,3397.0,3414.0,3404.0,3391.0,3391.0,2390.0,1024.0,2378.0,1019.0
0.0,6851.0,3460.0,3416.0,3391.0,3466.0,3466.0,2391.0,1025.0,2423.0,1037.0
0.0,6782.0,3452.0,3419.0,3466.0,3461.0,3461.0,2393.0,1026.0,2415.0,1037.0
0.0,6796.0,3505.0,3421.0,3461.0,3511.0,3511.0,2395.0,1026.0,2453.0,1052.0
0.0,6752.0,3532.0,3423.0,3511.0,3538.0,3538.0,2396.0,1027.0,2473.0,1059.0
0.0,6731.0,3373.0,3421.0,3538.0,3367.0,3367.0,2395.0,1026.0,2360.0,1013.0
0.0,6896.0,3334.0,3419.0,3367.0,3328.0,3328.0,2393.0,1026.0,2334.0,1000.0
0.0,6929.0,3409.0,3419.0,3328.0,3409.0,3409.0,2393.0,1026.0,2387.0,1022.0
0.0,6848.0,3431.0,3420.0,3409.0,3434.0,3434.0,2394.0,1026.0,2400.0,1031.0
0.0,6826.0,3486.0,3423.0,3434.0,3495.0,3495.0,2396.0,1027.0,2440.0,1046.0
0.0,6774.0,3505.0,3427.0,3495.0,3517.0,3517.0,2399.0,1028.0,2455.0,1050.0
0.0,6764.0,3516.0,3430.0,3517.0,3525.0,3525.0,2401.0,1029.0,2461.0,1055.0
0.0,6765.0,3440.0,3429.0,3525.0,3437.0,3437.0,2400.0,1029.0,2408.0,1032.0
0.0,6850.0,3370.0,3427.0,3437.0,3364.0,3364.0,2399.0,1028.0,2358.0,1012.0
0.0,6917.0,3360.0,3427.0,3364.0,3360.0,3360.0,2399.0,1028.0,2351.0,1009.0
0.0,6921.0,3438.0,3429.0,3360.0,3444.0,3444.0,2400.0,1029.0,2407.0,1031.0
0.0,6843.0,3572.0,3432.0,3444.0,3581.0,3581.0,2402.0,1030.0,2500.0,1072.0
0.0,6715.0,3502.0,3435.0,3581.0,3511.0,3511.0,2404.0,1031.0,2451.0,1051.0
0.0,6794.0,3509.0,3436.0,3511.0,3512.0,3512.0,2405.0,1031.0,2457.0,1052.0
0.0,6796.0,3469.0,3436.0,3512.0,3469.0,3469.0,2405.0,1031.0,2428.0,1041.0
0.0,6839.0,3382.0,3434.0,3469.0,3376.0,3376.0,2404.0,1030.0,2366.0,1016.0
0.0,6926.0,3323.0,3432.0,3376.0,3317.0,3317.0,2402.0,1030.0,2327.0,996.0
0.0,6979.0,3449.0,3433.0,3317.0,3452.0,3452.0,2403.0,1030.0,2413.0,1036.0
0.0,6847.0,3524.0,3437.0,3452.0,3536.0,3536.0,2406.0,1031.0,2466.0,1058.0
0.0,6775.0,3537.0,3442.0,3536.0,3552.0,3552.0,2409.0,1033.0,2476.0,1061.0
0.0,6774.0,3472.0,3443.0,3552.0,3475.0,3475.0,2410.0,1033.0,2431.0,1041.0
0.0,6854.0,3395.0,3440.0,3475.0,3386.0,3386.0,2408.0,1032.0,2377.0,1018.0
0.0,6934.0,3350.0,3436.0,3386.0,3338.0,3338.0,2405.0,1031.0,2345.0,1005.0
0.0,6970.0,3394.0,3436.0,3338.0,3394.0,3394.0,2405.0,1031.0,2375.0,1019.0
0.0,6914.0,3370.0,3436.0,3394.0,3370.0,3370.0,2405.0,1031.0,2359.0,1011.0
0.0,6938.0,3537.0,3440.0,3370.0,3549.0,3549.0,2408.0,1032.0,2475.0,1062.0
0.0,6771.0,3522.0,3443.0,3549.0,3531.0,3531.0,2410.0,1033.0,2466.0,1056.0
0.0,6798.0,3490.0,3443.0,3531.0,3490.0,3490.0,2410.0,1033.0,2444.0,1046.0
0.0,6839.0,3526.0,3446.0,3490.0,3535.0,3535.0,2412.0,1034.0,2467.0,1059.0
0.0,6803.0,3367.0,3444.0,3535.0,3361.0,3361.0,2411.0,1033.0,2356.0,1011.0
0.0,6971.0,3437.0,3444.0,3361.0,3437.0,3437.0,2411.0,1033.0,2406.0,1031.0
0.0,6895.0,3390.0,3443.0,3437.0,3387.0,3387.0,2410.0,1033.0,2373.0,1017.0
0.0,6942.0,3529.0,3449.0,3387.0,3547.0,3547.0,2414.0,1035.0,2471.0,1058.0
0.0,6800.0,3486.0,3450.0,3547.0,3489.0,3489.0,2415.0,1035.0,2441.0,1045.0
0.0,6861.0,3558.0,3452.0,3489.0,3564.0,3564.0,2416.0,1036.0,2489.0,1069.0
0.0,6792.0,3428.0,3450.0,3564.0,3422.0,3422.0,2415.0,1035.0,2401.0,1027.0
0.0,6928.0,3401.0,3446.0,3422.0,3389.0,3389.0,2412.0,1034.0,2381.0,1020.0
0.0,6949.0,3404.0,3445.0,3389.0,3401.0,3401.0,2411.0,1034.0,2382.0,1022.0
0.0,6934.0,3476.0,3447.0,3401.0,3482.0,3482.0,2413.0,1034.0,2432.0,1044.0
0.0,6859.0,3506.0,3450.0,3482.0,3515.0,3515.0,2415.0,1035.0,2456.0,1050.0
0.0,6835.0,3588.0,3453.0,3515.0,3597.0,3597.0,2417.0,1036.0,2512.0,1076.0
0.0,6762.0,3518.0,3455.0,3597.0,3524.0,3524.0,2418.0,1037.0,2461.0,1057.0
0.0,6841.0,3543.0,3457.0,3524.0,3549.0,3549.0,2420.0,1037.0,2481.0,1062.0
0.0,6822.0,3450.0,3456.0,3549.0,3447.0,3447.0,2419.0,1037.0,2414.0,1036.0
0.0,6921.0,3435.0,3455.0,3447.0,3432.0,3432.0,2418.0,1037.0,2404.0,1031.0
0.0,6933.0,3511.0,3457.0,3432.0,3517.0,3517.0,2420.0,1037.0,2456.0,1055.0
0.0,6854.0,3561.0,3460.0,3517.0,3570.0,3570.0,2422.0,1038.0,2494.0,1067.0
0.0,6810.0,3523.0,3463.0,3570.0,3532.0,3532.0,2424.0,1039.0,2466.0,1057.0
0.0,6857.0,3487.0,3463.0,3532.0,3487.0,3487.0,2424.0,1039.0,2441.0,1046.0
0.0,6902.0,3461.0,3463.0,3487.0,3461.0,3461.0,2424.0,1039.0,2423.0,1038.0
0.0,6928.0,3396.0,3461.0,3461.0,3390.0,3390.0,2423.0,1038.0,2376.0,1020.0
0.0,6993.0,3437.0,3459.0,3390.0,3431.0,3431.0,2421.0,1038.0,2407.0,1030.0
0.0,6946.0,3459.0,3460.0,3431.0,3462.0,3462.0,2422.0,1038.0,2420.0,1039.0
0.0,6918.0,3541.0,3465.0,3462.0,3556.0,3556.0,2425.0,1040.0,2478.0,1063.0
0.0,6839.0,3586.0,3469.0,3556.0,3598.0,3598.0,2428.0,1041.0,2511.0,1075.0
0.0,6809.0,3517.0,3470.0,3598.0,3520.0,3520.0,2429.0,1041.0,2463.0,1054.0
0.0,6890.0,3519.0,3470.0,3520.0,3519.0,3519.0,2429.0,1041.0,2463.0,1056.0
0.0,6891.0,3412.0,3469.0,3519.0,3409.0,3409.0,2428.0,1041.0,2387.0,1025.0
0.0,6998.0,3413.0,3467.0,3409.0,3407.0,3407.0,2427.0,1040.0,2388.0,1025.0
0.0,6994.0,3473.0,3467.0,3407.0,3473.0,3473.0,2427.0,1040.0,2431.0,1042.0
0.0,6928.0,3499.0,3470.0,3473.0,3508.0,3508.0,2429.0,1041.0,2451.0,1048.0
0.0,6902.0,3592.0,3474.0,3508.0,3604.0,3604.0,2432.0,1042.0,2513.0,1079.0
0.0,6818.0,3471.0,3475.0,3604.0,3474.0,3474.0,2432.0,1043.0,2430.0,1041.0
0.0,6951.0,3456.0,3473.0,3474.0,3450.0,3450.0,2431.0,1042.0,2420.0,1036.0
0.0,6969.0,3419.0,3471.0,3450.0,3413.0,3413.0,2430.0,1041.0,2392.0,1027.0
0.0,7000.0,3423.0,3469.0,3413.0,3417.0,3417.0,2428.0,1041.0,2397.0,1026.0
0.0,6990.0,3535.0,3470.0,3417.0,3538.0,3538.0,2429.0,1041.0,2473.0,1062.0
0.0,6872.0,3512.0,3473.0,3538.0,3521.0,3521.0,2431.0,1042.0,2460.0,1052.0
0.0,6898.0,3615.0,3479.0,3521.0,3633.0,3633.0,2435.0,1044.0,2529.0,1086.0
0.0,6804.0,3456.0,3479.0,3633.0,3456.0,3456.0,2435.0,1044.0,2419.0,1037.0
0.0,6981.0,3533.0,3479.0,3456.0,3533.0,3533.0,2435.0,1044.0,2474.0,1059.0
0.0,6904.0,3414.0,3477.0,3533.0,3408.0,3408.0,2434.0,1043.0,2388.0,1026.0
0.0,7023.0,3427.0,3476.0,3408.0,3424.0,3424.0,2433.0,1043.0,2401.0,1026.0
0.0,7004.0,3407.0,3476.0,3424.0,3407.0,3407.0,2433.0,1043.0,2385.0,1022.0
0.0,7021.0,3496.0,3479.0,3407.0,3505.0,3505.0,2435.0,1044.0,2446.0,1050.0
0.0,6932.0,3572.0,3483.0,3505.0,3584.0,3584.0,2438.0,1045.0,2501.0,1071.0
0.0,6865.0,3538.0,3486.0,3584.0,3547.0,3547.0,2440.0,1046.0,2476.0,1062.0
0.0,6911.0,3479.0,3484.0,3547.0,3473.0,3473.0,2439.0,1045.0,2434.0,1045.0
0.0,6979.0,3433.0,3483.0,3473.0,3430.0,3430.0,2438.0,1045.0,2404.0,1029.0
0.0,7019.0,3377.0,3480.0,3430.0,3368.0,3368.0,2436.0,1044.0,2363.0,1014.0
0.0,7072.0,3470.0,3480.0,3368.0,3470.0,3470.0,2436.0,1044.0,2430.0,1040.0
0.0,6970.0,3601.0,3484.0,3470.0,3613.0,3613.0,2439.0,1045.0,2519.0,1082.0
0.0,6839.0,3523.0,3486.0,3613.0,3529.0,3529.0,2440.0,1046.0,2467.0,1056.0
0.0,6929.0,3499.0,3487.0,3529.0,3502.0,3502.0,2441.0,1046.0,2449.0,1050.0
0.0,6959.0,3448.0,3486.0,3502.0,3445.0,3445.0,2440.0,1046.0,2415.0,1033.0
0.0,7013.0,3419.0,3485.0,3445.0,3416.0,3416.0,2439.0,1046.0,2392.0,1027.0
0.0,7039.0,3461.0,3483.0,3416.0,3455.0,3455.0,2438.0,1045.0,2424.0,1037.0
0.0,6994.0,3535.0,3485.0,3455.0,3541.0,3541.0,2439.0,1046.0,2473.0,1062.0
0.0,6914.0,3538.0,3487.0,3541.0,3544.0,3544.0,2441.0,1046.0,2476.0,1062.0
0.0,6917.0,3573.0,3491.0,3544.0,3585.0,3585.0,2444.0,1047.0,2501.0,1072.0
0.0,6888.0,3522.0,3492.0,3585.0,3525.0,3525.0,2444.0,1048.0,2465.0,1057.0
0.0,6951.0,3460.0,3491.0,3525.0,3457.0,3457.0,2444.0,1047.0,2422.0,1038.0
0.0,7016.0,3440.0,3489.0,3457.0,3434.0,3434.0,2442.0,1047.0,2408.0,1032.0
0.0,7033.0,3492.0,3487.0,3434.0,3486.0,3486.0,2441.0,1046.0,2444.0,1048.0
0.0,6975.0,3524.0,3487.0,3486.0,3524.0,3524.0,2441.0,1046.0,2467.0,1057.0
0.0,6937.0,3539.0,3489.0,3524.0,3545.0,3545.0,2442.0,1047.0,2478.0,1061.0
0.0,6922.0,3579.0,3492.0,3545.0,3588.0,3588.0,2444.0,1048.0,2505.0,1074.0
0.0,6888.0,3447.0,3490.0,3588.0,3441.0,3441.0,2443.0,1047.0,2412.0,1035.0
0.0,7029.0,3453.0,3489.0,3441.0,3450.0,3450.0,2442.0,1047.0,2418.0,1035.0
0.0,7017.0,3448.0,3487.0,3450.0,3442.0,3442.0,2441.0,1046.0,2413.0,1035.0
0.0,7019.0,3393.0,3486.0,3442.0,3390.0,3390.0,2440.0,1046.0,2376.0,1017.0
0.0,7068.0,3514.0,3486.0,3390.0,3514.0,3514.0,2440.0,1046.0,2458.0,1056.0
0.0,6944.0,3643.0,3491.0,3514.0,3658.0,3658.0,2444.0,1047.0,2551.0,1092.0
0.0,6815.0,3549.0,3493.0,3658.0,3555.0,3555.0,2445.0,1048.0,2486.0,1063.0
0.0,6924.0,3492.0,3494.0,3555.0,3495.0,3495.0,2446.0,1048.0,2442.0,1050.0
0.0,6987.0,3520.0,3493.0,3495.0,3517.0,3517.0,2445.0,1048.0,2464.0,1056.0
0.0,6962.0,3411.0,3490.0,3517.0,3402.0,3402.0,2443.0,1047.0,2388.0,1023.0
0.0,7068.0,3440.0,3489.0,3402.0,3437.0,3437.0,2442.0,1047.0,2409.0,1031.0
0.0,7030.0,3514.0,3489.0,3437.0,3514.0,3514.0,2442.0,1047.0,2460.0,1054.0
0.0,6953.0,3574.0,3492.0,3514.0,3583.0,3583.0,2444.0,1048.0,2501.0,1073.0
0.0,6893.0,3599.0,3496.0,3583.0,3611.0,3611.0,2447.0,1049.0,2519.0,1080.0
0.0,6877.0,3588.0,3497.0,3611.0,3591.0,3591.0,2448.0,1049.0,2511.0,1077.0
0.0,6900.0,3573.0,3499.0,3591.0,3579.0,3579.0,2449.0,1050.0,2502.0,1071.0
0.0,6918.0,3506.0,3497.0,3579.0,3500.0,3500.0,2448.0,1049.0,2453.0,1053.0
0.0,6991.0,3427.0,3496.0,3500.0,3424.0,3424.0,2447.0,1049.0,2398.0,1029.0
0.0,7064.0,3513.0,3497.0,3424.0,3516.0,3516.0,2448.0,1049.0,2460.0,1053.0
0.0,6975.0,3576.0,3500.0,3516.0,3585.0,3585.0,2450.0,1050.0,2503.0,1073.0
0.0,6915.0,3651.0,3505.0,3585.0,3666.0,3666.0,2453.0,1052.0,2556.0,1095.0
0.0,6849.0,3594.0,3506.0,3666.0,3597.0,3597.0,2454.0,1052.0,2517.0,1077.0
0.0,6921.0,3480.0,3506.0,3597.0,3480.0,3480.0,2454.0,1052.0,2435.0,1045.0
0.0,7038.0,3473.0,3503.0,3480.0,3464.0,3464.0,2452.0,1051.0,2432.0,1041.0
0.0,7045.0,3459.0,3503.0,3464.0,3459.0,3459.0,2452.0,1051.0,2421.0,1038.0
0.0,7050.0,3583.0,3503.0,3459.0,3583.0,3583.0,2452.0,1051.0,2506.0,1077.0
0.0,6926.0,3644.0,3508.0,3583.0,3659.0,3659.0,2456.0,1052.0,2551.0,1093.0
0.0,6865.0,3599.0,3512.0,3659.0,3611.0,3611.0,2458.0,1054.0,2519.0,1080.0
0.0,6925.0,3531.0,3513.0,3611.0,3534.0,3534.0,2459.0,1054.0,2471.0,1060.0
0.0,7005.0,3480.0,3513.0,3534.0,3480.0,3480.0,2459.0,1054.0,2436.0,1044.0
0.0,7059.0,3446.0,3511.0,3480.0,3440.0,3440.0,2458.0,1053.0,2412.0,1034.0
0.0,7093.0,3479.0,3510.0,3440.0,3476.0,3476.0,2457.0,1053.0,2435.0,1044.0
0.0,7054.0,3515.0,3510.0,3476.0,3515.0,3515.0,2457.0,1053.0,2460.0,1055.0
0.0,7015.0,3583.0,3513.0,3515.0,3592.0,3592.0,2459.0,1054.0,2508.0,1075.0
0.0,6947.0,3598.0,3517.0,3592.0,3610.0,3610.0,2462.0,1055.0,2519.0,1079.0
0.0,6941.0,3592.0,3520.0,3610.0,3601.0,3601.0,2464.0,1056.0,2515.0,1077.0
0.0,6959.0,3493.0,3517.0,3601.0,3484.0,3484.0,2462.0,1055.0,2444.0,1049.0
0.0,7067.0,3484.0,3517.0,3484.0,3484.0,3484.0,2462.0,1055.0,2439.0,1045.0
0.0,7067.0,3510.0,3517.0,3484.0,3510.0,3510.0,2462.0,1055.0,2457.0,1053.0
0.0,7041.0,3546.0,3519.0,3510.0,3552.0,3552.0,2463.0,1056.0,2483.0,1063.0
0.0,7005.0,3651.0,3523.0,3552.0,3663.0,3663.0,2466.0,1057.0,2554.0,1097.0
0.0,6906.0,3543.0,3526.0,3663.0,3552.0,3552.0,2468.0,1058.0,2481.0,1062.0
0.0,7026.0,3585.0,3526.0,3552.0,3585.0,3585.0,2468.0,1058.0,2510.0,1075.0
0.0,6993.0,3526.0,3526.0,3585.0,3526.0,3526.0,2468.0,1058.0,2468.0,1058.0
0.0,7052.0,3458.0,3524.0,3526.0,3452.0,3452.0,2467.0,1057.0,2419.0,1039.0
0.0,7120.0,3398.0,3522.0,3452.0,3392.0,3392.0,2465.0,1057.0,2380.0,1018.0
0.0,7174.0,3532.0,3523.0,3392.0,3535.0,3535.0,2466.0,1057.0,2473.0,1059.0
0.0,7034.0,3651.0,3527.0,3535.0,3663.0,3663.0,2469.0,1058.0,2553.0,1098.0
0.0,6918.0,3639.0,3530.0,3663.0,3648.0,3648.0,2471.0,1059.0,2549.0,1090.0
0.0,6942.0,3555.0,3530.0,3648.0,3555.0,3555.0,2471.0,1059.0,2488.0,1067.0
0.0,7035.0,3513.0,3530.0,3555.0,3513.0,3513.0,2471.0,1059.0,2459.0,1054.0
0.0,7077.0,3430.0,3527.0,3513.0,3421.0,3421.0,2469.0,1058.0,2399.0,1031.0
0.0,7160.0,3497.0,3527.0,3421.0,3497.0,3497.0,2469.0,1058.0,2449.0,1048.0
0.0,7084.0,3626.0,3532.0,3497.0,3641.0,3641.0,2472.0,1060.0,2538.0,1088.0
0.0,6955.0,3629.0,3535.0,3641.0,3638.0,3638.0,2474.0,1061.0,2540.0,1089.0
0.0,6967.0,3609.0,3539.0,3638.0,3621.0,3621.0,2477.0,1062.0,2527.0,1082.0
0.0,6996.0,3589.0,3540.0,3621.0,3592.0,3592.0,2478.0,1062.0,2513.0,1076.0
0.0,7028.0,3501.0,3537.0,3592.0,3492.0,3492.0,2476.0,1061.0,2449.0,1052.0
0.0,7119.0,3458.0,3536.0,3492.0,3455.0,3455.0,2475.0,1061.0,2422.0,1036.0
0.0,7153.0,3484.0,3536.0,3455.0,3484.0,3484.0,2475.0,1061.0,2439.0,1045.0
0.0,7124.0,3546.0,3536.0,3484.0,3546.0,3546.0,2475.0,1061.0,2483.0,1063.0
0.0,7062.0,3608.0,3540.0,3546.0,3620.0,3620.0,2478.0,1062.0,2525.0,1083.0
0.0,7000.0,3563.0,3543.0,3620.0,3572.0,3572.0,2480.0,1063.0,2493.0,1070.0
0.0,7057.0,3587.0,3543.0,3572.0,3587.0,3587.0,2480.0,1063.0,2512.0,1075.0
0.0,7042.0,3563.0,3543.0,3587.0,3563.0,3563.0,2480.0,1063.0,2494.0,1069.0
0.0,7066.0,3479.0,3541.0,3563.0,3473.0,3473.0,2479.0,1062.0,2434.0,1045.0
0.0,7150.0,3517.0,3540.0,3473.0,3514.0,3514.0,2478.0,1062.0,2463.0,1054.0
0.0,7106.0,3570.0,3540.0,3514.0,3570.0,3570.0,2478.0,1062.0,2499.0,1071.0
0.0,7050.0,3598.0,3542.0,3570.0,3604.0,3604.0,2479.0,1063.0,2517.0,1081.0
0.0,7022.0,3668.0,3546.0,3604.0,3680.0,3680.0,2482.0,1064.0,2568.0,1100.0
0.0,6958.0,3556.0,3547.0,3680.0,3559.0,3559.0,2483.0,1064.0,2490.0,1066.0
0.0,7082.0,3531.0,3546.0,3559.0,3528.0,3528.0,2482.0,1064.0,2471.0,1060.0
0.0,7110.0,3544.0,3544.0,3528.0,3538.0,3538.0,2481.0,1063.0,2480.0,1064.0
0.0,7094.0,3463.0,3542.0,3538.0,3457.0,3457.0,2479.0,1063.0,2425.0,1038.0
0.0,7169.0,3566.0,3543.0,3457.0,3569.0,3569.0,2480.0,1063.0,2497.0,1069.0
0.0,7060.0,3589.0,3546.0,3569.0,3598.0,3598.0,2482.0,1064.0,2511.0,1078.0
0.0,7040.0,3671.0,3550.0,3598.0,3683.0,3683.0,2485.0,1065.0,2570.0,1101.0
0.0,6967.0,3617.0,3550.0,3683.0,3617.0,3617.0,2485.0,1065.0,2532.0,1085.0
0.0,7033.0,3490.0,3547.0,3617.0,3481.0,3481.0,2483.0,1064.0,2441.0,1049.0
0.0,7160.0,3526.0,3546.0,3481.0,3523.0,3523.0,2482.0,1064.0,2470.0,1056.0
0.0,7115.0,3479.0,3545.0,3523.0,3476.0,3476.0,2481.0,1064.0,2434.0,1045.0
0.0,7159.0,3540.0,3546.0,3476.0,3543.0,3543.0,2482.0,1064.0,2479.0,1061.0
0.0,7095.0,3646.0,3550.0,3543.0,3658.0,3658.0,2485.0,1065.0,2552.0,1094.0
0.0,6992.0,3612.0,3553.0,3658.0,3621.0,3621.0,2487.0,1066.0,2528.0,1084.0
0.0,7038.0,3596.0,3554.0,3621.0,3599.0,3599.0,2488.0,1066.0,2516.0,1080.0
0.0,7063.0,3538.0,3553.0,3599.0,3535.0,3535.0,2487.0,1066.0,2479.0,1059.0
0.0,7124.0,3477.0,3550.0,3535.0,3468.0,3468.0,2485.0,1065.0,2432.0,1045.0
0.0,7182.0,3597.0,3551.0,3468.0,3600.0,3600.0,2486.0,1065.0,2518.0,1079.0
0.0,7053.0,3545.0,3552.0,3600.0,3548.0,3548.0,2486.0,1066.0,2482.0,1063.0
0.0,7108.0,3643.0,3555.0,3548.0,3652.0,3652.0,2488.0,1067.0,2550.0,1093.0
0.0,7013.0,3648.0,3557.0,3652.0,3654.0,3654.0,2490.0,1067.0,2553.0,1095.0
0.0,7017.0,3636.0,3559.0,3654.0,3642.0,3642.0,2491.0,1068.0,2546.0,1090.0
0.0,7035.0,3524.0,3557.0,3642.0,3518.0,3518.0,2490.0,1067.0,2465.0,1059.0
0.0,7153.0,3519.0,3556.0,3518.0,3516.0,3516.0,2489.0,1067.0,2465.0,1054.0
0.0,7152.0,3563.0,3556.0,3516.0,3563.0,3563.0,2489.0,1067.0,2494.0,1069.0
0.0,7105.0,3590.0,3557.0,3563.0,3593.0,3593.0,2490.0,1067.0,2512.0,1078.0
0.0,7078.0,3597.0,3560.0,3593.0,3606.0,3606.0,2492.0,1068.0,2519.0,1078.0
0.0,7074.0,3670.0,3565.0,3606.0,3685.0,3685.0,2495.0,1070.0,2568.0,1102.0
0.0,7010.0,3497.0,3564.0,3685.0,3494.0,3494.0,2495.0,1069.0,2447.0,1050.0
0.0,7198.0,3487.0,3561.0,3494.0,3478.0,3478.0,2493.0,1068.0,2441.0,1046.0
0.0,7205.0,3470.0,3559.0,3478.0,3464.0,3464.0,2491.0,1068.0,2429.0,1041.0
0.0,7213.0,3461.0,3556.0,3464.0,3452.0,3452.0,2489.0,1067.0,2424.0,1037.0
0.0,7216.0,3543.0,3557.0,3452.0,3546.0,3546.0,2490.0,1067.0,2479.0,1064.0
0.0,7125.0,3568.0,3560.0,3546.0,3577.0,3577.0,2492.0,1068.0,2498.0,1070.0
0.0,7103.0,3696.0,3563.0,3577.0,3705.0,3705.0,2494.0,1069.0,2588.0,1108.0
0.0,6984.0,3573.0,3563.0,3705.0,3573.0,3573.0,2494.0,1069.0,2500.0,1073.0
0.0,7116.0,3593.0,3562.0,3573.0,3590.0,3590.0,2493.0,1069.0,2515.0,1078.0
0.0,7096.0,3453.0,3559.0,3590.0,3444.0,3444.0,2491.0,1068.0,2417.0,1036.0
0.0,7233.0,3501.0,3557.0,3444.0,3495.0,3495.0,2490.0,1067.0,2450.0,1051.0
0.0,7176.0,3596.0,3559.0,3495.0,3602.0,3602.0,2491.0,1068.0,2518.0,1078.0
0.0,7075.0,3628.0,3562.0,3602.0,3637.0,3637.0,2493.0,1069.0,2539.0,1089.0
0.0,7049.0,3662.0,3566.0,3637.0,3674.0,3674.0,2496.0,1070.0,2563.0,1099.0
0.0,7024.0,3678.0,3567.0,3674.0,3681.0,3681.0,2497.0,1070.0,2574.0,1104.0
0.0,7020.0,3504.0,3566.0,3681.0,3501.0,3501.0,2496.0,1070.0,2454.0,1050.0
0.0,7197.0,3512.0,3565.0,3501.0,3509.0,3509.0,2495.0,1070.0,2457.0,1055.0
0.0,7186.0,3509.0,3563.0,3509.0,3503.0,3503.0,2494.0,1069.0,2455.0,1054.0
0.0,7186.0,3606.0,3564.0,3503.0,3609.0,3609.0,2495.0,1069.0,2525.0,1081.0
0.0,7083.0,3680.0,3569.0,3609.0,3695.0,3695.0,2498.0,1071.0,2576.0,1104.0
0.0,7012.0,3631.0,3570.0,3695.0,3634.0,3634.0,2499.0,1071.0,2541.0,1090.0
0.0,7076.0,3625.0,3572.0,3634.0,3631.0,3631.0,2500.0,1072.0,2538.0,1087.0
0.0,7085.0,3559.0,3570.0,3631.0,3553.0,3553.0,2499.0,1071.0,2490.0,1069.0
0.0,7157.0,3503.0,3567.0,3553.0,3494.0,3494.0,2497.0,1070.0,2452.0,1051.0
0.0,7207.0,3566.0,3567.0,3494.0,3566.0,3566.0,2497.0,1070.0,2496.0,1070.0
0.0,7135.0,3595.0,3569.0,3566.0,3601.0,3601.0,2498.0,1071.0,2517.0,1078.0
0.0,7106.0,3668.0,3572.0,3601.0,3677.0,3677.0,2500.0,1072.0,2567.0,1101.0
0.0,7039.0,3643.0,3575.0,3677.0,3652.0,3652.0,2502.0,1073.0,2550.0,1093.0
0.0,7073.0,3606.0,3576.0,3652.0,3609.0,3609.0,2503.0,1073.0,2524.0,1082.0
0.0,7119.0,3582.0,3576.0,3609.0,3582.0,3582.0,2503.0,1073.0,2507.0,1075.0
0.0,7146.0,3556.0,3573.0,3582.0,3547.0,3547.0,2501.0,1072.0,2488.0,1068.0
0.0,7172.0,3566.0,3572.0,3547.0,3563.0,3563.0,2500.0,1072.0,2497.0,1069.0
0.0,7153.0,3589.0,3574.0,3563.0,3595.0,3595.0,2502.0,1072.0,2512.0,1077.0
0.0,7127.0,3632.0,3576.0,3595.0,3638.0,3638.0,2503.0,1073.0,2543.0,1089.0
0.0,7090.0,3638.0,3579.0,3638.0,3647.0,3647.0,2505.0,1074.0,2546.0,1092.0
0.0,7090.0,3623.0,3580.0,3647.0,3626.0,3626.0,2506.0,1074.0,2535.0,1088.0
0.0,7114.0,3591.0,3580.0,3626.0,3591.0,3591.0,2506.0,1074.0,2513.0,1078.0
0.0,7149.0,3488.0,3577.0,3591.0,3479.0,3479.0,2504.0,1073.0,2443.0,1045.0
0.0,7252.0,3570.0,3577.0,3479.0,3570.0,3570.0,2504.0,1073.0,2499.0,1071.0
0.0,7161.0,3589.0,3578.0,3570.0,3592.0,3592.0,2504.0,1074.0,2512.0,1077.0
0.0,7142.0,3649.0,3581.0,3592.0,3658.0,3658.0,2507.0,1074.0,2554.0,1095.0
0.0,7085.0,3610.0,3582.0,3658.0,3613.0,3613.0,2507.0,1075.0,2528.0,1082.0
0.0,7133.0,3572.0,3582.0,3613.0,3572.0,3572.0,2507.0,1075.0,2500.0,1072.0
0.0,7174.0,3589.0,3580.0,3572.0,3583.0,3583.0,2506.0,1074.0,2511.0,1078.0
0.0,7157.0,3514.0,3579.0,3583.0,3511.0,3511.0,2505.0,1074.0,2461.0,1053.0
0.0,7226.0,3520.0,3576.0,3511.0,3511.0,3511.0,2503.0,1073.0,2462.0,1058.0
0.0,7217.0,3512.0,3576.0,3511.0,3512.0,3512.0,2503.0,1073.0,2458.0,1054.0
0.0,7216.0,3666.0,3579.0,3512.0,3675.0,3675.0,2505.0,1074.0,2568.0,1098.0
0.0,7062.0,3679.0,3580.0,3675.0,3682.0,3682.0,2506.0,1074.0,2574.0,1105.0
0.0,7058.0,3692.0,3583.0,3682.0,3701.0,3701.0,2508.0,1075.0,2584.0,1108.0
0.0,7048.0,3636.0,3583.0,3701.0,3636.0,3636.0,2508.0,1075.0,2545.0,1091.0
0.0,7113.0,3553.0,3582.0,3636.0,3550.0,3550.0,2507.0,1075.0,2488.0,1065.0
0.0,7196.0,3522.0,3582.0,3550.0,3522.0,3522.0,2507.0,1075.0,2465.0,1057.0
0.0,7224.0,3576.0,3583.0,3522.0,3579.0,3579.0,2508.0,1075.0,2502.0,1074.0
0.0,7170.0,3675.0,3587.0,3579.0,3687.0,3687.0,2511.0,1076.0,2573.0,1102.0
0.0,7074.0,3758.0,3593.0,3687.0,3776.0,3776.0,2515.0,1078.0,2632.0,1126.0
0.0,7003.0,3656.0,3596.0,3776.0,3665.0,3665.0,2517.0,1079.0,2558.0,1098.0
0.0,7123.0,3614.0,3596.0,3665.0,3614.0,3614.0,2517.0,1079.0,2531.0,1083.0
0.0,7174.0,3499.0,3593.0,3614.0,3490.0,3490.0,2515.0,1078.0,2449.0,1050.0
0.0,7289.0,3606.0,3593.0,3490.0,3606.0,3606.0,2515.0,1078.0,2523.0,1083.0
0.0,7173.0,3606.0,3593.0,3606.0,3606.0,3606.0,2515.0,1078.0,2524.0,1082.0
0.0,7173.0,3682.0,3597.0,3606.0,3694.0,3694.0,2518.0,1079.0,2578.0,1104.0
0.0,7097.0,3688.0,3602.0,3694.0,3703.0,3703.0,2521.0,1081.0,2581.0,1107.0
0.0,7103.0,3586.0,3602.0,3703.0,3586.0,3586.0,2521.0,1081.0,2510.0,1076.0
0.0,7220.0,3626.0,3601.0,3586.0,3623.0,3623.0,2521.0,1080.0,2538.0,1088.0
0.0,7180.0,3607.0,3600.0,3623.0,3604.0,3604.0,2520.0,1080.0,2524.0,1083.0
0.0,7196.0,3540.0,3597.0,3604.0,3531.0,3531.0,2518.0,1079.0,2479.0,1061.0
0.0,7260.0,3608.0,3599.0,3531.0,3614.0,3614.0,2519.0,1080.0,2526.0,1082.0
0.0,7183.0,3672.0,3603.0,3614.0,3684.0,3684.0,2522.0,1081.0,2570.0,1102.0
0.0,7125.0,3728.0,3607.0,3684.0,3740.0,3740.0,2525.0,1082.0,2610.0,1118.0
0.0,7081.0,3627.0,3607.0,3740.0,3627.0,3627.0,2525.0,1082.0,2537.0,1090.0
0.0,7194.0,3617.0,3606.0,3627.0,3614.0,3614.0,2524.0,1082.0,2533.0,1084.0
0.0,7204.0,3528.0,3604.0,3614.0,3522.0,3522.0,2523.0,1081.0,2469.0,1059.0
0.0,7290.0,3543.0,3602.0,3522.0,3537.0,3537.0,2521.0,1081.0,2481.0,1062.0
0.0,7269.0,3605.0,3603.0,3537.0,3608.0,3608.0,2522.0,1081.0,2522.0,1083.0
0.0,7201.0,3666.0,3606.0,3608.0,3675.0,3675.0,2524.0,1082.0,2568.0,1098.0
0.0,7143.0,3665.0,3609.0,3675.0,3674.0,3674.0,2526.0,1083.0,2564.0,1101.0
0.0,7153.0,3614.0,3609.0,3674.0,3614.0,3614.0,2526.0,1083.0,2530.0,1084.0
0.0,7213.0,3570.0,3607.0,3614.0,3564.0,3564.0,2525.0,1082.0,2498.0,1072.0
0.0,7257.0,3571.0,3606.0,3564.0,3568.0,3568.0,2524.0,1082.0,2501.0,1070.0
0.0,7250.0,3658.0,3606.0,3568.0,3658.0,3658.0,2524.0,1082.0,2561.0,1097.0
0.0,7160.0,3573.0,3606.0,3658.0,3573.0,3573.0,2524.0,1082.0,2501.0,1072.0
0.0,7245.0,3608.0,3607.0,3573.0,3611.0,3611.0,2525.0,1082.0,2524.0,1084.0
0.0,7210.0,3687.0,3610.0,3611.0,3696.0,3696.0,2527.0,1083.0,2582.0,1105.0
0.0,7134.0,3731.0,3612.0,3696.0,3737.0,3737.0,2528.0,1084.0,2611.0,1120.0
0.0,7099.0,3573.0,3611.0,3737.0,3570.0,3570.0,2528.0,1083.0,2500.0,1073.0
0.0,7263.0,3577.0,3610.0,3570.0,3574.0,3574.0,2527.0,1083.0,2504.0,1073.0
0.0,7256.0,3574.0,3609.0,3574.0,3571.0,3571.0,2526.0,1083.0,2503.0,1071.0
0.0,7256.0,3609.0,3609.0,3571.0,3609.0,3609.0,2526.0,1083.0,2526.0,1083.0
0.0,7218.0,3706.0,3613.0,3609.0,3718.0,3718.0,2529.0,1084.0,2593.0,1113.0
0.0,7121.0,3662.0,3616.0,3718.0,3671.0,3671.0,2531.0,1085.0,2564.0,1098.0
0.0,7177.0,3695.0,3617.0,3671.0,3698.0,3698.0,2532.0,1085.0,2585.0,1110.0
0.0,7153.0,3614.0,3617.0,3698.0,3614.0,3614.0,2532.0,1085.0,2532.0,1082.0
0.0,7237.0,3627.0,3617.0,3614.0,3627.0,3627.0,2532.0,1085.0,2537.0,1090.0
0.0,7224.0,3574.0,3617.0,3627.0,3574.0,3574.0,2532.0,1085.0,2502.0,1072.0
0.0,7277.0,3646.0,3619.0,3574.0,3652.0,3652.0,2533.0,1086.0,2553.0,1093.0
0.0,7205.0,3718.0,3622.0,3652.0,3727.0,3727.0,2535.0,1087.0,2603.0,1115.0
0.0,7139.0,3746.0,3626.0,3727.0,3758.0,3758.0,2538.0,1088.0,2622.0,1124.0
0.0,7120.0,3691.0,3630.0,3758.0,3703.0,3703.0,2541.0,1089.0,2584.0,1107.0
0.0,7187.0,3560.0,3627.0,3703.0,3551.0,3551.0,2539.0,1088.0,2490.0,1070.0
0.0,7330.0,3614.0,3626.0,3551.0,3611.0,3611.0,2538.0,1088.0,2532.0,1082.0
0.0,7267.0,3566.0,3624.0,3611.0,3560.0,3560.0,2537.0,1087.0,2494.0,1072.0
0.0,7312.0,3640.0,3624.0,3560.0,3640.0,3640.0,2537.0,1087.0,2548.0,1092.0
0.0,7232.0,3702.0,3627.0,3640.0,3711.0,3711.0,2539.0,1088.0,2593.0,1109.0
0.0,7170.0,3745.0,3632.0,3711.0,3760.0,3760.0,2542.0,1090.0,2620.0,1125.0
0.0,7136.0,3660.0,3633.0,3760.0,3663.0,3663.0,2543.0,1090.0,2563.0,1097.0
0.0,7236.0,3579.0,3631.0,3663.0,3573.0,3573.0,2542.0,1089.0,2504.0,1075.0
0.0,7320.0,3573.0,3627.0,3573.0,3561.0,3561.0,2539.0,1088.0,2501.0,1072.0
0.0,7320.0,3565.0,3626.0,3561.0,3562.0,3562.0,2538.0,1088.0,2497.0,1068.0
0.0,7316.0,3683.0,3627.0,3562.0,3686.0,3686.0,2539.0,1088.0,2577.0,1106.0
0.0,7195.0,3698.0,3631.0,3686.0,3710.0,3710.0,2542.0,1089.0,2588.0,1110.0
0.0,7183.0,3752.0,3634.0,3710.0,3761.0,3761.0,2544.0,1090.0,2626.0,1126.0
0.0,7141.0,3670.0,3635.0,3761.0,3673.0,3673.0,2544.0,1091.0,2570.0,1100.0
0.0,7232.0,3566.0,3633.0,3673.0,3560.0,3560.0,2543.0,1090.0,2496.0,1070.0
0.0,7339.0,3544.0,3630.0,3560.0,3535.0,3535.0,2541.0,1089.0,2480.0,1064.0
0.0,7355.0,3636.0,3631.0,3535.0,3639.0,3639.0,2542.0,1089.0,2545.0,1091.0
0.0,7254.0,3637.0,3631.0,3639.0,3637.0,3637.0,2542.0,1089.0,2546.0,1091.0
0.0,7256.0,3696.0,3633.0,3637.0,3702.0,3702.0,2543.0,1090.0,2589.0,1107.0
0.0,7197.0,3692.0,3636.0,3702.0,3701.0,3701.0,2545.0,1091.0,2583.0,1109.0
0.0,7207.0,3681.0,3637.0,3701.0,3684.0,3684.0,2546.0,1091.0,2575.0,1106.0
0.0,7227.0,3594.0,3636.0,3684.0,3591.0,3591.0,2545.0,1091.0,2518.0,1076.0
0.0,7317.0,3560.0,3633.0,3591.0,3551.0,3551.0,2543.0,1090.0,2492.0,1068.0
0.0,7348.0,3591.0,3632.0,3551.0,3588.0,3588.0,2542.0,1090.0,2513.0,1078.0
0.0,7308.0,3711.0,3633.0,3588.0,3714.0,3714.0,2543.0,1090.0,2596.0,1115.0
0.0,7185.0,3718.0,3637.0,3714.0,3730.0,3730.0,2546.0,1091.0,2603.0,1115.0
0.0,7181.0,3723.0,3640.0,3730.0,3732.0,3732.0,2548.0,1092.0,2606.0,1117.0
0.0,7188.0,3687.0,3643.0,3732.0,3696.0,3696.0,2550.0,1093.0,2582.0,1105.0
0.0,7233.0,3650.0,3642.0,3696.0,3647.0,3647.0,2549.0,1093.0,2555.0,1095.0
0.0,7279.0,3590.0,3640.0,3647.0,3584.0,3584.0,2548.0,1092.0,2512.0,1078.0
0.0,7336.0,3610.0,3640.0,3584.0,3610.0,3610.0,2548.0,1092.0,2527.0,1083.0
0.0,7310.0,3642.0,3642.0,3610.0,3648.0,3648.0,2549.0,1093.0,2550.0,1092.0
0.0,7278.0,3729.0,3645.0,3648.0,3738.0,3738.0,2551.0,1094.0,2610.0,1119.0
0.0,7197.0,3686.0,3646.0,3738.0,3689.0,3689.0,2552.0,1094.0,2580.0,1106.0
0.0,7249.0,3686.0,3647.0,3689.0,3689.0,3689.0,2553.0,1094.0,2580.0,1106.0
0.0,7252.0,3622.0,3647.0,3689.0,3622.0,3622.0,2553.0,1094.0,2535.0,1087.0
0.0,7319.0,3609.0,3646.0,3622.0,3606.0,3606.0,2552.0,1094.0,2527.0,1082.0
0.0,7332.0,3600.0,3644.0,3606.0,3594.0,3594.0,2551.0,1093.0,2518.0,1082.0
0.0,7338.0,3709.0,3646.0,3594.0,3715.0,3715.0,2552.0,1094.0,2598.0,1111.0
0.0,7223.0,3682.0,3649.0,3715.0,3691.0,3691.0,2554.0,1095.0,2576.0,1106.0
0.0,7256.0,3692.0,3650.0,3691.0,3695.0,3695.0,2555.0,1095.0,2584.0,1108.0
0.0,7255.0,3740.0,3653.0,3695.0,3749.0,3749.0,2557.0,1096.0,2619.0,1121.0
0.0,7210.0,3636.0,3652.0,3749.0,3633.0,3633.0,2556.0,1096.0,2545.0,1091.0
0.0,7323.0,3650.0,3652.0,3633.0,3650.0,3650.0,2556.0,1096.0,2555.0,1095.0
0.0,7306.0,3583.0,3650.0,3650.0,3577.0,3577.0,2555.0,1095.0,2508.0,1075.0
0.0,7373.0,3649.0,3650.0,3577.0,3649.0,3649.0,2555.0,1095.0,2553.0,1096.0
0.0,7301.0,3749.0,3653.0,3649.0,3758.0,3758.0,2557.0,1096.0,2625.0,1124.0
0.0,7201.0,3704.0,3703.7708489225633,3758.0,3857.0,3857.0,2592.4616463348902,1111.309202587673,2592.0,1112.0
0.0,7255.0,3756.0,3640.7673954170023,3857.0,3567.0,3567.0,2548.1856815679153,1092.581713849087,2628.0,1128.0
0.0,7356.0,3643.0,3598.0110053609787,3567.0,3514.0,3514.0,2518.671868441469,1079.3391369195097,2552.0,1091.0
0.0,7280.0,3583.0,3621.204906255208,3514.0,3652.0,3652.0,2534.753157024459,1086.4517492307489,2508.0,1075.0
0.0,7211.0,3637.0,3688.5014459557315,3652.0,3840.0,3840.0,2581.7958323919365,1106.7056135637947,2545.0,1092.0
0.0,7226.0,3695.0,3742.924901693293,3840.0,3858.0,3858.0,2619.9561723769402,1122.968729316353,2586.0,1109.0
0.0,7371.0,3718.0,3752.4280513599656,3858.0,3746.0,3746.0,2626.1829927977988,1126.2450585621668,2603.0,1115.0
0.0,7511.0,3715.0,3704.412076592751,3746.0,3571.0,3571.0,2592.903518718515,1111.5085578742362,2600.0,1115.0
0.0,7542.0,3670.0,3644.976257354606,3571.0,3492.0,3492.0,2552.6840121419855,1092.2922452126204,2569.0,1101.0
0.0,7443.0,3616.0,3608.034476154441,3492.0,3505.0,3505.0,2525.2313452007584,1082.803130953683,2530.0,1086.0
0.0,7319.0,3584.0,3626.132863997367,3505.0,3638.0,3638.0,2538.210288994474,1087.9225750028934,2509.0,1075.0
0.0,7240.0,3659.0,3693.7187892988695,3638.0,3862.0,3862.0,2585.3609621956425,1108.357827103227,2561.0,1098.0
0.0,7219.0,3684.0,3745.207713027166,3862.0,3838.0,3838.0,2620.7691593593713,1124.4385536677946,2578.0,1106.0
0.0,7397.0,3713.0,3757.653086489975,3838.0,3751.0,3751.0,2631.349292426591,1126.3037940633842,2600.0,1113.0
0.0,7522.0,3712.0,3705.374943724441,3751.0,3555.0,3555.0,2593.0024645639523,1112.3724791604886,2598.0,1114.0
0.0,7561.0,3725.0,3650.189752653375,3555.0,3559.0,3559.0,2553.7145513953865,1096.4752012579884,2608.0,1117.0
0.0,7391.0,3637.0,3616.4700068208995,3559.0,3536.0,3536.0,2530.7556805743,1085.7143262465995,2545.0,1092.0
0.0,7313.0,3597.0,3640.542202839254,3536.0,3670.0,3670.0,2547.995995885084,1092.5462069541702,2518.0,1079.0
0.0,7252.0,3630.0,3694.746152702275,3670.0,3792.0,3792.0,2586.3362081824753,1108.4099445198,2541.0,1089.0
0.0,7292.0,3675.0,3743.9789930007228,3792.0,3823.0,3823.0,2619.6622788517616,1124.3167141489612,2571.0,1104.0
0.0,7409.0,3712.0,3759.027755237101,3823.0,3757.0,3757.0,2631.065855216816,1127.961900020285,2598.0,1114.0
0.0,7520.0,3758.0,3722.19607433442,3757.0,3647.0,3647.0,2605.327854805735,1116.8682195286847,2632.0,1126.0
0.0,7519.0,3752.0,3661.77739540131,3647.0,3572.0,3572.0,2563.435117809777,1098.342277591533,2625.0,1127.0
0.0,7414.0,3674.0,3632.5379026835612,3572.0,3586.0,3586.0,2543.009077900157,1089.5288247834042,2572.0,1102.0
0.0,7312.0,3611.0,3637.7508476746752,3586.0,3627.0,3627.0,2545.9531228724154,1091.7977248022598,2529.0,1082.0
0.0,7287.0,3669.0,3704.1294145160164,3627.0,3867.0,3867.0,2591.8733178571983,1112.2560966588178,2568.0,1101.0
0.0,7245.0,3663.0,3751.902176144393,3867.0,3807.0,3807.0,2625.07953005024,1126.8226460941526,2563.0,1100.0
0.0,7449.0,3759.0,3777.4265273394585,3807.0,3835.0,3835.0,2644.470411654508,1132.9561156849502,2631.0,1128.0
0.0,7497.0,3762.0,3736.498680527662,3835.0,3639.0,3639.0,2615.2873429512165,1121.2113375764457,2633.0,1129.0
0.0,7570.0,3742.0,3671.2771634451856,3639.0,3547.0,3547.0,2568.8032344776207,1102.473928967565,2620.0,1122.0
0.0,7467.0,3631.0,3636.292659148863,3547.0,3526.0,3526.0,2545.362070338445,1090.9305888104184,2541.0,1090.0
0.0,7383.0,3566.0,3643.727363815149,3526.0,3588.0,3588.0,2549.230991635794,1094.4963721793551,2496.0,1070.0
0.0,7343.0,3687.0,3704.633588379924,3588.0,3870.0,3870.0,2592.5153829978703,1112.1182053820532,2581.0,1106.0
0.0,7244.0,3687.0,3767.5597380682357,3870.0,3876.0,3876.0,2637.1457796338977,1130.4139584343377,2581.0,1106.0
0.0,7427.0,3720.0,3781.08249171916,3876.0,3760.0,3760.0,2647.9442771130894,1133.1382146060705,2604.0,1116.0
0.0,7583.0,3736.0,3743.5604104934437,3760.0,3624.0,3624.0,2620.7812399567792,1122.7791705366644,2617.0,1119.0
0.0,7607.0,3697.0,3668.157061872922,3624.0,3470.0,3470.0,2566.9577963265124,1101.1992655464096,2586.0,1111.0
0.0,7534.0,3623.0,3642.419039709301,3470.0,3546.0,3546.0,2549.9592959991396,1092.4597437101615,2537.0,1086.0
0.0,7381.0,3617.0,3655.3794499479636,3546.0,3656.0,3656.0,2558.3724507567886,1097.0069991911748,2531.0,1086.0
0.0,7310.0,3647.0,3710.579262095145,3656.0,3813.0,3813.0,2597.665101414534,1112.9141606806108,2553.0,1094.0
0.0,7319.0,3713.0,3773.3745900462086,3813.0,3901.0,3901.0,2642.1443721457317,1131.2302179004769,2600.0,1113.0
0.0,7419.0,3788.0,3785.7772746247733,3901.0,3826.0,3826.0,2650.5732452156944,1135.2040294090789,2651.0,1137.0
0.0,7532.0,3766.0,3745.465560664654,3826.0,3644.0,3644.0,2620.9458338665627,1124.519726798091,2636.0,1130.0
0.0,7592.0,3765.0,3682.254685410152,3644.0,3576.0,3576.0,2575.528506438592,1106.7261789715596,2636.0,1129.0
0.0,7471.0,3699.0,3649.5676079537825,3576.0,3601.0,3601.0,2554.7531105411845,1094.814497412598,2589.0,1110.0
0.0,7348.0,3571.0,3661.158593543575,3601.0,3605.0,3605.0,2561.91704016098,1099.2415533825952,2499.0,1072.0
0.0,7378.0,3694.0,3721.6142001693506,3605.0,3876.0,3876.0,2605.2635264705177,1116.350673698833,2587.0,1107.0
0.0,7289.0,3705.0,3784.26476980799,3876.0,3893.0,3893.0,2648.961585235996,1135.3031845719938,2592.0,1113.0
0.0,7460.0,3791.0,3804.319760630968,3893.0,3851.0,3851.0,2662.2566379952223,1142.063122635746,2653.0,1138.0
0.0,7562.0,3786.0,3753.552218906606,3851.0,3634.0,3634.0,2627.0413919979374,1126.5108269086684,2650.0,1136.0
1.0,0.0,1158.0,1158.0,0.0,3474.0,3474.0,810.0,348.0,810.0,348.0
1.0,0.0,1149.0,1153.0,3474.0,2292.0,2292.0,807.0,346.0,804.0,345.0
1.0,1167.0,52.0,786.0,2292.0,0.0,0.0,550.0,236.0,37.0,15.0
1.0,3407.0,291.0,663.0,0.0,0.0,0.0,464.0,199.0,203.0,88.0
1.0,3116.0,223.0,575.0,0.0,0.0,0.0,402.0,173.0,156.0,67.0
1.0,2893.0,280.0,526.0,0.0,0.0,0.0,368.0,158.0,197.0,83.0
1.0,2613.0,259.0,487.0,0.0,0.0,0.0,341.0,146.0,182.0,77.0
1.0,2354.0,260.0,459.0,0.0,0.0,0.0,321.0,138.0,182.0,78.0
1.0,2094.0,362.0,449.0,0.0,0.0,0.0,314.0,135.0,252.0,110.0
1.0,1732.0,443.0,447.0,0.0,52.0,52.0,313.0,134.0,311.0,132.0
1.0,1289.0,360.0,440.0,52.0,339.0,339.0,308.0,132.0,251.0,109.0
1.0,981.0,258.0,424.0,339.0,210.0,210.0,297.0,127.0,181.0,77.0
1.0,1062.0,251.0,411.0,210.0,212.0,212.0,288.0,123.0,176.0,75.0
1.0,1021.0,334.0,406.0,212.0,319.0,319.0,284.0,122.0,234.0,100.0
1.0,899.0,391.0,404.0,319.0,385.0,385.0,283.0,121.0,273.0,118.0
1.0,827.0,468.0,409.0,385.0,483.0,483.0,286.0,123.0,328.0,140.0
1.0,744.0,409.0,409.0,483.0,409.0,409.0,286.0,123.0,286.0,123.0
1.0,818.0,379.0,407.0,409.0,373.0,373.0,285.0,122.0,264.0,115.0
1.0,848.0,247.0,399.0,373.0,223.0,223.0,279.0,120.0,174.0,73.0
1.0,974.0,217.0,390.0,223.0,190.0,190.0,273.0,117.0,150.0,67.0
1.0,980.0,270.0,384.0,190.0,252.0,252.0,269.0,115.0,189.0,81.0
1.0,900.0,354.0,383.0,252.0,351.0,351.0,268.0,115.0,249.0,105.0
1.0,798.0,412.0,384.0,351.0,415.0,415.0,269.0,115.0,288.0,124.0
1.0,737.0,466.0,387.0,415.0,475.0,475.0,271.0,116.0,327.0,139.0
1.0,686.0,373.0,387.0,475.0,373.0,373.0,271.0,116.0,260.0,113.0
1.0,788.0,292.0,383.0,373.0,280.0,280.0,268.0,115.0,205.0,87.0
1.0,869.0,270.0,379.0,280.0,258.0,258.0,265.0,114.0,190.0,80.0
1.0,879.0,340.0,377.0,258.0,334.0,334.0,264.0,113.0,238.0,102.0
1.0,797.0,362.0,377.0,334.0,362.0,362.0,264.0,113.0,251.0,111.0
1.0,769.0,379.0,377.0,362.0,379.0,379.0,264.0,113.0,266.0,113.0
1.0,752.0,455.0,380.0,379.0,464.0,464.0,266.0,114.0,318.0,137.0
1.0,676.0,404.0,380.0,464.0,404.0,404.0,266.0,114.0,284.0,120.0
1.0,736.0,336.0,379.0,404.0,333.0,333.0,265.0,114.0,235.0,101.0
1.0,804.0,208.0,374.0,333.0,193.0,193.0,262.0,112.0,145.0,63.0
1.0,929.0,320.0,373.0,193.0,317.0,317.0,261.0,112.0,224.0,96.0
1.0,802.0,389.0,373.0,317.0,389.0,389.0,261.0,112.0,273.0,116.0
1.0,730.0,465.0,376.0,389.0,474.0,474.0,263.0,113.0,325.0,140.0
1.0,654.0,473.0,377.0,474.0,476.0,476.0,264.0,113.0,331.0,142.0
1.0,655.0,386.0,378.0,476.0,389.0,389.0,265.0,113.0,271.0,115.0
1.0,745.0,308.0,376.0,389.0,302.0,302.0,263.0,113.0,215.0,93.0
1.0,826.0,314.0,375.0,302.0,311.0,311.0,262.0,113.0,219.0,95.0
1.0,814.0,326.0,373.0,311.0,320.0,320.0,261.0,112.0,228.0,98.0
1.0,799.0,334.0,373.0,320.0,334.0,334.0,261.0,112.0,234.0,100.0
1.0,785.0,452.0,374.0,334.0,455.0,455.0,262.0,112.0,317.0,135.0
1.0,667.0,409.0,376.0,455.0,415.0,415.0,263.0,113.0,285.0,124.0
1.0,713.0,351.0,374.0,415.0,345.0,345.0,262.0,112.0,246.0,105.0
1.0,777.0,377.0,374.0,345.0,377.0,377.0,262.0,112.0,265.0,112.0
1.0,745.0,359.0,374.0,377.0,359.0,359.0,262.0,112.0,251.0,108.0
1.0,763.0,273.0,373.0,359.0,270.0,270.0,261.0,112.0,192.0,81.0
1.0,849.0,426.0,373.0,270.0,426.0,426.0,261.0,112.0,297.0,129.0
1.0,693.0,440.0,374.0,426.0,443.0,443.0,262.0,112.0,309.0,131.0
1.0,679.0,510.0,377.0,443.0,519.0,519.0,264.0,113.0,357.0,153.0
1.0,612.0,418.0,363.0,519.0,376.0,376.0,254.0,109.0,293.0,125.0
1.0,713.0,407.0,349.0,376.0,365.0,365.0,244.0,105.0,285.0,122.0
1.0,682.0,367.0,354.0,365.0,382.0,382.0,248.0,106.0,257.0,110.0
1.0,680.0,234.0,354.0,382.0,234.0,234.0,248.0,106.0,163.0,71.0
1.0,828.0,373.0,357.0,234.0,382.0,382.0,250.0,107.0,262.0,111.0
1.0,689.0,490.0,361.0,382.0,502.0,502.0,253.0,108.0,343.0,147.0
1.0,581.0,489.0,366.0,502.0,504.0,504.0,256.0,110.0,343.0,146.0
1.0,594.0,389.0,367.0,504.0,392.0,392.0,257.0,110.0,271.0,118.0
1.0,709.0,399.0,369.0,392.0,405.0,405.0,258.0,111.0,280.0,119.0
1.0,702.0,288.0,366.0,405.0,279.0,279.0,256.0,110.0,202.0,86.0
1.0,819.0,334.0,364.0,279.0,328.0,328.0,255.0,109.0,234.0,100.0
1.0,764.0,369.0,367.0,328.0,378.0,378.0,257.0,110.0,257.0,112.0
1.0,723.0,402.0,370.0,378.0,411.0,411.0,259.0,111.0,283.0,119.0
1.0,699.0,440.0,372.0,411.0,446.0,446.0,260.0,112.0,307.0,133.0
1.0,670.0,446.0,373.0,446.0,449.0,449.0,261.0,112.0,313.0,133.0
1.0,670.0,383.0,371.0,449.0,377.0,377.0,260.0,111.0,267.0,116.0
1.0,736.0,333.0,370.0,377.0,330.0,330.0,259.0,111.0,232.0,101.0
1.0,780.0,361.0,370.0,330.0,361.0,361.0,259.0,111.0,253.0,108.0
1.0,749.0,398.0,373.0,361.0,407.0,407.0,261.0,112.0,280.0,118.0
1.0,712.0,446.0,377.0,407.0,458.0,458.0,264.0,113.0,312.0,134.0
1.0,673.0,438.0,380.0,458.0,447.0,447.0,266.0,114.0,306.0,132.0
1.0,693.0,399.0,381.0,447.0,402.0,402.0,267.0,114.0,278.0,121.0
1.0,741.0,366.0,380.0,402.0,363.0,363.0,266.0,114.0,258.0,108.0
1.0,777.0,332.0,377.0,363.0,323.0,323.0,264.0,113.0,231.0,101.0
1.0,808.0,313.0,376.0,323.0,310.0,310.0,263.0,113.0,220.0,93.0
1.0,818.0,383.0,378.0,310.0,389.0,389.0,265.0,113.0,267.0,116.0
1.0,745.0,449.0,381.0,389.0,458.0,458.0,267.0,114.0,315.0,134.0
1.0,685.0,516.0,385.0,458.0,528.0,528.0,269.0,116.0,361.0,155.0
1.0,627.0,437.0,387.0,528.0,443.0,443.0,271.0,116.0,307.0,130.0
1.0,718.0,363.0,386.0,443.0,360.0,360.0,270.0,116.0,254.0,109.0
1.0,798.0,290.0,383.0,360.0,281.0,281.0,268.0,115.0,203.0,87.0
1.0,868.0,333.0,381.0,281.0,327.0,327.0,267.0,114.0,232.0,101.0
1.0,816.0,433.0,383.0,327.0,439.0,439.0,268.0,115.0,304.0,129.0
1.0,710.0,466.0,389.0,439.0,484.0,484.0,272.0,117.0,325.0,141.0
1.0,683.0,404.0,390.0,484.0,407.0,407.0,273.0,117.0,284.0,120.0
1.0,763.0,469.0,391.0,407.0,472.0,472.0,274.0,117.0,327.0,142.0
1.0,701.0,364.0,390.0,472.0,361.0,361.0,273.0,117.0,256.0,108.0
1.0,809.0,353.0,387.0,361.0,344.0,344.0,271.0,116.0,246.0,107.0
1.0,817.0,410.0,387.0,344.0,410.0,410.0,271.0,116.0,287.0,123.0
1.0,751.0,379.0,389.0,410.0,385.0,385.0,272.0,117.0,266.0,113.0
1.0,782.0,442.0,391.0,385.0,448.0,448.0,274.0,117.0,308.0,134.0
1.0,725.0,508.0,396.0,448.0,523.0,523.0,277.0,119.0,356.0,152.0
1.0,665.0,417.0,397.0,523.0,420.0,420.0,278.0,119.0,293.0,124.0
1.0,771.0,377.0,396.0,420.0,374.0,374.0,277.0,119.0,263.0,114.0
1.0,814.0,373.0,394.0,374.0,367.0,367.0,276.0,118.0,261.0,112.0
1.0,815.0,290.0,393.0,367.0,287.0,287.0,275.0,118.0,204.0,86.0
1.0,892.0,429.0,394.0,287.0,432.0,432.0,276.0,118.0,298.0,131.0
1.0,750.0,495.0,397.0,432.0,504.0,504.0,278.0,119.0,348.0,147.0
1.0,687.0,525.0,402.0,504.0,540.0,540.0,281.0,121.0,366.0,159.0
1.0,666.0,476.0,403.0,540.0,479.0,479.0,282.0,121.0,334.0,142.0
1.0,730.0,386.0,402.0,479.0,383.0,383.0,281.0,121.0,269.0,117.0
1.0,823.0,347.0,399.0,383.0,338.0,338.0,279.0,120.0,243.0,104.0
1.0,859.0,334.0,397.0,338.0,328.0,328.0,278.0,119.0,235.0,99.0
1.0,863.0,321.0,396.0,328.0,318.0,318.0,277.0,119.0,224.0,97.0
1.0,870.0,415.0,396.0,318.0,415.0,415.0,277.0,119.0,291.0,124.0
1.0,773.0,511.0,402.0,415.0,529.0,529.0,281.0,121.0,356.0,155.0
1.0,677.0,426.0,403.0,529.0,429.0,429.0,282.0,121.0,299.0,127.0
1.0,780.0,307.0,399.0,429.0,295.0,295.0,279.0,120.0,215.0,92.0
1.0,902.0,378.0,397.0,295.0,372.0,372.0,278.0,119.0,264.0,114.0
1.0,819.0,394.0,397.0,372.0,394.0,394.0,278.0,119.0,276.0,118.0
1.0,797.0,317.0,396.0,394.0,314.0,314.0,277.0,119.0,223.0,94.0
1.0,874.0,455.0,399.0,314.0,464.0,464.0,279.0,120.0,318.0,137.0
1.0,733.0,467.0,401.0,464.0,473.0,473.0,281.0,120.0,326.0,141.0
1.0,730.0,437.0,403.0,473.0,443.0,443.0,282.0,121.0,307.0,130.0
1.0,766.0,374.0,402.0,443.0,371.0,371.0,281.0,121.0,262.0,112.0
1.0,835.0,333.0,400.0,371.0,327.0,327.0,280.0,120.0,232.0,101.0
1.0,873.0,370.0,399.0,327.0,367.0,367.0,279.0,120.0,260.0,110.0
1.0,830.0,374.0,399.0,367.0,374.0,374.0,279.0,120.0,262.0,112.0
1.0,823.0,512.0,402.0,374.0,521.0,521.0,281.0,121.0,358.0,154.0
1.0,685.0,475.0,404.0,521.0,481.0,481.0,283.0,121.0,331.0,144.0
1.0,731.0,427.0,404.0,481.0,427.0,427.0,283.0,121.0,300.0,127.0
1.0,785.0,307.0,402.0,427.0,301.0,301.0,281.0,121.0,215.0,92.0
1.0,905.0,341.0,400.0,301.0,335.0,335.0,280.0,120.0,238.0,103.0
1.0,865.0,387.0,400.0,335.0,387.0,387.0,280.0,120.0,271.0,116.0
1.0,813.0,411.0,400.0,387.0,411.0,411.0,280.0,120.0,289.0,122.0
1.0,789.0,473.0,403.0,411.0,482.0,482.0,282.0,121.0,330.0,143.0
1.0,727.0,489.0,407.0,482.0,501.0,501.0,285.0,122.0,342.0,147.0
1.0,720.0,487.0,409.0,501.0,493.0,493.0,286.0,123.0,343.0,144.0
1.0,734.0,388.0,407.0,493.0,382.0,382.0,285.0,122.0,271.0,117.0
1.0,839.0,278.0,403.0,382.0,266.0,266.0,282.0,121.0,194.0,84.0
1.0,943.0,345.0,401.0,266.0,339.0,339.0,281.0,120.0,243.0,102.0
1.0,864.0,485.0,403.0,339.0,491.0,491.0,282.0,121.0,339.0,146.0
1.0,718.0,512.0,407.0,491.0,524.0,524.0,285.0,122.0,358.0,154.0
1.0,697.0,477.0,410.0,524.0,486.0,486.0,287.0,123.0,334.0,143.0
1.0,744.0,437.0,410.0,486.0,437.0,437.0,287.0,123.0,306.0,131.0
1.0,793.0,381.0,409.0,437.0,378.0,378.0,286.0,123.0,268.0,113.0
1.0,849.0,294.0,407.0,378.0,288.0,288.0,285.0,122.0,205.0,89.0
1.0,933.0,338.0,404.0,288.0,329.0,329.0,283.0,121.0,237.0,101.0
1.0,883.0,437.0,406.0,329.0,443.0,443.0,284.0,122.0,307.0,130.0
1.0,775.0,458.0,407.0,443.0,461.0,461.0,285.0,122.0,320.0,138.0
1.0,760.0,543.0,410.0,461.0,552.0,552.0,287.0,123.0,379.0,164.0
1.0,678.0,550.0,414.0,552.0,562.0,562.0,290.0,124.0,386.0,164.0
1.0,680.0,427.0,413.0,562.0,424.0,424.0,289.0,124.0,298.0,129.0
1.0,815.0,354.0,410.0,424.0,345.0,345.0,287.0,123.0,249.0,105.0
1.0,885.0,367.0,410.0,345.0,367.0,367.0,287.0,123.0,256.0,111.0
1.0,863.0,436.0,410.0,367.0,436.0,436.0,287.0,123.0,306.0,130.0
1.0,794.0,510.0,413.0,436.0,519.0,519.0,289.0,124.0,356.0,154.0
1.0,720.0,457.0,417.0,519.0,469.0,469.0,292.0,125.0,323.0,134.0
1.0,782.0,439.0,417.0,469.0,439.0,439.0,292.0,125.0,305.0,134.0
1.0,812.0,418.0,415.0,439.0,412.0,412.0,291.0,124.0,294.0,124.0
1.0,833.0,428.0,413.0,412.0,422.0,422.0,289.0,124.0,299.0,129.0
1.0,817.0,374.0,411.0,422.0,368.0,368.0,288.0,123.0,263.0,111.0
1.0,865.0,407.0,411.0,368.0,407.0,407.0,288.0,123.0,285.0,122.0
1.0,826.0,509.0,414.0,407.0,518.0,518.0,290.0,124.0,356.0,153.0
1.0,724.0,528.0,419.0,518.0,543.0,543.0,293.0,126.0,369.0,159.0
1.0,714.0,506.0,423.0,543.0,518.0,518.0,296.0,127.0,354.0,152.0
1.0,751.0,477.0,423.0,518.0,477.0,477.0,296.0,127.0,335.0,142.0
1.0,792.0,337.0,420.0,477.0,328.0,328.0,294.0,126.0,234.0,103.0
1.0,932.0,393.0,420.0,328.0,393.0,393.0,294.0,126.0,277.0,116.0
1.0,867.0,427.0,421.0,393.0,430.0,430.0,295.0,126.0,298.0,129.0
1.0,833.0,500.0,424.0,430.0,509.0,509.0,297.0,127.0,350.0,150.0
1.0,763.0,503.0,426.0,509.0,509.0,509.0,298.0,128.0,353.0,150.0
1.0,769.0,502.0,430.0,509.0,514.0,514.0,301.0,129.0,351.0,151.0
1.0,776.0,446.0,430.0,514.0,446.0,446.0,301.0,129.0,312.0,134.0
1.0,844.0,331.0,427.0,446.0,322.0,322.0,299.0,128.0,231.0,100.0
1.0,959.0,367.0,426.0,322.0,364.0,364.0,298.0,128.0,258.0,109.0
1.0,914.0,427.0,427.0,364.0,430.0,430.0,299.0,128.0,300.0,127.0
1.0,851.0,581.0,431.0,430.0,593.0,593.0,302.0,129.0,405.0,176.0
1.0,700.0,500.0,434.0,593.0,509.0,509.0,304.0,130.0,351.0,149.0
1.0,793.0,520.0,437.0,509.0,529.0,529.0,306.0,131.0,364.0,156.0
1.0,782.0,308.0,433.0,529.0,296.0,296.0,303.0,130.0,216.0,92.0
1.0,1003.0,457.0,433.0,296.0,457.0,457.0,303.0,130.0,320.0,137.0
1.0,842.0,387.0,431.0,457.0,381.0,381.0,302.0,129.0,270.0,117.0
1.0,912.0,422.0,434.0,381.0,431.0,431.0,304.0,130.0,294.0,128.0
1.0,871.0,578.0,438.0,431.0,590.0,590.0,307.0,131.0,405.0,173.0
1.0,724.0,512.0,441.0,590.0,521.0,521.0,309.0,132.0,360.0,152.0
1.0,802.0,526.0,443.0,521.0,532.0,532.0,310.0,133.0,367.0,159.0
1.0,797.0,457.0,443.0,532.0,457.0,457.0,310.0,133.0,320.0,137.0
1.0,872.0,363.0,440.0,457.0,354.0,354.0,308.0,132.0,255.0,108.0
1.0,966.0,335.0,437.0,354.0,326.0,326.0,306.0,131.0,233.0,102.0
1.0,985.0,495.0,440.0,326.0,504.0,504.0,308.0,132.0,347.0,148.0
1.0,816.0,494.0,444.0,504.0,506.0,506.0,311.0,133.0,346.0,148.0
1.0,826.0,449.0,446.0,506.0,455.0,455.0,312.0,134.0,313.0,136.0
1.0,883.0,429.0,444.0,455.0,423.0,423.0,311.0,133.0,300.0,129.0
1.0,909.0,493.0,444.0,423.0,493.0,493.0,311.0,133.0,344.0,149.0
1.0,839.0,445.0,443.0,493.0,442.0,442.0,310.0,133.0,314.0,131.0
1.0,887.0,483.0,444.0,442.0,486.0,486.0,311.0,133.0,337.0,146.0
1.0,846.0,514.0,447.0,486.0,523.0,523.0,313.0,134.0,361.0,153.0
1.0,818.0,511.0,451.0,523.0,523.0,523.0,316.0,135.0,356.0,155.0
1.0,830.0,525.0,454.0,523.0,534.0,534.0,318.0,136.0,367.0,158.0
1.0,828.0,524.0,456.0,534.0,530.0,530.0,319.0,137.0,368.0,156.0
1.0,838.0,392.0,456.0,530.0,392.0,392.0,319.0,137.0,274.0,118.0
1.0,976.0,349.0,451.0,392.0,334.0,334.0,316.0,135.0,244.0,105.0
1.0,1019.0,420.0,449.0,334.0,414.0,414.0,314.0,135.0,295.0,125.0
1.0,933.0,470.0,450.0,414.0,473.0,473.0,315.0,135.0,329.0,141.0
1.0,877.0,568.0,454.0,473.0,580.0,580.0,318.0,136.0,398.0,170.0
1.0,782.0,523.0,457.0,580.0,532.0,532.0,320.0,137.0,366.0,157.0
1.0,839.0,490.0,457.0,532.0,490.0,490.0,320.0,137.0,342.0,148.0
1.0,881.0,450.0,457.0,490.0,450.0,450.0,320.0,137.0,316.0,134.0
1.0,921.0,401.0,456.0,450.0,398.0,398.0,319.0,137.0,280.0,121.0
1.0,970.0,472.0,456.0,398.0,472.0,472.0,319.0,137.0,331.0,141.0
1.0,896.0,437.0,457.0,472.0,440.0,440.0,320.0,137.0,306.0,131.0
1.0,931.0,589.0,460.0,440.0,598.0,598.0,322.0,138.0,412.0,177.0
1.0,782.0,542.0,463.0,598.0,551.0,551.0,324.0,139.0,379.0,163.0
1.0,838.0,483.0,464.0,551.0,486.0,486.0,325.0,139.0,339.0,144.0
1.0,906.0,438.0,463.0,486.0,435.0,435.0,324.0,139.0,306.0,132.0
1.0,954.0,506.0,463.0,435.0,506.0,506.0,324.0,139.0,354.0,152.0
1.0,883.0,451.0,461.0,506.0,445.0,445.0,323.0,138.0,315.0,136.0
1.0,938.0,473.0,461.0,445.0,473.0,473.0,323.0,138.0,331.0,142.0
1.0,910.0,486.0,464.0,473.0,495.0,495.0,325.0,139.0,340.0,146.0
1.0,897.0,470.0,466.0,495.0,476.0,476.0,326.0,140.0,330.0,140.0
1.0,922.0,500.0,467.0,476.0,503.0,503.0,327.0,140.0,351.0,149.0
1.0,898.0,456.0,466.0,503.0,453.0,453.0,326.0,140.0,319.0,137.0
1.0,945.0,454.0,466.0,453.0,454.0,454.0,326.0,140.0,317.0,137.0
1.0,944.0,377.0,463.0,454.0,368.0,368.0,324.0,139.0,265.0,112.0
1.0,1021.0,529.0,464.0,368.0,532.0,532.0,325.0,139.0,369.0,160.0
1.0,860.0,545.0,469.0,532.0,560.0,560.0,328.0,141.0,381.0,164.0
1.0,847.0,527.0,472.0,560.0,536.0,536.0,330.0,142.0,369.0,158.0
1.0,880.0,490.0,473.0,536.0,493.0,493.0,331.0,142.0,344.0,146.0
1.0,926.0,431.0,470.0,493.0,422.0,422.0,329.0,141.0,303.0,128.0
1.0,988.0,378.0,467.0,422.0,369.0,369.0,327.0,140.0,263.0,115.0
1.0,1032.0,404.0,466.0,369.0,401.0,401.0,326.0,140.0,284.0,120.0
1.0,997.0,475.0,469.0,401.0,484.0,484.0,328.0,141.0,332.0,143.0
1.0,923.0,556.0,470.0,484.0,559.0,559.0,329.0,141.0,388.0,168.0
1.0,851.0,529.0,473.0,559.0,538.0,538.0,331.0,142.0,372.0,157.0
1.0,881.0,520.0,476.0,538.0,529.0,529.0,333.0,143.0,363.0,157.0
1.0,899.0,480.0,473.0,529.0,471.0,471.0,331.0,142.0,337.0,143.0
1.0,948.0,378.0,471.0,471.0,372.0,372.0,330.0,141.0,263.0,115.0
1.0,1041.0,479.0,470.0,372.0,476.0,476.0,329.0,141.0,337.0,142.0
1.0,934.0,510.0,471.0,476.0,513.0,513.0,330.0,141.0,355.0,155.0
1.0,900.0,482.0,473.0,513.0,488.0,488.0,331.0,142.0,339.0,143.0
1.0,931.0,566.0,477.0,488.0,578.0,578.0,334.0,143.0,395.0,171.0
1.0,853.0,537.0,479.0,578.0,543.0,543.0,335.0,144.0,376.0,161.0
1.0,894.0,461.0,477.0,543.0,455.0,455.0,334.0,143.0,323.0,138.0
1.0,976.0,430.0,477.0,455.0,430.0,430.0,334.0,143.0,301.0,129.0
1.0,1001.0,367.0,476.0,430.0,364.0,364.0,333.0,143.0,258.0,109.0
1.0,1064.0,459.0,476.0,364.0,459.0,459.0,333.0,143.0,321.0,138.0
1.0,969.0,590.0,479.0,459.0,599.0,599.0,335.0,144.0,412.0,178.0
1.0,838.0,512.0,479.0,599.0,512.0,512.0,335.0,144.0,359.0,153.0
1.0,925.0,520.0,479.0,512.0,520.0,520.0,335.0,144.0,364.0,156.0
1.0,917.0,492.0,479.0,520.0,492.0,492.0,335.0,144.0,344.0,148.0
1.0,945.0,375.0,476.0,492.0,366.0,366.0,333.0,143.0,263.0,112.0
1.0,1062.0,488.0,476.0,366.0,488.0,488.0,333.0,143.0,342.0,146.0
1.0,940.0,512.0,477.0,488.0,515.0,515.0,334.0,143.0,357.0,155.0
1.0,916.0,596.0,483.0,515.0,614.0,614.0,338.0,145.0,418.0,178.0
1.0,835.0,638.0,486.0,614.0,647.0,647.0,340.0,146.0,447.0,191.0
1.0,811.0,528.0,487.0,647.0,531.0,531.0,341.0,146.0,368.0,160.0
1.0,930.0,454.0,486.0,531.0,451.0,451.0,340.0,146.0,318.0,136.0
1.0,1007.0,436.0,483.0,451.0,427.0,427.0,338.0,145.0,304.0,132.0
1.0,1022.0,489.0,483.0,427.0,489.0,489.0,338.0,145.0,342.0,147.0
1.0,960.0,512.0,484.0,489.0,515.0,515.0,339.0,145.0,359.0,153.0
1.0,937.0,558.0,487.0,515.0,567.0,567.0,341.0,146.0,390.0,168.0
1.0,894.0,611.0,490.0,567.0,620.0,620.0,343.0,147.0,427.0,184.0
1.0,850.0,612.0,494.0,620.0,624.0,624.0,346.0,148.0,428.0,184.0
1.0,858.0,490.0,492.0,624.0,484.0,484.0,344.0,148.0,344.0,146.0
1.0,992.0,394.0,489.0,484.0,385.0,385.0,342.0,147.0,276.0,118.0
1.0,1082.0,426.0,488.0,385.0,423.0,423.0,342.0,146.0,298.0,128.0
1.0,1041.0,467.0,489.0,423.0,470.0,470.0,342.0,147.0,327.0,140.0
1.0,997.0,549.0,490.0,470.0,552.0,552.0,343.0,147.0,384.0,165.0
1.0,918.0,577.0,492.0,552.0,583.0,583.0,344.0,148.0,404.0,173.0
1.0,893.0,562.0,493.0,583.0,565.0,565.0,345.0,148.0,392.0,170.0
1.0,914.0,457.0,493.0,565.0,457.0,457.0,345.0,148.0,322.0,135.0
1.0,1022.0,397.0,492.0,457.0,394.0,394.0,344.0,148.0,277.0,120.0
1.0,1082.0,413.0,490.0,394.0,407.0,407.0,343.0,147.0,288.0,125.0
1.0,1063.0,496.0,490.0,407.0,496.0,496.0,343.0,147.0,347.0,149.0
1.0,974.0,589.0,493.0,496.0,598.0,598.0,345.0,148.0,412.0,177.0
1.0,881.0,556.0,497.0,598.0,568.0,568.0,348.0,149.0,391.0,165.0
1.0,923.0,500.0,496.0,568.0,497.0,497.0,347.0,149.0,350.0,150.0
1.0,991.0,507.0,496.0,497.0,507.0,507.0,347.0,149.0,355.0,152.0
1.0,981.0,418.0,493.0,507.0,409.0,409.0,345.0,148.0,291.0,127.0
1.0,1070.0,484.0,493.0,409.0,484.0,484.0,345.0,148.0,339.0,145.0
1.0,995.0,476.0,494.0,484.0,479.0,479.0,346.0,148.0,334.0,142.0
1.0,1003.0,539.0,497.0,479.0,548.0,548.0,348.0,149.0,377.0,162.0
1.0,943.0,613.0,501.0,548.0,625.0,625.0,351.0,150.0,429.0,184.0
1.0,878.0,543.0,503.0,625.0,549.0,549.0,352.0,151.0,381.0,162.0
1.0,960.0,520.0,502.0,549.0,517.0,517.0,351.0,151.0,364.0,156.0
1.0,989.0,385.0,499.0,517.0,376.0,376.0,349.0,150.0,270.0,115.0
1.0,1121.0,472.0,498.0,376.0,469.0,469.0,349.0,149.0,330.0,142.0
1.0,1025.0,544.0,499.0,469.0,547.0,547.0,349.0,150.0,381.0,163.0
1.0,950.0,572.0,503.0,547.0,584.0,584.0,352.0,151.0,401.0,171.0
1.0,925.0,635.0,506.0,584.0,644.0,644.0,354.0,152.0,444.0,191.0
1.0,874.0,557.0,507.0,644.0,560.0,560.0,355.0,152.0,388.0,169.0
1.0,961.0,464.0,507.0,560.0,464.0,464.0,355.0,152.0,327.0,137.0
1.0,1057.0,390.0,503.0,464.0,378.0,378.0,352.0,151.0,271.0,119.0
1.0,1131.0,424.0,501.0,378.0,418.0,418.0,351.0,150.0,298.0,126.0
1.0,1085.0,549.0,503.0,418.0,555.0,555.0,352.0,151.0,385.0,164.0
1.0,954.0,568.0,506.0,555.0,577.0,577.0,354.0,152.0,397.0,171.0
1.0,941.0,565.0,509.0,577.0,574.0,574.0,356.0,153.0,395.0,170.0
1.0,953.0,532.0,510.0,574.0,535.0,535.0,357.0,153.0,371.0,161.0
1.0,995.0,439.0,507.0,535.0,430.0,430.0,355.0,152.0,308.0,131.0
1.0,1091.0,466.0,507.0,430.0,466.0,466.0,355.0,152.0,326.0,140.0
1.0,1055.0,447.0,506.0,466.0,444.0,444.0,354.0,152.0,314.0,133.0
1.0,1074.0,547.0,506.0,444.0,547.0,547.0,354.0,152.0,381.0,166.0
1.0,971.0,598.0,510.0,547.0,610.0,610.0,357.0,153.0,419.0,179.0
1.0,920.0,617.0,513.0,610.0,626.0,626.0,359.0,154.0,434.0,183.0
1.0,913.0,565.0,514.0,626.0,568.0,568.0,360.0,154.0,393.0,172.0
1.0,974.0,475.0,512.0,568.0,469.0,469.0,358.0,154.0,334.0,141.0
1.0,1067.0,408.0,507.0,469.0,393.0,393.0,355.0,152.0,285.0,123.0
1.0,1128.0,484.0,507.0,393.0,484.0,484.0,355.0,152.0,339.0,145.0
1.0,1037.0,560.0,509.0,484.0,566.0,566.0,356.0,153.0,393.0,167.0
1.0,961.0,593.0,512.0,566.0,602.0,602.0,358.0,154.0,415.0,178.0
1.0,934.0,615.0,514.0,602.0,621.0,621.0,360.0,154.0,430.0,185.0
1.0,921.0,511.0,514.0,621.0,511.0,511.0,360.0,154.0,358.0,153.0
1.0,1031.0,467.0,513.0,511.0,464.0,464.0,359.0,154.0,328.0,139.0
1.0,1075.0,481.0,510.0,464.0,472.0,472.0,357.0,153.0,335.0,146.0
1.0,1058.0,468.0,507.0,472.0,459.0,459.0,355.0,152.0,328.0,140.0
1.0,1062.0,533.0,508.0,459.0,536.0,536.0,356.0,152.0,374.0,159.0
1.0,988.0,605.0,512.0,536.0,617.0,617.0,358.0,154.0,423.0,182.0
1.0,919.0,621.0,516.0,617.0,633.0,633.0,361.0,155.0,435.0,186.0
1.0,915.0,649.0,519.0,633.0,658.0,658.0,363.0,156.0,454.0,195.0
1.0,899.0,470.0,517.0,658.0,464.0,464.0,362.0,155.0,328.0,142.0
1.0,1087.0,467.0,516.0,464.0,464.0,464.0,361.0,155.0,328.0,139.0
1.0,1084.0,447.0,513.0,464.0,438.0,438.0,359.0,154.0,312.0,135.0
1.0,1101.0,599.0,516.0,438.0,608.0,608.0,361.0,155.0,420.0,179.0
1.0,940.0,601.0,520.0,608.0,613.0,613.0,364.0,156.0,419.0,182.0
1.0,947.0,650.0,524.0,613.0,662.0,662.0,367.0,157.0,456.0,194.0
1.0,910.0,599.0,527.0,662.0,608.0,608.0,369.0,158.0,420.0,179.0
1.0,973.0,610.0,527.0,608.0,610.0,610.0,369.0,158.0,426.0,184.0
1.0,971.0,506.0,526.0,610.0,503.0,503.0,368.0,158.0,355.0,151.0
1.0,1075.0,514.0,526.0,503.0,514.0,514.0,368.0,158.0,360.0,154.0
1.0,1064.0,519.0,527.0,514.0,522.0,522.0,369.0,158.0,363.0,156.0
1.0,1059.0,608.0,530.0,522.0,617.0,617.0,371.0,159.0,426.0,182.0
1.0,973.0,572.0,532.0,617.0,578.0,578.0,372.0,160.0,399.0,173.0
1.0,1018.0,513.0,533.0,578.0,516.0,516.0,373.0,160.0,359.0,154.0
1.0,1083.0,566.0,533.0,516.0,566.0,566.0,373.0,160.0,397.0,169.0
1.0,1033.0,454.0,530.0,566.0,445.0,445.0,371.0,159.0,316.0,138.0
1.0,1145.0,415.0,527.0,445.0,406.0,406.0,369.0,158.0,291.0,124.0
1.0,1175.0,520.0,527.0,406.0,520.0,520.0,369.0,158.0,364.0,156.0
1.0,1061.0,629.0,533.0,520.0,647.0,647.0,373.0,160.0,441.0,188.0
1.0,952.0,622.0,536.0,647.0,631.0,631.0,375.0,161.0,435.0,187.0
1.0,977.0,544.0,536.0,631.0,544.0,544.0,375.0,161.0,381.0,163.0
1.0,1064.0,491.0,533.0,544.0,482.0,482.0,373.0,160.0,343.0,148.0
1.0,1117.0,477.0,530.0,482.0,468.0,468.0,371.0,159.0,334.0,143.0
1.0,1122.0,477.0,529.0,468.0,474.0,474.0,370.0,159.0,335.0,142.0
1.0,1113.0,578.0,531.0,474.0,584.0,584.0,372.0,159.0,404.0,174.0
1.0,1009.0,664.0,537.0,584.0,682.0,682.0,376.0,161.0,465.0,199.0
1.0,929.0,675.0,541.0,682.0,687.0,687.0,379.0,162.0,471.0,204.0
1.0,936.0,603.0,543.0,687.0,609.0,609.0,380.0,163.0,423.0,180.0
1.0,1020.0,533.0,542.0,609.0,530.0,530.0,379.0,163.0,373.0,160.0
1.0,1096.0,559.0,542.0,530.0,559.0,559.0,379.0,163.0,391.0,168.0
1.0,1067.0,463.0,540.0,559.0,457.0,457.0,378.0,162.0,323.0,140.0
1.0,1163.0,540.0,543.0,457.0,549.0,549.0,380.0,163.0,379.0,161.0
1.0,1080.0,656.0,546.0,549.0,665.0,665.0,382.0,164.0,460.0,196.0
1.0,973.0,688.0,550.0,665.0,700.0,700.0,385.0,165.0,482.0,206.0
1.0,950.0,579.0,551.0,700.0,582.0,582.0,386.0,165.0,403.0,176.0
1.0,1071.0,505.0,550.0,582.0,502.0,502.0,385.0,165.0,355.0,150.0
1.0,1148.0,490.0,547.0,502.0,481.0,481.0,383.0,164.0,341.0,149.0
1.0,1160.0,497.0,546.0,481.0,494.0,494.0,382.0,164.0,350.0,147.0
1.0,1144.0,567.0,547.0,494.0,570.0,570.0,383.0,164.0,396.0,171.0
1.0,1071.0,641.0,552.0,570.0,656.0,656.0,386.0,166.0,448.0,193.0
1.0,1000.0,695.0,556.0,656.0,707.0,707.0,389.0,167.0,487.0,208.0
1.0,961.0,580.0,556.0,707.0,580.0,580.0,389.0,167.0,406.0,174.0
1.0,1088.0,539.0,556.0,580.0,539.0,539.0,389.0,167.0,377.0,162.0
1.0,1129.0,481.0,553.0,539.0,472.0,472.0,387.0,166.0,337.0,144.0
1.0,1187.0,529.0,553.0,472.0,529.0,529.0,387.0,166.0,371.0,158.0
1.0,1130.0,569.0,555.0,529.0,575.0,575.0,388.0,167.0,397.0,172.0
1.0,1090.0,619.0,557.0,575.0,625.0,625.0,390.0,167.0,432.0,187.0
1.0,1046.0,645.0,561.0,625.0,657.0,657.0,393.0,168.0,454.0,191.0
1.0,1026.0,579.0,562.0,657.0,582.0,582.0,393.0,169.0,403.0,176.0
1.0,1104.0,498.0,560.0,582.0,492.0,492.0,392.0,168.0,350.0,148.0
1.0,1188.0,485.0,557.0,492.0,476.0,476.0,390.0,167.0,338.0,147.0
1.0,1195.0,517.0,554.0,476.0,508.0,508.0,388.0,166.0,363.0,154.0
1.0,1154.0,646.0,558.0,508.0,658.0,658.0,391.0,167.0,452.0,194.0
1.0,1016.0,600.0,560.0,658.0,606.0,606.0,392.0,168.0,422.0,178.0
1.0,1074.0,658.0,564.0,606.0,670.0,670.0,395.0,169.0,458.0,200.0
1.0,1022.0,621.0,566.0,670.0,627.0,627.0,396.0,170.0,436.0,185.0
1.0,1071.0,518.0,563.0,627.0,509.0,509.0,394.0,169.0,364.0,154.0
1.0,1180.0,444.0,560.0,509.0,435.0,435.0,392.0,168.0,310.0,134.0
1.0,1245.0,510.0,557.0,435.0,501.0,501.0,390.0,167.0,356.0,154.0
1.0,1170.0,569.0,557.0,501.0,569.0,569.0,390.0,167.0,398.0,171.0
1.0,1102.0,607.0,559.0,569.0,613.0,613.0,391.0,168.0,426.0,181.0
1.0,1064.0,689.0,563.0,613.0,701.0,701.0,394.0,169.0,482.0,207.0
1.0,988.0,648.0,565.0,701.0,654.0,654.0,395.0,170.0,453.0,195.0
1.0,1041.0,547.0,563.0,654.0,541.0,541.0,394.0,169.0,382.0,165.0
1.0,1148.0,477.0,562.0,541.0,474.0,474.0,393.0,169.0,335.0,142.0
1.0,1212.0,587.0,563.0,474.0,590.0,590.0,394.0,169.0,412.0,175.0
1.0,1099.0,527.0,563.0,590.0,527.0,527.0,394.0,169.0,369.0,158.0
1.0,1162.0,650.0,566.0,527.0,659.0,659.0,396.0,170.0,455.0,195.0
1.0,1039.0,661.0,571.0,659.0,676.0,676.0,400.0,171.0,461.0,200.0
1.0,1037.0,615.0,573.0,676.0,621.0,621.0,401.0,172.0,431.0,184.0
1.0,1098.0,498.0,570.0,621.0,489.0,489.0,399.0,171.0,350.0,148.0
1.0,1221.0,512.0,568.0,489.0,506.0,506.0,398.0,170.0,357.0,155.0
1.0,1198.0,582.0,569.0,506.0,585.0,585.0,398.0,171.0,408.0,174.0
1.0,1122.0,602.0,571.0,585.0,608.0,608.0,400.0,171.0,420.0,182.0
1.0,1105.0,716.0,576.0,608.0,731.0,731.0,403.0,173.0,502.0,214.0
1.0,997.0,699.0,580.0,731.0,711.0,711.0,406.0,174.0,490.0,209.0
1.0,1029.0,620.0,581.0,711.0,623.0,623.0,407.0,174.0,435.0,185.0
1.0,1120.0,540.0,579.0,623.0,534.0,534.0,405.0,174.0,376.0,164.0
1.0,1203.0,484.0,574.0,534.0,469.0,469.0,402.0,172.0,339.0,145.0
1.0,1253.0,485.0,573.0,469.0,482.0,482.0,401.0,172.0,340.0,145.0
1.0,1237.0,570.0,573.0,482.0,570.0,570.0,401.0,172.0,400.0,170.0
1.0,1149.0,649.0,574.0,570.0,652.0,652.0,402.0,172.0,453.0,196.0
1.0,1070.0,662.0,579.0,652.0,677.0,677.0,405.0,174.0,464.0,198.0
1.0,1060.0,664.0,581.0,677.0,670.0,670.0,407.0,174.0,464.0,200.0
1.0,1073.0,599.0,580.0,670.0,596.0,596.0,406.0,174.0,421.0,178.0
1.0,1144.0,534.0,577.0,596.0,525.0,525.0,404.0,173.0,372.0,162.0
1.0,1206.0,599.0,577.0,525.0,599.0,599.0,404.0,173.0,419.0,180.0
1.0,1132.0,625.0,580.0,599.0,634.0,634.0,406.0,174.0,439.0,186.0
1.0,1106.0,642.0,583.0,634.0,651.0,651.0,408.0,175.0,448.0,194.0
1.0,1098.0,712.0,587.0,651.0,724.0,724.0,411.0,176.0,499.0,213.0
1.0,1037.0,612.0,587.0,724.0,612.0,612.0,411.0,176.0,427.0,185.0
1.0,1149.0,586.0,587.0,612.0,586.0,586.0,411.0,176.0,411.0,175.0
1.0,1175.0,558.0,584.0,586.0,549.0,549.0,409.0,175.0,390.0,168.0
1.0,1203.0,535.0,583.0,549.0,532.0,532.0,408.0,175.0,376.0,159.0
1.0,1217.0,622.0,584.0,532.0,625.0,625.0,409.0,175.0,434.0,188.0
1.0,1127.0,638.0,587.0,625.0,647.0,647.0,411.0,176.0,446.0,192.0
1.0,1114.0,708.0,591.0,647.0,720.0,720.0,414.0,177.0,495.0,213.0
1.0,1053.0,674.0,593.0,720.0,680.0,680.0,415.0,178.0,474.0,200.0
1.0,1099.0,640.0,594.0,680.0,643.0,643.0,416.0,178.0,448.0,192.0
1.0,1139.0,546.0,592.0,643.0,540.0,540.0,414.0,178.0,381.0,165.0
1.0,1236.0,596.0,592.0,540.0,596.0,596.0,414.0,178.0,417.0,179.0
1.0,1180.0,671.0,596.0,596.0,683.0,683.0,417.0,179.0,469.0,202.0
1.0,1105.0,672.0,599.0,683.0,681.0,681.0,419.0,180.0,471.0,201.0
1.0,1116.0,686.0,602.0,681.0,695.0,695.0,421.0,181.0,480.0,206.0
1.0,1111.0,639.0,602.0,695.0,639.0,639.0,421.0,181.0,447.0,192.0
1.0,1167.0,571.0,602.0,639.0,571.0,571.0,421.0,181.0,399.0,172.0
1.0,1235.0,488.0,598.0,571.0,476.0,476.0,419.0,179.0,342.0,146.0
1.0,1318.0,510.0,596.0,476.0,504.0,504.0,417.0,179.0,358.0,152.0
1.0,1284.0,579.0,597.0,504.0,582.0,582.0,418.0,179.0,404.0,175.0
1.0,1209.0,658.0,601.0,582.0,670.0,670.0,421.0,180.0,460.0,198.0
1.0,1133.0,678.0,604.0,670.0,687.0,687.0,423.0,181.0,474.0,204.0
1.0,1125.0,666.0,606.0,687.0,672.0,672.0,424.0,182.0,468.0,198.0
1.0,1146.0,570.0,606.0,672.0,570.0,570.0,424.0,182.0,398.0,172.0
1.0,1248.0,505.0,602.0,570.0,493.0,493.0,421.0,181.0,354.0,151.0
1.0,1313.0,580.0,601.0,493.0,577.0,577.0,421.0,180.0,405.0,175.0
1.0,1226.0,585.0,602.0,577.0,588.0,588.0,421.0,181.0,410.0,175.0
1.0,1218.0,665.0,606.0,588.0,677.0,677.0,424.0,182.0,465.0,200.0
1.0,1141.0,695.0,607.0,677.0,698.0,698.0,425.0,182.0,485.0,210.0
1.0,1123.0,683.0,610.0,698.0,692.0,692.0,427.0,183.0,480.0,203.0
1.0,1138.0,591.0,609.0,692.0,588.0,588.0,426.0,183.0,414.0,177.0
1.0,1239.0,485.0,606.0,588.0,476.0,476.0,424.0,182.0,340.0,145.0
1.0,1342.0,497.0,603.0,476.0,488.0,488.0,422.0,181.0,346.0,151.0
1.0,1321.0,625.0,606.0,488.0,634.0,634.0,424.0,182.0,439.0,186.0
1.0,1184.0,671.0,609.0,634.0,680.0,680.0,426.0,183.0,469.0,202.0
1.0,1147.0,709.0,612.0,680.0,718.0,718.0,428.0,184.0,495.0,214.0
1.0,1118.0,649.0,613.0,718.0,652.0,652.0,429.0,184.0,455.0,194.0
1.0,1187.0,581.0,610.0,652.0,572.0,572.0,427.0,183.0,407.0,174.0
1.0,1258.0,587.0,607.0,572.0,578.0,578.0,425.0,182.0,410.0,177.0
1.0,1243.0,506.0,606.0,578.0,503.0,503.0,424.0,182.0,355.0,151.0
1.0,1315.0,593.0,606.0,503.0,593.0,593.0,424.0,182.0,413.0,180.0
1.0,1225.0,646.0,610.0,593.0,658.0,658.0,427.0,183.0,454.0,192.0
1.0,1172.0,708.0,614.0,658.0,720.0,720.0,430.0,184.0,494.0,214.0
1.0,1122.0,630.0,615.0,720.0,633.0,633.0,430.0,185.0,442.0,188.0
1.0,1212.0,603.0,614.0,633.0,600.0,600.0,430.0,184.0,421.0,182.0
1.0,1242.0,613.0,613.0,600.0,610.0,610.0,429.0,184.0,431.0,182.0
1.0,1229.0,608.0,612.0,610.0,605.0,605.0,428.0,184.0,425.0,183.0
1.0,1231.0,679.0,613.0,605.0,682.0,682.0,429.0,184.0,474.0,205.0
1.0,1157.0,632.0,616.0,682.0,641.0,641.0,431.0,185.0,443.0,189.0
1.0,1207.0,715.0,617.0,641.0,718.0,718.0,432.0,185.0,500.0,215.0
1.0,1133.0,663.0,619.0,718.0,669.0,669.0,433.0,186.0,464.0,199.0
1.0,1188.0,577.0,617.0,669.0,571.0,571.0,432.0,185.0,404.0,173.0
1.0,1280.0,550.0,614.0,571.0,541.0,541.0,430.0,184.0,385.0,165.0
1.0,1301.0,570.0,613.0,541.0,567.0,567.0,429.0,184.0,398.0,172.0
1.0,1272.0,655.0,614.0,567.0,658.0,658.0,430.0,184.0,459.0,196.0
1.0,1184.0,689.0,617.0,658.0,698.0,698.0,432.0,185.0,482.0,207.0
1.0,1153.0,722.0,620.0,698.0,731.0,731.0,434.0,186.0,505.0,217.0
1.0,1129.0,679.0,622.0,731.0,685.0,685.0,435.0,187.0,476.0,203.0
1.0,1181.0,624.0,622.0,685.0,624.0,624.0,435.0,187.0,437.0,187.0
1.0,1242.0,568.0,619.0,624.0,559.0,559.0,433.0,186.0,398.0,170.0
1.0,1298.0,613.0,617.0,559.0,607.0,607.0,432.0,185.0,428.0,185.0
1.0,1244.0,622.0,617.0,607.0,622.0,622.0,432.0,185.0,435.0,187.0
1.0,1229.0,662.0,620.0,622.0,671.0,671.0,434.0,186.0,462.0,200.0
1.0,1189.0,706.0,622.0,671.0,712.0,712.0,435.0,187.0,496.0,210.0
1.0,1154.0,676.0,622.0,712.0,676.0,676.0,435.0,187.0,473.0,203.0
1.0,1190.0,629.0,621.0,676.0,626.0,626.0,435.0,186.0,440.0,189.0
1.0,1237.0,590.0,619.0,626.0,584.0,584.0,433.0,186.0,412.0,178.0
1.0,1273.0,600.0,619.0,584.0,600.0,600.0,433.0,186.0,421.0,179.0
1.0,1257.0,645.0,620.0,600.0,648.0,648.0,434.0,186.0,450.0,195.0
1.0,1212.0,738.0,625.0,648.0,753.0,753.0,437.0,188.0,517.0,221.0
1.0,1122.0,662.0,627.0,753.0,668.0,668.0,439.0,188.0,463.0,199.0
1.0,1213.0,693.0,630.0,668.0,702.0,702.0,441.0,189.0,486.0,207.0
1.0,1188.0,543.0,627.0,702.0,534.0,534.0,439.0,188.0,379.0,164.0
1.0,1347.0,567.0,626.0,534.0,564.0,564.0,438.0,188.0,398.0,169.0
1.0,1314.0,597.0,624.0,564.0,591.0,591.0,437.0,187.0,417.0,180.0
1.0,1281.0,650.0,626.0,591.0,656.0,656.0,438.0,188.0,456.0,194.0
1.0,1222.0,656.0,629.0,656.0,665.0,665.0,440.0,189.0,459.0,197.0
1.0,1222.0,706.0,631.0,665.0,712.0,712.0,442.0,189.0,493.0,213.0
1.0,1181.0,654.0,632.0,712.0,657.0,657.0,442.0,190.0,459.0,195.0
1.0,1239.0,643.0,632.0,657.0,643.0,643.0,442.0,190.0,450.0,193.0
1.0,1253.0,618.0,630.0,643.0,612.0,612.0,441.0,189.0,432.0,186.0
1.0,1278.0,604.0,629.0,612.0,601.0,601.0,440.0,189.0,424.0,180.0
1.0,1286.0,673.0,630.0,601.0,676.0,676.0,441.0,189.0,470.0,203.0
1.0,1214.0,672.0,634.0,676.0,684.0,684.0,444.0,190.0,471.0,201.0
1.0,1218.0,764.0,639.0,684.0,779.0,779.0,447.0,192.0,535.0,229.0
1.0,1138.0,726.0,641.0,779.0,732.0,732.0,449.0,192.0,507.0,219.0
1.0,1191.0,633.0,640.0,732.0,630.0,630.0,448.0,192.0,443.0,190.0
1.0,1290.0,597.0,639.0,630.0,594.0,594.0,447.0,192.0,419.0,178.0
1.0,1323.0,574.0,637.0,594.0,568.0,568.0,446.0,191.0,401.0,173.0
1.0,1343.0,584.0,637.0,568.0,584.0,584.0,446.0,191.0,409.0,175.0
1.0,1327.0,667.0,639.0,584.0,673.0,673.0,447.0,192.0,468.0,199.0
1.0,1244.0,811.0,644.0,673.0,826.0,826.0,451.0,193.0,566.0,245.0
1.0,1106.0,661.0,646.0,826.0,667.0,667.0,452.0,194.0,464.0,197.0
1.0,1271.0,610.0,645.0,667.0,607.0,607.0,451.0,194.0,427.0,183.0
1.0,1328.0,553.0,642.0,607.0,544.0,544.0,449.0,193.0,387.0,166.0
1.0,1382.0,617.0,642.0,544.0,617.0,617.0,449.0,193.0,432.0,185.0
1.0,1309.0,642.0,643.0,617.0,645.0,645.0,450.0,193.0,449.0,193.0
1.0,1284.0,732.0,644.0,645.0,735.0,735.0,451.0,193.0,512.0,220.0
1.0,1197.0,749.0,647.0,735.0,758.0,758.0,453.0,194.0,524.0,225.0
1.0,1183.0,744.0,649.0,758.0,750.0,750.0,454.0,195.0,522.0,222.0
1.0,1197.0,631.0,649.0,750.0,631.0,631.0,454.0,195.0,442.0,189.0
1.0,1316.0,661.0,647.0,631.0,655.0,655.0,453.0,194.0,462.0,199.0
1.0,1286.0,573.0,646.0,655.0,570.0,570.0,452.0,194.0,402.0,171.0
1.0,1368.0,718.0,649.0,570.0,727.0,727.0,454.0,195.0,502.0,216.0
1.0,1220.0,725.0,652.0,727.0,734.0,734.0,456.0,196.0,507.0,218.0
1.0,1222.0,755.0,656.0,734.0,767.0,767.0,459.0,197.0,528.0,227.0
1.0,1201.0,706.0,656.0,767.0,706.0,706.0,459.0,197.0,495.0,211.0
1.0,1262.0,613.0,655.0,706.0,610.0,610.0,458.0,197.0,428.0,185.0
1.0,1355.0,592.0,653.0,610.0,586.0,586.0,457.0,196.0,415.0,177.0
1.0,1373.0,686.0,653.0,586.0,686.0,686.0,457.0,196.0,481.0,205.0
1.0,1273.0,683.0,654.0,686.0,686.0,686.0,458.0,196.0,476.0,207.0
1.0,1276.0,742.0,657.0,686.0,751.0,751.0,460.0,197.0,519.0,223.0
1.0,1220.0,707.0,659.0,751.0,713.0,713.0,461.0,198.0,497.0,210.0
1.0,1264.0,763.0,662.0,713.0,772.0,772.0,463.0,199.0,533.0,230.0
1.0,1214.0,650.0,661.0,772.0,647.0,647.0,463.0,198.0,455.0,195.0
1.0,1336.0,570.0,659.0,647.0,564.0,564.0,461.0,198.0,400.0,170.0
1.0,1413.0,620.0,657.0,564.0,614.0,614.0,460.0,197.0,433.0,187.0
1.0,1357.0,663.0,659.0,614.0,669.0,669.0,461.0,198.0,464.0,199.0
1.0,1308.0,727.0,661.0,669.0,733.0,733.0,463.0,198.0,509.0,218.0
1.0,1250.0,785.0,664.0,733.0,794.0,794.0,465.0,199.0,549.0,236.0
1.0,1198.0,747.0,667.0,794.0,756.0,756.0,467.0,200.0,525.0,222.0
1.0,1245.0,640.0,664.0,756.0,631.0,631.0,465.0,199.0,447.0,193.0
1.0,1361.0,577.0,663.0,631.0,574.0,574.0,464.0,199.0,405.0,172.0
1.0,1415.0,638.0,662.0,574.0,635.0,635.0,463.0,199.0,446.0,192.0
1.0,1351.0,652.0,664.0,635.0,658.0,658.0,465.0,199.0,455.0,197.0
1.0,1334.0,749.0,667.0,658.0,758.0,758.0,467.0,200.0,525.0,224.0
1.0,1243.0,772.0,671.0,758.0,784.0,784.0,470.0,201.0,542.0,230.0
1.0,1229.0,762.0,673.0,784.0,768.0,768.0,471.0,202.0,532.0,230.0
1.0,1251.0,646.0,673.0,768.0,646.0,646.0,471.0,202.0,452.0,194.0
1.0,1373.0,601.0,671.0,646.0,595.0,595.0,470.0,201.0,420.0,181.0
1.0,1418.0,668.0,671.0,595.0,668.0,668.0,470.0,201.0,468.0,200.0
1.0,1345.0,694.0,672.0,668.0,697.0,697.0,470.0,202.0,487.0,207.0
1.0,1319.0,745.0,674.0,697.0,751.0,751.0,472.0,202.0,520.0,225.0
1.0,1271.0,769.0,677.0,751.0,778.0,778.0,474.0,203.0,540.0,229.0
1.0,1253.0,710.0,679.0,778.0,716.0,716.0,475.0,204.0,496.0,214.0
1.0,1321.0,629.0,677.0,716.0,623.0,623.0,474.0,203.0,440.0,189.0
1.0,1408.0,608.0,674.0,623.0,599.0,599.0,472.0,202.0,426.0,182.0
1.0,1423.0,650.0,673.0,599.0,647.0,647.0,471.0,202.0,456.0,194.0
1.0,1372.0,690.0,674.0,647.0,693.0,693.0,472.0,202.0,482.0,208.0
1.0,1329.0,717.0,677.0,693.0,726.0,726.0,474.0,203.0,503.0,214.0
1.0,1305.0,799.0,681.0,726.0,811.0,811.0,477.0,204.0,558.0,241.0
1.0,1232.0,746.0,684.0,811.0,755.0,755.0,479.0,205.0,524.0,222.0
1.0,1297.0,734.0,686.0,755.0,740.0,740.0,480.0,206.0,513.0,221.0
1.0,1318.0,538.0,680.0,740.0,520.0,520.0,476.0,204.0,378.0,160.0
1.0,1520.0,624.0,680.0,520.0,624.0,624.0,476.0,204.0,436.0,188.0
1.0,1416.0,684.0,680.0,624.0,684.0,684.0,476.0,204.0,478.0,206.0
1.0,1356.0,768.0,684.0,684.0,780.0,780.0,479.0,205.0,538.0,230.0
1.0,1272.0,786.0,688.0,780.0,798.0,798.0,482.0,206.0,550.0,236.0
1.0,1266.0,686.0,689.0,798.0,689.0,689.0,482.0,207.0,480.0,206.0
1.0,1378.0,684.0,688.0,689.0,681.0,681.0,482.0,206.0,479.0,205.0
1.0,1383.0,660.0,686.0,681.0,654.0,654.0,480.0,206.0,463.0,197.0
1.0,1404.0,617.0,684.0,654.0,611.0,611.0,479.0,205.0,430.0,187.0
1.0,1441.0,709.0,686.0,611.0,715.0,715.0,480.0,206.0,497.0,212.0
1.0,1343.0,799.0,688.0,715.0,805.0,805.0,482.0,206.0,559.0,240.0
1.0,1259.0,806.0,693.0,805.0,821.0,821.0,485.0,208.0,565.0,241.0
1.0,1258.0,733.0,693.0,821.0,733.0,733.0,485.0,208.0,513.0,220.0
1.0,1346.0,677.0,692.0,733.0,674.0,674.0,484.0,208.0,474.0,203.0
1.0,1402.0,647.0,690.0,674.0,641.0,641.0,483.0,207.0,453.0,194.0
1.0,1429.0,574.0,687.0,641.0,565.0,565.0,481.0,206.0,401.0,173.0
1.0,1496.0,690.0,689.0,565.0,696.0,696.0,482.0,207.0,484.0,206.0
1.0,1371.0,773.0,693.0,696.0,785.0,785.0,485.0,208.0,541.0,232.0
1.0,1294.0,776.0,694.0,785.0,779.0,779.0,486.0,208.0,544.0,232.0
1.0,1303.0,746.0,695.0,779.0,749.0,749.0,487.0,208.0,521.0,225.0
1.0,1336.0,712.0,694.0,749.0,709.0,709.0,486.0,208.0,498.0,214.0
1.0,1373.0,679.0,694.0,709.0,679.0,679.0,486.0,208.0,474.0,205.0
1.0,1403.0,615.0,691.0,679.0,606.0,606.0,484.0,207.0,432.0,183.0
1.0,1467.0,666.0,691.0,606.0,666.0,666.0,484.0,207.0,466.0,200.0
1.0,1407.0,782.0,696.0,666.0,797.0,797.0,487.0,209.0,547.0,235.0
1.0,1291.0,813.0,700.0,797.0,825.0,825.0,490.0,210.0,570.0,243.0
1.0,1275.0,730.0,700.0,825.0,730.0,730.0,490.0,210.0,512.0,218.0
1.0,1370.0,685.0,700.0,730.0,685.0,685.0,490.0,210.0,479.0,206.0
1.0,1415.0,648.0,697.0,685.0,639.0,639.0,488.0,209.0,453.0,195.0
1.0,1452.0,697.0,696.0,639.0,694.0,694.0,487.0,209.0,489.0,208.0
1.0,1394.0,710.0,697.0,694.0,713.0,713.0,488.0,209.0,496.0,214.0
1.0,1378.0,756.0,701.0,713.0,768.0,768.0,491.0,210.0,529.0,227.0
1.0,1335.0,755.0,703.0,768.0,761.0,761.0,492.0,211.0,530.0,225.0
1.0,1348.0,729.0,704.0,761.0,732.0,732.0,493.0,211.0,509.0,220.0
1.0,1380.0,707.0,704.0,732.0,707.0,707.0,493.0,211.0,494.0,213.0
1.0,1405.0,585.0,700.0,707.0,573.0,573.0,490.0,210.0,410.0,175.0
1.0,1527.0,733.0,700.0,573.0,733.0,733.0,490.0,210.0,515.0,218.0
1.0,1367.0,753.0,701.0,733.0,756.0,756.0,491.0,210.0,526.0,227.0
1.0,1347.0,790.0,706.0,756.0,805.0,805.0,494.0,212.0,553.0,237.0
1.0,1313.0,802.0,708.0,805.0,808.0,808.0,496.0,212.0,561.0,241.0
1.0,1316.0,727.0,709.0,808.0,730.0,730.0,496.0,213.0,510.0,217.0
1.0,1397.0,681.0,707.0,730.0,675.0,675.0,495.0,212.0,476.0,205.0
1.0,1446.0,642.0,704.0,675.0,633.0,633.0,493.0,211.0,450.0,192.0
1.0,1479.0,612.0,703.0,633.0,609.0,609.0,492.0,211.0,430.0,182.0
1.0,1500.0,758.0,706.0,609.0,767.0,767.0,494.0,212.0,530.0,228.0
1.0,1351.0,836.0,710.0,767.0,848.0,848.0,497.0,213.0,586.0,250.0
1.0,1282.0,776.0,713.0,848.0,785.0,785.0,499.0,214.0,542.0,234.0
1.0,1354.0,753.0,714.0,785.0,756.0,756.0,500.0,214.0,528.0,225.0
1.0,1386.0,716.0,714.0,756.0,716.0,716.0,500.0,214.0,501.0,215.0
1.0,1426.0,609.0,710.0,716.0,597.0,597.0,497.0,213.0,427.0,182.0
1.0,1533.0,650.0,708.0,597.0,644.0,644.0,496.0,212.0,454.0,196.0
1.0,1480.0,750.0,708.0,644.0,750.0,750.0,496.0,212.0,525.0,225.0
1.0,1374.0,848.0,714.0,750.0,866.0,866.0,500.0,214.0,593.0,255.0
1.0,1276.0,829.0,718.0,866.0,841.0,841.0,503.0,215.0,580.0,249.0
1.0,1313.0,798.0,720.0,841.0,804.0,804.0,504.0,216.0,560.0,238.0
1.0,1356.0,715.0,720.0,804.0,715.0,715.0,504.0,216.0,500.0,215.0
1.0,1445.0,706.0,718.0,715.0,700.0,700.0,503.0,215.0,493.0,213.0
1.0,1454.0,684.0,718.0,700.0,684.0,684.0,503.0,215.0,479.0,205.0
1.0,1470.0,729.0,719.0,684.0,732.0,732.0,503.0,216.0,511.0,218.0
1.0,1425.0,796.0,721.0,732.0,802.0,802.0,505.0,216.0,557.0,239.0
1.0,1361.0,749.0,724.0,802.0,758.0,758.0,507.0,217.0,525.0,224.0
1.0,1414.0,733.0,724.0,758.0,733.0,733.0,507.0,217.0,511.0,222.0
1.0,1439.0,700.0,723.0,733.0,697.0,697.0,506.0,217.0,491.0,209.0
1.0,1472.0,640.0,719.0,697.0,628.0,628.0,503.0,216.0,448.0,192.0
1.0,1529.0,726.0,719.0,628.0,726.0,726.0,503.0,216.0,508.0,218.0
1.0,1431.0,710.0,720.0,726.0,713.0,713.0,504.0,216.0,498.0,212.0
1.0,1447.0,868.0,724.0,713.0,880.0,880.0,507.0,217.0,605.0,263.0
1.0,1292.0,859.0,730.0,880.0,877.0,877.0,511.0,219.0,603.0,256.0
1.0,1313.0,770.0,731.0,877.0,773.0,773.0,512.0,219.0,538.0,232.0
1.0,1420.0,718.0,730.0,773.0,715.0,715.0,511.0,219.0,504.0,214.0
1.0,1475.0,714.0,729.0,715.0,711.0,711.0,510.0,219.0,500.0,214.0
1.0,1476.0,583.0,726.0,711.0,574.0,574.0,508.0,218.0,408.0,175.0
1.0,1604.0,774.0,727.0,574.0,777.0,777.0,509.0,218.0,543.0,231.0
1.0,1404.0,783.0,729.0,777.0,789.0,789.0,510.0,219.0,547.0,236.0
1.0,1398.0,798.0,733.0,789.0,810.0,810.0,513.0,220.0,558.0,240.0
1.0,1389.0,769.0,734.0,810.0,772.0,772.0,514.0,220.0,537.0,232.0
1.0,1430.0,698.0,733.0,772.0,695.0,695.0,513.0,220.0,490.0,208.0
1.0,1504.0,674.0,730.0,695.0,665.0,665.0,511.0,219.0,473.0,201.0
1.0,1525.0,717.0,730.0,665.0,717.0,717.0,511.0,219.0,502.0,215.0
1.0,1473.0,706.0,730.0,717.0,706.0,706.0,511.0,219.0,494.0,212.0
1.0,1484.0,753.0,733.0,706.0,762.0,762.0,513.0,220.0,526.0,227.0
1.0,1437.0,769.0,734.0,762.0,772.0,772.0,514.0,220.0,539.0,230.0
1.0,1430.0,780.0,734.0,772.0,780.0,780.0,514.0,220.0,545.0,235.0
1.0,1422.0,716.0,734.0,780.0,716.0,716.0,514.0,220.0,501.0,215.0
1.0,1486.0,684.0,733.0,716.0,681.0,681.0,513.0,220.0,480.0,204.0
1.0,1518.0,646.0,731.0,681.0,640.0,640.0,512.0,219.0,451.0,195.0
1.0,1553.0,759.0,733.0,640.0,765.0,765.0,513.0,220.0,531.0,228.0
1.0,1434.0,828.0,737.0,765.0,840.0,840.0,516.0,221.0,580.0,248.0
1.0,1371.0,820.0,739.0,840.0,826.0,826.0,517.0,222.0,573.0,247.0
1.0,1391.0,786.0,739.0,826.0,786.0,786.0,517.0,222.0,551.0,235.0
1.0,1431.0,776.0,739.0,786.0,776.0,776.0,517.0,222.0,543.0,233.0
1.0,1441.0,672.0,737.0,776.0,666.0,666.0,516.0,221.0,471.0,201.0
1.0,1545.0,623.0,734.0,666.0,614.0,614.0,514.0,220.0,435.0,188.0
1.0,1588.0,732.0,736.0,614.0,738.0,738.0,515.0,221.0,513.0,219.0
1.0,1470.0,839.0,739.0,738.0,848.0,848.0,517.0,222.0,587.0,252.0
1.0,1369.0,836.0,743.0,848.0,848.0,848.0,520.0,223.0,586.0,250.0
1.0,1381.0,789.0,744.0,848.0,792.0,792.0,521.0,223.0,550.0,239.0
1.0,1440.0,733.0,742.0,792.0,727.0,727.0,519.0,223.0,514.0,219.0
1.0,1499.0,697.0,740.0,727.0,691.0,691.0,518.0,222.0,487.0,210.0
1.0,1529.0,661.0,739.0,691.0,658.0,658.0,517.0,222.0,464.0,197.0
1.0,1559.0,726.0,739.0,658.0,726.0,726.0,517.0,222.0,508.0,218.0
1.0,1491.0,806.0,743.0,726.0,818.0,818.0,520.0,223.0,565.0,241.0
1.0,1411.0,772.0,746.0,818.0,781.0,781.0,522.0,224.0,539.0,233.0
1.0,1457.0,819.0,746.0,781.0,819.0,819.0,522.0,224.0,574.0,245.0
1.0,1419.0,784.0,746.0,819.0,784.0,784.0,522.0,224.0,548.0,236.0
1.0,1454.0,707.0,743.0,784.0,698.0,698.0,520.0,223.0,496.0,211.0
1.0,1531.0,706.0,741.0,698.0,700.0,700.0,519.0,222.0,493.0,213.0
1.0,1523.0,807.0,743.0,700.0,813.0,813.0,520.0,223.0,566.0,241.0
1.0,1416.0,807.0,744.0,813.0,810.0,810.0,521.0,223.0,564.0,243.0
1.0,1422.0,850.0,748.0,810.0,862.0,862.0,524.0,224.0,595.0,255.0
1.0,1382.0,763.0,749.0,862.0,766.0,766.0,524.0,225.0,535.0,228.0
1.0,1481.0,727.0,747.0,766.0,721.0,721.0,523.0,224.0,508.0,219.0
1.0,1520.0,730.0,747.0,721.0,730.0,730.0,523.0,224.0,511.0,219.0
1.0,1511.0,734.0,747.0,730.0,734.0,734.0,523.0,224.0,514.0,220.0
1.0,1507.0,823.0,750.0,734.0,832.0,832.0,525.0,225.0,577.0,246.0
1.0,1418.0,871.0,754.0,832.0,883.0,883.0,528.0,226.0,608.0,263.0
1.0,1379.0,853.0,756.0,883.0,859.0,859.0,529.0,227.0,599.0,254.0
1.0,1409.0,866.0,759.0,859.0,875.0,875.0,531.0,228.0,606.0,260.0
1.0,1402.0,756.0,757.0,875.0,750.0,750.0,530.0,227.0,528.0,228.0
1.0,1521.0,697.0,754.0,750.0,688.0,688.0,528.0,226.0,488.0,209.0
1.0,1574.0,694.0,753.0,688.0,691.0,691.0,527.0,226.0,487.0,207.0
1.0,1568.0,799.0,754.0,691.0,802.0,802.0,528.0,226.0,558.0,241.0
1.0,1460.0,793.0,756.0,802.0,799.0,799.0,529.0,227.0,556.0,237.0
1.0,1469.0,912.0,762.0,799.0,930.0,930.0,533.0,229.0,638.0,274.0
1.0,1356.0,887.0,764.0,930.0,893.0,893.0,535.0,229.0,620.0,267.0
1.0,1399.0,724.0,763.0,893.0,721.0,721.0,534.0,229.0,509.0,215.0
1.0,1568.0,710.0,761.0,721.0,704.0,704.0,533.0,228.0,496.0,214.0
1.0,1579.0,743.0,761.0,704.0,743.0,743.0,533.0,228.0,519.0,224.0
1.0,1540.0,780.0,763.0,743.0,786.0,786.0,534.0,229.0,547.0,233.0
1.0,1503.0,852.0,766.0,786.0,861.0,861.0,536.0,230.0,597.0,255.0
1.0,1437.0,844.0,769.0,861.0,853.0,853.0,538.0,231.0,590.0,254.0
1.0,1454.0,793.0,770.0,853.0,796.0,796.0,539.0,231.0,556.0,237.0
1.0,1514.0,753.0,770.0,796.0,753.0,753.0,539.0,231.0,527.0,226.0
1.0,1557.0,726.0,769.0,753.0,723.0,723.0,538.0,231.0,508.0,218.0
1.0,1584.0,731.0,768.0,723.0,728.0,728.0,538.0,230.0,511.0,220.0
1.0,1576.0,796.0,770.0,728.0,802.0,802.0,539.0,231.0,558.0,238.0
1.0,1508.0,888.0,773.0,802.0,897.0,897.0,541.0,232.0,622.0,266.0
1.0,1422.0,816.0,777.0,897.0,828.0,828.0,544.0,233.0,571.0,245.0
1.0,1503.0,846.0,779.0,828.0,852.0,852.0,545.0,234.0,591.0,255.0
1.0,1485.0,809.0,778.0,852.0,806.0,806.0,545.0,233.0,566.0,243.0
1.0,1528.0,667.0,776.0,806.0,661.0,661.0,543.0,233.0,467.0,200.0
1.0,1667.0,739.0,774.0,661.0,733.0,733.0,542.0,232.0,517.0,222.0
1.0,1589.0,786.0,774.0,733.0,786.0,786.0,542.0,232.0,550.0,236.0
1.0,1536.0,807.0,777.0,786.0,816.0,816.0,544.0,233.0,566.0,241.0
1.0,1515.0,841.0,781.0,816.0,853.0,853.0,547.0,234.0,587.0,254.0
1.0,1490.0,822.0,783.0,853.0,828.0,828.0,548.0,235.0,576.0,246.0
1.0,1521.0,787.0,782.0,828.0,784.0,784.0,547.0,235.0,551.0,236.0
1.0,1562.0,734.0,780.0,784.0,728.0,728.0,546.0,234.0,515.0,219.0
1.0,1612.0,720.0,779.0,728.0,717.0,717.0,545.0,234.0,503.0,217.0
1.0,1620.0,784.0,780.0,717.0,787.0,787.0,546.0,234.0,549.0,235.0
1.0,1553.0,849.0,783.0,787.0,858.0,858.0,548.0,235.0,594.0,255.0
1.0,1491.0,836.0,786.0,858.0,845.0,845.0,550.0,236.0,585.0,251.0
1.0,1513.0,828.0,788.0,845.0,834.0,834.0,552.0,236.0,579.0,249.0
1.0,1530.0,754.0,787.0,834.0,751.0,751.0,551.0,236.0,529.0,225.0
1.0,1610.0,726.0,786.0,751.0,723.0,723.0,550.0,236.0,508.0,218.0
1.0,1635.0,750.0,784.0,723.0,744.0,744.0,549.0,235.0,524.0,226.0
1.0,1608.0,800.0,786.0,744.0,806.0,806.0,550.0,236.0,560.0,240.0
1.0,1552.0,865.0,788.0,806.0,871.0,871.0,552.0,236.0,605.0,260.0
1.0,1493.0,850.0,791.0,871.0,859.0,859.0,554.0,237.0,597.0,253.0
1.0,1514.0,900.0,793.0,859.0,906.0,906.0,555.0,238.0,629.0,271.0
1.0,1473.0,787.0,793.0,906.0,787.0,787.0,555.0,238.0,551.0,236.0
1.0,1592.0,727.0,790.0,787.0,718.0,718.0,553.0,237.0,509.0,218.0
1.0,1652.0,746.0,790.0,718.0,746.0,746.0,553.0,237.0,522.0,224.0
1.0,1624.0,783.0,790.0,746.0,783.0,783.0,553.0,237.0,549.0,234.0
1.0,1587.0,886.0,794.0,783.0,898.0,898.0,556.0,238.0,620.0,266.0
1.0,1484.0,885.0,797.0,898.0,894.0,894.0,558.0,239.0,619.0,266.0
1.0,1497.0,838.0,797.0,894.0,838.0,838.0,558.0,239.0,587.0,251.0
1.0,1553.0,787.0,796.0,838.0,784.0,784.0,557.0,239.0,550.0,237.0
1.0,1604.0,740.0,793.0,784.0,731.0,731.0,555.0,238.0,519.0,221.0
1.0,1648.0,780.0,791.0,731.0,774.0,774.0,554.0,237.0,545.0,235.0
1.0,1599.0,770.0,792.0,774.0,773.0,773.0,554.0,238.0,539.0,231.0
1.0,1603.0,885.0,796.0,773.0,897.0,897.0,557.0,239.0,619.0,266.0
1.0,1491.0,829.0,797.0,897.0,832.0,832.0,558.0,239.0,580.0,249.0
1.0,1559.0,867.0,799.0,832.0,873.0,873.0,559.0,240.0,608.0,259.0
1.0,1524.0,854.0,800.0,873.0,857.0,857.0,560.0,240.0,598.0,256.0
1.0,1543.0,758.0,797.0,857.0,749.0,749.0,558.0,239.0,530.0,228.0
1.0,1642.0,775.0,796.0,749.0,772.0,772.0,557.0,239.0,543.0,232.0
1.0,1616.0,870.0,798.0,772.0,876.0,876.0,559.0,239.0,609.0,261.0
1.0,1518.0,939.0,803.0,876.0,954.0,954.0,562.0,241.0,658.0,281.0
1.0,1455.0,876.0,806.0,954.0,885.0,885.0,564.0,242.0,613.0,263.0
1.0,1533.0,860.0,807.0,885.0,863.0,863.0,565.0,242.0,603.0,257.0
1.0,1558.0,857.0,807.0,863.0,857.0,857.0,565.0,242.0,600.0,257.0
1.0,1564.0,700.0,804.0,857.0,691.0,691.0,563.0,241.0,488.0,212.0
1.0,1721.0,740.0,803.0,691.0,737.0,737.0,562.0,241.0,520.0,220.0
1.0,1672.0,813.0,804.0,737.0,816.0,816.0,563.0,241.0,567.0,246.0
1.0,1596.0,875.0,807.0,816.0,884.0,884.0,565.0,242.0,614.0,261.0
1.0,1537.0,896.0,810.0,884.0,905.0,905.0,567.0,243.0,627.0,269.0
1.0,1525.0,902.0,812.0,905.0,908.0,908.0,568.0,244.0,631.0,271.0
1.0,1528.0,824.0,811.0,908.0,821.0,821.0,568.0,243.0,576.0,248.0
1.0,1612.0,769.0,810.0,821.0,766.0,766.0,567.0,243.0,540.0,229.0
1.0,1664.0,730.0,807.0,766.0,721.0,721.0,565.0,242.0,509.0,221.0
1.0,1700.0,806.0,807.0,721.0,806.0,806.0,565.0,242.0,564.0,242.0
1.0,1615.0,919.0,813.0,806.0,937.0,937.0,569.0,244.0,644.0,275.0
1.0,1502.0,879.0,816.0,937.0,888.0,888.0,571.0,245.0,615.0,264.0
1.0,1560.0,834.0,816.0,888.0,834.0,834.0,571.0,245.0,585.0,249.0
1.0,1614.0,758.0,816.0,834.0,758.0,758.0,571.0,245.0,530.0,228.0
1.0,1690.0,718.0,813.0,758.0,709.0,709.0,569.0,244.0,504.0,214.0
1.0,1730.0,771.0,812.0,709.0,768.0,768.0,568.0,244.0,539.0,232.0
1.0,1668.0,840.0,813.0,768.0,843.0,843.0,569.0,244.0,589.0,251.0
1.0,1596.0,931.0,817.0,843.0,943.0,943.0,572.0,245.0,651.0,280.0
1.0,1508.0,952.0,821.0,943.0,964.0,964.0,575.0,246.0,665.0,287.0
1.0,1499.0,899.0,823.0,964.0,905.0,905.0,576.0,247.0,631.0,268.0
1.0,1564.0,774.0,822.0,905.0,771.0,771.0,575.0,247.0,541.0,233.0
1.0,1695.0,691.0,819.0,771.0,682.0,682.0,573.0,246.0,484.0,207.0
1.0,1775.0,786.0,818.0,682.0,783.0,783.0,573.0,245.0,550.0,236.0
1.0,1671.0,879.0,820.0,783.0,885.0,885.0,574.0,246.0,614.0,265.0
1.0,1575.0,882.0,824.0,885.0,894.0,894.0,577.0,247.0,619.0,263.0
1.0,1578.0,832.0,826.0,894.0,838.0,838.0,578.0,248.0,581.0,251.0
1.0,1640.0,866.0,827.0,838.0,869.0,869.0,579.0,248.0,607.0,259.0
1.0,1612.0,803.0,826.0,869.0,800.0,800.0,578.0,248.0,561.0,242.0
1.0,1678.0,766.0,824.0,800.0,760.0,760.0,577.0,247.0,535.0,231.0
1.0,1712.0,796.0,822.0,760.0,790.0,790.0,575.0,247.0,558.0,238.0
1.0,1676.0,814.0,823.0,790.0,817.0,817.0,576.0,247.0,570.0,244.0
1.0,1652.0,869.0,825.0,817.0,875.0,875.0,577.0,248.0,608.0,261.0
1.0,1600.0,917.0,828.0,875.0,926.0,926.0,580.0,248.0,642.0,275.0
1.0,1558.0,959.0,832.0,926.0,971.0,971.0,582.0,250.0,671.0,288.0
1.0,1525.0,844.0,831.0,971.0,841.0,841.0,582.0,249.0,591.0,253.0
1.0,1652.0,791.0,829.0,841.0,785.0,785.0,580.0,249.0,555.0,236.0
1.0,1702.0,810.0,829.0,785.0,810.0,810.0,580.0,249.0,567.0,243.0
1.0,1677.0,783.0,829.0,810.0,783.0,783.0,580.0,249.0,548.0,235.0
1.0,1704.0,846.0,830.0,783.0,849.0,849.0,581.0,249.0,593.0,253.0
1.0,1641.0,955.0,834.0,849.0,967.0,967.0,584.0,250.0,668.0,287.0
1.0,1535.0,955.0,837.0,967.0,964.0,964.0,586.0,251.0,668.0,287.0
1.0,1547.0,738.0,834.0,964.0,729.0,729.0,584.0,250.0,516.0,222.0
1.0,1773.0,817.0,834.0,729.0,817.0,817.0,584.0,250.0,572.0,245.0
1.0,1685.0,777.0,833.0,817.0,774.0,774.0,583.0,250.0,544.0,233.0
1.0,1725.0,836.0,833.0,774.0,836.0,836.0,583.0,250.0,585.0,251.0
1.0,1663.0,938.0,836.0,836.0,947.0,947.0,585.0,251.0,656.0,282.0
1.0,1561.0,913.0,839.0,947.0,922.0,922.0,587.0,252.0,639.0,274.0
1.0,1595.0,873.0,839.0,922.0,873.0,873.0,587.0,252.0,611.0,262.0
1.0,1644.0,810.0,836.0,873.0,801.0,801.0,585.0,251.0,568.0,242.0
1.0,1707.0,751.0,833.0,801.0,742.0,742.0,583.0,250.0,524.0,227.0
1.0,1757.0,827.0,833.0,742.0,827.0,827.0,583.0,250.0,581.0,246.0
1.0,1672.0,850.0,833.0,827.0,850.0,850.0,583.0,250.0,595.0,255.0
1.0,1649.0,912.0,837.0,850.0,924.0,924.0,586.0,251.0,636.0,276.0
1.0,1587.0,902.0,840.0,924.0,911.0,911.0,588.0,252.0,633.0,269.0
1.0,1609.0,884.0,841.0,911.0,887.0,887.0,589.0,252.0,618.0,266.0
1.0,1636.0,849.0,841.0,887.0,849.0,849.0,589.0,252.0,594.0,255.0
1.0,1674.0,777.0,839.0,849.0,771.0,771.0,587.0,252.0,545.0,232.0
1.0,1746.0,836.0,837.0,771.0,830.0,830.0,586.0,251.0,584.0,252.0
1.0,1681.0,899.0,839.0,830.0,905.0,905.0,587.0,252.0,630.0,269.0
1.0,1612.0,986.0,843.0,905.0,998.0,998.0,590.0,253.0,691.0,295.0
1.0,1531.0,931.0,847.0,998.0,943.0,943.0,593.0,254.0,651.0,280.0
1.0,1598.0,882.0,848.0,943.0,885.0,885.0,594.0,254.0,616.0,266.0
1.0,1659.0,774.0,846.0,885.0,768.0,768.0,592.0,254.0,542.0,232.0
1.0,1770.0,760.0,843.0,768.0,751.0,751.0,590.0,253.0,533.0,227.0
1.0,1778.0,774.0,842.0,751.0,771.0,771.0,589.0,253.0,541.0,233.0
1.0,1755.0,885.0,844.0,771.0,891.0,891.0,591.0,253.0,619.0,266.0
1.0,1641.0,921.0,849.0,891.0,936.0,936.0,594.0,255.0,644.0,277.0
1.0,1611.0,935.0,852.0,936.0,944.0,944.0,596.0,256.0,654.0,281.0
1.0,1612.0,812.0,851.0,944.0,809.0,809.0,596.0,255.0,568.0,244.0
1.0,1744.0,795.0,849.0,809.0,789.0,789.0,594.0,255.0,557.0,238.0
1.0,1758.0,853.0,846.0,789.0,844.0,844.0,592.0,254.0,596.0,257.0
1.0,1694.0,858.0,846.0,844.0,858.0,858.0,592.0,254.0,603.0,255.0
1.0,1680.0,882.0,847.0,858.0,885.0,885.0,593.0,254.0,616.0,266.0
1.0,1656.0,938.0,853.0,885.0,956.0,956.0,597.0,256.0,657.0,281.0
1.0,1603.0,964.0,856.0,956.0,973.0,973.0,599.0,257.0,675.0,289.0
1.0,1595.0,898.0,856.0,973.0,898.0,898.0,599.0,257.0,629.0,269.0
1.0,1670.0,833.0,856.0,898.0,833.0,833.0,599.0,257.0,582.0,251.0
1.0,1735.0,796.0,854.0,833.0,790.0,790.0,598.0,256.0,557.0,239.0
1.0,1772.0,807.0,853.0,790.0,804.0,804.0,597.0,256.0,564.0,243.0
1.0,1755.0,857.0,854.0,804.0,860.0,860.0,598.0,256.0,601.0,256.0
1.0,1702.0,1000.0,859.0,860.0,1015.0,1015.0,601.0,258.0,701.0,299.0
1.0,1562.0,883.0,860.0,1015.0,886.0,886.0,602.0,258.0,617.0,266.0
1.0,1694.0,902.0,863.0,886.0,911.0,911.0,604.0,259.0,632.0,270.0
1.0,1678.0,856.0,862.0,911.0,853.0,853.0,603.0,259.0,599.0,257.0
1.0,1733.0,801.0,860.0,853.0,795.0,795.0,602.0,258.0,562.0,239.0
1.0,1785.0,785.0,857.0,795.0,776.0,776.0,600.0,257.0,547.0,238.0
1.0,1795.0,953.0,859.0,776.0,959.0,959.0,601.0,258.0,669.0,284.0
1.0,1618.0,929.0,861.0,959.0,935.0,935.0,603.0,258.0,650.0,279.0
1.0,1648.0,949.0,864.0,935.0,958.0,958.0,605.0,259.0,663.0,286.0
1.0,1634.0,885.0,866.0,958.0,891.0,891.0,606.0,260.0,621.0,264.0
1.0,1707.0,880.0,867.0,891.0,883.0,883.0,607.0,260.0,616.0,264.0
1.0,1718.0,826.0,864.0,883.0,817.0,817.0,605.0,259.0,577.0,249.0
1.0,1775.0,807.0,861.0,817.0,798.0,798.0,603.0,258.0,565.0,242.0
1.0,1785.0,921.0,865.0,798.0,933.0,933.0,605.0,260.0,644.0,277.0
1.0,1662.0,958.0,867.0,933.0,964.0,964.0,607.0,260.0,670.0,288.0
1.0,1637.0,993.0,872.0,964.0,1008.0,1008.0,610.0,262.0,695.0,298.0
1.0,1608.0,909.0,873.0,1008.0,912.0,912.0,611.0,262.0,637.0,272.0
1.0,1707.0,806.0,870.0,912.0,797.0,797.0,609.0,261.0,563.0,243.0
1.0,1813.0,830.0,869.0,797.0,827.0,827.0,608.0,261.0,582.0,248.0
1.0,1780.0,787.0,867.0,827.0,781.0,781.0,607.0,260.0,550.0,237.0
1.0,1820.0,903.0,869.0,781.0,909.0,909.0,608.0,261.0,633.0,270.0
1.0,1698.0,930.0,873.0,909.0,942.0,942.0,611.0,262.0,651.0,279.0
1.0,1677.0,926.0,874.0,942.0,929.0,929.0,612.0,262.0,647.0,279.0
1.0,1693.0,970.0,877.0,929.0,979.0,979.0,614.0,263.0,681.0,289.0
1.0,1652.0,854.0,876.0,979.0,851.0,851.0,613.0,263.0,597.0,257.0
1.0,1777.0,824.0,874.0,851.0,818.0,818.0,612.0,262.0,576.0,248.0
1.0,1804.0,814.0,873.0,818.0,811.0,811.0,611.0,262.0,572.0,242.0
1.0,1808.0,872.0,873.0,811.0,872.0,872.0,611.0,262.0,610.0,262.0
1.0,1747.0,965.0,877.0,872.0,977.0,977.0,614.0,263.0,675.0,290.0
1.0,1654.0,993.0,880.0,977.0,1002.0,1002.0,616.0,264.0,695.0,298.0
1.0,1638.0,897.0,880.0,1002.0,897.0,897.0,616.0,264.0,628.0,269.0
1.0,1743.0,850.0,877.0,897.0,841.0,841.0,614.0,263.0,594.0,256.0
1.0,1790.0,819.0,875.0,841.0,813.0,813.0,612.0,263.0,574.0,245.0
1.0,1812.0,848.0,874.0,813.0,845.0,845.0,612.0,262.0,594.0,254.0
1.0,1777.0,932.0,877.0,845.0,941.0,941.0,614.0,263.0,652.0,280.0
1.0,1690.0,966.0,881.0,941.0,978.0,978.0,617.0,264.0,676.0,290.0
1.0,1665.0,1060.0,887.0,978.0,1078.0,1078.0,621.0,266.0,743.0,317.0
1.0,1583.0,880.0,887.0,1078.0,880.0,880.0,621.0,266.0,616.0,264.0
1.0,1781.0,801.0,884.0,880.0,792.0,792.0,619.0,265.0,560.0,241.0
1.0,1860.0,877.0,883.0,792.0,874.0,874.0,618.0,265.0,615.0,262.0
1.0,1775.0,875.0,884.0,874.0,878.0,878.0,619.0,265.0,611.0,264.0
1.0,1774.0,867.0,886.0,878.0,873.0,873.0,620.0,266.0,608.0,259.0
1.0,1785.0,976.0,888.0,873.0,982.0,982.0,622.0,266.0,682.0,294.0
1.0,1682.0,942.0,890.0,982.0,948.0,948.0,623.0,267.0,660.0,282.0
1.0,1722.0,938.0,891.0,948.0,941.0,941.0,624.0,267.0,655.0,283.0
1.0,1732.0,847.0,889.0,941.0,841.0,841.0,622.0,267.0,594.0,253.0
1.0,1826.0,801.0,886.0,841.0,792.0,792.0,620.0,266.0,561.0,240.0
1.0,1866.0,833.0,885.0,792.0,830.0,830.0,619.0,266.0,582.0,251.0
1.0,1825.0,929.0,887.0,830.0,935.0,935.0,621.0,266.0,649.0,280.0
1.0,1726.0,917.0,889.0,935.0,923.0,923.0,622.0,267.0,644.0,273.0
1.0,1744.0,872.0,890.0,923.0,875.0,875.0,623.0,267.0,611.0,261.0
1.0,1795.0,909.0,891.0,875.0,912.0,912.0,624.0,267.0,634.0,275.0
1.0,1761.0,893.0,889.0,912.0,887.0,887.0,622.0,267.0,626.0,267.0
1.0,1780.0,801.0,887.0,887.0,795.0,795.0,621.0,266.0,560.0,241.0
1.0,1866.0,846.0,887.0,795.0,846.0,846.0,621.0,266.0,592.0,254.0
1.0,1815.0,907.0,887.0,846.0,907.0,907.0,621.0,266.0,635.0,272.0
1.0,1754.0,986.0,891.0,907.0,998.0,998.0,624.0,267.0,690.0,296.0
1.0,1675.0,1022.0,896.0,998.0,1037.0,1037.0,627.0,269.0,716.0,306.0
1.0,1651.0,964.0,896.0,1037.0,964.0,964.0,627.0,269.0,676.0,288.0
1.0,1724.0,909.0,896.0,964.0,909.0,909.0,627.0,269.0,635.0,274.0
1.0,1779.0,853.0,894.0,909.0,847.0,847.0,626.0,268.0,596.0,257.0
1.0,1835.0,935.0,894.0,847.0,935.0,935.0,626.0,268.0,655.0,280.0
1.0,1747.0,979.0,897.0,935.0,988.0,988.0,628.0,269.0,686.0,293.0
1.0,1703.0,995.0,900.0,988.0,1004.0,1004.0,630.0,270.0,696.0,299.0
1.0,1696.0,919.0,902.0,1004.0,925.0,925.0,631.0,271.0,643.0,276.0
1.0,1781.0,890.0,901.0,925.0,887.0,887.0,631.0,270.0,622.0,268.0
1.0,1816.0,867.0,900.0,887.0,864.0,864.0,630.0,270.0,608.0,259.0
1.0,1836.0,815.0,896.0,864.0,803.0,803.0,627.0,269.0,571.0,244.0
1.0,1885.0,894.0,896.0,803.0,894.0,894.0,627.0,269.0,626.0,268.0
1.0,1794.0,968.0,899.0,894.0,977.0,977.0,629.0,270.0,677.0,291.0
1.0,1720.0,985.0,902.0,977.0,994.0,994.0,631.0,271.0,689.0,296.0
1.0,1712.0,980.0,906.0,994.0,992.0,992.0,634.0,272.0,686.0,294.0
1.0,1726.0,966.0,907.0,992.0,969.0,969.0,635.0,272.0,677.0,289.0
1.0,1752.0,883.0,906.0,969.0,880.0,880.0,634.0,272.0,618.0,265.0
1.0,1838.0,845.0,904.0,880.0,839.0,839.0,633.0,271.0,591.0,254.0
1.0,1873.0,824.0,902.0,839.0,818.0,818.0,631.0,271.0,577.0,247.0
1.0,1888.0,923.0,903.0,818.0,926.0,926.0,632.0,271.0,647.0,276.0
1.0,1783.0,950.0,906.0,926.0,959.0,959.0,634.0,272.0,664.0,286.0
1.0,1759.0,970.0,909.0,959.0,979.0,979.0,636.0,273.0,679.0,291.0
1.0,1748.0,926.0,910.0,979.0,929.0,929.0,637.0,273.0,649.0,277.0
1.0,1801.0,877.0,907.0,929.0,868.0,868.0,635.0,272.0,613.0,264.0
1.0,1853.0,890.0,906.0,868.0,887.0,887.0,634.0,272.0,624.0,266.0
1.0,1831.0,900.0,906.0,887.0,900.0,900.0,634.0,272.0,630.0,270.0
1.0,1818.0,926.0,907.0,900.0,929.0,929.0,635.0,272.0,647.0,279.0
1.0,1792.0,944.0,910.0,929.0,953.0,953.0,637.0,273.0,662.0,282.0
1.0,1777.0,1029.0,913.0,953.0,1038.0,1038.0,639.0,274.0,721.0,308.0
1.0,1701.0,930.0,913.0,1038.0,930.0,930.0,639.0,274.0,651.0,279.0
1.0,1809.0,896.0,912.0,930.0,893.0,893.0,638.0,274.0,626.0,270.0
1.0,1843.0,842.0,907.0,893.0,827.0,827.0,635.0,272.0,589.0,253.0
1.0,1894.0,880.0,907.0,827.0,880.0,880.0,635.0,272.0,616.0,264.0
1.0,1841.0,904.0,910.0,880.0,913.0,913.0,637.0,273.0,635.0,269.0
1.0,1817.0,1007.0,912.0,913.0,1013.0,1013.0,638.0,274.0,704.0,303.0
1.0,1723.0,1033.0,916.0,1013.0,1045.0,1045.0,641.0,275.0,723.0,310.0
1.0,1703.0,1005.0,917.0,1045.0,1008.0,1008.0,642.0,275.0,703.0,302.0
1.0,1743.0,884.0,916.0,1008.0,881.0,881.0,641.0,275.0,620.0,264.0
1.0,1867.0,887.0,914.0,881.0,881.0,881.0,640.0,274.0,620.0,267.0
1.0,1861.0,904.0,914.0,881.0,904.0,904.0,640.0,274.0,633.0,271.0
1.0,1838.0,956.0,916.0,904.0,962.0,962.0,641.0,275.0,670.0,286.0
1.0,1786.0,1028.0,920.0,962.0,1040.0,1040.0,644.0,276.0,718.0,310.0
1.0,1720.0,1049.0,924.0,1040.0,1061.0,1061.0,647.0,277.0,735.0,314.0
1.0,1711.0,957.0,926.0,1061.0,963.0,963.0,648.0,278.0,670.0,287.0
1.0,1815.0,893.0,925.0,963.0,890.0,890.0,647.0,278.0,625.0,268.0
1.0,1885.0,874.0,925.0,890.0,874.0,874.0,647.0,278.0,612.0,262.0
1.0,1901.0,883.0,924.0,874.0,880.0,880.0,647.0,277.0,618.0,265.0
1.0,1892.0,896.0,924.0,880.0,896.0,896.0,647.0,277.0,627.0,269.0
1.0,1876.0,1044.0,929.0,896.0,1059.0,1059.0,650.0,279.0,731.0,313.0
1.0,1728.0,1046.0,933.0,1059.0,1058.0,1058.0,653.0,280.0,732.0,314.0
1.0,1741.0,1009.0,935.0,1058.0,1015.0,1015.0,655.0,280.0,706.0,303.0
1.0,1790.0,914.0,934.0,1015.0,911.0,911.0,654.0,280.0,641.0,273.0
1.0,1891.0,890.0,931.0,911.0,881.0,881.0,652.0,279.0,621.0,269.0
1.0,1912.0,868.0,929.0,881.0,862.0,862.0,650.0,279.0,609.0,259.0
1.0,1925.0,917.0,930.0,862.0,920.0,920.0,651.0,279.0,642.0,275.0
1.0,1870.0,1022.0,933.0,920.0,1031.0,1031.0,653.0,280.0,715.0,307.0
1.0,1768.0,974.0,933.0,1031.0,974.0,974.0,653.0,280.0,683.0,291.0
1.0,1825.0,1043.0,934.0,974.0,1046.0,1046.0,654.0,280.0,729.0,314.0
1.0,1756.0,938.0,934.0,1046.0,938.0,938.0,654.0,280.0,658.0,280.0
1.0,1864.0,893.0,933.0,938.0,890.0,890.0,653.0,280.0,625.0,268.0
1.0,1909.0,912.0,933.0,890.0,912.0,912.0,653.0,280.0,638.0,274.0
1.0,1887.0,970.0,936.0,912.0,979.0,979.0,655.0,281.0,678.0,292.0
1.0,1829.0,973.0,939.0,979.0,982.0,982.0,657.0,282.0,681.0,292.0
1.0,1835.0,1006.0,940.0,982.0,1009.0,1009.0,658.0,282.0,706.0,300.0
1.0,1811.0,911.0,940.0,1009.0,911.0,911.0,658.0,282.0,637.0,274.0
1.0,1909.0,933.0,939.0,911.0,930.0,930.0,657.0,282.0,653.0,280.0
1.0,1887.0,917.0,937.0,930.0,911.0,911.0,656.0,281.0,641.0,276.0
1.0,1900.0,905.0,936.0,911.0,902.0,902.0,655.0,281.0,635.0,270.0
1.0,1906.0,947.0,937.0,902.0,950.0,950.0,656.0,281.0,662.0,285.0
1.0,1861.0,1023.0,941.0,950.0,1035.0,1035.0,659.0,282.0,716.0,307.0
1.0,1788.0,1022.0,944.0,1035.0,1031.0,1031.0,661.0,283.0,716.0,306.0
1.0,1801.0,953.0,946.0,1031.0,959.0,959.0,662.0,284.0,667.0,286.0
1.0,1879.0,924.0,944.0,959.0,918.0,918.0,661.0,283.0,647.0,277.0
1.0,1914.0,934.0,944.0,918.0,934.0,934.0,661.0,283.0,653.0,281.0
1.0,1898.0,870.0,943.0,934.0,867.0,867.0,660.0,283.0,611.0,259.0
1.0,1962.0,999.0,946.0,867.0,1008.0,1008.0,662.0,284.0,698.0,301.0
1.0,1830.0,986.0,947.0,1008.0,989.0,989.0,663.0,284.0,691.0,295.0
1.0,1852.0,1046.0,950.0,989.0,1055.0,1055.0,665.0,285.0,732.0,314.0
1.0,1795.0,976.0,951.0,1055.0,979.0,979.0,666.0,285.0,684.0,292.0
1.0,1874.0,909.0,950.0,979.0,906.0,906.0,665.0,285.0,636.0,273.0
1.0,1944.0,881.0,947.0,906.0,872.0,872.0,663.0,284.0,615.0,266.0
1.0,1969.0,815.0,946.0,872.0,812.0,812.0,662.0,284.0,571.0,244.0
1.0,2026.0,904.0,946.0,812.0,904.0,904.0,662.0,284.0,633.0,271.0
1.0,1934.0,1077.0,950.0,904.0,1089.0,1089.0,665.0,285.0,754.0,323.0
1.0,1761.0,1020.0,953.0,1089.0,1029.0,1029.0,667.0,286.0,714.0,306.0
1.0,1830.0,999.0,954.0,1029.0,1002.0,1002.0,668.0,286.0,698.0,301.0
1.0,1860.0,914.0,953.0,1002.0,911.0,911.0,667.0,286.0,641.0,273.0
1.0,1948.0,914.0,950.0,911.0,905.0,905.0,665.0,285.0,641.0,273.0
1.0,1945.0,944.0,949.0,905.0,941.0,941.0,664.0,285.0,660.0,284.0
1.0,1906.0,906.0,950.0,941.0,909.0,909.0,665.0,285.0,634.0,272.0
1.0,1941.0,966.0,951.0,909.0,969.0,969.0,666.0,285.0,675.0,291.0
1.0,1884.0,1050.0,954.0,969.0,1059.0,1059.0,668.0,286.0,737.0,313.0
1.0,1803.0,1007.0,954.0,1059.0,1007.0,1007.0,668.0,286.0,704.0,303.0
1.0,1855.0,923.0,953.0,1007.0,920.0,920.0,667.0,286.0,647.0,276.0
1.0,1939.0,847.0,949.0,920.0,835.0,835.0,664.0,285.0,592.0,255.0
1.0,2012.0,926.0,948.0,835.0,923.0,923.0,664.0,284.0,648.0,278.0
1.0,1921.0,1005.0,950.0,923.0,1011.0,1011.0,665.0,285.0,702.0,303.0
1.0,1839.0,1066.0,954.0,1011.0,1078.0,1078.0,668.0,286.0,747.0,319.0
1.0,1784.0,1072.0,957.0,1078.0,1081.0,1081.0,670.0,287.0,750.0,322.0
1.0,1790.0,1013.0,960.0,1081.0,1022.0,1022.0,672.0,288.0,711.0,302.0
1.0,1858.0,958.0,959.0,1022.0,955.0,955.0,671.0,288.0,670.0,288.0
1.0,1922.0,877.0,956.0,955.0,868.0,868.0,669.0,287.0,614.0,263.0
1.0,2000.0,920.0,953.0,868.0,911.0,911.0,667.0,286.0,643.0,277.0
1.0,1948.0,951.0,954.0,911.0,954.0,954.0,668.0,286.0,666.0,285.0
1.0,1908.0,1040.0,957.0,954.0,1049.0,1049.0,670.0,287.0,728.0,312.0
1.0,1822.0,1089.0,961.0,1049.0,1101.0,1101.0,673.0,288.0,763.0,326.0
1.0,1782.0,1001.0,963.0,1101.0,1007.0,1007.0,674.0,289.0,702.0,299.0
1.0,1882.0,903.0,960.0,1007.0,894.0,894.0,672.0,288.0,630.0,273.0
1.0,1986.0,887.0,959.0,894.0,884.0,884.0,671.0,288.0,622.0,265.0
1.0,1993.0,921.0,957.0,884.0,915.0,915.0,670.0,287.0,644.0,277.0
1.0,1956.0,1000.0,957.0,915.0,1000.0,1000.0,670.0,287.0,700.0,300.0
1.0,1871.0,1002.0,960.0,1000.0,1011.0,1011.0,672.0,288.0,703.0,299.0
1.0,1869.0,1017.0,962.0,1011.0,1023.0,1023.0,673.0,289.0,711.0,306.0
1.0,1863.0,1011.0,963.0,1023.0,1014.0,1014.0,674.0,289.0,709.0,302.0
1.0,1875.0,952.0,963.0,1014.0,952.0,952.0,674.0,289.0,666.0,286.0
1.0,1937.0,921.0,960.0,952.0,912.0,912.0,672.0,288.0,644.0,277.0
1.0,1968.0,946.0,961.0,912.0,949.0,949.0,673.0,288.0,662.0,284.0
1.0,1934.0,1085.0,964.0,949.0,1094.0,1094.0,675.0,289.0,759.0,326.0
1.0,1798.0,1081.0,967.0,1094.0,1090.0,1090.0,677.0,290.0,756.0,325.0
1.0,1811.0,1115.0,971.0,1090.0,1127.0,1127.0,680.0,291.0,781.0,334.0
1.0,1786.0,1001.0,973.0,1127.0,1007.0,1007.0,681.0,292.0,701.0,300.0
1.0,1912.0,962.0,971.0,1007.0,956.0,956.0,680.0,291.0,673.0,289.0
1.0,1957.0,950.0,970.0,956.0,947.0,947.0,679.0,291.0,664.0,286.0
1.0,1963.0,910.0,969.0,947.0,907.0,907.0,678.0,291.0,638.0,272.0
1.0,2000.0,1006.0,970.0,907.0,1009.0,1009.0,679.0,291.0,703.0,303.0
1.0,1901.0,1043.0,973.0,1009.0,1052.0,1052.0,681.0,292.0,732.0,311.0
1.0,1867.0,1062.0,977.0,1052.0,1074.0,1074.0,684.0,293.0,743.0,319.0
1.0,1857.0,1020.0,977.0,1074.0,1020.0,1020.0,684.0,293.0,712.0,308.0
1.0,1911.0,989.0,977.0,1020.0,989.0,989.0,684.0,293.0,693.0,296.0
1.0,1942.0,878.0,974.0,989.0,869.0,869.0,682.0,292.0,615.0,263.0
1.0,2053.0,910.0,973.0,869.0,907.0,907.0,681.0,292.0,638.0,272.0
1.0,2012.0,1118.0,976.0,907.0,1127.0,1127.0,683.0,293.0,782.0,336.0
1.0,1801.0,1044.0,980.0,1127.0,1056.0,1056.0,686.0,294.0,730.0,314.0
1.0,1884.0,1098.0,985.0,1056.0,1113.0,1113.0,689.0,296.0,768.0,330.0
1.0,1842.0,1042.0,987.0,1113.0,1048.0,1048.0,691.0,296.0,729.0,313.0
1.0,1913.0,960.0,986.0,1048.0,957.0,957.0,690.0,296.0,672.0,288.0
1.0,2001.0,937.0,984.0,957.0,931.0,931.0,689.0,295.0,655.0,282.0
1.0,2021.0,921.0,983.0,931.0,918.0,918.0,688.0,295.0,646.0,275.0
1.0,2031.0,949.0,983.0,918.0,949.0,949.0,688.0,295.0,665.0,284.0
1.0,2000.0,1022.0,985.0,949.0,1028.0,1028.0,689.0,296.0,714.0,308.0
1.0,1927.0,1040.0,987.0,1028.0,1046.0,1046.0,691.0,296.0,729.0,311.0
1.0,1915.0,1032.0,989.0,1046.0,1038.0,1038.0,692.0,297.0,722.0,310.0
1.0,1929.0,936.0,989.0,1038.0,936.0,936.0,692.0,297.0,655.0,281.0
1.0,2031.0,986.0,987.0,936.0,980.0,980.0,691.0,296.0,689.0,297.0
1.0,1981.0,981.0,987.0,980.0,981.0,981.0,691.0,296.0,687.0,294.0
1.0,1980.0,1033.0,989.0,981.0,1039.0,1039.0,692.0,297.0,724.0,309.0
1.0,1928.0,1069.0,993.0,1039.0,1081.0,1081.0,695.0,298.0,749.0,320.0
1.0,1898.0,1122.0,997.0,1081.0,1134.0,1134.0,698.0,299.0,785.0,337.0
1.0,1857.0,1104.0,999.0,1134.0,1110.0,1110.0,699.0,300.0,772.0,332.0
1.0,1887.0,997.0,997.0,1110.0,991.0,991.0,698.0,299.0,698.0,299.0
1.0,2000.0,918.0,994.0,991.0,909.0,909.0,696.0,298.0,643.0,275.0
1.0,2073.0,964.0,994.0,909.0,964.0,964.0,696.0,298.0,674.0,290.0
1.0,2018.0,1031.0,996.0,964.0,1037.0,1037.0,697.0,299.0,723.0,308.0
1.0,1951.0,1032.0,999.0,1037.0,1041.0,1041.0,699.0,300.0,722.0,310.0
1.0,1956.0,1097.0,1002.0,1041.0,1106.0,1106.0,701.0,301.0,768.0,329.0
1.0,1900.0,1076.0,1004.0,1106.0,1082.0,1082.0,703.0,301.0,755.0,321.0
1.0,1930.0,1006.0,1003.0,1082.0,1003.0,1003.0,702.0,301.0,704.0,302.0
1.0,2006.0,944.0,1000.0,1003.0,935.0,935.0,700.0,300.0,659.0,285.0
1.0,2065.0,984.0,1000.0,935.0,984.0,984.0,700.0,300.0,691.0,293.0
1.0,2016.0,1079.0,1004.0,984.0,1091.0,1091.0,703.0,301.0,755.0,324.0
1.0,1921.0,1005.0,1006.0,1091.0,1011.0,1011.0,704.0,302.0,702.0,303.0
1.0,2007.0,1070.0,1009.0,1011.0,1079.0,1079.0,706.0,303.0,749.0,321.0
1.0,1948.0,1113.0,1011.0,1079.0,1119.0,1119.0,708.0,303.0,781.0,332.0
1.0,1914.0,973.0,1010.0,1119.0,970.0,970.0,707.0,303.0,680.0,293.0
1.0,2060.0,888.0,1008.0,970.0,882.0,882.0,706.0,302.0,621.0,267.0
1.0,2142.0,961.0,1007.0,882.0,958.0,958.0,705.0,302.0,674.0,287.0
1.0,2063.0,950.0,1007.0,958.0,950.0,950.0,705.0,302.0,665.0,285.0
1.0,2071.0,1045.0,1009.0,950.0,1051.0,1051.0,706.0,303.0,731.0,314.0
1.0,1976.0,1121.0,1013.0,1051.0,1133.0,1133.0,709.0,304.0,784.0,337.0
1.0,1906.0,1056.0,1012.0,1133.0,1053.0,1053.0,708.0,304.0,739.0,317.0
1.0,1983.0,1016.0,1011.0,1053.0,1013.0,1013.0,708.0,303.0,710.0,306.0
1.0,2020.0,945.0,1007.0,1013.0,933.0,933.0,705.0,302.0,662.0,283.0
1.0,2088.0,970.0,1007.0,933.0,970.0,970.0,705.0,302.0,678.0,292.0
1.0,2051.0,989.0,1007.0,970.0,989.0,989.0,705.0,302.0,693.0,296.0
1.0,2032.0,1049.0,1010.0,989.0,1058.0,1058.0,707.0,303.0,735.0,314.0
1.0,1972.0,1122.0,1013.0,1058.0,1131.0,1131.0,709.0,304.0,786.0,336.0
1.0,1908.0,1063.0,1014.0,1131.0,1066.0,1066.0,710.0,304.0,742.0,321.0
1.0,1976.0,980.0,1013.0,1066.0,977.0,977.0,709.0,304.0,688.0,292.0
1.0,2062.0,973.0,1012.0,977.0,970.0,970.0,708.0,304.0,680.0,293.0
1.0,2066.0,930.0,1010.0,970.0,924.0,924.0,707.0,303.0,652.0,278.0
1.0,2106.0,1010.0,1010.0,924.0,1010.0,1010.0,707.0,303.0,705.0,305.0
1.0,2020.0,1084.0,1014.0,1010.0,1096.0,1096.0,710.0,304.0,758.0,326.0
1.0,1946.0,1056.0,1017.0,1096.0,1065.0,1065.0,712.0,305.0,741.0,315.0
1.0,1986.0,1086.0,1017.0,1065.0,1086.0,1086.0,712.0,305.0,760.0,326.0
1.0,1965.0,986.0,1016.0,1086.0,983.0,983.0,711.0,305.0,689.0,297.0
1.0,2065.0,984.0,1013.0,983.0,975.0,975.0,709.0,304.0,688.0,296.0
1.0,2064.0,917.0,1011.0,975.0,911.0,911.0,708.0,303.0,643.0,274.0
1.0,2122.0,997.0,1011.0,911.0,997.0,997.0,708.0,303.0,698.0,299.0
1.0,2036.0,1103.0,1014.0,997.0,1112.0,1112.0,710.0,304.0,772.0,331.0
1.0,1930.0,1159.0,1019.0,1112.0,1174.0,1174.0,713.0,306.0,812.0,347.0
1.0,1883.0,1076.0,1022.0,1174.0,1085.0,1085.0,715.0,307.0,753.0,323.0
1.0,1981.0,979.0,1021.0,1085.0,976.0,976.0,715.0,306.0,684.0,295.0
1.0,2087.0,1009.0,1020.0,976.0,1006.0,1006.0,714.0,306.0,706.0,303.0
1.0,2054.0,1026.0,1020.0,1006.0,1026.0,1026.0,714.0,306.0,718.0,308.0
1.0,2034.0,1059.0,1023.0,1026.0,1068.0,1068.0,716.0,307.0,742.0,317.0
1.0,2001.0,1082.0,1024.0,1068.0,1085.0,1085.0,717.0,307.0,757.0,325.0
1.0,1987.0,1143.0,1027.0,1085.0,1152.0,1152.0,719.0,308.0,800.0,343.0
1.0,1929.0,1069.0,1029.0,1152.0,1075.0,1075.0,720.0,309.0,748.0,321.0
1.0,2012.0,999.0,1027.0,1075.0,993.0,993.0,719.0,308.0,698.0,301.0
1.0,2088.0,968.0,1024.0,993.0,959.0,959.0,717.0,307.0,679.0,289.0
1.0,2113.0,957.0,1021.0,959.0,948.0,948.0,715.0,306.0,670.0,287.0
1.0,2115.0,1053.0,1022.0,948.0,1056.0,1056.0,715.0,307.0,737.0,316.0
1.0,2010.0,1171.0,1027.0,1056.0,1186.0,1186.0,719.0,308.0,819.0,352.0
1.0,1895.0,1093.0,1030.0,1186.0,1102.0,1102.0,721.0,309.0,766.0,327.0
1.0,1988.0,999.0,1029.0,1102.0,996.0,996.0,720.0,309.0,699.0,300.0
1.0,2091.0,1007.0,1029.0,996.0,1007.0,1007.0,720.0,309.0,705.0,302.0
1.0,2080.0,1016.0,1027.0,1007.0,1010.0,1010.0,719.0,308.0,710.0,306.0
1.0,2071.0,945.0,1024.0,1010.0,936.0,936.0,717.0,307.0,662.0,283.0
1.0,2136.0,1053.0,1026.0,936.0,1059.0,1059.0,718.0,308.0,738.0,315.0
1.0,2019.0,1060.0,1027.0,1059.0,1063.0,1063.0,719.0,308.0,741.0,319.0
1.0,2018.0,1145.0,1030.0,1063.0,1154.0,1154.0,721.0,309.0,801.0,344.0
1.0,1936.0,1040.0,1030.0,1154.0,1040.0,1040.0,721.0,309.0,728.0,312.0
1.0,2050.0,975.0,1029.0,1040.0,972.0,972.0,720.0,309.0,684.0,291.0
1.0,2115.0,964.0,1027.0,972.0,958.0,958.0,719.0,308.0,674.0,290.0
1.0,2123.0,968.0,1024.0,958.0,959.0,959.0,717.0,307.0,678.0,290.0
1.0,2113.0,1062.0,1026.0,959.0,1068.0,1068.0,718.0,308.0,742.0,320.0
1.0,2010.0,1091.0,1030.0,1068.0,1103.0,1103.0,721.0,309.0,764.0,327.0
1.0,1987.0,1064.0,1032.0,1103.0,1070.0,1070.0,722.0,310.0,746.0,318.0
1.0,2026.0,1122.0,1036.0,1070.0,1134.0,1134.0,725.0,311.0,785.0,337.0
1.0,1974.0,1087.0,1036.0,1134.0,1087.0,1087.0,725.0,311.0,762.0,325.0
1.0,2021.0,1003.0,1034.0,1087.0,997.0,997.0,724.0,310.0,701.0,302.0
1.0,2105.0,1032.0,1033.0,997.0,1029.0,1029.0,723.0,310.0,721.0,311.0
1.0,2070.0,1047.0,1034.0,1029.0,1050.0,1050.0,724.0,310.0,734.0,313.0
1.0,2052.0,1116.0,1037.0,1050.0,1125.0,1125.0,726.0,311.0,781.0,335.0
1.0,1986.0,1053.0,1039.0,1125.0,1059.0,1059.0,727.0,312.0,738.0,315.0
1.0,2058.0,1056.0,1040.0,1059.0,1059.0,1059.0,728.0,312.0,738.0,318.0
1.0,2061.0,1006.0,1039.0,1059.0,1003.0,1003.0,727.0,312.0,705.0,301.0
1.0,2114.0,971.0,1036.0,1003.0,962.0,962.0,725.0,311.0,678.0,293.0
1.0,2146.0,1036.0,1036.0,962.0,1036.0,1036.0,725.0,311.0,727.0,309.0
1.0,2072.0,1102.0,1039.0,1036.0,1111.0,1111.0,727.0,312.0,771.0,331.0
1.0,2006.0,1160.0,1042.0,1111.0,1169.0,1169.0,729.0,313.0,812.0,348.0
1.0,1957.0,1077.0,1044.0,1169.0,1083.0,1083.0,731.0,313.0,754.0,323.0
1.0,2049.0,1159.0,1047.0,1083.0,1168.0,1168.0,733.0,314.0,811.0,348.0
1.0,1973.0,955.0,1046.0,1168.0,952.0,952.0,732.0,314.0,669.0,286.0
1.0,2186.0,1024.0,1044.0,952.0,1018.0,1018.0,731.0,313.0,717.0,307.0
1.0,2114.0,1011.0,1043.0,1018.0,1008.0,1008.0,730.0,313.0,709.0,302.0
1.0,2121.0,1122.0,1046.0,1008.0,1131.0,1131.0,732.0,314.0,785.0,337.0
1.0,2007.0,1174.0,1049.0,1131.0,1183.0,1183.0,734.0,315.0,821.0,353.0
1.0,1964.0,1062.0,1052.0,1183.0,1071.0,1071.0,736.0,316.0,743.0,319.0
1.0,2085.0,1139.0,1054.0,1071.0,1145.0,1145.0,738.0,316.0,797.0,342.0
1.0,2017.0,1052.0,1054.0,1145.0,1052.0,1052.0,738.0,316.0,735.0,317.0
1.0,2110.0,948.0,1050.0,1052.0,936.0,936.0,735.0,315.0,666.0,282.0
1.0,2214.0,1014.0,1049.0,936.0,1011.0,1011.0,734.0,315.0,709.0,305.0
1.0,2136.0,1107.0,1051.0,1011.0,1113.0,1113.0,736.0,315.0,774.0,333.0
1.0,2040.0,1123.0,1053.0,1113.0,1129.0,1129.0,737.0,316.0,788.0,335.0
1.0,2030.0,1093.0,1054.0,1129.0,1096.0,1096.0,738.0,316.0,764.0,329.0
1.0,2066.0,1091.0,1056.0,1096.0,1097.0,1097.0,739.0,317.0,764.0,327.0
1.0,2071.0,1023.0,1054.0,1097.0,1017.0,1017.0,738.0,316.0,716.0,307.0
1.0,2145.0,1015.0,1051.0,1017.0,1006.0,1006.0,736.0,315.0,711.0,304.0
1.0,2147.0,1014.0,1050.0,1006.0,1011.0,1011.0,735.0,315.0,709.0,305.0
1.0,2139.0,1099.0,1053.0,1011.0,1108.0,1108.0,737.0,316.0,771.0,328.0
1.0,2051.0,1186.0,1057.0,1108.0,1198.0,1198.0,740.0,317.0,830.0,356.0
1.0,1973.0,1126.0,1060.0,1198.0,1135.0,1135.0,742.0,318.0,788.0,338.0
1.0,2045.0,1119.0,1061.0,1135.0,1122.0,1122.0,743.0,318.0,782.0,337.0
1.0,2061.0,1034.0,1059.0,1122.0,1028.0,1028.0,741.0,318.0,725.0,309.0
1.0,2149.0,981.0,1056.0,1028.0,972.0,972.0,739.0,317.0,687.0,294.0
1.0,2196.0,966.0,1056.0,972.0,966.0,966.0,739.0,317.0,676.0,290.0
1.0,2202.0,1090.0,1057.0,966.0,1093.0,1093.0,740.0,317.0,762.0,328.0
1.0,2078.0,1193.0,1060.0,1093.0,1202.0,1202.0,742.0,318.0,835.0,358.0
1.0,1978.0,1214.0,1066.0,1202.0,1232.0,1232.0,746.0,320.0,850.0,364.0
1.0,1966.0,1089.0,1067.0,1232.0,1092.0,1092.0,747.0,320.0,763.0,326.0
1.0,2109.0,1059.0,1067.0,1092.0,1059.0,1059.0,747.0,320.0,741.0,318.0
1.0,2142.0,982.0,1063.0,1059.0,970.0,970.0,744.0,319.0,688.0,294.0
1.0,2219.0,1062.0,1064.0,970.0,1065.0,1065.0,745.0,319.0,741.0,321.0
1.0,2127.0,993.0,1064.0,1065.0,993.0,993.0,745.0,319.0,695.0,298.0
1.0,2199.0,1145.0,1067.0,993.0,1154.0,1154.0,747.0,320.0,802.0,343.0
1.0,2047.0,1215.0,1073.0,1154.0,1233.0,1233.0,751.0,322.0,851.0,364.0
1.0,1986.0,1057.0,1073.0,1233.0,1057.0,1057.0,751.0,322.0,740.0,317.0
1.0,2162.0,1086.0,1073.0,1057.0,1086.0,1086.0,751.0,322.0,760.0,326.0
1.0,2133.0,1043.0,1072.0,1086.0,1040.0,1040.0,750.0,322.0,730.0,313.0
1.0,2176.0,1014.0,1070.0,1040.0,1008.0,1008.0,749.0,321.0,710.0,304.0
1.0,2202.0,1113.0,1070.0,1008.0,1113.0,1113.0,749.0,321.0,780.0,333.0
1.0,2097.0,1122.0,1073.0,1113.0,1131.0,1131.0,751.0,322.0,784.0,338.0
1.0,2088.0,1175.0,1076.0,1131.0,1184.0,1184.0,753.0,323.0,822.0,353.0
1.0,2044.0,1116.0,1077.0,1184.0,1119.0,1119.0,754.0,323.0,782.0,334.0
1.0,2112.0,1100.0,1076.0,1119.0,1097.0,1097.0,753.0,323.0,770.0,330.0
1.0,2131.0,996.0,1076.0,1097.0,996.0,996.0,753.0,323.0,696.0,300.0
1.0,2232.0,1074.0,1076.0,996.0,1074.0,1074.0,753.0,323.0,752.0,322.0
1.0,2154.0,1132.0,1078.0,1074.0,1138.0,1138.0,755.0,323.0,792.0,340.0
1.0,2096.0,1122.0,1081.0,1138.0,1131.0,1131.0,757.0,324.0,785.0,337.0
1.0,2112.0,1205.0,1084.0,1131.0,1214.0,1214.0,759.0,325.0,845.0,360.0
1.0,2038.0,1169.0,1086.0,1214.0,1175.0,1175.0,760.0,326.0,817.0,352.0
1.0,2083.0,1059.0,1083.0,1175.0,1050.0,1050.0,758.0,325.0,742.0,317.0
1.0,2199.0,1034.0,1083.0,1050.0,1034.0,1034.0,758.0,325.0,723.0,311.0
1.0,2215.0,1027.0,1080.0,1034.0,1018.0,1018.0,756.0,324.0,718.0,309.0
1.0,2222.0,1095.0,1083.0,1018.0,1104.0,1104.0,758.0,325.0,767.0,328.0
1.0,2145.0,1103.0,1084.0,1104.0,1106.0,1106.0,759.0,325.0,771.0,332.0
1.0,2146.0,1224.0,1089.0,1106.0,1239.0,1239.0,762.0,327.0,857.0,367.0
1.0,2028.0,1158.0,1089.0,1239.0,1158.0,1158.0,762.0,327.0,811.0,347.0
1.0,2109.0,1085.0,1087.0,1158.0,1079.0,1079.0,761.0,326.0,759.0,326.0
1.0,2182.0,978.0,1086.0,1079.0,975.0,975.0,760.0,326.0,686.0,292.0
1.0,2283.0,1073.0,1084.0,975.0,1067.0,1067.0,759.0,325.0,750.0,323.0
1.0,2185.0,1064.0,1084.0,1067.0,1064.0,1064.0,759.0,325.0,745.0,319.0
1.0,2188.0,1206.0,1090.0,1064.0,1224.0,1224.0,763.0,327.0,845.0,361.0
1.0,2046.0,1206.0,1093.0,1224.0,1215.0,1215.0,765.0,328.0,845.0,361.0
1.0,2064.0,1139.0,1094.0,1215.0,1142.0,1142.0,766.0,328.0,795.0,344.0
1.0,2140.0,1071.0,1093.0,1142.0,1068.0,1068.0,765.0,328.0,751.0,320.0
1.0,2211.0,1059.0,1093.0,1068.0,1059.0,1059.0,765.0,328.0,741.0,318.0
1.0,2220.0,1004.0,1090.0,1059.0,995.0,995.0,763.0,327.0,702.0,302.0
1.0,2275.0,1089.0,1092.0,995.0,1095.0,1095.0,764.0,328.0,763.0,326.0
1.0,2181.0,1156.0,1094.0,1095.0,1162.0,1162.0,766.0,328.0,808.0,348.0
1.0,2120.0,1146.0,1097.0,1162.0,1155.0,1155.0,768.0,329.0,804.0,342.0
1.0,2136.0,1162.0,1099.0,1155.0,1168.0,1168.0,769.0,330.0,812.0,350.0
1.0,2129.0,1048.0,1096.0,1168.0,1039.0,1039.0,767.0,329.0,734.0,314.0
1.0,2249.0,1034.0,1094.0,1039.0,1028.0,1028.0,766.0,328.0,723.0,311.0
1.0,2254.0,1039.0,1093.0,1028.0,1036.0,1036.0,765.0,328.0,728.0,311.0
1.0,2243.0,1069.0,1093.0,1036.0,1069.0,1069.0,765.0,328.0,749.0,320.0
1.0,2210.0,1185.0,1097.0,1069.0,1197.0,1197.0,768.0,329.0,829.0,356.0
1.0,2094.0,1235.0,1102.0,1197.0,1250.0,1250.0,771.0,331.0,864.0,371.0
1.0,2056.0,1112.0,1103.0,1250.0,1115.0,1115.0,772.0,331.0,778.0,334.0
1.0,2194.0,1144.0,1102.0,1115.0,1141.0,1141.0,771.0,331.0,800.0,344.0
1.0,2165.0,1038.0,1099.0,1141.0,1029.0,1029.0,769.0,330.0,727.0,311.0
1.0,2268.0,1033.0,1097.0,1029.0,1027.0,1027.0,768.0,329.0,723.0,310.0
1.0,2264.0,1143.0,1099.0,1027.0,1149.0,1149.0,769.0,330.0,801.0,342.0
1.0,2148.0,1172.0,1103.0,1149.0,1184.0,1184.0,772.0,331.0,820.0,352.0
1.0,2125.0,1176.0,1104.0,1184.0,1179.0,1179.0,773.0,331.0,823.0,353.0
1.0,2133.0,1159.0,1107.0,1179.0,1168.0,1168.0,775.0,332.0,811.0,348.0
1.0,2153.0,1109.0,1107.0,1168.0,1109.0,1109.0,775.0,332.0,775.0,334.0
1.0,2212.0,1027.0,1103.0,1109.0,1015.0,1015.0,772.0,331.0,719.0,308.0
1.0,2294.0,1057.0,1103.0,1015.0,1057.0,1057.0,772.0,331.0,740.0,317.0
1.0,2252.0,1136.0,1104.0,1057.0,1139.0,1139.0,773.0,331.0,796.0,340.0
1.0,2173.0,1139.0,1106.0,1139.0,1145.0,1145.0,774.0,332.0,798.0,341.0
1.0,2173.0,1175.0,1110.0,1145.0,1187.0,1187.0,777.0,333.0,822.0,353.0
1.0,2143.0,1134.0,1110.0,1187.0,1134.0,1134.0,777.0,333.0,794.0,340.0
1.0,2196.0,1106.0,1110.0,1134.0,1106.0,1106.0,777.0,333.0,774.0,332.0
1.0,2224.0,1151.0,1109.0,1106.0,1148.0,1148.0,776.0,333.0,806.0,345.0
1.0,2179.0,1036.0,1107.0,1148.0,1030.0,1030.0,775.0,332.0,724.0,312.0
1.0,2291.0,1059.0,1107.0,1030.0,1059.0,1059.0,775.0,332.0,740.0,319.0
1.0,2262.0,1145.0,1110.0,1059.0,1154.0,1154.0,777.0,333.0,803.0,342.0
1.0,2176.0,1213.0,1113.0,1154.0,1222.0,1222.0,779.0,334.0,849.0,364.0
1.0,2117.0,1125.0,1112.0,1222.0,1122.0,1122.0,778.0,334.0,787.0,338.0
1.0,2214.0,1080.0,1111.0,1122.0,1077.0,1077.0,778.0,333.0,756.0,324.0
1.0,2256.0,1000.0,1107.0,1077.0,988.0,988.0,775.0,332.0,699.0,301.0
1.0,2333.0,1139.0,1107.0,988.0,1139.0,1139.0,775.0,332.0,797.0,342.0
1.0,2182.0,1130.0,1109.0,1139.0,1136.0,1136.0,776.0,333.0,792.0,338.0
1.0,2191.0,1189.0,1111.0,1136.0,1195.0,1195.0,778.0,333.0,832.0,357.0
1.0,2138.0,1173.0,1114.0,1195.0,1182.0,1182.0,780.0,334.0,820.0,353.0
1.0,2160.0,1180.0,1116.0,1182.0,1186.0,1186.0,781.0,335.0,828.0,352.0
1.0,2162.0,1087.0,1116.0,1186.0,1087.0,1087.0,781.0,335.0,760.0,327.0
1.0,2261.0,1114.0,1113.0,1087.0,1105.0,1105.0,779.0,334.0,779.0,335.0
1.0,2234.0,1054.0,1111.0,1105.0,1048.0,1048.0,778.0,333.0,739.0,315.0
1.0,2285.0,1145.0,1113.0,1048.0,1151.0,1151.0,779.0,334.0,802.0,343.0
1.0,2188.0,1243.0,1117.0,1151.0,1255.0,1255.0,782.0,335.0,869.0,374.0
1.0,2096.0,1176.0,1120.0,1255.0,1185.0,1185.0,784.0,336.0,824.0,352.0
1.0,2175.0,1190.0,1122.0,1185.0,1196.0,1196.0,785.0,337.0,833.0,357.0
1.0,2170.0,1027.0,1119.0,1196.0,1018.0,1018.0,783.0,336.0,719.0,308.0
1.0,2339.0,1035.0,1116.0,1018.0,1026.0,1026.0,781.0,335.0,725.0,310.0
1.0,2322.0,1067.0,1114.0,1026.0,1061.0,1061.0,780.0,334.0,746.0,321.0
1.0,2281.0,1104.0,1114.0,1061.0,1104.0,1104.0,780.0,334.0,773.0,331.0
1.0,2238.0,1238.0,1117.0,1104.0,1247.0,1247.0,782.0,335.0,866.0,372.0
1.0,2104.0,1219.0,1122.0,1247.0,1234.0,1234.0,785.0,337.0,854.0,365.0
1.0,2132.0,1196.0,1124.0,1234.0,1202.0,1202.0,787.0,337.0,836.0,360.0
1.0,2170.0,1157.0,1124.0,1202.0,1157.0,1157.0,787.0,337.0,811.0,346.0
1.0,2215.0,1072.0,1123.0,1157.0,1069.0,1069.0,786.0,337.0,752.0,320.0
1.0,2300.0,1117.0,1122.0,1069.0,1114.0,1114.0,785.0,337.0,781.0,336.0
1.0,2252.0,1111.0,1123.0,1114.0,1114.0,1114.0,786.0,337.0,779.0,332.0
1.0,2255.0,1198.0,1126.0,1114.0,1207.0,1207.0,788.0,338.0,838.0,360.0
1.0,2171.0,1239.0,1130.0,1207.0,1251.0,1251.0,791.0,339.0,867.0,372.0
1.0,2139.0,1235.0,1133.0,1251.0,1244.0,1244.0,793.0,340.0,865.0,370.0
1.0,2155.0,1174.0,1133.0,1244.0,1174.0,1174.0,793.0,340.0,822.0,352.0
1.0,2225.0,1060.0,1130.0,1174.0,1051.0,1051.0,791.0,339.0,742.0,318.0
1.0,2339.0,1087.0,1129.0,1051.0,1084.0,1084.0,790.0,339.0,760.0,327.0
1.0,2303.0,1202.0,1130.0,1084.0,1205.0,1205.0,791.0,339.0,840.0,362.0
1.0,2185.0,1206.0,1133.0,1205.0,1215.0,1215.0,793.0,340.0,846.0,360.0
1.0,2184.0,1248.0,1137.0,1215.0,1260.0,1260.0,796.0,341.0,872.0,376.0
1.0,2151.0,1201.0,1139.0,1260.0,1207.0,1207.0,797.0,342.0,841.0,360.0
1.0,2210.0,1064.0,1137.0,1207.0,1058.0,1058.0,796.0,341.0,746.0,318.0
1.0,2353.0,1081.0,1134.0,1058.0,1072.0,1072.0,794.0,340.0,756.0,325.0
1.0,2330.0,1117.0,1134.0,1072.0,1117.0,1117.0,794.0,340.0,782.0,335.0
1.0,2285.0,1104.0,1134.0,1117.0,1104.0,1104.0,794.0,340.0,773.0,331.0
1.0,2298.0,1185.0,1137.0,1104.0,1194.0,1194.0,796.0,341.0,828.0,357.0
1.0,2217.0,1279.0,1141.0,1194.0,1291.0,1291.0,799.0,342.0,896.0,383.0
1.0,2132.0,1156.0,1141.0,1291.0,1156.0,1156.0,799.0,342.0,810.0,346.0
1.0,2267.0,1087.0,1140.0,1156.0,1084.0,1084.0,798.0,342.0,760.0,327.0
1.0,2336.0,1045.0,1138.0,1084.0,1039.0,1039.0,797.0,341.0,732.0,313.0
1.0,2375.0,1112.0,1137.0,1039.0,1109.0,1109.0,796.0,341.0,778.0,334.0
1.0,2302.0,1163.0,1139.0,1109.0,1169.0,1169.0,797.0,342.0,815.0,348.0
1.0,2248.0,1256.0,1140.0,1169.0,1259.0,1259.0,798.0,342.0,878.0,378.0
1.0,2161.0,1227.0,1144.0,1259.0,1239.0,1239.0,801.0,343.0,859.0,368.0
1.0,2193.0,1180.0,1147.0,1239.0,1189.0,1189.0,803.0,344.0,827.0,353.0
1.0,2252.0,1107.0,1146.0,1189.0,1104.0,1104.0,802.0,344.0,775.0,332.0
1.0,2334.0,1133.0,1144.0,1104.0,1127.0,1127.0,801.0,343.0,792.0,341.0
1.0,2305.0,1119.0,1144.0,1127.0,1119.0,1119.0,801.0,343.0,783.0,336.0
1.0,2313.0,1125.0,1146.0,1119.0,1131.0,1131.0,802.0,344.0,787.0,338.0
1.0,2307.0,1235.0,1150.0,1131.0,1247.0,1247.0,805.0,345.0,865.0,370.0
1.0,2203.0,1218.0,1151.0,1247.0,1221.0,1221.0,806.0,345.0,851.0,367.0
1.0,2232.0,1256.0,1154.0,1221.0,1265.0,1265.0,808.0,346.0,881.0,375.0
1.0,2197.0,1173.0,1153.0,1265.0,1170.0,1170.0,807.0,346.0,821.0,352.0
1.0,2289.0,1136.0,1153.0,1170.0,1136.0,1136.0,807.0,346.0,794.0,342.0
1.0,2323.0,1117.0,1151.0,1136.0,1111.0,1111.0,806.0,345.0,782.0,335.0
1.0,2342.0,1180.0,1153.0,1111.0,1186.0,1186.0,807.0,346.0,827.0,353.0
1.0,2273.0,1219.0,1156.0,1186.0,1228.0,1228.0,809.0,347.0,852.0,367.0
1.0,2240.0,1218.0,1159.0,1228.0,1227.0,1227.0,811.0,348.0,852.0,366.0
1.0,2250.0,1222.0,1160.0,1227.0,1225.0,1225.0,812.0,348.0,856.0,366.0
1.0,2255.0,1084.0,1157.0,1225.0,1075.0,1075.0,810.0,347.0,759.0,325.0
1.0,2396.0,1094.0,1156.0,1075.0,1091.0,1091.0,809.0,347.0,765.0,329.0
1.0,2377.0,1133.0,1154.0,1091.0,1127.0,1127.0,808.0,346.0,793.0,340.0
1.0,2335.0,1164.0,1157.0,1127.0,1173.0,1173.0,810.0,347.0,816.0,348.0
1.0,2298.0,1285.0,1162.0,1173.0,1300.0,1300.0,813.0,349.0,898.0,387.0
1.0,2186.0,1252.0,1166.0,1300.0,1264.0,1264.0,816.0,350.0,877.0,375.0
1.0,2234.0,1187.0,1167.0,1264.0,1190.0,1190.0,817.0,350.0,832.0,355.0
1.0,2311.0,1112.0,1164.0,1190.0,1103.0,1103.0,815.0,349.0,777.0,335.0
1.0,2389.0,1061.0,1161.0,1103.0,1052.0,1052.0,813.0,348.0,743.0,318.0
1.0,2431.0,1051.0,1159.0,1052.0,1045.0,1045.0,811.0,348.0,737.0,314.0
1.0,2432.0,1146.0,1159.0,1045.0,1146.0,1146.0,811.0,348.0,801.0,345.0
1.0,2331.0,1216.0,1161.0,1146.0,1222.0,1222.0,813.0,348.0,851.0,365.0
1.0,2261.0,1220.0,1163.0,1222.0,1226.0,1226.0,814.0,349.0,855.0,365.0
1.0,2263.0,1204.0,1165.0,1226.0,1210.0,1210.0,815.0,350.0,842.0,362.0
1.0,2285.0,1121.0,1163.0,1210.0,1115.0,1115.0,814.0,349.0,786.0,335.0
1.0,2374.0,1091.0,1160.0,1115.0,1082.0,1082.0,812.0,348.0,762.0,329.0
1.0,2398.0,1156.0,1159.0,1082.0,1153.0,1153.0,811.0,348.0,810.0,346.0
1.0,2324.0,1180.0,1159.0,1153.0,1180.0,1180.0,811.0,348.0,826.0,354.0
1.0,2297.0,1259.0,1163.0,1180.0,1271.0,1271.0,814.0,349.0,882.0,377.0
1.0,2218.0,1275.0,1167.0,1271.0,1287.0,1287.0,817.0,350.0,892.0,383.0
1.0,2214.0,1138.0,1166.0,1287.0,1135.0,1135.0,816.0,350.0,796.0,342.0
1.0,2363.0,1116.0,1163.0,1135.0,1107.0,1107.0,814.0,349.0,780.0,336.0
1.0,2382.0,1103.0,1161.0,1107.0,1097.0,1097.0,813.0,348.0,773.0,330.0
1.0,2386.0,1094.0,1159.0,1097.0,1088.0,1088.0,811.0,348.0,766.0,328.0
1.0,2389.0,1232.0,1162.0,1088.0,1241.0,1241.0,813.0,349.0,862.0,370.0
1.0,2245.0,1202.0,1164.0,1241.0,1208.0,1208.0,815.0,349.0,841.0,361.0
1.0,2284.0,1225.0,1166.0,1208.0,1231.0,1231.0,816.0,350.0,858.0,367.0
1.0,2267.0,1275.0,1170.0,1231.0,1287.0,1287.0,819.0,351.0,892.0,383.0
1.0,2223.0,1155.0,1169.0,1287.0,1152.0,1152.0,818.0,351.0,808.0,347.0
1.0,2355.0,1141.0,1166.0,1152.0,1132.0,1132.0,816.0,350.0,797.0,344.0
1.0,2366.0,1118.0,1166.0,1132.0,1118.0,1118.0,816.0,350.0,785.0,333.0
1.0,2380.0,1177.0,1167.0,1118.0,1180.0,1180.0,817.0,350.0,823.0,354.0
1.0,2321.0,1256.0,1172.0,1180.0,1271.0,1271.0,820.0,352.0,880.0,376.0
1.0,2245.0,1275.0,1174.0,1271.0,1281.0,1281.0,822.0,352.0,892.0,383.0
1.0,2241.0,1157.0,1174.0,1281.0,1157.0,1157.0,822.0,352.0,810.0,347.0
1.0,2365.0,1165.0,1173.0,1157.0,1162.0,1162.0,821.0,352.0,817.0,348.0
1.0,2357.0,1110.0,1170.0,1162.0,1101.0,1101.0,819.0,351.0,775.0,335.0
1.0,2409.0,1188.0,1170.0,1101.0,1188.0,1188.0,819.0,351.0,832.0,356.0
1.0,2322.0,1251.0,1173.0,1188.0,1260.0,1260.0,821.0,352.0,875.0,376.0
1.0,2259.0,1173.0,1174.0,1260.0,1176.0,1176.0,822.0,352.0,822.0,351.0
1.0,2346.0,1227.0,1176.0,1176.0,1233.0,1233.0,823.0,353.0,860.0,367.0
1.0,2295.0,1215.0,1178.0,1233.0,1221.0,1221.0,825.0,353.0,849.0,366.0
1.0,2313.0,1257.0,1179.0,1221.0,1260.0,1260.0,825.0,354.0,881.0,376.0
1.0,2277.0,1107.0,1176.0,1260.0,1098.0,1098.0,823.0,353.0,775.0,332.0
1.0,2430.0,1153.0,1174.0,1098.0,1147.0,1147.0,822.0,352.0,806.0,347.0
1.0,2375.0,1176.0,1174.0,1147.0,1176.0,1176.0,822.0,352.0,823.0,353.0
1.0,2346.0,1302.0,1177.0,1176.0,1311.0,1311.0,824.0,353.0,911.0,391.0
1.0,2220.0,1282.0,1180.0,1311.0,1291.0,1291.0,826.0,354.0,897.0,385.0
1.0,2249.0,1242.0,1182.0,1291.0,1248.0,1248.0,827.0,355.0,870.0,372.0
1.0,2298.0,1204.0,1182.0,1248.0,1204.0,1204.0,827.0,355.0,843.0,361.0
1.0,2342.0,1118.0,1180.0,1204.0,1112.0,1112.0,826.0,354.0,782.0,336.0
1.0,2428.0,1111.0,1177.0,1112.0,1102.0,1102.0,824.0,353.0,779.0,332.0
1.0,2429.0,1206.0,1180.0,1102.0,1215.0,1215.0,826.0,354.0,843.0,363.0
1.0,2325.0,1278.0,1183.0,1215.0,1287.0,1287.0,828.0,355.0,894.0,384.0
1.0,2262.0,1246.0,1186.0,1287.0,1255.0,1255.0,830.0,356.0,874.0,372.0
1.0,2303.0,1269.0,1187.0,1255.0,1272.0,1272.0,831.0,356.0,887.0,382.0
1.0,2289.0,1163.0,1186.0,1272.0,1160.0,1160.0,830.0,356.0,815.0,348.0
1.0,2398.0,1156.0,1183.0,1160.0,1147.0,1147.0,828.0,355.0,808.0,348.0
1.0,2402.0,1147.0,1183.0,1147.0,1147.0,1147.0,828.0,355.0,802.0,345.0
1.0,2402.0,1246.0,1186.0,1147.0,1255.0,1255.0,830.0,356.0,874.0,372.0
1.0,2303.0,1269.0,1189.0,1255.0,1278.0,1278.0,832.0,357.0,888.0,381.0
1.0,2289.0,1287.0,1194.0,1278.0,1302.0,1302.0,836.0,358.0,899.0,388.0
1.0,2280.0,1292.0,1197.0,1302.0,1301.0,1301.0,838.0,359.0,906.0,386.0
1.0,2290.0,1184.0,1196.0,1301.0,1181.0,1181.0,837.0,359.0,829.0,355.0
1.0,2407.0,1104.0,1194.0,1181.0,1098.0,1098.0,836.0,358.0,771.0,333.0
1.0,2484.0,1101.0,1192.0,1098.0,1095.0,1095.0,834.0,358.0,772.0,329.0
1.0,2481.0,1212.0,1193.0,1095.0,1215.0,1215.0,835.0,358.0,847.0,365.0
1.0,2364.0,1303.0,1197.0,1215.0,1315.0,1315.0,838.0,359.0,913.0,390.0
1.0,2276.0,1250.0,1200.0,1315.0,1259.0,1259.0,840.0,360.0,876.0,374.0
1.0,2341.0,1210.0,1200.0,1259.0,1210.0,1210.0,840.0,360.0,847.0,363.0
1.0,2390.0,1209.0,1199.0,1210.0,1206.0,1206.0,839.0,360.0,846.0,363.0
1.0,2391.0,1137.0,1196.0,1206.0,1128.0,1128.0,837.0,359.0,796.0,341.0
1.0,2460.0,1126.0,1196.0,1128.0,1126.0,1126.0,837.0,359.0,788.0,338.0
1.0,2462.0,1231.0,1199.0,1126.0,1240.0,1240.0,839.0,360.0,860.0,371.0
1.0,2357.0,1262.0,1202.0,1240.0,1271.0,1271.0,841.0,361.0,883.0,379.0
1.0,2335.0,1267.0,1205.0,1271.0,1276.0,1276.0,843.0,362.0,887.0,380.0
1.0,2339.0,1201.0,1204.0,1276.0,1198.0,1198.0,843.0,361.0,841.0,360.0
1.0,2414.0,1159.0,1203.0,1198.0,1156.0,1156.0,842.0,361.0,813.0,346.0
1.0,2453.0,1171.0,1203.0,1156.0,1171.0,1171.0,842.0,361.0,819.0,352.0
1.0,2438.0,1174.0,1200.0,1171.0,1165.0,1165.0,840.0,360.0,821.0,353.0
1.0,2435.0,1211.0,1201.0,1165.0,1214.0,1214.0,841.0,360.0,849.0,362.0
1.0,2389.0,1299.0,1204.0,1214.0,1308.0,1308.0,843.0,361.0,909.0,390.0
1.0,2304.0,1262.0,1207.0,1308.0,1271.0,1271.0,845.0,362.0,882.0,380.0
1.0,2350.0,1229.0,1209.0,1271.0,1235.0,1235.0,846.0,363.0,861.0,368.0
1.0,2392.0,1178.0,1207.0,1235.0,1172.0,1172.0,845.0,362.0,826.0,352.0
1.0,2449.0,1224.0,1206.0,1172.0,1221.0,1221.0,844.0,362.0,857.0,367.0
1.0,2397.0,1239.0,1207.0,1221.0,1242.0,1242.0,845.0,362.0,866.0,373.0
1.0,2379.0,1253.0,1209.0,1242.0,1259.0,1259.0,846.0,363.0,878.0,375.0
1.0,2368.0,1299.0,1213.0,1259.0,1311.0,1311.0,849.0,364.0,909.0,390.0
1.0,2328.0,1349.0,1216.0,1311.0,1358.0,1358.0,851.0,365.0,944.0,405.0
1.0,2290.0,1230.0,1216.0,1358.0,1230.0,1230.0,851.0,365.0,861.0,369.0
1.0,2418.0,1227.0,1216.0,1230.0,1227.0,1227.0,851.0,365.0,860.0,367.0
1.0,2421.0,1143.0,1214.0,1227.0,1137.0,1137.0,850.0,364.0,799.0,344.0
1.0,2505.0,1113.0,1213.0,1137.0,1110.0,1110.0,849.0,364.0,780.0,333.0
1.0,2529.0,1206.0,1212.0,1110.0,1203.0,1203.0,848.0,364.0,843.0,363.0
1.0,2433.0,1349.0,1217.0,1203.0,1364.0,1364.0,852.0,365.0,945.0,404.0
1.0,2287.0,1246.0,1219.0,1364.0,1252.0,1252.0,853.0,366.0,871.0,375.0
1.0,2405.0,1245.0,1220.0,1252.0,1248.0,1248.0,854.0,366.0,872.0,373.0
1.0,2412.0,1204.0,1217.0,1248.0,1195.0,1195.0,852.0,365.0,842.0,362.0
1.0,2456.0,1137.0,1215.0,1195.0,1131.0,1131.0,850.0,365.0,796.0,341.0
1.0,2514.0,1192.0,1214.0,1131.0,1189.0,1189.0,850.0,364.0,833.0,359.0
1.0,2453.0,1260.0,1215.0,1189.0,1263.0,1263.0,850.0,365.0,883.0,377.0
1.0,2382.0,1289.0,1219.0,1263.0,1301.0,1301.0,853.0,366.0,902.0,387.0
1.0,2356.0,1389.0,1224.0,1301.0,1404.0,1404.0,857.0,367.0,974.0,415.0
1.0,2268.0,1293.0,1226.0,1404.0,1299.0,1299.0,858.0,368.0,904.0,389.0
1.0,2379.0,1157.0,1223.0,1299.0,1148.0,1148.0,856.0,367.0,811.0,346.0
1.0,2521.0,1141.0,1221.0,1148.0,1135.0,1135.0,855.0,366.0,797.0,344.0
1.0,2528.0,1198.0,1220.0,1135.0,1195.0,1195.0,854.0,366.0,840.0,358.0
1.0,2465.0,1207.0,1220.0,1195.0,1207.0,1207.0,854.0,366.0,844.0,363.0
1.0,2453.0,1304.0,1223.0,1207.0,1313.0,1313.0,856.0,367.0,915.0,389.0
1.0,2356.0,1315.0,1227.0,1313.0,1327.0,1327.0,859.0,368.0,920.0,395.0
1.0,2354.0,1233.0,1226.0,1327.0,1230.0,1230.0,858.0,368.0,863.0,370.0
1.0,2448.0,1180.0,1224.0,1230.0,1174.0,1174.0,857.0,367.0,825.0,355.0
1.0,2498.0,1217.0,1223.0,1174.0,1214.0,1214.0,856.0,367.0,853.0,364.0
1.0,2455.0,1184.0,1221.0,1214.0,1178.0,1178.0,855.0,366.0,828.0,356.0
1.0,2485.0,1233.0,1222.0,1178.0,1236.0,1236.0,855.0,367.0,863.0,370.0
1.0,2430.0,1339.0,1227.0,1236.0,1354.0,1354.0,859.0,368.0,938.0,401.0
1.0,2327.0,1325.0,1231.0,1354.0,1337.0,1337.0,862.0,369.0,926.0,399.0
1.0,2356.0,1302.0,1233.0,1337.0,1308.0,1308.0,863.0,370.0,912.0,390.0
1.0,2391.0,1233.0,1231.0,1308.0,1227.0,1227.0,862.0,369.0,863.0,370.0
1.0,2466.0,1178.0,1230.0,1227.0,1175.0,1175.0,861.0,369.0,826.0,352.0
1.0,2515.0,1285.0,1231.0,1175.0,1288.0,1288.0,862.0,369.0,898.0,387.0
1.0,2405.0,1280.0,1233.0,1288.0,1286.0,1286.0,863.0,370.0,897.0,383.0
1.0,2413.0,1289.0,1236.0,1286.0,1298.0,1298.0,865.0,371.0,901.0,388.0
1.0,2410.0,1404.0,1241.0,1298.0,1419.0,1419.0,869.0,372.0,982.0,422.0
1.0,2304.0,1260.0,1241.0,1419.0,1260.0,1260.0,869.0,372.0,882.0,378.0
1.0,2463.0,1190.0,1240.0,1260.0,1187.0,1187.0,868.0,372.0,835.0,355.0
1.0,2533.0,1176.0,1239.0,1187.0,1173.0,1173.0,867.0,372.0,822.0,354.0
1.0,2544.0,1241.0,1239.0,1173.0,1241.0,1241.0,867.0,372.0,869.0,372.0
1.0,2476.0,1249.0,1241.0,1241.0,1255.0,1255.0,869.0,372.0,873.0,376.0
1.0,2468.0,1290.0,1243.0,1255.0,1296.0,1296.0,870.0,373.0,905.0,385.0
1.0,2433.0,1348.0,1247.0,1296.0,1360.0,1360.0,873.0,374.0,943.0,405.0
1.0,2381.0,1286.0,1248.0,1360.0,1289.0,1289.0,874.0,374.0,899.0,387.0
1.0,2455.0,1235.0,1247.0,1289.0,1232.0,1232.0,873.0,374.0,866.0,369.0
1.0,2509.0,1171.0,1246.0,1232.0,1168.0,1168.0,872.0,374.0,819.0,352.0
1.0,2570.0,1250.0,1246.0,1168.0,1250.0,1250.0,872.0,374.0,875.0,375.0
1.0,2488.0,1233.0,1247.0,1250.0,1236.0,1236.0,873.0,374.0,864.0,369.0
1.0,2505.0,1323.0,1249.0,1236.0,1329.0,1329.0,874.0,375.0,925.0,398.0
1.0,2418.0,1310.0,1250.0,1329.0,1313.0,1313.0,875.0,375.0,918.0,392.0
1.0,2437.0,1278.0,1250.0,1313.0,1278.0,1278.0,875.0,375.0,895.0,383.0
1.0,2472.0,1254.0,1250.0,1278.0,1254.0,1254.0,875.0,375.0,877.0,377.0
1.0,2496.0,1124.0,1246.0,1254.0,1112.0,1112.0,872.0,374.0,786.0,338.0
1.0,2626.0,1227.0,1246.0,1112.0,1227.0,1227.0,872.0,374.0,859.0,368.0
1.0,2511.0,1268.0,1246.0,1227.0,1268.0,1268.0,872.0,374.0,888.0,380.0
1.0,2470.0,1365.0,1250.0,1268.0,1377.0,1377.0,875.0,375.0,956.0,409.0
1.0,2373.0,1333.0,1254.0,1377.0,1345.0,1345.0,878.0,376.0,931.0,402.0
1.0,2417.0,1316.0,1257.0,1345.0,1325.0,1325.0,880.0,377.0,923.0,393.0
1.0,2446.0,1260.0,1254.0,1325.0,1251.0,1251.0,878.0,376.0,881.0,379.0
1.0,2511.0,1209.0,1254.0,1251.0,1209.0,1209.0,878.0,376.0,845.0,364.0
1.0,2553.0,1190.0,1253.0,1209.0,1187.0,1187.0,877.0,376.0,835.0,355.0
1.0,2572.0,1251.0,1254.0,1187.0,1254.0,1254.0,878.0,376.0,874.0,377.0
1.0,2508.0,1359.0,1258.0,1254.0,1371.0,1371.0,881.0,377.0,952.0,407.0
1.0,2403.0,1345.0,1261.0,1371.0,1354.0,1354.0,883.0,378.0,941.0,404.0
1.0,2429.0,1294.0,1262.0,1354.0,1297.0,1297.0,883.0,379.0,906.0,388.0
1.0,2489.0,1290.0,1262.0,1297.0,1290.0,1290.0,883.0,379.0,903.0,387.0
1.0,2496.0,1211.0,1259.0,1290.0,1202.0,1202.0,881.0,378.0,848.0,363.0
1.0,2575.0,1244.0,1257.0,1202.0,1238.0,1238.0,880.0,377.0,871.0,373.0
1.0,2533.0,1307.0,1260.0,1238.0,1316.0,1316.0,882.0,378.0,917.0,390.0
1.0,2464.0,1363.0,1264.0,1316.0,1375.0,1375.0,885.0,379.0,952.0,411.0
1.0,2417.0,1343.0,1267.0,1375.0,1352.0,1352.0,887.0,380.0,942.0,401.0
1.0,2449.0,1274.0,1269.0,1352.0,1280.0,1280.0,888.0,381.0,891.0,383.0
1.0,2527.0,1336.0,1269.0,1280.0,1336.0,1336.0,888.0,381.0,936.0,400.0
1.0,2471.0,1170.0,1266.0,1336.0,1161.0,1161.0,886.0,380.0,819.0,351.0
1.0,2637.0,1227.0,1266.0,1161.0,1227.0,1227.0,886.0,380.0,859.0,368.0
1.0,2571.0,1326.0,1269.0,1227.0,1335.0,1335.0,888.0,381.0,928.0,398.0
1.0,2472.0,1345.0,1272.0,1335.0,1354.0,1354.0,890.0,382.0,940.0,405.0
1.0,2462.0,1306.0,1274.0,1354.0,1312.0,1312.0,892.0,382.0,916.0,390.0
1.0,2510.0,1287.0,1275.0,1312.0,1290.0,1290.0,892.0,383.0,899.0,388.0
1.0,2535.0,1287.0,1274.0,1290.0,1284.0,1284.0,892.0,382.0,903.0,384.0
1.0,2538.0,1240.0,1273.0,1284.0,1237.0,1237.0,891.0,382.0,867.0,373.0
1.0,2582.0,1246.0,1271.0,1237.0,1240.0,1240.0,890.0,381.0,871.0,375.0
1.0,2573.0,1297.0,1273.0,1240.0,1303.0,1303.0,891.0,382.0,909.0,388.0
1.0,2516.0,1382.0,1276.0,1303.0,1391.0,1391.0,893.0,383.0,968.0,414.0
1.0,2437.0,1407.0,1279.0,1391.0,1416.0,1416.0,895.0,384.0,984.0,423.0
1.0,2421.0,1318.0,1280.0,1416.0,1321.0,1321.0,896.0,384.0,923.0,395.0
1.0,2519.0,1283.0,1280.0,1321.0,1283.0,1283.0,896.0,384.0,898.0,385.0
1.0,2557.0,1182.0,1276.0,1283.0,1170.0,1170.0,893.0,383.0,827.0,355.0
1.0,2658.0,1260.0,1276.0,1170.0,1260.0,1260.0,893.0,383.0,882.0,378.0
1.0,2568.0,1341.0,1278.0,1260.0,1347.0,1347.0,895.0,383.0,938.0,403.0
1.0,2487.0,1319.0,1281.0,1347.0,1328.0,1328.0,897.0,384.0,923.0,396.0
1.0,2515.0,1389.0,1284.0,1328.0,1398.0,1398.0,899.0,385.0,974.0,415.0
1.0,2454.0,1337.0,1286.0,1398.0,1343.0,1343.0,900.0,386.0,935.0,402.0
1.0,2515.0,1303.0,1286.0,1343.0,1303.0,1303.0,900.0,386.0,912.0,391.0
1.0,2555.0,1248.0,1284.0,1303.0,1242.0,1242.0,899.0,385.0,875.0,373.0
1.0,2610.0,1220.0,1283.0,1242.0,1217.0,1217.0,898.0,385.0,853.0,367.0
1.0,2632.0,1333.0,1284.0,1217.0,1336.0,1336.0,899.0,385.0,932.0,401.0
1.0,2516.0,1300.0,1287.0,1336.0,1309.0,1309.0,901.0,386.0,912.0,388.0
1.0,2552.0,1395.0,1290.0,1309.0,1404.0,1404.0,903.0,387.0,976.0,419.0
1.0,2466.0,1316.0,1291.0,1404.0,1319.0,1319.0,904.0,387.0,920.0,396.0
1.0,2554.0,1281.0,1290.0,1319.0,1278.0,1278.0,903.0,387.0,899.0,382.0
1.0,2592.0,1272.0,1290.0,1278.0,1272.0,1272.0,903.0,387.0,889.0,383.0
1.0,2598.0,1302.0,1290.0,1272.0,1302.0,1302.0,903.0,387.0,911.0,391.0
1.0,2568.0,1363.0,1292.0,1302.0,1369.0,1369.0,904.0,388.0,954.0,409.0
1.0,2507.0,1400.0,1297.0,1369.0,1415.0,1415.0,908.0,389.0,981.0,419.0
1.0,2476.0,1398.0,1301.0,1415.0,1410.0,1410.0,911.0,390.0,978.0,420.0
1.0,2493.0,1309.0,1301.0,1410.0,1309.0,1309.0,911.0,390.0,915.0,394.0
1.0,2594.0,1234.0,1299.0,1309.0,1228.0,1228.0,909.0,390.0,864.0,370.0
1.0,2669.0,1241.0,1297.0,1228.0,1235.0,1235.0,908.0,389.0,870.0,371.0
1.0,2656.0,1274.0,1297.0,1235.0,1274.0,1274.0,908.0,389.0,892.0,382.0
1.0,2617.0,1293.0,1297.0,1274.0,1293.0,1293.0,908.0,389.0,905.0,388.0
1.0,2598.0,1395.0,1300.0,1293.0,1404.0,1404.0,910.0,390.0,977.0,418.0
1.0,2496.0,1338.0,1303.0,1404.0,1347.0,1347.0,912.0,391.0,935.0,403.0
1.0,2562.0,1274.0,1304.0,1347.0,1277.0,1277.0,913.0,391.0,893.0,381.0
1.0,2635.0,1301.0,1303.0,1277.0,1298.0,1298.0,912.0,391.0,910.0,391.0
1.0,2611.0,1244.0,1301.0,1298.0,1238.0,1238.0,911.0,390.0,870.0,374.0
1.0,2665.0,1243.0,1300.0,1238.0,1240.0,1240.0,910.0,390.0,871.0,372.0
1.0,2660.0,1317.0,1300.0,1240.0,1317.0,1317.0,910.0,390.0,923.0,394.0
1.0,2583.0,1366.0,1303.0,1317.0,1375.0,1375.0,912.0,391.0,956.0,410.0
1.0,2534.0,1429.0,1307.0,1375.0,1441.0,1441.0,915.0,392.0,1000.0,429.0
1.0,2480.0,1317.0,1307.0,1441.0,1317.0,1317.0,915.0,392.0,922.0,395.0
1.0,2604.0,1300.0,1306.0,1317.0,1297.0,1297.0,914.0,392.0,909.0,391.0
1.0,2621.0,1206.0,1303.0,1297.0,1197.0,1197.0,912.0,391.0,845.0,361.0
1.0,2712.0,1277.0,1303.0,1197.0,1277.0,1277.0,912.0,391.0,894.0,383.0
1.0,2632.0,1360.0,1304.0,1277.0,1363.0,1363.0,913.0,391.0,950.0,410.0
1.0,2549.0,1319.0,1307.0,1363.0,1328.0,1328.0,915.0,392.0,925.0,394.0
1.0,2593.0,1402.0,1310.0,1328.0,1411.0,1411.0,917.0,393.0,981.0,421.0
1.0,2519.0,1374.0,1311.0,1411.0,1377.0,1377.0,918.0,393.0,961.0,413.0
1.0,2556.0,1251.0,1309.0,1377.0,1245.0,1245.0,916.0,393.0,877.0,374.0
1.0,2682.0,1248.0,1308.0,1245.0,1245.0,1245.0,916.0,392.0,873.0,375.0
1.0,2679.0,1267.0,1307.0,1245.0,1264.0,1264.0,915.0,392.0,887.0,380.0
1.0,2657.0,1338.0,1309.0,1264.0,1344.0,1344.0,916.0,393.0,937.0,401.0
1.0,2583.0,1342.0,1310.0,1344.0,1345.0,1345.0,917.0,393.0,938.0,404.0
1.0,2585.0,1451.0,1314.0,1345.0,1463.0,1463.0,920.0,394.0,1015.0,436.0
1.0,2479.0,1382.0,1316.0,1463.0,1388.0,1388.0,921.0,395.0,969.0,413.0
1.0,2560.0,1274.0,1314.0,1388.0,1268.0,1268.0,920.0,394.0,890.0,384.0
1.0,2674.0,1239.0,1311.0,1268.0,1230.0,1230.0,918.0,393.0,868.0,371.0
1.0,2703.0,1270.0,1310.0,1230.0,1267.0,1267.0,917.0,393.0,891.0,379.0
1.0,2663.0,1302.0,1310.0,1267.0,1302.0,1302.0,917.0,393.0,909.0,393.0
1.0,2628.0,1431.0,1316.0,1302.0,1449.0,1449.0,921.0,395.0,1002.0,429.0
1.0,2499.0,1410.0,1318.0,1449.0,1416.0,1416.0,923.0,395.0,987.0,423.0
1.0,2538.0,1330.0,1317.0,1416.0,1327.0,1327.0,922.0,395.0,931.0,399.0
1.0,2624.0,1264.0,1317.0,1327.0,1264.0,1264.0,922.0,395.0,886.0,378.0
1.0,2687.0,1231.0,1314.0,1264.0,1222.0,1222.0,920.0,394.0,860.0,371.0
1.0,2720.0,1279.0,1313.0,1222.0,1276.0,1276.0,919.0,394.0,897.0,382.0
1.0,2663.0,1410.0,1314.0,1276.0,1413.0,1413.0,920.0,394.0,986.0,424.0
1.0,2529.0,1394.0,1317.0,1413.0,1403.0,1403.0,922.0,395.0,975.0,419.0
1.0,2548.0,1388.0,1320.0,1403.0,1397.0,1397.0,924.0,396.0,971.0,417.0
1.0,2563.0,1344.0,1321.0,1397.0,1347.0,1347.0,925.0,396.0,941.0,403.0
1.0,2616.0,1310.0,1321.0,1347.0,1310.0,1310.0,925.0,396.0,917.0,393.0
1.0,2653.0,1284.0,1319.0,1310.0,1278.0,1278.0,923.0,396.0,900.0,384.0
1.0,2679.0,1273.0,1318.0,1278.0,1270.0,1270.0,923.0,395.0,891.0,382.0
1.0,2684.0,1289.0,1319.0,1270.0,1292.0,1292.0,923.0,396.0,902.0,387.0
1.0,2665.0,1387.0,1320.0,1292.0,1390.0,1390.0,924.0,396.0,970.0,417.0
1.0,2570.0,1423.0,1323.0,1390.0,1432.0,1432.0,926.0,397.0,998.0,425.0
1.0,2537.0,1354.0,1323.0,1432.0,1354.0,1354.0,926.0,397.0,948.0,406.0
1.0,2615.0,1313.0,1321.0,1354.0,1307.0,1307.0,925.0,396.0,918.0,395.0
1.0,2656.0,1175.0,1317.0,1307.0,1163.0,1163.0,922.0,395.0,822.0,353.0
1.0,2788.0,1240.0,1316.0,1163.0,1237.0,1237.0,921.0,395.0,869.0,371.0
1.0,2711.0,1333.0,1317.0,1237.0,1336.0,1336.0,922.0,395.0,932.0,401.0
1.0,2615.0,1420.0,1320.0,1336.0,1429.0,1429.0,924.0,396.0,994.0,426.0
1.0,2531.0,1482.0,1324.0,1429.0,1494.0,1494.0,927.0,397.0,1038.0,444.0
1.0,2478.0,1390.0,1327.0,1494.0,1399.0,1399.0,929.0,398.0,974.0,416.0
1.0,2582.0,1364.0,1326.0,1399.0,1361.0,1361.0,928.0,398.0,955.0,409.0
1.0,2617.0,1315.0,1326.0,1361.0,1315.0,1315.0,928.0,398.0,920.0,395.0
1.0,2663.0,1334.0,1327.0,1315.0,1337.0,1337.0,929.0,398.0,933.0,401.0
1.0,2644.0,1412.0,1329.0,1337.0,1418.0,1418.0,930.0,399.0,989.0,423.0
1.0,2569.0,1386.0,1331.0,1418.0,1392.0,1392.0,932.0,399.0,970.0,416.0
1.0,2601.0,1435.0,1336.0,1392.0,1450.0,1450.0,935.0,401.0,1004.0,431.0
1.0,2558.0,1356.0,1336.0,1450.0,1356.0,1356.0,935.0,401.0,950.0,406.0
1.0,2652.0,1370.0,1336.0,1356.0,1370.0,1370.0,935.0,401.0,959.0,411.0
1.0,2638.0,1262.0,1333.0,1370.0,1253.0,1253.0,933.0,400.0,884.0,378.0
1.0,2746.0,1347.0,1333.0,1253.0,1347.0,1347.0,933.0,400.0,941.0,406.0
1.0,2652.0,1315.0,1334.0,1347.0,1318.0,1318.0,934.0,400.0,920.0,395.0
1.0,2684.0,1434.0,1338.0,1318.0,1446.0,1446.0,937.0,401.0,1004.0,430.0
1.0,2568.0,1460.0,1342.0,1446.0,1472.0,1472.0,939.0,403.0,1023.0,437.0
1.0,2554.0,1366.0,1342.0,1472.0,1366.0,1366.0,939.0,403.0,956.0,410.0
1.0,2660.0,1403.0,1343.0,1366.0,1406.0,1406.0,940.0,403.0,983.0,420.0
1.0,2623.0,1188.0,1339.0,1406.0,1176.0,1176.0,937.0,402.0,831.0,357.0
1.0,2841.0,1257.0,1337.0,1176.0,1251.0,1251.0,936.0,401.0,879.0,378.0
1.0,2760.0,1344.0,1339.0,1251.0,1350.0,1350.0,937.0,402.0,942.0,402.0
1.0,2667.0,1422.0,1342.0,1350.0,1431.0,1431.0,939.0,403.0,995.0,427.0
1.0,2595.0,1411.0,1345.0,1431.0,1420.0,1420.0,941.0,404.0,987.0,424.0
1.0,2615.0,1392.0,1346.0,1420.0,1395.0,1395.0,942.0,404.0,975.0,417.0
1.0,2643.0,1317.0,1346.0,1395.0,1317.0,1317.0,942.0,404.0,921.0,396.0
1.0,2721.0,1262.0,1342.0,1317.0,1250.0,1250.0,939.0,403.0,884.0,378.0
1.0,2776.0,1336.0,1341.0,1250.0,1333.0,1333.0,939.0,402.0,935.0,401.0
1.0,2690.0,1328.0,1342.0,1333.0,1331.0,1331.0,939.0,403.0,930.0,398.0
1.0,2695.0,1435.0,1346.0,1331.0,1447.0,1447.0,942.0,404.0,1005.0,430.0
1.0,2591.0,1476.0,1350.0,1447.0,1488.0,1488.0,945.0,405.0,1033.0,443.0
1.0,2562.0,1354.0,1350.0,1488.0,1354.0,1354.0,945.0,405.0,947.0,407.0
1.0,2696.0,1274.0,1347.0,1354.0,1265.0,1265.0,943.0,404.0,892.0,382.0
1.0,2776.0,1268.0,1344.0,1265.0,1259.0,1259.0,941.0,403.0,888.0,380.0
1.0,2773.0,1247.0,1343.0,1259.0,1244.0,1244.0,940.0,403.0,872.0,375.0
1.0,2785.0,1327.0,1344.0,1244.0,1330.0,1330.0,941.0,403.0,930.0,397.0
1.0,2702.0,1451.0,1349.0,1330.0,1466.0,1466.0,944.0,405.0,1016.0,435.0
1.0,2581.0,1412.0,1351.0,1466.0,1418.0,1418.0,946.0,405.0,987.0,425.0
1.0,2635.0,1372.0,1350.0,1418.0,1369.0,1369.0,945.0,405.0,960.0,412.0
1.0,2681.0,1273.0,1348.0,1369.0,1267.0,1267.0,944.0,404.0,892.0,381.0
1.0,2777.0,1304.0,1347.0,1267.0,1301.0,1301.0,943.0,404.0,912.0,392.0
1.0,2740.0,1347.0,1347.0,1301.0,1347.0,1347.0,943.0,404.0,943.0,404.0
1.0,2694.0,1420.0,1349.0,1347.0,1426.0,1426.0,944.0,405.0,995.0,425.0
1.0,2621.0,1521.0,1353.0,1426.0,1533.0,1533.0,947.0,406.0,1065.0,456.0
1.0,2526.0,1438.0,1357.0,1533.0,1450.0,1450.0,950.0,407.0,1006.0,432.0
1.0,2621.0,1384.0,1359.0,1450.0,1390.0,1390.0,951.0,408.0,968.0,416.0
1.0,2687.0,1362.0,1358.0,1390.0,1359.0,1359.0,951.0,407.0,953.0,409.0
1.0,2715.0,1284.0,1356.0,1359.0,1278.0,1278.0,949.0,407.0,899.0,385.0
1.0,2790.0,1296.0,1354.0,1278.0,1290.0,1290.0,948.0,406.0,907.0,389.0
1.0,2772.0,1353.0,1354.0,1290.0,1353.0,1353.0,948.0,406.0,947.0,406.0
1.0,2709.0,1329.0,1357.0,1353.0,1338.0,1338.0,950.0,407.0,930.0,399.0
1.0,2733.0,1429.0,1361.0,1338.0,1441.0,1441.0,953.0,408.0,1000.0,429.0
1.0,2642.0,1380.0,1363.0,1441.0,1386.0,1386.0,954.0,409.0,967.0,413.0
1.0,2703.0,1348.0,1361.0,1386.0,1342.0,1342.0,953.0,408.0,943.0,405.0
1.0,2741.0,1265.0,1357.0,1342.0,1253.0,1253.0,950.0,407.0,885.0,380.0
1.0,2818.0,1389.0,1357.0,1253.0,1389.0,1389.0,950.0,407.0,972.0,417.0
1.0,2682.0,1417.0,1357.0,1389.0,1417.0,1417.0,950.0,407.0,993.0,424.0
1.0,2654.0,1391.0,1359.0,1417.0,1397.0,1397.0,951.0,408.0,975.0,416.0
1.0,2680.0,1393.0,1360.0,1397.0,1396.0,1396.0,952.0,408.0,974.0,419.0
1.0,2684.0,1363.0,1360.0,1396.0,1363.0,1363.0,952.0,408.0,955.0,408.0
1.0,2717.0,1306.0,1358.0,1363.0,1300.0,1300.0,951.0,407.0,913.0,393.0
1.0,2774.0,1291.0,1356.0,1300.0,1285.0,1285.0,949.0,407.0,905.0,386.0
1.0,2783.0,1304.0,1354.0,1285.0,1298.0,1298.0,948.0,406.0,912.0,392.0
1.0,2764.0,1339.0,1353.0,1298.0,1336.0,1336.0,947.0,406.0,937.0,402.0
1.0,2723.0,1438.0,1357.0,1336.0,1450.0,1450.0,950.0,407.0,1006.0,432.0
1.0,2621.0,1389.0,1357.0,1450.0,1389.0,1389.0,950.0,407.0,972.0,417.0
1.0,2682.0,1385.0,1359.0,1389.0,1391.0,1391.0,951.0,408.0,970.0,415.0
1.0,2686.0,1362.0,1357.0,1391.0,1356.0,1356.0,950.0,407.0,953.0,409.0
1.0,2715.0,1310.0,1354.0,1356.0,1301.0,1301.0,948.0,406.0,917.0,393.0
1.0,2761.0,1333.0,1354.0,1301.0,1333.0,1333.0,948.0,406.0,932.0,401.0
1.0,2729.0,1413.0,1354.0,1333.0,1413.0,1413.0,948.0,406.0,990.0,423.0
1.0,2649.0,1462.0,1360.0,1413.0,1480.0,1480.0,952.0,408.0,1022.0,440.0
1.0,2600.0,1451.0,1363.0,1480.0,1460.0,1460.0,954.0,409.0,1015.0,436.0
1.0,2629.0,1329.0,1363.0,1460.0,1329.0,1329.0,954.0,409.0,930.0,399.0
1.0,2760.0,1329.0,1361.0,1329.0,1323.0,1323.0,953.0,408.0,931.0,398.0
1.0,2760.0,1314.0,1360.0,1323.0,1311.0,1311.0,952.0,408.0,919.0,395.0
1.0,2769.0,1215.0,1356.0,1311.0,1203.0,1203.0,949.0,407.0,851.0,364.0
1.0,2865.0,1344.0,1357.0,1203.0,1347.0,1347.0,950.0,407.0,941.0,403.0
1.0,2724.0,1449.0,1360.0,1347.0,1458.0,1458.0,952.0,408.0,1014.0,435.0
1.0,2622.0,1440.0,1362.0,1458.0,1446.0,1446.0,953.0,409.0,1010.0,430.0
1.0,2640.0,1396.0,1363.0,1446.0,1399.0,1399.0,954.0,409.0,975.0,421.0
1.0,2690.0,1348.0,1362.0,1399.0,1345.0,1345.0,953.0,409.0,946.0,402.0
1.0,2741.0,1354.0,1360.0,1345.0,1348.0,1348.0,952.0,408.0,946.0,408.0
1.0,2732.0,1305.0,1359.0,1348.0,1302.0,1302.0,951.0,408.0,916.0,389.0
1.0,2775.0,1400.0,1361.0,1302.0,1406.0,1406.0,953.0,408.0,979.0,421.0
1.0,2677.0,1571.0,1367.0,1406.0,1589.0,1589.0,957.0,410.0,1099.0,472.0
1.0,2512.0,1491.0,1371.0,1589.0,1503.0,1503.0,960.0,411.0,1044.0,447.0
1.0,2610.0,1436.0,1373.0,1503.0,1442.0,1442.0,961.0,412.0,1004.0,432.0
1.0,2677.0,1382.0,1372.0,1442.0,1379.0,1379.0,960.0,412.0,969.0,413.0
1.0,2737.0,1301.0,1370.0,1379.0,1295.0,1295.0,959.0,411.0,909.0,392.0
1.0,2815.0,1384.0,1370.0,1295.0,1384.0,1384.0,959.0,411.0,969.0,415.0
1.0,2726.0,1423.0,1373.0,1384.0,1432.0,1432.0,961.0,412.0,996.0,427.0
1.0,2687.0,1425.0,1376.0,1432.0,1434.0,1434.0,963.0,413.0,999.0,426.0
1.0,2694.0,1497.0,1379.0,1434.0,1506.0,1506.0,965.0,414.0,1048.0,449.0
1.0,2631.0,1414.0,1379.0,1506.0,1414.0,1414.0,965.0,414.0,990.0,424.0
1.0,2723.0,1374.0,1376.0,1414.0,1365.0,1365.0,963.0,413.0,962.0,412.0
1.0,2763.0,1339.0,1373.0,1365.0,1330.0,1330.0,961.0,412.0,936.0,403.0
1.0,2789.0,1383.0,1373.0,1330.0,1383.0,1383.0,961.0,412.0,968.0,415.0
1.0,2736.0,1424.0,1374.0,1383.0,1427.0,1427.0,962.0,412.0,998.0,426.0
1.0,2695.0,1426.0,1377.0,1427.0,1435.0,1435.0,964.0,413.0,997.0,429.0
1.0,2696.0,1420.0,1380.0,1435.0,1429.0,1429.0,966.0,414.0,994.0,426.0
1.0,2711.0,1446.0,1382.0,1429.0,1452.0,1452.0,967.0,415.0,1013.0,433.0
1.0,2694.0,1421.0,1383.0,1452.0,1424.0,1424.0,968.0,415.0,993.0,428.0
1.0,2725.0,1381.0,1383.0,1424.0,1381.0,1381.0,968.0,415.0,969.0,412.0
1.0,2768.0,1383.0,1383.0,1381.0,1383.0,1383.0,968.0,415.0,968.0,415.0
1.0,2766.0,1506.0,1386.0,1383.0,1515.0,1515.0,970.0,416.0,1054.0,452.0
1.0,2643.0,1456.0,1389.0,1515.0,1465.0,1465.0,972.0,417.0,1019.0,437.0
1.0,2702.0,1479.0,1391.0,1465.0,1485.0,1485.0,974.0,417.0,1034.0,445.0
1.0,2688.0,1430.0,1391.0,1485.0,1430.0,1430.0,974.0,417.0,1001.0,429.0
1.0,2743.0,1395.0,1391.0,1430.0,1395.0,1395.0,974.0,417.0,977.0,418.0
1.0,2778.0,1322.0,1390.0,1395.0,1319.0,1319.0,973.0,417.0,924.0,398.0
1.0,2851.0,1356.0,1390.0,1319.0,1356.0,1356.0,973.0,417.0,951.0,405.0
1.0,2814.0,1411.0,1392.0,1356.0,1417.0,1417.0,974.0,418.0,986.0,425.0
1.0,2759.0,1476.0,1396.0,1417.0,1488.0,1488.0,977.0,419.0,1033.0,443.0
1.0,2700.0,1473.0,1399.0,1488.0,1482.0,1482.0,979.0,420.0,1031.0,442.0
1.0,2715.0,1469.0,1401.0,1482.0,1475.0,1475.0,981.0,420.0,1028.0,441.0
1.0,2728.0,1375.0,1400.0,1475.0,1372.0,1372.0,980.0,420.0,964.0,411.0
1.0,2828.0,1294.0,1398.0,1372.0,1288.0,1288.0,979.0,419.0,905.0,389.0
1.0,2906.0,1374.0,1397.0,1288.0,1371.0,1371.0,978.0,419.0,962.0,412.0
1.0,2820.0,1460.0,1400.0,1371.0,1469.0,1469.0,980.0,420.0,1023.0,437.0
1.0,2731.0,1429.0,1402.0,1469.0,1435.0,1435.0,981.0,421.0,1000.0,429.0
1.0,2771.0,1529.0,1406.0,1435.0,1541.0,1541.0,984.0,422.0,1070.0,459.0
1.0,2677.0,1549.0,1409.0,1541.0,1558.0,1558.0,986.0,423.0,1084.0,465.0
1.0,2669.0,1380.0,1407.0,1558.0,1374.0,1374.0,985.0,422.0,967.0,413.0
1.0,2847.0,1341.0,1404.0,1374.0,1332.0,1332.0,983.0,421.0,938.0,403.0
1.0,2880.0,1340.0,1405.0,1332.0,1343.0,1343.0,984.0,421.0,938.0,402.0
1.0,2872.0,1376.0,1406.0,1343.0,1379.0,1379.0,984.0,422.0,963.0,413.0
1.0,2839.0,1501.0,1410.0,1379.0,1513.0,1513.0,987.0,423.0,1051.0,450.0
1.0,2717.0,1480.0,1414.0,1513.0,1492.0,1492.0,990.0,424.0,1037.0,443.0
1.0,2750.0,1434.0,1416.0,1492.0,1440.0,1440.0,991.0,425.0,1003.0,431.0
1.0,2808.0,1377.0,1414.0,1440.0,1371.0,1371.0,990.0,424.0,963.0,414.0
1.0,2871.0,1356.0,1413.0,1371.0,1353.0,1353.0,989.0,424.0,950.0,406.0
1.0,2886.0,1373.0,1413.0,1353.0,1373.0,1373.0,989.0,424.0,961.0,412.0
1.0,2866.0,1480.0,1416.0,1373.0,1489.0,1489.0,991.0,425.0,1036.0,444.0
1.0,2759.0,1522.0,1419.0,1489.0,1531.0,1531.0,993.0,426.0,1065.0,457.0
1.0,2726.0,1537.0,1423.0,1531.0,1549.0,1549.0,996.0,427.0,1076.0,461.0
1.0,2720.0,1424.0,1423.0,1549.0,1424.0,1424.0,996.0,427.0,997.0,427.0
1.0,2845.0,1361.0,1420.0,1424.0,1352.0,1352.0,994.0,426.0,953.0,408.0
1.0,2908.0,1334.0,1417.0,1352.0,1325.0,1325.0,992.0,425.0,934.0,400.0
1.0,2926.0,1387.0,1416.0,1325.0,1384.0,1384.0,991.0,425.0,970.0,417.0
1.0,2864.0,1424.0,1416.0,1384.0,1424.0,1424.0,991.0,425.0,998.0,426.0
1.0,2824.0,1475.0,1420.0,1424.0,1487.0,1487.0,994.0,426.0,1032.0,443.0
1.0,2773.0,1483.0,1421.0,1487.0,1486.0,1486.0,995.0,426.0,1037.0,446.0
1.0,2777.0,1474.0,1423.0,1486.0,1480.0,1480.0,996.0,427.0,1033.0,441.0
1.0,2789.0,1422.0,1423.0,1480.0,1422.0,1422.0,996.0,427.0,995.0,427.0
1.0,2847.0,1338.0,1420.0,1422.0,1329.0,1329.0,994.0,426.0,937.0,401.0
1.0,2931.0,1370.0,1419.0,1329.0,1367.0,1367.0,993.0,426.0,958.0,412.0
1.0,2890.0,1416.0,1420.0,1367.0,1419.0,1419.0,994.0,426.0,992.0,424.0
1.0,2841.0,1469.0,1422.0,1419.0,1475.0,1475.0,995.0,427.0,1027.0,442.0
1.0,2791.0,1529.0,1424.0,1475.0,1535.0,1535.0,997.0,427.0,1070.0,459.0
1.0,2737.0,1407.0,1424.0,1535.0,1407.0,1407.0,997.0,427.0,985.0,422.0
1.0,2865.0,1354.0,1423.0,1407.0,1351.0,1351.0,996.0,427.0,949.0,405.0
1.0,2918.0,1383.0,1423.0,1351.0,1383.0,1383.0,996.0,427.0,968.0,415.0
1.0,2886.0,1318.0,1420.0,1383.0,1309.0,1309.0,994.0,426.0,923.0,395.0
1.0,2951.0,1411.0,1420.0,1309.0,1411.0,1411.0,994.0,426.0,988.0,423.0
1.0,2849.0,1486.0,1422.0,1411.0,1492.0,1492.0,995.0,427.0,1040.0,446.0
1.0,2774.0,1457.0,1423.0,1492.0,1460.0,1460.0,996.0,427.0,1021.0,436.0
1.0,2809.0,1420.0,1421.0,1460.0,1414.0,1414.0,995.0,426.0,993.0,427.0
1.0,2849.0,1407.0,1420.0,1414.0,1404.0,1404.0,994.0,426.0,984.0,423.0
1.0,2856.0,1416.0,1420.0,1404.0,1416.0,1416.0,994.0,426.0,992.0,424.0
1.0,2844.0,1358.0,1418.0,1416.0,1352.0,1352.0,993.0,425.0,950.0,408.0
1.0,2902.0,1416.0,1419.0,1352.0,1419.0,1419.0,993.0,426.0,992.0,424.0
1.0,2838.0,1532.0,1423.0,1419.0,1544.0,1544.0,996.0,427.0,1072.0,460.0
1.0,2725.0,1491.0,1425.0,1544.0,1497.0,1497.0,997.0,428.0,1043.0,448.0
1.0,2778.0,1504.0,1427.0,1497.0,1510.0,1510.0,999.0,428.0,1054.0,450.0
1.0,2771.0,1414.0,1426.0,1510.0,1411.0,1411.0,998.0,428.0,990.0,424.0
1.0,2867.0,1338.0,1423.0,1411.0,1329.0,1329.0,996.0,427.0,937.0,401.0
1.0,2940.0,1429.0,1423.0,1329.0,1429.0,1429.0,996.0,427.0,1000.0,429.0
1.0,2840.0,1525.0,1426.0,1429.0,1534.0,1534.0,998.0,428.0,1066.0,459.0
1.0,2744.0,1459.0,1428.0,1534.0,1465.0,1465.0,1000.0,428.0,1022.0,437.0
1.0,2819.0,1453.0,1430.0,1465.0,1459.0,1459.0,1001.0,429.0,1018.0,435.0
1.0,2831.0,1466.0,1430.0,1459.0,1466.0,1466.0,1001.0,429.0,1026.0,440.0
1.0,2824.0,1436.0,1430.0,1466.0,1436.0,1436.0,1001.0,429.0,1003.0,433.0
1.0,2854.0,1367.0,1427.0,1436.0,1358.0,1358.0,999.0,428.0,957.0,410.0
1.0,2923.0,1373.0,1423.0,1358.0,1361.0,1361.0,996.0,427.0,961.0,412.0
1.0,2908.0,1436.0,1424.0,1361.0,1439.0,1439.0,997.0,427.0,1005.0,431.0
1.0,2833.0,1555.0,1429.0,1439.0,1570.0,1570.0,1000.0,429.0,1089.0,466.0
1.0,2717.0,1519.0,1432.0,1570.0,1528.0,1528.0,1002.0,430.0,1063.0,456.0
1.0,2768.0,1513.0,1434.0,1528.0,1519.0,1519.0,1004.0,430.0,1059.0,454.0
1.0,2783.0,1417.0,1433.0,1519.0,1414.0,1414.0,1003.0,430.0,991.0,426.0
1.0,2885.0,1375.0,1431.0,1414.0,1369.0,1369.0,1002.0,429.0,964.0,411.0
1.0,2924.0,1384.0,1430.0,1369.0,1381.0,1381.0,1001.0,429.0,968.0,416.0
1.0,2909.0,1478.0,1432.0,1381.0,1484.0,1484.0,1002.0,430.0,1036.0,442.0
1.0,2812.0,1493.0,1434.0,1484.0,1499.0,1499.0,1004.0,430.0,1044.0,449.0
1.0,2803.0,1499.0,1437.0,1499.0,1508.0,1508.0,1006.0,431.0,1049.0,450.0
1.0,2803.0,1539.0,1439.0,1508.0,1545.0,1545.0,1007.0,432.0,1078.0,461.0
1.0,2772.0,1450.0,1437.0,1545.0,1444.0,1444.0,1006.0,431.0,1014.0,436.0
1.0,2867.0,1413.0,1434.0,1444.0,1404.0,1404.0,1004.0,430.0,990.0,423.0
1.0,2898.0,1401.0,1434.0,1404.0,1401.0,1401.0,1004.0,430.0,980.0,421.0
1.0,2901.0,1442.0,1436.0,1401.0,1448.0,1448.0,1005.0,431.0,1010.0,432.0
1.0,2860.0,1516.0,1439.0,1448.0,1525.0,1525.0,1007.0,432.0,1061.0,455.0
1.0,2792.0,1545.0,1443.0,1525.0,1557.0,1557.0,1010.0,433.0,1081.0,464.0
1.0,2772.0,1491.0,1443.0,1557.0,1491.0,1491.0,1010.0,433.0,1042.0,449.0
1.0,2838.0,1412.0,1443.0,1491.0,1412.0,1412.0,1010.0,433.0,990.0,422.0
1.0,2917.0,1364.0,1440.0,1412.0,1355.0,1355.0,1008.0,432.0,953.0,411.0
1.0,2965.0,1320.0,1437.0,1355.0,1311.0,1311.0,1006.0,431.0,924.0,396.0
1.0,3000.0,1466.0,1437.0,1311.0,1466.0,1466.0,1006.0,431.0,1027.0,439.0
1.0,2845.0,1533.0,1442.0,1466.0,1548.0,1548.0,1009.0,433.0,1073.0,460.0
1.0,2778.0,1552.0,1446.0,1548.0,1564.0,1564.0,1012.0,434.0,1086.0,466.0
1.0,2774.0,1516.0,1447.0,1564.0,1519.0,1519.0,1013.0,434.0,1061.0,455.0
1.0,2822.0,1434.0,1446.0,1519.0,1431.0,1431.0,1012.0,434.0,1003.0,431.0
1.0,2907.0,1431.0,1444.0,1431.0,1425.0,1425.0,1011.0,433.0,1003.0,428.0
1.0,2907.0,1384.0,1444.0,1425.0,1384.0,1384.0,1011.0,433.0,969.0,415.0
1.0,2948.0,1519.0,1447.0,1384.0,1528.0,1528.0,1013.0,434.0,1063.0,456.0
1.0,2813.0,1480.0,1449.0,1528.0,1486.0,1486.0,1014.0,435.0,1037.0,443.0
1.0,2861.0,1529.0,1453.0,1486.0,1541.0,1541.0,1017.0,436.0,1071.0,458.0
1.0,2818.0,1498.0,1455.0,1541.0,1504.0,1504.0,1018.0,437.0,1047.0,451.0
1.0,2861.0,1466.0,1454.0,1504.0,1463.0,1463.0,1018.0,436.0,1026.0,440.0
1.0,2899.0,1335.0,1452.0,1463.0,1329.0,1329.0,1016.0,436.0,935.0,400.0
1.0,3027.0,1432.0,1453.0,1329.0,1435.0,1435.0,1017.0,436.0,1002.0,430.0
1.0,2924.0,1485.0,1454.0,1435.0,1488.0,1488.0,1018.0,436.0,1038.0,447.0
1.0,2874.0,1552.0,1456.0,1488.0,1558.0,1558.0,1019.0,437.0,1088.0,464.0
1.0,2810.0,1574.0,1460.0,1558.0,1586.0,1586.0,1022.0,438.0,1100.0,474.0
1.0,2794.0,1469.0,1462.0,1586.0,1475.0,1475.0,1023.0,439.0,1028.0,441.0
1.0,2911.0,1469.0,1460.0,1475.0,1463.0,1463.0,1022.0,438.0,1028.0,441.0
1.0,2917.0,1384.0,1459.0,1463.0,1381.0,1381.0,1021.0,438.0,969.0,415.0
1.0,2996.0,1397.0,1456.0,1381.0,1388.0,1388.0,1019.0,437.0,979.0,418.0
1.0,2980.0,1536.0,1459.0,1388.0,1545.0,1545.0,1021.0,438.0,1075.0,461.0
1.0,2832.0,1570.0,1463.0,1545.0,1582.0,1582.0,1024.0,439.0,1099.0,471.0
1.0,2807.0,1562.0,1466.0,1582.0,1571.0,1571.0,1026.0,440.0,1093.0,469.0
1.0,2827.0,1514.0,1466.0,1571.0,1514.0,1514.0,1026.0,440.0,1060.0,454.0
1.0,2884.0,1456.0,1466.0,1514.0,1456.0,1456.0,1026.0,440.0,1019.0,437.0
1.0,2942.0,1418.0,1465.0,1456.0,1415.0,1415.0,1025.0,440.0,993.0,425.0
1.0,2980.0,1406.0,1463.0,1415.0,1400.0,1400.0,1024.0,439.0,983.0,423.0
1.0,2989.0,1516.0,1466.0,1400.0,1525.0,1525.0,1026.0,440.0,1062.0,454.0
1.0,2873.0,1533.0,1469.0,1525.0,1542.0,1542.0,1028.0,441.0,1073.0,460.0
1.0,2865.0,1599.0,1473.0,1542.0,1611.0,1611.0,1031.0,442.0,1120.0,479.0
1.0,2808.0,1549.0,1475.0,1611.0,1555.0,1555.0,1032.0,443.0,1083.0,466.0
1.0,2870.0,1470.0,1473.0,1555.0,1464.0,1464.0,1031.0,442.0,1030.0,440.0
1.0,2955.0,1407.0,1471.0,1464.0,1401.0,1401.0,1030.0,441.0,984.0,423.0
1.0,3012.0,1366.0,1469.0,1401.0,1360.0,1360.0,1028.0,441.0,956.0,410.0
1.0,3047.0,1513.0,1470.0,1360.0,1516.0,1516.0,1029.0,441.0,1061.0,452.0
1.0,2894.0,1526.0,1473.0,1516.0,1535.0,1535.0,1031.0,442.0,1067.0,459.0
1.0,2884.0,1586.0,1477.0,1535.0,1598.0,1598.0,1034.0,443.0,1111.0,475.0
1.0,2833.0,1547.0,1479.0,1598.0,1553.0,1553.0,1035.0,444.0,1082.0,465.0
1.0,2884.0,1486.0,1478.0,1553.0,1483.0,1483.0,1035.0,443.0,1040.0,446.0
1.0,2951.0,1423.0,1477.0,1483.0,1420.0,1420.0,1034.0,443.0,997.0,426.0
1.0,3011.0,1490.0,1476.0,1420.0,1487.0,1487.0,1033.0,443.0,1042.0,448.0
1.0,2941.0,1502.0,1477.0,1487.0,1505.0,1505.0,1034.0,443.0,1052.0,450.0
1.0,2926.0,1574.0,1480.0,1505.0,1583.0,1583.0,1036.0,444.0,1101.0,473.0
1.0,2857.0,1516.0,1482.0,1583.0,1522.0,1522.0,1037.0,445.0,1060.0,456.0
1.0,2924.0,1490.0,1483.0,1522.0,1493.0,1493.0,1038.0,445.0,1044.0,446.0
1.0,2956.0,1500.0,1483.0,1493.0,1500.0,1500.0,1038.0,445.0,1050.0,450.0
1.0,2949.0,1390.0,1480.0,1500.0,1381.0,1381.0,1036.0,444.0,973.0,417.0
1.0,3059.0,1423.0,1479.0,1381.0,1420.0,1420.0,1035.0,444.0,995.0,428.0
1.0,3017.0,1463.0,1479.0,1420.0,1463.0,1463.0,1035.0,444.0,1025.0,438.0
1.0,2974.0,1541.0,1483.0,1463.0,1553.0,1553.0,1038.0,445.0,1078.0,463.0
1.0,2896.0,1572.0,1487.0,1553.0,1584.0,1584.0,1041.0,446.0,1101.0,471.0
1.0,2877.0,1578.0,1490.0,1584.0,1587.0,1587.0,1043.0,447.0,1104.0,474.0
1.0,2883.0,1479.0,1489.0,1587.0,1476.0,1476.0,1042.0,447.0,1034.0,445.0
1.0,2991.0,1401.0,1486.0,1476.0,1392.0,1392.0,1040.0,446.0,981.0,420.0
1.0,3066.0,1504.0,1486.0,1392.0,1504.0,1504.0,1040.0,446.0,1053.0,451.0
1.0,2954.0,1528.0,1487.0,1504.0,1531.0,1531.0,1041.0,446.0,1068.0,460.0
1.0,2930.0,1586.0,1490.0,1531.0,1595.0,1595.0,1043.0,447.0,1112.0,474.0
1.0,2875.0,1622.0,1495.0,1595.0,1637.0,1637.0,1046.0,449.0,1134.0,488.0
1.0,2848.0,1519.0,1495.0,1637.0,1519.0,1519.0,1046.0,449.0,1063.0,456.0
1.0,2966.0,1474.0,1495.0,1519.0,1474.0,1474.0,1046.0,449.0,1032.0,442.0
1.0,3011.0,1508.0,1494.0,1474.0,1505.0,1505.0,1046.0,448.0,1056.0,452.0
1.0,2977.0,1496.0,1494.0,1505.0,1496.0,1496.0,1046.0,448.0,1047.0,449.0
1.0,2986.0,1567.0,1496.0,1496.0,1573.0,1573.0,1047.0,449.0,1099.0,468.0
1.0,2915.0,1522.0,1500.0,1573.0,1534.0,1534.0,1050.0,450.0,1065.0,457.0
1.0,2966.0,1543.0,1502.0,1534.0,1549.0,1549.0,1051.0,451.0,1079.0,464.0
1.0,2957.0,1507.0,1503.0,1549.0,1510.0,1510.0,1052.0,451.0,1056.0,451.0
1.0,2999.0,1517.0,1502.0,1510.0,1514.0,1514.0,1051.0,451.0,1061.0,456.0
1.0,2992.0,1443.0,1499.0,1514.0,1434.0,1434.0,1049.0,450.0,1011.0,432.0
1.0,3063.0,1477.0,1500.0,1434.0,1480.0,1480.0,1050.0,450.0,1034.0,443.0
1.0,3020.0,1431.0,1499.0,1480.0,1428.0,1428.0,1049.0,450.0,1001.0,430.0
1.0,3069.0,1581.0,1503.0,1428.0,1593.0,1593.0,1052.0,451.0,1107.0,474.0
1.0,2916.0,1559.0,1506.0,1593.0,1568.0,1568.0,1054.0,452.0,1091.0,468.0
1.0,2950.0,1494.0,1504.0,1568.0,1488.0,1488.0,1053.0,451.0,1045.0,449.0
1.0,3024.0,1510.0,1503.0,1488.0,1507.0,1507.0,1052.0,451.0,1059.0,451.0
1.0,3002.0,1455.0,1501.0,1507.0,1449.0,1449.0,1051.0,450.0,1018.0,437.0
1.0,3054.0,1427.0,1500.0,1449.0,1424.0,1424.0,1050.0,450.0,999.0,428.0
1.0,3076.0,1478.0,1500.0,1424.0,1478.0,1478.0,1050.0,450.0,1033.0,445.0
1.0,3022.0,1628.0,1504.0,1478.0,1640.0,1640.0,1053.0,451.0,1139.0,489.0
1.0,2872.0,1612.0,1509.0,1640.0,1627.0,1627.0,1056.0,453.0,1129.0,483.0
1.0,2900.0,1550.0,1509.0,1627.0,1550.0,1550.0,1056.0,453.0,1085.0,465.0
1.0,2977.0,1461.0,1507.0,1550.0,1455.0,1455.0,1055.0,452.0,1023.0,438.0
1.0,3066.0,1401.0,1503.0,1455.0,1389.0,1389.0,1052.0,451.0,980.0,421.0
1.0,3120.0,1373.0,1500.0,1389.0,1364.0,1364.0,1050.0,450.0,961.0,412.0
1.0,3136.0,1514.0,1501.0,1364.0,1517.0,1517.0,1051.0,450.0,1061.0,453.0
1.0,2986.0,1559.0,1504.0,1517.0,1568.0,1568.0,1053.0,451.0,1090.0,469.0
1.0,2944.0,1559.0,1507.0,1568.0,1568.0,1568.0,1055.0,452.0,1092.0,467.0
1.0,2953.0,1533.0,1509.0,1568.0,1539.0,1539.0,1056.0,453.0,1073.0,460.0
1.0,2988.0,1474.0,1507.0,1539.0,1468.0,1468.0,1055.0,452.0,1032.0,442.0
1.0,3053.0,1480.0,1506.0,1468.0,1477.0,1477.0,1054.0,452.0,1036.0,444.0
1.0,3041.0,1470.0,1503.0,1477.0,1461.0,1461.0,1052.0,451.0,1028.0,442.0
1.0,3048.0,1497.0,1504.0,1461.0,1500.0,1500.0,1053.0,451.0,1049.0,448.0
1.0,3012.0,1625.0,1507.0,1500.0,1634.0,1634.0,1055.0,452.0,1137.0,488.0
1.0,2887.0,1633.0,1510.0,1634.0,1642.0,1642.0,1057.0,453.0,1143.0,490.0
1.0,2888.0,1524.0,1511.0,1642.0,1527.0,1527.0,1058.0,453.0,1067.0,457.0
1.0,3006.0,1480.0,1509.0,1527.0,1474.0,1474.0,1056.0,453.0,1037.0,443.0
1.0,3053.0,1434.0,1507.0,1474.0,1428.0,1428.0,1055.0,452.0,1003.0,431.0
1.0,3093.0,1467.0,1507.0,1428.0,1467.0,1467.0,1055.0,452.0,1027.0,440.0
1.0,3054.0,1567.0,1509.0,1467.0,1573.0,1573.0,1056.0,453.0,1098.0,469.0
1.0,2954.0,1559.0,1512.0,1573.0,1568.0,1568.0,1058.0,454.0,1091.0,468.0
1.0,2968.0,1563.0,1514.0,1568.0,1569.0,1569.0,1060.0,454.0,1094.0,469.0
1.0,2973.0,1594.0,1517.0,1569.0,1603.0,1603.0,1062.0,455.0,1117.0,477.0
1.0,2948.0,1495.0,1516.0,1603.0,1492.0,1492.0,1061.0,455.0,1046.0,449.0
1.0,3056.0,1483.0,1514.0,1492.0,1477.0,1477.0,1060.0,454.0,1037.0,446.0
1.0,3065.0,1490.0,1513.0,1477.0,1487.0,1487.0,1059.0,454.0,1044.0,446.0
1.0,3052.0,1528.0,1513.0,1487.0,1528.0,1528.0,1059.0,454.0,1067.0,461.0
1.0,3011.0,1583.0,1517.0,1528.0,1595.0,1595.0,1062.0,455.0,1109.0,474.0
1.0,2956.0,1670.0,1520.0,1595.0,1679.0,1679.0,1064.0,456.0,1171.0,499.0
1.0,2881.0,1566.0,1521.0,1679.0,1569.0,1569.0,1065.0,456.0,1094.0,472.0
1.0,2994.0,1547.0,1520.0,1569.0,1544.0,1544.0,1064.0,456.0,1083.0,464.0
1.0,3016.0,1507.0,1518.0,1544.0,1501.0,1501.0,1063.0,455.0,1056.0,451.0
1.0,3053.0,1493.0,1517.0,1501.0,1490.0,1490.0,1062.0,455.0,1044.0,449.0
1.0,3061.0,1527.0,1519.0,1490.0,1533.0,1533.0,1063.0,456.0,1070.0,457.0
1.0,3024.0,1622.0,1520.0,1533.0,1625.0,1625.0,1064.0,456.0,1134.0,488.0
1.0,2935.0,1668.0,1524.0,1625.0,1680.0,1680.0,1067.0,457.0,1168.0,500.0
1.0,2892.0,1590.0,1524.0,1680.0,1590.0,1590.0,1067.0,457.0,1113.0,477.0
1.0,2982.0,1531.0,1524.0,1590.0,1531.0,1531.0,1067.0,457.0,1072.0,459.0
1.0,3041.0,1466.0,1523.0,1531.0,1463.0,1463.0,1066.0,457.0,1025.0,441.0
1.0,3106.0,1480.0,1523.0,1463.0,1480.0,1480.0,1066.0,457.0,1038.0,442.0
1.0,3089.0,1511.0,1523.0,1480.0,1511.0,1511.0,1066.0,457.0,1058.0,453.0
1.0,3058.0,1618.0,1526.0,1511.0,1627.0,1627.0,1068.0,458.0,1132.0,486.0
1.0,2951.0,1688.0,1530.0,1627.0,1700.0,1700.0,1071.0,459.0,1182.0,506.0
1.0,2890.0,1595.0,1533.0,1700.0,1604.0,1604.0,1073.0,460.0,1116.0,479.0
1.0,2995.0,1443.0,1530.0,1604.0,1434.0,1434.0,1071.0,459.0,1008.0,435.0
1.0,3156.0,1451.0,1529.0,1434.0,1448.0,1448.0,1070.0,459.0,1017.0,434.0
1.0,3139.0,1513.0,1529.0,1448.0,1513.0,1513.0,1070.0,459.0,1059.0,454.0
1.0,3074.0,1509.0,1529.0,1513.0,1509.0,1509.0,1070.0,459.0,1056.0,453.0
1.0,3078.0,1612.0,1532.0,1509.0,1621.0,1621.0,1072.0,460.0,1128.0,484.0
1.0,2975.0,1584.0,1534.0,1621.0,1590.0,1590.0,1074.0,460.0,1108.0,476.0
1.0,3012.0,1501.0,1536.0,1590.0,1507.0,1507.0,1075.0,461.0,1051.0,450.0
1.0,3101.0,1554.0,1534.0,1507.0,1548.0,1548.0,1074.0,460.0,1087.0,467.0
1.0,3054.0,1462.0,1531.0,1548.0,1453.0,1453.0,1072.0,459.0,1025.0,437.0
1.0,3140.0,1490.0,1530.0,1453.0,1487.0,1487.0,1071.0,459.0,1042.0,448.0
1.0,3103.0,1533.0,1531.0,1487.0,1536.0,1536.0,1072.0,459.0,1074.0,459.0
1.0,3057.0,1619.0,1536.0,1536.0,1634.0,1634.0,1075.0,461.0,1133.0,486.0
1.0,2974.0,1672.0,1541.0,1634.0,1687.0,1687.0,1079.0,462.0,1170.0,502.0
1.0,2936.0,1600.0,1543.0,1687.0,1606.0,1606.0,1080.0,463.0,1121.0,479.0
1.0,3023.0,1539.0,1543.0,1606.0,1539.0,1539.0,1080.0,463.0,1077.0,462.0
1.0,3090.0,1499.0,1541.0,1539.0,1493.0,1493.0,1079.0,462.0,1048.0,451.0
1.0,3130.0,1497.0,1540.0,1493.0,1494.0,1494.0,1078.0,462.0,1048.0,449.0
1.0,3126.0,1514.0,1541.0,1494.0,1517.0,1517.0,1079.0,462.0,1060.0,454.0
1.0,3106.0,1559.0,1543.0,1517.0,1565.0,1565.0,1080.0,463.0,1092.0,467.0
1.0,3064.0,1630.0,1546.0,1565.0,1639.0,1639.0,1082.0,464.0,1141.0,489.0
1.0,2999.0,1522.0,1546.0,1639.0,1522.0,1522.0,1082.0,464.0,1066.0,456.0
1.0,3116.0,1536.0,1544.0,1522.0,1530.0,1530.0,1081.0,463.0,1074.0,462.0
1.0,3102.0,1480.0,1542.0,1530.0,1474.0,1474.0,1079.0,463.0,1036.0,444.0
1.0,3152.0,1493.0,1541.0,1474.0,1490.0,1490.0,1079.0,462.0,1044.0,449.0
1.0,3133.0,1638.0,1544.0,1490.0,1647.0,1647.0,1081.0,463.0,1146.0,492.0
1.0,2985.0,1622.0,1547.0,1647.0,1631.0,1631.0,1083.0,464.0,1136.0,486.0
1.0,3010.0,1722.0,1553.0,1631.0,1740.0,1740.0,1087.0,466.0,1206.0,516.0
1.0,2919.0,1637.0,1554.0,1740.0,1640.0,1640.0,1088.0,466.0,1147.0,490.0
1.0,3022.0,1526.0,1553.0,1640.0,1523.0,1523.0,1087.0,466.0,1068.0,458.0
1.0,3136.0,1487.0,1552.0,1523.0,1484.0,1484.0,1086.0,466.0,1040.0,447.0
1.0,3172.0,1464.0,1549.0,1484.0,1455.0,1455.0,1084.0,465.0,1025.0,439.0
1.0,3192.0,1631.0,1552.0,1455.0,1640.0,1640.0,1086.0,466.0,1141.0,490.0
1.0,3016.0,1610.0,1554.0,1640.0,1616.0,1616.0,1088.0,466.0,1126.0,484.0
1.0,3046.0,1613.0,1557.0,1616.0,1622.0,1622.0,1090.0,467.0,1131.0,482.0
1.0,3049.0,1561.0,1557.0,1622.0,1561.0,1561.0,1090.0,467.0,1091.0,470.0
1.0,3110.0,1524.0,1556.0,1561.0,1521.0,1521.0,1089.0,467.0,1069.0,455.0
1.0,3147.0,1534.0,1553.0,1521.0,1525.0,1525.0,1087.0,466.0,1072.0,462.0
1.0,3134.0,1546.0,1553.0,1525.0,1546.0,1546.0,1087.0,466.0,1084.0,462.0
1.0,3113.0,1486.0,1552.0,1546.0,1483.0,1483.0,1086.0,466.0,1039.0,447.0
1.0,3173.0,1708.0,1556.0,1483.0,1720.0,1720.0,1089.0,467.0,1196.0,512.0
1.0,2948.0,1626.0,1559.0,1720.0,1635.0,1635.0,1091.0,468.0,1137.0,489.0
1.0,3042.0,1646.0,1560.0,1635.0,1649.0,1649.0,1092.0,468.0,1152.0,494.0
1.0,3031.0,1557.0,1560.0,1649.0,1557.0,1557.0,1092.0,468.0,1091.0,466.0
1.0,3123.0,1490.0,1556.0,1557.0,1478.0,1478.0,1089.0,467.0,1043.0,447.0
1.0,3190.0,1483.0,1554.0,1478.0,1477.0,1477.0,1088.0,466.0,1037.0,446.0
1.0,3185.0,1581.0,1555.0,1477.0,1584.0,1584.0,1088.0,467.0,1107.0,474.0
1.0,3081.0,1732.0,1560.0,1584.0,1747.0,1747.0,1092.0,468.0,1214.0,518.0
1.0,2933.0,1686.0,1564.0,1747.0,1698.0,1698.0,1095.0,469.0,1178.0,508.0
1.0,2994.0,1580.0,1566.0,1698.0,1586.0,1586.0,1096.0,470.0,1107.0,473.0
1.0,3112.0,1537.0,1564.0,1586.0,1531.0,1531.0,1095.0,469.0,1075.0,462.0
1.0,3161.0,1503.0,1560.0,1531.0,1491.0,1491.0,1092.0,468.0,1052.0,451.0
1.0,3189.0,1523.0,1559.0,1491.0,1520.0,1520.0,1091.0,468.0,1067.0,456.0
1.0,3157.0,1618.0,1563.0,1520.0,1630.0,1630.0,1094.0,469.0,1132.0,486.0
1.0,3059.0,1634.0,1566.0,1630.0,1643.0,1643.0,1096.0,470.0,1144.0,490.0
1.0,3055.0,1599.0,1567.0,1643.0,1602.0,1602.0,1097.0,470.0,1118.0,481.0
1.0,3099.0,1634.0,1570.0,1602.0,1643.0,1643.0,1099.0,471.0,1145.0,489.0
1.0,3067.0,1560.0,1569.0,1643.0,1557.0,1557.0,1098.0,471.0,1092.0,468.0
1.0,3150.0,1539.0,1568.0,1557.0,1536.0,1536.0,1098.0,470.0,1076.0,463.0
1.0,3168.0,1593.0,1570.0,1536.0,1599.0,1599.0,1099.0,471.0,1116.0,477.0
1.0,3111.0,1551.0,1570.0,1599.0,1551.0,1551.0,1099.0,471.0,1086.0,465.0
1.0,3159.0,1626.0,1573.0,1551.0,1635.0,1635.0,1101.0,472.0,1138.0,488.0
1.0,3084.0,1622.0,1576.0,1635.0,1631.0,1631.0,1103.0,473.0,1135.0,487.0
1.0,3097.0,1542.0,1576.0,1631.0,1542.0,1542.0,1103.0,473.0,1079.0,463.0
1.0,3186.0,1537.0,1574.0,1542.0,1531.0,1531.0,1102.0,472.0,1075.0,462.0
1.0,3191.0,1571.0,1572.0,1531.0,1565.0,1565.0,1100.0,472.0,1101.0,470.0
1.0,3151.0,1554.0,1571.0,1565.0,1551.0,1551.0,1100.0,471.0,1088.0,466.0
1.0,3162.0,1544.0,1571.0,1551.0,1544.0,1544.0,1100.0,471.0,1081.0,463.0
1.0,3169.0,1597.0,1573.0,1544.0,1603.0,1603.0,1101.0,472.0,1119.0,478.0
1.0,3116.0,1638.0,1576.0,1603.0,1647.0,1647.0,1103.0,473.0,1146.0,492.0
1.0,3081.0,1616.0,1577.0,1647.0,1619.0,1619.0,1104.0,473.0,1130.0,486.0
1.0,3112.0,1582.0,1579.0,1619.0,1588.0,1588.0,1105.0,474.0,1107.0,475.0
1.0,3149.0,1533.0,1576.0,1588.0,1524.0,1524.0,1103.0,473.0,1074.0,459.0
1.0,3204.0,1492.0,1576.0,1524.0,1492.0,1492.0,1103.0,473.0,1044.0,448.0
1.0,3236.0,1564.0,1576.0,1492.0,1564.0,1564.0,1103.0,473.0,1095.0,469.0
1.0,3164.0,1660.0,1580.0,1564.0,1672.0,1672.0,1106.0,474.0,1162.0,498.0
1.0,3068.0,1721.0,1584.0,1672.0,1733.0,1733.0,1109.0,475.0,1203.0,518.0
1.0,3019.0,1683.0,1586.0,1733.0,1689.0,1689.0,1110.0,476.0,1179.0,504.0
1.0,3069.0,1557.0,1584.0,1689.0,1551.0,1551.0,1109.0,475.0,1089.0,468.0
1.0,3201.0,1526.0,1580.0,1551.0,1514.0,1514.0,1106.0,474.0,1068.0,458.0
1.0,3226.0,1524.0,1577.0,1514.0,1515.0,1515.0,1104.0,473.0,1067.0,457.0
1.0,3216.0,1646.0,1580.0,1515.0,1655.0,1655.0,1106.0,474.0,1152.0,494.0
1.0,3085.0,1655.0,1583.0,1655.0,1664.0,1664.0,1108.0,475.0,1158.0,497.0
1.0,3085.0,1712.0,1589.0,1664.0,1730.0,1730.0,1112.0,477.0,1199.0,513.0
1.0,3037.0,1554.0,1587.0,1730.0,1548.0,1548.0,1111.0,476.0,1089.0,465.0
1.0,3213.0,1610.0,1587.0,1548.0,1610.0,1610.0,1111.0,476.0,1125.0,485.0
1.0,3151.0,1497.0,1584.0,1610.0,1488.0,1488.0,1109.0,475.0,1049.0,448.0
1.0,3264.0,1532.0,1584.0,1488.0,1532.0,1532.0,1109.0,475.0,1072.0,460.0
1.0,3220.0,1543.0,1584.0,1532.0,1543.0,1543.0,1109.0,475.0,1080.0,463.0
1.0,3209.0,1703.0,1587.0,1543.0,1712.0,1712.0,1111.0,476.0,1192.0,511.0
1.0,3049.0,1705.0,1590.0,1712.0,1714.0,1714.0,1113.0,477.0,1193.0,512.0
1.0,3056.0,1550.0,1592.0,1714.0,1556.0,1556.0,1114.0,478.0,1086.0,464.0
1.0,3220.0,1574.0,1589.0,1556.0,1565.0,1565.0,1112.0,477.0,1102.0,472.0
1.0,3202.0,1572.0,1589.0,1565.0,1572.0,1572.0,1112.0,477.0,1099.0,473.0
1.0,3195.0,1595.0,1587.0,1572.0,1589.0,1589.0,1111.0,476.0,1116.0,479.0
1.0,3172.0,1613.0,1589.0,1589.0,1619.0,1619.0,1112.0,477.0,1130.0,483.0
1.0,3148.0,1648.0,1592.0,1619.0,1657.0,1657.0,1114.0,478.0,1152.0,496.0
1.0,3119.0,1665.0,1595.0,1657.0,1674.0,1674.0,1116.0,479.0,1166.0,499.0
1.0,3111.0,1619.0,1596.0,1674.0,1622.0,1622.0,1117.0,479.0,1133.0,486.0
1.0,3166.0,1558.0,1592.0,1622.0,1546.0,1546.0,1114.0,478.0,1091.0,467.0
1.0,3230.0,1577.0,1590.0,1546.0,1571.0,1571.0,1113.0,477.0,1103.0,474.0
1.0,3199.0,1530.0,1589.0,1571.0,1527.0,1527.0,1112.0,477.0,1072.0,458.0
1.0,3240.0,1613.0,1590.0,1527.0,1616.0,1616.0,1113.0,477.0,1128.0,485.0
1.0,3154.0,1731.0,1595.0,1616.0,1746.0,1746.0,1116.0,479.0,1212.0,519.0
1.0,3039.0,1656.0,1597.0,1746.0,1662.0,1662.0,1118.0,479.0,1159.0,497.0
1.0,3129.0,1633.0,1597.0,1662.0,1633.0,1633.0,1118.0,479.0,1143.0,490.0
1.0,3158.0,1595.0,1597.0,1633.0,1595.0,1595.0,1118.0,479.0,1116.0,479.0
1.0,3196.0,1540.0,1596.0,1595.0,1537.0,1537.0,1117.0,479.0,1079.0,461.0
1.0,3251.0,1541.0,1594.0,1537.0,1535.0,1535.0,1116.0,478.0,1078.0,463.0
1.0,3247.0,1653.0,1596.0,1535.0,1659.0,1659.0,1117.0,479.0,1158.0,495.0
1.0,3129.0,1630.0,1597.0,1659.0,1633.0,1633.0,1118.0,479.0,1140.0,490.0
1.0,3158.0,1732.0,1600.0,1633.0,1741.0,1741.0,1120.0,480.0,1212.0,520.0
1.0,3059.0,1643.0,1602.0,1741.0,1649.0,1649.0,1121.0,481.0,1151.0,492.0
1.0,3157.0,1546.0,1600.0,1649.0,1540.0,1540.0,1120.0,480.0,1081.0,465.0
1.0,3260.0,1484.0,1598.0,1540.0,1478.0,1478.0,1119.0,479.0,1040.0,444.0
1.0,3316.0,1559.0,1599.0,1478.0,1562.0,1562.0,1119.0,480.0,1091.0,468.0
1.0,3235.0,1618.0,1600.0,1562.0,1621.0,1621.0,1120.0,480.0,1131.0,487.0
1.0,3179.0,1721.0,1603.0,1621.0,1730.0,1730.0,1122.0,481.0,1206.0,515.0
1.0,3079.0,1646.0,1604.0,1730.0,1649.0,1649.0,1123.0,481.0,1151.0,495.0
1.0,3163.0,1662.0,1607.0,1649.0,1671.0,1671.0,1125.0,482.0,1162.0,500.0
1.0,3150.0,1636.0,1607.0,1671.0,1636.0,1636.0,1125.0,482.0,1146.0,490.0
1.0,3185.0,1621.0,1607.0,1636.0,1621.0,1621.0,1125.0,482.0,1135.0,486.0
1.0,3200.0,1551.0,1606.0,1621.0,1548.0,1548.0,1124.0,482.0,1087.0,464.0
1.0,3270.0,1589.0,1606.0,1548.0,1589.0,1589.0,1124.0,482.0,1112.0,477.0
1.0,3229.0,1679.0,1609.0,1589.0,1688.0,1688.0,1126.0,483.0,1175.0,504.0
1.0,3139.0,1698.0,1613.0,1688.0,1710.0,1710.0,1129.0,484.0,1188.0,510.0
1.0,3129.0,1685.0,1616.0,1710.0,1694.0,1694.0,1131.0,485.0,1179.0,506.0
1.0,3154.0,1573.0,1613.0,1694.0,1564.0,1564.0,1129.0,484.0,1100.0,473.0
1.0,3275.0,1505.0,1609.0,1564.0,1493.0,1493.0,1126.0,483.0,1055.0,450.0
1.0,3334.0,1591.0,1607.0,1493.0,1585.0,1585.0,1125.0,482.0,1113.0,478.0
1.0,3236.0,1666.0,1610.0,1585.0,1675.0,1675.0,1127.0,483.0,1166.0,500.0
1.0,3155.0,1677.0,1613.0,1675.0,1686.0,1686.0,1129.0,484.0,1175.0,502.0
1.0,3153.0,1675.0,1616.0,1686.0,1684.0,1684.0,1131.0,485.0,1172.0,503.0
1.0,3164.0,1650.0,1616.0,1684.0,1650.0,1650.0,1131.0,485.0,1155.0,495.0
1.0,3198.0,1638.0,1616.0,1650.0,1638.0,1638.0,1131.0,485.0,1147.0,491.0
1.0,3210.0,1544.0,1612.0,1638.0,1532.0,1532.0,1128.0,484.0,1081.0,463.0
1.0,3304.0,1623.0,1613.0,1532.0,1626.0,1626.0,1129.0,484.0,1135.0,488.0
1.0,3213.0,1528.0,1612.0,1626.0,1525.0,1525.0,1128.0,484.0,1071.0,457.0
1.0,3311.0,1700.0,1616.0,1525.0,1712.0,1712.0,1131.0,485.0,1191.0,509.0
1.0,3136.0,1728.0,1620.0,1712.0,1740.0,1740.0,1134.0,486.0,1209.0,519.0
1.0,3120.0,1645.0,1622.0,1740.0,1651.0,1651.0,1135.0,487.0,1150.0,495.0
1.0,3215.0,1593.0,1619.0,1651.0,1584.0,1584.0,1133.0,486.0,1116.0,477.0
1.0,3273.0,1592.0,1617.0,1584.0,1586.0,1586.0,1132.0,485.0,1113.0,479.0
1.0,3265.0,1563.0,1617.0,1586.0,1563.0,1563.0,1132.0,485.0,1094.0,469.0
1.0,3288.0,1614.0,1619.0,1563.0,1620.0,1620.0,1133.0,486.0,1130.0,484.0
1.0,3237.0,1712.0,1620.0,1620.0,1715.0,1715.0,1134.0,486.0,1198.0,514.0
1.0,3145.0,1712.0,1623.0,1715.0,1721.0,1721.0,1136.0,487.0,1200.0,512.0
1.0,3148.0,1718.0,1625.0,1721.0,1724.0,1724.0,1137.0,488.0,1201.0,517.0
1.0,3151.0,1551.0,1623.0,1724.0,1545.0,1545.0,1136.0,487.0,1087.0,464.0
1.0,3324.0,1578.0,1622.0,1545.0,1575.0,1575.0,1135.0,487.0,1104.0,474.0
1.0,3291.0,1610.0,1621.0,1575.0,1607.0,1607.0,1135.0,486.0,1127.0,483.0
1.0,3256.0,1670.0,1623.0,1607.0,1676.0,1676.0,1136.0,487.0,1168.0,502.0
1.0,3193.0,1663.0,1626.0,1676.0,1672.0,1672.0,1138.0,488.0,1165.0,498.0
1.0,3206.0,1672.0,1627.0,1672.0,1675.0,1675.0,1139.0,488.0,1170.0,502.0
1.0,3206.0,1656.0,1629.0,1675.0,1662.0,1662.0,1140.0,489.0,1160.0,496.0
1.0,3225.0,1610.0,1626.0,1662.0,1601.0,1601.0,1138.0,488.0,1127.0,483.0
1.0,3277.0,1558.0,1624.0,1601.0,1552.0,1552.0,1137.0,487.0,1090.0,468.0
1.0,3320.0,1634.0,1624.0,1552.0,1634.0,1634.0,1137.0,487.0,1144.0,490.0
1.0,3238.0,1717.0,1627.0,1634.0,1726.0,1726.0,1139.0,488.0,1202.0,515.0
1.0,3155.0,1715.0,1630.0,1726.0,1724.0,1724.0,1141.0,489.0,1200.0,515.0
1.0,3166.0,1721.0,1634.0,1724.0,1733.0,1733.0,1144.0,490.0,1204.0,517.0
1.0,3169.0,1694.0,1634.0,1733.0,1694.0,1694.0,1144.0,490.0,1187.0,507.0
1.0,3208.0,1634.0,1634.0,1694.0,1634.0,1634.0,1144.0,490.0,1144.0,490.0
1.0,3268.0,1525.0,1630.0,1634.0,1513.0,1513.0,1141.0,489.0,1067.0,458.0
1.0,3377.0,1564.0,1629.0,1513.0,1561.0,1561.0,1140.0,489.0,1096.0,468.0
1.0,3326.0,1671.0,1631.0,1561.0,1677.0,1677.0,1142.0,489.0,1169.0,502.0
1.0,3216.0,1722.0,1636.0,1677.0,1737.0,1737.0,1145.0,491.0,1206.0,516.0
1.0,3171.0,1748.0,1640.0,1737.0,1760.0,1760.0,1148.0,492.0,1223.0,525.0
1.0,3160.0,1715.0,1642.0,1760.0,1721.0,1721.0,1149.0,493.0,1199.0,516.0
1.0,3205.0,1616.0,1640.0,1721.0,1610.0,1610.0,1148.0,492.0,1132.0,484.0
1.0,3310.0,1652.0,1640.0,1610.0,1652.0,1652.0,1148.0,492.0,1156.0,496.0
1.0,3268.0,1577.0,1638.0,1652.0,1571.0,1571.0,1147.0,491.0,1103.0,474.0
1.0,3343.0,1689.0,1639.0,1571.0,1692.0,1692.0,1147.0,492.0,1183.0,506.0
1.0,3225.0,1762.0,1642.0,1692.0,1771.0,1771.0,1149.0,493.0,1233.0,529.0
1.0,3155.0,1748.0,1646.0,1771.0,1760.0,1760.0,1152.0,494.0,1223.0,525.0
1.0,3178.0,1693.0,1647.0,1760.0,1696.0,1696.0,1153.0,494.0,1185.0,508.0
1.0,3245.0,1634.0,1647.0,1696.0,1634.0,1634.0,1153.0,494.0,1145.0,489.0
1.0,3307.0,1594.0,1644.0,1634.0,1585.0,1585.0,1151.0,493.0,1115.0,479.0
1.0,3347.0,1613.0,1643.0,1585.0,1610.0,1610.0,1150.0,493.0,1128.0,485.0
1.0,3319.0,1717.0,1646.0,1610.0,1726.0,1726.0,1152.0,494.0,1204.0,513.0
1.0,3212.0,1688.0,1650.0,1726.0,1700.0,1700.0,1155.0,495.0,1181.0,507.0
1.0,3250.0,1750.0,1653.0,1700.0,1759.0,1759.0,1157.0,496.0,1225.0,525.0
1.0,3200.0,1659.0,1653.0,1759.0,1659.0,1659.0,1157.0,496.0,1161.0,498.0
1.0,3300.0,1620.0,1652.0,1659.0,1617.0,1617.0,1156.0,496.0,1133.0,487.0
1.0,3339.0,1607.0,1650.0,1617.0,1601.0,1601.0,1155.0,495.0,1127.0,480.0
1.0,3349.0,1626.0,1650.0,1601.0,1626.0,1626.0,1155.0,495.0,1137.0,489.0
1.0,3324.0,1662.0,1650.0,1626.0,1662.0,1662.0,1155.0,495.0,1164.0,498.0
1.0,3288.0,1741.0,1654.0,1662.0,1753.0,1753.0,1158.0,496.0,1216.0,525.0
1.0,3209.0,1740.0,1656.0,1753.0,1746.0,1746.0,1159.0,497.0,1220.0,520.0
1.0,3222.0,1680.0,1659.0,1746.0,1689.0,1689.0,1161.0,498.0,1175.0,505.0
1.0,3288.0,1660.0,1659.0,1689.0,1660.0,1660.0,1161.0,498.0,1162.0,498.0
1.0,3317.0,1673.0,1657.0,1660.0,1667.0,1667.0,1160.0,497.0,1170.0,503.0
1.0,3304.0,1603.0,1656.0,1667.0,1600.0,1600.0,1159.0,497.0,1124.0,479.0
1.0,3368.0,1725.0,1659.0,1600.0,1734.0,1734.0,1161.0,498.0,1207.0,518.0
1.0,3243.0,1750.0,1662.0,1734.0,1759.0,1759.0,1163.0,499.0,1225.0,525.0
1.0,3227.0,1667.0,1664.0,1759.0,1673.0,1673.0,1165.0,499.0,1168.0,499.0
1.0,3319.0,1715.0,1666.0,1673.0,1721.0,1721.0,1166.0,500.0,1199.0,516.0
1.0,3277.0,1604.0,1664.0,1721.0,1598.0,1598.0,1165.0,499.0,1124.0,480.0
1.0,3394.0,1636.0,1663.0,1598.0,1633.0,1633.0,1164.0,499.0,1144.0,492.0
1.0,3356.0,1636.0,1661.0,1633.0,1630.0,1630.0,1163.0,498.0,1144.0,492.0
1.0,3353.0,1693.0,1663.0,1630.0,1699.0,1699.0,1164.0,499.0,1187.0,506.0
1.0,3290.0,1719.0,1666.0,1699.0,1728.0,1728.0,1166.0,500.0,1203.0,516.0
1.0,3270.0,1739.0,1669.0,1728.0,1748.0,1748.0,1168.0,501.0,1216.0,523.0
1.0,3259.0,1680.0,1669.0,1748.0,1680.0,1680.0,1168.0,501.0,1176.0,504.0
1.0,3327.0,1629.0,1669.0,1680.0,1629.0,1629.0,1168.0,501.0,1140.0,489.0
1.0,3378.0,1666.0,1669.0,1629.0,1666.0,1666.0,1168.0,501.0,1166.0,500.0
1.0,3341.0,1656.0,1669.0,1666.0,1656.0,1656.0,1168.0,501.0,1159.0,497.0
1.0,3351.0,1723.0,1670.0,1656.0,1726.0,1726.0,1169.0,501.0,1207.0,516.0
1.0,3284.0,1788.0,1675.0,1726.0,1803.0,1803.0,1172.0,503.0,1250.0,538.0
1.0,3222.0,1814.0,1679.0,1803.0,1826.0,1826.0,1175.0,504.0,1270.0,544.0
1.0,3211.0,1683.0,1677.0,1826.0,1677.0,1677.0,1174.0,503.0,1177.0,506.0
1.0,3354.0,1720.0,1677.0,1677.0,1720.0,1720.0,1174.0,503.0,1204.0,516.0
1.0,3311.0,1613.0,1676.0,1720.0,1610.0,1610.0,1173.0,503.0,1130.0,483.0
1.0,3418.0,1649.0,1675.0,1610.0,1646.0,1646.0,1172.0,503.0,1154.0,495.0
1.0,3379.0,1683.0,1676.0,1646.0,1686.0,1686.0,1173.0,503.0,1178.0,505.0
1.0,3342.0,1800.0,1681.0,1686.0,1815.0,1815.0,1177.0,504.0,1259.0,541.0
1.0,3228.0,1736.0,1684.0,1815.0,1745.0,1745.0,1179.0,505.0,1217.0,519.0
1.0,3307.0,1757.0,1686.0,1745.0,1763.0,1763.0,1180.0,506.0,1229.0,528.0
1.0,3295.0,1679.0,1685.0,1763.0,1676.0,1676.0,1179.0,506.0,1175.0,504.0
1.0,3379.0,1660.0,1683.0,1676.0,1654.0,1654.0,1178.0,505.0,1163.0,497.0
1.0,3395.0,1676.0,1683.0,1654.0,1676.0,1676.0,1178.0,505.0,1172.0,504.0
1.0,3373.0,1685.0,1684.0,1676.0,1688.0,1688.0,1179.0,505.0,1178.0,507.0
1.0,3364.0,1769.0,1686.0,1688.0,1775.0,1775.0,1180.0,506.0,1239.0,530.0
1.0,3283.0,1765.0,1690.0,1775.0,1777.0,1777.0,1183.0,507.0,1236.0,529.0
1.0,3293.0,1719.0,1690.0,1777.0,1719.0,1719.0,1183.0,507.0,1203.0,516.0
1.0,3351.0,1678.0,1689.0,1719.0,1675.0,1675.0,1182.0,507.0,1174.0,504.0
1.0,3392.0,1585.0,1686.0,1675.0,1576.0,1576.0,1180.0,506.0,1110.0,475.0
1.0,3482.0,1592.0,1684.0,1576.0,1586.0,1586.0,1179.0,505.0,1113.0,479.0
1.0,3466.0,1700.0,1685.0,1586.0,1703.0,1703.0,1179.0,506.0,1191.0,509.0
1.0,3352.0,1748.0,1688.0,1703.0,1757.0,1757.0,1181.0,507.0,1223.0,525.0
1.0,3307.0,1693.0,1690.0,1757.0,1699.0,1699.0,1183.0,507.0,1186.0,507.0
1.0,3371.0,1768.0,1690.0,1699.0,1768.0,1768.0,1183.0,507.0,1235.0,533.0
1.0,3302.0,1657.0,1690.0,1768.0,1657.0,1657.0,1183.0,507.0,1162.0,495.0
1.0,3413.0,1580.0,1686.0,1657.0,1568.0,1568.0,1180.0,506.0,1104.0,476.0
1.0,3490.0,1666.0,1687.0,1568.0,1669.0,1669.0,1181.0,506.0,1166.0,500.0
1.0,3392.0,1738.0,1689.0,1669.0,1744.0,1744.0,1182.0,507.0,1218.0,520.0
1.0,3323.0,1758.0,1692.0,1744.0,1767.0,1767.0,1184.0,508.0,1230.0,528.0
1.0,3309.0,1805.0,1696.0,1767.0,1817.0,1817.0,1187.0,509.0,1263.0,542.0
1.0,3271.0,1729.0,1697.0,1817.0,1732.0,1732.0,1188.0,509.0,1211.0,518.0
1.0,3359.0,1639.0,1695.0,1732.0,1633.0,1633.0,1186.0,509.0,1146.0,493.0
1.0,3452.0,1620.0,1693.0,1633.0,1614.0,1614.0,1185.0,508.0,1134.0,486.0
1.0,3465.0,1664.0,1692.0,1614.0,1661.0,1661.0,1184.0,508.0,1165.0,499.0
1.0,3415.0,1699.0,1693.0,1661.0,1702.0,1702.0,1185.0,508.0,1189.0,510.0
1.0,3377.0,1798.0,1696.0,1702.0,1807.0,1807.0,1187.0,509.0,1258.0,540.0
1.0,3281.0,1852.0,1700.0,1807.0,1864.0,1864.0,1190.0,510.0,1297.0,555.0
1.0,3236.0,1723.0,1700.0,1864.0,1723.0,1723.0,1190.0,510.0,1206.0,517.0
1.0,3377.0,1716.0,1699.0,1723.0,1713.0,1713.0,1189.0,510.0,1201.0,515.0
1.0,3384.0,1641.0,1699.0,1713.0,1641.0,1641.0,1189.0,510.0,1149.0,492.0
1.0,3456.0,1658.0,1697.0,1641.0,1652.0,1652.0,1188.0,509.0,1160.0,498.0
1.0,3439.0,1786.0,1702.0,1652.0,1801.0,1801.0,1191.0,511.0,1250.0,536.0
1.0,3305.0,1736.0,1703.0,1801.0,1739.0,1739.0,1192.0,511.0,1216.0,520.0
1.0,3370.0,1749.0,1706.0,1739.0,1758.0,1758.0,1194.0,512.0,1224.0,525.0
1.0,3360.0,1707.0,1706.0,1758.0,1707.0,1707.0,1194.0,512.0,1195.0,512.0
1.0,3411.0,1633.0,1704.0,1707.0,1627.0,1627.0,1193.0,511.0,1142.0,491.0
1.0,3485.0,1651.0,1702.0,1627.0,1645.0,1645.0,1191.0,511.0,1157.0,494.0
1.0,3461.0,1680.0,1702.0,1645.0,1680.0,1680.0,1191.0,511.0,1176.0,504.0
1.0,3426.0,1686.0,1703.0,1680.0,1689.0,1689.0,1192.0,511.0,1179.0,507.0
1.0,3420.0,1750.0,1705.0,1689.0,1756.0,1756.0,1193.0,512.0,1226.0,524.0
1.0,3359.0,1785.0,1707.0,1756.0,1791.0,1791.0,1195.0,512.0,1249.0,536.0
1.0,3330.0,1736.0,1707.0,1791.0,1736.0,1736.0,1195.0,512.0,1215.0,521.0
1.0,3385.0,1665.0,1706.0,1736.0,1662.0,1662.0,1194.0,512.0,1166.0,499.0
1.0,3456.0,1603.0,1701.0,1662.0,1588.0,1588.0,1191.0,510.0,1122.0,481.0
1.0,3515.0,1679.0,1701.0,1588.0,1679.0,1679.0,1191.0,510.0,1175.0,504.0
1.0,3424.0,1687.0,1700.0,1679.0,1684.0,1684.0,1190.0,510.0,1180.0,507.0
1.0,3416.0,1781.0,1704.0,1684.0,1793.0,1793.0,1193.0,511.0,1246.0,535.0
1.0,3319.0,1739.0,1706.0,1793.0,1745.0,1745.0,1194.0,512.0,1219.0,520.0
1.0,3373.0,1788.0,1707.0,1745.0,1791.0,1791.0,1195.0,512.0,1250.0,538.0
1.0,3330.0,1684.0,1706.0,1791.0,1681.0,1681.0,1194.0,512.0,1180.0,504.0
1.0,3437.0,1688.0,1704.0,1681.0,1682.0,1682.0,1193.0,511.0,1181.0,507.0
1.0,3430.0,1710.0,1703.0,1682.0,1707.0,1707.0,1192.0,511.0,1197.0,513.0
1.0,3402.0,1709.0,1704.0,1707.0,1712.0,1712.0,1193.0,511.0,1196.0,513.0
1.0,3400.0,1754.0,1706.0,1712.0,1760.0,1760.0,1194.0,512.0,1229.0,525.0
1.0,3358.0,1823.0,1709.0,1760.0,1832.0,1832.0,1196.0,513.0,1276.0,547.0
1.0,3295.0,1719.0,1709.0,1832.0,1719.0,1719.0,1196.0,513.0,1203.0,516.0
1.0,3408.0,1713.0,1709.0,1719.0,1713.0,1713.0,1196.0,513.0,1199.0,514.0
1.0,3414.0,1661.0,1706.0,1713.0,1652.0,1652.0,1194.0,512.0,1162.0,499.0
1.0,3466.0,1638.0,1705.0,1652.0,1635.0,1635.0,1193.0,512.0,1148.0,490.0
1.0,3480.0,1763.0,1706.0,1635.0,1766.0,1766.0,1194.0,512.0,1233.0,530.0
1.0,3352.0,1792.0,1710.0,1766.0,1804.0,1804.0,1197.0,513.0,1254.0,538.0
1.0,3326.0,1797.0,1714.0,1804.0,1809.0,1809.0,1200.0,514.0,1258.0,539.0
1.0,3333.0,1756.0,1716.0,1809.0,1762.0,1762.0,1201.0,515.0,1229.0,527.0
1.0,3386.0,1697.0,1714.0,1762.0,1691.0,1691.0,1200.0,514.0,1188.0,509.0
1.0,3451.0,1646.0,1713.0,1691.0,1643.0,1643.0,1199.0,514.0,1151.0,495.0
1.0,3496.0,1747.0,1713.0,1643.0,1747.0,1747.0,1199.0,514.0,1223.0,524.0
1.0,3392.0,1743.0,1715.0,1747.0,1749.0,1749.0,1200.0,515.0,1221.0,522.0
1.0,3396.0,1829.0,1720.0,1749.0,1844.0,1844.0,1204.0,516.0,1281.0,548.0
1.0,3316.0,1814.0,1723.0,1844.0,1823.0,1823.0,1206.0,517.0,1269.0,545.0
1.0,3346.0,1761.0,1723.0,1823.0,1761.0,1761.0,1206.0,517.0,1234.0,527.0
1.0,3408.0,1672.0,1721.0,1761.0,1666.0,1666.0,1205.0,516.0,1169.0,503.0
1.0,3497.0,1683.0,1719.0,1666.0,1677.0,1677.0,1203.0,516.0,1178.0,505.0
1.0,3480.0,1696.0,1719.0,1677.0,1696.0,1696.0,1203.0,516.0,1187.0,509.0
1.0,3461.0,1689.0,1719.0,1696.0,1689.0,1689.0,1203.0,516.0,1182.0,507.0
1.0,3468.0,1884.0,1724.0,1689.0,1899.0,1899.0,1207.0,517.0,1318.0,566.0
1.0,3273.0,1833.0,1727.0,1899.0,1842.0,1842.0,1209.0,518.0,1283.0,550.0
1.0,3339.0,1782.0,1729.0,1842.0,1788.0,1788.0,1210.0,519.0,1248.0,534.0
1.0,3399.0,1657.0,1726.0,1788.0,1648.0,1648.0,1208.0,518.0,1160.0,497.0
1.0,3530.0,1774.0,1725.0,1648.0,1771.0,1771.0,1207.0,518.0,1241.0,533.0
1.0,3404.0,1676.0,1724.0,1771.0,1673.0,1673.0,1207.0,517.0,1173.0,503.0
1.0,3499.0,1801.0,1726.0,1673.0,1807.0,1807.0,1208.0,518.0,1262.0,539.0
1.0,3371.0,1771.0,1729.0,1807.0,1780.0,1780.0,1210.0,519.0,1238.0,533.0
1.0,3407.0,1818.0,1731.0,1780.0,1824.0,1824.0,1212.0,519.0,1272.0,546.0
1.0,3369.0,1800.0,1732.0,1824.0,1803.0,1803.0,1212.0,520.0,1261.0,539.0
1.0,3393.0,1644.0,1730.0,1803.0,1638.0,1638.0,1211.0,519.0,1152.0,492.0
1.0,3552.0,1694.0,1729.0,1638.0,1691.0,1691.0,1210.0,519.0,1185.0,509.0
1.0,3496.0,1686.0,1729.0,1691.0,1686.0,1686.0,1210.0,519.0,1180.0,506.0
1.0,3501.0,1763.0,1730.0,1686.0,1766.0,1766.0,1211.0,519.0,1233.0,530.0
1.0,3424.0,1838.0,1734.0,1766.0,1850.0,1850.0,1214.0,520.0,1287.0,551.0
1.0,3352.0,1809.0,1737.0,1850.0,1818.0,1818.0,1216.0,521.0,1265.0,544.0
1.0,3393.0,1742.0,1737.0,1818.0,1742.0,1742.0,1216.0,521.0,1220.0,522.0
1.0,3469.0,1742.0,1737.0,1742.0,1742.0,1742.0,1216.0,521.0,1219.0,523.0
1.0,3469.0,1678.0,1736.0,1742.0,1675.0,1675.0,1215.0,521.0,1176.0,502.0
1.0,3533.0,1684.0,1734.0,1675.0,1678.0,1678.0,1214.0,520.0,1178.0,506.0
1.0,3524.0,1819.0,1737.0,1678.0,1828.0,1828.0,1216.0,521.0,1273.0,546.0
1.0,3383.0,1864.0,1743.0,1828.0,1882.0,1882.0,1220.0,523.0,1305.0,559.0
1.0,3347.0,1752.0,1744.0,1882.0,1755.0,1755.0,1221.0,523.0,1225.0,527.0
1.0,3477.0,1839.0,1747.0,1755.0,1848.0,1848.0,1223.0,524.0,1289.0,550.0
1.0,3393.0,1743.0,1746.0,1848.0,1740.0,1740.0,1222.0,524.0,1220.0,523.0
1.0,3498.0,1670.0,1745.0,1740.0,1667.0,1667.0,1221.0,524.0,1168.0,502.0
1.0,3568.0,1717.0,1743.0,1667.0,1711.0,1711.0,1220.0,523.0,1201.0,516.0
1.0,3518.0,1743.0,1745.0,1711.0,1749.0,1749.0,1221.0,524.0,1221.0,522.0
1.0,3486.0,1811.0,1747.0,1749.0,1817.0,1817.0,1223.0,524.0,1269.0,542.0
1.0,3424.0,1799.0,1749.0,1817.0,1805.0,1805.0,1224.0,525.0,1258.0,541.0
1.0,3442.0,1794.0,1750.0,1805.0,1797.0,1797.0,1225.0,525.0,1257.0,537.0
1.0,3453.0,1666.0,1749.0,1797.0,1663.0,1663.0,1224.0,525.0,1165.0,501.0
1.0,3584.0,1694.0,1746.0,1663.0,1685.0,1685.0,1222.0,524.0,1187.0,507.0
1.0,3553.0,1709.0,1746.0,1685.0,1709.0,1709.0,1222.0,524.0,1196.0,513.0
1.0,3529.0,1778.0,1747.0,1709.0,1781.0,1781.0,1223.0,524.0,1242.0,536.0
1.0,3460.0,1834.0,1750.0,1781.0,1843.0,1843.0,1225.0,525.0,1284.0,550.0
1.0,3407.0,1839.0,1754.0,1843.0,1851.0,1851.0,1228.0,526.0,1287.0,552.0
1.0,3411.0,1809.0,1756.0,1851.0,1815.0,1815.0,1229.0,527.0,1267.0,542.0
1.0,3453.0,1691.0,1753.0,1815.0,1682.0,1682.0,1227.0,526.0,1185.0,506.0
1.0,3577.0,1706.0,1752.0,1682.0,1703.0,1703.0,1226.0,526.0,1193.0,513.0
1.0,3553.0,1706.0,1750.0,1703.0,1700.0,1700.0,1225.0,525.0,1193.0,513.0
1.0,3550.0,1792.0,1753.0,1700.0,1801.0,1801.0,1227.0,526.0,1255.0,537.0
1.0,3458.0,1868.0,1757.0,1801.0,1880.0,1880.0,1230.0,527.0,1308.0,560.0
1.0,3391.0,1876.0,1759.0,1880.0,1882.0,1882.0,1231.0,528.0,1313.0,563.0
1.0,3395.0,1767.0,1760.0,1882.0,1770.0,1770.0,1232.0,528.0,1237.0,530.0
1.0,3510.0,1805.0,1759.0,1770.0,1802.0,1802.0,1231.0,528.0,1263.0,542.0
1.0,3475.0,1609.0,1756.0,1802.0,1600.0,1600.0,1229.0,527.0,1126.0,483.0
1.0,3668.0,1741.0,1755.0,1600.0,1738.0,1738.0,1228.0,527.0,1219.0,522.0
1.0,3527.0,1767.0,1757.0,1738.0,1773.0,1773.0,1230.0,527.0,1236.0,531.0
1.0,3498.0,1874.0,1760.0,1773.0,1883.0,1883.0,1232.0,528.0,1312.0,562.0
1.0,3397.0,1829.0,1763.0,1883.0,1838.0,1838.0,1234.0,529.0,1281.0,548.0
1.0,3451.0,1780.0,1765.0,1838.0,1786.0,1786.0,1235.0,530.0,1245.0,535.0
1.0,3509.0,1730.0,1762.0,1786.0,1721.0,1721.0,1233.0,529.0,1212.0,518.0
1.0,3565.0,1763.0,1760.0,1721.0,1757.0,1757.0,1232.0,528.0,1233.0,530.0
1.0,3523.0,1712.0,1759.0,1757.0,1709.0,1709.0,1231.0,528.0,1200.0,512.0
1.0,3568.0,1832.0,1763.0,1709.0,1844.0,1844.0,1234.0,529.0,1282.0,550.0
1.0,3445.0,1834.0,1763.0,1844.0,1834.0,1834.0,1234.0,529.0,1285.0,549.0
1.0,3455.0,1895.0,1767.0,1834.0,1907.0,1907.0,1237.0,530.0,1325.0,570.0
1.0,3394.0,1813.0,1769.0,1907.0,1819.0,1819.0,1238.0,531.0,1269.0,544.0
1.0,3488.0,1793.0,1769.0,1819.0,1793.0,1793.0,1238.0,531.0,1255.0,538.0
1.0,3514.0,1717.0,1767.0,1793.0,1711.0,1711.0,1237.0,530.0,1203.0,514.0
1.0,3590.0,1707.0,1765.0,1711.0,1701.0,1701.0,1235.0,530.0,1194.0,513.0
1.0,3594.0,1842.0,1769.0,1701.0,1854.0,1854.0,1238.0,531.0,1289.0,553.0
1.0,3453.0,1873.0,1772.0,1854.0,1882.0,1882.0,1240.0,532.0,1312.0,561.0
1.0,3434.0,1889.0,1776.0,1882.0,1901.0,1901.0,1243.0,533.0,1322.0,567.0
1.0,3427.0,1830.0,1777.0,1901.0,1833.0,1833.0,1244.0,533.0,1282.0,548.0
1.0,3498.0,1787.0,1776.0,1833.0,1784.0,1784.0,1243.0,533.0,1251.0,536.0
1.0,3544.0,1694.0,1774.0,1784.0,1688.0,1688.0,1242.0,532.0,1184.0,510.0
1.0,3634.0,1707.0,1773.0,1688.0,1704.0,1704.0,1241.0,532.0,1197.0,510.0
1.0,3615.0,1790.0,1774.0,1704.0,1793.0,1793.0,1242.0,532.0,1251.0,539.0
1.0,3529.0,1825.0,1777.0,1793.0,1834.0,1834.0,1244.0,533.0,1279.0,546.0
1.0,3497.0,1859.0,1780.0,1834.0,1868.0,1868.0,1246.0,534.0,1301.0,558.0
1.0,3472.0,1867.0,1781.0,1868.0,1870.0,1870.0,1247.0,534.0,1306.0,561.0
1.0,3473.0,1731.0,1779.0,1870.0,1725.0,1725.0,1245.0,534.0,1213.0,518.0
1.0,3612.0,1717.0,1778.0,1725.0,1714.0,1714.0,1245.0,533.0,1201.0,516.0
1.0,3620.0,1683.0,1776.0,1714.0,1677.0,1677.0,1243.0,533.0,1178.0,505.0
1.0,3651.0,1775.0,1776.0,1677.0,1775.0,1775.0,1243.0,533.0,1243.0,532.0
1.0,3553.0,1885.0,1780.0,1775.0,1897.0,1897.0,1246.0,534.0,1319.0,566.0
1.0,3443.0,1909.0,1783.0,1897.0,1918.0,1918.0,1248.0,535.0,1337.0,572.0
1.0,3431.0,1835.0,1786.0,1918.0,1844.0,1844.0,1250.0,536.0,1283.0,552.0
1.0,3514.0,1803.0,1786.0,1844.0,1803.0,1803.0,1250.0,536.0,1262.0,541.0
1.0,3555.0,1748.0,1784.0,1803.0,1742.0,1742.0,1249.0,535.0,1223.0,525.0
1.0,3610.0,1683.0,1782.0,1742.0,1677.0,1677.0,1247.0,535.0,1179.0,504.0
1.0,3669.0,1852.0,1786.0,1677.0,1864.0,1864.0,1250.0,536.0,1296.0,556.0
1.0,3494.0,1800.0,1787.0,1864.0,1803.0,1803.0,1251.0,536.0,1260.0,540.0
1.0,3558.0,1858.0,1790.0,1803.0,1867.0,1867.0,1253.0,537.0,1302.0,556.0
1.0,3503.0,1861.0,1792.0,1867.0,1867.0,1867.0,1254.0,538.0,1301.0,560.0
1.0,3509.0,1742.0,1790.0,1867.0,1736.0,1736.0,1253.0,537.0,1221.0,521.0
1.0,3634.0,1787.0,1790.0,1736.0,1787.0,1787.0,1253.0,537.0,1250.0,537.0
1.0,3583.0,1744.0,1788.0,1787.0,1738.0,1738.0,1252.0,536.0,1220.0,524.0
1.0,3626.0,1772.0,1790.0,1738.0,1778.0,1778.0,1253.0,537.0,1241.0,531.0
1.0,3592.0,1877.0,1793.0,1778.0,1886.0,1886.0,1255.0,538.0,1314.0,563.0
1.0,3493.0,1889.0,1797.0,1886.0,1901.0,1901.0,1258.0,539.0,1323.0,566.0
1.0,3490.0,1800.0,1797.0,1901.0,1800.0,1800.0,1258.0,539.0,1260.0,540.0
1.0,3591.0,1818.0,1796.0,1800.0,1815.0,1815.0,1257.0,539.0,1272.0,546.0
1.0,3573.0,1714.0,1793.0,1815.0,1705.0,1705.0,1255.0,538.0,1200.0,514.0
1.0,3674.0,1828.0,1794.0,1705.0,1831.0,1831.0,1256.0,538.0,1278.0,550.0
1.0,3551.0,1806.0,1794.0,1831.0,1806.0,1806.0,1256.0,538.0,1264.0,542.0
1.0,3576.0,1859.0,1799.0,1806.0,1874.0,1874.0,1259.0,540.0,1302.0,557.0
1.0,3523.0,1865.0,1801.0,1874.0,1871.0,1871.0,1261.0,540.0,1305.0,560.0
1.0,3532.0,1868.0,1803.0,1871.0,1874.0,1874.0,1262.0,541.0,1308.0,560.0
1.0,3535.0,1780.0,1801.0,1874.0,1774.0,1774.0,1261.0,540.0,1245.0,535.0
1.0,3629.0,1773.0,1800.0,1774.0,1770.0,1770.0,1260.0,540.0,1242.0,531.0
1.0,3630.0,1762.0,1800.0,1770.0,1762.0,1762.0,1260.0,540.0,1233.0,529.0
1.0,3638.0,1755.0,1800.0,1762.0,1755.0,1755.0,1260.0,540.0,1229.0,526.0
1.0,3645.0,1886.0,1803.0,1755.0,1895.0,1895.0,1262.0,541.0,1319.0,567.0
1.0,3514.0,1842.0,1805.0,1895.0,1848.0,1848.0,1263.0,542.0,1289.0,553.0
1.0,3567.0,1794.0,1804.0,1848.0,1791.0,1791.0,1263.0,541.0,1255.0,539.0
1.0,3621.0,1801.0,1803.0,1791.0,1798.0,1798.0,1262.0,541.0,1263.0,538.0
1.0,3611.0,1687.0,1800.0,1798.0,1678.0,1678.0,1260.0,540.0,1180.0,507.0
1.0,3722.0,1850.0,1800.0,1678.0,1850.0,1850.0,1260.0,540.0,1294.0,556.0
1.0,3550.0,1897.0,1803.0,1850.0,1906.0,1906.0,1262.0,541.0,1329.0,568.0
1.0,3503.0,1828.0,1804.0,1906.0,1831.0,1831.0,1263.0,541.0,1279.0,549.0
1.0,3581.0,1880.0,1807.0,1831.0,1889.0,1889.0,1265.0,542.0,1316.0,564.0
1.0,3532.0,1873.0,1809.0,1889.0,1879.0,1879.0,1266.0,543.0,1311.0,562.0
1.0,3548.0,1783.0,1807.0,1879.0,1777.0,1777.0,1265.0,542.0,1249.0,534.0
1.0,3644.0,1807.0,1806.0,1777.0,1804.0,1804.0,1264.0,542.0,1264.0,543.0
1.0,3614.0,1799.0,1804.0,1804.0,1793.0,1793.0,1263.0,541.0,1259.0,540.0
1.0,3619.0,1843.0,1806.0,1793.0,1849.0,1849.0,1264.0,542.0,1291.0,552.0
1.0,3569.0,1898.0,1810.0,1849.0,1910.0,1910.0,1267.0,543.0,1328.0,570.0
1.0,3520.0,1913.0,1813.0,1910.0,1922.0,1922.0,1269.0,544.0,1340.0,573.0
1.0,3517.0,1862.0,1815.0,1922.0,1868.0,1868.0,1270.0,545.0,1302.0,560.0
1.0,3577.0,1766.0,1814.0,1868.0,1763.0,1763.0,1270.0,544.0,1235.0,531.0
1.0,3679.0,1713.0,1811.0,1763.0,1704.0,1704.0,1268.0,543.0,1199.0,514.0
1.0,3729.0,1771.0,1809.0,1704.0,1765.0,1765.0,1266.0,543.0,1241.0,530.0
1.0,3662.0,1829.0,1811.0,1765.0,1835.0,1835.0,1268.0,543.0,1279.0,550.0
1.0,3598.0,1898.0,1814.0,1835.0,1907.0,1907.0,1270.0,544.0,1329.0,569.0
1.0,3535.0,1832.0,1817.0,1907.0,1841.0,1841.0,1272.0,545.0,1281.0,551.0
1.0,3610.0,1913.0,1820.0,1841.0,1922.0,1922.0,1274.0,546.0,1341.0,572.0
1.0,3538.0,1783.0,1818.0,1922.0,1777.0,1777.0,1272.0,546.0,1247.0,536.0
1.0,3677.0,1764.0,1816.0,1777.0,1758.0,1758.0,1271.0,545.0,1235.0,529.0
1.0,3690.0,1796.0,1814.0,1758.0,1790.0,1790.0,1270.0,544.0,1257.0,539.0
1.0,3652.0,1883.0,1816.0,1790.0,1889.0,1889.0,1271.0,545.0,1319.0,564.0
1.0,3559.0,1984.0,1820.0,1889.0,1996.0,1996.0,1274.0,546.0,1387.0,597.0
1.0,3464.0,1928.0,1826.0,1996.0,1946.0,1946.0,1278.0,548.0,1350.0,578.0
1.0,3532.0,1866.0,1826.0,1946.0,1866.0,1866.0,1278.0,548.0,1306.0,560.0
1.0,3612.0,1779.0,1825.0,1866.0,1776.0,1776.0,1277.0,548.0,1245.0,534.0
1.0,3699.0,1742.0,1823.0,1776.0,1736.0,1736.0,1276.0,547.0,1221.0,521.0
1.0,3733.0,1765.0,1821.0,1736.0,1759.0,1759.0,1275.0,546.0,1234.0,531.0
1.0,3704.0,1787.0,1822.0,1759.0,1790.0,1790.0,1275.0,547.0,1252.0,535.0
1.0,3676.0,1922.0,1824.0,1790.0,1928.0,1928.0,1277.0,547.0,1345.0,577.0
1.0,3544.0,1922.0,1827.0,1928.0,1931.0,1931.0,1279.0,548.0,1345.0,577.0
1.0,3550.0,1927.0,1831.0,1931.0,1939.0,1939.0,1282.0,549.0,1349.0,578.0
1.0,3554.0,1823.0,1830.0,1939.0,1820.0,1820.0,1281.0,549.0,1277.0,546.0
1.0,3670.0,1780.0,1827.0,1820.0,1771.0,1771.0,1279.0,548.0,1245.0,535.0
1.0,3710.0,1767.0,1827.0,1771.0,1767.0,1767.0,1279.0,548.0,1237.0,530.0
1.0,3714.0,1860.0,1827.0,1767.0,1860.0,1860.0,1279.0,548.0,1302.0,558.0
1.0,3621.0,1921.0,1832.0,1860.0,1936.0,1936.0,1282.0,550.0,1345.0,576.0
1.0,3560.0,1910.0,1833.0,1936.0,1913.0,1913.0,1283.0,550.0,1338.0,572.0
1.0,3586.0,1885.0,1835.0,1913.0,1891.0,1891.0,1284.0,551.0,1318.0,567.0
1.0,3614.0,1817.0,1834.0,1891.0,1814.0,1814.0,1284.0,550.0,1271.0,546.0
1.0,3688.0,1840.0,1834.0,1814.0,1840.0,1840.0,1284.0,550.0,1288.0,552.0
1.0,3662.0,1819.0,1833.0,1840.0,1816.0,1816.0,1283.0,550.0,1275.0,544.0
1.0,3683.0,1824.0,1833.0,1816.0,1824.0,1824.0,1283.0,550.0,1275.0,549.0
1.0,3675.0,1917.0,1836.0,1824.0,1926.0,1926.0,1285.0,551.0,1344.0,573.0
1.0,3582.0,1972.0,1840.0,1926.0,1984.0,1984.0,1288.0,552.0,1381.0,591.0
1.0,3536.0,1858.0,1843.0,1984.0,1867.0,1867.0,1290.0,553.0,1299.0,559.0
1.0,3662.0,1789.0,1840.0,1867.0,1780.0,1780.0,1288.0,552.0,1251.0,538.0
1.0,3740.0,1774.0,1839.0,1780.0,1771.0,1771.0,1287.0,552.0,1243.0,531.0
1.0,3746.0,1806.0,1840.0,1771.0,1809.0,1809.0,1288.0,552.0,1264.0,542.0
1.0,3711.0,1842.0,1840.0,1809.0,1842.0,1842.0,1288.0,552.0,1288.0,554.0
1.0,3678.0,1950.0,1846.0,1842.0,1968.0,1968.0,1292.0,554.0,1366.0,584.0
1.0,3570.0,1904.0,1846.0,1968.0,1904.0,1904.0,1292.0,554.0,1334.0,570.0
1.0,3634.0,1852.0,1846.0,1904.0,1852.0,1852.0,1292.0,554.0,1295.0,557.0
1.0,3686.0,1823.0,1846.0,1852.0,1823.0,1823.0,1292.0,554.0,1276.0,547.0
1.0,3715.0,1807.0,1844.0,1823.0,1801.0,1801.0,1291.0,553.0,1264.0,543.0
1.0,3731.0,1834.0,1843.0,1801.0,1831.0,1831.0,1290.0,553.0,1286.0,548.0
1.0,3698.0,1943.0,1846.0,1831.0,1952.0,1952.0,1292.0,554.0,1360.0,583.0
1.0,3586.0,1909.0,1849.0,1952.0,1918.0,1918.0,1294.0,555.0,1335.0,574.0
1.0,3629.0,1909.0,1850.0,1918.0,1912.0,1912.0,1295.0,555.0,1337.0,572.0
1.0,3638.0,1827.0,1850.0,1912.0,1827.0,1827.0,1295.0,555.0,1279.0,548.0
1.0,3723.0,1793.0,1848.0,1827.0,1787.0,1787.0,1294.0,554.0,1254.0,539.0
1.0,3757.0,1773.0,1846.0,1787.0,1767.0,1767.0,1292.0,554.0,1241.0,532.0
1.0,3771.0,1811.0,1844.0,1767.0,1805.0,1805.0,1291.0,553.0,1268.0,543.0
1.0,3727.0,1879.0,1847.0,1805.0,1888.0,1888.0,1293.0,554.0,1316.0,563.0
1.0,3653.0,1918.0,1850.0,1888.0,1927.0,1927.0,1295.0,555.0,1341.0,577.0
1.0,3623.0,1962.0,1854.0,1927.0,1974.0,1974.0,1298.0,556.0,1373.0,589.0
1.0,3588.0,1872.0,1855.0,1974.0,1875.0,1875.0,1298.0,557.0,1311.0,561.0
1.0,3690.0,1890.0,1855.0,1875.0,1890.0,1890.0,1298.0,557.0,1323.0,567.0
1.0,3675.0,1791.0,1854.0,1890.0,1788.0,1788.0,1298.0,556.0,1253.0,538.0
1.0,3774.0,1755.0,1851.0,1788.0,1746.0,1746.0,1296.0,555.0,1229.0,526.0
1.0,3807.0,1850.0,1853.0,1746.0,1856.0,1856.0,1297.0,556.0,1296.0,554.0
1.0,3703.0,1890.0,1854.0,1856.0,1893.0,1893.0,1298.0,556.0,1323.0,567.0
1.0,3669.0,1952.0,1857.0,1893.0,1961.0,1961.0,1300.0,557.0,1366.0,586.0
1.0,3610.0,1893.0,1857.0,1961.0,1893.0,1893.0,1300.0,557.0,1325.0,568.0
1.0,3678.0,1847.0,1856.0,1893.0,1844.0,1844.0,1299.0,557.0,1293.0,554.0
1.0,3724.0,1764.0,1852.0,1844.0,1752.0,1752.0,1296.0,556.0,1235.0,529.0
1.0,3804.0,1866.0,1852.0,1752.0,1866.0,1866.0,1296.0,556.0,1306.0,560.0
1.0,3690.0,1896.0,1854.0,1866.0,1902.0,1902.0,1298.0,556.0,1327.0,569.0
1.0,3660.0,1940.0,1859.0,1902.0,1955.0,1955.0,1301.0,558.0,1358.0,582.0
1.0,3622.0,1951.0,1862.0,1955.0,1960.0,1960.0,1303.0,559.0,1366.0,585.0
1.0,3626.0,1950.0,1865.0,1960.0,1959.0,1959.0,1305.0,560.0,1365.0,585.0
1.0,3636.0,1840.0,1863.0,1959.0,1834.0,1834.0,1304.0,559.0,1289.0,551.0
1.0,3755.0,1837.0,1862.0,1834.0,1834.0,1834.0,1303.0,559.0,1285.0,552.0
1.0,3752.0,1843.0,1860.0,1834.0,1837.0,1837.0,1302.0,558.0,1289.0,554.0
1.0,3743.0,1900.0,1862.0,1837.0,1906.0,1906.0,1303.0,559.0,1331.0,569.0
1.0,3680.0,1865.0,1863.0,1906.0,1868.0,1868.0,1304.0,559.0,1306.0,559.0
1.0,3721.0,2005.0,1867.0,1868.0,2017.0,2017.0,1307.0,560.0,1402.0,603.0
1.0,3584.0,1863.0,1867.0,2017.0,1863.0,1863.0,1307.0,560.0,1304.0,559.0
1.0,3738.0,1854.0,1867.0,1863.0,1854.0,1854.0,1307.0,560.0,1299.0,555.0
1.0,3747.0,1791.0,1864.0,1854.0,1782.0,1782.0,1305.0,559.0,1253.0,538.0
1.0,3810.0,1807.0,1863.0,1782.0,1804.0,1804.0,1304.0,559.0,1266.0,541.0
1.0,3785.0,1922.0,1864.0,1804.0,1925.0,1925.0,1305.0,559.0,1344.0,578.0
1.0,3667.0,1975.0,1867.0,1925.0,1984.0,1984.0,1307.0,560.0,1382.0,593.0
1.0,3617.0,1906.0,1869.0,1984.0,1912.0,1912.0,1308.0,561.0,1335.0,571.0
1.0,3695.0,1942.0,1871.0,1912.0,1948.0,1948.0,1310.0,561.0,1358.0,584.0
1.0,3665.0,1889.0,1870.0,1948.0,1886.0,1886.0,1309.0,561.0,1322.0,567.0
1.0,3724.0,1838.0,1869.0,1886.0,1835.0,1835.0,1308.0,561.0,1288.0,550.0
1.0,3772.0,1796.0,1867.0,1835.0,1790.0,1790.0,1307.0,560.0,1256.0,540.0
1.0,3811.0,1877.0,1869.0,1790.0,1883.0,1883.0,1308.0,561.0,1315.0,562.0
1.0,3724.0,1916.0,1871.0,1883.0,1922.0,1922.0,1310.0,561.0,1341.0,575.0
1.0,3691.0,1940.0,1874.0,1922.0,1949.0,1949.0,1312.0,562.0,1357.0,583.0
1.0,3673.0,1929.0,1876.0,1949.0,1935.0,1935.0,1313.0,563.0,1352.0,577.0
1.0,3693.0,1826.0,1873.0,1935.0,1817.0,1817.0,1311.0,562.0,1276.0,550.0
1.0,3802.0,1863.0,1873.0,1817.0,1863.0,1863.0,1311.0,562.0,1306.0,557.0
1.0,3756.0,1817.0,1872.0,1863.0,1814.0,1814.0,1310.0,562.0,1271.0,546.0
1.0,3802.0,1865.0,1873.0,1814.0,1868.0,1868.0,1311.0,562.0,1306.0,559.0
1.0,3751.0,1900.0,1874.0,1868.0,1903.0,1903.0,1312.0,562.0,1329.0,571.0
1.0,3719.0,1982.0,1877.0,1903.0,1991.0,1991.0,1314.0,563.0,1387.0,595.0
1.0,3640.0,1878.0,1876.0,1991.0,1875.0,1875.0,1313.0,563.0,1316.0,562.0
1.0,3753.0,1870.0,1876.0,1875.0,1870.0,1870.0,1313.0,563.0,1309.0,561.0
1.0,3758.0,1837.0,1874.0,1870.0,1831.0,1831.0,1312.0,562.0,1285.0,552.0
1.0,3791.0,1843.0,1874.0,1831.0,1843.0,1843.0,1312.0,562.0,1290.0,553.0
1.0,3779.0,1892.0,1876.0,1843.0,1898.0,1898.0,1313.0,563.0,1325.0,567.0
1.0,3730.0,1982.0,1880.0,1898.0,1994.0,1994.0,1316.0,564.0,1388.0,594.0
1.0,3646.0,1916.0,1882.0,1994.0,1922.0,1922.0,1317.0,565.0,1340.0,576.0
1.0,3724.0,1877.0,1882.0,1922.0,1877.0,1877.0,1317.0,565.0,1314.0,563.0
1.0,3769.0,1949.0,1883.0,1877.0,1952.0,1952.0,1318.0,565.0,1365.0,584.0
1.0,3697.0,1797.0,1880.0,1952.0,1788.0,1788.0,1316.0,564.0,1258.0,539.0
1.0,3852.0,1794.0,1878.0,1788.0,1788.0,1788.0,1315.0,563.0,1255.0,539.0
1.0,3846.0,1894.0,1878.0,1788.0,1894.0,1894.0,1315.0,563.0,1326.0,568.0
1.0,3740.0,1926.0,1880.0,1894.0,1932.0,1932.0,1316.0,564.0,1347.0,579.0
1.0,3708.0,1988.0,1886.0,1932.0,2006.0,2006.0,1320.0,566.0,1392.0,596.0
1.0,3652.0,1927.0,1887.0,2006.0,1930.0,1930.0,1321.0,566.0,1350.0,577.0
1.0,3731.0,1840.0,1886.0,1930.0,1837.0,1837.0,1320.0,566.0,1288.0,552.0
1.0,3821.0,1788.0,1883.0,1837.0,1779.0,1779.0,1318.0,565.0,1252.0,536.0
1.0,3870.0,1818.0,1881.0,1779.0,1812.0,1812.0,1317.0,564.0,1272.0,546.0
1.0,3831.0,1945.0,1883.0,1812.0,1951.0,1951.0,1318.0,565.0,1362.0,583.0
1.0,3698.0,1980.0,1887.0,1951.0,1992.0,1992.0,1321.0,566.0,1384.0,596.0
1.0,3669.0,1977.0,1889.0,1992.0,1983.0,1983.0,1322.0,567.0,1385.0,592.0
1.0,3684.0,1903.0,1890.0,1983.0,1906.0,1906.0,1323.0,567.0,1332.0,571.0
1.0,3764.0,1889.0,1889.0,1906.0,1886.0,1886.0,1322.0,567.0,1322.0,567.0
1.0,3781.0,1888.0,1887.0,1886.0,1882.0,1882.0,1321.0,566.0,1321.0,567.0
1.0,3779.0,1871.0,1886.0,1882.0,1868.0,1868.0,1320.0,566.0,1311.0,560.0
1.0,3790.0,2003.0,1889.0,1868.0,2012.0,2012.0,1322.0,567.0,1402.0,601.0
1.0,3655.0,1973.0,1891.0,2012.0,1979.0,1979.0,1324.0,567.0,1381.0,592.0
1.0,3694.0,2008.0,1894.0,1979.0,2017.0,2017.0,1326.0,568.0,1405.0,603.0
1.0,3665.0,1962.0,1896.0,2017.0,1968.0,1968.0,1327.0,569.0,1374.0,588.0
1.0,3720.0,1867.0,1896.0,1968.0,1867.0,1867.0,1327.0,569.0,1307.0,560.0
1.0,3821.0,1840.0,1893.0,1867.0,1831.0,1831.0,1325.0,568.0,1288.0,552.0
1.0,3848.0,1856.0,1893.0,1831.0,1856.0,1856.0,1325.0,568.0,1299.0,557.0
1.0,3823.0,1869.0,1893.0,1856.0,1869.0,1869.0,1325.0,568.0,1308.0,561.0
1.0,3810.0,2017.0,1897.0,1869.0,2029.0,2029.0,1328.0,569.0,1410.0,607.0
1.0,3662.0,2015.0,1901.0,2029.0,2027.0,2027.0,1331.0,570.0,1410.0,605.0
1.0,3676.0,1956.0,1902.0,2027.0,1959.0,1959.0,1331.0,571.0,1370.0,586.0
1.0,3747.0,1953.0,1901.0,1959.0,1950.0,1950.0,1331.0,570.0,1367.0,586.0
1.0,3753.0,1847.0,1900.0,1950.0,1844.0,1844.0,1330.0,570.0,1292.0,555.0
1.0,3856.0,1887.0,1899.0,1844.0,1884.0,1884.0,1329.0,570.0,1322.0,565.0
1.0,3813.0,1921.0,1900.0,1884.0,1924.0,1924.0,1330.0,570.0,1343.0,578.0
1.0,3776.0,1956.0,1902.0,1924.0,1962.0,1962.0,1331.0,571.0,1370.0,586.0
1.0,3744.0,1984.0,1906.0,1962.0,1996.0,1996.0,1334.0,572.0,1388.0,596.0
1.0,3722.0,1955.0,1907.0,1996.0,1958.0,1958.0,1335.0,572.0,1367.0,588.0
1.0,3763.0,1926.0,1907.0,1958.0,1926.0,1926.0,1335.0,572.0,1349.0,577.0
1.0,3795.0,1853.0,1906.0,1926.0,1850.0,1850.0,1334.0,572.0,1298.0,555.0
1.0,3868.0,1828.0,1904.0,1850.0,1822.0,1822.0,1333.0,571.0,1278.0,550.0
1.0,3890.0,1866.0,1904.0,1822.0,1866.0,1866.0,1333.0,571.0,1307.0,559.0
1.0,3846.0,2015.0,1907.0,1866.0,2024.0,2024.0,1335.0,572.0,1410.0,605.0
1.0,3697.0,1971.0,1910.0,2024.0,1980.0,1980.0,1337.0,573.0,1379.0,592.0
1.0,3750.0,1897.0,1911.0,1980.0,1900.0,1900.0,1338.0,573.0,1328.0,569.0
1.0,3833.0,1852.0,1910.0,1900.0,1849.0,1849.0,1337.0,573.0,1296.0,556.0
1.0,3881.0,1871.0,1908.0,1849.0,1865.0,1865.0,1336.0,572.0,1310.0,561.0
1.0,3859.0,1852.0,1907.0,1865.0,1849.0,1849.0,1335.0,572.0,1296.0,556.0
1.0,3872.0,1913.0,1909.0,1849.0,1919.0,1919.0,1336.0,573.0,1339.0,574.0
1.0,3808.0,1986.0,1911.0,1919.0,1992.0,1992.0,1338.0,573.0,1390.0,596.0
1.0,3741.0,1919.0,1913.0,1992.0,1925.0,1925.0,1339.0,574.0,1344.0,575.0
1.0,3814.0,1970.0,1914.0,1925.0,1973.0,1973.0,1340.0,574.0,1378.0,592.0
1.0,3769.0,1861.0,1912.0,1973.0,1855.0,1855.0,1338.0,574.0,1304.0,557.0
1.0,3881.0,1871.0,1911.0,1855.0,1868.0,1868.0,1338.0,573.0,1309.0,562.0
1.0,3865.0,1875.0,1911.0,1868.0,1875.0,1875.0,1338.0,573.0,1312.0,563.0
1.0,3858.0,1886.0,1910.0,1875.0,1883.0,1883.0,1337.0,573.0,1320.0,566.0
1.0,3847.0,1990.0,1913.0,1883.0,1999.0,1999.0,1339.0,574.0,1393.0,597.0
1.0,3740.0,2062.0,1919.0,1999.0,2080.0,2080.0,1343.0,576.0,1444.0,618.0
1.0,3677.0,1926.0,1919.0,2080.0,1926.0,1926.0,1343.0,576.0,1349.0,577.0
1.0,3831.0,1916.0,1919.0,1926.0,1916.0,1916.0,1343.0,576.0,1341.0,575.0
1.0,3841.0,1838.0,1916.0,1916.0,1829.0,1829.0,1341.0,575.0,1287.0,551.0
1.0,3919.0,1906.0,1916.0,1829.0,1906.0,1906.0,1341.0,575.0,1334.0,572.0
1.0,3842.0,1977.0,1919.0,1906.0,1986.0,1986.0,1343.0,576.0,1383.0,594.0
1.0,3771.0,2062.0,1923.0,1986.0,2074.0,2074.0,1346.0,577.0,1445.0,617.0
1.0,3695.0,2026.0,1927.0,2074.0,2038.0,2038.0,1349.0,578.0,1416.0,610.0
1.0,3743.0,1994.0,1929.0,2038.0,2000.0,2000.0,1350.0,579.0,1397.0,597.0
1.0,3787.0,1924.0,1927.0,2000.0,1918.0,1918.0,1349.0,578.0,1347.0,577.0
1.0,3863.0,1844.0,1925.0,1918.0,1838.0,1838.0,1347.0,578.0,1291.0,553.0
1.0,3937.0,1919.0,1926.0,1838.0,1922.0,1922.0,1348.0,578.0,1343.0,576.0
1.0,3856.0,1947.0,1926.0,1922.0,1947.0,1947.0,1348.0,578.0,1364.0,583.0
1.0,3831.0,1980.0,1929.0,1947.0,1989.0,1989.0,1350.0,579.0,1385.0,595.0
1.0,3798.0,1974.0,1930.0,1989.0,1977.0,1977.0,1351.0,579.0,1383.0,591.0
1.0,3813.0,1932.0,1929.0,1977.0,1929.0,1929.0,1350.0,579.0,1351.0,581.0
1.0,3858.0,1961.0,1929.0,1929.0,1961.0,1961.0,1350.0,579.0,1373.0,588.0
1.0,3826.0,1859.0,1926.0,1961.0,1850.0,1850.0,1348.0,578.0,1302.0,557.0
1.0,3928.0,1940.0,1926.0,1850.0,1940.0,1940.0,1348.0,578.0,1357.0,583.0
1.0,3838.0,1920.0,1926.0,1940.0,1920.0,1920.0,1348.0,578.0,1345.0,575.0
1.0,3858.0,2078.0,1930.0,1920.0,2090.0,2090.0,1351.0,579.0,1453.0,625.0
1.0,3700.0,2058.0,1935.0,2090.0,2073.0,2073.0,1354.0,581.0,1441.0,617.0
1.0,3732.0,1939.0,1936.0,2073.0,1942.0,1942.0,1355.0,581.0,1357.0,582.0
1.0,3866.0,1985.0,1936.0,1942.0,1985.0,1985.0,1355.0,581.0,1389.0,596.0
1.0,3823.0,1844.0,1932.0,1985.0,1832.0,1832.0,1352.0,580.0,1291.0,553.0
1.0,3964.0,1982.0,1933.0,1832.0,1985.0,1985.0,1353.0,580.0,1388.0,594.0
1.0,3814.0,1964.0,1933.0,1985.0,1964.0,1964.0,1353.0,580.0,1375.0,589.0
1.0,3835.0,2000.0,1936.0,1964.0,2009.0,2009.0,1355.0,581.0,1400.0,600.0
1.0,3799.0,2037.0,1939.0,2009.0,2046.0,2046.0,1357.0,582.0,1425.0,612.0
1.0,3771.0,1957.0,1940.0,2046.0,1960.0,1960.0,1358.0,582.0,1371.0,586.0
1.0,3860.0,1917.0,1939.0,1960.0,1914.0,1914.0,1357.0,582.0,1342.0,575.0
1.0,3903.0,1838.0,1936.0,1914.0,1829.0,1829.0,1355.0,581.0,1287.0,551.0
1.0,3979.0,1884.0,1934.0,1829.0,1878.0,1878.0,1354.0,580.0,1318.0,566.0
1.0,3924.0,1939.0,1934.0,1878.0,1939.0,1939.0,1354.0,580.0,1357.0,582.0
1.0,3863.0,2006.0,1937.0,1939.0,2015.0,2015.0,1356.0,581.0,1404.0,602.0
1.0,3796.0,1935.0,1940.0,2015.0,1944.0,1944.0,1358.0,582.0,1355.0,580.0
1.0,3876.0,1979.0,1942.0,1944.0,1985.0,1985.0,1359.0,583.0,1385.0,594.0
1.0,3841.0,1922.0,1940.0,1985.0,1916.0,1916.0,1358.0,582.0,1344.0,578.0
1.0,3904.0,1891.0,1939.0,1916.0,1888.0,1888.0,1357.0,582.0,1325.0,566.0
1.0,3929.0,1899.0,1939.0,1888.0,1899.0,1899.0,1357.0,582.0,1329.0,570.0
1.0,3918.0,1952.0,1940.0,1899.0,1955.0,1955.0,1358.0,582.0,1365.0,587.0
1.0,3865.0,2007.0,1943.0,1955.0,2016.0,2016.0,1360.0,583.0,1407.0,600.0
1.0,3813.0,2095.0,1947.0,2016.0,2107.0,2107.0,1363.0,584.0,1465.0,630.0
1.0,3734.0,1981.0,1949.0,2107.0,1987.0,1987.0,1364.0,585.0,1388.0,593.0
1.0,3860.0,1904.0,1947.0,1987.0,1898.0,1898.0,1363.0,584.0,1332.0,572.0
1.0,3943.0,1838.0,1946.0,1898.0,1835.0,1835.0,1362.0,584.0,1288.0,550.0
1.0,4003.0,1945.0,1946.0,1835.0,1945.0,1945.0,1362.0,584.0,1361.0,584.0
1.0,3893.0,2032.0,1949.0,1945.0,2041.0,2041.0,1364.0,585.0,1422.0,610.0
1.0,3806.0,2056.0,1953.0,2041.0,2068.0,2068.0,1367.0,586.0,1439.0,617.0
1.0,3791.0,2049.0,1956.0,2068.0,2058.0,2058.0,1369.0,587.0,1434.0,615.0
1.0,3810.0,2020.0,1958.0,2058.0,2026.0,2026.0,1371.0,587.0,1414.0,606.0
1.0,3848.0,1963.0,1957.0,2026.0,1960.0,1960.0,1370.0,587.0,1374.0,589.0
1.0,3911.0,1900.0,1954.0,1960.0,1891.0,1891.0,1368.0,586.0,1330.0,570.0
1.0,3971.0,1913.0,1954.0,1891.0,1913.0,1913.0,1368.0,586.0,1339.0,574.0
1.0,3949.0,2035.0,1957.0,1913.0,2044.0,2044.0,1370.0,587.0,1425.0,610.0
1.0,3827.0,2049.0,1960.0,2044.0,2058.0,2058.0,1372.0,588.0,1435.0,614.0
1.0,3822.0,2053.0,1963.0,2058.0,2062.0,2062.0,1374.0,589.0,1437.0,616.0
1.0,3827.0,1975.0,1963.0,2062.0,1975.0,1975.0,1374.0,589.0,1382.0,593.0
1.0,3914.0,1915.0,1960.0,1975.0,1906.0,1906.0,1372.0,588.0,1339.0,576.0
1.0,3974.0,1911.0,1959.0,1906.0,1908.0,1908.0,1371.0,588.0,1339.0,572.0
1.0,3969.0,1854.0,1956.0,1908.0,1845.0,1845.0,1369.0,587.0,1298.0,556.0
1.0,4023.0,1985.0,1957.0,1845.0,1988.0,1988.0,1370.0,587.0,1388.0,597.0
1.0,3883.0,2085.0,1962.0,1988.0,2100.0,2100.0,1373.0,589.0,1460.0,625.0
1.0,3786.0,2119.0,1966.0,2100.0,2131.0,2131.0,1376.0,590.0,1483.0,636.0
1.0,3767.0,2079.0,1968.0,2131.0,2085.0,2085.0,1378.0,590.0,1455.0,624.0
1.0,3819.0,1904.0,1967.0,2085.0,1901.0,1901.0,1377.0,590.0,1334.0,570.0
1.0,4000.0,1953.0,1966.0,1901.0,1950.0,1950.0,1376.0,590.0,1367.0,586.0
1.0,3948.0,1890.0,1966.0,1950.0,1890.0,1890.0,1376.0,590.0,1322.0,568.0
1.0,4008.0,1927.0,1964.0,1890.0,1921.0,1921.0,1375.0,589.0,1349.0,578.0
1.0,3971.0,2024.0,1967.0,1921.0,2033.0,2033.0,1377.0,590.0,1416.0,608.0
1.0,3868.0,2043.0,1970.0,2033.0,2052.0,2052.0,1379.0,591.0,1431.0,612.0
1.0,3858.0,1950.0,1970.0,2052.0,1950.0,1950.0,1379.0,591.0,1365.0,585.0
1.0,3960.0,1891.0,1967.0,1950.0,1882.0,1882.0,1377.0,590.0,1324.0,567.0
1.0,4019.0,1851.0,1963.0,1882.0,1839.0,1839.0,1374.0,589.0,1296.0,555.0
1.0,4050.0,1941.0,1963.0,1839.0,1941.0,1941.0,1374.0,589.0,1359.0,582.0
1.0,3948.0,1974.0,1963.0,1941.0,1974.0,1974.0,1374.0,589.0,1382.0,592.0
1.0,3915.0,2104.0,1967.0,1974.0,2116.0,2116.0,1377.0,590.0,1471.0,633.0
1.0,3785.0,2070.0,1969.0,2116.0,2076.0,2076.0,1378.0,591.0,1450.0,620.0
1.0,3831.0,2043.0,1971.0,2076.0,2049.0,2049.0,1380.0,591.0,1429.0,614.0
1.0,3864.0,2007.0,1971.0,2049.0,2007.0,2007.0,1380.0,591.0,1405.0,602.0
1.0,3906.0,1940.0,1969.0,2007.0,1934.0,1934.0,1378.0,591.0,1359.0,581.0
1.0,3973.0,1967.0,1969.0,1934.0,1967.0,1967.0,1378.0,591.0,1377.0,590.0
1.0,3940.0,2000.0,1971.0,1967.0,2006.0,2006.0,1380.0,591.0,1399.0,601.0
1.0,3907.0,2095.0,1976.0,2006.0,2110.0,2110.0,1383.0,593.0,1467.0,628.0
1.0,3818.0,2062.0,1979.0,2110.0,2071.0,2071.0,1385.0,594.0,1444.0,618.0
1.0,3866.0,2006.0,1980.0,2071.0,2009.0,2009.0,1386.0,594.0,1405.0,601.0
1.0,3931.0,1873.0,1978.0,2009.0,1867.0,1867.0,1385.0,593.0,1309.0,564.0
1.0,4067.0,1884.0,1977.0,1867.0,1881.0,1881.0,1384.0,593.0,1320.0,564.0
1.0,4050.0,1964.0,1977.0,1881.0,1964.0,1964.0,1384.0,593.0,1375.0,589.0
1.0,3967.0,1999.0,1978.0,1964.0,2002.0,2002.0,1385.0,593.0,1398.0,601.0
1.0,3932.0,2129.0,1983.0,2002.0,2144.0,2144.0,1388.0,595.0,1491.0,638.0
1.0,3805.0,2053.0,1986.0,2144.0,2062.0,2062.0,1390.0,596.0,1437.0,616.0
1.0,3896.0,2003.0,1987.0,2062.0,2006.0,2006.0,1391.0,596.0,1403.0,600.0
1.0,3955.0,1976.0,1986.0,2006.0,1973.0,1973.0,1390.0,596.0,1383.0,593.0
1.0,3985.0,1863.0,1982.0,1973.0,1851.0,1851.0,1387.0,595.0,1303.0,560.0
1.0,4095.0,1953.0,1981.0,1851.0,1950.0,1950.0,1387.0,594.0,1366.0,587.0
1.0,3993.0,1954.0,1982.0,1950.0,1957.0,1957.0,1387.0,595.0,1369.0,585.0
1.0,3989.0,2083.0,1987.0,1957.0,2098.0,2098.0,1391.0,596.0,1459.0,624.0
1.0,3863.0,2083.0,1990.0,2098.0,2092.0,2092.0,1393.0,597.0,1458.0,625.0
1.0,3878.0,1956.0,1988.0,2092.0,1950.0,1950.0,1392.0,596.0,1368.0,588.0
1.0,4014.0,1960.0,1986.0,1950.0,1954.0,1954.0,1390.0,596.0,1373.0,587.0
1.0,4004.0,1947.0,1984.0,1954.0,1941.0,1941.0,1389.0,595.0,1362.0,585.0
1.0,4011.0,1899.0,1982.0,1941.0,1893.0,1893.0,1387.0,595.0,1330.0,569.0
1.0,4053.0,1963.0,1982.0,1893.0,1963.0,1963.0,1387.0,595.0,1374.0,589.0
1.0,3983.0,2054.0,1984.0,1963.0,2060.0,2060.0,1389.0,595.0,1437.0,617.0
1.0,3892.0,2073.0,1988.0,2060.0,2085.0,2085.0,1392.0,596.0,1451.0,622.0
1.0,3879.0,2040.0,1988.0,2085.0,2040.0,2040.0,1392.0,596.0,1428.0,612.0
1.0,3924.0,1913.0,1986.0,2040.0,1907.0,1907.0,1390.0,596.0,1340.0,573.0
1.0,4051.0,1956.0,1983.0,1907.0,1947.0,1947.0,1388.0,595.0,1368.0,588.0
1.0,4002.0,1901.0,1982.0,1947.0,1898.0,1898.0,1387.0,595.0,1332.0,569.0
1.0,4048.0,2002.0,1984.0,1898.0,2008.0,2008.0,1389.0,595.0,1400.0,602.0
1.0,3944.0,2065.0,1987.0,2008.0,2074.0,2074.0,1391.0,596.0,1445.0,620.0
1.0,3887.0,2092.0,1991.0,2074.0,2104.0,2104.0,1394.0,597.0,1464.0,628.0
1.0,3869.0,2039.0,1993.0,2104.0,2045.0,2045.0,1395.0,598.0,1428.0,611.0
1.0,3934.0,1987.0,1990.0,2045.0,1978.0,1978.0,1393.0,597.0,1390.0,597.0
1.0,3992.0,1935.0,1987.0,1978.0,1926.0,1926.0,1391.0,596.0,1355.0,580.0
1.0,4035.0,1977.0,1985.0,1926.0,1971.0,1971.0,1389.0,596.0,1385.0,592.0
1.0,3984.0,2013.0,1987.0,1971.0,2019.0,2019.0,1391.0,596.0,1408.0,605.0
1.0,3942.0,2060.0,1989.0,2019.0,2066.0,2066.0,1392.0,597.0,1443.0,617.0
1.0,3901.0,2019.0,1992.0,2066.0,2028.0,2028.0,1394.0,598.0,1413.0,606.0
1.0,3948.0,2068.0,1994.0,2028.0,2074.0,2074.0,1396.0,598.0,1447.0,621.0
1.0,3908.0,2009.0,1994.0,2074.0,2009.0,2009.0,1396.0,598.0,1406.0,603.0
1.0,3973.0,1927.0,1992.0,2009.0,1921.0,1921.0,1394.0,598.0,1349.0,578.0
1.0,4055.0,1953.0,1992.0,1921.0,1953.0,1953.0,1394.0,598.0,1367.0,586.0
1.0,4023.0,2042.0,1994.0,1953.0,2048.0,2048.0,1396.0,598.0,1429.0,613.0
1.0,3934.0,2061.0,1999.0,2048.0,2076.0,2076.0,1399.0,600.0,1443.0,618.0
1.0,3921.0,2128.0,2003.0,2076.0,2140.0,2140.0,1402.0,601.0,1489.0,639.0
1.0,3869.0,2004.0,2003.0,2140.0,2004.0,2004.0,1402.0,601.0,1403.0,601.0
1.0,4005.0,1996.0,2001.0,2004.0,1990.0,1990.0,1401.0,600.0,1396.0,600.0
1.0,4013.0,1914.0,1997.0,1990.0,1902.0,1902.0,1398.0,599.0,1340.0,574.0
1.0,4089.0,1948.0,1996.0,1902.0,1945.0,1945.0,1397.0,599.0,1365.0,583.0
1.0,4043.0,2045.0,1997.0,1945.0,2048.0,2048.0,1398.0,599.0,1430.0,615.0
1.0,3943.0,2053.0,1999.0,2048.0,2059.0,2059.0,1399.0,600.0,1438.0,615.0
1.0,3938.0,2023.0,2000.0,2059.0,2026.0,2026.0,1400.0,600.0,1415.0,608.0
1.0,3974.0,2093.0,2002.0,2026.0,2099.0,2099.0,1401.0,601.0,1466.0,627.0
1.0,3907.0,1999.0,2000.0,2099.0,1993.0,1993.0,1400.0,600.0,1398.0,601.0
1.0,4007.0,1927.0,1997.0,1993.0,1918.0,1918.0,1398.0,599.0,1349.0,578.0
1.0,4073.0,1993.0,1997.0,1918.0,1993.0,1993.0,1398.0,599.0,1395.0,598.0
1.0,3998.0,2028.0,2000.0,1993.0,2037.0,2037.0,1400.0,600.0,1419.0,609.0
1.0,3963.0,2056.0,2003.0,2037.0,2065.0,2065.0,1402.0,601.0,1439.0,617.0
1.0,3944.0,2060.0,2006.0,2065.0,2069.0,2069.0,1404.0,602.0,1443.0,617.0
1.0,3949.0,2082.0,2007.0,2069.0,2085.0,2085.0,1405.0,602.0,1457.0,625.0
1.0,3936.0,1982.0,2004.0,2085.0,1973.0,1973.0,1403.0,601.0,1388.0,594.0
1.0,4039.0,1988.0,2003.0,1973.0,1985.0,1985.0,1402.0,601.0,1391.0,597.0
1.0,4024.0,1973.0,2002.0,1985.0,1970.0,1970.0,1401.0,601.0,1383.0,590.0
1.0,4036.0,2022.0,2003.0,1970.0,2025.0,2025.0,1402.0,601.0,1413.0,609.0
1.0,3984.0,2101.0,2007.0,2025.0,2113.0,2113.0,1405.0,602.0,1471.0,630.0
1.0,3908.0,2109.0,2010.0,2113.0,2118.0,2118.0,1407.0,603.0,1476.0,633.0
1.0,3912.0,2050.0,2013.0,2118.0,2059.0,2059.0,1409.0,604.0,1436.0,614.0
1.0,3980.0,1980.0,2010.0,2059.0,1971.0,1971.0,1407.0,603.0,1385.0,595.0
1.0,4059.0,1961.0,2009.0,1971.0,1958.0,1958.0,1406.0,603.0,1374.0,587.0
1.0,4069.0,1989.0,2009.0,1958.0,1989.0,1989.0,1406.0,603.0,1392.0,597.0
1.0,4038.0,1990.0,2010.0,1989.0,1993.0,1993.0,1407.0,603.0,1394.0,596.0
1.0,4037.0,2010.0,2010.0,1993.0,2010.0,2010.0,1407.0,603.0,1405.0,605.0
1.0,4020.0,2054.0,2013.0,2010.0,2063.0,2063.0,1409.0,604.0,1437.0,617.0
1.0,3976.0,2036.0,2015.0,2063.0,2042.0,2042.0,1410.0,605.0,1426.0,610.0
1.0,4003.0,2049.0,2015.0,2042.0,2049.0,2049.0,1410.0,605.0,1434.0,615.0
1.0,3996.0,1885.0,2011.0,2049.0,1873.0,1873.0,1408.0,603.0,1320.0,565.0
1.0,4160.0,1967.0,2010.0,1873.0,1964.0,1964.0,1407.0,603.0,1376.0,591.0
1.0,4066.0,2052.0,2013.0,1964.0,2061.0,2061.0,1409.0,604.0,1438.0,614.0
1.0,3978.0,2093.0,2016.0,2061.0,2102.0,2102.0,1411.0,605.0,1464.0,629.0
1.0,3946.0,2109.0,2019.0,2102.0,2118.0,2118.0,1413.0,606.0,1477.0,632.0
1.0,3939.0,2039.0,2020.0,2118.0,2042.0,2042.0,1414.0,606.0,1427.0,612.0
1.0,4018.0,2011.0,2019.0,2042.0,2008.0,2008.0,1413.0,606.0,1408.0,603.0
1.0,4049.0,1967.0,2016.0,2008.0,1958.0,1958.0,1411.0,605.0,1375.0,592.0
1.0,4090.0,1986.0,2016.0,1958.0,1986.0,1986.0,1411.0,605.0,1392.0,594.0
1.0,4062.0,2059.0,2017.0,1986.0,2062.0,2062.0,1412.0,605.0,1440.0,619.0
1.0,3989.0,2079.0,2020.0,2062.0,2088.0,2088.0,1414.0,606.0,1456.0,623.0
1.0,3972.0,2110.0,2022.0,2088.0,2116.0,2116.0,1415.0,607.0,1477.0,633.0
1.0,3950.0,2093.0,2023.0,2116.0,2096.0,2096.0,1416.0,607.0,1464.0,629.0
1.0,3973.0,1970.0,2022.0,2096.0,1967.0,1967.0,1415.0,607.0,1380.0,590.0
1.0,4099.0,1985.0,2021.0,1967.0,1982.0,1982.0,1415.0,606.0,1389.0,596.0
1.0,4081.0,2023.0,2020.0,1982.0,2020.0,2020.0,1414.0,606.0,1415.0,608.0
1.0,4040.0,2043.0,2021.0,2020.0,2046.0,2046.0,1415.0,606.0,1431.0,612.0
1.0,4017.0,2138.0,2026.0,2046.0,2153.0,2153.0,1418.0,608.0,1496.0,642.0
1.0,3925.0,2092.0,2027.0,2153.0,2095.0,2095.0,1419.0,608.0,1464.0,628.0
1.0,3986.0,2067.0,2029.0,2095.0,2073.0,2073.0,1420.0,609.0,1447.0,620.0
1.0,4014.0,2019.0,2027.0,2073.0,2013.0,2013.0,1419.0,608.0,1413.0,606.0
1.0,4068.0,1905.0,2023.0,2013.0,1893.0,1893.0,1416.0,607.0,1333.0,572.0
1.0,4176.0,2039.0,2024.0,1893.0,2042.0,2042.0,1417.0,607.0,1428.0,611.0
1.0,4030.0,2037.0,2024.0,2042.0,2037.0,2037.0,1417.0,607.0,1426.0,611.0
1.0,4035.0,2162.0,2030.0,2037.0,2180.0,2180.0,1421.0,609.0,1514.0,648.0
1.0,3910.0,2120.0,2033.0,2180.0,2129.0,2129.0,1423.0,610.0,1484.0,636.0
1.0,3970.0,2106.0,2034.0,2129.0,2109.0,2109.0,1424.0,610.0,1473.0,633.0
1.0,3993.0,2057.0,2034.0,2109.0,2057.0,2057.0,1424.0,610.0,1440.0,617.0
1.0,4045.0,1993.0,2033.0,2057.0,1990.0,1990.0,1423.0,610.0,1395.0,598.0
1.0,4109.0,2013.0,2032.0,1990.0,2010.0,2010.0,1422.0,610.0,1410.0,603.0
1.0,4086.0,2132.0,2034.0,2010.0,2138.0,2138.0,1424.0,610.0,1492.0,640.0
1.0,3964.0,2135.0,2039.0,2138.0,2150.0,2150.0,1427.0,612.0,1494.0,641.0
1.0,3967.0,2068.0,2040.0,2150.0,2071.0,2071.0,1428.0,612.0,1448.0,620.0
1.0,4049.0,2140.0,2042.0,2071.0,2146.0,2146.0,1429.0,613.0,1498.0,642.0
1.0,3980.0,1958.0,2040.0,2146.0,1952.0,1952.0,1428.0,612.0,1372.0,586.0
1.0,4168.0,1921.0,2037.0,1952.0,1912.0,1912.0,1426.0,611.0,1343.0,578.0
1.0,4199.0,2011.0,2036.0,1912.0,2008.0,2008.0,1425.0,611.0,1409.0,602.0
1.0,4100.0,2067.0,2037.0,2008.0,2070.0,2070.0,1426.0,611.0,1446.0,621.0
1.0,4041.0,2169.0,2041.0,2070.0,2181.0,2181.0,1429.0,612.0,1518.0,651.0
1.0,3942.0,2098.0,2043.0,2181.0,2104.0,2104.0,1430.0,613.0,1470.0,628.0
1.0,4025.0,2133.0,2046.0,2104.0,2142.0,2142.0,1432.0,614.0,1492.0,641.0
1.0,3996.0,1982.0,2043.0,2142.0,1973.0,1973.0,1430.0,613.0,1389.0,593.0
1.0,4156.0,2034.0,2042.0,1973.0,2031.0,2031.0,1429.0,613.0,1423.0,611.0
1.0,4095.0,2033.0,2042.0,2031.0,2033.0,2033.0,1429.0,613.0,1423.0,610.0
1.0,4093.0,2115.0,2044.0,2033.0,2121.0,2121.0,1431.0,613.0,1480.0,635.0
1.0,4011.0,2105.0,2047.0,2121.0,2114.0,2114.0,1433.0,614.0,1472.0,633.0
1.0,4027.0,2143.0,2050.0,2114.0,2152.0,2152.0,1435.0,615.0,1502.0,641.0
1.0,3998.0,2050.0,2051.0,2152.0,2053.0,2053.0,1436.0,615.0,1434.0,616.0
1.0,4100.0,2076.0,2053.0,2053.0,2082.0,2082.0,1437.0,616.0,1454.0,622.0
1.0,4077.0,2013.0,2052.0,2082.0,2010.0,2010.0,1436.0,616.0,1409.0,604.0
1.0,4146.0,2090.0,2053.0,2010.0,2093.0,2093.0,1437.0,616.0,1463.0,627.0
1.0,4066.0,2110.0,2054.0,2093.0,2113.0,2113.0,1438.0,616.0,1476.0,634.0
1.0,4049.0,2133.0,2059.0,2113.0,2148.0,2148.0,1441.0,618.0,1494.0,639.0
1.0,4029.0,2078.0,2061.0,2148.0,2084.0,2084.0,1443.0,618.0,1456.0,622.0
1.0,4099.0,2008.0,2060.0,2084.0,2005.0,2005.0,1442.0,618.0,1405.0,603.0
1.0,4175.0,2033.0,2059.0,2005.0,2030.0,2030.0,1441.0,618.0,1422.0,611.0
1.0,4147.0,1975.0,2056.0,2030.0,1966.0,1966.0,1439.0,617.0,1384.0,591.0
1.0,4202.0,2000.0,2056.0,1966.0,2000.0,2000.0,1439.0,617.0,1399.0,601.0
1.0,4168.0,2111.0,2057.0,2000.0,2114.0,2114.0,1440.0,617.0,1477.0,634.0
1.0,4057.0,2145.0,2061.0,2114.0,2157.0,2157.0,1443.0,618.0,1501.0,644.0
1.0,4026.0,2200.0,2065.0,2157.0,2212.0,2212.0,1445.0,620.0,1540.0,660.0
1.0,3983.0,2136.0,2066.0,2212.0,2139.0,2139.0,1446.0,620.0,1497.0,639.0
1.0,4059.0,2054.0,2066.0,2139.0,2054.0,2054.0,1446.0,620.0,1437.0,617.0
1.0,4144.0,2014.0,2064.0,2054.0,2008.0,2008.0,1445.0,619.0,1409.0,605.0
1.0,4184.0,2060.0,2063.0,2008.0,2057.0,2057.0,1444.0,619.0,1444.0,616.0
1.0,4132.0,2012.0,2064.0,2057.0,2015.0,2015.0,1445.0,619.0,1406.0,606.0
1.0,4177.0,2198.0,2069.0,2015.0,2213.0,2213.0,1448.0,621.0,1539.0,659.0
1.0,3994.0,2175.0,2071.0,2213.0,2181.0,2181.0,1450.0,621.0,1522.0,653.0
1.0,4032.0,2103.0,2073.0,2181.0,2109.0,2109.0,1451.0,622.0,1473.0,630.0
1.0,4110.0,2058.0,2071.0,2109.0,2052.0,2052.0,1450.0,621.0,1442.0,616.0
1.0,4161.0,2006.0,2069.0,2052.0,2000.0,2000.0,1448.0,621.0,1403.0,603.0
1.0,4207.0,1954.0,2067.0,2000.0,1948.0,1948.0,1447.0,620.0,1368.0,586.0
1.0,4253.0,2089.0,2069.0,1948.0,2095.0,2095.0,1448.0,621.0,1461.0,628.0
1.0,4112.0,2148.0,2073.0,2095.0,2160.0,2160.0,1451.0,622.0,1504.0,644.0
1.0,4059.0,2165.0,2076.0,2160.0,2174.0,2174.0,1453.0,623.0,1515.0,650.0
1.0,4054.0,2146.0,2077.0,2174.0,2149.0,2149.0,1454.0,623.0,1503.0,643.0
1.0,4082.0,2077.0,2076.0,2149.0,2074.0,2074.0,1453.0,623.0,1453.0,624.0
1.0,4154.0,1953.0,2073.0,2074.0,1944.0,1944.0,1451.0,622.0,1367.0,586.0
1.0,4275.0,1990.0,2070.0,1944.0,1981.0,1981.0,1449.0,621.0,1392.0,598.0
1.0,4229.0,2120.0,2072.0,1981.0,2126.0,2126.0,1450.0,622.0,1485.0,635.0
1.0,4090.0,2162.0,2075.0,2126.0,2171.0,2171.0,1452.0,623.0,1513.0,649.0
1.0,4054.0,2149.0,2077.0,2171.0,2155.0,2155.0,1454.0,623.0,1503.0,646.0
1.0,4076.0,2136.0,2077.0,2155.0,2136.0,2136.0,1454.0,623.0,1496.0,640.0
1.0,4095.0,2087.0,2077.0,2136.0,2087.0,2087.0,1454.0,623.0,1462.0,625.0
1.0,4144.0,2010.0,2076.0,2087.0,2007.0,2007.0,1453.0,623.0,1406.0,604.0
1.0,4221.0,2033.0,2073.0,2007.0,2024.0,2024.0,1451.0,622.0,1422.0,611.0
1.0,4195.0,2057.0,2076.0,2024.0,2066.0,2066.0,1453.0,623.0,1441.0,616.0
1.0,4162.0,2112.0,2079.0,2066.0,2121.0,2121.0,1455.0,624.0,1479.0,633.0
1.0,4116.0,2159.0,2082.0,2121.0,2168.0,2168.0,1457.0,625.0,1511.0,648.0
1.0,4078.0,2186.0,2084.0,2168.0,2192.0,2192.0,1459.0,625.0,1529.0,657.0
1.0,4060.0,2097.0,2083.0,2192.0,2094.0,2094.0,1458.0,625.0,1469.0,628.0
1.0,4155.0,2060.0,2082.0,2094.0,2057.0,2057.0,1457.0,625.0,1442.0,618.0
1.0,4189.0,2074.0,2081.0,2057.0,2071.0,2071.0,1457.0,624.0,1451.0,623.0
1.0,4172.0,2049.0,2083.0,2071.0,2055.0,2055.0,1458.0,625.0,1435.0,614.0
1.0,4194.0,2170.0,2085.0,2055.0,2176.0,2176.0,1459.0,626.0,1519.0,651.0
1.0,4079.0,2172.0,2087.0,2176.0,2178.0,2178.0,1461.0,626.0,1519.0,653.0
1.0,4083.0,2143.0,2088.0,2178.0,2146.0,2146.0,1462.0,626.0,1501.0,642.0
1.0,4118.0,2063.0,2087.0,2146.0,2060.0,2060.0,1461.0,626.0,1443.0,620.0
1.0,4201.0,2054.0,2086.0,2060.0,2051.0,2051.0,1460.0,626.0,1439.0,615.0
1.0,4207.0,2092.0,2086.0,2051.0,2092.0,2092.0,1460.0,626.0,1465.0,627.0
1.0,4166.0,2109.0,2087.0,2092.0,2112.0,2112.0,1461.0,626.0,1474.0,635.0
1.0,4149.0,2130.0,2089.0,2112.0,2136.0,2136.0,1462.0,627.0,1493.0,637.0
1.0,4131.0,2188.0,2091.0,2136.0,2194.0,2194.0,1464.0,627.0,1530.0,658.0
1.0,4079.0,2113.0,2091.0,2194.0,2113.0,2113.0,1464.0,627.0,1479.0,634.0
1.0,4160.0,2119.0,2091.0,2113.0,2119.0,2119.0,1464.0,627.0,1483.0,636.0
1.0,4154.0,2059.0,2090.0,2119.0,2056.0,2056.0,1463.0,627.0,1441.0,618.0
1.0,4214.0,2080.0,2092.0,2056.0,2086.0,2086.0,1464.0,628.0,1457.0,623.0
1.0,4190.0,2122.0,2094.0,2086.0,2128.0,2128.0,1466.0,628.0,1484.0,638.0
1.0,4154.0,2219.0,2099.0,2128.0,2234.0,2234.0,1469.0,630.0,1554.0,665.0
1.0,4063.0,2184.0,2102.0,2234.0,2193.0,2193.0,1471.0,631.0,1528.0,656.0
1.0,4113.0,2146.0,2103.0,2193.0,2149.0,2149.0,1472.0,631.0,1503.0,643.0
1.0,4160.0,2140.0,2103.0,2149.0,2140.0,2140.0,1472.0,631.0,1498.0,642.0
1.0,4169.0,2032.0,2099.0,2140.0,2020.0,2020.0,1469.0,630.0,1423.0,609.0
1.0,4277.0,2044.0,2097.0,2020.0,2038.0,2038.0,1468.0,629.0,1430.0,614.0
1.0,4253.0,2202.0,2100.0,2038.0,2211.0,2211.0,1470.0,630.0,1541.0,661.0
1.0,4089.0,2216.0,2104.0,2211.0,2228.0,2228.0,1473.0,631.0,1551.0,665.0
1.0,4084.0,2189.0,2107.0,2228.0,2198.0,2198.0,1475.0,632.0,1534.0,655.0
1.0,4123.0,2199.0,2110.0,2198.0,2208.0,2208.0,1477.0,633.0,1539.0,660.0
1.0,4122.0,2050.0,2107.0,2208.0,2041.0,2041.0,1475.0,632.0,1434.0,616.0
1.0,4280.0,2015.0,2104.0,2041.0,2006.0,2006.0,1473.0,631.0,1411.0,604.0
1.0,4306.0,2080.0,2104.0,2006.0,2080.0,2080.0,1473.0,631.0,1455.0,625.0
1.0,4232.0,2155.0,2106.0,2080.0,2161.0,2161.0,1474.0,632.0,1510.0,645.0
1.0,4157.0,2228.0,2110.0,2161.0,2240.0,2240.0,1477.0,633.0,1559.0,669.0
1.0,4090.0,2218.0,2116.0,2240.0,2236.0,2236.0,1481.0,635.0,1552.0,666.0
1.0,4112.0,2164.0,2117.0,2236.0,2167.0,2167.0,1482.0,635.0,1516.0,648.0
1.0,4184.0,2080.0,2116.0,2167.0,2077.0,2077.0,1481.0,635.0,1455.0,625.0
1.0,4271.0,2040.0,2113.0,2077.0,2031.0,2031.0,1479.0,634.0,1428.0,612.0
1.0,4308.0,2064.0,2112.0,2031.0,2061.0,2061.0,1478.0,634.0,1444.0,620.0
1.0,4275.0,2110.0,2112.0,2061.0,2110.0,2110.0,1478.0,634.0,1478.0,632.0
1.0,4226.0,2156.0,2116.0,2110.0,2168.0,2168.0,1481.0,635.0,1509.0,647.0
1.0,4180.0,2142.0,2119.0,2168.0,2151.0,2151.0,1483.0,636.0,1499.0,643.0
1.0,4206.0,2127.0,2119.0,2151.0,2127.0,2127.0,1483.0,636.0,1489.0,638.0
1.0,4230.0,2067.0,2117.0,2127.0,2061.0,2061.0,1482.0,635.0,1448.0,619.0
1.0,4290.0,2136.0,2117.0,2061.0,2136.0,2136.0,1482.0,635.0,1495.0,641.0
1.0,4215.0,2120.0,2117.0,2136.0,2120.0,2120.0,1482.0,635.0,1484.0,636.0
1.0,4231.0,2090.0,2117.0,2120.0,2090.0,2090.0,1482.0,635.0,1463.0,627.0
1.0,4261.0,2235.0,2121.0,2090.0,2247.0,2247.0,1485.0,636.0,1563.0,672.0
1.0,4116.0,2152.0,2123.0,2247.0,2158.0,2158.0,1486.0,637.0,1507.0,645.0
1.0,4211.0,2137.0,2125.0,2158.0,2143.0,2143.0,1487.0,638.0,1495.0,642.0
1.0,4232.0,2117.0,2125.0,2143.0,2117.0,2117.0,1487.0,638.0,1483.0,634.0
1.0,4258.0,2034.0,2123.0,2117.0,2028.0,2028.0,1486.0,637.0,1424.0,610.0
1.0,4341.0,2111.0,2121.0,2028.0,2105.0,2105.0,1485.0,636.0,1477.0,634.0
1.0,4258.0,2109.0,2121.0,2105.0,2109.0,2109.0,1485.0,636.0,1476.0,633.0
1.0,4254.0,2133.0,2123.0,2109.0,2139.0,2139.0,1486.0,637.0,1494.0,639.0
1.0,4230.0,2198.0,2125.0,2139.0,2204.0,2204.0,1487.0,638.0,1538.0,660.0
1.0,4171.0,2219.0,2129.0,2204.0,2231.0,2231.0,1490.0,639.0,1553.0,666.0
1.0,4156.0,2057.0,2126.0,2231.0,2048.0,2048.0,1488.0,638.0,1441.0,616.0
1.0,4330.0,1985.0,2123.0,2048.0,1976.0,1976.0,1486.0,637.0,1389.0,596.0
1.0,4393.0,2097.0,2122.0,1976.0,2094.0,2094.0,1485.0,637.0,1468.0,629.0
1.0,4272.0,2150.0,2123.0,2094.0,2153.0,2153.0,1486.0,637.0,1506.0,644.0
1.0,4216.0,2182.0,2126.0,2153.0,2191.0,2191.0,1488.0,638.0,1526.0,656.0
1.0,4187.0,2221.0,2129.0,2191.0,2230.0,2230.0,1490.0,639.0,1554.0,667.0
1.0,4157.0,2126.0,2129.0,2230.0,2126.0,2126.0,1490.0,639.0,1488.0,638.0
1.0,4261.0,2096.0,2127.0,2126.0,2090.0,2090.0,1489.0,638.0,1467.0,629.0
1.0,4291.0,2093.0,2126.0,2090.0,2090.0,2090.0,1488.0,638.0,1466.0,627.0
1.0,4288.0,2063.0,2126.0,2090.0,2063.0,2063.0,1488.0,638.0,1443.0,620.0
1.0,4315.0,2050.0,2124.0,2063.0,2044.0,2044.0,1487.0,637.0,1434.0,616.0
1.0,4328.0,2235.0,2127.0,2044.0,2244.0,2244.0,1489.0,638.0,1565.0,670.0
1.0,4137.0,2210.0,2130.0,2244.0,2219.0,2219.0,1491.0,639.0,1548.0,662.0
1.0,4171.0,2183.0,2131.0,2219.0,2186.0,2186.0,1492.0,639.0,1527.0,656.0
1.0,4207.0,2077.0,2128.0,2186.0,2068.0,2068.0,1490.0,638.0,1454.0,623.0
1.0,4316.0,2073.0,2126.0,2068.0,2067.0,2067.0,1488.0,638.0,1452.0,621.0
1.0,4311.0,2137.0,2126.0,2067.0,2137.0,2137.0,1488.0,638.0,1496.0,641.0
1.0,4241.0,2187.0,2127.0,2137.0,2190.0,2190.0,1489.0,638.0,1530.0,657.0
1.0,4191.0,2173.0,2130.0,2190.0,2182.0,2182.0,1491.0,639.0,1522.0,651.0
1.0,4208.0,2232.0,2133.0,2182.0,2241.0,2241.0,1493.0,640.0,1563.0,669.0
1.0,4158.0,2147.0,2132.0,2241.0,2144.0,2144.0,1492.0,640.0,1502.0,645.0
1.0,4252.0,2100.0,2130.0,2144.0,2094.0,2094.0,1491.0,639.0,1469.0,631.0
1.0,4296.0,2070.0,2127.0,2094.0,2061.0,2061.0,1489.0,638.0,1449.0,621.0
1.0,4320.0,2057.0,2124.0,2061.0,2048.0,2048.0,1487.0,637.0,1441.0,616.0
1.0,4324.0,2142.0,2127.0,2048.0,2151.0,2151.0,1489.0,638.0,1498.0,644.0
1.0,4230.0,2274.0,2132.0,2151.0,2289.0,2289.0,1492.0,640.0,1592.0,682.0
1.0,4107.0,2262.0,2135.0,2289.0,2271.0,2271.0,1494.0,641.0,1583.0,679.0
1.0,4134.0,2157.0,2135.0,2271.0,2157.0,2157.0,1494.0,641.0,1510.0,647.0
1.0,4248.0,2042.0,2132.0,2157.0,2033.0,2033.0,1492.0,640.0,1430.0,612.0
1.0,4363.0,2083.0,2129.0,2033.0,2074.0,2074.0,1490.0,639.0,1459.0,624.0
1.0,4313.0,2056.0,2127.0,2074.0,2050.0,2050.0,1489.0,638.0,1437.0,619.0
1.0,4331.0,2169.0,2129.0,2050.0,2175.0,2175.0,1490.0,639.0,1519.0,650.0
1.0,4212.0,2196.0,2132.0,2175.0,2205.0,2205.0,1492.0,640.0,1537.0,659.0
1.0,4191.0,2272.0,2136.0,2205.0,2284.0,2284.0,1495.0,641.0,1591.0,681.0
1.0,4124.0,2188.0,2137.0,2284.0,2191.0,2191.0,1496.0,641.0,1530.0,658.0
1.0,4220.0,2078.0,2136.0,2191.0,2075.0,2075.0,1495.0,641.0,1456.0,622.0
1.0,4333.0,2084.0,2134.0,2075.0,2078.0,2078.0,1494.0,640.0,1458.0,626.0
1.0,4324.0,2090.0,2134.0,2078.0,2090.0,2090.0,1494.0,640.0,1463.0,627.0
1.0,4312.0,2170.0,2136.0,2090.0,2176.0,2176.0,1495.0,641.0,1520.0,650.0
1.0,4232.0,2255.0,2137.0,2176.0,2258.0,2258.0,1496.0,641.0,1578.0,677.0
1.0,4153.0,2232.0,2140.0,2258.0,2241.0,2241.0,1498.0,642.0,1561.0,671.0
1.0,4179.0,2172.0,2142.0,2241.0,2178.0,2178.0,1499.0,643.0,1521.0,651.0
1.0,4248.0,2114.0,2139.0,2178.0,2105.0,2105.0,1497.0,642.0,1479.0,635.0
1.0,4312.0,2051.0,2137.0,2105.0,2045.0,2045.0,1496.0,641.0,1436.0,615.0
1.0,4366.0,2119.0,2137.0,2045.0,2119.0,2119.0,1496.0,641.0,1483.0,636.0
1.0,4292.0,2159.0,2137.0,2119.0,2159.0,2159.0,1496.0,641.0,1512.0,647.0
1.0,4252.0,2199.0,2141.0,2159.0,2211.0,2211.0,1499.0,642.0,1539.0,660.0
1.0,4212.0,2233.0,2143.0,2211.0,2239.0,2239.0,1500.0,643.0,1562.0,671.0
1.0,4190.0,2107.0,2143.0,2239.0,2107.0,2107.0,1500.0,643.0,1475.0,632.0
1.0,4322.0,2179.0,2144.0,2107.0,2182.0,2182.0,1501.0,643.0,1526.0,653.0
1.0,4250.0,2116.0,2143.0,2182.0,2113.0,2113.0,1500.0,643.0,1480.0,636.0
1.0,4316.0,2097.0,2140.0,2113.0,2088.0,2088.0,1498.0,642.0,1469.0,628.0
1.0,4332.0,2163.0,2143.0,2088.0,2172.0,2172.0,1500.0,643.0,1515.0,648.0
1.0,4257.0,2189.0,2146.0,2172.0,2198.0,2198.0,1502.0,644.0,1530.0,659.0
1.0,4240.0,2219.0,2149.0,2198.0,2228.0,2228.0,1504.0,645.0,1555.0,664.0
1.0,4219.0,2179.0,2149.0,2228.0,2179.0,2179.0,1504.0,645.0,1525.0,654.0
1.0,4268.0,2103.0,2147.0,2179.0,2097.0,2097.0,1503.0,644.0,1471.0,632.0
1.0,4344.0,2074.0,2145.0,2097.0,2068.0,2068.0,1501.0,644.0,1453.0,621.0
1.0,4367.0,2186.0,2146.0,2068.0,2189.0,2189.0,1502.0,644.0,1528.0,658.0
1.0,4249.0,2166.0,2147.0,2189.0,2169.0,2169.0,1503.0,644.0,1517.0,649.0
1.0,4272.0,2295.0,2151.0,2169.0,2307.0,2307.0,1506.0,645.0,1607.0,688.0
1.0,4146.0,2271.0,2156.0,2307.0,2286.0,2286.0,1509.0,647.0,1589.0,682.0
1.0,4182.0,2198.0,2159.0,2286.0,2207.0,2207.0,1511.0,648.0,1538.0,660.0
1.0,4270.0,2068.0,2155.0,2207.0,2056.0,2056.0,1508.0,647.0,1448.0,620.0
1.0,4409.0,2150.0,2153.0,2056.0,2144.0,2144.0,1507.0,646.0,1504.0,646.0
1.0,4315.0,2083.0,2152.0,2144.0,2080.0,2080.0,1506.0,646.0,1459.0,624.0
1.0,4376.0,2202.0,2154.0,2080.0,2208.0,2208.0,1508.0,646.0,1541.0,661.0
1.0,4254.0,2209.0,2157.0,2208.0,2218.0,2218.0,1510.0,647.0,1545.0,664.0
1.0,4253.0,2270.0,2159.0,2218.0,2276.0,2276.0,1511.0,648.0,1591.0,679.0
1.0,4201.0,2233.0,2160.0,2276.0,2236.0,2236.0,1512.0,648.0,1562.0,671.0
1.0,4244.0,2247.0,2162.0,2236.0,2253.0,2253.0,1513.0,649.0,1574.0,673.0
1.0,4233.0,2110.0,2159.0,2253.0,2101.0,2101.0,1511.0,648.0,1477.0,633.0
1.0,4376.0,2166.0,2160.0,2101.0,2169.0,2169.0,1512.0,648.0,1515.0,651.0
1.0,4311.0,2212.0,2162.0,2169.0,2218.0,2218.0,1513.0,649.0,1549.0,663.0
1.0,4268.0,2232.0,2165.0,2218.0,2241.0,2241.0,1515.0,650.0,1562.0,670.0
1.0,4254.0,2275.0,2169.0,2241.0,2287.0,2287.0,1518.0,651.0,1593.0,682.0
1.0,4220.0,2252.0,2171.0,2287.0,2258.0,2258.0,1520.0,651.0,1575.0,677.0
1.0,4255.0,2143.0,2169.0,2258.0,2137.0,2137.0,1518.0,651.0,1501.0,642.0
1.0,4370.0,2124.0,2166.0,2137.0,2115.0,2115.0,1516.0,650.0,1487.0,637.0
1.0,4383.0,2113.0,2166.0,2115.0,2113.0,2113.0,1516.0,650.0,1478.0,635.0
1.0,4385.0,2219.0,2169.0,2113.0,2228.0,2228.0,1518.0,651.0,1553.0,666.0
1.0,4279.0,2264.0,2172.0,2228.0,2273.0,2273.0,1520.0,652.0,1585.0,679.0
1.0,4243.0,2283.0,2176.0,2273.0,2295.0,2295.0,1523.0,653.0,1599.0,684.0
1.0,4233.0,2236.0,2177.0,2295.0,2239.0,2239.0,1524.0,653.0,1563.0,673.0
1.0,4292.0,2185.0,2177.0,2239.0,2185.0,2185.0,1524.0,653.0,1529.0,656.0
1.0,4346.0,2118.0,2174.0,2185.0,2109.0,2109.0,1522.0,652.0,1484.0,634.0
1.0,4413.0,2130.0,2173.0,2109.0,2127.0,2127.0,1521.0,652.0,1490.0,640.0
1.0,4392.0,2239.0,2177.0,2127.0,2251.0,2251.0,1524.0,653.0,1569.0,670.0
1.0,4280.0,2242.0,2180.0,2251.0,2251.0,2251.0,1526.0,654.0,1569.0,673.0
1.0,4289.0,2261.0,2183.0,2251.0,2270.0,2270.0,1528.0,655.0,1582.0,679.0
1.0,4279.0,2206.0,2183.0,2270.0,2206.0,2206.0,1528.0,655.0,1545.0,661.0
1.0,4343.0,2151.0,2182.0,2206.0,2148.0,2148.0,1527.0,655.0,1504.0,647.0
1.0,4398.0,2140.0,2180.0,2148.0,2134.0,2134.0,1526.0,654.0,1499.0,641.0
1.0,4406.0,2151.0,2180.0,2134.0,2151.0,2151.0,1526.0,654.0,1506.0,645.0
1.0,4389.0,2205.0,2181.0,2151.0,2208.0,2208.0,1527.0,654.0,1542.0,663.0
1.0,4335.0,2256.0,2186.0,2208.0,2271.0,2271.0,1530.0,656.0,1580.0,676.0
1.0,4287.0,2204.0,2187.0,2271.0,2207.0,2207.0,1531.0,656.0,1544.0,660.0
1.0,4354.0,2233.0,2189.0,2207.0,2239.0,2239.0,1532.0,657.0,1562.0,671.0
1.0,4328.0,2180.0,2187.0,2239.0,2174.0,2174.0,1531.0,656.0,1526.0,654.0
1.0,4387.0,2128.0,2186.0,2174.0,2125.0,2125.0,1530.0,656.0,1490.0,638.0
1.0,4433.0,2114.0,2186.0,2125.0,2114.0,2114.0,1530.0,656.0,1480.0,634.0
1.0,4444.0,2232.0,2187.0,2114.0,2235.0,2235.0,1531.0,656.0,1563.0,669.0
1.0,4326.0,2268.0,2190.0,2235.0,2277.0,2277.0,1533.0,657.0,1587.0,681.0
1.0,4293.0,2282.0,2193.0,2277.0,2291.0,2291.0,1535.0,658.0,1597.0,685.0
1.0,4288.0,2219.0,2194.0,2291.0,2222.0,2222.0,1536.0,658.0,1552.0,667.0
1.0,4360.0,2183.0,2194.0,2222.0,2183.0,2183.0,1536.0,658.0,1528.0,655.0
1.0,4399.0,2120.0,2193.0,2183.0,2117.0,2117.0,1535.0,658.0,1485.0,635.0
1.0,4462.0,2153.0,2192.0,2117.0,2150.0,2150.0,1534.0,658.0,1507.0,646.0
1.0,4426.0,2216.0,2194.0,2150.0,2222.0,2222.0,1536.0,658.0,1550.0,666.0
1.0,4360.0,2285.0,2199.0,2222.0,2300.0,2300.0,1539.0,660.0,1600.0,685.0
1.0,4297.0,2320.0,2201.0,2300.0,2326.0,2326.0,1541.0,660.0,1625.0,695.0
1.0,4277.0,2285.0,2203.0,2326.0,2291.0,2291.0,1542.0,661.0,1599.0,686.0
1.0,4318.0,2214.0,2202.0,2291.0,2211.0,2211.0,1541.0,661.0,1549.0,665.0
1.0,4395.0,2138.0,2199.0,2211.0,2129.0,2129.0,1539.0,660.0,1497.0,641.0
1.0,4468.0,2123.0,2197.0,2129.0,2117.0,2117.0,1538.0,659.0,1486.0,637.0
1.0,4474.0,2220.0,2200.0,2117.0,2229.0,2229.0,1540.0,660.0,1555.0,665.0
1.0,4371.0,2296.0,2203.0,2229.0,2305.0,2305.0,1542.0,661.0,1607.0,689.0
1.0,4304.0,2283.0,2207.0,2305.0,2295.0,2295.0,1545.0,662.0,1599.0,684.0
1.0,4326.0,2259.0,2209.0,2295.0,2265.0,2265.0,1546.0,663.0,1580.0,679.0
1.0,4362.0,2203.0,2208.0,2265.0,2200.0,2200.0,1546.0,662.0,1542.0,661.0
1.0,4424.0,2157.0,2206.0,2200.0,2151.0,2151.0,1544.0,662.0,1510.0,647.0
1.0,4467.0,2147.0,2204.0,2151.0,2141.0,2141.0,1543.0,661.0,1502.0,645.0
1.0,4471.0,2223.0,2204.0,2141.0,2223.0,2223.0,1543.0,661.0,1558.0,665.0
1.0,4389.0,2275.0,2207.0,2223.0,2284.0,2284.0,1545.0,662.0,1592.0,683.0
1.0,4337.0,2279.0,2209.0,2284.0,2285.0,2285.0,1546.0,663.0,1594.0,685.0
1.0,4342.0,2296.0,2211.0,2285.0,2302.0,2302.0,1548.0,663.0,1609.0,687.0
1.0,4331.0,2236.0,2211.0,2302.0,2236.0,2236.0,1548.0,663.0,1563.0,673.0
1.0,4397.0,2151.0,2209.0,2236.0,2145.0,2145.0,1546.0,663.0,1506.0,645.0
1.0,4482.0,2131.0,2206.0,2145.0,2122.0,2122.0,1544.0,662.0,1493.0,638.0
1.0,4496.0,2226.0,2207.0,2122.0,2229.0,2229.0,1545.0,662.0,1557.0,669.0
1.0,4392.0,2270.0,2210.0,2229.0,2279.0,2279.0,1547.0,663.0,1591.0,679.0
1.0,4351.0,2295.0,2214.0,2279.0,2307.0,2307.0,1550.0,664.0,1606.0,689.0
1.0,4335.0,2199.0,2214.0,2307.0,2199.0,2199.0,1550.0,664.0,1539.0,660.0
1.0,4443.0,2191.0,2213.0,2199.0,2188.0,2188.0,1549.0,664.0,1533.0,658.0
1.0,4451.0,2140.0,2210.0,2188.0,2131.0,2131.0,1547.0,663.0,1498.0,642.0
1.0,4499.0,2153.0,2208.0,2131.0,2147.0,2147.0,1546.0,662.0,1506.0,647.0
1.0,4477.0,2255.0,2209.0,2147.0,2258.0,2258.0,1546.0,663.0,1579.0,676.0
1.0,4369.0,2305.0,2213.0,2258.0,2317.0,2317.0,1549.0,664.0,1613.0,692.0
1.0,4322.0,2349.0,2217.0,2317.0,2361.0,2361.0,1552.0,665.0,1645.0,704.0
1.0,4290.0,2230.0,2217.0,2361.0,2230.0,2230.0,1552.0,665.0,1561.0,669.0
1.0,4421.0,2204.0,2216.0,2230.0,2201.0,2201.0,1551.0,665.0,1543.0,661.0
1.0,4447.0,2184.0,2214.0,2201.0,2178.0,2178.0,1550.0,664.0,1528.0,656.0
1.0,4464.0,2128.0,2213.0,2178.0,2125.0,2125.0,1549.0,664.0,1491.0,637.0
1.0,4514.0,2239.0,2214.0,2125.0,2242.0,2242.0,1550.0,664.0,1566.0,673.0
1.0,4400.0,2301.0,2218.0,2242.0,2313.0,2313.0,1553.0,665.0,1610.0,691.0
1.0,4341.0,2292.0,2220.0,2313.0,2298.0,2298.0,1554.0,666.0,1604.0,688.0
1.0,4362.0,2285.0,2223.0,2298.0,2294.0,2294.0,1556.0,667.0,1600.0,685.0
1.0,4375.0,2194.0,2221.0,2294.0,2188.0,2188.0,1555.0,666.0,1535.0,659.0
1.0,4475.0,2192.0,2220.0,2188.0,2189.0,2189.0,1554.0,666.0,1534.0,658.0
1.0,4471.0,2214.0,2220.0,2189.0,2214.0,2214.0,1554.0,666.0,1550.0,664.0
1.0,4446.0,2247.0,2222.0,2214.0,2253.0,2253.0,1555.0,667.0,1574.0,673.0
1.0,4413.0,2263.0,2224.0,2253.0,2269.0,2269.0,1557.0,667.0,1583.0,680.0
1.0,4403.0,2308.0,2228.0,2269.0,2320.0,2320.0,1560.0,668.0,1616.0,692.0
1.0,4364.0,2243.0,2229.0,2320.0,2246.0,2246.0,1560.0,669.0,1570.0,673.0
1.0,4441.0,2241.0,2227.0,2246.0,2235.0,2235.0,1559.0,668.0,1569.0,672.0
1.0,4446.0,2128.0,2224.0,2235.0,2119.0,2119.0,1557.0,667.0,1490.0,638.0
1.0,4553.0,2184.0,2224.0,2119.0,2184.0,2184.0,1557.0,667.0,1529.0,655.0
1.0,4488.0,2233.0,2226.0,2184.0,2239.0,2239.0,1558.0,668.0,1563.0,670.0
1.0,4439.0,2359.0,2230.0,2239.0,2371.0,2371.0,1561.0,669.0,1652.0,707.0
1.0,4319.0,2335.0,2233.0,2371.0,2344.0,2344.0,1563.0,670.0,1635.0,700.0
1.0,4355.0,2318.0,2236.0,2344.0,2327.0,2327.0,1565.0,671.0,1621.0,697.0
1.0,4381.0,2269.0,2234.0,2327.0,2263.0,2263.0,1564.0,670.0,1588.0,681.0
1.0,4439.0,2153.0,2232.0,2263.0,2147.0,2147.0,1562.0,670.0,1507.0,646.0
1.0,4549.0,2140.0,2229.0,2147.0,2131.0,2131.0,1560.0,669.0,1498.0,642.0
1.0,4556.0,2276.0,2230.0,2131.0,2279.0,2279.0,1561.0,669.0,1592.0,684.0
1.0,4411.0,2362.0,2234.0,2279.0,2374.0,2374.0,1564.0,670.0,1653.0,709.0
1.0,4328.0,2285.0,2237.0,2374.0,2294.0,2294.0,1566.0,671.0,1600.0,685.0
1.0,4417.0,2339.0,2240.0,2294.0,2348.0,2348.0,1568.0,672.0,1638.0,701.0
1.0,4372.0,2146.0,2237.0,2348.0,2137.0,2137.0,1566.0,671.0,1500.0,646.0
1.0,4574.0,2177.0,2235.0,2137.0,2171.0,2171.0,1564.0,671.0,1525.0,652.0
1.0,4534.0,2201.0,2233.0,2171.0,2195.0,2195.0,1563.0,670.0,1540.0,661.0
1.0,4504.0,2280.0,2236.0,2195.0,2289.0,2289.0,1565.0,671.0,1597.0,683.0
1.0,4419.0,2339.0,2239.0,2289.0,2348.0,2348.0,1567.0,672.0,1638.0,701.0
1.0,4369.0,2342.0,2243.0,2348.0,2354.0,2354.0,1570.0,673.0,1639.0,703.0
1.0,4375.0,2236.0,2243.0,2354.0,2236.0,2236.0,1570.0,673.0,1565.0,671.0
1.0,4493.0,2217.0,2242.0,2236.0,2214.0,2214.0,1569.0,673.0,1552.0,665.0
1.0,4512.0,2172.0,2240.0,2214.0,2166.0,2166.0,1568.0,672.0,1521.0,651.0
1.0,4554.0,2154.0,2237.0,2166.0,2145.0,2145.0,1566.0,671.0,1507.0,647.0
1.0,4566.0,2160.0,2236.0,2145.0,2157.0,2157.0,1565.0,671.0,1513.0,647.0
1.0,4551.0,2253.0,2237.0,2157.0,2256.0,2256.0,1566.0,671.0,1576.0,677.0
1.0,4455.0,2322.0,2241.0,2256.0,2334.0,2334.0,1569.0,672.0,1625.0,697.0
1.0,4389.0,2288.0,2242.0,2334.0,2291.0,2291.0,1569.0,673.0,1602.0,686.0
1.0,4435.0,2211.0,2241.0,2291.0,2208.0,2208.0,1569.0,672.0,1547.0,664.0
1.0,4515.0,2148.0,2239.0,2208.0,2142.0,2142.0,1567.0,672.0,1505.0,643.0
1.0,4575.0,2240.0,2239.0,2142.0,2240.0,2240.0,1567.0,672.0,1568.0,672.0
1.0,4477.0,2239.0,2240.0,2240.0,2242.0,2242.0,1568.0,672.0,1566.0,673.0
1.0,4478.0,2322.0,2243.0,2242.0,2331.0,2331.0,1570.0,673.0,1627.0,695.0
1.0,4398.0,2323.0,2247.0,2331.0,2335.0,2335.0,1573.0,674.0,1626.0,697.0
1.0,4406.0,2277.0,2247.0,2335.0,2277.0,2277.0,1573.0,674.0,1592.0,685.0
1.0,4464.0,2253.0,2246.0,2277.0,2250.0,2250.0,1572.0,674.0,1579.0,674.0
1.0,4488.0,2207.0,2243.0,2250.0,2198.0,2198.0,1570.0,673.0,1543.0,664.0
1.0,4531.0,2200.0,2243.0,2198.0,2200.0,2200.0,1570.0,673.0,1542.0,658.0
1.0,4529.0,2233.0,2243.0,2200.0,2233.0,2233.0,1570.0,673.0,1561.0,672.0
1.0,4496.0,2343.0,2246.0,2233.0,2352.0,2352.0,1572.0,674.0,1642.0,701.0
1.0,4386.0,2332.0,2250.0,2352.0,2344.0,2344.0,1575.0,675.0,1633.0,699.0
1.0,4406.0,2305.0,2252.0,2344.0,2311.0,2311.0,1576.0,676.0,1612.0,693.0
1.0,4445.0,2227.0,2250.0,2311.0,2221.0,2221.0,1575.0,675.0,1558.0,669.0
1.0,4529.0,2127.0,2247.0,2221.0,2118.0,2118.0,1573.0,674.0,1489.0,638.0
1.0,4623.0,2237.0,2246.0,2118.0,2234.0,2234.0,1572.0,674.0,1567.0,670.0
1.0,4504.0,2256.0,2247.0,2234.0,2259.0,2259.0,1573.0,674.0,1578.0,678.0
1.0,4482.0,2350.0,2250.0,2259.0,2359.0,2359.0,1575.0,675.0,1645.0,705.0
1.0,4391.0,2246.0,2251.0,2359.0,2249.0,2249.0,1576.0,675.0,1572.0,674.0
1.0,4504.0,2247.0,2251.0,2249.0,2247.0,2247.0,1576.0,675.0,1573.0,674.0
1.0,4506.0,2237.0,2250.0,2247.0,2234.0,2234.0,1575.0,675.0,1566.0,671.0
1.0,4516.0,2145.0,2247.0,2234.0,2136.0,2136.0,1573.0,674.0,1502.0,643.0
1.0,4605.0,2191.0,2246.0,2136.0,2188.0,2188.0,1572.0,674.0,1534.0,657.0
1.0,4550.0,2231.0,2246.0,2188.0,2231.0,2231.0,1572.0,674.0,1561.0,670.0
1.0,4507.0,2435.0,2252.0,2231.0,2453.0,2453.0,1576.0,676.0,1706.0,729.0
1.0,4303.0,2316.0,2254.0,2453.0,2322.0,2322.0,1578.0,676.0,1621.0,695.0
1.0,4440.0,2320.0,2256.0,2322.0,2326.0,2326.0,1579.0,677.0,1625.0,695.0
1.0,4442.0,2208.0,2253.0,2326.0,2199.0,2199.0,1577.0,676.0,1544.0,664.0
1.0,4560.0,2206.0,2251.0,2199.0,2200.0,2200.0,1576.0,675.0,1545.0,661.0
1.0,4553.0,2266.0,2250.0,2200.0,2263.0,2263.0,1575.0,675.0,1585.0,681.0
1.0,4487.0,2264.0,2250.0,2263.0,2264.0,2264.0,1575.0,675.0,1585.0,679.0
1.0,4486.0,2386.0,2254.0,2264.0,2398.0,2398.0,1578.0,676.0,1671.0,715.0
1.0,4364.0,2368.0,2259.0,2398.0,2383.0,2383.0,1581.0,678.0,1658.0,710.0
1.0,4394.0,2306.0,2259.0,2383.0,2306.0,2306.0,1581.0,678.0,1614.0,692.0
1.0,4471.0,2248.0,2257.0,2306.0,2242.0,2242.0,1580.0,677.0,1573.0,675.0
1.0,4529.0,2170.0,2254.0,2242.0,2161.0,2161.0,1578.0,676.0,1520.0,650.0
1.0,4601.0,2250.0,2253.0,2161.0,2247.0,2247.0,1577.0,676.0,1573.0,677.0
1.0,4512.0,2252.0,2255.0,2247.0,2258.0,2258.0,1579.0,676.0,1578.0,674.0
1.0,4507.0,2349.0,2259.0,2258.0,2361.0,2361.0,1581.0,678.0,1644.0,705.0
1.0,4416.0,2345.0,2261.0,2361.0,2351.0,2351.0,1583.0,678.0,1641.0,704.0
1.0,4432.0,2317.0,2262.0,2351.0,2320.0,2320.0,1583.0,679.0,1622.0,695.0
1.0,4466.0,2302.0,2261.0,2320.0,2299.0,2299.0,1583.0,678.0,1611.0,691.0
1.0,4484.0,2163.0,2257.0,2299.0,2151.0,2151.0,1580.0,677.0,1514.0,649.0
1.0,4620.0,2271.0,2259.0,2151.0,2277.0,2277.0,1581.0,678.0,1590.0,681.0
1.0,4500.0,2307.0,2260.0,2277.0,2310.0,2310.0,1582.0,678.0,1614.0,693.0
1.0,4470.0,2288.0,2263.0,2310.0,2297.0,2297.0,1584.0,679.0,1603.0,685.0
1.0,4492.0,2342.0,2266.0,2297.0,2351.0,2351.0,1586.0,680.0,1639.0,703.0
1.0,4447.0,2291.0,2269.0,2351.0,2300.0,2300.0,1588.0,681.0,1603.0,688.0
1.0,4507.0,2313.0,2270.0,2300.0,2316.0,2316.0,1589.0,681.0,1619.0,694.0
1.0,4494.0,2170.0,2267.0,2316.0,2161.0,2161.0,1587.0,680.0,1518.0,652.0
1.0,4640.0,2233.0,2266.0,2161.0,2230.0,2230.0,1586.0,680.0,1564.0,669.0
1.0,4568.0,2313.0,2267.0,2230.0,2316.0,2316.0,1587.0,680.0,1618.0,695.0
1.0,4485.0,2341.0,2271.0,2316.0,2353.0,2353.0,1590.0,681.0,1639.0,702.0
1.0,4460.0,2411.0,2274.0,2353.0,2420.0,2420.0,1592.0,682.0,1687.0,724.0
1.0,4402.0,2299.0,2276.0,2420.0,2305.0,2305.0,1593.0,683.0,1610.0,689.0
1.0,4523.0,2248.0,2274.0,2305.0,2242.0,2242.0,1592.0,682.0,1573.0,675.0
1.0,4580.0,2238.0,2273.0,2242.0,2235.0,2235.0,1591.0,682.0,1568.0,670.0
1.0,4584.0,2287.0,2273.0,2235.0,2287.0,2287.0,1591.0,682.0,1601.0,686.0
1.0,4532.0,2296.0,2274.0,2287.0,2299.0,2299.0,1592.0,682.0,1605.0,691.0
1.0,4523.0,2339.0,2276.0,2299.0,2345.0,2345.0,1593.0,683.0,1639.0,700.0
1.0,4483.0,2386.0,2280.0,2345.0,2398.0,2398.0,1596.0,684.0,1670.0,716.0
1.0,4442.0,2388.0,2283.0,2398.0,2397.0,2397.0,1598.0,685.0,1671.0,717.0
1.0,4452.0,2343.0,2283.0,2397.0,2343.0,2343.0,1598.0,685.0,1640.0,703.0
1.0,4506.0,2237.0,2281.0,2343.0,2231.0,2231.0,1597.0,684.0,1565.0,672.0
1.0,4612.0,2303.0,2281.0,2231.0,2303.0,2303.0,1597.0,684.0,1612.0,691.0
1.0,4540.0,2296.0,2283.0,2303.0,2302.0,2302.0,1598.0,685.0,1608.0,688.0
1.0,4547.0,2352.0,2287.0,2302.0,2364.0,2364.0,1601.0,686.0,1647.0,705.0
1.0,4497.0,2356.0,2289.0,2364.0,2362.0,2362.0,1602.0,687.0,1648.0,708.0
1.0,4505.0,2313.0,2290.0,2362.0,2316.0,2316.0,1603.0,687.0,1620.0,693.0
1.0,4554.0,2263.0,2289.0,2316.0,2260.0,2260.0,1602.0,687.0,1583.0,680.0
1.0,4607.0,2303.0,2290.0,2260.0,2306.0,2306.0,1603.0,687.0,1613.0,690.0
1.0,4564.0,2275.0,2290.0,2306.0,2275.0,2275.0,1603.0,687.0,1592.0,683.0
1.0,4595.0,2272.0,2290.0,2275.0,2272.0,2272.0,1603.0,687.0,1589.0,683.0
1.0,4598.0,2335.0,2294.0,2272.0,2347.0,2347.0,1606.0,688.0,1634.0,701.0
1.0,4535.0,2330.0,2297.0,2347.0,2339.0,2339.0,1608.0,689.0,1633.0,697.0
1.0,4552.0,2237.0,2297.0,2339.0,2237.0,2237.0,1608.0,689.0,1566.0,671.0
1.0,4654.0,2284.0,2294.0,2237.0,2275.0,2275.0,1606.0,688.0,1597.0,687.0
1.0,4607.0,2207.0,2292.0,2275.0,2201.0,2201.0,1604.0,688.0,1546.0,661.0
1.0,4675.0,2281.0,2292.0,2201.0,2281.0,2281.0,1604.0,688.0,1596.0,685.0
1.0,4595.0,2296.0,2293.0,2281.0,2299.0,2299.0,1605.0,688.0,1608.0,688.0
1.0,4580.0,2399.0,2297.0,2299.0,2411.0,2411.0,1608.0,689.0,1680.0,719.0
1.0,4480.0,2375.0,2299.0,2411.0,2381.0,2381.0,1609.0,690.0,1661.0,714.0
1.0,4516.0,2316.0,2300.0,2381.0,2319.0,2319.0,1610.0,690.0,1622.0,694.0
1.0,4581.0,2261.0,2297.0,2319.0,2252.0,2252.0,1608.0,689.0,1581.0,680.0
1.0,4639.0,2281.0,2296.0,2252.0,2278.0,2278.0,1607.0,689.0,1598.0,683.0
1.0,4610.0,2244.0,2294.0,2278.0,2238.0,2238.0,1606.0,688.0,1571.0,673.0
1.0,4644.0,2286.0,2296.0,2238.0,2292.0,2292.0,1607.0,689.0,1600.0,686.0
1.0,4596.0,2316.0,2299.0,2292.0,2325.0,2325.0,1609.0,690.0,1621.0,695.0
1.0,4572.0,2421.0,2301.0,2325.0,2427.0,2427.0,1611.0,690.0,1694.0,727.0
1.0,4476.0,2402.0,2304.0,2427.0,2411.0,2411.0,1613.0,691.0,1681.0,721.0
1.0,4501.0,2308.0,2303.0,2411.0,2305.0,2305.0,1612.0,691.0,1618.0,690.0
1.0,4604.0,2274.0,2302.0,2305.0,2271.0,2271.0,1611.0,691.0,1591.0,683.0
1.0,4635.0,2283.0,2302.0,2271.0,2283.0,2283.0,1611.0,691.0,1597.0,686.0
1.0,4623.0,2369.0,2303.0,2283.0,2372.0,2372.0,1612.0,691.0,1659.0,710.0
1.0,4537.0,2364.0,2307.0,2372.0,2376.0,2376.0,1615.0,692.0,1655.0,709.0
1.0,4545.0,2341.0,2307.0,2376.0,2341.0,2341.0,1615.0,692.0,1637.0,704.0
1.0,4580.0,2390.0,2310.0,2341.0,2399.0,2399.0,1617.0,693.0,1674.0,716.0
1.0,4531.0,2359.0,2311.0,2399.0,2362.0,2362.0,1618.0,693.0,1650.0,709.0
1.0,4571.0,2278.0,2310.0,2362.0,2275.0,2275.0,1617.0,693.0,1596.0,682.0
1.0,4655.0,2293.0,2310.0,2275.0,2293.0,2293.0,1617.0,693.0,1605.0,688.0
1.0,4637.0,2330.0,2310.0,2293.0,2330.0,2330.0,1617.0,693.0,1631.0,699.0
1.0,4600.0,2351.0,2313.0,2330.0,2360.0,2360.0,1619.0,694.0,1646.0,705.0
1.0,4579.0,2408.0,2317.0,2360.0,2420.0,2420.0,1622.0,695.0,1685.0,723.0
1.0,4531.0,2305.0,2317.0,2420.0,2305.0,2305.0,1622.0,695.0,1613.0,692.0
1.0,4646.0,2337.0,2317.0,2305.0,2337.0,2337.0,1622.0,695.0,1636.0,701.0
1.0,4614.0,2264.0,2314.0,2337.0,2255.0,2255.0,1620.0,694.0,1583.0,681.0
1.0,4687.0,2197.0,2312.0,2255.0,2191.0,2191.0,1618.0,694.0,1539.0,658.0
1.0,4745.0,2376.0,2314.0,2191.0,2382.0,2382.0,1620.0,694.0,1662.0,714.0
1.0,4560.0,2375.0,2317.0,2382.0,2384.0,2384.0,1622.0,695.0,1664.0,711.0
1.0,4567.0,2389.0,2319.0,2384.0,2395.0,2395.0,1623.0,696.0,1671.0,718.0
1.0,4562.0,2350.0,2320.0,2395.0,2353.0,2353.0,1624.0,696.0,1646.0,704.0
1.0,4607.0,2330.0,2320.0,2353.0,2330.0,2330.0,1624.0,696.0,1631.0,699.0
1.0,4630.0,2286.0,2317.0,2330.0,2277.0,2277.0,1622.0,695.0,1599.0,687.0
1.0,4674.0,2254.0,2316.0,2277.0,2251.0,2251.0,1621.0,695.0,1578.0,676.0
1.0,4697.0,2363.0,2316.0,2251.0,2363.0,2363.0,1621.0,695.0,1655.0,708.0
1.0,4585.0,2353.0,2317.0,2363.0,2356.0,2356.0,1622.0,695.0,1646.0,707.0
1.0,4595.0,2397.0,2320.0,2356.0,2406.0,2406.0,1624.0,696.0,1679.0,718.0
1.0,4554.0,2338.0,2320.0,2406.0,2338.0,2338.0,1624.0,696.0,1635.0,703.0
1.0,4622.0,2304.0,2320.0,2338.0,2304.0,2304.0,1624.0,696.0,1614.0,690.0
1.0,4656.0,2280.0,2319.0,2304.0,2277.0,2277.0,1623.0,696.0,1595.0,685.0
1.0,4680.0,2297.0,2317.0,2277.0,2291.0,2291.0,1622.0,695.0,1608.0,689.0
1.0,4660.0,2323.0,2319.0,2291.0,2329.0,2329.0,1623.0,696.0,1627.0,696.0
1.0,4628.0,2406.0,2321.0,2329.0,2412.0,2412.0,1625.0,696.0,1683.0,723.0
1.0,4551.0,2412.0,2323.0,2412.0,2418.0,2418.0,1626.0,697.0,1688.0,724.0
1.0,4551.0,2435.0,2327.0,2418.0,2447.0,2447.0,1629.0,698.0,1706.0,729.0
1.0,4534.0,2279.0,2326.0,2447.0,2276.0,2276.0,1628.0,698.0,1595.0,684.0
1.0,4702.0,2271.0,2324.0,2276.0,2265.0,2265.0,1627.0,697.0,1589.0,682.0
1.0,4707.0,2287.0,2326.0,2265.0,2293.0,2293.0,1628.0,698.0,1602.0,685.0
1.0,4685.0,2309.0,2326.0,2293.0,2309.0,2309.0,1628.0,698.0,1616.0,693.0
1.0,4669.0,2405.0,2330.0,2309.0,2417.0,2417.0,1631.0,699.0,1683.0,722.0
1.0,4573.0,2419.0,2333.0,2417.0,2428.0,2428.0,1633.0,700.0,1693.0,726.0
1.0,4571.0,2373.0,2334.0,2428.0,2376.0,2376.0,1634.0,700.0,1660.0,713.0
1.0,4626.0,2317.0,2333.0,2376.0,2314.0,2314.0,1633.0,700.0,1623.0,694.0
1.0,4685.0,2261.0,2330.0,2314.0,2252.0,2252.0,1631.0,699.0,1582.0,679.0
1.0,4738.0,2319.0,2330.0,2252.0,2319.0,2319.0,1631.0,699.0,1623.0,696.0
1.0,4671.0,2272.0,2330.0,2319.0,2272.0,2272.0,1631.0,699.0,1590.0,682.0
1.0,4718.0,2422.0,2333.0,2272.0,2431.0,2431.0,1633.0,700.0,1697.0,725.0
1.0,4568.0,2433.0,2337.0,2431.0,2445.0,2445.0,1636.0,701.0,1703.0,730.0
1.0,4566.0,2396.0,2339.0,2445.0,2402.0,2402.0,1637.0,702.0,1676.0,720.0
1.0,4615.0,2362.0,2340.0,2402.0,2365.0,2365.0,1638.0,702.0,1654.0,708.0
1.0,4655.0,2221.0,2336.0,2365.0,2209.0,2209.0,1635.0,701.0,1555.0,666.0
1.0,4799.0,2284.0,2333.0,2209.0,2275.0,2275.0,1633.0,700.0,1597.0,687.0
1.0,4724.0,2353.0,2334.0,2275.0,2356.0,2356.0,1634.0,700.0,1648.0,705.0
1.0,4646.0,2375.0,2336.0,2356.0,2381.0,2381.0,1635.0,701.0,1663.0,712.0
1.0,4627.0,2425.0,2339.0,2381.0,2434.0,2434.0,1637.0,702.0,1697.0,728.0
1.0,4583.0,2391.0,2340.0,2434.0,2394.0,2394.0,1638.0,702.0,1674.0,717.0
1.0,4626.0,2300.0,2339.0,2394.0,2297.0,2297.0,1637.0,702.0,1609.0,691.0
1.0,4720.0,2257.0,2337.0,2297.0,2251.0,2251.0,1636.0,701.0,1579.0,678.0
1.0,4760.0,2296.0,2335.0,2251.0,2290.0,2290.0,1634.0,701.0,1608.0,688.0
1.0,4715.0,2373.0,2336.0,2290.0,2376.0,2376.0,1635.0,701.0,1662.0,711.0
1.0,4632.0,2478.0,2339.0,2376.0,2487.0,2487.0,1637.0,702.0,1734.0,744.0
1.0,4530.0,2416.0,2342.0,2487.0,2425.0,2425.0,1639.0,703.0,1691.0,725.0
1.0,4601.0,2352.0,2342.0,2425.0,2352.0,2352.0,1639.0,703.0,1646.0,706.0
1.0,4674.0,2274.0,2340.0,2352.0,2268.0,2268.0,1638.0,702.0,1591.0,683.0
1.0,4752.0,2334.0,2339.0,2268.0,2331.0,2331.0,1637.0,702.0,1635.0,699.0
1.0,4686.0,2293.0,2339.0,2331.0,2293.0,2293.0,1637.0,702.0,1605.0,688.0
1.0,4724.0,2390.0,2340.0,2293.0,2393.0,2393.0,1638.0,702.0,1672.0,718.0
1.0,4627.0,2395.0,2343.0,2393.0,2404.0,2404.0,1640.0,703.0,1677.0,718.0
1.0,4625.0,2442.0,2347.0,2404.0,2454.0,2454.0,1643.0,704.0,1708.0,734.0
1.0,4587.0,2394.0,2347.0,2454.0,2394.0,2394.0,1643.0,704.0,1677.0,717.0
1.0,4647.0,2301.0,2346.0,2394.0,2298.0,2298.0,1642.0,704.0,1612.0,689.0
1.0,4740.0,2251.0,2343.0,2298.0,2242.0,2242.0,1640.0,703.0,1574.0,677.0
1.0,4787.0,2283.0,2342.0,2242.0,2280.0,2280.0,1639.0,703.0,1599.0,684.0
1.0,4746.0,2350.0,2343.0,2280.0,2353.0,2353.0,1640.0,703.0,1646.0,704.0
1.0,4676.0,2373.0,2344.0,2353.0,2376.0,2376.0,1641.0,703.0,1660.0,713.0
1.0,4656.0,2419.0,2347.0,2376.0,2428.0,2428.0,1643.0,704.0,1693.0,726.0
1.0,4613.0,2438.0,2349.0,2428.0,2444.0,2444.0,1644.0,705.0,1707.0,731.0
1.0,4603.0,2369.0,2349.0,2444.0,2369.0,2369.0,1644.0,705.0,1658.0,711.0
1.0,4678.0,2256.0,2346.0,2369.0,2247.0,2247.0,1642.0,704.0,1579.0,677.0
1.0,4791.0,2363.0,2347.0,2247.0,2366.0,2366.0,1643.0,704.0,1653.0,710.0
1.0,4675.0,2395.0,2349.0,2366.0,2401.0,2401.0,1644.0,705.0,1677.0,718.0
1.0,4646.0,2459.0,2352.0,2401.0,2468.0,2468.0,1646.0,706.0,1721.0,738.0
1.0,4588.0,2489.0,2356.0,2468.0,2501.0,2501.0,1649.0,707.0,1742.0,747.0
1.0,4567.0,2390.0,2357.0,2501.0,2393.0,2393.0,1650.0,707.0,1674.0,716.0
1.0,4678.0,2356.0,2356.0,2393.0,2353.0,2353.0,1649.0,707.0,1649.0,707.0
1.0,4715.0,2303.0,2354.0,2353.0,2297.0,2297.0,1648.0,706.0,1610.0,693.0
1.0,4765.0,2326.0,2352.0,2297.0,2320.0,2320.0,1646.0,706.0,1629.0,697.0
1.0,4736.0,2372.0,2353.0,2320.0,2375.0,2375.0,1647.0,706.0,1659.0,713.0
1.0,4684.0,2432.0,2357.0,2375.0,2444.0,2444.0,1650.0,707.0,1702.0,730.0
1.0,4627.0,2419.0,2359.0,2444.0,2425.0,2425.0,1651.0,708.0,1695.0,724.0
1.0,4652.0,2427.0,2362.0,2425.0,2436.0,2436.0,1653.0,709.0,1698.0,729.0
1.0,4650.0,2343.0,2360.0,2436.0,2337.0,2337.0,1652.0,708.0,1640.0,703.0
1.0,4743.0,2349.0,2359.0,2337.0,2346.0,2346.0,1651.0,708.0,1645.0,704.0
1.0,4731.0,2364.0,2359.0,2346.0,2364.0,2364.0,1651.0,708.0,1655.0,709.0
1.0,4713.0,2344.0,2359.0,2364.0,2344.0,2344.0,1651.0,708.0,1641.0,703.0
1.0,4733.0,2374.0,2361.0,2344.0,2380.0,2380.0,1653.0,708.0,1661.0,713.0
1.0,4703.0,2380.0,2363.0,2380.0,2386.0,2386.0,1654.0,709.0,1666.0,714.0
1.0,4703.0,2448.0,2366.0,2386.0,2457.0,2457.0,1656.0,710.0,1714.0,734.0
1.0,4641.0,2344.0,2364.0,2457.0,2338.0,2338.0,1655.0,709.0,1640.0,704.0
1.0,4754.0,2400.0,2364.0,2338.0,2400.0,2400.0,1655.0,709.0,1679.0,721.0
1.0,4692.0,2326.0,2363.0,2400.0,2323.0,2323.0,1654.0,709.0,1630.0,696.0
1.0,4766.0,2389.0,2363.0,2323.0,2389.0,2389.0,1654.0,709.0,1670.0,719.0
1.0,4700.0,2393.0,2366.0,2389.0,2402.0,2402.0,1656.0,710.0,1677.0,716.0
1.0,4696.0,2508.0,2370.0,2402.0,2520.0,2520.0,1659.0,711.0,1754.0,754.0
1.0,4590.0,2393.0,2372.0,2520.0,2399.0,2399.0,1660.0,712.0,1675.0,718.0
1.0,4717.0,2386.0,2372.0,2399.0,2386.0,2386.0,1660.0,712.0,1671.0,715.0
1.0,4730.0,2317.0,2370.0,2386.0,2311.0,2311.0,1659.0,711.0,1622.0,695.0
1.0,4799.0,2345.0,2369.0,2311.0,2342.0,2342.0,1658.0,711.0,1641.0,704.0
1.0,4765.0,2393.0,2370.0,2342.0,2396.0,2396.0,1659.0,711.0,1674.0,719.0
1.0,4714.0,2521.0,2376.0,2396.0,2539.0,2539.0,1663.0,713.0,1765.0,756.0
1.0,4589.0,2485.0,2379.0,2539.0,2494.0,2494.0,1665.0,714.0,1740.0,745.0
1.0,4643.0,2407.0,2380.0,2494.0,2410.0,2410.0,1666.0,714.0,1685.0,722.0
1.0,4730.0,2383.0,2378.0,2410.0,2377.0,2377.0,1664.0,714.0,1667.0,716.0
1.0,4757.0,2327.0,2376.0,2377.0,2321.0,2321.0,1663.0,713.0,1630.0,697.0
1.0,4807.0,2406.0,2377.0,2321.0,2409.0,2409.0,1664.0,713.0,1683.0,723.0
1.0,4722.0,2402.0,2380.0,2409.0,2411.0,2411.0,1666.0,714.0,1682.0,720.0
1.0,4729.0,2439.0,2382.0,2411.0,2445.0,2445.0,1667.0,715.0,1706.0,733.0
1.0,4701.0,2508.0,2386.0,2445.0,2520.0,2520.0,1670.0,716.0,1756.0,752.0
1.0,4638.0,2407.0,2386.0,2520.0,2407.0,2407.0,1670.0,716.0,1685.0,722.0
1.0,4751.0,2321.0,2385.0,2407.0,2318.0,2318.0,1669.0,716.0,1625.0,696.0
1.0,4837.0,2255.0,2381.0,2318.0,2243.0,2243.0,1667.0,714.0,1578.0,677.0
1.0,4900.0,2307.0,2380.0,2243.0,2304.0,2304.0,1666.0,714.0,1616.0,691.0
1.0,4836.0,2362.0,2380.0,2304.0,2362.0,2362.0,1666.0,714.0,1652.0,710.0
1.0,4778.0,2477.0,2385.0,2362.0,2492.0,2492.0,1669.0,716.0,1734.0,743.0
1.0,4663.0,2489.0,2389.0,2492.0,2501.0,2501.0,1672.0,717.0,1742.0,747.0
1.0,4666.0,2395.0,2390.0,2501.0,2398.0,2398.0,1673.0,717.0,1677.0,718.0
1.0,4772.0,2323.0,2389.0,2398.0,2320.0,2320.0,1672.0,717.0,1625.0,698.0
1.0,4847.0,2339.0,2387.0,2320.0,2333.0,2333.0,1671.0,716.0,1636.0,703.0
1.0,4828.0,2387.0,2386.0,2333.0,2384.0,2384.0,1670.0,716.0,1673.0,714.0
1.0,4774.0,2333.0,2386.0,2384.0,2333.0,2333.0,1670.0,716.0,1632.0,701.0
1.0,4825.0,2461.0,2390.0,2333.0,2473.0,2473.0,1673.0,717.0,1723.0,738.0
1.0,4697.0,2439.0,2391.0,2473.0,2442.0,2442.0,1674.0,717.0,1706.0,733.0
1.0,4731.0,2454.0,2392.0,2442.0,2457.0,2457.0,1674.0,718.0,1719.0,735.0
1.0,4719.0,2393.0,2391.0,2457.0,2390.0,2390.0,1674.0,717.0,1674.0,719.0
1.0,4783.0,2302.0,2387.0,2390.0,2290.0,2290.0,1671.0,716.0,1612.0,690.0
1.0,4871.0,2314.0,2386.0,2290.0,2311.0,2311.0,1670.0,716.0,1621.0,693.0
1.0,4847.0,2385.0,2386.0,2311.0,2385.0,2385.0,1670.0,716.0,1667.0,718.0
1.0,4773.0,2477.0,2390.0,2385.0,2489.0,2489.0,1673.0,717.0,1736.0,741.0
1.0,4681.0,2504.0,2393.0,2489.0,2513.0,2513.0,1675.0,718.0,1753.0,751.0
1.0,4666.0,2490.0,2396.0,2513.0,2499.0,2499.0,1677.0,719.0,1742.0,748.0
1.0,4689.0,2420.0,2396.0,2499.0,2420.0,2420.0,1677.0,719.0,1694.0,726.0
1.0,4768.0,2334.0,2393.0,2420.0,2325.0,2325.0,1675.0,718.0,1633.0,701.0
1.0,4854.0,2390.0,2393.0,2325.0,2390.0,2390.0,1675.0,718.0,1675.0,715.0
1.0,4789.0,2443.0,2395.0,2390.0,2449.0,2449.0,1676.0,719.0,1709.0,734.0
1.0,4736.0,2491.0,2397.0,2449.0,2497.0,2497.0,1678.0,719.0,1743.0,748.0
1.0,4694.0,2434.0,2399.0,2497.0,2440.0,2440.0,1679.0,720.0,1705.0,729.0
1.0,4757.0,2470.0,2402.0,2440.0,2479.0,2479.0,1681.0,721.0,1728.0,742.0
1.0,4727.0,2353.0,2401.0,2479.0,2350.0,2350.0,1681.0,720.0,1647.0,706.0
1.0,4853.0,2366.0,2400.0,2350.0,2363.0,2363.0,1680.0,720.0,1656.0,710.0
1.0,4837.0,2360.0,2399.0,2363.0,2357.0,2357.0,1679.0,720.0,1653.0,707.0
1.0,4840.0,2413.0,2400.0,2357.0,2416.0,2416.0,1680.0,720.0,1688.0,725.0
1.0,4784.0,2442.0,2401.0,2416.0,2445.0,2445.0,1681.0,720.0,1709.0,733.0
1.0,4758.0,2482.0,2404.0,2445.0,2491.0,2491.0,1683.0,721.0,1737.0,745.0
1.0,4721.0,2466.0,2406.0,2491.0,2472.0,2472.0,1684.0,722.0,1727.0,739.0
1.0,4746.0,2369.0,2405.0,2472.0,2366.0,2366.0,1683.0,722.0,1658.0,711.0
1.0,4849.0,2321.0,2402.0,2366.0,2312.0,2312.0,1681.0,721.0,1625.0,696.0
1.0,4894.0,2376.0,2401.0,2312.0,2373.0,2373.0,1681.0,720.0,1663.0,713.0
1.0,4830.0,2512.0,2403.0,2373.0,2518.0,2518.0,1682.0,721.0,1757.0,755.0
1.0,4691.0,2476.0,2407.0,2518.0,2488.0,2488.0,1685.0,722.0,1735.0,741.0
1.0,4733.0,2485.0,2409.0,2488.0,2491.0,2491.0,1686.0,723.0,1739.0,746.0
1.0,4736.0,2463.0,2410.0,2491.0,2466.0,2466.0,1687.0,723.0,1723.0,740.0
1.0,4764.0,2439.0,2409.0,2466.0,2436.0,2436.0,1686.0,723.0,1708.0,731.0
1.0,4791.0,2311.0,2406.0,2436.0,2302.0,2302.0,1684.0,722.0,1618.0,693.0
1.0,4916.0,2412.0,2406.0,2302.0,2412.0,2412.0,1684.0,722.0,1688.0,724.0
1.0,4806.0,2379.0,2406.0,2412.0,2379.0,2379.0,1684.0,722.0,1665.0,714.0
1.0,4839.0,2493.0,2409.0,2379.0,2502.0,2502.0,1686.0,723.0,1745.0,748.0
1.0,4725.0,2475.0,2410.0,2502.0,2478.0,2478.0,1687.0,723.0,1731.0,744.0
1.0,4752.0,2439.0,2411.0,2478.0,2442.0,2442.0,1688.0,723.0,1707.0,732.0
1.0,4791.0,2440.0,2411.0,2442.0,2440.0,2440.0,1688.0,723.0,1708.0,732.0
1.0,4793.0,2327.0,2407.0,2440.0,2315.0,2315.0,1685.0,722.0,1629.0,698.0
1.0,4906.0,2379.0,2407.0,2315.0,2379.0,2379.0,1685.0,722.0,1665.0,714.0
1.0,4842.0,2468.0,2410.0,2379.0,2477.0,2477.0,1687.0,723.0,1727.0,741.0
1.0,4753.0,2485.0,2414.0,2477.0,2497.0,2497.0,1690.0,724.0,1740.0,745.0
1.0,4745.0,2512.0,2419.0,2497.0,2527.0,2527.0,1693.0,726.0,1758.0,754.0
1.0,4730.0,2558.0,2422.0,2527.0,2567.0,2567.0,1695.0,727.0,1791.0,767.0
1.0,4699.0,2388.0,2420.0,2567.0,2382.0,2382.0,1694.0,726.0,1671.0,717.0
1.0,4878.0,2340.0,2417.0,2382.0,2331.0,2331.0,1692.0,725.0,1638.0,702.0
1.0,4920.0,2367.0,2417.0,2331.0,2367.0,2367.0,1692.0,725.0,1657.0,710.0
1.0,4884.0,2399.0,2419.0,2367.0,2405.0,2405.0,1693.0,726.0,1680.0,719.0
1.0,4852.0,2483.0,2421.0,2405.0,2489.0,2489.0,1695.0,726.0,1737.0,746.0
1.0,4774.0,2479.0,2423.0,2489.0,2485.0,2485.0,1696.0,727.0,1736.0,743.0
1.0,4784.0,2480.0,2426.0,2485.0,2489.0,2489.0,1698.0,728.0,1736.0,744.0
1.0,4789.0,2434.0,2426.0,2489.0,2434.0,2434.0,1698.0,728.0,1704.0,730.0
1.0,4844.0,2271.0,2422.0,2434.0,2259.0,2259.0,1695.0,727.0,1590.0,681.0
1.0,5007.0,2363.0,2420.0,2259.0,2357.0,2357.0,1694.0,726.0,1653.0,710.0
1.0,4903.0,2443.0,2421.0,2357.0,2446.0,2446.0,1695.0,726.0,1711.0,732.0
1.0,4817.0,2489.0,2425.0,2446.0,2501.0,2501.0,1697.0,728.0,1742.0,747.0
1.0,4774.0,2465.0,2427.0,2501.0,2471.0,2471.0,1699.0,728.0,1725.0,740.0
1.0,4810.0,2476.0,2430.0,2471.0,2485.0,2485.0,1701.0,729.0,1734.0,742.0
1.0,4805.0,2404.0,2429.0,2485.0,2401.0,2401.0,1700.0,729.0,1682.0,722.0
1.0,4886.0,2401.0,2426.0,2401.0,2392.0,2392.0,1698.0,728.0,1682.0,719.0
1.0,4886.0,2396.0,2424.0,2392.0,2390.0,2390.0,1697.0,727.0,1676.0,720.0
1.0,4882.0,2444.0,2425.0,2390.0,2447.0,2447.0,1697.0,728.0,1711.0,733.0
1.0,4828.0,2498.0,2427.0,2447.0,2504.0,2504.0,1699.0,728.0,1748.0,750.0
1.0,4777.0,2552.0,2431.0,2504.0,2564.0,2564.0,1702.0,729.0,1786.0,766.0
1.0,4729.0,2524.0,2433.0,2564.0,2530.0,2530.0,1703.0,730.0,1768.0,756.0
1.0,4769.0,2470.0,2432.0,2530.0,2467.0,2467.0,1702.0,730.0,1729.0,741.0
1.0,4829.0,2386.0,2431.0,2467.0,2383.0,2383.0,1702.0,729.0,1669.0,717.0
1.0,4910.0,2426.0,2430.0,2383.0,2423.0,2423.0,1701.0,729.0,1698.0,728.0
1.0,4867.0,2426.0,2432.0,2423.0,2432.0,2432.0,1702.0,730.0,1699.0,727.0
1.0,4864.0,2483.0,2434.0,2432.0,2489.0,2489.0,1704.0,730.0,1737.0,746.0
1.0,4813.0,2539.0,2437.0,2489.0,2548.0,2548.0,1706.0,731.0,1778.0,761.0
1.0,4763.0,2513.0,2440.0,2548.0,2522.0,2522.0,1708.0,732.0,1760.0,753.0
1.0,4798.0,2462.0,2440.0,2522.0,2462.0,2462.0,1708.0,732.0,1723.0,739.0
1.0,4858.0,2350.0,2437.0,2462.0,2341.0,2341.0,1706.0,731.0,1644.0,706.0
1.0,4970.0,2344.0,2435.0,2341.0,2338.0,2338.0,1704.0,731.0,1641.0,703.0
1.0,4967.0,2504.0,2437.0,2338.0,2510.0,2510.0,1706.0,731.0,1752.0,752.0
1.0,4801.0,2520.0,2441.0,2510.0,2532.0,2532.0,1709.0,732.0,1764.0,756.0
1.0,4791.0,2522.0,2444.0,2532.0,2531.0,2531.0,1711.0,733.0,1765.0,757.0
1.0,4801.0,2401.0,2442.0,2531.0,2395.0,2395.0,1709.0,733.0,1682.0,719.0
1.0,4931.0,2413.0,2440.0,2395.0,2407.0,2407.0,1708.0,732.0,1688.0,725.0
1.0,4913.0,2360.0,2439.0,2407.0,2357.0,2357.0,1707.0,732.0,1653.0,707.0
1.0,4960.0,2441.0,2437.0,2357.0,2435.0,2435.0,1706.0,731.0,1708.0,733.0
1.0,4876.0,2490.0,2439.0,2435.0,2496.0,2496.0,1707.0,732.0,1744.0,746.0
1.0,4821.0,2571.0,2444.0,2496.0,2586.0,2586.0,1711.0,733.0,1798.0,773.0
1.0,4746.0,2542.0,2446.0,2586.0,2548.0,2548.0,1712.0,734.0,1781.0,761.0
1.0,4790.0,2499.0,2449.0,2548.0,2508.0,2508.0,1714.0,735.0,1748.0,751.0
1.0,4839.0,2515.0,2449.0,2508.0,2515.0,2515.0,1714.0,735.0,1761.0,754.0
1.0,4832.0,2333.0,2446.0,2515.0,2324.0,2324.0,1712.0,734.0,1633.0,700.0
1.0,5014.0,2419.0,2446.0,2324.0,2419.0,2419.0,1712.0,734.0,1693.0,726.0
1.0,4919.0,2518.0,2447.0,2419.0,2521.0,2521.0,1713.0,734.0,1761.0,757.0
1.0,4820.0,2500.0,2451.0,2521.0,2512.0,2512.0,1716.0,735.0,1750.0,750.0
1.0,4841.0,2573.0,2454.0,2512.0,2582.0,2582.0,1718.0,736.0,1801.0,772.0
1.0,4780.0,2580.0,2457.0,2582.0,2589.0,2589.0,1720.0,737.0,1808.0,772.0
1.0,4782.0,2430.0,2456.0,2589.0,2427.0,2427.0,1719.0,737.0,1700.0,730.0
1.0,4941.0,2416.0,2454.0,2427.0,2410.0,2410.0,1718.0,736.0,1690.0,726.0
1.0,4952.0,2385.0,2450.0,2410.0,2373.0,2373.0,1715.0,735.0,1670.0,715.0
1.0,4977.0,2436.0,2451.0,2373.0,2439.0,2439.0,1716.0,735.0,1706.0,730.0
1.0,4914.0,2560.0,2456.0,2439.0,2575.0,2575.0,1719.0,737.0,1792.0,768.0
1.0,4793.0,2547.0,2459.0,2575.0,2556.0,2556.0,1721.0,738.0,1783.0,764.0
1.0,4821.0,2439.0,2460.0,2556.0,2442.0,2442.0,1722.0,738.0,1707.0,732.0
1.0,4938.0,2442.0,2459.0,2442.0,2439.0,2439.0,1721.0,738.0,1709.0,733.0
1.0,4938.0,2414.0,2457.0,2439.0,2408.0,2408.0,1720.0,737.0,1689.0,725.0
1.0,4963.0,2462.0,2457.0,2408.0,2462.0,2462.0,1720.0,737.0,1723.0,739.0
1.0,4909.0,2519.0,2459.0,2462.0,2525.0,2525.0,1721.0,738.0,1764.0,755.0
1.0,4852.0,2613.0,2466.0,2525.0,2634.0,2634.0,1726.0,740.0,1828.0,785.0
1.0,4764.0,2564.0,2470.0,2634.0,2576.0,2576.0,1729.0,741.0,1795.0,769.0
1.0,4834.0,2423.0,2469.0,2576.0,2420.0,2420.0,1728.0,741.0,1695.0,728.0
1.0,4987.0,2439.0,2469.0,2420.0,2439.0,2439.0,1728.0,741.0,1707.0,732.0
1.0,4968.0,2416.0,2467.0,2439.0,2410.0,2410.0,1727.0,740.0,1690.0,726.0
1.0,4991.0,2421.0,2466.0,2410.0,2418.0,2418.0,1726.0,740.0,1697.0,724.0
1.0,4980.0,2536.0,2469.0,2418.0,2545.0,2545.0,1728.0,741.0,1774.0,762.0
1.0,4862.0,2589.0,2473.0,2545.0,2601.0,2601.0,1731.0,742.0,1813.0,776.0
1.0,4818.0,2585.0,2476.0,2601.0,2594.0,2594.0,1733.0,743.0,1809.0,776.0
1.0,4834.0,2506.0,2477.0,2594.0,2509.0,2509.0,1734.0,743.0,1755.0,751.0
1.0,4922.0,2491.0,2477.0,2509.0,2491.0,2491.0,1734.0,743.0,1744.0,747.0
1.0,4940.0,2444.0,2475.0,2491.0,2438.0,2438.0,1732.0,743.0,1710.0,734.0
1.0,4987.0,2372.0,2472.0,2438.0,2363.0,2363.0,1730.0,742.0,1661.0,711.0
1.0,5053.0,2536.0,2473.0,2363.0,2539.0,2539.0,1731.0,742.0,1776.0,760.0
1.0,4880.0,2555.0,2477.0,2539.0,2567.0,2567.0,1734.0,743.0,1788.0,767.0
1.0,4864.0,2543.0,2479.0,2567.0,2549.0,2549.0,1735.0,744.0,1779.0,764.0
1.0,4888.0,2510.0,2480.0,2549.0,2513.0,2513.0,1736.0,744.0,1758.0,752.0
1.0,4927.0,2482.0,2480.0,2513.0,2482.0,2482.0,1736.0,744.0,1737.0,745.0
1.0,4958.0,2420.0,2479.0,2482.0,2417.0,2417.0,1735.0,744.0,1693.0,727.0
1.0,5020.0,2419.0,2476.0,2417.0,2410.0,2410.0,1733.0,743.0,1694.0,725.0
1.0,5018.0,2447.0,2476.0,2410.0,2447.0,2447.0,1733.0,743.0,1713.0,734.0
1.0,4981.0,2648.0,2482.0,2447.0,2666.0,2666.0,1737.0,745.0,1852.0,796.0
1.0,4780.0,2539.0,2486.0,2666.0,2551.0,2551.0,1740.0,746.0,1778.0,761.0
1.0,4907.0,2566.0,2487.0,2551.0,2569.0,2569.0,1741.0,746.0,1797.0,769.0
1.0,4892.0,2453.0,2486.0,2569.0,2450.0,2450.0,1740.0,746.0,1716.0,737.0
1.0,5008.0,2413.0,2483.0,2450.0,2404.0,2404.0,1738.0,745.0,1690.0,723.0
1.0,5045.0,2469.0,2485.0,2404.0,2475.0,2475.0,1739.0,746.0,1726.0,743.0
1.0,4980.0,2556.0,2487.0,2475.0,2562.0,2562.0,1741.0,746.0,1789.0,767.0
1.0,4899.0,2500.0,2490.0,2562.0,2509.0,2509.0,1743.0,747.0,1752.0,748.0
1.0,4961.0,2510.0,2492.0,2509.0,2516.0,2516.0,1744.0,748.0,1756.0,754.0
1.0,4960.0,2524.0,2492.0,2516.0,2524.0,2524.0,1744.0,748.0,1767.0,757.0
1.0,4952.0,2455.0,2490.0,2524.0,2449.0,2449.0,1743.0,747.0,1720.0,735.0
1.0,5021.0,2453.0,2489.0,2449.0,2450.0,2450.0,1742.0,747.0,1716.0,737.0
1.0,5017.0,2415.0,2487.0,2450.0,2409.0,2409.0,1741.0,746.0,1692.0,723.0
1.0,5052.0,2468.0,2486.0,2409.0,2465.0,2465.0,1740.0,746.0,1727.0,741.0
1.0,4993.0,2556.0,2490.0,2465.0,2568.0,2568.0,1743.0,747.0,1790.0,766.0
1.0,4902.0,2553.0,2493.0,2568.0,2562.0,2562.0,1745.0,748.0,1787.0,766.0
1.0,4917.0,2563.0,2493.0,2562.0,2563.0,2563.0,1745.0,748.0,1795.0,768.0
1.0,4916.0,2438.0,2492.0,2563.0,2435.0,2435.0,1744.0,748.0,1706.0,732.0
1.0,5041.0,2370.0,2489.0,2435.0,2361.0,2361.0,1742.0,747.0,1658.0,712.0
1.0,5106.0,2474.0,2486.0,2361.0,2465.0,2465.0,1740.0,746.0,1733.0,741.0
1.0,4993.0,2462.0,2487.0,2465.0,2465.0,2465.0,1741.0,746.0,1721.0,741.0
1.0,4996.0,2520.0,2489.0,2465.0,2526.0,2526.0,1742.0,747.0,1766.0,754.0
1.0,4941.0,2551.0,2492.0,2526.0,2560.0,2560.0,1744.0,748.0,1785.0,766.0
1.0,4916.0,2446.0,2492.0,2560.0,2446.0,2446.0,1744.0,748.0,1712.0,734.0
1.0,5030.0,2487.0,2491.0,2446.0,2484.0,2484.0,1744.0,747.0,1740.0,747.0
1.0,4989.0,2434.0,2489.0,2484.0,2428.0,2428.0,1742.0,747.0,1705.0,729.0
1.0,5039.0,2420.0,2489.0,2428.0,2420.0,2420.0,1742.0,747.0,1694.0,726.0
1.0,5047.0,2479.0,2489.0,2420.0,2479.0,2479.0,1742.0,747.0,1735.0,744.0
1.0,4988.0,2539.0,2491.0,2479.0,2545.0,2545.0,1744.0,747.0,1777.0,762.0
1.0,4928.0,2549.0,2493.0,2545.0,2555.0,2555.0,1745.0,748.0,1785.0,764.0
1.0,4924.0,2527.0,2493.0,2555.0,2527.0,2527.0,1745.0,748.0,1769.0,758.0
1.0,4952.0,2455.0,2490.0,2527.0,2446.0,2446.0,1743.0,747.0,1717.0,738.0
1.0,5024.0,2464.0,2488.0,2446.0,2458.0,2458.0,1742.0,746.0,1726.0,738.0
1.0,5006.0,2383.0,2487.0,2458.0,2380.0,2380.0,1741.0,746.0,1667.0,716.0
1.0,5081.0,2504.0,2489.0,2380.0,2510.0,2510.0,1742.0,747.0,1754.0,750.0
1.0,4957.0,2566.0,2491.0,2510.0,2572.0,2572.0,1744.0,747.0,1796.0,770.0
1.0,4901.0,2617.0,2496.0,2572.0,2632.0,2632.0,1747.0,749.0,1832.0,785.0
1.0,4856.0,2556.0,2496.0,2632.0,2556.0,2556.0,1747.0,749.0,1789.0,767.0
1.0,4932.0,2503.0,2494.0,2556.0,2497.0,2497.0,1746.0,748.0,1751.0,752.0
1.0,4985.0,2420.0,2491.0,2497.0,2411.0,2411.0,1744.0,747.0,1694.0,726.0
1.0,5062.0,2520.0,2491.0,2411.0,2520.0,2520.0,1744.0,747.0,1764.0,756.0
1.0,4953.0,2520.0,2492.0,2520.0,2523.0,2523.0,1744.0,748.0,1765.0,755.0
1.0,4953.0,2539.0,2494.0,2523.0,2545.0,2545.0,1746.0,748.0,1776.0,763.0
1.0,4937.0,2590.0,2497.0,2545.0,2599.0,2599.0,1748.0,749.0,1813.0,777.0
1.0,4892.0,2579.0,2499.0,2599.0,2585.0,2585.0,1749.0,750.0,1806.0,773.0
1.0,4912.0,2483.0,2497.0,2585.0,2477.0,2477.0,1748.0,749.0,1737.0,746.0
1.0,5014.0,2438.0,2496.0,2477.0,2435.0,2435.0,1747.0,749.0,1708.0,730.0
1.0,5053.0,2460.0,2494.0,2435.0,2454.0,2454.0,1746.0,748.0,1721.0,739.0
1.0,5028.0,2466.0,2494.0,2454.0,2466.0,2466.0,1746.0,748.0,1726.0,740.0
1.0,5016.0,2589.0,2497.0,2466.0,2598.0,2598.0,1748.0,749.0,1812.0,777.0
1.0,4893.0,2602.0,2500.0,2598.0,2611.0,2611.0,1750.0,750.0,1821.0,781.0
1.0,4889.0,2599.0,2503.0,2611.0,2608.0,2608.0,1752.0,751.0,1819.0,780.0
1.0,4901.0,2414.0,2499.0,2608.0,2402.0,2402.0,1749.0,750.0,1692.0,722.0
1.0,5095.0,2413.0,2497.0,2402.0,2407.0,2407.0,1748.0,749.0,1687.0,726.0
1.0,5084.0,2537.0,2496.0,2407.0,2534.0,2534.0,1747.0,749.0,1776.0,761.0
1.0,4954.0,2527.0,2497.0,2534.0,2530.0,2530.0,1748.0,749.0,1770.0,757.0
1.0,4961.0,2582.0,2501.0,2530.0,2594.0,2594.0,1751.0,750.0,1807.0,775.0
1.0,4909.0,2613.0,2504.0,2594.0,2622.0,2622.0,1753.0,751.0,1829.0,784.0
1.0,4890.0,2619.0,2504.0,2622.0,2619.0,2619.0,1753.0,751.0,1834.0,785.0
1.0,4893.0,2479.0,2504.0,2619.0,2479.0,2479.0,1753.0,751.0,1734.0,745.0
1.0,5033.0,2466.0,2503.0,2479.0,2463.0,2463.0,1752.0,751.0,1726.0,740.0
1.0,5046.0,2434.0,2502.0,2463.0,2431.0,2431.0,1751.0,751.0,1705.0,729.0
1.0,5075.0,2540.0,2503.0,2431.0,2543.0,2543.0,1752.0,751.0,1777.0,763.0
1.0,4966.0,2550.0,2506.0,2543.0,2559.0,2559.0,1754.0,752.0,1786.0,764.0
1.0,4959.0,2566.0,2509.0,2559.0,2575.0,2575.0,1756.0,753.0,1796.0,770.0
1.0,4952.0,2563.0,2510.0,2575.0,2566.0,2566.0,1757.0,753.0,1793.0,770.0
1.0,4964.0,2531.0,2510.0,2566.0,2531.0,2531.0,1757.0,753.0,1772.0,759.0
1.0,4999.0,2432.0,2507.0,2531.0,2423.0,2423.0,1755.0,752.0,1703.0,729.0
1.0,5098.0,2450.0,2506.0,2423.0,2447.0,2447.0,1754.0,752.0,1716.0,734.0
1.0,5071.0,2493.0,2506.0,2447.0,2493.0,2493.0,1754.0,752.0,1744.0,749.0
1.0,5025.0,2550.0,2510.0,2493.0,2562.0,2562.0,1757.0,753.0,1785.0,765.0
1.0,4968.0,2599.0,2512.0,2562.0,2605.0,2605.0,1758.0,754.0,1820.0,779.0
1.0,4931.0,2618.0,2515.0,2605.0,2627.0,2627.0,1760.0,755.0,1832.0,786.0
1.0,4918.0,2545.0,2516.0,2627.0,2548.0,2548.0,1761.0,755.0,1782.0,763.0
1.0,5000.0,2470.0,2514.0,2548.0,2464.0,2464.0,1760.0,754.0,1728.0,742.0
1.0,5078.0,2463.0,2514.0,2464.0,2463.0,2463.0,1760.0,754.0,1724.0,739.0
1.0,5079.0,2552.0,2516.0,2463.0,2558.0,2558.0,1761.0,755.0,1787.0,765.0
1.0,4990.0,2639.0,2520.0,2558.0,2651.0,2651.0,1764.0,756.0,1847.0,792.0
1.0,4909.0,2529.0,2522.0,2651.0,2535.0,2535.0,1765.0,757.0,1770.0,759.0
1.0,5031.0,2592.0,2524.0,2535.0,2598.0,2598.0,1767.0,757.0,1813.0,779.0
1.0,4974.0,2499.0,2523.0,2598.0,2496.0,2496.0,1766.0,757.0,1751.0,748.0
1.0,5073.0,2441.0,2521.0,2496.0,2435.0,2435.0,1765.0,756.0,1707.0,734.0
1.0,5128.0,2490.0,2520.0,2435.0,2487.0,2487.0,1764.0,756.0,1743.0,747.0
1.0,5073.0,2570.0,2523.0,2487.0,2579.0,2579.0,1766.0,757.0,1800.0,770.0
1.0,4990.0,2575.0,2524.0,2579.0,2578.0,2578.0,1767.0,757.0,1802.0,773.0
1.0,4994.0,2655.0,2530.0,2578.0,2673.0,2673.0,1771.0,759.0,1859.0,796.0
1.0,4917.0,2632.0,2532.0,2673.0,2638.0,2638.0,1772.0,760.0,1842.0,790.0
1.0,4958.0,2494.0,2531.0,2638.0,2491.0,2491.0,1772.0,759.0,1745.0,749.0
1.0,5102.0,2495.0,2529.0,2491.0,2489.0,2489.0,1770.0,759.0,1748.0,747.0
1.0,5098.0,2497.0,2527.0,2489.0,2491.0,2491.0,1769.0,758.0,1747.0,750.0
1.0,5090.0,2497.0,2527.0,2491.0,2497.0,2497.0,1769.0,758.0,1748.0,749.0
1.0,5084.0,2611.0,2531.0,2497.0,2623.0,2623.0,1772.0,759.0,1827.0,784.0
1.0,4970.0,2643.0,2533.0,2623.0,2649.0,2649.0,1773.0,760.0,1852.0,791.0
1.0,4950.0,2555.0,2534.0,2649.0,2558.0,2558.0,1774.0,760.0,1786.0,769.0
1.0,5044.0,2431.0,2532.0,2558.0,2425.0,2425.0,1772.0,760.0,1703.0,728.0
1.0,5171.0,2548.0,2531.0,2425.0,2545.0,2545.0,1772.0,759.0,1783.0,765.0
1.0,5048.0,2480.0,2529.0,2545.0,2474.0,2474.0,1770.0,759.0,1737.0,743.0
1.0,5113.0,2572.0,2531.0,2474.0,2578.0,2578.0,1772.0,759.0,1799.0,773.0
1.0,5015.0,2610.0,2534.0,2578.0,2619.0,2619.0,1774.0,760.0,1827.0,783.0
1.0,4983.0,2645.0,2537.0,2619.0,2654.0,2654.0,1776.0,761.0,1852.0,793.0
1.0,4957.0,2592.0,2540.0,2654.0,2601.0,2601.0,1778.0,762.0,1815.0,777.0
1.0,5019.0,2542.0,2539.0,2601.0,2539.0,2539.0,1777.0,762.0,1779.0,763.0
1.0,5078.0,2435.0,2536.0,2539.0,2426.0,2426.0,1775.0,761.0,1705.0,730.0
1.0,5182.0,2523.0,2534.0,2426.0,2517.0,2517.0,1774.0,760.0,1765.0,758.0
1.0,5085.0,2507.0,2536.0,2517.0,2513.0,2513.0,1775.0,761.0,1756.0,751.0
1.0,5095.0,2652.0,2541.0,2513.0,2667.0,2667.0,1779.0,762.0,1855.0,797.0
1.0,4956.0,2614.0,2543.0,2667.0,2620.0,2620.0,1780.0,763.0,1831.0,783.0
1.0,5009.0,2564.0,2543.0,2620.0,2564.0,2564.0,1780.0,763.0,1795.0,769.0
1.0,5065.0,2515.0,2542.0,2564.0,2512.0,2512.0,1779.0,763.0,1760.0,755.0
1.0,5114.0,2520.0,2540.0,2512.0,2514.0,2514.0,1778.0,762.0,1765.0,755.0
1.0,5106.0,2504.0,2537.0,2514.0,2495.0,2495.0,1776.0,761.0,1751.0,753.0
1.0,5116.0,2609.0,2540.0,2495.0,2618.0,2618.0,1778.0,762.0,1826.0,783.0
1.0,5002.0,2684.0,2544.0,2618.0,2696.0,2696.0,1781.0,763.0,1879.0,805.0
1.0,4936.0,2567.0,2547.0,2696.0,2576.0,2576.0,1783.0,764.0,1798.0,769.0
1.0,5065.0,2577.0,2547.0,2576.0,2577.0,2577.0,1783.0,764.0,1803.0,774.0
1.0,5064.0,2493.0,2547.0,2577.0,2493.0,2493.0,1783.0,764.0,1746.0,747.0
1.0,5148.0,2473.0,2545.0,2493.0,2467.0,2467.0,1781.0,764.0,1730.0,743.0
1.0,5168.0,2506.0,2544.0,2467.0,2503.0,2503.0,1781.0,763.0,1753.0,753.0
1.0,5129.0,2543.0,2544.0,2503.0,2543.0,2543.0,1781.0,763.0,1780.0,763.0
1.0,5089.0,2636.0,2548.0,2543.0,2648.0,2648.0,1784.0,764.0,1846.0,790.0
1.0,4996.0,2608.0,2551.0,2648.0,2617.0,2617.0,1786.0,765.0,1825.0,783.0
1.0,5036.0,2603.0,2553.0,2617.0,2609.0,2609.0,1787.0,766.0,1823.0,780.0
1.0,5050.0,2543.0,2553.0,2609.0,2543.0,2543.0,1787.0,766.0,1780.0,763.0
1.0,5116.0,2441.0,2550.0,2543.0,2432.0,2432.0,1785.0,765.0,1709.0,732.0
1.0,5218.0,2528.0,2549.0,2432.0,2525.0,2525.0,1784.0,765.0,1769.0,759.0
1.0,5122.0,2613.0,2550.0,2525.0,2616.0,2616.0,1785.0,765.0,1830.0,783.0
1.0,5034.0,2653.0,2553.0,2616.0,2662.0,2662.0,1787.0,766.0,1858.0,795.0
1.0,4997.0,2668.0,2557.0,2662.0,2680.0,2680.0,1790.0,767.0,1867.0,801.0
1.0,4991.0,2583.0,2557.0,2680.0,2583.0,2583.0,1790.0,767.0,1807.0,776.0
1.0,5088.0,2531.0,2556.0,2583.0,2528.0,2528.0,1789.0,767.0,1772.0,759.0
1.0,5140.0,2502.0,2555.0,2528.0,2499.0,2499.0,1788.0,767.0,1751.0,751.0
1.0,5166.0,2522.0,2554.0,2499.0,2519.0,2519.0,1788.0,766.0,1764.0,758.0
1.0,5143.0,2563.0,2555.0,2519.0,2566.0,2566.0,1788.0,767.0,1795.0,768.0
1.0,5099.0,2606.0,2558.0,2566.0,2615.0,2615.0,1791.0,767.0,1824.0,782.0
1.0,5059.0,2671.0,2562.0,2615.0,2683.0,2683.0,1793.0,769.0,1869.0,802.0
1.0,5003.0,2594.0,2562.0,2683.0,2594.0,2594.0,1793.0,769.0,1817.0,777.0
1.0,5092.0,2561.0,2562.0,2594.0,2561.0,2561.0,1793.0,769.0,1793.0,768.0
1.0,5125.0,2522.0,2559.0,2561.0,2513.0,2513.0,1791.0,768.0,1766.0,756.0
1.0,5164.0,2503.0,2557.0,2513.0,2497.0,2497.0,1790.0,767.0,1751.0,752.0
1.0,5174.0,2609.0,2559.0,2497.0,2615.0,2615.0,1791.0,768.0,1827.0,782.0
1.0,5062.0,2663.0,2562.0,2615.0,2672.0,2672.0,1793.0,769.0,1864.0,799.0
1.0,5014.0,2663.0,2566.0,2672.0,2675.0,2675.0,1796.0,770.0,1864.0,799.0
1.0,5023.0,2634.0,2568.0,2675.0,2640.0,2640.0,1798.0,770.0,1843.0,791.0
1.0,5064.0,2534.0,2567.0,2640.0,2531.0,2531.0,1797.0,770.0,1775.0,759.0
1.0,5170.0,2547.0,2564.0,2531.0,2538.0,2538.0,1795.0,769.0,1782.0,765.0
1.0,5154.0,2510.0,2564.0,2538.0,2510.0,2510.0,1795.0,769.0,1756.0,754.0
1.0,5182.0,2536.0,2566.0,2510.0,2542.0,2542.0,1796.0,770.0,1777.0,759.0
1.0,5156.0,2637.0,2567.0,2542.0,2640.0,2640.0,1797.0,770.0,1845.0,792.0
1.0,5061.0,2659.0,2571.0,2640.0,2671.0,2671.0,1800.0,771.0,1861.0,798.0
1.0,5042.0,2620.0,2572.0,2671.0,2623.0,2623.0,1800.0,772.0,1835.0,785.0
1.0,5093.0,2607.0,2572.0,2623.0,2607.0,2607.0,1800.0,772.0,1825.0,782.0
1.0,5109.0,2461.0,2568.0,2607.0,2449.0,2449.0,1798.0,770.0,1723.0,738.0
1.0,5255.0,2593.0,2569.0,2449.0,2596.0,2596.0,1798.0,771.0,1815.0,778.0
1.0,5111.0,2590.0,2569.0,2596.0,2590.0,2590.0,1798.0,771.0,1813.0,777.0
1.0,5117.0,2643.0,2573.0,2590.0,2655.0,2655.0,1801.0,772.0,1851.0,792.0
1.0,5064.0,2636.0,2576.0,2655.0,2645.0,2645.0,1803.0,773.0,1844.0,792.0
1.0,5083.0,2628.0,2577.0,2645.0,2631.0,2631.0,1804.0,773.0,1839.0,789.0
1.0,5100.0,2508.0,2574.0,2631.0,2499.0,2499.0,1802.0,772.0,1756.0,752.0
1.0,5223.0,2543.0,2573.0,2499.0,2540.0,2540.0,1801.0,772.0,1779.0,764.0
1.0,5179.0,2555.0,2573.0,2540.0,2555.0,2555.0,1801.0,772.0,1788.0,767.0
1.0,5164.0,2547.0,2574.0,2555.0,2550.0,2550.0,1802.0,772.0,1783.0,764.0
1.0,5172.0,2657.0,2577.0,2550.0,2666.0,2666.0,1804.0,773.0,1862.0,795.0
1.0,5065.0,2659.0,2580.0,2666.0,2668.0,2668.0,1806.0,774.0,1861.0,798.0
1.0,5072.0,2630.0,2580.0,2668.0,2630.0,2630.0,1806.0,774.0,1841.0,789.0
1.0,5110.0,2543.0,2577.0,2630.0,2534.0,2534.0,1804.0,773.0,1779.0,764.0
1.0,5197.0,2557.0,2577.0,2534.0,2557.0,2557.0,1804.0,773.0,1790.0,767.0
1.0,5174.0,2587.0,2577.0,2557.0,2587.0,2587.0,1804.0,773.0,1811.0,776.0
1.0,5144.0,2585.0,2579.0,2587.0,2591.0,2591.0,1805.0,774.0,1810.0,775.0
1.0,5146.0,2693.0,2583.0,2591.0,2705.0,2705.0,1808.0,775.0,1886.0,807.0
1.0,5044.0,2693.0,2587.0,2705.0,2705.0,2705.0,1811.0,776.0,1885.0,808.0
1.0,5056.0,2642.0,2589.0,2705.0,2648.0,2648.0,1812.0,777.0,1848.0,794.0
1.0,5119.0,2600.0,2588.0,2648.0,2597.0,2597.0,1812.0,776.0,1820.0,780.0
1.0,5167.0,2511.0,2586.0,2597.0,2505.0,2505.0,1810.0,776.0,1759.0,752.0
1.0,5253.0,2537.0,2586.0,2505.0,2537.0,2537.0,1810.0,776.0,1775.0,762.0
1.0,5221.0,2560.0,2586.0,2537.0,2560.0,2560.0,1810.0,776.0,1792.0,768.0
1.0,5198.0,2675.0,2590.0,2560.0,2687.0,2687.0,1813.0,777.0,1873.0,802.0
1.0,5083.0,2675.0,2593.0,2687.0,2684.0,2684.0,1815.0,778.0,1872.0,803.0
1.0,5095.0,2668.0,2594.0,2684.0,2671.0,2671.0,1816.0,778.0,1868.0,800.0
1.0,5111.0,2510.0,2591.0,2671.0,2501.0,2501.0,1814.0,777.0,1755.0,755.0
1.0,5272.0,2520.0,2588.0,2501.0,2511.0,2511.0,1812.0,776.0,1764.0,756.0
1.0,5253.0,2461.0,2586.0,2511.0,2455.0,2455.0,1810.0,776.0,1724.0,737.0
1.0,5303.0,2605.0,2587.0,2455.0,2608.0,2608.0,1811.0,776.0,1822.0,783.0
1.0,5153.0,2675.0,2590.0,2608.0,2684.0,2684.0,1813.0,777.0,1872.0,803.0
1.0,5086.0,2659.0,2593.0,2684.0,2668.0,2668.0,1815.0,778.0,1863.0,796.0
1.0,5111.0,2756.0,2597.0,2668.0,2768.0,2768.0,1818.0,779.0,1929.0,827.0
1.0,5023.0,2603.0,2597.0,2768.0,2603.0,2603.0,1818.0,779.0,1822.0,781.0
1.0,5188.0,2491.0,2593.0,2603.0,2479.0,2479.0,1815.0,778.0,1744.0,747.0
1.0,5300.0,2517.0,2592.0,2479.0,2514.0,2514.0,1814.0,778.0,1761.0,756.0
1.0,5262.0,2618.0,2593.0,2514.0,2621.0,2621.0,1815.0,778.0,1833.0,785.0
1.0,5158.0,2683.0,2596.0,2621.0,2692.0,2692.0,1817.0,779.0,1878.0,805.0
1.0,5096.0,2682.0,2600.0,2692.0,2694.0,2694.0,1820.0,780.0,1877.0,805.0
1.0,5106.0,2693.0,2601.0,2694.0,2696.0,2696.0,1821.0,780.0,1884.0,809.0
1.0,5107.0,2540.0,2599.0,2696.0,2534.0,2534.0,1819.0,780.0,1779.0,761.0
1.0,5263.0,2504.0,2596.0,2534.0,2495.0,2495.0,1817.0,779.0,1753.0,751.0
1.0,5293.0,2589.0,2594.0,2495.0,2583.0,2583.0,1816.0,778.0,1811.0,778.0
1.0,5199.0,2645.0,2597.0,2583.0,2654.0,2654.0,1818.0,779.0,1851.0,794.0
1.0,5137.0,2670.0,2600.0,2654.0,2679.0,2679.0,1820.0,780.0,1870.0,800.0
1.0,5121.0,2669.0,2603.0,2679.0,2678.0,2678.0,1822.0,781.0,1868.0,801.0
1.0,5131.0,2646.0,2604.0,2678.0,2649.0,2649.0,1823.0,781.0,1852.0,794.0
1.0,5163.0,2555.0,2603.0,2649.0,2552.0,2552.0,1822.0,781.0,1790.0,765.0
1.0,5257.0,2577.0,2601.0,2552.0,2571.0,2571.0,1821.0,780.0,1803.0,774.0
1.0,5232.0,2584.0,2600.0,2571.0,2581.0,2581.0,1820.0,780.0,1808.0,776.0
1.0,5219.0,2602.0,2600.0,2581.0,2602.0,2602.0,1820.0,780.0,1821.0,781.0
1.0,5198.0,2664.0,2604.0,2602.0,2676.0,2676.0,1823.0,781.0,1865.0,799.0
1.0,5136.0,2709.0,2607.0,2676.0,2718.0,2718.0,1825.0,782.0,1897.0,812.0
1.0,5103.0,2610.0,2607.0,2718.0,2610.0,2610.0,1825.0,782.0,1825.0,785.0
1.0,5211.0,2600.0,2606.0,2610.0,2597.0,2597.0,1824.0,782.0,1822.0,778.0
1.0,5221.0,2533.0,2604.0,2597.0,2527.0,2527.0,1823.0,781.0,1772.0,761.0
1.0,5285.0,2587.0,2603.0,2527.0,2584.0,2584.0,1822.0,781.0,1810.0,777.0
1.0,5225.0,2627.0,2606.0,2584.0,2636.0,2636.0,1824.0,782.0,1841.0,786.0
1.0,5182.0,2642.0,2607.0,2636.0,2645.0,2645.0,1825.0,782.0,1848.0,794.0
1.0,5176.0,2702.0,2610.0,2645.0,2711.0,2711.0,1827.0,783.0,1891.0,811.0
1.0,5119.0,2639.0,2613.0,2711.0,2648.0,2648.0,1829.0,784.0,1848.0,791.0
1.0,5191.0,2660.0,2613.0,2648.0,2660.0,2660.0,1829.0,784.0,1862.0,798.0
1.0,5179.0,2586.0,2611.0,2660.0,2580.0,2580.0,1828.0,783.0,1809.0,777.0
1.0,5253.0,2579.0,2610.0,2580.0,2576.0,2576.0,1827.0,783.0,1805.0,774.0
1.0,5254.0,2669.0,2613.0,2576.0,2678.0,2678.0,1829.0,784.0,1869.0,800.0
1.0,5161.0,2701.0,2616.0,2678.0,2710.0,2710.0,1831.0,785.0,1890.0,811.0
1.0,5138.0,2718.0,2617.0,2710.0,2721.0,2721.0,1832.0,785.0,1902.0,816.0
1.0,5130.0,2735.0,2620.0,2721.0,2744.0,2744.0,1834.0,786.0,1914.0,821.0
1.0,5116.0,2640.0,2620.0,2744.0,2640.0,2640.0,1834.0,786.0,1849.0,791.0
1.0,5220.0,2551.0,2617.0,2640.0,2542.0,2542.0,1832.0,785.0,1784.0,767.0
1.0,5309.0,2560.0,2616.0,2542.0,2557.0,2557.0,1831.0,785.0,1793.0,767.0
1.0,5291.0,2640.0,2616.0,2557.0,2640.0,2640.0,1831.0,785.0,1849.0,791.0
1.0,5208.0,2688.0,2619.0,2640.0,2697.0,2697.0,1833.0,786.0,1881.0,807.0
1.0,5160.0,2680.0,2622.0,2697.0,2689.0,2689.0,1835.0,787.0,1876.0,804.0
1.0,5177.0,2692.0,2625.0,2689.0,2701.0,2701.0,1837.0,788.0,1884.0,808.0
1.0,5174.0,2598.0,2623.0,2701.0,2592.0,2592.0,1836.0,787.0,1820.0,778.0
1.0,5277.0,2559.0,2621.0,2592.0,2553.0,2553.0,1835.0,786.0,1789.0,770.0
1.0,5310.0,2623.0,2620.0,2553.0,2620.0,2620.0,1834.0,786.0,1836.0,787.0
1.0,5240.0,2629.0,2623.0,2620.0,2638.0,2638.0,1836.0,787.0,1841.0,788.0
1.0,5231.0,2711.0,2626.0,2638.0,2720.0,2720.0,1838.0,788.0,1898.0,813.0
1.0,5158.0,2736.0,2632.0,2720.0,2754.0,2754.0,1842.0,790.0,1914.0,822.0
1.0,5142.0,2672.0,2633.0,2754.0,2675.0,2675.0,1843.0,790.0,1871.0,801.0
1.0,5224.0,2559.0,2630.0,2675.0,2550.0,2550.0,1841.0,789.0,1790.0,769.0
1.0,5340.0,2544.0,2629.0,2550.0,2541.0,2541.0,1840.0,789.0,1781.0,763.0
1.0,5346.0,2572.0,2625.0,2541.0,2560.0,2560.0,1837.0,788.0,1801.0,771.0
1.0,5315.0,2713.0,2627.0,2560.0,2719.0,2719.0,1839.0,788.0,1898.0,815.0
1.0,5162.0,2688.0,2630.0,2719.0,2697.0,2697.0,1841.0,789.0,1882.0,806.0
1.0,5193.0,2748.0,2635.0,2697.0,2763.0,2763.0,1844.0,791.0,1924.0,824.0
1.0,5142.0,2707.0,2637.0,2763.0,2713.0,2713.0,1846.0,791.0,1896.0,811.0
1.0,5198.0,2673.0,2636.0,2713.0,2670.0,2670.0,1845.0,791.0,1871.0,802.0
1.0,5238.0,2564.0,2634.0,2670.0,2558.0,2558.0,1844.0,790.0,1793.0,771.0
1.0,5344.0,2561.0,2632.0,2558.0,2555.0,2555.0,1842.0,790.0,1794.0,767.0
1.0,5341.0,2665.0,2634.0,2555.0,2671.0,2671.0,1844.0,790.0,1864.0,801.0
1.0,5231.0,2711.0,2639.0,2671.0,2726.0,2726.0,1847.0,792.0,1898.0,813.0
1.0,5191.0,2785.0,2642.0,2726.0,2794.0,2794.0,1849.0,793.0,1949.0,836.0
1.0,5132.0,2715.0,2643.0,2794.0,2718.0,2718.0,1850.0,793.0,1901.0,814.0
1.0,5211.0,2617.0,2642.0,2718.0,2614.0,2614.0,1849.0,793.0,1832.0,785.0
1.0,5312.0,2657.0,2642.0,2614.0,2657.0,2657.0,1849.0,793.0,1860.0,797.0
1.0,5269.0,2543.0,2640.0,2657.0,2537.0,2537.0,1848.0,792.0,1778.0,765.0
1.0,5383.0,2624.0,2642.0,2537.0,2630.0,2630.0,1849.0,793.0,1838.0,786.0
1.0,5296.0,2662.0,2643.0,2630.0,2665.0,2665.0,1850.0,793.0,1864.0,798.0
1.0,5264.0,2731.0,2646.0,2665.0,2740.0,2740.0,1852.0,794.0,1911.0,820.0
1.0,5198.0,2649.0,2647.0,2740.0,2652.0,2652.0,1853.0,794.0,1855.0,794.0
1.0,5289.0,2677.0,2647.0,2652.0,2677.0,2677.0,1853.0,794.0,1874.0,803.0
1.0,5264.0,2631.0,2646.0,2677.0,2628.0,2628.0,1852.0,794.0,1841.0,790.0
1.0,5310.0,2612.0,2646.0,2628.0,2612.0,2612.0,1852.0,794.0,1828.0,784.0
1.0,5326.0,2713.0,2647.0,2612.0,2716.0,2716.0,1853.0,794.0,1899.0,814.0
1.0,5225.0,2748.0,2652.0,2716.0,2763.0,2763.0,1856.0,796.0,1923.0,825.0
1.0,5193.0,2739.0,2655.0,2763.0,2748.0,2748.0,1858.0,797.0,1917.0,822.0
1.0,5217.0,2703.0,2656.0,2748.0,2706.0,2706.0,1859.0,797.0,1893.0,810.0
1.0,5262.0,2634.0,2656.0,2706.0,2634.0,2634.0,1859.0,797.0,1844.0,790.0
1.0,5334.0,2576.0,2653.0,2634.0,2567.0,2567.0,1857.0,796.0,1804.0,772.0
1.0,5392.0,2604.0,2653.0,2567.0,2604.0,2604.0,1857.0,796.0,1822.0,782.0
1.0,5355.0,2655.0,2653.0,2604.0,2655.0,2655.0,1857.0,796.0,1858.0,797.0
1.0,5304.0,2716.0,2656.0,2655.0,2725.0,2725.0,1859.0,797.0,1901.0,815.0
1.0,5243.0,2759.0,2659.0,2725.0,2768.0,2768.0,1861.0,798.0,1931.0,828.0
1.0,5209.0,2702.0,2660.0,2768.0,2705.0,2705.0,1862.0,798.0,1892.0,810.0
1.0,5275.0,2679.0,2659.0,2705.0,2676.0,2676.0,1861.0,798.0,1874.0,805.0
1.0,5301.0,2601.0,2657.0,2676.0,2595.0,2595.0,1860.0,797.0,1822.0,779.0
1.0,5376.0,2608.0,2654.0,2595.0,2599.0,2599.0,1858.0,796.0,1825.0,783.0
1.0,5363.0,2653.0,2654.0,2599.0,2653.0,2653.0,1858.0,796.0,1857.0,796.0
1.0,5309.0,2768.0,2659.0,2653.0,2783.0,2783.0,1861.0,798.0,1937.0,831.0
1.0,5194.0,2716.0,2662.0,2783.0,2725.0,2725.0,1863.0,799.0,1901.0,815.0
1.0,5261.0,2702.0,2663.0,2725.0,2705.0,2705.0,1864.0,799.0,1892.0,810.0
1.0,5284.0,2637.0,2662.0,2705.0,2634.0,2634.0,1863.0,799.0,1846.0,791.0
1.0,5352.0,2574.0,2660.0,2634.0,2568.0,2568.0,1862.0,798.0,1802.0,772.0
1.0,5412.0,2660.0,2659.0,2568.0,2657.0,2657.0,1861.0,798.0,1862.0,798.0
1.0,5320.0,2693.0,2661.0,2657.0,2699.0,2699.0,1863.0,798.0,1884.0,809.0
1.0,5284.0,2759.0,2665.0,2699.0,2771.0,2771.0,1865.0,800.0,1932.0,827.0
1.0,5224.0,2743.0,2667.0,2771.0,2749.0,2749.0,1867.0,800.0,1921.0,822.0
1.0,5252.0,2689.0,2669.0,2749.0,2695.0,2695.0,1868.0,801.0,1881.0,808.0
1.0,5312.0,2616.0,2667.0,2695.0,2610.0,2610.0,1867.0,800.0,1832.0,784.0
1.0,5391.0,2634.0,2664.0,2610.0,2625.0,2625.0,1865.0,799.0,1843.0,791.0
1.0,5367.0,2581.0,2663.0,2625.0,2578.0,2578.0,1864.0,799.0,1808.0,773.0
1.0,5411.0,2716.0,2666.0,2578.0,2725.0,2725.0,1866.0,800.0,1901.0,815.0
1.0,5273.0,2756.0,2670.0,2725.0,2768.0,2768.0,1869.0,801.0,1929.0,827.0
1.0,5242.0,2749.0,2673.0,2768.0,2758.0,2758.0,1871.0,802.0,1924.0,825.0
1.0,5261.0,2687.0,2673.0,2758.0,2687.0,2687.0,1871.0,802.0,1881.0,806.0
1.0,5332.0,2647.0,2672.0,2687.0,2644.0,2644.0,1870.0,802.0,1853.0,794.0
1.0,5372.0,2623.0,2670.0,2644.0,2617.0,2617.0,1869.0,801.0,1836.0,787.0
1.0,5393.0,2634.0,2669.0,2617.0,2631.0,2631.0,1868.0,801.0,1843.0,791.0
1.0,5376.0,2660.0,2668.0,2631.0,2657.0,2657.0,1868.0,800.0,1862.0,798.0
1.0,5347.0,2745.0,2672.0,2657.0,2757.0,2757.0,1870.0,802.0,1921.0,824.0
1.0,5259.0,2758.0,2676.0,2757.0,2770.0,2770.0,1873.0,803.0,1931.0,827.0
1.0,5258.0,2690.0,2676.0,2770.0,2690.0,2690.0,1873.0,803.0,1883.0,807.0
1.0,5338.0,2653.0,2674.0,2690.0,2647.0,2647.0,1872.0,802.0,1857.0,796.0
1.0,5375.0,2608.0,2671.0,2647.0,2599.0,2599.0,1870.0,801.0,1826.0,782.0
1.0,5414.0,2602.0,2669.0,2599.0,2596.0,2596.0,1868.0,801.0,1822.0,780.0
1.0,5411.0,2700.0,2670.0,2596.0,2703.0,2703.0,1869.0,801.0,1889.0,811.0
1.0,5307.0,2709.0,2672.0,2703.0,2715.0,2715.0,1870.0,802.0,1897.0,812.0
1.0,5301.0,2736.0,2676.0,2715.0,2748.0,2748.0,1873.0,803.0,1915.0,821.0
1.0,5280.0,2662.0,2676.0,2748.0,2662.0,2662.0,1873.0,803.0,1864.0,798.0
1.0,5366.0,2669.0,2676.0,2662.0,2669.0,2669.0,1873.0,803.0,1868.0,801.0
1.0,5359.0,2667.0,2675.0,2669.0,2664.0,2664.0,1872.0,803.0,1866.0,801.0
1.0,5361.0,2657.0,2676.0,2664.0,2660.0,2660.0,1873.0,803.0,1860.0,797.0
1.0,5368.0,2660.0,2675.0,2660.0,2657.0,2657.0,1872.0,803.0,1862.0,798.0
1.0,5368.0,2793.0,2678.0,2657.0,2802.0,2802.0,1875.0,803.0,1955.0,838.0
1.0,5232.0,2741.0,2680.0,2802.0,2747.0,2747.0,1876.0,804.0,1918.0,823.0
1.0,5293.0,2740.0,2681.0,2747.0,2743.0,2743.0,1877.0,804.0,1918.0,822.0
1.0,5300.0,2631.0,2679.0,2743.0,2625.0,2625.0,1875.0,804.0,1843.0,788.0
1.0,5412.0,2578.0,2676.0,2625.0,2569.0,2569.0,1873.0,803.0,1805.0,773.0
1.0,5459.0,2551.0,2673.0,2569.0,2542.0,2542.0,1871.0,802.0,1784.0,767.0
1.0,5477.0,2676.0,2673.0,2542.0,2676.0,2676.0,1871.0,802.0,1874.0,802.0
1.0,5343.0,2811.0,2678.0,2676.0,2826.0,2826.0,1875.0,803.0,1968.0,843.0
1.0,5208.0,2723.0,2680.0,2826.0,2729.0,2729.0,1876.0,804.0,1905.0,818.0
1.0,5311.0,2740.0,2682.0,2729.0,2746.0,2746.0,1877.0,805.0,1919.0,821.0
1.0,5300.0,2644.0,2680.0,2746.0,2638.0,2638.0,1876.0,804.0,1850.0,794.0
1.0,5402.0,2600.0,2677.0,2638.0,2591.0,2591.0,1874.0,803.0,1820.0,780.0
1.0,5440.0,2624.0,2676.0,2591.0,2621.0,2621.0,1873.0,803.0,1836.0,788.0
1.0,5407.0,2659.0,2676.0,2621.0,2659.0,2659.0,1873.0,803.0,1863.0,796.0
1.0,5369.0,2740.0,2679.0,2659.0,2749.0,2749.0,1875.0,804.0,1918.0,822.0
1.0,5288.0,2773.0,2681.0,2749.0,2779.0,2779.0,1877.0,804.0,1941.0,832.0
1.0,5264.0,2742.0,2683.0,2779.0,2748.0,2748.0,1878.0,805.0,1920.0,822.0
1.0,5301.0,2693.0,2682.0,2748.0,2690.0,2690.0,1877.0,805.0,1884.0,809.0
1.0,5356.0,2638.0,2680.0,2690.0,2632.0,2632.0,1876.0,804.0,1846.0,792.0
1.0,5408.0,2684.0,2680.0,2632.0,2684.0,2684.0,1876.0,804.0,1879.0,805.0
1.0,5356.0,2692.0,2681.0,2684.0,2695.0,2695.0,1877.0,804.0,1885.0,807.0
1.0,5348.0,2720.0,2684.0,2695.0,2729.0,2729.0,1879.0,805.0,1904.0,816.0
1.0,5323.0,2695.0,2684.0,2729.0,2695.0,2695.0,1879.0,805.0,1886.0,809.0
1.0,5357.0,2732.0,2686.0,2695.0,2738.0,2738.0,1880.0,806.0,1913.0,819.0
1.0,5320.0,2718.0,2684.0,2738.0,2712.0,2712.0,1879.0,805.0,1902.0,816.0
1.0,5340.0,2656.0,2683.0,2712.0,2653.0,2653.0,1878.0,805.0,1858.0,798.0
1.0,5396.0,2649.0,2682.0,2653.0,2646.0,2646.0,1877.0,805.0,1856.0,793.0
1.0,5400.0,2712.0,2684.0,2646.0,2718.0,2718.0,1879.0,805.0,1897.0,815.0
1.0,5334.0,2811.0,2687.0,2718.0,2820.0,2820.0,1881.0,806.0,1967.0,844.0
1.0,5241.0,2795.0,2691.0,2820.0,2807.0,2807.0,1884.0,807.0,1957.0,838.0
1.0,5266.0,2729.0,2692.0,2807.0,2732.0,2732.0,1884.0,808.0,1910.0,819.0
1.0,5344.0,2698.0,2690.0,2732.0,2692.0,2692.0,1883.0,807.0,1888.0,810.0
1.0,5378.0,2663.0,2689.0,2692.0,2660.0,2660.0,1882.0,807.0,1865.0,798.0
1.0,5407.0,2677.0,2689.0,2660.0,2677.0,2677.0,1882.0,807.0,1874.0,803.0
1.0,5390.0,2710.0,2690.0,2677.0,2713.0,2713.0,1883.0,807.0,1896.0,814.0
1.0,5357.0,2835.0,2694.0,2713.0,2847.0,2847.0,1886.0,808.0,1985.0,850.0
1.0,5235.0,2829.0,2697.0,2847.0,2838.0,2838.0,1888.0,809.0,1980.0,849.0
1.0,5253.0,2743.0,2699.0,2838.0,2749.0,2749.0,1889.0,810.0,1921.0,822.0
1.0,5348.0,2657.0,2697.0,2749.0,2651.0,2651.0,1888.0,809.0,1859.0,798.0
1.0,5440.0,2673.0,2696.0,2651.0,2670.0,2670.0,1887.0,809.0,1872.0,801.0
1.0,5418.0,2718.0,2696.0,2670.0,2718.0,2718.0,1887.0,809.0,1901.0,817.0
1.0,5370.0,2709.0,2697.0,2718.0,2712.0,2712.0,1888.0,809.0,1896.0,813.0
1.0,5379.0,2779.0,2700.0,2712.0,2788.0,2788.0,1890.0,810.0,1945.0,834.0
1.0,5312.0,2795.0,2704.0,2788.0,2807.0,2807.0,1893.0,811.0,1957.0,838.0
1.0,5305.0,2767.0,2706.0,2807.0,2773.0,2773.0,1894.0,812.0,1938.0,829.0
1.0,5345.0,2710.0,2706.0,2773.0,2710.0,2710.0,1894.0,812.0,1897.0,813.0
1.0,5408.0,2682.0,2705.0,2710.0,2679.0,2679.0,1893.0,812.0,1876.0,806.0
1.0,5436.0,2664.0,2705.0,2679.0,2664.0,2664.0,1893.0,812.0,1865.0,799.0
1.0,5451.0,2713.0,2706.0,2664.0,2716.0,2716.0,1894.0,812.0,1900.0,813.0
1.0,5402.0,2745.0,2707.0,2716.0,2748.0,2748.0,1895.0,812.0,1920.0,825.0
1.0,5373.0,2687.0,2707.0,2748.0,2687.0,2687.0,1895.0,812.0,1881.0,806.0
1.0,5434.0,2732.0,2709.0,2687.0,2738.0,2738.0,1896.0,813.0,1913.0,819.0
1.0,5389.0,2668.0,2707.0,2738.0,2662.0,2662.0,1895.0,812.0,1866.0,802.0
1.0,5459.0,2610.0,2704.0,2662.0,2601.0,2601.0,1893.0,811.0,1828.0,782.0
1.0,5511.0,2588.0,2701.0,2601.0,2579.0,2579.0,1891.0,810.0,1812.0,776.0
1.0,5524.0,2746.0,2703.0,2579.0,2752.0,2752.0,1892.0,811.0,1921.0,825.0
1.0,5357.0,2804.0,2707.0,2752.0,2816.0,2816.0,1895.0,812.0,1963.0,841.0
1.0,5305.0,2794.0,2713.0,2816.0,2812.0,2812.0,1899.0,814.0,1956.0,838.0
1.0,5327.0,2718.0,2713.0,2812.0,2718.0,2718.0,1899.0,814.0,1903.0,815.0
1.0,5421.0,2701.0,2711.0,2718.0,2695.0,2695.0,1898.0,813.0,1889.0,812.0
1.0,5438.0,2676.0,2710.0,2695.0,2673.0,2673.0,1897.0,813.0,1873.0,803.0
1.0,5457.0,2654.0,2709.0,2673.0,2651.0,2651.0,1896.0,813.0,1859.0,795.0
1.0,5476.0,2690.0,2710.0,2651.0,2693.0,2693.0,1897.0,813.0,1883.0,807.0
1.0,5437.0,2788.0,2713.0,2693.0,2797.0,2797.0,1899.0,814.0,1952.0,836.0
1.0,5342.0,2818.0,2717.0,2797.0,2830.0,2830.0,1902.0,815.0,1972.0,846.0
1.0,5321.0,2775.0,2719.0,2830.0,2781.0,2781.0,1903.0,816.0,1942.0,833.0
1.0,5376.0,2697.0,2719.0,2781.0,2697.0,2697.0,1903.0,816.0,1887.0,810.0
1.0,5460.0,2723.0,2717.0,2697.0,2717.0,2717.0,1902.0,815.0,1906.0,817.0
1.0,5434.0,2723.0,2717.0,2717.0,2723.0,2723.0,1902.0,815.0,1905.0,818.0
1.0,5428.0,2680.0,2717.0,2723.0,2680.0,2680.0,1902.0,815.0,1876.0,804.0
1.0,5471.0,2722.0,2719.0,2680.0,2728.0,2728.0,1903.0,816.0,1906.0,816.0
1.0,5429.0,2793.0,2720.0,2728.0,2796.0,2796.0,1904.0,816.0,1955.0,838.0
1.0,5364.0,2786.0,2722.0,2796.0,2792.0,2792.0,1905.0,817.0,1951.0,835.0
1.0,5374.0,2702.0,2722.0,2792.0,2702.0,2702.0,1905.0,817.0,1891.0,811.0
1.0,5464.0,2706.0,2722.0,2702.0,2706.0,2706.0,1905.0,817.0,1894.0,812.0
1.0,5460.0,2636.0,2720.0,2706.0,2630.0,2630.0,1904.0,816.0,1844.0,792.0
1.0,5530.0,2651.0,2719.0,2630.0,2648.0,2648.0,1903.0,816.0,1857.0,794.0
1.0,5509.0,2789.0,2722.0,2648.0,2798.0,2798.0,1905.0,817.0,1951.0,838.0
1.0,5368.0,2791.0,2724.0,2798.0,2797.0,2797.0,1907.0,817.0,1953.0,838.0
1.0,5375.0,2776.0,2726.0,2797.0,2782.0,2782.0,1908.0,818.0,1944.0,832.0
1.0,5396.0,2672.0,2723.0,2782.0,2663.0,2663.0,1906.0,817.0,1871.0,801.0
1.0,5506.0,2677.0,2720.0,2663.0,2668.0,2668.0,1904.0,816.0,1873.0,804.0
1.0,5492.0,2712.0,2720.0,2668.0,2712.0,2712.0,1904.0,816.0,1898.0,814.0
1.0,5448.0,2770.0,2722.0,2712.0,2776.0,2776.0,1905.0,817.0,1940.0,830.0
1.0,5390.0,2792.0,2724.0,2776.0,2798.0,2798.0,1907.0,817.0,1953.0,839.0
1.0,5374.0,2853.0,2727.0,2798.0,2862.0,2862.0,1909.0,818.0,1998.0,855.0
1.0,5319.0,2788.0,2729.0,2862.0,2794.0,2794.0,1910.0,819.0,1952.0,836.0
1.0,5393.0,2749.0,2727.0,2794.0,2743.0,2743.0,1909.0,818.0,1923.0,826.0
1.0,5438.0,2706.0,2725.0,2743.0,2700.0,2700.0,1907.0,818.0,1894.0,812.0
1.0,5475.0,2691.0,2724.0,2700.0,2688.0,2688.0,1907.0,817.0,1884.0,807.0
1.0,5484.0,2786.0,2726.0,2688.0,2792.0,2792.0,1908.0,818.0,1949.0,837.0
1.0,5386.0,2839.0,2730.0,2792.0,2851.0,2851.0,1911.0,819.0,1989.0,850.0
1.0,5339.0,2825.0,2732.0,2851.0,2831.0,2831.0,1912.0,820.0,1977.0,848.0
1.0,5365.0,2785.0,2733.0,2831.0,2788.0,2788.0,1913.0,820.0,1950.0,835.0
1.0,5411.0,2693.0,2732.0,2788.0,2690.0,2690.0,1912.0,820.0,1884.0,809.0
1.0,5506.0,2655.0,2729.0,2690.0,2646.0,2646.0,1910.0,819.0,1859.0,796.0
1.0,5541.0,2650.0,2726.0,2646.0,2641.0,2641.0,1908.0,818.0,1854.0,796.0
1.0,5537.0,2749.0,2727.0,2641.0,2752.0,2752.0,1909.0,818.0,1924.0,825.0
1.0,5429.0,2845.0,2730.0,2752.0,2854.0,2854.0,1911.0,819.0,1991.0,854.0
1.0,5336.0,2806.0,2733.0,2854.0,2815.0,2815.0,1913.0,820.0,1964.0,842.0
1.0,5384.0,2722.0,2733.0,2815.0,2722.0,2722.0,1913.0,820.0,1905.0,817.0
1.0,5477.0,2785.0,2734.0,2722.0,2788.0,2788.0,1914.0,820.0,1950.0,835.0
1.0,5414.0,2723.0,2735.0,2788.0,2726.0,2726.0,1914.0,821.0,1906.0,817.0
1.0,5479.0,2750.0,2735.0,2726.0,2750.0,2750.0,1914.0,821.0,1925.0,825.0
1.0,5455.0,2758.0,2737.0,2750.0,2764.0,2764.0,1916.0,821.0,1929.0,829.0
1.0,5447.0,2824.0,2741.0,2764.0,2836.0,2836.0,1919.0,822.0,1977.0,847.0
1.0,5387.0,2832.0,2746.0,2836.0,2847.0,2847.0,1922.0,824.0,1983.0,849.0
1.0,5391.0,2807.0,2747.0,2847.0,2810.0,2810.0,1923.0,824.0,1966.0,841.0
1.0,5431.0,2737.0,2746.0,2810.0,2734.0,2734.0,1922.0,824.0,1915.0,822.0
1.0,5504.0,2760.0,2745.0,2734.0,2757.0,2757.0,1921.0,824.0,1932.0,828.0
1.0,5478.0,2694.0,2744.0,2757.0,2691.0,2691.0,1921.0,823.0,1886.0,808.0
1.0,5541.0,2786.0,2746.0,2691.0,2792.0,2792.0,1922.0,824.0,1951.0,835.0
1.0,5446.0,2790.0,2749.0,2792.0,2799.0,2799.0,1924.0,825.0,1952.0,838.0
1.0,5448.0,2854.0,2752.0,2799.0,2863.0,2863.0,1926.0,826.0,1998.0,856.0
1.0,5393.0,2820.0,2755.0,2863.0,2829.0,2829.0,1928.0,827.0,1973.0,847.0
1.0,5436.0,2713.0,2753.0,2829.0,2707.0,2707.0,1927.0,826.0,1901.0,812.0
1.0,5552.0,2690.0,2750.0,2707.0,2681.0,2681.0,1925.0,825.0,1881.0,809.0
1.0,5569.0,2713.0,2750.0,2681.0,2713.0,2713.0,1925.0,825.0,1900.0,813.0
1.0,5537.0,2786.0,2752.0,2713.0,2792.0,2792.0,1926.0,826.0,1949.0,837.0
1.0,5464.0,2793.0,2753.0,2792.0,2796.0,2796.0,1927.0,826.0,1956.0,837.0
1.0,5463.0,2816.0,2754.0,2796.0,2819.0,2819.0,1928.0,826.0,1970.0,846.0
1.0,5443.0,2829.0,2757.0,2819.0,2838.0,2838.0,1930.0,827.0,1980.0,849.0
1.0,5433.0,2780.0,2759.0,2838.0,2786.0,2786.0,1931.0,828.0,1947.0,833.0
1.0,5491.0,2686.0,2756.0,2786.0,2677.0,2677.0,1929.0,827.0,1881.0,805.0
1.0,5591.0,2717.0,2755.0,2677.0,2714.0,2714.0,1928.0,827.0,1901.0,816.0
1.0,5551.0,2805.0,2757.0,2714.0,2811.0,2811.0,1930.0,827.0,1962.0,843.0
1.0,5460.0,2848.0,2760.0,2811.0,2857.0,2857.0,1932.0,828.0,1995.0,853.0
1.0,5423.0,2829.0,2763.0,2857.0,2838.0,2838.0,1934.0,829.0,1981.0,848.0
1.0,5451.0,2785.0,2766.0,2838.0,2794.0,2794.0,1936.0,830.0,1948.0,837.0
1.0,5504.0,2750.0,2766.0,2794.0,2750.0,2750.0,1936.0,830.0,1925.0,825.0
1.0,5548.0,2720.0,2764.0,2750.0,2714.0,2714.0,1935.0,829.0,1903.0,817.0
1.0,5578.0,2700.0,2763.0,2714.0,2697.0,2697.0,1934.0,829.0,1891.0,809.0
1.0,5592.0,2787.0,2765.0,2697.0,2793.0,2793.0,1935.0,830.0,1950.0,837.0
1.0,5502.0,2906.0,2769.0,2793.0,2918.0,2918.0,1938.0,831.0,2035.0,871.0
1.0,5389.0,2838.0,2772.0,2918.0,2847.0,2847.0,1940.0,832.0,1986.0,852.0
1.0,5469.0,2820.0,2773.0,2847.0,2823.0,2823.0,1941.0,832.0,1975.0,845.0
1.0,5496.0,2774.0,2772.0,2823.0,2771.0,2771.0,1940.0,832.0,1941.0,833.0
1.0,5545.0,2740.0,2770.0,2771.0,2734.0,2734.0,1939.0,831.0,1919.0,821.0
1.0,5576.0,2776.0,2770.0,2734.0,2776.0,2776.0,1939.0,831.0,1943.0,833.0
1.0,5534.0,2704.0,2769.0,2776.0,2701.0,2701.0,1938.0,831.0,1892.0,812.0
1.0,5606.0,2822.0,2771.0,2701.0,2828.0,2828.0,1940.0,831.0,1975.0,847.0
1.0,5485.0,2875.0,2774.0,2828.0,2884.0,2884.0,1942.0,832.0,2012.0,863.0
1.0,5438.0,2796.0,2775.0,2884.0,2799.0,2799.0,1942.0,833.0,1957.0,839.0
1.0,5526.0,2725.0,2773.0,2799.0,2719.0,2719.0,1941.0,832.0,1909.0,816.0
1.0,5600.0,2720.0,2770.0,2719.0,2711.0,2711.0,1939.0,831.0,1903.0,817.0
1.0,5599.0,2701.0,2769.0,2711.0,2698.0,2698.0,1938.0,831.0,1892.0,809.0
1.0,5609.0,2833.0,2772.0,2698.0,2842.0,2842.0,1940.0,832.0,1982.0,851.0
1.0,5474.0,2898.0,2776.0,2842.0,2910.0,2910.0,1943.0,833.0,2029.0,869.0
1.0,5418.0,2885.0,2780.0,2910.0,2897.0,2897.0,1946.0,834.0,2020.0,865.0
1.0,5443.0,2855.0,2783.0,2897.0,2864.0,2864.0,1948.0,835.0,1998.0,857.0
1.0,5485.0,2750.0,2781.0,2864.0,2744.0,2744.0,1947.0,834.0,1924.0,826.0
1.0,5599.0,2719.0,2779.0,2744.0,2713.0,2713.0,1945.0,834.0,1904.0,815.0
1.0,5624.0,2733.0,2780.0,2713.0,2736.0,2736.0,1946.0,834.0,1913.0,820.0
1.0,5604.0,2791.0,2780.0,2736.0,2791.0,2791.0,1946.0,834.0,1954.0,837.0
1.0,5549.0,2861.0,2783.0,2791.0,2870.0,2870.0,1948.0,835.0,2002.0,859.0
1.0,5479.0,2926.0,2786.0,2870.0,2935.0,2935.0,1950.0,836.0,2048.0,878.0
1.0,5423.0,2862.0,2787.0,2935.0,2865.0,2865.0,1951.0,836.0,2002.0,860.0
1.0,5496.0,2840.0,2788.0,2865.0,2843.0,2843.0,1952.0,836.0,1989.0,851.0
1.0,5521.0,2733.0,2786.0,2843.0,2727.0,2727.0,1950.0,836.0,1914.0,819.0
1.0,5631.0,2768.0,2786.0,2727.0,2768.0,2768.0,1950.0,836.0,1937.0,831.0
1.0,5590.0,2794.0,2786.0,2768.0,2794.0,2794.0,1950.0,836.0,1957.0,837.0
1.0,5564.0,2867.0,2789.0,2794.0,2876.0,2876.0,1952.0,837.0,2006.0,861.0
1.0,5491.0,2871.0,2792.0,2876.0,2880.0,2880.0,1954.0,838.0,2009.0,862.0
1.0,5496.0,2799.0,2792.0,2880.0,2799.0,2799.0,1954.0,838.0,1960.0,839.0
1.0,5577.0,2731.0,2791.0,2799.0,2728.0,2728.0,1954.0,837.0,1911.0,820.0
1.0,5645.0,2714.0,2789.0,2728.0,2708.0,2708.0,1952.0,837.0,1900.0,814.0
1.0,5659.0,2810.0,2788.0,2708.0,2807.0,2807.0,1952.0,836.0,1967.0,843.0
1.0,5557.0,2773.0,2789.0,2807.0,2776.0,2776.0,1952.0,837.0,1942.0,831.0
1.0,5591.0,2798.0,2791.0,2776.0,2804.0,2804.0,1954.0,837.0,1957.0,841.0
1.0,5569.0,2863.0,2794.0,2804.0,2872.0,2872.0,1956.0,838.0,2004.0,859.0
1.0,5510.0,2866.0,2796.0,2872.0,2872.0,2872.0,1957.0,839.0,2007.0,859.0
1.0,5516.0,2766.0,2796.0,2872.0,2766.0,2766.0,1957.0,839.0,1936.0,830.0
1.0,5622.0,2723.0,2793.0,2766.0,2714.0,2714.0,1955.0,838.0,1907.0,816.0
1.0,5665.0,2743.0,2792.0,2714.0,2740.0,2740.0,1954.0,838.0,1919.0,824.0
1.0,5636.0,2812.0,2793.0,2740.0,2815.0,2815.0,1955.0,838.0,1968.0,844.0
1.0,5564.0,2892.0,2796.0,2815.0,2901.0,2901.0,1957.0,839.0,2025.0,867.0
1.0,5487.0,2850.0,2799.0,2901.0,2859.0,2859.0,1959.0,840.0,1994.0,856.0
1.0,5538.0,2829.0,2800.0,2859.0,2832.0,2832.0,1960.0,840.0,1981.0,848.0
1.0,5568.0,2819.0,2799.0,2832.0,2816.0,2816.0,1959.0,840.0,1973.0,846.0
1.0,5581.0,2788.0,2799.0,2816.0,2788.0,2788.0,1959.0,840.0,1951.0,837.0
1.0,5609.0,2764.0,2797.0,2788.0,2758.0,2758.0,1958.0,839.0,1935.0,829.0
1.0,5633.0,2845.0,2800.0,2758.0,2854.0,2854.0,1960.0,840.0,1992.0,853.0
1.0,5546.0,2852.0,2802.0,2854.0,2858.0,2858.0,1961.0,841.0,1996.0,856.0
1.0,5548.0,2886.0,2806.0,2858.0,2898.0,2898.0,1964.0,842.0,2020.0,866.0
1.0,5520.0,2858.0,2807.0,2898.0,2861.0,2861.0,1965.0,842.0,2001.0,857.0
1.0,5560.0,2804.0,2805.0,2861.0,2798.0,2798.0,1963.0,842.0,1962.0,842.0
1.0,5617.0,2697.0,2803.0,2798.0,2691.0,2691.0,1962.0,841.0,1888.0,809.0
1.0,5718.0,2793.0,2802.0,2691.0,2790.0,2790.0,1961.0,841.0,1955.0,838.0
1.0,5616.0,2706.0,2800.0,2790.0,2700.0,2700.0,1960.0,840.0,1893.0,813.0
1.0,5700.0,2852.0,2803.0,2700.0,2861.0,2861.0,1962.0,841.0,1997.0,855.0
1.0,5548.0,2906.0,2806.0,2861.0,2915.0,2915.0,1964.0,842.0,2034.0,872.0
1.0,5503.0,2807.0,2807.0,2915.0,2810.0,2810.0,1965.0,842.0,1964.0,843.0
1.0,5611.0,2764.0,2806.0,2810.0,2761.0,2761.0,1964.0,842.0,1937.0,827.0
1.0,5657.0,2717.0,2803.0,2761.0,2708.0,2708.0,1962.0,841.0,1902.0,815.0
1.0,5701.0,2708.0,2801.0,2708.0,2702.0,2702.0,1961.0,840.0,1895.0,813.0
1.0,5701.0,2779.0,2803.0,2702.0,2785.0,2785.0,1962.0,841.0,1945.0,834.0
1.0,5624.0,2904.0,2806.0,2785.0,2913.0,2913.0,1964.0,842.0,2033.0,871.0
1.0,5505.0,2892.0,2810.0,2913.0,2904.0,2904.0,1967.0,843.0,2024.0,868.0
1.0,5526.0,2885.0,2810.0,2904.0,2885.0,2885.0,1967.0,843.0,2018.0,867.0
1.0,5545.0,2768.0,2808.0,2885.0,2762.0,2762.0,1966.0,842.0,1938.0,830.0
1.0,5662.0,2721.0,2805.0,2762.0,2712.0,2712.0,1963.0,842.0,1905.0,816.0
1.0,5703.0,2787.0,2803.0,2712.0,2781.0,2781.0,1962.0,841.0,1951.0,836.0
1.0,5628.0,2875.0,2806.0,2781.0,2884.0,2884.0,1964.0,842.0,2013.0,862.0
1.0,5534.0,2876.0,2809.0,2884.0,2885.0,2885.0,1966.0,843.0,2013.0,863.0
1.0,5542.0,2953.0,2813.0,2885.0,2965.0,2965.0,1969.0,844.0,2068.0,885.0
1.0,5474.0,2837.0,2814.0,2965.0,2840.0,2840.0,1970.0,844.0,1984.0,853.0
1.0,5602.0,2803.0,2813.0,2840.0,2800.0,2800.0,1969.0,844.0,1964.0,839.0
1.0,5639.0,2722.0,2809.0,2800.0,2710.0,2710.0,1966.0,843.0,1905.0,817.0
1.0,5717.0,2797.0,2807.0,2710.0,2791.0,2791.0,1965.0,842.0,1958.0,839.0
1.0,5630.0,2846.0,2808.0,2791.0,2849.0,2849.0,1966.0,842.0,1992.0,854.0
1.0,5575.0,2952.0,2812.0,2849.0,2964.0,2964.0,1968.0,844.0,2066.0,886.0
1.0,5472.0,2958.0,2816.0,2964.0,2970.0,2970.0,1971.0,845.0,2071.0,887.0
1.0,5478.0,2882.0,2817.0,2970.0,2885.0,2885.0,1972.0,845.0,2016.0,866.0
1.0,5566.0,2791.0,2816.0,2885.0,2788.0,2788.0,1971.0,845.0,1955.0,836.0
1.0,5660.0,2839.0,2816.0,2788.0,2839.0,2839.0,1971.0,845.0,1987.0,852.0
1.0,5609.0,2800.0,2816.0,2839.0,2800.0,2800.0,1971.0,845.0,1960.0,840.0
1.0,5648.0,2835.0,2817.0,2800.0,2838.0,2838.0,1972.0,845.0,1983.0,852.0
1.0,5613.0,2800.0,2819.0,2838.0,2806.0,2806.0,1973.0,846.0,1961.0,839.0
1.0,5651.0,2961.0,2822.0,2806.0,2970.0,2970.0,1975.0,847.0,2072.0,889.0
1.0,5496.0,2903.0,2824.0,2970.0,2909.0,2909.0,1977.0,847.0,2032.0,871.0
1.0,5563.0,2822.0,2825.0,2909.0,2825.0,2825.0,1977.0,848.0,1975.0,847.0
1.0,5650.0,2754.0,2823.0,2825.0,2748.0,2748.0,1976.0,847.0,1929.0,825.0
1.0,5721.0,2767.0,2821.0,2748.0,2761.0,2761.0,1975.0,846.0,1936.0,831.0
1.0,5702.0,2823.0,2822.0,2761.0,2826.0,2826.0,1975.0,847.0,1976.0,847.0
1.0,5640.0,2914.0,2826.0,2826.0,2926.0,2926.0,1978.0,848.0,2040.0,874.0
1.0,5552.0,2910.0,2829.0,2926.0,2919.0,2919.0,1980.0,849.0,2037.0,873.0
1.0,5568.0,2843.0,2830.0,2919.0,2846.0,2846.0,1981.0,849.0,1990.0,853.0
1.0,5644.0,2826.0,2829.0,2846.0,2823.0,2823.0,1980.0,849.0,1977.0,849.0
1.0,5664.0,2764.0,2827.0,2823.0,2758.0,2758.0,1979.0,848.0,1934.0,830.0
1.0,5723.0,2753.0,2826.0,2758.0,2750.0,2750.0,1978.0,848.0,1928.0,825.0
1.0,5728.0,2802.0,2825.0,2750.0,2799.0,2799.0,1977.0,848.0,1961.0,841.0
1.0,5676.0,2933.0,2827.0,2799.0,2939.0,2939.0,1979.0,848.0,2053.0,880.0
1.0,5542.0,2896.0,2830.0,2939.0,2905.0,2905.0,1981.0,849.0,2027.0,869.0
1.0,5585.0,2870.0,2830.0,2905.0,2870.0,2870.0,1981.0,849.0,2009.0,861.0
1.0,5620.0,2767.0,2829.0,2870.0,2764.0,2764.0,1980.0,849.0,1938.0,829.0
1.0,5723.0,2714.0,2826.0,2764.0,2705.0,2705.0,1978.0,848.0,1900.0,814.0
1.0,5773.0,2835.0,2826.0,2705.0,2835.0,2835.0,1978.0,848.0,1984.0,851.0
1.0,5643.0,2811.0,2826.0,2835.0,2811.0,2811.0,1978.0,848.0,1968.0,843.0
1.0,5667.0,2951.0,2830.0,2811.0,2963.0,2963.0,1981.0,849.0,2064.0,887.0
1.0,5527.0,2929.0,2833.0,2963.0,2938.0,2938.0,1983.0,850.0,2052.0,877.0
1.0,5561.0,2855.0,2836.0,2938.0,2864.0,2864.0,1985.0,851.0,1998.0,857.0
1.0,5644.0,2784.0,2834.0,2864.0,2778.0,2778.0,1984.0,850.0,1948.0,836.0
1.0,5724.0,2787.0,2832.0,2778.0,2781.0,2781.0,1982.0,850.0,1951.0,836.0
1.0,5715.0,2780.0,2832.0,2781.0,2780.0,2780.0,1982.0,850.0,1946.0,834.0
1.0,5716.0,2850.0,2833.0,2780.0,2853.0,2853.0,1983.0,850.0,1994.0,856.0
1.0,5646.0,2911.0,2837.0,2853.0,2923.0,2923.0,1986.0,851.0,2037.0,874.0
1.0,5588.0,2927.0,2841.0,2923.0,2939.0,2939.0,1989.0,852.0,2049.0,878.0
1.0,5584.0,2895.0,2843.0,2939.0,2901.0,2901.0,1990.0,853.0,2028.0,867.0
1.0,5628.0,2834.0,2842.0,2901.0,2831.0,2831.0,1989.0,853.0,1983.0,851.0
1.0,5695.0,2720.0,2839.0,2831.0,2711.0,2711.0,1987.0,852.0,1904.0,816.0
1.0,5806.0,2786.0,2837.0,2711.0,2780.0,2780.0,1986.0,851.0,1949.0,837.0
1.0,5731.0,2820.0,2837.0,2780.0,2820.0,2820.0,1986.0,851.0,1974.0,846.0
1.0,5691.0,2949.0,2843.0,2820.0,2967.0,2967.0,1990.0,853.0,2065.0,884.0
1.0,5562.0,2959.0,2846.0,2967.0,2968.0,2968.0,1992.0,854.0,2071.0,888.0
1.0,5570.0,2856.0,2846.0,2968.0,2856.0,2856.0,1992.0,854.0,1999.0,857.0
1.0,5682.0,2810.0,2844.0,2856.0,2804.0,2804.0,1991.0,853.0,1966.0,844.0
1.0,5728.0,2856.0,2842.0,2804.0,2850.0,2850.0,1989.0,853.0,2000.0,856.0
1.0,5676.0,2803.0,2842.0,2850.0,2803.0,2803.0,1989.0,853.0,1962.0,841.0
1.0,5723.0,2916.0,2843.0,2803.0,2919.0,2919.0,1990.0,853.0,2040.0,876.0
1.0,5610.0,2972.0,2849.0,2919.0,2990.0,2990.0,1994.0,855.0,2081.0,891.0
1.0,5557.0,2955.0,2852.0,2990.0,2964.0,2964.0,1996.0,856.0,2068.0,887.0
1.0,5592.0,2879.0,2852.0,2964.0,2879.0,2879.0,1996.0,856.0,2016.0,863.0
1.0,5677.0,2880.0,2850.0,2879.0,2874.0,2874.0,1995.0,855.0,2015.0,865.0
1.0,5676.0,2727.0,2846.0,2874.0,2715.0,2715.0,1992.0,854.0,1910.0,817.0
1.0,5823.0,2821.0,2845.0,2715.0,2818.0,2818.0,1991.0,854.0,1974.0,847.0
1.0,5717.0,2877.0,2847.0,2818.0,2883.0,2883.0,1993.0,854.0,2013.0,864.0
1.0,5658.0,2948.0,2849.0,2883.0,2954.0,2954.0,1994.0,855.0,2065.0,883.0
1.0,5593.0,2872.0,2850.0,2954.0,2875.0,2875.0,1995.0,855.0,2009.0,863.0
1.0,5675.0,2883.0,2851.0,2875.0,2886.0,2886.0,1996.0,855.0,2018.0,865.0
1.0,5667.0,2847.0,2852.0,2886.0,2850.0,2850.0,1996.0,856.0,1994.0,853.0
1.0,5706.0,2762.0,2849.0,2850.0,2753.0,2753.0,1994.0,855.0,1934.0,828.0
1.0,5794.0,2778.0,2846.0,2753.0,2769.0,2769.0,1992.0,854.0,1945.0,833.0
1.0,5769.0,2837.0,2846.0,2769.0,2837.0,2837.0,1992.0,854.0,1984.0,853.0
1.0,5701.0,2902.0,2849.0,2837.0,2911.0,2911.0,1994.0,855.0,2033.0,869.0
1.0,5636.0,2908.0,2852.0,2911.0,2917.0,2917.0,1996.0,856.0,2035.0,873.0
1.0,5639.0,2853.0,2852.0,2917.0,2853.0,2853.0,1996.0,856.0,1997.0,856.0
1.0,5703.0,2854.0,2851.0,2853.0,2851.0,2851.0,1996.0,855.0,1998.0,856.0
1.0,5702.0,2815.0,2849.0,2851.0,2809.0,2809.0,1994.0,855.0,1972.0,843.0
1.0,5738.0,2849.0,2849.0,2809.0,2849.0,2849.0,1994.0,855.0,1992.0,857.0
1.0,5698.0,2910.0,2851.0,2849.0,2916.0,2916.0,1996.0,855.0,2038.0,872.0
1.0,5637.0,2919.0,2854.0,2916.0,2928.0,2928.0,1998.0,856.0,2043.0,876.0
1.0,5634.0,2907.0,2857.0,2928.0,2916.0,2916.0,2000.0,857.0,2034.0,873.0
1.0,5655.0,2903.0,2859.0,2916.0,2909.0,2909.0,2001.0,858.0,2034.0,869.0
1.0,5668.0,2896.0,2859.0,2909.0,2896.0,2896.0,2001.0,858.0,2026.0,870.0
1.0,5681.0,2823.0,2857.0,2896.0,2817.0,2817.0,2000.0,857.0,1976.0,847.0
1.0,5754.0,2811.0,2856.0,2817.0,2808.0,2808.0,1999.0,857.0,1969.0,842.0
1.0,5760.0,2855.0,2857.0,2808.0,2858.0,2858.0,2000.0,857.0,1997.0,858.0
1.0,5713.0,2972.0,2863.0,2858.0,2990.0,2990.0,2004.0,859.0,2081.0,891.0
1.0,5599.0,2971.0,2865.0,2990.0,2977.0,2977.0,2005.0,860.0,2079.0,892.0
1.0,5618.0,2933.0,2867.0,2977.0,2939.0,2939.0,2007.0,860.0,2052.0,881.0
1.0,5662.0,2854.0,2866.0,2939.0,2851.0,2851.0,2006.0,860.0,1999.0,855.0
1.0,5747.0,2869.0,2864.0,2851.0,2863.0,2863.0,2005.0,859.0,2008.0,861.0
1.0,5729.0,2872.0,2864.0,2863.0,2872.0,2872.0,2005.0,859.0,2010.0,862.0
1.0,5720.0,2962.0,2868.0,2872.0,2974.0,2974.0,2008.0,860.0,2073.0,889.0
1.0,5630.0,2992.0,2872.0,2974.0,3004.0,3004.0,2010.0,862.0,2095.0,897.0
1.0,5612.0,2965.0,2876.0,3004.0,2977.0,2977.0,2013.0,863.0,2075.0,890.0
1.0,5651.0,2862.0,2876.0,2977.0,2862.0,2862.0,2013.0,863.0,2003.0,859.0
1.0,5766.0,2836.0,2874.0,2862.0,2830.0,2830.0,2012.0,862.0,1984.0,852.0
1.0,5792.0,2866.0,2873.0,2830.0,2863.0,2863.0,2011.0,862.0,2008.0,858.0
1.0,5756.0,2883.0,2873.0,2863.0,2883.0,2883.0,2011.0,862.0,2018.0,865.0
1.0,5736.0,2856.0,2873.0,2883.0,2856.0,2856.0,2011.0,862.0,1997.0,859.0
1.0,5763.0,3047.0,2880.0,2856.0,3068.0,3068.0,2016.0,864.0,2134.0,913.0
1.0,5572.0,2978.0,2883.0,3068.0,2987.0,2987.0,2018.0,865.0,2084.0,894.0
1.0,5662.0,2953.0,2886.0,2987.0,2962.0,2962.0,2020.0,866.0,2067.0,886.0
1.0,5696.0,2867.0,2884.0,2962.0,2861.0,2861.0,2019.0,865.0,2006.0,861.0
1.0,5791.0,2849.0,2882.0,2861.0,2843.0,2843.0,2017.0,865.0,1995.0,854.0
1.0,5803.0,2787.0,2880.0,2843.0,2781.0,2781.0,2016.0,864.0,1950.0,837.0
1.0,5859.0,2865.0,2882.0,2781.0,2871.0,2871.0,2017.0,865.0,2006.0,859.0
1.0,5775.0,2979.0,2884.0,2871.0,2985.0,2985.0,2019.0,865.0,2084.0,895.0
1.0,5667.0,2966.0,2887.0,2985.0,2975.0,2975.0,2021.0,866.0,2076.0,890.0
1.0,5686.0,2966.0,2889.0,2975.0,2972.0,2972.0,2022.0,867.0,2077.0,889.0
1.0,5695.0,2791.0,2885.0,2972.0,2779.0,2779.0,2019.0,866.0,1954.0,837.0
1.0,5876.0,2808.0,2882.0,2779.0,2799.0,2799.0,2017.0,865.0,1966.0,842.0
1.0,5847.0,2850.0,2882.0,2799.0,2850.0,2850.0,2017.0,865.0,1995.0,855.0
1.0,5796.0,2909.0,2882.0,2850.0,2909.0,2909.0,2017.0,865.0,2036.0,873.0
1.0,5737.0,2964.0,2887.0,2909.0,2979.0,2979.0,2021.0,866.0,2075.0,889.0
1.0,5682.0,2939.0,2889.0,2979.0,2945.0,2945.0,2022.0,867.0,2056.0,883.0
1.0,5722.0,2985.0,2891.0,2945.0,2991.0,2991.0,2024.0,867.0,2089.0,896.0
1.0,5682.0,2874.0,2890.0,2991.0,2871.0,2871.0,2023.0,867.0,2013.0,861.0
1.0,5799.0,2843.0,2889.0,2871.0,2840.0,2840.0,2022.0,867.0,1990.0,853.0
1.0,5827.0,2854.0,2889.0,2840.0,2854.0,2854.0,2022.0,867.0,1997.0,857.0
1.0,5813.0,2985.0,2891.0,2854.0,2991.0,2991.0,2024.0,867.0,2089.0,896.0
1.0,5682.0,2962.0,2895.0,2991.0,2974.0,2974.0,2026.0,869.0,2073.0,889.0
1.0,5711.0,2940.0,2898.0,2974.0,2949.0,2949.0,2028.0,870.0,2058.0,882.0
1.0,5745.0,2932.0,2900.0,2949.0,2938.0,2938.0,2030.0,870.0,2054.0,878.0
1.0,5762.0,2887.0,2900.0,2938.0,2887.0,2887.0,2030.0,870.0,2021.0,866.0
1.0,5813.0,2854.0,2899.0,2887.0,2851.0,2851.0,2029.0,870.0,1997.0,857.0
1.0,5846.0,2850.0,2899.0,2851.0,2850.0,2850.0,2029.0,870.0,1995.0,855.0
1.0,5847.0,2930.0,2900.0,2850.0,2933.0,2933.0,2030.0,870.0,2052.0,878.0
1.0,5767.0,2951.0,2903.0,2933.0,2960.0,2960.0,2032.0,871.0,2065.0,886.0
1.0,5749.0,3003.0,2906.0,2960.0,3012.0,3012.0,2034.0,872.0,2102.0,901.0
1.0,5706.0,3009.0,2907.0,3012.0,3012.0,3012.0,2035.0,872.0,2107.0,902.0
1.0,5709.0,2911.0,2907.0,3012.0,2911.0,2911.0,2035.0,872.0,2038.0,873.0
1.0,5810.0,2900.0,2907.0,2911.0,2900.0,2900.0,2035.0,872.0,2030.0,870.0
1.0,5821.0,2866.0,2906.0,2900.0,2863.0,2863.0,2034.0,872.0,2005.0,861.0
1.0,5855.0,3016.0,2909.0,2863.0,3025.0,3025.0,2036.0,873.0,2111.0,905.0
1.0,5702.0,2965.0,2912.0,3025.0,2974.0,2974.0,2038.0,874.0,2075.0,890.0
1.0,5762.0,2979.0,2915.0,2974.0,2988.0,2988.0,2040.0,875.0,2085.0,894.0
1.0,5757.0,2893.0,2916.0,2988.0,2896.0,2896.0,2041.0,875.0,2025.0,868.0
1.0,5852.0,2936.0,2915.0,2896.0,2933.0,2933.0,2040.0,875.0,2055.0,881.0
1.0,5812.0,2894.0,2913.0,2933.0,2888.0,2888.0,2039.0,874.0,2027.0,867.0
1.0,5851.0,2907.0,2913.0,2888.0,2907.0,2907.0,2039.0,874.0,2035.0,872.0
1.0,5832.0,2890.0,2913.0,2907.0,2890.0,2890.0,2039.0,874.0,2023.0,867.0
1.0,5849.0,2931.0,2914.0,2890.0,2934.0,2934.0,2040.0,874.0,2050.0,881.0
1.0,5808.0,3010.0,2917.0,2934.0,3019.0,3019.0,2042.0,875.0,2109.0,901.0
1.0,5732.0,2909.0,2916.0,3019.0,2906.0,2906.0,2041.0,875.0,2035.0,874.0
1.0,5842.0,2934.0,2915.0,2906.0,2931.0,2931.0,2040.0,875.0,2054.0,880.0
1.0,5814.0,2877.0,2913.0,2931.0,2871.0,2871.0,2039.0,874.0,2015.0,862.0
1.0,5868.0,2880.0,2914.0,2871.0,2883.0,2883.0,2040.0,874.0,2014.0,866.0
1.0,5859.0,2937.0,2916.0,2883.0,2943.0,2943.0,2041.0,875.0,2057.0,880.0
1.0,5805.0,2932.0,2917.0,2943.0,2935.0,2935.0,2042.0,875.0,2053.0,879.0
1.0,5816.0,2988.0,2919.0,2935.0,2994.0,2994.0,2043.0,876.0,2090.0,898.0
1.0,5763.0,3011.0,2922.0,2994.0,3020.0,3020.0,2045.0,877.0,2107.0,904.0
1.0,5746.0,2874.0,2919.0,3020.0,2865.0,2865.0,2043.0,876.0,2012.0,862.0
1.0,5892.0,2923.0,2917.0,2865.0,2917.0,2917.0,2042.0,875.0,2046.0,877.0
1.0,5834.0,2848.0,2916.0,2917.0,2845.0,2845.0,2041.0,875.0,1995.0,853.0
1.0,5903.0,2952.0,2917.0,2845.0,2955.0,2955.0,2042.0,875.0,2065.0,887.0
1.0,5796.0,2972.0,2920.0,2955.0,2981.0,2981.0,2044.0,876.0,2081.0,891.0
1.0,5779.0,2965.0,2923.0,2981.0,2974.0,2974.0,2046.0,877.0,2075.0,890.0
1.0,5795.0,2925.0,2924.0,2974.0,2928.0,2928.0,2047.0,877.0,2046.0,879.0
1.0,5844.0,2807.0,2921.0,2928.0,2798.0,2798.0,2045.0,876.0,1965.0,842.0
1.0,5965.0,2891.0,2920.0,2798.0,2888.0,2888.0,2044.0,876.0,2025.0,866.0
1.0,5872.0,2930.0,2919.0,2888.0,2927.0,2927.0,2043.0,876.0,2051.0,879.0
1.0,5830.0,2968.0,2922.0,2927.0,2977.0,2977.0,2045.0,877.0,2077.0,891.0
1.0,5789.0,3008.0,2926.0,2977.0,3020.0,3020.0,2048.0,878.0,2105.0,903.0
1.0,5758.0,3063.0,2930.0,3020.0,3075.0,3075.0,2051.0,879.0,2145.0,918.0
1.0,5715.0,2972.0,2931.0,3075.0,2975.0,2975.0,2052.0,879.0,2079.0,893.0
1.0,5818.0,2924.0,2930.0,2975.0,2921.0,2921.0,2051.0,879.0,2049.0,875.0
1.0,5869.0,2892.0,2930.0,2921.0,2892.0,2892.0,2051.0,879.0,2023.0,869.0
1.0,5898.0,2896.0,2927.0,2892.0,2887.0,2887.0,2049.0,878.0,2026.0,870.0
1.0,5894.0,2929.0,2929.0,2887.0,2935.0,2935.0,2050.0,879.0,2051.0,878.0
1.0,5852.0,2998.0,2932.0,2935.0,3007.0,3007.0,2052.0,880.0,2098.0,900.0
1.0,5789.0,2989.0,2934.0,3007.0,2995.0,2995.0,2054.0,880.0,2091.0,898.0
1.0,5807.0,3018.0,2936.0,2995.0,3024.0,3024.0,2055.0,881.0,2113.0,905.0
1.0,5784.0,2931.0,2934.0,3024.0,2925.0,2925.0,2054.0,880.0,2051.0,880.0
1.0,5877.0,2943.0,2934.0,2925.0,2943.0,2943.0,2054.0,880.0,2061.0,882.0
1.0,5859.0,2878.0,2933.0,2943.0,2875.0,2875.0,2053.0,880.0,2014.0,864.0
1.0,5924.0,2938.0,2934.0,2875.0,2941.0,2941.0,2054.0,880.0,2057.0,881.0
1.0,5861.0,3055.0,2939.0,2941.0,3070.0,3070.0,2057.0,882.0,2138.0,917.0
1.0,5747.0,3018.0,2942.0,3070.0,3027.0,3027.0,2059.0,883.0,2112.0,906.0
1.0,5799.0,2949.0,2942.0,3027.0,2949.0,2949.0,2059.0,883.0,2065.0,884.0
1.0,5877.0,2919.0,2942.0,2949.0,2919.0,2919.0,2059.0,883.0,2042.0,877.0
1.0,5907.0,2808.0,2937.0,2919.0,2793.0,2793.0,2056.0,881.0,1966.0,842.0
1.0,6018.0,2852.0,2935.0,2793.0,2846.0,2846.0,2054.0,881.0,1997.0,855.0
1.0,5959.0,2920.0,2935.0,2846.0,2920.0,2920.0,2054.0,881.0,2044.0,876.0
1.0,5885.0,3003.0,2937.0,2920.0,3009.0,3009.0,2056.0,881.0,2101.0,902.0
1.0,5802.0,3042.0,2940.0,3009.0,3051.0,3051.0,2058.0,882.0,2130.0,912.0
1.0,5769.0,2924.0,2939.0,3051.0,2921.0,2921.0,2057.0,882.0,2048.0,876.0
1.0,5896.0,2913.0,2937.0,2921.0,2907.0,2907.0,2056.0,881.0,2038.0,875.0
1.0,5904.0,2857.0,2935.0,2907.0,2851.0,2851.0,2054.0,881.0,2001.0,856.0
1.0,5954.0,2967.0,2936.0,2851.0,2970.0,2970.0,2055.0,881.0,2075.0,892.0
1.0,5838.0,2978.0,2937.0,2970.0,2981.0,2981.0,2056.0,881.0,2085.0,893.0
1.0,5830.0,3012.0,2940.0,2981.0,3021.0,3021.0,2058.0,882.0,2107.0,905.0
1.0,5799.0,3012.0,2942.0,3021.0,3018.0,3018.0,2059.0,883.0,2110.0,902.0
1.0,5808.0,3019.0,2944.0,3018.0,3025.0,3025.0,2061.0,883.0,2112.0,907.0
1.0,5807.0,2927.0,2944.0,3025.0,2927.0,2927.0,2061.0,883.0,2049.0,878.0
1.0,5905.0,2866.0,2941.0,2927.0,2857.0,2857.0,2059.0,882.0,2007.0,859.0
1.0,5966.0,2880.0,2940.0,2857.0,2877.0,2877.0,2058.0,882.0,2015.0,865.0
1.0,5943.0,2882.0,2940.0,2877.0,2882.0,2882.0,2058.0,882.0,2017.0,865.0
1.0,5938.0,3009.0,2942.0,2882.0,3015.0,3015.0,2059.0,883.0,2107.0,902.0
1.0,5811.0,3049.0,2946.0,3015.0,3061.0,3061.0,2062.0,884.0,2134.0,915.0
1.0,5777.0,2980.0,2946.0,3061.0,2980.0,2980.0,2062.0,884.0,2087.0,893.0
1.0,5858.0,2935.0,2946.0,2980.0,2935.0,2935.0,2062.0,884.0,2052.0,883.0
1.0,5903.0,2900.0,2945.0,2935.0,2897.0,2897.0,2061.0,884.0,2031.0,869.0
1.0,5938.0,2850.0,2942.0,2897.0,2841.0,2841.0,2059.0,883.0,1995.0,855.0
1.0,5985.0,2989.0,2943.0,2841.0,2992.0,2992.0,2060.0,883.0,2091.0,898.0
1.0,5837.0,3092.0,2947.0,2992.0,3104.0,3104.0,2063.0,884.0,2165.0,927.0
1.0,5737.0,3053.0,2951.0,3104.0,3065.0,3065.0,2066.0,885.0,2137.0,916.0
1.0,5788.0,2988.0,2952.0,3065.0,2991.0,2991.0,2066.0,886.0,2092.0,896.0
1.0,5865.0,2971.0,2952.0,2991.0,2971.0,2971.0,2066.0,886.0,2080.0,891.0
1.0,5885.0,2897.0,2950.0,2971.0,2891.0,2891.0,2065.0,885.0,2027.0,870.0
1.0,5959.0,2915.0,2950.0,2891.0,2915.0,2915.0,2065.0,885.0,2040.0,875.0
1.0,5935.0,2985.0,2953.0,2915.0,2994.0,2994.0,2067.0,886.0,2089.0,896.0
1.0,5865.0,3009.0,2956.0,2994.0,3018.0,3018.0,2069.0,887.0,2107.0,902.0
1.0,5850.0,3038.0,2958.0,3018.0,3044.0,3044.0,2070.0,888.0,2126.0,912.0
1.0,5830.0,3003.0,2959.0,3044.0,3006.0,3006.0,2071.0,888.0,2102.0,901.0
1.0,5871.0,2952.0,2957.0,3006.0,2946.0,2946.0,2070.0,887.0,2066.0,886.0
1.0,5925.0,2891.0,2954.0,2946.0,2882.0,2882.0,2068.0,886.0,2024.0,867.0
1.0,5980.0,2906.0,2953.0,2882.0,2903.0,2903.0,2067.0,886.0,2033.0,873.0
1.0,5956.0,2957.0,2953.0,2903.0,2957.0,2957.0,2067.0,886.0,2070.0,887.0
1.0,5902.0,3006.0,2956.0,2957.0,3015.0,3015.0,2069.0,887.0,2106.0,900.0
1.0,5853.0,3058.0,2959.0,3015.0,3067.0,3067.0,2071.0,888.0,2140.0,918.0
1.0,5810.0,3063.0,2962.0,3067.0,3072.0,3072.0,2073.0,889.0,2144.0,919.0
1.0,5814.0,2989.0,2961.0,3072.0,2986.0,2986.0,2073.0,888.0,2092.0,897.0
1.0,5897.0,2867.0,2959.0,2986.0,2861.0,2861.0,2071.0,888.0,2007.0,860.0
1.0,6016.0,2907.0,2957.0,2861.0,2901.0,2901.0,2070.0,887.0,2034.0,873.0
1.0,5970.0,2957.0,2957.0,2901.0,2957.0,2957.0,2070.0,887.0,2070.0,887.0
1.0,5914.0,3069.0,2960.0,2957.0,3078.0,3078.0,2072.0,888.0,2148.0,921.0
1.0,5802.0,3003.0,2962.0,3078.0,3009.0,3009.0,2073.0,889.0,2103.0,900.0
1.0,5877.0,3053.0,2964.0,3009.0,3059.0,3059.0,2075.0,889.0,2137.0,916.0
1.0,5833.0,3004.0,2963.0,3059.0,3001.0,3001.0,2074.0,889.0,2102.0,902.0
1.0,5888.0,2937.0,2962.0,3001.0,2934.0,2934.0,2073.0,889.0,2057.0,880.0
1.0,5952.0,2944.0,2962.0,2934.0,2944.0,2944.0,2073.0,889.0,2061.0,883.0
1.0,5942.0,2949.0,2963.0,2944.0,2952.0,2952.0,2074.0,889.0,2065.0,884.0
1.0,5937.0,3064.0,2967.0,2952.0,3076.0,3076.0,2077.0,890.0,2143.0,921.0
1.0,5825.0,3060.0,2971.0,3076.0,3072.0,3072.0,2080.0,891.0,2142.0,918.0
1.0,5841.0,3048.0,2973.0,3072.0,3054.0,3054.0,2081.0,892.0,2133.0,915.0
1.0,5865.0,2971.0,2973.0,3054.0,2971.0,2971.0,2081.0,892.0,2082.0,889.0
1.0,5948.0,2883.0,2970.0,2971.0,2874.0,2874.0,2079.0,891.0,2016.0,867.0
1.0,6036.0,2883.0,2969.0,2874.0,2880.0,2880.0,2078.0,891.0,2019.0,864.0
1.0,6027.0,2944.0,2970.0,2880.0,2947.0,2947.0,2079.0,891.0,2061.0,883.0
1.0,5963.0,3074.0,2974.0,2947.0,3086.0,3086.0,2082.0,892.0,2150.0,924.0
1.0,5836.0,2999.0,2974.0,3086.0,2999.0,2999.0,2082.0,892.0,2100.0,899.0
1.0,5923.0,3041.0,2976.0,2999.0,3047.0,3047.0,2083.0,893.0,2129.0,912.0
1.0,5881.0,2975.0,2975.0,3047.0,2972.0,2972.0,2082.0,893.0,2082.0,893.0
1.0,5953.0,2947.0,2974.0,2972.0,2944.0,2944.0,2082.0,892.0,2062.0,885.0
1.0,5978.0,2959.0,2973.0,2944.0,2956.0,2956.0,2081.0,892.0,2073.0,886.0
1.0,5963.0,3023.0,2974.0,2956.0,3026.0,3026.0,2082.0,892.0,2115.0,908.0
1.0,5896.0,3012.0,2977.0,3026.0,3021.0,3021.0,2084.0,893.0,2108.0,904.0
1.0,5910.0,3076.0,2981.0,3021.0,3088.0,3088.0,2087.0,894.0,2153.0,923.0
1.0,5855.0,3065.0,2984.0,3088.0,3074.0,3074.0,2089.0,895.0,2145.0,920.0
1.0,5878.0,2897.0,2983.0,3074.0,2894.0,2894.0,2088.0,895.0,2029.0,868.0
1.0,6055.0,2983.0,2981.0,2894.0,2977.0,2977.0,2087.0,894.0,2087.0,896.0
1.0,5966.0,2977.0,2981.0,2977.0,2977.0,2977.0,2087.0,894.0,2084.0,893.0
1.0,5966.0,2934.0,2981.0,2977.0,2934.0,2934.0,2087.0,894.0,2054.0,880.0
1.0,6009.0,3049.0,2984.0,2934.0,3058.0,3058.0,2089.0,895.0,2134.0,915.0
1.0,5894.0,3114.0,2989.0,3058.0,3129.0,3129.0,2092.0,897.0,2180.0,934.0
1.0,5838.0,3034.0,2990.0,3129.0,3037.0,3037.0,2093.0,897.0,2125.0,909.0
1.0,5933.0,2973.0,2987.0,3037.0,2964.0,2964.0,2091.0,896.0,2080.0,893.0
1.0,5997.0,2927.0,2986.0,2964.0,2924.0,2924.0,2090.0,896.0,2049.0,878.0
1.0,6034.0,2880.0,2983.0,2924.0,2871.0,2871.0,2088.0,895.0,2017.0,863.0
1.0,6078.0,3022.0,2984.0,2871.0,3025.0,3025.0,2089.0,895.0,2113.0,909.0
1.0,5927.0,3058.0,2987.0,3025.0,3067.0,3067.0,2091.0,896.0,2140.0,918.0
1.0,5894.0,3181.0,2993.0,3067.0,3199.0,3199.0,2095.0,898.0,2228.0,953.0
1.0,5780.0,3030.0,2993.0,3199.0,3030.0,3030.0,2095.0,898.0,2122.0,908.0
1.0,5949.0,2966.0,2993.0,3030.0,2966.0,2966.0,2095.0,898.0,2075.0,891.0
1.0,6013.0,3003.0,2992.0,2966.0,3000.0,3000.0,2094.0,898.0,2102.0,901.0
1.0,5976.0,2974.0,2991.0,3000.0,2971.0,2971.0,2094.0,897.0,2081.0,893.0
1.0,6002.0,2957.0,2991.0,2971.0,2957.0,2957.0,2094.0,897.0,2070.0,887.0
1.0,6016.0,3082.0,2995.0,2957.0,3094.0,3094.0,2096.0,899.0,2158.0,924.0
1.0,5891.0,3055.0,2997.0,3094.0,3061.0,3061.0,2098.0,899.0,2138.0,917.0
1.0,5930.0,3082.0,3000.0,3061.0,3091.0,3091.0,2100.0,900.0,2158.0,924.0
1.0,5909.0,3040.0,3000.0,3091.0,3040.0,3040.0,2100.0,900.0,2127.0,913.0
1.0,5960.0,2963.0,2999.0,3040.0,2960.0,2960.0,2099.0,900.0,2075.0,888.0
1.0,6037.0,2964.0,2997.0,2960.0,2958.0,2958.0,2098.0,899.0,2073.0,891.0
1.0,6033.0,2968.0,2997.0,2958.0,2968.0,2968.0,2098.0,899.0,2080.0,888.0
1.0,6023.0,3045.0,3000.0,2968.0,3054.0,3054.0,2100.0,900.0,2131.0,914.0
1.0,5946.0,3147.0,3005.0,3054.0,3162.0,3162.0,2103.0,902.0,2201.0,946.0
1.0,5853.0,3000.0,3006.0,3162.0,3003.0,3003.0,2104.0,902.0,2101.0,899.0
1.0,6015.0,2946.0,3003.0,3003.0,2937.0,2937.0,2102.0,901.0,2062.0,884.0
1.0,6072.0,2937.0,3002.0,2937.0,2934.0,2934.0,2101.0,901.0,2056.0,881.0
1.0,6072.0,2964.0,3000.0,2934.0,2958.0,2958.0,2100.0,900.0,2074.0,890.0
1.0,6042.0,3012.0,3000.0,2958.0,3012.0,3012.0,2100.0,900.0,2108.0,904.0
1.0,5988.0,3050.0,3003.0,3012.0,3059.0,3059.0,2102.0,901.0,2136.0,914.0
1.0,5950.0,3129.0,3006.0,3059.0,3138.0,3138.0,2104.0,902.0,2190.0,939.0
1.0,5880.0,2982.0,3007.0,3138.0,2985.0,2985.0,2105.0,902.0,2088.0,894.0
1.0,6036.0,2986.0,3006.0,2985.0,2983.0,2983.0,2104.0,902.0,2089.0,897.0
1.0,6035.0,2969.0,3003.0,2983.0,2960.0,2960.0,2102.0,901.0,2077.0,892.0
1.0,6049.0,2951.0,3002.0,2960.0,2948.0,2948.0,2101.0,901.0,2067.0,884.0
1.0,6058.0,3075.0,3003.0,2948.0,3078.0,3078.0,2102.0,901.0,2151.0,924.0
1.0,5931.0,2992.0,3006.0,3078.0,3001.0,3001.0,2104.0,902.0,2095.0,897.0
1.0,6017.0,3157.0,3011.0,3001.0,3172.0,3172.0,2108.0,903.0,2209.0,948.0
1.0,5861.0,3056.0,3013.0,3172.0,3062.0,3062.0,2109.0,904.0,2140.0,916.0
1.0,5977.0,2976.0,3011.0,3062.0,2970.0,2970.0,2108.0,903.0,2082.0,894.0
1.0,6063.0,2940.0,3010.0,2970.0,2937.0,2937.0,2107.0,903.0,2058.0,882.0
1.0,6093.0,2970.0,3009.0,2937.0,2967.0,2967.0,2106.0,903.0,2080.0,890.0
1.0,6060.0,3016.0,3010.0,2967.0,3019.0,3019.0,2107.0,903.0,2111.0,905.0
1.0,6011.0,3045.0,3012.0,3019.0,3051.0,3051.0,2108.0,904.0,2130.0,915.0
1.0,5985.0,3034.0,3013.0,3051.0,3037.0,3037.0,2109.0,904.0,2125.0,909.0
1.0,6002.0,3015.0,3013.0,3037.0,3015.0,3015.0,2109.0,904.0,2110.0,905.0
1.0,6024.0,3014.0,3013.0,3015.0,3014.0,3014.0,2109.0,904.0,2110.0,904.0
1.0,6025.0,2961.0,3010.0,3014.0,2952.0,2952.0,2107.0,903.0,2072.0,889.0
1.0,6078.0,3026.0,3010.0,2952.0,3026.0,3026.0,2107.0,903.0,2118.0,908.0
1.0,6004.0,3055.0,3013.0,3026.0,3064.0,3064.0,2109.0,904.0,2140.0,915.0
1.0,5975.0,2994.0,3013.0,3064.0,2994.0,2994.0,2109.0,904.0,2096.0,898.0
1.0,6045.0,3093.0,3016.0,2994.0,3102.0,3102.0,2111.0,905.0,2164.0,929.0
1.0,5946.0,3091.0,3019.0,3102.0,3100.0,3100.0,2113.0,906.0,2163.0,928.0
1.0,5957.0,2980.0,3017.0,3100.0,2974.0,2974.0,2112.0,905.0,2085.0,895.0
1.0,6077.0,2968.0,3014.0,2974.0,2959.0,2959.0,2110.0,904.0,2079.0,889.0
1.0,6083.0,2940.0,3013.0,2959.0,2937.0,2937.0,2109.0,904.0,2059.0,881.0
1.0,6102.0,3010.0,3013.0,2937.0,3010.0,3010.0,2109.0,904.0,2105.0,905.0
1.0,6029.0,3023.0,3015.0,3010.0,3029.0,3029.0,2110.0,905.0,2117.0,906.0
1.0,6016.0,3093.0,3019.0,3029.0,3105.0,3105.0,2113.0,906.0,2166.0,927.0
1.0,5952.0,3056.0,3020.0,3105.0,3059.0,3059.0,2114.0,906.0,2139.0,917.0
1.0,6001.0,3007.0,3019.0,3059.0,3004.0,3004.0,2113.0,906.0,2105.0,902.0
1.0,6053.0,2964.0,3014.0,3004.0,2949.0,2949.0,2110.0,904.0,2074.0,890.0
1.0,6093.0,3021.0,3014.0,2949.0,3021.0,3021.0,2110.0,904.0,2115.0,906.0
1.0,6021.0,3056.0,3016.0,3021.0,3062.0,3062.0,2111.0,905.0,2140.0,916.0
1.0,5986.0,3070.0,3017.0,3062.0,3073.0,3073.0,2112.0,905.0,2148.0,922.0
1.0,5978.0,3143.0,3020.0,3073.0,3152.0,3152.0,2114.0,906.0,2200.0,943.0
1.0,5908.0,3092.0,3023.0,3152.0,3101.0,3101.0,2116.0,907.0,2166.0,926.0
1.0,5968.0,3009.0,3022.0,3101.0,3006.0,3006.0,2115.0,907.0,2105.0,904.0
1.0,6060.0,2918.0,3019.0,3006.0,2909.0,2909.0,2113.0,906.0,2043.0,875.0
1.0,6148.0,2944.0,3016.0,2909.0,2935.0,2935.0,2111.0,905.0,2060.0,884.0
1.0,6113.0,3040.0,3016.0,2935.0,3040.0,3040.0,2111.0,905.0,2128.0,912.0
1.0,6008.0,3083.0,3019.0,3040.0,3092.0,3092.0,2113.0,906.0,2159.0,924.0
1.0,5965.0,3072.0,3021.0,3092.0,3078.0,3078.0,2115.0,906.0,2150.0,922.0
1.0,5985.0,3032.0,3022.0,3078.0,3035.0,3035.0,2115.0,907.0,2122.0,910.0
1.0,6031.0,3095.0,3023.0,3035.0,3098.0,3098.0,2116.0,907.0,2165.0,930.0
1.0,5971.0,2964.0,3020.0,3098.0,2955.0,2955.0,2114.0,906.0,2075.0,889.0
1.0,6105.0,3047.0,3020.0,2955.0,3047.0,3047.0,2114.0,906.0,2134.0,913.0
1.0,6013.0,3050.0,3023.0,3047.0,3059.0,3059.0,2116.0,907.0,2136.0,914.0
1.0,6010.0,3138.0,3026.0,3059.0,3147.0,3147.0,2118.0,908.0,2194.0,944.0
1.0,5931.0,3139.0,3030.0,3147.0,3151.0,3151.0,2121.0,909.0,2200.0,939.0
1.0,5939.0,3086.0,3031.0,3151.0,3089.0,3089.0,2122.0,909.0,2158.0,928.0
1.0,6004.0,3000.0,3030.0,3089.0,2997.0,2997.0,2121.0,909.0,2100.0,900.0
1.0,6093.0,2987.0,3027.0,2997.0,2978.0,2978.0,2119.0,908.0,2091.0,896.0
1.0,6103.0,2923.0,3026.0,2978.0,2920.0,2920.0,2118.0,908.0,2045.0,878.0
1.0,6158.0,3040.0,3027.0,2920.0,3043.0,3043.0,2119.0,908.0,2129.0,911.0
1.0,6038.0,3106.0,3030.0,3043.0,3115.0,3115.0,2121.0,909.0,2174.0,932.0
1.0,5975.0,3106.0,3033.0,3115.0,3115.0,3115.0,2123.0,910.0,2176.0,930.0
1.0,5984.0,3123.0,3034.0,3115.0,3126.0,3126.0,2124.0,910.0,2184.0,939.0
1.0,5976.0,3085.0,3036.0,3126.0,3091.0,3091.0,2125.0,911.0,2161.0,924.0
1.0,6017.0,2934.0,3031.0,3091.0,2919.0,2919.0,2122.0,909.0,2053.0,881.0
1.0,6174.0,3026.0,3030.0,2919.0,3023.0,3023.0,2121.0,909.0,2118.0,908.0
1.0,6067.0,3069.0,3033.0,3023.0,3078.0,3078.0,2123.0,910.0,2149.0,920.0
1.0,6021.0,3100.0,3036.0,3078.0,3109.0,3109.0,2125.0,911.0,2170.0,930.0
1.0,5999.0,3132.0,3039.0,3109.0,3141.0,3141.0,2127.0,912.0,2192.0,940.0
1.0,5976.0,3049.0,3040.0,3141.0,3052.0,3052.0,2128.0,912.0,2134.0,915.0
1.0,6068.0,3005.0,3039.0,3052.0,3002.0,3002.0,2127.0,912.0,2103.0,902.0
1.0,6115.0,3010.0,3039.0,3002.0,3010.0,3010.0,2127.0,912.0,2107.0,903.0
1.0,6107.0,2966.0,3037.0,3010.0,2960.0,2960.0,2126.0,911.0,2075.0,891.0
1.0,6151.0,3093.0,3039.0,2960.0,3099.0,3099.0,2127.0,912.0,2166.0,927.0
1.0,6018.0,3123.0,3042.0,3099.0,3132.0,3132.0,2129.0,913.0,2186.0,937.0
1.0,5994.0,3103.0,3043.0,3132.0,3106.0,3106.0,2130.0,913.0,2173.0,930.0
1.0,6023.0,3136.0,3045.0,3106.0,3142.0,3142.0,2131.0,914.0,2194.0,942.0
1.0,5993.0,3023.0,3046.0,3142.0,3026.0,3026.0,2132.0,914.0,2116.0,907.0
1.0,6112.0,2965.0,3043.0,3026.0,2956.0,2956.0,2130.0,913.0,2077.0,888.0
1.0,6173.0,3027.0,3042.0,2956.0,3024.0,3024.0,2129.0,913.0,2118.0,909.0
1.0,6102.0,3009.0,3043.0,3024.0,3012.0,3012.0,2130.0,913.0,2107.0,902.0
1.0,6117.0,3163.0,3046.0,3012.0,3172.0,3172.0,2132.0,914.0,2214.0,949.0
1.0,5966.0,3217.0,3052.0,3172.0,3235.0,3235.0,2136.0,916.0,2250.0,967.0
1.0,5921.0,3143.0,3054.0,3235.0,3149.0,3149.0,2138.0,916.0,2200.0,943.0
1.0,6013.0,3044.0,3054.0,3149.0,3044.0,3044.0,2138.0,916.0,2131.0,913.0
1.0,6118.0,3005.0,3053.0,3044.0,3002.0,3002.0,2137.0,916.0,2105.0,900.0
1.0,6157.0,3025.0,3052.0,3002.0,3022.0,3022.0,2136.0,916.0,2117.0,908.0
1.0,6134.0,2980.0,3052.0,3022.0,2980.0,2980.0,2136.0,916.0,2086.0,894.0
1.0,6176.0,3143.0,3055.0,2980.0,3152.0,3152.0,2138.0,917.0,2200.0,943.0
1.0,6013.0,3163.0,3057.0,3152.0,3169.0,3169.0,2140.0,917.0,2214.0,949.0
1.0,6002.0,3083.0,3059.0,3169.0,3089.0,3089.0,2141.0,918.0,2158.0,925.0
1.0,6088.0,3032.0,3057.0,3089.0,3026.0,3026.0,2140.0,917.0,2122.0,910.0
1.0,6145.0,3044.0,3056.0,3026.0,3041.0,3041.0,2139.0,917.0,2131.0,913.0
1.0,6127.0,2996.0,3054.0,3041.0,2990.0,2990.0,2138.0,916.0,2096.0,900.0
1.0,6172.0,3100.0,3056.0,2990.0,3106.0,3106.0,2139.0,917.0,2171.0,929.0
1.0,6062.0,3161.0,3060.0,3106.0,3173.0,3173.0,2142.0,918.0,2213.0,948.0
1.0,6007.0,3165.0,3064.0,3173.0,3177.0,3177.0,2145.0,919.0,2214.0,951.0
1.0,6015.0,3117.0,3066.0,3177.0,3123.0,3123.0,2146.0,920.0,2183.0,934.0
1.0,6075.0,2980.0,3064.0,3123.0,2974.0,2974.0,2145.0,919.0,2087.0,893.0
1.0,6218.0,3006.0,3063.0,2974.0,3003.0,3003.0,2144.0,919.0,2103.0,903.0
1.0,6186.0,2977.0,3062.0,3003.0,2974.0,2974.0,2143.0,919.0,2083.0,894.0
1.0,6212.0,3056.0,3061.0,2974.0,3053.0,3053.0,2143.0,918.0,2139.0,917.0
1.0,6130.0,3118.0,3064.0,3053.0,3127.0,3127.0,2145.0,919.0,2184.0,934.0
1.0,6065.0,3139.0,3066.0,3127.0,3145.0,3145.0,2146.0,920.0,2196.0,943.0
1.0,6053.0,3066.0,3066.0,3145.0,3066.0,3066.0,2146.0,920.0,2146.0,920.0
1.0,6132.0,3124.0,3066.0,3066.0,3124.0,3124.0,2146.0,920.0,2187.0,937.0
1.0,6074.0,3084.0,3064.0,3124.0,3078.0,3078.0,2145.0,919.0,2159.0,925.0
1.0,6114.0,3026.0,3063.0,3078.0,3023.0,3023.0,2144.0,919.0,2117.0,909.0
1.0,6166.0,3054.0,3064.0,3023.0,3057.0,3057.0,2145.0,919.0,2139.0,915.0
1.0,6135.0,3202.0,3069.0,3057.0,3217.0,3217.0,2148.0,921.0,2241.0,961.0
1.0,5990.0,3132.0,3073.0,3217.0,3144.0,3144.0,2151.0,922.0,2193.0,939.0
1.0,6075.0,3099.0,3074.0,3144.0,3102.0,3102.0,2152.0,922.0,2170.0,929.0
1.0,6120.0,3041.0,3073.0,3102.0,3038.0,3038.0,2151.0,922.0,2128.0,913.0
1.0,6181.0,3010.0,3070.0,3038.0,3001.0,3001.0,2149.0,921.0,2106.0,904.0
1.0,6209.0,3063.0,3070.0,3001.0,3063.0,3063.0,2149.0,921.0,2145.0,918.0
1.0,6147.0,3066.0,3069.0,3063.0,3063.0,3063.0,2148.0,921.0,2146.0,920.0
1.0,6144.0,3172.0,3074.0,3063.0,3187.0,3187.0,2152.0,922.0,2221.0,951.0
1.0,6035.0,3174.0,3077.0,3187.0,3183.0,3183.0,2154.0,923.0,2221.0,953.0
1.0,6048.0,3087.0,3077.0,3183.0,3087.0,3087.0,2154.0,923.0,2161.0,926.0
1.0,6144.0,3041.0,3076.0,3087.0,3038.0,3038.0,2153.0,923.0,2128.0,913.0
1.0,6190.0,3020.0,3073.0,3038.0,3011.0,3011.0,2151.0,922.0,2113.0,907.0
1.0,6208.0,3011.0,3073.0,3011.0,3011.0,3011.0,2151.0,922.0,2110.0,901.0
1.0,6208.0,3105.0,3074.0,3011.0,3108.0,3108.0,2152.0,922.0,2172.0,933.0
1.0,6114.0,3148.0,3077.0,3108.0,3157.0,3157.0,2154.0,923.0,2203.0,945.0
1.0,6074.0,3098.0,3080.0,3157.0,3107.0,3107.0,2156.0,924.0,2169.0,929.0
1.0,6133.0,3113.0,3080.0,3107.0,3113.0,3113.0,2156.0,924.0,2180.0,933.0
1.0,6127.0,3050.0,3079.0,3113.0,3047.0,3047.0,2155.0,924.0,2134.0,916.0
1.0,6190.0,3010.0,3077.0,3047.0,3004.0,3004.0,2154.0,923.0,2106.0,904.0
1.0,6227.0,3025.0,3075.0,3004.0,3019.0,3019.0,2152.0,923.0,2118.0,907.0
1.0,6206.0,3070.0,3076.0,3019.0,3073.0,3073.0,2153.0,923.0,2150.0,920.0
1.0,6155.0,3138.0,3079.0,3073.0,3147.0,3147.0,2155.0,924.0,2196.0,942.0
1.0,6090.0,3193.0,3083.0,3147.0,3205.0,3205.0,2158.0,925.0,2235.0,958.0
1.0,6044.0,3077.0,3084.0,3205.0,3080.0,3080.0,2159.0,925.0,2155.0,922.0
1.0,6172.0,3093.0,3083.0,3080.0,3090.0,3090.0,2158.0,925.0,2164.0,929.0
1.0,6159.0,2957.0,3077.0,3090.0,2939.0,2939.0,2154.0,923.0,2069.0,888.0
1.0,6292.0,3054.0,3076.0,2939.0,3051.0,3051.0,2153.0,923.0,2139.0,915.0
1.0,6177.0,3046.0,3076.0,3051.0,3046.0,3046.0,2153.0,923.0,2132.0,914.0
1.0,6182.0,3219.0,3080.0,3046.0,3231.0,3231.0,2156.0,924.0,2252.0,967.0
1.0,6009.0,3157.0,3083.0,3231.0,3166.0,3166.0,2158.0,925.0,2211.0,946.0
1.0,6083.0,3059.0,3084.0,3166.0,3062.0,3062.0,2159.0,925.0,2140.0,919.0
1.0,6190.0,2967.0,3080.0,3062.0,2955.0,2955.0,2156.0,924.0,2077.0,890.0
1.0,6285.0,3030.0,3078.0,2955.0,3024.0,3024.0,2155.0,923.0,2122.0,908.0
1.0,6210.0,3024.0,3077.0,3024.0,3021.0,3021.0,2154.0,923.0,2116.0,908.0
1.0,6210.0,3079.0,3077.0,3021.0,3079.0,3079.0,2154.0,923.0,2156.0,923.0
1.0,6152.0,3190.0,3080.0,3079.0,3199.0,3199.0,2156.0,924.0,2232.0,958.0
1.0,6041.0,3196.0,3084.0,3199.0,3208.0,3208.0,2159.0,925.0,2238.0,958.0
1.0,6044.0,3143.0,3086.0,3208.0,3149.0,3149.0,2160.0,926.0,2200.0,943.0
1.0,6109.0,3137.0,3085.0,3149.0,3134.0,3134.0,2159.0,926.0,2196.0,941.0
1.0,6121.0,2991.0,3081.0,3134.0,2979.0,2979.0,2157.0,924.0,2094.0,897.0
1.0,6264.0,3104.0,3081.0,2979.0,3104.0,3104.0,2157.0,924.0,2173.0,931.0
1.0,6139.0,3106.0,3083.0,3104.0,3112.0,3112.0,2158.0,925.0,2174.0,932.0
1.0,6137.0,3115.0,3086.0,3112.0,3124.0,3124.0,2160.0,926.0,2181.0,934.0
1.0,6134.0,3192.0,3090.0,3124.0,3204.0,3204.0,2163.0,927.0,2235.0,957.0
1.0,6066.0,3128.0,3091.0,3204.0,3131.0,3131.0,2164.0,927.0,2188.0,940.0
1.0,6142.0,3050.0,3090.0,3131.0,3047.0,3047.0,2163.0,927.0,2134.0,916.0
1.0,6223.0,2993.0,3087.0,3047.0,2984.0,2984.0,2161.0,926.0,2095.0,898.0
1.0,6277.0,3103.0,3087.0,2984.0,3103.0,3103.0,2161.0,926.0,2172.0,931.0
1.0,6158.0,3106.0,3087.0,3103.0,3106.0,3106.0,2161.0,926.0,2174.0,932.0
1.0,6155.0,3248.0,3090.0,3106.0,3257.0,3257.0,2163.0,927.0,2273.0,975.0
1.0,6013.0,3178.0,3093.0,3257.0,3187.0,3187.0,2165.0,928.0,2224.0,954.0
1.0,6092.0,3146.0,3096.0,3187.0,3155.0,3155.0,2167.0,929.0,2203.0,943.0
1.0,6133.0,3058.0,3093.0,3155.0,3049.0,3049.0,2165.0,928.0,2142.0,916.0
1.0,6230.0,3013.0,3090.0,3049.0,3004.0,3004.0,2163.0,927.0,2107.0,906.0
1.0,6266.0,3084.0,3090.0,3004.0,3084.0,3084.0,2163.0,927.0,2159.0,925.0
1.0,6186.0,3160.0,3093.0,3084.0,3169.0,3169.0,2165.0,928.0,2214.0,946.0
1.0,6110.0,3122.0,3094.0,3169.0,3125.0,3125.0,2166.0,928.0,2184.0,938.0
1.0,6157.0,3178.0,3097.0,3125.0,3187.0,3187.0,2168.0,929.0,2223.0,955.0
1.0,6104.0,3172.0,3099.0,3187.0,3178.0,3178.0,2169.0,930.0,2222.0,950.0
1.0,6119.0,3100.0,3097.0,3178.0,3094.0,3094.0,2168.0,929.0,2169.0,931.0
1.0,6197.0,3057.0,3095.0,3094.0,3051.0,3051.0,2166.0,929.0,2141.0,916.0
1.0,6234.0,3051.0,3094.0,3051.0,3048.0,3048.0,2166.0,928.0,2135.0,916.0
1.0,6234.0,3066.0,3095.0,3048.0,3069.0,3069.0,2166.0,929.0,2146.0,920.0
1.0,6216.0,3181.0,3097.0,3069.0,3187.0,3187.0,2168.0,929.0,2226.0,955.0
1.0,6104.0,3131.0,3100.0,3187.0,3140.0,3140.0,2170.0,930.0,2191.0,940.0
1.0,6160.0,3159.0,3101.0,3140.0,3162.0,3162.0,2171.0,930.0,2212.0,947.0
1.0,6141.0,3094.0,3100.0,3162.0,3091.0,3091.0,2170.0,930.0,2165.0,929.0
1.0,6209.0,3033.0,3099.0,3091.0,3030.0,3030.0,2169.0,930.0,2124.0,909.0
1.0,6267.0,3123.0,3099.0,3030.0,3123.0,3123.0,2169.0,930.0,2187.0,936.0
1.0,6174.0,3122.0,3100.0,3123.0,3125.0,3125.0,2170.0,930.0,2183.0,939.0
1.0,6175.0,3159.0,3103.0,3125.0,3168.0,3168.0,2172.0,931.0,2211.0,948.0
1.0,6141.0,3234.0,3107.0,3168.0,3246.0,3246.0,2175.0,932.0,2264.0,970.0
1.0,6075.0,3166.0,3109.0,3246.0,3172.0,3172.0,2176.0,933.0,2217.0,949.0
1.0,6155.0,3093.0,3109.0,3172.0,3093.0,3093.0,2176.0,933.0,2165.0,928.0
1.0,6234.0,3123.0,3107.0,3093.0,3117.0,3117.0,2175.0,932.0,2185.0,938.0
1.0,6204.0,3069.0,3107.0,3117.0,3069.0,3069.0,2175.0,932.0,2148.0,921.0
1.0,6252.0,3192.0,3109.0,3069.0,3198.0,3198.0,2176.0,933.0,2235.0,957.0
1.0,6129.0,3161.0,3113.0,3198.0,3173.0,3173.0,2179.0,934.0,2212.0,949.0
1.0,6166.0,3189.0,3116.0,3173.0,3198.0,3198.0,2181.0,935.0,2232.0,957.0
1.0,6150.0,3141.0,3117.0,3198.0,3144.0,3144.0,2182.0,935.0,2197.0,944.0
1.0,6207.0,3096.0,3115.0,3144.0,3090.0,3090.0,2180.0,935.0,2168.0,928.0
1.0,6255.0,3084.0,3113.0,3090.0,3078.0,3078.0,2179.0,934.0,2158.0,926.0
1.0,6261.0,3086.0,3114.0,3078.0,3089.0,3089.0,2180.0,934.0,2160.0,926.0
1.0,6253.0,3154.0,3117.0,3089.0,3163.0,3163.0,2182.0,935.0,2208.0,946.0
1.0,6188.0,3180.0,3120.0,3163.0,3189.0,3189.0,2184.0,936.0,2225.0,955.0
1.0,6171.0,3180.0,3123.0,3189.0,3189.0,3189.0,2186.0,937.0,2228.0,952.0
1.0,6180.0,3169.0,3125.0,3189.0,3175.0,3175.0,2187.0,938.0,2218.0,951.0
1.0,6200.0,3088.0,3123.0,3175.0,3082.0,3082.0,2186.0,937.0,2162.0,926.0
1.0,6287.0,3084.0,3121.0,3082.0,3078.0,3078.0,2185.0,936.0,2158.0,926.0
1.0,6285.0,3133.0,3120.0,3078.0,3130.0,3130.0,2184.0,936.0,2193.0,940.0
1.0,6230.0,3104.0,3120.0,3130.0,3104.0,3104.0,2184.0,936.0,2173.0,931.0
1.0,6256.0,3162.0,3123.0,3104.0,3171.0,3171.0,2186.0,937.0,2215.0,947.0
1.0,6198.0,3233.0,3126.0,3171.0,3242.0,3242.0,2188.0,938.0,2262.0,971.0
1.0,6136.0,3180.0,3127.0,3242.0,3183.0,3183.0,2189.0,938.0,2225.0,955.0
1.0,6198.0,3139.0,3127.0,3183.0,3139.0,3139.0,2189.0,938.0,2198.0,941.0
1.0,6242.0,3060.0,3126.0,3139.0,3057.0,3057.0,2188.0,938.0,2142.0,918.0
1.0,6321.0,3106.0,3125.0,3057.0,3103.0,3103.0,2187.0,938.0,2174.0,932.0
1.0,6272.0,3135.0,3126.0,3103.0,3138.0,3138.0,2188.0,938.0,2195.0,940.0
1.0,6240.0,3204.0,3130.0,3138.0,3216.0,3216.0,2191.0,939.0,2241.0,963.0
1.0,6174.0,3275.0,3134.0,3216.0,3287.0,3287.0,2194.0,940.0,2292.0,983.0
1.0,6115.0,3170.0,3135.0,3287.0,3173.0,3173.0,2194.0,941.0,2220.0,950.0
1.0,6232.0,3105.0,3133.0,3173.0,3099.0,3099.0,2193.0,940.0,2174.0,931.0
1.0,6300.0,3133.0,3132.0,3099.0,3130.0,3130.0,2192.0,940.0,2192.0,941.0
1.0,6266.0,3093.0,3130.0,3130.0,3087.0,3087.0,2191.0,939.0,2165.0,928.0
1.0,6303.0,3187.0,3133.0,3087.0,3196.0,3196.0,2193.0,940.0,2232.0,955.0
1.0,6203.0,3258.0,3137.0,3196.0,3270.0,3270.0,2196.0,941.0,2279.0,979.0
1.0,6141.0,3251.0,3140.0,3270.0,3260.0,3260.0,2198.0,942.0,2275.0,976.0
1.0,6160.0,3160.0,3140.0,3260.0,3160.0,3160.0,2198.0,942.0,2213.0,947.0
1.0,6260.0,3054.0,3140.0,3160.0,3054.0,3054.0,2198.0,942.0,2139.0,915.0
1.0,6366.0,3101.0,3139.0,3054.0,3098.0,3098.0,2197.0,942.0,2170.0,931.0
1.0,6319.0,3060.0,3136.0,3098.0,3051.0,3051.0,2195.0,941.0,2143.0,917.0
1.0,6357.0,3168.0,3137.0,3051.0,3171.0,3171.0,2196.0,941.0,2215.0,953.0
1.0,6240.0,3225.0,3140.0,3171.0,3234.0,3234.0,2198.0,942.0,2257.0,968.0
1.0,6186.0,3242.0,3144.0,3234.0,3254.0,3254.0,2201.0,943.0,2270.0,972.0
1.0,6178.0,3179.0,3146.0,3254.0,3185.0,3185.0,2202.0,944.0,2226.0,953.0
1.0,6253.0,3153.0,3146.0,3185.0,3153.0,3153.0,2202.0,944.0,2207.0,946.0
1.0,6285.0,3060.0,3144.0,3153.0,3054.0,3054.0,2201.0,943.0,2141.0,919.0
1.0,6378.0,3058.0,3143.0,3054.0,3055.0,3055.0,2200.0,943.0,2142.0,916.0
1.0,6374.0,3208.0,3145.0,3055.0,3214.0,3214.0,2201.0,944.0,2244.0,964.0
1.0,6221.0,3238.0,3149.0,3214.0,3250.0,3250.0,2204.0,945.0,2267.0,971.0
1.0,6197.0,3216.0,3150.0,3250.0,3219.0,3219.0,2205.0,945.0,2252.0,964.0
1.0,6231.0,3182.0,3152.0,3219.0,3188.0,3188.0,2206.0,946.0,2226.0,956.0
1.0,6268.0,3132.0,3151.0,3188.0,3129.0,3129.0,2206.0,945.0,2192.0,940.0
1.0,6324.0,3108.0,3149.0,3129.0,3102.0,3102.0,2204.0,945.0,2176.0,932.0
1.0,6345.0,3083.0,3147.0,3102.0,3077.0,3077.0,2203.0,944.0,2157.0,926.0
1.0,6364.0,3187.0,3149.0,3077.0,3193.0,3193.0,2204.0,945.0,2232.0,955.0
1.0,6254.0,3275.0,3152.0,3193.0,3284.0,3284.0,2206.0,946.0,2292.0,983.0
1.0,6172.0,3242.0,3155.0,3284.0,3251.0,3251.0,2208.0,947.0,2270.0,972.0
1.0,6214.0,3181.0,3155.0,3251.0,3181.0,3181.0,2208.0,947.0,2226.0,955.0
1.0,6284.0,3159.0,3155.0,3181.0,3159.0,3159.0,2208.0,947.0,2212.0,947.0
1.0,6306.0,3064.0,3153.0,3159.0,3058.0,3058.0,2207.0,946.0,2145.0,919.0
1.0,6401.0,3130.0,3152.0,3058.0,3127.0,3127.0,2206.0,946.0,2191.0,939.0
1.0,6329.0,3156.0,3153.0,3127.0,3159.0,3159.0,2207.0,946.0,2210.0,946.0
1.0,6300.0,3222.0,3156.0,3159.0,3231.0,3231.0,2209.0,947.0,2254.0,968.0
1.0,6237.0,3256.0,3159.0,3231.0,3265.0,3265.0,2211.0,948.0,2280.0,976.0
1.0,6212.0,3172.0,3160.0,3265.0,3175.0,3175.0,2212.0,948.0,2220.0,952.0
1.0,6305.0,3113.0,3159.0,3175.0,3110.0,3110.0,2211.0,948.0,2178.0,935.0
1.0,6367.0,3054.0,3156.0,3110.0,3045.0,3045.0,2209.0,947.0,2139.0,915.0
1.0,6423.0,3114.0,3155.0,3045.0,3111.0,3111.0,2208.0,947.0,2179.0,935.0
1.0,6354.0,3196.0,3157.0,3111.0,3202.0,3202.0,2210.0,947.0,2236.0,960.0
1.0,6269.0,3140.0,3158.0,3202.0,3143.0,3143.0,2211.0,947.0,2199.0,941.0
1.0,6331.0,3199.0,3159.0,3143.0,3202.0,3202.0,2211.0,948.0,2240.0,959.0
1.0,6275.0,3239.0,3162.0,3202.0,3248.0,3248.0,2213.0,949.0,2267.0,972.0
1.0,6238.0,3142.0,3162.0,3248.0,3142.0,3142.0,2213.0,949.0,2198.0,944.0
1.0,6344.0,3157.0,3160.0,3142.0,3151.0,3151.0,2212.0,948.0,2209.0,948.0
1.0,6329.0,3140.0,3159.0,3151.0,3137.0,3137.0,2211.0,948.0,2200.0,940.0
1.0,6340.0,3160.0,3160.0,3137.0,3163.0,3163.0,2212.0,948.0,2212.0,948.0
1.0,6317.0,3322.0,3165.0,3163.0,3337.0,3337.0,2215.0,950.0,2325.0,997.0
1.0,6158.0,3311.0,3169.0,3337.0,3323.0,3323.0,2218.0,951.0,2317.0,994.0
1.0,6184.0,3256.0,3171.0,3323.0,3262.0,3262.0,2220.0,951.0,2279.0,977.0
1.0,6251.0,3100.0,3169.0,3262.0,3094.0,3094.0,2218.0,951.0,2171.0,929.0
1.0,6413.0,3112.0,3166.0,3094.0,3103.0,3103.0,2216.0,950.0,2179.0,933.0
1.0,6395.0,3100.0,3164.0,3103.0,3094.0,3094.0,2215.0,949.0,2169.0,931.0
1.0,6398.0,3167.0,3166.0,3094.0,3173.0,3173.0,2216.0,950.0,2218.0,949.0
1.0,6325.0,3255.0,3168.0,3173.0,3261.0,3261.0,2218.0,950.0,2277.0,978.0
1.0,6243.0,3248.0,3171.0,3261.0,3257.0,3257.0,2220.0,951.0,2273.0,975.0
1.0,6256.0,3257.0,3173.0,3257.0,3263.0,3263.0,2221.0,952.0,2281.0,976.0
1.0,6256.0,3151.0,3170.0,3263.0,3142.0,3142.0,2219.0,951.0,2205.0,946.0
1.0,6368.0,3110.0,3167.0,3142.0,3101.0,3101.0,2217.0,950.0,2177.0,933.0
1.0,6400.0,3117.0,3167.0,3101.0,3117.0,3117.0,2217.0,950.0,2182.0,935.0
1.0,6384.0,3163.0,3169.0,3117.0,3169.0,3169.0,2218.0,951.0,2215.0,948.0
1.0,6338.0,3255.0,3172.0,3169.0,3264.0,3264.0,2220.0,952.0,2278.0,977.0
1.0,6252.0,3265.0,3176.0,3264.0,3277.0,3277.0,2223.0,953.0,2285.0,980.0
1.0,6251.0,3212.0,3177.0,3277.0,3215.0,3215.0,2224.0,953.0,2249.0,963.0
1.0,6316.0,3130.0,3174.0,3215.0,3121.0,3121.0,2222.0,952.0,2190.0,940.0
1.0,6401.0,3078.0,3172.0,3121.0,3072.0,3072.0,2220.0,952.0,2155.0,923.0
1.0,6444.0,3141.0,3171.0,3072.0,3138.0,3138.0,2220.0,951.0,2198.0,943.0
1.0,6375.0,3160.0,3171.0,3138.0,3160.0,3160.0,2220.0,951.0,2213.0,947.0
1.0,6353.0,3266.0,3175.0,3160.0,3278.0,3278.0,2222.0,953.0,2286.0,980.0
1.0,6247.0,3279.0,3179.0,3278.0,3291.0,3291.0,2225.0,954.0,2296.0,983.0
1.0,6246.0,3220.0,3180.0,3291.0,3223.0,3223.0,2226.0,954.0,2254.0,966.0
1.0,6317.0,3134.0,3177.0,3223.0,3125.0,3125.0,2224.0,953.0,2193.0,941.0
1.0,6406.0,3194.0,3177.0,3125.0,3194.0,3194.0,2224.0,953.0,2236.0,958.0
1.0,6337.0,3187.0,3177.0,3194.0,3187.0,3187.0,2224.0,953.0,2231.0,956.0
1.0,6344.0,3187.0,3178.0,3187.0,3190.0,3190.0,2225.0,953.0,2232.0,955.0
1.0,6344.0,3261.0,3181.0,3190.0,3270.0,3270.0,2227.0,954.0,2281.0,980.0
1.0,6273.0,3327.0,3186.0,3270.0,3342.0,3342.0,2230.0,956.0,2329.0,998.0
1.0,6216.0,3245.0,3187.0,3342.0,3248.0,3248.0,2231.0,956.0,2272.0,973.0
1.0,6313.0,3285.0,3187.0,3248.0,3285.0,3285.0,2231.0,956.0,2297.0,988.0
1.0,6276.0,3143.0,3186.0,3285.0,3140.0,3140.0,2230.0,956.0,2201.0,942.0
1.0,6418.0,3163.0,3185.0,3140.0,3160.0,3160.0,2229.0,956.0,2214.0,949.0
1.0,6395.0,3196.0,3186.0,3160.0,3199.0,3199.0,2230.0,956.0,2238.0,958.0
1.0,6359.0,3208.0,3189.0,3199.0,3217.0,3217.0,2232.0,957.0,2244.0,964.0
1.0,6350.0,3311.0,3192.0,3217.0,3320.0,3320.0,2234.0,958.0,2318.0,993.0
1.0,6256.0,3262.0,3194.0,3320.0,3268.0,3268.0,2236.0,958.0,2282.0,980.0
1.0,6314.0,3137.0,3192.0,3268.0,3131.0,3131.0,2234.0,958.0,2197.0,940.0
1.0,6445.0,3154.0,3190.0,3131.0,3148.0,3148.0,2233.0,957.0,2207.0,947.0
1.0,6422.0,3139.0,3190.0,3148.0,3139.0,3139.0,2233.0,957.0,2198.0,941.0
1.0,6431.0,3171.0,3190.0,3139.0,3171.0,3171.0,2233.0,957.0,2218.0,953.0
1.0,6399.0,3305.0,3196.0,3171.0,3323.0,3323.0,2237.0,959.0,2314.0,991.0
1.0,6265.0,3356.0,3200.0,3323.0,3368.0,3368.0,2240.0,960.0,2350.0,1006.0
1.0,6232.0,3263.0,3202.0,3368.0,3269.0,3269.0,2241.0,961.0,2283.0,980.0
1.0,6337.0,3149.0,3202.0,3269.0,3149.0,3149.0,2241.0,961.0,2204.0,945.0
1.0,6457.0,3150.0,3200.0,3149.0,3144.0,3144.0,2240.0,960.0,2205.0,945.0
1.0,6456.0,3164.0,3199.0,3144.0,3161.0,3161.0,2239.0,960.0,2216.0,948.0
1.0,6436.0,3229.0,3201.0,3161.0,3235.0,3235.0,2241.0,960.0,2259.0,970.0
1.0,6368.0,3220.0,3203.0,3235.0,3226.0,3226.0,2242.0,961.0,2255.0,965.0
1.0,6383.0,3310.0,3206.0,3226.0,3319.0,3319.0,2244.0,962.0,2317.0,993.0
1.0,6299.0,3273.0,3207.0,3319.0,3276.0,3276.0,2245.0,962.0,2290.0,983.0
1.0,6345.0,3223.0,3206.0,3276.0,3220.0,3220.0,2244.0,962.0,2257.0,966.0
1.0,6398.0,3191.0,3203.0,3220.0,3182.0,3182.0,2242.0,961.0,2235.0,956.0
1.0,6427.0,3149.0,3201.0,3182.0,3143.0,3143.0,2241.0,960.0,2203.0,946.0
1.0,6460.0,3213.0,3203.0,3143.0,3219.0,3219.0,2242.0,961.0,2248.0,965.0
1.0,6390.0,3279.0,3207.0,3219.0,3291.0,3291.0,2245.0,962.0,2297.0,982.0
1.0,6330.0,3255.0,3210.0,3291.0,3264.0,3264.0,2247.0,963.0,2278.0,977.0
1.0,6366.0,3197.0,3210.0,3264.0,3197.0,3197.0,2247.0,963.0,2238.0,959.0
1.0,6433.0,3170.0,3209.0,3197.0,3167.0,3167.0,2246.0,963.0,2218.0,952.0
1.0,6460.0,3108.0,3206.0,3167.0,3099.0,3099.0,2244.0,962.0,2177.0,931.0
1.0,6519.0,3217.0,3206.0,3099.0,3217.0,3217.0,2244.0,962.0,2251.0,966.0
1.0,6401.0,3227.0,3207.0,3217.0,3230.0,3230.0,2245.0,962.0,2260.0,967.0
1.0,6391.0,3352.0,3211.0,3230.0,3364.0,3364.0,2248.0,963.0,2345.0,1007.0
1.0,6269.0,3296.0,3215.0,3364.0,3308.0,3308.0,2250.0,965.0,2307.0,989.0
1.0,6337.0,3334.0,3219.0,3308.0,3346.0,3346.0,2253.0,966.0,2334.0,1000.0
1.0,6311.0,3194.0,3217.0,3346.0,3188.0,3188.0,2252.0,965.0,2237.0,957.0
1.0,6463.0,3201.0,3216.0,3188.0,3198.0,3198.0,2251.0,965.0,2240.0,961.0
1.0,6450.0,3180.0,3215.0,3198.0,3177.0,3177.0,2250.0,965.0,2226.0,954.0
1.0,6468.0,3203.0,3216.0,3177.0,3206.0,3206.0,2251.0,965.0,2243.0,960.0
1.0,6442.0,3289.0,3220.0,3206.0,3301.0,3301.0,2254.0,966.0,2302.0,987.0
1.0,6359.0,3275.0,3223.0,3301.0,3284.0,3284.0,2256.0,967.0,2292.0,983.0
1.0,6385.0,3268.0,3226.0,3284.0,3277.0,3277.0,2258.0,968.0,2286.0,982.0
1.0,6401.0,3200.0,3224.0,3277.0,3194.0,3194.0,2257.0,967.0,2242.0,958.0
1.0,6478.0,3199.0,3223.0,3194.0,3196.0,3196.0,2256.0,967.0,2238.0,961.0
1.0,6473.0,3170.0,3222.0,3196.0,3167.0,3167.0,2255.0,967.0,2218.0,952.0
1.0,6499.0,3225.0,3223.0,3167.0,3228.0,3228.0,2256.0,967.0,2258.0,967.0
1.0,6441.0,3253.0,3224.0,3228.0,3256.0,3256.0,2257.0,967.0,2276.0,977.0
1.0,6416.0,3308.0,3227.0,3256.0,3317.0,3317.0,2259.0,968.0,2317.0,991.0
1.0,6364.0,3167.0,3226.0,3317.0,3164.0,3164.0,2258.0,968.0,2216.0,951.0
1.0,6514.0,3202.0,3225.0,3164.0,3199.0,3199.0,2257.0,968.0,2241.0,961.0
1.0,6476.0,3190.0,3223.0,3199.0,3184.0,3184.0,2256.0,967.0,2233.0,957.0
1.0,6485.0,3083.0,3219.0,3184.0,3071.0,3071.0,2253.0,966.0,2158.0,925.0
1.0,6586.0,3237.0,3219.0,3071.0,3237.0,3237.0,2253.0,966.0,2266.0,971.0
1.0,6420.0,3235.0,3220.0,3237.0,3238.0,3238.0,2254.0,966.0,2263.0,972.0
1.0,6422.0,3283.0,3223.0,3238.0,3292.0,3292.0,2256.0,967.0,2299.0,984.0
1.0,6377.0,3305.0,3225.0,3292.0,3311.0,3311.0,2257.0,968.0,2313.0,992.0
1.0,6364.0,3127.0,3223.0,3311.0,3121.0,3121.0,2256.0,967.0,2190.0,937.0
1.0,6548.0,3173.0,3220.0,3121.0,3164.0,3164.0,2254.0,966.0,2219.0,954.0
1.0,6496.0,3204.0,3219.0,3164.0,3201.0,3201.0,2253.0,966.0,2244.0,960.0
1.0,6456.0,3182.0,3220.0,3201.0,3185.0,3185.0,2254.0,966.0,2226.0,956.0
1.0,6475.0,3332.0,3223.0,3185.0,3341.0,3341.0,2256.0,967.0,2332.0,1000.0
1.0,6328.0,3286.0,3226.0,3341.0,3295.0,3295.0,2258.0,968.0,2302.0,984.0
1.0,6383.0,3282.0,3229.0,3295.0,3291.0,3291.0,2260.0,969.0,2296.0,986.0
1.0,6396.0,3173.0,3226.0,3291.0,3164.0,3164.0,2258.0,968.0,2222.0,951.0
1.0,6514.0,3181.0,3223.0,3164.0,3172.0,3172.0,2256.0,967.0,2227.0,954.0
1.0,6497.0,3186.0,3221.0,3172.0,3180.0,3180.0,2255.0,966.0,2229.0,957.0
1.0,6483.0,3257.0,3223.0,3180.0,3263.0,3263.0,2256.0,967.0,2279.0,978.0
1.0,6406.0,3347.0,3227.0,3263.0,3359.0,3359.0,2259.0,968.0,2343.0,1004.0
1.0,6322.0,3358.0,3230.0,3359.0,3367.0,3367.0,2261.0,969.0,2350.0,1008.0
1.0,6323.0,3259.0,3231.0,3367.0,3262.0,3262.0,2262.0,969.0,2282.0,977.0
1.0,6431.0,3249.0,3232.0,3262.0,3252.0,3252.0,2262.0,970.0,2274.0,975.0
1.0,6444.0,3243.0,3230.0,3252.0,3237.0,3237.0,2261.0,969.0,2269.0,974.0
1.0,6453.0,3197.0,3229.0,3237.0,3194.0,3194.0,2260.0,969.0,2239.0,958.0
1.0,6493.0,3289.0,3230.0,3194.0,3292.0,3292.0,2261.0,969.0,2301.0,988.0
1.0,6398.0,3374.0,3234.0,3292.0,3386.0,3386.0,2264.0,970.0,2361.0,1013.0
1.0,6316.0,3295.0,3237.0,3386.0,3304.0,3304.0,2266.0,971.0,2306.0,989.0
1.0,6407.0,3222.0,3237.0,3304.0,3222.0,3222.0,2266.0,971.0,2255.0,967.0
1.0,6489.0,3201.0,3236.0,3222.0,3198.0,3198.0,2265.0,971.0,2242.0,959.0
1.0,6510.0,3154.0,3233.0,3198.0,3145.0,3145.0,2263.0,970.0,2207.0,947.0
1.0,6554.0,3233.0,3234.0,3145.0,3236.0,3236.0,2264.0,970.0,2264.0,969.0
1.0,6466.0,3259.0,3236.0,3236.0,3265.0,3265.0,2265.0,971.0,2282.0,977.0
1.0,6443.0,3308.0,3240.0,3265.0,3320.0,3320.0,2268.0,972.0,2315.0,993.0
1.0,6400.0,3335.0,3242.0,3320.0,3341.0,3341.0,2269.0,973.0,2334.0,1001.0
1.0,6385.0,3343.0,3244.0,3341.0,3349.0,3349.0,2271.0,973.0,2339.0,1004.0
1.0,6383.0,3223.0,3242.0,3349.0,3217.0,3217.0,2269.0,973.0,2257.0,966.0
1.0,6509.0,3211.0,3240.0,3217.0,3205.0,3205.0,2268.0,972.0,2247.0,964.0
1.0,6515.0,3219.0,3238.0,3205.0,3213.0,3213.0,2266.0,972.0,2254.0,965.0
1.0,6501.0,3322.0,3240.0,3213.0,3328.0,3328.0,2268.0,972.0,2324.0,998.0
1.0,6392.0,3305.0,3242.0,3328.0,3311.0,3311.0,2269.0,973.0,2314.0,991.0
1.0,6415.0,3302.0,3245.0,3311.0,3311.0,3311.0,2271.0,974.0,2311.0,991.0
1.0,6424.0,3332.0,3247.0,3311.0,3338.0,3338.0,2273.0,974.0,2332.0,1000.0
1.0,6403.0,3205.0,3246.0,3338.0,3202.0,3202.0,2272.0,974.0,2245.0,960.0
1.0,6536.0,3191.0,3244.0,3202.0,3185.0,3185.0,2271.0,973.0,2233.0,958.0
1.0,6547.0,3157.0,3242.0,3185.0,3151.0,3151.0,2269.0,973.0,2210.0,947.0
1.0,6575.0,3273.0,3243.0,3151.0,3276.0,3276.0,2270.0,973.0,2290.0,983.0
1.0,6453.0,3292.0,3245.0,3276.0,3298.0,3298.0,2271.0,974.0,2305.0,987.0
1.0,6437.0,3335.0,3249.0,3298.0,3347.0,3347.0,2274.0,975.0,2334.0,1001.0
1.0,6400.0,3313.0,3250.0,3347.0,3316.0,3316.0,2275.0,975.0,2319.0,994.0
1.0,6434.0,3266.0,3250.0,3316.0,3266.0,3266.0,2275.0,975.0,2286.0,980.0
1.0,6484.0,3147.0,3247.0,3266.0,3138.0,3138.0,2273.0,974.0,2203.0,944.0
1.0,6603.0,3223.0,3249.0,3138.0,3229.0,3229.0,2274.0,975.0,2257.0,966.0
1.0,6518.0,3246.0,3249.0,3229.0,3246.0,3246.0,2274.0,975.0,2272.0,974.0
1.0,6501.0,3303.0,3251.0,3246.0,3309.0,3309.0,2276.0,975.0,2311.0,992.0
1.0,6444.0,3364.0,3256.0,3309.0,3379.0,3379.0,2279.0,977.0,2356.0,1008.0
1.0,6389.0,3312.0,3258.0,3379.0,3318.0,3318.0,2280.0,978.0,2317.0,995.0
1.0,6456.0,3233.0,3258.0,3318.0,3233.0,3233.0,2280.0,978.0,2263.0,970.0
1.0,6541.0,3263.0,3257.0,3233.0,3260.0,3260.0,2280.0,977.0,2284.0,979.0
1.0,6511.0,3234.0,3256.0,3260.0,3231.0,3231.0,2279.0,977.0,2265.0,969.0
1.0,6537.0,3291.0,3259.0,3231.0,3300.0,3300.0,2281.0,978.0,2303.0,988.0
1.0,6477.0,3366.0,3263.0,3300.0,3378.0,3378.0,2284.0,979.0,2356.0,1010.0
1.0,6411.0,3320.0,3266.0,3378.0,3329.0,3329.0,2286.0,980.0,2324.0,996.0
1.0,6469.0,3262.0,3267.0,3329.0,3265.0,3265.0,2287.0,980.0,2284.0,978.0
1.0,6536.0,3253.0,3266.0,3265.0,3250.0,3250.0,2286.0,980.0,2276.0,977.0
1.0,6548.0,3165.0,3263.0,3250.0,3156.0,3156.0,2284.0,979.0,2216.0,949.0
1.0,6633.0,3210.0,3262.0,3156.0,3207.0,3207.0,2283.0,979.0,2247.0,963.0
1.0,6579.0,3296.0,3264.0,3207.0,3302.0,3302.0,2285.0,979.0,2306.0,990.0
1.0,6490.0,3333.0,3267.0,3302.0,3342.0,3342.0,2287.0,980.0,2335.0,998.0
1.0,6459.0,3383.0,3270.0,3342.0,3392.0,3392.0,2289.0,981.0,2368.0,1015.0
1.0,6418.0,3306.0,3272.0,3392.0,3312.0,3312.0,2290.0,982.0,2313.0,993.0
1.0,6504.0,3181.0,3269.0,3312.0,3172.0,3172.0,2288.0,981.0,2227.0,954.0
1.0,6635.0,3181.0,3265.0,3172.0,3169.0,3169.0,2285.0,980.0,2227.0,954.0
1.0,6626.0,3200.0,3264.0,3169.0,3197.0,3197.0,2285.0,979.0,2239.0,961.0
1.0,6595.0,3203.0,3263.0,3197.0,3200.0,3200.0,2284.0,979.0,2244.0,959.0
1.0,6589.0,3332.0,3264.0,3200.0,3335.0,3335.0,2285.0,979.0,2331.0,1001.0
1.0,6457.0,3393.0,3269.0,3335.0,3408.0,3408.0,2288.0,981.0,2375.0,1018.0
1.0,6399.0,3350.0,3270.0,3408.0,3353.0,3353.0,2289.0,981.0,2346.0,1004.0
1.0,6457.0,3247.0,3267.0,3353.0,3238.0,3238.0,2287.0,980.0,2272.0,975.0
1.0,6563.0,3190.0,3266.0,3238.0,3187.0,3187.0,2286.0,980.0,2233.0,957.0
1.0,6611.0,3276.0,3266.0,3187.0,3276.0,3276.0,2286.0,980.0,2294.0,982.0
1.0,6522.0,3259.0,3267.0,3276.0,3262.0,3262.0,2287.0,980.0,2280.0,979.0
1.0,6539.0,3322.0,3270.0,3262.0,3331.0,3331.0,2289.0,981.0,2325.0,997.0
1.0,6479.0,3433.0,3274.0,3331.0,3445.0,3445.0,2292.0,982.0,2403.0,1030.0
1.0,6377.0,3293.0,3275.0,3445.0,3296.0,3296.0,2292.0,983.0,2306.0,987.0
1.0,6529.0,3230.0,3273.0,3296.0,3224.0,3224.0,2291.0,982.0,2260.0,970.0
1.0,6595.0,3200.0,3271.0,3224.0,3194.0,3194.0,2290.0,981.0,2240.0,960.0
1.0,6619.0,3216.0,3269.0,3194.0,3210.0,3210.0,2288.0,981.0,2252.0,964.0
1.0,6597.0,3220.0,3269.0,3210.0,3220.0,3220.0,2288.0,981.0,2254.0,966.0
1.0,6587.0,3348.0,3271.0,3220.0,3354.0,3354.0,2290.0,981.0,2342.0,1006.0
1.0,6459.0,3371.0,3274.0,3354.0,3380.0,3380.0,2292.0,982.0,2359.0,1012.0
1.0,6442.0,3376.0,3275.0,3380.0,3379.0,3379.0,2292.0,983.0,2364.0,1012.0
1.0,6446.0,3282.0,3274.0,3379.0,3279.0,3279.0,2292.0,982.0,2297.0,985.0
1.0,6543.0,3244.0,3273.0,3279.0,3241.0,3241.0,2291.0,982.0,2270.0,974.0
1.0,6578.0,3213.0,3271.0,3241.0,3207.0,3207.0,2290.0,981.0,2250.0,963.0
1.0,6606.0,3343.0,3274.0,3207.0,3352.0,3352.0,2292.0,982.0,2339.0,1004.0
1.0,6470.0,3389.0,3277.0,3352.0,3398.0,3398.0,2294.0,983.0,2373.0,1016.0
1.0,6433.0,3374.0,3282.0,3398.0,3389.0,3389.0,2297.0,985.0,2362.0,1012.0
1.0,6457.0,3330.0,3283.0,3389.0,3333.0,3333.0,2298.0,985.0,2331.0,999.0
1.0,6516.0,3293.0,3283.0,3333.0,3293.0,3293.0,2298.0,985.0,2305.0,988.0
1.0,6556.0,3256.0,3281.0,3293.0,3250.0,3250.0,2297.0,984.0,2279.0,977.0
1.0,6593.0,3286.0,3281.0,3250.0,3286.0,3286.0,2297.0,984.0,2299.0,987.0
1.0,6557.0,3333.0,3282.0,3286.0,3336.0,3336.0,2297.0,985.0,2334.0,999.0
1.0,6510.0,3362.0,3286.0,3336.0,3374.0,3374.0,2300.0,986.0,2354.0,1008.0
1.0,6484.0,3385.0,3290.0,3374.0,3397.0,3397.0,2303.0,987.0,2369.0,1016.0
1.0,6473.0,3348.0,3292.0,3397.0,3354.0,3354.0,2304.0,988.0,2342.0,1006.0
1.0,6522.0,3293.0,3291.0,3354.0,3290.0,3290.0,2304.0,987.0,2305.0,988.0
1.0,6583.0,3271.0,3289.0,3290.0,3265.0,3265.0,2302.0,987.0,2291.0,980.0
1.0,6602.0,3223.0,3287.0,3265.0,3217.0,3217.0,2301.0,986.0,2255.0,968.0
1.0,6644.0,3385.0,3290.0,3217.0,3394.0,3394.0,2303.0,987.0,2369.0,1016.0
1.0,6476.0,3355.0,3293.0,3394.0,3364.0,3364.0,2305.0,988.0,2349.0,1006.0
1.0,6515.0,3359.0,3295.0,3364.0,3365.0,3365.0,2306.0,989.0,2351.0,1008.0
1.0,6520.0,3330.0,3296.0,3365.0,3333.0,3333.0,2307.0,989.0,2331.0,999.0
1.0,6555.0,3317.0,3294.0,3333.0,3311.0,3311.0,2306.0,988.0,2322.0,995.0
1.0,6571.0,3253.0,3293.0,3311.0,3250.0,3250.0,2305.0,988.0,2276.0,977.0
1.0,6629.0,3259.0,3293.0,3250.0,3259.0,3259.0,2305.0,988.0,2281.0,978.0
1.0,6620.0,3320.0,3294.0,3259.0,3323.0,3323.0,2306.0,988.0,2325.0,995.0
1.0,6559.0,3382.0,3299.0,3323.0,3397.0,3397.0,2309.0,990.0,2368.0,1014.0
1.0,6500.0,3339.0,3301.0,3397.0,3345.0,3345.0,2311.0,990.0,2336.0,1003.0
1.0,6558.0,3376.0,3303.0,3345.0,3382.0,3382.0,2312.0,991.0,2364.0,1012.0
1.0,6527.0,3330.0,3303.0,3382.0,3330.0,3330.0,2312.0,991.0,2331.0,999.0
1.0,6579.0,3233.0,3300.0,3330.0,3224.0,3224.0,2310.0,990.0,2261.0,972.0
1.0,6676.0,3249.0,3299.0,3224.0,3246.0,3246.0,2309.0,990.0,2276.0,973.0
1.0,6651.0,3325.0,3302.0,3246.0,3334.0,3334.0,2311.0,991.0,2327.0,998.0
1.0,6572.0,3375.0,3306.0,3334.0,3387.0,3387.0,2314.0,992.0,2362.0,1013.0
1.0,6531.0,3388.0,3309.0,3387.0,3397.0,3397.0,2316.0,993.0,2371.0,1017.0
1.0,6530.0,3293.0,3310.0,3397.0,3296.0,3296.0,2317.0,993.0,2306.0,987.0
1.0,6634.0,3320.0,3310.0,3296.0,3320.0,3320.0,2317.0,993.0,2324.0,996.0
1.0,6610.0,3253.0,3307.0,3320.0,3244.0,3244.0,2315.0,992.0,2276.0,977.0
1.0,6677.0,3327.0,3307.0,3244.0,3327.0,3327.0,2315.0,992.0,2328.0,999.0
1.0,6594.0,3346.0,3309.0,3327.0,3352.0,3352.0,2316.0,993.0,2344.0,1002.0
1.0,6575.0,3442.0,3314.0,3352.0,3457.0,3457.0,2320.0,994.0,2410.0,1032.0
1.0,6485.0,3403.0,3316.0,3457.0,3409.0,3409.0,2321.0,995.0,2381.0,1022.0
1.0,6539.0,3329.0,3317.0,3409.0,3332.0,3332.0,2322.0,995.0,2329.0,1000.0
1.0,6619.0,3369.0,3319.0,3332.0,3375.0,3375.0,2323.0,996.0,2359.0,1010.0
1.0,6582.0,3221.0,3314.0,3375.0,3206.0,3206.0,2320.0,994.0,2254.0,967.0
1.0,6736.0,3303.0,3315.0,3206.0,3306.0,3306.0,2320.0,995.0,2313.0,990.0
1.0,6639.0,3306.0,3316.0,3306.0,3309.0,3309.0,2321.0,995.0,2315.0,991.0
1.0,6639.0,3419.0,3320.0,3309.0,3431.0,3431.0,2324.0,996.0,2393.0,1026.0
1.0,6529.0,3393.0,3324.0,3431.0,3405.0,3405.0,2327.0,997.0,2375.0,1018.0
1.0,6567.0,3411.0,3327.0,3405.0,3420.0,3420.0,2329.0,998.0,2388.0,1023.0
1.0,6561.0,3294.0,3326.0,3420.0,3291.0,3291.0,2328.0,998.0,2305.0,989.0
1.0,6687.0,3256.0,3324.0,3291.0,3250.0,3250.0,2327.0,997.0,2278.0,978.0
1.0,6722.0,3244.0,3322.0,3250.0,3238.0,3238.0,2325.0,997.0,2271.0,973.0
1.0,6728.0,3270.0,3322.0,3238.0,3270.0,3270.0,2325.0,997.0,2289.0,981.0
1.0,6696.0,3444.0,3326.0,3270.0,3456.0,3456.0,2328.0,998.0,2411.0,1033.0
1.0,6522.0,3384.0,3329.0,3456.0,3393.0,3393.0,2330.0,999.0,2368.0,1016.0
1.0,6594.0,3360.0,3329.0,3393.0,3360.0,3360.0,2330.0,999.0,2352.0,1008.0
1.0,6627.0,3260.0,3326.0,3360.0,3251.0,3251.0,2328.0,998.0,2282.0,978.0
1.0,6727.0,3273.0,3325.0,3251.0,3270.0,3270.0,2327.0,998.0,2290.0,983.0
1.0,6705.0,3296.0,3324.0,3270.0,3293.0,3293.0,2327.0,997.0,2307.0,989.0
1.0,6679.0,3364.0,3326.0,3293.0,3370.0,3370.0,2328.0,998.0,2356.0,1008.0
1.0,6608.0,3399.0,3328.0,3370.0,3405.0,3405.0,2329.0,999.0,2379.0,1020.0
1.0,6579.0,3392.0,3330.0,3405.0,3398.0,3398.0,2331.0,999.0,2375.0,1017.0
1.0,6592.0,3412.0,3332.0,3398.0,3418.0,3418.0,2332.0,1000.0,2387.0,1025.0
1.0,6578.0,3244.0,3329.0,3418.0,3235.0,3235.0,2330.0,999.0,2272.0,972.0
1.0,6752.0,3311.0,3327.0,3235.0,3305.0,3305.0,2329.0,998.0,2317.0,994.0
1.0,6676.0,3290.0,3327.0,3305.0,3290.0,3290.0,2329.0,998.0,2302.0,988.0
1.0,6691.0,3327.0,3327.0,3290.0,3327.0,3327.0,2329.0,998.0,2330.0,997.0
1.0,6654.0,3458.0,3331.0,3327.0,3470.0,3470.0,2332.0,999.0,2420.0,1038.0
1.0,6523.0,3355.0,3333.0,3470.0,3361.0,3361.0,2333.0,1000.0,2350.0,1005.0
1.0,6638.0,3402.0,3334.0,3361.0,3405.0,3405.0,2334.0,1000.0,2379.0,1023.0
1.0,6597.0,3329.0,3333.0,3405.0,3326.0,3326.0,2333.0,1000.0,2332.0,997.0
1.0,6673.0,3254.0,3332.0,3326.0,3251.0,3251.0,2332.0,1000.0,2276.0,978.0
1.0,6745.0,3257.0,3330.0,3251.0,3251.0,3251.0,2331.0,999.0,2281.0,976.0
1.0,6739.0,3322.0,3330.0,3251.0,3322.0,3322.0,2331.0,999.0,2323.0,999.0
1.0,6668.0,3441.0,3333.0,3322.0,3450.0,3450.0,2333.0,1000.0,2409.0,1032.0
1.0,6549.0,3390.0,3336.0,3450.0,3399.0,3399.0,2335.0,1001.0,2375.0,1015.0
1.0,6609.0,3360.0,3337.0,3399.0,3363.0,3363.0,2336.0,1001.0,2352.0,1008.0
1.0,6648.0,3333.0,3336.0,3363.0,3330.0,3330.0,2335.0,1001.0,2333.0,1000.0
1.0,6678.0,3260.0,3334.0,3330.0,3254.0,3254.0,2334.0,1000.0,2281.0,979.0
1.0,6748.0,3297.0,3333.0,3254.0,3294.0,3294.0,2333.0,1000.0,2309.0,988.0
1.0,6705.0,3366.0,3333.0,3294.0,3366.0,3366.0,2333.0,1000.0,2354.0,1012.0
1.0,6633.0,3431.0,3337.0,3366.0,3443.0,3443.0,2336.0,1001.0,2402.0,1029.0
1.0,6568.0,3408.0,3340.0,3443.0,3417.0,3417.0,2338.0,1002.0,2385.0,1023.0
1.0,6603.0,3383.0,3342.0,3417.0,3389.0,3389.0,2339.0,1003.0,2368.0,1015.0
1.0,6637.0,3313.0,3340.0,3389.0,3307.0,3307.0,2338.0,1002.0,2319.0,994.0
1.0,6713.0,3327.0,3339.0,3307.0,3324.0,3324.0,2337.0,1002.0,2330.0,997.0
1.0,6693.0,3289.0,3339.0,3324.0,3289.0,3289.0,2337.0,1002.0,2302.0,987.0
1.0,6728.0,3400.0,3340.0,3289.0,3403.0,3403.0,2338.0,1002.0,2379.0,1021.0
1.0,6617.0,3447.0,3344.0,3403.0,3459.0,3459.0,2341.0,1003.0,2413.0,1034.0
1.0,6573.0,3395.0,3346.0,3459.0,3401.0,3401.0,2342.0,1004.0,2376.0,1019.0
1.0,6637.0,3435.0,3347.0,3401.0,3438.0,3438.0,2343.0,1004.0,2404.0,1031.0
1.0,6603.0,3345.0,3346.0,3438.0,3342.0,3342.0,2342.0,1004.0,2342.0,1003.0
1.0,6696.0,3273.0,3343.0,3342.0,3264.0,3264.0,2340.0,1003.0,2290.0,983.0
1.0,6765.0,3300.0,3343.0,3264.0,3300.0,3300.0,2340.0,1003.0,2312.0,988.0
1.0,6729.0,3413.0,3343.0,3300.0,3413.0,3413.0,2340.0,1003.0,2387.0,1026.0
1.0,6616.0,3403.0,3347.0,3413.0,3415.0,3415.0,2343.0,1004.0,2382.0,1021.0
1.0,6626.0,3409.0,3349.0,3415.0,3415.0,3415.0,2344.0,1005.0,2388.0,1021.0
1.0,6632.0,3396.0,3350.0,3415.0,3399.0,3399.0,2345.0,1005.0,2376.0,1020.0
1.0,6651.0,3329.0,3349.0,3399.0,3326.0,3326.0,2344.0,1005.0,2331.0,998.0
1.0,6721.0,3263.0,3346.0,3326.0,3254.0,3254.0,2342.0,1004.0,2282.0,981.0
1.0,6784.0,3283.0,3344.0,3254.0,3277.0,3277.0,2341.0,1003.0,2299.0,984.0
1.0,6755.0,3422.0,3346.0,3277.0,3428.0,3428.0,2342.0,1004.0,2394.0,1028.0
1.0,6610.0,3383.0,3349.0,3428.0,3392.0,3392.0,2344.0,1005.0,2370.0,1013.0
1.0,6655.0,3482.0,3353.0,3392.0,3494.0,3494.0,2347.0,1006.0,2436.0,1046.0
1.0,6565.0,3426.0,3356.0,3494.0,3435.0,3435.0,2349.0,1007.0,2400.0,1026.0
1.0,6633.0,3351.0,3355.0,3435.0,3348.0,3348.0,2348.0,1007.0,2345.0,1006.0
1.0,6717.0,3251.0,3352.0,3348.0,3242.0,3242.0,2346.0,1006.0,2276.0,975.0
1.0,6814.0,3314.0,3351.0,3242.0,3311.0,3311.0,2346.0,1005.0,2320.0,994.0
1.0,6742.0,3329.0,3353.0,3311.0,3335.0,3335.0,2347.0,1006.0,2331.0,998.0
1.0,6724.0,3460.0,3356.0,3335.0,3469.0,3469.0,2349.0,1007.0,2422.0,1038.0
1.0,6599.0,3405.0,3359.0,3469.0,3414.0,3414.0,2351.0,1008.0,2382.0,1023.0
1.0,6663.0,3392.0,3359.0,3414.0,3392.0,3392.0,2351.0,1008.0,2375.0,1017.0
1.0,6685.0,3320.0,3357.0,3392.0,3314.0,3314.0,2350.0,1007.0,2323.0,997.0
1.0,6757.0,3247.0,3354.0,3314.0,3238.0,3238.0,2348.0,1006.0,2273.0,974.0
1.0,6824.0,3299.0,3353.0,3238.0,3296.0,3296.0,2347.0,1006.0,2310.0,989.0
1.0,6763.0,3424.0,3356.0,3296.0,3433.0,3433.0,2349.0,1007.0,2396.0,1028.0
1.0,6635.0,3416.0,3357.0,3433.0,3419.0,3419.0,2350.0,1007.0,2390.0,1026.0
1.0,6652.0,3452.0,3360.0,3419.0,3461.0,3461.0,2352.0,1008.0,2416.0,1036.0
1.0,6619.0,3418.0,3363.0,3461.0,3427.0,3427.0,2354.0,1009.0,2393.0,1025.0
1.0,6662.0,3331.0,3360.0,3427.0,3322.0,3322.0,2352.0,1008.0,2331.0,1000.0
1.0,6758.0,3304.0,3359.0,3322.0,3301.0,3301.0,2351.0,1008.0,2314.0,990.0
1.0,6776.0,3294.0,3357.0,3301.0,3288.0,3288.0,2350.0,1007.0,2305.0,989.0
1.0,6783.0,3397.0,3359.0,3288.0,3403.0,3403.0,2351.0,1008.0,2379.0,1018.0
1.0,6674.0,3514.0,3363.0,3403.0,3526.0,3526.0,2354.0,1009.0,2458.0,1056.0
1.0,6563.0,3408.0,3366.0,3526.0,3417.0,3417.0,2356.0,1010.0,2387.0,1021.0
1.0,6681.0,3403.0,3367.0,3417.0,3406.0,3406.0,2357.0,1010.0,2381.0,1022.0
1.0,6695.0,3331.0,3366.0,3406.0,3328.0,3328.0,2356.0,1010.0,2333.0,998.0
1.0,6770.0,3267.0,3363.0,3328.0,3258.0,3258.0,2354.0,1009.0,2285.0,982.0
1.0,6831.0,3313.0,3363.0,3258.0,3313.0,3313.0,2354.0,1009.0,2321.0,992.0
1.0,6776.0,3365.0,3363.0,3313.0,3365.0,3365.0,2354.0,1009.0,2353.0,1012.0
1.0,6724.0,3409.0,3366.0,3365.0,3418.0,3418.0,2356.0,1010.0,2388.0,1021.0
1.0,6680.0,3471.0,3369.0,3418.0,3480.0,3480.0,2358.0,1011.0,2429.0,1042.0
1.0,6627.0,3396.0,3370.0,3480.0,3399.0,3399.0,2359.0,1011.0,2377.0,1019.0
1.0,6711.0,3347.0,3369.0,3399.0,3344.0,3344.0,2358.0,1011.0,2342.0,1005.0
1.0,6763.0,3261.0,3366.0,3344.0,3252.0,3252.0,2356.0,1010.0,2284.0,977.0
1.0,6846.0,3281.0,3363.0,3252.0,3272.0,3272.0,2354.0,1009.0,2295.0,986.0
1.0,6817.0,3431.0,3366.0,3272.0,3440.0,3440.0,2356.0,1010.0,2403.0,1028.0
1.0,6658.0,3448.0,3369.0,3440.0,3457.0,3457.0,2358.0,1011.0,2412.0,1036.0
1.0,6650.0,3462.0,3372.0,3457.0,3471.0,3471.0,2360.0,1012.0,2424.0,1038.0
1.0,6645.0,3447.0,3373.0,3471.0,3450.0,3450.0,2361.0,1012.0,2413.0,1034.0
1.0,6669.0,3284.0,3369.0,3450.0,3272.0,3272.0,2358.0,1011.0,2299.0,985.0
1.0,6835.0,3332.0,3368.0,3272.0,3329.0,3329.0,2358.0,1010.0,2332.0,1000.0
1.0,6775.0,3294.0,3366.0,3329.0,3288.0,3288.0,2356.0,1010.0,2306.0,988.0
1.0,6810.0,3360.0,3366.0,3288.0,3360.0,3360.0,2356.0,1010.0,2352.0,1008.0
1.0,6738.0,3468.0,3369.0,3360.0,3477.0,3477.0,2358.0,1011.0,2427.0,1041.0
1.0,6630.0,3475.0,3373.0,3477.0,3487.0,3487.0,2361.0,1012.0,2433.0,1042.0
1.0,6632.0,3450.0,3373.0,3487.0,3450.0,3450.0,2361.0,1012.0,2413.0,1037.0
1.0,6669.0,3336.0,3372.0,3450.0,3333.0,3333.0,2360.0,1012.0,2336.0,1000.0
1.0,6783.0,3397.0,3372.0,3333.0,3397.0,3397.0,2360.0,1012.0,2378.0,1019.0
1.0,6719.0,3267.0,3369.0,3397.0,3258.0,3258.0,2358.0,1011.0,2286.0,981.0
1.0,6849.0,3384.0,3370.0,3258.0,3387.0,3387.0,2359.0,1011.0,2369.0,1015.0
1.0,6723.0,3472.0,3374.0,3387.0,3484.0,3484.0,2362.0,1012.0,2431.0,1041.0
1.0,6638.0,3485.0,3379.0,3484.0,3500.0,3500.0,2365.0,1014.0,2439.0,1046.0
1.0,6637.0,3376.0,3377.0,3500.0,3370.0,3370.0,2364.0,1013.0,2363.0,1013.0
1.0,6761.0,3350.0,3377.0,3370.0,3350.0,3350.0,2364.0,1013.0,2345.0,1005.0
1.0,6781.0,3380.0,3375.0,3350.0,3374.0,3374.0,2362.0,1013.0,2366.0,1014.0
1.0,6751.0,3370.0,3374.0,3374.0,3367.0,3367.0,2362.0,1012.0,2359.0,1011.0
1.0,6755.0,3412.0,3375.0,3367.0,3415.0,3415.0,2362.0,1013.0,2389.0,1023.0
1.0,6710.0,3406.0,3378.0,3415.0,3415.0,3415.0,2364.0,1014.0,2383.0,1023.0
1.0,6719.0,3472.0,3381.0,3415.0,3481.0,3481.0,2367.0,1014.0,2430.0,1042.0
1.0,6662.0,3452.0,3383.0,3481.0,3458.0,3458.0,2368.0,1015.0,2416.0,1036.0
1.0,6691.0,3370.0,3382.0,3458.0,3367.0,3367.0,2367.0,1015.0,2360.0,1010.0
1.0,6779.0,3341.0,3380.0,3367.0,3335.0,3335.0,2366.0,1014.0,2338.0,1003.0
1.0,6805.0,3356.0,3380.0,3335.0,3356.0,3356.0,2366.0,1014.0,2349.0,1007.0
1.0,6784.0,3450.0,3382.0,3356.0,3456.0,3456.0,2367.0,1015.0,2416.0,1034.0
1.0,6690.0,3452.0,3386.0,3456.0,3464.0,3464.0,2370.0,1016.0,2417.0,1035.0
1.0,6694.0,3489.0,3390.0,3464.0,3501.0,3501.0,2373.0,1017.0,2442.0,1047.0
1.0,6669.0,3379.0,3389.0,3501.0,3376.0,3376.0,2372.0,1017.0,2365.0,1014.0
1.0,6791.0,3354.0,3387.0,3376.0,3348.0,3348.0,2371.0,1016.0,2347.0,1007.0
1.0,6813.0,3313.0,3385.0,3348.0,3307.0,3307.0,2369.0,1016.0,2319.0,994.0
1.0,6848.0,3346.0,3383.0,3307.0,3340.0,3340.0,2368.0,1015.0,2342.0,1004.0
1.0,6809.0,3352.0,3384.0,3340.0,3355.0,3355.0,2369.0,1015.0,2346.0,1006.0
1.0,6797.0,3481.0,3387.0,3355.0,3490.0,3490.0,2371.0,1016.0,2436.0,1045.0
1.0,6671.0,3445.0,3390.0,3490.0,3454.0,3454.0,2373.0,1017.0,2411.0,1034.0
1.0,6716.0,3379.0,3390.0,3454.0,3379.0,3379.0,2373.0,1017.0,2365.0,1014.0
1.0,6791.0,3388.0,3387.0,3379.0,3379.0,3379.0,2371.0,1016.0,2372.0,1016.0
1.0,6782.0,3379.0,3387.0,3379.0,3379.0,3379.0,2371.0,1016.0,2365.0,1014.0
1.0,6782.0,3340.0,3386.0,3379.0,3337.0,3337.0,2370.0,1016.0,2337.0,1003.0
1.0,6821.0,3472.0,3389.0,3337.0,3481.0,3481.0,2372.0,1017.0,2432.0,1040.0
1.0,6686.0,3449.0,3392.0,3481.0,3458.0,3458.0,2374.0,1018.0,2414.0,1035.0
1.0,6718.0,3464.0,3395.0,3458.0,3473.0,3473.0,2376.0,1019.0,2424.0,1040.0
1.0,6712.0,3465.0,3397.0,3473.0,3471.0,3471.0,2378.0,1019.0,2424.0,1041.0
1.0,6720.0,3347.0,3396.0,3471.0,3344.0,3344.0,2377.0,1019.0,2345.0,1002.0
1.0,6844.0,3336.0,3393.0,3344.0,3327.0,3327.0,2375.0,1018.0,2333.0,1003.0
1.0,6852.0,3325.0,3392.0,3327.0,3322.0,3322.0,2374.0,1018.0,2329.0,996.0
1.0,6854.0,3418.0,3393.0,3322.0,3421.0,3421.0,2375.0,1018.0,2391.0,1027.0
1.0,6758.0,3545.0,3399.0,3421.0,3563.0,3563.0,2379.0,1020.0,2483.0,1062.0
1.0,6634.0,3509.0,3403.0,3563.0,3521.0,3521.0,2382.0,1021.0,2456.0,1053.0
1.0,6688.0,3458.0,3403.0,3521.0,3458.0,3458.0,2382.0,1021.0,2419.0,1039.0
1.0,6751.0,3370.0,3402.0,3458.0,3367.0,3367.0,2381.0,1021.0,2360.0,1010.0
1.0,6839.0,3264.0,3399.0,3367.0,3255.0,3255.0,2379.0,1020.0,2285.0,979.0
1.0,6942.0,3419.0,3397.0,3255.0,3413.0,3413.0,2378.0,1019.0,2392.0,1027.0
1.0,6778.0,3431.0,3400.0,3413.0,3440.0,3440.0,2380.0,1020.0,2401.0,1030.0
1.0,6760.0,3430.0,3403.0,3440.0,3439.0,3439.0,2382.0,1021.0,2402.0,1028.0
1.0,6770.0,3439.0,3405.0,3439.0,3445.0,3445.0,2383.0,1022.0,2407.0,1032.0
1.0,6770.0,3446.0,3407.0,3445.0,3452.0,3452.0,2385.0,1022.0,2413.0,1033.0
1.0,6769.0,3403.0,3406.0,3452.0,3400.0,3400.0,2384.0,1022.0,2381.0,1022.0
1.0,6818.0,3301.0,3402.0,3400.0,3289.0,3289.0,2381.0,1021.0,2311.0,990.0
1.0,6917.0,3409.0,3402.0,3289.0,3409.0,3409.0,2381.0,1021.0,2386.0,1023.0
1.0,6797.0,3446.0,3403.0,3409.0,3449.0,3449.0,2382.0,1021.0,2411.0,1035.0
1.0,6760.0,3533.0,3406.0,3449.0,3542.0,3542.0,2384.0,1022.0,2475.0,1058.0
1.0,6676.0,3567.0,3412.0,3542.0,3585.0,3585.0,2388.0,1024.0,2496.0,1071.0
1.0,6651.0,3480.0,3413.0,3585.0,3483.0,3483.0,2389.0,1024.0,2435.0,1045.0
1.0,6756.0,3376.0,3412.0,3483.0,3373.0,3373.0,2388.0,1024.0,2364.0,1012.0
1.0,6863.0,3341.0,3409.0,3373.0,3332.0,3332.0,2386.0,1023.0,2339.0,1002.0
1.0,6895.0,3419.0,3410.0,3332.0,3422.0,3422.0,2387.0,1023.0,2392.0,1027.0
1.0,6808.0,3437.0,3412.0,3422.0,3443.0,3443.0,2388.0,1024.0,2407.0,1030.0
1.0,6793.0,3441.0,3413.0,3443.0,3444.0,3444.0,2389.0,1024.0,2409.0,1032.0
1.0,6795.0,3509.0,3416.0,3444.0,3518.0,3518.0,2391.0,1025.0,2456.0,1053.0
1.0,6730.0,3480.0,3417.0,3518.0,3483.0,3483.0,2392.0,1025.0,2437.0,1043.0
1.0,6768.0,3400.0,3417.0,3483.0,3400.0,3400.0,2392.0,1025.0,2380.0,1020.0
1.0,6851.0,3407.0,3416.0,3400.0,3404.0,3404.0,2391.0,1025.0,2384.0,1023.0
1.0,6844.0,3397.0,3414.0,3404.0,3391.0,3391.0,2390.0,1024.0,2378.0,1019.0
1.0,6851.0,3460.0,3416.0,3391.0,3466.0,3466.0,2391.0,1025.0,2423.0,1037.0
1.0,6782.0,3452.0,3419.0,3466.0,3461.0,3461.0,2393.0,1026.0,2415.0,1037.0
1.0,6796.0,3505.0,3421.0,3461.0,3511.0,3511.0,2395.0,1026.0,2453.0,1052.0
1.0,6752.0,3532.0,3423.0,3511.0,3538.0,3538.0,2396.0,1027.0,2473.0,1059.0
1.0,6731.0,3373.0,3421.0,3538.0,3367.0,3367.0,2395.0,1026.0,2360.0,1013.0
1.0,6896.0,3334.0,3419.0,3367.0,3328.0,3328.0,2393.0,1026.0,2334.0,1000.0
1.0,6929.0,3409.0,3419.0,3328.0,3409.0,3409.0,2393.0,1026.0,2387.0,1022.0
1.0,6848.0,3431.0,3420.0,3409.0,3434.0,3434.0,2394.0,1026.0,2400.0,1031.0
1.0,6826.0,3486.0,3423.0,3434.0,3495.0,3495.0,2396.0,1027.0,2440.0,1046.0
1.0,6774.0,3505.0,3427.0,3495.0,3517.0,3517.0,2399.0,1028.0,2455.0,1050.0
1.0,6764.0,3516.0,3430.0,3517.0,3525.0,3525.0,2401.0,1029.0,2461.0,1055.0
1.0,6765.0,3440.0,3429.0,3525.0,3437.0,3437.0,2400.0,1029.0,2408.0,1032.0
1.0,6850.0,3370.0,3427.0,3437.0,3364.0,3364.0,2399.0,1028.0,2358.0,1012.0
1.0,6917.0,3360.0,3427.0,3364.0,3360.0,3360.0,2399.0,1028.0,2351.0,1009.0
1.0,6921.0,3438.0,3429.0,3360.0,3444.0,3444.0,2400.0,1029.0,2407.0,1031.0
1.0,6843.0,3572.0,3432.0,3444.0,3581.0,3581.0,2402.0,1030.0,2500.0,1072.0
1.0,6715.0,3502.0,3435.0,3581.0,3511.0,3511.0,2404.0,1031.0,2451.0,1051.0
1.0,6794.0,3509.0,3436.0,3511.0,3512.0,3512.0,2405.0,1031.0,2457.0,1052.0
1.0,6796.0,3469.0,3436.0,3512.0,3469.0,3469.0,2405.0,1031.0,2428.0,1041.0
1.0,6839.0,3382.0,3434.0,3469.0,3376.0,3376.0,2404.0,1030.0,2366.0,1016.0
1.0,6926.0,3323.0,3432.0,3376.0,3317.0,3317.0,2402.0,1030.0,2327.0,996.0
1.0,6979.0,3449.0,3433.0,3317.0,3452.0,3452.0,2403.0,1030.0,2413.0,1036.0
1.0,6847.0,3524.0,3437.0,3452.0,3536.0,3536.0,2406.0,1031.0,2466.0,1058.0
1.0,6775.0,3537.0,3442.0,3536.0,3552.0,3552.0,2409.0,1033.0,2476.0,1061.0
1.0,6774.0,3472.0,3443.0,3552.0,3475.0,3475.0,2410.0,1033.0,2431.0,1041.0
1.0,6854.0,3395.0,3440.0,3475.0,3386.0,3386.0,2408.0,1032.0,2377.0,1018.0
1.0,6934.0,3350.0,3436.0,3386.0,3338.0,3338.0,2405.0,1031.0,2345.0,1005.0
1.0,6970.0,3394.0,3436.0,3338.0,3394.0,3394.0,2405.0,1031.0,2375.0,1019.0
1.0,6914.0,3370.0,3436.0,3394.0,3370.0,3370.0,2405.0,1031.0,2359.0,1011.0
1.0,6938.0,3537.0,3440.0,3370.0,3549.0,3549.0,2408.0,1032.0,2475.0,1062.0
1.0,6771.0,3522.0,3443.0,3549.0,3531.0,3531.0,2410.0,1033.0,2466.0,1056.0
1.0,6798.0,3490.0,3443.0,3531.0,3490.0,3490.0,2410.0,1033.0,2444.0,1046.0
1.0,6839.0,3526.0,3446.0,3490.0,3535.0,3535.0,2412.0,1034.0,2467.0,1059.0
1.0,6803.0,3367.0,3444.0,3535.0,3361.0,3361.0,2411.0,1033.0,2356.0,1011.0
1.0,6971.0,3437.0,3444.0,3361.0,3437.0,3437.0,2411.0,1033.0,2406.0,1031.0
1.0,6895.0,3390.0,3443.0,3437.0,3387.0,3387.0,2410.0,1033.0,2373.0,1017.0
1.0,6942.0,3529.0,3449.0,3387.0,3547.0,3547.0,2414.0,1035.0,2471.0,1058.0
1.0,6800.0,3486.0,3450.0,3547.0,3489.0,3489.0,2415.0,1035.0,2441.0,1045.0
1.0,6861.0,3558.0,3452.0,3489.0,3564.0,3564.0,2416.0,1036.0,2489.0,1069.0
1.0,6792.0,3428.0,3450.0,3564.0,3422.0,3422.0,2415.0,1035.0,2401.0,1027.0
1.0,6928.0,3401.0,3446.0,3422.0,3389.0,3389.0,2412.0,1034.0,2381.0,1020.0
1.0,6949.0,3404.0,3445.0,3389.0,3401.0,3401.0,2411.0,1034.0,2382.0,1022.0
1.0,6934.0,3476.0,3447.0,3401.0,3482.0,3482.0,2413.0,1034.0,2432.0,1044.0
1.0,6859.0,3506.0,3450.0,3482.0,3515.0,3515.0,2415.0,1035.0,2456.0,1050.0
1.0,6835.0,3588.0,3453.0,3515.0,3597.0,3597.0,2417.0,1036.0,2512.0,1076.0
1.0,6762.0,3518.0,3455.0,3597.0,3524.0,3524.0,2418.0,1037.0,2461.0,1057.0
1.0,6841.0,3543.0,3457.0,3524.0,3549.0,3549.0,2420.0,1037.0,2481.0,1062.0
1.0,6822.0,3450.0,3456.0,3549.0,3447.0,3447.0,2419.0,1037.0,2414.0,1036.0
1.0,6921.0,3435.0,3455.0,3447.0,3432.0,3432.0,2418.0,1037.0,2404.0,1031.0
1.0,6933.0,3511.0,3457.0,3432.0,3517.0,3517.0,2420.0,1037.0,2456.0,1055.0
1.0,6854.0,3561.0,3460.0,3517.0,3570.0,3570.0,2422.0,1038.0,2494.0,1067.0
1.0,6810.0,3523.0,3463.0,3570.0,3532.0,3532.0,2424.0,1039.0,2466.0,1057.0
1.0,6857.0,3487.0,3463.0,3532.0,3487.0,3487.0,2424.0,1039.0,2441.0,1046.0
1.0,6902.0,3461.0,3463.0,3487.0,3461.0,3461.0,2424.0,1039.0,2423.0,1038.0
1.0,6928.0,3396.0,3461.0,3461.0,3390.0,3390.0,2423.0,1038.0,2376.0,1020.0
1.0,6993.0,3437.0,3459.0,3390.0,3431.0,3431.0,2421.0,1038.0,2407.0,1030.0
1.0,6946.0,3459.0,3460.0,3431.0,3462.0,3462.0,2422.0,1038.0,2420.0,1039.0
1.0,6918.0,3541.0,3465.0,3462.0,3556.0,3556.0,2425.0,1040.0,2478.0,1063.0
1.0,6839.0,3586.0,3469.0,3556.0,3598.0,3598.0,2428.0,1041.0,2511.0,1075.0
1.0,6809.0,3517.0,3470.0,3598.0,3520.0,3520.0,2429.0,1041.0,2463.0,1054.0
1.0,6890.0,3519.0,3470.0,3520.0,3519.0,3519.0,2429.0,1041.0,2463.0,1056.0
1.0,6891.0,3412.0,3469.0,3519.0,3409.0,3409.0,2428.0,1041.0,2387.0,1025.0
1.0,6998.0,3413.0,3467.0,3409.0,3407.0,3407.0,2427.0,1040.0,2388.0,1025.0
1.0,6994.0,3473.0,3467.0,3407.0,3473.0,3473.0,2427.0,1040.0,2431.0,1042.0
1.0,6928.0,3499.0,3470.0,3473.0,3508.0,3508.0,2429.0,1041.0,2451.0,1048.0
1.0,6902.0,3592.0,3474.0,3508.0,3604.0,3604.0,2432.0,1042.0,2513.0,1079.0
1.0,6818.0,3471.0,3475.0,3604.0,3474.0,3474.0,2432.0,1043.0,2430.0,1041.0
1.0,6951.0,3456.0,3473.0,3474.0,3450.0,3450.0,2431.0,1042.0,2420.0,1036.0
1.0,6969.0,3419.0,3471.0,3450.0,3413.0,3413.0,2430.0,1041.0,2392.0,1027.0
1.0,7000.0,3423.0,3469.0,3413.0,3417.0,3417.0,2428.0,1041.0,2397.0,1026.0
1.0,6990.0,3535.0,3470.0,3417.0,3538.0,3538.0,2429.0,1041.0,2473.0,1062.0
1.0,6872.0,3512.0,3473.0,3538.0,3521.0,3521.0,2431.0,1042.0,2460.0,1052.0
1.0,6898.0,3615.0,3479.0,3521.0,3633.0,3633.0,2435.0,1044.0,2529.0,1086.0
1.0,6804.0,3456.0,3479.0,3633.0,3456.0,3456.0,2435.0,1044.0,2419.0,1037.0
1.0,6981.0,3533.0,3479.0,3456.0,3533.0,3533.0,2435.0,1044.0,2474.0,1059.0
1.0,6904.0,3414.0,3477.0,3533.0,3408.0,3408.0,2434.0,1043.0,2388.0,1026.0
1.0,7023.0,3427.0,3476.0,3408.0,3424.0,3424.0,2433.0,1043.0,2401.0,1026.0
1.0,7004.0,3407.0,3476.0,3424.0,3407.0,3407.0,2433.0,1043.0,2385.0,1022.0
1.0,7021.0,3496.0,3479.0,3407.0,3505.0,3505.0,2435.0,1044.0,2446.0,1050.0
1.0,6932.0,3572.0,3483.0,3505.0,3584.0,3584.0,2438.0,1045.0,2501.0,1071.0
1.0,6865.0,3538.0,3486.0,3584.0,3547.0,3547.0,2440.0,1046.0,2476.0,1062.0
1.0,6911.0,3479.0,3484.0,3547.0,3473.0,3473.0,2439.0,1045.0,2434.0,1045.0
1.0,6979.0,3433.0,3483.0,3473.0,3430.0,3430.0,2438.0,1045.0,2404.0,1029.0
1.0,7019.0,3377.0,3480.0,3430.0,3368.0,3368.0,2436.0,1044.0,2363.0,1014.0
1.0,7072.0,3470.0,3480.0,3368.0,3470.0,3470.0,2436.0,1044.0,2430.0,1040.0
1.0,6970.0,3601.0,3484.0,3470.0,3613.0,3613.0,2439.0,1045.0,2519.0,1082.0
1.0,6839.0,3523.0,3486.0,3613.0,3529.0,3529.0,2440.0,1046.0,2467.0,1056.0
1.0,6929.0,3499.0,3487.0,3529.0,3502.0,3502.0,2441.0,1046.0,2449.0,1050.0
1.0,6959.0,3448.0,3486.0,3502.0,3445.0,3445.0,2440.0,1046.0,2415.0,1033.0
1.0,7013.0,3419.0,3485.0,3445.0,3416.0,3416.0,2439.0,1046.0,2392.0,1027.0
1.0,7039.0,3461.0,3483.0,3416.0,3455.0,3455.0,2438.0,1045.0,2424.0,1037.0
1.0,6994.0,3535.0,3485.0,3455.0,3541.0,3541.0,2439.0,1046.0,2473.0,1062.0
1.0,6914.0,3538.0,3487.0,3541.0,3544.0,3544.0,2441.0,1046.0,2476.0,1062.0
1.0,6917.0,3573.0,3491.0,3544.0,3585.0,3585.0,2444.0,1047.0,2501.0,1072.0
1.0,6888.0,3522.0,3492.0,3585.0,3525.0,3525.0,2444.0,1048.0,2465.0,1057.0
1.0,6951.0,3460.0,3491.0,3525.0,3457.0,3457.0,2444.0,1047.0,2422.0,1038.0
1.0,7016.0,3440.0,3489.0,3457.0,3434.0,3434.0,2442.0,1047.0,2408.0,1032.0
1.0,7033.0,3492.0,3487.0,3434.0,3486.0,3486.0,2441.0,1046.0,2444.0,1048.0
1.0,6975.0,3524.0,3487.0,3486.0,3524.0,3524.0,2441.0,1046.0,2467.0,1057.0
1.0,6937.0,3539.0,3489.0,3524.0,3545.0,3545.0,2442.0,1047.0,2478.0,1061.0
1.0,6922.0,3579.0,3492.0,3545.0,3588.0,3588.0,2444.0,1048.0,2505.0,1074.0
1.0,6888.0,3447.0,3490.0,3588.0,3441.0,3441.0,2443.0,1047.0,2412.0,1035.0
1.0,7029.0,3453.0,3489.0,3441.0,3450.0,3450.0,2442.0,1047.0,2418.0,1035.0
1.0,7017.0,3448.0,3487.0,3450.0,3442.0,3442.0,2441.0,1046.0,2413.0,1035.0
1.0,7019.0,3393.0,3486.0,3442.0,3390.0,3390.0,2440.0,1046.0,2376.0,1017.0
1.0,7068.0,3514.0,3486.0,3390.0,3514.0,3514.0,2440.0,1046.0,2458.0,1056.0
1.0,6944.0,3643.0,3491.0,3514.0,3658.0,3658.0,2444.0,1047.0,2551.0,1092.0
1.0,6815.0,3549.0,3493.0,3658.0,3555.0,3555.0,2445.0,1048.0,2486.0,1063.0
1.0,6924.0,3492.0,3494.0,3555.0,3495.0,3495.0,2446.0,1048.0,2442.0,1050.0
1.0,6987.0,3520.0,3493.0,3495.0,3517.0,3517.0,2445.0,1048.0,2464.0,1056.0
1.0,6962.0,3411.0,3490.0,3517.0,3402.0,3402.0,2443.0,1047.0,2388.0,1023.0
1.0,7068.0,3440.0,3489.0,3402.0,3437.0,3437.0,2442.0,1047.0,2409.0,1031.0
1.0,7030.0,3514.0,3489.0,3437.0,3514.0,3514.0,2442.0,1047.0,2460.0,1054.0
1.0,6953.0,3574.0,3492.0,3514.0,3583.0,3583.0,2444.0,1048.0,2501.0,1073.0
1.0,6893.0,3599.0,3496.0,3583.0,3611.0,3611.0,2447.0,1049.0,2519.0,1080.0
1.0,6877.0,3588.0,3497.0,3611.0,3591.0,3591.0,2448.0,1049.0,2511.0,1077.0
1.0,6900.0,3573.0,3499.0,3591.0,3579.0,3579.0,2449.0,1050.0,2502.0,1071.0
1.0,6918.0,3506.0,3497.0,3579.0,3500.0,3500.0,2448.0,1049.0,2453.0,1053.0
1.0,6991.0,3427.0,3496.0,3500.0,3424.0,3424.0,2447.0,1049.0,2398.0,1029.0
1.0,7064.0,3513.0,3497.0,3424.0,3516.0,3516.0,2448.0,1049.0,2460.0,1053.0
1.0,6975.0,3576.0,3500.0,3516.0,3585.0,3585.0,2450.0,1050.0,2503.0,1073.0
1.0,6915.0,3651.0,3505.0,3585.0,3666.0,3666.0,2453.0,1052.0,2556.0,1095.0
1.0,6849.0,3594.0,3506.0,3666.0,3597.0,3597.0,2454.0,1052.0,2517.0,1077.0
1.0,6921.0,3480.0,3506.0,3597.0,3480.0,3480.0,2454.0,1052.0,2435.0,1045.0
1.0,7038.0,3473.0,3503.0,3480.0,3464.0,3464.0,2452.0,1051.0,2432.0,1041.0
1.0,7045.0,3459.0,3503.0,3464.0,3459.0,3459.0,2452.0,1051.0,2421.0,1038.0
1.0,7050.0,3583.0,3503.0,3459.0,3583.0,3583.0,2452.0,1051.0,2506.0,1077.0
1.0,6926.0,3644.0,3508.0,3583.0,3659.0,3659.0,2456.0,1052.0,2551.0,1093.0
1.0,6865.0,3599.0,3512.0,3659.0,3611.0,3611.0,2458.0,1054.0,2519.0,1080.0
1.0,6925.0,3531.0,3513.0,3611.0,3534.0,3534.0,2459.0,1054.0,2471.0,1060.0
1.0,7005.0,3480.0,3513.0,3534.0,3480.0,3480.0,2459.0,1054.0,2436.0,1044.0
1.0,7059.0,3446.0,3511.0,3480.0,3440.0,3440.0,2458.0,1053.0,2412.0,1034.0
1.0,7093.0,3479.0,3510.0,3440.0,3476.0,3476.0,2457.0,1053.0,2435.0,1044.0
1.0,7054.0,3515.0,3510.0,3476.0,3515.0,3515.0,2457.0,1053.0,2460.0,1055.0
1.0,7015.0,3583.0,3513.0,3515.0,3592.0,3592.0,2459.0,1054.0,2508.0,1075.0
1.0,6947.0,3598.0,3517.0,3592.0,3610.0,3610.0,2462.0,1055.0,2519.0,1079.0
1.0,6941.0,3592.0,3520.0,3610.0,3601.0,3601.0,2464.0,1056.0,2515.0,1077.0
1.0,6959.0,3493.0,3517.0,3601.0,3484.0,3484.0,2462.0,1055.0,2444.0,1049.0
1.0,7067.0,3484.0,3517.0,3484.0,3484.0,3484.0,2462.0,1055.0,2439.0,1045.0
1.0,7067.0,3510.0,3517.0,3484.0,3510.0,3510.0,2462.0,1055.0,2457.0,1053.0
1.0,7041.0,3546.0,3519.0,3510.0,3552.0,3552.0,2463.0,1056.0,2483.0,1063.0
1.0,7005.0,3651.0,3523.0,3552.0,3663.0,3663.0,2466.0,1057.0,2554.0,1097.0
1.0,6906.0,3543.0,3526.0,3663.0,3552.0,3552.0,2468.0,1058.0,2481.0,1062.0
1.0,7026.0,3585.0,3526.0,3552.0,3585.0,3585.0,2468.0,1058.0,2510.0,1075.0
1.0,6993.0,3526.0,3526.0,3585.0,3526.0,3526.0,2468.0,1058.0,2468.0,1058.0
1.0,7052.0,3458.0,3524.0,3526.0,3452.0,3452.0,2467.0,1057.0,2419.0,1039.0
1.0,7120.0,3398.0,3522.0,3452.0,3392.0,3392.0,2465.0,1057.0,2380.0,1018.0
1.0,7174.0,3532.0,3523.0,3392.0,3535.0,3535.0,2466.0,1057.0,2473.0,1059.0
1.0,7034.0,3651.0,3527.0,3535.0,3663.0,3663.0,2469.0,1058.0,2553.0,1098.0
1.0,6918.0,3639.0,3530.0,3663.0,3648.0,3648.0,2471.0,1059.0,2549.0,1090.0
1.0,6942.0,3555.0,3530.0,3648.0,3555.0,3555.0,2471.0,1059.0,2488.0,1067.0
1.0,7035.0,3513.0,3530.0,3555.0,3513.0,3513.0,2471.0,1059.0,2459.0,1054.0
1.0,7077.0,3430.0,3527.0,3513.0,3421.0,3421.0,2469.0,1058.0,2399.0,1031.0
1.0,7160.0,3497.0,3527.0,3421.0,3497.0,3497.0,2469.0,1058.0,2449.0,1048.0
1.0,7084.0,3626.0,3532.0,3497.0,3641.0,3641.0,2472.0,1060.0,2538.0,1088.0
1.0,6955.0,3629.0,3535.0,3641.0,3638.0,3638.0,2474.0,1061.0,2540.0,1089.0
1.0,6967.0,3609.0,3539.0,3638.0,3621.0,3621.0,2477.0,1062.0,2527.0,1082.0
1.0,6996.0,3589.0,3540.0,3621.0,3592.0,3592.0,2478.0,1062.0,2513.0,1076.0
1.0,7028.0,3501.0,3537.0,3592.0,3492.0,3492.0,2476.0,1061.0,2449.0,1052.0
1.0,7119.0,3458.0,3536.0,3492.0,3455.0,3455.0,2475.0,1061.0,2422.0,1036.0
1.0,7153.0,3484.0,3536.0,3455.0,3484.0,3484.0,2475.0,1061.0,2439.0,1045.0
1.0,7124.0,3546.0,3536.0,3484.0,3546.0,3546.0,2475.0,1061.0,2483.0,1063.0
1.0,7062.0,3608.0,3540.0,3546.0,3620.0,3620.0,2478.0,1062.0,2525.0,1083.0
1.0,7000.0,3563.0,3543.0,3620.0,3572.0,3572.0,2480.0,1063.0,2493.0,1070.0
1.0,7057.0,3587.0,3543.0,3572.0,3587.0,3587.0,2480.0,1063.0,2512.0,1075.0
1.0,7042.0,3563.0,3543.0,3587.0,3563.0,3563.0,2480.0,1063.0,2494.0,1069.0
1.0,7066.0,3479.0,3541.0,3563.0,3473.0,3473.0,2479.0,1062.0,2434.0,1045.0
1.0,7150.0,3517.0,3540.0,3473.0,3514.0,3514.0,2478.0,1062.0,2463.0,1054.0
1.0,7106.0,3570.0,3540.0,3514.0,3570.0,3570.0,2478.0,1062.0,2499.0,1071.0
1.0,7050.0,3598.0,3542.0,3570.0,3604.0,3604.0,2479.0,1063.0,2517.0,1081.0
1.0,7022.0,3668.0,3546.0,3604.0,3680.0,3680.0,2482.0,1064.0,2568.0,1100.0
1.0,6958.0,3556.0,3547.0,3680.0,3559.0,3559.0,2483.0,1064.0,2490.0,1066.0
1.0,7082.0,3531.0,3546.0,3559.0,3528.0,3528.0,2482.0,1064.0,2471.0,1060.0
1.0,7110.0,3544.0,3544.0,3528.0,3538.0,3538.0,2481.0,1063.0,2480.0,1064.0
1.0,7094.0,3463.0,3542.0,3538.0,3457.0,3457.0,2479.0,1063.0,2425.0,1038.0
1.0,7169.0,3566.0,3543.0,3457.0,3569.0,3569.0,2480.0,1063.0,2497.0,1069.0
1.0,7060.0,3589.0,3546.0,3569.0,3598.0,3598.0,2482.0,1064.0,2511.0,1078.0
1.0,7040.0,3671.0,3550.0,3598.0,3683.0,3683.0,2485.0,1065.0,2570.0,1101.0
1.0,6967.0,3617.0,3550.0,3683.0,3617.0,3617.0,2485.0,1065.0,2532.0,1085.0
1.0,7033.0,3490.0,3547.0,3617.0,3481.0,3481.0,2483.0,1064.0,2441.0,1049.0
1.0,7160.0,3526.0,3546.0,3481.0,3523.0,3523.0,2482.0,1064.0,2470.0,1056.0
1.0,7115.0,3479.0,3545.0,3523.0,3476.0,3476.0,2481.0,1064.0,2434.0,1045.0
1.0,7159.0,3540.0,3546.0,3476.0,3543.0,3543.0,2482.0,1064.0,2479.0,1061.0
1.0,7095.0,3646.0,3550.0,3543.0,3658.0,3658.0,2485.0,1065.0,2552.0,1094.0
1.0,6992.0,3612.0,3553.0,3658.0,3621.0,3621.0,2487.0,1066.0,2528.0,1084.0
1.0,7038.0,3596.0,3554.0,3621.0,3599.0,3599.0,2488.0,1066.0,2516.0,1080.0
1.0,7063.0,3538.0,3553.0,3599.0,3535.0,3535.0,2487.0,1066.0,2479.0,1059.0
1.0,7124.0,3477.0,3550.0,3535.0,3468.0,3468.0,2485.0,1065.0,2432.0,1045.0
1.0,7182.0,3597.0,3551.0,3468.0,3600.0,3600.0,2486.0,1065.0,2518.0,1079.0
1.0,7053.0,3545.0,3552.0,3600.0,3548.0,3548.0,2486.0,1066.0,2482.0,1063.0
1.0,7108.0,3643.0,3555.0,3548.0,3652.0,3652.0,2488.0,1067.0,2550.0,1093.0
1.0,7013.0,3648.0,3557.0,3652.0,3654.0,3654.0,2490.0,1067.0,2553.0,1095.0
1.0,7017.0,3636.0,3559.0,3654.0,3642.0,3642.0,2491.0,1068.0,2546.0,1090.0
1.0,7035.0,3524.0,3557.0,3642.0,3518.0,3518.0,2490.0,1067.0,2465.0,1059.0
1.0,7153.0,3519.0,3556.0,3518.0,3516.0,3516.0,2489.0,1067.0,2465.0,1054.0
1.0,7152.0,3563.0,3556.0,3516.0,3563.0,3563.0,2489.0,1067.0,2494.0,1069.0
1.0,7105.0,3590.0,3557.0,3563.0,3593.0,3593.0,2490.0,1067.0,2512.0,1078.0
1.0,7078.0,3597.0,3560.0,3593.0,3606.0,3606.0,2492.0,1068.0,2519.0,1078.0
1.0,7074.0,3670.0,3565.0,3606.0,3685.0,3685.0,2495.0,1070.0,2568.0,1102.0
1.0,7010.0,3497.0,3564.0,3685.0,3494.0,3494.0,2495.0,1069.0,2447.0,1050.0
1.0,7198.0,3487.0,3561.0,3494.0,3478.0,3478.0,2493.0,1068.0,2441.0,1046.0
1.0,7205.0,3470.0,3559.0,3478.0,3464.0,3464.0,2491.0,1068.0,2429.0,1041.0
1.0,7213.0,3461.0,3556.0,3464.0,3452.0,3452.0,2489.0,1067.0,2424.0,1037.0
1.0,7216.0,3543.0,3557.0,3452.0,3546.0,3546.0,2490.0,1067.0,2479.0,1064.0
1.0,7125.0,3568.0,3560.0,3546.0,3577.0,3577.0,2492.0,1068.0,2498.0,1070.0
1.0,7103.0,3696.0,3563.0,3577.0,3705.0,3705.0,2494.0,1069.0,2588.0,1108.0
1.0,6984.0,3573.0,3563.0,3705.0,3573.0,3573.0,2494.0,1069.0,2500.0,1073.0
1.0,7116.0,3593.0,3562.0,3573.0,3590.0,3590.0,2493.0,1069.0,2515.0,1078.0
1.0,7096.0,3453.0,3559.0,3590.0,3444.0,3444.0,2491.0,1068.0,2417.0,1036.0
1.0,7233.0,3501.0,3557.0,3444.0,3495.0,3495.0,2490.0,1067.0,2450.0,1051.0
1.0,7176.0,3596.0,3559.0,3495.0,3602.0,3602.0,2491.0,1068.0,2518.0,1078.0
1.0,7075.0,3628.0,3562.0,3602.0,3637.0,3637.0,2493.0,1069.0,2539.0,1089.0
1.0,7049.0,3662.0,3566.0,3637.0,3674.0,3674.0,2496.0,1070.0,2563.0,1099.0
1.0,7024.0,3678.0,3567.0,3674.0,3681.0,3681.0,2497.0,1070.0,2574.0,1104.0
1.0,7020.0,3504.0,3566.0,3681.0,3501.0,3501.0,2496.0,1070.0,2454.0,1050.0
1.0,7197.0,3512.0,3565.0,3501.0,3509.0,3509.0,2495.0,1070.0,2457.0,1055.0
1.0,7186.0,3509.0,3563.0,3509.0,3503.0,3503.0,2494.0,1069.0,2455.0,1054.0
1.0,7186.0,3606.0,3564.0,3503.0,3609.0,3609.0,2495.0,1069.0,2525.0,1081.0
1.0,7083.0,3680.0,3569.0,3609.0,3695.0,3695.0,2498.0,1071.0,2576.0,1104.0
1.0,7012.0,3631.0,3570.0,3695.0,3634.0,3634.0,2499.0,1071.0,2541.0,1090.0
1.0,7076.0,3625.0,3572.0,3634.0,3631.0,3631.0,2500.0,1072.0,2538.0,1087.0
1.0,7085.0,3559.0,3570.0,3631.0,3553.0,3553.0,2499.0,1071.0,2490.0,1069.0
1.0,7157.0,3503.0,3567.0,3553.0,3494.0,3494.0,2497.0,1070.0,2452.0,1051.0
1.0,7207.0,3566.0,3567.0,3494.0,3566.0,3566.0,2497.0,1070.0,2496.0,1070.0
1.0,7135.0,3595.0,3569.0,3566.0,3601.0,3601.0,2498.0,1071.0,2517.0,1078.0
1.0,7106.0,3668.0,3572.0,3601.0,3677.0,3677.0,2500.0,1072.0,2567.0,1101.0
1.0,7039.0,3643.0,3575.0,3677.0,3652.0,3652.0,2502.0,1073.0,2550.0,1093.0
1.0,7073.0,3606.0,3576.0,3652.0,3609.0,3609.0,2503.0,1073.0,2524.0,1082.0
1.0,7119.0,3582.0,3576.0,3609.0,3582.0,3582.0,2503.0,1073.0,2507.0,1075.0
1.0,7146.0,3556.0,3573.0,3582.0,3547.0,3547.0,2501.0,1072.0,2488.0,1068.0
1.0,7172.0,3566.0,3572.0,3547.0,3563.0,3563.0,2500.0,1072.0,2497.0,1069.0
1.0,7153.0,3589.0,3574.0,3563.0,3595.0,3595.0,2502.0,1072.0,2512.0,1077.0
1.0,7127.0,3632.0,3576.0,3595.0,3638.0,3638.0,2503.0,1073.0,2543.0,1089.0
1.0,7090.0,3638.0,3579.0,3638.0,3647.0,3647.0,2505.0,1074.0,2546.0,1092.0
1.0,7090.0,3623.0,3580.0,3647.0,3626.0,3626.0,2506.0,1074.0,2535.0,1088.0
1.0,7114.0,3591.0,3580.0,3626.0,3591.0,3591.0,2506.0,1074.0,2513.0,1078.0
1.0,7149.0,3488.0,3577.0,3591.0,3479.0,3479.0,2504.0,1073.0,2443.0,1045.0
1.0,7252.0,3570.0,3577.0,3479.0,3570.0,3570.0,2504.0,1073.0,2499.0,1071.0
1.0,7161.0,3589.0,3578.0,3570.0,3592.0,3592.0,2504.0,1074.0,2512.0,1077.0
1.0,7142.0,3649.0,3581.0,3592.0,3658.0,3658.0,2507.0,1074.0,2554.0,1095.0
1.0,7085.0,3610.0,3582.0,3658.0,3613.0,3613.0,2507.0,1075.0,2528.0,1082.0
1.0,7133.0,3572.0,3582.0,3613.0,3572.0,3572.0,2507.0,1075.0,2500.0,1072.0
1.0,7174.0,3589.0,3580.0,3572.0,3583.0,3583.0,2506.0,1074.0,2511.0,1078.0
1.0,7157.0,3514.0,3579.0,3583.0,3511.0,3511.0,2505.0,1074.0,2461.0,1053.0
1.0,7226.0,3520.0,3576.0,3511.0,3511.0,3511.0,2503.0,1073.0,2462.0,1058.0
1.0,7217.0,3512.0,3576.0,3511.0,3512.0,3512.0,2503.0,1073.0,2458.0,1054.0
1.0,7216.0,3666.0,3579.0,3512.0,3675.0,3675.0,2505.0,1074.0,2568.0,1098.0
1.0,7062.0,3679.0,3580.0,3675.0,3682.0,3682.0,2506.0,1074.0,2574.0,1105.0
1.0,7058.0,3692.0,3583.0,3682.0,3701.0,3701.0,2508.0,1075.0,2584.0,1108.0
1.0,7048.0,3636.0,3583.0,3701.0,3636.0,3636.0,2508.0,1075.0,2545.0,1091.0
1.0,7113.0,3553.0,3582.0,3636.0,3550.0,3550.0,2507.0,1075.0,2488.0,1065.0
1.0,7196.0,3522.0,3582.0,3550.0,3522.0,3522.0,2507.0,1075.0,2465.0,1057.0
1.0,7224.0,3576.0,3583.0,3522.0,3579.0,3579.0,2508.0,1075.0,2502.0,1074.0
1.0,7170.0,3675.0,3587.0,3579.0,3687.0,3687.0,2511.0,1076.0,2573.0,1102.0
1.0,7074.0,3758.0,3593.0,3687.0,3776.0,3776.0,2515.0,1078.0,2632.0,1126.0
1.0,7003.0,3656.0,3596.0,3776.0,3665.0,3665.0,2517.0,1079.0,2558.0,1098.0
1.0,7123.0,3614.0,3596.0,3665.0,3614.0,3614.0,2517.0,1079.0,2531.0,1083.0
1.0,7174.0,3499.0,3593.0,3614.0,3490.0,3490.0,2515.0,1078.0,2449.0,1050.0
1.0,7289.0,3606.0,3593.0,3490.0,3606.0,3606.0,2515.0,1078.0,2523.0,1083.0
1.0,7173.0,3606.0,3593.0,3606.0,3606.0,3606.0,2515.0,1078.0,2524.0,1082.0
1.0,7173.0,3682.0,3597.0,3606.0,3694.0,3694.0,2518.0,1079.0,2578.0,1104.0
1.0,7097.0,3688.0,3602.0,3694.0,3703.0,3703.0,2521.0,1081.0,2581.0,1107.0
1.0,7103.0,3586.0,3602.0,3703.0,3586.0,3586.0,2521.0,1081.0,2510.0,1076.0
1.0,7220.0,3626.0,3601.0,3586.0,3623.0,3623.0,2521.0,1080.0,2538.0,1088.0
1.0,7180.0,3607.0,3600.0,3623.0,3604.0,3604.0,2520.0,1080.0,2524.0,1083.0
1.0,7196.0,3540.0,3597.0,3604.0,3531.0,3531.0,2518.0,1079.0,2479.0,1061.0
1.0,7260.0,3608.0,3599.0,3531.0,3614.0,3614.0,2519.0,1080.0,2526.0,1082.0
1.0,7183.0,3672.0,3603.0,3614.0,3684.0,3684.0,2522.0,1081.0,2570.0,1102.0
1.0,7125.0,3728.0,3607.0,3684.0,3740.0,3740.0,2525.0,1082.0,2610.0,1118.0
1.0,7081.0,3627.0,3607.0,3740.0,3627.0,3627.0,2525.0,1082.0,2537.0,1090.0
1.0,7194.0,3617.0,3606.0,3627.0,3614.0,3614.0,2524.0,1082.0,2533.0,1084.0
1.0,7204.0,3528.0,3604.0,3614.0,3522.0,3522.0,2523.0,1081.0,2469.0,1059.0
1.0,7290.0,3543.0,3602.0,3522.0,3537.0,3537.0,2521.0,1081.0,2481.0,1062.0
1.0,7269.0,3605.0,3603.0,3537.0,3608.0,3608.0,2522.0,1081.0,2522.0,1083.0
1.0,7201.0,3666.0,3606.0,3608.0,3675.0,3675.0,2524.0,1082.0,2568.0,1098.0
1.0,7143.0,3665.0,3609.0,3675.0,3674.0,3674.0,2526.0,1083.0,2564.0,1101.0
1.0,7153.0,3614.0,3609.0,3674.0,3614.0,3614.0,2526.0,1083.0,2530.0,1084.0
1.0,7213.0,3570.0,3607.0,3614.0,3564.0,3564.0,2525.0,1082.0,2498.0,1072.0
1.0,7257.0,3571.0,3606.0,3564.0,3568.0,3568.0,2524.0,1082.0,2501.0,1070.0
1.0,7250.0,3658.0,3606.0,3568.0,3658.0,3658.0,2524.0,1082.0,2561.0,1097.0
1.0,7160.0,3573.0,3606.0,3658.0,3573.0,3573.0,2524.0,1082.0,2501.0,1072.0
1.0,7245.0,3608.0,3607.0,3573.0,3611.0,3611.0,2525.0,1082.0,2524.0,1084.0
1.0,7210.0,3687.0,3610.0,3611.0,3696.0,3696.0,2527.0,1083.0,2582.0,1105.0
1.0,7134.0,3731.0,3612.0,3696.0,3737.0,3737.0,2528.0,1084.0,2611.0,1120.0
1.0,7099.0,3573.0,3611.0,3737.0,3570.0,3570.0,2528.0,1083.0,2500.0,1073.0
1.0,7263.0,3577.0,3610.0,3570.0,3574.0,3574.0,2527.0,1083.0,2504.0,1073.0
1.0,7256.0,3574.0,3609.0,3574.0,3571.0,3571.0,2526.0,1083.0,2503.0,1071.0
1.0,7256.0,3609.0,3609.0,3571.0,3609.0,3609.0,2526.0,1083.0,2526.0,1083.0
1.0,7218.0,3706.0,3613.0,3609.0,3718.0,3718.0,2529.0,1084.0,2593.0,1113.0
1.0,7121.0,3662.0,3616.0,3718.0,3671.0,3671.0,2531.0,1085.0,2564.0,1098.0
1.0,7177.0,3695.0,3617.0,3671.0,3698.0,3698.0,2532.0,1085.0,2585.0,1110.0
1.0,7153.0,3614.0,3617.0,3698.0,3614.0,3614.0,2532.0,1085.0,2532.0,1082.0
1.0,7237.0,3627.0,3617.0,3614.0,3627.0,3627.0,2532.0,1085.0,2537.0,1090.0
1.0,7224.0,3574.0,3617.0,3627.0,3574.0,3574.0,2532.0,1085.0,2502.0,1072.0
1.0,7277.0,3646.0,3619.0,3574.0,3652.0,3652.0,2533.0,1086.0,2553.0,1093.0
1.0,7205.0,3718.0,3622.0,3652.0,3727.0,3727.0,2535.0,1087.0,2603.0,1115.0
1.0,7139.0,3746.0,3626.0,3727.0,3758.0,3758.0,2538.0,1088.0,2622.0,1124.0
1.0,7120.0,3691.0,3630.0,3758.0,3703.0,3703.0,2541.0,1089.0,2584.0,1107.0
1.0,7187.0,3560.0,3627.0,3703.0,3551.0,3551.0,2539.0,1088.0,2490.0,1070.0
1.0,7330.0,3614.0,3626.0,3551.0,3611.0,3611.0,2538.0,1088.0,2532.0,1082.0
1.0,7267.0,3566.0,3624.0,3611.0,3560.0,3560.0,2537.0,1087.0,2494.0,1072.0
1.0,7312.0,3640.0,3624.0,3560.0,3640.0,3640.0,2537.0,1087.0,2548.0,1092.0
1.0,7232.0,3702.0,3627.0,3640.0,3711.0,3711.0,2539.0,1088.0,2593.0,1109.0
1.0,7170.0,3745.0,3632.0,3711.0,3760.0,3760.0,2542.0,1090.0,2620.0,1125.0
1.0,7136.0,3660.0,3633.0,3760.0,3663.0,3663.0,2543.0,1090.0,2563.0,1097.0
1.0,7236.0,3579.0,3631.0,3663.0,3573.0,3573.0,2542.0,1089.0,2504.0,1075.0
1.0,7320.0,3573.0,3627.0,3573.0,3561.0,3561.0,2539.0,1088.0,2501.0,1072.0
1.0,7320.0,3565.0,3626.0,3561.0,3562.0,3562.0,2538.0,1088.0,2497.0,1068.0
1.0,7316.0,3683.0,3627.0,3562.0,3686.0,3686.0,2539.0,1088.0,2577.0,1106.0
1.0,7195.0,3698.0,3631.0,3686.0,3710.0,3710.0,2542.0,1089.0,2588.0,1110.0
1.0,7183.0,3752.0,3634.0,3710.0,3761.0,3761.0,2544.0,1090.0,2626.0,1126.0
1.0,7141.0,3670.0,3635.0,3761.0,3673.0,3673.0,2544.0,1091.0,2570.0,1100.0
1.0,7232.0,3566.0,3633.0,3673.0,3560.0,3560.0,2543.0,1090.0,2496.0,1070.0
1.0,7339.0,3544.0,3630.0,3560.0,3535.0,3535.0,2541.0,1089.0,2480.0,1064.0
1.0,7355.0,3636.0,3631.0,3535.0,3639.0,3639.0,2542.0,1089.0,2545.0,1091.0
1.0,7254.0,3637.0,3631.0,3639.0,3637.0,3637.0,2542.0,1089.0,2546.0,1091.0
1.0,7256.0,3696.0,3633.0,3637.0,3702.0,3702.0,2543.0,1090.0,2589.0,1107.0
1.0,7197.0,3692.0,3636.0,3702.0,3701.0,3701.0,2545.0,1091.0,2583.0,1109.0
1.0,7207.0,3681.0,3637.0,3701.0,3684.0,3684.0,2546.0,1091.0,2575.0,1106.0
1.0,7227.0,3594.0,3636.0,3684.0,3591.0,3591.0,2545.0,1091.0,2518.0,1076.0
1.0,7317.0,3560.0,3633.0,3591.0,3551.0,3551.0,2543.0,1090.0,2492.0,1068.0
1.0,7348.0,3591.0,3632.0,3551.0,3588.0,3588.0,2542.0,1090.0,2513.0,1078.0
1.0,7308.0,3711.0,3633.0,3588.0,3714.0,3714.0,2543.0,1090.0,2596.0,1115.0
1.0,7185.0,3718.0,3637.0,3714.0,3730.0,3730.0,2546.0,1091.0,2603.0,1115.0
1.0,7181.0,3723.0,3640.0,3730.0,3732.0,3732.0,2548.0,1092.0,2606.0,1117.0
1.0,7188.0,3687.0,3643.0,3732.0,3696.0,3696.0,2550.0,1093.0,2582.0,1105.0
1.0,7233.0,3650.0,3642.0,3696.0,3647.0,3647.0,2549.0,1093.0,2555.0,1095.0
1.0,7279.0,3590.0,3640.0,3647.0,3584.0,3584.0,2548.0,1092.0,2512.0,1078.0
1.0,7336.0,3610.0,3640.0,3584.0,3610.0,3610.0,2548.0,1092.0,2527.0,1083.0
1.0,7310.0,3642.0,3642.0,3610.0,3648.0,3648.0,2549.0,1093.0,2550.0,1092.0
1.0,7278.0,3729.0,3645.0,3648.0,3738.0,3738.0,2551.0,1094.0,2610.0,1119.0
1.0,7197.0,3686.0,3646.0,3738.0,3689.0,3689.0,2552.0,1094.0,2580.0,1106.0
1.0,7249.0,3686.0,3647.0,3689.0,3689.0,3689.0,2553.0,1094.0,2580.0,1106.0
1.0,7252.0,3622.0,3647.0,3689.0,3622.0,3622.0,2553.0,1094.0,2535.0,1087.0
1.0,7319.0,3609.0,3646.0,3622.0,3606.0,3606.0,2552.0,1094.0,2527.0,1082.0
1.0,7332.0,3600.0,3644.0,3606.0,3594.0,3594.0,2551.0,1093.0,2518.0,1082.0
1.0,7338.0,3709.0,3646.0,3594.0,3715.0,3715.0,2552.0,1094.0,2598.0,1111.0
1.0,7223.0,3682.0,3649.0,3715.0,3691.0,3691.0,2554.0,1095.0,2576.0,1106.0
1.0,7256.0,3692.0,3650.0,3691.0,3695.0,3695.0,2555.0,1095.0,2584.0,1108.0
1.0,7255.0,3740.0,3653.0,3695.0,3749.0,3749.0,2557.0,1096.0,2619.0,1121.0
1.0,7210.0,3636.0,3652.0,3749.0,3633.0,3633.0,2556.0,1096.0,2545.0,1091.0
1.0,7323.0,3650.0,3652.0,3633.0,3650.0,3650.0,2556.0,1096.0,2555.0,1095.0
1.0,7306.0,3583.0,3650.0,3650.0,3577.0,3577.0,2555.0,1095.0,2508.0,1075.0
1.0,7373.0,3649.0,3650.0,3577.0,3649.0,3649.0,2555.0,1095.0,2553.0,1096.0
1.0,7301.0,3749.0,3653.0,3649.0,3758.0,3758.0,2557.0,1096.0,2625.0,1124.0
1.0,7201.0,3704.0,3702.160027444552,3758.0,3851.0,3851.0,2589.7655750819767,1112.3944523625748,2592.0,1112.0
1.0,7255.0,3756.0,3629.8184487144144,3851.0,3540.0,3540.0,2539.213553845884,1090.604894868531,2628.0,1128.0
1.0,7350.0,3643.0,3586.8878636989543,3540.0,3514.0,3514.0,2510.235719941695,1076.6521437572592,2552.0,1091.0
1.0,7247.0,3583.0,3620.286043426969,3514.0,3683.0,3683.0,2533.701722059855,1086.5843213671142,2508.0,1075.0
1.0,7178.0,3637.0,3679.308737871302,3683.0,3814.0,3814.0,2575.904460044203,1103.4042778270991,2545.0,1092.0
1.0,7224.0,3695.0,3743.6140882354434,3814.0,3888.0,3888.0,2619.9612144189955,1123.652873816448,2586.0,1109.0
1.0,7343.0,3718.0,3743.812038266826,3888.0,3719.0,3719.0,2619.964293786962,1123.847744479864,2603.0,1115.0
1.0,7513.0,3715.0,3693.738417384795,3719.0,3564.0,3564.0,2583.765037447862,1109.973379936933,2600.0,1115.0
1.0,7517.0,3670.0,3638.1778695935236,3564.0,3503.0,3503.0,2545.0287202962418,1093.1491492972818,2569.0,1101.0
1.0,7411.0,3616.0,3601.9346999887184,3503.0,3508.0,3508.0,2520.816902024376,1081.1177979643426,2530.0,1086.0
1.0,7298.0,3584.0,3623.0597474357864,3508.0,3647.0,3647.0,2537.670113710372,1085.3896337254148,2509.0,1075.0
1.0,7222.0,3659.0,3686.0429998318978,3647.0,3848.0,3848.0,2579.251293114354,1106.7917067175433,2561.0,1098.0
1.0,7210.0,3684.0,3740.9722378100428,3848.0,3849.0,3849.0,2619.560761226484,1121.4114765835589,2578.0,1106.0
1.0,7374.0,3713.0,3748.0655440312075,3849.0,3734.0,3734.0,2622.222418004428,1125.8431260267794,2600.0,1113.0
1.0,7510.0,3712.0,3696.9687833749977,3734.0,3559.0,3559.0,2587.121480853206,1109.847302521792,2598.0,1114.0
1.0,7532.0,3725.0,3640.911972531104,3559.0,3557.0,3557.0,2547.475988769204,1093.4359837618997,2608.0,1117.0
1.0,7366.0,3637.0,3607.976030016571,3557.0,3538.0,3538.0,2525.533918482898,1082.442111533673,2545.0,1092.0
1.0,7286.0,3597.0,3634.548269291535,3538.0,3677.0,3677.0,2545.0343206852363,1089.5139486062983,2518.0,1079.0
1.0,7227.0,3630.0,3692.7503218374177,3677.0,3805.0,3805.0,2585.2855007608528,1107.4648210765647,2541.0,1089.0
1.0,7274.0,3675.0,3741.2230696474826,3805.0,3819.0,3819.0,2618.578713558757,1122.6443560887258,2571.0,1104.0
1.0,7404.0,3712.0,3750.52123709489,3819.0,3741.0,3741.0,2625.733100521777,1124.7881365731128,2598.0,1114.0
1.0,7511.0,3758.0,3708.6817847719303,3741.0,3632.0,3632.0,2594.590403258544,1114.0913815133863,2632.0,1126.0
1.0,7494.0,3752.0,3651.293951161274,3632.0,3580.0,3580.0,2554.0591868135994,1097.2347643476746,2625.0,1127.0
1.0,7374.0,3674.0,3623.3995443229023,3580.0,3590.0,3590.0,2536.421446919458,1086.9780974034443,2572.0,1102.0
1.0,7280.0,3611.0,3631.649504199382,3590.0,3636.0,3636.0,2543.5994367303547,1088.0500674690272,2529.0,1082.0
1.0,7259.0,3669.0,3699.839392276448,3636.0,3874.0,3874.0,2589.2340287960237,1110.605363480424,2568.0,1101.0
1.0,7226.0,3663.0,3739.4478588925085,3874.0,3781.0,3781.0,2617.1743187306674,1122.2735401618409,2563.0,1100.0
1.0,7437.0,3759.0,3762.105628341509,3781.0,3827.0,3827.0,2631.987059987793,1130.118568353716,2631.0,1128.0
1.0,7459.0,3762.0,3721.672471948029,3827.0,3641.0,3641.0,2605.0746360090848,1116.5978359389444,2633.0,1129.0
1.0,7524.0,3742.0,3665.4294409297395,3641.0,3573.0,3573.0,2565.7297883723422,1099.6996525573973,2620.0,1122.0
1.0,7423.0,3631.0,3625.462080080173,3573.0,3511.0,3511.0,2538.539409135624,1086.922670944549,2541.0,1090.0
1.0,7365.0,3566.0,3637.6916481215694,3511.0,3603.0,3603.0,2546.3673993815687,1091.3242487400005,2496.0,1070.0
1.0,7310.0,3687.0,3692.38633392428,3603.0,3851.0,3851.0,2584.7903993023738,1107.5959346219063,2581.0,1106.0
1.0,7226.0,3687.0,3752.0225120090313,3851.0,3866.0,3866.0,2625.681055819218,1126.3414561898135,2581.0,1106.0
1.0,7390.0,3720.0,3767.441547151462,3866.0,3766.0,3766.0,2637.060301793414,1130.381245358048,2604.0,1116.0
1.0,7536.0,3736.0,3728.8533557832084,3766.0,3621.0,3621.0,2610.1222615339275,1118.7310942492809,2617.0,1119.0
1.0,7566.0,3697.0,3661.620266750267,3621.0,3495.0,3495.0,2562.5827927475502,1099.0374740027169,2586.0,1111.0
1.0,7490.0,3623.0,3624.7655571903924,3495.0,3513.0,3513.0,2536.871812944398,1087.8937442459949,2537.0,1086.0
1.0,7362.0,3617.0,3647.295407495818,3513.0,3684.0,3684.0,2553.8472180120198,1093.4481894837984,2531.0,1086.0
1.0,7258.0,3647.0,3700.485002381991,3684.0,3806.0,3806.0,2588.898986793399,1111.5860155885919,2553.0,1094.0
1.0,7295.0,3713.0,3761.6000553494496,3806.0,3897.0,3897.0,2634.4312660123924,1127.168789337057,2600.0,1113.0
1.0,7388.0,3788.0,3771.3858534847304,3897.0,3817.0,3817.0,2640.714936303407,1130.6709171813238,2651.0,1137.0
1.0,7497.0,3766.0,3729.9583390497864,3817.0,3642.0,3642.0,2609.2665356312546,1120.691803418532,2636.0,1130.0
1.0,7548.0,3765.0,3666.306441652309,3642.0,3574.0,3574.0,2565.450445706787,1100.855995945522,2636.0,1129.0
1.0,7425.0,3699.0,3629.5803998457704,3574.0,3589.0,3589.0,2540.5467340598416,1089.0336657859289,2589.0,1110.0
1.0,7300.0,3571.0,3657.8716214306505,3589.0,3656.0,3656.0,2562.3638869082433,1095.507734522407,2499.0,1072.0
1.0,7318.0,3694.0,3712.903663650544,3656.0,3859.0,3859.0,2601.0123743943946,1111.8912892561493,2587.0,1107.0
1.0,7280.0,3705.0,3766.6507730078565,3859.0,3866.0,3866.0,2635.73833927705,1130.912433730807,2592.0,1113.0
1.0,7434.0,3791.0,3784.1600194801554,3866.0,3843.0,3843.0,2648.200439920873,1135.9595795592822,2653.0,1138.0
1.0,7509.0,3786.0,3729.2902177091,3843.0,3622.0,3622.0,2608.0216249924756,1121.2685927166242,2650.0,1136.0
2.0,0.0,1158.0,1158.0,0.0,3474.0,3474.0,810.0,348.0,810.0,348.0
2.0,0.0,1149.0,1153.0,3474.0,2292.0,2292.0,807.0,346.0,804.0,345.0
2.0,1167.0,56.0,788.0,2292.0,0.0,0.0,552.0,236.0,41.0,15.0
2.0,3403.0,289.0,663.0,0.0,0.0,0.0,464.0,199.0,201.0,88.0
2.0,3114.0,226.0,576.0,0.0,0.0,0.0,403.0,173.0,159.0,67.0
2.0,2888.0,280.0,527.0,0.0,0.0,0.0,369.0,158.0,197.0,83.0
2.0,2608.0,256.0,488.0,0.0,0.0,0.0,342.0,146.0,179.0,77.0
2.0,2352.0,260.0,460.0,0.0,0.0,0.0,322.0,138.0,182.0,78.0
2.0,2092.0,365.0,449.0,0.0,0.0,0.0,314.0,135.0,255.0,110.0
2.0,1727.0,440.0,448.0,0.0,57.0,57.0,314.0,134.0,308.0,132.0
2.0,1287.0,360.0,440.0,57.0,336.0,336.0,308.0,132.0,251.0,109.0
2.0,984.0,258.0,424.0,336.0,210.0,210.0,297.0,127.0,181.0,77.0
2.0,1062.0,251.0,411.0,210.0,212.0,212.0,288.0,123.0,176.0,75.0
2.0,1021.0,334.0,406.0,212.0,319.0,319.0,284.0,122.0,234.0,100.0
2.0,899.0,392.0,404.0,319.0,386.0,386.0,283.0,121.0,274.0,118.0
2.0,826.0,468.0,409.0,386.0,483.0,483.0,286.0,123.0,328.0,140.0
2.0,744.0,409.0,409.0,483.0,409.0,409.0,286.0,123.0,286.0,123.0
2.0,818.0,379.0,407.0,409.0,373.0,373.0,285.0,122.0,264.0,115.0
2.0,848.0,248.0,399.0,373.0,224.0,224.0,279.0,120.0,175.0,73.0
2.0,973.0,217.0,390.0,224.0,190.0,190.0,273.0,117.0,150.0,67.0
2.0,980.0,270.0,384.0,190.0,252.0,252.0,269.0,115.0,189.0,81.0
2.0,900.0,354.0,383.0,252.0,351.0,351.0,268.0,115.0,249.0,105.0
2.0,798.0,412.0,384.0,351.0,415.0,415.0,269.0,115.0,288.0,124.0
2.0,737.0,466.0,387.0,415.0,475.0,475.0,271.0,116.0,327.0,139.0
2.0,686.0,374.0,387.0,475.0,374.0,374.0,271.0,116.0,261.0,113.0
2.0,787.0,295.0,383.0,374.0,283.0,283.0,268.0,115.0,208.0,87.0
2.0,866.0,267.0,379.0,283.0,255.0,255.0,265.0,114.0,187.0,80.0
2.0,882.0,340.0,377.0,255.0,334.0,334.0,264.0,113.0,238.0,102.0
2.0,797.0,362.0,377.0,334.0,362.0,362.0,264.0,113.0,251.0,111.0
2.0,769.0,379.0,377.0,362.0,379.0,379.0,264.0,113.0,266.0,113.0
2.0,752.0,456.0,380.0,379.0,465.0,465.0,266.0,114.0,319.0,137.0
2.0,675.0,407.0,380.0,465.0,407.0,407.0,266.0,114.0,287.0,120.0
2.0,733.0,333.0,379.0,407.0,330.0,330.0,265.0,114.0,232.0,101.0
2.0,807.0,211.0,374.0,330.0,196.0,196.0,262.0,112.0,148.0,63.0
2.0,926.0,317.0,373.0,196.0,314.0,314.0,261.0,112.0,221.0,96.0
2.0,805.0,389.0,373.0,314.0,389.0,389.0,261.0,112.0,273.0,116.0
2.0,730.0,465.0,376.0,389.0,474.0,474.0,263.0,113.0,325.0,140.0
2.0,654.0,473.0,378.0,474.0,479.0,479.0,265.0,113.0,331.0,142.0
2.0,655.0,386.0,378.0,479.0,386.0,386.0,265.0,113.0,271.0,115.0
2.0,748.0,308.0,377.0,386.0,305.0,305.0,264.0,113.0,215.0,93.0
2.0,826.0,317.0,376.0,305.0,314.0,314.0,263.0,113.0,222.0,95.0
2.0,814.0,323.0,374.0,314.0,317.0,317.0,262.0,112.0,225.0,98.0
2.0,805.0,334.0,373.0,317.0,331.0,331.0,261.0,112.0,234.0,100.0
2.0,788.0,455.0,374.0,331.0,458.0,458.0,262.0,112.0,320.0,135.0
2.0,664.0,406.0,376.0,458.0,412.0,412.0,263.0,113.0,282.0,124.0
2.0,716.0,351.0,374.0,412.0,345.0,345.0,262.0,112.0,246.0,105.0
2.0,777.0,377.0,374.0,345.0,377.0,377.0,262.0,112.0,265.0,112.0
2.0,745.0,359.0,374.0,377.0,359.0,359.0,262.0,112.0,251.0,108.0
2.0,763.0,273.0,373.0,359.0,270.0,270.0,261.0,112.0,192.0,81.0
2.0,849.0,426.0,374.0,270.0,429.0,429.0,262.0,112.0,297.0,129.0
2.0,693.0,441.0,374.0,429.0,441.0,441.0,262.0,112.0,310.0,131.0
2.0,681.0,510.0,377.0,441.0,519.0,519.0,264.0,113.0,357.0,153.0
2.0,612.0,418.0,363.0,519.0,376.0,376.0,254.0,109.0,293.0,125.0
2.0,713.0,410.0,349.0,376.0,368.0,368.0,244.0,105.0,288.0,122.0
2.0,679.0,364.0,354.0,368.0,379.0,379.0,248.0,106.0,254.0,110.0
2.0,683.0,234.0,354.0,379.0,234.0,234.0,248.0,106.0,163.0,71.0
2.0,828.0,373.0,357.0,234.0,382.0,382.0,250.0,107.0,262.0,111.0
2.0,689.0,490.0,361.0,382.0,502.0,502.0,253.0,108.0,343.0,147.0
2.0,581.0,489.0,366.0,502.0,504.0,504.0,256.0,110.0,343.0,146.0
2.0,594.0,389.0,367.0,504.0,392.0,392.0,257.0,110.0,271.0,118.0
2.0,709.0,399.0,369.0,392.0,405.0,405.0,258.0,111.0,280.0,119.0
2.0,702.0,289.0,366.0,405.0,280.0,280.0,256.0,110.0,203.0,86.0
2.0,818.0,334.0,365.0,280.0,331.0,331.0,256.0,109.0,234.0,100.0
2.0,764.0,369.0,367.0,331.0,375.0,375.0,257.0,110.0,257.0,112.0
2.0,726.0,402.0,370.0,375.0,411.0,411.0,259.0,111.0,283.0,119.0
2.0,699.0,440.0,372.0,411.0,446.0,446.0,260.0,112.0,307.0,133.0
2.0,670.0,446.0,373.0,446.0,449.0,449.0,261.0,112.0,313.0,133.0
2.0,670.0,383.0,371.0,449.0,377.0,377.0,260.0,111.0,267.0,116.0
2.0,736.0,333.0,370.0,377.0,330.0,330.0,259.0,111.0,232.0,101.0
2.0,780.0,361.0,370.0,330.0,361.0,361.0,259.0,111.0,253.0,108.0
2.0,749.0,399.0,373.0,361.0,408.0,408.0,261.0,112.0,281.0,118.0
2.0,711.0,449.0,377.0,408.0,461.0,461.0,264.0,113.0,315.0,134.0
2.0,670.0,438.0,380.0,461.0,447.0,447.0,266.0,114.0,306.0,132.0
2.0,693.0,397.0,381.0,447.0,400.0,400.0,267.0,114.0,276.0,121.0
2.0,743.0,366.0,380.0,400.0,363.0,363.0,266.0,114.0,258.0,108.0
2.0,777.0,332.0,377.0,363.0,323.0,323.0,264.0,113.0,231.0,101.0
2.0,808.0,313.0,377.0,323.0,313.0,313.0,264.0,113.0,220.0,93.0
2.0,818.0,384.0,378.0,313.0,387.0,387.0,265.0,113.0,268.0,116.0
2.0,747.0,449.0,381.0,387.0,458.0,458.0,267.0,114.0,315.0,134.0
2.0,685.0,517.0,386.0,458.0,532.0,532.0,270.0,116.0,362.0,155.0
2.0,626.0,437.0,387.0,532.0,440.0,440.0,271.0,116.0,307.0,130.0
2.0,721.0,364.0,386.0,440.0,361.0,361.0,270.0,116.0,255.0,109.0
2.0,797.0,290.0,383.0,361.0,281.0,281.0,268.0,115.0,203.0,87.0
2.0,868.0,333.0,381.0,281.0,327.0,327.0,267.0,114.0,232.0,101.0
2.0,816.0,433.0,384.0,327.0,442.0,442.0,269.0,115.0,304.0,129.0
2.0,710.0,466.0,389.0,442.0,481.0,481.0,272.0,117.0,325.0,141.0
2.0,686.0,404.0,390.0,481.0,407.0,407.0,273.0,117.0,284.0,120.0
2.0,763.0,469.0,391.0,407.0,472.0,472.0,274.0,117.0,327.0,142.0
2.0,701.0,364.0,390.0,472.0,361.0,361.0,273.0,117.0,256.0,108.0
2.0,809.0,353.0,387.0,361.0,344.0,344.0,271.0,116.0,246.0,107.0
2.0,817.0,410.0,388.0,344.0,413.0,413.0,272.0,116.0,287.0,123.0
2.0,751.0,379.0,390.0,413.0,385.0,385.0,273.0,117.0,266.0,113.0
2.0,785.0,445.0,391.0,385.0,448.0,448.0,274.0,117.0,311.0,134.0
2.0,725.0,506.0,396.0,448.0,521.0,521.0,277.0,119.0,354.0,152.0
2.0,667.0,417.0,397.0,521.0,420.0,420.0,278.0,119.0,293.0,124.0
2.0,771.0,377.0,396.0,420.0,374.0,374.0,277.0,119.0,263.0,114.0
2.0,814.0,373.0,394.0,374.0,367.0,367.0,276.0,118.0,261.0,112.0
2.0,815.0,290.0,394.0,367.0,290.0,290.0,276.0,118.0,204.0,86.0
2.0,892.0,432.0,394.0,290.0,432.0,432.0,276.0,118.0,301.0,131.0
2.0,750.0,492.0,397.0,432.0,501.0,501.0,278.0,119.0,345.0,147.0
2.0,690.0,525.0,402.0,501.0,540.0,540.0,281.0,121.0,366.0,159.0
2.0,666.0,476.0,403.0,540.0,479.0,479.0,282.0,121.0,334.0,142.0
2.0,730.0,389.0,402.0,479.0,386.0,386.0,281.0,121.0,272.0,117.0
2.0,820.0,347.0,399.0,386.0,338.0,338.0,279.0,120.0,243.0,104.0
2.0,859.0,331.0,397.0,338.0,325.0,325.0,278.0,119.0,232.0,99.0
2.0,866.0,321.0,396.0,325.0,318.0,318.0,277.0,119.0,224.0,97.0
2.0,870.0,416.0,397.0,318.0,419.0,419.0,278.0,119.0,292.0,124.0
2.0,772.0,511.0,402.0,419.0,526.0,526.0,281.0,121.0,356.0,155.0
2.0,680.0,426.0,403.0,526.0,429.0,429.0,282.0,121.0,299.0,127.0
2.0,780.0,307.0,399.0,429.0,295.0,295.0,279.0,120.0,215.0,92.0
2.0,902.0,378.0,397.0,295.0,372.0,372.0,278.0,119.0,264.0,114.0
2.0,819.0,394.0,397.0,372.0,394.0,394.0,278.0,119.0,276.0,118.0
2.0,797.0,317.0,396.0,394.0,314.0,314.0,277.0,119.0,223.0,94.0
2.0,874.0,455.0,399.0,314.0,464.0,464.0,279.0,120.0,318.0,137.0
2.0,733.0,470.0,401.0,464.0,476.0,476.0,281.0,120.0,329.0,141.0
2.0,727.0,434.0,403.0,476.0,440.0,440.0,282.0,121.0,304.0,130.0
2.0,769.0,374.0,402.0,440.0,371.0,371.0,281.0,121.0,262.0,112.0
2.0,835.0,333.0,400.0,371.0,327.0,327.0,280.0,120.0,232.0,101.0
2.0,873.0,370.0,399.0,327.0,367.0,367.0,279.0,120.0,260.0,110.0
2.0,830.0,374.0,399.0,367.0,374.0,374.0,279.0,120.0,262.0,112.0
2.0,823.0,512.0,402.0,374.0,521.0,521.0,281.0,121.0,358.0,154.0
2.0,685.0,478.0,404.0,521.0,484.0,484.0,283.0,121.0,334.0,144.0
2.0,728.0,424.0,404.0,484.0,424.0,424.0,283.0,121.0,297.0,127.0
2.0,788.0,307.0,402.0,424.0,301.0,301.0,281.0,121.0,215.0,92.0
2.0,905.0,341.0,400.0,301.0,335.0,335.0,280.0,120.0,238.0,103.0
2.0,865.0,387.0,400.0,335.0,387.0,387.0,280.0,120.0,271.0,116.0
2.0,813.0,411.0,400.0,387.0,411.0,411.0,280.0,120.0,289.0,122.0
2.0,789.0,473.0,403.0,411.0,482.0,482.0,282.0,121.0,330.0,143.0
2.0,727.0,492.0,407.0,482.0,504.0,504.0,285.0,122.0,345.0,147.0
2.0,717.0,484.0,409.0,504.0,490.0,490.0,286.0,123.0,340.0,144.0
2.0,737.0,388.0,407.0,490.0,382.0,382.0,285.0,122.0,271.0,117.0
2.0,839.0,278.0,403.0,382.0,266.0,266.0,282.0,121.0,194.0,84.0
2.0,943.0,345.0,401.0,266.0,339.0,339.0,281.0,120.0,243.0,102.0
2.0,864.0,485.0,403.0,339.0,491.0,491.0,282.0,121.0,339.0,146.0
2.0,718.0,512.0,407.0,491.0,524.0,524.0,285.0,122.0,358.0,154.0
2.0,697.0,477.0,410.0,524.0,486.0,486.0,287.0,123.0,334.0,143.0
2.0,744.0,437.0,410.0,486.0,437.0,437.0,287.0,123.0,306.0,131.0
2.0,793.0,384.0,409.0,437.0,381.0,381.0,286.0,123.0,271.0,113.0
2.0,846.0,291.0,407.0,381.0,285.0,285.0,285.0,122.0,202.0,89.0
2.0,936.0,341.0,404.0,285.0,332.0,332.0,283.0,121.0,240.0,101.0
2.0,880.0,434.0,406.0,332.0,440.0,440.0,284.0,122.0,304.0,130.0
2.0,778.0,458.0,408.0,440.0,464.0,464.0,286.0,122.0,320.0,138.0
2.0,760.0,543.0,410.0,464.0,549.0,549.0,287.0,123.0,379.0,164.0
2.0,681.0,550.0,414.0,549.0,562.0,562.0,290.0,124.0,386.0,164.0
2.0,680.0,427.0,413.0,562.0,424.0,424.0,289.0,124.0,298.0,129.0
2.0,815.0,354.0,410.0,424.0,345.0,345.0,287.0,123.0,249.0,105.0
2.0,885.0,367.0,410.0,345.0,367.0,367.0,287.0,123.0,256.0,111.0
2.0,863.0,436.0,410.0,367.0,436.0,436.0,287.0,123.0,306.0,130.0
2.0,794.0,513.0,413.0,436.0,522.0,522.0,289.0,124.0,359.0,154.0
2.0,717.0,454.0,417.0,522.0,466.0,466.0,292.0,125.0,320.0,134.0
2.0,785.0,439.0,417.0,466.0,439.0,439.0,292.0,125.0,305.0,134.0
2.0,812.0,418.0,415.0,439.0,412.0,412.0,291.0,124.0,294.0,124.0
2.0,833.0,428.0,413.0,412.0,422.0,422.0,289.0,124.0,299.0,129.0
2.0,817.0,374.0,411.0,422.0,368.0,368.0,288.0,123.0,263.0,111.0
2.0,865.0,408.0,411.0,368.0,408.0,408.0,288.0,123.0,286.0,122.0
2.0,825.0,509.0,414.0,408.0,518.0,518.0,290.0,124.0,356.0,153.0
2.0,724.0,528.0,419.0,518.0,543.0,543.0,293.0,126.0,369.0,159.0
2.0,714.0,506.0,423.0,543.0,518.0,518.0,296.0,127.0,354.0,152.0
2.0,751.0,477.0,423.0,518.0,477.0,477.0,296.0,127.0,335.0,142.0
2.0,792.0,337.0,420.0,477.0,328.0,328.0,294.0,126.0,234.0,103.0
2.0,932.0,393.0,420.0,328.0,393.0,393.0,294.0,126.0,277.0,116.0
2.0,867.0,427.0,421.0,393.0,430.0,430.0,295.0,126.0,298.0,129.0
2.0,833.0,500.0,424.0,430.0,509.0,509.0,297.0,127.0,350.0,150.0
2.0,763.0,503.0,426.0,509.0,509.0,509.0,298.0,128.0,353.0,150.0
2.0,769.0,505.0,430.0,509.0,517.0,517.0,301.0,129.0,354.0,151.0
2.0,773.0,447.0,430.0,517.0,447.0,447.0,301.0,129.0,313.0,134.0
2.0,843.0,328.0,427.0,447.0,319.0,319.0,299.0,128.0,228.0,100.0
2.0,962.0,367.0,426.0,319.0,364.0,364.0,298.0,128.0,258.0,109.0
2.0,914.0,427.0,427.0,364.0,430.0,430.0,299.0,128.0,300.0,127.0
2.0,851.0,581.0,431.0,430.0,593.0,593.0,302.0,129.0,405.0,176.0
2.0,700.0,500.0,434.0,593.0,509.0,509.0,304.0,130.0,351.0,149.0
2.0,793.0,520.0,437.0,509.0,529.0,529.0,306.0,131.0,364.0,156.0
2.0,782.0,309.0,433.0,529.0,297.0,297.0,303.0,130.0,217.0,92.0
2.0,1002.0,457.0,433.0,297.0,457.0,457.0,303.0,130.0,320.0,137.0
2.0,842.0,387.0,431.0,457.0,381.0,381.0,302.0,129.0,270.0,117.0
2.0,912.0,423.0,434.0,381.0,432.0,432.0,304.0,130.0,295.0,128.0
2.0,870.0,578.0,438.0,432.0,590.0,590.0,307.0,131.0,405.0,173.0
2.0,724.0,512.0,441.0,590.0,521.0,521.0,309.0,132.0,360.0,152.0
2.0,802.0,529.0,443.0,521.0,535.0,535.0,310.0,133.0,370.0,159.0
2.0,794.0,454.0,443.0,535.0,454.0,454.0,310.0,133.0,317.0,137.0
2.0,875.0,363.0,440.0,454.0,354.0,354.0,308.0,132.0,255.0,108.0
2.0,966.0,335.0,437.0,354.0,326.0,326.0,306.0,131.0,233.0,102.0
2.0,985.0,495.0,440.0,326.0,504.0,504.0,308.0,132.0,347.0,148.0
2.0,816.0,494.0,444.0,504.0,506.0,506.0,311.0,133.0,346.0,148.0
2.0,826.0,449.0,446.0,506.0,455.0,455.0,312.0,134.0,313.0,136.0
2.0,883.0,429.0,444.0,455.0,423.0,423.0,311.0,133.0,300.0,129.0
2.0,909.0,493.0,444.0,423.0,493.0,493.0,311.0,133.0,344.0,149.0
2.0,839.0,445.0,444.0,493.0,445.0,445.0,311.0,133.0,314.0,131.0
2.0,887.0,483.0,444.0,445.0,483.0,483.0,311.0,133.0,337.0,146.0
2.0,849.0,514.0,447.0,483.0,523.0,523.0,313.0,134.0,361.0,153.0
2.0,818.0,512.0,451.0,523.0,524.0,524.0,316.0,135.0,357.0,155.0
2.0,829.0,526.0,454.0,524.0,535.0,535.0,318.0,136.0,368.0,158.0
2.0,827.0,527.0,457.0,535.0,536.0,536.0,320.0,137.0,371.0,156.0
2.0,835.0,389.0,456.0,536.0,386.0,386.0,319.0,137.0,271.0,118.0
2.0,982.0,349.0,451.0,386.0,334.0,334.0,316.0,135.0,244.0,105.0
2.0,1019.0,420.0,449.0,334.0,414.0,414.0,314.0,135.0,295.0,125.0
2.0,933.0,470.0,450.0,414.0,473.0,473.0,315.0,135.0,329.0,141.0
2.0,877.0,568.0,454.0,473.0,580.0,580.0,318.0,136.0,398.0,170.0
2.0,782.0,523.0,457.0,580.0,532.0,532.0,320.0,137.0,366.0,157.0
2.0,839.0,490.0,458.0,532.0,493.0,493.0,321.0,137.0,342.0,148.0
2.0,881.0,450.0,457.0,493.0,447.0,447.0,320.0,137.0,316.0,134.0
2.0,924.0,401.0,456.0,447.0,398.0,398.0,319.0,137.0,280.0,121.0
2.0,970.0,472.0,456.0,398.0,472.0,472.0,319.0,137.0,331.0,141.0
2.0,896.0,437.0,457.0,472.0,440.0,440.0,320.0,137.0,306.0,131.0
2.0,931.0,589.0,460.0,440.0,598.0,598.0,322.0,138.0,412.0,177.0
2.0,782.0,542.0,463.0,598.0,551.0,551.0,324.0,139.0,379.0,163.0
2.0,838.0,483.0,464.0,551.0,486.0,486.0,325.0,139.0,339.0,144.0
2.0,906.0,438.0,463.0,486.0,435.0,435.0,324.0,139.0,306.0,132.0
2.0,954.0,506.0,463.0,435.0,506.0,506.0,324.0,139.0,354.0,152.0
2.0,883.0,454.0,461.0,506.0,448.0,448.0,323.0,138.0,318.0,136.0
2.0,935.0,473.0,461.0,448.0,473.0,473.0,323.0,138.0,331.0,142.0
2.0,910.0,483.0,464.0,473.0,492.0,492.0,325.0,139.0,337.0,146.0
2.0,900.0,470.0,466.0,492.0,476.0,476.0,326.0,140.0,330.0,140.0
2.0,922.0,501.0,467.0,476.0,504.0,504.0,327.0,140.0,352.0,149.0
2.0,897.0,456.0,467.0,504.0,456.0,456.0,327.0,140.0,319.0,137.0
2.0,945.0,454.0,466.0,456.0,451.0,451.0,326.0,140.0,317.0,137.0
2.0,947.0,377.0,463.0,451.0,368.0,368.0,324.0,139.0,265.0,112.0
2.0,1021.0,530.0,464.0,368.0,533.0,533.0,325.0,139.0,370.0,160.0
2.0,859.0,548.0,469.0,533.0,563.0,563.0,328.0,141.0,384.0,164.0
2.0,844.0,527.0,472.0,563.0,536.0,536.0,330.0,142.0,369.0,158.0
2.0,880.0,488.0,473.0,536.0,491.0,491.0,331.0,142.0,342.0,146.0
2.0,928.0,432.0,470.0,491.0,423.0,423.0,329.0,141.0,304.0,128.0
2.0,987.0,378.0,468.0,423.0,372.0,372.0,328.0,140.0,263.0,115.0
2.0,1032.0,404.0,466.0,372.0,398.0,398.0,326.0,140.0,284.0,120.0
2.0,1000.0,475.0,469.0,398.0,484.0,484.0,328.0,141.0,332.0,143.0
2.0,923.0,556.0,471.0,484.0,562.0,562.0,330.0,141.0,388.0,168.0
2.0,851.0,530.0,474.0,562.0,539.0,539.0,332.0,142.0,373.0,157.0
2.0,883.0,520.0,476.0,539.0,526.0,526.0,333.0,143.0,363.0,157.0
2.0,902.0,480.0,474.0,526.0,474.0,474.0,332.0,142.0,337.0,143.0
2.0,948.0,378.0,471.0,474.0,369.0,369.0,330.0,141.0,263.0,115.0
2.0,1044.0,479.0,470.0,369.0,476.0,476.0,329.0,141.0,337.0,142.0
2.0,934.0,513.0,471.0,476.0,516.0,516.0,330.0,141.0,358.0,155.0
2.0,897.0,479.0,473.0,516.0,485.0,485.0,331.0,142.0,336.0,143.0
2.0,934.0,566.0,477.0,485.0,578.0,578.0,334.0,143.0,395.0,171.0
2.0,853.0,537.0,479.0,578.0,543.0,543.0,335.0,144.0,376.0,161.0
2.0,894.0,461.0,478.0,543.0,458.0,458.0,335.0,143.0,323.0,138.0
2.0,976.0,430.0,477.0,458.0,427.0,427.0,334.0,143.0,301.0,129.0
2.0,1004.0,368.0,477.0,427.0,368.0,368.0,334.0,143.0,259.0,109.0
2.0,1063.0,459.0,476.0,368.0,456.0,456.0,333.0,143.0,321.0,138.0
2.0,972.0,593.0,479.0,456.0,602.0,602.0,335.0,144.0,415.0,178.0
2.0,835.0,509.0,479.0,602.0,509.0,509.0,335.0,144.0,356.0,153.0
2.0,928.0,520.0,480.0,509.0,523.0,523.0,336.0,144.0,364.0,156.0
2.0,917.0,492.0,479.0,523.0,489.0,489.0,335.0,144.0,344.0,148.0
2.0,948.0,375.0,476.0,489.0,366.0,366.0,333.0,143.0,263.0,112.0
2.0,1062.0,488.0,476.0,366.0,488.0,488.0,333.0,143.0,342.0,146.0
2.0,940.0,512.0,477.0,488.0,515.0,515.0,334.0,143.0,357.0,155.0
2.0,916.0,596.0,483.0,515.0,614.0,614.0,338.0,145.0,418.0,178.0
2.0,835.0,638.0,487.0,614.0,650.0,650.0,341.0,146.0,447.0,191.0
2.0,811.0,528.0,487.0,650.0,528.0,528.0,341.0,146.0,368.0,160.0
2.0,933.0,457.0,486.0,528.0,454.0,454.0,340.0,146.0,321.0,136.0
2.0,1004.0,436.0,484.0,454.0,430.0,430.0,339.0,145.0,304.0,132.0
2.0,1022.0,489.0,484.0,430.0,489.0,489.0,339.0,145.0,342.0,147.0
2.0,963.0,509.0,484.0,489.0,509.0,509.0,339.0,145.0,356.0,153.0
2.0,943.0,558.0,488.0,509.0,570.0,570.0,342.0,146.0,390.0,168.0
2.0,894.0,611.0,490.0,570.0,617.0,617.0,343.0,147.0,427.0,184.0
2.0,853.0,612.0,494.0,617.0,624.0,624.0,346.0,148.0,428.0,184.0
2.0,858.0,490.0,492.0,624.0,484.0,484.0,344.0,148.0,344.0,146.0
2.0,992.0,394.0,489.0,484.0,385.0,385.0,342.0,147.0,276.0,118.0
2.0,1082.0,426.0,488.0,385.0,423.0,423.0,342.0,146.0,298.0,128.0
2.0,1041.0,467.0,489.0,423.0,470.0,470.0,342.0,147.0,327.0,140.0
2.0,997.0,552.0,490.0,470.0,555.0,555.0,343.0,147.0,387.0,165.0
2.0,915.0,574.0,492.0,555.0,580.0,580.0,344.0,148.0,401.0,173.0
2.0,896.0,562.0,493.0,580.0,565.0,565.0,345.0,148.0,392.0,170.0
2.0,914.0,457.0,493.0,565.0,457.0,457.0,345.0,148.0,322.0,135.0
2.0,1022.0,397.0,492.0,457.0,394.0,394.0,344.0,148.0,277.0,120.0
2.0,1082.0,413.0,490.0,394.0,407.0,407.0,343.0,147.0,288.0,125.0
2.0,1063.0,496.0,490.0,407.0,496.0,496.0,343.0,147.0,347.0,149.0
2.0,974.0,589.0,493.0,496.0,598.0,598.0,345.0,148.0,412.0,177.0
2.0,881.0,556.0,497.0,598.0,568.0,568.0,348.0,149.0,391.0,165.0
2.0,923.0,500.0,496.0,568.0,497.0,497.0,347.0,149.0,350.0,150.0
2.0,991.0,508.0,496.0,497.0,508.0,508.0,347.0,149.0,356.0,152.0
2.0,980.0,418.0,493.0,508.0,409.0,409.0,345.0,148.0,291.0,127.0
2.0,1070.0,484.0,493.0,409.0,484.0,484.0,345.0,148.0,339.0,145.0
2.0,995.0,476.0,494.0,484.0,479.0,479.0,346.0,148.0,334.0,142.0
2.0,1003.0,539.0,497.0,479.0,548.0,548.0,348.0,149.0,377.0,162.0
2.0,943.0,613.0,501.0,548.0,625.0,625.0,351.0,150.0,429.0,184.0
2.0,878.0,543.0,503.0,625.0,549.0,549.0,352.0,151.0,381.0,162.0
2.0,960.0,520.0,502.0,549.0,517.0,517.0,351.0,151.0,364.0,156.0
2.0,989.0,385.0,499.0,517.0,376.0,376.0,349.0,150.0,270.0,115.0
2.0,1121.0,473.0,498.0,376.0,470.0,470.0,349.0,149.0,331.0,142.0
2.0,1024.0,544.0,500.0,470.0,550.0,550.0,350.0,150.0,381.0,163.0
2.0,950.0,572.0,503.0,550.0,581.0,581.0,352.0,151.0,401.0,171.0
2.0,928.0,635.0,506.0,581.0,644.0,644.0,354.0,152.0,444.0,191.0
2.0,874.0,557.0,507.0,644.0,560.0,560.0,355.0,152.0,388.0,169.0
2.0,961.0,465.0,507.0,560.0,465.0,465.0,355.0,152.0,328.0,137.0
2.0,1056.0,390.0,503.0,465.0,378.0,378.0,352.0,151.0,271.0,119.0
2.0,1131.0,424.0,501.0,378.0,418.0,418.0,351.0,150.0,298.0,126.0
2.0,1085.0,550.0,503.0,418.0,556.0,556.0,352.0,151.0,386.0,164.0
2.0,953.0,568.0,506.0,556.0,577.0,577.0,354.0,152.0,397.0,171.0
2.0,941.0,565.0,509.0,577.0,574.0,574.0,356.0,153.0,395.0,170.0
2.0,953.0,532.0,510.0,574.0,535.0,535.0,357.0,153.0,371.0,161.0
2.0,995.0,439.0,507.0,535.0,430.0,430.0,355.0,152.0,308.0,131.0
2.0,1091.0,466.0,507.0,430.0,466.0,466.0,355.0,152.0,326.0,140.0
2.0,1055.0,448.0,506.0,466.0,445.0,445.0,354.0,152.0,315.0,133.0
2.0,1073.0,547.0,507.0,445.0,550.0,550.0,355.0,152.0,381.0,166.0
2.0,971.0,598.0,511.0,550.0,610.0,610.0,358.0,153.0,419.0,179.0
2.0,923.0,617.0,513.0,610.0,623.0,623.0,359.0,154.0,434.0,183.0
2.0,916.0,568.0,514.0,623.0,571.0,571.0,360.0,154.0,396.0,172.0
2.0,971.0,472.0,512.0,571.0,466.0,466.0,358.0,154.0,331.0,141.0
2.0,1070.0,408.0,507.0,466.0,393.0,393.0,355.0,152.0,285.0,123.0
2.0,1128.0,484.0,507.0,393.0,484.0,484.0,355.0,152.0,339.0,145.0
2.0,1037.0,560.0,509.0,484.0,566.0,566.0,356.0,153.0,393.0,167.0
2.0,961.0,593.0,512.0,566.0,602.0,602.0,358.0,154.0,415.0,178.0
2.0,934.0,615.0,514.0,602.0,621.0,621.0,360.0,154.0,430.0,185.0
2.0,921.0,511.0,514.0,621.0,511.0,511.0,360.0,154.0,358.0,153.0
2.0,1031.0,467.0,513.0,511.0,464.0,464.0,359.0,154.0,328.0,139.0
2.0,1075.0,481.0,510.0,464.0,472.0,472.0,357.0,153.0,335.0,146.0
2.0,1058.0,472.0,507.0,472.0,463.0,463.0,355.0,152.0,332.0,140.0
2.0,1058.0,530.0,508.0,463.0,533.0,533.0,356.0,152.0,371.0,159.0
2.0,991.0,608.0,513.0,533.0,623.0,623.0,359.0,154.0,426.0,182.0
2.0,916.0,618.0,516.0,623.0,627.0,627.0,361.0,155.0,432.0,186.0
2.0,921.0,649.0,520.0,627.0,661.0,661.0,364.0,156.0,454.0,195.0
2.0,899.0,470.0,517.0,661.0,461.0,461.0,362.0,155.0,328.0,142.0
2.0,1090.0,468.0,516.0,461.0,465.0,465.0,361.0,155.0,329.0,139.0
2.0,1083.0,447.0,514.0,465.0,441.0,441.0,360.0,154.0,312.0,135.0
2.0,1101.0,599.0,516.0,441.0,605.0,605.0,361.0,155.0,420.0,179.0
2.0,943.0,601.0,520.0,605.0,613.0,613.0,364.0,156.0,419.0,182.0
2.0,947.0,650.0,524.0,613.0,662.0,662.0,367.0,157.0,456.0,194.0
2.0,910.0,599.0,527.0,662.0,608.0,608.0,369.0,158.0,420.0,179.0
2.0,973.0,610.0,527.0,608.0,610.0,610.0,369.0,158.0,426.0,184.0
2.0,971.0,507.0,526.0,610.0,504.0,504.0,368.0,158.0,356.0,151.0
2.0,1074.0,514.0,527.0,504.0,517.0,517.0,369.0,158.0,360.0,154.0
2.0,1064.0,522.0,527.0,517.0,522.0,522.0,369.0,158.0,366.0,156.0
2.0,1059.0,605.0,530.0,522.0,614.0,614.0,371.0,159.0,423.0,182.0
2.0,976.0,572.0,532.0,614.0,578.0,578.0,372.0,160.0,399.0,173.0
2.0,1018.0,513.0,533.0,578.0,516.0,516.0,373.0,160.0,359.0,154.0
2.0,1083.0,567.0,533.0,516.0,567.0,567.0,373.0,160.0,398.0,169.0
2.0,1032.0,454.0,530.0,567.0,445.0,445.0,371.0,159.0,316.0,138.0
2.0,1145.0,415.0,527.0,445.0,406.0,406.0,369.0,158.0,291.0,124.0
2.0,1175.0,520.0,527.0,406.0,520.0,520.0,369.0,158.0,364.0,156.0
2.0,1061.0,629.0,533.0,520.0,647.0,647.0,373.0,160.0,441.0,188.0
2.0,952.0,622.0,536.0,647.0,631.0,631.0,375.0,161.0,435.0,187.0
2.0,977.0,544.0,536.0,631.0,544.0,544.0,375.0,161.0,381.0,163.0
2.0,1064.0,491.0,534.0,544.0,485.0,485.0,374.0,160.0,343.0,148.0
2.0,1117.0,480.0,531.0,485.0,471.0,471.0,372.0,159.0,337.0,143.0
2.0,1122.0,477.0,530.0,471.0,474.0,474.0,371.0,159.0,335.0,142.0
2.0,1116.0,576.0,531.0,474.0,579.0,579.0,372.0,159.0,402.0,174.0
2.0,1014.0,664.0,537.0,579.0,682.0,682.0,376.0,161.0,465.0,199.0
2.0,929.0,675.0,541.0,682.0,687.0,687.0,379.0,162.0,471.0,204.0
2.0,936.0,603.0,543.0,687.0,609.0,609.0,380.0,163.0,423.0,180.0
2.0,1020.0,533.0,542.0,609.0,530.0,530.0,379.0,163.0,373.0,160.0
2.0,1096.0,559.0,542.0,530.0,559.0,559.0,379.0,163.0,391.0,168.0
2.0,1067.0,464.0,540.0,559.0,458.0,458.0,378.0,162.0,324.0,140.0
2.0,1162.0,540.0,543.0,458.0,549.0,549.0,380.0,163.0,379.0,161.0
2.0,1080.0,656.0,546.0,549.0,665.0,665.0,382.0,164.0,460.0,196.0
2.0,973.0,688.0,550.0,665.0,700.0,700.0,385.0,165.0,482.0,206.0
2.0,950.0,579.0,551.0,700.0,582.0,582.0,386.0,165.0,403.0,176.0
2.0,1071.0,505.0,550.0,582.0,502.0,502.0,385.0,165.0,355.0,150.0
2.0,1148.0,493.0,547.0,502.0,484.0,484.0,383.0,164.0,344.0,149.0
2.0,1157.0,494.0,546.0,484.0,491.0,491.0,382.0,164.0,347.0,147.0
2.0,1147.0,567.0,547.0,491.0,570.0,570.0,383.0,164.0,396.0,171.0
2.0,1071.0,644.0,552.0,570.0,659.0,659.0,386.0,166.0,451.0,193.0
2.0,997.0,692.0,556.0,659.0,704.0,704.0,389.0,167.0,484.0,208.0
2.0,964.0,583.0,557.0,704.0,586.0,586.0,390.0,167.0,409.0,174.0
2.0,1085.0,536.0,556.0,586.0,533.0,533.0,389.0,167.0,374.0,162.0
2.0,1135.0,481.0,553.0,533.0,472.0,472.0,387.0,166.0,337.0,144.0
2.0,1187.0,529.0,553.0,472.0,529.0,529.0,387.0,166.0,371.0,158.0
2.0,1130.0,569.0,555.0,529.0,575.0,575.0,388.0,167.0,397.0,172.0
2.0,1090.0,622.0,557.0,575.0,628.0,628.0,390.0,167.0,435.0,187.0
2.0,1043.0,642.0,561.0,628.0,654.0,654.0,393.0,168.0,451.0,191.0
2.0,1029.0,579.0,562.0,654.0,582.0,582.0,393.0,169.0,403.0,176.0
2.0,1104.0,498.0,560.0,582.0,492.0,492.0,392.0,168.0,350.0,148.0
2.0,1188.0,485.0,557.0,492.0,476.0,476.0,390.0,167.0,338.0,147.0
2.0,1195.0,517.0,554.0,476.0,508.0,508.0,388.0,166.0,363.0,154.0
2.0,1154.0,646.0,558.0,508.0,658.0,658.0,391.0,167.0,452.0,194.0
2.0,1016.0,600.0,560.0,658.0,606.0,606.0,392.0,168.0,422.0,178.0
2.0,1074.0,659.0,564.0,606.0,671.0,671.0,395.0,169.0,459.0,200.0
2.0,1021.0,621.0,566.0,671.0,627.0,627.0,396.0,170.0,436.0,185.0
2.0,1071.0,518.0,564.0,627.0,512.0,512.0,395.0,169.0,364.0,154.0
2.0,1180.0,444.0,560.0,512.0,432.0,432.0,392.0,168.0,310.0,134.0
2.0,1248.0,510.0,558.0,432.0,504.0,504.0,391.0,167.0,356.0,154.0
2.0,1170.0,570.0,557.0,504.0,567.0,567.0,390.0,167.0,399.0,171.0
2.0,1104.0,607.0,559.0,567.0,613.0,613.0,391.0,168.0,426.0,181.0
2.0,1064.0,689.0,563.0,613.0,701.0,701.0,394.0,169.0,482.0,207.0
2.0,988.0,648.0,565.0,701.0,654.0,654.0,395.0,170.0,453.0,195.0
2.0,1041.0,547.0,564.0,654.0,544.0,544.0,395.0,169.0,382.0,165.0
2.0,1148.0,477.0,562.0,544.0,471.0,471.0,393.0,169.0,335.0,142.0
2.0,1215.0,587.0,563.0,471.0,590.0,590.0,394.0,169.0,412.0,175.0
2.0,1099.0,527.0,563.0,590.0,527.0,527.0,394.0,169.0,369.0,158.0
2.0,1162.0,650.0,566.0,527.0,659.0,659.0,396.0,170.0,455.0,195.0
2.0,1039.0,661.0,571.0,659.0,676.0,676.0,400.0,171.0,461.0,200.0
2.0,1037.0,615.0,573.0,676.0,621.0,621.0,401.0,172.0,431.0,184.0
2.0,1098.0,498.0,570.0,621.0,489.0,489.0,399.0,171.0,350.0,148.0
2.0,1221.0,512.0,568.0,489.0,506.0,506.0,398.0,170.0,357.0,155.0
2.0,1198.0,582.0,569.0,506.0,585.0,585.0,398.0,171.0,408.0,174.0
2.0,1122.0,602.0,571.0,585.0,608.0,608.0,400.0,171.0,420.0,182.0
2.0,1105.0,716.0,576.0,608.0,731.0,731.0,403.0,173.0,502.0,214.0
2.0,997.0,700.0,580.0,731.0,712.0,712.0,406.0,174.0,491.0,209.0
2.0,1028.0,620.0,581.0,712.0,623.0,623.0,407.0,174.0,435.0,185.0
2.0,1120.0,540.0,579.0,623.0,534.0,534.0,405.0,174.0,376.0,164.0
2.0,1203.0,485.0,574.0,534.0,470.0,470.0,402.0,172.0,340.0,145.0
2.0,1252.0,488.0,573.0,470.0,485.0,485.0,401.0,172.0,343.0,145.0
2.0,1234.0,567.0,573.0,485.0,567.0,567.0,401.0,172.0,397.0,170.0
2.0,1152.0,649.0,574.0,567.0,652.0,652.0,402.0,172.0,453.0,196.0
2.0,1070.0,662.0,579.0,652.0,677.0,677.0,405.0,174.0,464.0,198.0
2.0,1060.0,664.0,581.0,677.0,670.0,670.0,407.0,174.0,464.0,200.0
2.0,1073.0,599.0,580.0,670.0,596.0,596.0,406.0,174.0,421.0,178.0
2.0,1144.0,534.0,577.0,596.0,525.0,525.0,404.0,173.0,372.0,162.0
2.0,1206.0,599.0,577.0,525.0,599.0,599.0,404.0,173.0,419.0,180.0
2.0,1132.0,625.0,580.0,599.0,634.0,634.0,406.0,174.0,439.0,186.0
2.0,1106.0,642.0,583.0,634.0,651.0,651.0,408.0,175.0,448.0,194.0
2.0,1098.0,713.0,587.0,651.0,725.0,725.0,411.0,176.0,500.0,213.0
2.0,1036.0,612.0,587.0,725.0,612.0,612.0,411.0,176.0,427.0,185.0
2.0,1149.0,586.0,587.0,612.0,586.0,586.0,411.0,176.0,411.0,175.0
2.0,1175.0,558.0,584.0,586.0,549.0,549.0,409.0,175.0,390.0,168.0
2.0,1203.0,535.0,583.0,549.0,532.0,532.0,408.0,175.0,376.0,159.0
2.0,1217.0,622.0,584.0,532.0,625.0,625.0,409.0,175.0,434.0,188.0
2.0,1127.0,638.0,587.0,625.0,647.0,647.0,411.0,176.0,446.0,192.0
2.0,1114.0,709.0,591.0,647.0,721.0,721.0,414.0,177.0,496.0,213.0
2.0,1052.0,674.0,593.0,721.0,680.0,680.0,415.0,178.0,474.0,200.0
2.0,1099.0,640.0,594.0,680.0,643.0,643.0,416.0,178.0,448.0,192.0
2.0,1139.0,546.0,592.0,643.0,540.0,540.0,414.0,178.0,381.0,165.0
2.0,1236.0,596.0,592.0,540.0,596.0,596.0,414.0,178.0,417.0,179.0
2.0,1180.0,672.0,596.0,596.0,684.0,684.0,417.0,179.0,470.0,202.0
2.0,1104.0,672.0,599.0,684.0,681.0,681.0,419.0,180.0,471.0,201.0
2.0,1116.0,686.0,603.0,681.0,698.0,698.0,422.0,181.0,480.0,206.0
2.0,1111.0,639.0,603.0,698.0,639.0,639.0,422.0,181.0,447.0,192.0
2.0,1170.0,571.0,602.0,639.0,568.0,568.0,421.0,181.0,399.0,172.0
2.0,1238.0,489.0,598.0,568.0,477.0,477.0,419.0,179.0,343.0,146.0
2.0,1317.0,510.0,596.0,477.0,504.0,504.0,417.0,179.0,358.0,152.0
2.0,1284.0,579.0,597.0,504.0,582.0,582.0,418.0,179.0,404.0,175.0
2.0,1209.0,658.0,601.0,582.0,670.0,670.0,421.0,180.0,460.0,198.0
2.0,1133.0,679.0,604.0,670.0,688.0,688.0,423.0,181.0,475.0,204.0
2.0,1124.0,666.0,607.0,688.0,675.0,675.0,425.0,182.0,468.0,198.0
2.0,1146.0,570.0,606.0,675.0,567.0,567.0,424.0,182.0,398.0,172.0
2.0,1251.0,505.0,603.0,567.0,496.0,496.0,422.0,181.0,354.0,151.0
2.0,1313.0,580.0,601.0,496.0,574.0,574.0,421.0,180.0,405.0,175.0
2.0,1229.0,586.0,602.0,574.0,589.0,589.0,421.0,181.0,411.0,175.0
2.0,1217.0,665.0,606.0,589.0,677.0,677.0,424.0,182.0,465.0,200.0
2.0,1141.0,695.0,607.0,677.0,698.0,698.0,425.0,182.0,485.0,210.0
2.0,1123.0,683.0,610.0,698.0,692.0,692.0,427.0,183.0,480.0,203.0
2.0,1138.0,591.0,609.0,692.0,588.0,588.0,426.0,183.0,414.0,177.0
2.0,1239.0,485.0,606.0,588.0,476.0,476.0,424.0,182.0,340.0,145.0
2.0,1342.0,497.0,604.0,476.0,491.0,491.0,423.0,181.0,346.0,151.0
2.0,1321.0,626.0,606.0,491.0,632.0,632.0,424.0,182.0,440.0,186.0
2.0,1186.0,672.0,609.0,632.0,681.0,681.0,426.0,183.0,470.0,202.0
2.0,1146.0,709.0,612.0,681.0,718.0,718.0,428.0,184.0,495.0,214.0
2.0,1118.0,650.0,613.0,718.0,653.0,653.0,429.0,184.0,456.0,194.0
2.0,1186.0,584.0,610.0,653.0,575.0,575.0,427.0,183.0,410.0,174.0
2.0,1255.0,584.0,607.0,575.0,575.0,575.0,425.0,182.0,407.0,177.0
2.0,1246.0,506.0,606.0,575.0,503.0,503.0,424.0,182.0,355.0,151.0
2.0,1315.0,593.0,607.0,503.0,596.0,596.0,425.0,182.0,413.0,180.0
2.0,1225.0,646.0,610.0,596.0,655.0,655.0,427.0,183.0,454.0,192.0
2.0,1175.0,708.0,614.0,655.0,720.0,720.0,430.0,184.0,494.0,214.0
2.0,1122.0,630.0,616.0,720.0,636.0,636.0,431.0,185.0,442.0,188.0
2.0,1212.0,603.0,614.0,636.0,597.0,597.0,430.0,184.0,421.0,182.0
2.0,1245.0,613.0,613.0,597.0,610.0,610.0,429.0,184.0,431.0,182.0
2.0,1229.0,608.0,613.0,610.0,608.0,608.0,429.0,184.0,425.0,183.0
2.0,1231.0,679.0,614.0,608.0,682.0,682.0,430.0,184.0,474.0,205.0
2.0,1160.0,632.0,616.0,682.0,638.0,638.0,431.0,185.0,443.0,189.0
2.0,1210.0,715.0,617.0,638.0,718.0,718.0,432.0,185.0,500.0,215.0
2.0,1133.0,663.0,619.0,718.0,669.0,669.0,433.0,186.0,464.0,199.0
2.0,1188.0,578.0,617.0,669.0,572.0,572.0,432.0,185.0,405.0,173.0
2.0,1279.0,550.0,614.0,572.0,541.0,541.0,430.0,184.0,385.0,165.0
2.0,1301.0,570.0,613.0,541.0,567.0,567.0,429.0,184.0,398.0,172.0
2.0,1272.0,656.0,614.0,567.0,659.0,659.0,430.0,184.0,460.0,196.0
2.0,1183.0,689.0,617.0,659.0,698.0,698.0,432.0,185.0,482.0,207.0
2.0,1153.0,723.0,621.0,698.0,735.0,735.0,435.0,186.0,506.0,217.0
2.0,1128.0,679.0,622.0,735.0,682.0,682.0,435.0,187.0,476.0,203.0
2.0,1184.0,624.0,622.0,682.0,624.0,624.0,435.0,187.0,437.0,187.0
2.0,1242.0,568.0,619.0,624.0,559.0,559.0,433.0,186.0,398.0,170.0
2.0,1298.0,613.0,617.0,559.0,607.0,607.0,432.0,185.0,428.0,185.0
2.0,1244.0,622.0,617.0,607.0,622.0,622.0,432.0,185.0,435.0,187.0
2.0,1229.0,665.0,620.0,622.0,674.0,674.0,434.0,186.0,465.0,200.0
2.0,1186.0,703.0,622.0,674.0,709.0,709.0,435.0,187.0,493.0,210.0
2.0,1157.0,677.0,622.0,709.0,677.0,677.0,435.0,187.0,474.0,203.0
2.0,1189.0,630.0,621.0,677.0,627.0,627.0,435.0,186.0,441.0,189.0
2.0,1236.0,590.0,619.0,627.0,584.0,584.0,433.0,186.0,412.0,178.0
2.0,1273.0,600.0,619.0,584.0,600.0,600.0,433.0,186.0,421.0,179.0
2.0,1257.0,645.0,620.0,600.0,648.0,648.0,434.0,186.0,450.0,195.0
2.0,1212.0,739.0,625.0,648.0,754.0,754.0,437.0,188.0,518.0,221.0
2.0,1121.0,662.0,627.0,754.0,668.0,668.0,439.0,188.0,463.0,199.0
2.0,1213.0,696.0,630.0,668.0,705.0,705.0,441.0,189.0,489.0,207.0
2.0,1185.0,541.0,627.0,705.0,532.0,532.0,439.0,188.0,377.0,164.0
2.0,1349.0,567.0,626.0,532.0,564.0,564.0,438.0,188.0,398.0,169.0
2.0,1314.0,597.0,624.0,564.0,591.0,591.0,437.0,187.0,417.0,180.0
2.0,1281.0,650.0,626.0,591.0,656.0,656.0,438.0,188.0,456.0,194.0
2.0,1222.0,656.0,629.0,656.0,665.0,665.0,440.0,189.0,459.0,197.0
2.0,1222.0,709.0,631.0,665.0,715.0,715.0,442.0,189.0,496.0,213.0
2.0,1178.0,651.0,633.0,715.0,657.0,657.0,443.0,190.0,456.0,195.0
2.0,1242.0,644.0,632.0,657.0,641.0,641.0,442.0,190.0,451.0,193.0
2.0,1255.0,618.0,630.0,641.0,612.0,612.0,441.0,189.0,432.0,186.0
2.0,1278.0,607.0,629.0,612.0,604.0,604.0,440.0,189.0,427.0,180.0
2.0,1283.0,673.0,630.0,604.0,676.0,676.0,441.0,189.0,470.0,203.0
2.0,1214.0,669.0,634.0,676.0,681.0,681.0,444.0,190.0,468.0,201.0
2.0,1221.0,764.0,640.0,681.0,782.0,782.0,448.0,192.0,535.0,229.0
2.0,1138.0,726.0,641.0,782.0,729.0,729.0,449.0,192.0,507.0,219.0
2.0,1194.0,634.0,640.0,729.0,631.0,631.0,448.0,192.0,444.0,190.0
2.0,1289.0,598.0,639.0,631.0,595.0,595.0,447.0,192.0,420.0,178.0
2.0,1322.0,574.0,637.0,595.0,568.0,568.0,446.0,191.0,401.0,173.0
2.0,1343.0,584.0,637.0,568.0,584.0,584.0,446.0,191.0,409.0,175.0
2.0,1327.0,668.0,639.0,584.0,674.0,674.0,447.0,192.0,469.0,199.0
2.0,1243.0,814.0,644.0,674.0,829.0,829.0,451.0,193.0,569.0,245.0
2.0,1103.0,658.0,646.0,829.0,664.0,664.0,452.0,194.0,461.0,197.0
2.0,1274.0,610.0,646.0,664.0,610.0,610.0,452.0,194.0,427.0,183.0
2.0,1328.0,553.0,642.0,610.0,541.0,541.0,449.0,193.0,387.0,166.0
2.0,1385.0,618.0,642.0,541.0,618.0,618.0,449.0,193.0,433.0,185.0
2.0,1308.0,646.0,643.0,618.0,649.0,649.0,450.0,193.0,453.0,193.0
2.0,1280.0,729.0,644.0,649.0,732.0,732.0,451.0,193.0,509.0,220.0
2.0,1200.0,749.0,647.0,732.0,758.0,758.0,453.0,194.0,524.0,225.0
2.0,1183.0,744.0,649.0,758.0,750.0,750.0,454.0,195.0,522.0,222.0
2.0,1197.0,631.0,649.0,750.0,631.0,631.0,454.0,195.0,442.0,189.0
2.0,1316.0,661.0,647.0,631.0,655.0,655.0,453.0,194.0,462.0,199.0
2.0,1286.0,573.0,646.0,655.0,570.0,570.0,452.0,194.0,402.0,171.0
2.0,1368.0,718.0,649.0,570.0,727.0,727.0,454.0,195.0,502.0,216.0
2.0,1220.0,725.0,652.0,727.0,734.0,734.0,456.0,196.0,507.0,218.0
2.0,1222.0,755.0,656.0,734.0,767.0,767.0,459.0,197.0,528.0,227.0
2.0,1201.0,706.0,657.0,767.0,709.0,709.0,460.0,197.0,495.0,211.0
2.0,1262.0,614.0,656.0,709.0,611.0,611.0,459.0,197.0,429.0,185.0
2.0,1357.0,595.0,653.0,611.0,586.0,586.0,457.0,196.0,418.0,177.0
2.0,1373.0,683.0,653.0,586.0,683.0,683.0,457.0,196.0,478.0,205.0
2.0,1276.0,683.0,654.0,683.0,686.0,686.0,458.0,196.0,476.0,207.0
2.0,1276.0,745.0,657.0,686.0,754.0,754.0,460.0,197.0,522.0,223.0
2.0,1217.0,704.0,659.0,754.0,710.0,710.0,461.0,198.0,494.0,210.0
2.0,1267.0,766.0,662.0,710.0,775.0,775.0,463.0,199.0,536.0,230.0
2.0,1211.0,647.0,661.0,775.0,644.0,644.0,463.0,198.0,452.0,195.0
2.0,1339.0,570.0,659.0,644.0,564.0,564.0,461.0,198.0,400.0,170.0
2.0,1413.0,620.0,658.0,564.0,617.0,617.0,461.0,197.0,433.0,187.0
2.0,1357.0,666.0,659.0,617.0,669.0,669.0,461.0,198.0,467.0,199.0
2.0,1308.0,724.0,661.0,669.0,730.0,730.0,463.0,198.0,506.0,218.0
2.0,1253.0,788.0,664.0,730.0,797.0,797.0,465.0,199.0,552.0,236.0
2.0,1195.0,744.0,667.0,797.0,753.0,753.0,467.0,200.0,522.0,222.0
2.0,1248.0,640.0,664.0,753.0,631.0,631.0,465.0,199.0,447.0,193.0
2.0,1361.0,578.0,663.0,631.0,575.0,575.0,464.0,199.0,406.0,172.0
2.0,1414.0,638.0,662.0,575.0,635.0,635.0,463.0,199.0,446.0,192.0
2.0,1351.0,655.0,664.0,635.0,661.0,661.0,465.0,199.0,458.0,197.0
2.0,1331.0,747.0,667.0,661.0,756.0,756.0,467.0,200.0,523.0,224.0
2.0,1245.0,772.0,671.0,756.0,784.0,784.0,470.0,201.0,542.0,230.0
2.0,1229.0,762.0,673.0,784.0,768.0,768.0,471.0,202.0,532.0,230.0
2.0,1251.0,646.0,673.0,768.0,646.0,646.0,471.0,202.0,452.0,194.0
2.0,1373.0,601.0,671.0,646.0,595.0,595.0,470.0,201.0,420.0,181.0
2.0,1418.0,668.0,671.0,595.0,668.0,668.0,470.0,201.0,468.0,200.0
2.0,1345.0,694.0,673.0,668.0,700.0,700.0,471.0,202.0,487.0,207.0
2.0,1319.0,749.0,674.0,700.0,752.0,752.0,472.0,202.0,524.0,225.0
2.0,1270.0,769.0,678.0,752.0,781.0,781.0,475.0,203.0,540.0,229.0
2.0,1253.0,708.0,679.0,781.0,711.0,711.0,475.0,204.0,494.0,214.0
2.0,1326.0,630.0,677.0,711.0,624.0,624.0,474.0,203.0,441.0,189.0
2.0,1407.0,609.0,674.0,624.0,600.0,600.0,472.0,202.0,427.0,182.0
2.0,1422.0,650.0,673.0,600.0,647.0,647.0,471.0,202.0,456.0,194.0
2.0,1372.0,690.0,674.0,647.0,693.0,693.0,472.0,202.0,482.0,208.0
2.0,1329.0,717.0,677.0,693.0,726.0,726.0,474.0,203.0,503.0,214.0
2.0,1305.0,799.0,681.0,726.0,811.0,811.0,477.0,204.0,558.0,241.0
2.0,1232.0,746.0,684.0,811.0,755.0,755.0,479.0,205.0,524.0,222.0
2.0,1297.0,734.0,686.0,755.0,740.0,740.0,480.0,206.0,513.0,221.0
2.0,1318.0,538.0,680.0,740.0,520.0,520.0,476.0,204.0,378.0,160.0
2.0,1520.0,624.0,680.0,520.0,624.0,624.0,476.0,204.0,436.0,188.0
2.0,1416.0,684.0,681.0,624.0,687.0,687.0,477.0,204.0,478.0,206.0
2.0,1356.0,768.0,685.0,687.0,780.0,780.0,480.0,205.0,538.0,230.0
2.0,1275.0,786.0,688.0,780.0,795.0,795.0,482.0,206.0,550.0,236.0
2.0,1269.0,689.0,689.0,795.0,692.0,692.0,482.0,207.0,483.0,206.0
2.0,1375.0,682.0,688.0,692.0,679.0,679.0,482.0,206.0,477.0,205.0
2.0,1385.0,661.0,687.0,679.0,658.0,658.0,481.0,206.0,464.0,197.0
2.0,1403.0,617.0,684.0,658.0,608.0,608.0,479.0,205.0,430.0,187.0
2.0,1444.0,710.0,686.0,608.0,716.0,716.0,480.0,206.0,498.0,212.0
2.0,1342.0,799.0,688.0,716.0,805.0,805.0,482.0,206.0,559.0,240.0
2.0,1259.0,806.0,693.0,805.0,821.0,821.0,485.0,208.0,565.0,241.0
2.0,1258.0,733.0,693.0,821.0,733.0,733.0,485.0,208.0,513.0,220.0
2.0,1346.0,677.0,692.0,733.0,674.0,674.0,484.0,208.0,474.0,203.0
2.0,1402.0,651.0,690.0,674.0,645.0,645.0,483.0,207.0,457.0,194.0
2.0,1425.0,571.0,687.0,645.0,562.0,562.0,481.0,206.0,398.0,173.0
2.0,1499.0,690.0,689.0,562.0,696.0,696.0,482.0,207.0,484.0,206.0
2.0,1371.0,774.0,693.0,696.0,786.0,786.0,485.0,208.0,542.0,232.0
2.0,1293.0,776.0,694.0,786.0,779.0,779.0,486.0,208.0,544.0,232.0
2.0,1303.0,746.0,695.0,779.0,749.0,749.0,487.0,208.0,521.0,225.0
2.0,1336.0,712.0,694.0,749.0,709.0,709.0,486.0,208.0,498.0,214.0
2.0,1373.0,682.0,694.0,709.0,682.0,682.0,486.0,208.0,477.0,205.0
2.0,1400.0,612.0,691.0,682.0,603.0,603.0,484.0,207.0,429.0,183.0
2.0,1470.0,666.0,691.0,603.0,666.0,666.0,484.0,207.0,466.0,200.0
2.0,1407.0,786.0,696.0,666.0,801.0,801.0,487.0,209.0,551.0,235.0
2.0,1287.0,810.0,700.0,801.0,822.0,822.0,490.0,210.0,567.0,243.0
2.0,1278.0,731.0,701.0,822.0,734.0,734.0,491.0,210.0,513.0,218.0
2.0,1369.0,688.0,700.0,734.0,685.0,685.0,490.0,210.0,482.0,206.0
2.0,1415.0,645.0,697.0,685.0,636.0,636.0,488.0,209.0,450.0,195.0
2.0,1455.0,697.0,697.0,636.0,697.0,697.0,488.0,209.0,489.0,208.0
2.0,1394.0,710.0,698.0,697.0,713.0,713.0,489.0,209.0,496.0,214.0
2.0,1381.0,757.0,701.0,713.0,766.0,766.0,491.0,210.0,530.0,227.0
2.0,1337.0,756.0,704.0,766.0,765.0,765.0,493.0,211.0,531.0,225.0
2.0,1347.0,729.0,705.0,765.0,732.0,732.0,494.0,211.0,509.0,220.0
2.0,1383.0,710.0,704.0,732.0,707.0,707.0,493.0,211.0,497.0,213.0
2.0,1405.0,582.0,700.0,707.0,570.0,570.0,490.0,210.0,407.0,175.0
2.0,1530.0,734.0,700.0,570.0,734.0,734.0,490.0,210.0,516.0,218.0
2.0,1366.0,754.0,702.0,734.0,760.0,760.0,492.0,210.0,527.0,227.0
2.0,1346.0,793.0,706.0,760.0,805.0,805.0,494.0,212.0,556.0,237.0
2.0,1313.0,800.0,708.0,805.0,806.0,806.0,496.0,212.0,559.0,241.0
2.0,1318.0,727.0,709.0,806.0,730.0,730.0,496.0,213.0,510.0,217.0
2.0,1397.0,681.0,707.0,730.0,675.0,675.0,495.0,212.0,476.0,205.0
2.0,1446.0,645.0,705.0,675.0,639.0,639.0,494.0,211.0,453.0,192.0
2.0,1476.0,609.0,703.0,639.0,603.0,603.0,492.0,211.0,427.0,182.0
2.0,1506.0,758.0,706.0,603.0,767.0,767.0,494.0,212.0,530.0,228.0
2.0,1351.0,836.0,710.0,767.0,848.0,848.0,497.0,213.0,586.0,250.0
2.0,1282.0,776.0,713.0,848.0,785.0,785.0,499.0,214.0,542.0,234.0
2.0,1354.0,754.0,714.0,785.0,757.0,757.0,500.0,214.0,529.0,225.0
2.0,1385.0,716.0,714.0,757.0,716.0,716.0,500.0,214.0,501.0,215.0
2.0,1426.0,609.0,710.0,716.0,597.0,597.0,497.0,213.0,427.0,182.0
2.0,1533.0,650.0,708.0,597.0,644.0,644.0,496.0,212.0,454.0,196.0
2.0,1480.0,751.0,708.0,644.0,751.0,751.0,496.0,212.0,526.0,225.0
2.0,1373.0,848.0,714.0,751.0,866.0,866.0,500.0,214.0,593.0,255.0
2.0,1276.0,832.0,718.0,866.0,844.0,844.0,503.0,215.0,583.0,249.0
2.0,1310.0,795.0,721.0,844.0,804.0,804.0,505.0,216.0,557.0,238.0
2.0,1359.0,718.0,720.0,804.0,715.0,715.0,504.0,216.0,503.0,215.0
2.0,1445.0,706.0,718.0,715.0,700.0,700.0,503.0,215.0,493.0,213.0
2.0,1454.0,685.0,718.0,700.0,685.0,685.0,503.0,215.0,480.0,205.0
2.0,1469.0,726.0,719.0,685.0,729.0,729.0,503.0,216.0,508.0,218.0
2.0,1428.0,796.0,721.0,729.0,802.0,802.0,505.0,216.0,557.0,239.0
2.0,1361.0,750.0,724.0,802.0,759.0,759.0,507.0,217.0,526.0,224.0
2.0,1413.0,737.0,724.0,759.0,737.0,737.0,507.0,217.0,515.0,222.0
2.0,1435.0,700.0,723.0,737.0,697.0,697.0,506.0,217.0,491.0,209.0
2.0,1472.0,640.0,720.0,697.0,631.0,631.0,504.0,216.0,448.0,192.0
2.0,1529.0,726.0,720.0,631.0,726.0,726.0,504.0,216.0,508.0,218.0
2.0,1434.0,707.0,720.0,726.0,707.0,707.0,504.0,216.0,495.0,212.0
2.0,1453.0,871.0,724.0,707.0,883.0,883.0,507.0,217.0,608.0,263.0
2.0,1289.0,856.0,730.0,883.0,874.0,874.0,511.0,219.0,600.0,256.0
2.0,1316.0,771.0,731.0,874.0,774.0,774.0,512.0,219.0,539.0,232.0
2.0,1419.0,721.0,730.0,774.0,718.0,718.0,511.0,219.0,507.0,214.0
2.0,1472.0,711.0,729.0,718.0,708.0,708.0,510.0,219.0,497.0,214.0
2.0,1479.0,583.0,726.0,708.0,574.0,574.0,508.0,218.0,408.0,175.0
2.0,1604.0,774.0,727.0,574.0,777.0,777.0,509.0,218.0,543.0,231.0
2.0,1404.0,783.0,729.0,777.0,789.0,789.0,510.0,219.0,547.0,236.0
2.0,1398.0,798.0,733.0,789.0,810.0,810.0,513.0,220.0,558.0,240.0
2.0,1389.0,772.0,734.0,810.0,775.0,775.0,514.0,220.0,540.0,232.0
2.0,1427.0,698.0,733.0,775.0,695.0,695.0,513.0,220.0,490.0,208.0
2.0,1504.0,671.0,730.0,695.0,662.0,662.0,511.0,219.0,470.0,201.0
2.0,1528.0,718.0,730.0,662.0,718.0,718.0,511.0,219.0,503.0,215.0
2.0,1472.0,706.0,730.0,718.0,706.0,706.0,511.0,219.0,494.0,212.0
2.0,1484.0,754.0,733.0,706.0,763.0,763.0,513.0,220.0,527.0,227.0
2.0,1436.0,770.0,734.0,763.0,773.0,773.0,514.0,220.0,540.0,230.0
2.0,1429.0,780.0,735.0,773.0,783.0,783.0,515.0,220.0,545.0,235.0
2.0,1422.0,717.0,734.0,783.0,714.0,714.0,514.0,220.0,502.0,215.0
2.0,1488.0,684.0,733.0,714.0,681.0,681.0,513.0,220.0,480.0,204.0
2.0,1518.0,646.0,731.0,681.0,640.0,640.0,512.0,219.0,451.0,195.0
2.0,1553.0,763.0,733.0,640.0,769.0,769.0,513.0,220.0,535.0,228.0
2.0,1430.0,828.0,737.0,769.0,840.0,840.0,516.0,221.0,580.0,248.0
2.0,1371.0,821.0,739.0,840.0,827.0,827.0,517.0,222.0,574.0,247.0
2.0,1390.0,783.0,740.0,827.0,786.0,786.0,518.0,222.0,548.0,235.0
2.0,1434.0,776.0,739.0,786.0,773.0,773.0,517.0,222.0,543.0,233.0
2.0,1444.0,675.0,737.0,773.0,669.0,669.0,516.0,221.0,474.0,201.0
2.0,1542.0,620.0,734.0,669.0,611.0,611.0,514.0,220.0,432.0,188.0
2.0,1591.0,733.0,736.0,611.0,739.0,739.0,515.0,221.0,514.0,219.0
2.0,1469.0,840.0,740.0,739.0,852.0,852.0,518.0,222.0,588.0,252.0
2.0,1368.0,836.0,744.0,852.0,848.0,848.0,521.0,223.0,586.0,250.0
2.0,1384.0,792.0,744.0,848.0,792.0,792.0,521.0,223.0,553.0,239.0
2.0,1440.0,730.0,743.0,792.0,727.0,727.0,520.0,223.0,511.0,219.0
2.0,1502.0,697.0,741.0,727.0,691.0,691.0,519.0,222.0,487.0,210.0
2.0,1532.0,661.0,739.0,691.0,655.0,655.0,517.0,222.0,464.0,197.0
2.0,1562.0,726.0,740.0,655.0,729.0,729.0,518.0,222.0,508.0,218.0
2.0,1491.0,807.0,743.0,729.0,816.0,816.0,520.0,223.0,566.0,241.0
2.0,1413.0,773.0,746.0,816.0,782.0,782.0,522.0,224.0,540.0,233.0
2.0,1456.0,819.0,747.0,782.0,822.0,822.0,523.0,224.0,574.0,245.0
2.0,1419.0,787.0,746.0,822.0,784.0,784.0,522.0,224.0,551.0,236.0
2.0,1454.0,704.0,743.0,784.0,695.0,695.0,520.0,223.0,493.0,211.0
2.0,1534.0,706.0,741.0,695.0,700.0,700.0,519.0,222.0,493.0,213.0
2.0,1523.0,807.0,743.0,700.0,813.0,813.0,520.0,223.0,566.0,241.0
2.0,1416.0,810.0,745.0,813.0,816.0,816.0,522.0,223.0,567.0,243.0
2.0,1419.0,850.0,748.0,816.0,859.0,859.0,524.0,224.0,595.0,255.0
2.0,1385.0,761.0,749.0,859.0,764.0,764.0,524.0,225.0,533.0,228.0
2.0,1483.0,727.0,747.0,764.0,721.0,721.0,523.0,224.0,508.0,219.0
2.0,1520.0,730.0,747.0,721.0,730.0,730.0,523.0,224.0,511.0,219.0
2.0,1511.0,734.0,747.0,730.0,734.0,734.0,523.0,224.0,514.0,220.0
2.0,1507.0,827.0,750.0,734.0,836.0,836.0,525.0,225.0,581.0,246.0
2.0,1414.0,868.0,754.0,836.0,880.0,880.0,528.0,226.0,605.0,263.0
2.0,1382.0,853.0,757.0,880.0,862.0,862.0,530.0,227.0,599.0,254.0
2.0,1409.0,866.0,760.0,862.0,875.0,875.0,532.0,228.0,606.0,260.0
2.0,1405.0,757.0,757.0,875.0,748.0,748.0,530.0,227.0,529.0,228.0
2.0,1523.0,697.0,754.0,748.0,688.0,688.0,528.0,226.0,488.0,209.0
2.0,1574.0,694.0,753.0,688.0,691.0,691.0,527.0,226.0,487.0,207.0
2.0,1568.0,799.0,754.0,691.0,802.0,802.0,528.0,226.0,558.0,241.0
2.0,1460.0,793.0,756.0,802.0,799.0,799.0,529.0,227.0,556.0,237.0
2.0,1469.0,912.0,763.0,799.0,933.0,933.0,534.0,229.0,638.0,274.0
2.0,1356.0,890.0,764.0,933.0,893.0,893.0,535.0,229.0,623.0,267.0
2.0,1399.0,722.0,763.0,893.0,719.0,719.0,534.0,229.0,507.0,215.0
2.0,1570.0,710.0,761.0,719.0,704.0,704.0,533.0,228.0,496.0,214.0
2.0,1579.0,746.0,761.0,704.0,746.0,746.0,533.0,228.0,522.0,224.0
2.0,1537.0,780.0,763.0,746.0,786.0,786.0,534.0,229.0,547.0,233.0
2.0,1503.0,849.0,766.0,786.0,858.0,858.0,536.0,230.0,594.0,255.0
2.0,1440.0,844.0,769.0,858.0,853.0,853.0,538.0,231.0,590.0,254.0
2.0,1454.0,796.0,770.0,853.0,799.0,799.0,539.0,231.0,559.0,237.0
2.0,1511.0,754.0,770.0,799.0,754.0,754.0,539.0,231.0,528.0,226.0
2.0,1556.0,724.0,770.0,754.0,724.0,724.0,539.0,231.0,506.0,218.0
2.0,1586.0,734.0,768.0,724.0,728.0,728.0,538.0,230.0,514.0,220.0
2.0,1576.0,796.0,770.0,728.0,802.0,802.0,539.0,231.0,558.0,238.0
2.0,1508.0,885.0,774.0,802.0,897.0,897.0,542.0,232.0,619.0,266.0
2.0,1425.0,816.0,777.0,897.0,825.0,825.0,544.0,233.0,571.0,245.0
2.0,1506.0,847.0,779.0,825.0,853.0,853.0,545.0,234.0,592.0,255.0
2.0,1484.0,809.0,778.0,853.0,806.0,806.0,545.0,233.0,566.0,243.0
2.0,1528.0,667.0,776.0,806.0,661.0,661.0,543.0,233.0,467.0,200.0
2.0,1667.0,739.0,774.0,661.0,733.0,733.0,542.0,232.0,517.0,222.0
2.0,1589.0,786.0,774.0,733.0,786.0,786.0,542.0,232.0,550.0,236.0
2.0,1536.0,810.0,777.0,786.0,819.0,819.0,544.0,233.0,569.0,241.0
2.0,1512.0,839.0,781.0,819.0,851.0,851.0,547.0,234.0,585.0,254.0
2.0,1492.0,823.0,783.0,851.0,829.0,829.0,548.0,235.0,577.0,246.0
2.0,1520.0,787.0,783.0,829.0,787.0,787.0,548.0,235.0,551.0,236.0
2.0,1562.0,734.0,780.0,787.0,725.0,725.0,546.0,234.0,515.0,219.0
2.0,1615.0,720.0,779.0,725.0,717.0,717.0,545.0,234.0,503.0,217.0
2.0,1620.0,784.0,780.0,717.0,787.0,787.0,546.0,234.0,549.0,235.0
2.0,1553.0,850.0,783.0,787.0,859.0,859.0,548.0,235.0,595.0,255.0
2.0,1490.0,840.0,786.0,859.0,849.0,849.0,550.0,236.0,589.0,251.0
2.0,1509.0,826.0,788.0,849.0,832.0,832.0,552.0,236.0,577.0,249.0
2.0,1532.0,754.0,787.0,832.0,751.0,751.0,551.0,236.0,529.0,225.0
2.0,1610.0,726.0,786.0,751.0,723.0,723.0,550.0,236.0,508.0,218.0
2.0,1635.0,751.0,785.0,723.0,748.0,748.0,550.0,235.0,525.0,226.0
2.0,1607.0,800.0,786.0,748.0,803.0,803.0,550.0,236.0,560.0,240.0
2.0,1555.0,865.0,788.0,803.0,871.0,871.0,552.0,236.0,605.0,260.0
2.0,1493.0,850.0,791.0,871.0,859.0,859.0,554.0,237.0,597.0,253.0
2.0,1514.0,900.0,793.0,859.0,906.0,906.0,555.0,238.0,629.0,271.0
2.0,1473.0,788.0,793.0,906.0,788.0,788.0,555.0,238.0,552.0,236.0
2.0,1591.0,730.0,790.0,788.0,721.0,721.0,553.0,237.0,512.0,218.0
2.0,1649.0,743.0,790.0,721.0,743.0,743.0,553.0,237.0,519.0,224.0
2.0,1627.0,783.0,791.0,743.0,786.0,786.0,554.0,237.0,549.0,234.0
2.0,1587.0,886.0,794.0,786.0,895.0,895.0,556.0,238.0,620.0,266.0
2.0,1487.0,885.0,797.0,895.0,894.0,894.0,558.0,239.0,619.0,266.0
2.0,1497.0,838.0,797.0,894.0,838.0,838.0,558.0,239.0,587.0,251.0
2.0,1553.0,787.0,796.0,838.0,784.0,784.0,557.0,239.0,550.0,237.0
2.0,1604.0,740.0,793.0,784.0,731.0,731.0,555.0,238.0,519.0,221.0
2.0,1648.0,780.0,791.0,731.0,774.0,774.0,554.0,237.0,545.0,235.0
2.0,1599.0,770.0,792.0,774.0,773.0,773.0,554.0,238.0,539.0,231.0
2.0,1603.0,885.0,796.0,773.0,897.0,897.0,557.0,239.0,619.0,266.0
2.0,1491.0,829.0,798.0,897.0,835.0,835.0,559.0,239.0,580.0,249.0
2.0,1559.0,867.0,800.0,835.0,873.0,873.0,560.0,240.0,608.0,259.0
2.0,1527.0,857.0,800.0,873.0,857.0,857.0,560.0,240.0,601.0,256.0
2.0,1543.0,755.0,797.0,857.0,746.0,746.0,558.0,239.0,527.0,228.0
2.0,1645.0,778.0,796.0,746.0,775.0,775.0,557.0,239.0,546.0,232.0
2.0,1613.0,867.0,798.0,775.0,873.0,873.0,559.0,239.0,606.0,261.0
2.0,1521.0,939.0,803.0,873.0,954.0,954.0,562.0,241.0,658.0,281.0
2.0,1455.0,877.0,806.0,954.0,886.0,886.0,564.0,242.0,614.0,263.0
2.0,1532.0,860.0,807.0,886.0,863.0,863.0,565.0,242.0,603.0,257.0
2.0,1558.0,857.0,807.0,863.0,857.0,857.0,565.0,242.0,600.0,257.0
2.0,1564.0,700.0,804.0,857.0,691.0,691.0,563.0,241.0,488.0,212.0
2.0,1721.0,740.0,803.0,691.0,737.0,737.0,562.0,241.0,520.0,220.0
2.0,1672.0,816.0,804.0,737.0,819.0,819.0,563.0,241.0,570.0,246.0
2.0,1593.0,872.0,807.0,819.0,881.0,881.0,565.0,242.0,611.0,261.0
2.0,1540.0,900.0,810.0,881.0,909.0,909.0,567.0,243.0,631.0,269.0
2.0,1521.0,900.0,813.0,909.0,909.0,909.0,569.0,244.0,629.0,271.0
2.0,1530.0,824.0,811.0,909.0,818.0,818.0,568.0,243.0,576.0,248.0
2.0,1615.0,770.0,810.0,818.0,767.0,767.0,567.0,243.0,541.0,229.0
2.0,1663.0,730.0,808.0,767.0,724.0,724.0,566.0,242.0,509.0,221.0
2.0,1700.0,807.0,808.0,724.0,807.0,807.0,566.0,242.0,565.0,242.0
2.0,1617.0,923.0,813.0,807.0,938.0,938.0,569.0,244.0,648.0,275.0
2.0,1501.0,876.0,816.0,938.0,885.0,885.0,571.0,245.0,612.0,264.0
2.0,1563.0,834.0,817.0,885.0,837.0,837.0,572.0,245.0,585.0,249.0
2.0,1614.0,758.0,816.0,837.0,755.0,755.0,571.0,245.0,530.0,228.0
2.0,1693.0,718.0,813.0,755.0,709.0,709.0,569.0,244.0,504.0,214.0
2.0,1730.0,772.0,813.0,709.0,772.0,772.0,569.0,244.0,540.0,232.0
2.0,1667.0,840.0,813.0,772.0,840.0,840.0,569.0,244.0,589.0,251.0
2.0,1599.0,931.0,817.0,840.0,943.0,943.0,572.0,245.0,651.0,280.0
2.0,1508.0,952.0,821.0,943.0,964.0,964.0,575.0,246.0,665.0,287.0
2.0,1499.0,900.0,824.0,964.0,909.0,909.0,577.0,247.0,632.0,268.0
2.0,1563.0,774.0,823.0,909.0,771.0,771.0,576.0,247.0,541.0,233.0
2.0,1698.0,692.0,820.0,771.0,683.0,683.0,574.0,246.0,485.0,207.0
2.0,1777.0,786.0,818.0,683.0,780.0,780.0,573.0,245.0,550.0,236.0
2.0,1674.0,879.0,821.0,780.0,888.0,888.0,575.0,246.0,614.0,265.0
2.0,1575.0,882.0,824.0,888.0,891.0,891.0,577.0,247.0,619.0,263.0
2.0,1581.0,832.0,826.0,891.0,838.0,838.0,578.0,248.0,581.0,251.0
2.0,1640.0,866.0,827.0,838.0,869.0,869.0,579.0,248.0,607.0,259.0
2.0,1612.0,804.0,826.0,869.0,801.0,801.0,578.0,248.0,562.0,242.0
2.0,1677.0,766.0,824.0,801.0,760.0,760.0,577.0,247.0,535.0,231.0
2.0,1712.0,797.0,822.0,760.0,791.0,791.0,575.0,247.0,559.0,238.0
2.0,1675.0,817.0,823.0,791.0,820.0,820.0,576.0,247.0,573.0,244.0
2.0,1649.0,866.0,826.0,820.0,875.0,875.0,578.0,248.0,605.0,261.0
2.0,1603.0,917.0,828.0,875.0,923.0,923.0,580.0,248.0,642.0,275.0
2.0,1561.0,962.0,832.0,923.0,974.0,974.0,582.0,250.0,674.0,288.0
2.0,1522.0,841.0,831.0,974.0,838.0,838.0,582.0,249.0,588.0,253.0
2.0,1655.0,792.0,830.0,838.0,789.0,789.0,581.0,249.0,556.0,236.0
2.0,1701.0,810.0,829.0,789.0,807.0,807.0,580.0,249.0,567.0,243.0
2.0,1680.0,783.0,829.0,807.0,783.0,783.0,580.0,249.0,548.0,235.0
2.0,1704.0,846.0,831.0,783.0,852.0,852.0,582.0,249.0,593.0,253.0
2.0,1641.0,955.0,834.0,852.0,964.0,964.0,584.0,250.0,668.0,287.0
2.0,1538.0,958.0,837.0,964.0,967.0,967.0,586.0,251.0,671.0,287.0
2.0,1544.0,735.0,834.0,967.0,726.0,726.0,584.0,250.0,513.0,222.0
2.0,1776.0,817.0,834.0,726.0,817.0,817.0,584.0,250.0,572.0,245.0
2.0,1685.0,780.0,833.0,817.0,777.0,777.0,583.0,250.0,547.0,233.0
2.0,1722.0,833.0,833.0,777.0,833.0,833.0,583.0,250.0,582.0,251.0
2.0,1666.0,941.0,836.0,833.0,950.0,950.0,585.0,251.0,659.0,282.0
2.0,1558.0,910.0,839.0,950.0,919.0,919.0,587.0,252.0,636.0,274.0
2.0,1598.0,873.0,839.0,919.0,873.0,873.0,587.0,252.0,611.0,262.0
2.0,1644.0,810.0,836.0,873.0,801.0,801.0,585.0,251.0,568.0,242.0
2.0,1707.0,752.0,834.0,801.0,746.0,746.0,584.0,250.0,525.0,227.0
2.0,1756.0,828.0,833.0,746.0,825.0,825.0,583.0,250.0,582.0,246.0
2.0,1674.0,850.0,833.0,825.0,850.0,850.0,583.0,250.0,595.0,255.0
2.0,1649.0,915.0,837.0,850.0,927.0,927.0,586.0,251.0,639.0,276.0
2.0,1584.0,902.0,840.0,927.0,911.0,911.0,588.0,252.0,633.0,269.0
2.0,1609.0,884.0,841.0,911.0,887.0,887.0,589.0,252.0,618.0,266.0
2.0,1636.0,847.0,841.0,887.0,847.0,847.0,589.0,252.0,592.0,255.0
2.0,1676.0,777.0,839.0,847.0,771.0,771.0,587.0,252.0,545.0,232.0
2.0,1746.0,836.0,837.0,771.0,830.0,830.0,586.0,251.0,584.0,252.0
2.0,1681.0,899.0,839.0,830.0,905.0,905.0,587.0,252.0,630.0,269.0
2.0,1612.0,986.0,843.0,905.0,998.0,998.0,590.0,253.0,691.0,295.0
2.0,1531.0,932.0,847.0,998.0,944.0,944.0,593.0,254.0,652.0,280.0
2.0,1597.0,882.0,848.0,944.0,885.0,885.0,594.0,254.0,616.0,266.0
2.0,1659.0,777.0,846.0,885.0,771.0,771.0,592.0,254.0,545.0,232.0
2.0,1767.0,757.0,843.0,771.0,748.0,748.0,590.0,253.0,530.0,227.0
2.0,1781.0,774.0,843.0,748.0,774.0,774.0,590.0,253.0,541.0,233.0
2.0,1755.0,885.0,844.0,774.0,888.0,888.0,591.0,253.0,619.0,266.0
2.0,1644.0,925.0,849.0,888.0,940.0,940.0,594.0,255.0,648.0,277.0
2.0,1607.0,935.0,852.0,940.0,944.0,944.0,596.0,256.0,654.0,281.0
2.0,1612.0,809.0,851.0,944.0,806.0,806.0,596.0,255.0,565.0,244.0
2.0,1747.0,798.0,849.0,806.0,792.0,792.0,594.0,255.0,560.0,238.0
2.0,1755.0,853.0,847.0,792.0,847.0,847.0,593.0,254.0,596.0,257.0
2.0,1694.0,855.0,846.0,847.0,852.0,852.0,592.0,254.0,600.0,255.0
2.0,1686.0,882.0,847.0,852.0,885.0,885.0,593.0,254.0,616.0,266.0
2.0,1656.0,938.0,853.0,885.0,956.0,956.0,597.0,256.0,657.0,281.0
2.0,1603.0,964.0,856.0,956.0,973.0,973.0,599.0,257.0,675.0,289.0
2.0,1595.0,898.0,856.0,973.0,898.0,898.0,599.0,257.0,629.0,269.0
2.0,1670.0,836.0,856.0,898.0,836.0,836.0,599.0,257.0,585.0,251.0
2.0,1732.0,794.0,854.0,836.0,788.0,788.0,598.0,256.0,555.0,239.0
2.0,1774.0,807.0,854.0,788.0,807.0,807.0,598.0,256.0,564.0,243.0
2.0,1755.0,857.0,854.0,807.0,857.0,857.0,598.0,256.0,601.0,256.0
2.0,1705.0,1000.0,859.0,857.0,1015.0,1015.0,601.0,258.0,701.0,299.0
2.0,1562.0,883.0,861.0,1015.0,889.0,889.0,603.0,258.0,617.0,266.0
2.0,1694.0,902.0,863.0,889.0,908.0,908.0,604.0,259.0,632.0,270.0
2.0,1681.0,856.0,863.0,908.0,856.0,856.0,604.0,259.0,599.0,257.0
2.0,1733.0,801.0,860.0,856.0,792.0,792.0,602.0,258.0,562.0,239.0
2.0,1788.0,788.0,857.0,792.0,779.0,779.0,600.0,257.0,550.0,238.0
2.0,1792.0,950.0,859.0,779.0,956.0,956.0,601.0,258.0,666.0,284.0
2.0,1621.0,930.0,861.0,956.0,936.0,936.0,603.0,258.0,651.0,279.0
2.0,1647.0,949.0,864.0,936.0,958.0,958.0,605.0,259.0,663.0,286.0
2.0,1634.0,886.0,866.0,958.0,892.0,892.0,606.0,260.0,622.0,264.0
2.0,1706.0,881.0,867.0,892.0,884.0,884.0,607.0,260.0,617.0,264.0
2.0,1717.0,826.0,864.0,884.0,817.0,817.0,605.0,259.0,577.0,249.0
2.0,1775.0,807.0,861.0,817.0,798.0,798.0,603.0,258.0,565.0,242.0
2.0,1785.0,922.0,865.0,798.0,934.0,934.0,605.0,260.0,645.0,277.0
2.0,1661.0,958.0,867.0,934.0,964.0,964.0,607.0,260.0,670.0,288.0
2.0,1637.0,996.0,872.0,964.0,1011.0,1011.0,610.0,262.0,698.0,298.0
2.0,1605.0,909.0,873.0,1011.0,912.0,912.0,611.0,262.0,637.0,272.0
2.0,1707.0,803.0,870.0,912.0,794.0,794.0,609.0,261.0,560.0,243.0
2.0,1816.0,830.0,869.0,794.0,827.0,827.0,608.0,261.0,582.0,248.0
2.0,1780.0,787.0,867.0,827.0,781.0,781.0,607.0,260.0,550.0,237.0
2.0,1820.0,903.0,869.0,781.0,909.0,909.0,608.0,261.0,633.0,270.0
2.0,1698.0,930.0,873.0,909.0,942.0,942.0,611.0,262.0,651.0,279.0
2.0,1677.0,926.0,874.0,942.0,929.0,929.0,612.0,262.0,647.0,279.0
2.0,1693.0,971.0,877.0,929.0,980.0,980.0,614.0,263.0,682.0,289.0
2.0,1651.0,854.0,876.0,980.0,851.0,851.0,613.0,263.0,597.0,257.0
2.0,1777.0,828.0,874.0,851.0,822.0,822.0,612.0,262.0,580.0,248.0
2.0,1800.0,811.0,873.0,822.0,808.0,808.0,611.0,262.0,569.0,242.0
2.0,1811.0,873.0,873.0,808.0,873.0,873.0,611.0,262.0,611.0,262.0
2.0,1746.0,966.0,877.0,873.0,978.0,978.0,614.0,263.0,676.0,290.0
2.0,1653.0,993.0,880.0,978.0,1002.0,1002.0,616.0,264.0,695.0,298.0
2.0,1638.0,897.0,880.0,1002.0,897.0,897.0,616.0,264.0,628.0,269.0
2.0,1743.0,850.0,877.0,897.0,841.0,841.0,614.0,263.0,594.0,256.0
2.0,1790.0,819.0,876.0,841.0,816.0,816.0,613.0,263.0,574.0,245.0
2.0,1812.0,848.0,874.0,816.0,842.0,842.0,612.0,262.0,594.0,254.0
2.0,1780.0,932.0,877.0,842.0,941.0,941.0,614.0,263.0,652.0,280.0
2.0,1690.0,969.0,881.0,941.0,981.0,981.0,617.0,264.0,679.0,290.0
2.0,1662.0,1058.0,887.0,981.0,1076.0,1076.0,621.0,266.0,741.0,317.0
2.0,1585.0,880.0,887.0,1076.0,880.0,880.0,621.0,266.0,616.0,264.0
2.0,1781.0,801.0,884.0,880.0,792.0,792.0,619.0,265.0,560.0,241.0
2.0,1860.0,877.0,883.0,792.0,874.0,874.0,618.0,265.0,615.0,262.0
2.0,1775.0,875.0,884.0,874.0,878.0,878.0,619.0,265.0,611.0,264.0
2.0,1774.0,868.0,886.0,878.0,874.0,874.0,620.0,266.0,609.0,259.0
2.0,1784.0,976.0,888.0,874.0,982.0,982.0,622.0,266.0,682.0,294.0
2.0,1682.0,943.0,890.0,982.0,949.0,949.0,623.0,267.0,661.0,282.0
2.0,1721.0,938.0,891.0,949.0,941.0,941.0,624.0,267.0,655.0,283.0
2.0,1732.0,848.0,890.0,941.0,845.0,845.0,623.0,267.0,595.0,253.0
2.0,1825.0,801.0,886.0,845.0,789.0,789.0,620.0,266.0,561.0,240.0
2.0,1869.0,834.0,886.0,789.0,834.0,834.0,620.0,266.0,583.0,251.0
2.0,1824.0,933.0,887.0,834.0,936.0,936.0,621.0,266.0,653.0,280.0
2.0,1725.0,914.0,890.0,936.0,923.0,923.0,623.0,267.0,641.0,273.0
2.0,1747.0,872.0,890.0,923.0,872.0,872.0,623.0,267.0,611.0,261.0
2.0,1798.0,912.0,891.0,872.0,915.0,915.0,624.0,267.0,637.0,275.0
2.0,1758.0,890.0,890.0,915.0,887.0,887.0,623.0,267.0,623.0,267.0
2.0,1783.0,801.0,888.0,887.0,795.0,795.0,622.0,266.0,560.0,241.0
2.0,1869.0,847.0,887.0,795.0,844.0,844.0,621.0,266.0,593.0,254.0
2.0,1817.0,907.0,888.0,844.0,910.0,910.0,622.0,266.0,635.0,272.0
2.0,1754.0,989.0,891.0,910.0,998.0,998.0,624.0,267.0,693.0,296.0
2.0,1675.0,1022.0,896.0,998.0,1037.0,1037.0,627.0,269.0,716.0,306.0
2.0,1651.0,961.0,896.0,1037.0,961.0,961.0,627.0,269.0,673.0,288.0
2.0,1727.0,913.0,896.0,961.0,913.0,913.0,627.0,269.0,639.0,274.0
2.0,1775.0,853.0,894.0,913.0,847.0,847.0,626.0,268.0,596.0,257.0
2.0,1835.0,933.0,894.0,847.0,933.0,933.0,626.0,268.0,653.0,280.0
2.0,1749.0,982.0,897.0,933.0,991.0,991.0,628.0,269.0,689.0,293.0
2.0,1700.0,995.0,900.0,991.0,1004.0,1004.0,630.0,270.0,696.0,299.0
2.0,1696.0,916.0,903.0,1004.0,925.0,925.0,632.0,271.0,640.0,276.0
2.0,1784.0,893.0,901.0,925.0,887.0,887.0,631.0,270.0,625.0,268.0
2.0,1816.0,867.0,900.0,887.0,864.0,864.0,630.0,270.0,608.0,259.0
2.0,1836.0,812.0,896.0,864.0,800.0,800.0,627.0,269.0,568.0,244.0
2.0,1888.0,895.0,896.0,800.0,895.0,895.0,627.0,269.0,627.0,268.0
2.0,1793.0,969.0,900.0,895.0,981.0,981.0,630.0,270.0,678.0,291.0
2.0,1719.0,986.0,903.0,981.0,995.0,995.0,632.0,271.0,690.0,296.0
2.0,1714.0,983.0,906.0,995.0,992.0,992.0,634.0,272.0,689.0,294.0
2.0,1726.0,967.0,907.0,992.0,970.0,970.0,635.0,272.0,678.0,289.0
2.0,1751.0,881.0,906.0,970.0,878.0,878.0,634.0,272.0,616.0,265.0
2.0,1840.0,845.0,904.0,878.0,839.0,839.0,633.0,271.0,591.0,254.0
2.0,1873.0,824.0,902.0,839.0,818.0,818.0,631.0,271.0,577.0,247.0
2.0,1888.0,923.0,903.0,818.0,926.0,926.0,632.0,271.0,647.0,276.0
2.0,1783.0,953.0,906.0,926.0,962.0,962.0,634.0,272.0,667.0,286.0
2.0,1756.0,970.0,909.0,962.0,979.0,979.0,636.0,273.0,679.0,291.0
2.0,1748.0,923.0,910.0,979.0,926.0,926.0,637.0,273.0,646.0,277.0
2.0,1804.0,877.0,908.0,926.0,871.0,871.0,636.0,272.0,613.0,264.0
2.0,1853.0,890.0,906.0,871.0,884.0,884.0,634.0,272.0,624.0,266.0
2.0,1834.0,900.0,906.0,884.0,900.0,900.0,634.0,272.0,630.0,270.0
2.0,1818.0,926.0,907.0,900.0,929.0,929.0,635.0,272.0,647.0,279.0
2.0,1792.0,947.0,910.0,929.0,956.0,956.0,637.0,273.0,665.0,282.0
2.0,1774.0,1027.0,913.0,956.0,1036.0,1036.0,639.0,274.0,719.0,308.0
2.0,1703.0,930.0,913.0,1036.0,930.0,930.0,639.0,274.0,651.0,279.0
2.0,1809.0,896.0,912.0,930.0,893.0,893.0,638.0,274.0,626.0,270.0
2.0,1843.0,845.0,908.0,893.0,833.0,833.0,636.0,272.0,592.0,253.0
2.0,1891.0,880.0,908.0,833.0,880.0,880.0,636.0,272.0,616.0,264.0
2.0,1844.0,901.0,910.0,880.0,907.0,907.0,637.0,273.0,632.0,269.0
2.0,1823.0,1010.0,913.0,907.0,1019.0,1019.0,639.0,274.0,707.0,303.0
2.0,1720.0,1034.0,916.0,1019.0,1043.0,1043.0,641.0,275.0,724.0,310.0
2.0,1705.0,1002.0,918.0,1043.0,1008.0,1008.0,643.0,275.0,700.0,302.0
2.0,1746.0,884.0,916.0,1008.0,878.0,878.0,641.0,275.0,620.0,264.0
2.0,1870.0,890.0,915.0,878.0,887.0,887.0,641.0,274.0,623.0,267.0
2.0,1858.0,901.0,914.0,887.0,898.0,898.0,640.0,274.0,630.0,271.0
2.0,1844.0,960.0,917.0,898.0,969.0,969.0,642.0,275.0,674.0,286.0
2.0,1782.0,1025.0,921.0,969.0,1037.0,1037.0,645.0,276.0,715.0,310.0
2.0,1726.0,1049.0,925.0,1037.0,1061.0,1061.0,648.0,277.0,735.0,314.0
2.0,1714.0,957.0,926.0,1061.0,960.0,960.0,648.0,278.0,670.0,287.0
2.0,1818.0,894.0,926.0,960.0,894.0,894.0,648.0,278.0,626.0,268.0
2.0,1884.0,874.0,926.0,894.0,874.0,874.0,648.0,278.0,612.0,262.0
2.0,1904.0,883.0,924.0,874.0,877.0,877.0,647.0,277.0,618.0,265.0
2.0,1895.0,896.0,924.0,877.0,896.0,896.0,647.0,277.0,627.0,269.0
2.0,1876.0,1045.0,930.0,896.0,1063.0,1063.0,651.0,279.0,732.0,313.0
2.0,1727.0,1049.0,933.0,1063.0,1058.0,1058.0,653.0,280.0,735.0,314.0
2.0,1741.0,1006.0,935.0,1058.0,1012.0,1012.0,655.0,280.0,703.0,303.0
2.0,1793.0,914.0,934.0,1012.0,911.0,911.0,654.0,280.0,641.0,273.0
2.0,1891.0,893.0,931.0,911.0,884.0,884.0,652.0,279.0,624.0,269.0
2.0,1909.0,865.0,930.0,884.0,862.0,862.0,651.0,279.0,606.0,259.0
2.0,1928.0,918.0,930.0,862.0,918.0,918.0,651.0,279.0,643.0,275.0
2.0,1872.0,1025.0,933.0,918.0,1034.0,1034.0,653.0,280.0,718.0,307.0
2.0,1765.0,971.0,934.0,1034.0,974.0,974.0,654.0,280.0,680.0,291.0
2.0,1828.0,1044.0,934.0,974.0,1044.0,1044.0,654.0,280.0,730.0,314.0
2.0,1758.0,938.0,934.0,1044.0,938.0,938.0,654.0,280.0,658.0,280.0
2.0,1864.0,893.0,933.0,938.0,890.0,890.0,653.0,280.0,625.0,268.0
2.0,1909.0,913.0,934.0,890.0,916.0,916.0,654.0,280.0,639.0,274.0
2.0,1886.0,974.0,936.0,916.0,980.0,980.0,655.0,281.0,682.0,292.0
2.0,1828.0,974.0,939.0,980.0,983.0,983.0,657.0,282.0,682.0,292.0
2.0,1834.0,1003.0,941.0,983.0,1009.0,1009.0,659.0,282.0,703.0,300.0
2.0,1814.0,911.0,940.0,1009.0,908.0,908.0,658.0,282.0,637.0,274.0
2.0,1912.0,934.0,939.0,908.0,931.0,931.0,657.0,282.0,654.0,280.0
2.0,1886.0,917.0,937.0,931.0,911.0,911.0,656.0,281.0,641.0,276.0
2.0,1900.0,905.0,937.0,911.0,905.0,905.0,656.0,281.0,635.0,270.0
2.0,1906.0,947.0,937.0,905.0,947.0,947.0,656.0,281.0,662.0,285.0
2.0,1864.0,1023.0,941.0,947.0,1035.0,1035.0,659.0,282.0,716.0,307.0
2.0,1788.0,1022.0,944.0,1035.0,1031.0,1031.0,661.0,283.0,716.0,306.0
2.0,1801.0,953.0,946.0,1031.0,959.0,959.0,662.0,284.0,667.0,286.0
2.0,1879.0,925.0,945.0,959.0,922.0,922.0,662.0,283.0,648.0,277.0
2.0,1913.0,938.0,944.0,922.0,935.0,935.0,661.0,283.0,657.0,281.0
2.0,1897.0,868.0,943.0,935.0,865.0,865.0,660.0,283.0,609.0,259.0
2.0,1964.0,1003.0,946.0,865.0,1012.0,1012.0,662.0,284.0,702.0,301.0
2.0,1826.0,986.0,947.0,1012.0,989.0,989.0,663.0,284.0,691.0,295.0
2.0,1852.0,1046.0,950.0,989.0,1055.0,1055.0,665.0,285.0,732.0,314.0
2.0,1795.0,974.0,951.0,1055.0,977.0,977.0,666.0,285.0,682.0,292.0
2.0,1876.0,910.0,950.0,977.0,907.0,907.0,665.0,285.0,637.0,273.0
2.0,1943.0,881.0,947.0,907.0,872.0,872.0,663.0,284.0,615.0,266.0
2.0,1969.0,818.0,946.0,872.0,815.0,815.0,662.0,284.0,574.0,244.0
2.0,2023.0,904.0,946.0,815.0,904.0,904.0,662.0,284.0,633.0,271.0
2.0,1934.0,1078.0,950.0,904.0,1090.0,1090.0,665.0,285.0,755.0,323.0
2.0,1760.0,1017.0,953.0,1090.0,1026.0,1026.0,667.0,286.0,711.0,306.0
2.0,1833.0,1002.0,954.0,1026.0,1005.0,1005.0,668.0,286.0,701.0,301.0
2.0,1857.0,915.0,953.0,1005.0,912.0,912.0,667.0,286.0,642.0,273.0
2.0,1947.0,911.0,951.0,912.0,905.0,905.0,666.0,285.0,638.0,273.0
2.0,1948.0,944.0,950.0,905.0,941.0,941.0,665.0,285.0,660.0,284.0
2.0,1909.0,909.0,950.0,941.0,909.0,909.0,665.0,285.0,637.0,272.0
2.0,1941.0,967.0,951.0,909.0,970.0,970.0,666.0,285.0,676.0,291.0
2.0,1883.0,1050.0,954.0,970.0,1059.0,1059.0,668.0,286.0,737.0,313.0
2.0,1803.0,1004.0,955.0,1059.0,1007.0,1007.0,669.0,286.0,701.0,303.0
2.0,1858.0,923.0,953.0,1007.0,917.0,917.0,667.0,286.0,647.0,276.0
2.0,1942.0,851.0,950.0,917.0,842.0,842.0,665.0,285.0,596.0,255.0
2.0,2008.0,923.0,948.0,842.0,917.0,917.0,664.0,284.0,645.0,278.0
2.0,1927.0,1008.0,951.0,917.0,1017.0,1017.0,666.0,285.0,705.0,303.0
2.0,1836.0,1063.0,954.0,1017.0,1072.0,1072.0,668.0,286.0,744.0,319.0
2.0,1790.0,1072.0,958.0,1072.0,1084.0,1084.0,671.0,287.0,750.0,322.0
2.0,1790.0,1013.0,960.0,1084.0,1019.0,1019.0,672.0,288.0,711.0,302.0
2.0,1861.0,958.0,959.0,1019.0,955.0,955.0,671.0,288.0,670.0,288.0
2.0,1922.0,877.0,956.0,955.0,868.0,868.0,669.0,287.0,614.0,263.0
2.0,2000.0,920.0,954.0,868.0,914.0,914.0,668.0,286.0,643.0,277.0
2.0,1948.0,951.0,954.0,914.0,951.0,951.0,668.0,286.0,666.0,285.0
2.0,1911.0,1040.0,957.0,951.0,1049.0,1049.0,670.0,287.0,728.0,312.0
2.0,1822.0,1089.0,961.0,1049.0,1101.0,1101.0,673.0,288.0,763.0,326.0
2.0,1782.0,1001.0,963.0,1101.0,1007.0,1007.0,674.0,289.0,702.0,299.0
2.0,1882.0,906.0,961.0,1007.0,900.0,900.0,673.0,288.0,633.0,273.0
2.0,1983.0,887.0,960.0,900.0,884.0,884.0,672.0,288.0,622.0,265.0
2.0,1996.0,918.0,957.0,884.0,909.0,909.0,670.0,287.0,641.0,277.0
2.0,1962.0,1003.0,958.0,909.0,1006.0,1006.0,671.0,287.0,703.0,300.0
2.0,1868.0,999.0,960.0,1006.0,1005.0,1005.0,672.0,288.0,700.0,299.0
2.0,1875.0,1017.0,963.0,1005.0,1026.0,1026.0,674.0,289.0,711.0,306.0
2.0,1863.0,1011.0,963.0,1026.0,1011.0,1011.0,674.0,289.0,709.0,302.0
2.0,1878.0,953.0,963.0,1011.0,953.0,953.0,674.0,289.0,667.0,286.0
2.0,1936.0,921.0,961.0,953.0,915.0,915.0,673.0,288.0,644.0,277.0
2.0,1968.0,946.0,961.0,915.0,946.0,946.0,673.0,288.0,662.0,284.0
2.0,1937.0,1085.0,964.0,946.0,1094.0,1094.0,675.0,289.0,759.0,326.0
2.0,1798.0,1082.0,967.0,1094.0,1091.0,1091.0,677.0,290.0,757.0,325.0
2.0,1810.0,1115.0,971.0,1091.0,1127.0,1127.0,680.0,291.0,781.0,334.0
2.0,1786.0,1004.0,973.0,1127.0,1010.0,1010.0,681.0,292.0,704.0,300.0
2.0,1909.0,960.0,971.0,1010.0,954.0,954.0,680.0,291.0,671.0,289.0
2.0,1959.0,950.0,970.0,954.0,947.0,947.0,679.0,291.0,664.0,286.0
2.0,1963.0,913.0,970.0,947.0,913.0,913.0,679.0,291.0,641.0,272.0
2.0,1997.0,1006.0,971.0,913.0,1009.0,1009.0,680.0,291.0,703.0,303.0
2.0,1904.0,1040.0,973.0,1009.0,1046.0,1046.0,681.0,292.0,729.0,311.0
2.0,1873.0,1062.0,977.0,1046.0,1074.0,1074.0,684.0,293.0,743.0,319.0
2.0,1857.0,1023.0,977.0,1074.0,1023.0,1023.0,684.0,293.0,715.0,308.0
2.0,1908.0,987.0,977.0,1023.0,987.0,987.0,684.0,293.0,691.0,296.0
2.0,1944.0,879.0,974.0,987.0,870.0,870.0,682.0,292.0,616.0,263.0
2.0,2052.0,910.0,973.0,870.0,907.0,907.0,681.0,292.0,638.0,272.0
2.0,2012.0,1122.0,977.0,907.0,1134.0,1134.0,684.0,293.0,786.0,336.0
2.0,1797.0,1045.0,980.0,1134.0,1054.0,1054.0,686.0,294.0,731.0,314.0
2.0,1886.0,1096.0,986.0,1054.0,1114.0,1114.0,690.0,296.0,766.0,330.0
2.0,1844.0,1042.0,988.0,1114.0,1048.0,1048.0,692.0,296.0,729.0,313.0
2.0,1916.0,963.0,986.0,1048.0,957.0,957.0,690.0,296.0,675.0,288.0
2.0,2001.0,938.0,984.0,957.0,932.0,932.0,689.0,295.0,656.0,282.0
2.0,2020.0,921.0,983.0,932.0,918.0,918.0,688.0,295.0,646.0,275.0
2.0,2031.0,946.0,983.0,918.0,946.0,946.0,688.0,295.0,662.0,284.0
2.0,2003.0,1022.0,986.0,946.0,1031.0,1031.0,690.0,296.0,714.0,308.0
2.0,1927.0,1043.0,987.0,1031.0,1046.0,1046.0,691.0,296.0,732.0,311.0
2.0,1915.0,1029.0,990.0,1046.0,1038.0,1038.0,693.0,297.0,719.0,310.0
2.0,1932.0,937.0,989.0,1038.0,934.0,934.0,692.0,297.0,656.0,281.0
2.0,2033.0,986.0,987.0,934.0,980.0,980.0,691.0,296.0,689.0,297.0
2.0,1981.0,981.0,987.0,980.0,981.0,981.0,691.0,296.0,687.0,294.0
2.0,1980.0,1034.0,990.0,981.0,1043.0,1043.0,693.0,297.0,725.0,309.0
2.0,1927.0,1070.0,994.0,1043.0,1082.0,1082.0,696.0,298.0,750.0,320.0
2.0,1900.0,1123.0,997.0,1082.0,1132.0,1132.0,698.0,299.0,786.0,337.0
2.0,1859.0,1107.0,1000.0,1132.0,1116.0,1116.0,700.0,300.0,775.0,332.0
2.0,1884.0,994.0,998.0,1116.0,988.0,988.0,699.0,299.0,695.0,299.0
2.0,2006.0,918.0,995.0,988.0,909.0,909.0,697.0,298.0,643.0,275.0
2.0,2076.0,968.0,994.0,909.0,965.0,965.0,696.0,298.0,678.0,290.0
2.0,2017.0,1028.0,996.0,965.0,1034.0,1034.0,697.0,299.0,720.0,308.0
2.0,1954.0,1032.0,999.0,1034.0,1041.0,1041.0,699.0,300.0,722.0,310.0
2.0,1956.0,1100.0,1002.0,1041.0,1109.0,1109.0,701.0,301.0,771.0,329.0
2.0,1897.0,1073.0,1004.0,1109.0,1079.0,1079.0,703.0,301.0,752.0,321.0
2.0,1933.0,1006.0,1004.0,1079.0,1006.0,1006.0,703.0,301.0,704.0,302.0
2.0,2006.0,944.0,1001.0,1006.0,935.0,935.0,701.0,300.0,659.0,285.0
2.0,2068.0,984.0,1000.0,935.0,981.0,981.0,700.0,300.0,691.0,293.0
2.0,2019.0,1079.0,1004.0,981.0,1091.0,1091.0,703.0,301.0,755.0,324.0
2.0,1921.0,1009.0,1006.0,1091.0,1015.0,1015.0,704.0,302.0,706.0,303.0
2.0,2003.0,1067.0,1009.0,1015.0,1076.0,1076.0,706.0,303.0,746.0,321.0
2.0,1951.0,1113.0,1011.0,1076.0,1119.0,1119.0,708.0,303.0,781.0,332.0
2.0,1914.0,976.0,1011.0,1119.0,976.0,976.0,708.0,303.0,683.0,293.0
2.0,2057.0,885.0,1008.0,976.0,876.0,876.0,706.0,302.0,618.0,267.0
2.0,2148.0,962.0,1007.0,876.0,959.0,959.0,705.0,302.0,675.0,287.0
2.0,2062.0,950.0,1007.0,959.0,950.0,950.0,705.0,302.0,665.0,285.0
2.0,2071.0,1046.0,1010.0,950.0,1055.0,1055.0,707.0,303.0,732.0,314.0
2.0,1975.0,1121.0,1013.0,1055.0,1130.0,1130.0,709.0,304.0,784.0,337.0
2.0,1909.0,1056.0,1013.0,1130.0,1056.0,1056.0,709.0,304.0,739.0,317.0
2.0,1983.0,1016.0,1011.0,1056.0,1010.0,1010.0,708.0,303.0,710.0,306.0
2.0,2023.0,945.0,1008.0,1010.0,936.0,936.0,706.0,302.0,662.0,283.0
2.0,2088.0,973.0,1007.0,936.0,970.0,970.0,705.0,302.0,681.0,292.0
2.0,2051.0,987.0,1008.0,970.0,990.0,990.0,706.0,302.0,691.0,296.0
2.0,2034.0,1050.0,1010.0,990.0,1056.0,1056.0,707.0,303.0,736.0,314.0
2.0,1974.0,1123.0,1014.0,1056.0,1135.0,1135.0,710.0,304.0,787.0,336.0
2.0,1907.0,1066.0,1015.0,1135.0,1069.0,1069.0,711.0,304.0,745.0,321.0
2.0,1976.0,977.0,1014.0,1069.0,974.0,974.0,710.0,304.0,685.0,292.0
2.0,2068.0,973.0,1012.0,974.0,967.0,967.0,708.0,304.0,680.0,293.0
2.0,2069.0,931.0,1010.0,967.0,925.0,925.0,707.0,303.0,653.0,278.0
2.0,2105.0,1010.0,1011.0,925.0,1013.0,1013.0,708.0,303.0,705.0,305.0
2.0,2020.0,1088.0,1014.0,1013.0,1097.0,1097.0,710.0,304.0,762.0,326.0
2.0,1945.0,1056.0,1017.0,1097.0,1065.0,1065.0,712.0,305.0,741.0,315.0
2.0,1986.0,1083.0,1017.0,1065.0,1083.0,1083.0,712.0,305.0,757.0,326.0
2.0,1968.0,989.0,1016.0,1083.0,986.0,986.0,711.0,305.0,692.0,297.0
2.0,2062.0,981.0,1013.0,986.0,972.0,972.0,709.0,304.0,685.0,296.0
2.0,2067.0,917.0,1011.0,972.0,911.0,911.0,708.0,303.0,643.0,274.0
2.0,2122.0,998.0,1011.0,911.0,998.0,998.0,708.0,303.0,699.0,299.0
2.0,2035.0,1103.0,1014.0,998.0,1112.0,1112.0,710.0,304.0,772.0,331.0
2.0,1930.0,1159.0,1020.0,1112.0,1177.0,1177.0,714.0,306.0,812.0,347.0
2.0,1883.0,1076.0,1022.0,1177.0,1082.0,1082.0,715.0,307.0,753.0,323.0
2.0,1984.0,979.0,1021.0,1082.0,976.0,976.0,715.0,306.0,684.0,295.0
2.0,2087.0,1009.0,1020.0,976.0,1006.0,1006.0,714.0,306.0,706.0,303.0
2.0,2054.0,1026.0,1020.0,1006.0,1026.0,1026.0,714.0,306.0,718.0,308.0
2.0,2034.0,1062.0,1023.0,1026.0,1071.0,1071.0,716.0,307.0,745.0,317.0
2.0,1998.0,1079.0,1024.0,1071.0,1082.0,1082.0,717.0,307.0,754.0,325.0
2.0,1990.0,1144.0,1028.0,1082.0,1156.0,1156.0,720.0,308.0,801.0,343.0
2.0,1928.0,1070.0,1029.0,1156.0,1073.0,1073.0,720.0,309.0,749.0,321.0
2.0,2014.0,1003.0,1027.0,1073.0,997.0,997.0,719.0,308.0,702.0,301.0
2.0,2084.0,965.0,1024.0,997.0,956.0,956.0,717.0,307.0,676.0,289.0
2.0,2116.0,957.0,1021.0,956.0,948.0,948.0,715.0,306.0,670.0,287.0
2.0,2115.0,1056.0,1023.0,948.0,1062.0,1062.0,716.0,307.0,740.0,316.0
2.0,2007.0,1168.0,1027.0,1062.0,1180.0,1180.0,719.0,308.0,816.0,352.0
2.0,1901.0,1093.0,1030.0,1180.0,1102.0,1102.0,721.0,309.0,766.0,327.0
2.0,1988.0,1000.0,1029.0,1102.0,997.0,997.0,720.0,309.0,700.0,300.0
2.0,2090.0,1007.0,1029.0,997.0,1007.0,1007.0,720.0,309.0,705.0,302.0
2.0,2080.0,1016.0,1027.0,1007.0,1010.0,1010.0,719.0,308.0,710.0,306.0
2.0,2071.0,946.0,1024.0,1010.0,937.0,937.0,717.0,307.0,663.0,283.0
2.0,2135.0,1053.0,1026.0,937.0,1059.0,1059.0,718.0,308.0,738.0,315.0
2.0,2019.0,1060.0,1027.0,1059.0,1063.0,1063.0,719.0,308.0,741.0,319.0
2.0,2018.0,1145.0,1031.0,1063.0,1157.0,1157.0,722.0,309.0,801.0,344.0
2.0,1936.0,1040.0,1030.0,1157.0,1037.0,1037.0,721.0,309.0,728.0,312.0
2.0,2053.0,978.0,1030.0,1037.0,978.0,978.0,721.0,309.0,687.0,291.0
2.0,2112.0,961.0,1027.0,978.0,952.0,952.0,719.0,308.0,671.0,290.0
2.0,2129.0,971.0,1024.0,952.0,962.0,962.0,717.0,307.0,681.0,290.0
2.0,2110.0,1062.0,1026.0,962.0,1068.0,1068.0,718.0,308.0,742.0,320.0
2.0,2010.0,1088.0,1030.0,1068.0,1100.0,1100.0,721.0,309.0,761.0,327.0
2.0,1990.0,1067.0,1033.0,1100.0,1076.0,1076.0,723.0,310.0,749.0,318.0
2.0,2023.0,1122.0,1036.0,1076.0,1131.0,1131.0,725.0,311.0,785.0,337.0
2.0,1977.0,1084.0,1036.0,1131.0,1084.0,1084.0,725.0,311.0,759.0,325.0
2.0,2024.0,1004.0,1034.0,1084.0,998.0,998.0,724.0,310.0,702.0,302.0
2.0,2104.0,1036.0,1034.0,998.0,1036.0,1036.0,724.0,310.0,725.0,311.0
2.0,2066.0,1044.0,1034.0,1036.0,1044.0,1044.0,724.0,310.0,731.0,313.0
2.0,2058.0,1116.0,1037.0,1044.0,1125.0,1125.0,726.0,311.0,781.0,335.0
2.0,1986.0,1054.0,1039.0,1125.0,1060.0,1060.0,727.0,312.0,739.0,315.0
2.0,2057.0,1057.0,1040.0,1060.0,1060.0,1060.0,728.0,312.0,739.0,318.0
2.0,2060.0,1006.0,1040.0,1060.0,1006.0,1006.0,728.0,312.0,705.0,301.0
2.0,2114.0,974.0,1037.0,1006.0,965.0,965.0,726.0,311.0,681.0,293.0
2.0,2146.0,1034.0,1036.0,965.0,1031.0,1031.0,725.0,311.0,725.0,309.0
2.0,2077.0,1102.0,1039.0,1031.0,1111.0,1111.0,727.0,312.0,771.0,331.0
2.0,2006.0,1160.0,1042.0,1111.0,1169.0,1169.0,729.0,313.0,812.0,348.0
2.0,1957.0,1077.0,1044.0,1169.0,1083.0,1083.0,731.0,313.0,754.0,323.0
2.0,2049.0,1159.0,1047.0,1083.0,1168.0,1168.0,733.0,314.0,811.0,348.0
2.0,1973.0,955.0,1046.0,1168.0,952.0,952.0,732.0,314.0,669.0,286.0
2.0,2186.0,1025.0,1044.0,952.0,1019.0,1019.0,731.0,313.0,718.0,307.0
2.0,2113.0,1012.0,1043.0,1019.0,1009.0,1009.0,730.0,313.0,710.0,302.0
2.0,2120.0,1122.0,1046.0,1009.0,1131.0,1131.0,732.0,314.0,785.0,337.0
2.0,2007.0,1175.0,1050.0,1131.0,1187.0,1187.0,735.0,315.0,822.0,353.0
2.0,1963.0,1062.0,1053.0,1187.0,1071.0,1071.0,737.0,316.0,743.0,319.0
2.0,2088.0,1140.0,1055.0,1071.0,1146.0,1146.0,739.0,316.0,798.0,342.0
2.0,2019.0,1053.0,1054.0,1146.0,1050.0,1050.0,738.0,316.0,736.0,317.0
2.0,2112.0,949.0,1050.0,1050.0,937.0,937.0,735.0,315.0,667.0,282.0
2.0,2213.0,1014.0,1049.0,937.0,1011.0,1011.0,734.0,315.0,709.0,305.0
2.0,2136.0,1110.0,1051.0,1011.0,1116.0,1116.0,736.0,315.0,777.0,333.0
2.0,2037.0,1120.0,1054.0,1116.0,1129.0,1129.0,738.0,316.0,785.0,335.0
2.0,2033.0,1093.0,1054.0,1129.0,1093.0,1093.0,738.0,316.0,764.0,329.0
2.0,2069.0,1094.0,1056.0,1093.0,1100.0,1100.0,739.0,317.0,767.0,327.0
2.0,2068.0,1020.0,1054.0,1100.0,1014.0,1014.0,738.0,316.0,713.0,307.0
2.0,2148.0,1015.0,1051.0,1014.0,1006.0,1006.0,736.0,315.0,711.0,304.0
2.0,2147.0,1017.0,1051.0,1006.0,1017.0,1017.0,736.0,315.0,712.0,305.0
2.0,2136.0,1096.0,1053.0,1017.0,1102.0,1102.0,737.0,316.0,768.0,328.0
2.0,2057.0,1189.0,1057.0,1102.0,1201.0,1201.0,740.0,317.0,833.0,356.0
2.0,1970.0,1126.0,1060.0,1201.0,1135.0,1135.0,742.0,318.0,788.0,338.0
2.0,2045.0,1116.0,1061.0,1135.0,1119.0,1119.0,743.0,318.0,779.0,337.0
2.0,2064.0,1034.0,1059.0,1119.0,1028.0,1028.0,741.0,318.0,725.0,309.0
2.0,2149.0,984.0,1057.0,1028.0,978.0,978.0,740.0,317.0,690.0,294.0
2.0,2193.0,963.0,1056.0,978.0,960.0,960.0,739.0,317.0,673.0,290.0
2.0,2208.0,1090.0,1057.0,960.0,1093.0,1093.0,740.0,317.0,762.0,328.0
2.0,2078.0,1193.0,1061.0,1093.0,1205.0,1205.0,743.0,318.0,835.0,358.0
2.0,1978.0,1218.0,1066.0,1205.0,1233.0,1233.0,746.0,320.0,854.0,364.0
2.0,1965.0,1086.0,1067.0,1233.0,1089.0,1089.0,747.0,320.0,760.0,326.0
2.0,2112.0,1060.0,1067.0,1089.0,1060.0,1060.0,747.0,320.0,742.0,318.0
2.0,2141.0,982.0,1064.0,1060.0,973.0,973.0,745.0,319.0,688.0,294.0
2.0,2219.0,1066.0,1064.0,973.0,1066.0,1066.0,745.0,319.0,745.0,321.0
2.0,2126.0,994.0,1064.0,1066.0,994.0,994.0,745.0,319.0,696.0,298.0
2.0,2198.0,1142.0,1068.0,994.0,1154.0,1154.0,748.0,320.0,799.0,343.0
2.0,2050.0,1215.0,1073.0,1154.0,1230.0,1230.0,751.0,322.0,851.0,364.0
2.0,1989.0,1057.0,1073.0,1230.0,1057.0,1057.0,751.0,322.0,740.0,317.0
2.0,2162.0,1087.0,1073.0,1057.0,1087.0,1087.0,751.0,322.0,761.0,326.0
2.0,2132.0,1043.0,1072.0,1087.0,1040.0,1040.0,750.0,322.0,730.0,313.0
2.0,2176.0,1018.0,1070.0,1040.0,1012.0,1012.0,749.0,321.0,714.0,304.0
2.0,2198.0,1111.0,1070.0,1012.0,1111.0,1111.0,749.0,321.0,778.0,333.0
2.0,2099.0,1126.0,1073.0,1111.0,1135.0,1135.0,751.0,322.0,788.0,338.0
2.0,2084.0,1172.0,1076.0,1135.0,1181.0,1181.0,753.0,323.0,819.0,353.0
2.0,2047.0,1117.0,1077.0,1181.0,1120.0,1120.0,754.0,323.0,783.0,334.0
2.0,2111.0,1100.0,1077.0,1120.0,1100.0,1100.0,754.0,323.0,770.0,330.0
2.0,2131.0,996.0,1076.0,1100.0,993.0,993.0,753.0,323.0,696.0,300.0
2.0,2235.0,1077.0,1076.0,993.0,1077.0,1077.0,753.0,323.0,755.0,322.0
2.0,2151.0,1130.0,1078.0,1077.0,1136.0,1136.0,755.0,323.0,790.0,340.0
2.0,2098.0,1122.0,1081.0,1136.0,1131.0,1131.0,757.0,324.0,785.0,337.0
2.0,2112.0,1206.0,1084.0,1131.0,1215.0,1215.0,759.0,325.0,846.0,360.0
2.0,2037.0,1169.0,1086.0,1215.0,1175.0,1175.0,760.0,326.0,817.0,352.0
2.0,2083.0,1060.0,1084.0,1175.0,1054.0,1054.0,759.0,325.0,743.0,317.0
2.0,2198.0,1038.0,1083.0,1054.0,1035.0,1035.0,758.0,325.0,727.0,311.0
2.0,2214.0,1025.0,1080.0,1035.0,1016.0,1016.0,756.0,324.0,716.0,309.0
2.0,2224.0,1099.0,1083.0,1016.0,1108.0,1108.0,758.0,325.0,771.0,328.0
2.0,2141.0,1104.0,1084.0,1108.0,1107.0,1107.0,759.0,325.0,772.0,332.0
2.0,2145.0,1222.0,1089.0,1107.0,1237.0,1237.0,762.0,327.0,855.0,367.0
2.0,2030.0,1159.0,1090.0,1237.0,1162.0,1162.0,763.0,327.0,812.0,347.0
2.0,2108.0,1085.0,1087.0,1162.0,1076.0,1076.0,761.0,326.0,759.0,326.0
2.0,2185.0,978.0,1086.0,1076.0,975.0,975.0,760.0,326.0,686.0,292.0
2.0,2283.0,1074.0,1084.0,975.0,1068.0,1068.0,759.0,325.0,751.0,323.0
2.0,2184.0,1064.0,1085.0,1068.0,1067.0,1067.0,760.0,325.0,745.0,319.0
2.0,2188.0,1210.0,1090.0,1067.0,1225.0,1225.0,763.0,327.0,849.0,361.0
2.0,2045.0,1203.0,1094.0,1225.0,1215.0,1215.0,766.0,328.0,842.0,361.0
2.0,2067.0,1140.0,1094.0,1215.0,1140.0,1140.0,766.0,328.0,796.0,344.0
2.0,2142.0,1074.0,1093.0,1140.0,1071.0,1071.0,765.0,328.0,754.0,320.0
2.0,2208.0,1056.0,1093.0,1071.0,1056.0,1056.0,765.0,328.0,738.0,318.0
2.0,2223.0,1004.0,1091.0,1056.0,998.0,998.0,764.0,327.0,702.0,302.0
2.0,2275.0,1089.0,1093.0,998.0,1095.0,1095.0,765.0,328.0,763.0,326.0
2.0,2184.0,1159.0,1095.0,1095.0,1165.0,1165.0,767.0,328.0,811.0,348.0
2.0,2120.0,1146.0,1097.0,1165.0,1152.0,1152.0,768.0,329.0,804.0,342.0
2.0,2139.0,1160.0,1099.0,1152.0,1166.0,1166.0,769.0,330.0,810.0,350.0
2.0,2131.0,1051.0,1096.0,1166.0,1042.0,1042.0,767.0,329.0,737.0,314.0
2.0,2246.0,1035.0,1094.0,1042.0,1029.0,1029.0,766.0,328.0,724.0,311.0
2.0,2253.0,1040.0,1093.0,1029.0,1037.0,1037.0,765.0,328.0,729.0,311.0
2.0,2242.0,1066.0,1094.0,1037.0,1069.0,1069.0,766.0,328.0,746.0,320.0
2.0,2213.0,1189.0,1097.0,1069.0,1198.0,1198.0,768.0,329.0,833.0,356.0
2.0,2093.0,1233.0,1103.0,1198.0,1251.0,1251.0,772.0,331.0,862.0,371.0
2.0,2058.0,1113.0,1103.0,1251.0,1113.0,1113.0,772.0,331.0,779.0,334.0
2.0,2196.0,1147.0,1103.0,1113.0,1147.0,1147.0,772.0,331.0,803.0,344.0
2.0,2162.0,1039.0,1099.0,1147.0,1027.0,1027.0,769.0,330.0,728.0,311.0
2.0,2270.0,1030.0,1097.0,1027.0,1024.0,1024.0,768.0,329.0,720.0,310.0
2.0,2267.0,1144.0,1100.0,1024.0,1153.0,1153.0,770.0,330.0,802.0,342.0
2.0,2147.0,1175.0,1103.0,1153.0,1184.0,1184.0,772.0,331.0,823.0,352.0
2.0,2125.0,1173.0,1105.0,1184.0,1179.0,1179.0,774.0,331.0,820.0,353.0
2.0,2136.0,1159.0,1108.0,1179.0,1168.0,1168.0,776.0,332.0,811.0,348.0
2.0,2156.0,1112.0,1107.0,1168.0,1109.0,1109.0,775.0,332.0,778.0,334.0
2.0,2212.0,1027.0,1104.0,1109.0,1018.0,1018.0,773.0,331.0,719.0,308.0
2.0,2294.0,1057.0,1104.0,1018.0,1057.0,1057.0,773.0,331.0,740.0,317.0
2.0,2255.0,1134.0,1105.0,1057.0,1137.0,1137.0,774.0,331.0,794.0,340.0
2.0,2178.0,1139.0,1107.0,1137.0,1145.0,1145.0,775.0,332.0,798.0,341.0
2.0,2176.0,1176.0,1110.0,1145.0,1185.0,1185.0,777.0,333.0,823.0,353.0
2.0,2145.0,1137.0,1110.0,1185.0,1137.0,1137.0,777.0,333.0,797.0,340.0
2.0,2193.0,1107.0,1110.0,1137.0,1107.0,1107.0,777.0,333.0,775.0,332.0
2.0,2223.0,1148.0,1110.0,1107.0,1148.0,1148.0,777.0,333.0,803.0,345.0
2.0,2182.0,1036.0,1108.0,1148.0,1030.0,1030.0,776.0,332.0,724.0,312.0
2.0,2294.0,1062.0,1107.0,1030.0,1059.0,1059.0,775.0,332.0,743.0,319.0
2.0,2262.0,1146.0,1110.0,1059.0,1155.0,1155.0,777.0,333.0,804.0,342.0
2.0,2175.0,1213.0,1113.0,1155.0,1222.0,1222.0,779.0,334.0,849.0,364.0
2.0,2117.0,1126.0,1113.0,1222.0,1126.0,1126.0,779.0,334.0,788.0,338.0
2.0,2213.0,1078.0,1111.0,1126.0,1072.0,1072.0,778.0,333.0,754.0,324.0
2.0,2261.0,1003.0,1108.0,1072.0,994.0,994.0,776.0,332.0,702.0,301.0
2.0,2330.0,1137.0,1107.0,994.0,1134.0,1134.0,775.0,332.0,795.0,342.0
2.0,2187.0,1130.0,1109.0,1134.0,1136.0,1136.0,776.0,333.0,792.0,338.0
2.0,2191.0,1190.0,1111.0,1136.0,1196.0,1196.0,778.0,333.0,833.0,357.0
2.0,2137.0,1176.0,1114.0,1196.0,1185.0,1185.0,780.0,334.0,823.0,353.0
2.0,2157.0,1178.0,1116.0,1185.0,1184.0,1184.0,781.0,335.0,826.0,352.0
2.0,2164.0,1090.0,1116.0,1184.0,1090.0,1090.0,781.0,335.0,763.0,327.0
2.0,2258.0,1114.0,1114.0,1090.0,1108.0,1108.0,780.0,334.0,779.0,335.0
2.0,2234.0,1051.0,1111.0,1108.0,1042.0,1042.0,778.0,333.0,736.0,315.0
2.0,2291.0,1145.0,1113.0,1042.0,1151.0,1151.0,779.0,334.0,802.0,343.0
2.0,2188.0,1243.0,1118.0,1151.0,1258.0,1258.0,783.0,335.0,869.0,374.0
2.0,2096.0,1179.0,1120.0,1258.0,1185.0,1185.0,784.0,336.0,827.0,352.0
2.0,2175.0,1187.0,1123.0,1185.0,1196.0,1196.0,786.0,337.0,830.0,357.0
2.0,2173.0,1028.0,1119.0,1196.0,1016.0,1016.0,783.0,336.0,720.0,308.0
2.0,2341.0,1036.0,1116.0,1016.0,1027.0,1027.0,781.0,335.0,726.0,310.0
2.0,2321.0,1068.0,1114.0,1027.0,1062.0,1062.0,780.0,334.0,747.0,321.0
2.0,2280.0,1104.0,1114.0,1062.0,1104.0,1104.0,780.0,334.0,773.0,331.0
2.0,2238.0,1241.0,1118.0,1104.0,1253.0,1253.0,783.0,335.0,869.0,372.0
2.0,2101.0,1216.0,1123.0,1253.0,1231.0,1231.0,786.0,337.0,851.0,365.0
2.0,2138.0,1200.0,1124.0,1231.0,1203.0,1203.0,787.0,337.0,840.0,360.0
2.0,2169.0,1155.0,1124.0,1203.0,1155.0,1155.0,787.0,337.0,809.0,346.0
2.0,2217.0,1072.0,1123.0,1155.0,1069.0,1069.0,786.0,337.0,752.0,320.0
2.0,2300.0,1120.0,1123.0,1069.0,1120.0,1120.0,786.0,337.0,784.0,336.0
2.0,2249.0,1108.0,1123.0,1120.0,1108.0,1108.0,786.0,337.0,776.0,332.0
2.0,2261.0,1199.0,1127.0,1108.0,1211.0,1211.0,789.0,338.0,839.0,360.0
2.0,2170.0,1242.0,1130.0,1211.0,1251.0,1251.0,791.0,339.0,870.0,372.0
2.0,2139.0,1232.0,1134.0,1251.0,1244.0,1244.0,794.0,340.0,862.0,370.0
2.0,2158.0,1174.0,1133.0,1244.0,1171.0,1171.0,793.0,340.0,822.0,352.0
2.0,2228.0,1060.0,1130.0,1171.0,1051.0,1051.0,791.0,339.0,742.0,318.0
2.0,2339.0,1091.0,1130.0,1051.0,1091.0,1091.0,791.0,339.0,764.0,327.0
2.0,2299.0,1199.0,1130.0,1091.0,1199.0,1199.0,791.0,339.0,837.0,362.0
2.0,2191.0,1206.0,1134.0,1199.0,1218.0,1218.0,794.0,340.0,846.0,360.0
2.0,2184.0,1248.0,1138.0,1218.0,1260.0,1260.0,797.0,341.0,872.0,376.0
2.0,2154.0,1204.0,1139.0,1260.0,1207.0,1207.0,797.0,342.0,844.0,360.0
2.0,2210.0,1065.0,1137.0,1207.0,1059.0,1059.0,796.0,341.0,747.0,318.0
2.0,2352.0,1078.0,1135.0,1059.0,1072.0,1072.0,795.0,340.0,753.0,325.0
2.0,2333.0,1117.0,1134.0,1072.0,1114.0,1114.0,794.0,340.0,782.0,335.0
2.0,2288.0,1104.0,1134.0,1114.0,1104.0,1104.0,794.0,340.0,773.0,331.0
2.0,2298.0,1188.0,1137.0,1104.0,1197.0,1197.0,796.0,341.0,831.0,357.0
2.0,2214.0,1279.0,1141.0,1197.0,1291.0,1291.0,799.0,342.0,896.0,383.0
2.0,2132.0,1153.0,1141.0,1291.0,1153.0,1153.0,799.0,342.0,807.0,346.0
2.0,2270.0,1087.0,1141.0,1153.0,1087.0,1087.0,799.0,342.0,760.0,327.0
2.0,2336.0,1049.0,1138.0,1087.0,1040.0,1040.0,797.0,341.0,736.0,313.0
2.0,2374.0,1113.0,1138.0,1040.0,1113.0,1113.0,797.0,341.0,779.0,334.0
2.0,2301.0,1161.0,1139.0,1113.0,1164.0,1164.0,797.0,342.0,813.0,348.0
2.0,2253.0,1259.0,1141.0,1164.0,1265.0,1265.0,799.0,342.0,881.0,378.0
2.0,2158.0,1225.0,1144.0,1265.0,1234.0,1234.0,801.0,343.0,857.0,368.0
2.0,2198.0,1183.0,1147.0,1234.0,1192.0,1192.0,803.0,344.0,830.0,353.0
2.0,2249.0,1104.0,1146.0,1192.0,1101.0,1101.0,802.0,344.0,772.0,332.0
2.0,2337.0,1134.0,1144.0,1101.0,1128.0,1128.0,801.0,343.0,793.0,341.0
2.0,2304.0,1119.0,1144.0,1128.0,1119.0,1119.0,801.0,343.0,783.0,336.0
2.0,2313.0,1129.0,1146.0,1119.0,1135.0,1135.0,802.0,344.0,791.0,338.0
2.0,2303.0,1235.0,1150.0,1135.0,1247.0,1247.0,805.0,345.0,865.0,370.0
2.0,2203.0,1216.0,1151.0,1247.0,1219.0,1219.0,806.0,345.0,849.0,367.0
2.0,2234.0,1256.0,1154.0,1219.0,1265.0,1265.0,808.0,346.0,881.0,375.0
2.0,2197.0,1173.0,1154.0,1265.0,1173.0,1173.0,808.0,346.0,821.0,352.0
2.0,2289.0,1139.0,1153.0,1173.0,1136.0,1136.0,807.0,346.0,797.0,342.0
2.0,2323.0,1114.0,1151.0,1136.0,1108.0,1108.0,806.0,345.0,779.0,335.0
2.0,2345.0,1180.0,1154.0,1108.0,1189.0,1189.0,808.0,346.0,827.0,353.0
2.0,2273.0,1219.0,1156.0,1189.0,1225.0,1225.0,809.0,347.0,852.0,367.0
2.0,2243.0,1219.0,1159.0,1225.0,1228.0,1228.0,811.0,348.0,853.0,366.0
2.0,2249.0,1222.0,1160.0,1228.0,1225.0,1225.0,812.0,348.0,856.0,366.0
2.0,2255.0,1087.0,1157.0,1225.0,1078.0,1078.0,810.0,347.0,762.0,325.0
2.0,2393.0,1094.0,1156.0,1078.0,1091.0,1091.0,809.0,347.0,765.0,329.0
2.0,2377.0,1131.0,1154.0,1091.0,1125.0,1125.0,808.0,346.0,791.0,340.0
2.0,2337.0,1167.0,1157.0,1125.0,1176.0,1176.0,810.0,347.0,819.0,348.0
2.0,2295.0,1285.0,1162.0,1176.0,1300.0,1300.0,813.0,349.0,898.0,387.0
2.0,2186.0,1250.0,1166.0,1300.0,1262.0,1262.0,816.0,350.0,875.0,375.0
2.0,2236.0,1187.0,1167.0,1262.0,1190.0,1190.0,817.0,350.0,832.0,355.0
2.0,2311.0,1112.0,1164.0,1190.0,1103.0,1103.0,815.0,349.0,777.0,335.0
2.0,2389.0,1064.0,1161.0,1103.0,1055.0,1055.0,813.0,348.0,746.0,318.0
2.0,2428.0,1048.0,1159.0,1055.0,1042.0,1042.0,811.0,348.0,734.0,314.0
2.0,2435.0,1149.0,1159.0,1042.0,1149.0,1149.0,811.0,348.0,804.0,345.0
2.0,2328.0,1213.0,1161.0,1149.0,1219.0,1219.0,813.0,348.0,848.0,365.0
2.0,2264.0,1223.0,1163.0,1219.0,1229.0,1229.0,814.0,349.0,858.0,365.0
2.0,2260.0,1202.0,1166.0,1229.0,1211.0,1211.0,816.0,350.0,840.0,362.0
2.0,2287.0,1122.0,1164.0,1211.0,1116.0,1116.0,815.0,349.0,787.0,335.0
2.0,2376.0,1091.0,1161.0,1116.0,1082.0,1082.0,813.0,348.0,762.0,329.0
2.0,2401.0,1157.0,1160.0,1082.0,1154.0,1154.0,812.0,348.0,811.0,346.0
2.0,2326.0,1183.0,1160.0,1154.0,1183.0,1183.0,812.0,348.0,829.0,354.0
2.0,2297.0,1257.0,1163.0,1183.0,1266.0,1266.0,814.0,349.0,880.0,377.0
2.0,2223.0,1275.0,1167.0,1266.0,1287.0,1287.0,817.0,350.0,892.0,383.0
2.0,2214.0,1141.0,1166.0,1287.0,1138.0,1138.0,816.0,350.0,799.0,342.0
2.0,2360.0,1116.0,1164.0,1138.0,1110.0,1110.0,815.0,349.0,780.0,336.0
2.0,2382.0,1100.0,1161.0,1110.0,1091.0,1091.0,813.0,348.0,770.0,330.0
2.0,2392.0,1098.0,1159.0,1091.0,1092.0,1092.0,811.0,348.0,770.0,328.0
2.0,2385.0,1232.0,1163.0,1092.0,1244.0,1244.0,814.0,349.0,862.0,370.0
2.0,2245.0,1199.0,1164.0,1244.0,1202.0,1202.0,815.0,349.0,838.0,361.0
2.0,2290.0,1226.0,1167.0,1202.0,1235.0,1235.0,817.0,350.0,859.0,367.0
2.0,2266.0,1279.0,1170.0,1235.0,1288.0,1288.0,819.0,351.0,896.0,383.0
2.0,2222.0,1153.0,1170.0,1288.0,1153.0,1153.0,819.0,351.0,806.0,347.0
2.0,2357.0,1144.0,1167.0,1153.0,1135.0,1135.0,817.0,350.0,800.0,344.0
2.0,2366.0,1115.0,1166.0,1135.0,1112.0,1112.0,816.0,350.0,782.0,333.0
2.0,2386.0,1177.0,1168.0,1112.0,1183.0,1183.0,818.0,350.0,823.0,354.0
2.0,2321.0,1256.0,1172.0,1183.0,1268.0,1268.0,820.0,352.0,880.0,376.0
2.0,2248.0,1275.0,1174.0,1268.0,1281.0,1281.0,822.0,352.0,892.0,383.0
2.0,2241.0,1158.0,1174.0,1281.0,1158.0,1158.0,822.0,352.0,811.0,347.0
2.0,2364.0,1165.0,1173.0,1158.0,1162.0,1162.0,821.0,352.0,817.0,348.0
2.0,2357.0,1113.0,1171.0,1162.0,1107.0,1107.0,820.0,351.0,778.0,335.0
2.0,2406.0,1188.0,1171.0,1107.0,1188.0,1188.0,820.0,351.0,832.0,356.0
2.0,2325.0,1252.0,1174.0,1188.0,1261.0,1261.0,822.0,352.0,876.0,376.0
2.0,2261.0,1171.0,1174.0,1261.0,1171.0,1171.0,822.0,352.0,820.0,351.0
2.0,2351.0,1227.0,1177.0,1171.0,1236.0,1236.0,824.0,353.0,860.0,367.0
2.0,2295.0,1219.0,1178.0,1236.0,1222.0,1222.0,825.0,353.0,853.0,366.0
2.0,2312.0,1254.0,1179.0,1222.0,1257.0,1257.0,825.0,354.0,878.0,376.0
2.0,2280.0,1111.0,1177.0,1257.0,1105.0,1105.0,824.0,353.0,779.0,332.0
2.0,2426.0,1151.0,1174.0,1105.0,1142.0,1142.0,822.0,352.0,804.0,347.0
2.0,2380.0,1180.0,1174.0,1142.0,1180.0,1180.0,822.0,352.0,827.0,353.0
2.0,2342.0,1302.0,1178.0,1180.0,1314.0,1314.0,825.0,353.0,911.0,391.0
2.0,2220.0,1283.0,1181.0,1314.0,1292.0,1292.0,827.0,354.0,898.0,385.0
2.0,2251.0,1243.0,1183.0,1292.0,1249.0,1249.0,828.0,355.0,871.0,372.0
2.0,2300.0,1201.0,1183.0,1249.0,1201.0,1201.0,828.0,355.0,840.0,361.0
2.0,2348.0,1118.0,1180.0,1201.0,1109.0,1109.0,826.0,354.0,782.0,336.0
2.0,2431.0,1111.0,1178.0,1109.0,1105.0,1105.0,825.0,353.0,779.0,332.0
2.0,2429.0,1207.0,1180.0,1105.0,1213.0,1213.0,826.0,354.0,844.0,363.0
2.0,2327.0,1281.0,1184.0,1213.0,1293.0,1293.0,829.0,355.0,897.0,384.0
2.0,2259.0,1244.0,1186.0,1293.0,1250.0,1250.0,830.0,356.0,872.0,372.0
2.0,2308.0,1270.0,1188.0,1250.0,1276.0,1276.0,832.0,356.0,888.0,382.0
2.0,2288.0,1163.0,1186.0,1276.0,1157.0,1157.0,830.0,356.0,815.0,348.0
2.0,2401.0,1156.0,1184.0,1157.0,1150.0,1150.0,829.0,355.0,808.0,348.0
2.0,2402.0,1151.0,1183.0,1150.0,1148.0,1148.0,828.0,355.0,806.0,345.0
2.0,2401.0,1244.0,1186.0,1148.0,1253.0,1253.0,830.0,356.0,872.0,372.0
2.0,2305.0,1272.0,1190.0,1253.0,1284.0,1284.0,833.0,357.0,891.0,381.0
2.0,2286.0,1288.0,1194.0,1284.0,1300.0,1300.0,836.0,358.0,900.0,388.0
2.0,2282.0,1289.0,1197.0,1300.0,1298.0,1298.0,838.0,359.0,903.0,386.0
2.0,2293.0,1185.0,1197.0,1298.0,1185.0,1185.0,838.0,359.0,830.0,355.0
2.0,2406.0,1107.0,1194.0,1185.0,1098.0,1098.0,836.0,358.0,774.0,333.0
2.0,2484.0,1102.0,1193.0,1098.0,1099.0,1099.0,835.0,358.0,773.0,329.0
2.0,2480.0,1212.0,1194.0,1099.0,1215.0,1215.0,836.0,358.0,847.0,365.0
2.0,2367.0,1300.0,1198.0,1215.0,1312.0,1312.0,839.0,359.0,910.0,390.0
2.0,2282.0,1250.0,1200.0,1312.0,1256.0,1256.0,840.0,360.0,876.0,374.0
2.0,2344.0,1214.0,1200.0,1256.0,1214.0,1214.0,840.0,360.0,851.0,363.0
2.0,2386.0,1207.0,1200.0,1214.0,1207.0,1207.0,840.0,360.0,844.0,363.0
2.0,2393.0,1141.0,1197.0,1207.0,1132.0,1132.0,838.0,359.0,800.0,341.0
2.0,2459.0,1124.0,1197.0,1132.0,1124.0,1124.0,838.0,359.0,786.0,338.0
2.0,2467.0,1235.0,1199.0,1124.0,1241.0,1241.0,839.0,360.0,864.0,371.0
2.0,2356.0,1262.0,1203.0,1241.0,1274.0,1274.0,842.0,361.0,883.0,379.0
2.0,2335.0,1267.0,1206.0,1274.0,1276.0,1276.0,844.0,362.0,887.0,380.0
2.0,2342.0,1201.0,1204.0,1276.0,1195.0,1195.0,843.0,361.0,841.0,360.0
2.0,2417.0,1157.0,1204.0,1195.0,1157.0,1157.0,843.0,361.0,811.0,346.0
2.0,2455.0,1175.0,1203.0,1157.0,1172.0,1172.0,842.0,361.0,823.0,352.0
2.0,2437.0,1171.0,1201.0,1172.0,1165.0,1165.0,841.0,360.0,818.0,353.0
2.0,2438.0,1211.0,1201.0,1165.0,1211.0,1211.0,841.0,360.0,849.0,362.0
2.0,2392.0,1299.0,1205.0,1211.0,1311.0,1311.0,844.0,361.0,909.0,390.0
2.0,2304.0,1265.0,1208.0,1311.0,1274.0,1274.0,846.0,362.0,885.0,380.0
2.0,2350.0,1230.0,1209.0,1274.0,1233.0,1233.0,846.0,363.0,862.0,368.0
2.0,2394.0,1178.0,1207.0,1233.0,1172.0,1172.0,845.0,362.0,826.0,352.0
2.0,2449.0,1221.0,1207.0,1172.0,1221.0,1221.0,845.0,362.0,854.0,367.0
2.0,2400.0,1239.0,1208.0,1221.0,1242.0,1242.0,846.0,362.0,866.0,373.0
2.0,2382.0,1253.0,1210.0,1242.0,1259.0,1259.0,847.0,363.0,878.0,375.0
2.0,2371.0,1302.0,1213.0,1259.0,1311.0,1311.0,849.0,364.0,912.0,390.0
2.0,2328.0,1350.0,1217.0,1311.0,1362.0,1362.0,852.0,365.0,945.0,405.0
2.0,2289.0,1230.0,1216.0,1362.0,1227.0,1227.0,851.0,365.0,861.0,369.0
2.0,2421.0,1224.0,1217.0,1227.0,1227.0,1227.0,852.0,365.0,857.0,367.0
2.0,2424.0,1144.0,1215.0,1227.0,1138.0,1138.0,851.0,364.0,800.0,344.0
2.0,2507.0,1113.0,1213.0,1138.0,1107.0,1107.0,849.0,364.0,780.0,333.0
2.0,2532.0,1206.0,1213.0,1107.0,1206.0,1206.0,849.0,364.0,843.0,363.0
2.0,2433.0,1350.0,1217.0,1206.0,1362.0,1362.0,852.0,365.0,946.0,404.0
2.0,2289.0,1246.0,1219.0,1362.0,1252.0,1252.0,853.0,366.0,871.0,375.0
2.0,2405.0,1246.0,1220.0,1252.0,1249.0,1249.0,854.0,366.0,873.0,373.0
2.0,2411.0,1204.0,1218.0,1249.0,1198.0,1198.0,853.0,365.0,842.0,362.0
2.0,2456.0,1137.0,1216.0,1198.0,1131.0,1131.0,851.0,365.0,796.0,341.0
2.0,2517.0,1196.0,1214.0,1131.0,1190.0,1190.0,850.0,364.0,837.0,359.0
2.0,2452.0,1260.0,1216.0,1190.0,1266.0,1266.0,851.0,365.0,883.0,377.0
2.0,2382.0,1289.0,1219.0,1266.0,1298.0,1298.0,853.0,366.0,902.0,387.0
2.0,2359.0,1386.0,1224.0,1298.0,1401.0,1401.0,857.0,367.0,971.0,415.0
2.0,2271.0,1294.0,1226.0,1401.0,1300.0,1300.0,858.0,368.0,905.0,389.0
2.0,2378.0,1158.0,1223.0,1300.0,1149.0,1149.0,856.0,367.0,812.0,346.0
2.0,2520.0,1144.0,1221.0,1149.0,1138.0,1138.0,855.0,366.0,800.0,344.0
2.0,2525.0,1198.0,1220.0,1138.0,1195.0,1195.0,854.0,366.0,840.0,358.0
2.0,2465.0,1204.0,1221.0,1195.0,1207.0,1207.0,855.0,366.0,841.0,363.0
2.0,2456.0,1304.0,1224.0,1207.0,1313.0,1313.0,857.0,367.0,915.0,389.0
2.0,2359.0,1315.0,1227.0,1313.0,1324.0,1324.0,859.0,368.0,920.0,395.0
2.0,2357.0,1233.0,1227.0,1324.0,1233.0,1233.0,859.0,368.0,863.0,370.0
2.0,2448.0,1180.0,1225.0,1233.0,1174.0,1174.0,858.0,367.0,825.0,355.0
2.0,2501.0,1217.0,1224.0,1174.0,1214.0,1214.0,857.0,367.0,853.0,364.0
2.0,2458.0,1184.0,1221.0,1214.0,1175.0,1175.0,855.0,366.0,828.0,356.0
2.0,2488.0,1236.0,1223.0,1175.0,1242.0,1242.0,856.0,367.0,866.0,370.0
2.0,2427.0,1340.0,1227.0,1242.0,1352.0,1352.0,859.0,368.0,939.0,401.0
2.0,2329.0,1322.0,1231.0,1352.0,1334.0,1334.0,862.0,369.0,923.0,399.0
2.0,2359.0,1305.0,1233.0,1334.0,1311.0,1311.0,863.0,370.0,915.0,390.0
2.0,2388.0,1230.0,1231.0,1311.0,1224.0,1224.0,862.0,369.0,860.0,370.0
2.0,2469.0,1179.0,1230.0,1224.0,1176.0,1176.0,861.0,369.0,827.0,352.0
2.0,2514.0,1286.0,1231.0,1176.0,1289.0,1289.0,862.0,369.0,899.0,387.0
2.0,2404.0,1280.0,1233.0,1289.0,1286.0,1286.0,863.0,370.0,897.0,383.0
2.0,2413.0,1293.0,1236.0,1286.0,1302.0,1302.0,865.0,371.0,905.0,388.0
2.0,2406.0,1402.0,1241.0,1302.0,1417.0,1417.0,869.0,372.0,980.0,422.0
2.0,2306.0,1263.0,1241.0,1417.0,1263.0,1263.0,869.0,372.0,885.0,378.0
2.0,2460.0,1187.0,1240.0,1263.0,1184.0,1184.0,868.0,372.0,832.0,355.0
2.0,2536.0,1177.0,1239.0,1184.0,1174.0,1174.0,867.0,372.0,823.0,354.0
2.0,2543.0,1241.0,1240.0,1174.0,1244.0,1244.0,868.0,372.0,869.0,372.0
2.0,2476.0,1249.0,1241.0,1244.0,1252.0,1252.0,869.0,372.0,873.0,376.0
2.0,2471.0,1290.0,1243.0,1252.0,1296.0,1296.0,870.0,373.0,905.0,385.0
2.0,2433.0,1348.0,1247.0,1296.0,1360.0,1360.0,873.0,374.0,943.0,405.0
2.0,2381.0,1286.0,1248.0,1360.0,1289.0,1289.0,874.0,374.0,899.0,387.0
2.0,2455.0,1235.0,1247.0,1289.0,1232.0,1232.0,873.0,374.0,866.0,369.0
2.0,2509.0,1171.0,1246.0,1232.0,1168.0,1168.0,872.0,374.0,819.0,352.0
2.0,2570.0,1254.0,1246.0,1168.0,1254.0,1254.0,872.0,374.0,879.0,375.0
2.0,2484.0,1230.0,1247.0,1254.0,1233.0,1233.0,873.0,374.0,861.0,369.0
2.0,2508.0,1323.0,1249.0,1233.0,1329.0,1329.0,874.0,375.0,925.0,398.0
2.0,2418.0,1310.0,1250.0,1329.0,1313.0,1313.0,875.0,375.0,918.0,392.0
2.0,2437.0,1279.0,1250.0,1313.0,1279.0,1279.0,875.0,375.0,896.0,383.0
2.0,2471.0,1255.0,1250.0,1279.0,1255.0,1255.0,875.0,375.0,878.0,377.0
2.0,2495.0,1128.0,1246.0,1255.0,1116.0,1116.0,872.0,374.0,790.0,338.0
2.0,2622.0,1227.0,1246.0,1116.0,1227.0,1227.0,872.0,374.0,859.0,368.0
2.0,2511.0,1266.0,1246.0,1227.0,1266.0,1266.0,872.0,374.0,886.0,380.0
2.0,2472.0,1365.0,1250.0,1266.0,1377.0,1377.0,875.0,375.0,956.0,409.0
2.0,2373.0,1336.0,1254.0,1377.0,1348.0,1348.0,878.0,376.0,934.0,402.0
2.0,2414.0,1313.0,1257.0,1348.0,1322.0,1322.0,880.0,377.0,920.0,393.0
2.0,2449.0,1260.0,1255.0,1322.0,1254.0,1254.0,879.0,376.0,881.0,379.0
2.0,2511.0,1213.0,1254.0,1254.0,1210.0,1210.0,878.0,376.0,849.0,364.0
2.0,2552.0,1187.0,1253.0,1210.0,1184.0,1184.0,877.0,376.0,832.0,355.0
2.0,2575.0,1254.0,1254.0,1184.0,1257.0,1257.0,878.0,376.0,877.0,377.0
2.0,2505.0,1356.0,1258.0,1257.0,1368.0,1368.0,881.0,377.0,949.0,407.0
2.0,2406.0,1345.0,1261.0,1368.0,1354.0,1354.0,883.0,378.0,941.0,404.0
2.0,2429.0,1298.0,1262.0,1354.0,1301.0,1301.0,883.0,379.0,910.0,388.0
2.0,2485.0,1290.0,1263.0,1301.0,1293.0,1293.0,884.0,379.0,903.0,387.0
2.0,2496.0,1211.0,1259.0,1293.0,1199.0,1199.0,881.0,378.0,848.0,363.0
2.0,2578.0,1241.0,1257.0,1199.0,1235.0,1235.0,880.0,377.0,868.0,373.0
2.0,2536.0,1307.0,1260.0,1235.0,1316.0,1316.0,882.0,378.0,917.0,390.0
2.0,2464.0,1366.0,1264.0,1316.0,1378.0,1378.0,885.0,379.0,955.0,411.0
2.0,2414.0,1340.0,1267.0,1378.0,1349.0,1349.0,887.0,380.0,939.0,401.0
2.0,2452.0,1274.0,1269.0,1349.0,1280.0,1280.0,888.0,381.0,891.0,383.0
2.0,2527.0,1337.0,1270.0,1280.0,1340.0,1340.0,889.0,381.0,937.0,400.0
2.0,2470.0,1171.0,1267.0,1340.0,1162.0,1162.0,887.0,380.0,820.0,351.0
2.0,2639.0,1227.0,1267.0,1162.0,1227.0,1227.0,887.0,380.0,859.0,368.0
2.0,2574.0,1326.0,1270.0,1227.0,1335.0,1335.0,889.0,381.0,928.0,398.0
2.0,2475.0,1345.0,1272.0,1335.0,1351.0,1351.0,890.0,382.0,940.0,405.0
2.0,2465.0,1306.0,1274.0,1351.0,1312.0,1312.0,892.0,382.0,916.0,390.0
2.0,2510.0,1291.0,1276.0,1312.0,1297.0,1297.0,893.0,383.0,903.0,388.0
2.0,2531.0,1284.0,1274.0,1297.0,1278.0,1278.0,892.0,382.0,900.0,384.0
2.0,2544.0,1240.0,1273.0,1278.0,1237.0,1237.0,891.0,382.0,867.0,373.0
2.0,2582.0,1250.0,1271.0,1237.0,1244.0,1244.0,890.0,381.0,875.0,375.0
2.0,2569.0,1294.0,1273.0,1244.0,1300.0,1300.0,891.0,382.0,906.0,388.0
2.0,2519.0,1383.0,1277.0,1300.0,1395.0,1395.0,894.0,383.0,969.0,414.0
2.0,2436.0,1410.0,1279.0,1395.0,1416.0,1416.0,895.0,384.0,987.0,423.0
2.0,2421.0,1316.0,1280.0,1416.0,1319.0,1319.0,896.0,384.0,921.0,395.0
2.0,2521.0,1283.0,1280.0,1319.0,1283.0,1283.0,896.0,384.0,898.0,385.0
2.0,2557.0,1182.0,1276.0,1283.0,1170.0,1170.0,893.0,383.0,827.0,355.0
2.0,2658.0,1264.0,1276.0,1170.0,1264.0,1264.0,893.0,383.0,886.0,378.0
2.0,2564.0,1339.0,1278.0,1264.0,1345.0,1345.0,895.0,383.0,936.0,403.0
2.0,2489.0,1319.0,1281.0,1345.0,1328.0,1328.0,897.0,384.0,923.0,396.0
2.0,2515.0,1389.0,1284.0,1328.0,1398.0,1398.0,899.0,385.0,974.0,415.0
2.0,2454.0,1337.0,1286.0,1398.0,1343.0,1343.0,900.0,386.0,935.0,402.0
2.0,2515.0,1304.0,1286.0,1343.0,1304.0,1304.0,900.0,386.0,913.0,391.0
2.0,2554.0,1249.0,1284.0,1304.0,1243.0,1243.0,899.0,385.0,876.0,373.0
2.0,2609.0,1223.0,1283.0,1243.0,1220.0,1220.0,898.0,385.0,856.0,367.0
2.0,2629.0,1333.0,1284.0,1220.0,1336.0,1336.0,899.0,385.0,932.0,401.0
2.0,2516.0,1297.0,1287.0,1336.0,1306.0,1306.0,901.0,386.0,909.0,388.0
2.0,2555.0,1395.0,1290.0,1306.0,1404.0,1404.0,903.0,387.0,976.0,419.0
2.0,2466.0,1317.0,1291.0,1404.0,1320.0,1320.0,904.0,387.0,921.0,396.0
2.0,2553.0,1282.0,1291.0,1320.0,1282.0,1282.0,904.0,387.0,900.0,382.0
2.0,2591.0,1273.0,1290.0,1282.0,1270.0,1270.0,903.0,387.0,890.0,383.0
2.0,2600.0,1306.0,1290.0,1270.0,1306.0,1306.0,903.0,387.0,915.0,391.0
2.0,2564.0,1360.0,1293.0,1306.0,1369.0,1369.0,905.0,388.0,951.0,409.0
2.0,2510.0,1400.0,1297.0,1369.0,1412.0,1412.0,908.0,389.0,981.0,419.0
2.0,2479.0,1402.0,1301.0,1412.0,1414.0,1414.0,911.0,390.0,982.0,420.0
2.0,2489.0,1307.0,1301.0,1414.0,1307.0,1307.0,911.0,390.0,913.0,394.0
2.0,2596.0,1237.0,1300.0,1307.0,1234.0,1234.0,910.0,390.0,867.0,370.0
2.0,2666.0,1241.0,1297.0,1234.0,1232.0,1232.0,908.0,389.0,870.0,371.0
2.0,2659.0,1271.0,1297.0,1232.0,1271.0,1271.0,908.0,389.0,889.0,382.0
2.0,2620.0,1296.0,1297.0,1271.0,1296.0,1296.0,908.0,389.0,908.0,388.0
2.0,2595.0,1392.0,1301.0,1296.0,1404.0,1404.0,911.0,390.0,974.0,418.0
2.0,2499.0,1342.0,1304.0,1404.0,1351.0,1351.0,913.0,391.0,939.0,403.0
2.0,2561.0,1271.0,1304.0,1351.0,1271.0,1271.0,913.0,391.0,890.0,381.0
2.0,2641.0,1304.0,1303.0,1271.0,1301.0,1301.0,912.0,391.0,913.0,391.0
2.0,2608.0,1241.0,1301.0,1301.0,1235.0,1235.0,911.0,390.0,867.0,374.0
2.0,2668.0,1246.0,1300.0,1235.0,1243.0,1243.0,910.0,390.0,874.0,372.0
2.0,2657.0,1314.0,1301.0,1243.0,1317.0,1317.0,911.0,390.0,920.0,394.0
2.0,2586.0,1366.0,1304.0,1317.0,1375.0,1375.0,913.0,391.0,956.0,410.0
2.0,2537.0,1430.0,1307.0,1375.0,1439.0,1439.0,915.0,392.0,1001.0,429.0
2.0,2482.0,1317.0,1307.0,1439.0,1317.0,1317.0,915.0,392.0,922.0,395.0
2.0,2604.0,1303.0,1306.0,1317.0,1300.0,1300.0,914.0,392.0,912.0,391.0
2.0,2618.0,1204.0,1304.0,1300.0,1198.0,1198.0,913.0,391.0,843.0,361.0
2.0,2714.0,1277.0,1304.0,1198.0,1277.0,1277.0,913.0,391.0,894.0,383.0
2.0,2635.0,1363.0,1304.0,1277.0,1363.0,1363.0,913.0,391.0,953.0,410.0
2.0,2549.0,1317.0,1307.0,1363.0,1326.0,1326.0,915.0,392.0,923.0,394.0
2.0,2595.0,1405.0,1310.0,1326.0,1414.0,1414.0,917.0,393.0,984.0,421.0
2.0,2516.0,1371.0,1311.0,1414.0,1374.0,1374.0,918.0,393.0,958.0,413.0
2.0,2559.0,1251.0,1310.0,1374.0,1248.0,1248.0,917.0,393.0,877.0,374.0
2.0,2682.0,1251.0,1308.0,1248.0,1245.0,1245.0,916.0,392.0,876.0,375.0
2.0,2679.0,1265.0,1308.0,1245.0,1265.0,1265.0,916.0,392.0,885.0,380.0
2.0,2659.0,1339.0,1309.0,1265.0,1342.0,1342.0,916.0,393.0,938.0,401.0
2.0,2585.0,1342.0,1311.0,1342.0,1348.0,1348.0,918.0,393.0,938.0,404.0
2.0,2585.0,1455.0,1315.0,1348.0,1467.0,1467.0,921.0,394.0,1019.0,436.0
2.0,2478.0,1380.0,1317.0,1467.0,1386.0,1386.0,922.0,395.0,967.0,413.0
2.0,2565.0,1278.0,1314.0,1386.0,1269.0,1269.0,920.0,394.0,894.0,384.0
2.0,2673.0,1239.0,1311.0,1269.0,1230.0,1230.0,918.0,393.0,868.0,371.0
2.0,2703.0,1267.0,1310.0,1230.0,1264.0,1264.0,917.0,393.0,888.0,379.0
2.0,2666.0,1302.0,1311.0,1264.0,1305.0,1305.0,918.0,393.0,909.0,393.0
2.0,2628.0,1431.0,1316.0,1305.0,1446.0,1446.0,921.0,395.0,1002.0,429.0
2.0,2502.0,1410.0,1318.0,1446.0,1416.0,1416.0,923.0,395.0,987.0,423.0
2.0,2538.0,1330.0,1318.0,1416.0,1330.0,1330.0,923.0,395.0,931.0,399.0
2.0,2624.0,1267.0,1317.0,1330.0,1264.0,1264.0,922.0,395.0,889.0,378.0
2.0,2687.0,1232.0,1314.0,1264.0,1223.0,1223.0,920.0,394.0,861.0,371.0
2.0,2719.0,1277.0,1313.0,1223.0,1274.0,1274.0,919.0,394.0,895.0,382.0
2.0,2665.0,1410.0,1315.0,1274.0,1416.0,1416.0,921.0,394.0,986.0,424.0
2.0,2529.0,1395.0,1317.0,1416.0,1401.0,1401.0,922.0,395.0,976.0,419.0
2.0,2550.0,1389.0,1321.0,1401.0,1401.0,1401.0,925.0,396.0,972.0,417.0
2.0,2562.0,1344.0,1321.0,1401.0,1344.0,1344.0,925.0,396.0,941.0,403.0
2.0,2619.0,1314.0,1321.0,1344.0,1314.0,1314.0,925.0,396.0,921.0,393.0
2.0,2649.0,1281.0,1320.0,1314.0,1278.0,1278.0,924.0,396.0,897.0,384.0
2.0,2682.0,1273.0,1318.0,1278.0,1267.0,1267.0,923.0,395.0,891.0,382.0
2.0,2687.0,1289.0,1319.0,1267.0,1292.0,1292.0,923.0,396.0,902.0,387.0
2.0,2665.0,1387.0,1321.0,1292.0,1393.0,1393.0,925.0,396.0,970.0,417.0
2.0,2570.0,1423.0,1323.0,1393.0,1429.0,1429.0,926.0,397.0,998.0,425.0
2.0,2540.0,1355.0,1323.0,1429.0,1355.0,1355.0,926.0,397.0,949.0,406.0
2.0,2614.0,1314.0,1321.0,1355.0,1308.0,1308.0,925.0,396.0,919.0,395.0
2.0,2655.0,1175.0,1317.0,1308.0,1163.0,1163.0,922.0,395.0,822.0,353.0
2.0,2788.0,1240.0,1316.0,1163.0,1237.0,1237.0,921.0,395.0,869.0,371.0
2.0,2711.0,1337.0,1317.0,1237.0,1340.0,1340.0,922.0,395.0,936.0,401.0
2.0,2611.0,1420.0,1321.0,1340.0,1432.0,1432.0,925.0,396.0,994.0,426.0
2.0,2531.0,1479.0,1325.0,1432.0,1491.0,1491.0,928.0,397.0,1035.0,444.0
2.0,2484.0,1393.0,1327.0,1491.0,1399.0,1399.0,929.0,398.0,977.0,416.0
2.0,2582.0,1362.0,1326.0,1399.0,1359.0,1359.0,928.0,398.0,953.0,409.0
2.0,2619.0,1316.0,1326.0,1359.0,1316.0,1316.0,928.0,398.0,921.0,395.0
2.0,2662.0,1334.0,1327.0,1316.0,1337.0,1337.0,929.0,398.0,933.0,401.0
2.0,2644.0,1412.0,1329.0,1337.0,1418.0,1418.0,930.0,399.0,989.0,423.0
2.0,2569.0,1386.0,1331.0,1418.0,1392.0,1392.0,932.0,399.0,970.0,416.0
2.0,2601.0,1438.0,1336.0,1392.0,1453.0,1453.0,935.0,401.0,1007.0,431.0
2.0,2555.0,1353.0,1336.0,1453.0,1353.0,1353.0,935.0,401.0,947.0,406.0
2.0,2655.0,1370.0,1337.0,1353.0,1373.0,1373.0,936.0,401.0,959.0,411.0
2.0,2638.0,1262.0,1333.0,1373.0,1250.0,1250.0,933.0,400.0,884.0,378.0
2.0,2749.0,1350.0,1334.0,1250.0,1353.0,1353.0,934.0,400.0,944.0,406.0
2.0,2649.0,1316.0,1334.0,1353.0,1316.0,1316.0,934.0,400.0,921.0,395.0
2.0,2686.0,1435.0,1338.0,1316.0,1447.0,1447.0,937.0,401.0,1005.0,430.0
2.0,2567.0,1457.0,1342.0,1447.0,1469.0,1469.0,939.0,403.0,1020.0,437.0
2.0,2557.0,1366.0,1342.0,1469.0,1366.0,1366.0,939.0,403.0,956.0,410.0
2.0,2660.0,1404.0,1344.0,1366.0,1410.0,1410.0,941.0,403.0,984.0,420.0
2.0,2622.0,1191.0,1340.0,1410.0,1179.0,1179.0,938.0,402.0,834.0,357.0
2.0,2841.0,1254.0,1337.0,1179.0,1245.0,1245.0,936.0,401.0,876.0,378.0
2.0,2766.0,1344.0,1339.0,1245.0,1350.0,1350.0,937.0,402.0,942.0,402.0
2.0,2667.0,1422.0,1343.0,1350.0,1434.0,1434.0,940.0,403.0,995.0,427.0
2.0,2595.0,1412.0,1346.0,1434.0,1421.0,1421.0,942.0,404.0,988.0,424.0
2.0,2617.0,1392.0,1346.0,1421.0,1392.0,1392.0,942.0,404.0,975.0,417.0
2.0,2646.0,1321.0,1346.0,1392.0,1321.0,1321.0,942.0,404.0,925.0,396.0
2.0,2717.0,1259.0,1343.0,1321.0,1250.0,1250.0,940.0,403.0,881.0,378.0
2.0,2779.0,1337.0,1341.0,1250.0,1331.0,1331.0,939.0,402.0,936.0,401.0
2.0,2692.0,1331.0,1343.0,1331.0,1337.0,1337.0,940.0,403.0,933.0,398.0
2.0,2692.0,1433.0,1346.0,1337.0,1442.0,1442.0,942.0,404.0,1003.0,430.0
2.0,2596.0,1480.0,1350.0,1442.0,1492.0,1492.0,945.0,405.0,1037.0,443.0
2.0,2558.0,1351.0,1351.0,1492.0,1354.0,1354.0,946.0,405.0,944.0,407.0
2.0,2699.0,1275.0,1348.0,1354.0,1266.0,1266.0,944.0,404.0,893.0,382.0
2.0,2778.0,1271.0,1345.0,1266.0,1262.0,1262.0,942.0,403.0,891.0,380.0
2.0,2773.0,1247.0,1344.0,1262.0,1244.0,1244.0,941.0,403.0,872.0,375.0
2.0,2788.0,1324.0,1344.0,1244.0,1324.0,1324.0,941.0,403.0,927.0,397.0
2.0,2708.0,1452.0,1349.0,1324.0,1467.0,1467.0,944.0,405.0,1017.0,435.0
2.0,2580.0,1416.0,1351.0,1467.0,1422.0,1422.0,946.0,405.0,991.0,425.0
2.0,2631.0,1370.0,1351.0,1422.0,1370.0,1370.0,946.0,405.0,958.0,412.0
2.0,2683.0,1274.0,1348.0,1370.0,1265.0,1265.0,944.0,404.0,893.0,381.0
2.0,2779.0,1304.0,1347.0,1265.0,1301.0,1301.0,943.0,404.0,912.0,392.0
2.0,2740.0,1348.0,1347.0,1301.0,1348.0,1348.0,943.0,404.0,944.0,404.0
2.0,2693.0,1421.0,1350.0,1348.0,1430.0,1430.0,945.0,405.0,996.0,425.0
2.0,2620.0,1521.0,1354.0,1430.0,1533.0,1533.0,948.0,406.0,1065.0,456.0
2.0,2529.0,1439.0,1357.0,1533.0,1448.0,1448.0,950.0,407.0,1007.0,432.0
2.0,2623.0,1387.0,1359.0,1448.0,1393.0,1393.0,951.0,408.0,971.0,416.0
2.0,2684.0,1360.0,1358.0,1393.0,1357.0,1357.0,951.0,407.0,951.0,409.0
2.0,2717.0,1287.0,1356.0,1357.0,1281.0,1281.0,949.0,407.0,902.0,385.0
2.0,2787.0,1293.0,1354.0,1281.0,1287.0,1287.0,948.0,406.0,904.0,389.0
2.0,2775.0,1353.0,1355.0,1287.0,1356.0,1356.0,949.0,406.0,947.0,406.0
2.0,2709.0,1330.0,1358.0,1356.0,1339.0,1339.0,951.0,407.0,931.0,399.0
2.0,2735.0,1433.0,1361.0,1339.0,1442.0,1442.0,953.0,408.0,1004.0,429.0
2.0,2641.0,1377.0,1363.0,1442.0,1383.0,1383.0,954.0,409.0,964.0,413.0
2.0,2706.0,1348.0,1361.0,1383.0,1342.0,1342.0,953.0,408.0,943.0,405.0
2.0,2741.0,1268.0,1357.0,1342.0,1256.0,1256.0,950.0,407.0,888.0,380.0
2.0,2815.0,1389.0,1357.0,1256.0,1389.0,1389.0,950.0,407.0,972.0,417.0
2.0,2682.0,1418.0,1358.0,1389.0,1421.0,1421.0,951.0,407.0,994.0,424.0
2.0,2653.0,1391.0,1360.0,1421.0,1397.0,1397.0,952.0,408.0,975.0,416.0
2.0,2683.0,1391.0,1361.0,1397.0,1394.0,1394.0,953.0,408.0,972.0,419.0
2.0,2689.0,1367.0,1360.0,1394.0,1364.0,1364.0,952.0,408.0,959.0,408.0
2.0,2716.0,1306.0,1358.0,1364.0,1300.0,1300.0,951.0,407.0,913.0,393.0
2.0,2774.0,1288.0,1356.0,1300.0,1282.0,1282.0,949.0,407.0,902.0,386.0
2.0,2786.0,1307.0,1354.0,1282.0,1301.0,1301.0,948.0,406.0,915.0,392.0
2.0,2761.0,1336.0,1354.0,1301.0,1336.0,1336.0,948.0,406.0,934.0,402.0
2.0,2726.0,1439.0,1357.0,1336.0,1448.0,1448.0,950.0,407.0,1007.0,432.0
2.0,2623.0,1393.0,1358.0,1448.0,1396.0,1396.0,951.0,407.0,976.0,417.0
2.0,2678.0,1386.0,1360.0,1396.0,1392.0,1392.0,952.0,408.0,971.0,415.0
2.0,2688.0,1360.0,1358.0,1392.0,1354.0,1354.0,951.0,407.0,951.0,409.0
2.0,2720.0,1311.0,1355.0,1354.0,1302.0,1302.0,949.0,406.0,918.0,393.0
2.0,2763.0,1336.0,1354.0,1302.0,1333.0,1333.0,948.0,406.0,935.0,401.0
2.0,2729.0,1411.0,1354.0,1333.0,1411.0,1411.0,948.0,406.0,988.0,423.0
2.0,2651.0,1462.0,1360.0,1411.0,1480.0,1480.0,952.0,408.0,1022.0,440.0
2.0,2600.0,1455.0,1364.0,1480.0,1467.0,1467.0,955.0,409.0,1019.0,436.0
2.0,2625.0,1330.0,1364.0,1467.0,1330.0,1330.0,955.0,409.0,931.0,399.0
2.0,2762.0,1330.0,1361.0,1330.0,1321.0,1321.0,953.0,408.0,932.0,398.0
2.0,2762.0,1311.0,1360.0,1321.0,1308.0,1308.0,952.0,408.0,916.0,395.0
2.0,2772.0,1215.0,1357.0,1308.0,1206.0,1206.0,950.0,407.0,851.0,364.0
2.0,2865.0,1348.0,1357.0,1206.0,1348.0,1348.0,950.0,407.0,945.0,403.0
2.0,2723.0,1450.0,1361.0,1348.0,1462.0,1462.0,953.0,408.0,1015.0,435.0
2.0,2621.0,1437.0,1363.0,1462.0,1443.0,1443.0,954.0,409.0,1007.0,430.0
2.0,2646.0,1399.0,1364.0,1443.0,1402.0,1402.0,955.0,409.0,978.0,421.0
2.0,2690.0,1345.0,1363.0,1402.0,1342.0,1342.0,954.0,409.0,943.0,402.0
2.0,2747.0,1358.0,1360.0,1342.0,1349.0,1349.0,952.0,408.0,950.0,408.0
2.0,2731.0,1302.0,1359.0,1349.0,1299.0,1299.0,951.0,408.0,913.0,389.0
2.0,2778.0,1403.0,1361.0,1299.0,1409.0,1409.0,953.0,408.0,982.0,421.0
2.0,2674.0,1568.0,1367.0,1409.0,1586.0,1586.0,957.0,410.0,1096.0,472.0
2.0,2515.0,1491.0,1371.0,1586.0,1503.0,1503.0,960.0,411.0,1044.0,447.0
2.0,2610.0,1440.0,1374.0,1503.0,1449.0,1449.0,962.0,412.0,1008.0,432.0
2.0,2673.0,1380.0,1373.0,1449.0,1377.0,1377.0,961.0,412.0,967.0,413.0
2.0,2742.0,1304.0,1370.0,1377.0,1295.0,1295.0,959.0,411.0,912.0,392.0
2.0,2815.0,1384.0,1371.0,1295.0,1387.0,1387.0,960.0,411.0,969.0,415.0
2.0,2726.0,1423.0,1374.0,1387.0,1432.0,1432.0,962.0,412.0,996.0,427.0
2.0,2690.0,1422.0,1376.0,1432.0,1428.0,1428.0,963.0,413.0,996.0,426.0
2.0,2700.0,1497.0,1379.0,1428.0,1506.0,1506.0,965.0,414.0,1048.0,449.0
2.0,2631.0,1414.0,1379.0,1506.0,1414.0,1414.0,965.0,414.0,990.0,424.0
2.0,2723.0,1374.0,1376.0,1414.0,1365.0,1365.0,963.0,413.0,962.0,412.0
2.0,2763.0,1340.0,1374.0,1365.0,1334.0,1334.0,962.0,412.0,937.0,403.0
2.0,2788.0,1383.0,1374.0,1334.0,1383.0,1383.0,962.0,412.0,968.0,415.0
2.0,2739.0,1424.0,1375.0,1383.0,1427.0,1427.0,963.0,412.0,998.0,426.0
2.0,2698.0,1430.0,1378.0,1427.0,1439.0,1439.0,965.0,413.0,1001.0,429.0
2.0,2695.0,1417.0,1380.0,1439.0,1423.0,1423.0,966.0,414.0,991.0,426.0
2.0,2717.0,1446.0,1383.0,1423.0,1455.0,1455.0,968.0,415.0,1013.0,433.0
2.0,2694.0,1425.0,1384.0,1455.0,1428.0,1428.0,969.0,415.0,997.0,428.0
2.0,2724.0,1379.0,1383.0,1428.0,1376.0,1376.0,968.0,415.0,967.0,412.0
2.0,2773.0,1383.0,1383.0,1376.0,1383.0,1383.0,968.0,415.0,968.0,415.0
2.0,2766.0,1507.0,1386.0,1383.0,1516.0,1516.0,970.0,416.0,1055.0,452.0
2.0,2642.0,1459.0,1390.0,1516.0,1471.0,1471.0,973.0,417.0,1022.0,437.0
2.0,2699.0,1479.0,1391.0,1471.0,1482.0,1482.0,974.0,417.0,1034.0,445.0
2.0,2691.0,1431.0,1391.0,1482.0,1431.0,1431.0,974.0,417.0,1002.0,429.0
2.0,2742.0,1393.0,1391.0,1431.0,1393.0,1393.0,974.0,417.0,975.0,418.0
2.0,2780.0,1323.0,1390.0,1393.0,1320.0,1320.0,973.0,417.0,925.0,398.0
2.0,2850.0,1356.0,1390.0,1320.0,1356.0,1356.0,973.0,417.0,951.0,405.0
2.0,2814.0,1412.0,1393.0,1356.0,1421.0,1421.0,975.0,418.0,987.0,425.0
2.0,2758.0,1479.0,1396.0,1421.0,1488.0,1488.0,977.0,419.0,1036.0,443.0
2.0,2700.0,1474.0,1399.0,1488.0,1483.0,1483.0,979.0,420.0,1032.0,442.0
2.0,2714.0,1467.0,1401.0,1483.0,1473.0,1473.0,981.0,420.0,1026.0,441.0
2.0,2730.0,1378.0,1400.0,1473.0,1375.0,1375.0,980.0,420.0,967.0,411.0
2.0,2825.0,1291.0,1398.0,1375.0,1285.0,1285.0,979.0,419.0,902.0,389.0
2.0,2909.0,1374.0,1398.0,1285.0,1374.0,1374.0,979.0,419.0,962.0,412.0
2.0,2820.0,1463.0,1400.0,1374.0,1469.0,1469.0,980.0,420.0,1026.0,437.0
2.0,2731.0,1427.0,1403.0,1469.0,1436.0,1436.0,982.0,421.0,998.0,429.0
2.0,2773.0,1529.0,1406.0,1436.0,1538.0,1538.0,984.0,422.0,1070.0,459.0
2.0,2680.0,1549.0,1409.0,1538.0,1558.0,1558.0,986.0,423.0,1084.0,465.0
2.0,2669.0,1381.0,1407.0,1558.0,1375.0,1375.0,985.0,422.0,968.0,413.0
2.0,2846.0,1341.0,1405.0,1375.0,1335.0,1335.0,984.0,421.0,938.0,403.0
2.0,2880.0,1340.0,1405.0,1335.0,1340.0,1340.0,984.0,421.0,938.0,402.0
2.0,2875.0,1380.0,1406.0,1340.0,1383.0,1383.0,984.0,422.0,967.0,413.0
2.0,2835.0,1498.0,1410.0,1383.0,1510.0,1510.0,987.0,423.0,1048.0,450.0
2.0,2720.0,1480.0,1415.0,1510.0,1495.0,1495.0,991.0,424.0,1037.0,443.0
2.0,2750.0,1434.0,1417.0,1495.0,1440.0,1440.0,992.0,425.0,1003.0,431.0
2.0,2811.0,1381.0,1415.0,1440.0,1375.0,1375.0,991.0,424.0,967.0,414.0
2.0,2870.0,1357.0,1414.0,1375.0,1354.0,1354.0,990.0,424.0,951.0,406.0
2.0,2888.0,1371.0,1413.0,1354.0,1368.0,1368.0,989.0,424.0,959.0,412.0
2.0,2871.0,1480.0,1416.0,1368.0,1489.0,1489.0,991.0,425.0,1036.0,444.0
2.0,2759.0,1523.0,1419.0,1489.0,1532.0,1532.0,993.0,426.0,1066.0,457.0
2.0,2725.0,1538.0,1424.0,1532.0,1553.0,1553.0,997.0,427.0,1077.0,461.0
2.0,2719.0,1424.0,1424.0,1553.0,1424.0,1424.0,997.0,427.0,997.0,427.0
2.0,2848.0,1361.0,1420.0,1424.0,1349.0,1349.0,994.0,426.0,953.0,408.0
2.0,2911.0,1334.0,1417.0,1349.0,1325.0,1325.0,992.0,425.0,934.0,400.0
2.0,2926.0,1390.0,1416.0,1325.0,1387.0,1387.0,991.0,425.0,973.0,417.0
2.0,2861.0,1421.0,1417.0,1387.0,1424.0,1424.0,992.0,425.0,995.0,426.0
2.0,2827.0,1475.0,1420.0,1424.0,1484.0,1484.0,994.0,426.0,1032.0,443.0
2.0,2776.0,1483.0,1421.0,1484.0,1486.0,1486.0,995.0,426.0,1037.0,446.0
2.0,2777.0,1474.0,1423.0,1486.0,1480.0,1480.0,996.0,427.0,1033.0,441.0
2.0,2789.0,1423.0,1423.0,1480.0,1423.0,1423.0,996.0,427.0,996.0,427.0
2.0,2846.0,1339.0,1420.0,1423.0,1330.0,1330.0,994.0,426.0,938.0,401.0
2.0,2930.0,1373.0,1419.0,1330.0,1370.0,1370.0,993.0,426.0,961.0,412.0
2.0,2887.0,1413.0,1420.0,1370.0,1416.0,1416.0,994.0,426.0,989.0,424.0
2.0,2844.0,1473.0,1423.0,1416.0,1482.0,1482.0,996.0,427.0,1031.0,442.0
2.0,2787.0,1530.0,1425.0,1482.0,1536.0,1536.0,998.0,427.0,1071.0,459.0
2.0,2739.0,1407.0,1425.0,1536.0,1407.0,1407.0,998.0,427.0,985.0,422.0
2.0,2868.0,1354.0,1424.0,1407.0,1351.0,1351.0,997.0,427.0,949.0,405.0
2.0,2921.0,1381.0,1423.0,1351.0,1378.0,1378.0,996.0,427.0,966.0,415.0
2.0,2891.0,1322.0,1420.0,1378.0,1313.0,1313.0,994.0,426.0,927.0,395.0
2.0,2947.0,1411.0,1420.0,1313.0,1411.0,1411.0,994.0,426.0,988.0,423.0
2.0,2849.0,1483.0,1423.0,1411.0,1492.0,1492.0,996.0,427.0,1037.0,446.0
2.0,2777.0,1457.0,1424.0,1492.0,1460.0,1460.0,997.0,427.0,1021.0,436.0
2.0,2812.0,1420.0,1421.0,1460.0,1411.0,1411.0,995.0,426.0,993.0,427.0
2.0,2852.0,1408.0,1421.0,1411.0,1408.0,1408.0,995.0,426.0,985.0,423.0
2.0,2855.0,1420.0,1420.0,1408.0,1417.0,1417.0,994.0,426.0,996.0,424.0
2.0,2843.0,1358.0,1418.0,1417.0,1352.0,1352.0,993.0,425.0,950.0,408.0
2.0,2902.0,1413.0,1419.0,1352.0,1416.0,1416.0,993.0,426.0,989.0,424.0
2.0,2841.0,1536.0,1423.0,1416.0,1548.0,1548.0,996.0,427.0,1076.0,460.0
2.0,2721.0,1489.0,1426.0,1548.0,1498.0,1498.0,998.0,428.0,1041.0,448.0
2.0,2780.0,1507.0,1427.0,1498.0,1510.0,1510.0,999.0,428.0,1057.0,450.0
2.0,2771.0,1411.0,1426.0,1510.0,1408.0,1408.0,998.0,428.0,987.0,424.0
2.0,2870.0,1339.0,1423.0,1408.0,1330.0,1330.0,996.0,427.0,938.0,401.0
2.0,2939.0,1430.0,1423.0,1330.0,1430.0,1430.0,996.0,427.0,1001.0,429.0
2.0,2839.0,1529.0,1426.0,1430.0,1538.0,1538.0,998.0,428.0,1070.0,459.0
2.0,2740.0,1457.0,1428.0,1538.0,1463.0,1463.0,1000.0,428.0,1020.0,437.0
2.0,2821.0,1453.0,1430.0,1463.0,1459.0,1459.0,1001.0,429.0,1018.0,435.0
2.0,2831.0,1467.0,1430.0,1459.0,1467.0,1467.0,1001.0,429.0,1027.0,440.0
2.0,2823.0,1436.0,1430.0,1467.0,1436.0,1436.0,1001.0,429.0,1003.0,433.0
2.0,2854.0,1368.0,1427.0,1436.0,1359.0,1359.0,999.0,428.0,958.0,410.0
2.0,2922.0,1374.0,1424.0,1359.0,1365.0,1365.0,997.0,427.0,962.0,412.0
2.0,2907.0,1439.0,1425.0,1365.0,1442.0,1442.0,998.0,427.0,1008.0,431.0
2.0,2833.0,1556.0,1430.0,1442.0,1571.0,1571.0,1001.0,429.0,1090.0,466.0
2.0,2719.0,1519.0,1433.0,1571.0,1528.0,1528.0,1003.0,430.0,1063.0,456.0
2.0,2771.0,1514.0,1435.0,1528.0,1520.0,1520.0,1005.0,430.0,1060.0,454.0
2.0,2785.0,1417.0,1434.0,1520.0,1414.0,1414.0,1004.0,430.0,991.0,426.0
2.0,2888.0,1372.0,1431.0,1414.0,1363.0,1363.0,1002.0,429.0,961.0,411.0
2.0,2930.0,1387.0,1431.0,1363.0,1387.0,1387.0,1002.0,429.0,971.0,416.0
2.0,2906.0,1476.0,1433.0,1387.0,1482.0,1482.0,1003.0,430.0,1034.0,442.0
2.0,2817.0,1496.0,1435.0,1482.0,1502.0,1502.0,1005.0,430.0,1047.0,449.0
2.0,2803.0,1497.0,1437.0,1502.0,1503.0,1503.0,1006.0,431.0,1047.0,450.0
2.0,2808.0,1540.0,1439.0,1503.0,1546.0,1546.0,1007.0,432.0,1079.0,461.0
2.0,2771.0,1450.0,1437.0,1546.0,1444.0,1444.0,1006.0,431.0,1014.0,436.0
2.0,2867.0,1414.0,1435.0,1444.0,1408.0,1408.0,1005.0,430.0,991.0,423.0
2.0,2897.0,1404.0,1434.0,1408.0,1401.0,1401.0,1004.0,430.0,983.0,421.0
2.0,2901.0,1443.0,1436.0,1401.0,1449.0,1449.0,1005.0,431.0,1011.0,432.0
2.0,2859.0,1517.0,1440.0,1449.0,1529.0,1529.0,1008.0,432.0,1062.0,455.0
2.0,2791.0,1546.0,1443.0,1529.0,1555.0,1555.0,1010.0,433.0,1082.0,464.0
2.0,2774.0,1492.0,1444.0,1555.0,1495.0,1495.0,1011.0,433.0,1043.0,449.0
2.0,2837.0,1410.0,1443.0,1495.0,1407.0,1407.0,1010.0,433.0,988.0,422.0
2.0,2922.0,1368.0,1441.0,1407.0,1362.0,1362.0,1009.0,432.0,957.0,411.0
2.0,2961.0,1321.0,1437.0,1362.0,1309.0,1309.0,1006.0,431.0,925.0,396.0
2.0,3002.0,1464.0,1438.0,1309.0,1467.0,1467.0,1007.0,431.0,1025.0,439.0
2.0,2847.0,1536.0,1443.0,1467.0,1551.0,1551.0,1010.0,433.0,1076.0,460.0
2.0,2778.0,1552.0,1446.0,1551.0,1561.0,1561.0,1012.0,434.0,1086.0,466.0
2.0,2777.0,1514.0,1447.0,1561.0,1517.0,1517.0,1013.0,434.0,1059.0,455.0
2.0,2824.0,1437.0,1447.0,1517.0,1437.0,1437.0,1013.0,434.0,1006.0,431.0
2.0,2904.0,1432.0,1445.0,1437.0,1426.0,1426.0,1012.0,433.0,1004.0,428.0
2.0,2909.0,1385.0,1444.0,1426.0,1382.0,1382.0,1011.0,433.0,970.0,415.0
2.0,2950.0,1519.0,1448.0,1382.0,1531.0,1531.0,1014.0,434.0,1063.0,456.0
2.0,2813.0,1481.0,1450.0,1531.0,1487.0,1487.0,1015.0,435.0,1038.0,443.0
2.0,2863.0,1527.0,1454.0,1487.0,1539.0,1539.0,1018.0,436.0,1069.0,458.0
2.0,2823.0,1499.0,1456.0,1539.0,1505.0,1505.0,1019.0,437.0,1048.0,451.0
2.0,2863.0,1467.0,1455.0,1505.0,1464.0,1464.0,1019.0,436.0,1027.0,440.0
2.0,2901.0,1338.0,1453.0,1464.0,1332.0,1332.0,1017.0,436.0,938.0,400.0
2.0,3027.0,1433.0,1453.0,1332.0,1433.0,1433.0,1017.0,436.0,1003.0,430.0
2.0,2926.0,1485.0,1454.0,1433.0,1488.0,1488.0,1018.0,436.0,1038.0,447.0
2.0,2874.0,1552.0,1457.0,1488.0,1561.0,1561.0,1020.0,437.0,1088.0,464.0
2.0,2810.0,1571.0,1461.0,1561.0,1583.0,1583.0,1023.0,438.0,1097.0,474.0
2.0,2800.0,1473.0,1463.0,1583.0,1479.0,1479.0,1024.0,439.0,1032.0,441.0
2.0,2910.0,1467.0,1461.0,1479.0,1461.0,1461.0,1023.0,438.0,1026.0,441.0
2.0,2922.0,1387.0,1459.0,1461.0,1381.0,1381.0,1021.0,438.0,972.0,415.0
2.0,2996.0,1397.0,1457.0,1381.0,1391.0,1391.0,1020.0,437.0,979.0,418.0
2.0,2980.0,1533.0,1460.0,1391.0,1542.0,1542.0,1022.0,438.0,1072.0,461.0
2.0,2838.0,1573.0,1464.0,1542.0,1585.0,1585.0,1025.0,439.0,1102.0,471.0
2.0,2807.0,1562.0,1466.0,1585.0,1568.0,1568.0,1026.0,440.0,1093.0,469.0
2.0,2830.0,1515.0,1466.0,1568.0,1515.0,1515.0,1026.0,440.0,1061.0,454.0
2.0,2883.0,1457.0,1466.0,1515.0,1457.0,1457.0,1026.0,440.0,1020.0,437.0
2.0,2941.0,1415.0,1466.0,1457.0,1415.0,1415.0,1026.0,440.0,990.0,425.0
2.0,2983.0,1410.0,1464.0,1415.0,1404.0,1404.0,1025.0,439.0,987.0,423.0
2.0,2988.0,1517.0,1466.0,1404.0,1523.0,1523.0,1026.0,440.0,1063.0,454.0
2.0,2875.0,1533.0,1469.0,1523.0,1542.0,1542.0,1028.0,441.0,1073.0,460.0
2.0,2865.0,1597.0,1473.0,1542.0,1609.0,1609.0,1031.0,442.0,1118.0,479.0
2.0,2810.0,1553.0,1476.0,1609.0,1562.0,1562.0,1033.0,443.0,1087.0,466.0
2.0,2866.0,1470.0,1474.0,1562.0,1464.0,1464.0,1032.0,442.0,1030.0,440.0
2.0,2958.0,1407.0,1471.0,1464.0,1398.0,1398.0,1030.0,441.0,984.0,423.0
2.0,3015.0,1367.0,1469.0,1398.0,1361.0,1361.0,1028.0,441.0,957.0,410.0
2.0,3046.0,1511.0,1471.0,1361.0,1517.0,1517.0,1030.0,441.0,1059.0,452.0
2.0,2896.0,1529.0,1474.0,1517.0,1538.0,1538.0,1032.0,442.0,1070.0,459.0
2.0,2884.0,1584.0,1477.0,1538.0,1593.0,1593.0,1034.0,443.0,1109.0,475.0
2.0,2838.0,1547.0,1479.0,1593.0,1553.0,1553.0,1035.0,444.0,1082.0,465.0
2.0,2884.0,1486.0,1478.0,1553.0,1483.0,1483.0,1035.0,443.0,1040.0,446.0
2.0,2951.0,1426.0,1477.0,1483.0,1423.0,1423.0,1034.0,443.0,1000.0,426.0
2.0,3008.0,1491.0,1476.0,1423.0,1488.0,1488.0,1033.0,443.0,1043.0,448.0
2.0,2940.0,1502.0,1477.0,1488.0,1505.0,1505.0,1034.0,443.0,1052.0,450.0
2.0,2926.0,1575.0,1480.0,1505.0,1584.0,1584.0,1036.0,444.0,1102.0,473.0
2.0,2856.0,1516.0,1483.0,1584.0,1525.0,1525.0,1038.0,445.0,1060.0,456.0
2.0,2924.0,1490.0,1483.0,1525.0,1490.0,1490.0,1038.0,445.0,1044.0,446.0
2.0,2959.0,1498.0,1483.0,1490.0,1498.0,1498.0,1038.0,445.0,1048.0,450.0
2.0,2951.0,1393.0,1480.0,1498.0,1384.0,1384.0,1036.0,444.0,976.0,417.0
2.0,3056.0,1424.0,1479.0,1384.0,1421.0,1421.0,1035.0,444.0,996.0,428.0
2.0,3016.0,1460.0,1480.0,1421.0,1463.0,1463.0,1036.0,444.0,1022.0,438.0
2.0,2977.0,1545.0,1483.0,1463.0,1554.0,1554.0,1038.0,445.0,1082.0,463.0
2.0,2895.0,1572.0,1488.0,1554.0,1587.0,1587.0,1042.0,446.0,1101.0,471.0
2.0,2877.0,1575.0,1490.0,1587.0,1581.0,1581.0,1043.0,447.0,1101.0,474.0
2.0,2889.0,1483.0,1489.0,1581.0,1480.0,1480.0,1042.0,447.0,1038.0,445.0
2.0,2987.0,1401.0,1486.0,1480.0,1392.0,1392.0,1040.0,446.0,981.0,420.0
2.0,3066.0,1505.0,1486.0,1392.0,1505.0,1505.0,1040.0,446.0,1054.0,451.0
2.0,2953.0,1529.0,1488.0,1505.0,1535.0,1535.0,1042.0,446.0,1069.0,460.0
2.0,2929.0,1587.0,1491.0,1535.0,1596.0,1596.0,1044.0,447.0,1113.0,474.0
2.0,2877.0,1622.0,1496.0,1596.0,1637.0,1637.0,1047.0,449.0,1134.0,488.0
2.0,2851.0,1520.0,1496.0,1637.0,1520.0,1520.0,1047.0,449.0,1064.0,456.0
2.0,2968.0,1474.0,1496.0,1520.0,1474.0,1474.0,1047.0,449.0,1032.0,442.0
2.0,3014.0,1508.0,1494.0,1474.0,1502.0,1502.0,1046.0,448.0,1056.0,452.0
2.0,2980.0,1496.0,1494.0,1502.0,1496.0,1496.0,1046.0,448.0,1047.0,449.0
2.0,2986.0,1564.0,1497.0,1496.0,1573.0,1573.0,1048.0,449.0,1096.0,468.0
2.0,2918.0,1523.0,1500.0,1573.0,1532.0,1532.0,1050.0,450.0,1066.0,457.0
2.0,2968.0,1546.0,1503.0,1532.0,1555.0,1555.0,1052.0,451.0,1082.0,464.0
2.0,2954.0,1505.0,1503.0,1555.0,1505.0,1505.0,1052.0,451.0,1054.0,451.0
2.0,3004.0,1521.0,1503.0,1505.0,1521.0,1521.0,1052.0,451.0,1065.0,456.0
2.0,2988.0,1441.0,1500.0,1521.0,1432.0,1432.0,1050.0,450.0,1009.0,432.0
2.0,3068.0,1478.0,1500.0,1432.0,1478.0,1478.0,1050.0,450.0,1035.0,443.0
2.0,3022.0,1434.0,1500.0,1478.0,1434.0,1434.0,1050.0,450.0,1004.0,430.0
2.0,3066.0,1578.0,1503.0,1434.0,1587.0,1587.0,1052.0,451.0,1104.0,474.0
2.0,2922.0,1560.0,1506.0,1587.0,1569.0,1569.0,1054.0,452.0,1092.0,468.0
2.0,2949.0,1497.0,1505.0,1569.0,1494.0,1494.0,1054.0,451.0,1048.0,449.0
2.0,3021.0,1507.0,1504.0,1494.0,1504.0,1504.0,1053.0,451.0,1056.0,451.0
2.0,3008.0,1455.0,1501.0,1504.0,1446.0,1446.0,1051.0,450.0,1018.0,437.0
2.0,3057.0,1430.0,1500.0,1446.0,1427.0,1427.0,1050.0,450.0,1002.0,428.0
2.0,3073.0,1476.0,1500.0,1427.0,1476.0,1476.0,1050.0,450.0,1031.0,445.0
2.0,3024.0,1631.0,1504.0,1476.0,1643.0,1643.0,1053.0,451.0,1142.0,489.0
2.0,2869.0,1609.0,1509.0,1643.0,1624.0,1624.0,1056.0,453.0,1126.0,483.0
2.0,2903.0,1554.0,1510.0,1624.0,1557.0,1557.0,1057.0,453.0,1089.0,465.0
2.0,2973.0,1458.0,1508.0,1557.0,1452.0,1452.0,1056.0,452.0,1020.0,438.0
2.0,3072.0,1404.0,1504.0,1452.0,1392.0,1392.0,1053.0,451.0,983.0,421.0
2.0,3120.0,1371.0,1501.0,1392.0,1362.0,1362.0,1051.0,450.0,959.0,412.0
2.0,3141.0,1514.0,1501.0,1362.0,1514.0,1514.0,1051.0,450.0,1061.0,453.0
2.0,2989.0,1562.0,1504.0,1514.0,1571.0,1571.0,1053.0,451.0,1093.0,469.0
2.0,2941.0,1556.0,1508.0,1571.0,1568.0,1568.0,1056.0,452.0,1089.0,467.0
2.0,2956.0,1537.0,1509.0,1568.0,1540.0,1540.0,1056.0,453.0,1077.0,460.0
2.0,2987.0,1471.0,1507.0,1540.0,1465.0,1465.0,1055.0,452.0,1029.0,442.0
2.0,3056.0,1483.0,1506.0,1465.0,1480.0,1480.0,1054.0,452.0,1039.0,444.0
2.0,3038.0,1470.0,1504.0,1480.0,1464.0,1464.0,1053.0,451.0,1028.0,442.0
2.0,3048.0,1494.0,1504.0,1464.0,1494.0,1494.0,1053.0,451.0,1046.0,448.0
2.0,3018.0,1625.0,1508.0,1494.0,1637.0,1637.0,1056.0,452.0,1137.0,488.0
2.0,2887.0,1634.0,1511.0,1637.0,1643.0,1643.0,1058.0,453.0,1144.0,490.0
2.0,2890.0,1527.0,1511.0,1643.0,1527.0,1527.0,1058.0,453.0,1070.0,457.0
2.0,3006.0,1480.0,1510.0,1527.0,1477.0,1477.0,1057.0,453.0,1037.0,443.0
2.0,3053.0,1435.0,1508.0,1477.0,1429.0,1429.0,1056.0,452.0,1004.0,431.0
2.0,3095.0,1465.0,1507.0,1429.0,1462.0,1462.0,1055.0,452.0,1025.0,440.0
2.0,3059.0,1567.0,1509.0,1462.0,1573.0,1573.0,1056.0,453.0,1098.0,469.0
2.0,2954.0,1560.0,1512.0,1573.0,1569.0,1569.0,1058.0,454.0,1092.0,468.0
2.0,2967.0,1564.0,1514.0,1569.0,1570.0,1570.0,1060.0,454.0,1095.0,469.0
2.0,2972.0,1597.0,1517.0,1570.0,1606.0,1606.0,1062.0,455.0,1120.0,477.0
2.0,2945.0,1493.0,1517.0,1606.0,1493.0,1493.0,1062.0,455.0,1044.0,449.0
2.0,3058.0,1484.0,1514.0,1493.0,1475.0,1475.0,1060.0,454.0,1038.0,446.0
2.0,3067.0,1491.0,1513.0,1475.0,1488.0,1488.0,1059.0,454.0,1045.0,446.0
2.0,3051.0,1532.0,1514.0,1488.0,1535.0,1535.0,1060.0,454.0,1071.0,461.0
2.0,3007.0,1580.0,1517.0,1535.0,1589.0,1589.0,1062.0,455.0,1106.0,474.0
2.0,2962.0,1670.0,1521.0,1589.0,1682.0,1682.0,1065.0,456.0,1171.0,499.0
2.0,2881.0,1570.0,1521.0,1682.0,1570.0,1570.0,1065.0,456.0,1098.0,472.0
2.0,2993.0,1545.0,1520.0,1570.0,1542.0,1542.0,1064.0,456.0,1081.0,464.0
2.0,3018.0,1508.0,1518.0,1542.0,1502.0,1502.0,1063.0,455.0,1057.0,451.0
2.0,3052.0,1496.0,1518.0,1502.0,1496.0,1496.0,1063.0,455.0,1047.0,449.0
2.0,3058.0,1524.0,1519.0,1496.0,1527.0,1527.0,1063.0,456.0,1067.0,457.0
2.0,3030.0,1625.0,1521.0,1527.0,1631.0,1631.0,1065.0,456.0,1137.0,488.0
2.0,2932.0,1666.0,1524.0,1631.0,1675.0,1675.0,1067.0,457.0,1166.0,500.0
2.0,2897.0,1591.0,1525.0,1675.0,1594.0,1594.0,1068.0,457.0,1114.0,477.0
2.0,2981.0,1534.0,1525.0,1594.0,1534.0,1534.0,1068.0,457.0,1075.0,459.0
2.0,3041.0,1466.0,1524.0,1534.0,1463.0,1463.0,1067.0,457.0,1025.0,441.0
2.0,3109.0,1477.0,1523.0,1463.0,1474.0,1474.0,1066.0,457.0,1035.0,442.0
2.0,3095.0,1511.0,1523.0,1474.0,1511.0,1511.0,1066.0,457.0,1058.0,453.0
2.0,3058.0,1619.0,1526.0,1511.0,1628.0,1628.0,1068.0,458.0,1133.0,486.0
2.0,2950.0,1688.0,1530.0,1628.0,1700.0,1700.0,1071.0,459.0,1182.0,506.0
2.0,2890.0,1595.0,1533.0,1700.0,1604.0,1604.0,1073.0,460.0,1116.0,479.0
2.0,2995.0,1444.0,1531.0,1604.0,1438.0,1438.0,1072.0,459.0,1009.0,435.0
2.0,3155.0,1452.0,1529.0,1438.0,1446.0,1446.0,1070.0,459.0,1018.0,434.0
2.0,3141.0,1513.0,1529.0,1446.0,1513.0,1513.0,1070.0,459.0,1059.0,454.0
2.0,3074.0,1510.0,1529.0,1513.0,1510.0,1510.0,1070.0,459.0,1057.0,453.0
2.0,3077.0,1613.0,1533.0,1510.0,1625.0,1625.0,1073.0,460.0,1129.0,484.0
2.0,2974.0,1585.0,1535.0,1625.0,1591.0,1591.0,1075.0,460.0,1109.0,476.0
2.0,3014.0,1504.0,1536.0,1591.0,1507.0,1507.0,1075.0,461.0,1054.0,450.0
2.0,3101.0,1554.0,1534.0,1507.0,1548.0,1548.0,1074.0,460.0,1087.0,467.0
2.0,3054.0,1459.0,1531.0,1548.0,1450.0,1450.0,1072.0,459.0,1022.0,437.0
2.0,3143.0,1490.0,1530.0,1450.0,1487.0,1487.0,1071.0,459.0,1042.0,448.0
2.0,3103.0,1533.0,1531.0,1487.0,1536.0,1536.0,1072.0,459.0,1074.0,459.0
2.0,3057.0,1623.0,1536.0,1536.0,1638.0,1638.0,1075.0,461.0,1137.0,486.0
2.0,2970.0,1673.0,1541.0,1638.0,1688.0,1688.0,1079.0,462.0,1171.0,502.0
2.0,2935.0,1600.0,1543.0,1688.0,1606.0,1606.0,1080.0,463.0,1121.0,479.0
2.0,3023.0,1536.0,1543.0,1606.0,1536.0,1536.0,1080.0,463.0,1074.0,462.0
2.0,3093.0,1503.0,1541.0,1536.0,1497.0,1497.0,1079.0,462.0,1052.0,451.0
2.0,3126.0,1494.0,1541.0,1497.0,1494.0,1494.0,1079.0,462.0,1045.0,449.0
2.0,3129.0,1517.0,1541.0,1494.0,1517.0,1517.0,1079.0,462.0,1063.0,454.0
2.0,3106.0,1560.0,1543.0,1517.0,1566.0,1566.0,1080.0,463.0,1093.0,467.0
2.0,3063.0,1630.0,1547.0,1566.0,1642.0,1642.0,1083.0,464.0,1141.0,489.0
2.0,2999.0,1519.0,1547.0,1642.0,1519.0,1519.0,1083.0,464.0,1063.0,456.0
2.0,3122.0,1537.0,1545.0,1519.0,1531.0,1531.0,1082.0,463.0,1075.0,462.0
2.0,3104.0,1481.0,1543.0,1531.0,1475.0,1475.0,1080.0,463.0,1037.0,444.0
2.0,3154.0,1497.0,1541.0,1475.0,1491.0,1491.0,1079.0,462.0,1048.0,449.0
2.0,3132.0,1638.0,1544.0,1491.0,1647.0,1647.0,1081.0,463.0,1146.0,492.0
2.0,2985.0,1619.0,1548.0,1647.0,1631.0,1631.0,1084.0,464.0,1133.0,486.0
2.0,3013.0,1722.0,1553.0,1631.0,1737.0,1737.0,1087.0,466.0,1206.0,516.0
2.0,2922.0,1637.0,1554.0,1737.0,1640.0,1640.0,1088.0,466.0,1147.0,490.0
2.0,3022.0,1527.0,1554.0,1640.0,1527.0,1527.0,1088.0,466.0,1069.0,458.0
2.0,3135.0,1487.0,1553.0,1527.0,1484.0,1484.0,1087.0,466.0,1040.0,447.0
2.0,3175.0,1467.0,1550.0,1484.0,1458.0,1458.0,1085.0,465.0,1028.0,439.0
2.0,3192.0,1629.0,1553.0,1458.0,1638.0,1638.0,1087.0,466.0,1139.0,490.0
2.0,3021.0,1613.0,1554.0,1638.0,1616.0,1616.0,1088.0,466.0,1129.0,484.0
2.0,3046.0,1611.0,1557.0,1616.0,1620.0,1620.0,1090.0,467.0,1129.0,482.0
2.0,3051.0,1564.0,1558.0,1620.0,1567.0,1567.0,1091.0,467.0,1094.0,470.0
2.0,3107.0,1522.0,1557.0,1567.0,1519.0,1519.0,1090.0,467.0,1067.0,455.0
2.0,3152.0,1537.0,1554.0,1519.0,1528.0,1528.0,1088.0,466.0,1075.0,462.0
2.0,3134.0,1543.0,1554.0,1528.0,1543.0,1543.0,1088.0,466.0,1081.0,462.0
2.0,3119.0,1490.0,1553.0,1543.0,1487.0,1487.0,1087.0,466.0,1043.0,447.0
2.0,3172.0,1706.0,1557.0,1487.0,1718.0,1718.0,1090.0,467.0,1194.0,512.0
2.0,2953.0,1629.0,1559.0,1718.0,1635.0,1635.0,1091.0,468.0,1140.0,489.0
2.0,3042.0,1643.0,1561.0,1635.0,1649.0,1649.0,1093.0,468.0,1149.0,494.0
2.0,3034.0,1561.0,1560.0,1649.0,1558.0,1558.0,1092.0,468.0,1095.0,466.0
2.0,3122.0,1488.0,1557.0,1558.0,1479.0,1479.0,1090.0,467.0,1041.0,447.0
2.0,3192.0,1484.0,1554.0,1479.0,1475.0,1475.0,1088.0,466.0,1038.0,446.0
2.0,3187.0,1584.0,1556.0,1475.0,1590.0,1590.0,1089.0,467.0,1110.0,474.0
2.0,3078.0,1730.0,1560.0,1590.0,1742.0,1742.0,1092.0,468.0,1212.0,518.0
2.0,2938.0,1689.0,1564.0,1742.0,1701.0,1701.0,1095.0,469.0,1181.0,508.0
2.0,2991.0,1577.0,1566.0,1701.0,1583.0,1583.0,1096.0,470.0,1104.0,473.0
2.0,3115.0,1541.0,1564.0,1583.0,1535.0,1535.0,1095.0,469.0,1079.0,462.0
2.0,3157.0,1501.0,1561.0,1535.0,1492.0,1492.0,1093.0,468.0,1050.0,451.0
2.0,3191.0,1527.0,1560.0,1492.0,1524.0,1524.0,1092.0,468.0,1071.0,456.0
2.0,3156.0,1618.0,1563.0,1524.0,1627.0,1627.0,1094.0,469.0,1132.0,486.0
2.0,3062.0,1632.0,1566.0,1627.0,1641.0,1641.0,1096.0,470.0,1142.0,490.0
2.0,3057.0,1599.0,1568.0,1641.0,1605.0,1605.0,1098.0,470.0,1118.0,481.0
2.0,3099.0,1637.0,1570.0,1605.0,1643.0,1643.0,1099.0,471.0,1148.0,489.0
2.0,3067.0,1558.0,1570.0,1643.0,1558.0,1558.0,1099.0,471.0,1090.0,468.0
2.0,3152.0,1543.0,1568.0,1558.0,1537.0,1537.0,1098.0,470.0,1080.0,463.0
2.0,3167.0,1594.0,1570.0,1537.0,1600.0,1600.0,1099.0,471.0,1117.0,477.0
2.0,3110.0,1551.0,1570.0,1600.0,1551.0,1551.0,1099.0,471.0,1086.0,465.0
2.0,3159.0,1626.0,1573.0,1551.0,1635.0,1635.0,1101.0,472.0,1138.0,488.0
2.0,3084.0,1619.0,1576.0,1635.0,1628.0,1628.0,1103.0,473.0,1132.0,487.0
2.0,3100.0,1546.0,1576.0,1628.0,1546.0,1546.0,1103.0,473.0,1083.0,463.0
2.0,3182.0,1537.0,1574.0,1546.0,1531.0,1531.0,1102.0,472.0,1075.0,462.0
2.0,3191.0,1571.0,1573.0,1531.0,1568.0,1568.0,1101.0,472.0,1101.0,470.0
2.0,3151.0,1551.0,1571.0,1568.0,1545.0,1545.0,1100.0,471.0,1085.0,466.0
2.0,3168.0,1544.0,1571.0,1545.0,1544.0,1544.0,1100.0,471.0,1081.0,463.0
2.0,3169.0,1597.0,1574.0,1544.0,1606.0,1606.0,1102.0,472.0,1119.0,478.0
2.0,3116.0,1639.0,1577.0,1606.0,1648.0,1648.0,1104.0,473.0,1147.0,492.0
2.0,3083.0,1617.0,1578.0,1648.0,1620.0,1620.0,1105.0,473.0,1131.0,486.0
2.0,3114.0,1586.0,1579.0,1620.0,1589.0,1589.0,1105.0,474.0,1111.0,475.0
2.0,3148.0,1533.0,1577.0,1589.0,1527.0,1527.0,1104.0,473.0,1074.0,459.0
2.0,3204.0,1490.0,1577.0,1527.0,1490.0,1490.0,1104.0,473.0,1042.0,448.0
2.0,3241.0,1567.0,1577.0,1490.0,1567.0,1567.0,1104.0,473.0,1098.0,469.0
2.0,3164.0,1660.0,1580.0,1567.0,1669.0,1669.0,1106.0,474.0,1162.0,498.0
2.0,3071.0,1722.0,1584.0,1669.0,1734.0,1734.0,1109.0,475.0,1204.0,518.0
2.0,3018.0,1680.0,1586.0,1734.0,1686.0,1686.0,1110.0,476.0,1176.0,504.0
2.0,3072.0,1560.0,1584.0,1686.0,1554.0,1554.0,1109.0,475.0,1092.0,468.0
2.0,3198.0,1524.0,1580.0,1554.0,1512.0,1512.0,1106.0,474.0,1066.0,458.0
2.0,3228.0,1528.0,1578.0,1512.0,1522.0,1522.0,1105.0,473.0,1071.0,457.0
2.0,3212.0,1644.0,1581.0,1522.0,1653.0,1653.0,1107.0,474.0,1150.0,494.0
2.0,3090.0,1658.0,1584.0,1653.0,1667.0,1667.0,1109.0,475.0,1161.0,497.0
2.0,3085.0,1712.0,1589.0,1667.0,1727.0,1727.0,1112.0,477.0,1199.0,513.0
2.0,3040.0,1555.0,1587.0,1727.0,1549.0,1549.0,1111.0,476.0,1090.0,465.0
2.0,3212.0,1611.0,1587.0,1549.0,1611.0,1611.0,1111.0,476.0,1126.0,485.0
2.0,3150.0,1494.0,1585.0,1611.0,1488.0,1488.0,1110.0,475.0,1046.0,448.0
2.0,3267.0,1533.0,1584.0,1488.0,1530.0,1530.0,1109.0,475.0,1073.0,460.0
2.0,3222.0,1543.0,1584.0,1530.0,1543.0,1543.0,1109.0,475.0,1080.0,463.0
2.0,3209.0,1703.0,1588.0,1543.0,1715.0,1715.0,1112.0,476.0,1192.0,511.0
2.0,3049.0,1706.0,1591.0,1715.0,1715.0,1715.0,1114.0,477.0,1194.0,512.0
2.0,3058.0,1551.0,1593.0,1715.0,1557.0,1557.0,1115.0,478.0,1087.0,464.0
2.0,3222.0,1578.0,1590.0,1557.0,1569.0,1569.0,1113.0,477.0,1106.0,472.0
2.0,3201.0,1573.0,1589.0,1569.0,1570.0,1570.0,1112.0,477.0,1100.0,473.0
2.0,3197.0,1593.0,1588.0,1570.0,1590.0,1590.0,1112.0,476.0,1114.0,479.0
2.0,3174.0,1613.0,1589.0,1590.0,1616.0,1616.0,1112.0,477.0,1130.0,483.0
2.0,3151.0,1652.0,1592.0,1616.0,1661.0,1661.0,1114.0,478.0,1156.0,496.0
2.0,3115.0,1662.0,1596.0,1661.0,1674.0,1674.0,1117.0,479.0,1163.0,499.0
2.0,3114.0,1622.0,1596.0,1674.0,1622.0,1622.0,1117.0,479.0,1136.0,486.0
2.0,3166.0,1559.0,1593.0,1622.0,1550.0,1550.0,1115.0,478.0,1092.0,467.0
2.0,3229.0,1575.0,1590.0,1550.0,1566.0,1566.0,1113.0,477.0,1101.0,474.0
2.0,3204.0,1534.0,1590.0,1566.0,1534.0,1534.0,1113.0,477.0,1076.0,458.0
2.0,3236.0,1614.0,1591.0,1534.0,1617.0,1617.0,1114.0,477.0,1129.0,485.0
2.0,3156.0,1732.0,1596.0,1617.0,1747.0,1747.0,1117.0,479.0,1213.0,519.0
2.0,3041.0,1654.0,1598.0,1747.0,1660.0,1660.0,1119.0,479.0,1157.0,497.0
2.0,3134.0,1636.0,1598.0,1660.0,1636.0,1636.0,1119.0,479.0,1146.0,490.0
2.0,3158.0,1593.0,1597.0,1636.0,1590.0,1590.0,1118.0,479.0,1114.0,479.0
2.0,3201.0,1544.0,1597.0,1590.0,1544.0,1544.0,1118.0,479.0,1083.0,461.0
2.0,3247.0,1539.0,1594.0,1544.0,1530.0,1530.0,1116.0,478.0,1076.0,463.0
2.0,3252.0,1656.0,1597.0,1530.0,1665.0,1665.0,1118.0,479.0,1161.0,495.0
2.0,3126.0,1630.0,1598.0,1665.0,1633.0,1633.0,1119.0,479.0,1140.0,490.0
2.0,3161.0,1729.0,1601.0,1633.0,1738.0,1738.0,1121.0,480.0,1209.0,520.0
2.0,3065.0,1646.0,1603.0,1738.0,1652.0,1652.0,1122.0,481.0,1154.0,492.0
2.0,3157.0,1546.0,1601.0,1652.0,1540.0,1540.0,1121.0,480.0,1081.0,465.0
2.0,3263.0,1481.0,1598.0,1540.0,1472.0,1472.0,1119.0,479.0,1037.0,444.0
2.0,3322.0,1560.0,1599.0,1472.0,1563.0,1563.0,1119.0,480.0,1092.0,468.0
2.0,3234.0,1619.0,1600.0,1563.0,1622.0,1622.0,1120.0,480.0,1132.0,487.0
2.0,3178.0,1722.0,1603.0,1622.0,1731.0,1731.0,1122.0,481.0,1207.0,515.0
2.0,3078.0,1647.0,1605.0,1731.0,1653.0,1653.0,1124.0,481.0,1152.0,495.0
2.0,3162.0,1666.0,1607.0,1653.0,1672.0,1672.0,1125.0,482.0,1166.0,500.0
2.0,3149.0,1633.0,1608.0,1672.0,1636.0,1636.0,1126.0,482.0,1143.0,490.0
2.0,3188.0,1621.0,1608.0,1636.0,1621.0,1621.0,1126.0,482.0,1135.0,486.0
2.0,3203.0,1554.0,1607.0,1621.0,1551.0,1551.0,1125.0,482.0,1090.0,464.0
2.0,3270.0,1589.0,1607.0,1551.0,1589.0,1589.0,1125.0,482.0,1112.0,477.0
2.0,3232.0,1677.0,1610.0,1589.0,1686.0,1686.0,1127.0,483.0,1173.0,504.0
2.0,3144.0,1702.0,1614.0,1686.0,1714.0,1714.0,1130.0,484.0,1192.0,510.0
2.0,3128.0,1686.0,1616.0,1714.0,1692.0,1692.0,1131.0,485.0,1180.0,506.0
2.0,3156.0,1573.0,1614.0,1692.0,1567.0,1567.0,1130.0,484.0,1100.0,473.0
2.0,3275.0,1506.0,1610.0,1567.0,1494.0,1494.0,1127.0,483.0,1056.0,450.0
2.0,3336.0,1591.0,1608.0,1494.0,1585.0,1585.0,1126.0,482.0,1113.0,478.0
2.0,3239.0,1663.0,1610.0,1585.0,1669.0,1669.0,1127.0,483.0,1163.0,500.0
2.0,3161.0,1681.0,1613.0,1669.0,1690.0,1690.0,1129.0,484.0,1179.0,502.0
2.0,3149.0,1675.0,1616.0,1690.0,1684.0,1684.0,1131.0,485.0,1172.0,503.0
2.0,3164.0,1650.0,1616.0,1684.0,1650.0,1650.0,1131.0,485.0,1155.0,495.0
2.0,3198.0,1638.0,1616.0,1650.0,1638.0,1638.0,1131.0,485.0,1147.0,491.0
2.0,3210.0,1545.0,1613.0,1638.0,1536.0,1536.0,1129.0,484.0,1082.0,463.0
2.0,3303.0,1623.0,1614.0,1536.0,1626.0,1626.0,1130.0,484.0,1135.0,488.0
2.0,3216.0,1528.0,1613.0,1626.0,1525.0,1525.0,1129.0,484.0,1071.0,457.0
2.0,3314.0,1697.0,1616.0,1525.0,1706.0,1706.0,1131.0,485.0,1188.0,509.0
2.0,3142.0,1732.0,1620.0,1706.0,1744.0,1744.0,1134.0,486.0,1213.0,519.0
2.0,3116.0,1645.0,1622.0,1744.0,1651.0,1651.0,1135.0,487.0,1150.0,495.0
2.0,3215.0,1594.0,1620.0,1651.0,1588.0,1588.0,1134.0,486.0,1117.0,477.0
2.0,3272.0,1590.0,1617.0,1588.0,1581.0,1581.0,1132.0,485.0,1111.0,479.0
2.0,3270.0,1567.0,1618.0,1581.0,1570.0,1570.0,1133.0,485.0,1098.0,469.0
2.0,3284.0,1614.0,1619.0,1570.0,1617.0,1617.0,1133.0,486.0,1130.0,484.0
2.0,3240.0,1713.0,1621.0,1617.0,1719.0,1719.0,1135.0,486.0,1199.0,514.0
2.0,3144.0,1710.0,1624.0,1719.0,1719.0,1719.0,1137.0,487.0,1198.0,512.0
2.0,3153.0,1722.0,1626.0,1719.0,1728.0,1728.0,1138.0,488.0,1205.0,517.0
2.0,3150.0,1549.0,1624.0,1728.0,1543.0,1543.0,1137.0,487.0,1085.0,464.0
2.0,3329.0,1578.0,1623.0,1543.0,1575.0,1575.0,1136.0,487.0,1104.0,474.0
2.0,3294.0,1611.0,1621.0,1575.0,1605.0,1605.0,1135.0,486.0,1128.0,483.0
2.0,3258.0,1673.0,1624.0,1605.0,1682.0,1682.0,1137.0,487.0,1171.0,502.0
2.0,3190.0,1664.0,1626.0,1682.0,1670.0,1670.0,1138.0,488.0,1166.0,498.0
2.0,3208.0,1669.0,1628.0,1670.0,1675.0,1675.0,1140.0,488.0,1167.0,502.0
2.0,3209.0,1656.0,1630.0,1675.0,1662.0,1662.0,1141.0,489.0,1160.0,496.0
2.0,3228.0,1614.0,1627.0,1662.0,1605.0,1605.0,1139.0,488.0,1131.0,483.0
2.0,3276.0,1558.0,1625.0,1605.0,1552.0,1552.0,1138.0,487.0,1090.0,468.0
2.0,3323.0,1634.0,1625.0,1552.0,1634.0,1634.0,1138.0,487.0,1144.0,490.0
2.0,3241.0,1714.0,1627.0,1634.0,1720.0,1720.0,1139.0,488.0,1199.0,515.0
2.0,3161.0,1716.0,1631.0,1720.0,1728.0,1728.0,1142.0,489.0,1201.0,515.0
2.0,3165.0,1722.0,1634.0,1728.0,1731.0,1731.0,1144.0,490.0,1205.0,517.0
2.0,3171.0,1694.0,1635.0,1731.0,1697.0,1697.0,1145.0,490.0,1187.0,507.0
2.0,3208.0,1634.0,1635.0,1697.0,1634.0,1634.0,1145.0,490.0,1144.0,490.0
2.0,3271.0,1528.0,1631.0,1634.0,1516.0,1516.0,1142.0,489.0,1070.0,458.0
2.0,3377.0,1565.0,1630.0,1516.0,1562.0,1562.0,1141.0,489.0,1097.0,468.0
2.0,3328.0,1669.0,1631.0,1562.0,1672.0,1672.0,1142.0,489.0,1167.0,502.0
2.0,3221.0,1722.0,1637.0,1672.0,1740.0,1740.0,1146.0,491.0,1206.0,516.0
2.0,3171.0,1751.0,1640.0,1740.0,1760.0,1760.0,1148.0,492.0,1226.0,525.0
2.0,3160.0,1716.0,1643.0,1760.0,1725.0,1725.0,1150.0,493.0,1200.0,516.0
2.0,3204.0,1617.0,1640.0,1725.0,1608.0,1608.0,1148.0,492.0,1133.0,484.0
2.0,3312.0,1653.0,1640.0,1608.0,1653.0,1653.0,1148.0,492.0,1157.0,496.0
2.0,3267.0,1578.0,1638.0,1653.0,1572.0,1572.0,1147.0,491.0,1104.0,474.0
2.0,3342.0,1690.0,1640.0,1572.0,1696.0,1696.0,1148.0,492.0,1184.0,506.0
2.0,3224.0,1759.0,1643.0,1696.0,1768.0,1768.0,1150.0,493.0,1230.0,529.0
2.0,3161.0,1751.0,1646.0,1768.0,1760.0,1760.0,1152.0,494.0,1226.0,525.0
2.0,3178.0,1690.0,1648.0,1760.0,1696.0,1696.0,1154.0,494.0,1182.0,508.0
2.0,3248.0,1637.0,1647.0,1696.0,1634.0,1634.0,1153.0,494.0,1148.0,489.0
2.0,3307.0,1591.0,1645.0,1634.0,1585.0,1585.0,1152.0,493.0,1112.0,479.0
2.0,3350.0,1616.0,1644.0,1585.0,1613.0,1613.0,1151.0,493.0,1131.0,485.0
2.0,3319.0,1714.0,1647.0,1613.0,1723.0,1723.0,1153.0,494.0,1201.0,513.0
2.0,3218.0,1692.0,1650.0,1723.0,1701.0,1701.0,1155.0,495.0,1185.0,507.0
2.0,3249.0,1750.0,1653.0,1701.0,1759.0,1759.0,1157.0,496.0,1225.0,525.0
2.0,3200.0,1660.0,1653.0,1759.0,1660.0,1660.0,1157.0,496.0,1162.0,498.0
2.0,3299.0,1620.0,1652.0,1660.0,1617.0,1617.0,1156.0,496.0,1133.0,487.0
2.0,3339.0,1605.0,1650.0,1617.0,1599.0,1599.0,1155.0,495.0,1125.0,480.0
2.0,3351.0,1630.0,1650.0,1599.0,1630.0,1630.0,1155.0,495.0,1141.0,489.0
2.0,3320.0,1659.0,1650.0,1630.0,1659.0,1659.0,1155.0,495.0,1161.0,498.0
2.0,3291.0,1742.0,1654.0,1659.0,1754.0,1754.0,1158.0,496.0,1217.0,525.0
2.0,3208.0,1741.0,1657.0,1754.0,1750.0,1750.0,1160.0,497.0,1221.0,520.0
2.0,3221.0,1684.0,1660.0,1750.0,1693.0,1693.0,1162.0,498.0,1179.0,505.0
2.0,3287.0,1661.0,1659.0,1693.0,1658.0,1658.0,1161.0,498.0,1163.0,498.0
2.0,3319.0,1673.0,1657.0,1658.0,1667.0,1667.0,1160.0,497.0,1170.0,503.0
2.0,3304.0,1604.0,1657.0,1667.0,1604.0,1604.0,1160.0,497.0,1125.0,479.0
2.0,3367.0,1722.0,1660.0,1604.0,1731.0,1731.0,1162.0,498.0,1204.0,518.0
2.0,3249.0,1750.0,1663.0,1731.0,1759.0,1759.0,1164.0,499.0,1225.0,525.0
2.0,3230.0,1668.0,1664.0,1759.0,1671.0,1671.0,1165.0,499.0,1169.0,499.0
2.0,3321.0,1719.0,1667.0,1671.0,1728.0,1728.0,1167.0,500.0,1203.0,516.0
2.0,3273.0,1601.0,1664.0,1728.0,1592.0,1592.0,1165.0,499.0,1121.0,480.0
2.0,3400.0,1639.0,1663.0,1592.0,1636.0,1636.0,1164.0,499.0,1147.0,492.0
2.0,3353.0,1637.0,1661.0,1636.0,1631.0,1631.0,1163.0,498.0,1145.0,492.0
2.0,3352.0,1691.0,1664.0,1631.0,1700.0,1700.0,1165.0,499.0,1185.0,506.0
2.0,3292.0,1719.0,1667.0,1700.0,1728.0,1728.0,1167.0,500.0,1203.0,516.0
2.0,3273.0,1743.0,1670.0,1728.0,1752.0,1752.0,1169.0,501.0,1220.0,523.0
2.0,3258.0,1681.0,1670.0,1752.0,1681.0,1681.0,1169.0,501.0,1177.0,504.0
2.0,3329.0,1630.0,1669.0,1681.0,1627.0,1627.0,1168.0,501.0,1141.0,489.0
2.0,3380.0,1666.0,1669.0,1627.0,1666.0,1666.0,1168.0,501.0,1166.0,500.0
2.0,3341.0,1656.0,1669.0,1666.0,1656.0,1656.0,1168.0,501.0,1159.0,497.0
2.0,3351.0,1724.0,1671.0,1656.0,1730.0,1730.0,1170.0,501.0,1208.0,516.0
2.0,3283.0,1789.0,1676.0,1730.0,1804.0,1804.0,1173.0,503.0,1251.0,538.0
2.0,3224.0,1812.0,1679.0,1804.0,1821.0,1821.0,1175.0,504.0,1268.0,544.0
2.0,3216.0,1686.0,1678.0,1821.0,1683.0,1683.0,1175.0,503.0,1180.0,506.0
2.0,3351.0,1720.0,1678.0,1683.0,1720.0,1720.0,1175.0,503.0,1204.0,516.0
2.0,3314.0,1613.0,1676.0,1720.0,1607.0,1607.0,1173.0,503.0,1130.0,483.0
2.0,3421.0,1647.0,1676.0,1607.0,1647.0,1647.0,1173.0,503.0,1152.0,495.0
2.0,3381.0,1686.0,1676.0,1647.0,1686.0,1686.0,1173.0,503.0,1181.0,505.0
2.0,3342.0,1798.0,1681.0,1686.0,1813.0,1813.0,1177.0,504.0,1257.0,541.0
2.0,3230.0,1737.0,1684.0,1813.0,1746.0,1746.0,1179.0,505.0,1218.0,519.0
2.0,3306.0,1757.0,1687.0,1746.0,1766.0,1766.0,1181.0,506.0,1229.0,528.0
2.0,3295.0,1679.0,1686.0,1766.0,1676.0,1676.0,1180.0,506.0,1175.0,504.0
2.0,3382.0,1661.0,1684.0,1676.0,1655.0,1655.0,1179.0,505.0,1164.0,497.0
2.0,3397.0,1680.0,1683.0,1655.0,1677.0,1677.0,1178.0,505.0,1176.0,504.0
2.0,3372.0,1683.0,1684.0,1677.0,1686.0,1686.0,1179.0,505.0,1176.0,507.0
2.0,3366.0,1773.0,1687.0,1686.0,1782.0,1782.0,1181.0,506.0,1243.0,530.0
2.0,3279.0,1763.0,1690.0,1782.0,1772.0,1772.0,1183.0,507.0,1234.0,529.0
2.0,3298.0,1722.0,1691.0,1772.0,1725.0,1725.0,1184.0,507.0,1206.0,516.0
2.0,3348.0,1678.0,1690.0,1725.0,1675.0,1675.0,1183.0,507.0,1174.0,504.0
2.0,3395.0,1585.0,1686.0,1675.0,1573.0,1573.0,1180.0,506.0,1110.0,475.0
2.0,3485.0,1593.0,1684.0,1573.0,1587.0,1587.0,1179.0,505.0,1114.0,479.0
2.0,3465.0,1697.0,1686.0,1587.0,1703.0,1703.0,1180.0,506.0,1188.0,509.0
2.0,3355.0,1749.0,1689.0,1703.0,1758.0,1758.0,1182.0,507.0,1224.0,525.0
2.0,3309.0,1694.0,1690.0,1758.0,1697.0,1697.0,1183.0,507.0,1187.0,507.0
2.0,3373.0,1772.0,1691.0,1697.0,1775.0,1775.0,1184.0,507.0,1239.0,533.0
2.0,3298.0,1657.0,1690.0,1775.0,1654.0,1654.0,1183.0,507.0,1162.0,495.0
2.0,3416.0,1580.0,1687.0,1654.0,1571.0,1571.0,1181.0,506.0,1104.0,476.0
2.0,3490.0,1667.0,1687.0,1571.0,1667.0,1667.0,1181.0,506.0,1167.0,500.0
2.0,3394.0,1736.0,1690.0,1667.0,1745.0,1745.0,1183.0,507.0,1216.0,520.0
2.0,3325.0,1759.0,1693.0,1745.0,1768.0,1768.0,1185.0,508.0,1231.0,528.0
2.0,3311.0,1805.0,1696.0,1768.0,1814.0,1814.0,1187.0,509.0,1263.0,542.0
2.0,3274.0,1730.0,1697.0,1814.0,1733.0,1733.0,1188.0,509.0,1212.0,518.0
2.0,3358.0,1640.0,1696.0,1733.0,1637.0,1637.0,1187.0,509.0,1147.0,493.0
2.0,3451.0,1623.0,1693.0,1637.0,1614.0,1614.0,1185.0,508.0,1137.0,486.0
2.0,3465.0,1664.0,1693.0,1614.0,1664.0,1664.0,1185.0,508.0,1165.0,499.0
2.0,3415.0,1700.0,1693.0,1664.0,1700.0,1700.0,1185.0,508.0,1190.0,510.0
2.0,3379.0,1799.0,1696.0,1700.0,1808.0,1808.0,1187.0,509.0,1259.0,540.0
2.0,3280.0,1852.0,1700.0,1808.0,1864.0,1864.0,1190.0,510.0,1297.0,555.0
2.0,3236.0,1724.0,1700.0,1864.0,1724.0,1724.0,1190.0,510.0,1207.0,517.0
2.0,3376.0,1714.0,1700.0,1724.0,1714.0,1714.0,1190.0,510.0,1199.0,515.0
2.0,3386.0,1641.0,1700.0,1714.0,1641.0,1641.0,1190.0,510.0,1149.0,492.0
2.0,3459.0,1661.0,1698.0,1641.0,1655.0,1655.0,1189.0,509.0,1163.0,498.0
2.0,3439.0,1786.0,1702.0,1655.0,1798.0,1798.0,1191.0,511.0,1250.0,536.0
2.0,3308.0,1736.0,1704.0,1798.0,1742.0,1742.0,1193.0,511.0,1216.0,520.0
2.0,3370.0,1747.0,1706.0,1742.0,1753.0,1753.0,1194.0,512.0,1222.0,525.0
2.0,3365.0,1710.0,1706.0,1753.0,1710.0,1710.0,1194.0,512.0,1198.0,512.0
2.0,3408.0,1634.0,1704.0,1710.0,1628.0,1628.0,1193.0,511.0,1143.0,491.0
2.0,3484.0,1651.0,1703.0,1628.0,1648.0,1648.0,1192.0,511.0,1157.0,494.0
2.0,3461.0,1680.0,1703.0,1648.0,1680.0,1680.0,1192.0,511.0,1176.0,504.0
2.0,3429.0,1683.0,1704.0,1680.0,1686.0,1686.0,1193.0,511.0,1176.0,507.0
2.0,3426.0,1750.0,1706.0,1686.0,1756.0,1756.0,1194.0,512.0,1226.0,524.0
2.0,3362.0,1786.0,1708.0,1756.0,1792.0,1792.0,1196.0,512.0,1250.0,536.0
2.0,3332.0,1737.0,1708.0,1792.0,1737.0,1737.0,1196.0,512.0,1216.0,521.0
2.0,3387.0,1668.0,1706.0,1737.0,1662.0,1662.0,1194.0,512.0,1169.0,499.0
2.0,3456.0,1601.0,1701.0,1662.0,1586.0,1586.0,1191.0,510.0,1120.0,481.0
2.0,3517.0,1680.0,1701.0,1586.0,1680.0,1680.0,1191.0,510.0,1176.0,504.0
2.0,3423.0,1690.0,1701.0,1680.0,1690.0,1690.0,1191.0,510.0,1183.0,507.0
2.0,3413.0,1782.0,1704.0,1690.0,1791.0,1791.0,1193.0,511.0,1247.0,535.0
2.0,3321.0,1736.0,1706.0,1791.0,1742.0,1742.0,1194.0,512.0,1216.0,520.0
2.0,3376.0,1789.0,1708.0,1742.0,1795.0,1795.0,1196.0,512.0,1251.0,538.0
2.0,3329.0,1685.0,1706.0,1795.0,1679.0,1679.0,1194.0,512.0,1181.0,504.0
2.0,3439.0,1691.0,1705.0,1679.0,1688.0,1688.0,1194.0,511.0,1184.0,507.0
2.0,3427.0,1708.0,1704.0,1688.0,1705.0,1705.0,1193.0,511.0,1195.0,513.0
2.0,3407.0,1709.0,1704.0,1705.0,1709.0,1709.0,1193.0,511.0,1196.0,513.0
2.0,3403.0,1757.0,1707.0,1709.0,1766.0,1766.0,1195.0,512.0,1232.0,525.0
2.0,3355.0,1820.0,1709.0,1766.0,1826.0,1826.0,1196.0,513.0,1273.0,547.0
2.0,3301.0,1723.0,1710.0,1826.0,1726.0,1726.0,1197.0,513.0,1207.0,516.0
2.0,3404.0,1711.0,1709.0,1726.0,1708.0,1708.0,1196.0,513.0,1197.0,514.0
2.0,3419.0,1661.0,1707.0,1708.0,1655.0,1655.0,1195.0,512.0,1162.0,499.0
2.0,3466.0,1638.0,1706.0,1655.0,1635.0,1635.0,1194.0,512.0,1148.0,490.0
2.0,3483.0,1763.0,1707.0,1635.0,1766.0,1766.0,1195.0,512.0,1233.0,530.0
2.0,3355.0,1795.0,1711.0,1766.0,1807.0,1807.0,1198.0,513.0,1257.0,538.0
2.0,3326.0,1795.0,1714.0,1807.0,1804.0,1804.0,1200.0,514.0,1256.0,539.0
2.0,3338.0,1760.0,1716.0,1804.0,1766.0,1766.0,1201.0,515.0,1233.0,527.0
2.0,3382.0,1695.0,1714.0,1766.0,1689.0,1689.0,1200.0,514.0,1186.0,509.0
2.0,3453.0,1649.0,1714.0,1689.0,1649.0,1649.0,1200.0,514.0,1154.0,495.0
2.0,3493.0,1748.0,1714.0,1649.0,1748.0,1748.0,1200.0,514.0,1224.0,524.0
2.0,3394.0,1743.0,1716.0,1748.0,1749.0,1749.0,1201.0,515.0,1221.0,522.0
2.0,3399.0,1830.0,1720.0,1749.0,1842.0,1842.0,1204.0,516.0,1282.0,548.0
2.0,3318.0,1815.0,1723.0,1842.0,1824.0,1824.0,1206.0,517.0,1270.0,545.0
2.0,3345.0,1758.0,1723.0,1824.0,1758.0,1758.0,1206.0,517.0,1231.0,527.0
2.0,3411.0,1673.0,1721.0,1758.0,1667.0,1667.0,1205.0,516.0,1170.0,503.0
2.0,3496.0,1687.0,1720.0,1667.0,1684.0,1684.0,1204.0,516.0,1182.0,505.0
2.0,3476.0,1694.0,1719.0,1684.0,1691.0,1691.0,1203.0,516.0,1185.0,509.0
2.0,3466.0,1693.0,1720.0,1691.0,1696.0,1696.0,1204.0,516.0,1186.0,507.0
2.0,3464.0,1881.0,1724.0,1696.0,1893.0,1893.0,1207.0,517.0,1315.0,566.0
2.0,3279.0,1834.0,1728.0,1893.0,1846.0,1846.0,1210.0,518.0,1284.0,550.0
2.0,3338.0,1782.0,1730.0,1846.0,1788.0,1788.0,1211.0,519.0,1248.0,534.0
2.0,3402.0,1661.0,1727.0,1788.0,1652.0,1652.0,1209.0,518.0,1164.0,497.0
2.0,3529.0,1775.0,1726.0,1652.0,1772.0,1772.0,1208.0,518.0,1242.0,533.0
2.0,3406.0,1673.0,1724.0,1772.0,1667.0,1667.0,1207.0,517.0,1170.0,503.0
2.0,3505.0,1801.0,1726.0,1667.0,1807.0,1807.0,1208.0,518.0,1262.0,539.0
2.0,3371.0,1775.0,1729.0,1807.0,1784.0,1784.0,1210.0,519.0,1242.0,533.0
2.0,3403.0,1818.0,1731.0,1784.0,1824.0,1824.0,1212.0,519.0,1272.0,546.0
2.0,3369.0,1797.0,1732.0,1824.0,1800.0,1800.0,1212.0,520.0,1258.0,539.0
2.0,3396.0,1644.0,1730.0,1800.0,1638.0,1638.0,1211.0,519.0,1152.0,492.0
2.0,3552.0,1694.0,1729.0,1638.0,1691.0,1691.0,1210.0,519.0,1185.0,509.0
2.0,3496.0,1687.0,1729.0,1691.0,1687.0,1687.0,1210.0,519.0,1181.0,506.0
2.0,3500.0,1766.0,1731.0,1687.0,1772.0,1772.0,1212.0,519.0,1236.0,530.0
2.0,3421.0,1836.0,1734.0,1772.0,1845.0,1845.0,1214.0,520.0,1285.0,551.0
2.0,3357.0,1813.0,1737.0,1845.0,1822.0,1822.0,1216.0,521.0,1269.0,544.0
2.0,3389.0,1743.0,1738.0,1822.0,1746.0,1746.0,1217.0,521.0,1221.0,522.0
2.0,3468.0,1743.0,1738.0,1746.0,1743.0,1743.0,1217.0,521.0,1220.0,523.0
2.0,3471.0,1675.0,1736.0,1743.0,1669.0,1669.0,1215.0,521.0,1173.0,502.0
2.0,3539.0,1688.0,1735.0,1669.0,1685.0,1685.0,1215.0,520.0,1182.0,506.0
2.0,3520.0,1816.0,1738.0,1685.0,1825.0,1825.0,1217.0,521.0,1270.0,546.0
2.0,3389.0,1868.0,1743.0,1825.0,1883.0,1883.0,1220.0,523.0,1309.0,559.0
2.0,3346.0,1753.0,1744.0,1883.0,1756.0,1756.0,1221.0,523.0,1226.0,527.0
2.0,3476.0,1840.0,1747.0,1756.0,1849.0,1849.0,1223.0,524.0,1290.0,550.0
2.0,3392.0,1740.0,1747.0,1849.0,1740.0,1740.0,1223.0,524.0,1217.0,523.0
2.0,3501.0,1671.0,1746.0,1740.0,1668.0,1668.0,1222.0,524.0,1169.0,502.0
2.0,3570.0,1721.0,1744.0,1668.0,1715.0,1715.0,1221.0,523.0,1205.0,516.0
2.0,3517.0,1740.0,1746.0,1715.0,1746.0,1746.0,1222.0,524.0,1218.0,522.0
2.0,3492.0,1814.0,1747.0,1746.0,1817.0,1817.0,1223.0,524.0,1272.0,542.0
2.0,3424.0,1800.0,1750.0,1817.0,1809.0,1809.0,1225.0,525.0,1259.0,541.0
2.0,3441.0,1794.0,1751.0,1809.0,1797.0,1797.0,1226.0,525.0,1257.0,537.0
2.0,3456.0,1667.0,1750.0,1797.0,1664.0,1664.0,1225.0,525.0,1166.0,501.0
2.0,3586.0,1691.0,1747.0,1664.0,1682.0,1682.0,1223.0,524.0,1184.0,507.0
2.0,3559.0,1710.0,1747.0,1682.0,1710.0,1710.0,1223.0,524.0,1197.0,513.0
2.0,3531.0,1782.0,1748.0,1710.0,1785.0,1785.0,1224.0,524.0,1246.0,536.0
2.0,3459.0,1832.0,1751.0,1785.0,1841.0,1841.0,1226.0,525.0,1282.0,550.0
2.0,3412.0,1842.0,1755.0,1841.0,1854.0,1854.0,1229.0,526.0,1290.0,552.0
2.0,3411.0,1806.0,1756.0,1854.0,1809.0,1809.0,1229.0,527.0,1264.0,542.0
2.0,3459.0,1691.0,1754.0,1809.0,1685.0,1685.0,1228.0,526.0,1185.0,506.0
2.0,3577.0,1707.0,1753.0,1685.0,1704.0,1704.0,1227.0,526.0,1194.0,513.0
2.0,3555.0,1707.0,1751.0,1704.0,1701.0,1701.0,1226.0,525.0,1194.0,513.0
2.0,3552.0,1795.0,1753.0,1701.0,1801.0,1801.0,1227.0,526.0,1258.0,537.0
2.0,3458.0,1865.0,1757.0,1801.0,1877.0,1877.0,1230.0,527.0,1305.0,560.0
2.0,3394.0,1877.0,1760.0,1877.0,1886.0,1886.0,1232.0,528.0,1314.0,563.0
2.0,3394.0,1768.0,1760.0,1886.0,1768.0,1768.0,1232.0,528.0,1238.0,530.0
2.0,3512.0,1806.0,1760.0,1768.0,1806.0,1806.0,1232.0,528.0,1264.0,542.0
2.0,3474.0,1612.0,1756.0,1806.0,1600.0,1600.0,1229.0,527.0,1129.0,483.0
2.0,3668.0,1741.0,1756.0,1600.0,1741.0,1741.0,1229.0,527.0,1219.0,522.0
2.0,3527.0,1767.0,1757.0,1741.0,1770.0,1770.0,1230.0,527.0,1236.0,531.0
2.0,3501.0,1872.0,1761.0,1770.0,1884.0,1884.0,1233.0,528.0,1310.0,562.0
2.0,3399.0,1832.0,1764.0,1884.0,1841.0,1841.0,1235.0,529.0,1284.0,548.0
2.0,3451.0,1780.0,1766.0,1841.0,1786.0,1786.0,1236.0,530.0,1245.0,535.0
2.0,3512.0,1727.0,1763.0,1786.0,1718.0,1718.0,1234.0,529.0,1209.0,518.0
2.0,3571.0,1763.0,1761.0,1718.0,1757.0,1757.0,1233.0,528.0,1233.0,530.0
2.0,3526.0,1715.0,1760.0,1757.0,1712.0,1712.0,1232.0,528.0,1203.0,512.0
2.0,3568.0,1832.0,1763.0,1712.0,1841.0,1841.0,1234.0,529.0,1282.0,550.0
2.0,3448.0,1831.0,1764.0,1841.0,1834.0,1834.0,1235.0,529.0,1282.0,549.0
2.0,3458.0,1895.0,1768.0,1834.0,1907.0,1907.0,1238.0,530.0,1325.0,570.0
2.0,3397.0,1813.0,1769.0,1907.0,1816.0,1816.0,1238.0,531.0,1269.0,544.0
2.0,3491.0,1796.0,1769.0,1816.0,1796.0,1796.0,1238.0,531.0,1258.0,538.0
2.0,3511.0,1718.0,1767.0,1796.0,1712.0,1712.0,1237.0,530.0,1204.0,514.0
2.0,3589.0,1705.0,1766.0,1712.0,1702.0,1702.0,1236.0,530.0,1192.0,513.0
2.0,3596.0,1845.0,1769.0,1702.0,1854.0,1854.0,1238.0,531.0,1292.0,553.0
2.0,3453.0,1870.0,1773.0,1854.0,1882.0,1882.0,1241.0,532.0,1309.0,561.0
2.0,3437.0,1893.0,1777.0,1882.0,1905.0,1905.0,1244.0,533.0,1326.0,567.0
2.0,3426.0,1830.0,1777.0,1905.0,1830.0,1830.0,1244.0,533.0,1282.0,548.0
2.0,3501.0,1785.0,1777.0,1830.0,1785.0,1785.0,1244.0,533.0,1249.0,536.0
2.0,3546.0,1698.0,1774.0,1785.0,1689.0,1689.0,1242.0,532.0,1188.0,510.0
2.0,3633.0,1704.0,1774.0,1689.0,1704.0,1704.0,1242.0,532.0,1194.0,510.0
2.0,3618.0,1794.0,1774.0,1704.0,1794.0,1794.0,1242.0,532.0,1255.0,539.0
2.0,3528.0,1825.0,1777.0,1794.0,1834.0,1834.0,1244.0,533.0,1279.0,546.0
2.0,3497.0,1860.0,1781.0,1834.0,1872.0,1872.0,1247.0,534.0,1302.0,558.0
2.0,3471.0,1867.0,1781.0,1872.0,1867.0,1867.0,1247.0,534.0,1306.0,561.0
2.0,3476.0,1729.0,1780.0,1867.0,1726.0,1726.0,1246.0,534.0,1211.0,518.0
2.0,3614.0,1721.0,1778.0,1726.0,1715.0,1715.0,1245.0,533.0,1205.0,516.0
2.0,3619.0,1684.0,1776.0,1715.0,1678.0,1678.0,1243.0,533.0,1179.0,505.0
2.0,3650.0,1773.0,1776.0,1678.0,1773.0,1773.0,1243.0,533.0,1241.0,532.0
2.0,3555.0,1888.0,1780.0,1773.0,1900.0,1900.0,1246.0,534.0,1322.0,566.0
2.0,3440.0,1907.0,1784.0,1900.0,1919.0,1919.0,1249.0,535.0,1335.0,572.0
2.0,3433.0,1838.0,1786.0,1919.0,1844.0,1844.0,1250.0,536.0,1286.0,552.0
2.0,3514.0,1800.0,1786.0,1844.0,1800.0,1800.0,1250.0,536.0,1259.0,541.0
2.0,3558.0,1751.0,1784.0,1800.0,1745.0,1745.0,1249.0,535.0,1226.0,525.0
2.0,3607.0,1681.0,1783.0,1745.0,1678.0,1678.0,1248.0,535.0,1177.0,504.0
2.0,3671.0,1855.0,1786.0,1678.0,1864.0,1864.0,1250.0,536.0,1299.0,556.0
2.0,3494.0,1797.0,1788.0,1864.0,1803.0,1803.0,1252.0,536.0,1257.0,540.0
2.0,3561.0,1859.0,1791.0,1803.0,1868.0,1868.0,1254.0,537.0,1303.0,556.0
2.0,3505.0,1862.0,1793.0,1868.0,1868.0,1868.0,1255.0,538.0,1302.0,560.0
2.0,3511.0,1742.0,1791.0,1868.0,1736.0,1736.0,1254.0,537.0,1221.0,521.0
2.0,3637.0,1791.0,1790.0,1736.0,1788.0,1788.0,1253.0,537.0,1254.0,537.0
2.0,3582.0,1745.0,1788.0,1788.0,1739.0,1739.0,1252.0,536.0,1221.0,524.0
2.0,3625.0,1773.0,1790.0,1739.0,1779.0,1779.0,1253.0,537.0,1242.0,531.0
2.0,3591.0,1877.0,1794.0,1779.0,1889.0,1889.0,1256.0,538.0,1314.0,563.0
2.0,3493.0,1886.0,1797.0,1889.0,1895.0,1895.0,1258.0,539.0,1320.0,566.0
2.0,3496.0,1800.0,1797.0,1895.0,1800.0,1800.0,1258.0,539.0,1260.0,540.0
2.0,3591.0,1821.0,1796.0,1800.0,1818.0,1818.0,1257.0,539.0,1275.0,546.0
2.0,3570.0,1714.0,1793.0,1818.0,1705.0,1705.0,1255.0,538.0,1200.0,514.0
2.0,3674.0,1829.0,1794.0,1705.0,1832.0,1832.0,1256.0,538.0,1279.0,550.0
2.0,3550.0,1806.0,1794.0,1832.0,1806.0,1806.0,1256.0,538.0,1264.0,542.0
2.0,3576.0,1860.0,1799.0,1806.0,1875.0,1875.0,1259.0,540.0,1303.0,557.0
2.0,3522.0,1863.0,1801.0,1875.0,1869.0,1869.0,1261.0,540.0,1303.0,560.0
2.0,3534.0,1872.0,1803.0,1869.0,1878.0,1878.0,1262.0,541.0,1312.0,560.0
2.0,3531.0,1781.0,1801.0,1878.0,1775.0,1775.0,1261.0,540.0,1246.0,535.0
2.0,3628.0,1774.0,1800.0,1775.0,1771.0,1771.0,1260.0,540.0,1243.0,531.0
2.0,3629.0,1763.0,1800.0,1771.0,1763.0,1763.0,1260.0,540.0,1234.0,529.0
2.0,3637.0,1753.0,1801.0,1763.0,1756.0,1756.0,1261.0,540.0,1227.0,526.0
2.0,3647.0,1889.0,1803.0,1756.0,1895.0,1895.0,1262.0,541.0,1322.0,567.0
2.0,3514.0,1840.0,1806.0,1895.0,1849.0,1849.0,1264.0,542.0,1287.0,553.0
2.0,3569.0,1797.0,1804.0,1849.0,1791.0,1791.0,1263.0,541.0,1258.0,539.0
2.0,3621.0,1798.0,1804.0,1791.0,1798.0,1798.0,1263.0,541.0,1260.0,538.0
2.0,3614.0,1690.0,1800.0,1798.0,1678.0,1678.0,1260.0,540.0,1183.0,507.0
2.0,3722.0,1848.0,1801.0,1678.0,1851.0,1851.0,1261.0,540.0,1292.0,556.0
2.0,3552.0,1900.0,1803.0,1851.0,1906.0,1906.0,1262.0,541.0,1332.0,568.0
2.0,3503.0,1825.0,1805.0,1906.0,1831.0,1831.0,1264.0,541.0,1276.0,549.0
2.0,3584.0,1880.0,1808.0,1831.0,1889.0,1889.0,1266.0,542.0,1316.0,564.0
2.0,3535.0,1877.0,1809.0,1889.0,1880.0,1880.0,1266.0,543.0,1315.0,562.0
2.0,3547.0,1783.0,1807.0,1880.0,1777.0,1777.0,1265.0,542.0,1249.0,534.0
2.0,3644.0,1808.0,1806.0,1777.0,1805.0,1805.0,1264.0,542.0,1265.0,543.0
2.0,3613.0,1797.0,1805.0,1805.0,1794.0,1794.0,1264.0,541.0,1257.0,540.0
2.0,3621.0,1843.0,1806.0,1794.0,1846.0,1846.0,1264.0,542.0,1291.0,552.0
2.0,3572.0,1902.0,1810.0,1846.0,1914.0,1914.0,1267.0,543.0,1332.0,570.0
2.0,3516.0,1910.0,1814.0,1914.0,1922.0,1922.0,1270.0,544.0,1337.0,573.0
2.0,3520.0,1863.0,1816.0,1922.0,1869.0,1869.0,1271.0,545.0,1303.0,560.0
2.0,3579.0,1770.0,1814.0,1869.0,1764.0,1764.0,1270.0,544.0,1239.0,531.0
2.0,3678.0,1714.0,1811.0,1764.0,1705.0,1705.0,1268.0,543.0,1200.0,514.0
2.0,3728.0,1771.0,1810.0,1705.0,1768.0,1768.0,1267.0,543.0,1241.0,530.0
2.0,3662.0,1830.0,1811.0,1768.0,1833.0,1833.0,1268.0,543.0,1280.0,550.0
2.0,3600.0,1896.0,1814.0,1833.0,1905.0,1905.0,1270.0,544.0,1327.0,569.0
2.0,3537.0,1835.0,1818.0,1905.0,1847.0,1847.0,1273.0,545.0,1284.0,551.0
2.0,3607.0,1914.0,1820.0,1847.0,1920.0,1920.0,1274.0,546.0,1342.0,572.0
2.0,3540.0,1780.0,1819.0,1920.0,1777.0,1777.0,1273.0,546.0,1244.0,536.0
2.0,3680.0,1767.0,1816.0,1777.0,1758.0,1758.0,1271.0,545.0,1238.0,529.0
2.0,3690.0,1793.0,1814.0,1758.0,1787.0,1787.0,1270.0,544.0,1254.0,539.0
2.0,3655.0,1883.0,1817.0,1787.0,1892.0,1892.0,1272.0,545.0,1319.0,564.0
2.0,3559.0,1985.0,1821.0,1892.0,1997.0,1997.0,1275.0,546.0,1388.0,597.0
2.0,3466.0,1928.0,1826.0,1997.0,1943.0,1943.0,1278.0,548.0,1350.0,578.0
2.0,3535.0,1870.0,1826.0,1943.0,1870.0,1870.0,1278.0,548.0,1310.0,560.0
2.0,3608.0,1780.0,1826.0,1870.0,1780.0,1780.0,1278.0,548.0,1246.0,534.0
2.0,3698.0,1739.0,1823.0,1780.0,1730.0,1730.0,1276.0,547.0,1218.0,521.0
2.0,3739.0,1768.0,1821.0,1730.0,1762.0,1762.0,1275.0,546.0,1237.0,531.0
2.0,3701.0,1785.0,1823.0,1762.0,1791.0,1791.0,1276.0,547.0,1250.0,535.0
2.0,3678.0,1922.0,1825.0,1791.0,1928.0,1928.0,1278.0,547.0,1345.0,577.0
2.0,3547.0,1923.0,1828.0,1928.0,1932.0,1932.0,1280.0,548.0,1346.0,577.0
2.0,3552.0,1927.0,1831.0,1932.0,1936.0,1936.0,1282.0,549.0,1349.0,578.0
2.0,3557.0,1827.0,1830.0,1936.0,1824.0,1824.0,1281.0,549.0,1281.0,546.0
2.0,3666.0,1781.0,1828.0,1824.0,1775.0,1775.0,1280.0,548.0,1246.0,535.0
2.0,3709.0,1765.0,1827.0,1775.0,1762.0,1762.0,1279.0,548.0,1235.0,530.0
2.0,3719.0,1863.0,1828.0,1762.0,1866.0,1866.0,1280.0,548.0,1305.0,558.0
2.0,3618.0,1919.0,1833.0,1866.0,1934.0,1934.0,1283.0,550.0,1343.0,576.0
2.0,3565.0,1910.0,1834.0,1934.0,1913.0,1913.0,1284.0,550.0,1338.0,572.0
2.0,3589.0,1885.0,1836.0,1913.0,1891.0,1891.0,1285.0,551.0,1318.0,567.0
2.0,3617.0,1821.0,1834.0,1891.0,1815.0,1815.0,1284.0,550.0,1275.0,546.0
2.0,3687.0,1841.0,1834.0,1815.0,1841.0,1841.0,1284.0,550.0,1289.0,552.0
2.0,3661.0,1817.0,1833.0,1841.0,1814.0,1814.0,1283.0,550.0,1273.0,544.0
2.0,3685.0,1827.0,1834.0,1814.0,1830.0,1830.0,1284.0,550.0,1278.0,549.0
2.0,3672.0,1914.0,1837.0,1830.0,1923.0,1923.0,1286.0,551.0,1341.0,573.0
2.0,3588.0,1973.0,1841.0,1923.0,1985.0,1985.0,1289.0,552.0,1382.0,591.0
2.0,3538.0,1859.0,1843.0,1985.0,1865.0,1865.0,1290.0,553.0,1300.0,559.0
2.0,3664.0,1790.0,1841.0,1865.0,1784.0,1784.0,1289.0,552.0,1252.0,538.0
2.0,3739.0,1777.0,1840.0,1784.0,1774.0,1774.0,1288.0,552.0,1246.0,531.0
2.0,3746.0,1806.0,1840.0,1774.0,1806.0,1806.0,1288.0,552.0,1264.0,542.0
2.0,3714.0,1840.0,1841.0,1806.0,1843.0,1843.0,1289.0,552.0,1286.0,554.0
2.0,3680.0,1950.0,1846.0,1843.0,1965.0,1965.0,1292.0,554.0,1366.0,584.0
2.0,3573.0,1904.0,1847.0,1965.0,1907.0,1907.0,1293.0,554.0,1334.0,570.0
2.0,3634.0,1856.0,1846.0,1907.0,1853.0,1853.0,1292.0,554.0,1299.0,557.0
2.0,3685.0,1824.0,1846.0,1853.0,1824.0,1824.0,1292.0,554.0,1277.0,547.0
2.0,3714.0,1808.0,1844.0,1824.0,1802.0,1802.0,1291.0,553.0,1265.0,543.0
2.0,3730.0,1832.0,1844.0,1802.0,1832.0,1832.0,1291.0,553.0,1284.0,548.0
2.0,3700.0,1944.0,1847.0,1832.0,1953.0,1953.0,1293.0,554.0,1361.0,583.0
2.0,3588.0,1913.0,1849.0,1953.0,1919.0,1919.0,1294.0,555.0,1339.0,574.0
2.0,3628.0,1909.0,1851.0,1919.0,1915.0,1915.0,1296.0,555.0,1337.0,572.0
2.0,3638.0,1827.0,1851.0,1915.0,1827.0,1827.0,1296.0,555.0,1279.0,548.0
2.0,3726.0,1793.0,1848.0,1827.0,1784.0,1784.0,1294.0,554.0,1254.0,539.0
2.0,3760.0,1774.0,1846.0,1784.0,1768.0,1768.0,1292.0,554.0,1242.0,532.0
2.0,3770.0,1808.0,1845.0,1768.0,1805.0,1805.0,1292.0,553.0,1265.0,543.0
2.0,3730.0,1882.0,1847.0,1805.0,1888.0,1888.0,1293.0,554.0,1319.0,563.0
2.0,3653.0,1915.0,1851.0,1888.0,1927.0,1927.0,1296.0,555.0,1338.0,577.0
2.0,3626.0,1966.0,1854.0,1927.0,1975.0,1975.0,1298.0,556.0,1377.0,589.0
2.0,3587.0,1869.0,1856.0,1975.0,1875.0,1875.0,1299.0,557.0,1308.0,561.0
2.0,3693.0,1890.0,1856.0,1875.0,1890.0,1890.0,1299.0,557.0,1323.0,567.0
2.0,3678.0,1795.0,1854.0,1890.0,1789.0,1789.0,1298.0,556.0,1257.0,538.0
2.0,3773.0,1755.0,1851.0,1789.0,1746.0,1746.0,1296.0,555.0,1229.0,526.0
2.0,3807.0,1850.0,1853.0,1746.0,1856.0,1856.0,1297.0,556.0,1296.0,554.0
2.0,3703.0,1887.0,1855.0,1856.0,1893.0,1893.0,1299.0,556.0,1320.0,567.0
2.0,3672.0,1953.0,1858.0,1893.0,1962.0,1962.0,1301.0,557.0,1367.0,586.0
2.0,3612.0,1894.0,1858.0,1962.0,1894.0,1894.0,1301.0,557.0,1326.0,568.0
2.0,3680.0,1851.0,1856.0,1894.0,1845.0,1845.0,1299.0,557.0,1297.0,554.0
2.0,3723.0,1765.0,1853.0,1845.0,1756.0,1756.0,1297.0,556.0,1236.0,529.0
2.0,3803.0,1866.0,1853.0,1756.0,1866.0,1866.0,1297.0,556.0,1306.0,560.0
2.0,3693.0,1894.0,1855.0,1866.0,1900.0,1900.0,1299.0,556.0,1325.0,569.0
2.0,3665.0,1943.0,1859.0,1900.0,1955.0,1955.0,1301.0,558.0,1361.0,582.0
2.0,3622.0,1949.0,1863.0,1955.0,1961.0,1961.0,1304.0,559.0,1364.0,585.0
2.0,3628.0,1950.0,1866.0,1961.0,1959.0,1959.0,1306.0,560.0,1365.0,585.0
2.0,3639.0,1840.0,1864.0,1959.0,1834.0,1834.0,1305.0,559.0,1289.0,551.0
2.0,3758.0,1838.0,1863.0,1834.0,1835.0,1835.0,1304.0,559.0,1286.0,552.0
2.0,3754.0,1843.0,1861.0,1835.0,1837.0,1837.0,1303.0,558.0,1289.0,554.0
2.0,3746.0,1901.0,1863.0,1837.0,1907.0,1907.0,1304.0,559.0,1332.0,569.0
2.0,3682.0,1866.0,1864.0,1907.0,1869.0,1869.0,1305.0,559.0,1307.0,559.0
2.0,3723.0,2005.0,1868.0,1869.0,2017.0,2017.0,1308.0,560.0,1402.0,603.0
2.0,3587.0,1863.0,1868.0,2017.0,1863.0,1863.0,1308.0,560.0,1304.0,559.0
2.0,3741.0,1858.0,1867.0,1863.0,1855.0,1855.0,1307.0,560.0,1303.0,555.0
2.0,3746.0,1788.0,1864.0,1855.0,1779.0,1779.0,1305.0,559.0,1250.0,538.0
2.0,3813.0,1808.0,1863.0,1779.0,1805.0,1805.0,1304.0,559.0,1267.0,541.0
2.0,3784.0,1925.0,1865.0,1805.0,1931.0,1931.0,1306.0,559.0,1347.0,578.0
2.0,3664.0,1973.0,1868.0,1931.0,1982.0,1982.0,1308.0,560.0,1380.0,593.0
2.0,3622.0,1907.0,1870.0,1982.0,1913.0,1913.0,1309.0,561.0,1336.0,571.0
2.0,3697.0,1946.0,1871.0,1913.0,1949.0,1949.0,1310.0,561.0,1362.0,584.0
2.0,3664.0,1890.0,1871.0,1949.0,1890.0,1890.0,1310.0,561.0,1323.0,567.0
2.0,3723.0,1836.0,1869.0,1890.0,1830.0,1830.0,1308.0,561.0,1286.0,550.0
2.0,3777.0,1797.0,1867.0,1830.0,1791.0,1791.0,1307.0,560.0,1257.0,540.0
2.0,3810.0,1877.0,1870.0,1791.0,1886.0,1886.0,1309.0,561.0,1315.0,562.0
2.0,3724.0,1916.0,1871.0,1886.0,1919.0,1919.0,1310.0,561.0,1341.0,575.0
2.0,3694.0,1943.0,1874.0,1919.0,1952.0,1952.0,1312.0,562.0,1360.0,583.0
2.0,3670.0,1927.0,1877.0,1952.0,1936.0,1936.0,1314.0,563.0,1350.0,577.0
2.0,3695.0,1830.0,1874.0,1936.0,1821.0,1821.0,1312.0,562.0,1280.0,550.0
2.0,3801.0,1860.0,1873.0,1821.0,1857.0,1857.0,1311.0,562.0,1303.0,557.0
2.0,3762.0,1820.0,1873.0,1857.0,1820.0,1820.0,1311.0,562.0,1274.0,546.0
2.0,3799.0,1863.0,1873.0,1820.0,1863.0,1863.0,1311.0,562.0,1304.0,559.0
2.0,3756.0,1901.0,1875.0,1863.0,1907.0,1907.0,1313.0,562.0,1330.0,571.0
2.0,3718.0,1982.0,1878.0,1907.0,1991.0,1991.0,1315.0,563.0,1387.0,595.0
2.0,3643.0,1879.0,1877.0,1991.0,1876.0,1876.0,1314.0,563.0,1317.0,562.0
2.0,3755.0,1870.0,1876.0,1876.0,1867.0,1867.0,1313.0,563.0,1309.0,561.0
2.0,3761.0,1837.0,1874.0,1867.0,1831.0,1831.0,1312.0,562.0,1285.0,552.0
2.0,3791.0,1844.0,1874.0,1831.0,1844.0,1844.0,1312.0,562.0,1291.0,553.0
2.0,3778.0,1896.0,1877.0,1844.0,1905.0,1905.0,1314.0,563.0,1329.0,567.0
2.0,3726.0,1980.0,1881.0,1905.0,1992.0,1992.0,1317.0,564.0,1386.0,594.0
2.0,3651.0,1917.0,1883.0,1992.0,1923.0,1923.0,1318.0,565.0,1341.0,576.0
2.0,3726.0,1880.0,1883.0,1923.0,1880.0,1880.0,1318.0,565.0,1317.0,563.0
2.0,3769.0,1947.0,1883.0,1880.0,1947.0,1947.0,1318.0,565.0,1363.0,584.0
2.0,3702.0,1798.0,1880.0,1947.0,1789.0,1789.0,1316.0,564.0,1259.0,539.0
2.0,3851.0,1795.0,1878.0,1789.0,1789.0,1789.0,1315.0,563.0,1256.0,539.0
2.0,3845.0,1895.0,1878.0,1789.0,1895.0,1895.0,1315.0,563.0,1327.0,568.0
2.0,3739.0,1930.0,1881.0,1895.0,1939.0,1939.0,1317.0,564.0,1351.0,579.0
2.0,3704.0,1989.0,1886.0,1939.0,2004.0,2004.0,1320.0,566.0,1393.0,596.0
2.0,3654.0,1928.0,1887.0,2004.0,1931.0,1931.0,1321.0,566.0,1351.0,577.0
2.0,3730.0,1837.0,1887.0,1931.0,1837.0,1837.0,1321.0,566.0,1285.0,552.0
2.0,3824.0,1788.0,1883.0,1837.0,1776.0,1776.0,1318.0,565.0,1252.0,536.0
2.0,3873.0,1818.0,1881.0,1776.0,1812.0,1812.0,1317.0,564.0,1272.0,546.0
2.0,3831.0,1949.0,1884.0,1812.0,1958.0,1958.0,1319.0,565.0,1366.0,583.0
2.0,3694.0,1978.0,1887.0,1958.0,1987.0,1987.0,1321.0,566.0,1382.0,596.0
2.0,3674.0,1981.0,1890.0,1987.0,1990.0,1990.0,1323.0,567.0,1389.0,592.0
2.0,3680.0,1903.0,1890.0,1990.0,1903.0,1903.0,1323.0,567.0,1332.0,571.0
2.0,3767.0,1887.0,1889.0,1903.0,1884.0,1884.0,1322.0,567.0,1320.0,567.0
2.0,3783.0,1891.0,1888.0,1884.0,1888.0,1888.0,1322.0,566.0,1324.0,567.0
2.0,3776.0,1872.0,1887.0,1888.0,1869.0,1869.0,1321.0,566.0,1312.0,560.0
2.0,3792.0,2004.0,1890.0,1869.0,2013.0,2013.0,1323.0,567.0,1403.0,601.0
2.0,3657.0,1971.0,1892.0,2013.0,1977.0,1977.0,1325.0,567.0,1379.0,592.0
2.0,3699.0,2009.0,1895.0,1977.0,2018.0,2018.0,1327.0,568.0,1406.0,603.0
2.0,3667.0,1963.0,1897.0,2018.0,1969.0,1969.0,1328.0,569.0,1375.0,588.0
2.0,3722.0,1867.0,1897.0,1969.0,1867.0,1867.0,1328.0,569.0,1307.0,560.0
2.0,3824.0,1841.0,1894.0,1867.0,1832.0,1832.0,1326.0,568.0,1289.0,552.0
2.0,3850.0,1856.0,1893.0,1832.0,1853.0,1853.0,1325.0,568.0,1299.0,557.0
2.0,3826.0,1869.0,1894.0,1853.0,1872.0,1872.0,1326.0,568.0,1308.0,561.0
2.0,3810.0,2018.0,1898.0,1872.0,2030.0,2030.0,1329.0,569.0,1411.0,607.0
2.0,3664.0,2018.0,1901.0,2030.0,2027.0,2027.0,1331.0,570.0,1413.0,605.0
2.0,3676.0,1954.0,1903.0,2027.0,1960.0,1960.0,1332.0,571.0,1368.0,586.0
2.0,3749.0,1953.0,1902.0,1960.0,1950.0,1950.0,1332.0,570.0,1367.0,586.0
2.0,3756.0,1848.0,1901.0,1950.0,1845.0,1845.0,1331.0,570.0,1293.0,555.0
2.0,3858.0,1891.0,1900.0,1845.0,1888.0,1888.0,1330.0,570.0,1326.0,565.0
2.0,3812.0,1919.0,1900.0,1888.0,1919.0,1919.0,1330.0,570.0,1341.0,578.0
2.0,3781.0,1959.0,1903.0,1919.0,1968.0,1968.0,1332.0,571.0,1373.0,586.0
2.0,3741.0,1985.0,1907.0,1968.0,1997.0,1997.0,1335.0,572.0,1389.0,596.0
2.0,3724.0,1956.0,1908.0,1997.0,1959.0,1959.0,1336.0,572.0,1368.0,588.0
2.0,3765.0,1924.0,1908.0,1959.0,1924.0,1924.0,1336.0,572.0,1347.0,577.0
2.0,3800.0,1854.0,1907.0,1924.0,1851.0,1851.0,1335.0,572.0,1299.0,555.0
2.0,3870.0,1832.0,1904.0,1851.0,1823.0,1823.0,1333.0,571.0,1282.0,550.0
2.0,3889.0,1867.0,1905.0,1823.0,1870.0,1870.0,1334.0,571.0,1308.0,559.0
2.0,3845.0,2012.0,1908.0,1870.0,2021.0,2021.0,1336.0,572.0,1407.0,605.0
2.0,3703.0,1972.0,1911.0,2021.0,1981.0,1981.0,1338.0,573.0,1380.0,592.0
2.0,3752.0,1900.0,1911.0,1981.0,1900.0,1900.0,1338.0,573.0,1331.0,569.0
2.0,3833.0,1850.0,1911.0,1900.0,1850.0,1850.0,1338.0,573.0,1294.0,556.0
2.0,3883.0,1874.0,1908.0,1850.0,1865.0,1865.0,1336.0,572.0,1313.0,561.0
2.0,3859.0,1853.0,1908.0,1865.0,1853.0,1853.0,1336.0,572.0,1297.0,556.0
2.0,3871.0,1914.0,1909.0,1853.0,1917.0,1917.0,1336.0,573.0,1340.0,574.0
2.0,3810.0,1986.0,1911.0,1917.0,1992.0,1992.0,1338.0,573.0,1390.0,596.0
2.0,3741.0,1920.0,1914.0,1992.0,1929.0,1929.0,1340.0,574.0,1345.0,575.0
2.0,3813.0,1970.0,1914.0,1929.0,1970.0,1970.0,1340.0,574.0,1378.0,592.0
2.0,3772.0,1861.0,1913.0,1970.0,1858.0,1858.0,1339.0,574.0,1304.0,557.0
2.0,3881.0,1872.0,1911.0,1858.0,1866.0,1866.0,1338.0,573.0,1310.0,562.0
2.0,3867.0,1876.0,1911.0,1866.0,1876.0,1876.0,1338.0,573.0,1313.0,563.0
2.0,3857.0,1883.0,1910.0,1876.0,1880.0,1880.0,1337.0,573.0,1317.0,566.0
2.0,3850.0,1993.0,1914.0,1880.0,2005.0,2005.0,1340.0,574.0,1396.0,597.0
2.0,3737.0,2062.0,1920.0,2005.0,2080.0,2080.0,1344.0,576.0,1444.0,618.0
2.0,3680.0,1923.0,1920.0,2080.0,1923.0,1923.0,1344.0,576.0,1346.0,577.0
2.0,3837.0,1916.0,1920.0,1923.0,1916.0,1916.0,1344.0,576.0,1341.0,575.0
2.0,3844.0,1838.0,1917.0,1916.0,1829.0,1829.0,1342.0,575.0,1287.0,551.0
2.0,3922.0,1906.0,1916.0,1829.0,1903.0,1903.0,1341.0,575.0,1334.0,572.0
2.0,3845.0,1980.0,1919.0,1903.0,1989.0,1989.0,1343.0,576.0,1386.0,594.0
2.0,3768.0,2060.0,1924.0,1989.0,2075.0,2075.0,1347.0,577.0,1443.0,617.0
2.0,3697.0,2030.0,1928.0,2075.0,2042.0,2042.0,1350.0,578.0,1420.0,610.0
2.0,3742.0,1994.0,1929.0,2042.0,1997.0,1997.0,1350.0,579.0,1397.0,597.0
2.0,3790.0,1921.0,1928.0,1997.0,1918.0,1918.0,1350.0,578.0,1344.0,577.0
2.0,3866.0,1845.0,1926.0,1918.0,1839.0,1839.0,1348.0,578.0,1292.0,553.0
2.0,3939.0,1923.0,1926.0,1839.0,1923.0,1923.0,1348.0,578.0,1347.0,576.0
2.0,3855.0,1945.0,1927.0,1923.0,1948.0,1948.0,1349.0,578.0,1362.0,583.0
2.0,3833.0,1984.0,1929.0,1948.0,1990.0,1990.0,1350.0,579.0,1389.0,595.0
2.0,3797.0,1974.0,1931.0,1990.0,1980.0,1980.0,1352.0,579.0,1383.0,591.0
2.0,3813.0,1933.0,1930.0,1980.0,1930.0,1930.0,1351.0,579.0,1352.0,581.0
2.0,3860.0,1961.0,1929.0,1930.0,1958.0,1958.0,1350.0,579.0,1373.0,588.0
2.0,3829.0,1857.0,1926.0,1958.0,1848.0,1848.0,1348.0,578.0,1300.0,557.0
2.0,3930.0,1943.0,1926.0,1848.0,1943.0,1943.0,1348.0,578.0,1360.0,583.0
2.0,3835.0,1921.0,1927.0,1943.0,1924.0,1924.0,1349.0,578.0,1346.0,575.0
2.0,3857.0,2076.0,1931.0,1924.0,2088.0,2088.0,1352.0,579.0,1451.0,625.0
2.0,3705.0,2058.0,1936.0,2088.0,2073.0,2073.0,1355.0,581.0,1441.0,617.0
2.0,3735.0,1942.0,1937.0,2073.0,1945.0,1945.0,1356.0,581.0,1360.0,582.0
2.0,3866.0,1986.0,1936.0,1945.0,1983.0,1983.0,1355.0,581.0,1390.0,596.0
2.0,3825.0,1845.0,1933.0,1983.0,1836.0,1836.0,1353.0,580.0,1292.0,553.0
2.0,3963.0,1979.0,1933.0,1836.0,1979.0,1979.0,1353.0,580.0,1385.0,594.0
2.0,3820.0,1965.0,1934.0,1979.0,1968.0,1968.0,1354.0,580.0,1376.0,589.0
2.0,3834.0,2000.0,1937.0,1968.0,2009.0,2009.0,1356.0,581.0,1400.0,600.0
2.0,3802.0,2040.0,1940.0,2009.0,2049.0,2049.0,1358.0,582.0,1428.0,612.0
2.0,3771.0,1955.0,1940.0,2049.0,1955.0,1955.0,1358.0,582.0,1369.0,586.0
2.0,3865.0,1917.0,1939.0,1955.0,1914.0,1914.0,1357.0,582.0,1342.0,575.0
2.0,3903.0,1838.0,1937.0,1914.0,1832.0,1832.0,1356.0,581.0,1287.0,551.0
2.0,3979.0,1885.0,1935.0,1832.0,1879.0,1879.0,1355.0,580.0,1319.0,566.0
2.0,3926.0,1943.0,1935.0,1879.0,1943.0,1943.0,1355.0,580.0,1361.0,582.0
2.0,3862.0,2007.0,1938.0,1943.0,2016.0,2016.0,1357.0,581.0,1405.0,602.0
2.0,3798.0,1936.0,1940.0,2016.0,1942.0,1942.0,1358.0,582.0,1356.0,580.0
2.0,3878.0,1976.0,1943.0,1942.0,1985.0,1985.0,1360.0,583.0,1382.0,594.0
2.0,3844.0,1923.0,1941.0,1985.0,1917.0,1917.0,1359.0,582.0,1345.0,578.0
2.0,3906.0,1891.0,1939.0,1917.0,1885.0,1885.0,1357.0,582.0,1325.0,566.0
2.0,3932.0,1900.0,1939.0,1885.0,1900.0,1900.0,1357.0,582.0,1330.0,570.0
2.0,3917.0,1956.0,1941.0,1900.0,1962.0,1962.0,1359.0,582.0,1369.0,587.0
2.0,3861.0,2004.0,1944.0,1962.0,2013.0,2013.0,1361.0,583.0,1404.0,600.0
2.0,3819.0,2095.0,1948.0,2013.0,2107.0,2107.0,1364.0,584.0,1465.0,630.0
2.0,3737.0,1981.0,1950.0,2107.0,1987.0,1987.0,1365.0,585.0,1388.0,593.0
2.0,3863.0,1904.0,1948.0,1987.0,1898.0,1898.0,1364.0,584.0,1332.0,572.0
2.0,3946.0,1838.0,1947.0,1898.0,1835.0,1835.0,1363.0,584.0,1288.0,550.0
2.0,4006.0,1946.0,1946.0,1835.0,1943.0,1943.0,1362.0,584.0,1362.0,584.0
2.0,3895.0,2033.0,1950.0,1943.0,2045.0,2045.0,1365.0,585.0,1423.0,610.0
2.0,3805.0,2057.0,1953.0,2045.0,2066.0,2066.0,1367.0,586.0,1440.0,617.0
2.0,3793.0,2052.0,1956.0,2066.0,2061.0,2061.0,1369.0,587.0,1437.0,615.0
2.0,3807.0,2017.0,1958.0,2061.0,2023.0,2023.0,1371.0,587.0,1411.0,606.0
2.0,3851.0,1964.0,1958.0,2023.0,1964.0,1964.0,1371.0,587.0,1375.0,589.0
2.0,3910.0,1901.0,1955.0,1964.0,1892.0,1892.0,1369.0,586.0,1331.0,570.0
2.0,3973.0,1914.0,1955.0,1892.0,1914.0,1914.0,1369.0,586.0,1340.0,574.0
2.0,3951.0,2039.0,1957.0,1914.0,2045.0,2045.0,1370.0,587.0,1429.0,610.0
2.0,3826.0,2047.0,1961.0,2045.0,2059.0,2059.0,1373.0,588.0,1433.0,614.0
2.0,3824.0,2053.0,1964.0,2059.0,2062.0,2062.0,1375.0,589.0,1437.0,616.0
2.0,3830.0,1976.0,1964.0,2062.0,1976.0,1976.0,1375.0,589.0,1383.0,593.0
2.0,3916.0,1915.0,1961.0,1976.0,1906.0,1906.0,1373.0,588.0,1339.0,576.0
2.0,3977.0,1912.0,1959.0,1906.0,1906.0,1906.0,1371.0,588.0,1340.0,572.0
2.0,3971.0,1855.0,1957.0,1906.0,1849.0,1849.0,1370.0,587.0,1299.0,556.0
2.0,4022.0,1985.0,1957.0,1849.0,1985.0,1985.0,1370.0,587.0,1388.0,597.0
2.0,3886.0,2086.0,1963.0,1985.0,2104.0,2104.0,1374.0,589.0,1461.0,625.0
2.0,3785.0,2122.0,1966.0,2104.0,2131.0,2131.0,1376.0,590.0,1486.0,636.0
2.0,3767.0,2077.0,1968.0,2131.0,2083.0,2083.0,1378.0,590.0,1453.0,624.0
2.0,3821.0,1908.0,1967.0,2083.0,1905.0,1905.0,1377.0,590.0,1338.0,570.0
2.0,3996.0,1951.0,1967.0,1905.0,1951.0,1951.0,1377.0,590.0,1365.0,586.0
2.0,3950.0,1893.0,1966.0,1951.0,1890.0,1890.0,1376.0,590.0,1325.0,568.0
2.0,4008.0,1924.0,1965.0,1890.0,1921.0,1921.0,1376.0,589.0,1346.0,578.0
2.0,3974.0,2025.0,1968.0,1921.0,2034.0,2034.0,1378.0,590.0,1417.0,608.0
2.0,3870.0,2046.0,1970.0,2034.0,2052.0,2052.0,1379.0,591.0,1434.0,612.0
2.0,3858.0,1950.0,1971.0,2052.0,1953.0,1953.0,1380.0,591.0,1365.0,585.0
2.0,3960.0,1892.0,1967.0,1953.0,1880.0,1880.0,1377.0,590.0,1325.0,567.0
2.0,4021.0,1848.0,1963.0,1880.0,1836.0,1836.0,1374.0,589.0,1293.0,555.0
2.0,4053.0,1941.0,1963.0,1836.0,1941.0,1941.0,1374.0,589.0,1359.0,582.0
2.0,3948.0,1974.0,1963.0,1941.0,1974.0,1974.0,1374.0,589.0,1382.0,592.0
2.0,3915.0,2105.0,1968.0,1974.0,2120.0,2120.0,1378.0,590.0,1472.0,633.0
2.0,3784.0,2074.0,1970.0,2120.0,2080.0,2080.0,1379.0,591.0,1454.0,620.0
2.0,3830.0,2044.0,1971.0,2080.0,2047.0,2047.0,1380.0,591.0,1430.0,614.0
2.0,3866.0,2007.0,1971.0,2047.0,2007.0,2007.0,1380.0,591.0,1405.0,602.0
2.0,3906.0,1941.0,1970.0,2007.0,1938.0,1938.0,1379.0,591.0,1360.0,581.0
2.0,3972.0,1968.0,1970.0,1938.0,1968.0,1968.0,1379.0,591.0,1378.0,590.0
2.0,3942.0,2001.0,1971.0,1968.0,2004.0,2004.0,1380.0,591.0,1400.0,601.0
2.0,3909.0,2096.0,1977.0,2004.0,2114.0,2114.0,1384.0,593.0,1468.0,628.0
2.0,3817.0,2060.0,1980.0,2114.0,2069.0,2069.0,1386.0,594.0,1442.0,618.0
2.0,3871.0,2007.0,1981.0,2069.0,2010.0,2010.0,1387.0,594.0,1406.0,601.0
2.0,3933.0,1877.0,1978.0,2010.0,1868.0,1868.0,1385.0,593.0,1313.0,564.0
2.0,4066.0,1884.0,1977.0,1868.0,1881.0,1881.0,1384.0,593.0,1320.0,564.0
2.0,4050.0,1964.0,1977.0,1881.0,1964.0,1964.0,1384.0,593.0,1375.0,589.0
2.0,3967.0,1999.0,1978.0,1964.0,2002.0,2002.0,1385.0,593.0,1398.0,601.0
2.0,3932.0,2129.0,1984.0,2002.0,2147.0,2147.0,1389.0,595.0,1491.0,638.0
2.0,3805.0,2054.0,1987.0,2147.0,2063.0,2063.0,1391.0,596.0,1438.0,616.0
2.0,3898.0,2001.0,1987.0,2063.0,2001.0,2001.0,1391.0,596.0,1401.0,600.0
2.0,3960.0,1977.0,1987.0,2001.0,1977.0,1977.0,1391.0,596.0,1384.0,593.0
2.0,3984.0,1864.0,1983.0,1977.0,1852.0,1852.0,1388.0,595.0,1304.0,560.0
2.0,4097.0,1957.0,1981.0,1852.0,1951.0,1951.0,1387.0,594.0,1370.0,587.0
2.0,3992.0,1954.0,1983.0,1951.0,1960.0,1960.0,1388.0,595.0,1369.0,585.0
2.0,3989.0,2083.0,1987.0,1960.0,2095.0,2095.0,1391.0,596.0,1459.0,624.0
2.0,3866.0,2081.0,1990.0,2095.0,2090.0,2090.0,1393.0,597.0,1456.0,625.0
2.0,3880.0,1960.0,1988.0,2090.0,1954.0,1954.0,1392.0,596.0,1372.0,588.0
2.0,4010.0,1960.0,1987.0,1954.0,1957.0,1957.0,1391.0,596.0,1373.0,587.0
2.0,4004.0,1944.0,1984.0,1957.0,1935.0,1935.0,1389.0,595.0,1359.0,585.0
2.0,4017.0,1902.0,1983.0,1935.0,1899.0,1899.0,1388.0,595.0,1333.0,569.0
2.0,4050.0,1964.0,1983.0,1899.0,1964.0,1964.0,1388.0,595.0,1375.0,589.0
2.0,3985.0,2055.0,1985.0,1964.0,2061.0,2061.0,1390.0,595.0,1438.0,617.0
2.0,3894.0,2074.0,1988.0,2061.0,2083.0,2083.0,1392.0,596.0,1452.0,622.0
2.0,3881.0,2041.0,1988.0,2083.0,2041.0,2041.0,1392.0,596.0,1429.0,612.0
2.0,3923.0,1911.0,1986.0,2041.0,1905.0,1905.0,1390.0,596.0,1338.0,573.0
2.0,4053.0,1957.0,1984.0,1905.0,1951.0,1951.0,1389.0,595.0,1369.0,588.0
2.0,4001.0,1901.0,1983.0,1951.0,1898.0,1898.0,1388.0,595.0,1332.0,569.0
2.0,4051.0,2003.0,1984.0,1898.0,2006.0,2006.0,1389.0,595.0,1401.0,602.0
2.0,3946.0,2066.0,1987.0,2006.0,2075.0,2075.0,1391.0,596.0,1446.0,620.0
2.0,3886.0,2096.0,1992.0,2075.0,2111.0,2111.0,1395.0,597.0,1468.0,628.0
2.0,3865.0,2040.0,1993.0,2111.0,2043.0,2043.0,1395.0,598.0,1429.0,611.0
2.0,3936.0,1988.0,1991.0,2043.0,1982.0,1982.0,1394.0,597.0,1391.0,597.0
2.0,3991.0,1935.0,1987.0,1982.0,1923.0,1923.0,1391.0,596.0,1355.0,580.0
2.0,4038.0,1975.0,1986.0,1923.0,1972.0,1972.0,1390.0,596.0,1383.0,592.0
2.0,3986.0,2016.0,1988.0,1972.0,2022.0,2022.0,1392.0,596.0,1411.0,605.0
2.0,3942.0,2061.0,1990.0,2022.0,2067.0,2067.0,1393.0,597.0,1444.0,617.0
2.0,3903.0,2019.0,1993.0,2067.0,2028.0,2028.0,1395.0,598.0,1413.0,606.0
2.0,3951.0,2066.0,1995.0,2028.0,2072.0,2072.0,1397.0,598.0,1445.0,621.0
2.0,3913.0,2009.0,1994.0,2072.0,2006.0,2006.0,1396.0,598.0,1406.0,603.0
2.0,3976.0,1931.0,1993.0,2006.0,1928.0,1928.0,1395.0,598.0,1353.0,578.0
2.0,4051.0,1953.0,1993.0,1928.0,1953.0,1953.0,1395.0,598.0,1367.0,586.0
2.0,4026.0,2043.0,1995.0,1953.0,2049.0,2049.0,1397.0,598.0,1430.0,613.0
2.0,3936.0,2059.0,2000.0,2049.0,2074.0,2074.0,1400.0,600.0,1441.0,618.0
2.0,3926.0,2132.0,2003.0,2074.0,2141.0,2141.0,1402.0,601.0,1493.0,639.0
2.0,3868.0,2005.0,2004.0,2141.0,2008.0,2008.0,1403.0,601.0,1404.0,601.0
2.0,4004.0,1996.0,2001.0,2008.0,1987.0,1987.0,1401.0,600.0,1396.0,600.0
2.0,4016.0,1915.0,1998.0,1987.0,1906.0,1906.0,1399.0,599.0,1341.0,574.0
2.0,4088.0,1949.0,1997.0,1906.0,1946.0,1946.0,1398.0,599.0,1366.0,583.0
2.0,4045.0,2043.0,1997.0,1946.0,2043.0,2043.0,1398.0,599.0,1428.0,615.0
2.0,3948.0,2057.0,2000.0,2043.0,2066.0,2066.0,1400.0,600.0,1442.0,615.0
2.0,3934.0,2020.0,2001.0,2066.0,2023.0,2023.0,1401.0,600.0,1412.0,608.0
2.0,3980.0,2097.0,2003.0,2023.0,2103.0,2103.0,1402.0,601.0,1470.0,627.0
2.0,3906.0,2000.0,2001.0,2103.0,1994.0,1994.0,1401.0,600.0,1399.0,601.0
2.0,4009.0,1928.0,1998.0,1994.0,1919.0,1919.0,1399.0,599.0,1350.0,578.0
2.0,4075.0,1994.0,1998.0,1919.0,1994.0,1994.0,1399.0,599.0,1396.0,598.0
2.0,4000.0,2028.0,2001.0,1994.0,2037.0,2037.0,1401.0,600.0,1419.0,609.0
2.0,3966.0,2057.0,2004.0,2037.0,2066.0,2066.0,1403.0,601.0,1440.0,617.0
2.0,3946.0,2060.0,2006.0,2066.0,2066.0,2066.0,1404.0,602.0,1443.0,617.0
2.0,3952.0,2080.0,2007.0,2066.0,2083.0,2083.0,1405.0,602.0,1455.0,625.0
2.0,3938.0,1985.0,2004.0,2083.0,1976.0,1976.0,1403.0,601.0,1391.0,594.0
2.0,4036.0,1988.0,2004.0,1976.0,1988.0,1988.0,1403.0,601.0,1391.0,597.0
2.0,4024.0,1971.0,2003.0,1988.0,1968.0,1968.0,1402.0,601.0,1381.0,590.0
2.0,4041.0,2026.0,2004.0,1968.0,2029.0,2029.0,1403.0,601.0,1417.0,609.0
2.0,3983.0,2102.0,2008.0,2029.0,2114.0,2114.0,1406.0,602.0,1472.0,630.0
2.0,3910.0,2110.0,2011.0,2114.0,2119.0,2119.0,1408.0,603.0,1477.0,633.0
2.0,3914.0,2051.0,2013.0,2119.0,2057.0,2057.0,1409.0,604.0,1437.0,614.0
2.0,3982.0,1980.0,2011.0,2057.0,1974.0,1974.0,1408.0,603.0,1385.0,595.0
2.0,4059.0,1961.0,2009.0,1974.0,1955.0,1955.0,1406.0,603.0,1374.0,587.0
2.0,4072.0,1990.0,2010.0,1955.0,1993.0,1993.0,1407.0,603.0,1393.0,597.0
2.0,4037.0,1987.0,2010.0,1993.0,1987.0,1987.0,1407.0,603.0,1391.0,596.0
2.0,4043.0,2013.0,2011.0,1987.0,2016.0,2016.0,1408.0,603.0,1408.0,605.0
2.0,4017.0,2055.0,2014.0,2016.0,2064.0,2064.0,1410.0,604.0,1438.0,617.0
2.0,3978.0,2036.0,2016.0,2064.0,2042.0,2042.0,1411.0,605.0,1426.0,610.0
2.0,4006.0,2049.0,2016.0,2042.0,2049.0,2049.0,1411.0,605.0,1434.0,615.0
2.0,3999.0,1886.0,2011.0,2049.0,1871.0,1871.0,1408.0,603.0,1321.0,565.0
2.0,4162.0,1968.0,2010.0,1871.0,1965.0,1965.0,1407.0,603.0,1377.0,591.0
2.0,4065.0,2050.0,2013.0,1965.0,2059.0,2059.0,1409.0,604.0,1436.0,614.0
2.0,3980.0,2097.0,2016.0,2059.0,2106.0,2106.0,1411.0,605.0,1468.0,629.0
2.0,3942.0,2110.0,2020.0,2106.0,2122.0,2122.0,1414.0,606.0,1478.0,632.0
2.0,3938.0,2039.0,2021.0,2122.0,2042.0,2042.0,1415.0,606.0,1427.0,612.0
2.0,4021.0,2011.0,2020.0,2042.0,2008.0,2008.0,1414.0,606.0,1408.0,603.0
2.0,4052.0,1967.0,2017.0,2008.0,1958.0,1958.0,1412.0,605.0,1375.0,592.0
2.0,4093.0,1983.0,2016.0,1958.0,1980.0,1980.0,1411.0,605.0,1389.0,594.0
2.0,4068.0,2060.0,2017.0,1980.0,2063.0,2063.0,1412.0,605.0,1441.0,619.0
2.0,3988.0,2082.0,2020.0,2063.0,2091.0,2091.0,1414.0,606.0,1459.0,623.0
2.0,3969.0,2110.0,2023.0,2091.0,2119.0,2119.0,1416.0,607.0,1477.0,633.0
2.0,3950.0,2094.0,2024.0,2119.0,2097.0,2097.0,1417.0,607.0,1465.0,629.0
2.0,3975.0,1970.0,2023.0,2097.0,1967.0,1967.0,1416.0,607.0,1380.0,590.0
2.0,4102.0,1983.0,2021.0,1967.0,1977.0,1977.0,1415.0,606.0,1387.0,596.0
2.0,4086.0,2027.0,2021.0,1977.0,2027.0,2027.0,1415.0,606.0,1419.0,608.0
2.0,4036.0,2040.0,2021.0,2027.0,2040.0,2040.0,1415.0,606.0,1428.0,612.0
2.0,4023.0,2142.0,2026.0,2040.0,2157.0,2157.0,1418.0,608.0,1500.0,642.0
2.0,3921.0,2093.0,2028.0,2157.0,2099.0,2099.0,1420.0,608.0,1465.0,628.0
2.0,3985.0,2067.0,2029.0,2099.0,2070.0,2070.0,1420.0,609.0,1447.0,620.0
2.0,4017.0,2019.0,2028.0,2070.0,2016.0,2016.0,1420.0,608.0,1413.0,606.0
2.0,4068.0,1906.0,2024.0,2016.0,1894.0,1894.0,1417.0,607.0,1334.0,572.0
2.0,4178.0,2036.0,2024.0,1894.0,2036.0,2036.0,1417.0,607.0,1425.0,611.0
2.0,4036.0,2041.0,2025.0,2036.0,2044.0,2044.0,1418.0,607.0,1430.0,611.0
2.0,4031.0,2163.0,2030.0,2044.0,2178.0,2178.0,1421.0,609.0,1515.0,648.0
2.0,3912.0,2120.0,2033.0,2178.0,2129.0,2129.0,1423.0,610.0,1484.0,636.0
2.0,3970.0,2107.0,2034.0,2129.0,2110.0,2110.0,1424.0,610.0,1474.0,633.0
2.0,3992.0,2058.0,2034.0,2110.0,2058.0,2058.0,1424.0,610.0,1441.0,617.0
2.0,4044.0,1993.0,2034.0,2058.0,1993.0,1993.0,1424.0,610.0,1395.0,598.0
2.0,4109.0,2014.0,2033.0,1993.0,2011.0,2011.0,1423.0,610.0,1411.0,603.0
2.0,4088.0,2130.0,2035.0,2011.0,2136.0,2136.0,1425.0,610.0,1490.0,640.0
2.0,3969.0,2139.0,2039.0,2136.0,2151.0,2151.0,1427.0,612.0,1498.0,641.0
2.0,3966.0,2069.0,2040.0,2151.0,2072.0,2072.0,1428.0,612.0,1449.0,620.0
2.0,4048.0,2137.0,2043.0,2072.0,2146.0,2146.0,1430.0,613.0,1495.0,642.0
2.0,3983.0,1958.0,2041.0,2146.0,1952.0,1952.0,1429.0,612.0,1372.0,586.0
2.0,4171.0,1922.0,2038.0,1952.0,1913.0,1913.0,1427.0,611.0,1344.0,578.0
2.0,4201.0,2015.0,2037.0,1913.0,2012.0,2012.0,1426.0,611.0,1413.0,602.0
2.0,4099.0,2067.0,2038.0,2012.0,2070.0,2070.0,1427.0,611.0,1446.0,621.0
2.0,4044.0,2169.0,2041.0,2070.0,2178.0,2178.0,1429.0,612.0,1518.0,651.0
2.0,3945.0,2096.0,2044.0,2178.0,2105.0,2105.0,1431.0,613.0,1468.0,628.0
2.0,4027.0,2137.0,2047.0,2105.0,2146.0,2146.0,1433.0,614.0,1496.0,641.0
2.0,3995.0,1982.0,2044.0,2146.0,1973.0,1973.0,1431.0,613.0,1389.0,593.0
2.0,4159.0,2034.0,2043.0,1973.0,2031.0,2031.0,1430.0,613.0,1423.0,611.0
2.0,4098.0,2030.0,2043.0,2031.0,2030.0,2030.0,1430.0,613.0,1420.0,610.0
2.0,4099.0,2116.0,2044.0,2030.0,2119.0,2119.0,1431.0,613.0,1481.0,635.0
2.0,4013.0,2108.0,2047.0,2119.0,2117.0,2117.0,1433.0,614.0,1475.0,633.0
2.0,4024.0,2144.0,2051.0,2117.0,2156.0,2156.0,1436.0,615.0,1503.0,641.0
2.0,3997.0,2051.0,2051.0,2156.0,2051.0,2051.0,1436.0,615.0,1435.0,616.0
2.0,4102.0,2076.0,2053.0,2051.0,2082.0,2082.0,1437.0,616.0,1454.0,622.0
2.0,4077.0,2010.0,2053.0,2082.0,2010.0,2010.0,1437.0,616.0,1406.0,604.0
2.0,4149.0,2094.0,2053.0,2010.0,2094.0,2094.0,1437.0,616.0,1467.0,627.0
2.0,4065.0,2111.0,2054.0,2094.0,2114.0,2114.0,1438.0,616.0,1477.0,634.0
2.0,4048.0,2133.0,2060.0,2114.0,2151.0,2151.0,1442.0,618.0,1494.0,639.0
2.0,4029.0,2076.0,2061.0,2151.0,2079.0,2079.0,1443.0,618.0,1454.0,622.0
2.0,4104.0,2011.0,2060.0,2079.0,2008.0,2008.0,1442.0,618.0,1408.0,603.0
2.0,4172.0,2033.0,2060.0,2008.0,2033.0,2033.0,1442.0,618.0,1422.0,611.0
2.0,4147.0,1972.0,2057.0,2033.0,1963.0,1963.0,1440.0,617.0,1381.0,591.0
2.0,4208.0,2003.0,2056.0,1963.0,2000.0,2000.0,1439.0,617.0,1402.0,601.0
2.0,4168.0,2109.0,2058.0,2000.0,2115.0,2115.0,1441.0,617.0,1475.0,634.0
2.0,4059.0,2145.0,2061.0,2115.0,2154.0,2154.0,1443.0,618.0,1501.0,644.0
2.0,4029.0,2203.0,2066.0,2154.0,2218.0,2218.0,1446.0,620.0,1543.0,660.0
2.0,3980.0,2134.0,2067.0,2218.0,2137.0,2137.0,1447.0,620.0,1495.0,639.0
2.0,4064.0,2057.0,2067.0,2137.0,2057.0,2057.0,1447.0,620.0,1440.0,617.0
2.0,4144.0,2014.0,2064.0,2057.0,2005.0,2005.0,1445.0,619.0,1409.0,605.0
2.0,4187.0,2058.0,2064.0,2005.0,2058.0,2058.0,1445.0,619.0,1442.0,616.0
2.0,4134.0,2016.0,2064.0,2058.0,2016.0,2016.0,1445.0,619.0,1410.0,606.0
2.0,4176.0,2196.0,2069.0,2016.0,2211.0,2211.0,1448.0,621.0,1537.0,659.0
2.0,3996.0,2176.0,2071.0,2211.0,2182.0,2182.0,1450.0,621.0,1523.0,653.0
2.0,4031.0,2104.0,2073.0,2182.0,2110.0,2110.0,1451.0,622.0,1474.0,630.0
2.0,4109.0,2059.0,2071.0,2110.0,2053.0,2053.0,1450.0,621.0,1443.0,616.0
2.0,4160.0,2007.0,2070.0,2053.0,2004.0,2004.0,1449.0,621.0,1404.0,603.0
2.0,4206.0,1957.0,2067.0,2004.0,1948.0,1948.0,1447.0,620.0,1371.0,586.0
2.0,4253.0,2089.0,2069.0,1948.0,2095.0,2095.0,1448.0,621.0,1461.0,628.0
2.0,4112.0,2149.0,2074.0,2095.0,2164.0,2164.0,1452.0,622.0,1505.0,644.0
2.0,4058.0,2163.0,2076.0,2164.0,2169.0,2169.0,1453.0,623.0,1513.0,650.0
2.0,4059.0,2150.0,2078.0,2169.0,2156.0,2156.0,1455.0,623.0,1507.0,643.0
2.0,4078.0,2078.0,2077.0,2156.0,2075.0,2075.0,1454.0,623.0,1454.0,624.0
2.0,4156.0,1954.0,2073.0,2075.0,1942.0,1942.0,1451.0,622.0,1368.0,586.0
2.0,4277.0,1988.0,2071.0,1942.0,1982.0,1982.0,1450.0,621.0,1390.0,598.0
2.0,4231.0,2121.0,2073.0,1982.0,2127.0,2127.0,1451.0,622.0,1486.0,635.0
2.0,4092.0,2163.0,2076.0,2127.0,2172.0,2172.0,1453.0,623.0,1514.0,649.0
2.0,4056.0,2152.0,2078.0,2172.0,2158.0,2158.0,1455.0,623.0,1506.0,646.0
2.0,4076.0,2134.0,2078.0,2158.0,2134.0,2134.0,1455.0,623.0,1494.0,640.0
2.0,4100.0,2091.0,2077.0,2134.0,2088.0,2088.0,1454.0,623.0,1466.0,625.0
2.0,4143.0,2011.0,2076.0,2088.0,2008.0,2008.0,1453.0,623.0,1407.0,604.0
2.0,4220.0,2034.0,2074.0,2008.0,2028.0,2028.0,1452.0,622.0,1423.0,611.0
2.0,4194.0,2058.0,2076.0,2028.0,2064.0,2064.0,1453.0,623.0,1442.0,616.0
2.0,4164.0,2110.0,2080.0,2064.0,2122.0,2122.0,1456.0,624.0,1477.0,633.0
2.0,4118.0,2160.0,2083.0,2122.0,2169.0,2169.0,1458.0,625.0,1512.0,648.0
2.0,4080.0,2190.0,2085.0,2169.0,2196.0,2196.0,1460.0,625.0,1533.0,657.0
2.0,4059.0,2097.0,2084.0,2196.0,2094.0,2094.0,1459.0,625.0,1469.0,628.0
2.0,4158.0,2061.0,2083.0,2094.0,2058.0,2058.0,1458.0,625.0,1443.0,618.0
2.0,4191.0,2074.0,2081.0,2058.0,2068.0,2068.0,1457.0,624.0,1451.0,623.0
2.0,4175.0,2050.0,2083.0,2068.0,2056.0,2056.0,1458.0,625.0,1436.0,614.0
2.0,4193.0,2167.0,2086.0,2056.0,2176.0,2176.0,1460.0,626.0,1516.0,651.0
2.0,4082.0,2176.0,2088.0,2176.0,2182.0,2182.0,1462.0,626.0,1523.0,653.0
2.0,4082.0,2144.0,2088.0,2182.0,2144.0,2144.0,1462.0,626.0,1502.0,642.0
2.0,4120.0,2063.0,2088.0,2144.0,2063.0,2063.0,1462.0,626.0,1443.0,620.0
2.0,4201.0,2055.0,2087.0,2063.0,2052.0,2052.0,1461.0,626.0,1440.0,615.0
2.0,4209.0,2093.0,2087.0,2052.0,2093.0,2093.0,1461.0,626.0,1466.0,627.0
2.0,4168.0,2109.0,2088.0,2093.0,2112.0,2112.0,1462.0,626.0,1474.0,635.0
2.0,4152.0,2130.0,2090.0,2112.0,2136.0,2136.0,1463.0,627.0,1493.0,637.0
2.0,4134.0,2189.0,2091.0,2136.0,2192.0,2192.0,1464.0,627.0,1531.0,658.0
2.0,4081.0,2114.0,2091.0,2192.0,2114.0,2114.0,1464.0,627.0,1480.0,634.0
2.0,4159.0,2119.0,2091.0,2114.0,2119.0,2119.0,1464.0,627.0,1483.0,636.0
2.0,4154.0,2060.0,2091.0,2119.0,2060.0,2060.0,1464.0,627.0,1442.0,618.0
2.0,4213.0,2080.0,2093.0,2060.0,2086.0,2086.0,1465.0,628.0,1457.0,623.0
2.0,4193.0,2123.0,2094.0,2086.0,2126.0,2126.0,1466.0,628.0,1485.0,638.0
2.0,4156.0,2219.0,2100.0,2126.0,2237.0,2237.0,1470.0,630.0,1554.0,665.0
2.0,4063.0,2185.0,2103.0,2237.0,2194.0,2194.0,1472.0,631.0,1529.0,656.0
2.0,4115.0,2146.0,2103.0,2194.0,2146.0,2146.0,1472.0,631.0,1503.0,643.0
2.0,4163.0,2140.0,2103.0,2146.0,2140.0,2140.0,1472.0,631.0,1498.0,642.0
2.0,4169.0,2032.0,2100.0,2140.0,2023.0,2023.0,1470.0,630.0,1423.0,609.0
2.0,4277.0,2045.0,2098.0,2023.0,2039.0,2039.0,1469.0,629.0,1431.0,614.0
2.0,4255.0,2200.0,2101.0,2039.0,2209.0,2209.0,1471.0,630.0,1539.0,661.0
2.0,4094.0,2219.0,2105.0,2209.0,2231.0,2231.0,1474.0,631.0,1554.0,665.0
2.0,4084.0,2189.0,2107.0,2231.0,2195.0,2195.0,1475.0,632.0,1534.0,655.0
2.0,4126.0,2200.0,2111.0,2195.0,2212.0,2212.0,1478.0,633.0,1540.0,660.0
2.0,4121.0,2048.0,2108.0,2212.0,2039.0,2039.0,1476.0,632.0,1432.0,616.0
2.0,4285.0,2016.0,2105.0,2039.0,2007.0,2007.0,1474.0,631.0,1412.0,604.0
2.0,4308.0,2084.0,2104.0,2007.0,2081.0,2081.0,1473.0,631.0,1459.0,625.0
2.0,4231.0,2153.0,2107.0,2081.0,2162.0,2162.0,1475.0,632.0,1508.0,645.0
2.0,4159.0,2232.0,2111.0,2162.0,2244.0,2244.0,1478.0,633.0,1563.0,669.0
2.0,4089.0,2216.0,2116.0,2244.0,2231.0,2231.0,1481.0,635.0,1550.0,666.0
2.0,4117.0,2164.0,2117.0,2231.0,2167.0,2167.0,1482.0,635.0,1516.0,648.0
2.0,4184.0,2084.0,2116.0,2167.0,2081.0,2081.0,1481.0,635.0,1459.0,625.0
2.0,4267.0,2040.0,2114.0,2081.0,2034.0,2034.0,1480.0,634.0,1428.0,612.0
2.0,4308.0,2065.0,2113.0,2034.0,2062.0,2062.0,1479.0,634.0,1445.0,620.0
2.0,4277.0,2107.0,2113.0,2062.0,2107.0,2107.0,1479.0,634.0,1475.0,632.0
2.0,4232.0,2160.0,2117.0,2107.0,2172.0,2172.0,1482.0,635.0,1513.0,647.0
2.0,4179.0,2143.0,2120.0,2172.0,2152.0,2152.0,1484.0,636.0,1500.0,643.0
2.0,4208.0,2127.0,2120.0,2152.0,2127.0,2127.0,1484.0,636.0,1489.0,638.0
2.0,4233.0,2067.0,2118.0,2127.0,2061.0,2061.0,1483.0,635.0,1448.0,619.0
2.0,4293.0,2137.0,2117.0,2061.0,2134.0,2134.0,1482.0,635.0,1496.0,641.0
2.0,4217.0,2121.0,2117.0,2134.0,2121.0,2121.0,1482.0,635.0,1485.0,636.0
2.0,4230.0,2091.0,2117.0,2121.0,2091.0,2091.0,1482.0,635.0,1464.0,627.0
2.0,4260.0,2232.0,2121.0,2091.0,2244.0,2244.0,1485.0,636.0,1560.0,672.0
2.0,4119.0,2156.0,2124.0,2244.0,2165.0,2165.0,1487.0,637.0,1511.0,645.0
2.0,4207.0,2137.0,2126.0,2165.0,2143.0,2143.0,1488.0,638.0,1495.0,642.0
2.0,4235.0,2114.0,2126.0,2143.0,2114.0,2114.0,1488.0,638.0,1480.0,634.0
2.0,4264.0,2037.0,2123.0,2114.0,2028.0,2028.0,1486.0,637.0,1427.0,610.0
2.0,4341.0,2112.0,2121.0,2028.0,2106.0,2106.0,1485.0,636.0,1478.0,634.0
2.0,4257.0,2110.0,2121.0,2106.0,2110.0,2110.0,1485.0,636.0,1477.0,633.0
2.0,4253.0,2134.0,2123.0,2110.0,2140.0,2140.0,1486.0,637.0,1495.0,639.0
2.0,4229.0,2196.0,2126.0,2140.0,2205.0,2205.0,1488.0,638.0,1536.0,660.0
2.0,4173.0,2220.0,2129.0,2205.0,2229.0,2229.0,1490.0,639.0,1554.0,666.0
2.0,4158.0,2057.0,2127.0,2229.0,2051.0,2051.0,1489.0,638.0,1441.0,616.0
2.0,4330.0,1988.0,2123.0,2051.0,1976.0,1976.0,1486.0,637.0,1392.0,596.0
2.0,4393.0,2095.0,2123.0,1976.0,2095.0,2095.0,1486.0,637.0,1466.0,629.0
2.0,4274.0,2150.0,2124.0,2095.0,2153.0,2153.0,1487.0,637.0,1506.0,644.0
2.0,4219.0,2186.0,2127.0,2153.0,2195.0,2195.0,1489.0,638.0,1530.0,656.0
2.0,4186.0,2222.0,2129.0,2195.0,2228.0,2228.0,1490.0,639.0,1555.0,667.0
2.0,4159.0,2126.0,2130.0,2228.0,2129.0,2129.0,1491.0,639.0,1488.0,638.0
2.0,4261.0,2097.0,2128.0,2129.0,2091.0,2091.0,1490.0,638.0,1468.0,629.0
2.0,4293.0,2091.0,2127.0,2091.0,2088.0,2088.0,1489.0,638.0,1464.0,627.0
2.0,4293.0,2066.0,2126.0,2088.0,2063.0,2063.0,1488.0,638.0,1446.0,620.0
2.0,4315.0,2051.0,2124.0,2063.0,2045.0,2045.0,1487.0,637.0,1435.0,616.0
2.0,4327.0,2233.0,2128.0,2045.0,2245.0,2245.0,1490.0,638.0,1563.0,670.0
2.0,4139.0,2214.0,2130.0,2245.0,2220.0,2220.0,1491.0,639.0,1552.0,662.0
2.0,4170.0,2183.0,2131.0,2220.0,2186.0,2186.0,1492.0,639.0,1527.0,656.0
2.0,4207.0,2078.0,2128.0,2186.0,2069.0,2069.0,1490.0,638.0,1455.0,623.0
2.0,4315.0,2074.0,2127.0,2069.0,2071.0,2071.0,1489.0,638.0,1453.0,621.0
2.0,4310.0,2138.0,2127.0,2071.0,2138.0,2138.0,1489.0,638.0,1497.0,641.0
2.0,4243.0,2184.0,2127.0,2138.0,2184.0,2184.0,1489.0,638.0,1527.0,657.0
2.0,4197.0,2177.0,2130.0,2184.0,2186.0,2186.0,1491.0,639.0,1526.0,651.0
2.0,4204.0,2229.0,2134.0,2186.0,2241.0,2241.0,1494.0,640.0,1560.0,669.0
2.0,4161.0,2151.0,2133.0,2241.0,2148.0,2148.0,1493.0,640.0,1506.0,645.0
2.0,4251.0,2098.0,2130.0,2148.0,2089.0,2089.0,1491.0,639.0,1467.0,631.0
2.0,4301.0,2074.0,2128.0,2089.0,2068.0,2068.0,1490.0,638.0,1453.0,621.0
2.0,4316.0,2055.0,2125.0,2068.0,2046.0,2046.0,1488.0,637.0,1439.0,616.0
2.0,4329.0,2143.0,2127.0,2046.0,2149.0,2149.0,1489.0,638.0,1499.0,644.0
2.0,4232.0,2278.0,2133.0,2149.0,2296.0,2296.0,1493.0,640.0,1596.0,682.0
2.0,4103.0,2262.0,2136.0,2296.0,2271.0,2271.0,1495.0,641.0,1583.0,679.0
2.0,4137.0,2157.0,2136.0,2271.0,2157.0,2157.0,1495.0,641.0,1510.0,647.0
2.0,4251.0,2042.0,2133.0,2157.0,2033.0,2033.0,1493.0,640.0,1430.0,612.0
2.0,4366.0,2080.0,2130.0,2033.0,2071.0,2071.0,1491.0,639.0,1456.0,624.0
2.0,4319.0,2060.0,2127.0,2071.0,2051.0,2051.0,1489.0,638.0,1441.0,619.0
2.0,4330.0,2170.0,2130.0,2051.0,2179.0,2179.0,1491.0,639.0,1520.0,650.0
2.0,4211.0,2197.0,2133.0,2179.0,2206.0,2206.0,1493.0,640.0,1538.0,659.0
2.0,4193.0,2270.0,2136.0,2206.0,2279.0,2279.0,1495.0,641.0,1589.0,681.0
2.0,4129.0,2189.0,2137.0,2279.0,2192.0,2192.0,1496.0,641.0,1531.0,658.0
2.0,4219.0,2081.0,2136.0,2192.0,2078.0,2078.0,1495.0,641.0,1459.0,622.0
2.0,4330.0,2084.0,2135.0,2078.0,2081.0,2081.0,1495.0,640.0,1458.0,626.0
2.0,4324.0,2088.0,2134.0,2081.0,2085.0,2085.0,1494.0,640.0,1461.0,627.0
2.0,4317.0,2174.0,2137.0,2085.0,2183.0,2183.0,1496.0,641.0,1524.0,650.0
2.0,4228.0,2253.0,2138.0,2183.0,2256.0,2256.0,1497.0,641.0,1576.0,677.0
2.0,4158.0,2236.0,2141.0,2256.0,2245.0,2245.0,1499.0,642.0,1565.0,671.0
2.0,4178.0,2173.0,2143.0,2245.0,2179.0,2179.0,1500.0,643.0,1522.0,651.0
2.0,4250.0,2112.0,2140.0,2179.0,2103.0,2103.0,1498.0,642.0,1477.0,635.0
2.0,4317.0,2055.0,2138.0,2103.0,2049.0,2049.0,1497.0,641.0,1440.0,615.0
2.0,4365.0,2120.0,2138.0,2049.0,2120.0,2120.0,1497.0,641.0,1484.0,636.0
2.0,4294.0,2159.0,2138.0,2120.0,2159.0,2159.0,1497.0,641.0,1512.0,647.0
2.0,4255.0,2200.0,2141.0,2159.0,2209.0,2209.0,1499.0,642.0,1540.0,660.0
2.0,4214.0,2234.0,2144.0,2209.0,2243.0,2243.0,1501.0,643.0,1563.0,671.0
2.0,4189.0,2107.0,2144.0,2243.0,2107.0,2107.0,1501.0,643.0,1475.0,632.0
2.0,4325.0,2180.0,2145.0,2107.0,2183.0,2183.0,1502.0,643.0,1527.0,653.0
2.0,4252.0,2117.0,2144.0,2183.0,2114.0,2114.0,1501.0,643.0,1481.0,636.0
2.0,4318.0,2095.0,2141.0,2114.0,2086.0,2086.0,1499.0,642.0,1467.0,628.0
2.0,4337.0,2167.0,2143.0,2086.0,2173.0,2173.0,1500.0,643.0,1519.0,648.0
2.0,4256.0,2190.0,2147.0,2173.0,2202.0,2202.0,1503.0,644.0,1531.0,659.0
2.0,4239.0,2220.0,2150.0,2202.0,2229.0,2229.0,1505.0,645.0,1556.0,664.0
2.0,4221.0,2179.0,2150.0,2229.0,2179.0,2179.0,1505.0,645.0,1525.0,654.0
2.0,4271.0,2104.0,2148.0,2179.0,2098.0,2098.0,1504.0,644.0,1472.0,632.0
2.0,4346.0,2072.0,2146.0,2098.0,2066.0,2066.0,1502.0,644.0,1451.0,621.0
2.0,4372.0,2189.0,2147.0,2066.0,2192.0,2192.0,1503.0,644.0,1531.0,658.0
2.0,4249.0,2166.0,2148.0,2192.0,2169.0,2169.0,1504.0,644.0,1517.0,649.0
2.0,4275.0,2292.0,2151.0,2169.0,2301.0,2301.0,1506.0,645.0,1604.0,688.0
2.0,4152.0,2275.0,2156.0,2301.0,2290.0,2290.0,1509.0,647.0,1593.0,682.0
2.0,4178.0,2199.0,2159.0,2290.0,2208.0,2208.0,1511.0,648.0,1539.0,660.0
2.0,4269.0,2069.0,2156.0,2208.0,2060.0,2060.0,1509.0,647.0,1449.0,620.0
2.0,4408.0,2150.0,2154.0,2060.0,2144.0,2144.0,1508.0,646.0,1504.0,646.0
2.0,4318.0,2083.0,2153.0,2144.0,2080.0,2080.0,1507.0,646.0,1459.0,624.0
2.0,4379.0,2200.0,2154.0,2080.0,2203.0,2203.0,1508.0,646.0,1539.0,661.0
2.0,4259.0,2212.0,2157.0,2203.0,2221.0,2221.0,1510.0,647.0,1548.0,664.0
2.0,4250.0,2271.0,2160.0,2221.0,2280.0,2280.0,1512.0,648.0,1592.0,679.0
2.0,4200.0,2231.0,2161.0,2280.0,2234.0,2234.0,1513.0,648.0,1560.0,671.0
2.0,4249.0,2248.0,2163.0,2234.0,2254.0,2254.0,1514.0,649.0,1575.0,673.0
2.0,4235.0,2114.0,2160.0,2254.0,2105.0,2105.0,1512.0,648.0,1481.0,633.0
2.0,4375.0,2164.0,2160.0,2105.0,2164.0,2164.0,1512.0,648.0,1513.0,651.0
2.0,4316.0,2216.0,2163.0,2164.0,2225.0,2225.0,1514.0,649.0,1553.0,663.0
2.0,4264.0,2232.0,2166.0,2225.0,2241.0,2241.0,1516.0,650.0,1562.0,670.0
2.0,4257.0,2273.0,2170.0,2241.0,2285.0,2285.0,1519.0,651.0,1591.0,682.0
2.0,4225.0,2255.0,2172.0,2285.0,2261.0,2261.0,1521.0,651.0,1578.0,677.0
2.0,4255.0,2141.0,2170.0,2261.0,2135.0,2135.0,1519.0,651.0,1499.0,642.0
2.0,4375.0,2128.0,2167.0,2135.0,2119.0,2119.0,1517.0,650.0,1491.0,637.0
2.0,4382.0,2113.0,2166.0,2119.0,2110.0,2110.0,1516.0,650.0,1478.0,635.0
2.0,4388.0,2220.0,2170.0,2110.0,2232.0,2232.0,1519.0,651.0,1554.0,666.0
2.0,4278.0,2262.0,2173.0,2232.0,2271.0,2271.0,1521.0,652.0,1583.0,679.0
2.0,4248.0,2283.0,2177.0,2271.0,2295.0,2295.0,1524.0,653.0,1599.0,684.0
2.0,4236.0,2240.0,2178.0,2295.0,2243.0,2243.0,1525.0,653.0,1567.0,673.0
2.0,4291.0,2186.0,2178.0,2243.0,2186.0,2186.0,1525.0,653.0,1530.0,656.0
2.0,4348.0,2116.0,2175.0,2186.0,2107.0,2107.0,1523.0,652.0,1482.0,634.0
2.0,4418.0,2134.0,2174.0,2107.0,2131.0,2131.0,1522.0,652.0,1494.0,640.0
2.0,4391.0,2240.0,2177.0,2131.0,2249.0,2249.0,1524.0,653.0,1570.0,670.0
2.0,4282.0,2242.0,2180.0,2249.0,2251.0,2251.0,1526.0,654.0,1569.0,673.0
2.0,4289.0,2262.0,2184.0,2251.0,2274.0,2274.0,1529.0,655.0,1583.0,679.0
2.0,4278.0,2204.0,2184.0,2274.0,2204.0,2204.0,1529.0,655.0,1543.0,661.0
2.0,4348.0,2155.0,2183.0,2204.0,2152.0,2152.0,1528.0,655.0,1508.0,647.0
2.0,4397.0,2140.0,2181.0,2152.0,2134.0,2134.0,1527.0,654.0,1499.0,641.0
2.0,4409.0,2151.0,2180.0,2134.0,2148.0,2148.0,1526.0,654.0,1506.0,645.0
2.0,4392.0,2206.0,2181.0,2148.0,2209.0,2209.0,1527.0,654.0,1543.0,663.0
2.0,4334.0,2253.0,2186.0,2209.0,2268.0,2268.0,1530.0,656.0,1577.0,676.0
2.0,4290.0,2204.0,2187.0,2268.0,2207.0,2207.0,1531.0,656.0,1544.0,660.0
2.0,4354.0,2234.0,2189.0,2207.0,2240.0,2240.0,1532.0,657.0,1563.0,671.0
2.0,4327.0,2180.0,2188.0,2240.0,2177.0,2177.0,1532.0,656.0,1526.0,654.0
2.0,4387.0,2132.0,2187.0,2177.0,2129.0,2129.0,1531.0,656.0,1494.0,638.0
2.0,4432.0,2115.0,2187.0,2129.0,2115.0,2115.0,1531.0,656.0,1481.0,634.0
2.0,4446.0,2233.0,2187.0,2115.0,2233.0,2233.0,1531.0,656.0,1564.0,669.0
2.0,4328.0,2268.0,2191.0,2233.0,2280.0,2280.0,1534.0,657.0,1587.0,681.0
2.0,4293.0,2283.0,2194.0,2280.0,2292.0,2292.0,1536.0,658.0,1598.0,685.0
2.0,4290.0,2220.0,2195.0,2292.0,2223.0,2223.0,1537.0,658.0,1553.0,667.0
2.0,4362.0,2184.0,2195.0,2223.0,2184.0,2184.0,1537.0,658.0,1529.0,655.0
2.0,4401.0,2120.0,2193.0,2184.0,2114.0,2114.0,1535.0,658.0,1485.0,635.0
2.0,4465.0,2151.0,2193.0,2114.0,2151.0,2151.0,1535.0,658.0,1505.0,646.0
2.0,4428.0,2220.0,2194.0,2151.0,2223.0,2223.0,1536.0,658.0,1554.0,666.0
2.0,4359.0,2283.0,2199.0,2223.0,2298.0,2298.0,1539.0,660.0,1598.0,685.0
2.0,4299.0,2323.0,2201.0,2298.0,2329.0,2329.0,1541.0,660.0,1628.0,695.0
2.0,4274.0,2286.0,2204.0,2329.0,2295.0,2295.0,1543.0,661.0,1600.0,686.0
2.0,4317.0,2214.0,2203.0,2295.0,2211.0,2211.0,1542.0,661.0,1549.0,665.0
2.0,4398.0,2139.0,2200.0,2211.0,2130.0,2130.0,1540.0,660.0,1498.0,641.0
2.0,4470.0,2121.0,2198.0,2130.0,2115.0,2115.0,1539.0,659.0,1484.0,637.0
2.0,4479.0,2224.0,2201.0,2115.0,2233.0,2233.0,1541.0,660.0,1559.0,665.0
2.0,4370.0,2296.0,2204.0,2233.0,2305.0,2305.0,1543.0,661.0,1607.0,689.0
2.0,4307.0,2280.0,2208.0,2305.0,2292.0,2292.0,1546.0,662.0,1596.0,684.0
2.0,4332.0,2259.0,2209.0,2292.0,2262.0,2262.0,1546.0,663.0,1580.0,679.0
2.0,4365.0,2204.0,2208.0,2262.0,2201.0,2201.0,1546.0,662.0,1543.0,661.0
2.0,4423.0,2160.0,2207.0,2201.0,2157.0,2157.0,1545.0,662.0,1513.0,647.0
2.0,4464.0,2148.0,2205.0,2157.0,2142.0,2142.0,1544.0,661.0,1503.0,645.0
2.0,4473.0,2224.0,2204.0,2142.0,2221.0,2221.0,1543.0,661.0,1559.0,665.0
2.0,4391.0,2276.0,2207.0,2221.0,2285.0,2285.0,1545.0,662.0,1593.0,683.0
2.0,4336.0,2280.0,2210.0,2285.0,2289.0,2289.0,1547.0,663.0,1595.0,685.0
2.0,4341.0,2294.0,2211.0,2289.0,2297.0,2297.0,1548.0,663.0,1607.0,687.0
2.0,4336.0,2237.0,2211.0,2297.0,2237.0,2237.0,1548.0,663.0,1564.0,673.0
2.0,4396.0,2155.0,2210.0,2237.0,2152.0,2152.0,1547.0,663.0,1510.0,645.0
2.0,4478.0,2131.0,2207.0,2152.0,2122.0,2122.0,1545.0,662.0,1493.0,638.0
2.0,4499.0,2224.0,2208.0,2122.0,2227.0,2227.0,1546.0,662.0,1555.0,669.0
2.0,4397.0,2271.0,2211.0,2227.0,2280.0,2280.0,1548.0,663.0,1592.0,679.0
2.0,4353.0,2298.0,2214.0,2280.0,2307.0,2307.0,1550.0,664.0,1609.0,689.0
2.0,4335.0,2196.0,2214.0,2307.0,2196.0,2196.0,1550.0,664.0,1536.0,660.0
2.0,4446.0,2195.0,2213.0,2196.0,2192.0,2192.0,1549.0,664.0,1537.0,658.0
2.0,4447.0,2141.0,2210.0,2192.0,2132.0,2132.0,1547.0,663.0,1499.0,642.0
2.0,4498.0,2154.0,2208.0,2132.0,2148.0,2148.0,1546.0,662.0,1507.0,647.0
2.0,4476.0,2256.0,2210.0,2148.0,2262.0,2262.0,1547.0,663.0,1580.0,676.0
2.0,4368.0,2305.0,2214.0,2262.0,2317.0,2317.0,1550.0,664.0,1613.0,692.0
2.0,4325.0,2350.0,2218.0,2317.0,2362.0,2362.0,1553.0,665.0,1646.0,704.0
2.0,4292.0,2231.0,2217.0,2362.0,2228.0,2228.0,1552.0,665.0,1562.0,669.0
2.0,4423.0,2201.0,2217.0,2228.0,2201.0,2201.0,1552.0,665.0,1540.0,661.0
2.0,4450.0,2188.0,2215.0,2201.0,2182.0,2182.0,1551.0,664.0,1532.0,656.0
2.0,4463.0,2129.0,2214.0,2182.0,2126.0,2126.0,1550.0,664.0,1492.0,637.0
2.0,4516.0,2240.0,2215.0,2126.0,2243.0,2243.0,1551.0,664.0,1567.0,673.0
2.0,4402.0,2302.0,2218.0,2243.0,2311.0,2311.0,1553.0,665.0,1611.0,691.0
2.0,4343.0,2289.0,2221.0,2311.0,2298.0,2298.0,1555.0,666.0,1601.0,688.0
2.0,4365.0,2289.0,2223.0,2298.0,2295.0,2295.0,1556.0,667.0,1604.0,685.0
2.0,4374.0,2195.0,2221.0,2295.0,2189.0,2189.0,1555.0,666.0,1536.0,659.0
2.0,4474.0,2193.0,2221.0,2189.0,2193.0,2193.0,1555.0,666.0,1535.0,658.0
2.0,4470.0,2214.0,2221.0,2193.0,2214.0,2214.0,1555.0,666.0,1550.0,664.0
2.0,4449.0,2245.0,2223.0,2214.0,2251.0,2251.0,1556.0,667.0,1572.0,673.0
2.0,4418.0,2267.0,2225.0,2251.0,2273.0,2273.0,1558.0,667.0,1587.0,680.0
2.0,4402.0,2308.0,2228.0,2273.0,2317.0,2317.0,1560.0,668.0,1616.0,692.0
2.0,4367.0,2244.0,2229.0,2317.0,2247.0,2247.0,1560.0,669.0,1571.0,673.0
2.0,4440.0,2238.0,2228.0,2247.0,2235.0,2235.0,1560.0,668.0,1566.0,672.0
2.0,4449.0,2132.0,2225.0,2235.0,2123.0,2123.0,1558.0,667.0,1494.0,638.0
2.0,4552.0,2182.0,2224.0,2123.0,2179.0,2179.0,1557.0,667.0,1527.0,655.0
2.0,4493.0,2236.0,2226.0,2179.0,2242.0,2242.0,1558.0,668.0,1566.0,670.0
2.0,4436.0,2360.0,2230.0,2242.0,2372.0,2372.0,1561.0,669.0,1653.0,707.0
2.0,4318.0,2333.0,2234.0,2372.0,2345.0,2345.0,1564.0,670.0,1633.0,700.0
2.0,4357.0,2322.0,2236.0,2345.0,2328.0,2328.0,1565.0,671.0,1625.0,697.0
2.0,4380.0,2269.0,2235.0,2328.0,2266.0,2266.0,1565.0,670.0,1588.0,681.0
2.0,4439.0,2151.0,2233.0,2266.0,2145.0,2145.0,1563.0,670.0,1505.0,646.0
2.0,4554.0,2144.0,2230.0,2145.0,2135.0,2135.0,1561.0,669.0,1502.0,642.0
2.0,4555.0,2274.0,2231.0,2135.0,2277.0,2277.0,1562.0,669.0,1590.0,684.0
2.0,4416.0,2365.0,2235.0,2277.0,2377.0,2377.0,1565.0,670.0,1656.0,709.0
2.0,4328.0,2283.0,2238.0,2377.0,2292.0,2292.0,1567.0,671.0,1598.0,685.0
2.0,4422.0,2343.0,2240.0,2292.0,2349.0,2349.0,1568.0,672.0,1642.0,701.0
2.0,4371.0,2147.0,2237.0,2349.0,2138.0,2138.0,1566.0,671.0,1501.0,646.0
2.0,4573.0,2177.0,2236.0,2138.0,2174.0,2174.0,1565.0,671.0,1525.0,652.0
2.0,4534.0,2201.0,2234.0,2174.0,2195.0,2195.0,1564.0,670.0,1540.0,661.0
2.0,4507.0,2280.0,2236.0,2195.0,2286.0,2286.0,1565.0,671.0,1597.0,683.0
2.0,4422.0,2337.0,2240.0,2286.0,2349.0,2349.0,1568.0,672.0,1636.0,701.0
2.0,4371.0,2346.0,2243.0,2349.0,2355.0,2355.0,1570.0,673.0,1643.0,703.0
2.0,4374.0,2237.0,2243.0,2355.0,2237.0,2237.0,1570.0,673.0,1566.0,671.0
2.0,4492.0,2215.0,2243.0,2237.0,2215.0,2215.0,1570.0,673.0,1550.0,665.0
2.0,4514.0,2175.0,2240.0,2215.0,2166.0,2166.0,1568.0,672.0,1524.0,651.0
2.0,4554.0,2151.0,2237.0,2166.0,2142.0,2142.0,1566.0,671.0,1504.0,647.0
2.0,4569.0,2161.0,2236.0,2142.0,2158.0,2158.0,1565.0,671.0,1514.0,647.0
2.0,4550.0,2253.0,2238.0,2158.0,2259.0,2259.0,1567.0,671.0,1576.0,677.0
2.0,4455.0,2326.0,2241.0,2259.0,2335.0,2335.0,1569.0,672.0,1629.0,697.0
2.0,4388.0,2289.0,2243.0,2335.0,2295.0,2295.0,1570.0,673.0,1603.0,686.0
2.0,4434.0,2212.0,2241.0,2295.0,2206.0,2206.0,1569.0,672.0,1548.0,664.0
2.0,4517.0,2146.0,2239.0,2206.0,2140.0,2140.0,1567.0,672.0,1503.0,643.0
2.0,4577.0,2244.0,2240.0,2140.0,2247.0,2247.0,1568.0,672.0,1572.0,672.0
2.0,4473.0,2236.0,2240.0,2247.0,2236.0,2236.0,1568.0,672.0,1563.0,673.0
2.0,4484.0,2325.0,2244.0,2236.0,2337.0,2337.0,1571.0,673.0,1630.0,695.0
2.0,4395.0,2324.0,2247.0,2337.0,2333.0,2333.0,1573.0,674.0,1627.0,697.0
2.0,4408.0,2278.0,2248.0,2333.0,2281.0,2281.0,1574.0,674.0,1593.0,685.0
2.0,4463.0,2254.0,2247.0,2281.0,2251.0,2251.0,1573.0,674.0,1580.0,674.0
2.0,4490.0,2208.0,2244.0,2251.0,2199.0,2199.0,1571.0,673.0,1544.0,664.0
2.0,4533.0,2197.0,2243.0,2199.0,2194.0,2194.0,1570.0,673.0,1539.0,658.0
2.0,4535.0,2237.0,2244.0,2194.0,2240.0,2240.0,1571.0,673.0,1565.0,672.0
2.0,4492.0,2343.0,2247.0,2240.0,2352.0,2352.0,1573.0,674.0,1642.0,701.0
2.0,4389.0,2330.0,2251.0,2352.0,2342.0,2342.0,1576.0,675.0,1631.0,699.0
2.0,4411.0,2306.0,2253.0,2342.0,2312.0,2312.0,1577.0,676.0,1613.0,693.0
2.0,4447.0,2227.0,2251.0,2312.0,2221.0,2221.0,1576.0,675.0,1558.0,669.0
2.0,4532.0,2127.0,2247.0,2221.0,2115.0,2115.0,1573.0,674.0,1489.0,638.0
2.0,4626.0,2241.0,2247.0,2115.0,2241.0,2241.0,1573.0,674.0,1571.0,670.0
2.0,4500.0,2257.0,2248.0,2241.0,2260.0,2260.0,1574.0,674.0,1579.0,678.0
2.0,4484.0,2351.0,2251.0,2260.0,2360.0,2360.0,1576.0,675.0,1646.0,705.0
2.0,4393.0,2247.0,2251.0,2360.0,2247.0,2247.0,1576.0,675.0,1573.0,674.0
2.0,4506.0,2247.0,2251.0,2247.0,2247.0,2247.0,1576.0,675.0,1573.0,674.0
2.0,4506.0,2238.0,2251.0,2247.0,2238.0,2238.0,1576.0,675.0,1567.0,671.0
2.0,4515.0,2146.0,2248.0,2238.0,2137.0,2137.0,1574.0,674.0,1503.0,643.0
2.0,4607.0,2188.0,2247.0,2137.0,2185.0,2185.0,1573.0,674.0,1531.0,657.0
2.0,4556.0,2235.0,2247.0,2185.0,2235.0,2235.0,1573.0,674.0,1565.0,670.0
2.0,4506.0,2436.0,2253.0,2235.0,2454.0,2454.0,1577.0,676.0,1707.0,729.0
2.0,4305.0,2317.0,2255.0,2454.0,2323.0,2323.0,1579.0,676.0,1622.0,695.0
2.0,4442.0,2320.0,2257.0,2323.0,2326.0,2326.0,1580.0,677.0,1625.0,695.0
2.0,4445.0,2208.0,2254.0,2326.0,2199.0,2199.0,1578.0,676.0,1544.0,664.0
2.0,4563.0,2204.0,2251.0,2199.0,2195.0,2195.0,1576.0,675.0,1543.0,661.0
2.0,4558.0,2269.0,2250.0,2195.0,2266.0,2266.0,1575.0,675.0,1588.0,681.0
2.0,4484.0,2265.0,2250.0,2266.0,2265.0,2265.0,1575.0,675.0,1586.0,679.0
2.0,4485.0,2387.0,2255.0,2265.0,2402.0,2402.0,1579.0,676.0,1672.0,715.0
2.0,4363.0,2366.0,2260.0,2402.0,2381.0,2381.0,1582.0,678.0,1656.0,710.0
2.0,4399.0,2310.0,2260.0,2381.0,2310.0,2310.0,1582.0,678.0,1618.0,692.0
2.0,4470.0,2248.0,2258.0,2310.0,2242.0,2242.0,1581.0,677.0,1573.0,675.0
2.0,4532.0,2168.0,2255.0,2242.0,2159.0,2159.0,1579.0,676.0,1518.0,650.0
2.0,4606.0,2254.0,2254.0,2159.0,2251.0,2251.0,1578.0,676.0,1577.0,677.0
2.0,4511.0,2250.0,2255.0,2251.0,2253.0,2253.0,1579.0,676.0,1576.0,674.0
2.0,4512.0,2353.0,2260.0,2253.0,2368.0,2368.0,1582.0,678.0,1648.0,705.0
2.0,4412.0,2343.0,2261.0,2368.0,2346.0,2346.0,1583.0,678.0,1639.0,704.0
2.0,4437.0,2321.0,2263.0,2346.0,2327.0,2327.0,1584.0,679.0,1626.0,695.0
2.0,4462.0,2303.0,2262.0,2327.0,2300.0,2300.0,1584.0,678.0,1612.0,691.0
2.0,4486.0,2161.0,2258.0,2300.0,2149.0,2149.0,1581.0,677.0,1512.0,649.0
2.0,4625.0,2274.0,2260.0,2149.0,2280.0,2280.0,1582.0,678.0,1593.0,681.0
2.0,4500.0,2307.0,2261.0,2280.0,2310.0,2310.0,1583.0,678.0,1614.0,693.0
2.0,4473.0,2286.0,2263.0,2310.0,2292.0,2292.0,1584.0,679.0,1601.0,685.0
2.0,4497.0,2346.0,2267.0,2292.0,2358.0,2358.0,1587.0,680.0,1643.0,703.0
2.0,4443.0,2289.0,2270.0,2358.0,2298.0,2298.0,1589.0,681.0,1601.0,688.0
2.0,4512.0,2317.0,2271.0,2298.0,2320.0,2320.0,1590.0,681.0,1623.0,694.0
2.0,4493.0,2167.0,2267.0,2320.0,2155.0,2155.0,1587.0,680.0,1515.0,652.0
2.0,4646.0,2237.0,2267.0,2155.0,2237.0,2237.0,1587.0,680.0,1568.0,669.0
2.0,4564.0,2314.0,2268.0,2237.0,2317.0,2317.0,1588.0,680.0,1619.0,695.0
2.0,4487.0,2339.0,2272.0,2317.0,2351.0,2351.0,1591.0,681.0,1637.0,702.0
2.0,4465.0,2412.0,2275.0,2351.0,2421.0,2421.0,1593.0,682.0,1688.0,724.0
2.0,4404.0,2300.0,2277.0,2421.0,2306.0,2306.0,1594.0,683.0,1611.0,689.0
2.0,4525.0,2248.0,2275.0,2306.0,2242.0,2242.0,1593.0,682.0,1573.0,675.0
2.0,4583.0,2239.0,2274.0,2242.0,2236.0,2236.0,1592.0,682.0,1569.0,670.0
2.0,4586.0,2291.0,2274.0,2236.0,2291.0,2291.0,1592.0,682.0,1605.0,686.0
2.0,4531.0,2296.0,2274.0,2291.0,2296.0,2296.0,1592.0,682.0,1605.0,691.0
2.0,4526.0,2339.0,2277.0,2296.0,2348.0,2348.0,1594.0,683.0,1639.0,700.0
2.0,4483.0,2386.0,2281.0,2348.0,2398.0,2398.0,1597.0,684.0,1670.0,716.0
2.0,4445.0,2389.0,2284.0,2398.0,2398.0,2398.0,1599.0,685.0,1672.0,717.0
2.0,4454.0,2343.0,2284.0,2398.0,2343.0,2343.0,1599.0,685.0,1640.0,703.0
2.0,4509.0,2238.0,2281.0,2343.0,2229.0,2229.0,1597.0,684.0,1566.0,672.0
2.0,4614.0,2303.0,2281.0,2229.0,2303.0,2303.0,1597.0,684.0,1612.0,691.0
2.0,4540.0,2297.0,2283.0,2303.0,2303.0,2303.0,1598.0,685.0,1609.0,688.0
2.0,4546.0,2353.0,2287.0,2303.0,2365.0,2365.0,1601.0,686.0,1648.0,705.0
2.0,4496.0,2356.0,2290.0,2365.0,2365.0,2365.0,1603.0,687.0,1648.0,708.0
2.0,4505.0,2314.0,2291.0,2365.0,2317.0,2317.0,1604.0,687.0,1621.0,693.0
2.0,4556.0,2263.0,2289.0,2317.0,2257.0,2257.0,1602.0,687.0,1583.0,680.0
2.0,4610.0,2304.0,2290.0,2257.0,2307.0,2307.0,1603.0,687.0,1614.0,690.0
2.0,4563.0,2276.0,2291.0,2307.0,2279.0,2279.0,1604.0,687.0,1593.0,683.0
2.0,4594.0,2269.0,2291.0,2279.0,2269.0,2269.0,1604.0,687.0,1586.0,683.0
2.0,4604.0,2338.0,2295.0,2269.0,2350.0,2350.0,1607.0,688.0,1637.0,701.0
2.0,4535.0,2327.0,2297.0,2350.0,2333.0,2333.0,1608.0,689.0,1630.0,697.0
2.0,4558.0,2240.0,2298.0,2333.0,2243.0,2243.0,1609.0,689.0,1569.0,671.0
2.0,4651.0,2285.0,2294.0,2243.0,2273.0,2273.0,1606.0,688.0,1598.0,687.0
2.0,4609.0,2208.0,2293.0,2273.0,2205.0,2205.0,1605.0,688.0,1547.0,661.0
2.0,4674.0,2282.0,2292.0,2205.0,2279.0,2279.0,1604.0,688.0,1597.0,685.0
2.0,4597.0,2297.0,2294.0,2279.0,2303.0,2303.0,1606.0,688.0,1609.0,688.0
2.0,4579.0,2396.0,2297.0,2303.0,2405.0,2405.0,1608.0,689.0,1677.0,719.0
2.0,4486.0,2379.0,2300.0,2405.0,2388.0,2388.0,1610.0,690.0,1665.0,714.0
2.0,4512.0,2313.0,2300.0,2388.0,2313.0,2313.0,1610.0,690.0,1619.0,694.0
2.0,4587.0,2265.0,2298.0,2313.0,2259.0,2259.0,1609.0,689.0,1585.0,680.0
2.0,4635.0,2282.0,2297.0,2259.0,2279.0,2279.0,1608.0,689.0,1599.0,683.0
2.0,4612.0,2242.0,2295.0,2279.0,2236.0,2236.0,1607.0,688.0,1569.0,673.0
2.0,4649.0,2290.0,2296.0,2236.0,2293.0,2293.0,1607.0,689.0,1604.0,686.0
2.0,4595.0,2316.0,2299.0,2293.0,2325.0,2325.0,1609.0,690.0,1621.0,695.0
2.0,4572.0,2422.0,2302.0,2325.0,2431.0,2431.0,1612.0,690.0,1695.0,727.0
2.0,4475.0,2403.0,2305.0,2431.0,2412.0,2412.0,1614.0,691.0,1682.0,721.0
2.0,4503.0,2305.0,2304.0,2412.0,2302.0,2302.0,1613.0,691.0,1615.0,690.0
2.0,4610.0,2275.0,2303.0,2302.0,2272.0,2272.0,1612.0,691.0,1592.0,683.0
2.0,4637.0,2287.0,2303.0,2272.0,2287.0,2287.0,1612.0,691.0,1601.0,686.0
2.0,4622.0,2370.0,2303.0,2287.0,2370.0,2370.0,1612.0,691.0,1660.0,710.0
2.0,4539.0,2362.0,2307.0,2370.0,2374.0,2374.0,1615.0,692.0,1653.0,709.0
2.0,4547.0,2342.0,2308.0,2374.0,2345.0,2345.0,1616.0,692.0,1638.0,704.0
2.0,4579.0,2390.0,2310.0,2345.0,2396.0,2396.0,1617.0,693.0,1674.0,716.0
2.0,4534.0,2360.0,2311.0,2396.0,2363.0,2363.0,1618.0,693.0,1651.0,709.0
2.0,4570.0,2281.0,2310.0,2363.0,2278.0,2278.0,1617.0,693.0,1599.0,682.0
2.0,4652.0,2294.0,2310.0,2278.0,2294.0,2294.0,1617.0,693.0,1606.0,688.0
2.0,4636.0,2331.0,2311.0,2294.0,2334.0,2334.0,1618.0,693.0,1632.0,699.0
2.0,4599.0,2348.0,2314.0,2334.0,2357.0,2357.0,1620.0,694.0,1643.0,705.0
2.0,4585.0,2408.0,2317.0,2357.0,2417.0,2417.0,1622.0,695.0,1685.0,723.0
2.0,4534.0,2306.0,2317.0,2417.0,2306.0,2306.0,1622.0,695.0,1614.0,692.0
2.0,4645.0,2337.0,2317.0,2306.0,2337.0,2337.0,1622.0,695.0,1636.0,701.0
2.0,4614.0,2268.0,2314.0,2337.0,2259.0,2259.0,1620.0,694.0,1587.0,681.0
2.0,4683.0,2195.0,2313.0,2259.0,2192.0,2192.0,1619.0,694.0,1537.0,658.0
2.0,4747.0,2380.0,2315.0,2192.0,2386.0,2386.0,1621.0,694.0,1666.0,714.0
2.0,4559.0,2376.0,2317.0,2386.0,2382.0,2382.0,1622.0,695.0,1665.0,711.0
2.0,4569.0,2390.0,2320.0,2382.0,2399.0,2399.0,1624.0,696.0,1672.0,718.0
2.0,4561.0,2351.0,2321.0,2399.0,2354.0,2354.0,1625.0,696.0,1647.0,704.0
2.0,4609.0,2331.0,2320.0,2354.0,2328.0,2328.0,1624.0,696.0,1632.0,699.0
2.0,4632.0,2287.0,2318.0,2328.0,2281.0,2281.0,1623.0,695.0,1600.0,687.0
2.0,4673.0,2255.0,2316.0,2281.0,2249.0,2249.0,1621.0,695.0,1579.0,676.0
2.0,4699.0,2361.0,2317.0,2249.0,2364.0,2364.0,1622.0,695.0,1653.0,708.0
2.0,4587.0,2357.0,2318.0,2364.0,2360.0,2360.0,1623.0,695.0,1650.0,707.0
2.0,4594.0,2397.0,2320.0,2360.0,2403.0,2403.0,1624.0,696.0,1679.0,718.0
2.0,4557.0,2336.0,2321.0,2403.0,2339.0,2339.0,1625.0,696.0,1633.0,703.0
2.0,4624.0,2308.0,2320.0,2339.0,2305.0,2305.0,1624.0,696.0,1618.0,690.0
2.0,4655.0,2280.0,2319.0,2305.0,2277.0,2277.0,1623.0,696.0,1595.0,685.0
2.0,4680.0,2298.0,2318.0,2277.0,2295.0,2295.0,1623.0,695.0,1609.0,689.0
2.0,4659.0,2324.0,2320.0,2295.0,2330.0,2330.0,1624.0,696.0,1628.0,696.0
2.0,4630.0,2406.0,2321.0,2330.0,2409.0,2409.0,1625.0,696.0,1683.0,723.0
2.0,4554.0,2412.0,2324.0,2409.0,2421.0,2421.0,1627.0,697.0,1688.0,724.0
2.0,4551.0,2436.0,2327.0,2421.0,2445.0,2445.0,1629.0,698.0,1707.0,729.0
2.0,4536.0,2277.0,2327.0,2445.0,2277.0,2277.0,1629.0,698.0,1593.0,684.0
2.0,4704.0,2274.0,2325.0,2277.0,2268.0,2268.0,1628.0,697.0,1592.0,682.0
2.0,4707.0,2285.0,2326.0,2268.0,2288.0,2288.0,1628.0,698.0,1600.0,685.0
2.0,4690.0,2313.0,2327.0,2288.0,2316.0,2316.0,1629.0,698.0,1620.0,693.0
2.0,4665.0,2405.0,2330.0,2316.0,2414.0,2414.0,1631.0,699.0,1683.0,722.0
2.0,4576.0,2420.0,2333.0,2414.0,2429.0,2429.0,1633.0,700.0,1694.0,726.0
2.0,4570.0,2374.0,2334.0,2429.0,2377.0,2377.0,1634.0,700.0,1661.0,713.0
2.0,4625.0,2317.0,2333.0,2377.0,2314.0,2314.0,1633.0,700.0,1623.0,694.0
2.0,4685.0,2258.0,2331.0,2314.0,2252.0,2252.0,1632.0,699.0,1579.0,679.0
2.0,4741.0,2320.0,2331.0,2252.0,2320.0,2320.0,1632.0,699.0,1624.0,696.0
2.0,4673.0,2276.0,2331.0,2320.0,2276.0,2276.0,1632.0,699.0,1594.0,682.0
2.0,4717.0,2420.0,2334.0,2276.0,2429.0,2429.0,1634.0,700.0,1695.0,725.0
2.0,4573.0,2437.0,2337.0,2429.0,2446.0,2446.0,1636.0,701.0,1707.0,730.0
2.0,4565.0,2397.0,2340.0,2446.0,2406.0,2406.0,1638.0,702.0,1677.0,720.0
2.0,4614.0,2363.0,2340.0,2406.0,2363.0,2363.0,1638.0,702.0,1655.0,708.0
2.0,4657.0,2219.0,2337.0,2363.0,2210.0,2210.0,1636.0,701.0,1553.0,666.0
2.0,4801.0,2287.0,2334.0,2210.0,2278.0,2278.0,1634.0,700.0,1600.0,687.0
2.0,4724.0,2354.0,2335.0,2278.0,2357.0,2357.0,1635.0,700.0,1649.0,705.0
2.0,4648.0,2376.0,2337.0,2357.0,2382.0,2382.0,1636.0,701.0,1664.0,712.0
2.0,4629.0,2426.0,2340.0,2382.0,2435.0,2435.0,1638.0,702.0,1698.0,728.0
2.0,4585.0,2392.0,2340.0,2435.0,2392.0,2392.0,1638.0,702.0,1675.0,717.0
2.0,4628.0,2301.0,2340.0,2392.0,2301.0,2301.0,1638.0,702.0,1610.0,691.0
2.0,4719.0,2258.0,2337.0,2301.0,2249.0,2249.0,1636.0,701.0,1580.0,678.0
2.0,4762.0,2297.0,2336.0,2249.0,2294.0,2294.0,1635.0,701.0,1609.0,688.0
2.0,4714.0,2371.0,2336.0,2294.0,2371.0,2371.0,1635.0,701.0,1660.0,711.0
2.0,4637.0,2482.0,2340.0,2371.0,2494.0,2494.0,1638.0,702.0,1738.0,744.0
2.0,4526.0,2413.0,2343.0,2494.0,2422.0,2422.0,1640.0,703.0,1688.0,725.0
2.0,4607.0,2356.0,2343.0,2422.0,2356.0,2356.0,1640.0,703.0,1650.0,706.0
2.0,4673.0,2275.0,2341.0,2356.0,2269.0,2269.0,1639.0,702.0,1592.0,683.0
2.0,4754.0,2335.0,2340.0,2269.0,2332.0,2332.0,1638.0,702.0,1636.0,699.0
2.0,4688.0,2293.0,2340.0,2332.0,2293.0,2293.0,1638.0,702.0,1605.0,688.0
2.0,4727.0,2391.0,2341.0,2293.0,2394.0,2394.0,1639.0,702.0,1673.0,718.0
2.0,4629.0,2396.0,2343.0,2394.0,2402.0,2402.0,1640.0,703.0,1678.0,718.0
2.0,4627.0,2443.0,2348.0,2402.0,2458.0,2458.0,1644.0,704.0,1709.0,734.0
2.0,4586.0,2392.0,2348.0,2458.0,2392.0,2392.0,1644.0,704.0,1675.0,717.0
2.0,4652.0,2305.0,2347.0,2392.0,2302.0,2302.0,1643.0,704.0,1616.0,689.0
2.0,4739.0,2251.0,2344.0,2302.0,2242.0,2242.0,1641.0,703.0,1574.0,677.0
2.0,4790.0,2284.0,2343.0,2242.0,2281.0,2281.0,1640.0,703.0,1600.0,684.0
2.0,4748.0,2347.0,2343.0,2281.0,2347.0,2347.0,1640.0,703.0,1643.0,704.0
2.0,4682.0,2374.0,2344.0,2347.0,2377.0,2377.0,1641.0,703.0,1661.0,713.0
2.0,4655.0,2420.0,2348.0,2377.0,2432.0,2432.0,1644.0,704.0,1694.0,726.0
2.0,4612.0,2439.0,2350.0,2432.0,2445.0,2445.0,1645.0,705.0,1708.0,731.0
2.0,4605.0,2373.0,2350.0,2445.0,2373.0,2373.0,1645.0,705.0,1662.0,711.0
2.0,4677.0,2257.0,2347.0,2373.0,2248.0,2248.0,1643.0,704.0,1580.0,677.0
2.0,4793.0,2361.0,2347.0,2248.0,2361.0,2361.0,1643.0,704.0,1651.0,710.0
2.0,4680.0,2396.0,2350.0,2361.0,2405.0,2405.0,1645.0,705.0,1678.0,718.0
2.0,4645.0,2463.0,2353.0,2405.0,2472.0,2472.0,1647.0,706.0,1725.0,738.0
2.0,4587.0,2490.0,2357.0,2472.0,2502.0,2502.0,1650.0,707.0,1743.0,747.0
2.0,4569.0,2391.0,2358.0,2502.0,2394.0,2394.0,1651.0,707.0,1675.0,716.0
2.0,4680.0,2354.0,2357.0,2394.0,2351.0,2351.0,1650.0,707.0,1647.0,707.0
2.0,4720.0,2306.0,2354.0,2351.0,2297.0,2297.0,1648.0,706.0,1613.0,693.0
2.0,4765.0,2327.0,2353.0,2297.0,2324.0,2324.0,1647.0,706.0,1630.0,697.0
2.0,4735.0,2373.0,2354.0,2324.0,2376.0,2376.0,1648.0,706.0,1660.0,713.0
2.0,4686.0,2433.0,2357.0,2376.0,2442.0,2442.0,1650.0,707.0,1703.0,730.0
2.0,4629.0,2420.0,2360.0,2442.0,2429.0,2429.0,1652.0,708.0,1696.0,724.0
2.0,4651.0,2428.0,2363.0,2429.0,2437.0,2437.0,1654.0,709.0,1699.0,729.0
2.0,4652.0,2344.0,2361.0,2437.0,2338.0,2338.0,1653.0,708.0,1641.0,703.0
2.0,4745.0,2350.0,2360.0,2338.0,2347.0,2347.0,1652.0,708.0,1646.0,704.0
2.0,4733.0,2365.0,2360.0,2347.0,2365.0,2365.0,1652.0,708.0,1656.0,709.0
2.0,4715.0,2345.0,2360.0,2365.0,2345.0,2345.0,1652.0,708.0,1642.0,703.0
2.0,4735.0,2372.0,2362.0,2345.0,2378.0,2378.0,1654.0,708.0,1659.0,713.0
2.0,4708.0,2384.0,2364.0,2378.0,2390.0,2390.0,1655.0,709.0,1670.0,714.0
2.0,4702.0,2449.0,2367.0,2390.0,2458.0,2458.0,1657.0,710.0,1715.0,734.0
2.0,4643.0,2344.0,2365.0,2458.0,2338.0,2338.0,1656.0,709.0,1640.0,704.0
2.0,4757.0,2400.0,2364.0,2338.0,2397.0,2397.0,1655.0,709.0,1679.0,721.0
2.0,4695.0,2324.0,2363.0,2397.0,2321.0,2321.0,1654.0,709.0,1628.0,696.0
2.0,4768.0,2392.0,2364.0,2321.0,2395.0,2395.0,1655.0,709.0,1673.0,719.0
2.0,4697.0,2394.0,2367.0,2395.0,2403.0,2403.0,1657.0,710.0,1678.0,716.0
2.0,4698.0,2509.0,2371.0,2403.0,2521.0,2521.0,1660.0,711.0,1755.0,754.0
2.0,4592.0,2394.0,2373.0,2521.0,2400.0,2400.0,1661.0,712.0,1676.0,718.0
2.0,4719.0,2383.0,2373.0,2400.0,2383.0,2383.0,1661.0,712.0,1668.0,715.0
2.0,4736.0,2320.0,2370.0,2383.0,2311.0,2311.0,1659.0,711.0,1625.0,695.0
2.0,4799.0,2346.0,2370.0,2311.0,2346.0,2346.0,1659.0,711.0,1642.0,704.0
2.0,4764.0,2394.0,2371.0,2346.0,2397.0,2397.0,1660.0,711.0,1675.0,719.0
2.0,4716.0,2522.0,2377.0,2397.0,2540.0,2540.0,1664.0,713.0,1766.0,756.0
2.0,4591.0,2482.0,2380.0,2540.0,2491.0,2491.0,1666.0,714.0,1737.0,745.0
2.0,4649.0,2411.0,2381.0,2491.0,2414.0,2414.0,1667.0,714.0,1689.0,722.0
2.0,4729.0,2384.0,2379.0,2414.0,2378.0,2378.0,1665.0,714.0,1668.0,716.0
2.0,4759.0,2328.0,2377.0,2378.0,2322.0,2322.0,1664.0,713.0,1631.0,697.0
2.0,4809.0,2404.0,2378.0,2322.0,2407.0,2407.0,1665.0,713.0,1681.0,723.0
2.0,4727.0,2406.0,2381.0,2407.0,2415.0,2415.0,1667.0,714.0,1686.0,720.0
2.0,4728.0,2439.0,2383.0,2415.0,2445.0,2445.0,1668.0,715.0,1706.0,733.0
2.0,4704.0,2509.0,2387.0,2445.0,2521.0,2521.0,1671.0,716.0,1757.0,752.0
2.0,4640.0,2408.0,2387.0,2521.0,2408.0,2408.0,1671.0,716.0,1686.0,722.0
2.0,4753.0,2319.0,2386.0,2408.0,2316.0,2316.0,1670.0,716.0,1623.0,696.0
2.0,4842.0,2259.0,2382.0,2316.0,2247.0,2247.0,1668.0,714.0,1582.0,677.0
2.0,4899.0,2308.0,2380.0,2247.0,2302.0,2302.0,1666.0,714.0,1617.0,691.0
2.0,4838.0,2363.0,2381.0,2302.0,2366.0,2366.0,1667.0,714.0,1653.0,710.0
2.0,4777.0,2478.0,2386.0,2366.0,2493.0,2493.0,1670.0,716.0,1735.0,743.0
2.0,4665.0,2490.0,2390.0,2493.0,2502.0,2502.0,1673.0,717.0,1743.0,747.0
2.0,4668.0,2396.0,2391.0,2502.0,2399.0,2399.0,1674.0,717.0,1678.0,718.0
2.0,4774.0,2324.0,2390.0,2399.0,2321.0,2321.0,1673.0,717.0,1626.0,698.0
2.0,4849.0,2340.0,2388.0,2321.0,2334.0,2334.0,1672.0,716.0,1637.0,703.0
2.0,4830.0,2387.0,2387.0,2334.0,2384.0,2384.0,1671.0,716.0,1673.0,714.0
2.0,4777.0,2334.0,2387.0,2384.0,2334.0,2334.0,1671.0,716.0,1633.0,701.0
2.0,4827.0,2462.0,2390.0,2334.0,2471.0,2471.0,1673.0,717.0,1724.0,738.0
2.0,4699.0,2440.0,2392.0,2471.0,2446.0,2446.0,1675.0,717.0,1707.0,733.0
2.0,4730.0,2454.0,2393.0,2446.0,2457.0,2457.0,1675.0,718.0,1719.0,735.0
2.0,4722.0,2394.0,2391.0,2457.0,2388.0,2388.0,1674.0,717.0,1675.0,719.0
2.0,4785.0,2299.0,2388.0,2388.0,2290.0,2290.0,1672.0,716.0,1609.0,690.0
2.0,4874.0,2317.0,2387.0,2290.0,2314.0,2314.0,1671.0,716.0,1624.0,693.0
2.0,4847.0,2386.0,2387.0,2314.0,2386.0,2386.0,1671.0,716.0,1668.0,718.0
2.0,4775.0,2477.0,2391.0,2386.0,2489.0,2489.0,1674.0,717.0,1736.0,741.0
2.0,4684.0,2502.0,2394.0,2489.0,2511.0,2511.0,1676.0,718.0,1751.0,751.0
2.0,4671.0,2494.0,2397.0,2511.0,2503.0,2503.0,1678.0,719.0,1746.0,748.0
2.0,4688.0,2421.0,2396.0,2503.0,2418.0,2418.0,1677.0,719.0,1695.0,726.0
2.0,4770.0,2335.0,2394.0,2418.0,2329.0,2329.0,1676.0,718.0,1634.0,701.0
2.0,4853.0,2388.0,2394.0,2329.0,2388.0,2388.0,1676.0,718.0,1673.0,715.0
2.0,4794.0,2446.0,2396.0,2388.0,2452.0,2452.0,1677.0,719.0,1712.0,734.0
2.0,4736.0,2489.0,2398.0,2452.0,2495.0,2495.0,1679.0,719.0,1741.0,748.0
2.0,4699.0,2434.0,2400.0,2495.0,2440.0,2440.0,1680.0,720.0,1705.0,729.0
2.0,4760.0,2474.0,2403.0,2440.0,2483.0,2483.0,1682.0,721.0,1732.0,742.0
2.0,4726.0,2353.0,2401.0,2483.0,2347.0,2347.0,1681.0,720.0,1647.0,706.0
2.0,4856.0,2367.0,2401.0,2347.0,2367.0,2367.0,1681.0,720.0,1657.0,710.0
2.0,4836.0,2360.0,2400.0,2367.0,2357.0,2357.0,1680.0,720.0,1653.0,707.0
2.0,4843.0,2411.0,2401.0,2357.0,2414.0,2414.0,1681.0,720.0,1686.0,725.0
2.0,4789.0,2446.0,2401.0,2414.0,2446.0,2446.0,1681.0,720.0,1713.0,733.0
2.0,4757.0,2482.0,2405.0,2446.0,2494.0,2494.0,1684.0,721.0,1737.0,745.0
2.0,4721.0,2467.0,2407.0,2494.0,2473.0,2473.0,1685.0,722.0,1728.0,739.0
2.0,4748.0,2370.0,2406.0,2473.0,2367.0,2367.0,1684.0,722.0,1659.0,711.0
2.0,4851.0,2319.0,2403.0,2367.0,2310.0,2310.0,1682.0,721.0,1623.0,696.0
2.0,4899.0,2376.0,2401.0,2310.0,2370.0,2370.0,1681.0,720.0,1663.0,713.0
2.0,4833.0,2516.0,2404.0,2370.0,2525.0,2525.0,1683.0,721.0,1761.0,755.0
2.0,4687.0,2476.0,2407.0,2525.0,2485.0,2485.0,1685.0,722.0,1735.0,741.0
2.0,4736.0,2486.0,2410.0,2485.0,2495.0,2495.0,1687.0,723.0,1740.0,746.0
2.0,4735.0,2464.0,2411.0,2495.0,2467.0,2467.0,1688.0,723.0,1724.0,740.0
2.0,4766.0,2440.0,2410.0,2467.0,2437.0,2437.0,1687.0,723.0,1709.0,731.0
2.0,4793.0,2312.0,2407.0,2437.0,2303.0,2303.0,1685.0,722.0,1619.0,693.0
2.0,4918.0,2413.0,2407.0,2303.0,2413.0,2413.0,1685.0,722.0,1689.0,724.0
2.0,4808.0,2380.0,2407.0,2413.0,2380.0,2380.0,1685.0,722.0,1666.0,714.0
2.0,4841.0,2494.0,2410.0,2380.0,2503.0,2503.0,1687.0,723.0,1746.0,748.0
2.0,4727.0,2476.0,2411.0,2503.0,2479.0,2479.0,1688.0,723.0,1732.0,744.0
2.0,4754.0,2439.0,2411.0,2479.0,2439.0,2439.0,1688.0,723.0,1707.0,732.0
2.0,4794.0,2441.0,2411.0,2439.0,2441.0,2441.0,1688.0,723.0,1709.0,732.0
2.0,4792.0,2328.0,2408.0,2441.0,2319.0,2319.0,1686.0,722.0,1630.0,698.0
2.0,4905.0,2380.0,2408.0,2319.0,2380.0,2380.0,1686.0,722.0,1666.0,714.0
2.0,4844.0,2466.0,2411.0,2380.0,2475.0,2475.0,1688.0,723.0,1725.0,741.0
2.0,4758.0,2486.0,2415.0,2475.0,2498.0,2498.0,1691.0,724.0,1741.0,745.0
2.0,4747.0,2515.0,2419.0,2498.0,2527.0,2527.0,1693.0,726.0,1761.0,754.0
2.0,4730.0,2556.0,2423.0,2527.0,2568.0,2568.0,1696.0,727.0,1789.0,767.0
2.0,4701.0,2389.0,2421.0,2568.0,2383.0,2383.0,1695.0,726.0,1672.0,717.0
2.0,4880.0,2344.0,2418.0,2383.0,2335.0,2335.0,1693.0,725.0,1642.0,702.0
2.0,4919.0,2364.0,2417.0,2335.0,2361.0,2361.0,1692.0,725.0,1654.0,710.0
2.0,4890.0,2400.0,2419.0,2361.0,2406.0,2406.0,1693.0,726.0,1681.0,719.0
2.0,4851.0,2487.0,2421.0,2406.0,2493.0,2493.0,1695.0,726.0,1741.0,746.0
2.0,4770.0,2480.0,2424.0,2493.0,2489.0,2489.0,1697.0,727.0,1737.0,743.0
2.0,4783.0,2481.0,2427.0,2489.0,2490.0,2490.0,1699.0,728.0,1737.0,744.0
2.0,4791.0,2434.0,2426.0,2490.0,2431.0,2431.0,1698.0,728.0,1704.0,730.0
2.0,4847.0,2272.0,2423.0,2431.0,2263.0,2263.0,1696.0,727.0,1591.0,681.0
2.0,5006.0,2364.0,2421.0,2263.0,2358.0,2358.0,1695.0,726.0,1654.0,710.0
2.0,4905.0,2441.0,2421.0,2358.0,2441.0,2441.0,1695.0,726.0,1709.0,732.0
2.0,4822.0,2493.0,2426.0,2441.0,2508.0,2508.0,1698.0,728.0,1746.0,747.0
2.0,4770.0,2463.0,2428.0,2508.0,2469.0,2469.0,1700.0,728.0,1723.0,740.0
2.0,4815.0,2480.0,2430.0,2469.0,2486.0,2486.0,1701.0,729.0,1738.0,742.0
2.0,4804.0,2404.0,2429.0,2486.0,2401.0,2401.0,1700.0,729.0,1682.0,722.0
2.0,4886.0,2402.0,2427.0,2401.0,2396.0,2396.0,1699.0,728.0,1683.0,719.0
2.0,4885.0,2394.0,2425.0,2396.0,2388.0,2388.0,1698.0,727.0,1674.0,720.0
2.0,4887.0,2448.0,2426.0,2388.0,2451.0,2451.0,1698.0,728.0,1715.0,733.0
2.0,4827.0,2499.0,2428.0,2451.0,2505.0,2505.0,1700.0,728.0,1749.0,750.0
2.0,4779.0,2553.0,2431.0,2505.0,2562.0,2562.0,1702.0,729.0,1787.0,766.0
2.0,4731.0,2524.0,2433.0,2562.0,2530.0,2530.0,1703.0,730.0,1768.0,756.0
2.0,4769.0,2471.0,2433.0,2530.0,2471.0,2471.0,1703.0,730.0,1730.0,741.0
2.0,4828.0,2386.0,2432.0,2471.0,2383.0,2383.0,1703.0,729.0,1669.0,717.0
2.0,4913.0,2427.0,2431.0,2383.0,2424.0,2424.0,1702.0,729.0,1699.0,728.0
2.0,4869.0,2427.0,2433.0,2424.0,2433.0,2433.0,1703.0,730.0,1700.0,727.0
2.0,4866.0,2484.0,2434.0,2433.0,2487.0,2487.0,1704.0,730.0,1738.0,746.0
2.0,4815.0,2537.0,2438.0,2487.0,2549.0,2549.0,1707.0,731.0,1776.0,761.0
2.0,4765.0,2517.0,2440.0,2549.0,2523.0,2523.0,1708.0,732.0,1764.0,753.0
2.0,4797.0,2463.0,2441.0,2523.0,2466.0,2466.0,1709.0,732.0,1724.0,739.0
2.0,4857.0,2348.0,2438.0,2466.0,2339.0,2339.0,1707.0,731.0,1642.0,706.0
2.0,4975.0,2347.0,2436.0,2339.0,2341.0,2341.0,1705.0,731.0,1644.0,703.0
2.0,4967.0,2505.0,2438.0,2341.0,2511.0,2511.0,1707.0,731.0,1753.0,752.0
2.0,4803.0,2521.0,2442.0,2511.0,2533.0,2533.0,1710.0,732.0,1765.0,756.0
2.0,4793.0,2523.0,2445.0,2533.0,2532.0,2532.0,1712.0,733.0,1766.0,757.0
2.0,4803.0,2402.0,2443.0,2532.0,2396.0,2396.0,1710.0,733.0,1683.0,719.0
2.0,4933.0,2414.0,2441.0,2396.0,2408.0,2408.0,1709.0,732.0,1689.0,725.0
2.0,4915.0,2357.0,2440.0,2408.0,2354.0,2354.0,1708.0,732.0,1650.0,707.0
2.0,4966.0,2444.0,2438.0,2354.0,2438.0,2438.0,1707.0,731.0,1711.0,733.0
2.0,4876.0,2490.0,2440.0,2438.0,2496.0,2496.0,1708.0,732.0,1744.0,746.0
2.0,4824.0,2572.0,2444.0,2496.0,2584.0,2584.0,1711.0,733.0,1799.0,773.0
2.0,4748.0,2543.0,2447.0,2584.0,2552.0,2552.0,1713.0,734.0,1782.0,761.0
2.0,4789.0,2500.0,2450.0,2552.0,2509.0,2509.0,1715.0,735.0,1749.0,751.0
2.0,4841.0,2516.0,2450.0,2509.0,2516.0,2516.0,1715.0,735.0,1762.0,754.0
2.0,4834.0,2334.0,2447.0,2516.0,2325.0,2325.0,1713.0,734.0,1634.0,700.0
2.0,5016.0,2419.0,2447.0,2325.0,2419.0,2419.0,1713.0,734.0,1693.0,726.0
2.0,4922.0,2516.0,2448.0,2419.0,2519.0,2519.0,1714.0,734.0,1759.0,757.0
2.0,4825.0,2503.0,2451.0,2519.0,2512.0,2512.0,1716.0,735.0,1753.0,750.0
2.0,4841.0,2574.0,2455.0,2512.0,2586.0,2586.0,1719.0,736.0,1802.0,772.0
2.0,4779.0,2581.0,2458.0,2586.0,2590.0,2590.0,1721.0,737.0,1809.0,772.0
2.0,4784.0,2431.0,2457.0,2590.0,2428.0,2428.0,1720.0,737.0,1701.0,730.0
2.0,4943.0,2416.0,2454.0,2428.0,2407.0,2407.0,1718.0,736.0,1690.0,726.0
2.0,4955.0,2386.0,2451.0,2407.0,2377.0,2377.0,1716.0,735.0,1671.0,715.0
2.0,4976.0,2434.0,2452.0,2377.0,2437.0,2437.0,1717.0,735.0,1704.0,730.0
2.0,4919.0,2564.0,2457.0,2437.0,2579.0,2579.0,1720.0,737.0,1796.0,768.0
2.0,4792.0,2545.0,2460.0,2579.0,2554.0,2554.0,1722.0,738.0,1781.0,764.0
2.0,4826.0,2443.0,2461.0,2554.0,2446.0,2446.0,1723.0,738.0,1711.0,732.0
2.0,4937.0,2443.0,2460.0,2446.0,2440.0,2440.0,1722.0,738.0,1710.0,733.0
2.0,4940.0,2415.0,2458.0,2440.0,2409.0,2409.0,1721.0,737.0,1690.0,725.0
2.0,4965.0,2463.0,2458.0,2409.0,2463.0,2463.0,1721.0,737.0,1724.0,739.0
2.0,4911.0,2520.0,2460.0,2463.0,2526.0,2526.0,1722.0,738.0,1765.0,755.0
2.0,4854.0,2614.0,2467.0,2526.0,2635.0,2635.0,1727.0,740.0,1829.0,785.0
2.0,4766.0,2562.0,2470.0,2635.0,2571.0,2571.0,1729.0,741.0,1793.0,769.0
2.0,4839.0,2426.0,2470.0,2571.0,2426.0,2426.0,1729.0,741.0,1698.0,728.0
2.0,4984.0,2440.0,2469.0,2426.0,2437.0,2437.0,1728.0,741.0,1708.0,732.0
2.0,4970.0,2416.0,2468.0,2437.0,2413.0,2413.0,1728.0,740.0,1690.0,726.0
2.0,4991.0,2422.0,2467.0,2413.0,2419.0,2419.0,1727.0,740.0,1698.0,724.0
2.0,4982.0,2537.0,2470.0,2419.0,2546.0,2546.0,1729.0,741.0,1775.0,762.0
2.0,4864.0,2590.0,2473.0,2546.0,2599.0,2599.0,1731.0,742.0,1814.0,776.0
2.0,4820.0,2586.0,2477.0,2599.0,2598.0,2598.0,1734.0,743.0,1810.0,776.0
2.0,4833.0,2506.0,2478.0,2598.0,2509.0,2509.0,1735.0,743.0,1755.0,751.0
2.0,4925.0,2492.0,2478.0,2509.0,2492.0,2492.0,1735.0,743.0,1745.0,747.0
2.0,4942.0,2442.0,2476.0,2492.0,2436.0,2436.0,1733.0,743.0,1708.0,734.0
2.0,4992.0,2376.0,2473.0,2436.0,2367.0,2367.0,1731.0,742.0,1665.0,711.0
2.0,5052.0,2533.0,2474.0,2367.0,2536.0,2536.0,1732.0,742.0,1773.0,760.0
2.0,4886.0,2555.0,2477.0,2536.0,2564.0,2564.0,1734.0,743.0,1788.0,767.0
2.0,4867.0,2547.0,2480.0,2564.0,2556.0,2556.0,1736.0,744.0,1783.0,764.0
2.0,4884.0,2511.0,2481.0,2556.0,2514.0,2514.0,1737.0,744.0,1759.0,752.0
2.0,4929.0,2483.0,2481.0,2514.0,2483.0,2483.0,1737.0,744.0,1738.0,745.0
2.0,4960.0,2421.0,2479.0,2483.0,2415.0,2415.0,1735.0,744.0,1694.0,727.0
2.0,5022.0,2420.0,2477.0,2415.0,2414.0,2414.0,1734.0,743.0,1695.0,725.0
2.0,5017.0,2444.0,2477.0,2414.0,2444.0,2444.0,1734.0,743.0,1710.0,734.0
2.0,4987.0,2652.0,2483.0,2444.0,2670.0,2670.0,1738.0,745.0,1856.0,796.0
2.0,4779.0,2540.0,2487.0,2670.0,2552.0,2552.0,1741.0,746.0,1779.0,761.0
2.0,4909.0,2564.0,2487.0,2552.0,2564.0,2564.0,1741.0,746.0,1795.0,769.0
2.0,4897.0,2457.0,2486.0,2564.0,2454.0,2454.0,1740.0,746.0,1720.0,737.0
2.0,5004.0,2410.0,2484.0,2454.0,2404.0,2404.0,1739.0,745.0,1687.0,723.0
2.0,5048.0,2473.0,2486.0,2404.0,2479.0,2479.0,1740.0,746.0,1730.0,743.0
2.0,4979.0,2556.0,2488.0,2479.0,2562.0,2562.0,1742.0,746.0,1789.0,767.0
2.0,4902.0,2500.0,2491.0,2562.0,2509.0,2509.0,1744.0,747.0,1752.0,748.0
2.0,4964.0,2507.0,2493.0,2509.0,2513.0,2513.0,1745.0,748.0,1753.0,754.0
2.0,4966.0,2528.0,2493.0,2513.0,2528.0,2528.0,1745.0,748.0,1771.0,757.0
2.0,4951.0,2455.0,2491.0,2528.0,2449.0,2449.0,1744.0,747.0,1720.0,735.0
2.0,5024.0,2453.0,2489.0,2449.0,2447.0,2447.0,1742.0,747.0,1716.0,737.0
2.0,5020.0,2415.0,2487.0,2447.0,2409.0,2409.0,1741.0,746.0,1692.0,723.0
2.0,5052.0,2469.0,2487.0,2409.0,2469.0,2469.0,1741.0,746.0,1728.0,741.0
2.0,4992.0,2556.0,2491.0,2469.0,2568.0,2568.0,1744.0,747.0,1790.0,766.0
2.0,4905.0,2554.0,2493.0,2568.0,2560.0,2560.0,1745.0,748.0,1788.0,766.0
2.0,4919.0,2561.0,2494.0,2560.0,2564.0,2564.0,1746.0,748.0,1793.0,768.0
2.0,4918.0,2441.0,2493.0,2564.0,2438.0,2438.0,1745.0,748.0,1709.0,732.0
2.0,5041.0,2371.0,2489.0,2438.0,2359.0,2359.0,1742.0,747.0,1659.0,712.0
2.0,5108.0,2475.0,2487.0,2359.0,2469.0,2469.0,1741.0,746.0,1734.0,741.0
2.0,4992.0,2462.0,2487.0,2469.0,2462.0,2462.0,1741.0,746.0,1721.0,741.0
2.0,4999.0,2518.0,2490.0,2462.0,2527.0,2527.0,1743.0,747.0,1764.0,754.0
2.0,4943.0,2552.0,2493.0,2527.0,2561.0,2561.0,1745.0,748.0,1786.0,766.0
2.0,4918.0,2450.0,2493.0,2561.0,2450.0,2450.0,1745.0,748.0,1716.0,734.0
2.0,5029.0,2488.0,2491.0,2450.0,2482.0,2482.0,1744.0,747.0,1741.0,747.0
2.0,4991.0,2432.0,2490.0,2482.0,2429.0,2429.0,1743.0,747.0,1703.0,729.0
2.0,5041.0,2421.0,2489.0,2429.0,2418.0,2418.0,1742.0,747.0,1695.0,726.0
2.0,5049.0,2483.0,2490.0,2418.0,2486.0,2486.0,1743.0,747.0,1739.0,744.0
2.0,4984.0,2536.0,2492.0,2486.0,2542.0,2542.0,1745.0,747.0,1774.0,762.0
2.0,4934.0,2550.0,2494.0,2542.0,2556.0,2556.0,1746.0,748.0,1786.0,764.0
2.0,4926.0,2527.0,2494.0,2556.0,2527.0,2527.0,1746.0,748.0,1769.0,758.0
2.0,4955.0,2458.0,2491.0,2527.0,2449.0,2449.0,1744.0,747.0,1720.0,738.0
2.0,5024.0,2465.0,2488.0,2449.0,2456.0,2456.0,1742.0,746.0,1727.0,738.0
2.0,5008.0,2383.0,2488.0,2456.0,2383.0,2383.0,1742.0,746.0,1667.0,716.0
2.0,5081.0,2504.0,2490.0,2383.0,2510.0,2510.0,1743.0,747.0,1754.0,750.0
2.0,4960.0,2567.0,2492.0,2510.0,2573.0,2573.0,1745.0,747.0,1797.0,770.0
2.0,4903.0,2615.0,2496.0,2573.0,2627.0,2627.0,1747.0,749.0,1830.0,785.0
2.0,4861.0,2559.0,2497.0,2627.0,2562.0,2562.0,1748.0,749.0,1792.0,767.0
2.0,4929.0,2503.0,2494.0,2562.0,2494.0,2494.0,1746.0,748.0,1751.0,752.0
2.0,4988.0,2420.0,2491.0,2494.0,2411.0,2411.0,1744.0,747.0,1694.0,726.0
2.0,5062.0,2521.0,2491.0,2411.0,2521.0,2521.0,1744.0,747.0,1765.0,756.0
2.0,4952.0,2517.0,2493.0,2521.0,2523.0,2523.0,1745.0,748.0,1762.0,755.0
2.0,4956.0,2539.0,2494.0,2523.0,2542.0,2542.0,1746.0,748.0,1776.0,763.0
2.0,4940.0,2593.0,2498.0,2542.0,2605.0,2605.0,1749.0,749.0,1816.0,777.0
2.0,4889.0,2576.0,2500.0,2605.0,2582.0,2582.0,1750.0,750.0,1803.0,773.0
2.0,4918.0,2486.0,2498.0,2582.0,2480.0,2480.0,1749.0,749.0,1740.0,746.0
2.0,5014.0,2436.0,2496.0,2480.0,2430.0,2430.0,1747.0,749.0,1706.0,730.0
2.0,5058.0,2463.0,2494.0,2430.0,2457.0,2457.0,1746.0,748.0,1724.0,739.0
2.0,5025.0,2467.0,2494.0,2457.0,2467.0,2467.0,1746.0,748.0,1727.0,740.0
2.0,5015.0,2590.0,2498.0,2467.0,2602.0,2602.0,1749.0,749.0,1813.0,777.0
2.0,4892.0,2603.0,2501.0,2602.0,2612.0,2612.0,1751.0,750.0,1822.0,781.0
2.0,4891.0,2600.0,2504.0,2612.0,2609.0,2609.0,1753.0,751.0,1820.0,780.0
2.0,4903.0,2411.0,2500.0,2609.0,2399.0,2399.0,1750.0,750.0,1689.0,722.0
2.0,5101.0,2416.0,2497.0,2399.0,2407.0,2407.0,1748.0,749.0,1690.0,726.0
2.0,5084.0,2535.0,2497.0,2407.0,2535.0,2535.0,1748.0,749.0,1774.0,761.0
2.0,4956.0,2527.0,2498.0,2535.0,2530.0,2530.0,1749.0,749.0,1770.0,757.0
2.0,4964.0,2583.0,2501.0,2530.0,2592.0,2592.0,1751.0,750.0,1808.0,775.0
2.0,4911.0,2613.0,2504.0,2592.0,2622.0,2622.0,1753.0,751.0,1829.0,784.0
2.0,4890.0,2619.0,2505.0,2622.0,2622.0,2622.0,1754.0,751.0,1834.0,785.0
2.0,4893.0,2483.0,2505.0,2622.0,2483.0,2483.0,1754.0,751.0,1738.0,745.0
2.0,5032.0,2464.0,2504.0,2483.0,2461.0,2461.0,1753.0,751.0,1724.0,740.0
2.0,5051.0,2434.0,2503.0,2461.0,2431.0,2431.0,1752.0,751.0,1705.0,729.0
2.0,5078.0,2541.0,2504.0,2431.0,2544.0,2544.0,1753.0,751.0,1778.0,763.0
2.0,4968.0,2554.0,2506.0,2544.0,2560.0,2560.0,1754.0,752.0,1790.0,764.0
2.0,4958.0,2563.0,2509.0,2560.0,2572.0,2572.0,1756.0,753.0,1793.0,770.0
2.0,4955.0,2563.0,2510.0,2572.0,2566.0,2566.0,1757.0,753.0,1793.0,770.0
2.0,4964.0,2532.0,2510.0,2566.0,2532.0,2532.0,1757.0,753.0,1773.0,759.0
2.0,4998.0,2435.0,2508.0,2532.0,2429.0,2429.0,1756.0,752.0,1706.0,729.0
2.0,5095.0,2451.0,2506.0,2429.0,2445.0,2445.0,1754.0,752.0,1717.0,734.0
2.0,5073.0,2491.0,2507.0,2445.0,2494.0,2494.0,1755.0,752.0,1742.0,749.0
2.0,5027.0,2550.0,2510.0,2494.0,2559.0,2559.0,1757.0,753.0,1785.0,765.0
2.0,4971.0,2602.0,2513.0,2559.0,2611.0,2611.0,1759.0,754.0,1823.0,779.0
2.0,4928.0,2619.0,2516.0,2611.0,2628.0,2628.0,1761.0,755.0,1833.0,786.0
2.0,4920.0,2543.0,2516.0,2628.0,2543.0,2543.0,1761.0,755.0,1780.0,763.0
2.0,5005.0,2471.0,2514.0,2543.0,2465.0,2465.0,1760.0,754.0,1729.0,742.0
2.0,5077.0,2467.0,2514.0,2465.0,2467.0,2467.0,1760.0,754.0,1728.0,739.0
2.0,5075.0,2550.0,2516.0,2467.0,2556.0,2556.0,1761.0,755.0,1785.0,765.0
2.0,4992.0,2643.0,2520.0,2556.0,2655.0,2655.0,1764.0,756.0,1851.0,792.0
2.0,4905.0,2526.0,2523.0,2655.0,2535.0,2535.0,1766.0,757.0,1767.0,759.0
2.0,5034.0,2596.0,2524.0,2535.0,2599.0,2599.0,1767.0,757.0,1817.0,779.0
2.0,4973.0,2497.0,2524.0,2599.0,2497.0,2497.0,1767.0,757.0,1749.0,748.0
2.0,5075.0,2445.0,2521.0,2497.0,2436.0,2436.0,1765.0,756.0,1711.0,734.0
2.0,5127.0,2488.0,2521.0,2436.0,2488.0,2488.0,1765.0,756.0,1741.0,747.0
2.0,5075.0,2574.0,2523.0,2488.0,2580.0,2580.0,1766.0,757.0,1804.0,770.0
2.0,4989.0,2572.0,2525.0,2580.0,2578.0,2578.0,1768.0,757.0,1799.0,773.0
2.0,4997.0,2659.0,2530.0,2578.0,2674.0,2674.0,1771.0,759.0,1863.0,796.0
2.0,4916.0,2630.0,2533.0,2674.0,2639.0,2639.0,1773.0,760.0,1840.0,790.0
2.0,4960.0,2498.0,2531.0,2639.0,2492.0,2492.0,1772.0,759.0,1749.0,749.0
2.0,5101.0,2492.0,2529.0,2492.0,2486.0,2486.0,1770.0,759.0,1745.0,747.0
2.0,5101.0,2497.0,2528.0,2486.0,2494.0,2494.0,1770.0,758.0,1747.0,750.0
2.0,5090.0,2498.0,2528.0,2494.0,2498.0,2498.0,1770.0,758.0,1749.0,749.0
2.0,5086.0,2615.0,2531.0,2498.0,2624.0,2624.0,1772.0,759.0,1831.0,784.0
2.0,4969.0,2641.0,2534.0,2624.0,2650.0,2650.0,1774.0,760.0,1850.0,791.0
2.0,4952.0,2559.0,2534.0,2650.0,2559.0,2559.0,1774.0,760.0,1790.0,769.0
2.0,5043.0,2428.0,2533.0,2559.0,2425.0,2425.0,1773.0,760.0,1700.0,728.0
2.0,5174.0,2551.0,2531.0,2425.0,2545.0,2545.0,1772.0,759.0,1786.0,765.0
2.0,5048.0,2480.0,2530.0,2545.0,2477.0,2477.0,1771.0,759.0,1737.0,743.0
2.0,5113.0,2573.0,2531.0,2477.0,2576.0,2576.0,1772.0,759.0,1800.0,773.0
2.0,5017.0,2611.0,2535.0,2576.0,2623.0,2623.0,1775.0,760.0,1828.0,783.0
2.0,4982.0,2642.0,2538.0,2623.0,2651.0,2651.0,1777.0,761.0,1849.0,793.0
2.0,4963.0,2596.0,2541.0,2651.0,2605.0,2605.0,1779.0,762.0,1819.0,777.0
2.0,5018.0,2540.0,2540.0,2605.0,2537.0,2537.0,1778.0,762.0,1777.0,763.0
2.0,5083.0,2435.0,2537.0,2537.0,2426.0,2426.0,1776.0,761.0,1705.0,730.0
2.0,5185.0,2527.0,2535.0,2426.0,2521.0,2521.0,1775.0,760.0,1769.0,758.0
2.0,5084.0,2508.0,2537.0,2521.0,2514.0,2514.0,1776.0,761.0,1757.0,751.0
2.0,5097.0,2653.0,2541.0,2514.0,2665.0,2665.0,1779.0,762.0,1856.0,797.0
2.0,4958.0,2615.0,2543.0,2665.0,2621.0,2621.0,1780.0,763.0,1832.0,783.0
2.0,5008.0,2565.0,2544.0,2621.0,2568.0,2568.0,1781.0,763.0,1796.0,769.0
2.0,5064.0,2513.0,2543.0,2568.0,2510.0,2510.0,1780.0,763.0,1758.0,755.0
2.0,5119.0,2521.0,2541.0,2510.0,2515.0,2515.0,1779.0,762.0,1766.0,755.0
2.0,5108.0,2508.0,2538.0,2515.0,2499.0,2499.0,1777.0,761.0,1755.0,753.0
2.0,5115.0,2607.0,2541.0,2499.0,2616.0,2616.0,1779.0,762.0,1824.0,783.0
2.0,5007.0,2685.0,2545.0,2616.0,2697.0,2697.0,1782.0,763.0,1880.0,805.0
2.0,4938.0,2571.0,2548.0,2697.0,2580.0,2580.0,1784.0,764.0,1802.0,769.0
2.0,5064.0,2574.0,2548.0,2580.0,2574.0,2574.0,1784.0,764.0,1800.0,774.0
2.0,5070.0,2497.0,2547.0,2574.0,2494.0,2494.0,1783.0,764.0,1750.0,747.0
2.0,5147.0,2473.0,2546.0,2494.0,2470.0,2470.0,1782.0,764.0,1730.0,743.0
2.0,5168.0,2507.0,2544.0,2470.0,2501.0,2501.0,1781.0,763.0,1754.0,753.0
2.0,5131.0,2544.0,2545.0,2501.0,2547.0,2547.0,1782.0,763.0,1781.0,763.0
2.0,5088.0,2637.0,2548.0,2547.0,2646.0,2646.0,1784.0,764.0,1847.0,790.0
2.0,4998.0,2608.0,2551.0,2646.0,2617.0,2617.0,1786.0,765.0,1825.0,783.0
2.0,5036.0,2603.0,2554.0,2617.0,2612.0,2612.0,1788.0,766.0,1823.0,780.0
2.0,5050.0,2544.0,2554.0,2612.0,2544.0,2544.0,1788.0,766.0,1781.0,763.0
2.0,5118.0,2442.0,2551.0,2544.0,2433.0,2433.0,1786.0,765.0,1710.0,732.0
2.0,5220.0,2529.0,2549.0,2433.0,2523.0,2523.0,1784.0,765.0,1770.0,759.0
2.0,5124.0,2614.0,2550.0,2523.0,2617.0,2617.0,1785.0,765.0,1831.0,783.0
2.0,5033.0,2651.0,2554.0,2617.0,2663.0,2663.0,1788.0,766.0,1856.0,795.0
2.0,4999.0,2671.0,2558.0,2663.0,2683.0,2683.0,1791.0,767.0,1870.0,801.0
2.0,4991.0,2581.0,2558.0,2683.0,2581.0,2581.0,1791.0,767.0,1805.0,776.0
2.0,5093.0,2535.0,2557.0,2581.0,2532.0,2532.0,1790.0,767.0,1776.0,759.0
2.0,5139.0,2503.0,2556.0,2532.0,2500.0,2500.0,1789.0,767.0,1752.0,751.0
2.0,5168.0,2523.0,2554.0,2500.0,2517.0,2517.0,1788.0,766.0,1765.0,758.0
2.0,5145.0,2564.0,2556.0,2517.0,2570.0,2570.0,1789.0,767.0,1796.0,768.0
2.0,5098.0,2607.0,2558.0,2570.0,2613.0,2613.0,1791.0,767.0,1825.0,782.0
2.0,5061.0,2672.0,2563.0,2613.0,2687.0,2687.0,1794.0,769.0,1870.0,802.0
2.0,5002.0,2591.0,2563.0,2687.0,2591.0,2591.0,1794.0,769.0,1814.0,777.0
2.0,5098.0,2561.0,2563.0,2591.0,2561.0,2561.0,1794.0,769.0,1793.0,768.0
2.0,5128.0,2526.0,2560.0,2561.0,2517.0,2517.0,1792.0,768.0,1770.0,756.0
2.0,5163.0,2501.0,2557.0,2517.0,2492.0,2492.0,1790.0,767.0,1749.0,752.0
2.0,5179.0,2613.0,2560.0,2492.0,2622.0,2622.0,1792.0,768.0,1831.0,782.0
2.0,5058.0,2663.0,2563.0,2622.0,2672.0,2672.0,1794.0,769.0,1864.0,799.0
2.0,5017.0,2664.0,2567.0,2672.0,2676.0,2676.0,1797.0,770.0,1865.0,799.0
2.0,5025.0,2635.0,2568.0,2676.0,2638.0,2638.0,1798.0,770.0,1844.0,791.0
2.0,5066.0,2535.0,2567.0,2638.0,2532.0,2532.0,1797.0,770.0,1776.0,759.0
2.0,5169.0,2547.0,2565.0,2532.0,2541.0,2541.0,1796.0,769.0,1782.0,765.0
2.0,5154.0,2510.0,2564.0,2541.0,2507.0,2507.0,1795.0,769.0,1756.0,754.0
2.0,5185.0,2534.0,2567.0,2507.0,2543.0,2543.0,1797.0,770.0,1775.0,759.0
2.0,5158.0,2638.0,2568.0,2543.0,2641.0,2641.0,1798.0,770.0,1846.0,792.0
2.0,5063.0,2663.0,2571.0,2641.0,2672.0,2672.0,1800.0,771.0,1865.0,798.0
2.0,5041.0,2618.0,2573.0,2672.0,2624.0,2624.0,1801.0,772.0,1833.0,785.0
2.0,5095.0,2608.0,2573.0,2624.0,2608.0,2608.0,1801.0,772.0,1826.0,782.0
2.0,5111.0,2461.0,2569.0,2608.0,2449.0,2449.0,1799.0,770.0,1723.0,738.0
2.0,5258.0,2594.0,2569.0,2449.0,2594.0,2594.0,1798.0,771.0,1816.0,778.0
2.0,5113.0,2594.0,2570.0,2594.0,2597.0,2597.0,1799.0,771.0,1817.0,777.0
2.0,5113.0,2644.0,2574.0,2597.0,2656.0,2656.0,1802.0,772.0,1852.0,792.0
2.0,5066.0,2637.0,2577.0,2656.0,2646.0,2646.0,1804.0,773.0,1845.0,792.0
2.0,5085.0,2626.0,2578.0,2646.0,2629.0,2629.0,1805.0,773.0,1837.0,789.0
2.0,5105.0,2512.0,2575.0,2629.0,2503.0,2503.0,1803.0,772.0,1760.0,752.0
2.0,5222.0,2544.0,2574.0,2503.0,2541.0,2541.0,1802.0,772.0,1780.0,764.0
2.0,5181.0,2556.0,2574.0,2541.0,2556.0,2556.0,1802.0,772.0,1789.0,767.0
2.0,5166.0,2548.0,2575.0,2556.0,2551.0,2551.0,1803.0,772.0,1784.0,764.0
2.0,5174.0,2658.0,2577.0,2551.0,2664.0,2664.0,1804.0,773.0,1863.0,795.0
2.0,5067.0,2659.0,2581.0,2664.0,2671.0,2671.0,1807.0,774.0,1861.0,798.0
2.0,5072.0,2631.0,2581.0,2671.0,2631.0,2631.0,1807.0,774.0,1842.0,789.0
2.0,5112.0,2544.0,2578.0,2631.0,2535.0,2535.0,1805.0,773.0,1780.0,764.0
2.0,5199.0,2554.0,2578.0,2535.0,2554.0,2554.0,1805.0,773.0,1787.0,767.0
2.0,5180.0,2591.0,2578.0,2554.0,2591.0,2591.0,1805.0,773.0,1815.0,776.0
2.0,5143.0,2586.0,2580.0,2591.0,2592.0,2592.0,1806.0,774.0,1811.0,775.0
2.0,5148.0,2694.0,2584.0,2592.0,2706.0,2706.0,1809.0,775.0,1887.0,807.0
2.0,5046.0,2694.0,2588.0,2706.0,2706.0,2706.0,1812.0,776.0,1886.0,808.0
2.0,5058.0,2643.0,2590.0,2706.0,2649.0,2649.0,1813.0,777.0,1849.0,794.0
2.0,5121.0,2601.0,2588.0,2649.0,2595.0,2595.0,1812.0,776.0,1821.0,780.0
2.0,5169.0,2512.0,2587.0,2595.0,2509.0,2509.0,1811.0,776.0,1760.0,752.0
2.0,5252.0,2538.0,2586.0,2509.0,2535.0,2535.0,1810.0,776.0,1776.0,762.0
2.0,5223.0,2560.0,2587.0,2535.0,2563.0,2563.0,1811.0,776.0,1792.0,768.0
2.0,5198.0,2676.0,2591.0,2563.0,2688.0,2688.0,1814.0,777.0,1874.0,802.0
2.0,5085.0,2675.0,2594.0,2688.0,2684.0,2684.0,1816.0,778.0,1872.0,803.0
2.0,5098.0,2669.0,2594.0,2684.0,2669.0,2669.0,1816.0,778.0,1869.0,800.0
2.0,5113.0,2511.0,2591.0,2669.0,2502.0,2502.0,1814.0,777.0,1756.0,755.0
2.0,5271.0,2521.0,2588.0,2502.0,2512.0,2512.0,1812.0,776.0,1765.0,756.0
2.0,5252.0,2461.0,2587.0,2512.0,2458.0,2458.0,1811.0,776.0,1724.0,737.0
2.0,5303.0,2602.0,2588.0,2458.0,2605.0,2605.0,1812.0,776.0,1819.0,783.0
2.0,5159.0,2679.0,2591.0,2605.0,2688.0,2688.0,1814.0,777.0,1876.0,803.0
2.0,5085.0,2657.0,2594.0,2688.0,2666.0,2666.0,1816.0,778.0,1861.0,796.0
2.0,5116.0,2760.0,2598.0,2666.0,2772.0,2772.0,1819.0,779.0,1933.0,827.0
2.0,5022.0,2604.0,2598.0,2772.0,2604.0,2604.0,1819.0,779.0,1823.0,781.0
2.0,5190.0,2492.0,2594.0,2604.0,2480.0,2480.0,1816.0,778.0,1745.0,747.0
2.0,5302.0,2518.0,2593.0,2480.0,2515.0,2515.0,1815.0,778.0,1762.0,756.0
2.0,5264.0,2619.0,2594.0,2515.0,2622.0,2622.0,1816.0,778.0,1834.0,785.0
2.0,5160.0,2684.0,2597.0,2622.0,2693.0,2693.0,1818.0,779.0,1879.0,805.0
2.0,5098.0,2683.0,2600.0,2693.0,2692.0,2692.0,1820.0,780.0,1878.0,805.0
2.0,5108.0,2693.0,2602.0,2692.0,2699.0,2699.0,1822.0,780.0,1884.0,809.0
2.0,5107.0,2538.0,2600.0,2699.0,2532.0,2532.0,1820.0,780.0,1777.0,761.0
2.0,5268.0,2505.0,2597.0,2532.0,2496.0,2496.0,1818.0,779.0,1754.0,751.0
2.0,5295.0,2593.0,2595.0,2496.0,2587.0,2587.0,1817.0,778.0,1815.0,778.0
2.0,5198.0,2643.0,2598.0,2587.0,2652.0,2652.0,1819.0,779.0,1849.0,794.0
2.0,5142.0,2674.0,2600.0,2652.0,2680.0,2680.0,1820.0,780.0,1874.0,800.0
2.0,5120.0,2670.0,2603.0,2680.0,2679.0,2679.0,1822.0,781.0,1869.0,801.0
2.0,5130.0,2644.0,2605.0,2679.0,2650.0,2650.0,1824.0,781.0,1850.0,794.0
2.0,5165.0,2555.0,2604.0,2650.0,2552.0,2552.0,1823.0,781.0,1790.0,765.0
2.0,5260.0,2578.0,2602.0,2552.0,2572.0,2572.0,1822.0,780.0,1804.0,774.0
2.0,5234.0,2588.0,2601.0,2572.0,2585.0,2585.0,1821.0,780.0,1812.0,776.0
2.0,5218.0,2603.0,2601.0,2585.0,2603.0,2603.0,1821.0,780.0,1822.0,781.0
2.0,5200.0,2662.0,2605.0,2603.0,2674.0,2674.0,1824.0,781.0,1863.0,799.0
2.0,5141.0,2713.0,2608.0,2674.0,2722.0,2722.0,1826.0,782.0,1901.0,812.0
2.0,5102.0,2611.0,2608.0,2722.0,2611.0,2611.0,1826.0,782.0,1826.0,785.0
2.0,5213.0,2601.0,2607.0,2611.0,2598.0,2598.0,1825.0,782.0,1823.0,778.0
2.0,5223.0,2533.0,2605.0,2598.0,2527.0,2527.0,1824.0,781.0,1772.0,761.0
2.0,5288.0,2588.0,2604.0,2527.0,2585.0,2585.0,1823.0,781.0,1811.0,777.0
2.0,5227.0,2628.0,2607.0,2585.0,2637.0,2637.0,1825.0,782.0,1842.0,786.0
2.0,5184.0,2643.0,2608.0,2637.0,2646.0,2646.0,1826.0,782.0,1849.0,794.0
2.0,5178.0,2703.0,2611.0,2646.0,2712.0,2712.0,1828.0,783.0,1892.0,811.0
2.0,5121.0,2640.0,2613.0,2712.0,2646.0,2646.0,1829.0,784.0,1849.0,791.0
2.0,5193.0,2661.0,2613.0,2646.0,2661.0,2661.0,1829.0,784.0,1863.0,798.0
2.0,5178.0,2587.0,2611.0,2661.0,2581.0,2581.0,1828.0,783.0,1810.0,777.0
2.0,5252.0,2577.0,2611.0,2581.0,2577.0,2577.0,1828.0,783.0,1803.0,774.0
2.0,5256.0,2672.0,2613.0,2577.0,2678.0,2678.0,1829.0,784.0,1872.0,800.0
2.0,5161.0,2702.0,2616.0,2678.0,2711.0,2711.0,1831.0,785.0,1891.0,811.0
2.0,5137.0,2719.0,2618.0,2711.0,2725.0,2725.0,1833.0,785.0,1903.0,816.0
2.0,5129.0,2733.0,2621.0,2725.0,2742.0,2742.0,1835.0,786.0,1912.0,821.0
2.0,5121.0,2643.0,2620.0,2742.0,2640.0,2640.0,1834.0,786.0,1852.0,791.0
2.0,5220.0,2552.0,2617.0,2640.0,2543.0,2543.0,1832.0,785.0,1785.0,767.0
2.0,5308.0,2561.0,2616.0,2543.0,2558.0,2558.0,1831.0,785.0,1794.0,767.0
2.0,5290.0,2641.0,2617.0,2558.0,2644.0,2644.0,1832.0,785.0,1850.0,791.0
2.0,5207.0,2689.0,2620.0,2644.0,2698.0,2698.0,1834.0,786.0,1882.0,807.0
2.0,5162.0,2681.0,2623.0,2698.0,2690.0,2690.0,1836.0,787.0,1877.0,804.0
2.0,5179.0,2690.0,2626.0,2690.0,2699.0,2699.0,1838.0,788.0,1882.0,808.0
2.0,5179.0,2602.0,2624.0,2699.0,2596.0,2596.0,1837.0,787.0,1824.0,778.0
2.0,5276.0,2560.0,2621.0,2596.0,2551.0,2551.0,1835.0,786.0,1790.0,770.0
2.0,5312.0,2624.0,2621.0,2551.0,2624.0,2624.0,1835.0,786.0,1837.0,787.0
2.0,5239.0,2630.0,2623.0,2624.0,2636.0,2636.0,1836.0,787.0,1842.0,788.0
2.0,5233.0,2708.0,2627.0,2636.0,2720.0,2720.0,1839.0,788.0,1895.0,813.0
2.0,5161.0,2739.0,2633.0,2720.0,2757.0,2757.0,1843.0,790.0,1917.0,822.0
2.0,5142.0,2673.0,2634.0,2757.0,2676.0,2676.0,1844.0,790.0,1872.0,801.0
2.0,5226.0,2557.0,2631.0,2676.0,2548.0,2548.0,1842.0,789.0,1788.0,769.0
2.0,5345.0,2547.0,2630.0,2548.0,2544.0,2544.0,1841.0,789.0,1784.0,763.0
2.0,5346.0,2573.0,2626.0,2544.0,2561.0,2561.0,1838.0,788.0,1802.0,771.0
2.0,5317.0,2714.0,2627.0,2561.0,2717.0,2717.0,1839.0,788.0,1899.0,815.0
2.0,5164.0,2689.0,2631.0,2717.0,2701.0,2701.0,1842.0,789.0,1883.0,806.0
2.0,5192.0,2748.0,2636.0,2701.0,2763.0,2763.0,1845.0,791.0,1924.0,824.0
2.0,5145.0,2708.0,2637.0,2763.0,2711.0,2711.0,1846.0,791.0,1897.0,811.0
2.0,5200.0,2674.0,2637.0,2711.0,2674.0,2674.0,1846.0,791.0,1872.0,802.0
2.0,5237.0,2564.0,2635.0,2674.0,2558.0,2558.0,1845.0,790.0,1793.0,771.0
2.0,5347.0,2562.0,2633.0,2558.0,2556.0,2556.0,1843.0,790.0,1795.0,767.0
2.0,5343.0,2666.0,2635.0,2556.0,2672.0,2672.0,1845.0,790.0,1865.0,801.0
2.0,5233.0,2712.0,2639.0,2672.0,2724.0,2724.0,1847.0,792.0,1899.0,813.0
2.0,5193.0,2786.0,2643.0,2724.0,2798.0,2798.0,1850.0,793.0,1950.0,836.0
2.0,5131.0,2716.0,2644.0,2798.0,2719.0,2719.0,1851.0,793.0,1902.0,814.0
2.0,5213.0,2617.0,2643.0,2719.0,2614.0,2614.0,1850.0,793.0,1832.0,785.0
2.0,5315.0,2655.0,2643.0,2614.0,2655.0,2655.0,1850.0,793.0,1858.0,797.0
2.0,5274.0,2547.0,2641.0,2655.0,2541.0,2541.0,1849.0,792.0,1782.0,765.0
2.0,5382.0,2624.0,2643.0,2541.0,2630.0,2630.0,1850.0,793.0,1838.0,786.0
2.0,5299.0,2662.0,2644.0,2630.0,2665.0,2665.0,1851.0,793.0,1864.0,798.0
2.0,5267.0,2732.0,2647.0,2665.0,2741.0,2741.0,1853.0,794.0,1912.0,820.0
2.0,5200.0,2650.0,2647.0,2741.0,2650.0,2650.0,1853.0,794.0,1856.0,794.0
2.0,5291.0,2678.0,2648.0,2650.0,2681.0,2681.0,1854.0,794.0,1875.0,803.0
2.0,5263.0,2632.0,2646.0,2681.0,2626.0,2626.0,1852.0,794.0,1842.0,790.0
2.0,5312.0,2613.0,2647.0,2626.0,2616.0,2616.0,1853.0,794.0,1829.0,784.0
2.0,5325.0,2710.0,2648.0,2616.0,2713.0,2713.0,1854.0,794.0,1896.0,814.0
2.0,5231.0,2752.0,2653.0,2713.0,2767.0,2767.0,1857.0,796.0,1927.0,825.0
2.0,5192.0,2740.0,2656.0,2767.0,2749.0,2749.0,1859.0,797.0,1918.0,822.0
2.0,5219.0,2703.0,2657.0,2749.0,2706.0,2706.0,1860.0,797.0,1893.0,810.0
2.0,5265.0,2635.0,2657.0,2706.0,2635.0,2635.0,1860.0,797.0,1845.0,790.0
2.0,5336.0,2574.0,2654.0,2635.0,2565.0,2565.0,1858.0,796.0,1802.0,772.0
2.0,5397.0,2608.0,2654.0,2565.0,2608.0,2608.0,1858.0,796.0,1826.0,782.0
2.0,5354.0,2656.0,2654.0,2608.0,2656.0,2656.0,1858.0,796.0,1859.0,797.0
2.0,5306.0,2717.0,2656.0,2656.0,2723.0,2723.0,1859.0,797.0,1902.0,815.0
2.0,5245.0,2759.0,2660.0,2723.0,2771.0,2771.0,1862.0,798.0,1931.0,828.0
2.0,5209.0,2700.0,2660.0,2771.0,2700.0,2700.0,1862.0,798.0,1890.0,810.0
2.0,5280.0,2683.0,2660.0,2700.0,2683.0,2683.0,1862.0,798.0,1878.0,805.0
2.0,5297.0,2602.0,2657.0,2683.0,2593.0,2593.0,1860.0,797.0,1823.0,779.0
2.0,5378.0,2606.0,2655.0,2593.0,2600.0,2600.0,1859.0,796.0,1823.0,783.0
2.0,5365.0,2654.0,2655.0,2600.0,2654.0,2654.0,1859.0,796.0,1858.0,796.0
2.0,5311.0,2772.0,2660.0,2654.0,2787.0,2787.0,1862.0,798.0,1941.0,831.0
2.0,5193.0,2717.0,2663.0,2787.0,2726.0,2726.0,1864.0,799.0,1902.0,815.0
2.0,5263.0,2702.0,2664.0,2726.0,2705.0,2705.0,1865.0,799.0,1892.0,810.0
2.0,5287.0,2635.0,2663.0,2705.0,2632.0,2632.0,1864.0,799.0,1844.0,791.0
2.0,5357.0,2578.0,2661.0,2632.0,2572.0,2572.0,1863.0,798.0,1806.0,772.0
2.0,5411.0,2661.0,2660.0,2572.0,2658.0,2658.0,1862.0,798.0,1863.0,798.0
2.0,5322.0,2694.0,2661.0,2658.0,2697.0,2697.0,1863.0,798.0,1885.0,809.0
2.0,5286.0,2757.0,2666.0,2697.0,2772.0,2772.0,1866.0,800.0,1930.0,827.0
2.0,5226.0,2746.0,2668.0,2772.0,2752.0,2752.0,1868.0,800.0,1924.0,822.0
2.0,5252.0,2690.0,2670.0,2752.0,2696.0,2696.0,1869.0,801.0,1882.0,808.0
2.0,5314.0,2617.0,2667.0,2696.0,2608.0,2608.0,1867.0,800.0,1833.0,784.0
2.0,5393.0,2635.0,2665.0,2608.0,2629.0,2629.0,1866.0,799.0,1844.0,791.0
2.0,5366.0,2579.0,2664.0,2629.0,2576.0,2576.0,1865.0,799.0,1806.0,773.0
2.0,5416.0,2717.0,2667.0,2576.0,2726.0,2726.0,1867.0,800.0,1902.0,815.0
2.0,5275.0,2760.0,2671.0,2726.0,2772.0,2772.0,1870.0,801.0,1933.0,827.0
2.0,5241.0,2749.0,2674.0,2772.0,2758.0,2758.0,1872.0,802.0,1924.0,825.0
2.0,5264.0,2688.0,2674.0,2758.0,2688.0,2688.0,1872.0,802.0,1882.0,806.0
2.0,5334.0,2648.0,2673.0,2688.0,2645.0,2645.0,1871.0,802.0,1854.0,794.0
2.0,5374.0,2624.0,2671.0,2645.0,2618.0,2618.0,1870.0,801.0,1837.0,787.0
2.0,5395.0,2634.0,2669.0,2618.0,2628.0,2628.0,1868.0,801.0,1843.0,791.0
2.0,5379.0,2661.0,2668.0,2628.0,2658.0,2658.0,1868.0,800.0,1863.0,798.0
2.0,5346.0,2746.0,2673.0,2658.0,2761.0,2761.0,1871.0,802.0,1922.0,824.0
2.0,5258.0,2759.0,2676.0,2761.0,2768.0,2768.0,1873.0,803.0,1932.0,827.0
2.0,5260.0,2691.0,2677.0,2768.0,2694.0,2694.0,1874.0,803.0,1884.0,807.0
2.0,5337.0,2654.0,2675.0,2694.0,2648.0,2648.0,1873.0,802.0,1858.0,796.0
2.0,5377.0,2606.0,2672.0,2648.0,2597.0,2597.0,1871.0,801.0,1824.0,782.0
2.0,5419.0,2605.0,2670.0,2597.0,2599.0,2599.0,1869.0,801.0,1825.0,780.0
2.0,5411.0,2700.0,2671.0,2599.0,2703.0,2703.0,1870.0,801.0,1889.0,811.0
2.0,5310.0,2710.0,2673.0,2703.0,2716.0,2716.0,1871.0,802.0,1898.0,812.0
2.0,5303.0,2737.0,2677.0,2716.0,2749.0,2749.0,1874.0,803.0,1916.0,821.0
2.0,5282.0,2663.0,2677.0,2749.0,2663.0,2663.0,1874.0,803.0,1865.0,798.0
2.0,5368.0,2670.0,2677.0,2663.0,2670.0,2670.0,1874.0,803.0,1869.0,801.0
2.0,5361.0,2667.0,2676.0,2670.0,2664.0,2664.0,1873.0,803.0,1866.0,801.0
2.0,5364.0,2657.0,2676.0,2664.0,2657.0,2657.0,1873.0,803.0,1860.0,797.0
2.0,5371.0,2661.0,2676.0,2657.0,2661.0,2661.0,1873.0,803.0,1863.0,798.0
2.0,5367.0,2794.0,2678.0,2661.0,2800.0,2800.0,1875.0,803.0,1956.0,838.0
2.0,5234.0,2742.0,2681.0,2800.0,2751.0,2751.0,1877.0,804.0,1919.0,823.0
2.0,5292.0,2741.0,2682.0,2751.0,2744.0,2744.0,1878.0,804.0,1919.0,822.0
2.0,5302.0,2632.0,2680.0,2744.0,2626.0,2626.0,1876.0,804.0,1844.0,788.0
2.0,5414.0,2579.0,2677.0,2626.0,2570.0,2570.0,1874.0,803.0,1806.0,773.0
2.0,5461.0,2552.0,2674.0,2570.0,2543.0,2543.0,1872.0,802.0,1785.0,767.0
2.0,5479.0,2674.0,2674.0,2543.0,2674.0,2674.0,1872.0,802.0,1872.0,802.0
2.0,5348.0,2812.0,2678.0,2674.0,2824.0,2824.0,1875.0,803.0,1969.0,843.0
2.0,5210.0,2727.0,2681.0,2824.0,2736.0,2736.0,1877.0,804.0,1909.0,818.0
2.0,5307.0,2741.0,2683.0,2736.0,2747.0,2747.0,1878.0,805.0,1920.0,821.0
2.0,5302.0,2644.0,2681.0,2747.0,2638.0,2638.0,1877.0,804.0,1850.0,794.0
2.0,5405.0,2601.0,2678.0,2638.0,2592.0,2592.0,1875.0,803.0,1821.0,780.0
2.0,5442.0,2625.0,2677.0,2592.0,2622.0,2622.0,1874.0,803.0,1837.0,788.0
2.0,5409.0,2660.0,2677.0,2622.0,2660.0,2660.0,1874.0,803.0,1864.0,796.0
2.0,5371.0,2740.0,2680.0,2660.0,2749.0,2749.0,1876.0,804.0,1918.0,822.0
2.0,5291.0,2774.0,2682.0,2749.0,2780.0,2780.0,1878.0,804.0,1942.0,832.0
2.0,5266.0,2742.0,2684.0,2780.0,2748.0,2748.0,1879.0,805.0,1920.0,822.0
2.0,5304.0,2694.0,2683.0,2748.0,2691.0,2691.0,1878.0,805.0,1885.0,809.0
2.0,5358.0,2638.0,2681.0,2691.0,2632.0,2632.0,1877.0,804.0,1846.0,792.0
2.0,5411.0,2685.0,2681.0,2632.0,2685.0,2685.0,1877.0,804.0,1880.0,805.0
2.0,5358.0,2693.0,2682.0,2685.0,2696.0,2696.0,1878.0,804.0,1886.0,807.0
2.0,5350.0,2718.0,2684.0,2696.0,2724.0,2724.0,1879.0,805.0,1902.0,816.0
2.0,5328.0,2699.0,2685.0,2724.0,2702.0,2702.0,1880.0,805.0,1890.0,809.0
2.0,5353.0,2730.0,2686.0,2702.0,2733.0,2733.0,1880.0,806.0,1911.0,819.0
2.0,5325.0,2721.0,2685.0,2733.0,2718.0,2718.0,1880.0,805.0,1905.0,816.0
2.0,5337.0,2656.0,2684.0,2718.0,2653.0,2653.0,1879.0,805.0,1858.0,798.0
2.0,5399.0,2650.0,2683.0,2653.0,2647.0,2647.0,1878.0,805.0,1857.0,793.0
2.0,5402.0,2712.0,2684.0,2647.0,2715.0,2715.0,1879.0,805.0,1897.0,815.0
2.0,5337.0,2812.0,2688.0,2715.0,2824.0,2824.0,1882.0,806.0,1968.0,844.0
2.0,5240.0,2793.0,2692.0,2824.0,2805.0,2805.0,1885.0,807.0,1955.0,838.0
2.0,5271.0,2733.0,2693.0,2805.0,2736.0,2736.0,1885.0,808.0,1914.0,819.0
2.0,5343.0,2698.0,2691.0,2736.0,2692.0,2692.0,1884.0,807.0,1888.0,810.0
2.0,5381.0,2663.0,2690.0,2692.0,2660.0,2660.0,1883.0,807.0,1865.0,798.0
2.0,5410.0,2678.0,2690.0,2660.0,2678.0,2678.0,1883.0,807.0,1875.0,803.0
2.0,5392.0,2710.0,2691.0,2678.0,2713.0,2713.0,1884.0,807.0,1896.0,814.0
2.0,5360.0,2833.0,2694.0,2713.0,2842.0,2842.0,1886.0,808.0,1983.0,850.0
2.0,5240.0,2833.0,2698.0,2842.0,2845.0,2845.0,1889.0,809.0,1984.0,849.0
2.0,5249.0,2744.0,2700.0,2845.0,2750.0,2750.0,1890.0,810.0,1922.0,822.0
2.0,5350.0,2657.0,2698.0,2750.0,2651.0,2651.0,1889.0,809.0,1859.0,798.0
2.0,5443.0,2674.0,2697.0,2651.0,2671.0,2671.0,1888.0,809.0,1873.0,801.0
2.0,5420.0,2716.0,2697.0,2671.0,2716.0,2716.0,1888.0,809.0,1899.0,817.0
2.0,5375.0,2712.0,2698.0,2716.0,2715.0,2715.0,1889.0,809.0,1899.0,813.0
2.0,5379.0,2780.0,2701.0,2715.0,2789.0,2789.0,1891.0,810.0,1946.0,834.0
2.0,5314.0,2793.0,2705.0,2789.0,2805.0,2805.0,1894.0,811.0,1955.0,838.0
2.0,5310.0,2767.0,2707.0,2805.0,2773.0,2773.0,1895.0,812.0,1938.0,829.0
2.0,5348.0,2711.0,2707.0,2773.0,2711.0,2711.0,1895.0,812.0,1898.0,813.0
2.0,5410.0,2686.0,2706.0,2711.0,2683.0,2683.0,1894.0,812.0,1880.0,806.0
2.0,5435.0,2665.0,2706.0,2683.0,2665.0,2665.0,1894.0,812.0,1866.0,799.0
2.0,5453.0,2710.0,2707.0,2665.0,2713.0,2713.0,1895.0,812.0,1897.0,813.0
2.0,5408.0,2745.0,2708.0,2713.0,2748.0,2748.0,1896.0,812.0,1920.0,825.0
2.0,5376.0,2691.0,2708.0,2748.0,2691.0,2691.0,1896.0,812.0,1885.0,806.0
2.0,5433.0,2733.0,2710.0,2691.0,2739.0,2739.0,1897.0,813.0,1914.0,819.0
2.0,5391.0,2668.0,2707.0,2739.0,2659.0,2659.0,1895.0,812.0,1866.0,802.0
2.0,5462.0,2610.0,2705.0,2659.0,2604.0,2604.0,1894.0,811.0,1828.0,782.0
2.0,5511.0,2589.0,2702.0,2604.0,2580.0,2580.0,1892.0,810.0,1813.0,776.0
2.0,5526.0,2747.0,2704.0,2580.0,2753.0,2753.0,1893.0,811.0,1922.0,825.0
2.0,5359.0,2805.0,2708.0,2753.0,2817.0,2817.0,1896.0,812.0,1964.0,841.0
2.0,5307.0,2795.0,2713.0,2817.0,2810.0,2810.0,1899.0,814.0,1957.0,838.0
2.0,5329.0,2716.0,2714.0,2810.0,2719.0,2719.0,1900.0,814.0,1901.0,815.0
2.0,5423.0,2705.0,2711.0,2719.0,2696.0,2696.0,1898.0,813.0,1893.0,812.0
2.0,5437.0,2677.0,2711.0,2696.0,2677.0,2677.0,1898.0,813.0,1874.0,803.0
2.0,5456.0,2655.0,2710.0,2677.0,2652.0,2652.0,1897.0,813.0,1860.0,795.0
2.0,5478.0,2691.0,2710.0,2652.0,2691.0,2691.0,1897.0,813.0,1884.0,807.0
2.0,5439.0,2786.0,2714.0,2691.0,2798.0,2798.0,1900.0,814.0,1950.0,836.0
2.0,5344.0,2822.0,2717.0,2798.0,2831.0,2831.0,1902.0,815.0,1976.0,846.0
2.0,5320.0,2773.0,2720.0,2831.0,2782.0,2782.0,1904.0,816.0,1940.0,833.0
2.0,5378.0,2701.0,2719.0,2782.0,2698.0,2698.0,1903.0,816.0,1891.0,810.0
2.0,5459.0,2721.0,2718.0,2698.0,2718.0,2718.0,1903.0,815.0,1904.0,817.0
2.0,5436.0,2727.0,2717.0,2718.0,2724.0,2724.0,1902.0,815.0,1909.0,818.0
2.0,5427.0,2680.0,2717.0,2724.0,2680.0,2680.0,1902.0,815.0,1876.0,804.0
2.0,5471.0,2723.0,2719.0,2680.0,2729.0,2729.0,1903.0,816.0,1907.0,816.0
2.0,5428.0,2791.0,2721.0,2729.0,2797.0,2797.0,1905.0,816.0,1953.0,838.0
2.0,5366.0,2790.0,2723.0,2797.0,2796.0,2796.0,1906.0,817.0,1955.0,835.0
2.0,5373.0,2700.0,2723.0,2796.0,2700.0,2700.0,1906.0,817.0,1889.0,811.0
2.0,5469.0,2709.0,2723.0,2700.0,2709.0,2709.0,1906.0,817.0,1897.0,812.0
2.0,5460.0,2634.0,2721.0,2709.0,2628.0,2628.0,1905.0,816.0,1842.0,792.0
2.0,5535.0,2655.0,2720.0,2628.0,2652.0,2652.0,1904.0,816.0,1861.0,794.0
2.0,5508.0,2790.0,2723.0,2652.0,2799.0,2799.0,1906.0,817.0,1952.0,838.0
2.0,5370.0,2792.0,2725.0,2799.0,2798.0,2798.0,1908.0,817.0,1954.0,838.0
2.0,5377.0,2777.0,2726.0,2798.0,2780.0,2780.0,1908.0,818.0,1945.0,832.0
2.0,5398.0,2672.0,2724.0,2780.0,2666.0,2666.0,1907.0,817.0,1871.0,801.0
2.0,5506.0,2678.0,2721.0,2666.0,2669.0,2669.0,1905.0,816.0,1874.0,804.0
2.0,5494.0,2713.0,2721.0,2669.0,2713.0,2713.0,1905.0,816.0,1899.0,814.0
2.0,5450.0,2771.0,2723.0,2713.0,2777.0,2777.0,1906.0,817.0,1941.0,830.0
2.0,5392.0,2793.0,2725.0,2777.0,2799.0,2799.0,1908.0,817.0,1954.0,839.0
2.0,5376.0,2851.0,2728.0,2799.0,2860.0,2860.0,1910.0,818.0,1996.0,855.0
2.0,5324.0,2789.0,2730.0,2860.0,2795.0,2795.0,1911.0,819.0,1953.0,836.0
2.0,5395.0,2750.0,2728.0,2795.0,2744.0,2744.0,1910.0,818.0,1924.0,826.0
2.0,5440.0,2710.0,2726.0,2744.0,2704.0,2704.0,1908.0,818.0,1898.0,812.0
2.0,5474.0,2689.0,2724.0,2704.0,2683.0,2683.0,1907.0,817.0,1882.0,807.0
2.0,5489.0,2790.0,2727.0,2683.0,2799.0,2799.0,1909.0,818.0,1953.0,837.0
2.0,5382.0,2840.0,2730.0,2799.0,2849.0,2849.0,1911.0,819.0,1990.0,850.0
2.0,5341.0,2826.0,2733.0,2849.0,2835.0,2835.0,1913.0,820.0,1978.0,848.0
2.0,5364.0,2786.0,2734.0,2835.0,2789.0,2789.0,1914.0,820.0,1951.0,835.0
2.0,5413.0,2694.0,2733.0,2789.0,2691.0,2691.0,1913.0,820.0,1885.0,809.0
2.0,5508.0,2656.0,2730.0,2691.0,2647.0,2647.0,1911.0,819.0,1860.0,796.0
2.0,5543.0,2648.0,2727.0,2647.0,2639.0,2639.0,1909.0,818.0,1852.0,796.0
2.0,5542.0,2752.0,2728.0,2639.0,2755.0,2755.0,1910.0,818.0,1927.0,825.0
2.0,5429.0,2846.0,2731.0,2755.0,2855.0,2855.0,1912.0,819.0,1992.0,854.0
2.0,5338.0,2807.0,2734.0,2855.0,2816.0,2816.0,1914.0,820.0,1965.0,842.0
2.0,5386.0,2723.0,2734.0,2816.0,2723.0,2723.0,1914.0,820.0,1906.0,817.0
2.0,5479.0,2786.0,2735.0,2723.0,2789.0,2789.0,1915.0,820.0,1951.0,835.0
2.0,5416.0,2724.0,2736.0,2789.0,2727.0,2727.0,1915.0,821.0,1907.0,817.0
2.0,5481.0,2751.0,2736.0,2727.0,2751.0,2751.0,1915.0,821.0,1926.0,825.0
2.0,5457.0,2759.0,2738.0,2751.0,2765.0,2765.0,1917.0,821.0,1930.0,829.0
2.0,5449.0,2825.0,2741.0,2765.0,2834.0,2834.0,1919.0,822.0,1978.0,847.0
2.0,5389.0,2832.0,2747.0,2834.0,2850.0,2850.0,1923.0,824.0,1983.0,849.0
2.0,5391.0,2807.0,2748.0,2850.0,2810.0,2810.0,1924.0,824.0,1966.0,841.0
2.0,5434.0,2738.0,2747.0,2810.0,2735.0,2735.0,1923.0,824.0,1916.0,822.0
2.0,5506.0,2761.0,2746.0,2735.0,2758.0,2758.0,1922.0,824.0,1933.0,828.0
2.0,5480.0,2695.0,2745.0,2758.0,2692.0,2692.0,1922.0,823.0,1887.0,808.0
2.0,5543.0,2787.0,2747.0,2692.0,2793.0,2793.0,1923.0,824.0,1952.0,835.0
2.0,5448.0,2790.0,2750.0,2793.0,2799.0,2799.0,1925.0,825.0,1952.0,838.0
2.0,5451.0,2855.0,2753.0,2799.0,2864.0,2864.0,1927.0,826.0,1999.0,856.0
2.0,5395.0,2821.0,2756.0,2864.0,2830.0,2830.0,1929.0,827.0,1974.0,847.0
2.0,5438.0,2711.0,2754.0,2830.0,2705.0,2705.0,1928.0,826.0,1899.0,812.0
2.0,5557.0,2694.0,2751.0,2705.0,2685.0,2685.0,1926.0,825.0,1885.0,809.0
2.0,5568.0,2714.0,2750.0,2685.0,2711.0,2711.0,1925.0,825.0,1901.0,813.0
2.0,5539.0,2787.0,2753.0,2711.0,2796.0,2796.0,1927.0,826.0,1950.0,837.0
2.0,5463.0,2793.0,2754.0,2796.0,2796.0,2796.0,1928.0,826.0,1956.0,837.0
2.0,5466.0,2817.0,2755.0,2796.0,2820.0,2820.0,1929.0,826.0,1971.0,846.0
2.0,5445.0,2830.0,2758.0,2820.0,2839.0,2839.0,1931.0,827.0,1981.0,849.0
2.0,5435.0,2781.0,2760.0,2839.0,2787.0,2787.0,1932.0,828.0,1948.0,833.0
2.0,5493.0,2687.0,2757.0,2787.0,2678.0,2678.0,1930.0,827.0,1882.0,805.0
2.0,5593.0,2717.0,2756.0,2678.0,2714.0,2714.0,1929.0,827.0,1901.0,816.0
2.0,5554.0,2805.0,2758.0,2714.0,2811.0,2811.0,1931.0,827.0,1962.0,843.0
2.0,5463.0,2849.0,2761.0,2811.0,2858.0,2858.0,1933.0,828.0,1996.0,853.0
2.0,5425.0,2827.0,2764.0,2858.0,2836.0,2836.0,1935.0,829.0,1979.0,848.0
2.0,5456.0,2789.0,2767.0,2836.0,2798.0,2798.0,1937.0,830.0,1952.0,837.0
2.0,5503.0,2751.0,2766.0,2798.0,2748.0,2748.0,1936.0,830.0,1926.0,825.0
2.0,5550.0,2721.0,2764.0,2748.0,2715.0,2715.0,1935.0,829.0,1904.0,817.0
2.0,5577.0,2700.0,2763.0,2715.0,2697.0,2697.0,1934.0,829.0,1891.0,809.0
2.0,5592.0,2787.0,2766.0,2697.0,2796.0,2796.0,1936.0,830.0,1950.0,837.0
2.0,5502.0,2906.0,2770.0,2796.0,2918.0,2918.0,1939.0,831.0,2035.0,871.0
2.0,5392.0,2839.0,2773.0,2918.0,2848.0,2848.0,1941.0,832.0,1987.0,852.0
2.0,5471.0,2818.0,2773.0,2848.0,2818.0,2818.0,1941.0,832.0,1973.0,845.0
2.0,5501.0,2778.0,2773.0,2818.0,2778.0,2778.0,1941.0,832.0,1945.0,833.0
2.0,5541.0,2741.0,2771.0,2778.0,2735.0,2735.0,1940.0,831.0,1920.0,821.0
2.0,5578.0,2777.0,2771.0,2735.0,2777.0,2777.0,1940.0,831.0,1944.0,833.0
2.0,5536.0,2705.0,2770.0,2777.0,2702.0,2702.0,1939.0,831.0,1893.0,812.0
2.0,5608.0,2823.0,2771.0,2702.0,2826.0,2826.0,1940.0,831.0,1976.0,847.0
2.0,5487.0,2875.0,2775.0,2826.0,2887.0,2887.0,1943.0,832.0,2012.0,863.0
2.0,5438.0,2797.0,2776.0,2887.0,2800.0,2800.0,1943.0,833.0,1958.0,839.0
2.0,5528.0,2726.0,2773.0,2800.0,2717.0,2717.0,1941.0,832.0,1910.0,816.0
2.0,5602.0,2718.0,2771.0,2717.0,2712.0,2712.0,1940.0,831.0,1901.0,817.0
2.0,5601.0,2705.0,2770.0,2712.0,2702.0,2702.0,1939.0,831.0,1896.0,809.0
2.0,5608.0,2834.0,2773.0,2702.0,2843.0,2843.0,1941.0,832.0,1983.0,851.0
2.0,5476.0,2899.0,2777.0,2843.0,2911.0,2911.0,1944.0,833.0,2030.0,869.0
2.0,5420.0,2886.0,2781.0,2911.0,2898.0,2898.0,1947.0,834.0,2021.0,865.0
2.0,5445.0,2856.0,2784.0,2898.0,2865.0,2865.0,1949.0,835.0,1999.0,857.0
2.0,5487.0,2748.0,2781.0,2865.0,2739.0,2739.0,1947.0,834.0,1922.0,826.0
2.0,5604.0,2720.0,2780.0,2739.0,2717.0,2717.0,1946.0,834.0,1905.0,815.0
2.0,5623.0,2737.0,2780.0,2717.0,2737.0,2737.0,1946.0,834.0,1917.0,820.0
2.0,5603.0,2792.0,2781.0,2737.0,2795.0,2795.0,1947.0,834.0,1955.0,837.0
2.0,5548.0,2859.0,2783.0,2795.0,2865.0,2865.0,1948.0,835.0,2000.0,859.0
2.0,5484.0,2930.0,2787.0,2865.0,2942.0,2942.0,1951.0,836.0,2052.0,878.0
2.0,5419.0,2863.0,2788.0,2942.0,2866.0,2866.0,1952.0,836.0,2003.0,860.0
2.0,5498.0,2838.0,2788.0,2866.0,2838.0,2838.0,1952.0,836.0,1987.0,851.0
2.0,5526.0,2734.0,2787.0,2838.0,2731.0,2731.0,1951.0,836.0,1915.0,819.0
2.0,5630.0,2771.0,2786.0,2731.0,2768.0,2768.0,1950.0,836.0,1940.0,831.0
2.0,5590.0,2795.0,2787.0,2768.0,2798.0,2798.0,1951.0,836.0,1958.0,837.0
2.0,5563.0,2868.0,2790.0,2798.0,2877.0,2877.0,1953.0,837.0,2007.0,861.0
2.0,5493.0,2872.0,2793.0,2877.0,2881.0,2881.0,1955.0,838.0,2010.0,862.0
2.0,5498.0,2797.0,2793.0,2881.0,2797.0,2797.0,1955.0,838.0,1958.0,839.0
2.0,5582.0,2735.0,2791.0,2797.0,2729.0,2729.0,1954.0,837.0,1915.0,820.0
2.0,5644.0,2715.0,2790.0,2729.0,2712.0,2712.0,1953.0,837.0,1901.0,814.0
2.0,5658.0,2810.0,2788.0,2712.0,2804.0,2804.0,1952.0,836.0,1967.0,843.0
2.0,5560.0,2773.0,2790.0,2804.0,2779.0,2779.0,1953.0,837.0,1942.0,831.0
2.0,5591.0,2799.0,2792.0,2779.0,2805.0,2805.0,1955.0,837.0,1958.0,841.0
2.0,5571.0,2864.0,2795.0,2805.0,2873.0,2873.0,1957.0,838.0,2005.0,859.0
2.0,5512.0,2867.0,2797.0,2873.0,2873.0,2873.0,1958.0,839.0,2008.0,859.0
2.0,5518.0,2767.0,2796.0,2873.0,2764.0,2764.0,1957.0,839.0,1937.0,830.0
2.0,5624.0,2724.0,2794.0,2764.0,2718.0,2718.0,1956.0,838.0,1908.0,816.0
2.0,5664.0,2744.0,2793.0,2718.0,2741.0,2741.0,1955.0,838.0,1920.0,824.0
2.0,5638.0,2813.0,2793.0,2741.0,2813.0,2813.0,1955.0,838.0,1969.0,844.0
2.0,5566.0,2893.0,2797.0,2813.0,2905.0,2905.0,1958.0,839.0,2026.0,867.0
2.0,5486.0,2851.0,2800.0,2905.0,2860.0,2860.0,1960.0,840.0,1995.0,856.0
2.0,5540.0,2830.0,2800.0,2860.0,2830.0,2830.0,1960.0,840.0,1982.0,848.0
2.0,5570.0,2817.0,2800.0,2830.0,2817.0,2817.0,1960.0,840.0,1971.0,846.0
2.0,5583.0,2791.0,2799.0,2817.0,2788.0,2788.0,1959.0,840.0,1954.0,837.0
2.0,5609.0,2765.0,2798.0,2788.0,2762.0,2762.0,1959.0,839.0,1936.0,829.0
2.0,5632.0,2846.0,2800.0,2762.0,2852.0,2852.0,1960.0,840.0,1993.0,853.0
2.0,5548.0,2853.0,2803.0,2852.0,2862.0,2862.0,1962.0,841.0,1997.0,856.0
2.0,5547.0,2887.0,2807.0,2862.0,2899.0,2899.0,1965.0,842.0,2021.0,866.0
2.0,5522.0,2859.0,2808.0,2899.0,2862.0,2862.0,1966.0,842.0,2002.0,857.0
2.0,5562.0,2805.0,2806.0,2862.0,2799.0,2799.0,1964.0,842.0,1963.0,842.0
2.0,5619.0,2698.0,2803.0,2799.0,2689.0,2689.0,1962.0,841.0,1889.0,809.0
2.0,5720.0,2794.0,2803.0,2689.0,2794.0,2794.0,1962.0,841.0,1956.0,838.0
2.0,5615.0,2707.0,2801.0,2794.0,2701.0,2701.0,1961.0,840.0,1894.0,813.0
2.0,5702.0,2853.0,2804.0,2701.0,2862.0,2862.0,1963.0,841.0,1998.0,855.0
2.0,5550.0,2907.0,2806.0,2862.0,2913.0,2913.0,1964.0,842.0,2035.0,872.0
2.0,5505.0,2807.0,2808.0,2913.0,2813.0,2813.0,1966.0,842.0,1964.0,843.0
2.0,5611.0,2765.0,2807.0,2813.0,2762.0,2762.0,1965.0,842.0,1938.0,827.0
2.0,5659.0,2718.0,2804.0,2762.0,2709.0,2709.0,1963.0,841.0,1903.0,815.0
2.0,5703.0,2708.0,2802.0,2709.0,2702.0,2702.0,1962.0,840.0,1895.0,813.0
2.0,5704.0,2780.0,2803.0,2702.0,2783.0,2783.0,1962.0,841.0,1946.0,834.0
2.0,5626.0,2905.0,2807.0,2783.0,2917.0,2917.0,1965.0,842.0,2034.0,871.0
2.0,5504.0,2893.0,2810.0,2917.0,2902.0,2902.0,1967.0,843.0,2025.0,868.0
2.0,5528.0,2886.0,2811.0,2902.0,2889.0,2889.0,1968.0,843.0,2019.0,867.0
2.0,5544.0,2769.0,2808.0,2889.0,2760.0,2760.0,1966.0,842.0,1939.0,830.0
2.0,5664.0,2722.0,2806.0,2760.0,2716.0,2716.0,1964.0,842.0,1906.0,816.0
2.0,5702.0,2785.0,2804.0,2716.0,2779.0,2779.0,1963.0,841.0,1949.0,836.0
2.0,5633.0,2879.0,2807.0,2779.0,2888.0,2888.0,1965.0,842.0,2017.0,862.0
2.0,5533.0,2877.0,2810.0,2888.0,2886.0,2886.0,1967.0,843.0,2014.0,863.0
2.0,5544.0,2954.0,2814.0,2886.0,2966.0,2966.0,1970.0,844.0,2069.0,885.0
2.0,5476.0,2838.0,2815.0,2966.0,2841.0,2841.0,1971.0,844.0,1985.0,853.0
2.0,5604.0,2803.0,2814.0,2841.0,2800.0,2800.0,1970.0,844.0,1964.0,839.0
2.0,5642.0,2723.0,2810.0,2800.0,2711.0,2711.0,1967.0,843.0,1906.0,817.0
2.0,5719.0,2795.0,2808.0,2711.0,2789.0,2789.0,1966.0,842.0,1956.0,839.0
2.0,5635.0,2849.0,2808.0,2789.0,2849.0,2849.0,1966.0,842.0,1995.0,854.0
2.0,5575.0,2953.0,2813.0,2849.0,2968.0,2968.0,1969.0,844.0,2067.0,886.0
2.0,5471.0,2958.0,2817.0,2968.0,2970.0,2970.0,1972.0,845.0,2071.0,887.0
2.0,5481.0,2883.0,2818.0,2970.0,2886.0,2886.0,1973.0,845.0,2017.0,866.0
2.0,5568.0,2792.0,2817.0,2886.0,2789.0,2789.0,1972.0,845.0,1956.0,836.0
2.0,5662.0,2840.0,2817.0,2789.0,2840.0,2840.0,1972.0,845.0,1988.0,852.0
2.0,5611.0,2801.0,2817.0,2840.0,2801.0,2801.0,1972.0,845.0,1961.0,840.0
2.0,5650.0,2836.0,2818.0,2801.0,2839.0,2839.0,1973.0,845.0,1984.0,852.0
2.0,5615.0,2801.0,2820.0,2839.0,2807.0,2807.0,1974.0,846.0,1962.0,839.0
2.0,5653.0,2962.0,2823.0,2807.0,2971.0,2971.0,1976.0,847.0,2073.0,889.0
2.0,5498.0,2901.0,2825.0,2971.0,2907.0,2907.0,1978.0,847.0,2030.0,871.0
2.0,5568.0,2826.0,2826.0,2907.0,2829.0,2829.0,1978.0,848.0,1979.0,847.0
2.0,5649.0,2755.0,2824.0,2829.0,2749.0,2749.0,1977.0,847.0,1930.0,825.0
2.0,5723.0,2765.0,2821.0,2749.0,2756.0,2756.0,1975.0,846.0,1934.0,831.0
2.0,5707.0,2827.0,2823.0,2756.0,2833.0,2833.0,1976.0,847.0,1980.0,847.0
2.0,5636.0,2912.0,2827.0,2833.0,2924.0,2924.0,1979.0,848.0,2038.0,874.0
2.0,5557.0,2914.0,2830.0,2924.0,2923.0,2923.0,1981.0,849.0,2041.0,873.0
2.0,5567.0,2844.0,2831.0,2923.0,2847.0,2847.0,1982.0,849.0,1991.0,853.0
2.0,5646.0,2827.0,2830.0,2847.0,2824.0,2824.0,1981.0,849.0,1978.0,849.0
2.0,5666.0,2765.0,2827.0,2824.0,2756.0,2756.0,1979.0,848.0,1935.0,830.0
2.0,5725.0,2754.0,2826.0,2756.0,2751.0,2751.0,1978.0,848.0,1929.0,825.0
2.0,5727.0,2803.0,2826.0,2751.0,2803.0,2803.0,1978.0,848.0,1962.0,841.0
2.0,5675.0,2934.0,2828.0,2803.0,2940.0,2940.0,1980.0,848.0,2054.0,880.0
2.0,5544.0,2897.0,2831.0,2940.0,2906.0,2906.0,1982.0,849.0,2028.0,869.0
2.0,5587.0,2871.0,2831.0,2906.0,2871.0,2871.0,1982.0,849.0,2010.0,861.0
2.0,5622.0,2768.0,2830.0,2871.0,2765.0,2765.0,1981.0,849.0,1939.0,829.0
2.0,5725.0,2715.0,2827.0,2765.0,2706.0,2706.0,1979.0,848.0,1901.0,814.0
2.0,5775.0,2836.0,2826.0,2706.0,2833.0,2833.0,1978.0,848.0,1985.0,851.0
2.0,5645.0,2811.0,2827.0,2833.0,2814.0,2814.0,1979.0,848.0,1968.0,843.0
2.0,5667.0,2952.0,2831.0,2814.0,2964.0,2964.0,1982.0,849.0,2065.0,887.0
2.0,5529.0,2930.0,2834.0,2964.0,2939.0,2939.0,1984.0,850.0,2053.0,877.0
2.0,5563.0,2852.0,2837.0,2939.0,2861.0,2861.0,1986.0,851.0,1995.0,857.0
2.0,5650.0,2788.0,2835.0,2861.0,2782.0,2782.0,1985.0,850.0,1952.0,836.0
2.0,5723.0,2788.0,2833.0,2782.0,2782.0,2782.0,1983.0,850.0,1952.0,836.0
2.0,5717.0,2780.0,2833.0,2782.0,2780.0,2780.0,1983.0,850.0,1946.0,834.0
2.0,5719.0,2851.0,2834.0,2780.0,2854.0,2854.0,1984.0,850.0,1995.0,856.0
2.0,5648.0,2912.0,2838.0,2854.0,2924.0,2924.0,1987.0,851.0,2038.0,874.0
2.0,5590.0,2928.0,2842.0,2924.0,2940.0,2940.0,1990.0,852.0,2050.0,878.0
2.0,5586.0,2896.0,2844.0,2940.0,2902.0,2902.0,1991.0,853.0,2029.0,867.0
2.0,5630.0,2835.0,2843.0,2902.0,2832.0,2832.0,1990.0,853.0,1984.0,851.0
2.0,5697.0,2720.0,2840.0,2832.0,2711.0,2711.0,1988.0,852.0,1904.0,816.0
2.0,5809.0,2786.0,2838.0,2711.0,2780.0,2780.0,1987.0,851.0,1949.0,837.0
2.0,5734.0,2820.0,2838.0,2780.0,2820.0,2820.0,1987.0,851.0,1974.0,846.0
2.0,5694.0,2950.0,2843.0,2820.0,2965.0,2965.0,1990.0,853.0,2066.0,884.0
2.0,5564.0,2959.0,2847.0,2965.0,2971.0,2971.0,1993.0,854.0,2071.0,888.0
2.0,5570.0,2857.0,2846.0,2971.0,2854.0,2854.0,1992.0,854.0,2000.0,857.0
2.0,5684.0,2811.0,2844.0,2854.0,2805.0,2805.0,1991.0,853.0,1967.0,844.0
2.0,5727.0,2857.0,2843.0,2805.0,2854.0,2854.0,1990.0,853.0,2001.0,856.0
2.0,5675.0,2804.0,2843.0,2854.0,2804.0,2804.0,1990.0,853.0,1963.0,841.0
2.0,5725.0,2917.0,2844.0,2804.0,2920.0,2920.0,1991.0,853.0,2041.0,876.0
2.0,5612.0,2973.0,2850.0,2920.0,2991.0,2991.0,1995.0,855.0,2082.0,891.0
2.0,5559.0,2956.0,2853.0,2991.0,2965.0,2965.0,1997.0,856.0,2069.0,887.0
2.0,5594.0,2877.0,2853.0,2965.0,2877.0,2877.0,1997.0,856.0,2014.0,863.0
2.0,5682.0,2884.0,2851.0,2877.0,2878.0,2878.0,1996.0,855.0,2019.0,865.0
2.0,5675.0,2728.0,2847.0,2878.0,2716.0,2716.0,1993.0,854.0,1911.0,817.0
2.0,5825.0,2822.0,2846.0,2716.0,2819.0,2819.0,1992.0,854.0,1975.0,847.0
2.0,5719.0,2877.0,2847.0,2819.0,2880.0,2880.0,1993.0,854.0,2013.0,864.0
2.0,5661.0,2949.0,2850.0,2880.0,2958.0,2958.0,1995.0,855.0,2066.0,883.0
2.0,5592.0,2870.0,2851.0,2958.0,2873.0,2873.0,1996.0,855.0,2007.0,863.0
2.0,5680.0,2887.0,2852.0,2873.0,2890.0,2890.0,1997.0,855.0,2022.0,865.0
2.0,5666.0,2847.0,2853.0,2890.0,2850.0,2850.0,1997.0,856.0,1994.0,853.0
2.0,5709.0,2760.0,2849.0,2850.0,2748.0,2748.0,1994.0,855.0,1932.0,828.0
2.0,5799.0,2782.0,2847.0,2748.0,2776.0,2776.0,1993.0,854.0,1949.0,833.0
2.0,5765.0,2838.0,2847.0,2776.0,2838.0,2838.0,1993.0,854.0,1985.0,853.0
2.0,5703.0,2903.0,2850.0,2838.0,2912.0,2912.0,1995.0,855.0,2034.0,869.0
2.0,5638.0,2909.0,2853.0,2912.0,2918.0,2918.0,1997.0,856.0,2036.0,873.0
2.0,5641.0,2854.0,2853.0,2918.0,2854.0,2854.0,1997.0,856.0,1998.0,856.0
2.0,5705.0,2852.0,2851.0,2854.0,2846.0,2846.0,1996.0,855.0,1996.0,856.0
2.0,5707.0,2816.0,2850.0,2846.0,2813.0,2813.0,1995.0,855.0,1973.0,843.0
2.0,5737.0,2850.0,2850.0,2813.0,2850.0,2850.0,1995.0,855.0,1993.0,857.0
2.0,5700.0,2911.0,2851.0,2850.0,2914.0,2914.0,1996.0,855.0,2039.0,872.0
2.0,5639.0,2919.0,2854.0,2914.0,2928.0,2928.0,1998.0,856.0,2043.0,876.0
2.0,5634.0,2911.0,2858.0,2928.0,2923.0,2923.0,2001.0,857.0,2038.0,873.0
2.0,5651.0,2904.0,2860.0,2923.0,2910.0,2910.0,2002.0,858.0,2035.0,869.0
2.0,5670.0,2897.0,2859.0,2910.0,2894.0,2894.0,2001.0,858.0,2027.0,870.0
2.0,5683.0,2821.0,2857.0,2894.0,2815.0,2815.0,2000.0,857.0,1974.0,847.0
2.0,5756.0,2815.0,2857.0,2815.0,2815.0,2815.0,2000.0,857.0,1973.0,842.0
2.0,5756.0,2856.0,2858.0,2815.0,2859.0,2859.0,2001.0,857.0,1998.0,858.0
2.0,5715.0,2973.0,2863.0,2859.0,2988.0,2988.0,2004.0,859.0,2082.0,891.0
2.0,5601.0,2972.0,2866.0,2988.0,2981.0,2981.0,2006.0,860.0,2080.0,892.0
2.0,5617.0,2934.0,2868.0,2981.0,2940.0,2940.0,2008.0,860.0,2053.0,881.0
2.0,5664.0,2855.0,2867.0,2940.0,2852.0,2852.0,2007.0,860.0,2000.0,855.0
2.0,5749.0,2867.0,2865.0,2852.0,2861.0,2861.0,2006.0,859.0,2006.0,861.0
2.0,5734.0,2876.0,2865.0,2861.0,2876.0,2876.0,2006.0,859.0,2014.0,862.0
2.0,5719.0,2963.0,2868.0,2876.0,2972.0,2972.0,2008.0,860.0,2074.0,889.0
2.0,5632.0,2993.0,2873.0,2972.0,3008.0,3008.0,2011.0,862.0,2096.0,897.0
2.0,5611.0,2966.0,2877.0,3008.0,2978.0,2978.0,2014.0,863.0,2076.0,890.0
2.0,5653.0,2863.0,2877.0,2978.0,2863.0,2863.0,2014.0,863.0,2004.0,859.0
2.0,5768.0,2837.0,2875.0,2863.0,2831.0,2831.0,2013.0,862.0,1985.0,852.0
2.0,5794.0,2867.0,2874.0,2831.0,2864.0,2864.0,2012.0,862.0,2009.0,858.0
2.0,5758.0,2884.0,2874.0,2864.0,2884.0,2884.0,2012.0,862.0,2019.0,865.0
2.0,5738.0,2857.0,2874.0,2884.0,2857.0,2857.0,2012.0,862.0,1998.0,859.0
2.0,5765.0,3048.0,2880.0,2857.0,3066.0,3066.0,2016.0,864.0,2135.0,913.0
2.0,5574.0,2979.0,2884.0,3066.0,2991.0,2991.0,2019.0,865.0,2085.0,894.0
2.0,5661.0,2954.0,2887.0,2991.0,2963.0,2963.0,2021.0,866.0,2068.0,886.0
2.0,5698.0,2867.0,2885.0,2963.0,2861.0,2861.0,2020.0,865.0,2006.0,861.0
2.0,5794.0,2850.0,2883.0,2861.0,2844.0,2844.0,2018.0,865.0,1996.0,854.0
2.0,5805.0,2788.0,2881.0,2844.0,2782.0,2782.0,2017.0,864.0,1951.0,837.0
2.0,5861.0,2866.0,2883.0,2782.0,2872.0,2872.0,2018.0,865.0,2007.0,859.0
2.0,5777.0,2980.0,2885.0,2872.0,2986.0,2986.0,2020.0,865.0,2085.0,895.0
2.0,5669.0,2967.0,2888.0,2986.0,2976.0,2976.0,2022.0,866.0,2077.0,890.0
2.0,5688.0,2967.0,2890.0,2976.0,2973.0,2973.0,2023.0,867.0,2078.0,889.0
2.0,5697.0,2792.0,2886.0,2973.0,2780.0,2780.0,2020.0,866.0,1955.0,837.0
2.0,5878.0,2809.0,2883.0,2780.0,2800.0,2800.0,2018.0,865.0,1967.0,842.0
2.0,5849.0,2851.0,2883.0,2800.0,2851.0,2851.0,2018.0,865.0,1996.0,855.0
2.0,5798.0,2910.0,2883.0,2851.0,2910.0,2910.0,2018.0,865.0,2037.0,873.0
2.0,5739.0,2965.0,2887.0,2910.0,2977.0,2977.0,2021.0,866.0,2076.0,889.0
2.0,5684.0,2940.0,2890.0,2977.0,2949.0,2949.0,2023.0,867.0,2057.0,883.0
2.0,5721.0,2986.0,2891.0,2949.0,2989.0,2989.0,2024.0,867.0,2090.0,896.0
2.0,5684.0,2875.0,2891.0,2989.0,2875.0,2875.0,2024.0,867.0,2014.0,861.0
2.0,5798.0,2844.0,2890.0,2875.0,2841.0,2841.0,2023.0,867.0,1991.0,853.0
2.0,5829.0,2855.0,2890.0,2841.0,2855.0,2855.0,2023.0,867.0,1998.0,857.0
2.0,5815.0,2985.0,2892.0,2855.0,2991.0,2991.0,2025.0,867.0,2089.0,896.0
2.0,5685.0,2963.0,2896.0,2991.0,2975.0,2975.0,2027.0,869.0,2074.0,889.0
2.0,5713.0,2941.0,2899.0,2975.0,2950.0,2950.0,2029.0,870.0,2059.0,882.0
2.0,5747.0,2933.0,2901.0,2950.0,2939.0,2939.0,2031.0,870.0,2055.0,878.0
2.0,5764.0,2885.0,2900.0,2939.0,2882.0,2882.0,2030.0,870.0,2019.0,866.0
2.0,5818.0,2858.0,2900.0,2882.0,2858.0,2858.0,2030.0,870.0,2001.0,857.0
2.0,5842.0,2851.0,2900.0,2858.0,2851.0,2851.0,2030.0,870.0,1996.0,855.0
2.0,5849.0,2931.0,2901.0,2851.0,2934.0,2934.0,2031.0,870.0,2053.0,878.0
2.0,5769.0,2949.0,2904.0,2934.0,2958.0,2958.0,2033.0,871.0,2063.0,886.0
2.0,5754.0,3004.0,2907.0,2958.0,3013.0,3013.0,2035.0,872.0,2103.0,901.0
2.0,5708.0,3013.0,2908.0,3013.0,3016.0,3016.0,2036.0,872.0,2111.0,902.0
2.0,5708.0,2912.0,2908.0,3016.0,2912.0,2912.0,2036.0,872.0,2039.0,873.0
2.0,5812.0,2900.0,2908.0,2912.0,2900.0,2900.0,2036.0,872.0,2030.0,870.0
2.0,5824.0,2867.0,2907.0,2900.0,2864.0,2864.0,2035.0,872.0,2006.0,861.0
2.0,5857.0,3017.0,2910.0,2864.0,3026.0,3026.0,2037.0,873.0,2112.0,905.0
2.0,5704.0,2966.0,2913.0,3026.0,2975.0,2975.0,2039.0,874.0,2076.0,890.0
2.0,5764.0,2979.0,2916.0,2975.0,2988.0,2988.0,2041.0,875.0,2085.0,894.0
2.0,5760.0,2894.0,2917.0,2988.0,2897.0,2897.0,2042.0,875.0,2026.0,868.0
2.0,5854.0,2937.0,2916.0,2897.0,2934.0,2934.0,2041.0,875.0,2056.0,881.0
2.0,5814.0,2895.0,2914.0,2934.0,2889.0,2889.0,2040.0,874.0,2028.0,867.0
2.0,5853.0,2908.0,2914.0,2889.0,2908.0,2908.0,2040.0,874.0,2036.0,872.0
2.0,5834.0,2891.0,2914.0,2908.0,2891.0,2891.0,2040.0,874.0,2024.0,867.0
2.0,5851.0,2932.0,2915.0,2891.0,2935.0,2935.0,2041.0,874.0,2051.0,881.0
2.0,5810.0,3011.0,2918.0,2935.0,3020.0,3020.0,2043.0,875.0,2110.0,901.0
2.0,5734.0,2910.0,2917.0,3020.0,2907.0,2907.0,2042.0,875.0,2036.0,874.0
2.0,5844.0,2934.0,2916.0,2907.0,2931.0,2931.0,2041.0,875.0,2054.0,880.0
2.0,5817.0,2878.0,2914.0,2931.0,2872.0,2872.0,2040.0,874.0,2016.0,862.0
2.0,5870.0,2881.0,2914.0,2872.0,2881.0,2881.0,2040.0,874.0,2015.0,866.0
2.0,5861.0,2938.0,2917.0,2881.0,2947.0,2947.0,2042.0,875.0,2058.0,880.0
2.0,5804.0,2933.0,2918.0,2947.0,2936.0,2936.0,2043.0,875.0,2054.0,879.0
2.0,5818.0,2989.0,2920.0,2936.0,2995.0,2995.0,2044.0,876.0,2091.0,898.0
2.0,5765.0,3012.0,2923.0,2995.0,3021.0,3021.0,2046.0,877.0,2108.0,904.0
2.0,5748.0,2875.0,2920.0,3021.0,2866.0,2866.0,2044.0,876.0,2013.0,862.0
2.0,5894.0,2924.0,2918.0,2866.0,2918.0,2918.0,2043.0,875.0,2047.0,877.0
2.0,5836.0,2846.0,2917.0,2918.0,2843.0,2843.0,2042.0,875.0,1993.0,853.0
2.0,5908.0,2956.0,2918.0,2843.0,2959.0,2959.0,2043.0,875.0,2069.0,887.0
2.0,5795.0,2973.0,2921.0,2959.0,2982.0,2982.0,2045.0,876.0,2082.0,891.0
2.0,5781.0,2965.0,2924.0,2982.0,2974.0,2974.0,2047.0,877.0,2075.0,890.0
2.0,5798.0,2926.0,2925.0,2974.0,2929.0,2929.0,2048.0,877.0,2047.0,879.0
2.0,5846.0,2808.0,2921.0,2929.0,2796.0,2796.0,2045.0,876.0,1966.0,842.0
2.0,5967.0,2892.0,2920.0,2796.0,2889.0,2889.0,2044.0,876.0,2026.0,866.0
2.0,5871.0,2931.0,2920.0,2889.0,2931.0,2931.0,2044.0,876.0,2052.0,879.0
2.0,5829.0,2969.0,2923.0,2931.0,2978.0,2978.0,2046.0,877.0,2078.0,891.0
2.0,5791.0,3009.0,2927.0,2978.0,3021.0,3021.0,2049.0,878.0,2106.0,903.0
2.0,5760.0,3064.0,2931.0,3021.0,3076.0,3076.0,2052.0,879.0,2146.0,918.0
2.0,5717.0,2973.0,2932.0,3076.0,2976.0,2976.0,2053.0,879.0,2080.0,893.0
2.0,5820.0,2922.0,2931.0,2976.0,2919.0,2919.0,2052.0,879.0,2047.0,875.0
2.0,5874.0,2896.0,2931.0,2919.0,2896.0,2896.0,2052.0,879.0,2027.0,869.0
2.0,5897.0,2897.0,2928.0,2896.0,2888.0,2888.0,2050.0,878.0,2027.0,870.0
2.0,5896.0,2927.0,2930.0,2888.0,2933.0,2933.0,2051.0,879.0,2049.0,878.0
2.0,5857.0,2999.0,2933.0,2933.0,3008.0,3008.0,2053.0,880.0,2099.0,900.0
2.0,5791.0,2993.0,2935.0,3008.0,2999.0,2999.0,2055.0,880.0,2095.0,898.0
2.0,5806.0,3019.0,2936.0,2999.0,3022.0,3022.0,2055.0,881.0,2114.0,905.0
2.0,5786.0,2931.0,2935.0,3022.0,2928.0,2928.0,2055.0,880.0,2051.0,880.0
2.0,5877.0,2940.0,2935.0,2928.0,2940.0,2940.0,2055.0,880.0,2058.0,882.0
2.0,5865.0,2882.0,2934.0,2940.0,2879.0,2879.0,2054.0,880.0,2018.0,864.0
2.0,5923.0,2939.0,2935.0,2879.0,2942.0,2942.0,2055.0,880.0,2058.0,881.0
2.0,5863.0,3056.0,2940.0,2942.0,3071.0,3071.0,2058.0,882.0,2139.0,917.0
2.0,5749.0,3019.0,2943.0,3071.0,3028.0,3028.0,2060.0,883.0,2113.0,906.0
2.0,5801.0,2947.0,2943.0,3028.0,2947.0,2947.0,2060.0,883.0,2063.0,884.0
2.0,5882.0,2923.0,2943.0,2947.0,2923.0,2923.0,2060.0,883.0,2046.0,877.0
2.0,5906.0,2809.0,2938.0,2923.0,2794.0,2794.0,2057.0,881.0,1967.0,842.0
2.0,6020.0,2852.0,2936.0,2794.0,2846.0,2846.0,2055.0,881.0,1997.0,855.0
2.0,5962.0,2921.0,2936.0,2846.0,2921.0,2921.0,2055.0,881.0,2045.0,876.0
2.0,5887.0,3004.0,2937.0,2921.0,3007.0,3007.0,2056.0,881.0,2102.0,902.0
2.0,5804.0,3040.0,2941.0,3007.0,3052.0,3052.0,2059.0,882.0,2128.0,912.0
2.0,5771.0,2925.0,2940.0,3052.0,2922.0,2922.0,2058.0,882.0,2049.0,876.0
2.0,5898.0,2917.0,2938.0,2922.0,2911.0,2911.0,2057.0,881.0,2042.0,875.0
2.0,5903.0,2855.0,2936.0,2911.0,2849.0,2849.0,2055.0,881.0,1999.0,856.0
2.0,5959.0,2971.0,2937.0,2849.0,2974.0,2974.0,2056.0,881.0,2079.0,892.0
2.0,5837.0,2979.0,2938.0,2974.0,2982.0,2982.0,2057.0,881.0,2086.0,893.0
2.0,5832.0,3013.0,2940.0,2982.0,3019.0,3019.0,2058.0,882.0,2108.0,905.0
2.0,5801.0,3013.0,2943.0,3019.0,3022.0,3022.0,2060.0,883.0,2111.0,902.0
2.0,5807.0,3020.0,2945.0,3022.0,3026.0,3026.0,2062.0,883.0,2113.0,907.0
2.0,5809.0,2928.0,2945.0,3026.0,2928.0,2928.0,2062.0,883.0,2050.0,878.0
2.0,5907.0,2867.0,2942.0,2928.0,2858.0,2858.0,2060.0,882.0,2008.0,859.0
2.0,5968.0,2881.0,2941.0,2858.0,2878.0,2878.0,2059.0,882.0,2016.0,865.0
2.0,5945.0,2883.0,2941.0,2878.0,2883.0,2883.0,2059.0,882.0,2018.0,865.0
2.0,5940.0,3010.0,2943.0,2883.0,3016.0,3016.0,2060.0,883.0,2108.0,902.0
2.0,5813.0,3050.0,2947.0,3016.0,3062.0,3062.0,2063.0,884.0,2135.0,915.0
2.0,5779.0,2981.0,2947.0,3062.0,2981.0,2981.0,2063.0,884.0,2088.0,893.0
2.0,5860.0,2936.0,2947.0,2981.0,2936.0,2936.0,2063.0,884.0,2053.0,883.0
2.0,5905.0,2901.0,2946.0,2936.0,2898.0,2898.0,2062.0,884.0,2032.0,869.0
2.0,5940.0,2851.0,2943.0,2898.0,2842.0,2842.0,2060.0,883.0,1996.0,855.0
2.0,5987.0,2990.0,2944.0,2842.0,2993.0,2993.0,2061.0,883.0,2092.0,898.0
2.0,5839.0,3090.0,2948.0,2993.0,3102.0,3102.0,2064.0,884.0,2163.0,927.0
2.0,5742.0,3057.0,2951.0,3102.0,3066.0,3066.0,2066.0,885.0,2141.0,916.0
2.0,5787.0,2989.0,2953.0,3066.0,2995.0,2995.0,2067.0,886.0,2093.0,896.0
2.0,5864.0,2971.0,2953.0,2995.0,2971.0,2971.0,2067.0,886.0,2080.0,891.0
2.0,5888.0,2897.0,2951.0,2971.0,2891.0,2891.0,2066.0,885.0,2027.0,870.0
2.0,5962.0,2916.0,2951.0,2891.0,2916.0,2916.0,2066.0,885.0,2041.0,875.0
2.0,5937.0,2986.0,2954.0,2916.0,2995.0,2995.0,2068.0,886.0,2090.0,896.0
2.0,5867.0,3009.0,2957.0,2995.0,3018.0,3018.0,2070.0,887.0,2107.0,902.0
2.0,5853.0,3039.0,2959.0,3018.0,3045.0,3045.0,2071.0,888.0,2127.0,912.0
2.0,5832.0,3004.0,2960.0,3045.0,3007.0,3007.0,2072.0,888.0,2103.0,901.0
2.0,5873.0,2953.0,2958.0,3007.0,2947.0,2947.0,2071.0,887.0,2067.0,886.0
2.0,5927.0,2892.0,2955.0,2947.0,2883.0,2883.0,2069.0,886.0,2025.0,867.0
2.0,5982.0,2907.0,2954.0,2883.0,2904.0,2904.0,2068.0,886.0,2034.0,873.0
2.0,5958.0,2958.0,2954.0,2904.0,2958.0,2958.0,2068.0,886.0,2071.0,887.0
2.0,5904.0,3006.0,2957.0,2958.0,3015.0,3015.0,2070.0,887.0,2106.0,900.0
2.0,5856.0,3059.0,2960.0,3015.0,3068.0,3068.0,2072.0,888.0,2141.0,918.0
2.0,5812.0,3061.0,2963.0,3068.0,3070.0,3070.0,2074.0,889.0,2142.0,919.0
2.0,5819.0,2990.0,2962.0,3070.0,2987.0,2987.0,2074.0,888.0,2093.0,897.0
2.0,5899.0,2871.0,2960.0,2987.0,2865.0,2865.0,2072.0,888.0,2011.0,860.0
2.0,6015.0,2907.0,2957.0,2865.0,2898.0,2898.0,2070.0,887.0,2034.0,873.0
2.0,5973.0,2958.0,2958.0,2898.0,2961.0,2961.0,2071.0,887.0,2071.0,887.0
2.0,5913.0,3070.0,2961.0,2961.0,3079.0,3079.0,2073.0,888.0,2149.0,921.0
2.0,5804.0,3004.0,2963.0,3079.0,3010.0,3010.0,2074.0,889.0,2104.0,900.0
2.0,5879.0,3054.0,2965.0,3010.0,3060.0,3060.0,2076.0,889.0,2138.0,916.0
2.0,5835.0,3005.0,2964.0,3060.0,3002.0,3002.0,2075.0,889.0,2103.0,902.0
2.0,5890.0,2938.0,2963.0,3002.0,2935.0,2935.0,2074.0,889.0,2058.0,880.0
2.0,5954.0,2945.0,2963.0,2935.0,2945.0,2945.0,2074.0,889.0,2062.0,883.0
2.0,5944.0,2947.0,2963.0,2945.0,2947.0,2947.0,2074.0,889.0,2063.0,884.0
2.0,5942.0,3068.0,2968.0,2947.0,3083.0,3083.0,2078.0,890.0,2147.0,921.0
2.0,5821.0,3061.0,2972.0,3083.0,3073.0,3073.0,2081.0,891.0,2143.0,918.0
2.0,5843.0,3049.0,2974.0,3073.0,3055.0,3055.0,2082.0,892.0,2134.0,915.0
2.0,5867.0,2968.0,2974.0,3055.0,2968.0,2968.0,2082.0,892.0,2079.0,889.0
2.0,5954.0,2887.0,2971.0,2968.0,2878.0,2878.0,2080.0,891.0,2020.0,867.0
2.0,6035.0,2884.0,2970.0,2878.0,2881.0,2881.0,2079.0,891.0,2020.0,864.0
2.0,6029.0,2944.0,2971.0,2881.0,2947.0,2947.0,2080.0,891.0,2061.0,883.0
2.0,5966.0,3075.0,2975.0,2947.0,3087.0,3087.0,2083.0,892.0,2151.0,924.0
2.0,5838.0,2997.0,2975.0,3087.0,2997.0,2997.0,2083.0,892.0,2098.0,899.0
2.0,5928.0,3045.0,2977.0,2997.0,3051.0,3051.0,2084.0,893.0,2133.0,912.0
2.0,5880.0,2976.0,2976.0,3051.0,2973.0,2973.0,2083.0,893.0,2083.0,893.0
2.0,5955.0,2948.0,2974.0,2973.0,2942.0,2942.0,2082.0,892.0,2063.0,885.0
2.0,5980.0,2957.0,2974.0,2942.0,2957.0,2957.0,2082.0,892.0,2071.0,886.0
2.0,5965.0,3027.0,2975.0,2957.0,3030.0,3030.0,2083.0,892.0,2119.0,908.0
2.0,5895.0,3010.0,2978.0,3030.0,3019.0,3019.0,2085.0,893.0,2106.0,904.0
2.0,5915.0,3080.0,2982.0,3019.0,3092.0,3092.0,2088.0,894.0,2157.0,923.0
2.0,5854.0,3066.0,2985.0,3092.0,3075.0,3075.0,2090.0,895.0,2146.0,920.0
2.0,5880.0,2898.0,2983.0,3075.0,2892.0,2892.0,2088.0,895.0,2030.0,868.0
2.0,6057.0,2984.0,2982.0,2892.0,2981.0,2981.0,2088.0,894.0,2088.0,896.0
2.0,5965.0,2978.0,2982.0,2981.0,2978.0,2978.0,2088.0,894.0,2085.0,893.0
2.0,5968.0,2934.0,2982.0,2978.0,2934.0,2934.0,2088.0,894.0,2054.0,880.0
2.0,6012.0,3050.0,2985.0,2934.0,3059.0,3059.0,2090.0,895.0,2135.0,915.0
2.0,5896.0,3115.0,2990.0,3059.0,3130.0,3130.0,2093.0,897.0,2181.0,934.0
2.0,5840.0,3035.0,2991.0,3130.0,3038.0,3038.0,2094.0,897.0,2126.0,909.0
2.0,5935.0,2971.0,2988.0,3038.0,2962.0,2962.0,2092.0,896.0,2078.0,893.0
2.0,6002.0,2930.0,2986.0,2962.0,2924.0,2924.0,2090.0,896.0,2052.0,878.0
2.0,6034.0,2881.0,2984.0,2924.0,2875.0,2875.0,2089.0,895.0,2018.0,863.0
2.0,6077.0,3023.0,2985.0,2875.0,3026.0,3026.0,2090.0,895.0,2114.0,909.0
2.0,5929.0,3059.0,2988.0,3026.0,3068.0,3068.0,2092.0,896.0,2141.0,918.0
2.0,5896.0,3182.0,2993.0,3068.0,3197.0,3197.0,2095.0,898.0,2229.0,953.0
2.0,5782.0,3028.0,2994.0,3197.0,3031.0,3031.0,2096.0,898.0,2120.0,908.0
2.0,5951.0,2970.0,2993.0,3031.0,2967.0,2967.0,2095.0,898.0,2079.0,891.0
2.0,6012.0,3004.0,2993.0,2967.0,3004.0,3004.0,2095.0,898.0,2103.0,901.0
2.0,5975.0,2975.0,2992.0,3004.0,2972.0,2972.0,2095.0,897.0,2082.0,893.0
2.0,6004.0,2958.0,2992.0,2972.0,2958.0,2958.0,2095.0,897.0,2071.0,887.0
2.0,6018.0,3083.0,2996.0,2958.0,3095.0,3095.0,2097.0,899.0,2159.0,924.0
2.0,5893.0,3053.0,2998.0,3095.0,3059.0,3059.0,2099.0,899.0,2136.0,917.0
2.0,5935.0,3086.0,3001.0,3059.0,3095.0,3095.0,2101.0,900.0,2162.0,924.0
2.0,5908.0,3041.0,3001.0,3095.0,3041.0,3041.0,2101.0,900.0,2128.0,913.0
2.0,5962.0,2961.0,3000.0,3041.0,2958.0,2958.0,2100.0,900.0,2073.0,888.0
2.0,6042.0,2968.0,2998.0,2958.0,2962.0,2962.0,2099.0,899.0,2077.0,891.0
2.0,6032.0,2969.0,2998.0,2962.0,2969.0,2969.0,2099.0,899.0,2081.0,888.0
2.0,6025.0,3046.0,3001.0,2969.0,3055.0,3055.0,2101.0,900.0,2132.0,914.0
2.0,5948.0,3148.0,3006.0,3055.0,3163.0,3163.0,2104.0,902.0,2202.0,946.0
2.0,5855.0,3001.0,3007.0,3163.0,3004.0,3004.0,2105.0,902.0,2102.0,899.0
2.0,6017.0,2947.0,3004.0,3004.0,2938.0,2938.0,2103.0,901.0,2063.0,884.0
2.0,6074.0,2938.0,3003.0,2938.0,2935.0,2935.0,2102.0,901.0,2057.0,881.0
2.0,6074.0,2965.0,3001.0,2935.0,2959.0,2959.0,2101.0,900.0,2075.0,890.0
2.0,6044.0,3013.0,3001.0,2959.0,3013.0,3013.0,2101.0,900.0,2109.0,904.0
2.0,5990.0,3051.0,3004.0,3013.0,3060.0,3060.0,2103.0,901.0,2137.0,914.0
2.0,5952.0,3130.0,3007.0,3060.0,3139.0,3139.0,2105.0,902.0,2191.0,939.0
2.0,5882.0,2983.0,3008.0,3139.0,2986.0,2986.0,2106.0,902.0,2089.0,894.0
2.0,6038.0,2987.0,3006.0,2986.0,2981.0,2981.0,2104.0,902.0,2090.0,897.0
2.0,6037.0,2970.0,3004.0,2981.0,2964.0,2964.0,2103.0,901.0,2078.0,892.0
2.0,6048.0,2952.0,3003.0,2964.0,2949.0,2949.0,2102.0,901.0,2068.0,884.0
2.0,6060.0,3076.0,3004.0,2949.0,3079.0,3079.0,2103.0,901.0,2152.0,924.0
2.0,5933.0,2993.0,3007.0,3079.0,3002.0,3002.0,2105.0,902.0,2096.0,897.0
2.0,6019.0,3158.0,3011.0,3002.0,3170.0,3170.0,2108.0,903.0,2210.0,948.0
2.0,5863.0,3057.0,3014.0,3170.0,3066.0,3066.0,2110.0,904.0,2141.0,916.0
2.0,5976.0,2977.0,3012.0,3066.0,2971.0,2971.0,2109.0,903.0,2083.0,894.0
2.0,6065.0,2938.0,3011.0,2971.0,2935.0,2935.0,2108.0,903.0,2056.0,882.0
2.0,6098.0,2974.0,3010.0,2935.0,2971.0,2971.0,2107.0,903.0,2084.0,890.0
2.0,6059.0,3017.0,3011.0,2971.0,3020.0,3020.0,2108.0,903.0,2112.0,905.0
2.0,6013.0,3046.0,3013.0,3020.0,3052.0,3052.0,2109.0,904.0,2131.0,915.0
2.0,5987.0,3035.0,3014.0,3052.0,3038.0,3038.0,2110.0,904.0,2126.0,909.0
2.0,6004.0,3016.0,3014.0,3038.0,3016.0,3016.0,2110.0,904.0,2111.0,905.0
2.0,6026.0,3015.0,3014.0,3016.0,3015.0,3015.0,2110.0,904.0,2111.0,904.0
2.0,6027.0,2962.0,3011.0,3015.0,2953.0,2953.0,2108.0,903.0,2073.0,889.0
2.0,6080.0,3027.0,3011.0,2953.0,3027.0,3027.0,2108.0,903.0,2119.0,908.0
2.0,6006.0,3056.0,3014.0,3027.0,3065.0,3065.0,2110.0,904.0,2141.0,915.0
2.0,5977.0,2995.0,3014.0,3065.0,2995.0,2995.0,2110.0,904.0,2097.0,898.0
2.0,6047.0,3094.0,3017.0,2995.0,3103.0,3103.0,2112.0,905.0,2165.0,929.0
2.0,5948.0,3092.0,3020.0,3103.0,3101.0,3101.0,2114.0,906.0,2164.0,928.0
2.0,5959.0,2981.0,3018.0,3101.0,2975.0,2975.0,2113.0,905.0,2086.0,895.0
2.0,6079.0,2968.0,3015.0,2975.0,2959.0,2959.0,2111.0,904.0,2079.0,889.0
2.0,6086.0,2938.0,3013.0,2959.0,2932.0,2932.0,2109.0,904.0,2057.0,881.0
2.0,6107.0,3014.0,3014.0,2932.0,3017.0,3017.0,2110.0,904.0,2109.0,905.0
2.0,6025.0,3024.0,3016.0,3017.0,3030.0,3030.0,2111.0,905.0,2118.0,906.0
2.0,6018.0,3094.0,3020.0,3030.0,3106.0,3106.0,2114.0,906.0,2167.0,927.0
2.0,5954.0,3057.0,3021.0,3106.0,3060.0,3060.0,2115.0,906.0,2140.0,917.0
2.0,6003.0,3008.0,3020.0,3060.0,3005.0,3005.0,2114.0,906.0,2106.0,902.0
2.0,6055.0,2965.0,3015.0,3005.0,2950.0,2950.0,2111.0,904.0,2075.0,890.0
2.0,6095.0,3021.0,3015.0,2950.0,3021.0,3021.0,2111.0,904.0,2115.0,906.0
2.0,6024.0,3057.0,3017.0,3021.0,3063.0,3063.0,2112.0,905.0,2141.0,916.0
2.0,5988.0,3071.0,3018.0,3063.0,3074.0,3074.0,2113.0,905.0,2149.0,922.0
2.0,5980.0,3144.0,3021.0,3074.0,3153.0,3153.0,2115.0,906.0,2201.0,943.0
2.0,5910.0,3093.0,3024.0,3153.0,3102.0,3102.0,2117.0,907.0,2167.0,926.0
2.0,5970.0,3010.0,3023.0,3102.0,3007.0,3007.0,2116.0,907.0,2106.0,904.0
2.0,6062.0,2919.0,3020.0,3007.0,2910.0,2910.0,2114.0,906.0,2044.0,875.0
2.0,6150.0,2945.0,3017.0,2910.0,2936.0,2936.0,2112.0,905.0,2061.0,884.0
2.0,6115.0,3040.0,3017.0,2936.0,3040.0,3040.0,2112.0,905.0,2128.0,912.0
2.0,6011.0,3084.0,3020.0,3040.0,3093.0,3093.0,2114.0,906.0,2160.0,924.0
2.0,5967.0,3070.0,3021.0,3093.0,3073.0,3073.0,2115.0,906.0,2148.0,922.0
2.0,5990.0,3036.0,3023.0,3073.0,3042.0,3042.0,2116.0,907.0,2126.0,910.0
2.0,6027.0,3096.0,3024.0,3042.0,3099.0,3099.0,2117.0,907.0,2166.0,930.0
2.0,5973.0,2965.0,3021.0,3099.0,2956.0,2956.0,2115.0,906.0,2076.0,889.0
2.0,6107.0,3045.0,3021.0,2956.0,3045.0,3045.0,2115.0,906.0,2132.0,913.0
2.0,6018.0,3054.0,3024.0,3045.0,3063.0,3063.0,2117.0,907.0,2140.0,914.0
2.0,6009.0,3139.0,3027.0,3063.0,3148.0,3148.0,2119.0,908.0,2195.0,944.0
2.0,5933.0,3137.0,3031.0,3148.0,3149.0,3149.0,2122.0,909.0,2198.0,939.0
2.0,5944.0,3090.0,3032.0,3149.0,3093.0,3093.0,2123.0,909.0,2162.0,928.0
2.0,6003.0,3001.0,3031.0,3093.0,2998.0,2998.0,2122.0,909.0,2101.0,900.0
2.0,6095.0,2988.0,3028.0,2998.0,2979.0,2979.0,2120.0,908.0,2092.0,896.0
2.0,6105.0,2923.0,3027.0,2979.0,2920.0,2920.0,2119.0,908.0,2045.0,878.0
2.0,6161.0,3041.0,3028.0,2920.0,3044.0,3044.0,2120.0,908.0,2130.0,911.0
2.0,6040.0,3107.0,3031.0,3044.0,3116.0,3116.0,2122.0,909.0,2175.0,932.0
2.0,5977.0,3107.0,3034.0,3116.0,3116.0,3116.0,2124.0,910.0,2177.0,930.0
2.0,5986.0,3124.0,3035.0,3116.0,3127.0,3127.0,2125.0,910.0,2185.0,939.0
2.0,5978.0,3086.0,3037.0,3127.0,3092.0,3092.0,2126.0,911.0,2162.0,924.0
2.0,6019.0,2934.0,3032.0,3092.0,2919.0,2919.0,2123.0,909.0,2053.0,881.0
2.0,6177.0,3027.0,3031.0,2919.0,3024.0,3024.0,2122.0,909.0,2119.0,908.0
2.0,6069.0,3070.0,3034.0,3024.0,3079.0,3079.0,2124.0,910.0,2150.0,920.0
2.0,6023.0,3101.0,3037.0,3079.0,3110.0,3110.0,2126.0,911.0,2171.0,930.0
2.0,6001.0,3133.0,3040.0,3110.0,3142.0,3142.0,2128.0,912.0,2193.0,940.0
2.0,5978.0,3050.0,3040.0,3142.0,3050.0,3050.0,2128.0,912.0,2135.0,915.0
2.0,6070.0,3006.0,3040.0,3050.0,3006.0,3006.0,2128.0,912.0,2104.0,902.0
2.0,6114.0,3008.0,3040.0,3006.0,3008.0,3008.0,2128.0,912.0,2105.0,903.0
2.0,6112.0,2970.0,3038.0,3008.0,2964.0,2964.0,2127.0,911.0,2079.0,891.0
2.0,6150.0,3094.0,3040.0,2964.0,3100.0,3100.0,2128.0,912.0,2167.0,927.0
2.0,6020.0,3124.0,3043.0,3100.0,3133.0,3133.0,2130.0,913.0,2187.0,937.0
2.0,5996.0,3104.0,3044.0,3133.0,3107.0,3107.0,2131.0,913.0,2174.0,930.0
2.0,6025.0,3137.0,3046.0,3107.0,3143.0,3143.0,2132.0,914.0,2195.0,942.0
2.0,5995.0,3024.0,3047.0,3143.0,3027.0,3027.0,2133.0,914.0,2117.0,907.0
2.0,6114.0,2966.0,3044.0,3027.0,2957.0,2957.0,2131.0,913.0,2078.0,888.0
2.0,6175.0,3028.0,3043.0,2957.0,3025.0,3025.0,2130.0,913.0,2119.0,909.0
2.0,6104.0,3007.0,3043.0,3025.0,3007.0,3007.0,2130.0,913.0,2105.0,902.0
2.0,6122.0,3167.0,3047.0,3007.0,3179.0,3179.0,2133.0,914.0,2218.0,949.0
2.0,5962.0,3218.0,3053.0,3179.0,3236.0,3236.0,2137.0,916.0,2251.0,967.0
2.0,5923.0,3144.0,3055.0,3236.0,3150.0,3150.0,2139.0,916.0,2201.0,943.0
2.0,6015.0,3045.0,3055.0,3150.0,3045.0,3045.0,2139.0,916.0,2132.0,913.0
2.0,6120.0,3005.0,3054.0,3045.0,3002.0,3002.0,2138.0,916.0,2105.0,900.0
2.0,6160.0,3026.0,3053.0,3002.0,3023.0,3023.0,2137.0,916.0,2118.0,908.0
2.0,6136.0,2981.0,3053.0,3023.0,2981.0,2981.0,2137.0,916.0,2087.0,894.0
2.0,6178.0,3144.0,3056.0,2981.0,3153.0,3153.0,2139.0,917.0,2201.0,943.0
2.0,6015.0,3164.0,3058.0,3153.0,3170.0,3170.0,2141.0,917.0,2215.0,949.0
2.0,6004.0,3084.0,3060.0,3170.0,3090.0,3090.0,2142.0,918.0,2159.0,925.0
2.0,6090.0,3033.0,3058.0,3090.0,3027.0,3027.0,2141.0,917.0,2123.0,910.0
2.0,6147.0,3045.0,3057.0,3027.0,3042.0,3042.0,2140.0,917.0,2132.0,913.0
2.0,6129.0,2997.0,3054.0,3042.0,2988.0,2988.0,2138.0,916.0,2097.0,900.0
2.0,6174.0,3101.0,3057.0,2988.0,3110.0,3110.0,2140.0,917.0,2172.0,929.0
2.0,6061.0,3162.0,3061.0,3110.0,3174.0,3174.0,2143.0,918.0,2214.0,948.0
2.0,6009.0,3166.0,3065.0,3174.0,3178.0,3178.0,2146.0,919.0,2215.0,951.0
2.0,6017.0,3118.0,3067.0,3178.0,3124.0,3124.0,2147.0,920.0,2184.0,934.0
2.0,6077.0,2981.0,3065.0,3124.0,2975.0,2975.0,2146.0,919.0,2088.0,893.0
2.0,6220.0,3007.0,3064.0,2975.0,3004.0,3004.0,2145.0,919.0,2104.0,903.0
2.0,6188.0,2977.0,3063.0,3004.0,2974.0,2974.0,2144.0,919.0,2083.0,894.0
2.0,6215.0,3057.0,3061.0,2974.0,3051.0,3051.0,2143.0,918.0,2140.0,917.0
2.0,6132.0,3119.0,3065.0,3051.0,3131.0,3131.0,2146.0,919.0,2185.0,934.0
2.0,6064.0,3140.0,3067.0,3131.0,3146.0,3146.0,2147.0,920.0,2197.0,943.0
2.0,6055.0,3067.0,3067.0,3146.0,3067.0,3067.0,2147.0,920.0,2147.0,920.0
2.0,6134.0,3125.0,3067.0,3067.0,3125.0,3125.0,2147.0,920.0,2188.0,937.0
2.0,6076.0,3085.0,3065.0,3125.0,3079.0,3079.0,2146.0,919.0,2160.0,925.0
2.0,6116.0,3027.0,3064.0,3079.0,3024.0,3024.0,2145.0,919.0,2118.0,909.0
2.0,6168.0,3055.0,3065.0,3024.0,3058.0,3058.0,2146.0,919.0,2140.0,915.0
2.0,6137.0,3203.0,3070.0,3058.0,3218.0,3218.0,2149.0,921.0,2242.0,961.0
2.0,5992.0,3133.0,3074.0,3218.0,3145.0,3145.0,2152.0,922.0,2194.0,939.0
2.0,6077.0,3100.0,3075.0,3145.0,3103.0,3103.0,2153.0,922.0,2171.0,929.0
2.0,6122.0,3042.0,3074.0,3103.0,3039.0,3039.0,2152.0,922.0,2129.0,913.0
2.0,6183.0,3011.0,3071.0,3039.0,3002.0,3002.0,2150.0,921.0,2107.0,904.0
2.0,6211.0,3064.0,3071.0,3002.0,3064.0,3064.0,2150.0,921.0,2146.0,918.0
2.0,6149.0,3067.0,3070.0,3064.0,3064.0,3064.0,2149.0,921.0,2147.0,920.0
2.0,6146.0,3173.0,3074.0,3064.0,3185.0,3185.0,2152.0,922.0,2222.0,951.0
2.0,6037.0,3175.0,3077.0,3185.0,3184.0,3184.0,2154.0,923.0,2222.0,953.0
2.0,6047.0,3088.0,3078.0,3184.0,3091.0,3091.0,2155.0,923.0,2162.0,926.0
2.0,6143.0,3042.0,3077.0,3091.0,3039.0,3039.0,2154.0,923.0,2129.0,913.0
2.0,6192.0,3021.0,3074.0,3039.0,3012.0,3012.0,2152.0,922.0,2114.0,907.0
2.0,6210.0,3012.0,3074.0,3012.0,3012.0,3012.0,2152.0,922.0,2111.0,901.0
2.0,6210.0,3106.0,3075.0,3012.0,3109.0,3109.0,2153.0,922.0,2173.0,933.0
2.0,6116.0,3149.0,3078.0,3109.0,3158.0,3158.0,2155.0,923.0,2204.0,945.0
2.0,6076.0,3099.0,3081.0,3158.0,3108.0,3108.0,2157.0,924.0,2170.0,929.0
2.0,6135.0,3114.0,3081.0,3108.0,3114.0,3114.0,2157.0,924.0,2181.0,933.0
2.0,6129.0,3051.0,3080.0,3114.0,3048.0,3048.0,2156.0,924.0,2135.0,916.0
2.0,6192.0,3011.0,3078.0,3048.0,3005.0,3005.0,2155.0,923.0,2107.0,904.0
2.0,6229.0,3026.0,3076.0,3005.0,3020.0,3020.0,2153.0,923.0,2119.0,907.0
2.0,6208.0,3071.0,3077.0,3020.0,3074.0,3074.0,2154.0,923.0,2151.0,920.0
2.0,6157.0,3139.0,3080.0,3074.0,3148.0,3148.0,2156.0,924.0,2197.0,942.0
2.0,6092.0,3194.0,3084.0,3148.0,3206.0,3206.0,2159.0,925.0,2236.0,958.0
2.0,6046.0,3078.0,3085.0,3206.0,3081.0,3081.0,2160.0,925.0,2156.0,922.0
2.0,6174.0,3093.0,3084.0,3081.0,3090.0,3090.0,2159.0,925.0,2164.0,929.0
2.0,6162.0,2958.0,3078.0,3090.0,2940.0,2940.0,2155.0,923.0,2070.0,888.0
2.0,6294.0,3055.0,3077.0,2940.0,3052.0,3052.0,2154.0,923.0,2140.0,915.0
2.0,6179.0,3047.0,3077.0,3052.0,3047.0,3047.0,2154.0,923.0,2133.0,914.0
2.0,6184.0,3220.0,3081.0,3047.0,3232.0,3232.0,2157.0,924.0,2253.0,967.0
2.0,6011.0,3158.0,3084.0,3232.0,3167.0,3167.0,2159.0,925.0,2212.0,946.0
2.0,6085.0,3060.0,3085.0,3167.0,3063.0,3063.0,2160.0,925.0,2141.0,919.0
2.0,6192.0,2967.0,3081.0,3063.0,2955.0,2955.0,2157.0,924.0,2077.0,890.0
2.0,6288.0,3031.0,3078.0,2955.0,3022.0,3022.0,2155.0,923.0,2123.0,908.0
2.0,6212.0,3025.0,3078.0,3022.0,3025.0,3025.0,2155.0,923.0,2117.0,908.0
2.0,6209.0,3076.0,3078.0,3025.0,3076.0,3076.0,2155.0,923.0,2153.0,923.0
2.0,6158.0,3194.0,3081.0,3076.0,3203.0,3203.0,2157.0,924.0,2236.0,958.0
2.0,6040.0,3197.0,3085.0,3203.0,3209.0,3209.0,2160.0,925.0,2239.0,958.0
2.0,6046.0,3144.0,3087.0,3209.0,3150.0,3150.0,2161.0,926.0,2201.0,943.0
2.0,6111.0,3138.0,3086.0,3150.0,3135.0,3135.0,2160.0,926.0,2197.0,941.0
2.0,6123.0,2992.0,3082.0,3135.0,2980.0,2980.0,2158.0,924.0,2095.0,897.0
2.0,6266.0,3105.0,3082.0,2980.0,3105.0,3105.0,2158.0,924.0,2174.0,931.0
2.0,6141.0,3104.0,3084.0,3105.0,3110.0,3110.0,2159.0,925.0,2172.0,932.0
2.0,6142.0,3119.0,3087.0,3110.0,3128.0,3128.0,2161.0,926.0,2185.0,934.0
2.0,6133.0,3193.0,3091.0,3128.0,3205.0,3205.0,2164.0,927.0,2236.0,957.0
2.0,6068.0,3126.0,3092.0,3205.0,3129.0,3129.0,2165.0,927.0,2186.0,940.0
2.0,6147.0,3054.0,3091.0,3129.0,3051.0,3051.0,2164.0,927.0,2138.0,916.0
2.0,6222.0,2994.0,3088.0,3051.0,2985.0,2985.0,2162.0,926.0,2096.0,898.0
2.0,6279.0,3104.0,3088.0,2985.0,3104.0,3104.0,2162.0,926.0,2173.0,931.0
2.0,6160.0,3107.0,3088.0,3104.0,3107.0,3107.0,2162.0,926.0,2175.0,932.0
2.0,6157.0,3249.0,3091.0,3107.0,3258.0,3258.0,2164.0,927.0,2274.0,975.0
2.0,6015.0,3179.0,3094.0,3258.0,3188.0,3188.0,2166.0,928.0,2225.0,954.0
2.0,6094.0,3147.0,3097.0,3188.0,3156.0,3156.0,2168.0,929.0,2204.0,943.0
2.0,6135.0,3059.0,3094.0,3156.0,3050.0,3050.0,2166.0,928.0,2143.0,916.0
2.0,6232.0,3014.0,3091.0,3050.0,3005.0,3005.0,2164.0,927.0,2108.0,906.0
2.0,6268.0,3085.0,3091.0,3005.0,3085.0,3085.0,2164.0,927.0,2160.0,925.0
2.0,6188.0,3161.0,3093.0,3085.0,3167.0,3167.0,2165.0,928.0,2215.0,946.0
2.0,6112.0,3123.0,3095.0,3167.0,3129.0,3129.0,2167.0,928.0,2185.0,938.0
2.0,6156.0,3179.0,3097.0,3129.0,3185.0,3185.0,2168.0,929.0,2224.0,955.0
2.0,6106.0,3173.0,3100.0,3185.0,3182.0,3182.0,2170.0,930.0,2223.0,950.0
2.0,6118.0,3101.0,3098.0,3182.0,3095.0,3095.0,2169.0,929.0,2170.0,931.0
2.0,6199.0,3058.0,3096.0,3095.0,3052.0,3052.0,2167.0,929.0,2142.0,916.0
2.0,6236.0,3052.0,3095.0,3052.0,3049.0,3049.0,2167.0,928.0,2136.0,916.0
2.0,6236.0,3067.0,3096.0,3049.0,3070.0,3070.0,2167.0,929.0,2147.0,920.0
2.0,6218.0,3182.0,3098.0,3070.0,3188.0,3188.0,2169.0,929.0,2227.0,955.0
2.0,6106.0,3132.0,3101.0,3188.0,3141.0,3141.0,2171.0,930.0,2192.0,940.0
2.0,6162.0,3160.0,3102.0,3141.0,3163.0,3163.0,2172.0,930.0,2213.0,947.0
2.0,6143.0,3095.0,3101.0,3163.0,3092.0,3092.0,2171.0,930.0,2166.0,929.0
2.0,6211.0,3034.0,3100.0,3092.0,3031.0,3031.0,2170.0,930.0,2125.0,909.0
2.0,6269.0,3121.0,3100.0,3031.0,3121.0,3121.0,2170.0,930.0,2185.0,936.0
2.0,6179.0,3126.0,3101.0,3121.0,3129.0,3129.0,2171.0,930.0,2187.0,939.0
2.0,6174.0,3160.0,3104.0,3129.0,3169.0,3169.0,2173.0,931.0,2212.0,948.0
2.0,6143.0,3235.0,3108.0,3169.0,3247.0,3247.0,2176.0,932.0,2265.0,970.0
2.0,6077.0,3167.0,3110.0,3247.0,3173.0,3173.0,2177.0,933.0,2218.0,949.0
2.0,6157.0,3094.0,3110.0,3173.0,3094.0,3094.0,2177.0,933.0,2166.0,928.0
2.0,6236.0,3124.0,3108.0,3094.0,3118.0,3118.0,2176.0,932.0,2186.0,938.0
2.0,6206.0,3070.0,3108.0,3118.0,3070.0,3070.0,2176.0,932.0,2149.0,921.0
2.0,6254.0,3193.0,3110.0,3070.0,3199.0,3199.0,2177.0,933.0,2236.0,957.0
2.0,6131.0,3162.0,3114.0,3199.0,3174.0,3174.0,2180.0,934.0,2213.0,949.0
2.0,6168.0,3190.0,3117.0,3174.0,3199.0,3199.0,2182.0,935.0,2233.0,957.0
2.0,6152.0,3142.0,3118.0,3199.0,3145.0,3145.0,2183.0,935.0,2198.0,944.0
2.0,6209.0,3097.0,3116.0,3145.0,3091.0,3091.0,2181.0,935.0,2169.0,928.0
2.0,6257.0,3085.0,3114.0,3091.0,3079.0,3079.0,2180.0,934.0,2159.0,926.0
2.0,6263.0,3086.0,3115.0,3079.0,3089.0,3089.0,2181.0,934.0,2160.0,926.0
2.0,6256.0,3155.0,3118.0,3089.0,3164.0,3164.0,2183.0,935.0,2209.0,946.0
2.0,6190.0,3181.0,3121.0,3164.0,3190.0,3190.0,2185.0,936.0,2226.0,955.0
2.0,6173.0,3181.0,3124.0,3190.0,3190.0,3190.0,2187.0,937.0,2229.0,952.0
2.0,6182.0,3170.0,3126.0,3190.0,3176.0,3176.0,2188.0,938.0,2219.0,951.0
2.0,6202.0,3089.0,3124.0,3176.0,3083.0,3083.0,2187.0,937.0,2163.0,926.0
2.0,6289.0,3085.0,3122.0,3083.0,3079.0,3079.0,2186.0,936.0,2159.0,926.0
2.0,6287.0,3134.0,3121.0,3079.0,3131.0,3131.0,2185.0,936.0,2194.0,940.0
2.0,6232.0,3105.0,3121.0,3131.0,3105.0,3105.0,2185.0,936.0,2174.0,931.0
2.0,6258.0,3163.0,3124.0,3105.0,3172.0,3172.0,2187.0,937.0,2216.0,947.0
2.0,6200.0,3234.0,3127.0,3172.0,3243.0,3243.0,2189.0,938.0,2263.0,971.0
2.0,6138.0,3181.0,3128.0,3243.0,3184.0,3184.0,2190.0,938.0,2226.0,955.0
2.0,6200.0,3139.0,3128.0,3184.0,3139.0,3139.0,2190.0,938.0,2198.0,941.0
2.0,6245.0,3061.0,3126.0,3139.0,3055.0,3055.0,2188.0,938.0,2143.0,918.0
2.0,6323.0,3107.0,3126.0,3055.0,3107.0,3107.0,2188.0,938.0,2175.0,932.0
2.0,6271.0,3136.0,3127.0,3107.0,3139.0,3139.0,2189.0,938.0,2196.0,940.0
2.0,6242.0,3202.0,3131.0,3139.0,3214.0,3214.0,2192.0,939.0,2239.0,963.0
2.0,6179.0,3279.0,3135.0,3214.0,3291.0,3291.0,2195.0,940.0,2296.0,983.0
2.0,6114.0,3171.0,3136.0,3291.0,3174.0,3174.0,2195.0,941.0,2221.0,950.0
2.0,6234.0,3106.0,3134.0,3174.0,3100.0,3100.0,2194.0,940.0,2175.0,931.0
2.0,6302.0,3134.0,3133.0,3100.0,3131.0,3131.0,2193.0,940.0,2193.0,941.0
2.0,6268.0,3094.0,3131.0,3131.0,3088.0,3088.0,2192.0,939.0,2166.0,928.0
2.0,6305.0,3188.0,3134.0,3088.0,3197.0,3197.0,2194.0,940.0,2233.0,955.0
2.0,6205.0,3259.0,3138.0,3197.0,3271.0,3271.0,2197.0,941.0,2280.0,979.0
2.0,6143.0,3252.0,3141.0,3271.0,3261.0,3261.0,2199.0,942.0,2276.0,976.0
2.0,6162.0,3161.0,3141.0,3261.0,3161.0,3161.0,2199.0,942.0,2214.0,947.0
2.0,6262.0,3055.0,3141.0,3161.0,3055.0,3055.0,2199.0,942.0,2140.0,915.0
2.0,6368.0,3102.0,3140.0,3055.0,3099.0,3099.0,2198.0,942.0,2171.0,931.0
2.0,6321.0,3058.0,3137.0,3099.0,3049.0,3049.0,2196.0,941.0,2141.0,917.0
2.0,6362.0,3172.0,3138.0,3049.0,3175.0,3175.0,2197.0,941.0,2219.0,953.0
2.0,6239.0,3226.0,3141.0,3175.0,3235.0,3235.0,2199.0,942.0,2258.0,968.0
2.0,6188.0,3243.0,3145.0,3235.0,3255.0,3255.0,2202.0,943.0,2271.0,972.0
2.0,6180.0,3180.0,3147.0,3255.0,3186.0,3186.0,2203.0,944.0,2227.0,953.0
2.0,6255.0,3154.0,3147.0,3186.0,3154.0,3154.0,2203.0,944.0,2208.0,946.0
2.0,6287.0,3061.0,3145.0,3154.0,3055.0,3055.0,2202.0,943.0,2142.0,919.0
2.0,6380.0,3059.0,3144.0,3055.0,3056.0,3056.0,2201.0,943.0,2143.0,916.0
2.0,6376.0,3209.0,3146.0,3056.0,3215.0,3215.0,2202.0,944.0,2245.0,964.0
2.0,6223.0,3239.0,3150.0,3215.0,3251.0,3251.0,2205.0,945.0,2268.0,971.0
2.0,6199.0,3217.0,3151.0,3251.0,3220.0,3220.0,2206.0,945.0,2253.0,964.0
2.0,6233.0,3183.0,3153.0,3220.0,3189.0,3189.0,2207.0,946.0,2227.0,956.0
2.0,6270.0,3133.0,3152.0,3189.0,3130.0,3130.0,2207.0,945.0,2193.0,940.0
2.0,6326.0,3109.0,3150.0,3130.0,3103.0,3103.0,2205.0,945.0,2177.0,932.0
2.0,6347.0,3084.0,3148.0,3103.0,3078.0,3078.0,2204.0,944.0,2158.0,926.0
2.0,6366.0,3188.0,3150.0,3078.0,3194.0,3194.0,2205.0,945.0,2233.0,955.0
2.0,6256.0,3276.0,3153.0,3194.0,3285.0,3285.0,2207.0,946.0,2293.0,983.0
2.0,6174.0,3243.0,3156.0,3285.0,3252.0,3252.0,2209.0,947.0,2271.0,972.0
2.0,6216.0,3182.0,3156.0,3252.0,3182.0,3182.0,2209.0,947.0,2227.0,955.0
2.0,6286.0,3160.0,3156.0,3182.0,3160.0,3160.0,2209.0,947.0,2213.0,947.0
2.0,6308.0,3065.0,3154.0,3160.0,3059.0,3059.0,2208.0,946.0,2146.0,919.0
2.0,6403.0,3131.0,3153.0,3059.0,3128.0,3128.0,2207.0,946.0,2192.0,939.0
2.0,6331.0,3157.0,3154.0,3128.0,3160.0,3160.0,2208.0,946.0,2211.0,946.0
2.0,6302.0,3222.0,3157.0,3160.0,3231.0,3231.0,2210.0,947.0,2254.0,968.0
2.0,6240.0,3257.0,3160.0,3231.0,3266.0,3266.0,2212.0,948.0,2281.0,976.0
2.0,6214.0,3173.0,3161.0,3266.0,3176.0,3176.0,2213.0,948.0,2221.0,952.0
2.0,6307.0,3114.0,3160.0,3176.0,3111.0,3111.0,2212.0,948.0,2179.0,935.0
2.0,6369.0,3054.0,3157.0,3111.0,3045.0,3045.0,2210.0,947.0,2139.0,915.0
2.0,6426.0,3115.0,3156.0,3045.0,3112.0,3112.0,2209.0,947.0,2180.0,935.0
2.0,6356.0,3197.0,3158.0,3112.0,3203.0,3203.0,2211.0,947.0,2237.0,960.0
2.0,6271.0,3141.0,3158.0,3203.0,3141.0,3141.0,2211.0,947.0,2200.0,941.0
2.0,6333.0,3200.0,3160.0,3141.0,3206.0,3206.0,2212.0,948.0,2241.0,959.0
2.0,6274.0,3237.0,3163.0,3206.0,3246.0,3246.0,2214.0,949.0,2265.0,972.0
2.0,6243.0,3146.0,3163.0,3246.0,3146.0,3146.0,2214.0,949.0,2202.0,944.0
2.0,6343.0,3158.0,3161.0,3146.0,3152.0,3152.0,2213.0,948.0,2210.0,948.0
2.0,6331.0,3141.0,3160.0,3152.0,3138.0,3138.0,2212.0,948.0,2201.0,940.0
2.0,6342.0,3161.0,3161.0,3138.0,3164.0,3164.0,2213.0,948.0,2213.0,948.0
2.0,6319.0,3323.0,3166.0,3164.0,3338.0,3338.0,2216.0,950.0,2326.0,997.0
2.0,6160.0,3312.0,3170.0,3338.0,3324.0,3324.0,2219.0,951.0,2318.0,994.0
2.0,6186.0,3257.0,3172.0,3324.0,3263.0,3263.0,2221.0,951.0,2280.0,977.0
2.0,6253.0,3101.0,3170.0,3263.0,3095.0,3095.0,2219.0,951.0,2172.0,929.0
2.0,6415.0,3113.0,3167.0,3095.0,3104.0,3104.0,2217.0,950.0,2180.0,933.0
2.0,6397.0,3101.0,3165.0,3104.0,3095.0,3095.0,2216.0,949.0,2170.0,931.0
2.0,6400.0,3165.0,3167.0,3095.0,3171.0,3171.0,2217.0,950.0,2216.0,949.0
2.0,6330.0,3259.0,3168.0,3171.0,3262.0,3262.0,2218.0,950.0,2281.0,978.0
2.0,6242.0,3249.0,3172.0,3262.0,3261.0,3261.0,2221.0,951.0,2274.0,975.0
2.0,6255.0,3258.0,3174.0,3261.0,3264.0,3264.0,2222.0,952.0,2282.0,976.0
2.0,6258.0,3152.0,3171.0,3264.0,3143.0,3143.0,2220.0,951.0,2206.0,946.0
2.0,6370.0,3111.0,3168.0,3143.0,3102.0,3102.0,2218.0,950.0,2178.0,933.0
2.0,6402.0,3118.0,3168.0,3102.0,3118.0,3118.0,2218.0,950.0,2183.0,935.0
2.0,6386.0,3164.0,3170.0,3118.0,3170.0,3170.0,2219.0,951.0,2216.0,948.0
2.0,6340.0,3255.0,3173.0,3170.0,3264.0,3264.0,2221.0,952.0,2278.0,977.0
2.0,6255.0,3266.0,3177.0,3264.0,3278.0,3278.0,2224.0,953.0,2286.0,980.0
2.0,6253.0,3213.0,3178.0,3278.0,3216.0,3216.0,2225.0,953.0,2250.0,963.0
2.0,6318.0,3131.0,3175.0,3216.0,3122.0,3122.0,2223.0,952.0,2191.0,940.0
2.0,6403.0,3079.0,3173.0,3122.0,3073.0,3073.0,2221.0,952.0,2156.0,923.0
2.0,6446.0,3142.0,3171.0,3073.0,3136.0,3136.0,2220.0,951.0,2199.0,943.0
2.0,6377.0,3161.0,3172.0,3136.0,3164.0,3164.0,2221.0,951.0,2214.0,947.0
2.0,6352.0,3267.0,3176.0,3164.0,3279.0,3279.0,2223.0,953.0,2287.0,980.0
2.0,6249.0,3280.0,3180.0,3279.0,3292.0,3292.0,2226.0,954.0,2297.0,983.0
2.0,6248.0,3221.0,3181.0,3292.0,3224.0,3224.0,2227.0,954.0,2255.0,966.0
2.0,6319.0,3135.0,3178.0,3224.0,3126.0,3126.0,2225.0,953.0,2194.0,941.0
2.0,6408.0,3195.0,3178.0,3126.0,3195.0,3195.0,2225.0,953.0,2237.0,958.0
2.0,6339.0,3188.0,3178.0,3195.0,3188.0,3188.0,2225.0,953.0,2232.0,956.0
2.0,6346.0,3188.0,3179.0,3188.0,3191.0,3191.0,2226.0,953.0,2233.0,955.0
2.0,6346.0,3262.0,3182.0,3191.0,3271.0,3271.0,2228.0,954.0,2282.0,980.0
2.0,6275.0,3328.0,3187.0,3271.0,3343.0,3343.0,2231.0,956.0,2330.0,998.0
2.0,6218.0,3246.0,3188.0,3343.0,3249.0,3249.0,2232.0,956.0,2273.0,973.0
2.0,6315.0,3286.0,3188.0,3249.0,3286.0,3286.0,2232.0,956.0,2298.0,988.0
2.0,6278.0,3144.0,3187.0,3286.0,3141.0,3141.0,2231.0,956.0,2202.0,942.0
2.0,6420.0,3164.0,3186.0,3141.0,3161.0,3161.0,2230.0,956.0,2215.0,949.0
2.0,6397.0,3197.0,3187.0,3161.0,3200.0,3200.0,2231.0,956.0,2239.0,958.0
2.0,6361.0,3209.0,3190.0,3200.0,3218.0,3218.0,2233.0,957.0,2245.0,964.0
2.0,6352.0,3312.0,3193.0,3218.0,3321.0,3321.0,2235.0,958.0,2319.0,993.0
2.0,6258.0,3262.0,3195.0,3321.0,3268.0,3268.0,2237.0,958.0,2282.0,980.0
2.0,6317.0,3138.0,3193.0,3268.0,3132.0,3132.0,2235.0,958.0,2198.0,940.0
2.0,6447.0,3155.0,3191.0,3132.0,3149.0,3149.0,2234.0,957.0,2208.0,947.0
2.0,6424.0,3140.0,3191.0,3149.0,3140.0,3140.0,2234.0,957.0,2199.0,941.0
2.0,6433.0,3172.0,3191.0,3140.0,3172.0,3172.0,2234.0,957.0,2219.0,953.0
2.0,6401.0,3306.0,3197.0,3172.0,3324.0,3324.0,2238.0,959.0,2315.0,991.0
2.0,6267.0,3357.0,3201.0,3324.0,3369.0,3369.0,2241.0,960.0,2351.0,1006.0
2.0,6234.0,3264.0,3203.0,3369.0,3270.0,3270.0,2242.0,961.0,2284.0,980.0
2.0,6339.0,3150.0,3203.0,3270.0,3150.0,3150.0,2242.0,961.0,2205.0,945.0
2.0,6459.0,3150.0,3201.0,3150.0,3144.0,3144.0,2241.0,960.0,2205.0,945.0
2.0,6459.0,3165.0,3200.0,3144.0,3162.0,3162.0,2240.0,960.0,2217.0,948.0
2.0,6438.0,3230.0,3202.0,3162.0,3236.0,3236.0,2242.0,960.0,2260.0,970.0
2.0,6370.0,3221.0,3203.0,3236.0,3224.0,3224.0,2242.0,961.0,2256.0,965.0
2.0,6385.0,3311.0,3207.0,3224.0,3323.0,3323.0,2245.0,962.0,2318.0,993.0
2.0,6298.0,3274.0,3208.0,3323.0,3277.0,3277.0,2246.0,962.0,2291.0,983.0
2.0,6347.0,3224.0,3207.0,3277.0,3221.0,3221.0,2245.0,962.0,2258.0,966.0
2.0,6400.0,3192.0,3204.0,3221.0,3183.0,3183.0,2243.0,961.0,2236.0,956.0
2.0,6429.0,3150.0,3202.0,3183.0,3144.0,3144.0,2242.0,960.0,2204.0,946.0
2.0,6462.0,3214.0,3204.0,3144.0,3220.0,3220.0,2243.0,961.0,2249.0,965.0
2.0,6392.0,3280.0,3208.0,3220.0,3292.0,3292.0,2246.0,962.0,2298.0,982.0
2.0,6332.0,3256.0,3211.0,3292.0,3265.0,3265.0,2248.0,963.0,2279.0,977.0
2.0,6368.0,3198.0,3211.0,3265.0,3198.0,3198.0,2248.0,963.0,2239.0,959.0
2.0,6435.0,3171.0,3210.0,3198.0,3168.0,3168.0,2247.0,963.0,2219.0,952.0
2.0,6462.0,3109.0,3207.0,3168.0,3100.0,3100.0,2245.0,962.0,2178.0,931.0
2.0,6521.0,3218.0,3207.0,3100.0,3218.0,3218.0,2245.0,962.0,2252.0,966.0
2.0,6403.0,3228.0,3208.0,3218.0,3231.0,3231.0,2246.0,962.0,2261.0,967.0
2.0,6393.0,3353.0,3212.0,3231.0,3365.0,3365.0,2249.0,963.0,2346.0,1007.0
2.0,6271.0,3297.0,3216.0,3365.0,3309.0,3309.0,2251.0,965.0,2308.0,989.0
2.0,6339.0,3335.0,3220.0,3309.0,3347.0,3347.0,2254.0,966.0,2335.0,1000.0
2.0,6313.0,3195.0,3218.0,3347.0,3189.0,3189.0,2253.0,965.0,2238.0,957.0
2.0,6465.0,3202.0,3217.0,3189.0,3199.0,3199.0,2252.0,965.0,2241.0,961.0
2.0,6452.0,3181.0,3216.0,3199.0,3178.0,3178.0,2251.0,965.0,2227.0,954.0
2.0,6470.0,3204.0,3217.0,3178.0,3207.0,3207.0,2252.0,965.0,2244.0,960.0
2.0,6444.0,3290.0,3221.0,3207.0,3302.0,3302.0,2255.0,966.0,2303.0,987.0
2.0,6361.0,3276.0,3224.0,3302.0,3285.0,3285.0,2257.0,967.0,2293.0,983.0
2.0,6387.0,3269.0,3226.0,3285.0,3275.0,3275.0,2258.0,968.0,2287.0,982.0
2.0,6403.0,3201.0,3225.0,3275.0,3198.0,3198.0,2258.0,967.0,2243.0,958.0
2.0,6477.0,3200.0,3224.0,3198.0,3197.0,3197.0,2257.0,967.0,2239.0,961.0
2.0,6475.0,3171.0,3223.0,3197.0,3168.0,3168.0,2256.0,967.0,2219.0,952.0
2.0,6501.0,3226.0,3224.0,3168.0,3229.0,3229.0,2257.0,967.0,2259.0,967.0
2.0,6443.0,3254.0,3225.0,3229.0,3257.0,3257.0,2258.0,967.0,2277.0,977.0
2.0,6418.0,3309.0,3228.0,3257.0,3318.0,3318.0,2260.0,968.0,2318.0,991.0
2.0,6366.0,3168.0,3227.0,3318.0,3165.0,3165.0,2259.0,968.0,2217.0,951.0
2.0,6516.0,3203.0,3226.0,3165.0,3200.0,3200.0,2258.0,968.0,2242.0,961.0
2.0,6478.0,3191.0,3224.0,3200.0,3185.0,3185.0,2257.0,967.0,2234.0,957.0
2.0,6487.0,3084.0,3220.0,3185.0,3072.0,3072.0,2254.0,966.0,2159.0,925.0
2.0,6588.0,3235.0,3220.0,3072.0,3235.0,3235.0,2254.0,966.0,2264.0,971.0
2.0,6425.0,3239.0,3221.0,3235.0,3242.0,3242.0,2255.0,966.0,2267.0,972.0
2.0,6421.0,3284.0,3224.0,3242.0,3293.0,3293.0,2257.0,967.0,2300.0,984.0
2.0,6379.0,3303.0,3226.0,3293.0,3309.0,3309.0,2258.0,968.0,2311.0,992.0
2.0,6369.0,3131.0,3224.0,3309.0,3125.0,3125.0,2257.0,967.0,2194.0,937.0
2.0,6547.0,3174.0,3221.0,3125.0,3165.0,3165.0,2255.0,966.0,2220.0,954.0
2.0,6498.0,3205.0,3220.0,3165.0,3202.0,3202.0,2254.0,966.0,2245.0,960.0
2.0,6458.0,3183.0,3221.0,3202.0,3186.0,3186.0,2255.0,966.0,2227.0,956.0
2.0,6477.0,3333.0,3224.0,3186.0,3342.0,3342.0,2257.0,967.0,2333.0,1000.0
2.0,6330.0,3287.0,3227.0,3342.0,3296.0,3296.0,2259.0,968.0,2303.0,984.0
2.0,6385.0,3283.0,3230.0,3296.0,3292.0,3292.0,2261.0,969.0,2297.0,986.0
2.0,6398.0,3174.0,3227.0,3292.0,3165.0,3165.0,2259.0,968.0,2223.0,951.0
2.0,6516.0,3182.0,3224.0,3165.0,3173.0,3173.0,2257.0,967.0,2228.0,954.0
2.0,6499.0,3187.0,3222.0,3173.0,3181.0,3181.0,2256.0,966.0,2230.0,957.0
2.0,6485.0,3258.0,3224.0,3181.0,3264.0,3264.0,2257.0,967.0,2280.0,978.0
2.0,6408.0,3348.0,3228.0,3264.0,3360.0,3360.0,2260.0,968.0,2344.0,1004.0
2.0,6324.0,3359.0,3231.0,3360.0,3368.0,3368.0,2262.0,969.0,2351.0,1008.0
2.0,6325.0,3260.0,3232.0,3368.0,3263.0,3263.0,2263.0,969.0,2283.0,977.0
2.0,6433.0,3250.0,3233.0,3263.0,3253.0,3253.0,2263.0,970.0,2275.0,975.0
2.0,6446.0,3244.0,3231.0,3253.0,3238.0,3238.0,2262.0,969.0,2270.0,974.0
2.0,6455.0,3198.0,3230.0,3238.0,3195.0,3195.0,2261.0,969.0,2240.0,958.0
2.0,6495.0,3290.0,3231.0,3195.0,3293.0,3293.0,2262.0,969.0,2302.0,988.0
2.0,6400.0,3376.0,3235.0,3293.0,3388.0,3388.0,2265.0,970.0,2363.0,1013.0
2.0,6317.0,3296.0,3238.0,3388.0,3305.0,3305.0,2267.0,971.0,2307.0,989.0
2.0,6409.0,3223.0,3238.0,3305.0,3223.0,3223.0,2267.0,971.0,2256.0,967.0
2.0,6491.0,3202.0,3237.0,3223.0,3199.0,3199.0,2266.0,971.0,2243.0,959.0
2.0,6512.0,3155.0,3234.0,3199.0,3146.0,3146.0,2264.0,970.0,2208.0,947.0
2.0,6556.0,3234.0,3235.0,3146.0,3237.0,3237.0,2265.0,970.0,2265.0,969.0
2.0,6468.0,3260.0,3237.0,3237.0,3266.0,3266.0,2266.0,971.0,2283.0,977.0
2.0,6445.0,3309.0,3241.0,3266.0,3321.0,3321.0,2269.0,972.0,2316.0,993.0
2.0,6402.0,3336.0,3243.0,3321.0,3342.0,3342.0,2270.0,973.0,2335.0,1001.0
2.0,6387.0,3344.0,3245.0,3342.0,3350.0,3350.0,2272.0,973.0,2340.0,1004.0
2.0,6385.0,3224.0,3243.0,3350.0,3218.0,3218.0,2270.0,973.0,2258.0,966.0
2.0,6511.0,3212.0,3241.0,3218.0,3206.0,3206.0,2269.0,972.0,2248.0,964.0
2.0,6517.0,3220.0,3239.0,3206.0,3214.0,3214.0,2267.0,972.0,2255.0,965.0
2.0,6503.0,3323.0,3241.0,3214.0,3329.0,3329.0,2269.0,972.0,2325.0,998.0
2.0,6394.0,3306.0,3243.0,3329.0,3312.0,3312.0,2270.0,973.0,2315.0,991.0
2.0,6417.0,3303.0,3246.0,3312.0,3312.0,3312.0,2272.0,974.0,2312.0,991.0
2.0,6426.0,3333.0,3248.0,3312.0,3339.0,3339.0,2274.0,974.0,2333.0,1000.0
2.0,6405.0,3206.0,3247.0,3339.0,3203.0,3203.0,2273.0,974.0,2246.0,960.0
2.0,6538.0,3192.0,3245.0,3203.0,3186.0,3186.0,2272.0,973.0,2234.0,958.0
2.0,6549.0,3158.0,3243.0,3186.0,3152.0,3152.0,2270.0,973.0,2211.0,947.0
2.0,6577.0,3274.0,3244.0,3152.0,3277.0,3277.0,2271.0,973.0,2291.0,983.0
2.0,6455.0,3293.0,3246.0,3277.0,3299.0,3299.0,2272.0,974.0,2306.0,987.0
2.0,6439.0,3336.0,3250.0,3299.0,3348.0,3348.0,2275.0,975.0,2335.0,1001.0
2.0,6402.0,3314.0,3251.0,3348.0,3317.0,3317.0,2276.0,975.0,2320.0,994.0
2.0,6436.0,3266.0,3251.0,3317.0,3266.0,3266.0,2276.0,975.0,2286.0,980.0
2.0,6487.0,3148.0,3248.0,3266.0,3139.0,3139.0,2274.0,974.0,2204.0,944.0
2.0,6605.0,3224.0,3250.0,3139.0,3230.0,3230.0,2275.0,975.0,2258.0,966.0
2.0,6520.0,3247.0,3250.0,3230.0,3247.0,3247.0,2275.0,975.0,2273.0,974.0
2.0,6503.0,3304.0,3252.0,3247.0,3310.0,3310.0,2277.0,975.0,2312.0,992.0
2.0,6446.0,3365.0,3257.0,3310.0,3380.0,3380.0,2280.0,977.0,2357.0,1008.0
2.0,6391.0,3313.0,3259.0,3380.0,3319.0,3319.0,2281.0,978.0,2318.0,995.0
2.0,6458.0,3234.0,3259.0,3319.0,3234.0,3234.0,2281.0,978.0,2264.0,970.0
2.0,6543.0,3264.0,3258.0,3234.0,3261.0,3261.0,2281.0,977.0,2285.0,979.0
2.0,6513.0,3235.0,3257.0,3261.0,3232.0,3232.0,2280.0,977.0,2266.0,969.0
2.0,6539.0,3292.0,3260.0,3232.0,3301.0,3301.0,2282.0,978.0,2304.0,988.0
2.0,6479.0,3367.0,3264.0,3301.0,3379.0,3379.0,2285.0,979.0,2357.0,1010.0
2.0,6413.0,3321.0,3267.0,3379.0,3330.0,3330.0,2287.0,980.0,2325.0,996.0
2.0,6471.0,3263.0,3268.0,3330.0,3266.0,3266.0,2288.0,980.0,2285.0,978.0
2.0,6538.0,3254.0,3267.0,3266.0,3251.0,3251.0,2287.0,980.0,2277.0,977.0
2.0,6550.0,3166.0,3264.0,3251.0,3157.0,3157.0,2285.0,979.0,2217.0,949.0
2.0,6635.0,3211.0,3263.0,3157.0,3208.0,3208.0,2284.0,979.0,2248.0,963.0
2.0,6581.0,3297.0,3265.0,3208.0,3303.0,3303.0,2286.0,979.0,2307.0,990.0
2.0,6492.0,3334.0,3268.0,3303.0,3343.0,3343.0,2288.0,980.0,2336.0,998.0
2.0,6461.0,3384.0,3271.0,3343.0,3393.0,3393.0,2290.0,981.0,2369.0,1015.0
2.0,6420.0,3307.0,3273.0,3393.0,3313.0,3313.0,2291.0,982.0,2314.0,993.0
2.0,6506.0,3182.0,3270.0,3313.0,3173.0,3173.0,2289.0,981.0,2228.0,954.0
2.0,6637.0,3182.0,3266.0,3173.0,3170.0,3170.0,2286.0,980.0,2228.0,954.0
2.0,6628.0,3201.0,3265.0,3170.0,3198.0,3198.0,2286.0,979.0,2240.0,961.0
2.0,6597.0,3204.0,3264.0,3198.0,3201.0,3201.0,2285.0,979.0,2245.0,959.0
2.0,6591.0,3333.0,3265.0,3201.0,3336.0,3336.0,2286.0,979.0,2332.0,1001.0
2.0,6459.0,3394.0,3270.0,3336.0,3409.0,3409.0,2289.0,981.0,2376.0,1018.0
2.0,6401.0,3351.0,3271.0,3409.0,3354.0,3354.0,2290.0,981.0,2347.0,1004.0
2.0,6459.0,3248.0,3268.0,3354.0,3239.0,3239.0,2288.0,980.0,2273.0,975.0
2.0,6565.0,3191.0,3267.0,3239.0,3188.0,3188.0,2287.0,980.0,2234.0,957.0
2.0,6613.0,3277.0,3267.0,3188.0,3277.0,3277.0,2287.0,980.0,2295.0,982.0
2.0,6524.0,3260.0,3268.0,3277.0,3263.0,3263.0,2288.0,980.0,2281.0,979.0
2.0,6541.0,3323.0,3271.0,3263.0,3332.0,3332.0,2290.0,981.0,2326.0,997.0
2.0,6481.0,3434.0,3275.0,3332.0,3446.0,3446.0,2293.0,982.0,2404.0,1030.0
2.0,6379.0,3294.0,3276.0,3446.0,3297.0,3297.0,2293.0,983.0,2307.0,987.0
2.0,6531.0,3231.0,3274.0,3297.0,3225.0,3225.0,2292.0,982.0,2261.0,970.0
2.0,6597.0,3201.0,3272.0,3225.0,3195.0,3195.0,2291.0,981.0,2241.0,960.0
2.0,6621.0,3217.0,3270.0,3195.0,3211.0,3211.0,2289.0,981.0,2253.0,964.0
2.0,6599.0,3221.0,3270.0,3211.0,3221.0,3221.0,2289.0,981.0,2255.0,966.0
2.0,6589.0,3349.0,3272.0,3221.0,3355.0,3355.0,2291.0,981.0,2343.0,1006.0
2.0,6461.0,3372.0,3275.0,3355.0,3381.0,3381.0,2293.0,982.0,2360.0,1012.0
2.0,6444.0,3377.0,3276.0,3381.0,3380.0,3380.0,2293.0,983.0,2365.0,1012.0
2.0,6448.0,3283.0,3275.0,3380.0,3280.0,3280.0,2293.0,982.0,2298.0,985.0
2.0,6545.0,3245.0,3274.0,3280.0,3242.0,3242.0,2292.0,982.0,2271.0,974.0
2.0,6580.0,3214.0,3272.0,3242.0,3208.0,3208.0,2291.0,981.0,2251.0,963.0
2.0,6608.0,3344.0,3275.0,3208.0,3353.0,3353.0,2293.0,982.0,2340.0,1004.0
2.0,6472.0,3390.0,3278.0,3353.0,3399.0,3399.0,2295.0,983.0,2374.0,1016.0
2.0,6435.0,3375.0,3283.0,3399.0,3390.0,3390.0,2298.0,985.0,2363.0,1012.0
2.0,6459.0,3331.0,3284.0,3390.0,3334.0,3334.0,2299.0,985.0,2332.0,999.0
2.0,6518.0,3294.0,3284.0,3334.0,3294.0,3294.0,2299.0,985.0,2306.0,988.0
2.0,6558.0,3253.0,3282.0,3294.0,3247.0,3247.0,2298.0,984.0,2276.0,977.0
2.0,6599.0,3290.0,3282.0,3247.0,3290.0,3290.0,2298.0,984.0,2303.0,987.0
2.0,6556.0,3334.0,3283.0,3290.0,3337.0,3337.0,2298.0,985.0,2335.0,999.0
2.0,6512.0,3363.0,3287.0,3337.0,3375.0,3375.0,2301.0,986.0,2355.0,1008.0
2.0,6486.0,3386.0,3291.0,3375.0,3398.0,3398.0,2304.0,987.0,2370.0,1016.0
2.0,6475.0,3349.0,3293.0,3398.0,3355.0,3355.0,2305.0,988.0,2343.0,1006.0
2.0,6524.0,3294.0,3292.0,3355.0,3291.0,3291.0,2305.0,987.0,2306.0,988.0
2.0,6585.0,3272.0,3290.0,3291.0,3266.0,3266.0,2303.0,987.0,2292.0,980.0
2.0,6604.0,3224.0,3288.0,3266.0,3218.0,3218.0,2302.0,986.0,2256.0,968.0
2.0,6646.0,3386.0,3291.0,3218.0,3395.0,3395.0,2304.0,987.0,2370.0,1016.0
2.0,6478.0,3356.0,3294.0,3395.0,3365.0,3365.0,2306.0,988.0,2350.0,1006.0
2.0,6517.0,3360.0,3296.0,3365.0,3366.0,3366.0,2307.0,989.0,2352.0,1008.0
2.0,6522.0,3331.0,3297.0,3366.0,3334.0,3334.0,2308.0,989.0,2332.0,999.0
2.0,6557.0,3318.0,3295.0,3334.0,3312.0,3312.0,2307.0,988.0,2323.0,995.0
2.0,6573.0,3254.0,3294.0,3312.0,3251.0,3251.0,2306.0,988.0,2277.0,977.0
2.0,6631.0,3260.0,3294.0,3251.0,3260.0,3260.0,2306.0,988.0,2282.0,978.0
2.0,6622.0,3321.0,3295.0,3260.0,3324.0,3324.0,2307.0,988.0,2326.0,995.0
2.0,6561.0,3380.0,3300.0,3324.0,3395.0,3395.0,2310.0,990.0,2366.0,1014.0
2.0,6505.0,3343.0,3302.0,3395.0,3349.0,3349.0,2312.0,990.0,2340.0,1003.0
2.0,6557.0,3377.0,3304.0,3349.0,3383.0,3383.0,2313.0,991.0,2365.0,1012.0
2.0,6529.0,3331.0,3304.0,3383.0,3331.0,3331.0,2313.0,991.0,2332.0,999.0
2.0,6581.0,3234.0,3301.0,3331.0,3225.0,3225.0,2311.0,990.0,2262.0,972.0
2.0,6678.0,3250.0,3300.0,3225.0,3247.0,3247.0,2310.0,990.0,2277.0,973.0
2.0,6653.0,3322.0,3303.0,3247.0,3331.0,3331.0,2312.0,991.0,2324.0,998.0
2.0,6578.0,3379.0,3306.0,3331.0,3388.0,3388.0,2314.0,992.0,2366.0,1013.0
2.0,6530.0,3389.0,3310.0,3388.0,3401.0,3401.0,2317.0,993.0,2372.0,1017.0
2.0,6529.0,3294.0,3311.0,3401.0,3297.0,3297.0,2318.0,993.0,2307.0,987.0
2.0,6636.0,3321.0,3311.0,3297.0,3321.0,3321.0,2318.0,993.0,2325.0,996.0
2.0,6612.0,3254.0,3308.0,3321.0,3245.0,3245.0,2316.0,992.0,2277.0,977.0
2.0,6679.0,3328.0,3308.0,3245.0,3328.0,3328.0,2316.0,992.0,2329.0,999.0
2.0,6596.0,3347.0,3310.0,3328.0,3353.0,3353.0,2317.0,993.0,2345.0,1002.0
2.0,6577.0,3443.0,3315.0,3353.0,3458.0,3458.0,2321.0,994.0,2411.0,1032.0
2.0,6487.0,3404.0,3317.0,3458.0,3410.0,3410.0,2322.0,995.0,2382.0,1022.0
2.0,6541.0,3330.0,3318.0,3410.0,3333.0,3333.0,2323.0,995.0,2330.0,1000.0
2.0,6621.0,3370.0,3320.0,3333.0,3376.0,3376.0,2324.0,996.0,2360.0,1010.0
2.0,6584.0,3222.0,3315.0,3376.0,3207.0,3207.0,2321.0,994.0,2255.0,967.0
2.0,6738.0,3304.0,3316.0,3207.0,3307.0,3307.0,2321.0,995.0,2314.0,990.0
2.0,6641.0,3304.0,3317.0,3307.0,3307.0,3307.0,2322.0,995.0,2313.0,991.0
2.0,6644.0,3423.0,3321.0,3307.0,3435.0,3435.0,2325.0,996.0,2397.0,1026.0
2.0,6528.0,3394.0,3325.0,3435.0,3406.0,3406.0,2328.0,997.0,2376.0,1018.0
2.0,6569.0,3412.0,3328.0,3406.0,3421.0,3421.0,2330.0,998.0,2389.0,1023.0
2.0,6563.0,3295.0,3327.0,3421.0,3292.0,3292.0,2329.0,998.0,2306.0,989.0
2.0,6689.0,3257.0,3325.0,3292.0,3251.0,3251.0,2328.0,997.0,2279.0,978.0
2.0,6724.0,3245.0,3323.0,3251.0,3239.0,3239.0,2326.0,997.0,2272.0,973.0
2.0,6730.0,3271.0,3323.0,3239.0,3271.0,3271.0,2326.0,997.0,2290.0,981.0
2.0,6698.0,3445.0,3327.0,3271.0,3457.0,3457.0,2329.0,998.0,2412.0,1033.0
2.0,6524.0,3385.0,3330.0,3457.0,3394.0,3394.0,2331.0,999.0,2369.0,1016.0
2.0,6596.0,3361.0,3330.0,3394.0,3361.0,3361.0,2331.0,999.0,2353.0,1008.0
2.0,6629.0,3261.0,3327.0,3361.0,3252.0,3252.0,2329.0,998.0,2283.0,978.0
2.0,6729.0,3274.0,3326.0,3252.0,3271.0,3271.0,2328.0,998.0,2291.0,983.0
2.0,6707.0,3297.0,3325.0,3271.0,3294.0,3294.0,2328.0,997.0,2308.0,989.0
2.0,6681.0,3365.0,3326.0,3294.0,3368.0,3368.0,2328.0,998.0,2357.0,1008.0
2.0,6610.0,3400.0,3329.0,3368.0,3409.0,3409.0,2330.0,999.0,2380.0,1020.0
2.0,6578.0,3393.0,3331.0,3409.0,3399.0,3399.0,2332.0,999.0,2376.0,1017.0
2.0,6594.0,3413.0,3333.0,3399.0,3419.0,3419.0,2333.0,1000.0,2388.0,1025.0
2.0,6580.0,3245.0,3330.0,3419.0,3236.0,3236.0,2331.0,999.0,2273.0,972.0
2.0,6754.0,3312.0,3328.0,3236.0,3306.0,3306.0,2330.0,998.0,2318.0,994.0
2.0,6678.0,3291.0,3328.0,3306.0,3291.0,3291.0,2330.0,998.0,2303.0,988.0
2.0,6693.0,3328.0,3328.0,3291.0,3328.0,3328.0,2330.0,998.0,2331.0,997.0
2.0,6656.0,3459.0,3332.0,3328.0,3471.0,3471.0,2333.0,999.0,2421.0,1038.0
2.0,6525.0,3356.0,3334.0,3471.0,3362.0,3362.0,2334.0,1000.0,2351.0,1005.0
2.0,6640.0,3403.0,3335.0,3362.0,3406.0,3406.0,2335.0,1000.0,2380.0,1023.0
2.0,6599.0,3330.0,3334.0,3406.0,3327.0,3327.0,2334.0,1000.0,2333.0,997.0
2.0,6675.0,3255.0,3333.0,3327.0,3252.0,3252.0,2333.0,1000.0,2277.0,978.0
2.0,6747.0,3258.0,3331.0,3252.0,3252.0,3252.0,2332.0,999.0,2282.0,976.0
2.0,6741.0,3323.0,3331.0,3252.0,3323.0,3323.0,2332.0,999.0,2324.0,999.0
2.0,6670.0,3442.0,3334.0,3323.0,3451.0,3451.0,2334.0,1000.0,2410.0,1032.0
2.0,6551.0,3388.0,3337.0,3451.0,3397.0,3397.0,2336.0,1001.0,2373.0,1015.0
2.0,6614.0,3364.0,3338.0,3397.0,3367.0,3367.0,2337.0,1001.0,2356.0,1008.0
2.0,6647.0,3334.0,3337.0,3367.0,3331.0,3331.0,2336.0,1001.0,2334.0,1000.0
2.0,6680.0,3261.0,3335.0,3331.0,3255.0,3255.0,2335.0,1000.0,2282.0,979.0
2.0,6750.0,3298.0,3334.0,3255.0,3295.0,3295.0,2334.0,1000.0,2310.0,988.0
2.0,6707.0,3367.0,3334.0,3295.0,3367.0,3367.0,2334.0,1000.0,2355.0,1012.0
2.0,6635.0,3432.0,3338.0,3367.0,3444.0,3444.0,2337.0,1001.0,2403.0,1029.0
2.0,6570.0,3409.0,3341.0,3444.0,3418.0,3418.0,2339.0,1002.0,2386.0,1023.0
2.0,6605.0,3384.0,3343.0,3418.0,3390.0,3390.0,2340.0,1003.0,2369.0,1015.0
2.0,6639.0,3314.0,3341.0,3390.0,3308.0,3308.0,2339.0,1002.0,2320.0,994.0
2.0,6715.0,3328.0,3340.0,3308.0,3325.0,3325.0,2338.0,1002.0,2331.0,997.0
2.0,6695.0,3290.0,3340.0,3325.0,3290.0,3290.0,2338.0,1002.0,2303.0,987.0
2.0,6730.0,3401.0,3341.0,3290.0,3404.0,3404.0,2339.0,1002.0,2380.0,1021.0
2.0,6619.0,3445.0,3345.0,3404.0,3457.0,3457.0,2342.0,1003.0,2411.0,1034.0
2.0,6578.0,3400.0,3347.0,3457.0,3406.0,3406.0,2343.0,1004.0,2381.0,1019.0
2.0,6635.0,3436.0,3348.0,3406.0,3439.0,3439.0,2344.0,1004.0,2405.0,1031.0
2.0,6605.0,3349.0,3347.0,3439.0,3346.0,3346.0,2343.0,1004.0,2346.0,1003.0
2.0,6695.0,3270.0,3344.0,3346.0,3261.0,3261.0,2341.0,1003.0,2287.0,983.0
2.0,6771.0,3301.0,3344.0,3261.0,3301.0,3301.0,2341.0,1003.0,2313.0,988.0
2.0,6731.0,3414.0,3344.0,3301.0,3414.0,3414.0,2341.0,1003.0,2388.0,1026.0
2.0,6618.0,3404.0,3348.0,3414.0,3416.0,3416.0,2344.0,1004.0,2383.0,1021.0
2.0,6628.0,3410.0,3350.0,3416.0,3416.0,3416.0,2345.0,1005.0,2389.0,1021.0
2.0,6634.0,3397.0,3351.0,3416.0,3400.0,3400.0,2346.0,1005.0,2377.0,1020.0
2.0,6653.0,3330.0,3350.0,3400.0,3327.0,3327.0,2345.0,1005.0,2332.0,998.0
2.0,6723.0,3264.0,3347.0,3327.0,3255.0,3255.0,2343.0,1004.0,2283.0,981.0
2.0,6786.0,3284.0,3345.0,3255.0,3278.0,3278.0,2342.0,1003.0,2300.0,984.0
2.0,6757.0,3423.0,3347.0,3278.0,3429.0,3429.0,2343.0,1004.0,2395.0,1028.0
2.0,6612.0,3384.0,3350.0,3429.0,3393.0,3393.0,2345.0,1005.0,2371.0,1013.0
2.0,6657.0,3483.0,3354.0,3393.0,3495.0,3495.0,2348.0,1006.0,2437.0,1046.0
2.0,6567.0,3427.0,3357.0,3495.0,3436.0,3436.0,2350.0,1007.0,2401.0,1026.0
2.0,6635.0,3352.0,3356.0,3436.0,3349.0,3349.0,2349.0,1007.0,2346.0,1006.0
2.0,6719.0,3252.0,3353.0,3349.0,3243.0,3243.0,2347.0,1006.0,2277.0,975.0
2.0,6816.0,3315.0,3352.0,3243.0,3312.0,3312.0,2347.0,1005.0,2321.0,994.0
2.0,6744.0,3330.0,3354.0,3312.0,3336.0,3336.0,2348.0,1006.0,2332.0,998.0
2.0,6726.0,3461.0,3357.0,3336.0,3470.0,3470.0,2350.0,1007.0,2423.0,1038.0
2.0,6601.0,3406.0,3360.0,3470.0,3415.0,3415.0,2352.0,1008.0,2383.0,1023.0
2.0,6665.0,3393.0,3360.0,3415.0,3393.0,3393.0,2352.0,1008.0,2376.0,1017.0
2.0,6687.0,3321.0,3358.0,3393.0,3315.0,3315.0,2351.0,1007.0,2324.0,997.0
2.0,6759.0,3248.0,3355.0,3315.0,3239.0,3239.0,2349.0,1006.0,2274.0,974.0
2.0,6826.0,3300.0,3354.0,3239.0,3297.0,3297.0,2348.0,1006.0,2311.0,989.0
2.0,6765.0,3426.0,3357.0,3297.0,3435.0,3435.0,2350.0,1007.0,2398.0,1028.0
2.0,6636.0,3417.0,3358.0,3435.0,3420.0,3420.0,2351.0,1007.0,2391.0,1026.0
2.0,6654.0,3453.0,3362.0,3420.0,3465.0,3465.0,2354.0,1008.0,2417.0,1036.0
2.0,6621.0,3419.0,3364.0,3465.0,3425.0,3425.0,2355.0,1009.0,2394.0,1025.0
2.0,6667.0,3332.0,3361.0,3425.0,3323.0,3323.0,2353.0,1008.0,2332.0,1000.0
2.0,6760.0,3305.0,3360.0,3323.0,3302.0,3302.0,2352.0,1008.0,2315.0,990.0
2.0,6778.0,3295.0,3358.0,3302.0,3289.0,3289.0,2351.0,1007.0,2306.0,989.0
2.0,6785.0,3398.0,3360.0,3289.0,3404.0,3404.0,2352.0,1008.0,2380.0,1018.0
2.0,6676.0,3515.0,3364.0,3404.0,3527.0,3527.0,2355.0,1009.0,2459.0,1056.0
2.0,6565.0,3409.0,3367.0,3527.0,3418.0,3418.0,2357.0,1010.0,2388.0,1021.0
2.0,6683.0,3404.0,3368.0,3418.0,3407.0,3407.0,2358.0,1010.0,2382.0,1022.0
2.0,6697.0,3332.0,3367.0,3407.0,3329.0,3329.0,2357.0,1010.0,2334.0,998.0
2.0,6772.0,3268.0,3364.0,3329.0,3259.0,3259.0,2355.0,1009.0,2286.0,982.0
2.0,6833.0,3314.0,3364.0,3259.0,3314.0,3314.0,2355.0,1009.0,2322.0,992.0
2.0,6778.0,3366.0,3364.0,3314.0,3366.0,3366.0,2355.0,1009.0,2354.0,1012.0
2.0,6726.0,3410.0,3367.0,3366.0,3419.0,3419.0,2357.0,1010.0,2389.0,1021.0
2.0,6682.0,3472.0,3370.0,3419.0,3481.0,3481.0,2359.0,1011.0,2430.0,1042.0
2.0,6629.0,3397.0,3371.0,3481.0,3400.0,3400.0,2360.0,1011.0,2378.0,1019.0
2.0,6713.0,3351.0,3370.0,3400.0,3348.0,3348.0,2359.0,1011.0,2346.0,1005.0
2.0,6762.0,3259.0,3367.0,3348.0,3250.0,3250.0,2357.0,1010.0,2282.0,977.0
2.0,6851.0,3282.0,3364.0,3250.0,3273.0,3273.0,2355.0,1009.0,2296.0,986.0
2.0,6819.0,3432.0,3367.0,3273.0,3441.0,3441.0,2357.0,1010.0,2404.0,1028.0
2.0,6660.0,3449.0,3370.0,3441.0,3458.0,3458.0,2359.0,1011.0,2413.0,1036.0
2.0,6652.0,3463.0,3373.0,3458.0,3472.0,3472.0,2361.0,1012.0,2425.0,1038.0
2.0,6647.0,3448.0,3374.0,3472.0,3451.0,3451.0,2362.0,1012.0,2414.0,1034.0
2.0,6671.0,3285.0,3370.0,3451.0,3273.0,3273.0,2359.0,1011.0,2300.0,985.0
2.0,6837.0,3333.0,3368.0,3273.0,3327.0,3327.0,2358.0,1010.0,2333.0,1000.0
2.0,6777.0,3295.0,3367.0,3327.0,3292.0,3292.0,2357.0,1010.0,2307.0,988.0
2.0,6809.0,3361.0,3367.0,3292.0,3361.0,3361.0,2357.0,1010.0,2353.0,1008.0
2.0,6740.0,3469.0,3370.0,3361.0,3478.0,3478.0,2359.0,1011.0,2428.0,1041.0
2.0,6632.0,3476.0,3374.0,3478.0,3488.0,3488.0,2362.0,1012.0,2434.0,1042.0
2.0,6634.0,3451.0,3374.0,3488.0,3451.0,3451.0,2362.0,1012.0,2414.0,1037.0
2.0,6671.0,3337.0,3373.0,3451.0,3334.0,3334.0,2361.0,1012.0,2337.0,1000.0
2.0,6785.0,3398.0,3373.0,3334.0,3398.0,3398.0,2361.0,1012.0,2379.0,1019.0
2.0,6721.0,3268.0,3370.0,3398.0,3259.0,3259.0,2359.0,1011.0,2287.0,981.0
2.0,6851.0,3385.0,3371.0,3259.0,3388.0,3388.0,2360.0,1011.0,2370.0,1015.0
2.0,6725.0,3473.0,3375.0,3388.0,3485.0,3485.0,2363.0,1012.0,2432.0,1041.0
2.0,6640.0,3486.0,3380.0,3485.0,3501.0,3501.0,2366.0,1014.0,2440.0,1046.0
2.0,6639.0,3377.0,3378.0,3501.0,3371.0,3371.0,2365.0,1013.0,2364.0,1013.0
2.0,6763.0,3351.0,3378.0,3371.0,3351.0,3351.0,2365.0,1013.0,2346.0,1005.0
2.0,6783.0,3381.0,3376.0,3351.0,3375.0,3375.0,2363.0,1013.0,2367.0,1014.0
2.0,6753.0,3371.0,3375.0,3375.0,3368.0,3368.0,2363.0,1012.0,2360.0,1011.0
2.0,6757.0,3413.0,3376.0,3368.0,3416.0,3416.0,2363.0,1013.0,2390.0,1023.0
2.0,6712.0,3407.0,3379.0,3416.0,3416.0,3416.0,2365.0,1014.0,2384.0,1023.0
2.0,6721.0,3473.0,3382.0,3416.0,3482.0,3482.0,2368.0,1014.0,2431.0,1042.0
2.0,6664.0,3453.0,3384.0,3482.0,3459.0,3459.0,2369.0,1015.0,2417.0,1036.0
2.0,6693.0,3371.0,3383.0,3459.0,3368.0,3368.0,2368.0,1015.0,2361.0,1010.0
2.0,6781.0,3342.0,3381.0,3368.0,3336.0,3336.0,2367.0,1014.0,2339.0,1003.0
2.0,6807.0,3357.0,3381.0,3336.0,3357.0,3357.0,2367.0,1014.0,2350.0,1007.0
2.0,6786.0,3451.0,3383.0,3357.0,3457.0,3457.0,2368.0,1015.0,2417.0,1034.0
2.0,6692.0,3453.0,3387.0,3457.0,3465.0,3465.0,2371.0,1016.0,2418.0,1035.0
2.0,6696.0,3490.0,3391.0,3465.0,3502.0,3502.0,2374.0,1017.0,2443.0,1047.0
2.0,6671.0,3380.0,3390.0,3502.0,3377.0,3377.0,2373.0,1017.0,2366.0,1014.0
2.0,6793.0,3355.0,3388.0,3377.0,3349.0,3349.0,2372.0,1016.0,2348.0,1007.0
2.0,6815.0,3314.0,3386.0,3349.0,3308.0,3308.0,2370.0,1016.0,2320.0,994.0
2.0,6850.0,3347.0,3384.0,3308.0,3341.0,3341.0,2369.0,1015.0,2343.0,1004.0
2.0,6811.0,3353.0,3385.0,3341.0,3356.0,3356.0,2370.0,1015.0,2347.0,1006.0
2.0,6799.0,3482.0,3388.0,3356.0,3491.0,3491.0,2372.0,1016.0,2437.0,1045.0
2.0,6673.0,3446.0,3391.0,3491.0,3455.0,3455.0,2374.0,1017.0,2412.0,1034.0
2.0,6718.0,3380.0,3391.0,3455.0,3380.0,3380.0,2374.0,1017.0,2366.0,1014.0
2.0,6793.0,3389.0,3388.0,3380.0,3380.0,3380.0,2372.0,1016.0,2373.0,1016.0
2.0,6784.0,3380.0,3388.0,3380.0,3380.0,3380.0,2372.0,1016.0,2366.0,1014.0
2.0,6784.0,3341.0,3387.0,3380.0,3338.0,3338.0,2371.0,1016.0,2338.0,1003.0
2.0,6823.0,3473.0,3390.0,3338.0,3482.0,3482.0,2373.0,1017.0,2433.0,1040.0
2.0,6688.0,3450.0,3393.0,3482.0,3459.0,3459.0,2375.0,1018.0,2415.0,1035.0
2.0,6720.0,3466.0,3396.0,3459.0,3475.0,3475.0,2377.0,1019.0,2426.0,1040.0
2.0,6713.0,3466.0,3398.0,3475.0,3472.0,3472.0,2379.0,1019.0,2425.0,1041.0
2.0,6722.0,3348.0,3397.0,3472.0,3345.0,3345.0,2378.0,1019.0,2346.0,1002.0
2.0,6846.0,3337.0,3394.0,3345.0,3328.0,3328.0,2376.0,1018.0,2334.0,1003.0
2.0,6854.0,3326.0,3393.0,3328.0,3323.0,3323.0,2375.0,1018.0,2330.0,996.0
2.0,6856.0,3419.0,3394.0,3323.0,3422.0,3422.0,2376.0,1018.0,2392.0,1027.0
2.0,6760.0,3547.0,3400.0,3422.0,3565.0,3565.0,2380.0,1020.0,2485.0,1062.0
2.0,6635.0,3510.0,3404.0,3565.0,3522.0,3522.0,2383.0,1021.0,2457.0,1053.0
2.0,6690.0,3459.0,3404.0,3522.0,3459.0,3459.0,2383.0,1021.0,2420.0,1039.0
2.0,6753.0,3371.0,3403.0,3459.0,3368.0,3368.0,2382.0,1021.0,2361.0,1010.0
2.0,6841.0,3265.0,3400.0,3368.0,3256.0,3256.0,2380.0,1020.0,2286.0,979.0
2.0,6944.0,3420.0,3398.0,3256.0,3414.0,3414.0,2379.0,1019.0,2393.0,1027.0
2.0,6780.0,3432.0,3401.0,3414.0,3441.0,3441.0,2381.0,1020.0,2402.0,1030.0
2.0,6762.0,3431.0,3404.0,3441.0,3440.0,3440.0,2383.0,1021.0,2403.0,1028.0
2.0,6772.0,3440.0,3406.0,3440.0,3446.0,3446.0,2384.0,1022.0,2408.0,1032.0
2.0,6772.0,3447.0,3408.0,3446.0,3453.0,3453.0,2386.0,1022.0,2414.0,1033.0
2.0,6771.0,3404.0,3407.0,3453.0,3401.0,3401.0,2385.0,1022.0,2382.0,1022.0
2.0,6820.0,3302.0,3403.0,3401.0,3290.0,3290.0,2382.0,1021.0,2312.0,990.0
2.0,6919.0,3410.0,3403.0,3290.0,3410.0,3410.0,2382.0,1021.0,2387.0,1023.0
2.0,6799.0,3447.0,3404.0,3410.0,3450.0,3450.0,2383.0,1021.0,2412.0,1035.0
2.0,6762.0,3534.0,3407.0,3450.0,3543.0,3543.0,2385.0,1022.0,2476.0,1058.0
2.0,6678.0,3568.0,3413.0,3543.0,3586.0,3586.0,2389.0,1024.0,2497.0,1071.0
2.0,6653.0,3481.0,3415.0,3586.0,3487.0,3487.0,2391.0,1024.0,2436.0,1045.0
2.0,6758.0,3377.0,3413.0,3487.0,3371.0,3371.0,2389.0,1024.0,2365.0,1012.0
2.0,6868.0,3342.0,3410.0,3371.0,3333.0,3333.0,2387.0,1023.0,2340.0,1002.0
2.0,6897.0,3420.0,3411.0,3333.0,3423.0,3423.0,2388.0,1023.0,2393.0,1027.0
2.0,6810.0,3438.0,3413.0,3423.0,3444.0,3444.0,2389.0,1024.0,2408.0,1030.0
2.0,6795.0,3442.0,3414.0,3444.0,3445.0,3445.0,2390.0,1024.0,2410.0,1032.0
2.0,6797.0,3510.0,3417.0,3445.0,3519.0,3519.0,2392.0,1025.0,2457.0,1053.0
2.0,6732.0,3481.0,3418.0,3519.0,3484.0,3484.0,2393.0,1025.0,2438.0,1043.0
2.0,6770.0,3401.0,3418.0,3484.0,3401.0,3401.0,2393.0,1025.0,2381.0,1020.0
2.0,6853.0,3408.0,3417.0,3401.0,3405.0,3405.0,2392.0,1025.0,2385.0,1023.0
2.0,6846.0,3398.0,3415.0,3405.0,3392.0,3392.0,2391.0,1024.0,2379.0,1019.0
2.0,6853.0,3461.0,3417.0,3392.0,3467.0,3467.0,2392.0,1025.0,2424.0,1037.0
2.0,6784.0,3453.0,3420.0,3467.0,3462.0,3462.0,2394.0,1026.0,2416.0,1037.0
2.0,6798.0,3506.0,3422.0,3462.0,3512.0,3512.0,2396.0,1026.0,2454.0,1052.0
2.0,6754.0,3533.0,3424.0,3512.0,3539.0,3539.0,2397.0,1027.0,2474.0,1059.0
2.0,6733.0,3374.0,3422.0,3539.0,3368.0,3368.0,2396.0,1026.0,2361.0,1013.0
2.0,6898.0,3335.0,3420.0,3368.0,3329.0,3329.0,2394.0,1026.0,2335.0,1000.0
2.0,6931.0,3410.0,3420.0,3329.0,3410.0,3410.0,2394.0,1026.0,2388.0,1022.0
2.0,6850.0,3433.0,3421.0,3410.0,3436.0,3436.0,2395.0,1026.0,2402.0,1031.0
2.0,6827.0,3487.0,3424.0,3436.0,3496.0,3496.0,2397.0,1027.0,2441.0,1046.0
2.0,6776.0,3506.0,3428.0,3496.0,3518.0,3518.0,2400.0,1028.0,2456.0,1050.0
2.0,6766.0,3517.0,3431.0,3518.0,3526.0,3526.0,2402.0,1029.0,2462.0,1055.0
2.0,6767.0,3441.0,3430.0,3526.0,3438.0,3438.0,2401.0,1029.0,2409.0,1032.0
2.0,6852.0,3371.0,3428.0,3438.0,3365.0,3365.0,2400.0,1028.0,2359.0,1012.0
2.0,6919.0,3364.0,3428.0,3365.0,3364.0,3364.0,2400.0,1028.0,2355.0,1009.0
2.0,6920.0,3436.0,3430.0,3364.0,3442.0,3442.0,2401.0,1029.0,2405.0,1031.0
2.0,6848.0,3576.0,3433.0,3442.0,3585.0,3585.0,2403.0,1030.0,2504.0,1072.0
2.0,6714.0,3503.0,3436.0,3585.0,3512.0,3512.0,2405.0,1031.0,2452.0,1051.0
2.0,6796.0,3507.0,3437.0,3512.0,3510.0,3510.0,2406.0,1031.0,2455.0,1052.0
2.0,6801.0,3470.0,3437.0,3510.0,3470.0,3470.0,2406.0,1031.0,2429.0,1041.0
2.0,6841.0,3387.0,3435.0,3470.0,3381.0,3381.0,2405.0,1030.0,2371.0,1016.0
2.0,6924.0,3321.0,3433.0,3381.0,3315.0,3315.0,2403.0,1030.0,2325.0,996.0
2.0,6984.0,3450.0,3434.0,3315.0,3453.0,3453.0,2404.0,1030.0,2414.0,1036.0
2.0,6849.0,3525.0,3438.0,3453.0,3537.0,3537.0,2407.0,1031.0,2467.0,1058.0
2.0,6777.0,3539.0,3443.0,3537.0,3554.0,3554.0,2410.0,1033.0,2478.0,1061.0
2.0,6775.0,3473.0,3444.0,3554.0,3476.0,3476.0,2411.0,1033.0,2432.0,1041.0
2.0,6856.0,3396.0,3441.0,3476.0,3387.0,3387.0,2409.0,1032.0,2378.0,1018.0
2.0,6936.0,3351.0,3437.0,3387.0,3339.0,3339.0,2406.0,1031.0,2346.0,1005.0
2.0,6972.0,3395.0,3437.0,3339.0,3395.0,3395.0,2406.0,1031.0,2376.0,1019.0
2.0,6916.0,3371.0,3437.0,3395.0,3371.0,3371.0,2406.0,1031.0,2360.0,1011.0
2.0,6940.0,3538.0,3441.0,3371.0,3550.0,3550.0,2409.0,1032.0,2476.0,1062.0
2.0,6773.0,3523.0,3444.0,3550.0,3532.0,3532.0,2411.0,1033.0,2467.0,1056.0
2.0,6800.0,3491.0,3445.0,3532.0,3494.0,3494.0,2412.0,1033.0,2445.0,1046.0
2.0,6841.0,3527.0,3447.0,3494.0,3533.0,3533.0,2413.0,1034.0,2468.0,1059.0
2.0,6808.0,3368.0,3445.0,3533.0,3362.0,3362.0,2412.0,1033.0,2357.0,1011.0
2.0,6973.0,3438.0,3445.0,3362.0,3438.0,3438.0,2412.0,1033.0,2407.0,1031.0
2.0,6897.0,3391.0,3445.0,3438.0,3391.0,3391.0,2412.0,1033.0,2374.0,1017.0
2.0,6944.0,3530.0,3450.0,3391.0,3545.0,3545.0,2415.0,1035.0,2472.0,1058.0
2.0,6805.0,3487.0,3451.0,3545.0,3490.0,3490.0,2416.0,1035.0,2442.0,1045.0
2.0,6863.0,3559.0,3453.0,3490.0,3565.0,3565.0,2417.0,1036.0,2490.0,1069.0
2.0,6794.0,3429.0,3451.0,3565.0,3423.0,3423.0,2416.0,1035.0,2402.0,1027.0
2.0,6930.0,3402.0,3448.0,3423.0,3393.0,3393.0,2414.0,1034.0,2382.0,1020.0
2.0,6951.0,3405.0,3446.0,3393.0,3399.0,3399.0,2412.0,1034.0,2383.0,1022.0
2.0,6939.0,3477.0,3448.0,3399.0,3483.0,3483.0,2414.0,1034.0,2433.0,1044.0
2.0,6861.0,3507.0,3451.0,3483.0,3516.0,3516.0,2416.0,1035.0,2457.0,1050.0
2.0,6837.0,3589.0,3454.0,3516.0,3598.0,3598.0,2418.0,1036.0,2513.0,1076.0
2.0,6764.0,3519.0,3456.0,3598.0,3525.0,3525.0,2419.0,1037.0,2462.0,1057.0
2.0,6843.0,3544.0,3458.0,3525.0,3550.0,3550.0,2421.0,1037.0,2482.0,1062.0
2.0,6824.0,3451.0,3457.0,3550.0,3448.0,3448.0,2420.0,1037.0,2415.0,1036.0
2.0,6923.0,3436.0,3456.0,3448.0,3433.0,3433.0,2419.0,1037.0,2405.0,1031.0
2.0,6935.0,3512.0,3458.0,3433.0,3518.0,3518.0,2421.0,1037.0,2457.0,1055.0
2.0,6856.0,3563.0,3461.0,3518.0,3572.0,3572.0,2423.0,1038.0,2496.0,1067.0
2.0,6811.0,3524.0,3464.0,3572.0,3533.0,3533.0,2425.0,1039.0,2467.0,1057.0
2.0,6859.0,3488.0,3464.0,3533.0,3488.0,3488.0,2425.0,1039.0,2442.0,1046.0
2.0,6904.0,3462.0,3464.0,3488.0,3462.0,3462.0,2425.0,1039.0,2424.0,1038.0
2.0,6930.0,3397.0,3462.0,3462.0,3391.0,3391.0,2424.0,1038.0,2377.0,1020.0
2.0,6995.0,3438.0,3460.0,3391.0,3432.0,3432.0,2422.0,1038.0,2408.0,1030.0
2.0,6948.0,3460.0,3462.0,3432.0,3466.0,3466.0,2424.0,1038.0,2421.0,1039.0
2.0,6920.0,3542.0,3466.0,3466.0,3554.0,3554.0,2426.0,1040.0,2479.0,1063.0
2.0,6844.0,3587.0,3470.0,3554.0,3599.0,3599.0,2429.0,1041.0,2512.0,1075.0
2.0,6811.0,3518.0,3471.0,3599.0,3521.0,3521.0,2430.0,1041.0,2464.0,1054.0
2.0,6892.0,3520.0,3471.0,3521.0,3520.0,3520.0,2430.0,1041.0,2464.0,1056.0
2.0,6893.0,3414.0,3470.0,3520.0,3411.0,3411.0,2429.0,1041.0,2389.0,1025.0
2.0,6999.0,3414.0,3468.0,3411.0,3408.0,3408.0,2428.0,1040.0,2389.0,1025.0
2.0,6996.0,3477.0,3468.0,3408.0,3477.0,3477.0,2428.0,1040.0,2435.0,1042.0
2.0,6927.0,3497.0,3471.0,3477.0,3506.0,3506.0,2430.0,1041.0,2449.0,1048.0
2.0,6907.0,3593.0,3475.0,3506.0,3605.0,3605.0,2433.0,1042.0,2514.0,1079.0
2.0,6820.0,3475.0,3476.0,3605.0,3478.0,3478.0,2433.0,1043.0,2434.0,1041.0
2.0,6950.0,3454.0,3474.0,3478.0,3448.0,3448.0,2432.0,1042.0,2418.0,1036.0
2.0,6974.0,3420.0,3472.0,3448.0,3414.0,3414.0,2431.0,1041.0,2393.0,1027.0
2.0,7002.0,3424.0,3471.0,3414.0,3421.0,3421.0,2430.0,1041.0,2398.0,1026.0
2.0,6992.0,3536.0,3471.0,3421.0,3536.0,3536.0,2430.0,1041.0,2474.0,1062.0
2.0,6877.0,3513.0,3474.0,3536.0,3522.0,3522.0,2432.0,1042.0,2461.0,1052.0
2.0,6900.0,3616.0,3480.0,3522.0,3634.0,3634.0,2436.0,1044.0,2530.0,1086.0
2.0,6806.0,3457.0,3480.0,3634.0,3457.0,3457.0,2436.0,1044.0,2420.0,1037.0
2.0,6983.0,3534.0,3480.0,3457.0,3534.0,3534.0,2436.0,1044.0,2475.0,1059.0
2.0,6906.0,3415.0,3478.0,3534.0,3409.0,3409.0,2435.0,1043.0,2389.0,1026.0
2.0,7025.0,3428.0,3477.0,3409.0,3425.0,3425.0,2434.0,1043.0,2402.0,1026.0
2.0,7006.0,3408.0,3477.0,3425.0,3408.0,3408.0,2434.0,1043.0,2386.0,1022.0
2.0,7023.0,3500.0,3480.0,3408.0,3509.0,3509.0,2436.0,1044.0,2450.0,1050.0
2.0,6931.0,3571.0,3484.0,3509.0,3583.0,3583.0,2439.0,1045.0,2500.0,1071.0
2.0,6869.0,3539.0,3487.0,3583.0,3548.0,3548.0,2441.0,1046.0,2477.0,1062.0
2.0,6913.0,3480.0,3485.0,3548.0,3474.0,3474.0,2440.0,1045.0,2435.0,1045.0
2.0,6981.0,3434.0,3484.0,3474.0,3431.0,3431.0,2439.0,1045.0,2405.0,1029.0
2.0,7021.0,3378.0,3481.0,3431.0,3369.0,3369.0,2437.0,1044.0,2364.0,1014.0
2.0,7074.0,3471.0,3481.0,3369.0,3471.0,3471.0,2437.0,1044.0,2431.0,1040.0
2.0,6972.0,3602.0,3485.0,3471.0,3614.0,3614.0,2440.0,1045.0,2520.0,1082.0
2.0,6841.0,3524.0,3487.0,3614.0,3530.0,3530.0,2441.0,1046.0,2468.0,1056.0
2.0,6931.0,3500.0,3488.0,3530.0,3503.0,3503.0,2442.0,1046.0,2450.0,1050.0
2.0,6961.0,3449.0,3487.0,3503.0,3446.0,3446.0,2441.0,1046.0,2416.0,1033.0
2.0,7015.0,3420.0,3486.0,3446.0,3417.0,3417.0,2440.0,1046.0,2393.0,1027.0
2.0,7041.0,3462.0,3484.0,3417.0,3456.0,3456.0,2439.0,1045.0,2425.0,1037.0
2.0,6996.0,3536.0,3487.0,3456.0,3545.0,3545.0,2441.0,1046.0,2474.0,1062.0
2.0,6916.0,3539.0,3488.0,3545.0,3542.0,3542.0,2442.0,1046.0,2477.0,1062.0
2.0,6922.0,3574.0,3492.0,3542.0,3586.0,3586.0,2445.0,1047.0,2502.0,1072.0
2.0,6890.0,3523.0,3493.0,3586.0,3526.0,3526.0,2445.0,1048.0,2466.0,1057.0
2.0,6953.0,3461.0,3492.0,3526.0,3458.0,3458.0,2445.0,1047.0,2423.0,1038.0
2.0,7018.0,3441.0,3490.0,3458.0,3435.0,3435.0,2443.0,1047.0,2409.0,1032.0
2.0,7035.0,3493.0,3488.0,3435.0,3487.0,3487.0,2442.0,1046.0,2445.0,1048.0
2.0,6977.0,3525.0,3488.0,3487.0,3525.0,3525.0,2442.0,1046.0,2468.0,1057.0
2.0,6939.0,3540.0,3490.0,3525.0,3546.0,3546.0,2443.0,1047.0,2479.0,1061.0
2.0,6924.0,3580.0,3493.0,3546.0,3589.0,3589.0,2445.0,1048.0,2506.0,1074.0
2.0,6890.0,3448.0,3491.0,3589.0,3442.0,3442.0,2444.0,1047.0,2413.0,1035.0
2.0,7031.0,3454.0,3490.0,3442.0,3451.0,3451.0,2443.0,1047.0,2419.0,1035.0
2.0,7019.0,3449.0,3488.0,3451.0,3443.0,3443.0,2442.0,1046.0,2414.0,1035.0
2.0,7021.0,3394.0,3487.0,3443.0,3391.0,3391.0,2441.0,1046.0,2377.0,1017.0
2.0,7070.0,3515.0,3487.0,3391.0,3515.0,3515.0,2441.0,1046.0,2459.0,1056.0
2.0,6946.0,3644.0,3492.0,3515.0,3659.0,3659.0,2445.0,1047.0,2552.0,1092.0
2.0,6817.0,3550.0,3494.0,3659.0,3556.0,3556.0,2446.0,1048.0,2487.0,1063.0
2.0,6926.0,3493.0,3495.0,3556.0,3496.0,3496.0,2447.0,1048.0,2443.0,1050.0
2.0,6989.0,3522.0,3494.0,3496.0,3519.0,3519.0,2446.0,1048.0,2466.0,1056.0
2.0,6963.0,3412.0,3491.0,3519.0,3403.0,3403.0,2444.0,1047.0,2389.0,1023.0
2.0,7070.0,3441.0,3490.0,3403.0,3438.0,3438.0,2443.0,1047.0,2410.0,1031.0
2.0,7032.0,3515.0,3490.0,3438.0,3515.0,3515.0,2443.0,1047.0,2461.0,1054.0
2.0,6955.0,3576.0,3493.0,3515.0,3585.0,3585.0,2445.0,1048.0,2503.0,1073.0
2.0,6894.0,3600.0,3497.0,3585.0,3612.0,3612.0,2448.0,1049.0,2520.0,1080.0
2.0,6879.0,3589.0,3498.0,3612.0,3592.0,3592.0,2449.0,1049.0,2512.0,1077.0
2.0,6902.0,3574.0,3500.0,3592.0,3580.0,3580.0,2450.0,1050.0,2503.0,1071.0
2.0,6920.0,3507.0,3498.0,3580.0,3501.0,3501.0,2449.0,1049.0,2454.0,1053.0
2.0,6993.0,3428.0,3497.0,3501.0,3425.0,3425.0,2448.0,1049.0,2399.0,1029.0
2.0,7066.0,3514.0,3498.0,3425.0,3517.0,3517.0,2449.0,1049.0,2461.0,1053.0
2.0,6977.0,3577.0,3501.0,3517.0,3586.0,3586.0,2451.0,1050.0,2504.0,1073.0
2.0,6917.0,3652.0,3506.0,3586.0,3667.0,3667.0,2454.0,1052.0,2557.0,1095.0
2.0,6851.0,3595.0,3507.0,3667.0,3598.0,3598.0,2455.0,1052.0,2518.0,1077.0
2.0,6923.0,3481.0,3507.0,3598.0,3481.0,3481.0,2455.0,1052.0,2436.0,1045.0
2.0,7040.0,3474.0,3504.0,3481.0,3465.0,3465.0,2453.0,1051.0,2433.0,1041.0
2.0,7047.0,3460.0,3504.0,3465.0,3460.0,3460.0,2453.0,1051.0,2422.0,1038.0
2.0,7052.0,3584.0,3504.0,3460.0,3584.0,3584.0,2453.0,1051.0,2507.0,1077.0
2.0,6928.0,3645.0,3509.0,3584.0,3660.0,3660.0,2457.0,1052.0,2552.0,1093.0
2.0,6867.0,3600.0,3513.0,3660.0,3612.0,3612.0,2459.0,1054.0,2520.0,1080.0
2.0,6927.0,3532.0,3514.0,3612.0,3535.0,3535.0,2460.0,1054.0,2472.0,1060.0
2.0,7007.0,3481.0,3514.0,3535.0,3481.0,3481.0,2460.0,1054.0,2437.0,1044.0
2.0,7061.0,3447.0,3512.0,3481.0,3441.0,3441.0,2459.0,1053.0,2413.0,1034.0
2.0,7095.0,3480.0,3511.0,3441.0,3477.0,3477.0,2458.0,1053.0,2436.0,1044.0
2.0,7056.0,3516.0,3511.0,3477.0,3516.0,3516.0,2458.0,1053.0,2461.0,1055.0
2.0,7017.0,3584.0,3514.0,3516.0,3593.0,3593.0,2460.0,1054.0,2509.0,1075.0
2.0,6949.0,3599.0,3518.0,3593.0,3611.0,3611.0,2463.0,1055.0,2520.0,1079.0
2.0,6943.0,3593.0,3521.0,3611.0,3602.0,3602.0,2465.0,1056.0,2516.0,1077.0
2.0,6961.0,3494.0,3518.0,3602.0,3485.0,3485.0,2463.0,1055.0,2445.0,1049.0
2.0,7069.0,3485.0,3518.0,3485.0,3485.0,3485.0,2463.0,1055.0,2440.0,1045.0
2.0,7069.0,3511.0,3518.0,3485.0,3511.0,3511.0,2463.0,1055.0,2458.0,1053.0
2.0,7043.0,3547.0,3520.0,3511.0,3553.0,3553.0,2464.0,1056.0,2484.0,1063.0
2.0,7007.0,3652.0,3525.0,3553.0,3667.0,3667.0,2468.0,1057.0,2555.0,1097.0
2.0,6908.0,3544.0,3527.0,3667.0,3550.0,3550.0,2469.0,1058.0,2482.0,1062.0
2.0,7031.0,3586.0,3527.0,3550.0,3586.0,3586.0,2469.0,1058.0,2511.0,1075.0
2.0,6995.0,3527.0,3527.0,3586.0,3527.0,3527.0,2469.0,1058.0,2469.0,1058.0
2.0,7054.0,3459.0,3525.0,3527.0,3453.0,3453.0,2468.0,1057.0,2420.0,1039.0
2.0,7122.0,3399.0,3523.0,3453.0,3393.0,3393.0,2466.0,1057.0,2381.0,1018.0
2.0,7176.0,3533.0,3524.0,3393.0,3536.0,3536.0,2467.0,1057.0,2474.0,1059.0
2.0,7036.0,3652.0,3528.0,3536.0,3664.0,3664.0,2470.0,1058.0,2554.0,1098.0
2.0,6920.0,3640.0,3531.0,3664.0,3649.0,3649.0,2472.0,1059.0,2550.0,1090.0
2.0,6944.0,3557.0,3531.0,3649.0,3557.0,3557.0,2472.0,1059.0,2490.0,1067.0
2.0,7036.0,3514.0,3531.0,3557.0,3514.0,3514.0,2472.0,1059.0,2460.0,1054.0
2.0,7079.0,3431.0,3528.0,3514.0,3422.0,3422.0,2470.0,1058.0,2400.0,1031.0
2.0,7162.0,3498.0,3528.0,3422.0,3498.0,3498.0,2470.0,1058.0,2450.0,1048.0
2.0,7086.0,3627.0,3533.0,3498.0,3642.0,3642.0,2473.0,1060.0,2539.0,1088.0
2.0,6957.0,3630.0,3536.0,3642.0,3639.0,3639.0,2475.0,1061.0,2541.0,1089.0
2.0,6969.0,3610.0,3540.0,3639.0,3622.0,3622.0,2478.0,1062.0,2528.0,1082.0
2.0,6998.0,3590.0,3541.0,3622.0,3593.0,3593.0,2479.0,1062.0,2514.0,1076.0
2.0,7030.0,3502.0,3538.0,3593.0,3493.0,3493.0,2477.0,1061.0,2450.0,1052.0
2.0,7121.0,3459.0,3537.0,3493.0,3456.0,3456.0,2476.0,1061.0,2423.0,1036.0
2.0,7155.0,3485.0,3537.0,3456.0,3485.0,3485.0,2476.0,1061.0,2440.0,1045.0
2.0,7126.0,3547.0,3537.0,3485.0,3547.0,3547.0,2476.0,1061.0,2484.0,1063.0
2.0,7064.0,3609.0,3541.0,3547.0,3621.0,3621.0,2479.0,1062.0,2526.0,1083.0
2.0,7002.0,3564.0,3544.0,3621.0,3573.0,3573.0,2481.0,1063.0,2494.0,1070.0
2.0,7059.0,3588.0,3545.0,3573.0,3591.0,3591.0,2482.0,1063.0,2513.0,1075.0
2.0,7044.0,3564.0,3544.0,3591.0,3561.0,3561.0,2481.0,1063.0,2495.0,1069.0
2.0,7071.0,3480.0,3542.0,3561.0,3474.0,3474.0,2480.0,1062.0,2435.0,1045.0
2.0,7152.0,3518.0,3541.0,3474.0,3515.0,3515.0,2479.0,1062.0,2464.0,1054.0
2.0,7108.0,3572.0,3541.0,3515.0,3572.0,3572.0,2479.0,1062.0,2501.0,1071.0
2.0,7051.0,3599.0,3543.0,3572.0,3605.0,3605.0,2480.0,1063.0,2518.0,1081.0
2.0,7024.0,3670.0,3547.0,3605.0,3682.0,3682.0,2483.0,1064.0,2570.0,1100.0
2.0,6959.0,3557.0,3548.0,3682.0,3560.0,3560.0,2484.0,1064.0,2491.0,1066.0
2.0,7084.0,3532.0,3547.0,3560.0,3529.0,3529.0,2483.0,1064.0,2472.0,1060.0
2.0,7112.0,3545.0,3545.0,3529.0,3539.0,3539.0,2482.0,1063.0,2481.0,1064.0
2.0,7096.0,3464.0,3543.0,3539.0,3458.0,3458.0,2480.0,1063.0,2426.0,1038.0
2.0,7171.0,3567.0,3544.0,3458.0,3570.0,3570.0,2481.0,1063.0,2498.0,1069.0
2.0,7062.0,3590.0,3547.0,3570.0,3599.0,3599.0,2483.0,1064.0,2512.0,1078.0
2.0,7042.0,3672.0,3551.0,3599.0,3684.0,3684.0,2486.0,1065.0,2571.0,1101.0
2.0,6969.0,3618.0,3551.0,3684.0,3618.0,3618.0,2486.0,1065.0,2533.0,1085.0
2.0,7035.0,3491.0,3548.0,3618.0,3482.0,3482.0,2484.0,1064.0,2442.0,1049.0
2.0,7162.0,3527.0,3547.0,3482.0,3524.0,3524.0,2483.0,1064.0,2471.0,1056.0
2.0,7117.0,3480.0,3546.0,3524.0,3477.0,3477.0,2482.0,1064.0,2435.0,1045.0
2.0,7161.0,3541.0,3547.0,3477.0,3544.0,3544.0,2483.0,1064.0,2480.0,1061.0
2.0,7097.0,3647.0,3551.0,3544.0,3659.0,3659.0,2486.0,1065.0,2553.0,1094.0
2.0,6994.0,3613.0,3554.0,3659.0,3622.0,3622.0,2488.0,1066.0,2529.0,1084.0
2.0,7040.0,3597.0,3555.0,3622.0,3600.0,3600.0,2489.0,1066.0,2517.0,1080.0
2.0,7065.0,3539.0,3554.0,3600.0,3536.0,3536.0,2488.0,1066.0,2480.0,1059.0
2.0,7126.0,3478.0,3551.0,3536.0,3469.0,3469.0,2486.0,1065.0,2433.0,1045.0
2.0,7184.0,3598.0,3552.0,3469.0,3601.0,3601.0,2487.0,1065.0,2519.0,1079.0
2.0,7055.0,3546.0,3553.0,3601.0,3549.0,3549.0,2487.0,1066.0,2483.0,1063.0
2.0,7110.0,3644.0,3556.0,3549.0,3653.0,3653.0,2489.0,1067.0,2551.0,1093.0
2.0,7015.0,3649.0,3558.0,3653.0,3655.0,3655.0,2491.0,1067.0,2554.0,1095.0
2.0,7019.0,3637.0,3560.0,3655.0,3643.0,3643.0,2492.0,1068.0,2547.0,1090.0
2.0,7037.0,3525.0,3558.0,3643.0,3519.0,3519.0,2491.0,1067.0,2466.0,1059.0
2.0,7155.0,3520.0,3557.0,3519.0,3517.0,3517.0,2490.0,1067.0,2466.0,1054.0
2.0,7154.0,3564.0,3557.0,3517.0,3564.0,3564.0,2490.0,1067.0,2495.0,1069.0
2.0,7107.0,3591.0,3558.0,3564.0,3594.0,3594.0,2491.0,1067.0,2513.0,1078.0
2.0,7080.0,3598.0,3561.0,3594.0,3607.0,3607.0,2493.0,1068.0,2520.0,1078.0
2.0,7076.0,3671.0,3567.0,3607.0,3689.0,3689.0,2497.0,1070.0,2569.0,1102.0
2.0,7012.0,3499.0,3565.0,3689.0,3493.0,3493.0,2496.0,1069.0,2449.0,1050.0
2.0,7202.0,3491.0,3562.0,3493.0,3482.0,3482.0,2494.0,1068.0,2445.0,1046.0
2.0,7204.0,3468.0,3560.0,3482.0,3462.0,3462.0,2492.0,1068.0,2427.0,1041.0
2.0,7218.0,3462.0,3557.0,3462.0,3453.0,3453.0,2490.0,1067.0,2425.0,1037.0
2.0,7218.0,3544.0,3558.0,3453.0,3547.0,3547.0,2491.0,1067.0,2480.0,1064.0
2.0,7127.0,3569.0,3561.0,3547.0,3578.0,3578.0,2493.0,1068.0,2499.0,1070.0
2.0,7105.0,3697.0,3564.0,3578.0,3706.0,3706.0,2495.0,1069.0,2589.0,1108.0
2.0,6986.0,3574.0,3564.0,3706.0,3574.0,3574.0,2495.0,1069.0,2501.0,1073.0
2.0,7118.0,3594.0,3563.0,3574.0,3591.0,3591.0,2494.0,1069.0,2516.0,1078.0
2.0,7098.0,3454.0,3560.0,3591.0,3445.0,3445.0,2492.0,1068.0,2418.0,1036.0
2.0,7235.0,3502.0,3558.0,3445.0,3496.0,3496.0,2491.0,1067.0,2451.0,1051.0
2.0,7178.0,3597.0,3560.0,3496.0,3603.0,3603.0,2492.0,1068.0,2519.0,1078.0
2.0,7077.0,3629.0,3563.0,3603.0,3638.0,3638.0,2494.0,1069.0,2540.0,1089.0
2.0,7051.0,3666.0,3567.0,3638.0,3678.0,3678.0,2497.0,1070.0,2567.0,1099.0
2.0,7023.0,3676.0,3568.0,3678.0,3679.0,3679.0,2498.0,1070.0,2572.0,1104.0
2.0,7025.0,3505.0,3567.0,3679.0,3502.0,3502.0,2497.0,1070.0,2455.0,1050.0
2.0,7199.0,3513.0,3566.0,3502.0,3510.0,3510.0,2496.0,1070.0,2458.0,1055.0
2.0,7188.0,3510.0,3564.0,3510.0,3504.0,3504.0,2495.0,1069.0,2456.0,1054.0
2.0,7188.0,3607.0,3565.0,3504.0,3610.0,3610.0,2496.0,1069.0,2526.0,1081.0
2.0,7085.0,3684.0,3570.0,3610.0,3699.0,3699.0,2499.0,1071.0,2580.0,1104.0
2.0,7011.0,3629.0,3571.0,3699.0,3632.0,3632.0,2500.0,1071.0,2539.0,1090.0
2.0,7081.0,3626.0,3573.0,3632.0,3632.0,3632.0,2501.0,1072.0,2539.0,1087.0
2.0,7087.0,3560.0,3571.0,3632.0,3554.0,3554.0,2500.0,1071.0,2491.0,1069.0
2.0,7159.0,3504.0,3568.0,3554.0,3495.0,3495.0,2498.0,1070.0,2453.0,1051.0
2.0,7209.0,3567.0,3568.0,3495.0,3567.0,3567.0,2498.0,1070.0,2497.0,1070.0
2.0,7137.0,3596.0,3570.0,3567.0,3602.0,3602.0,2499.0,1071.0,2518.0,1078.0
2.0,7108.0,3669.0,3573.0,3602.0,3678.0,3678.0,2501.0,1072.0,2568.0,1101.0
2.0,7041.0,3644.0,3576.0,3678.0,3653.0,3653.0,2503.0,1073.0,2551.0,1093.0
2.0,7075.0,3607.0,3577.0,3653.0,3610.0,3610.0,2504.0,1073.0,2525.0,1082.0
2.0,7121.0,3583.0,3577.0,3610.0,3583.0,3583.0,2504.0,1073.0,2508.0,1075.0
2.0,7148.0,3557.0,3574.0,3583.0,3548.0,3548.0,2502.0,1072.0,2489.0,1068.0
2.0,7174.0,3567.0,3573.0,3548.0,3564.0,3564.0,2501.0,1072.0,2498.0,1069.0
2.0,7155.0,3590.0,3575.0,3564.0,3596.0,3596.0,2503.0,1072.0,2513.0,1077.0
2.0,7129.0,3633.0,3577.0,3596.0,3639.0,3639.0,2504.0,1073.0,2544.0,1089.0
2.0,7092.0,3639.0,3580.0,3639.0,3648.0,3648.0,2506.0,1074.0,2547.0,1092.0
2.0,7092.0,3624.0,3581.0,3648.0,3627.0,3627.0,2507.0,1074.0,2536.0,1088.0
2.0,7116.0,3592.0,3581.0,3627.0,3592.0,3592.0,2507.0,1074.0,2514.0,1078.0
2.0,7151.0,3489.0,3578.0,3592.0,3480.0,3480.0,2505.0,1073.0,2444.0,1045.0
2.0,7254.0,3571.0,3578.0,3480.0,3571.0,3571.0,2505.0,1073.0,2500.0,1071.0
2.0,7163.0,3590.0,3579.0,3571.0,3593.0,3593.0,2505.0,1074.0,2513.0,1077.0
2.0,7144.0,3650.0,3582.0,3593.0,3659.0,3659.0,2508.0,1074.0,2555.0,1095.0
2.0,7087.0,3611.0,3583.0,3659.0,3614.0,3614.0,2508.0,1075.0,2529.0,1082.0
2.0,7135.0,3573.0,3583.0,3614.0,3573.0,3573.0,2508.0,1075.0,2501.0,1072.0
2.0,7176.0,3590.0,3581.0,3573.0,3584.0,3584.0,2507.0,1074.0,2512.0,1078.0
2.0,7159.0,3515.0,3580.0,3584.0,3512.0,3512.0,2506.0,1074.0,2462.0,1053.0
2.0,7228.0,3521.0,3577.0,3512.0,3512.0,3512.0,2504.0,1073.0,2463.0,1058.0
2.0,7219.0,3513.0,3577.0,3512.0,3513.0,3513.0,2504.0,1073.0,2459.0,1054.0
2.0,7218.0,3667.0,3580.0,3513.0,3676.0,3676.0,2506.0,1074.0,2569.0,1098.0
2.0,7064.0,3680.0,3581.0,3676.0,3683.0,3683.0,2507.0,1074.0,2575.0,1105.0
2.0,7060.0,3693.0,3584.0,3683.0,3702.0,3702.0,2509.0,1075.0,2585.0,1108.0
2.0,7050.0,3637.0,3584.0,3702.0,3637.0,3637.0,2509.0,1075.0,2546.0,1091.0
2.0,7115.0,3554.0,3583.0,3637.0,3551.0,3551.0,2508.0,1075.0,2489.0,1065.0
2.0,7198.0,3523.0,3583.0,3551.0,3523.0,3523.0,2508.0,1075.0,2466.0,1057.0
2.0,7226.0,3577.0,3584.0,3523.0,3580.0,3580.0,2509.0,1075.0,2503.0,1074.0
2.0,7172.0,3676.0,3588.0,3580.0,3688.0,3688.0,2512.0,1076.0,2574.0,1102.0
2.0,7076.0,3759.0,3594.0,3688.0,3777.0,3777.0,2516.0,1078.0,2633.0,1126.0
2.0,7005.0,3657.0,3597.0,3777.0,3666.0,3666.0,2518.0,1079.0,2559.0,1098.0
2.0,7125.0,3615.0,3597.0,3666.0,3615.0,3615.0,2518.0,1079.0,2532.0,1083.0
2.0,7176.0,3500.0,3594.0,3615.0,3491.0,3491.0,2516.0,1078.0,2450.0,1050.0
2.0,7291.0,3608.0,3594.0,3491.0,3608.0,3608.0,2516.0,1078.0,2525.0,1083.0
2.0,7174.0,3607.0,3594.0,3608.0,3607.0,3607.0,2516.0,1078.0,2525.0,1082.0
2.0,7175.0,3683.0,3598.0,3607.0,3695.0,3695.0,2519.0,1079.0,2579.0,1104.0
2.0,7099.0,3689.0,3603.0,3695.0,3704.0,3704.0,2522.0,1081.0,2582.0,1107.0
2.0,7105.0,3587.0,3603.0,3704.0,3587.0,3587.0,2522.0,1081.0,2511.0,1076.0
2.0,7222.0,3627.0,3602.0,3587.0,3624.0,3624.0,2522.0,1080.0,2539.0,1088.0
2.0,7182.0,3608.0,3601.0,3624.0,3605.0,3605.0,2521.0,1080.0,2525.0,1083.0
2.0,7198.0,3541.0,3598.0,3605.0,3532.0,3532.0,2519.0,1079.0,2480.0,1061.0
2.0,7262.0,3610.0,3600.0,3532.0,3616.0,3616.0,2520.0,1080.0,2528.0,1082.0
2.0,7184.0,3673.0,3604.0,3616.0,3685.0,3685.0,2523.0,1081.0,2571.0,1102.0
2.0,7127.0,3729.0,3608.0,3685.0,3741.0,3741.0,2526.0,1082.0,2611.0,1118.0
2.0,7083.0,3628.0,3608.0,3741.0,3628.0,3628.0,2526.0,1082.0,2538.0,1090.0
2.0,7196.0,3621.0,3607.0,3628.0,3618.0,3618.0,2525.0,1082.0,2537.0,1084.0
2.0,7203.0,3526.0,3605.0,3618.0,3520.0,3520.0,2524.0,1081.0,2467.0,1059.0
2.0,7295.0,3544.0,3604.0,3520.0,3541.0,3541.0,2523.0,1081.0,2482.0,1062.0
2.0,7271.0,3606.0,3604.0,3541.0,3606.0,3606.0,2523.0,1081.0,2523.0,1083.0
2.0,7206.0,3668.0,3607.0,3606.0,3677.0,3677.0,2525.0,1082.0,2570.0,1098.0
2.0,7144.0,3666.0,3610.0,3677.0,3675.0,3675.0,2527.0,1083.0,2565.0,1101.0
2.0,7155.0,3615.0,3610.0,3675.0,3615.0,3615.0,2527.0,1083.0,2531.0,1084.0
2.0,7215.0,3571.0,3608.0,3615.0,3565.0,3565.0,2526.0,1082.0,2499.0,1072.0
2.0,7259.0,3572.0,3607.0,3565.0,3569.0,3569.0,2525.0,1082.0,2502.0,1070.0
2.0,7252.0,3660.0,3607.0,3569.0,3660.0,3660.0,2525.0,1082.0,2563.0,1097.0
2.0,7161.0,3574.0,3607.0,3660.0,3574.0,3574.0,2525.0,1082.0,2502.0,1072.0
2.0,7247.0,3609.0,3608.0,3574.0,3612.0,3612.0,2526.0,1082.0,2525.0,1084.0
2.0,7212.0,3688.0,3611.0,3612.0,3697.0,3697.0,2528.0,1083.0,2583.0,1105.0
2.0,7136.0,3732.0,3614.0,3697.0,3741.0,3741.0,2530.0,1084.0,2612.0,1120.0
2.0,7101.0,3574.0,3612.0,3741.0,3568.0,3568.0,2529.0,1083.0,2501.0,1073.0
2.0,7268.0,3578.0,3611.0,3568.0,3575.0,3575.0,2528.0,1083.0,2505.0,1073.0
2.0,7258.0,3575.0,3610.0,3575.0,3572.0,3572.0,2527.0,1083.0,2504.0,1071.0
2.0,7258.0,3610.0,3611.0,3572.0,3613.0,3613.0,2528.0,1083.0,2527.0,1083.0
2.0,7220.0,3707.0,3614.0,3613.0,3716.0,3716.0,2530.0,1084.0,2594.0,1113.0
2.0,7126.0,3663.0,3617.0,3716.0,3672.0,3672.0,2532.0,1085.0,2565.0,1098.0
2.0,7179.0,3699.0,3618.0,3672.0,3702.0,3702.0,2533.0,1085.0,2589.0,1110.0
2.0,7152.0,3612.0,3618.0,3702.0,3612.0,3612.0,2533.0,1085.0,2530.0,1082.0
2.0,7242.0,3628.0,3618.0,3612.0,3628.0,3628.0,2533.0,1085.0,2538.0,1090.0
2.0,7226.0,3575.0,3618.0,3628.0,3575.0,3575.0,2533.0,1085.0,2503.0,1072.0
2.0,7279.0,3647.0,3620.0,3575.0,3653.0,3653.0,2534.0,1086.0,2554.0,1093.0
2.0,7207.0,3720.0,3623.0,3653.0,3729.0,3729.0,2536.0,1087.0,2605.0,1115.0
2.0,7140.0,3750.0,3628.0,3729.0,3765.0,3765.0,2540.0,1088.0,2626.0,1124.0
2.0,7119.0,3689.0,3631.0,3765.0,3698.0,3698.0,2542.0,1089.0,2582.0,1107.0
2.0,7195.0,3561.0,3628.0,3698.0,3552.0,3552.0,2540.0,1088.0,2491.0,1070.0
2.0,7332.0,3615.0,3628.0,3552.0,3615.0,3615.0,2540.0,1088.0,2533.0,1082.0
2.0,7269.0,3567.0,3625.0,3615.0,3558.0,3558.0,2538.0,1087.0,2495.0,1072.0
2.0,7317.0,3641.0,3625.0,3558.0,3641.0,3641.0,2538.0,1087.0,2549.0,1092.0
2.0,7234.0,3704.0,3628.0,3641.0,3713.0,3713.0,2540.0,1088.0,2595.0,1109.0
2.0,7171.0,3746.0,3633.0,3713.0,3761.0,3761.0,2543.0,1090.0,2621.0,1125.0
2.0,7138.0,3661.0,3634.0,3761.0,3664.0,3664.0,2544.0,1090.0,2564.0,1097.0
2.0,7238.0,3580.0,3632.0,3664.0,3574.0,3574.0,2543.0,1089.0,2505.0,1075.0
2.0,7322.0,3574.0,3628.0,3574.0,3562.0,3562.0,2540.0,1088.0,2502.0,1072.0
2.0,7322.0,3566.0,3627.0,3562.0,3563.0,3563.0,2539.0,1088.0,2498.0,1068.0
2.0,7318.0,3684.0,3628.0,3563.0,3687.0,3687.0,2540.0,1088.0,2578.0,1106.0
2.0,7197.0,3699.0,3632.0,3687.0,3711.0,3711.0,2543.0,1089.0,2589.0,1110.0
2.0,7185.0,3753.0,3635.0,3711.0,3762.0,3762.0,2545.0,1090.0,2627.0,1126.0
2.0,7143.0,3671.0,3637.0,3762.0,3677.0,3677.0,2546.0,1091.0,2571.0,1100.0
2.0,7234.0,3571.0,3634.0,3677.0,3562.0,3562.0,2544.0,1090.0,2501.0,1070.0
2.0,7340.0,3542.0,3631.0,3562.0,3533.0,3533.0,2542.0,1089.0,2478.0,1064.0
2.0,7360.0,3637.0,3632.0,3533.0,3640.0,3640.0,2543.0,1089.0,2546.0,1091.0
2.0,7256.0,3641.0,3632.0,3640.0,3641.0,3641.0,2543.0,1089.0,2550.0,1091.0
2.0,7255.0,3694.0,3634.0,3641.0,3700.0,3700.0,2544.0,1090.0,2587.0,1107.0
2.0,7202.0,3697.0,3637.0,3700.0,3706.0,3706.0,2546.0,1091.0,2588.0,1109.0
2.0,7205.0,3683.0,3638.0,3706.0,3686.0,3686.0,2547.0,1091.0,2577.0,1106.0
2.0,7228.0,3592.0,3637.0,3686.0,3589.0,3589.0,2546.0,1091.0,2516.0,1076.0
2.0,7322.0,3561.0,3634.0,3589.0,3552.0,3552.0,2544.0,1090.0,2493.0,1068.0
2.0,7350.0,3592.0,3633.0,3552.0,3589.0,3589.0,2543.0,1090.0,2514.0,1078.0
2.0,7310.0,3712.0,3634.0,3589.0,3715.0,3715.0,2544.0,1090.0,2597.0,1115.0
2.0,7187.0,3719.0,3638.0,3715.0,3731.0,3731.0,2547.0,1091.0,2604.0,1115.0
2.0,7183.0,3724.0,3642.0,3731.0,3736.0,3736.0,2550.0,1092.0,2607.0,1117.0
2.0,7190.0,3688.0,3644.0,3736.0,3694.0,3694.0,2551.0,1093.0,2583.0,1105.0
2.0,7238.0,3651.0,3643.0,3694.0,3648.0,3648.0,2550.0,1093.0,2556.0,1095.0
2.0,7281.0,3591.0,3641.0,3648.0,3585.0,3585.0,2549.0,1092.0,2513.0,1078.0
2.0,7338.0,3612.0,3641.0,3585.0,3612.0,3612.0,2549.0,1092.0,2529.0,1083.0
2.0,7311.0,3643.0,3643.0,3612.0,3649.0,3649.0,2550.0,1093.0,2551.0,1092.0
2.0,7280.0,3730.0,3646.0,3649.0,3739.0,3739.0,2552.0,1094.0,2611.0,1119.0
2.0,7199.0,3687.0,3647.0,3739.0,3690.0,3690.0,2553.0,1094.0,2581.0,1106.0
2.0,7251.0,3687.0,3648.0,3690.0,3690.0,3690.0,2554.0,1094.0,2581.0,1106.0
2.0,7254.0,3623.0,3649.0,3690.0,3626.0,3626.0,2555.0,1094.0,2536.0,1087.0
2.0,7321.0,3610.0,3647.0,3626.0,3604.0,3604.0,2553.0,1094.0,2528.0,1082.0
2.0,7337.0,3601.0,3645.0,3604.0,3595.0,3595.0,2552.0,1093.0,2519.0,1082.0
2.0,7340.0,3710.0,3648.0,3595.0,3719.0,3719.0,2554.0,1094.0,2599.0,1111.0
2.0,7225.0,3683.0,3650.0,3719.0,3689.0,3689.0,2555.0,1095.0,2577.0,1106.0
2.0,7261.0,3693.0,3651.0,3689.0,3696.0,3696.0,2556.0,1095.0,2585.0,1108.0
2.0,7257.0,3744.0,3654.0,3696.0,3753.0,3753.0,2558.0,1096.0,2623.0,1121.0
2.0,7209.0,3634.0,3653.0,3753.0,3631.0,3631.0,2557.0,1096.0,2543.0,1091.0
2.0,7328.0,3651.0,3653.0,3631.0,3651.0,3651.0,2557.0,1096.0,2556.0,1095.0
2.0,7308.0,3584.0,3651.0,3651.0,3578.0,3578.0,2556.0,1095.0,2509.0,1075.0
2.0,7375.0,3650.0,3651.0,3578.0,3650.0,3650.0,2556.0,1095.0,2554.0,1096.0
2.0,7303.0,3751.0,3654.0,3650.0,3760.0,3760.0,2558.0,1096.0,2627.0,1124.0
2.0,7202.0,3706.0,3696.482542605779,3760.0,3833.0,3833.0,2585.0819349806297,1111.4006076251494,2594.0,1112.0
2.0,7256.0,3757.0,3636.400928390778,3833.0,3577.0,3577.0,2542.282324029853,1094.1186043609252,2629.0,1128.0
2.0,7332.0,3644.0,3592.004207084342,3577.0,3511.0,3511.0,2511.658671385264,1080.345535699078,2553.0,1091.0
2.0,7265.0,3584.0,3623.81393045167,3511.0,3680.0,3680.0,2533.448113890911,1090.365816560759,2509.0,1075.0
2.0,7192.0,3638.0,3684.244579351721,3680.0,3818.0,3818.0,2576.37213650911,1107.872442842611,2546.0,1092.0
2.0,7234.0,3697.0,3743.7594170986554,3818.0,3877.0,3877.0,2616.9555948110456,1126.8038222876098,2588.0,1109.0
2.0,7355.0,3720.0,3750.367955510451,3877.0,3739.0,3739.0,2623.4339049914543,1126.9340505189969,2605.0,1115.0
2.0,7512.0,3716.0,3700.760489109877,3739.0,3568.0,3568.0,2589.214298135899,1111.5461909739784,2601.0,1115.0
2.0,7535.0,3671.0,3640.154513271541,3568.0,3488.0,3488.0,2545.403431913445,1094.7510813580961,2570.0,1101.0
2.0,7432.0,3617.0,3601.4911525973002,3488.0,3501.0,3501.0,2518.7055682759305,1082.7855843213697,2531.0,1086.0
2.0,7303.0,3585.0,3625.9942638532166,3501.0,3659.0,3659.0,2536.0240955501017,1089.9701683031149,2510.0,1075.0
2.0,7219.0,3660.0,3692.7783348182757,3659.0,3861.0,3861.0,2583.245855744076,1109.5324790741997,2562.0,1098.0
2.0,7218.0,3685.0,3743.320017108404,3861.0,3836.0,3836.0,2618.6565646694544,1124.6634524389497,2579.0,1106.0
2.0,7394.0,3714.0,3747.7958830860734,3836.0,3728.0,3728.0,2619.795363058687,1128.0005200273863,2601.0,1113.0
2.0,7516.0,3713.0,3696.632107715016,3728.0,3559.0,3559.0,2584.468069194133,1112.164038520883,2599.0,1114.0
2.0,7531.0,3726.0,3644.02693420773,3559.0,3568.0,3568.0,2546.54837471564,1097.47855949209,2609.0,1117.0
2.0,7364.0,3639.0,3611.2922423386544,3568.0,3541.0,3541.0,2524.5024410540127,1086.789801284642,2547.0,1092.0
2.0,7293.0,3598.0,3637.3914483949757,3541.0,3676.0,3676.0,2544.4017064062236,1092.9897419887518,2519.0,1079.0
2.0,7236.0,3632.0,3697.4431906649997,3676.0,3812.0,3812.0,2586.456997050663,1110.9861936143366,2543.0,1089.0
2.0,7280.0,3676.0,3744.854820699701,3812.0,3819.0,3819.0,2618.6024328990575,1126.2523878006434,2572.0,1104.0
2.0,7416.0,3713.0,3754.550245934617,3819.0,3742.0,3742.0,2625.4089190533423,1129.141326881275,2599.0,1114.0
2.0,7522.0,3759.0,3708.8676707006507,3742.0,3622.0,3622.0,2593.3894521340585,1115.478218566592,2633.0,1126.0
2.0,7505.0,3753.0,3653.867549525329,3622.0,3588.0,3588.0,2554.8469545411235,1099.0205949842054,2626.0,1127.0
2.0,7374.0,3675.0,3627.136434082515,3588.0,3594.0,3594.0,2536.19876276046,1090.9376713220552,2573.0,1102.0
2.0,7287.0,3612.0,3633.3888833735846,3594.0,3631.0,3631.0,2541.097755688415,1092.2911276851696,2530.0,1082.0
2.0,7269.0,3670.0,3702.2032796693807,3631.0,3876.0,3876.0,2588.51237935703,1113.6909003123505,2569.0,1101.0
2.0,7230.0,3664.0,3746.571093091148,3876.0,3798.0,3798.0,2620.2266906926006,1126.3444023985476,2564.0,1100.0
2.0,7442.0,3760.0,3771.835601946278,3798.0,3836.0,3836.0,2637.407586501763,1134.428015444515,2632.0,1128.0
2.0,7480.0,3763.0,3730.7475316314394,3836.0,3639.0,3639.0,2608.972800572969,1121.7747310584707,2634.0,1129.0
2.0,7553.0,3743.0,3668.375583574415,3639.0,3556.0,3556.0,2563.6015073594,1104.774076215015,2621.0,1122.0
2.0,7449.0,3632.0,3633.599936181372,3556.0,3528.0,3528.0,2540.492911863651,1093.1070243177207,2542.0,1090.0
2.0,7373.0,3567.0,3644.663567414783,3528.0,3600.0,3600.0,2550.6510483383026,1094.0125190764804,2497.0,1070.0
2.0,7334.0,3688.0,3705.563410616241,3600.0,3871.0,3871.0,2591.213619021517,1114.3497915947241,2582.0,1106.0
2.0,7246.0,3688.0,3763.471513620724,3871.0,3861.0,3861.0,2632.264255829693,1131.2072577910315,2582.0,1106.0
2.0,7429.0,3721.0,3777.1124717906596,3861.0,3762.0,3762.0,2641.3339171650773,1135.7785546255823,2605.0,1116.0
2.0,7569.0,3737.0,3729.4598394444,3762.0,3594.0,3594.0,2607.673875058046,1121.7859643863537,2618.0,1119.0
2.0,7594.0,3698.0,3663.1186505879723,3594.0,3499.0,3499.0,2559.7189154373946,1103.399735150578,2587.0,1111.0
2.0,7490.0,3624.0,3633.585786028768,3499.0,3536.0,3536.0,2540.7160911609253,1092.8696948678428,2538.0,1086.0
2.0,7365.0,3618.0,3653.2727652990015,3536.0,3677.0,3677.0,2555.4998534303513,1097.7729118686502,2532.0,1086.0
2.0,7283.0,3648.0,3715.862503222532,3677.0,3836.0,3836.0,2598.635121981807,1117.2273812407245,2554.0,1094.0
2.0,7312.0,3715.0,3766.5759175278936,3836.0,3867.0,3867.0,2634.507931386184,1132.0679861417098,2602.0,1113.0
2.0,7433.0,3789.0,3778.2876143937383,3867.0,3824.0,3824.0,2641.4622558402334,1136.8253585535049,2652.0,1137.0
2.0,7511.0,3767.0,3731.707203135607,3824.0,3627.0,3627.0,2609.343970510825,1122.363232624782,2637.0,1130.0
2.0,7568.0,3766.0,3671.3624738413146,3627.0,3585.0,3585.0,2565.2966374864804,1106.0658363548341,2637.0,1129.0
2.0,7429.0,3700.0,3641.546831453208,3585.0,3611.0,3611.0,2546.4652812632075,1095.0815501900008,2590.0,1110.0
2.0,7314.0,3572.0,3660.172473230361,3611.0,3627.0,3627.0,2561.2965907943735,1098.8758824359875,2500.0,1072.0
2.0,7353.0,3698.0,3722.483278716005,3627.0,3885.0,3885.0,2602.0709152135687,1120.4123635024364,2591.0,1107.0
2.0,7282.0,3703.0,3780.441184561465,3885.0,3877.0,3877.0,2643.367328540245,1137.07385602122,2590.0,1113.0
2.0,7464.0,3792.0,3794.789752327742,3877.0,3836.0,3836.0,2653.5078104068525,1141.2819419208895,2654.0,1138.0
2.0,7549.0,3790.0,3742.828596071321,3836.0,3634.0,3634.0,2615.6786740808375,1127.1499219904836,2654.0,1136.0
