id,inv,demand,forecast,received_shipment,order,Order_Supplier_0,Order_Supplier_1,Order_Supplier_2,Forecast_Retailer_0,Forecast_Retailer_1,Forecast_Retailer_2,Demand_Retailer_0,Demand_Retailer_1,Demand_Retailer_2,Inv_Product_0,Inv_Product_1,Inv_Product_2,Order_Product_0,Order_Product_1,Order_Product_2,Forecast_Product_0,Forecast_Product_1,Forecast_Product_2
0.0,0.0,789.0,789.0,0.0,3156.0,1052.0,1052.0,1052.0,263.0,263.0,263.0,263.0,263.0,263.0,0.0,0.0,0.0,1052.0,1052.0,1052.0,263.0,263.0,263.0
0.0,0.0,678.0,732.0,0.0,2928.0,976.0,976.0,976.0,244.0,244.0,244.0,226.0,226.0,226.0,0.0,0.0,0.0,976.0,976.0,976.0,244.0,244.0,244.0
0.0,0.0,732.0,732.0,0.0,2928.0,976.0,976.0,976.0,244.0,244.0,244.0,244.0,244.0,244.0,0.0,0.0,0.0,976.0,976.0,976.0,244.0,244.0,244.0
0.0,0.0,675.0,720.0,0.0,2880.0,960.0,960.0,960.0,240.0,240.0,240.0,225.0,225.0,225.0,0.0,0.0,0.0,960.0,960.0,960.0,240.0,240.0,240.0
0.0,0.0,828.0,741.0,9012.0,0.0,0.0,0.0,0.0,247.0,247.0,247.0,276.0,276.0,276.0,0.0,0.0,0.0,0.0,0.0,0.0,247.0,247.0,247.0
0.0,5310.0,783.0,747.0,2880.0,0.0,0.0,0.0,0.0,249.0,249.0,249.0,261.0,261.0,261.0,1770.0,1770.0,1770.0,0.0,0.0,0.0,249.0,249.0,249.0
0.0,7407.0,717.0,744.0,0.0,0.0,0.0,0.0,0.0,248.0,248.0,248.0,239.0,239.0,239.0,2469.0,2469.0,2469.0,0.0,0.0,0.0,248.0,248.0,248.0
0.0,6690.0,723.0,741.0,0.0,0.0,0.0,0.0,0.0,247.0,247.0,247.0,241.0,241.0,241.0,2230.0,2230.0,2230.0,0.0,0.0,0.0,247.0,247.0,247.0
0.0,5967.0,694.0,735.0,0.0,0.0,0.0,0.0,0.0,245.0,245.0,245.0,231.0,231.0,232.0,1989.0,1989.0,1989.0,0.0,0.0,0.0,245.0,245.0,245.0
0.0,5273.0,822.0,744.0,0.0,0.0,0.0,0.0,0.0,248.0,248.0,248.0,274.0,274.0,274.0,1758.0,1758.0,1757.0,0.0,0.0,0.0,248.0,248.0,248.0
0.0,4451.0,687.0,738.0,0.0,0.0,0.0,0.0,0.0,246.0,246.0,246.0,229.0,229.0,229.0,1484.0,1484.0,1483.0,0.0,0.0,0.0,246.0,246.0,246.0
0.0,3764.0,717.0,738.0,0.0,0.0,0.0,0.0,0.0,246.0,246.0,246.0,239.0,239.0,239.0,1255.0,1255.0,1254.0,0.0,0.0,0.0,246.0,246.0,246.0
0.0,3047.0,561.0,723.0,0.0,406.0,135.0,135.0,136.0,241.0,241.0,241.0,187.0,187.0,187.0,1016.0,1016.0,1015.0,135.0,135.0,136.0,241.0,241.0,241.0
0.0,2486.0,723.0,723.0,0.0,1129.0,376.0,376.0,377.0,241.0,241.0,241.0,241.0,241.0,241.0,829.0,829.0,828.0,376.0,376.0,377.0,241.0,241.0,241.0
0.0,1763.0,804.0,729.0,406.0,1551.0,517.0,517.0,517.0,243.0,243.0,243.0,268.0,268.0,268.0,588.0,588.0,587.0,517.0,517.0,517.0,243.0,243.0,243.0
0.0,1365.0,733.0,729.0,1129.0,1155.0,385.0,385.0,385.0,243.0,243.0,243.0,244.0,244.0,245.0,455.0,455.0,455.0,385.0,385.0,385.0,243.0,243.0,243.0
0.0,1761.0,753.0,730.0,1551.0,361.0,119.0,119.0,123.0,243.0,243.0,244.0,251.0,251.0,251.0,587.0,587.0,587.0,119.0,119.0,123.0,243.0,243.0,244.0
0.0,2559.0,745.0,732.0,1155.0,0.0,0.0,0.0,0.0,244.0,244.0,244.0,248.0,248.0,249.0,853.0,853.0,853.0,0.0,0.0,0.0,244.0,244.0,244.0
0.0,2969.0,750.0,732.0,361.0,348.0,117.0,117.0,114.0,244.0,244.0,244.0,250.0,250.0,250.0,990.0,990.0,989.0,117.0,117.0,114.0,244.0,244.0,244.0
0.0,2580.0,813.0,736.0,0.0,1177.0,392.0,392.0,393.0,245.0,245.0,246.0,271.0,271.0,271.0,859.0,859.0,862.0,392.0,392.0,393.0,245.0,245.0,246.0
0.0,1767.0,783.0,738.0,348.0,1620.0,540.0,540.0,540.0,246.0,246.0,246.0,261.0,261.0,261.0,588.0,588.0,591.0,540.0,540.0,540.0,246.0,246.0,246.0
0.0,1332.0,837.0,744.0,1177.0,1304.0,435.0,435.0,434.0,248.0,248.0,248.0,279.0,279.0,279.0,444.0,444.0,444.0,435.0,435.0,434.0,248.0,248.0,248.0
0.0,1672.0,675.0,741.0,1620.0,347.0,116.0,116.0,115.0,247.0,247.0,247.0,225.0,225.0,225.0,557.0,557.0,558.0,116.0,116.0,115.0,247.0,247.0,247.0
0.0,2617.0,693.0,738.0,1304.0,0.0,0.0,0.0,0.0,246.0,246.0,246.0,231.0,231.0,231.0,872.0,872.0,873.0,0.0,0.0,0.0,246.0,246.0,246.0
0.0,3228.0,816.0,741.0,347.0,205.0,68.0,68.0,69.0,247.0,247.0,247.0,272.0,272.0,272.0,1076.0,1076.0,1076.0,68.0,68.0,69.0,247.0,247.0,247.0
0.0,2759.0,696.0,739.0,0.0,893.0,296.0,296.0,301.0,246.0,246.0,247.0,232.0,232.0,232.0,920.0,920.0,919.0,296.0,296.0,301.0,246.0,246.0,247.0
0.0,2063.0,774.0,741.0,205.0,1470.0,490.0,490.0,490.0,247.0,247.0,247.0,258.0,258.0,258.0,688.0,688.0,687.0,490.0,490.0,490.0,247.0,247.0,247.0
0.0,1494.0,754.0,741.0,893.0,1331.0,445.0,445.0,441.0,247.0,247.0,247.0,251.0,251.0,252.0,498.0,498.0,498.0,445.0,445.0,441.0,247.0,247.0,247.0
0.0,1633.0,726.0,741.0,1470.0,587.0,197.0,197.0,193.0,247.0,247.0,247.0,242.0,242.0,242.0,543.0,543.0,547.0,197.0,197.0,193.0,247.0,247.0,247.0
0.0,2377.0,849.0,744.0,1331.0,117.0,39.0,39.0,39.0,248.0,248.0,248.0,283.0,283.0,283.0,791.0,791.0,795.0,39.0,39.0,39.0,248.0,248.0,248.0
0.0,2859.0,687.0,742.0,587.0,209.0,67.0,67.0,75.0,247.0,247.0,248.0,229.0,229.0,229.0,953.0,953.0,953.0,67.0,67.0,75.0,247.0,247.0,248.0
0.0,2759.0,798.0,744.0,117.0,898.0,298.0,298.0,302.0,248.0,248.0,248.0,266.0,266.0,266.0,921.0,921.0,917.0,298.0,298.0,302.0,248.0,248.0,248.0
0.0,2078.0,696.0,744.0,209.0,1385.0,463.0,463.0,459.0,248.0,248.0,248.0,232.0,232.0,232.0,694.0,694.0,690.0,463.0,463.0,459.0,248.0,248.0,248.0
0.0,1591.0,684.0,741.0,898.0,1159.0,389.0,389.0,381.0,247.0,247.0,247.0,228.0,228.0,228.0,529.0,529.0,533.0,389.0,389.0,381.0,247.0,247.0,247.0
0.0,1805.0,750.0,741.0,1385.0,524.0,176.0,176.0,172.0,247.0,247.0,247.0,250.0,250.0,250.0,599.0,599.0,607.0,176.0,176.0,172.0,247.0,247.0,247.0
0.0,2440.0,792.0,744.0,1159.0,169.0,55.0,55.0,59.0,248.0,248.0,248.0,264.0,264.0,264.0,812.0,812.0,816.0,55.0,55.0,59.0,248.0,248.0,248.0
0.0,2807.0,696.0,741.0,524.0,329.0,107.0,107.0,115.0,247.0,247.0,247.0,232.0,232.0,232.0,937.0,937.0,933.0,107.0,107.0,115.0,247.0,247.0,247.0
0.0,2635.0,765.0,741.0,169.0,925.0,307.0,307.0,311.0,247.0,247.0,247.0,255.0,255.0,255.0,881.0,881.0,873.0,307.0,307.0,311.0,247.0,247.0,247.0
0.0,2039.0,648.0,741.0,329.0,1244.0,416.0,416.0,412.0,247.0,247.0,247.0,216.0,216.0,216.0,681.0,681.0,677.0,416.0,416.0,412.0,247.0,247.0,247.0
0.0,1720.0,705.0,738.0,925.0,1012.0,340.0,340.0,332.0,246.0,246.0,246.0,235.0,235.0,235.0,572.0,572.0,576.0,340.0,340.0,332.0,246.0,246.0,246.0
0.0,1940.0,645.0,736.0,1244.0,405.0,135.0,135.0,135.0,245.0,245.0,246.0,215.0,215.0,215.0,644.0,644.0,652.0,135.0,135.0,135.0,245.0,245.0,246.0
0.0,2539.0,628.0,735.0,1012.0,17.0,4.0,4.0,9.0,245.0,245.0,245.0,209.0,209.0,210.0,845.0,845.0,849.0,4.0,4.0,9.0,245.0,245.0,245.0
0.0,2923.0,681.0,732.0,405.0,281.0,92.0,92.0,97.0,244.0,244.0,244.0,227.0,227.0,227.0,976.0,976.0,971.0,92.0,92.0,97.0,244.0,244.0,244.0
0.0,2647.0,787.0,735.0,17.0,1063.0,354.0,354.0,355.0,245.0,245.0,245.0,262.0,262.0,263.0,884.0,884.0,879.0,354.0,354.0,355.0,245.0,245.0,245.0
0.0,1877.0,666.0,732.0,281.0,1436.0,480.0,480.0,476.0,244.0,244.0,244.0,222.0,222.0,222.0,626.0,626.0,625.0,480.0,480.0,476.0,244.0,244.0,244.0
0.0,1492.0,753.0,732.0,1063.0,1126.0,377.0,377.0,372.0,244.0,244.0,244.0,251.0,251.0,251.0,496.0,496.0,500.0,377.0,377.0,372.0,244.0,244.0,244.0
0.0,1802.0,684.0,732.0,1436.0,374.0,125.0,125.0,124.0,244.0,244.0,244.0,228.0,228.0,228.0,599.0,599.0,604.0,125.0,125.0,124.0,244.0,244.0,244.0
0.0,2554.0,765.0,732.0,1126.0,13.0,3.0,3.0,7.0,244.0,244.0,244.0,255.0,255.0,255.0,851.0,851.0,852.0,3.0,3.0,7.0,244.0,244.0,244.0
0.0,2915.0,882.0,735.0,374.0,533.0,176.0,176.0,181.0,245.0,245.0,245.0,294.0,294.0,294.0,973.0,973.0,969.0,176.0,176.0,181.0,245.0,245.0,245.0
0.0,2407.0,603.0,732.0,13.0,1111.0,370.0,370.0,371.0,244.0,244.0,244.0,201.0,201.0,201.0,804.0,804.0,799.0,370.0,370.0,371.0,244.0,244.0,244.0
0.0,1817.0,654.0,732.0,533.0,1232.0,412.0,412.0,408.0,244.0,244.0,244.0,218.0,218.0,218.0,606.0,606.0,605.0,412.0,412.0,408.0,244.0,244.0,244.0
0.0,1696.0,675.0,730.0,1111.0,788.0,263.0,263.0,262.0,243.0,243.0,244.0,225.0,225.0,225.0,564.0,564.0,568.0,263.0,263.0,262.0,243.0,243.0,244.0
0.0,2132.0,813.0,732.0,1232.0,377.0,126.0,126.0,125.0,244.0,244.0,244.0,271.0,271.0,271.0,709.0,709.0,714.0,126.0,126.0,125.0,244.0,244.0,244.0
0.0,2551.0,795.0,732.0,788.0,384.0,128.0,128.0,128.0,244.0,244.0,244.0,265.0,265.0,265.0,850.0,850.0,851.0,128.0,128.0,128.0,244.0,244.0,244.0
0.0,2544.0,834.0,735.0,377.0,853.0,284.0,284.0,285.0,245.0,245.0,245.0,278.0,278.0,278.0,848.0,848.0,848.0,284.0,284.0,285.0,245.0,245.0,245.0
0.0,2087.0,867.0,738.0,384.0,1348.0,449.0,449.0,450.0,246.0,246.0,246.0,289.0,289.0,289.0,696.0,696.0,695.0,449.0,449.0,450.0,246.0,246.0,246.0
0.0,1604.0,900.0,741.0,853.0,1407.0,469.0,469.0,469.0,247.0,247.0,247.0,300.0,300.0,300.0,535.0,535.0,534.0,469.0,469.0,469.0,247.0,247.0,247.0
0.0,1557.0,807.0,741.0,1348.0,866.0,289.0,289.0,288.0,247.0,247.0,247.0,269.0,269.0,269.0,519.0,519.0,519.0,289.0,289.0,288.0,247.0,247.0,247.0
0.0,2098.0,750.0,741.0,1407.0,209.0,70.0,70.0,69.0,247.0,247.0,247.0,250.0,250.0,250.0,699.0,699.0,700.0,70.0,70.0,69.0,247.0,247.0,247.0
0.0,2755.0,690.0,741.0,866.0,33.0,11.0,11.0,11.0,247.0,247.0,247.0,230.0,230.0,230.0,918.0,918.0,919.0,11.0,11.0,11.0,247.0,247.0,247.0
0.0,2931.0,771.0,741.0,209.0,595.0,198.0,198.0,199.0,247.0,247.0,247.0,257.0,257.0,257.0,977.0,977.0,977.0,198.0,198.0,199.0,247.0,247.0,247.0
0.0,2369.0,778.0,741.0,33.0,1340.0,446.0,446.0,448.0,247.0,247.0,247.0,259.0,259.0,260.0,790.0,790.0,789.0,446.0,446.0,448.0,247.0,247.0,247.0
0.0,1624.0,804.0,744.0,595.0,1561.0,520.0,520.0,521.0,248.0,248.0,248.0,268.0,268.0,268.0,542.0,542.0,540.0,520.0,520.0,521.0,248.0,248.0,248.0
0.0,1415.0,838.0,747.0,1340.0,1071.0,357.0,357.0,357.0,249.0,249.0,249.0,279.0,279.0,280.0,472.0,472.0,471.0,357.0,357.0,357.0,249.0,249.0,249.0
0.0,1917.0,883.0,753.0,1561.0,417.0,139.0,139.0,139.0,251.0,251.0,251.0,294.0,294.0,295.0,639.0,639.0,639.0,139.0,139.0,139.0,251.0,251.0,251.0
0.0,2595.0,930.0,756.0,1071.0,288.0,96.0,96.0,96.0,252.0,252.0,252.0,310.0,310.0,310.0,865.0,865.0,865.0,96.0,96.0,96.0,252.0,252.0,252.0
0.0,2736.0,870.0,756.0,417.0,741.0,247.0,247.0,247.0,252.0,252.0,252.0,290.0,290.0,290.0,912.0,912.0,912.0,247.0,247.0,247.0,252.0,252.0,252.0
0.0,2283.0,912.0,760.0,288.0,1381.0,459.0,459.0,463.0,253.0,253.0,254.0,304.0,304.0,304.0,761.0,761.0,761.0,459.0,459.0,463.0,253.0,253.0,254.0
0.0,1659.0,669.0,759.0,741.0,1305.0,435.0,435.0,435.0,253.0,253.0,253.0,223.0,223.0,223.0,553.0,553.0,553.0,435.0,435.0,435.0,253.0,253.0,253.0
0.0,1731.0,783.0,759.0,1381.0,707.0,237.0,237.0,233.0,253.0,253.0,253.0,261.0,261.0,261.0,577.0,577.0,577.0,237.0,237.0,233.0,253.0,253.0,253.0
0.0,2329.0,942.0,763.0,1305.0,360.0,120.0,120.0,120.0,254.0,254.0,255.0,314.0,314.0,314.0,775.0,775.0,779.0,120.0,120.0,120.0,254.0,254.0,255.0
0.0,2692.0,861.0,765.0,707.0,522.0,174.0,174.0,174.0,255.0,255.0,255.0,287.0,287.0,287.0,896.0,896.0,900.0,174.0,174.0,174.0,255.0,255.0,255.0
0.0,2538.0,699.0,762.0,360.0,849.0,283.0,283.0,283.0,254.0,254.0,254.0,233.0,233.0,233.0,846.0,846.0,846.0,283.0,283.0,283.0,254.0,254.0,254.0
0.0,2199.0,873.0,763.0,522.0,1204.0,400.0,400.0,404.0,254.0,254.0,255.0,291.0,291.0,291.0,733.0,733.0,733.0,400.0,400.0,404.0,254.0,254.0,255.0
0.0,1848.0,808.0,765.0,849.0,1171.0,390.0,390.0,391.0,255.0,255.0,255.0,269.0,269.0,270.0,616.0,616.0,616.0,390.0,390.0,391.0,255.0,255.0,255.0
0.0,1889.0,822.0,768.0,1204.0,801.0,268.0,268.0,265.0,256.0,256.0,256.0,274.0,274.0,274.0,630.0,630.0,629.0,268.0,268.0,265.0,256.0,256.0,256.0
0.0,2271.0,915.0,771.0,1171.0,557.0,187.0,187.0,183.0,257.0,257.0,257.0,305.0,305.0,305.0,756.0,756.0,759.0,187.0,187.0,183.0,257.0,257.0,257.0
0.0,2527.0,738.0,771.0,801.0,494.0,165.0,165.0,164.0,257.0,257.0,257.0,246.0,246.0,246.0,841.0,841.0,845.0,165.0,165.0,164.0,257.0,257.0,257.0
0.0,2590.0,921.0,774.0,557.0,870.0,289.0,289.0,292.0,258.0,258.0,258.0,307.0,307.0,307.0,863.0,863.0,864.0,289.0,289.0,292.0,258.0,258.0,258.0
0.0,2226.0,712.0,774.0,494.0,1088.0,361.0,361.0,366.0,258.0,258.0,258.0,237.0,237.0,238.0,743.0,743.0,740.0,361.0,361.0,366.0,258.0,258.0,258.0
0.0,2008.0,901.0,777.0,870.0,1131.0,376.0,376.0,379.0,259.0,259.0,259.0,300.0,300.0,301.0,671.0,671.0,666.0,376.0,376.0,379.0,259.0,259.0,259.0
0.0,1977.0,546.0,771.0,1088.0,565.0,189.0,189.0,187.0,257.0,257.0,257.0,182.0,182.0,182.0,660.0,660.0,657.0,189.0,189.0,187.0,257.0,257.0,257.0
0.0,2519.0,849.0,774.0,1131.0,295.0,100.0,100.0,95.0,258.0,258.0,258.0,283.0,283.0,283.0,839.0,839.0,841.0,100.0,100.0,95.0,258.0,258.0,258.0
0.0,2801.0,846.0,774.0,565.0,576.0,193.0,193.0,190.0,258.0,258.0,258.0,282.0,282.0,282.0,932.0,932.0,937.0,193.0,193.0,190.0,258.0,258.0,258.0
0.0,2520.0,936.0,780.0,295.0,1241.0,413.0,413.0,415.0,260.0,260.0,260.0,312.0,312.0,312.0,839.0,839.0,842.0,413.0,413.0,415.0,260.0,260.0,260.0
0.0,1879.0,696.0,780.0,576.0,1361.0,452.0,452.0,457.0,260.0,260.0,260.0,232.0,232.0,232.0,627.0,627.0,625.0,452.0,452.0,457.0,260.0,260.0,260.0
0.0,1759.0,831.0,780.0,1241.0,951.0,316.0,316.0,319.0,260.0,260.0,260.0,277.0,277.0,277.0,588.0,588.0,583.0,316.0,316.0,319.0,260.0,260.0,260.0
0.0,2169.0,744.0,780.0,1361.0,334.0,112.0,112.0,110.0,260.0,260.0,260.0,248.0,248.0,248.0,724.0,724.0,721.0,112.0,112.0,110.0,260.0,260.0,260.0
0.0,2786.0,723.0,780.0,951.0,106.0,37.0,37.0,32.0,260.0,260.0,260.0,241.0,241.0,241.0,928.0,928.0,930.0,37.0,37.0,32.0,260.0,260.0,260.0
0.0,3014.0,858.0,783.0,334.0,642.0,215.0,215.0,212.0,261.0,261.0,261.0,286.0,286.0,286.0,1003.0,1003.0,1008.0,215.0,215.0,212.0,261.0,261.0,261.0
0.0,2490.0,837.0,786.0,106.0,1385.0,461.0,461.0,463.0,262.0,262.0,262.0,279.0,279.0,279.0,829.0,829.0,832.0,461.0,461.0,463.0,262.0,262.0,262.0
0.0,1759.0,771.0,787.0,642.0,1518.0,503.0,503.0,512.0,262.0,262.0,263.0,257.0,257.0,257.0,587.0,587.0,585.0,503.0,503.0,512.0,262.0,262.0,263.0
0.0,1630.0,750.0,789.0,1385.0,891.0,296.0,296.0,299.0,263.0,263.0,263.0,250.0,250.0,250.0,545.0,545.0,540.0,296.0,296.0,299.0,263.0,263.0,263.0
0.0,2265.0,846.0,793.0,1518.0,235.0,79.0,79.0,77.0,264.0,264.0,265.0,282.0,282.0,282.0,756.0,756.0,753.0,79.0,79.0,77.0,264.0,264.0,265.0
0.0,2937.0,799.0,795.0,891.0,151.0,53.0,53.0,45.0,265.0,265.0,265.0,266.0,266.0,267.0,977.0,977.0,983.0,53.0,53.0,45.0,265.0,265.0,265.0
0.0,3029.0,786.0,795.0,235.0,702.0,236.0,236.0,230.0,265.0,265.0,265.0,262.0,262.0,262.0,1007.0,1007.0,1015.0,236.0,236.0,230.0,265.0,265.0,265.0
0.0,2478.0,843.0,799.0,151.0,1410.0,468.0,468.0,474.0,266.0,266.0,267.0,281.0,281.0,281.0,824.0,824.0,830.0,468.0,468.0,474.0,266.0,266.0,267.0
0.0,1786.0,807.0,801.0,702.0,1523.0,505.0,505.0,513.0,267.0,267.0,267.0,269.0,269.0,269.0,596.0,596.0,594.0,505.0,505.0,513.0,267.0,267.0,267.0
0.0,1681.0,738.0,801.0,1410.0,851.0,283.0,283.0,285.0,267.0,267.0,267.0,246.0,246.0,246.0,563.0,563.0,555.0,283.0,283.0,285.0,267.0,267.0,267.0
0.0,2353.0,657.0,799.0,1523.0,0.0,0.0,0.0,0.0,266.0,266.0,267.0,219.0,219.0,219.0,785.0,785.0,783.0,0.0,0.0,0.0,266.0,266.0,267.0
0.0,3219.0,879.0,798.0,851.0,6.0,3.0,3.0,0.0,266.0,266.0,266.0,293.0,293.0,293.0,1071.0,1071.0,1077.0,3.0,3.0,0.0,266.0,266.0,266.0
0.0,3191.0,939.0,807.0,0.0,976.0,328.0,328.0,320.0,269.0,269.0,269.0,313.0,313.0,313.0,1061.0,1061.0,1069.0,328.0,328.0,320.0,269.0,269.0,269.0
0.0,2252.0,852.0,810.0,6.0,1834.0,613.0,613.0,608.0,270.0,270.0,270.0,284.0,284.0,284.0,748.0,748.0,756.0,613.0,613.0,608.0,270.0,270.0,270.0
0.0,1406.0,783.0,811.0,976.0,1645.0,546.0,546.0,553.0,270.0,270.0,271.0,261.0,261.0,261.0,467.0,467.0,472.0,546.0,546.0,553.0,270.0,270.0,271.0
0.0,1599.0,795.0,810.0,1834.0,602.0,198.0,198.0,206.0,270.0,270.0,270.0,265.0,265.0,265.0,534.0,534.0,531.0,198.0,198.0,206.0,270.0,270.0,270.0
0.0,2638.0,672.0,810.0,1645.0,0.0,0.0,0.0,0.0,270.0,270.0,270.0,224.0,224.0,224.0,882.0,882.0,874.0,0.0,0.0,0.0,270.0,270.0,270.0
0.0,3611.0,829.0,810.0,602.0,0.0,0.0,0.0,0.0,270.0,270.0,270.0,276.0,276.0,277.0,1204.0,1204.0,1203.0,0.0,0.0,0.0,270.0,270.0,270.0
0.0,3384.0,999.0,811.0,0.0,859.0,287.0,287.0,285.0,270.0,270.0,271.0,333.0,333.0,333.0,1126.0,1126.0,1132.0,287.0,287.0,285.0,270.0,270.0,271.0
0.0,2385.0,939.0,813.0,0.0,1806.0,604.0,604.0,598.0,271.0,271.0,271.0,313.0,313.0,313.0,793.0,793.0,799.0,604.0,604.0,598.0,271.0,271.0,271.0
0.0,1446.0,831.0,813.0,859.0,1778.0,594.0,594.0,590.0,271.0,271.0,271.0,277.0,277.0,277.0,480.0,480.0,486.0,594.0,594.0,590.0,271.0,271.0,271.0
0.0,1474.0,904.0,816.0,1806.0,888.0,295.0,295.0,298.0,272.0,272.0,272.0,301.0,301.0,302.0,490.0,490.0,494.0,295.0,295.0,298.0,272.0,272.0,272.0
0.0,2376.0,891.0,819.0,1778.0,13.0,2.0,2.0,9.0,273.0,273.0,273.0,297.0,297.0,297.0,793.0,793.0,790.0,2.0,2.0,9.0,273.0,273.0,273.0
0.0,3263.0,969.0,822.0,888.0,106.0,34.0,34.0,38.0,274.0,274.0,274.0,323.0,323.0,323.0,1090.0,1090.0,1083.0,34.0,34.0,38.0,274.0,274.0,274.0
0.0,3182.0,736.0,822.0,13.0,829.0,277.0,277.0,275.0,274.0,274.0,274.0,245.0,245.0,246.0,1062.0,1062.0,1058.0,277.0,277.0,275.0,274.0,274.0,274.0
0.0,2459.0,885.0,825.0,106.0,1620.0,542.0,542.0,536.0,275.0,275.0,275.0,295.0,295.0,295.0,819.0,819.0,821.0,542.0,542.0,536.0,275.0,275.0,275.0
0.0,1680.0,915.0,825.0,829.0,1706.0,570.0,570.0,566.0,275.0,275.0,275.0,305.0,305.0,305.0,558.0,558.0,564.0,570.0,570.0,566.0,275.0,275.0,275.0
0.0,1594.0,882.0,825.0,1620.0,968.0,322.0,322.0,324.0,275.0,275.0,275.0,294.0,294.0,294.0,530.0,530.0,534.0,322.0,322.0,324.0,275.0,275.0,275.0
0.0,2332.0,870.0,825.0,1706.0,132.0,42.0,42.0,48.0,275.0,275.0,275.0,290.0,290.0,290.0,778.0,778.0,776.0,42.0,42.0,48.0,275.0,275.0,275.0
0.0,3168.0,762.0,822.0,968.0,0.0,0.0,0.0,0.0,274.0,274.0,274.0,254.0,254.0,254.0,1058.0,1058.0,1052.0,0.0,0.0,0.0,274.0,274.0,274.0
0.0,3374.0,987.0,823.0,132.0,773.0,257.0,257.0,259.0,274.0,274.0,275.0,329.0,329.0,329.0,1126.0,1126.0,1122.0,257.0,257.0,259.0,274.0,274.0,275.0
0.0,2519.0,825.0,826.0,0.0,1610.0,536.0,536.0,538.0,275.0,275.0,276.0,275.0,275.0,275.0,839.0,839.0,841.0,536.0,536.0,538.0,275.0,275.0,276.0
0.0,1694.0,963.0,831.0,773.0,1820.0,608.0,608.0,604.0,277.0,277.0,277.0,321.0,321.0,321.0,564.0,564.0,566.0,608.0,608.0,604.0,277.0,277.0,277.0
0.0,1504.0,900.0,828.0,1610.0,1098.0,368.0,368.0,362.0,276.0,276.0,276.0,300.0,300.0,300.0,500.0,500.0,504.0,368.0,368.0,362.0,276.0,276.0,276.0
0.0,2214.0,976.0,831.0,1820.0,266.0,89.0,89.0,88.0,277.0,277.0,277.0,325.0,325.0,326.0,736.0,736.0,742.0,89.0,89.0,88.0,277.0,277.0,277.0
0.0,3058.0,807.0,834.0,1098.0,0.0,0.0,0.0,0.0,278.0,278.0,278.0,269.0,269.0,269.0,1019.0,1019.0,1020.0,0.0,0.0,0.0,278.0,278.0,278.0
0.0,3349.0,810.0,832.0,266.0,523.0,171.0,171.0,181.0,277.0,277.0,278.0,270.0,270.0,270.0,1118.0,1118.0,1113.0,171.0,171.0,181.0,277.0,277.0,278.0
0.0,2805.0,840.0,834.0,0.0,1371.0,455.0,455.0,461.0,278.0,278.0,278.0,280.0,280.0,280.0,937.0,937.0,931.0,455.0,455.0,461.0,278.0,278.0,278.0
0.0,1965.0,858.0,834.0,523.0,1706.0,570.0,570.0,566.0,278.0,278.0,278.0,286.0,286.0,286.0,657.0,657.0,651.0,570.0,570.0,566.0,278.0,278.0,278.0
0.0,1630.0,880.0,834.0,1371.0,1215.0,408.0,408.0,399.0,278.0,278.0,278.0,293.0,293.0,294.0,542.0,542.0,546.0,408.0,408.0,399.0,278.0,278.0,278.0
0.0,2121.0,870.0,835.0,1706.0,383.0,128.0,128.0,127.0,278.0,278.0,279.0,290.0,290.0,290.0,704.0,704.0,713.0,128.0,128.0,127.0,278.0,278.0,279.0
0.0,2957.0,891.0,834.0,1215.0,55.0,17.0,17.0,21.0,278.0,278.0,278.0,297.0,297.0,297.0,984.0,984.0,989.0,17.0,17.0,21.0,278.0,278.0,278.0
0.0,3281.0,804.0,837.0,383.0,488.0,161.0,161.0,166.0,279.0,279.0,279.0,268.0,268.0,268.0,1095.0,1095.0,1091.0,161.0,161.0,166.0,279.0,279.0,279.0
0.0,2860.0,957.0,837.0,55.0,1390.0,463.0,463.0,464.0,279.0,279.0,279.0,319.0,319.0,319.0,955.0,955.0,950.0,463.0,463.0,464.0,279.0,279.0,279.0
0.0,1958.0,933.0,846.0,488.0,1871.0,625.0,625.0,621.0,282.0,282.0,282.0,311.0,311.0,311.0,653.0,653.0,652.0,625.0,625.0,621.0,282.0,282.0,282.0
0.0,1513.0,906.0,846.0,1390.0,1387.0,464.0,464.0,459.0,282.0,282.0,282.0,302.0,302.0,302.0,503.0,503.0,507.0,464.0,464.0,459.0,282.0,282.0,282.0
0.0,1997.0,882.0,846.0,1871.0,398.0,133.0,133.0,132.0,282.0,282.0,282.0,294.0,294.0,294.0,664.0,664.0,669.0,133.0,133.0,132.0,282.0,282.0,282.0
0.0,2986.0,906.0,846.0,1387.0,0.0,0.0,0.0,0.0,282.0,282.0,282.0,302.0,302.0,302.0,995.0,995.0,996.0,0.0,0.0,0.0,282.0,282.0,282.0
0.0,3467.0,777.0,849.0,398.0,308.0,101.0,101.0,106.0,283.0,283.0,283.0,259.0,259.0,259.0,1157.0,1157.0,1153.0,101.0,101.0,106.0,283.0,283.0,283.0
0.0,3088.0,996.0,852.0,0.0,1316.0,437.0,437.0,442.0,284.0,284.0,284.0,332.0,332.0,332.0,1031.0,1031.0,1026.0,437.0,437.0,442.0,284.0,284.0,284.0
0.0,2092.0,963.0,855.0,308.0,1983.0,661.0,661.0,661.0,285.0,285.0,285.0,321.0,321.0,321.0,699.0,699.0,694.0,661.0,661.0,661.0,285.0,285.0,285.0
0.0,1437.0,765.0,855.0,1316.0,1432.0,479.0,479.0,474.0,285.0,285.0,285.0,255.0,255.0,255.0,479.0,479.0,479.0,479.0,479.0,474.0,285.0,285.0,285.0
0.0,1988.0,873.0,856.0,1983.0,326.0,109.0,109.0,108.0,285.0,285.0,286.0,291.0,291.0,291.0,661.0,661.0,666.0,109.0,109.0,108.0,285.0,285.0,286.0
0.0,3098.0,778.0,855.0,1432.0,0.0,0.0,0.0,0.0,285.0,285.0,285.0,259.0,259.0,260.0,1031.0,1031.0,1036.0,0.0,0.0,0.0,285.0,285.0,285.0
0.0,3752.0,840.0,858.0,326.0,194.0,64.0,64.0,66.0,286.0,286.0,286.0,280.0,280.0,280.0,1251.0,1251.0,1250.0,64.0,64.0,66.0,286.0,286.0,286.0
0.0,3238.0,942.0,861.0,0.0,1148.0,382.0,382.0,384.0,287.0,287.0,287.0,314.0,314.0,314.0,1080.0,1080.0,1078.0,382.0,382.0,384.0,287.0,287.0,287.0
0.0,2296.0,921.0,861.0,194.0,1875.0,625.0,625.0,625.0,287.0,287.0,287.0,307.0,307.0,307.0,766.0,766.0,764.0,625.0,625.0,625.0,287.0,287.0,287.0
0.0,1569.0,774.0,861.0,1148.0,1501.0,501.0,501.0,499.0,287.0,287.0,287.0,258.0,258.0,258.0,523.0,523.0,523.0,501.0,501.0,499.0,287.0,287.0,287.0
0.0,1943.0,966.0,864.0,1875.0,604.0,202.0,202.0,200.0,288.0,288.0,288.0,322.0,322.0,322.0,647.0,647.0,649.0,202.0,202.0,200.0,288.0,288.0,288.0
0.0,2852.0,834.0,864.0,1501.0,0.0,0.0,0.0,0.0,288.0,288.0,288.0,278.0,278.0,278.0,950.0,950.0,952.0,0.0,0.0,0.0,288.0,288.0,288.0
0.0,3519.0,945.0,867.0,604.0,290.0,96.0,96.0,98.0,289.0,289.0,289.0,315.0,315.0,315.0,1173.0,1173.0,1173.0,96.0,96.0,98.0,289.0,289.0,289.0
0.0,3178.0,852.0,870.0,0.0,1154.0,384.0,384.0,386.0,290.0,290.0,290.0,284.0,284.0,284.0,1060.0,1060.0,1058.0,384.0,384.0,386.0,290.0,290.0,290.0
0.0,2326.0,879.0,873.0,290.0,1755.0,585.0,585.0,585.0,291.0,291.0,291.0,293.0,293.0,293.0,776.0,776.0,774.0,585.0,585.0,585.0,291.0,291.0,291.0
0.0,1737.0,918.0,874.0,1154.0,1523.0,507.0,507.0,509.0,291.0,291.0,292.0,306.0,306.0,306.0,579.0,579.0,579.0,507.0,507.0,509.0,291.0,291.0,292.0
0.0,1973.0,936.0,874.0,1755.0,704.0,234.0,234.0,236.0,291.0,291.0,292.0,312.0,312.0,312.0,657.0,657.0,659.0,234.0,234.0,236.0,291.0,291.0,292.0
0.0,2792.0,922.0,876.0,1523.0,111.0,38.0,38.0,35.0,292.0,292.0,292.0,307.0,307.0,308.0,930.0,930.0,932.0,38.0,38.0,35.0,292.0,292.0,292.0
0.0,3393.0,873.0,877.0,704.0,284.0,95.0,95.0,94.0,292.0,292.0,293.0,291.0,291.0,291.0,1130.0,1130.0,1133.0,95.0,95.0,94.0,292.0,292.0,293.0
0.0,3224.0,948.0,880.0,111.0,1133.0,377.0,377.0,379.0,293.0,293.0,294.0,316.0,316.0,316.0,1073.0,1073.0,1078.0,377.0,377.0,379.0,293.0,293.0,294.0
0.0,2387.0,808.0,882.0,284.0,1665.0,555.0,555.0,555.0,294.0,294.0,294.0,269.0,269.0,270.0,795.0,795.0,797.0,555.0,555.0,555.0,294.0,294.0,294.0
0.0,1863.0,1042.0,888.0,1133.0,1598.0,533.0,533.0,532.0,296.0,296.0,296.0,347.0,347.0,348.0,621.0,621.0,621.0,533.0,533.0,532.0,296.0,296.0,296.0
0.0,1954.0,780.0,882.0,1665.0,689.0,230.0,230.0,229.0,294.0,294.0,294.0,260.0,260.0,260.0,651.0,651.0,652.0,230.0,230.0,229.0,294.0,294.0,294.0
0.0,2839.0,873.0,882.0,1598.0,0.0,0.0,0.0,0.0,294.0,294.0,294.0,291.0,291.0,291.0,946.0,946.0,947.0,0.0,0.0,0.0,294.0,294.0,294.0
0.0,3564.0,843.0,882.0,689.0,118.0,39.0,39.0,40.0,294.0,294.0,294.0,281.0,281.0,281.0,1188.0,1188.0,1188.0,39.0,39.0,40.0,294.0,294.0,294.0
0.0,3410.0,1014.0,885.0,0.0,1144.0,381.0,381.0,382.0,295.0,295.0,295.0,338.0,338.0,338.0,1137.0,1137.0,1136.0,381.0,381.0,382.0,295.0,295.0,295.0
0.0,2396.0,1065.0,888.0,118.0,2103.0,701.0,701.0,701.0,296.0,296.0,296.0,355.0,355.0,355.0,799.0,799.0,798.0,701.0,701.0,701.0,296.0,296.0,296.0
0.0,1449.0,948.0,888.0,1144.0,1907.0,636.0,636.0,635.0,296.0,296.0,296.0,316.0,316.0,316.0,483.0,483.0,483.0,636.0,636.0,635.0,296.0,296.0,296.0
0.0,1645.0,936.0,891.0,2103.0,752.0,251.0,251.0,250.0,297.0,297.0,297.0,312.0,312.0,312.0,548.0,548.0,549.0,251.0,251.0,250.0,297.0,297.0,297.0
0.0,2812.0,927.0,891.0,1907.0,0.0,0.0,0.0,0.0,297.0,297.0,297.0,309.0,309.0,309.0,937.0,937.0,938.0,0.0,0.0,0.0,297.0,297.0,297.0
0.0,3792.0,1104.0,894.0,752.0,136.0,45.0,45.0,46.0,298.0,298.0,298.0,368.0,368.0,368.0,1264.0,1264.0,1264.0,45.0,45.0,46.0,298.0,298.0,298.0
0.0,3440.0,912.0,897.0,0.0,1060.0,353.0,353.0,354.0,299.0,299.0,299.0,304.0,304.0,304.0,1147.0,1147.0,1146.0,353.0,353.0,354.0,299.0,299.0,299.0
0.0,2528.0,960.0,897.0,136.0,1884.0,628.0,628.0,628.0,299.0,299.0,299.0,320.0,320.0,320.0,843.0,843.0,842.0,628.0,628.0,628.0,299.0,299.0,299.0
0.0,1704.0,975.0,901.0,1060.0,1815.0,604.0,604.0,607.0,300.0,300.0,301.0,325.0,325.0,325.0,568.0,568.0,568.0,604.0,604.0,607.0,300.0,300.0,301.0
0.0,1789.0,942.0,900.0,1884.0,869.0,290.0,290.0,289.0,300.0,300.0,300.0,314.0,314.0,314.0,596.0,596.0,597.0,290.0,290.0,289.0,300.0,300.0,300.0
0.0,2731.0,963.0,903.0,1815.0,29.0,11.0,11.0,7.0,301.0,301.0,301.0,321.0,321.0,321.0,910.0,910.0,911.0,11.0,11.0,7.0,301.0,301.0,301.0
0.0,3583.0,885.0,903.0,869.0,45.0,16.0,16.0,13.0,301.0,301.0,301.0,295.0,295.0,295.0,1193.0,1193.0,1197.0,16.0,16.0,13.0,301.0,301.0,301.0
0.0,3567.0,1099.0,906.0,29.0,1127.0,375.0,375.0,377.0,302.0,302.0,302.0,366.0,366.0,367.0,1188.0,1188.0,1191.0,375.0,375.0,377.0,302.0,302.0,302.0
0.0,2497.0,1140.0,909.0,45.0,2234.0,743.0,743.0,748.0,303.0,303.0,303.0,380.0,380.0,380.0,833.0,833.0,831.0,743.0,743.0,748.0,303.0,303.0,303.0
0.0,1402.0,1035.0,912.0,1127.0,2154.0,717.0,717.0,720.0,304.0,304.0,304.0,345.0,345.0,345.0,469.0,469.0,464.0,717.0,717.0,720.0,304.0,304.0,304.0
0.0,1494.0,1014.0,918.0,2234.0,958.0,320.0,320.0,318.0,306.0,306.0,306.0,338.0,338.0,338.0,499.0,499.0,496.0,320.0,320.0,318.0,306.0,306.0,306.0
0.0,2714.0,942.0,918.0,2154.0,0.0,0.0,0.0,0.0,306.0,306.0,306.0,314.0,314.0,314.0,904.0,904.0,906.0,0.0,0.0,0.0,306.0,306.0,306.0
0.0,3926.0,909.0,921.0,958.0,0.0,0.0,0.0,0.0,307.0,307.0,307.0,303.0,303.0,303.0,1307.0,1307.0,1312.0,0.0,0.0,0.0,307.0,307.0,307.0
0.0,3975.0,906.0,921.0,0.0,615.0,206.0,206.0,203.0,307.0,307.0,307.0,302.0,302.0,302.0,1324.0,1324.0,1327.0,206.0,206.0,203.0,307.0,307.0,307.0
0.0,3069.0,891.0,921.0,0.0,1506.0,503.0,503.0,500.0,307.0,307.0,307.0,297.0,297.0,297.0,1022.0,1022.0,1025.0,503.0,503.0,500.0,307.0,307.0,307.0
0.0,2178.0,960.0,922.0,615.0,1855.0,617.0,617.0,621.0,307.0,307.0,308.0,320.0,320.0,320.0,725.0,725.0,728.0,617.0,617.0,621.0,307.0,307.0,308.0
0.0,1833.0,855.0,924.0,1506.0,1212.0,403.0,403.0,406.0,308.0,308.0,308.0,285.0,285.0,285.0,611.0,611.0,611.0,403.0,403.0,406.0,308.0,308.0,308.0
0.0,2484.0,1038.0,924.0,1855.0,395.0,132.0,132.0,131.0,308.0,308.0,308.0,346.0,346.0,346.0,829.0,829.0,826.0,132.0,132.0,131.0,308.0,308.0,308.0
0.0,3301.0,738.0,921.0,1212.0,0.0,0.0,0.0,0.0,307.0,307.0,307.0,246.0,246.0,246.0,1100.0,1100.0,1101.0,0.0,0.0,0.0,307.0,307.0,307.0
0.0,3775.0,915.0,921.0,395.0,429.0,144.0,144.0,141.0,307.0,307.0,307.0,305.0,305.0,305.0,1257.0,1257.0,1261.0,144.0,144.0,141.0,307.0,307.0,307.0
0.0,3255.0,954.0,924.0,0.0,1395.0,466.0,466.0,463.0,308.0,308.0,308.0,318.0,318.0,318.0,1084.0,1084.0,1087.0,466.0,466.0,463.0,308.0,308.0,308.0
0.0,2301.0,904.0,924.0,429.0,1870.0,623.0,623.0,624.0,308.0,308.0,308.0,301.0,301.0,302.0,766.0,766.0,769.0,623.0,623.0,624.0,308.0,308.0,308.0
0.0,1826.0,897.0,924.0,1395.0,1372.0,456.0,456.0,460.0,308.0,308.0,308.0,299.0,299.0,299.0,609.0,609.0,608.0,456.0,456.0,460.0,308.0,308.0,308.0
0.0,2324.0,1089.0,927.0,1870.0,603.0,200.0,200.0,203.0,309.0,309.0,309.0,363.0,363.0,363.0,776.0,776.0,772.0,200.0,200.0,203.0,309.0,309.0,309.0
0.0,3105.0,936.0,927.0,1372.0,167.0,56.0,56.0,55.0,309.0,309.0,309.0,312.0,312.0,312.0,1036.0,1036.0,1033.0,56.0,56.0,55.0,309.0,309.0,309.0
0.0,3541.0,1074.0,933.0,603.0,662.0,222.0,222.0,218.0,311.0,311.0,311.0,358.0,358.0,358.0,1180.0,1180.0,1181.0,222.0,222.0,218.0,311.0,311.0,311.0
0.0,3070.0,1009.0,936.0,167.0,1516.0,506.0,506.0,504.0,312.0,312.0,312.0,336.0,336.0,337.0,1022.0,1022.0,1026.0,506.0,506.0,504.0,312.0,312.0,312.0
0.0,2228.0,879.0,936.0,662.0,1733.0,577.0,577.0,579.0,312.0,312.0,312.0,293.0,293.0,293.0,742.0,742.0,744.0,577.0,577.0,579.0,312.0,312.0,312.0
0.0,2011.0,822.0,936.0,1516.0,1039.0,345.0,345.0,349.0,312.0,312.0,312.0,274.0,274.0,274.0,671.0,671.0,669.0,345.0,345.0,349.0,312.0,312.0,312.0
0.0,2705.0,864.0,936.0,1733.0,170.0,56.0,56.0,58.0,312.0,312.0,312.0,288.0,288.0,288.0,903.0,903.0,899.0,56.0,56.0,58.0,312.0,312.0,312.0
0.0,3574.0,850.0,933.0,1039.0,0.0,0.0,0.0,0.0,311.0,311.0,311.0,283.0,283.0,284.0,1192.0,1192.0,1190.0,0.0,0.0,0.0,311.0,311.0,311.0
0.0,3763.0,903.0,936.0,170.0,714.0,239.0,239.0,236.0,312.0,312.0,312.0,301.0,301.0,301.0,1254.0,1254.0,1255.0,239.0,239.0,236.0,312.0,312.0,312.0
0.0,3030.0,852.0,933.0,0.0,1554.0,519.0,519.0,516.0,311.0,311.0,311.0,284.0,284.0,284.0,1009.0,1009.0,1012.0,519.0,519.0,516.0,311.0,311.0,311.0
0.0,2178.0,951.0,936.0,714.0,1803.0,601.0,601.0,601.0,312.0,312.0,312.0,317.0,317.0,317.0,725.0,725.0,728.0,601.0,601.0,601.0,312.0,312.0,312.0
0.0,1941.0,945.0,936.0,1554.0,1194.0,397.0,397.0,400.0,312.0,312.0,312.0,315.0,315.0,315.0,647.0,647.0,647.0,397.0,397.0,400.0,312.0,312.0,312.0
0.0,2550.0,927.0,937.0,1803.0,322.0,105.0,105.0,112.0,312.0,312.0,313.0,309.0,309.0,309.0,851.0,851.0,848.0,105.0,105.0,112.0,312.0,312.0,313.0
0.0,3426.0,942.0,939.0,1194.0,78.0,26.0,26.0,26.0,313.0,313.0,313.0,314.0,314.0,314.0,1143.0,1143.0,1140.0,26.0,26.0,26.0,313.0,313.0,313.0
0.0,3678.0,981.0,939.0,322.0,737.0,248.0,248.0,241.0,313.0,313.0,313.0,327.0,327.0,327.0,1226.0,1226.0,1226.0,248.0,248.0,241.0,313.0,313.0,313.0
0.0,3019.0,1035.0,942.0,78.0,1706.0,571.0,571.0,564.0,314.0,314.0,314.0,345.0,345.0,345.0,1004.0,1004.0,1011.0,571.0,571.0,564.0,314.0,314.0,314.0
0.0,2062.0,945.0,942.0,737.0,1914.0,638.0,638.0,638.0,314.0,314.0,314.0,315.0,315.0,315.0,685.0,685.0,692.0,638.0,638.0,638.0,314.0,314.0,314.0
0.0,1854.0,981.0,945.0,1706.0,1201.0,398.0,398.0,405.0,315.0,315.0,315.0,327.0,327.0,327.0,618.0,618.0,618.0,398.0,398.0,405.0,315.0,315.0,315.0
0.0,2579.0,921.0,945.0,1914.0,208.0,67.0,67.0,74.0,315.0,315.0,315.0,307.0,307.0,307.0,862.0,862.0,855.0,67.0,67.0,74.0,315.0,315.0,315.0
0.0,3572.0,1011.0,948.0,1201.0,30.0,10.0,10.0,10.0,316.0,316.0,316.0,337.0,337.0,337.0,1193.0,1193.0,1186.0,10.0,10.0,10.0,316.0,316.0,316.0
0.0,3762.0,1059.0,948.0,208.0,881.0,296.0,296.0,289.0,316.0,316.0,316.0,353.0,353.0,353.0,1254.0,1254.0,1254.0,296.0,296.0,289.0,316.0,316.0,316.0
0.0,2911.0,1135.0,954.0,30.0,2010.0,672.0,672.0,666.0,318.0,318.0,318.0,378.0,378.0,379.0,968.0,968.0,975.0,672.0,672.0,666.0,318.0,318.0,318.0
0.0,1806.0,1056.0,958.0,881.0,2201.0,732.0,732.0,737.0,319.0,319.0,320.0,352.0,352.0,352.0,600.0,600.0,606.0,732.0,732.0,737.0,319.0,319.0,320.0
0.0,1631.0,1051.0,963.0,2010.0,1262.0,418.0,418.0,426.0,321.0,321.0,321.0,350.0,350.0,351.0,544.0,544.0,543.0,418.0,418.0,426.0,321.0,321.0,321.0
0.0,2590.0,1131.0,966.0,2201.0,204.0,67.0,67.0,70.0,322.0,322.0,322.0,377.0,377.0,377.0,866.0,866.0,858.0,67.0,67.0,70.0,322.0,322.0,322.0
0.0,3660.0,1026.0,963.0,1262.0,0.0,0.0,0.0,0.0,321.0,321.0,321.0,342.0,342.0,342.0,1221.0,1221.0,1218.0,0.0,0.0,0.0,321.0,321.0,321.0
0.0,3896.0,979.0,964.0,204.0,735.0,246.0,246.0,243.0,321.0,321.0,322.0,326.0,326.0,327.0,1297.0,1297.0,1302.0,246.0,246.0,243.0,321.0,321.0,322.0
0.0,3121.0,1113.0,969.0,0.0,1868.0,625.0,625.0,618.0,323.0,323.0,323.0,371.0,371.0,371.0,1038.0,1038.0,1045.0,625.0,625.0,618.0,323.0,323.0,323.0
0.0,2008.0,1149.0,972.0,735.0,2294.0,766.0,766.0,762.0,324.0,324.0,324.0,383.0,383.0,383.0,667.0,667.0,674.0,766.0,766.0,762.0,324.0,324.0,324.0
0.0,1594.0,1104.0,972.0,1868.0,1530.0,509.0,509.0,512.0,324.0,324.0,324.0,368.0,368.0,368.0,530.0,530.0,534.0,509.0,509.0,512.0,324.0,324.0,324.0
0.0,2358.0,1140.0,976.0,2294.0,392.0,127.0,127.0,138.0,325.0,325.0,326.0,380.0,380.0,380.0,787.0,787.0,784.0,127.0,127.0,138.0,325.0,325.0,326.0
0.0,3512.0,1035.0,978.0,1530.0,0.0,0.0,0.0,0.0,326.0,326.0,326.0,345.0,345.0,345.0,1173.0,1173.0,1166.0,0.0,0.0,0.0,326.0,326.0,326.0
0.0,4007.0,1158.0,981.0,392.0,683.0,230.0,230.0,223.0,327.0,327.0,327.0,386.0,386.0,386.0,1337.0,1337.0,1333.0,230.0,230.0,223.0,327.0,327.0,327.0
0.0,3241.0,1026.0,984.0,0.0,1721.0,576.0,576.0,569.0,328.0,328.0,328.0,342.0,342.0,342.0,1078.0,1078.0,1085.0,576.0,576.0,569.0,328.0,328.0,328.0
0.0,2215.0,1137.0,987.0,683.0,2187.0,729.0,729.0,729.0,329.0,329.0,329.0,379.0,379.0,379.0,736.0,736.0,743.0,729.0,729.0,729.0,329.0,329.0,329.0
0.0,1761.0,1080.0,990.0,1721.0,1558.0,517.0,517.0,524.0,330.0,330.0,330.0,360.0,360.0,360.0,587.0,587.0,587.0,517.0,517.0,524.0,330.0,330.0,330.0
0.0,2402.0,1032.0,990.0,2187.0,403.0,132.0,132.0,139.0,330.0,330.0,330.0,344.0,344.0,344.0,803.0,803.0,796.0,132.0,132.0,139.0,330.0,330.0,330.0
0.0,3557.0,981.0,987.0,1558.0,0.0,0.0,0.0,0.0,329.0,329.0,329.0,327.0,327.0,327.0,1188.0,1188.0,1181.0,0.0,0.0,0.0,329.0,329.0,329.0
0.0,4134.0,978.0,984.0,403.0,377.0,128.0,128.0,121.0,328.0,328.0,328.0,326.0,326.0,326.0,1378.0,1378.0,1378.0,128.0,128.0,121.0,328.0,328.0,328.0
0.0,3559.0,1095.0,987.0,0.0,1484.0,497.0,497.0,490.0,329.0,329.0,329.0,365.0,365.0,365.0,1184.0,1184.0,1191.0,497.0,497.0,490.0,329.0,329.0,329.0
0.0,2464.0,906.0,987.0,377.0,2013.0,671.0,671.0,671.0,329.0,329.0,329.0,302.0,302.0,302.0,819.0,819.0,826.0,671.0,671.0,671.0,329.0,329.0,329.0
0.0,1935.0,1107.0,990.0,1484.0,1648.0,547.0,547.0,554.0,330.0,330.0,330.0,369.0,369.0,369.0,645.0,645.0,645.0,547.0,547.0,554.0,330.0,330.0,330.0
0.0,2312.0,969.0,990.0,2013.0,604.0,199.0,199.0,206.0,330.0,330.0,330.0,323.0,323.0,323.0,773.0,773.0,766.0,199.0,199.0,206.0,330.0,330.0,330.0
0.0,3356.0,1110.0,996.0,1648.0,90.0,30.0,30.0,30.0,332.0,332.0,332.0,370.0,370.0,370.0,1121.0,1121.0,1114.0,30.0,30.0,30.0,332.0,332.0,332.0
0.0,3894.0,1135.0,999.0,604.0,633.0,213.0,213.0,207.0,333.0,333.0,333.0,378.0,378.0,379.0,1298.0,1298.0,1298.0,213.0,213.0,207.0,333.0,333.0,333.0
0.0,3363.0,996.0,1002.0,90.0,1551.0,519.0,519.0,513.0,334.0,334.0,334.0,332.0,332.0,332.0,1119.0,1119.0,1125.0,519.0,519.0,513.0,334.0,334.0,334.0
0.0,2457.0,969.0,999.0,633.0,1875.0,625.0,625.0,625.0,333.0,333.0,333.0,323.0,323.0,323.0,817.0,817.0,823.0,625.0,625.0,625.0,333.0,333.0,333.0
0.0,2121.0,984.0,1005.0,1551.0,1332.0,442.0,442.0,448.0,335.0,335.0,335.0,328.0,328.0,328.0,707.0,707.0,707.0,442.0,442.0,448.0,335.0,335.0,335.0
0.0,2688.0,999.0,1005.0,1875.0,456.0,150.0,150.0,156.0,335.0,335.0,335.0,333.0,333.0,333.0,898.0,898.0,892.0,150.0,150.0,156.0,335.0,335.0,335.0
0.0,3564.0,1074.0,1008.0,1332.0,210.0,70.0,70.0,70.0,336.0,336.0,336.0,358.0,358.0,358.0,1190.0,1190.0,1184.0,70.0,70.0,70.0,336.0,336.0,336.0
0.0,3822.0,1200.0,1014.0,456.0,978.0,328.0,328.0,322.0,338.0,338.0,338.0,400.0,400.0,400.0,1274.0,1274.0,1274.0,328.0,328.0,322.0,338.0,338.0,338.0
0.0,3078.0,1008.0,1017.0,210.0,1788.0,598.0,598.0,592.0,339.0,339.0,339.0,336.0,336.0,336.0,1024.0,1024.0,1030.0,598.0,598.0,592.0,339.0,339.0,339.0
0.0,2280.0,1069.0,1017.0,978.0,1879.0,626.0,626.0,627.0,339.0,339.0,339.0,356.0,356.0,357.0,758.0,758.0,764.0,626.0,626.0,627.0,339.0,339.0,339.0
0.0,2189.0,891.0,1014.0,1788.0,970.0,321.0,321.0,328.0,338.0,338.0,338.0,297.0,297.0,297.0,730.0,730.0,729.0,321.0,321.0,328.0,338.0,338.0,338.0
0.0,3086.0,1014.0,1014.0,1879.0,105.0,33.0,33.0,39.0,338.0,338.0,338.0,338.0,338.0,338.0,1031.0,1031.0,1024.0,33.0,33.0,39.0,338.0,338.0,338.0
0.0,3951.0,948.0,1012.0,970.0,75.0,24.0,24.0,27.0,337.0,337.0,338.0,316.0,316.0,316.0,1319.0,1319.0,1313.0,24.0,24.0,27.0,337.0,337.0,338.0
0.0,3973.0,993.0,1014.0,105.0,971.0,326.0,326.0,319.0,338.0,338.0,338.0,331.0,331.0,331.0,1324.0,1324.0,1325.0,326.0,326.0,319.0,338.0,338.0,338.0
0.0,3085.0,1057.0,1020.0,75.0,1977.0,662.0,662.0,653.0,340.0,340.0,340.0,352.0,352.0,353.0,1026.0,1026.0,1033.0,662.0,662.0,653.0,340.0,340.0,340.0
0.0,2103.0,1041.0,1023.0,971.0,2059.0,687.0,687.0,685.0,341.0,341.0,341.0,347.0,347.0,347.0,698.0,698.0,707.0,687.0,687.0,685.0,341.0,341.0,341.0
0.0,2033.0,1110.0,1029.0,1977.0,1216.0,403.0,403.0,410.0,343.0,343.0,343.0,370.0,370.0,370.0,677.0,677.0,679.0,403.0,403.0,410.0,343.0,343.0,343.0
0.0,2900.0,1047.0,1030.0,2059.0,208.0,65.0,65.0,78.0,343.0,343.0,344.0,349.0,349.0,349.0,969.0,969.0,962.0,65.0,65.0,78.0,343.0,343.0,344.0
0.0,3912.0,1080.0,1035.0,1216.0,92.0,30.0,30.0,32.0,345.0,345.0,345.0,360.0,360.0,360.0,1307.0,1307.0,1298.0,30.0,30.0,32.0,345.0,345.0,345.0
0.0,4048.0,1156.0,1038.0,208.0,1052.0,354.0,354.0,344.0,346.0,346.0,346.0,385.0,385.0,386.0,1350.0,1350.0,1348.0,354.0,354.0,344.0,346.0,346.0,346.0
0.0,3100.0,1047.0,1041.0,92.0,2019.0,677.0,677.0,665.0,347.0,347.0,347.0,349.0,349.0,349.0,1030.0,1030.0,1040.0,677.0,677.0,665.0,347.0,347.0,347.0
0.0,2145.0,984.0,1041.0,1052.0,1951.0,651.0,651.0,649.0,347.0,347.0,347.0,328.0,328.0,328.0,711.0,711.0,723.0,651.0,651.0,649.0,347.0,347.0,347.0
0.0,2213.0,954.0,1041.0,2019.0,886.0,292.0,292.0,302.0,347.0,347.0,347.0,318.0,318.0,318.0,737.0,737.0,739.0,292.0,292.0,302.0,347.0,347.0,347.0
0.0,3278.0,981.0,1041.0,1951.0,0.0,0.0,0.0,0.0,347.0,347.0,347.0,327.0,327.0,327.0,1096.0,1096.0,1086.0,0.0,0.0,0.0,347.0,347.0,347.0
0.0,4248.0,1053.0,1042.0,886.0,87.0,27.0,27.0,33.0,347.0,347.0,348.0,351.0,351.0,351.0,1420.0,1420.0,1408.0,27.0,27.0,33.0,347.0,347.0,348.0
0.0,4081.0,996.0,1044.0,0.0,1091.0,363.0,363.0,365.0,348.0,348.0,348.0,332.0,332.0,332.0,1361.0,1361.0,1359.0,363.0,363.0,365.0,348.0,348.0,348.0
0.0,3085.0,1155.0,1047.0,87.0,2171.0,725.0,725.0,721.0,349.0,349.0,349.0,385.0,385.0,385.0,1029.0,1029.0,1027.0,725.0,725.0,721.0,349.0,349.0,349.0
0.0,2017.0,1060.0,1050.0,1091.0,2152.0,719.0,719.0,714.0,350.0,350.0,350.0,353.0,353.0,354.0,671.0,671.0,675.0,719.0,719.0,714.0,350.0,350.0,350.0
0.0,2048.0,1173.0,1053.0,2171.0,1166.0,389.0,389.0,388.0,351.0,351.0,351.0,391.0,391.0,391.0,681.0,681.0,686.0,389.0,389.0,388.0,351.0,351.0,351.0
0.0,3046.0,973.0,1050.0,2152.0,0.0,0.0,0.0,0.0,350.0,350.0,350.0,324.0,324.0,325.0,1015.0,1015.0,1016.0,0.0,0.0,0.0,350.0,350.0,350.0
0.0,4225.0,1141.0,1050.0,1166.0,0.0,0.0,0.0,0.0,350.0,350.0,350.0,380.0,380.0,381.0,1410.0,1410.0,1405.0,0.0,0.0,0.0,350.0,350.0,350.0
0.0,4250.0,1086.0,1051.0,0.0,1040.0,343.0,343.0,354.0,350.0,350.0,351.0,362.0,362.0,362.0,1419.0,1419.0,1412.0,343.0,343.0,354.0,350.0,350.0,351.0
0.0,3164.0,1089.0,1053.0,0.0,2137.0,710.0,710.0,717.0,351.0,351.0,351.0,363.0,363.0,363.0,1057.0,1057.0,1050.0,710.0,710.0,717.0,351.0,351.0,351.0
0.0,2075.0,1080.0,1051.0,1040.0,2169.0,723.0,723.0,723.0,350.0,350.0,351.0,360.0,360.0,360.0,694.0,694.0,687.0,723.0,723.0,723.0,350.0,350.0,351.0
0.0,2035.0,1101.0,1053.0,2137.0,1141.0,384.0,384.0,373.0,351.0,351.0,351.0,367.0,367.0,367.0,677.0,677.0,681.0,384.0,384.0,373.0,351.0,351.0,351.0
0.0,3071.0,1098.0,1056.0,2169.0,82.0,31.0,31.0,20.0,352.0,352.0,352.0,366.0,366.0,366.0,1020.0,1020.0,1031.0,31.0,31.0,20.0,352.0,352.0,352.0
0.0,4142.0,1227.0,1056.0,1141.0,168.0,56.0,56.0,56.0,352.0,352.0,352.0,409.0,409.0,409.0,1377.0,1377.0,1388.0,56.0,56.0,56.0,352.0,352.0,352.0
0.0,4056.0,1035.0,1056.0,82.0,1121.0,370.0,370.0,381.0,352.0,352.0,352.0,345.0,345.0,345.0,1352.0,1352.0,1352.0,370.0,370.0,381.0,352.0,352.0,352.0
0.0,3103.0,981.0,1053.0,168.0,1922.0,637.0,637.0,648.0,351.0,351.0,351.0,327.0,327.0,327.0,1038.0,1038.0,1027.0,637.0,637.0,648.0,351.0,351.0,351.0
0.0,2290.0,1146.0,1053.0,1121.0,1947.0,649.0,649.0,649.0,351.0,351.0,351.0,382.0,382.0,382.0,767.0,767.0,756.0,649.0,649.0,649.0,351.0,351.0,351.0
0.0,2265.0,1197.0,1056.0,1922.0,1234.0,415.0,415.0,404.0,352.0,352.0,352.0,399.0,399.0,399.0,755.0,755.0,755.0,415.0,415.0,404.0,352.0,352.0,352.0
0.0,2990.0,1131.0,1056.0,1947.0,418.0,143.0,143.0,132.0,352.0,352.0,352.0,377.0,377.0,377.0,993.0,993.0,1004.0,143.0,143.0,132.0,352.0,352.0,352.0
0.0,3806.0,1125.0,1057.0,1234.0,313.0,103.0,103.0,107.0,352.0,352.0,353.0,375.0,375.0,375.0,1265.0,1265.0,1276.0,103.0,103.0,107.0,352.0,352.0,353.0
0.0,3915.0,1030.0,1056.0,418.0,921.0,303.0,303.0,315.0,352.0,352.0,352.0,343.0,343.0,344.0,1305.0,1305.0,1305.0,303.0,303.0,315.0,352.0,352.0,352.0
0.0,3303.0,1170.0,1056.0,313.0,1778.0,590.0,590.0,598.0,352.0,352.0,352.0,390.0,390.0,390.0,1105.0,1105.0,1093.0,590.0,590.0,598.0,352.0,352.0,352.0
0.0,2446.0,1125.0,1059.0,921.0,1994.0,666.0,666.0,662.0,353.0,353.0,353.0,375.0,375.0,375.0,818.0,818.0,810.0,666.0,666.0,662.0,353.0,353.0,353.0
0.0,2242.0,1179.0,1062.0,1778.0,1407.0,473.0,473.0,461.0,354.0,354.0,354.0,393.0,393.0,393.0,746.0,746.0,750.0,473.0,473.0,461.0,354.0,354.0,354.0
0.0,2841.0,1137.0,1065.0,1994.0,562.0,190.0,190.0,182.0,355.0,355.0,355.0,379.0,379.0,379.0,943.0,943.0,955.0,190.0,190.0,182.0,355.0,355.0,355.0
0.0,3698.0,1107.0,1065.0,1407.0,262.0,86.0,86.0,90.0,355.0,355.0,355.0,369.0,369.0,369.0,1230.0,1230.0,1238.0,86.0,86.0,90.0,355.0,355.0,355.0
0.0,3998.0,1131.0,1071.0,562.0,855.0,281.0,281.0,293.0,357.0,357.0,357.0,377.0,377.0,377.0,1334.0,1334.0,1330.0,281.0,281.0,293.0,357.0,357.0,357.0
0.0,3429.0,1131.0,1071.0,262.0,1724.0,572.0,572.0,580.0,357.0,357.0,357.0,377.0,377.0,377.0,1147.0,1147.0,1135.0,572.0,572.0,580.0,357.0,357.0,357.0
0.0,2560.0,1041.0,1071.0,855.0,1910.0,638.0,638.0,634.0,357.0,357.0,357.0,347.0,347.0,347.0,856.0,856.0,848.0,638.0,638.0,634.0,357.0,357.0,357.0
0.0,2374.0,1050.0,1071.0,1724.0,1236.0,416.0,416.0,404.0,357.0,357.0,357.0,350.0,350.0,350.0,790.0,790.0,794.0,416.0,416.0,404.0,357.0,357.0,357.0
0.0,3048.0,1170.0,1071.0,1910.0,496.0,168.0,168.0,160.0,357.0,357.0,357.0,390.0,390.0,390.0,1012.0,1012.0,1024.0,168.0,168.0,160.0,357.0,357.0,357.0
0.0,3788.0,1002.0,1071.0,1236.0,262.0,86.0,86.0,90.0,357.0,357.0,357.0,334.0,334.0,334.0,1260.0,1260.0,1268.0,86.0,86.0,90.0,357.0,357.0,357.0
0.0,4022.0,1092.0,1074.0,496.0,870.0,286.0,286.0,298.0,358.0,358.0,358.0,364.0,364.0,364.0,1342.0,1342.0,1338.0,286.0,286.0,298.0,358.0,358.0,358.0
0.0,3426.0,1074.0,1077.0,262.0,1694.0,562.0,562.0,570.0,359.0,359.0,359.0,358.0,358.0,358.0,1146.0,1146.0,1134.0,562.0,562.0,570.0,359.0,359.0,359.0
0.0,2614.0,1056.0,1077.0,870.0,1880.0,628.0,628.0,624.0,359.0,359.0,359.0,352.0,352.0,352.0,874.0,874.0,866.0,628.0,628.0,624.0,359.0,359.0,359.0
0.0,2428.0,1065.0,1077.0,1694.0,1251.0,421.0,421.0,409.0,359.0,359.0,359.0,355.0,355.0,355.0,808.0,808.0,812.0,421.0,421.0,409.0,359.0,359.0,359.0
0.0,3057.0,1179.0,1077.0,1880.0,550.0,186.0,186.0,178.0,359.0,359.0,359.0,393.0,393.0,393.0,1015.0,1015.0,1027.0,186.0,186.0,178.0,359.0,359.0,359.0
0.0,3758.0,942.0,1074.0,1251.0,229.0,75.0,75.0,79.0,358.0,358.0,358.0,314.0,314.0,314.0,1250.0,1250.0,1258.0,75.0,75.0,79.0,358.0,358.0,358.0
0.0,4067.0,973.0,1074.0,550.0,652.0,213.0,213.0,226.0,358.0,358.0,358.0,324.0,324.0,325.0,1357.0,1357.0,1353.0,213.0,213.0,226.0,358.0,358.0,358.0
0.0,3644.0,1047.0,1077.0,229.0,1482.0,491.0,491.0,500.0,359.0,359.0,359.0,349.0,349.0,349.0,1219.0,1219.0,1206.0,491.0,491.0,500.0,359.0,359.0,359.0
0.0,2826.0,1080.0,1077.0,652.0,1910.0,638.0,638.0,634.0,359.0,359.0,359.0,360.0,360.0,360.0,945.0,945.0,936.0,638.0,638.0,634.0,359.0,359.0,359.0
0.0,2398.0,1077.0,1080.0,1482.0,1517.0,510.0,510.0,497.0,360.0,360.0,360.0,359.0,359.0,359.0,798.0,798.0,802.0,510.0,510.0,497.0,360.0,360.0,360.0
0.0,2803.0,1101.0,1083.0,1910.0,720.0,243.0,243.0,234.0,361.0,361.0,361.0,367.0,367.0,367.0,930.0,930.0,943.0,243.0,243.0,234.0,361.0,361.0,361.0
0.0,3612.0,1041.0,1083.0,1517.0,244.0,80.0,80.0,84.0,361.0,361.0,361.0,347.0,347.0,347.0,1201.0,1201.0,1210.0,80.0,80.0,84.0,361.0,361.0,361.0
0.0,4088.0,1083.0,1083.0,720.0,607.0,198.0,198.0,211.0,361.0,361.0,361.0,361.0,361.0,361.0,1364.0,1364.0,1360.0,198.0,198.0,211.0,361.0,361.0,361.0
0.0,3725.0,1128.0,1083.0,244.0,1491.0,494.0,494.0,503.0,361.0,361.0,361.0,376.0,376.0,376.0,1246.0,1246.0,1233.0,494.0,494.0,503.0,361.0,361.0,361.0
0.0,2841.0,1093.0,1083.0,607.0,1977.0,660.0,660.0,657.0,361.0,361.0,361.0,364.0,364.0,365.0,950.0,950.0,941.0,660.0,660.0,657.0,361.0,361.0,361.0
0.0,2355.0,1116.0,1084.0,1491.0,1606.0,538.0,538.0,530.0,361.0,361.0,362.0,372.0,372.0,372.0,784.0,784.0,787.0,538.0,538.0,530.0,361.0,361.0,362.0
0.0,2730.0,1227.0,1086.0,1977.0,864.0,291.0,291.0,282.0,362.0,362.0,362.0,409.0,409.0,409.0,906.0,906.0,918.0,291.0,291.0,282.0,362.0,362.0,362.0
0.0,3480.0,1089.0,1086.0,1606.0,347.0,116.0,116.0,115.0,362.0,362.0,362.0,363.0,363.0,363.0,1157.0,1157.0,1166.0,116.0,116.0,115.0,362.0,362.0,362.0
0.0,3997.0,1164.0,1089.0,864.0,659.0,217.0,217.0,225.0,363.0,363.0,363.0,388.0,388.0,388.0,1332.0,1332.0,1333.0,217.0,217.0,225.0,363.0,363.0,363.0
0.0,3697.0,1017.0,1092.0,347.0,1341.0,444.0,444.0,453.0,364.0,364.0,364.0,339.0,339.0,339.0,1235.0,1235.0,1227.0,444.0,444.0,453.0,364.0,364.0,364.0
0.0,3027.0,1195.0,1095.0,659.0,1889.0,629.0,629.0,631.0,365.0,365.0,365.0,398.0,398.0,399.0,1012.0,1012.0,1003.0,629.0,629.0,631.0,365.0,365.0,365.0
0.0,2491.0,1177.0,1098.0,1341.0,1737.0,581.0,581.0,575.0,366.0,366.0,366.0,392.0,392.0,393.0,831.0,831.0,829.0,581.0,581.0,575.0,366.0,366.0,366.0
0.0,2655.0,1164.0,1101.0,1889.0,1024.0,344.0,344.0,336.0,367.0,367.0,367.0,388.0,388.0,388.0,883.0,883.0,889.0,344.0,344.0,336.0,367.0,367.0,367.0
0.0,3380.0,1149.0,1101.0,1737.0,436.0,146.0,146.0,144.0,367.0,367.0,367.0,383.0,383.0,383.0,1124.0,1124.0,1132.0,146.0,146.0,144.0,367.0,367.0,367.0
0.0,3968.0,1170.0,1104.0,1024.0,594.0,196.0,196.0,202.0,368.0,368.0,368.0,390.0,390.0,390.0,1322.0,1322.0,1324.0,196.0,196.0,202.0,368.0,368.0,368.0
0.0,3822.0,1044.0,1101.0,436.0,1190.0,394.0,394.0,402.0,367.0,367.0,367.0,348.0,348.0,348.0,1276.0,1276.0,1270.0,394.0,394.0,402.0,367.0,367.0,367.0
0.0,3214.0,1065.0,1102.0,594.0,1665.0,553.0,553.0,559.0,367.0,367.0,368.0,355.0,355.0,355.0,1074.0,1074.0,1066.0,553.0,553.0,559.0,367.0,367.0,368.0
0.0,2743.0,1179.0,1104.0,1190.0,1662.0,556.0,556.0,550.0,368.0,368.0,368.0,393.0,393.0,393.0,915.0,915.0,913.0,556.0,556.0,550.0,368.0,368.0,368.0
0.0,2754.0,1239.0,1107.0,1665.0,1248.0,420.0,420.0,408.0,369.0,369.0,369.0,413.0,413.0,413.0,916.0,916.0,922.0,420.0,420.0,408.0,369.0,369.0,369.0
0.0,3180.0,966.0,1104.0,1662.0,540.0,182.0,182.0,176.0,368.0,368.0,368.0,322.0,322.0,322.0,1056.0,1056.0,1068.0,182.0,182.0,176.0,368.0,368.0,368.0
0.0,3876.0,1107.0,1104.0,1248.0,399.0,131.0,131.0,137.0,368.0,368.0,368.0,369.0,369.0,369.0,1290.0,1290.0,1296.0,131.0,131.0,137.0,368.0,368.0,368.0
0.0,4017.0,1128.0,1104.0,540.0,987.0,325.0,325.0,337.0,368.0,368.0,368.0,376.0,376.0,376.0,1341.0,1341.0,1335.0,325.0,325.0,337.0,368.0,368.0,368.0
0.0,3429.0,1212.0,1107.0,399.0,1812.0,602.0,602.0,608.0,369.0,369.0,369.0,404.0,404.0,404.0,1147.0,1147.0,1135.0,602.0,602.0,608.0,369.0,369.0,369.0
0.0,2616.0,1182.0,1107.0,987.0,2007.0,671.0,671.0,665.0,369.0,369.0,369.0,394.0,394.0,394.0,874.0,874.0,868.0,671.0,671.0,665.0,369.0,369.0,369.0
0.0,2421.0,1266.0,1110.0,1812.0,1473.0,495.0,495.0,483.0,370.0,370.0,370.0,422.0,422.0,422.0,805.0,805.0,811.0,495.0,495.0,483.0,370.0,370.0,370.0
0.0,2967.0,1278.0,1116.0,2007.0,768.0,258.0,258.0,252.0,372.0,372.0,372.0,426.0,426.0,426.0,985.0,985.0,997.0,258.0,258.0,252.0,372.0,372.0,372.0
0.0,3696.0,1215.0,1117.0,1473.0,514.0,168.0,168.0,178.0,372.0,372.0,373.0,405.0,405.0,405.0,1230.0,1230.0,1236.0,168.0,168.0,178.0,372.0,372.0,373.0
0.0,3954.0,1176.0,1116.0,768.0,918.0,302.0,302.0,314.0,372.0,372.0,372.0,392.0,392.0,392.0,1320.0,1320.0,1314.0,302.0,302.0,314.0,372.0,372.0,372.0
0.0,3546.0,1203.0,1119.0,514.0,1619.0,539.0,539.0,541.0,373.0,373.0,373.0,401.0,401.0,401.0,1186.0,1186.0,1174.0,539.0,539.0,541.0,373.0,373.0,373.0
0.0,2857.0,1134.0,1119.0,918.0,1835.0,615.0,615.0,605.0,373.0,373.0,373.0,378.0,378.0,378.0,953.0,953.0,951.0,615.0,615.0,605.0,373.0,373.0,373.0
0.0,2641.0,1215.0,1122.0,1619.0,1443.0,485.0,485.0,473.0,374.0,374.0,374.0,405.0,405.0,405.0,877.0,877.0,887.0,485.0,485.0,473.0,374.0,374.0,374.0
0.0,3045.0,1311.0,1125.0,1835.0,931.0,311.0,311.0,309.0,375.0,375.0,375.0,437.0,437.0,437.0,1011.0,1011.0,1023.0,311.0,311.0,309.0,375.0,375.0,375.0
0.0,3569.0,1242.0,1128.0,1443.0,742.0,244.0,244.0,254.0,376.0,376.0,376.0,414.0,414.0,414.0,1189.0,1189.0,1191.0,244.0,244.0,254.0,376.0,376.0,376.0
0.0,3770.0,1245.0,1128.0,931.0,1056.0,348.0,348.0,360.0,376.0,376.0,376.0,415.0,415.0,415.0,1260.0,1260.0,1250.0,348.0,348.0,360.0,376.0,376.0,376.0
0.0,3456.0,1332.0,1131.0,742.0,1658.0,552.0,552.0,554.0,377.0,377.0,377.0,444.0,444.0,444.0,1156.0,1156.0,1144.0,552.0,552.0,554.0,377.0,377.0,377.0
0.0,2866.0,1021.0,1131.0,1056.0,1623.0,544.0,544.0,535.0,377.0,377.0,377.0,340.0,340.0,341.0,956.0,956.0,954.0,544.0,544.0,535.0,377.0,377.0,377.0
0.0,2901.0,1215.0,1131.0,1658.0,1180.0,397.0,397.0,386.0,377.0,377.0,377.0,405.0,405.0,405.0,964.0,964.0,973.0,397.0,397.0,386.0,377.0,377.0,377.0
0.0,3344.0,1041.0,1131.0,1623.0,598.0,200.0,200.0,198.0,377.0,377.0,377.0,347.0,347.0,347.0,1111.0,1111.0,1122.0,200.0,200.0,198.0,377.0,377.0,377.0
0.0,3926.0,1225.0,1134.0,1180.0,655.0,215.0,215.0,225.0,378.0,378.0,378.0,408.0,408.0,409.0,1308.0,1308.0,1310.0,215.0,215.0,225.0,378.0,378.0,378.0
0.0,3881.0,1194.0,1137.0,598.0,1263.0,417.0,417.0,429.0,379.0,379.0,379.0,398.0,398.0,398.0,1297.0,1297.0,1287.0,417.0,417.0,429.0,379.0,379.0,379.0
0.0,3285.0,1131.0,1137.0,655.0,1739.0,579.0,579.0,581.0,379.0,379.0,379.0,377.0,377.0,377.0,1099.0,1099.0,1087.0,579.0,579.0,581.0,379.0,379.0,379.0
0.0,2809.0,1135.0,1138.0,1263.0,1615.0,540.0,540.0,535.0,379.0,379.0,380.0,378.0,378.0,379.0,937.0,937.0,935.0,540.0,540.0,535.0,379.0,379.0,380.0
0.0,2937.0,1179.0,1140.0,1739.0,1063.0,358.0,358.0,347.0,380.0,380.0,380.0,393.0,393.0,393.0,976.0,976.0,985.0,358.0,358.0,347.0,380.0,380.0,380.0
0.0,3497.0,1251.0,1143.0,1615.0,711.0,239.0,239.0,233.0,381.0,381.0,381.0,417.0,417.0,417.0,1162.0,1162.0,1173.0,239.0,239.0,233.0,381.0,381.0,381.0
0.0,3861.0,1099.0,1144.0,1063.0,751.0,247.0,247.0,257.0,381.0,381.0,382.0,366.0,366.0,367.0,1285.0,1285.0,1291.0,247.0,247.0,257.0,381.0,381.0,382.0
0.0,3825.0,1135.0,1146.0,711.0,1183.0,390.0,390.0,403.0,382.0,382.0,382.0,378.0,378.0,379.0,1277.0,1277.0,1271.0,390.0,390.0,403.0,382.0,382.0,382.0
0.0,3401.0,1281.0,1147.0,751.0,1717.0,570.0,570.0,577.0,382.0,382.0,383.0,427.0,427.0,427.0,1138.0,1138.0,1125.0,570.0,570.0,577.0,382.0,382.0,383.0
0.0,2871.0,1209.0,1152.0,1183.0,1763.0,591.0,591.0,581.0,384.0,384.0,384.0,403.0,403.0,403.0,958.0,958.0,955.0,591.0,591.0,581.0,384.0,384.0,384.0
0.0,2845.0,1161.0,1156.0,1717.0,1223.0,412.0,412.0,399.0,385.0,385.0,386.0,387.0,387.0,387.0,945.0,945.0,955.0,412.0,412.0,399.0,385.0,385.0,386.0
0.0,3401.0,1170.0,1158.0,1763.0,638.0,215.0,215.0,208.0,386.0,386.0,386.0,390.0,390.0,390.0,1128.0,1128.0,1145.0,215.0,215.0,208.0,386.0,386.0,386.0
0.0,3994.0,1203.0,1161.0,1223.0,630.0,208.0,208.0,214.0,387.0,387.0,387.0,401.0,401.0,401.0,1329.0,1329.0,1336.0,208.0,208.0,214.0,387.0,387.0,387.0
0.0,4014.0,1146.0,1162.0,638.0,1142.0,375.0,375.0,392.0,387.0,387.0,388.0,382.0,382.0,382.0,1340.0,1340.0,1334.0,375.0,375.0,392.0,387.0,387.0,388.0
0.0,3506.0,1230.0,1164.0,630.0,1750.0,581.0,581.0,588.0,388.0,388.0,388.0,410.0,410.0,410.0,1173.0,1173.0,1160.0,581.0,581.0,588.0,388.0,388.0,388.0
0.0,2906.0,1116.0,1167.0,1142.0,1736.0,582.0,582.0,572.0,389.0,389.0,389.0,372.0,372.0,372.0,971.0,971.0,964.0,582.0,582.0,572.0,389.0,389.0,389.0
0.0,2932.0,1032.0,1165.0,1750.0,1010.0,341.0,341.0,328.0,388.0,388.0,389.0,344.0,344.0,344.0,974.0,974.0,984.0,341.0,341.0,328.0,388.0,388.0,389.0
0.0,3650.0,1197.0,1167.0,1736.0,479.0,162.0,162.0,155.0,389.0,389.0,389.0,399.0,399.0,399.0,1211.0,1211.0,1228.0,162.0,162.0,155.0,389.0,389.0,389.0
0.0,4189.0,1140.0,1167.0,1010.0,609.0,201.0,201.0,207.0,389.0,389.0,389.0,380.0,380.0,380.0,1394.0,1394.0,1401.0,201.0,201.0,207.0,389.0,389.0,389.0
0.0,4059.0,1140.0,1167.0,479.0,1270.0,419.0,419.0,432.0,389.0,389.0,389.0,380.0,380.0,380.0,1355.0,1355.0,1349.0,419.0,419.0,432.0,389.0,389.0,389.0
0.0,3398.0,1056.0,1164.0,609.0,1705.0,566.0,566.0,573.0,388.0,388.0,388.0,352.0,352.0,352.0,1137.0,1137.0,1124.0,566.0,566.0,573.0,388.0,388.0,388.0
0.0,2951.0,1155.0,1167.0,1270.0,1602.0,536.0,536.0,530.0,389.0,389.0,389.0,385.0,385.0,385.0,986.0,986.0,979.0,536.0,536.0,530.0,389.0,389.0,389.0
0.0,3066.0,1065.0,1164.0,1705.0,950.0,321.0,321.0,308.0,388.0,388.0,388.0,355.0,355.0,355.0,1020.0,1020.0,1026.0,321.0,321.0,308.0,388.0,388.0,388.0
0.0,3706.0,1236.0,1168.0,1602.0,600.0,201.0,201.0,198.0,389.0,389.0,390.0,412.0,412.0,412.0,1231.0,1231.0,1244.0,201.0,201.0,198.0,389.0,389.0,390.0
0.0,4072.0,1179.0,1167.0,950.0,825.0,273.0,273.0,279.0,389.0,389.0,389.0,393.0,393.0,393.0,1355.0,1355.0,1362.0,273.0,273.0,279.0,389.0,389.0,389.0
0.0,3843.0,1119.0,1167.0,600.0,1344.0,445.0,445.0,454.0,389.0,389.0,389.0,373.0,373.0,373.0,1283.0,1283.0,1277.0,445.0,445.0,454.0,389.0,389.0,389.0
0.0,3324.0,1215.0,1167.0,825.0,1734.0,577.0,577.0,580.0,389.0,389.0,389.0,405.0,405.0,405.0,1111.0,1111.0,1102.0,577.0,577.0,580.0,389.0,389.0,389.0
0.0,2934.0,1191.0,1170.0,1344.0,1593.0,533.0,533.0,527.0,390.0,390.0,390.0,397.0,397.0,397.0,979.0,979.0,976.0,533.0,533.0,527.0,390.0,390.0,390.0
0.0,3087.0,1266.0,1170.0,1734.0,1125.0,378.0,378.0,369.0,390.0,390.0,390.0,422.0,422.0,422.0,1027.0,1027.0,1033.0,378.0,378.0,369.0,390.0,390.0,390.0
0.0,3555.0,1266.0,1176.0,1593.0,822.0,275.0,275.0,272.0,392.0,392.0,392.0,422.0,422.0,422.0,1182.0,1182.0,1191.0,275.0,275.0,272.0,392.0,392.0,392.0
0.0,3882.0,1135.0,1176.0,1125.0,832.0,275.0,275.0,282.0,392.0,392.0,392.0,378.0,378.0,379.0,1293.0,1293.0,1296.0,275.0,275.0,282.0,392.0,392.0,392.0
0.0,3872.0,1173.0,1176.0,822.0,1183.0,391.0,391.0,401.0,392.0,392.0,392.0,391.0,391.0,391.0,1293.0,1293.0,1286.0,391.0,391.0,401.0,392.0,392.0,392.0
0.0,3521.0,1215.0,1176.0,832.0,1566.0,521.0,521.0,524.0,392.0,392.0,392.0,405.0,405.0,405.0,1177.0,1177.0,1167.0,521.0,521.0,524.0,392.0,392.0,392.0
0.0,3138.0,1152.0,1179.0,1183.0,1547.0,518.0,518.0,511.0,393.0,393.0,393.0,384.0,384.0,384.0,1047.0,1047.0,1044.0,518.0,518.0,511.0,393.0,393.0,393.0
0.0,3169.0,1332.0,1183.0,1566.0,1329.0,445.0,445.0,439.0,394.0,394.0,395.0,444.0,444.0,444.0,1054.0,1054.0,1061.0,445.0,445.0,439.0,394.0,394.0,395.0
0.0,3403.0,1308.0,1188.0,1547.0,1110.0,371.0,371.0,368.0,396.0,396.0,396.0,436.0,436.0,436.0,1131.0,1131.0,1141.0,371.0,371.0,368.0,396.0,396.0,396.0
0.0,3642.0,1299.0,1188.0,1329.0,1080.0,359.0,359.0,362.0,396.0,396.0,396.0,433.0,433.0,433.0,1213.0,1213.0,1216.0,359.0,359.0,362.0,396.0,396.0,396.0
0.0,3672.0,1189.0,1188.0,1110.0,1159.0,384.0,384.0,391.0,396.0,396.0,396.0,396.0,396.0,397.0,1225.0,1225.0,1222.0,384.0,384.0,391.0,396.0,396.0,396.0
0.0,3593.0,1248.0,1188.0,1080.0,1327.0,441.0,441.0,445.0,396.0,396.0,396.0,416.0,416.0,416.0,1200.0,1200.0,1193.0,441.0,441.0,445.0,396.0,396.0,396.0
0.0,3425.0,1389.0,1191.0,1159.0,1569.0,524.0,524.0,521.0,397.0,397.0,397.0,463.0,463.0,463.0,1143.0,1143.0,1139.0,524.0,524.0,521.0,397.0,397.0,397.0
0.0,3195.0,1350.0,1194.0,1327.0,1604.0,537.0,537.0,530.0,398.0,398.0,398.0,450.0,450.0,450.0,1064.0,1064.0,1067.0,537.0,537.0,530.0,398.0,398.0,398.0
0.0,3172.0,1353.0,1197.0,1569.0,1400.0,468.0,468.0,464.0,399.0,399.0,399.0,451.0,451.0,451.0,1055.0,1055.0,1062.0,468.0,468.0,464.0,399.0,399.0,399.0
0.0,3388.0,1191.0,1197.0,1604.0,987.0,328.0,328.0,331.0,399.0,399.0,399.0,397.0,397.0,397.0,1128.0,1128.0,1132.0,328.0,328.0,331.0,399.0,399.0,399.0
0.0,3801.0,1266.0,1200.0,1400.0,865.0,286.0,286.0,293.0,400.0,400.0,400.0,422.0,422.0,422.0,1268.0,1268.0,1265.0,286.0,286.0,293.0,400.0,400.0,400.0
0.0,3935.0,1281.0,1200.0,987.0,1159.0,385.0,385.0,389.0,400.0,400.0,400.0,427.0,427.0,427.0,1314.0,1314.0,1307.0,385.0,385.0,389.0,400.0,400.0,400.0
0.0,3641.0,1188.0,1197.0,865.0,1470.0,491.0,491.0,488.0,399.0,399.0,399.0,396.0,396.0,396.0,1215.0,1215.0,1211.0,491.0,491.0,488.0,399.0,399.0,399.0
0.0,3318.0,1198.0,1197.0,1159.0,1509.0,505.0,505.0,499.0,399.0,399.0,399.0,399.0,399.0,400.0,1105.0,1105.0,1108.0,505.0,505.0,499.0,399.0,399.0,399.0
0.0,3279.0,1246.0,1197.0,1470.0,1285.0,429.0,429.0,427.0,399.0,399.0,399.0,415.0,415.0,416.0,1091.0,1091.0,1097.0,429.0,429.0,427.0,399.0,399.0,399.0
0.0,3503.0,1188.0,1194.0,1509.0,952.0,316.0,316.0,320.0,398.0,398.0,398.0,396.0,396.0,396.0,1167.0,1167.0,1169.0,316.0,316.0,320.0,398.0,398.0,398.0
0.0,3824.0,1167.0,1197.0,1285.0,846.0,280.0,280.0,286.0,399.0,399.0,399.0,389.0,389.0,389.0,1276.0,1276.0,1272.0,280.0,280.0,286.0,399.0,399.0,399.0
0.0,3942.0,1363.0,1200.0,952.0,1269.0,422.0,422.0,425.0,400.0,400.0,400.0,454.0,454.0,455.0,1316.0,1316.0,1310.0,422.0,422.0,425.0,400.0,400.0,400.0
0.0,3531.0,1303.0,1206.0,846.0,1750.0,584.0,584.0,582.0,402.0,402.0,402.0,434.0,434.0,435.0,1178.0,1178.0,1175.0,584.0,584.0,582.0,402.0,402.0,402.0
0.0,3074.0,1161.0,1203.0,1269.0,1630.0,545.0,545.0,540.0,401.0,401.0,401.0,387.0,387.0,387.0,1024.0,1024.0,1026.0,545.0,545.0,540.0,401.0,401.0,401.0
0.0,3182.0,1158.0,1203.0,1750.0,1038.0,347.0,347.0,344.0,401.0,401.0,401.0,386.0,386.0,386.0,1059.0,1059.0,1064.0,347.0,347.0,344.0,401.0,401.0,401.0
0.0,3774.0,1296.0,1206.0,1630.0,716.0,238.0,238.0,240.0,402.0,402.0,402.0,432.0,432.0,432.0,1257.0,1257.0,1260.0,238.0,238.0,240.0,402.0,402.0,402.0
0.0,4108.0,1158.0,1206.0,1038.0,836.0,277.0,277.0,282.0,402.0,402.0,402.0,386.0,386.0,386.0,1370.0,1370.0,1368.0,277.0,277.0,282.0,402.0,402.0,402.0
0.0,3988.0,1266.0,1209.0,716.0,1398.0,465.0,465.0,468.0,403.0,403.0,403.0,422.0,422.0,422.0,1331.0,1331.0,1326.0,465.0,465.0,468.0,403.0,403.0,403.0
0.0,3438.0,1266.0,1209.0,836.0,1828.0,610.0,610.0,608.0,403.0,403.0,403.0,422.0,422.0,422.0,1147.0,1147.0,1144.0,610.0,610.0,608.0,403.0,403.0,403.0
0.0,3008.0,1218.0,1212.0,1398.0,1660.0,555.0,555.0,550.0,404.0,404.0,404.0,406.0,406.0,406.0,1002.0,1002.0,1004.0,555.0,555.0,550.0,404.0,404.0,404.0
0.0,3188.0,1281.0,1215.0,1828.0,1125.0,376.0,376.0,373.0,405.0,405.0,405.0,427.0,427.0,427.0,1061.0,1061.0,1066.0,376.0,376.0,373.0,405.0,405.0,405.0
0.0,3735.0,1269.0,1213.0,1660.0,726.0,240.0,240.0,246.0,404.0,404.0,405.0,423.0,423.0,423.0,1244.0,1244.0,1247.0,240.0,240.0,246.0,404.0,404.0,405.0
0.0,4126.0,1101.0,1212.0,1125.0,698.0,231.0,231.0,236.0,404.0,404.0,404.0,367.0,367.0,367.0,1376.0,1376.0,1374.0,231.0,231.0,236.0,404.0,404.0,404.0
0.0,4150.0,1152.0,1212.0,726.0,1124.0,375.0,375.0,374.0,404.0,404.0,404.0,384.0,384.0,384.0,1385.0,1385.0,1380.0,375.0,375.0,374.0,404.0,404.0,404.0
0.0,3724.0,1161.0,1212.0,698.0,1587.0,531.0,531.0,525.0,404.0,404.0,404.0,387.0,387.0,387.0,1241.0,1241.0,1242.0,531.0,531.0,525.0,404.0,404.0,404.0
0.0,3261.0,1254.0,1212.0,1124.0,1717.0,574.0,574.0,569.0,404.0,404.0,404.0,418.0,418.0,418.0,1085.0,1085.0,1091.0,574.0,574.0,569.0,404.0,404.0,404.0
0.0,3131.0,1221.0,1213.0,1587.0,1355.0,450.0,450.0,455.0,404.0,404.0,405.0,407.0,407.0,407.0,1042.0,1042.0,1047.0,450.0,450.0,455.0,404.0,404.0,405.0
0.0,3497.0,1069.0,1210.0,1717.0,695.0,228.0,228.0,239.0,403.0,403.0,404.0,356.0,356.0,357.0,1166.0,1166.0,1165.0,228.0,228.0,239.0,403.0,403.0,404.0
0.0,4145.0,1170.0,1212.0,1355.0,518.0,172.0,172.0,174.0,404.0,404.0,404.0,390.0,390.0,390.0,1384.0,1384.0,1377.0,172.0,172.0,174.0,404.0,404.0,404.0
0.0,4330.0,1215.0,1215.0,695.0,1050.0,353.0,353.0,344.0,405.0,405.0,405.0,405.0,405.0,405.0,1444.0,1444.0,1442.0,353.0,353.0,344.0,405.0,405.0,405.0
0.0,3810.0,1215.0,1215.0,518.0,1747.0,586.0,586.0,575.0,405.0,405.0,405.0,405.0,405.0,405.0,1267.0,1267.0,1276.0,586.0,586.0,575.0,405.0,405.0,405.0
0.0,3113.0,1257.0,1218.0,1050.0,1966.0,656.0,656.0,654.0,406.0,406.0,406.0,419.0,419.0,419.0,1034.0,1034.0,1045.0,656.0,656.0,654.0,406.0,406.0,406.0
0.0,2906.0,1266.0,1221.0,1747.0,1497.0,496.0,496.0,505.0,407.0,407.0,407.0,422.0,422.0,422.0,968.0,968.0,970.0,496.0,496.0,505.0,407.0,407.0,407.0
0.0,3387.0,1203.0,1224.0,1966.0,746.0,245.0,245.0,256.0,408.0,408.0,408.0,401.0,401.0,401.0,1132.0,1132.0,1123.0,245.0,245.0,256.0,408.0,408.0,408.0
0.0,4150.0,1302.0,1225.0,1497.0,555.0,183.0,183.0,189.0,408.0,408.0,409.0,434.0,434.0,434.0,1387.0,1387.0,1376.0,183.0,183.0,189.0,408.0,408.0,409.0
0.0,4345.0,1275.0,1230.0,746.0,1104.0,371.0,371.0,362.0,410.0,410.0,410.0,425.0,425.0,425.0,1449.0,1449.0,1447.0,371.0,371.0,362.0,410.0,410.0,410.0
0.0,3816.0,1242.0,1230.0,555.0,1791.0,602.0,602.0,587.0,410.0,410.0,410.0,414.0,414.0,414.0,1269.0,1269.0,1278.0,602.0,602.0,587.0,410.0,410.0,410.0
0.0,3129.0,1294.0,1233.0,1104.0,1993.0,666.0,666.0,661.0,411.0,411.0,411.0,431.0,431.0,432.0,1038.0,1038.0,1053.0,666.0,666.0,661.0,411.0,411.0,411.0
0.0,2939.0,1209.0,1233.0,1791.0,1411.0,467.0,467.0,477.0,411.0,411.0,411.0,403.0,403.0,403.0,978.0,978.0,983.0,467.0,467.0,477.0,411.0,411.0,411.0
0.0,3521.0,1320.0,1236.0,1993.0,750.0,245.0,245.0,260.0,412.0,412.0,412.0,440.0,440.0,440.0,1177.0,1177.0,1167.0,245.0,245.0,260.0,412.0,412.0,412.0
0.0,4194.0,1183.0,1236.0,1411.0,522.0,172.0,172.0,178.0,412.0,412.0,412.0,394.0,394.0,395.0,1403.0,1403.0,1388.0,172.0,172.0,178.0,412.0,412.0,412.0
0.0,4422.0,1356.0,1237.0,750.0,1132.0,379.0,379.0,374.0,412.0,412.0,413.0,452.0,452.0,452.0,1476.0,1476.0,1470.0,379.0,379.0,374.0,412.0,412.0,413.0
0.0,3816.0,1350.0,1239.0,522.0,1968.0,661.0,661.0,646.0,413.0,413.0,413.0,450.0,450.0,450.0,1269.0,1269.0,1278.0,661.0,661.0,646.0,413.0,413.0,413.0
0.0,2988.0,1293.0,1242.0,1132.0,2141.0,717.0,717.0,707.0,414.0,414.0,414.0,431.0,431.0,431.0,991.0,991.0,1006.0,717.0,717.0,707.0,414.0,414.0,414.0
0.0,2827.0,1263.0,1243.0,1968.0,1440.0,477.0,477.0,486.0,414.0,414.0,415.0,421.0,421.0,421.0,939.0,939.0,949.0,477.0,477.0,486.0,414.0,414.0,415.0
0.0,3532.0,1281.0,1245.0,2141.0,588.0,191.0,191.0,206.0,415.0,415.0,415.0,427.0,427.0,427.0,1179.0,1179.0,1174.0,191.0,191.0,206.0,415.0,415.0,415.0
0.0,4392.0,1230.0,1246.0,1440.0,382.0,124.0,124.0,134.0,415.0,415.0,416.0,410.0,410.0,410.0,1469.0,1469.0,1454.0,124.0,124.0,134.0,415.0,415.0,416.0
0.0,4602.0,1299.0,1245.0,588.0,1089.0,366.0,366.0,357.0,415.0,415.0,415.0,433.0,433.0,433.0,1536.0,1536.0,1530.0,366.0,366.0,357.0,415.0,415.0,415.0
0.0,3891.0,1302.0,1245.0,382.0,2009.0,676.0,676.0,657.0,415.0,415.0,415.0,434.0,434.0,434.0,1294.0,1294.0,1303.0,676.0,676.0,657.0,415.0,415.0,415.0
0.0,2971.0,1377.0,1248.0,1089.0,2309.0,773.0,773.0,763.0,416.0,416.0,416.0,459.0,459.0,459.0,984.0,984.0,1003.0,773.0,773.0,763.0,416.0,416.0,416.0
0.0,2683.0,1236.0,1248.0,2009.0,1536.0,509.0,509.0,518.0,416.0,416.0,416.0,412.0,412.0,412.0,891.0,891.0,901.0,509.0,509.0,518.0,416.0,416.0,416.0
0.0,3456.0,1359.0,1251.0,2309.0,598.0,193.0,193.0,212.0,417.0,417.0,417.0,453.0,453.0,453.0,1155.0,1155.0,1146.0,193.0,193.0,212.0,417.0,417.0,417.0
0.0,4406.0,1303.0,1248.0,1536.0,353.0,114.0,114.0,125.0,416.0,416.0,416.0,434.0,434.0,435.0,1475.0,1475.0,1456.0,114.0,114.0,125.0,416.0,416.0,416.0
0.0,4639.0,1341.0,1248.0,598.0,1096.0,368.0,368.0,360.0,416.0,416.0,416.0,447.0,447.0,447.0,1550.0,1550.0,1539.0,368.0,368.0,360.0,416.0,416.0,416.0
0.0,3896.0,1350.0,1248.0,353.0,2093.0,704.0,704.0,685.0,416.0,416.0,416.0,450.0,450.0,450.0,1296.0,1296.0,1304.0,704.0,704.0,685.0,416.0,416.0,416.0
0.0,2899.0,1341.0,1251.0,1096.0,2350.0,787.0,787.0,776.0,417.0,417.0,417.0,447.0,447.0,447.0,960.0,960.0,979.0,787.0,787.0,776.0,417.0,417.0,417.0
0.0,2654.0,1470.0,1254.0,2093.0,1739.0,577.0,577.0,585.0,418.0,418.0,418.0,490.0,490.0,490.0,881.0,881.0,892.0,577.0,577.0,585.0,418.0,418.0,418.0
0.0,3277.0,1422.0,1257.0,2350.0,823.0,268.0,268.0,287.0,419.0,419.0,419.0,474.0,474.0,474.0,1095.0,1095.0,1087.0,268.0,268.0,287.0,419.0,419.0,419.0
0.0,4205.0,1371.0,1261.0,1739.0,471.0,152.0,152.0,167.0,420.0,420.0,421.0,457.0,457.0,457.0,1408.0,1408.0,1389.0,152.0,152.0,167.0,420.0,420.0,421.0
0.0,4573.0,1383.0,1266.0,823.0,1051.0,353.0,353.0,345.0,422.0,422.0,422.0,461.0,461.0,461.0,1528.0,1528.0,1517.0,353.0,353.0,345.0,422.0,422.0,422.0
0.0,4013.0,1461.0,1269.0,471.0,2053.0,692.0,692.0,669.0,423.0,423.0,423.0,487.0,487.0,487.0,1335.0,1335.0,1343.0,692.0,692.0,669.0,423.0,423.0,423.0
0.0,3023.0,1126.0,1269.0,1051.0,2128.0,714.0,714.0,700.0,423.0,423.0,423.0,375.0,375.0,376.0,1000.0,1000.0,1023.0,714.0,714.0,700.0,423.0,423.0,423.0
0.0,2948.0,1387.0,1272.0,2053.0,1474.0,488.0,488.0,498.0,424.0,424.0,424.0,462.0,462.0,463.0,978.0,978.0,992.0,488.0,488.0,498.0,424.0,424.0,424.0
0.0,3614.0,1287.0,1272.0,2128.0,633.0,203.0,203.0,227.0,424.0,424.0,424.0,429.0,429.0,429.0,1208.0,1208.0,1198.0,203.0,203.0,227.0,424.0,424.0,424.0
0.0,4455.0,1359.0,1272.0,1474.0,518.0,168.0,168.0,182.0,424.0,424.0,424.0,453.0,453.0,453.0,1493.0,1493.0,1469.0,168.0,168.0,182.0,424.0,424.0,424.0
0.0,4570.0,1338.0,1275.0,633.0,1235.0,415.0,415.0,405.0,425.0,425.0,425.0,446.0,446.0,446.0,1528.0,1528.0,1514.0,415.0,415.0,405.0,425.0,425.0,425.0
0.0,3865.0,1393.0,1279.0,518.0,2126.0,715.0,715.0,696.0,426.0,426.0,427.0,464.0,464.0,465.0,1285.0,1285.0,1295.0,715.0,715.0,696.0,426.0,426.0,427.0
0.0,2990.0,1366.0,1281.0,1235.0,2265.0,759.0,759.0,747.0,427.0,427.0,427.0,455.0,455.0,456.0,989.0,989.0,1012.0,759.0,759.0,747.0,427.0,427.0,427.0
0.0,2859.0,1380.0,1285.0,2126.0,1535.0,508.0,508.0,519.0,428.0,428.0,429.0,460.0,460.0,460.0,949.0,949.0,961.0,508.0,508.0,519.0,428.0,428.0,429.0
0.0,3605.0,1327.0,1287.0,2265.0,605.0,195.0,195.0,215.0,429.0,429.0,429.0,442.0,442.0,443.0,1204.0,1204.0,1197.0,195.0,195.0,215.0,429.0,429.0,429.0
0.0,4543.0,1396.0,1290.0,1535.0,478.0,156.0,156.0,166.0,430.0,430.0,430.0,465.0,465.0,466.0,1521.0,1521.0,1501.0,156.0,156.0,166.0,430.0,430.0,430.0
0.0,4682.0,1230.0,1290.0,605.0,1103.0,371.0,371.0,361.0,430.0,430.0,430.0,410.0,410.0,410.0,1564.0,1564.0,1554.0,371.0,371.0,361.0,430.0,430.0,430.0
0.0,4057.0,1279.0,1290.0,478.0,1904.0,641.0,641.0,622.0,430.0,430.0,430.0,426.0,426.0,427.0,1349.0,1349.0,1359.0,641.0,641.0,622.0,430.0,430.0,430.0
0.0,3256.0,1305.0,1290.0,1103.0,2106.0,705.0,705.0,696.0,430.0,430.0,430.0,435.0,435.0,435.0,1079.0,1079.0,1098.0,705.0,705.0,696.0,430.0,430.0,430.0
0.0,3054.0,1320.0,1293.0,1904.0,1534.0,508.0,508.0,518.0,431.0,431.0,431.0,440.0,440.0,440.0,1015.0,1015.0,1024.0,508.0,508.0,518.0,431.0,431.0,431.0
0.0,3638.0,1305.0,1296.0,2106.0,745.0,242.0,242.0,261.0,432.0,432.0,432.0,435.0,435.0,435.0,1216.0,1216.0,1206.0,242.0,242.0,261.0,432.0,432.0,432.0
0.0,4439.0,1356.0,1302.0,1534.0,591.0,194.0,194.0,203.0,434.0,434.0,434.0,452.0,452.0,452.0,1486.0,1486.0,1467.0,194.0,194.0,203.0,434.0,434.0,434.0
0.0,4617.0,1284.0,1302.0,745.0,1130.0,380.0,380.0,370.0,434.0,434.0,434.0,428.0,428.0,428.0,1542.0,1542.0,1533.0,380.0,380.0,370.0,434.0,434.0,434.0
0.0,4078.0,1209.0,1302.0,591.0,1748.0,589.0,589.0,570.0,434.0,434.0,434.0,403.0,403.0,403.0,1356.0,1356.0,1366.0,589.0,589.0,570.0,434.0,434.0,434.0
0.0,3460.0,1324.0,1305.0,1130.0,1954.0,654.0,654.0,646.0,435.0,435.0,435.0,441.0,441.0,442.0,1147.0,1147.0,1166.0,654.0,654.0,646.0,435.0,435.0,435.0
0.0,3266.0,1269.0,1308.0,1748.0,1487.0,492.0,492.0,503.0,436.0,436.0,436.0,423.0,423.0,423.0,1086.0,1086.0,1094.0,492.0,492.0,503.0,436.0,436.0,436.0
0.0,3745.0,1228.0,1308.0,1954.0,761.0,247.0,247.0,267.0,436.0,436.0,436.0,409.0,409.0,410.0,1252.0,1252.0,1241.0,247.0,247.0,267.0,436.0,436.0,436.0
0.0,4471.0,1323.0,1311.0,1487.0,609.0,200.0,200.0,209.0,437.0,437.0,437.0,441.0,441.0,441.0,1497.0,1497.0,1477.0,200.0,200.0,209.0,437.0,437.0,437.0
0.0,4635.0,1323.0,1311.0,761.0,1171.0,394.0,394.0,383.0,437.0,437.0,437.0,441.0,441.0,441.0,1548.0,1548.0,1539.0,394.0,394.0,383.0,437.0,437.0,437.0
0.0,4073.0,1306.0,1312.0,609.0,1872.0,629.0,629.0,614.0,437.0,437.0,438.0,435.0,435.0,436.0,1354.0,1354.0,1365.0,629.0,629.0,614.0,437.0,437.0,438.0
0.0,3376.0,1359.0,1315.0,1171.0,2072.0,692.0,692.0,688.0,438.0,438.0,439.0,453.0,453.0,453.0,1119.0,1119.0,1138.0,692.0,692.0,688.0,438.0,438.0,439.0
0.0,3188.0,1266.0,1314.0,1872.0,1462.0,485.0,485.0,492.0,438.0,438.0,438.0,422.0,422.0,422.0,1060.0,1060.0,1068.0,485.0,485.0,492.0,438.0,438.0,438.0
0.0,3794.0,1345.0,1317.0,2072.0,747.0,245.0,245.0,257.0,439.0,439.0,439.0,448.0,448.0,449.0,1267.0,1267.0,1260.0,245.0,245.0,257.0,439.0,439.0,439.0
0.0,4521.0,1317.0,1317.0,1462.0,602.0,199.0,199.0,204.0,439.0,439.0,439.0,439.0,439.0,439.0,1511.0,1511.0,1499.0,199.0,199.0,204.0,439.0,439.0,439.0
0.0,4666.0,1290.0,1317.0,747.0,1145.0,384.0,384.0,377.0,439.0,439.0,439.0,430.0,430.0,430.0,1557.0,1557.0,1552.0,384.0,384.0,377.0,439.0,439.0,439.0
0.0,4123.0,1362.0,1320.0,602.0,1917.0,643.0,643.0,631.0,440.0,440.0,440.0,454.0,454.0,454.0,1372.0,1372.0,1379.0,643.0,643.0,631.0,440.0,440.0,440.0
0.0,3363.0,1341.0,1320.0,1145.0,2113.0,706.0,706.0,701.0,440.0,440.0,440.0,447.0,447.0,447.0,1117.0,1117.0,1129.0,706.0,706.0,701.0,440.0,440.0,440.0
0.0,3167.0,1188.0,1320.0,1917.0,1384.0,459.0,459.0,466.0,440.0,440.0,440.0,396.0,396.0,396.0,1054.0,1054.0,1059.0,459.0,459.0,466.0,440.0,440.0,440.0
0.0,3896.0,1395.0,1321.0,2113.0,670.0,218.0,218.0,234.0,440.0,440.0,441.0,465.0,465.0,465.0,1301.0,1301.0,1294.0,218.0,218.0,234.0,440.0,440.0,441.0
0.0,4614.0,1311.0,1320.0,1384.0,593.0,196.0,196.0,201.0,440.0,440.0,440.0,437.0,437.0,437.0,1542.0,1542.0,1530.0,196.0,196.0,201.0,440.0,440.0,440.0
0.0,4687.0,1359.0,1323.0,670.0,1294.0,435.0,435.0,424.0,441.0,441.0,441.0,453.0,453.0,453.0,1564.0,1564.0,1559.0,435.0,435.0,424.0,441.0,441.0,441.0
0.0,3998.0,1378.0,1324.0,593.0,2083.0,698.0,698.0,687.0,441.0,441.0,442.0,459.0,459.0,460.0,1329.0,1329.0,1340.0,698.0,698.0,687.0,441.0,441.0,442.0
0.0,3213.0,1281.0,1324.0,1294.0,2070.0,690.0,690.0,690.0,441.0,441.0,442.0,427.0,427.0,427.0,1066.0,1066.0,1081.0,690.0,690.0,690.0,441.0,441.0,442.0
0.0,3226.0,1290.0,1326.0,2083.0,1285.0,426.0,426.0,433.0,442.0,442.0,442.0,430.0,430.0,430.0,1074.0,1074.0,1078.0,426.0,426.0,433.0,442.0,442.0,442.0
0.0,4019.0,1341.0,1326.0,2070.0,556.0,183.0,183.0,190.0,442.0,442.0,442.0,447.0,447.0,447.0,1342.0,1342.0,1335.0,183.0,183.0,190.0,442.0,442.0,442.0
0.0,4748.0,1374.0,1327.0,1285.0,649.0,215.0,215.0,219.0,442.0,442.0,443.0,458.0,458.0,458.0,1585.0,1585.0,1578.0,215.0,215.0,219.0,442.0,442.0,443.0
0.0,4659.0,1422.0,1329.0,556.0,1523.0,510.0,510.0,503.0,443.0,443.0,443.0,474.0,474.0,474.0,1553.0,1553.0,1553.0,510.0,510.0,503.0,443.0,443.0,443.0
0.0,3793.0,1404.0,1332.0,649.0,2290.0,767.0,767.0,756.0,444.0,444.0,444.0,468.0,468.0,468.0,1262.0,1262.0,1269.0,767.0,767.0,756.0,444.0,444.0,444.0
0.0,3038.0,1320.0,1332.0,1523.0,2087.0,697.0,697.0,693.0,444.0,444.0,444.0,440.0,440.0,440.0,1009.0,1009.0,1020.0,697.0,697.0,693.0,444.0,444.0,444.0
0.0,3241.0,1368.0,1332.0,2290.0,1165.0,386.0,386.0,393.0,444.0,444.0,444.0,456.0,456.0,456.0,1079.0,1079.0,1083.0,386.0,386.0,393.0,444.0,444.0,444.0
0.0,4163.0,1320.0,1332.0,2087.0,398.0,129.0,129.0,140.0,444.0,444.0,444.0,440.0,440.0,440.0,1390.0,1390.0,1383.0,129.0,129.0,140.0,444.0,444.0,444.0
0.0,4930.0,1494.0,1335.0,1165.0,739.0,245.0,245.0,249.0,445.0,445.0,445.0,498.0,498.0,498.0,1647.0,1647.0,1636.0,245.0,245.0,249.0,445.0,445.0,445.0
0.0,4601.0,1425.0,1336.0,398.0,1770.0,591.0,591.0,588.0,445.0,445.0,446.0,475.0,475.0,475.0,1535.0,1535.0,1531.0,591.0,591.0,588.0,445.0,445.0,446.0
0.0,3574.0,1558.0,1338.0,739.0,2597.0,869.0,869.0,859.0,446.0,446.0,446.0,519.0,519.0,520.0,1189.0,1189.0,1196.0,869.0,869.0,859.0,446.0,446.0,446.0
0.0,2755.0,1494.0,1339.0,1770.0,2325.0,776.0,776.0,773.0,446.0,446.0,447.0,498.0,498.0,498.0,915.0,915.0,925.0,776.0,776.0,773.0,446.0,446.0,447.0
0.0,3031.0,1395.0,1339.0,2597.0,1123.0,372.0,372.0,379.0,446.0,446.0,447.0,465.0,465.0,465.0,1008.0,1008.0,1015.0,372.0,372.0,379.0,446.0,446.0,447.0
0.0,4233.0,1296.0,1338.0,2325.0,90.0,28.0,28.0,34.0,446.0,446.0,446.0,432.0,432.0,432.0,1412.0,1412.0,1409.0,28.0,28.0,34.0,446.0,446.0,446.0
0.0,5262.0,1357.0,1336.0,1123.0,316.0,104.0,104.0,108.0,445.0,445.0,446.0,452.0,452.0,453.0,1756.0,1756.0,1750.0,104.0,104.0,108.0,445.0,445.0,446.0
0.0,5028.0,1530.0,1344.0,90.0,1788.0,598.0,598.0,592.0,448.0,448.0,448.0,510.0,510.0,510.0,1676.0,1676.0,1676.0,598.0,598.0,592.0,448.0,448.0,448.0
0.0,3588.0,1368.0,1344.0,316.0,2840.0,950.0,950.0,940.0,448.0,448.0,448.0,456.0,456.0,456.0,1194.0,1194.0,1200.0,950.0,950.0,940.0,448.0,448.0,448.0
0.0,2536.0,1443.0,1347.0,1788.0,2507.0,837.0,837.0,833.0,449.0,449.0,449.0,481.0,481.0,481.0,842.0,842.0,852.0,837.0,837.0,833.0,449.0,449.0,449.0
0.0,2881.0,1335.0,1347.0,2840.0,1002.0,332.0,332.0,338.0,449.0,449.0,449.0,445.0,445.0,445.0,959.0,959.0,963.0,332.0,332.0,338.0,449.0,449.0,449.0
0.0,4386.0,1389.0,1347.0,2507.0,0.0,0.0,0.0,0.0,449.0,449.0,449.0,463.0,463.0,463.0,1464.0,1464.0,1458.0,0.0,0.0,0.0,449.0,449.0,449.0
0.0,5504.0,1383.0,1347.0,1002.0,265.0,87.0,87.0,91.0,449.0,449.0,449.0,461.0,461.0,461.0,1838.0,1838.0,1828.0,87.0,87.0,91.0,449.0,449.0,449.0
0.0,5123.0,1284.0,1344.0,0.0,1537.0,511.0,511.0,515.0,448.0,448.0,448.0,428.0,428.0,428.0,1709.0,1709.0,1705.0,511.0,511.0,515.0,448.0,448.0,448.0
0.0,3839.0,1290.0,1344.0,265.0,2562.0,854.0,854.0,854.0,448.0,448.0,448.0,430.0,430.0,430.0,1281.0,1281.0,1277.0,854.0,854.0,854.0,448.0,448.0,448.0
0.0,2814.0,1368.0,1344.0,1537.0,2393.0,799.0,799.0,795.0,448.0,448.0,448.0,456.0,456.0,456.0,938.0,938.0,938.0,799.0,799.0,795.0,448.0,448.0,448.0
0.0,2983.0,1422.0,1344.0,2562.0,1253.0,419.0,419.0,415.0,448.0,448.0,448.0,474.0,474.0,474.0,993.0,993.0,997.0,419.0,419.0,415.0,448.0,448.0,448.0
0.0,4123.0,1441.0,1350.0,2393.0,325.0,108.0,108.0,109.0,450.0,450.0,450.0,480.0,480.0,481.0,1373.0,1373.0,1377.0,108.0,108.0,109.0,450.0,450.0,450.0
0.0,5075.0,1371.0,1350.0,1253.0,443.0,146.0,146.0,151.0,450.0,450.0,450.0,457.0,457.0,457.0,1692.0,1692.0,1691.0,146.0,146.0,151.0,450.0,450.0,450.0
0.0,4957.0,1392.0,1353.0,325.0,1522.0,506.0,506.0,510.0,451.0,451.0,451.0,464.0,464.0,464.0,1654.0,1654.0,1649.0,506.0,506.0,510.0,451.0,451.0,451.0
0.0,3890.0,1404.0,1353.0,443.0,2483.0,828.0,828.0,827.0,451.0,451.0,451.0,468.0,468.0,468.0,1298.0,1298.0,1294.0,828.0,828.0,827.0,451.0,451.0,451.0
0.0,2929.0,1408.0,1356.0,1522.0,2381.0,795.0,795.0,791.0,452.0,452.0,452.0,469.0,469.0,470.0,976.0,976.0,977.0,795.0,795.0,791.0,452.0,452.0,452.0
0.0,3043.0,1377.0,1356.0,2483.0,1275.0,426.0,426.0,423.0,452.0,452.0,452.0,459.0,459.0,459.0,1013.0,1013.0,1017.0,426.0,426.0,423.0,452.0,452.0,452.0
0.0,4149.0,1344.0,1357.0,2381.0,242.0,79.0,79.0,84.0,452.0,452.0,453.0,448.0,448.0,448.0,1382.0,1382.0,1385.0,79.0,79.0,84.0,452.0,452.0,453.0
0.0,5186.0,1293.0,1359.0,1275.0,268.0,88.0,88.0,92.0,453.0,453.0,453.0,431.0,431.0,431.0,1729.0,1729.0,1728.0,88.0,88.0,92.0,453.0,453.0,453.0
0.0,5168.0,1491.0,1362.0,242.0,1529.0,510.0,510.0,509.0,454.0,454.0,454.0,497.0,497.0,497.0,1724.0,1724.0,1720.0,510.0,510.0,509.0,454.0,454.0,454.0
0.0,3919.0,1399.0,1365.0,268.0,2672.0,892.0,892.0,888.0,455.0,455.0,455.0,466.0,466.0,467.0,1306.0,1306.0,1307.0,892.0,892.0,888.0,455.0,455.0,455.0
0.0,2788.0,1296.0,1365.0,1529.0,2439.0,814.0,814.0,811.0,455.0,455.0,455.0,432.0,432.0,432.0,928.0,928.0,932.0,814.0,814.0,811.0,455.0,455.0,455.0
0.0,3021.0,1446.0,1368.0,2672.0,1225.0,408.0,408.0,409.0,456.0,456.0,456.0,482.0,482.0,482.0,1006.0,1006.0,1009.0,408.0,408.0,409.0,456.0,456.0,456.0
0.0,4247.0,1347.0,1368.0,2439.0,133.0,43.0,43.0,47.0,456.0,456.0,456.0,449.0,449.0,449.0,1416.0,1416.0,1415.0,43.0,43.0,47.0,456.0,456.0,456.0
0.0,5339.0,1344.0,1369.0,1225.0,256.0,83.0,83.0,90.0,456.0,456.0,457.0,448.0,448.0,448.0,1781.0,1781.0,1777.0,83.0,83.0,90.0,456.0,456.0,457.0
0.0,5220.0,1299.0,1368.0,133.0,1418.0,473.0,473.0,472.0,456.0,456.0,456.0,433.0,433.0,433.0,1741.0,1741.0,1738.0,473.0,473.0,472.0,456.0,456.0,456.0
0.0,4054.0,1335.0,1371.0,256.0,2509.0,839.0,839.0,831.0,457.0,457.0,457.0,445.0,445.0,445.0,1351.0,1351.0,1352.0,839.0,839.0,831.0,457.0,457.0,457.0
0.0,2975.0,1452.0,1371.0,1418.0,2543.0,850.0,850.0,843.0,457.0,457.0,457.0,484.0,484.0,484.0,989.0,989.0,997.0,850.0,850.0,843.0,457.0,457.0,457.0
0.0,2941.0,1302.0,1371.0,2509.0,1336.0,445.0,445.0,446.0,457.0,457.0,457.0,434.0,434.0,434.0,978.0,978.0,985.0,445.0,445.0,446.0,457.0,457.0,457.0
0.0,4148.0,1320.0,1371.0,2543.0,113.0,35.0,35.0,43.0,457.0,457.0,457.0,440.0,440.0,440.0,1383.0,1383.0,1382.0,35.0,35.0,43.0,457.0,457.0,457.0
0.0,5371.0,1401.0,1374.0,1336.0,190.0,61.0,61.0,68.0,458.0,458.0,458.0,467.0,467.0,467.0,1793.0,1793.0,1785.0,61.0,61.0,68.0,458.0,458.0,458.0
0.0,5306.0,1452.0,1374.0,113.0,1529.0,510.0,510.0,509.0,458.0,458.0,458.0,484.0,484.0,484.0,1771.0,1771.0,1764.0,510.0,510.0,509.0,458.0,458.0,458.0
0.0,3967.0,1450.0,1380.0,190.0,2813.0,940.0,940.0,933.0,460.0,460.0,460.0,483.0,483.0,484.0,1322.0,1322.0,1323.0,940.0,940.0,933.0,460.0,460.0,460.0
0.0,2707.0,1401.0,1380.0,1529.0,2685.0,897.0,897.0,891.0,460.0,460.0,460.0,467.0,467.0,467.0,900.0,900.0,907.0,897.0,897.0,891.0,460.0,460.0,460.0
0.0,2835.0,1293.0,1380.0,2813.0,1165.0,388.0,388.0,389.0,460.0,460.0,460.0,431.0,431.0,431.0,943.0,943.0,949.0,388.0,388.0,389.0,460.0,460.0,460.0
0.0,4355.0,1434.0,1380.0,2685.0,0.0,0.0,0.0,0.0,460.0,460.0,460.0,478.0,478.0,478.0,1452.0,1452.0,1451.0,0.0,0.0,0.0,460.0,460.0,460.0
0.0,5606.0,1452.0,1383.0,1165.0,213.0,69.0,69.0,75.0,461.0,461.0,461.0,484.0,484.0,484.0,1871.0,1871.0,1864.0,69.0,69.0,75.0,461.0,461.0,461.0
0.0,5319.0,1401.0,1386.0,0.0,1626.0,540.0,540.0,546.0,462.0,462.0,462.0,467.0,467.0,467.0,1775.0,1775.0,1769.0,540.0,540.0,546.0,462.0,462.0,462.0
0.0,3918.0,1515.0,1389.0,213.0,2940.0,980.0,980.0,980.0,463.0,463.0,463.0,505.0,505.0,505.0,1308.0,1308.0,1302.0,980.0,980.0,980.0,463.0,463.0,463.0
0.0,2616.0,1473.0,1392.0,1626.0,2799.0,935.0,935.0,929.0,464.0,464.0,464.0,491.0,491.0,491.0,872.0,872.0,872.0,935.0,935.0,929.0,464.0,464.0,464.0
0.0,2769.0,1452.0,1392.0,2940.0,1311.0,439.0,439.0,433.0,464.0,464.0,464.0,484.0,484.0,484.0,921.0,921.0,927.0,439.0,439.0,433.0,464.0,464.0,464.0
0.0,4257.0,1393.0,1392.0,2799.0,0.0,0.0,0.0,0.0,464.0,464.0,464.0,464.0,464.0,465.0,1417.0,1417.0,1423.0,0.0,0.0,0.0,464.0,464.0,464.0
0.0,5663.0,1458.0,1395.0,1311.0,64.0,19.0,19.0,26.0,465.0,465.0,465.0,486.0,486.0,486.0,1888.0,1888.0,1887.0,19.0,19.0,26.0,465.0,465.0,465.0
0.0,5516.0,1557.0,1398.0,0.0,1633.0,542.0,542.0,549.0,466.0,466.0,466.0,519.0,519.0,519.0,1841.0,1841.0,1834.0,542.0,542.0,549.0,466.0,466.0,466.0
0.0,3959.0,1314.0,1398.0,64.0,2883.0,961.0,961.0,961.0,466.0,466.0,466.0,438.0,438.0,438.0,1322.0,1322.0,1315.0,961.0,961.0,961.0,466.0,466.0,466.0
0.0,2709.0,1605.0,1404.0,1633.0,2879.0,962.0,962.0,955.0,468.0,468.0,468.0,535.0,535.0,535.0,903.0,903.0,903.0,962.0,962.0,955.0,468.0,468.0,468.0
0.0,2737.0,1492.0,1404.0,2883.0,1488.0,498.0,498.0,492.0,468.0,468.0,468.0,497.0,497.0,498.0,910.0,910.0,917.0,498.0,498.0,492.0,468.0,468.0,468.0
0.0,4128.0,1632.0,1407.0,2879.0,253.0,84.0,84.0,85.0,469.0,469.0,469.0,544.0,544.0,544.0,1374.0,1374.0,1380.0,84.0,84.0,85.0,469.0,469.0,469.0
0.0,5375.0,1443.0,1404.0,1488.0,196.0,63.0,63.0,70.0,468.0,468.0,468.0,481.0,481.0,481.0,1792.0,1792.0,1791.0,63.0,63.0,70.0,468.0,468.0,468.0
0.0,5420.0,1512.0,1404.0,253.0,1455.0,483.0,483.0,489.0,468.0,468.0,468.0,504.0,504.0,504.0,1809.0,1809.0,1802.0,483.0,483.0,489.0,468.0,468.0,468.0
0.0,4161.0,1428.0,1405.0,196.0,2691.0,896.0,896.0,899.0,468.0,468.0,469.0,476.0,476.0,476.0,1389.0,1389.0,1383.0,896.0,896.0,899.0,468.0,468.0,469.0
0.0,2929.0,1461.0,1410.0,1455.0,2717.0,908.0,908.0,901.0,470.0,470.0,470.0,487.0,487.0,487.0,976.0,976.0,977.0,908.0,908.0,901.0,470.0,470.0,470.0
0.0,2923.0,1372.0,1410.0,2691.0,1398.0,469.0,469.0,460.0,470.0,470.0,470.0,457.0,457.0,458.0,972.0,972.0,979.0,469.0,469.0,460.0,470.0,470.0,470.0
0.0,4242.0,1314.0,1404.0,2717.0,0.0,0.0,0.0,0.0,468.0,468.0,468.0,438.0,438.0,438.0,1411.0,1411.0,1420.0,0.0,0.0,0.0,468.0,468.0,468.0
0.0,5645.0,1512.0,1407.0,1398.0,97.0,30.0,30.0,37.0,469.0,469.0,469.0,504.0,504.0,504.0,1881.0,1881.0,1883.0,30.0,30.0,37.0,469.0,469.0,469.0
0.0,5531.0,1512.0,1410.0,0.0,1621.0,538.0,538.0,545.0,470.0,470.0,470.0,504.0,504.0,504.0,1846.0,1846.0,1839.0,538.0,538.0,545.0,470.0,470.0,470.0
0.0,4019.0,1485.0,1413.0,97.0,3021.0,1007.0,1007.0,1007.0,471.0,471.0,471.0,495.0,495.0,495.0,1342.0,1342.0,1335.0,1007.0,1007.0,1007.0,471.0,471.0,471.0
0.0,2631.0,1383.0,1411.0,1621.0,2775.0,926.0,926.0,923.0,470.0,470.0,471.0,461.0,461.0,461.0,877.0,877.0,877.0,926.0,926.0,923.0,470.0,470.0,471.0
0.0,2869.0,1555.0,1416.0,3021.0,1329.0,445.0,445.0,439.0,472.0,472.0,472.0,518.0,518.0,519.0,954.0,954.0,961.0,445.0,445.0,439.0,472.0,472.0,472.0
0.0,4335.0,1432.0,1419.0,2775.0,0.0,0.0,0.0,0.0,473.0,473.0,473.0,477.0,477.0,478.0,1443.0,1443.0,1449.0,0.0,0.0,0.0,473.0,473.0,473.0
0.0,5678.0,1443.0,1422.0,1329.0,124.0,40.0,40.0,44.0,474.0,474.0,474.0,481.0,481.0,481.0,1892.0,1892.0,1894.0,40.0,40.0,44.0,474.0,474.0,474.0
0.0,5564.0,1546.0,1425.0,0.0,1682.0,559.0,559.0,564.0,475.0,475.0,475.0,515.0,515.0,516.0,1856.0,1856.0,1852.0,559.0,559.0,564.0,475.0,475.0,475.0
0.0,4018.0,1575.0,1428.0,124.0,3145.0,1048.0,1048.0,1049.0,476.0,476.0,476.0,525.0,525.0,525.0,1341.0,1341.0,1336.0,1048.0,1048.0,1049.0,476.0,476.0,476.0
0.0,2567.0,1491.0,1428.0,1682.0,2954.0,986.0,986.0,982.0,476.0,476.0,476.0,497.0,497.0,497.0,856.0,856.0,855.0,986.0,986.0,982.0,476.0,476.0,476.0
0.0,2758.0,1425.0,1428.0,3145.0,1234.0,413.0,413.0,408.0,476.0,476.0,476.0,475.0,475.0,475.0,918.0,918.0,922.0,413.0,413.0,408.0,476.0,476.0,476.0
0.0,4478.0,1572.0,1432.0,2954.0,0.0,0.0,0.0,0.0,477.0,477.0,478.0,524.0,524.0,524.0,1491.0,1491.0,1496.0,0.0,0.0,0.0,477.0,477.0,478.0
0.0,5860.0,1320.0,1431.0,1234.0,0.0,0.0,0.0,0.0,477.0,477.0,477.0,440.0,440.0,440.0,1953.0,1953.0,1954.0,0.0,0.0,0.0,477.0,477.0,477.0
0.0,5774.0,1404.0,1431.0,0.0,1354.0,450.0,450.0,454.0,477.0,477.0,477.0,468.0,468.0,468.0,1926.0,1926.0,1922.0,450.0,450.0,454.0,477.0,477.0,477.0
0.0,4370.0,1488.0,1434.0,0.0,2854.0,950.0,950.0,954.0,478.0,478.0,478.0,496.0,496.0,496.0,1458.0,1458.0,1454.0,950.0,950.0,954.0,478.0,478.0,478.0
0.0,2882.0,1458.0,1434.0,1354.0,2958.0,986.0,986.0,986.0,478.0,478.0,478.0,486.0,486.0,486.0,962.0,962.0,958.0,986.0,986.0,986.0,478.0,478.0,478.0
0.0,2778.0,1540.0,1440.0,2854.0,1668.0,557.0,557.0,554.0,480.0,480.0,480.0,513.0,513.0,514.0,926.0,926.0,926.0,557.0,557.0,554.0,480.0,480.0,480.0
0.0,4092.0,1348.0,1437.0,2958.0,46.0,16.0,16.0,14.0,479.0,479.0,479.0,449.0,449.0,450.0,1363.0,1363.0,1366.0,16.0,16.0,14.0,479.0,479.0,479.0
0.0,5702.0,1539.0,1440.0,1668.0,0.0,0.0,0.0,0.0,480.0,480.0,480.0,513.0,513.0,513.0,1900.0,1900.0,1902.0,0.0,0.0,0.0,480.0,480.0,480.0
0.0,5831.0,1491.0,1443.0,46.0,1386.0,461.0,461.0,464.0,481.0,481.0,481.0,497.0,497.0,497.0,1944.0,1944.0,1943.0,461.0,461.0,464.0,481.0,481.0,481.0
0.0,4386.0,1390.0,1443.0,0.0,2776.0,924.0,924.0,928.0,481.0,481.0,481.0,463.0,463.0,464.0,1463.0,1463.0,1460.0,924.0,924.0,928.0,481.0,481.0,481.0
0.0,2996.0,1401.0,1443.0,1386.0,2791.0,930.0,930.0,931.0,481.0,481.0,481.0,467.0,467.0,467.0,1000.0,1000.0,996.0,930.0,930.0,931.0,481.0,481.0,481.0
0.0,2981.0,1560.0,1449.0,2776.0,1599.0,534.0,534.0,531.0,483.0,483.0,483.0,520.0,520.0,520.0,994.0,994.0,993.0,534.0,534.0,531.0,483.0,483.0,483.0
0.0,4197.0,1515.0,1452.0,2791.0,335.0,113.0,113.0,109.0,484.0,484.0,484.0,505.0,505.0,505.0,1398.0,1398.0,1401.0,113.0,113.0,109.0,484.0,484.0,484.0
0.0,5473.0,1377.0,1452.0,1599.0,113.0,38.0,38.0,37.0,484.0,484.0,484.0,459.0,459.0,459.0,1823.0,1823.0,1827.0,38.0,38.0,37.0,484.0,484.0,484.0
0.0,5695.0,1443.0,1452.0,335.0,1221.0,406.0,406.0,409.0,484.0,484.0,484.0,481.0,481.0,481.0,1898.0,1898.0,1899.0,406.0,406.0,409.0,484.0,484.0,484.0
0.0,4587.0,1614.0,1458.0,113.0,2746.0,914.0,914.0,918.0,486.0,486.0,486.0,538.0,538.0,538.0,1530.0,1530.0,1527.0,914.0,914.0,918.0,486.0,486.0,486.0
0.0,3086.0,1569.0,1464.0,1221.0,3118.0,1039.0,1039.0,1040.0,488.0,488.0,488.0,523.0,523.0,523.0,1030.0,1030.0,1026.0,1039.0,1039.0,1040.0,488.0,488.0,488.0
0.0,2738.0,1459.0,1464.0,2746.0,1831.0,611.0,611.0,609.0,488.0,488.0,488.0,486.0,486.0,487.0,913.0,913.0,912.0,611.0,611.0,609.0,488.0,488.0,488.0
0.0,4025.0,1552.0,1467.0,3118.0,277.0,93.0,93.0,91.0,489.0,489.0,489.0,517.0,517.0,518.0,1341.0,1341.0,1343.0,93.0,93.0,91.0,489.0,489.0,489.0
0.0,5591.0,1545.0,1468.0,1831.0,1.0,0.0,0.0,1.0,489.0,489.0,490.0,515.0,515.0,515.0,1863.0,1863.0,1865.0,0.0,0.0,1.0,489.0,489.0,490.0
0.0,5877.0,1506.0,1470.0,277.0,1232.0,410.0,410.0,412.0,490.0,490.0,490.0,502.0,502.0,502.0,1959.0,1959.0,1959.0,410.0,410.0,412.0,490.0,490.0,490.0
0.0,4648.0,1479.0,1473.0,1.0,2722.0,907.0,907.0,908.0,491.0,491.0,491.0,493.0,493.0,493.0,1550.0,1550.0,1548.0,907.0,907.0,908.0,491.0,491.0,491.0
0.0,3170.0,1452.0,1474.0,1232.0,2946.0,981.0,981.0,984.0,491.0,491.0,492.0,484.0,484.0,484.0,1057.0,1057.0,1056.0,981.0,981.0,984.0,491.0,491.0,492.0
0.0,2950.0,1569.0,1476.0,2722.0,1801.0,601.0,601.0,599.0,492.0,492.0,492.0,523.0,523.0,523.0,983.0,983.0,984.0,601.0,601.0,599.0,492.0,492.0,492.0
0.0,4103.0,1509.0,1479.0,2946.0,376.0,127.0,127.0,122.0,493.0,493.0,493.0,503.0,503.0,503.0,1367.0,1367.0,1369.0,127.0,127.0,122.0,493.0,493.0,493.0
0.0,5540.0,1614.0,1480.0,1801.0,193.0,64.0,64.0,65.0,493.0,493.0,494.0,538.0,538.0,538.0,1845.0,1845.0,1850.0,64.0,64.0,65.0,493.0,493.0,494.0
0.0,5727.0,1440.0,1479.0,376.0,1253.0,417.0,417.0,419.0,493.0,493.0,493.0,480.0,480.0,480.0,1908.0,1908.0,1911.0,417.0,417.0,419.0,493.0,493.0,493.0
0.0,4663.0,1479.0,1480.0,193.0,2543.0,846.0,846.0,851.0,493.0,493.0,494.0,493.0,493.0,493.0,1555.0,1555.0,1553.0,846.0,846.0,851.0,493.0,493.0,494.0
0.0,3377.0,1495.0,1482.0,1253.0,2793.0,931.0,931.0,931.0,494.0,494.0,494.0,498.0,498.0,499.0,1126.0,1126.0,1125.0,931.0,931.0,931.0,494.0,494.0,494.0
0.0,3135.0,1548.0,1485.0,2543.0,1810.0,605.0,605.0,600.0,495.0,495.0,495.0,516.0,516.0,516.0,1045.0,1045.0,1045.0,605.0,605.0,600.0,495.0,495.0,495.0
0.0,4130.0,1593.0,1485.0,2793.0,610.0,205.0,205.0,200.0,495.0,495.0,495.0,531.0,531.0,531.0,1375.0,1375.0,1380.0,205.0,205.0,200.0,495.0,495.0,495.0
0.0,5330.0,1638.0,1491.0,1810.0,462.0,154.0,154.0,154.0,497.0,497.0,497.0,546.0,546.0,546.0,1775.0,1775.0,1780.0,154.0,154.0,154.0,497.0,497.0,497.0
0.0,5502.0,1573.0,1491.0,610.0,1425.0,473.0,473.0,479.0,497.0,497.0,497.0,524.0,524.0,525.0,1834.0,1834.0,1834.0,473.0,473.0,479.0,497.0,497.0,497.0
0.0,4539.0,1515.0,1491.0,462.0,2478.0,824.0,824.0,830.0,497.0,497.0,497.0,505.0,505.0,505.0,1515.0,1515.0,1509.0,824.0,824.0,830.0,497.0,497.0,497.0
0.0,3486.0,1555.0,1489.0,1425.0,2600.0,865.0,865.0,870.0,496.0,496.0,497.0,518.0,518.0,519.0,1164.0,1164.0,1158.0,865.0,865.0,870.0,496.0,496.0,497.0
0.0,3356.0,1576.0,1491.0,2478.0,1706.0,570.0,570.0,566.0,497.0,497.0,497.0,525.0,525.0,526.0,1119.0,1119.0,1118.0,570.0,570.0,566.0,497.0,497.0,497.0
0.0,4258.0,1531.0,1492.0,2600.0,641.0,215.0,215.0,211.0,497.0,497.0,498.0,510.0,510.0,511.0,1418.0,1418.0,1422.0,215.0,215.0,211.0,497.0,497.0,498.0
0.0,5327.0,1561.0,1494.0,1706.0,504.0,169.0,169.0,166.0,498.0,498.0,498.0,520.0,520.0,521.0,1773.0,1773.0,1781.0,169.0,169.0,166.0,498.0,498.0,498.0
0.0,5472.0,1599.0,1497.0,641.0,1474.0,491.0,491.0,492.0,499.0,499.0,499.0,533.0,533.0,533.0,1823.0,1823.0,1826.0,491.0,491.0,492.0,499.0,499.0,499.0
0.0,4514.0,1671.0,1503.0,504.0,2665.0,887.0,887.0,891.0,501.0,501.0,501.0,557.0,557.0,557.0,1505.0,1505.0,1504.0,887.0,887.0,891.0,501.0,501.0,501.0
0.0,3347.0,1524.0,1507.0,1474.0,2731.0,908.0,908.0,915.0,502.0,502.0,503.0,508.0,508.0,508.0,1117.0,1117.0,1113.0,908.0,908.0,915.0,502.0,502.0,503.0
0.0,3297.0,1603.0,1509.0,2665.0,1677.0,559.0,559.0,559.0,503.0,503.0,503.0,534.0,534.0,535.0,1100.0,1100.0,1097.0,559.0,559.0,559.0,503.0,503.0,503.0
0.0,4359.0,1600.0,1510.0,2731.0,550.0,184.0,184.0,182.0,503.0,503.0,504.0,533.0,533.0,534.0,1453.0,1453.0,1453.0,184.0,184.0,182.0,503.0,503.0,504.0
0.0,5490.0,1551.0,1512.0,1677.0,432.0,146.0,146.0,140.0,504.0,504.0,504.0,517.0,517.0,517.0,1828.0,1828.0,1834.0,146.0,146.0,140.0,504.0,504.0,504.0
0.0,5616.0,1539.0,1515.0,550.0,1433.0,479.0,479.0,475.0,505.0,505.0,505.0,513.0,513.0,513.0,1870.0,1870.0,1876.0,479.0,479.0,475.0,505.0,505.0,505.0
0.0,4627.0,1431.0,1512.0,432.0,2420.0,806.0,806.0,808.0,504.0,504.0,504.0,477.0,477.0,477.0,1541.0,1541.0,1545.0,806.0,806.0,808.0,504.0,504.0,504.0
0.0,3628.0,1569.0,1515.0,1433.0,2568.0,854.0,854.0,860.0,505.0,505.0,505.0,523.0,523.0,523.0,1210.0,1210.0,1208.0,854.0,854.0,860.0,505.0,505.0,505.0
0.0,3492.0,1347.0,1513.0,2420.0,1487.0,493.0,493.0,501.0,504.0,504.0,505.0,449.0,449.0,449.0,1166.0,1166.0,1160.0,493.0,493.0,501.0,504.0,504.0,505.0
0.0,4565.0,1506.0,1512.0,2568.0,421.0,141.0,141.0,139.0,504.0,504.0,504.0,502.0,502.0,502.0,1523.0,1523.0,1519.0,141.0,141.0,139.0,504.0,504.0,504.0
0.0,5627.0,1518.0,1512.0,1487.0,452.0,154.0,154.0,144.0,504.0,504.0,504.0,506.0,506.0,506.0,1875.0,1875.0,1877.0,154.0,154.0,144.0,504.0,504.0,504.0
0.0,5596.0,1548.0,1512.0,421.0,1579.0,529.0,529.0,521.0,504.0,504.0,504.0,516.0,516.0,516.0,1862.0,1862.0,1872.0,529.0,529.0,521.0,504.0,504.0,504.0
0.0,4469.0,1569.0,1515.0,452.0,2708.0,902.0,902.0,904.0,505.0,505.0,505.0,523.0,523.0,523.0,1487.0,1487.0,1495.0,902.0,902.0,904.0,505.0,505.0,505.0
0.0,3352.0,1458.0,1513.0,1579.0,2579.0,855.0,855.0,869.0,504.0,504.0,505.0,486.0,486.0,486.0,1118.0,1118.0,1116.0,855.0,855.0,869.0,504.0,504.0,505.0
0.0,3473.0,1584.0,1518.0,2708.0,1475.0,489.0,489.0,497.0,506.0,506.0,506.0,528.0,528.0,528.0,1161.0,1161.0,1151.0,489.0,489.0,497.0,506.0,506.0,506.0
0.0,4597.0,1495.0,1521.0,2579.0,403.0,136.0,136.0,131.0,507.0,507.0,507.0,498.0,498.0,499.0,1535.0,1535.0,1527.0,136.0,136.0,131.0,507.0,507.0,507.0
0.0,5681.0,1491.0,1521.0,1475.0,419.0,144.0,144.0,131.0,507.0,507.0,507.0,497.0,497.0,497.0,1892.0,1892.0,1897.0,144.0,144.0,131.0,507.0,507.0,507.0
0.0,5665.0,1488.0,1521.0,403.0,1504.0,504.0,504.0,496.0,507.0,507.0,507.0,496.0,496.0,496.0,1884.0,1884.0,1897.0,504.0,504.0,496.0,507.0,507.0,507.0
0.0,4580.0,1506.0,1521.0,419.0,2591.0,862.0,862.0,867.0,507.0,507.0,507.0,502.0,502.0,502.0,1524.0,1524.0,1532.0,862.0,862.0,867.0,507.0,507.0,507.0
0.0,3493.0,1545.0,1524.0,1504.0,2644.0,877.0,877.0,890.0,508.0,508.0,508.0,515.0,515.0,515.0,1166.0,1166.0,1161.0,877.0,877.0,890.0,508.0,508.0,508.0
0.0,3452.0,1572.0,1524.0,2591.0,1625.0,539.0,539.0,547.0,508.0,508.0,508.0,524.0,524.0,524.0,1155.0,1155.0,1142.0,539.0,539.0,547.0,508.0,508.0,508.0
0.0,4471.0,1581.0,1527.0,2644.0,574.0,193.0,193.0,188.0,509.0,509.0,509.0,527.0,527.0,527.0,1493.0,1493.0,1485.0,193.0,193.0,188.0,509.0,509.0,509.0
0.0,5534.0,1626.0,1530.0,1625.0,587.0,200.0,200.0,187.0,510.0,510.0,510.0,542.0,542.0,542.0,1843.0,1843.0,1848.0,200.0,200.0,187.0,510.0,510.0,510.0
0.0,5533.0,1473.0,1533.0,574.0,1498.0,502.0,502.0,494.0,511.0,511.0,511.0,491.0,491.0,491.0,1840.0,1840.0,1853.0,502.0,502.0,494.0,511.0,511.0,511.0
0.0,4634.0,1506.0,1530.0,587.0,2405.0,800.0,800.0,805.0,510.0,510.0,510.0,502.0,502.0,502.0,1542.0,1542.0,1550.0,800.0,800.0,805.0,510.0,510.0,510.0
0.0,3715.0,1590.0,1533.0,1498.0,2509.0,832.0,832.0,845.0,511.0,511.0,511.0,530.0,530.0,530.0,1240.0,1240.0,1235.0,832.0,832.0,845.0,511.0,511.0,511.0
0.0,3623.0,1473.0,1534.0,2405.0,1581.0,523.0,523.0,535.0,511.0,511.0,512.0,491.0,491.0,491.0,1212.0,1212.0,1199.0,523.0,523.0,535.0,511.0,511.0,512.0
0.0,4555.0,1501.0,1536.0,2509.0,581.0,195.0,195.0,191.0,512.0,512.0,512.0,500.0,500.0,501.0,1521.0,1521.0,1513.0,195.0,195.0,191.0,512.0,512.0,512.0
0.0,5563.0,1693.0,1536.0,1581.0,693.0,236.0,236.0,221.0,512.0,512.0,512.0,564.0,564.0,565.0,1853.0,1853.0,1857.0,236.0,236.0,221.0,512.0,512.0,512.0
0.0,5451.0,1581.0,1537.0,581.0,1697.0,568.0,568.0,561.0,512.0,512.0,513.0,527.0,527.0,527.0,1812.0,1812.0,1827.0,568.0,568.0,561.0,512.0,512.0,513.0
0.0,4451.0,1593.0,1539.0,693.0,2605.0,867.0,867.0,871.0,513.0,513.0,513.0,531.0,531.0,531.0,1480.0,1480.0,1491.0,867.0,867.0,871.0,513.0,513.0,513.0
0.0,3551.0,1689.0,1542.0,1697.0,2609.0,866.0,866.0,877.0,514.0,514.0,514.0,563.0,563.0,563.0,1185.0,1185.0,1181.0,866.0,866.0,877.0,514.0,514.0,514.0
0.0,3559.0,1572.0,1542.0,2605.0,1576.0,523.0,523.0,530.0,514.0,514.0,514.0,524.0,524.0,524.0,1190.0,1190.0,1179.0,523.0,523.0,530.0,514.0,514.0,514.0
0.0,4592.0,1650.0,1545.0,2609.0,629.0,211.0,211.0,207.0,515.0,515.0,515.0,550.0,550.0,550.0,1533.0,1533.0,1526.0,211.0,211.0,207.0,515.0,515.0,515.0
0.0,5551.0,1653.0,1548.0,1576.0,718.0,243.0,243.0,232.0,516.0,516.0,516.0,551.0,551.0,551.0,1849.0,1849.0,1853.0,243.0,243.0,232.0,516.0,516.0,516.0
0.0,5474.0,1429.0,1548.0,629.0,1518.0,508.0,508.0,502.0,516.0,516.0,516.0,476.0,476.0,477.0,1821.0,1821.0,1832.0,508.0,508.0,502.0,516.0,516.0,516.0
0.0,4674.0,1552.0,1548.0,718.0,2352.0,782.0,782.0,788.0,516.0,516.0,516.0,517.0,517.0,518.0,1556.0,1556.0,1562.0,782.0,782.0,788.0,516.0,516.0,516.0
0.0,3840.0,1542.0,1548.0,1518.0,2376.0,788.0,788.0,800.0,516.0,516.0,516.0,514.0,514.0,514.0,1282.0,1282.0,1276.0,788.0,788.0,800.0,516.0,516.0,516.0
0.0,3816.0,1545.0,1548.0,2352.0,1569.0,521.0,521.0,527.0,516.0,516.0,516.0,515.0,515.0,515.0,1276.0,1276.0,1264.0,521.0,521.0,527.0,516.0,516.0,516.0
0.0,4623.0,1593.0,1551.0,2376.0,798.0,268.0,268.0,262.0,517.0,517.0,517.0,531.0,531.0,531.0,1543.0,1543.0,1537.0,268.0,268.0,262.0,517.0,517.0,517.0
0.0,5406.0,1563.0,1552.0,1569.0,796.0,268.0,268.0,260.0,517.0,517.0,518.0,521.0,521.0,521.0,1800.0,1800.0,1806.0,268.0,268.0,260.0,517.0,517.0,518.0
0.0,5412.0,1590.0,1554.0,798.0,1596.0,534.0,534.0,528.0,518.0,518.0,518.0,530.0,530.0,530.0,1800.0,1800.0,1812.0,534.0,534.0,528.0,518.0,518.0,518.0
0.0,4620.0,1647.0,1555.0,796.0,2451.0,815.0,815.0,821.0,518.0,518.0,519.0,549.0,549.0,549.0,1538.0,1538.0,1544.0,815.0,815.0,821.0,518.0,518.0,519.0
0.0,3769.0,1780.0,1560.0,1596.0,2655.0,882.0,882.0,891.0,520.0,520.0,520.0,593.0,593.0,594.0,1257.0,1257.0,1255.0,882.0,882.0,891.0,520.0,520.0,520.0
0.0,3585.0,1558.0,1557.0,2451.0,1750.0,582.0,582.0,586.0,519.0,519.0,519.0,519.0,519.0,520.0,1198.0,1198.0,1189.0,582.0,582.0,586.0,519.0,519.0,519.0
0.0,4478.0,1614.0,1558.0,2655.0,713.0,238.0,238.0,237.0,519.0,519.0,520.0,538.0,538.0,538.0,1494.0,1494.0,1490.0,238.0,238.0,237.0,519.0,519.0,520.0
0.0,5519.0,1509.0,1558.0,1750.0,472.0,159.0,159.0,154.0,519.0,519.0,520.0,503.0,503.0,503.0,1838.0,1838.0,1843.0,159.0,159.0,154.0,519.0,519.0,520.0
0.0,5760.0,1692.0,1561.0,713.0,1463.0,489.0,489.0,485.0,520.0,520.0,521.0,564.0,564.0,564.0,1917.0,1917.0,1926.0,489.0,489.0,485.0,520.0,520.0,521.0
0.0,4781.0,1653.0,1563.0,472.0,2652.0,885.0,885.0,882.0,521.0,521.0,521.0,551.0,551.0,551.0,1591.0,1591.0,1599.0,885.0,885.0,882.0,521.0,521.0,521.0
0.0,3600.0,1611.0,1564.0,1463.0,2804.0,933.0,933.0,938.0,521.0,521.0,522.0,537.0,537.0,537.0,1199.0,1199.0,1202.0,933.0,933.0,938.0,521.0,521.0,522.0
0.0,3452.0,1599.0,1566.0,2652.0,1759.0,585.0,585.0,589.0,522.0,522.0,522.0,533.0,533.0,533.0,1151.0,1151.0,1150.0,585.0,585.0,589.0,522.0,522.0,522.0
0.0,4505.0,1521.0,1563.0,2804.0,464.0,155.0,155.0,154.0,521.0,521.0,521.0,507.0,507.0,507.0,1503.0,1503.0,1499.0,155.0,155.0,154.0,521.0,521.0,521.0
0.0,5788.0,1576.0,1561.0,1759.0,273.0,91.0,91.0,91.0,520.0,520.0,521.0,525.0,525.0,526.0,1929.0,1929.0,1930.0,91.0,91.0,91.0,520.0,520.0,521.0
0.0,5971.0,1462.0,1560.0,464.0,1267.0,423.0,423.0,421.0,520.0,520.0,520.0,487.0,487.0,488.0,1989.0,1989.0,1993.0,423.0,423.0,421.0,520.0,520.0,520.0
0.0,4973.0,1632.0,1560.0,273.0,2626.0,876.0,876.0,874.0,520.0,520.0,520.0,544.0,544.0,544.0,1657.0,1657.0,1659.0,876.0,876.0,874.0,520.0,520.0,520.0
0.0,3614.0,1524.0,1560.0,1267.0,2883.0,961.0,961.0,961.0,520.0,520.0,520.0,508.0,508.0,508.0,1204.0,1204.0,1206.0,961.0,961.0,961.0,520.0,520.0,520.0
0.0,3357.0,1602.0,1560.0,2626.0,1859.0,619.0,619.0,621.0,520.0,520.0,520.0,534.0,534.0,534.0,1119.0,1119.0,1119.0,619.0,619.0,621.0,520.0,520.0,520.0
0.0,4381.0,1552.0,1560.0,2883.0,528.0,175.0,175.0,178.0,520.0,520.0,520.0,517.0,517.0,518.0,1461.0,1461.0,1459.0,175.0,175.0,178.0,520.0,520.0,520.0
0.0,5712.0,1653.0,1566.0,1859.0,346.0,115.0,115.0,116.0,522.0,522.0,522.0,551.0,551.0,551.0,1905.0,1905.0,1902.0,115.0,115.0,116.0,522.0,522.0,522.0
0.0,5918.0,1575.0,1566.0,528.0,1393.0,465.0,465.0,463.0,522.0,522.0,522.0,525.0,525.0,525.0,1973.0,1973.0,1972.0,465.0,465.0,463.0,522.0,522.0,522.0
0.0,4871.0,1689.0,1572.0,346.0,2760.0,921.0,921.0,918.0,524.0,524.0,524.0,563.0,563.0,563.0,1623.0,1623.0,1625.0,921.0,921.0,918.0,524.0,524.0,524.0
0.0,3528.0,1632.0,1575.0,1393.0,3011.0,1004.0,1004.0,1003.0,525.0,525.0,525.0,544.0,544.0,544.0,1175.0,1175.0,1178.0,1004.0,1004.0,1003.0,525.0,525.0,525.0
0.0,3289.0,1557.0,1575.0,2760.0,1808.0,602.0,602.0,604.0,525.0,525.0,525.0,519.0,519.0,519.0,1096.0,1096.0,1097.0,602.0,602.0,604.0,525.0,525.0,525.0
0.0,4492.0,1707.0,1578.0,3011.0,516.0,171.0,171.0,174.0,526.0,526.0,526.0,569.0,569.0,569.0,1498.0,1498.0,1496.0,171.0,171.0,174.0,526.0,526.0,526.0
0.0,5796.0,1614.0,1578.0,1808.0,322.0,107.0,107.0,108.0,526.0,526.0,526.0,538.0,538.0,538.0,1933.0,1933.0,1930.0,107.0,107.0,108.0,526.0,526.0,526.0
0.0,5990.0,1732.0,1584.0,516.0,1562.0,521.0,521.0,520.0,528.0,528.0,528.0,577.0,577.0,578.0,1997.0,1997.0,1996.0,521.0,521.0,520.0,528.0,528.0,528.0
0.0,4774.0,1578.0,1584.0,322.0,2818.0,940.0,940.0,938.0,528.0,528.0,528.0,526.0,526.0,526.0,1591.0,1591.0,1592.0,940.0,940.0,938.0,528.0,528.0,528.0
0.0,3518.0,1569.0,1585.0,1562.0,2829.0,942.0,942.0,945.0,528.0,528.0,529.0,523.0,523.0,523.0,1172.0,1172.0,1174.0,942.0,942.0,945.0,528.0,528.0,529.0
0.0,3511.0,1617.0,1587.0,2818.0,1636.0,545.0,545.0,546.0,529.0,529.0,529.0,539.0,539.0,539.0,1170.0,1170.0,1171.0,545.0,545.0,546.0,529.0,529.0,529.0
0.0,4712.0,1590.0,1590.0,2829.0,409.0,137.0,137.0,135.0,530.0,530.0,530.0,530.0,530.0,530.0,1571.0,1571.0,1570.0,137.0,137.0,135.0,530.0,530.0,530.0
0.0,5951.0,1464.0,1590.0,1636.0,237.0,80.0,80.0,77.0,530.0,530.0,530.0,488.0,488.0,488.0,1983.0,1983.0,1985.0,80.0,80.0,77.0,530.0,530.0,530.0
0.0,6123.0,1617.0,1590.0,409.0,1445.0,482.0,482.0,481.0,530.0,530.0,530.0,539.0,539.0,539.0,2040.0,2040.0,2043.0,482.0,482.0,481.0,530.0,530.0,530.0
0.0,4915.0,1569.0,1590.0,237.0,2777.0,925.0,925.0,927.0,530.0,530.0,530.0,523.0,523.0,523.0,1638.0,1638.0,1639.0,925.0,925.0,927.0,530.0,530.0,530.0
0.0,3583.0,1488.0,1588.0,1445.0,2812.0,935.0,935.0,942.0,529.0,529.0,530.0,496.0,496.0,496.0,1195.0,1195.0,1193.0,935.0,935.0,942.0,529.0,529.0,530.0
0.0,3540.0,1644.0,1590.0,2777.0,1687.0,562.0,562.0,563.0,530.0,530.0,530.0,548.0,548.0,548.0,1181.0,1181.0,1178.0,562.0,562.0,563.0,530.0,530.0,530.0
0.0,4673.0,1584.0,1590.0,2812.0,459.0,155.0,155.0,149.0,530.0,530.0,530.0,528.0,528.0,528.0,1558.0,1558.0,1557.0,155.0,155.0,149.0,530.0,530.0,530.0
0.0,5901.0,1581.0,1593.0,1687.0,365.0,124.0,124.0,117.0,531.0,531.0,531.0,527.0,527.0,527.0,1965.0,1965.0,1971.0,124.0,124.0,117.0,531.0,531.0,531.0
0.0,6007.0,1650.0,1593.0,459.0,1556.0,519.0,519.0,518.0,531.0,531.0,531.0,550.0,550.0,550.0,2000.0,2000.0,2007.0,519.0,519.0,518.0,531.0,531.0,531.0
0.0,4816.0,1654.0,1596.0,365.0,2857.0,950.0,950.0,957.0,532.0,532.0,532.0,551.0,551.0,552.0,1605.0,1605.0,1606.0,950.0,950.0,957.0,532.0,532.0,532.0
0.0,3527.0,1497.0,1596.0,1556.0,2798.0,930.0,930.0,938.0,532.0,532.0,532.0,499.0,499.0,499.0,1178.0,1178.0,1171.0,930.0,930.0,938.0,532.0,532.0,532.0
0.0,3586.0,1764.0,1599.0,2857.0,1717.0,572.0,572.0,573.0,533.0,533.0,533.0,588.0,588.0,588.0,1198.0,1198.0,1190.0,572.0,572.0,573.0,533.0,533.0,533.0
0.0,4679.0,1509.0,1596.0,2798.0,416.0,141.0,141.0,134.0,532.0,532.0,532.0,503.0,503.0,503.0,1560.0,1560.0,1559.0,141.0,141.0,134.0,532.0,532.0,532.0
0.0,5968.0,1668.0,1599.0,1717.0,379.0,129.0,129.0,121.0,533.0,533.0,533.0,556.0,556.0,556.0,1987.0,1987.0,1994.0,129.0,129.0,121.0,533.0,533.0,533.0
0.0,6017.0,1548.0,1596.0,416.0,1499.0,500.0,500.0,499.0,532.0,532.0,532.0,516.0,516.0,516.0,2003.0,2003.0,2011.0,500.0,500.0,499.0,532.0,532.0,532.0
0.0,4885.0,1689.0,1599.0,379.0,2821.0,938.0,938.0,945.0,533.0,533.0,533.0,563.0,563.0,563.0,1628.0,1628.0,1629.0,938.0,938.0,945.0,533.0,533.0,533.0
0.0,3575.0,1596.0,1596.0,1499.0,2906.0,966.0,966.0,974.0,532.0,532.0,532.0,532.0,532.0,532.0,1194.0,1194.0,1187.0,966.0,966.0,974.0,532.0,532.0,532.0
0.0,3478.0,1782.0,1599.0,2821.0,1879.0,626.0,626.0,627.0,533.0,533.0,533.0,594.0,594.0,594.0,1162.0,1162.0,1154.0,626.0,626.0,627.0,533.0,533.0,533.0
0.0,4517.0,1627.0,1602.0,2906.0,612.0,206.0,206.0,200.0,534.0,534.0,534.0,542.0,542.0,543.0,1506.0,1506.0,1505.0,206.0,206.0,200.0,534.0,534.0,534.0
0.0,5796.0,1825.0,1608.0,1879.0,582.0,196.0,196.0,190.0,536.0,536.0,536.0,608.0,608.0,609.0,1930.0,1930.0,1936.0,196.0,196.0,190.0,536.0,536.0,536.0
0.0,5850.0,1671.0,1611.0,612.0,1653.0,551.0,551.0,551.0,537.0,537.0,537.0,557.0,557.0,557.0,1948.0,1948.0,1954.0,551.0,551.0,551.0,537.0,537.0,537.0
0.0,4791.0,1606.0,1611.0,582.0,2677.0,890.0,890.0,897.0,537.0,537.0,537.0,535.0,535.0,536.0,1597.0,1597.0,1597.0,890.0,890.0,897.0,537.0,537.0,537.0
0.0,3767.0,1695.0,1614.0,1653.0,2731.0,908.0,908.0,915.0,538.0,538.0,538.0,565.0,565.0,565.0,1258.0,1258.0,1251.0,908.0,908.0,915.0,538.0,538.0,538.0
0.0,3725.0,1656.0,1617.0,2677.0,1722.0,574.0,574.0,574.0,539.0,539.0,539.0,552.0,552.0,552.0,1244.0,1244.0,1237.0,574.0,574.0,574.0,539.0,539.0,539.0
0.0,4746.0,1720.0,1618.0,2731.0,715.0,239.0,239.0,237.0,539.0,539.0,540.0,573.0,573.0,574.0,1582.0,1582.0,1582.0,239.0,239.0,237.0,539.0,539.0,540.0
0.0,5757.0,1755.0,1620.0,1722.0,756.0,254.0,254.0,248.0,540.0,540.0,540.0,585.0,585.0,585.0,1917.0,1917.0,1923.0,254.0,254.0,248.0,540.0,540.0,540.0
0.0,5724.0,1719.0,1620.0,715.0,1760.0,588.0,588.0,584.0,540.0,540.0,540.0,573.0,573.0,573.0,1906.0,1906.0,1912.0,588.0,588.0,584.0,540.0,540.0,540.0
0.0,4720.0,1735.0,1623.0,756.0,2751.0,916.0,916.0,919.0,541.0,541.0,541.0,578.0,578.0,579.0,1572.0,1572.0,1576.0,916.0,916.0,919.0,541.0,541.0,541.0
0.0,3741.0,1696.0,1624.0,1760.0,2691.0,893.0,893.0,905.0,541.0,541.0,542.0,565.0,565.0,566.0,1248.0,1248.0,1245.0,893.0,893.0,905.0,541.0,541.0,542.0
0.0,3805.0,1627.0,1626.0,2751.0,1575.0,523.0,523.0,529.0,542.0,542.0,542.0,542.0,542.0,543.0,1271.0,1271.0,1263.0,523.0,523.0,529.0,542.0,542.0,542.0
0.0,4929.0,1825.0,1629.0,2691.0,721.0,242.0,242.0,237.0,543.0,543.0,543.0,608.0,608.0,609.0,1645.0,1645.0,1639.0,242.0,242.0,237.0,543.0,543.0,543.0
0.0,5795.0,1767.0,1632.0,1575.0,925.0,312.0,312.0,301.0,544.0,544.0,544.0,589.0,589.0,589.0,1930.0,1930.0,1935.0,312.0,312.0,301.0,544.0,544.0,544.0
0.0,5603.0,1707.0,1632.0,721.0,1911.0,639.0,639.0,633.0,544.0,544.0,544.0,569.0,569.0,569.0,1864.0,1864.0,1875.0,639.0,639.0,633.0,544.0,544.0,544.0
0.0,4617.0,1872.0,1638.0,925.0,2882.0,959.0,959.0,964.0,546.0,546.0,546.0,624.0,624.0,624.0,1537.0,1537.0,1543.0,959.0,959.0,964.0,546.0,546.0,546.0
0.0,3670.0,1614.0,1641.0,1911.0,2597.0,862.0,862.0,873.0,547.0,547.0,547.0,538.0,538.0,538.0,1225.0,1225.0,1220.0,862.0,862.0,873.0,547.0,547.0,547.0
0.0,3967.0,1731.0,1644.0,2882.0,1458.0,484.0,484.0,490.0,548.0,548.0,548.0,577.0,577.0,577.0,1326.0,1326.0,1315.0,484.0,484.0,490.0,548.0,548.0,548.0
0.0,5118.0,1617.0,1647.0,2597.0,490.0,165.0,165.0,160.0,549.0,549.0,549.0,539.0,539.0,539.0,1708.0,1708.0,1702.0,165.0,165.0,160.0,549.0,549.0,549.0
0.0,6098.0,1659.0,1647.0,1458.0,691.0,234.0,234.0,223.0,549.0,549.0,549.0,553.0,553.0,553.0,2031.0,2031.0,2036.0,234.0,234.0,223.0,549.0,549.0,549.0
0.0,5897.0,1755.0,1650.0,490.0,1968.0,658.0,658.0,652.0,550.0,550.0,550.0,585.0,585.0,585.0,1962.0,1962.0,1973.0,658.0,658.0,652.0,550.0,550.0,550.0
0.0,4632.0,1686.0,1653.0,691.0,2975.0,990.0,990.0,995.0,551.0,551.0,551.0,562.0,562.0,562.0,1542.0,1542.0,1548.0,990.0,990.0,995.0,551.0,551.0,551.0
0.0,3637.0,1792.0,1657.0,1968.0,2815.0,933.0,933.0,949.0,552.0,552.0,553.0,597.0,597.0,598.0,1214.0,1214.0,1209.0,933.0,933.0,949.0,552.0,552.0,553.0
0.0,3813.0,1689.0,1659.0,2975.0,1537.0,510.0,510.0,517.0,553.0,553.0,553.0,563.0,563.0,563.0,1275.0,1275.0,1263.0,510.0,510.0,517.0,553.0,553.0,553.0
0.0,5099.0,1624.0,1659.0,2815.0,346.0,118.0,118.0,110.0,553.0,553.0,553.0,541.0,541.0,542.0,1702.0,1702.0,1695.0,118.0,118.0,110.0,553.0,553.0,553.0
0.0,6290.0,1654.0,1659.0,1537.0,463.0,159.0,159.0,145.0,553.0,553.0,553.0,551.0,551.0,552.0,2094.0,2094.0,2102.0,159.0,159.0,145.0,553.0,553.0,553.0
0.0,6173.0,1645.0,1659.0,346.0,1762.0,589.0,589.0,584.0,553.0,553.0,553.0,548.0,548.0,549.0,2053.0,2053.0,2067.0,589.0,589.0,584.0,553.0,553.0,553.0
0.0,4874.0,1767.0,1662.0,463.0,3078.0,1023.0,1023.0,1032.0,554.0,554.0,554.0,589.0,589.0,589.0,1623.0,1623.0,1628.0,1023.0,1023.0,1032.0,554.0,554.0,554.0
0.0,3570.0,1773.0,1663.0,1762.0,3093.0,1025.0,1025.0,1043.0,554.0,554.0,555.0,591.0,591.0,591.0,1193.0,1193.0,1184.0,1025.0,1025.0,1043.0,554.0,554.0,555.0
0.0,3559.0,1716.0,1665.0,3078.0,1739.0,578.0,578.0,583.0,555.0,555.0,555.0,572.0,572.0,572.0,1191.0,1191.0,1177.0,578.0,578.0,583.0,555.0,555.0,555.0
0.0,4921.0,1755.0,1666.0,3093.0,405.0,138.0,138.0,129.0,555.0,555.0,556.0,585.0,585.0,585.0,1642.0,1642.0,1637.0,138.0,138.0,129.0,555.0,555.0,556.0
0.0,6259.0,1578.0,1666.0,1739.0,244.0,86.0,86.0,72.0,555.0,555.0,556.0,526.0,526.0,526.0,2082.0,2082.0,2095.0,86.0,86.0,72.0,555.0,555.0,556.0
0.0,6420.0,1747.0,1669.0,405.0,1598.0,534.0,534.0,530.0,556.0,556.0,557.0,582.0,582.0,583.0,2134.0,2134.0,2152.0,534.0,534.0,530.0,556.0,556.0,557.0
0.0,5078.0,1578.0,1668.0,244.0,2928.0,974.0,974.0,980.0,556.0,556.0,556.0,526.0,526.0,526.0,1690.0,1690.0,1698.0,974.0,974.0,980.0,556.0,556.0,556.0
0.0,3744.0,1590.0,1668.0,1598.0,2920.0,970.0,970.0,980.0,556.0,556.0,556.0,530.0,530.0,530.0,1250.0,1250.0,1244.0,970.0,970.0,980.0,556.0,556.0,556.0
0.0,3752.0,1645.0,1672.0,2928.0,1653.0,548.0,548.0,557.0,557.0,557.0,558.0,548.0,548.0,549.0,1254.0,1254.0,1244.0,548.0,548.0,557.0,557.0,557.0,558.0
0.0,5035.0,1581.0,1671.0,2920.0,310.0,105.0,105.0,100.0,557.0,557.0,557.0,527.0,527.0,527.0,1680.0,1680.0,1675.0,105.0,105.0,100.0,557.0,557.0,557.0
0.0,6374.0,1587.0,1672.0,1653.0,248.0,86.0,86.0,76.0,557.0,557.0,558.0,529.0,529.0,529.0,2123.0,2123.0,2128.0,86.0,86.0,76.0,557.0,557.0,558.0
0.0,6440.0,1645.0,1675.0,310.0,1595.0,533.0,533.0,529.0,558.0,558.0,559.0,548.0,548.0,549.0,2142.0,2142.0,2156.0,533.0,533.0,529.0,558.0,558.0,559.0
0.0,5105.0,1680.0,1675.0,248.0,3027.0,1007.0,1007.0,1013.0,558.0,558.0,559.0,560.0,560.0,560.0,1699.0,1699.0,1707.0,1007.0,1007.0,1013.0,558.0,558.0,559.0
0.0,3673.0,1653.0,1677.0,1595.0,3093.0,1029.0,1029.0,1035.0,559.0,559.0,559.0,551.0,551.0,551.0,1225.0,1225.0,1223.0,1029.0,1029.0,1035.0,559.0,559.0,559.0
0.0,3615.0,1569.0,1677.0,3027.0,1635.0,545.0,545.0,545.0,559.0,559.0,559.0,523.0,523.0,523.0,1207.0,1207.0,1201.0,545.0,545.0,545.0,559.0,559.0,559.0
0.0,5073.0,1629.0,1677.0,3093.0,171.0,59.0,59.0,53.0,559.0,559.0,559.0,543.0,543.0,543.0,1691.0,1691.0,1691.0,59.0,59.0,53.0,559.0,559.0,559.0
0.0,6537.0,1642.0,1677.0,1635.0,178.0,61.0,61.0,56.0,559.0,559.0,559.0,547.0,547.0,548.0,2177.0,2177.0,2183.0,61.0,61.0,56.0,559.0,559.0,559.0
0.0,6530.0,1614.0,1678.0,171.0,1625.0,540.0,540.0,545.0,559.0,559.0,560.0,538.0,538.0,538.0,2175.0,2175.0,2180.0,540.0,540.0,545.0,559.0,559.0,560.0
0.0,5087.0,1660.0,1677.0,178.0,3103.0,1032.0,1032.0,1039.0,559.0,559.0,559.0,553.0,553.0,554.0,1696.0,1696.0,1695.0,1032.0,1032.0,1039.0,559.0,559.0,559.0
0.0,3605.0,1743.0,1680.0,1625.0,3233.0,1077.0,1077.0,1079.0,560.0,560.0,560.0,581.0,581.0,581.0,1204.0,1204.0,1197.0,1077.0,1077.0,1079.0,560.0,560.0,560.0
0.0,3487.0,1693.0,1681.0,3103.0,1827.0,609.0,609.0,609.0,560.0,560.0,561.0,564.0,564.0,565.0,1163.0,1163.0,1161.0,609.0,609.0,609.0,560.0,560.0,561.0
0.0,4897.0,1740.0,1686.0,3233.0,354.0,120.0,120.0,114.0,562.0,562.0,562.0,580.0,580.0,580.0,1631.0,1631.0,1635.0,120.0,120.0,114.0,562.0,562.0,562.0
0.0,6390.0,1740.0,1686.0,1827.0,267.0,91.0,91.0,85.0,562.0,562.0,562.0,580.0,580.0,580.0,2128.0,2128.0,2134.0,91.0,91.0,85.0,562.0,562.0,562.0
0.0,6477.0,1623.0,1686.0,354.0,1536.0,512.0,512.0,512.0,562.0,562.0,562.0,541.0,541.0,541.0,2157.0,2157.0,2163.0,512.0,512.0,512.0,562.0,562.0,562.0
0.0,5208.0,1734.0,1686.0,267.0,3003.0,999.0,999.0,1005.0,562.0,562.0,562.0,578.0,578.0,578.0,1736.0,1736.0,1736.0,999.0,999.0,1005.0,562.0,562.0,562.0
0.0,3741.0,1830.0,1689.0,1536.0,3309.0,1101.0,1101.0,1107.0,563.0,563.0,563.0,610.0,610.0,610.0,1249.0,1249.0,1243.0,1101.0,1101.0,1107.0,563.0,563.0,563.0
0.0,3447.0,1803.0,1689.0,3003.0,2109.0,703.0,703.0,703.0,563.0,563.0,563.0,601.0,601.0,601.0,1151.0,1151.0,1145.0,703.0,703.0,703.0,563.0,563.0,563.0
0.0,4647.0,1779.0,1692.0,3309.0,591.0,199.0,199.0,193.0,564.0,564.0,564.0,593.0,593.0,593.0,1549.0,1549.0,1549.0,199.0,199.0,193.0,564.0,564.0,564.0
0.0,6177.0,1786.0,1695.0,2109.0,280.0,95.0,95.0,90.0,565.0,565.0,565.0,595.0,595.0,596.0,2057.0,2057.0,2063.0,95.0,95.0,90.0,565.0,565.0,565.0
0.0,6500.0,1887.0,1698.0,591.0,1588.0,529.0,529.0,530.0,566.0,566.0,566.0,629.0,629.0,629.0,2165.0,2165.0,2170.0,529.0,529.0,530.0,566.0,566.0,566.0
0.0,5204.0,1810.0,1701.0,280.0,3130.0,1041.0,1041.0,1048.0,567.0,567.0,567.0,603.0,603.0,604.0,1735.0,1735.0,1734.0,1041.0,1041.0,1048.0,567.0,567.0,567.0
0.0,3674.0,1707.0,1701.0,1588.0,3249.0,1081.0,1081.0,1087.0,567.0,567.0,567.0,569.0,569.0,569.0,1227.0,1227.0,1220.0,1081.0,1081.0,1087.0,567.0,567.0,567.0
0.0,3555.0,1693.0,1699.0,3130.0,1804.0,600.0,600.0,604.0,566.0,566.0,567.0,564.0,564.0,565.0,1187.0,1187.0,1181.0,600.0,600.0,604.0,566.0,566.0,567.0
0.0,4992.0,1839.0,1702.0,3249.0,406.0,136.0,136.0,134.0,567.0,567.0,568.0,613.0,613.0,613.0,1664.0,1664.0,1664.0,136.0,136.0,134.0,567.0,567.0,568.0
0.0,6402.0,1693.0,1701.0,1804.0,291.0,100.0,100.0,91.0,567.0,567.0,567.0,564.0,564.0,565.0,2132.0,2132.0,2138.0,100.0,100.0,91.0,567.0,567.0,567.0
0.0,6513.0,1749.0,1702.0,406.0,1638.0,547.0,547.0,544.0,567.0,567.0,568.0,583.0,583.0,583.0,2168.0,2168.0,2177.0,547.0,547.0,544.0,567.0,567.0,568.0
0.0,5170.0,1906.0,1707.0,291.0,3273.0,1090.0,1090.0,1093.0,569.0,569.0,569.0,635.0,635.0,636.0,1721.0,1721.0,1728.0,1090.0,1090.0,1093.0,569.0,569.0,569.0
0.0,3555.0,1665.0,1704.0,1638.0,3288.0,1094.0,1094.0,1100.0,568.0,568.0,568.0,555.0,555.0,555.0,1186.0,1186.0,1183.0,1094.0,1094.0,1100.0,568.0,568.0,568.0
0.0,3528.0,1672.0,1704.0,3273.0,1687.0,561.0,561.0,565.0,568.0,568.0,568.0,557.0,557.0,558.0,1178.0,1178.0,1172.0,561.0,561.0,565.0,568.0,568.0,568.0
0.0,5129.0,1653.0,1701.0,3288.0,40.0,14.0,14.0,12.0,567.0,567.0,567.0,551.0,551.0,551.0,1711.0,1711.0,1707.0,14.0,14.0,12.0,567.0,567.0,567.0
0.0,6764.0,1902.0,1702.0,1687.0,259.0,87.0,87.0,85.0,567.0,567.0,568.0,634.0,634.0,634.0,2254.0,2254.0,2256.0,87.0,87.0,85.0,567.0,567.0,568.0
0.0,6549.0,1770.0,1705.0,40.0,2001.0,667.0,667.0,667.0,568.0,568.0,569.0,590.0,590.0,590.0,2181.0,2181.0,2187.0,667.0,667.0,667.0,568.0,568.0,569.0
0.0,4819.0,1801.0,1707.0,259.0,3551.0,1184.0,1184.0,1183.0,569.0,569.0,569.0,600.0,600.0,601.0,1605.0,1605.0,1609.0,1184.0,1184.0,1183.0,569.0,569.0,569.0
0.0,3277.0,1791.0,1710.0,2001.0,3353.0,1118.0,1118.0,1117.0,570.0,570.0,570.0,597.0,597.0,597.0,1092.0,1092.0,1093.0,1118.0,1118.0,1117.0,570.0,570.0,570.0
0.0,3487.0,1761.0,1713.0,3551.0,1575.0,525.0,525.0,525.0,571.0,571.0,571.0,587.0,587.0,587.0,1162.0,1162.0,1163.0,525.0,525.0,525.0,571.0,571.0,571.0
0.0,5277.0,1788.0,1713.0,3353.0,10.0,3.0,3.0,4.0,571.0,571.0,571.0,596.0,596.0,596.0,1759.0,1759.0,1759.0,3.0,3.0,4.0,571.0,571.0,571.0
0.0,6842.0,1815.0,1716.0,1575.0,262.0,87.0,87.0,88.0,572.0,572.0,572.0,605.0,605.0,605.0,2281.0,2281.0,2280.0,87.0,87.0,88.0,572.0,572.0,572.0
0.0,6602.0,1774.0,1714.0,10.0,2018.0,671.0,671.0,676.0,571.0,571.0,572.0,591.0,591.0,592.0,2201.0,2201.0,2200.0,671.0,671.0,676.0,571.0,571.0,572.0
0.0,4838.0,1762.0,1716.0,262.0,3526.0,1175.0,1175.0,1176.0,572.0,572.0,572.0,587.0,587.0,588.0,1613.0,1613.0,1612.0,1175.0,1175.0,1176.0,572.0,572.0,572.0
0.0,3338.0,1653.0,1716.0,2018.0,3161.0,1055.0,1055.0,1051.0,572.0,572.0,572.0,551.0,551.0,551.0,1113.0,1113.0,1112.0,1055.0,1055.0,1051.0,572.0,572.0,572.0
0.0,3703.0,1719.0,1719.0,3526.0,1366.0,457.0,457.0,452.0,573.0,573.0,573.0,573.0,573.0,573.0,1233.0,1233.0,1237.0,457.0,457.0,452.0,573.0,573.0,573.0
0.0,5510.0,1671.0,1719.0,3161.0,0.0,0.0,0.0,0.0,573.0,573.0,573.0,557.0,557.0,557.0,1835.0,1835.0,1840.0,0.0,0.0,0.0,573.0,573.0,573.0
0.0,7000.0,1747.0,1719.0,1366.0,257.0,84.0,84.0,89.0,573.0,573.0,573.0,582.0,582.0,583.0,2333.0,2333.0,2334.0,84.0,84.0,89.0,573.0,573.0,573.0
0.0,6619.0,1683.0,1716.0,0.0,1928.0,641.0,641.0,646.0,572.0,572.0,572.0,561.0,561.0,561.0,2208.0,2208.0,2203.0,641.0,641.0,646.0,572.0,572.0,572.0
0.0,4936.0,1860.0,1719.0,257.0,3543.0,1181.0,1181.0,1181.0,573.0,573.0,573.0,620.0,620.0,620.0,1647.0,1647.0,1642.0,1181.0,1181.0,1181.0,573.0,573.0,573.0
0.0,3333.0,1809.0,1720.0,1928.0,3428.0,1143.0,1143.0,1142.0,573.0,573.0,574.0,603.0,603.0,603.0,1111.0,1111.0,1111.0,1143.0,1143.0,1142.0,573.0,573.0,574.0
0.0,3452.0,1692.0,1722.0,3543.0,1585.0,530.0,530.0,525.0,574.0,574.0,574.0,564.0,564.0,564.0,1149.0,1149.0,1154.0,530.0,530.0,525.0,574.0,574.0,574.0
0.0,5303.0,1704.0,1722.0,3428.0,0.0,0.0,0.0,0.0,574.0,574.0,574.0,568.0,568.0,568.0,1766.0,1766.0,1771.0,0.0,0.0,0.0,574.0,574.0,574.0
0.0,7027.0,1758.0,1725.0,1585.0,46.0,15.0,15.0,16.0,575.0,575.0,575.0,586.0,586.0,586.0,2341.0,2341.0,2345.0,15.0,15.0,16.0,575.0,575.0,575.0
0.0,6854.0,1758.0,1728.0,0.0,1816.0,605.0,605.0,606.0,576.0,576.0,576.0,586.0,586.0,586.0,2285.0,2285.0,2284.0,605.0,605.0,606.0,576.0,576.0,576.0
0.0,5096.0,1747.0,1731.0,46.0,3529.0,1176.0,1176.0,1177.0,577.0,577.0,577.0,582.0,582.0,583.0,1699.0,1699.0,1698.0,1176.0,1176.0,1177.0,577.0,577.0,577.0
0.0,3395.0,1746.0,1734.0,1816.0,3471.0,1157.0,1157.0,1157.0,578.0,578.0,578.0,582.0,582.0,582.0,1132.0,1132.0,1131.0,1157.0,1157.0,1157.0,578.0,578.0,578.0
0.0,3465.0,1753.0,1737.0,3529.0,1707.0,569.0,569.0,569.0,579.0,579.0,579.0,584.0,584.0,585.0,1155.0,1155.0,1155.0,569.0,569.0,569.0,579.0,579.0,579.0
0.0,5241.0,1803.0,1740.0,3471.0,51.0,17.0,17.0,17.0,580.0,580.0,580.0,601.0,601.0,601.0,1747.0,1747.0,1747.0,17.0,17.0,17.0,580.0,580.0,580.0
0.0,6909.0,1815.0,1743.0,1707.0,171.0,57.0,57.0,57.0,581.0,581.0,581.0,605.0,605.0,605.0,2303.0,2303.0,2303.0,57.0,57.0,57.0,581.0,581.0,581.0
0.0,6801.0,1713.0,1743.0,51.0,1833.0,611.0,611.0,611.0,581.0,581.0,581.0,571.0,571.0,571.0,2267.0,2267.0,2267.0,611.0,611.0,611.0,581.0,581.0,581.0
0.0,5139.0,1809.0,1749.0,171.0,3495.0,1165.0,1165.0,1165.0,583.0,583.0,583.0,603.0,603.0,603.0,1713.0,1713.0,1713.0,1165.0,1165.0,1165.0,583.0,583.0,583.0
0.0,3501.0,1722.0,1749.0,1833.0,3384.0,1128.0,1128.0,1128.0,583.0,583.0,583.0,574.0,574.0,574.0,1167.0,1167.0,1167.0,1128.0,1128.0,1128.0,583.0,583.0,583.0
0.0,3612.0,1743.0,1752.0,3495.0,1644.0,548.0,548.0,548.0,584.0,584.0,584.0,581.0,581.0,581.0,1204.0,1204.0,1204.0,548.0,548.0,548.0,584.0,584.0,584.0
0.0,5364.0,1704.0,1753.0,3384.0,0.0,0.0,0.0,0.0,584.0,584.0,585.0,568.0,568.0,568.0,1788.0,1788.0,1788.0,0.0,0.0,0.0,584.0,584.0,585.0
0.0,7044.0,1827.0,1756.0,1644.0,163.0,53.0,53.0,57.0,585.0,585.0,586.0,609.0,609.0,609.0,2348.0,2348.0,2348.0,53.0,53.0,57.0,585.0,585.0,586.0
0.0,6861.0,1779.0,1758.0,0.0,1950.0,650.0,650.0,650.0,586.0,586.0,586.0,593.0,593.0,593.0,2287.0,2287.0,2287.0,650.0,650.0,650.0,586.0,586.0,586.0
0.0,5082.0,1798.0,1759.0,163.0,3589.0,1196.0,1196.0,1197.0,586.0,586.0,587.0,599.0,599.0,600.0,1694.0,1694.0,1694.0,1196.0,1196.0,1197.0,586.0,586.0,587.0
0.0,3447.0,1864.0,1761.0,1950.0,3511.0,1171.0,1171.0,1169.0,587.0,587.0,587.0,621.0,621.0,622.0,1148.0,1148.0,1151.0,1171.0,1171.0,1169.0,587.0,587.0,587.0
0.0,3533.0,1747.0,1761.0,3589.0,1669.0,557.0,557.0,555.0,587.0,587.0,587.0,582.0,582.0,583.0,1177.0,1177.0,1179.0,557.0,557.0,555.0,587.0,587.0,587.0
0.0,5375.0,1827.0,1765.0,3511.0,3.0,0.0,0.0,3.0,588.0,588.0,589.0,609.0,609.0,609.0,1791.0,1791.0,1793.0,0.0,0.0,3.0,588.0,588.0,589.0
0.0,7059.0,1705.0,1765.0,1669.0,37.0,10.0,10.0,17.0,588.0,588.0,589.0,568.0,568.0,569.0,2353.0,2353.0,2353.0,10.0,10.0,17.0,588.0,588.0,589.0
0.0,7023.0,1893.0,1767.0,3.0,1935.0,645.0,645.0,645.0,589.0,589.0,589.0,631.0,631.0,631.0,2342.0,2342.0,2339.0,645.0,645.0,645.0,589.0,589.0,589.0
0.0,5133.0,1746.0,1765.0,37.0,3636.0,1213.0,1213.0,1210.0,588.0,588.0,589.0,582.0,582.0,582.0,1711.0,1711.0,1711.0,1213.0,1213.0,1210.0,588.0,588.0,589.0
0.0,3424.0,1753.0,1764.0,1935.0,3450.0,1152.0,1152.0,1146.0,588.0,588.0,588.0,584.0,584.0,585.0,1139.0,1139.0,1146.0,1152.0,1152.0,1146.0,588.0,588.0,588.0
0.0,3606.0,1806.0,1765.0,3636.0,1624.0,541.0,541.0,542.0,588.0,588.0,589.0,602.0,602.0,602.0,1200.0,1200.0,1206.0,541.0,541.0,542.0,588.0,588.0,589.0
0.0,5436.0,1803.0,1764.0,3450.0,0.0,0.0,0.0,0.0,588.0,588.0,588.0,601.0,601.0,601.0,1811.0,1811.0,1814.0,0.0,0.0,0.0,588.0,588.0,588.0
0.0,7083.0,1695.0,1761.0,1624.0,32.0,10.0,10.0,12.0,587.0,587.0,587.0,565.0,565.0,565.0,2362.0,2362.0,2359.0,10.0,10.0,12.0,587.0,587.0,587.0
0.0,7012.0,1881.0,1764.0,0.0,1925.0,641.0,641.0,643.0,588.0,588.0,588.0,627.0,627.0,627.0,2338.0,2338.0,2336.0,641.0,641.0,643.0,588.0,588.0,588.0
0.0,5131.0,1761.0,1767.0,32.0,3666.0,1222.0,1222.0,1222.0,589.0,589.0,589.0,587.0,587.0,587.0,1711.0,1711.0,1709.0,1222.0,1222.0,1222.0,589.0,589.0,589.0
0.0,3402.0,1881.0,1767.0,1925.0,3622.0,1208.0,1208.0,1206.0,589.0,589.0,589.0,627.0,627.0,627.0,1134.0,1134.0,1134.0,1208.0,1208.0,1206.0,589.0,589.0,589.0
0.0,3446.0,1860.0,1770.0,3666.0,1828.0,610.0,610.0,608.0,590.0,590.0,590.0,620.0,620.0,620.0,1148.0,1148.0,1150.0,610.0,610.0,608.0,590.0,590.0,590.0
0.0,5252.0,1833.0,1771.0,3622.0,43.0,13.0,13.0,17.0,590.0,590.0,591.0,611.0,611.0,611.0,1750.0,1750.0,1752.0,13.0,13.0,17.0,590.0,590.0,591.0
0.0,7041.0,1896.0,1771.0,1828.0,111.0,35.0,35.0,41.0,590.0,590.0,591.0,632.0,632.0,632.0,2347.0,2347.0,2347.0,35.0,35.0,41.0,590.0,590.0,591.0
0.0,6973.0,1830.0,1774.0,43.0,1910.0,636.0,636.0,638.0,591.0,591.0,592.0,610.0,610.0,610.0,2325.0,2325.0,2323.0,636.0,636.0,638.0,591.0,591.0,592.0
0.0,5186.0,1815.0,1777.0,111.0,3626.0,1210.0,1210.0,1206.0,592.0,592.0,593.0,605.0,605.0,605.0,1728.0,1728.0,1730.0,1210.0,1210.0,1206.0,592.0,592.0,593.0
0.0,3482.0,1845.0,1782.0,1910.0,3581.0,1197.0,1197.0,1187.0,594.0,594.0,594.0,615.0,615.0,615.0,1158.0,1158.0,1166.0,1197.0,1197.0,1187.0,594.0,594.0,594.0
0.0,3547.0,1842.0,1779.0,3626.0,1785.0,597.0,597.0,591.0,593.0,593.0,593.0,614.0,614.0,614.0,1179.0,1179.0,1189.0,597.0,597.0,591.0,593.0,593.0,593.0
0.0,5331.0,1746.0,1779.0,3581.0,0.0,0.0,0.0,0.0,593.0,593.0,593.0,582.0,582.0,582.0,1775.0,1775.0,1781.0,0.0,0.0,0.0,593.0,593.0,593.0
0.0,7166.0,1939.0,1782.0,1785.0,116.0,35.0,35.0,46.0,594.0,594.0,594.0,646.0,646.0,647.0,2390.0,2390.0,2386.0,35.0,35.0,46.0,594.0,594.0,594.0
0.0,7012.0,1866.0,1783.0,0.0,1986.0,657.0,657.0,672.0,594.0,594.0,595.0,622.0,622.0,622.0,2341.0,2341.0,2330.0,657.0,657.0,672.0,594.0,594.0,595.0
0.0,5146.0,1854.0,1785.0,116.0,3732.0,1244.0,1244.0,1244.0,595.0,595.0,595.0,618.0,618.0,618.0,1719.0,1719.0,1708.0,1244.0,1244.0,1244.0,595.0,595.0,595.0
0.0,3408.0,1833.0,1786.0,1986.0,3583.0,1198.0,1198.0,1187.0,595.0,595.0,596.0,611.0,611.0,611.0,1136.0,1136.0,1136.0,1198.0,1198.0,1187.0,595.0,595.0,596.0
0.0,3561.0,1930.0,1788.0,3732.0,1789.0,601.0,601.0,587.0,596.0,596.0,596.0,643.0,643.0,644.0,1182.0,1182.0,1197.0,601.0,601.0,587.0,596.0,596.0,596.0
0.0,5363.0,1803.0,1788.0,3583.0,9.0,4.0,4.0,1.0,596.0,596.0,596.0,601.0,601.0,601.0,1783.0,1783.0,1797.0,4.0,4.0,1.0,596.0,596.0,596.0
0.0,7143.0,1815.0,1791.0,1789.0,47.0,12.0,12.0,23.0,597.0,597.0,597.0,605.0,605.0,605.0,2380.0,2380.0,2383.0,12.0,12.0,23.0,597.0,597.0,597.0
0.0,7117.0,1728.0,1791.0,9.0,1766.0,584.0,584.0,598.0,597.0,597.0,597.0,576.0,576.0,576.0,2376.0,2376.0,2365.0,584.0,584.0,598.0,597.0,597.0,597.0
0.0,5398.0,1863.0,1794.0,47.0,3594.0,1197.0,1197.0,1200.0,598.0,598.0,598.0,621.0,621.0,621.0,1804.0,1804.0,1790.0,1197.0,1197.0,1200.0,598.0,598.0,598.0
0.0,3582.0,1812.0,1797.0,1766.0,3652.0,1221.0,1221.0,1210.0,599.0,599.0,599.0,604.0,604.0,604.0,1195.0,1195.0,1192.0,1221.0,1221.0,1210.0,599.0,599.0,599.0
0.0,3536.0,1789.0,1797.0,3594.0,1847.0,620.0,620.0,607.0,599.0,599.0,599.0,596.0,596.0,597.0,1175.0,1175.0,1186.0,620.0,620.0,607.0,599.0,599.0,599.0
0.0,5341.0,1843.0,1800.0,3652.0,50.0,17.0,17.0,16.0,600.0,600.0,600.0,614.0,614.0,615.0,1776.0,1776.0,1789.0,17.0,17.0,16.0,600.0,600.0,600.0
0.0,7150.0,1851.0,1800.0,1847.0,54.0,14.0,14.0,26.0,600.0,600.0,600.0,617.0,617.0,617.0,2383.0,2383.0,2384.0,14.0,14.0,26.0,600.0,600.0,600.0
0.0,7146.0,1789.0,1800.0,50.0,1793.0,593.0,593.0,607.0,600.0,600.0,600.0,596.0,596.0,597.0,2386.0,2386.0,2374.0,593.0,593.0,607.0,600.0,600.0,600.0
0.0,5407.0,1845.0,1803.0,54.0,3596.0,1198.0,1198.0,1200.0,601.0,601.0,601.0,615.0,615.0,615.0,1807.0,1807.0,1793.0,1198.0,1198.0,1200.0,601.0,601.0,601.0
0.0,3616.0,1827.0,1806.0,1793.0,3642.0,1218.0,1218.0,1206.0,602.0,602.0,602.0,609.0,609.0,609.0,1206.0,1206.0,1204.0,1218.0,1218.0,1206.0,602.0,602.0,602.0
0.0,3582.0,1792.0,1806.0,3596.0,1838.0,617.0,617.0,604.0,602.0,602.0,602.0,597.0,597.0,598.0,1190.0,1190.0,1202.0,617.0,617.0,604.0,602.0,602.0,602.0
0.0,5386.0,1839.0,1809.0,3642.0,47.0,16.0,16.0,15.0,603.0,603.0,603.0,613.0,613.0,613.0,1791.0,1791.0,1804.0,16.0,16.0,15.0,603.0,603.0,603.0
0.0,7189.0,1785.0,1809.0,1838.0,6.0,0.0,0.0,6.0,603.0,603.0,603.0,595.0,595.0,595.0,2396.0,2396.0,2397.0,0.0,0.0,6.0,603.0,603.0,603.0
0.0,7242.0,1753.0,1809.0,47.0,1700.0,562.0,562.0,576.0,603.0,603.0,603.0,584.0,584.0,585.0,2418.0,2418.0,2406.0,562.0,562.0,576.0,603.0,603.0,603.0
0.0,5536.0,1807.0,1809.0,6.0,3501.0,1164.0,1164.0,1173.0,603.0,603.0,603.0,602.0,602.0,603.0,1850.0,1850.0,1836.0,1164.0,1164.0,1173.0,603.0,603.0,603.0
0.0,3735.0,1827.0,1810.0,1700.0,3632.0,1211.0,1211.0,1210.0,603.0,603.0,604.0,609.0,609.0,609.0,1248.0,1248.0,1239.0,1211.0,1211.0,1210.0,603.0,603.0,604.0
0.0,3608.0,1806.0,1810.0,3501.0,1937.0,649.0,649.0,639.0,603.0,603.0,604.0,602.0,602.0,602.0,1201.0,1201.0,1206.0,649.0,649.0,639.0,603.0,603.0,604.0
0.0,5303.0,1903.0,1813.0,3632.0,220.0,76.0,76.0,68.0,604.0,604.0,605.0,634.0,634.0,635.0,1763.0,1763.0,1777.0,76.0,76.0,68.0,604.0,604.0,605.0
0.0,7032.0,1758.0,1812.0,1937.0,37.0,13.0,13.0,11.0,604.0,604.0,604.0,586.0,586.0,586.0,2340.0,2340.0,2352.0,13.0,13.0,11.0,604.0,604.0,604.0
0.0,7211.0,1782.0,1815.0,220.0,1611.0,535.0,535.0,541.0,605.0,605.0,605.0,594.0,594.0,594.0,2403.0,2403.0,2405.0,535.0,535.0,541.0,605.0,605.0,605.0
0.0,5649.0,1848.0,1815.0,37.0,3422.0,1138.0,1138.0,1146.0,605.0,605.0,605.0,616.0,616.0,616.0,1885.0,1885.0,1879.0,1138.0,1138.0,1146.0,605.0,605.0,605.0
0.0,3838.0,1893.0,1819.0,1611.0,3720.0,1238.0,1238.0,1244.0,606.0,606.0,607.0,631.0,631.0,631.0,1282.0,1282.0,1274.0,1238.0,1238.0,1244.0,606.0,606.0,607.0
0.0,3556.0,1893.0,1821.0,3422.0,2199.0,735.0,735.0,729.0,607.0,607.0,607.0,631.0,631.0,631.0,1186.0,1186.0,1184.0,735.0,735.0,729.0,607.0,607.0,607.0
0.0,5085.0,1818.0,1821.0,3720.0,297.0,103.0,103.0,91.0,607.0,607.0,607.0,606.0,606.0,606.0,1693.0,1693.0,1699.0,103.0,103.0,91.0,607.0,607.0,607.0
0.0,6987.0,1959.0,1824.0,2199.0,69.0,25.0,25.0,19.0,608.0,608.0,608.0,653.0,653.0,653.0,2325.0,2325.0,2337.0,25.0,25.0,19.0,608.0,608.0,608.0
0.0,7227.0,1771.0,1824.0,297.0,1543.0,512.0,512.0,519.0,608.0,608.0,608.0,590.0,590.0,591.0,2407.0,2407.0,2413.0,512.0,512.0,519.0,608.0,608.0,608.0
0.0,5753.0,1812.0,1824.0,69.0,3286.0,1091.0,1091.0,1104.0,608.0,608.0,608.0,604.0,604.0,604.0,1920.0,1920.0,1913.0,1091.0,1091.0,1104.0,608.0,608.0,608.0
0.0,4010.0,1818.0,1824.0,1543.0,3561.0,1185.0,1185.0,1191.0,608.0,608.0,608.0,606.0,606.0,606.0,1341.0,1341.0,1328.0,1185.0,1185.0,1191.0,608.0,608.0,608.0
0.0,3735.0,1948.0,1828.0,3286.0,2239.0,747.0,747.0,745.0,609.0,609.0,610.0,649.0,649.0,650.0,1247.0,1247.0,1241.0,747.0,747.0,745.0,609.0,609.0,610.0
0.0,5073.0,1998.0,1830.0,3561.0,684.0,232.0,232.0,220.0,610.0,610.0,610.0,666.0,666.0,666.0,1689.0,1689.0,1695.0,232.0,232.0,220.0,610.0,610.0,610.0
0.0,6636.0,1846.0,1833.0,2239.0,303.0,104.0,104.0,95.0,611.0,611.0,611.0,615.0,615.0,616.0,2208.0,2208.0,2220.0,104.0,104.0,95.0,611.0,611.0,611.0
0.0,7029.0,1842.0,1834.0,684.0,1465.0,486.0,486.0,493.0,611.0,611.0,612.0,614.0,614.0,614.0,2340.0,2340.0,2349.0,486.0,486.0,493.0,611.0,611.0,612.0
0.0,5871.0,1728.0,1833.0,303.0,2886.0,958.0,958.0,970.0,611.0,611.0,611.0,576.0,576.0,576.0,1958.0,1958.0,1955.0,958.0,958.0,970.0,611.0,611.0,611.0
0.0,4446.0,1788.0,1833.0,1465.0,3209.0,1068.0,1068.0,1073.0,611.0,611.0,611.0,596.0,596.0,596.0,1486.0,1486.0,1474.0,1068.0,1068.0,1073.0,611.0,611.0,611.0
0.0,4123.0,1932.0,1836.0,2886.0,2267.0,758.0,758.0,751.0,612.0,612.0,612.0,644.0,644.0,644.0,1376.0,1376.0,1371.0,758.0,758.0,751.0,612.0,612.0,612.0
0.0,5077.0,1920.0,1837.0,3209.0,982.0,330.0,330.0,322.0,612.0,612.0,613.0,640.0,640.0,640.0,1690.0,1690.0,1697.0,330.0,330.0,322.0,612.0,612.0,613.0
0.0,6366.0,1890.0,1840.0,2267.0,617.0,206.0,206.0,205.0,613.0,613.0,614.0,630.0,630.0,630.0,2118.0,2118.0,2130.0,206.0,206.0,205.0,613.0,613.0,614.0
0.0,6743.0,1881.0,1840.0,982.0,1516.0,503.0,503.0,510.0,613.0,613.0,614.0,627.0,627.0,627.0,2246.0,2246.0,2251.0,503.0,503.0,510.0,613.0,613.0,614.0
0.0,5844.0,2028.0,1843.0,617.0,2939.0,977.0,977.0,985.0,614.0,614.0,615.0,676.0,676.0,676.0,1949.0,1949.0,1946.0,977.0,977.0,985.0,614.0,614.0,615.0
0.0,4433.0,1893.0,1845.0,1516.0,3324.0,1109.0,1109.0,1106.0,615.0,615.0,615.0,631.0,631.0,631.0,1479.0,1479.0,1475.0,1109.0,1109.0,1106.0,615.0,615.0,615.0
0.0,4056.0,1939.0,1845.0,2939.0,2324.0,778.0,778.0,768.0,615.0,615.0,615.0,646.0,646.0,647.0,1351.0,1351.0,1354.0,778.0,778.0,768.0,615.0,615.0,615.0
0.0,5056.0,1908.0,1848.0,3324.0,920.0,309.0,309.0,302.0,616.0,616.0,616.0,636.0,636.0,636.0,1682.0,1682.0,1692.0,309.0,309.0,302.0,616.0,616.0,616.0
0.0,6472.0,1968.0,1851.0,2324.0,576.0,191.0,191.0,194.0,617.0,617.0,617.0,656.0,656.0,656.0,2155.0,2155.0,2162.0,191.0,191.0,194.0,617.0,617.0,617.0
0.0,6828.0,1950.0,1851.0,920.0,1606.0,532.0,532.0,542.0,617.0,617.0,617.0,650.0,650.0,650.0,2277.0,2277.0,2274.0,532.0,532.0,542.0,617.0,617.0,617.0
0.0,5798.0,1872.0,1852.0,576.0,2906.0,965.0,965.0,976.0,617.0,617.0,618.0,624.0,624.0,624.0,1936.0,1936.0,1926.0,965.0,965.0,976.0,617.0,617.0,618.0
0.0,4502.0,1917.0,1855.0,1606.0,3229.0,1076.0,1076.0,1077.0,618.0,618.0,619.0,639.0,639.0,639.0,1503.0,1503.0,1496.0,1076.0,1076.0,1077.0,618.0,618.0,619.0
0.0,4191.0,1932.0,1855.0,2906.0,2255.0,755.0,755.0,745.0,618.0,618.0,619.0,644.0,644.0,644.0,1396.0,1396.0,1399.0,755.0,755.0,745.0,618.0,618.0,619.0
0.0,5165.0,1911.0,1857.0,3229.0,945.0,320.0,320.0,305.0,619.0,619.0,619.0,637.0,637.0,637.0,1717.0,1717.0,1731.0,320.0,320.0,305.0,619.0,619.0,619.0
0.0,6483.0,1953.0,1858.0,2255.0,647.0,216.0,216.0,215.0,619.0,619.0,620.0,651.0,651.0,651.0,2156.0,2156.0,2171.0,216.0,216.0,215.0,619.0,619.0,620.0
0.0,6785.0,1899.0,1860.0,945.0,1609.0,533.0,533.0,543.0,620.0,620.0,620.0,633.0,633.0,633.0,2260.0,2260.0,2265.0,533.0,533.0,543.0,620.0,620.0,620.0
0.0,5831.0,2011.0,1861.0,647.0,2977.0,987.0,987.0,1003.0,620.0,620.0,621.0,670.0,670.0,671.0,1947.0,1947.0,1937.0,987.0,987.0,1003.0,620.0,620.0,621.0
0.0,4467.0,1827.0,1861.0,1609.0,3195.0,1063.0,1063.0,1069.0,620.0,620.0,621.0,609.0,609.0,609.0,1493.0,1493.0,1481.0,1063.0,1063.0,1069.0,620.0,620.0,621.0
0.0,4249.0,1839.0,1863.0,2977.0,2065.0,693.0,693.0,679.0,621.0,621.0,621.0,613.0,613.0,613.0,1417.0,1417.0,1415.0,693.0,693.0,679.0,621.0,621.0,621.0
0.0,5387.0,1926.0,1866.0,3195.0,808.0,276.0,276.0,256.0,622.0,622.0,622.0,642.0,642.0,642.0,1791.0,1791.0,1805.0,276.0,276.0,256.0,622.0,622.0,622.0
0.0,6656.0,1989.0,1869.0,2065.0,744.0,250.0,250.0,244.0,623.0,623.0,623.0,663.0,663.0,663.0,2212.0,2212.0,2232.0,250.0,250.0,244.0,623.0,623.0,623.0
0.0,6732.0,1887.0,1869.0,808.0,1823.0,603.0,603.0,617.0,623.0,623.0,623.0,629.0,629.0,629.0,2242.0,2242.0,2248.0,603.0,603.0,617.0,623.0,623.0,623.0
0.0,5653.0,1927.0,1872.0,744.0,3018.0,999.0,999.0,1020.0,624.0,624.0,624.0,642.0,642.0,643.0,1889.0,1889.0,1875.0,999.0,999.0,1020.0,624.0,624.0,624.0
0.0,4470.0,1872.0,1872.0,1823.0,3067.0,1020.0,1020.0,1027.0,624.0,624.0,624.0,624.0,624.0,624.0,1497.0,1497.0,1476.0,1020.0,1020.0,1027.0,624.0,624.0,624.0
0.0,4421.0,1864.0,1873.0,3018.0,1917.0,642.0,642.0,633.0,624.0,624.0,625.0,621.0,621.0,622.0,1476.0,1476.0,1469.0,642.0,642.0,633.0,624.0,624.0,625.0
0.0,5575.0,1882.0,1875.0,3067.0,740.0,253.0,253.0,234.0,625.0,625.0,625.0,627.0,627.0,628.0,1854.0,1854.0,1867.0,253.0,253.0,234.0,625.0,625.0,625.0
0.0,6760.0,1897.0,1876.0,1917.0,724.0,243.0,243.0,238.0,625.0,625.0,626.0,632.0,632.0,633.0,2247.0,2247.0,2266.0,243.0,243.0,238.0,625.0,625.0,626.0
0.0,6780.0,1776.0,1875.0,740.0,1756.0,582.0,582.0,592.0,625.0,625.0,625.0,592.0,592.0,592.0,2257.0,2257.0,2266.0,582.0,582.0,592.0,625.0,625.0,625.0
0.0,5744.0,1879.0,1878.0,724.0,2923.0,969.0,969.0,985.0,626.0,626.0,626.0,626.0,626.0,627.0,1918.0,1918.0,1908.0,969.0,969.0,985.0,626.0,626.0,626.0
0.0,4589.0,1743.0,1875.0,1756.0,2898.0,964.0,964.0,970.0,625.0,625.0,625.0,581.0,581.0,581.0,1535.0,1535.0,1519.0,964.0,964.0,970.0,625.0,625.0,625.0
0.0,4602.0,1908.0,1878.0,2923.0,1895.0,635.0,635.0,625.0,626.0,626.0,626.0,636.0,636.0,636.0,1536.0,1536.0,1530.0,635.0,635.0,625.0,626.0,626.0,626.0
0.0,5617.0,1872.0,1879.0,2898.0,873.0,295.0,295.0,283.0,626.0,626.0,627.0,624.0,624.0,624.0,1869.0,1869.0,1879.0,295.0,295.0,283.0,626.0,626.0,627.0
0.0,6643.0,1924.0,1881.0,1895.0,910.0,305.0,305.0,300.0,627.0,627.0,627.0,641.0,641.0,642.0,2209.0,2209.0,2225.0,305.0,305.0,300.0,627.0,627.0,627.0
0.0,6614.0,1807.0,1881.0,873.0,1844.0,612.0,612.0,620.0,627.0,627.0,627.0,602.0,602.0,603.0,2203.0,2203.0,2208.0,612.0,612.0,620.0,627.0,627.0,627.0
0.0,5680.0,1762.0,1881.0,910.0,2696.0,894.0,894.0,908.0,627.0,627.0,627.0,587.0,587.0,588.0,1896.0,1896.0,1888.0,894.0,894.0,908.0,627.0,627.0,627.0
0.0,4828.0,1980.0,1882.0,1844.0,2836.0,942.0,942.0,952.0,627.0,627.0,628.0,660.0,660.0,660.0,1614.0,1614.0,1600.0,942.0,942.0,952.0,627.0,627.0,628.0
0.0,4692.0,1983.0,1887.0,2696.0,2143.0,717.0,717.0,709.0,629.0,629.0,629.0,661.0,661.0,661.0,1566.0,1566.0,1560.0,717.0,717.0,709.0,629.0,629.0,629.0
0.0,5405.0,1917.0,1890.0,2836.0,1236.0,418.0,418.0,400.0,630.0,630.0,630.0,639.0,639.0,639.0,1799.0,1799.0,1807.0,418.0,418.0,400.0,630.0,630.0,630.0
0.0,6324.0,1909.0,1890.0,2143.0,1002.0,337.0,337.0,328.0,630.0,630.0,630.0,636.0,636.0,637.0,2102.0,2102.0,2120.0,337.0,337.0,328.0,630.0,630.0,630.0
0.0,6558.0,2034.0,1893.0,1236.0,1812.0,601.0,601.0,610.0,631.0,631.0,631.0,678.0,678.0,678.0,2183.0,2183.0,2192.0,601.0,601.0,610.0,631.0,631.0,631.0
0.0,5760.0,2019.0,1896.0,1002.0,2841.0,941.0,941.0,959.0,632.0,632.0,632.0,673.0,673.0,673.0,1923.0,1923.0,1914.0,941.0,941.0,959.0,632.0,632.0,632.0
0.0,4743.0,1953.0,1899.0,1812.0,2994.0,995.0,995.0,1004.0,633.0,633.0,633.0,651.0,651.0,651.0,1587.0,1587.0,1569.0,995.0,995.0,1004.0,633.0,633.0,633.0
0.0,4602.0,1890.0,1896.0,2841.0,2031.0,680.0,680.0,671.0,632.0,632.0,632.0,630.0,630.0,630.0,1537.0,1537.0,1528.0,680.0,680.0,671.0,632.0,632.0,632.0
0.0,5553.0,1890.0,1899.0,2994.0,939.0,319.0,319.0,301.0,633.0,633.0,633.0,630.0,630.0,630.0,1848.0,1848.0,1857.0,319.0,319.0,301.0,633.0,633.0,633.0
0.0,6657.0,1926.0,1902.0,2031.0,846.0,285.0,285.0,276.0,634.0,634.0,634.0,642.0,642.0,642.0,2213.0,2213.0,2231.0,285.0,285.0,276.0,634.0,634.0,634.0
0.0,6762.0,1863.0,1902.0,939.0,1770.0,587.0,587.0,596.0,634.0,634.0,634.0,621.0,621.0,621.0,2251.0,2251.0,2260.0,587.0,587.0,596.0,634.0,634.0,634.0
0.0,5838.0,2035.0,1903.0,846.0,2963.0,980.0,980.0,1003.0,634.0,634.0,635.0,678.0,678.0,679.0,1949.0,1949.0,1940.0,980.0,980.0,1003.0,634.0,634.0,635.0
0.0,4649.0,1945.0,1902.0,1770.0,3134.0,1041.0,1041.0,1052.0,634.0,634.0,634.0,648.0,648.0,649.0,1556.0,1556.0,1537.0,1041.0,1041.0,1052.0,634.0,634.0,634.0
0.0,4474.0,1941.0,1905.0,2963.0,2124.0,712.0,712.0,700.0,635.0,635.0,635.0,647.0,647.0,647.0,1495.0,1495.0,1484.0,712.0,712.0,700.0,635.0,635.0,635.0
0.0,5496.0,1924.0,1906.0,3134.0,918.0,312.0,312.0,294.0,635.0,635.0,636.0,641.0,641.0,642.0,1828.0,1828.0,1840.0,312.0,312.0,294.0,635.0,635.0,636.0
0.0,6706.0,1981.0,1911.0,2124.0,795.0,268.0,268.0,259.0,637.0,637.0,637.0,660.0,660.0,661.0,2228.0,2228.0,2250.0,268.0,268.0,259.0,637.0,637.0,637.0
0.0,6849.0,1905.0,1914.0,918.0,1794.0,595.0,595.0,604.0,638.0,638.0,638.0,635.0,635.0,635.0,2280.0,2280.0,2289.0,595.0,595.0,604.0,638.0,638.0,638.0
0.0,5862.0,2019.0,1914.0,795.0,3018.0,1000.0,1000.0,1018.0,638.0,638.0,638.0,673.0,673.0,673.0,1957.0,1957.0,1948.0,1000.0,1000.0,1018.0,638.0,638.0,638.0
0.0,4638.0,1834.0,1914.0,1794.0,3058.0,1016.0,1016.0,1026.0,638.0,638.0,638.0,611.0,611.0,612.0,1552.0,1552.0,1534.0,1016.0,1016.0,1026.0,638.0,638.0,638.0
0.0,4598.0,1917.0,1914.0,3018.0,1957.0,655.0,655.0,647.0,638.0,638.0,638.0,639.0,639.0,639.0,1536.0,1536.0,1526.0,655.0,655.0,647.0,638.0,638.0,638.0
0.0,5699.0,1810.0,1912.0,3058.0,701.0,238.0,238.0,225.0,637.0,637.0,638.0,603.0,603.0,604.0,1897.0,1897.0,1905.0,238.0,238.0,225.0,637.0,637.0,638.0
0.0,6947.0,1902.0,1909.0,1957.0,634.0,213.0,213.0,208.0,636.0,636.0,637.0,634.0,634.0,634.0,2310.0,2310.0,2327.0,213.0,213.0,208.0,636.0,636.0,637.0
0.0,7002.0,2110.0,1914.0,701.0,2063.0,686.0,686.0,691.0,638.0,638.0,638.0,703.0,703.0,704.0,2331.0,2331.0,2340.0,686.0,686.0,691.0,638.0,638.0,638.0
0.0,5593.0,1975.0,1914.0,634.0,3404.0,1131.0,1131.0,1142.0,638.0,638.0,638.0,658.0,658.0,659.0,1866.0,1866.0,1861.0,1131.0,1131.0,1142.0,638.0,638.0,638.0
0.0,4252.0,1935.0,1915.0,2063.0,3280.0,1090.0,1090.0,1100.0,638.0,638.0,639.0,645.0,645.0,645.0,1421.0,1421.0,1410.0,1090.0,1090.0,1100.0,638.0,638.0,639.0
0.0,4380.0,1999.0,1915.0,3404.0,1875.0,625.0,625.0,625.0,638.0,638.0,639.0,666.0,666.0,667.0,1462.0,1462.0,1456.0,625.0,625.0,625.0,638.0,638.0,639.0
0.0,5785.0,2020.0,1917.0,3280.0,623.0,212.0,212.0,199.0,639.0,639.0,639.0,673.0,673.0,674.0,1927.0,1927.0,1931.0,212.0,212.0,199.0,639.0,639.0,639.0
0.0,7045.0,1923.0,1918.0,1875.0,675.0,228.0,228.0,219.0,639.0,639.0,640.0,641.0,641.0,641.0,2344.0,2344.0,2357.0,228.0,228.0,219.0,639.0,639.0,640.0
0.0,6997.0,2091.0,1921.0,623.0,2155.0,717.0,717.0,721.0,640.0,640.0,641.0,697.0,697.0,697.0,2328.0,2328.0,2341.0,717.0,717.0,721.0,640.0,640.0,641.0
0.0,5529.0,1981.0,1923.0,675.0,3469.0,1153.0,1153.0,1163.0,641.0,641.0,641.0,660.0,660.0,661.0,1843.0,1843.0,1843.0,1153.0,1153.0,1163.0,641.0,641.0,641.0
0.0,4223.0,2088.0,1926.0,2155.0,3414.0,1136.0,1136.0,1142.0,642.0,642.0,642.0,696.0,696.0,696.0,1411.0,1411.0,1401.0,1136.0,1136.0,1142.0,642.0,642.0,642.0
0.0,4290.0,1995.0,1926.0,3469.0,1940.0,648.0,648.0,644.0,642.0,642.0,642.0,665.0,665.0,665.0,1432.0,1432.0,1426.0,648.0,648.0,644.0,642.0,642.0,642.0
0.0,5764.0,2137.0,1932.0,3414.0,687.0,232.0,232.0,223.0,644.0,644.0,644.0,712.0,712.0,713.0,1920.0,1920.0,1924.0,232.0,232.0,223.0,644.0,644.0,644.0
0.0,7041.0,2011.0,1932.0,1940.0,758.0,254.0,254.0,250.0,644.0,644.0,644.0,670.0,670.0,671.0,2344.0,2344.0,2353.0,254.0,254.0,250.0,644.0,644.0,644.0
0.0,6970.0,1905.0,1933.0,687.0,1980.0,657.0,657.0,666.0,644.0,644.0,645.0,635.0,635.0,635.0,2322.0,2322.0,2326.0,657.0,657.0,666.0,644.0,644.0,645.0
0.0,5752.0,2079.0,1938.0,758.0,3321.0,1104.0,1104.0,1113.0,646.0,646.0,646.0,693.0,693.0,693.0,1919.0,1919.0,1914.0,1104.0,1104.0,1113.0,646.0,646.0,646.0
0.0,4431.0,1932.0,1938.0,1980.0,3273.0,1091.0,1091.0,1091.0,646.0,646.0,646.0,644.0,644.0,644.0,1480.0,1480.0,1471.0,1091.0,1091.0,1091.0,646.0,646.0,646.0
0.0,4479.0,1965.0,1938.0,3321.0,1917.0,642.0,642.0,633.0,646.0,646.0,646.0,655.0,655.0,655.0,1493.0,1493.0,1493.0,642.0,642.0,633.0,646.0,646.0,646.0
0.0,5835.0,1890.0,1938.0,3273.0,534.0,181.0,181.0,172.0,646.0,646.0,646.0,630.0,630.0,630.0,1942.0,1942.0,1951.0,181.0,181.0,172.0,646.0,646.0,646.0
0.0,7218.0,1888.0,1936.0,1917.0,497.0,164.0,164.0,169.0,645.0,645.0,646.0,629.0,629.0,630.0,2403.0,2403.0,2412.0,164.0,164.0,169.0,645.0,645.0,646.0
0.0,7247.0,1990.0,1938.0,534.0,1961.0,650.0,650.0,661.0,646.0,646.0,646.0,663.0,663.0,664.0,2416.0,2416.0,2415.0,650.0,650.0,661.0,646.0,646.0,646.0
0.0,5791.0,1977.0,1941.0,497.0,3453.0,1149.0,1149.0,1155.0,647.0,647.0,647.0,659.0,659.0,659.0,1934.0,1934.0,1923.0,1149.0,1149.0,1155.0,647.0,647.0,647.0
0.0,4311.0,1950.0,1942.0,1961.0,3446.0,1149.0,1149.0,1148.0,647.0,647.0,648.0,650.0,650.0,650.0,1439.0,1439.0,1433.0,1149.0,1149.0,1148.0,647.0,647.0,648.0
0.0,4322.0,1971.0,1944.0,3453.0,1972.0,661.0,661.0,650.0,648.0,648.0,648.0,657.0,657.0,657.0,1439.0,1439.0,1444.0,661.0,661.0,650.0,648.0,648.0,648.0
0.0,5804.0,1834.0,1944.0,3446.0,360.0,123.0,123.0,114.0,648.0,648.0,648.0,611.0,611.0,612.0,1931.0,1931.0,1942.0,123.0,123.0,114.0,648.0,648.0,648.0
0.0,7416.0,1959.0,1947.0,1972.0,359.0,119.0,119.0,121.0,649.0,649.0,649.0,653.0,653.0,653.0,2469.0,2469.0,2478.0,119.0,119.0,121.0,649.0,649.0,649.0
0.0,7429.0,1878.0,1948.0,360.0,1881.0,622.0,622.0,637.0,649.0,649.0,650.0,626.0,626.0,626.0,2477.0,2477.0,2475.0,622.0,622.0,637.0,649.0,649.0,650.0
0.0,5911.0,1896.0,1948.0,359.0,3418.0,1135.0,1135.0,1148.0,649.0,649.0,650.0,632.0,632.0,632.0,1974.0,1974.0,1963.0,1135.0,1135.0,1148.0,649.0,649.0,650.0
0.0,4374.0,2046.0,1951.0,1881.0,3595.0,1199.0,1199.0,1197.0,650.0,650.0,651.0,682.0,682.0,682.0,1461.0,1461.0,1452.0,1199.0,1199.0,1197.0,650.0,650.0,651.0
0.0,4209.0,2046.0,1954.0,3418.0,2235.0,750.0,750.0,735.0,651.0,651.0,652.0,682.0,682.0,682.0,1401.0,1401.0,1407.0,750.0,750.0,735.0,651.0,651.0,652.0
0.0,5581.0,1896.0,1956.0,3595.0,544.0,187.0,187.0,170.0,652.0,652.0,652.0,632.0,632.0,632.0,1854.0,1854.0,1873.0,187.0,187.0,170.0,652.0,652.0,652.0
0.0,7280.0,1953.0,1959.0,2235.0,274.0,92.0,92.0,90.0,653.0,653.0,653.0,651.0,651.0,651.0,2421.0,2421.0,2438.0,92.0,92.0,90.0,653.0,653.0,653.0
0.0,7562.0,2109.0,1962.0,544.0,1851.0,612.0,612.0,627.0,654.0,654.0,654.0,703.0,703.0,703.0,2520.0,2520.0,2522.0,612.0,612.0,627.0,654.0,654.0,654.0
0.0,5997.0,1881.0,1960.0,274.0,3450.0,1143.0,1143.0,1164.0,653.0,653.0,654.0,627.0,627.0,627.0,2004.0,2004.0,1989.0,1143.0,1143.0,1164.0,653.0,653.0,654.0
0.0,4390.0,2059.0,1962.0,1851.0,3666.0,1221.0,1221.0,1224.0,654.0,654.0,654.0,686.0,686.0,687.0,1469.0,1469.0,1452.0,1221.0,1221.0,1224.0,654.0,654.0,654.0
0.0,4182.0,2046.0,1965.0,3450.0,2274.0,764.0,764.0,746.0,655.0,655.0,655.0,682.0,682.0,682.0,1395.0,1395.0,1392.0,764.0,764.0,746.0,655.0,655.0,655.0
0.0,5586.0,1953.0,1965.0,3666.0,561.0,194.0,194.0,173.0,655.0,655.0,655.0,651.0,651.0,651.0,1856.0,1856.0,1874.0,194.0,194.0,173.0,655.0,655.0,655.0
0.0,7299.0,1926.0,1962.0,2274.0,201.0,68.0,68.0,65.0,654.0,654.0,654.0,642.0,642.0,642.0,2426.0,2426.0,2447.0,68.0,68.0,65.0,654.0,654.0,654.0
0.0,7647.0,1998.0,1963.0,561.0,1642.0,540.0,540.0,562.0,654.0,654.0,655.0,666.0,666.0,666.0,2548.0,2548.0,2551.0,540.0,540.0,562.0,654.0,654.0,655.0
0.0,6210.0,1995.0,1965.0,201.0,3444.0,1141.0,1141.0,1162.0,655.0,655.0,655.0,665.0,665.0,665.0,2076.0,2076.0,2058.0,1141.0,1141.0,1162.0,655.0,655.0,655.0
0.0,4416.0,2058.0,1968.0,1642.0,3872.0,1291.0,1291.0,1290.0,656.0,656.0,656.0,686.0,686.0,686.0,1479.0,1479.0,1458.0,1291.0,1291.0,1290.0,656.0,656.0,656.0
0.0,4000.0,2028.0,1971.0,3444.0,2468.0,830.0,830.0,808.0,657.0,657.0,657.0,676.0,676.0,676.0,1333.0,1333.0,1334.0,830.0,830.0,808.0,657.0,657.0,657.0
0.0,5416.0,1989.0,1972.0,3872.0,589.0,202.0,202.0,185.0,657.0,657.0,658.0,663.0,663.0,663.0,1798.0,1798.0,1820.0,202.0,202.0,185.0,657.0,657.0,658.0
0.0,7299.0,1942.0,1971.0,2468.0,59.0,19.0,19.0,21.0,657.0,657.0,657.0,647.0,647.0,648.0,2426.0,2426.0,2447.0,19.0,19.0,21.0,657.0,657.0,657.0
0.0,7825.0,1965.0,1971.0,589.0,1435.0,472.0,472.0,491.0,657.0,657.0,657.0,655.0,655.0,655.0,2609.0,2609.0,2607.0,472.0,472.0,491.0,657.0,657.0,657.0
0.0,6449.0,2076.0,1974.0,59.0,3464.0,1149.0,1149.0,1166.0,658.0,658.0,658.0,692.0,692.0,692.0,2156.0,2156.0,2137.0,1149.0,1149.0,1166.0,658.0,658.0,658.0
0.0,4432.0,2013.0,1975.0,1435.0,4046.0,1348.0,1348.0,1350.0,658.0,658.0,659.0,671.0,671.0,671.0,1483.0,1483.0,1466.0,1348.0,1348.0,1350.0,658.0,658.0,659.0
0.0,3854.0,2053.0,1977.0,3464.0,2643.0,887.0,887.0,869.0,659.0,659.0,659.0,684.0,684.0,685.0,1284.0,1284.0,1286.0,887.0,887.0,869.0,659.0,659.0,659.0
0.0,5265.0,2001.0,1978.0,4046.0,602.0,206.0,206.0,190.0,659.0,659.0,660.0,667.0,667.0,667.0,1749.0,1749.0,1767.0,206.0,206.0,190.0,659.0,659.0,660.0
0.0,7310.0,1986.0,1978.0,2643.0,0.0,0.0,0.0,0.0,659.0,659.0,660.0,662.0,662.0,662.0,2430.0,2430.0,2450.0,0.0,0.0,0.0,659.0,659.0,660.0
0.0,7967.0,2053.0,1983.0,602.0,1416.0,467.0,467.0,482.0,661.0,661.0,661.0,684.0,684.0,685.0,2655.0,2655.0,2657.0,467.0,467.0,482.0,661.0,661.0,661.0
0.0,6516.0,2025.0,1984.0,0.0,3445.0,1142.0,1142.0,1161.0,661.0,661.0,662.0,675.0,675.0,675.0,2177.0,2177.0,2162.0,1142.0,1142.0,1161.0,661.0,661.0,662.0
0.0,4491.0,2056.0,1989.0,1416.0,4105.0,1368.0,1368.0,1369.0,663.0,663.0,663.0,685.0,685.0,686.0,1502.0,1502.0,1487.0,1368.0,1368.0,1369.0,663.0,663.0,663.0
0.0,3851.0,2082.0,1992.0,3445.0,2754.0,924.0,924.0,906.0,664.0,664.0,664.0,694.0,694.0,694.0,1284.0,1284.0,1283.0,924.0,924.0,906.0,664.0,664.0,664.0
0.0,5214.0,2142.0,1993.0,4105.0,795.0,270.0,270.0,255.0,664.0,664.0,665.0,714.0,714.0,714.0,1732.0,1732.0,1750.0,270.0,270.0,255.0,664.0,664.0,665.0
0.0,7177.0,2095.0,1995.0,2754.0,144.0,48.0,48.0,48.0,665.0,665.0,665.0,698.0,698.0,699.0,2386.0,2386.0,2405.0,48.0,48.0,48.0,665.0,665.0,665.0
0.0,7836.0,2031.0,1998.0,795.0,1392.0,459.0,459.0,474.0,666.0,666.0,666.0,677.0,677.0,677.0,2612.0,2612.0,2612.0,459.0,459.0,474.0,666.0,666.0,666.0
0.0,6600.0,1905.0,1995.0,144.0,3141.0,1042.0,1042.0,1057.0,665.0,665.0,665.0,635.0,635.0,635.0,2205.0,2205.0,2190.0,1042.0,1042.0,1057.0,665.0,665.0,665.0
0.0,4839.0,2085.0,1998.0,1392.0,3846.0,1282.0,1282.0,1282.0,666.0,666.0,666.0,695.0,695.0,695.0,1618.0,1618.0,1603.0,1282.0,1282.0,1282.0,666.0,666.0,666.0
0.0,4146.0,2028.0,1998.0,3141.0,2733.0,916.0,916.0,901.0,666.0,666.0,666.0,676.0,676.0,676.0,1382.0,1382.0,1382.0,916.0,916.0,901.0,666.0,666.0,666.0
0.0,5259.0,2127.0,1999.0,3846.0,1018.0,343.0,343.0,332.0,666.0,666.0,667.0,709.0,709.0,709.0,1748.0,1748.0,1763.0,343.0,343.0,332.0,666.0,666.0,667.0
0.0,6978.0,2235.0,2004.0,2733.0,540.0,180.0,180.0,180.0,668.0,668.0,668.0,745.0,745.0,745.0,2321.0,2321.0,2336.0,180.0,180.0,180.0,668.0,668.0,668.0
0.0,7476.0,2098.0,2004.0,1018.0,1620.0,536.0,536.0,548.0,668.0,668.0,668.0,699.0,699.0,700.0,2492.0,2492.0,2492.0,536.0,536.0,548.0,668.0,668.0,668.0
0.0,6396.0,2134.0,2007.0,540.0,3226.0,1071.0,1071.0,1084.0,669.0,669.0,669.0,711.0,711.0,712.0,2136.0,2136.0,2124.0,1071.0,1071.0,1084.0,669.0,669.0,669.0
0.0,4802.0,2025.0,2005.0,1620.0,3623.0,1206.0,1206.0,1211.0,668.0,668.0,669.0,675.0,675.0,675.0,1605.0,1605.0,1592.0,1206.0,1206.0,1211.0,668.0,668.0,669.0
0.0,4397.0,2095.0,2007.0,3226.0,2500.0,837.0,837.0,826.0,669.0,669.0,669.0,698.0,698.0,699.0,1466.0,1466.0,1465.0,837.0,837.0,826.0,669.0,669.0,669.0
0.0,5528.0,2049.0,2010.0,3623.0,938.0,318.0,318.0,302.0,670.0,670.0,670.0,683.0,683.0,683.0,1839.0,1839.0,1850.0,318.0,318.0,302.0,670.0,670.0,670.0
0.0,7102.0,2067.0,2010.0,2500.0,505.0,170.0,170.0,165.0,670.0,670.0,670.0,689.0,689.0,689.0,2362.0,2362.0,2378.0,170.0,170.0,165.0,670.0,670.0,670.0
0.0,7535.0,2155.0,2013.0,938.0,1734.0,574.0,574.0,586.0,671.0,671.0,671.0,718.0,718.0,719.0,2510.0,2510.0,2515.0,574.0,574.0,586.0,671.0,671.0,671.0
0.0,6318.0,1986.0,2013.0,505.0,3215.0,1066.0,1066.0,1083.0,671.0,671.0,671.0,662.0,662.0,662.0,2110.0,2110.0,2098.0,1066.0,1066.0,1083.0,671.0,671.0,671.0
0.0,4837.0,1980.0,2016.0,1734.0,3473.0,1156.0,1156.0,1161.0,672.0,672.0,672.0,660.0,660.0,660.0,1618.0,1618.0,1601.0,1156.0,1156.0,1161.0,672.0,672.0,672.0
0.0,4591.0,1995.0,2017.0,3215.0,2257.0,755.0,755.0,747.0,672.0,672.0,673.0,665.0,665.0,665.0,1532.0,1532.0,1527.0,755.0,755.0,747.0,672.0,672.0,673.0
0.0,5811.0,1969.0,2017.0,3473.0,753.0,255.0,255.0,243.0,672.0,672.0,673.0,656.0,656.0,657.0,1933.0,1933.0,1945.0,255.0,255.0,243.0,672.0,672.0,673.0
0.0,7315.0,2046.0,2019.0,2257.0,550.0,186.0,186.0,178.0,673.0,673.0,673.0,682.0,682.0,682.0,2433.0,2433.0,2449.0,186.0,186.0,178.0,673.0,673.0,673.0
0.0,7526.0,2103.0,2022.0,753.0,1912.0,636.0,636.0,640.0,674.0,674.0,674.0,701.0,701.0,701.0,2506.0,2506.0,2514.0,636.0,636.0,640.0,674.0,674.0,674.0
0.0,6176.0,2029.0,2022.0,550.0,3391.0,1126.0,1126.0,1139.0,674.0,674.0,674.0,676.0,676.0,677.0,2060.0,2060.0,2056.0,1126.0,1126.0,1139.0,674.0,674.0,674.0
0.0,4697.0,1953.0,2025.0,1912.0,3444.0,1145.0,1145.0,1154.0,675.0,675.0,675.0,651.0,651.0,651.0,1570.0,1570.0,1557.0,1145.0,1145.0,1154.0,675.0,675.0,675.0
0.0,4656.0,1885.0,2023.0,3391.0,1930.0,643.0,643.0,644.0,674.0,674.0,675.0,628.0,628.0,629.0,1555.0,1555.0,1546.0,643.0,643.0,644.0,674.0,674.0,675.0
0.0,6162.0,2025.0,2026.0,3444.0,523.0,177.0,177.0,169.0,675.0,675.0,676.0,675.0,675.0,675.0,2053.0,2053.0,2056.0,177.0,177.0,169.0,675.0,675.0,676.0
0.0,7581.0,2112.0,2031.0,1930.0,725.0,246.0,246.0,233.0,677.0,677.0,677.0,704.0,704.0,704.0,2523.0,2523.0,2535.0,246.0,246.0,233.0,677.0,677.0,677.0
0.0,7399.0,2040.0,2031.0,523.0,2242.0,749.0,749.0,744.0,677.0,677.0,677.0,680.0,680.0,680.0,2462.0,2462.0,2475.0,749.0,749.0,744.0,677.0,677.0,677.0
0.0,5882.0,2122.0,2031.0,725.0,3639.0,1210.0,1210.0,1219.0,677.0,677.0,677.0,707.0,707.0,708.0,1959.0,1959.0,1964.0,1210.0,1210.0,1219.0,677.0,677.0,677.0
0.0,4485.0,2127.0,2037.0,2242.0,3548.0,1178.0,1178.0,1192.0,679.0,679.0,679.0,709.0,709.0,709.0,1498.0,1498.0,1489.0,1178.0,1178.0,1192.0,679.0,679.0,679.0
0.0,4600.0,2067.0,2038.0,3639.0,1980.0,657.0,657.0,666.0,679.0,679.0,680.0,689.0,689.0,689.0,1538.0,1538.0,1524.0,657.0,657.0,666.0,679.0,679.0,680.0
0.0,6172.0,2047.0,2037.0,3548.0,475.0,161.0,161.0,153.0,679.0,679.0,679.0,682.0,682.0,683.0,2059.0,2059.0,2054.0,161.0,161.0,153.0,679.0,679.0,679.0
0.0,7673.0,1960.0,2040.0,1980.0,467.0,161.0,161.0,145.0,680.0,680.0,680.0,653.0,653.0,654.0,2555.0,2555.0,2563.0,161.0,161.0,145.0,680.0,680.0,680.0
0.0,7693.0,2122.0,2040.0,475.0,2114.0,707.0,707.0,700.0,680.0,680.0,680.0,707.0,707.0,708.0,2559.0,2559.0,2575.0,707.0,707.0,700.0,680.0,680.0,680.0
0.0,6046.0,1933.0,2038.0,467.0,3572.0,1186.0,1186.0,1200.0,679.0,679.0,680.0,644.0,644.0,645.0,2013.0,2013.0,2020.0,1186.0,1186.0,1200.0,679.0,679.0,680.0
0.0,4580.0,2067.0,2040.0,2114.0,3533.0,1172.0,1172.0,1189.0,680.0,680.0,680.0,689.0,689.0,689.0,1530.0,1530.0,1520.0,1172.0,1172.0,1189.0,680.0,680.0,680.0
0.0,4627.0,1974.0,2041.0,3572.0,1939.0,644.0,644.0,651.0,680.0,680.0,681.0,658.0,658.0,658.0,1548.0,1548.0,1531.0,644.0,644.0,651.0,680.0,680.0,681.0
0.0,6225.0,2055.0,2043.0,3533.0,469.0,161.0,161.0,147.0,681.0,681.0,681.0,685.0,685.0,685.0,2076.0,2076.0,2073.0,161.0,161.0,147.0,681.0,681.0,681.0
0.0,7703.0,2194.0,2046.0,1939.0,736.0,252.0,252.0,232.0,682.0,682.0,682.0,731.0,731.0,732.0,2563.0,2563.0,2577.0,252.0,252.0,232.0,682.0,682.0,682.0
0.0,7448.0,2058.0,2046.0,469.0,2325.0,777.0,777.0,771.0,682.0,682.0,682.0,686.0,686.0,686.0,2476.0,2476.0,2496.0,777.0,777.0,771.0,682.0,682.0,682.0
0.0,5859.0,2127.0,2047.0,736.0,3720.0,1234.0,1234.0,1252.0,682.0,682.0,683.0,709.0,709.0,709.0,1951.0,1951.0,1957.0,1234.0,1234.0,1252.0,682.0,682.0,683.0
0.0,4468.0,2151.0,2052.0,2325.0,3566.0,1182.0,1182.0,1202.0,684.0,684.0,684.0,717.0,717.0,717.0,1494.0,1494.0,1480.0,1182.0,1182.0,1202.0,684.0,684.0,684.0
0.0,4642.0,2067.0,2053.0,3720.0,1917.0,637.0,637.0,643.0,684.0,684.0,685.0,689.0,689.0,689.0,1554.0,1554.0,1534.0,637.0,637.0,643.0,684.0,684.0,685.0
0.0,6295.0,2038.0,2055.0,3566.0,397.0,138.0,138.0,121.0,685.0,685.0,685.0,679.0,679.0,680.0,2099.0,2099.0,2097.0,138.0,138.0,121.0,685.0,685.0,685.0
0.0,7823.0,2133.0,2056.0,1917.0,617.0,212.0,212.0,193.0,685.0,685.0,686.0,711.0,711.0,711.0,2602.0,2602.0,2619.0,212.0,212.0,193.0,685.0,685.0,686.0
0.0,7607.0,2025.0,2056.0,397.0,2245.0,749.0,749.0,747.0,685.0,685.0,686.0,675.0,675.0,675.0,2528.0,2528.0,2551.0,749.0,749.0,747.0,685.0,685.0,686.0
0.0,5979.0,2115.0,2058.0,617.0,3751.0,1246.0,1246.0,1259.0,686.0,686.0,686.0,705.0,705.0,705.0,1991.0,1991.0,1997.0,1246.0,1246.0,1259.0,686.0,686.0,686.0
0.0,4481.0,2028.0,2058.0,2245.0,3534.0,1173.0,1173.0,1188.0,686.0,686.0,686.0,676.0,676.0,676.0,1498.0,1498.0,1485.0,1173.0,1173.0,1188.0,686.0,686.0,686.0
0.0,4698.0,2008.0,2058.0,3751.0,1791.0,596.0,596.0,599.0,686.0,686.0,686.0,669.0,669.0,670.0,1571.0,1571.0,1556.0,596.0,596.0,599.0,686.0,686.0,686.0
0.0,6441.0,2140.0,2061.0,3534.0,409.0,140.0,140.0,129.0,687.0,687.0,687.0,713.0,713.0,714.0,2148.0,2148.0,2145.0,140.0,140.0,129.0,687.0,687.0,687.0
0.0,7835.0,2110.0,2061.0,1791.0,728.0,247.0,247.0,234.0,687.0,687.0,687.0,703.0,703.0,704.0,2608.0,2608.0,2619.0,247.0,247.0,234.0,687.0,687.0,687.0
0.0,7516.0,2133.0,2064.0,409.0,2464.0,822.0,822.0,820.0,688.0,688.0,688.0,711.0,711.0,711.0,2501.0,2501.0,2514.0,822.0,822.0,820.0,688.0,688.0,688.0
0.0,5792.0,2146.0,2064.0,728.0,3882.0,1290.0,1290.0,1302.0,688.0,688.0,688.0,715.0,715.0,716.0,1930.0,1930.0,1932.0,1290.0,1290.0,1302.0,688.0,688.0,688.0
0.0,4374.0,2070.0,2064.0,2464.0,3488.0,1158.0,1158.0,1172.0,688.0,688.0,688.0,690.0,690.0,690.0,1462.0,1462.0,1450.0,1158.0,1158.0,1172.0,688.0,688.0,688.0
0.0,4768.0,2079.0,2062.0,3882.0,1677.0,557.0,557.0,563.0,687.0,687.0,688.0,693.0,693.0,693.0,1594.0,1594.0,1580.0,557.0,557.0,563.0,687.0,687.0,688.0
0.0,6571.0,2218.0,2067.0,3488.0,427.0,146.0,146.0,135.0,689.0,689.0,689.0,739.0,739.0,740.0,2191.0,2191.0,2189.0,146.0,146.0,135.0,689.0,689.0,689.0
0.0,7841.0,1968.0,2067.0,1677.0,718.0,245.0,245.0,228.0,689.0,689.0,689.0,656.0,656.0,656.0,2610.0,2610.0,2621.0,245.0,245.0,228.0,689.0,689.0,689.0
0.0,7550.0,2061.0,2067.0,427.0,2352.0,786.0,786.0,780.0,689.0,689.0,689.0,687.0,687.0,687.0,2511.0,2511.0,2528.0,786.0,786.0,780.0,689.0,689.0,689.0
0.0,5916.0,2145.0,2070.0,718.0,3791.0,1260.0,1260.0,1271.0,690.0,690.0,690.0,715.0,715.0,715.0,1970.0,1970.0,1976.0,1260.0,1260.0,1271.0,690.0,690.0,690.0
0.0,4489.0,2223.0,2071.0,2352.0,3666.0,1215.0,1215.0,1236.0,690.0,690.0,691.0,741.0,741.0,741.0,1500.0,1500.0,1489.0,1215.0,1215.0,1236.0,690.0,690.0,691.0
0.0,4618.0,2083.0,2068.0,3791.0,1946.0,645.0,645.0,656.0,689.0,689.0,690.0,694.0,694.0,695.0,1545.0,1545.0,1528.0,645.0,645.0,656.0,689.0,689.0,690.0
0.0,6326.0,2181.0,2070.0,3666.0,469.0,161.0,161.0,147.0,690.0,690.0,690.0,727.0,727.0,727.0,2111.0,2111.0,2104.0,161.0,161.0,147.0,690.0,690.0,690.0
0.0,7811.0,2149.0,2070.0,1946.0,672.0,232.0,232.0,208.0,690.0,690.0,690.0,716.0,716.0,717.0,2599.0,2599.0,2613.0,232.0,232.0,208.0,690.0,690.0,690.0
0.0,7608.0,2142.0,2073.0,469.0,2357.0,789.0,789.0,779.0,691.0,691.0,691.0,714.0,714.0,714.0,2528.0,2528.0,2552.0,789.0,789.0,779.0,691.0,691.0,691.0
0.0,5935.0,2085.0,2073.0,672.0,3770.0,1252.0,1252.0,1266.0,691.0,691.0,691.0,695.0,695.0,695.0,1975.0,1975.0,1985.0,1252.0,1252.0,1266.0,691.0,691.0,691.0
0.0,4522.0,2187.0,2074.0,2357.0,3604.0,1192.0,1192.0,1220.0,691.0,691.0,692.0,729.0,729.0,729.0,1512.0,1512.0,1498.0,1192.0,1192.0,1220.0,691.0,691.0,692.0
0.0,4692.0,2121.0,2076.0,3770.0,1963.0,651.0,651.0,661.0,692.0,692.0,692.0,707.0,707.0,707.0,1572.0,1572.0,1548.0,651.0,651.0,661.0,692.0,692.0,692.0
0.0,6341.0,2170.0,2076.0,3604.0,529.0,182.0,182.0,165.0,692.0,692.0,692.0,723.0,723.0,724.0,2117.0,2117.0,2107.0,182.0,182.0,165.0,692.0,692.0,692.0
0.0,7775.0,1992.0,2076.0,1963.0,558.0,195.0,195.0,168.0,692.0,692.0,692.0,664.0,664.0,664.0,2586.0,2586.0,2603.0,195.0,195.0,168.0,692.0,692.0,692.0
0.0,7746.0,2055.0,2077.0,529.0,2088.0,698.0,698.0,692.0,692.0,692.0,693.0,685.0,685.0,685.0,2573.0,2573.0,2600.0,698.0,698.0,692.0,692.0,692.0,693.0
0.0,6220.0,2058.0,2079.0,558.0,3596.0,1193.0,1193.0,1210.0,693.0,693.0,693.0,686.0,686.0,686.0,2070.0,2070.0,2080.0,1193.0,1193.0,1210.0,693.0,693.0,693.0
0.0,4720.0,2115.0,2082.0,2088.0,3635.0,1204.0,1204.0,1227.0,694.0,694.0,694.0,705.0,705.0,705.0,1579.0,1579.0,1562.0,1204.0,1204.0,1227.0,694.0,694.0,694.0
0.0,4693.0,2032.0,2082.0,3596.0,2071.0,688.0,688.0,695.0,694.0,694.0,694.0,677.0,677.0,678.0,1572.0,1572.0,1549.0,688.0,688.0,695.0,694.0,694.0,694.0
0.0,6257.0,2089.0,2082.0,3635.0,525.0,180.0,180.0,165.0,694.0,694.0,694.0,696.0,696.0,697.0,2088.0,2088.0,2081.0,180.0,180.0,165.0,694.0,694.0,694.0
0.0,7803.0,2034.0,2082.0,2071.0,488.0,170.0,170.0,148.0,694.0,694.0,694.0,678.0,678.0,678.0,2596.0,2596.0,2611.0,170.0,170.0,148.0,694.0,694.0,694.0
0.0,7840.0,2073.0,2083.0,525.0,2040.0,681.0,681.0,678.0,694.0,694.0,695.0,691.0,691.0,691.0,2606.0,2606.0,2628.0,681.0,681.0,678.0,694.0,694.0,695.0
0.0,6292.0,2220.0,2091.0,488.0,3804.0,1263.0,1263.0,1278.0,697.0,697.0,697.0,740.0,740.0,740.0,2095.0,2095.0,2102.0,1263.0,1263.0,1278.0,697.0,697.0,697.0
0.0,4560.0,1983.0,2089.0,2040.0,3739.0,1239.0,1239.0,1261.0,696.0,696.0,697.0,661.0,661.0,661.0,1525.0,1525.0,1510.0,1239.0,1239.0,1261.0,696.0,696.0,697.0
0.0,4617.0,1968.0,2086.0,3804.0,1891.0,628.0,628.0,635.0,695.0,695.0,696.0,656.0,656.0,656.0,1545.0,1545.0,1527.0,628.0,628.0,635.0,695.0,695.0,696.0
0.0,6453.0,2055.0,2086.0,3739.0,207.0,74.0,74.0,59.0,695.0,695.0,696.0,685.0,685.0,685.0,2152.0,2152.0,2149.0,74.0,74.0,59.0,695.0,695.0,696.0
0.0,8137.0,2233.0,2088.0,1891.0,557.0,194.0,194.0,169.0,696.0,696.0,696.0,744.0,744.0,745.0,2706.0,2706.0,2725.0,194.0,194.0,169.0,696.0,696.0,696.0
0.0,7795.0,2176.0,2089.0,207.0,2530.0,845.0,845.0,840.0,696.0,696.0,697.0,725.0,725.0,726.0,2590.0,2590.0,2615.0,845.0,845.0,840.0,696.0,696.0,697.0
0.0,5826.0,2121.0,2091.0,557.0,4102.0,1362.0,1362.0,1378.0,697.0,697.0,697.0,707.0,707.0,707.0,1939.0,1939.0,1948.0,1362.0,1362.0,1378.0,697.0,697.0,697.0
0.0,4262.0,1923.0,2088.0,2530.0,3483.0,1154.0,1154.0,1175.0,696.0,696.0,696.0,641.0,641.0,641.0,1426.0,1426.0,1410.0,1154.0,1154.0,1175.0,696.0,696.0,696.0
0.0,4869.0,2094.0,2091.0,4102.0,1487.0,494.0,494.0,499.0,697.0,697.0,697.0,698.0,698.0,698.0,1630.0,1630.0,1609.0,494.0,494.0,499.0,697.0,697.0,697.0
0.0,6877.0,2160.0,2091.0,3483.0,164.0,60.0,60.0,44.0,697.0,697.0,697.0,720.0,720.0,720.0,2294.0,2294.0,2289.0,60.0,60.0,44.0,697.0,697.0,697.0
0.0,8200.0,2179.0,2097.0,1487.0,880.0,300.0,300.0,280.0,699.0,699.0,699.0,726.0,726.0,727.0,2728.0,2728.0,2744.0,300.0,300.0,280.0,699.0,699.0,699.0
0.0,7508.0,2110.0,2097.0,164.0,2826.0,943.0,943.0,940.0,699.0,699.0,699.0,703.0,703.0,704.0,2496.0,2496.0,2516.0,943.0,943.0,940.0,699.0,699.0,699.0
0.0,5562.0,2043.0,2098.0,880.0,3993.0,1324.0,1324.0,1345.0,699.0,699.0,700.0,681.0,681.0,681.0,1853.0,1853.0,1856.0,1324.0,1324.0,1345.0,699.0,699.0,700.0
0.0,4399.0,2037.0,2098.0,2826.0,3204.0,1060.0,1060.0,1084.0,699.0,699.0,700.0,679.0,679.0,679.0,1472.0,1472.0,1455.0,1060.0,1060.0,1084.0,699.0,699.0,700.0
0.0,5188.0,2124.0,2097.0,3993.0,1331.0,444.0,444.0,443.0,699.0,699.0,699.0,708.0,708.0,708.0,1736.0,1736.0,1716.0,444.0,444.0,443.0,699.0,699.0,699.0
0.0,7057.0,2142.0,2098.0,3204.0,273.0,98.0,98.0,77.0,699.0,699.0,700.0,714.0,714.0,714.0,2352.0,2352.0,2353.0,98.0,98.0,77.0,699.0,699.0,700.0
0.0,8119.0,2158.0,2100.0,1331.0,1108.0,377.0,377.0,354.0,700.0,700.0,700.0,719.0,719.0,720.0,2698.0,2698.0,2723.0,377.0,377.0,354.0,700.0,700.0,700.0
0.0,7292.0,2109.0,2098.0,273.0,2936.0,978.0,978.0,980.0,699.0,699.0,700.0,703.0,703.0,703.0,2423.0,2423.0,2446.0,978.0,978.0,980.0,699.0,699.0,700.0
0.0,5456.0,2169.0,2100.0,1108.0,4005.0,1328.0,1328.0,1349.0,700.0,700.0,700.0,723.0,723.0,723.0,1818.0,1818.0,1820.0,1328.0,1328.0,1349.0,700.0,700.0,700.0
0.0,4395.0,2212.0,2103.0,2936.0,3293.0,1091.0,1091.0,1111.0,701.0,701.0,701.0,737.0,737.0,738.0,1472.0,1472.0,1451.0,1091.0,1091.0,1111.0,701.0,701.0,701.0
0.0,5119.0,2176.0,2104.0,4005.0,1468.0,488.0,488.0,492.0,701.0,701.0,702.0,725.0,725.0,726.0,1713.0,1713.0,1693.0,488.0,488.0,492.0,701.0,701.0,702.0
0.0,6948.0,2050.0,2106.0,3293.0,233.0,84.0,84.0,65.0,702.0,702.0,702.0,683.0,683.0,684.0,2316.0,2316.0,2316.0,84.0,84.0,65.0,702.0,702.0,702.0
0.0,8191.0,2199.0,2106.0,1468.0,964.0,329.0,329.0,306.0,702.0,702.0,702.0,733.0,733.0,733.0,2724.0,2724.0,2743.0,329.0,329.0,306.0,702.0,702.0,702.0
0.0,7460.0,2172.0,2109.0,233.0,2915.0,973.0,973.0,969.0,703.0,703.0,703.0,724.0,724.0,724.0,2479.0,2479.0,2502.0,973.0,973.0,969.0,703.0,703.0,703.0
0.0,5521.0,2211.0,2113.0,964.0,4178.0,1385.0,1385.0,1408.0,704.0,704.0,705.0,737.0,737.0,737.0,1839.0,1839.0,1843.0,1385.0,1385.0,1408.0,704.0,704.0,705.0
0.0,4274.0,2173.0,2113.0,2915.0,3436.0,1136.0,1136.0,1164.0,704.0,704.0,705.0,724.0,724.0,725.0,1431.0,1431.0,1412.0,1136.0,1136.0,1164.0,704.0,704.0,705.0
0.0,5016.0,2148.0,2115.0,4178.0,1414.0,471.0,471.0,472.0,705.0,705.0,705.0,716.0,716.0,716.0,1680.0,1680.0,1656.0,471.0,471.0,472.0,705.0,705.0,705.0
0.0,7046.0,2169.0,2115.0,3436.0,147.0,58.0,58.0,31.0,705.0,705.0,705.0,723.0,723.0,723.0,2349.0,2349.0,2348.0,58.0,58.0,31.0,705.0,705.0,705.0
0.0,8313.0,2347.0,2119.0,1414.0,1096.0,373.0,373.0,350.0,706.0,706.0,707.0,782.0,782.0,783.0,2762.0,2762.0,2789.0,373.0,373.0,350.0,706.0,706.0,707.0
0.0,7380.0,2227.0,2122.0,147.0,3188.0,1061.0,1061.0,1066.0,707.0,707.0,708.0,742.0,742.0,743.0,2451.0,2451.0,2478.0,1061.0,1061.0,1066.0,707.0,707.0,708.0
0.0,5300.0,2173.0,2124.0,1096.0,4273.0,1416.0,1416.0,1441.0,708.0,708.0,708.0,724.0,724.0,725.0,1767.0,1767.0,1766.0,1416.0,1416.0,1441.0,708.0,708.0,708.0
0.0,4223.0,2277.0,2125.0,3188.0,3366.0,1114.0,1114.0,1138.0,708.0,708.0,709.0,759.0,759.0,759.0,1416.0,1416.0,1391.0,1114.0,1114.0,1138.0,708.0,708.0,709.0
0.0,5134.0,2272.0,2131.0,4273.0,1389.0,463.0,463.0,463.0,710.0,710.0,711.0,757.0,757.0,758.0,1718.0,1718.0,1698.0,463.0,463.0,463.0,710.0,710.0,711.0
0.0,7135.0,2079.0,2131.0,3366.0,102.0,42.0,42.0,18.0,710.0,710.0,711.0,693.0,693.0,693.0,2377.0,2377.0,2381.0,42.0,42.0,18.0,710.0,710.0,711.0
0.0,8422.0,2131.0,2131.0,1389.0,844.0,289.0,289.0,266.0,710.0,710.0,711.0,710.0,710.0,711.0,2798.0,2798.0,2826.0,289.0,289.0,266.0,710.0,710.0,711.0
0.0,7680.0,2191.0,2130.0,102.0,2929.0,977.0,977.0,975.0,710.0,710.0,710.0,730.0,730.0,731.0,2551.0,2551.0,2578.0,977.0,977.0,975.0,710.0,710.0,710.0
0.0,5591.0,2179.0,2133.0,844.0,4276.0,1418.0,1418.0,1440.0,711.0,711.0,711.0,726.0,726.0,727.0,1863.0,1863.0,1865.0,1418.0,1418.0,1440.0,711.0,711.0,711.0
0.0,4256.0,2167.0,2131.0,2929.0,3506.0,1159.0,1159.0,1188.0,710.0,710.0,711.0,722.0,722.0,723.0,1426.0,1426.0,1404.0,1159.0,1159.0,1188.0,710.0,710.0,711.0
0.0,5018.0,2263.0,2134.0,4276.0,1505.0,499.0,499.0,507.0,711.0,711.0,712.0,754.0,754.0,755.0,1681.0,1681.0,1656.0,499.0,499.0,507.0,711.0,711.0,712.0
0.0,7031.0,2262.0,2136.0,3506.0,269.0,98.0,98.0,73.0,712.0,712.0,712.0,754.0,754.0,754.0,2345.0,2345.0,2341.0,98.0,98.0,73.0,712.0,712.0,712.0
0.0,8275.0,2172.0,2139.0,1505.0,948.0,327.0,327.0,294.0,713.0,713.0,713.0,724.0,724.0,724.0,2750.0,2750.0,2775.0,327.0,327.0,294.0,713.0,713.0,713.0
0.0,7608.0,2278.0,2140.0,269.0,2961.0,988.0,988.0,985.0,713.0,713.0,714.0,759.0,759.0,760.0,2525.0,2525.0,2558.0,988.0,988.0,985.0,713.0,713.0,714.0
0.0,5599.0,2211.0,2142.0,948.0,4232.0,1402.0,1402.0,1428.0,714.0,714.0,714.0,737.0,737.0,737.0,1864.0,1864.0,1871.0,1402.0,1402.0,1428.0,714.0,714.0,714.0
0.0,4336.0,2127.0,2140.0,2961.0,3390.0,1119.0,1119.0,1152.0,713.0,713.0,714.0,709.0,709.0,709.0,1454.0,1454.0,1428.0,1119.0,1119.0,1152.0,713.0,713.0,714.0
0.0,5170.0,2295.0,2146.0,4232.0,1477.0,490.0,490.0,497.0,715.0,715.0,716.0,765.0,765.0,765.0,1733.0,1733.0,1704.0,490.0,490.0,497.0,715.0,715.0,716.0
0.0,7107.0,2046.0,2146.0,3390.0,133.0,53.0,53.0,27.0,715.0,715.0,716.0,682.0,682.0,682.0,2370.0,2370.0,2367.0,53.0,53.0,27.0,715.0,715.0,716.0
0.0,8451.0,2145.0,2148.0,1477.0,809.0,282.0,282.0,245.0,716.0,716.0,716.0,715.0,715.0,715.0,2807.0,2807.0,2837.0,282.0,282.0,245.0,716.0,716.0,716.0
0.0,7783.0,2232.0,2151.0,133.0,2920.0,977.0,977.0,966.0,717.0,717.0,717.0,744.0,744.0,744.0,2582.0,2582.0,2619.0,977.0,977.0,966.0,717.0,717.0,717.0
0.0,5684.0,2200.0,2154.0,809.0,4323.0,1432.0,1432.0,1459.0,718.0,718.0,718.0,733.0,733.0,734.0,1891.0,1891.0,1902.0,1432.0,1432.0,1459.0,718.0,718.0,718.0
0.0,4293.0,2142.0,2154.0,2920.0,3545.0,1169.0,1169.0,1207.0,718.0,718.0,718.0,714.0,714.0,714.0,1440.0,1440.0,1413.0,1169.0,1169.0,1207.0,718.0,718.0,718.0
0.0,5071.0,2035.0,2154.0,4323.0,1257.0,415.0,415.0,427.0,718.0,718.0,718.0,678.0,678.0,679.0,1703.0,1703.0,1665.0,415.0,415.0,427.0,718.0,718.0,718.0
0.0,7359.0,2185.0,2157.0,3545.0,0.0,0.0,0.0,0.0,719.0,719.0,719.0,728.0,728.0,729.0,2457.0,2457.0,2445.0,0.0,0.0,0.0,719.0,719.0,719.0
0.0,8719.0,2103.0,2154.0,1257.0,743.0,260.0,260.0,223.0,718.0,718.0,718.0,701.0,701.0,701.0,2898.0,2898.0,2923.0,260.0,260.0,223.0,718.0,718.0,718.0
0.0,7873.0,2212.0,2158.0,0.0,2971.0,1001.0,1001.0,969.0,719.0,719.0,720.0,737.0,737.0,738.0,2612.0,2612.0,2649.0,1001.0,1001.0,969.0,719.0,719.0,720.0
0.0,5661.0,2277.0,2164.0,743.0,4529.0,1508.0,1508.0,1513.0,721.0,721.0,722.0,759.0,759.0,759.0,1875.0,1875.0,1911.0,1508.0,1508.0,1513.0,721.0,721.0,722.0
0.0,4127.0,2245.0,2169.0,2971.0,3823.0,1263.0,1263.0,1297.0,723.0,723.0,723.0,748.0,748.0,749.0,1376.0,1376.0,1375.0,1263.0,1263.0,1297.0,723.0,723.0,723.0
0.0,4853.0,2265.0,2169.0,4529.0,1559.0,510.0,510.0,539.0,723.0,723.0,723.0,755.0,755.0,755.0,1629.0,1629.0,1595.0,510.0,510.0,539.0,723.0,723.0,723.0
0.0,7117.0,2241.0,2170.0,3823.0,0.0,0.0,0.0,0.0,723.0,723.0,724.0,747.0,747.0,747.0,2382.0,2382.0,2353.0,0.0,0.0,0.0,723.0,723.0,724.0
0.0,8699.0,2223.0,2172.0,1559.0,653.0,229.0,229.0,195.0,724.0,724.0,724.0,741.0,741.0,741.0,2898.0,2898.0,2903.0,229.0,229.0,195.0,724.0,724.0,724.0
0.0,8035.0,2196.0,2178.0,0.0,2873.0,969.0,969.0,935.0,726.0,726.0,726.0,732.0,732.0,732.0,2667.0,2667.0,2701.0,969.0,969.0,935.0,726.0,726.0,726.0
0.0,5839.0,2112.0,2178.0,653.0,4332.0,1444.0,1444.0,1444.0,726.0,726.0,726.0,704.0,704.0,704.0,1935.0,1935.0,1969.0,1444.0,1444.0,1444.0,726.0,726.0,726.0
0.0,4380.0,2214.0,2179.0,2873.0,3677.0,1213.0,1213.0,1251.0,726.0,726.0,727.0,738.0,738.0,738.0,1460.0,1460.0,1460.0,1213.0,1213.0,1251.0,726.0,726.0,727.0
0.0,5039.0,2121.0,2178.0,4332.0,1462.0,476.0,476.0,510.0,726.0,726.0,726.0,707.0,707.0,707.0,1691.0,1691.0,1657.0,476.0,476.0,510.0,726.0,726.0,726.0
0.0,7250.0,2355.0,2182.0,3677.0,156.0,52.0,52.0,52.0,727.0,727.0,728.0,785.0,785.0,785.0,2428.0,2428.0,2394.0,52.0,52.0,52.0,727.0,727.0,728.0
0.0,8572.0,2241.0,2187.0,1462.0,955.0,331.0,331.0,293.0,729.0,729.0,729.0,747.0,747.0,747.0,2856.0,2856.0,2860.0,331.0,331.0,293.0,729.0,729.0,729.0
0.0,7793.0,2283.0,2191.0,156.0,3098.0,1044.0,1044.0,1010.0,730.0,730.0,731.0,761.0,761.0,761.0,2585.0,2585.0,2623.0,1044.0,1044.0,1010.0,730.0,730.0,731.0
0.0,5666.0,2256.0,2193.0,955.0,4407.0,1469.0,1469.0,1469.0,731.0,731.0,731.0,752.0,752.0,752.0,1876.0,1876.0,1914.0,1469.0,1469.0,1469.0,731.0,731.0,731.0
0.0,4365.0,2271.0,2196.0,3098.0,3592.0,1186.0,1186.0,1220.0,732.0,732.0,732.0,757.0,757.0,757.0,1455.0,1455.0,1455.0,1186.0,1186.0,1220.0,732.0,732.0,732.0
0.0,5192.0,2133.0,2196.0,4407.0,1318.0,428.0,428.0,462.0,732.0,732.0,732.0,711.0,711.0,711.0,1742.0,1742.0,1708.0,428.0,428.0,462.0,732.0,732.0,732.0
0.0,7466.0,2301.0,2199.0,3592.0,39.0,13.0,13.0,13.0,733.0,733.0,733.0,767.0,767.0,767.0,2500.0,2500.0,2466.0,13.0,13.0,13.0,733.0,733.0,733.0
0.0,8757.0,2202.0,2200.0,1318.0,927.0,319.0,319.0,289.0,733.0,733.0,734.0,734.0,734.0,734.0,2919.0,2919.0,2919.0,319.0,319.0,289.0,733.0,733.0,734.0
0.0,7873.0,2376.0,2203.0,39.0,3276.0,1102.0,1102.0,1072.0,734.0,734.0,735.0,792.0,792.0,792.0,2613.0,2613.0,2647.0,1102.0,1102.0,1072.0,734.0,734.0,735.0
0.0,5536.0,2229.0,2205.0,927.0,4586.0,1530.0,1530.0,1526.0,735.0,735.0,735.0,743.0,743.0,743.0,1834.0,1834.0,1868.0,1530.0,1530.0,1526.0,735.0,735.0,735.0
0.0,4234.0,2394.0,2211.0,3276.0,3728.0,1234.0,1234.0,1260.0,737.0,737.0,737.0,798.0,798.0,798.0,1410.0,1410.0,1414.0,1234.0,1234.0,1260.0,737.0,737.0,737.0
0.0,5116.0,2196.0,2211.0,4586.0,1338.0,436.0,436.0,466.0,737.0,737.0,737.0,732.0,732.0,732.0,1714.0,1714.0,1688.0,436.0,436.0,466.0,737.0,737.0,737.0
0.0,7506.0,2364.0,2214.0,3728.0,0.0,0.0,0.0,0.0,738.0,738.0,738.0,788.0,788.0,788.0,2512.0,2512.0,2482.0,0.0,0.0,0.0,738.0,738.0,738.0
0.0,8870.0,2283.0,2215.0,1338.0,935.0,319.0,319.0,297.0,738.0,738.0,739.0,761.0,761.0,761.0,2958.0,2958.0,2954.0,319.0,319.0,297.0,738.0,738.0,739.0
0.0,7925.0,2305.0,2218.0,0.0,3252.0,1091.0,1091.0,1070.0,739.0,739.0,740.0,768.0,768.0,769.0,2633.0,2633.0,2659.0,1091.0,1091.0,1070.0,739.0,739.0,740.0
0.0,5620.0,2394.0,2223.0,935.0,4731.0,1578.0,1578.0,1575.0,741.0,741.0,741.0,798.0,798.0,798.0,1865.0,1865.0,1890.0,1578.0,1578.0,1575.0,741.0,741.0,741.0
0.0,4161.0,2190.0,2223.0,3252.0,3669.0,1217.0,1217.0,1235.0,741.0,741.0,741.0,730.0,730.0,730.0,1386.0,1386.0,1389.0,1217.0,1217.0,1235.0,741.0,741.0,741.0
0.0,5223.0,2349.0,2223.0,4731.0,1287.0,422.0,422.0,443.0,741.0,741.0,741.0,783.0,783.0,783.0,1747.0,1747.0,1729.0,422.0,422.0,443.0,741.0,741.0,741.0
0.0,7605.0,2313.0,2226.0,3669.0,0.0,0.0,0.0,0.0,742.0,742.0,742.0,771.0,771.0,771.0,2542.0,2542.0,2521.0,0.0,0.0,0.0,742.0,742.0,742.0
0.0,8961.0,2283.0,2227.0,1287.0,943.0,319.0,319.0,305.0,742.0,742.0,743.0,761.0,761.0,761.0,2988.0,2988.0,2985.0,319.0,319.0,305.0,742.0,742.0,743.0
0.0,7965.0,2242.0,2226.0,0.0,3181.0,1066.0,1066.0,1049.0,742.0,742.0,742.0,747.0,747.0,748.0,2649.0,2649.0,2667.0,1066.0,1066.0,1049.0,742.0,742.0,742.0
0.0,5723.0,2322.0,2227.0,943.0,4564.0,1521.0,1521.0,1522.0,742.0,742.0,743.0,774.0,774.0,774.0,1902.0,1902.0,1919.0,1521.0,1521.0,1522.0,742.0,742.0,743.0
0.0,4344.0,2280.0,2232.0,3181.0,3683.0,1223.0,1223.0,1237.0,744.0,744.0,744.0,760.0,760.0,760.0,1447.0,1447.0,1450.0,1223.0,1223.0,1237.0,744.0,744.0,744.0
0.0,5245.0,2385.0,2236.0,4564.0,1520.0,501.0,501.0,518.0,745.0,745.0,746.0,795.0,795.0,795.0,1753.0,1753.0,1739.0,501.0,501.0,518.0,745.0,745.0,746.0
0.0,7424.0,2349.0,2239.0,3683.0,198.0,65.0,65.0,68.0,746.0,746.0,747.0,783.0,783.0,783.0,2479.0,2479.0,2466.0,65.0,65.0,68.0,746.0,746.0,747.0
0.0,8758.0,2412.0,2244.0,1520.0,1110.0,376.0,376.0,358.0,748.0,748.0,748.0,804.0,804.0,804.0,2919.0,2919.0,2920.0,376.0,376.0,358.0,748.0,748.0,748.0
0.0,7866.0,2136.0,2244.0,198.0,3048.0,1023.0,1023.0,1002.0,748.0,748.0,748.0,712.0,712.0,712.0,2616.0,2616.0,2634.0,1023.0,1023.0,1002.0,748.0,748.0,748.0
0.0,5928.0,2346.0,2244.0,1110.0,4284.0,1429.0,1429.0,1426.0,748.0,748.0,748.0,782.0,782.0,782.0,1969.0,1969.0,1990.0,1429.0,1429.0,1426.0,748.0,748.0,748.0
0.0,4692.0,2226.0,2244.0,3048.0,3462.0,1148.0,1148.0,1166.0,748.0,748.0,748.0,742.0,742.0,742.0,1563.0,1563.0,1566.0,1148.0,1148.0,1166.0,748.0,748.0,748.0
0.0,5514.0,2242.0,2245.0,4284.0,1424.0,466.0,466.0,492.0,748.0,748.0,749.0,747.0,747.0,748.0,1844.0,1844.0,1826.0,466.0,466.0,492.0,748.0,748.0,749.0
0.0,7556.0,2200.0,2244.0,3462.0,158.0,51.0,51.0,56.0,748.0,748.0,748.0,733.0,733.0,734.0,2526.0,2526.0,2504.0,51.0,51.0,56.0,748.0,748.0,748.0
0.0,8818.0,2314.0,2247.0,1424.0,1060.0,360.0,360.0,340.0,749.0,749.0,749.0,771.0,771.0,772.0,2941.0,2941.0,2936.0,360.0,360.0,340.0,749.0,749.0,749.0
0.0,7928.0,2250.0,2248.0,158.0,3156.0,1059.0,1059.0,1038.0,749.0,749.0,750.0,750.0,750.0,750.0,2636.0,2636.0,2656.0,1059.0,1059.0,1038.0,749.0,749.0,750.0
0.0,5836.0,2196.0,2247.0,1060.0,4288.0,1431.0,1431.0,1426.0,749.0,749.0,749.0,732.0,732.0,732.0,1937.0,1937.0,1962.0,1431.0,1431.0,1426.0,749.0,749.0,749.0
0.0,4700.0,2214.0,2250.0,3156.0,3358.0,1114.0,1114.0,1130.0,750.0,750.0,750.0,738.0,738.0,738.0,1565.0,1565.0,1570.0,1114.0,1114.0,1130.0,750.0,750.0,750.0
0.0,5642.0,2157.0,2250.0,4288.0,1227.0,402.0,402.0,423.0,750.0,750.0,750.0,719.0,719.0,719.0,1886.0,1886.0,1870.0,402.0,402.0,423.0,750.0,750.0,750.0
0.0,7773.0,2334.0,2253.0,3358.0,215.0,70.0,70.0,75.0,751.0,751.0,751.0,778.0,778.0,778.0,2598.0,2598.0,2577.0,70.0,70.0,75.0,751.0,751.0,751.0
0.0,8797.0,2220.0,2253.0,1227.0,1208.0,408.0,408.0,392.0,751.0,751.0,751.0,740.0,740.0,740.0,2934.0,2934.0,2929.0,408.0,408.0,392.0,751.0,751.0,751.0
0.0,7804.0,2284.0,2256.0,215.0,3289.0,1103.0,1103.0,1083.0,752.0,752.0,752.0,761.0,761.0,762.0,2596.0,2596.0,2612.0,1103.0,1103.0,1083.0,752.0,752.0,752.0
0.0,5735.0,2205.0,2259.0,1208.0,4298.0,1434.0,1434.0,1430.0,753.0,753.0,753.0,735.0,735.0,735.0,1905.0,1905.0,1925.0,1434.0,1434.0,1430.0,753.0,753.0,753.0
0.0,4738.0,2250.0,2259.0,3289.0,3259.0,1081.0,1081.0,1097.0,753.0,753.0,753.0,750.0,750.0,750.0,1578.0,1578.0,1582.0,1081.0,1081.0,1097.0,753.0,753.0,753.0
0.0,5777.0,2256.0,2262.0,4298.0,1229.0,403.0,403.0,423.0,754.0,754.0,754.0,752.0,752.0,752.0,1931.0,1931.0,1915.0,403.0,403.0,423.0,754.0,754.0,754.0
0.0,7819.0,2263.0,2263.0,3259.0,237.0,76.0,76.0,85.0,754.0,754.0,755.0,754.0,754.0,755.0,2613.0,2613.0,2593.0,76.0,76.0,85.0,754.0,754.0,755.0
0.0,8815.0,2136.0,2262.0,1229.0,1140.0,385.0,385.0,370.0,754.0,754.0,754.0,712.0,712.0,712.0,2940.0,2940.0,2935.0,385.0,385.0,370.0,754.0,754.0,754.0
0.0,7908.0,2133.0,2259.0,237.0,3024.0,1016.0,1016.0,992.0,753.0,753.0,753.0,711.0,711.0,711.0,2631.0,2631.0,2646.0,1016.0,1016.0,992.0,753.0,753.0,753.0
0.0,6012.0,2095.0,2256.0,1140.0,3967.0,1325.0,1325.0,1317.0,752.0,752.0,752.0,698.0,698.0,699.0,1996.0,1996.0,2020.0,1325.0,1325.0,1317.0,752.0,752.0,752.0
0.0,5057.0,2220.0,2256.0,3024.0,3163.0,1049.0,1049.0,1065.0,752.0,752.0,752.0,740.0,740.0,740.0,1683.0,1683.0,1691.0,1049.0,1049.0,1065.0,752.0,752.0,752.0
0.0,5861.0,2334.0,2256.0,3967.0,1530.0,502.0,502.0,526.0,752.0,752.0,752.0,778.0,778.0,778.0,1959.0,1959.0,1943.0,502.0,502.0,526.0,752.0,752.0,752.0
0.0,7494.0,2232.0,2257.0,3163.0,603.0,197.0,197.0,209.0,752.0,752.0,753.0,744.0,744.0,744.0,2506.0,2506.0,2482.0,197.0,197.0,209.0,752.0,752.0,753.0
0.0,8425.0,2196.0,2259.0,1530.0,1277.0,431.0,431.0,415.0,753.0,753.0,753.0,732.0,732.0,732.0,2811.0,2811.0,2803.0,431.0,431.0,415.0,753.0,753.0,753.0
0.0,7759.0,2268.0,2260.0,603.0,2946.0,990.0,990.0,966.0,753.0,753.0,754.0,756.0,756.0,756.0,2581.0,2581.0,2597.0,990.0,990.0,966.0,753.0,753.0,754.0
0.0,6094.0,2211.0,2262.0,1277.0,3888.0,1300.0,1300.0,1288.0,754.0,754.0,754.0,737.0,737.0,737.0,2022.0,2022.0,2050.0,1300.0,1300.0,1288.0,754.0,754.0,754.0
0.0,5160.0,2284.0,2262.0,2946.0,3226.0,1071.0,1071.0,1084.0,754.0,754.0,754.0,761.0,761.0,762.0,1716.0,1716.0,1728.0,1071.0,1071.0,1084.0,754.0,754.0,754.0
0.0,5822.0,2266.0,2262.0,3888.0,1604.0,526.0,526.0,552.0,754.0,754.0,754.0,755.0,755.0,756.0,1945.0,1945.0,1932.0,526.0,526.0,552.0,754.0,754.0,754.0
0.0,7444.0,2328.0,2262.0,3226.0,706.0,231.0,231.0,244.0,754.0,754.0,754.0,776.0,776.0,776.0,2490.0,2490.0,2464.0,231.0,231.0,244.0,754.0,754.0,754.0
0.0,8342.0,2284.0,2262.0,1604.0,1386.0,466.0,466.0,454.0,754.0,754.0,754.0,761.0,761.0,762.0,2785.0,2785.0,2772.0,466.0,466.0,454.0,754.0,754.0,754.0
0.0,7662.0,2334.0,2265.0,706.0,3026.0,1017.0,1017.0,992.0,755.0,755.0,755.0,778.0,778.0,778.0,2550.0,2550.0,2562.0,1017.0,1017.0,992.0,755.0,755.0,755.0
0.0,6034.0,2287.0,2268.0,1386.0,3939.0,1317.0,1317.0,1305.0,756.0,756.0,756.0,762.0,762.0,763.0,2003.0,2003.0,2028.0,1317.0,1317.0,1305.0,756.0,756.0,756.0
0.0,5133.0,2259.0,2265.0,3026.0,3160.0,1049.0,1049.0,1062.0,755.0,755.0,755.0,753.0,753.0,753.0,1707.0,1707.0,1719.0,1049.0,1049.0,1062.0,755.0,755.0,755.0
0.0,5900.0,2271.0,2268.0,3939.0,1504.0,493.0,493.0,518.0,756.0,756.0,756.0,757.0,757.0,757.0,1971.0,1971.0,1958.0,493.0,493.0,518.0,756.0,756.0,756.0
0.0,7568.0,2373.0,2268.0,3160.0,717.0,235.0,235.0,247.0,756.0,756.0,756.0,791.0,791.0,791.0,2531.0,2531.0,2506.0,235.0,235.0,247.0,756.0,756.0,756.0
0.0,8355.0,2343.0,2269.0,1504.0,1560.0,523.0,523.0,514.0,756.0,756.0,757.0,781.0,781.0,781.0,2789.0,2789.0,2777.0,523.0,523.0,514.0,756.0,756.0,757.0
0.0,7516.0,2364.0,2268.0,717.0,3203.0,1076.0,1076.0,1051.0,756.0,756.0,756.0,788.0,788.0,788.0,2501.0,2501.0,2514.0,1076.0,1076.0,1051.0,756.0,756.0,756.0
0.0,5869.0,2403.0,2274.0,1560.0,4070.0,1362.0,1362.0,1346.0,758.0,758.0,758.0,801.0,801.0,801.0,1948.0,1948.0,1973.0,1362.0,1362.0,1346.0,758.0,758.0,758.0
0.0,5026.0,2352.0,2272.0,3203.0,3211.0,1066.0,1066.0,1079.0,757.0,757.0,758.0,784.0,784.0,784.0,1670.0,1670.0,1686.0,1066.0,1066.0,1079.0,757.0,757.0,758.0
0.0,5877.0,2430.0,2275.0,4070.0,1583.0,518.0,518.0,547.0,758.0,758.0,759.0,810.0,810.0,810.0,1962.0,1962.0,1953.0,518.0,518.0,547.0,758.0,758.0,759.0
0.0,7517.0,2362.0,2277.0,3211.0,742.0,243.0,243.0,256.0,759.0,759.0,759.0,787.0,787.0,788.0,2514.0,2514.0,2489.0,243.0,243.0,256.0,759.0,759.0,759.0
0.0,8366.0,2475.0,2278.0,1583.0,1638.0,550.0,550.0,538.0,759.0,759.0,760.0,825.0,825.0,825.0,2793.0,2793.0,2780.0,550.0,550.0,538.0,759.0,759.0,760.0
0.0,7474.0,2368.0,2281.0,742.0,3276.0,1100.0,1100.0,1076.0,760.0,760.0,761.0,789.0,789.0,790.0,2486.0,2486.0,2502.0,1100.0,1100.0,1076.0,760.0,760.0,761.0
0.0,5848.0,2340.0,2281.0,1638.0,3978.0,1330.0,1330.0,1318.0,760.0,760.0,761.0,780.0,780.0,780.0,1940.0,1940.0,1968.0,1330.0,1330.0,1318.0,760.0,760.0,761.0
0.0,5146.0,2244.0,2280.0,3276.0,2942.0,978.0,978.0,986.0,760.0,760.0,760.0,748.0,748.0,748.0,1710.0,1710.0,1726.0,978.0,978.0,986.0,760.0,760.0,760.0
0.0,6178.0,2506.0,2284.0,3978.0,1486.0,487.0,487.0,512.0,761.0,761.0,762.0,835.0,835.0,836.0,2062.0,2062.0,2054.0,487.0,487.0,512.0,761.0,761.0,762.0
0.0,7650.0,2425.0,2287.0,2942.0,981.0,321.0,321.0,339.0,762.0,762.0,763.0,808.0,808.0,809.0,2557.0,2557.0,2536.0,321.0,321.0,339.0,762.0,762.0,763.0
0.0,8167.0,2230.0,2286.0,1486.0,1721.0,577.0,577.0,567.0,762.0,762.0,762.0,743.0,743.0,744.0,2727.0,2727.0,2713.0,577.0,577.0,567.0,762.0,762.0,762.0
0.0,7423.0,2424.0,2289.0,981.0,3176.0,1068.0,1068.0,1040.0,763.0,763.0,763.0,808.0,808.0,808.0,2471.0,2471.0,2481.0,1068.0,1068.0,1040.0,763.0,763.0,763.0
0.0,5980.0,2442.0,2289.0,1721.0,3897.0,1305.0,1305.0,1287.0,763.0,763.0,763.0,814.0,814.0,814.0,1984.0,1984.0,2012.0,1305.0,1305.0,1287.0,763.0,763.0,763.0
0.0,5259.0,2322.0,2289.0,3176.0,3043.0,1011.0,1011.0,1021.0,763.0,763.0,763.0,774.0,774.0,774.0,1747.0,1747.0,1765.0,1011.0,1011.0,1021.0,763.0,763.0,763.0
0.0,6113.0,2202.0,2286.0,3897.0,1336.0,436.0,436.0,464.0,762.0,762.0,762.0,734.0,734.0,734.0,2041.0,2041.0,2031.0,436.0,436.0,464.0,762.0,762.0,762.0
0.0,7808.0,2410.0,2290.0,3043.0,719.0,232.0,232.0,255.0,763.0,763.0,764.0,803.0,803.0,804.0,2612.0,2612.0,2584.0,232.0,232.0,255.0,763.0,763.0,764.0
0.0,8441.0,2397.0,2292.0,1336.0,1788.0,599.0,599.0,590.0,764.0,764.0,764.0,799.0,799.0,799.0,2820.0,2820.0,2801.0,599.0,599.0,590.0,764.0,764.0,764.0
0.0,7380.0,2245.0,2292.0,719.0,3314.0,1115.0,1115.0,1084.0,764.0,764.0,764.0,748.0,748.0,749.0,2457.0,2457.0,2466.0,1115.0,1115.0,1084.0,764.0,764.0,764.0
0.0,5854.0,2401.0,2295.0,1788.0,3939.0,1320.0,1320.0,1299.0,765.0,765.0,765.0,800.0,800.0,801.0,1941.0,1941.0,1972.0,1320.0,1320.0,1299.0,765.0,765.0,765.0
0.0,5241.0,2451.0,2299.0,3314.0,3092.0,1026.0,1026.0,1040.0,766.0,766.0,767.0,817.0,817.0,817.0,1740.0,1740.0,1761.0,1026.0,1026.0,1040.0,766.0,766.0,767.0
0.0,6104.0,2316.0,2301.0,3939.0,1477.0,482.0,482.0,513.0,767.0,767.0,767.0,772.0,772.0,772.0,2038.0,2038.0,2028.0,482.0,482.0,513.0,767.0,767.0,767.0
0.0,7727.0,2322.0,2301.0,3092.0,707.0,230.0,230.0,247.0,767.0,767.0,767.0,774.0,774.0,774.0,2586.0,2586.0,2555.0,230.0,230.0,247.0,767.0,767.0,767.0
0.0,8497.0,2199.0,2301.0,1477.0,1429.0,481.0,481.0,467.0,767.0,767.0,767.0,733.0,733.0,733.0,2838.0,2838.0,2821.0,481.0,481.0,467.0,767.0,767.0,767.0
0.0,7775.0,2304.0,2304.0,707.0,3038.0,1023.0,1023.0,992.0,768.0,768.0,768.0,768.0,768.0,768.0,2587.0,2587.0,2601.0,1023.0,1023.0,992.0,768.0,768.0,768.0
0.0,6178.0,2221.0,2304.0,1429.0,3830.0,1282.0,1282.0,1266.0,768.0,768.0,768.0,740.0,740.0,741.0,2049.0,2049.0,2080.0,1282.0,1282.0,1266.0,768.0,768.0,768.0
0.0,5386.0,2289.0,2304.0,3038.0,3081.0,1022.0,1022.0,1037.0,768.0,768.0,768.0,763.0,763.0,763.0,1790.0,1790.0,1806.0,1022.0,1022.0,1037.0,768.0,768.0,768.0
0.0,6135.0,2427.0,2307.0,3830.0,1690.0,553.0,553.0,584.0,769.0,769.0,769.0,809.0,809.0,809.0,2050.0,2050.0,2035.0,553.0,553.0,584.0,769.0,769.0,769.0
0.0,7538.0,2376.0,2310.0,3081.0,997.0,327.0,327.0,343.0,770.0,770.0,770.0,792.0,792.0,792.0,2523.0,2523.0,2492.0,327.0,327.0,343.0,770.0,770.0,770.0
0.0,8243.0,2343.0,2311.0,1690.0,1654.0,555.0,555.0,544.0,770.0,770.0,771.0,781.0,781.0,781.0,2753.0,2753.0,2737.0,555.0,555.0,544.0,770.0,770.0,771.0
0.0,7590.0,2380.0,2314.0,997.0,3049.0,1025.0,1025.0,999.0,771.0,771.0,772.0,793.0,793.0,794.0,2525.0,2525.0,2540.0,1025.0,1025.0,999.0,771.0,771.0,772.0
0.0,6207.0,2322.0,2316.0,1654.0,3725.0,1248.0,1248.0,1229.0,772.0,772.0,772.0,774.0,774.0,774.0,2059.0,2059.0,2089.0,1248.0,1248.0,1229.0,772.0,772.0,772.0
0.0,5539.0,2322.0,2316.0,3049.0,2998.0,997.0,997.0,1004.0,772.0,772.0,772.0,774.0,774.0,774.0,1840.0,1840.0,1859.0,997.0,997.0,1004.0,772.0,772.0,772.0
0.0,6266.0,2368.0,2322.0,3725.0,1665.0,546.0,546.0,573.0,774.0,774.0,774.0,789.0,789.0,790.0,2091.0,2091.0,2084.0,546.0,546.0,573.0,774.0,774.0,774.0
0.0,7623.0,2325.0,2325.0,2998.0,1004.0,328.0,328.0,348.0,775.0,775.0,775.0,775.0,775.0,775.0,2550.0,2550.0,2523.0,328.0,328.0,348.0,775.0,775.0,775.0
0.0,8296.0,2442.0,2331.0,1665.0,1805.0,604.0,604.0,597.0,777.0,777.0,777.0,814.0,814.0,814.0,2772.0,2772.0,2752.0,604.0,604.0,597.0,777.0,777.0,777.0
0.0,7519.0,2320.0,2334.0,1004.0,3133.0,1053.0,1053.0,1027.0,778.0,778.0,778.0,773.0,773.0,774.0,2504.0,2504.0,2511.0,1053.0,1053.0,1027.0,778.0,778.0,778.0
0.0,6203.0,2283.0,2332.0,1805.0,3603.0,1206.0,1206.0,1191.0,777.0,777.0,778.0,761.0,761.0,761.0,2059.0,2059.0,2085.0,1206.0,1206.0,1191.0,777.0,777.0,778.0
0.0,5725.0,2259.0,2334.0,3133.0,2737.0,910.0,910.0,917.0,778.0,778.0,778.0,753.0,753.0,753.0,1902.0,1902.0,1921.0,910.0,910.0,917.0,778.0,778.0,778.0
0.0,6599.0,2310.0,2335.0,3603.0,1448.0,474.0,474.0,500.0,778.0,778.0,779.0,770.0,770.0,770.0,2202.0,2202.0,2195.0,474.0,474.0,500.0,778.0,778.0,779.0
0.0,7892.0,2331.0,2337.0,2737.0,1050.0,345.0,345.0,360.0,779.0,779.0,779.0,777.0,777.0,777.0,2638.0,2638.0,2616.0,345.0,345.0,360.0,779.0,779.0,779.0
0.0,8298.0,2403.0,2340.0,1448.0,2017.0,676.0,676.0,665.0,780.0,780.0,780.0,801.0,801.0,801.0,2771.0,2771.0,2756.0,676.0,676.0,665.0,780.0,780.0,780.0
0.0,7343.0,2178.0,2338.0,1050.0,3137.0,1053.0,1053.0,1031.0,779.0,779.0,780.0,726.0,726.0,726.0,2444.0,2444.0,2455.0,1053.0,1053.0,1031.0,779.0,779.0,780.0
0.0,6215.0,2298.0,2338.0,2017.0,3418.0,1143.0,1143.0,1132.0,779.0,779.0,780.0,766.0,766.0,766.0,2063.0,2063.0,2089.0,1143.0,1143.0,1132.0,779.0,779.0,780.0
0.0,5934.0,2307.0,2338.0,3137.0,2588.0,859.0,859.0,870.0,779.0,779.0,780.0,769.0,769.0,769.0,1973.0,1973.0,1988.0,859.0,859.0,870.0,779.0,779.0,780.0
0.0,6764.0,2376.0,2340.0,3418.0,1554.0,512.0,512.0,530.0,780.0,780.0,780.0,792.0,792.0,792.0,2257.0,2257.0,2250.0,512.0,512.0,530.0,780.0,780.0,780.0
0.0,7806.0,2418.0,2341.0,2588.0,1388.0,459.0,459.0,470.0,780.0,780.0,781.0,806.0,806.0,806.0,2608.0,2608.0,2590.0,459.0,459.0,470.0,780.0,780.0,781.0
0.0,7976.0,2380.0,2343.0,1554.0,2222.0,744.0,744.0,734.0,781.0,781.0,781.0,793.0,793.0,794.0,2661.0,2661.0,2654.0,744.0,744.0,734.0,781.0,781.0,781.0
0.0,7150.0,2419.0,2346.0,1388.0,3265.0,1095.0,1095.0,1075.0,782.0,782.0,782.0,806.0,806.0,807.0,2380.0,2380.0,2390.0,1095.0,1095.0,1075.0,782.0,782.0,782.0
0.0,6119.0,2343.0,2349.0,2222.0,3398.0,1136.0,1136.0,1126.0,783.0,783.0,783.0,781.0,781.0,781.0,2033.0,2033.0,2053.0,1136.0,1136.0,1126.0,783.0,783.0,783.0
0.0,5998.0,2430.0,2349.0,3265.0,2563.0,851.0,851.0,861.0,783.0,783.0,783.0,810.0,810.0,810.0,1996.0,1996.0,2006.0,851.0,851.0,861.0,783.0,783.0,783.0
0.0,6833.0,2355.0,2349.0,3398.0,1520.0,500.0,500.0,520.0,783.0,783.0,783.0,785.0,785.0,785.0,2281.0,2281.0,2271.0,500.0,500.0,520.0,783.0,783.0,783.0
0.0,7876.0,2317.0,2349.0,2563.0,1274.0,421.0,421.0,432.0,783.0,783.0,783.0,772.0,772.0,773.0,2632.0,2632.0,2612.0,421.0,421.0,432.0,783.0,783.0,783.0
0.0,8122.0,2335.0,2347.0,1520.0,2081.0,695.0,695.0,691.0,782.0,782.0,783.0,778.0,778.0,779.0,2711.0,2711.0,2700.0,695.0,695.0,691.0,782.0,782.0,783.0
0.0,7307.0,2466.0,2349.0,1274.0,3281.0,1100.0,1100.0,1081.0,783.0,783.0,783.0,822.0,822.0,822.0,2433.0,2433.0,2441.0,1100.0,1100.0,1081.0,783.0,783.0,783.0
0.0,6115.0,2394.0,2349.0,2081.0,3594.0,1203.0,1203.0,1188.0,783.0,783.0,783.0,798.0,798.0,798.0,2032.0,2032.0,2051.0,1203.0,1203.0,1188.0,783.0,783.0,783.0
0.0,5802.0,2406.0,2349.0,3281.0,2719.0,905.0,905.0,909.0,783.0,783.0,783.0,802.0,802.0,802.0,1929.0,1929.0,1944.0,905.0,905.0,909.0,783.0,783.0,783.0
0.0,6677.0,2409.0,2349.0,3594.0,1534.0,505.0,505.0,524.0,783.0,783.0,783.0,803.0,803.0,803.0,2227.0,2227.0,2223.0,505.0,505.0,524.0,783.0,783.0,783.0
0.0,7862.0,2380.0,2349.0,2719.0,1195.0,393.0,393.0,409.0,783.0,783.0,783.0,793.0,793.0,794.0,2627.0,2627.0,2608.0,393.0,393.0,409.0,783.0,783.0,783.0
0.0,8201.0,2451.0,2350.0,1534.0,2116.0,705.0,705.0,706.0,783.0,783.0,784.0,817.0,817.0,817.0,2739.0,2739.0,2723.0,705.0,705.0,706.0,783.0,783.0,784.0
0.0,7284.0,2529.0,2356.0,1195.0,3474.0,1163.0,1163.0,1148.0,785.0,785.0,786.0,843.0,843.0,843.0,2427.0,2427.0,2430.0,1163.0,1163.0,1148.0,785.0,785.0,786.0
0.0,5950.0,2427.0,2355.0,2116.0,3781.0,1267.0,1267.0,1247.0,785.0,785.0,785.0,809.0,809.0,809.0,1977.0,1977.0,1996.0,1267.0,1267.0,1247.0,785.0,785.0,785.0
0.0,5639.0,2392.0,2353.0,3474.0,2691.0,897.0,897.0,897.0,784.0,784.0,785.0,797.0,797.0,798.0,1873.0,1873.0,1893.0,897.0,897.0,897.0,784.0,784.0,785.0
0.0,6721.0,2383.0,2356.0,3781.0,1305.0,428.0,428.0,449.0,785.0,785.0,786.0,794.0,794.0,795.0,2239.0,2239.0,2243.0,428.0,428.0,449.0,785.0,785.0,786.0
0.0,8119.0,2523.0,2358.0,2691.0,1145.0,376.0,376.0,393.0,786.0,786.0,786.0,841.0,841.0,841.0,2712.0,2712.0,2695.0,376.0,376.0,393.0,786.0,786.0,786.0
0.0,8287.0,2542.0,2361.0,1305.0,2394.0,799.0,799.0,796.0,787.0,787.0,787.0,847.0,847.0,848.0,2768.0,2768.0,2751.0,799.0,799.0,796.0,787.0,787.0,787.0
0.0,7050.0,2388.0,2361.0,1145.0,3637.0,1219.0,1219.0,1199.0,787.0,787.0,787.0,796.0,796.0,796.0,2349.0,2349.0,2352.0,1219.0,1219.0,1199.0,787.0,787.0,787.0
0.0,5807.0,2344.0,2364.0,2394.0,3599.0,1205.0,1205.0,1189.0,788.0,788.0,788.0,781.0,781.0,782.0,1929.0,1929.0,1949.0,1205.0,1205.0,1189.0,788.0,788.0,788.0
0.0,5857.0,2391.0,2364.0,3637.0,2353.0,783.0,783.0,787.0,788.0,788.0,788.0,797.0,797.0,797.0,1947.0,1947.0,1963.0,783.0,783.0,787.0,788.0,788.0,788.0
0.0,7103.0,2400.0,2364.0,3599.0,1154.0,378.0,378.0,398.0,788.0,788.0,788.0,800.0,800.0,800.0,2369.0,2369.0,2365.0,378.0,378.0,398.0,788.0,788.0,788.0
0.0,8302.0,2380.0,2367.0,2353.0,1193.0,392.0,392.0,409.0,789.0,789.0,789.0,793.0,793.0,794.0,2774.0,2774.0,2754.0,392.0,392.0,409.0,789.0,789.0,789.0
0.0,8275.0,2368.0,2367.0,1154.0,2407.0,803.0,803.0,801.0,789.0,789.0,789.0,789.0,789.0,790.0,2764.0,2764.0,2747.0,803.0,803.0,801.0,789.0,789.0,789.0
0.0,7061.0,2403.0,2365.0,1193.0,3609.0,1208.0,1208.0,1193.0,788.0,788.0,789.0,801.0,801.0,801.0,2353.0,2353.0,2355.0,1208.0,1208.0,1193.0,788.0,788.0,789.0
0.0,5851.0,2398.0,2367.0,2407.0,3608.0,1208.0,1208.0,1192.0,789.0,789.0,789.0,799.0,799.0,800.0,1944.0,1944.0,1963.0,1208.0,1208.0,1192.0,789.0,789.0,789.0
0.0,5860.0,2532.0,2370.0,3609.0,2543.0,848.0,848.0,847.0,790.0,790.0,790.0,844.0,844.0,844.0,1948.0,1948.0,1964.0,848.0,848.0,847.0,790.0,790.0,790.0
0.0,6937.0,2364.0,2374.0,3608.0,1315.0,432.0,432.0,451.0,791.0,791.0,792.0,788.0,788.0,788.0,2312.0,2312.0,2313.0,432.0,432.0,451.0,791.0,791.0,792.0
0.0,8181.0,2469.0,2377.0,2543.0,1253.0,411.0,411.0,431.0,792.0,792.0,793.0,823.0,823.0,823.0,2732.0,2732.0,2717.0,411.0,411.0,431.0,792.0,792.0,793.0
0.0,8255.0,2430.0,2382.0,1315.0,2388.0,797.0,797.0,794.0,794.0,794.0,794.0,810.0,810.0,810.0,2757.0,2757.0,2741.0,797.0,797.0,794.0,794.0,794.0,794.0
0.0,7140.0,2514.0,2385.0,1253.0,3661.0,1228.0,1228.0,1205.0,795.0,795.0,795.0,838.0,838.0,838.0,2379.0,2379.0,2382.0,1228.0,1228.0,1205.0,795.0,795.0,795.0
0.0,5879.0,2364.0,2385.0,2388.0,3637.0,1219.0,1219.0,1199.0,795.0,795.0,795.0,788.0,788.0,788.0,1952.0,1952.0,1975.0,1219.0,1219.0,1199.0,795.0,795.0,795.0
0.0,5903.0,2518.0,2388.0,3661.0,2506.0,834.0,834.0,838.0,796.0,796.0,796.0,839.0,839.0,840.0,1961.0,1961.0,1981.0,834.0,834.0,838.0,796.0,796.0,796.0
0.0,7046.0,2454.0,2389.0,3637.0,1327.0,433.0,433.0,461.0,796.0,796.0,797.0,818.0,818.0,818.0,2350.0,2350.0,2346.0,433.0,433.0,461.0,796.0,796.0,797.0
0.0,8229.0,2236.0,2386.0,2506.0,1045.0,340.0,340.0,365.0,795.0,795.0,796.0,745.0,745.0,746.0,2751.0,2751.0,2727.0,340.0,340.0,365.0,795.0,795.0,796.0
0.0,8499.0,2349.0,2388.0,1327.0,2075.0,694.0,694.0,687.0,796.0,796.0,796.0,783.0,783.0,783.0,2840.0,2840.0,2819.0,694.0,694.0,687.0,796.0,796.0,796.0
0.0,7477.0,2337.0,2388.0,1045.0,3367.0,1133.0,1133.0,1101.0,796.0,796.0,796.0,779.0,779.0,779.0,2490.0,2490.0,2497.0,1133.0,1133.0,1101.0,796.0,796.0,796.0
0.0,6185.0,2367.0,2388.0,2075.0,3659.0,1228.0,1228.0,1203.0,796.0,796.0,796.0,789.0,789.0,789.0,2051.0,2051.0,2083.0,1228.0,1228.0,1203.0,796.0,796.0,796.0
0.0,5893.0,2517.0,2391.0,3367.0,2821.0,938.0,938.0,945.0,797.0,797.0,797.0,839.0,839.0,839.0,1956.0,1956.0,1981.0,938.0,938.0,945.0,797.0,797.0,797.0
0.0,6743.0,2176.0,2385.0,3659.0,1314.0,427.0,427.0,460.0,795.0,795.0,795.0,725.0,725.0,726.0,2250.0,2250.0,2243.0,427.0,427.0,460.0,795.0,795.0,795.0
0.0,8226.0,2494.0,2389.0,2821.0,1003.0,324.0,324.0,355.0,796.0,796.0,797.0,831.0,831.0,832.0,2753.0,2753.0,2720.0,324.0,324.0,355.0,796.0,796.0,797.0
0.0,8553.0,2464.0,2392.0,1314.0,2165.0,722.0,722.0,721.0,797.0,797.0,798.0,821.0,821.0,822.0,2860.0,2860.0,2833.0,722.0,722.0,721.0,797.0,797.0,798.0
0.0,7403.0,2409.0,2395.0,1003.0,3583.0,1205.0,1205.0,1173.0,798.0,798.0,799.0,803.0,803.0,803.0,2466.0,2466.0,2471.0,1205.0,1205.0,1173.0,798.0,798.0,799.0
0.0,5997.0,2409.0,2397.0,2165.0,3835.0,1290.0,1290.0,1255.0,799.0,799.0,799.0,803.0,803.0,803.0,1987.0,1987.0,2023.0,1290.0,1290.0,1255.0,799.0,799.0,799.0
0.0,5753.0,2376.0,2398.0,3583.0,2632.0,877.0,877.0,878.0,799.0,799.0,800.0,792.0,792.0,792.0,1906.0,1906.0,1941.0,877.0,877.0,878.0,799.0,799.0,800.0
0.0,6960.0,2415.0,2398.0,3835.0,1212.0,392.0,392.0,428.0,799.0,799.0,800.0,805.0,805.0,805.0,2319.0,2319.0,2322.0,392.0,392.0,428.0,799.0,799.0,800.0
0.0,8380.0,2373.0,2403.0,2632.0,973.0,314.0,314.0,345.0,801.0,801.0,801.0,791.0,791.0,791.0,2804.0,2804.0,2772.0,314.0,314.0,345.0,801.0,801.0,801.0
0.0,8639.0,2511.0,2406.0,1212.0,2284.0,763.0,763.0,758.0,802.0,802.0,802.0,837.0,837.0,837.0,2890.0,2890.0,2859.0,763.0,763.0,758.0,802.0,802.0,802.0
0.0,7340.0,2376.0,2407.0,973.0,3691.0,1241.0,1241.0,1209.0,802.0,802.0,803.0,792.0,792.0,792.0,2445.0,2445.0,2450.0,1241.0,1241.0,1209.0,802.0,802.0,803.0
0.0,5937.0,2448.0,2409.0,2284.0,3863.0,1298.0,1298.0,1267.0,803.0,803.0,803.0,816.0,816.0,816.0,1967.0,1967.0,2003.0,1298.0,1298.0,1267.0,803.0,803.0,803.0
0.0,5773.0,2382.0,2409.0,3691.0,2554.0,851.0,851.0,852.0,803.0,803.0,803.0,794.0,794.0,794.0,1914.0,1914.0,1945.0,851.0,851.0,852.0,803.0,803.0,803.0
0.0,7082.0,2451.0,2409.0,3863.0,1142.0,370.0,370.0,402.0,803.0,803.0,803.0,817.0,817.0,817.0,2361.0,2361.0,2360.0,370.0,370.0,402.0,803.0,803.0,803.0
0.0,8494.0,2400.0,2409.0,2554.0,988.0,319.0,319.0,350.0,803.0,803.0,803.0,800.0,800.0,800.0,2842.0,2842.0,2810.0,319.0,319.0,350.0,803.0,803.0,803.0
0.0,8648.0,2439.0,2412.0,1142.0,2297.0,766.0,766.0,765.0,804.0,804.0,804.0,813.0,813.0,813.0,2893.0,2893.0,2862.0,766.0,766.0,765.0,804.0,804.0,804.0
0.0,7351.0,2437.0,2412.0,988.0,3746.0,1259.0,1259.0,1228.0,804.0,804.0,804.0,812.0,812.0,813.0,2450.0,2450.0,2451.0,1259.0,1259.0,1228.0,804.0,804.0,804.0
0.0,5902.0,2497.0,2415.0,2297.0,3958.0,1329.0,1329.0,1300.0,805.0,805.0,805.0,832.0,832.0,833.0,1957.0,1957.0,1988.0,1329.0,1329.0,1300.0,805.0,805.0,805.0
0.0,5702.0,2487.0,2418.0,3746.0,2711.0,903.0,903.0,905.0,806.0,806.0,806.0,829.0,829.0,829.0,1891.0,1891.0,1920.0,903.0,903.0,905.0,806.0,806.0,806.0
0.0,6961.0,2568.0,2421.0,3958.0,1333.0,434.0,434.0,465.0,807.0,807.0,807.0,856.0,856.0,856.0,2321.0,2321.0,2319.0,434.0,434.0,465.0,807.0,807.0,807.0
0.0,8351.0,2511.0,2422.0,2711.0,1137.0,368.0,368.0,401.0,807.0,807.0,808.0,837.0,837.0,837.0,2794.0,2794.0,2763.0,368.0,368.0,401.0,807.0,807.0,808.0
0.0,8551.0,2547.0,2425.0,1333.0,2363.0,787.0,787.0,789.0,808.0,808.0,809.0,849.0,849.0,849.0,2860.0,2860.0,2831.0,787.0,787.0,789.0,808.0,808.0,809.0
0.0,7337.0,2464.0,2427.0,1137.0,3698.0,1244.0,1244.0,1210.0,809.0,809.0,809.0,821.0,821.0,822.0,2445.0,2445.0,2447.0,1244.0,1244.0,1210.0,809.0,809.0,809.0
0.0,6010.0,2484.0,2428.0,2363.0,3823.0,1285.0,1285.0,1253.0,809.0,809.0,810.0,828.0,828.0,828.0,1992.0,1992.0,2026.0,1285.0,1285.0,1253.0,809.0,809.0,810.0
0.0,5889.0,2517.0,2430.0,3698.0,2650.0,884.0,884.0,882.0,810.0,810.0,810.0,839.0,839.0,839.0,1951.0,1951.0,1987.0,884.0,884.0,882.0,810.0,810.0,810.0
0.0,7070.0,2452.0,2430.0,3823.0,1279.0,416.0,416.0,447.0,810.0,810.0,810.0,817.0,817.0,818.0,2356.0,2356.0,2358.0,416.0,416.0,447.0,810.0,810.0,810.0
0.0,8441.0,2607.0,2433.0,2650.0,1248.0,405.0,405.0,438.0,811.0,811.0,811.0,869.0,869.0,869.0,2824.0,2824.0,2793.0,405.0,405.0,438.0,811.0,811.0,811.0
0.0,8484.0,2634.0,2436.0,1279.0,2615.0,871.0,871.0,873.0,812.0,812.0,812.0,878.0,878.0,878.0,2839.0,2839.0,2806.0,871.0,871.0,873.0,812.0,812.0,812.0
0.0,7129.0,2490.0,2439.0,1248.0,3869.0,1300.0,1300.0,1269.0,813.0,813.0,813.0,830.0,830.0,830.0,2377.0,2377.0,2375.0,1300.0,1300.0,1269.0,813.0,813.0,813.0
0.0,5887.0,2571.0,2442.0,2615.0,3837.0,1290.0,1290.0,1257.0,814.0,814.0,814.0,857.0,857.0,857.0,1952.0,1952.0,1983.0,1290.0,1290.0,1257.0,814.0,814.0,814.0
0.0,5931.0,2524.0,2442.0,3869.0,2492.0,831.0,831.0,830.0,814.0,814.0,814.0,841.0,841.0,842.0,1966.0,1966.0,1999.0,831.0,831.0,830.0,814.0,814.0,814.0
0.0,7276.0,2613.0,2443.0,3837.0,1272.0,412.0,412.0,448.0,814.0,814.0,815.0,871.0,871.0,871.0,2425.0,2425.0,2426.0,412.0,412.0,448.0,814.0,814.0,815.0
0.0,8500.0,2511.0,2445.0,2492.0,1299.0,422.0,422.0,455.0,815.0,815.0,815.0,837.0,837.0,837.0,2844.0,2844.0,2812.0,422.0,422.0,455.0,815.0,815.0,815.0
0.0,8481.0,2499.0,2448.0,1272.0,2538.0,847.0,847.0,844.0,816.0,816.0,816.0,833.0,833.0,833.0,2838.0,2838.0,2805.0,847.0,847.0,844.0,816.0,816.0,816.0
0.0,7254.0,2437.0,2449.0,1299.0,3680.0,1237.0,1237.0,1206.0,816.0,816.0,817.0,812.0,812.0,813.0,2417.0,2417.0,2420.0,1237.0,1237.0,1206.0,816.0,816.0,817.0
0.0,6116.0,2428.0,2451.0,2538.0,3578.0,1203.0,1203.0,1172.0,817.0,817.0,817.0,809.0,809.0,810.0,2027.0,2027.0,2062.0,1203.0,1203.0,1172.0,817.0,817.0,817.0
0.0,6226.0,2487.0,2452.0,3680.0,2389.0,795.0,795.0,799.0,817.0,817.0,818.0,829.0,829.0,829.0,2065.0,2065.0,2096.0,795.0,795.0,799.0,817.0,817.0,818.0
0.0,7419.0,2442.0,2454.0,3578.0,1261.0,410.0,410.0,441.0,818.0,818.0,818.0,814.0,814.0,814.0,2473.0,2473.0,2473.0,410.0,410.0,441.0,818.0,818.0,818.0
0.0,8555.0,2493.0,2455.0,2389.0,1369.0,446.0,446.0,477.0,818.0,818.0,819.0,831.0,831.0,831.0,2862.0,2862.0,2831.0,446.0,446.0,477.0,818.0,818.0,819.0
0.0,8451.0,2439.0,2457.0,1261.0,2555.0,853.0,853.0,849.0,819.0,819.0,819.0,813.0,813.0,813.0,2826.0,2826.0,2799.0,853.0,853.0,849.0,819.0,819.0,819.0
0.0,7273.0,2607.0,2457.0,1369.0,3793.0,1276.0,1276.0,1241.0,819.0,819.0,819.0,869.0,869.0,869.0,2423.0,2423.0,2427.0,1276.0,1276.0,1241.0,819.0,819.0,819.0
0.0,6035.0,2493.0,2460.0,2555.0,3743.0,1258.0,1258.0,1227.0,820.0,820.0,820.0,831.0,831.0,831.0,2000.0,2000.0,2035.0,1258.0,1258.0,1227.0,820.0,820.0,820.0
0.0,6097.0,2469.0,2460.0,3793.0,2419.0,805.0,805.0,809.0,820.0,820.0,820.0,823.0,823.0,823.0,2022.0,2022.0,2053.0,805.0,805.0,809.0,820.0,820.0,820.0
0.0,7421.0,2502.0,2461.0,3743.0,1182.0,381.0,381.0,420.0,820.0,820.0,821.0,834.0,834.0,834.0,2475.0,2475.0,2471.0,381.0,381.0,420.0,820.0,820.0,821.0
0.0,8662.0,2535.0,2461.0,2419.0,1298.0,421.0,421.0,456.0,820.0,820.0,821.0,845.0,845.0,845.0,2899.0,2899.0,2864.0,421.0,421.0,456.0,820.0,820.0,821.0
0.0,8546.0,2382.0,2463.0,1182.0,2506.0,838.0,838.0,830.0,821.0,821.0,821.0,794.0,794.0,794.0,2859.0,2859.0,2828.0,838.0,838.0,830.0,821.0,821.0,821.0
0.0,7346.0,2454.0,2460.0,1298.0,3650.0,1231.0,1231.0,1188.0,820.0,820.0,820.0,818.0,818.0,818.0,2446.0,2446.0,2454.0,1231.0,1231.0,1188.0,820.0,820.0,820.0
0.0,6190.0,2373.0,2460.0,2506.0,3517.0,1184.0,1184.0,1149.0,820.0,820.0,820.0,791.0,791.0,791.0,2049.0,2049.0,2092.0,1184.0,1184.0,1149.0,820.0,820.0,820.0
0.0,6323.0,2422.0,2463.0,3650.0,2301.0,764.0,764.0,773.0,821.0,821.0,821.0,807.0,807.0,808.0,2096.0,2096.0,2131.0,764.0,764.0,773.0,821.0,821.0,821.0
0.0,7551.0,2562.0,2466.0,3517.0,1358.0,438.0,438.0,482.0,822.0,822.0,822.0,854.0,854.0,854.0,2520.0,2520.0,2511.0,438.0,438.0,482.0,822.0,822.0,822.0
0.0,8506.0,2455.0,2469.0,2301.0,1524.0,496.0,496.0,532.0,823.0,823.0,823.0,818.0,818.0,819.0,2850.0,2850.0,2806.0,496.0,496.0,532.0,823.0,823.0,823.0
0.0,8352.0,2427.0,2470.0,1358.0,2597.0,867.0,867.0,863.0,823.0,823.0,824.0,809.0,809.0,809.0,2796.0,2796.0,2760.0,867.0,867.0,863.0,823.0,823.0,824.0
0.0,7283.0,2514.0,2470.0,1524.0,3587.0,1209.0,1209.0,1169.0,823.0,823.0,824.0,838.0,838.0,838.0,2425.0,2425.0,2433.0,1209.0,1209.0,1169.0,823.0,823.0,824.0
0.0,6293.0,2338.0,2473.0,2597.0,3340.0,1125.0,1125.0,1090.0,824.0,824.0,825.0,779.0,779.0,780.0,2083.0,2083.0,2127.0,1125.0,1125.0,1090.0,824.0,824.0,825.0
0.0,6552.0,2464.0,2472.0,3587.0,2213.0,737.0,737.0,739.0,824.0,824.0,824.0,821.0,821.0,822.0,2171.0,2171.0,2210.0,737.0,737.0,739.0,824.0,824.0,824.0
0.0,7675.0,2515.0,2475.0,3340.0,1400.0,454.0,454.0,492.0,825.0,825.0,825.0,838.0,838.0,839.0,2559.0,2559.0,2557.0,454.0,454.0,492.0,825.0,825.0,825.0
0.0,8500.0,2488.0,2475.0,2213.0,1675.0,546.0,546.0,583.0,825.0,825.0,825.0,829.0,829.0,830.0,2846.0,2846.0,2808.0,546.0,546.0,583.0,825.0,825.0,825.0
0.0,8225.0,2520.0,2478.0,1400.0,2807.0,936.0,936.0,935.0,826.0,826.0,826.0,840.0,840.0,840.0,2754.0,2754.0,2717.0,936.0,936.0,935.0,826.0,826.0,826.0
0.0,7105.0,2479.0,2479.0,1675.0,3615.0,1216.0,1216.0,1183.0,826.0,826.0,827.0,826.0,826.0,827.0,2368.0,2368.0,2369.0,1216.0,1216.0,1183.0,826.0,826.0,827.0
0.0,6301.0,2494.0,2481.0,2807.0,3310.0,1115.0,1115.0,1080.0,827.0,827.0,827.0,831.0,831.0,832.0,2088.0,2088.0,2125.0,1115.0,1115.0,1080.0,827.0,827.0,827.0
0.0,6614.0,2349.0,2481.0,3615.0,2044.0,682.0,682.0,680.0,827.0,827.0,827.0,783.0,783.0,783.0,2193.0,2193.0,2228.0,682.0,682.0,680.0,827.0,827.0,827.0
0.0,7880.0,2395.0,2478.0,3310.0,1117.0,361.0,361.0,395.0,826.0,826.0,826.0,798.0,798.0,799.0,2626.0,2626.0,2628.0,361.0,361.0,395.0,826.0,826.0,826.0
0.0,8795.0,2452.0,2479.0,2044.0,1529.0,496.0,496.0,537.0,826.0,826.0,827.0,817.0,817.0,818.0,2943.0,2943.0,2909.0,496.0,496.0,537.0,826.0,826.0,827.0
0.0,8387.0,2556.0,2482.0,1117.0,2980.0,991.0,991.0,998.0,827.0,827.0,828.0,852.0,852.0,852.0,2808.0,2808.0,2771.0,991.0,991.0,998.0,827.0,827.0,828.0
0.0,6948.0,2497.0,2484.0,1529.0,3956.0,1331.0,1331.0,1294.0,828.0,828.0,828.0,832.0,832.0,833.0,2317.0,2317.0,2314.0,1331.0,1331.0,1294.0,828.0,828.0,828.0
0.0,5980.0,2565.0,2487.0,2980.0,3553.0,1199.0,1199.0,1155.0,829.0,829.0,829.0,855.0,855.0,855.0,1981.0,1981.0,2018.0,1199.0,1199.0,1155.0,829.0,829.0,829.0
0.0,6395.0,2575.0,2490.0,3956.0,2184.0,730.0,730.0,724.0,830.0,830.0,830.0,858.0,858.0,859.0,2117.0,2117.0,2161.0,730.0,730.0,724.0,830.0,830.0,830.0
0.0,7776.0,2544.0,2491.0,3553.0,1179.0,379.0,379.0,421.0,830.0,830.0,831.0,848.0,848.0,848.0,2590.0,2590.0,2596.0,379.0,379.0,421.0,830.0,830.0,831.0
0.0,8785.0,2674.0,2496.0,2184.0,1689.0,548.0,548.0,593.0,832.0,832.0,832.0,891.0,891.0,892.0,2941.0,2941.0,2903.0,548.0,548.0,593.0,832.0,832.0,832.0
0.0,8295.0,2526.0,2496.0,1179.0,3036.0,1011.0,1011.0,1014.0,832.0,832.0,832.0,842.0,842.0,842.0,2780.0,2780.0,2735.0,1011.0,1011.0,1014.0,832.0,832.0,832.0
0.0,6948.0,2520.0,2497.0,1689.0,3871.0,1303.0,1303.0,1265.0,832.0,832.0,833.0,840.0,840.0,840.0,2317.0,2317.0,2314.0,1303.0,1303.0,1265.0,832.0,832.0,833.0
0.0,6117.0,2524.0,2496.0,3036.0,3355.0,1133.0,1133.0,1089.0,832.0,832.0,832.0,841.0,841.0,842.0,2025.0,2025.0,2067.0,1133.0,1133.0,1089.0,832.0,832.0,832.0
0.0,6629.0,2470.0,2496.0,3871.0,1954.0,653.0,653.0,648.0,832.0,832.0,832.0,823.0,823.0,824.0,2195.0,2195.0,2239.0,653.0,653.0,648.0,832.0,832.0,832.0
0.0,8030.0,2506.0,2496.0,3355.0,1105.0,355.0,355.0,395.0,832.0,832.0,832.0,835.0,835.0,836.0,2675.0,2675.0,2680.0,355.0,355.0,395.0,832.0,832.0,832.0
0.0,8879.0,2655.0,2499.0,1954.0,1818.0,591.0,591.0,636.0,833.0,833.0,833.0,885.0,885.0,885.0,2973.0,2973.0,2933.0,591.0,591.0,636.0,833.0,833.0,833.0
0.0,8178.0,2524.0,2499.0,1105.0,3237.0,1077.0,1077.0,1083.0,833.0,833.0,833.0,841.0,841.0,842.0,2741.0,2741.0,2696.0,1077.0,1077.0,1083.0,833.0,833.0,833.0
0.0,6759.0,2595.0,2502.0,1818.0,4026.0,1355.0,1355.0,1316.0,834.0,834.0,834.0,865.0,865.0,865.0,2255.0,2255.0,2249.0,1355.0,1355.0,1316.0,834.0,834.0,834.0
0.0,5982.0,2563.0,2503.0,3237.0,3356.0,1132.0,1132.0,1092.0,834.0,834.0,835.0,854.0,854.0,855.0,1981.0,1981.0,2020.0,1132.0,1132.0,1092.0,834.0,834.0,835.0
0.0,6656.0,2653.0,2503.0,4026.0,1983.0,661.0,661.0,661.0,834.0,834.0,835.0,884.0,884.0,885.0,2204.0,2204.0,2248.0,661.0,661.0,661.0,834.0,834.0,835.0
0.0,8029.0,2640.0,2505.0,3356.0,1275.0,413.0,413.0,449.0,835.0,835.0,835.0,880.0,880.0,880.0,2675.0,2675.0,2679.0,413.0,413.0,449.0,835.0,835.0,835.0
0.0,8745.0,2520.0,2505.0,1983.0,1812.0,592.0,592.0,628.0,835.0,835.0,835.0,840.0,840.0,840.0,2927.0,2927.0,2891.0,592.0,592.0,628.0,835.0,835.0,835.0
0.0,8208.0,2535.0,2503.0,1275.0,3064.0,1020.0,1020.0,1024.0,834.0,834.0,835.0,845.0,845.0,845.0,2748.0,2748.0,2712.0,1020.0,1020.0,1024.0,834.0,834.0,835.0
0.0,6948.0,2535.0,2505.0,1812.0,3795.0,1277.0,1277.0,1241.0,835.0,835.0,835.0,845.0,845.0,845.0,2316.0,2316.0,2316.0,1277.0,1277.0,1241.0,835.0,835.0,835.0
0.0,6225.0,2595.0,2503.0,3064.0,3318.0,1118.0,1118.0,1082.0,834.0,834.0,835.0,865.0,865.0,865.0,2063.0,2063.0,2099.0,1118.0,1118.0,1082.0,834.0,834.0,835.0
0.0,6694.0,2703.0,2508.0,3795.0,2246.0,750.0,750.0,746.0,836.0,836.0,836.0,901.0,901.0,901.0,2218.0,2218.0,2258.0,750.0,750.0,746.0,836.0,836.0,836.0
0.0,7786.0,2677.0,2511.0,3318.0,1617.0,528.0,528.0,561.0,837.0,837.0,837.0,892.0,892.0,893.0,2594.0,2594.0,2598.0,528.0,528.0,561.0,837.0,837.0,837.0
0.0,8427.0,2523.0,2512.0,2246.0,1898.0,619.0,619.0,660.0,837.0,837.0,838.0,841.0,841.0,841.0,2820.0,2820.0,2787.0,619.0,619.0,660.0,837.0,837.0,838.0
0.0,8150.0,2679.0,2517.0,1617.0,2980.0,992.0,992.0,996.0,839.0,839.0,839.0,893.0,893.0,893.0,2729.0,2729.0,2692.0,992.0,992.0,996.0,839.0,839.0,839.0
0.0,7088.0,2526.0,2518.0,1898.0,3612.0,1215.0,1215.0,1182.0,839.0,839.0,840.0,842.0,842.0,842.0,2364.0,2364.0,2360.0,1215.0,1215.0,1182.0,839.0,839.0,840.0
0.0,6460.0,2517.0,2520.0,2980.0,3157.0,1066.0,1066.0,1025.0,840.0,840.0,840.0,839.0,839.0,839.0,2141.0,2141.0,2178.0,1066.0,1066.0,1025.0,840.0,840.0,840.0
0.0,6923.0,2595.0,2521.0,3612.0,2144.0,716.0,716.0,712.0,840.0,840.0,841.0,865.0,865.0,865.0,2294.0,2294.0,2335.0,716.0,716.0,712.0,840.0,840.0,841.0
0.0,7940.0,2443.0,2521.0,3157.0,1430.0,464.0,464.0,502.0,840.0,840.0,841.0,814.0,814.0,815.0,2644.0,2644.0,2652.0,464.0,464.0,502.0,840.0,840.0,841.0
0.0,8654.0,2605.0,2521.0,2144.0,1891.0,616.0,616.0,659.0,840.0,840.0,841.0,868.0,868.0,869.0,2896.0,2896.0,2862.0,616.0,616.0,659.0,840.0,840.0,841.0
0.0,8193.0,2373.0,2520.0,1430.0,2830.0,943.0,943.0,944.0,840.0,840.0,840.0,791.0,791.0,791.0,2744.0,2744.0,2705.0,943.0,943.0,944.0,840.0,840.0,840.0
0.0,7250.0,2608.0,2521.0,1891.0,3551.0,1196.0,1196.0,1159.0,840.0,840.0,841.0,869.0,869.0,870.0,2417.0,2417.0,2416.0,1196.0,1196.0,1159.0,840.0,840.0,841.0
0.0,6533.0,2512.0,2523.0,2830.0,3241.0,1094.0,1094.0,1053.0,841.0,841.0,841.0,837.0,837.0,838.0,2164.0,2164.0,2205.0,1094.0,1094.0,1053.0,841.0,841.0,841.0
0.0,6851.0,2560.0,2523.0,3551.0,2250.0,751.0,751.0,748.0,841.0,841.0,841.0,853.0,853.0,854.0,2270.0,2270.0,2311.0,751.0,751.0,748.0,841.0,841.0,841.0
0.0,7842.0,2569.0,2526.0,3241.0,1590.0,517.0,517.0,556.0,842.0,842.0,842.0,856.0,856.0,857.0,2613.0,2613.0,2616.0,517.0,517.0,556.0,842.0,842.0,842.0
0.0,8514.0,2626.0,2530.0,2250.0,1982.0,645.0,645.0,692.0,843.0,843.0,844.0,875.0,875.0,876.0,2851.0,2851.0,2812.0,645.0,645.0,692.0,843.0,843.0,844.0
0.0,8138.0,2602.0,2533.0,1590.0,3006.0,999.0,999.0,1008.0,844.0,844.0,845.0,867.0,867.0,868.0,2727.0,2727.0,2684.0,999.0,999.0,1008.0,844.0,844.0,845.0
0.0,7126.0,2496.0,2535.0,1982.0,3528.0,1190.0,1190.0,1148.0,845.0,845.0,845.0,832.0,832.0,832.0,2377.0,2377.0,2372.0,1190.0,1190.0,1148.0,845.0,845.0,845.0
0.0,6612.0,2503.0,2535.0,3006.0,3025.0,1025.0,1025.0,975.0,845.0,845.0,845.0,834.0,834.0,835.0,2190.0,2190.0,2232.0,1025.0,1025.0,975.0,845.0,845.0,845.0
0.0,7115.0,2464.0,2535.0,3528.0,1961.0,656.0,656.0,649.0,845.0,845.0,845.0,821.0,821.0,822.0,2355.0,2355.0,2405.0,656.0,656.0,649.0,845.0,845.0,845.0
0.0,8179.0,2487.0,2536.0,3025.0,1427.0,460.0,460.0,507.0,845.0,845.0,846.0,829.0,829.0,829.0,2724.0,2724.0,2731.0,460.0,460.0,507.0,845.0,845.0,846.0
0.0,8717.0,2478.0,2535.0,1961.0,1940.0,630.0,630.0,680.0,845.0,845.0,845.0,826.0,826.0,826.0,2920.0,2920.0,2877.0,630.0,630.0,680.0,845.0,845.0,845.0
0.0,8200.0,2637.0,2541.0,1427.0,3174.0,1057.0,1057.0,1060.0,847.0,847.0,847.0,879.0,879.0,879.0,2750.0,2750.0,2700.0,1057.0,1057.0,1060.0,847.0,847.0,847.0
0.0,6990.0,2565.0,2542.0,1940.0,3803.0,1282.0,1282.0,1239.0,847.0,847.0,848.0,855.0,855.0,855.0,2331.0,2331.0,2328.0,1282.0,1282.0,1239.0,847.0,847.0,848.0
0.0,6365.0,2547.0,2544.0,3174.0,3184.0,1078.0,1078.0,1028.0,848.0,848.0,848.0,849.0,849.0,849.0,2106.0,2106.0,2153.0,1078.0,1078.0,1028.0,848.0,848.0,848.0
0.0,6992.0,2544.0,2544.0,3803.0,1925.0,644.0,644.0,637.0,848.0,848.0,848.0,848.0,848.0,848.0,2314.0,2314.0,2364.0,644.0,644.0,637.0,848.0,848.0,848.0
0.0,8251.0,2553.0,2545.0,3184.0,1298.0,417.0,417.0,464.0,848.0,848.0,849.0,851.0,851.0,851.0,2748.0,2748.0,2755.0,417.0,417.0,464.0,848.0,848.0,849.0
0.0,8882.0,2529.0,2545.0,1925.0,1902.0,616.0,616.0,670.0,848.0,848.0,849.0,843.0,843.0,843.0,2975.0,2975.0,2932.0,616.0,616.0,670.0,848.0,848.0,849.0
0.0,8278.0,2611.0,2548.0,1298.0,3227.0,1073.0,1073.0,1081.0,849.0,849.0,850.0,870.0,870.0,871.0,2776.0,2776.0,2726.0,1073.0,1073.0,1081.0,849.0,849.0,850.0
0.0,6965.0,2629.0,2553.0,1902.0,3974.0,1341.0,1341.0,1292.0,851.0,851.0,851.0,876.0,876.0,877.0,2323.0,2323.0,2319.0,1341.0,1341.0,1292.0,851.0,851.0,851.0
0.0,6238.0,2622.0,2557.0,3227.0,3385.0,1146.0,1146.0,1093.0,852.0,852.0,853.0,874.0,874.0,874.0,2063.0,2063.0,2112.0,1146.0,1146.0,1093.0,852.0,852.0,853.0
0.0,6843.0,2535.0,2559.0,3974.0,1954.0,654.0,654.0,646.0,853.0,853.0,853.0,845.0,845.0,845.0,2262.0,2262.0,2319.0,654.0,654.0,646.0,853.0,853.0,853.0
0.0,8282.0,2535.0,2559.0,3385.0,1104.0,353.0,353.0,398.0,853.0,853.0,853.0,845.0,845.0,845.0,2758.0,2758.0,2766.0,353.0,353.0,398.0,853.0,853.0,853.0
0.0,9132.0,2620.0,2562.0,1954.0,1782.0,576.0,576.0,630.0,854.0,854.0,854.0,873.0,873.0,874.0,3059.0,3059.0,3014.0,576.0,576.0,630.0,854.0,854.0,854.0
0.0,8466.0,2466.0,2559.0,1104.0,3132.0,1041.0,1041.0,1050.0,853.0,853.0,853.0,822.0,822.0,822.0,2840.0,2840.0,2786.0,1041.0,1041.0,1050.0,853.0,853.0,853.0
0.0,7104.0,2728.0,2562.0,1782.0,4090.0,1378.0,1378.0,1334.0,854.0,854.0,854.0,909.0,909.0,910.0,2371.0,2371.0,2362.0,1378.0,1378.0,1334.0,854.0,854.0,854.0
0.0,6158.0,2613.0,2563.0,3132.0,3575.0,1208.0,1208.0,1159.0,854.0,854.0,855.0,871.0,871.0,871.0,2038.0,2038.0,2082.0,1208.0,1208.0,1159.0,854.0,854.0,855.0
0.0,6677.0,2619.0,2562.0,4090.0,2100.0,703.0,703.0,694.0,854.0,854.0,854.0,873.0,873.0,873.0,2208.0,2208.0,2261.0,703.0,703.0,694.0,854.0,854.0,854.0
0.0,8148.0,2731.0,2566.0,3575.0,1272.0,409.0,409.0,454.0,855.0,855.0,856.0,910.0,910.0,911.0,2713.0,2713.0,2722.0,409.0,409.0,454.0,855.0,855.0,856.0
0.0,8992.0,2647.0,2569.0,2100.0,1831.0,592.0,592.0,647.0,856.0,856.0,857.0,882.0,882.0,883.0,3011.0,3011.0,2970.0,592.0,592.0,647.0,856.0,856.0,857.0
0.0,8445.0,2539.0,2569.0,1272.0,3098.0,1029.0,1029.0,1040.0,856.0,856.0,857.0,846.0,846.0,847.0,2832.0,2832.0,2781.0,1029.0,1029.0,1040.0,856.0,856.0,857.0
0.0,7178.0,2694.0,2574.0,1831.0,3981.0,1343.0,1343.0,1295.0,858.0,858.0,858.0,898.0,898.0,898.0,2395.0,2395.0,2388.0,1343.0,1343.0,1295.0,858.0,858.0,858.0
0.0,6315.0,2550.0,2574.0,3098.0,3433.0,1164.0,1164.0,1105.0,858.0,858.0,858.0,850.0,850.0,850.0,2089.0,2089.0,2137.0,1164.0,1164.0,1105.0,858.0,858.0,858.0
0.0,6863.0,2604.0,2574.0,3981.0,2056.0,689.0,689.0,678.0,858.0,858.0,858.0,868.0,868.0,868.0,2268.0,2268.0,2327.0,689.0,689.0,678.0,858.0,858.0,858.0
0.0,8240.0,2592.0,2575.0,3433.0,1219.0,389.0,389.0,441.0,858.0,858.0,859.0,864.0,864.0,864.0,2743.0,2743.0,2754.0,389.0,389.0,441.0,858.0,858.0,859.0
0.0,9081.0,2608.0,2575.0,2056.0,1771.0,569.0,569.0,633.0,858.0,858.0,859.0,869.0,869.0,870.0,3043.0,3043.0,2995.0,569.0,569.0,633.0,858.0,858.0,859.0
0.0,8529.0,2685.0,2577.0,1219.0,3245.0,1079.0,1079.0,1087.0,859.0,859.0,859.0,895.0,895.0,895.0,2863.0,2863.0,2803.0,1079.0,1079.0,1087.0,859.0,859.0,859.0
0.0,7063.0,2680.0,2578.0,1771.0,4158.0,1403.0,1403.0,1352.0,859.0,859.0,860.0,893.0,893.0,894.0,2357.0,2357.0,2349.0,1403.0,1403.0,1352.0,859.0,859.0,860.0
0.0,6154.0,2658.0,2578.0,3245.0,3571.0,1210.0,1210.0,1151.0,859.0,859.0,860.0,886.0,886.0,886.0,2033.0,2033.0,2088.0,1210.0,1210.0,1151.0,859.0,859.0,860.0
0.0,6741.0,2643.0,2580.0,4158.0,2064.0,692.0,692.0,680.0,860.0,860.0,860.0,881.0,881.0,881.0,2226.0,2226.0,2289.0,692.0,692.0,680.0,860.0,860.0,860.0
0.0,8256.0,2559.0,2581.0,3571.0,1056.0,335.0,335.0,386.0,860.0,860.0,861.0,853.0,853.0,853.0,2748.0,2748.0,2760.0,335.0,335.0,386.0,860.0,860.0,861.0
0.0,9268.0,2571.0,2581.0,2064.0,1563.0,500.0,500.0,563.0,860.0,860.0,861.0,857.0,857.0,857.0,3105.0,3105.0,3058.0,500.0,500.0,563.0,860.0,860.0,861.0
0.0,8761.0,2671.0,2583.0,1056.0,3186.0,1059.0,1059.0,1068.0,861.0,861.0,861.0,890.0,890.0,891.0,2940.0,2940.0,2881.0,1059.0,1059.0,1068.0,861.0,861.0,861.0
0.0,7146.0,2760.0,2584.0,1563.0,4387.0,1479.0,1479.0,1429.0,861.0,861.0,862.0,920.0,920.0,920.0,2385.0,2385.0,2376.0,1479.0,1479.0,1429.0,861.0,861.0,862.0
0.0,5949.0,2560.0,2583.0,3186.0,3757.0,1273.0,1273.0,1211.0,861.0,861.0,861.0,853.0,853.0,854.0,1965.0,1965.0,2019.0,1273.0,1273.0,1211.0,861.0,861.0,861.0
0.0,6575.0,2772.0,2587.0,4387.0,2158.0,722.0,722.0,714.0,862.0,862.0,863.0,924.0,924.0,924.0,2171.0,2171.0,2233.0,722.0,722.0,714.0,862.0,862.0,863.0
0.0,8190.0,2595.0,2586.0,3757.0,992.0,314.0,314.0,364.0,862.0,862.0,862.0,865.0,865.0,865.0,2726.0,2726.0,2738.0,314.0,314.0,364.0,862.0,862.0,862.0
0.0,9352.0,2644.0,2587.0,2158.0,1482.0,473.0,473.0,536.0,862.0,862.0,863.0,881.0,881.0,882.0,3134.0,3134.0,3084.0,473.0,473.0,536.0,862.0,862.0,863.0
0.0,8866.0,2538.0,2589.0,992.0,3036.0,1009.0,1009.0,1018.0,863.0,863.0,863.0,846.0,846.0,846.0,2975.0,2975.0,2916.0,1009.0,1009.0,1018.0,863.0,863.0,863.0
0.0,7320.0,2700.0,2590.0,1482.0,4258.0,1436.0,1436.0,1386.0,863.0,863.0,864.0,900.0,900.0,900.0,2443.0,2443.0,2434.0,1436.0,1436.0,1386.0,863.0,863.0,864.0
0.0,6102.0,2611.0,2593.0,3036.0,3845.0,1301.0,1301.0,1243.0,864.0,864.0,865.0,870.0,870.0,871.0,2016.0,2016.0,2070.0,1301.0,1301.0,1243.0,864.0,864.0,865.0
0.0,6527.0,2604.0,2593.0,4258.0,2191.0,733.0,733.0,725.0,864.0,864.0,865.0,868.0,868.0,868.0,2155.0,2155.0,2217.0,733.0,733.0,725.0,864.0,864.0,865.0
0.0,8181.0,2650.0,2598.0,3845.0,1016.0,323.0,323.0,370.0,866.0,866.0,866.0,883.0,883.0,884.0,2723.0,2723.0,2735.0,323.0,323.0,370.0,866.0,866.0,866.0
0.0,9376.0,2703.0,2601.0,2191.0,1540.0,495.0,495.0,550.0,867.0,867.0,867.0,901.0,901.0,901.0,3141.0,3141.0,3094.0,495.0,495.0,550.0,867.0,867.0,867.0
0.0,8864.0,2640.0,2602.0,1016.0,3168.0,1052.0,1052.0,1064.0,867.0,867.0,868.0,880.0,880.0,880.0,2973.0,2973.0,2918.0,1052.0,1052.0,1064.0,867.0,867.0,868.0
0.0,7240.0,2599.0,2604.0,1540.0,4235.0,1427.0,1427.0,1381.0,868.0,868.0,868.0,866.0,866.0,867.0,2416.0,2416.0,2408.0,1427.0,1427.0,1381.0,868.0,868.0,868.0
0.0,6181.0,2676.0,2605.0,3168.0,3747.0,1267.0,1267.0,1213.0,868.0,868.0,869.0,892.0,892.0,892.0,2045.0,2045.0,2091.0,1267.0,1267.0,1213.0,868.0,868.0,869.0
0.0,6673.0,2517.0,2604.0,4235.0,2025.0,679.0,679.0,667.0,868.0,868.0,868.0,839.0,839.0,839.0,2205.0,2205.0,2263.0,679.0,679.0,667.0,868.0,868.0,868.0
0.0,8391.0,2701.0,2605.0,3747.0,983.0,312.0,312.0,359.0,868.0,868.0,869.0,900.0,900.0,901.0,2793.0,2793.0,2805.0,312.0,312.0,359.0,868.0,868.0,869.0
0.0,9437.0,2542.0,2607.0,2025.0,1508.0,484.0,484.0,540.0,869.0,869.0,869.0,847.0,847.0,848.0,3160.0,3160.0,3117.0,484.0,484.0,540.0,869.0,869.0,869.0
0.0,8920.0,2664.0,2610.0,983.0,3201.0,1064.0,1064.0,1073.0,870.0,870.0,870.0,888.0,888.0,888.0,2992.0,2992.0,2936.0,1064.0,1064.0,1073.0,870.0,870.0,870.0
0.0,7239.0,2719.0,2614.0,1508.0,4428.0,1490.0,1490.0,1448.0,871.0,871.0,872.0,906.0,906.0,907.0,2416.0,2416.0,2407.0,1490.0,1490.0,1448.0,871.0,871.0,872.0
0.0,6028.0,2676.0,2619.0,3201.0,3923.0,1326.0,1326.0,1271.0,873.0,873.0,873.0,892.0,892.0,892.0,1994.0,1994.0,2040.0,1326.0,1326.0,1271.0,873.0,873.0,873.0
0.0,6553.0,2577.0,2620.0,4428.0,2076.0,695.0,695.0,686.0,873.0,873.0,874.0,859.0,859.0,859.0,2166.0,2166.0,2221.0,695.0,695.0,686.0,873.0,873.0,874.0
0.0,8404.0,2667.0,2620.0,3923.0,820.0,258.0,258.0,304.0,873.0,873.0,874.0,889.0,889.0,889.0,2797.0,2797.0,2810.0,258.0,258.0,304.0,873.0,873.0,874.0
0.0,9660.0,2623.0,2622.0,2076.0,1375.0,441.0,441.0,493.0,874.0,874.0,874.0,874.0,874.0,875.0,3234.0,3234.0,3192.0,441.0,441.0,493.0,874.0,874.0,874.0
0.0,9113.0,2598.0,2622.0,820.0,3153.0,1049.0,1049.0,1055.0,874.0,874.0,874.0,866.0,866.0,866.0,3055.0,3055.0,3003.0,1049.0,1049.0,1055.0,874.0,874.0,874.0
0.0,7335.0,2671.0,2625.0,1375.0,4461.0,1502.0,1502.0,1457.0,875.0,875.0,875.0,890.0,890.0,891.0,2447.0,2447.0,2441.0,1502.0,1502.0,1457.0,875.0,875.0,875.0
0.0,6039.0,2620.0,2626.0,3153.0,3932.0,1326.0,1326.0,1280.0,875.0,875.0,876.0,873.0,873.0,874.0,1998.0,1998.0,2043.0,1326.0,1326.0,1280.0,875.0,875.0,876.0
0.0,6572.0,2577.0,2628.0,4461.0,2056.0,687.0,687.0,682.0,876.0,876.0,876.0,859.0,859.0,859.0,2174.0,2174.0,2224.0,687.0,687.0,682.0,876.0,876.0,876.0
0.0,8456.0,2622.0,2628.0,3932.0,746.0,235.0,235.0,276.0,876.0,876.0,876.0,874.0,874.0,874.0,2817.0,2817.0,2822.0,235.0,235.0,276.0,876.0,876.0,876.0
0.0,9766.0,2626.0,2628.0,2056.0,1316.0,423.0,423.0,470.0,876.0,876.0,876.0,875.0,875.0,876.0,3269.0,3269.0,3228.0,423.0,423.0,470.0,876.0,876.0,876.0
0.0,9196.0,2667.0,2628.0,746.0,3237.0,1077.0,1077.0,1083.0,876.0,876.0,876.0,889.0,889.0,889.0,3081.0,3081.0,3034.0,1077.0,1077.0,1083.0,876.0,876.0,876.0
0.0,7275.0,2716.0,2632.0,1316.0,4653.0,1563.0,1563.0,1527.0,877.0,877.0,878.0,905.0,905.0,906.0,2427.0,2427.0,2421.0,1563.0,1563.0,1527.0,877.0,877.0,878.0
0.0,5875.0,2661.0,2634.0,3237.0,4085.0,1377.0,1377.0,1331.0,878.0,878.0,878.0,887.0,887.0,887.0,1945.0,1945.0,1985.0,1377.0,1377.0,1331.0,878.0,878.0,878.0
0.0,6451.0,2667.0,2635.0,4653.0,2103.0,703.0,703.0,697.0,878.0,878.0,879.0,889.0,889.0,889.0,2135.0,2135.0,2181.0,703.0,703.0,697.0,878.0,878.0,879.0
0.0,8437.0,2686.0,2640.0,4085.0,724.0,229.0,229.0,266.0,880.0,880.0,880.0,895.0,895.0,896.0,2809.0,2809.0,2819.0,229.0,229.0,266.0,880.0,880.0,880.0
0.0,9836.0,2683.0,2638.0,2103.0,1296.0,416.0,416.0,464.0,879.0,879.0,880.0,894.0,894.0,895.0,3291.0,3291.0,3254.0,416.0,416.0,464.0,879.0,879.0,880.0
0.0,9256.0,2661.0,2640.0,724.0,3241.0,1078.0,1078.0,1085.0,880.0,880.0,880.0,887.0,887.0,887.0,3100.0,3100.0,3056.0,1078.0,1078.0,1085.0,880.0,880.0,880.0
0.0,7319.0,2712.0,2641.0,1296.0,4661.0,1566.0,1566.0,1529.0,880.0,880.0,881.0,904.0,904.0,904.0,2442.0,2442.0,2435.0,1566.0,1566.0,1529.0,880.0,880.0,881.0
0.0,5903.0,2682.0,2640.0,3241.0,4098.0,1382.0,1382.0,1334.0,880.0,880.0,880.0,894.0,894.0,894.0,1954.0,1954.0,1995.0,1382.0,1382.0,1334.0,880.0,880.0,880.0
0.0,6462.0,2626.0,2640.0,4661.0,2063.0,691.0,691.0,681.0,880.0,880.0,880.0,875.0,875.0,876.0,2138.0,2138.0,2186.0,691.0,691.0,681.0,880.0,880.0,880.0
0.0,8497.0,2629.0,2641.0,4098.0,598.0,185.0,185.0,228.0,880.0,880.0,881.0,876.0,876.0,877.0,2829.0,2829.0,2839.0,185.0,185.0,228.0,880.0,880.0,881.0
0.0,9966.0,2661.0,2641.0,2063.0,1196.0,381.0,381.0,434.0,880.0,880.0,881.0,887.0,887.0,887.0,3335.0,3335.0,3296.0,381.0,381.0,434.0,880.0,880.0,881.0
0.0,9368.0,2746.0,2644.0,598.0,3356.0,1115.0,1115.0,1126.0,881.0,881.0,882.0,915.0,915.0,916.0,3139.0,3139.0,3090.0,1115.0,1115.0,1126.0,881.0,881.0,882.0
0.0,7220.0,2859.0,2649.0,1196.0,5039.0,1695.0,1695.0,1649.0,883.0,883.0,883.0,953.0,953.0,953.0,2409.0,2409.0,2402.0,1695.0,1695.0,1649.0,883.0,883.0,883.0
0.0,5557.0,2676.0,2652.0,3356.0,4371.0,1476.0,1476.0,1419.0,884.0,884.0,884.0,892.0,892.0,892.0,1837.0,1837.0,1883.0,1476.0,1476.0,1419.0,884.0,884.0,884.0
0.0,6237.0,2682.0,2652.0,5039.0,2014.0,675.0,675.0,664.0,884.0,884.0,884.0,894.0,894.0,894.0,2060.0,2060.0,2117.0,675.0,675.0,664.0,884.0,884.0,884.0
0.0,8594.0,2760.0,2655.0,4371.0,415.0,123.0,123.0,169.0,885.0,885.0,885.0,920.0,920.0,920.0,2861.0,2861.0,2872.0,123.0,123.0,169.0,885.0,885.0,885.0
0.0,10205.0,2590.0,2652.0,2014.0,979.0,307.0,307.0,365.0,884.0,884.0,884.0,863.0,863.0,864.0,3417.0,3417.0,3371.0,307.0,307.0,365.0,884.0,884.0,884.0
0.0,9629.0,2682.0,2652.0,415.0,3246.0,1078.0,1078.0,1090.0,884.0,884.0,884.0,894.0,894.0,894.0,3229.0,3229.0,3171.0,1078.0,1078.0,1090.0,884.0,884.0,884.0
0.0,7362.0,2779.0,2655.0,979.0,5058.0,1701.0,1701.0,1656.0,885.0,885.0,885.0,926.0,926.0,927.0,2458.0,2458.0,2446.0,1701.0,1701.0,1656.0,885.0,885.0,885.0
0.0,5562.0,2784.0,2659.0,3246.0,4612.0,1555.0,1555.0,1502.0,886.0,886.0,887.0,928.0,928.0,928.0,1839.0,1839.0,1884.0,1555.0,1555.0,1502.0,886.0,886.0,887.0
0.0,6024.0,2697.0,2662.0,5058.0,2263.0,757.0,757.0,749.0,887.0,887.0,888.0,899.0,899.0,899.0,1989.0,1989.0,2046.0,757.0,757.0,749.0,887.0,887.0,888.0
0.0,8385.0,2667.0,2662.0,4612.0,318.0,91.0,91.0,136.0,887.0,887.0,888.0,889.0,889.0,889.0,2791.0,2791.0,2803.0,91.0,91.0,136.0,887.0,887.0,888.0
0.0,10330.0,2658.0,2661.0,2263.0,709.0,220.0,220.0,269.0,887.0,887.0,887.0,886.0,886.0,886.0,3457.0,3457.0,3416.0,220.0,220.0,269.0,887.0,887.0,887.0
0.0,9935.0,2718.0,2664.0,318.0,3121.0,1039.0,1039.0,1043.0,888.0,888.0,888.0,906.0,906.0,906.0,3328.0,3328.0,3279.0,1039.0,1039.0,1043.0,888.0,888.0,888.0
0.0,7535.0,2827.0,2664.0,709.0,5239.0,1761.0,1761.0,1717.0,888.0,888.0,888.0,942.0,942.0,943.0,2513.0,2513.0,2509.0,1761.0,1761.0,1717.0,888.0,888.0,888.0
0.0,5417.0,2577.0,2664.0,3121.0,4695.0,1581.0,1581.0,1533.0,888.0,888.0,888.0,859.0,859.0,859.0,1791.0,1791.0,1835.0,1581.0,1581.0,1533.0,888.0,888.0,888.0
0.0,5961.0,2632.0,2664.0,5239.0,2088.0,697.0,697.0,694.0,888.0,888.0,888.0,877.0,877.0,878.0,1971.0,1971.0,2019.0,697.0,697.0,694.0,888.0,888.0,888.0
0.0,8568.0,2698.0,2667.0,4695.0,103.0,19.0,19.0,65.0,889.0,889.0,889.0,899.0,899.0,900.0,2855.0,2855.0,2858.0,19.0,19.0,65.0,889.0,889.0,889.0
0.0,10565.0,2643.0,2665.0,2088.0,650.0,199.0,199.0,252.0,888.0,888.0,889.0,881.0,881.0,881.0,3537.0,3537.0,3491.0,199.0,199.0,252.0,888.0,888.0,889.0
0.0,10010.0,2788.0,2670.0,103.0,3355.0,1117.0,1117.0,1121.0,890.0,890.0,890.0,929.0,929.0,930.0,3353.0,3353.0,3304.0,1117.0,1117.0,1121.0,890.0,890.0,890.0
0.0,7325.0,2790.0,2673.0,650.0,5507.0,1852.0,1852.0,1803.0,891.0,891.0,891.0,930.0,930.0,930.0,2443.0,2443.0,2439.0,1852.0,1852.0,1803.0,891.0,891.0,891.0
0.0,5185.0,2622.0,2673.0,3355.0,4774.0,1609.0,1609.0,1556.0,891.0,891.0,891.0,874.0,874.0,874.0,1712.0,1712.0,1761.0,1609.0,1609.0,1556.0,891.0,891.0,891.0
0.0,5918.0,2712.0,2673.0,5507.0,1979.0,661.0,661.0,657.0,891.0,891.0,891.0,904.0,904.0,904.0,1955.0,1955.0,2008.0,661.0,661.0,657.0,891.0,891.0,891.0
0.0,8713.0,2752.0,2674.0,4774.0,23.0,0.0,0.0,23.0,891.0,891.0,892.0,917.0,917.0,918.0,2903.0,2903.0,2907.0,0.0,0.0,23.0,891.0,891.0,892.0
0.0,10735.0,2571.0,2674.0,1979.0,553.0,165.0,165.0,223.0,891.0,891.0,892.0,857.0,857.0,857.0,3595.0,3595.0,3545.0,165.0,165.0,223.0,891.0,891.0,892.0
0.0,10143.0,2691.0,2674.0,23.0,3221.0,1062.0,1062.0,1097.0,891.0,891.0,892.0,897.0,897.0,897.0,3399.0,3399.0,3345.0,1062.0,1062.0,1097.0,891.0,891.0,892.0
0.0,7475.0,2623.0,2676.0,553.0,5299.0,1775.0,1775.0,1749.0,892.0,892.0,892.0,874.0,874.0,875.0,2502.0,2502.0,2471.0,1775.0,1775.0,1749.0,892.0,892.0,892.0
0.0,5405.0,2673.0,2676.0,3221.0,4751.0,1604.0,1604.0,1543.0,892.0,892.0,892.0,891.0,891.0,891.0,1793.0,1793.0,1819.0,1604.0,1604.0,1543.0,892.0,892.0,892.0
0.0,5953.0,2608.0,2677.0,5299.0,2064.0,698.0,698.0,668.0,892.0,892.0,893.0,869.0,869.0,870.0,1964.0,1964.0,2025.0,698.0,698.0,668.0,892.0,892.0,893.0
0.0,8644.0,2742.0,2679.0,4751.0,63.0,12.0,12.0,39.0,893.0,893.0,893.0,914.0,914.0,914.0,2870.0,2870.0,2904.0,12.0,12.0,39.0,893.0,893.0,893.0
0.0,10653.0,2631.0,2676.0,2064.0,618.0,187.0,187.0,244.0,892.0,892.0,892.0,877.0,877.0,877.0,3560.0,3560.0,3533.0,187.0,187.0,244.0,892.0,892.0,892.0
0.0,10086.0,2677.0,2676.0,63.0,3232.0,1067.0,1067.0,1098.0,892.0,892.0,892.0,892.0,892.0,893.0,3381.0,3381.0,3324.0,1067.0,1067.0,1098.0,892.0,892.0,892.0
0.0,7472.0,2727.0,2679.0,618.0,5353.0,1793.0,1793.0,1767.0,893.0,893.0,893.0,909.0,909.0,909.0,2501.0,2501.0,2470.0,1793.0,1793.0,1767.0,893.0,893.0,893.0
0.0,5363.0,2604.0,2679.0,3232.0,4725.0,1594.0,1594.0,1537.0,893.0,893.0,893.0,868.0,868.0,868.0,1779.0,1779.0,1805.0,1594.0,1594.0,1537.0,893.0,893.0,893.0
0.0,5991.0,2803.0,2682.0,5353.0,2187.0,739.0,739.0,709.0,894.0,894.0,894.0,934.0,934.0,935.0,1978.0,1978.0,2035.0,739.0,739.0,709.0,894.0,894.0,894.0
0.0,8541.0,2524.0,2680.0,4725.0,14.0,0.0,0.0,14.0,893.0,893.0,894.0,841.0,841.0,842.0,2837.0,2837.0,2867.0,0.0,0.0,14.0,893.0,893.0,894.0
0.0,10742.0,2739.0,2682.0,2187.0,538.0,160.0,160.0,218.0,894.0,894.0,894.0,913.0,913.0,913.0,3590.0,3590.0,3562.0,160.0,160.0,218.0,894.0,894.0,894.0
0.0,10190.0,2746.0,2685.0,14.0,3282.0,1079.0,1079.0,1124.0,895.0,895.0,895.0,915.0,915.0,916.0,3416.0,3416.0,3358.0,1079.0,1079.0,1124.0,895.0,895.0,895.0
0.0,7458.0,2701.0,2686.0,538.0,5449.0,1819.0,1819.0,1811.0,895.0,895.0,896.0,900.0,900.0,901.0,2501.0,2501.0,2456.0,1819.0,1819.0,1811.0,895.0,895.0,896.0
0.0,5295.0,2646.0,2688.0,3282.0,4821.0,1626.0,1626.0,1569.0,896.0,896.0,896.0,882.0,882.0,882.0,1761.0,1761.0,1773.0,1626.0,1626.0,1569.0,896.0,896.0,896.0
0.0,5931.0,2809.0,2691.0,5449.0,2193.0,747.0,747.0,699.0,897.0,897.0,897.0,936.0,936.0,937.0,1958.0,1958.0,2015.0,747.0,747.0,699.0,897.0,897.0,897.0
0.0,8571.0,2784.0,2692.0,4821.0,160.0,49.0,49.0,62.0,897.0,897.0,898.0,928.0,928.0,928.0,2841.0,2841.0,2889.0,49.0,49.0,62.0,897.0,897.0,898.0
0.0,10608.0,2787.0,2694.0,2193.0,762.0,235.0,235.0,292.0,898.0,898.0,898.0,929.0,929.0,929.0,3539.0,3539.0,3530.0,235.0,235.0,292.0,898.0,898.0,898.0
0.0,10014.0,2778.0,2697.0,160.0,3392.0,1116.0,1116.0,1160.0,899.0,899.0,899.0,926.0,926.0,926.0,3357.0,3357.0,3300.0,1116.0,1116.0,1160.0,899.0,899.0,899.0
0.0,7396.0,2676.0,2697.0,762.0,5306.0,1773.0,1773.0,1760.0,899.0,899.0,899.0,892.0,892.0,892.0,2480.0,2480.0,2436.0,1773.0,1773.0,1760.0,899.0,899.0,899.0
0.0,5482.0,2664.0,2697.0,3392.0,4578.0,1545.0,1545.0,1488.0,899.0,899.0,899.0,888.0,888.0,888.0,1823.0,1823.0,1836.0,1545.0,1545.0,1488.0,899.0,899.0,899.0
0.0,6210.0,2679.0,2697.0,5306.0,1951.0,665.0,665.0,621.0,899.0,899.0,899.0,893.0,893.0,893.0,2051.0,2051.0,2108.0,665.0,665.0,621.0,899.0,899.0,899.0
0.0,8837.0,2751.0,2697.0,4578.0,124.0,37.0,37.0,50.0,899.0,899.0,899.0,917.0,917.0,917.0,2931.0,2931.0,2975.0,37.0,37.0,50.0,899.0,899.0,899.0
0.0,10664.0,2686.0,2697.0,1951.0,859.0,267.0,267.0,325.0,899.0,899.0,899.0,895.0,895.0,896.0,3559.0,3559.0,3546.0,267.0,267.0,325.0,899.0,899.0,899.0
0.0,9929.0,2713.0,2698.0,124.0,3452.0,1134.0,1134.0,1184.0,899.0,899.0,900.0,904.0,904.0,905.0,3329.0,3329.0,3271.0,1134.0,1134.0,1184.0,899.0,899.0,900.0
0.0,7340.0,2749.0,2700.0,859.0,5350.0,1787.0,1787.0,1776.0,900.0,900.0,900.0,916.0,916.0,917.0,2462.0,2462.0,2416.0,1787.0,1787.0,1776.0,900.0,900.0,900.0
0.0,5450.0,2805.0,2703.0,3452.0,4715.0,1592.0,1592.0,1531.0,901.0,901.0,901.0,935.0,935.0,935.0,1813.0,1813.0,1824.0,1592.0,1592.0,1531.0,901.0,901.0,901.0
0.0,6097.0,2871.0,2707.0,5350.0,2252.0,766.0,766.0,720.0,902.0,902.0,903.0,957.0,957.0,957.0,2012.0,2012.0,2073.0,766.0,766.0,720.0,902.0,902.0,903.0
0.0,8576.0,2734.0,2707.0,4715.0,271.0,85.0,85.0,101.0,902.0,902.0,903.0,911.0,911.0,912.0,2842.0,2842.0,2892.0,85.0,85.0,101.0,902.0,902.0,903.0
0.0,10557.0,2760.0,2706.0,2252.0,775.0,239.0,239.0,297.0,902.0,902.0,902.0,920.0,920.0,920.0,3523.0,3523.0,3511.0,239.0,239.0,297.0,902.0,902.0,902.0
0.0,10049.0,2688.0,2706.0,271.0,3192.0,1050.0,1050.0,1092.0,902.0,902.0,902.0,896.0,896.0,896.0,3369.0,3369.0,3311.0,1050.0,1050.0,1092.0,902.0,902.0,902.0
0.0,7632.0,2703.0,2706.0,775.0,5120.0,1712.0,1712.0,1696.0,902.0,902.0,902.0,901.0,901.0,901.0,2558.0,2558.0,2516.0,1712.0,1712.0,1696.0,902.0,902.0,902.0
0.0,5704.0,2812.0,2707.0,3192.0,4744.0,1599.0,1599.0,1546.0,902.0,902.0,903.0,937.0,937.0,938.0,1896.0,1896.0,1912.0,1599.0,1599.0,1546.0,902.0,902.0,903.0
0.0,6084.0,2728.0,2710.0,5120.0,2364.0,800.0,800.0,764.0,903.0,903.0,904.0,909.0,909.0,910.0,2009.0,2009.0,2066.0,800.0,800.0,764.0,903.0,903.0,904.0
0.0,8476.0,2769.0,2712.0,4744.0,397.0,128.0,128.0,141.0,904.0,904.0,904.0,923.0,923.0,923.0,2812.0,2812.0,2852.0,128.0,128.0,141.0,904.0,904.0,904.0
0.0,10451.0,2701.0,2710.0,2364.0,726.0,224.0,224.0,278.0,903.0,903.0,904.0,900.0,900.0,901.0,3488.0,3488.0,3475.0,224.0,224.0,278.0,903.0,903.0,904.0
0.0,10114.0,2797.0,2710.0,397.0,3126.0,1028.0,1028.0,1070.0,903.0,903.0,904.0,932.0,932.0,933.0,3388.0,3388.0,3338.0,1028.0,1028.0,1070.0,903.0,903.0,904.0
0.0,7714.0,2908.0,2715.0,726.0,5328.0,1781.0,1781.0,1766.0,905.0,905.0,905.0,969.0,969.0,970.0,2584.0,2584.0,2546.0,1781.0,1781.0,1766.0,905.0,905.0,905.0
0.0,5532.0,2788.0,2716.0,3126.0,4994.0,1682.0,1682.0,1630.0,905.0,905.0,906.0,929.0,929.0,930.0,1839.0,1839.0,1854.0,1682.0,1682.0,1630.0,905.0,905.0,906.0
0.0,5870.0,2751.0,2718.0,5328.0,2425.0,822.0,822.0,781.0,906.0,906.0,906.0,917.0,917.0,917.0,1938.0,1938.0,1994.0,822.0,822.0,781.0,906.0,906.0,906.0
0.0,8447.0,2763.0,2719.0,4994.0,198.0,61.0,61.0,76.0,906.0,906.0,907.0,921.0,921.0,921.0,2802.0,2802.0,2843.0,61.0,61.0,76.0,906.0,906.0,907.0
0.0,10678.0,2737.0,2718.0,2425.0,506.0,151.0,151.0,204.0,906.0,906.0,906.0,912.0,912.0,913.0,3563.0,3563.0,3552.0,151.0,151.0,204.0,906.0,906.0,906.0
0.0,10366.0,2862.0,2724.0,198.0,3194.0,1052.0,1052.0,1090.0,908.0,908.0,908.0,954.0,954.0,954.0,3473.0,3473.0,3420.0,1052.0,1052.0,1090.0,908.0,908.0,908.0
0.0,7702.0,2844.0,2727.0,506.0,5544.0,1853.0,1853.0,1838.0,909.0,909.0,909.0,948.0,948.0,948.0,2580.0,2580.0,2542.0,1853.0,1853.0,1838.0,909.0,909.0,909.0
0.0,5364.0,2865.0,2730.0,3194.0,5227.0,1760.0,1760.0,1707.0,910.0,910.0,910.0,955.0,955.0,955.0,1783.0,1783.0,1798.0,1760.0,1760.0,1707.0,910.0,910.0,910.0
0.0,5693.0,2832.0,2734.0,5544.0,2531.0,855.0,855.0,821.0,911.0,911.0,912.0,944.0,944.0,944.0,1880.0,1880.0,1933.0,855.0,855.0,821.0,911.0,911.0,912.0
0.0,8405.0,2877.0,2736.0,5227.0,189.0,58.0,58.0,73.0,912.0,912.0,912.0,959.0,959.0,959.0,2789.0,2789.0,2827.0,58.0,58.0,73.0,912.0,912.0,912.0
0.0,10755.0,2650.0,2733.0,2531.0,296.0,82.0,82.0,132.0,911.0,911.0,911.0,883.0,883.0,884.0,3590.0,3590.0,3575.0,82.0,82.0,132.0,911.0,911.0,911.0
0.0,10636.0,2733.0,2736.0,189.0,2852.0,939.0,939.0,974.0,912.0,912.0,912.0,911.0,911.0,911.0,3562.0,3562.0,3512.0,939.0,939.0,974.0,912.0,912.0,912.0
0.0,8092.0,2799.0,2737.0,296.0,5359.0,1790.0,1790.0,1779.0,912.0,912.0,913.0,933.0,933.0,933.0,2709.0,2709.0,2674.0,1790.0,1790.0,1779.0,912.0,912.0,913.0
0.0,5589.0,2815.0,2739.0,2852.0,5330.0,1793.0,1793.0,1744.0,913.0,913.0,913.0,938.0,938.0,939.0,1858.0,1858.0,1873.0,1793.0,1793.0,1744.0,913.0,913.0,913.0
0.0,5626.0,2763.0,2742.0,5359.0,2746.0,928.0,928.0,890.0,914.0,914.0,914.0,921.0,921.0,921.0,1859.0,1859.0,1908.0,928.0,928.0,890.0,914.0,914.0,914.0
0.0,8222.0,2898.0,2745.0,5330.0,326.0,105.0,105.0,116.0,915.0,915.0,915.0,966.0,966.0,966.0,2728.0,2728.0,2766.0,105.0,105.0,116.0,915.0,915.0,915.0
0.0,10654.0,2665.0,2746.0,2746.0,249.0,65.0,65.0,119.0,915.0,915.0,916.0,888.0,888.0,889.0,3555.0,3555.0,3544.0,65.0,65.0,119.0,915.0,915.0,916.0
0.0,10735.0,2772.0,2748.0,326.0,2703.0,888.0,888.0,927.0,916.0,916.0,916.0,924.0,924.0,924.0,3595.0,3595.0,3545.0,888.0,888.0,927.0,916.0,916.0,916.0
0.0,8289.0,2740.0,2751.0,249.0,5206.0,1740.0,1740.0,1726.0,917.0,917.0,917.0,913.0,913.0,914.0,2776.0,2776.0,2737.0,1740.0,1740.0,1726.0,917.0,917.0,917.0
0.0,5798.0,2703.0,2751.0,2703.0,5206.0,1753.0,1753.0,1700.0,917.0,917.0,917.0,901.0,901.0,901.0,1928.0,1928.0,1942.0,1753.0,1753.0,1700.0,917.0,917.0,917.0
0.0,5798.0,2784.0,2754.0,5206.0,2796.0,945.0,945.0,906.0,918.0,918.0,918.0,928.0,928.0,928.0,1915.0,1915.0,1968.0,945.0,945.0,906.0,918.0,918.0,918.0
0.0,8220.0,2784.0,2755.0,5206.0,378.0,120.0,120.0,138.0,918.0,918.0,919.0,928.0,928.0,928.0,2727.0,2727.0,2766.0,120.0,120.0,138.0,918.0,918.0,919.0
0.0,10642.0,2691.0,2754.0,2796.0,269.0,72.0,72.0,125.0,918.0,918.0,918.0,897.0,897.0,897.0,3552.0,3552.0,3538.0,72.0,72.0,125.0,918.0,918.0,918.0
0.0,10747.0,2769.0,2757.0,378.0,2672.0,879.0,879.0,914.0,919.0,919.0,919.0,923.0,923.0,923.0,3600.0,3600.0,3547.0,879.0,879.0,914.0,919.0,919.0,919.0
0.0,8356.0,2782.0,2757.0,269.0,5185.0,1734.0,1734.0,1717.0,919.0,919.0,919.0,927.0,927.0,928.0,2797.0,2797.0,2762.0,1734.0,1734.0,1717.0,919.0,919.0,919.0
0.0,5843.0,2835.0,2763.0,2672.0,5372.0,1808.0,1808.0,1756.0,921.0,921.0,921.0,945.0,945.0,945.0,1942.0,1942.0,1959.0,1808.0,1808.0,1756.0,921.0,921.0,921.0
0.0,5680.0,2740.0,2763.0,5185.0,2927.0,987.0,987.0,953.0,921.0,921.0,921.0,913.0,913.0,914.0,1876.0,1876.0,1928.0,987.0,987.0,953.0,921.0,921.0,921.0
0.0,8125.0,2676.0,2761.0,5372.0,223.0,67.0,67.0,89.0,920.0,920.0,921.0,892.0,892.0,892.0,2697.0,2697.0,2731.0,67.0,67.0,89.0,920.0,920.0,921.0
0.0,10821.0,2892.0,2766.0,2927.0,208.0,52.0,52.0,104.0,922.0,922.0,922.0,964.0,964.0,964.0,3613.0,3613.0,3595.0,52.0,52.0,104.0,922.0,922.0,922.0
0.0,10856.0,2820.0,2769.0,223.0,2817.0,929.0,929.0,959.0,923.0,923.0,923.0,940.0,940.0,940.0,3636.0,3636.0,3584.0,929.0,929.0,959.0,923.0,923.0,923.0
0.0,8259.0,2730.0,2767.0,208.0,5331.0,1783.0,1783.0,1765.0,922.0,922.0,923.0,910.0,910.0,910.0,2763.0,2763.0,2733.0,1783.0,1783.0,1765.0,922.0,922.0,923.0
0.0,5737.0,2845.0,2769.0,2817.0,5367.0,1806.0,1806.0,1755.0,923.0,923.0,923.0,948.0,948.0,949.0,1905.0,1905.0,1927.0,1806.0,1806.0,1755.0,923.0,923.0,923.0
0.0,5709.0,2757.0,2769.0,5331.0,2793.0,942.0,942.0,909.0,923.0,923.0,923.0,919.0,919.0,919.0,1886.0,1886.0,1937.0,942.0,942.0,909.0,923.0,923.0,923.0
0.0,8283.0,2713.0,2766.0,5367.0,127.0,36.0,36.0,55.0,922.0,922.0,922.0,904.0,904.0,905.0,2750.0,2750.0,2783.0,36.0,36.0,55.0,922.0,922.0,922.0
0.0,10937.0,2716.0,2767.0,2793.0,56.0,0.0,0.0,56.0,922.0,922.0,923.0,905.0,905.0,906.0,3652.0,3652.0,3633.0,0.0,0.0,56.0,922.0,922.0,923.0
0.0,11014.0,3022.0,2775.0,127.0,2981.0,982.0,982.0,1017.0,925.0,925.0,925.0,1007.0,1007.0,1008.0,3689.0,3689.0,3636.0,982.0,982.0,1017.0,925.0,925.0,925.0
0.0,8119.0,2704.0,2775.0,56.0,5629.0,1883.0,1883.0,1863.0,925.0,925.0,925.0,901.0,901.0,902.0,2718.0,2718.0,2683.0,1883.0,1883.0,1863.0,925.0,925.0,925.0
0.0,5471.0,2799.0,2776.0,2981.0,5451.0,1834.0,1834.0,1783.0,925.0,925.0,926.0,933.0,933.0,933.0,1817.0,1817.0,1837.0,1834.0,1834.0,1783.0,925.0,925.0,926.0
0.0,5653.0,2938.0,2781.0,5629.0,2780.0,938.0,938.0,904.0,927.0,927.0,927.0,979.0,979.0,980.0,1866.0,1866.0,1921.0,938.0,938.0,904.0,927.0,927.0,927.0
0.0,8344.0,2815.0,2782.0,5451.0,148.0,42.0,42.0,64.0,927.0,927.0,928.0,938.0,938.0,939.0,2770.0,2770.0,2804.0,42.0,42.0,64.0,927.0,927.0,928.0
0.0,10980.0,2773.0,2784.0,2780.0,149.0,32.0,32.0,85.0,928.0,928.0,928.0,924.0,924.0,925.0,3666.0,3666.0,3648.0,32.0,32.0,85.0,928.0,928.0,928.0
0.0,10987.0,2874.0,2784.0,148.0,2875.0,948.0,948.0,979.0,928.0,928.0,928.0,958.0,958.0,958.0,3680.0,3680.0,3627.0,948.0,948.0,979.0,928.0,928.0,928.0
0.0,8261.0,2787.0,2782.0,149.0,5505.0,1841.0,1841.0,1823.0,927.0,927.0,928.0,929.0,929.0,929.0,2764.0,2764.0,2733.0,1841.0,1841.0,1823.0,927.0,927.0,928.0
0.0,5623.0,2868.0,2785.0,2875.0,5510.0,1853.0,1853.0,1804.0,928.0,928.0,929.0,956.0,956.0,956.0,1867.0,1867.0,1889.0,1853.0,1853.0,1804.0,928.0,928.0,929.0
0.0,5630.0,2892.0,2788.0,5505.0,2909.0,980.0,980.0,949.0,929.0,929.0,930.0,964.0,964.0,964.0,1859.0,1859.0,1912.0,980.0,980.0,949.0,929.0,929.0,930.0
0.0,8243.0,2827.0,2790.0,5510.0,234.0,73.0,73.0,88.0,930.0,930.0,930.0,942.0,942.0,943.0,2736.0,2736.0,2771.0,73.0,73.0,88.0,930.0,930.0,930.0
0.0,10926.0,2800.0,2793.0,2909.0,137.0,30.0,30.0,77.0,931.0,931.0,931.0,933.0,933.0,934.0,3647.0,3647.0,3632.0,30.0,30.0,77.0,931.0,931.0,931.0
0.0,11035.0,2940.0,2794.0,234.0,2847.0,937.0,937.0,973.0,931.0,931.0,932.0,980.0,980.0,980.0,3694.0,3694.0,3647.0,937.0,937.0,973.0,931.0,931.0,932.0
0.0,8329.0,2964.0,2799.0,137.0,5694.0,1903.0,1903.0,1888.0,933.0,933.0,933.0,988.0,988.0,988.0,2787.0,2787.0,2755.0,1903.0,1903.0,1888.0,933.0,933.0,933.0
0.0,5502.0,2877.0,2802.0,2847.0,5736.0,1929.0,1929.0,1878.0,934.0,934.0,934.0,959.0,959.0,959.0,1829.0,1829.0,1844.0,1929.0,1929.0,1878.0,934.0,934.0,934.0
0.0,5472.0,2842.0,2805.0,5694.0,2896.0,977.0,977.0,942.0,935.0,935.0,935.0,947.0,947.0,948.0,1807.0,1807.0,1858.0,977.0,977.0,942.0,935.0,935.0,935.0
0.0,8324.0,2919.0,2806.0,5736.0,83.0,21.0,21.0,41.0,935.0,935.0,936.0,973.0,973.0,973.0,2763.0,2763.0,2798.0,21.0,21.0,41.0,935.0,935.0,936.0
0.0,11141.0,2902.0,2806.0,2896.0,89.0,11.0,11.0,67.0,935.0,935.0,936.0,967.0,967.0,968.0,3719.0,3719.0,3703.0,11.0,11.0,67.0,935.0,935.0,936.0
0.0,11135.0,2788.0,2806.0,83.0,2794.0,919.0,919.0,956.0,935.0,935.0,936.0,929.0,929.0,930.0,3729.0,3729.0,3677.0,919.0,919.0,956.0,935.0,935.0,936.0
0.0,8430.0,2887.0,2809.0,89.0,5604.0,1874.0,1874.0,1856.0,936.0,936.0,937.0,962.0,962.0,963.0,2821.0,2821.0,2788.0,1874.0,1874.0,1856.0,936.0,936.0,937.0
0.0,5632.0,2977.0,2814.0,2794.0,5807.0,1955.0,1955.0,1897.0,938.0,938.0,938.0,992.0,992.0,993.0,1870.0,1870.0,1892.0,1955.0,1955.0,1897.0,938.0,938.0,938.0
0.0,5449.0,2832.0,2815.0,5604.0,3039.0,1025.0,1025.0,989.0,938.0,938.0,939.0,944.0,944.0,944.0,1797.0,1797.0,1855.0,1025.0,1025.0,989.0,938.0,938.0,939.0
0.0,8221.0,2736.0,2812.0,5807.0,0.0,0.0,0.0,0.0,937.0,937.0,938.0,912.0,912.0,912.0,2727.0,2727.0,2767.0,0.0,0.0,0.0,937.0,937.0,938.0
0.0,11292.0,2871.0,2814.0,3039.0,0.0,0.0,0.0,0.0,938.0,938.0,938.0,957.0,957.0,957.0,3770.0,3770.0,3752.0,0.0,0.0,0.0,938.0,938.0,938.0
0.0,11460.0,2830.0,2812.0,0.0,2618.0,853.0,853.0,912.0,937.0,937.0,938.0,943.0,943.0,944.0,3838.0,3838.0,3784.0,853.0,853.0,912.0,937.0,937.0,938.0
0.0,8630.0,2787.0,2811.0,0.0,5401.0,1782.0,1782.0,1837.0,937.0,937.0,937.0,929.0,929.0,929.0,2895.0,2895.0,2840.0,1782.0,1782.0,1837.0,937.0,937.0,937.0
0.0,5843.0,2919.0,2812.0,2618.0,5706.0,1902.0,1902.0,1902.0,937.0,937.0,938.0,973.0,973.0,973.0,1966.0,1966.0,1911.0,1902.0,1902.0,1902.0,937.0,937.0,938.0
0.0,5542.0,2784.0,2815.0,5401.0,3101.0,1052.0,1052.0,997.0,938.0,938.0,939.0,928.0,928.0,928.0,1846.0,1846.0,1850.0,1052.0,1052.0,997.0,938.0,938.0,939.0
0.0,8159.0,2838.0,2817.0,5706.0,241.0,100.0,100.0,41.0,939.0,939.0,939.0,946.0,946.0,946.0,2700.0,2700.0,2759.0,100.0,100.0,41.0,939.0,939.0,939.0
0.0,11027.0,2803.0,2817.0,3101.0,0.0,0.0,0.0,0.0,939.0,939.0,939.0,934.0,934.0,935.0,3656.0,3656.0,3715.0,0.0,0.0,0.0,939.0,939.0,939.0
0.0,11325.0,2787.0,2817.0,241.0,2489.0,811.0,811.0,867.0,939.0,939.0,939.0,929.0,929.0,929.0,3774.0,3774.0,3777.0,811.0,811.0,867.0,939.0,939.0,939.0
0.0,8779.0,2862.0,2818.0,0.0,5355.0,1765.0,1765.0,1825.0,939.0,939.0,940.0,954.0,954.0,954.0,2945.0,2945.0,2889.0,1765.0,1765.0,1825.0,939.0,939.0,940.0
0.0,5917.0,2788.0,2817.0,2489.0,5650.0,1883.0,1883.0,1884.0,939.0,939.0,939.0,929.0,929.0,930.0,1991.0,1991.0,1935.0,1883.0,1883.0,1884.0,939.0,939.0,939.0
0.0,5618.0,2769.0,2818.0,5355.0,3068.0,1041.0,1041.0,986.0,939.0,939.0,940.0,923.0,923.0,923.0,1873.0,1873.0,1872.0,1041.0,1041.0,986.0,939.0,939.0,940.0
0.0,8204.0,2754.0,2818.0,5650.0,172.0,76.0,76.0,20.0,939.0,939.0,940.0,918.0,918.0,918.0,2715.0,2715.0,2774.0,76.0,76.0,20.0,939.0,939.0,940.0
0.0,11100.0,2886.0,2820.0,3068.0,2.0,1.0,1.0,0.0,940.0,940.0,940.0,962.0,962.0,962.0,3680.0,3680.0,3740.0,1.0,1.0,0.0,940.0,940.0,940.0
0.0,11282.0,2850.0,2823.0,172.0,2688.0,879.0,879.0,930.0,941.0,941.0,941.0,950.0,950.0,950.0,3759.0,3759.0,3764.0,879.0,879.0,930.0,941.0,941.0,941.0
0.0,8604.0,2760.0,2823.0,2.0,5446.0,1798.0,1798.0,1850.0,941.0,941.0,941.0,920.0,920.0,920.0,2885.0,2885.0,2834.0,1798.0,1798.0,1850.0,941.0,941.0,941.0
0.0,5846.0,2790.0,2823.0,2688.0,5548.0,1849.0,1849.0,1850.0,941.0,941.0,941.0,930.0,930.0,930.0,1966.0,1966.0,1914.0,1849.0,1849.0,1850.0,941.0,941.0,941.0
0.0,5744.0,2862.0,2826.0,5446.0,2976.0,1009.0,1009.0,958.0,942.0,942.0,942.0,954.0,954.0,954.0,1915.0,1915.0,1914.0,1009.0,1009.0,958.0,942.0,942.0,942.0
0.0,8328.0,2892.0,2829.0,5548.0,332.0,128.0,128.0,76.0,943.0,943.0,943.0,964.0,964.0,964.0,2759.0,2759.0,2810.0,128.0,128.0,76.0,943.0,943.0,943.0
0.0,10984.0,2781.0,2829.0,2976.0,137.0,46.0,46.0,45.0,943.0,943.0,943.0,927.0,927.0,927.0,3644.0,3644.0,3696.0,46.0,46.0,45.0,943.0,943.0,943.0
0.0,11179.0,2818.0,2829.0,332.0,2623.0,857.0,857.0,909.0,943.0,943.0,943.0,939.0,939.0,940.0,3726.0,3726.0,3727.0,857.0,857.0,909.0,943.0,943.0,943.0
0.0,8693.0,2952.0,2832.0,137.0,5450.0,1799.0,1799.0,1852.0,944.0,944.0,944.0,984.0,984.0,984.0,2915.0,2915.0,2863.0,1799.0,1799.0,1852.0,944.0,944.0,944.0
0.0,5878.0,2745.0,2835.0,2623.0,5584.0,1861.0,1861.0,1862.0,945.0,945.0,945.0,915.0,915.0,915.0,1977.0,1977.0,1924.0,1861.0,1861.0,1862.0,945.0,945.0,945.0
0.0,5756.0,2821.0,2832.0,5450.0,2943.0,998.0,998.0,947.0,944.0,944.0,944.0,940.0,940.0,941.0,1919.0,1919.0,1918.0,998.0,998.0,947.0,944.0,944.0,944.0
0.0,8385.0,2749.0,2832.0,5584.0,108.0,53.0,53.0,2.0,944.0,944.0,944.0,916.0,916.0,917.0,2778.0,2778.0,2829.0,53.0,53.0,2.0,944.0,944.0,944.0
0.0,11220.0,2787.0,2832.0,2943.0,0.0,0.0,0.0,0.0,944.0,944.0,944.0,929.0,929.0,929.0,3723.0,3723.0,3774.0,0.0,0.0,0.0,944.0,944.0,944.0
0.0,11376.0,2910.0,2833.0,108.0,2758.0,901.0,901.0,956.0,944.0,944.0,945.0,970.0,970.0,970.0,3792.0,3792.0,3792.0,901.0,901.0,956.0,944.0,944.0,945.0
0.0,8574.0,2857.0,2835.0,0.0,5623.0,1857.0,1857.0,1909.0,945.0,945.0,945.0,952.0,952.0,953.0,2875.0,2875.0,2824.0,1857.0,1857.0,1909.0,945.0,945.0,945.0
0.0,5717.0,2910.0,2839.0,2758.0,5791.0,1930.0,1930.0,1931.0,946.0,946.0,947.0,970.0,970.0,970.0,1923.0,1923.0,1871.0,1930.0,1930.0,1931.0,946.0,946.0,947.0
0.0,5565.0,2725.0,2839.0,5623.0,2893.0,981.0,981.0,931.0,946.0,946.0,947.0,908.0,908.0,909.0,1854.0,1854.0,1857.0,981.0,981.0,931.0,946.0,946.0,947.0
0.0,8463.0,2727.0,2833.0,5791.0,0.0,0.0,0.0,0.0,944.0,944.0,945.0,909.0,909.0,909.0,2803.0,2803.0,2857.0,0.0,0.0,0.0,944.0,944.0,945.0
0.0,11527.0,2821.0,2836.0,2893.0,0.0,0.0,0.0,0.0,945.0,945.0,946.0,940.0,940.0,941.0,3824.0,3824.0,3879.0,0.0,0.0,0.0,945.0,945.0,946.0
0.0,11599.0,2934.0,2838.0,0.0,2687.0,897.0,897.0,893.0,946.0,946.0,946.0,978.0,978.0,978.0,3865.0,3865.0,3869.0,897.0,897.0,893.0,946.0,946.0,946.0
0.0,8665.0,2833.0,2836.0,0.0,5512.0,1837.0,1837.0,1838.0,945.0,945.0,946.0,944.0,944.0,945.0,2887.0,2887.0,2891.0,1837.0,1837.0,1838.0,945.0,945.0,946.0
0.0,5832.0,2884.0,2838.0,2687.0,5717.0,1905.0,1905.0,1907.0,946.0,946.0,946.0,961.0,961.0,962.0,1943.0,1943.0,1946.0,1905.0,1905.0,1907.0,946.0,946.0,946.0
0.0,5635.0,2838.0,2839.0,5512.0,3047.0,1014.0,1014.0,1019.0,946.0,946.0,947.0,946.0,946.0,946.0,1879.0,1879.0,1877.0,1014.0,1014.0,1019.0,946.0,946.0,947.0
0.0,8309.0,2922.0,2841.0,5717.0,260.0,87.0,87.0,86.0,947.0,947.0,947.0,974.0,974.0,974.0,2770.0,2770.0,2769.0,87.0,87.0,86.0,947.0,947.0,947.0
0.0,11104.0,2857.0,2841.0,3047.0,70.0,25.0,25.0,20.0,947.0,947.0,947.0,952.0,952.0,953.0,3701.0,3701.0,3702.0,25.0,25.0,20.0,947.0,947.0,947.0
0.0,11294.0,2907.0,2842.0,260.0,2721.0,907.0,907.0,907.0,947.0,947.0,948.0,969.0,969.0,969.0,3763.0,3763.0,3768.0,907.0,907.0,907.0,947.0,947.0,948.0
0.0,8647.0,2832.0,2841.0,70.0,5479.0,1826.0,1826.0,1827.0,947.0,947.0,947.0,944.0,944.0,944.0,2881.0,2881.0,2885.0,1826.0,1826.0,1827.0,947.0,947.0,947.0
0.0,5885.0,2919.0,2842.0,2721.0,5681.0,1892.0,1892.0,1897.0,947.0,947.0,948.0,973.0,973.0,973.0,1962.0,1962.0,1961.0,1892.0,1892.0,1897.0,947.0,947.0,948.0
0.0,5687.0,2919.0,2845.0,5479.0,3133.0,1043.0,1043.0,1047.0,948.0,948.0,949.0,973.0,973.0,973.0,1896.0,1896.0,1895.0,1043.0,1043.0,1047.0,948.0,948.0,949.0
0.0,8247.0,3046.0,2847.0,5681.0,506.0,170.0,170.0,166.0,949.0,949.0,949.0,1015.0,1015.0,1016.0,2749.0,2749.0,2749.0,170.0,170.0,166.0,949.0,949.0,949.0
0.0,10882.0,2929.0,2847.0,3133.0,302.0,103.0,103.0,96.0,949.0,949.0,949.0,976.0,976.0,977.0,3626.0,3626.0,3630.0,103.0,103.0,96.0,949.0,949.0,949.0
0.0,11086.0,2839.0,2845.0,506.0,2627.0,875.0,875.0,877.0,948.0,948.0,949.0,946.0,946.0,947.0,3693.0,3693.0,3700.0,875.0,875.0,877.0,948.0,948.0,949.0
0.0,8753.0,3042.0,2850.0,302.0,5387.0,1794.0,1794.0,1799.0,950.0,950.0,950.0,1014.0,1014.0,1014.0,2917.0,2917.0,2919.0,1794.0,1794.0,1799.0,950.0,950.0,950.0
0.0,6013.0,2980.0,2850.0,2627.0,5740.0,1912.0,1912.0,1916.0,950.0,950.0,950.0,993.0,993.0,994.0,2006.0,2006.0,2001.0,1912.0,1912.0,1916.0,950.0,950.0,950.0
0.0,5660.0,2935.0,2851.0,5387.0,3292.0,1096.0,1096.0,1100.0,950.0,950.0,951.0,978.0,978.0,979.0,1888.0,1888.0,1884.0,1096.0,1096.0,1100.0,950.0,950.0,951.0
0.0,8112.0,2917.0,2854.0,5740.0,481.0,160.0,160.0,161.0,951.0,951.0,952.0,972.0,972.0,973.0,2704.0,2704.0,2704.0,160.0,160.0,161.0,951.0,951.0,952.0
0.0,10935.0,3033.0,2856.0,3292.0,230.0,79.0,79.0,72.0,952.0,952.0,952.0,1011.0,1011.0,1011.0,3644.0,3644.0,3647.0,79.0,79.0,72.0,952.0,952.0,952.0
0.0,11194.0,3081.0,2859.0,481.0,2842.0,950.0,950.0,942.0,953.0,953.0,953.0,1027.0,1027.0,1027.0,3729.0,3729.0,3736.0,950.0,950.0,942.0,953.0,953.0,953.0
0.0,8594.0,2931.0,2860.0,230.0,5547.0,1848.0,1848.0,1851.0,953.0,953.0,954.0,977.0,977.0,977.0,2862.0,2862.0,2870.0,1848.0,1848.0,1851.0,953.0,953.0,954.0
0.0,5893.0,2922.0,2865.0,2842.0,5647.0,1880.0,1880.0,1887.0,955.0,955.0,955.0,974.0,974.0,974.0,1964.0,1964.0,1965.0,1880.0,1880.0,1887.0,955.0,955.0,955.0
0.0,5813.0,2862.0,2865.0,5547.0,2962.0,986.0,986.0,990.0,955.0,955.0,955.0,954.0,954.0,954.0,1940.0,1940.0,1933.0,986.0,986.0,990.0,955.0,955.0,955.0
0.0,8498.0,2920.0,2865.0,5647.0,235.0,79.0,79.0,77.0,955.0,955.0,955.0,973.0,973.0,974.0,2834.0,2834.0,2830.0,79.0,79.0,77.0,955.0,955.0,955.0
0.0,11225.0,2944.0,2868.0,2962.0,229.0,78.0,78.0,73.0,956.0,956.0,956.0,981.0,981.0,982.0,3741.0,3741.0,3743.0,78.0,78.0,73.0,956.0,956.0,956.0
0.0,11243.0,2862.0,2868.0,235.0,2856.0,953.0,953.0,950.0,956.0,956.0,956.0,954.0,954.0,954.0,3746.0,3746.0,3751.0,953.0,953.0,950.0,956.0,956.0,956.0
0.0,8616.0,2826.0,2868.0,229.0,5453.0,1817.0,1817.0,1819.0,956.0,956.0,956.0,942.0,942.0,942.0,2871.0,2871.0,2874.0,1817.0,1817.0,1819.0,956.0,956.0,956.0
0.0,6019.0,2901.0,2869.0,2856.0,5502.0,1831.0,1831.0,1840.0,956.0,956.0,957.0,967.0,967.0,967.0,2007.0,2007.0,2005.0,1831.0,1831.0,1840.0,956.0,956.0,957.0
0.0,5974.0,2952.0,2872.0,5453.0,3013.0,1002.0,1002.0,1009.0,957.0,957.0,958.0,984.0,984.0,984.0,1993.0,1993.0,1988.0,1002.0,1002.0,1009.0,957.0,957.0,958.0
0.0,8475.0,2866.0,2874.0,5502.0,385.0,130.0,130.0,125.0,958.0,958.0,958.0,955.0,955.0,956.0,2826.0,2826.0,2823.0,130.0,130.0,125.0,958.0,958.0,958.0
0.0,11111.0,2872.0,2874.0,3013.0,244.0,85.0,85.0,74.0,958.0,958.0,958.0,957.0,957.0,958.0,3702.0,3702.0,3707.0,85.0,85.0,74.0,958.0,958.0,958.0
0.0,11252.0,3006.0,2878.0,385.0,2881.0,961.0,961.0,959.0,959.0,959.0,960.0,1002.0,1002.0,1002.0,3747.0,3747.0,3758.0,961.0,961.0,959.0,959.0,959.0,960.0
0.0,8631.0,2893.0,2881.0,244.0,5542.0,1844.0,1844.0,1854.0,960.0,960.0,961.0,964.0,964.0,965.0,2875.0,2875.0,2881.0,1844.0,1844.0,1854.0,960.0,960.0,961.0
0.0,5982.0,2893.0,2883.0,2881.0,5562.0,1851.0,1851.0,1860.0,961.0,961.0,961.0,964.0,964.0,965.0,1996.0,1996.0,1990.0,1851.0,1851.0,1860.0,961.0,961.0,961.0
0.0,5970.0,2889.0,2883.0,5542.0,2909.0,970.0,970.0,969.0,961.0,961.0,961.0,963.0,963.0,963.0,1993.0,1993.0,1984.0,970.0,970.0,969.0,961.0,961.0,961.0
0.0,8623.0,2796.0,2883.0,5562.0,143.0,51.0,51.0,41.0,961.0,961.0,961.0,932.0,932.0,932.0,2874.0,2874.0,2875.0,51.0,51.0,41.0,961.0,961.0,961.0
0.0,11389.0,3078.0,2889.0,2909.0,336.0,115.0,115.0,106.0,963.0,963.0,963.0,1026.0,1026.0,1026.0,3793.0,3793.0,3803.0,115.0,115.0,106.0,963.0,963.0,963.0
0.0,11220.0,2967.0,2892.0,143.0,3172.0,1057.0,1057.0,1058.0,964.0,964.0,964.0,989.0,989.0,989.0,3737.0,3737.0,3746.0,1057.0,1057.0,1058.0,964.0,964.0,964.0
0.0,8396.0,2830.0,2892.0,336.0,5666.0,1885.0,1885.0,1896.0,964.0,964.0,964.0,943.0,943.0,944.0,2799.0,2799.0,2798.0,1885.0,1885.0,1896.0,964.0,964.0,964.0
0.0,5902.0,2914.0,2892.0,3172.0,5408.0,1799.0,1799.0,1810.0,964.0,964.0,964.0,971.0,971.0,972.0,1971.0,1971.0,1960.0,1799.0,1799.0,1810.0,964.0,964.0,964.0
0.0,6160.0,2898.0,2895.0,5666.0,2652.0,884.0,884.0,884.0,965.0,965.0,965.0,966.0,966.0,966.0,2057.0,2057.0,2046.0,884.0,884.0,884.0,965.0,965.0,965.0
0.0,8928.0,2896.0,2895.0,5408.0,140.0,50.0,50.0,40.0,965.0,965.0,965.0,965.0,965.0,966.0,2976.0,2976.0,2976.0,50.0,50.0,40.0,965.0,965.0,965.0
0.0,11440.0,2854.0,2893.0,2652.0,334.0,113.0,113.0,108.0,964.0,964.0,965.0,951.0,951.0,952.0,3810.0,3810.0,3820.0,113.0,113.0,108.0,964.0,964.0,965.0
0.0,11238.0,2899.0,2896.0,140.0,3105.0,1033.0,1033.0,1039.0,965.0,965.0,966.0,966.0,966.0,967.0,3743.0,3743.0,3752.0,1033.0,1033.0,1039.0,965.0,965.0,966.0
0.0,8479.0,2949.0,2899.0,334.0,5732.0,1907.0,1907.0,1918.0,966.0,966.0,967.0,983.0,983.0,983.0,2827.0,2827.0,2825.0,1907.0,1907.0,1918.0,966.0,966.0,967.0
0.0,5864.0,2952.0,2904.0,3105.0,5599.0,1866.0,1866.0,1867.0,968.0,968.0,968.0,984.0,984.0,984.0,1957.0,1957.0,1950.0,1866.0,1866.0,1867.0,968.0,968.0,968.0
0.0,6017.0,2958.0,2907.0,5732.0,2837.0,949.0,949.0,939.0,969.0,969.0,969.0,986.0,986.0,986.0,2006.0,2006.0,2005.0,949.0,949.0,939.0,969.0,969.0,969.0
0.0,8791.0,2949.0,2907.0,5599.0,187.0,66.0,66.0,55.0,969.0,969.0,969.0,983.0,983.0,983.0,2927.0,2927.0,2937.0,66.0,66.0,55.0,969.0,969.0,969.0
0.0,11441.0,2997.0,2910.0,2837.0,359.0,120.0,120.0,119.0,970.0,970.0,970.0,999.0,999.0,999.0,3810.0,3810.0,3821.0,120.0,120.0,119.0,970.0,970.0,970.0
0.0,11281.0,2916.0,2910.0,187.0,3088.0,1026.0,1026.0,1036.0,970.0,970.0,970.0,972.0,972.0,972.0,3760.0,3760.0,3761.0,1026.0,1026.0,1036.0,970.0,970.0,970.0
0.0,8552.0,2905.0,2913.0,359.0,5646.0,1878.0,1878.0,1890.0,971.0,971.0,971.0,968.0,968.0,969.0,2854.0,2854.0,2844.0,1878.0,1878.0,1890.0,971.0,971.0,971.0
0.0,6006.0,2863.0,2916.0,3088.0,5433.0,1810.0,1810.0,1813.0,972.0,972.0,972.0,954.0,954.0,955.0,2006.0,2006.0,1994.0,1810.0,1810.0,1813.0,972.0,972.0,972.0
0.0,6231.0,3019.0,2920.0,5646.0,2822.0,942.0,942.0,938.0,973.0,973.0,974.0,1006.0,1006.0,1007.0,2078.0,2078.0,2075.0,942.0,942.0,938.0,973.0,973.0,974.0
0.0,8858.0,3085.0,2923.0,5433.0,486.0,164.0,164.0,158.0,974.0,974.0,975.0,1028.0,1028.0,1029.0,2950.0,2950.0,2958.0,164.0,164.0,158.0,974.0,974.0,975.0
0.0,11206.0,3055.0,2926.0,2822.0,731.0,244.0,244.0,243.0,975.0,975.0,976.0,1018.0,1018.0,1019.0,3732.0,3732.0,3742.0,244.0,244.0,243.0,975.0,975.0,976.0
0.0,10973.0,3066.0,2931.0,486.0,3331.0,1110.0,1110.0,1111.0,977.0,977.0,977.0,1022.0,1022.0,1022.0,3656.0,3656.0,3661.0,1110.0,1110.0,1111.0,977.0,977.0,977.0
0.0,8393.0,3090.0,2935.0,731.0,5706.0,1900.0,1900.0,1906.0,978.0,978.0,979.0,1030.0,1030.0,1030.0,2798.0,2798.0,2797.0,1900.0,1900.0,1906.0,978.0,978.0,979.0
0.0,6034.0,2934.0,2935.0,3331.0,5309.0,1768.0,1768.0,1773.0,978.0,978.0,979.0,978.0,978.0,978.0,2012.0,2012.0,2010.0,1768.0,1768.0,1773.0,978.0,978.0,979.0
0.0,6431.0,2919.0,2937.0,5706.0,2530.0,845.0,845.0,840.0,979.0,979.0,979.0,973.0,973.0,973.0,2144.0,2144.0,2143.0,845.0,845.0,840.0,979.0,979.0,979.0
0.0,9218.0,2908.0,2937.0,5309.0,129.0,46.0,46.0,37.0,979.0,979.0,979.0,969.0,969.0,970.0,3071.0,3071.0,3076.0,46.0,46.0,37.0,979.0,979.0,979.0
0.0,11619.0,2893.0,2938.0,2530.0,496.0,165.0,165.0,166.0,979.0,979.0,980.0,964.0,964.0,965.0,3870.0,3870.0,3879.0,165.0,165.0,166.0,979.0,979.0,980.0
0.0,11256.0,3024.0,2940.0,129.0,3399.0,1131.0,1131.0,1137.0,980.0,980.0,980.0,1008.0,1008.0,1008.0,3751.0,3751.0,3754.0,1131.0,1131.0,1137.0,980.0,980.0,980.0
0.0,8361.0,3043.0,2943.0,496.0,5958.0,1984.0,1984.0,1990.0,981.0,981.0,981.0,1014.0,1014.0,1015.0,2789.0,2789.0,2783.0,1984.0,1984.0,1990.0,981.0,981.0,981.0
0.0,5814.0,3028.0,2941.0,3399.0,5579.0,1858.0,1858.0,1863.0,980.0,980.0,981.0,1009.0,1009.0,1010.0,1940.0,1940.0,1934.0,1858.0,1858.0,1863.0,980.0,980.0,981.0
0.0,6185.0,3078.0,2944.0,5958.0,2711.0,904.0,904.0,903.0,981.0,981.0,982.0,1026.0,1026.0,1026.0,2062.0,2062.0,2061.0,904.0,904.0,903.0,981.0,981.0,982.0
0.0,9065.0,2926.0,2946.0,5579.0,66.0,25.0,25.0,16.0,982.0,982.0,982.0,975.0,975.0,976.0,3020.0,3020.0,3025.0,25.0,25.0,16.0,982.0,982.0,982.0
0.0,11718.0,2901.0,2944.0,2711.0,248.0,84.0,84.0,80.0,981.0,981.0,982.0,967.0,967.0,967.0,3903.0,3903.0,3912.0,84.0,84.0,80.0,981.0,981.0,982.0
0.0,11528.0,3117.0,2946.0,66.0,3307.0,1102.0,1102.0,1103.0,982.0,982.0,982.0,1039.0,1039.0,1039.0,3840.0,3840.0,3848.0,1102.0,1102.0,1103.0,982.0,982.0,982.0
0.0,8477.0,2982.0,2947.0,248.0,6045.0,2012.0,2012.0,2021.0,982.0,982.0,983.0,994.0,994.0,994.0,2826.0,2826.0,2825.0,2012.0,2012.0,2021.0,982.0,982.0,983.0
0.0,5743.0,3015.0,2949.0,3307.0,5761.0,1919.0,1919.0,1923.0,983.0,983.0,983.0,1005.0,1005.0,1005.0,1916.0,1916.0,1911.0,1919.0,1919.0,1923.0,983.0,983.0,983.0
0.0,6035.0,3118.0,2950.0,6045.0,2838.0,946.0,946.0,946.0,983.0,983.0,984.0,1039.0,1039.0,1040.0,2013.0,2013.0,2009.0,946.0,946.0,946.0,983.0,983.0,984.0
0.0,8962.0,2994.0,2949.0,5761.0,67.0,25.0,25.0,17.0,983.0,983.0,983.0,998.0,998.0,998.0,2986.0,2986.0,2990.0,25.0,25.0,17.0,983.0,983.0,983.0
0.0,11729.0,3007.0,2950.0,2838.0,240.0,81.0,81.0,78.0,983.0,983.0,984.0,1002.0,1002.0,1003.0,3907.0,3907.0,3915.0,81.0,81.0,78.0,983.0,983.0,984.0
0.0,11560.0,3109.0,2955.0,67.0,3302.0,1100.0,1100.0,1102.0,985.0,985.0,985.0,1036.0,1036.0,1037.0,3851.0,3851.0,3858.0,1100.0,1100.0,1102.0,985.0,985.0,985.0
0.0,8518.0,2910.0,2955.0,240.0,5972.0,1989.0,1989.0,1994.0,985.0,985.0,985.0,970.0,970.0,970.0,2840.0,2840.0,2838.0,1989.0,1989.0,1994.0,985.0,985.0,985.0
0.0,5848.0,2934.0,2955.0,3302.0,5604.0,1867.0,1867.0,1870.0,985.0,985.0,985.0,978.0,978.0,978.0,1951.0,1951.0,1946.0,1867.0,1867.0,1870.0,985.0,985.0,985.0
0.0,6216.0,3090.0,2958.0,5972.0,2734.0,912.0,912.0,910.0,986.0,986.0,986.0,1030.0,1030.0,1030.0,2073.0,2073.0,2070.0,912.0,912.0,910.0,986.0,986.0,986.0
0.0,9098.0,3066.0,2962.0,5604.0,212.0,71.0,71.0,70.0,987.0,987.0,988.0,1022.0,1022.0,1022.0,3032.0,3032.0,3034.0,71.0,71.0,70.0,987.0,987.0,988.0
0.0,11636.0,2952.0,2964.0,2734.0,438.0,147.0,147.0,144.0,988.0,988.0,988.0,984.0,984.0,984.0,3877.0,3877.0,3882.0,147.0,147.0,144.0,988.0,988.0,988.0
0.0,11418.0,3034.0,2967.0,212.0,3272.0,1091.0,1091.0,1090.0,989.0,989.0,989.0,1011.0,1011.0,1012.0,3805.0,3805.0,3808.0,1091.0,1091.0,1090.0,989.0,989.0,989.0
0.0,8596.0,2962.0,2967.0,438.0,5796.0,1931.0,1931.0,1934.0,989.0,989.0,989.0,987.0,987.0,988.0,2865.0,2865.0,2866.0,1931.0,1931.0,1934.0,989.0,989.0,989.0
0.0,6072.0,3064.0,2971.0,3272.0,5604.0,1865.0,1865.0,1874.0,990.0,990.0,991.0,1021.0,1021.0,1022.0,2025.0,2025.0,2022.0,1865.0,1865.0,1874.0,990.0,990.0,991.0
0.0,6280.0,3015.0,2974.0,5796.0,2835.0,943.0,943.0,949.0,991.0,991.0,992.0,1005.0,1005.0,1005.0,2095.0,2095.0,2090.0,943.0,943.0,949.0,991.0,991.0,992.0
0.0,9061.0,3018.0,2974.0,5604.0,249.0,84.0,84.0,81.0,991.0,991.0,992.0,1006.0,1006.0,1006.0,3021.0,3021.0,3019.0,84.0,84.0,81.0,991.0,991.0,992.0
0.0,11647.0,2952.0,2976.0,2835.0,374.0,129.0,129.0,116.0,992.0,992.0,992.0,984.0,984.0,984.0,3880.0,3880.0,3887.0,129.0,129.0,116.0,992.0,992.0,992.0
0.0,11530.0,2877.0,2976.0,249.0,3002.0,1004.0,1004.0,994.0,992.0,992.0,992.0,959.0,959.0,959.0,3839.0,3839.0,3852.0,1004.0,1004.0,994.0,992.0,992.0,992.0
0.0,8902.0,2983.0,2977.0,374.0,5615.0,1869.0,1869.0,1877.0,992.0,992.0,993.0,994.0,994.0,995.0,2964.0,2964.0,2974.0,1869.0,1869.0,1877.0,992.0,992.0,993.0
0.0,6293.0,2931.0,2979.0,3002.0,5552.0,1846.0,1846.0,1860.0,993.0,993.0,993.0,977.0,977.0,977.0,2099.0,2099.0,2095.0,1846.0,1846.0,1860.0,993.0,993.0,993.0
0.0,6364.0,2917.0,2976.0,5615.0,2842.0,945.0,945.0,952.0,992.0,992.0,992.0,972.0,972.0,973.0,2126.0,2126.0,2112.0,945.0,945.0,952.0,992.0,992.0,992.0
0.0,9062.0,2896.0,2974.0,5552.0,178.0,60.0,60.0,58.0,991.0,991.0,992.0,965.0,965.0,966.0,3023.0,3023.0,3016.0,60.0,60.0,58.0,991.0,991.0,992.0
0.0,11718.0,3103.0,2980.0,2842.0,463.0,157.0,157.0,149.0,993.0,993.0,994.0,1034.0,1034.0,1035.0,3904.0,3904.0,3910.0,157.0,157.0,149.0,993.0,993.0,994.0
0.0,11457.0,2986.0,2982.0,178.0,3279.0,1096.0,1096.0,1087.0,994.0,994.0,994.0,995.0,995.0,996.0,3815.0,3815.0,3827.0,1096.0,1096.0,1087.0,994.0,994.0,994.0
0.0,8649.0,3043.0,2985.0,463.0,5871.0,1957.0,1957.0,1957.0,995.0,995.0,995.0,1014.0,1014.0,1015.0,2880.0,2880.0,2889.0,1957.0,1957.0,1957.0,995.0,995.0,995.0
0.0,6069.0,2872.0,2983.0,3279.0,5456.0,1814.0,1814.0,1828.0,994.0,994.0,995.0,957.0,957.0,958.0,2023.0,2023.0,2023.0,1814.0,1814.0,1828.0,994.0,994.0,995.0
0.0,6476.0,2988.0,2986.0,5871.0,2585.0,857.0,857.0,871.0,995.0,995.0,996.0,996.0,996.0,996.0,2162.0,2162.0,2152.0,857.0,857.0,871.0,995.0,995.0,996.0
0.0,9359.0,2875.0,2986.0,5456.0,4.0,1.0,1.0,2.0,995.0,995.0,996.0,958.0,958.0,959.0,3123.0,3123.0,3113.0,1.0,1.0,2.0,995.0,995.0,996.0
0.0,11940.0,2926.0,2985.0,2585.0,341.0,119.0,119.0,103.0,995.0,995.0,995.0,975.0,975.0,976.0,3979.0,3979.0,3982.0,119.0,119.0,103.0,995.0,995.0,995.0
0.0,11599.0,3081.0,2988.0,4.0,3430.0,1149.0,1149.0,1132.0,996.0,996.0,996.0,1027.0,1027.0,1027.0,3861.0,3861.0,3877.0,1149.0,1149.0,1132.0,996.0,996.0,996.0
0.0,8522.0,2926.0,2988.0,341.0,6015.0,2005.0,2005.0,2005.0,996.0,996.0,996.0,975.0,975.0,976.0,2835.0,2835.0,2852.0,2005.0,2005.0,2005.0,996.0,996.0,996.0
0.0,5937.0,2938.0,2988.0,3430.0,5523.0,1835.0,1835.0,1853.0,996.0,996.0,996.0,979.0,979.0,980.0,1979.0,1979.0,1979.0,1835.0,1835.0,1853.0,996.0,996.0,996.0
0.0,6429.0,2986.0,2986.0,6015.0,2486.0,821.0,821.0,844.0,995.0,995.0,996.0,995.0,995.0,996.0,2149.0,2149.0,2131.0,821.0,821.0,844.0,995.0,995.0,996.0
0.0,9458.0,2997.0,2989.0,5523.0,0.0,0.0,0.0,0.0,996.0,996.0,997.0,999.0,999.0,999.0,3159.0,3159.0,3140.0,0.0,0.0,0.0,996.0,996.0,997.0
0.0,11984.0,2970.0,2989.0,2486.0,456.0,158.0,158.0,140.0,996.0,996.0,997.0,990.0,990.0,990.0,3995.0,3995.0,3994.0,158.0,158.0,140.0,996.0,996.0,997.0
0.0,11500.0,3018.0,2992.0,0.0,3486.0,1168.0,1168.0,1150.0,997.0,997.0,998.0,1006.0,1006.0,1006.0,3826.0,3826.0,3848.0,1168.0,1168.0,1150.0,997.0,997.0,998.0
0.0,8482.0,3088.0,2994.0,456.0,6126.0,2043.0,2043.0,2040.0,998.0,998.0,998.0,1029.0,1029.0,1030.0,2820.0,2820.0,2842.0,2043.0,2043.0,2040.0,998.0,998.0,998.0
0.0,5850.0,3037.0,2994.0,3486.0,5677.0,1887.0,1887.0,1903.0,998.0,998.0,998.0,1012.0,1012.0,1013.0,1949.0,1949.0,1952.0,1887.0,1887.0,1903.0,998.0,998.0,998.0
0.0,6299.0,3058.0,2994.0,6126.0,2609.0,863.0,863.0,883.0,998.0,998.0,998.0,1019.0,1019.0,1020.0,2105.0,2105.0,2089.0,863.0,863.0,883.0,998.0,998.0,998.0
0.0,9367.0,3162.0,2995.0,5677.0,98.0,30.0,30.0,38.0,998.0,998.0,999.0,1054.0,1054.0,1054.0,3129.0,3129.0,3109.0,30.0,30.0,38.0,998.0,998.0,999.0
0.0,11882.0,3015.0,2994.0,2609.0,500.0,172.0,172.0,156.0,998.0,998.0,998.0,1005.0,1005.0,1005.0,3962.0,3962.0,3958.0,172.0,172.0,156.0,998.0,998.0,998.0
0.0,11476.0,3078.0,2997.0,98.0,3492.0,1172.0,1172.0,1148.0,999.0,999.0,999.0,1026.0,1026.0,1026.0,3820.0,3820.0,3836.0,1172.0,1172.0,1148.0,999.0,999.0,999.0
0.0,8496.0,3033.0,2998.0,500.0,6029.0,2011.0,2011.0,2007.0,999.0,999.0,1000.0,1011.0,1011.0,1011.0,2824.0,2824.0,2848.0,2011.0,2011.0,2007.0,999.0,999.0,1000.0
0.0,5963.0,3145.0,3003.0,3492.0,5702.0,1895.0,1895.0,1912.0,1001.0,1001.0,1001.0,1048.0,1048.0,1049.0,1985.0,1985.0,1993.0,1895.0,1895.0,1912.0,1001.0,1001.0,1001.0
0.0,6310.0,3025.0,3006.0,6029.0,2710.0,896.0,896.0,918.0,1002.0,1002.0,1002.0,1008.0,1008.0,1009.0,2109.0,2109.0,2092.0,896.0,896.0,918.0,1002.0,1002.0,1002.0
0.0,9314.0,3006.0,3006.0,5702.0,14.0,3.0,3.0,8.0,1002.0,1002.0,1002.0,1002.0,1002.0,1002.0,3112.0,3112.0,3090.0,3.0,3.0,8.0,1002.0,1002.0,1002.0
0.0,12010.0,3115.0,3007.0,2710.0,423.0,145.0,145.0,133.0,1002.0,1002.0,1003.0,1038.0,1038.0,1039.0,4005.0,4005.0,4000.0,145.0,145.0,133.0,1002.0,1002.0,1003.0
0.0,11605.0,3078.0,3007.0,14.0,3487.0,1168.0,1168.0,1151.0,1002.0,1002.0,1003.0,1026.0,1026.0,1026.0,3863.0,3863.0,3879.0,1168.0,1168.0,1151.0,1002.0,1002.0,1003.0
0.0,8541.0,3184.0,3010.0,423.0,6260.0,2088.0,2088.0,2084.0,1003.0,1003.0,1004.0,1061.0,1061.0,1062.0,2840.0,2840.0,2861.0,2088.0,2088.0,2084.0,1003.0,1003.0,1004.0
0.0,5780.0,2950.0,3010.0,3487.0,5723.0,1903.0,1903.0,1917.0,1003.0,1003.0,1004.0,983.0,983.0,984.0,1924.0,1924.0,1932.0,1903.0,1903.0,1917.0,1003.0,1003.0,1004.0
0.0,6317.0,3225.0,3016.0,6260.0,2712.0,898.0,898.0,916.0,1005.0,1005.0,1006.0,1075.0,1075.0,1075.0,2109.0,2109.0,2099.0,898.0,898.0,916.0,1005.0,1005.0,1006.0
0.0,9352.0,3207.0,3018.0,5723.0,204.0,68.0,68.0,68.0,1006.0,1006.0,1006.0,1069.0,1069.0,1069.0,3122.0,3122.0,3108.0,68.0,68.0,68.0,1006.0,1006.0,1006.0
0.0,11868.0,3156.0,3021.0,2712.0,660.0,226.0,226.0,208.0,1007.0,1007.0,1007.0,1052.0,1052.0,1052.0,3956.0,3956.0,3956.0,226.0,226.0,208.0,1007.0,1007.0,1007.0
0.0,11424.0,3100.0,3024.0,204.0,3568.0,1195.0,1195.0,1178.0,1008.0,1008.0,1008.0,1033.0,1033.0,1034.0,3802.0,3802.0,3820.0,1195.0,1195.0,1178.0,1008.0,1008.0,1008.0
0.0,8528.0,3192.0,3024.0,660.0,6100.0,2033.0,2033.0,2034.0,1008.0,1008.0,1008.0,1064.0,1064.0,1064.0,2837.0,2837.0,2854.0,2033.0,2033.0,2034.0,1008.0,1008.0,1008.0
0.0,5996.0,3144.0,3027.0,3568.0,5688.0,1890.0,1890.0,1908.0,1009.0,1009.0,1009.0,1048.0,1048.0,1048.0,1999.0,1999.0,1998.0,1890.0,1890.0,1908.0,1009.0,1009.0,1009.0
0.0,6420.0,2986.0,3027.0,6100.0,2574.0,852.0,852.0,870.0,1009.0,1009.0,1009.0,995.0,995.0,996.0,2146.0,2146.0,2128.0,852.0,852.0,870.0,1009.0,1009.0,1009.0
0.0,9534.0,3022.0,3025.0,5688.0,0.0,0.0,0.0,0.0,1008.0,1008.0,1009.0,1007.0,1007.0,1008.0,3184.0,3184.0,3166.0,0.0,0.0,0.0,1008.0,1008.0,1009.0
0.0,12200.0,2961.0,3027.0,2574.0,295.0,104.0,104.0,87.0,1009.0,1009.0,1009.0,987.0,987.0,987.0,4067.0,4067.0,4066.0,104.0,104.0,87.0,1009.0,1009.0,1009.0
0.0,11813.0,3034.0,3028.0,0.0,3333.0,1115.0,1115.0,1103.0,1009.0,1009.0,1010.0,1011.0,1011.0,1012.0,3932.0,3932.0,3949.0,1115.0,1115.0,1103.0,1009.0,1009.0,1010.0
0.0,8779.0,3079.0,3028.0,295.0,6117.0,2037.0,2037.0,2043.0,1009.0,1009.0,1010.0,1026.0,1026.0,1027.0,2921.0,2921.0,2937.0,2037.0,2037.0,2043.0,1009.0,1009.0,1010.0
0.0,5995.0,3087.0,3028.0,3333.0,5871.0,1951.0,1951.0,1969.0,1009.0,1009.0,1010.0,1029.0,1029.0,1029.0,1999.0,1999.0,1997.0,1951.0,1951.0,1969.0,1009.0,1009.0,1010.0
0.0,6241.0,3108.0,3031.0,6117.0,2874.0,954.0,954.0,966.0,1010.0,1010.0,1011.0,1036.0,1036.0,1036.0,2085.0,2085.0,2071.0,954.0,954.0,966.0,1010.0,1010.0,1011.0
0.0,9250.0,2997.0,3031.0,5871.0,4.0,2.0,2.0,0.0,1010.0,1010.0,1011.0,999.0,999.0,999.0,3086.0,3086.0,3078.0,2.0,2.0,0.0,1010.0,1010.0,1011.0
0.0,12124.0,2967.0,3031.0,2874.0,93.0,37.0,37.0,19.0,1010.0,1010.0,1011.0,989.0,989.0,989.0,4038.0,4038.0,4048.0,37.0,37.0,19.0,1010.0,1010.0,1011.0
0.0,12031.0,3018.0,3030.0,4.0,3103.0,1041.0,1041.0,1021.0,1010.0,1010.0,1010.0,1006.0,1006.0,1006.0,4003.0,4003.0,4025.0,1041.0,1041.0,1021.0,1010.0,1010.0,1010.0
0.0,9017.0,3171.0,3033.0,93.0,6193.0,2065.0,2065.0,2063.0,1011.0,1011.0,1011.0,1057.0,1057.0,1057.0,2999.0,2999.0,3019.0,2065.0,2065.0,2063.0,1011.0,1011.0,1011.0
0.0,5939.0,3045.0,3033.0,3103.0,6135.0,2039.0,2039.0,2057.0,1011.0,1011.0,1011.0,1015.0,1015.0,1015.0,1979.0,1979.0,1981.0,2039.0,2039.0,2057.0,1011.0,1011.0,1011.0
0.0,5997.0,3054.0,3036.0,6193.0,3008.0,996.0,996.0,1016.0,1012.0,1012.0,1012.0,1018.0,1018.0,1018.0,2005.0,2005.0,1987.0,996.0,996.0,1016.0,1012.0,1012.0,1012.0
0.0,9136.0,2961.0,3037.0,6135.0,0.0,0.0,0.0,0.0,1012.0,1012.0,1013.0,987.0,987.0,987.0,3052.0,3052.0,3032.0,0.0,0.0,0.0,1012.0,1012.0,1013.0
0.0,12310.0,2965.0,3037.0,3008.0,0.0,0.0,0.0,0.0,1012.0,1012.0,1013.0,988.0,988.0,989.0,4104.0,4104.0,4102.0,0.0,0.0,0.0,1012.0,1012.0,1013.0
0.0,12353.0,3127.0,3040.0,0.0,2934.0,982.0,982.0,970.0,1013.0,1013.0,1014.0,1042.0,1042.0,1043.0,4112.0,4112.0,4129.0,982.0,982.0,970.0,1013.0,1013.0,1014.0
0.0,9226.0,3069.0,3043.0,0.0,6015.0,2009.0,2009.0,1997.0,1014.0,1014.0,1015.0,1023.0,1023.0,1023.0,3070.0,3070.0,3086.0,2009.0,2009.0,1997.0,1014.0,1014.0,1015.0
0.0,6157.0,2998.0,3045.0,2934.0,6087.0,2030.0,2030.0,2027.0,1015.0,1015.0,1015.0,999.0,999.0,1000.0,2047.0,2047.0,2063.0,2030.0,2030.0,2027.0,1015.0,1015.0,1015.0
0.0,6093.0,2986.0,3043.0,6015.0,3050.0,1012.0,1012.0,1026.0,1014.0,1014.0,1015.0,995.0,995.0,996.0,2030.0,2030.0,2033.0,1012.0,1012.0,1026.0,1014.0,1014.0,1015.0
0.0,9122.0,3072.0,3045.0,6087.0,43.0,10.0,10.0,23.0,1015.0,1015.0,1015.0,1024.0,1024.0,1024.0,3044.0,3044.0,3034.0,10.0,10.0,23.0,1015.0,1015.0,1015.0
0.0,12137.0,3111.0,3046.0,3050.0,108.0,35.0,35.0,38.0,1015.0,1015.0,1016.0,1037.0,1037.0,1037.0,4050.0,4050.0,4037.0,35.0,35.0,38.0,1015.0,1015.0,1016.0
0.0,12076.0,3019.0,3049.0,43.0,3096.0,1035.0,1035.0,1026.0,1016.0,1016.0,1017.0,1006.0,1006.0,1007.0,4025.0,4025.0,4026.0,1035.0,1035.0,1026.0,1016.0,1016.0,1017.0
0.0,9100.0,2980.0,3049.0,108.0,5968.0,1993.0,1993.0,1982.0,1016.0,1016.0,1017.0,993.0,993.0,994.0,3029.0,3029.0,3042.0,1993.0,1993.0,1982.0,1016.0,1016.0,1017.0
0.0,6228.0,3073.0,3052.0,3096.0,5957.0,1986.0,1986.0,1985.0,1017.0,1017.0,1018.0,1024.0,1024.0,1025.0,2071.0,2071.0,2086.0,1986.0,1986.0,1985.0,1017.0,1017.0,1018.0
0.0,6251.0,3111.0,3057.0,5968.0,3120.0,1038.0,1038.0,1044.0,1019.0,1019.0,1019.0,1037.0,1037.0,1037.0,2082.0,2082.0,2087.0,1038.0,1038.0,1044.0,1019.0,1019.0,1019.0
0.0,9108.0,3084.0,3057.0,5957.0,247.0,80.0,80.0,87.0,1019.0,1019.0,1019.0,1028.0,1028.0,1028.0,3038.0,3038.0,3032.0,80.0,80.0,87.0,1019.0,1019.0,1019.0
0.0,11981.0,3081.0,3060.0,3120.0,220.0,73.0,73.0,74.0,1020.0,1020.0,1020.0,1027.0,1027.0,1027.0,3996.0,3996.0,3989.0,73.0,73.0,74.0,1020.0,1020.0,1020.0
0.0,12020.0,3057.0,3061.0,247.0,3034.0,1012.0,1012.0,1010.0,1020.0,1020.0,1021.0,1019.0,1019.0,1019.0,4007.0,4007.0,4006.0,1012.0,1012.0,1010.0,1020.0,1020.0,1021.0
0.0,9210.0,3108.0,3064.0,220.0,5934.0,1979.0,1979.0,1976.0,1021.0,1021.0,1022.0,1036.0,1036.0,1036.0,3068.0,3068.0,3074.0,1979.0,1979.0,1976.0,1021.0,1021.0,1022.0
0.0,6322.0,3120.0,3066.0,3034.0,6028.0,2011.0,2011.0,2006.0,1022.0,1022.0,1022.0,1040.0,1040.0,1040.0,2105.0,2105.0,2112.0,2011.0,2011.0,2006.0,1022.0,1022.0,1022.0
0.0,6236.0,3078.0,3069.0,5934.0,3184.0,1062.0,1062.0,1060.0,1023.0,1023.0,1023.0,1026.0,1026.0,1026.0,2077.0,2077.0,2082.0,1062.0,1062.0,1060.0,1023.0,1023.0,1023.0
0.0,9092.0,3076.0,3069.0,6028.0,232.0,76.0,76.0,80.0,1023.0,1023.0,1023.0,1025.0,1025.0,1026.0,3030.0,3030.0,3032.0,76.0,76.0,80.0,1023.0,1023.0,1023.0
0.0,12044.0,3147.0,3070.0,3184.0,199.0,63.0,63.0,73.0,1023.0,1023.0,1024.0,1049.0,1049.0,1049.0,4016.0,4016.0,4012.0,63.0,63.0,73.0,1023.0,1023.0,1024.0
0.0,12081.0,3124.0,3072.0,232.0,3099.0,1032.0,1032.0,1035.0,1024.0,1024.0,1024.0,1041.0,1041.0,1042.0,4029.0,4029.0,4023.0,1032.0,1032.0,1035.0,1024.0,1024.0,1024.0
0.0,9189.0,3141.0,3073.0,199.0,6045.0,2016.0,2016.0,2013.0,1024.0,1024.0,1025.0,1047.0,1047.0,1047.0,3064.0,3064.0,3061.0,2016.0,2016.0,2013.0,1024.0,1024.0,1025.0
0.0,6247.0,3117.0,3073.0,3099.0,6063.0,2023.0,2023.0,2017.0,1024.0,1024.0,1025.0,1039.0,1039.0,1039.0,2080.0,2080.0,2087.0,2023.0,2023.0,2017.0,1024.0,1024.0,1025.0
0.0,6229.0,3202.0,3076.0,6045.0,3232.0,1078.0,1078.0,1076.0,1025.0,1025.0,1026.0,1067.0,1067.0,1068.0,2073.0,2073.0,2083.0,1078.0,1078.0,1076.0,1025.0,1025.0,1026.0
0.0,9072.0,3021.0,3075.0,6063.0,186.0,62.0,62.0,62.0,1025.0,1025.0,1025.0,1007.0,1007.0,1007.0,3022.0,3022.0,3028.0,62.0,62.0,62.0,1025.0,1025.0,1025.0
0.0,12114.0,3238.0,3079.0,3232.0,208.0,67.0,67.0,74.0,1026.0,1026.0,1027.0,1079.0,1079.0,1080.0,4038.0,4038.0,4038.0,67.0,67.0,74.0,1026.0,1026.0,1027.0
0.0,12108.0,3099.0,3078.0,186.0,3117.0,1038.0,1038.0,1041.0,1026.0,1026.0,1026.0,1033.0,1033.0,1033.0,4037.0,4037.0,4034.0,1038.0,1038.0,1041.0,1026.0,1026.0,1026.0
0.0,9195.0,3079.0,3079.0,208.0,5992.0,1997.0,1997.0,1998.0,1026.0,1026.0,1027.0,1026.0,1026.0,1027.0,3066.0,3066.0,3063.0,1997.0,1997.0,1998.0,1026.0,1026.0,1027.0
0.0,6324.0,3120.0,3081.0,3117.0,6003.0,2003.0,2003.0,1997.0,1027.0,1027.0,1027.0,1040.0,1040.0,1040.0,2107.0,2107.0,2110.0,2003.0,2003.0,1997.0,1027.0,1027.0,1027.0
0.0,6321.0,3166.0,3082.0,5992.0,3181.0,1061.0,1061.0,1059.0,1027.0,1027.0,1028.0,1055.0,1055.0,1056.0,2105.0,2105.0,2111.0,1061.0,1061.0,1059.0,1027.0,1027.0,1028.0
0.0,9147.0,3217.0,3085.0,6003.0,407.0,134.0,134.0,139.0,1028.0,1028.0,1029.0,1072.0,1072.0,1073.0,3047.0,3047.0,3053.0,134.0,134.0,139.0,1028.0,1028.0,1029.0
0.0,11933.0,3135.0,3084.0,3181.0,357.0,118.0,118.0,121.0,1028.0,1028.0,1028.0,1045.0,1045.0,1045.0,3978.0,3978.0,3977.0,118.0,118.0,121.0,1028.0,1028.0,1028.0
0.0,11979.0,3252.0,3090.0,407.0,3226.0,1076.0,1076.0,1074.0,1030.0,1030.0,1030.0,1084.0,1084.0,1084.0,3994.0,3994.0,3991.0,1076.0,1076.0,1074.0,1030.0,1030.0,1030.0
0.0,9134.0,3223.0,3090.0,357.0,6092.0,2032.0,2032.0,2028.0,1030.0,1030.0,1030.0,1074.0,1074.0,1075.0,3044.0,3044.0,3046.0,2032.0,2032.0,2028.0,1030.0,1030.0,1030.0
0.0,6268.0,3151.0,3090.0,3226.0,6017.0,2006.0,2006.0,2005.0,1030.0,1030.0,1030.0,1050.0,1050.0,1051.0,2088.0,2088.0,2092.0,2006.0,2006.0,2005.0,1030.0,1030.0,1030.0
0.0,6343.0,3133.0,3088.0,6092.0,3050.0,1014.0,1014.0,1022.0,1029.0,1029.0,1030.0,1044.0,1044.0,1045.0,2114.0,2114.0,2115.0,1014.0,1014.0,1022.0,1029.0,1029.0,1030.0
0.0,9302.0,3111.0,3088.0,6017.0,144.0,45.0,45.0,54.0,1029.0,1029.0,1030.0,1037.0,1037.0,1037.0,3102.0,3102.0,3098.0,45.0,45.0,54.0,1029.0,1029.0,1030.0
0.0,12208.0,3163.0,3088.0,3050.0,257.0,85.0,85.0,87.0,1029.0,1029.0,1030.0,1054.0,1054.0,1055.0,4071.0,4071.0,4066.0,85.0,85.0,87.0,1029.0,1029.0,1030.0
0.0,12095.0,3157.0,3088.0,144.0,3270.0,1092.0,1092.0,1086.0,1029.0,1029.0,1030.0,1052.0,1052.0,1053.0,4031.0,4031.0,4033.0,1092.0,1092.0,1086.0,1029.0,1029.0,1030.0
0.0,9082.0,3075.0,3090.0,257.0,6096.0,2036.0,2036.0,2024.0,1030.0,1030.0,1030.0,1025.0,1025.0,1025.0,3024.0,3024.0,3034.0,2036.0,2036.0,2024.0,1030.0,1030.0,1030.0
0.0,6264.0,3072.0,3091.0,3270.0,5902.0,1968.0,1968.0,1966.0,1030.0,1030.0,1031.0,1024.0,1024.0,1024.0,2084.0,2084.0,2096.0,1968.0,1968.0,1966.0,1030.0,1030.0,1031.0
0.0,6462.0,3300.0,3097.0,6096.0,3130.0,1040.0,1040.0,1050.0,1032.0,1032.0,1033.0,1100.0,1100.0,1100.0,2152.0,2152.0,2158.0,1040.0,1040.0,1050.0,1032.0,1032.0,1033.0
0.0,9258.0,3075.0,3099.0,5902.0,311.0,101.0,101.0,109.0,1033.0,1033.0,1033.0,1025.0,1025.0,1025.0,3088.0,3088.0,3082.0,101.0,101.0,109.0,1033.0,1033.0,1033.0
0.0,12085.0,3064.0,3099.0,3130.0,245.0,82.0,82.0,81.0,1033.0,1033.0,1033.0,1021.0,1021.0,1022.0,4031.0,4031.0,4023.0,82.0,82.0,81.0,1033.0,1033.0,1033.0
0.0,12151.0,3132.0,3099.0,311.0,3066.0,1025.0,1025.0,1016.0,1033.0,1033.0,1033.0,1044.0,1044.0,1044.0,4050.0,4050.0,4051.0,1025.0,1025.0,1016.0,1033.0,1033.0,1033.0
0.0,9330.0,3270.0,3102.0,245.0,6103.0,2037.0,2037.0,2029.0,1034.0,1034.0,1034.0,1090.0,1090.0,1090.0,3107.0,3107.0,3116.0,2037.0,2037.0,2029.0,1034.0,1034.0,1034.0
0.0,6305.0,3198.0,3106.0,3066.0,6251.0,2082.0,2082.0,2087.0,1035.0,1035.0,1036.0,1066.0,1066.0,1066.0,2099.0,2099.0,2107.0,2082.0,2082.0,2087.0,1035.0,1035.0,1036.0
0.0,6173.0,3114.0,3109.0,6103.0,3274.0,1087.0,1087.0,1100.0,1036.0,1036.0,1037.0,1038.0,1038.0,1038.0,2058.0,2058.0,2057.0,1087.0,1087.0,1100.0,1036.0,1036.0,1037.0
0.0,9162.0,3141.0,3111.0,6251.0,172.0,56.0,56.0,60.0,1037.0,1037.0,1037.0,1047.0,1047.0,1047.0,3057.0,3057.0,3048.0,56.0,56.0,60.0,1037.0,1037.0,1037.0
0.0,12272.0,3120.0,3111.0,3274.0,18.0,9.0,9.0,0.0,1037.0,1037.0,1037.0,1040.0,1040.0,1040.0,4092.0,4092.0,4088.0,9.0,9.0,0.0,1037.0,1037.0,1037.0
0.0,12426.0,3163.0,3112.0,172.0,3013.0,1007.0,1007.0,999.0,1037.0,1037.0,1038.0,1054.0,1054.0,1055.0,4139.0,4139.0,4148.0,1007.0,1007.0,999.0,1037.0,1037.0,1038.0
0.0,9435.0,3100.0,3114.0,18.0,6103.0,2035.0,2035.0,2033.0,1038.0,1038.0,1038.0,1033.0,1033.0,1034.0,3141.0,3141.0,3153.0,2035.0,2035.0,2033.0,1038.0,1038.0,1038.0
0.0,6353.0,3124.0,3117.0,3013.0,6226.0,2073.0,2073.0,2080.0,1039.0,1039.0,1039.0,1041.0,1041.0,1042.0,2117.0,2117.0,2119.0,2073.0,2073.0,2080.0,1039.0,1039.0,1039.0
0.0,6242.0,3237.0,3121.0,6103.0,3376.0,1121.0,1121.0,1134.0,1040.0,1040.0,1041.0,1079.0,1079.0,1079.0,2083.0,2083.0,2076.0,1121.0,1121.0,1134.0,1040.0,1040.0,1041.0
0.0,9108.0,3111.0,3121.0,6226.0,261.0,85.0,85.0,91.0,1040.0,1040.0,1041.0,1037.0,1037.0,1037.0,3039.0,3039.0,3030.0,85.0,85.0,91.0,1040.0,1040.0,1041.0
0.0,12223.0,3142.0,3123.0,3376.0,35.0,15.0,15.0,5.0,1041.0,1041.0,1041.0,1047.0,1047.0,1048.0,4075.0,4075.0,4073.0,15.0,15.0,5.0,1041.0,1041.0,1041.0
0.0,12457.0,3030.0,3123.0,261.0,2804.0,940.0,940.0,924.0,1041.0,1041.0,1041.0,1010.0,1010.0,1010.0,4149.0,4149.0,4159.0,940.0,940.0,924.0,1041.0,1041.0,1041.0
0.0,9688.0,3157.0,3127.0,35.0,5942.0,1981.0,1981.0,1980.0,1042.0,1042.0,1043.0,1052.0,1052.0,1053.0,3224.0,3224.0,3240.0,1981.0,1981.0,1980.0,1042.0,1042.0,1043.0
0.0,6566.0,3031.0,3126.0,2804.0,6165.0,2051.0,2051.0,2063.0,1042.0,1042.0,1042.0,1010.0,1010.0,1011.0,2187.0,2187.0,2192.0,2051.0,2051.0,2063.0,1042.0,1042.0,1042.0
0.0,6339.0,3150.0,3127.0,5942.0,3377.0,1120.0,1120.0,1137.0,1042.0,1042.0,1043.0,1050.0,1050.0,1050.0,2117.0,2117.0,2105.0,1120.0,1120.0,1137.0,1042.0,1042.0,1043.0
0.0,9131.0,3198.0,3130.0,6165.0,422.0,139.0,139.0,144.0,1043.0,1043.0,1044.0,1066.0,1066.0,1066.0,3048.0,3048.0,3035.0,139.0,139.0,144.0,1043.0,1043.0,1044.0
0.0,12098.0,3118.0,3133.0,3377.0,175.0,62.0,62.0,51.0,1044.0,1044.0,1045.0,1039.0,1039.0,1040.0,4033.0,4033.0,4032.0,62.0,62.0,51.0,1044.0,1044.0,1045.0
0.0,12357.0,3225.0,3136.0,422.0,2990.0,1002.0,1002.0,986.0,1045.0,1045.0,1046.0,1075.0,1075.0,1075.0,4114.0,4114.0,4129.0,1002.0,1002.0,986.0,1045.0,1045.0,1046.0
0.0,9554.0,3157.0,3136.0,175.0,5972.0,1992.0,1992.0,1988.0,1045.0,1045.0,1046.0,1052.0,1052.0,1053.0,3178.0,3178.0,3198.0,1992.0,1992.0,1988.0,1045.0,1045.0,1046.0
0.0,6572.0,3171.0,3138.0,2990.0,6161.0,2051.0,2051.0,2059.0,1046.0,1046.0,1046.0,1057.0,1057.0,1057.0,2188.0,2188.0,2196.0,2051.0,2051.0,2059.0,1046.0,1046.0,1046.0
0.0,6391.0,2965.0,3136.0,5972.0,3146.0,1043.0,1043.0,1060.0,1045.0,1045.0,1046.0,988.0,988.0,989.0,2133.0,2133.0,2125.0,1043.0,1043.0,1060.0,1045.0,1045.0,1046.0
0.0,9398.0,3217.0,3139.0,6161.0,214.0,68.0,68.0,78.0,1046.0,1046.0,1047.0,1072.0,1072.0,1073.0,3137.0,3137.0,3124.0,68.0,68.0,78.0,1046.0,1046.0,1047.0
0.0,12342.0,3141.0,3139.0,3146.0,209.0,72.0,72.0,65.0,1046.0,1046.0,1047.0,1047.0,1047.0,1047.0,4116.0,4116.0,4110.0,72.0,72.0,65.0,1046.0,1046.0,1047.0
0.0,12347.0,3175.0,3141.0,214.0,3178.0,1066.0,1066.0,1046.0,1047.0,1047.0,1047.0,1058.0,1058.0,1059.0,4112.0,4112.0,4123.0,1066.0,1066.0,1046.0,1047.0,1047.0,1047.0
0.0,9386.0,3277.0,3145.0,209.0,6262.0,2090.0,2090.0,2082.0,1048.0,1048.0,1049.0,1092.0,1092.0,1093.0,3122.0,3122.0,3142.0,2090.0,2090.0,2082.0,1048.0,1048.0,1049.0
0.0,6318.0,3052.0,3144.0,3178.0,6132.0,2041.0,2041.0,2050.0,1048.0,1048.0,1048.0,1017.0,1017.0,1018.0,2102.0,2102.0,2114.0,2041.0,2041.0,2050.0,1048.0,1048.0,1048.0
0.0,6444.0,3243.0,3147.0,6262.0,3125.0,1036.0,1036.0,1053.0,1049.0,1049.0,1049.0,1081.0,1081.0,1081.0,2151.0,2151.0,2142.0,1036.0,1036.0,1053.0,1049.0,1049.0,1049.0
0.0,9463.0,3033.0,3144.0,6132.0,14.0,2.0,2.0,10.0,1048.0,1048.0,1048.0,1011.0,1011.0,1011.0,3160.0,3160.0,3143.0,2.0,2.0,10.0,1048.0,1048.0,1048.0
0.0,12562.0,3232.0,3147.0,3125.0,133.0,47.0,47.0,39.0,1049.0,1049.0,1049.0,1077.0,1077.0,1078.0,4190.0,4190.0,4182.0,47.0,47.0,39.0,1049.0,1049.0,1049.0
0.0,12455.0,3183.0,3147.0,14.0,3302.0,1106.0,1106.0,1090.0,1049.0,1049.0,1049.0,1061.0,1061.0,1061.0,4149.0,4149.0,4157.0,1106.0,1106.0,1090.0,1049.0,1049.0,1049.0
0.0,9286.0,3271.0,3148.0,133.0,6444.0,2149.0,2149.0,2146.0,1049.0,1049.0,1050.0,1090.0,1090.0,1091.0,3090.0,3090.0,3106.0,2149.0,2149.0,2146.0,1049.0,1049.0,1050.0
0.0,6148.0,3321.0,3154.0,3302.0,6487.0,2158.0,2158.0,2171.0,1051.0,1051.0,1052.0,1107.0,1107.0,1107.0,2047.0,2047.0,2054.0,2158.0,2158.0,2171.0,1051.0,1051.0,1052.0
0.0,6129.0,3252.0,3154.0,6444.0,3295.0,1093.0,1093.0,1109.0,1051.0,1051.0,1052.0,1084.0,1084.0,1084.0,2046.0,2046.0,2037.0,1093.0,1093.0,1109.0,1051.0,1051.0,1052.0
0.0,9321.0,3222.0,3157.0,6487.0,42.0,13.0,13.0,16.0,1052.0,1052.0,1053.0,1074.0,1074.0,1074.0,3111.0,3111.0,3099.0,13.0,13.0,16.0,1052.0,1052.0,1053.0
0.0,12586.0,3246.0,3160.0,3295.0,12.0,6.0,6.0,0.0,1053.0,1053.0,1054.0,1082.0,1082.0,1082.0,4195.0,4195.0,4196.0,6.0,6.0,0.0,1053.0,1053.0,1054.0
0.0,12635.0,3168.0,3162.0,42.0,3139.0,1053.0,1053.0,1033.0,1054.0,1054.0,1054.0,1056.0,1056.0,1056.0,4206.0,4206.0,4223.0,1053.0,1053.0,1033.0,1054.0,1054.0,1054.0
0.0,9509.0,3313.0,3165.0,12.0,6452.0,2155.0,2155.0,2142.0,1055.0,1055.0,1055.0,1104.0,1104.0,1105.0,3163.0,3163.0,3183.0,2155.0,2155.0,2142.0,1055.0,1055.0,1055.0
0.0,6208.0,3247.0,3165.0,3139.0,6560.0,2184.0,2184.0,2192.0,1055.0,1055.0,1055.0,1082.0,1082.0,1083.0,2065.0,2065.0,2078.0,2184.0,2184.0,2192.0,1055.0,1055.0,1055.0
0.0,6100.0,3135.0,3165.0,6452.0,3243.0,1074.0,1074.0,1095.0,1055.0,1055.0,1055.0,1045.0,1045.0,1045.0,2036.0,2036.0,2028.0,1074.0,1074.0,1095.0,1055.0,1055.0,1055.0
0.0,9417.0,3264.0,3165.0,6560.0,0.0,0.0,0.0,0.0,1055.0,1055.0,1055.0,1088.0,1088.0,1088.0,3146.0,3146.0,3125.0,0.0,0.0,0.0,1055.0,1055.0,1055.0
0.0,12713.0,3201.0,3165.0,3243.0,0.0,0.0,0.0,0.0,1055.0,1055.0,1055.0,1067.0,1067.0,1067.0,4242.0,4242.0,4229.0,0.0,0.0,0.0,1055.0,1055.0,1055.0
0.0,12755.0,3199.0,3165.0,0.0,3104.0,1037.0,1037.0,1030.0,1055.0,1055.0,1055.0,1066.0,1066.0,1067.0,4249.0,4249.0,4257.0,1037.0,1037.0,1030.0,1055.0,1055.0,1055.0
0.0,9556.0,3169.0,3166.0,0.0,6277.0,2093.0,2093.0,2091.0,1055.0,1055.0,1056.0,1056.0,1056.0,1057.0,3183.0,3183.0,3190.0,2093.0,2093.0,2091.0,1055.0,1055.0,1056.0
0.0,6387.0,3300.0,3169.0,3104.0,6485.0,2160.0,2160.0,2165.0,1056.0,1056.0,1057.0,1100.0,1100.0,1100.0,2127.0,2127.0,2133.0,2160.0,2160.0,2165.0,1056.0,1056.0,1057.0
0.0,6191.0,3243.0,3171.0,6277.0,3459.0,1152.0,1152.0,1155.0,1057.0,1057.0,1057.0,1081.0,1081.0,1081.0,2064.0,2064.0,2063.0,1152.0,1152.0,1155.0,1057.0,1057.0,1057.0
0.0,9225.0,3285.0,3174.0,6485.0,271.0,91.0,91.0,89.0,1058.0,1058.0,1058.0,1095.0,1095.0,1095.0,3076.0,3076.0,3073.0,91.0,91.0,89.0,1058.0,1058.0,1058.0
0.0,12425.0,3271.0,3177.0,3459.0,95.0,33.0,33.0,29.0,1059.0,1059.0,1059.0,1090.0,1090.0,1091.0,4141.0,4141.0,4143.0,33.0,33.0,29.0,1059.0,1059.0,1059.0
0.0,12613.0,3151.0,3180.0,271.0,2987.0,996.0,996.0,995.0,1060.0,1060.0,1060.0,1050.0,1050.0,1051.0,4203.0,4203.0,4207.0,996.0,996.0,995.0,1060.0,1060.0,1060.0
0.0,9733.0,3225.0,3177.0,95.0,6105.0,2034.0,2034.0,2037.0,1059.0,1059.0,1059.0,1075.0,1075.0,1075.0,3244.0,3244.0,3245.0,2034.0,2034.0,2037.0,1059.0,1059.0,1059.0
0.0,6603.0,3139.0,3178.0,2987.0,6261.0,2084.0,2084.0,2093.0,1059.0,1059.0,1060.0,1046.0,1046.0,1047.0,2202.0,2202.0,2199.0,2084.0,2084.0,2093.0,1059.0,1059.0,1060.0
0.0,6451.0,3145.0,3180.0,6105.0,3309.0,1102.0,1102.0,1105.0,1060.0,1060.0,1060.0,1048.0,1048.0,1049.0,2152.0,2152.0,2147.0,1102.0,1102.0,1105.0,1060.0,1060.0,1060.0
0.0,9411.0,3237.0,3183.0,6261.0,297.0,101.0,101.0,95.0,1061.0,1061.0,1061.0,1079.0,1079.0,1079.0,3138.0,3138.0,3135.0,101.0,101.0,95.0,1061.0,1061.0,1061.0
0.0,12435.0,3247.0,3181.0,3309.0,227.0,77.0,77.0,73.0,1060.0,1060.0,1061.0,1082.0,1082.0,1083.0,4143.0,4143.0,4149.0,77.0,77.0,73.0,1060.0,1060.0,1061.0
0.0,12497.0,3157.0,3181.0,297.0,3087.0,1028.0,1028.0,1031.0,1060.0,1060.0,1061.0,1052.0,1052.0,1053.0,4163.0,4163.0,4171.0,1028.0,1028.0,1031.0,1060.0,1060.0,1061.0
0.0,9637.0,3237.0,3183.0,227.0,6105.0,2034.0,2034.0,2037.0,1061.0,1061.0,1061.0,1079.0,1079.0,1079.0,3212.0,3212.0,3213.0,2034.0,2034.0,2037.0,1061.0,1061.0,1061.0
0.0,6627.0,3145.0,3184.0,3087.0,6167.0,2054.0,2054.0,2059.0,1061.0,1061.0,1062.0,1048.0,1048.0,1049.0,2210.0,2210.0,2207.0,2054.0,2054.0,2059.0,1061.0,1061.0,1062.0
0.0,6569.0,3102.0,3183.0,6105.0,3160.0,1054.0,1054.0,1052.0,1061.0,1061.0,1061.0,1034.0,1034.0,1034.0,2190.0,2190.0,2189.0,1054.0,1054.0,1052.0,1061.0,1061.0,1061.0
0.0,9572.0,3109.0,3183.0,6167.0,102.0,36.0,36.0,30.0,1061.0,1061.0,1061.0,1036.0,1036.0,1037.0,3190.0,3190.0,3192.0,36.0,36.0,30.0,1061.0,1061.0,1061.0
0.0,12630.0,3336.0,3187.0,3160.0,294.0,98.0,98.0,98.0,1062.0,1062.0,1063.0,1112.0,1112.0,1112.0,4208.0,4208.0,4214.0,98.0,98.0,98.0,1062.0,1062.0,1063.0
0.0,12454.0,3174.0,3187.0,102.0,3366.0,1120.0,1120.0,1126.0,1062.0,1062.0,1063.0,1058.0,1058.0,1058.0,4150.0,4150.0,4154.0,1120.0,1120.0,1126.0,1062.0,1062.0,1063.0
0.0,9382.0,3237.0,3187.0,294.0,6309.0,2101.0,2101.0,2107.0,1062.0,1062.0,1063.0,1079.0,1079.0,1079.0,3128.0,3128.0,3126.0,2101.0,2101.0,2107.0,1062.0,1062.0,1063.0
0.0,6439.0,3172.0,3189.0,3366.0,6123.0,2042.0,2042.0,2039.0,1063.0,1063.0,1063.0,1057.0,1057.0,1058.0,2147.0,2147.0,2145.0,2042.0,2042.0,2039.0,1063.0,1063.0,1063.0
0.0,6633.0,3090.0,3187.0,6309.0,2896.0,967.0,967.0,962.0,1062.0,1062.0,1063.0,1030.0,1030.0,1030.0,2210.0,2210.0,2213.0,967.0,967.0,962.0,1062.0,1062.0,1063.0
0.0,9852.0,3148.0,3190.0,6123.0,0.0,0.0,0.0,0.0,1063.0,1063.0,1064.0,1049.0,1049.0,1050.0,3281.0,3281.0,3290.0,0.0,0.0,0.0,1063.0,1063.0,1064.0
0.0,12827.0,3297.0,3193.0,2896.0,346.0,114.0,114.0,118.0,1064.0,1064.0,1065.0,1099.0,1099.0,1099.0,4274.0,4274.0,4279.0,114.0,114.0,118.0,1064.0,1064.0,1065.0
0.0,12426.0,3123.0,3195.0,0.0,3477.0,1159.0,1159.0,1159.0,1065.0,1065.0,1065.0,1041.0,1041.0,1041.0,4142.0,4142.0,4142.0,1159.0,1159.0,1159.0,1065.0,1065.0,1065.0
0.0,9303.0,3112.0,3193.0,346.0,6235.0,2078.0,2078.0,2079.0,1064.0,1064.0,1065.0,1037.0,1037.0,1038.0,3101.0,3101.0,3101.0,2078.0,2078.0,2079.0,1064.0,1064.0,1065.0
0.0,6537.0,3153.0,3193.0,3477.0,5911.0,1970.0,1970.0,1971.0,1064.0,1064.0,1065.0,1051.0,1051.0,1051.0,2178.0,2178.0,2181.0,1970.0,1970.0,1971.0,1064.0,1064.0,1065.0
0.0,6861.0,3187.0,3195.0,6235.0,2871.0,958.0,958.0,955.0,1065.0,1065.0,1065.0,1062.0,1062.0,1063.0,2286.0,2286.0,2289.0,958.0,958.0,955.0,1065.0,1065.0,1065.0
0.0,9909.0,3241.0,3195.0,5911.0,201.0,68.0,68.0,65.0,1065.0,1065.0,1065.0,1080.0,1080.0,1081.0,3302.0,3302.0,3305.0,68.0,68.0,65.0,1065.0,1065.0,1065.0
0.0,12579.0,3126.0,3193.0,2871.0,448.0,148.0,148.0,152.0,1064.0,1064.0,1065.0,1042.0,1042.0,1042.0,4192.0,4192.0,4195.0,148.0,148.0,152.0,1064.0,1064.0,1065.0
0.0,12324.0,3163.0,3193.0,201.0,3410.0,1134.0,1134.0,1142.0,1064.0,1064.0,1065.0,1054.0,1054.0,1055.0,4108.0,4108.0,4108.0,1134.0,1134.0,1142.0,1064.0,1064.0,1065.0
0.0,9362.0,3139.0,3198.0,448.0,6121.0,2040.0,2040.0,2041.0,1066.0,1066.0,1066.0,1046.0,1046.0,1047.0,3122.0,3122.0,3118.0,2040.0,2040.0,2041.0,1066.0,1066.0,1066.0
0.0,6671.0,3100.0,3195.0,3410.0,5799.0,1935.0,1935.0,1929.0,1065.0,1065.0,1065.0,1033.0,1033.0,1034.0,2224.0,2224.0,2223.0,1935.0,1935.0,1929.0,1065.0,1065.0,1065.0
0.0,6981.0,3217.0,3196.0,6121.0,2899.0,967.0,967.0,965.0,1065.0,1065.0,1066.0,1072.0,1072.0,1073.0,2325.0,2325.0,2331.0,967.0,967.0,965.0,1065.0,1065.0,1066.0
0.0,9885.0,3133.0,3196.0,5799.0,233.0,76.0,76.0,81.0,1065.0,1065.0,1066.0,1044.0,1044.0,1045.0,3293.0,3293.0,3299.0,76.0,76.0,81.0,1065.0,1065.0,1066.0
0.0,12551.0,3165.0,3193.0,2899.0,487.0,160.0,160.0,167.0,1064.0,1064.0,1065.0,1055.0,1055.0,1055.0,4184.0,4184.0,4183.0,160.0,160.0,167.0,1064.0,1064.0,1065.0
0.0,12285.0,3316.0,3198.0,233.0,3590.0,1197.0,1197.0,1196.0,1066.0,1066.0,1066.0,1105.0,1105.0,1106.0,4096.0,4096.0,4093.0,1197.0,1197.0,1196.0,1066.0,1066.0,1066.0
0.0,9202.0,3301.0,3199.0,487.0,6408.0,2137.0,2137.0,2134.0,1066.0,1066.0,1067.0,1100.0,1100.0,1101.0,3067.0,3067.0,3068.0,2137.0,2137.0,2134.0,1066.0,1066.0,1067.0
0.0,6388.0,3333.0,3205.0,3590.0,6175.0,2059.0,2059.0,2057.0,1068.0,1068.0,1069.0,1111.0,1111.0,1111.0,2127.0,2127.0,2134.0,2059.0,2059.0,2057.0,1068.0,1068.0,1069.0
0.0,6645.0,3283.0,3207.0,6408.0,3058.0,1020.0,1020.0,1018.0,1069.0,1069.0,1069.0,1094.0,1094.0,1095.0,2213.0,2213.0,2219.0,1020.0,1020.0,1018.0,1069.0,1069.0,1069.0
0.0,9770.0,3273.0,3208.0,6175.0,160.0,52.0,52.0,56.0,1069.0,1069.0,1070.0,1091.0,1091.0,1091.0,3256.0,3256.0,3258.0,52.0,52.0,56.0,1069.0,1069.0,1070.0
0.0,12672.0,3319.0,3210.0,3058.0,429.0,142.0,142.0,145.0,1070.0,1070.0,1070.0,1106.0,1106.0,1107.0,4224.0,4224.0,4224.0,142.0,142.0,145.0,1070.0,1070.0,1070.0
0.0,12411.0,3219.0,3207.0,160.0,3476.0,1159.0,1159.0,1158.0,1069.0,1069.0,1069.0,1073.0,1073.0,1073.0,4138.0,4138.0,4135.0,1159.0,1159.0,1158.0,1069.0,1069.0,1069.0
0.0,9352.0,3246.0,3207.0,429.0,6293.0,2099.0,2099.0,2095.0,1069.0,1069.0,1069.0,1082.0,1082.0,1082.0,3117.0,3117.0,3118.0,2099.0,2099.0,2095.0,1069.0,1069.0,1069.0
0.0,6535.0,3250.0,3208.0,3476.0,6071.0,2023.0,2023.0,2025.0,1069.0,1069.0,1070.0,1083.0,1083.0,1084.0,2177.0,2177.0,2181.0,2023.0,2023.0,2025.0,1069.0,1069.0,1070.0
0.0,6761.0,3343.0,3210.0,6293.0,3129.0,1042.0,1042.0,1045.0,1070.0,1070.0,1070.0,1114.0,1114.0,1115.0,2253.0,2253.0,2255.0,1042.0,1042.0,1045.0,1070.0,1070.0,1070.0
0.0,9711.0,3255.0,3211.0,6071.0,317.0,104.0,104.0,109.0,1070.0,1070.0,1071.0,1085.0,1085.0,1085.0,3238.0,3238.0,3235.0,104.0,104.0,109.0,1070.0,1070.0,1071.0
0.0,12527.0,3277.0,3210.0,3129.0,461.0,154.0,154.0,153.0,1070.0,1070.0,1070.0,1092.0,1092.0,1093.0,4176.0,4176.0,4175.0,154.0,154.0,153.0,1070.0,1070.0,1070.0
0.0,12379.0,3316.0,3211.0,317.0,3464.0,1155.0,1155.0,1154.0,1070.0,1070.0,1071.0,1105.0,1105.0,1106.0,4126.0,4126.0,4127.0,1155.0,1155.0,1154.0,1070.0,1070.0,1071.0
0.0,9380.0,3243.0,3214.0,461.0,6258.0,2086.0,2086.0,2086.0,1071.0,1071.0,1072.0,1081.0,1081.0,1081.0,3125.0,3125.0,3130.0,2086.0,2086.0,2086.0,1071.0,1071.0,1072.0
0.0,6598.0,3277.0,3214.0,3464.0,6071.0,2023.0,2023.0,2025.0,1071.0,1071.0,1072.0,1092.0,1092.0,1093.0,2198.0,2198.0,2202.0,2023.0,2023.0,2025.0,1071.0,1071.0,1072.0
0.0,6785.0,3330.0,3217.0,6258.0,3155.0,1051.0,1051.0,1053.0,1072.0,1072.0,1073.0,1110.0,1110.0,1110.0,2261.0,2261.0,2263.0,1051.0,1051.0,1053.0,1072.0,1072.0,1073.0
0.0,9713.0,3369.0,3220.0,6071.0,465.0,155.0,155.0,155.0,1073.0,1073.0,1074.0,1123.0,1123.0,1123.0,3237.0,3237.0,3239.0,155.0,155.0,155.0,1073.0,1073.0,1074.0
0.0,12415.0,3150.0,3219.0,3155.0,456.0,154.0,154.0,148.0,1073.0,1073.0,1073.0,1050.0,1050.0,1050.0,4137.0,4137.0,4141.0,154.0,154.0,148.0,1073.0,1073.0,1073.0
0.0,12420.0,3363.0,3220.0,465.0,3358.0,1120.0,1120.0,1118.0,1073.0,1073.0,1074.0,1121.0,1121.0,1121.0,4138.0,4138.0,4144.0,1120.0,1120.0,1118.0,1073.0,1073.0,1074.0
0.0,9522.0,3274.0,3222.0,456.0,6184.0,2061.0,2061.0,2062.0,1074.0,1074.0,1074.0,1091.0,1091.0,1092.0,3172.0,3172.0,3178.0,2061.0,2061.0,2062.0,1074.0,1074.0,1074.0
0.0,6704.0,3313.0,3222.0,3358.0,6139.0,2045.0,2045.0,2049.0,1074.0,1074.0,1074.0,1104.0,1104.0,1105.0,2235.0,2235.0,2234.0,2045.0,2045.0,2049.0,1074.0,1074.0,1074.0
0.0,6749.0,3195.0,3220.0,6184.0,3142.0,1045.0,1045.0,1052.0,1073.0,1073.0,1074.0,1065.0,1065.0,1065.0,2251.0,2251.0,2247.0,1045.0,1045.0,1052.0,1073.0,1073.0,1074.0
0.0,9738.0,3384.0,3225.0,6139.0,407.0,136.0,136.0,135.0,1075.0,1075.0,1075.0,1128.0,1128.0,1128.0,3247.0,3247.0,3244.0,136.0,136.0,135.0,1075.0,1075.0,1075.0
0.0,12493.0,3292.0,3226.0,3142.0,561.0,188.0,188.0,185.0,1075.0,1075.0,1076.0,1097.0,1097.0,1098.0,4164.0,4164.0,4165.0,188.0,188.0,185.0,1075.0,1075.0,1076.0
0.0,12343.0,3462.0,3232.0,407.0,3640.0,1214.0,1214.0,1212.0,1077.0,1077.0,1078.0,1154.0,1154.0,1154.0,4112.0,4112.0,4119.0,1214.0,1214.0,1212.0,1077.0,1077.0,1078.0
0.0,9288.0,3436.0,3238.0,561.0,6539.0,2179.0,2179.0,2181.0,1079.0,1079.0,1080.0,1145.0,1145.0,1146.0,3094.0,3094.0,3100.0,2179.0,2179.0,2181.0,1079.0,1079.0,1080.0
0.0,6413.0,3298.0,3238.0,3640.0,6197.0,2064.0,2064.0,2069.0,1079.0,1079.0,1080.0,1099.0,1099.0,1100.0,2137.0,2137.0,2139.0,2064.0,2064.0,2069.0,1079.0,1079.0,1080.0
0.0,6755.0,3286.0,3240.0,6539.0,2952.0,984.0,984.0,984.0,1080.0,1080.0,1080.0,1095.0,1095.0,1096.0,2252.0,2252.0,2251.0,984.0,984.0,984.0,1080.0,1080.0,1080.0
0.0,10008.0,3169.0,3240.0,6197.0,0.0,0.0,0.0,0.0,1080.0,1080.0,1080.0,1056.0,1056.0,1057.0,3336.0,3336.0,3336.0,0.0,0.0,0.0,1080.0,1080.0,1080.0
0.0,13036.0,3199.0,3240.0,2952.0,171.0,58.0,58.0,55.0,1080.0,1080.0,1080.0,1066.0,1066.0,1067.0,4344.0,4344.0,4348.0,58.0,58.0,55.0,1080.0,1080.0,1080.0
0.0,12789.0,3379.0,3244.0,0.0,3566.0,1188.0,1188.0,1190.0,1081.0,1081.0,1082.0,1126.0,1126.0,1127.0,4262.0,4262.0,4265.0,1188.0,1188.0,1190.0,1081.0,1081.0,1082.0
0.0,9410.0,3235.0,3246.0,171.0,6638.0,2212.0,2212.0,2214.0,1082.0,1082.0,1082.0,1078.0,1078.0,1079.0,3136.0,3136.0,3138.0,2212.0,2212.0,2214.0,1082.0,1082.0,1082.0
0.0,6346.0,3259.0,3249.0,3566.0,6343.0,2114.0,2114.0,2115.0,1083.0,1083.0,1083.0,1086.0,1086.0,1087.0,2116.0,2116.0,2114.0,2114.0,2114.0,2115.0,1083.0,1083.0,1083.0
0.0,6653.0,3303.0,3249.0,6638.0,3008.0,1003.0,1003.0,1002.0,1083.0,1083.0,1083.0,1101.0,1101.0,1101.0,2218.0,2218.0,2217.0,1003.0,1003.0,1002.0,1083.0,1083.0,1083.0
0.0,9988.0,3268.0,3250.0,6343.0,0.0,0.0,0.0,0.0,1083.0,1083.0,1084.0,1089.0,1089.0,1090.0,3329.0,3329.0,3330.0,0.0,0.0,0.0,1083.0,1083.0,1084.0
0.0,13063.0,3282.0,3252.0,3008.0,219.0,73.0,73.0,73.0,1084.0,1084.0,1084.0,1094.0,1094.0,1094.0,4354.0,4354.0,4355.0,73.0,73.0,73.0,1084.0,1084.0,1084.0
0.0,12789.0,3148.0,3250.0,0.0,3359.0,1118.0,1118.0,1123.0,1083.0,1083.0,1084.0,1049.0,1049.0,1050.0,4263.0,4263.0,4263.0,1118.0,1118.0,1123.0,1083.0,1083.0,1084.0
0.0,9641.0,3252.0,3253.0,219.0,6404.0,2133.0,2133.0,2138.0,1084.0,1084.0,1085.0,1084.0,1084.0,1084.0,3214.0,3214.0,3213.0,2133.0,2133.0,2138.0,1084.0,1084.0,1085.0
0.0,6608.0,3258.0,3256.0,3359.0,6315.0,2105.0,2105.0,2105.0,1085.0,1085.0,1086.0,1086.0,1086.0,1086.0,2203.0,2203.0,2202.0,2105.0,2105.0,2105.0,1085.0,1085.0,1086.0
0.0,6709.0,3361.0,3258.0,6404.0,3280.0,1096.0,1096.0,1088.0,1086.0,1086.0,1086.0,1120.0,1120.0,1121.0,2235.0,2235.0,2239.0,1096.0,1096.0,1088.0,1086.0,1086.0,1086.0
0.0,9752.0,3213.0,3259.0,6315.0,182.0,62.0,62.0,58.0,1086.0,1086.0,1087.0,1071.0,1071.0,1071.0,3248.0,3248.0,3256.0,62.0,62.0,58.0,1086.0,1086.0,1087.0
0.0,12854.0,3385.0,3264.0,3280.0,307.0,102.0,102.0,103.0,1088.0,1088.0,1088.0,1128.0,1128.0,1129.0,4282.0,4282.0,4290.0,102.0,102.0,103.0,1088.0,1088.0,1088.0
0.0,12749.0,3264.0,3267.0,182.0,3401.0,1132.0,1132.0,1137.0,1089.0,1089.0,1089.0,1088.0,1088.0,1088.0,4250.0,4250.0,4249.0,1132.0,1132.0,1137.0,1089.0,1089.0,1089.0
0.0,9667.0,3342.0,3270.0,307.0,6448.0,2148.0,2148.0,2152.0,1090.0,1090.0,1090.0,1114.0,1114.0,1114.0,3224.0,3224.0,3219.0,2148.0,2148.0,2152.0,1090.0,1090.0,1090.0
0.0,6632.0,3300.0,3271.0,3401.0,6351.0,2116.0,2116.0,2119.0,1090.0,1090.0,1091.0,1100.0,1100.0,1100.0,2212.0,2212.0,2208.0,2116.0,2116.0,2119.0,1090.0,1090.0,1091.0
0.0,6733.0,3367.0,3276.0,6448.0,3290.0,1098.0,1098.0,1094.0,1092.0,1092.0,1092.0,1122.0,1122.0,1123.0,2244.0,2244.0,2245.0,1098.0,1098.0,1094.0,1092.0,1092.0,1092.0
0.0,9814.0,3402.0,3280.0,6351.0,357.0,120.0,120.0,117.0,1093.0,1093.0,1094.0,1134.0,1134.0,1134.0,3270.0,3270.0,3274.0,120.0,120.0,117.0,1093.0,1093.0,1094.0
0.0,12763.0,3208.0,3280.0,3290.0,275.0,91.0,91.0,93.0,1093.0,1093.0,1094.0,1069.0,1069.0,1070.0,4252.0,4252.0,4259.0,91.0,91.0,93.0,1093.0,1093.0,1094.0
0.0,12845.0,3303.0,3285.0,357.0,3241.0,1080.0,1080.0,1081.0,1095.0,1095.0,1095.0,1101.0,1101.0,1101.0,4281.0,4281.0,4283.0,1080.0,1080.0,1081.0,1095.0,1095.0,1095.0
0.0,9899.0,3432.0,3289.0,275.0,6414.0,2137.0,2137.0,2140.0,1096.0,1096.0,1097.0,1144.0,1144.0,1144.0,3300.0,3300.0,3299.0,2137.0,2137.0,2140.0,1096.0,1096.0,1097.0
0.0,6742.0,3316.0,3292.0,3241.0,6501.0,2166.0,2166.0,2169.0,1097.0,1097.0,1098.0,1105.0,1105.0,1106.0,2247.0,2247.0,2248.0,2166.0,2166.0,2169.0,1097.0,1097.0,1098.0
0.0,6667.0,3241.0,3294.0,6414.0,3336.0,1113.0,1113.0,1110.0,1098.0,1098.0,1098.0,1080.0,1080.0,1081.0,2222.0,2222.0,2223.0,1113.0,1113.0,1110.0,1098.0,1098.0,1098.0
0.0,9840.0,3334.0,3294.0,6501.0,169.0,58.0,58.0,53.0,1098.0,1098.0,1098.0,1111.0,1111.0,1112.0,3279.0,3279.0,3282.0,58.0,58.0,53.0,1098.0,1098.0,1098.0
0.0,13007.0,3204.0,3292.0,3336.0,29.0,9.0,9.0,11.0,1097.0,1097.0,1098.0,1068.0,1068.0,1068.0,4334.0,4334.0,4339.0,9.0,9.0,11.0,1097.0,1097.0,1098.0
0.0,13139.0,3372.0,3294.0,169.0,3240.0,1079.0,1079.0,1082.0,1098.0,1098.0,1098.0,1124.0,1124.0,1124.0,4379.0,4379.0,4381.0,1079.0,1079.0,1082.0,1098.0,1098.0,1098.0
0.0,9936.0,3400.0,3295.0,29.0,6615.0,2203.0,2203.0,2209.0,1098.0,1098.0,1099.0,1133.0,1133.0,1134.0,3313.0,3313.0,3310.0,2203.0,2203.0,2209.0,1098.0,1098.0,1099.0
0.0,6565.0,3450.0,3298.0,3240.0,6837.0,2278.0,2278.0,2281.0,1099.0,1099.0,1100.0,1150.0,1150.0,1150.0,2189.0,2189.0,2187.0,2278.0,2278.0,2281.0,1099.0,1099.0,1100.0
0.0,6355.0,3381.0,3300.0,6615.0,3611.0,1206.0,1206.0,1199.0,1100.0,1100.0,1100.0,1127.0,1127.0,1127.0,2118.0,2118.0,2119.0,1206.0,1206.0,1199.0,1100.0,1100.0,1100.0
0.0,9589.0,3420.0,3304.0,6837.0,210.0,72.0,72.0,66.0,1101.0,1101.0,1102.0,1140.0,1140.0,1140.0,3194.0,3194.0,3201.0,72.0,72.0,66.0,1101.0,1101.0,1102.0
0.0,13006.0,3342.0,3306.0,3611.0,0.0,0.0,0.0,0.0,1102.0,1102.0,1102.0,1114.0,1114.0,1114.0,4332.0,4332.0,4342.0,0.0,0.0,0.0,1102.0,1102.0,1102.0
0.0,13275.0,3315.0,3307.0,210.0,3058.0,1017.0,1017.0,1024.0,1102.0,1102.0,1103.0,1105.0,1105.0,1105.0,4424.0,4424.0,4427.0,1017.0,1017.0,1024.0,1102.0,1102.0,1103.0
0.0,10170.0,3433.0,3309.0,0.0,6499.0,2165.0,2165.0,2169.0,1103.0,1103.0,1103.0,1144.0,1144.0,1145.0,3391.0,3391.0,3388.0,2165.0,2165.0,2169.0,1103.0,1103.0,1103.0
0.0,6737.0,3468.0,3313.0,3058.0,6925.0,2308.0,2308.0,2309.0,1104.0,1104.0,1105.0,1156.0,1156.0,1156.0,2247.0,2247.0,2243.0,2308.0,2308.0,2309.0,1104.0,1104.0,1105.0
0.0,6327.0,3376.0,3315.0,6499.0,3810.0,1272.0,1272.0,1266.0,1105.0,1105.0,1105.0,1125.0,1125.0,1126.0,2108.0,2108.0,2111.0,1272.0,1272.0,1266.0,1105.0,1105.0,1105.0
0.0,9450.0,3340.0,3315.0,6925.0,225.0,77.0,77.0,71.0,1105.0,1105.0,1105.0,1113.0,1113.0,1114.0,3148.0,3148.0,3154.0,77.0,77.0,71.0,1105.0,1105.0,1105.0
0.0,13035.0,3346.0,3318.0,3810.0,0.0,0.0,0.0,0.0,1106.0,1106.0,1106.0,1115.0,1115.0,1116.0,4343.0,4343.0,4349.0,0.0,0.0,0.0,1106.0,1106.0,1106.0
0.0,13499.0,3505.0,3322.0,225.0,3069.0,1019.0,1019.0,1031.0,1107.0,1107.0,1108.0,1168.0,1168.0,1169.0,4500.0,4500.0,4499.0,1019.0,1019.0,1031.0,1107.0,1107.0,1108.0
0.0,10219.0,3499.0,3325.0,0.0,6580.0,2189.0,2189.0,2202.0,1108.0,1108.0,1109.0,1166.0,1166.0,1167.0,3409.0,3409.0,3401.0,2189.0,2189.0,2202.0,1108.0,1108.0,1109.0
0.0,6720.0,3373.0,3325.0,3069.0,6884.0,2294.0,2294.0,2296.0,1108.0,1108.0,1109.0,1124.0,1124.0,1125.0,2243.0,2243.0,2234.0,2294.0,2294.0,2296.0,1108.0,1108.0,1109.0
0.0,6416.0,3267.0,3327.0,6580.0,3579.0,1198.0,1198.0,1183.0,1109.0,1109.0,1109.0,1089.0,1089.0,1089.0,2138.0,2138.0,2140.0,1198.0,1198.0,1183.0,1109.0,1109.0,1109.0
0.0,9729.0,3298.0,3325.0,6884.0,0.0,0.0,0.0,0.0,1108.0,1108.0,1109.0,1099.0,1099.0,1100.0,3238.0,3238.0,3253.0,0.0,0.0,0.0,1108.0,1108.0,1109.0
0.0,13315.0,3544.0,3331.0,3579.0,0.0,0.0,0.0,0.0,1110.0,1110.0,1111.0,1181.0,1181.0,1182.0,4433.0,4433.0,4449.0,0.0,0.0,0.0,1110.0,1110.0,1111.0
0.0,13350.0,3403.0,3333.0,0.0,3385.0,1128.0,1128.0,1129.0,1111.0,1111.0,1111.0,1134.0,1134.0,1135.0,4450.0,4450.0,4450.0,1128.0,1128.0,1129.0,1111.0,1111.0,1111.0
0.0,9947.0,3507.0,3339.0,0.0,6916.0,2305.0,2305.0,2306.0,1113.0,1113.0,1113.0,1169.0,1169.0,1169.0,3316.0,3316.0,3315.0,2305.0,2305.0,2306.0,1113.0,1113.0,1113.0
0.0,6440.0,3406.0,3339.0,3385.0,6937.0,2312.0,2312.0,2313.0,1113.0,1113.0,1113.0,1135.0,1135.0,1136.0,2147.0,2147.0,2146.0,2312.0,2312.0,2313.0,1113.0,1113.0,1113.0
0.0,6419.0,3265.0,3339.0,6916.0,3286.0,1095.0,1095.0,1096.0,1113.0,1113.0,1113.0,1088.0,1088.0,1089.0,2140.0,2140.0,2139.0,1095.0,1095.0,1096.0,1113.0,1113.0,1113.0
0.0,10070.0,3357.0,3337.0,6937.0,0.0,0.0,0.0,0.0,1112.0,1112.0,1113.0,1119.0,1119.0,1119.0,3357.0,3357.0,3356.0,0.0,0.0,0.0,1112.0,1112.0,1113.0
0.0,13650.0,3436.0,3337.0,3286.0,0.0,0.0,0.0,0.0,1112.0,1112.0,1113.0,1145.0,1145.0,1146.0,4550.0,4550.0,4550.0,0.0,0.0,0.0,1112.0,1112.0,1113.0
0.0,13500.0,3282.0,3337.0,0.0,3130.0,1042.0,1042.0,1046.0,1112.0,1112.0,1113.0,1094.0,1094.0,1094.0,4500.0,4500.0,4500.0,1042.0,1042.0,1046.0,1112.0,1112.0,1113.0
0.0,10218.0,3306.0,3337.0,0.0,6436.0,2144.0,2144.0,2148.0,1112.0,1112.0,1113.0,1102.0,1102.0,1102.0,3406.0,3406.0,3406.0,2144.0,2144.0,2148.0,1112.0,1112.0,1113.0
0.0,6912.0,3289.0,3339.0,3130.0,6603.0,2202.0,2202.0,2199.0,1113.0,1113.0,1113.0,1096.0,1096.0,1097.0,2304.0,2304.0,2304.0,2202.0,2202.0,2199.0,1113.0,1113.0,1113.0
0.0,6753.0,3369.0,3342.0,6436.0,3548.0,1185.0,1185.0,1178.0,1114.0,1114.0,1114.0,1123.0,1123.0,1123.0,2250.0,2250.0,2253.0,1185.0,1185.0,1178.0,1114.0,1114.0,1114.0
0.0,9820.0,3313.0,3342.0,6603.0,258.0,87.0,87.0,84.0,1114.0,1114.0,1114.0,1104.0,1104.0,1105.0,3271.0,3271.0,3278.0,87.0,87.0,84.0,1114.0,1114.0,1114.0
0.0,13110.0,3300.0,3342.0,3548.0,10.0,2.0,2.0,6.0,1114.0,1114.0,1114.0,1100.0,1100.0,1100.0,4369.0,4369.0,4372.0,2.0,2.0,6.0,1114.0,1114.0,1114.0
0.0,13358.0,3448.0,3346.0,258.0,3216.0,1068.0,1068.0,1080.0,1115.0,1115.0,1116.0,1149.0,1149.0,1150.0,4454.0,4454.0,4450.0,1068.0,1068.0,1080.0,1115.0,1115.0,1116.0
0.0,10168.0,3270.0,3345.0,10.0,6472.0,2156.0,2156.0,2160.0,1115.0,1115.0,1115.0,1090.0,1090.0,1090.0,3392.0,3392.0,3384.0,2156.0,2156.0,2160.0,1115.0,1115.0,1115.0
0.0,6908.0,3298.0,3346.0,3216.0,6558.0,2187.0,2187.0,2184.0,1115.0,1115.0,1116.0,1099.0,1099.0,1100.0,2304.0,2304.0,2300.0,2187.0,2187.0,2184.0,1115.0,1115.0,1116.0
0.0,6826.0,3412.0,3348.0,6472.0,3506.0,1172.0,1172.0,1162.0,1116.0,1116.0,1116.0,1137.0,1137.0,1138.0,2273.0,2273.0,2280.0,1172.0,1172.0,1162.0,1116.0,1116.0,1116.0
0.0,9886.0,3330.0,3352.0,6558.0,294.0,99.0,99.0,96.0,1117.0,1117.0,1118.0,1110.0,1110.0,1110.0,3292.0,3292.0,3302.0,99.0,99.0,96.0,1117.0,1117.0,1118.0
0.0,13114.0,3210.0,3351.0,3506.0,0.0,0.0,0.0,0.0,1117.0,1117.0,1117.0,1070.0,1070.0,1070.0,4369.0,4369.0,4376.0,0.0,0.0,0.0,1117.0,1117.0,1117.0
0.0,13410.0,3426.0,3354.0,294.0,3138.0,1044.0,1044.0,1050.0,1118.0,1118.0,1118.0,1142.0,1142.0,1142.0,4471.0,4471.0,4468.0,1044.0,1044.0,1050.0,1118.0,1118.0,1118.0
0.0,10278.0,3169.0,3351.0,0.0,6295.0,2096.0,2096.0,2103.0,1117.0,1117.0,1117.0,1056.0,1056.0,1057.0,3428.0,3428.0,3422.0,2096.0,2096.0,2103.0,1117.0,1117.0,1117.0
0.0,7109.0,3355.0,3354.0,3138.0,6524.0,2174.0,2174.0,2176.0,1118.0,1118.0,1118.0,1118.0,1118.0,1119.0,2372.0,2372.0,2365.0,2174.0,2174.0,2176.0,1118.0,1118.0,1118.0
0.0,6892.0,3349.0,3352.0,6295.0,3570.0,1190.0,1190.0,1190.0,1117.0,1117.0,1118.0,1116.0,1116.0,1117.0,2298.0,2298.0,2296.0,1190.0,1190.0,1190.0,1117.0,1117.0,1118.0
0.0,9838.0,3427.0,3355.0,6524.0,485.0,162.0,162.0,161.0,1118.0,1118.0,1119.0,1142.0,1142.0,1143.0,3278.0,3278.0,3282.0,162.0,162.0,161.0,1118.0,1118.0,1119.0
0.0,12935.0,3382.0,3357.0,3570.0,305.0,103.0,103.0,99.0,1119.0,1119.0,1119.0,1127.0,1127.0,1128.0,4310.0,4310.0,4315.0,103.0,103.0,99.0,1119.0,1119.0,1119.0
0.0,13123.0,3361.0,3358.0,485.0,3185.0,1061.0,1061.0,1063.0,1119.0,1119.0,1120.0,1120.0,1120.0,1121.0,4373.0,4373.0,4377.0,1061.0,1061.0,1063.0,1119.0,1119.0,1120.0
0.0,10247.0,3352.0,3358.0,305.0,6232.0,2075.0,2075.0,2082.0,1119.0,1119.0,1120.0,1117.0,1117.0,1118.0,3415.0,3415.0,3417.0,2075.0,2075.0,2082.0,1119.0,1119.0,1120.0
0.0,7200.0,3340.0,3357.0,3185.0,6383.0,2127.0,2127.0,2129.0,1119.0,1119.0,1119.0,1113.0,1113.0,1114.0,2401.0,2401.0,2398.0,2127.0,2127.0,2129.0,1119.0,1119.0,1119.0
0.0,7045.0,3241.0,3357.0,6232.0,3392.0,1132.0,1132.0,1128.0,1119.0,1119.0,1119.0,1080.0,1080.0,1081.0,2349.0,2349.0,2347.0,1132.0,1132.0,1128.0,1119.0,1119.0,1119.0
0.0,10036.0,3354.0,3358.0,6383.0,367.0,123.0,123.0,121.0,1119.0,1119.0,1120.0,1118.0,1118.0,1118.0,3344.0,3344.0,3348.0,123.0,123.0,121.0,1119.0,1119.0,1120.0
0.0,13065.0,3358.0,3357.0,3392.0,329.0,110.0,110.0,109.0,1119.0,1119.0,1119.0,1119.0,1119.0,1120.0,4353.0,4353.0,4359.0,110.0,110.0,109.0,1119.0,1119.0,1119.0
0.0,13099.0,3447.0,3358.0,367.0,3413.0,1136.0,1136.0,1141.0,1119.0,1119.0,1120.0,1149.0,1149.0,1149.0,4366.0,4366.0,4367.0,1136.0,1136.0,1141.0,1119.0,1119.0,1120.0
0.0,10019.0,3397.0,3361.0,329.0,6493.0,2162.0,2162.0,2169.0,1120.0,1120.0,1121.0,1132.0,1132.0,1133.0,3340.0,3340.0,3339.0,2162.0,2162.0,2169.0,1120.0,1120.0,1121.0
0.0,6951.0,3366.0,3363.0,3413.0,6454.0,2152.0,2152.0,2150.0,1121.0,1121.0,1121.0,1122.0,1122.0,1122.0,2318.0,2318.0,2315.0,2152.0,2152.0,2150.0,1121.0,1121.0,1121.0
0.0,6998.0,3523.0,3369.0,6493.0,3508.0,1172.0,1172.0,1164.0,1123.0,1123.0,1123.0,1174.0,1174.0,1175.0,2332.0,2332.0,2334.0,1172.0,1172.0,1164.0,1123.0,1123.0,1123.0
0.0,9968.0,3490.0,3370.0,6454.0,548.0,183.0,183.0,182.0,1123.0,1123.0,1124.0,1163.0,1163.0,1164.0,3320.0,3320.0,3328.0,183.0,183.0,182.0,1123.0,1123.0,1124.0
0.0,12932.0,3372.0,3370.0,3508.0,412.0,135.0,135.0,142.0,1123.0,1123.0,1124.0,1124.0,1124.0,1124.0,4309.0,4309.0,4314.0,135.0,135.0,142.0,1123.0,1123.0,1124.0
0.0,13068.0,3448.0,3370.0,548.0,3312.0,1101.0,1101.0,1110.0,1123.0,1123.0,1124.0,1149.0,1149.0,1150.0,4357.0,4357.0,4354.0,1101.0,1101.0,1110.0,1123.0,1123.0,1124.0
0.0,10168.0,3355.0,3370.0,412.0,6255.0,2084.0,2084.0,2087.0,1123.0,1123.0,1124.0,1118.0,1118.0,1119.0,3391.0,3391.0,3386.0,2084.0,2084.0,2087.0,1123.0,1123.0,1124.0
0.0,7225.0,3474.0,3370.0,3312.0,6417.0,2141.0,2141.0,2135.0,1123.0,1123.0,1124.0,1158.0,1158.0,1158.0,2408.0,2408.0,2409.0,2141.0,2141.0,2135.0,1123.0,1123.0,1124.0
0.0,7063.0,3312.0,3370.0,6255.0,3474.0,1161.0,1161.0,1152.0,1123.0,1123.0,1124.0,1104.0,1104.0,1104.0,2351.0,2351.0,2361.0,1161.0,1161.0,1152.0,1123.0,1123.0,1124.0
0.0,10006.0,3478.0,3373.0,6417.0,547.0,183.0,183.0,181.0,1124.0,1124.0,1125.0,1159.0,1159.0,1160.0,3331.0,3331.0,3344.0,183.0,183.0,181.0,1124.0,1124.0,1125.0
0.0,12945.0,3379.0,3373.0,3474.0,452.0,148.0,148.0,156.0,1124.0,1124.0,1125.0,1126.0,1126.0,1127.0,4313.0,4313.0,4319.0,148.0,148.0,156.0,1124.0,1124.0,1125.0
0.0,13040.0,3499.0,3373.0,547.0,3404.0,1131.0,1131.0,1142.0,1124.0,1124.0,1125.0,1166.0,1166.0,1167.0,4348.0,4348.0,4344.0,1131.0,1131.0,1142.0,1124.0,1124.0,1125.0
0.0,10088.0,3426.0,3373.0,452.0,6378.0,2125.0,2125.0,2128.0,1124.0,1124.0,1125.0,1142.0,1142.0,1142.0,3365.0,3365.0,3358.0,2125.0,2125.0,2128.0,1124.0,1124.0,1125.0
0.0,7114.0,3448.0,3376.0,3404.0,6434.0,2147.0,2147.0,2140.0,1125.0,1125.0,1126.0,1149.0,1149.0,1150.0,2371.0,2371.0,2372.0,2147.0,2147.0,2140.0,1125.0,1125.0,1126.0
0.0,7070.0,3364.0,3376.0,6378.0,3420.0,1143.0,1143.0,1134.0,1125.0,1125.0,1126.0,1121.0,1121.0,1122.0,2353.0,2353.0,2364.0,1143.0,1143.0,1134.0,1125.0,1125.0,1126.0
0.0,10084.0,3571.0,3378.0,6434.0,565.0,190.0,190.0,185.0,1126.0,1126.0,1126.0,1190.0,1190.0,1191.0,3357.0,3357.0,3370.0,190.0,190.0,185.0,1126.0,1126.0,1126.0
0.0,12947.0,3510.0,3378.0,3420.0,655.0,217.0,217.0,221.0,1126.0,1126.0,1126.0,1170.0,1170.0,1170.0,4314.0,4314.0,4319.0,217.0,217.0,221.0,1126.0,1126.0,1126.0
0.0,12857.0,3423.0,3379.0,565.0,3517.0,1168.0,1168.0,1181.0,1126.0,1126.0,1127.0,1141.0,1141.0,1141.0,4287.0,4287.0,4283.0,1168.0,1168.0,1181.0,1126.0,1126.0,1127.0
0.0,9999.0,3361.0,3381.0,655.0,6231.0,2075.0,2075.0,2081.0,1127.0,1127.0,1127.0,1120.0,1120.0,1121.0,3336.0,3336.0,3327.0,2075.0,2075.0,2081.0,1127.0,1127.0,1127.0
0.0,7293.0,3360.0,3382.0,3517.0,6078.0,2027.0,2027.0,2024.0,1127.0,1127.0,1128.0,1120.0,1120.0,1120.0,2433.0,2433.0,2427.0,2027.0,2027.0,2024.0,1127.0,1127.0,1128.0
0.0,7450.0,3408.0,3379.0,6231.0,3243.0,1084.0,1084.0,1075.0,1126.0,1126.0,1127.0,1136.0,1136.0,1136.0,2481.0,2481.0,2488.0,1084.0,1084.0,1075.0,1126.0,1126.0,1127.0
0.0,10273.0,3594.0,3382.0,6078.0,771.0,259.0,259.0,253.0,1127.0,1127.0,1128.0,1198.0,1198.0,1198.0,3420.0,3420.0,3433.0,259.0,259.0,253.0,1127.0,1127.0,1128.0
0.0,12757.0,3502.0,3382.0,3243.0,1030.0,342.0,342.0,346.0,1127.0,1127.0,1128.0,1167.0,1167.0,1168.0,4249.0,4249.0,4259.0,342.0,342.0,346.0,1127.0,1127.0,1128.0
0.0,12498.0,3495.0,3385.0,771.0,3766.0,1252.0,1252.0,1262.0,1128.0,1128.0,1129.0,1165.0,1165.0,1165.0,4166.0,4166.0,4166.0,1252.0,1252.0,1262.0,1128.0,1128.0,1129.0
0.0,9774.0,3471.0,3388.0,1030.0,6219.0,2071.0,2071.0,2077.0,1129.0,1129.0,1130.0,1157.0,1157.0,1157.0,3260.0,3260.0,3254.0,2071.0,2071.0,2077.0,1129.0,1129.0,1130.0
0.0,7333.0,3367.0,3388.0,3766.0,5820.0,1941.0,1941.0,1938.0,1129.0,1129.0,1130.0,1122.0,1122.0,1123.0,2445.0,2445.0,2443.0,1941.0,1941.0,1938.0,1129.0,1129.0,1130.0
0.0,7732.0,3477.0,3390.0,6219.0,3086.0,1033.0,1033.0,1020.0,1130.0,1130.0,1130.0,1159.0,1159.0,1159.0,2575.0,2575.0,2582.0,1033.0,1033.0,1020.0,1130.0,1130.0,1130.0
0.0,10474.0,3324.0,3390.0,5820.0,590.0,200.0,200.0,190.0,1130.0,1130.0,1130.0,1108.0,1108.0,1108.0,3487.0,3487.0,3500.0,200.0,200.0,190.0,1130.0,1130.0,1130.0
0.0,12970.0,3438.0,3393.0,3086.0,954.0,317.0,317.0,320.0,1131.0,1131.0,1131.0,1146.0,1146.0,1146.0,4320.0,4320.0,4330.0,317.0,317.0,320.0,1131.0,1131.0,1131.0
0.0,12618.0,3438.0,3396.0,590.0,3814.0,1267.0,1267.0,1280.0,1132.0,1132.0,1132.0,1146.0,1146.0,1146.0,4207.0,4207.0,4204.0,1267.0,1267.0,1280.0,1132.0,1132.0,1132.0
0.0,9770.0,3331.0,3396.0,954.0,6191.0,2060.0,2060.0,2071.0,1132.0,1132.0,1132.0,1110.0,1110.0,1111.0,3261.0,3261.0,3248.0,2060.0,2060.0,2071.0,1132.0,1132.0,1132.0
0.0,7393.0,3387.0,3397.0,3814.0,5768.0,1922.0,1922.0,1924.0,1132.0,1132.0,1133.0,1129.0,1129.0,1129.0,2468.0,2468.0,2457.0,1922.0,1922.0,1924.0,1132.0,1132.0,1133.0
0.0,7820.0,3394.0,3399.0,6191.0,2979.0,997.0,997.0,985.0,1133.0,1133.0,1133.0,1131.0,1131.0,1132.0,2606.0,2606.0,2608.0,997.0,997.0,985.0,1133.0,1133.0,1133.0
0.0,10617.0,3474.0,3399.0,5768.0,685.0,233.0,233.0,219.0,1133.0,1133.0,1133.0,1158.0,1158.0,1158.0,3535.0,3535.0,3547.0,233.0,233.0,219.0,1133.0,1133.0,1133.0
0.0,12911.0,3288.0,3399.0,2979.0,994.0,332.0,332.0,330.0,1133.0,1133.0,1133.0,1096.0,1096.0,1096.0,4299.0,4299.0,4313.0,332.0,332.0,330.0,1133.0,1133.0,1133.0
0.0,12602.0,3354.0,3400.0,685.0,3667.0,1217.0,1217.0,1233.0,1133.0,1133.0,1134.0,1118.0,1118.0,1118.0,4200.0,4200.0,4202.0,1217.0,1217.0,1233.0,1133.0,1133.0,1134.0
0.0,9933.0,3403.0,3400.0,994.0,6076.0,2019.0,2019.0,2038.0,1133.0,1133.0,1134.0,1134.0,1134.0,1135.0,3315.0,3315.0,3303.0,2019.0,2019.0,2038.0,1133.0,1133.0,1134.0
0.0,7524.0,3448.0,3402.0,3667.0,5865.0,1955.0,1955.0,1955.0,1134.0,1134.0,1134.0,1149.0,1149.0,1150.0,2513.0,2513.0,2498.0,1955.0,1955.0,1955.0,1134.0,1134.0,1134.0
0.0,7743.0,3367.0,3405.0,6076.0,3168.0,1062.0,1062.0,1044.0,1135.0,1135.0,1135.0,1122.0,1122.0,1123.0,2581.0,2581.0,2581.0,1062.0,1062.0,1044.0,1135.0,1135.0,1135.0
0.0,10452.0,3369.0,3405.0,5865.0,672.0,230.0,230.0,212.0,1135.0,1135.0,1135.0,1123.0,1123.0,1123.0,3478.0,3478.0,3496.0,230.0,230.0,212.0,1135.0,1135.0,1135.0
0.0,12948.0,3381.0,3408.0,3168.0,897.0,299.0,299.0,299.0,1136.0,1136.0,1136.0,1127.0,1127.0,1127.0,4310.0,4310.0,4328.0,299.0,299.0,299.0,1136.0,1136.0,1136.0
0.0,12735.0,3411.0,3409.0,672.0,3640.0,1206.0,1206.0,1228.0,1136.0,1136.0,1137.0,1137.0,1137.0,1137.0,4245.0,4245.0,4245.0,1206.0,1206.0,1228.0,1136.0,1136.0,1137.0
0.0,9996.0,3408.0,3411.0,897.0,6159.0,2047.0,2047.0,2065.0,1137.0,1137.0,1137.0,1136.0,1136.0,1136.0,3338.0,3338.0,3320.0,2047.0,2047.0,2065.0,1137.0,1137.0,1137.0
0.0,7485.0,3462.0,3411.0,3640.0,5981.0,1995.0,1995.0,1991.0,1137.0,1137.0,1137.0,1154.0,1154.0,1154.0,2501.0,2501.0,2483.0,1995.0,1995.0,1991.0,1137.0,1137.0,1137.0
0.0,7663.0,3520.0,3414.0,6159.0,3354.0,1125.0,1125.0,1104.0,1138.0,1138.0,1138.0,1173.0,1173.0,1174.0,2553.0,2553.0,2557.0,1125.0,1125.0,1104.0,1138.0,1138.0,1138.0
0.0,10302.0,3442.0,3415.0,5981.0,819.0,277.0,277.0,265.0,1138.0,1138.0,1139.0,1147.0,1147.0,1148.0,3427.0,3427.0,3448.0,277.0,277.0,265.0,1138.0,1138.0,1139.0
0.0,12841.0,3508.0,3418.0,3354.0,985.0,325.0,325.0,335.0,1139.0,1139.0,1140.0,1169.0,1169.0,1170.0,4275.0,4275.0,4291.0,325.0,325.0,335.0,1139.0,1139.0,1140.0
0.0,12687.0,3396.0,3420.0,819.0,3570.0,1184.0,1184.0,1202.0,1140.0,1140.0,1140.0,1132.0,1132.0,1132.0,4231.0,4231.0,4225.0,1184.0,1184.0,1202.0,1140.0,1140.0,1140.0
0.0,10110.0,3399.0,3423.0,985.0,5996.0,1996.0,1996.0,2004.0,1141.0,1141.0,1141.0,1133.0,1133.0,1133.0,3376.0,3376.0,3358.0,1996.0,1996.0,2004.0,1141.0,1141.0,1141.0
0.0,7696.0,3486.0,3426.0,3570.0,5924.0,1978.0,1978.0,1968.0,1142.0,1142.0,1142.0,1162.0,1162.0,1162.0,2568.0,2568.0,2560.0,1978.0,1978.0,1968.0,1142.0,1142.0,1142.0
0.0,7780.0,3330.0,3424.0,5996.0,3250.0,1088.0,1088.0,1074.0,1141.0,1141.0,1142.0,1110.0,1110.0,1110.0,2590.0,2590.0,2600.0,1088.0,1088.0,1074.0,1141.0,1141.0,1142.0
0.0,10446.0,3427.0,3424.0,5924.0,753.0,252.0,252.0,249.0,1141.0,1141.0,1142.0,1142.0,1142.0,1143.0,3476.0,3476.0,3494.0,252.0,252.0,249.0,1141.0,1141.0,1142.0
0.0,12943.0,3460.0,3426.0,3250.0,971.0,321.0,321.0,329.0,1142.0,1142.0,1142.0,1153.0,1153.0,1154.0,4312.0,4312.0,4319.0,321.0,321.0,329.0,1142.0,1142.0,1142.0
0.0,12733.0,3400.0,3426.0,753.0,3618.0,1202.0,1202.0,1214.0,1142.0,1142.0,1142.0,1133.0,1133.0,1134.0,4247.0,4247.0,4239.0,1202.0,1202.0,1214.0,1142.0,1142.0,1142.0
0.0,10086.0,3511.0,3426.0,971.0,6158.0,2051.0,2051.0,2056.0,1142.0,1142.0,1142.0,1170.0,1170.0,1171.0,3366.0,3366.0,3354.0,2051.0,2051.0,2056.0,1142.0,1142.0,1142.0
0.0,7546.0,3549.0,3427.0,3618.0,6093.0,2032.0,2032.0,2029.0,1142.0,1142.0,1143.0,1183.0,1183.0,1183.0,2517.0,2517.0,2512.0,2032.0,2032.0,2029.0,1142.0,1142.0,1143.0
0.0,7615.0,3456.0,3429.0,6158.0,3399.0,1137.0,1137.0,1125.0,1143.0,1143.0,1143.0,1152.0,1152.0,1152.0,2536.0,2536.0,2543.0,1137.0,1137.0,1125.0,1143.0,1143.0,1143.0
0.0,10317.0,3456.0,3429.0,6093.0,762.0,257.0,257.0,248.0,1143.0,1143.0,1143.0,1152.0,1152.0,1152.0,3435.0,3435.0,3447.0,257.0,257.0,248.0,1143.0,1143.0,1143.0
0.0,12954.0,3414.0,3430.0,3399.0,781.0,258.0,258.0,265.0,1143.0,1143.0,1144.0,1138.0,1138.0,1138.0,4315.0,4315.0,4324.0,258.0,258.0,265.0,1143.0,1143.0,1144.0
0.0,12939.0,3529.0,3430.0,762.0,3548.0,1177.0,1177.0,1194.0,1143.0,1143.0,1144.0,1176.0,1176.0,1177.0,4314.0,4314.0,4311.0,1177.0,1177.0,1194.0,1143.0,1143.0,1144.0
0.0,10172.0,3469.0,3433.0,781.0,6248.0,2079.0,2079.0,2090.0,1144.0,1144.0,1145.0,1156.0,1156.0,1157.0,3395.0,3395.0,3382.0,2079.0,2079.0,2090.0,1144.0,1144.0,1145.0
0.0,7484.0,3628.0,3436.0,3548.0,6340.0,2115.0,2115.0,2110.0,1145.0,1145.0,1146.0,1209.0,1209.0,1210.0,2497.0,2497.0,2490.0,2115.0,2115.0,2110.0,1145.0,1145.0,1146.0
0.0,7404.0,3474.0,3438.0,6248.0,3574.0,1198.0,1198.0,1178.0,1146.0,1146.0,1146.0,1158.0,1158.0,1158.0,2465.0,2465.0,2474.0,1198.0,1198.0,1178.0,1146.0,1146.0,1146.0
0.0,10178.0,3658.0,3442.0,6340.0,908.0,306.0,306.0,296.0,1147.0,1147.0,1148.0,1219.0,1219.0,1220.0,3386.0,3386.0,3406.0,306.0,306.0,296.0,1147.0,1147.0,1148.0
0.0,12860.0,3615.0,3445.0,3574.0,961.0,317.0,317.0,327.0,1148.0,1148.0,1149.0,1205.0,1205.0,1205.0,4282.0,4282.0,4296.0,317.0,317.0,327.0,1148.0,1148.0,1149.0
0.0,12819.0,3496.0,3447.0,908.0,3557.0,1180.0,1180.0,1197.0,1149.0,1149.0,1149.0,1165.0,1165.0,1166.0,4275.0,4275.0,4269.0,1180.0,1180.0,1197.0,1149.0,1149.0,1149.0
0.0,10231.0,3474.0,3448.0,961.0,6074.0,2021.0,2021.0,2032.0,1149.0,1149.0,1150.0,1158.0,1158.0,1158.0,3416.0,3416.0,3399.0,2021.0,2021.0,2032.0,1149.0,1149.0,1150.0
0.0,7718.0,3513.0,3447.0,3557.0,6026.0,2012.0,2012.0,2002.0,1149.0,1149.0,1149.0,1171.0,1171.0,1171.0,2575.0,2575.0,2568.0,2012.0,2012.0,2002.0,1149.0,1149.0,1149.0
0.0,7762.0,3538.0,3448.0,6074.0,3494.0,1170.0,1170.0,1154.0,1149.0,1149.0,1150.0,1179.0,1179.0,1180.0,2584.0,2584.0,2594.0,1170.0,1170.0,1154.0,1149.0,1149.0,1150.0
0.0,10298.0,3492.0,3450.0,6026.0,968.0,326.0,326.0,316.0,1150.0,1150.0,1150.0,1164.0,1164.0,1164.0,3426.0,3426.0,3446.0,326.0,326.0,316.0,1150.0,1150.0,1150.0
0.0,12832.0,3583.0,3453.0,3494.0,1069.0,354.0,354.0,361.0,1151.0,1151.0,1151.0,1194.0,1194.0,1195.0,4274.0,4274.0,4284.0,354.0,354.0,361.0,1151.0,1151.0,1151.0
0.0,12743.0,3471.0,3456.0,968.0,3584.0,1189.0,1189.0,1206.0,1152.0,1152.0,1152.0,1157.0,1157.0,1157.0,4250.0,4250.0,4243.0,1189.0,1189.0,1206.0,1152.0,1152.0,1152.0
0.0,10240.0,3409.0,3456.0,1069.0,5924.0,1971.0,1971.0,1982.0,1152.0,1152.0,1152.0,1136.0,1136.0,1137.0,3419.0,3419.0,3402.0,1971.0,1971.0,1982.0,1152.0,1152.0,1152.0
0.0,7900.0,3486.0,3453.0,3584.0,5814.0,1940.0,1940.0,1934.0,1151.0,1151.0,1151.0,1162.0,1162.0,1162.0,2637.0,2637.0,2626.0,1940.0,1940.0,1934.0,1151.0,1151.0,1151.0
0.0,7998.0,3537.0,3454.0,5924.0,3431.0,1148.0,1148.0,1135.0,1151.0,1151.0,1152.0,1179.0,1179.0,1179.0,2664.0,2664.0,2670.0,1148.0,1148.0,1135.0,1151.0,1151.0,1152.0
0.0,10385.0,3583.0,3456.0,5814.0,1208.0,406.0,406.0,396.0,1152.0,1152.0,1152.0,1194.0,1194.0,1195.0,3456.0,3456.0,3473.0,406.0,406.0,396.0,1152.0,1152.0,1152.0
0.0,12616.0,3573.0,3457.0,3431.0,1354.0,449.0,449.0,456.0,1152.0,1152.0,1153.0,1191.0,1191.0,1191.0,4202.0,4202.0,4212.0,449.0,449.0,456.0,1152.0,1152.0,1153.0
0.0,12474.0,3525.0,3460.0,1208.0,3683.0,1222.0,1222.0,1239.0,1153.0,1153.0,1154.0,1175.0,1175.0,1175.0,4159.0,4159.0,4156.0,1222.0,1222.0,1239.0,1153.0,1153.0,1154.0
0.0,10157.0,3612.0,3463.0,1354.0,5953.0,1981.0,1981.0,1991.0,1154.0,1154.0,1155.0,1204.0,1204.0,1204.0,3390.0,3390.0,3377.0,1981.0,1981.0,1991.0,1154.0,1154.0,1155.0
0.0,7899.0,3489.0,3466.0,3683.0,5771.0,1926.0,1926.0,1919.0,1155.0,1155.0,1156.0,1163.0,1163.0,1163.0,2635.0,2635.0,2629.0,1926.0,1926.0,1919.0,1155.0,1155.0,1156.0
0.0,8093.0,3436.0,3466.0,5953.0,3254.0,1090.0,1090.0,1074.0,1155.0,1155.0,1156.0,1145.0,1145.0,1146.0,2694.0,2694.0,2705.0,1090.0,1090.0,1074.0,1155.0,1155.0,1156.0
0.0,10610.0,3583.0,3469.0,5771.0,1078.0,362.0,362.0,354.0,1156.0,1156.0,1157.0,1194.0,1194.0,1195.0,3530.0,3530.0,3550.0,362.0,362.0,354.0,1156.0,1156.0,1157.0
0.0,12798.0,3370.0,3471.0,3254.0,1202.0,399.0,399.0,404.0,1157.0,1157.0,1157.0,1123.0,1123.0,1124.0,4262.0,4262.0,4274.0,399.0,399.0,404.0,1157.0,1157.0,1157.0
0.0,12682.0,3541.0,3474.0,1078.0,3677.0,1221.0,1221.0,1235.0,1158.0,1158.0,1158.0,1180.0,1180.0,1181.0,4229.0,4229.0,4224.0,1221.0,1221.0,1235.0,1158.0,1158.0,1158.0
0.0,10219.0,3528.0,3475.0,1202.0,6007.0,1998.0,1998.0,2011.0,1158.0,1158.0,1159.0,1176.0,1176.0,1176.0,3411.0,3411.0,3397.0,1998.0,1998.0,2011.0,1158.0,1158.0,1159.0
0.0,7893.0,3388.0,3474.0,3677.0,5714.0,1906.0,1906.0,1902.0,1158.0,1158.0,1158.0,1129.0,1129.0,1130.0,2634.0,2634.0,2625.0,1906.0,1906.0,1902.0,1158.0,1158.0,1158.0
0.0,8182.0,3606.0,3480.0,6007.0,3337.0,1118.0,1118.0,1101.0,1160.0,1160.0,1160.0,1202.0,1202.0,1202.0,2726.0,2726.0,2730.0,1118.0,1118.0,1101.0,1160.0,1160.0,1160.0
0.0,10583.0,3396.0,3481.0,5714.0,1023.0,344.0,344.0,335.0,1160.0,1160.0,1161.0,1132.0,1132.0,1132.0,3522.0,3522.0,3539.0,344.0,344.0,335.0,1160.0,1160.0,1161.0
0.0,12901.0,3354.0,3480.0,3337.0,1036.0,344.0,344.0,348.0,1160.0,1160.0,1160.0,1118.0,1118.0,1118.0,4296.0,4296.0,4309.0,344.0,344.0,348.0,1160.0,1160.0,1160.0
0.0,12884.0,3519.0,3481.0,1023.0,3536.0,1173.0,1173.0,1190.0,1160.0,1160.0,1161.0,1173.0,1173.0,1173.0,4296.0,4296.0,4292.0,1173.0,1173.0,1190.0,1160.0,1160.0,1161.0
0.0,10388.0,3427.0,3483.0,1036.0,5935.0,1975.0,1975.0,1985.0,1161.0,1161.0,1161.0,1142.0,1142.0,1143.0,3467.0,3467.0,3454.0,1975.0,1975.0,1985.0,1161.0,1161.0,1161.0
0.0,7997.0,3564.0,3486.0,3536.0,5975.0,1994.0,1994.0,1987.0,1162.0,1162.0,1162.0,1188.0,1188.0,1188.0,2669.0,2669.0,2659.0,1994.0,1994.0,1987.0,1162.0,1162.0,1162.0
0.0,7969.0,3447.0,3487.0,5935.0,3491.0,1168.0,1168.0,1155.0,1162.0,1162.0,1163.0,1149.0,1149.0,1149.0,2654.0,2654.0,2661.0,1168.0,1168.0,1155.0,1162.0,1162.0,1163.0
0.0,10457.0,3508.0,3489.0,5975.0,1032.0,347.0,347.0,338.0,1163.0,1163.0,1163.0,1169.0,1169.0,1170.0,3480.0,3480.0,3497.0,347.0,347.0,338.0,1163.0,1163.0,1163.0
0.0,12924.0,3564.0,3492.0,3491.0,1117.0,371.0,371.0,375.0,1164.0,1164.0,1164.0,1188.0,1188.0,1188.0,4305.0,4305.0,4314.0,371.0,371.0,375.0,1164.0,1164.0,1164.0
0.0,12851.0,3607.0,3495.0,1032.0,3704.0,1230.0,1230.0,1244.0,1165.0,1165.0,1165.0,1202.0,1202.0,1203.0,4285.0,4285.0,4281.0,1230.0,1230.0,1244.0,1165.0,1165.0,1165.0
0.0,10276.0,3552.0,3496.0,1117.0,6143.0,2043.0,2043.0,2057.0,1165.0,1165.0,1166.0,1184.0,1184.0,1184.0,3430.0,3430.0,3416.0,2043.0,2043.0,2057.0,1165.0,1165.0,1166.0
0.0,7841.0,3436.0,3496.0,3704.0,5875.0,1958.0,1958.0,1959.0,1165.0,1165.0,1166.0,1145.0,1145.0,1146.0,2617.0,2617.0,2607.0,1958.0,1958.0,1959.0,1165.0,1165.0,1166.0
0.0,8109.0,3522.0,3496.0,6143.0,3254.0,1089.0,1089.0,1076.0,1165.0,1165.0,1166.0,1174.0,1174.0,1174.0,2702.0,2702.0,2705.0,1089.0,1089.0,1076.0,1165.0,1165.0,1166.0
0.0,10730.0,3594.0,3499.0,5875.0,985.0,333.0,333.0,319.0,1166.0,1166.0,1167.0,1198.0,1198.0,1198.0,3571.0,3571.0,3588.0,333.0,333.0,319.0,1166.0,1166.0,1167.0
0.0,13011.0,3523.0,3502.0,3254.0,1266.0,422.0,422.0,422.0,1167.0,1167.0,1168.0,1174.0,1174.0,1175.0,4331.0,4331.0,4349.0,422.0,422.0,422.0,1167.0,1167.0,1168.0
0.0,12742.0,3535.0,3504.0,985.0,3824.0,1271.0,1271.0,1282.0,1168.0,1168.0,1168.0,1178.0,1178.0,1179.0,4246.0,4246.0,4250.0,1271.0,1271.0,1282.0,1168.0,1168.0,1168.0
0.0,10192.0,3486.0,3507.0,1266.0,6056.0,2015.0,2015.0,2026.0,1169.0,1169.0,1169.0,1162.0,1162.0,1162.0,3401.0,3401.0,3390.0,2015.0,2015.0,2026.0,1169.0,1169.0,1169.0
0.0,7972.0,3537.0,3508.0,3824.0,5773.0,1923.0,1923.0,1927.0,1169.0,1169.0,1170.0,1179.0,1179.0,1179.0,2661.0,2661.0,2650.0,1923.0,1923.0,1927.0,1169.0,1169.0,1170.0
0.0,8259.0,3570.0,3510.0,6056.0,3295.0,1102.0,1102.0,1091.0,1170.0,1170.0,1170.0,1190.0,1190.0,1190.0,2753.0,2753.0,2753.0,1102.0,1102.0,1091.0,1170.0,1170.0,1170.0
0.0,10745.0,3496.0,3513.0,5773.0,1030.0,348.0,348.0,334.0,1171.0,1171.0,1171.0,1165.0,1165.0,1166.0,3578.0,3578.0,3589.0,348.0,348.0,334.0,1171.0,1171.0,1171.0
0.0,13022.0,3654.0,3514.0,3295.0,1393.0,464.0,464.0,465.0,1171.0,1171.0,1172.0,1218.0,1218.0,1218.0,4336.0,4336.0,4350.0,464.0,464.0,465.0,1171.0,1171.0,1172.0
0.0,12663.0,3646.0,3517.0,1030.0,4021.0,1335.0,1335.0,1351.0,1172.0,1172.0,1173.0,1215.0,1215.0,1216.0,4220.0,4220.0,4223.0,1335.0,1335.0,1351.0,1172.0,1172.0,1173.0
0.0,10047.0,3537.0,3519.0,1393.0,6173.0,2054.0,2054.0,2065.0,1173.0,1173.0,1173.0,1179.0,1179.0,1179.0,3353.0,3353.0,3341.0,2054.0,2054.0,2065.0,1173.0,1173.0,1173.0
0.0,7903.0,3589.0,3520.0,4021.0,5745.0,1915.0,1915.0,1915.0,1173.0,1173.0,1174.0,1196.0,1196.0,1197.0,2638.0,2638.0,2627.0,1915.0,1915.0,1915.0,1173.0,1173.0,1174.0
0.0,8335.0,3571.0,3523.0,6173.0,3155.0,1055.0,1055.0,1045.0,1174.0,1174.0,1175.0,1190.0,1190.0,1191.0,2777.0,2777.0,2781.0,1055.0,1055.0,1045.0,1174.0,1174.0,1175.0
0.0,10937.0,3619.0,3526.0,5745.0,1041.0,350.0,350.0,341.0,1175.0,1175.0,1176.0,1206.0,1206.0,1207.0,3641.0,3641.0,3655.0,350.0,350.0,341.0,1175.0,1175.0,1176.0
0.0,13063.0,3681.0,3529.0,3155.0,1579.0,526.0,526.0,527.0,1176.0,1176.0,1177.0,1227.0,1227.0,1227.0,4350.0,4350.0,4363.0,526.0,526.0,527.0,1176.0,1176.0,1177.0
0.0,12537.0,3625.0,3529.0,1041.0,4163.0,1384.0,1384.0,1395.0,1176.0,1176.0,1177.0,1208.0,1208.0,1209.0,4178.0,4178.0,4181.0,1384.0,1384.0,1395.0,1176.0,1176.0,1177.0
0.0,9953.0,3504.0,3531.0,1579.0,6096.0,2030.0,2030.0,2036.0,1177.0,1177.0,1177.0,1168.0,1168.0,1168.0,3320.0,3320.0,3313.0,2030.0,2030.0,2036.0,1177.0,1177.0,1177.0
0.0,8028.0,3579.0,3528.0,4163.0,5500.0,1835.0,1835.0,1830.0,1176.0,1176.0,1176.0,1193.0,1193.0,1193.0,2678.0,2678.0,2672.0,1835.0,1835.0,1830.0,1176.0,1176.0,1176.0
0.0,8612.0,3519.0,3526.0,6096.0,2915.0,974.0,974.0,967.0,1175.0,1175.0,1176.0,1173.0,1173.0,1173.0,2869.0,2869.0,2874.0,974.0,974.0,967.0,1175.0,1175.0,1176.0
0.0,11189.0,3595.0,3529.0,5500.0,1022.0,341.0,341.0,340.0,1176.0,1176.0,1177.0,1198.0,1198.0,1199.0,3726.0,3726.0,3737.0,341.0,341.0,340.0,1176.0,1176.0,1177.0
0.0,13094.0,3636.0,3532.0,2915.0,1755.0,583.0,583.0,589.0,1177.0,1177.0,1178.0,1212.0,1212.0,1212.0,4363.0,4363.0,4368.0,583.0,583.0,589.0,1177.0,1177.0,1178.0
0.0,12373.0,3570.0,3534.0,1022.0,4311.0,1436.0,1436.0,1439.0,1178.0,1178.0,1178.0,1190.0,1190.0,1190.0,4125.0,4125.0,4123.0,1436.0,1436.0,1439.0,1178.0,1178.0,1178.0
0.0,9825.0,3625.0,3534.0,1755.0,6181.0,2061.0,2061.0,2059.0,1178.0,1178.0,1178.0,1208.0,1208.0,1209.0,3276.0,3276.0,3273.0,2061.0,2061.0,2059.0,1178.0,1178.0,1178.0
0.0,7955.0,3582.0,3537.0,4311.0,5464.0,1823.0,1823.0,1818.0,1179.0,1179.0,1179.0,1194.0,1194.0,1194.0,2651.0,2651.0,2653.0,1823.0,1823.0,1818.0,1179.0,1179.0,1179.0
0.0,8684.0,3583.0,3537.0,6181.0,2866.0,956.0,956.0,954.0,1179.0,1179.0,1179.0,1194.0,1194.0,1195.0,2893.0,2893.0,2898.0,956.0,956.0,954.0,1179.0,1179.0,1179.0
0.0,11282.0,3595.0,3538.0,5464.0,1001.0,331.0,331.0,339.0,1179.0,1179.0,1180.0,1198.0,1198.0,1199.0,3760.0,3760.0,3762.0,331.0,331.0,339.0,1179.0,1179.0,1180.0
0.0,13151.0,3481.0,3540.0,2866.0,1624.0,539.0,539.0,546.0,1180.0,1180.0,1180.0,1160.0,1160.0,1161.0,4385.0,4385.0,4381.0,539.0,539.0,546.0,1180.0,1180.0,1180.0
0.0,12536.0,3586.0,3543.0,1001.0,4221.0,1407.0,1407.0,1407.0,1181.0,1181.0,1181.0,1195.0,1195.0,1196.0,4181.0,4181.0,4174.0,1407.0,1407.0,1407.0,1181.0,1181.0,1181.0
0.0,9951.0,3568.0,3543.0,1624.0,6165.0,2057.0,2057.0,2051.0,1181.0,1181.0,1181.0,1189.0,1189.0,1190.0,3317.0,3317.0,3317.0,2057.0,2057.0,2051.0,1181.0,1181.0,1181.0
0.0,8007.0,3576.0,3543.0,4221.0,5520.0,1842.0,1842.0,1836.0,1181.0,1181.0,1181.0,1192.0,1192.0,1192.0,2667.0,2667.0,2673.0,1842.0,1842.0,1836.0,1181.0,1181.0,1181.0
0.0,8652.0,3633.0,3544.0,6165.0,2992.0,996.0,996.0,1000.0,1181.0,1181.0,1182.0,1211.0,1211.0,1211.0,2882.0,2882.0,2888.0,996.0,996.0,1000.0,1181.0,1181.0,1182.0
0.0,11184.0,3532.0,3544.0,5520.0,1004.0,331.0,331.0,342.0,1181.0,1181.0,1182.0,1177.0,1177.0,1178.0,3728.0,3728.0,3728.0,331.0,331.0,342.0,1181.0,1181.0,1182.0
0.0,13172.0,3648.0,3544.0,2992.0,1660.0,551.0,551.0,558.0,1181.0,1181.0,1182.0,1216.0,1216.0,1216.0,4393.0,4393.0,4386.0,551.0,551.0,558.0,1181.0,1181.0,1182.0
0.0,12516.0,3670.0,3547.0,1004.0,4338.0,1447.0,1447.0,1444.0,1182.0,1182.0,1183.0,1223.0,1223.0,1224.0,4173.0,4173.0,4170.0,1447.0,1447.0,1444.0,1182.0,1182.0,1183.0
0.0,9850.0,3589.0,3550.0,1660.0,6279.0,2096.0,2096.0,2087.0,1183.0,1183.0,1184.0,1196.0,1196.0,1197.0,3281.0,3281.0,3288.0,2096.0,2096.0,2087.0,1183.0,1183.0,1184.0
0.0,7921.0,3559.0,3550.0,4338.0,5500.0,1835.0,1835.0,1830.0,1183.0,1183.0,1184.0,1186.0,1186.0,1187.0,2636.0,2636.0,2649.0,1835.0,1835.0,1830.0,1183.0,1183.0,1184.0
0.0,8700.0,3600.0,3555.0,6279.0,2841.0,947.0,947.0,947.0,1185.0,1185.0,1185.0,1200.0,1200.0,1200.0,2897.0,2897.0,2906.0,947.0,947.0,947.0,1185.0,1185.0,1185.0
0.0,11379.0,3541.0,3555.0,5500.0,882.0,292.0,292.0,298.0,1185.0,1185.0,1185.0,1180.0,1180.0,1181.0,3793.0,3793.0,3793.0,292.0,292.0,298.0,1185.0,1185.0,1185.0
0.0,13338.0,3535.0,3555.0,2841.0,1576.0,523.0,523.0,530.0,1185.0,1185.0,1185.0,1178.0,1178.0,1179.0,4448.0,4448.0,4442.0,523.0,523.0,530.0,1185.0,1185.0,1185.0
0.0,12644.0,3630.0,3559.0,882.0,4340.0,1445.0,1445.0,1450.0,1186.0,1186.0,1187.0,1210.0,1210.0,1210.0,4217.0,4217.0,4210.0,1445.0,1445.0,1450.0,1186.0,1186.0,1187.0
0.0,9896.0,3657.0,3561.0,1576.0,6429.0,2145.0,2145.0,2139.0,1187.0,1187.0,1187.0,1219.0,1219.0,1219.0,3299.0,3299.0,3298.0,2145.0,2145.0,2139.0,1187.0,1187.0,1187.0
0.0,7815.0,3610.0,3565.0,4340.0,5715.0,1907.0,1907.0,1901.0,1188.0,1188.0,1189.0,1203.0,1203.0,1204.0,2603.0,2603.0,2609.0,1907.0,1907.0,1901.0,1188.0,1188.0,1189.0
0.0,8545.0,3415.0,3565.0,6429.0,2701.0,900.0,900.0,901.0,1188.0,1188.0,1189.0,1138.0,1138.0,1139.0,2845.0,2845.0,2855.0,900.0,900.0,901.0,1188.0,1188.0,1189.0
0.0,11559.0,3549.0,3567.0,5715.0,543.0,180.0,180.0,183.0,1189.0,1189.0,1189.0,1183.0,1183.0,1183.0,3852.0,3852.0,3855.0,180.0,180.0,183.0,1189.0,1189.0,1189.0
0.0,13725.0,3513.0,3568.0,2701.0,1359.0,451.0,451.0,457.0,1189.0,1189.0,1190.0,1171.0,1171.0,1171.0,4576.0,4576.0,4573.0,451.0,451.0,457.0,1189.0,1189.0,1190.0
0.0,12913.0,3546.0,3568.0,543.0,4362.0,1453.0,1453.0,1456.0,1189.0,1189.0,1190.0,1182.0,1182.0,1182.0,4305.0,4305.0,4303.0,1453.0,1453.0,1456.0,1189.0,1189.0,1190.0
0.0,9910.0,3597.0,3571.0,1359.0,6612.0,2205.0,2205.0,2202.0,1190.0,1190.0,1191.0,1199.0,1199.0,1199.0,3303.0,3303.0,3304.0,2205.0,2205.0,2202.0,1190.0,1190.0,1191.0
0.0,7672.0,3475.0,3570.0,4362.0,5721.0,1910.0,1910.0,1901.0,1190.0,1190.0,1190.0,1158.0,1158.0,1159.0,2555.0,2555.0,2562.0,1910.0,1910.0,1901.0,1190.0,1190.0,1190.0
0.0,8559.0,3546.0,3570.0,6612.0,2655.0,887.0,887.0,881.0,1190.0,1190.0,1190.0,1182.0,1182.0,1182.0,2850.0,2850.0,2859.0,887.0,887.0,881.0,1190.0,1190.0,1190.0
0.0,11625.0,3493.0,3568.0,5721.0,419.0,137.0,137.0,145.0,1189.0,1189.0,1190.0,1164.0,1164.0,1165.0,3873.0,3873.0,3879.0,137.0,137.0,145.0,1189.0,1189.0,1190.0
0.0,13853.0,3565.0,3568.0,2655.0,1329.0,438.0,438.0,453.0,1189.0,1189.0,1190.0,1188.0,1188.0,1189.0,4619.0,4619.0,4615.0,438.0,438.0,453.0,1189.0,1189.0,1190.0
0.0,12943.0,3651.0,3571.0,419.0,4573.0,1522.0,1522.0,1529.0,1190.0,1190.0,1191.0,1217.0,1217.0,1217.0,4318.0,4318.0,4307.0,1522.0,1522.0,1529.0,1190.0,1190.0,1191.0
0.0,9711.0,3660.0,3574.0,1329.0,6916.0,2308.0,2308.0,2300.0,1191.0,1191.0,1192.0,1220.0,1220.0,1220.0,3238.0,3238.0,3235.0,2308.0,2308.0,2300.0,1191.0,1191.0,1192.0
0.0,7380.0,3591.0,3574.0,4573.0,5934.0,1983.0,1983.0,1968.0,1191.0,1191.0,1192.0,1197.0,1197.0,1197.0,2456.0,2456.0,2468.0,1983.0,1983.0,1968.0,1191.0,1191.0,1192.0
0.0,8362.0,3582.0,3576.0,6916.0,2608.0,873.0,873.0,862.0,1192.0,1192.0,1192.0,1194.0,1194.0,1194.0,2781.0,2781.0,2800.0,873.0,873.0,862.0,1192.0,1192.0,1192.0
0.0,11696.0,3619.0,3577.0,5934.0,297.0,96.0,96.0,105.0,1192.0,1192.0,1193.0,1206.0,1206.0,1207.0,3895.0,3895.0,3906.0,96.0,96.0,105.0,1192.0,1192.0,1193.0
0.0,14011.0,3712.0,3582.0,2608.0,1421.0,468.0,468.0,485.0,1194.0,1194.0,1194.0,1237.0,1237.0,1238.0,4672.0,4672.0,4667.0,468.0,468.0,485.0,1194.0,1194.0,1194.0
0.0,12907.0,3576.0,3582.0,297.0,4700.0,1564.0,1564.0,1572.0,1194.0,1194.0,1194.0,1192.0,1192.0,1192.0,4308.0,4308.0,4291.0,1564.0,1564.0,1572.0,1194.0,1194.0,1194.0
0.0,9628.0,3612.0,3583.0,1421.0,6895.0,2300.0,2300.0,2295.0,1194.0,1194.0,1195.0,1204.0,1204.0,1204.0,3212.0,3212.0,3204.0,2300.0,2300.0,2295.0,1194.0,1194.0,1195.0
0.0,7437.0,3678.0,3586.0,4700.0,5885.0,1966.0,1966.0,1953.0,1195.0,1195.0,1196.0,1226.0,1226.0,1226.0,2476.0,2476.0,2485.0,1966.0,1966.0,1953.0,1195.0,1195.0,1196.0
0.0,8459.0,3658.0,3586.0,6895.0,2648.0,885.0,885.0,878.0,1195.0,1195.0,1196.0,1219.0,1219.0,1220.0,2814.0,2814.0,2831.0,885.0,885.0,878.0,1195.0,1195.0,1196.0
0.0,11696.0,3618.0,3586.0,5885.0,381.0,125.0,125.0,131.0,1195.0,1195.0,1196.0,1206.0,1206.0,1206.0,3895.0,3895.0,3906.0,125.0,125.0,131.0,1195.0,1195.0,1196.0
0.0,13963.0,3604.0,3588.0,2648.0,1345.0,445.0,445.0,455.0,1196.0,1196.0,1196.0,1201.0,1201.0,1202.0,4655.0,4655.0,4653.0,445.0,445.0,455.0,1196.0,1196.0,1196.0
0.0,13007.0,3661.0,3589.0,381.0,4629.0,1540.0,1540.0,1549.0,1196.0,1196.0,1197.0,1220.0,1220.0,1221.0,4339.0,4339.0,4329.0,1540.0,1540.0,1549.0,1196.0,1196.0,1197.0
0.0,9727.0,3702.0,3591.0,1345.0,6994.0,2333.0,2333.0,2328.0,1197.0,1197.0,1197.0,1234.0,1234.0,1234.0,3244.0,3244.0,3239.0,2333.0,2333.0,2328.0,1197.0,1197.0,1197.0
0.0,7370.0,3582.0,3591.0,4629.0,5947.0,1987.0,1987.0,1973.0,1197.0,1197.0,1197.0,1194.0,1194.0,1194.0,2455.0,2455.0,2460.0,1987.0,1987.0,1973.0,1197.0,1197.0,1197.0
0.0,8417.0,3742.0,3592.0,6994.0,2699.0,901.0,901.0,897.0,1197.0,1197.0,1198.0,1247.0,1247.0,1248.0,2801.0,2801.0,2815.0,901.0,901.0,897.0,1197.0,1197.0,1198.0
0.0,11669.0,3592.0,3591.0,5947.0,340.0,111.0,111.0,118.0,1197.0,1197.0,1197.0,1197.0,1197.0,1198.0,3887.0,3887.0,3895.0,111.0,111.0,118.0,1197.0,1197.0,1197.0
0.0,14024.0,3715.0,3595.0,2699.0,1372.0,452.0,452.0,468.0,1198.0,1198.0,1199.0,1238.0,1238.0,1239.0,4677.0,4677.0,4670.0,452.0,452.0,468.0,1198.0,1198.0,1199.0
0.0,13008.0,3558.0,3595.0,340.0,4590.0,1527.0,1527.0,1536.0,1198.0,1198.0,1199.0,1186.0,1186.0,1186.0,4340.0,4340.0,4328.0,1527.0,1527.0,1536.0,1198.0,1198.0,1199.0
0.0,9790.0,3778.0,3600.0,1372.0,7016.0,2342.0,2342.0,2332.0,1200.0,1200.0,1200.0,1259.0,1259.0,1260.0,3265.0,3265.0,3260.0,2342.0,2342.0,2332.0,1200.0,1200.0,1200.0
0.0,7384.0,3874.0,3606.0,4590.0,6324.0,2114.0,2114.0,2096.0,1202.0,1202.0,1202.0,1291.0,1291.0,1292.0,2458.0,2458.0,2468.0,2114.0,2114.0,2096.0,1202.0,1202.0,1202.0
0.0,8100.0,3676.0,3606.0,7016.0,2984.0,997.0,997.0,990.0,1202.0,1202.0,1202.0,1225.0,1225.0,1226.0,2694.0,2694.0,2712.0,997.0,997.0,990.0,1202.0,1202.0,1202.0
0.0,11440.0,3652.0,3607.0,6324.0,316.0,100.0,100.0,116.0,1202.0,1202.0,1203.0,1217.0,1217.0,1218.0,3811.0,3811.0,3818.0,100.0,100.0,116.0,1202.0,1202.0,1203.0
0.0,14112.0,3721.0,3610.0,2984.0,1065.0,347.0,347.0,371.0,1203.0,1203.0,1204.0,1240.0,1240.0,1241.0,4708.0,4708.0,4696.0,347.0,347.0,371.0,1203.0,1203.0,1204.0
0.0,13375.0,3717.0,3612.0,316.0,4474.0,1490.0,1490.0,1494.0,1204.0,1204.0,1204.0,1239.0,1239.0,1239.0,4465.0,4465.0,4445.0,1490.0,1490.0,1494.0,1204.0,1204.0,1204.0
0.0,9974.0,3552.0,3612.0,1065.0,6961.0,2327.0,2327.0,2307.0,1204.0,1204.0,1204.0,1184.0,1184.0,1184.0,3326.0,3326.0,3322.0,2327.0,2327.0,2307.0,1204.0,1204.0,1204.0
0.0,7487.0,3691.0,3613.0,4474.0,6182.0,2067.0,2067.0,2048.0,1204.0,1204.0,1205.0,1230.0,1230.0,1231.0,2489.0,2489.0,2509.0,2067.0,2067.0,2048.0,1204.0,1204.0,1205.0
0.0,8270.0,3585.0,3615.0,6961.0,2814.0,939.0,939.0,936.0,1205.0,1205.0,1205.0,1195.0,1195.0,1195.0,2749.0,2749.0,2772.0,939.0,939.0,936.0,1205.0,1205.0,1205.0
0.0,11646.0,3523.0,3613.0,6182.0,147.0,42.0,42.0,63.0,1204.0,1204.0,1205.0,1174.0,1174.0,1175.0,3881.0,3881.0,3884.0,42.0,42.0,63.0,1204.0,1204.0,1205.0
0.0,14305.0,3730.0,3618.0,2814.0,1083.0,354.0,354.0,375.0,1206.0,1206.0,1206.0,1243.0,1243.0,1244.0,4774.0,4774.0,4757.0,354.0,354.0,375.0,1206.0,1206.0,1206.0
0.0,13389.0,3652.0,3619.0,147.0,4592.0,1529.0,1529.0,1534.0,1206.0,1206.0,1207.0,1217.0,1217.0,1218.0,4470.0,4470.0,4449.0,1529.0,1529.0,1534.0,1206.0,1206.0,1207.0
0.0,9884.0,3724.0,3621.0,1083.0,7241.0,2420.0,2420.0,2401.0,1207.0,1207.0,1207.0,1241.0,1241.0,1242.0,3295.0,3295.0,3294.0,2420.0,2420.0,2401.0,1207.0,1207.0,1207.0
0.0,7243.0,3618.0,3622.0,4592.0,6271.0,2097.0,2097.0,2077.0,1207.0,1207.0,1208.0,1206.0,1206.0,1206.0,2408.0,2408.0,2427.0,2097.0,2097.0,2077.0,1207.0,1207.0,1208.0
0.0,8217.0,3774.0,3624.0,7241.0,2812.0,939.0,939.0,934.0,1208.0,1208.0,1208.0,1258.0,1258.0,1258.0,2731.0,2731.0,2755.0,939.0,939.0,934.0,1208.0,1208.0,1208.0
0.0,11684.0,3777.0,3627.0,6271.0,330.0,105.0,105.0,120.0,1209.0,1209.0,1209.0,1259.0,1259.0,1259.0,3893.0,3893.0,3898.0,105.0,105.0,120.0,1209.0,1209.0,1209.0
0.0,14178.0,3702.0,3628.0,2812.0,1224.0,400.0,400.0,424.0,1209.0,1209.0,1210.0,1234.0,1234.0,1234.0,4731.0,4731.0,4716.0,400.0,400.0,424.0,1209.0,1209.0,1210.0
0.0,13288.0,3700.0,3631.0,330.0,4606.0,1532.0,1532.0,1542.0,1210.0,1210.0,1211.0,1233.0,1233.0,1234.0,4436.0,4436.0,4416.0,1532.0,1532.0,1542.0,1210.0,1210.0,1211.0
0.0,9918.0,3730.0,3634.0,1224.0,7124.0,2379.0,2379.0,2366.0,1211.0,1211.0,1212.0,1243.0,1243.0,1244.0,3308.0,3308.0,3302.0,2379.0,2379.0,2366.0,1211.0,1211.0,1212.0
0.0,7412.0,3813.0,3639.0,4606.0,6351.0,2126.0,2126.0,2099.0,1213.0,1213.0,1213.0,1271.0,1271.0,1271.0,2465.0,2465.0,2482.0,2126.0,2126.0,2099.0,1213.0,1213.0,1213.0
0.0,8205.0,3667.0,3642.0,7124.0,2906.0,973.0,973.0,960.0,1214.0,1214.0,1214.0,1222.0,1222.0,1223.0,2726.0,2726.0,2753.0,973.0,973.0,960.0,1214.0,1214.0,1214.0
0.0,11662.0,3598.0,3642.0,6351.0,153.0,46.0,46.0,61.0,1214.0,1214.0,1214.0,1199.0,1199.0,1200.0,3883.0,3883.0,3896.0,46.0,46.0,61.0,1214.0,1214.0,1214.0
0.0,14415.0,3567.0,3639.0,2906.0,802.0,258.0,258.0,286.0,1213.0,1213.0,1213.0,1189.0,1189.0,1189.0,4810.0,4810.0,4795.0,258.0,258.0,286.0,1213.0,1213.0,1213.0
0.0,13754.0,3594.0,3639.0,153.0,4243.0,1410.0,1410.0,1423.0,1213.0,1213.0,1213.0,1198.0,1198.0,1198.0,4594.0,4594.0,4566.0,1410.0,1410.0,1423.0,1213.0,1213.0,1213.0
0.0,10313.0,3622.0,3643.0,802.0,7079.0,2363.0,2363.0,2353.0,1214.0,1214.0,1215.0,1207.0,1207.0,1208.0,3442.0,3442.0,3429.0,2363.0,2363.0,2353.0,1214.0,1214.0,1215.0
0.0,7493.0,3571.0,3643.0,4243.0,6407.0,2143.0,2143.0,2121.0,1214.0,1214.0,1215.0,1190.0,1190.0,1191.0,2493.0,2493.0,2507.0,2143.0,2143.0,2121.0,1214.0,1214.0,1215.0
0.0,8165.0,3601.0,3645.0,7079.0,2937.0,984.0,984.0,969.0,1215.0,1215.0,1215.0,1200.0,1200.0,1201.0,2713.0,2713.0,2739.0,984.0,984.0,969.0,1215.0,1215.0,1215.0
0.0,11643.0,3648.0,3648.0,6407.0,190.0,61.0,61.0,68.0,1216.0,1216.0,1216.0,1216.0,1216.0,1216.0,3876.0,3876.0,3891.0,61.0,61.0,68.0,1216.0,1216.0,1216.0
0.0,14402.0,3615.0,3648.0,2937.0,868.0,282.0,282.0,304.0,1216.0,1216.0,1216.0,1205.0,1205.0,1205.0,4803.0,4803.0,4796.0,282.0,282.0,304.0,1216.0,1216.0,1216.0
0.0,13724.0,3655.0,3651.0,190.0,4345.0,1443.0,1443.0,1459.0,1217.0,1217.0,1217.0,1218.0,1218.0,1219.0,4582.0,4582.0,4560.0,1443.0,1443.0,1459.0,1217.0,1217.0,1217.0
0.0,10259.0,3657.0,3652.0,868.0,7138.0,2380.0,2380.0,2378.0,1217.0,1217.0,1218.0,1219.0,1219.0,1219.0,3425.0,3425.0,3409.0,2380.0,2380.0,2378.0,1217.0,1217.0,1218.0
0.0,7470.0,3624.0,3655.0,4345.0,6429.0,2149.0,2149.0,2131.0,1218.0,1218.0,1219.0,1208.0,1208.0,1208.0,2488.0,2488.0,2494.0,2149.0,2149.0,2131.0,1218.0,1218.0,1219.0
0.0,8191.0,3621.0,3657.0,7138.0,2920.0,980.0,980.0,960.0,1219.0,1219.0,1219.0,1207.0,1207.0,1207.0,2723.0,2723.0,2745.0,980.0,980.0,960.0,1219.0,1219.0,1219.0
0.0,11708.0,3571.0,3655.0,6429.0,54.0,17.0,17.0,20.0,1218.0,1218.0,1219.0,1190.0,1190.0,1191.0,3896.0,3896.0,3916.0,17.0,17.0,20.0,1218.0,1218.0,1219.0
0.0,14566.0,3732.0,3657.0,2920.0,874.0,285.0,285.0,304.0,1219.0,1219.0,1219.0,1244.0,1244.0,1244.0,4855.0,4855.0,4856.0,285.0,285.0,304.0,1219.0,1219.0,1219.0
0.0,13754.0,3660.0,3658.0,54.0,4484.0,1488.0,1488.0,1508.0,1219.0,1219.0,1220.0,1220.0,1220.0,1220.0,4591.0,4591.0,4572.0,1488.0,1488.0,1508.0,1219.0,1219.0,1220.0
0.0,10148.0,3631.0,3658.0,874.0,7241.0,2413.0,2413.0,2415.0,1219.0,1219.0,1220.0,1210.0,1210.0,1211.0,3388.0,3388.0,3372.0,2413.0,2413.0,2415.0,1219.0,1219.0,1220.0
0.0,7391.0,3654.0,3660.0,4484.0,6419.0,2147.0,2147.0,2125.0,1220.0,1220.0,1220.0,1218.0,1218.0,1218.0,2463.0,2463.0,2465.0,2147.0,2147.0,2125.0,1220.0,1220.0,1220.0
0.0,8221.0,3658.0,3658.0,7241.0,2828.0,949.0,949.0,930.0,1219.0,1219.0,1220.0,1219.0,1219.0,1220.0,2733.0,2733.0,2755.0,949.0,949.0,930.0,1219.0,1219.0,1220.0
0.0,11804.0,3595.0,3658.0,6419.0,4.0,0.0,0.0,4.0,1219.0,1219.0,1220.0,1198.0,1198.0,1199.0,3927.0,3927.0,3950.0,0.0,0.0,4.0,1219.0,1219.0,1220.0
0.0,14628.0,3532.0,3657.0,2828.0,704.0,228.0,228.0,248.0,1219.0,1219.0,1219.0,1177.0,1177.0,1178.0,4876.0,4876.0,4876.0,228.0,228.0,248.0,1219.0,1219.0,1219.0
0.0,13924.0,3513.0,3654.0,4.0,4201.0,1395.0,1395.0,1411.0,1218.0,1218.0,1218.0,1171.0,1171.0,1171.0,4648.0,4648.0,4628.0,1395.0,1395.0,1411.0,1218.0,1218.0,1218.0
0.0,10415.0,3714.0,3655.0,704.0,7215.0,2405.0,2405.0,2405.0,1218.0,1218.0,1219.0,1238.0,1238.0,1238.0,3477.0,3477.0,3461.0,2405.0,2405.0,2405.0,1218.0,1218.0,1219.0
0.0,7405.0,3738.0,3657.0,4201.0,6760.0,2260.0,2260.0,2240.0,1219.0,1219.0,1219.0,1246.0,1246.0,1246.0,2467.0,2467.0,2471.0,2260.0,2260.0,2240.0,1219.0,1219.0,1219.0
0.0,7868.0,3739.0,3660.0,7215.0,3296.0,1105.0,1105.0,1086.0,1220.0,1220.0,1220.0,1246.0,1246.0,1247.0,2616.0,2616.0,2636.0,1105.0,1105.0,1086.0,1220.0,1220.0,1220.0
0.0,11344.0,3700.0,3661.0,6760.0,240.0,78.0,78.0,84.0,1220.0,1220.0,1221.0,1233.0,1233.0,1234.0,3775.0,3775.0,3794.0,78.0,78.0,84.0,1220.0,1220.0,1221.0
0.0,14404.0,3709.0,3661.0,3296.0,653.0,209.0,209.0,235.0,1220.0,1220.0,1221.0,1236.0,1236.0,1237.0,4802.0,4802.0,4800.0,209.0,209.0,235.0,1220.0,1220.0,1221.0
0.0,13991.0,3645.0,3661.0,240.0,4058.0,1346.0,1346.0,1366.0,1220.0,1220.0,1221.0,1215.0,1215.0,1215.0,4671.0,4671.0,4649.0,1346.0,1346.0,1366.0,1220.0,1220.0,1221.0
0.0,10586.0,3844.0,3664.0,653.0,7261.0,2422.0,2422.0,2417.0,1221.0,1221.0,1222.0,1281.0,1281.0,1282.0,3534.0,3534.0,3518.0,2422.0,2422.0,2417.0,1221.0,1221.0,1222.0
0.0,7395.0,3694.0,3666.0,4058.0,6905.0,2311.0,2311.0,2283.0,1222.0,1222.0,1222.0,1231.0,1231.0,1232.0,2462.0,2462.0,2471.0,2311.0,2311.0,2283.0,1222.0,1222.0,1222.0
0.0,7759.0,3760.0,3667.0,7261.0,3408.0,1142.0,1142.0,1124.0,1222.0,1222.0,1223.0,1253.0,1253.0,1254.0,2577.0,2577.0,2605.0,1142.0,1142.0,1124.0,1222.0,1222.0,1223.0
0.0,11260.0,3759.0,3670.0,6905.0,274.0,88.0,88.0,98.0,1223.0,1223.0,1224.0,1253.0,1253.0,1253.0,3746.0,3746.0,3768.0,88.0,88.0,98.0,1223.0,1223.0,1224.0
0.0,14406.0,3690.0,3669.0,3408.0,552.0,176.0,176.0,200.0,1223.0,1223.0,1223.0,1230.0,1230.0,1230.0,4804.0,4804.0,4798.0,176.0,176.0,200.0,1223.0,1223.0,1223.0
0.0,14124.0,3693.0,3666.0,274.0,3959.0,1315.0,1315.0,1329.0,1222.0,1222.0,1222.0,1231.0,1231.0,1231.0,4716.0,4716.0,4692.0,1315.0,1315.0,1329.0,1222.0,1222.0,1222.0
0.0,10705.0,3720.0,3666.0,552.0,7127.0,2379.0,2379.0,2369.0,1222.0,1222.0,1222.0,1240.0,1240.0,1240.0,3573.0,3573.0,3559.0,2379.0,2379.0,2369.0,1222.0,1222.0,1222.0
0.0,7537.0,3745.0,3669.0,3959.0,6925.0,2316.0,2316.0,2293.0,1223.0,1223.0,1223.0,1248.0,1248.0,1249.0,2509.0,2509.0,2519.0,2316.0,2316.0,2293.0,1223.0,1223.0,1223.0
0.0,7751.0,3580.0,3666.0,7127.0,3366.0,1126.0,1126.0,1114.0,1222.0,1222.0,1222.0,1193.0,1193.0,1194.0,2576.0,2576.0,2599.0,1126.0,1126.0,1114.0,1222.0,1222.0,1222.0
0.0,11298.0,3772.0,3667.0,6925.0,217.0,67.0,67.0,83.0,1222.0,1222.0,1223.0,1257.0,1257.0,1258.0,3762.0,3762.0,3774.0,67.0,67.0,83.0,1222.0,1222.0,1223.0
0.0,14451.0,3654.0,3669.0,3366.0,513.0,163.0,163.0,187.0,1223.0,1223.0,1223.0,1218.0,1218.0,1218.0,4821.0,4821.0,4809.0,163.0,163.0,187.0,1223.0,1223.0,1223.0
0.0,14163.0,3807.0,3670.0,217.0,4107.0,1365.0,1365.0,1377.0,1223.0,1223.0,1224.0,1269.0,1269.0,1269.0,4729.0,4729.0,4705.0,1365.0,1365.0,1377.0,1223.0,1223.0,1224.0
0.0,10573.0,3876.0,3676.0,513.0,7494.0,2502.0,2502.0,2490.0,1225.0,1225.0,1226.0,1292.0,1292.0,1292.0,3527.0,3527.0,3519.0,2502.0,2502.0,2490.0,1225.0,1225.0,1226.0
0.0,7210.0,3594.0,3678.0,4107.0,6989.0,2339.0,2339.0,2311.0,1226.0,1226.0,1226.0,1198.0,1198.0,1198.0,2398.0,2398.0,2414.0,2339.0,2339.0,2311.0,1226.0,1226.0,1226.0
0.0,7723.0,3849.0,3679.0,7494.0,3348.0,1120.0,1120.0,1108.0,1226.0,1226.0,1227.0,1283.0,1283.0,1283.0,2565.0,2565.0,2593.0,1120.0,1120.0,1108.0,1226.0,1226.0,1227.0
0.0,11368.0,3712.0,3681.0,6989.0,79.0,22.0,22.0,35.0,1227.0,1227.0,1227.0,1237.0,1237.0,1238.0,3784.0,3784.0,3800.0,22.0,22.0,35.0,1227.0,1227.0,1227.0
0.0,14645.0,3729.0,3681.0,3348.0,460.0,145.0,145.0,170.0,1227.0,1227.0,1227.0,1243.0,1243.0,1243.0,4886.0,4886.0,4873.0,145.0,145.0,170.0,1227.0,1227.0,1227.0
0.0,14264.0,3780.0,3684.0,79.0,4173.0,1387.0,1387.0,1399.0,1228.0,1228.0,1228.0,1260.0,1260.0,1260.0,4763.0,4763.0,4738.0,1387.0,1387.0,1399.0,1228.0,1228.0,1228.0
0.0,10563.0,3732.0,3684.0,460.0,7445.0,2486.0,2486.0,2473.0,1228.0,1228.0,1228.0,1244.0,1244.0,1244.0,3525.0,3525.0,3513.0,2486.0,2486.0,2473.0,1228.0,1228.0,1228.0
0.0,7291.0,3648.0,3681.0,4173.0,6908.0,2311.0,2311.0,2286.0,1227.0,1227.0,1227.0,1216.0,1216.0,1216.0,2426.0,2426.0,2439.0,2311.0,2311.0,2286.0,1227.0,1227.0,1227.0
0.0,7816.0,3690.0,3681.0,7445.0,3153.0,1055.0,1055.0,1043.0,1227.0,1227.0,1227.0,1230.0,1230.0,1230.0,2597.0,2597.0,2622.0,1055.0,1055.0,1043.0,1227.0,1227.0,1227.0
0.0,11571.0,3697.0,3681.0,6908.0,0.0,0.0,0.0,0.0,1227.0,1227.0,1227.0,1232.0,1232.0,1233.0,3853.0,3853.0,3865.0,0.0,0.0,0.0,1227.0,1227.0,1227.0
0.0,14782.0,3885.0,3684.0,3153.0,686.0,220.0,220.0,246.0,1228.0,1228.0,1228.0,1295.0,1295.0,1295.0,4932.0,4932.0,4918.0,220.0,220.0,246.0,1228.0,1228.0,1228.0
0.0,14050.0,3736.0,3682.0,0.0,4414.0,1461.0,1461.0,1492.0,1227.0,1227.0,1228.0,1245.0,1245.0,1246.0,4692.0,4692.0,4666.0,1461.0,1461.0,1492.0,1227.0,1227.0,1228.0
0.0,10314.0,3741.0,3684.0,686.0,7477.0,2492.0,2492.0,2493.0,1228.0,1228.0,1228.0,1247.0,1247.0,1247.0,3447.0,3447.0,3420.0,2492.0,2492.0,2493.0,1228.0,1228.0,1228.0
0.0,7259.0,3670.0,3685.0,4414.0,6737.0,2254.0,2254.0,2229.0,1228.0,1228.0,1229.0,1223.0,1223.0,1224.0,2420.0,2420.0,2419.0,2254.0,2254.0,2229.0,1228.0,1228.0,1229.0
0.0,8003.0,3744.0,3688.0,7477.0,3016.0,1014.0,1014.0,988.0,1229.0,1229.0,1230.0,1248.0,1248.0,1248.0,2658.0,2658.0,2687.0,1014.0,1014.0,988.0,1229.0,1229.0,1230.0
0.0,11736.0,3666.0,3690.0,6737.0,0.0,0.0,0.0,0.0,1230.0,1230.0,1230.0,1222.0,1222.0,1222.0,3902.0,3902.0,3932.0,0.0,0.0,0.0,1230.0,1230.0,1230.0
0.0,14807.0,3597.0,3690.0,3016.0,534.0,171.0,171.0,192.0,1230.0,1230.0,1230.0,1199.0,1199.0,1199.0,4934.0,4934.0,4939.0,171.0,171.0,192.0,1230.0,1230.0,1230.0
0.0,14226.0,3649.0,3691.0,0.0,4187.0,1387.0,1387.0,1413.0,1230.0,1230.0,1231.0,1216.0,1216.0,1217.0,4749.0,4749.0,4728.0,1387.0,1387.0,1413.0,1230.0,1230.0,1231.0
0.0,10577.0,3609.0,3691.0,534.0,7262.0,2419.0,2419.0,2424.0,1230.0,1230.0,1231.0,1203.0,1203.0,1203.0,3533.0,3533.0,3511.0,2419.0,2419.0,2424.0,1230.0,1230.0,1231.0
0.0,7502.0,3711.0,3693.0,4187.0,6794.0,2273.0,2273.0,2248.0,1231.0,1231.0,1231.0,1237.0,1237.0,1237.0,2501.0,2501.0,2500.0,2273.0,2273.0,2248.0,1231.0,1231.0,1231.0
0.0,7978.0,3700.0,3694.0,7262.0,3236.0,1087.0,1087.0,1062.0,1231.0,1231.0,1232.0,1233.0,1233.0,1234.0,2651.0,2651.0,2676.0,1087.0,1087.0,1062.0,1231.0,1231.0,1232.0
0.0,11540.0,3712.0,3696.0,6794.0,162.0,55.0,55.0,52.0,1232.0,1232.0,1232.0,1237.0,1237.0,1238.0,3837.0,3837.0,3866.0,55.0,55.0,52.0,1232.0,1232.0,1232.0
0.0,14622.0,3808.0,3697.0,3236.0,738.0,237.0,237.0,264.0,1232.0,1232.0,1233.0,1269.0,1269.0,1270.0,4873.0,4873.0,4876.0,237.0,237.0,264.0,1232.0,1232.0,1233.0
0.0,14050.0,3778.0,3700.0,162.0,4366.0,1445.0,1445.0,1476.0,1233.0,1233.0,1234.0,1259.0,1259.0,1260.0,4691.0,4691.0,4668.0,1445.0,1445.0,1476.0,1233.0,1233.0,1234.0
0.0,10434.0,3769.0,3703.0,738.0,7409.0,2468.0,2468.0,2473.0,1234.0,1234.0,1235.0,1256.0,1256.0,1257.0,3487.0,3487.0,3460.0,2468.0,2468.0,2473.0,1234.0,1234.0,1235.0
0.0,7403.0,3739.0,3706.0,4366.0,6794.0,2273.0,2273.0,2248.0,1235.0,1235.0,1236.0,1246.0,1246.0,1247.0,2468.0,2468.0,2467.0,2273.0,2273.0,2248.0,1235.0,1235.0,1236.0
0.0,8030.0,3688.0,3706.0,7409.0,3073.0,1034.0,1034.0,1005.0,1235.0,1235.0,1236.0,1229.0,1229.0,1230.0,2667.0,2667.0,2696.0,1034.0,1034.0,1005.0,1235.0,1235.0,1236.0
0.0,11751.0,3651.0,3706.0,6794.0,0.0,0.0,0.0,0.0,1235.0,1235.0,1236.0,1217.0,1217.0,1217.0,3906.0,3906.0,3939.0,0.0,0.0,0.0,1235.0,1235.0,1236.0
0.0,14894.0,3811.0,3709.0,3073.0,680.0,218.0,218.0,244.0,1236.0,1236.0,1237.0,1270.0,1270.0,1271.0,4962.0,4962.0,4970.0,218.0,218.0,244.0,1236.0,1236.0,1237.0
0.0,14156.0,3730.0,3711.0,0.0,4418.0,1465.0,1465.0,1488.0,1237.0,1237.0,1237.0,1243.0,1243.0,1244.0,4726.0,4726.0,4704.0,1465.0,1465.0,1488.0,1237.0,1237.0,1237.0
0.0,10426.0,3790.0,3714.0,680.0,7540.0,2514.0,2514.0,2512.0,1238.0,1238.0,1238.0,1263.0,1263.0,1264.0,3483.0,3483.0,3460.0,2514.0,2514.0,2512.0,1238.0,1238.0,1238.0
0.0,7316.0,3745.0,3717.0,4418.0,6879.0,2301.0,2301.0,2277.0,1239.0,1239.0,1239.0,1248.0,1248.0,1249.0,2438.0,2438.0,2440.0,2301.0,2301.0,2277.0,1239.0,1239.0,1239.0
0.0,7989.0,3732.0,3720.0,7540.0,3083.0,1035.0,1035.0,1013.0,1240.0,1240.0,1240.0,1244.0,1244.0,1244.0,2655.0,2655.0,2679.0,1035.0,1035.0,1013.0,1240.0,1240.0,1240.0
0.0,11797.0,3739.0,3724.0,6879.0,0.0,0.0,0.0,0.0,1241.0,1241.0,1242.0,1246.0,1246.0,1247.0,3925.0,3925.0,3947.0,0.0,0.0,0.0,1241.0,1241.0,1242.0
0.0,14937.0,3652.0,3723.0,3083.0,524.0,166.0,166.0,192.0,1241.0,1241.0,1241.0,1217.0,1217.0,1218.0,4980.0,4980.0,4977.0,166.0,166.0,192.0,1241.0,1241.0,1241.0
0.0,14368.0,3778.0,3724.0,0.0,4306.0,1425.0,1425.0,1456.0,1241.0,1241.0,1242.0,1259.0,1259.0,1260.0,4798.0,4798.0,4772.0,1425.0,1425.0,1456.0,1241.0,1241.0,1242.0
0.0,10590.0,3822.0,3726.0,524.0,7612.0,2537.0,2537.0,2538.0,1242.0,1242.0,1242.0,1274.0,1274.0,1274.0,3539.0,3539.0,3512.0,2537.0,2537.0,2538.0,1242.0,1242.0,1242.0
0.0,7292.0,3736.0,3726.0,4306.0,7042.0,2357.0,2357.0,2328.0,1242.0,1242.0,1242.0,1245.0,1245.0,1246.0,2431.0,2431.0,2430.0,2357.0,2357.0,2328.0,1242.0,1242.0,1242.0
0.0,7862.0,3819.0,3729.0,7612.0,3261.0,1097.0,1097.0,1067.0,1243.0,1243.0,1243.0,1273.0,1273.0,1273.0,2611.0,2611.0,2640.0,1097.0,1097.0,1067.0,1243.0,1243.0,1243.0
0.0,11655.0,3748.0,3730.0,7042.0,0.0,0.0,0.0,0.0,1243.0,1243.0,1244.0,1249.0,1249.0,1250.0,3875.0,3875.0,3905.0,0.0,0.0,0.0,1243.0,1243.0,1244.0
0.0,14949.0,3810.0,3730.0,3261.0,520.0,162.0,162.0,196.0,1243.0,1243.0,1244.0,1270.0,1270.0,1270.0,4983.0,4983.0,4983.0,162.0,162.0,196.0,1243.0,1243.0,1244.0
0.0,14400.0,3819.0,3732.0,0.0,4347.0,1439.0,1439.0,1469.0,1244.0,1244.0,1244.0,1273.0,1273.0,1273.0,4810.0,4810.0,4780.0,1439.0,1439.0,1469.0,1244.0,1244.0,1244.0
0.0,10581.0,3865.0,3735.0,520.0,7704.0,2569.0,2569.0,2566.0,1245.0,1245.0,1245.0,1288.0,1288.0,1289.0,3537.0,3537.0,3507.0,2569.0,2569.0,2566.0,1245.0,1245.0,1245.0
0.0,7236.0,3847.0,3736.0,4347.0,7208.0,2412.0,2412.0,2384.0,1245.0,1245.0,1246.0,1282.0,1282.0,1283.0,2411.0,2411.0,2414.0,2412.0,2412.0,2384.0,1245.0,1245.0,1246.0
0.0,7736.0,3886.0,3739.0,7704.0,3402.0,1142.0,1142.0,1118.0,1246.0,1246.0,1247.0,1295.0,1295.0,1296.0,2568.0,2568.0,2600.0,1142.0,1142.0,1118.0,1246.0,1246.0,1247.0
0.0,11554.0,3828.0,3742.0,7208.0,34.0,10.0,10.0,14.0,1247.0,1247.0,1248.0,1276.0,1276.0,1276.0,3842.0,3842.0,3870.0,10.0,10.0,14.0,1247.0,1247.0,1248.0
0.0,14934.0,3799.0,3744.0,3402.0,439.0,138.0,138.0,163.0,1248.0,1248.0,1248.0,1266.0,1266.0,1267.0,4978.0,4978.0,4978.0,138.0,138.0,163.0,1248.0,1248.0,1248.0
0.0,14537.0,3790.0,3745.0,34.0,4199.0,1391.0,1391.0,1417.0,1248.0,1248.0,1249.0,1263.0,1263.0,1264.0,4854.0,4854.0,4829.0,1391.0,1391.0,1417.0,1248.0,1248.0,1249.0
0.0,10781.0,3835.0,3750.0,439.0,7615.0,2539.0,2539.0,2537.0,1250.0,1250.0,1250.0,1278.0,1278.0,1279.0,3601.0,3601.0,3579.0,2539.0,2539.0,2537.0,1250.0,1250.0,1250.0
0.0,7385.0,3745.0,3748.0,4199.0,7153.0,2392.0,2392.0,2369.0,1249.0,1249.0,1250.0,1248.0,1248.0,1249.0,2461.0,2461.0,2463.0,2392.0,2392.0,2369.0,1249.0,1249.0,1250.0
0.0,7839.0,3744.0,3751.0,7615.0,3294.0,1105.0,1105.0,1084.0,1250.0,1250.0,1251.0,1248.0,1248.0,1248.0,2604.0,2604.0,2631.0,1105.0,1105.0,1084.0,1250.0,1250.0,1251.0
0.0,11710.0,3849.0,3751.0,7153.0,0.0,0.0,0.0,0.0,1250.0,1250.0,1251.0,1283.0,1283.0,1283.0,3895.0,3895.0,3920.0,0.0,0.0,0.0,1250.0,1250.0,1251.0
0.0,15014.0,3909.0,3753.0,3294.0,613.0,198.0,198.0,217.0,1251.0,1251.0,1251.0,1303.0,1303.0,1303.0,5004.0,5004.0,5006.0,198.0,198.0,217.0,1251.0,1251.0,1251.0
0.0,14399.0,3907.0,3759.0,0.0,4544.0,1508.0,1508.0,1528.0,1253.0,1253.0,1253.0,1302.0,1302.0,1303.0,4806.0,4806.0,4787.0,1508.0,1508.0,1528.0,1253.0,1253.0,1253.0
0.0,10492.0,3837.0,3757.0,613.0,7760.0,2585.0,2585.0,2590.0,1252.0,1252.0,1253.0,1279.0,1279.0,1279.0,3504.0,3504.0,3484.0,2585.0,2585.0,2590.0,1252.0,1252.0,1253.0
0.0,7268.0,3858.0,3760.0,4544.0,7086.0,2367.0,2367.0,2352.0,1253.0,1253.0,1254.0,1286.0,1286.0,1286.0,2423.0,2423.0,2422.0,2367.0,2367.0,2352.0,1253.0,1253.0,1254.0
0.0,7954.0,3738.0,3760.0,7760.0,3064.0,1028.0,1028.0,1008.0,1253.0,1253.0,1254.0,1246.0,1246.0,1246.0,2645.0,2645.0,2664.0,1028.0,1028.0,1008.0,1253.0,1253.0,1254.0
0.0,11976.0,3904.0,3763.0,7086.0,0.0,0.0,0.0,0.0,1254.0,1254.0,1255.0,1301.0,1301.0,1302.0,3984.0,3984.0,4008.0,0.0,0.0,0.0,1254.0,1254.0,1255.0
0.0,15158.0,3892.0,3766.0,3064.0,734.0,239.0,239.0,256.0,1255.0,1255.0,1256.0,1297.0,1297.0,1298.0,5050.0,5050.0,5058.0,239.0,239.0,256.0,1255.0,1255.0,1256.0
0.0,14330.0,3817.0,3769.0,0.0,4563.0,1515.0,1515.0,1533.0,1256.0,1256.0,1257.0,1272.0,1272.0,1273.0,4781.0,4781.0,4768.0,1515.0,1515.0,1533.0,1256.0,1256.0,1257.0
0.0,10513.0,3787.0,3772.0,734.0,7628.0,2542.0,2542.0,2544.0,1257.0,1257.0,1258.0,1262.0,1262.0,1263.0,3509.0,3509.0,3495.0,2542.0,2542.0,2544.0,1257.0,1257.0,1258.0
0.0,7460.0,3790.0,3774.0,4563.0,6863.0,2294.0,2294.0,2275.0,1258.0,1258.0,1258.0,1263.0,1263.0,1264.0,2486.0,2486.0,2488.0,2294.0,2294.0,2275.0,1258.0,1258.0,1258.0
0.0,8233.0,3769.0,3771.0,7628.0,2992.0,1004.0,1004.0,984.0,1257.0,1257.0,1257.0,1256.0,1256.0,1257.0,2738.0,2738.0,2757.0,1004.0,1004.0,984.0,1257.0,1257.0,1257.0
0.0,12092.0,3778.0,3772.0,6863.0,0.0,0.0,0.0,0.0,1257.0,1257.0,1258.0,1259.0,1259.0,1260.0,4024.0,4024.0,4044.0,0.0,0.0,0.0,1257.0,1257.0,1258.0
0.0,15177.0,3757.0,3772.0,2992.0,676.0,217.0,217.0,242.0,1257.0,1257.0,1258.0,1252.0,1252.0,1253.0,5059.0,5059.0,5059.0,217.0,217.0,242.0,1257.0,1257.0,1258.0
0.0,14412.0,3807.0,3775.0,0.0,4495.0,1490.0,1490.0,1515.0,1258.0,1258.0,1259.0,1269.0,1269.0,1269.0,4811.0,4811.0,4790.0,1490.0,1490.0,1515.0,1258.0,1258.0,1259.0
0.0,10605.0,3865.0,3777.0,676.0,7692.0,2565.0,2565.0,2562.0,1259.0,1259.0,1259.0,1288.0,1288.0,1289.0,3542.0,3542.0,3521.0,2565.0,2565.0,2562.0,1259.0,1259.0,1259.0
0.0,7416.0,3763.0,3778.0,4495.0,6964.0,2329.0,2329.0,2306.0,1259.0,1259.0,1260.0,1254.0,1254.0,1255.0,2471.0,2471.0,2474.0,2329.0,2329.0,2306.0,1259.0,1259.0,1260.0
0.0,8148.0,3751.0,3781.0,7692.0,3035.0,1018.0,1018.0,999.0,1260.0,1260.0,1261.0,1250.0,1250.0,1251.0,2707.0,2707.0,2734.0,1018.0,1018.0,999.0,1260.0,1260.0,1261.0
0.0,12089.0,3747.0,3784.0,6964.0,0.0,0.0,0.0,0.0,1261.0,1261.0,1262.0,1249.0,1249.0,1249.0,4022.0,4022.0,4045.0,0.0,0.0,0.0,1261.0,1261.0,1262.0
0.0,15306.0,3672.0,3784.0,3035.0,467.0,148.0,148.0,171.0,1261.0,1261.0,1262.0,1224.0,1224.0,1224.0,5102.0,5102.0,5102.0,148.0,148.0,171.0,1261.0,1261.0,1262.0
0.0,14669.0,3775.0,3787.0,0.0,4254.0,1410.0,1410.0,1434.0,1262.0,1262.0,1263.0,1258.0,1258.0,1259.0,4896.0,4896.0,4877.0,1410.0,1410.0,1434.0,1262.0,1262.0,1263.0
0.0,10894.0,3733.0,3787.0,467.0,7520.0,2506.0,2506.0,2508.0,1262.0,1262.0,1263.0,1244.0,1244.0,1245.0,3638.0,3638.0,3618.0,2506.0,2506.0,2508.0,1262.0,1262.0,1263.0
0.0,7628.0,3861.0,3790.0,4254.0,7139.0,2387.0,2387.0,2365.0,1263.0,1263.0,1264.0,1287.0,1287.0,1287.0,2542.0,2542.0,2544.0,2387.0,2387.0,2365.0,1263.0,1263.0,1264.0
0.0,8021.0,3730.0,3789.0,7520.0,3345.0,1124.0,1124.0,1097.0,1263.0,1263.0,1263.0,1243.0,1243.0,1244.0,2665.0,2665.0,2691.0,1124.0,1124.0,1097.0,1263.0,1263.0,1263.0
0.0,11811.0,3832.0,3790.0,7139.0,42.0,14.0,14.0,14.0,1263.0,1263.0,1264.0,1277.0,1277.0,1278.0,3928.0,3928.0,3955.0,14.0,14.0,14.0,1263.0,1263.0,1264.0
0.0,15118.0,3741.0,3789.0,3345.0,434.0,137.0,137.0,160.0,1263.0,1263.0,1263.0,1247.0,1247.0,1247.0,5038.0,5038.0,5042.0,137.0,137.0,160.0,1263.0,1263.0,1263.0
0.0,14722.0,3739.0,3789.0,42.0,4131.0,1369.0,1369.0,1393.0,1263.0,1263.0,1263.0,1246.0,1246.0,1247.0,4915.0,4915.0,4892.0,1369.0,1369.0,1393.0,1263.0,1263.0,1263.0
0.0,11025.0,3667.0,3789.0,434.0,7364.0,2454.0,2454.0,2456.0,1263.0,1263.0,1263.0,1222.0,1222.0,1223.0,3683.0,3683.0,3659.0,2454.0,2454.0,2456.0,1263.0,1263.0,1263.0
0.0,7792.0,3810.0,3792.0,4131.0,7055.0,2359.0,2359.0,2337.0,1264.0,1264.0,1264.0,1270.0,1270.0,1270.0,2598.0,2598.0,2596.0,2359.0,2359.0,2337.0,1264.0,1264.0,1264.0
0.0,8113.0,3784.0,3790.0,7364.0,3467.0,1162.0,1162.0,1143.0,1263.0,1263.0,1264.0,1261.0,1261.0,1262.0,2697.0,2697.0,2719.0,1162.0,1162.0,1143.0,1263.0,1263.0,1264.0
0.0,11693.0,3736.0,3790.0,7055.0,148.0,48.0,48.0,52.0,1263.0,1263.0,1264.0,1245.0,1245.0,1246.0,3890.0,3890.0,3913.0,48.0,48.0,52.0,1263.0,1263.0,1264.0
0.0,15012.0,3924.0,3793.0,3467.0,617.0,198.0,198.0,221.0,1264.0,1264.0,1265.0,1308.0,1308.0,1308.0,5004.0,5004.0,5004.0,198.0,198.0,221.0,1264.0,1264.0,1265.0
0.0,14555.0,3822.0,3795.0,148.0,4299.0,1428.0,1428.0,1443.0,1265.0,1265.0,1265.0,1274.0,1274.0,1274.0,4858.0,4858.0,4839.0,1428.0,1428.0,1443.0,1265.0,1265.0,1265.0
0.0,10881.0,3780.0,3796.0,617.0,7466.0,2490.0,2490.0,2486.0,1265.0,1265.0,1266.0,1260.0,1260.0,1260.0,3632.0,3632.0,3617.0,2490.0,2490.0,2486.0,1265.0,1265.0,1266.0
0.0,7718.0,3786.0,3796.0,4299.0,6953.0,2324.0,2324.0,2305.0,1265.0,1265.0,1266.0,1262.0,1262.0,1262.0,2570.0,2570.0,2578.0,2324.0,2324.0,2305.0,1265.0,1265.0,1266.0
0.0,8231.0,3871.0,3801.0,7466.0,3378.0,1132.0,1132.0,1114.0,1267.0,1267.0,1267.0,1290.0,1290.0,1291.0,2736.0,2736.0,2759.0,1132.0,1132.0,1114.0,1267.0,1267.0,1267.0
0.0,11826.0,3901.0,3804.0,6953.0,338.0,112.0,112.0,114.0,1268.0,1268.0,1268.0,1300.0,1300.0,1301.0,3936.0,3936.0,3954.0,112.0,112.0,114.0,1268.0,1268.0,1268.0
0.0,14878.0,3850.0,3804.0,3378.0,810.0,263.0,263.0,284.0,1268.0,1268.0,1268.0,1283.0,1283.0,1284.0,4960.0,4960.0,4958.0,263.0,263.0,284.0,1268.0,1268.0,1268.0
0.0,14406.0,3795.0,3805.0,338.0,4271.0,1416.0,1416.0,1439.0,1268.0,1268.0,1269.0,1265.0,1265.0,1265.0,4809.0,4809.0,4788.0,1416.0,1416.0,1439.0,1268.0,1268.0,1269.0
0.0,10949.0,3847.0,3805.0,810.0,7308.0,2435.0,2435.0,2438.0,1268.0,1268.0,1269.0,1282.0,1282.0,1283.0,3656.0,3656.0,3637.0,2435.0,2435.0,2438.0,1268.0,1268.0,1269.0
0.0,7912.0,3820.0,3807.0,4271.0,6865.0,2296.0,2296.0,2273.0,1269.0,1269.0,1269.0,1273.0,1273.0,1274.0,2637.0,2637.0,2638.0,2296.0,2296.0,2273.0,1269.0,1269.0,1269.0
0.0,8363.0,3816.0,3807.0,7308.0,3373.0,1133.0,1133.0,1107.0,1269.0,1269.0,1269.0,1272.0,1272.0,1272.0,2780.0,2780.0,2803.0,1133.0,1133.0,1107.0,1269.0,1269.0,1269.0
0.0,11855.0,3939.0,3810.0,6865.0,459.0,154.0,154.0,151.0,1270.0,1270.0,1270.0,1313.0,1313.0,1313.0,3943.0,3943.0,3969.0,154.0,154.0,151.0,1270.0,1270.0,1270.0
0.0,14781.0,3922.0,3811.0,3373.0,1012.0,328.0,328.0,356.0,1270.0,1270.0,1271.0,1307.0,1307.0,1308.0,4926.0,4926.0,4929.0,328.0,328.0,356.0,1270.0,1270.0,1271.0
0.0,14232.0,3879.0,3811.0,459.0,4432.0,1467.0,1467.0,1498.0,1270.0,1270.0,1271.0,1293.0,1293.0,1293.0,4752.0,4752.0,4728.0,1467.0,1467.0,1498.0,1270.0,1270.0,1271.0
0.0,10812.0,3877.0,3811.0,1012.0,7297.0,2431.0,2431.0,2435.0,1270.0,1270.0,1271.0,1292.0,1292.0,1293.0,3613.0,3613.0,3586.0,2431.0,2431.0,2435.0,1270.0,1270.0,1271.0
0.0,7947.0,3942.0,3813.0,4432.0,6815.0,2282.0,2282.0,2251.0,1271.0,1271.0,1271.0,1314.0,1314.0,1314.0,2649.0,2649.0,2649.0,2282.0,2282.0,2251.0,1271.0,1271.0,1271.0
0.0,8437.0,3970.0,3817.0,7297.0,3504.0,1178.0,1178.0,1148.0,1272.0,1272.0,1273.0,1323.0,1323.0,1324.0,2802.0,2802.0,2833.0,1178.0,1178.0,1148.0,1272.0,1272.0,1273.0
0.0,11764.0,3900.0,3819.0,6815.0,597.0,200.0,200.0,197.0,1273.0,1273.0,1273.0,1300.0,1300.0,1300.0,3910.0,3910.0,3944.0,200.0,200.0,197.0,1273.0,1273.0,1273.0
0.0,14679.0,3844.0,3819.0,3504.0,937.0,303.0,303.0,331.0,1273.0,1273.0,1273.0,1281.0,1281.0,1282.0,4892.0,4892.0,4895.0,303.0,303.0,331.0,1273.0,1273.0,1273.0
0.0,14339.0,3810.0,3820.0,597.0,4154.0,1373.0,1373.0,1408.0,1273.0,1273.0,1274.0,1270.0,1270.0,1270.0,4789.0,4789.0,4761.0,1373.0,1373.0,1408.0,1273.0,1273.0,1274.0
0.0,11126.0,3901.0,3823.0,937.0,7130.0,2374.0,2374.0,2382.0,1274.0,1274.0,1275.0,1300.0,1300.0,1301.0,3719.0,3719.0,3688.0,2374.0,2374.0,2382.0,1274.0,1274.0,1275.0
0.0,8162.0,3847.0,3823.0,4154.0,6823.0,2283.0,2283.0,2257.0,1274.0,1274.0,1275.0,1282.0,1282.0,1283.0,2722.0,2722.0,2718.0,2283.0,2283.0,2257.0,1274.0,1274.0,1275.0
0.0,8469.0,3955.0,3823.0,7130.0,3648.0,1227.0,1227.0,1194.0,1274.0,1274.0,1275.0,1318.0,1318.0,1319.0,2813.0,2813.0,2843.0,1227.0,1227.0,1194.0,1274.0,1274.0,1275.0
0.0,11644.0,3781.0,3822.0,6823.0,602.0,204.0,204.0,194.0,1274.0,1274.0,1274.0,1260.0,1260.0,1261.0,3869.0,3869.0,3906.0,204.0,204.0,194.0,1274.0,1274.0,1274.0
0.0,14686.0,3963.0,3823.0,3648.0,921.0,298.0,298.0,325.0,1274.0,1274.0,1275.0,1321.0,1321.0,1321.0,4892.0,4892.0,4902.0,298.0,298.0,325.0,1274.0,1274.0,1275.0
0.0,14371.0,3823.0,3823.0,602.0,4142.0,1368.0,1368.0,1406.0,1274.0,1274.0,1275.0,1274.0,1274.0,1275.0,4798.0,4798.0,4775.0,1368.0,1368.0,1406.0,1274.0,1274.0,1275.0
0.0,11150.0,3939.0,3828.0,921.0,7180.0,2391.0,2391.0,2398.0,1276.0,1276.0,1276.0,1313.0,1313.0,1313.0,3728.0,3728.0,3694.0,2391.0,2391.0,2398.0,1276.0,1276.0,1276.0
0.0,8132.0,3967.0,3829.0,4142.0,7009.0,2345.0,2345.0,2319.0,1276.0,1276.0,1277.0,1322.0,1322.0,1323.0,2713.0,2713.0,2706.0,2345.0,2345.0,2319.0,1276.0,1276.0,1277.0
0.0,8307.0,3741.0,3826.0,7180.0,3558.0,1197.0,1197.0,1164.0,1275.0,1275.0,1276.0,1247.0,1247.0,1247.0,2759.0,2759.0,2789.0,1197.0,1197.0,1164.0,1275.0,1275.0,1276.0
0.0,11746.0,3870.0,3826.0,7009.0,419.0,142.0,142.0,135.0,1275.0,1275.0,1276.0,1290.0,1290.0,1290.0,3903.0,3903.0,3940.0,142.0,142.0,135.0,1275.0,1275.0,1276.0
0.0,14885.0,3792.0,3826.0,3558.0,653.0,209.0,209.0,235.0,1275.0,1275.0,1276.0,1264.0,1264.0,1264.0,4958.0,4958.0,4969.0,209.0,209.0,235.0,1275.0,1275.0,1276.0
0.0,14651.0,3903.0,3829.0,419.0,4149.0,1372.0,1372.0,1405.0,1276.0,1276.0,1277.0,1301.0,1301.0,1301.0,4891.0,4891.0,4869.0,1372.0,1372.0,1405.0,1276.0,1276.0,1277.0
0.0,11167.0,3823.0,3829.0,653.0,7319.0,2437.0,2437.0,2445.0,1276.0,1276.0,1277.0,1274.0,1274.0,1275.0,3732.0,3732.0,3703.0,2437.0,2437.0,2445.0,1276.0,1276.0,1277.0
0.0,7997.0,3847.0,3831.0,4149.0,7025.0,2351.0,2351.0,2323.0,1277.0,1277.0,1277.0,1282.0,1282.0,1283.0,2667.0,2667.0,2663.0,2351.0,2351.0,2323.0,1277.0,1277.0,1277.0
0.0,8299.0,3931.0,3835.0,7319.0,3653.0,1228.0,1228.0,1197.0,1278.0,1278.0,1279.0,1310.0,1310.0,1311.0,2757.0,2757.0,2785.0,1228.0,1228.0,1197.0,1278.0,1278.0,1279.0
0.0,11687.0,3837.0,3835.0,7025.0,465.0,156.0,156.0,153.0,1278.0,1278.0,1279.0,1279.0,1279.0,1279.0,3884.0,3884.0,3919.0,156.0,156.0,153.0,1278.0,1278.0,1279.0
0.0,14875.0,3912.0,3835.0,3653.0,724.0,232.0,232.0,260.0,1278.0,1278.0,1279.0,1304.0,1304.0,1304.0,4956.0,4956.0,4963.0,232.0,232.0,260.0,1278.0,1278.0,1279.0
0.0,14616.0,3883.0,3838.0,465.0,4154.0,1374.0,1374.0,1406.0,1279.0,1279.0,1280.0,1294.0,1294.0,1295.0,4880.0,4880.0,4856.0,1374.0,1374.0,1406.0,1279.0,1279.0,1280.0
0.0,11198.0,3858.0,3840.0,724.0,7296.0,2432.0,2432.0,2432.0,1280.0,1280.0,1280.0,1286.0,1286.0,1286.0,3742.0,3742.0,3714.0,2432.0,2432.0,2432.0,1280.0,1280.0,1280.0
0.0,8064.0,3883.0,3843.0,4154.0,7037.0,2356.0,2356.0,2325.0,1281.0,1281.0,1281.0,1294.0,1294.0,1295.0,2688.0,2688.0,2688.0,2356.0,2356.0,2325.0,1281.0,1281.0,1281.0
0.0,8335.0,3841.0,3846.0,7296.0,3594.0,1208.0,1208.0,1178.0,1282.0,1282.0,1282.0,1280.0,1280.0,1281.0,2768.0,2768.0,2799.0,1208.0,1208.0,1178.0,1282.0,1282.0,1282.0
0.0,11790.0,3963.0,3850.0,7037.0,536.0,177.0,177.0,182.0,1283.0,1283.0,1284.0,1321.0,1321.0,1321.0,3920.0,3920.0,3950.0,177.0,177.0,182.0,1283.0,1283.0,1284.0
0.0,14864.0,3865.0,3852.0,3594.0,815.0,261.0,261.0,293.0,1284.0,1284.0,1284.0,1288.0,1288.0,1289.0,4955.0,4955.0,4954.0,261.0,261.0,293.0,1284.0,1284.0,1284.0
0.0,14593.0,3703.0,3849.0,536.0,3970.0,1314.0,1314.0,1342.0,1283.0,1283.0,1283.0,1234.0,1234.0,1235.0,4875.0,4875.0,4843.0,1314.0,1314.0,1342.0,1283.0,1283.0,1283.0
0.0,11426.0,3817.0,3850.0,815.0,6976.0,2325.0,2325.0,2326.0,1283.0,1283.0,1284.0,1272.0,1272.0,1273.0,3818.0,3818.0,3790.0,2325.0,2325.0,2326.0,1283.0,1283.0,1284.0
0.0,8424.0,4048.0,3855.0,3970.0,7074.0,2368.0,2368.0,2338.0,1285.0,1285.0,1285.0,1349.0,1349.0,1350.0,2807.0,2807.0,2810.0,2368.0,2368.0,2338.0,1285.0,1285.0,1285.0
0.0,8346.0,3853.0,3858.0,6976.0,3963.0,1331.0,1331.0,1301.0,1286.0,1286.0,1286.0,1284.0,1284.0,1285.0,2772.0,2772.0,2802.0,1331.0,1331.0,1301.0,1286.0,1286.0,1286.0
0.0,11469.0,3718.0,3856.0,7074.0,599.0,198.0,198.0,203.0,1285.0,1285.0,1286.0,1239.0,1239.0,1240.0,3813.0,3813.0,3843.0,198.0,198.0,203.0,1285.0,1285.0,1286.0
0.0,14825.0,3766.0,3859.0,3963.0,414.0,126.0,126.0,162.0,1286.0,1286.0,1287.0,1255.0,1255.0,1256.0,4942.0,4942.0,4941.0,126.0,126.0,162.0,1286.0,1286.0,1287.0
0.0,15022.0,3814.0,3859.0,599.0,3629.0,1199.0,1199.0,1231.0,1286.0,1286.0,1287.0,1271.0,1271.0,1272.0,5018.0,5018.0,4986.0,1199.0,1199.0,1231.0,1286.0,1286.0,1287.0
0.0,11807.0,3973.0,3862.0,414.0,7200.0,2401.0,2401.0,2398.0,1287.0,1287.0,1288.0,1324.0,1324.0,1325.0,3945.0,3945.0,3917.0,2401.0,2401.0,2398.0,1287.0,1287.0,1288.0
0.0,8248.0,3889.0,3865.0,3629.0,7472.0,2502.0,2502.0,2468.0,1288.0,1288.0,1289.0,1296.0,1296.0,1297.0,2747.0,2747.0,2754.0,2502.0,2502.0,2468.0,1288.0,1288.0,1289.0
0.0,7988.0,3907.0,3865.0,7200.0,4179.0,1403.0,1403.0,1373.0,1288.0,1288.0,1289.0,1302.0,1302.0,1303.0,2650.0,2650.0,2688.0,1403.0,1403.0,1373.0,1288.0,1288.0,1289.0
0.0,11281.0,3840.0,3865.0,7472.0,547.0,181.0,181.0,185.0,1288.0,1288.0,1289.0,1280.0,1280.0,1280.0,3749.0,3749.0,3783.0,181.0,181.0,185.0,1288.0,1288.0,1289.0
0.0,14913.0,3798.0,3865.0,4179.0,166.0,44.0,44.0,78.0,1288.0,1288.0,1289.0,1266.0,1266.0,1266.0,4971.0,4971.0,4971.0,44.0,44.0,78.0,1288.0,1288.0,1289.0
0.0,15294.0,3859.0,3867.0,547.0,3486.0,1153.0,1153.0,1180.0,1289.0,1289.0,1289.0,1286.0,1286.0,1287.0,5108.0,5108.0,5078.0,1153.0,1153.0,1180.0,1289.0,1289.0,1289.0
0.0,11982.0,3991.0,3870.0,166.0,7323.0,2443.0,2443.0,2437.0,1290.0,1290.0,1290.0,1330.0,1330.0,1331.0,4003.0,4003.0,3976.0,2443.0,2443.0,2437.0,1290.0,1290.0,1290.0
0.0,8157.0,3895.0,3870.0,3486.0,7732.0,2588.0,2588.0,2556.0,1290.0,1290.0,1290.0,1298.0,1298.0,1299.0,2717.0,2717.0,2723.0,2588.0,2588.0,2556.0,1290.0,1290.0,1290.0
0.0,7748.0,3774.0,3868.0,7323.0,4175.0,1399.0,1399.0,1377.0,1289.0,1289.0,1290.0,1258.0,1258.0,1258.0,2572.0,2572.0,2604.0,1399.0,1399.0,1377.0,1289.0,1289.0,1290.0
0.0,11297.0,3898.0,3870.0,7732.0,349.0,114.0,114.0,121.0,1290.0,1290.0,1290.0,1299.0,1299.0,1300.0,3757.0,3757.0,3783.0,114.0,114.0,121.0,1290.0,1290.0,1290.0
0.0,15131.0,3906.0,3871.0,4175.0,84.0,17.0,17.0,50.0,1290.0,1290.0,1291.0,1302.0,1302.0,1302.0,5046.0,5046.0,5039.0,17.0,17.0,50.0,1290.0,1290.0,1291.0
0.0,15400.0,4000.0,3874.0,349.0,3747.0,1240.0,1240.0,1267.0,1291.0,1291.0,1292.0,1333.0,1333.0,1334.0,5143.0,5143.0,5114.0,1240.0,1240.0,1267.0,1291.0,1291.0,1292.0
0.0,11749.0,3823.0,3874.0,84.0,7486.0,2497.0,2497.0,2492.0,1291.0,1291.0,1292.0,1274.0,1274.0,1275.0,3924.0,3924.0,3901.0,2497.0,2497.0,2492.0,1291.0,1291.0,1292.0
0.0,8010.0,3949.0,3874.0,3747.0,7688.0,2573.0,2573.0,2542.0,1291.0,1291.0,1292.0,1316.0,1316.0,1317.0,2667.0,2667.0,2676.0,2573.0,2573.0,2542.0,1291.0,1291.0,1292.0
0.0,7808.0,3829.0,3873.0,7486.0,4027.0,1352.0,1352.0,1323.0,1291.0,1291.0,1291.0,1276.0,1276.0,1277.0,2591.0,2591.0,2626.0,1352.0,1352.0,1323.0,1291.0,1291.0,1291.0
0.0,11465.0,3817.0,3871.0,7688.0,148.0,47.0,47.0,54.0,1290.0,1290.0,1291.0,1272.0,1272.0,1273.0,3812.0,3812.0,3841.0,47.0,47.0,54.0,1290.0,1290.0,1291.0
0.0,15336.0,3844.0,3871.0,4027.0,13.0,0.0,0.0,13.0,1290.0,1290.0,1291.0,1281.0,1281.0,1282.0,5113.0,5113.0,5110.0,0.0,0.0,13.0,1290.0,1290.0,1291.0
0.0,15519.0,3916.0,3871.0,148.0,3733.0,1234.0,1234.0,1265.0,1290.0,1290.0,1291.0,1305.0,1305.0,1306.0,5184.0,5184.0,5151.0,1234.0,1234.0,1265.0,1290.0,1290.0,1291.0
0.0,11751.0,3994.0,3871.0,13.0,7714.0,2565.0,2565.0,2584.0,1290.0,1290.0,1291.0,1331.0,1331.0,1332.0,3926.0,3926.0,3899.0,2565.0,2565.0,2584.0,1290.0,1290.0,1291.0
0.0,7770.0,3999.0,3873.0,3733.0,7988.0,2668.0,2668.0,2652.0,1291.0,1291.0,1291.0,1333.0,1333.0,1333.0,2595.0,2595.0,2580.0,2668.0,2668.0,2652.0,1291.0,1291.0,1291.0
0.0,7504.0,3889.0,3874.0,7714.0,4167.0,1399.0,1399.0,1369.0,1291.0,1291.0,1292.0,1296.0,1296.0,1297.0,2496.0,2496.0,2512.0,1399.0,1399.0,1369.0,1291.0,1291.0,1292.0
0.0,11329.0,3856.0,3874.0,7988.0,35.0,16.0,16.0,3.0,1291.0,1291.0,1292.0,1285.0,1285.0,1286.0,3765.0,3765.0,3799.0,16.0,16.0,3.0,1291.0,1291.0,1292.0
0.0,15461.0,3970.0,3877.0,4167.0,0.0,0.0,0.0,0.0,1292.0,1292.0,1293.0,1323.0,1323.0,1324.0,5148.0,5148.0,5165.0,0.0,0.0,0.0,1292.0,1292.0,1293.0
0.0,15658.0,4027.0,3880.0,35.0,3854.0,1274.0,1274.0,1306.0,1293.0,1293.0,1294.0,1342.0,1342.0,1343.0,5224.0,5224.0,5210.0,1274.0,1274.0,1306.0,1293.0,1293.0,1294.0
0.0,11666.0,3892.0,3879.0,0.0,7742.0,2571.0,2571.0,2600.0,1293.0,1293.0,1293.0,1297.0,1297.0,1298.0,3898.0,3898.0,3870.0,2571.0,2571.0,2600.0,1293.0,1293.0,1293.0
0.0,7774.0,3990.0,3883.0,3854.0,7894.0,2631.0,2631.0,2632.0,1294.0,1294.0,1295.0,1330.0,1330.0,1330.0,2601.0,2601.0,2572.0,2631.0,2631.0,2632.0,1294.0,1294.0,1295.0
0.0,7638.0,3952.0,3883.0,7742.0,4104.0,1377.0,1377.0,1350.0,1294.0,1294.0,1295.0,1317.0,1317.0,1318.0,2545.0,2545.0,2548.0,1377.0,1377.0,1350.0,1294.0,1294.0,1295.0
0.0,11428.0,4087.0,3888.0,7894.0,317.0,116.0,116.0,85.0,1296.0,1296.0,1296.0,1362.0,1362.0,1363.0,3799.0,3799.0,3830.0,116.0,116.0,85.0,1296.0,1296.0,1296.0
0.0,15235.0,4024.0,3889.0,4104.0,241.0,80.0,80.0,81.0,1296.0,1296.0,1297.0,1341.0,1341.0,1342.0,5068.0,5068.0,5099.0,80.0,80.0,81.0,1296.0,1296.0,1297.0
0.0,15315.0,3927.0,3889.0,317.0,3851.0,1273.0,1273.0,1305.0,1296.0,1296.0,1297.0,1309.0,1309.0,1309.0,5104.0,5104.0,5107.0,1273.0,1273.0,1305.0,1296.0,1296.0,1297.0
0.0,11705.0,3918.0,3892.0,241.0,7540.0,2503.0,2503.0,2534.0,1297.0,1297.0,1298.0,1306.0,1306.0,1306.0,3911.0,3911.0,3883.0,2503.0,2503.0,2534.0,1297.0,1297.0,1298.0
0.0,8028.0,3999.0,3894.0,3851.0,7696.0,2567.0,2567.0,2562.0,1298.0,1298.0,1298.0,1333.0,1333.0,1333.0,2685.0,2685.0,2658.0,2567.0,2567.0,2562.0,1298.0,1298.0,1298.0
0.0,7880.0,3925.0,3897.0,7540.0,4093.0,1376.0,1376.0,1341.0,1299.0,1299.0,1299.0,1308.0,1308.0,1309.0,2625.0,2625.0,2630.0,1376.0,1376.0,1341.0,1299.0,1299.0,1299.0
0.0,11495.0,3808.0,3895.0,7696.0,197.0,74.0,74.0,49.0,1298.0,1298.0,1299.0,1269.0,1269.0,1270.0,3820.0,3820.0,3855.0,74.0,74.0,49.0,1298.0,1298.0,1299.0
0.0,15383.0,3879.0,3895.0,4093.0,1.0,0.0,0.0,1.0,1298.0,1298.0,1299.0,1293.0,1293.0,1293.0,5118.0,5118.0,5147.0,0.0,0.0,1.0,1298.0,1298.0,1299.0
0.0,15597.0,3921.0,3898.0,197.0,3719.0,1228.0,1228.0,1263.0,1299.0,1299.0,1300.0,1307.0,1307.0,1307.0,5201.0,5201.0,5195.0,1228.0,1228.0,1263.0,1299.0,1299.0,1300.0
0.0,11873.0,3919.0,3897.0,1.0,7633.0,2534.0,2534.0,2565.0,1299.0,1299.0,1299.0,1306.0,1306.0,1307.0,3968.0,3968.0,3937.0,2534.0,2534.0,2565.0,1299.0,1299.0,1299.0
0.0,7955.0,3849.0,3898.0,3719.0,7767.0,2589.0,2589.0,2589.0,1299.0,1299.0,1300.0,1283.0,1283.0,1283.0,2662.0,2662.0,2631.0,2589.0,2589.0,2589.0,1299.0,1299.0,1300.0
0.0,7825.0,3865.0,3897.0,7633.0,3995.0,1343.0,1343.0,1309.0,1299.0,1299.0,1299.0,1288.0,1288.0,1289.0,2607.0,2607.0,2611.0,1343.0,1343.0,1309.0,1299.0,1299.0,1299.0
0.0,11593.0,3927.0,3898.0,7767.0,159.0,63.0,63.0,33.0,1299.0,1299.0,1300.0,1309.0,1309.0,1309.0,3853.0,3853.0,3887.0,63.0,63.0,33.0,1299.0,1299.0,1300.0
0.0,15433.0,3934.0,3898.0,3995.0,98.0,31.0,31.0,36.0,1299.0,1299.0,1300.0,1311.0,1311.0,1312.0,5133.0,5133.0,5167.0,31.0,31.0,36.0,1299.0,1299.0,1300.0
0.0,15494.0,3951.0,3900.0,159.0,3898.0,1289.0,1289.0,1320.0,1300.0,1300.0,1300.0,1317.0,1317.0,1317.0,5165.0,5165.0,5164.0,1289.0,1289.0,1320.0,1300.0,1300.0,1300.0
0.0,11702.0,3909.0,3901.0,98.0,7713.0,2561.0,2561.0,2591.0,1300.0,1300.0,1301.0,1303.0,1303.0,1303.0,3911.0,3911.0,3880.0,2561.0,2561.0,2591.0,1300.0,1300.0,1301.0
0.0,7891.0,3870.0,3900.0,3898.0,7681.0,2562.0,2562.0,2557.0,1300.0,1300.0,1300.0,1290.0,1290.0,1290.0,2639.0,2639.0,2613.0,2562.0,2562.0,2557.0,1300.0,1300.0,1300.0
0.0,7919.0,3963.0,3901.0,7713.0,3935.0,1322.0,1322.0,1291.0,1300.0,1300.0,1301.0,1321.0,1321.0,1321.0,2638.0,2638.0,2643.0,1322.0,1322.0,1291.0,1300.0,1300.0,1301.0
0.0,11669.0,3868.0,3904.0,7681.0,134.0,53.0,53.0,28.0,1301.0,1301.0,1302.0,1289.0,1289.0,1290.0,3878.0,3878.0,3913.0,53.0,53.0,28.0,1301.0,1301.0,1302.0
0.0,15482.0,3745.0,3904.0,3935.0,0.0,0.0,0.0,0.0,1301.0,1301.0,1302.0,1248.0,1248.0,1249.0,5151.0,5151.0,5180.0,0.0,0.0,0.0,1301.0,1301.0,1302.0
0.0,15672.0,3937.0,3901.0,134.0,3735.0,1234.0,1234.0,1267.0,1300.0,1300.0,1301.0,1312.0,1312.0,1313.0,5225.0,5225.0,5222.0,1234.0,1234.0,1267.0,1300.0,1300.0,1301.0
0.0,11869.0,3948.0,3903.0,0.0,7691.0,2554.0,2554.0,2583.0,1301.0,1301.0,1301.0,1316.0,1316.0,1316.0,3966.0,3966.0,3937.0,2554.0,2554.0,2583.0,1301.0,1301.0,1301.0
0.0,7921.0,4003.0,3909.0,3735.0,7983.0,2662.0,2662.0,2659.0,1303.0,1303.0,1303.0,1334.0,1334.0,1335.0,2650.0,2650.0,2621.0,2662.0,2662.0,2659.0,1303.0,1303.0,1303.0
0.0,7653.0,3993.0,3913.0,7691.0,4301.0,1443.0,1443.0,1415.0,1304.0,1304.0,1305.0,1331.0,1331.0,1331.0,2550.0,2550.0,2553.0,1443.0,1443.0,1415.0,1304.0,1304.0,1305.0
0.0,11351.0,3949.0,3916.0,7983.0,279.0,101.0,101.0,77.0,1305.0,1305.0,1306.0,1316.0,1316.0,1317.0,3773.0,3773.0,3805.0,101.0,101.0,77.0,1305.0,1305.0,1306.0
0.0,15385.0,3958.0,3915.0,4301.0,0.0,0.0,0.0,0.0,1305.0,1305.0,1305.0,1319.0,1319.0,1320.0,5119.0,5119.0,5147.0,0.0,0.0,0.0,1305.0,1305.0,1305.0
0.0,15728.0,3988.0,3916.0,279.0,3645.0,1205.0,1205.0,1235.0,1305.0,1305.0,1306.0,1329.0,1329.0,1330.0,5243.0,5243.0,5242.0,1205.0,1205.0,1235.0,1305.0,1305.0,1306.0
0.0,12019.0,3994.0,3919.0,0.0,7651.0,2540.0,2540.0,2571.0,1306.0,1306.0,1307.0,1331.0,1331.0,1332.0,4015.0,4015.0,3989.0,2540.0,2540.0,2571.0,1306.0,1306.0,1307.0
0.0,8025.0,4132.0,3924.0,3645.0,8158.0,2720.0,2720.0,2718.0,1308.0,1308.0,1308.0,1377.0,1377.0,1378.0,2684.0,2684.0,2657.0,2720.0,2720.0,2718.0,1308.0,1308.0,1308.0
0.0,7538.0,3939.0,3927.0,7651.0,4458.0,1497.0,1497.0,1464.0,1309.0,1309.0,1309.0,1313.0,1313.0,1313.0,2512.0,2512.0,2514.0,1497.0,1497.0,1464.0,1309.0,1309.0,1309.0
0.0,11250.0,3906.0,3928.0,8158.0,210.0,79.0,79.0,52.0,1309.0,1309.0,1310.0,1302.0,1302.0,1302.0,3739.0,3739.0,3772.0,79.0,79.0,52.0,1309.0,1309.0,1310.0
0.0,15502.0,4021.0,3928.0,4458.0,0.0,0.0,0.0,0.0,1309.0,1309.0,1310.0,1340.0,1340.0,1341.0,5157.0,5157.0,5188.0,0.0,0.0,0.0,1309.0,1309.0,1310.0
0.0,15939.0,4036.0,3931.0,210.0,3611.0,1192.0,1192.0,1227.0,1310.0,1310.0,1311.0,1345.0,1345.0,1346.0,5314.0,5314.0,5311.0,1192.0,1192.0,1227.0,1310.0,1310.0,1311.0
0.0,12113.0,3879.0,3933.0,0.0,7498.0,2489.0,2489.0,2520.0,1311.0,1311.0,1311.0,1293.0,1293.0,1293.0,4048.0,4048.0,4017.0,2489.0,2489.0,2520.0,1311.0,1311.0,1311.0
0.0,8234.0,4006.0,3936.0,3611.0,7905.0,2636.0,2636.0,2633.0,1312.0,1312.0,1312.0,1335.0,1335.0,1336.0,2755.0,2755.0,2724.0,2636.0,2636.0,2633.0,1312.0,1312.0,1312.0
0.0,7839.0,4033.0,3937.0,7498.0,4444.0,1491.0,1491.0,1462.0,1312.0,1312.0,1313.0,1344.0,1344.0,1345.0,2612.0,2612.0,2615.0,1491.0,1491.0,1462.0,1312.0,1312.0,1313.0
0.0,11304.0,4035.0,3939.0,7905.0,582.0,204.0,204.0,174.0,1313.0,1313.0,1313.0,1345.0,1345.0,1345.0,3757.0,3757.0,3790.0,204.0,204.0,174.0,1313.0,1313.0,1313.0
0.0,15174.0,4060.0,3943.0,4444.0,214.0,70.0,70.0,74.0,1314.0,1314.0,1315.0,1353.0,1353.0,1354.0,5048.0,5048.0,5078.0,70.0,70.0,74.0,1314.0,1314.0,1315.0
0.0,15558.0,3901.0,3942.0,582.0,3529.0,1166.0,1166.0,1197.0,1314.0,1314.0,1314.0,1300.0,1300.0,1301.0,5186.0,5186.0,5186.0,1166.0,1166.0,1197.0,1314.0,1314.0,1314.0
0.0,12239.0,4035.0,3946.0,214.0,7366.0,2445.0,2445.0,2476.0,1315.0,1315.0,1316.0,1345.0,1345.0,1345.0,4090.0,4090.0,4059.0,2445.0,2445.0,2476.0,1315.0,1315.0,1316.0
0.0,8418.0,3861.0,3946.0,3529.0,7698.0,2566.0,2566.0,2566.0,1315.0,1315.0,1316.0,1287.0,1287.0,1287.0,2815.0,2815.0,2788.0,2566.0,2566.0,2566.0,1315.0,1315.0,1316.0
0.0,8086.0,3960.0,3949.0,7366.0,4304.0,1445.0,1445.0,1414.0,1316.0,1316.0,1317.0,1320.0,1320.0,1320.0,2694.0,2694.0,2698.0,1445.0,1445.0,1414.0,1316.0,1316.0,1317.0
0.0,11492.0,4081.0,3952.0,7698.0,699.0,243.0,243.0,213.0,1317.0,1317.0,1318.0,1360.0,1360.0,1361.0,3819.0,3819.0,3854.0,243.0,243.0,213.0,1317.0,1317.0,1318.0
0.0,15109.0,4015.0,3952.0,4304.0,410.0,136.0,136.0,138.0,1317.0,1317.0,1318.0,1338.0,1338.0,1339.0,5025.0,5025.0,5059.0,136.0,136.0,138.0,1317.0,1317.0,1318.0
0.0,15398.0,3904.0,3951.0,699.0,3611.0,1194.0,1194.0,1223.0,1317.0,1317.0,1317.0,1301.0,1301.0,1302.0,5132.0,5132.0,5134.0,1194.0,1194.0,1223.0,1317.0,1317.0,1317.0
0.0,12193.0,4086.0,3955.0,410.0,7303.0,2424.0,2424.0,2455.0,1318.0,1318.0,1319.0,1362.0,1362.0,1362.0,4074.0,4074.0,4045.0,2424.0,2424.0,2455.0,1318.0,1318.0,1319.0
0.0,8517.0,4209.0,3961.0,3611.0,7925.0,2641.0,2641.0,2643.0,1320.0,1320.0,1321.0,1403.0,1403.0,1403.0,2848.0,2848.0,2821.0,2641.0,2641.0,2643.0,1320.0,1320.0,1321.0
0.0,7919.0,4057.0,3963.0,7303.0,4687.0,1573.0,1573.0,1541.0,1321.0,1321.0,1321.0,1352.0,1352.0,1353.0,2639.0,2639.0,2641.0,1573.0,1573.0,1541.0,1321.0,1321.0,1321.0
0.0,11165.0,4105.0,3964.0,7925.0,871.0,300.0,300.0,271.0,1321.0,1321.0,1322.0,1368.0,1368.0,1369.0,3711.0,3711.0,3743.0,300.0,300.0,271.0,1321.0,1321.0,1322.0
0.0,14985.0,3981.0,3966.0,4687.0,173.0,58.0,58.0,57.0,1322.0,1322.0,1322.0,1327.0,1327.0,1327.0,4984.0,4984.0,5017.0,58.0,58.0,57.0,1322.0,1322.0,1322.0
0.0,15691.0,4036.0,3967.0,871.0,3342.0,1103.0,1103.0,1136.0,1322.0,1322.0,1323.0,1345.0,1345.0,1346.0,5230.0,5230.0,5231.0,1103.0,1103.0,1136.0,1322.0,1322.0,1323.0
0.0,12526.0,4155.0,3970.0,173.0,7336.0,2434.0,2434.0,2468.0,1323.0,1323.0,1324.0,1385.0,1385.0,1385.0,4185.0,4185.0,4156.0,2434.0,2434.0,2468.0,1323.0,1323.0,1324.0
0.0,8544.0,4039.0,3970.0,3342.0,8033.0,2677.0,2677.0,2679.0,1323.0,1323.0,1324.0,1346.0,1346.0,1347.0,2858.0,2858.0,2828.0,2677.0,2677.0,2679.0,1323.0,1323.0,1324.0
0.0,7847.0,4087.0,3972.0,7336.0,4792.0,1609.0,1609.0,1574.0,1324.0,1324.0,1324.0,1362.0,1362.0,1363.0,2615.0,2615.0,2617.0,1609.0,1609.0,1574.0,1324.0,1324.0,1324.0
0.0,11096.0,4107.0,3975.0,8033.0,878.0,305.0,305.0,268.0,1325.0,1325.0,1325.0,1369.0,1369.0,1369.0,3687.0,3687.0,3722.0,305.0,305.0,268.0,1325.0,1325.0,1325.0
0.0,15022.0,4036.0,3976.0,4792.0,126.0,41.0,41.0,44.0,1325.0,1325.0,1326.0,1345.0,1345.0,1346.0,4995.0,4995.0,5032.0,41.0,41.0,44.0,1325.0,1325.0,1326.0
0.0,15778.0,4033.0,3978.0,878.0,3289.0,1084.0,1084.0,1121.0,1326.0,1326.0,1326.0,1344.0,1344.0,1345.0,5259.0,5259.0,5260.0,1084.0,1084.0,1121.0,1326.0,1326.0,1326.0
0.0,12623.0,4108.0,3981.0,126.0,7283.0,2416.0,2416.0,2451.0,1327.0,1327.0,1327.0,1369.0,1369.0,1370.0,4220.0,4220.0,4183.0,2416.0,2416.0,2451.0,1327.0,1327.0,1327.0
0.0,8641.0,4071.0,3987.0,3289.0,8089.0,2697.0,2697.0,2695.0,1329.0,1329.0,1329.0,1357.0,1357.0,1357.0,2892.0,2892.0,2857.0,2697.0,2697.0,2695.0,1329.0,1329.0,1329.0
0.0,7859.0,3981.0,3988.0,7283.0,4791.0,1608.0,1608.0,1575.0,1329.0,1329.0,1330.0,1327.0,1327.0,1327.0,2619.0,2619.0,2621.0,1608.0,1608.0,1575.0,1329.0,1329.0,1330.0
0.0,11161.0,3861.0,3987.0,8089.0,559.0,198.0,198.0,163.0,1329.0,1329.0,1329.0,1287.0,1287.0,1287.0,3708.0,3708.0,3745.0,198.0,198.0,163.0,1329.0,1329.0,1329.0
0.0,15389.0,4021.0,3988.0,4791.0,0.0,0.0,0.0,0.0,1329.0,1329.0,1330.0,1340.0,1340.0,1341.0,5118.0,5118.0,5153.0,0.0,0.0,0.0,1329.0,1329.0,1330.0
0.0,16159.0,4033.0,3993.0,559.0,3287.0,1084.0,1084.0,1119.0,1331.0,1331.0,1331.0,1344.0,1344.0,1345.0,5386.0,5386.0,5387.0,1084.0,1084.0,1119.0,1331.0,1331.0,1331.0
0.0,12685.0,4075.0,3997.0,0.0,7378.0,2446.0,2446.0,2486.0,1332.0,1332.0,1333.0,1358.0,1358.0,1359.0,4240.0,4240.0,4205.0,2446.0,2446.0,2486.0,1332.0,1332.0,1333.0
0.0,8610.0,4006.0,3997.0,3287.0,8097.0,2697.0,2697.0,2703.0,1332.0,1332.0,1333.0,1335.0,1335.0,1336.0,2882.0,2882.0,2846.0,2697.0,2697.0,2703.0,1332.0,1332.0,1333.0
0.0,7891.0,3964.0,3999.0,7378.0,4691.0,1576.0,1576.0,1539.0,1333.0,1333.0,1333.0,1321.0,1321.0,1322.0,2631.0,2631.0,2629.0,1576.0,1576.0,1539.0,1333.0,1333.0,1333.0
0.0,11305.0,3889.0,3997.0,8097.0,475.0,171.0,171.0,133.0,1332.0,1332.0,1333.0,1296.0,1296.0,1297.0,3756.0,3756.0,3793.0,171.0,171.0,133.0,1332.0,1332.0,1333.0
0.0,15513.0,4170.0,4003.0,4691.0,0.0,0.0,0.0,0.0,1334.0,1334.0,1335.0,1390.0,1390.0,1390.0,5157.0,5157.0,5199.0,0.0,0.0,0.0,1334.0,1334.0,1335.0
0.0,16034.0,3808.0,4002.0,475.0,3307.0,1091.0,1091.0,1125.0,1334.0,1334.0,1334.0,1269.0,1269.0,1270.0,5343.0,5343.0,5348.0,1091.0,1091.0,1125.0,1334.0,1334.0,1334.0
0.0,12701.0,3838.0,3999.0,0.0,7133.0,2366.0,2366.0,2401.0,1333.0,1333.0,1333.0,1279.0,1279.0,1280.0,4245.0,4245.0,4211.0,2366.0,2366.0,2401.0,1333.0,1333.0,1333.0
0.0,8863.0,3975.0,4000.0,3307.0,7805.0,2600.0,2600.0,2605.0,1333.0,1333.0,1334.0,1325.0,1325.0,1325.0,2966.0,2966.0,2931.0,2600.0,2600.0,2605.0,1333.0,1333.0,1334.0
0.0,8195.0,3979.0,4006.0,7133.0,4675.0,1568.0,1568.0,1539.0,1335.0,1335.0,1336.0,1326.0,1326.0,1327.0,2732.0,2732.0,2731.0,1568.0,1568.0,1539.0,1335.0,1335.0,1336.0
0.0,11349.0,3876.0,4005.0,7805.0,742.0,260.0,260.0,222.0,1335.0,1335.0,1335.0,1292.0,1292.0,1292.0,3772.0,3772.0,3805.0,260.0,260.0,222.0,1335.0,1335.0,1335.0
0.0,15278.0,4017.0,4006.0,4675.0,88.0,31.0,31.0,26.0,1335.0,1335.0,1336.0,1339.0,1339.0,1339.0,5080.0,5080.0,5118.0,31.0,31.0,26.0,1335.0,1335.0,1336.0
0.0,15936.0,3934.0,4005.0,742.0,3276.0,1082.0,1082.0,1112.0,1335.0,1335.0,1335.0,1311.0,1311.0,1312.0,5309.0,5309.0,5318.0,1082.0,1082.0,1112.0,1335.0,1335.0,1335.0
0.0,12744.0,4032.0,4005.0,88.0,7220.0,2395.0,2395.0,2430.0,1335.0,1335.0,1335.0,1344.0,1344.0,1344.0,4258.0,4258.0,4228.0,2395.0,2395.0,2430.0,1335.0,1335.0,1335.0
0.0,8800.0,4072.0,4008.0,3276.0,8028.0,2674.0,2674.0,2680.0,1336.0,1336.0,1336.0,1357.0,1357.0,1358.0,2945.0,2945.0,2910.0,2674.0,2674.0,2680.0,1336.0,1336.0,1336.0
0.0,8004.0,4054.0,4009.0,7220.0,4866.0,1630.0,1630.0,1606.0,1336.0,1336.0,1337.0,1351.0,1351.0,1352.0,2670.0,2670.0,2664.0,1630.0,1630.0,1606.0,1336.0,1336.0,1337.0
0.0,11170.0,3982.0,4009.0,8028.0,820.0,283.0,283.0,254.0,1336.0,1336.0,1337.0,1327.0,1327.0,1328.0,3714.0,3714.0,3742.0,283.0,283.0,254.0,1336.0,1336.0,1337.0
0.0,15216.0,4035.0,4009.0,4866.0,0.0,0.0,0.0,0.0,1336.0,1336.0,1337.0,1345.0,1345.0,1345.0,5061.0,5061.0,5094.0,0.0,0.0,0.0,1336.0,1336.0,1337.0
0.0,16047.0,4090.0,4009.0,820.0,3259.0,1078.0,1078.0,1103.0,1336.0,1336.0,1337.0,1363.0,1363.0,1364.0,5346.0,5346.0,5355.0,1078.0,1078.0,1103.0,1336.0,1336.0,1337.0
0.0,12777.0,4000.0,4011.0,0.0,7267.0,2415.0,2415.0,2437.0,1337.0,1337.0,1337.0,1333.0,1333.0,1334.0,4266.0,4266.0,4245.0,2415.0,2415.0,2437.0,1337.0,1337.0,1337.0
0.0,8777.0,4018.0,4012.0,3259.0,8030.0,2676.0,2676.0,2678.0,1337.0,1337.0,1338.0,1339.0,1339.0,1340.0,2933.0,2933.0,2911.0,2676.0,2676.0,2678.0,1337.0,1337.0,1338.0
0.0,8018.0,3988.0,4012.0,7267.0,4751.0,1590.0,1590.0,1571.0,1337.0,1337.0,1338.0,1329.0,1329.0,1330.0,2672.0,2672.0,2674.0,1590.0,1590.0,1571.0,1337.0,1337.0,1338.0
0.0,11297.0,4107.0,4014.0,8030.0,836.0,287.0,287.0,262.0,1338.0,1338.0,1338.0,1369.0,1369.0,1369.0,3758.0,3758.0,3781.0,287.0,287.0,262.0,1338.0,1338.0,1338.0
0.0,15220.0,4140.0,4018.0,4751.0,241.0,81.0,81.0,79.0,1339.0,1339.0,1340.0,1380.0,1380.0,1380.0,5065.0,5065.0,5090.0,81.0,81.0,79.0,1339.0,1339.0,1340.0
0.0,15831.0,4032.0,4018.0,836.0,3437.0,1138.0,1138.0,1161.0,1339.0,1339.0,1340.0,1344.0,1344.0,1344.0,5275.0,5275.0,5281.0,1138.0,1138.0,1161.0,1339.0,1339.0,1340.0
0.0,12635.0,4213.0,4023.0,241.0,7429.0,2469.0,2469.0,2491.0,1341.0,1341.0,1341.0,1404.0,1404.0,1405.0,4218.0,4218.0,4199.0,2469.0,2469.0,2491.0,1341.0,1341.0,1341.0
0.0,8663.0,3957.0,4021.0,3437.0,7941.0,2646.0,2646.0,2649.0,1340.0,1340.0,1341.0,1319.0,1319.0,1319.0,2895.0,2895.0,2873.0,2646.0,2646.0,2649.0,1340.0,1340.0,1341.0
0.0,8143.0,3985.0,4020.0,7429.0,4493.0,1505.0,1505.0,1483.0,1340.0,1340.0,1340.0,1328.0,1328.0,1329.0,2714.0,2714.0,2715.0,1505.0,1505.0,1483.0,1340.0,1340.0,1340.0
0.0,11587.0,4012.0,4021.0,7941.0,568.0,196.0,196.0,176.0,1340.0,1340.0,1341.0,1337.0,1337.0,1338.0,3855.0,3855.0,3877.0,196.0,196.0,176.0,1340.0,1340.0,1341.0
0.0,15516.0,4099.0,4023.0,4493.0,182.0,61.0,61.0,60.0,1341.0,1341.0,1341.0,1366.0,1366.0,1367.0,5164.0,5164.0,5188.0,61.0,61.0,60.0,1341.0,1341.0,1341.0
0.0,15910.0,4101.0,4027.0,568.0,3731.0,1236.0,1236.0,1259.0,1342.0,1342.0,1343.0,1367.0,1367.0,1367.0,5303.0,5303.0,5304.0,1236.0,1236.0,1259.0,1342.0,1342.0,1343.0
0.0,12377.0,4045.0,4029.0,182.0,7602.0,2527.0,2527.0,2548.0,1343.0,1343.0,1343.0,1348.0,1348.0,1349.0,4132.0,4132.0,4113.0,2527.0,2527.0,2548.0,1343.0,1343.0,1343.0
0.0,8514.0,4222.0,4032.0,3731.0,8105.0,2702.0,2702.0,2701.0,1344.0,1344.0,1344.0,1407.0,1407.0,1408.0,2845.0,2845.0,2824.0,2702.0,2702.0,2701.0,1344.0,1344.0,1344.0
0.0,8023.0,4078.0,4033.0,7602.0,4585.0,1534.0,1534.0,1517.0,1344.0,1344.0,1345.0,1359.0,1359.0,1360.0,2674.0,2674.0,2675.0,1534.0,1534.0,1517.0,1344.0,1344.0,1345.0
0.0,11547.0,4171.0,4038.0,8105.0,671.0,230.0,230.0,211.0,1346.0,1346.0,1346.0,1390.0,1390.0,1391.0,3842.0,3842.0,3863.0,230.0,230.0,211.0,1346.0,1346.0,1346.0
0.0,15481.0,4117.0,4039.0,4585.0,207.0,68.0,68.0,71.0,1346.0,1346.0,1347.0,1372.0,1372.0,1373.0,5154.0,5154.0,5173.0,68.0,68.0,71.0,1346.0,1346.0,1347.0
0.0,15949.0,4054.0,4036.0,671.0,3578.0,1185.0,1185.0,1208.0,1345.0,1345.0,1346.0,1351.0,1351.0,1352.0,5316.0,5316.0,5317.0,1185.0,1185.0,1208.0,1345.0,1345.0,1346.0
0.0,12566.0,4170.0,4038.0,207.0,7549.0,2511.0,2511.0,2527.0,1346.0,1346.0,1346.0,1390.0,1390.0,1390.0,4195.0,4195.0,4176.0,2511.0,2511.0,2527.0,1346.0,1346.0,1346.0
0.0,8603.0,4041.0,4036.0,3578.0,8004.0,2669.0,2669.0,2666.0,1345.0,1345.0,1346.0,1347.0,1347.0,1347.0,2873.0,2873.0,2857.0,2669.0,2669.0,2666.0,1345.0,1345.0,1346.0
0.0,8140.0,4086.0,4039.0,7549.0,4553.0,1524.0,1524.0,1505.0,1346.0,1346.0,1347.0,1362.0,1362.0,1362.0,2711.0,2711.0,2718.0,1524.0,1524.0,1505.0,1346.0,1346.0,1347.0
0.0,11603.0,3990.0,4038.0,8004.0,535.0,185.0,185.0,165.0,1346.0,1346.0,1346.0,1330.0,1330.0,1330.0,3860.0,3860.0,3883.0,185.0,185.0,165.0,1346.0,1346.0,1346.0
0.0,15617.0,4171.0,4038.0,4553.0,153.0,51.0,51.0,51.0,1346.0,1346.0,1346.0,1390.0,1390.0,1391.0,5199.0,5199.0,5219.0,51.0,51.0,51.0,1346.0,1346.0,1346.0
0.0,15999.0,4135.0,4039.0,535.0,3757.0,1244.0,1244.0,1269.0,1346.0,1346.0,1347.0,1378.0,1378.0,1379.0,5333.0,5333.0,5333.0,1244.0,1244.0,1269.0,1346.0,1346.0,1347.0
0.0,12399.0,4074.0,4039.0,153.0,7678.0,2551.0,2551.0,2576.0,1346.0,1346.0,1347.0,1358.0,1358.0,1358.0,4140.0,4140.0,4119.0,2551.0,2551.0,2576.0,1346.0,1346.0,1347.0
0.0,8478.0,4146.0,4041.0,3757.0,8075.0,2693.0,2693.0,2689.0,1347.0,1347.0,1347.0,1382.0,1382.0,1382.0,2833.0,2833.0,2812.0,2693.0,2693.0,2689.0,1347.0,1347.0,1347.0
0.0,8089.0,4060.0,4041.0,7678.0,4457.0,1495.0,1495.0,1467.0,1347.0,1347.0,1347.0,1353.0,1353.0,1354.0,2695.0,2695.0,2699.0,1495.0,1495.0,1467.0,1347.0,1347.0,1347.0
0.0,11707.0,4000.0,4039.0,8075.0,374.0,131.0,131.0,112.0,1346.0,1346.0,1347.0,1333.0,1333.0,1334.0,3893.0,3893.0,3921.0,131.0,131.0,112.0,1346.0,1346.0,1347.0
0.0,15782.0,4123.0,4041.0,4457.0,48.0,14.0,14.0,20.0,1347.0,1347.0,1347.0,1374.0,1374.0,1375.0,5253.0,5253.0,5276.0,14.0,14.0,20.0,1347.0,1347.0,1347.0
0.0,16116.0,4068.0,4041.0,374.0,3742.0,1239.0,1239.0,1264.0,1347.0,1347.0,1347.0,1356.0,1356.0,1356.0,5374.0,5374.0,5368.0,1239.0,1239.0,1264.0,1347.0,1347.0,1347.0
0.0,12422.0,3933.0,4039.0,48.0,7619.0,2532.0,2532.0,2555.0,1346.0,1346.0,1347.0,1311.0,1311.0,1311.0,4149.0,4149.0,4124.0,2532.0,2532.0,2555.0,1346.0,1346.0,1347.0
0.0,8537.0,4168.0,4045.0,3742.0,8069.0,2690.0,2690.0,2689.0,1348.0,1348.0,1349.0,1389.0,1389.0,1390.0,2852.0,2852.0,2833.0,2690.0,2690.0,2689.0,1348.0,1348.0,1349.0
0.0,8111.0,4033.0,4045.0,7619.0,4483.0,1502.0,1502.0,1479.0,1348.0,1348.0,1349.0,1344.0,1344.0,1345.0,2702.0,2702.0,2707.0,1502.0,1502.0,1479.0,1348.0,1348.0,1349.0
0.0,11697.0,4167.0,4048.0,8069.0,593.0,205.0,205.0,183.0,1349.0,1349.0,1350.0,1389.0,1389.0,1389.0,3890.0,3890.0,3917.0,205.0,205.0,183.0,1349.0,1349.0,1350.0
0.0,15599.0,4054.0,4048.0,4483.0,164.0,54.0,54.0,56.0,1349.0,1349.0,1350.0,1351.0,1351.0,1352.0,5191.0,5191.0,5217.0,54.0,54.0,56.0,1349.0,1349.0,1350.0
0.0,16028.0,4116.0,4050.0,593.0,3695.0,1225.0,1225.0,1245.0,1350.0,1350.0,1350.0,1372.0,1372.0,1372.0,5342.0,5342.0,5344.0,1225.0,1225.0,1245.0,1350.0,1350.0,1350.0
0.0,12505.0,4021.0,4051.0,164.0,7556.0,2511.0,2511.0,2534.0,1350.0,1350.0,1351.0,1340.0,1340.0,1341.0,4175.0,4175.0,4155.0,2511.0,2511.0,2534.0,1350.0,1350.0,1351.0
0.0,8648.0,3988.0,4053.0,3695.0,7857.0,2619.0,2619.0,2619.0,1351.0,1351.0,1351.0,1329.0,1329.0,1330.0,2889.0,2889.0,2870.0,2619.0,2619.0,2619.0,1351.0,1351.0,1351.0
0.0,8355.0,4230.0,4054.0,7556.0,4535.0,1518.0,1518.0,1499.0,1351.0,1351.0,1352.0,1410.0,1410.0,1410.0,2785.0,2785.0,2785.0,1518.0,1518.0,1499.0,1351.0,1351.0,1352.0
0.0,11681.0,4140.0,4060.0,7857.0,842.0,287.0,287.0,268.0,1353.0,1353.0,1354.0,1380.0,1380.0,1380.0,3886.0,3886.0,3909.0,287.0,287.0,268.0,1353.0,1353.0,1354.0
0.0,15398.0,4056.0,4065.0,4535.0,383.0,129.0,129.0,125.0,1355.0,1355.0,1355.0,1352.0,1352.0,1352.0,5125.0,5125.0,5148.0,129.0,129.0,125.0,1355.0,1355.0,1355.0
0.0,15877.0,4060.0,4066.0,842.0,3605.0,1195.0,1195.0,1215.0,1355.0,1355.0,1356.0,1353.0,1353.0,1354.0,5291.0,5291.0,5295.0,1195.0,1195.0,1215.0,1355.0,1355.0,1356.0
0.0,12659.0,4047.0,4068.0,383.0,7277.0,2419.0,2419.0,2439.0,1356.0,1356.0,1356.0,1349.0,1349.0,1349.0,4225.0,4225.0,4209.0,2419.0,2419.0,2439.0,1356.0,1356.0,1356.0
0.0,8995.0,4165.0,4072.0,3605.0,7853.0,2616.0,2616.0,2621.0,1357.0,1357.0,1358.0,1388.0,1388.0,1389.0,3005.0,3005.0,2985.0,2616.0,2616.0,2621.0,1357.0,1357.0,1358.0
0.0,8435.0,4029.0,4074.0,7277.0,4613.0,1544.0,1544.0,1525.0,1358.0,1358.0,1358.0,1343.0,1343.0,1343.0,2812.0,2812.0,2811.0,1544.0,1544.0,1525.0,1358.0,1358.0,1358.0
0.0,11683.0,4074.0,4075.0,7853.0,838.0,286.0,286.0,266.0,1358.0,1358.0,1359.0,1358.0,1358.0,1358.0,3888.0,3888.0,3907.0,286.0,286.0,266.0,1358.0,1358.0,1359.0
0.0,15462.0,4015.0,4075.0,4613.0,240.0,80.0,80.0,80.0,1358.0,1358.0,1359.0,1338.0,1338.0,1339.0,5146.0,5146.0,5170.0,80.0,80.0,80.0,1358.0,1358.0,1359.0
0.0,16060.0,4123.0,4077.0,838.0,3533.0,1172.0,1172.0,1189.0,1359.0,1359.0,1359.0,1374.0,1374.0,1375.0,5352.0,5352.0,5356.0,1172.0,1172.0,1189.0,1359.0,1359.0,1359.0
0.0,12775.0,4120.0,4078.0,240.0,7417.0,2465.0,2465.0,2487.0,1359.0,1359.0,1360.0,1373.0,1373.0,1374.0,4264.0,4264.0,4247.0,2465.0,2465.0,2487.0,1359.0,1359.0,1360.0
0.0,8895.0,4155.0,4081.0,3533.0,8051.0,2682.0,2682.0,2687.0,1360.0,1360.0,1361.0,1385.0,1385.0,1385.0,2971.0,2971.0,2953.0,2682.0,2682.0,2687.0,1360.0,1360.0,1361.0
0.0,8273.0,4023.0,4081.0,7417.0,4657.0,1558.0,1558.0,1541.0,1360.0,1360.0,1361.0,1341.0,1341.0,1341.0,2758.0,2758.0,2757.0,1558.0,1558.0,1541.0,1360.0,1360.0,1361.0
0.0,11667.0,4141.0,4081.0,8051.0,747.0,256.0,256.0,235.0,1360.0,1360.0,1361.0,1380.0,1380.0,1381.0,3882.0,3882.0,3903.0,256.0,256.0,235.0,1360.0,1360.0,1361.0
0.0,15577.0,4191.0,4086.0,4657.0,301.0,103.0,103.0,95.0,1362.0,1362.0,1362.0,1397.0,1397.0,1397.0,5184.0,5184.0,5209.0,103.0,103.0,95.0,1362.0,1362.0,1362.0
0.0,16043.0,4210.0,4089.0,747.0,3776.0,1254.0,1254.0,1268.0,1363.0,1363.0,1363.0,1403.0,1403.0,1404.0,5345.0,5345.0,5353.0,1254.0,1254.0,1268.0,1363.0,1363.0,1363.0
0.0,12580.0,4141.0,4092.0,301.0,7628.0,2535.0,2535.0,2558.0,1364.0,1364.0,1364.0,1380.0,1380.0,1381.0,4198.0,4198.0,4184.0,2535.0,2535.0,2558.0,1364.0,1364.0,1364.0
0.0,8740.0,4144.0,4093.0,3776.0,8000.0,2662.0,2662.0,2676.0,1364.0,1364.0,1365.0,1381.0,1381.0,1382.0,2921.0,2921.0,2898.0,2662.0,2662.0,2676.0,1364.0,1364.0,1365.0
0.0,8372.0,4078.0,4092.0,7628.0,4446.0,1486.0,1486.0,1474.0,1364.0,1364.0,1364.0,1359.0,1359.0,1360.0,2794.0,2794.0,2784.0,1486.0,1486.0,1474.0,1364.0,1364.0,1364.0
0.0,11922.0,4237.0,4096.0,8000.0,699.0,240.0,240.0,219.0,1365.0,1365.0,1366.0,1412.0,1412.0,1413.0,3970.0,3970.0,3982.0,240.0,240.0,219.0,1365.0,1365.0,1366.0
0.0,15685.0,4207.0,4096.0,4446.0,460.0,156.0,156.0,148.0,1365.0,1365.0,1366.0,1402.0,1402.0,1403.0,5220.0,5220.0,5245.0,156.0,156.0,148.0,1365.0,1365.0,1366.0
0.0,15924.0,4192.0,4099.0,699.0,3965.0,1317.0,1317.0,1331.0,1366.0,1366.0,1367.0,1397.0,1397.0,1398.0,5304.0,5304.0,5316.0,1317.0,1317.0,1331.0,1366.0,1366.0,1367.0
0.0,12431.0,4206.0,4105.0,460.0,7735.0,2571.0,2571.0,2593.0,1368.0,1368.0,1369.0,1402.0,1402.0,1402.0,4147.0,4147.0,4137.0,2571.0,2571.0,2593.0,1368.0,1368.0,1369.0
0.0,8685.0,4153.0,4107.0,3965.0,7931.0,2642.0,2642.0,2647.0,1369.0,1369.0,1369.0,1384.0,1384.0,1385.0,2901.0,2901.0,2883.0,2642.0,2642.0,2647.0,1369.0,1369.0,1369.0
0.0,8497.0,4171.0,4108.0,7735.0,4371.0,1461.0,1461.0,1449.0,1369.0,1369.0,1370.0,1390.0,1390.0,1391.0,2834.0,2834.0,2829.0,1461.0,1461.0,1449.0,1369.0,1369.0,1370.0
0.0,12061.0,4174.0,4110.0,7931.0,622.0,214.0,214.0,194.0,1370.0,1370.0,1370.0,1391.0,1391.0,1392.0,4015.0,4015.0,4031.0,214.0,214.0,194.0,1370.0,1370.0,1370.0
0.0,15818.0,4258.0,4114.0,4371.0,525.0,176.0,176.0,173.0,1371.0,1371.0,1372.0,1419.0,1419.0,1420.0,5266.0,5266.0,5286.0,176.0,176.0,173.0,1371.0,1371.0,1372.0
0.0,15931.0,4324.0,4116.0,622.0,4235.0,1407.0,1407.0,1421.0,1372.0,1372.0,1372.0,1441.0,1441.0,1442.0,5308.0,5308.0,5315.0,1407.0,1407.0,1421.0,1372.0,1372.0,1372.0
0.0,12229.0,4189.0,4117.0,525.0,7903.0,2627.0,2627.0,2649.0,1372.0,1372.0,1373.0,1396.0,1396.0,1397.0,4081.0,4081.0,4067.0,2627.0,2627.0,2649.0,1372.0,1372.0,1373.0
0.0,8565.0,4080.0,4116.0,4235.0,7744.0,2580.0,2580.0,2584.0,1372.0,1372.0,1372.0,1360.0,1360.0,1360.0,2861.0,2861.0,2843.0,2580.0,2580.0,2584.0,1372.0,1372.0,1372.0
0.0,8720.0,4201.0,4117.0,7903.0,4046.0,1353.0,1353.0,1340.0,1372.0,1372.0,1373.0,1400.0,1400.0,1401.0,2908.0,2908.0,2904.0,1353.0,1353.0,1340.0,1372.0,1372.0,1373.0
0.0,12422.0,4150.0,4120.0,7744.0,464.0,160.0,160.0,144.0,1373.0,1373.0,1374.0,1383.0,1383.0,1384.0,4135.0,4135.0,4152.0,160.0,160.0,144.0,1373.0,1373.0,1374.0
0.0,16016.0,4074.0,4117.0,4046.0,480.0,161.0,161.0,158.0,1372.0,1372.0,1373.0,1358.0,1358.0,1358.0,5332.0,5332.0,5352.0,161.0,161.0,158.0,1372.0,1372.0,1373.0
0.0,15988.0,4264.0,4122.0,464.0,4300.0,1430.0,1430.0,1440.0,1374.0,1374.0,1374.0,1421.0,1421.0,1422.0,5327.0,5327.0,5334.0,1430.0,1430.0,1440.0,1374.0,1374.0,1374.0
0.0,12188.0,4150.0,4123.0,480.0,7974.0,2652.0,2652.0,2670.0,1374.0,1374.0,1375.0,1383.0,1383.0,1384.0,4066.0,4066.0,4056.0,2652.0,2652.0,2670.0,1374.0,1374.0,1375.0
0.0,8518.0,4147.0,4126.0,4300.0,7833.0,2608.0,2608.0,2617.0,1375.0,1375.0,1376.0,1382.0,1382.0,1383.0,2844.0,2844.0,2830.0,2608.0,2608.0,2617.0,1375.0,1375.0,1376.0
0.0,8671.0,4045.0,4123.0,7974.0,3892.0,1300.0,1300.0,1292.0,1374.0,1374.0,1375.0,1348.0,1348.0,1349.0,2892.0,2892.0,2887.0,1300.0,1300.0,1292.0,1374.0,1374.0,1375.0
0.0,12600.0,4225.0,4126.0,7833.0,296.0,104.0,104.0,88.0,1375.0,1375.0,1376.0,1408.0,1408.0,1409.0,4196.0,4196.0,4208.0,104.0,104.0,88.0,1375.0,1375.0,1376.0
0.0,16208.0,4083.0,4126.0,3892.0,487.0,165.0,165.0,157.0,1375.0,1375.0,1376.0,1361.0,1361.0,1361.0,5396.0,5396.0,5416.0,165.0,165.0,157.0,1375.0,1375.0,1376.0
0.0,16017.0,4140.0,4126.0,296.0,4331.0,1441.0,1441.0,1449.0,1375.0,1375.0,1376.0,1380.0,1380.0,1380.0,5335.0,5335.0,5347.0,1441.0,1441.0,1449.0,1375.0,1375.0,1376.0
0.0,12173.0,4050.0,4126.0,487.0,7894.0,2626.0,2626.0,2642.0,1375.0,1375.0,1376.0,1350.0,1350.0,1350.0,4059.0,4059.0,4055.0,2626.0,2626.0,2642.0,1375.0,1375.0,1376.0
0.0,8610.0,4258.0,4131.0,4331.0,7841.0,2612.0,2612.0,2617.0,1377.0,1377.0,1377.0,1419.0,1419.0,1420.0,2874.0,2874.0,2862.0,2612.0,2612.0,2617.0,1377.0,1377.0,1377.0
0.0,8683.0,4135.0,4131.0,7894.0,4082.0,1364.0,1364.0,1354.0,1377.0,1377.0,1377.0,1378.0,1378.0,1379.0,2896.0,2896.0,2891.0,1364.0,1364.0,1354.0,1377.0,1377.0,1377.0
0.0,12442.0,4125.0,4132.0,7841.0,370.0,127.0,127.0,116.0,1377.0,1377.0,1378.0,1375.0,1375.0,1375.0,4144.0,4144.0,4154.0,127.0,127.0,116.0,1377.0,1377.0,1378.0
0.0,16158.0,4144.0,4135.0,4082.0,444.0,148.0,148.0,148.0,1378.0,1378.0,1379.0,1381.0,1381.0,1382.0,5381.0,5381.0,5396.0,148.0,148.0,148.0,1378.0,1378.0,1379.0
0.0,16096.0,4026.0,4134.0,370.0,4096.0,1363.0,1363.0,1370.0,1378.0,1378.0,1378.0,1342.0,1342.0,1342.0,5364.0,5364.0,5368.0,1363.0,1363.0,1370.0,1378.0,1378.0,1378.0
0.0,12440.0,4216.0,4137.0,444.0,7880.0,2624.0,2624.0,2632.0,1379.0,1379.0,1379.0,1405.0,1405.0,1406.0,4149.0,4149.0,4142.0,2624.0,2624.0,2632.0,1379.0,1379.0,1379.0
0.0,8668.0,4138.0,4137.0,4096.0,7922.0,2640.0,2640.0,2642.0,1379.0,1379.0,1379.0,1379.0,1379.0,1380.0,2892.0,2892.0,2884.0,2640.0,2640.0,2642.0,1379.0,1379.0,1379.0
0.0,8626.0,4152.0,4138.0,7880.0,4198.0,1400.0,1400.0,1398.0,1379.0,1379.0,1380.0,1384.0,1384.0,1384.0,2876.0,2876.0,2874.0,1400.0,1400.0,1398.0,1379.0,1379.0,1380.0
0.0,12354.0,4105.0,4138.0,7922.0,381.0,128.0,128.0,125.0,1379.0,1379.0,1380.0,1368.0,1368.0,1369.0,4116.0,4116.0,4122.0,128.0,128.0,125.0,1379.0,1379.0,1380.0
0.0,16171.0,4252.0,4143.0,4198.0,455.0,153.0,153.0,149.0,1381.0,1381.0,1381.0,1417.0,1417.0,1418.0,5388.0,5388.0,5395.0,153.0,153.0,149.0,1381.0,1381.0,1381.0
0.0,16117.0,4125.0,4144.0,381.0,4203.0,1400.0,1400.0,1403.0,1381.0,1381.0,1382.0,1375.0,1375.0,1375.0,5371.0,5371.0,5375.0,1400.0,1400.0,1403.0,1381.0,1381.0,1382.0
0.0,12373.0,4111.0,4143.0,455.0,7855.0,2617.0,2617.0,2621.0,1381.0,1381.0,1381.0,1370.0,1370.0,1371.0,4124.0,4124.0,4125.0,2617.0,2617.0,2621.0,1381.0,1381.0,1381.0
0.0,8717.0,4219.0,4144.0,4203.0,7875.0,2623.0,2623.0,2629.0,1381.0,1381.0,1382.0,1406.0,1406.0,1407.0,2907.0,2907.0,2903.0,2623.0,2623.0,2629.0,1381.0,1381.0,1382.0
0.0,8701.0,4156.0,4146.0,7855.0,4184.0,1395.0,1395.0,1394.0,1382.0,1382.0,1382.0,1385.0,1385.0,1386.0,2901.0,2901.0,2899.0,1395.0,1395.0,1394.0,1382.0,1382.0,1382.0
0.0,12400.0,4075.0,4147.0,7875.0,388.0,130.0,130.0,128.0,1382.0,1382.0,1383.0,1358.0,1358.0,1359.0,4133.0,4133.0,4134.0,130.0,130.0,128.0,1382.0,1382.0,1383.0
0.0,16200.0,4074.0,4147.0,4184.0,278.0,93.0,93.0,92.0,1382.0,1382.0,1383.0,1358.0,1358.0,1358.0,5398.0,5398.0,5404.0,93.0,93.0,92.0,1382.0,1382.0,1383.0
0.0,16310.0,4237.0,4149.0,388.0,4135.0,1379.0,1379.0,1377.0,1383.0,1383.0,1383.0,1412.0,1412.0,1413.0,5435.0,5435.0,5440.0,1379.0,1379.0,1377.0,1383.0,1383.0,1383.0
0.0,12461.0,4150.0,4150.0,278.0,8011.0,2669.0,2669.0,2673.0,1383.0,1383.0,1384.0,1383.0,1383.0,1384.0,4153.0,4153.0,4155.0,2669.0,2669.0,2673.0,1383.0,1383.0,1384.0
0.0,8589.0,4093.0,4150.0,4135.0,7969.0,2654.0,2654.0,2661.0,1383.0,1383.0,1384.0,1364.0,1364.0,1365.0,2863.0,2863.0,2863.0,2654.0,2654.0,2661.0,1383.0,1383.0,1384.0
0.0,8631.0,4095.0,4153.0,8011.0,4065.0,1354.0,1354.0,1357.0,1384.0,1384.0,1385.0,1365.0,1365.0,1365.0,2878.0,2878.0,2875.0,1354.0,1354.0,1357.0,1384.0,1384.0,1385.0
0.0,12547.0,4053.0,4152.0,7969.0,145.0,51.0,51.0,43.0,1384.0,1384.0,1384.0,1351.0,1351.0,1351.0,4182.0,4182.0,4183.0,51.0,51.0,43.0,1384.0,1384.0,1384.0
0.0,16463.0,4051.0,4150.0,4065.0,123.0,43.0,43.0,37.0,1383.0,1383.0,1384.0,1350.0,1350.0,1351.0,5485.0,5485.0,5493.0,43.0,43.0,37.0,1383.0,1383.0,1384.0
0.0,16477.0,4095.0,4149.0,145.0,4069.0,1357.0,1357.0,1355.0,1383.0,1383.0,1383.0,1365.0,1365.0,1365.0,5489.0,5489.0,5499.0,1357.0,1357.0,1355.0,1383.0,1383.0,1383.0
0.0,12527.0,4239.0,4153.0,123.0,8201.0,2731.0,2731.0,2739.0,1384.0,1384.0,1385.0,1413.0,1413.0,1413.0,4175.0,4175.0,4177.0,2731.0,2731.0,2739.0,1384.0,1384.0,1385.0
0.0,8411.0,4119.0,4153.0,4069.0,8251.0,2747.0,2747.0,2757.0,1384.0,1384.0,1385.0,1373.0,1373.0,1373.0,2805.0,2805.0,2801.0,2747.0,2747.0,2757.0,1384.0,1384.0,1385.0
0.0,8361.0,4195.0,4153.0,8201.0,4245.0,1414.0,1414.0,1417.0,1384.0,1384.0,1385.0,1398.0,1398.0,1399.0,2789.0,2789.0,2783.0,1414.0,1414.0,1417.0,1384.0,1384.0,1385.0
0.0,12367.0,4213.0,4153.0,8251.0,207.0,71.0,71.0,65.0,1384.0,1384.0,1385.0,1404.0,1404.0,1405.0,4122.0,4122.0,4123.0,71.0,71.0,65.0,1384.0,1384.0,1385.0
0.0,16405.0,4258.0,4155.0,4245.0,228.0,80.0,80.0,68.0,1385.0,1385.0,1385.0,1419.0,1419.0,1420.0,5465.0,5465.0,5475.0,80.0,80.0,68.0,1385.0,1385.0,1385.0
0.0,16392.0,4323.0,4159.0,207.0,4360.0,1454.0,1454.0,1452.0,1386.0,1386.0,1387.0,1441.0,1441.0,1441.0,5460.0,5460.0,5472.0,1454.0,1454.0,1452.0,1386.0,1386.0,1387.0
0.0,12276.0,4327.0,4162.0,228.0,8471.0,2820.0,2820.0,2831.0,1387.0,1387.0,1388.0,1442.0,1442.0,1443.0,4090.0,4090.0,4096.0,2820.0,2820.0,2831.0,1387.0,1387.0,1388.0
0.0,8177.0,4219.0,4162.0,4360.0,8330.0,2772.0,2772.0,2786.0,1387.0,1387.0,1388.0,1406.0,1406.0,1407.0,2728.0,2728.0,2721.0,2772.0,2772.0,2786.0,1387.0,1387.0,1388.0
0.0,8318.0,4141.0,4162.0,8471.0,4000.0,1332.0,1332.0,1336.0,1387.0,1387.0,1388.0,1380.0,1380.0,1381.0,2776.0,2776.0,2766.0,1332.0,1332.0,1336.0,1387.0,1387.0,1388.0
0.0,12648.0,4138.0,4161.0,8330.0,0.0,0.0,0.0,0.0,1387.0,1387.0,1387.0,1379.0,1379.0,1380.0,4216.0,4216.0,4216.0,0.0,0.0,0.0,1387.0,1387.0,1387.0
0.0,16840.0,4411.0,4165.0,4000.0,231.0,81.0,81.0,69.0,1388.0,1388.0,1389.0,1470.0,1470.0,1471.0,5609.0,5609.0,5622.0,81.0,81.0,69.0,1388.0,1388.0,1389.0
0.0,16429.0,4260.0,4167.0,0.0,4499.0,1505.0,1505.0,1489.0,1389.0,1389.0,1389.0,1420.0,1420.0,1420.0,5471.0,5471.0,5487.0,1505.0,1505.0,1489.0,1389.0,1389.0,1389.0
0.0,12169.0,4347.0,4170.0,231.0,8627.0,2877.0,2877.0,2873.0,1390.0,1390.0,1390.0,1449.0,1449.0,1449.0,4051.0,4051.0,4067.0,2877.0,2877.0,2873.0,1390.0,1390.0,1390.0
0.0,8053.0,4116.0,4168.0,4499.0,8236.0,2740.0,2740.0,2756.0,1389.0,1389.0,1390.0,1372.0,1372.0,1372.0,2683.0,2683.0,2687.0,2740.0,2740.0,2756.0,1389.0,1389.0,1390.0
0.0,8436.0,4179.0,4167.0,8627.0,3784.0,1256.0,1256.0,1272.0,1389.0,1389.0,1389.0,1393.0,1393.0,1393.0,2816.0,2816.0,2804.0,1256.0,1256.0,1272.0,1389.0,1389.0,1389.0
0.0,12884.0,4372.0,4168.0,8236.0,0.0,0.0,0.0,0.0,1389.0,1389.0,1390.0,1457.0,1457.0,1458.0,4300.0,4300.0,4284.0,0.0,0.0,0.0,1389.0,1389.0,1390.0
0.0,16748.0,4321.0,4171.0,3784.0,473.0,161.0,161.0,151.0,1390.0,1390.0,1391.0,1440.0,1440.0,1441.0,5583.0,5583.0,5582.0,161.0,161.0,151.0,1390.0,1390.0,1391.0
0.0,16211.0,4120.0,4171.0,0.0,4593.0,1534.0,1534.0,1525.0,1390.0,1390.0,1391.0,1373.0,1373.0,1374.0,5399.0,5399.0,5413.0,1534.0,1534.0,1525.0,1390.0,1390.0,1391.0
0.0,12091.0,4342.0,4174.0,473.0,8474.0,2824.0,2824.0,2826.0,1391.0,1391.0,1392.0,1447.0,1447.0,1448.0,4026.0,4026.0,4039.0,2824.0,2824.0,2826.0,1391.0,1391.0,1392.0
0.0,8222.0,4237.0,4176.0,4593.0,8126.0,2706.0,2706.0,2714.0,1392.0,1392.0,1392.0,1412.0,1412.0,1413.0,2740.0,2740.0,2742.0,2706.0,2706.0,2714.0,1392.0,1392.0,1392.0
0.0,8578.0,4246.0,4179.0,8474.0,3910.0,1301.0,1301.0,1308.0,1393.0,1393.0,1393.0,1415.0,1415.0,1416.0,2862.0,2862.0,2854.0,1301.0,1301.0,1308.0,1393.0,1393.0,1393.0
0.0,12806.0,4242.0,4179.0,8126.0,26.0,9.0,9.0,8.0,1393.0,1393.0,1393.0,1414.0,1414.0,1414.0,4271.0,4271.0,4264.0,9.0,9.0,8.0,1393.0,1393.0,1393.0
0.0,16690.0,4338.0,4182.0,3910.0,466.0,158.0,158.0,150.0,1394.0,1394.0,1394.0,1446.0,1446.0,1446.0,5563.0,5563.0,5564.0,158.0,158.0,150.0,1394.0,1394.0,1394.0
0.0,16262.0,4318.0,4186.0,26.0,4774.0,1592.0,1592.0,1590.0,1395.0,1395.0,1396.0,1439.0,1439.0,1440.0,5418.0,5418.0,5426.0,1592.0,1592.0,1590.0,1395.0,1395.0,1396.0
0.0,11970.0,4167.0,4188.0,466.0,8483.0,2827.0,2827.0,2829.0,1396.0,1396.0,1396.0,1389.0,1389.0,1389.0,3988.0,3988.0,3994.0,2827.0,2827.0,2829.0,1396.0,1396.0,1396.0
0.0,8269.0,4369.0,4191.0,4774.0,8090.0,2695.0,2695.0,2700.0,1397.0,1397.0,1397.0,1456.0,1456.0,1457.0,2757.0,2757.0,2755.0,2695.0,2695.0,2700.0,1397.0,1397.0,1397.0
0.0,8674.0,4230.0,4194.0,8483.0,3849.0,1282.0,1282.0,1285.0,1398.0,1398.0,1398.0,1410.0,1410.0,1410.0,2893.0,2893.0,2888.0,1282.0,1282.0,1285.0,1398.0,1398.0,1398.0
0.0,12927.0,4311.0,4197.0,8090.0,82.0,28.0,28.0,26.0,1399.0,1399.0,1399.0,1437.0,1437.0,1437.0,4310.0,4310.0,4307.0,28.0,28.0,26.0,1399.0,1399.0,1399.0
0.0,16706.0,4290.0,4201.0,3849.0,539.0,180.0,180.0,179.0,1400.0,1400.0,1401.0,1430.0,1430.0,1430.0,5568.0,5568.0,5570.0,180.0,180.0,179.0,1400.0,1400.0,1401.0
0.0,16265.0,4258.0,4201.0,82.0,4715.0,1571.0,1571.0,1573.0,1400.0,1400.0,1401.0,1419.0,1419.0,1420.0,5420.0,5420.0,5425.0,1571.0,1571.0,1573.0,1400.0,1400.0,1401.0
0.0,12089.0,4234.0,4204.0,539.0,8422.0,2806.0,2806.0,2810.0,1401.0,1401.0,1402.0,1411.0,1411.0,1412.0,4029.0,4029.0,4031.0,2806.0,2806.0,2810.0,1401.0,1401.0,1402.0
0.0,8394.0,4318.0,4207.0,4715.0,8037.0,2678.0,2678.0,2681.0,1402.0,1402.0,1403.0,1439.0,1439.0,1440.0,2798.0,2798.0,2798.0,2678.0,2678.0,2681.0,1402.0,1402.0,1403.0
0.0,8791.0,4180.0,4207.0,8422.0,3795.0,1265.0,1265.0,1265.0,1402.0,1402.0,1403.0,1393.0,1393.0,1394.0,2930.0,2930.0,2931.0,1265.0,1265.0,1265.0,1402.0,1402.0,1403.0
0.0,13033.0,4138.0,4210.0,8037.0,0.0,0.0,0.0,0.0,1403.0,1403.0,1404.0,1379.0,1379.0,1380.0,4343.0,4343.0,4347.0,0.0,0.0,0.0,1403.0,1403.0,1404.0
0.0,16932.0,4269.0,4210.0,3795.0,382.0,128.0,128.0,126.0,1403.0,1403.0,1404.0,1423.0,1423.0,1423.0,5642.0,5642.0,5648.0,128.0,128.0,126.0,1403.0,1403.0,1404.0
0.0,16458.0,4194.0,4212.0,0.0,4584.0,1530.0,1530.0,1524.0,1404.0,1404.0,1404.0,1398.0,1398.0,1398.0,5484.0,5484.0,5490.0,1530.0,1530.0,1524.0,1404.0,1404.0,1404.0
0.0,12264.0,4165.0,4212.0,382.0,8367.0,2790.0,2790.0,2787.0,1404.0,1404.0,1404.0,1388.0,1388.0,1389.0,4086.0,4086.0,4092.0,2790.0,2790.0,2787.0,1404.0,1404.0,1404.0
0.0,8481.0,4143.0,4213.0,4584.0,7930.0,2641.0,2641.0,2648.0,1404.0,1404.0,1405.0,1381.0,1381.0,1381.0,2826.0,2826.0,2829.0,2641.0,2641.0,2648.0,1404.0,1404.0,1405.0
0.0,8922.0,4285.0,4213.0,8367.0,3848.0,1279.0,1279.0,1290.0,1404.0,1404.0,1405.0,1428.0,1428.0,1429.0,2975.0,2975.0,2972.0,1279.0,1279.0,1290.0,1404.0,1404.0,1405.0
0.0,13004.0,4131.0,4213.0,7930.0,49.0,15.0,15.0,19.0,1404.0,1404.0,1405.0,1377.0,1377.0,1377.0,4337.0,4337.0,4330.0,15.0,15.0,19.0,1404.0,1404.0,1405.0
0.0,16803.0,4192.0,4215.0,3848.0,401.0,137.0,137.0,127.0,1405.0,1405.0,1405.0,1397.0,1397.0,1398.0,5601.0,5601.0,5601.0,137.0,137.0,127.0,1405.0,1405.0,1405.0
0.0,16459.0,4171.0,4215.0,49.0,4523.0,1512.0,1512.0,1499.0,1405.0,1405.0,1405.0,1390.0,1390.0,1391.0,5483.0,5483.0,5493.0,1512.0,1512.0,1499.0,1405.0,1405.0,1405.0
0.0,12337.0,4206.0,4215.0,401.0,8328.0,2777.0,2777.0,2774.0,1405.0,1405.0,1405.0,1402.0,1402.0,1402.0,4108.0,4108.0,4121.0,2777.0,2777.0,2774.0,1405.0,1405.0,1405.0
0.0,8532.0,4300.0,4219.0,4523.0,8121.0,2702.0,2702.0,2717.0,1406.0,1406.0,1407.0,1433.0,1433.0,1434.0,2843.0,2843.0,2846.0,2702.0,2702.0,2717.0,1406.0,1406.0,1407.0
0.0,8755.0,4294.0,4224.0,8328.0,4107.0,1364.0,1364.0,1379.0,1408.0,1408.0,1408.0,1431.0,1431.0,1432.0,2922.0,2922.0,2911.0,1364.0,1364.0,1379.0,1408.0,1408.0,1408.0
0.0,12789.0,4189.0,4222.0,8121.0,167.0,54.0,54.0,59.0,1407.0,1407.0,1408.0,1396.0,1396.0,1397.0,4268.0,4268.0,4253.0,54.0,54.0,59.0,1407.0,1407.0,1408.0
0.0,16721.0,4156.0,4222.0,4107.0,216.0,75.0,75.0,66.0,1407.0,1407.0,1408.0,1385.0,1385.0,1386.0,5574.0,5574.0,5573.0,75.0,75.0,66.0,1407.0,1407.0,1408.0
0.0,16672.0,4294.0,4227.0,167.0,4363.0,1460.0,1460.0,1443.0,1409.0,1409.0,1409.0,1431.0,1431.0,1432.0,5553.0,5553.0,5566.0,1460.0,1460.0,1443.0,1409.0,1409.0,1409.0
0.0,12545.0,4273.0,4231.0,216.0,8436.0,2813.0,2813.0,2810.0,1410.0,1410.0,1411.0,1424.0,1424.0,1425.0,4176.0,4176.0,4193.0,2813.0,2813.0,2810.0,1410.0,1410.0,1411.0
0.0,8488.0,4204.0,4234.0,4363.0,8289.0,2758.0,2758.0,2773.0,1411.0,1411.0,1412.0,1401.0,1401.0,1402.0,2827.0,2827.0,2834.0,2758.0,2758.0,2773.0,1411.0,1411.0,1412.0
0.0,8647.0,4338.0,4239.0,8436.0,4211.0,1399.0,1399.0,1413.0,1413.0,1413.0,1413.0,1446.0,1446.0,1446.0,2886.0,2886.0,2875.0,1399.0,1399.0,1413.0,1413.0,1413.0,1413.0
0.0,12745.0,4321.0,4243.0,8289.0,259.0,85.0,85.0,89.0,1414.0,1414.0,1415.0,1440.0,1440.0,1441.0,4253.0,4253.0,4239.0,85.0,85.0,89.0,1414.0,1414.0,1415.0
0.0,16713.0,4213.0,4243.0,4211.0,261.0,90.0,90.0,81.0,1414.0,1414.0,1415.0,1404.0,1404.0,1405.0,5571.0,5571.0,5571.0,90.0,90.0,81.0,1414.0,1414.0,1415.0
0.0,16711.0,4294.0,4246.0,259.0,4308.0,1440.0,1440.0,1428.0,1415.0,1415.0,1416.0,1431.0,1431.0,1432.0,5566.0,5566.0,5579.0,1440.0,1440.0,1428.0,1415.0,1415.0,1416.0
0.0,12676.0,4230.0,4246.0,261.0,8277.0,2760.0,2760.0,2757.0,1415.0,1415.0,1416.0,1410.0,1410.0,1410.0,4220.0,4220.0,4236.0,2760.0,2760.0,2757.0,1415.0,1415.0,1416.0
0.0,8707.0,4191.0,4246.0,4308.0,8160.0,2717.0,2717.0,2726.0,1415.0,1415.0,1416.0,1397.0,1397.0,1397.0,2900.0,2900.0,2907.0,2717.0,2717.0,2726.0,1415.0,1415.0,1416.0
0.0,8824.0,4255.0,4246.0,8277.0,4138.0,1375.0,1375.0,1388.0,1415.0,1415.0,1416.0,1418.0,1418.0,1419.0,2943.0,2943.0,2938.0,1375.0,1375.0,1388.0,1415.0,1415.0,1416.0
0.0,12846.0,4342.0,4246.0,8160.0,320.0,105.0,105.0,110.0,1415.0,1415.0,1416.0,1447.0,1447.0,1448.0,4285.0,4285.0,4276.0,105.0,105.0,110.0,1415.0,1415.0,1416.0
0.0,16664.0,4360.0,4248.0,4138.0,550.0,187.0,187.0,176.0,1416.0,1416.0,1416.0,1453.0,1453.0,1454.0,5555.0,5555.0,5554.0,187.0,187.0,176.0,1416.0,1416.0,1416.0
0.0,16442.0,4249.0,4248.0,320.0,4479.0,1498.0,1498.0,1483.0,1416.0,1416.0,1416.0,1416.0,1416.0,1417.0,5477.0,5477.0,5488.0,1498.0,1498.0,1483.0,1416.0,1416.0,1416.0
0.0,12513.0,4410.0,4252.0,550.0,8355.0,2785.0,2785.0,2785.0,1417.0,1417.0,1418.0,1470.0,1470.0,1470.0,4166.0,4166.0,4181.0,2785.0,2785.0,2785.0,1417.0,1417.0,1418.0
0.0,8653.0,4239.0,4255.0,4479.0,8127.0,2704.0,2704.0,2719.0,1418.0,1418.0,1419.0,1413.0,1413.0,1413.0,2883.0,2883.0,2887.0,2704.0,2704.0,2719.0,1418.0,1418.0,1419.0
0.0,8893.0,4186.0,4251.0,8355.0,3942.0,1310.0,1310.0,1322.0,1417.0,1417.0,1417.0,1395.0,1395.0,1396.0,2968.0,2968.0,2957.0,1310.0,1310.0,1322.0,1417.0,1417.0,1417.0
0.0,13062.0,4275.0,4251.0,8127.0,90.0,31.0,31.0,28.0,1417.0,1417.0,1417.0,1425.0,1425.0,1425.0,4358.0,4358.0,4346.0,31.0,31.0,28.0,1417.0,1417.0,1417.0
0.0,16914.0,4341.0,4251.0,3942.0,489.0,168.0,168.0,153.0,1417.0,1417.0,1417.0,1447.0,1447.0,1447.0,5637.0,5637.0,5640.0,168.0,168.0,153.0,1417.0,1417.0,1417.0
0.0,16515.0,4417.0,4257.0,90.0,4840.0,1617.0,1617.0,1606.0,1419.0,1419.0,1419.0,1472.0,1472.0,1473.0,5500.0,5500.0,5515.0,1617.0,1617.0,1606.0,1419.0,1419.0,1419.0
0.0,12188.0,4309.0,4258.0,489.0,8664.0,2885.0,2885.0,2894.0,1419.0,1419.0,1420.0,1436.0,1436.0,1437.0,4059.0,4059.0,4070.0,2885.0,2885.0,2894.0,1419.0,1419.0,1420.0
0.0,8368.0,4329.0,4258.0,4840.0,8153.0,2711.0,2711.0,2731.0,1419.0,1419.0,1420.0,1443.0,1443.0,1443.0,2791.0,2791.0,2786.0,2711.0,2711.0,2731.0,1419.0,1419.0,1420.0
0.0,8879.0,4323.0,4258.0,8664.0,3812.0,1267.0,1267.0,1278.0,1419.0,1419.0,1420.0,1441.0,1441.0,1441.0,2965.0,2965.0,2949.0,1267.0,1267.0,1278.0,1419.0,1419.0,1420.0
0.0,13220.0,4305.0,4261.0,8153.0,0.0,0.0,0.0,0.0,1420.0,1420.0,1421.0,1435.0,1435.0,1435.0,4409.0,4409.0,4402.0,0.0,0.0,0.0,1420.0,1420.0,1421.0
0.0,17068.0,4267.0,4260.0,3812.0,427.0,150.0,150.0,127.0,1420.0,1420.0,1420.0,1422.0,1422.0,1423.0,5685.0,5685.0,5698.0,150.0,150.0,127.0,1420.0,1420.0,1420.0
0.0,16613.0,4269.0,4261.0,0.0,4700.0,1573.0,1573.0,1554.0,1420.0,1420.0,1421.0,1423.0,1423.0,1423.0,5530.0,5530.0,5553.0,1573.0,1573.0,1554.0,1420.0,1420.0,1421.0
0.0,12344.0,4327.0,4263.0,427.0,8608.0,2869.0,2869.0,2870.0,1421.0,1421.0,1421.0,1442.0,1442.0,1443.0,4107.0,4107.0,4130.0,2869.0,2869.0,2870.0,1421.0,1421.0,1421.0
0.0,8444.0,4401.0,4266.0,4700.0,8321.0,2767.0,2767.0,2787.0,1422.0,1422.0,1422.0,1467.0,1467.0,1467.0,2815.0,2815.0,2814.0,2767.0,2767.0,2787.0,1422.0,1422.0,1422.0
0.0,8743.0,4273.0,4264.0,8608.0,3978.0,1318.0,1318.0,1342.0,1421.0,1421.0,1422.0,1424.0,1424.0,1425.0,2921.0,2921.0,2901.0,1318.0,1318.0,1342.0,1421.0,1421.0,1422.0
0.0,13078.0,4288.0,4264.0,8321.0,0.0,0.0,0.0,0.0,1421.0,1421.0,1422.0,1429.0,1429.0,1430.0,4366.0,4366.0,4346.0,0.0,0.0,0.0,1421.0,1421.0,1422.0
0.0,17111.0,4305.0,4267.0,3978.0,284.0,101.0,101.0,82.0,1422.0,1422.0,1423.0,1435.0,1435.0,1435.0,5704.0,5704.0,5703.0,101.0,101.0,82.0,1422.0,1422.0,1423.0
0.0,16784.0,4315.0,4266.0,0.0,4595.0,1539.0,1539.0,1517.0,1422.0,1422.0,1422.0,1438.0,1438.0,1439.0,5587.0,5587.0,5610.0,1539.0,1539.0,1517.0,1422.0,1422.0,1422.0
0.0,12469.0,4204.0,4264.0,284.0,8507.0,2835.0,2835.0,2837.0,1421.0,1421.0,1422.0,1401.0,1401.0,1402.0,4149.0,4149.0,4171.0,2835.0,2835.0,2837.0,1421.0,1421.0,1422.0
0.0,8549.0,4450.0,4267.0,4595.0,8374.0,2783.0,2783.0,2808.0,1422.0,1422.0,1423.0,1483.0,1483.0,1484.0,2849.0,2849.0,2851.0,2783.0,2783.0,2808.0,1422.0,1422.0,1423.0
0.0,8694.0,4332.0,4269.0,8507.0,4207.0,1396.0,1396.0,1415.0,1423.0,1423.0,1423.0,1444.0,1444.0,1444.0,2905.0,2905.0,2884.0,1396.0,1396.0,1415.0,1423.0,1423.0,1423.0
0.0,12869.0,4179.0,4267.0,8374.0,4.0,2.0,2.0,0.0,1422.0,1422.0,1423.0,1393.0,1393.0,1393.0,4296.0,4296.0,4277.0,2.0,2.0,0.0,1422.0,1422.0,1423.0
0.0,17064.0,4300.0,4267.0,4207.0,97.0,39.0,39.0,19.0,1422.0,1422.0,1423.0,1433.0,1433.0,1434.0,5686.0,5686.0,5692.0,39.0,39.0,19.0,1422.0,1422.0,1423.0
0.0,16971.0,4384.0,4270.0,4.0,4489.0,1502.0,1502.0,1485.0,1423.0,1423.0,1424.0,1461.0,1461.0,1462.0,5649.0,5649.0,5673.0,1502.0,1502.0,1485.0,1423.0,1423.0,1424.0
0.0,12591.0,4326.0,4272.0,97.0,8726.0,2909.0,2909.0,2908.0,1424.0,1424.0,1424.0,1442.0,1442.0,1442.0,4190.0,4190.0,4211.0,2909.0,2909.0,2908.0,1424.0,1424.0,1424.0
0.0,8362.0,4215.0,4273.0,4489.0,8456.0,2812.0,2812.0,2832.0,1424.0,1424.0,1425.0,1405.0,1405.0,1405.0,2787.0,2787.0,2788.0,2812.0,2812.0,2832.0,1424.0,1424.0,1425.0
0.0,8636.0,4189.0,4272.0,8726.0,3915.0,1299.0,1299.0,1317.0,1424.0,1424.0,1424.0,1396.0,1396.0,1397.0,2884.0,2884.0,2868.0,1299.0,1299.0,1317.0,1424.0,1424.0,1424.0
0.0,13173.0,4251.0,4273.0,8456.0,0.0,0.0,0.0,0.0,1424.0,1424.0,1425.0,1417.0,1417.0,1417.0,4397.0,4397.0,4379.0,0.0,0.0,0.0,1424.0,1424.0,1425.0
0.0,17378.0,4261.0,4275.0,3915.0,68.0,29.0,29.0,10.0,1425.0,1425.0,1425.0,1420.0,1420.0,1421.0,5792.0,5792.0,5794.0,29.0,29.0,10.0,1425.0,1425.0,1425.0
0.0,17032.0,4251.0,4278.0,0.0,4331.0,1450.0,1450.0,1431.0,1426.0,1426.0,1426.0,1417.0,1417.0,1417.0,5671.0,5671.0,5690.0,1450.0,1450.0,1431.0,1426.0,1426.0,1426.0
0.0,12781.0,4300.0,4278.0,68.0,8563.0,2854.0,2854.0,2855.0,1426.0,1426.0,1426.0,1433.0,1433.0,1434.0,4254.0,4254.0,4273.0,2854.0,2854.0,2855.0,1426.0,1426.0,1426.0
0.0,8549.0,4410.0,4282.0,4331.0,8658.0,2878.0,2878.0,2902.0,1427.0,1427.0,1428.0,1470.0,1470.0,1470.0,2850.0,2850.0,2849.0,2878.0,2878.0,2902.0,1427.0,1427.0,1428.0
0.0,8470.0,4233.0,4284.0,8563.0,4336.0,1439.0,1439.0,1458.0,1428.0,1428.0,1428.0,1411.0,1411.0,1411.0,2830.0,2830.0,2810.0,1439.0,1439.0,1458.0,1428.0,1428.0,1428.0
0.0,12800.0,4237.0,4285.0,8658.0,0.0,0.0,0.0,0.0,1428.0,1428.0,1429.0,1412.0,1412.0,1413.0,4273.0,4273.0,4254.0,0.0,0.0,0.0,1428.0,1428.0,1429.0
0.0,17221.0,4279.0,4287.0,4336.0,0.0,0.0,0.0,0.0,1429.0,1429.0,1429.0,1426.0,1426.0,1427.0,5739.0,5739.0,5743.0,0.0,0.0,0.0,1429.0,1429.0,1429.0
0.0,17278.0,4128.0,4282.0,0.0,3978.0,1332.0,1332.0,1314.0,1427.0,1427.0,1428.0,1376.0,1376.0,1376.0,5752.0,5752.0,5774.0,1332.0,1332.0,1314.0,1427.0,1427.0,1428.0
0.0,13150.0,4174.0,4281.0,0.0,8148.0,2723.0,2723.0,2702.0,1427.0,1427.0,1427.0,1391.0,1391.0,1392.0,4376.0,4376.0,4398.0,2723.0,2723.0,2702.0,1427.0,1427.0,1427.0
0.0,8976.0,4350.0,4284.0,3978.0,8532.0,2845.0,2845.0,2842.0,1428.0,1428.0,1428.0,1450.0,1450.0,1450.0,2985.0,2985.0,3006.0,2845.0,2845.0,2842.0,1428.0,1428.0,1428.0
0.0,8604.0,4143.0,4284.0,8148.0,4527.0,1503.0,1503.0,1521.0,1428.0,1428.0,1428.0,1381.0,1381.0,1381.0,2867.0,2867.0,2870.0,1503.0,1503.0,1521.0,1428.0,1428.0,1428.0
0.0,12609.0,4381.0,4285.0,8532.0,380.0,118.0,118.0,144.0,1428.0,1428.0,1429.0,1460.0,1460.0,1461.0,4209.0,4209.0,4191.0,118.0,118.0,144.0,1428.0,1428.0,1429.0
0.0,16760.0,4404.0,4288.0,4527.0,269.0,87.0,87.0,95.0,1429.0,1429.0,1430.0,1468.0,1468.0,1468.0,5594.0,5594.0,5572.0,87.0,87.0,95.0,1429.0,1429.0,1430.0
0.0,16883.0,4249.0,4288.0,380.0,4138.0,1385.0,1385.0,1368.0,1429.0,1429.0,1430.0,1416.0,1416.0,1417.0,5629.0,5629.0,5625.0,1385.0,1385.0,1368.0,1429.0,1429.0,1430.0
0.0,13014.0,4324.0,4288.0,269.0,8193.0,2739.0,2739.0,2715.0,1429.0,1429.0,1430.0,1441.0,1441.0,1442.0,4331.0,4331.0,4352.0,2739.0,2739.0,2715.0,1429.0,1429.0,1430.0
0.0,8959.0,4288.0,4288.0,4138.0,8343.0,2783.0,2783.0,2777.0,1429.0,1429.0,1430.0,1429.0,1429.0,1430.0,2977.0,2977.0,3005.0,2783.0,2783.0,2777.0,1429.0,1429.0,1430.0
0.0,8809.0,4258.0,4288.0,8193.0,4408.0,1463.0,1463.0,1482.0,1429.0,1429.0,1430.0,1419.0,1419.0,1420.0,2933.0,2933.0,2943.0,1463.0,1463.0,1482.0,1429.0,1429.0,1430.0
0.0,12744.0,4234.0,4287.0,8343.0,295.0,91.0,91.0,113.0,1429.0,1429.0,1429.0,1411.0,1411.0,1412.0,4253.0,4253.0,4238.0,91.0,91.0,113.0,1429.0,1429.0,1429.0
0.0,16853.0,4350.0,4290.0,4408.0,249.0,82.0,82.0,85.0,1430.0,1430.0,1430.0,1450.0,1450.0,1450.0,5625.0,5625.0,5603.0,82.0,82.0,85.0,1430.0,1430.0,1430.0
0.0,16911.0,4359.0,4293.0,295.0,4325.0,1448.0,1448.0,1429.0,1431.0,1431.0,1431.0,1453.0,1453.0,1453.0,5638.0,5638.0,5635.0,1448.0,1448.0,1429.0,1431.0,1431.0,1431.0
0.0,12847.0,4263.0,4293.0,249.0,8339.0,2787.0,2787.0,2765.0,1431.0,1431.0,1431.0,1421.0,1421.0,1421.0,4276.0,4276.0,4295.0,2787.0,2787.0,2765.0,1431.0,1431.0,1431.0
0.0,8833.0,4381.0,4294.0,4325.0,8399.0,2799.0,2799.0,2801.0,1431.0,1431.0,1432.0,1460.0,1460.0,1461.0,2937.0,2937.0,2959.0,2799.0,2799.0,2801.0,1431.0,1431.0,1432.0
0.0,8777.0,4426.0,4296.0,8339.0,4494.0,1491.0,1491.0,1512.0,1432.0,1432.0,1432.0,1475.0,1475.0,1476.0,2925.0,2925.0,2927.0,1491.0,1491.0,1512.0,1432.0,1432.0,1432.0
0.0,12690.0,4372.0,4297.0,8399.0,471.0,149.0,149.0,173.0,1432.0,1432.0,1433.0,1457.0,1457.0,1458.0,4237.0,4237.0,4216.0,149.0,149.0,173.0,1432.0,1432.0,1433.0
0.0,16717.0,4368.0,4297.0,4494.0,345.0,114.0,114.0,117.0,1432.0,1432.0,1433.0,1456.0,1456.0,1456.0,5579.0,5579.0,5559.0,114.0,114.0,117.0,1432.0,1432.0,1433.0
0.0,16843.0,4441.0,4300.0,471.0,4327.0,1449.0,1449.0,1429.0,1433.0,1433.0,1434.0,1480.0,1480.0,1481.0,5614.0,5614.0,5615.0,1449.0,1449.0,1429.0,1433.0,1433.0,1434.0
0.0,12873.0,4357.0,4303.0,345.0,8351.0,2791.0,2791.0,2769.0,1434.0,1434.0,1435.0,1452.0,1452.0,1453.0,4283.0,4283.0,4307.0,2791.0,2791.0,2769.0,1434.0,1434.0,1435.0
0.0,8861.0,4279.0,4303.0,4327.0,8303.0,2768.0,2768.0,2767.0,1434.0,1434.0,1435.0,1426.0,1426.0,1427.0,2945.0,2945.0,2971.0,2768.0,2768.0,2767.0,1434.0,1434.0,1435.0
0.0,8909.0,4474.0,4306.0,8351.0,4438.0,1472.0,1472.0,1494.0,1435.0,1435.0,1436.0,1491.0,1491.0,1492.0,2968.0,2968.0,2973.0,1472.0,1472.0,1494.0,1435.0,1435.0,1436.0
0.0,12786.0,4489.0,4308.0,8303.0,632.0,204.0,204.0,224.0,1436.0,1436.0,1436.0,1496.0,1496.0,1497.0,4268.0,4268.0,4250.0,204.0,204.0,224.0,1436.0,1436.0,1436.0
0.0,16600.0,4516.0,4312.0,4438.0,726.0,241.0,241.0,244.0,1437.0,1437.0,1438.0,1505.0,1505.0,1506.0,5540.0,5540.0,5520.0,241.0,241.0,244.0,1437.0,1437.0,1438.0
0.0,16522.0,4420.0,4314.0,632.0,4522.0,1514.0,1514.0,1494.0,1438.0,1438.0,1438.0,1473.0,1473.0,1474.0,5507.0,5507.0,5508.0,1514.0,1514.0,1494.0,1438.0,1438.0,1438.0
0.0,12734.0,4431.0,4315.0,726.0,8231.0,2750.0,2750.0,2731.0,1438.0,1438.0,1439.0,1477.0,1477.0,1477.0,4238.0,4238.0,4258.0,2750.0,2750.0,2731.0,1438.0,1438.0,1439.0
0.0,9029.0,4492.0,4320.0,4522.0,8221.0,2741.0,2741.0,2739.0,1440.0,1440.0,1440.0,1497.0,1497.0,1498.0,3002.0,3002.0,3025.0,2741.0,2741.0,2739.0,1440.0,1440.0,1440.0
0.0,9059.0,4459.0,4323.0,8231.0,4461.0,1481.0,1481.0,1499.0,1441.0,1441.0,1441.0,1486.0,1486.0,1487.0,3019.0,3019.0,3021.0,1481.0,1481.0,1499.0,1441.0,1441.0,1441.0
0.0,12831.0,4369.0,4324.0,8221.0,613.0,196.0,196.0,221.0,1441.0,1441.0,1442.0,1456.0,1456.0,1457.0,4283.0,4283.0,4265.0,196.0,196.0,221.0,1441.0,1441.0,1442.0
0.0,16683.0,4470.0,4327.0,4461.0,634.0,209.0,209.0,216.0,1442.0,1442.0,1443.0,1490.0,1490.0,1490.0,5568.0,5568.0,5547.0,209.0,209.0,216.0,1442.0,1442.0,1443.0
0.0,16674.0,4300.0,4326.0,613.0,4317.0,1446.0,1446.0,1425.0,1442.0,1442.0,1442.0,1433.0,1433.0,1434.0,5559.0,5559.0,5556.0,1446.0,1446.0,1425.0,1442.0,1442.0,1442.0
0.0,12987.0,4402.0,4327.0,634.0,8089.0,2704.0,2704.0,2681.0,1442.0,1442.0,1443.0,1467.0,1467.0,1468.0,4322.0,4322.0,4343.0,2704.0,2704.0,2681.0,1442.0,1442.0,1443.0
0.0,9219.0,4282.0,4327.0,4317.0,8054.0,2685.0,2685.0,2684.0,1442.0,1442.0,1443.0,1427.0,1427.0,1428.0,3064.0,3064.0,3091.0,2685.0,2685.0,2684.0,1442.0,1442.0,1443.0
0.0,9254.0,4344.0,4329.0,8089.0,4317.0,1433.0,1433.0,1451.0,1443.0,1443.0,1443.0,1448.0,1448.0,1448.0,3083.0,3083.0,3088.0,1433.0,1433.0,1451.0,1443.0,1443.0,1443.0
0.0,12999.0,4363.0,4330.0,8054.0,630.0,202.0,202.0,226.0,1443.0,1443.0,1444.0,1454.0,1454.0,1455.0,4339.0,4339.0,4321.0,202.0,202.0,226.0,1443.0,1443.0,1444.0
0.0,16690.0,4312.0,4332.0,4317.0,633.0,210.0,210.0,213.0,1444.0,1444.0,1444.0,1437.0,1437.0,1438.0,5570.0,5570.0,5550.0,210.0,210.0,213.0,1444.0,1444.0,1444.0
0.0,16695.0,4474.0,4332.0,630.0,4477.0,1499.0,1499.0,1479.0,1444.0,1444.0,1444.0,1491.0,1491.0,1492.0,5566.0,5566.0,5563.0,1499.0,1499.0,1479.0,1444.0,1444.0,1444.0
0.0,12851.0,4410.0,4333.0,633.0,8258.0,2759.0,2759.0,2740.0,1444.0,1444.0,1445.0,1470.0,1470.0,1470.0,4277.0,4277.0,4297.0,2759.0,2759.0,2740.0,1444.0,1444.0,1445.0
0.0,9074.0,4495.0,4339.0,4477.0,8300.0,2766.0,2766.0,2768.0,1446.0,1446.0,1447.0,1498.0,1498.0,1499.0,3017.0,3017.0,3040.0,2766.0,2766.0,2768.0,1446.0,1446.0,1447.0
0.0,9056.0,4408.0,4342.0,8258.0,4462.0,1480.0,1480.0,1502.0,1447.0,1447.0,1448.0,1469.0,1469.0,1470.0,3018.0,3018.0,3020.0,1480.0,1480.0,1502.0,1447.0,1447.0,1448.0
0.0,12906.0,4428.0,4342.0,8300.0,590.0,190.0,190.0,210.0,1447.0,1447.0,1448.0,1476.0,1476.0,1476.0,4308.0,4308.0,4290.0,190.0,190.0,210.0,1447.0,1447.0,1448.0
0.0,16778.0,4314.0,4342.0,4462.0,442.0,148.0,148.0,146.0,1447.0,1447.0,1448.0,1438.0,1438.0,1438.0,5598.0,5598.0,5582.0,148.0,148.0,146.0,1447.0,1447.0,1448.0
0.0,16926.0,4377.0,4345.0,590.0,4241.0,1421.0,1421.0,1399.0,1448.0,1448.0,1449.0,1459.0,1459.0,1459.0,5640.0,5640.0,5646.0,1421.0,1421.0,1399.0,1448.0,1448.0,1449.0
0.0,13139.0,4483.0,4351.0,442.0,8306.0,2775.0,2775.0,2756.0,1450.0,1450.0,1451.0,1494.0,1494.0,1495.0,4371.0,4371.0,4397.0,2775.0,2775.0,2756.0,1450.0,1450.0,1451.0
0.0,9098.0,4342.0,4353.0,4241.0,8415.0,2805.0,2805.0,2805.0,1451.0,1451.0,1451.0,1447.0,1447.0,1448.0,3025.0,3025.0,3048.0,2805.0,2805.0,2805.0,1451.0,1451.0,1451.0
0.0,8997.0,4318.0,4354.0,8306.0,4431.0,1469.0,1469.0,1493.0,1451.0,1451.0,1452.0,1439.0,1439.0,1440.0,2999.0,2999.0,2999.0,1469.0,1469.0,1493.0,1451.0,1451.0,1452.0
0.0,12985.0,4411.0,4357.0,8415.0,439.0,138.0,138.0,163.0,1452.0,1452.0,1453.0,1470.0,1470.0,1471.0,4335.0,4335.0,4315.0,138.0,138.0,163.0,1452.0,1452.0,1453.0
0.0,16989.0,4323.0,4357.0,4431.0,331.0,110.0,110.0,111.0,1452.0,1452.0,1453.0,1441.0,1441.0,1441.0,5670.0,5670.0,5649.0,110.0,110.0,111.0,1452.0,1452.0,1453.0
0.0,17097.0,4363.0,4357.0,439.0,4255.0,1426.0,1426.0,1403.0,1452.0,1452.0,1453.0,1454.0,1454.0,1455.0,5698.0,5698.0,5701.0,1426.0,1426.0,1403.0,1452.0,1452.0,1453.0
0.0,13173.0,4264.0,4357.0,331.0,8188.0,2737.0,2737.0,2714.0,1452.0,1452.0,1453.0,1421.0,1421.0,1422.0,4382.0,4382.0,4409.0,2737.0,2737.0,2714.0,1452.0,1452.0,1453.0
0.0,9240.0,4399.0,4360.0,4255.0,8344.0,2781.0,2781.0,2782.0,1453.0,1453.0,1454.0,1466.0,1466.0,1467.0,3071.0,3071.0,3098.0,2781.0,2781.0,2782.0,1453.0,1453.0,1454.0
0.0,9096.0,4362.0,4362.0,8188.0,4526.0,1502.0,1502.0,1522.0,1454.0,1454.0,1454.0,1454.0,1454.0,1454.0,3031.0,3031.0,3034.0,1502.0,1502.0,1522.0,1454.0,1454.0,1454.0
0.0,12922.0,4323.0,4366.0,8344.0,521.0,166.0,166.0,189.0,1455.0,1455.0,1456.0,1441.0,1441.0,1441.0,4314.0,4314.0,4294.0,166.0,166.0,189.0,1455.0,1455.0,1456.0
0.0,16943.0,4377.0,4369.0,4526.0,384.0,127.0,127.0,130.0,1456.0,1456.0,1457.0,1459.0,1459.0,1459.0,5654.0,5654.0,5635.0,127.0,127.0,130.0,1456.0,1456.0,1457.0
0.0,17092.0,4401.0,4371.0,521.0,4272.0,1432.0,1432.0,1408.0,1457.0,1457.0,1457.0,1467.0,1467.0,1467.0,5697.0,5697.0,5698.0,1432.0,1432.0,1408.0,1457.0,1457.0,1457.0
0.0,13212.0,4429.0,4375.0,384.0,8333.0,2785.0,2785.0,2763.0,1458.0,1458.0,1459.0,1476.0,1476.0,1477.0,4396.0,4396.0,4420.0,2785.0,2785.0,2763.0,1458.0,1458.0,1459.0
0.0,9167.0,4369.0,4375.0,4272.0,8430.0,2809.0,2809.0,2812.0,1458.0,1458.0,1459.0,1456.0,1456.0,1457.0,3047.0,3047.0,3073.0,2809.0,2809.0,2812.0,1458.0,1458.0,1459.0
0.0,9070.0,4465.0,4377.0,8333.0,4570.0,1516.0,1516.0,1538.0,1459.0,1459.0,1459.0,1488.0,1488.0,1489.0,3023.0,3023.0,3024.0,1516.0,1516.0,1538.0,1459.0,1459.0,1459.0
0.0,12938.0,4318.0,4378.0,8430.0,462.0,146.0,146.0,170.0,1459.0,1459.0,1460.0,1439.0,1439.0,1440.0,4320.0,4320.0,4298.0,146.0,146.0,170.0,1459.0,1459.0,1460.0
0.0,17050.0,4404.0,4380.0,4570.0,304.0,102.0,102.0,100.0,1460.0,1460.0,1460.0,1468.0,1468.0,1468.0,5690.0,5690.0,5670.0,102.0,102.0,100.0,1460.0,1460.0,1460.0
0.0,17216.0,4386.0,4381.0,462.0,4232.0,1418.0,1418.0,1396.0,1460.0,1460.0,1461.0,1462.0,1462.0,1462.0,5738.0,5738.0,5740.0,1418.0,1418.0,1396.0,1460.0,1460.0,1461.0
0.0,13292.0,4380.0,4384.0,304.0,8320.0,2780.0,2780.0,2760.0,1461.0,1461.0,1462.0,1460.0,1460.0,1460.0,4422.0,4422.0,4448.0,2780.0,2780.0,2760.0,1461.0,1461.0,1462.0
0.0,9216.0,4420.0,4387.0,4232.0,8520.0,2839.0,2839.0,2842.0,1462.0,1462.0,1463.0,1473.0,1473.0,1474.0,3064.0,3064.0,3088.0,2839.0,2839.0,2842.0,1462.0,1462.0,1463.0
0.0,9028.0,4326.0,4387.0,8320.0,4526.0,1501.0,1501.0,1524.0,1462.0,1462.0,1463.0,1442.0,1442.0,1442.0,3009.0,3009.0,3010.0,1501.0,1501.0,1524.0,1462.0,1462.0,1463.0
0.0,13022.0,4311.0,4387.0,8520.0,317.0,99.0,99.0,119.0,1462.0,1462.0,1463.0,1437.0,1437.0,1437.0,4347.0,4347.0,4328.0,99.0,99.0,119.0,1462.0,1462.0,1463.0
0.0,17231.0,4410.0,4389.0,4526.0,209.0,72.0,72.0,65.0,1463.0,1463.0,1463.0,1470.0,1470.0,1470.0,5749.0,5749.0,5733.0,72.0,72.0,65.0,1463.0,1463.0,1463.0
0.0,17347.0,4446.0,4390.0,317.0,4342.0,1455.0,1455.0,1432.0,1463.0,1463.0,1464.0,1482.0,1482.0,1482.0,5780.0,5780.0,5787.0,1455.0,1455.0,1432.0,1463.0,1463.0,1464.0
0.0,13218.0,4438.0,4390.0,209.0,8571.0,2862.0,2862.0,2847.0,1463.0,1463.0,1464.0,1479.0,1479.0,1480.0,4397.0,4397.0,4424.0,2862.0,2862.0,2847.0,1463.0,1463.0,1464.0
0.0,8989.0,4389.0,4390.0,4342.0,8618.0,2870.0,2870.0,2878.0,1463.0,1463.0,1464.0,1463.0,1463.0,1463.0,2990.0,2990.0,3009.0,2870.0,2870.0,2878.0,1463.0,1463.0,1464.0
0.0,8942.0,4423.0,4392.0,8571.0,4478.0,1486.0,1486.0,1506.0,1464.0,1464.0,1464.0,1474.0,1474.0,1475.0,2982.0,2982.0,2978.0,1486.0,1486.0,1506.0,1464.0,1464.0,1464.0
0.0,13090.0,4417.0,4392.0,8618.0,277.0,88.0,88.0,101.0,1464.0,1464.0,1464.0,1472.0,1472.0,1473.0,4370.0,4370.0,4350.0,88.0,88.0,101.0,1464.0,1464.0,1464.0
0.0,17291.0,4519.0,4395.0,4478.0,330.0,112.0,112.0,106.0,1465.0,1465.0,1465.0,1506.0,1506.0,1507.0,5768.0,5768.0,5755.0,112.0,112.0,106.0,1465.0,1465.0,1465.0
0.0,17250.0,4426.0,4398.0,277.0,4491.0,1503.0,1503.0,1485.0,1466.0,1466.0,1466.0,1475.0,1475.0,1476.0,5748.0,5748.0,5754.0,1503.0,1503.0,1485.0,1466.0,1466.0,1466.0
0.0,13101.0,4423.0,4396.0,330.0,8576.0,2861.0,2861.0,2854.0,1465.0,1465.0,1466.0,1474.0,1474.0,1475.0,4361.0,4361.0,4379.0,2861.0,2861.0,2854.0,1465.0,1465.0,1466.0
0.0,9008.0,4489.0,4396.0,4491.0,8574.0,2854.0,2854.0,2866.0,1465.0,1465.0,1466.0,1496.0,1496.0,1497.0,2999.0,2999.0,3010.0,2854.0,2854.0,2866.0,1465.0,1465.0,1466.0
0.0,9010.0,4536.0,4396.0,8576.0,4534.0,1505.0,1505.0,1524.0,1465.0,1465.0,1466.0,1512.0,1512.0,1512.0,3006.0,3006.0,2998.0,1505.0,1505.0,1524.0,1465.0,1465.0,1466.0
0.0,13050.0,4462.0,4398.0,8574.0,430.0,142.0,142.0,146.0,1466.0,1466.0,1466.0,1487.0,1487.0,1488.0,4355.0,4355.0,4340.0,142.0,142.0,146.0,1466.0,1466.0,1466.0
0.0,17162.0,4372.0,4396.0,4534.0,260.0,90.0,90.0,80.0,1465.0,1465.0,1466.0,1457.0,1457.0,1458.0,5722.0,5722.0,5718.0,90.0,90.0,80.0,1465.0,1465.0,1466.0
0.0,17324.0,4516.0,4396.0,430.0,4346.0,1453.0,1453.0,1440.0,1465.0,1465.0,1466.0,1505.0,1505.0,1506.0,5770.0,5770.0,5784.0,1453.0,1453.0,1440.0,1465.0,1465.0,1466.0
0.0,13238.0,4495.0,4398.0,260.0,8589.0,2865.0,2865.0,2859.0,1466.0,1466.0,1466.0,1498.0,1498.0,1499.0,4407.0,4407.0,4424.0,2865.0,2865.0,2859.0,1466.0,1466.0,1466.0
0.0,9003.0,4575.0,4402.0,4346.0,8834.0,2941.0,2941.0,2952.0,1467.0,1467.0,1468.0,1525.0,1525.0,1525.0,2999.0,2999.0,3005.0,2941.0,2941.0,2952.0,1467.0,1467.0,1468.0
0.0,8774.0,4314.0,4399.0,8589.0,4547.0,1510.0,1510.0,1527.0,1466.0,1466.0,1467.0,1438.0,1438.0,1438.0,2927.0,2927.0,2920.0,1510.0,1510.0,1527.0,1466.0,1466.0,1467.0
0.0,13049.0,4389.0,4401.0,8834.0,110.0,36.0,36.0,38.0,1467.0,1467.0,1467.0,1463.0,1463.0,1463.0,4354.0,4354.0,4341.0,36.0,36.0,38.0,1467.0,1467.0,1467.0
0.0,17494.0,4471.0,4402.0,4547.0,38.0,16.0,16.0,6.0,1467.0,1467.0,1468.0,1490.0,1490.0,1491.0,5832.0,5832.0,5830.0,16.0,16.0,6.0,1467.0,1467.0,1468.0
0.0,17570.0,4569.0,4407.0,110.0,4517.0,1511.0,1511.0,1495.0,1469.0,1469.0,1469.0,1523.0,1523.0,1523.0,5852.0,5852.0,5866.0,1511.0,1511.0,1495.0,1469.0,1469.0,1469.0
0.0,13111.0,4459.0,4410.0,38.0,8950.0,2985.0,2985.0,2980.0,1470.0,1470.0,1470.0,1486.0,1486.0,1487.0,4365.0,4365.0,4381.0,2985.0,2985.0,2980.0,1470.0,1470.0,1470.0
0.0,8690.0,4417.0,4411.0,4517.0,8854.0,2946.0,2946.0,2962.0,1470.0,1470.0,1471.0,1472.0,1472.0,1473.0,2895.0,2895.0,2900.0,2946.0,2946.0,2962.0,1470.0,1470.0,1471.0
0.0,8790.0,4491.0,4414.0,8950.0,4407.0,1462.0,1462.0,1483.0,1471.0,1471.0,1472.0,1497.0,1497.0,1497.0,2934.0,2934.0,2922.0,1462.0,1462.0,1483.0,1471.0,1471.0,1472.0
0.0,13249.0,4492.0,4414.0,8854.0,45.0,13.0,13.0,19.0,1471.0,1471.0,1472.0,1497.0,1497.0,1498.0,4422.0,4422.0,4405.0,13.0,13.0,19.0,1471.0,1471.0,1472.0
0.0,17611.0,4479.0,4416.0,4407.0,125.0,48.0,48.0,29.0,1472.0,1472.0,1472.0,1493.0,1493.0,1493.0,5871.0,5871.0,5869.0,48.0,48.0,29.0,1472.0,1472.0,1472.0
0.0,17539.0,4405.0,4414.0,45.0,4477.0,1499.0,1499.0,1479.0,1471.0,1471.0,1472.0,1468.0,1468.0,1469.0,5840.0,5840.0,5859.0,1499.0,1499.0,1479.0,1471.0,1471.0,1472.0
0.0,13179.0,4381.0,4414.0,125.0,8733.0,2911.0,2911.0,2911.0,1471.0,1471.0,1472.0,1460.0,1460.0,1461.0,4385.0,4385.0,4409.0,2911.0,2911.0,2911.0,1471.0,1471.0,1472.0
0.0,8923.0,4356.0,4411.0,4477.0,8600.0,2860.0,2860.0,2880.0,1470.0,1470.0,1471.0,1452.0,1452.0,1452.0,2973.0,2973.0,2977.0,2860.0,2860.0,2880.0,1470.0,1470.0,1471.0
0.0,9044.0,4452.0,4414.0,8733.0,4331.0,1437.0,1437.0,1457.0,1471.0,1471.0,1472.0,1484.0,1484.0,1484.0,3020.0,3020.0,3004.0,1437.0,1437.0,1457.0,1471.0,1471.0,1472.0
0.0,13325.0,4516.0,4417.0,8600.0,259.0,86.0,86.0,87.0,1472.0,1472.0,1473.0,1505.0,1505.0,1506.0,4447.0,4447.0,4431.0,86.0,86.0,87.0,1472.0,1472.0,1473.0
0.0,17409.0,4408.0,4416.0,4331.0,332.0,118.0,118.0,96.0,1472.0,1472.0,1472.0,1469.0,1469.0,1470.0,5802.0,5802.0,5805.0,118.0,118.0,96.0,1472.0,1472.0,1472.0
0.0,17332.0,4458.0,4419.0,259.0,4543.0,1522.0,1522.0,1499.0,1473.0,1473.0,1473.0,1486.0,1486.0,1486.0,5770.0,5770.0,5792.0,1522.0,1522.0,1499.0,1473.0,1473.0,1473.0
0.0,13133.0,4449.0,4420.0,332.0,8664.0,2887.0,2887.0,2890.0,1473.0,1473.0,1474.0,1483.0,1483.0,1483.0,4370.0,4370.0,4393.0,2887.0,2887.0,2890.0,1473.0,1473.0,1474.0
0.0,9016.0,4599.0,4425.0,4543.0,8740.0,2906.0,2906.0,2928.0,1475.0,1475.0,1475.0,1533.0,1533.0,1533.0,3005.0,3005.0,3006.0,2906.0,2906.0,2928.0,1475.0,1475.0,1475.0
0.0,8960.0,4405.0,4426.0,8664.0,4485.0,1487.0,1487.0,1511.0,1475.0,1475.0,1476.0,1468.0,1468.0,1469.0,2994.0,2994.0,2972.0,1487.0,1487.0,1511.0,1475.0,1475.0,1476.0
0.0,13219.0,4506.0,4429.0,8740.0,263.0,87.0,87.0,89.0,1476.0,1476.0,1477.0,1502.0,1502.0,1502.0,4413.0,4413.0,4393.0,87.0,87.0,89.0,1476.0,1476.0,1477.0
0.0,17453.0,4284.0,4429.0,4485.0,62.0,28.0,28.0,6.0,1476.0,1476.0,1477.0,1428.0,1428.0,1428.0,5817.0,5817.0,5819.0,28.0,28.0,6.0,1476.0,1476.0,1477.0
0.0,17654.0,4482.0,4431.0,263.0,4289.0,1439.0,1439.0,1411.0,1477.0,1477.0,1477.0,1494.0,1494.0,1494.0,5876.0,5876.0,5902.0,1439.0,1439.0,1411.0,1477.0,1477.0,1477.0
0.0,13435.0,4369.0,4431.0,62.0,8596.0,2867.0,2867.0,2862.0,1477.0,1477.0,1477.0,1456.0,1456.0,1457.0,4469.0,4469.0,4497.0,2867.0,2867.0,2862.0,1477.0,1477.0,1477.0
0.0,9128.0,4504.0,4434.0,4289.0,8823.0,2933.0,2933.0,2957.0,1478.0,1478.0,1478.0,1501.0,1501.0,1502.0,3041.0,3041.0,3046.0,2933.0,2933.0,2957.0,1478.0,1478.0,1478.0
0.0,8913.0,4419.0,4435.0,8596.0,4650.0,1539.0,1539.0,1572.0,1478.0,1478.0,1479.0,1473.0,1473.0,1473.0,2979.0,2979.0,2955.0,1539.0,1539.0,1572.0,1478.0,1478.0,1479.0
0.0,13090.0,4533.0,4438.0,8823.0,372.0,121.0,121.0,130.0,1479.0,1479.0,1480.0,1511.0,1511.0,1511.0,4373.0,4373.0,4344.0,121.0,121.0,130.0,1479.0,1479.0,1480.0
0.0,17380.0,4491.0,4438.0,4650.0,213.0,79.0,79.0,55.0,1479.0,1479.0,1480.0,1497.0,1497.0,1497.0,5795.0,5795.0,5790.0,79.0,79.0,55.0,1479.0,1479.0,1480.0
0.0,17539.0,4540.0,4441.0,372.0,4393.0,1475.0,1475.0,1443.0,1480.0,1480.0,1481.0,1513.0,1513.0,1514.0,5837.0,5837.0,5865.0,1475.0,1475.0,1443.0,1480.0,1480.0,1481.0
0.0,13371.0,4297.0,4438.0,213.0,8465.0,2824.0,2824.0,2817.0,1479.0,1479.0,1480.0,1432.0,1432.0,1433.0,4445.0,4445.0,4481.0,2824.0,2824.0,2817.0,1479.0,1479.0,1480.0
0.0,9287.0,4423.0,4441.0,4393.0,8507.0,2827.0,2827.0,2853.0,1480.0,1480.0,1481.0,1474.0,1474.0,1475.0,3092.0,3092.0,3103.0,2827.0,2827.0,2853.0,1480.0,1480.0,1481.0
0.0,9257.0,4543.0,4444.0,8465.0,4597.0,1521.0,1521.0,1555.0,1481.0,1481.0,1482.0,1514.0,1514.0,1515.0,3093.0,3093.0,3071.0,1521.0,1521.0,1555.0,1481.0,1481.0,1482.0
0.0,13179.0,4393.0,4444.0,8507.0,483.0,158.0,158.0,167.0,1481.0,1481.0,1482.0,1464.0,1464.0,1465.0,4403.0,4403.0,4373.0,158.0,158.0,167.0,1481.0,1481.0,1482.0
0.0,17293.0,4519.0,4446.0,4597.0,413.0,147.0,147.0,119.0,1482.0,1482.0,1482.0,1506.0,1506.0,1507.0,5766.0,5766.0,5761.0,147.0,147.0,119.0,1482.0,1482.0,1482.0
0.0,17371.0,4429.0,4447.0,483.0,4363.0,1465.0,1465.0,1433.0,1482.0,1482.0,1483.0,1476.0,1476.0,1477.0,5781.0,5781.0,5809.0,1465.0,1465.0,1433.0,1482.0,1482.0,1483.0
0.0,13425.0,4398.0,4447.0,413.0,8348.0,2784.0,2784.0,2780.0,1482.0,1482.0,1483.0,1466.0,1466.0,1466.0,4463.0,4463.0,4499.0,2784.0,2784.0,2780.0,1482.0,1482.0,1483.0
0.0,9440.0,4387.0,4449.0,4363.0,8380.0,2785.0,2785.0,2810.0,1483.0,1483.0,1483.0,1462.0,1462.0,1463.0,3144.0,3144.0,3152.0,2785.0,2785.0,2810.0,1483.0,1483.0,1483.0
0.0,9416.0,4477.0,4450.0,8348.0,4513.0,1493.0,1493.0,1527.0,1483.0,1483.0,1484.0,1492.0,1492.0,1493.0,3147.0,3147.0,3122.0,1493.0,1493.0,1527.0,1483.0,1483.0,1484.0
0.0,13287.0,4498.0,4452.0,8380.0,639.0,211.0,211.0,217.0,1484.0,1484.0,1484.0,1499.0,1499.0,1500.0,4439.0,4439.0,4409.0,211.0,211.0,217.0,1484.0,1484.0,1484.0
0.0,17169.0,4555.0,4453.0,4513.0,685.0,236.0,236.0,213.0,1484.0,1484.0,1485.0,1518.0,1518.0,1519.0,5725.0,5725.0,5719.0,236.0,236.0,213.0,1484.0,1484.0,1485.0
0.0,17127.0,4512.0,4456.0,639.0,4570.0,1533.0,1533.0,1504.0,1485.0,1485.0,1486.0,1504.0,1504.0,1504.0,5700.0,5700.0,5727.0,1533.0,1533.0,1504.0,1485.0,1485.0,1486.0
0.0,13254.0,4537.0,4459.0,685.0,8434.0,2813.0,2813.0,2808.0,1486.0,1486.0,1487.0,1512.0,1512.0,1513.0,4407.0,4407.0,4440.0,2813.0,2813.0,2808.0,1486.0,1486.0,1487.0
0.0,9402.0,4402.0,4458.0,4570.0,8262.0,2747.0,2747.0,2768.0,1486.0,1486.0,1486.0,1467.0,1467.0,1468.0,3131.0,3131.0,3140.0,2747.0,2747.0,2768.0,1486.0,1486.0,1486.0
0.0,9570.0,4440.0,4456.0,8434.0,4260.0,1410.0,1410.0,1440.0,1485.0,1485.0,1486.0,1480.0,1480.0,1480.0,3197.0,3197.0,3176.0,1410.0,1410.0,1440.0,1485.0,1485.0,1486.0
0.0,13564.0,4591.0,4459.0,8262.0,601.0,197.0,197.0,207.0,1486.0,1486.0,1487.0,1530.0,1530.0,1531.0,4530.0,4530.0,4504.0,197.0,197.0,207.0,1486.0,1486.0,1487.0
0.0,17235.0,4414.0,4459.0,4260.0,755.0,258.0,258.0,239.0,1486.0,1486.0,1487.0,1471.0,1471.0,1472.0,5747.0,5747.0,5741.0,258.0,258.0,239.0,1486.0,1486.0,1487.0
0.0,17081.0,4431.0,4459.0,601.0,4585.0,1538.0,1538.0,1509.0,1486.0,1486.0,1487.0,1477.0,1477.0,1477.0,5686.0,5686.0,5709.0,1538.0,1538.0,1509.0,1486.0,1486.0,1487.0
0.0,13251.0,4540.0,4459.0,755.0,8370.0,2793.0,2793.0,2784.0,1486.0,1486.0,1487.0,1513.0,1513.0,1514.0,4406.0,4406.0,4439.0,2793.0,2793.0,2784.0,1486.0,1486.0,1487.0
0.0,9466.0,4587.0,4461.0,4585.0,8380.0,2788.0,2788.0,2804.0,1487.0,1487.0,1487.0,1529.0,1529.0,1529.0,3151.0,3151.0,3164.0,2788.0,2788.0,2804.0,1487.0,1487.0,1487.0
0.0,9464.0,4491.0,4464.0,8370.0,4513.0,1496.0,1496.0,1521.0,1488.0,1488.0,1488.0,1497.0,1497.0,1497.0,3160.0,3160.0,3144.0,1496.0,1496.0,1521.0,1488.0,1488.0,1488.0
0.0,13343.0,4449.0,4462.0,8380.0,574.0,187.0,187.0,200.0,1487.0,1487.0,1488.0,1483.0,1483.0,1483.0,4456.0,4456.0,4431.0,187.0,187.0,200.0,1487.0,1487.0,1488.0
0.0,17274.0,4551.0,4464.0,4513.0,620.0,212.0,212.0,196.0,1488.0,1488.0,1488.0,1517.0,1517.0,1517.0,5761.0,5761.0,5752.0,212.0,212.0,196.0,1488.0,1488.0,1488.0
0.0,17236.0,4494.0,4462.0,574.0,4532.0,1519.0,1519.0,1494.0,1487.0,1487.0,1488.0,1498.0,1498.0,1498.0,5740.0,5740.0,5756.0,1519.0,1519.0,1494.0,1487.0,1487.0,1488.0
0.0,13316.0,4396.0,4464.0,620.0,8316.0,2776.0,2776.0,2764.0,1488.0,1488.0,1488.0,1465.0,1465.0,1466.0,4429.0,4429.0,4458.0,2776.0,2776.0,2764.0,1488.0,1488.0,1488.0
0.0,9540.0,4516.0,4465.0,4532.0,8304.0,2762.0,2762.0,2780.0,1488.0,1488.0,1489.0,1505.0,1505.0,1506.0,3176.0,3176.0,3188.0,2762.0,2762.0,2780.0,1488.0,1488.0,1489.0
0.0,9556.0,4462.0,4465.0,8316.0,4450.0,1473.0,1473.0,1504.0,1488.0,1488.0,1489.0,1487.0,1487.0,1488.0,3190.0,3190.0,3176.0,1473.0,1473.0,1504.0,1488.0,1488.0,1489.0
0.0,13410.0,4626.0,4467.0,8304.0,780.0,257.0,257.0,266.0,1489.0,1489.0,1489.0,1542.0,1542.0,1542.0,4479.0,4479.0,4452.0,257.0,257.0,266.0,1489.0,1489.0,1489.0
0.0,17088.0,4558.0,4468.0,4450.0,892.0,303.0,303.0,286.0,1489.0,1489.0,1490.0,1519.0,1519.0,1520.0,5699.0,5699.0,5690.0,303.0,303.0,286.0,1489.0,1489.0,1490.0
0.0,16980.0,4444.0,4468.0,780.0,4556.0,1527.0,1527.0,1502.0,1489.0,1489.0,1490.0,1481.0,1481.0,1482.0,5653.0,5653.0,5674.0,1527.0,1527.0,1502.0,1489.0,1489.0,1490.0
0.0,13316.0,4558.0,4470.0,892.0,8230.0,2747.0,2747.0,2736.0,1490.0,1490.0,1490.0,1519.0,1519.0,1520.0,4429.0,4429.0,4458.0,2747.0,2747.0,2736.0,1490.0,1490.0,1490.0
0.0,9650.0,4450.0,4470.0,4556.0,8124.0,2703.0,2703.0,2718.0,1490.0,1490.0,1490.0,1483.0,1483.0,1484.0,3213.0,3213.0,3224.0,2703.0,2703.0,2718.0,1490.0,1490.0,1490.0
0.0,9756.0,4375.0,4468.0,8230.0,4261.0,1410.0,1410.0,1441.0,1489.0,1489.0,1490.0,1458.0,1458.0,1459.0,3257.0,3257.0,3242.0,1410.0,1410.0,1441.0,1489.0,1489.0,1490.0
0.0,13611.0,4488.0,4468.0,8124.0,625.0,203.0,203.0,219.0,1489.0,1489.0,1490.0,1496.0,1496.0,1496.0,4546.0,4546.0,4519.0,203.0,203.0,219.0,1489.0,1489.0,1490.0
0.0,17247.0,4524.0,4471.0,4261.0,900.0,305.0,305.0,290.0,1490.0,1490.0,1491.0,1508.0,1508.0,1508.0,5753.0,5753.0,5741.0,305.0,305.0,290.0,1490.0,1490.0,1491.0
0.0,16984.0,4522.0,4474.0,625.0,4809.0,1613.0,1613.0,1583.0,1491.0,1491.0,1492.0,1507.0,1507.0,1508.0,5655.0,5655.0,5674.0,1613.0,1613.0,1583.0,1491.0,1491.0,1492.0
0.0,13087.0,4572.0,4477.0,900.0,8493.0,2836.0,2836.0,2821.0,1492.0,1492.0,1493.0,1524.0,1524.0,1524.0,4351.0,4351.0,4385.0,2836.0,2836.0,2821.0,1492.0,1492.0,1493.0
0.0,9415.0,4494.0,4477.0,4809.0,8178.0,2721.0,2721.0,2736.0,1492.0,1492.0,1493.0,1498.0,1498.0,1498.0,3132.0,3132.0,3151.0,2721.0,2721.0,2736.0,1492.0,1492.0,1493.0
0.0,9730.0,4495.0,4479.0,8493.0,4188.0,1387.0,1387.0,1414.0,1493.0,1493.0,1493.0,1498.0,1498.0,1499.0,3247.0,3247.0,3236.0,1387.0,1387.0,1414.0,1493.0,1493.0,1493.0
0.0,13728.0,4591.0,4480.0,8178.0,605.0,196.0,196.0,213.0,1493.0,1493.0,1494.0,1530.0,1530.0,1531.0,4585.0,4585.0,4558.0,196.0,196.0,213.0,1493.0,1493.0,1494.0
0.0,17315.0,4518.0,4482.0,4188.0,943.0,319.0,319.0,305.0,1494.0,1494.0,1494.0,1506.0,1506.0,1506.0,5776.0,5776.0,5763.0,319.0,319.0,305.0,1494.0,1494.0,1494.0
0.0,16985.0,4525.0,4480.0,605.0,4855.0,1627.0,1627.0,1601.0,1493.0,1493.0,1494.0,1508.0,1508.0,1509.0,5657.0,5657.0,5671.0,1627.0,1627.0,1601.0,1493.0,1493.0,1494.0
0.0,13065.0,4519.0,4483.0,943.0,8443.0,2818.0,2818.0,2807.0,1494.0,1494.0,1495.0,1506.0,1506.0,1507.0,4345.0,4345.0,4375.0,2818.0,2818.0,2807.0,1494.0,1494.0,1495.0
0.0,9489.0,4392.0,4480.0,4855.0,7968.0,2651.0,2651.0,2666.0,1493.0,1493.0,1494.0,1464.0,1464.0,1464.0,3158.0,3158.0,3173.0,2651.0,2651.0,2666.0,1493.0,1493.0,1494.0
0.0,9952.0,4537.0,4486.0,8443.0,4086.0,1353.0,1353.0,1380.0,1495.0,1495.0,1496.0,1512.0,1512.0,1513.0,3321.0,3321.0,3310.0,1353.0,1353.0,1380.0,1495.0,1495.0,1496.0
0.0,13858.0,4597.0,4488.0,7968.0,723.0,238.0,238.0,247.0,1496.0,1496.0,1496.0,1532.0,1532.0,1533.0,4627.0,4627.0,4604.0,238.0,238.0,247.0,1496.0,1496.0,1496.0
0.0,17229.0,4608.0,4492.0,4086.0,1261.0,425.0,425.0,411.0,1497.0,1497.0,1498.0,1536.0,1536.0,1536.0,5746.0,5746.0,5737.0,425.0,425.0,411.0,1497.0,1497.0,1498.0
0.0,16707.0,4426.0,4491.0,723.0,4960.0,1662.0,1662.0,1636.0,1497.0,1497.0,1497.0,1475.0,1475.0,1476.0,5563.0,5563.0,5581.0,1662.0,1662.0,1636.0,1497.0,1497.0,1497.0
0.0,13004.0,4498.0,4492.0,1261.0,8201.0,2736.0,2736.0,2729.0,1497.0,1497.0,1498.0,1499.0,1499.0,1500.0,4326.0,4326.0,4352.0,2736.0,2736.0,2729.0,1497.0,1497.0,1498.0
0.0,9767.0,4453.0,4491.0,4960.0,7690.0,2558.0,2558.0,2574.0,1497.0,1497.0,1497.0,1484.0,1484.0,1485.0,3252.0,3252.0,3263.0,2558.0,2558.0,2574.0,1497.0,1497.0,1497.0
0.0,10274.0,4594.0,4492.0,8201.0,4087.0,1353.0,1353.0,1381.0,1497.0,1497.0,1498.0,1531.0,1531.0,1532.0,3430.0,3430.0,3414.0,1353.0,1353.0,1381.0,1497.0,1497.0,1498.0
0.0,13881.0,4416.0,4491.0,7690.0,809.0,267.0,267.0,275.0,1497.0,1497.0,1497.0,1472.0,1472.0,1472.0,4635.0,4635.0,4611.0,267.0,267.0,275.0,1497.0,1497.0,1497.0
0.0,17155.0,4465.0,4494.0,4087.0,1199.0,406.0,406.0,387.0,1498.0,1498.0,1498.0,1488.0,1488.0,1489.0,5721.0,5721.0,5713.0,406.0,406.0,387.0,1498.0,1498.0,1498.0
0.0,16777.0,4587.0,4497.0,809.0,4989.0,1672.0,1672.0,1645.0,1499.0,1499.0,1499.0,1529.0,1529.0,1529.0,5586.0,5586.0,5605.0,1672.0,1672.0,1645.0,1499.0,1499.0,1499.0
0.0,12999.0,4678.0,4500.0,1199.0,8480.0,2829.0,2829.0,2822.0,1500.0,1500.0,1500.0,1559.0,1559.0,1560.0,4324.0,4324.0,4351.0,2829.0,2829.0,2822.0,1500.0,1500.0,1500.0
0.0,9520.0,4621.0,4504.0,4989.0,8128.0,2701.0,2701.0,2726.0,1501.0,1501.0,1502.0,1540.0,1540.0,1541.0,3171.0,3171.0,3178.0,2701.0,2701.0,2726.0,1501.0,1501.0,1502.0
0.0,9888.0,4624.0,4506.0,8480.0,4280.0,1417.0,1417.0,1446.0,1502.0,1502.0,1502.0,1541.0,1541.0,1542.0,3303.0,3303.0,3282.0,1417.0,1417.0,1446.0,1502.0,1502.0,1502.0
0.0,13744.0,4545.0,4509.0,8128.0,709.0,235.0,235.0,239.0,1503.0,1503.0,1503.0,1515.0,1515.0,1515.0,4591.0,4591.0,4562.0,235.0,235.0,239.0,1503.0,1503.0,1503.0
0.0,17327.0,4495.0,4510.0,4280.0,928.0,316.0,316.0,296.0,1503.0,1503.0,1504.0,1498.0,1498.0,1499.0,5777.0,5777.0,5773.0,316.0,316.0,296.0,1503.0,1503.0,1504.0
0.0,17112.0,4641.0,4515.0,709.0,4880.0,1636.0,1636.0,1608.0,1505.0,1505.0,1505.0,1547.0,1547.0,1547.0,5696.0,5696.0,5720.0,1636.0,1636.0,1608.0,1505.0,1505.0,1505.0
0.0,13180.0,4561.0,4516.0,928.0,8517.0,2840.0,2840.0,2837.0,1505.0,1505.0,1506.0,1520.0,1520.0,1521.0,4384.0,4384.0,4412.0,2840.0,2840.0,2837.0,1505.0,1505.0,1506.0
0.0,9547.0,4761.0,4522.0,4880.0,8422.0,2799.0,2799.0,2824.0,1507.0,1507.0,1508.0,1587.0,1587.0,1587.0,3180.0,3180.0,3187.0,2799.0,2799.0,2824.0,1507.0,1507.0,1508.0
0.0,9666.0,4650.0,4524.0,8517.0,4563.0,1513.0,1513.0,1537.0,1508.0,1508.0,1508.0,1550.0,1550.0,1550.0,3229.0,3229.0,3208.0,1513.0,1513.0,1537.0,1508.0,1508.0,1508.0
0.0,13533.0,4582.0,4525.0,8422.0,727.0,241.0,241.0,245.0,1508.0,1508.0,1509.0,1527.0,1527.0,1528.0,4519.0,4519.0,4495.0,241.0,241.0,245.0,1508.0,1508.0,1509.0
0.0,17373.0,4528.0,4525.0,4563.0,692.0,237.0,237.0,218.0,1508.0,1508.0,1509.0,1509.0,1509.0,1510.0,5791.0,5791.0,5791.0,237.0,237.0,218.0,1508.0,1508.0,1509.0
0.0,17408.0,4590.0,4528.0,727.0,4567.0,1530.0,1530.0,1507.0,1509.0,1509.0,1510.0,1530.0,1530.0,1530.0,5795.0,5795.0,5818.0,1530.0,1530.0,1507.0,1509.0,1509.0,1510.0
0.0,13545.0,4533.0,4530.0,692.0,8416.0,2808.0,2808.0,2800.0,1510.0,1510.0,1510.0,1511.0,1511.0,1511.0,4506.0,4506.0,4533.0,2808.0,2808.0,2800.0,1510.0,1510.0,1510.0
0.0,9704.0,4632.0,4531.0,4567.0,8485.0,2822.0,2822.0,2841.0,1510.0,1510.0,1511.0,1544.0,1544.0,1544.0,3232.0,3232.0,3240.0,2822.0,2822.0,2841.0,1510.0,1510.0,1511.0
0.0,9639.0,4564.0,4534.0,8416.0,4645.0,1539.0,1539.0,1567.0,1511.0,1511.0,1512.0,1521.0,1521.0,1522.0,3218.0,3218.0,3203.0,1539.0,1539.0,1567.0,1511.0,1511.0,1512.0
0.0,13491.0,4588.0,4537.0,8485.0,760.0,250.0,250.0,260.0,1512.0,1512.0,1513.0,1529.0,1529.0,1530.0,4505.0,4505.0,4481.0,250.0,250.0,260.0,1512.0,1512.0,1513.0
0.0,17388.0,4597.0,4537.0,4645.0,712.0,243.0,243.0,226.0,1512.0,1512.0,1513.0,1532.0,1532.0,1533.0,5798.0,5798.0,5792.0,243.0,243.0,226.0,1512.0,1512.0,1513.0
0.0,17436.0,4621.0,4539.0,760.0,4581.0,1537.0,1537.0,1507.0,1513.0,1513.0,1513.0,1540.0,1540.0,1541.0,5805.0,5805.0,5826.0,1537.0,1537.0,1507.0,1513.0,1513.0,1513.0
0.0,13575.0,4621.0,4540.0,712.0,8494.0,2834.0,2834.0,2826.0,1513.0,1513.0,1514.0,1540.0,1540.0,1541.0,4515.0,4515.0,4545.0,2834.0,2834.0,2826.0,1513.0,1513.0,1514.0
0.0,9666.0,4599.0,4543.0,4581.0,8524.0,2834.0,2834.0,2856.0,1514.0,1514.0,1515.0,1533.0,1533.0,1533.0,3218.0,3218.0,3230.0,2834.0,2834.0,2856.0,1514.0,1514.0,1515.0
0.0,9648.0,4662.0,4546.0,8494.0,4704.0,1558.0,1558.0,1588.0,1515.0,1515.0,1516.0,1554.0,1554.0,1554.0,3222.0,3222.0,3204.0,1558.0,1558.0,1588.0,1515.0,1515.0,1516.0
0.0,13480.0,4615.0,4549.0,8524.0,807.0,266.0,266.0,275.0,1516.0,1516.0,1517.0,1538.0,1538.0,1539.0,4502.0,4502.0,4476.0,266.0,266.0,275.0,1516.0,1516.0,1517.0
0.0,17389.0,4651.0,4554.0,4704.0,774.0,266.0,266.0,242.0,1518.0,1518.0,1518.0,1550.0,1550.0,1551.0,5798.0,5798.0,5793.0,266.0,266.0,242.0,1518.0,1518.0,1518.0
0.0,17442.0,4449.0,4552.0,807.0,4408.0,1479.0,1479.0,1450.0,1517.0,1517.0,1518.0,1483.0,1483.0,1483.0,5806.0,5806.0,5830.0,1479.0,1479.0,1450.0,1517.0,1517.0,1518.0
0.0,13800.0,4594.0,4555.0,774.0,8240.0,2748.0,2748.0,2744.0,1518.0,1518.0,1519.0,1531.0,1531.0,1532.0,4589.0,4589.0,4622.0,2748.0,2748.0,2744.0,1518.0,1518.0,1519.0
0.0,9980.0,4524.0,4552.0,4408.0,8344.0,2773.0,2773.0,2798.0,1517.0,1517.0,1518.0,1508.0,1508.0,1508.0,3324.0,3324.0,3332.0,2773.0,2773.0,2798.0,1517.0,1517.0,1518.0
0.0,9864.0,4594.0,4554.0,8240.0,4706.0,1560.0,1560.0,1586.0,1518.0,1518.0,1518.0,1531.0,1531.0,1532.0,3295.0,3295.0,3274.0,1560.0,1560.0,1586.0,1518.0,1518.0,1518.0
0.0,13510.0,4588.0,4555.0,8344.0,954.0,316.0,316.0,322.0,1518.0,1518.0,1519.0,1529.0,1529.0,1530.0,4512.0,4512.0,4486.0,316.0,316.0,322.0,1518.0,1518.0,1519.0
0.0,17266.0,4675.0,4558.0,4706.0,935.0,318.0,318.0,299.0,1519.0,1519.0,1520.0,1558.0,1558.0,1559.0,5756.0,5756.0,5754.0,318.0,318.0,299.0,1519.0,1519.0,1520.0
0.0,17297.0,4464.0,4558.0,954.0,4445.0,1490.0,1490.0,1465.0,1519.0,1519.0,1520.0,1488.0,1488.0,1488.0,5758.0,5758.0,5781.0,1490.0,1490.0,1465.0,1519.0,1519.0,1520.0
0.0,13787.0,4557.0,4561.0,935.0,8079.0,2695.0,2695.0,2689.0,1520.0,1520.0,1521.0,1519.0,1519.0,1519.0,4586.0,4586.0,4615.0,2695.0,2695.0,2689.0,1520.0,1520.0,1521.0
0.0,10165.0,4536.0,4563.0,4445.0,8178.0,2721.0,2721.0,2736.0,1521.0,1521.0,1521.0,1512.0,1512.0,1512.0,3385.0,3385.0,3395.0,2721.0,2721.0,2736.0,1521.0,1521.0,1521.0
0.0,10074.0,4450.0,4561.0,8079.0,4541.0,1505.0,1505.0,1531.0,1520.0,1520.0,1521.0,1483.0,1483.0,1484.0,3363.0,3363.0,3348.0,1505.0,1505.0,1531.0,1520.0,1520.0,1521.0
0.0,13703.0,4563.0,4563.0,8178.0,934.0,309.0,309.0,316.0,1521.0,1521.0,1521.0,1521.0,1521.0,1521.0,4575.0,4575.0,4553.0,309.0,309.0,316.0,1521.0,1521.0,1521.0
0.0,17318.0,4543.0,4561.0,4541.0,928.0,314.0,314.0,300.0,1520.0,1520.0,1521.0,1514.0,1514.0,1515.0,5775.0,5775.0,5768.0,314.0,314.0,300.0,1520.0,1520.0,1521.0
0.0,17316.0,4549.0,4563.0,934.0,4551.0,1525.0,1525.0,1501.0,1521.0,1521.0,1521.0,1516.0,1516.0,1517.0,5766.0,5766.0,5784.0,1525.0,1525.0,1501.0,1521.0,1521.0,1521.0
0.0,13701.0,4486.0,4563.0,928.0,8109.0,2706.0,2706.0,2697.0,1521.0,1521.0,1521.0,1495.0,1495.0,1496.0,4559.0,4559.0,4583.0,2706.0,2706.0,2697.0,1521.0,1521.0,1521.0
0.0,10143.0,4563.0,4561.0,4551.0,8113.0,2698.0,2698.0,2717.0,1520.0,1520.0,1521.0,1521.0,1521.0,1521.0,3378.0,3378.0,3387.0,2698.0,2698.0,2717.0,1520.0,1520.0,1521.0
0.0,10131.0,4585.0,4564.0,8109.0,4601.0,1524.0,1524.0,1553.0,1521.0,1521.0,1522.0,1528.0,1528.0,1529.0,3382.0,3382.0,3367.0,1524.0,1524.0,1553.0,1521.0,1521.0,1522.0
0.0,13655.0,4540.0,4564.0,8113.0,1028.0,339.0,339.0,350.0,1521.0,1521.0,1522.0,1513.0,1513.0,1514.0,4560.0,4560.0,4535.0,339.0,339.0,350.0,1521.0,1521.0,1522.0
0.0,17228.0,4495.0,4563.0,4601.0,918.0,313.0,313.0,292.0,1521.0,1521.0,1521.0,1498.0,1498.0,1499.0,5745.0,5745.0,5738.0,313.0,313.0,292.0,1521.0,1521.0,1521.0
0.0,17334.0,4479.0,4564.0,1028.0,4373.0,1467.0,1467.0,1439.0,1521.0,1521.0,1522.0,1493.0,1493.0,1493.0,5771.0,5771.0,5792.0,1467.0,1467.0,1439.0,1521.0,1521.0,1522.0
0.0,13883.0,4429.0,4563.0,918.0,7880.0,2630.0,2630.0,2620.0,1521.0,1521.0,1521.0,1476.0,1476.0,1477.0,4617.0,4617.0,4649.0,2630.0,2630.0,2620.0,1521.0,1521.0,1521.0
0.0,10372.0,4642.0,4564.0,4373.0,8153.0,2710.0,2710.0,2733.0,1521.0,1521.0,1522.0,1547.0,1547.0,1548.0,3454.0,3454.0,3464.0,2710.0,2710.0,2733.0,1521.0,1521.0,1522.0
0.0,10103.0,4525.0,4561.0,7880.0,4786.0,1584.0,1584.0,1618.0,1520.0,1520.0,1521.0,1508.0,1508.0,1509.0,3374.0,3374.0,3355.0,1584.0,1584.0,1618.0,1520.0,1520.0,1521.0
0.0,13458.0,4567.0,4564.0,8153.0,1212.0,400.0,400.0,412.0,1521.0,1521.0,1522.0,1522.0,1522.0,1523.0,4496.0,4496.0,4466.0,400.0,400.0,412.0,1521.0,1521.0,1522.0
0.0,17044.0,4561.0,4566.0,4786.0,995.0,340.0,340.0,315.0,1522.0,1522.0,1522.0,1520.0,1520.0,1521.0,5684.0,5684.0,5676.0,340.0,340.0,315.0,1522.0,1522.0,1522.0
0.0,17269.0,4638.0,4570.0,1212.0,4437.0,1490.0,1490.0,1457.0,1523.0,1523.0,1524.0,1546.0,1546.0,1546.0,5748.0,5748.0,5773.0,1490.0,1490.0,1457.0,1523.0,1523.0,1524.0
0.0,13843.0,4579.0,4570.0,995.0,8021.0,2676.0,2676.0,2669.0,1523.0,1523.0,1524.0,1526.0,1526.0,1527.0,4602.0,4602.0,4639.0,2676.0,2676.0,2669.0,1523.0,1523.0,1524.0
0.0,10259.0,4600.0,4573.0,4437.0,8196.0,2723.0,2723.0,2750.0,1524.0,1524.0,1525.0,1533.0,1533.0,1534.0,3416.0,3416.0,3427.0,2723.0,2723.0,2750.0,1524.0,1524.0,1525.0
0.0,10096.0,4603.0,4576.0,8021.0,4790.0,1585.0,1585.0,1620.0,1525.0,1525.0,1526.0,1534.0,1534.0,1535.0,3373.0,3373.0,3350.0,1585.0,1585.0,1620.0,1525.0,1525.0,1526.0
0.0,13514.0,4594.0,4576.0,8196.0,1188.0,393.0,393.0,402.0,1525.0,1525.0,1526.0,1531.0,1531.0,1532.0,4515.0,4515.0,4484.0,393.0,393.0,402.0,1525.0,1525.0,1526.0
0.0,17116.0,4671.0,4576.0,4790.0,1069.0,365.0,365.0,339.0,1525.0,1525.0,1526.0,1557.0,1557.0,1557.0,5707.0,5707.0,5702.0,365.0,365.0,339.0,1525.0,1525.0,1526.0
0.0,17235.0,4621.0,4576.0,1188.0,4502.0,1512.0,1512.0,1478.0,1525.0,1525.0,1526.0,1540.0,1540.0,1541.0,5735.0,5735.0,5765.0,1512.0,1512.0,1478.0,1525.0,1525.0,1526.0
0.0,13802.0,4588.0,4575.0,1069.0,8017.0,2676.0,2676.0,2665.0,1525.0,1525.0,1525.0,1529.0,1529.0,1530.0,4588.0,4588.0,4626.0,2676.0,2676.0,2665.0,1525.0,1525.0,1525.0
0.0,10283.0,4672.0,4578.0,4502.0,8199.0,2725.0,2725.0,2749.0,1526.0,1526.0,1526.0,1557.0,1557.0,1558.0,3424.0,3424.0,3435.0,2725.0,2725.0,2749.0,1526.0,1526.0,1526.0
0.0,10113.0,4663.0,4581.0,8017.0,4857.0,1607.0,1607.0,1643.0,1527.0,1527.0,1527.0,1554.0,1554.0,1555.0,3379.0,3379.0,3355.0,1607.0,1607.0,1643.0,1527.0,1527.0,1527.0
0.0,13467.0,4522.0,4578.0,8199.0,1168.0,385.0,385.0,398.0,1526.0,1526.0,1526.0,1507.0,1507.0,1508.0,4501.0,4501.0,4465.0,385.0,385.0,398.0,1526.0,1526.0,1526.0
0.0,17144.0,4645.0,4579.0,4857.0,960.0,326.0,326.0,308.0,1526.0,1526.0,1527.0,1548.0,1548.0,1549.0,5719.0,5719.0,5706.0,326.0,326.0,308.0,1526.0,1526.0,1527.0
0.0,17356.0,4561.0,4576.0,1168.0,4341.0,1457.0,1457.0,1427.0,1525.0,1525.0,1526.0,1520.0,1520.0,1521.0,5778.0,5778.0,5800.0,1457.0,1457.0,1427.0,1525.0,1525.0,1526.0
0.0,13963.0,4590.0,4575.0,960.0,7967.0,2661.0,2661.0,2645.0,1525.0,1525.0,1525.0,1530.0,1530.0,1530.0,4643.0,4643.0,4677.0,2661.0,2661.0,2645.0,1525.0,1525.0,1525.0
0.0,10333.0,4621.0,4576.0,4341.0,8251.0,2744.0,2744.0,2763.0,1525.0,1525.0,1526.0,1540.0,1540.0,1541.0,3439.0,3439.0,3455.0,2744.0,2744.0,2763.0,1525.0,1525.0,1526.0
0.0,10053.0,4534.0,4576.0,7967.0,4818.0,1594.0,1594.0,1630.0,1525.0,1525.0,1526.0,1511.0,1511.0,1512.0,3356.0,3356.0,3341.0,1594.0,1594.0,1630.0,1525.0,1525.0,1526.0
0.0,13486.0,4747.0,4579.0,8251.0,1326.0,436.0,436.0,454.0,1526.0,1526.0,1527.0,1582.0,1582.0,1583.0,4506.0,4506.0,4474.0,436.0,436.0,454.0,1526.0,1526.0,1527.0
0.0,16990.0,4603.0,4579.0,4818.0,1111.0,376.0,376.0,359.0,1526.0,1526.0,1527.0,1534.0,1534.0,1535.0,5668.0,5668.0,5654.0,376.0,376.0,359.0,1526.0,1526.0,1527.0
0.0,17205.0,4690.0,4582.0,1326.0,4487.0,1507.0,1507.0,1473.0,1527.0,1527.0,1528.0,1563.0,1563.0,1564.0,5728.0,5728.0,5749.0,1507.0,1507.0,1473.0,1527.0,1527.0,1528.0
0.0,13841.0,4603.0,4582.0,1111.0,7979.0,2665.0,2665.0,2649.0,1527.0,1527.0,1528.0,1534.0,1534.0,1535.0,4601.0,4601.0,4639.0,2665.0,2665.0,2649.0,1527.0,1527.0,1528.0
0.0,10349.0,4705.0,4585.0,4487.0,8209.0,2730.0,2730.0,2749.0,1528.0,1528.0,1529.0,1568.0,1568.0,1569.0,3443.0,3443.0,3463.0,2730.0,2730.0,2749.0,1528.0,1528.0,1529.0
0.0,10131.0,4671.0,4585.0,7979.0,4901.0,1622.0,1622.0,1657.0,1528.0,1528.0,1529.0,1557.0,1557.0,1557.0,3382.0,3382.0,3367.0,1622.0,1622.0,1657.0,1528.0,1528.0,1529.0
0.0,13439.0,4774.0,4588.0,8209.0,1478.0,487.0,487.0,504.0,1529.0,1529.0,1530.0,1591.0,1591.0,1592.0,4490.0,4490.0,4459.0,487.0,487.0,504.0,1529.0,1529.0,1530.0
0.0,16874.0,4696.0,4590.0,4901.0,1281.0,434.0,434.0,413.0,1530.0,1530.0,1530.0,1565.0,1565.0,1566.0,5629.0,5629.0,5616.0,434.0,434.0,413.0,1530.0,1530.0,1530.0
0.0,17079.0,4656.0,4591.0,1478.0,4463.0,1499.0,1499.0,1465.0,1530.0,1530.0,1531.0,1552.0,1552.0,1552.0,5686.0,5686.0,5707.0,1499.0,1499.0,1465.0,1530.0,1530.0,1531.0
0.0,13901.0,4680.0,4591.0,1281.0,7862.0,2625.0,2625.0,2612.0,1530.0,1530.0,1531.0,1560.0,1560.0,1560.0,4621.0,4621.0,4659.0,2625.0,2625.0,2612.0,1530.0,1530.0,1531.0
0.0,10502.0,4734.0,4594.0,4463.0,8145.0,2708.0,2708.0,2729.0,1531.0,1531.0,1532.0,1578.0,1578.0,1578.0,3495.0,3495.0,3512.0,2708.0,2708.0,2729.0,1531.0,1531.0,1532.0
0.0,10231.0,4659.0,4594.0,7862.0,4942.0,1636.0,1636.0,1670.0,1531.0,1531.0,1532.0,1553.0,1553.0,1553.0,3416.0,3416.0,3399.0,1636.0,1636.0,1670.0,1531.0,1531.0,1532.0
0.0,13434.0,4711.0,4599.0,8145.0,1528.0,506.0,506.0,516.0,1533.0,1533.0,1533.0,1570.0,1570.0,1571.0,4488.0,4488.0,4458.0,506.0,506.0,516.0,1533.0,1533.0,1533.0
0.0,16868.0,4672.0,4600.0,4942.0,1262.0,427.0,427.0,408.0,1533.0,1533.0,1534.0,1557.0,1557.0,1558.0,5626.0,5626.0,5616.0,427.0,427.0,408.0,1533.0,1533.0,1534.0
0.0,17138.0,4699.0,4603.0,1528.0,4445.0,1491.0,1491.0,1463.0,1534.0,1534.0,1535.0,1566.0,1566.0,1567.0,5705.0,5705.0,5728.0,1491.0,1491.0,1463.0,1534.0,1534.0,1535.0
0.0,13967.0,4753.0,4606.0,1262.0,7948.0,2652.0,2652.0,2644.0,1535.0,1535.0,1536.0,1584.0,1584.0,1585.0,4645.0,4645.0,4677.0,2652.0,2652.0,2644.0,1535.0,1535.0,1536.0
0.0,10476.0,4696.0,4609.0,4445.0,8211.0,2730.0,2730.0,2751.0,1536.0,1536.0,1537.0,1565.0,1565.0,1566.0,3488.0,3488.0,3500.0,2730.0,2730.0,2751.0,1536.0,1536.0,1537.0
0.0,10225.0,4710.0,4609.0,7948.0,4973.0,1648.0,1648.0,1677.0,1536.0,1536.0,1537.0,1570.0,1570.0,1570.0,3414.0,3414.0,3397.0,1648.0,1648.0,1677.0,1536.0,1536.0,1537.0
0.0,13463.0,4750.0,4615.0,8211.0,1536.0,509.0,509.0,518.0,1538.0,1538.0,1539.0,1583.0,1583.0,1584.0,4496.0,4496.0,4471.0,509.0,509.0,518.0,1538.0,1538.0,1539.0
0.0,16924.0,4717.0,4618.0,4973.0,1292.0,437.0,437.0,418.0,1539.0,1539.0,1540.0,1572.0,1572.0,1573.0,5643.0,5643.0,5638.0,437.0,437.0,418.0,1539.0,1539.0,1540.0
0.0,17180.0,4609.0,4620.0,1536.0,4373.0,1468.0,1468.0,1437.0,1540.0,1540.0,1540.0,1536.0,1536.0,1537.0,5719.0,5719.0,5742.0,1468.0,1468.0,1437.0,1540.0,1540.0,1540.0
0.0,14107.0,4533.0,4621.0,1292.0,7618.0,2542.0,2542.0,2534.0,1540.0,1540.0,1541.0,1511.0,1511.0,1511.0,4692.0,4692.0,4723.0,2542.0,2542.0,2534.0,1540.0,1540.0,1541.0
0.0,10866.0,4546.0,4621.0,4373.0,7791.0,2589.0,2589.0,2613.0,1540.0,1540.0,1541.0,1515.0,1515.0,1516.0,3618.0,3618.0,3630.0,2589.0,2589.0,2613.0,1540.0,1540.0,1541.0
0.0,10693.0,4621.0,4621.0,7618.0,4794.0,1587.0,1587.0,1620.0,1540.0,1540.0,1541.0,1540.0,1540.0,1541.0,3571.0,3571.0,3551.0,1587.0,1587.0,1620.0,1540.0,1540.0,1541.0
0.0,13690.0,4690.0,4624.0,7791.0,1705.0,565.0,565.0,575.0,1541.0,1541.0,1542.0,1563.0,1563.0,1564.0,4573.0,4573.0,4544.0,565.0,565.0,575.0,1541.0,1541.0,1542.0
0.0,16791.0,4647.0,4627.0,4794.0,1570.0,531.0,531.0,508.0,1542.0,1542.0,1543.0,1549.0,1549.0,1549.0,5599.0,5599.0,5593.0,531.0,531.0,508.0,1542.0,1542.0,1543.0
0.0,16938.0,4567.0,4627.0,1705.0,4432.0,1488.0,1488.0,1456.0,1542.0,1542.0,1543.0,1522.0,1522.0,1523.0,5637.0,5637.0,5664.0,1488.0,1488.0,1456.0,1542.0,1542.0,1543.0
0.0,14076.0,4680.0,4630.0,1570.0,7554.0,2521.0,2521.0,2512.0,1543.0,1543.0,1544.0,1560.0,1560.0,1560.0,4680.0,4680.0,4716.0,2521.0,2521.0,2512.0,1543.0,1543.0,1544.0
0.0,10966.0,4729.0,4633.0,4432.0,7863.0,2613.0,2613.0,2637.0,1544.0,1544.0,1545.0,1576.0,1576.0,1577.0,3651.0,3651.0,3664.0,2613.0,2613.0,2637.0,1544.0,1544.0,1545.0
0.0,10669.0,4708.0,4638.0,7554.0,5037.0,1669.0,1669.0,1699.0,1546.0,1546.0,1546.0,1569.0,1569.0,1570.0,3563.0,3563.0,3543.0,1669.0,1669.0,1699.0,1546.0,1546.0,1546.0
0.0,13515.0,4620.0,4641.0,7863.0,1806.0,600.0,600.0,606.0,1547.0,1547.0,1547.0,1540.0,1540.0,1540.0,4515.0,4515.0,4485.0,600.0,600.0,606.0,1547.0,1547.0,1547.0
0.0,16758.0,4597.0,4644.0,5037.0,1378.0,467.0,467.0,444.0,1548.0,1548.0,1548.0,1532.0,1532.0,1533.0,5588.0,5588.0,5582.0,467.0,467.0,444.0,1548.0,1548.0,1548.0
0.0,17198.0,4599.0,4642.0,1806.0,4163.0,1396.0,1396.0,1371.0,1547.0,1547.0,1548.0,1533.0,1533.0,1533.0,5725.0,5725.0,5748.0,1396.0,1396.0,1371.0,1547.0,1547.0,1548.0
0.0,14405.0,4740.0,4647.0,1378.0,7545.0,2517.0,2517.0,2511.0,1549.0,1549.0,1549.0,1580.0,1580.0,1580.0,4792.0,4792.0,4821.0,2517.0,2517.0,2511.0,1549.0,1549.0,1549.0
0.0,11043.0,4609.0,4648.0,4163.0,7995.0,2657.0,2657.0,2681.0,1549.0,1549.0,1550.0,1536.0,1536.0,1537.0,3679.0,3679.0,3685.0,2657.0,2657.0,2681.0,1549.0,1549.0,1550.0
0.0,10597.0,4747.0,4651.0,7545.0,5209.0,1726.0,1726.0,1757.0,1550.0,1550.0,1551.0,1582.0,1582.0,1583.0,3539.0,3539.0,3519.0,1726.0,1726.0,1757.0,1550.0,1550.0,1551.0
0.0,13395.0,4666.0,4651.0,7995.0,1880.0,624.0,624.0,632.0,1550.0,1550.0,1551.0,1555.0,1555.0,1556.0,4474.0,4474.0,4447.0,624.0,624.0,632.0,1550.0,1550.0,1551.0
0.0,16724.0,4687.0,4654.0,5209.0,1370.0,464.0,464.0,442.0,1551.0,1551.0,1552.0,1562.0,1562.0,1563.0,5576.0,5576.0,5572.0,464.0,464.0,442.0,1551.0,1551.0,1552.0
0.0,17246.0,4708.0,4656.0,1880.0,4206.0,1413.0,1413.0,1380.0,1552.0,1552.0,1552.0,1569.0,1569.0,1570.0,5740.0,5740.0,5766.0,1413.0,1413.0,1380.0,1552.0,1552.0,1552.0
0.0,14418.0,4645.0,4657.0,1370.0,7485.0,2497.0,2497.0,2491.0,1552.0,1552.0,1553.0,1548.0,1548.0,1549.0,4795.0,4795.0,4828.0,2497.0,2497.0,2491.0,1552.0,1552.0,1553.0
0.0,11143.0,4669.0,4659.0,4206.0,7956.0,2644.0,2644.0,2668.0,1553.0,1553.0,1553.0,1556.0,1556.0,1557.0,3711.0,3711.0,3721.0,2644.0,2644.0,2668.0,1553.0,1553.0,1553.0
0.0,10680.0,4546.0,4656.0,7485.0,5005.0,1658.0,1658.0,1689.0,1552.0,1552.0,1552.0,1515.0,1515.0,1516.0,3568.0,3568.0,3544.0,1658.0,1658.0,1689.0,1552.0,1552.0,1552.0
0.0,13619.0,4657.0,4657.0,7956.0,1710.0,566.0,566.0,578.0,1552.0,1552.0,1553.0,1552.0,1552.0,1553.0,4550.0,4550.0,4519.0,566.0,566.0,578.0,1552.0,1552.0,1553.0
0.0,16918.0,4620.0,4657.0,5005.0,1325.0,448.0,448.0,429.0,1552.0,1552.0,1553.0,1540.0,1540.0,1540.0,5642.0,5642.0,5634.0,448.0,448.0,429.0,1552.0,1552.0,1553.0
0.0,17303.0,4693.0,4657.0,1710.0,4308.0,1446.0,1446.0,1416.0,1552.0,1552.0,1553.0,1564.0,1564.0,1565.0,5760.0,5760.0,5783.0,1446.0,1446.0,1416.0,1552.0,1552.0,1553.0
0.0,14320.0,4599.0,4657.0,1325.0,7582.0,2531.0,2531.0,2520.0,1552.0,1552.0,1553.0,1533.0,1533.0,1533.0,4762.0,4762.0,4796.0,2531.0,2531.0,2520.0,1552.0,1552.0,1553.0
0.0,11046.0,4747.0,4660.0,4308.0,8033.0,2671.0,2671.0,2691.0,1553.0,1553.0,1554.0,1582.0,1582.0,1583.0,3677.0,3677.0,3692.0,2671.0,2671.0,2691.0,1553.0,1553.0,1554.0
0.0,10607.0,4713.0,4662.0,7582.0,5172.0,1715.0,1715.0,1742.0,1554.0,1554.0,1554.0,1571.0,1571.0,1571.0,3541.0,3541.0,3525.0,1715.0,1715.0,1742.0,1554.0,1554.0,1554.0
0.0,13476.0,4582.0,4663.0,8033.0,1725.0,571.0,571.0,583.0,1554.0,1554.0,1555.0,1527.0,1527.0,1528.0,4501.0,4501.0,4474.0,571.0,571.0,583.0,1554.0,1554.0,1555.0
0.0,16927.0,4674.0,4663.0,5172.0,1227.0,414.0,414.0,399.0,1554.0,1554.0,1555.0,1558.0,1558.0,1558.0,5645.0,5645.0,5637.0,414.0,414.0,399.0,1554.0,1554.0,1555.0
0.0,17425.0,4720.0,4666.0,1725.0,4234.0,1420.0,1420.0,1394.0,1555.0,1555.0,1556.0,1573.0,1573.0,1574.0,5802.0,5802.0,5821.0,1420.0,1420.0,1394.0,1555.0,1555.0,1556.0
0.0,14430.0,4726.0,4669.0,1227.0,7745.0,2585.0,2585.0,2575.0,1556.0,1556.0,1557.0,1575.0,1575.0,1576.0,4800.0,4800.0,4830.0,2585.0,2585.0,2575.0,1556.0,1556.0,1557.0
0.0,10931.0,4836.0,4672.0,4234.0,8359.0,2781.0,2781.0,2797.0,1557.0,1557.0,1558.0,1612.0,1612.0,1612.0,3639.0,3639.0,3653.0,2781.0,2781.0,2797.0,1557.0,1557.0,1558.0
0.0,10329.0,4624.0,4672.0,7745.0,5238.0,1737.0,1737.0,1764.0,1557.0,1557.0,1558.0,1541.0,1541.0,1542.0,3447.0,3447.0,3435.0,1737.0,1737.0,1764.0,1557.0,1557.0,1558.0
0.0,13450.0,4666.0,4672.0,8359.0,1545.0,511.0,511.0,523.0,1557.0,1557.0,1558.0,1555.0,1555.0,1556.0,4491.0,4491.0,4468.0,511.0,511.0,523.0,1557.0,1557.0,1558.0
0.0,17143.0,4650.0,4672.0,5238.0,957.0,324.0,324.0,309.0,1557.0,1557.0,1558.0,1550.0,1550.0,1550.0,5717.0,5717.0,5709.0,324.0,324.0,309.0,1557.0,1557.0,1558.0
0.0,17731.0,4753.0,4672.0,1545.0,4165.0,1397.0,1397.0,1371.0,1557.0,1557.0,1558.0,1584.0,1584.0,1585.0,5904.0,5904.0,5923.0,1397.0,1397.0,1371.0,1557.0,1557.0,1558.0
0.0,14523.0,4669.0,4672.0,957.0,7877.0,2629.0,2629.0,2619.0,1557.0,1557.0,1558.0,1556.0,1556.0,1557.0,4831.0,4831.0,4861.0,2629.0,2629.0,2619.0,1557.0,1557.0,1558.0
0.0,10811.0,4834.0,4675.0,4165.0,8558.0,2847.0,2847.0,2864.0,1558.0,1558.0,1559.0,1611.0,1611.0,1612.0,3599.0,3599.0,3613.0,2847.0,2847.0,2864.0,1558.0,1558.0,1559.0
0.0,10142.0,4672.0,4674.0,7877.0,5349.0,1775.0,1775.0,1799.0,1558.0,1558.0,1558.0,1557.0,1557.0,1558.0,3385.0,3385.0,3372.0,1775.0,1775.0,1799.0,1558.0,1558.0,1558.0
0.0,13347.0,4704.0,4675.0,8558.0,1499.0,496.0,496.0,507.0,1558.0,1558.0,1559.0,1568.0,1568.0,1568.0,4457.0,4457.0,4433.0,496.0,496.0,507.0,1558.0,1558.0,1559.0
0.0,17201.0,4788.0,4677.0,5349.0,946.0,321.0,321.0,304.0,1559.0,1559.0,1559.0,1596.0,1596.0,1596.0,5736.0,5736.0,5729.0,321.0,321.0,304.0,1559.0,1559.0,1559.0
0.0,17762.0,4813.0,4678.0,1499.0,4264.0,1429.0,1429.0,1406.0,1559.0,1559.0,1560.0,1604.0,1604.0,1605.0,5915.0,5915.0,5932.0,1429.0,1429.0,1406.0,1559.0,1559.0,1560.0
0.0,14448.0,4861.0,4681.0,946.0,8191.0,2732.0,2732.0,2727.0,1560.0,1560.0,1561.0,1620.0,1620.0,1621.0,4807.0,4807.0,4834.0,2732.0,2732.0,2727.0,1560.0,1560.0,1561.0
0.0,10533.0,4785.0,4684.0,4264.0,8724.0,2902.0,2902.0,2920.0,1561.0,1561.0,1562.0,1595.0,1595.0,1595.0,3508.0,3508.0,3517.0,2902.0,2902.0,2920.0,1561.0,1561.0,1562.0
0.0,10012.0,4837.0,4687.0,8191.0,5382.0,1786.0,1786.0,1810.0,1562.0,1562.0,1563.0,1612.0,1612.0,1613.0,3342.0,3342.0,3328.0,1786.0,1786.0,1810.0,1562.0,1562.0,1563.0
0.0,13366.0,4641.0,4686.0,8724.0,1295.0,431.0,431.0,433.0,1562.0,1562.0,1562.0,1547.0,1547.0,1547.0,4462.0,4462.0,4442.0,431.0,431.0,433.0,1562.0,1562.0,1562.0
0.0,17449.0,4747.0,4686.0,5382.0,660.0,227.0,227.0,206.0,1562.0,1562.0,1562.0,1582.0,1582.0,1583.0,5817.0,5817.0,5815.0,227.0,227.0,206.0,1562.0,1562.0,1562.0
0.0,18084.0,4801.0,4687.0,1295.0,4170.0,1396.0,1396.0,1378.0,1562.0,1562.0,1563.0,1600.0,1600.0,1601.0,6021.0,6021.0,6042.0,1396.0,1396.0,1378.0,1562.0,1562.0,1563.0
0.0,14578.0,4659.0,4687.0,660.0,8169.0,2722.0,2722.0,2725.0,1562.0,1562.0,1563.0,1553.0,1553.0,1553.0,4852.0,4852.0,4874.0,2722.0,2722.0,2725.0,1562.0,1562.0,1563.0
0.0,10579.0,4825.0,4687.0,4170.0,8824.0,2934.0,2934.0,2956.0,1562.0,1562.0,1563.0,1608.0,1608.0,1609.0,3526.0,3526.0,3527.0,2934.0,2934.0,2956.0,1562.0,1562.0,1563.0
0.0,9924.0,4641.0,4687.0,8169.0,5296.0,1759.0,1759.0,1778.0,1562.0,1562.0,1563.0,1547.0,1547.0,1547.0,3314.0,3314.0,3296.0,1759.0,1759.0,1778.0,1562.0,1562.0,1563.0
0.0,13452.0,4830.0,4690.0,8824.0,1314.0,439.0,439.0,436.0,1563.0,1563.0,1564.0,1610.0,1610.0,1610.0,4489.0,4489.0,4474.0,439.0,439.0,436.0,1563.0,1563.0,1564.0
0.0,17446.0,4851.0,4696.0,5296.0,893.0,305.0,305.0,283.0,1565.0,1565.0,1566.0,1617.0,1617.0,1617.0,5813.0,5813.0,5820.0,305.0,305.0,283.0,1565.0,1565.0,1566.0
0.0,17891.0,4671.0,4699.0,1314.0,4262.0,1427.0,1427.0,1408.0,1566.0,1566.0,1567.0,1557.0,1557.0,1557.0,5955.0,5955.0,5981.0,1427.0,1427.0,1408.0,1566.0,1566.0,1567.0
0.0,14534.0,4729.0,4702.0,893.0,8110.0,2702.0,2702.0,2706.0,1567.0,1567.0,1568.0,1576.0,1576.0,1577.0,4837.0,4837.0,4860.0,2702.0,2702.0,2706.0,1567.0,1567.0,1568.0
0.0,10698.0,4665.0,4701.0,4262.0,8509.0,2830.0,2830.0,2849.0,1567.0,1567.0,1567.0,1555.0,1555.0,1555.0,3566.0,3566.0,3566.0,2830.0,2830.0,2849.0,1567.0,1567.0,1567.0
0.0,10295.0,4639.0,4701.0,8110.0,5038.0,1674.0,1674.0,1690.0,1567.0,1567.0,1567.0,1546.0,1546.0,1547.0,3438.0,3438.0,3419.0,1674.0,1674.0,1690.0,1567.0,1567.0,1567.0
0.0,13766.0,4744.0,4704.0,8509.0,1285.0,429.0,429.0,427.0,1568.0,1568.0,1568.0,1581.0,1581.0,1582.0,4594.0,4594.0,4578.0,429.0,429.0,427.0,1568.0,1568.0,1568.0
0.0,17531.0,4825.0,4707.0,5038.0,1084.0,367.0,367.0,350.0,1569.0,1569.0,1569.0,1608.0,1608.0,1609.0,5843.0,5843.0,5845.0,367.0,367.0,350.0,1569.0,1569.0,1569.0
0.0,17744.0,4740.0,4707.0,1285.0,4539.0,1518.0,1518.0,1503.0,1569.0,1569.0,1569.0,1580.0,1580.0,1580.0,5909.0,5909.0,5926.0,1518.0,1518.0,1503.0,1569.0,1569.0,1569.0
0.0,14289.0,4786.0,4708.0,1084.0,8245.0,2746.0,2746.0,2753.0,1569.0,1569.0,1570.0,1595.0,1595.0,1596.0,4758.0,4758.0,4773.0,2746.0,2746.0,2753.0,1569.0,1569.0,1570.0
0.0,10587.0,4788.0,4711.0,4539.0,8506.0,2828.0,2828.0,2850.0,1570.0,1570.0,1571.0,1596.0,1596.0,1596.0,3530.0,3530.0,3527.0,2828.0,2828.0,2850.0,1570.0,1570.0,1571.0
0.0,10338.0,4635.0,4713.0,8245.0,4904.0,1631.0,1631.0,1642.0,1571.0,1571.0,1571.0,1545.0,1545.0,1545.0,3452.0,3452.0,3434.0,1631.0,1631.0,1642.0,1571.0,1571.0,1571.0
0.0,13948.0,4669.0,4714.0,8506.0,1071.0,359.0,359.0,353.0,1571.0,1571.0,1572.0,1556.0,1556.0,1557.0,4653.0,4653.0,4642.0,359.0,359.0,353.0,1571.0,1571.0,1572.0
0.0,17785.0,4794.0,4714.0,4904.0,961.0,326.0,326.0,309.0,1571.0,1571.0,1572.0,1598.0,1598.0,1598.0,5925.0,5925.0,5935.0,326.0,326.0,309.0,1571.0,1571.0,1572.0
0.0,17895.0,4570.0,4714.0,1071.0,4460.0,1490.0,1490.0,1480.0,1571.0,1571.0,1572.0,1523.0,1523.0,1524.0,5958.0,5958.0,5979.0,1490.0,1490.0,1480.0,1571.0,1571.0,1572.0
0.0,14396.0,4747.0,4714.0,961.0,8246.0,2746.0,2746.0,2754.0,1571.0,1571.0,1572.0,1582.0,1582.0,1583.0,4794.0,4794.0,4808.0,2746.0,2746.0,2754.0,1571.0,1571.0,1572.0
0.0,10610.0,4795.0,4717.0,4460.0,8593.0,2858.0,2858.0,2877.0,1572.0,1572.0,1573.0,1598.0,1598.0,1599.0,3538.0,3538.0,3534.0,2858.0,2858.0,2877.0,1572.0,1572.0,1573.0
0.0,10275.0,4639.0,4716.0,8246.0,4982.0,1658.0,1658.0,1666.0,1572.0,1572.0,1572.0,1546.0,1546.0,1547.0,3430.0,3430.0,3415.0,1658.0,1658.0,1666.0,1572.0,1572.0,1572.0
0.0,13882.0,4842.0,4719.0,8593.0,1243.0,418.0,418.0,407.0,1573.0,1573.0,1573.0,1614.0,1614.0,1614.0,4630.0,4630.0,4622.0,418.0,418.0,407.0,1573.0,1573.0,1573.0
0.0,17633.0,4750.0,4720.0,4982.0,1015.0,343.0,343.0,329.0,1573.0,1573.0,1574.0,1583.0,1583.0,1584.0,5874.0,5874.0,5885.0,343.0,343.0,329.0,1573.0,1573.0,1574.0
0.0,17865.0,4636.0,4720.0,1243.0,4408.0,1470.0,1470.0,1468.0,1573.0,1573.0,1574.0,1545.0,1545.0,1546.0,5949.0,5949.0,5967.0,1470.0,1470.0,1468.0,1573.0,1573.0,1574.0
0.0,14472.0,4729.0,4723.0,1015.0,8134.0,2707.0,2707.0,2720.0,1574.0,1574.0,1575.0,1576.0,1576.0,1577.0,4822.0,4822.0,4828.0,2707.0,2707.0,2720.0,1574.0,1574.0,1575.0
0.0,10758.0,4741.0,4725.0,4408.0,8475.0,2821.0,2821.0,2833.0,1575.0,1575.0,1575.0,1580.0,1580.0,1581.0,3589.0,3589.0,3580.0,2821.0,2821.0,2833.0,1575.0,1575.0,1575.0
0.0,10425.0,4828.0,4729.0,8134.0,5185.0,1727.0,1727.0,1731.0,1576.0,1576.0,1577.0,1609.0,1609.0,1610.0,3479.0,3479.0,3467.0,1727.0,1727.0,1731.0,1576.0,1576.0,1577.0
0.0,13731.0,4767.0,4731.0,8475.0,1485.0,499.0,499.0,487.0,1577.0,1577.0,1577.0,1589.0,1589.0,1589.0,4577.0,4577.0,4577.0,499.0,499.0,487.0,1577.0,1577.0,1577.0
0.0,17439.0,4849.0,4735.0,5185.0,1165.0,392.0,392.0,381.0,1578.0,1578.0,1579.0,1616.0,1616.0,1617.0,5809.0,5809.0,5821.0,392.0,392.0,381.0,1578.0,1578.0,1579.0
0.0,17775.0,4738.0,4735.0,1485.0,4418.0,1472.0,1472.0,1474.0,1578.0,1578.0,1579.0,1579.0,1579.0,1580.0,5920.0,5920.0,5935.0,1472.0,1472.0,1474.0,1578.0,1578.0,1579.0
0.0,14522.0,4741.0,4735.0,1165.0,7994.0,2660.0,2660.0,2674.0,1578.0,1578.0,1579.0,1580.0,1580.0,1581.0,4840.0,4840.0,4842.0,2660.0,2660.0,2674.0,1578.0,1578.0,1579.0
0.0,10946.0,4963.0,4743.0,4418.0,8571.0,2854.0,2854.0,2863.0,1581.0,1581.0,1581.0,1654.0,1654.0,1655.0,3652.0,3652.0,3642.0,2854.0,2854.0,2863.0,1581.0,1581.0,1581.0
0.0,10401.0,4848.0,4746.0,7994.0,5437.0,1814.0,1814.0,1809.0,1582.0,1582.0,1582.0,1616.0,1616.0,1616.0,3470.0,3470.0,3461.0,1814.0,1814.0,1809.0,1582.0,1582.0,1582.0
0.0,13547.0,4987.0,4752.0,8571.0,1877.0,630.0,630.0,617.0,1584.0,1584.0,1584.0,1662.0,1662.0,1663.0,4514.0,4514.0,4519.0,630.0,630.0,617.0,1584.0,1584.0,1584.0
0.0,17131.0,4819.0,4753.0,5437.0,1263.0,422.0,422.0,419.0,1584.0,1584.0,1585.0,1606.0,1606.0,1607.0,5706.0,5706.0,5719.0,422.0,422.0,419.0,1584.0,1584.0,1585.0
0.0,17749.0,4915.0,4755.0,1877.0,4309.0,1434.0,1434.0,1441.0,1585.0,1585.0,1585.0,1638.0,1638.0,1639.0,5914.0,5914.0,5921.0,1434.0,1434.0,1441.0,1585.0,1585.0,1585.0
0.0,14711.0,4714.0,4756.0,1263.0,7764.0,2583.0,2583.0,2598.0,1585.0,1585.0,1586.0,1571.0,1571.0,1572.0,4906.0,4906.0,4899.0,2583.0,2583.0,2598.0,1585.0,1585.0,1586.0
0.0,11260.0,4801.0,4759.0,4309.0,8268.0,2753.0,2753.0,2762.0,1586.0,1586.0,1587.0,1600.0,1600.0,1601.0,3757.0,3757.0,3746.0,2753.0,2753.0,2762.0,1586.0,1586.0,1587.0
0.0,10768.0,4893.0,4764.0,7764.0,5417.0,1809.0,1809.0,1799.0,1588.0,1588.0,1588.0,1631.0,1631.0,1631.0,3591.0,3591.0,3586.0,1809.0,1809.0,1799.0,1588.0,1588.0,1588.0
0.0,13639.0,4771.0,4764.0,8268.0,1920.0,646.0,646.0,628.0,1588.0,1588.0,1588.0,1590.0,1590.0,1591.0,4543.0,4543.0,4553.0,646.0,646.0,628.0,1588.0,1588.0,1588.0
0.0,17136.0,4761.0,4765.0,5417.0,1268.0,424.0,424.0,420.0,1588.0,1588.0,1589.0,1587.0,1587.0,1587.0,5706.0,5706.0,5724.0,424.0,424.0,420.0,1588.0,1588.0,1589.0
0.0,17792.0,4939.0,4768.0,1920.0,4299.0,1428.0,1428.0,1443.0,1589.0,1589.0,1590.0,1646.0,1646.0,1647.0,5928.0,5928.0,5936.0,1428.0,1428.0,1443.0,1589.0,1589.0,1590.0
0.0,14773.0,4795.0,4770.0,1268.0,7834.0,2606.0,2606.0,2622.0,1590.0,1590.0,1590.0,1598.0,1598.0,1599.0,4928.0,4928.0,4917.0,2606.0,2606.0,2622.0,1590.0,1590.0,1590.0
0.0,11246.0,4819.0,4773.0,4299.0,8366.0,2788.0,2788.0,2790.0,1591.0,1591.0,1591.0,1606.0,1606.0,1607.0,3754.0,3754.0,3738.0,2788.0,2788.0,2790.0,1591.0,1591.0,1591.0
0.0,10726.0,4807.0,4773.0,7834.0,5339.0,1784.0,1784.0,1771.0,1591.0,1591.0,1591.0,1602.0,1602.0,1603.0,3576.0,3576.0,3574.0,1784.0,1784.0,1771.0,1591.0,1591.0,1591.0
0.0,13753.0,4732.0,4771.0,8366.0,1697.0,569.0,569.0,559.0,1590.0,1590.0,1591.0,1577.0,1577.0,1578.0,4580.0,4580.0,4593.0,569.0,569.0,559.0,1590.0,1590.0,1591.0
0.0,17387.0,4821.0,4771.0,5339.0,1179.0,392.0,392.0,395.0,1590.0,1590.0,1591.0,1607.0,1607.0,1607.0,5791.0,5791.0,5805.0,392.0,392.0,395.0,1590.0,1590.0,1591.0
0.0,17905.0,4837.0,4771.0,1697.0,4319.0,1435.0,1435.0,1449.0,1590.0,1590.0,1591.0,1612.0,1612.0,1613.0,5968.0,5968.0,5969.0,1435.0,1435.0,1449.0,1590.0,1590.0,1591.0
0.0,14765.0,4872.0,4771.0,1179.0,8012.0,2667.0,2667.0,2678.0,1590.0,1590.0,1591.0,1624.0,1624.0,1624.0,4925.0,4925.0,4915.0,2667.0,2667.0,2678.0,1590.0,1590.0,1591.0
0.0,11072.0,4800.0,4774.0,4319.0,8505.0,2836.0,2836.0,2833.0,1591.0,1591.0,1592.0,1600.0,1600.0,1600.0,3693.0,3693.0,3686.0,2836.0,2836.0,2833.0,1591.0,1591.0,1592.0
0.0,10591.0,4843.0,4777.0,8012.0,5348.0,1787.0,1787.0,1774.0,1592.0,1592.0,1593.0,1614.0,1614.0,1615.0,3528.0,3528.0,3535.0,1787.0,1787.0,1774.0,1592.0,1592.0,1593.0
0.0,13760.0,4779.0,4777.0,8505.0,1622.0,544.0,544.0,534.0,1592.0,1592.0,1593.0,1593.0,1593.0,1593.0,4581.0,4581.0,4598.0,544.0,544.0,534.0,1592.0,1592.0,1593.0
0.0,17486.0,4996.0,4783.0,5348.0,1294.0,430.0,430.0,434.0,1594.0,1594.0,1595.0,1665.0,1665.0,1666.0,5824.0,5824.0,5838.0,430.0,430.0,434.0,1594.0,1594.0,1595.0
0.0,17838.0,4795.0,4783.0,1622.0,4467.0,1484.0,1484.0,1499.0,1594.0,1594.0,1595.0,1598.0,1598.0,1599.0,5946.0,5946.0,5946.0,1484.0,1484.0,1499.0,1594.0,1594.0,1595.0
0.0,14665.0,4951.0,4789.0,1294.0,8148.0,2712.0,2712.0,2724.0,1596.0,1596.0,1597.0,1650.0,1650.0,1651.0,4892.0,4892.0,4881.0,2712.0,2712.0,2724.0,1596.0,1596.0,1597.0
0.0,11008.0,4828.0,4789.0,4467.0,8509.0,2837.0,2837.0,2835.0,1596.0,1596.0,1597.0,1609.0,1609.0,1610.0,3672.0,3672.0,3664.0,2837.0,2837.0,2835.0,1596.0,1596.0,1597.0
0.0,10647.0,4725.0,4786.0,8148.0,5074.0,1696.0,1696.0,1682.0,1595.0,1595.0,1596.0,1575.0,1575.0,1575.0,3547.0,3547.0,3553.0,1696.0,1696.0,1682.0,1595.0,1595.0,1596.0
0.0,14070.0,4900.0,4791.0,8509.0,1485.0,500.0,500.0,485.0,1597.0,1597.0,1597.0,1633.0,1633.0,1634.0,4684.0,4684.0,4702.0,500.0,500.0,485.0,1597.0,1597.0,1597.0
0.0,17679.0,4885.0,4794.0,5074.0,1308.0,436.0,436.0,436.0,1598.0,1598.0,1598.0,1628.0,1628.0,1629.0,5888.0,5888.0,5903.0,436.0,436.0,436.0,1598.0,1598.0,1598.0
0.0,17868.0,4909.0,4798.0,1485.0,4748.0,1576.0,1576.0,1596.0,1599.0,1599.0,1600.0,1636.0,1636.0,1637.0,5956.0,5956.0,5956.0,1576.0,1576.0,1596.0,1599.0,1599.0,1600.0
0.0,14444.0,4780.0,4801.0,1308.0,8232.0,2737.0,2737.0,2758.0,1600.0,1600.0,1601.0,1593.0,1593.0,1594.0,4820.0,4820.0,4804.0,2737.0,2737.0,2758.0,1600.0,1600.0,1601.0
0.0,10972.0,4810.0,4801.0,4748.0,8294.0,2764.0,2764.0,2766.0,1600.0,1600.0,1601.0,1603.0,1603.0,1604.0,3663.0,3663.0,3646.0,2764.0,2764.0,2766.0,1600.0,1600.0,1601.0
0.0,10910.0,4759.0,4801.0,8232.0,4821.0,1613.0,1613.0,1595.0,1600.0,1600.0,1601.0,1586.0,1586.0,1587.0,3636.0,3636.0,3638.0,1613.0,1613.0,1595.0,1600.0,1600.0,1601.0
0.0,14383.0,4759.0,4801.0,8294.0,1286.0,435.0,435.0,416.0,1600.0,1600.0,1601.0,1586.0,1586.0,1587.0,4787.0,4787.0,4809.0,435.0,435.0,416.0,1600.0,1600.0,1601.0
0.0,17918.0,4651.0,4798.0,4821.0,1104.0,368.0,368.0,368.0,1599.0,1599.0,1600.0,1550.0,1550.0,1551.0,5965.0,5965.0,5988.0,368.0,368.0,368.0,1599.0,1599.0,1600.0
0.0,18088.0,4783.0,4798.0,1286.0,4601.0,1527.0,1527.0,1547.0,1599.0,1599.0,1600.0,1594.0,1594.0,1595.0,6028.0,6028.0,6032.0,1527.0,1527.0,1547.0,1599.0,1599.0,1600.0
0.0,14591.0,4930.0,4804.0,1104.0,8451.0,2810.0,2810.0,2831.0,1601.0,1601.0,1602.0,1643.0,1643.0,1644.0,4869.0,4869.0,4853.0,2810.0,2810.0,2831.0,1601.0,1601.0,1602.0
0.0,10765.0,4753.0,4806.0,4601.0,8611.0,2871.0,2871.0,2869.0,1602.0,1602.0,1602.0,1584.0,1584.0,1585.0,3594.0,3594.0,3577.0,2871.0,2871.0,2869.0,1602.0,1602.0,1602.0
0.0,10613.0,4690.0,4804.0,8451.0,4842.0,1620.0,1620.0,1602.0,1601.0,1601.0,1602.0,1563.0,1563.0,1564.0,3537.0,3537.0,3539.0,1620.0,1620.0,1602.0,1601.0,1601.0,1602.0
0.0,14374.0,4656.0,4806.0,8611.0,895.0,305.0,305.0,285.0,1602.0,1602.0,1602.0,1552.0,1552.0,1552.0,4784.0,4784.0,4806.0,305.0,305.0,285.0,1602.0,1602.0,1602.0
0.0,18329.0,4846.0,4807.0,4842.0,903.0,300.0,300.0,303.0,1602.0,1602.0,1603.0,1615.0,1615.0,1616.0,6103.0,6103.0,6123.0,300.0,300.0,303.0,1602.0,1602.0,1603.0
0.0,18325.0,4732.0,4807.0,895.0,4740.0,1572.0,1572.0,1596.0,1602.0,1602.0,1603.0,1577.0,1577.0,1578.0,6108.0,6108.0,6109.0,1572.0,1572.0,1596.0,1602.0,1602.0,1603.0
0.0,14488.0,4849.0,4810.0,903.0,8698.0,2892.0,2892.0,2914.0,1603.0,1603.0,1604.0,1616.0,1616.0,1617.0,4836.0,4836.0,4816.0,2892.0,2892.0,2914.0,1603.0,1603.0,1604.0
0.0,10542.0,4852.0,4810.0,4740.0,8810.0,2937.0,2937.0,2936.0,1603.0,1603.0,1604.0,1617.0,1617.0,1618.0,3520.0,3520.0,3502.0,2937.0,2937.0,2936.0,1603.0,1603.0,1604.0
0.0,10430.0,4726.0,4810.0,8698.0,4838.0,1620.0,1620.0,1598.0,1603.0,1603.0,1604.0,1575.0,1575.0,1576.0,3475.0,3475.0,3480.0,1620.0,1620.0,1598.0,1603.0,1603.0,1604.0
0.0,14402.0,4762.0,4813.0,8810.0,802.0,274.0,274.0,254.0,1604.0,1604.0,1605.0,1587.0,1587.0,1588.0,4792.0,4792.0,4818.0,274.0,274.0,254.0,1604.0,1604.0,1605.0
0.0,18450.0,4797.0,4813.0,4838.0,761.0,253.0,253.0,255.0,1604.0,1604.0,1605.0,1599.0,1599.0,1599.0,6142.0,6142.0,6166.0,253.0,253.0,255.0,1604.0,1604.0,1605.0
0.0,18491.0,4783.0,4815.0,802.0,4750.0,1577.0,1577.0,1596.0,1605.0,1605.0,1605.0,1594.0,1594.0,1595.0,6163.0,6163.0,6165.0,1577.0,1577.0,1596.0,1605.0,1605.0,1605.0
0.0,14510.0,4744.0,4813.0,761.0,8725.0,2901.0,2901.0,2923.0,1604.0,1604.0,1605.0,1581.0,1581.0,1582.0,4843.0,4843.0,4824.0,2901.0,2901.0,2923.0,1604.0,1604.0,1605.0
0.0,10527.0,4795.0,4813.0,4750.0,8770.0,2922.0,2922.0,2926.0,1604.0,1604.0,1605.0,1598.0,1598.0,1599.0,3515.0,3515.0,3497.0,2922.0,2922.0,2926.0,1604.0,1604.0,1605.0
0.0,10482.0,4752.0,4812.0,8725.0,4793.0,1605.0,1605.0,1583.0,1604.0,1604.0,1604.0,1584.0,1584.0,1584.0,3494.0,3494.0,3494.0,1605.0,1605.0,1583.0,1604.0,1604.0,1604.0
0.0,14455.0,4903.0,4815.0,8770.0,938.0,321.0,321.0,296.0,1605.0,1605.0,1605.0,1634.0,1634.0,1635.0,4811.0,4811.0,4833.0,321.0,321.0,296.0,1605.0,1605.0,1605.0
0.0,18322.0,4704.0,4813.0,4793.0,841.0,280.0,280.0,281.0,1604.0,1604.0,1605.0,1568.0,1568.0,1568.0,6099.0,6099.0,6124.0,280.0,280.0,281.0,1604.0,1604.0,1605.0
0.0,18411.0,4855.0,4812.0,938.0,4754.0,1577.0,1577.0,1600.0,1604.0,1604.0,1604.0,1618.0,1618.0,1619.0,6136.0,6136.0,6139.0,1577.0,1577.0,1600.0,1604.0,1604.0,1604.0
0.0,14494.0,4972.0,4813.0,841.0,8889.0,2954.0,2954.0,2981.0,1604.0,1604.0,1605.0,1657.0,1657.0,1658.0,4839.0,4839.0,4816.0,2954.0,2954.0,2981.0,1604.0,1604.0,1605.0
0.0,10363.0,4825.0,4810.0,4754.0,8948.0,2981.0,2981.0,2986.0,1603.0,1603.0,1604.0,1608.0,1608.0,1609.0,3462.0,3462.0,3439.0,2981.0,2981.0,2986.0,1603.0,1603.0,1604.0
0.0,10292.0,4822.0,4810.0,8889.0,4881.0,1634.0,1634.0,1613.0,1603.0,1603.0,1604.0,1607.0,1607.0,1608.0,3431.0,3431.0,3430.0,1634.0,1634.0,1613.0,1603.0,1603.0,1604.0
0.0,14359.0,4948.0,4812.0,8948.0,889.0,306.0,306.0,277.0,1604.0,1604.0,1604.0,1649.0,1649.0,1650.0,4778.0,4778.0,4803.0,306.0,306.0,277.0,1604.0,1604.0,1604.0
0.0,18359.0,4989.0,4816.0,4881.0,1013.0,339.0,339.0,335.0,1605.0,1605.0,1606.0,1663.0,1663.0,1663.0,6110.0,6110.0,6139.0,339.0,339.0,335.0,1605.0,1605.0,1606.0
0.0,18251.0,4894.0,4819.0,889.0,5030.0,1668.0,1668.0,1694.0,1606.0,1606.0,1607.0,1631.0,1631.0,1632.0,6081.0,6081.0,6089.0,1668.0,1668.0,1694.0,1606.0,1606.0,1607.0
0.0,14246.0,4809.0,4816.0,1013.0,8814.0,2928.0,2928.0,2958.0,1605.0,1605.0,1606.0,1603.0,1603.0,1603.0,4756.0,4756.0,4734.0,2928.0,2928.0,2958.0,1605.0,1605.0,1606.0
0.0,10450.0,4948.0,4821.0,5030.0,8752.0,2917.0,2917.0,2918.0,1607.0,1607.0,1607.0,1649.0,1649.0,1650.0,3492.0,3492.0,3466.0,2917.0,2917.0,2918.0,1607.0,1607.0,1607.0
0.0,10532.0,4890.0,4822.0,8814.0,4832.0,1619.0,1619.0,1594.0,1607.0,1607.0,1608.0,1630.0,1630.0,1630.0,3511.0,3511.0,3510.0,1619.0,1619.0,1594.0,1607.0,1607.0,1608.0
0.0,14456.0,4842.0,4822.0,8752.0,922.0,316.0,316.0,290.0,1607.0,1607.0,1608.0,1614.0,1614.0,1614.0,4809.0,4809.0,4838.0,316.0,316.0,290.0,1607.0,1607.0,1608.0
0.0,18366.0,4870.0,4822.0,4832.0,960.0,320.0,320.0,320.0,1607.0,1607.0,1608.0,1623.0,1623.0,1624.0,6112.0,6112.0,6142.0,320.0,320.0,320.0,1607.0,1607.0,1608.0
0.0,18328.0,5074.0,4828.0,922.0,5136.0,1703.0,1703.0,1730.0,1609.0,1609.0,1610.0,1691.0,1691.0,1692.0,6108.0,6108.0,6112.0,1703.0,1703.0,1730.0,1609.0,1609.0,1610.0
0.0,14176.0,4984.0,4831.0,960.0,9172.0,3048.0,3048.0,3076.0,1610.0,1610.0,1611.0,1661.0,1661.0,1662.0,4733.0,4733.0,4710.0,3048.0,3048.0,3076.0,1610.0,1610.0,1611.0
0.0,10152.0,4944.0,4834.0,5136.0,8992.0,2997.0,2997.0,2998.0,1611.0,1611.0,1612.0,1648.0,1648.0,1648.0,3392.0,3392.0,3368.0,2997.0,2997.0,2998.0,1611.0,1611.0,1612.0
0.0,10344.0,4921.0,4837.0,9172.0,4753.0,1593.0,1593.0,1567.0,1612.0,1612.0,1613.0,1640.0,1640.0,1641.0,3447.0,3447.0,3450.0,1593.0,1593.0,1567.0,1612.0,1612.0,1613.0
0.0,14595.0,4872.0,4837.0,8992.0,633.0,220.0,220.0,193.0,1612.0,1612.0,1613.0,1624.0,1624.0,1624.0,4855.0,4855.0,4885.0,220.0,220.0,193.0,1612.0,1612.0,1613.0
0.0,18715.0,4999.0,4840.0,4753.0,891.0,297.0,297.0,297.0,1613.0,1613.0,1614.0,1666.0,1666.0,1667.0,6228.0,6228.0,6259.0,297.0,297.0,297.0,1613.0,1613.0,1614.0
0.0,18469.0,4831.0,4840.0,633.0,5089.0,1687.0,1687.0,1715.0,1613.0,1613.0,1614.0,1610.0,1610.0,1611.0,6155.0,6155.0,6159.0,1687.0,1687.0,1715.0,1613.0,1613.0,1614.0
0.0,14271.0,4795.0,4840.0,891.0,8993.0,2988.0,2988.0,3017.0,1613.0,1613.0,1614.0,1598.0,1598.0,1599.0,4765.0,4765.0,4741.0,2988.0,2988.0,3017.0,1613.0,1613.0,1614.0
0.0,10367.0,4918.0,4843.0,5089.0,8834.0,2944.0,2944.0,2946.0,1614.0,1614.0,1615.0,1639.0,1639.0,1640.0,3464.0,3464.0,3439.0,2944.0,2944.0,2946.0,1614.0,1614.0,1615.0
0.0,10538.0,4812.0,4839.0,8993.0,4637.0,1556.0,1556.0,1525.0,1613.0,1613.0,1613.0,1604.0,1604.0,1604.0,3512.0,3512.0,3514.0,1556.0,1556.0,1525.0,1613.0,1613.0,1613.0
0.0,14719.0,4849.0,4840.0,8834.0,656.0,228.0,228.0,200.0,1613.0,1613.0,1614.0,1616.0,1616.0,1617.0,4896.0,4896.0,4927.0,228.0,228.0,200.0,1613.0,1613.0,1614.0
0.0,18704.0,4872.0,4839.0,4637.0,887.0,296.0,296.0,295.0,1613.0,1613.0,1613.0,1624.0,1624.0,1624.0,6224.0,6224.0,6256.0,296.0,296.0,295.0,1613.0,1613.0,1613.0
0.0,18469.0,4729.0,4837.0,656.0,4952.0,1640.0,1640.0,1672.0,1612.0,1612.0,1613.0,1576.0,1576.0,1577.0,6156.0,6156.0,6157.0,1640.0,1640.0,1672.0,1612.0,1612.0,1613.0
0.0,14396.0,4779.0,4837.0,887.0,8844.0,2937.0,2937.0,2970.0,1612.0,1612.0,1613.0,1593.0,1593.0,1593.0,4808.0,4808.0,4780.0,2937.0,2937.0,2970.0,1612.0,1612.0,1613.0
0.0,10504.0,4920.0,4837.0,4952.0,8812.0,2937.0,2937.0,2938.0,1612.0,1612.0,1613.0,1640.0,1640.0,1640.0,3511.0,3511.0,3482.0,2937.0,2937.0,2938.0,1612.0,1612.0,1613.0
0.0,10536.0,4801.0,4837.0,8844.0,4769.0,1600.0,1600.0,1569.0,1612.0,1612.0,1613.0,1600.0,1600.0,1601.0,3511.0,3511.0,3514.0,1600.0,1600.0,1569.0,1612.0,1612.0,1613.0
0.0,14579.0,4825.0,4834.0,8812.0,770.0,267.0,267.0,236.0,1611.0,1611.0,1612.0,1608.0,1608.0,1609.0,4848.0,4848.0,4883.0,267.0,267.0,236.0,1611.0,1611.0,1612.0
0.0,18566.0,4893.0,4837.0,4769.0,906.0,302.0,302.0,302.0,1612.0,1612.0,1613.0,1631.0,1631.0,1631.0,6177.0,6177.0,6212.0,302.0,302.0,302.0,1612.0,1612.0,1613.0
0.0,18442.0,4765.0,4836.0,770.0,4897.0,1623.0,1623.0,1651.0,1612.0,1612.0,1612.0,1588.0,1588.0,1589.0,6146.0,6146.0,6150.0,1623.0,1623.0,1651.0,1612.0,1612.0,1612.0
0.0,14447.0,4831.0,4837.0,906.0,8826.0,2931.0,2931.0,2964.0,1612.0,1612.0,1613.0,1610.0,1610.0,1611.0,4825.0,4825.0,4797.0,2931.0,2931.0,2964.0,1612.0,1612.0,1613.0
0.0,10522.0,4927.0,4840.0,4897.0,8868.0,2954.0,2954.0,2960.0,1613.0,1613.0,1614.0,1642.0,1642.0,1643.0,3517.0,3517.0,3488.0,2954.0,2954.0,2960.0,1613.0,1613.0,1614.0
0.0,10492.0,4852.0,4845.0,8826.0,4914.0,1648.0,1648.0,1618.0,1615.0,1615.0,1615.0,1617.0,1617.0,1618.0,3498.0,3498.0,3496.0,1648.0,1648.0,1618.0,1615.0,1615.0,1615.0
0.0,14466.0,4900.0,4846.0,8868.0,950.0,327.0,327.0,296.0,1615.0,1615.0,1616.0,1633.0,1633.0,1634.0,4812.0,4812.0,4842.0,327.0,327.0,296.0,1615.0,1615.0,1616.0
0.0,18434.0,4816.0,4845.0,4914.0,848.0,284.0,284.0,280.0,1615.0,1615.0,1615.0,1605.0,1605.0,1606.0,6133.0,6133.0,6168.0,284.0,284.0,280.0,1615.0,1615.0,1615.0
0.0,18532.0,4833.0,4846.0,950.0,4735.0,1568.0,1568.0,1599.0,1615.0,1615.0,1616.0,1611.0,1611.0,1611.0,6176.0,6176.0,6180.0,1568.0,1568.0,1599.0,1615.0,1615.0,1616.0
0.0,14649.0,4797.0,4848.0,848.0,8692.0,2887.0,2887.0,2918.0,1616.0,1616.0,1616.0,1599.0,1599.0,1599.0,4892.0,4892.0,4865.0,2887.0,2887.0,2918.0,1616.0,1616.0,1616.0
0.0,10700.0,4911.0,4852.0,4735.0,8884.0,2960.0,2960.0,2964.0,1617.0,1617.0,1618.0,1637.0,1637.0,1637.0,3577.0,3577.0,3546.0,2960.0,2960.0,2964.0,1617.0,1617.0,1618.0
0.0,10524.0,4798.0,4852.0,8692.0,4990.0,1672.0,1672.0,1646.0,1617.0,1617.0,1618.0,1599.0,1599.0,1600.0,3508.0,3508.0,3508.0,1672.0,1672.0,1646.0,1617.0,1617.0,1618.0
0.0,14418.0,4851.0,4855.0,8884.0,969.0,333.0,333.0,303.0,1618.0,1618.0,1619.0,1617.0,1617.0,1617.0,4796.0,4796.0,4826.0,333.0,333.0,303.0,1618.0,1618.0,1619.0
0.0,18451.0,4777.0,4852.0,4990.0,744.0,249.0,249.0,246.0,1617.0,1617.0,1618.0,1592.0,1592.0,1593.0,6139.0,6139.0,6173.0,249.0,249.0,246.0,1617.0,1617.0,1618.0
0.0,18664.0,4849.0,4852.0,969.0,4624.0,1532.0,1532.0,1560.0,1617.0,1617.0,1618.0,1616.0,1616.0,1617.0,6219.0,6219.0,6226.0,1532.0,1532.0,1560.0,1617.0,1617.0,1618.0
0.0,14784.0,4914.0,4857.0,744.0,8814.0,2929.0,2929.0,2956.0,1619.0,1619.0,1619.0,1638.0,1638.0,1638.0,4936.0,4936.0,4912.0,2929.0,2929.0,2956.0,1619.0,1619.0,1619.0
0.0,10614.0,4852.0,4858.0,4624.0,9046.0,3014.0,3014.0,3018.0,1619.0,1619.0,1620.0,1617.0,1617.0,1618.0,3547.0,3547.0,3520.0,3014.0,3014.0,3018.0,1619.0,1619.0,1620.0
0.0,10386.0,4779.0,4858.0,8814.0,5011.0,1678.0,1678.0,1655.0,1619.0,1619.0,1620.0,1593.0,1593.0,1593.0,3462.0,3462.0,3462.0,1678.0,1678.0,1655.0,1619.0,1619.0,1620.0
0.0,14421.0,4762.0,4858.0,9046.0,727.0,251.0,251.0,225.0,1619.0,1619.0,1620.0,1587.0,1587.0,1588.0,4798.0,4798.0,4825.0,251.0,251.0,225.0,1619.0,1619.0,1620.0
0.0,18705.0,4809.0,4858.0,5011.0,525.0,176.0,176.0,173.0,1619.0,1619.0,1620.0,1603.0,1603.0,1603.0,6225.0,6225.0,6255.0,176.0,176.0,173.0,1619.0,1619.0,1620.0
0.0,18907.0,4941.0,4861.0,727.0,4751.0,1576.0,1576.0,1599.0,1620.0,1620.0,1621.0,1647.0,1647.0,1647.0,6300.0,6300.0,6307.0,1576.0,1576.0,1599.0,1620.0,1620.0,1621.0
0.0,14693.0,4876.0,4864.0,525.0,9114.0,3029.0,3029.0,3056.0,1621.0,1621.0,1622.0,1625.0,1625.0,1626.0,4904.0,4904.0,4885.0,3029.0,3029.0,3056.0,1621.0,1621.0,1622.0
0.0,10342.0,4819.0,4863.0,4751.0,9178.0,3059.0,3059.0,3060.0,1621.0,1621.0,1621.0,1606.0,1606.0,1607.0,3455.0,3455.0,3432.0,3059.0,3059.0,3060.0,1621.0,1621.0,1621.0
0.0,10274.0,4848.0,4866.0,9114.0,4924.0,1650.0,1650.0,1624.0,1622.0,1622.0,1622.0,1616.0,1616.0,1616.0,3425.0,3425.0,3424.0,1650.0,1650.0,1624.0,1622.0,1622.0,1622.0
0.0,14540.0,4909.0,4866.0,9178.0,655.0,227.0,227.0,201.0,1622.0,1622.0,1622.0,1636.0,1636.0,1637.0,4838.0,4838.0,4864.0,227.0,227.0,201.0,1622.0,1622.0,1622.0
0.0,18809.0,4903.0,4864.0,4924.0,626.0,207.0,207.0,212.0,1621.0,1621.0,1622.0,1634.0,1634.0,1635.0,6261.0,6261.0,6287.0,207.0,207.0,212.0,1621.0,1621.0,1622.0
0.0,18830.0,4986.0,4867.0,655.0,4969.0,1646.0,1646.0,1677.0,1622.0,1622.0,1623.0,1662.0,1662.0,1662.0,6277.0,6277.0,6276.0,1646.0,1646.0,1677.0,1622.0,1622.0,1623.0
0.0,14499.0,4986.0,4872.0,626.0,9349.0,3109.0,3109.0,3131.0,1624.0,1624.0,1624.0,1662.0,1662.0,1662.0,4842.0,4842.0,4815.0,3109.0,3109.0,3131.0,1624.0,1624.0,1624.0
0.0,10139.0,4881.0,4870.0,4969.0,9253.0,3086.0,3086.0,3081.0,1623.0,1623.0,1624.0,1627.0,1627.0,1627.0,3387.0,3387.0,3365.0,3086.0,3086.0,3081.0,1623.0,1623.0,1624.0
0.0,10227.0,4977.0,4870.0,9349.0,4881.0,1636.0,1636.0,1609.0,1623.0,1623.0,1624.0,1659.0,1659.0,1659.0,3406.0,3406.0,3415.0,1636.0,1636.0,1609.0,1623.0,1623.0,1624.0
0.0,14599.0,4837.0,4869.0,9253.0,461.0,162.0,162.0,137.0,1623.0,1623.0,1623.0,1612.0,1612.0,1613.0,4856.0,4856.0,4887.0,162.0,162.0,137.0,1623.0,1623.0,1623.0
0.0,19015.0,4978.0,4872.0,4881.0,570.0,189.0,189.0,192.0,1624.0,1624.0,1624.0,1659.0,1659.0,1660.0,6330.0,6330.0,6355.0,189.0,189.0,192.0,1624.0,1624.0,1624.0
0.0,18918.0,4957.0,4872.0,461.0,5066.0,1679.0,1679.0,1708.0,1624.0,1624.0,1624.0,1652.0,1652.0,1653.0,6307.0,6307.0,6304.0,1679.0,1679.0,1708.0,1624.0,1624.0,1624.0
0.0,14422.0,5068.0,4876.0,570.0,9580.0,3183.0,3183.0,3214.0,1625.0,1625.0,1626.0,1689.0,1689.0,1690.0,4817.0,4817.0,4788.0,3183.0,3183.0,3214.0,1625.0,1625.0,1626.0
0.0,9924.0,4861.0,4876.0,5066.0,9375.0,3124.0,3124.0,3127.0,1625.0,1625.0,1626.0,1620.0,1620.0,1621.0,3317.0,3317.0,3290.0,3124.0,3124.0,3127.0,1625.0,1625.0,1626.0
0.0,10129.0,4929.0,4876.0,9580.0,4724.0,1584.0,1584.0,1556.0,1625.0,1625.0,1626.0,1643.0,1643.0,1643.0,3376.0,3376.0,3377.0,1584.0,1584.0,1556.0,1625.0,1625.0,1626.0
0.0,14780.0,4872.0,4873.0,9375.0,209.0,80.0,80.0,49.0,1624.0,1624.0,1625.0,1624.0,1624.0,1624.0,4916.0,4916.0,4948.0,80.0,80.0,49.0,1624.0,1624.0,1625.0
0.0,19283.0,5032.0,4873.0,4724.0,517.0,173.0,173.0,171.0,1624.0,1624.0,1625.0,1677.0,1677.0,1678.0,6416.0,6416.0,6451.0,173.0,173.0,171.0,1624.0,1624.0,1625.0
0.0,18975.0,4960.0,4875.0,209.0,5276.0,1750.0,1750.0,1776.0,1625.0,1625.0,1625.0,1653.0,1653.0,1654.0,6323.0,6323.0,6329.0,1750.0,1750.0,1776.0,1625.0,1625.0,1625.0
0.0,14224.0,4872.0,4873.0,517.0,9623.0,3197.0,3197.0,3229.0,1624.0,1624.0,1625.0,1624.0,1624.0,1624.0,4750.0,4750.0,4724.0,3197.0,3197.0,3229.0,1624.0,1624.0,1625.0
0.0,9869.0,5070.0,4878.0,5276.0,9437.0,3145.0,3145.0,3147.0,1626.0,1626.0,1626.0,1690.0,1690.0,1690.0,3299.0,3299.0,3271.0,3145.0,3145.0,3147.0,1626.0,1626.0,1626.0
0.0,10075.0,4987.0,4876.0,9623.0,4793.0,1606.0,1606.0,1581.0,1625.0,1625.0,1626.0,1662.0,1662.0,1663.0,3359.0,3359.0,3357.0,1606.0,1606.0,1581.0,1625.0,1625.0,1626.0
0.0,14711.0,4998.0,4879.0,9437.0,366.0,131.0,131.0,104.0,1626.0,1626.0,1627.0,1666.0,1666.0,1666.0,4894.0,4894.0,4923.0,131.0,131.0,104.0,1626.0,1626.0,1627.0
0.0,19150.0,4885.0,4882.0,4793.0,470.0,157.0,157.0,156.0,1627.0,1627.0,1628.0,1628.0,1628.0,1629.0,6373.0,6373.0,6404.0,157.0,157.0,156.0,1627.0,1627.0,1628.0
0.0,19058.0,5089.0,4885.0,366.0,5205.0,1726.0,1726.0,1753.0,1628.0,1628.0,1629.0,1696.0,1696.0,1697.0,6351.0,6351.0,6356.0,1726.0,1726.0,1753.0,1628.0,1628.0,1629.0
0.0,14335.0,4954.0,4888.0,470.0,9701.0,3224.0,3224.0,3253.0,1629.0,1629.0,1630.0,1651.0,1651.0,1652.0,4786.0,4786.0,4763.0,3224.0,3224.0,3253.0,1629.0,1629.0,1630.0
0.0,9851.0,4936.0,4890.0,5205.0,9440.0,3147.0,3147.0,3146.0,1630.0,1630.0,1630.0,1645.0,1645.0,1646.0,3292.0,3292.0,3267.0,3147.0,3147.0,3146.0,1630.0,1630.0,1630.0
0.0,10120.0,5080.0,4894.0,9701.0,4835.0,1620.0,1620.0,1595.0,1631.0,1631.0,1632.0,1693.0,1693.0,1694.0,3373.0,3373.0,3374.0,1620.0,1620.0,1595.0,1631.0,1631.0,1632.0
0.0,14741.0,4840.0,4896.0,9440.0,243.0,90.0,90.0,63.0,1632.0,1632.0,1632.0,1613.0,1613.0,1614.0,4904.0,4904.0,4933.0,90.0,90.0,63.0,1632.0,1632.0,1632.0
0.0,19341.0,4894.0,4897.0,4835.0,306.0,101.0,101.0,104.0,1632.0,1632.0,1633.0,1631.0,1631.0,1632.0,6438.0,6438.0,6465.0,101.0,101.0,104.0,1632.0,1632.0,1633.0
0.0,19282.0,4926.0,4897.0,243.0,4989.0,1653.0,1653.0,1683.0,1632.0,1632.0,1633.0,1642.0,1642.0,1642.0,6427.0,6427.0,6428.0,1653.0,1653.0,1683.0,1632.0,1632.0,1633.0
0.0,14599.0,4864.0,4899.0,306.0,9555.0,3177.0,3177.0,3201.0,1633.0,1633.0,1633.0,1621.0,1621.0,1622.0,4875.0,4875.0,4849.0,3177.0,3177.0,3201.0,1633.0,1633.0,1633.0
0.0,10041.0,5071.0,4903.0,4989.0,9653.0,3218.0,3218.0,3217.0,1634.0,1634.0,1635.0,1690.0,1690.0,1691.0,3355.0,3355.0,3331.0,3218.0,3218.0,3217.0,1634.0,1634.0,1635.0
0.0,9959.0,4915.0,4905.0,9555.0,5021.0,1683.0,1683.0,1655.0,1635.0,1635.0,1635.0,1638.0,1638.0,1639.0,3318.0,3318.0,3323.0,1683.0,1683.0,1655.0,1635.0,1635.0,1635.0
0.0,14599.0,5073.0,4911.0,9653.0,465.0,164.0,164.0,137.0,1637.0,1637.0,1637.0,1691.0,1691.0,1691.0,4857.0,4857.0,4885.0,164.0,164.0,137.0,1637.0,1637.0,1637.0
0.0,19179.0,4951.0,4912.0,5021.0,399.0,131.0,131.0,137.0,1637.0,1637.0,1638.0,1650.0,1650.0,1651.0,6384.0,6384.0,6411.0,131.0,131.0,137.0,1637.0,1637.0,1638.0
0.0,19249.0,4909.0,4912.0,465.0,4843.0,1603.0,1603.0,1637.0,1637.0,1637.0,1638.0,1636.0,1636.0,1637.0,6417.0,6417.0,6415.0,1603.0,1603.0,1637.0,1637.0,1637.0,1638.0
0.0,14805.0,4998.0,4915.0,399.0,9454.0,3142.0,3142.0,3170.0,1638.0,1638.0,1639.0,1666.0,1666.0,1666.0,4945.0,4945.0,4915.0,3142.0,3142.0,3170.0,1638.0,1638.0,1639.0
0.0,10206.0,4867.0,4915.0,4843.0,9478.0,3161.0,3161.0,3156.0,1638.0,1638.0,1639.0,1622.0,1622.0,1623.0,3410.0,3410.0,3386.0,3161.0,3161.0,3156.0,1638.0,1638.0,1639.0
0.0,10182.0,4870.0,4915.0,9454.0,4894.0,1642.0,1642.0,1610.0,1638.0,1638.0,1639.0,1623.0,1623.0,1624.0,3391.0,3391.0,3400.0,1642.0,1642.0,1610.0,1638.0,1638.0,1639.0
0.0,14766.0,4900.0,4917.0,9478.0,324.0,118.0,118.0,88.0,1639.0,1639.0,1639.0,1633.0,1633.0,1634.0,4910.0,4910.0,4946.0,118.0,118.0,88.0,1639.0,1639.0,1639.0
0.0,19344.0,5007.0,4921.0,4894.0,453.0,149.0,149.0,155.0,1640.0,1640.0,1641.0,1669.0,1669.0,1669.0,6438.0,6438.0,6468.0,149.0,149.0,155.0,1640.0,1640.0,1641.0
0.0,19231.0,4912.0,4921.0,324.0,5041.0,1668.0,1668.0,1705.0,1640.0,1640.0,1641.0,1637.0,1637.0,1638.0,6411.0,6411.0,6409.0,1668.0,1668.0,1705.0,1640.0,1640.0,1641.0
0.0,14643.0,5002.0,4924.0,453.0,9602.0,3190.0,3190.0,3222.0,1641.0,1641.0,1642.0,1667.0,1667.0,1668.0,4892.0,4892.0,4859.0,3190.0,3190.0,3222.0,1641.0,1641.0,1642.0
0.0,10094.0,4926.0,4926.0,5041.0,9495.0,3168.0,3168.0,3159.0,1642.0,1642.0,1642.0,1642.0,1642.0,1642.0,3374.0,3374.0,3346.0,3168.0,3168.0,3159.0,1642.0,1642.0,1642.0
0.0,10209.0,4896.0,4929.0,9602.0,4801.0,1614.0,1614.0,1573.0,1643.0,1643.0,1643.0,1632.0,1632.0,1632.0,3400.0,3400.0,3409.0,1614.0,1614.0,1573.0,1643.0,1643.0,1643.0
0.0,14915.0,4962.0,4930.0,9495.0,272.0,100.0,100.0,72.0,1643.0,1643.0,1644.0,1654.0,1654.0,1654.0,4958.0,4958.0,4999.0,100.0,100.0,72.0,1643.0,1643.0,1644.0
0.0,19448.0,5014.0,4933.0,4801.0,497.0,161.0,161.0,175.0,1644.0,1644.0,1645.0,1671.0,1671.0,1672.0,6472.0,6472.0,6504.0,161.0,161.0,175.0,1644.0,1644.0,1645.0
0.0,19235.0,5035.0,4936.0,272.0,5272.0,1743.0,1743.0,1786.0,1645.0,1645.0,1646.0,1678.0,1678.0,1679.0,6415.0,6415.0,6405.0,1743.0,1743.0,1786.0,1645.0,1645.0,1646.0
0.0,14472.0,5112.0,4942.0,497.0,9911.0,3294.0,3294.0,3323.0,1647.0,1647.0,1648.0,1704.0,1704.0,1704.0,4837.0,4837.0,4798.0,3294.0,3294.0,3323.0,1647.0,1647.0,1648.0
0.0,9857.0,5007.0,4947.0,5272.0,9666.0,3228.0,3228.0,3210.0,1649.0,1649.0,1649.0,1669.0,1669.0,1669.0,3294.0,3294.0,3269.0,3228.0,3228.0,3210.0,1649.0,1649.0,1649.0
0.0,10122.0,5002.0,4951.0,9911.0,4773.0,1605.0,1605.0,1563.0,1650.0,1650.0,1651.0,1667.0,1667.0,1668.0,3368.0,3368.0,3386.0,1605.0,1605.0,1563.0,1650.0,1650.0,1651.0
0.0,15031.0,4819.0,4948.0,9666.0,0.0,0.0,0.0,0.0,1649.0,1649.0,1650.0,1606.0,1606.0,1607.0,4995.0,4995.0,5041.0,0.0,0.0,0.0,1649.0,1649.0,1650.0
0.0,19878.0,4930.0,4950.0,4773.0,79.0,21.0,21.0,37.0,1650.0,1650.0,1650.0,1643.0,1643.0,1644.0,6617.0,6617.0,6644.0,21.0,21.0,37.0,1650.0,1650.0,1650.0
0.0,19721.0,5028.0,4954.0,0.0,5123.0,1701.0,1701.0,1721.0,1651.0,1651.0,1652.0,1676.0,1676.0,1676.0,6579.0,6579.0,6563.0,1701.0,1701.0,1721.0,1651.0,1651.0,1652.0
0.0,14693.0,4990.0,4957.0,79.0,10046.0,3347.0,3347.0,3352.0,1652.0,1652.0,1653.0,1663.0,1663.0,1664.0,4903.0,4903.0,4887.0,3347.0,3347.0,3352.0,1652.0,1652.0,1653.0
0.0,9782.0,5011.0,4959.0,5123.0,9942.0,3320.0,3320.0,3302.0,1653.0,1653.0,1653.0,1670.0,1670.0,1671.0,3261.0,3261.0,3260.0,3320.0,3320.0,3302.0,1653.0,1653.0,1653.0
0.0,9894.0,5062.0,4962.0,10046.0,4970.0,1664.0,1664.0,1642.0,1654.0,1654.0,1654.0,1687.0,1687.0,1688.0,3292.0,3292.0,3310.0,1664.0,1664.0,1642.0,1654.0,1654.0,1654.0
0.0,14878.0,5047.0,4963.0,9942.0,79.0,26.0,26.0,27.0,1654.0,1654.0,1655.0,1682.0,1682.0,1683.0,4952.0,4952.0,4974.0,26.0,26.0,27.0,1654.0,1654.0,1655.0
0.0,19773.0,4840.0,4960.0,4970.0,0.0,0.0,0.0,0.0,1653.0,1653.0,1654.0,1613.0,1613.0,1614.0,6590.0,6590.0,6593.0,0.0,0.0,0.0,1653.0,1653.0,1654.0
0.0,19903.0,5046.0,4963.0,79.0,4916.0,1631.0,1631.0,1654.0,1654.0,1654.0,1655.0,1682.0,1682.0,1682.0,6641.0,6641.0,6621.0,1631.0,1631.0,1654.0,1654.0,1654.0,1655.0
0.0,14936.0,4948.0,4963.0,0.0,9864.0,3280.0,3280.0,3304.0,1654.0,1654.0,1655.0,1649.0,1649.0,1650.0,4985.0,4985.0,4966.0,3280.0,3280.0,3304.0,1654.0,1654.0,1655.0
0.0,9988.0,5037.0,4966.0,4916.0,9997.0,3332.0,3332.0,3333.0,1655.0,1655.0,1656.0,1679.0,1679.0,1679.0,3336.0,3336.0,3316.0,3332.0,3332.0,3333.0,1655.0,1655.0,1656.0
0.0,9867.0,4957.0,4966.0,9864.0,5090.0,1704.0,1704.0,1682.0,1655.0,1655.0,1656.0,1652.0,1652.0,1653.0,3288.0,3288.0,3291.0,1704.0,1704.0,1682.0,1655.0,1655.0,1656.0
0.0,14774.0,5110.0,4969.0,9997.0,215.0,79.0,79.0,57.0,1656.0,1656.0,1657.0,1703.0,1703.0,1704.0,4916.0,4916.0,4942.0,79.0,79.0,57.0,1656.0,1656.0,1657.0
0.0,19661.0,4957.0,4966.0,5090.0,70.0,23.0,23.0,24.0,1655.0,1655.0,1656.0,1652.0,1652.0,1653.0,6545.0,6545.0,6571.0,23.0,23.0,24.0,1655.0,1655.0,1656.0
0.0,19794.0,4989.0,4969.0,215.0,4856.0,1611.0,1611.0,1634.0,1656.0,1656.0,1657.0,1663.0,1663.0,1663.0,6597.0,6597.0,6600.0,1611.0,1611.0,1634.0,1656.0,1656.0,1657.0
0.0,15020.0,5017.0,4971.0,70.0,9811.0,3264.0,3264.0,3283.0,1657.0,1657.0,1657.0,1672.0,1672.0,1673.0,5013.0,5013.0,4994.0,3264.0,3264.0,3283.0,1657.0,1657.0,1657.0
0.0,10073.0,5053.0,4975.0,4856.0,10024.0,3341.0,3341.0,3342.0,1658.0,1658.0,1659.0,1684.0,1684.0,1685.0,3364.0,3364.0,3345.0,3341.0,3341.0,3342.0,1658.0,1658.0,1659.0
0.0,9876.0,5032.0,4975.0,9811.0,5245.0,1754.0,1754.0,1737.0,1658.0,1658.0,1659.0,1677.0,1677.0,1678.0,3291.0,3291.0,3294.0,1754.0,1754.0,1737.0,1658.0,1658.0,1659.0
0.0,14655.0,5110.0,4977.0,10024.0,339.0,120.0,120.0,99.0,1659.0,1659.0,1659.0,1703.0,1703.0,1704.0,4878.0,4878.0,4899.0,120.0,120.0,99.0,1659.0,1659.0,1659.0
0.0,19569.0,5028.0,4980.0,5245.0,134.0,46.0,46.0,42.0,1660.0,1660.0,1660.0,1676.0,1676.0,1676.0,6516.0,6516.0,6537.0,46.0,46.0,42.0,1660.0,1660.0,1660.0
0.0,19786.0,5017.0,4978.0,339.0,4804.0,1594.0,1594.0,1616.0,1659.0,1659.0,1660.0,1672.0,1672.0,1673.0,6594.0,6594.0,6598.0,1594.0,1594.0,1616.0,1659.0,1659.0,1660.0
0.0,15108.0,5071.0,4981.0,134.0,9753.0,3242.0,3242.0,3269.0,1660.0,1660.0,1661.0,1690.0,1690.0,1691.0,5042.0,5042.0,5024.0,3242.0,3242.0,3269.0,1660.0,1660.0,1661.0
0.0,10171.0,4992.0,4981.0,4804.0,9941.0,3312.0,3312.0,3317.0,1660.0,1660.0,1661.0,1664.0,1664.0,1664.0,3398.0,3398.0,3375.0,3312.0,3312.0,3317.0,1660.0,1660.0,1661.0
0.0,9983.0,5089.0,4984.0,9753.0,5289.0,1770.0,1770.0,1749.0,1661.0,1661.0,1662.0,1696.0,1696.0,1697.0,3328.0,3328.0,3327.0,1770.0,1770.0,1749.0,1661.0,1661.0,1662.0
0.0,14647.0,4956.0,4981.0,9941.0,292.0,106.0,106.0,80.0,1660.0,1660.0,1661.0,1652.0,1652.0,1652.0,4874.0,4874.0,4899.0,106.0,106.0,80.0,1660.0,1660.0,1661.0
0.0,19632.0,5077.0,4984.0,5289.0,92.0,32.0,32.0,28.0,1661.0,1661.0,1662.0,1692.0,1692.0,1693.0,6534.0,6534.0,6564.0,32.0,32.0,28.0,1661.0,1661.0,1662.0
0.0,19844.0,5053.0,4987.0,292.0,4865.0,1614.0,1614.0,1637.0,1662.0,1662.0,1663.0,1684.0,1684.0,1685.0,6612.0,6612.0,6620.0,1614.0,1614.0,1637.0,1662.0,1662.0,1663.0
0.0,15083.0,5188.0,4989.0,92.0,9969.0,3315.0,3315.0,3339.0,1663.0,1663.0,1663.0,1729.0,1729.0,1730.0,5034.0,5034.0,5015.0,3315.0,3315.0,3339.0,1663.0,1663.0,1663.0
0.0,9987.0,5118.0,4993.0,4865.0,10238.0,3411.0,3411.0,3416.0,1664.0,1664.0,1665.0,1706.0,1706.0,1706.0,3337.0,3337.0,3313.0,3411.0,3411.0,3416.0,1664.0,1664.0,1665.0
0.0,9734.0,4981.0,4996.0,9969.0,5262.0,1760.0,1760.0,1742.0,1665.0,1665.0,1666.0,1660.0,1660.0,1661.0,3245.0,3245.0,3244.0,1760.0,1760.0,1742.0,1665.0,1665.0,1666.0
0.0,14722.0,5014.0,4998.0,10238.0,48.0,24.0,24.0,0.0,1666.0,1666.0,1666.0,1671.0,1671.0,1672.0,4900.0,4900.0,4922.0,24.0,24.0,0.0,1666.0,1666.0,1666.0
0.0,19946.0,5059.0,5001.0,5262.0,0.0,0.0,0.0,0.0,1667.0,1667.0,1667.0,1686.0,1686.0,1687.0,6640.0,6640.0,6666.0,0.0,0.0,0.0,1667.0,1667.0,1667.0
0.0,20149.0,4933.0,4999.0,48.0,4732.0,1570.0,1570.0,1592.0,1666.0,1666.0,1667.0,1644.0,1644.0,1645.0,6714.0,6714.0,6721.0,1570.0,1570.0,1592.0,1666.0,1666.0,1667.0
0.0,15264.0,5023.0,5001.0,0.0,9763.0,3248.0,3248.0,3267.0,1667.0,1667.0,1667.0,1674.0,1674.0,1675.0,5094.0,5094.0,5076.0,3248.0,3248.0,3267.0,1667.0,1667.0,1667.0
0.0,10241.0,5062.0,5001.0,4732.0,10093.0,3365.0,3365.0,3363.0,1667.0,1667.0,1667.0,1687.0,1687.0,1688.0,3420.0,3420.0,3401.0,3365.0,3365.0,3363.0,1667.0,1667.0,1667.0
0.0,9911.0,5047.0,5002.0,9763.0,5381.0,1799.0,1799.0,1783.0,1667.0,1667.0,1668.0,1682.0,1682.0,1683.0,3303.0,3303.0,3305.0,1799.0,1799.0,1783.0,1667.0,1667.0,1668.0
0.0,14627.0,4981.0,5004.0,10093.0,277.0,98.0,98.0,81.0,1668.0,1668.0,1668.0,1660.0,1660.0,1661.0,4869.0,4869.0,4889.0,98.0,98.0,81.0,1668.0,1668.0,1668.0
0.0,19739.0,5002.0,5004.0,5381.0,0.0,0.0,0.0,0.0,1668.0,1668.0,1668.0,1667.0,1667.0,1668.0,6574.0,6574.0,6591.0,0.0,0.0,0.0,1668.0,1668.0,1668.0
0.0,20118.0,4927.0,5005.0,277.0,4552.0,1510.0,1510.0,1532.0,1668.0,1668.0,1669.0,1642.0,1642.0,1643.0,6706.0,6706.0,6706.0,1510.0,1510.0,1532.0,1668.0,1668.0,1669.0
0.0,15468.0,4975.0,5007.0,0.0,9535.0,3172.0,3172.0,3191.0,1669.0,1669.0,1669.0,1658.0,1658.0,1659.0,5162.0,5162.0,5144.0,3172.0,3172.0,3191.0,1669.0,1669.0,1669.0
0.0,10493.0,4989.0,5008.0,4552.0,9976.0,3325.0,3325.0,3326.0,1669.0,1669.0,1670.0,1663.0,1663.0,1663.0,3504.0,3504.0,3485.0,3325.0,3325.0,3326.0,1669.0,1669.0,1670.0
0.0,10056.0,5130.0,5011.0,9535.0,5583.0,1867.0,1867.0,1849.0,1670.0,1670.0,1671.0,1710.0,1710.0,1710.0,3351.0,3351.0,3354.0,1867.0,1867.0,1849.0,1670.0,1670.0,1671.0
0.0,14461.0,5080.0,5014.0,9976.0,699.0,239.0,239.0,221.0,1671.0,1671.0,1672.0,1693.0,1693.0,1694.0,4813.0,4813.0,4835.0,239.0,239.0,221.0,1671.0,1671.0,1672.0
0.0,19357.0,4927.0,5013.0,5583.0,39.0,14.0,14.0,11.0,1671.0,1671.0,1671.0,1642.0,1642.0,1643.0,6445.0,6445.0,6467.0,14.0,14.0,11.0,1671.0,1671.0,1671.0
0.0,20013.0,5040.0,5014.0,699.0,4384.0,1455.0,1455.0,1474.0,1671.0,1671.0,1672.0,1680.0,1680.0,1680.0,6670.0,6670.0,6673.0,1455.0,1455.0,1474.0,1671.0,1671.0,1672.0
0.0,15672.0,5029.0,5017.0,39.0,9386.0,3121.0,3121.0,3144.0,1672.0,1672.0,1673.0,1676.0,1676.0,1677.0,5229.0,5229.0,5214.0,3121.0,3121.0,3144.0,1672.0,1672.0,1673.0
0.0,10682.0,5032.0,5019.0,4384.0,10042.0,3347.0,3347.0,3348.0,1673.0,1673.0,1673.0,1677.0,1677.0,1678.0,3567.0,3567.0,3548.0,3347.0,3347.0,3348.0,1673.0,1673.0,1673.0
0.0,10034.0,5038.0,5020.0,9386.0,5698.0,1905.0,1905.0,1888.0,1673.0,1673.0,1674.0,1679.0,1679.0,1680.0,3345.0,3345.0,3344.0,1905.0,1905.0,1888.0,1673.0,1673.0,1674.0
0.0,14382.0,5029.0,5020.0,10042.0,685.0,234.0,234.0,217.0,1673.0,1673.0,1674.0,1676.0,1676.0,1677.0,4787.0,4787.0,4808.0,234.0,234.0,217.0,1673.0,1673.0,1674.0
0.0,19395.0,5167.0,5020.0,5698.0,154.0,51.0,51.0,52.0,1673.0,1673.0,1674.0,1722.0,1722.0,1723.0,6458.0,6458.0,6479.0,51.0,51.0,52.0,1673.0,1673.0,1674.0
0.0,19926.0,5137.0,5023.0,685.0,4618.0,1533.0,1533.0,1552.0,1674.0,1674.0,1675.0,1712.0,1712.0,1713.0,6641.0,6641.0,6644.0,1533.0,1533.0,1552.0,1674.0,1674.0,1675.0
0.0,15474.0,4954.0,5022.0,154.0,9414.0,3133.0,3133.0,3148.0,1674.0,1674.0,1674.0,1651.0,1651.0,1652.0,5163.0,5163.0,5148.0,3133.0,3133.0,3148.0,1674.0,1674.0,1674.0
0.0,10674.0,5124.0,5028.0,4618.0,9944.0,3316.0,3316.0,3312.0,1676.0,1676.0,1676.0,1708.0,1708.0,1708.0,3563.0,3563.0,3548.0,3316.0,3316.0,3312.0,1676.0,1676.0,1676.0
0.0,10168.0,5059.0,5029.0,9414.0,5593.0,1869.0,1869.0,1855.0,1676.0,1676.0,1677.0,1686.0,1686.0,1687.0,3388.0,3388.0,3392.0,1869.0,1869.0,1855.0,1676.0,1676.0,1677.0
0.0,14523.0,5080.0,5032.0,9944.0,741.0,250.0,250.0,241.0,1677.0,1677.0,1678.0,1693.0,1693.0,1694.0,4835.0,4835.0,4853.0,250.0,250.0,241.0,1677.0,1677.0,1678.0
0.0,19387.0,5011.0,5032.0,5593.0,159.0,51.0,51.0,57.0,1677.0,1677.0,1678.0,1670.0,1670.0,1671.0,6458.0,6458.0,6471.0,51.0,51.0,57.0,1677.0,1677.0,1678.0
0.0,19969.0,5125.0,5034.0,741.0,4551.0,1513.0,1513.0,1525.0,1678.0,1678.0,1678.0,1708.0,1708.0,1709.0,6657.0,6657.0,6655.0,1513.0,1513.0,1525.0,1678.0,1678.0,1678.0
0.0,15585.0,5176.0,5035.0,159.0,9572.0,3187.0,3187.0,3198.0,1678.0,1678.0,1679.0,1725.0,1725.0,1726.0,5199.0,5199.0,5187.0,3187.0,3187.0,3198.0,1678.0,1678.0,1679.0
0.0,10568.0,5059.0,5035.0,4551.0,10080.0,3360.0,3360.0,3360.0,1678.0,1678.0,1679.0,1686.0,1686.0,1687.0,3525.0,3525.0,3518.0,3360.0,3360.0,3360.0,1678.0,1678.0,1679.0
0.0,10060.0,5179.0,5043.0,9572.0,5719.0,1911.0,1911.0,1897.0,1681.0,1681.0,1681.0,1726.0,1726.0,1727.0,3352.0,3352.0,3356.0,1911.0,1911.0,1897.0,1681.0,1681.0,1681.0
0.0,14453.0,5083.0,5044.0,10080.0,726.0,245.0,245.0,236.0,1681.0,1681.0,1682.0,1694.0,1694.0,1695.0,4813.0,4813.0,4827.0,245.0,245.0,236.0,1681.0,1681.0,1682.0
0.0,19450.0,5065.0,5046.0,5719.0,80.0,26.0,26.0,28.0,1682.0,1682.0,1682.0,1688.0,1688.0,1689.0,6479.0,6479.0,6492.0,26.0,26.0,28.0,1682.0,1682.0,1682.0
0.0,20104.0,5130.0,5047.0,726.0,4488.0,1491.0,1491.0,1506.0,1682.0,1682.0,1683.0,1710.0,1710.0,1710.0,6702.0,6702.0,6700.0,1491.0,1491.0,1506.0,1682.0,1682.0,1683.0
0.0,15700.0,5122.0,5050.0,80.0,9542.0,3176.0,3176.0,3190.0,1683.0,1683.0,1684.0,1707.0,1707.0,1708.0,5237.0,5237.0,5226.0,3176.0,3176.0,3190.0,1683.0,1683.0,1684.0
0.0,10658.0,5077.0,5050.0,4488.0,10131.0,3377.0,3377.0,3377.0,1683.0,1683.0,1684.0,1692.0,1692.0,1693.0,3556.0,3556.0,3546.0,3377.0,3377.0,3377.0,1683.0,1683.0,1684.0
0.0,10069.0,5047.0,5052.0,9542.0,5644.0,1887.0,1887.0,1870.0,1684.0,1684.0,1684.0,1682.0,1682.0,1683.0,3355.0,3355.0,3359.0,1887.0,1887.0,1870.0,1684.0,1684.0,1684.0
0.0,14564.0,5112.0,5053.0,10131.0,629.0,214.0,214.0,201.0,1684.0,1684.0,1685.0,1704.0,1704.0,1704.0,4849.0,4849.0,4866.0,214.0,214.0,201.0,1684.0,1684.0,1685.0
0.0,19583.0,5047.0,5055.0,5644.0,40.0,13.0,13.0,14.0,1685.0,1685.0,1685.0,1682.0,1682.0,1683.0,6522.0,6522.0,6539.0,13.0,13.0,14.0,1685.0,1685.0,1685.0
0.0,20180.0,5065.0,5055.0,629.0,4476.0,1487.0,1487.0,1502.0,1685.0,1685.0,1685.0,1688.0,1688.0,1689.0,6727.0,6727.0,6726.0,1487.0,1487.0,1502.0,1685.0,1685.0,1685.0
0.0,15744.0,5170.0,5058.0,40.0,9618.0,3201.0,3201.0,3216.0,1686.0,1686.0,1686.0,1723.0,1723.0,1724.0,5253.0,5253.0,5238.0,3201.0,3201.0,3216.0,1686.0,1686.0,1686.0
0.0,10614.0,5053.0,5056.0,4476.0,10187.0,3394.0,3394.0,3399.0,1685.0,1685.0,1686.0,1684.0,1684.0,1685.0,3543.0,3543.0,3528.0,3394.0,3394.0,3399.0,1685.0,1685.0,1686.0
0.0,10037.0,5139.0,5059.0,9618.0,5720.0,1910.0,1910.0,1900.0,1686.0,1686.0,1687.0,1713.0,1713.0,1713.0,3346.0,3346.0,3345.0,1910.0,1910.0,1900.0,1686.0,1686.0,1687.0
0.0,14516.0,5104.0,5059.0,10187.0,637.0,217.0,217.0,203.0,1686.0,1686.0,1687.0,1701.0,1701.0,1702.0,4834.0,4834.0,4848.0,217.0,217.0,203.0,1686.0,1686.0,1687.0
0.0,19599.0,5127.0,5062.0,5720.0,56.0,20.0,20.0,16.0,1687.0,1687.0,1688.0,1709.0,1709.0,1709.0,6527.0,6527.0,6545.0,20.0,20.0,16.0,1687.0,1687.0,1688.0
0.0,20192.0,5182.0,5065.0,637.0,4613.0,1534.0,1534.0,1545.0,1688.0,1688.0,1689.0,1727.0,1727.0,1728.0,6728.0,6728.0,6736.0,1534.0,1534.0,1545.0,1688.0,1688.0,1689.0
0.0,15647.0,5179.0,5067.0,56.0,9744.0,3244.0,3244.0,3256.0,1689.0,1689.0,1689.0,1726.0,1726.0,1727.0,5218.0,5218.0,5211.0,3244.0,3244.0,3256.0,1689.0,1689.0,1689.0
0.0,10524.0,5146.0,5071.0,4613.0,10293.0,3429.0,3429.0,3435.0,1690.0,1690.0,1691.0,1715.0,1715.0,1716.0,3512.0,3512.0,3500.0,3429.0,3429.0,3435.0,1690.0,1690.0,1691.0
0.0,9991.0,5197.0,5073.0,9744.0,5754.0,1921.0,1921.0,1912.0,1691.0,1691.0,1691.0,1732.0,1732.0,1733.0,3331.0,3331.0,3329.0,1921.0,1921.0,1912.0,1691.0,1691.0,1691.0
0.0,14538.0,5071.0,5074.0,10293.0,536.0,182.0,182.0,172.0,1691.0,1691.0,1692.0,1690.0,1690.0,1691.0,4843.0,4843.0,4852.0,182.0,182.0,172.0,1691.0,1691.0,1692.0
0.0,19760.0,5074.0,5071.0,5754.0,0.0,0.0,0.0,0.0,1690.0,1690.0,1691.0,1691.0,1691.0,1692.0,6582.0,6582.0,6596.0,0.0,0.0,0.0,1690.0,1690.0,1691.0
0.0,20440.0,5082.0,5071.0,536.0,4390.0,1460.0,1460.0,1470.0,1690.0,1690.0,1691.0,1694.0,1694.0,1694.0,6812.0,6812.0,6816.0,1460.0,1460.0,1470.0,1690.0,1690.0,1691.0
0.0,15894.0,5005.0,5071.0,0.0,9395.0,3128.0,3128.0,3139.0,1690.0,1690.0,1691.0,1668.0,1668.0,1669.0,5300.0,5300.0,5294.0,3128.0,3128.0,3139.0,1690.0,1690.0,1691.0
0.0,10889.0,5131.0,5073.0,4390.0,10144.0,3382.0,3382.0,3380.0,1691.0,1691.0,1691.0,1710.0,1710.0,1711.0,3632.0,3632.0,3625.0,3382.0,3382.0,3380.0,1691.0,1691.0,1691.0
0.0,10148.0,5122.0,5074.0,9395.0,5875.0,1961.0,1961.0,1953.0,1691.0,1691.0,1692.0,1707.0,1707.0,1708.0,3382.0,3382.0,3384.0,1961.0,1961.0,1953.0,1691.0,1691.0,1692.0
0.0,14421.0,5050.0,5077.0,10144.0,793.0,266.0,266.0,261.0,1692.0,1692.0,1693.0,1683.0,1683.0,1684.0,4803.0,4803.0,4815.0,266.0,266.0,261.0,1692.0,1692.0,1693.0
0.0,19515.0,5092.0,5077.0,5875.0,10.0,2.0,2.0,6.0,1692.0,1692.0,1693.0,1697.0,1697.0,1698.0,6502.0,6502.0,6511.0,2.0,2.0,6.0,1692.0,1692.0,1693.0
0.0,20298.0,5056.0,5077.0,793.0,4273.0,1421.0,1421.0,1431.0,1692.0,1692.0,1693.0,1685.0,1685.0,1686.0,6766.0,6766.0,6766.0,1421.0,1421.0,1431.0,1692.0,1692.0,1693.0
0.0,16035.0,5056.0,5077.0,10.0,9319.0,3104.0,3104.0,3111.0,1692.0,1692.0,1693.0,1685.0,1685.0,1686.0,5347.0,5347.0,5341.0,3104.0,3104.0,3111.0,1692.0,1692.0,1693.0
0.0,10989.0,5119.0,5080.0,4273.0,10177.0,3393.0,3393.0,3391.0,1693.0,1693.0,1694.0,1706.0,1706.0,1707.0,3664.0,3664.0,3661.0,3393.0,3393.0,3391.0,1693.0,1693.0,1694.0
0.0,10143.0,5095.0,5083.0,9319.0,5965.0,1991.0,1991.0,1983.0,1694.0,1694.0,1695.0,1698.0,1698.0,1699.0,3379.0,3379.0,3385.0,1991.0,1991.0,1983.0,1694.0,1694.0,1695.0
0.0,14367.0,5124.0,5086.0,10177.0,924.0,310.0,310.0,304.0,1695.0,1695.0,1696.0,1708.0,1708.0,1708.0,4785.0,4785.0,4797.0,310.0,310.0,304.0,1695.0,1695.0,1696.0
0.0,19420.0,4945.0,5086.0,5965.0,0.0,0.0,0.0,0.0,1695.0,1695.0,1696.0,1648.0,1648.0,1649.0,6470.0,6470.0,6480.0,0.0,0.0,0.0,1695.0,1695.0,1696.0
0.0,20440.0,5176.0,5089.0,924.0,4168.0,1386.0,1386.0,1396.0,1696.0,1696.0,1697.0,1725.0,1725.0,1726.0,6813.0,6813.0,6814.0,1386.0,1386.0,1396.0,1696.0,1696.0,1697.0
0.0,16188.0,5251.0,5092.0,0.0,9431.0,3140.0,3140.0,3151.0,1697.0,1697.0,1698.0,1750.0,1750.0,1751.0,5398.0,5398.0,5392.0,3140.0,3140.0,3151.0,1697.0,1697.0,1698.0
0.0,10937.0,5038.0,5089.0,4168.0,10289.0,3429.0,3429.0,3431.0,1696.0,1696.0,1697.0,1679.0,1679.0,1680.0,3648.0,3648.0,3641.0,3429.0,3429.0,3431.0,1696.0,1696.0,1697.0
0.0,10067.0,4987.0,5092.0,9431.0,5857.0,1955.0,1955.0,1947.0,1697.0,1697.0,1698.0,1662.0,1662.0,1663.0,3355.0,3355.0,3357.0,1955.0,1955.0,1947.0,1697.0,1697.0,1698.0
0.0,14511.0,4993.0,5091.0,10289.0,557.0,190.0,190.0,177.0,1697.0,1697.0,1697.0,1664.0,1664.0,1665.0,4833.0,4833.0,4845.0,190.0,190.0,177.0,1697.0,1697.0,1697.0
0.0,19807.0,5088.0,5092.0,5857.0,0.0,0.0,0.0,0.0,1697.0,1697.0,1698.0,1696.0,1696.0,1696.0,6598.0,6598.0,6611.0,0.0,0.0,0.0,1697.0,1697.0,1698.0
0.0,20576.0,5055.0,5092.0,557.0,4290.0,1426.0,1426.0,1438.0,1697.0,1697.0,1698.0,1685.0,1685.0,1685.0,6857.0,6857.0,6862.0,1426.0,1426.0,1438.0,1697.0,1697.0,1698.0
0.0,16078.0,5146.0,5095.0,0.0,9448.0,3145.0,3145.0,3158.0,1698.0,1698.0,1699.0,1715.0,1715.0,1716.0,5362.0,5362.0,5354.0,3145.0,3145.0,3158.0,1698.0,1698.0,1699.0
0.0,10932.0,5083.0,5095.0,4290.0,10241.0,3413.0,3413.0,3415.0,1698.0,1698.0,1699.0,1694.0,1694.0,1695.0,3647.0,3647.0,3638.0,3413.0,3413.0,3415.0,1698.0,1698.0,1699.0
0.0,10139.0,5083.0,5094.0,9448.0,5872.0,1962.0,1962.0,1948.0,1698.0,1698.0,1698.0,1694.0,1694.0,1695.0,3379.0,3379.0,3381.0,1962.0,1962.0,1948.0,1698.0,1698.0,1698.0
0.0,14504.0,5268.0,5095.0,10241.0,903.0,305.0,305.0,293.0,1698.0,1698.0,1699.0,1756.0,1756.0,1756.0,4830.0,4830.0,4844.0,305.0,305.0,293.0,1698.0,1698.0,1699.0
0.0,19477.0,4887.0,5095.0,5872.0,0.0,0.0,0.0,0.0,1698.0,1698.0,1699.0,1629.0,1629.0,1629.0,6487.0,6487.0,6503.0,0.0,0.0,0.0,1698.0,1698.0,1699.0
0.0,20462.0,5319.0,5098.0,903.0,4346.0,1444.0,1444.0,1458.0,1699.0,1699.0,1700.0,1773.0,1773.0,1773.0,6820.0,6820.0,6822.0,1444.0,1444.0,1458.0,1699.0,1699.0,1700.0
0.0,16046.0,5122.0,5100.0,0.0,9476.0,3155.0,3155.0,3166.0,1700.0,1700.0,1700.0,1707.0,1707.0,1708.0,5352.0,5352.0,5342.0,3155.0,3155.0,3166.0,1700.0,1700.0,1700.0
0.0,10924.0,5203.0,5101.0,4346.0,10337.0,3445.0,3445.0,3447.0,1700.0,1700.0,1701.0,1734.0,1734.0,1735.0,3645.0,3645.0,3634.0,3445.0,3445.0,3447.0,1700.0,1700.0,1701.0
0.0,10067.0,5071.0,5104.0,9476.0,5944.0,1984.0,1984.0,1976.0,1701.0,1701.0,1702.0,1690.0,1690.0,1691.0,3355.0,3355.0,3357.0,1984.0,1984.0,1976.0,1701.0,1701.0,1702.0
0.0,14472.0,5190.0,5104.0,10337.0,797.0,269.0,269.0,259.0,1701.0,1701.0,1702.0,1730.0,1730.0,1730.0,4820.0,4820.0,4832.0,269.0,269.0,259.0,1701.0,1701.0,1702.0
0.0,19619.0,5247.0,5106.0,5944.0,108.0,38.0,38.0,32.0,1702.0,1702.0,1702.0,1749.0,1749.0,1749.0,6535.0,6535.0,6549.0,38.0,38.0,32.0,1702.0,1702.0,1702.0
0.0,20316.0,5163.0,5107.0,797.0,4478.0,1490.0,1490.0,1498.0,1702.0,1702.0,1703.0,1721.0,1721.0,1721.0,6770.0,6770.0,6776.0,1490.0,1490.0,1498.0,1702.0,1702.0,1703.0
0.0,15950.0,5269.0,5110.0,108.0,9651.0,3212.0,3212.0,3227.0,1703.0,1703.0,1704.0,1756.0,1756.0,1757.0,5318.0,5318.0,5314.0,3212.0,3212.0,3227.0,1703.0,1703.0,1704.0
0.0,10789.0,5191.0,5112.0,4478.0,10372.0,3456.0,3456.0,3460.0,1704.0,1704.0,1704.0,1730.0,1730.0,1731.0,3600.0,3600.0,3589.0,3456.0,3456.0,3460.0,1704.0,1704.0,1704.0
0.0,10076.0,5209.0,5115.0,9651.0,5942.0,1984.0,1984.0,1974.0,1705.0,1705.0,1705.0,1736.0,1736.0,1737.0,3360.0,3360.0,3356.0,1984.0,1984.0,1974.0,1705.0,1705.0,1705.0
0.0,14518.0,5149.0,5115.0,10372.0,719.0,244.0,244.0,231.0,1705.0,1705.0,1705.0,1716.0,1716.0,1717.0,4836.0,4836.0,4846.0,244.0,244.0,231.0,1705.0,1705.0,1705.0
0.0,19741.0,5172.0,5116.0,5942.0,0.0,0.0,0.0,0.0,1705.0,1705.0,1706.0,1724.0,1724.0,1724.0,6576.0,6576.0,6589.0,0.0,0.0,0.0,1705.0,1705.0,1706.0
0.0,20511.0,5235.0,5119.0,719.0,4481.0,1489.0,1489.0,1503.0,1706.0,1706.0,1707.0,1745.0,1745.0,1745.0,6836.0,6836.0,6839.0,1489.0,1489.0,1503.0,1706.0,1706.0,1707.0
0.0,15995.0,5176.0,5122.0,0.0,9669.0,3218.0,3218.0,3233.0,1707.0,1707.0,1708.0,1725.0,1725.0,1726.0,5335.0,5335.0,5325.0,3218.0,3218.0,3233.0,1707.0,1707.0,1708.0
0.0,10819.0,5155.0,5122.0,4481.0,10343.0,3447.0,3447.0,3449.0,1707.0,1707.0,1708.0,1718.0,1718.0,1719.0,3610.0,3610.0,3599.0,3447.0,3447.0,3449.0,1707.0,1707.0,1708.0
0.0,10145.0,5271.0,5127.0,9669.0,5965.0,1994.0,1994.0,1977.0,1709.0,1709.0,1709.0,1757.0,1757.0,1757.0,3381.0,3381.0,3383.0,1994.0,1994.0,1977.0,1709.0,1709.0,1709.0
0.0,14543.0,5122.0,5128.0,10343.0,748.0,254.0,254.0,240.0,1709.0,1709.0,1710.0,1707.0,1707.0,1708.0,4842.0,4842.0,4859.0,254.0,254.0,240.0,1709.0,1709.0,1710.0
0.0,19764.0,5218.0,5128.0,5965.0,3.0,0.0,0.0,3.0,1709.0,1709.0,1710.0,1739.0,1739.0,1740.0,6582.0,6582.0,6600.0,0.0,0.0,3.0,1709.0,1709.0,1710.0
0.0,20511.0,5169.0,5131.0,748.0,4434.0,1472.0,1472.0,1490.0,1710.0,1710.0,1711.0,1723.0,1723.0,1723.0,6837.0,6837.0,6837.0,1472.0,1472.0,1490.0,1710.0,1710.0,1711.0
0.0,16090.0,5173.0,5131.0,3.0,9604.0,3196.0,3196.0,3212.0,1710.0,1710.0,1711.0,1724.0,1724.0,1725.0,5368.0,5368.0,5354.0,3196.0,3196.0,3212.0,1710.0,1710.0,1711.0
0.0,10920.0,5277.0,5134.0,4434.0,10459.0,3487.0,3487.0,3485.0,1711.0,1711.0,1712.0,1759.0,1759.0,1759.0,3644.0,3644.0,3632.0,3487.0,3487.0,3485.0,1711.0,1711.0,1712.0
0.0,10077.0,5182.0,5136.0,9604.0,6045.0,2022.0,2022.0,2001.0,1712.0,1712.0,1712.0,1727.0,1727.0,1728.0,3357.0,3357.0,3363.0,2022.0,2022.0,2001.0,1712.0,1712.0,1712.0
0.0,14499.0,5233.0,5137.0,10459.0,823.0,279.0,279.0,265.0,1712.0,1712.0,1713.0,1744.0,1744.0,1745.0,4826.0,4826.0,4847.0,279.0,279.0,265.0,1712.0,1712.0,1713.0
0.0,19725.0,5260.0,5139.0,6045.0,46.0,14.0,14.0,18.0,1713.0,1713.0,1713.0,1753.0,1753.0,1754.0,6569.0,6569.0,6587.0,14.0,14.0,18.0,1713.0,1713.0,1713.0
0.0,20510.0,5254.0,5140.0,823.0,4481.0,1486.0,1486.0,1509.0,1713.0,1713.0,1714.0,1751.0,1751.0,1752.0,6838.0,6838.0,6834.0,1486.0,1486.0,1509.0,1713.0,1713.0,1714.0
0.0,16079.0,5103.0,5139.0,46.0,9534.0,3173.0,3173.0,3188.0,1713.0,1713.0,1713.0,1701.0,1701.0,1701.0,5366.0,5366.0,5347.0,3173.0,3173.0,3188.0,1713.0,1713.0,1713.0
0.0,11022.0,5121.0,5140.0,4481.0,10178.0,3394.0,3394.0,3390.0,1713.0,1713.0,1714.0,1707.0,1707.0,1707.0,3679.0,3679.0,3664.0,3394.0,3394.0,3390.0,1713.0,1713.0,1714.0
0.0,10382.0,5161.0,5142.0,9534.0,5813.0,1945.0,1945.0,1923.0,1714.0,1714.0,1714.0,1720.0,1720.0,1721.0,3458.0,3458.0,3466.0,1945.0,1945.0,1923.0,1714.0,1714.0,1714.0
0.0,14755.0,5320.0,5146.0,10178.0,971.0,328.0,328.0,315.0,1715.0,1715.0,1716.0,1773.0,1773.0,1774.0,4911.0,4911.0,4933.0,328.0,328.0,315.0,1715.0,1715.0,1716.0
0.0,19613.0,5167.0,5149.0,5813.0,337.0,109.0,109.0,119.0,1716.0,1716.0,1717.0,1722.0,1722.0,1723.0,6532.0,6532.0,6549.0,109.0,109.0,119.0,1716.0,1716.0,1717.0
0.0,20259.0,5146.0,5149.0,971.0,4512.0,1496.0,1496.0,1520.0,1716.0,1716.0,1717.0,1715.0,1715.0,1716.0,6755.0,6755.0,6749.0,1496.0,1496.0,1520.0,1716.0,1716.0,1717.0
0.0,16084.0,5127.0,5149.0,337.0,9302.0,3096.0,3096.0,3110.0,1716.0,1716.0,1717.0,1709.0,1709.0,1709.0,5368.0,5368.0,5348.0,3096.0,3096.0,3110.0,1716.0,1716.0,1717.0
0.0,11294.0,5155.0,5152.0,4512.0,9957.0,3322.0,3322.0,3313.0,1717.0,1717.0,1718.0,1718.0,1718.0,1719.0,3768.0,3768.0,3758.0,3322.0,3322.0,3313.0,1717.0,1717.0,1718.0
0.0,10651.0,5104.0,5152.0,9302.0,5759.0,1927.0,1927.0,1905.0,1717.0,1717.0,1718.0,1701.0,1701.0,1702.0,3546.0,3546.0,3559.0,1927.0,1927.0,1905.0,1717.0,1717.0,1718.0
0.0,14849.0,5128.0,5152.0,9957.0,930.0,314.0,314.0,302.0,1717.0,1717.0,1718.0,1709.0,1709.0,1710.0,4941.0,4941.0,4967.0,314.0,314.0,302.0,1717.0,1717.0,1718.0
0.0,19678.0,5154.0,5155.0,5759.0,337.0,109.0,109.0,119.0,1718.0,1718.0,1719.0,1718.0,1718.0,1718.0,6554.0,6554.0,6570.0,109.0,109.0,119.0,1718.0,1718.0,1719.0
0.0,20283.0,5157.0,5155.0,930.0,4564.0,1514.0,1514.0,1536.0,1718.0,1718.0,1719.0,1719.0,1719.0,1719.0,6763.0,6763.0,6757.0,1514.0,1514.0,1536.0,1718.0,1718.0,1719.0
0.0,16056.0,5040.0,5155.0,337.0,9267.0,3085.0,3085.0,3097.0,1718.0,1718.0,1719.0,1680.0,1680.0,1680.0,5358.0,5358.0,5340.0,3085.0,3085.0,3097.0,1718.0,1718.0,1719.0
0.0,11353.0,5260.0,5157.0,4564.0,9971.0,3328.0,3328.0,3315.0,1719.0,1719.0,1719.0,1753.0,1753.0,1754.0,3787.0,3787.0,3779.0,3328.0,3328.0,3315.0,1719.0,1719.0,1719.0
0.0,10657.0,5173.0,5161.0,9267.0,5893.0,1971.0,1971.0,1951.0,1720.0,1720.0,1721.0,1724.0,1724.0,1725.0,3548.0,3548.0,3561.0,1971.0,1971.0,1951.0,1720.0,1720.0,1721.0
0.0,14751.0,5290.0,5164.0,9971.0,1224.0,410.0,410.0,404.0,1721.0,1721.0,1722.0,1763.0,1763.0,1764.0,4909.0,4909.0,4933.0,410.0,410.0,404.0,1721.0,1721.0,1722.0
0.0,19432.0,5251.0,5164.0,5893.0,582.0,189.0,189.0,204.0,1721.0,1721.0,1722.0,1750.0,1750.0,1751.0,6474.0,6474.0,6484.0,189.0,189.0,204.0,1721.0,1721.0,1722.0
0.0,20074.0,5185.0,5167.0,1224.0,4555.0,1511.0,1511.0,1533.0,1722.0,1722.0,1723.0,1728.0,1728.0,1729.0,6695.0,6695.0,6684.0,1511.0,1511.0,1533.0,1722.0,1722.0,1723.0
0.0,16113.0,5170.0,5170.0,582.0,9155.0,3049.0,3049.0,3057.0,1723.0,1723.0,1724.0,1723.0,1723.0,1724.0,5377.0,5377.0,5359.0,3049.0,3049.0,3057.0,1723.0,1723.0,1724.0
0.0,11525.0,5248.0,5175.0,4555.0,9868.0,3295.0,3295.0,3278.0,1725.0,1725.0,1725.0,1749.0,1749.0,1750.0,3843.0,3843.0,3839.0,3295.0,3295.0,3278.0,1725.0,1725.0,1725.0
0.0,10832.0,5263.0,5179.0,9155.0,5992.0,2004.0,2004.0,1984.0,1726.0,1726.0,1727.0,1754.0,1754.0,1755.0,3605.0,3605.0,3622.0,2004.0,2004.0,1984.0,1726.0,1726.0,1727.0
0.0,14724.0,5218.0,5182.0,9868.0,1354.0,452.0,452.0,450.0,1727.0,1727.0,1728.0,1739.0,1739.0,1740.0,4900.0,4900.0,4924.0,452.0,452.0,450.0,1727.0,1727.0,1728.0
0.0,19374.0,5217.0,5182.0,5992.0,579.0,187.0,187.0,205.0,1727.0,1727.0,1728.0,1739.0,1739.0,1739.0,6456.0,6456.0,6462.0,187.0,187.0,205.0,1727.0,1727.0,1728.0
0.0,20149.0,5122.0,5184.0,1354.0,4355.0,1446.0,1446.0,1463.0,1728.0,1728.0,1728.0,1707.0,1707.0,1708.0,6721.0,6721.0,6707.0,1446.0,1446.0,1463.0,1728.0,1728.0,1728.0
0.0,16381.0,5157.0,5185.0,579.0,8937.0,2978.0,2978.0,2981.0,1728.0,1728.0,1729.0,1719.0,1719.0,1719.0,5466.0,5466.0,5449.0,2978.0,2978.0,2981.0,1728.0,1728.0,1729.0
0.0,11803.0,5128.0,5182.0,4355.0,9698.0,3237.0,3237.0,3224.0,1727.0,1727.0,1728.0,1709.0,1709.0,1710.0,3934.0,3934.0,3935.0,3237.0,3237.0,3224.0,1727.0,1727.0,1728.0
0.0,11030.0,5191.0,5188.0,8937.0,5976.0,1997.0,1997.0,1982.0,1729.0,1729.0,1730.0,1730.0,1730.0,1731.0,3671.0,3671.0,3688.0,1997.0,1997.0,1982.0,1729.0,1729.0,1730.0
0.0,14776.0,5176.0,5185.0,9698.0,1442.0,481.0,481.0,480.0,1728.0,1728.0,1729.0,1725.0,1725.0,1726.0,4919.0,4919.0,4938.0,481.0,481.0,480.0,1728.0,1728.0,1729.0
0.0,19298.0,5182.0,5187.0,5976.0,656.0,215.0,215.0,226.0,1729.0,1729.0,1729.0,1727.0,1727.0,1728.0,6431.0,6431.0,6436.0,215.0,215.0,226.0,1729.0,1729.0,1729.0
0.0,20092.0,5172.0,5185.0,1442.0,4378.0,1454.0,1454.0,1470.0,1728.0,1728.0,1729.0,1724.0,1724.0,1724.0,6701.0,6701.0,6690.0,1454.0,1454.0,1470.0,1728.0,1728.0,1729.0
0.0,16362.0,5110.0,5187.0,656.0,8840.0,2946.0,2946.0,2948.0,1729.0,1729.0,1729.0,1703.0,1703.0,1704.0,5458.0,5458.0,5446.0,2946.0,2946.0,2948.0,1729.0,1729.0,1729.0
0.0,11908.0,5317.0,5190.0,4378.0,9791.0,3268.0,3268.0,3255.0,1730.0,1730.0,1730.0,1772.0,1772.0,1773.0,3970.0,3970.0,3968.0,3268.0,3268.0,3255.0,1730.0,1730.0,1730.0
0.0,10969.0,5199.0,5188.0,8840.0,6142.0,2051.0,2051.0,2040.0,1729.0,1729.0,1730.0,1733.0,1733.0,1733.0,3652.0,3652.0,3665.0,2051.0,2051.0,2040.0,1729.0,1729.0,1730.0
0.0,14610.0,5230.0,5190.0,9791.0,1589.0,530.0,530.0,529.0,1730.0,1730.0,1730.0,1743.0,1743.0,1744.0,4865.0,4865.0,4880.0,530.0,530.0,529.0,1730.0,1730.0,1730.0
0.0,19171.0,5179.0,5188.0,6142.0,618.0,201.0,201.0,216.0,1729.0,1729.0,1730.0,1726.0,1726.0,1727.0,6390.0,6390.0,6391.0,201.0,201.0,216.0,1729.0,1729.0,1730.0
0.0,20134.0,5197.0,5188.0,1589.0,4226.0,1403.0,1403.0,1420.0,1729.0,1729.0,1730.0,1732.0,1732.0,1733.0,6715.0,6715.0,6704.0,1403.0,1403.0,1420.0,1729.0,1729.0,1730.0
0.0,16526.0,5278.0,5190.0,618.0,8894.0,2965.0,2965.0,2964.0,1730.0,1730.0,1730.0,1759.0,1759.0,1760.0,5513.0,5513.0,5500.0,2965.0,2965.0,2964.0,1730.0,1730.0,1730.0
0.0,11866.0,5104.0,5188.0,4226.0,9764.0,3259.0,3259.0,3246.0,1729.0,1729.0,1730.0,1701.0,1701.0,1702.0,3955.0,3955.0,3956.0,3259.0,3259.0,3246.0,1729.0,1729.0,1730.0
0.0,10988.0,5239.0,5190.0,8894.0,6117.0,2044.0,2044.0,2029.0,1730.0,1730.0,1730.0,1746.0,1746.0,1747.0,3657.0,3657.0,3674.0,2044.0,2044.0,2029.0,1730.0,1730.0,1730.0
0.0,14643.0,5206.0,5188.0,9764.0,1551.0,516.0,516.0,519.0,1729.0,1729.0,1730.0,1735.0,1735.0,1736.0,4876.0,4876.0,4891.0,516.0,516.0,519.0,1729.0,1729.0,1730.0
0.0,19201.0,5074.0,5188.0,6117.0,508.0,163.0,163.0,182.0,1729.0,1729.0,1730.0,1691.0,1691.0,1692.0,6400.0,6400.0,6401.0,163.0,163.0,182.0,1729.0,1729.0,1730.0
0.0,20244.0,5385.0,5191.0,1551.0,4354.0,1446.0,1446.0,1462.0,1730.0,1730.0,1731.0,1795.0,1795.0,1795.0,6753.0,6753.0,6738.0,1446.0,1446.0,1462.0,1730.0,1730.0,1731.0
0.0,16410.0,5332.0,5193.0,508.0,9186.0,3064.0,3064.0,3058.0,1731.0,1731.0,1731.0,1777.0,1777.0,1778.0,5474.0,5474.0,5462.0,3064.0,3064.0,3058.0,1731.0,1731.0,1731.0
0.0,11586.0,5359.0,5197.0,4354.0,10207.0,3408.0,3408.0,3391.0,1732.0,1732.0,1733.0,1786.0,1786.0,1787.0,3860.0,3860.0,3866.0,3408.0,3408.0,3391.0,1732.0,1732.0,1733.0
0.0,10581.0,5160.0,5197.0,9186.0,6181.0,2064.0,2064.0,2053.0,1732.0,1732.0,1733.0,1720.0,1720.0,1720.0,3520.0,3520.0,3541.0,2064.0,2064.0,2053.0,1732.0,1732.0,1733.0
0.0,14607.0,5226.0,5197.0,10207.0,1200.0,398.0,398.0,404.0,1732.0,1732.0,1733.0,1742.0,1742.0,1742.0,4864.0,4864.0,4879.0,398.0,398.0,404.0,1732.0,1732.0,1733.0
0.0,19588.0,5332.0,5200.0,6181.0,363.0,115.0,115.0,133.0,1733.0,1733.0,1734.0,1777.0,1777.0,1778.0,6530.0,6530.0,6528.0,115.0,115.0,133.0,1733.0,1733.0,1734.0
0.0,20437.0,5323.0,5202.0,1200.0,4494.0,1495.0,1495.0,1504.0,1734.0,1734.0,1734.0,1774.0,1774.0,1775.0,6817.0,6817.0,6803.0,1495.0,1495.0,1504.0,1734.0,1734.0,1734.0
0.0,16314.0,5260.0,5203.0,363.0,9395.0,3133.0,3133.0,3129.0,1734.0,1734.0,1735.0,1753.0,1753.0,1754.0,5441.0,5441.0,5432.0,3133.0,3133.0,3129.0,1734.0,1734.0,1735.0
0.0,11417.0,5182.0,5202.0,4494.0,10079.0,3365.0,3365.0,3349.0,1734.0,1734.0,1734.0,1727.0,1727.0,1728.0,3803.0,3803.0,3811.0,3365.0,3365.0,3349.0,1734.0,1734.0,1734.0
0.0,10729.0,5226.0,5200.0,9395.0,5902.0,1970.0,1970.0,1962.0,1733.0,1733.0,1734.0,1742.0,1742.0,1742.0,3571.0,3571.0,3587.0,1970.0,1970.0,1962.0,1733.0,1733.0,1734.0
0.0,14898.0,5248.0,5200.0,10079.0,1071.0,354.0,354.0,363.0,1733.0,1733.0,1734.0,1749.0,1749.0,1750.0,4962.0,4962.0,4974.0,354.0,354.0,363.0,1733.0,1733.0,1734.0
0.0,19729.0,5235.0,5203.0,5902.0,416.0,133.0,133.0,150.0,1734.0,1734.0,1735.0,1745.0,1745.0,1745.0,6578.0,6578.0,6573.0,133.0,133.0,150.0,1734.0,1734.0,1735.0
0.0,20396.0,5113.0,5203.0,1071.0,4458.0,1483.0,1483.0,1492.0,1734.0,1734.0,1735.0,1704.0,1704.0,1705.0,6803.0,6803.0,6790.0,1483.0,1483.0,1492.0,1734.0,1734.0,1735.0
0.0,16354.0,5340.0,5206.0,416.0,9394.0,3134.0,3134.0,3126.0,1735.0,1735.0,1736.0,1780.0,1780.0,1780.0,5453.0,5453.0,5448.0,3134.0,3134.0,3126.0,1735.0,1735.0,1736.0
0.0,11430.0,5227.0,5206.0,4458.0,10163.0,3393.0,3393.0,3377.0,1735.0,1735.0,1736.0,1742.0,1742.0,1743.0,3806.0,3806.0,3818.0,3393.0,3393.0,3377.0,1735.0,1735.0,1736.0
0.0,10661.0,5242.0,5206.0,9394.0,6011.0,2006.0,2006.0,1999.0,1735.0,1735.0,1736.0,1747.0,1747.0,1748.0,3547.0,3547.0,3567.0,2006.0,2006.0,1999.0,1735.0,1735.0,1736.0
0.0,14813.0,5040.0,5205.0,10163.0,884.0,293.0,293.0,298.0,1735.0,1735.0,1735.0,1680.0,1680.0,1680.0,4934.0,4934.0,4945.0,293.0,293.0,298.0,1735.0,1735.0,1735.0
0.0,19936.0,5269.0,5206.0,6011.0,146.0,43.0,43.0,60.0,1735.0,1735.0,1736.0,1756.0,1756.0,1757.0,6647.0,6647.0,6642.0,43.0,43.0,60.0,1735.0,1735.0,1736.0
0.0,20678.0,5355.0,5211.0,884.0,4637.0,1543.0,1543.0,1551.0,1737.0,1737.0,1737.0,1785.0,1785.0,1785.0,6897.0,6897.0,6884.0,1543.0,1543.0,1551.0,1737.0,1737.0,1737.0
0.0,16207.0,5149.0,5212.0,146.0,9644.0,3216.0,3216.0,3212.0,1737.0,1737.0,1738.0,1716.0,1716.0,1717.0,5405.0,5405.0,5397.0,3216.0,3216.0,3212.0,1737.0,1737.0,1738.0
0.0,11204.0,5278.0,5215.0,4637.0,10297.0,3436.0,3436.0,3425.0,1738.0,1738.0,1739.0,1759.0,1759.0,1760.0,3732.0,3732.0,3740.0,3436.0,3436.0,3425.0,1738.0,1738.0,1739.0
0.0,10563.0,5209.0,5215.0,9644.0,5862.0,1956.0,1956.0,1950.0,1738.0,1738.0,1739.0,1736.0,1736.0,1737.0,3516.0,3516.0,3531.0,1956.0,1956.0,1950.0,1738.0,1738.0,1739.0
0.0,14998.0,5343.0,5220.0,10297.0,928.0,309.0,309.0,310.0,1740.0,1740.0,1740.0,1781.0,1781.0,1781.0,4996.0,4996.0,5006.0,309.0,309.0,310.0,1740.0,1740.0,1740.0
0.0,19952.0,5340.0,5224.0,5862.0,422.0,137.0,137.0,148.0,1741.0,1741.0,1742.0,1780.0,1780.0,1780.0,6651.0,6651.0,6650.0,137.0,137.0,148.0,1741.0,1741.0,1742.0
0.0,20474.0,5260.0,5224.0,928.0,4754.0,1581.0,1581.0,1592.0,1741.0,1741.0,1742.0,1753.0,1753.0,1754.0,6827.0,6827.0,6820.0,1581.0,1581.0,1592.0,1741.0,1741.0,1742.0
0.0,16142.0,5314.0,5227.0,422.0,9658.0,3219.0,3219.0,3220.0,1742.0,1742.0,1743.0,1771.0,1771.0,1772.0,5383.0,5383.0,5376.0,3219.0,3219.0,3220.0,1742.0,1742.0,1743.0
0.0,11250.0,5176.0,5226.0,4754.0,10076.0,3363.0,3363.0,3350.0,1742.0,1742.0,1742.0,1725.0,1725.0,1726.0,3749.0,3749.0,3752.0,3363.0,3363.0,3350.0,1742.0,1742.0,1742.0
0.0,10828.0,5233.0,5226.0,9658.0,5651.0,1888.0,1888.0,1875.0,1742.0,1742.0,1742.0,1744.0,1744.0,1745.0,3605.0,3605.0,3618.0,1888.0,1888.0,1875.0,1742.0,1742.0,1742.0
0.0,15253.0,5289.0,5227.0,10076.0,868.0,288.0,288.0,292.0,1742.0,1742.0,1743.0,1763.0,1763.0,1763.0,5080.0,5080.0,5093.0,288.0,288.0,292.0,1742.0,1742.0,1743.0
0.0,20040.0,5064.0,5226.0,5651.0,277.0,88.0,88.0,101.0,1742.0,1742.0,1742.0,1688.0,1688.0,1688.0,6680.0,6680.0,6680.0,88.0,88.0,101.0,1742.0,1742.0,1742.0
0.0,20627.0,5133.0,5223.0,868.0,4530.0,1507.0,1507.0,1516.0,1741.0,1741.0,1741.0,1711.0,1711.0,1711.0,6880.0,6880.0,6867.0,1507.0,1507.0,1516.0,1741.0,1741.0,1741.0
0.0,16362.0,5136.0,5221.0,277.0,9381.0,3127.0,3127.0,3127.0,1740.0,1740.0,1741.0,1712.0,1712.0,1712.0,5457.0,5457.0,5448.0,3127.0,3127.0,3127.0,1740.0,1740.0,1741.0
0.0,11503.0,5184.0,5220.0,4530.0,10031.0,3348.0,3348.0,3335.0,1740.0,1740.0,1740.0,1728.0,1728.0,1728.0,3833.0,3833.0,3837.0,3348.0,3348.0,3335.0,1740.0,1740.0,1740.0
0.0,10849.0,5227.0,5220.0,9381.0,5877.0,1963.0,1963.0,1951.0,1740.0,1740.0,1740.0,1742.0,1742.0,1743.0,3612.0,3612.0,3625.0,1963.0,1963.0,1951.0,1740.0,1740.0,1740.0
0.0,15003.0,5245.0,5223.0,10031.0,1103.0,367.0,367.0,369.0,1741.0,1741.0,1741.0,1748.0,1748.0,1749.0,4997.0,4997.0,5009.0,367.0,367.0,369.0,1741.0,1741.0,1741.0
0.0,19789.0,5248.0,5224.0,5877.0,478.0,153.0,153.0,172.0,1741.0,1741.0,1742.0,1749.0,1749.0,1750.0,6597.0,6597.0,6595.0,153.0,153.0,172.0,1741.0,1741.0,1742.0
0.0,20418.0,5199.0,5226.0,1103.0,4582.0,1523.0,1523.0,1536.0,1742.0,1742.0,1742.0,1733.0,1733.0,1733.0,6811.0,6811.0,6796.0,1523.0,1523.0,1536.0,1742.0,1742.0,1742.0
0.0,16322.0,5302.0,5227.0,478.0,9410.0,3137.0,3137.0,3136.0,1742.0,1742.0,1743.0,1767.0,1767.0,1768.0,5445.0,5445.0,5432.0,3137.0,3137.0,3136.0,1742.0,1742.0,1743.0
0.0,11498.0,5293.0,5230.0,4582.0,10133.0,3382.0,3382.0,3369.0,1743.0,1743.0,1744.0,1764.0,1764.0,1765.0,3831.0,3831.0,3836.0,3382.0,3382.0,3369.0,1743.0,1743.0,1744.0
0.0,10787.0,5244.0,5232.0,9410.0,5975.0,1997.0,1997.0,1981.0,1744.0,1744.0,1744.0,1748.0,1748.0,1748.0,3590.0,3590.0,3607.0,1997.0,1997.0,1981.0,1744.0,1744.0,1744.0
0.0,14953.0,5395.0,5236.0,10133.0,1253.0,417.0,417.0,419.0,1745.0,1745.0,1746.0,1798.0,1798.0,1799.0,4979.0,4979.0,4995.0,417.0,417.0,419.0,1745.0,1745.0,1746.0
0.0,19691.0,5323.0,5239.0,5975.0,613.0,198.0,198.0,217.0,1746.0,1746.0,1747.0,1774.0,1774.0,1775.0,6563.0,6563.0,6565.0,198.0,198.0,217.0,1746.0,1746.0,1747.0
0.0,20343.0,5446.0,5242.0,1253.0,4818.0,1600.0,1600.0,1618.0,1747.0,1747.0,1748.0,1815.0,1815.0,1816.0,6786.0,6786.0,6771.0,1600.0,1600.0,1618.0,1747.0,1747.0,1748.0
0.0,16150.0,5350.0,5245.0,613.0,9567.0,3189.0,3189.0,3189.0,1748.0,1748.0,1749.0,1783.0,1783.0,1784.0,5388.0,5388.0,5374.0,3189.0,3189.0,3189.0,1748.0,1748.0,1749.0
0.0,11413.0,5362.0,5248.0,4818.0,10123.0,3380.0,3380.0,3363.0,1749.0,1749.0,1750.0,1787.0,1787.0,1788.0,3803.0,3803.0,3807.0,3380.0,3380.0,3363.0,1749.0,1749.0,1750.0
0.0,10869.0,5350.0,5251.0,9567.0,5918.0,1978.0,1978.0,1962.0,1750.0,1750.0,1751.0,1783.0,1783.0,1784.0,3616.0,3616.0,3637.0,1978.0,1978.0,1962.0,1750.0,1750.0,1751.0
0.0,15086.0,5239.0,5251.0,10123.0,1034.0,344.0,344.0,346.0,1750.0,1750.0,1751.0,1746.0,1746.0,1747.0,5022.0,5022.0,5042.0,344.0,344.0,346.0,1750.0,1750.0,1751.0
0.0,19970.0,5287.0,5251.0,5918.0,403.0,128.0,128.0,147.0,1750.0,1750.0,1751.0,1762.0,1762.0,1763.0,6656.0,6656.0,6658.0,128.0,128.0,147.0,1750.0,1750.0,1751.0
0.0,20601.0,5422.0,5257.0,1034.0,4815.0,1599.0,1599.0,1617.0,1752.0,1752.0,1753.0,1807.0,1807.0,1808.0,6872.0,6872.0,6857.0,1599.0,1599.0,1617.0,1752.0,1752.0,1753.0
0.0,16213.0,5287.0,5259.0,403.0,9707.0,3237.0,3237.0,3233.0,1753.0,1753.0,1753.0,1762.0,1762.0,1763.0,5409.0,5409.0,5395.0,3237.0,3237.0,3233.0,1753.0,1753.0,1753.0
0.0,11329.0,5389.0,5263.0,4815.0,10297.0,3438.0,3438.0,3421.0,1754.0,1754.0,1755.0,1796.0,1796.0,1797.0,3775.0,3775.0,3779.0,3438.0,3438.0,3421.0,1754.0,1754.0,1755.0
0.0,10755.0,5359.0,5268.0,9707.0,5969.0,1995.0,1995.0,1979.0,1756.0,1756.0,1756.0,1786.0,1786.0,1787.0,3578.0,3578.0,3599.0,1995.0,1995.0,1979.0,1756.0,1756.0,1756.0
0.0,15103.0,5380.0,5268.0,10297.0,1052.0,350.0,350.0,352.0,1756.0,1756.0,1756.0,1793.0,1793.0,1794.0,5029.0,5029.0,5045.0,350.0,350.0,352.0,1756.0,1756.0,1756.0
0.0,20020.0,5332.0,5268.0,5969.0,415.0,132.0,132.0,151.0,1756.0,1756.0,1756.0,1777.0,1777.0,1778.0,6674.0,6674.0,6672.0,132.0,132.0,151.0,1756.0,1756.0,1756.0
0.0,20657.0,5314.0,5266.0,1052.0,4669.0,1549.0,1549.0,1571.0,1755.0,1755.0,1756.0,1771.0,1771.0,1772.0,6892.0,6892.0,6873.0,1549.0,1549.0,1571.0,1755.0,1755.0,1756.0
0.0,16395.0,5214.0,5268.0,415.0,9476.0,3159.0,3159.0,3158.0,1756.0,1756.0,1756.0,1738.0,1738.0,1738.0,5471.0,5471.0,5453.0,3159.0,3159.0,3158.0,1756.0,1756.0,1756.0
0.0,11596.0,5254.0,5269.0,4669.0,10065.0,3361.0,3361.0,3343.0,1756.0,1756.0,1757.0,1751.0,1751.0,1752.0,3865.0,3865.0,3866.0,3361.0,3361.0,3343.0,1756.0,1756.0,1757.0
0.0,11011.0,5286.0,5268.0,9476.0,5871.0,1964.0,1964.0,1943.0,1756.0,1756.0,1756.0,1762.0,1762.0,1762.0,3663.0,3663.0,3685.0,1964.0,1964.0,1943.0,1756.0,1756.0,1756.0
0.0,15201.0,5349.0,5268.0,10065.0,1155.0,386.0,386.0,383.0,1756.0,1756.0,1756.0,1783.0,1783.0,1783.0,5060.0,5060.0,5081.0,386.0,386.0,383.0,1756.0,1756.0,1756.0
0.0,19917.0,5416.0,5271.0,5871.0,712.0,231.0,231.0,250.0,1757.0,1757.0,1757.0,1805.0,1805.0,1806.0,6638.0,6638.0,6641.0,231.0,231.0,250.0,1757.0,1757.0,1757.0
0.0,20372.0,5316.0,5274.0,1155.0,4885.0,1621.0,1621.0,1643.0,1758.0,1758.0,1758.0,1772.0,1772.0,1772.0,6797.0,6797.0,6778.0,1621.0,1621.0,1643.0,1758.0,1758.0,1758.0
0.0,16211.0,5308.0,5275.0,712.0,9485.0,3159.0,3159.0,3167.0,1758.0,1758.0,1759.0,1769.0,1769.0,1770.0,5411.0,5411.0,5389.0,3159.0,3159.0,3167.0,1758.0,1758.0,1759.0
0.0,11615.0,5364.0,5278.0,4885.0,9976.0,3330.0,3330.0,3316.0,1759.0,1759.0,1760.0,1788.0,1788.0,1788.0,3873.0,3873.0,3869.0,3330.0,3330.0,3316.0,1759.0,1759.0,1760.0
0.0,11136.0,5260.0,5278.0,9485.0,5751.0,1924.0,1924.0,1903.0,1759.0,1759.0,1760.0,1753.0,1753.0,1754.0,3706.0,3706.0,3724.0,1924.0,1924.0,1903.0,1759.0,1759.0,1760.0
0.0,15361.0,5340.0,5283.0,9976.0,1135.0,382.0,382.0,371.0,1761.0,1761.0,1761.0,1780.0,1780.0,1780.0,5112.0,5112.0,5137.0,382.0,382.0,371.0,1761.0,1761.0,1761.0
0.0,19997.0,5301.0,5281.0,5751.0,677.0,221.0,221.0,235.0,1760.0,1760.0,1761.0,1767.0,1767.0,1767.0,6662.0,6662.0,6673.0,221.0,221.0,235.0,1760.0,1760.0,1761.0
0.0,20447.0,5428.0,5286.0,1135.0,4990.0,1656.0,1656.0,1678.0,1762.0,1762.0,1762.0,1809.0,1809.0,1810.0,6819.0,6819.0,6809.0,1656.0,1656.0,1678.0,1762.0,1762.0,1762.0
0.0,16154.0,5236.0,5286.0,677.0,9549.0,3180.0,3180.0,3189.0,1762.0,1762.0,1762.0,1745.0,1745.0,1746.0,5392.0,5392.0,5370.0,3180.0,3180.0,3189.0,1762.0,1762.0,1762.0
0.0,11595.0,5251.0,5290.0,4990.0,9826.0,3278.0,3278.0,3270.0,1763.0,1763.0,1764.0,1750.0,1750.0,1751.0,3868.0,3868.0,3859.0,3278.0,3278.0,3270.0,1763.0,1763.0,1764.0
0.0,11334.0,5122.0,5287.0,9549.0,5387.0,1801.0,1801.0,1785.0,1762.0,1762.0,1763.0,1707.0,1707.0,1708.0,3774.0,3774.0,3786.0,1801.0,1801.0,1785.0,1762.0,1762.0,1763.0
0.0,15761.0,5376.0,5287.0,9826.0,937.0,315.0,315.0,307.0,1762.0,1762.0,1763.0,1792.0,1792.0,1792.0,5247.0,5247.0,5267.0,315.0,315.0,307.0,1762.0,1762.0,1763.0
0.0,20211.0,5434.0,5293.0,5387.0,1008.0,333.0,333.0,342.0,1764.0,1764.0,1765.0,1811.0,1811.0,1812.0,6733.0,6733.0,6745.0,333.0,333.0,342.0,1764.0,1764.0,1765.0
0.0,20164.0,5428.0,5296.0,937.0,5511.0,1831.0,1831.0,1849.0,1765.0,1765.0,1766.0,1809.0,1809.0,1810.0,6723.0,6723.0,6718.0,1831.0,1831.0,1849.0,1765.0,1765.0,1766.0
0.0,15673.0,5293.0,5296.0,1008.0,9796.0,3262.0,3262.0,3272.0,1765.0,1765.0,1766.0,1764.0,1764.0,1765.0,5229.0,5229.0,5215.0,3262.0,3262.0,3272.0,1765.0,1765.0,1766.0
0.0,11388.0,5269.0,5296.0,5511.0,9554.0,3187.0,3187.0,3180.0,1765.0,1765.0,1766.0,1756.0,1756.0,1757.0,3798.0,3798.0,3792.0,3187.0,3187.0,3180.0,1765.0,1765.0,1766.0
0.0,11630.0,5260.0,5293.0,9796.0,5006.0,1674.0,1674.0,1658.0,1764.0,1764.0,1765.0,1753.0,1753.0,1754.0,3873.0,3873.0,3884.0,1674.0,1674.0,1658.0,1764.0,1764.0,1765.0
0.0,16166.0,5239.0,5293.0,9554.0,691.0,233.0,233.0,225.0,1764.0,1764.0,1765.0,1746.0,1746.0,1747.0,5382.0,5382.0,5402.0,233.0,233.0,225.0,1764.0,1764.0,1765.0
0.0,20481.0,5239.0,5293.0,5006.0,924.0,305.0,305.0,314.0,1764.0,1764.0,1765.0,1746.0,1746.0,1747.0,6823.0,6823.0,6835.0,305.0,305.0,314.0,1764.0,1764.0,1765.0
0.0,20248.0,5307.0,5295.0,691.0,5548.0,1845.0,1845.0,1858.0,1765.0,1765.0,1765.0,1769.0,1769.0,1769.0,6751.0,6751.0,6746.0,1845.0,1845.0,1858.0,1765.0,1765.0,1765.0
0.0,15632.0,5308.0,5296.0,924.0,9936.0,3309.0,3309.0,3318.0,1765.0,1765.0,1766.0,1769.0,1769.0,1770.0,5215.0,5215.0,5202.0,3309.0,3309.0,3318.0,1765.0,1765.0,1766.0
0.0,11248.0,5311.0,5296.0,5548.0,9699.0,3234.0,3234.0,3231.0,1765.0,1765.0,1766.0,1770.0,1770.0,1771.0,3751.0,3751.0,3746.0,3234.0,3234.0,3231.0,1765.0,1765.0,1766.0
0.0,11485.0,5338.0,5302.0,9936.0,5125.0,1712.0,1712.0,1701.0,1767.0,1767.0,1768.0,1779.0,1779.0,1780.0,3826.0,3826.0,3833.0,1712.0,1712.0,1701.0,1767.0,1767.0,1768.0
0.0,16083.0,5419.0,5308.0,9699.0,869.0,292.0,292.0,285.0,1769.0,1769.0,1770.0,1806.0,1806.0,1807.0,5356.0,5356.0,5371.0,292.0,292.0,285.0,1769.0,1769.0,1770.0
0.0,20363.0,5347.0,5311.0,5125.0,1103.0,366.0,366.0,371.0,1770.0,1770.0,1771.0,1782.0,1782.0,1783.0,6784.0,6784.0,6795.0,366.0,366.0,371.0,1770.0,1770.0,1771.0
0.0,20141.0,5335.0,5314.0,869.0,5581.0,1856.0,1856.0,1869.0,1771.0,1771.0,1772.0,1778.0,1778.0,1779.0,6714.0,6714.0,6713.0,1856.0,1856.0,1869.0,1771.0,1771.0,1772.0
0.0,15675.0,5341.0,5317.0,1103.0,9831.0,3274.0,3274.0,3283.0,1772.0,1772.0,1773.0,1780.0,1780.0,1781.0,5228.0,5228.0,5219.0,3274.0,3274.0,3283.0,1772.0,1772.0,1773.0
0.0,11437.0,5490.0,5320.0,5581.0,9752.0,3252.0,3252.0,3248.0,1773.0,1773.0,1774.0,1830.0,1830.0,1830.0,3814.0,3814.0,3809.0,3252.0,3252.0,3248.0,1773.0,1773.0,1774.0
0.0,11528.0,5314.0,5323.0,9831.0,5247.0,1753.0,1753.0,1741.0,1774.0,1774.0,1775.0,1771.0,1771.0,1772.0,3840.0,3840.0,3848.0,1753.0,1753.0,1741.0,1774.0,1774.0,1775.0
0.0,16045.0,5251.0,5323.0,9752.0,746.0,251.0,251.0,244.0,1774.0,1774.0,1775.0,1750.0,1750.0,1751.0,5343.0,5343.0,5359.0,251.0,251.0,244.0,1774.0,1774.0,1775.0
0.0,20546.0,5329.0,5323.0,5247.0,828.0,274.0,274.0,280.0,1774.0,1774.0,1775.0,1776.0,1776.0,1777.0,6845.0,6845.0,6856.0,274.0,274.0,280.0,1774.0,1774.0,1775.0
0.0,20464.0,5308.0,5323.0,746.0,5390.0,1792.0,1792.0,1806.0,1774.0,1774.0,1775.0,1769.0,1769.0,1770.0,6822.0,6822.0,6820.0,1792.0,1792.0,1806.0,1774.0,1774.0,1775.0
0.0,15902.0,5455.0,5329.0,828.0,10041.0,3344.0,3344.0,3353.0,1776.0,1776.0,1777.0,1818.0,1818.0,1819.0,5304.0,5304.0,5294.0,3344.0,3344.0,3353.0,1776.0,1776.0,1777.0
0.0,11275.0,5425.0,5329.0,5390.0,10076.0,3360.0,3360.0,3356.0,1776.0,1776.0,1777.0,1808.0,1808.0,1809.0,3760.0,3760.0,3755.0,3360.0,3360.0,3356.0,1776.0,1776.0,1777.0
0.0,11240.0,5380.0,5329.0,10041.0,5415.0,1809.0,1809.0,1797.0,1776.0,1776.0,1777.0,1793.0,1793.0,1794.0,3744.0,3744.0,3752.0,1809.0,1809.0,1797.0,1776.0,1776.0,1777.0
0.0,15901.0,5443.0,5329.0,10076.0,782.0,263.0,263.0,256.0,1776.0,1776.0,1777.0,1814.0,1814.0,1815.0,5295.0,5295.0,5311.0,263.0,263.0,256.0,1776.0,1776.0,1777.0
0.0,20534.0,5374.0,5331.0,5415.0,749.0,249.0,249.0,251.0,1777.0,1777.0,1777.0,1791.0,1791.0,1792.0,6841.0,6841.0,6852.0,249.0,249.0,251.0,1777.0,1777.0,1777.0
0.0,20575.0,5485.0,5332.0,782.0,5456.0,1814.0,1814.0,1828.0,1777.0,1777.0,1778.0,1828.0,1828.0,1829.0,6859.0,6859.0,6857.0,1814.0,1814.0,1828.0,1777.0,1777.0,1778.0
0.0,15872.0,5407.0,5334.0,749.0,10122.0,3371.0,3371.0,3380.0,1778.0,1778.0,1778.0,1802.0,1802.0,1803.0,5294.0,5294.0,5284.0,3371.0,3371.0,3380.0,1778.0,1778.0,1778.0
0.0,11214.0,5374.0,5337.0,5456.0,10052.0,3352.0,3352.0,3348.0,1779.0,1779.0,1779.0,1791.0,1791.0,1792.0,3741.0,3741.0,3732.0,3352.0,3352.0,3348.0,1779.0,1779.0,1779.0
0.0,11296.0,5344.0,5338.0,10122.0,5278.0,1762.0,1762.0,1754.0,1779.0,1779.0,1780.0,1781.0,1781.0,1782.0,3764.0,3764.0,3768.0,1762.0,1762.0,1754.0,1779.0,1779.0,1780.0
0.0,16074.0,5443.0,5338.0,10052.0,669.0,224.0,224.0,221.0,1779.0,1779.0,1780.0,1814.0,1814.0,1815.0,5354.0,5354.0,5366.0,224.0,224.0,221.0,1779.0,1779.0,1780.0
0.0,20683.0,5464.0,5341.0,5278.0,867.0,287.0,287.0,293.0,1780.0,1780.0,1781.0,1821.0,1821.0,1822.0,6892.0,6892.0,6899.0,287.0,287.0,293.0,1780.0,1780.0,1781.0
0.0,20497.0,5446.0,5343.0,669.0,5652.0,1882.0,1882.0,1888.0,1781.0,1781.0,1781.0,1815.0,1815.0,1816.0,6833.0,6833.0,6831.0,1882.0,1882.0,1888.0,1781.0,1781.0,1781.0
0.0,15720.0,5553.0,5347.0,867.0,10354.0,3450.0,3450.0,3454.0,1782.0,1782.0,1783.0,1851.0,1851.0,1851.0,5242.0,5242.0,5236.0,3450.0,3450.0,3454.0,1782.0,1782.0,1783.0
0.0,11034.0,5305.0,5344.0,5652.0,9995.0,3332.0,3332.0,3331.0,1781.0,1781.0,1782.0,1768.0,1768.0,1769.0,3678.0,3678.0,3678.0,3332.0,3332.0,3331.0,1781.0,1781.0,1782.0
0.0,11381.0,5320.0,5344.0,10354.0,4961.0,1655.0,1655.0,1651.0,1781.0,1781.0,1782.0,1773.0,1773.0,1774.0,3792.0,3792.0,3797.0,1655.0,1655.0,1651.0,1781.0,1781.0,1782.0
0.0,16415.0,5400.0,5347.0,9995.0,378.0,127.0,127.0,124.0,1782.0,1782.0,1783.0,1800.0,1800.0,1800.0,5469.0,5469.0,5477.0,127.0,127.0,124.0,1782.0,1782.0,1783.0
0.0,21010.0,5455.0,5350.0,4961.0,884.0,294.0,294.0,296.0,1783.0,1783.0,1784.0,1818.0,1818.0,1819.0,7001.0,7001.0,7008.0,294.0,294.0,296.0,1783.0,1783.0,1784.0
0.0,20516.0,5403.0,5353.0,378.0,5921.0,1972.0,1972.0,1977.0,1784.0,1784.0,1785.0,1801.0,1801.0,1801.0,6838.0,6838.0,6840.0,1972.0,1972.0,1977.0,1784.0,1784.0,1785.0
0.0,15491.0,5436.0,5356.0,884.0,10485.0,3494.0,3494.0,3497.0,1785.0,1785.0,1786.0,1812.0,1812.0,1812.0,5164.0,5164.0,5163.0,3494.0,3494.0,3497.0,1785.0,1785.0,1786.0
0.0,10939.0,5278.0,5356.0,5921.0,9842.0,3281.0,3281.0,3280.0,1785.0,1785.0,1786.0,1759.0,1759.0,1760.0,3646.0,3646.0,3647.0,3281.0,3281.0,3280.0,1785.0,1785.0,1786.0
0.0,11582.0,5434.0,5356.0,10485.0,4791.0,1598.0,1598.0,1595.0,1785.0,1785.0,1786.0,1811.0,1811.0,1812.0,3859.0,3859.0,3864.0,1598.0,1598.0,1595.0,1785.0,1785.0,1786.0
0.0,16633.0,5356.0,5356.0,9842.0,305.0,102.0,102.0,101.0,1785.0,1785.0,1786.0,1785.0,1785.0,1786.0,5542.0,5542.0,5549.0,102.0,102.0,101.0,1785.0,1785.0,1786.0
0.0,21119.0,5388.0,5358.0,4791.0,910.0,304.0,304.0,302.0,1786.0,1786.0,1786.0,1796.0,1796.0,1796.0,7038.0,7038.0,7043.0,304.0,304.0,302.0,1786.0,1786.0,1786.0
0.0,20522.0,5476.0,5359.0,305.0,6085.0,2027.0,2027.0,2031.0,1786.0,1786.0,1787.0,1825.0,1825.0,1826.0,6840.0,6840.0,6842.0,2027.0,2027.0,2031.0,1786.0,1786.0,1787.0
0.0,15351.0,5368.0,5362.0,910.0,10555.0,3516.0,3516.0,3523.0,1787.0,1787.0,1788.0,1789.0,1789.0,1790.0,5117.0,5117.0,5117.0,3516.0,3516.0,3523.0,1787.0,1787.0,1788.0
0.0,10893.0,5316.0,5362.0,6085.0,9786.0,3261.0,3261.0,3264.0,1787.0,1787.0,1788.0,1772.0,1772.0,1772.0,3632.0,3632.0,3629.0,3261.0,3261.0,3264.0,1787.0,1787.0,1788.0
0.0,11662.0,5434.0,5365.0,10555.0,4677.0,1560.0,1560.0,1557.0,1788.0,1788.0,1789.0,1811.0,1811.0,1812.0,3887.0,3887.0,3888.0,1560.0,1560.0,1557.0,1788.0,1788.0,1789.0
0.0,16783.0,5361.0,5362.0,9786.0,240.0,82.0,82.0,76.0,1787.0,1787.0,1788.0,1787.0,1787.0,1787.0,5592.0,5592.0,5599.0,82.0,82.0,76.0,1787.0,1787.0,1788.0
0.0,21208.0,5350.0,5365.0,4677.0,925.0,309.0,309.0,307.0,1788.0,1788.0,1789.0,1783.0,1783.0,1784.0,7066.0,7066.0,7076.0,309.0,309.0,307.0,1788.0,1788.0,1789.0
0.0,20535.0,5365.0,5368.0,240.0,6062.0,2019.0,2019.0,2024.0,1789.0,1789.0,1790.0,1788.0,1788.0,1789.0,6843.0,6843.0,6849.0,2019.0,2019.0,2024.0,1789.0,1789.0,1790.0
0.0,15410.0,5461.0,5374.0,925.0,10622.0,3538.0,3538.0,3546.0,1791.0,1791.0,1792.0,1820.0,1820.0,1821.0,5137.0,5137.0,5136.0,3538.0,3538.0,3546.0,1791.0,1791.0,1792.0
0.0,10874.0,5416.0,5374.0,6062.0,9976.0,3324.0,3324.0,3328.0,1791.0,1791.0,1792.0,1805.0,1805.0,1806.0,3626.0,3626.0,3622.0,3324.0,3324.0,3328.0,1791.0,1791.0,1792.0
0.0,11520.0,5467.0,5374.0,10622.0,4821.0,1608.0,1608.0,1605.0,1791.0,1791.0,1792.0,1822.0,1822.0,1823.0,3840.0,3840.0,3840.0,1608.0,1608.0,1605.0,1791.0,1791.0,1792.0
0.0,16675.0,5530.0,5377.0,9976.0,387.0,131.0,131.0,125.0,1792.0,1792.0,1793.0,1843.0,1843.0,1844.0,5556.0,5556.0,5563.0,131.0,131.0,125.0,1792.0,1792.0,1793.0
0.0,21121.0,5383.0,5380.0,4821.0,961.0,321.0,321.0,319.0,1793.0,1793.0,1794.0,1794.0,1794.0,1795.0,7037.0,7037.0,7047.0,321.0,321.0,319.0,1793.0,1793.0,1794.0
0.0,20559.0,5395.0,5380.0,387.0,5969.0,1988.0,1988.0,1993.0,1793.0,1793.0,1794.0,1798.0,1798.0,1799.0,6851.0,6851.0,6857.0,1988.0,1988.0,1993.0,1793.0,1793.0,1794.0
0.0,15551.0,5371.0,5383.0,961.0,10391.0,3461.0,3461.0,3469.0,1794.0,1794.0,1795.0,1790.0,1790.0,1791.0,5184.0,5184.0,5183.0,3461.0,3461.0,3469.0,1794.0,1794.0,1795.0
0.0,11141.0,5371.0,5386.0,5969.0,9805.0,3267.0,3267.0,3271.0,1795.0,1795.0,1796.0,1790.0,1790.0,1791.0,3715.0,3715.0,3711.0,3267.0,3267.0,3271.0,1795.0,1795.0,1796.0
0.0,11739.0,5466.0,5389.0,10391.0,4892.0,1632.0,1632.0,1628.0,1796.0,1796.0,1797.0,1822.0,1822.0,1822.0,3913.0,3913.0,3913.0,1632.0,1632.0,1628.0,1796.0,1796.0,1797.0
0.0,16664.0,5410.0,5392.0,9805.0,509.0,172.0,172.0,165.0,1797.0,1797.0,1798.0,1803.0,1803.0,1804.0,5552.0,5552.0,5560.0,172.0,172.0,165.0,1797.0,1797.0,1798.0
0.0,21059.0,5392.0,5395.0,4892.0,1021.0,341.0,341.0,339.0,1798.0,1798.0,1799.0,1797.0,1797.0,1798.0,7016.0,7016.0,7027.0,341.0,341.0,339.0,1798.0,1798.0,1799.0
0.0,20559.0,5448.0,5397.0,509.0,5968.0,1989.0,1989.0,1990.0,1799.0,1799.0,1799.0,1816.0,1816.0,1816.0,6851.0,6851.0,6857.0,1989.0,1989.0,1990.0,1799.0,1799.0,1799.0
0.0,15620.0,5382.0,5398.0,1021.0,10333.0,3442.0,3442.0,3449.0,1799.0,1799.0,1800.0,1794.0,1794.0,1794.0,5207.0,5207.0,5206.0,3442.0,3442.0,3449.0,1799.0,1799.0,1800.0
0.0,11259.0,5443.0,5398.0,5968.0,9808.0,3267.0,3267.0,3274.0,1799.0,1799.0,1800.0,1814.0,1814.0,1815.0,3754.0,3754.0,3751.0,3267.0,3267.0,3274.0,1799.0,1799.0,1800.0
0.0,11784.0,5386.0,5398.0,10333.0,4861.0,1620.0,1620.0,1621.0,1799.0,1799.0,1800.0,1795.0,1795.0,1796.0,3929.0,3929.0,3926.0,1620.0,1620.0,1621.0,1799.0,1799.0,1800.0
0.0,16731.0,5284.0,5398.0,9808.0,337.0,114.0,114.0,109.0,1799.0,1799.0,1800.0,1761.0,1761.0,1762.0,5576.0,5576.0,5579.0,114.0,114.0,109.0,1799.0,1799.0,1800.0
0.0,21255.0,5380.0,5398.0,4861.0,856.0,287.0,287.0,282.0,1799.0,1799.0,1800.0,1793.0,1793.0,1794.0,7082.0,7082.0,7091.0,287.0,287.0,282.0,1799.0,1799.0,1800.0
0.0,20736.0,5404.0,5397.0,337.0,5919.0,1974.0,1974.0,1971.0,1799.0,1799.0,1799.0,1801.0,1801.0,1802.0,6909.0,6909.0,6918.0,1974.0,1974.0,1971.0,1799.0,1799.0,1799.0
0.0,15669.0,5389.0,5398.0,856.0,10456.0,3483.0,3483.0,3490.0,1799.0,1799.0,1800.0,1796.0,1796.0,1797.0,5222.0,5222.0,5225.0,3483.0,3483.0,3490.0,1799.0,1799.0,1800.0
0.0,11136.0,5418.0,5401.0,5919.0,9967.0,3319.0,3319.0,3329.0,1800.0,1800.0,1801.0,1806.0,1806.0,1806.0,3713.0,3713.0,3710.0,3319.0,3319.0,3329.0,1800.0,1800.0,1801.0
0.0,11637.0,5413.0,5404.0,10456.0,4936.0,1644.0,1644.0,1648.0,1801.0,1801.0,1802.0,1804.0,1804.0,1805.0,3881.0,3881.0,3875.0,1644.0,1644.0,1648.0,1801.0,1801.0,1802.0
0.0,16680.0,5436.0,5406.0,9967.0,413.0,141.0,141.0,131.0,1802.0,1802.0,1802.0,1812.0,1812.0,1812.0,5560.0,5560.0,5560.0,141.0,141.0,131.0,1802.0,1802.0,1802.0
0.0,21211.0,5416.0,5404.0,4936.0,885.0,298.0,298.0,289.0,1801.0,1801.0,1802.0,1805.0,1805.0,1806.0,7067.0,7067.0,7077.0,298.0,298.0,289.0,1801.0,1801.0,1802.0
0.0,20731.0,5344.0,5404.0,413.0,5816.0,1938.0,1938.0,1940.0,1801.0,1801.0,1802.0,1781.0,1781.0,1782.0,6906.0,6906.0,6919.0,1938.0,1938.0,1940.0,1801.0,1801.0,1802.0
0.0,15800.0,5539.0,5407.0,885.0,10482.0,3490.0,3490.0,3502.0,1802.0,1802.0,1803.0,1846.0,1846.0,1847.0,5266.0,5266.0,5268.0,3490.0,3490.0,3502.0,1802.0,1802.0,1803.0
0.0,11146.0,5404.0,5406.0,5816.0,10066.0,3353.0,3353.0,3360.0,1802.0,1802.0,1802.0,1801.0,1801.0,1802.0,3718.0,3718.0,3710.0,3353.0,3353.0,3360.0,1802.0,1802.0,1802.0
0.0,11558.0,5479.0,5407.0,10482.0,5067.0,1689.0,1689.0,1689.0,1802.0,1802.0,1803.0,1826.0,1826.0,1827.0,3855.0,3855.0,3848.0,1689.0,1689.0,1689.0,1802.0,1802.0,1803.0
0.0,16561.0,5301.0,5404.0,10066.0,290.0,99.0,99.0,92.0,1801.0,1801.0,1802.0,1767.0,1767.0,1767.0,5519.0,5519.0,5523.0,99.0,99.0,92.0,1801.0,1801.0,1802.0
0.0,21326.0,5398.0,5404.0,5067.0,621.0,209.0,209.0,203.0,1801.0,1801.0,1802.0,1799.0,1799.0,1800.0,7105.0,7105.0,7116.0,209.0,209.0,203.0,1801.0,1801.0,1802.0
0.0,20995.0,5512.0,5407.0,290.0,5855.0,1951.0,1951.0,1953.0,1802.0,1802.0,1803.0,1837.0,1837.0,1838.0,6995.0,6995.0,7005.0,1951.0,1951.0,1953.0,1802.0,1802.0,1803.0
0.0,15773.0,5500.0,5410.0,621.0,10746.0,3579.0,3579.0,3588.0,1803.0,1803.0,1804.0,1833.0,1833.0,1834.0,5257.0,5257.0,5259.0,3579.0,3579.0,3588.0,1803.0,1803.0,1804.0
0.0,10894.0,5458.0,5410.0,5855.0,10349.0,3447.0,3447.0,3455.0,1803.0,1803.0,1804.0,1819.0,1819.0,1820.0,3633.0,3633.0,3628.0,3447.0,3447.0,3455.0,1803.0,1803.0,1804.0
0.0,11291.0,5479.0,5410.0,10746.0,5082.0,1694.0,1694.0,1694.0,1803.0,1803.0,1804.0,1826.0,1826.0,1827.0,3765.0,3765.0,3761.0,1694.0,1694.0,1694.0,1803.0,1803.0,1804.0
0.0,16558.0,5653.0,5413.0,10349.0,398.0,135.0,135.0,128.0,1804.0,1804.0,1805.0,1884.0,1884.0,1885.0,5518.0,5518.0,5522.0,135.0,135.0,128.0,1804.0,1804.0,1805.0
0.0,21254.0,5605.0,5416.0,5082.0,933.0,313.0,313.0,307.0,1805.0,1805.0,1806.0,1868.0,1868.0,1869.0,7081.0,7081.0,7092.0,313.0,313.0,307.0,1805.0,1805.0,1806.0
0.0,20731.0,5392.0,5416.0,398.0,5927.0,1975.0,1975.0,1977.0,1805.0,1805.0,1806.0,1797.0,1797.0,1798.0,6907.0,6907.0,6917.0,1975.0,1975.0,1977.0,1805.0,1805.0,1806.0
0.0,15737.0,5566.0,5422.0,933.0,10584.0,3525.0,3525.0,3534.0,1807.0,1807.0,1808.0,1855.0,1855.0,1856.0,5245.0,5245.0,5247.0,3525.0,3525.0,3534.0,1807.0,1807.0,1808.0
0.0,11104.0,5518.0,5424.0,5927.0,10183.0,3393.0,3393.0,3397.0,1808.0,1808.0,1808.0,1839.0,1839.0,1840.0,3703.0,3703.0,3698.0,3393.0,3393.0,3397.0,1808.0,1808.0,1808.0
0.0,11513.0,5551.0,5425.0,10584.0,5154.0,1718.0,1718.0,1718.0,1808.0,1808.0,1809.0,1850.0,1850.0,1851.0,3839.0,3839.0,3835.0,1718.0,1718.0,1718.0,1808.0,1808.0,1809.0
0.0,16546.0,5551.0,5428.0,10183.0,534.0,179.0,179.0,176.0,1809.0,1809.0,1810.0,1850.0,1850.0,1851.0,5514.0,5514.0,5518.0,179.0,179.0,176.0,1809.0,1809.0,1810.0
0.0,21178.0,5491.0,5430.0,5154.0,879.0,295.0,295.0,289.0,1810.0,1810.0,1810.0,1830.0,1830.0,1831.0,7057.0,7057.0,7064.0,295.0,295.0,289.0,1810.0,1810.0,1810.0
0.0,20841.0,5503.0,5434.0,534.0,5864.0,1954.0,1954.0,1956.0,1811.0,1811.0,1812.0,1834.0,1834.0,1835.0,6945.0,6945.0,6951.0,1954.0,1954.0,1956.0,1811.0,1811.0,1812.0
0.0,15872.0,5617.0,5437.0,879.0,10614.0,3535.0,3535.0,3544.0,1812.0,1812.0,1813.0,1872.0,1872.0,1873.0,5290.0,5290.0,5292.0,3535.0,3535.0,3544.0,1812.0,1812.0,1813.0
0.0,11134.0,5563.0,5440.0,5864.0,10325.0,3439.0,3439.0,3447.0,1813.0,1813.0,1814.0,1854.0,1854.0,1855.0,3713.0,3713.0,3708.0,3439.0,3439.0,3447.0,1813.0,1813.0,1814.0
0.0,11435.0,5464.0,5443.0,10614.0,5187.0,1729.0,1729.0,1729.0,1814.0,1814.0,1815.0,1821.0,1821.0,1822.0,3813.0,3813.0,3809.0,1729.0,1729.0,1729.0,1814.0,1814.0,1815.0
0.0,16585.0,5455.0,5443.0,10325.0,317.0,108.0,108.0,101.0,1814.0,1814.0,1815.0,1818.0,1818.0,1819.0,5527.0,5527.0,5531.0,108.0,108.0,101.0,1814.0,1814.0,1815.0
0.0,21455.0,5464.0,5443.0,5187.0,594.0,200.0,200.0,194.0,1814.0,1814.0,1815.0,1821.0,1821.0,1822.0,7148.0,7148.0,7159.0,200.0,200.0,194.0,1814.0,1814.0,1815.0
0.0,21178.0,5419.0,5446.0,317.0,5708.0,1902.0,1902.0,1904.0,1815.0,1815.0,1816.0,1806.0,1806.0,1807.0,7056.0,7056.0,7066.0,1902.0,1902.0,1904.0,1815.0,1815.0,1816.0
0.0,16076.0,5476.0,5446.0,594.0,10590.0,3527.0,3527.0,3536.0,1815.0,1815.0,1816.0,1825.0,1825.0,1826.0,5358.0,5358.0,5360.0,3527.0,3527.0,3536.0,1815.0,1815.0,1816.0
0.0,11194.0,5464.0,5449.0,5708.0,10358.0,3450.0,3450.0,3458.0,1816.0,1816.0,1817.0,1821.0,1821.0,1822.0,3733.0,3733.0,3728.0,3450.0,3450.0,3458.0,1816.0,1816.0,1817.0
0.0,11438.0,5608.0,5455.0,10590.0,5400.0,1800.0,1800.0,1800.0,1818.0,1818.0,1819.0,1869.0,1869.0,1870.0,3814.0,3814.0,3810.0,1800.0,1800.0,1800.0,1818.0,1818.0,1819.0
0.0,16420.0,5614.0,5458.0,10358.0,668.0,225.0,225.0,218.0,1819.0,1819.0,1820.0,1871.0,1871.0,1872.0,5472.0,5472.0,5476.0,225.0,225.0,218.0,1819.0,1819.0,1820.0
0.0,21164.0,5514.0,5460.0,5400.0,790.0,267.0,267.0,256.0,1820.0,1820.0,1820.0,1838.0,1838.0,1838.0,7051.0,7051.0,7062.0,267.0,267.0,256.0,1820.0,1820.0,1820.0
0.0,21050.0,5323.0,5458.0,668.0,5437.0,1812.0,1812.0,1813.0,1819.0,1819.0,1820.0,1774.0,1774.0,1775.0,7013.0,7013.0,7024.0,1812.0,1812.0,1813.0,1819.0,1819.0,1820.0
0.0,16395.0,5374.0,5455.0,790.0,10009.0,3332.0,3332.0,3345.0,1818.0,1818.0,1819.0,1791.0,1791.0,1792.0,5464.0,5464.0,5467.0,3332.0,3332.0,3345.0,1818.0,1818.0,1819.0
0.0,11811.0,5416.0,5455.0,5437.0,9988.0,3325.0,3325.0,3338.0,1818.0,1818.0,1819.0,1805.0,1805.0,1806.0,3940.0,3940.0,3931.0,3325.0,3325.0,3338.0,1818.0,1818.0,1819.0
0.0,11832.0,5527.0,5457.0,10009.0,5514.0,1839.0,1839.0,1836.0,1819.0,1819.0,1819.0,1842.0,1842.0,1843.0,3947.0,3947.0,3938.0,1839.0,1839.0,1836.0,1819.0,1819.0,1819.0
0.0,16314.0,5412.0,5458.0,9988.0,942.0,318.0,318.0,306.0,1819.0,1819.0,1820.0,1804.0,1804.0,1804.0,5437.0,5437.0,5440.0,318.0,318.0,306.0,1819.0,1819.0,1820.0
0.0,20890.0,5430.0,5458.0,5514.0,858.0,289.0,289.0,280.0,1819.0,1819.0,1820.0,1810.0,1810.0,1810.0,6958.0,6958.0,6974.0,289.0,289.0,280.0,1819.0,1819.0,1820.0
0.0,20974.0,5416.0,5458.0,942.0,5332.0,1776.0,1776.0,1780.0,1819.0,1819.0,1820.0,1805.0,1805.0,1806.0,6987.0,6987.0,7000.0,1776.0,1776.0,1780.0,1819.0,1819.0,1820.0
0.0,16500.0,5434.0,5458.0,858.0,9908.0,3298.0,3298.0,3312.0,1819.0,1819.0,1820.0,1811.0,1811.0,1812.0,5500.0,5500.0,5500.0,3298.0,3298.0,3312.0,1819.0,1819.0,1820.0
0.0,11924.0,5509.0,5461.0,5332.0,10097.0,3362.0,3362.0,3373.0,1820.0,1820.0,1821.0,1836.0,1836.0,1837.0,3978.0,3978.0,3968.0,3362.0,3362.0,3373.0,1820.0,1820.0,1821.0
0.0,11747.0,5521.0,5463.0,9908.0,5718.0,1908.0,1908.0,1902.0,1821.0,1821.0,1821.0,1840.0,1840.0,1841.0,3918.0,3918.0,3911.0,1908.0,1908.0,1902.0,1821.0,1821.0,1821.0
0.0,16134.0,5593.0,5466.0,10097.0,1226.0,414.0,414.0,398.0,1822.0,1822.0,1822.0,1864.0,1864.0,1865.0,5376.0,5376.0,5382.0,414.0,414.0,398.0,1822.0,1822.0,1822.0
0.0,20638.0,5377.0,5466.0,5718.0,885.0,298.0,298.0,289.0,1822.0,1822.0,1822.0,1792.0,1792.0,1793.0,6874.0,6874.0,6890.0,298.0,298.0,289.0,1822.0,1822.0,1822.0
0.0,20979.0,5431.0,5464.0,1226.0,5082.0,1690.0,1690.0,1702.0,1821.0,1821.0,1822.0,1810.0,1810.0,1811.0,6990.0,6990.0,6999.0,1690.0,1690.0,1702.0,1821.0,1821.0,1822.0
0.0,16774.0,5385.0,5464.0,885.0,9582.0,3187.0,3187.0,3208.0,1821.0,1821.0,1822.0,1795.0,1795.0,1795.0,5594.0,5594.0,5586.0,3187.0,3187.0,3208.0,1821.0,1821.0,1822.0
0.0,12274.0,5353.0,5467.0,5082.0,9865.0,3285.0,3285.0,3295.0,1822.0,1822.0,1823.0,1784.0,1784.0,1785.0,4097.0,4097.0,4080.0,3285.0,3285.0,3295.0,1822.0,1822.0,1823.0
0.0,12003.0,5353.0,5467.0,9582.0,5636.0,1882.0,1882.0,1872.0,1822.0,1822.0,1823.0,1784.0,1784.0,1785.0,4003.0,4003.0,3997.0,1882.0,1882.0,1872.0,1822.0,1822.0,1823.0
0.0,16232.0,5557.0,5470.0,9865.0,1340.0,453.0,453.0,434.0,1823.0,1823.0,1824.0,1852.0,1852.0,1853.0,5406.0,5406.0,5420.0,453.0,453.0,434.0,1823.0,1823.0,1824.0
0.0,20540.0,5374.0,5469.0,5636.0,1074.0,362.0,362.0,350.0,1823.0,1823.0,1823.0,1791.0,1791.0,1792.0,6839.0,6839.0,6862.0,362.0,362.0,350.0,1823.0,1823.0,1823.0
0.0,20802.0,5485.0,5470.0,1340.0,5223.0,1737.0,1737.0,1749.0,1823.0,1823.0,1824.0,1828.0,1828.0,1829.0,6930.0,6930.0,6942.0,1737.0,1737.0,1749.0,1823.0,1823.0,1824.0
0.0,16657.0,5422.0,5470.0,1074.0,9571.0,3182.0,3182.0,3207.0,1823.0,1823.0,1824.0,1807.0,1807.0,1808.0,5555.0,5555.0,5547.0,3182.0,3182.0,3207.0,1823.0,1823.0,1824.0
0.0,12309.0,5460.0,5470.0,5223.0,9808.0,3265.0,3265.0,3278.0,1823.0,1823.0,1824.0,1820.0,1820.0,1820.0,4110.0,4110.0,4089.0,3265.0,3265.0,3278.0,1823.0,1823.0,1824.0
0.0,12072.0,5430.0,5470.0,9571.0,5667.0,1893.0,1893.0,1881.0,1823.0,1823.0,1824.0,1810.0,1810.0,1810.0,4027.0,4027.0,4018.0,1893.0,1893.0,1881.0,1823.0,1823.0,1824.0
0.0,16213.0,5512.0,5473.0,9808.0,1383.0,469.0,469.0,445.0,1824.0,1824.0,1825.0,1837.0,1837.0,1838.0,5399.0,5399.0,5415.0,469.0,469.0,445.0,1824.0,1824.0,1825.0
0.0,20509.0,5539.0,5473.0,5667.0,1255.0,422.0,422.0,411.0,1824.0,1824.0,1825.0,1846.0,1846.0,1847.0,6827.0,6827.0,6855.0,422.0,422.0,411.0,1824.0,1824.0,1825.0
0.0,20637.0,5403.0,5473.0,1383.0,5275.0,1754.0,1754.0,1767.0,1824.0,1824.0,1825.0,1801.0,1801.0,1801.0,6874.0,6874.0,6889.0,1754.0,1754.0,1767.0,1824.0,1824.0,1825.0
0.0,16617.0,5521.0,5476.0,1255.0,9553.0,3176.0,3176.0,3201.0,1825.0,1825.0,1826.0,1840.0,1840.0,1841.0,5542.0,5542.0,5533.0,3176.0,3176.0,3201.0,1825.0,1825.0,1826.0
0.0,12351.0,5584.0,5479.0,5275.0,9874.0,3287.0,3287.0,3300.0,1826.0,1826.0,1827.0,1861.0,1861.0,1862.0,4124.0,4124.0,4103.0,3287.0,3287.0,3300.0,1826.0,1826.0,1827.0
0.0,12042.0,5625.0,5485.0,9553.0,5970.0,1994.0,1994.0,1982.0,1828.0,1828.0,1829.0,1875.0,1875.0,1875.0,4017.0,4017.0,4008.0,1994.0,1994.0,1982.0,1828.0,1828.0,1829.0
0.0,15970.0,5608.0,5487.0,9874.0,1712.0,580.0,580.0,552.0,1829.0,1829.0,1829.0,1869.0,1869.0,1870.0,5318.0,5318.0,5334.0,580.0,580.0,552.0,1829.0,1829.0,1829.0
0.0,20236.0,5584.0,5488.0,5970.0,1330.0,447.0,447.0,436.0,1829.0,1829.0,1830.0,1861.0,1861.0,1862.0,6736.0,6736.0,6764.0,447.0,447.0,436.0,1829.0,1829.0,1830.0
0.0,20622.0,5533.0,5490.0,1712.0,5159.0,1715.0,1715.0,1729.0,1830.0,1830.0,1830.0,1844.0,1844.0,1845.0,6869.0,6869.0,6884.0,1715.0,1715.0,1729.0,1830.0,1830.0,1830.0
0.0,16801.0,5530.0,5491.0,1330.0,9363.0,3111.0,3111.0,3141.0,1830.0,1830.0,1831.0,1843.0,1843.0,1844.0,5605.0,5605.0,5591.0,3111.0,3111.0,3141.0,1830.0,1830.0,1831.0
0.0,12601.0,5545.0,5488.0,5159.0,9737.0,3240.0,3240.0,3257.0,1829.0,1829.0,1830.0,1848.0,1848.0,1849.0,4209.0,4209.0,4183.0,3240.0,3240.0,3257.0,1829.0,1829.0,1830.0
0.0,12215.0,5650.0,5490.0,9363.0,6032.0,2016.0,2016.0,2000.0,1830.0,1830.0,1830.0,1883.0,1883.0,1884.0,4076.0,4076.0,4063.0,2016.0,2016.0,2000.0,1830.0,1830.0,1830.0
0.0,15928.0,5509.0,5491.0,9737.0,1808.0,612.0,612.0,584.0,1830.0,1830.0,1831.0,1836.0,1836.0,1837.0,5304.0,5304.0,5320.0,612.0,612.0,584.0,1830.0,1830.0,1831.0
0.0,20156.0,5611.0,5493.0,6032.0,1395.0,470.0,470.0,455.0,1831.0,1831.0,1831.0,1870.0,1870.0,1871.0,6708.0,6708.0,6740.0,470.0,470.0,455.0,1831.0,1831.0,1831.0
0.0,20577.0,5547.0,5494.0,1808.0,5138.0,1707.0,1707.0,1724.0,1831.0,1831.0,1832.0,1849.0,1849.0,1849.0,6854.0,6854.0,6869.0,1707.0,1707.0,1724.0,1831.0,1831.0,1832.0
0.0,16838.0,5512.0,5491.0,1395.0,9243.0,3070.0,3070.0,3103.0,1830.0,1830.0,1831.0,1837.0,1837.0,1838.0,5617.0,5617.0,5604.0,3070.0,3070.0,3103.0,1830.0,1830.0,1831.0
0.0,12721.0,5518.0,5491.0,5138.0,9623.0,3202.0,3202.0,3219.0,1830.0,1830.0,1831.0,1839.0,1839.0,1840.0,4250.0,4250.0,4221.0,3202.0,3202.0,3219.0,1830.0,1830.0,1831.0
0.0,12341.0,5620.0,5494.0,9243.0,6012.0,2009.0,2009.0,1994.0,1831.0,1831.0,1832.0,1873.0,1873.0,1874.0,4118.0,4118.0,4105.0,2009.0,2009.0,1994.0,1831.0,1831.0,1832.0
0.0,15964.0,5478.0,5494.0,9623.0,1867.0,633.0,633.0,601.0,1831.0,1831.0,1832.0,1826.0,1826.0,1826.0,5315.0,5315.0,5334.0,633.0,633.0,601.0,1831.0,1831.0,1832.0
0.0,20109.0,5596.0,5494.0,6012.0,1451.0,489.0,489.0,473.0,1831.0,1831.0,1832.0,1865.0,1865.0,1866.0,6691.0,6691.0,6727.0,489.0,489.0,473.0,1831.0,1831.0,1832.0
0.0,20525.0,5589.0,5494.0,1867.0,5173.0,1719.0,1719.0,1735.0,1831.0,1831.0,1832.0,1863.0,1863.0,1863.0,6835.0,6835.0,6855.0,1719.0,1719.0,1735.0,1831.0,1831.0,1832.0
0.0,16803.0,5431.0,5494.0,1451.0,9153.0,3040.0,3040.0,3073.0,1831.0,1831.0,1832.0,1810.0,1810.0,1811.0,5605.0,5605.0,5593.0,3040.0,3040.0,3073.0,1831.0,1831.0,1832.0
0.0,12823.0,5479.0,5494.0,5173.0,9459.0,3147.0,3147.0,3165.0,1831.0,1831.0,1832.0,1826.0,1826.0,1827.0,4284.0,4284.0,4255.0,3147.0,3147.0,3165.0,1831.0,1831.0,1832.0
0.0,12517.0,5566.0,5496.0,9153.0,5880.0,1966.0,1966.0,1948.0,1832.0,1832.0,1832.0,1855.0,1855.0,1856.0,4177.0,4177.0,4163.0,1966.0,1966.0,1948.0,1832.0,1832.0,1832.0
0.0,16104.0,5575.0,5499.0,9459.0,2008.0,681.0,681.0,646.0,1833.0,1833.0,1833.0,1858.0,1858.0,1859.0,5362.0,5362.0,5380.0,681.0,681.0,646.0,1833.0,1833.0,1833.0
0.0,19988.0,5575.0,5500.0,5880.0,1707.0,573.0,573.0,561.0,1833.0,1833.0,1834.0,1858.0,1858.0,1859.0,6651.0,6651.0,6686.0,573.0,573.0,561.0,1833.0,1833.0,1834.0
0.0,20293.0,5542.0,5502.0,2008.0,5249.0,1743.0,1743.0,1763.0,1834.0,1834.0,1834.0,1847.0,1847.0,1848.0,6759.0,6759.0,6775.0,1743.0,1743.0,1763.0,1834.0,1834.0,1834.0
0.0,16759.0,5625.0,5503.0,1707.0,9171.0,3045.0,3045.0,3081.0,1834.0,1834.0,1835.0,1875.0,1875.0,1875.0,5593.0,5593.0,5573.0,3045.0,3045.0,3081.0,1834.0,1834.0,1835.0
0.0,12841.0,5499.0,5500.0,5249.0,9409.0,3131.0,3131.0,3147.0,1833.0,1833.0,1834.0,1833.0,1833.0,1833.0,4291.0,4291.0,4259.0,3131.0,3131.0,3147.0,1833.0,1833.0,1834.0
0.0,12591.0,5494.0,5500.0,9171.0,5732.0,1917.0,1917.0,1898.0,1833.0,1833.0,1834.0,1831.0,1831.0,1832.0,4201.0,4201.0,4189.0,1917.0,1917.0,1898.0,1833.0,1833.0,1834.0
0.0,16268.0,5572.0,5505.0,9409.0,1915.0,651.0,651.0,613.0,1835.0,1835.0,1835.0,1857.0,1857.0,1858.0,5415.0,5415.0,5438.0,651.0,651.0,613.0,1835.0,1835.0,1835.0
0.0,20105.0,5608.0,5509.0,5732.0,1807.0,607.0,607.0,593.0,1836.0,1836.0,1837.0,1869.0,1869.0,1870.0,6689.0,6689.0,6727.0,607.0,607.0,593.0,1836.0,1836.0,1837.0
0.0,20229.0,5509.0,5511.0,1915.0,5409.0,1796.0,1796.0,1817.0,1837.0,1837.0,1837.0,1836.0,1836.0,1837.0,6737.0,6737.0,6755.0,1796.0,1796.0,1817.0,1837.0,1837.0,1837.0
0.0,16635.0,5635.0,5512.0,1807.0,9241.0,3067.0,3067.0,3107.0,1837.0,1837.0,1838.0,1878.0,1878.0,1879.0,5552.0,5552.0,5531.0,3067.0,3067.0,3107.0,1837.0,1837.0,1838.0
0.0,12807.0,5598.0,5517.0,5409.0,9450.0,3145.0,3145.0,3160.0,1839.0,1839.0,1839.0,1866.0,1866.0,1866.0,4281.0,4281.0,4245.0,3145.0,3145.0,3160.0,1839.0,1839.0,1839.0
0.0,12618.0,5424.0,5515.0,9241.0,5625.0,1882.0,1882.0,1861.0,1838.0,1838.0,1839.0,1808.0,1808.0,1808.0,4211.0,4211.0,4196.0,1882.0,1882.0,1861.0,1838.0,1838.0,1839.0
0.0,16435.0,5466.0,5518.0,9450.0,1653.0,563.0,563.0,527.0,1839.0,1839.0,1840.0,1822.0,1822.0,1822.0,5470.0,5470.0,5495.0,563.0,563.0,527.0,1839.0,1839.0,1840.0
0.0,20419.0,5524.0,5518.0,5625.0,1552.0,522.0,522.0,508.0,1839.0,1839.0,1840.0,1841.0,1841.0,1842.0,6793.0,6793.0,6833.0,522.0,522.0,508.0,1839.0,1839.0,1840.0
0.0,20520.0,5457.0,5518.0,1653.0,5356.0,1778.0,1778.0,1800.0,1839.0,1839.0,1840.0,1819.0,1819.0,1819.0,6834.0,6834.0,6852.0,1778.0,1778.0,1800.0,1839.0,1839.0,1840.0
0.0,16716.0,5517.0,5518.0,1552.0,9321.0,3095.0,3095.0,3131.0,1839.0,1839.0,1840.0,1839.0,1839.0,1839.0,5578.0,5578.0,5560.0,3095.0,3095.0,3131.0,1839.0,1839.0,1840.0
0.0,12751.0,5449.0,5515.0,5356.0,9402.0,3129.0,3129.0,3144.0,1838.0,1838.0,1839.0,1816.0,1816.0,1817.0,4261.0,4261.0,4229.0,3129.0,3129.0,3144.0,1838.0,1838.0,1839.0
0.0,12658.0,5533.0,5518.0,9321.0,5626.0,1882.0,1882.0,1862.0,1839.0,1839.0,1840.0,1844.0,1844.0,1845.0,4223.0,4223.0,4212.0,1882.0,1882.0,1862.0,1839.0,1839.0,1840.0
0.0,16446.0,5449.0,5518.0,9402.0,1673.0,569.0,569.0,535.0,1839.0,1839.0,1840.0,1816.0,1816.0,1817.0,5474.0,5474.0,5498.0,569.0,569.0,535.0,1839.0,1839.0,1840.0
0.0,20399.0,5542.0,5521.0,5626.0,1601.0,538.0,538.0,525.0,1840.0,1840.0,1841.0,1847.0,1847.0,1848.0,6787.0,6787.0,6825.0,538.0,538.0,525.0,1840.0,1840.0,1841.0
0.0,20483.0,5571.0,5526.0,1673.0,5519.0,1834.0,1834.0,1851.0,1842.0,1842.0,1842.0,1857.0,1857.0,1857.0,6822.0,6822.0,6839.0,1834.0,1834.0,1851.0,1842.0,1842.0,1842.0
0.0,16585.0,5601.0,5530.0,1601.0,9535.0,3167.0,3167.0,3201.0,1843.0,1843.0,1844.0,1867.0,1867.0,1867.0,5534.0,5534.0,5517.0,3167.0,3167.0,3201.0,1843.0,1843.0,1844.0
0.0,12585.0,5473.0,5529.0,5519.0,9485.0,3157.0,3157.0,3171.0,1843.0,1843.0,1843.0,1824.0,1824.0,1825.0,4205.0,4205.0,4175.0,3157.0,3157.0,3171.0,1843.0,1843.0,1843.0
0.0,12631.0,5593.0,5533.0,9535.0,5559.0,1858.0,1858.0,1843.0,1844.0,1844.0,1845.0,1864.0,1864.0,1865.0,4215.0,4215.0,4201.0,1858.0,1858.0,1843.0,1844.0,1844.0,1845.0
0.0,16573.0,5668.0,5536.0,9485.0,1754.0,594.0,594.0,566.0,1845.0,1845.0,1846.0,1889.0,1889.0,1890.0,5518.0,5518.0,5537.0,594.0,594.0,566.0,1845.0,1845.0,1846.0
0.0,20390.0,5665.0,5542.0,5559.0,1884.0,632.0,632.0,620.0,1847.0,1847.0,1848.0,1888.0,1888.0,1889.0,6786.0,6786.0,6818.0,632.0,632.0,620.0,1847.0,1847.0,1848.0
0.0,20284.0,5698.0,5545.0,1754.0,5840.0,1941.0,1941.0,1958.0,1848.0,1848.0,1849.0,1899.0,1899.0,1900.0,6756.0,6756.0,6772.0,1941.0,1941.0,1958.0,1848.0,1848.0,1849.0
0.0,16340.0,5626.0,5550.0,1884.0,9602.0,3192.0,3192.0,3218.0,1850.0,1850.0,1850.0,1875.0,1875.0,1876.0,5451.0,5451.0,5438.0,3192.0,3192.0,3218.0,1850.0,1850.0,1850.0
0.0,12598.0,5560.0,5551.0,5840.0,9326.0,3104.0,3104.0,3118.0,1850.0,1850.0,1851.0,1853.0,1853.0,1854.0,4208.0,4208.0,4182.0,3104.0,3104.0,3118.0,1850.0,1850.0,1851.0
0.0,12878.0,5572.0,5551.0,9602.0,5296.0,1769.0,1769.0,1758.0,1850.0,1850.0,1851.0,1857.0,1857.0,1858.0,4296.0,4296.0,4286.0,1769.0,1769.0,1758.0,1850.0,1850.0,1851.0
0.0,16908.0,5563.0,5554.0,9326.0,1545.0,523.0,523.0,499.0,1851.0,1851.0,1852.0,1854.0,1854.0,1855.0,5631.0,5631.0,5646.0,523.0,523.0,499.0,1851.0,1851.0,1852.0
0.0,20671.0,5671.0,5557.0,5296.0,1932.0,648.0,648.0,636.0,1852.0,1852.0,1853.0,1890.0,1890.0,1891.0,6881.0,6881.0,6909.0,648.0,648.0,636.0,1852.0,1852.0,1853.0
0.0,20296.0,5683.0,5560.0,1545.0,6082.0,2023.0,2023.0,2036.0,1853.0,1853.0,1854.0,1894.0,1894.0,1895.0,6760.0,6760.0,6776.0,2023.0,2023.0,2036.0,1853.0,1853.0,1854.0
0.0,16158.0,5608.0,5559.0,1932.0,9754.0,3244.0,3244.0,3266.0,1853.0,1853.0,1853.0,1869.0,1869.0,1870.0,5389.0,5389.0,5380.0,3244.0,3244.0,3266.0,1853.0,1853.0,1853.0
0.0,12482.0,5637.0,5560.0,6082.0,9313.0,3100.0,3100.0,3113.0,1853.0,1853.0,1854.0,1879.0,1879.0,1879.0,4168.0,4168.0,4146.0,3100.0,3100.0,3113.0,1853.0,1853.0,1854.0
0.0,12927.0,5601.0,5560.0,9754.0,5160.0,1723.0,1723.0,1714.0,1853.0,1853.0,1854.0,1867.0,1867.0,1867.0,4312.0,4312.0,4303.0,1723.0,1723.0,1714.0,1853.0,1853.0,1854.0
0.0,17080.0,5661.0,5562.0,9313.0,1516.0,514.0,514.0,488.0,1854.0,1854.0,1854.0,1887.0,1887.0,1887.0,5689.0,5689.0,5702.0,514.0,514.0,488.0,1854.0,1854.0,1854.0
0.0,20732.0,5637.0,5563.0,5160.0,1997.0,670.0,670.0,657.0,1854.0,1854.0,1855.0,1879.0,1879.0,1879.0,6902.0,6902.0,6928.0,670.0,670.0,657.0,1854.0,1854.0,1855.0
0.0,20255.0,5686.0,5566.0,1516.0,6179.0,2055.0,2055.0,2069.0,1855.0,1855.0,1856.0,1895.0,1895.0,1896.0,6746.0,6746.0,6763.0,2055.0,2055.0,2069.0,1855.0,1855.0,1856.0
0.0,16085.0,5511.0,5563.0,1997.0,9681.0,3218.0,3218.0,3245.0,1854.0,1854.0,1855.0,1837.0,1837.0,1837.0,5365.0,5365.0,5355.0,3218.0,3218.0,3245.0,1854.0,1854.0,1855.0
0.0,12571.0,5668.0,5568.0,6179.0,9190.0,3060.0,3060.0,3070.0,1856.0,1856.0,1856.0,1889.0,1889.0,1890.0,4198.0,4198.0,4175.0,3060.0,3060.0,3070.0,1856.0,1856.0,1856.0
0.0,13082.0,5641.0,5568.0,9681.0,5150.0,1722.0,1722.0,1706.0,1856.0,1856.0,1856.0,1880.0,1880.0,1881.0,4364.0,4364.0,4354.0,1722.0,1722.0,1706.0,1856.0,1856.0,1856.0
0.0,17122.0,5566.0,5568.0,9190.0,1526.0,517.0,517.0,492.0,1856.0,1856.0,1856.0,1855.0,1855.0,1856.0,5702.0,5702.0,5718.0,517.0,517.0,492.0,1856.0,1856.0,1856.0
0.0,20746.0,5722.0,5572.0,5150.0,2114.0,706.0,706.0,702.0,1857.0,1857.0,1858.0,1907.0,1907.0,1908.0,6907.0,6907.0,6932.0,706.0,706.0,702.0,1857.0,1857.0,1858.0
0.0,20174.0,5527.0,5572.0,1526.0,6115.0,2031.0,2031.0,2053.0,1857.0,1857.0,1858.0,1842.0,1842.0,1843.0,6722.0,6722.0,6730.0,2031.0,2031.0,2053.0,1857.0,1857.0,1858.0
0.0,16173.0,5652.0,5572.0,2114.0,9653.0,3209.0,3209.0,3235.0,1857.0,1857.0,1858.0,1884.0,1884.0,1884.0,5397.0,5397.0,5379.0,3209.0,3209.0,3235.0,1857.0,1857.0,1858.0
0.0,12635.0,5646.0,5575.0,6115.0,9196.0,3064.0,3064.0,3068.0,1858.0,1858.0,1859.0,1882.0,1882.0,1882.0,4219.0,4219.0,4197.0,3064.0,3064.0,3068.0,1858.0,1858.0,1859.0
0.0,13104.0,5638.0,5577.0,9653.0,5189.0,1738.0,1738.0,1713.0,1859.0,1859.0,1859.0,1879.0,1879.0,1880.0,4368.0,4368.0,4368.0,1738.0,1738.0,1713.0,1859.0,1859.0,1859.0
0.0,17119.0,5652.0,5578.0,9196.0,1649.0,558.0,558.0,533.0,1859.0,1859.0,1860.0,1884.0,1884.0,1884.0,5698.0,5698.0,5723.0,558.0,558.0,533.0,1859.0,1859.0,1860.0
0.0,20663.0,5605.0,5581.0,5189.0,2077.0,692.0,692.0,693.0,1860.0,1860.0,1861.0,1868.0,1868.0,1869.0,6878.0,6878.0,6907.0,692.0,692.0,693.0,1860.0,1860.0,1861.0
0.0,20247.0,5635.0,5584.0,1649.0,6075.0,2016.0,2016.0,2043.0,1861.0,1861.0,1862.0,1878.0,1878.0,1879.0,6748.0,6748.0,6751.0,2016.0,2016.0,2043.0,1861.0,1861.0,1862.0
0.0,16261.0,5602.0,5586.0,2077.0,9608.0,3195.0,3195.0,3218.0,1862.0,1862.0,1862.0,1867.0,1867.0,1868.0,5428.0,5428.0,5405.0,3195.0,3195.0,3218.0,1862.0,1862.0,1862.0
0.0,12736.0,5611.0,5586.0,6075.0,9144.0,3049.0,3049.0,3046.0,1862.0,1862.0,1862.0,1870.0,1870.0,1871.0,4253.0,4253.0,4230.0,3049.0,3049.0,3046.0,1862.0,1862.0,1862.0
0.0,13200.0,5638.0,5587.0,9608.0,5178.0,1733.0,1733.0,1712.0,1862.0,1862.0,1863.0,1879.0,1879.0,1880.0,4399.0,4399.0,4402.0,1733.0,1733.0,1712.0,1862.0,1862.0,1863.0
0.0,17170.0,5638.0,5589.0,9144.0,1680.0,567.0,567.0,546.0,1863.0,1863.0,1863.0,1879.0,1879.0,1880.0,5715.0,5715.0,5740.0,567.0,567.0,546.0,1863.0,1863.0,1863.0
0.0,20676.0,5581.0,5587.0,5178.0,2075.0,690.0,690.0,695.0,1862.0,1862.0,1863.0,1860.0,1860.0,1861.0,6885.0,6885.0,6906.0,690.0,690.0,695.0,1862.0,1862.0,1863.0
0.0,20273.0,5571.0,5590.0,1680.0,5978.0,1984.0,1984.0,2010.0,1863.0,1863.0,1864.0,1857.0,1857.0,1857.0,6758.0,6758.0,6757.0,1984.0,1984.0,2010.0,1863.0,1863.0,1864.0
0.0,16382.0,5503.0,5590.0,2075.0,9406.0,3128.0,3128.0,3150.0,1863.0,1863.0,1864.0,1834.0,1834.0,1835.0,5468.0,5468.0,5446.0,3128.0,3128.0,3150.0,1863.0,1863.0,1864.0
0.0,12954.0,5602.0,5590.0,5978.0,9030.0,3011.0,3011.0,3008.0,1863.0,1863.0,1864.0,1867.0,1867.0,1868.0,4324.0,4324.0,4306.0,3011.0,3011.0,3008.0,1863.0,1863.0,1864.0
0.0,13330.0,5506.0,5589.0,9406.0,5126.0,1718.0,1718.0,1690.0,1863.0,1863.0,1863.0,1835.0,1835.0,1836.0,4441.0,4441.0,4448.0,1718.0,1718.0,1690.0,1863.0,1863.0,1863.0
0.0,17230.0,5640.0,5590.0,9030.0,1740.0,587.0,587.0,566.0,1863.0,1863.0,1864.0,1880.0,1880.0,1880.0,5734.0,5734.0,5762.0,587.0,587.0,566.0,1863.0,1863.0,1864.0
0.0,20620.0,5503.0,5589.0,5126.0,2113.0,703.0,703.0,707.0,1863.0,1863.0,1863.0,1834.0,1834.0,1835.0,6865.0,6865.0,6890.0,703.0,703.0,707.0,1863.0,1863.0,1863.0
0.0,20243.0,5629.0,5589.0,1740.0,6002.0,1992.0,1992.0,2018.0,1863.0,1863.0,1863.0,1876.0,1876.0,1877.0,6749.0,6749.0,6745.0,1992.0,1992.0,2018.0,1863.0,1863.0,1863.0
0.0,16354.0,5578.0,5592.0,2113.0,9479.0,3152.0,3152.0,3175.0,1864.0,1864.0,1864.0,1859.0,1859.0,1860.0,5460.0,5460.0,5434.0,3152.0,3152.0,3175.0,1864.0,1864.0,1864.0
0.0,12889.0,5521.0,5593.0,6002.0,9002.0,3000.0,3000.0,3002.0,1864.0,1864.0,1865.0,1840.0,1840.0,1841.0,4304.0,4304.0,4281.0,3000.0,3000.0,3002.0,1864.0,1864.0,1865.0
0.0,13370.0,5533.0,5593.0,9479.0,5056.0,1692.0,1692.0,1672.0,1864.0,1864.0,1865.0,1844.0,1844.0,1845.0,4456.0,4456.0,4458.0,1692.0,1692.0,1672.0,1864.0,1864.0,1865.0
0.0,17316.0,5680.0,5598.0,9002.0,1754.0,593.0,593.0,568.0,1866.0,1866.0,1866.0,1893.0,1893.0,1894.0,5764.0,5764.0,5788.0,593.0,593.0,568.0,1866.0,1866.0,1866.0
0.0,20638.0,5533.0,5598.0,5056.0,2231.0,745.0,745.0,741.0,1866.0,1866.0,1866.0,1844.0,1844.0,1845.0,6871.0,6871.0,6896.0,745.0,745.0,741.0,1866.0,1866.0,1866.0
0.0,20161.0,5545.0,5599.0,1754.0,6026.0,2000.0,2000.0,2026.0,1866.0,1866.0,1867.0,1848.0,1848.0,1849.0,6719.0,6719.0,6723.0,2000.0,2000.0,2026.0,1866.0,1866.0,1867.0
0.0,16370.0,5484.0,5599.0,2231.0,9279.0,3083.0,3083.0,3113.0,1866.0,1866.0,1867.0,1828.0,1828.0,1828.0,5464.0,5464.0,5442.0,3083.0,3083.0,3113.0,1866.0,1866.0,1867.0
0.0,13117.0,5707.0,5604.0,6026.0,8980.0,2993.0,2993.0,2994.0,1868.0,1868.0,1868.0,1902.0,1902.0,1903.0,4381.0,4381.0,4355.0,2993.0,2993.0,2994.0,1868.0,1868.0,1868.0
0.0,13436.0,5538.0,5604.0,9279.0,5239.0,1756.0,1756.0,1727.0,1868.0,1868.0,1868.0,1846.0,1846.0,1846.0,4479.0,4479.0,4478.0,1756.0,1756.0,1727.0,1868.0,1868.0,1868.0
0.0,17177.0,5515.0,5602.0,8980.0,1766.0,597.0,597.0,572.0,1867.0,1867.0,1868.0,1838.0,1838.0,1839.0,5716.0,5716.0,5745.0,597.0,597.0,572.0,1867.0,1867.0,1868.0
0.0,20642.0,5665.0,5604.0,5239.0,2200.0,733.0,733.0,734.0,1868.0,1868.0,1868.0,1888.0,1888.0,1889.0,6871.0,6871.0,6900.0,733.0,733.0,734.0,1868.0,1868.0,1868.0
0.0,20216.0,5569.0,5605.0,1766.0,6007.0,1992.0,1992.0,2023.0,1868.0,1868.0,1869.0,1856.0,1856.0,1857.0,6739.0,6739.0,6738.0,1992.0,1992.0,2023.0,1868.0,1868.0,1869.0
0.0,16413.0,5638.0,5607.0,2200.0,9453.0,3142.0,3142.0,3169.0,1869.0,1869.0,1869.0,1879.0,1879.0,1880.0,5480.0,5480.0,5453.0,3142.0,3142.0,3169.0,1869.0,1869.0,1869.0
0.0,12975.0,5589.0,5605.0,6007.0,9027.0,3009.0,3009.0,3009.0,1868.0,1868.0,1869.0,1863.0,1863.0,1863.0,4334.0,4334.0,4307.0,3009.0,3009.0,3009.0,1868.0,1868.0,1869.0
0.0,13393.0,5653.0,5605.0,9453.0,5227.0,1751.0,1751.0,1725.0,1868.0,1868.0,1869.0,1884.0,1884.0,1885.0,4463.0,4463.0,4467.0,1751.0,1751.0,1725.0,1868.0,1868.0,1869.0
0.0,17193.0,5608.0,5602.0,9027.0,1796.0,607.0,607.0,582.0,1867.0,1867.0,1868.0,1869.0,1869.0,1870.0,5721.0,5721.0,5751.0,607.0,607.0,582.0,1867.0,1867.0,1868.0
0.0,20612.0,5743.0,5605.0,5227.0,2324.0,774.0,774.0,776.0,1868.0,1868.0,1869.0,1914.0,1914.0,1915.0,6861.0,6861.0,6890.0,774.0,774.0,776.0,1868.0,1868.0,1869.0
0.0,20096.0,5554.0,5605.0,1796.0,6082.0,2018.0,2018.0,2046.0,1868.0,1868.0,1869.0,1851.0,1851.0,1852.0,6698.0,6698.0,6700.0,2018.0,2018.0,2046.0,1868.0,1868.0,1869.0
0.0,16338.0,5710.0,5608.0,2324.0,9480.0,3151.0,3151.0,3178.0,1869.0,1869.0,1870.0,1903.0,1903.0,1904.0,5454.0,5454.0,5430.0,3151.0,3151.0,3178.0,1869.0,1869.0,1870.0
0.0,12952.0,5788.0,5611.0,6082.0,9198.0,3066.0,3066.0,3066.0,1870.0,1870.0,1871.0,1929.0,1929.0,1930.0,4325.0,4325.0,4302.0,3066.0,3066.0,3066.0,1870.0,1870.0,1871.0
0.0,13246.0,5692.0,5613.0,9480.0,5418.0,1816.0,1816.0,1786.0,1871.0,1871.0,1871.0,1897.0,1897.0,1898.0,4414.0,4414.0,4418.0,1816.0,1816.0,1786.0,1871.0,1871.0,1871.0
0.0,17034.0,5659.0,5611.0,9198.0,1871.0,632.0,632.0,607.0,1870.0,1870.0,1871.0,1886.0,1886.0,1887.0,5668.0,5668.0,5698.0,632.0,632.0,607.0,1870.0,1870.0,1871.0
0.0,20573.0,5659.0,5613.0,5418.0,2120.0,706.0,706.0,708.0,1871.0,1871.0,1871.0,1886.0,1886.0,1887.0,6848.0,6848.0,6877.0,706.0,706.0,708.0,1871.0,1871.0,1871.0
0.0,20332.0,5776.0,5616.0,1871.0,6037.0,2003.0,2003.0,2031.0,1872.0,1872.0,1872.0,1925.0,1925.0,1926.0,6778.0,6778.0,6776.0,2003.0,2003.0,2031.0,1872.0,1872.0,1872.0
0.0,16427.0,5704.0,5617.0,2120.0,9625.0,3198.0,3198.0,3229.0,1872.0,1872.0,1873.0,1901.0,1901.0,1902.0,5485.0,5485.0,5457.0,3198.0,3198.0,3229.0,1872.0,1872.0,1873.0
0.0,12843.0,5539.0,5614.0,6037.0,9115.0,3037.0,3037.0,3041.0,1871.0,1871.0,1872.0,1846.0,1846.0,1847.0,4290.0,4290.0,4263.0,3037.0,3037.0,3041.0,1871.0,1871.0,1872.0
0.0,13341.0,5692.0,5617.0,9625.0,5194.0,1740.0,1740.0,1714.0,1872.0,1872.0,1873.0,1897.0,1897.0,1898.0,4447.0,4447.0,4447.0,1740.0,1740.0,1714.0,1872.0,1872.0,1873.0
0.0,17274.0,5671.0,5617.0,9115.0,1750.0,593.0,593.0,564.0,1872.0,1872.0,1873.0,1890.0,1890.0,1891.0,5748.0,5748.0,5778.0,593.0,593.0,564.0,1872.0,1872.0,1873.0
0.0,20718.0,5764.0,5620.0,5194.0,2332.0,778.0,778.0,776.0,1873.0,1873.0,1874.0,1921.0,1921.0,1922.0,6895.0,6895.0,6928.0,778.0,778.0,776.0,1873.0,1873.0,1874.0
0.0,20148.0,5677.0,5620.0,1750.0,6259.0,2077.0,2077.0,2105.0,1873.0,1873.0,1874.0,1892.0,1892.0,1893.0,6714.0,6714.0,6720.0,2077.0,2077.0,2105.0,1873.0,1873.0,1874.0
0.0,16221.0,5785.0,5623.0,2332.0,9724.0,3231.0,3231.0,3262.0,1874.0,1874.0,1875.0,1928.0,1928.0,1929.0,5415.0,5415.0,5391.0,3231.0,3231.0,3262.0,1874.0,1874.0,1875.0
0.0,12768.0,5697.0,5626.0,6259.0,9174.0,3057.0,3057.0,3060.0,1875.0,1875.0,1876.0,1899.0,1899.0,1899.0,4265.0,4265.0,4238.0,3057.0,3057.0,3060.0,1875.0,1875.0,1876.0
0.0,13330.0,5707.0,5626.0,9724.0,5157.0,1728.0,1728.0,1701.0,1875.0,1875.0,1876.0,1902.0,1902.0,1903.0,4443.0,4443.0,4444.0,1728.0,1728.0,1701.0,1875.0,1875.0,1876.0
0.0,17347.0,5656.0,5629.0,9174.0,1651.0,560.0,560.0,531.0,1876.0,1876.0,1877.0,1885.0,1885.0,1886.0,5772.0,5772.0,5803.0,560.0,560.0,531.0,1876.0,1876.0,1877.0
0.0,20865.0,5689.0,5629.0,5157.0,2183.0,728.0,728.0,727.0,1876.0,1876.0,1877.0,1896.0,1896.0,1897.0,6944.0,6944.0,6977.0,728.0,728.0,727.0,1876.0,1876.0,1877.0
0.0,20333.0,5637.0,5629.0,1651.0,6169.0,2047.0,2047.0,2075.0,1876.0,1876.0,1877.0,1879.0,1879.0,1879.0,6776.0,6776.0,6781.0,2047.0,2047.0,2075.0,1876.0,1876.0,1877.0
0.0,16347.0,5686.0,5629.0,2183.0,9672.0,3214.0,3214.0,3244.0,1876.0,1876.0,1877.0,1895.0,1895.0,1896.0,5457.0,5457.0,5433.0,3214.0,3214.0,3244.0,1876.0,1876.0,1877.0
0.0,12844.0,5809.0,5632.0,6169.0,9324.0,3107.0,3107.0,3110.0,1877.0,1877.0,1878.0,1936.0,1936.0,1937.0,4290.0,4290.0,4264.0,3107.0,3107.0,3110.0,1877.0,1877.0,1878.0
0.0,13204.0,5629.0,5634.0,9672.0,5289.0,1773.0,1773.0,1743.0,1878.0,1878.0,1878.0,1876.0,1876.0,1877.0,4401.0,4401.0,4402.0,1773.0,1773.0,1743.0,1878.0,1878.0,1878.0
0.0,17247.0,5656.0,5635.0,9324.0,1625.0,551.0,551.0,523.0,1878.0,1878.0,1879.0,1885.0,1885.0,1886.0,5739.0,5739.0,5769.0,551.0,551.0,523.0,1878.0,1878.0,1879.0
0.0,20915.0,5806.0,5638.0,5289.0,2154.0,717.0,717.0,720.0,1879.0,1879.0,1880.0,1935.0,1935.0,1936.0,6961.0,6961.0,6993.0,717.0,717.0,720.0,1879.0,1879.0,1880.0
0.0,20398.0,5668.0,5638.0,1625.0,6197.0,2055.0,2055.0,2087.0,1879.0,1879.0,1880.0,1889.0,1889.0,1890.0,6799.0,6799.0,6800.0,2055.0,2055.0,2087.0,1879.0,1879.0,1880.0
0.0,16355.0,5722.0,5641.0,2154.0,9777.0,3249.0,3249.0,3279.0,1880.0,1880.0,1881.0,1907.0,1907.0,1908.0,5461.0,5461.0,5433.0,3249.0,3249.0,3279.0,1880.0,1880.0,1881.0
0.0,12787.0,5689.0,5641.0,6197.0,9269.0,3090.0,3090.0,3089.0,1880.0,1880.0,1881.0,1896.0,1896.0,1897.0,4271.0,4271.0,4245.0,3090.0,3090.0,3089.0,1880.0,1880.0,1881.0
0.0,13295.0,5626.0,5641.0,9777.0,5118.0,1716.0,1716.0,1686.0,1880.0,1880.0,1881.0,1875.0,1875.0,1876.0,4430.0,4430.0,4435.0,1716.0,1716.0,1686.0,1880.0,1880.0,1881.0
0.0,17446.0,5683.0,5644.0,9269.0,1544.0,524.0,524.0,496.0,1881.0,1881.0,1882.0,1894.0,1894.0,1895.0,5804.0,5804.0,5838.0,524.0,524.0,496.0,1881.0,1881.0,1882.0
0.0,21032.0,5650.0,5647.0,5118.0,2088.0,695.0,695.0,698.0,1882.0,1882.0,1883.0,1883.0,1883.0,1884.0,7000.0,7000.0,7032.0,695.0,695.0,698.0,1882.0,1882.0,1883.0
0.0,20500.0,5685.0,5650.0,1544.0,6241.0,2070.0,2070.0,2101.0,1883.0,1883.0,1884.0,1895.0,1895.0,1895.0,6833.0,6833.0,6834.0,2070.0,2070.0,2101.0,1883.0,1883.0,1884.0
0.0,16359.0,5830.0,5656.0,2088.0,10007.0,3326.0,3326.0,3355.0,1885.0,1885.0,1886.0,1943.0,1943.0,1944.0,5462.0,5462.0,5435.0,3326.0,3326.0,3355.0,1885.0,1885.0,1886.0
0.0,12617.0,5710.0,5656.0,6241.0,9476.0,3159.0,3159.0,3158.0,1885.0,1885.0,1886.0,1903.0,1903.0,1904.0,4214.0,4214.0,4189.0,3159.0,3159.0,3158.0,1885.0,1885.0,1886.0
0.0,13148.0,5650.0,5659.0,10007.0,5131.0,1720.0,1720.0,1691.0,1886.0,1886.0,1887.0,1883.0,1883.0,1884.0,4381.0,4381.0,4386.0,1720.0,1720.0,1691.0,1886.0,1886.0,1887.0
0.0,17505.0,5683.0,5659.0,9476.0,1338.0,455.0,455.0,428.0,1886.0,1886.0,1887.0,1894.0,1894.0,1895.0,5824.0,5824.0,5857.0,455.0,455.0,428.0,1886.0,1886.0,1887.0
0.0,21298.0,5596.0,5661.0,5131.0,1811.0,604.0,604.0,603.0,1887.0,1887.0,1887.0,1865.0,1865.0,1866.0,7089.0,7089.0,7120.0,604.0,604.0,603.0,1887.0,1887.0,1887.0
0.0,20833.0,5596.0,5662.0,1338.0,6073.0,2014.0,2014.0,2045.0,1887.0,1887.0,1888.0,1865.0,1865.0,1866.0,6944.0,6944.0,6945.0,2014.0,2014.0,2045.0,1887.0,1887.0,1888.0
0.0,16575.0,5734.0,5665.0,1811.0,10008.0,3325.0,3325.0,3358.0,1888.0,1888.0,1889.0,1911.0,1911.0,1912.0,5534.0,5534.0,5507.0,3325.0,3325.0,3358.0,1888.0,1888.0,1889.0
0.0,12652.0,5661.0,5665.0,6073.0,9596.0,3198.0,3198.0,3200.0,1888.0,1888.0,1889.0,1887.0,1887.0,1887.0,4227.0,4227.0,4198.0,3198.0,3198.0,3200.0,1888.0,1888.0,1889.0
0.0,13064.0,5812.0,5671.0,10008.0,5424.0,1818.0,1818.0,1788.0,1890.0,1890.0,1891.0,1937.0,1937.0,1938.0,4354.0,4354.0,4356.0,1818.0,1818.0,1788.0,1890.0,1890.0,1891.0
0.0,17260.0,5545.0,5671.0,9596.0,1373.0,468.0,468.0,437.0,1890.0,1890.0,1891.0,1848.0,1848.0,1849.0,5742.0,5742.0,5776.0,468.0,468.0,437.0,1890.0,1890.0,1891.0
0.0,21311.0,5752.0,5677.0,5424.0,1725.0,575.0,575.0,575.0,1892.0,1892.0,1893.0,1917.0,1917.0,1918.0,7092.0,7092.0,7127.0,575.0,575.0,575.0,1892.0,1892.0,1893.0
0.0,20983.0,5686.0,5676.0,1373.0,6034.0,2002.0,2002.0,2030.0,1892.0,1892.0,1892.0,1895.0,1895.0,1896.0,6993.0,6993.0,6997.0,2002.0,2002.0,2030.0,1892.0,1892.0,1892.0
0.0,16670.0,5682.0,5679.0,1725.0,10003.0,3325.0,3325.0,3353.0,1893.0,1893.0,1893.0,1894.0,1894.0,1894.0,5566.0,5566.0,5538.0,3325.0,3325.0,3353.0,1893.0,1893.0,1893.0
0.0,12713.0,5713.0,5683.0,6034.0,9698.0,3231.0,3231.0,3236.0,1894.0,1894.0,1895.0,1904.0,1904.0,1905.0,4247.0,4247.0,4219.0,3231.0,3231.0,3236.0,1894.0,1894.0,1895.0
0.0,13034.0,5713.0,5683.0,10003.0,5408.0,1810.0,1810.0,1788.0,1894.0,1894.0,1895.0,1904.0,1904.0,1905.0,4345.0,4345.0,4344.0,1810.0,1810.0,1788.0,1894.0,1894.0,1895.0
0.0,17324.0,5578.0,5683.0,9698.0,1288.0,438.0,438.0,412.0,1894.0,1894.0,1895.0,1859.0,1859.0,1860.0,5766.0,5766.0,5792.0,438.0,438.0,412.0,1894.0,1894.0,1895.0
0.0,21444.0,5581.0,5683.0,5408.0,1461.0,488.0,488.0,485.0,1894.0,1894.0,1895.0,1860.0,1860.0,1861.0,7138.0,7138.0,7168.0,488.0,488.0,485.0,1894.0,1894.0,1895.0
0.0,21271.0,5677.0,5683.0,1288.0,5850.0,1942.0,1942.0,1966.0,1894.0,1894.0,1895.0,1892.0,1892.0,1893.0,7088.0,7088.0,7095.0,1942.0,1942.0,1966.0,1894.0,1894.0,1895.0
0.0,16882.0,5692.0,5686.0,1461.0,10093.0,3355.0,3355.0,3383.0,1895.0,1895.0,1896.0,1897.0,1897.0,1898.0,5634.0,5634.0,5614.0,3355.0,3355.0,3383.0,1895.0,1895.0,1896.0
0.0,12651.0,5836.0,5689.0,5850.0,10091.0,3362.0,3362.0,3367.0,1896.0,1896.0,1897.0,1945.0,1945.0,1946.0,4225.0,4225.0,4201.0,3362.0,3362.0,3367.0,1896.0,1896.0,1897.0
0.0,12665.0,5677.0,5689.0,10093.0,5675.0,1899.0,1899.0,1877.0,1896.0,1896.0,1897.0,1892.0,1892.0,1893.0,4222.0,4222.0,4221.0,1899.0,1899.0,1877.0,1896.0,1896.0,1897.0
0.0,17081.0,5737.0,5692.0,10091.0,1333.0,453.0,453.0,427.0,1897.0,1897.0,1898.0,1912.0,1912.0,1913.0,5685.0,5685.0,5711.0,453.0,453.0,427.0,1897.0,1897.0,1898.0
0.0,21435.0,5827.0,5694.0,5675.0,1493.0,500.0,500.0,493.0,1898.0,1898.0,1898.0,1942.0,1942.0,1943.0,7135.0,7135.0,7165.0,500.0,500.0,493.0,1898.0,1898.0,1898.0
0.0,21283.0,5767.0,5692.0,1333.0,5919.0,1965.0,1965.0,1989.0,1897.0,1897.0,1898.0,1922.0,1922.0,1923.0,7092.0,7092.0,7099.0,1965.0,1965.0,1989.0,1897.0,1897.0,1898.0
0.0,16849.0,5872.0,5698.0,1493.0,10322.0,3430.0,3430.0,3462.0,1899.0,1899.0,1900.0,1957.0,1957.0,1958.0,5623.0,5623.0,5603.0,3430.0,3430.0,3462.0,1899.0,1899.0,1900.0
0.0,12470.0,5797.0,5698.0,5919.0,10200.0,3397.0,3397.0,3406.0,1899.0,1899.0,1900.0,1932.0,1932.0,1933.0,4166.0,4166.0,4138.0,3397.0,3397.0,3406.0,1899.0,1899.0,1900.0
0.0,12592.0,5655.0,5698.0,10322.0,5533.0,1852.0,1852.0,1829.0,1899.0,1899.0,1900.0,1885.0,1885.0,1885.0,4199.0,4199.0,4194.0,1852.0,1852.0,1829.0,1899.0,1899.0,1900.0
0.0,17259.0,5674.0,5698.0,10200.0,1007.0,346.0,346.0,315.0,1899.0,1899.0,1900.0,1891.0,1891.0,1892.0,5744.0,5744.0,5771.0,346.0,346.0,315.0,1899.0,1899.0,1900.0
0.0,21785.0,5760.0,5698.0,5533.0,1234.0,414.0,414.0,406.0,1899.0,1899.0,1900.0,1920.0,1920.0,1920.0,7250.0,7250.0,7285.0,414.0,414.0,406.0,1899.0,1899.0,1900.0
0.0,21558.0,5728.0,5701.0,1007.0,5967.0,1981.0,1981.0,2005.0,1900.0,1900.0,1901.0,1909.0,1909.0,1910.0,7182.0,7182.0,7194.0,1981.0,1981.0,2005.0,1900.0,1900.0,1901.0
0.0,16837.0,5812.0,5704.0,1234.0,10557.0,3508.0,3508.0,3541.0,1901.0,1901.0,1902.0,1937.0,1937.0,1938.0,5619.0,5619.0,5599.0,3508.0,3508.0,3541.0,1901.0,1901.0,1902.0
0.0,12259.0,5755.0,5707.0,5967.0,10357.0,3449.0,3449.0,3459.0,1902.0,1902.0,1903.0,1918.0,1918.0,1919.0,4096.0,4096.0,4067.0,3449.0,3449.0,3459.0,1902.0,1902.0,1903.0
0.0,12471.0,5718.0,5704.0,10557.0,5506.0,1843.0,1843.0,1820.0,1901.0,1901.0,1902.0,1906.0,1906.0,1906.0,4159.0,4159.0,4153.0,1843.0,1843.0,1820.0,1901.0,1901.0,1902.0
0.0,17310.0,5787.0,5707.0,10357.0,948.0,327.0,327.0,294.0,1902.0,1902.0,1903.0,1929.0,1929.0,1929.0,5761.0,5761.0,5788.0,327.0,327.0,294.0,1902.0,1902.0,1903.0
0.0,21880.0,5734.0,5707.0,5506.0,1176.0,395.0,395.0,386.0,1902.0,1902.0,1903.0,1911.0,1911.0,1912.0,7281.0,7281.0,7318.0,395.0,395.0,386.0,1902.0,1902.0,1903.0
0.0,21652.0,5803.0,5707.0,948.0,6031.0,2002.0,2002.0,2027.0,1902.0,1902.0,1903.0,1934.0,1934.0,1935.0,7213.0,7213.0,7226.0,2002.0,2002.0,2027.0,1902.0,1902.0,1903.0
0.0,16797.0,5703.0,5707.0,1176.0,10558.0,3508.0,3508.0,3542.0,1902.0,1902.0,1903.0,1901.0,1901.0,1901.0,5606.0,5606.0,5585.0,3508.0,3508.0,3542.0,1902.0,1902.0,1903.0
0.0,12270.0,5914.0,5713.0,6031.0,10465.0,3485.0,3485.0,3495.0,1904.0,1904.0,1905.0,1971.0,1971.0,1972.0,4100.0,4100.0,4070.0,3485.0,3485.0,3495.0,1904.0,1904.0,1905.0
0.0,12387.0,5833.0,5716.0,10558.0,5752.0,1925.0,1925.0,1902.0,1905.0,1905.0,1906.0,1944.0,1944.0,1945.0,4131.0,4131.0,4125.0,1925.0,1925.0,1902.0,1905.0,1905.0,1906.0
0.0,17112.0,5896.0,5722.0,10465.0,1207.0,413.0,413.0,381.0,1907.0,1907.0,1908.0,1965.0,1965.0,1966.0,5695.0,5695.0,5722.0,413.0,413.0,381.0,1907.0,1907.0,1908.0
0.0,21681.0,5701.0,5722.0,5752.0,1156.0,388.0,388.0,380.0,1907.0,1907.0,1908.0,1900.0,1900.0,1901.0,7215.0,7215.0,7251.0,388.0,388.0,380.0,1907.0,1907.0,1908.0
0.0,21732.0,5863.0,5722.0,1207.0,5812.0,1929.0,1929.0,1954.0,1907.0,1907.0,1908.0,1954.0,1954.0,1955.0,7240.0,7240.0,7252.0,1929.0,1929.0,1954.0,1907.0,1907.0,1908.0
0.0,17076.0,5794.0,5725.0,1156.0,10462.0,3476.0,3476.0,3510.0,1908.0,1908.0,1909.0,1931.0,1931.0,1932.0,5699.0,5699.0,5678.0,3476.0,3476.0,3510.0,1908.0,1908.0,1909.0
0.0,12438.0,5769.0,5728.0,5812.0,10431.0,3474.0,3474.0,3483.0,1909.0,1909.0,1910.0,1923.0,1923.0,1923.0,4156.0,4156.0,4126.0,3474.0,3474.0,3483.0,1909.0,1909.0,1910.0
0.0,12481.0,5797.0,5728.0,10462.0,5766.0,1930.0,1930.0,1906.0,1909.0,1909.0,1910.0,1932.0,1932.0,1933.0,4162.0,4162.0,4157.0,1930.0,1930.0,1906.0,1909.0,1909.0,1910.0
0.0,17146.0,5734.0,5728.0,10431.0,1069.0,367.0,367.0,335.0,1909.0,1909.0,1910.0,1911.0,1911.0,1912.0,5706.0,5706.0,5734.0,367.0,367.0,335.0,1909.0,1909.0,1910.0
0.0,21843.0,5791.0,5731.0,5766.0,1106.0,371.0,371.0,364.0,1910.0,1910.0,1911.0,1930.0,1930.0,1931.0,7269.0,7269.0,7305.0,371.0,371.0,364.0,1910.0,1910.0,1911.0
0.0,21818.0,5791.0,5731.0,1069.0,5828.0,1934.0,1934.0,1960.0,1910.0,1910.0,1911.0,1930.0,1930.0,1931.0,7269.0,7269.0,7280.0,1934.0,1934.0,1960.0,1910.0,1910.0,1911.0
0.0,17096.0,5773.0,5734.0,1106.0,10507.0,3491.0,3491.0,3525.0,1911.0,1911.0,1912.0,1924.0,1924.0,1925.0,5706.0,5706.0,5684.0,3491.0,3491.0,3525.0,1911.0,1911.0,1912.0
0.0,12429.0,5703.0,5734.0,5828.0,10382.0,3458.0,3458.0,3466.0,1911.0,1911.0,1912.0,1901.0,1901.0,1901.0,4153.0,4153.0,4123.0,3458.0,3458.0,3466.0,1911.0,1911.0,1912.0
0.0,12554.0,5682.0,5736.0,10507.0,5565.0,1865.0,1865.0,1835.0,1912.0,1912.0,1912.0,1894.0,1894.0,1894.0,4186.0,4186.0,4182.0,1865.0,1865.0,1835.0,1912.0,1912.0,1912.0
0.0,17379.0,5842.0,5739.0,10382.0,1037.0,358.0,358.0,321.0,1913.0,1913.0,1913.0,1947.0,1947.0,1948.0,5783.0,5783.0,5813.0,358.0,358.0,321.0,1913.0,1913.0,1913.0
0.0,21919.0,5761.0,5737.0,5565.0,1225.0,409.0,409.0,407.0,1912.0,1912.0,1913.0,1920.0,1920.0,1921.0,7294.0,7294.0,7331.0,409.0,409.0,407.0,1912.0,1912.0,1913.0
0.0,21723.0,5659.0,5737.0,1037.0,5847.0,1937.0,1937.0,1973.0,1912.0,1912.0,1913.0,1886.0,1886.0,1887.0,7239.0,7239.0,7245.0,1937.0,1937.0,1973.0,1912.0,1912.0,1913.0
0.0,17101.0,5722.0,5737.0,1225.0,10344.0,3435.0,3435.0,3474.0,1912.0,1912.0,1913.0,1907.0,1907.0,1908.0,5711.0,5711.0,5679.0,3435.0,3435.0,3474.0,1912.0,1912.0,1913.0
0.0,12604.0,5734.0,5739.0,5847.0,10239.0,3413.0,3413.0,3413.0,1913.0,1913.0,1913.0,1911.0,1911.0,1912.0,4213.0,4213.0,4178.0,3413.0,3413.0,3413.0,1913.0,1913.0,1913.0
0.0,12717.0,5644.0,5740.0,10344.0,5543.0,1859.0,1859.0,1825.0,1913.0,1913.0,1914.0,1881.0,1881.0,1882.0,4239.0,4239.0,4239.0,1859.0,1859.0,1825.0,1913.0,1913.0,1914.0
0.0,17417.0,5728.0,5743.0,10239.0,1044.0,359.0,359.0,326.0,1914.0,1914.0,1915.0,1909.0,1909.0,1910.0,5793.0,5793.0,5831.0,359.0,359.0,326.0,1914.0,1914.0,1915.0
0.0,21928.0,5749.0,5743.0,5543.0,1250.0,416.0,416.0,418.0,1914.0,1914.0,1915.0,1916.0,1916.0,1917.0,7297.0,7297.0,7334.0,416.0,416.0,418.0,1914.0,1914.0,1915.0
0.0,21722.0,5731.0,5743.0,1044.0,5937.0,1967.0,1967.0,2003.0,1914.0,1914.0,1915.0,1910.0,1910.0,1911.0,7240.0,7240.0,7242.0,1967.0,1967.0,2003.0,1914.0,1914.0,1915.0
0.0,17035.0,5662.0,5740.0,1250.0,10337.0,3434.0,3434.0,3469.0,1913.0,1913.0,1914.0,1887.0,1887.0,1888.0,5689.0,5689.0,5657.0,3434.0,3434.0,3469.0,1913.0,1913.0,1914.0
0.0,12623.0,5748.0,5746.0,5937.0,10172.0,3391.0,3391.0,3390.0,1915.0,1915.0,1916.0,1916.0,1916.0,1916.0,4218.0,4218.0,4187.0,3391.0,3391.0,3390.0,1915.0,1915.0,1916.0
0.0,12812.0,5797.0,5746.0,10337.0,5632.0,1889.0,1889.0,1854.0,1915.0,1915.0,1916.0,1932.0,1932.0,1933.0,4269.0,4269.0,4274.0,1889.0,1889.0,1854.0,1915.0,1915.0,1916.0
0.0,17352.0,5824.0,5749.0,10172.0,1296.0,443.0,443.0,410.0,1916.0,1916.0,1917.0,1941.0,1941.0,1942.0,5771.0,5771.0,5810.0,443.0,443.0,410.0,1916.0,1916.0,1917.0
0.0,21700.0,5815.0,5752.0,5632.0,1491.0,496.0,496.0,499.0,1917.0,1917.0,1918.0,1938.0,1938.0,1939.0,7221.0,7221.0,7258.0,496.0,496.0,499.0,1917.0,1917.0,1918.0
0.0,21517.0,5881.0,5755.0,1296.0,6088.0,2017.0,2017.0,2054.0,1918.0,1918.0,1919.0,1960.0,1960.0,1961.0,7172.0,7172.0,7173.0,2017.0,2017.0,2054.0,1918.0,1918.0,1919.0
0.0,16932.0,5758.0,5755.0,1491.0,10355.0,3440.0,3440.0,3475.0,1918.0,1918.0,1919.0,1919.0,1919.0,1920.0,5655.0,5655.0,5622.0,3440.0,3440.0,3475.0,1918.0,1918.0,1919.0
0.0,12665.0,5740.0,5758.0,6088.0,10019.0,3340.0,3340.0,3339.0,1919.0,1919.0,1920.0,1913.0,1913.0,1914.0,4232.0,4232.0,4201.0,3340.0,3340.0,3339.0,1919.0,1919.0,1920.0
0.0,13013.0,5778.0,5761.0,10355.0,5454.0,1830.0,1830.0,1794.0,1920.0,1920.0,1921.0,1926.0,1926.0,1926.0,4336.0,4336.0,4341.0,1830.0,1830.0,1794.0,1920.0,1920.0,1921.0
0.0,17590.0,5739.0,5764.0,10019.0,1186.0,407.0,407.0,372.0,1921.0,1921.0,1922.0,1913.0,1913.0,1913.0,5850.0,5850.0,5890.0,407.0,407.0,372.0,1921.0,1921.0,1922.0
0.0,21870.0,5683.0,5764.0,5454.0,1415.0,471.0,471.0,473.0,1921.0,1921.0,1922.0,1894.0,1894.0,1895.0,7277.0,7277.0,7316.0,471.0,471.0,473.0,1921.0,1921.0,1922.0
0.0,21641.0,5730.0,5761.0,1186.0,5947.0,1970.0,1970.0,2007.0,1920.0,1920.0,1921.0,1910.0,1910.0,1910.0,7213.0,7213.0,7215.0,1970.0,1970.0,2007.0,1920.0,1920.0,1921.0
0.0,17097.0,5743.0,5761.0,1415.0,10275.0,3413.0,3413.0,3449.0,1920.0,1920.0,1921.0,1914.0,1914.0,1915.0,5710.0,5710.0,5677.0,3413.0,3413.0,3449.0,1920.0,1920.0,1921.0
0.0,12769.0,5824.0,5764.0,5947.0,10164.0,3388.0,3388.0,3388.0,1921.0,1921.0,1922.0,1941.0,1941.0,1942.0,4267.0,4267.0,4235.0,3388.0,3388.0,3388.0,1921.0,1921.0,1922.0
0.0,12892.0,5701.0,5761.0,10275.0,5578.0,1871.0,1871.0,1836.0,1920.0,1920.0,1921.0,1900.0,1900.0,1901.0,4296.0,4296.0,4300.0,1871.0,1871.0,1836.0,1920.0,1920.0,1921.0
0.0,17466.0,5748.0,5761.0,10164.0,1162.0,399.0,399.0,364.0,1920.0,1920.0,1921.0,1916.0,1916.0,1916.0,5809.0,5809.0,5848.0,399.0,399.0,364.0,1920.0,1920.0,1921.0
0.0,21882.0,5836.0,5761.0,5578.0,1420.0,473.0,473.0,474.0,1920.0,1920.0,1921.0,1945.0,1945.0,1946.0,7281.0,7281.0,7320.0,473.0,473.0,474.0,1920.0,1920.0,1921.0
0.0,21624.0,5790.0,5761.0,1162.0,6048.0,2004.0,2004.0,2040.0,1920.0,1920.0,1921.0,1930.0,1930.0,1930.0,7207.0,7207.0,7210.0,2004.0,2004.0,2040.0,1920.0,1920.0,1921.0
0.0,16996.0,5706.0,5761.0,1420.0,10334.0,3433.0,3433.0,3468.0,1920.0,1920.0,1921.0,1902.0,1902.0,1902.0,5676.0,5676.0,5644.0,3433.0,3433.0,3468.0,1920.0,1920.0,1921.0
0.0,12710.0,5758.0,5763.0,6048.0,10052.0,3352.0,3352.0,3348.0,1921.0,1921.0,1921.0,1919.0,1919.0,1920.0,4247.0,4247.0,4216.0,3352.0,3352.0,3348.0,1921.0,1921.0,1921.0
0.0,13000.0,5734.0,5763.0,10334.0,5452.0,1830.0,1830.0,1792.0,1921.0,1921.0,1921.0,1911.0,1911.0,1912.0,4332.0,4332.0,4336.0,1830.0,1830.0,1792.0,1921.0,1921.0,1921.0
0.0,17600.0,5829.0,5764.0,10052.0,1233.0,421.0,421.0,391.0,1921.0,1921.0,1922.0,1943.0,1943.0,1943.0,5854.0,5854.0,5892.0,421.0,421.0,391.0,1921.0,1921.0,1922.0
0.0,21823.0,5848.0,5764.0,5452.0,1629.0,540.0,540.0,549.0,1921.0,1921.0,1922.0,1949.0,1949.0,1950.0,7263.0,7263.0,7297.0,540.0,540.0,549.0,1921.0,1921.0,1922.0
0.0,21427.0,5824.0,5767.0,1233.0,6232.0,2064.0,2064.0,2104.0,1922.0,1922.0,1923.0,1941.0,1941.0,1942.0,7144.0,7144.0,7139.0,2064.0,2064.0,2104.0,1922.0,1922.0,1923.0
0.0,16836.0,5874.0,5770.0,1629.0,10489.0,3486.0,3486.0,3517.0,1923.0,1923.0,1924.0,1958.0,1958.0,1958.0,5624.0,5624.0,5588.0,3486.0,3486.0,3517.0,1923.0,1923.0,1924.0
0.0,12591.0,5863.0,5770.0,6232.0,10120.0,3376.0,3376.0,3368.0,1923.0,1923.0,1924.0,1954.0,1954.0,1955.0,4206.0,4206.0,4179.0,3376.0,3376.0,3368.0,1923.0,1923.0,1924.0
0.0,12960.0,5836.0,5773.0,10489.0,5479.0,1839.0,1839.0,1801.0,1924.0,1924.0,1925.0,1945.0,1945.0,1946.0,4316.0,4316.0,4328.0,1839.0,1839.0,1801.0,1924.0,1924.0,1925.0
0.0,17613.0,5794.0,5773.0,10120.0,1153.0,394.0,394.0,365.0,1924.0,1924.0,1925.0,1931.0,1931.0,1932.0,5857.0,5857.0,5899.0,394.0,394.0,365.0,1924.0,1924.0,1925.0
0.0,21939.0,5869.0,5776.0,5479.0,1555.0,515.0,515.0,525.0,1925.0,1925.0,1926.0,1956.0,1956.0,1957.0,7302.0,7302.0,7335.0,515.0,515.0,525.0,1925.0,1925.0,1926.0
0.0,21549.0,5758.0,5773.0,1153.0,6148.0,2036.0,2036.0,2076.0,1924.0,1924.0,1925.0,1919.0,1919.0,1920.0,7185.0,7185.0,7179.0,2036.0,2036.0,2076.0,1924.0,1924.0,1925.0
0.0,16944.0,5842.0,5773.0,1555.0,10435.0,3468.0,3468.0,3499.0,1924.0,1924.0,1925.0,1947.0,1947.0,1948.0,5660.0,5660.0,5624.0,3468.0,3468.0,3499.0,1924.0,1924.0,1925.0
0.0,12657.0,5667.0,5769.0,6148.0,9938.0,3317.0,3317.0,3304.0,1923.0,1923.0,1923.0,1889.0,1889.0,1889.0,4228.0,4228.0,4201.0,3317.0,3317.0,3304.0,1923.0,1923.0,1923.0
0.0,13138.0,5857.0,5772.0,10435.0,5372.0,1805.0,1805.0,1762.0,1924.0,1924.0,1924.0,1952.0,1952.0,1953.0,4375.0,4375.0,4388.0,1805.0,1805.0,1762.0,1924.0,1924.0,1924.0
0.0,17716.0,5857.0,5772.0,9938.0,1291.0,440.0,440.0,411.0,1924.0,1924.0,1924.0,1952.0,1952.0,1953.0,5891.0,5891.0,5934.0,440.0,440.0,411.0,1924.0,1924.0,1924.0
0.0,21797.0,5806.0,5772.0,5372.0,1725.0,570.0,570.0,585.0,1924.0,1924.0,1924.0,1935.0,1935.0,1936.0,7256.0,7256.0,7285.0,570.0,570.0,585.0,1924.0,1924.0,1924.0
0.0,21363.0,5824.0,5773.0,1291.0,6262.0,2071.0,2071.0,2120.0,1924.0,1924.0,1925.0,1941.0,1941.0,1942.0,7126.0,7126.0,7111.0,2071.0,2071.0,2120.0,1924.0,1924.0,1925.0
0.0,16830.0,5827.0,5773.0,1725.0,10364.0,3443.0,3443.0,3478.0,1924.0,1924.0,1925.0,1942.0,1942.0,1943.0,5625.0,5625.0,5580.0,3443.0,3443.0,3478.0,1924.0,1924.0,1925.0
0.0,12728.0,5926.0,5776.0,6262.0,10040.0,3351.0,3351.0,3338.0,1925.0,1925.0,1926.0,1975.0,1975.0,1976.0,4253.0,4253.0,4222.0,3351.0,3351.0,3338.0,1925.0,1925.0,1926.0
0.0,13064.0,5965.0,5781.0,10364.0,5661.0,1904.0,1904.0,1853.0,1927.0,1927.0,1927.0,1988.0,1988.0,1989.0,4349.0,4349.0,4366.0,1904.0,1904.0,1853.0,1927.0,1927.0,1927.0
0.0,17463.0,5818.0,5781.0,10040.0,1439.0,492.0,492.0,455.0,1927.0,1927.0,1927.0,1939.0,1939.0,1940.0,5804.0,5804.0,5855.0,492.0,492.0,455.0,1927.0,1927.0,1927.0
0.0,21685.0,5941.0,5785.0,5661.0,1735.0,572.0,572.0,591.0,1928.0,1928.0,1929.0,1980.0,1980.0,1981.0,7216.0,7216.0,7253.0,572.0,572.0,591.0,1928.0,1928.0,1929.0
0.0,21405.0,5898.0,5788.0,1439.0,6206.0,2050.0,2050.0,2106.0,1929.0,1929.0,1930.0,1966.0,1966.0,1966.0,7140.0,7140.0,7125.0,2050.0,2050.0,2106.0,1929.0,1929.0,1930.0
0.0,16946.0,5815.0,5791.0,1735.0,10298.0,3420.0,3420.0,3458.0,1930.0,1930.0,1931.0,1938.0,1938.0,1939.0,5666.0,5666.0,5614.0,3420.0,3420.0,3458.0,1930.0,1930.0,1931.0
0.0,12866.0,5860.0,5791.0,6206.0,9952.0,3323.0,3323.0,3306.0,1930.0,1930.0,1931.0,1953.0,1953.0,1954.0,4300.0,4300.0,4266.0,3323.0,3323.0,3306.0,1930.0,1930.0,1931.0
0.0,13212.0,5923.0,5794.0,10298.0,5589.0,1881.0,1881.0,1827.0,1931.0,1931.0,1932.0,1974.0,1974.0,1975.0,4397.0,4397.0,4418.0,1881.0,1881.0,1827.0,1931.0,1931.0,1932.0
0.0,17587.0,5823.0,5797.0,9952.0,1472.0,503.0,503.0,466.0,1932.0,1932.0,1933.0,1941.0,1941.0,1941.0,5843.0,5843.0,5901.0,503.0,503.0,466.0,1932.0,1932.0,1933.0
0.0,21716.0,5887.0,5800.0,5589.0,1782.0,588.0,588.0,606.0,1933.0,1933.0,1934.0,1962.0,1962.0,1963.0,7225.0,7225.0,7266.0,588.0,588.0,606.0,1933.0,1933.0,1934.0
0.0,21418.0,5851.0,5803.0,1472.0,6173.0,2039.0,2039.0,2095.0,1934.0,1934.0,1935.0,1950.0,1950.0,1951.0,7144.0,7144.0,7130.0,2039.0,2039.0,2095.0,1934.0,1934.0,1935.0
0.0,17039.0,5776.0,5806.0,1782.0,10179.0,3380.0,3380.0,3419.0,1935.0,1935.0,1936.0,1925.0,1925.0,1926.0,5697.0,5697.0,5645.0,3380.0,3380.0,3419.0,1935.0,1935.0,1936.0
0.0,13045.0,5830.0,5806.0,6173.0,9836.0,3284.0,3284.0,3268.0,1935.0,1935.0,1936.0,1943.0,1943.0,1944.0,4360.0,4360.0,4325.0,3284.0,3284.0,3268.0,1935.0,1935.0,1936.0
0.0,13388.0,5815.0,5809.0,10179.0,5484.0,1846.0,1846.0,1792.0,1936.0,1936.0,1937.0,1938.0,1938.0,1939.0,4456.0,4456.0,4476.0,1846.0,1846.0,1792.0,1936.0,1936.0,1937.0
0.0,17752.0,5896.0,5812.0,9836.0,1556.0,531.0,531.0,494.0,1937.0,1937.0,1938.0,1965.0,1965.0,1966.0,5898.0,5898.0,5956.0,531.0,531.0,494.0,1937.0,1937.0,1938.0
0.0,21692.0,5802.0,5815.0,5484.0,1886.0,623.0,623.0,640.0,1938.0,1938.0,1939.0,1934.0,1934.0,1934.0,7217.0,7217.0,7258.0,623.0,623.0,640.0,1938.0,1938.0,1939.0
0.0,21374.0,5862.0,5817.0,1556.0,6200.0,2050.0,2050.0,2100.0,1939.0,1939.0,1939.0,1954.0,1954.0,1954.0,7129.0,7129.0,7116.0,2050.0,2050.0,2100.0,1939.0,1939.0,1939.0
0.0,17068.0,5911.0,5818.0,1886.0,10229.0,3397.0,3397.0,3435.0,1939.0,1939.0,1940.0,1970.0,1970.0,1971.0,5706.0,5706.0,5656.0,3397.0,3397.0,3435.0,1939.0,1939.0,1940.0
0.0,13043.0,5785.0,5818.0,6200.0,9814.0,3275.0,3275.0,3264.0,1939.0,1939.0,1940.0,1928.0,1928.0,1929.0,4359.0,4359.0,4325.0,3275.0,3275.0,3264.0,1939.0,1939.0,1940.0
0.0,13458.0,5737.0,5815.0,10229.0,5310.0,1786.0,1786.0,1738.0,1938.0,1938.0,1939.0,1912.0,1912.0,1913.0,4481.0,4481.0,4496.0,1786.0,1786.0,1738.0,1938.0,1938.0,1939.0
0.0,17950.0,5758.0,5814.0,9814.0,1250.0,430.0,430.0,390.0,1938.0,1938.0,1938.0,1919.0,1919.0,1920.0,5966.0,5966.0,6018.0,430.0,430.0,390.0,1938.0,1938.0,1938.0
0.0,22006.0,5860.0,5815.0,5310.0,1804.0,597.0,597.0,610.0,1938.0,1938.0,1939.0,1953.0,1953.0,1954.0,7322.0,7322.0,7362.0,597.0,597.0,610.0,1938.0,1938.0,1939.0
0.0,21456.0,5884.0,5818.0,1250.0,6450.0,2132.0,2132.0,2186.0,1939.0,1939.0,1940.0,1961.0,1961.0,1962.0,7155.0,7155.0,7146.0,2132.0,2132.0,2186.0,1939.0,1939.0,1940.0
0.0,16822.0,5962.0,5821.0,1804.0,10620.0,3526.0,3526.0,3568.0,1940.0,1940.0,1941.0,1987.0,1987.0,1988.0,5624.0,5624.0,5574.0,3526.0,3526.0,3568.0,1940.0,1940.0,1941.0
0.0,12664.0,5785.0,5824.0,6450.0,9967.0,3326.0,3326.0,3315.0,1941.0,1941.0,1942.0,1928.0,1928.0,1929.0,4234.0,4234.0,4196.0,3326.0,3326.0,3315.0,1941.0,1941.0,1942.0
0.0,13329.0,5815.0,5826.0,10620.0,5170.0,1742.0,1742.0,1686.0,1942.0,1942.0,1942.0,1938.0,1938.0,1939.0,4438.0,4438.0,4453.0,1742.0,1742.0,1686.0,1942.0,1942.0,1942.0
0.0,18134.0,5791.0,5827.0,9967.0,998.0,346.0,346.0,306.0,1942.0,1942.0,1943.0,1930.0,1930.0,1931.0,6026.0,6026.0,6082.0,346.0,346.0,306.0,1942.0,1942.0,1943.0
0.0,22310.0,5830.0,5829.0,5170.0,1666.0,551.0,551.0,564.0,1943.0,1943.0,1943.0,1943.0,1943.0,1944.0,7422.0,7422.0,7466.0,551.0,551.0,564.0,1943.0,1943.0,1943.0
0.0,21650.0,5818.0,5827.0,998.0,6478.0,2140.0,2140.0,2198.0,1942.0,1942.0,1943.0,1939.0,1939.0,1940.0,7221.0,7221.0,7208.0,2140.0,2140.0,2198.0,1942.0,1942.0,1943.0
0.0,16830.0,5866.0,5832.0,1666.0,10698.0,3552.0,3552.0,3594.0,1944.0,1944.0,1944.0,1955.0,1955.0,1956.0,5628.0,5628.0,5574.0,3552.0,3552.0,3594.0,1944.0,1944.0,1944.0
0.0,12630.0,6055.0,5838.0,6478.0,10299.0,3438.0,3438.0,3423.0,1946.0,1946.0,1946.0,2018.0,2018.0,2019.0,4224.0,4224.0,4182.0,3438.0,3438.0,3423.0,1946.0,1946.0,1946.0
0.0,13053.0,5884.0,5839.0,10698.0,5489.0,1847.0,1847.0,1795.0,1946.0,1946.0,1947.0,1961.0,1961.0,1962.0,4346.0,4346.0,4361.0,1847.0,1847.0,1795.0,1946.0,1946.0,1947.0
0.0,17867.0,5896.0,5839.0,10299.0,1086.0,374.0,374.0,338.0,1946.0,1946.0,1947.0,1965.0,1965.0,1966.0,5937.0,5937.0,5993.0,374.0,374.0,338.0,1946.0,1946.0,1947.0
0.0,22270.0,5904.0,5845.0,5489.0,1525.0,503.0,503.0,519.0,1948.0,1948.0,1949.0,1968.0,1968.0,1968.0,7410.0,7410.0,7450.0,503.0,503.0,519.0,1948.0,1948.0,1949.0
0.0,21855.0,5833.0,5845.0,1086.0,6272.0,2073.0,2073.0,2126.0,1948.0,1948.0,1949.0,1944.0,1944.0,1945.0,7289.0,7289.0,7277.0,2073.0,2073.0,2126.0,1948.0,1948.0,1949.0
0.0,17108.0,5866.0,5848.0,1525.0,10625.0,3529.0,3529.0,3567.0,1949.0,1949.0,1950.0,1955.0,1955.0,1956.0,5719.0,5719.0,5670.0,3529.0,3529.0,3567.0,1949.0,1949.0,1950.0
0.0,12767.0,5866.0,5848.0,6272.0,10219.0,3411.0,3411.0,3397.0,1949.0,1949.0,1950.0,1955.0,1955.0,1956.0,4267.0,4267.0,4233.0,3411.0,3411.0,3397.0,1949.0,1949.0,1950.0
0.0,13173.0,5944.0,5851.0,10625.0,5550.0,1867.0,1867.0,1816.0,1950.0,1950.0,1951.0,1981.0,1981.0,1982.0,4385.0,4385.0,4403.0,1867.0,1867.0,1816.0,1950.0,1950.0,1951.0
0.0,17854.0,6040.0,5854.0,10219.0,1383.0,473.0,473.0,437.0,1951.0,1951.0,1952.0,2013.0,2013.0,2014.0,5933.0,5933.0,5988.0,473.0,473.0,437.0,1951.0,1951.0,1952.0
0.0,22033.0,5962.0,5857.0,5550.0,1807.0,597.0,597.0,613.0,1952.0,1952.0,1953.0,1987.0,1987.0,1988.0,7331.0,7331.0,7371.0,597.0,597.0,613.0,1952.0,1952.0,1953.0
0.0,21621.0,5821.0,5856.0,1383.0,6241.0,2064.0,2064.0,2113.0,1952.0,1952.0,1952.0,1940.0,1940.0,1941.0,7211.0,7211.0,7199.0,2064.0,2064.0,2113.0,1952.0,1952.0,1952.0
0.0,17183.0,5890.0,5857.0,1807.0,10328.0,3430.0,3430.0,3468.0,1952.0,1952.0,1953.0,1963.0,1963.0,1964.0,5744.0,5744.0,5695.0,3430.0,3430.0,3468.0,1952.0,1952.0,1953.0
0.0,13100.0,5986.0,5860.0,6241.0,10085.0,3365.0,3365.0,3355.0,1953.0,1953.0,1954.0,1995.0,1995.0,1996.0,4378.0,4378.0,4344.0,3365.0,3365.0,3355.0,1953.0,1953.0,1954.0
0.0,13355.0,5926.0,5862.0,10328.0,5691.0,1914.0,1914.0,1863.0,1954.0,1954.0,1954.0,1975.0,1975.0,1976.0,4447.0,4447.0,4461.0,1914.0,1914.0,1863.0,1954.0,1954.0,1954.0
0.0,17757.0,5845.0,5863.0,10085.0,1455.0,497.0,497.0,461.0,1954.0,1954.0,1955.0,1948.0,1948.0,1949.0,5902.0,5902.0,5953.0,497.0,497.0,461.0,1954.0,1954.0,1955.0
0.0,21997.0,5893.0,5863.0,5691.0,1657.0,547.0,547.0,563.0,1954.0,1954.0,1955.0,1964.0,1964.0,1965.0,7319.0,7319.0,7359.0,547.0,547.0,563.0,1954.0,1954.0,1955.0
0.0,21795.0,5916.0,5869.0,1455.0,6142.0,2030.0,2030.0,2082.0,1956.0,1956.0,1957.0,1972.0,1972.0,1972.0,7269.0,7269.0,7257.0,2030.0,2030.0,2082.0,1956.0,1956.0,1957.0
0.0,17334.0,5814.0,5869.0,1657.0,10299.0,3421.0,3421.0,3457.0,1956.0,1956.0,1957.0,1938.0,1938.0,1938.0,5794.0,5794.0,5746.0,3421.0,3421.0,3457.0,1956.0,1956.0,1957.0
0.0,13177.0,5946.0,5869.0,6142.0,10103.0,3373.0,3373.0,3357.0,1956.0,1956.0,1957.0,1982.0,1982.0,1982.0,4403.0,4403.0,4371.0,3373.0,3373.0,3357.0,1956.0,1956.0,1957.0
0.0,13373.0,5928.0,5872.0,10299.0,5744.0,1932.0,1932.0,1880.0,1957.0,1957.0,1958.0,1976.0,1976.0,1976.0,4451.0,4451.0,4471.0,1932.0,1932.0,1880.0,1957.0,1957.0,1958.0
0.0,17744.0,5842.0,5872.0,10103.0,1483.0,506.0,506.0,471.0,1957.0,1957.0,1958.0,1947.0,1947.0,1948.0,5896.0,5896.0,5952.0,506.0,506.0,471.0,1957.0,1957.0,1958.0
0.0,22005.0,5961.0,5875.0,5744.0,1712.0,565.0,565.0,582.0,1958.0,1958.0,1959.0,1987.0,1987.0,1987.0,7322.0,7322.0,7361.0,565.0,565.0,582.0,1958.0,1958.0,1959.0
0.0,21788.0,5956.0,5875.0,1483.0,6185.0,2044.0,2044.0,2097.0,1958.0,1958.0,1959.0,1985.0,1985.0,1986.0,7267.0,7267.0,7254.0,2044.0,2044.0,2097.0,1958.0,1958.0,1959.0
0.0,17315.0,5908.0,5875.0,1712.0,10381.0,3448.0,3448.0,3485.0,1958.0,1958.0,1959.0,1969.0,1969.0,1970.0,5788.0,5788.0,5739.0,3448.0,3448.0,3485.0,1958.0,1958.0,1959.0
0.0,13119.0,5938.0,5878.0,6185.0,10146.0,3387.0,3387.0,3372.0,1959.0,1959.0,1960.0,1979.0,1979.0,1980.0,4384.0,4384.0,4351.0,3387.0,3387.0,3372.0,1959.0,1959.0,1960.0
0.0,13366.0,5845.0,5875.0,10381.0,5598.0,1883.0,1883.0,1832.0,1958.0,1958.0,1959.0,1948.0,1948.0,1949.0,4449.0,4449.0,4468.0,1883.0,1883.0,1832.0,1958.0,1958.0,1959.0
0.0,17902.0,6004.0,5878.0,10146.0,1468.0,501.0,501.0,466.0,1959.0,1959.0,1960.0,2001.0,2001.0,2002.0,5949.0,5949.0,6004.0,501.0,501.0,466.0,1959.0,1959.0,1960.0
0.0,22044.0,5800.0,5878.0,5598.0,1670.0,551.0,551.0,568.0,1959.0,1959.0,1960.0,1933.0,1933.0,1934.0,7335.0,7335.0,7374.0,551.0,551.0,568.0,1959.0,1959.0,1960.0
0.0,21842.0,5848.0,5877.0,1468.0,6046.0,1999.0,1999.0,2048.0,1959.0,1959.0,1959.0,1949.0,1949.0,1950.0,7285.0,7285.0,7272.0,1999.0,1999.0,2048.0,1959.0,1959.0,1959.0
0.0,17462.0,5851.0,5875.0,1670.0,10219.0,3394.0,3394.0,3431.0,1958.0,1958.0,1959.0,1950.0,1950.0,1951.0,5837.0,5837.0,5788.0,3394.0,3394.0,3431.0,1958.0,1958.0,1959.0
0.0,13281.0,6007.0,5878.0,6046.0,10192.0,3401.0,3401.0,3390.0,1959.0,1959.0,1960.0,2002.0,2002.0,2003.0,4438.0,4438.0,4405.0,3401.0,3401.0,3390.0,1959.0,1959.0,1960.0
0.0,13320.0,5818.0,5878.0,10219.0,5791.0,1946.0,1946.0,1899.0,1959.0,1959.0,1960.0,1939.0,1939.0,1940.0,4435.0,4435.0,4450.0,1946.0,1946.0,1899.0,1959.0,1959.0,1960.0
0.0,17721.0,6037.0,5881.0,10192.0,1648.0,561.0,561.0,526.0,1960.0,1960.0,1961.0,2012.0,2012.0,2013.0,5890.0,5890.0,5941.0,561.0,561.0,526.0,1960.0,1960.0,1961.0
0.0,21876.0,5857.0,5883.0,5791.0,1722.0,571.0,571.0,580.0,1961.0,1961.0,1961.0,1952.0,1952.0,1953.0,7279.0,7279.0,7318.0,571.0,571.0,580.0,1961.0,1961.0,1961.0
0.0,21810.0,5830.0,5883.0,1648.0,5904.0,1953.0,1953.0,1998.0,1961.0,1961.0,1961.0,1943.0,1943.0,1944.0,7273.0,7273.0,7264.0,1953.0,1953.0,1998.0,1961.0,1961.0,1961.0
0.0,17628.0,5854.0,5884.0,1722.0,10040.0,3333.0,3333.0,3374.0,1961.0,1961.0,1962.0,1951.0,1951.0,1952.0,5891.0,5891.0,5846.0,3333.0,3333.0,3374.0,1961.0,1961.0,1962.0
0.0,13496.0,5806.0,5881.0,5904.0,9930.0,3311.0,3311.0,3308.0,1960.0,1960.0,1961.0,1935.0,1935.0,1936.0,4511.0,4511.0,4474.0,3311.0,3311.0,3308.0,1960.0,1960.0,1961.0
0.0,13594.0,5908.0,5884.0,10040.0,5810.0,1951.0,1951.0,1908.0,1961.0,1961.0,1962.0,1969.0,1969.0,1970.0,4529.0,4529.0,4536.0,1951.0,1951.0,1908.0,1961.0,1961.0,1962.0
0.0,17726.0,5844.0,5884.0,9930.0,1724.0,588.0,588.0,548.0,1961.0,1961.0,1962.0,1948.0,1948.0,1948.0,5893.0,5893.0,5940.0,588.0,588.0,548.0,1961.0,1961.0,1962.0
0.0,21812.0,5925.0,5884.0,5810.0,1839.0,612.0,612.0,615.0,1961.0,1961.0,1962.0,1975.0,1975.0,1975.0,7256.0,7256.0,7300.0,612.0,612.0,615.0,1961.0,1961.0,1962.0
0.0,21697.0,5727.0,5883.0,1724.0,5838.0,1933.0,1933.0,1972.0,1961.0,1961.0,1961.0,1909.0,1909.0,1909.0,7232.0,7232.0,7233.0,1933.0,1933.0,1972.0,1961.0,1961.0,1961.0
0.0,17694.0,5995.0,5887.0,1839.0,10010.0,3323.0,3323.0,3364.0,1962.0,1962.0,1963.0,1998.0,1998.0,1999.0,5911.0,5911.0,5872.0,3323.0,3323.0,3364.0,1962.0,1962.0,1963.0
0.0,13538.0,5941.0,5890.0,5838.0,10125.0,3374.0,3374.0,3377.0,1963.0,1963.0,1964.0,1980.0,1980.0,1981.0,4525.0,4525.0,4488.0,3374.0,3374.0,3377.0,1963.0,1963.0,1964.0
0.0,13435.0,5899.0,5892.0,10010.0,6022.0,2021.0,2021.0,1980.0,1964.0,1964.0,1964.0,1966.0,1966.0,1967.0,4478.0,4478.0,4479.0,2021.0,2021.0,1980.0,1964.0,1964.0,1964.0
0.0,17546.0,5914.0,5893.0,10125.0,1815.0,618.0,618.0,579.0,1964.0,1964.0,1965.0,1971.0,1971.0,1972.0,5835.0,5835.0,5876.0,618.0,618.0,579.0,1964.0,1964.0,1965.0
0.0,21757.0,5953.0,5893.0,6022.0,1746.0,581.0,581.0,584.0,1964.0,1964.0,1965.0,1984.0,1984.0,1985.0,7238.0,7238.0,7281.0,581.0,581.0,584.0,1964.0,1964.0,1965.0
0.0,21826.0,5809.0,5893.0,1815.0,5740.0,1899.0,1899.0,1942.0,1964.0,1964.0,1965.0,1936.0,1936.0,1937.0,7275.0,7275.0,7276.0,1899.0,1899.0,1942.0,1964.0,1964.0,1965.0
0.0,17832.0,5923.0,5895.0,1746.0,9925.0,3296.0,3296.0,3333.0,1965.0,1965.0,1965.0,1974.0,1974.0,1975.0,5957.0,5957.0,5918.0,3296.0,3296.0,3333.0,1965.0,1965.0,1965.0
0.0,13655.0,6019.0,5899.0,5740.0,10220.0,3407.0,3407.0,3406.0,1966.0,1966.0,1967.0,2006.0,2006.0,2007.0,4564.0,4564.0,4527.0,3407.0,3407.0,3406.0,1966.0,1966.0,1967.0
0.0,13376.0,5911.0,5901.0,9925.0,6214.0,2085.0,2085.0,2044.0,1967.0,1967.0,1967.0,1970.0,1970.0,1971.0,4457.0,4457.0,4462.0,2085.0,2085.0,2044.0,1967.0,1967.0,1967.0
0.0,17390.0,5887.0,5902.0,10220.0,1885.0,640.0,640.0,605.0,1967.0,1967.0,1968.0,1962.0,1962.0,1963.0,5783.0,5783.0,5824.0,640.0,640.0,605.0,1967.0,1967.0,1968.0
0.0,21723.0,6028.0,5905.0,6214.0,1711.0,568.0,568.0,575.0,1968.0,1968.0,1969.0,2009.0,2009.0,2010.0,7228.0,7228.0,7267.0,568.0,568.0,575.0,1968.0,1968.0,1969.0
0.0,21909.0,5911.0,5902.0,1885.0,5725.0,1894.0,1894.0,1937.0,1967.0,1967.0,1968.0,1970.0,1970.0,1971.0,7304.0,7304.0,7301.0,1894.0,1894.0,1937.0,1967.0,1967.0,1968.0
0.0,17883.0,5992.0,5905.0,1711.0,10018.0,3327.0,3327.0,3364.0,1968.0,1968.0,1969.0,1997.0,1997.0,1998.0,5974.0,5974.0,5935.0,3327.0,3327.0,3364.0,1968.0,1968.0,1969.0
0.0,13602.0,5935.0,5905.0,5725.0,10228.0,3411.0,3411.0,3406.0,1968.0,1968.0,1969.0,1978.0,1978.0,1979.0,4545.0,4545.0,4512.0,3411.0,3411.0,3406.0,1968.0,1968.0,1969.0
0.0,13392.0,6094.0,5908.0,10018.0,6316.0,2119.0,2119.0,2078.0,1969.0,1969.0,1970.0,2031.0,2031.0,2032.0,4461.0,4461.0,4470.0,2119.0,2119.0,2078.0,1969.0,1969.0,1970.0
0.0,17316.0,5983.0,5911.0,10228.0,2083.0,706.0,706.0,671.0,1970.0,1970.0,1971.0,1994.0,1994.0,1995.0,5757.0,5757.0,5802.0,706.0,706.0,671.0,1970.0,1970.0,1971.0
0.0,21561.0,5938.0,5914.0,6316.0,1717.0,570.0,570.0,577.0,1971.0,1971.0,1972.0,1979.0,1979.0,1980.0,7174.0,7174.0,7213.0,570.0,570.0,577.0,1971.0,1971.0,1972.0
0.0,21939.0,6075.0,5917.0,2083.0,5721.0,1893.0,1893.0,1935.0,1972.0,1972.0,1973.0,2025.0,2025.0,2025.0,7314.0,7314.0,7311.0,1893.0,1893.0,1935.0,1972.0,1972.0,1973.0
0.0,17947.0,6049.0,5920.0,1717.0,10065.0,3343.0,3343.0,3379.0,1973.0,1973.0,1974.0,2016.0,2016.0,2017.0,5995.0,5995.0,5957.0,3343.0,3343.0,3379.0,1973.0,1973.0,1974.0
0.0,13615.0,6000.0,5917.0,5721.0,10332.0,3446.0,3446.0,3440.0,1972.0,1972.0,1973.0,2000.0,2000.0,2000.0,4549.0,4549.0,4517.0,3446.0,3446.0,3440.0,1972.0,1972.0,1973.0
0.0,13336.0,5851.0,5917.0,10065.0,6118.0,2053.0,2053.0,2012.0,1972.0,1972.0,1973.0,1950.0,1950.0,1951.0,4442.0,4442.0,4452.0,2053.0,2053.0,2012.0,1972.0,1972.0,1973.0
0.0,17550.0,6025.0,5920.0,10332.0,1823.0,619.0,619.0,585.0,1973.0,1973.0,1974.0,2008.0,2008.0,2009.0,5835.0,5835.0,5880.0,619.0,619.0,585.0,1973.0,1973.0,1974.0
0.0,21857.0,5970.0,5922.0,6118.0,1683.0,560.0,560.0,563.0,1974.0,1974.0,1974.0,1990.0,1990.0,1990.0,7273.0,7273.0,7311.0,560.0,560.0,563.0,1974.0,1974.0,1974.0
0.0,22005.0,6040.0,5923.0,1823.0,5904.0,1954.0,1954.0,1996.0,1974.0,1974.0,1975.0,2013.0,2013.0,2014.0,7336.0,7336.0,7333.0,1954.0,1954.0,1996.0,1974.0,1974.0,1975.0
0.0,17788.0,5911.0,5923.0,1683.0,10132.0,3364.0,3364.0,3404.0,1974.0,1974.0,1975.0,1970.0,1970.0,1971.0,5942.0,5942.0,5904.0,3364.0,3364.0,3404.0,1974.0,1974.0,1975.0
0.0,13560.0,6010.0,5926.0,5904.0,10250.0,3417.0,3417.0,3416.0,1975.0,1975.0,1976.0,2003.0,2003.0,2004.0,4532.0,4532.0,4496.0,3417.0,3417.0,3416.0,1975.0,1975.0,1976.0
0.0,13454.0,6079.0,5929.0,10132.0,6209.0,2083.0,2083.0,2043.0,1976.0,1976.0,1977.0,2026.0,2026.0,2027.0,4483.0,4483.0,4488.0,2083.0,2083.0,2043.0,1976.0,1976.0,1977.0
0.0,17507.0,5970.0,5929.0,10250.0,1929.0,656.0,656.0,617.0,1976.0,1976.0,1977.0,1990.0,1990.0,1990.0,5821.0,5821.0,5865.0,656.0,656.0,617.0,1976.0,1976.0,1977.0
0.0,21787.0,6061.0,5935.0,6209.0,1805.0,601.0,601.0,603.0,1978.0,1978.0,1979.0,2020.0,2020.0,2021.0,7248.0,7248.0,7291.0,601.0,601.0,603.0,1978.0,1978.0,1979.0
0.0,21935.0,5992.0,5935.0,1929.0,5868.0,1942.0,1942.0,1984.0,1978.0,1978.0,1979.0,1997.0,1997.0,1998.0,7311.0,7311.0,7313.0,1942.0,1942.0,1984.0,1978.0,1978.0,1979.0
0.0,17872.0,5982.0,5937.0,1805.0,10053.0,3339.0,3339.0,3375.0,1979.0,1979.0,1979.0,1994.0,1994.0,1994.0,5970.0,5970.0,5932.0,3339.0,3339.0,3375.0,1979.0,1979.0,1979.0
0.0,13695.0,5977.0,5940.0,5868.0,10174.0,3393.0,3393.0,3388.0,1980.0,1980.0,1980.0,1992.0,1992.0,1993.0,4577.0,4577.0,4541.0,3393.0,3393.0,3388.0,1980.0,1980.0,1980.0
0.0,13586.0,6097.0,5941.0,10053.0,6222.0,2086.0,2086.0,2050.0,1980.0,1980.0,1981.0,2032.0,2032.0,2033.0,4527.0,4527.0,4532.0,2086.0,2086.0,2050.0,1980.0,1980.0,1981.0
0.0,17542.0,5866.0,5941.0,10174.0,1914.0,648.0,648.0,618.0,1980.0,1980.0,1981.0,1955.0,1955.0,1956.0,5834.0,5834.0,5874.0,648.0,648.0,618.0,1980.0,1980.0,1981.0
0.0,21850.0,6049.0,5944.0,6222.0,1753.0,582.0,582.0,589.0,1981.0,1981.0,1982.0,2016.0,2016.0,2017.0,7272.0,7272.0,7306.0,582.0,582.0,589.0,1981.0,1981.0,1982.0
0.0,22023.0,6025.0,5944.0,1914.0,5864.0,1942.0,1942.0,1980.0,1981.0,1981.0,1982.0,2008.0,2008.0,2009.0,7342.0,7342.0,7339.0,1942.0,1942.0,1980.0,1981.0,1981.0,1982.0
0.0,17912.0,6034.0,5947.0,1753.0,10157.0,3375.0,3375.0,3407.0,1982.0,1982.0,1983.0,2011.0,2011.0,2012.0,5982.0,5982.0,5948.0,3375.0,3375.0,3407.0,1982.0,1982.0,1983.0
0.0,13631.0,5935.0,5947.0,5864.0,10228.0,3411.0,3411.0,3406.0,1982.0,1982.0,1983.0,1978.0,1978.0,1979.0,4553.0,4553.0,4525.0,3411.0,3411.0,3406.0,1982.0,1982.0,1983.0
0.0,13560.0,6070.0,5953.0,10157.0,6165.0,2067.0,2067.0,2031.0,1984.0,1984.0,1985.0,2023.0,2023.0,2024.0,4517.0,4517.0,4526.0,2067.0,2067.0,2031.0,1984.0,1984.0,1985.0
0.0,17647.0,5920.0,5953.0,10228.0,1857.0,629.0,629.0,599.0,1984.0,1984.0,1985.0,1973.0,1973.0,1974.0,5869.0,5869.0,5909.0,629.0,629.0,599.0,1984.0,1984.0,1985.0
0.0,21955.0,6034.0,5956.0,6165.0,1738.0,577.0,577.0,584.0,1985.0,1985.0,1986.0,2011.0,2011.0,2012.0,7307.0,7307.0,7341.0,577.0,577.0,584.0,1985.0,1985.0,1986.0
0.0,22086.0,5839.0,5953.0,1857.0,5708.0,1890.0,1890.0,1928.0,1984.0,1984.0,1985.0,1946.0,1946.0,1947.0,7363.0,7363.0,7360.0,1890.0,1890.0,1928.0,1984.0,1984.0,1985.0
0.0,18104.0,6084.0,5959.0,1738.0,10078.0,3349.0,3349.0,3380.0,1986.0,1986.0,1987.0,2028.0,2028.0,2028.0,6046.0,6046.0,6012.0,3349.0,3349.0,3380.0,1986.0,1986.0,1987.0
0.0,13758.0,5968.0,5958.0,5708.0,10334.0,3448.0,3448.0,3438.0,1986.0,1986.0,1986.0,1989.0,1989.0,1990.0,4595.0,4595.0,4568.0,3448.0,3448.0,3438.0,1986.0,1986.0,1986.0
0.0,13498.0,5967.0,5959.0,10078.0,6227.0,2088.0,2088.0,2051.0,1986.0,1986.0,1987.0,1989.0,1989.0,1989.0,4496.0,4496.0,4506.0,2088.0,2088.0,2051.0,1986.0,1986.0,1987.0
0.0,17609.0,6049.0,5965.0,10334.0,1966.0,664.0,664.0,638.0,1988.0,1988.0,1989.0,2016.0,2016.0,2017.0,5856.0,5856.0,5897.0,664.0,664.0,638.0,1988.0,1988.0,1989.0
0.0,21894.0,5902.0,5965.0,6227.0,1641.0,543.0,543.0,555.0,1988.0,1988.0,1989.0,1967.0,1967.0,1968.0,7288.0,7288.0,7318.0,543.0,543.0,555.0,1988.0,1988.0,1989.0
0.0,22219.0,5917.0,5968.0,1966.0,5604.0,1855.0,1855.0,1894.0,1989.0,1989.0,1990.0,1972.0,1972.0,1973.0,7409.0,7409.0,7401.0,1855.0,1855.0,1894.0,1989.0,1989.0,1990.0
0.0,18268.0,6079.0,5971.0,1641.0,10054.0,3342.0,3342.0,3370.0,1990.0,1990.0,1991.0,2026.0,2026.0,2027.0,6101.0,6101.0,6066.0,3342.0,3342.0,3370.0,1990.0,1990.0,1991.0
0.0,13830.0,5995.0,5974.0,5604.0,10457.0,3489.0,3489.0,3479.0,1991.0,1991.0,1992.0,1998.0,1998.0,1999.0,4618.0,4618.0,4594.0,3489.0,3489.0,3479.0,1991.0,1991.0,1992.0
0.0,13439.0,5998.0,5974.0,10054.0,6401.0,2146.0,2146.0,2109.0,1991.0,1991.0,1992.0,1999.0,1999.0,2000.0,4475.0,4475.0,4489.0,2146.0,2146.0,2109.0,1991.0,1991.0,1992.0
0.0,17495.0,5979.0,5980.0,10457.0,1947.0,658.0,658.0,631.0,1993.0,1993.0,1994.0,1993.0,1993.0,1993.0,5818.0,5818.0,5859.0,658.0,658.0,631.0,1993.0,1993.0,1994.0
0.0,21973.0,6040.0,5980.0,6401.0,1586.0,525.0,525.0,536.0,1993.0,1993.0,1994.0,2013.0,2013.0,2014.0,7314.0,7314.0,7345.0,525.0,525.0,536.0,1993.0,1993.0,1994.0
0.0,22334.0,5980.0,5980.0,1947.0,5619.0,1860.0,1860.0,1899.0,1993.0,1993.0,1994.0,1993.0,1993.0,1994.0,7447.0,7447.0,7440.0,1860.0,1860.0,1899.0,1993.0,1993.0,1994.0
0.0,18301.0,5968.0,5983.0,1586.0,10013.0,3328.0,3328.0,3357.0,1994.0,1994.0,1995.0,1989.0,1989.0,1990.0,6112.0,6112.0,6077.0,3328.0,3328.0,3357.0,1994.0,1994.0,1995.0
0.0,13919.0,6076.0,5986.0,5619.0,10482.0,3497.0,3497.0,3488.0,1995.0,1995.0,1996.0,2025.0,2025.0,2026.0,4648.0,4648.0,4623.0,3497.0,3497.0,3488.0,1995.0,1995.0,1996.0
0.0,13462.0,5935.0,5986.0,10013.0,6404.0,2147.0,2147.0,2110.0,1995.0,1995.0,1996.0,1978.0,1978.0,1979.0,4483.0,4483.0,4496.0,2147.0,2147.0,2110.0,1995.0,1995.0,1996.0
0.0,17540.0,6055.0,5989.0,10482.0,1989.0,672.0,672.0,645.0,1996.0,1996.0,1997.0,2018.0,2018.0,2019.0,5833.0,5833.0,5874.0,672.0,672.0,645.0,1996.0,1996.0,1997.0
0.0,21967.0,6118.0,5994.0,6404.0,1723.0,572.0,572.0,579.0,1998.0,1998.0,1998.0,2039.0,2039.0,2040.0,7312.0,7312.0,7343.0,572.0,572.0,579.0,1998.0,1998.0,1998.0
0.0,22253.0,6013.0,5994.0,1989.0,5747.0,1904.0,1904.0,1939.0,1998.0,1998.0,1998.0,2004.0,2004.0,2005.0,7420.0,7420.0,7413.0,1904.0,1904.0,1939.0,1998.0,1998.0,1998.0
0.0,18229.0,5848.0,5992.0,1723.0,9864.0,3277.0,3277.0,3310.0,1997.0,1997.0,1998.0,1949.0,1949.0,1950.0,6088.0,6088.0,6053.0,3277.0,3277.0,3310.0,1997.0,1997.0,1998.0
0.0,14104.0,5983.0,5995.0,5747.0,10112.0,3371.0,3371.0,3370.0,1998.0,1998.0,1999.0,1994.0,1994.0,1995.0,4711.0,4711.0,4682.0,3371.0,3371.0,3370.0,1998.0,1998.0,1999.0
0.0,13868.0,6007.0,5994.0,9864.0,6251.0,2096.0,2096.0,2059.0,1998.0,1998.0,1998.0,2002.0,2002.0,2003.0,4621.0,4621.0,4626.0,2096.0,2096.0,2059.0,1998.0,1998.0,1998.0
0.0,17725.0,5887.0,5992.0,10112.0,2018.0,683.0,683.0,652.0,1997.0,1997.0,1998.0,1962.0,1962.0,1963.0,5896.0,5896.0,5933.0,683.0,683.0,652.0,1997.0,1997.0,1998.0
0.0,21950.0,5959.0,5992.0,6251.0,1726.0,573.0,573.0,580.0,1997.0,1997.0,1998.0,1986.0,1986.0,1987.0,7305.0,7305.0,7340.0,573.0,573.0,580.0,1997.0,1997.0,1998.0
0.0,22242.0,6010.0,5995.0,2018.0,5730.0,1897.0,1897.0,1936.0,1998.0,1998.0,1999.0,2003.0,2003.0,2004.0,7415.0,7415.0,7412.0,1897.0,1897.0,1936.0,1998.0,1998.0,1999.0
0.0,18250.0,6091.0,5995.0,1726.0,10095.0,3354.0,3354.0,3387.0,1998.0,1998.0,1999.0,2030.0,2030.0,2031.0,6095.0,6095.0,6060.0,3354.0,3354.0,3387.0,1998.0,1998.0,1999.0
0.0,13885.0,6043.0,5995.0,5730.0,10408.0,3471.0,3471.0,3466.0,1998.0,1998.0,1999.0,2014.0,2014.0,2015.0,4638.0,4638.0,4609.0,3471.0,3471.0,3466.0,1998.0,1998.0,1999.0
0.0,13572.0,5989.0,5995.0,10095.0,6302.0,2113.0,2113.0,2076.0,1998.0,1998.0,1999.0,1996.0,1996.0,1997.0,4521.0,4521.0,4530.0,2113.0,2113.0,2076.0,1998.0,1998.0,1999.0
0.0,17678.0,6040.0,5995.0,10408.0,1934.0,655.0,655.0,624.0,1998.0,1998.0,1999.0,2013.0,2013.0,2014.0,5879.0,5879.0,5920.0,655.0,655.0,624.0,1998.0,1998.0,1999.0
0.0,22046.0,6169.0,5998.0,6302.0,1813.0,602.0,602.0,609.0,1999.0,1999.0,2000.0,2056.0,2056.0,2057.0,7337.0,7337.0,7372.0,602.0,602.0,609.0,1999.0,1999.0,2000.0
0.0,22179.0,6109.0,6001.0,1934.0,6000.0,1987.0,1987.0,2026.0,2000.0,2000.0,2001.0,2036.0,2036.0,2037.0,7394.0,7394.0,7391.0,1987.0,1987.0,2026.0,2000.0,2000.0,2001.0
0.0,18004.0,6066.0,6004.0,1813.0,10265.0,3411.0,3411.0,3443.0,2001.0,2001.0,2002.0,2022.0,2022.0,2022.0,6013.0,6013.0,5978.0,3411.0,3411.0,3443.0,2001.0,2001.0,2002.0
0.0,13751.0,6241.0,6007.0,6000.0,10518.0,3508.0,3508.0,3502.0,2002.0,2002.0,2003.0,2080.0,2080.0,2081.0,4593.0,4593.0,4565.0,3508.0,3508.0,3502.0,2002.0,2002.0,2003.0
0.0,13510.0,5989.0,6009.0,10265.0,6250.0,2097.0,2097.0,2056.0,2003.0,2003.0,2003.0,1996.0,1996.0,1997.0,4500.0,4500.0,4510.0,2097.0,2097.0,2056.0,2003.0,2003.0,2003.0
0.0,17786.0,6091.0,6010.0,10518.0,1827.0,619.0,619.0,589.0,2003.0,2003.0,2004.0,2030.0,2030.0,2031.0,5915.0,5915.0,5956.0,619.0,619.0,589.0,2003.0,2003.0,2004.0
0.0,22213.0,5938.0,6010.0,6250.0,1515.0,501.0,501.0,513.0,2003.0,2003.0,2004.0,1979.0,1979.0,1980.0,7393.0,7393.0,7427.0,501.0,501.0,513.0,2003.0,2003.0,2004.0
0.0,22525.0,5953.0,6010.0,1827.0,5641.0,1866.0,1866.0,1909.0,2003.0,2003.0,2004.0,1984.0,1984.0,1985.0,7511.0,7511.0,7503.0,1866.0,1866.0,1909.0,2003.0,2003.0,2004.0
0.0,18399.0,6172.0,6010.0,1515.0,10298.0,3422.0,3422.0,3454.0,2003.0,2003.0,2004.0,2057.0,2057.0,2058.0,6146.0,6146.0,6107.0,3422.0,3422.0,3454.0,2003.0,2003.0,2004.0
0.0,13742.0,6154.0,6013.0,5641.0,10823.0,3611.0,3611.0,3601.0,2004.0,2004.0,2005.0,2051.0,2051.0,2052.0,4590.0,4590.0,4562.0,3611.0,3611.0,3601.0,2004.0,2004.0,2005.0
0.0,13229.0,6031.0,6013.0,10298.0,6556.0,2199.0,2199.0,2158.0,2004.0,2004.0,2005.0,2010.0,2010.0,2011.0,4405.0,4405.0,4419.0,2199.0,2199.0,2158.0,2004.0,2004.0,2005.0
0.0,17496.0,5982.0,6013.0,10823.0,1715.0,582.0,582.0,551.0,2004.0,2004.0,2005.0,1994.0,1994.0,1994.0,5817.0,5817.0,5862.0,582.0,582.0,551.0,2004.0,2004.0,2005.0
0.0,22337.0,6214.0,6019.0,6556.0,1397.0,462.0,462.0,473.0,2006.0,2006.0,2007.0,2071.0,2071.0,2072.0,7434.0,7434.0,7469.0,462.0,462.0,473.0,2006.0,2006.0,2007.0
0.0,22679.0,6007.0,6019.0,1715.0,5689.0,1882.0,1882.0,1925.0,2006.0,2006.0,2007.0,2002.0,2002.0,2003.0,7562.0,7562.0,7555.0,1882.0,1882.0,1925.0,2006.0,2006.0,2007.0
0.0,18387.0,6070.0,6019.0,1397.0,10362.0,3443.0,3443.0,3476.0,2006.0,2006.0,2007.0,2023.0,2023.0,2024.0,6142.0,6142.0,6103.0,3443.0,3443.0,3476.0,2006.0,2006.0,2007.0
0.0,13714.0,6178.0,6025.0,5689.0,10875.0,3628.0,3628.0,3619.0,2008.0,2008.0,2009.0,2059.0,2059.0,2060.0,4581.0,4581.0,4552.0,3628.0,3628.0,3619.0,2008.0,2008.0,2009.0
0.0,13225.0,6010.0,6022.0,10362.0,6511.0,2184.0,2184.0,2143.0,2007.0,2007.0,2008.0,2003.0,2003.0,2004.0,4404.0,4404.0,4417.0,2184.0,2184.0,2143.0,2007.0,2007.0,2008.0
0.0,17577.0,6148.0,6025.0,10875.0,1796.0,609.0,609.0,578.0,2008.0,2008.0,2009.0,2049.0,2049.0,2050.0,5844.0,5844.0,5889.0,609.0,609.0,578.0,2008.0,2008.0,2009.0
0.0,22304.0,5989.0,6025.0,6511.0,1274.0,421.0,421.0,432.0,2008.0,2008.0,2009.0,1996.0,1996.0,1997.0,7423.0,7423.0,7458.0,421.0,421.0,432.0,2008.0,2008.0,2009.0
0.0,22826.0,6079.0,6028.0,1796.0,5569.0,1842.0,1842.0,1885.0,2009.0,2009.0,2010.0,2026.0,2026.0,2027.0,7611.0,7611.0,7604.0,1842.0,1842.0,1885.0,2009.0,2009.0,2010.0
0.0,18543.0,5887.0,6025.0,1274.0,10170.0,3379.0,3379.0,3412.0,2008.0,2008.0,2009.0,1962.0,1962.0,1963.0,6194.0,6194.0,6155.0,3379.0,3379.0,3412.0,2008.0,2008.0,2009.0
0.0,13930.0,5962.0,6025.0,5569.0,10563.0,3524.0,3524.0,3515.0,2008.0,2008.0,2009.0,1987.0,1987.0,1988.0,4653.0,4653.0,4624.0,3524.0,3524.0,3515.0,2008.0,2008.0,2009.0
0.0,13537.0,6025.0,6025.0,10170.0,6418.0,2153.0,2153.0,2112.0,2008.0,2008.0,2009.0,2008.0,2008.0,2009.0,4508.0,4508.0,4521.0,2153.0,2153.0,2112.0,2008.0,2008.0,2009.0
0.0,17682.0,5914.0,6025.0,10563.0,1769.0,600.0,600.0,569.0,2008.0,2008.0,2009.0,1971.0,1971.0,1972.0,5879.0,5879.0,5924.0,600.0,600.0,569.0,2008.0,2008.0,2009.0
0.0,22331.0,6097.0,6025.0,6418.0,1448.0,479.0,479.0,490.0,2008.0,2008.0,2009.0,2032.0,2032.0,2033.0,7432.0,7432.0,7467.0,479.0,479.0,490.0,2008.0,2008.0,2009.0
0.0,22652.0,6019.0,6028.0,1769.0,5710.0,1889.0,1889.0,1932.0,2009.0,2009.0,2010.0,2006.0,2006.0,2007.0,7553.0,7553.0,7546.0,1889.0,1889.0,1932.0,2009.0,2009.0,2010.0
0.0,18402.0,6085.0,6030.0,1448.0,10355.0,3442.0,3442.0,3471.0,2010.0,2010.0,2010.0,2028.0,2028.0,2029.0,6147.0,6147.0,6108.0,3442.0,3442.0,3471.0,2010.0,2010.0,2010.0
0.0,13765.0,5971.0,6028.0,5710.0,10608.0,3539.0,3539.0,3530.0,2009.0,2009.0,2010.0,1990.0,1990.0,1991.0,4598.0,4598.0,4569.0,3539.0,3539.0,3530.0,2009.0,2009.0,2010.0
0.0,13504.0,6061.0,6031.0,10355.0,6326.0,2121.0,2121.0,2084.0,2010.0,2010.0,2011.0,2020.0,2020.0,2021.0,4497.0,4497.0,4510.0,2121.0,2121.0,2084.0,2010.0,2010.0,2011.0
0.0,17798.0,6028.0,6034.0,10608.0,1758.0,595.0,595.0,568.0,2011.0,2011.0,2012.0,2009.0,2009.0,2010.0,5919.0,5919.0,5960.0,595.0,595.0,568.0,2011.0,2011.0,2012.0
0.0,22378.0,5980.0,6031.0,6326.0,1400.0,463.0,463.0,474.0,2010.0,2010.0,2011.0,1993.0,1993.0,1994.0,7449.0,7449.0,7480.0,463.0,463.0,474.0,2010.0,2010.0,2011.0
0.0,22724.0,6097.0,6034.0,1758.0,5751.0,1904.0,1904.0,1943.0,2011.0,2011.0,2012.0,2032.0,2032.0,2033.0,7577.0,7577.0,7570.0,1904.0,1904.0,1943.0,2011.0,2011.0,2012.0
0.0,18385.0,6025.0,6034.0,1400.0,10376.0,3449.0,3449.0,3478.0,2011.0,2011.0,2012.0,2008.0,2008.0,2009.0,6140.0,6140.0,6105.0,3449.0,3449.0,3478.0,2011.0,2011.0,2012.0
0.0,13760.0,5953.0,6034.0,5751.0,10578.0,3529.0,3529.0,3520.0,2011.0,2011.0,2012.0,1984.0,1984.0,1985.0,4595.0,4595.0,4570.0,3529.0,3529.0,3520.0,2011.0,2011.0,2012.0
0.0,13558.0,5863.0,6031.0,10376.0,6053.0,2030.0,2030.0,1993.0,2010.0,2010.0,2011.0,1954.0,1954.0,1955.0,4515.0,4515.0,4528.0,2030.0,2030.0,1993.0,2010.0,2010.0,2011.0
0.0,18071.0,6130.0,6034.0,10578.0,1617.0,548.0,548.0,521.0,2011.0,2011.0,2012.0,2043.0,2043.0,2044.0,6010.0,6010.0,6051.0,548.0,548.0,521.0,2011.0,2011.0,2012.0
0.0,22519.0,6031.0,6034.0,6053.0,1595.0,528.0,528.0,539.0,2011.0,2011.0,2012.0,2010.0,2010.0,2011.0,7496.0,7496.0,7527.0,528.0,528.0,539.0,2011.0,2011.0,2012.0
0.0,22541.0,6055.0,6034.0,1617.0,6033.0,1998.0,1998.0,2037.0,2011.0,2011.0,2012.0,2018.0,2018.0,2019.0,7516.0,7516.0,7509.0,1998.0,1998.0,2037.0,2011.0,2011.0,2012.0
0.0,18103.0,6157.0,6037.0,1595.0,10607.0,3526.0,3526.0,3555.0,2012.0,2012.0,2013.0,2052.0,2052.0,2053.0,6046.0,6046.0,6011.0,3526.0,3526.0,3555.0,2012.0,2012.0,2013.0
0.0,13541.0,6139.0,6040.0,6033.0,10725.0,3578.0,3578.0,3569.0,2013.0,2013.0,2014.0,2046.0,2046.0,2047.0,4522.0,4522.0,4497.0,3578.0,3578.0,3569.0,2013.0,2013.0,2014.0
0.0,13435.0,6139.0,6040.0,10607.0,6257.0,2098.0,2098.0,2061.0,2013.0,2013.0,2014.0,2046.0,2046.0,2047.0,4474.0,4474.0,4487.0,2098.0,2098.0,2061.0,2013.0,2013.0,2014.0
0.0,17903.0,6184.0,6043.0,10725.0,1728.0,585.0,585.0,558.0,2014.0,2014.0,2015.0,2061.0,2061.0,2062.0,5954.0,5954.0,5995.0,585.0,585.0,558.0,2014.0,2014.0,2015.0
0.0,22444.0,6025.0,6046.0,6257.0,1508.0,499.0,499.0,510.0,2015.0,2015.0,2016.0,2008.0,2008.0,2009.0,7471.0,7471.0,7502.0,499.0,499.0,510.0,2015.0,2015.0,2016.0
0.0,22676.0,6085.0,6049.0,1728.0,5877.0,1946.0,1946.0,1985.0,2016.0,2016.0,2017.0,2028.0,2028.0,2029.0,7561.0,7561.0,7554.0,1946.0,1946.0,1985.0,2016.0,2016.0,2017.0
0.0,18319.0,6094.0,6049.0,1508.0,10463.0,3478.0,3478.0,3507.0,2016.0,2016.0,2017.0,2031.0,2031.0,2032.0,6118.0,6118.0,6083.0,3478.0,3478.0,3507.0,2016.0,2016.0,2017.0
0.0,13733.0,5970.0,6052.0,5877.0,10568.0,3526.0,3526.0,3516.0,2017.0,2017.0,2018.0,1990.0,1990.0,1990.0,4586.0,4586.0,4561.0,3526.0,3526.0,3516.0,2017.0,2017.0,2018.0
0.0,13640.0,6010.0,6052.0,10463.0,6115.0,2051.0,2051.0,2013.0,2017.0,2017.0,2018.0,2003.0,2003.0,2004.0,4542.0,4542.0,4556.0,2051.0,2051.0,2013.0,2017.0,2017.0,2018.0
0.0,18093.0,6084.0,6055.0,10568.0,1643.0,557.0,557.0,529.0,2018.0,2018.0,2019.0,2028.0,2028.0,2028.0,6017.0,6017.0,6059.0,557.0,557.0,529.0,2018.0,2018.0,2019.0
0.0,22577.0,6231.0,6058.0,6115.0,1771.0,587.0,587.0,597.0,2019.0,2019.0,2020.0,2077.0,2077.0,2077.0,7515.0,7515.0,7547.0,587.0,587.0,597.0,2019.0,2019.0,2020.0
0.0,22461.0,6064.0,6058.0,1643.0,6192.0,2051.0,2051.0,2090.0,2019.0,2019.0,2020.0,2021.0,2021.0,2022.0,7489.0,7489.0,7483.0,2051.0,2051.0,2090.0,2019.0,2019.0,2020.0
0.0,18040.0,6121.0,6061.0,1771.0,10554.0,3508.0,3508.0,3538.0,2020.0,2020.0,2021.0,2040.0,2040.0,2041.0,6025.0,6025.0,5990.0,3508.0,3508.0,3538.0,2020.0,2020.0,2021.0
0.0,13690.0,6175.0,6063.0,6192.0,10545.0,3519.0,3519.0,3507.0,2021.0,2021.0,2021.0,2058.0,2058.0,2059.0,4572.0,4572.0,4546.0,3519.0,3519.0,3507.0,2021.0,2021.0,2021.0
0.0,13707.0,6160.0,6061.0,10554.0,6143.0,2060.0,2060.0,2023.0,2020.0,2020.0,2021.0,2053.0,2053.0,2054.0,4565.0,4565.0,4577.0,2060.0,2060.0,2023.0,2020.0,2020.0,2021.0
0.0,18101.0,6088.0,6061.0,10545.0,1686.0,570.0,570.0,546.0,2020.0,2020.0,2021.0,2029.0,2029.0,2030.0,6020.0,6020.0,6061.0,570.0,570.0,546.0,2020.0,2020.0,2021.0
0.0,22558.0,6154.0,6064.0,6143.0,1709.0,565.0,565.0,579.0,2021.0,2021.0,2022.0,2051.0,2051.0,2052.0,7510.0,7510.0,7538.0,565.0,565.0,579.0,2021.0,2021.0,2022.0
0.0,22547.0,6172.0,6061.0,1686.0,6183.0,2048.0,2048.0,2087.0,2020.0,2020.0,2021.0,2057.0,2057.0,2058.0,7519.0,7519.0,7509.0,2048.0,2048.0,2087.0,2020.0,2020.0,2021.0
0.0,18061.0,6262.0,6067.0,1709.0,10760.0,3578.0,3578.0,3604.0,2022.0,2022.0,2023.0,2087.0,2087.0,2088.0,6032.0,6032.0,5997.0,3578.0,3578.0,3604.0,2022.0,2022.0,2023.0
0.0,13508.0,6238.0,6070.0,6183.0,10827.0,3613.0,3613.0,3601.0,2023.0,2023.0,2024.0,2079.0,2079.0,2080.0,4510.0,4510.0,4488.0,3613.0,3613.0,3601.0,2023.0,2023.0,2024.0
0.0,13453.0,6175.0,6076.0,10760.0,6266.0,2101.0,2101.0,2064.0,2025.0,2025.0,2026.0,2058.0,2058.0,2059.0,4479.0,4479.0,4495.0,2101.0,2101.0,2064.0,2025.0,2025.0,2026.0
0.0,18038.0,6058.0,6076.0,10827.0,1497.0,507.0,507.0,483.0,2025.0,2025.0,2026.0,2019.0,2019.0,2020.0,5999.0,5999.0,6040.0,507.0,507.0,483.0,2025.0,2025.0,2026.0
0.0,22807.0,5932.0,6073.0,6266.0,1151.0,379.0,379.0,393.0,2024.0,2024.0,2025.0,1977.0,1977.0,1978.0,7593.0,7593.0,7621.0,379.0,379.0,393.0,2024.0,2024.0,2025.0
0.0,23141.0,6109.0,6072.0,1497.0,5759.0,1908.0,1908.0,1943.0,2024.0,2024.0,2024.0,2036.0,2036.0,2037.0,7717.0,7717.0,7707.0,1908.0,1908.0,1943.0,2024.0,2024.0,2024.0
0.0,18529.0,6150.0,6073.0,1151.0,10762.0,3579.0,3579.0,3604.0,2024.0,2024.0,2025.0,2050.0,2050.0,2050.0,6188.0,6188.0,6153.0,3579.0,3579.0,3604.0,2024.0,2024.0,2025.0
0.0,13530.0,6007.0,6073.0,5759.0,11010.0,3673.0,3673.0,3664.0,2024.0,2024.0,2025.0,2002.0,2002.0,2003.0,4517.0,4517.0,4496.0,3673.0,3673.0,3664.0,2024.0,2024.0,2025.0
0.0,13282.0,6145.0,6073.0,10762.0,6393.0,2142.0,2142.0,2109.0,2024.0,2024.0,2025.0,2048.0,2048.0,2049.0,4423.0,4423.0,4436.0,2142.0,2142.0,2109.0,2024.0,2024.0,2025.0
0.0,17899.0,6064.0,6073.0,11010.0,1447.0,490.0,490.0,467.0,2024.0,2024.0,2025.0,2021.0,2021.0,2022.0,5954.0,5954.0,5991.0,490.0,490.0,467.0,2024.0,2024.0,2025.0
0.0,22845.0,6184.0,6076.0,6393.0,1250.0,413.0,413.0,424.0,2025.0,2025.0,2026.0,2061.0,2061.0,2062.0,7606.0,7606.0,7633.0,413.0,413.0,424.0,2025.0,2025.0,2026.0
0.0,23054.0,6247.0,6078.0,1447.0,6058.0,2009.0,2009.0,2040.0,2026.0,2026.0,2026.0,2082.0,2082.0,2083.0,7687.0,7687.0,7680.0,2009.0,2009.0,2040.0,2026.0,2026.0,2026.0
0.0,18254.0,6316.0,6084.0,1250.0,11148.0,3709.0,3709.0,3730.0,2028.0,2028.0,2028.0,2105.0,2105.0,2106.0,6095.0,6095.0,6064.0,3709.0,3709.0,3730.0,2028.0,2028.0,2028.0
0.0,13188.0,6067.0,6082.0,6058.0,11149.0,3718.0,3718.0,3713.0,2027.0,2027.0,2028.0,2022.0,2022.0,2023.0,4403.0,4403.0,4382.0,3718.0,3718.0,3713.0,2027.0,2027.0,2028.0
0.0,13179.0,6142.0,6085.0,11148.0,6155.0,2060.0,2060.0,2035.0,2028.0,2028.0,2029.0,2047.0,2047.0,2048.0,4390.0,4390.0,4399.0,2060.0,2060.0,2035.0,2028.0,2028.0,2029.0
0.0,18185.0,6085.0,6085.0,11149.0,1091.0,370.0,370.0,351.0,2028.0,2028.0,2029.0,2028.0,2028.0,2029.0,6052.0,6052.0,6081.0,370.0,370.0,351.0,2028.0,2028.0,2029.0
0.0,23249.0,6229.0,6091.0,6155.0,1189.0,394.0,394.0,401.0,2030.0,2030.0,2031.0,2076.0,2076.0,2077.0,7742.0,7742.0,7765.0,394.0,394.0,401.0,2030.0,2030.0,2031.0
0.0,23175.0,6025.0,6094.0,1091.0,6135.0,2036.0,2036.0,2063.0,2031.0,2031.0,2032.0,2008.0,2008.0,2009.0,7726.0,7726.0,7723.0,2036.0,2036.0,2063.0,2031.0,2031.0,2032.0
0.0,18241.0,6124.0,6094.0,1189.0,11070.0,3683.0,3683.0,3704.0,2031.0,2031.0,2032.0,2041.0,2041.0,2042.0,6088.0,6088.0,6065.0,3683.0,3683.0,3704.0,2031.0,2031.0,2032.0
0.0,13306.0,6130.0,6100.0,6135.0,11089.0,3698.0,3698.0,3693.0,2033.0,2033.0,2034.0,2043.0,2043.0,2044.0,4441.0,4441.0,4424.0,3698.0,3698.0,3693.0,2033.0,2033.0,2034.0
0.0,13311.0,6025.0,6097.0,11070.0,6032.0,2019.0,2019.0,1994.0,2032.0,2032.0,2033.0,2008.0,2008.0,2009.0,4434.0,4434.0,4443.0,2019.0,2019.0,1994.0,2032.0,2032.0,2033.0
0.0,18356.0,6160.0,6100.0,11089.0,1115.0,378.0,378.0,359.0,2033.0,2033.0,2034.0,2053.0,2053.0,2054.0,6109.0,6109.0,6138.0,378.0,378.0,359.0,2033.0,2033.0,2034.0
0.0,23285.0,6094.0,6100.0,6032.0,1177.0,390.0,390.0,397.0,2033.0,2033.0,2034.0,2031.0,2031.0,2032.0,7754.0,7754.0,7777.0,390.0,390.0,397.0,2033.0,2033.0,2034.0
0.0,23223.0,5962.0,6100.0,1115.0,6024.0,1999.0,1999.0,2026.0,2033.0,2033.0,2034.0,1987.0,1987.0,1988.0,7742.0,7742.0,7739.0,1999.0,1999.0,2026.0,2033.0,2033.0,2034.0
0.0,18376.0,6256.0,6103.0,1177.0,11115.0,3698.0,3698.0,3719.0,2034.0,2034.0,2035.0,2085.0,2085.0,2086.0,6133.0,6133.0,6110.0,3698.0,3698.0,3719.0,2034.0,2034.0,2035.0
0.0,13297.0,6184.0,6106.0,6024.0,11287.0,3764.0,3764.0,3759.0,2035.0,2035.0,2036.0,2061.0,2061.0,2062.0,4438.0,4438.0,4421.0,3764.0,3764.0,3759.0,2035.0,2035.0,2036.0
0.0,13137.0,6087.0,6109.0,11115.0,6271.0,2099.0,2099.0,2073.0,2036.0,2036.0,2037.0,2029.0,2029.0,2029.0,4376.0,4376.0,4385.0,2099.0,2099.0,2073.0,2036.0,2036.0,2037.0
0.0,18165.0,6199.0,6112.0,11287.0,1195.0,405.0,405.0,385.0,2037.0,2037.0,2038.0,2066.0,2066.0,2067.0,6045.0,6045.0,6075.0,405.0,405.0,385.0,2037.0,2037.0,2038.0
0.0,23253.0,6201.0,6115.0,6271.0,1137.0,377.0,377.0,383.0,2038.0,2038.0,2039.0,2067.0,2067.0,2067.0,7743.0,7743.0,7767.0,377.0,377.0,383.0,2038.0,2038.0,2039.0
0.0,23323.0,6022.0,6115.0,1195.0,5964.0,1979.0,1979.0,2006.0,2038.0,2038.0,2039.0,2007.0,2007.0,2008.0,7775.0,7775.0,7773.0,1979.0,1979.0,2006.0,2038.0,2038.0,2039.0
0.0,18496.0,6013.0,6118.0,1137.0,10852.0,3610.0,3610.0,3632.0,2039.0,2039.0,2040.0,2004.0,2004.0,2005.0,6173.0,6173.0,6150.0,3610.0,3610.0,3632.0,2039.0,2039.0,2040.0
0.0,13620.0,6007.0,6115.0,5964.0,10883.0,3629.0,3629.0,3625.0,2038.0,2038.0,2039.0,2002.0,2002.0,2003.0,4546.0,4546.0,4528.0,3629.0,3629.0,3625.0,2038.0,2038.0,2039.0
0.0,13577.0,6124.0,6118.0,10852.0,6167.0,2064.0,2064.0,2039.0,2039.0,2039.0,2040.0,2041.0,2041.0,2042.0,4523.0,4523.0,4531.0,2064.0,2064.0,2039.0,2039.0,2039.0,2040.0
0.0,18305.0,6067.0,6118.0,10883.0,1351.0,457.0,457.0,437.0,2039.0,2039.0,2040.0,2022.0,2022.0,2023.0,6092.0,6092.0,6121.0,457.0,457.0,437.0,2039.0,2039.0,2040.0
0.0,23121.0,6121.0,6118.0,6167.0,1305.0,433.0,433.0,439.0,2039.0,2039.0,2040.0,2040.0,2040.0,2041.0,7699.0,7699.0,7723.0,433.0,433.0,439.0,2039.0,2039.0,2040.0
0.0,23167.0,6007.0,6115.0,1351.0,5949.0,1974.0,1974.0,2001.0,2038.0,2038.0,2039.0,2002.0,2002.0,2003.0,7723.0,7723.0,7721.0,1974.0,1974.0,2001.0,2038.0,2038.0,2039.0
0.0,18511.0,6142.0,6115.0,1305.0,10786.0,3588.0,3588.0,3610.0,2038.0,2038.0,2039.0,2047.0,2047.0,2048.0,6178.0,6178.0,6155.0,3588.0,3588.0,3610.0,2038.0,2038.0,2039.0
0.0,13674.0,6154.0,6115.0,5949.0,10991.0,3665.0,3665.0,3661.0,2038.0,2038.0,2039.0,2051.0,2051.0,2052.0,4564.0,4564.0,4546.0,3665.0,3665.0,3661.0,2038.0,2038.0,2039.0
0.0,13469.0,6196.0,6118.0,10786.0,6413.0,2146.0,2146.0,2121.0,2039.0,2039.0,2040.0,2065.0,2065.0,2066.0,4487.0,4487.0,4495.0,2146.0,2146.0,2121.0,2039.0,2039.0,2040.0
0.0,18059.0,6202.0,6121.0,10991.0,1636.0,552.0,552.0,532.0,2040.0,2040.0,2041.0,2067.0,2067.0,2068.0,6010.0,6010.0,6039.0,552.0,552.0,532.0,2040.0,2040.0,2041.0
0.0,22848.0,6178.0,6121.0,6413.0,1401.0,465.0,465.0,471.0,2040.0,2040.0,2041.0,2059.0,2059.0,2060.0,7608.0,7608.0,7632.0,465.0,465.0,471.0,2040.0,2040.0,2041.0
0.0,23083.0,6130.0,6124.0,1636.0,5907.0,1960.0,1960.0,1987.0,2041.0,2041.0,2042.0,2043.0,2043.0,2044.0,7695.0,7695.0,7693.0,1960.0,1960.0,1987.0,2041.0,2041.0,2042.0
0.0,18589.0,6172.0,6127.0,1401.0,10690.0,3556.0,3556.0,3578.0,2042.0,2042.0,2043.0,2057.0,2057.0,2058.0,6204.0,6204.0,6181.0,3556.0,3556.0,3578.0,2042.0,2042.0,2043.0
0.0,13818.0,6064.0,6127.0,5907.0,10847.0,3617.0,3617.0,3613.0,2042.0,2042.0,2043.0,2021.0,2021.0,2022.0,4612.0,4612.0,4594.0,3617.0,3617.0,3613.0,2042.0,2042.0,2043.0
0.0,13661.0,6364.0,6130.0,10690.0,6533.0,2186.0,2186.0,2161.0,2043.0,2043.0,2044.0,2121.0,2121.0,2122.0,4551.0,4551.0,4559.0,2186.0,2186.0,2161.0,2043.0,2043.0,2044.0
0.0,17987.0,6145.0,6132.0,10847.0,1839.0,621.0,621.0,597.0,2044.0,2044.0,2044.0,2048.0,2048.0,2049.0,5986.0,5986.0,6015.0,621.0,621.0,597.0,2044.0,2044.0,2044.0
0.0,22689.0,6133.0,6133.0,6533.0,1443.0,479.0,479.0,485.0,2044.0,2044.0,2045.0,2044.0,2044.0,2045.0,7555.0,7555.0,7579.0,479.0,479.0,485.0,2044.0,2044.0,2045.0
0.0,23089.0,6328.0,6136.0,1839.0,5944.0,1971.0,1971.0,2002.0,2045.0,2045.0,2046.0,2109.0,2109.0,2110.0,7697.0,7697.0,7695.0,1971.0,1971.0,2002.0,2045.0,2045.0,2046.0
0.0,18600.0,6214.0,6136.0,1443.0,10715.0,3563.0,3563.0,3589.0,2045.0,2045.0,2046.0,2071.0,2071.0,2072.0,6209.0,6209.0,6182.0,3563.0,3563.0,3589.0,2045.0,2045.0,2046.0
0.0,13829.0,6151.0,6136.0,5944.0,10922.0,3642.0,3642.0,3638.0,2045.0,2045.0,2046.0,2050.0,2050.0,2051.0,4617.0,4617.0,4595.0,3642.0,3642.0,3638.0,2045.0,2045.0,2046.0
0.0,13622.0,6208.0,6139.0,10715.0,6427.0,2152.0,2152.0,2123.0,2046.0,2046.0,2047.0,2069.0,2069.0,2070.0,4538.0,4538.0,4546.0,2152.0,2152.0,2123.0,2046.0,2046.0,2047.0
0.0,18129.0,6172.0,6139.0,10922.0,1677.0,567.0,567.0,543.0,2046.0,2046.0,2047.0,2057.0,2057.0,2058.0,6032.0,6032.0,6065.0,567.0,567.0,543.0,2046.0,2046.0,2047.0
0.0,22879.0,6145.0,6136.0,6427.0,1383.0,459.0,459.0,465.0,2045.0,2045.0,2046.0,2048.0,2048.0,2049.0,7617.0,7617.0,7645.0,459.0,459.0,465.0,2045.0,2045.0,2046.0
0.0,23161.0,6241.0,6136.0,1677.0,5947.0,1972.0,1972.0,2003.0,2045.0,2045.0,2046.0,2080.0,2080.0,2081.0,7721.0,7721.0,7719.0,1972.0,1972.0,2003.0,2045.0,2045.0,2046.0
0.0,18597.0,6334.0,6139.0,1383.0,10910.0,3628.0,3628.0,3654.0,2046.0,2046.0,2047.0,2111.0,2111.0,2112.0,6208.0,6208.0,6181.0,3628.0,3628.0,3654.0,2046.0,2046.0,2047.0
0.0,13646.0,6235.0,6142.0,5947.0,11210.0,3738.0,3738.0,3734.0,2047.0,2047.0,2048.0,2078.0,2078.0,2079.0,4556.0,4556.0,4534.0,3738.0,3738.0,3734.0,2047.0,2047.0,2048.0
0.0,13358.0,6193.0,6148.0,10910.0,6517.0,2182.0,2182.0,2153.0,2049.0,2049.0,2050.0,2064.0,2064.0,2065.0,4450.0,4450.0,4458.0,2182.0,2182.0,2153.0,2049.0,2049.0,2050.0
0.0,18075.0,6235.0,6150.0,11210.0,1550.0,526.0,526.0,498.0,2050.0,2050.0,2050.0,2078.0,2078.0,2079.0,6014.0,6014.0,6047.0,526.0,526.0,498.0,2050.0,2050.0,2050.0
0.0,23050.0,6283.0,6151.0,6517.0,1320.0,438.0,438.0,444.0,2050.0,2050.0,2051.0,2094.0,2094.0,2095.0,7674.0,7674.0,7702.0,438.0,438.0,444.0,2050.0,2050.0,2051.0
0.0,23284.0,6235.0,6157.0,1550.0,6029.0,1998.0,1998.0,2033.0,2052.0,2052.0,2053.0,2078.0,2078.0,2079.0,7762.0,7762.0,7760.0,1998.0,1998.0,2033.0,2052.0,2052.0,2053.0
0.0,18599.0,6151.0,6157.0,1320.0,10860.0,3610.0,3610.0,3640.0,2052.0,2052.0,2053.0,2050.0,2050.0,2051.0,6210.0,6210.0,6179.0,3610.0,3610.0,3640.0,2052.0,2052.0,2053.0
0.0,13768.0,6298.0,6160.0,6029.0,11141.0,3715.0,3715.0,3711.0,2053.0,2053.0,2054.0,2099.0,2099.0,2100.0,4598.0,4598.0,4572.0,3715.0,3715.0,3711.0,2053.0,2053.0,2054.0
0.0,13499.0,6100.0,6160.0,10860.0,6381.0,2138.0,2138.0,2105.0,2053.0,2053.0,2054.0,2033.0,2033.0,2034.0,4497.0,4497.0,4505.0,2138.0,2138.0,2105.0,2053.0,2053.0,2054.0
0.0,18259.0,6346.0,6162.0,11141.0,1594.0,542.0,542.0,510.0,2054.0,2054.0,2054.0,2115.0,2115.0,2116.0,6074.0,6074.0,6111.0,542.0,542.0,510.0,2054.0,2054.0,2054.0
0.0,23054.0,6322.0,6162.0,6381.0,1535.0,511.0,511.0,513.0,2054.0,2054.0,2054.0,2107.0,2107.0,2108.0,7674.0,7674.0,7706.0,511.0,511.0,513.0,2054.0,2054.0,2054.0
0.0,23113.0,6046.0,6160.0,1594.0,5979.0,1980.0,1980.0,2019.0,2053.0,2053.0,2054.0,2015.0,2015.0,2016.0,7705.0,7705.0,7703.0,1980.0,1980.0,2019.0,2053.0,2053.0,2054.0
0.0,18661.0,6331.0,6166.0,1535.0,10799.0,3587.0,3587.0,3625.0,2055.0,2055.0,2056.0,2110.0,2110.0,2111.0,6232.0,6232.0,6197.0,3587.0,3587.0,3625.0,2055.0,2055.0,2056.0
0.0,13865.0,6138.0,6166.0,5979.0,10958.0,3653.0,3653.0,3652.0,2055.0,2055.0,2056.0,2046.0,2046.0,2046.0,4633.0,4633.0,4599.0,3653.0,3653.0,3652.0,2055.0,2055.0,2056.0
0.0,13706.0,6196.0,6166.0,10799.0,6355.0,2131.0,2131.0,2093.0,2055.0,2055.0,2056.0,2065.0,2065.0,2066.0,4567.0,4567.0,4572.0,2131.0,2131.0,2093.0,2055.0,2055.0,2056.0
0.0,18309.0,6211.0,6169.0,10958.0,1620.0,552.0,552.0,516.0,2056.0,2056.0,2057.0,2070.0,2070.0,2071.0,6089.0,6089.0,6131.0,552.0,552.0,516.0,2056.0,2056.0,2057.0
0.0,23056.0,6160.0,6169.0,6355.0,1425.0,474.0,474.0,477.0,2056.0,2056.0,2057.0,2053.0,2053.0,2054.0,7672.0,7672.0,7712.0,474.0,474.0,477.0,2056.0,2056.0,2057.0
0.0,23251.0,6301.0,6172.0,1620.0,6118.0,2026.0,2026.0,2066.0,2057.0,2057.0,2058.0,2100.0,2100.0,2101.0,7750.0,7750.0,7751.0,2026.0,2026.0,2066.0,2057.0,2057.0,2058.0
0.0,18570.0,6142.0,6175.0,1425.0,10847.0,3603.0,3603.0,3641.0,2058.0,2058.0,2059.0,2047.0,2047.0,2048.0,6202.0,6202.0,6166.0,3603.0,3603.0,3641.0,2058.0,2058.0,2059.0
0.0,13853.0,6160.0,6175.0,6118.0,10889.0,3630.0,3630.0,3629.0,2058.0,2058.0,2059.0,2053.0,2053.0,2054.0,4629.0,4629.0,4595.0,3630.0,3630.0,3629.0,2058.0,2058.0,2059.0
0.0,13811.0,6145.0,6175.0,10847.0,6187.0,2075.0,2075.0,2037.0,2058.0,2058.0,2059.0,2048.0,2048.0,2049.0,4602.0,4602.0,4607.0,2075.0,2075.0,2037.0,2058.0,2058.0,2059.0
0.0,18513.0,6205.0,6181.0,10889.0,1527.0,521.0,521.0,485.0,2060.0,2060.0,2061.0,2068.0,2068.0,2069.0,6157.0,6157.0,6199.0,521.0,521.0,485.0,2060.0,2060.0,2061.0
0.0,23197.0,6136.0,6178.0,6187.0,1464.0,487.0,487.0,490.0,2059.0,2059.0,2060.0,2045.0,2045.0,2046.0,7719.0,7719.0,7759.0,487.0,487.0,490.0,2059.0,2059.0,2060.0
0.0,23248.0,6093.0,6177.0,1527.0,6026.0,1997.0,1997.0,2032.0,2059.0,2059.0,2059.0,2031.0,2031.0,2031.0,7749.0,7749.0,7750.0,1997.0,1997.0,2032.0,2059.0,2059.0,2059.0
0.0,18682.0,6307.0,6181.0,1464.0,10885.0,3616.0,3616.0,3653.0,2060.0,2060.0,2061.0,2102.0,2102.0,2103.0,6239.0,6239.0,6204.0,3616.0,3616.0,3653.0,2060.0,2060.0,2061.0
0.0,13839.0,6244.0,6181.0,6026.0,11103.0,3700.0,3700.0,3703.0,2060.0,2060.0,2061.0,2081.0,2081.0,2082.0,4624.0,4624.0,4591.0,3700.0,3700.0,3703.0,2060.0,2060.0,2061.0
0.0,13621.0,6280.0,6184.0,10885.0,6510.0,2181.0,2181.0,2148.0,2061.0,2061.0,2062.0,2093.0,2093.0,2094.0,4540.0,4540.0,4541.0,2181.0,2181.0,2148.0,2061.0,2061.0,2062.0
0.0,18226.0,6118.0,6184.0,11103.0,1525.0,520.0,520.0,485.0,2061.0,2061.0,2062.0,2039.0,2039.0,2040.0,6063.0,6063.0,6100.0,520.0,520.0,485.0,2061.0,2061.0,2062.0
0.0,23211.0,6214.0,6190.0,6510.0,1253.0,418.0,418.0,417.0,2063.0,2063.0,2064.0,2071.0,2071.0,2072.0,7724.0,7724.0,7763.0,418.0,418.0,417.0,2063.0,2063.0,2064.0
0.0,23507.0,6217.0,6193.0,1525.0,5957.0,1974.0,1974.0,2009.0,2064.0,2064.0,2065.0,2072.0,2072.0,2073.0,7834.0,7834.0,7839.0,1974.0,1974.0,2009.0,2064.0,2064.0,2065.0
0.0,18815.0,6190.0,6193.0,1253.0,10894.0,3619.0,3619.0,3656.0,2064.0,2064.0,2065.0,2063.0,2063.0,2064.0,6282.0,6282.0,6251.0,3619.0,3619.0,3656.0,2064.0,2064.0,2065.0
0.0,13878.0,6214.0,6196.0,5957.0,11163.0,3720.0,3720.0,3723.0,2065.0,2065.0,2066.0,2071.0,2071.0,2072.0,4637.0,4637.0,4604.0,3720.0,3720.0,3723.0,2065.0,2065.0,2066.0
0.0,13621.0,6214.0,6199.0,10894.0,6495.0,2176.0,2176.0,2143.0,2066.0,2066.0,2067.0,2071.0,2071.0,2072.0,4540.0,4540.0,4541.0,2176.0,2176.0,2143.0,2066.0,2066.0,2067.0
0.0,18301.0,6202.0,6202.0,11163.0,1546.0,527.0,527.0,492.0,2067.0,2067.0,2068.0,2067.0,2067.0,2068.0,6088.0,6088.0,6125.0,527.0,527.0,492.0,2067.0,2067.0,2068.0
0.0,23262.0,6205.0,6205.0,6495.0,1268.0,423.0,423.0,422.0,2068.0,2068.0,2069.0,2068.0,2068.0,2069.0,7741.0,7741.0,7780.0,423.0,423.0,422.0,2068.0,2068.0,2069.0
0.0,23552.0,6238.0,6205.0,1546.0,5960.0,1975.0,1975.0,2010.0,2068.0,2068.0,2069.0,2079.0,2079.0,2080.0,7849.0,7849.0,7854.0,1975.0,1975.0,2010.0,2068.0,2068.0,2069.0
0.0,18860.0,6178.0,6205.0,1268.0,10870.0,3611.0,3611.0,3648.0,2068.0,2068.0,2069.0,2059.0,2059.0,2060.0,6297.0,6297.0,6266.0,3611.0,3611.0,3648.0,2068.0,2068.0,2069.0
0.0,13950.0,6223.0,6205.0,5960.0,11133.0,3710.0,3710.0,3713.0,2068.0,2068.0,2069.0,2074.0,2074.0,2075.0,4661.0,4661.0,4628.0,3710.0,3710.0,3713.0,2068.0,2068.0,2069.0
0.0,13687.0,6283.0,6208.0,10870.0,6558.0,2197.0,2197.0,2164.0,2069.0,2069.0,2070.0,2094.0,2094.0,2095.0,4562.0,4562.0,4563.0,2197.0,2197.0,2164.0,2069.0,2069.0,2070.0
0.0,18274.0,6376.0,6211.0,11133.0,1813.0,616.0,616.0,581.0,2070.0,2070.0,2071.0,2125.0,2125.0,2126.0,6079.0,6079.0,6116.0,616.0,616.0,581.0,2070.0,2070.0,2071.0
0.0,23031.0,6226.0,6214.0,6558.0,1493.0,498.0,498.0,497.0,2071.0,2071.0,2072.0,2075.0,2075.0,2076.0,7664.0,7664.0,7703.0,498.0,498.0,497.0,2071.0,2071.0,2072.0
0.0,23363.0,6325.0,6217.0,1813.0,6017.0,1994.0,1994.0,2029.0,2072.0,2072.0,2073.0,2108.0,2108.0,2109.0,7786.0,7786.0,7791.0,1994.0,1994.0,2029.0,2072.0,2072.0,2073.0
0.0,18851.0,6328.0,6217.0,1493.0,10852.0,3605.0,3605.0,3642.0,2072.0,2072.0,2073.0,2109.0,2109.0,2110.0,6294.0,6294.0,6263.0,3605.0,3605.0,3642.0,2072.0,2072.0,2073.0
0.0,14016.0,6280.0,6220.0,6017.0,11127.0,3708.0,3708.0,3711.0,2073.0,2073.0,2074.0,2093.0,2093.0,2094.0,4683.0,4683.0,4650.0,3708.0,3708.0,3711.0,2073.0,2073.0,2074.0
0.0,13753.0,6352.0,6223.0,10852.0,6639.0,2224.0,2224.0,2191.0,2074.0,2074.0,2075.0,2117.0,2117.0,2118.0,4584.0,4584.0,4585.0,2224.0,2224.0,2191.0,2074.0,2074.0,2075.0
0.0,18253.0,6223.0,6223.0,11127.0,1735.0,590.0,590.0,555.0,2074.0,2074.0,2075.0,2074.0,2074.0,2075.0,6072.0,6072.0,6109.0,590.0,590.0,555.0,2074.0,2074.0,2075.0
0.0,23157.0,6340.0,6226.0,6639.0,1448.0,483.0,483.0,482.0,2075.0,2075.0,2076.0,2113.0,2113.0,2114.0,7706.0,7706.0,7745.0,483.0,483.0,482.0,2075.0,2075.0,2076.0
0.0,23456.0,6151.0,6226.0,1735.0,5864.0,1943.0,1943.0,1978.0,2075.0,2075.0,2076.0,2050.0,2050.0,2051.0,7817.0,7817.0,7822.0,1943.0,1943.0,1978.0,2075.0,2075.0,2076.0
0.0,19040.0,6214.0,6226.0,1448.0,10630.0,3531.0,3531.0,3568.0,2075.0,2075.0,2076.0,2071.0,2071.0,2072.0,6357.0,6357.0,6326.0,3531.0,3531.0,3568.0,2075.0,2075.0,2076.0
0.0,14274.0,6220.0,6226.0,5864.0,10986.0,3661.0,3661.0,3664.0,2075.0,2075.0,2076.0,2073.0,2073.0,2074.0,4769.0,4769.0,4736.0,3661.0,3661.0,3664.0,2075.0,2075.0,2076.0
0.0,13918.0,6493.0,6232.0,10630.0,6873.0,2302.0,2302.0,2269.0,2077.0,2077.0,2078.0,2164.0,2164.0,2165.0,4639.0,4639.0,4640.0,2302.0,2302.0,2269.0,2077.0,2077.0,2078.0
0.0,18055.0,6238.0,6232.0,10986.0,2125.0,720.0,720.0,685.0,2077.0,2077.0,2078.0,2079.0,2079.0,2080.0,6006.0,6006.0,6043.0,720.0,720.0,685.0,2077.0,2077.0,2078.0
0.0,22803.0,6378.0,6232.0,6873.0,1630.0,544.0,544.0,542.0,2077.0,2077.0,2078.0,2126.0,2126.0,2126.0,7588.0,7588.0,7627.0,544.0,544.0,542.0,2077.0,2077.0,2078.0
0.0,23298.0,6304.0,6235.0,2125.0,5821.0,1929.0,1929.0,1963.0,2078.0,2078.0,2079.0,2101.0,2101.0,2102.0,7764.0,7764.0,7770.0,1929.0,1929.0,1963.0,2078.0,2078.0,2079.0
0.0,19119.0,6286.0,6235.0,1630.0,10477.0,3480.0,3480.0,3517.0,2078.0,2078.0,2079.0,2095.0,2095.0,2096.0,6383.0,6383.0,6353.0,3480.0,3480.0,3517.0,2078.0,2078.0,2079.0
0.0,14463.0,6177.0,6235.0,5821.0,10833.0,3610.0,3610.0,3613.0,2078.0,2078.0,2079.0,2059.0,2059.0,2059.0,4832.0,4832.0,4799.0,3610.0,3610.0,3613.0,2078.0,2078.0,2079.0
0.0,14107.0,6187.0,6234.0,10477.0,6539.0,2192.0,2192.0,2155.0,2078.0,2078.0,2078.0,2062.0,2062.0,2063.0,4702.0,4702.0,4703.0,2192.0,2192.0,2155.0,2078.0,2078.0,2078.0
0.0,18397.0,6229.0,6232.0,10833.0,1927.0,654.0,654.0,619.0,2077.0,2077.0,2078.0,2076.0,2076.0,2077.0,6120.0,6120.0,6157.0,654.0,654.0,619.0,2077.0,2077.0,2078.0
0.0,23001.0,6318.0,6237.0,6539.0,1726.0,576.0,576.0,574.0,2079.0,2079.0,2079.0,2106.0,2106.0,2106.0,7654.0,7654.0,7693.0,576.0,576.0,574.0,2079.0,2079.0,2079.0
0.0,23222.0,6268.0,6235.0,1927.0,6059.0,2007.0,2007.0,2045.0,2078.0,2078.0,2079.0,2089.0,2089.0,2090.0,7740.0,7740.0,7742.0,2007.0,2007.0,2045.0,2078.0,2078.0,2079.0
0.0,18881.0,6400.0,6241.0,1726.0,10757.0,3572.0,3572.0,3613.0,2080.0,2080.0,2081.0,2133.0,2133.0,2134.0,6305.0,6305.0,6271.0,3572.0,3572.0,3613.0,2080.0,2080.0,2081.0
0.0,14207.0,6297.0,6241.0,6059.0,10995.0,3664.0,3664.0,3667.0,2080.0,2080.0,2081.0,2099.0,2099.0,2099.0,4748.0,4748.0,4711.0,3664.0,3664.0,3667.0,2080.0,2080.0,2081.0
0.0,13969.0,6232.0,6238.0,10757.0,6458.0,2165.0,2165.0,2128.0,2079.0,2079.0,2080.0,2077.0,2077.0,2078.0,4656.0,4656.0,4657.0,2165.0,2165.0,2128.0,2079.0,2079.0,2080.0
0.0,18494.0,6319.0,6244.0,10995.0,1806.0,615.0,615.0,576.0,2081.0,2081.0,2082.0,2106.0,2106.0,2107.0,6151.0,6151.0,6192.0,615.0,615.0,576.0,2081.0,2081.0,2082.0
0.0,23170.0,6208.0,6241.0,6458.0,1544.0,515.0,515.0,514.0,2080.0,2080.0,2081.0,2069.0,2069.0,2070.0,7709.0,7709.0,7752.0,515.0,515.0,514.0,2080.0,2080.0,2081.0
0.0,23420.0,6361.0,6247.0,1806.0,6123.0,2028.0,2028.0,2067.0,2082.0,2082.0,2083.0,2120.0,2120.0,2121.0,7805.0,7805.0,7810.0,2028.0,2028.0,2067.0,2082.0,2082.0,2083.0
0.0,18865.0,6202.0,6247.0,1544.0,10781.0,3580.0,3580.0,3621.0,2082.0,2082.0,2083.0,2067.0,2067.0,2068.0,6300.0,6300.0,6265.0,3580.0,3580.0,3621.0,2082.0,2082.0,2083.0
0.0,14207.0,6310.0,6247.0,6123.0,10968.0,3655.0,3655.0,3658.0,2082.0,2082.0,2083.0,2103.0,2103.0,2104.0,4748.0,4748.0,4711.0,3655.0,3655.0,3658.0,2082.0,2082.0,2083.0
0.0,14020.0,6346.0,6253.0,10781.0,6557.0,2198.0,2198.0,2161.0,2084.0,2084.0,2085.0,2115.0,2115.0,2116.0,4673.0,4673.0,4674.0,2198.0,2198.0,2161.0,2084.0,2084.0,2085.0
0.0,18455.0,6277.0,6252.0,10968.0,1862.0,635.0,635.0,592.0,2084.0,2084.0,2084.0,2092.0,2092.0,2093.0,6138.0,6138.0,6179.0,635.0,635.0,592.0,2084.0,2084.0,2084.0
0.0,23146.0,6301.0,6255.0,6557.0,1618.0,541.0,541.0,536.0,2085.0,2085.0,2085.0,2100.0,2100.0,2101.0,7701.0,7701.0,7744.0,541.0,541.0,536.0,2085.0,2085.0,2085.0
0.0,23402.0,6268.0,6256.0,1862.0,6028.0,1995.0,1995.0,2038.0,2085.0,2085.0,2086.0,2089.0,2089.0,2090.0,7799.0,7799.0,7804.0,1995.0,1995.0,2038.0,2085.0,2085.0,2086.0
0.0,18996.0,6238.0,6259.0,1618.0,10660.0,3537.0,3537.0,3586.0,2086.0,2086.0,2087.0,2079.0,2079.0,2080.0,6345.0,6345.0,6306.0,3537.0,3537.0,3586.0,2086.0,2086.0,2087.0
0.0,14376.0,6223.0,6259.0,6028.0,10855.0,3616.0,3616.0,3623.0,2086.0,2086.0,2087.0,2074.0,2074.0,2075.0,4807.0,4807.0,4762.0,3616.0,3616.0,3623.0,2086.0,2086.0,2087.0
0.0,14181.0,6235.0,6261.0,10660.0,6438.0,2161.0,2161.0,2116.0,2087.0,2087.0,2087.0,2078.0,2078.0,2079.0,4728.0,4728.0,4725.0,2161.0,2161.0,2116.0,2087.0,2087.0,2087.0
0.0,18606.0,6322.0,6265.0,10855.0,1921.0,656.0,656.0,609.0,2088.0,2088.0,2089.0,2107.0,2107.0,2108.0,6187.0,6187.0,6232.0,656.0,656.0,609.0,2088.0,2088.0,2089.0
0.0,23139.0,6253.0,6265.0,6438.0,1736.0,579.0,579.0,578.0,2088.0,2088.0,2089.0,2084.0,2084.0,2085.0,7696.0,7696.0,7747.0,579.0,579.0,578.0,2088.0,2088.0,2089.0
0.0,23324.0,6238.0,6265.0,1921.0,6053.0,2002.0,2002.0,2049.0,2088.0,2088.0,2089.0,2079.0,2079.0,2080.0,7773.0,7773.0,7778.0,2002.0,2002.0,2049.0,2088.0,2088.0,2089.0
0.0,19007.0,6292.0,6265.0,1736.0,10609.0,3520.0,3520.0,3569.0,2088.0,2088.0,2089.0,2097.0,2097.0,2098.0,6350.0,6350.0,6307.0,3520.0,3520.0,3569.0,2088.0,2088.0,2089.0
0.0,14451.0,6255.0,6268.0,6053.0,10823.0,3607.0,3607.0,3609.0,2089.0,2089.0,2090.0,2085.0,2085.0,2085.0,4832.0,4832.0,4787.0,3607.0,3607.0,3609.0,2089.0,2089.0,2090.0
0.0,14249.0,6331.0,6268.0,10609.0,6545.0,2197.0,2197.0,2151.0,2089.0,2089.0,2090.0,2110.0,2110.0,2111.0,4749.0,4749.0,4751.0,2197.0,2197.0,2151.0,2089.0,2089.0,2090.0
0.0,18527.0,6391.0,6271.0,10823.0,2125.0,724.0,724.0,677.0,2090.0,2090.0,2091.0,2130.0,2130.0,2131.0,6159.0,6159.0,6209.0,724.0,724.0,677.0,2090.0,2090.0,2091.0
0.0,22959.0,6415.0,6277.0,6545.0,2019.0,673.0,673.0,673.0,2092.0,2092.0,2093.0,2138.0,2138.0,2139.0,7636.0,7636.0,7687.0,673.0,673.0,673.0,2092.0,2092.0,2093.0
0.0,23089.0,6280.0,6277.0,2125.0,6174.0,2042.0,2042.0,2090.0,2092.0,2092.0,2093.0,2093.0,2093.0,2094.0,7695.0,7695.0,7699.0,2042.0,2042.0,2090.0,2092.0,2092.0,2093.0
0.0,18934.0,6241.0,6277.0,2019.0,10396.0,3449.0,3449.0,3498.0,2092.0,2092.0,2093.0,2080.0,2080.0,2081.0,6326.0,6326.0,6282.0,3449.0,3449.0,3498.0,2092.0,2092.0,2093.0
0.0,14712.0,6148.0,6277.0,6174.0,10370.0,3456.0,3456.0,3458.0,2092.0,2092.0,2093.0,2049.0,2049.0,2050.0,4919.0,4919.0,4874.0,3456.0,3456.0,3458.0,2092.0,2092.0,2093.0
0.0,14738.0,6331.0,6280.0,10396.0,6317.0,2121.0,2121.0,2075.0,2093.0,2093.0,2094.0,2110.0,2110.0,2111.0,4912.0,4912.0,4914.0,2121.0,2121.0,2075.0,2093.0,2093.0,2094.0
0.0,18803.0,6301.0,6280.0,10370.0,2248.0,765.0,765.0,718.0,2093.0,2093.0,2094.0,2100.0,2100.0,2101.0,6251.0,6251.0,6301.0,765.0,765.0,718.0,2093.0,2093.0,2094.0
0.0,22872.0,6274.0,6283.0,6317.0,2217.0,739.0,739.0,739.0,2094.0,2094.0,2095.0,2091.0,2091.0,2092.0,7607.0,7607.0,7658.0,739.0,739.0,739.0,2094.0,2094.0,2095.0
0.0,22915.0,6235.0,6283.0,2248.0,6204.0,2052.0,2052.0,2100.0,2094.0,2094.0,2095.0,2078.0,2078.0,2079.0,7637.0,7637.0,7641.0,2052.0,2052.0,2100.0,2094.0,2094.0,2095.0
0.0,18928.0,6192.0,6280.0,2217.0,10167.0,3373.0,3373.0,3421.0,2093.0,2093.0,2094.0,2064.0,2064.0,2064.0,6324.0,6324.0,6280.0,3373.0,3373.0,3421.0,2093.0,2093.0,2094.0
0.0,14953.0,6319.0,6280.0,6204.0,10282.0,3427.0,3427.0,3428.0,2093.0,2093.0,2094.0,2106.0,2106.0,2107.0,4999.0,4999.0,4955.0,3427.0,3427.0,3428.0,2093.0,2093.0,2094.0
0.0,14838.0,6331.0,6283.0,10167.0,6458.0,2168.0,2168.0,2122.0,2094.0,2094.0,2095.0,2110.0,2110.0,2111.0,4945.0,4945.0,4948.0,2168.0,2168.0,2122.0,2094.0,2094.0,2095.0
0.0,18674.0,6361.0,6283.0,10282.0,2537.0,861.0,861.0,815.0,2094.0,2094.0,2095.0,2120.0,2120.0,2121.0,6208.0,6208.0,6258.0,861.0,861.0,815.0,2094.0,2094.0,2095.0
0.0,22595.0,6376.0,6283.0,6458.0,2455.0,818.0,818.0,819.0,2094.0,2094.0,2095.0,2125.0,2125.0,2126.0,7515.0,7515.0,7565.0,818.0,818.0,819.0,2094.0,2094.0,2095.0
0.0,22677.0,6367.0,6286.0,2537.0,6297.0,2083.0,2083.0,2131.0,2095.0,2095.0,2096.0,2122.0,2122.0,2123.0,7558.0,7558.0,7561.0,2083.0,2083.0,2131.0,2095.0,2095.0,2096.0
0.0,18847.0,6337.0,6286.0,2455.0,10179.0,3377.0,3377.0,3425.0,2095.0,2095.0,2096.0,2112.0,2112.0,2113.0,6297.0,6297.0,6253.0,3377.0,3377.0,3425.0,2095.0,2095.0,2096.0
0.0,14965.0,6285.0,6286.0,6297.0,10167.0,3389.0,3389.0,3389.0,2095.0,2095.0,2096.0,2095.0,2095.0,2095.0,5003.0,5003.0,4959.0,3389.0,3389.0,3389.0,2095.0,2095.0,2096.0
0.0,14977.0,6367.0,6286.0,10179.0,6355.0,2134.0,2134.0,2087.0,2095.0,2095.0,2096.0,2122.0,2122.0,2123.0,4991.0,4991.0,4995.0,2134.0,2134.0,2087.0,2095.0,2095.0,2096.0
0.0,18789.0,6327.0,6289.0,10167.0,2527.0,858.0,858.0,811.0,2096.0,2096.0,2097.0,2109.0,2109.0,2109.0,6246.0,6246.0,6297.0,858.0,858.0,811.0,2096.0,2096.0,2097.0
0.0,22629.0,6340.0,6292.0,6355.0,2524.0,841.0,841.0,842.0,2097.0,2097.0,2098.0,2113.0,2113.0,2114.0,7526.0,7526.0,7577.0,841.0,841.0,842.0,2097.0,2097.0,2098.0
0.0,22644.0,6265.0,6294.0,2527.0,6270.0,2075.0,2075.0,2120.0,2098.0,2098.0,2098.0,2088.0,2088.0,2089.0,7547.0,7547.0,7550.0,2075.0,2075.0,2120.0,2098.0,2098.0,2098.0
0.0,18906.0,6418.0,6292.0,2524.0,10156.0,3369.0,3369.0,3418.0,2097.0,2097.0,2098.0,2139.0,2139.0,2140.0,6317.0,6317.0,6272.0,3369.0,3369.0,3418.0,2097.0,2097.0,2098.0
0.0,15012.0,6331.0,6295.0,6270.0,10229.0,3408.0,3408.0,3413.0,2098.0,2098.0,2099.0,2110.0,2110.0,2111.0,5019.0,5019.0,4974.0,3408.0,3408.0,3413.0,2098.0,2098.0,2099.0
0.0,14951.0,6265.0,6292.0,10156.0,6326.0,2123.0,2123.0,2080.0,2097.0,2097.0,2098.0,2088.0,2088.0,2089.0,4984.0,4984.0,4983.0,2123.0,2123.0,2080.0,2097.0,2097.0,2098.0
0.0,18842.0,6352.0,6292.0,10229.0,2449.0,832.0,832.0,785.0,2097.0,2097.0,2098.0,2117.0,2117.0,2118.0,6265.0,6265.0,6312.0,832.0,832.0,785.0,2097.0,2097.0,2098.0
0.0,22719.0,6472.0,6295.0,6326.0,2607.0,870.0,870.0,867.0,2098.0,2098.0,2099.0,2157.0,2157.0,2158.0,7556.0,7556.0,7607.0,870.0,870.0,867.0,2098.0,2098.0,2099.0
0.0,22573.0,6381.0,6301.0,2449.0,6563.0,2173.0,2173.0,2217.0,2100.0,2100.0,2101.0,2127.0,2127.0,2127.0,7522.0,7522.0,7529.0,2173.0,2173.0,2217.0,2100.0,2100.0,2101.0
0.0,18641.0,6304.0,6303.0,2607.0,10268.0,3408.0,3408.0,3452.0,2101.0,2101.0,2101.0,2101.0,2101.0,2102.0,6227.0,6227.0,6187.0,3408.0,3408.0,3452.0,2101.0,2101.0,2101.0
0.0,14944.0,6348.0,6304.0,6563.0,10057.0,3351.0,3351.0,3355.0,2101.0,2101.0,2102.0,2116.0,2116.0,2116.0,4996.0,4996.0,4952.0,3351.0,3351.0,3355.0,2101.0,2101.0,2102.0
0.0,15159.0,6313.0,6304.0,10268.0,6102.0,2047.0,2047.0,2008.0,2101.0,2101.0,2102.0,2104.0,2104.0,2105.0,5053.0,5053.0,5053.0,2047.0,2047.0,2008.0,2101.0,2101.0,2102.0
0.0,19114.0,6259.0,6304.0,10057.0,2304.0,782.0,782.0,740.0,2101.0,2101.0,2102.0,2086.0,2086.0,2087.0,6357.0,6357.0,6400.0,782.0,782.0,740.0,2101.0,2101.0,2102.0
0.0,22912.0,6295.0,6303.0,6102.0,2493.0,833.0,833.0,827.0,2101.0,2101.0,2101.0,2098.0,2098.0,2099.0,7622.0,7622.0,7668.0,833.0,833.0,827.0,2101.0,2101.0,2101.0
0.0,22719.0,6196.0,6301.0,2304.0,6377.0,2112.0,2112.0,2153.0,2100.0,2100.0,2101.0,2065.0,2065.0,2066.0,7571.0,7571.0,7577.0,2112.0,2112.0,2153.0,2100.0,2100.0,2101.0
0.0,18827.0,6472.0,6304.0,2493.0,10368.0,3440.0,3440.0,3488.0,2101.0,2101.0,2102.0,2157.0,2157.0,2158.0,6288.0,6288.0,6251.0,3440.0,3440.0,3488.0,2101.0,2101.0,2102.0
0.0,14848.0,6334.0,6306.0,6377.0,10333.0,3443.0,3443.0,3447.0,2102.0,2102.0,2102.0,2111.0,2111.0,2112.0,4964.0,4964.0,4920.0,3443.0,3443.0,3447.0,2102.0,2102.0,2102.0
0.0,14891.0,6298.0,6307.0,10368.0,6267.0,2102.0,2102.0,2063.0,2102.0,2102.0,2103.0,2099.0,2099.0,2100.0,4965.0,4965.0,4961.0,2102.0,2102.0,2063.0,2102.0,2102.0,2103.0
0.0,18961.0,6280.0,6306.0,10333.0,2210.0,752.0,752.0,706.0,2102.0,2102.0,2102.0,2093.0,2093.0,2094.0,6306.0,6306.0,6349.0,752.0,752.0,706.0,2102.0,2102.0,2102.0
0.0,23014.0,6361.0,6309.0,6267.0,2316.0,774.0,774.0,768.0,2103.0,2103.0,2103.0,2120.0,2120.0,2121.0,7656.0,7656.0,7702.0,774.0,774.0,768.0,2103.0,2103.0,2103.0
0.0,22920.0,6442.0,6310.0,2210.0,6552.0,2169.0,2169.0,2214.0,2103.0,2103.0,2104.0,2147.0,2147.0,2148.0,7638.0,7638.0,7644.0,2169.0,2169.0,2214.0,2103.0,2103.0,2104.0
0.0,18688.0,6397.0,6313.0,2316.0,10645.0,3531.0,3531.0,3583.0,2104.0,2104.0,2105.0,2132.0,2132.0,2133.0,6243.0,6243.0,6202.0,3531.0,3531.0,3583.0,2104.0,2104.0,2105.0
0.0,14607.0,6319.0,6313.0,6552.0,10412.0,3468.0,3468.0,3476.0,2104.0,2104.0,2105.0,2106.0,2106.0,2107.0,4885.0,4885.0,4837.0,3468.0,3468.0,3476.0,2104.0,2104.0,2105.0
0.0,14840.0,6406.0,6316.0,10645.0,6185.0,2076.0,2076.0,2033.0,2105.0,2105.0,2106.0,2135.0,2135.0,2136.0,4948.0,4948.0,4944.0,2076.0,2076.0,2033.0,2105.0,2105.0,2106.0
0.0,19079.0,6285.0,6316.0,10412.0,2058.0,703.0,703.0,652.0,2105.0,2105.0,2106.0,2095.0,2095.0,2095.0,6344.0,6344.0,6391.0,703.0,703.0,652.0,2105.0,2105.0,2106.0
0.0,23206.0,6277.0,6316.0,6185.0,2150.0,719.0,719.0,712.0,2105.0,2105.0,2106.0,2092.0,2092.0,2093.0,7717.0,7717.0,7772.0,719.0,719.0,712.0,2105.0,2105.0,2106.0
0.0,23114.0,6199.0,6316.0,2058.0,6291.0,2082.0,2082.0,2127.0,2105.0,2105.0,2106.0,2066.0,2066.0,2067.0,7701.0,7701.0,7712.0,2082.0,2082.0,2127.0,2105.0,2105.0,2106.0
0.0,18973.0,6391.0,6319.0,2150.0,10544.0,3497.0,3497.0,3550.0,2106.0,2106.0,2107.0,2130.0,2130.0,2131.0,6338.0,6338.0,6297.0,3497.0,3497.0,3550.0,2106.0,2106.0,2107.0
0.0,14732.0,6423.0,6321.0,6291.0,10684.0,3560.0,3560.0,3564.0,2107.0,2107.0,2107.0,2141.0,2141.0,2141.0,4927.0,4927.0,4878.0,3560.0,3560.0,3564.0,2107.0,2107.0,2107.0
0.0,14600.0,6313.0,6322.0,10544.0,6457.0,2167.0,2167.0,2123.0,2107.0,2107.0,2108.0,2104.0,2104.0,2105.0,4868.0,4868.0,4864.0,2167.0,2167.0,2123.0,2107.0,2107.0,2108.0
0.0,18831.0,6394.0,6325.0,10684.0,2179.0,742.0,742.0,695.0,2108.0,2108.0,2109.0,2131.0,2131.0,2132.0,6261.0,6261.0,6309.0,742.0,742.0,695.0,2108.0,2108.0,2109.0
0.0,23121.0,6211.0,6322.0,6457.0,1921.0,641.0,641.0,639.0,2107.0,2107.0,2108.0,2070.0,2070.0,2071.0,7690.0,7690.0,7741.0,641.0,641.0,639.0,2107.0,2107.0,2108.0
0.0,23367.0,6274.0,6324.0,2179.0,6024.0,1994.0,1994.0,2036.0,2108.0,2108.0,2108.0,2091.0,2091.0,2092.0,7787.0,7787.0,7793.0,1994.0,1994.0,2036.0,2108.0,2108.0,2108.0
0.0,19272.0,6346.0,6325.0,1921.0,10453.0,3468.0,3468.0,3517.0,2108.0,2108.0,2109.0,2115.0,2115.0,2116.0,6438.0,6438.0,6396.0,3468.0,3468.0,3517.0,2108.0,2108.0,2109.0
0.0,14847.0,6328.0,6322.0,6024.0,10745.0,3579.0,3579.0,3587.0,2107.0,2107.0,2108.0,2109.0,2109.0,2110.0,4964.0,4964.0,4919.0,3579.0,3579.0,3587.0,2107.0,2107.0,2108.0
0.0,14543.0,6328.0,6322.0,10453.0,6620.0,2220.0,2220.0,2180.0,2107.0,2107.0,2108.0,2109.0,2109.0,2110.0,4849.0,4849.0,4845.0,2220.0,2220.0,2180.0,2107.0,2107.0,2108.0
0.0,18668.0,6336.0,6322.0,10745.0,2211.0,753.0,753.0,705.0,2107.0,2107.0,2108.0,2112.0,2112.0,2112.0,6208.0,6208.0,6252.0,753.0,753.0,705.0,2107.0,2107.0,2108.0
0.0,23077.0,6409.0,6325.0,6620.0,2012.0,673.0,673.0,666.0,2108.0,2108.0,2109.0,2136.0,2136.0,2137.0,7675.0,7675.0,7727.0,673.0,673.0,666.0,2108.0,2108.0,2109.0
0.0,23288.0,6337.0,6328.0,2211.0,6150.0,2036.0,2036.0,2078.0,2109.0,2109.0,2110.0,2112.0,2112.0,2113.0,7759.0,7759.0,7770.0,2036.0,2036.0,2078.0,2109.0,2109.0,2110.0
0.0,19162.0,6352.0,6328.0,2012.0,10490.0,3480.0,3480.0,3530.0,2109.0,2109.0,2110.0,2117.0,2117.0,2118.0,6400.0,6400.0,6362.0,3480.0,3480.0,3530.0,2109.0,2109.0,2110.0
0.0,14822.0,6400.0,6331.0,6150.0,10752.0,3581.0,3581.0,3590.0,2110.0,2110.0,2111.0,2133.0,2133.0,2134.0,4956.0,4956.0,4910.0,3581.0,3581.0,3590.0,2110.0,2110.0,2111.0
0.0,14572.0,6355.0,6333.0,10490.0,6625.0,2223.0,2223.0,2179.0,2111.0,2111.0,2111.0,2118.0,2118.0,2119.0,4859.0,4859.0,4854.0,2223.0,2223.0,2179.0,2111.0,2111.0,2111.0
0.0,18707.0,6373.0,6336.0,10752.0,2258.0,770.0,770.0,718.0,2112.0,2112.0,2112.0,2124.0,2124.0,2125.0,6221.0,6221.0,6265.0,770.0,770.0,718.0,2112.0,2112.0,2112.0
0.0,23086.0,6318.0,6337.0,6625.0,1955.0,653.0,653.0,649.0,2112.0,2112.0,2113.0,2106.0,2106.0,2106.0,7678.0,7678.0,7730.0,653.0,653.0,649.0,2112.0,2112.0,2113.0
0.0,23393.0,6487.0,6340.0,2258.0,6196.0,2049.0,2049.0,2098.0,2113.0,2113.0,2114.0,2162.0,2162.0,2163.0,7795.0,7795.0,7803.0,2049.0,2049.0,2098.0,2113.0,2113.0,2114.0
0.0,19164.0,6289.0,6340.0,1955.0,10530.0,3492.0,3492.0,3546.0,2113.0,2113.0,2114.0,2096.0,2096.0,2097.0,6403.0,6403.0,6358.0,3492.0,3492.0,3546.0,2113.0,2113.0,2114.0
0.0,14830.0,6463.0,6343.0,6196.0,10809.0,3601.0,3601.0,3607.0,2114.0,2114.0,2115.0,2154.0,2154.0,2155.0,4960.0,4960.0,4910.0,3601.0,3601.0,3607.0,2114.0,2114.0,2115.0
0.0,14563.0,6370.0,6343.0,10530.0,6649.0,2232.0,2232.0,2185.0,2114.0,2114.0,2115.0,2123.0,2123.0,2124.0,4855.0,4855.0,4853.0,2232.0,2232.0,2185.0,2114.0,2114.0,2115.0
0.0,18723.0,6382.0,6343.0,10809.0,2222.0,758.0,758.0,706.0,2114.0,2114.0,2115.0,2127.0,2127.0,2128.0,6224.0,6224.0,6275.0,758.0,758.0,706.0,2114.0,2114.0,2115.0
0.0,23150.0,6541.0,6346.0,6649.0,2126.0,710.0,710.0,706.0,2115.0,2115.0,2116.0,2180.0,2180.0,2181.0,7698.0,7698.0,7754.0,710.0,710.0,706.0,2115.0,2115.0,2116.0
0.0,23258.0,6262.0,6346.0,2222.0,6166.0,2039.0,2039.0,2088.0,2115.0,2115.0,2116.0,2087.0,2087.0,2088.0,7750.0,7750.0,7758.0,2039.0,2039.0,2088.0,2115.0,2115.0,2116.0
0.0,19218.0,6520.0,6349.0,2126.0,10572.0,3506.0,3506.0,3560.0,2116.0,2116.0,2117.0,2173.0,2173.0,2174.0,6421.0,6421.0,6376.0,3506.0,3506.0,3560.0,2116.0,2116.0,2117.0
0.0,14824.0,6547.0,6352.0,6166.0,10965.0,3653.0,3653.0,3659.0,2117.0,2117.0,2118.0,2182.0,2182.0,2183.0,4958.0,4958.0,4908.0,3653.0,3653.0,3659.0,2117.0,2117.0,2118.0
0.0,14443.0,6364.0,6354.0,10572.0,6765.0,2272.0,2272.0,2221.0,2118.0,2118.0,2118.0,2121.0,2121.0,2122.0,4815.0,4815.0,4813.0,2272.0,2272.0,2221.0,2118.0,2118.0,2118.0
0.0,18651.0,6442.0,6358.0,10965.0,2258.0,770.0,770.0,718.0,2119.0,2119.0,2120.0,2147.0,2147.0,2148.0,6200.0,6200.0,6251.0,770.0,770.0,718.0,2119.0,2119.0,2120.0
0.0,23174.0,6445.0,6358.0,6765.0,1938.0,646.0,646.0,646.0,2119.0,2119.0,2120.0,2148.0,2148.0,2149.0,7706.0,7706.0,7762.0,646.0,646.0,646.0,2119.0,2119.0,2120.0
0.0,23494.0,6439.0,6360.0,2258.0,6127.0,2026.0,2026.0,2075.0,2120.0,2120.0,2120.0,2146.0,2146.0,2147.0,7830.0,7830.0,7834.0,2026.0,2026.0,2075.0,2120.0,2120.0,2120.0
0.0,19313.0,6334.0,6361.0,1938.0,10527.0,3491.0,3491.0,3545.0,2120.0,2120.0,2121.0,2111.0,2111.0,2112.0,6454.0,6454.0,6405.0,3491.0,3491.0,3545.0,2120.0,2120.0,2121.0
0.0,14917.0,6496.0,6364.0,6127.0,10908.0,3634.0,3634.0,3640.0,2121.0,2121.0,2122.0,2165.0,2165.0,2166.0,4989.0,4989.0,4939.0,3634.0,3634.0,3640.0,2121.0,2121.0,2122.0
0.0,14548.0,6310.0,6361.0,10527.0,6679.0,2242.0,2242.0,2195.0,2120.0,2120.0,2121.0,2103.0,2103.0,2104.0,4850.0,4850.0,4848.0,2242.0,2242.0,2195.0,2120.0,2120.0,2121.0
0.0,18765.0,6486.0,6363.0,10908.0,2265.0,774.0,774.0,717.0,2121.0,2121.0,2121.0,2162.0,2162.0,2162.0,6238.0,6238.0,6289.0,774.0,774.0,717.0,2121.0,2121.0,2121.0
0.0,23187.0,6466.0,6366.0,6679.0,2064.0,691.0,691.0,682.0,2122.0,2122.0,2122.0,2155.0,2155.0,2156.0,7710.0,7710.0,7767.0,691.0,691.0,682.0,2122.0,2122.0,2122.0
0.0,23400.0,6376.0,6367.0,2265.0,6179.0,2042.0,2042.0,2095.0,2122.0,2122.0,2123.0,2125.0,2125.0,2126.0,7797.0,7797.0,7806.0,2042.0,2042.0,2095.0,2122.0,2122.0,2123.0
0.0,19289.0,6382.0,6367.0,2064.0,10497.0,3478.0,3478.0,3541.0,2122.0,2122.0,2123.0,2127.0,2127.0,2128.0,6446.0,6446.0,6397.0,3478.0,3478.0,3541.0,2122.0,2122.0,2123.0
0.0,14971.0,6439.0,6370.0,6179.0,10769.0,3586.0,3586.0,3597.0,2123.0,2123.0,2124.0,2146.0,2146.0,2147.0,5010.0,5010.0,4951.0,3586.0,3586.0,3597.0,2123.0,2123.0,2124.0
0.0,14711.0,6451.0,6373.0,10497.0,6735.0,2262.0,2262.0,2211.0,2124.0,2124.0,2125.0,2150.0,2150.0,2151.0,4906.0,4906.0,4899.0,2262.0,2262.0,2211.0,2124.0,2124.0,2125.0
0.0,18757.0,6514.0,6379.0,10769.0,2504.0,855.0,855.0,794.0,2126.0,2126.0,2127.0,2171.0,2171.0,2172.0,6234.0,6234.0,6289.0,855.0,855.0,794.0,2126.0,2126.0,2127.0
0.0,23012.0,6388.0,6379.0,6735.0,2157.0,722.0,722.0,713.0,2126.0,2126.0,2127.0,2129.0,2129.0,2130.0,7649.0,7649.0,7714.0,722.0,722.0,713.0,2126.0,2126.0,2127.0
0.0,23359.0,6406.0,6379.0,2504.0,6059.0,2002.0,2002.0,2055.0,2126.0,2126.0,2127.0,2135.0,2135.0,2136.0,7782.0,7782.0,7795.0,2002.0,2002.0,2055.0,2126.0,2126.0,2127.0
0.0,19457.0,6475.0,6382.0,2157.0,10389.0,3442.0,3442.0,3505.0,2127.0,2127.0,2128.0,2158.0,2158.0,2159.0,6502.0,6502.0,6453.0,3442.0,3442.0,3505.0,2127.0,2127.0,2128.0
0.0,15139.0,6490.0,6388.0,6059.0,10844.0,3611.0,3611.0,3622.0,2129.0,2129.0,2130.0,2163.0,2163.0,2164.0,5066.0,5066.0,5007.0,3611.0,3611.0,3622.0,2129.0,2129.0,2130.0
0.0,14708.0,6411.0,6388.0,10389.0,6866.0,2306.0,2306.0,2254.0,2129.0,2129.0,2130.0,2137.0,2137.0,2137.0,4905.0,4905.0,4898.0,2306.0,2306.0,2254.0,2129.0,2129.0,2130.0
0.0,18686.0,6385.0,6388.0,10844.0,2407.0,823.0,823.0,761.0,2129.0,2129.0,2130.0,2128.0,2128.0,2129.0,6210.0,6210.0,6266.0,823.0,823.0,761.0,2129.0,2129.0,2130.0
0.0,23145.0,6475.0,6388.0,6866.0,2016.0,675.0,675.0,666.0,2129.0,2129.0,2130.0,2158.0,2158.0,2159.0,7693.0,7693.0,7759.0,675.0,675.0,666.0,2129.0,2129.0,2130.0
0.0,23536.0,6349.0,6388.0,2407.0,5958.0,1968.0,1968.0,2022.0,2129.0,2129.0,2130.0,2116.0,2116.0,2117.0,7841.0,7841.0,7854.0,1968.0,1968.0,2022.0,2129.0,2129.0,2130.0
0.0,19594.0,6466.0,6391.0,2016.0,10420.0,3452.0,3452.0,3516.0,2130.0,2130.0,2131.0,2155.0,2155.0,2156.0,6548.0,6548.0,6498.0,3452.0,3452.0,3516.0,2130.0,2130.0,2131.0
0.0,15144.0,6436.0,6394.0,5958.0,10910.0,3633.0,3633.0,3644.0,2131.0,2131.0,2132.0,2145.0,2145.0,2146.0,5068.0,5068.0,5008.0,3633.0,3633.0,3644.0,2131.0,2131.0,2132.0
0.0,14666.0,6310.0,6394.0,10420.0,6800.0,2284.0,2284.0,2232.0,2131.0,2131.0,2132.0,2103.0,2103.0,2104.0,4891.0,4891.0,4884.0,2284.0,2284.0,2232.0,2131.0,2131.0,2132.0
0.0,18776.0,6466.0,6400.0,10910.0,2380.0,814.0,814.0,752.0,2133.0,2133.0,2134.0,2155.0,2155.0,2156.0,6240.0,6240.0,6296.0,814.0,814.0,752.0,2133.0,2133.0,2134.0
0.0,23220.0,6367.0,6399.0,6800.0,1943.0,652.0,652.0,639.0,2133.0,2133.0,2133.0,2122.0,2122.0,2123.0,7718.0,7718.0,7784.0,652.0,652.0,639.0,2133.0,2133.0,2133.0
0.0,23653.0,6370.0,6397.0,2380.0,5925.0,1957.0,1957.0,2011.0,2132.0,2132.0,2133.0,2123.0,2123.0,2124.0,7880.0,7880.0,7893.0,1957.0,1957.0,2011.0,2132.0,2132.0,2133.0
0.0,19663.0,6496.0,6400.0,1943.0,10490.0,3474.0,3474.0,3542.0,2133.0,2133.0,2134.0,2165.0,2165.0,2166.0,6571.0,6571.0,6521.0,3474.0,3474.0,3542.0,2133.0,2133.0,2134.0
0.0,15110.0,6432.0,6403.0,5925.0,11009.0,3665.0,3665.0,3679.0,2134.0,2134.0,2135.0,2144.0,2144.0,2144.0,5058.0,5058.0,4994.0,3665.0,3665.0,3679.0,2134.0,2134.0,2135.0
0.0,14603.0,6259.0,6403.0,10490.0,6778.0,2277.0,2277.0,2224.0,2134.0,2134.0,2135.0,2086.0,2086.0,2087.0,4871.0,4871.0,4861.0,2277.0,2277.0,2224.0,2134.0,2134.0,2135.0
0.0,18834.0,6319.0,6403.0,11009.0,2088.0,718.0,718.0,652.0,2134.0,2134.0,2135.0,2106.0,2106.0,2107.0,6259.0,6259.0,6316.0,718.0,718.0,652.0,2134.0,2134.0,2135.0
0.0,23524.0,6409.0,6406.0,6778.0,1731.0,581.0,581.0,569.0,2135.0,2135.0,2136.0,2136.0,2136.0,2137.0,7818.0,7818.0,7888.0,581.0,581.0,569.0,2135.0,2135.0,2136.0
0.0,23893.0,6580.0,6409.0,2088.0,6235.0,2060.0,2060.0,2115.0,2136.0,2136.0,2137.0,2193.0,2193.0,2194.0,7959.0,7959.0,7975.0,2060.0,2060.0,2115.0,2136.0,2136.0,2137.0
0.0,19401.0,6409.0,6412.0,1731.0,10925.0,3619.0,3619.0,3687.0,2137.0,2137.0,2138.0,2136.0,2136.0,2137.0,6484.0,6484.0,6433.0,3619.0,3619.0,3687.0,2137.0,2137.0,2138.0
0.0,14723.0,6478.0,6415.0,6235.0,11180.0,3722.0,3722.0,3736.0,2138.0,2138.0,2139.0,2159.0,2159.0,2160.0,4929.0,4929.0,4865.0,3722.0,3722.0,3736.0,2138.0,2138.0,2139.0
0.0,14480.0,6433.0,6415.0,10925.0,6688.0,2247.0,2247.0,2194.0,2138.0,2138.0,2139.0,2144.0,2144.0,2145.0,4830.0,4830.0,4820.0,2247.0,2247.0,2194.0,2138.0,2138.0,2139.0
0.0,18972.0,6472.0,6418.0,11180.0,1992.0,686.0,686.0,620.0,2139.0,2139.0,2140.0,2157.0,2157.0,2158.0,6305.0,6305.0,6362.0,686.0,686.0,620.0,2139.0,2139.0,2140.0
0.0,23680.0,6418.0,6418.0,6688.0,1722.0,578.0,578.0,566.0,2139.0,2139.0,2140.0,2139.0,2139.0,2140.0,7870.0,7870.0,7940.0,578.0,578.0,566.0,2139.0,2139.0,2140.0
0.0,23950.0,6556.0,6421.0,1992.0,6298.0,2081.0,2081.0,2136.0,2140.0,2140.0,2141.0,2185.0,2185.0,2186.0,7978.0,7978.0,7994.0,2081.0,2081.0,2136.0,2140.0,2140.0,2141.0
0.0,19386.0,6514.0,6424.0,1722.0,11102.0,3678.0,3678.0,3746.0,2141.0,2141.0,2142.0,2171.0,2171.0,2172.0,6479.0,6479.0,6428.0,3678.0,3678.0,3746.0,2141.0,2141.0,2142.0
0.0,14594.0,6322.0,6424.0,6298.0,11126.0,3704.0,3704.0,3718.0,2141.0,2141.0,2142.0,2107.0,2107.0,2108.0,4886.0,4886.0,4822.0,3704.0,3704.0,3718.0,2141.0,2141.0,2142.0
0.0,14570.0,6409.0,6424.0,11102.0,6433.0,2162.0,2162.0,2109.0,2141.0,2141.0,2142.0,2136.0,2136.0,2137.0,4860.0,4860.0,4850.0,2162.0,2162.0,2109.0,2141.0,2141.0,2142.0
0.0,19263.0,6403.0,6424.0,11126.0,1710.0,592.0,592.0,526.0,2141.0,2141.0,2142.0,2134.0,2134.0,2135.0,6402.0,6402.0,6459.0,592.0,592.0,526.0,2141.0,2141.0,2142.0
0.0,23986.0,6436.0,6427.0,6433.0,1725.0,579.0,579.0,567.0,2142.0,2142.0,2143.0,2145.0,2145.0,2146.0,7972.0,7972.0,8042.0,579.0,579.0,567.0,2142.0,2142.0,2143.0
0.0,23983.0,6316.0,6424.0,1710.0,6319.0,2088.0,2088.0,2143.0,2141.0,2141.0,2142.0,2105.0,2105.0,2106.0,7989.0,7989.0,8005.0,2088.0,2088.0,2143.0,2141.0,2141.0,2142.0
0.0,19377.0,6553.0,6427.0,1725.0,11159.0,3697.0,3697.0,3765.0,2142.0,2142.0,2143.0,2184.0,2184.0,2185.0,6476.0,6476.0,6425.0,3697.0,3697.0,3765.0,2142.0,2142.0,2143.0
0.0,14549.0,6547.0,6430.0,6319.0,11399.0,3795.0,3795.0,3809.0,2143.0,2143.0,2144.0,2182.0,2182.0,2183.0,4871.0,4871.0,4807.0,3795.0,3795.0,3809.0,2143.0,2143.0,2144.0
0.0,14321.0,6508.0,6430.0,11159.0,6748.0,2267.0,2267.0,2214.0,2143.0,2143.0,2144.0,2169.0,2169.0,2170.0,4777.0,4777.0,4767.0,2267.0,2267.0,2214.0,2143.0,2143.0,2144.0
0.0,18972.0,6601.0,6436.0,11399.0,1974.0,680.0,680.0,614.0,2145.0,2145.0,2146.0,2200.0,2200.0,2201.0,6305.0,6305.0,6362.0,680.0,680.0,614.0,2145.0,2145.0,2146.0
0.0,23770.0,6481.0,6436.0,6748.0,1707.0,573.0,573.0,561.0,2145.0,2145.0,2146.0,2160.0,2160.0,2161.0,7900.0,7900.0,7970.0,573.0,573.0,561.0,2145.0,2145.0,2146.0
0.0,24037.0,6553.0,6436.0,1974.0,6286.0,2077.0,2077.0,2132.0,2145.0,2145.0,2146.0,2184.0,2184.0,2185.0,8007.0,8007.0,8023.0,2077.0,2077.0,2132.0,2145.0,2145.0,2146.0
0.0,19458.0,6486.0,6439.0,1707.0,11077.0,3670.0,3670.0,3737.0,2146.0,2146.0,2147.0,2162.0,2162.0,2162.0,6503.0,6503.0,6452.0,3670.0,3670.0,3737.0,2146.0,2146.0,2147.0
0.0,14679.0,6544.0,6439.0,6286.0,11335.0,3774.0,3774.0,3787.0,2146.0,2146.0,2147.0,2181.0,2181.0,2182.0,4914.0,4914.0,4851.0,3774.0,3774.0,3787.0,2146.0,2146.0,2147.0
0.0,14421.0,6517.0,6442.0,11077.0,6787.0,2280.0,2280.0,2227.0,2147.0,2147.0,2148.0,2172.0,2172.0,2173.0,4810.0,4810.0,4801.0,2280.0,2280.0,2227.0,2147.0,2147.0,2148.0
0.0,18981.0,6550.0,6442.0,11335.0,2002.0,689.0,689.0,624.0,2147.0,2147.0,2148.0,2183.0,2183.0,2184.0,6308.0,6308.0,6365.0,689.0,689.0,624.0,2147.0,2147.0,2148.0
0.0,23766.0,6466.0,6445.0,6787.0,1693.0,568.0,568.0,557.0,2148.0,2148.0,2149.0,2155.0,2155.0,2156.0,7899.0,7899.0,7968.0,568.0,568.0,557.0,2148.0,2148.0,2149.0
0.0,24087.0,6523.0,6445.0,2002.0,6214.0,2053.0,2053.0,2108.0,2148.0,2148.0,2149.0,2174.0,2174.0,2175.0,8024.0,8024.0,8039.0,2053.0,2053.0,2108.0,2148.0,2148.0,2149.0
0.0,19566.0,6586.0,6451.0,1693.0,11131.0,3688.0,3688.0,3755.0,2150.0,2150.0,2151.0,2195.0,2195.0,2196.0,6539.0,6539.0,6488.0,3688.0,3688.0,3755.0,2150.0,2150.0,2151.0
0.0,14673.0,6484.0,6451.0,6214.0,11401.0,3796.0,3796.0,3809.0,2150.0,2150.0,2151.0,2161.0,2161.0,2162.0,4912.0,4912.0,4849.0,3796.0,3796.0,3809.0,2150.0,2150.0,2151.0
0.0,14403.0,6475.0,6451.0,11131.0,6745.0,2266.0,2266.0,2213.0,2150.0,2150.0,2151.0,2158.0,2158.0,2159.0,4804.0,4804.0,4795.0,2266.0,2266.0,2213.0,2150.0,2150.0,2151.0
0.0,19059.0,6441.0,6454.0,11401.0,1797.0,621.0,621.0,555.0,2151.0,2151.0,2152.0,2147.0,2147.0,2147.0,6334.0,6334.0,6391.0,621.0,621.0,555.0,2151.0,2151.0,2152.0
0.0,24019.0,6472.0,6454.0,6745.0,1524.0,512.0,512.0,500.0,2151.0,2151.0,2152.0,2157.0,2157.0,2158.0,7983.0,7983.0,8053.0,512.0,512.0,500.0,2151.0,2151.0,2152.0
0.0,24292.0,6490.0,6457.0,1797.0,6229.0,2058.0,2058.0,2113.0,2152.0,2152.0,2153.0,2163.0,2163.0,2164.0,8092.0,8092.0,8108.0,2058.0,2058.0,2113.0,2152.0,2152.0,2153.0
0.0,19599.0,6499.0,6457.0,1524.0,11204.0,3712.0,3712.0,3780.0,2152.0,2152.0,2153.0,2166.0,2166.0,2167.0,6550.0,6550.0,6499.0,3712.0,3712.0,3780.0,2152.0,2152.0,2153.0
0.0,14624.0,6544.0,6457.0,6229.0,11519.0,3835.0,3835.0,3849.0,2152.0,2152.0,2153.0,2181.0,2181.0,2182.0,4896.0,4896.0,4832.0,3835.0,3835.0,3849.0,2152.0,2152.0,2153.0
0.0,14309.0,6490.0,6460.0,11204.0,6817.0,2290.0,2290.0,2237.0,2153.0,2153.0,2154.0,2163.0,2163.0,2164.0,4773.0,4773.0,4763.0,2290.0,2290.0,2237.0,2153.0,2153.0,2154.0
0.0,19023.0,6577.0,6463.0,11519.0,1887.0,651.0,651.0,585.0,2154.0,2154.0,2155.0,2192.0,2192.0,2193.0,6322.0,6322.0,6379.0,651.0,651.0,585.0,2154.0,2154.0,2155.0
0.0,23965.0,6532.0,6463.0,6817.0,1602.0,538.0,538.0,526.0,2154.0,2154.0,2155.0,2177.0,2177.0,2178.0,7965.0,7965.0,8035.0,538.0,538.0,526.0,2154.0,2154.0,2155.0
0.0,24250.0,6466.0,6463.0,1887.0,6181.0,2042.0,2042.0,2097.0,2154.0,2154.0,2155.0,2155.0,2155.0,2156.0,8078.0,8078.0,8094.0,2042.0,2042.0,2097.0,2154.0,2154.0,2155.0
0.0,19671.0,6418.0,6463.0,1602.0,10997.0,3643.0,3643.0,3711.0,2154.0,2154.0,2155.0,2139.0,2139.0,2140.0,6574.0,6574.0,6523.0,3643.0,3643.0,3711.0,2154.0,2154.0,2155.0
0.0,14855.0,6462.0,6466.0,6181.0,11290.0,3759.0,3759.0,3772.0,2155.0,2155.0,2156.0,2154.0,2154.0,2154.0,4973.0,4973.0,4909.0,3759.0,3759.0,3772.0,2155.0,2155.0,2156.0
0.0,14574.0,6448.0,6463.0,10997.0,6729.0,2261.0,2261.0,2207.0,2154.0,2154.0,2155.0,2149.0,2149.0,2150.0,4861.0,4861.0,4852.0,2261.0,2261.0,2207.0,2154.0,2154.0,2155.0
0.0,19123.0,6445.0,6466.0,11290.0,1896.0,654.0,654.0,588.0,2155.0,2155.0,2156.0,2148.0,2148.0,2149.0,6355.0,6355.0,6413.0,654.0,654.0,588.0,2155.0,2155.0,2156.0
0.0,23968.0,6502.0,6466.0,6729.0,1669.0,560.0,560.0,549.0,2155.0,2155.0,2156.0,2167.0,2167.0,2168.0,7966.0,7966.0,8036.0,560.0,560.0,549.0,2155.0,2155.0,2156.0
0.0,24195.0,6406.0,6466.0,1896.0,6179.0,2041.0,2041.0,2097.0,2155.0,2155.0,2156.0,2135.0,2135.0,2136.0,8060.0,8060.0,8075.0,2041.0,2041.0,2097.0,2155.0,2155.0,2156.0
0.0,19685.0,6454.0,6469.0,1669.0,10976.0,3636.0,3636.0,3704.0,2156.0,2156.0,2157.0,2151.0,2151.0,2152.0,6579.0,6579.0,6527.0,3636.0,3636.0,3704.0,2156.0,2156.0,2157.0
0.0,14900.0,6439.0,6469.0,6179.0,11236.0,3741.0,3741.0,3754.0,2156.0,2156.0,2157.0,2146.0,2146.0,2147.0,4988.0,4988.0,4924.0,3741.0,3741.0,3754.0,2156.0,2156.0,2157.0
0.0,14640.0,6436.0,6469.0,10976.0,6696.0,2250.0,2250.0,2196.0,2156.0,2156.0,2157.0,2145.0,2145.0,2146.0,4883.0,4883.0,4874.0,2250.0,2250.0,2196.0,2156.0,2156.0,2157.0
0.0,19180.0,6478.0,6472.0,11236.0,1950.0,672.0,672.0,606.0,2157.0,2157.0,2158.0,2159.0,2159.0,2160.0,6374.0,6374.0,6432.0,672.0,672.0,606.0,2157.0,2157.0,2158.0
0.0,23938.0,6538.0,6472.0,6696.0,1792.0,601.0,601.0,590.0,2157.0,2157.0,2158.0,2179.0,2179.0,2180.0,7956.0,7956.0,8026.0,601.0,601.0,590.0,2157.0,2157.0,2158.0
0.0,24096.0,6508.0,6475.0,1950.0,6362.0,2102.0,2102.0,2158.0,2158.0,2158.0,2159.0,2169.0,2169.0,2170.0,8027.0,8027.0,8042.0,2102.0,2102.0,2158.0,2158.0,2158.0,2159.0
0.0,19538.0,6589.0,6481.0,1792.0,11183.0,3705.0,3705.0,3773.0,2160.0,2160.0,2161.0,2196.0,2196.0,2197.0,6530.0,6530.0,6478.0,3705.0,3705.0,3773.0,2160.0,2160.0,2161.0
0.0,14741.0,6385.0,6481.0,6362.0,11206.0,3731.0,3731.0,3744.0,2160.0,2160.0,2161.0,2128.0,2128.0,2129.0,4935.0,4935.0,4871.0,3731.0,3731.0,3744.0,2160.0,2160.0,2161.0
0.0,14718.0,6523.0,6484.0,11183.0,6558.0,2204.0,2204.0,2150.0,2161.0,2161.0,2162.0,2174.0,2174.0,2175.0,4909.0,4909.0,4900.0,2204.0,2204.0,2150.0,2161.0,2161.0,2162.0
0.0,19378.0,6577.0,6484.0,11206.0,1929.0,665.0,665.0,599.0,2161.0,2161.0,2162.0,2192.0,2192.0,2193.0,6440.0,6440.0,6498.0,665.0,665.0,599.0,2161.0,2161.0,2162.0
0.0,24007.0,6478.0,6484.0,6558.0,1849.0,620.0,620.0,609.0,2161.0,2161.0,2162.0,2159.0,2159.0,2160.0,7979.0,7979.0,8049.0,620.0,620.0,609.0,2161.0,2161.0,2162.0
0.0,24087.0,6436.0,6484.0,1929.0,6356.0,2100.0,2100.0,2156.0,2161.0,2161.0,2162.0,2145.0,2145.0,2146.0,8024.0,8024.0,8039.0,2100.0,2100.0,2156.0,2161.0,2161.0,2162.0
0.0,19580.0,6496.0,6486.0,1849.0,11011.0,3649.0,3649.0,3713.0,2162.0,2162.0,2162.0,2165.0,2165.0,2166.0,6544.0,6544.0,6492.0,3649.0,3649.0,3713.0,2162.0,2162.0,2162.0
0.0,14933.0,6604.0,6487.0,6356.0,11263.0,3750.0,3750.0,3763.0,2162.0,2162.0,2163.0,2201.0,2201.0,2202.0,4999.0,4999.0,4935.0,3750.0,3750.0,3763.0,2162.0,2162.0,2163.0
0.0,14685.0,6505.0,6490.0,11011.0,6769.0,2273.0,2273.0,2223.0,2163.0,2163.0,2164.0,2168.0,2168.0,2169.0,4898.0,4898.0,4889.0,2273.0,2273.0,2223.0,2163.0,2163.0,2164.0
0.0,19191.0,6691.0,6493.0,11263.0,2209.0,757.0,757.0,695.0,2164.0,2164.0,2165.0,2230.0,2230.0,2231.0,6379.0,6379.0,6433.0,757.0,757.0,695.0,2164.0,2164.0,2165.0
0.0,23763.0,6517.0,6493.0,6769.0,1957.0,656.0,656.0,645.0,2164.0,2164.0,2165.0,2172.0,2172.0,2173.0,7899.0,7899.0,7965.0,656.0,656.0,645.0,2164.0,2164.0,2165.0
0.0,24015.0,6504.0,6496.0,2209.0,6264.0,2071.0,2071.0,2122.0,2165.0,2165.0,2166.0,2168.0,2168.0,2168.0,8000.0,8000.0,8015.0,2071.0,2071.0,2122.0,2165.0,2165.0,2166.0
0.0,19720.0,6526.0,6499.0,1957.0,10845.0,3594.0,3594.0,3657.0,2166.0,2166.0,2167.0,2175.0,2175.0,2176.0,6589.0,6589.0,6542.0,3594.0,3594.0,3657.0,2166.0,2166.0,2167.0
0.0,15151.0,6493.0,6499.0,6264.0,11074.0,3687.0,3687.0,3700.0,2166.0,2166.0,2167.0,2164.0,2164.0,2165.0,5070.0,5070.0,5011.0,3687.0,3687.0,3700.0,2166.0,2166.0,2167.0
0.0,14922.0,6538.0,6502.0,10845.0,6779.0,2276.0,2276.0,2227.0,2167.0,2167.0,2168.0,2179.0,2179.0,2180.0,4977.0,4977.0,4968.0,2276.0,2276.0,2227.0,2167.0,2167.0,2168.0
0.0,19229.0,6568.0,6508.0,11074.0,2297.0,786.0,786.0,725.0,2169.0,2169.0,2170.0,2189.0,2189.0,2190.0,6392.0,6392.0,6445.0,786.0,786.0,725.0,2169.0,2169.0,2170.0
0.0,23735.0,6598.0,6508.0,6779.0,2116.0,709.0,709.0,698.0,2169.0,2169.0,2170.0,2199.0,2199.0,2200.0,7890.0,7890.0,7955.0,709.0,709.0,698.0,2169.0,2169.0,2170.0
0.0,23916.0,6580.0,6508.0,2297.0,6399.0,2116.0,2116.0,2167.0,2169.0,2169.0,2170.0,2193.0,2193.0,2194.0,7967.0,7967.0,7982.0,2116.0,2116.0,2167.0,2169.0,2169.0,2170.0
0.0,19633.0,6454.0,6508.0,2116.0,10737.0,3558.0,3558.0,3621.0,2169.0,2169.0,2170.0,2151.0,2151.0,2152.0,6560.0,6560.0,6513.0,3558.0,3558.0,3621.0,2169.0,2169.0,2170.0
0.0,15295.0,6517.0,6505.0,6399.0,10843.0,3610.0,3610.0,3623.0,2168.0,2168.0,2169.0,2172.0,2172.0,2173.0,5118.0,5118.0,5059.0,3610.0,3610.0,3623.0,2168.0,2168.0,2169.0
0.0,15177.0,6640.0,6508.0,10737.0,6758.0,2269.0,2269.0,2220.0,2169.0,2169.0,2170.0,2213.0,2213.0,2214.0,5062.0,5062.0,5053.0,2269.0,2269.0,2220.0,2169.0,2169.0,2170.0
0.0,19274.0,6559.0,6508.0,10843.0,2474.0,845.0,845.0,784.0,2169.0,2169.0,2170.0,2186.0,2186.0,2187.0,6407.0,6407.0,6460.0,845.0,845.0,784.0,2169.0,2169.0,2170.0
0.0,23558.0,6562.0,6511.0,6758.0,2290.0,767.0,767.0,756.0,2170.0,2170.0,2171.0,2187.0,2187.0,2188.0,7831.0,7831.0,7896.0,767.0,767.0,756.0,2170.0,2170.0,2171.0
0.0,23754.0,6565.0,6511.0,2474.0,6381.0,2110.0,2110.0,2161.0,2170.0,2170.0,2171.0,2188.0,2188.0,2189.0,7913.0,7913.0,7928.0,2110.0,2110.0,2161.0,2170.0,2170.0,2171.0
0.0,19663.0,6661.0,6514.0,2290.0,10764.0,3567.0,3567.0,3630.0,2171.0,2171.0,2172.0,2220.0,2220.0,2221.0,6570.0,6570.0,6523.0,3567.0,3567.0,3630.0,2171.0,2171.0,2172.0
0.0,15292.0,6670.0,6517.0,6381.0,11065.0,3684.0,3684.0,3697.0,2172.0,2172.0,2173.0,2223.0,2223.0,2224.0,5117.0,5117.0,5058.0,3684.0,3684.0,3697.0,2172.0,2172.0,2173.0
0.0,15003.0,6721.0,6520.0,10764.0,7034.0,2361.0,2361.0,2312.0,2173.0,2173.0,2174.0,2240.0,2240.0,2241.0,5004.0,5004.0,4995.0,2361.0,2361.0,2312.0,2173.0,2173.0,2174.0
0.0,19046.0,6679.0,6523.0,11065.0,2660.0,907.0,907.0,846.0,2174.0,2174.0,2175.0,2226.0,2226.0,2227.0,6331.0,6331.0,6384.0,907.0,907.0,846.0,2174.0,2174.0,2175.0
0.0,23432.0,6601.0,6523.0,7034.0,2227.0,746.0,746.0,735.0,2174.0,2174.0,2175.0,2200.0,2200.0,2201.0,7789.0,7789.0,7854.0,746.0,746.0,735.0,2174.0,2174.0,2175.0
0.0,23865.0,6520.0,6525.0,2660.0,6095.0,2016.0,2016.0,2063.0,2175.0,2175.0,2175.0,2173.0,2173.0,2174.0,7950.0,7950.0,7965.0,2016.0,2016.0,2063.0,2175.0,2175.0,2175.0
0.0,20005.0,6652.0,6529.0,2227.0,10536.0,3491.0,3491.0,3554.0,2176.0,2176.0,2177.0,2217.0,2217.0,2218.0,6684.0,6684.0,6637.0,3491.0,3491.0,3554.0,2176.0,2176.0,2177.0
0.0,15580.0,6559.0,6529.0,6095.0,11000.0,3661.0,3661.0,3678.0,2176.0,2176.0,2177.0,2186.0,2186.0,2187.0,5213.0,5213.0,5154.0,3661.0,3661.0,3678.0,2176.0,2176.0,2177.0
0.0,15116.0,6580.0,6532.0,10536.0,7056.0,2367.0,2367.0,2322.0,2177.0,2177.0,2178.0,2193.0,2193.0,2194.0,5043.0,5043.0,5030.0,2367.0,2367.0,2322.0,2177.0,2177.0,2178.0
0.0,19072.0,6631.0,6535.0,11000.0,2699.0,920.0,920.0,859.0,2178.0,2178.0,2179.0,2210.0,2210.0,2211.0,6341.0,6341.0,6390.0,920.0,920.0,859.0,2178.0,2178.0,2179.0
0.0,23441.0,6571.0,6535.0,7056.0,2214.0,743.0,743.0,728.0,2178.0,2178.0,2179.0,2190.0,2190.0,2191.0,7792.0,7792.0,7857.0,743.0,743.0,728.0,2178.0,2178.0,2179.0
0.0,23926.0,6505.0,6535.0,2699.0,6020.0,1991.0,1991.0,2038.0,2178.0,2178.0,2179.0,2168.0,2168.0,2169.0,7969.0,7969.0,7988.0,1991.0,1991.0,2038.0,2178.0,2178.0,2179.0
0.0,20120.0,6592.0,6538.0,2214.0,10410.0,3449.0,3449.0,3512.0,2179.0,2179.0,2180.0,2197.0,2197.0,2198.0,6721.0,6721.0,6678.0,3449.0,3449.0,3512.0,2179.0,2179.0,2180.0
0.0,15742.0,6520.0,6537.0,6020.0,10906.0,3631.0,3631.0,3644.0,2179.0,2179.0,2179.0,2173.0,2173.0,2174.0,5267.0,5267.0,5208.0,3631.0,3631.0,3644.0,2179.0,2179.0,2179.0
0.0,15242.0,6466.0,6535.0,10410.0,6954.0,2333.0,2333.0,2288.0,2178.0,2178.0,2179.0,2155.0,2155.0,2156.0,5085.0,5085.0,5072.0,2333.0,2333.0,2288.0,2178.0,2178.0,2179.0
0.0,19186.0,6472.0,6535.0,10906.0,2520.0,859.0,859.0,802.0,2178.0,2178.0,2179.0,2157.0,2157.0,2158.0,6379.0,6379.0,6428.0,859.0,859.0,802.0,2178.0,2178.0,2179.0
0.0,23620.0,6616.0,6538.0,6954.0,2194.0,735.0,735.0,724.0,2179.0,2179.0,2180.0,2205.0,2205.0,2206.0,7853.0,7853.0,7914.0,735.0,735.0,724.0,2179.0,2179.0,2180.0
0.0,23958.0,6673.0,6544.0,2520.0,6371.0,2108.0,2108.0,2155.0,2181.0,2181.0,2182.0,2224.0,2224.0,2225.0,7981.0,7981.0,7996.0,2108.0,2108.0,2155.0,2181.0,2181.0,2182.0
0.0,19805.0,6454.0,6544.0,2194.0,10631.0,3524.0,3524.0,3583.0,2181.0,2181.0,2182.0,2151.0,2151.0,2152.0,6616.0,6616.0,6573.0,3524.0,3524.0,3583.0,2181.0,2181.0,2182.0
0.0,15545.0,6631.0,6547.0,6371.0,10903.0,3630.0,3630.0,3643.0,2182.0,2182.0,2183.0,2210.0,2210.0,2211.0,5200.0,5200.0,5145.0,3630.0,3630.0,3643.0,2182.0,2182.0,2183.0
0.0,15285.0,6496.0,6547.0,10631.0,6768.0,2271.0,2271.0,2226.0,2182.0,2182.0,2183.0,2165.0,2165.0,2166.0,5098.0,5098.0,5089.0,2271.0,2271.0,2226.0,2182.0,2182.0,2183.0
0.0,19420.0,6604.0,6550.0,10903.0,2481.0,846.0,846.0,789.0,2183.0,2183.0,2184.0,2201.0,2201.0,2202.0,6457.0,6457.0,6506.0,846.0,846.0,789.0,2183.0,2183.0,2184.0
0.0,23719.0,6550.0,6553.0,6768.0,2275.0,762.0,762.0,751.0,2184.0,2184.0,2185.0,2183.0,2183.0,2184.0,7886.0,7886.0,7947.0,762.0,762.0,751.0,2184.0,2184.0,2185.0
0.0,23937.0,6541.0,6553.0,2481.0,6335.0,2096.0,2096.0,2143.0,2184.0,2184.0,2185.0,2180.0,2180.0,2181.0,7974.0,7974.0,7989.0,2096.0,2096.0,2143.0,2184.0,2184.0,2185.0
0.0,19877.0,6529.0,6556.0,2275.0,10601.0,3514.0,3514.0,3573.0,2185.0,2185.0,2186.0,2176.0,2176.0,2177.0,6640.0,6640.0,6597.0,3514.0,3514.0,3573.0,2185.0,2185.0,2186.0
0.0,15623.0,6694.0,6559.0,6335.0,10972.0,3653.0,3653.0,3666.0,2186.0,2186.0,2187.0,2231.0,2231.0,2232.0,5226.0,5226.0,5171.0,3653.0,3653.0,3666.0,2186.0,2186.0,2187.0
0.0,15264.0,6520.0,6559.0,10601.0,6891.0,2312.0,2312.0,2267.0,2186.0,2186.0,2187.0,2173.0,2173.0,2174.0,5091.0,5091.0,5082.0,2312.0,2312.0,2267.0,2186.0,2186.0,2187.0
0.0,19345.0,6415.0,6559.0,10972.0,2334.0,797.0,797.0,740.0,2186.0,2186.0,2187.0,2138.0,2138.0,2139.0,6432.0,6432.0,6481.0,797.0,797.0,740.0,2186.0,2186.0,2187.0
0.0,23902.0,6541.0,6556.0,6891.0,1972.0,661.0,661.0,650.0,2185.0,2185.0,2186.0,2180.0,2180.0,2181.0,7947.0,7947.0,8008.0,661.0,661.0,650.0,2185.0,2185.0,2186.0
0.0,24252.0,6453.0,6559.0,2334.0,6103.0,2019.0,2019.0,2065.0,2186.0,2186.0,2187.0,2151.0,2151.0,2151.0,8079.0,8079.0,8094.0,2019.0,2019.0,2065.0,2186.0,2186.0,2187.0
0.0,20133.0,6538.0,6559.0,1972.0,10669.0,3537.0,3537.0,3595.0,2186.0,2186.0,2187.0,2179.0,2179.0,2180.0,6725.0,6725.0,6683.0,3537.0,3537.0,3595.0,2186.0,2186.0,2187.0
0.0,15567.0,6577.0,6559.0,6103.0,11143.0,3710.0,3710.0,3723.0,2186.0,2186.0,2187.0,2192.0,2192.0,2193.0,5207.0,5207.0,5153.0,3710.0,3710.0,3723.0,2186.0,2186.0,2187.0
0.0,15093.0,6553.0,6559.0,10669.0,7027.0,2357.0,2357.0,2313.0,2186.0,2186.0,2187.0,2184.0,2184.0,2185.0,5034.0,5034.0,5025.0,2357.0,2357.0,2313.0,2186.0,2186.0,2187.0
0.0,19209.0,6562.0,6562.0,11143.0,2458.0,838.0,838.0,782.0,2187.0,2187.0,2188.0,2187.0,2187.0,2188.0,6387.0,6387.0,6435.0,838.0,838.0,782.0,2187.0,2187.0,2188.0
0.0,23790.0,6613.0,6565.0,7027.0,2056.0,689.0,689.0,678.0,2188.0,2188.0,2189.0,2204.0,2204.0,2205.0,7910.0,7910.0,7970.0,689.0,689.0,678.0,2188.0,2188.0,2189.0
0.0,24204.0,6547.0,6565.0,2458.0,6145.0,2033.0,2033.0,2079.0,2188.0,2188.0,2189.0,2182.0,2182.0,2183.0,8063.0,8063.0,8078.0,2033.0,2033.0,2079.0,2188.0,2188.0,2189.0
0.0,20115.0,6676.0,6568.0,2056.0,10777.0,3573.0,3573.0,3631.0,2189.0,2189.0,2190.0,2225.0,2225.0,2226.0,6719.0,6719.0,6677.0,3573.0,3573.0,3631.0,2189.0,2189.0,2190.0
0.0,15495.0,6571.0,6565.0,6145.0,11191.0,3726.0,3726.0,3739.0,2188.0,2188.0,2189.0,2190.0,2190.0,2191.0,5183.0,5183.0,5129.0,3726.0,3726.0,3739.0,2188.0,2188.0,2189.0
0.0,15069.0,6586.0,6565.0,10777.0,7000.0,2348.0,2348.0,2304.0,2188.0,2188.0,2189.0,2195.0,2195.0,2196.0,5026.0,5026.0,5017.0,2348.0,2348.0,2304.0,2188.0,2188.0,2189.0
0.0,19260.0,6637.0,6568.0,11191.0,2458.0,838.0,838.0,782.0,2189.0,2189.0,2190.0,2212.0,2212.0,2213.0,6404.0,6404.0,6452.0,838.0,838.0,782.0,2189.0,2189.0,2190.0
0.0,23814.0,6592.0,6571.0,7000.0,2062.0,691.0,691.0,680.0,2190.0,2190.0,2191.0,2197.0,2197.0,2198.0,7918.0,7918.0,7978.0,691.0,691.0,680.0,2190.0,2190.0,2191.0
0.0,24222.0,6541.0,6571.0,2458.0,6145.0,2033.0,2033.0,2079.0,2190.0,2190.0,2191.0,2180.0,2180.0,2181.0,8069.0,8069.0,8084.0,2033.0,2033.0,2079.0,2190.0,2190.0,2191.0
0.0,20139.0,6583.0,6571.0,2062.0,10666.0,3536.0,3536.0,3594.0,2190.0,2190.0,2191.0,2194.0,2194.0,2195.0,6727.0,6727.0,6685.0,3536.0,3536.0,3594.0,2190.0,2190.0,2191.0
0.0,15618.0,6537.0,6571.0,6145.0,11058.0,3682.0,3682.0,3694.0,2190.0,2190.0,2191.0,2179.0,2179.0,2179.0,5224.0,5224.0,5170.0,3682.0,3682.0,3694.0,2190.0,2190.0,2191.0
0.0,15226.0,6628.0,6571.0,10666.0,7020.0,2355.0,2355.0,2310.0,2190.0,2190.0,2191.0,2209.0,2209.0,2210.0,5078.0,5078.0,5070.0,2355.0,2355.0,2310.0,2190.0,2190.0,2191.0
0.0,19264.0,6577.0,6571.0,11058.0,2539.0,865.0,865.0,809.0,2190.0,2190.0,2191.0,2192.0,2192.0,2193.0,6405.0,6405.0,6454.0,865.0,865.0,809.0,2190.0,2190.0,2191.0
0.0,23745.0,6667.0,6577.0,7020.0,2210.0,740.0,740.0,730.0,2192.0,2192.0,2193.0,2222.0,2222.0,2223.0,7895.0,7895.0,7955.0,740.0,740.0,730.0,2192.0,2192.0,2193.0
0.0,24098.0,6436.0,6574.0,2539.0,6095.0,2016.0,2016.0,2063.0,2191.0,2191.0,2192.0,2145.0,2145.0,2146.0,8028.0,8028.0,8042.0,2016.0,2016.0,2063.0,2191.0,2191.0,2192.0
0.0,20201.0,6655.0,6574.0,2210.0,10540.0,3494.0,3494.0,3552.0,2191.0,2191.0,2192.0,2218.0,2218.0,2219.0,6748.0,6748.0,6705.0,3494.0,3494.0,3552.0,2191.0,2191.0,2192.0
0.0,15756.0,6658.0,6577.0,6095.0,11115.0,3701.0,3701.0,3713.0,2192.0,2192.0,2193.0,2219.0,2219.0,2220.0,5270.0,5270.0,5216.0,3701.0,3701.0,3713.0,2192.0,2192.0,2193.0
0.0,15193.0,6474.0,6574.0,10540.0,7037.0,2361.0,2361.0,2315.0,2191.0,2191.0,2192.0,2158.0,2158.0,2158.0,5067.0,5067.0,5059.0,2361.0,2361.0,2315.0,2191.0,2191.0,2192.0
0.0,19259.0,6655.0,6577.0,11115.0,2589.0,882.0,882.0,825.0,2192.0,2192.0,2193.0,2218.0,2218.0,2219.0,6403.0,6403.0,6453.0,882.0,882.0,825.0,2192.0,2192.0,2193.0
0.0,23719.0,6640.0,6577.0,7037.0,2192.0,734.0,734.0,724.0,2192.0,2192.0,2193.0,2213.0,2213.0,2214.0,7886.0,7886.0,7947.0,734.0,734.0,724.0,2192.0,2192.0,2193.0
0.0,24116.0,6655.0,6577.0,2589.0,6258.0,2070.0,2070.0,2118.0,2192.0,2192.0,2193.0,2218.0,2218.0,2219.0,8034.0,8034.0,8048.0,2070.0,2070.0,2118.0,2192.0,2192.0,2193.0
0.0,20050.0,6697.0,6574.0,2192.0,10751.0,3564.0,3564.0,3623.0,2191.0,2191.0,2192.0,2232.0,2232.0,2233.0,6698.0,6698.0,6654.0,3564.0,3564.0,3623.0,2191.0,2191.0,2192.0
0.0,15545.0,6751.0,6577.0,6258.0,11256.0,3748.0,3748.0,3760.0,2192.0,2192.0,2193.0,2250.0,2250.0,2251.0,5200.0,5200.0,5145.0,3748.0,3748.0,3760.0,2192.0,2192.0,2193.0
0.0,15052.0,6529.0,6574.0,10751.0,7022.0,2356.0,2356.0,2310.0,2191.0,2191.0,2192.0,2176.0,2176.0,2177.0,5020.0,5020.0,5012.0,2356.0,2356.0,2310.0,2191.0,2191.0,2192.0
0.0,19274.0,6673.0,6577.0,11256.0,2451.0,836.0,836.0,779.0,2192.0,2192.0,2193.0,2224.0,2224.0,2225.0,6408.0,6408.0,6458.0,836.0,836.0,779.0,2192.0,2192.0,2193.0
0.0,23857.0,6604.0,6577.0,7022.0,2033.0,681.0,681.0,671.0,2192.0,2192.0,2193.0,2201.0,2201.0,2202.0,7932.0,7932.0,7993.0,681.0,681.0,671.0,2192.0,2192.0,2193.0
0.0,24275.0,6703.0,6580.0,2451.0,6297.0,2083.0,2083.0,2131.0,2193.0,2193.0,2194.0,2234.0,2234.0,2235.0,8087.0,8087.0,8101.0,2083.0,2083.0,2131.0,2193.0,2193.0,2194.0
0.0,20023.0,6532.0,6580.0,2033.0,10796.0,3579.0,3579.0,3638.0,2193.0,2193.0,2194.0,2177.0,2177.0,2178.0,6689.0,6689.0,6645.0,3579.0,3579.0,3638.0,2193.0,2193.0,2194.0
0.0,15524.0,6511.0,6577.0,6297.0,10998.0,3662.0,3662.0,3674.0,2192.0,2192.0,2193.0,2170.0,2170.0,2171.0,5193.0,5193.0,5138.0,3662.0,3662.0,3674.0,2192.0,2192.0,2193.0
0.0,15310.0,6661.0,6580.0,10796.0,6875.0,2307.0,2307.0,2261.0,2193.0,2193.0,2194.0,2220.0,2220.0,2221.0,5106.0,5106.0,5098.0,2307.0,2307.0,2261.0,2193.0,2193.0,2194.0
0.0,19445.0,6640.0,6580.0,10998.0,2517.0,858.0,858.0,801.0,2193.0,2193.0,2194.0,2213.0,2213.0,2214.0,6465.0,6465.0,6515.0,858.0,858.0,801.0,2193.0,2193.0,2194.0
0.0,23803.0,6697.0,6583.0,6875.0,2351.0,787.0,787.0,777.0,2194.0,2194.0,2195.0,2232.0,2232.0,2233.0,7914.0,7914.0,7975.0,787.0,787.0,777.0,2194.0,2194.0,2195.0
0.0,23981.0,6745.0,6588.0,2517.0,6599.0,2185.0,2185.0,2229.0,2196.0,2196.0,2196.0,2248.0,2248.0,2249.0,7989.0,7989.0,8003.0,2185.0,2185.0,2229.0,2196.0,2196.0,2196.0
0.0,19753.0,6667.0,6592.0,2351.0,10931.0,3624.0,3624.0,3683.0,2197.0,2197.0,2198.0,2222.0,2222.0,2223.0,6599.0,6599.0,6555.0,3624.0,3624.0,3683.0,2197.0,2197.0,2198.0
0.0,15437.0,6748.0,6598.0,6599.0,11104.0,3696.0,3696.0,3712.0,2199.0,2199.0,2200.0,2249.0,2249.0,2250.0,5164.0,5164.0,5109.0,3696.0,3696.0,3712.0,2199.0,2199.0,2200.0
0.0,15288.0,6607.0,6598.0,10931.0,6780.0,2274.0,2274.0,2232.0,2199.0,2199.0,2200.0,2202.0,2202.0,2203.0,5100.0,5100.0,5088.0,2274.0,2274.0,2232.0,2199.0,2199.0,2200.0
0.0,19612.0,6586.0,6595.0,11104.0,2250.0,769.0,769.0,712.0,2198.0,2198.0,2199.0,2195.0,2195.0,2196.0,6522.0,6522.0,6568.0,769.0,769.0,712.0,2198.0,2198.0,2199.0
0.0,24130.0,6652.0,6598.0,6780.0,2134.0,716.0,716.0,702.0,2199.0,2199.0,2200.0,2217.0,2217.0,2218.0,8023.0,8023.0,8084.0,716.0,716.0,702.0,2199.0,2199.0,2200.0
0.0,24258.0,6559.0,6598.0,2250.0,6443.0,2133.0,2133.0,2177.0,2199.0,2199.0,2200.0,2186.0,2186.0,2187.0,8080.0,8080.0,8098.0,2133.0,2133.0,2177.0,2199.0,2199.0,2200.0
0.0,19949.0,6577.0,6598.0,2134.0,10886.0,3609.0,3609.0,3668.0,2199.0,2199.0,2200.0,2192.0,2192.0,2193.0,6663.0,6663.0,6623.0,3609.0,3609.0,3668.0,2199.0,2199.0,2200.0
0.0,15506.0,6634.0,6600.0,6443.0,11085.0,3691.0,3691.0,3703.0,2200.0,2200.0,2200.0,2211.0,2211.0,2212.0,5187.0,5187.0,5132.0,3691.0,3691.0,3703.0,2200.0,2200.0,2200.0
0.0,15315.0,6724.0,6604.0,10886.0,6939.0,2327.0,2327.0,2285.0,2201.0,2201.0,2202.0,2241.0,2241.0,2242.0,5109.0,5109.0,5097.0,2327.0,2327.0,2285.0,2201.0,2201.0,2202.0
0.0,19477.0,6586.0,6604.0,11085.0,2440.0,831.0,831.0,778.0,2201.0,2201.0,2202.0,2195.0,2195.0,2196.0,6477.0,6477.0,6523.0,831.0,831.0,778.0,2201.0,2201.0,2202.0
0.0,23976.0,6643.0,6607.0,6939.0,2156.0,722.0,722.0,712.0,2202.0,2202.0,2203.0,2214.0,2214.0,2215.0,7973.0,7973.0,8030.0,722.0,722.0,712.0,2202.0,2202.0,2203.0
0.0,24272.0,6649.0,6604.0,2440.0,6353.0,2103.0,2103.0,2147.0,2201.0,2201.0,2202.0,2216.0,2216.0,2217.0,8086.0,8086.0,8100.0,2103.0,2103.0,2147.0,2201.0,2201.0,2202.0
0.0,20063.0,6541.0,6606.0,2156.0,10746.0,3565.0,3565.0,3616.0,2202.0,2202.0,2202.0,2180.0,2180.0,2181.0,6701.0,6701.0,6661.0,3565.0,3565.0,3616.0,2202.0,2202.0,2202.0
0.0,15678.0,6538.0,6607.0,6353.0,10935.0,3641.0,3641.0,3653.0,2202.0,2202.0,2203.0,2179.0,2179.0,2180.0,5243.0,5243.0,5192.0,3641.0,3641.0,3653.0,2202.0,2202.0,2203.0
0.0,15493.0,6423.0,6606.0,10746.0,6608.0,2217.0,2217.0,2174.0,2202.0,2202.0,2202.0,2141.0,2141.0,2141.0,5167.0,5167.0,5159.0,2217.0,2217.0,2174.0,2202.0,2202.0,2202.0
0.0,19816.0,6661.0,6610.0,10935.0,2350.0,800.0,800.0,750.0,2203.0,2203.0,2204.0,2220.0,2220.0,2221.0,6591.0,6591.0,6634.0,800.0,800.0,750.0,2203.0,2203.0,2204.0
0.0,24090.0,6583.0,6610.0,6608.0,2325.0,777.0,777.0,771.0,2203.0,2203.0,2204.0,2194.0,2194.0,2195.0,8012.0,8012.0,8066.0,777.0,777.0,771.0,2203.0,2203.0,2204.0
0.0,24115.0,6595.0,6610.0,2350.0,6570.0,2175.0,2175.0,2220.0,2203.0,2203.0,2204.0,2198.0,2198.0,2199.0,8035.0,8035.0,8045.0,2175.0,2175.0,2220.0,2203.0,2203.0,2204.0
0.0,19870.0,6622.0,6613.0,2325.0,10879.0,3609.0,3609.0,3661.0,2204.0,2204.0,2205.0,2207.0,2207.0,2208.0,6637.0,6637.0,6596.0,3609.0,3609.0,3661.0,2204.0,2204.0,2205.0
0.0,15573.0,6556.0,6613.0,6570.0,10865.0,3619.0,3619.0,3627.0,2204.0,2204.0,2205.0,2185.0,2185.0,2186.0,5207.0,5207.0,5159.0,3619.0,3619.0,3627.0,2204.0,2204.0,2205.0
0.0,15587.0,6556.0,6610.0,10879.0,6530.0,2191.0,2191.0,2148.0,2203.0,2203.0,2204.0,2185.0,2185.0,2186.0,5197.0,5197.0,5193.0,2191.0,2191.0,2148.0,2203.0,2203.0,2204.0
0.0,19910.0,6688.0,6613.0,10865.0,2365.0,805.0,805.0,755.0,2204.0,2204.0,2205.0,2229.0,2229.0,2230.0,6621.0,6621.0,6668.0,805.0,805.0,755.0,2204.0,2204.0,2205.0
0.0,24087.0,6550.0,6610.0,6530.0,2373.0,793.0,793.0,787.0,2203.0,2203.0,2204.0,2183.0,2183.0,2184.0,8011.0,8011.0,8065.0,793.0,793.0,787.0,2203.0,2203.0,2204.0
0.0,24067.0,6748.0,6615.0,2365.0,6776.0,2245.0,2245.0,2286.0,2205.0,2205.0,2205.0,2249.0,2249.0,2250.0,8019.0,8019.0,8029.0,2245.0,2245.0,2286.0,2205.0,2205.0,2205.0
0.0,19684.0,6589.0,6616.0,2373.0,10996.0,3648.0,3648.0,3700.0,2205.0,2205.0,2206.0,2196.0,2196.0,2197.0,6575.0,6575.0,6534.0,3648.0,3648.0,3700.0,2205.0,2205.0,2206.0
0.0,15468.0,6631.0,6615.0,6776.0,10847.0,3613.0,3613.0,3621.0,2205.0,2205.0,2205.0,2210.0,2210.0,2211.0,5172.0,5172.0,5124.0,3613.0,3613.0,3621.0,2205.0,2205.0,2205.0
0.0,15613.0,6649.0,6616.0,10996.0,6504.0,2181.0,2181.0,2142.0,2205.0,2205.0,2206.0,2216.0,2216.0,2217.0,5207.0,5207.0,5199.0,2181.0,2181.0,2142.0,2205.0,2205.0,2206.0
0.0,19960.0,6601.0,6616.0,10847.0,2258.0,768.0,768.0,722.0,2205.0,2205.0,2206.0,2200.0,2200.0,2201.0,6639.0,6639.0,6682.0,768.0,768.0,722.0,2205.0,2205.0,2206.0
0.0,24206.0,6739.0,6619.0,6504.0,2505.0,837.0,837.0,831.0,2206.0,2206.0,2207.0,2246.0,2246.0,2247.0,8052.0,8052.0,8102.0,837.0,837.0,831.0,2206.0,2206.0,2207.0
0.0,23971.0,6610.0,6622.0,2258.0,6869.0,2276.0,2276.0,2317.0,2207.0,2207.0,2208.0,2203.0,2203.0,2204.0,7987.0,7987.0,7997.0,2276.0,2276.0,2317.0,2207.0,2207.0,2208.0
0.0,19619.0,6688.0,6622.0,2505.0,11052.0,3668.0,3668.0,3716.0,2207.0,2207.0,2208.0,2229.0,2229.0,2230.0,6552.0,6552.0,6515.0,3668.0,3668.0,3716.0,2207.0,2207.0,2208.0
0.0,15436.0,6646.0,6625.0,6869.0,10841.0,3611.0,3611.0,3619.0,2208.0,2208.0,2209.0,2215.0,2215.0,2216.0,5160.0,5160.0,5116.0,3611.0,3611.0,3619.0,2208.0,2208.0,2209.0
0.0,15659.0,6715.0,6625.0,11052.0,6504.0,2181.0,2181.0,2142.0,2208.0,2208.0,2209.0,2238.0,2238.0,2239.0,5221.0,5221.0,5217.0,2181.0,2181.0,2142.0,2208.0,2208.0,2209.0
0.0,19996.0,6724.0,6631.0,10841.0,2411.0,819.0,819.0,773.0,2210.0,2210.0,2211.0,2241.0,2241.0,2242.0,6651.0,6651.0,6694.0,819.0,819.0,773.0,2210.0,2210.0,2211.0
0.0,24113.0,6673.0,6631.0,6504.0,2580.0,862.0,862.0,856.0,2210.0,2210.0,2211.0,2224.0,2224.0,2225.0,8021.0,8021.0,8071.0,862.0,862.0,856.0,2210.0,2210.0,2211.0
0.0,23944.0,6601.0,6628.0,2411.0,6758.0,2239.0,2239.0,2280.0,2209.0,2209.0,2210.0,2200.0,2200.0,2201.0,7978.0,7978.0,7988.0,2239.0,2239.0,2280.0,2209.0,2209.0,2210.0
0.0,19754.0,6724.0,6634.0,2580.0,10926.0,3626.0,3626.0,3674.0,2211.0,2211.0,2212.0,2241.0,2241.0,2242.0,6597.0,6597.0,6560.0,3626.0,3626.0,3674.0,2211.0,2211.0,2212.0
0.0,15610.0,6751.0,6637.0,6758.0,10931.0,3641.0,3641.0,3649.0,2212.0,2212.0,2213.0,2250.0,2250.0,2251.0,5218.0,5218.0,5174.0,3641.0,3641.0,3649.0,2212.0,2212.0,2213.0
0.0,15617.0,6736.0,6637.0,10926.0,6741.0,2260.0,2260.0,2221.0,2212.0,2212.0,2213.0,2245.0,2245.0,2246.0,5207.0,5207.0,5203.0,2260.0,2260.0,2221.0,2212.0,2212.0,2213.0
0.0,19807.0,6778.0,6640.0,10931.0,2600.0,882.0,882.0,836.0,2213.0,2213.0,2214.0,2259.0,2259.0,2260.0,6588.0,6588.0,6631.0,882.0,882.0,836.0,2213.0,2213.0,2214.0
0.0,23960.0,6703.0,6640.0,6741.0,2562.0,856.0,856.0,850.0,2213.0,2213.0,2214.0,2234.0,2234.0,2235.0,7970.0,7970.0,8020.0,856.0,856.0,850.0,2213.0,2213.0,2214.0
0.0,23998.0,6574.0,6637.0,2600.0,6524.0,2161.0,2161.0,2202.0,2212.0,2212.0,2213.0,2191.0,2191.0,2192.0,7996.0,7996.0,8006.0,2161.0,2161.0,2202.0,2212.0,2212.0,2213.0
0.0,20024.0,6670.0,6640.0,2562.0,10644.0,3532.0,3532.0,3580.0,2213.0,2213.0,2214.0,2223.0,2223.0,2224.0,6687.0,6687.0,6650.0,3532.0,3532.0,3580.0,2213.0,2213.0,2214.0
0.0,15916.0,6739.0,6640.0,6524.0,10859.0,3617.0,3617.0,3625.0,2213.0,2213.0,2214.0,2246.0,2246.0,2247.0,5320.0,5320.0,5276.0,3617.0,3617.0,3625.0,2213.0,2213.0,2214.0
0.0,15701.0,6856.0,6646.0,10644.0,7095.0,2378.0,2378.0,2339.0,2215.0,2215.0,2216.0,2285.0,2285.0,2286.0,5235.0,5235.0,5231.0,2378.0,2378.0,2339.0,2215.0,2215.0,2216.0
0.0,19489.0,6775.0,6646.0,10859.0,3011.0,1019.0,1019.0,973.0,2215.0,2215.0,2216.0,2258.0,2258.0,2259.0,6482.0,6482.0,6525.0,1019.0,1019.0,973.0,2215.0,2215.0,2216.0
0.0,23573.0,6685.0,6649.0,7095.0,2613.0,873.0,873.0,867.0,2216.0,2216.0,2217.0,2228.0,2228.0,2229.0,7841.0,7841.0,7891.0,873.0,873.0,867.0,2216.0,2216.0,2217.0
0.0,23983.0,6751.0,6655.0,3011.0,6377.0,2112.0,2112.0,2153.0,2218.0,2218.0,2219.0,2250.0,2250.0,2251.0,7991.0,7991.0,8001.0,2112.0,2112.0,2153.0,2218.0,2218.0,2219.0
0.0,20243.0,6742.0,6655.0,2613.0,10506.0,3486.0,3486.0,3534.0,2218.0,2218.0,2219.0,2247.0,2247.0,2248.0,6760.0,6760.0,6723.0,3486.0,3486.0,3534.0,2218.0,2218.0,2219.0
0.0,16114.0,6724.0,6658.0,6377.0,10865.0,3619.0,3619.0,3627.0,2219.0,2219.0,2220.0,2241.0,2241.0,2242.0,5386.0,5386.0,5342.0,3619.0,3619.0,3627.0,2219.0,2219.0,2220.0
0.0,15767.0,6640.0,6658.0,10506.0,6999.0,2346.0,2346.0,2307.0,2219.0,2219.0,2220.0,2213.0,2213.0,2214.0,5257.0,5257.0,5253.0,2346.0,2346.0,2307.0,2219.0,2219.0,2220.0
0.0,19633.0,6760.0,6658.0,10865.0,2894.0,980.0,980.0,934.0,2219.0,2219.0,2220.0,2253.0,2253.0,2254.0,6530.0,6530.0,6573.0,980.0,980.0,934.0,2219.0,2219.0,2220.0
0.0,23738.0,6679.0,6658.0,6999.0,2574.0,860.0,860.0,854.0,2219.0,2219.0,2220.0,2226.0,2226.0,2227.0,7896.0,7896.0,7946.0,860.0,860.0,854.0,2219.0,2219.0,2220.0
0.0,24058.0,6736.0,6658.0,2894.0,6416.0,2125.0,2125.0,2166.0,2219.0,2219.0,2220.0,2245.0,2245.0,2246.0,8016.0,8016.0,8026.0,2125.0,2125.0,2166.0,2219.0,2219.0,2220.0
0.0,20216.0,6643.0,6658.0,2574.0,10485.0,3479.0,3479.0,3527.0,2219.0,2219.0,2220.0,2214.0,2214.0,2215.0,6751.0,6751.0,6714.0,3479.0,3479.0,3527.0,2219.0,2219.0,2220.0
0.0,16147.0,6799.0,6661.0,6416.0,10880.0,3624.0,3624.0,3632.0,2220.0,2220.0,2221.0,2266.0,2266.0,2267.0,5397.0,5397.0,5353.0,3624.0,3624.0,3632.0,2220.0,2220.0,2221.0
0.0,15764.0,6703.0,6664.0,10485.0,7110.0,2383.0,2383.0,2344.0,2221.0,2221.0,2222.0,2234.0,2234.0,2235.0,5256.0,5256.0,5252.0,2383.0,2383.0,2344.0,2221.0,2221.0,2222.0
0.0,19546.0,6724.0,6667.0,10880.0,2966.0,1004.0,1004.0,958.0,2222.0,2222.0,2223.0,2241.0,2241.0,2242.0,6501.0,6501.0,6544.0,1004.0,1004.0,958.0,2222.0,2222.0,2223.0
0.0,23702.0,6715.0,6670.0,7110.0,2583.0,863.0,863.0,857.0,2223.0,2223.0,2224.0,2238.0,2238.0,2239.0,7884.0,7884.0,7934.0,863.0,863.0,857.0,2223.0,2223.0,2224.0
0.0,24097.0,6642.0,6670.0,2966.0,6259.0,2073.0,2073.0,2113.0,2223.0,2223.0,2224.0,2214.0,2214.0,2214.0,8029.0,8029.0,8039.0,2073.0,2073.0,2113.0,2223.0,2223.0,2224.0
0.0,20421.0,6670.0,6667.0,2583.0,10334.0,3429.0,3429.0,3476.0,2222.0,2222.0,2223.0,2223.0,2223.0,2224.0,6819.0,6819.0,6783.0,3429.0,3429.0,3476.0,2222.0,2222.0,2223.0
0.0,16334.0,6676.0,6670.0,6259.0,10763.0,3585.0,3585.0,3593.0,2223.0,2223.0,2224.0,2225.0,2225.0,2226.0,5459.0,5459.0,5416.0,3585.0,3585.0,3593.0,2223.0,2223.0,2224.0
0.0,15917.0,6724.0,6670.0,10334.0,7153.0,2397.0,2397.0,2359.0,2223.0,2223.0,2224.0,2241.0,2241.0,2242.0,5307.0,5307.0,5303.0,2397.0,2397.0,2359.0,2223.0,2223.0,2224.0
0.0,19527.0,6673.0,6672.0,10763.0,3071.0,1040.0,1040.0,991.0,2224.0,2224.0,2224.0,2224.0,2224.0,2225.0,6495.0,6495.0,6537.0,1040.0,1040.0,991.0,2224.0,2224.0,2224.0
0.0,23617.0,6595.0,6673.0,7153.0,2517.0,841.0,841.0,835.0,2224.0,2224.0,2225.0,2198.0,2198.0,2199.0,7856.0,7856.0,7905.0,841.0,841.0,835.0,2224.0,2224.0,2225.0
0.0,24175.0,6709.0,6676.0,3071.0,6167.0,2041.0,2041.0,2085.0,2225.0,2225.0,2226.0,2236.0,2236.0,2237.0,8055.0,8055.0,8065.0,2041.0,2041.0,2085.0,2225.0,2225.0,2226.0
0.0,20537.0,6649.0,6679.0,2517.0,10311.0,3420.0,3420.0,3471.0,2226.0,2226.0,2227.0,2216.0,2216.0,2217.0,6859.0,6859.0,6819.0,3420.0,3420.0,3471.0,2226.0,2226.0,2227.0
0.0,16405.0,6751.0,6682.0,6167.0,10907.0,3633.0,3633.0,3641.0,2227.0,2227.0,2228.0,2250.0,2250.0,2251.0,5484.0,5484.0,5437.0,3633.0,3633.0,3641.0,2227.0,2227.0,2228.0
0.0,15821.0,6580.0,6682.0,10311.0,7176.0,2406.0,2406.0,2364.0,2227.0,2227.0,2228.0,2193.0,2193.0,2194.0,5275.0,5275.0,5271.0,2406.0,2406.0,2364.0,2227.0,2227.0,2228.0
0.0,19552.0,6613.0,6682.0,10907.0,2882.0,977.0,977.0,928.0,2227.0,2227.0,2228.0,2204.0,2204.0,2205.0,6502.0,6502.0,6548.0,977.0,977.0,928.0,2227.0,2227.0,2228.0
0.0,23846.0,6673.0,6682.0,7176.0,2379.0,795.0,795.0,789.0,2227.0,2227.0,2228.0,2224.0,2224.0,2225.0,7931.0,7931.0,7984.0,795.0,795.0,789.0,2227.0,2227.0,2228.0
0.0,24349.0,6730.0,6688.0,2882.0,6251.0,2069.0,2069.0,2113.0,2229.0,2229.0,2230.0,2243.0,2243.0,2244.0,8113.0,8113.0,8123.0,2069.0,2069.0,2113.0,2229.0,2229.0,2230.0
0.0,20501.0,6595.0,6688.0,2379.0,10467.0,3472.0,3472.0,3523.0,2229.0,2229.0,2230.0,2198.0,2198.0,2199.0,6847.0,6847.0,6807.0,3472.0,3472.0,3523.0,2229.0,2229.0,2230.0
0.0,16285.0,6705.0,6688.0,6251.0,10921.0,3638.0,3638.0,3645.0,2229.0,2229.0,2230.0,2235.0,2235.0,2235.0,5444.0,5444.0,5397.0,3638.0,3638.0,3645.0,2229.0,2229.0,2230.0
0.0,15831.0,6907.0,6694.0,10467.0,7385.0,2476.0,2476.0,2433.0,2231.0,2231.0,2232.0,2302.0,2302.0,2303.0,5278.0,5278.0,5275.0,2476.0,2476.0,2433.0,2231.0,2231.0,2232.0
0.0,19391.0,6718.0,6694.0,10921.0,3182.0,1077.0,1077.0,1028.0,2231.0,2231.0,2232.0,2239.0,2239.0,2240.0,6448.0,6448.0,6495.0,1077.0,1077.0,1028.0,2231.0,2231.0,2232.0
0.0,23594.0,6694.0,6697.0,7385.0,2503.0,836.0,836.0,831.0,2232.0,2232.0,2233.0,2231.0,2231.0,2232.0,7847.0,7847.0,7900.0,836.0,836.0,831.0,2232.0,2232.0,2233.0
0.0,24285.0,6781.0,6700.0,3182.0,6114.0,2023.0,2023.0,2068.0,2233.0,2233.0,2234.0,2260.0,2260.0,2261.0,8092.0,8092.0,8101.0,2023.0,2023.0,2068.0,2233.0,2233.0,2234.0
0.0,20686.0,6556.0,6697.0,2503.0,10155.0,3368.0,3368.0,3419.0,2232.0,2232.0,2233.0,2185.0,2185.0,2186.0,6909.0,6909.0,6868.0,3368.0,3368.0,3419.0,2232.0,2232.0,2233.0
0.0,16633.0,6682.0,6700.0,6114.0,10735.0,3576.0,3576.0,3583.0,2233.0,2233.0,2234.0,2227.0,2227.0,2228.0,5560.0,5560.0,5513.0,3576.0,3576.0,3583.0,2233.0,2233.0,2234.0
0.0,16065.0,6751.0,6700.0,10155.0,7331.0,2458.0,2458.0,2415.0,2233.0,2233.0,2234.0,2250.0,2250.0,2251.0,5356.0,5356.0,5353.0,2458.0,2458.0,2415.0,2233.0,2233.0,2234.0
0.0,19469.0,6781.0,6703.0,10735.0,3389.0,1146.0,1146.0,1097.0,2234.0,2234.0,2235.0,2260.0,2260.0,2261.0,6474.0,6474.0,6521.0,1146.0,1146.0,1097.0,2234.0,2234.0,2235.0
0.0,23423.0,6667.0,6703.0,7331.0,2725.0,910.0,910.0,905.0,2234.0,2234.0,2235.0,2222.0,2222.0,2223.0,7790.0,7790.0,7843.0,910.0,910.0,905.0,2234.0,2234.0,2235.0
0.0,24087.0,6823.0,6706.0,3389.0,6171.0,2042.0,2042.0,2087.0,2235.0,2235.0,2236.0,2274.0,2274.0,2275.0,8026.0,8026.0,8035.0,2042.0,2042.0,2087.0,2235.0,2235.0,2236.0
0.0,20653.0,6829.0,6706.0,2725.0,10275.0,3408.0,3408.0,3459.0,2235.0,2235.0,2236.0,2276.0,2276.0,2277.0,6898.0,6898.0,6857.0,3408.0,3408.0,3459.0,2235.0,2235.0,2236.0
0.0,16549.0,6886.0,6709.0,6171.0,11002.0,3665.0,3665.0,3672.0,2236.0,2236.0,2237.0,2295.0,2295.0,2296.0,5532.0,5532.0,5485.0,3665.0,3665.0,3672.0,2236.0,2236.0,2237.0
0.0,15834.0,6823.0,6712.0,10275.0,7562.0,2535.0,2535.0,2492.0,2237.0,2237.0,2238.0,2274.0,2274.0,2275.0,5279.0,5279.0,5276.0,2535.0,2535.0,2492.0,2237.0,2237.0,2238.0
0.0,19286.0,6808.0,6718.0,11002.0,3392.0,1147.0,1147.0,1098.0,2239.0,2239.0,2240.0,2269.0,2269.0,2270.0,6413.0,6413.0,6460.0,1147.0,1147.0,1098.0,2239.0,2239.0,2240.0
0.0,23480.0,6769.0,6718.0,7562.0,2599.0,868.0,868.0,863.0,2239.0,2239.0,2240.0,2256.0,2256.0,2257.0,7809.0,7809.0,7862.0,868.0,868.0,863.0,2239.0,2239.0,2240.0
0.0,24273.0,6763.0,6718.0,3392.0,5970.0,1975.0,1975.0,2020.0,2239.0,2239.0,2240.0,2254.0,2254.0,2255.0,8088.0,8088.0,8097.0,1975.0,1975.0,2020.0,2239.0,2239.0,2240.0
0.0,20902.0,6766.0,6718.0,2599.0,10137.0,3362.0,3362.0,3413.0,2239.0,2239.0,2240.0,2255.0,2255.0,2256.0,6981.0,6981.0,6940.0,3362.0,3362.0,3413.0,2239.0,2239.0,2240.0
0.0,16735.0,6778.0,6718.0,5970.0,10945.0,3646.0,3646.0,3653.0,2239.0,2239.0,2240.0,2259.0,2259.0,2260.0,5594.0,5594.0,5547.0,3646.0,3646.0,3653.0,2239.0,2239.0,2240.0
0.0,15927.0,6852.0,6721.0,10137.0,7672.0,2572.0,2572.0,2528.0,2240.0,2240.0,2241.0,2284.0,2284.0,2284.0,5310.0,5310.0,5307.0,2572.0,2572.0,2528.0,2240.0,2240.0,2241.0
0.0,19212.0,6928.0,6730.0,10945.0,3691.0,1247.0,1247.0,1197.0,2243.0,2243.0,2244.0,2309.0,2309.0,2310.0,6388.0,6388.0,6436.0,1247.0,1247.0,1197.0,2243.0,2243.0,2244.0
0.0,23229.0,6829.0,6733.0,7672.0,2860.0,955.0,955.0,950.0,2244.0,2244.0,2245.0,2276.0,2276.0,2277.0,7725.0,7725.0,7779.0,955.0,955.0,950.0,2244.0,2244.0,2245.0
0.0,24072.0,6793.0,6733.0,3691.0,5962.0,1972.0,1972.0,2018.0,2244.0,2244.0,2245.0,2264.0,2264.0,2265.0,8021.0,8021.0,8030.0,1972.0,1972.0,2018.0,2244.0,2244.0,2245.0
0.0,20970.0,6868.0,6733.0,2860.0,9970.0,3306.0,3306.0,3358.0,2244.0,2244.0,2245.0,2289.0,2289.0,2290.0,7004.0,7004.0,6962.0,3306.0,3306.0,3358.0,2244.0,2244.0,2245.0
0.0,16962.0,6808.0,6733.0,5962.0,10816.0,3603.0,3603.0,3610.0,2244.0,2244.0,2245.0,2269.0,2269.0,2270.0,5670.0,5670.0,5622.0,3603.0,3603.0,3610.0,2244.0,2244.0,2245.0
0.0,16116.0,6694.0,6733.0,9970.0,7540.0,2528.0,2528.0,2484.0,2244.0,2244.0,2245.0,2231.0,2231.0,2232.0,5373.0,5373.0,5370.0,2528.0,2528.0,2484.0,2244.0,2244.0,2245.0
0.0,19392.0,6781.0,6733.0,10816.0,3505.0,1185.0,1185.0,1135.0,2244.0,2244.0,2245.0,2260.0,2260.0,2261.0,6448.0,6448.0,6496.0,1185.0,1185.0,1135.0,2244.0,2244.0,2245.0
0.0,23427.0,6883.0,6736.0,7540.0,2860.0,955.0,955.0,950.0,2245.0,2245.0,2246.0,2294.0,2294.0,2295.0,7791.0,7791.0,7845.0,955.0,955.0,950.0,2245.0,2245.0,2246.0
0.0,24084.0,6757.0,6739.0,3505.0,6124.0,2026.0,2026.0,2072.0,2246.0,2246.0,2247.0,2252.0,2252.0,2253.0,8025.0,8025.0,8034.0,2026.0,2026.0,2072.0,2246.0,2246.0,2247.0
0.0,20832.0,6811.0,6742.0,2860.0,10087.0,3345.0,3345.0,3397.0,2247.0,2247.0,2248.0,2270.0,2270.0,2271.0,6958.0,6958.0,6916.0,3345.0,3345.0,3397.0,2247.0,2247.0,2248.0
0.0,16881.0,6742.0,6742.0,6124.0,10705.0,3566.0,3566.0,3573.0,2247.0,2247.0,2248.0,2247.0,2247.0,2248.0,5643.0,5643.0,5595.0,3566.0,3566.0,3573.0,2247.0,2247.0,2248.0
0.0,16263.0,6757.0,6742.0,10087.0,7375.0,2473.0,2473.0,2429.0,2247.0,2247.0,2248.0,2252.0,2252.0,2253.0,5422.0,5422.0,5419.0,2473.0,2473.0,2429.0,2247.0,2247.0,2248.0
0.0,19593.0,6907.0,6745.0,10705.0,3589.0,1213.0,1213.0,1163.0,2248.0,2248.0,2249.0,2302.0,2302.0,2303.0,6515.0,6515.0,6563.0,1213.0,1213.0,1163.0,2248.0,2248.0,2249.0
0.0,23391.0,6847.0,6748.0,7375.0,3073.0,1026.0,1026.0,1021.0,2249.0,2249.0,2250.0,2282.0,2282.0,2283.0,7779.0,7779.0,7833.0,1026.0,1026.0,1021.0,2249.0,2249.0,2250.0
0.0,23919.0,6826.0,6751.0,3589.0,6322.0,2092.0,2092.0,2138.0,2250.0,2250.0,2251.0,2275.0,2275.0,2276.0,7970.0,7970.0,7979.0,2092.0,2092.0,2138.0,2250.0,2250.0,2251.0
0.0,20682.0,6841.0,6753.0,3073.0,10098.0,3350.0,3350.0,3398.0,2251.0,2251.0,2251.0,2280.0,2280.0,2281.0,6908.0,6908.0,6866.0,3350.0,3350.0,3398.0,2251.0,2251.0,2251.0
0.0,16914.0,6757.0,6754.0,6322.0,10537.0,3510.0,3510.0,3517.0,2251.0,2251.0,2252.0,2252.0,2252.0,2253.0,5654.0,5654.0,5606.0,3510.0,3510.0,3517.0,2251.0,2251.0,2252.0
0.0,16479.0,6691.0,6754.0,10098.0,7130.0,2390.0,2390.0,2350.0,2251.0,2251.0,2252.0,2230.0,2230.0,2231.0,5494.0,5494.0,5491.0,2390.0,2390.0,2350.0,2251.0,2251.0,2252.0
0.0,19886.0,6736.0,6754.0,10537.0,3329.0,1125.0,1125.0,1079.0,2251.0,2251.0,2252.0,2245.0,2245.0,2246.0,6614.0,6614.0,6658.0,1125.0,1125.0,1079.0,2251.0,2251.0,2252.0
0.0,23687.0,6664.0,6754.0,7130.0,2863.0,956.0,956.0,951.0,2251.0,2251.0,2252.0,2221.0,2221.0,2222.0,7879.0,7879.0,7929.0,956.0,956.0,951.0,2251.0,2251.0,2252.0
0.0,24153.0,6733.0,6756.0,3329.0,6275.0,2079.0,2079.0,2117.0,2252.0,2252.0,2252.0,2244.0,2244.0,2245.0,8048.0,8048.0,8057.0,2079.0,2079.0,2117.0,2252.0,2252.0,2252.0
0.0,20749.0,6760.0,6757.0,2863.0,10176.0,3376.0,3376.0,3424.0,2252.0,2252.0,2253.0,2253.0,2253.0,2254.0,6929.0,6929.0,6891.0,3376.0,3376.0,3424.0,2252.0,2252.0,2253.0
0.0,16852.0,6694.0,6757.0,6275.0,10595.0,3528.0,3528.0,3539.0,2252.0,2252.0,2253.0,2231.0,2231.0,2232.0,5632.0,5632.0,5588.0,3528.0,3528.0,3539.0,2252.0,2252.0,2253.0
0.0,16433.0,6820.0,6760.0,10176.0,7251.0,2429.0,2429.0,2393.0,2253.0,2253.0,2254.0,2273.0,2273.0,2274.0,5480.0,5480.0,5473.0,2429.0,2429.0,2393.0,2253.0,2253.0,2254.0
0.0,19789.0,6664.0,6760.0,10595.0,3320.0,1122.0,1122.0,1076.0,2253.0,2253.0,2254.0,2221.0,2221.0,2222.0,6583.0,6583.0,6623.0,1122.0,1122.0,1076.0,2253.0,2253.0,2254.0
0.0,23720.0,6715.0,6760.0,7251.0,2784.0,931.0,931.0,922.0,2253.0,2253.0,2254.0,2238.0,2238.0,2239.0,7890.0,7890.0,7940.0,931.0,931.0,922.0,2253.0,2253.0,2254.0
0.0,24256.0,6793.0,6763.0,3320.0,6269.0,2077.0,2077.0,2115.0,2254.0,2254.0,2255.0,2264.0,2264.0,2265.0,8081.0,8081.0,8094.0,2077.0,2077.0,2115.0,2254.0,2254.0,2255.0
0.0,20783.0,6841.0,6766.0,2784.0,10338.0,3430.0,3430.0,3478.0,2255.0,2255.0,2256.0,2280.0,2280.0,2281.0,6939.0,6939.0,6905.0,3430.0,3430.0,3478.0,2255.0,2255.0,2256.0
0.0,16726.0,6769.0,6769.0,6269.0,10850.0,3613.0,3613.0,3624.0,2256.0,2256.0,2257.0,2256.0,2256.0,2257.0,5590.0,5590.0,5546.0,3613.0,3613.0,3624.0,2256.0,2256.0,2257.0
0.0,16226.0,6769.0,6772.0,10338.0,7293.0,2443.0,2443.0,2407.0,2257.0,2257.0,2258.0,2256.0,2256.0,2257.0,5411.0,5411.0,5404.0,2443.0,2443.0,2407.0,2257.0,2257.0,2258.0
0.0,19795.0,6805.0,6772.0,10850.0,3248.0,1098.0,1098.0,1052.0,2257.0,2257.0,2258.0,2268.0,2268.0,2269.0,6585.0,6585.0,6625.0,1098.0,1098.0,1052.0,2257.0,2257.0,2258.0
0.0,23840.0,6790.0,6778.0,7293.0,2769.0,926.0,926.0,917.0,2259.0,2259.0,2260.0,2263.0,2263.0,2264.0,7930.0,7930.0,7980.0,926.0,926.0,917.0,2259.0,2259.0,2260.0
0.0,24343.0,6763.0,6778.0,3248.0,6284.0,2082.0,2082.0,2120.0,2259.0,2259.0,2260.0,2254.0,2254.0,2255.0,8110.0,8110.0,8123.0,2082.0,2082.0,2120.0,2259.0,2259.0,2260.0
0.0,20828.0,6847.0,6778.0,2769.0,10362.0,3438.0,3438.0,3486.0,2259.0,2259.0,2260.0,2282.0,2282.0,2283.0,6954.0,6954.0,6920.0,3438.0,3438.0,3486.0,2259.0,2259.0,2260.0
0.0,16750.0,6829.0,6778.0,6284.0,10907.0,3632.0,3632.0,3643.0,2259.0,2259.0,2260.0,2276.0,2276.0,2277.0,5598.0,5598.0,5554.0,3632.0,3632.0,3643.0,2259.0,2259.0,2260.0
0.0,16205.0,6724.0,6781.0,10362.0,7281.0,2439.0,2439.0,2403.0,2260.0,2260.0,2261.0,2241.0,2241.0,2242.0,5404.0,5404.0,5397.0,2439.0,2439.0,2403.0,2260.0,2260.0,2261.0
0.0,19843.0,6769.0,6781.0,10907.0,3143.0,1063.0,1063.0,1017.0,2260.0,2260.0,2261.0,2256.0,2256.0,2257.0,6601.0,6601.0,6641.0,1063.0,1063.0,1017.0,2260.0,2260.0,2261.0
0.0,23981.0,6907.0,6787.0,7281.0,2793.0,934.0,934.0,925.0,2262.0,2262.0,2263.0,2302.0,2302.0,2303.0,7977.0,7977.0,8027.0,934.0,934.0,925.0,2262.0,2262.0,2263.0
0.0,24355.0,6871.0,6790.0,3143.0,6533.0,2165.0,2165.0,2203.0,2263.0,2263.0,2264.0,2290.0,2290.0,2291.0,8114.0,8114.0,8127.0,2165.0,2165.0,2203.0,2263.0,2263.0,2264.0
0.0,20627.0,6709.0,6790.0,2793.0,10449.0,3467.0,3467.0,3515.0,2263.0,2263.0,2264.0,2236.0,2236.0,2237.0,6887.0,6887.0,6853.0,3467.0,3467.0,3515.0,2263.0,2263.0,2264.0
0.0,16711.0,6913.0,6793.0,6533.0,10841.0,3610.0,3610.0,3621.0,2264.0,2264.0,2265.0,2304.0,2304.0,2305.0,5585.0,5585.0,5541.0,3610.0,3610.0,3621.0,2264.0,2264.0,2265.0
0.0,16331.0,6883.0,6796.0,10449.0,7287.0,2441.0,2441.0,2405.0,2265.0,2265.0,2266.0,2294.0,2294.0,2295.0,5446.0,5446.0,5439.0,2441.0,2441.0,2405.0,2265.0,2265.0,2266.0
0.0,19897.0,6706.0,6793.0,10841.0,3140.0,1062.0,1062.0,1016.0,2264.0,2264.0,2265.0,2235.0,2235.0,2236.0,6619.0,6619.0,6659.0,1062.0,1062.0,1016.0,2264.0,2264.0,2265.0
0.0,24032.0,6847.0,6793.0,7287.0,2700.0,903.0,903.0,894.0,2264.0,2264.0,2265.0,2282.0,2282.0,2283.0,7994.0,7994.0,8044.0,903.0,903.0,894.0,2264.0,2264.0,2265.0
0.0,24472.0,6871.0,6793.0,3140.0,6431.0,2131.0,2131.0,2169.0,2264.0,2264.0,2265.0,2290.0,2290.0,2291.0,8153.0,8153.0,8166.0,2131.0,2131.0,2169.0,2264.0,2264.0,2265.0
0.0,20741.0,6745.0,6793.0,2700.0,10476.0,3476.0,3476.0,3524.0,2264.0,2264.0,2265.0,2248.0,2248.0,2249.0,6925.0,6925.0,6891.0,3476.0,3476.0,3524.0,2264.0,2264.0,2265.0
0.0,16696.0,6964.0,6796.0,6431.0,11021.0,3670.0,3670.0,3681.0,2265.0,2265.0,2266.0,2321.0,2321.0,2322.0,5580.0,5580.0,5536.0,3670.0,3670.0,3681.0,2265.0,2265.0,2266.0
0.0,16163.0,6778.0,6796.0,10476.0,7323.0,2453.0,2453.0,2417.0,2265.0,2265.0,2266.0,2259.0,2259.0,2260.0,5390.0,5390.0,5383.0,2453.0,2453.0,2417.0,2265.0,2265.0,2266.0
0.0,19861.0,6880.0,6799.0,11021.0,3194.0,1080.0,1080.0,1034.0,2266.0,2266.0,2267.0,2293.0,2293.0,2294.0,6607.0,6607.0,6647.0,1080.0,1080.0,1034.0,2266.0,2266.0,2267.0
0.0,24002.0,6946.0,6802.0,7323.0,2829.0,946.0,946.0,937.0,2267.0,2267.0,2268.0,2315.0,2315.0,2316.0,7984.0,7984.0,8034.0,946.0,946.0,937.0,2267.0,2267.0,2268.0
0.0,24379.0,6826.0,6802.0,3194.0,6461.0,2141.0,2141.0,2179.0,2267.0,2267.0,2268.0,2275.0,2275.0,2276.0,8122.0,8122.0,8135.0,2141.0,2141.0,2179.0,2267.0,2267.0,2268.0
0.0,20747.0,6907.0,6802.0,2829.0,10539.0,3497.0,3497.0,3545.0,2267.0,2267.0,2268.0,2302.0,2302.0,2303.0,6927.0,6927.0,6893.0,3497.0,3497.0,3545.0,2267.0,2267.0,2268.0
0.0,16669.0,6832.0,6802.0,6461.0,10910.0,3633.0,3633.0,3644.0,2267.0,2267.0,2268.0,2277.0,2277.0,2278.0,5571.0,5571.0,5527.0,3633.0,3633.0,3644.0,2267.0,2267.0,2268.0
0.0,16298.0,6871.0,6802.0,10539.0,7242.0,2426.0,2426.0,2390.0,2267.0,2267.0,2268.0,2290.0,2290.0,2291.0,5435.0,5435.0,5428.0,2426.0,2426.0,2390.0,2267.0,2267.0,2268.0
0.0,19966.0,7051.0,6808.0,10910.0,3407.0,1151.0,1151.0,1105.0,2269.0,2269.0,2270.0,2350.0,2350.0,2351.0,6642.0,6642.0,6682.0,1151.0,1151.0,1105.0,2269.0,2269.0,2270.0
0.0,23825.0,6841.0,6805.0,7242.0,2994.0,1001.0,1001.0,992.0,2268.0,2268.0,2269.0,2280.0,2280.0,2281.0,7925.0,7925.0,7975.0,1001.0,1001.0,992.0,2268.0,2268.0,2269.0
0.0,24226.0,6796.0,6805.0,3407.0,6383.0,2115.0,2115.0,2153.0,2268.0,2268.0,2269.0,2265.0,2265.0,2266.0,8071.0,8071.0,8084.0,2115.0,2115.0,2153.0,2268.0,2268.0,2269.0
0.0,20837.0,6841.0,6808.0,2994.0,10242.0,3398.0,3398.0,3446.0,2269.0,2269.0,2270.0,2280.0,2280.0,2281.0,6957.0,6957.0,6923.0,3398.0,3398.0,3446.0,2269.0,2269.0,2270.0
0.0,16990.0,6997.0,6814.0,6383.0,10880.0,3623.0,3623.0,3634.0,2271.0,2271.0,2272.0,2332.0,2332.0,2333.0,5678.0,5678.0,5634.0,3623.0,3623.0,3634.0,2271.0,2271.0,2272.0
0.0,16376.0,6790.0,6811.0,10242.0,7416.0,2484.0,2484.0,2448.0,2270.0,2270.0,2271.0,2263.0,2263.0,2264.0,5461.0,5461.0,5454.0,2484.0,2484.0,2448.0,2270.0,2270.0,2271.0
0.0,19828.0,6859.0,6814.0,10880.0,3407.0,1151.0,1151.0,1105.0,2271.0,2271.0,2272.0,2286.0,2286.0,2287.0,6596.0,6596.0,6636.0,1151.0,1151.0,1105.0,2271.0,2271.0,2272.0
0.0,23849.0,6982.0,6817.0,7416.0,2985.0,998.0,998.0,989.0,2272.0,2272.0,2273.0,2327.0,2327.0,2328.0,7933.0,7933.0,7983.0,998.0,998.0,989.0,2272.0,2272.0,2273.0
0.0,24283.0,6883.0,6820.0,3407.0,6473.0,2145.0,2145.0,2183.0,2273.0,2273.0,2274.0,2294.0,2294.0,2295.0,8090.0,8090.0,8103.0,2145.0,2145.0,2183.0,2273.0,2273.0,2274.0
0.0,20807.0,6763.0,6820.0,2985.0,10251.0,3401.0,3401.0,3449.0,2273.0,2273.0,2274.0,2254.0,2254.0,2255.0,6947.0,6947.0,6913.0,3401.0,3401.0,3449.0,2273.0,2273.0,2274.0
0.0,17029.0,6895.0,6820.0,6473.0,10673.0,3554.0,3554.0,3565.0,2273.0,2273.0,2274.0,2298.0,2298.0,2299.0,5691.0,5691.0,5647.0,3554.0,3554.0,3565.0,2273.0,2273.0,2274.0
0.0,16607.0,6685.0,6817.0,10251.0,7095.0,2377.0,2377.0,2341.0,2272.0,2272.0,2273.0,2228.0,2228.0,2229.0,5538.0,5538.0,5531.0,2377.0,2377.0,2341.0,2272.0,2272.0,2273.0
0.0,20173.0,6919.0,6817.0,10673.0,3341.0,1129.0,1129.0,1083.0,2272.0,2272.0,2273.0,2306.0,2306.0,2307.0,6711.0,6711.0,6751.0,1129.0,1129.0,1083.0,2272.0,2272.0,2273.0
0.0,23927.0,6862.0,6817.0,7095.0,3108.0,1039.0,1039.0,1030.0,2272.0,2272.0,2273.0,2287.0,2287.0,2288.0,7959.0,7959.0,8009.0,1039.0,1039.0,1030.0,2272.0,2272.0,2273.0
0.0,24160.0,6877.0,6820.0,3341.0,6656.0,2206.0,2206.0,2244.0,2273.0,2273.0,2274.0,2292.0,2292.0,2293.0,8049.0,8049.0,8062.0,2206.0,2206.0,2244.0,2273.0,2273.0,2274.0
0.0,20624.0,6877.0,6823.0,3108.0,10437.0,3463.0,3463.0,3511.0,2274.0,2274.0,2275.0,2292.0,2292.0,2293.0,6886.0,6886.0,6852.0,3463.0,3463.0,3511.0,2274.0,2274.0,2275.0
0.0,16855.0,6856.0,6826.0,6656.0,10649.0,3546.0,3546.0,3557.0,2275.0,2275.0,2276.0,2285.0,2285.0,2286.0,5633.0,5633.0,5589.0,3546.0,3546.0,3557.0,2275.0,2275.0,2276.0
0.0,16655.0,6802.0,6829.0,10437.0,7026.0,2354.0,2354.0,2318.0,2276.0,2276.0,2277.0,2267.0,2267.0,2268.0,5554.0,5554.0,5547.0,2354.0,2354.0,2318.0,2276.0,2276.0,2277.0
0.0,20290.0,6820.0,6832.0,10649.0,3209.0,1085.0,1085.0,1039.0,2277.0,2277.0,2278.0,2273.0,2273.0,2274.0,6750.0,6750.0,6790.0,1085.0,1085.0,1039.0,2277.0,2277.0,2278.0
0.0,24119.0,6961.0,6835.0,7026.0,3156.0,1055.0,1055.0,1046.0,2278.0,2278.0,2279.0,2320.0,2320.0,2321.0,8023.0,8023.0,8073.0,1055.0,1055.0,1046.0,2278.0,2278.0,2279.0
0.0,24184.0,6790.0,6838.0,3209.0,6749.0,2237.0,2237.0,2275.0,2279.0,2279.0,2280.0,2263.0,2263.0,2264.0,8057.0,8057.0,8070.0,2237.0,2237.0,2275.0,2279.0,2279.0,2280.0
0.0,20603.0,6802.0,6835.0,3156.0,10383.0,3445.0,3445.0,3493.0,2278.0,2278.0,2279.0,2267.0,2267.0,2268.0,6879.0,6879.0,6845.0,3445.0,3445.0,3493.0,2278.0,2278.0,2279.0
0.0,16957.0,6724.0,6838.0,6749.0,10370.0,3453.0,3453.0,3464.0,2279.0,2279.0,2280.0,2241.0,2241.0,2242.0,5667.0,5667.0,5623.0,3453.0,3453.0,3464.0,2279.0,2279.0,2280.0
0.0,16982.0,6808.0,6838.0,10383.0,6795.0,2277.0,2277.0,2241.0,2279.0,2279.0,2280.0,2269.0,2269.0,2270.0,5663.0,5663.0,5656.0,2277.0,2277.0,2241.0,2279.0,2279.0,2280.0
0.0,20557.0,6823.0,6841.0,10370.0,3260.0,1102.0,1102.0,1056.0,2280.0,2280.0,2281.0,2274.0,2274.0,2275.0,6839.0,6839.0,6879.0,1102.0,1102.0,1056.0,2280.0,2280.0,2281.0
0.0,24104.0,6910.0,6841.0,6795.0,3375.0,1128.0,1128.0,1119.0,2280.0,2280.0,2281.0,2303.0,2303.0,2304.0,8018.0,8018.0,8068.0,1128.0,1128.0,1119.0,2280.0,2280.0,2281.0
0.0,23989.0,6847.0,6844.0,3260.0,6974.0,2312.0,2312.0,2350.0,2281.0,2281.0,2282.0,2282.0,2282.0,2283.0,7992.0,7992.0,8005.0,2312.0,2312.0,2350.0,2281.0,2281.0,2282.0
0.0,20402.0,6883.0,6844.0,3375.0,10482.0,3478.0,3478.0,3526.0,2281.0,2281.0,2282.0,2294.0,2294.0,2295.0,6812.0,6812.0,6778.0,3478.0,3478.0,3526.0,2281.0,2281.0,2282.0
0.0,16894.0,6712.0,6844.0,6974.0,10220.0,3403.0,3403.0,3414.0,2281.0,2281.0,2282.0,2237.0,2237.0,2238.0,5646.0,5646.0,5602.0,3403.0,3403.0,3414.0,2281.0,2281.0,2282.0
0.0,17156.0,6817.0,6844.0,10482.0,6555.0,2197.0,2197.0,2161.0,2281.0,2281.0,2282.0,2272.0,2272.0,2273.0,5721.0,5721.0,5714.0,2197.0,2197.0,2161.0,2281.0,2281.0,2282.0
0.0,20821.0,6934.0,6847.0,10220.0,3281.0,1109.0,1109.0,1063.0,2282.0,2282.0,2283.0,2311.0,2311.0,2312.0,6927.0,6927.0,6967.0,1109.0,1109.0,1063.0,2282.0,2282.0,2283.0
0.0,24107.0,6910.0,6847.0,6555.0,3636.0,1215.0,1215.0,1206.0,2282.0,2282.0,2283.0,2303.0,2303.0,2304.0,8019.0,8019.0,8069.0,1215.0,1215.0,1206.0,2282.0,2282.0,2283.0
0.0,23752.0,6928.0,6850.0,3281.0,7295.0,2419.0,2419.0,2457.0,2283.0,2283.0,2284.0,2309.0,2309.0,2310.0,7913.0,7913.0,7926.0,2419.0,2419.0,2457.0,2283.0,2283.0,2284.0
0.0,20105.0,6811.0,6853.0,3636.0,10482.0,3478.0,3478.0,3526.0,2284.0,2284.0,2285.0,2270.0,2270.0,2271.0,6713.0,6713.0,6679.0,3478.0,3478.0,3526.0,2284.0,2284.0,2285.0
0.0,16930.0,6856.0,6853.0,7295.0,10043.0,3344.0,3344.0,3355.0,2284.0,2284.0,2285.0,2285.0,2285.0,2286.0,5658.0,5658.0,5614.0,3344.0,3344.0,3355.0,2284.0,2284.0,2285.0
0.0,17369.0,6976.0,6856.0,10482.0,6549.0,2195.0,2195.0,2159.0,2285.0,2285.0,2286.0,2325.0,2325.0,2326.0,5792.0,5792.0,5785.0,2195.0,2195.0,2159.0,2285.0,2285.0,2286.0
0.0,20875.0,6922.0,6856.0,10043.0,3428.0,1158.0,1158.0,1112.0,2285.0,2285.0,2286.0,2307.0,2307.0,2308.0,6945.0,6945.0,6985.0,1158.0,1158.0,1112.0,2285.0,2285.0,2286.0
0.0,23996.0,6862.0,6859.0,6549.0,3753.0,1254.0,1254.0,1245.0,2286.0,2286.0,2287.0,2287.0,2287.0,2288.0,7982.0,7982.0,8032.0,1254.0,1254.0,1245.0,2286.0,2286.0,2287.0
0.0,23683.0,6787.0,6856.0,3428.0,7100.0,2354.0,2354.0,2392.0,2285.0,2285.0,2286.0,2262.0,2262.0,2263.0,7890.0,7890.0,7903.0,2354.0,2354.0,2392.0,2285.0,2285.0,2286.0
0.0,20324.0,6793.0,6853.0,3753.0,10128.0,3360.0,3360.0,3408.0,2284.0,2284.0,2285.0,2264.0,2264.0,2265.0,6786.0,6786.0,6752.0,3360.0,3360.0,3408.0,2284.0,2284.0,2285.0
0.0,17284.0,6943.0,6859.0,7100.0,9995.0,3328.0,3328.0,3339.0,2286.0,2286.0,2287.0,2314.0,2314.0,2315.0,5776.0,5776.0,5732.0,3328.0,3328.0,3339.0,2286.0,2286.0,2287.0
0.0,17441.0,6829.0,6859.0,10128.0,6696.0,2244.0,2244.0,2208.0,2286.0,2286.0,2287.0,2276.0,2276.0,2277.0,5816.0,5816.0,5809.0,2244.0,2244.0,2208.0,2286.0,2286.0,2287.0
0.0,20740.0,6937.0,6859.0,9995.0,3638.0,1228.0,1228.0,1182.0,2286.0,2286.0,2287.0,2312.0,2312.0,2313.0,6900.0,6900.0,6940.0,1228.0,1228.0,1182.0,2286.0,2286.0,2287.0
0.0,23798.0,6895.0,6862.0,6696.0,3849.0,1286.0,1286.0,1277.0,2287.0,2287.0,2288.0,2298.0,2298.0,2299.0,7916.0,7916.0,7966.0,1286.0,1286.0,1277.0,2287.0,2287.0,2288.0
0.0,23599.0,6955.0,6862.0,3638.0,7166.0,2376.0,2376.0,2414.0,2287.0,2287.0,2288.0,2318.0,2318.0,2319.0,7862.0,7862.0,7875.0,2376.0,2376.0,2414.0,2287.0,2287.0,2288.0
0.0,20282.0,6928.0,6865.0,3849.0,10257.0,3403.0,3403.0,3451.0,2288.0,2288.0,2289.0,2309.0,2309.0,2310.0,6772.0,6772.0,6738.0,3403.0,3403.0,3451.0,2288.0,2288.0,2289.0
0.0,17203.0,6994.0,6868.0,7166.0,10097.0,3362.0,3362.0,3373.0,2289.0,2289.0,2290.0,2331.0,2331.0,2332.0,5749.0,5749.0,5705.0,3362.0,3362.0,3373.0,2289.0,2289.0,2290.0
0.0,17375.0,7009.0,6868.0,10257.0,6849.0,2295.0,2295.0,2259.0,2289.0,2289.0,2290.0,2336.0,2336.0,2337.0,5794.0,5794.0,5787.0,2295.0,2295.0,2259.0,2289.0,2289.0,2290.0
0.0,20623.0,6886.0,6871.0,10097.0,3650.0,1232.0,1232.0,1186.0,2290.0,2290.0,2291.0,2295.0,2295.0,2296.0,6861.0,6861.0,6901.0,1232.0,1232.0,1186.0,2290.0,2290.0,2291.0
0.0,23834.0,6835.0,6868.0,6849.0,3624.0,1211.0,1211.0,1202.0,2289.0,2289.0,2290.0,2278.0,2278.0,2279.0,7928.0,7928.0,7978.0,1211.0,1211.0,1202.0,2289.0,2289.0,2290.0
0.0,23848.0,6883.0,6871.0,3650.0,6869.0,2277.0,2277.0,2315.0,2290.0,2290.0,2291.0,2294.0,2294.0,2295.0,7945.0,7945.0,7958.0,2277.0,2277.0,2315.0,2290.0,2290.0,2291.0
0.0,20615.0,7045.0,6874.0,3624.0,10302.0,3418.0,3418.0,3466.0,2291.0,2291.0,2292.0,2348.0,2348.0,2349.0,6883.0,6883.0,6849.0,3418.0,3418.0,3466.0,2291.0,2291.0,2292.0
0.0,17194.0,6958.0,6871.0,6869.0,10379.0,3456.0,3456.0,3467.0,2290.0,2290.0,2291.0,2319.0,2319.0,2320.0,5746.0,5746.0,5702.0,3456.0,3456.0,3467.0,2290.0,2290.0,2291.0
0.0,17105.0,6871.0,6871.0,10302.0,6948.0,2328.0,2328.0,2292.0,2290.0,2290.0,2291.0,2290.0,2290.0,2291.0,5704.0,5704.0,5697.0,2328.0,2328.0,2292.0,2290.0,2290.0,2291.0
0.0,20536.0,6907.0,6874.0,10379.0,3488.0,1178.0,1178.0,1132.0,2291.0,2291.0,2292.0,2302.0,2302.0,2303.0,6832.0,6832.0,6872.0,1178.0,1178.0,1132.0,2291.0,2291.0,2292.0
0.0,24008.0,6856.0,6874.0,6948.0,3396.0,1135.0,1135.0,1126.0,2291.0,2291.0,2292.0,2285.0,2285.0,2286.0,7986.0,7986.0,8036.0,1135.0,1135.0,1126.0,2291.0,2291.0,2292.0
0.0,24100.0,6943.0,6874.0,3488.0,6851.0,2271.0,2271.0,2309.0,2291.0,2291.0,2292.0,2314.0,2314.0,2315.0,8029.0,8029.0,8042.0,2271.0,2271.0,2309.0,2291.0,2291.0,2292.0
0.0,20645.0,6979.0,6877.0,3396.0,10446.0,3466.0,3466.0,3514.0,2292.0,2292.0,2293.0,2326.0,2326.0,2327.0,6893.0,6893.0,6859.0,3466.0,3466.0,3514.0,2292.0,2292.0,2293.0
0.0,17062.0,6859.0,6877.0,6851.0,10454.0,3481.0,3481.0,3492.0,2292.0,2292.0,2293.0,2286.0,2286.0,2287.0,5702.0,5702.0,5658.0,3481.0,3481.0,3492.0,2292.0,2292.0,2293.0
0.0,17054.0,6958.0,6877.0,10446.0,6966.0,2334.0,2334.0,2298.0,2292.0,2292.0,2293.0,2319.0,2319.0,2320.0,5687.0,5687.0,5680.0,2334.0,2334.0,2298.0,2292.0,2292.0,2293.0
0.0,20542.0,6973.0,6877.0,10454.0,3485.0,1177.0,1177.0,1131.0,2292.0,2292.0,2293.0,2324.0,2324.0,2325.0,6834.0,6834.0,6874.0,1177.0,1177.0,1131.0,2292.0,2292.0,2293.0
0.0,24023.0,6844.0,6880.0,6966.0,3375.0,1128.0,1128.0,1119.0,2293.0,2293.0,2294.0,2281.0,2281.0,2282.0,7991.0,7991.0,8041.0,1128.0,1128.0,1119.0,2293.0,2293.0,2294.0
0.0,24145.0,6991.0,6880.0,3485.0,6881.0,2281.0,2281.0,2319.0,2293.0,2293.0,2294.0,2330.0,2330.0,2331.0,8044.0,8044.0,8057.0,2281.0,2281.0,2319.0,2293.0,2293.0,2294.0
0.0,20639.0,6964.0,6886.0,3375.0,10494.0,3482.0,3482.0,3530.0,2295.0,2295.0,2296.0,2321.0,2321.0,2322.0,6891.0,6891.0,6857.0,3482.0,3482.0,3530.0,2295.0,2295.0,2296.0
0.0,17050.0,6985.0,6889.0,6881.0,10610.0,3533.0,3533.0,3544.0,2296.0,2296.0,2297.0,2328.0,2328.0,2329.0,5698.0,5698.0,5654.0,3533.0,3533.0,3544.0,2296.0,2296.0,2297.0
0.0,16946.0,6760.0,6886.0,10494.0,6864.0,2300.0,2300.0,2264.0,2295.0,2295.0,2296.0,2253.0,2253.0,2254.0,5651.0,5651.0,5644.0,2300.0,2300.0,2264.0,2295.0,2295.0,2296.0
0.0,20680.0,6934.0,6886.0,10610.0,3188.0,1078.0,1078.0,1032.0,2295.0,2295.0,2296.0,2311.0,2311.0,2312.0,6880.0,6880.0,6920.0,1078.0,1078.0,1032.0,2295.0,2295.0,2296.0
0.0,24356.0,6913.0,6889.0,6864.0,3249.0,1086.0,1086.0,1077.0,2296.0,2296.0,2297.0,2304.0,2304.0,2305.0,8102.0,8102.0,8152.0,1086.0,1086.0,1077.0,2296.0,2296.0,2297.0
0.0,24307.0,6934.0,6889.0,3188.0,6995.0,2319.0,2319.0,2357.0,2296.0,2296.0,2297.0,2311.0,2311.0,2312.0,8098.0,8098.0,8111.0,2319.0,2319.0,2357.0,2296.0,2296.0,2297.0
0.0,20561.0,6949.0,6892.0,3249.0,10707.0,3553.0,3553.0,3601.0,2297.0,2297.0,2298.0,2316.0,2316.0,2317.0,6865.0,6865.0,6831.0,3553.0,3553.0,3601.0,2297.0,2297.0,2298.0
0.0,16861.0,6976.0,6895.0,6995.0,10700.0,3563.0,3563.0,3574.0,2298.0,2298.0,2299.0,2325.0,2325.0,2326.0,5635.0,5635.0,5591.0,3563.0,3563.0,3574.0,2298.0,2298.0,2299.0
0.0,16880.0,6889.0,6895.0,10707.0,6882.0,2306.0,2306.0,2270.0,2298.0,2298.0,2299.0,2296.0,2296.0,2297.0,5629.0,5629.0,5622.0,2306.0,2306.0,2270.0,2298.0,2298.0,2299.0
0.0,20698.0,6847.0,6895.0,10700.0,3029.0,1025.0,1025.0,979.0,2298.0,2298.0,2299.0,2282.0,2282.0,2283.0,6886.0,6886.0,6926.0,1025.0,1025.0,979.0,2298.0,2298.0,2299.0
0.0,24551.0,7030.0,6898.0,6882.0,3189.0,1066.0,1066.0,1057.0,2299.0,2299.0,2300.0,2343.0,2343.0,2344.0,8167.0,8167.0,8217.0,1066.0,1066.0,1057.0,2299.0,2299.0,2300.0
0.0,24403.0,6856.0,6901.0,3029.0,7028.0,2330.0,2330.0,2368.0,2300.0,2300.0,2301.0,2285.0,2285.0,2286.0,8130.0,8130.0,8143.0,2330.0,2330.0,2368.0,2300.0,2300.0,2301.0
0.0,20576.0,6925.0,6904.0,3189.0,10776.0,3576.0,3576.0,3624.0,2301.0,2301.0,2302.0,2308.0,2308.0,2309.0,6870.0,6870.0,6836.0,3576.0,3576.0,3624.0,2301.0,2301.0,2302.0
0.0,16840.0,6913.0,6907.0,7028.0,10673.0,3554.0,3554.0,3565.0,2302.0,2302.0,2303.0,2304.0,2304.0,2305.0,5628.0,5628.0,5584.0,3554.0,3554.0,3565.0,2302.0,2302.0,2303.0
0.0,16955.0,6883.0,6904.0,10776.0,6768.0,2268.0,2268.0,2232.0,2301.0,2301.0,2302.0,2294.0,2294.0,2295.0,5654.0,5654.0,5647.0,2268.0,2268.0,2232.0,2301.0,2301.0,2302.0
0.0,20848.0,6898.0,6907.0,10673.0,3005.0,1017.0,1017.0,971.0,2302.0,2302.0,2303.0,2299.0,2299.0,2300.0,6936.0,6936.0,6976.0,1017.0,1017.0,971.0,2302.0,2302.0,2303.0
0.0,24623.0,6964.0,6907.0,6768.0,3201.0,1070.0,1070.0,1061.0,2302.0,2302.0,2303.0,2321.0,2321.0,2322.0,8191.0,8191.0,8241.0,1070.0,1070.0,1061.0,2302.0,2302.0,2303.0
0.0,24427.0,6766.0,6910.0,3005.0,6974.0,2312.0,2312.0,2350.0,2303.0,2303.0,2304.0,2255.0,2255.0,2256.0,8138.0,8138.0,8151.0,2312.0,2312.0,2350.0,2303.0,2303.0,2304.0
0.0,20666.0,6898.0,6910.0,3201.0,10671.0,3541.0,3541.0,3589.0,2303.0,2303.0,2304.0,2299.0,2299.0,2300.0,6900.0,6900.0,6866.0,3541.0,3541.0,3589.0,2303.0,2303.0,2304.0
0.0,16969.0,6958.0,6910.0,6974.0,10655.0,3548.0,3548.0,3559.0,2303.0,2303.0,2304.0,2319.0,2319.0,2320.0,5671.0,5671.0,5627.0,3548.0,3548.0,3559.0,2303.0,2303.0,2304.0
0.0,16985.0,6862.0,6910.0,10671.0,6846.0,2294.0,2294.0,2258.0,2303.0,2303.0,2304.0,2287.0,2287.0,2288.0,5664.0,5664.0,5657.0,2294.0,2294.0,2258.0,2303.0,2303.0,2304.0
0.0,20794.0,7051.0,6913.0,10655.0,3254.0,1100.0,1100.0,1054.0,2304.0,2304.0,2305.0,2350.0,2350.0,2351.0,6918.0,6918.0,6958.0,1100.0,1100.0,1054.0,2304.0,2304.0,2305.0
0.0,24398.0,6850.0,6913.0,6846.0,3258.0,1089.0,1089.0,1080.0,2304.0,2304.0,2305.0,2283.0,2283.0,2284.0,8116.0,8116.0,8166.0,1089.0,1089.0,1080.0,2304.0,2304.0,2305.0
0.0,24394.0,6955.0,6916.0,3254.0,6971.0,2311.0,2311.0,2349.0,2305.0,2305.0,2306.0,2318.0,2318.0,2319.0,8127.0,8127.0,8140.0,2311.0,2311.0,2349.0,2305.0,2305.0,2306.0
0.0,20693.0,7021.0,6916.0,3258.0,10734.0,3562.0,3562.0,3610.0,2305.0,2305.0,2306.0,2340.0,2340.0,2341.0,6909.0,6909.0,6875.0,3562.0,3562.0,3610.0,2305.0,2305.0,2306.0
0.0,16930.0,6925.0,6916.0,6971.0,10688.0,3559.0,3559.0,3570.0,2305.0,2305.0,2306.0,2308.0,2308.0,2309.0,5658.0,5658.0,5614.0,3559.0,3559.0,3570.0,2305.0,2305.0,2306.0
0.0,16976.0,6946.0,6918.0,10734.0,6908.0,2316.0,2316.0,2276.0,2306.0,2306.0,2306.0,2315.0,2315.0,2316.0,5661.0,5661.0,5654.0,2316.0,2316.0,2276.0,2306.0,2306.0,2306.0
0.0,20764.0,7090.0,6922.0,10688.0,3326.0,1124.0,1124.0,1078.0,2307.0,2307.0,2308.0,2363.0,2363.0,2364.0,6908.0,6908.0,6948.0,1124.0,1124.0,1078.0,2307.0,2307.0,2308.0
0.0,24362.0,6877.0,6925.0,6908.0,3307.0,1104.0,1104.0,1099.0,2308.0,2308.0,2309.0,2292.0,2292.0,2293.0,8104.0,8104.0,8154.0,1104.0,1104.0,1099.0,2308.0,2308.0,2309.0
0.0,24393.0,6940.0,6925.0,3326.0,6921.0,2293.0,2293.0,2335.0,2308.0,2308.0,2309.0,2313.0,2313.0,2314.0,8128.0,8128.0,8137.0,2293.0,2293.0,2335.0,2308.0,2308.0,2309.0
0.0,20779.0,6973.0,6928.0,3307.0,10599.0,3517.0,3517.0,3565.0,2309.0,2309.0,2310.0,2324.0,2324.0,2325.0,6939.0,6939.0,6901.0,3517.0,3517.0,3565.0,2309.0,2309.0,2310.0
0.0,17113.0,6919.0,6928.0,6921.0,10597.0,3530.0,3530.0,3537.0,2309.0,2309.0,2310.0,2306.0,2306.0,2307.0,5719.0,5719.0,5675.0,3530.0,3530.0,3537.0,2309.0,2309.0,2310.0
0.0,17115.0,6928.0,6928.0,10599.0,6926.0,2322.0,2322.0,2282.0,2309.0,2309.0,2310.0,2309.0,2309.0,2310.0,5706.0,5706.0,5703.0,2322.0,2322.0,2282.0,2309.0,2309.0,2310.0
0.0,20786.0,6997.0,6928.0,10597.0,3326.0,1124.0,1124.0,1078.0,2309.0,2309.0,2310.0,2332.0,2332.0,2333.0,6914.0,6914.0,6958.0,1124.0,1124.0,1078.0,2309.0,2309.0,2310.0
0.0,24386.0,6982.0,6931.0,6926.0,3394.0,1133.0,1133.0,1128.0,2310.0,2310.0,2311.0,2327.0,2327.0,2328.0,8112.0,8112.0,8162.0,1133.0,1133.0,1128.0,2310.0,2310.0,2311.0
0.0,24330.0,7108.0,6931.0,3326.0,7176.0,2378.0,2378.0,2420.0,2310.0,2310.0,2311.0,2369.0,2369.0,2370.0,8107.0,8107.0,8116.0,2378.0,2378.0,2420.0,2310.0,2310.0,2311.0
0.0,20548.0,6862.0,6928.0,3394.0,10632.0,3528.0,3528.0,3576.0,2309.0,2309.0,2310.0,2287.0,2287.0,2288.0,6862.0,6862.0,6824.0,3528.0,3528.0,3576.0,2309.0,2309.0,2310.0
0.0,17080.0,6877.0,6928.0,7176.0,10333.0,3442.0,3442.0,3449.0,2309.0,2309.0,2310.0,2292.0,2292.0,2293.0,5708.0,5708.0,5664.0,3442.0,3442.0,3449.0,2309.0,2309.0,2310.0
0.0,17379.0,7111.0,6934.0,10632.0,6836.0,2292.0,2292.0,2252.0,2311.0,2311.0,2312.0,2370.0,2370.0,2371.0,5794.0,5794.0,5791.0,2292.0,2292.0,2252.0,2311.0,2311.0,2312.0
0.0,20900.0,7048.0,6937.0,10333.0,3563.0,1203.0,1203.0,1157.0,2312.0,2312.0,2313.0,2349.0,2349.0,2350.0,6952.0,6952.0,6996.0,1203.0,1203.0,1157.0,2312.0,2312.0,2313.0
0.0,24185.0,7039.0,6937.0,6836.0,3766.0,1257.0,1257.0,1252.0,2312.0,2312.0,2313.0,2346.0,2346.0,2347.0,8045.0,8045.0,8095.0,1257.0,1257.0,1252.0,2312.0,2312.0,2313.0
0.0,23982.0,7003.0,6937.0,3563.0,7206.0,2388.0,2388.0,2430.0,2312.0,2312.0,2313.0,2334.0,2334.0,2335.0,7991.0,7991.0,8000.0,2388.0,2388.0,2430.0,2312.0,2312.0,2313.0
0.0,20542.0,6925.0,6940.0,3766.0,10377.0,3443.0,3443.0,3491.0,2313.0,2313.0,2314.0,2308.0,2308.0,2309.0,6860.0,6860.0,6822.0,3443.0,3443.0,3491.0,2313.0,2313.0,2314.0
0.0,17383.0,6973.0,6940.0,7206.0,10144.0,3379.0,3379.0,3386.0,2313.0,2313.0,2314.0,2324.0,2324.0,2325.0,5809.0,5809.0,5765.0,3379.0,3379.0,3386.0,2313.0,2313.0,2314.0
0.0,17616.0,6997.0,6943.0,10377.0,6776.0,2272.0,2272.0,2232.0,2314.0,2314.0,2315.0,2332.0,2332.0,2333.0,5873.0,5873.0,5870.0,2272.0,2272.0,2232.0,2314.0,2314.0,2315.0
0.0,20996.0,6982.0,6943.0,10144.0,3614.0,1220.0,1220.0,1174.0,2314.0,2314.0,2315.0,2327.0,2327.0,2328.0,6984.0,6984.0,7028.0,1220.0,1220.0,1174.0,2314.0,2314.0,2315.0
0.0,24158.0,6922.0,6943.0,6776.0,3760.0,1255.0,1255.0,1250.0,2314.0,2314.0,2315.0,2307.0,2307.0,2308.0,8036.0,8036.0,8086.0,1255.0,1255.0,1250.0,2314.0,2314.0,2315.0
0.0,24012.0,7063.0,6946.0,3614.0,7221.0,2393.0,2393.0,2435.0,2315.0,2315.0,2316.0,2354.0,2354.0,2355.0,8001.0,8001.0,8010.0,2393.0,2393.0,2435.0,2315.0,2315.0,2316.0
0.0,20563.0,6988.0,6946.0,3760.0,10449.0,3467.0,3467.0,3515.0,2315.0,2315.0,2316.0,2329.0,2329.0,2330.0,6867.0,6867.0,6829.0,3467.0,3467.0,3515.0,2315.0,2315.0,2316.0
0.0,17335.0,6964.0,6946.0,7221.0,10192.0,3395.0,3395.0,3402.0,2315.0,2315.0,2316.0,2321.0,2321.0,2322.0,5793.0,5793.0,5749.0,3395.0,3395.0,3402.0,2315.0,2315.0,2316.0
0.0,17592.0,7072.0,6952.0,10449.0,6839.0,2293.0,2293.0,2253.0,2317.0,2317.0,2318.0,2357.0,2357.0,2358.0,5865.0,5865.0,5862.0,2293.0,2293.0,2253.0,2317.0,2317.0,2318.0
0.0,20969.0,6991.0,6952.0,10192.0,3638.0,1228.0,1228.0,1182.0,2317.0,2317.0,2318.0,2330.0,2330.0,2331.0,6975.0,6975.0,7019.0,1228.0,1228.0,1182.0,2317.0,2317.0,2318.0
0.0,24170.0,6895.0,6949.0,6839.0,3682.0,1229.0,1229.0,1224.0,2316.0,2316.0,2317.0,2298.0,2298.0,2299.0,8040.0,8040.0,8090.0,1229.0,1229.0,1224.0,2316.0,2316.0,2317.0
0.0,24114.0,6958.0,6949.0,3638.0,7002.0,2320.0,2320.0,2362.0,2316.0,2316.0,2317.0,2319.0,2319.0,2320.0,8035.0,8035.0,8044.0,2320.0,2320.0,2362.0,2316.0,2316.0,2317.0
0.0,20794.0,7069.0,6955.0,3682.0,10413.0,3455.0,3455.0,3503.0,2318.0,2318.0,2319.0,2356.0,2356.0,2357.0,6944.0,6944.0,6906.0,3455.0,3455.0,3503.0,2318.0,2318.0,2319.0
0.0,17407.0,6925.0,6955.0,7002.0,10336.0,3443.0,3443.0,3450.0,2318.0,2318.0,2319.0,2308.0,2308.0,2309.0,5817.0,5817.0,5773.0,3443.0,3443.0,3450.0,2318.0,2318.0,2319.0
0.0,17484.0,6895.0,6955.0,10413.0,6818.0,2286.0,2286.0,2246.0,2318.0,2318.0,2319.0,2298.0,2298.0,2299.0,5829.0,5829.0,5826.0,2286.0,2286.0,2246.0,2318.0,2318.0,2319.0
0.0,21002.0,7066.0,6958.0,10336.0,3560.0,1202.0,1202.0,1156.0,2319.0,2319.0,2320.0,2355.0,2355.0,2356.0,6986.0,6986.0,7030.0,1202.0,1202.0,1156.0,2319.0,2319.0,2320.0
0.0,24272.0,7006.0,6958.0,6818.0,3748.0,1251.0,1251.0,1246.0,2319.0,2319.0,2320.0,2335.0,2335.0,2336.0,8074.0,8074.0,8124.0,1251.0,1251.0,1246.0,2319.0,2319.0,2320.0
0.0,24084.0,7021.0,6961.0,3560.0,7221.0,2393.0,2393.0,2435.0,2320.0,2320.0,2321.0,2340.0,2340.0,2341.0,8025.0,8025.0,8034.0,2393.0,2393.0,2435.0,2320.0,2320.0,2321.0
0.0,20623.0,7012.0,6961.0,3748.0,10485.0,3479.0,3479.0,3527.0,2320.0,2320.0,2321.0,2337.0,2337.0,2338.0,6887.0,6887.0,6849.0,3479.0,3479.0,3527.0,2320.0,2320.0,2321.0
0.0,17359.0,7096.0,6967.0,7221.0,10384.0,3459.0,3459.0,3466.0,2322.0,2322.0,2323.0,2365.0,2365.0,2366.0,5801.0,5801.0,5757.0,3459.0,3459.0,3466.0,2322.0,2322.0,2323.0
0.0,17484.0,6979.0,6967.0,10485.0,6878.0,2306.0,2306.0,2266.0,2322.0,2322.0,2323.0,2326.0,2326.0,2327.0,5829.0,5829.0,5826.0,2306.0,2306.0,2266.0,2322.0,2322.0,2323.0
0.0,20990.0,6976.0,6967.0,10384.0,3470.0,1172.0,1172.0,1126.0,2322.0,2322.0,2323.0,2325.0,2325.0,2326.0,6982.0,6982.0,7026.0,1172.0,1172.0,1126.0,2322.0,2322.0,2323.0
0.0,24398.0,6997.0,6970.0,6878.0,3601.0,1202.0,1202.0,1197.0,2323.0,2323.0,2324.0,2332.0,2332.0,2333.0,8116.0,8116.0,8166.0,1202.0,1202.0,1197.0,2323.0,2323.0,2324.0
0.0,24279.0,7072.0,6973.0,3470.0,7215.0,2391.0,2391.0,2433.0,2324.0,2324.0,2325.0,2357.0,2357.0,2358.0,8090.0,8090.0,8099.0,2391.0,2391.0,2433.0,2324.0,2324.0,2325.0
0.0,20677.0,7117.0,6976.0,3601.0,10743.0,3565.0,3565.0,3613.0,2325.0,2325.0,2326.0,2372.0,2372.0,2373.0,6905.0,6905.0,6867.0,3565.0,3565.0,3613.0,2325.0,2325.0,2326.0
0.0,17161.0,7093.0,6982.0,7215.0,10645.0,3546.0,3546.0,3553.0,2327.0,2327.0,2328.0,2364.0,2364.0,2365.0,5735.0,5735.0,5691.0,3546.0,3546.0,3553.0,2327.0,2327.0,2328.0
0.0,17283.0,7000.0,6982.0,10743.0,6902.0,2314.0,2314.0,2274.0,2327.0,2327.0,2328.0,2333.0,2333.0,2334.0,5762.0,5762.0,5759.0,2314.0,2314.0,2274.0,2327.0,2327.0,2328.0
0.0,21026.0,6982.0,6985.0,10645.0,3251.0,1099.0,1099.0,1053.0,2328.0,2328.0,2329.0,2327.0,2327.0,2328.0,6994.0,6994.0,7038.0,1099.0,1099.0,1053.0,2328.0,2328.0,2329.0
0.0,24689.0,6958.0,6988.0,6902.0,3319.0,1108.0,1108.0,1103.0,2329.0,2329.0,2330.0,2319.0,2319.0,2320.0,8213.0,8213.0,8263.0,1108.0,1108.0,1103.0,2329.0,2329.0,2330.0
0.0,24633.0,6997.0,6988.0,3251.0,7065.0,2341.0,2341.0,2383.0,2329.0,2329.0,2330.0,2332.0,2332.0,2333.0,8208.0,8208.0,8217.0,2341.0,2341.0,2383.0,2329.0,2329.0,2330.0
0.0,20887.0,7087.0,6991.0,3319.0,10845.0,3599.0,3599.0,3647.0,2330.0,2330.0,2331.0,2362.0,2362.0,2363.0,6975.0,6975.0,6937.0,3599.0,3599.0,3647.0,2330.0,2330.0,2331.0
0.0,17119.0,6961.0,6991.0,7065.0,10741.0,3578.0,3578.0,3585.0,2330.0,2330.0,2331.0,2320.0,2320.0,2321.0,5721.0,5721.0,5677.0,3578.0,3578.0,3585.0,2330.0,2330.0,2331.0
0.0,17223.0,7087.0,6994.0,10845.0,6995.0,2345.0,2345.0,2305.0,2331.0,2331.0,2332.0,2362.0,2362.0,2363.0,5742.0,5742.0,5739.0,2345.0,2345.0,2305.0,2331.0,2331.0,2332.0
0.0,20981.0,7078.0,6997.0,10741.0,3344.0,1130.0,1130.0,1084.0,2332.0,2332.0,2333.0,2359.0,2359.0,2360.0,6979.0,6979.0,7023.0,1130.0,1130.0,1084.0,2332.0,2332.0,2333.0
0.0,24644.0,6985.0,6997.0,6995.0,3334.0,1113.0,1113.0,1108.0,2332.0,2332.0,2333.0,2328.0,2328.0,2329.0,8198.0,8198.0,8248.0,1113.0,1113.0,1108.0,2332.0,2332.0,2333.0
0.0,24654.0,6916.0,6997.0,3344.0,6906.0,2288.0,2288.0,2330.0,2332.0,2332.0,2333.0,2305.0,2305.0,2306.0,8215.0,8215.0,8224.0,2288.0,2288.0,2330.0,2332.0,2332.0,2333.0
0.0,21082.0,7156.0,7000.0,3334.0,10740.0,3564.0,3564.0,3612.0,2333.0,2333.0,2334.0,2385.0,2385.0,2386.0,7040.0,7040.0,7002.0,3564.0,3564.0,3612.0,2333.0,2333.0,2334.0
0.0,17260.0,7249.0,7003.0,6906.0,11095.0,3696.0,3696.0,3703.0,2334.0,2334.0,2335.0,2416.0,2416.0,2417.0,5768.0,5768.0,5724.0,3696.0,3696.0,3703.0,2334.0,2334.0,2335.0
0.0,16917.0,7111.0,7009.0,10740.0,7490.0,2510.0,2510.0,2470.0,2336.0,2336.0,2337.0,2370.0,2370.0,2371.0,5640.0,5640.0,5637.0,2510.0,2510.0,2470.0,2336.0,2336.0,2337.0
0.0,20546.0,6958.0,7009.0,11095.0,3353.0,1133.0,1133.0,1087.0,2336.0,2336.0,2337.0,2319.0,2319.0,2320.0,6834.0,6834.0,6878.0,1133.0,1133.0,1087.0,2336.0,2336.0,2337.0
0.0,24683.0,7159.0,7012.0,7490.0,3034.0,1013.0,1013.0,1008.0,2337.0,2337.0,2338.0,2386.0,2386.0,2387.0,8211.0,8211.0,8261.0,1013.0,1013.0,1008.0,2337.0,2337.0,2338.0
0.0,25014.0,7096.0,7015.0,3353.0,6789.0,2249.0,2249.0,2291.0,2338.0,2338.0,2339.0,2365.0,2365.0,2366.0,8335.0,8335.0,8344.0,2249.0,2249.0,2291.0,2338.0,2338.0,2339.0
0.0,21271.0,6958.0,7015.0,3034.0,10713.0,3555.0,3555.0,3603.0,2338.0,2338.0,2339.0,2319.0,2319.0,2320.0,7103.0,7103.0,7065.0,3555.0,3555.0,3603.0,2338.0,2338.0,2339.0
0.0,17347.0,7078.0,7018.0,6789.0,11014.0,3669.0,3669.0,3676.0,2339.0,2339.0,2340.0,2359.0,2359.0,2360.0,5797.0,5797.0,5753.0,3669.0,3669.0,3676.0,2339.0,2339.0,2340.0
0.0,17058.0,6961.0,7018.0,10713.0,7262.0,2434.0,2434.0,2394.0,2339.0,2339.0,2340.0,2320.0,2320.0,2321.0,5687.0,5687.0,5684.0,2434.0,2434.0,2394.0,2339.0,2339.0,2340.0
0.0,20810.0,7078.0,7015.0,11014.0,3314.0,1120.0,1120.0,1074.0,2338.0,2338.0,2339.0,2359.0,2359.0,2360.0,6922.0,6922.0,6966.0,1120.0,1120.0,1074.0,2338.0,2338.0,2339.0
0.0,24746.0,7240.0,7024.0,7262.0,3328.0,1111.0,1111.0,1106.0,2341.0,2341.0,2342.0,2413.0,2413.0,2414.0,8232.0,8232.0,8282.0,1111.0,1111.0,1106.0,2341.0,2341.0,2342.0
0.0,24768.0,7009.0,7027.0,3314.0,7035.0,2331.0,2331.0,2373.0,2342.0,2342.0,2343.0,2336.0,2336.0,2337.0,8253.0,8253.0,8262.0,2331.0,2331.0,2373.0,2342.0,2342.0,2343.0
0.0,21073.0,7063.0,7024.0,3328.0,10758.0,3570.0,3570.0,3618.0,2341.0,2341.0,2342.0,2354.0,2354.0,2355.0,7037.0,7037.0,6999.0,3570.0,3570.0,3618.0,2341.0,2341.0,2342.0
0.0,17338.0,7066.0,7027.0,7035.0,10801.0,3598.0,3598.0,3605.0,2342.0,2342.0,2343.0,2355.0,2355.0,2356.0,5794.0,5794.0,5750.0,3598.0,3598.0,3605.0,2342.0,2342.0,2343.0
0.0,17307.0,7018.0,7024.0,10758.0,7049.0,2363.0,2363.0,2323.0,2341.0,2341.0,2342.0,2339.0,2339.0,2340.0,5770.0,5770.0,5767.0,2363.0,2363.0,2323.0,2341.0,2341.0,2342.0
0.0,21047.0,7120.0,7027.0,10801.0,3380.0,1142.0,1142.0,1096.0,2342.0,2342.0,2343.0,2373.0,2373.0,2374.0,7001.0,7001.0,7045.0,1142.0,1142.0,1096.0,2342.0,2342.0,2343.0
0.0,24728.0,7006.0,7030.0,7049.0,3349.0,1118.0,1118.0,1113.0,2343.0,2343.0,2344.0,2335.0,2335.0,2336.0,8226.0,8226.0,8276.0,1118.0,1118.0,1113.0,2343.0,2343.0,2344.0
0.0,24771.0,7051.0,7030.0,3380.0,7020.0,2326.0,2326.0,2368.0,2343.0,2343.0,2344.0,2350.0,2350.0,2351.0,8254.0,8254.0,8263.0,2326.0,2326.0,2368.0,2343.0,2343.0,2344.0
0.0,21100.0,7057.0,7033.0,3349.0,10740.0,3564.0,3564.0,3612.0,2344.0,2344.0,2345.0,2352.0,2352.0,2353.0,7046.0,7046.0,7008.0,3564.0,3564.0,3612.0,2344.0,2344.0,2345.0
0.0,17392.0,7084.0,7033.0,7020.0,10804.0,3599.0,3599.0,3606.0,2344.0,2344.0,2345.0,2361.0,2361.0,2362.0,5812.0,5812.0,5768.0,3599.0,3599.0,3606.0,2344.0,2344.0,2345.0
0.0,17328.0,7006.0,7036.0,10740.0,7082.0,2374.0,2374.0,2334.0,2345.0,2345.0,2346.0,2335.0,2335.0,2336.0,5777.0,5777.0,5774.0,2374.0,2374.0,2334.0,2345.0,2345.0,2346.0
0.0,21062.0,7111.0,7036.0,10804.0,3389.0,1145.0,1145.0,1099.0,2345.0,2345.0,2346.0,2370.0,2370.0,2371.0,7006.0,7006.0,7050.0,1145.0,1145.0,1099.0,2345.0,2345.0,2346.0
0.0,24755.0,7081.0,7039.0,7082.0,3400.0,1135.0,1135.0,1130.0,2346.0,2346.0,2347.0,2360.0,2360.0,2361.0,8235.0,8235.0,8285.0,1135.0,1135.0,1130.0,2346.0,2346.0,2347.0
0.0,24756.0,7021.0,7039.0,3389.0,7032.0,2330.0,2330.0,2372.0,2346.0,2346.0,2347.0,2340.0,2340.0,2341.0,8249.0,8249.0,8258.0,2330.0,2330.0,2372.0,2346.0,2346.0,2347.0
0.0,21124.0,7057.0,7039.0,3400.0,10689.0,3547.0,3547.0,3595.0,2346.0,2346.0,2347.0,2352.0,2352.0,2353.0,7054.0,7054.0,7016.0,3547.0,3547.0,3595.0,2346.0,2346.0,2347.0
0.0,17467.0,7066.0,7039.0,7032.0,10723.0,3572.0,3572.0,3579.0,2346.0,2346.0,2347.0,2355.0,2355.0,2356.0,5837.0,5837.0,5793.0,3572.0,3572.0,3579.0,2346.0,2346.0,2347.0
0.0,17433.0,7033.0,7042.0,10689.0,7079.0,2373.0,2373.0,2333.0,2347.0,2347.0,2348.0,2344.0,2344.0,2345.0,5812.0,5812.0,5809.0,2373.0,2373.0,2333.0,2347.0,2347.0,2348.0
0.0,21089.0,6901.0,7042.0,10723.0,3257.0,1101.0,1101.0,1055.0,2347.0,2347.0,2348.0,2300.0,2300.0,2301.0,7015.0,7015.0,7059.0,1101.0,1101.0,1055.0,2347.0,2347.0,2348.0
0.0,24911.0,7135.0,7042.0,7079.0,3313.0,1106.0,1106.0,1101.0,2347.0,2347.0,2348.0,2378.0,2378.0,2379.0,8287.0,8287.0,8337.0,1106.0,1106.0,1101.0,2347.0,2347.0,2348.0
0.0,24855.0,7030.0,7045.0,3257.0,7098.0,2352.0,2352.0,2394.0,2348.0,2348.0,2349.0,2343.0,2343.0,2344.0,8282.0,8282.0,8291.0,2352.0,2352.0,2394.0,2348.0,2348.0,2349.0
0.0,21082.0,7000.0,7048.0,3313.0,10797.0,3583.0,3583.0,3631.0,2349.0,2349.0,2350.0,2333.0,2333.0,2334.0,7040.0,7040.0,7002.0,3583.0,3583.0,3631.0,2349.0,2349.0,2350.0
0.0,17395.0,7018.0,7045.0,7098.0,10705.0,3566.0,3566.0,3573.0,2348.0,2348.0,2349.0,2339.0,2339.0,2340.0,5813.0,5813.0,5769.0,3566.0,3566.0,3573.0,2348.0,2348.0,2349.0
0.0,17475.0,6994.0,7045.0,10797.0,6902.0,2314.0,2314.0,2274.0,2348.0,2348.0,2349.0,2331.0,2331.0,2332.0,5826.0,5826.0,5823.0,2314.0,2314.0,2274.0,2348.0,2348.0,2349.0
0.0,21278.0,7102.0,7048.0,10705.0,3311.0,1119.0,1119.0,1073.0,2349.0,2349.0,2350.0,2367.0,2367.0,2368.0,7078.0,7078.0,7122.0,1119.0,1119.0,1073.0,2349.0,2349.0,2350.0
0.0,24881.0,7024.0,7048.0,6902.0,3433.0,1146.0,1146.0,1141.0,2349.0,2349.0,2350.0,2341.0,2341.0,2342.0,8277.0,8277.0,8327.0,1146.0,1146.0,1141.0,2349.0,2349.0,2350.0
0.0,24759.0,7045.0,7048.0,3311.0,7167.0,2375.0,2375.0,2417.0,2349.0,2349.0,2350.0,2348.0,2348.0,2349.0,8250.0,8250.0,8259.0,2375.0,2375.0,2417.0,2349.0,2349.0,2350.0
0.0,21025.0,6925.0,7045.0,3433.0,10647.0,3533.0,3533.0,3581.0,2348.0,2348.0,2349.0,2308.0,2308.0,2309.0,7021.0,7021.0,6983.0,3533.0,3533.0,3581.0,2348.0,2348.0,2349.0
0.0,17533.0,7105.0,7048.0,7167.0,10597.0,3530.0,3530.0,3537.0,2349.0,2349.0,2350.0,2368.0,2368.0,2369.0,5859.0,5859.0,5815.0,3530.0,3530.0,3537.0,2349.0,2349.0,2350.0
0.0,17595.0,7096.0,7051.0,10647.0,7058.0,2366.0,2366.0,2326.0,2350.0,2350.0,2351.0,2365.0,2365.0,2366.0,5866.0,5866.0,5863.0,2366.0,2366.0,2326.0,2350.0,2350.0,2351.0
0.0,21146.0,7057.0,7051.0,10597.0,3518.0,1188.0,1188.0,1142.0,2350.0,2350.0,2351.0,2352.0,2352.0,2353.0,7034.0,7034.0,7078.0,1188.0,1188.0,1142.0,2350.0,2350.0,2351.0
0.0,24686.0,7015.0,7048.0,7058.0,3463.0,1156.0,1156.0,1151.0,2349.0,2349.0,2350.0,2338.0,2338.0,2339.0,8212.0,8212.0,8262.0,1156.0,1156.0,1151.0,2349.0,2349.0,2350.0
0.0,24729.0,7006.0,7045.0,3518.0,6939.0,2299.0,2299.0,2341.0,2348.0,2348.0,2349.0,2335.0,2335.0,2336.0,8240.0,8240.0,8249.0,2299.0,2299.0,2341.0,2348.0,2348.0,2349.0
0.0,21241.0,7021.0,7046.0,3463.0,10501.0,3483.0,3483.0,3535.0,2348.0,2348.0,2350.0,2340.0,2340.0,2341.0,7093.0,7093.0,7055.0,3483.0,3483.0,3535.0,2348.0,2348.0,2350.0
0.0,17683.0,7126.0,7048.0,6939.0,10696.0,3563.0,3563.0,3570.0,2349.0,2349.0,2350.0,2375.0,2375.0,2376.0,5909.0,5909.0,5865.0,3563.0,3563.0,3570.0,2349.0,2349.0,2350.0
0.0,17496.0,7108.0,7051.0,10501.0,7315.0,2453.0,2453.0,2409.0,2350.0,2350.0,2351.0,2369.0,2369.0,2370.0,5833.0,5833.0,5830.0,2453.0,2453.0,2409.0,2350.0,2350.0,2351.0
0.0,20889.0,6895.0,7051.0,10696.0,3514.0,1188.0,1188.0,1138.0,2350.0,2350.0,2351.0,2298.0,2298.0,2299.0,6947.0,6947.0,6995.0,1188.0,1188.0,1138.0,2350.0,2350.0,2351.0
0.0,24690.0,7186.0,7051.0,7315.0,3385.0,1130.0,1130.0,1125.0,2350.0,2350.0,2351.0,2395.0,2395.0,2396.0,8212.0,8212.0,8266.0,1130.0,1130.0,1125.0,2350.0,2350.0,2351.0
0.0,24819.0,7141.0,7057.0,3514.0,7036.0,2330.0,2330.0,2376.0,2352.0,2352.0,2353.0,2380.0,2380.0,2381.0,8270.0,8270.0,8279.0,2330.0,2330.0,2376.0,2352.0,2352.0,2353.0
0.0,21192.0,7111.0,7057.0,3385.0,10762.0,3570.0,3570.0,3622.0,2352.0,2352.0,2353.0,2370.0,2370.0,2371.0,7078.0,7078.0,7036.0,3570.0,3570.0,3622.0,2352.0,2352.0,2353.0
0.0,17466.0,7156.0,7057.0,7036.0,10882.0,3625.0,3625.0,3632.0,2352.0,2352.0,2353.0,2385.0,2385.0,2386.0,5838.0,5838.0,5790.0,3625.0,3625.0,3632.0,2352.0,2352.0,2353.0
0.0,17346.0,7135.0,7060.0,10762.0,7267.0,2437.0,2437.0,2393.0,2353.0,2353.0,2354.0,2378.0,2378.0,2379.0,5783.0,5783.0,5780.0,2437.0,2437.0,2393.0,2353.0,2353.0,2354.0
0.0,20973.0,7123.0,7063.0,10882.0,3520.0,1190.0,1190.0,1140.0,2354.0,2354.0,2355.0,2374.0,2374.0,2375.0,6975.0,6975.0,7023.0,1190.0,1190.0,1140.0,2354.0,2354.0,2355.0
0.0,24732.0,7192.0,7066.0,7267.0,3457.0,1154.0,1154.0,1149.0,2355.0,2355.0,2356.0,2397.0,2397.0,2398.0,8226.0,8226.0,8280.0,1154.0,1154.0,1149.0,2355.0,2355.0,2356.0
0.0,24807.0,7150.0,7063.0,3520.0,7075.0,2343.0,2343.0,2389.0,2354.0,2354.0,2355.0,2383.0,2383.0,2384.0,8266.0,8266.0,8275.0,2343.0,2343.0,2389.0,2354.0,2354.0,2355.0
0.0,21177.0,7291.0,7066.0,3457.0,10921.0,3623.0,3623.0,3675.0,2355.0,2355.0,2356.0,2430.0,2430.0,2431.0,7073.0,7073.0,7031.0,3623.0,3623.0,3675.0,2355.0,2355.0,2356.0
0.0,17343.0,7262.0,7072.0,7075.0,11132.0,3708.0,3708.0,3716.0,2357.0,2357.0,2358.0,2420.0,2420.0,2422.0,5797.0,5797.0,5749.0,3708.0,3708.0,3716.0,2357.0,2357.0,2358.0
0.0,17156.0,7141.0,7072.0,10921.0,7352.0,2465.0,2465.0,2422.0,2357.0,2357.0,2358.0,2380.0,2380.0,2381.0,5720.0,5720.0,5716.0,2465.0,2465.0,2422.0,2357.0,2357.0,2358.0
0.0,20936.0,7087.0,7072.0,11132.0,3307.0,1119.0,1119.0,1069.0,2357.0,2357.0,2358.0,2362.0,2362.0,2363.0,6963.0,6963.0,7010.0,1119.0,1119.0,1069.0,2357.0,2357.0,2358.0
0.0,24981.0,7171.0,7075.0,7352.0,3138.0,1048.0,1048.0,1042.0,2358.0,2358.0,2359.0,2390.0,2390.0,2391.0,8309.0,8309.0,8363.0,1048.0,1048.0,1042.0,2358.0,2358.0,2359.0
0.0,25162.0,7123.0,7078.0,3307.0,6966.0,2307.0,2307.0,2352.0,2359.0,2359.0,2360.0,2374.0,2374.0,2375.0,8384.0,8384.0,8394.0,2307.0,2307.0,2352.0,2359.0,2359.0,2360.0
0.0,21346.0,7129.0,7081.0,3138.0,10969.0,3639.0,3639.0,3691.0,2360.0,2360.0,2361.0,2376.0,2376.0,2377.0,7129.0,7129.0,7088.0,3639.0,3639.0,3691.0,2360.0,2360.0,2361.0
0.0,17355.0,7096.0,7081.0,6966.0,11099.0,3697.0,3697.0,3705.0,2360.0,2360.0,2361.0,2365.0,2365.0,2366.0,5801.0,5801.0,5753.0,3697.0,3697.0,3705.0,2360.0,2360.0,2361.0
0.0,17225.0,7147.0,7078.0,10969.0,7265.0,2436.0,2436.0,2393.0,2359.0,2359.0,2360.0,2382.0,2382.0,2383.0,5743.0,5743.0,5739.0,2436.0,2436.0,2393.0,2359.0,2359.0,2360.0
0.0,21047.0,7153.0,7081.0,11099.0,3331.0,1127.0,1127.0,1077.0,2360.0,2360.0,2361.0,2384.0,2384.0,2385.0,7000.0,7000.0,7047.0,1127.0,1127.0,1077.0,2360.0,2360.0,2361.0
0.0,24993.0,7108.0,7081.0,7265.0,3174.0,1060.0,1060.0,1054.0,2360.0,2360.0,2361.0,2369.0,2369.0,2370.0,8313.0,8313.0,8367.0,1060.0,1060.0,1054.0,2360.0,2360.0,2361.0
0.0,25150.0,7156.0,7084.0,3331.0,7011.0,2322.0,2322.0,2367.0,2361.0,2361.0,2362.0,2385.0,2385.0,2386.0,8380.0,8380.0,8390.0,2322.0,2322.0,2367.0,2361.0,2361.0,2362.0
0.0,21325.0,7120.0,7087.0,3174.0,10969.0,3639.0,3639.0,3691.0,2362.0,2362.0,2363.0,2373.0,2373.0,2374.0,7122.0,7122.0,7081.0,3639.0,3639.0,3691.0,2362.0,2362.0,2363.0
0.0,17379.0,7096.0,7087.0,7011.0,11054.0,3682.0,3682.0,3690.0,2362.0,2362.0,2363.0,2365.0,2365.0,2366.0,5809.0,5809.0,5761.0,3682.0,3682.0,3690.0,2362.0,2362.0,2363.0
0.0,17294.0,7108.0,7087.0,10969.0,7193.0,2412.0,2412.0,2369.0,2362.0,2362.0,2363.0,2369.0,2369.0,2370.0,5766.0,5766.0,5762.0,2412.0,2412.0,2369.0,2362.0,2362.0,2363.0
0.0,21155.0,7213.0,7090.0,11054.0,3364.0,1138.0,1138.0,1088.0,2363.0,2363.0,2364.0,2404.0,2404.0,2405.0,7036.0,7036.0,7083.0,1138.0,1138.0,1088.0,2363.0,2363.0,2364.0
0.0,24996.0,7084.0,7090.0,7193.0,3255.0,1087.0,1087.0,1081.0,2363.0,2363.0,2364.0,2361.0,2361.0,2362.0,8314.0,8314.0,8368.0,1087.0,1087.0,1081.0,2363.0,2363.0,2364.0
0.0,25105.0,7129.0,7093.0,3364.0,7032.0,2329.0,2329.0,2374.0,2364.0,2364.0,2365.0,2376.0,2376.0,2377.0,8365.0,8365.0,8375.0,2329.0,2329.0,2374.0,2364.0,2364.0,2365.0
0.0,21340.0,7183.0,7096.0,3255.0,10972.0,3640.0,3640.0,3692.0,2365.0,2365.0,2366.0,2394.0,2394.0,2395.0,7127.0,7127.0,7086.0,3640.0,3640.0,3692.0,2365.0,2365.0,2366.0
0.0,17412.0,7087.0,7096.0,7032.0,11027.0,3673.0,3673.0,3681.0,2365.0,2365.0,2366.0,2362.0,2362.0,2363.0,5820.0,5820.0,5772.0,3673.0,3673.0,3681.0,2365.0,2365.0,2366.0
0.0,17357.0,7150.0,7096.0,10972.0,7205.0,2416.0,2416.0,2373.0,2365.0,2365.0,2366.0,2383.0,2383.0,2384.0,5787.0,5787.0,5783.0,2416.0,2416.0,2373.0,2365.0,2365.0,2366.0
0.0,21179.0,7048.0,7096.0,11027.0,3226.0,1092.0,1092.0,1042.0,2365.0,2365.0,2366.0,2349.0,2349.0,2350.0,7044.0,7044.0,7091.0,1092.0,1092.0,1042.0,2365.0,2365.0,2366.0
0.0,25158.0,7090.0,7096.0,7205.0,3111.0,1039.0,1039.0,1033.0,2365.0,2365.0,2366.0,2363.0,2363.0,2364.0,8368.0,8368.0,8422.0,1039.0,1039.0,1033.0,2365.0,2365.0,2366.0
0.0,25273.0,7144.0,7099.0,3226.0,7041.0,2332.0,2332.0,2377.0,2366.0,2366.0,2367.0,2381.0,2381.0,2382.0,8421.0,8421.0,8431.0,2332.0,2332.0,2377.0,2366.0,2366.0,2367.0
0.0,21355.0,7135.0,7102.0,3111.0,11077.0,3675.0,3675.0,3727.0,2367.0,2367.0,2368.0,2378.0,2378.0,2379.0,7132.0,7132.0,7091.0,3675.0,3675.0,3727.0,2367.0,2367.0,2368.0
0.0,17331.0,7132.0,7105.0,7041.0,11180.0,3724.0,3724.0,3732.0,2368.0,2368.0,2369.0,2377.0,2377.0,2378.0,5793.0,5793.0,5745.0,3724.0,3724.0,3732.0,2368.0,2368.0,2369.0
0.0,17240.0,7264.0,7108.0,11077.0,7379.0,2474.0,2474.0,2431.0,2369.0,2369.0,2370.0,2421.0,2421.0,2422.0,5748.0,5748.0,5744.0,2474.0,2474.0,2431.0,2369.0,2369.0,2370.0
0.0,21053.0,6985.0,7108.0,11180.0,3184.0,1078.0,1078.0,1028.0,2369.0,2369.0,2370.0,2328.0,2328.0,2329.0,7002.0,7002.0,7049.0,1078.0,1078.0,1028.0,2369.0,2369.0,2370.0
0.0,25248.0,7153.0,7111.0,7379.0,2970.0,992.0,992.0,986.0,2370.0,2370.0,2371.0,2384.0,2384.0,2385.0,8398.0,8398.0,8452.0,992.0,992.0,986.0,2370.0,2370.0,2371.0
0.0,25474.0,7153.0,7112.0,3184.0,6943.0,2298.0,2298.0,2347.0,2370.0,2370.0,2372.0,2384.0,2384.0,2385.0,8488.0,8488.0,8498.0,2298.0,2298.0,2347.0,2370.0,2370.0,2372.0
0.0,21505.0,7234.0,7117.0,2970.0,11227.0,3725.0,3725.0,3777.0,2372.0,2372.0,2373.0,2411.0,2411.0,2412.0,7182.0,7182.0,7141.0,3725.0,3725.0,3777.0,2372.0,2372.0,2373.0
0.0,17241.0,7198.0,7120.0,6943.0,11494.0,3830.0,3830.0,3834.0,2373.0,2373.0,2374.0,2399.0,2399.0,2400.0,5763.0,5763.0,5715.0,3830.0,3830.0,3834.0,2373.0,2373.0,2374.0
0.0,16986.0,7201.0,7123.0,11227.0,7480.0,2509.0,2509.0,2462.0,2374.0,2374.0,2375.0,2400.0,2400.0,2401.0,5662.0,5662.0,5662.0,2509.0,2509.0,2462.0,2374.0,2374.0,2375.0
0.0,21012.0,7063.0,7123.0,11494.0,3049.0,1033.0,1033.0,983.0,2374.0,2374.0,2375.0,2354.0,2354.0,2355.0,6987.0,6987.0,7038.0,1033.0,1033.0,983.0,2374.0,2374.0,2375.0
0.0,25443.0,7273.0,7129.0,7480.0,2866.0,956.0,956.0,954.0,2376.0,2376.0,2377.0,2424.0,2424.0,2425.0,8463.0,8463.0,8517.0,956.0,956.0,954.0,2376.0,2376.0,2377.0
0.0,25650.0,7201.0,7132.0,3049.0,7030.0,2327.0,2327.0,2376.0,2377.0,2377.0,2378.0,2400.0,2400.0,2401.0,8548.0,8548.0,8554.0,2327.0,2327.0,2376.0,2377.0,2377.0,2378.0
0.0,21498.0,7210.0,7132.0,2866.0,11374.0,3774.0,3774.0,3826.0,2377.0,2377.0,2378.0,2403.0,2403.0,2404.0,7181.0,7181.0,7136.0,3774.0,3774.0,3826.0,2377.0,2377.0,2378.0
0.0,17154.0,7036.0,7132.0,7030.0,11380.0,3792.0,3792.0,3796.0,2377.0,2377.0,2378.0,2345.0,2345.0,2346.0,5734.0,5734.0,5686.0,3792.0,3792.0,3796.0,2377.0,2377.0,2378.0
0.0,17148.0,7144.0,7135.0,11374.0,7162.0,2403.0,2403.0,2356.0,2378.0,2378.0,2379.0,2381.0,2381.0,2382.0,5716.0,5716.0,5716.0,2403.0,2403.0,2356.0,2378.0,2378.0,2379.0
0.0,21378.0,7033.0,7135.0,11380.0,2815.0,955.0,955.0,905.0,2378.0,2378.0,2379.0,2344.0,2344.0,2345.0,7109.0,7109.0,7160.0,955.0,955.0,905.0,2378.0,2378.0,2379.0
0.0,25725.0,7144.0,7138.0,7162.0,2809.0,937.0,937.0,935.0,2379.0,2379.0,2380.0,2381.0,2381.0,2382.0,8557.0,8557.0,8611.0,937.0,937.0,935.0,2379.0,2379.0,2380.0
0.0,25743.0,7168.0,7138.0,2815.0,7162.0,2371.0,2371.0,2420.0,2379.0,2379.0,2380.0,2389.0,2389.0,2390.0,8579.0,8579.0,8585.0,2371.0,2371.0,2420.0,2379.0,2379.0,2380.0
0.0,21390.0,6979.0,7138.0,2809.0,11332.0,3760.0,3760.0,3812.0,2379.0,2379.0,2380.0,2326.0,2326.0,2327.0,7145.0,7145.0,7100.0,3760.0,3760.0,3812.0,2379.0,2379.0,2380.0
0.0,17220.0,7126.0,7141.0,7162.0,11308.0,3768.0,3768.0,3772.0,2380.0,2380.0,2381.0,2375.0,2375.0,2376.0,5756.0,5756.0,5708.0,3768.0,3768.0,3772.0,2380.0,2380.0,2381.0
0.0,17256.0,7075.0,7138.0,11332.0,7039.0,2362.0,2362.0,2315.0,2379.0,2379.0,2380.0,2358.0,2358.0,2359.0,5752.0,5752.0,5752.0,2362.0,2362.0,2315.0,2379.0,2379.0,2380.0
0.0,21513.0,7084.0,7138.0,11308.0,2815.0,955.0,955.0,905.0,2379.0,2379.0,2380.0,2361.0,2361.0,2362.0,7154.0,7154.0,7205.0,955.0,955.0,905.0,2379.0,2379.0,2380.0
0.0,25737.0,7159.0,7138.0,7039.0,2935.0,979.0,979.0,977.0,2379.0,2379.0,2380.0,2386.0,2386.0,2387.0,8561.0,8561.0,8615.0,979.0,979.0,977.0,2379.0,2379.0,2380.0
0.0,25617.0,7105.0,7138.0,2815.0,7225.0,2392.0,2392.0,2441.0,2379.0,2379.0,2380.0,2368.0,2368.0,2369.0,8537.0,8537.0,8543.0,2392.0,2392.0,2441.0,2379.0,2379.0,2380.0
0.0,21327.0,7159.0,7138.0,2935.0,11449.0,3799.0,3799.0,3851.0,2379.0,2379.0,2380.0,2386.0,2386.0,2387.0,7124.0,7124.0,7079.0,3799.0,3799.0,3851.0,2379.0,2379.0,2380.0
0.0,17103.0,7234.0,7141.0,7225.0,11470.0,3822.0,3822.0,3826.0,2380.0,2380.0,2381.0,2411.0,2411.0,2412.0,5717.0,5717.0,5669.0,3822.0,3822.0,3826.0,2380.0,2380.0,2381.0
0.0,17094.0,7355.0,7144.0,11449.0,7388.0,2478.0,2478.0,2432.0,2381.0,2381.0,2382.0,2451.0,2451.0,2453.0,5698.0,5698.0,5698.0,2478.0,2478.0,2432.0,2381.0,2381.0,2382.0
0.0,21188.0,7234.0,7144.0,11470.0,3152.0,1067.0,1067.0,1018.0,2381.0,2381.0,2382.0,2411.0,2411.0,2412.0,7046.0,7046.0,7096.0,1067.0,1067.0,1018.0,2381.0,2381.0,2382.0
0.0,25424.0,7147.0,7142.0,7388.0,2903.0,967.0,967.0,969.0,2380.0,2380.0,2382.0,2382.0,2382.0,2383.0,8457.0,8457.0,8510.0,967.0,967.0,969.0,2380.0,2380.0,2382.0
0.0,25665.0,7069.0,7138.0,3152.0,6804.0,2252.0,2252.0,2300.0,2379.0,2379.0,2380.0,2356.0,2356.0,2357.0,8553.0,8553.0,8559.0,2252.0,2252.0,2300.0,2379.0,2379.0,2380.0
0.0,21748.0,7156.0,7138.0,2903.0,11057.0,3670.0,3670.0,3717.0,2379.0,2379.0,2380.0,2385.0,2385.0,2386.0,7264.0,7264.0,7220.0,3670.0,3670.0,3717.0,2379.0,2379.0,2380.0
0.0,17495.0,7099.0,7138.0,6804.0,11352.0,3784.0,3784.0,3784.0,2379.0,2379.0,2380.0,2366.0,2366.0,2367.0,5846.0,5846.0,5803.0,3784.0,3784.0,3784.0,2379.0,2379.0,2380.0
0.0,17200.0,7147.0,7138.0,11057.0,7442.0,2496.0,2496.0,2450.0,2379.0,2379.0,2380.0,2382.0,2382.0,2383.0,5732.0,5732.0,5736.0,2496.0,2496.0,2450.0,2379.0,2379.0,2380.0
0.0,21110.0,7213.0,7141.0,11352.0,3315.0,1120.0,1120.0,1075.0,2380.0,2380.0,2381.0,2404.0,2404.0,2405.0,7020.0,7020.0,7070.0,1120.0,1120.0,1075.0,2380.0,2380.0,2381.0
0.0,25249.0,7105.0,7141.0,7442.0,2978.0,992.0,992.0,994.0,2380.0,2380.0,2381.0,2368.0,2368.0,2369.0,8400.0,8400.0,8449.0,992.0,992.0,994.0,2380.0,2380.0,2381.0
0.0,25586.0,7204.0,7141.0,3315.0,6867.0,2273.0,2273.0,2321.0,2380.0,2380.0,2381.0,2401.0,2401.0,2402.0,8528.0,8528.0,8530.0,2273.0,2273.0,2321.0,2380.0,2380.0,2381.0
0.0,21697.0,7216.0,7144.0,2978.0,11117.0,3690.0,3690.0,3737.0,2381.0,2381.0,2382.0,2405.0,2405.0,2406.0,7247.0,7247.0,7203.0,3690.0,3690.0,3737.0,2381.0,2381.0,2382.0
0.0,17459.0,7228.0,7144.0,6867.0,11478.0,3826.0,3826.0,3826.0,2381.0,2381.0,2382.0,2409.0,2409.0,2410.0,5834.0,5834.0,5791.0,3826.0,3826.0,3826.0,2381.0,2381.0,2382.0
0.0,17098.0,7201.0,7147.0,11117.0,7574.0,2540.0,2540.0,2494.0,2382.0,2382.0,2383.0,2400.0,2400.0,2401.0,5698.0,5698.0,5702.0,2540.0,2540.0,2494.0,2382.0,2382.0,2383.0
0.0,21014.0,7309.0,7150.0,11478.0,3417.0,1154.0,1154.0,1109.0,2383.0,2383.0,2384.0,2436.0,2436.0,2437.0,6988.0,6988.0,7038.0,1154.0,1154.0,1109.0,2383.0,2383.0,2384.0
0.0,25183.0,7159.0,7150.0,7574.0,3002.0,1000.0,1000.0,1002.0,2383.0,2383.0,2384.0,2386.0,2386.0,2387.0,8378.0,8378.0,8427.0,1000.0,1000.0,1002.0,2383.0,2383.0,2384.0
0.0,25598.0,7243.0,7153.0,3417.0,6840.0,2264.0,2264.0,2312.0,2384.0,2384.0,2385.0,2414.0,2414.0,2415.0,8532.0,8532.0,8534.0,2264.0,2264.0,2312.0,2384.0,2384.0,2385.0
0.0,21772.0,7144.0,7153.0,3002.0,10982.0,3645.0,3645.0,3692.0,2384.0,2384.0,2385.0,2381.0,2381.0,2382.0,7272.0,7272.0,7228.0,3645.0,3645.0,3692.0,2384.0,2384.0,2385.0
0.0,17630.0,7258.0,7156.0,6840.0,11412.0,3804.0,3804.0,3804.0,2385.0,2385.0,2386.0,2419.0,2419.0,2420.0,5891.0,5891.0,5848.0,3804.0,3804.0,3804.0,2385.0,2385.0,2386.0
0.0,17212.0,7201.0,7156.0,10982.0,7631.0,2559.0,2559.0,2513.0,2385.0,2385.0,2386.0,2400.0,2400.0,2401.0,5736.0,5736.0,5740.0,2559.0,2559.0,2513.0,2385.0,2385.0,2386.0
0.0,20993.0,7249.0,7159.0,11412.0,3480.0,1175.0,1175.0,1130.0,2386.0,2386.0,2387.0,2416.0,2416.0,2417.0,6981.0,6981.0,7031.0,1175.0,1175.0,1130.0,2386.0,2386.0,2387.0
0.0,25156.0,7126.0,7159.0,7631.0,2975.0,991.0,991.0,993.0,2386.0,2386.0,2387.0,2375.0,2375.0,2376.0,8369.0,8369.0,8418.0,991.0,991.0,993.0,2386.0,2386.0,2387.0
0.0,25661.0,7099.0,7159.0,3480.0,6594.0,2182.0,2182.0,2230.0,2386.0,2386.0,2387.0,2366.0,2366.0,2367.0,8553.0,8553.0,8555.0,2182.0,2182.0,2230.0,2386.0,2386.0,2387.0
0.0,22042.0,7144.0,7159.0,2975.0,10763.0,3572.0,3572.0,3619.0,2386.0,2386.0,2387.0,2381.0,2381.0,2382.0,7362.0,7362.0,7318.0,3572.0,3572.0,3619.0,2386.0,2386.0,2387.0
0.0,17873.0,7240.0,7162.0,6594.0,11421.0,3807.0,3807.0,3807.0,2387.0,2387.0,2388.0,2413.0,2413.0,2414.0,5972.0,5972.0,5929.0,3807.0,3807.0,3807.0,2387.0,2387.0,2388.0
0.0,17227.0,7258.0,7165.0,10763.0,7928.0,2658.0,2658.0,2612.0,2388.0,2388.0,2389.0,2419.0,2419.0,2420.0,5741.0,5741.0,5745.0,2658.0,2658.0,2612.0,2388.0,2388.0,2389.0
0.0,20732.0,7234.0,7168.0,11421.0,3753.0,1266.0,1266.0,1221.0,2389.0,2389.0,2390.0,2411.0,2411.0,2412.0,6894.0,6894.0,6944.0,1266.0,1266.0,1221.0,2389.0,2389.0,2390.0
0.0,24919.0,7273.0,7171.0,7928.0,3110.0,1036.0,1036.0,1038.0,2390.0,2390.0,2391.0,2424.0,2424.0,2425.0,8290.0,8290.0,8339.0,1036.0,1036.0,1038.0,2390.0,2390.0,2391.0
0.0,25574.0,7051.0,7168.0,3753.0,6396.0,2116.0,2116.0,2164.0,2389.0,2389.0,2390.0,2350.0,2350.0,2351.0,8524.0,8524.0,8526.0,2116.0,2116.0,2164.0,2389.0,2389.0,2390.0
0.0,22276.0,7144.0,7165.0,3110.0,10418.0,3457.0,3457.0,3504.0,2388.0,2388.0,2389.0,2381.0,2381.0,2382.0,7440.0,7440.0,7396.0,3457.0,3457.0,3504.0,2388.0,2388.0,2389.0
0.0,18242.0,7141.0,7168.0,6396.0,11175.0,3725.0,3725.0,3725.0,2389.0,2389.0,2390.0,2380.0,2380.0,2381.0,6095.0,6095.0,6052.0,3725.0,3725.0,3725.0,2389.0,2389.0,2390.0
0.0,17497.0,7057.0,7168.0,10418.0,7814.0,2620.0,2620.0,2574.0,2389.0,2389.0,2390.0,2352.0,2352.0,2353.0,5831.0,5831.0,5835.0,2620.0,2620.0,2574.0,2389.0,2389.0,2390.0
0.0,20858.0,7231.0,7168.0,11175.0,3870.0,1305.0,1305.0,1260.0,2389.0,2389.0,2390.0,2410.0,2410.0,2411.0,6936.0,6936.0,6986.0,1305.0,1305.0,1260.0,2389.0,2389.0,2390.0
0.0,24802.0,7114.0,7165.0,7814.0,3158.0,1052.0,1052.0,1054.0,2388.0,2388.0,2389.0,2371.0,2371.0,2372.0,8251.0,8251.0,8300.0,1052.0,1052.0,1054.0,2388.0,2388.0,2389.0
0.0,25502.0,7255.0,7168.0,3870.0,6555.0,2169.0,2169.0,2217.0,2389.0,2389.0,2390.0,2418.0,2418.0,2419.0,8500.0,8500.0,8502.0,2169.0,2169.0,2217.0,2389.0,2389.0,2390.0
0.0,22117.0,7189.0,7168.0,3158.0,10586.0,3513.0,3513.0,3560.0,2389.0,2389.0,2390.0,2396.0,2396.0,2397.0,7387.0,7387.0,7343.0,3513.0,3513.0,3560.0,2389.0,2389.0,2390.0
0.0,18086.0,7225.0,7171.0,6555.0,11268.0,3756.0,3756.0,3756.0,2390.0,2390.0,2391.0,2408.0,2408.0,2409.0,6043.0,6043.0,6000.0,3756.0,3756.0,3756.0,2390.0,2390.0,2391.0
0.0,17416.0,7312.0,7171.0,10586.0,7994.0,2680.0,2680.0,2634.0,2390.0,2390.0,2391.0,2437.0,2437.0,2438.0,5804.0,5804.0,5808.0,2680.0,2680.0,2634.0,2390.0,2390.0,2391.0
0.0,20690.0,7051.0,7168.0,11268.0,3765.0,1270.0,1270.0,1225.0,2389.0,2389.0,2390.0,2350.0,2350.0,2351.0,6880.0,6880.0,6930.0,1270.0,1270.0,1225.0,2389.0,2389.0,2390.0
0.0,24907.0,7267.0,7168.0,7994.0,3038.0,1012.0,1012.0,1014.0,2389.0,2389.0,2390.0,2422.0,2422.0,2423.0,8286.0,8286.0,8335.0,1012.0,1012.0,1014.0,2389.0,2389.0,2390.0
0.0,25634.0,7303.0,7174.0,3765.0,6600.0,2184.0,2184.0,2232.0,2391.0,2391.0,2392.0,2434.0,2434.0,2435.0,8544.0,8544.0,8546.0,2184.0,2184.0,2232.0,2391.0,2391.0,2392.0
0.0,22096.0,7123.0,7174.0,3038.0,10685.0,3546.0,3546.0,3593.0,2391.0,2391.0,2392.0,2374.0,2374.0,2375.0,7380.0,7380.0,7336.0,3546.0,3546.0,3593.0,2391.0,2391.0,2392.0
0.0,18011.0,7318.0,7180.0,6600.0,11427.0,3809.0,3809.0,3809.0,2393.0,2393.0,2394.0,2439.0,2439.0,2440.0,6018.0,6018.0,5975.0,3809.0,3809.0,3809.0,2393.0,2393.0,2394.0
0.0,17293.0,7189.0,7180.0,10685.0,7931.0,2659.0,2659.0,2613.0,2393.0,2393.0,2394.0,2396.0,2396.0,2397.0,5763.0,5763.0,5767.0,2659.0,2659.0,2613.0,2393.0,2393.0,2394.0
0.0,20789.0,7135.0,7180.0,11427.0,3639.0,1228.0,1228.0,1183.0,2393.0,2393.0,2394.0,2378.0,2378.0,2379.0,6913.0,6913.0,6963.0,1228.0,1228.0,1183.0,2393.0,2393.0,2394.0
0.0,25081.0,7267.0,7186.0,7931.0,2999.0,999.0,999.0,1001.0,2395.0,2395.0,2396.0,2422.0,2422.0,2423.0,8344.0,8344.0,8393.0,999.0,999.0,1001.0,2395.0,2395.0,2396.0
0.0,25745.0,7282.0,7189.0,3639.0,6654.0,2202.0,2202.0,2250.0,2396.0,2396.0,2397.0,2427.0,2427.0,2428.0,8581.0,8581.0,8583.0,2202.0,2202.0,2250.0,2396.0,2396.0,2397.0
0.0,22102.0,7225.0,7192.0,2999.0,10892.0,3615.0,3615.0,3662.0,2397.0,2397.0,2398.0,2408.0,2408.0,2409.0,7382.0,7382.0,7338.0,3615.0,3615.0,3662.0,2397.0,2397.0,2398.0
0.0,17876.0,7241.0,7195.0,6654.0,11491.0,3830.0,3830.0,3831.0,2398.0,2398.0,2399.0,2413.0,2413.0,2415.0,5973.0,5973.0,5930.0,3830.0,3830.0,3831.0,2398.0,2398.0,2399.0
0.0,17289.0,7243.0,7195.0,10892.0,7842.0,2629.0,2629.0,2584.0,2398.0,2398.0,2399.0,2414.0,2414.0,2415.0,5762.0,5762.0,5765.0,2629.0,2629.0,2584.0,2398.0,2398.0,2399.0
0.0,20938.0,7273.0,7198.0,11491.0,3636.0,1227.0,1227.0,1182.0,2399.0,2399.0,2400.0,2424.0,2424.0,2425.0,6963.0,6963.0,7012.0,1227.0,1227.0,1182.0,2399.0,2399.0,2400.0
0.0,25156.0,7141.0,7198.0,7842.0,2935.0,978.0,978.0,979.0,2399.0,2399.0,2400.0,2380.0,2380.0,2381.0,8369.0,8369.0,8418.0,978.0,978.0,979.0,2399.0,2399.0,2400.0
0.0,25857.0,7282.0,7198.0,3636.0,6581.0,2178.0,2178.0,2225.0,2399.0,2399.0,2400.0,2427.0,2427.0,2428.0,8618.0,8618.0,8621.0,2178.0,2178.0,2225.0,2399.0,2399.0,2400.0
0.0,22211.0,7213.0,7198.0,2935.0,10859.0,3604.0,3604.0,3651.0,2399.0,2399.0,2400.0,2404.0,2404.0,2405.0,7418.0,7418.0,7375.0,3604.0,3604.0,3651.0,2399.0,2399.0,2400.0
0.0,17933.0,7285.0,7198.0,6581.0,11563.0,3854.0,3854.0,3855.0,2399.0,2399.0,2400.0,2428.0,2428.0,2429.0,5992.0,5992.0,5949.0,3854.0,3854.0,3855.0,2399.0,2399.0,2400.0
0.0,17229.0,7363.0,7201.0,10859.0,8079.0,2708.0,2708.0,2663.0,2400.0,2400.0,2401.0,2454.0,2454.0,2455.0,5742.0,5742.0,5745.0,2708.0,2708.0,2663.0,2400.0,2400.0,2401.0
0.0,20725.0,7300.0,7207.0,11563.0,3840.0,1295.0,1295.0,1250.0,2402.0,2402.0,2403.0,2433.0,2433.0,2434.0,6892.0,6892.0,6941.0,1295.0,1295.0,1250.0,2402.0,2402.0,2403.0
0.0,24988.0,7273.0,7208.0,8079.0,3038.0,1011.0,1011.0,1016.0,2402.0,2402.0,2404.0,2424.0,2424.0,2425.0,8313.0,8313.0,8362.0,1011.0,1011.0,1016.0,2402.0,2402.0,2404.0
0.0,25794.0,7366.0,7213.0,3840.0,6584.0,2179.0,2179.0,2226.0,2404.0,2404.0,2405.0,2455.0,2455.0,2456.0,8597.0,8597.0,8600.0,2179.0,2179.0,2226.0,2404.0,2404.0,2405.0
0.0,22268.0,7120.0,7213.0,3038.0,10666.0,3541.0,3541.0,3584.0,2404.0,2404.0,2405.0,2373.0,2373.0,2374.0,7437.0,7437.0,7394.0,3541.0,3541.0,3584.0,2404.0,2404.0,2405.0
0.0,18186.0,7246.0,7213.0,6584.0,11328.0,3777.0,3777.0,3774.0,2404.0,2404.0,2405.0,2415.0,2415.0,2416.0,6075.0,6075.0,6036.0,3777.0,3777.0,3774.0,2404.0,2404.0,2405.0
0.0,17524.0,7168.0,7216.0,10666.0,7842.0,2629.0,2629.0,2584.0,2405.0,2405.0,2406.0,2389.0,2389.0,2390.0,5839.0,5839.0,5846.0,2629.0,2629.0,2584.0,2405.0,2405.0,2406.0
0.0,21022.0,7345.0,7219.0,11328.0,3871.0,1304.0,1304.0,1263.0,2406.0,2406.0,2407.0,2448.0,2448.0,2449.0,6991.0,6991.0,7040.0,1304.0,1304.0,1263.0,2406.0,2406.0,2407.0
0.0,25005.0,7291.0,7219.0,7842.0,3320.0,1105.0,1105.0,1110.0,2406.0,2406.0,2407.0,2430.0,2430.0,2431.0,8320.0,8320.0,8365.0,1105.0,1105.0,1110.0,2406.0,2406.0,2407.0
0.0,25556.0,7339.0,7222.0,3871.0,6800.0,2251.0,2251.0,2298.0,2407.0,2407.0,2408.0,2446.0,2446.0,2447.0,8519.0,8519.0,8518.0,2251.0,2251.0,2298.0,2407.0,2407.0,2408.0
0.0,22088.0,7285.0,7222.0,3320.0,10765.0,3574.0,3574.0,3617.0,2407.0,2407.0,2408.0,2428.0,2428.0,2429.0,7377.0,7377.0,7334.0,3574.0,3574.0,3617.0,2407.0,2407.0,2408.0
0.0,18123.0,7402.0,7225.0,6800.0,11379.0,3794.0,3794.0,3791.0,2408.0,2408.0,2409.0,2467.0,2467.0,2468.0,6054.0,6054.0,6015.0,3794.0,3794.0,3791.0,2408.0,2408.0,2409.0
0.0,17521.0,7408.0,7228.0,10765.0,8034.0,2693.0,2693.0,2648.0,2409.0,2409.0,2410.0,2469.0,2469.0,2470.0,5838.0,5838.0,5845.0,2693.0,2693.0,2648.0,2409.0,2409.0,2410.0
0.0,20878.0,7318.0,7231.0,11379.0,3985.0,1342.0,1342.0,1301.0,2410.0,2410.0,2411.0,2439.0,2439.0,2440.0,6943.0,6943.0,6992.0,1342.0,1342.0,1301.0,2410.0,2410.0,2411.0
0.0,24939.0,7360.0,7234.0,8034.0,3323.0,1106.0,1106.0,1111.0,2411.0,2411.0,2412.0,2453.0,2453.0,2454.0,8298.0,8298.0,8343.0,1106.0,1106.0,1111.0,2411.0,2411.0,2412.0
0.0,25613.0,7354.0,7237.0,3985.0,6704.0,2219.0,2219.0,2266.0,2412.0,2412.0,2413.0,2451.0,2451.0,2452.0,8538.0,8538.0,8537.0,2219.0,2219.0,2266.0,2412.0,2412.0,2413.0
0.0,22244.0,7291.0,7240.0,3323.0,10684.0,3547.0,3547.0,3590.0,2413.0,2413.0,2414.0,2430.0,2430.0,2431.0,7429.0,7429.0,7386.0,3547.0,3547.0,3590.0,2413.0,2413.0,2414.0
0.0,18276.0,7432.0,7243.0,6704.0,11424.0,3809.0,3809.0,3806.0,2414.0,2414.0,2415.0,2477.0,2477.0,2478.0,6105.0,6105.0,6066.0,3809.0,3809.0,3806.0,2414.0,2414.0,2415.0
0.0,17548.0,7336.0,7246.0,10684.0,8088.0,2711.0,2711.0,2666.0,2415.0,2415.0,2416.0,2445.0,2445.0,2446.0,5847.0,5847.0,5854.0,2711.0,2711.0,2666.0,2415.0,2415.0,2416.0
0.0,20896.0,7234.0,7249.0,11424.0,3910.0,1317.0,1317.0,1276.0,2416.0,2416.0,2417.0,2411.0,2411.0,2412.0,6949.0,6949.0,6998.0,1317.0,1317.0,1276.0,2416.0,2416.0,2417.0
0.0,25086.0,7204.0,7249.0,8088.0,3026.0,1007.0,1007.0,1012.0,2416.0,2416.0,2417.0,2401.0,2401.0,2402.0,8347.0,8347.0,8392.0,1007.0,1007.0,1012.0,2416.0,2416.0,2417.0
0.0,25970.0,7252.0,7249.0,3910.0,6368.0,2107.0,2107.0,2154.0,2416.0,2416.0,2417.0,2417.0,2417.0,2418.0,8657.0,8657.0,8656.0,2107.0,2107.0,2154.0,2416.0,2416.0,2417.0
0.0,22628.0,7321.0,7252.0,3026.0,10675.0,3544.0,3544.0,3587.0,2417.0,2417.0,2418.0,2440.0,2440.0,2441.0,7557.0,7557.0,7514.0,3544.0,3544.0,3587.0,2417.0,2417.0,2418.0
0.0,18333.0,7153.0,7249.0,6368.0,11448.0,3817.0,3817.0,3814.0,2416.0,2416.0,2417.0,2384.0,2384.0,2385.0,6124.0,6124.0,6085.0,3817.0,3817.0,3814.0,2416.0,2416.0,2417.0
0.0,17548.0,7336.0,7252.0,10675.0,8121.0,2722.0,2722.0,2677.0,2417.0,2417.0,2418.0,2445.0,2445.0,2446.0,5847.0,5847.0,5854.0,2722.0,2722.0,2677.0,2417.0,2417.0,2418.0
0.0,20887.0,7351.0,7258.0,11448.0,4048.0,1363.0,1363.0,1322.0,2419.0,2419.0,2420.0,2450.0,2450.0,2451.0,6946.0,6946.0,6995.0,1363.0,1363.0,1322.0,2419.0,2419.0,2420.0
0.0,24984.0,7229.0,7258.0,8121.0,3156.0,1050.0,1050.0,1056.0,2419.0,2419.0,2420.0,2409.0,2409.0,2411.0,8313.0,8313.0,8358.0,1050.0,1050.0,1056.0,2419.0,2419.0,2420.0
0.0,25876.0,7183.0,7258.0,4048.0,6291.0,2081.0,2081.0,2129.0,2419.0,2419.0,2420.0,2394.0,2394.0,2395.0,8626.0,8626.0,8624.0,2081.0,2081.0,2129.0,2419.0,2419.0,2420.0
0.0,22741.0,7324.0,7264.0,3156.0,10483.0,3480.0,3480.0,3523.0,2421.0,2421.0,2422.0,2441.0,2441.0,2442.0,7595.0,7595.0,7551.0,3480.0,3480.0,3523.0,2421.0,2421.0,2422.0
0.0,18573.0,7234.0,7264.0,6291.0,11426.0,3810.0,3810.0,3806.0,2421.0,2421.0,2422.0,2411.0,2411.0,2412.0,6204.0,6204.0,6165.0,3810.0,3810.0,3806.0,2421.0,2421.0,2422.0
0.0,17630.0,7258.0,7267.0,10483.0,8213.0,2753.0,2753.0,2707.0,2422.0,2422.0,2423.0,2419.0,2419.0,2420.0,5874.0,5874.0,5882.0,2753.0,2753.0,2707.0,2422.0,2422.0,2423.0
0.0,20855.0,7318.0,7268.0,11426.0,4109.0,1382.0,1382.0,1345.0,2422.0,2422.0,2424.0,2439.0,2439.0,2440.0,6935.0,6935.0,6985.0,1382.0,1382.0,1345.0,2422.0,2422.0,2424.0
0.0,24963.0,7351.0,7273.0,8213.0,3267.0,1087.0,1087.0,1093.0,2424.0,2424.0,2425.0,2450.0,2450.0,2451.0,8306.0,8306.0,8351.0,1087.0,1087.0,1093.0,2424.0,2424.0,2425.0
0.0,25825.0,7195.0,7270.0,4109.0,6341.0,2099.0,2099.0,2143.0,2423.0,2423.0,2424.0,2398.0,2398.0,2399.0,8609.0,8609.0,8607.0,2099.0,2099.0,2143.0,2423.0,2423.0,2424.0
0.0,22739.0,7162.0,7267.0,3267.0,10224.0,3395.0,3395.0,3434.0,2422.0,2422.0,2423.0,2387.0,2387.0,2388.0,7593.0,7593.0,7553.0,3395.0,3395.0,3434.0,2422.0,2422.0,2423.0
0.0,18844.0,7330.0,7273.0,6341.0,11237.0,3747.0,3747.0,3743.0,2424.0,2424.0,2425.0,2443.0,2443.0,2444.0,6293.0,6293.0,6258.0,3747.0,3747.0,3743.0,2424.0,2424.0,2425.0
0.0,17855.0,7348.0,7276.0,10224.0,8373.0,2805.0,2805.0,2763.0,2425.0,2425.0,2426.0,2449.0,2449.0,2450.0,5949.0,5949.0,5957.0,2805.0,2805.0,2763.0,2425.0,2425.0,2426.0
0.0,20731.0,7195.0,7273.0,11237.0,4319.0,1452.0,1452.0,1415.0,2424.0,2424.0,2425.0,2398.0,2398.0,2399.0,6895.0,6895.0,6941.0,1452.0,1452.0,1415.0,2424.0,2424.0,2425.0
0.0,24773.0,7297.0,7276.0,8373.0,3255.0,1083.0,1083.0,1089.0,2425.0,2425.0,2426.0,2432.0,2432.0,2433.0,8244.0,8244.0,8285.0,1083.0,1083.0,1089.0,2425.0,2425.0,2426.0
0.0,25849.0,7439.0,7279.0,4319.0,6387.0,2114.0,2114.0,2159.0,2426.0,2426.0,2427.0,2479.0,2479.0,2481.0,8617.0,8617.0,8615.0,2114.0,2114.0,2159.0,2426.0,2426.0,2427.0
0.0,22729.0,7336.0,7282.0,3255.0,10480.0,3480.0,3480.0,3520.0,2427.0,2427.0,2428.0,2445.0,2445.0,2446.0,7590.0,7590.0,7549.0,3480.0,3480.0,3520.0,2427.0,2427.0,2428.0
0.0,18648.0,7159.0,7282.0,6387.0,11252.0,3752.0,3752.0,3748.0,2427.0,2427.0,2428.0,2386.0,2386.0,2387.0,6228.0,6228.0,6192.0,3752.0,3752.0,3748.0,2427.0,2427.0,2428.0
0.0,17876.0,7285.0,7282.0,10480.0,8057.0,2700.0,2700.0,2657.0,2427.0,2427.0,2428.0,2428.0,2428.0,2429.0,5956.0,5956.0,5964.0,2700.0,2700.0,2657.0,2427.0,2427.0,2428.0
0.0,21071.0,7261.0,7282.0,11252.0,4066.0,1368.0,1368.0,1330.0,2427.0,2427.0,2428.0,2420.0,2420.0,2421.0,7008.0,7008.0,7055.0,1368.0,1368.0,1330.0,2427.0,2427.0,2428.0
0.0,25062.0,7213.0,7282.0,8057.0,3222.0,1072.0,1072.0,1078.0,2427.0,2427.0,2428.0,2404.0,2404.0,2405.0,8340.0,8340.0,8382.0,1072.0,1072.0,1078.0,2427.0,2427.0,2428.0
0.0,25906.0,7315.0,7282.0,4066.0,6471.0,2142.0,2142.0,2187.0,2427.0,2427.0,2428.0,2438.0,2438.0,2439.0,8636.0,8636.0,8634.0,2142.0,2142.0,2187.0,2427.0,2427.0,2428.0
0.0,22657.0,7462.0,7288.0,3222.0,10735.0,3565.0,3565.0,3605.0,2429.0,2429.0,2430.0,2487.0,2487.0,2488.0,7566.0,7566.0,7525.0,3565.0,3565.0,3605.0,2429.0,2429.0,2430.0
0.0,18417.0,7246.0,7288.0,6471.0,11510.0,3838.0,3838.0,3834.0,2429.0,2429.0,2430.0,2415.0,2415.0,2416.0,6151.0,6151.0,6115.0,3838.0,3838.0,3834.0,2429.0,2429.0,2430.0
0.0,17642.0,7393.0,7291.0,10735.0,8180.0,2741.0,2741.0,2698.0,2430.0,2430.0,2431.0,2464.0,2464.0,2465.0,5878.0,5878.0,5886.0,2741.0,2741.0,2698.0,2430.0,2430.0,2431.0
0.0,20984.0,7183.0,7291.0,11510.0,3853.0,1297.0,1297.0,1259.0,2430.0,2430.0,2431.0,2394.0,2394.0,2395.0,6979.0,6979.0,7026.0,1297.0,1297.0,1259.0,2430.0,2430.0,2431.0
0.0,25311.0,7312.0,7291.0,8180.0,2985.0,993.0,993.0,999.0,2430.0,2430.0,2431.0,2437.0,2437.0,2438.0,8423.0,8423.0,8465.0,993.0,993.0,999.0,2430.0,2430.0,2431.0
0.0,26179.0,7369.0,7294.0,3853.0,6513.0,2156.0,2156.0,2201.0,2431.0,2431.0,2432.0,2456.0,2456.0,2457.0,8727.0,8727.0,8725.0,2156.0,2156.0,2201.0,2431.0,2431.0,2432.0
0.0,22663.0,7294.0,7291.0,2985.0,10810.0,3590.0,3590.0,3630.0,2430.0,2430.0,2431.0,2431.0,2431.0,2432.0,7568.0,7568.0,7527.0,3590.0,3590.0,3630.0,2430.0,2430.0,2431.0
0.0,18354.0,7378.0,7294.0,6513.0,11687.0,3897.0,3897.0,3893.0,2431.0,2431.0,2432.0,2459.0,2459.0,2460.0,6130.0,6130.0,6094.0,3897.0,3897.0,3893.0,2431.0,2431.0,2432.0
0.0,17489.0,7351.0,7294.0,10810.0,8228.0,2757.0,2757.0,2714.0,2431.0,2431.0,2432.0,2450.0,2450.0,2451.0,5827.0,5827.0,5835.0,2757.0,2757.0,2714.0,2431.0,2431.0,2432.0
0.0,20948.0,7351.0,7294.0,11687.0,3892.0,1310.0,1310.0,1272.0,2431.0,2431.0,2432.0,2450.0,2450.0,2451.0,6967.0,6967.0,7014.0,1310.0,1310.0,1272.0,2431.0,2431.0,2432.0
0.0,25284.0,7282.0,7297.0,8228.0,2958.0,984.0,984.0,990.0,2432.0,2432.0,2433.0,2427.0,2427.0,2428.0,8414.0,8414.0,8456.0,984.0,984.0,990.0,2432.0,2432.0,2433.0
0.0,26230.0,7369.0,7300.0,3892.0,6447.0,2134.0,2134.0,2179.0,2433.0,2433.0,2434.0,2456.0,2456.0,2457.0,8744.0,8744.0,8742.0,2134.0,2134.0,2179.0,2433.0,2433.0,2434.0
0.0,22753.0,7429.0,7306.0,2958.0,10942.0,3634.0,3634.0,3674.0,2435.0,2435.0,2436.0,2476.0,2476.0,2477.0,7598.0,7598.0,7557.0,3634.0,3634.0,3674.0,2435.0,2435.0,2436.0
0.0,18282.0,7397.0,7306.0,6447.0,11892.0,3965.0,3965.0,3962.0,2435.0,2435.0,2436.0,2465.0,2465.0,2467.0,6106.0,6106.0,6070.0,3965.0,3965.0,3962.0,2435.0,2435.0,2436.0
0.0,17332.0,7453.0,7309.0,10942.0,8415.0,2819.0,2819.0,2777.0,2436.0,2436.0,2437.0,2484.0,2484.0,2485.0,5775.0,5775.0,5782.0,2819.0,2819.0,2777.0,2436.0,2436.0,2437.0
0.0,20821.0,7453.0,7312.0,11892.0,3988.0,1342.0,1342.0,1304.0,2437.0,2437.0,2438.0,2484.0,2484.0,2485.0,6925.0,6925.0,6971.0,1342.0,1342.0,1304.0,2437.0,2437.0,2438.0
0.0,25260.0,7339.0,7312.0,8415.0,2912.0,969.0,969.0,974.0,2437.0,2437.0,2438.0,2446.0,2446.0,2447.0,8406.0,8406.0,8448.0,969.0,969.0,974.0,2437.0,2437.0,2438.0
0.0,26336.0,7273.0,7309.0,3988.0,6185.0,2047.0,2047.0,2091.0,2436.0,2436.0,2437.0,2424.0,2424.0,2425.0,8779.0,8779.0,8778.0,2047.0,2047.0,2091.0,2436.0,2436.0,2437.0
0.0,23051.0,7600.0,7315.0,2912.0,10897.0,3619.0,3619.0,3659.0,2438.0,2438.0,2439.0,2533.0,2533.0,2534.0,7697.0,7697.0,7657.0,3619.0,3619.0,3659.0,2438.0,2438.0,2439.0
0.0,18363.0,7414.0,7315.0,6185.0,12126.0,4043.0,4043.0,4040.0,2438.0,2438.0,2439.0,2471.0,2471.0,2472.0,6133.0,6133.0,6097.0,4043.0,4043.0,4040.0,2438.0,2438.0,2439.0
0.0,17134.0,7345.0,7315.0,10897.0,8574.0,2872.0,2872.0,2830.0,2438.0,2438.0,2439.0,2448.0,2448.0,2449.0,5709.0,5709.0,5716.0,2872.0,2872.0,2830.0,2438.0,2438.0,2439.0
0.0,20686.0,7285.0,7315.0,12126.0,3733.0,1257.0,1257.0,1219.0,2438.0,2438.0,2439.0,2428.0,2428.0,2429.0,6880.0,6880.0,6926.0,1257.0,1257.0,1219.0,2438.0,2438.0,2439.0
0.0,25527.0,7237.0,7312.0,8574.0,2384.0,793.0,793.0,798.0,2437.0,2437.0,2438.0,2412.0,2412.0,2413.0,8495.0,8495.0,8537.0,793.0,793.0,798.0,2437.0,2437.0,2438.0
0.0,26864.0,7387.0,7312.0,3733.0,6038.0,1998.0,1998.0,2042.0,2437.0,2437.0,2438.0,2462.0,2462.0,2463.0,8955.0,8955.0,8954.0,1998.0,1998.0,2042.0,2437.0,2437.0,2438.0
0.0,23210.0,7360.0,7312.0,2384.0,11014.0,3658.0,3658.0,3698.0,2437.0,2437.0,2438.0,2453.0,2453.0,2454.0,7750.0,7750.0,7710.0,3658.0,3658.0,3698.0,2437.0,2437.0,2438.0
0.0,18234.0,7396.0,7315.0,6038.0,12384.0,4129.0,4129.0,4126.0,2438.0,2438.0,2439.0,2465.0,2465.0,2466.0,6090.0,6090.0,6054.0,4129.0,4129.0,4126.0,2438.0,2438.0,2439.0
0.0,16876.0,7501.0,7321.0,11014.0,8895.0,2979.0,2979.0,2937.0,2440.0,2440.0,2441.0,2500.0,2500.0,2501.0,5623.0,5623.0,5630.0,2979.0,2979.0,2937.0,2440.0,2440.0,2441.0
0.0,20389.0,7309.0,7321.0,12384.0,3820.0,1286.0,1286.0,1248.0,2440.0,2440.0,2441.0,2436.0,2436.0,2437.0,6781.0,6781.0,6827.0,1286.0,1286.0,1248.0,2440.0,2440.0,2441.0
0.0,25464.0,7297.0,7321.0,8895.0,2222.0,739.0,739.0,744.0,2440.0,2440.0,2441.0,2432.0,2432.0,2433.0,8474.0,8474.0,8516.0,739.0,739.0,744.0,2440.0,2440.0,2441.0
0.0,27062.0,7399.0,7327.0,3820.0,5825.0,1927.0,1927.0,1971.0,2442.0,2442.0,2443.0,2466.0,2466.0,2467.0,9021.0,9021.0,9020.0,1927.0,1927.0,1971.0,2442.0,2442.0,2443.0
0.0,23483.0,7285.0,7327.0,2222.0,10888.0,3616.0,3616.0,3656.0,2442.0,2442.0,2443.0,2428.0,2428.0,2429.0,7841.0,7841.0,7801.0,3616.0,3616.0,3656.0,2442.0,2442.0,2443.0
0.0,18420.0,7342.0,7325.0,5825.0,12397.0,4132.0,4132.0,4133.0,2441.0,2441.0,2443.0,2447.0,2447.0,2448.0,6152.0,6152.0,6116.0,4132.0,4132.0,4133.0,2441.0,2441.0,2443.0
0.0,16903.0,7270.0,7327.0,10888.0,8787.0,2943.0,2943.0,2901.0,2442.0,2442.0,2443.0,2423.0,2423.0,2424.0,5632.0,5632.0,5639.0,2943.0,2943.0,2901.0,2442.0,2442.0,2443.0
0.0,20521.0,7336.0,7330.0,12397.0,3738.0,1260.0,1260.0,1218.0,2443.0,2443.0,2444.0,2445.0,2445.0,2446.0,6825.0,6825.0,6871.0,1260.0,1260.0,1218.0,2443.0,2443.0,2444.0
0.0,25582.0,7267.0,7327.0,8787.0,2206.0,735.0,735.0,736.0,2442.0,2442.0,2443.0,2422.0,2422.0,2423.0,8512.0,8512.0,8558.0,735.0,735.0,736.0,2442.0,2442.0,2443.0
0.0,27102.0,7363.0,7330.0,3738.0,5843.0,1933.0,1933.0,1977.0,2443.0,2443.0,2444.0,2454.0,2454.0,2455.0,9033.0,9033.0,9036.0,1933.0,1933.0,1977.0,2443.0,2443.0,2444.0
0.0,23477.0,7426.0,7333.0,2206.0,11075.0,3677.0,3677.0,3721.0,2444.0,2444.0,2445.0,2475.0,2475.0,2476.0,7839.0,7839.0,7799.0,3677.0,3677.0,3721.0,2444.0,2444.0,2445.0
0.0,18257.0,7367.0,7336.0,5843.0,12611.0,4203.0,4203.0,4205.0,2445.0,2445.0,2446.0,2455.0,2455.0,2457.0,6099.0,6099.0,6059.0,4203.0,4203.0,4205.0,2445.0,2445.0,2446.0
0.0,16733.0,7330.0,7333.0,11075.0,8854.0,2965.0,2965.0,2924.0,2444.0,2444.0,2445.0,2443.0,2443.0,2444.0,5577.0,5577.0,5579.0,2965.0,2965.0,2924.0,2444.0,2444.0,2445.0
0.0,20478.0,7426.0,7339.0,12611.0,3693.0,1245.0,1245.0,1203.0,2446.0,2446.0,2447.0,2475.0,2475.0,2476.0,6811.0,6811.0,6856.0,1245.0,1245.0,1203.0,2446.0,2446.0,2447.0
0.0,25663.0,7339.0,7342.0,8854.0,2190.0,730.0,730.0,730.0,2447.0,2447.0,2448.0,2446.0,2446.0,2447.0,8539.0,8539.0,8585.0,730.0,730.0,730.0,2447.0,2447.0,2448.0
0.0,27178.0,7258.0,7342.0,3693.0,5755.0,1904.0,1904.0,1947.0,2447.0,2447.0,2448.0,2419.0,2419.0,2420.0,9058.0,9058.0,9062.0,1904.0,1904.0,1947.0,2447.0,2447.0,2448.0
0.0,23613.0,7417.0,7342.0,2190.0,10982.0,3646.0,3646.0,3690.0,2447.0,2447.0,2448.0,2472.0,2472.0,2473.0,7884.0,7884.0,7845.0,3646.0,3646.0,3690.0,2447.0,2447.0,2448.0
0.0,18386.0,7378.0,7345.0,5755.0,12617.0,4205.0,4205.0,4207.0,2448.0,2448.0,2449.0,2459.0,2459.0,2460.0,6142.0,6142.0,6102.0,4205.0,4205.0,4207.0,2448.0,2448.0,2449.0
0.0,16763.0,7297.0,7345.0,10982.0,8932.0,2991.0,2991.0,2950.0,2448.0,2448.0,2449.0,2432.0,2432.0,2433.0,5587.0,5587.0,5589.0,2991.0,2991.0,2950.0,2448.0,2448.0,2449.0
0.0,20448.0,7237.0,7342.0,12617.0,3540.0,1194.0,1194.0,1152.0,2447.0,2447.0,2448.0,2412.0,2412.0,2413.0,6801.0,6801.0,6846.0,1194.0,1194.0,1152.0,2447.0,2447.0,2448.0
0.0,25828.0,7333.0,7342.0,8932.0,1941.0,647.0,647.0,647.0,2447.0,2447.0,2448.0,2444.0,2444.0,2445.0,8594.0,8594.0,8640.0,647.0,647.0,647.0,2447.0,2447.0,2448.0
0.0,27427.0,7291.0,7345.0,3540.0,5704.0,1887.0,1887.0,1930.0,2448.0,2448.0,2449.0,2430.0,2430.0,2431.0,9141.0,9141.0,9145.0,1887.0,1887.0,1930.0,2448.0,2448.0,2449.0
0.0,23676.0,7411.0,7348.0,1941.0,11186.0,3714.0,3714.0,3758.0,2449.0,2449.0,2450.0,2470.0,2470.0,2471.0,7905.0,7905.0,7866.0,3714.0,3714.0,3758.0,2449.0,2449.0,2450.0
0.0,18206.0,7384.0,7348.0,5704.0,12866.0,4288.0,4288.0,4290.0,2449.0,2449.0,2450.0,2461.0,2461.0,2462.0,6082.0,6082.0,6042.0,4288.0,4288.0,4290.0,2449.0,2449.0,2450.0
0.0,16526.0,7429.0,7354.0,11186.0,9133.0,3058.0,3058.0,3017.0,2451.0,2451.0,2452.0,2476.0,2476.0,2477.0,5508.0,5508.0,5510.0,3058.0,3058.0,3017.0,2451.0,2451.0,2452.0
0.0,20283.0,7372.0,7354.0,12866.0,3639.0,1227.0,1227.0,1185.0,2451.0,2451.0,2452.0,2457.0,2457.0,2458.0,6746.0,6746.0,6791.0,1227.0,1227.0,1185.0,2451.0,2451.0,2452.0
0.0,25777.0,7420.0,7354.0,9133.0,1926.0,642.0,642.0,642.0,2451.0,2451.0,2452.0,2473.0,2473.0,2474.0,8577.0,8577.0,8623.0,642.0,642.0,642.0,2451.0,2451.0,2452.0
0.0,27490.0,7471.0,7357.0,3639.0,5770.0,1909.0,1909.0,1952.0,2452.0,2452.0,2453.0,2490.0,2490.0,2491.0,9162.0,9162.0,9166.0,1909.0,1909.0,1952.0,2452.0,2452.0,2453.0
0.0,23658.0,7399.0,7357.0,1926.0,11243.0,3733.0,3733.0,3777.0,2452.0,2452.0,2453.0,2466.0,2466.0,2467.0,7899.0,7899.0,7860.0,3733.0,3733.0,3777.0,2452.0,2452.0,2453.0
0.0,18185.0,7360.0,7360.0,5770.0,12845.0,4281.0,4281.0,4283.0,2453.0,2453.0,2454.0,2453.0,2453.0,2454.0,6075.0,6075.0,6035.0,4281.0,4281.0,4283.0,2453.0,2453.0,2454.0
0.0,16595.0,7315.0,7360.0,11243.0,8917.0,2986.0,2986.0,2945.0,2453.0,2453.0,2454.0,2438.0,2438.0,2439.0,5531.0,5531.0,5533.0,2986.0,2986.0,2945.0,2453.0,2453.0,2454.0
0.0,20523.0,7333.0,7360.0,12845.0,3405.0,1149.0,1149.0,1107.0,2453.0,2453.0,2454.0,2444.0,2444.0,2445.0,6826.0,6826.0,6871.0,1149.0,1149.0,1107.0,2453.0,2453.0,2454.0
0.0,26035.0,7408.0,7363.0,8917.0,1908.0,636.0,636.0,636.0,2454.0,2454.0,2455.0,2469.0,2469.0,2470.0,8663.0,8663.0,8709.0,636.0,636.0,636.0,2454.0,2454.0,2455.0
0.0,27544.0,7438.0,7363.0,3405.0,5941.0,1966.0,1966.0,2009.0,2454.0,2454.0,2455.0,2479.0,2479.0,2480.0,9180.0,9180.0,9184.0,1966.0,1966.0,2009.0,2454.0,2454.0,2455.0
0.0,23511.0,7456.0,7366.0,1908.0,11501.0,3819.0,3819.0,3863.0,2455.0,2455.0,2456.0,2485.0,2485.0,2486.0,7850.0,7850.0,7811.0,3819.0,3819.0,3863.0,2455.0,2455.0,2456.0
0.0,17963.0,7423.0,7366.0,5941.0,12983.0,4327.0,4327.0,4329.0,2455.0,2455.0,2456.0,2474.0,2474.0,2475.0,6001.0,6001.0,5961.0,4327.0,4327.0,4329.0,2455.0,2455.0,2456.0
0.0,16481.0,7381.0,7369.0,11501.0,8875.0,2972.0,2972.0,2931.0,2456.0,2456.0,2457.0,2460.0,2460.0,2461.0,5493.0,5493.0,5495.0,2972.0,2972.0,2931.0,2456.0,2456.0,2457.0
0.0,20601.0,7426.0,7370.0,12983.0,3322.0,1120.0,1120.0,1082.0,2456.0,2456.0,2458.0,2475.0,2475.0,2476.0,6852.0,6852.0,6897.0,1120.0,1120.0,1082.0,2456.0,2456.0,2458.0
0.0,26158.0,7327.0,7369.0,8875.0,1770.0,590.0,590.0,590.0,2456.0,2456.0,2457.0,2442.0,2442.0,2443.0,8704.0,8704.0,8750.0,590.0,590.0,590.0,2456.0,2456.0,2457.0
0.0,27706.0,7498.0,7369.0,3322.0,5946.0,1969.0,1969.0,2008.0,2456.0,2456.0,2457.0,2499.0,2499.0,2500.0,9234.0,9234.0,9238.0,1969.0,1969.0,2008.0,2456.0,2456.0,2457.0
0.0,23530.0,7450.0,7369.0,1770.0,11626.0,3862.0,3862.0,3902.0,2456.0,2456.0,2457.0,2483.0,2483.0,2484.0,7855.0,7855.0,7820.0,3862.0,3862.0,3902.0,2456.0,2456.0,2457.0
0.0,17850.0,7459.0,7370.0,5946.0,13143.0,4379.0,4379.0,4385.0,2456.0,2456.0,2458.0,2486.0,2486.0,2487.0,5962.0,5962.0,5926.0,4379.0,4379.0,4385.0,2456.0,2456.0,2458.0
0.0,16337.0,7366.0,7372.0,11626.0,8891.0,2976.0,2976.0,2939.0,2457.0,2457.0,2458.0,2455.0,2455.0,2456.0,5445.0,5445.0,5447.0,2976.0,2976.0,2939.0,2457.0,2457.0,2458.0
0.0,20597.0,7441.0,7375.0,13143.0,3201.0,1081.0,1081.0,1039.0,2458.0,2458.0,2459.0,2480.0,2480.0,2481.0,6852.0,6852.0,6893.0,1081.0,1081.0,1039.0,2458.0,2458.0,2459.0
0.0,26299.0,7493.0,7372.0,8891.0,1791.0,598.0,598.0,595.0,2457.0,2457.0,2458.0,2497.0,2497.0,2499.0,8751.0,8751.0,8797.0,598.0,598.0,595.0,2457.0,2457.0,2458.0
0.0,27697.0,7309.0,7369.0,3201.0,5887.0,1949.0,1949.0,1989.0,2456.0,2456.0,2457.0,2436.0,2436.0,2437.0,9230.0,9230.0,9237.0,1949.0,1949.0,1989.0,2456.0,2456.0,2457.0
0.0,23589.0,7543.0,7375.0,1791.0,11663.0,3873.0,3873.0,3917.0,2458.0,2458.0,2459.0,2514.0,2514.0,2515.0,7875.0,7875.0,7839.0,3873.0,3873.0,3917.0,2458.0,2458.0,2459.0
0.0,17837.0,7435.0,7378.0,5887.0,13223.0,4406.0,4406.0,4411.0,2459.0,2459.0,2460.0,2478.0,2478.0,2479.0,5959.0,5959.0,5919.0,4406.0,4406.0,4411.0,2459.0,2459.0,2460.0
0.0,16289.0,7336.0,7378.0,11663.0,8896.0,2978.0,2978.0,2940.0,2459.0,2459.0,2460.0,2445.0,2445.0,2446.0,5430.0,5430.0,5429.0,2978.0,2978.0,2940.0,2459.0,2459.0,2460.0
0.0,20616.0,7411.0,7378.0,13223.0,3084.0,1042.0,1042.0,1000.0,2459.0,2459.0,2460.0,2470.0,2470.0,2471.0,6858.0,6858.0,6900.0,1042.0,1042.0,1000.0,2459.0,2459.0,2460.0
0.0,26428.0,7417.0,7381.0,8896.0,1617.0,540.0,540.0,537.0,2460.0,2460.0,2461.0,2472.0,2472.0,2473.0,8794.0,8794.0,8840.0,540.0,540.0,537.0,2460.0,2460.0,2461.0
0.0,27907.0,7345.0,7378.0,3084.0,5866.0,1942.0,1942.0,1982.0,2459.0,2459.0,2460.0,2448.0,2448.0,2449.0,9300.0,9300.0,9307.0,1942.0,1942.0,1982.0,2459.0,2459.0,2460.0
0.0,23646.0,7430.0,7378.0,1617.0,11679.0,3878.0,3878.0,3923.0,2459.0,2459.0,2460.0,2476.0,2476.0,2478.0,7894.0,7894.0,7858.0,3878.0,3878.0,3923.0,2459.0,2459.0,2460.0
0.0,17833.0,7381.0,7378.0,5866.0,13194.0,4396.0,4396.0,4402.0,2459.0,2459.0,2460.0,2460.0,2460.0,2461.0,5958.0,5958.0,5917.0,4396.0,4396.0,4402.0,2459.0,2459.0,2460.0
0.0,16318.0,7444.0,7381.0,11679.0,8971.0,3003.0,3003.0,2965.0,2460.0,2460.0,2461.0,2481.0,2481.0,2482.0,5440.0,5440.0,5438.0,3003.0,3003.0,2965.0,2460.0,2460.0,2461.0
0.0,20553.0,7375.0,7381.0,13194.0,3152.0,1065.0,1065.0,1022.0,2460.0,2460.0,2461.0,2458.0,2458.0,2459.0,6837.0,6837.0,6879.0,1065.0,1065.0,1022.0,2460.0,2460.0,2461.0
0.0,26372.0,7561.0,7387.0,8971.0,1766.0,590.0,590.0,586.0,2462.0,2462.0,2463.0,2520.0,2520.0,2521.0,8775.0,8775.0,8822.0,590.0,590.0,586.0,2462.0,2462.0,2463.0
0.0,27782.0,7462.0,7390.0,3152.0,6088.0,2016.0,2016.0,2056.0,2463.0,2463.0,2464.0,2487.0,2487.0,2488.0,9258.0,9258.0,9266.0,2016.0,2016.0,2056.0,2463.0,2463.0,2464.0
0.0,23472.0,7459.0,7393.0,1766.0,11793.0,3916.0,3916.0,3961.0,2464.0,2464.0,2465.0,2486.0,2486.0,2487.0,7836.0,7836.0,7800.0,3916.0,3916.0,3961.0,2464.0,2464.0,2465.0
0.0,17779.0,7297.0,7393.0,6088.0,13002.0,4332.0,4332.0,4338.0,2464.0,2464.0,2465.0,2432.0,2432.0,2433.0,5940.0,5940.0,5899.0,4332.0,4332.0,4338.0,2464.0,2464.0,2465.0
0.0,16570.0,7543.0,7397.0,11793.0,8768.0,2934.0,2934.0,2900.0,2465.0,2465.0,2467.0,2514.0,2514.0,2515.0,5524.0,5524.0,5522.0,2934.0,2934.0,2900.0,2465.0,2465.0,2467.0
0.0,20820.0,7384.0,7399.0,13002.0,3158.0,1067.0,1067.0,1024.0,2466.0,2466.0,2467.0,2461.0,2461.0,2462.0,6926.0,6926.0,6968.0,1067.0,1067.0,1024.0,2466.0,2466.0,2467.0
0.0,26438.0,7420.0,7399.0,8768.0,1810.0,606.0,606.0,598.0,2466.0,2466.0,2467.0,2473.0,2473.0,2474.0,8797.0,8797.0,8844.0,606.0,606.0,598.0,2466.0,2466.0,2467.0
0.0,27786.0,7444.0,7399.0,3158.0,6096.0,2020.0,2020.0,2056.0,2466.0,2466.0,2467.0,2481.0,2481.0,2482.0,9258.0,9258.0,9270.0,2020.0,2020.0,2056.0,2466.0,2466.0,2467.0
0.0,23500.0,7453.0,7402.0,1810.0,11751.0,3902.0,3902.0,3947.0,2467.0,2467.0,2468.0,2484.0,2484.0,2485.0,7844.0,7844.0,7812.0,3902.0,3902.0,3947.0,2467.0,2467.0,2468.0
0.0,17857.0,7435.0,7402.0,6096.0,13090.0,4360.0,4360.0,4370.0,2467.0,2467.0,2468.0,2478.0,2478.0,2479.0,5966.0,5966.0,5925.0,4360.0,4360.0,4370.0,2467.0,2467.0,2468.0
0.0,16518.0,7318.0,7402.0,11751.0,8657.0,2897.0,2897.0,2863.0,2467.0,2467.0,2468.0,2439.0,2439.0,2440.0,5508.0,5508.0,5502.0,2897.0,2897.0,2863.0,2467.0,2467.0,2468.0
0.0,20951.0,7426.0,7405.0,13090.0,3005.0,1016.0,1016.0,973.0,2468.0,2468.0,2469.0,2475.0,2475.0,2476.0,6971.0,6971.0,7009.0,1016.0,1016.0,973.0,2468.0,2468.0,2469.0
0.0,26615.0,7495.0,7405.0,8657.0,1843.0,617.0,617.0,609.0,2468.0,2468.0,2469.0,2498.0,2498.0,2499.0,8856.0,8856.0,8903.0,617.0,617.0,609.0,2468.0,2468.0,2469.0
0.0,27777.0,7423.0,7408.0,3005.0,6273.0,2079.0,2079.0,2115.0,2469.0,2469.0,2470.0,2474.0,2474.0,2475.0,9255.0,9255.0,9267.0,2079.0,2079.0,2115.0,2469.0,2469.0,2470.0
0.0,23359.0,7321.0,7408.0,1843.0,11751.0,3902.0,3902.0,3947.0,2469.0,2469.0,2470.0,2440.0,2440.0,2441.0,7797.0,7797.0,7765.0,3902.0,3902.0,3947.0,2469.0,2469.0,2470.0
0.0,17881.0,7552.0,7414.0,6273.0,13054.0,4348.0,4348.0,4358.0,2471.0,2471.0,2472.0,2517.0,2517.0,2518.0,5974.0,5974.0,5933.0,4348.0,4348.0,4358.0,2471.0,2471.0,2472.0
0.0,16602.0,7417.0,7414.0,11751.0,8720.0,2918.0,2918.0,2884.0,2471.0,2471.0,2472.0,2472.0,2472.0,2473.0,5536.0,5536.0,5530.0,2918.0,2918.0,2884.0,2471.0,2471.0,2472.0
0.0,20936.0,7453.0,7417.0,13054.0,3131.0,1058.0,1058.0,1015.0,2472.0,2472.0,2473.0,2484.0,2484.0,2485.0,6966.0,6966.0,7004.0,1058.0,1058.0,1015.0,2472.0,2472.0,2473.0
0.0,26537.0,7297.0,7417.0,8720.0,1708.0,572.0,572.0,564.0,2472.0,2472.0,2473.0,2432.0,2432.0,2433.0,8830.0,8830.0,8877.0,572.0,572.0,564.0,2472.0,2472.0,2473.0
0.0,27960.0,7393.0,7417.0,3131.0,5970.0,1978.0,1978.0,2014.0,2472.0,2472.0,2473.0,2464.0,2464.0,2465.0,9316.0,9316.0,9328.0,1978.0,1978.0,2014.0,2472.0,2472.0,2473.0
0.0,23698.0,7363.0,7414.0,1708.0,11613.0,3856.0,3856.0,3901.0,2471.0,2471.0,2472.0,2454.0,2454.0,2455.0,7910.0,7910.0,7878.0,3856.0,3856.0,3901.0,2471.0,2471.0,2472.0
0.0,18043.0,7441.0,7417.0,5970.0,13096.0,4362.0,4362.0,4372.0,2472.0,2472.0,2473.0,2480.0,2480.0,2481.0,6028.0,6028.0,5987.0,4362.0,4362.0,4372.0,2472.0,2472.0,2473.0
0.0,16572.0,7438.0,7417.0,11613.0,8921.0,2985.0,2985.0,2951.0,2472.0,2472.0,2473.0,2479.0,2479.0,2480.0,5526.0,5526.0,5520.0,2985.0,2985.0,2951.0,2472.0,2472.0,2473.0
0.0,20747.0,7456.0,7417.0,13096.0,3281.0,1108.0,1108.0,1065.0,2472.0,2472.0,2473.0,2485.0,2485.0,2486.0,6903.0,6903.0,6941.0,1108.0,1108.0,1065.0,2472.0,2472.0,2473.0
0.0,26387.0,7480.0,7417.0,8921.0,1840.0,616.0,616.0,608.0,2472.0,2472.0,2473.0,2493.0,2493.0,2494.0,8780.0,8780.0,8827.0,616.0,616.0,608.0,2472.0,2472.0,2473.0
0.0,27828.0,7492.0,7420.0,3281.0,6063.0,2009.0,2009.0,2045.0,2473.0,2473.0,2474.0,2497.0,2497.0,2498.0,9272.0,9272.0,9284.0,2009.0,2009.0,2045.0,2473.0,2473.0,2474.0
0.0,23617.0,7558.0,7426.0,1840.0,11805.0,3920.0,3920.0,3965.0,2475.0,2475.0,2476.0,2519.0,2519.0,2520.0,7883.0,7883.0,7851.0,3920.0,3920.0,3965.0,2475.0,2475.0,2476.0
0.0,17899.0,7492.0,7429.0,6063.0,13246.0,4412.0,4412.0,4422.0,2476.0,2476.0,2477.0,2497.0,2497.0,2498.0,5980.0,5980.0,5939.0,4412.0,4412.0,4422.0,2476.0,2476.0,2477.0
0.0,16470.0,7405.0,7429.0,11805.0,8846.0,2960.0,2960.0,2926.0,2476.0,2476.0,2477.0,2468.0,2468.0,2469.0,5492.0,5492.0,5486.0,2960.0,2960.0,2926.0,2476.0,2476.0,2477.0
0.0,20870.0,7577.0,7432.0,13246.0,3189.0,1077.0,1077.0,1035.0,2477.0,2477.0,2478.0,2525.0,2525.0,2527.0,6944.0,6944.0,6982.0,1077.0,1077.0,1035.0,2477.0,2477.0,2478.0
0.0,26539.0,7552.0,7432.0,8846.0,1895.0,634.0,634.0,627.0,2477.0,2477.0,2478.0,2517.0,2517.0,2518.0,8831.0,8831.0,8877.0,634.0,634.0,627.0,2477.0,2477.0,2478.0
0.0,27833.0,7519.0,7435.0,3189.0,6237.0,2067.0,2067.0,2103.0,2478.0,2478.0,2479.0,2506.0,2506.0,2507.0,9274.0,9274.0,9285.0,2067.0,2067.0,2103.0,2478.0,2478.0,2479.0
0.0,23503.0,7447.0,7435.0,1895.0,11789.0,3915.0,3915.0,3959.0,2478.0,2478.0,2479.0,2482.0,2482.0,2483.0,7845.0,7845.0,7813.0,3915.0,3915.0,3959.0,2478.0,2478.0,2479.0
0.0,17951.0,7495.0,7438.0,6237.0,13059.0,4350.0,4350.0,4359.0,2479.0,2479.0,2480.0,2498.0,2498.0,2499.0,5997.0,5997.0,5957.0,4350.0,4350.0,4359.0,2479.0,2479.0,2480.0
0.0,16693.0,7618.0,7444.0,11789.0,8912.0,2982.0,2982.0,2948.0,2481.0,2481.0,2482.0,2539.0,2539.0,2540.0,5566.0,5566.0,5561.0,2982.0,2982.0,2948.0,2481.0,2481.0,2482.0
0.0,20864.0,7516.0,7444.0,13059.0,3369.0,1137.0,1137.0,1095.0,2481.0,2481.0,2482.0,2505.0,2505.0,2506.0,6942.0,6942.0,6980.0,1137.0,1137.0,1095.0,2481.0,2481.0,2482.0
0.0,26407.0,7513.0,7444.0,8912.0,1970.0,659.0,659.0,652.0,2481.0,2481.0,2482.0,2504.0,2504.0,2505.0,8787.0,8787.0,8833.0,659.0,659.0,652.0,2481.0,2481.0,2482.0
0.0,27806.0,7546.0,7447.0,3369.0,6159.0,2041.0,2041.0,2077.0,2482.0,2482.0,2483.0,2515.0,2515.0,2516.0,9265.0,9265.0,9276.0,2041.0,2041.0,2077.0,2482.0,2482.0,2483.0
0.0,23629.0,7597.0,7450.0,1970.0,11798.0,3918.0,3918.0,3962.0,2483.0,2483.0,2484.0,2532.0,2532.0,2533.0,7887.0,7887.0,7855.0,3918.0,3918.0,3962.0,2483.0,2483.0,2484.0
0.0,18002.0,7544.0,7453.0,6159.0,13195.0,4395.0,4395.0,4405.0,2484.0,2484.0,2485.0,2514.0,2514.0,2516.0,6014.0,6014.0,5974.0,4395.0,4395.0,4405.0,2484.0,2484.0,2485.0
0.0,16617.0,7531.0,7453.0,11798.0,8928.0,2987.0,2987.0,2954.0,2484.0,2484.0,2485.0,2510.0,2510.0,2511.0,5541.0,5541.0,5535.0,2987.0,2987.0,2954.0,2484.0,2484.0,2485.0
0.0,20884.0,7459.0,7456.0,13195.0,3204.0,1082.0,1082.0,1040.0,2485.0,2485.0,2486.0,2486.0,2486.0,2487.0,6949.0,6949.0,6986.0,1082.0,1082.0,1040.0,2485.0,2485.0,2486.0
0.0,26620.0,7481.0,7456.0,8928.0,1757.0,588.0,588.0,581.0,2485.0,2485.0,2486.0,2493.0,2493.0,2495.0,8858.0,8858.0,8904.0,588.0,588.0,581.0,2485.0,2485.0,2486.0
0.0,28067.0,7606.0,7459.0,3204.0,6171.0,2045.0,2045.0,2081.0,2486.0,2486.0,2487.0,2535.0,2535.0,2536.0,9352.0,9352.0,9363.0,2045.0,2045.0,2081.0,2486.0,2486.0,2487.0
0.0,23665.0,7537.0,7462.0,1757.0,11963.0,3973.0,3973.0,4017.0,2487.0,2487.0,2488.0,2512.0,2512.0,2513.0,7899.0,7899.0,7867.0,3973.0,3973.0,4017.0,2487.0,2487.0,2488.0
0.0,17885.0,7472.0,7462.0,6171.0,13264.0,4418.0,4418.0,4428.0,2487.0,2487.0,2488.0,2490.0,2490.0,2492.0,5975.0,5975.0,5935.0,4418.0,4418.0,4428.0,2487.0,2487.0,2488.0
0.0,16584.0,7414.0,7462.0,11963.0,8715.0,2916.0,2916.0,2883.0,2487.0,2487.0,2488.0,2471.0,2471.0,2472.0,5530.0,5530.0,5524.0,2916.0,2916.0,2883.0,2487.0,2487.0,2488.0
0.0,21133.0,7600.0,7468.0,13264.0,3075.0,1039.0,1039.0,997.0,2489.0,2489.0,2490.0,2533.0,2533.0,2534.0,7032.0,7032.0,7069.0,1039.0,1039.0,997.0,2489.0,2489.0,2490.0
0.0,26797.0,7567.0,7471.0,8715.0,1939.0,649.0,649.0,641.0,2490.0,2490.0,2491.0,2522.0,2522.0,2523.0,8917.0,8917.0,8963.0,649.0,649.0,641.0,2490.0,2490.0,2491.0
0.0,27945.0,7441.0,7471.0,3075.0,6305.0,2090.0,2090.0,2125.0,2490.0,2490.0,2491.0,2480.0,2480.0,2481.0,9311.0,9311.0,9323.0,2090.0,2090.0,2125.0,2490.0,2490.0,2491.0
0.0,23579.0,7534.0,7474.0,1939.0,11912.0,3956.0,3956.0,4000.0,2491.0,2491.0,2492.0,2511.0,2511.0,2512.0,7870.0,7870.0,7839.0,3956.0,3956.0,4000.0,2491.0,2491.0,2492.0
0.0,17984.0,7522.0,7477.0,6305.0,13141.0,4377.0,4377.0,4387.0,2492.0,2492.0,2493.0,2507.0,2507.0,2508.0,6008.0,6008.0,5968.0,4377.0,4377.0,4387.0,2492.0,2492.0,2493.0
0.0,16767.0,7540.0,7477.0,11912.0,8769.0,2934.0,2934.0,2901.0,2492.0,2492.0,2493.0,2513.0,2513.0,2514.0,5591.0,5591.0,5585.0,2934.0,2934.0,2901.0,2492.0,2492.0,2493.0
0.0,21139.0,7519.0,7477.0,13141.0,3147.0,1063.0,1063.0,1021.0,2492.0,2492.0,2493.0,2506.0,2506.0,2507.0,7034.0,7034.0,7071.0,1063.0,1063.0,1021.0,2492.0,2492.0,2493.0
0.0,26761.0,7399.0,7477.0,8769.0,1777.0,595.0,595.0,587.0,2492.0,2492.0,2493.0,2466.0,2466.0,2467.0,8905.0,8905.0,8951.0,595.0,595.0,587.0,2492.0,2492.0,2493.0
0.0,28131.0,7441.0,7478.0,3147.0,6075.0,2012.0,2012.0,2051.0,2492.0,2492.0,2494.0,2480.0,2480.0,2481.0,9373.0,9373.0,9385.0,2012.0,2012.0,2051.0,2492.0,2492.0,2494.0
0.0,23837.0,7507.0,7477.0,1777.0,11801.0,3919.0,3919.0,3963.0,2492.0,2492.0,2493.0,2502.0,2502.0,2503.0,7956.0,7956.0,7925.0,3919.0,3919.0,3963.0,2492.0,2492.0,2493.0
0.0,18107.0,7435.0,7480.0,6075.0,13173.0,4389.0,4389.0,4395.0,2493.0,2493.0,2494.0,2478.0,2478.0,2479.0,6049.0,6049.0,6009.0,4389.0,4389.0,4395.0,2493.0,2493.0,2494.0
0.0,16747.0,7504.0,7480.0,11801.0,8876.0,2971.0,2971.0,2934.0,2493.0,2493.0,2494.0,2501.0,2501.0,2502.0,5583.0,5583.0,5581.0,2971.0,2971.0,2934.0,2493.0,2493.0,2494.0
0.0,21044.0,7384.0,7480.0,13173.0,3087.0,1043.0,1043.0,1001.0,2493.0,2493.0,2494.0,2461.0,2461.0,2462.0,7001.0,7001.0,7042.0,1043.0,1043.0,1001.0,2493.0,2493.0,2494.0
0.0,26833.0,7504.0,7480.0,8876.0,1715.0,573.0,573.0,569.0,2493.0,2493.0,2494.0,2501.0,2501.0,2502.0,8929.0,8929.0,8975.0,573.0,573.0,569.0,2493.0,2493.0,2494.0
0.0,28205.0,7441.0,7480.0,3087.0,6069.0,2010.0,2010.0,2049.0,2493.0,2493.0,2494.0,2480.0,2480.0,2481.0,9399.0,9399.0,9407.0,2010.0,2010.0,2049.0,2493.0,2493.0,2494.0
0.0,23851.0,7384.0,7483.0,1715.0,11750.0,3902.0,3902.0,3946.0,2494.0,2494.0,2495.0,2461.0,2461.0,2462.0,7962.0,7962.0,7927.0,3902.0,3902.0,3946.0,2494.0,2494.0,2495.0
0.0,18182.0,7525.0,7483.0,6069.0,13206.0,4400.0,4400.0,4406.0,2494.0,2494.0,2495.0,2508.0,2508.0,2509.0,6074.0,6074.0,6034.0,4400.0,4400.0,4406.0,2494.0,2494.0,2495.0
0.0,16726.0,7558.0,7486.0,11750.0,9026.0,3021.0,3021.0,2984.0,2495.0,2495.0,2496.0,2519.0,2519.0,2520.0,5576.0,5576.0,5574.0,3021.0,3021.0,2984.0,2495.0,2495.0,2496.0
0.0,20918.0,7441.0,7486.0,13206.0,3261.0,1101.0,1101.0,1059.0,2495.0,2495.0,2496.0,2480.0,2480.0,2481.0,6959.0,6959.0,7000.0,1101.0,1101.0,1059.0,2495.0,2495.0,2496.0
0.0,26683.0,7715.0,7492.0,9026.0,1974.0,659.0,659.0,656.0,2497.0,2497.0,2498.0,2571.0,2571.0,2573.0,8879.0,8879.0,8925.0,659.0,659.0,656.0,2497.0,2497.0,2498.0
0.0,27994.0,7492.0,7492.0,3261.0,6205.0,2055.0,2055.0,2095.0,2497.0,2497.0,2498.0,2497.0,2497.0,2498.0,9329.0,9329.0,9336.0,2055.0,2055.0,2095.0,2497.0,2497.0,2498.0
0.0,23763.0,7534.0,7495.0,1974.0,11777.0,3911.0,3911.0,3955.0,2498.0,2498.0,2499.0,2511.0,2511.0,2512.0,7933.0,7933.0,7897.0,3911.0,3911.0,3955.0,2498.0,2498.0,2499.0
0.0,18203.0,7504.0,7495.0,6205.0,13076.0,4357.0,4357.0,4362.0,2498.0,2498.0,2499.0,2501.0,2501.0,2502.0,6081.0,6081.0,6041.0,4357.0,4357.0,4362.0,2498.0,2498.0,2499.0
0.0,16904.0,7630.0,7501.0,11777.0,8953.0,2997.0,2997.0,2959.0,2500.0,2500.0,2501.0,2543.0,2543.0,2544.0,5635.0,5635.0,5634.0,2997.0,2997.0,2959.0,2500.0,2500.0,2501.0
0.0,21051.0,7447.0,7501.0,13076.0,3324.0,1122.0,1122.0,1080.0,2500.0,2500.0,2501.0,2482.0,2482.0,2483.0,7003.0,7003.0,7045.0,1122.0,1122.0,1080.0,2500.0,2500.0,2501.0
0.0,26680.0,7523.0,7505.0,8953.0,1910.0,636.0,636.0,638.0,2501.0,2501.0,2503.0,2507.0,2507.0,2509.0,8878.0,8878.0,8924.0,636.0,636.0,638.0,2501.0,2501.0,2503.0
0.0,28110.0,7456.0,7507.0,3324.0,6050.0,2003.0,2003.0,2044.0,2502.0,2502.0,2503.0,2485.0,2485.0,2486.0,9368.0,9368.0,9374.0,2003.0,2003.0,2044.0,2502.0,2502.0,2503.0
0.0,23978.0,7582.0,7508.0,1910.0,11726.0,3894.0,3894.0,3938.0,2502.0,2502.0,2504.0,2527.0,2527.0,2528.0,8005.0,8005.0,7968.0,3894.0,3894.0,3938.0,2502.0,2502.0,2504.0
0.0,18306.0,7652.0,7513.0,6050.0,13348.0,4449.0,4449.0,4450.0,2504.0,2504.0,2505.0,2550.0,2550.0,2552.0,6114.0,6114.0,6078.0,4449.0,4449.0,4450.0,2504.0,2504.0,2505.0
0.0,16704.0,7594.0,7514.0,11726.0,9220.0,3086.0,3086.0,3048.0,2504.0,2504.0,2506.0,2531.0,2531.0,2532.0,5567.0,5567.0,5570.0,3086.0,3086.0,3048.0,2504.0,2504.0,2506.0
0.0,20836.0,7591.0,7516.0,13348.0,3471.0,1171.0,1171.0,1129.0,2505.0,2505.0,2506.0,2530.0,2530.0,2531.0,6930.0,6930.0,6976.0,1171.0,1171.0,1129.0,2505.0,2505.0,2506.0
0.0,26593.0,7411.0,7513.0,9220.0,1650.0,551.0,551.0,548.0,2504.0,2504.0,2505.0,2470.0,2470.0,2471.0,8849.0,8849.0,8895.0,551.0,551.0,548.0,2504.0,2504.0,2505.0
0.0,28402.0,7582.0,7516.0,3471.0,5773.0,1911.0,1911.0,1951.0,2505.0,2505.0,2506.0,2527.0,2527.0,2528.0,9465.0,9465.0,9472.0,1911.0,1911.0,1951.0,2505.0,2505.0,2506.0
0.0,24291.0,7546.0,7519.0,1650.0,11681.0,3879.0,3879.0,3923.0,2506.0,2506.0,2507.0,2515.0,2515.0,2516.0,8109.0,8109.0,8073.0,3879.0,3879.0,3923.0,2506.0,2506.0,2507.0
0.0,18395.0,7670.0,7519.0,5773.0,13578.0,4524.0,4524.0,4530.0,2506.0,2506.0,2507.0,2556.0,2556.0,2558.0,6145.0,6145.0,6105.0,4524.0,4524.0,4530.0,2506.0,2506.0,2507.0
0.0,16498.0,7570.0,7519.0,11681.0,9467.0,3168.0,3168.0,3131.0,2506.0,2506.0,2507.0,2523.0,2523.0,2524.0,5500.0,5500.0,5498.0,3168.0,3168.0,3131.0,2506.0,2506.0,2507.0
0.0,20609.0,7654.0,7522.0,13578.0,3555.0,1199.0,1199.0,1157.0,2507.0,2507.0,2508.0,2551.0,2551.0,2552.0,6856.0,6856.0,6897.0,1199.0,1199.0,1157.0,2507.0,2507.0,2508.0
0.0,26533.0,7657.0,7526.0,9467.0,1761.0,587.0,587.0,587.0,2508.0,2508.0,2510.0,2552.0,2552.0,2553.0,8829.0,8829.0,8875.0,587.0,587.0,587.0,2508.0,2508.0,2510.0
0.0,28343.0,7552.0,7528.0,3555.0,5766.0,1909.0,1909.0,1948.0,2509.0,2509.0,2510.0,2517.0,2517.0,2518.0,9445.0,9445.0,9453.0,1909.0,1909.0,1948.0,2509.0,2509.0,2510.0
0.0,24346.0,7450.0,7525.0,1761.0,11443.0,3801.0,3801.0,3841.0,2508.0,2508.0,2509.0,2483.0,2483.0,2484.0,8127.0,8127.0,8092.0,3801.0,3801.0,3841.0,2508.0,2508.0,2509.0
0.0,18657.0,7657.0,7528.0,5766.0,13346.0,4448.0,4448.0,4450.0,2509.0,2509.0,2510.0,2552.0,2552.0,2553.0,6231.0,6231.0,6195.0,4448.0,4448.0,4450.0,2509.0,2509.0,2510.0
0.0,16766.0,7588.0,7528.0,11443.0,9491.0,3176.0,3176.0,3139.0,2509.0,2509.0,2510.0,2529.0,2529.0,2530.0,5588.0,5588.0,5590.0,3176.0,3176.0,3139.0,2509.0,2509.0,2510.0
0.0,20621.0,7540.0,7528.0,13346.0,3685.0,1241.0,1241.0,1203.0,2509.0,2509.0,2510.0,2513.0,2513.0,2514.0,6860.0,6860.0,6901.0,1241.0,1241.0,1203.0,2509.0,2509.0,2510.0
0.0,26427.0,7552.0,7528.0,9491.0,1746.0,582.0,582.0,582.0,2509.0,2509.0,2510.0,2517.0,2517.0,2518.0,8795.0,8795.0,8837.0,582.0,582.0,582.0,2509.0,2509.0,2510.0
0.0,28366.0,7775.0,7531.0,3685.0,5848.0,1936.0,1936.0,1976.0,2510.0,2510.0,2511.0,2591.0,2591.0,2593.0,9454.0,9454.0,9458.0,1936.0,1936.0,1976.0,2510.0,2510.0,2511.0
0.0,24276.0,7579.0,7534.0,1746.0,11693.0,3884.0,3884.0,3925.0,2511.0,2511.0,2512.0,2526.0,2526.0,2527.0,8104.0,8104.0,8068.0,3884.0,3884.0,3925.0,2511.0,2511.0,2512.0
0.0,18443.0,7603.0,7537.0,5848.0,13460.0,4486.0,4486.0,4488.0,2512.0,2512.0,2513.0,2534.0,2534.0,2535.0,6160.0,6160.0,6123.0,4486.0,4486.0,4488.0,2512.0,2512.0,2513.0
0.0,16688.0,7519.0,7537.0,11693.0,9286.0,3108.0,3108.0,3070.0,2512.0,2512.0,2513.0,2506.0,2506.0,2507.0,5562.0,5562.0,5564.0,3108.0,3108.0,3070.0,2512.0,2512.0,2513.0
0.0,20862.0,7567.0,7537.0,13460.0,3393.0,1144.0,1144.0,1105.0,2512.0,2512.0,2513.0,2522.0,2522.0,2523.0,6940.0,6940.0,6982.0,1144.0,1144.0,1105.0,2512.0,2512.0,2513.0
0.0,26755.0,7543.0,7537.0,9286.0,1650.0,550.0,550.0,550.0,2512.0,2512.0,2513.0,2514.0,2514.0,2515.0,8904.0,8904.0,8947.0,550.0,550.0,550.0,2512.0,2512.0,2513.0
0.0,28498.0,7690.0,7540.0,3393.0,5959.0,1973.0,1973.0,2013.0,2513.0,2513.0,2514.0,2563.0,2563.0,2564.0,9498.0,9498.0,9502.0,1973.0,1973.0,2013.0,2513.0,2513.0,2514.0
0.0,24201.0,7556.0,7543.0,1650.0,11877.0,3945.0,3945.0,3987.0,2514.0,2514.0,2515.0,2518.0,2518.0,2520.0,8079.0,8079.0,8043.0,3945.0,3945.0,3987.0,2514.0,2514.0,2515.0
0.0,18295.0,7678.0,7544.0,5959.0,13600.0,4531.0,4531.0,4538.0,2514.0,2514.0,2516.0,2559.0,2559.0,2560.0,6111.0,6111.0,6073.0,4531.0,4531.0,4538.0,2514.0,2514.0,2516.0
0.0,16576.0,7531.0,7543.0,11877.0,9250.0,3096.0,3096.0,3058.0,2514.0,2514.0,2515.0,2510.0,2510.0,2511.0,5525.0,5525.0,5526.0,3096.0,3096.0,3058.0,2514.0,2514.0,2515.0
0.0,20922.0,7606.0,7546.0,13600.0,3268.0,1104.0,1104.0,1060.0,2515.0,2515.0,2516.0,2535.0,2535.0,2536.0,6960.0,6960.0,7002.0,1104.0,1104.0,1060.0,2515.0,2515.0,2516.0
0.0,26916.0,7678.0,7549.0,9250.0,1708.0,571.0,571.0,566.0,2516.0,2516.0,2517.0,2559.0,2559.0,2560.0,8956.0,8956.0,9004.0,571.0,571.0,566.0,2516.0,2516.0,2517.0
0.0,28488.0,7543.0,7549.0,3268.0,5983.0,1981.0,1981.0,2021.0,2516.0,2516.0,2517.0,2514.0,2514.0,2515.0,9493.0,9493.0,9502.0,1981.0,1981.0,2021.0,2516.0,2516.0,2517.0
0.0,24213.0,7666.0,7552.0,1708.0,11953.0,3969.0,3969.0,4015.0,2517.0,2517.0,2518.0,2555.0,2555.0,2556.0,8083.0,8083.0,8047.0,3969.0,3969.0,4015.0,2517.0,2517.0,2518.0
0.0,18255.0,7429.0,7552.0,5983.0,13399.0,4464.0,4464.0,4471.0,2517.0,2517.0,2518.0,2476.0,2476.0,2477.0,6099.0,6099.0,6057.0,4464.0,4464.0,4471.0,2517.0,2517.0,2518.0
0.0,16809.0,7579.0,7555.0,11953.0,9037.0,3025.0,3025.0,2987.0,2518.0,2518.0,2519.0,2526.0,2526.0,2527.0,5604.0,5604.0,5601.0,3025.0,3025.0,2987.0,2518.0,2518.0,2519.0
0.0,21183.0,7564.0,7556.0,13399.0,3206.0,1082.0,1082.0,1042.0,2518.0,2518.0,2520.0,2521.0,2521.0,2522.0,7047.0,7047.0,7089.0,1082.0,1082.0,1042.0,2518.0,2518.0,2520.0
0.0,27018.0,7579.0,7558.0,9037.0,1756.0,587.0,587.0,582.0,2519.0,2519.0,2520.0,2526.0,2526.0,2527.0,8990.0,8990.0,9038.0,587.0,587.0,582.0,2519.0,2519.0,2520.0
0.0,28476.0,7486.0,7558.0,3206.0,6036.0,2000.0,2000.0,2036.0,2519.0,2519.0,2520.0,2495.0,2495.0,2496.0,9489.0,9489.0,9498.0,2000.0,2000.0,2036.0,2519.0,2519.0,2520.0
0.0,24196.0,7552.0,7561.0,1756.0,11844.0,3934.0,3934.0,3976.0,2520.0,2520.0,2521.0,2517.0,2517.0,2518.0,8076.0,8076.0,8044.0,3934.0,3934.0,3976.0,2520.0,2520.0,2521.0
0.0,18400.0,7588.0,7564.0,6036.0,13408.0,4467.0,4467.0,4474.0,2521.0,2521.0,2522.0,2529.0,2529.0,2530.0,6146.0,6146.0,6108.0,4467.0,4467.0,4474.0,2521.0,2521.0,2522.0
0.0,16848.0,7558.0,7564.0,11844.0,9122.0,3052.0,3052.0,3018.0,2521.0,2521.0,2522.0,2519.0,2519.0,2520.0,5617.0,5617.0,5614.0,3052.0,3052.0,3018.0,2521.0,2521.0,2522.0
0.0,21134.0,7594.0,7567.0,13408.0,3320.0,1120.0,1120.0,1080.0,2522.0,2522.0,2523.0,2531.0,2531.0,2532.0,7032.0,7032.0,7070.0,1120.0,1120.0,1080.0,2522.0,2522.0,2523.0
0.0,26948.0,7636.0,7573.0,9122.0,1858.0,621.0,621.0,616.0,2524.0,2524.0,2525.0,2545.0,2545.0,2546.0,8968.0,8968.0,9012.0,621.0,621.0,616.0,2524.0,2524.0,2525.0
0.0,28434.0,7621.0,7574.0,3320.0,6163.0,2041.0,2041.0,2081.0,2524.0,2524.0,2526.0,2540.0,2540.0,2541.0,9475.0,9475.0,9484.0,2041.0,2041.0,2081.0,2524.0,2524.0,2526.0
0.0,24133.0,7516.0,7573.0,1858.0,11817.0,3925.0,3925.0,3967.0,2524.0,2524.0,2525.0,2505.0,2505.0,2506.0,8055.0,8055.0,8023.0,3925.0,3925.0,3967.0,2524.0,2524.0,2525.0
0.0,18475.0,7603.0,7576.0,6163.0,13269.0,4422.0,4422.0,4425.0,2525.0,2525.0,2526.0,2534.0,2534.0,2535.0,6171.0,6171.0,6133.0,4422.0,4422.0,4425.0,2525.0,2525.0,2526.0
0.0,17035.0,7531.0,7573.0,11817.0,8971.0,3003.0,3003.0,2965.0,2524.0,2524.0,2525.0,2510.0,2510.0,2511.0,5678.0,5678.0,5679.0,3003.0,3003.0,2965.0,2524.0,2524.0,2525.0
0.0,21321.0,7675.0,7576.0,13269.0,3389.0,1143.0,1143.0,1103.0,2525.0,2525.0,2526.0,2558.0,2558.0,2559.0,7093.0,7093.0,7135.0,1143.0,1143.0,1103.0,2525.0,2525.0,2526.0
0.0,26915.0,7450.0,7576.0,8971.0,1868.0,623.0,623.0,622.0,2525.0,2525.0,2526.0,2483.0,2483.0,2484.0,8957.0,8957.0,9001.0,623.0,623.0,622.0,2525.0,2525.0,2526.0
0.0,28436.0,7495.0,7576.0,3389.0,5974.0,1978.0,1978.0,2018.0,2525.0,2525.0,2526.0,2498.0,2498.0,2499.0,9477.0,9477.0,9482.0,1978.0,1978.0,2018.0,2525.0,2525.0,2526.0
0.0,24330.0,7582.0,7573.0,1868.0,11676.0,3878.0,3878.0,3920.0,2524.0,2524.0,2525.0,2527.0,2527.0,2528.0,8122.0,8122.0,8086.0,3878.0,3878.0,3920.0,2524.0,2524.0,2525.0
0.0,18616.0,7588.0,7576.0,5974.0,13302.0,4433.0,4433.0,4436.0,2525.0,2525.0,2526.0,2529.0,2529.0,2530.0,6218.0,6218.0,6180.0,4433.0,4433.0,4436.0,2525.0,2525.0,2526.0
0.0,17002.0,7640.0,7579.0,11676.0,9278.0,3105.0,3105.0,3068.0,2526.0,2526.0,2527.0,2546.0,2546.0,2548.0,5667.0,5667.0,5668.0,3105.0,3105.0,3068.0,2526.0,2526.0,2527.0
0.0,21038.0,7534.0,7580.0,13302.0,3514.0,1183.0,1183.0,1148.0,2526.0,2526.0,2528.0,2511.0,2511.0,2512.0,6999.0,6999.0,7040.0,1183.0,1183.0,1148.0,2526.0,2526.0,2528.0
0.0,26806.0,7582.0,7580.0,9278.0,1818.0,605.0,605.0,608.0,2526.0,2526.0,2528.0,2527.0,2527.0,2528.0,8921.0,8921.0,8964.0,605.0,605.0,608.0,2526.0,2526.0,2528.0
0.0,28502.0,7771.0,7582.0,3514.0,6083.0,2016.0,2016.0,2051.0,2527.0,2527.0,2528.0,2590.0,2590.0,2591.0,9499.0,9499.0,9504.0,2016.0,2016.0,2051.0,2527.0,2527.0,2528.0
0.0,24245.0,7537.0,7582.0,1818.0,11802.0,3923.0,3923.0,3956.0,2527.0,2527.0,2528.0,2512.0,2512.0,2513.0,8092.0,8092.0,8061.0,3923.0,3923.0,3956.0,2527.0,2527.0,2528.0
0.0,18526.0,7537.0,7580.0,6083.0,13248.0,4415.0,4415.0,4418.0,2526.0,2526.0,2528.0,2512.0,2512.0,2513.0,6185.0,6185.0,6156.0,4415.0,4415.0,4418.0,2526.0,2526.0,2528.0
0.0,17072.0,7570.0,7585.0,11802.0,9036.0,3023.0,3023.0,2990.0,2528.0,2528.0,2529.0,2523.0,2523.0,2524.0,5689.0,5689.0,5694.0,3023.0,3023.0,2990.0,2528.0,2528.0,2529.0
0.0,21304.0,7594.0,7585.0,13248.0,3382.0,1139.0,1139.0,1104.0,2528.0,2528.0,2529.0,2531.0,2531.0,2532.0,7089.0,7089.0,7126.0,1139.0,1139.0,1104.0,2528.0,2528.0,2529.0
0.0,26958.0,7720.0,7588.0,9036.0,2078.0,693.0,693.0,692.0,2529.0,2529.0,2530.0,2573.0,2573.0,2574.0,8973.0,8973.0,9012.0,693.0,693.0,692.0,2529.0,2529.0,2530.0
0.0,28274.0,7651.0,7588.0,3382.0,6347.0,2104.0,2104.0,2139.0,2529.0,2529.0,2530.0,2550.0,2550.0,2551.0,9423.0,9423.0,9428.0,2104.0,2104.0,2139.0,2529.0,2529.0,2530.0
0.0,24005.0,7579.0,7588.0,2078.0,11848.0,3937.0,3937.0,3974.0,2529.0,2529.0,2530.0,2526.0,2526.0,2527.0,8012.0,8012.0,7981.0,3937.0,3937.0,3974.0,2529.0,2529.0,2530.0
0.0,18504.0,7705.0,7588.0,6347.0,13206.0,4401.0,4401.0,4404.0,2529.0,2529.0,2530.0,2568.0,2568.0,2569.0,6179.0,6179.0,6146.0,4401.0,4401.0,4404.0,2529.0,2529.0,2530.0
0.0,17146.0,7786.0,7591.0,11848.0,9156.0,3063.0,3063.0,3030.0,2530.0,2530.0,2531.0,2595.0,2595.0,2596.0,5715.0,5715.0,5716.0,3063.0,3063.0,3030.0,2530.0,2530.0,2531.0
0.0,21208.0,7711.0,7594.0,13206.0,3673.0,1236.0,1236.0,1201.0,2531.0,2531.0,2532.0,2570.0,2570.0,2571.0,7057.0,7057.0,7094.0,1236.0,1236.0,1201.0,2531.0,2531.0,2532.0
0.0,26703.0,7846.0,7600.0,9156.0,2387.0,796.0,796.0,795.0,2533.0,2533.0,2534.0,2615.0,2615.0,2616.0,8888.0,8888.0,8927.0,796.0,796.0,795.0,2533.0,2533.0,2534.0
0.0,28013.0,7747.0,7603.0,3673.0,6473.0,2146.0,2146.0,2181.0,2534.0,2534.0,2535.0,2582.0,2582.0,2583.0,9336.0,9336.0,9341.0,2146.0,2146.0,2181.0,2534.0,2534.0,2535.0
0.0,23939.0,7714.0,7606.0,2387.0,11812.0,3925.0,3925.0,3962.0,2535.0,2535.0,2536.0,2571.0,2571.0,2572.0,7990.0,7990.0,7959.0,3925.0,3925.0,3962.0,2535.0,2535.0,2536.0
0.0,18612.0,7675.0,7609.0,6473.0,13026.0,4341.0,4341.0,4344.0,2536.0,2536.0,2537.0,2558.0,2558.0,2559.0,6215.0,6215.0,6182.0,4341.0,4341.0,4344.0,2536.0,2536.0,2537.0
0.0,17410.0,7708.0,7612.0,11812.0,8934.0,2989.0,2989.0,2956.0,2537.0,2537.0,2538.0,2569.0,2569.0,2570.0,5803.0,5803.0,5804.0,2989.0,2989.0,2956.0,2537.0,2537.0,2538.0
0.0,21514.0,7849.0,7612.0,13026.0,3757.0,1264.0,1264.0,1229.0,2537.0,2537.0,2538.0,2616.0,2616.0,2617.0,7159.0,7159.0,7196.0,1264.0,1264.0,1229.0,2537.0,2537.0,2538.0
0.0,26691.0,7618.0,7612.0,8934.0,2441.0,814.0,814.0,813.0,2537.0,2537.0,2538.0,2539.0,2539.0,2540.0,8884.0,8884.0,8923.0,814.0,814.0,813.0,2537.0,2537.0,2538.0
0.0,28007.0,7558.0,7612.0,3757.0,6242.0,2069.0,2069.0,2104.0,2537.0,2537.0,2538.0,2519.0,2519.0,2520.0,9334.0,9334.0,9339.0,2069.0,2069.0,2104.0,2537.0,2537.0,2538.0
0.0,24206.0,7690.0,7615.0,2441.0,11503.0,3822.0,3822.0,3859.0,2538.0,2538.0,2539.0,2563.0,2563.0,2564.0,8079.0,8079.0,8048.0,3822.0,3822.0,3859.0,2538.0,2538.0,2539.0
0.0,18957.0,7753.0,7618.0,6242.0,13026.0,4341.0,4341.0,4344.0,2539.0,2539.0,2540.0,2584.0,2584.0,2585.0,6330.0,6330.0,6297.0,4341.0,4341.0,4344.0,2539.0,2539.0,2540.0
0.0,17446.0,7792.0,7624.0,11503.0,9339.0,3124.0,3124.0,3091.0,2541.0,2541.0,2542.0,2597.0,2597.0,2598.0,5815.0,5815.0,5816.0,3124.0,3124.0,3091.0,2541.0,2541.0,2542.0
0.0,21157.0,7675.0,7624.0,13026.0,3988.0,1341.0,1341.0,1306.0,2541.0,2541.0,2542.0,2558.0,2558.0,2559.0,7040.0,7040.0,7077.0,1341.0,1341.0,1306.0,2541.0,2541.0,2542.0
0.0,26508.0,7687.0,7627.0,9339.0,2348.0,783.0,783.0,782.0,2542.0,2542.0,2543.0,2562.0,2562.0,2563.0,8823.0,8823.0,8862.0,783.0,783.0,782.0,2542.0,2542.0,2543.0
0.0,28160.0,7660.0,7627.0,3988.0,6020.0,1995.0,1995.0,2030.0,2542.0,2542.0,2543.0,2553.0,2553.0,2554.0,9385.0,9385.0,9390.0,1995.0,1995.0,2030.0,2542.0,2542.0,2543.0
0.0,24488.0,7768.0,7630.0,2348.0,11452.0,3805.0,3805.0,3842.0,2543.0,2543.0,2544.0,2589.0,2589.0,2590.0,8173.0,8173.0,8142.0,3805.0,3805.0,3842.0,2543.0,2543.0,2544.0
0.0,19068.0,7682.0,7633.0,6020.0,13126.0,4374.0,4374.0,4378.0,2544.0,2544.0,2545.0,2560.0,2560.0,2562.0,6367.0,6367.0,6334.0,4374.0,4374.0,4378.0,2544.0,2544.0,2545.0
0.0,17406.0,7603.0,7630.0,11452.0,9265.0,3099.0,3099.0,3067.0,2543.0,2543.0,2544.0,2534.0,2534.0,2535.0,5802.0,5802.0,5802.0,3099.0,3099.0,3067.0,2543.0,2543.0,2544.0
0.0,21255.0,7789.0,7636.0,13126.0,3952.0,1329.0,1329.0,1294.0,2545.0,2545.0,2546.0,2596.0,2596.0,2597.0,7073.0,7073.0,7109.0,1329.0,1329.0,1294.0,2545.0,2545.0,2546.0
0.0,26592.0,7525.0,7633.0,9265.0,2200.0,734.0,734.0,732.0,2544.0,2544.0,2545.0,2508.0,2508.0,2509.0,8851.0,8851.0,8890.0,734.0,734.0,732.0,2544.0,2544.0,2545.0
0.0,28332.0,7708.0,7639.0,3952.0,5980.0,1982.0,1982.0,2016.0,2546.0,2546.0,2547.0,2569.0,2569.0,2570.0,9442.0,9442.0,9448.0,1982.0,1982.0,2016.0,2546.0,2546.0,2547.0
0.0,24576.0,7525.0,7636.0,2200.0,11293.0,3752.0,3752.0,3789.0,2545.0,2545.0,2546.0,2508.0,2508.0,2509.0,8202.0,8202.0,8172.0,3752.0,3752.0,3789.0,2545.0,2545.0,2546.0
0.0,19251.0,7586.0,7636.0,5980.0,12899.0,4298.0,4298.0,4303.0,2545.0,2545.0,2546.0,2528.0,2528.0,2530.0,6428.0,6428.0,6395.0,4298.0,4298.0,4303.0,2545.0,2545.0,2546.0
0.0,17645.0,7598.0,7637.0,11293.0,9208.0,3078.0,3078.0,3052.0,2545.0,2545.0,2547.0,2532.0,2532.0,2534.0,5882.0,5882.0,5881.0,3078.0,3078.0,3052.0,2545.0,2545.0,2547.0
0.0,21340.0,7621.0,7639.0,12899.0,3938.0,1324.0,1324.0,1290.0,2546.0,2546.0,2547.0,2540.0,2540.0,2541.0,7102.0,7102.0,7136.0,1324.0,1324.0,1290.0,2546.0,2546.0,2547.0
0.0,26618.0,7645.0,7642.0,9208.0,2387.0,798.0,798.0,791.0,2547.0,2547.0,2548.0,2548.0,2548.0,2549.0,8860.0,8860.0,8898.0,798.0,798.0,791.0,2547.0,2547.0,2548.0
0.0,28181.0,7669.0,7643.0,3938.0,6122.0,2030.0,2030.0,2062.0,2547.0,2547.0,2549.0,2556.0,2556.0,2557.0,9390.0,9390.0,9401.0,2030.0,2030.0,2062.0,2547.0,2547.0,2549.0
0.0,24450.0,7687.0,7645.0,2387.0,11430.0,3798.0,3798.0,3834.0,2548.0,2548.0,2549.0,2562.0,2562.0,2563.0,8158.0,8158.0,8134.0,3798.0,3798.0,3834.0,2548.0,2548.0,2549.0
0.0,19150.0,7714.0,7648.0,6122.0,13034.0,4343.0,4343.0,4348.0,2549.0,2549.0,2550.0,2571.0,2571.0,2572.0,6394.0,6394.0,6362.0,4343.0,4343.0,4348.0,2549.0,2549.0,2550.0
0.0,17558.0,7465.0,7645.0,11430.0,9057.0,3029.0,3029.0,2999.0,2548.0,2548.0,2549.0,2488.0,2488.0,2489.0,5853.0,5853.0,5852.0,3029.0,3029.0,2999.0,2548.0,2548.0,2549.0
0.0,21523.0,7714.0,7648.0,13034.0,3749.0,1261.0,1261.0,1227.0,2549.0,2549.0,2550.0,2571.0,2571.0,2572.0,7163.0,7163.0,7197.0,1261.0,1261.0,1227.0,2549.0,2549.0,2550.0
0.0,26843.0,7546.0,7648.0,9057.0,2238.0,747.0,747.0,744.0,2549.0,2549.0,2550.0,2515.0,2515.0,2516.0,8935.0,8935.0,8973.0,747.0,747.0,744.0,2549.0,2549.0,2550.0
0.0,28354.0,7582.0,7648.0,3749.0,6071.0,2013.0,2013.0,2045.0,2549.0,2549.0,2550.0,2527.0,2527.0,2528.0,9449.0,9449.0,9456.0,2013.0,2013.0,2045.0,2549.0,2549.0,2550.0
0.0,24521.0,7744.0,7651.0,2238.0,11589.0,3851.0,3851.0,3887.0,2550.0,2550.0,2551.0,2581.0,2581.0,2582.0,8183.0,8183.0,8155.0,3851.0,3851.0,3887.0,2550.0,2550.0,2551.0
0.0,19015.0,7687.0,7651.0,6071.0,13205.0,4400.0,4400.0,4405.0,2550.0,2550.0,2551.0,2562.0,2562.0,2563.0,6349.0,6349.0,6317.0,4400.0,4400.0,4405.0,2550.0,2550.0,2551.0
0.0,17399.0,7672.0,7655.0,11589.0,9304.0,3110.0,3110.0,3084.0,2551.0,2551.0,2553.0,2557.0,2557.0,2558.0,5800.0,5800.0,5799.0,3110.0,3110.0,3084.0,2551.0,2551.0,2553.0
0.0,21316.0,7567.0,7657.0,13205.0,3674.0,1236.0,1236.0,1202.0,2552.0,2552.0,2553.0,2522.0,2522.0,2523.0,7094.0,7094.0,7128.0,1236.0,1236.0,1202.0,2552.0,2552.0,2553.0
0.0,26954.0,7612.0,7657.0,9304.0,1982.0,663.0,663.0,656.0,2552.0,2552.0,2553.0,2537.0,2537.0,2538.0,8972.0,8972.0,9010.0,663.0,663.0,656.0,2552.0,2552.0,2553.0
0.0,28646.0,7771.0,7660.0,3674.0,6091.0,2021.0,2021.0,2049.0,2553.0,2553.0,2554.0,2590.0,2590.0,2591.0,9545.0,9545.0,9556.0,2021.0,2021.0,2049.0,2553.0,2553.0,2554.0
0.0,24549.0,7588.0,7660.0,1982.0,11697.0,3887.0,3887.0,3923.0,2553.0,2553.0,2554.0,2529.0,2529.0,2530.0,8191.0,8191.0,8167.0,3887.0,3887.0,3923.0,2553.0,2553.0,2554.0
0.0,18943.0,7648.0,7663.0,6091.0,13266.0,4419.0,4419.0,4428.0,2554.0,2554.0,2555.0,2549.0,2549.0,2550.0,6325.0,6325.0,6293.0,4419.0,4419.0,4428.0,2554.0,2554.0,2555.0
0.0,17386.0,7654.0,7663.0,11697.0,9223.0,3083.0,3083.0,3057.0,2554.0,2554.0,2555.0,2551.0,2551.0,2552.0,5797.0,5797.0,5792.0,3083.0,3083.0,3057.0,2554.0,2554.0,2555.0
0.0,21429.0,7855.0,7666.0,13266.0,3824.0,1286.0,1286.0,1252.0,2555.0,2555.0,2556.0,2618.0,2618.0,2619.0,7133.0,7133.0,7163.0,1286.0,1286.0,1252.0,2555.0,2555.0,2556.0
0.0,26840.0,7630.0,7666.0,9223.0,2231.0,746.0,746.0,739.0,2555.0,2555.0,2556.0,2543.0,2543.0,2544.0,8934.0,8934.0,8972.0,746.0,746.0,739.0,2555.0,2555.0,2556.0
0.0,28433.0,7582.0,7669.0,3824.0,6001.0,1991.0,1991.0,2019.0,2556.0,2556.0,2557.0,2527.0,2527.0,2528.0,9474.0,9474.0,9485.0,1991.0,1991.0,2019.0,2556.0,2556.0,2557.0
0.0,24675.0,7711.0,7670.0,2231.0,11485.0,3815.0,3815.0,3855.0,2556.0,2556.0,2558.0,2570.0,2570.0,2571.0,8233.0,8233.0,8209.0,3815.0,3815.0,3855.0,2556.0,2556.0,2558.0
0.0,19195.0,7609.0,7672.0,6001.0,13101.0,4364.0,4364.0,4373.0,2557.0,2557.0,2558.0,2536.0,2536.0,2537.0,6409.0,6409.0,6377.0,4364.0,4364.0,4373.0,2557.0,2557.0,2558.0
0.0,17587.0,7720.0,7672.0,11485.0,9336.0,3122.0,3122.0,3092.0,2557.0,2557.0,2558.0,2573.0,2573.0,2574.0,5864.0,5864.0,5859.0,3122.0,3122.0,3092.0,2557.0,2557.0,2558.0
0.0,21352.0,7708.0,7672.0,13101.0,3943.0,1327.0,1327.0,1289.0,2557.0,2557.0,2558.0,2569.0,2569.0,2570.0,7106.0,7106.0,7140.0,1327.0,1327.0,1289.0,2557.0,2557.0,2558.0
0.0,26745.0,7696.0,7675.0,9336.0,2315.0,774.0,774.0,767.0,2558.0,2558.0,2559.0,2565.0,2565.0,2566.0,8901.0,8901.0,8943.0,774.0,774.0,767.0,2558.0,2558.0,2559.0
0.0,28385.0,7720.0,7675.0,3943.0,6092.0,2020.0,2020.0,2052.0,2558.0,2558.0,2559.0,2573.0,2573.0,2574.0,9458.0,9458.0,9469.0,2020.0,2020.0,2052.0,2558.0,2558.0,2559.0
0.0,24608.0,7691.0,7672.0,2315.0,11456.0,3805.0,3805.0,3846.0,2557.0,2557.0,2558.0,2563.0,2563.0,2565.0,8212.0,8212.0,8184.0,3805.0,3805.0,3846.0,2557.0,2557.0,2558.0
0.0,19232.0,7705.0,7672.0,6092.0,13069.0,4353.0,4353.0,4363.0,2557.0,2557.0,2558.0,2568.0,2568.0,2569.0,6423.0,6423.0,6386.0,4353.0,4353.0,4363.0,2557.0,2557.0,2558.0
0.0,17619.0,7693.0,7669.0,11456.0,9294.0,3108.0,3108.0,3078.0,2556.0,2556.0,2557.0,2564.0,2564.0,2565.0,5875.0,5875.0,5869.0,3108.0,3108.0,3078.0,2556.0,2556.0,2557.0
0.0,21382.0,7840.0,7672.0,13069.0,4077.0,1372.0,1372.0,1333.0,2557.0,2557.0,2558.0,2613.0,2613.0,2614.0,7116.0,7116.0,7150.0,1372.0,1372.0,1333.0,2557.0,2557.0,2558.0
0.0,26611.0,7837.0,7675.0,9294.0,2632.0,880.0,880.0,872.0,2558.0,2558.0,2559.0,2612.0,2612.0,2613.0,8856.0,8856.0,8899.0,880.0,880.0,872.0,2558.0,2558.0,2559.0
0.0,28068.0,7765.0,7675.0,4077.0,6320.0,2096.0,2096.0,2128.0,2558.0,2558.0,2559.0,2588.0,2588.0,2589.0,9352.0,9352.0,9364.0,2096.0,2096.0,2128.0,2558.0,2558.0,2559.0
0.0,24380.0,7696.0,7675.0,2632.0,11384.0,3781.0,3781.0,3822.0,2558.0,2558.0,2559.0,2565.0,2565.0,2566.0,8136.0,8136.0,8108.0,3781.0,3781.0,3822.0,2558.0,2558.0,2559.0
0.0,19316.0,7792.0,7675.0,6320.0,12856.0,4282.0,4282.0,4292.0,2558.0,2558.0,2559.0,2597.0,2597.0,2598.0,6451.0,6451.0,6414.0,4282.0,4282.0,4292.0,2558.0,2558.0,2559.0
0.0,17844.0,7819.0,7678.0,11384.0,9303.0,3111.0,3111.0,3081.0,2559.0,2559.0,2560.0,2606.0,2606.0,2607.0,5950.0,5950.0,5944.0,3111.0,3111.0,3081.0,2559.0,2559.0,2560.0
0.0,21409.0,7724.0,7681.0,12856.0,4183.0,1407.0,1407.0,1369.0,2560.0,2560.0,2561.0,2574.0,2574.0,2576.0,7125.0,7125.0,7159.0,1407.0,1407.0,1369.0,2560.0,2560.0,2561.0
0.0,26541.0,7810.0,7684.0,9303.0,2702.0,903.0,903.0,896.0,2561.0,2561.0,2562.0,2603.0,2603.0,2604.0,8833.0,8833.0,8875.0,903.0,903.0,896.0,2561.0,2561.0,2562.0
0.0,28034.0,7783.0,7684.0,4183.0,6302.0,2090.0,2090.0,2122.0,2561.0,2561.0,2562.0,2594.0,2594.0,2595.0,9341.0,9341.0,9352.0,2090.0,2090.0,2122.0,2561.0,2561.0,2562.0
0.0,24434.0,7666.0,7681.0,2702.0,11254.0,3738.0,3738.0,3778.0,2560.0,2560.0,2561.0,2555.0,2555.0,2556.0,8154.0,8154.0,8126.0,3738.0,3738.0,3778.0,2560.0,2560.0,2561.0
0.0,19470.0,7735.0,7684.0,6302.0,12699.0,4230.0,4230.0,4239.0,2561.0,2561.0,2562.0,2578.0,2578.0,2579.0,6502.0,6502.0,6466.0,4230.0,4230.0,4239.0,2561.0,2561.0,2562.0
0.0,18037.0,7753.0,7684.0,11254.0,9198.0,3076.0,3076.0,3046.0,2561.0,2561.0,2562.0,2584.0,2584.0,2585.0,6014.0,6014.0,6009.0,3076.0,3076.0,3046.0,2561.0,2561.0,2562.0
0.0,21538.0,7750.0,7687.0,12699.0,4261.0,1433.0,1433.0,1395.0,2562.0,2562.0,2563.0,2583.0,2583.0,2584.0,7168.0,7168.0,7202.0,1433.0,1433.0,1395.0,2562.0,2562.0,2563.0
0.0,26487.0,7630.0,7684.0,9198.0,2681.0,896.0,896.0,889.0,2561.0,2561.0,2562.0,2543.0,2543.0,2544.0,8815.0,8815.0,8857.0,896.0,896.0,889.0,2561.0,2561.0,2562.0
0.0,28055.0,7795.0,7684.0,4261.0,6215.0,2061.0,2061.0,2093.0,2561.0,2561.0,2562.0,2598.0,2598.0,2599.0,9348.0,9348.0,9359.0,2061.0,2061.0,2093.0,2561.0,2561.0,2562.0
0.0,24521.0,7633.0,7687.0,2681.0,11179.0,3713.0,3713.0,3753.0,2562.0,2562.0,2563.0,2544.0,2544.0,2545.0,8183.0,8183.0,8155.0,3713.0,3713.0,3753.0,2562.0,2562.0,2563.0
0.0,19569.0,7648.0,7684.0,6215.0,12600.0,4197.0,4197.0,4206.0,2561.0,2561.0,2562.0,2549.0,2549.0,2550.0,6535.0,6535.0,6499.0,4197.0,4197.0,4206.0,2561.0,2561.0,2562.0
0.0,18136.0,7820.0,7690.0,11179.0,9265.0,3098.0,3098.0,3069.0,2563.0,2563.0,2564.0,2606.0,2606.0,2608.0,6047.0,6047.0,6042.0,3098.0,3098.0,3069.0,2563.0,2563.0,2564.0
0.0,21495.0,7648.0,7687.0,12600.0,4301.0,1446.0,1446.0,1409.0,2562.0,2562.0,2563.0,2549.0,2549.0,2550.0,7154.0,7154.0,7187.0,1446.0,1446.0,1409.0,2562.0,2562.0,2563.0
0.0,26447.0,7729.0,7693.0,9265.0,2789.0,932.0,932.0,925.0,2564.0,2564.0,2565.0,2576.0,2576.0,2577.0,8802.0,8802.0,8843.0,932.0,932.0,925.0,2564.0,2564.0,2565.0
0.0,27983.0,7717.0,7693.0,4301.0,6205.0,2058.0,2058.0,2089.0,2564.0,2564.0,2565.0,2572.0,2572.0,2573.0,9324.0,9324.0,9335.0,2058.0,2058.0,2089.0,2564.0,2564.0,2565.0
0.0,24567.0,7768.0,7696.0,2789.0,11196.0,3719.0,3719.0,3758.0,2565.0,2565.0,2566.0,2589.0,2589.0,2590.0,8198.0,8198.0,8171.0,3719.0,3719.0,3758.0,2565.0,2565.0,2566.0
0.0,19588.0,7693.0,7699.0,6205.0,12696.0,4229.0,4229.0,4238.0,2566.0,2566.0,2567.0,2564.0,2564.0,2565.0,6541.0,6541.0,6506.0,4229.0,4229.0,4238.0,2566.0,2566.0,2567.0
0.0,18100.0,7691.0,7699.0,11196.0,9191.0,3073.0,3073.0,3045.0,2566.0,2566.0,2567.0,2563.0,2563.0,2565.0,6035.0,6035.0,6030.0,3073.0,3073.0,3045.0,2566.0,2566.0,2567.0
0.0,21605.0,7666.0,7699.0,12696.0,4161.0,1399.0,1399.0,1363.0,2566.0,2566.0,2567.0,2555.0,2555.0,2556.0,7191.0,7191.0,7223.0,1399.0,1399.0,1363.0,2566.0,2566.0,2567.0
0.0,26635.0,7649.0,7699.0,9191.0,2619.0,875.0,875.0,869.0,2566.0,2566.0,2567.0,2549.0,2549.0,2551.0,8865.0,8865.0,8905.0,875.0,875.0,869.0,2566.0,2566.0,2567.0
0.0,28177.0,7766.0,7699.0,4161.0,6224.0,2064.0,2064.0,2096.0,2566.0,2566.0,2567.0,2588.0,2588.0,2590.0,9389.0,9389.0,9399.0,2064.0,2064.0,2096.0,2566.0,2566.0,2567.0
0.0,24572.0,7720.0,7705.0,2619.0,11349.0,3770.0,3770.0,3809.0,2568.0,2568.0,2569.0,2573.0,2573.0,2574.0,8200.0,8200.0,8172.0,3770.0,3770.0,3809.0,2568.0,2568.0,2569.0
0.0,19471.0,7750.0,7705.0,6224.0,12875.0,4289.0,4289.0,4297.0,2568.0,2568.0,2569.0,2583.0,2583.0,2584.0,6502.0,6502.0,6467.0,4289.0,4289.0,4297.0,2568.0,2568.0,2569.0
0.0,17945.0,7708.0,7708.0,11349.0,9246.0,3092.0,3092.0,3062.0,2569.0,2569.0,2570.0,2569.0,2569.0,2570.0,5983.0,5983.0,5979.0,3092.0,3092.0,3062.0,2569.0,2569.0,2570.0
0.0,21586.0,7736.0,7711.0,12875.0,4119.0,1385.0,1385.0,1349.0,2570.0,2570.0,2571.0,2578.0,2578.0,2580.0,7184.0,7184.0,7218.0,1385.0,1385.0,1349.0,2570.0,2570.0,2571.0
0.0,26725.0,7717.0,7711.0,9246.0,2590.0,865.0,865.0,860.0,2570.0,2570.0,2571.0,2572.0,2572.0,2573.0,8895.0,8895.0,8935.0,865.0,865.0,860.0,2570.0,2570.0,2571.0
0.0,28254.0,7714.0,7711.0,4119.0,6185.0,2051.0,2051.0,2083.0,2570.0,2570.0,2571.0,2571.0,2571.0,2572.0,9415.0,9415.0,9424.0,2051.0,2051.0,2083.0,2570.0,2570.0,2571.0
0.0,24659.0,7750.0,7714.0,2590.0,11357.0,3773.0,3773.0,3811.0,2571.0,2571.0,2572.0,2583.0,2583.0,2584.0,8229.0,8229.0,8201.0,3773.0,3773.0,3811.0,2571.0,2571.0,2572.0
0.0,19499.0,7792.0,7717.0,6185.0,12976.0,4323.0,4323.0,4330.0,2572.0,2572.0,2573.0,2597.0,2597.0,2598.0,6511.0,6511.0,6477.0,4323.0,4323.0,4330.0,2572.0,2572.0,2573.0
0.0,17892.0,7738.0,7720.0,11357.0,9369.0,3133.0,3133.0,3103.0,2573.0,2573.0,2574.0,2579.0,2579.0,2580.0,5965.0,5965.0,5962.0,3133.0,3133.0,3103.0,2573.0,2573.0,2574.0
0.0,21511.0,7795.0,7720.0,12976.0,4188.0,1408.0,1408.0,1372.0,2573.0,2573.0,2574.0,2598.0,2598.0,2599.0,7159.0,7159.0,7193.0,1408.0,1408.0,1372.0,2573.0,2573.0,2574.0
0.0,26692.0,7852.0,7726.0,9369.0,2695.0,900.0,900.0,895.0,2575.0,2575.0,2576.0,2617.0,2617.0,2618.0,8884.0,8884.0,8924.0,900.0,900.0,895.0,2575.0,2575.0,2576.0
0.0,28209.0,7682.0,7726.0,4188.0,6189.0,2052.0,2052.0,2085.0,2575.0,2575.0,2576.0,2560.0,2560.0,2562.0,9400.0,9400.0,9409.0,2052.0,2052.0,2085.0,2575.0,2575.0,2576.0
0.0,24715.0,7726.0,7727.0,2695.0,11224.0,3727.0,3727.0,3770.0,2575.0,2575.0,2577.0,2575.0,2575.0,2576.0,8248.0,8248.0,8219.0,3727.0,3727.0,3770.0,2575.0,2575.0,2577.0
0.0,19684.0,7723.0,7726.0,6189.0,12754.0,4249.0,4249.0,4256.0,2575.0,2575.0,2576.0,2574.0,2574.0,2575.0,6573.0,6573.0,6538.0,4249.0,4249.0,4256.0,2575.0,2575.0,2576.0
0.0,18150.0,7708.0,7726.0,11224.0,9238.0,3091.0,3091.0,3056.0,2575.0,2575.0,2576.0,2569.0,2569.0,2570.0,6051.0,6051.0,6048.0,3091.0,3091.0,3056.0,2575.0,2575.0,2576.0
0.0,21666.0,7897.0,7732.0,12754.0,4405.0,1482.0,1482.0,1441.0,2577.0,2577.0,2578.0,2632.0,2632.0,2633.0,7209.0,7209.0,7248.0,1482.0,1482.0,1441.0,2577.0,2577.0,2578.0
0.0,26523.0,7801.0,7735.0,9238.0,2980.0,995.0,995.0,990.0,2578.0,2578.0,2579.0,2600.0,2600.0,2601.0,8826.0,8826.0,8871.0,995.0,995.0,990.0,2578.0,2578.0,2579.0
0.0,27960.0,7771.0,7738.0,4405.0,6358.0,2107.0,2107.0,2144.0,2579.0,2579.0,2580.0,2590.0,2590.0,2591.0,9317.0,9317.0,9326.0,2107.0,2107.0,2144.0,2579.0,2579.0,2580.0
0.0,24594.0,7825.0,7739.0,2980.0,11207.0,3720.0,3720.0,3767.0,2579.0,2579.0,2581.0,2608.0,2608.0,2609.0,8209.0,8209.0,8176.0,3720.0,3720.0,3767.0,2579.0,2579.0,2581.0
0.0,19749.0,7828.0,7741.0,6358.0,12685.0,4226.0,4226.0,4233.0,2580.0,2580.0,2581.0,2609.0,2609.0,2610.0,6596.0,6596.0,6557.0,4226.0,4226.0,4233.0,2580.0,2580.0,2581.0
1.0,0.0,339.0,339.0,0.0,1356.0,452.0,452.0,452.0,113.0,113.0,113.0,113.0,113.0,113.0,0.0,0.0,0.0,452.0,452.0,452.0,113.0,113.0,113.0
1.0,0.0,291.0,315.0,0.0,1260.0,420.0,420.0,420.0,105.0,105.0,105.0,97.0,97.0,97.0,0.0,0.0,0.0,420.0,420.0,420.0,105.0,105.0,105.0
1.0,0.0,315.0,315.0,0.0,1260.0,420.0,420.0,420.0,105.0,105.0,105.0,105.0,105.0,105.0,0.0,0.0,0.0,420.0,420.0,420.0,105.0,105.0,105.0
1.0,0.0,291.0,309.0,0.0,1236.0,412.0,412.0,412.0,103.0,103.0,103.0,97.0,97.0,97.0,0.0,0.0,0.0,412.0,412.0,412.0,103.0,103.0,103.0
1.0,0.0,354.0,318.0,3876.0,0.0,0.0,0.0,0.0,106.0,106.0,106.0,118.0,118.0,118.0,0.0,0.0,0.0,0.0,0.0,0.0,106.0,106.0,106.0
1.0,2286.0,336.0,321.0,1236.0,0.0,0.0,0.0,0.0,107.0,107.0,107.0,112.0,112.0,112.0,762.0,762.0,762.0,0.0,0.0,0.0,107.0,107.0,107.0
1.0,3186.0,309.0,318.0,0.0,0.0,0.0,0.0,0.0,106.0,106.0,106.0,103.0,103.0,103.0,1062.0,1062.0,1062.0,0.0,0.0,0.0,106.0,106.0,106.0
1.0,2877.0,309.0,318.0,0.0,0.0,0.0,0.0,0.0,106.0,106.0,106.0,103.0,103.0,103.0,959.0,959.0,959.0,0.0,0.0,0.0,106.0,106.0,106.0
1.0,2568.0,297.0,315.0,0.0,0.0,0.0,0.0,0.0,105.0,105.0,105.0,99.0,99.0,99.0,856.0,856.0,856.0,0.0,0.0,0.0,105.0,105.0,105.0
1.0,2271.0,354.0,318.0,0.0,0.0,0.0,0.0,0.0,106.0,106.0,106.0,118.0,118.0,118.0,757.0,757.0,757.0,0.0,0.0,0.0,106.0,106.0,106.0
1.0,1917.0,294.0,318.0,0.0,0.0,0.0,0.0,0.0,106.0,106.0,106.0,98.0,98.0,98.0,639.0,639.0,639.0,0.0,0.0,0.0,106.0,106.0,106.0
1.0,1623.0,306.0,315.0,0.0,0.0,0.0,0.0,0.0,105.0,105.0,105.0,102.0,102.0,102.0,541.0,541.0,541.0,0.0,0.0,0.0,105.0,105.0,105.0
1.0,1317.0,240.0,309.0,0.0,159.0,53.0,53.0,53.0,103.0,103.0,103.0,80.0,80.0,80.0,439.0,439.0,439.0,53.0,53.0,53.0,103.0,103.0,103.0
1.0,1077.0,309.0,309.0,0.0,468.0,156.0,156.0,156.0,103.0,103.0,103.0,103.0,103.0,103.0,359.0,359.0,359.0,156.0,156.0,156.0,103.0,103.0,103.0
1.0,768.0,345.0,312.0,159.0,666.0,222.0,222.0,222.0,104.0,104.0,104.0,115.0,115.0,115.0,256.0,256.0,256.0,222.0,222.0,222.0,104.0,104.0,104.0
1.0,582.0,315.0,312.0,468.0,513.0,171.0,171.0,171.0,104.0,104.0,104.0,105.0,105.0,105.0,194.0,194.0,194.0,171.0,171.0,171.0,104.0,104.0,104.0
1.0,735.0,321.0,312.0,666.0,168.0,56.0,56.0,56.0,104.0,104.0,104.0,107.0,107.0,107.0,245.0,245.0,245.0,56.0,56.0,56.0,104.0,104.0,104.0
1.0,1080.0,318.0,312.0,513.0,0.0,0.0,0.0,0.0,104.0,104.0,104.0,106.0,106.0,106.0,360.0,360.0,360.0,0.0,0.0,0.0,104.0,104.0,104.0
1.0,1275.0,321.0,315.0,168.0,138.0,46.0,46.0,46.0,105.0,105.0,105.0,107.0,107.0,107.0,425.0,425.0,425.0,46.0,46.0,46.0,105.0,105.0,105.0
1.0,1122.0,348.0,315.0,0.0,486.0,162.0,162.0,162.0,105.0,105.0,105.0,116.0,116.0,116.0,374.0,374.0,374.0,162.0,162.0,162.0,105.0,105.0,105.0
1.0,774.0,336.0,318.0,138.0,696.0,232.0,232.0,232.0,106.0,106.0,106.0,112.0,112.0,112.0,258.0,258.0,258.0,232.0,232.0,232.0,106.0,106.0,106.0
1.0,576.0,360.0,318.0,486.0,570.0,190.0,190.0,190.0,106.0,106.0,106.0,120.0,120.0,120.0,192.0,192.0,192.0,190.0,190.0,190.0,106.0,106.0,106.0
1.0,702.0,288.0,318.0,696.0,162.0,54.0,54.0,54.0,106.0,106.0,106.0,96.0,96.0,96.0,234.0,234.0,234.0,54.0,54.0,54.0,106.0,106.0,106.0
1.0,1110.0,297.0,315.0,570.0,0.0,0.0,0.0,0.0,105.0,105.0,105.0,99.0,99.0,99.0,370.0,370.0,370.0,0.0,0.0,0.0,105.0,105.0,105.0
1.0,1383.0,351.0,318.0,162.0,78.0,26.0,26.0,26.0,106.0,106.0,106.0,117.0,117.0,117.0,461.0,461.0,461.0,26.0,26.0,26.0,106.0,106.0,106.0
1.0,1194.0,297.0,318.0,0.0,375.0,125.0,125.0,125.0,106.0,106.0,106.0,99.0,99.0,99.0,398.0,398.0,398.0,125.0,125.0,125.0,106.0,106.0,106.0
1.0,897.0,330.0,318.0,78.0,627.0,209.0,209.0,209.0,106.0,106.0,106.0,110.0,110.0,110.0,299.0,299.0,299.0,209.0,209.0,209.0,106.0,106.0,106.0
1.0,645.0,324.0,318.0,375.0,576.0,192.0,192.0,192.0,106.0,106.0,106.0,108.0,108.0,108.0,215.0,215.0,215.0,192.0,192.0,192.0,106.0,106.0,106.0
1.0,696.0,312.0,318.0,627.0,261.0,87.0,87.0,87.0,106.0,106.0,106.0,104.0,104.0,104.0,232.0,232.0,232.0,87.0,87.0,87.0,106.0,106.0,106.0
1.0,1011.0,363.0,318.0,576.0,48.0,16.0,16.0,16.0,106.0,106.0,106.0,121.0,121.0,121.0,337.0,337.0,337.0,16.0,16.0,16.0,106.0,106.0,106.0
1.0,1224.0,294.0,318.0,261.0,81.0,27.0,27.0,27.0,106.0,106.0,106.0,98.0,98.0,98.0,408.0,408.0,408.0,27.0,27.0,27.0,106.0,106.0,106.0
1.0,1191.0,342.0,318.0,48.0,375.0,125.0,125.0,125.0,106.0,106.0,106.0,114.0,114.0,114.0,397.0,397.0,397.0,125.0,125.0,125.0,106.0,106.0,106.0
1.0,897.0,297.0,318.0,81.0,591.0,197.0,197.0,197.0,106.0,106.0,106.0,99.0,99.0,99.0,299.0,299.0,299.0,197.0,197.0,197.0,106.0,106.0,106.0
1.0,681.0,294.0,318.0,375.0,510.0,170.0,170.0,170.0,106.0,106.0,106.0,98.0,98.0,98.0,227.0,227.0,227.0,170.0,170.0,170.0,106.0,106.0,106.0
1.0,762.0,321.0,318.0,591.0,240.0,80.0,80.0,80.0,106.0,106.0,106.0,107.0,107.0,107.0,254.0,254.0,254.0,80.0,80.0,80.0,106.0,106.0,106.0
1.0,1032.0,339.0,318.0,510.0,69.0,23.0,23.0,23.0,106.0,106.0,106.0,113.0,113.0,113.0,344.0,344.0,344.0,23.0,23.0,23.0,106.0,106.0,106.0
1.0,1203.0,297.0,318.0,240.0,126.0,42.0,42.0,42.0,106.0,106.0,106.0,99.0,99.0,99.0,401.0,401.0,401.0,42.0,42.0,42.0,106.0,106.0,106.0
1.0,1146.0,327.0,318.0,69.0,384.0,128.0,128.0,128.0,106.0,106.0,106.0,109.0,109.0,109.0,382.0,382.0,382.0,128.0,128.0,128.0,106.0,106.0,106.0
1.0,888.0,279.0,318.0,126.0,537.0,179.0,179.0,179.0,106.0,106.0,106.0,93.0,93.0,93.0,296.0,296.0,296.0,179.0,179.0,179.0,106.0,106.0,106.0
1.0,735.0,303.0,318.0,384.0,456.0,152.0,152.0,152.0,106.0,106.0,106.0,101.0,101.0,101.0,245.0,245.0,245.0,152.0,152.0,152.0,106.0,106.0,106.0
1.0,816.0,276.0,315.0,537.0,183.0,61.0,61.0,61.0,105.0,105.0,105.0,92.0,92.0,92.0,272.0,272.0,272.0,61.0,61.0,61.0,105.0,105.0,105.0
1.0,1077.0,270.0,315.0,456.0,0.0,0.0,0.0,0.0,105.0,105.0,105.0,90.0,90.0,90.0,359.0,359.0,359.0,0.0,0.0,0.0,105.0,105.0,105.0
1.0,1263.0,291.0,315.0,183.0,105.0,35.0,35.0,35.0,105.0,105.0,105.0,97.0,97.0,97.0,421.0,421.0,421.0,35.0,35.0,35.0,105.0,105.0,105.0
1.0,1155.0,336.0,315.0,0.0,441.0,147.0,147.0,147.0,105.0,105.0,105.0,112.0,112.0,112.0,385.0,385.0,385.0,147.0,147.0,147.0,105.0,105.0,105.0
1.0,819.0,285.0,315.0,105.0,621.0,207.0,207.0,207.0,105.0,105.0,105.0,95.0,95.0,95.0,273.0,273.0,273.0,207.0,207.0,207.0,105.0,105.0,105.0
1.0,639.0,324.0,315.0,441.0,504.0,168.0,168.0,168.0,105.0,105.0,105.0,108.0,108.0,108.0,213.0,213.0,213.0,168.0,168.0,168.0,105.0,105.0,105.0
1.0,756.0,294.0,315.0,621.0,177.0,59.0,59.0,59.0,105.0,105.0,105.0,98.0,98.0,98.0,252.0,252.0,252.0,59.0,59.0,59.0,105.0,105.0,105.0
1.0,1083.0,327.0,315.0,504.0,0.0,0.0,0.0,0.0,105.0,105.0,105.0,109.0,109.0,109.0,361.0,361.0,361.0,0.0,0.0,0.0,105.0,105.0,105.0
1.0,1260.0,378.0,315.0,177.0,201.0,67.0,67.0,67.0,105.0,105.0,105.0,126.0,126.0,126.0,420.0,420.0,420.0,67.0,67.0,67.0,105.0,105.0,105.0
1.0,1059.0,258.0,315.0,0.0,459.0,153.0,153.0,153.0,105.0,105.0,105.0,86.0,86.0,86.0,353.0,353.0,353.0,153.0,153.0,153.0,105.0,105.0,105.0
1.0,801.0,282.0,312.0,201.0,528.0,176.0,176.0,176.0,104.0,104.0,104.0,94.0,94.0,94.0,267.0,267.0,267.0,176.0,176.0,176.0,104.0,104.0,104.0
1.0,720.0,291.0,312.0,459.0,360.0,120.0,120.0,120.0,104.0,104.0,104.0,97.0,97.0,97.0,240.0,240.0,240.0,120.0,120.0,120.0,104.0,104.0,104.0
1.0,888.0,348.0,312.0,528.0,180.0,60.0,60.0,60.0,104.0,104.0,104.0,116.0,116.0,116.0,296.0,296.0,296.0,60.0,60.0,60.0,104.0,104.0,104.0
1.0,1068.0,339.0,315.0,360.0,171.0,57.0,57.0,57.0,105.0,105.0,105.0,113.0,113.0,113.0,356.0,356.0,356.0,57.0,57.0,57.0,105.0,105.0,105.0
1.0,1089.0,357.0,315.0,180.0,348.0,116.0,116.0,116.0,105.0,105.0,105.0,119.0,119.0,119.0,363.0,363.0,363.0,116.0,116.0,116.0,105.0,105.0,105.0
1.0,912.0,372.0,315.0,171.0,549.0,183.0,183.0,183.0,105.0,105.0,105.0,124.0,124.0,124.0,304.0,304.0,304.0,183.0,183.0,183.0,105.0,105.0,105.0
1.0,711.0,384.0,318.0,348.0,597.0,199.0,199.0,199.0,106.0,106.0,106.0,128.0,128.0,128.0,237.0,237.0,237.0,199.0,199.0,199.0,106.0,106.0,106.0
1.0,675.0,345.0,318.0,549.0,393.0,131.0,131.0,131.0,106.0,106.0,106.0,115.0,115.0,115.0,225.0,225.0,225.0,131.0,131.0,131.0,106.0,106.0,106.0
1.0,879.0,321.0,318.0,597.0,117.0,39.0,39.0,39.0,106.0,106.0,106.0,107.0,107.0,107.0,293.0,293.0,293.0,39.0,39.0,39.0,106.0,106.0,106.0
1.0,1155.0,297.0,318.0,393.0,21.0,7.0,7.0,7.0,106.0,106.0,106.0,99.0,99.0,99.0,385.0,385.0,385.0,7.0,7.0,7.0,106.0,106.0,106.0
1.0,1251.0,330.0,318.0,117.0,234.0,78.0,78.0,78.0,106.0,106.0,106.0,110.0,110.0,110.0,417.0,417.0,417.0,78.0,78.0,78.0,106.0,106.0,106.0
1.0,1038.0,333.0,318.0,21.0,546.0,182.0,182.0,182.0,106.0,106.0,106.0,111.0,111.0,111.0,346.0,346.0,346.0,182.0,182.0,182.0,106.0,106.0,106.0
1.0,726.0,345.0,318.0,234.0,657.0,219.0,219.0,219.0,106.0,106.0,106.0,115.0,115.0,115.0,242.0,242.0,242.0,219.0,219.0,219.0,106.0,106.0,106.0
1.0,615.0,360.0,318.0,546.0,471.0,157.0,157.0,157.0,106.0,106.0,106.0,120.0,120.0,120.0,205.0,205.0,205.0,157.0,157.0,157.0,106.0,106.0,106.0
1.0,801.0,378.0,321.0,657.0,204.0,68.0,68.0,68.0,107.0,107.0,107.0,126.0,126.0,126.0,267.0,267.0,267.0,68.0,68.0,68.0,107.0,107.0,107.0
1.0,1080.0,399.0,324.0,471.0,144.0,48.0,48.0,48.0,108.0,108.0,108.0,133.0,133.0,133.0,360.0,360.0,360.0,48.0,48.0,48.0,108.0,108.0,108.0
1.0,1152.0,372.0,324.0,204.0,312.0,104.0,104.0,104.0,108.0,108.0,108.0,124.0,124.0,124.0,384.0,384.0,384.0,104.0,104.0,104.0,108.0,108.0,108.0
1.0,984.0,390.0,327.0,144.0,570.0,190.0,190.0,190.0,109.0,109.0,109.0,130.0,130.0,130.0,328.0,328.0,328.0,190.0,190.0,190.0,109.0,109.0,109.0
1.0,738.0,288.0,324.0,312.0,534.0,178.0,178.0,178.0,108.0,108.0,108.0,96.0,96.0,96.0,246.0,246.0,246.0,178.0,178.0,178.0,108.0,108.0,108.0
1.0,762.0,336.0,324.0,570.0,300.0,100.0,100.0,100.0,108.0,108.0,108.0,112.0,112.0,112.0,254.0,254.0,254.0,100.0,100.0,100.0,108.0,108.0,108.0
1.0,996.0,405.0,327.0,534.0,183.0,61.0,61.0,61.0,109.0,109.0,109.0,135.0,135.0,135.0,332.0,332.0,332.0,61.0,61.0,61.0,109.0,109.0,109.0
1.0,1125.0,369.0,327.0,300.0,252.0,84.0,84.0,84.0,109.0,109.0,109.0,123.0,123.0,123.0,375.0,375.0,375.0,84.0,84.0,84.0,109.0,109.0,109.0
1.0,1056.0,300.0,327.0,183.0,369.0,123.0,123.0,123.0,109.0,109.0,109.0,100.0,100.0,100.0,352.0,352.0,352.0,123.0,123.0,123.0,109.0,109.0,109.0
1.0,939.0,375.0,327.0,252.0,492.0,164.0,164.0,164.0,109.0,109.0,109.0,125.0,125.0,125.0,313.0,313.0,313.0,164.0,164.0,164.0,109.0,109.0,109.0
1.0,816.0,345.0,327.0,369.0,468.0,156.0,156.0,156.0,109.0,109.0,109.0,115.0,115.0,115.0,272.0,272.0,272.0,156.0,156.0,156.0,109.0,109.0,109.0
1.0,840.0,351.0,330.0,492.0,339.0,113.0,113.0,113.0,110.0,110.0,110.0,117.0,117.0,117.0,280.0,280.0,280.0,113.0,113.0,113.0,110.0,110.0,110.0
1.0,981.0,393.0,330.0,468.0,264.0,88.0,88.0,88.0,110.0,110.0,110.0,131.0,131.0,131.0,327.0,327.0,327.0,88.0,88.0,88.0,110.0,110.0,110.0
1.0,1056.0,318.0,330.0,339.0,243.0,81.0,81.0,81.0,110.0,110.0,110.0,106.0,106.0,106.0,352.0,352.0,352.0,81.0,81.0,81.0,110.0,110.0,110.0
1.0,1077.0,396.0,333.0,264.0,387.0,129.0,129.0,129.0,111.0,111.0,111.0,132.0,132.0,132.0,359.0,359.0,359.0,129.0,129.0,129.0,111.0,111.0,111.0
1.0,945.0,306.0,330.0,243.0,438.0,146.0,146.0,146.0,110.0,110.0,110.0,102.0,102.0,102.0,315.0,315.0,315.0,146.0,146.0,146.0,110.0,110.0,110.0
1.0,882.0,387.0,333.0,387.0,450.0,150.0,150.0,150.0,111.0,111.0,111.0,129.0,129.0,129.0,294.0,294.0,294.0,150.0,150.0,150.0,111.0,111.0,111.0
1.0,882.0,234.0,330.0,438.0,234.0,78.0,78.0,78.0,110.0,110.0,110.0,78.0,78.0,78.0,294.0,294.0,294.0,78.0,78.0,78.0,110.0,110.0,110.0
1.0,1086.0,363.0,333.0,450.0,159.0,53.0,53.0,53.0,111.0,111.0,111.0,121.0,121.0,121.0,362.0,362.0,362.0,53.0,53.0,53.0,111.0,111.0,111.0
1.0,1173.0,363.0,333.0,234.0,288.0,96.0,96.0,96.0,111.0,111.0,111.0,121.0,121.0,121.0,391.0,391.0,391.0,96.0,96.0,96.0,111.0,111.0,111.0
1.0,1044.0,402.0,333.0,159.0,531.0,177.0,177.0,177.0,111.0,111.0,111.0,134.0,134.0,134.0,348.0,348.0,348.0,177.0,177.0,177.0,111.0,111.0,111.0
1.0,801.0,297.0,333.0,288.0,540.0,180.0,180.0,180.0,111.0,111.0,111.0,99.0,99.0,99.0,267.0,267.0,267.0,180.0,180.0,180.0,111.0,111.0,111.0
1.0,792.0,357.0,336.0,531.0,378.0,126.0,126.0,126.0,112.0,112.0,112.0,119.0,119.0,119.0,264.0,264.0,264.0,126.0,126.0,126.0,112.0,112.0,112.0
1.0,966.0,318.0,333.0,540.0,144.0,48.0,48.0,48.0,111.0,111.0,111.0,106.0,106.0,106.0,322.0,322.0,322.0,48.0,48.0,48.0,111.0,111.0,111.0
1.0,1188.0,309.0,336.0,378.0,87.0,29.0,29.0,29.0,112.0,112.0,112.0,103.0,103.0,103.0,396.0,396.0,396.0,29.0,29.0,29.0,112.0,112.0,112.0
1.0,1257.0,369.0,336.0,144.0,312.0,104.0,104.0,104.0,112.0,112.0,112.0,123.0,123.0,123.0,419.0,419.0,419.0,104.0,104.0,104.0,112.0,112.0,112.0
1.0,1032.0,357.0,336.0,87.0,582.0,194.0,194.0,194.0,112.0,112.0,112.0,119.0,119.0,119.0,344.0,344.0,344.0,194.0,194.0,194.0,112.0,112.0,112.0
1.0,762.0,330.0,336.0,312.0,600.0,200.0,200.0,200.0,112.0,112.0,112.0,110.0,110.0,110.0,254.0,254.0,254.0,200.0,200.0,200.0,112.0,112.0,112.0
1.0,744.0,321.0,339.0,582.0,351.0,117.0,117.0,117.0,113.0,113.0,113.0,107.0,107.0,107.0,248.0,248.0,248.0,117.0,117.0,117.0,113.0,113.0,113.0
1.0,1005.0,363.0,339.0,600.0,114.0,38.0,38.0,38.0,113.0,113.0,113.0,121.0,121.0,121.0,335.0,335.0,335.0,38.0,38.0,38.0,113.0,113.0,113.0
1.0,1242.0,342.0,342.0,351.0,117.0,39.0,39.0,39.0,114.0,114.0,114.0,114.0,114.0,114.0,414.0,414.0,414.0,39.0,39.0,39.0,114.0,114.0,114.0
1.0,1251.0,336.0,342.0,114.0,339.0,113.0,113.0,113.0,114.0,114.0,114.0,112.0,112.0,112.0,417.0,417.0,417.0,113.0,113.0,113.0,114.0,114.0,114.0
1.0,1029.0,360.0,342.0,117.0,582.0,194.0,194.0,194.0,114.0,114.0,114.0,120.0,120.0,120.0,343.0,343.0,343.0,194.0,194.0,194.0,114.0,114.0,114.0
1.0,786.0,345.0,342.0,339.0,588.0,196.0,196.0,196.0,114.0,114.0,114.0,115.0,115.0,115.0,262.0,262.0,262.0,196.0,196.0,196.0,114.0,114.0,114.0
1.0,780.0,315.0,342.0,582.0,321.0,107.0,107.0,107.0,114.0,114.0,114.0,105.0,105.0,105.0,260.0,260.0,260.0,107.0,107.0,107.0,114.0,114.0,114.0
1.0,1047.0,282.0,342.0,588.0,15.0,5.0,5.0,5.0,114.0,114.0,114.0,94.0,94.0,94.0,349.0,349.0,349.0,5.0,5.0,5.0,114.0,114.0,114.0
1.0,1353.0,375.0,342.0,321.0,69.0,23.0,23.0,23.0,114.0,114.0,114.0,125.0,125.0,125.0,451.0,451.0,451.0,23.0,23.0,23.0,114.0,114.0,114.0
1.0,1299.0,402.0,345.0,15.0,468.0,156.0,156.0,156.0,115.0,115.0,115.0,134.0,134.0,134.0,433.0,433.0,433.0,156.0,156.0,156.0,115.0,115.0,115.0
1.0,912.0,366.0,348.0,69.0,777.0,259.0,259.0,259.0,116.0,116.0,116.0,122.0,122.0,122.0,304.0,304.0,304.0,259.0,259.0,259.0,116.0,116.0,116.0
1.0,615.0,336.0,348.0,468.0,645.0,215.0,215.0,215.0,116.0,116.0,116.0,112.0,112.0,112.0,205.0,205.0,205.0,215.0,215.0,215.0,116.0,116.0,116.0
1.0,747.0,339.0,348.0,777.0,207.0,69.0,69.0,69.0,116.0,116.0,116.0,113.0,113.0,113.0,249.0,249.0,249.0,69.0,69.0,69.0,116.0,116.0,116.0
1.0,1185.0,288.0,348.0,645.0,0.0,0.0,0.0,0.0,116.0,116.0,116.0,96.0,96.0,96.0,395.0,395.0,395.0,0.0,0.0,0.0,116.0,116.0,116.0
1.0,1542.0,354.0,348.0,207.0,0.0,0.0,0.0,0.0,116.0,116.0,116.0,118.0,118.0,118.0,514.0,514.0,514.0,0.0,0.0,0.0,116.0,116.0,116.0
1.0,1395.0,429.0,348.0,0.0,426.0,142.0,142.0,142.0,116.0,116.0,116.0,143.0,143.0,143.0,465.0,465.0,465.0,142.0,142.0,142.0,116.0,116.0,116.0
1.0,966.0,402.0,348.0,0.0,828.0,276.0,276.0,276.0,116.0,116.0,116.0,134.0,134.0,134.0,322.0,322.0,322.0,276.0,276.0,276.0,116.0,116.0,116.0
1.0,564.0,357.0,348.0,426.0,759.0,253.0,253.0,253.0,116.0,116.0,116.0,119.0,119.0,119.0,188.0,188.0,188.0,253.0,253.0,253.0,116.0,116.0,116.0
1.0,633.0,387.0,348.0,828.0,318.0,106.0,106.0,106.0,116.0,116.0,116.0,129.0,129.0,129.0,211.0,211.0,211.0,106.0,106.0,106.0,116.0,116.0,116.0
1.0,1074.0,381.0,351.0,759.0,0.0,0.0,0.0,0.0,117.0,117.0,117.0,127.0,127.0,127.0,358.0,358.0,358.0,0.0,0.0,0.0,117.0,117.0,117.0
1.0,1452.0,414.0,354.0,318.0,60.0,20.0,20.0,20.0,118.0,118.0,118.0,138.0,138.0,138.0,484.0,484.0,484.0,20.0,20.0,20.0,118.0,118.0,118.0
1.0,1356.0,315.0,351.0,0.0,363.0,121.0,121.0,121.0,117.0,117.0,117.0,105.0,105.0,105.0,452.0,452.0,452.0,121.0,121.0,121.0,117.0,117.0,117.0
1.0,1041.0,381.0,354.0,60.0,696.0,232.0,232.0,232.0,118.0,118.0,118.0,127.0,127.0,127.0,347.0,347.0,347.0,232.0,232.0,232.0,118.0,118.0,118.0
1.0,720.0,393.0,354.0,363.0,726.0,242.0,242.0,242.0,118.0,118.0,118.0,131.0,131.0,131.0,240.0,240.0,240.0,242.0,242.0,242.0,118.0,118.0,118.0
1.0,690.0,378.0,354.0,696.0,408.0,136.0,136.0,136.0,118.0,118.0,118.0,126.0,126.0,126.0,230.0,230.0,230.0,136.0,136.0,136.0,118.0,118.0,118.0
1.0,1008.0,372.0,354.0,726.0,54.0,18.0,18.0,18.0,118.0,118.0,118.0,124.0,124.0,124.0,336.0,336.0,336.0,18.0,18.0,18.0,118.0,118.0,118.0
1.0,1362.0,327.0,351.0,408.0,0.0,0.0,0.0,0.0,117.0,117.0,117.0,109.0,109.0,109.0,454.0,454.0,454.0,0.0,0.0,0.0,117.0,117.0,117.0
1.0,1443.0,423.0,354.0,54.0,342.0,114.0,114.0,114.0,118.0,118.0,118.0,141.0,141.0,141.0,481.0,481.0,481.0,114.0,114.0,114.0,118.0,118.0,118.0
1.0,1074.0,354.0,354.0,0.0,696.0,232.0,232.0,232.0,118.0,118.0,118.0,118.0,118.0,118.0,358.0,358.0,358.0,232.0,232.0,232.0,118.0,118.0,118.0
1.0,720.0,414.0,357.0,342.0,780.0,260.0,260.0,260.0,119.0,119.0,119.0,138.0,138.0,138.0,240.0,240.0,240.0,260.0,260.0,260.0,119.0,119.0,119.0
1.0,648.0,387.0,354.0,696.0,459.0,153.0,153.0,153.0,118.0,118.0,118.0,129.0,129.0,129.0,216.0,216.0,216.0,153.0,153.0,153.0,118.0,118.0,118.0
1.0,957.0,417.0,357.0,780.0,108.0,36.0,36.0,36.0,119.0,119.0,119.0,139.0,139.0,139.0,319.0,319.0,319.0,36.0,36.0,36.0,119.0,119.0,119.0
1.0,1320.0,345.0,357.0,459.0,0.0,0.0,0.0,0.0,119.0,119.0,119.0,115.0,115.0,115.0,440.0,440.0,440.0,0.0,0.0,0.0,119.0,119.0,119.0
1.0,1434.0,348.0,357.0,108.0,234.0,78.0,78.0,78.0,119.0,119.0,119.0,116.0,116.0,116.0,478.0,478.0,478.0,78.0,78.0,78.0,119.0,119.0,119.0
1.0,1194.0,360.0,357.0,0.0,594.0,198.0,198.0,198.0,119.0,119.0,119.0,120.0,120.0,120.0,398.0,398.0,398.0,198.0,198.0,198.0,119.0,119.0,119.0
1.0,834.0,366.0,357.0,234.0,726.0,242.0,242.0,242.0,119.0,119.0,119.0,122.0,122.0,122.0,278.0,278.0,278.0,242.0,242.0,242.0,119.0,119.0,119.0
1.0,702.0,378.0,357.0,594.0,510.0,170.0,170.0,170.0,119.0,119.0,119.0,126.0,126.0,126.0,234.0,234.0,234.0,170.0,170.0,170.0,119.0,119.0,119.0
1.0,918.0,372.0,357.0,726.0,156.0,52.0,52.0,52.0,119.0,119.0,119.0,124.0,124.0,124.0,306.0,306.0,306.0,52.0,52.0,52.0,119.0,119.0,119.0
1.0,1272.0,381.0,357.0,510.0,27.0,9.0,9.0,9.0,119.0,119.0,119.0,127.0,127.0,127.0,424.0,424.0,424.0,9.0,9.0,9.0,119.0,119.0,119.0
1.0,1401.0,345.0,357.0,156.0,216.0,72.0,72.0,72.0,119.0,119.0,119.0,115.0,115.0,115.0,467.0,467.0,467.0,72.0,72.0,72.0,119.0,119.0,119.0
1.0,1212.0,411.0,360.0,27.0,612.0,204.0,204.0,204.0,120.0,120.0,120.0,137.0,137.0,137.0,404.0,404.0,404.0,204.0,204.0,204.0,120.0,120.0,120.0
1.0,828.0,399.0,363.0,216.0,807.0,269.0,269.0,269.0,121.0,121.0,121.0,133.0,133.0,133.0,276.0,276.0,276.0,269.0,269.0,269.0,121.0,121.0,121.0
1.0,645.0,387.0,363.0,612.0,582.0,194.0,194.0,194.0,121.0,121.0,121.0,129.0,129.0,129.0,215.0,215.0,215.0,194.0,194.0,194.0,121.0,121.0,121.0
1.0,870.0,378.0,363.0,807.0,153.0,51.0,51.0,51.0,121.0,121.0,121.0,126.0,126.0,126.0,290.0,290.0,290.0,51.0,51.0,51.0,121.0,121.0,121.0
1.0,1299.0,387.0,363.0,582.0,0.0,0.0,0.0,0.0,121.0,121.0,121.0,129.0,129.0,129.0,433.0,433.0,433.0,0.0,0.0,0.0,121.0,121.0,121.0
1.0,1494.0,333.0,363.0,153.0,138.0,46.0,46.0,46.0,121.0,121.0,121.0,111.0,111.0,111.0,498.0,498.0,498.0,46.0,46.0,46.0,121.0,121.0,121.0
1.0,1314.0,426.0,366.0,0.0,576.0,192.0,192.0,192.0,122.0,122.0,122.0,142.0,142.0,142.0,438.0,438.0,438.0,192.0,192.0,192.0,122.0,122.0,122.0
1.0,888.0,414.0,366.0,138.0,852.0,284.0,284.0,284.0,122.0,122.0,122.0,138.0,138.0,138.0,296.0,296.0,296.0,284.0,284.0,284.0,122.0,122.0,122.0
1.0,612.0,327.0,366.0,576.0,603.0,201.0,201.0,201.0,122.0,122.0,122.0,109.0,109.0,109.0,204.0,204.0,204.0,201.0,201.0,201.0,122.0,122.0,122.0
1.0,861.0,375.0,366.0,852.0,126.0,42.0,42.0,42.0,122.0,122.0,122.0,125.0,125.0,125.0,287.0,287.0,287.0,42.0,42.0,42.0,122.0,122.0,122.0
1.0,1338.0,333.0,366.0,603.0,0.0,0.0,0.0,0.0,122.0,122.0,122.0,111.0,111.0,111.0,446.0,446.0,446.0,0.0,0.0,0.0,122.0,122.0,122.0
1.0,1608.0,360.0,366.0,126.0,90.0,30.0,30.0,30.0,122.0,122.0,122.0,120.0,120.0,120.0,536.0,536.0,536.0,30.0,30.0,30.0,122.0,122.0,122.0
1.0,1374.0,402.0,369.0,0.0,504.0,168.0,168.0,168.0,123.0,123.0,123.0,134.0,134.0,134.0,458.0,458.0,458.0,168.0,168.0,168.0,123.0,123.0,123.0
1.0,972.0,393.0,369.0,90.0,807.0,269.0,269.0,269.0,123.0,123.0,123.0,131.0,131.0,131.0,324.0,324.0,324.0,269.0,269.0,269.0,123.0,123.0,123.0
1.0,669.0,333.0,369.0,504.0,636.0,212.0,212.0,212.0,123.0,123.0,123.0,111.0,111.0,111.0,223.0,223.0,223.0,212.0,212.0,212.0,123.0,123.0,123.0
1.0,840.0,414.0,369.0,807.0,243.0,81.0,81.0,81.0,123.0,123.0,123.0,138.0,138.0,138.0,280.0,280.0,280.0,81.0,81.0,81.0,123.0,123.0,123.0
1.0,1233.0,357.0,369.0,636.0,0.0,0.0,0.0,0.0,123.0,123.0,123.0,119.0,119.0,119.0,411.0,411.0,411.0,0.0,0.0,0.0,123.0,123.0,123.0
1.0,1512.0,405.0,372.0,243.0,138.0,46.0,46.0,46.0,124.0,124.0,124.0,135.0,135.0,135.0,504.0,504.0,504.0,46.0,46.0,46.0,124.0,124.0,124.0
1.0,1350.0,366.0,372.0,0.0,504.0,168.0,168.0,168.0,124.0,124.0,124.0,122.0,122.0,122.0,450.0,450.0,450.0,168.0,168.0,168.0,124.0,124.0,124.0
1.0,984.0,378.0,375.0,138.0,756.0,252.0,252.0,252.0,125.0,125.0,125.0,126.0,126.0,126.0,328.0,328.0,328.0,252.0,252.0,252.0,125.0,125.0,125.0
1.0,744.0,393.0,375.0,504.0,645.0,215.0,215.0,215.0,125.0,125.0,125.0,131.0,131.0,131.0,248.0,248.0,248.0,215.0,215.0,215.0,125.0,125.0,125.0
1.0,855.0,402.0,375.0,756.0,291.0,97.0,97.0,97.0,125.0,125.0,125.0,134.0,134.0,134.0,285.0,285.0,285.0,97.0,97.0,97.0,125.0,125.0,125.0
1.0,1209.0,396.0,375.0,645.0,42.0,14.0,14.0,14.0,125.0,125.0,125.0,132.0,132.0,132.0,403.0,403.0,403.0,14.0,14.0,14.0,125.0,125.0,125.0
1.0,1458.0,375.0,375.0,291.0,126.0,42.0,42.0,42.0,125.0,125.0,125.0,125.0,125.0,125.0,486.0,486.0,486.0,42.0,42.0,42.0,125.0,125.0,125.0
1.0,1374.0,405.0,378.0,42.0,501.0,167.0,167.0,167.0,126.0,126.0,126.0,135.0,135.0,135.0,458.0,458.0,458.0,167.0,167.0,167.0,126.0,126.0,126.0
1.0,1011.0,345.0,378.0,126.0,720.0,240.0,240.0,240.0,126.0,126.0,126.0,115.0,115.0,115.0,337.0,337.0,337.0,240.0,240.0,240.0,126.0,126.0,126.0
1.0,792.0,447.0,381.0,501.0,678.0,226.0,226.0,226.0,127.0,127.0,127.0,149.0,149.0,149.0,264.0,264.0,264.0,226.0,226.0,226.0,127.0,127.0,127.0
1.0,846.0,336.0,378.0,720.0,282.0,94.0,94.0,94.0,126.0,126.0,126.0,112.0,112.0,112.0,282.0,282.0,282.0,94.0,94.0,94.0,126.0,126.0,126.0
1.0,1230.0,375.0,378.0,678.0,0.0,0.0,0.0,0.0,126.0,126.0,126.0,125.0,125.0,125.0,410.0,410.0,410.0,0.0,0.0,0.0,126.0,126.0,126.0
1.0,1533.0,363.0,378.0,282.0,60.0,20.0,20.0,20.0,126.0,126.0,126.0,121.0,121.0,121.0,511.0,511.0,511.0,20.0,20.0,20.0,126.0,126.0,126.0
1.0,1452.0,435.0,378.0,0.0,495.0,165.0,165.0,165.0,126.0,126.0,126.0,145.0,145.0,145.0,484.0,484.0,484.0,165.0,165.0,165.0,126.0,126.0,126.0
1.0,1017.0,456.0,381.0,60.0,903.0,301.0,301.0,301.0,127.0,127.0,127.0,152.0,152.0,152.0,339.0,339.0,339.0,301.0,301.0,301.0,127.0,127.0,127.0
1.0,621.0,408.0,381.0,495.0,816.0,272.0,272.0,272.0,127.0,127.0,127.0,136.0,136.0,136.0,207.0,207.0,207.0,272.0,272.0,272.0,127.0,127.0,127.0
1.0,708.0,402.0,381.0,903.0,315.0,105.0,105.0,105.0,127.0,127.0,127.0,134.0,134.0,134.0,236.0,236.0,236.0,105.0,105.0,105.0,127.0,127.0,127.0
1.0,1209.0,399.0,381.0,816.0,0.0,0.0,0.0,0.0,127.0,127.0,127.0,133.0,133.0,133.0,403.0,403.0,403.0,0.0,0.0,0.0,127.0,127.0,127.0
1.0,1626.0,474.0,384.0,315.0,69.0,23.0,23.0,23.0,128.0,128.0,128.0,158.0,158.0,158.0,542.0,542.0,542.0,23.0,23.0,23.0,128.0,128.0,128.0
1.0,1467.0,390.0,384.0,0.0,459.0,153.0,153.0,153.0,128.0,128.0,128.0,130.0,130.0,130.0,489.0,489.0,489.0,153.0,153.0,153.0,128.0,128.0,128.0
1.0,1077.0,411.0,384.0,69.0,801.0,267.0,267.0,267.0,128.0,128.0,128.0,137.0,137.0,137.0,359.0,359.0,359.0,267.0,267.0,267.0,128.0,128.0,128.0
1.0,735.0,417.0,387.0,459.0,771.0,257.0,257.0,257.0,129.0,129.0,129.0,139.0,139.0,139.0,245.0,245.0,245.0,257.0,257.0,257.0,129.0,129.0,129.0
1.0,777.0,405.0,387.0,801.0,375.0,125.0,125.0,125.0,129.0,129.0,129.0,135.0,135.0,135.0,259.0,259.0,259.0,125.0,125.0,125.0,129.0,129.0,129.0
1.0,1173.0,411.0,387.0,771.0,15.0,5.0,5.0,5.0,129.0,129.0,129.0,137.0,137.0,137.0,391.0,391.0,391.0,5.0,5.0,5.0,129.0,129.0,129.0
1.0,1533.0,378.0,387.0,375.0,18.0,6.0,6.0,6.0,129.0,129.0,129.0,126.0,126.0,126.0,511.0,511.0,511.0,6.0,6.0,6.0,129.0,129.0,129.0
1.0,1530.0,471.0,387.0,15.0,474.0,158.0,158.0,158.0,129.0,129.0,129.0,157.0,157.0,157.0,510.0,510.0,510.0,158.0,158.0,158.0,129.0,129.0,129.0
1.0,1074.0,489.0,390.0,18.0,957.0,319.0,319.0,319.0,130.0,130.0,130.0,163.0,163.0,163.0,358.0,358.0,358.0,319.0,319.0,319.0,130.0,130.0,130.0
1.0,603.0,444.0,390.0,474.0,927.0,309.0,309.0,309.0,130.0,130.0,130.0,148.0,148.0,148.0,201.0,201.0,201.0,309.0,309.0,309.0,130.0,130.0,130.0
1.0,633.0,435.0,393.0,957.0,417.0,139.0,139.0,139.0,131.0,131.0,131.0,145.0,145.0,145.0,211.0,211.0,211.0,139.0,139.0,139.0,131.0,131.0,131.0
1.0,1155.0,402.0,393.0,927.0,0.0,0.0,0.0,0.0,131.0,131.0,131.0,134.0,134.0,134.0,385.0,385.0,385.0,0.0,0.0,0.0,131.0,131.0,131.0
1.0,1680.0,390.0,393.0,417.0,0.0,0.0,0.0,0.0,131.0,131.0,131.0,130.0,130.0,130.0,560.0,560.0,560.0,0.0,0.0,0.0,131.0,131.0,131.0
1.0,1707.0,387.0,396.0,0.0,264.0,88.0,88.0,88.0,132.0,132.0,132.0,129.0,129.0,129.0,569.0,569.0,569.0,88.0,88.0,88.0,132.0,132.0,132.0
1.0,1320.0,381.0,396.0,0.0,645.0,215.0,215.0,215.0,132.0,132.0,132.0,127.0,127.0,127.0,440.0,440.0,440.0,215.0,215.0,215.0,132.0,132.0,132.0
1.0,939.0,411.0,396.0,264.0,792.0,264.0,264.0,264.0,132.0,132.0,132.0,137.0,137.0,137.0,313.0,313.0,313.0,264.0,264.0,264.0,132.0,132.0,132.0
1.0,792.0,366.0,396.0,645.0,513.0,171.0,171.0,171.0,132.0,132.0,132.0,122.0,122.0,122.0,264.0,264.0,264.0,171.0,171.0,171.0,132.0,132.0,132.0
1.0,1071.0,444.0,396.0,792.0,165.0,55.0,55.0,55.0,132.0,132.0,132.0,148.0,148.0,148.0,357.0,357.0,357.0,55.0,55.0,55.0,132.0,132.0,132.0
1.0,1419.0,315.0,396.0,513.0,0.0,0.0,0.0,0.0,132.0,132.0,132.0,105.0,105.0,105.0,473.0,473.0,473.0,0.0,0.0,0.0,132.0,132.0,132.0
1.0,1617.0,393.0,396.0,165.0,195.0,65.0,65.0,65.0,132.0,132.0,132.0,131.0,131.0,131.0,539.0,539.0,539.0,65.0,65.0,65.0,132.0,132.0,132.0
1.0,1389.0,408.0,396.0,0.0,603.0,201.0,201.0,201.0,132.0,132.0,132.0,136.0,136.0,136.0,463.0,463.0,463.0,201.0,201.0,201.0,132.0,132.0,132.0
1.0,981.0,387.0,396.0,195.0,795.0,265.0,265.0,265.0,132.0,132.0,132.0,129.0,129.0,129.0,327.0,327.0,327.0,265.0,265.0,265.0,132.0,132.0,132.0
1.0,789.0,384.0,396.0,603.0,576.0,192.0,192.0,192.0,132.0,132.0,132.0,128.0,128.0,128.0,263.0,263.0,263.0,192.0,192.0,192.0,132.0,132.0,132.0
1.0,1008.0,465.0,396.0,795.0,246.0,82.0,82.0,82.0,132.0,132.0,132.0,155.0,155.0,155.0,336.0,336.0,336.0,82.0,82.0,82.0,132.0,132.0,132.0
1.0,1338.0,402.0,396.0,576.0,72.0,24.0,24.0,24.0,132.0,132.0,132.0,134.0,134.0,134.0,446.0,446.0,446.0,24.0,24.0,24.0,132.0,132.0,132.0
1.0,1512.0,459.0,399.0,246.0,297.0,99.0,99.0,99.0,133.0,133.0,133.0,153.0,153.0,153.0,504.0,504.0,504.0,99.0,99.0,99.0,133.0,133.0,133.0
1.0,1299.0,432.0,402.0,72.0,669.0,223.0,223.0,223.0,134.0,134.0,134.0,144.0,144.0,144.0,433.0,433.0,433.0,223.0,223.0,223.0,134.0,134.0,134.0
1.0,939.0,375.0,402.0,297.0,747.0,249.0,249.0,249.0,134.0,134.0,134.0,125.0,125.0,125.0,313.0,313.0,313.0,249.0,249.0,249.0,134.0,134.0,134.0
1.0,861.0,354.0,402.0,669.0,432.0,144.0,144.0,144.0,134.0,134.0,134.0,118.0,118.0,118.0,287.0,287.0,287.0,144.0,144.0,144.0,134.0,134.0,134.0
1.0,1176.0,369.0,402.0,747.0,54.0,18.0,18.0,18.0,134.0,134.0,134.0,123.0,123.0,123.0,392.0,392.0,392.0,18.0,18.0,18.0,134.0,134.0,134.0
1.0,1554.0,363.0,399.0,432.0,0.0,0.0,0.0,0.0,133.0,133.0,133.0,121.0,121.0,121.0,518.0,518.0,518.0,0.0,0.0,0.0,133.0,133.0,133.0
1.0,1623.0,387.0,402.0,54.0,318.0,106.0,106.0,106.0,134.0,134.0,134.0,129.0,129.0,129.0,541.0,541.0,541.0,106.0,106.0,106.0,134.0,134.0,134.0
1.0,1290.0,366.0,399.0,0.0,672.0,224.0,224.0,224.0,133.0,133.0,133.0,122.0,122.0,122.0,430.0,430.0,430.0,224.0,224.0,224.0,133.0,133.0,133.0
1.0,924.0,408.0,402.0,318.0,774.0,258.0,258.0,258.0,134.0,134.0,134.0,136.0,136.0,136.0,308.0,308.0,308.0,258.0,258.0,258.0,134.0,134.0,134.0
1.0,834.0,405.0,402.0,672.0,507.0,169.0,169.0,169.0,134.0,134.0,134.0,135.0,135.0,135.0,278.0,278.0,278.0,169.0,169.0,169.0,134.0,134.0,134.0
1.0,1101.0,396.0,402.0,774.0,129.0,43.0,43.0,43.0,134.0,134.0,134.0,132.0,132.0,132.0,367.0,367.0,367.0,43.0,43.0,43.0,134.0,134.0,134.0
1.0,1479.0,405.0,402.0,507.0,27.0,9.0,9.0,9.0,134.0,134.0,134.0,135.0,135.0,135.0,493.0,493.0,493.0,9.0,9.0,9.0,134.0,134.0,134.0
1.0,1581.0,420.0,402.0,129.0,318.0,106.0,106.0,106.0,134.0,134.0,134.0,140.0,140.0,140.0,527.0,527.0,527.0,106.0,106.0,106.0,134.0,134.0,134.0
1.0,1290.0,444.0,405.0,27.0,747.0,249.0,249.0,249.0,135.0,135.0,135.0,148.0,148.0,148.0,430.0,430.0,430.0,249.0,249.0,249.0,135.0,135.0,135.0
1.0,873.0,405.0,405.0,318.0,834.0,278.0,278.0,278.0,135.0,135.0,135.0,135.0,135.0,135.0,291.0,291.0,291.0,278.0,278.0,278.0,135.0,135.0,135.0
1.0,786.0,420.0,405.0,747.0,507.0,169.0,169.0,169.0,135.0,135.0,135.0,140.0,140.0,140.0,262.0,262.0,262.0,169.0,169.0,169.0,135.0,135.0,135.0
1.0,1113.0,393.0,405.0,834.0,66.0,22.0,22.0,22.0,135.0,135.0,135.0,131.0,131.0,131.0,371.0,371.0,371.0,22.0,22.0,22.0,135.0,135.0,135.0
1.0,1554.0,432.0,405.0,507.0,0.0,0.0,0.0,0.0,135.0,135.0,135.0,144.0,144.0,144.0,518.0,518.0,518.0,0.0,0.0,0.0,135.0,135.0,135.0
1.0,1629.0,453.0,405.0,66.0,378.0,126.0,126.0,126.0,135.0,135.0,135.0,151.0,151.0,151.0,543.0,543.0,543.0,126.0,126.0,126.0,135.0,135.0,135.0
1.0,1242.0,486.0,408.0,0.0,876.0,292.0,292.0,292.0,136.0,136.0,136.0,162.0,162.0,162.0,414.0,414.0,414.0,292.0,292.0,292.0,136.0,136.0,136.0
1.0,756.0,453.0,411.0,378.0,963.0,321.0,321.0,321.0,137.0,137.0,137.0,151.0,151.0,151.0,252.0,252.0,252.0,321.0,321.0,321.0,137.0,137.0,137.0
1.0,681.0,450.0,411.0,876.0,537.0,179.0,179.0,179.0,137.0,137.0,137.0,150.0,150.0,150.0,227.0,227.0,227.0,179.0,179.0,179.0,137.0,137.0,137.0
1.0,1107.0,483.0,414.0,963.0,69.0,23.0,23.0,23.0,138.0,138.0,138.0,161.0,161.0,161.0,369.0,369.0,369.0,23.0,23.0,23.0,138.0,138.0,138.0
1.0,1587.0,438.0,414.0,537.0,0.0,0.0,0.0,0.0,138.0,138.0,138.0,146.0,146.0,146.0,529.0,529.0,529.0,0.0,0.0,0.0,138.0,138.0,138.0
1.0,1686.0,420.0,414.0,69.0,321.0,107.0,107.0,107.0,138.0,138.0,138.0,140.0,140.0,140.0,562.0,562.0,562.0,107.0,107.0,107.0,138.0,138.0,138.0
1.0,1335.0,477.0,414.0,0.0,798.0,266.0,266.0,266.0,138.0,138.0,138.0,159.0,159.0,159.0,445.0,445.0,445.0,266.0,266.0,266.0,138.0,138.0,138.0
1.0,858.0,492.0,417.0,321.0,981.0,327.0,327.0,327.0,139.0,139.0,139.0,164.0,164.0,164.0,286.0,286.0,286.0,327.0,327.0,327.0,139.0,139.0,139.0
1.0,687.0,474.0,417.0,798.0,657.0,219.0,219.0,219.0,139.0,139.0,139.0,158.0,158.0,158.0,229.0,229.0,229.0,219.0,219.0,219.0,139.0,139.0,139.0
1.0,1011.0,489.0,417.0,981.0,165.0,55.0,55.0,55.0,139.0,139.0,139.0,163.0,163.0,163.0,337.0,337.0,337.0,55.0,55.0,55.0,139.0,139.0,139.0
1.0,1503.0,444.0,420.0,657.0,0.0,0.0,0.0,0.0,140.0,140.0,140.0,148.0,148.0,148.0,501.0,501.0,501.0,0.0,0.0,0.0,140.0,140.0,140.0
1.0,1716.0,495.0,420.0,165.0,294.0,98.0,98.0,98.0,140.0,140.0,140.0,165.0,165.0,165.0,572.0,572.0,572.0,98.0,98.0,98.0,140.0,140.0,140.0
1.0,1386.0,438.0,420.0,0.0,732.0,244.0,244.0,244.0,140.0,140.0,140.0,146.0,146.0,146.0,462.0,462.0,462.0,244.0,244.0,244.0,140.0,140.0,140.0
1.0,948.0,486.0,423.0,294.0,936.0,312.0,312.0,312.0,141.0,141.0,141.0,162.0,162.0,162.0,316.0,316.0,316.0,312.0,312.0,312.0,141.0,141.0,141.0
1.0,756.0,462.0,423.0,732.0,666.0,222.0,222.0,222.0,141.0,141.0,141.0,154.0,154.0,154.0,252.0,252.0,252.0,222.0,222.0,222.0,141.0,141.0,141.0
1.0,1026.0,441.0,423.0,936.0,171.0,57.0,57.0,57.0,141.0,141.0,141.0,147.0,147.0,147.0,342.0,342.0,342.0,57.0,57.0,57.0,141.0,141.0,141.0
1.0,1521.0,420.0,423.0,666.0,0.0,0.0,0.0,0.0,141.0,141.0,141.0,140.0,140.0,140.0,507.0,507.0,507.0,0.0,0.0,0.0,141.0,141.0,141.0
1.0,1767.0,420.0,423.0,171.0,174.0,58.0,58.0,58.0,141.0,141.0,141.0,140.0,140.0,140.0,589.0,589.0,589.0,58.0,58.0,58.0,141.0,141.0,141.0
1.0,1518.0,468.0,423.0,0.0,642.0,214.0,214.0,214.0,141.0,141.0,141.0,156.0,156.0,156.0,506.0,506.0,506.0,214.0,214.0,214.0,141.0,141.0,141.0
1.0,1050.0,390.0,423.0,174.0,858.0,286.0,286.0,286.0,141.0,141.0,141.0,130.0,130.0,130.0,350.0,350.0,350.0,286.0,286.0,286.0,141.0,141.0,141.0
1.0,834.0,474.0,423.0,642.0,690.0,230.0,230.0,230.0,141.0,141.0,141.0,158.0,158.0,158.0,278.0,278.0,278.0,230.0,230.0,230.0,141.0,141.0,141.0
1.0,1002.0,417.0,423.0,858.0,249.0,83.0,83.0,83.0,141.0,141.0,141.0,139.0,139.0,139.0,334.0,334.0,334.0,83.0,83.0,83.0,141.0,141.0,141.0
1.0,1443.0,474.0,426.0,690.0,45.0,15.0,15.0,15.0,142.0,142.0,142.0,158.0,158.0,158.0,481.0,481.0,481.0,15.0,15.0,15.0,142.0,142.0,142.0
1.0,1659.0,486.0,426.0,249.0,282.0,94.0,94.0,94.0,142.0,142.0,142.0,162.0,162.0,162.0,553.0,553.0,553.0,94.0,94.0,94.0,142.0,142.0,142.0
1.0,1422.0,426.0,429.0,45.0,675.0,225.0,225.0,225.0,143.0,143.0,143.0,142.0,142.0,142.0,474.0,474.0,474.0,225.0,225.0,225.0,143.0,143.0,143.0
1.0,1041.0,414.0,429.0,282.0,807.0,269.0,269.0,269.0,143.0,143.0,143.0,138.0,138.0,138.0,347.0,347.0,347.0,269.0,269.0,269.0,143.0,143.0,143.0
1.0,909.0,423.0,429.0,675.0,555.0,185.0,185.0,185.0,143.0,143.0,143.0,141.0,141.0,141.0,303.0,303.0,303.0,185.0,185.0,185.0,143.0,143.0,143.0
1.0,1161.0,429.0,432.0,807.0,189.0,63.0,63.0,63.0,144.0,144.0,144.0,143.0,143.0,143.0,387.0,387.0,387.0,63.0,63.0,63.0,144.0,144.0,144.0
1.0,1539.0,459.0,432.0,555.0,93.0,31.0,31.0,31.0,144.0,144.0,144.0,153.0,153.0,153.0,513.0,513.0,513.0,31.0,31.0,31.0,144.0,144.0,144.0
1.0,1635.0,516.0,435.0,189.0,432.0,144.0,144.0,144.0,145.0,145.0,145.0,172.0,172.0,172.0,545.0,545.0,545.0,144.0,144.0,144.0,145.0,145.0,145.0
1.0,1308.0,432.0,435.0,93.0,771.0,257.0,257.0,257.0,145.0,145.0,145.0,144.0,144.0,144.0,436.0,436.0,436.0,257.0,257.0,257.0,145.0,145.0,145.0
1.0,969.0,459.0,435.0,432.0,798.0,266.0,266.0,266.0,145.0,145.0,145.0,153.0,153.0,153.0,323.0,323.0,323.0,266.0,266.0,266.0,145.0,145.0,145.0
1.0,942.0,381.0,435.0,771.0,408.0,136.0,136.0,136.0,145.0,145.0,145.0,127.0,127.0,127.0,314.0,314.0,314.0,136.0,136.0,136.0,145.0,145.0,145.0
1.0,1332.0,435.0,435.0,798.0,45.0,15.0,15.0,15.0,145.0,145.0,145.0,145.0,145.0,145.0,444.0,444.0,444.0,15.0,15.0,15.0,145.0,145.0,145.0
1.0,1695.0,405.0,435.0,408.0,42.0,14.0,14.0,14.0,145.0,145.0,145.0,135.0,135.0,135.0,565.0,565.0,565.0,14.0,14.0,14.0,145.0,145.0,145.0
1.0,1698.0,426.0,435.0,45.0,423.0,141.0,141.0,141.0,145.0,145.0,145.0,142.0,142.0,142.0,566.0,566.0,566.0,141.0,141.0,141.0,145.0,145.0,145.0
1.0,1317.0,453.0,438.0,42.0,846.0,282.0,282.0,282.0,146.0,146.0,146.0,151.0,151.0,151.0,439.0,439.0,439.0,282.0,282.0,282.0,146.0,146.0,146.0
1.0,906.0,447.0,438.0,423.0,870.0,290.0,290.0,290.0,146.0,146.0,146.0,149.0,149.0,149.0,302.0,302.0,302.0,290.0,290.0,290.0,146.0,146.0,146.0
1.0,882.0,477.0,441.0,846.0,513.0,171.0,171.0,171.0,147.0,147.0,147.0,159.0,159.0,159.0,294.0,294.0,294.0,171.0,171.0,171.0,147.0,147.0,147.0
1.0,1251.0,447.0,441.0,870.0,90.0,30.0,30.0,30.0,147.0,147.0,147.0,149.0,149.0,149.0,417.0,417.0,417.0,30.0,30.0,30.0,147.0,147.0,147.0
1.0,1674.0,462.0,444.0,513.0,51.0,17.0,17.0,17.0,148.0,148.0,148.0,154.0,154.0,154.0,558.0,558.0,558.0,17.0,17.0,17.0,148.0,148.0,148.0
1.0,1725.0,495.0,444.0,90.0,456.0,152.0,152.0,152.0,148.0,148.0,148.0,165.0,165.0,165.0,575.0,575.0,575.0,152.0,152.0,152.0,148.0,148.0,148.0
1.0,1320.0,450.0,447.0,51.0,867.0,289.0,289.0,289.0,149.0,149.0,149.0,150.0,150.0,150.0,440.0,440.0,440.0,289.0,289.0,289.0,149.0,149.0,149.0
1.0,921.0,420.0,447.0,456.0,831.0,277.0,277.0,277.0,149.0,149.0,149.0,140.0,140.0,140.0,307.0,307.0,307.0,277.0,277.0,277.0,149.0,149.0,149.0
1.0,957.0,408.0,447.0,867.0,372.0,124.0,124.0,124.0,149.0,149.0,149.0,136.0,136.0,136.0,319.0,319.0,319.0,124.0,124.0,124.0,149.0,149.0,149.0
1.0,1416.0,420.0,447.0,831.0,0.0,0.0,0.0,0.0,149.0,149.0,149.0,140.0,140.0,140.0,472.0,472.0,472.0,0.0,0.0,0.0,149.0,149.0,149.0
1.0,1827.0,450.0,447.0,372.0,39.0,13.0,13.0,13.0,149.0,149.0,149.0,150.0,150.0,150.0,609.0,609.0,609.0,13.0,13.0,13.0,149.0,149.0,149.0
1.0,1749.0,426.0,447.0,0.0,465.0,155.0,155.0,155.0,149.0,149.0,149.0,142.0,142.0,142.0,583.0,583.0,583.0,155.0,155.0,155.0,149.0,149.0,149.0
1.0,1323.0,495.0,447.0,39.0,921.0,307.0,307.0,307.0,149.0,149.0,149.0,165.0,165.0,165.0,441.0,441.0,441.0,307.0,307.0,307.0,149.0,149.0,149.0
1.0,867.0,453.0,450.0,465.0,921.0,307.0,307.0,307.0,150.0,150.0,150.0,151.0,151.0,151.0,289.0,289.0,289.0,307.0,307.0,307.0,150.0,150.0,150.0
1.0,879.0,504.0,450.0,921.0,504.0,168.0,168.0,168.0,150.0,150.0,150.0,168.0,168.0,168.0,293.0,293.0,293.0,168.0,168.0,168.0,150.0,150.0,150.0
1.0,1296.0,417.0,450.0,921.0,0.0,0.0,0.0,0.0,150.0,150.0,150.0,139.0,139.0,139.0,432.0,432.0,432.0,0.0,0.0,0.0,150.0,150.0,150.0
1.0,1800.0,489.0,450.0,504.0,0.0,0.0,0.0,0.0,150.0,150.0,150.0,163.0,163.0,163.0,600.0,600.0,600.0,0.0,0.0,0.0,150.0,150.0,150.0
1.0,1815.0,465.0,450.0,0.0,450.0,150.0,150.0,150.0,150.0,150.0,150.0,155.0,155.0,155.0,605.0,605.0,605.0,150.0,150.0,150.0,150.0,150.0,150.0
1.0,1350.0,468.0,450.0,0.0,918.0,306.0,306.0,306.0,150.0,150.0,150.0,156.0,156.0,156.0,450.0,450.0,450.0,306.0,306.0,306.0,150.0,150.0,150.0
1.0,882.0,462.0,450.0,450.0,930.0,310.0,310.0,310.0,150.0,150.0,150.0,154.0,154.0,154.0,294.0,294.0,294.0,310.0,310.0,310.0,150.0,150.0,150.0
1.0,870.0,471.0,450.0,918.0,483.0,161.0,161.0,161.0,150.0,150.0,150.0,157.0,157.0,157.0,290.0,290.0,290.0,161.0,161.0,161.0,150.0,150.0,150.0
1.0,1317.0,471.0,453.0,930.0,36.0,12.0,12.0,12.0,151.0,151.0,151.0,157.0,157.0,157.0,439.0,439.0,439.0,12.0,12.0,12.0,151.0,151.0,151.0
1.0,1776.0,525.0,453.0,483.0,78.0,26.0,26.0,26.0,151.0,151.0,151.0,175.0,175.0,175.0,592.0,592.0,592.0,26.0,26.0,26.0,151.0,151.0,151.0
1.0,1734.0,444.0,453.0,36.0,486.0,162.0,162.0,162.0,151.0,151.0,151.0,148.0,148.0,148.0,578.0,578.0,578.0,162.0,162.0,162.0,151.0,151.0,151.0
1.0,1326.0,420.0,450.0,78.0,816.0,272.0,272.0,272.0,150.0,150.0,150.0,140.0,140.0,140.0,442.0,442.0,442.0,272.0,272.0,272.0,150.0,150.0,150.0
1.0,984.0,492.0,450.0,486.0,822.0,274.0,274.0,274.0,150.0,150.0,150.0,164.0,164.0,164.0,328.0,328.0,328.0,274.0,274.0,274.0,150.0,150.0,150.0
1.0,978.0,513.0,453.0,816.0,531.0,177.0,177.0,177.0,151.0,151.0,151.0,171.0,171.0,171.0,326.0,326.0,326.0,177.0,177.0,177.0,151.0,151.0,151.0
1.0,1281.0,483.0,453.0,822.0,192.0,64.0,64.0,64.0,151.0,151.0,151.0,161.0,161.0,161.0,427.0,427.0,427.0,64.0,64.0,64.0,151.0,151.0,151.0
1.0,1620.0,483.0,453.0,531.0,144.0,48.0,48.0,48.0,151.0,151.0,151.0,161.0,161.0,161.0,540.0,540.0,540.0,48.0,48.0,48.0,151.0,151.0,151.0
1.0,1668.0,441.0,453.0,192.0,393.0,131.0,131.0,131.0,151.0,151.0,151.0,147.0,147.0,147.0,556.0,556.0,556.0,131.0,131.0,131.0,151.0,151.0,151.0
1.0,1419.0,501.0,453.0,144.0,750.0,250.0,250.0,250.0,151.0,151.0,151.0,167.0,167.0,167.0,473.0,473.0,473.0,250.0,250.0,250.0,151.0,151.0,151.0
1.0,1062.0,483.0,453.0,393.0,840.0,280.0,280.0,280.0,151.0,151.0,151.0,161.0,161.0,161.0,354.0,354.0,354.0,280.0,280.0,280.0,151.0,151.0,151.0
1.0,972.0,504.0,456.0,750.0,606.0,202.0,202.0,202.0,152.0,152.0,152.0,168.0,168.0,168.0,324.0,324.0,324.0,202.0,202.0,202.0,152.0,152.0,152.0
1.0,1218.0,486.0,456.0,840.0,252.0,84.0,84.0,84.0,152.0,152.0,152.0,162.0,162.0,162.0,406.0,406.0,406.0,84.0,84.0,84.0,152.0,152.0,152.0
1.0,1572.0,474.0,456.0,606.0,120.0,40.0,40.0,40.0,152.0,152.0,152.0,158.0,158.0,158.0,524.0,524.0,524.0,40.0,40.0,40.0,152.0,152.0,152.0
1.0,1704.0,486.0,459.0,252.0,366.0,122.0,122.0,122.0,153.0,153.0,153.0,162.0,162.0,162.0,568.0,568.0,568.0,122.0,122.0,122.0,153.0,153.0,153.0
1.0,1470.0,486.0,459.0,120.0,732.0,244.0,244.0,244.0,153.0,153.0,153.0,162.0,162.0,162.0,490.0,490.0,490.0,244.0,244.0,244.0,153.0,153.0,153.0
1.0,1104.0,447.0,459.0,366.0,813.0,271.0,271.0,271.0,153.0,153.0,153.0,149.0,149.0,149.0,368.0,368.0,368.0,271.0,271.0,271.0,153.0,153.0,153.0
1.0,1023.0,450.0,459.0,732.0,531.0,177.0,177.0,177.0,153.0,153.0,153.0,150.0,150.0,150.0,341.0,341.0,341.0,177.0,177.0,177.0,153.0,153.0,153.0
1.0,1305.0,501.0,459.0,813.0,219.0,73.0,73.0,73.0,153.0,153.0,153.0,167.0,167.0,167.0,435.0,435.0,435.0,73.0,73.0,73.0,153.0,153.0,153.0
1.0,1617.0,429.0,459.0,531.0,117.0,39.0,39.0,39.0,153.0,153.0,153.0,143.0,143.0,143.0,539.0,539.0,539.0,39.0,39.0,39.0,153.0,153.0,153.0
1.0,1719.0,468.0,459.0,219.0,366.0,122.0,122.0,122.0,153.0,153.0,153.0,156.0,156.0,156.0,573.0,573.0,573.0,122.0,122.0,122.0,153.0,153.0,153.0
1.0,1470.0,459.0,462.0,117.0,720.0,240.0,240.0,240.0,154.0,154.0,154.0,153.0,153.0,153.0,490.0,490.0,490.0,240.0,240.0,240.0,154.0,154.0,154.0
1.0,1128.0,453.0,462.0,366.0,807.0,269.0,269.0,269.0,154.0,154.0,154.0,151.0,151.0,151.0,376.0,376.0,376.0,269.0,269.0,269.0,154.0,154.0,154.0
1.0,1041.0,456.0,462.0,720.0,543.0,181.0,181.0,181.0,154.0,154.0,154.0,152.0,152.0,152.0,347.0,347.0,347.0,181.0,181.0,181.0,154.0,154.0,154.0
1.0,1305.0,504.0,462.0,807.0,240.0,80.0,80.0,80.0,154.0,154.0,154.0,168.0,168.0,168.0,435.0,435.0,435.0,80.0,80.0,80.0,154.0,154.0,154.0
1.0,1608.0,405.0,462.0,543.0,102.0,34.0,34.0,34.0,154.0,154.0,154.0,135.0,135.0,135.0,536.0,536.0,536.0,34.0,34.0,34.0,154.0,154.0,154.0
1.0,1746.0,417.0,459.0,240.0,267.0,89.0,89.0,89.0,153.0,153.0,153.0,139.0,139.0,139.0,582.0,582.0,582.0,89.0,89.0,89.0,153.0,153.0,153.0
1.0,1569.0,447.0,462.0,102.0,624.0,208.0,208.0,208.0,154.0,154.0,154.0,149.0,149.0,149.0,523.0,523.0,523.0,208.0,208.0,208.0,154.0,154.0,154.0
1.0,1224.0,462.0,462.0,267.0,819.0,273.0,273.0,273.0,154.0,154.0,154.0,154.0,154.0,154.0,408.0,408.0,408.0,273.0,273.0,273.0,154.0,154.0,154.0
1.0,1029.0,462.0,462.0,624.0,657.0,219.0,219.0,219.0,154.0,154.0,154.0,154.0,154.0,154.0,343.0,343.0,343.0,219.0,219.0,219.0,154.0,154.0,154.0
1.0,1191.0,471.0,462.0,819.0,309.0,103.0,103.0,103.0,154.0,154.0,154.0,157.0,157.0,157.0,397.0,397.0,397.0,103.0,103.0,103.0,154.0,154.0,154.0
1.0,1539.0,447.0,462.0,657.0,99.0,33.0,33.0,33.0,154.0,154.0,154.0,149.0,149.0,149.0,513.0,513.0,513.0,33.0,33.0,33.0,154.0,154.0,154.0
1.0,1749.0,465.0,465.0,309.0,267.0,89.0,89.0,89.0,155.0,155.0,155.0,155.0,155.0,155.0,583.0,583.0,583.0,89.0,89.0,89.0,155.0,155.0,155.0
1.0,1593.0,483.0,465.0,99.0,651.0,217.0,217.0,217.0,155.0,155.0,155.0,161.0,161.0,161.0,531.0,531.0,531.0,217.0,217.0,217.0,155.0,155.0,155.0
1.0,1209.0,468.0,465.0,267.0,852.0,284.0,284.0,284.0,155.0,155.0,155.0,156.0,156.0,156.0,403.0,403.0,403.0,284.0,284.0,284.0,155.0,155.0,155.0
1.0,1008.0,477.0,465.0,651.0,678.0,226.0,226.0,226.0,155.0,155.0,155.0,159.0,159.0,159.0,336.0,336.0,336.0,226.0,226.0,226.0,155.0,155.0,155.0
1.0,1182.0,525.0,465.0,852.0,351.0,117.0,117.0,117.0,155.0,155.0,155.0,175.0,175.0,175.0,394.0,394.0,394.0,117.0,117.0,117.0,155.0,155.0,155.0
1.0,1509.0,468.0,465.0,678.0,141.0,47.0,47.0,47.0,155.0,155.0,155.0,156.0,156.0,156.0,503.0,503.0,503.0,47.0,47.0,47.0,155.0,155.0,155.0
1.0,1719.0,498.0,468.0,351.0,300.0,100.0,100.0,100.0,156.0,156.0,156.0,166.0,166.0,166.0,573.0,573.0,573.0,100.0,100.0,100.0,156.0,156.0,156.0
1.0,1572.0,435.0,468.0,141.0,594.0,198.0,198.0,198.0,156.0,156.0,156.0,145.0,145.0,145.0,524.0,524.0,524.0,198.0,198.0,198.0,156.0,156.0,156.0
1.0,1278.0,513.0,468.0,300.0,807.0,269.0,269.0,269.0,156.0,156.0,156.0,171.0,171.0,171.0,426.0,426.0,426.0,269.0,269.0,269.0,156.0,156.0,156.0
1.0,1065.0,504.0,471.0,594.0,729.0,243.0,243.0,243.0,157.0,157.0,157.0,168.0,168.0,168.0,355.0,355.0,355.0,243.0,243.0,243.0,157.0,157.0,157.0
1.0,1155.0,498.0,471.0,807.0,420.0,140.0,140.0,140.0,157.0,157.0,157.0,166.0,166.0,166.0,385.0,385.0,385.0,140.0,140.0,140.0,157.0,157.0,157.0
1.0,1464.0,492.0,471.0,729.0,183.0,61.0,61.0,61.0,157.0,157.0,157.0,164.0,164.0,164.0,488.0,488.0,488.0,61.0,61.0,61.0,157.0,157.0,157.0
1.0,1701.0,501.0,474.0,420.0,276.0,92.0,92.0,92.0,158.0,158.0,158.0,167.0,167.0,167.0,567.0,567.0,567.0,92.0,92.0,92.0,158.0,158.0,158.0
1.0,1620.0,447.0,471.0,183.0,528.0,176.0,176.0,176.0,157.0,157.0,157.0,149.0,149.0,149.0,540.0,540.0,540.0,176.0,176.0,176.0,157.0,157.0,157.0
1.0,1356.0,456.0,471.0,276.0,708.0,236.0,236.0,236.0,157.0,157.0,157.0,152.0,152.0,152.0,452.0,452.0,452.0,236.0,236.0,236.0,157.0,157.0,157.0
1.0,1176.0,504.0,474.0,528.0,696.0,232.0,232.0,232.0,158.0,158.0,158.0,168.0,168.0,168.0,392.0,392.0,392.0,232.0,232.0,232.0,158.0,158.0,158.0
1.0,1200.0,531.0,474.0,708.0,519.0,173.0,173.0,173.0,158.0,158.0,158.0,177.0,177.0,177.0,400.0,400.0,400.0,173.0,173.0,173.0,158.0,158.0,158.0
1.0,1377.0,414.0,474.0,696.0,237.0,79.0,79.0,79.0,158.0,158.0,158.0,138.0,138.0,138.0,459.0,459.0,459.0,79.0,79.0,79.0,158.0,158.0,158.0
1.0,1659.0,474.0,474.0,519.0,192.0,64.0,64.0,64.0,158.0,158.0,158.0,158.0,158.0,158.0,553.0,553.0,553.0,64.0,64.0,64.0,158.0,158.0,158.0
1.0,1704.0,483.0,474.0,237.0,438.0,146.0,146.0,146.0,158.0,158.0,158.0,161.0,161.0,161.0,568.0,568.0,568.0,146.0,146.0,146.0,158.0,158.0,158.0
1.0,1458.0,519.0,474.0,192.0,765.0,255.0,255.0,255.0,158.0,158.0,158.0,173.0,173.0,173.0,486.0,486.0,486.0,255.0,255.0,255.0,158.0,158.0,158.0
1.0,1131.0,507.0,474.0,438.0,834.0,278.0,278.0,278.0,158.0,158.0,158.0,169.0,169.0,169.0,377.0,377.0,377.0,278.0,278.0,278.0,158.0,158.0,158.0
1.0,1062.0,543.0,477.0,765.0,624.0,208.0,208.0,208.0,159.0,159.0,159.0,181.0,181.0,181.0,354.0,354.0,354.0,208.0,208.0,208.0,159.0,159.0,159.0
1.0,1284.0,546.0,477.0,834.0,336.0,112.0,112.0,112.0,159.0,159.0,159.0,182.0,182.0,182.0,428.0,428.0,428.0,112.0,112.0,112.0,159.0,159.0,159.0
1.0,1572.0,519.0,480.0,624.0,243.0,81.0,81.0,81.0,160.0,160.0,160.0,173.0,173.0,173.0,524.0,524.0,524.0,81.0,81.0,81.0,160.0,160.0,160.0
1.0,1677.0,504.0,477.0,336.0,399.0,133.0,133.0,133.0,159.0,159.0,159.0,168.0,168.0,168.0,559.0,559.0,559.0,133.0,133.0,133.0,159.0,159.0,159.0
1.0,1509.0,516.0,480.0,243.0,684.0,228.0,228.0,228.0,160.0,160.0,160.0,172.0,172.0,172.0,503.0,503.0,503.0,228.0,228.0,228.0,160.0,160.0,160.0
1.0,1236.0,486.0,480.0,399.0,771.0,257.0,257.0,257.0,160.0,160.0,160.0,162.0,162.0,162.0,412.0,412.0,412.0,257.0,257.0,257.0,160.0,160.0,160.0
1.0,1149.0,522.0,480.0,684.0,609.0,203.0,203.0,203.0,160.0,160.0,160.0,174.0,174.0,174.0,383.0,383.0,383.0,203.0,203.0,203.0,160.0,160.0,160.0
1.0,1311.0,561.0,483.0,771.0,411.0,137.0,137.0,137.0,161.0,161.0,161.0,187.0,187.0,187.0,437.0,437.0,437.0,137.0,137.0,137.0,161.0,161.0,161.0
1.0,1521.0,531.0,483.0,609.0,333.0,111.0,111.0,111.0,161.0,161.0,161.0,177.0,177.0,177.0,507.0,507.0,507.0,111.0,111.0,111.0,161.0,161.0,161.0
1.0,1599.0,534.0,483.0,411.0,456.0,152.0,152.0,152.0,161.0,161.0,161.0,178.0,178.0,178.0,533.0,533.0,533.0,152.0,152.0,152.0,161.0,161.0,161.0
1.0,1476.0,570.0,486.0,333.0,705.0,235.0,235.0,235.0,162.0,162.0,162.0,190.0,190.0,190.0,492.0,492.0,492.0,235.0,235.0,235.0,162.0,162.0,162.0
1.0,1239.0,438.0,483.0,456.0,675.0,225.0,225.0,225.0,161.0,161.0,161.0,146.0,146.0,146.0,413.0,413.0,413.0,225.0,225.0,225.0,161.0,161.0,161.0
1.0,1257.0,522.0,486.0,705.0,504.0,168.0,168.0,168.0,162.0,162.0,162.0,174.0,174.0,174.0,419.0,419.0,419.0,168.0,168.0,168.0,162.0,162.0,162.0
1.0,1440.0,447.0,483.0,675.0,264.0,88.0,88.0,88.0,161.0,161.0,161.0,149.0,149.0,149.0,480.0,480.0,480.0,88.0,88.0,88.0,161.0,161.0,161.0
1.0,1668.0,525.0,486.0,504.0,297.0,99.0,99.0,99.0,162.0,162.0,162.0,175.0,175.0,175.0,556.0,556.0,556.0,99.0,99.0,99.0,162.0,162.0,162.0
1.0,1647.0,513.0,486.0,264.0,546.0,182.0,182.0,182.0,162.0,162.0,162.0,171.0,171.0,171.0,549.0,549.0,549.0,182.0,182.0,182.0,162.0,162.0,162.0
1.0,1398.0,483.0,486.0,297.0,732.0,244.0,244.0,244.0,162.0,162.0,162.0,161.0,161.0,161.0,466.0,466.0,466.0,244.0,244.0,244.0,162.0,162.0,162.0
1.0,1212.0,486.0,489.0,546.0,684.0,228.0,228.0,228.0,163.0,163.0,163.0,162.0,162.0,162.0,404.0,404.0,404.0,228.0,228.0,228.0,163.0,163.0,163.0
1.0,1272.0,504.0,489.0,732.0,456.0,152.0,152.0,152.0,163.0,163.0,163.0,168.0,168.0,168.0,424.0,424.0,424.0,152.0,152.0,152.0,163.0,163.0,163.0
1.0,1500.0,537.0,489.0,684.0,309.0,103.0,103.0,103.0,163.0,163.0,163.0,179.0,179.0,179.0,500.0,500.0,500.0,103.0,103.0,103.0,163.0,163.0,163.0
1.0,1647.0,471.0,489.0,456.0,324.0,108.0,108.0,108.0,163.0,163.0,163.0,157.0,157.0,157.0,549.0,549.0,549.0,108.0,108.0,108.0,163.0,163.0,163.0
1.0,1632.0,486.0,492.0,309.0,513.0,171.0,171.0,171.0,164.0,164.0,164.0,162.0,162.0,162.0,544.0,544.0,544.0,171.0,171.0,171.0,164.0,164.0,164.0
1.0,1455.0,549.0,492.0,324.0,738.0,246.0,246.0,246.0,164.0,164.0,164.0,183.0,183.0,183.0,485.0,485.0,485.0,246.0,246.0,246.0,164.0,164.0,164.0
1.0,1230.0,519.0,495.0,513.0,756.0,252.0,252.0,252.0,165.0,165.0,165.0,173.0,173.0,173.0,410.0,410.0,410.0,252.0,252.0,252.0,165.0,165.0,165.0
1.0,1224.0,498.0,495.0,738.0,516.0,172.0,172.0,172.0,165.0,165.0,165.0,166.0,166.0,166.0,408.0,408.0,408.0,172.0,172.0,172.0,165.0,165.0,165.0
1.0,1464.0,501.0,495.0,756.0,261.0,87.0,87.0,87.0,165.0,165.0,165.0,167.0,167.0,167.0,488.0,488.0,488.0,87.0,87.0,87.0,165.0,165.0,165.0
1.0,1719.0,516.0,498.0,516.0,273.0,91.0,91.0,91.0,166.0,166.0,166.0,172.0,172.0,172.0,573.0,573.0,573.0,91.0,91.0,91.0,166.0,166.0,166.0
1.0,1719.0,492.0,498.0,261.0,504.0,168.0,168.0,168.0,166.0,166.0,166.0,164.0,164.0,164.0,573.0,573.0,573.0,168.0,168.0,168.0,166.0,166.0,166.0
1.0,1488.0,528.0,498.0,273.0,759.0,253.0,253.0,253.0,166.0,166.0,166.0,176.0,176.0,176.0,496.0,496.0,496.0,253.0,253.0,253.0,166.0,166.0,166.0
1.0,1233.0,477.0,501.0,504.0,744.0,248.0,248.0,248.0,167.0,167.0,167.0,159.0,159.0,159.0,411.0,411.0,411.0,248.0,248.0,248.0,167.0,167.0,167.0
1.0,1260.0,444.0,498.0,759.0,417.0,139.0,139.0,139.0,166.0,166.0,166.0,148.0,148.0,148.0,420.0,420.0,420.0,139.0,139.0,139.0,166.0,166.0,166.0
1.0,1575.0,513.0,501.0,744.0,198.0,66.0,66.0,66.0,167.0,167.0,167.0,171.0,171.0,171.0,525.0,525.0,525.0,66.0,66.0,66.0,167.0,167.0,167.0
1.0,1806.0,489.0,501.0,417.0,270.0,90.0,90.0,90.0,167.0,167.0,167.0,163.0,163.0,163.0,602.0,602.0,602.0,90.0,90.0,90.0,167.0,167.0,167.0
1.0,1734.0,489.0,501.0,198.0,561.0,187.0,187.0,187.0,167.0,167.0,167.0,163.0,163.0,163.0,578.0,578.0,578.0,187.0,187.0,187.0,167.0,167.0,167.0
1.0,1443.0,453.0,498.0,270.0,732.0,244.0,244.0,244.0,166.0,166.0,166.0,151.0,151.0,151.0,481.0,481.0,481.0,244.0,244.0,244.0,166.0,166.0,166.0
1.0,1260.0,495.0,501.0,561.0,678.0,226.0,226.0,226.0,167.0,167.0,167.0,165.0,165.0,165.0,420.0,420.0,420.0,226.0,226.0,226.0,167.0,167.0,167.0
1.0,1326.0,456.0,498.0,732.0,390.0,130.0,130.0,130.0,166.0,166.0,166.0,152.0,152.0,152.0,442.0,442.0,442.0,130.0,130.0,130.0,166.0,166.0,166.0
1.0,1602.0,528.0,501.0,678.0,252.0,84.0,84.0,84.0,167.0,167.0,167.0,176.0,176.0,176.0,534.0,534.0,534.0,84.0,84.0,84.0,167.0,167.0,167.0
1.0,1752.0,504.0,501.0,390.0,366.0,122.0,122.0,122.0,167.0,167.0,167.0,168.0,168.0,168.0,584.0,584.0,584.0,122.0,122.0,122.0,167.0,167.0,167.0
1.0,1638.0,480.0,501.0,252.0,594.0,198.0,198.0,198.0,167.0,167.0,167.0,160.0,160.0,160.0,546.0,546.0,546.0,198.0,198.0,198.0,167.0,167.0,167.0
1.0,1410.0,519.0,501.0,366.0,747.0,249.0,249.0,249.0,167.0,167.0,167.0,173.0,173.0,173.0,470.0,470.0,470.0,249.0,249.0,249.0,167.0,167.0,167.0
1.0,1257.0,510.0,501.0,594.0,663.0,221.0,221.0,221.0,167.0,167.0,167.0,170.0,170.0,170.0,419.0,419.0,419.0,221.0,221.0,221.0,167.0,167.0,167.0
1.0,1341.0,543.0,501.0,747.0,459.0,153.0,153.0,153.0,167.0,167.0,167.0,181.0,181.0,181.0,447.0,447.0,447.0,153.0,153.0,153.0,167.0,167.0,167.0
1.0,1545.0,543.0,504.0,663.0,351.0,117.0,117.0,117.0,168.0,168.0,168.0,181.0,181.0,181.0,515.0,515.0,515.0,117.0,117.0,117.0,168.0,168.0,168.0
1.0,1665.0,486.0,504.0,459.0,378.0,126.0,126.0,126.0,168.0,168.0,168.0,162.0,162.0,162.0,555.0,555.0,555.0,126.0,126.0,126.0,168.0,168.0,168.0
1.0,1638.0,504.0,504.0,351.0,531.0,177.0,177.0,177.0,168.0,168.0,168.0,168.0,168.0,168.0,546.0,546.0,546.0,177.0,177.0,177.0,168.0,168.0,168.0
1.0,1485.0,519.0,504.0,378.0,672.0,224.0,224.0,224.0,168.0,168.0,168.0,173.0,173.0,173.0,495.0,495.0,495.0,224.0,224.0,224.0,168.0,168.0,168.0
1.0,1344.0,495.0,504.0,531.0,636.0,212.0,212.0,212.0,168.0,168.0,168.0,165.0,165.0,165.0,448.0,448.0,448.0,212.0,212.0,212.0,168.0,168.0,168.0
1.0,1380.0,570.0,507.0,672.0,546.0,182.0,182.0,182.0,169.0,169.0,169.0,190.0,190.0,190.0,460.0,460.0,460.0,182.0,182.0,182.0,169.0,169.0,169.0
1.0,1482.0,561.0,510.0,636.0,483.0,161.0,161.0,161.0,170.0,170.0,170.0,187.0,187.0,187.0,494.0,494.0,494.0,161.0,161.0,161.0,170.0,170.0,170.0
1.0,1557.0,555.0,510.0,546.0,492.0,164.0,164.0,164.0,170.0,170.0,170.0,185.0,185.0,185.0,519.0,519.0,519.0,164.0,164.0,164.0,170.0,170.0,170.0
1.0,1548.0,510.0,510.0,483.0,519.0,173.0,173.0,173.0,170.0,170.0,170.0,170.0,170.0,170.0,516.0,516.0,516.0,173.0,173.0,173.0,170.0,170.0,170.0
1.0,1521.0,534.0,510.0,492.0,561.0,187.0,187.0,187.0,170.0,170.0,170.0,178.0,178.0,178.0,507.0,507.0,507.0,187.0,187.0,187.0,170.0,170.0,170.0
1.0,1479.0,594.0,510.0,519.0,636.0,212.0,212.0,212.0,170.0,170.0,170.0,198.0,198.0,198.0,493.0,493.0,493.0,212.0,212.0,212.0,170.0,170.0,170.0
1.0,1404.0,579.0,510.0,561.0,654.0,218.0,218.0,218.0,170.0,170.0,170.0,193.0,193.0,193.0,468.0,468.0,468.0,218.0,218.0,218.0,170.0,170.0,170.0
1.0,1386.0,579.0,513.0,636.0,609.0,203.0,203.0,203.0,171.0,171.0,171.0,193.0,193.0,193.0,462.0,462.0,462.0,203.0,203.0,203.0,171.0,171.0,171.0
1.0,1443.0,510.0,513.0,654.0,465.0,155.0,155.0,155.0,171.0,171.0,171.0,170.0,170.0,170.0,481.0,481.0,481.0,155.0,155.0,155.0,171.0,171.0,171.0
1.0,1587.0,543.0,513.0,609.0,399.0,133.0,133.0,133.0,171.0,171.0,171.0,181.0,181.0,181.0,529.0,529.0,529.0,133.0,133.0,133.0,171.0,171.0,171.0
1.0,1653.0,549.0,513.0,465.0,483.0,161.0,161.0,161.0,171.0,171.0,171.0,183.0,183.0,183.0,551.0,551.0,551.0,161.0,161.0,161.0,171.0,171.0,171.0
1.0,1569.0,510.0,513.0,399.0,594.0,198.0,198.0,198.0,171.0,171.0,171.0,170.0,170.0,170.0,523.0,523.0,523.0,198.0,198.0,198.0,171.0,171.0,171.0
1.0,1458.0,513.0,513.0,483.0,624.0,208.0,208.0,208.0,171.0,171.0,171.0,171.0,171.0,171.0,486.0,486.0,486.0,208.0,208.0,208.0,171.0,171.0,171.0
1.0,1428.0,534.0,513.0,594.0,564.0,188.0,188.0,188.0,171.0,171.0,171.0,178.0,178.0,178.0,476.0,476.0,476.0,188.0,188.0,188.0,171.0,171.0,171.0
1.0,1488.0,510.0,513.0,624.0,450.0,150.0,150.0,150.0,171.0,171.0,171.0,170.0,170.0,170.0,496.0,496.0,496.0,150.0,150.0,150.0,171.0,171.0,171.0
1.0,1602.0,501.0,513.0,564.0,387.0,129.0,129.0,129.0,171.0,171.0,171.0,167.0,167.0,167.0,534.0,534.0,534.0,129.0,129.0,129.0,171.0,171.0,171.0
1.0,1665.0,585.0,513.0,450.0,522.0,174.0,174.0,174.0,171.0,171.0,171.0,195.0,195.0,195.0,555.0,555.0,555.0,174.0,174.0,174.0,171.0,171.0,171.0
1.0,1530.0,558.0,516.0,387.0,705.0,235.0,235.0,235.0,172.0,172.0,172.0,186.0,186.0,186.0,510.0,510.0,510.0,235.0,235.0,235.0,172.0,172.0,172.0
1.0,1359.0,498.0,516.0,522.0,681.0,227.0,227.0,227.0,172.0,172.0,172.0,166.0,166.0,166.0,453.0,453.0,453.0,227.0,227.0,227.0,172.0,172.0,172.0
1.0,1383.0,495.0,516.0,705.0,471.0,157.0,157.0,157.0,172.0,172.0,172.0,165.0,165.0,165.0,461.0,461.0,461.0,157.0,157.0,157.0,172.0,172.0,172.0
1.0,1593.0,555.0,516.0,681.0,345.0,115.0,115.0,115.0,172.0,172.0,172.0,185.0,185.0,185.0,531.0,531.0,531.0,115.0,115.0,115.0,172.0,172.0,172.0
1.0,1719.0,495.0,516.0,471.0,369.0,123.0,123.0,123.0,172.0,172.0,172.0,165.0,165.0,165.0,573.0,573.0,573.0,123.0,123.0,123.0,172.0,172.0,172.0
1.0,1695.0,543.0,519.0,345.0,579.0,193.0,193.0,193.0,173.0,173.0,173.0,181.0,181.0,181.0,565.0,565.0,565.0,193.0,193.0,193.0,173.0,173.0,173.0
1.0,1497.0,543.0,519.0,369.0,753.0,251.0,251.0,251.0,173.0,173.0,173.0,181.0,181.0,181.0,499.0,499.0,499.0,251.0,251.0,251.0,173.0,173.0,173.0
1.0,1323.0,522.0,519.0,579.0,696.0,232.0,232.0,232.0,173.0,173.0,173.0,174.0,174.0,174.0,441.0,441.0,441.0,232.0,232.0,232.0,173.0,173.0,173.0
1.0,1380.0,549.0,519.0,753.0,492.0,164.0,164.0,164.0,173.0,173.0,173.0,183.0,183.0,183.0,460.0,460.0,460.0,164.0,164.0,164.0,173.0,173.0,173.0
1.0,1584.0,543.0,519.0,696.0,339.0,113.0,113.0,113.0,173.0,173.0,173.0,181.0,181.0,181.0,528.0,528.0,528.0,113.0,113.0,113.0,173.0,173.0,173.0
1.0,1737.0,471.0,519.0,492.0,318.0,106.0,106.0,106.0,173.0,173.0,173.0,157.0,157.0,157.0,579.0,579.0,579.0,106.0,106.0,106.0,173.0,173.0,173.0
1.0,1758.0,495.0,519.0,339.0,474.0,158.0,158.0,158.0,173.0,173.0,173.0,165.0,165.0,165.0,586.0,586.0,586.0,158.0,158.0,158.0,173.0,173.0,173.0
1.0,1602.0,498.0,519.0,318.0,654.0,218.0,218.0,218.0,173.0,173.0,173.0,166.0,166.0,166.0,534.0,534.0,534.0,218.0,218.0,218.0,173.0,173.0,173.0
1.0,1422.0,537.0,519.0,474.0,717.0,239.0,239.0,239.0,173.0,173.0,173.0,179.0,179.0,179.0,474.0,474.0,474.0,239.0,239.0,239.0,173.0,173.0,173.0
1.0,1359.0,522.0,519.0,654.0,585.0,195.0,195.0,195.0,173.0,173.0,173.0,174.0,174.0,174.0,453.0,453.0,453.0,195.0,195.0,195.0,173.0,173.0,173.0
1.0,1491.0,459.0,519.0,717.0,327.0,109.0,109.0,109.0,173.0,173.0,173.0,153.0,153.0,153.0,497.0,497.0,497.0,109.0,109.0,109.0,173.0,173.0,173.0
1.0,1749.0,501.0,519.0,585.0,243.0,81.0,81.0,81.0,173.0,173.0,173.0,167.0,167.0,167.0,583.0,583.0,583.0,81.0,81.0,81.0,173.0,173.0,173.0
1.0,1833.0,519.0,522.0,327.0,447.0,149.0,149.0,149.0,174.0,174.0,174.0,173.0,173.0,173.0,611.0,611.0,611.0,149.0,149.0,149.0,174.0,174.0,174.0
1.0,1641.0,522.0,522.0,243.0,726.0,242.0,242.0,242.0,174.0,174.0,174.0,174.0,174.0,174.0,547.0,547.0,547.0,242.0,242.0,242.0,174.0,174.0,174.0
1.0,1362.0,537.0,522.0,447.0,816.0,272.0,272.0,272.0,174.0,174.0,174.0,179.0,179.0,179.0,454.0,454.0,454.0,272.0,272.0,272.0,174.0,174.0,174.0
1.0,1272.0,543.0,522.0,726.0,633.0,211.0,211.0,211.0,174.0,174.0,174.0,181.0,181.0,181.0,424.0,424.0,424.0,211.0,211.0,211.0,174.0,174.0,174.0
1.0,1455.0,516.0,525.0,816.0,345.0,115.0,115.0,115.0,175.0,175.0,175.0,172.0,172.0,172.0,485.0,485.0,485.0,115.0,115.0,115.0,175.0,175.0,175.0
1.0,1755.0,558.0,525.0,633.0,270.0,90.0,90.0,90.0,175.0,175.0,175.0,186.0,186.0,186.0,585.0,585.0,585.0,90.0,90.0,90.0,175.0,175.0,175.0
1.0,1830.0,546.0,528.0,345.0,483.0,161.0,161.0,161.0,176.0,176.0,176.0,182.0,182.0,182.0,610.0,610.0,610.0,161.0,161.0,161.0,176.0,176.0,176.0
1.0,1629.0,531.0,528.0,270.0,744.0,248.0,248.0,248.0,176.0,176.0,176.0,177.0,177.0,177.0,543.0,543.0,543.0,248.0,248.0,248.0,176.0,176.0,176.0
1.0,1368.0,555.0,528.0,483.0,816.0,272.0,272.0,272.0,176.0,176.0,176.0,185.0,185.0,185.0,456.0,456.0,456.0,272.0,272.0,272.0,176.0,176.0,176.0
1.0,1296.0,519.0,528.0,744.0,591.0,197.0,197.0,197.0,176.0,176.0,176.0,173.0,173.0,173.0,432.0,432.0,432.0,197.0,197.0,197.0,176.0,176.0,176.0
1.0,1521.0,567.0,528.0,816.0,342.0,114.0,114.0,114.0,176.0,176.0,176.0,189.0,189.0,189.0,507.0,507.0,507.0,114.0,114.0,114.0,176.0,176.0,176.0
1.0,1770.0,507.0,528.0,591.0,258.0,86.0,86.0,86.0,176.0,176.0,176.0,169.0,169.0,169.0,590.0,590.0,590.0,86.0,86.0,86.0,176.0,176.0,176.0
1.0,1854.0,582.0,531.0,342.0,510.0,170.0,170.0,170.0,177.0,177.0,177.0,194.0,194.0,194.0,618.0,618.0,618.0,170.0,170.0,170.0,177.0,177.0,177.0
1.0,1614.0,579.0,531.0,258.0,831.0,277.0,277.0,277.0,177.0,177.0,177.0,193.0,193.0,193.0,538.0,538.0,538.0,277.0,277.0,277.0,177.0,177.0,177.0
1.0,1293.0,555.0,531.0,510.0,876.0,292.0,292.0,292.0,177.0,177.0,177.0,185.0,185.0,185.0,431.0,431.0,431.0,292.0,292.0,292.0,177.0,177.0,177.0
1.0,1248.0,543.0,534.0,831.0,600.0,200.0,200.0,200.0,178.0,178.0,178.0,181.0,181.0,181.0,416.0,416.0,416.0,200.0,200.0,200.0,178.0,178.0,178.0
1.0,1536.0,549.0,534.0,876.0,273.0,91.0,91.0,91.0,178.0,178.0,178.0,183.0,183.0,183.0,512.0,512.0,512.0,91.0,91.0,91.0,178.0,178.0,178.0
1.0,1863.0,528.0,534.0,600.0,201.0,67.0,67.0,67.0,178.0,178.0,178.0,176.0,176.0,176.0,621.0,621.0,621.0,67.0,67.0,67.0,178.0,178.0,178.0
1.0,1935.0,555.0,534.0,273.0,483.0,161.0,161.0,161.0,178.0,178.0,178.0,185.0,185.0,185.0,645.0,645.0,645.0,161.0,161.0,161.0,178.0,178.0,178.0
1.0,1653.0,558.0,534.0,201.0,840.0,280.0,280.0,280.0,178.0,178.0,178.0,186.0,186.0,186.0,551.0,551.0,551.0,280.0,280.0,280.0,178.0,178.0,178.0
1.0,1296.0,591.0,534.0,483.0,948.0,316.0,316.0,316.0,178.0,178.0,178.0,197.0,197.0,197.0,432.0,432.0,432.0,316.0,316.0,316.0,178.0,178.0,178.0
1.0,1188.0,528.0,534.0,840.0,636.0,212.0,212.0,212.0,178.0,178.0,178.0,176.0,176.0,176.0,396.0,396.0,396.0,212.0,212.0,212.0,178.0,178.0,178.0
1.0,1500.0,582.0,537.0,948.0,282.0,94.0,94.0,94.0,179.0,179.0,179.0,194.0,194.0,194.0,500.0,500.0,500.0,94.0,94.0,94.0,179.0,179.0,179.0
1.0,1866.0,558.0,534.0,636.0,192.0,64.0,64.0,64.0,178.0,178.0,178.0,186.0,186.0,186.0,622.0,622.0,622.0,64.0,64.0,64.0,178.0,178.0,178.0
1.0,1944.0,576.0,534.0,282.0,486.0,162.0,162.0,162.0,178.0,178.0,178.0,192.0,192.0,192.0,648.0,648.0,648.0,162.0,162.0,162.0,178.0,178.0,178.0
1.0,1650.0,579.0,534.0,192.0,873.0,291.0,291.0,291.0,178.0,178.0,178.0,193.0,193.0,193.0,550.0,550.0,550.0,291.0,291.0,291.0,178.0,178.0,178.0
1.0,1263.0,573.0,537.0,486.0,972.0,324.0,324.0,324.0,179.0,179.0,179.0,191.0,191.0,191.0,421.0,421.0,421.0,324.0,324.0,324.0,179.0,179.0,179.0
1.0,1176.0,630.0,537.0,873.0,729.0,243.0,243.0,243.0,179.0,179.0,179.0,210.0,210.0,210.0,392.0,392.0,392.0,243.0,243.0,243.0,179.0,179.0,179.0
1.0,1419.0,609.0,540.0,972.0,378.0,126.0,126.0,126.0,180.0,180.0,180.0,203.0,203.0,203.0,473.0,473.0,473.0,126.0,126.0,126.0,180.0,180.0,180.0
1.0,1782.0,588.0,540.0,729.0,237.0,79.0,79.0,79.0,180.0,180.0,180.0,196.0,196.0,196.0,594.0,594.0,594.0,79.0,79.0,79.0,180.0,180.0,180.0
1.0,1923.0,594.0,543.0,378.0,465.0,155.0,155.0,155.0,181.0,181.0,181.0,198.0,198.0,198.0,641.0,641.0,641.0,155.0,155.0,155.0,181.0,181.0,181.0
1.0,1707.0,627.0,543.0,237.0,855.0,285.0,285.0,285.0,181.0,181.0,181.0,209.0,209.0,209.0,569.0,569.0,569.0,285.0,285.0,285.0,181.0,181.0,181.0
1.0,1317.0,483.0,543.0,465.0,873.0,291.0,291.0,291.0,181.0,181.0,181.0,161.0,161.0,161.0,439.0,439.0,439.0,291.0,291.0,291.0,181.0,181.0,181.0
1.0,1299.0,594.0,546.0,855.0,624.0,208.0,208.0,208.0,182.0,182.0,182.0,198.0,198.0,198.0,433.0,433.0,433.0,208.0,208.0,208.0,182.0,182.0,182.0
1.0,1560.0,552.0,546.0,873.0,303.0,101.0,101.0,101.0,182.0,182.0,182.0,184.0,184.0,184.0,520.0,520.0,520.0,101.0,101.0,101.0,182.0,182.0,182.0
1.0,1881.0,582.0,546.0,624.0,261.0,87.0,87.0,87.0,182.0,182.0,182.0,194.0,194.0,194.0,627.0,627.0,627.0,87.0,87.0,87.0,182.0,182.0,182.0
1.0,1923.0,573.0,546.0,303.0,531.0,177.0,177.0,177.0,182.0,182.0,182.0,191.0,191.0,191.0,641.0,641.0,641.0,177.0,177.0,177.0,182.0,182.0,182.0
1.0,1653.0,597.0,549.0,261.0,879.0,293.0,293.0,293.0,183.0,183.0,183.0,199.0,199.0,199.0,551.0,551.0,551.0,293.0,293.0,293.0,183.0,183.0,183.0
1.0,1317.0,585.0,549.0,531.0,933.0,311.0,311.0,311.0,183.0,183.0,183.0,195.0,195.0,195.0,439.0,439.0,439.0,311.0,311.0,311.0,183.0,183.0,183.0
1.0,1263.0,591.0,552.0,879.0,657.0,219.0,219.0,219.0,184.0,184.0,184.0,197.0,197.0,197.0,421.0,421.0,421.0,219.0,219.0,219.0,184.0,184.0,184.0
1.0,1551.0,570.0,552.0,933.0,294.0,98.0,98.0,98.0,184.0,184.0,184.0,190.0,190.0,190.0,517.0,517.0,517.0,98.0,98.0,98.0,184.0,184.0,184.0
1.0,1914.0,597.0,552.0,657.0,234.0,78.0,78.0,78.0,184.0,184.0,184.0,199.0,199.0,199.0,638.0,638.0,638.0,78.0,78.0,78.0,184.0,184.0,184.0
1.0,1974.0,528.0,552.0,294.0,468.0,156.0,156.0,156.0,184.0,184.0,184.0,176.0,176.0,176.0,658.0,658.0,658.0,156.0,156.0,156.0,184.0,184.0,184.0
1.0,1740.0,549.0,552.0,234.0,783.0,261.0,261.0,261.0,184.0,184.0,184.0,183.0,183.0,183.0,580.0,580.0,580.0,261.0,261.0,261.0,184.0,184.0,184.0
1.0,1425.0,558.0,552.0,468.0,873.0,291.0,291.0,291.0,184.0,184.0,184.0,186.0,186.0,186.0,475.0,475.0,475.0,291.0,291.0,291.0,184.0,184.0,184.0
1.0,1335.0,564.0,555.0,783.0,666.0,222.0,222.0,222.0,185.0,185.0,185.0,188.0,188.0,188.0,445.0,445.0,445.0,222.0,222.0,222.0,185.0,185.0,185.0
1.0,1554.0,558.0,555.0,873.0,351.0,117.0,117.0,117.0,185.0,185.0,185.0,186.0,186.0,186.0,518.0,518.0,518.0,117.0,117.0,117.0,185.0,185.0,185.0
1.0,1869.0,582.0,558.0,666.0,279.0,93.0,93.0,93.0,186.0,186.0,186.0,194.0,194.0,194.0,623.0,623.0,623.0,93.0,93.0,93.0,186.0,186.0,186.0
1.0,1953.0,549.0,558.0,351.0,477.0,159.0,159.0,159.0,186.0,186.0,186.0,183.0,183.0,183.0,651.0,651.0,651.0,159.0,159.0,159.0,186.0,186.0,186.0
1.0,1755.0,519.0,558.0,279.0,717.0,239.0,239.0,239.0,186.0,186.0,186.0,173.0,173.0,173.0,585.0,585.0,585.0,239.0,239.0,239.0,186.0,186.0,186.0
1.0,1515.0,567.0,561.0,477.0,819.0,273.0,273.0,273.0,187.0,187.0,187.0,189.0,189.0,189.0,505.0,505.0,505.0,273.0,273.0,273.0,187.0,187.0,187.0
1.0,1425.0,543.0,561.0,717.0,645.0,215.0,215.0,215.0,187.0,187.0,187.0,181.0,181.0,181.0,475.0,475.0,475.0,215.0,215.0,215.0,187.0,187.0,187.0
1.0,1599.0,525.0,561.0,819.0,351.0,117.0,117.0,117.0,187.0,187.0,187.0,175.0,175.0,175.0,533.0,533.0,533.0,117.0,117.0,117.0,187.0,187.0,187.0
1.0,1893.0,567.0,561.0,645.0,273.0,91.0,91.0,91.0,187.0,187.0,187.0,189.0,189.0,189.0,631.0,631.0,631.0,91.0,91.0,91.0,187.0,187.0,187.0
1.0,1971.0,567.0,561.0,351.0,489.0,163.0,163.0,163.0,187.0,187.0,187.0,189.0,189.0,189.0,657.0,657.0,657.0,163.0,163.0,163.0,187.0,187.0,187.0
1.0,1755.0,561.0,561.0,273.0,777.0,259.0,259.0,259.0,187.0,187.0,187.0,187.0,187.0,187.0,585.0,585.0,585.0,259.0,259.0,259.0,187.0,187.0,187.0
1.0,1467.0,582.0,564.0,489.0,882.0,294.0,294.0,294.0,188.0,188.0,188.0,194.0,194.0,194.0,489.0,489.0,489.0,294.0,294.0,294.0,188.0,188.0,188.0
1.0,1374.0,543.0,564.0,777.0,648.0,216.0,216.0,216.0,188.0,188.0,188.0,181.0,181.0,181.0,458.0,458.0,458.0,216.0,216.0,216.0,188.0,188.0,188.0
1.0,1608.0,576.0,564.0,882.0,342.0,114.0,114.0,114.0,188.0,188.0,188.0,192.0,192.0,192.0,536.0,536.0,536.0,114.0,114.0,114.0,188.0,188.0,188.0
1.0,1914.0,564.0,564.0,648.0,258.0,86.0,86.0,86.0,188.0,188.0,188.0,188.0,188.0,188.0,638.0,638.0,638.0,86.0,86.0,86.0,188.0,188.0,188.0
1.0,1998.0,552.0,564.0,342.0,468.0,156.0,156.0,156.0,188.0,188.0,188.0,184.0,184.0,184.0,666.0,666.0,666.0,156.0,156.0,156.0,188.0,188.0,188.0
1.0,1788.0,582.0,567.0,258.0,804.0,268.0,268.0,268.0,189.0,189.0,189.0,194.0,194.0,194.0,596.0,596.0,596.0,268.0,268.0,268.0,189.0,189.0,189.0
1.0,1464.0,573.0,567.0,468.0,909.0,303.0,303.0,303.0,189.0,189.0,189.0,191.0,191.0,191.0,488.0,488.0,488.0,303.0,303.0,303.0,189.0,189.0,189.0
1.0,1359.0,510.0,567.0,804.0,615.0,205.0,205.0,205.0,189.0,189.0,189.0,170.0,170.0,170.0,453.0,453.0,453.0,205.0,205.0,205.0,189.0,189.0,189.0
1.0,1653.0,597.0,567.0,909.0,303.0,101.0,101.0,101.0,189.0,189.0,189.0,199.0,199.0,199.0,551.0,551.0,551.0,101.0,101.0,101.0,189.0,189.0,189.0
1.0,1965.0,561.0,567.0,615.0,249.0,83.0,83.0,83.0,189.0,189.0,189.0,187.0,187.0,187.0,655.0,655.0,655.0,83.0,83.0,83.0,189.0,189.0,189.0
1.0,2019.0,582.0,567.0,303.0,528.0,176.0,176.0,176.0,189.0,189.0,189.0,194.0,194.0,194.0,673.0,673.0,673.0,176.0,176.0,176.0,189.0,189.0,189.0
1.0,1740.0,591.0,567.0,249.0,870.0,290.0,290.0,290.0,189.0,189.0,189.0,197.0,197.0,197.0,580.0,580.0,580.0,290.0,290.0,290.0,189.0,189.0,189.0
1.0,1398.0,549.0,567.0,528.0,891.0,297.0,297.0,297.0,189.0,189.0,189.0,183.0,183.0,183.0,466.0,466.0,466.0,297.0,297.0,297.0,189.0,189.0,189.0
1.0,1377.0,552.0,567.0,870.0,573.0,191.0,191.0,191.0,189.0,189.0,189.0,184.0,184.0,184.0,459.0,459.0,459.0,191.0,191.0,191.0,189.0,189.0,189.0
1.0,1695.0,573.0,567.0,891.0,255.0,85.0,85.0,85.0,189.0,189.0,189.0,191.0,191.0,191.0,565.0,565.0,565.0,85.0,85.0,85.0,189.0,189.0,189.0
1.0,2013.0,588.0,570.0,573.0,282.0,94.0,94.0,94.0,190.0,190.0,190.0,196.0,196.0,196.0,671.0,671.0,671.0,94.0,94.0,94.0,190.0,190.0,190.0
1.0,1998.0,609.0,570.0,255.0,636.0,212.0,212.0,212.0,190.0,190.0,190.0,203.0,203.0,203.0,666.0,666.0,666.0,212.0,212.0,212.0,190.0,190.0,190.0
1.0,1644.0,600.0,570.0,282.0,954.0,318.0,318.0,318.0,190.0,190.0,190.0,200.0,200.0,200.0,548.0,548.0,548.0,318.0,318.0,318.0,190.0,190.0,190.0
1.0,1326.0,567.0,570.0,636.0,885.0,295.0,295.0,295.0,190.0,190.0,190.0,189.0,189.0,189.0,442.0,442.0,442.0,295.0,295.0,295.0,190.0,190.0,190.0
1.0,1395.0,585.0,570.0,954.0,516.0,172.0,172.0,172.0,190.0,190.0,190.0,195.0,195.0,195.0,465.0,465.0,465.0,172.0,172.0,172.0,190.0,190.0,190.0
1.0,1764.0,564.0,570.0,885.0,195.0,65.0,65.0,65.0,190.0,190.0,190.0,188.0,188.0,188.0,588.0,588.0,588.0,65.0,65.0,65.0,190.0,190.0,190.0
1.0,2085.0,639.0,573.0,516.0,330.0,110.0,110.0,110.0,191.0,191.0,191.0,213.0,213.0,213.0,695.0,695.0,695.0,110.0,110.0,110.0,191.0,191.0,191.0
1.0,1962.0,609.0,573.0,195.0,744.0,248.0,248.0,248.0,191.0,191.0,191.0,203.0,203.0,203.0,654.0,654.0,654.0,248.0,248.0,248.0,191.0,191.0,191.0
1.0,1548.0,669.0,573.0,330.0,1083.0,361.0,361.0,361.0,191.0,191.0,191.0,223.0,223.0,223.0,516.0,516.0,516.0,361.0,361.0,361.0,191.0,191.0,191.0
1.0,1209.0,639.0,573.0,744.0,978.0,326.0,326.0,326.0,191.0,191.0,191.0,213.0,213.0,213.0,403.0,403.0,403.0,326.0,326.0,326.0,191.0,191.0,191.0
1.0,1314.0,597.0,573.0,1083.0,492.0,164.0,164.0,164.0,191.0,191.0,191.0,199.0,199.0,199.0,438.0,438.0,438.0,164.0,164.0,164.0,191.0,191.0,191.0
1.0,1800.0,555.0,573.0,978.0,69.0,23.0,23.0,23.0,191.0,191.0,191.0,185.0,185.0,185.0,600.0,600.0,600.0,23.0,23.0,23.0,191.0,191.0,191.0
1.0,2223.0,582.0,573.0,492.0,159.0,53.0,53.0,53.0,191.0,191.0,191.0,194.0,194.0,194.0,741.0,741.0,741.0,53.0,53.0,53.0,191.0,191.0,191.0
1.0,2133.0,657.0,576.0,69.0,759.0,253.0,253.0,253.0,192.0,192.0,192.0,219.0,219.0,219.0,711.0,711.0,711.0,253.0,253.0,253.0,192.0,192.0,192.0
1.0,1545.0,585.0,576.0,159.0,1185.0,395.0,395.0,395.0,192.0,192.0,192.0,195.0,195.0,195.0,515.0,515.0,515.0,395.0,395.0,395.0,192.0,192.0,192.0
1.0,1119.0,618.0,576.0,759.0,1044.0,348.0,348.0,348.0,192.0,192.0,192.0,206.0,206.0,206.0,373.0,373.0,373.0,348.0,348.0,348.0,192.0,192.0,192.0
1.0,1260.0,573.0,576.0,1185.0,432.0,144.0,144.0,144.0,192.0,192.0,192.0,191.0,191.0,191.0,420.0,420.0,420.0,144.0,144.0,144.0,192.0,192.0,192.0
1.0,1872.0,594.0,576.0,1044.0,0.0,0.0,0.0,0.0,192.0,192.0,192.0,198.0,198.0,198.0,624.0,624.0,624.0,0.0,0.0,0.0,192.0,192.0,192.0
1.0,2322.0,591.0,576.0,432.0,141.0,47.0,47.0,47.0,192.0,192.0,192.0,197.0,197.0,197.0,774.0,774.0,774.0,47.0,47.0,47.0,192.0,192.0,192.0
1.0,2163.0,549.0,576.0,0.0,690.0,230.0,230.0,230.0,192.0,192.0,192.0,183.0,183.0,183.0,721.0,721.0,721.0,230.0,230.0,230.0,192.0,192.0,192.0
1.0,1614.0,552.0,576.0,141.0,1101.0,367.0,367.0,367.0,192.0,192.0,192.0,184.0,184.0,184.0,538.0,538.0,538.0,367.0,367.0,367.0,192.0,192.0,192.0
1.0,1203.0,585.0,576.0,690.0,996.0,332.0,332.0,332.0,192.0,192.0,192.0,195.0,195.0,195.0,401.0,401.0,401.0,332.0,332.0,332.0,192.0,192.0,192.0
1.0,1308.0,609.0,576.0,1101.0,504.0,168.0,168.0,168.0,192.0,192.0,192.0,203.0,203.0,203.0,436.0,436.0,436.0,168.0,168.0,168.0,192.0,192.0,192.0
1.0,1800.0,618.0,576.0,996.0,126.0,42.0,42.0,42.0,192.0,192.0,192.0,206.0,206.0,206.0,600.0,600.0,600.0,42.0,42.0,42.0,192.0,192.0,192.0
1.0,2178.0,588.0,579.0,504.0,222.0,74.0,74.0,74.0,193.0,193.0,193.0,196.0,196.0,196.0,726.0,726.0,726.0,74.0,74.0,74.0,193.0,193.0,193.0
1.0,2094.0,597.0,579.0,126.0,693.0,231.0,231.0,231.0,193.0,193.0,193.0,199.0,199.0,199.0,698.0,698.0,698.0,231.0,231.0,231.0,193.0,193.0,193.0
1.0,1623.0,603.0,579.0,222.0,1074.0,358.0,358.0,358.0,193.0,193.0,193.0,201.0,201.0,201.0,541.0,541.0,541.0,358.0,358.0,358.0,193.0,193.0,193.0
1.0,1242.0,603.0,582.0,693.0,996.0,332.0,332.0,332.0,194.0,194.0,194.0,201.0,201.0,201.0,414.0,414.0,414.0,332.0,332.0,332.0,194.0,194.0,194.0
1.0,1332.0,591.0,582.0,1074.0,513.0,171.0,171.0,171.0,194.0,194.0,194.0,197.0,197.0,197.0,444.0,444.0,444.0,171.0,171.0,171.0,194.0,194.0,194.0
1.0,1815.0,576.0,582.0,996.0,93.0,31.0,31.0,31.0,194.0,194.0,194.0,192.0,192.0,192.0,605.0,605.0,605.0,31.0,31.0,31.0,194.0,194.0,194.0
1.0,2235.0,555.0,582.0,513.0,135.0,45.0,45.0,45.0,194.0,194.0,194.0,185.0,185.0,185.0,745.0,745.0,745.0,45.0,45.0,45.0,194.0,194.0,194.0
1.0,2193.0,639.0,582.0,93.0,681.0,227.0,227.0,227.0,194.0,194.0,194.0,213.0,213.0,213.0,731.0,731.0,731.0,227.0,227.0,227.0,194.0,194.0,194.0
1.0,1647.0,600.0,585.0,135.0,1158.0,386.0,386.0,386.0,195.0,195.0,195.0,200.0,200.0,200.0,549.0,549.0,549.0,386.0,386.0,386.0,195.0,195.0,195.0
1.0,1182.0,555.0,585.0,681.0,1032.0,344.0,344.0,344.0,195.0,195.0,195.0,185.0,185.0,185.0,394.0,394.0,394.0,344.0,344.0,344.0,195.0,195.0,195.0
1.0,1308.0,621.0,585.0,1158.0,495.0,165.0,165.0,165.0,195.0,195.0,195.0,207.0,207.0,207.0,436.0,436.0,436.0,165.0,165.0,165.0,195.0,195.0,195.0
1.0,1845.0,576.0,585.0,1032.0,39.0,13.0,13.0,13.0,195.0,195.0,195.0,192.0,192.0,192.0,615.0,615.0,615.0,13.0,13.0,13.0,195.0,195.0,195.0
1.0,2301.0,576.0,588.0,495.0,132.0,44.0,44.0,44.0,196.0,196.0,196.0,192.0,192.0,192.0,767.0,767.0,767.0,44.0,44.0,44.0,196.0,196.0,196.0
1.0,2220.0,555.0,585.0,39.0,636.0,212.0,212.0,212.0,195.0,195.0,195.0,185.0,185.0,185.0,740.0,740.0,740.0,212.0,212.0,212.0,195.0,195.0,195.0
1.0,1704.0,573.0,588.0,132.0,1089.0,363.0,363.0,363.0,196.0,196.0,196.0,191.0,191.0,191.0,568.0,568.0,568.0,363.0,363.0,363.0,196.0,196.0,196.0
1.0,1263.0,621.0,588.0,636.0,1074.0,358.0,358.0,358.0,196.0,196.0,196.0,207.0,207.0,207.0,421.0,421.0,421.0,358.0,358.0,358.0,196.0,196.0,196.0
1.0,1278.0,558.0,588.0,1089.0,543.0,181.0,181.0,181.0,196.0,196.0,196.0,186.0,186.0,186.0,426.0,426.0,426.0,181.0,181.0,181.0,196.0,196.0,196.0
1.0,1809.0,567.0,588.0,1074.0,36.0,12.0,12.0,12.0,196.0,196.0,196.0,189.0,189.0,189.0,603.0,603.0,603.0,12.0,12.0,12.0,196.0,196.0,196.0
1.0,2316.0,600.0,588.0,543.0,93.0,31.0,31.0,31.0,196.0,196.0,196.0,200.0,200.0,200.0,772.0,772.0,772.0,31.0,31.0,31.0,196.0,196.0,196.0
1.0,2259.0,621.0,588.0,36.0,678.0,226.0,226.0,226.0,196.0,196.0,196.0,207.0,207.0,207.0,753.0,753.0,753.0,226.0,226.0,226.0,196.0,196.0,196.0
1.0,1674.0,621.0,591.0,93.0,1218.0,406.0,406.0,406.0,197.0,197.0,197.0,207.0,207.0,207.0,558.0,558.0,558.0,406.0,406.0,406.0,197.0,197.0,197.0
1.0,1146.0,600.0,591.0,678.0,1140.0,380.0,380.0,380.0,197.0,197.0,197.0,200.0,200.0,200.0,382.0,382.0,382.0,380.0,380.0,380.0,197.0,197.0,197.0
1.0,1224.0,555.0,591.0,1218.0,477.0,159.0,159.0,159.0,197.0,197.0,197.0,185.0,185.0,185.0,408.0,408.0,408.0,159.0,159.0,159.0,197.0,197.0,197.0
1.0,1887.0,615.0,591.0,1140.0,0.0,0.0,0.0,0.0,197.0,197.0,197.0,205.0,205.0,205.0,629.0,629.0,629.0,0.0,0.0,0.0,197.0,197.0,197.0
1.0,2412.0,621.0,591.0,477.0,96.0,32.0,32.0,32.0,197.0,197.0,197.0,207.0,207.0,207.0,804.0,804.0,804.0,32.0,32.0,32.0,197.0,197.0,197.0
1.0,2268.0,600.0,594.0,0.0,708.0,236.0,236.0,236.0,198.0,198.0,198.0,200.0,200.0,200.0,756.0,756.0,756.0,236.0,236.0,236.0,198.0,198.0,198.0
1.0,1668.0,648.0,594.0,96.0,1260.0,420.0,420.0,420.0,198.0,198.0,198.0,216.0,216.0,216.0,556.0,556.0,556.0,420.0,420.0,420.0,198.0,198.0,198.0
1.0,1116.0,630.0,597.0,708.0,1194.0,398.0,398.0,398.0,199.0,199.0,199.0,210.0,210.0,210.0,372.0,372.0,372.0,398.0,398.0,398.0,199.0,199.0,199.0
1.0,1194.0,621.0,597.0,1260.0,555.0,185.0,185.0,185.0,199.0,199.0,199.0,207.0,207.0,207.0,398.0,398.0,398.0,185.0,185.0,185.0,199.0,199.0,199.0
1.0,1833.0,597.0,597.0,1194.0,0.0,0.0,0.0,0.0,199.0,199.0,199.0,199.0,199.0,199.0,611.0,611.0,611.0,0.0,0.0,0.0,199.0,199.0,199.0
1.0,2430.0,624.0,597.0,555.0,27.0,9.0,9.0,9.0,199.0,199.0,199.0,208.0,208.0,208.0,810.0,810.0,810.0,9.0,9.0,9.0,199.0,199.0,199.0
1.0,2361.0,666.0,600.0,0.0,705.0,235.0,235.0,235.0,200.0,200.0,200.0,222.0,222.0,222.0,787.0,787.0,787.0,235.0,235.0,235.0,200.0,200.0,200.0
1.0,1695.0,564.0,600.0,27.0,1242.0,414.0,414.0,414.0,200.0,200.0,200.0,188.0,188.0,188.0,565.0,565.0,565.0,414.0,414.0,414.0,200.0,200.0,200.0
1.0,1158.0,687.0,600.0,705.0,1224.0,408.0,408.0,408.0,200.0,200.0,200.0,229.0,229.0,229.0,386.0,386.0,386.0,408.0,408.0,408.0,200.0,200.0,200.0
1.0,1176.0,639.0,600.0,1242.0,621.0,207.0,207.0,207.0,200.0,200.0,200.0,213.0,213.0,213.0,392.0,392.0,392.0,207.0,207.0,207.0,200.0,200.0,200.0
1.0,1779.0,699.0,603.0,1224.0,108.0,36.0,36.0,36.0,201.0,201.0,201.0,233.0,233.0,233.0,593.0,593.0,593.0,36.0,36.0,36.0,201.0,201.0,201.0
1.0,2304.0,618.0,603.0,621.0,105.0,35.0,35.0,35.0,201.0,201.0,201.0,206.0,206.0,206.0,768.0,768.0,768.0,35.0,35.0,35.0,201.0,201.0,201.0
1.0,2307.0,648.0,603.0,108.0,645.0,215.0,215.0,215.0,201.0,201.0,201.0,216.0,216.0,216.0,769.0,769.0,769.0,215.0,215.0,215.0,201.0,201.0,201.0
1.0,1767.0,612.0,603.0,105.0,1152.0,384.0,384.0,384.0,201.0,201.0,201.0,204.0,204.0,204.0,589.0,589.0,589.0,384.0,384.0,384.0,201.0,201.0,201.0
1.0,1260.0,627.0,603.0,645.0,1134.0,378.0,378.0,378.0,201.0,201.0,201.0,209.0,209.0,209.0,420.0,420.0,420.0,378.0,378.0,378.0,201.0,201.0,201.0
1.0,1278.0,588.0,603.0,1152.0,570.0,190.0,190.0,190.0,201.0,201.0,201.0,196.0,196.0,196.0,426.0,426.0,426.0,190.0,190.0,190.0,201.0,201.0,201.0
1.0,1842.0,564.0,603.0,1134.0,0.0,0.0,0.0,0.0,201.0,201.0,201.0,188.0,188.0,188.0,614.0,614.0,614.0,0.0,0.0,0.0,201.0,201.0,201.0
1.0,2412.0,648.0,603.0,570.0,78.0,26.0,26.0,26.0,201.0,201.0,201.0,216.0,216.0,216.0,804.0,804.0,804.0,26.0,26.0,26.0,201.0,201.0,201.0
1.0,2334.0,648.0,603.0,0.0,726.0,242.0,242.0,242.0,201.0,201.0,201.0,216.0,216.0,216.0,778.0,778.0,778.0,242.0,242.0,242.0,201.0,201.0,201.0
1.0,1686.0,636.0,606.0,78.0,1296.0,432.0,432.0,432.0,202.0,202.0,202.0,212.0,212.0,212.0,562.0,562.0,562.0,432.0,432.0,432.0,202.0,202.0,202.0
1.0,1128.0,591.0,606.0,726.0,1161.0,387.0,387.0,387.0,202.0,202.0,202.0,197.0,197.0,197.0,376.0,376.0,376.0,387.0,387.0,387.0,202.0,202.0,202.0
1.0,1263.0,666.0,606.0,1296.0,531.0,177.0,177.0,177.0,202.0,202.0,202.0,222.0,222.0,222.0,421.0,421.0,421.0,177.0,177.0,177.0,202.0,202.0,202.0
1.0,1893.0,615.0,606.0,1161.0,0.0,0.0,0.0,0.0,202.0,202.0,202.0,205.0,205.0,205.0,631.0,631.0,631.0,0.0,0.0,0.0,202.0,202.0,202.0
1.0,2439.0,618.0,609.0,531.0,84.0,28.0,28.0,28.0,203.0,203.0,203.0,206.0,206.0,206.0,813.0,813.0,813.0,28.0,28.0,28.0,203.0,203.0,203.0
1.0,2352.0,663.0,609.0,0.0,747.0,249.0,249.0,249.0,203.0,203.0,203.0,221.0,221.0,221.0,784.0,784.0,784.0,249.0,249.0,249.0,203.0,203.0,203.0
1.0,1689.0,675.0,612.0,84.0,1350.0,450.0,450.0,450.0,204.0,204.0,204.0,225.0,225.0,225.0,563.0,563.0,563.0,450.0,450.0,450.0,204.0,204.0,204.0
1.0,1098.0,639.0,612.0,747.0,1242.0,414.0,414.0,414.0,204.0,204.0,204.0,213.0,213.0,213.0,366.0,366.0,366.0,414.0,414.0,414.0,204.0,204.0,204.0
1.0,1206.0,612.0,612.0,1350.0,504.0,168.0,168.0,168.0,204.0,204.0,204.0,204.0,204.0,204.0,402.0,402.0,402.0,168.0,168.0,168.0,204.0,204.0,204.0
1.0,1944.0,672.0,615.0,1242.0,0.0,0.0,0.0,0.0,205.0,205.0,205.0,224.0,224.0,224.0,648.0,648.0,648.0,0.0,0.0,0.0,205.0,205.0,205.0
1.0,2514.0,564.0,612.0,504.0,0.0,0.0,0.0,0.0,204.0,204.0,204.0,188.0,188.0,188.0,838.0,838.0,838.0,0.0,0.0,0.0,204.0,204.0,204.0
1.0,2454.0,603.0,612.0,0.0,597.0,199.0,199.0,199.0,204.0,204.0,204.0,201.0,201.0,201.0,818.0,818.0,818.0,199.0,199.0,199.0,204.0,204.0,204.0
1.0,1851.0,639.0,615.0,0.0,1248.0,416.0,416.0,416.0,205.0,205.0,205.0,213.0,213.0,213.0,617.0,617.0,617.0,416.0,416.0,416.0,205.0,205.0,205.0
1.0,1212.0,624.0,615.0,597.0,1275.0,425.0,425.0,425.0,205.0,205.0,205.0,208.0,208.0,208.0,404.0,404.0,404.0,425.0,425.0,425.0,205.0,205.0,205.0
1.0,1185.0,660.0,618.0,1248.0,699.0,233.0,233.0,233.0,206.0,206.0,206.0,220.0,220.0,220.0,395.0,395.0,395.0,233.0,233.0,233.0,206.0,206.0,206.0
1.0,1773.0,579.0,615.0,1275.0,0.0,0.0,0.0,0.0,205.0,205.0,205.0,193.0,193.0,193.0,591.0,591.0,591.0,0.0,0.0,0.0,205.0,205.0,205.0
1.0,2469.0,660.0,618.0,699.0,0.0,0.0,0.0,0.0,206.0,206.0,206.0,220.0,220.0,220.0,823.0,823.0,823.0,0.0,0.0,0.0,206.0,206.0,206.0
1.0,2508.0,639.0,618.0,0.0,603.0,201.0,201.0,201.0,206.0,206.0,206.0,213.0,213.0,213.0,836.0,836.0,836.0,201.0,201.0,201.0,206.0,206.0,206.0
1.0,1869.0,597.0,618.0,0.0,1200.0,400.0,400.0,400.0,206.0,206.0,206.0,199.0,199.0,199.0,623.0,623.0,623.0,400.0,400.0,400.0,206.0,206.0,206.0
1.0,1272.0,600.0,618.0,603.0,1197.0,399.0,399.0,399.0,206.0,206.0,206.0,200.0,200.0,200.0,424.0,424.0,424.0,399.0,399.0,399.0,206.0,206.0,206.0
1.0,1275.0,669.0,621.0,1200.0,678.0,226.0,226.0,226.0,207.0,207.0,207.0,223.0,223.0,223.0,425.0,425.0,425.0,226.0,226.0,226.0,207.0,207.0,207.0
1.0,1806.0,648.0,621.0,1197.0,129.0,43.0,43.0,43.0,207.0,207.0,207.0,216.0,216.0,216.0,602.0,602.0,602.0,43.0,43.0,43.0,207.0,207.0,207.0
1.0,2355.0,591.0,621.0,678.0,42.0,14.0,14.0,14.0,207.0,207.0,207.0,197.0,197.0,197.0,785.0,785.0,785.0,14.0,14.0,14.0,207.0,207.0,207.0
1.0,2442.0,618.0,621.0,129.0,531.0,177.0,177.0,177.0,207.0,207.0,207.0,206.0,206.0,206.0,814.0,814.0,814.0,177.0,177.0,177.0,207.0,207.0,207.0
1.0,1953.0,693.0,624.0,42.0,1194.0,398.0,398.0,398.0,208.0,208.0,208.0,231.0,231.0,231.0,651.0,651.0,651.0,398.0,398.0,398.0,208.0,208.0,208.0
1.0,1302.0,672.0,627.0,531.0,1347.0,449.0,449.0,449.0,209.0,209.0,209.0,224.0,224.0,224.0,434.0,434.0,434.0,449.0,449.0,449.0,209.0,209.0,209.0
1.0,1161.0,624.0,627.0,1194.0,777.0,259.0,259.0,259.0,209.0,209.0,209.0,208.0,208.0,208.0,387.0,387.0,387.0,259.0,259.0,259.0,209.0,209.0,209.0
1.0,1731.0,666.0,627.0,1347.0,96.0,32.0,32.0,32.0,209.0,209.0,209.0,222.0,222.0,222.0,577.0,577.0,577.0,32.0,32.0,32.0,209.0,209.0,209.0
1.0,2412.0,663.0,630.0,777.0,0.0,0.0,0.0,0.0,210.0,210.0,210.0,221.0,221.0,221.0,804.0,804.0,804.0,0.0,0.0,0.0,210.0,210.0,210.0
1.0,2526.0,645.0,630.0,96.0,543.0,181.0,181.0,181.0,210.0,210.0,210.0,215.0,215.0,215.0,842.0,842.0,842.0,181.0,181.0,181.0,210.0,210.0,210.0
1.0,1977.0,633.0,630.0,0.0,1176.0,392.0,392.0,392.0,210.0,210.0,210.0,211.0,211.0,211.0,659.0,659.0,659.0,392.0,392.0,392.0,210.0,210.0,210.0
1.0,1344.0,621.0,633.0,543.0,1266.0,422.0,422.0,422.0,211.0,211.0,211.0,207.0,207.0,207.0,448.0,448.0,448.0,422.0,422.0,422.0,211.0,211.0,211.0
1.0,1266.0,672.0,633.0,1176.0,762.0,254.0,254.0,254.0,211.0,211.0,211.0,224.0,224.0,224.0,422.0,422.0,422.0,254.0,254.0,254.0,211.0,211.0,211.0
1.0,1770.0,648.0,633.0,1266.0,144.0,48.0,48.0,48.0,211.0,211.0,211.0,216.0,216.0,216.0,590.0,590.0,590.0,48.0,48.0,48.0,211.0,211.0,211.0
1.0,2388.0,690.0,633.0,762.0,72.0,24.0,24.0,24.0,211.0,211.0,211.0,230.0,230.0,230.0,796.0,796.0,796.0,24.0,24.0,24.0,211.0,211.0,211.0
1.0,2460.0,618.0,633.0,144.0,546.0,182.0,182.0,182.0,211.0,211.0,211.0,206.0,206.0,206.0,820.0,820.0,820.0,182.0,182.0,182.0,211.0,211.0,211.0
1.0,1986.0,633.0,633.0,72.0,1107.0,369.0,369.0,369.0,211.0,211.0,211.0,211.0,211.0,211.0,662.0,662.0,662.0,369.0,369.0,369.0,211.0,211.0,211.0
1.0,1425.0,642.0,636.0,546.0,1215.0,405.0,405.0,405.0,212.0,212.0,212.0,214.0,214.0,214.0,475.0,475.0,475.0,405.0,405.0,405.0,212.0,212.0,212.0
1.0,1329.0,663.0,636.0,1107.0,771.0,257.0,257.0,257.0,212.0,212.0,212.0,221.0,221.0,221.0,443.0,443.0,443.0,257.0,257.0,257.0,212.0,212.0,212.0
1.0,1773.0,681.0,636.0,1215.0,237.0,79.0,79.0,79.0,212.0,212.0,212.0,227.0,227.0,227.0,591.0,591.0,591.0,79.0,79.0,79.0,212.0,212.0,212.0
1.0,2307.0,702.0,639.0,771.0,180.0,60.0,60.0,60.0,213.0,213.0,213.0,234.0,234.0,234.0,769.0,769.0,769.0,60.0,60.0,60.0,213.0,213.0,213.0
1.0,2376.0,675.0,639.0,237.0,618.0,206.0,206.0,206.0,213.0,213.0,213.0,225.0,225.0,225.0,792.0,792.0,792.0,206.0,206.0,206.0,213.0,213.0,213.0
1.0,1938.0,648.0,639.0,180.0,1086.0,362.0,362.0,362.0,213.0,213.0,213.0,216.0,216.0,216.0,646.0,646.0,646.0,362.0,362.0,362.0,213.0,213.0,213.0
1.0,1470.0,666.0,639.0,618.0,1134.0,378.0,378.0,378.0,213.0,213.0,213.0,222.0,222.0,222.0,490.0,490.0,490.0,378.0,378.0,378.0,213.0,213.0,213.0
1.0,1422.0,675.0,639.0,1086.0,723.0,241.0,241.0,241.0,213.0,213.0,213.0,225.0,225.0,225.0,474.0,474.0,474.0,241.0,241.0,241.0,213.0,213.0,213.0
1.0,1833.0,657.0,639.0,1134.0,246.0,82.0,82.0,82.0,213.0,213.0,213.0,219.0,219.0,219.0,611.0,611.0,611.0,82.0,82.0,82.0,213.0,213.0,213.0
1.0,2310.0,669.0,642.0,723.0,204.0,68.0,68.0,68.0,214.0,214.0,214.0,223.0,223.0,223.0,770.0,770.0,770.0,68.0,68.0,68.0,214.0,214.0,214.0
1.0,2364.0,684.0,642.0,246.0,642.0,214.0,214.0,214.0,214.0,214.0,214.0,228.0,228.0,228.0,788.0,788.0,788.0,214.0,214.0,214.0,214.0,214.0,214.0
1.0,1926.0,717.0,645.0,204.0,1167.0,389.0,389.0,389.0,215.0,215.0,215.0,239.0,239.0,239.0,642.0,642.0,642.0,389.0,389.0,389.0,215.0,215.0,215.0
1.0,1413.0,654.0,645.0,642.0,1179.0,393.0,393.0,393.0,215.0,215.0,215.0,218.0,218.0,218.0,471.0,471.0,471.0,393.0,393.0,393.0,215.0,215.0,215.0
1.0,1401.0,687.0,648.0,1167.0,711.0,237.0,237.0,237.0,216.0,216.0,216.0,229.0,229.0,229.0,467.0,467.0,467.0,237.0,237.0,237.0,216.0,216.0,216.0
1.0,1881.0,687.0,648.0,1179.0,219.0,73.0,73.0,73.0,216.0,216.0,216.0,229.0,229.0,229.0,627.0,627.0,627.0,73.0,73.0,73.0,216.0,216.0,216.0
1.0,2373.0,666.0,648.0,711.0,174.0,58.0,58.0,58.0,216.0,216.0,216.0,222.0,222.0,222.0,791.0,791.0,791.0,58.0,58.0,58.0,216.0,216.0,216.0
1.0,2418.0,660.0,648.0,219.0,615.0,205.0,205.0,205.0,216.0,216.0,216.0,220.0,220.0,220.0,806.0,806.0,806.0,205.0,205.0,205.0,216.0,216.0,216.0
1.0,1977.0,612.0,648.0,174.0,1053.0,351.0,351.0,351.0,216.0,216.0,216.0,204.0,204.0,204.0,659.0,659.0,659.0,351.0,351.0,351.0,216.0,216.0,216.0
1.0,1539.0,672.0,648.0,615.0,1110.0,370.0,370.0,370.0,216.0,216.0,216.0,224.0,224.0,224.0,513.0,513.0,513.0,370.0,370.0,370.0,216.0,216.0,216.0
1.0,1482.0,576.0,648.0,1053.0,633.0,211.0,211.0,211.0,216.0,216.0,216.0,192.0,192.0,192.0,494.0,494.0,494.0,211.0,211.0,211.0,216.0,216.0,216.0
1.0,1959.0,645.0,648.0,1110.0,168.0,56.0,56.0,56.0,216.0,216.0,216.0,215.0,215.0,215.0,653.0,653.0,653.0,56.0,56.0,56.0,216.0,216.0,216.0
1.0,2424.0,651.0,648.0,633.0,186.0,62.0,62.0,62.0,216.0,216.0,216.0,217.0,217.0,217.0,808.0,808.0,808.0,62.0,62.0,62.0,216.0,216.0,216.0
1.0,2406.0,663.0,648.0,168.0,681.0,227.0,227.0,227.0,216.0,216.0,216.0,221.0,221.0,221.0,802.0,802.0,802.0,227.0,227.0,227.0,216.0,216.0,216.0
1.0,1911.0,672.0,648.0,186.0,1167.0,389.0,389.0,389.0,216.0,216.0,216.0,224.0,224.0,224.0,637.0,637.0,637.0,389.0,389.0,389.0,216.0,216.0,216.0
1.0,1425.0,624.0,648.0,681.0,1110.0,370.0,370.0,370.0,216.0,216.0,216.0,208.0,208.0,208.0,475.0,475.0,475.0,370.0,370.0,370.0,216.0,216.0,216.0
1.0,1482.0,678.0,651.0,1167.0,633.0,211.0,211.0,211.0,217.0,217.0,217.0,226.0,226.0,226.0,494.0,494.0,494.0,211.0,211.0,211.0,217.0,217.0,217.0
1.0,1971.0,642.0,651.0,1110.0,165.0,55.0,55.0,55.0,217.0,217.0,217.0,214.0,214.0,214.0,657.0,657.0,657.0,55.0,55.0,55.0,217.0,217.0,217.0
1.0,2439.0,639.0,651.0,633.0,171.0,57.0,57.0,57.0,217.0,217.0,217.0,213.0,213.0,213.0,813.0,813.0,813.0,57.0,57.0,57.0,217.0,217.0,217.0
1.0,2433.0,636.0,651.0,165.0,642.0,214.0,214.0,214.0,217.0,217.0,217.0,212.0,212.0,212.0,811.0,811.0,811.0,214.0,214.0,214.0,217.0,217.0,217.0
1.0,1962.0,645.0,651.0,171.0,1116.0,372.0,372.0,372.0,217.0,217.0,217.0,215.0,215.0,215.0,654.0,654.0,654.0,372.0,372.0,372.0,217.0,217.0,217.0
1.0,1488.0,663.0,654.0,642.0,1149.0,383.0,383.0,383.0,218.0,218.0,218.0,221.0,221.0,221.0,496.0,496.0,496.0,383.0,383.0,383.0,218.0,218.0,218.0
1.0,1467.0,672.0,654.0,1116.0,705.0,235.0,235.0,235.0,218.0,218.0,218.0,224.0,224.0,224.0,489.0,489.0,489.0,235.0,235.0,235.0,218.0,218.0,218.0
1.0,1911.0,678.0,654.0,1149.0,234.0,78.0,78.0,78.0,218.0,218.0,218.0,226.0,226.0,226.0,637.0,637.0,637.0,78.0,78.0,78.0,218.0,218.0,218.0
1.0,2382.0,696.0,657.0,705.0,237.0,79.0,79.0,79.0,219.0,219.0,219.0,232.0,232.0,232.0,794.0,794.0,794.0,79.0,79.0,79.0,219.0,219.0,219.0
1.0,2391.0,630.0,657.0,234.0,633.0,211.0,211.0,211.0,219.0,219.0,219.0,210.0,210.0,210.0,797.0,797.0,797.0,211.0,211.0,211.0,219.0,219.0,219.0
1.0,1995.0,645.0,657.0,237.0,1041.0,347.0,347.0,347.0,219.0,219.0,219.0,215.0,215.0,215.0,665.0,665.0,665.0,347.0,347.0,347.0,219.0,219.0,219.0
1.0,1587.0,681.0,657.0,633.0,1089.0,363.0,363.0,363.0,219.0,219.0,219.0,227.0,227.0,227.0,529.0,529.0,529.0,363.0,363.0,363.0,219.0,219.0,219.0
1.0,1539.0,630.0,657.0,1041.0,678.0,226.0,226.0,226.0,219.0,219.0,219.0,210.0,210.0,210.0,513.0,513.0,513.0,226.0,226.0,226.0,219.0,219.0,219.0
1.0,1950.0,642.0,657.0,1089.0,231.0,77.0,77.0,77.0,219.0,219.0,219.0,214.0,214.0,214.0,650.0,650.0,650.0,77.0,77.0,77.0,219.0,219.0,219.0
1.0,2397.0,726.0,657.0,678.0,279.0,93.0,93.0,93.0,219.0,219.0,219.0,242.0,242.0,242.0,799.0,799.0,799.0,93.0,93.0,93.0,219.0,219.0,219.0
1.0,2349.0,678.0,660.0,231.0,738.0,246.0,246.0,246.0,220.0,220.0,220.0,226.0,226.0,226.0,783.0,783.0,783.0,246.0,246.0,246.0,220.0,220.0,220.0
1.0,1902.0,681.0,660.0,279.0,1140.0,380.0,380.0,380.0,220.0,220.0,220.0,227.0,227.0,227.0,634.0,634.0,634.0,380.0,380.0,380.0,220.0,220.0,220.0
1.0,1500.0,723.0,660.0,738.0,1125.0,375.0,375.0,375.0,220.0,220.0,220.0,241.0,241.0,241.0,500.0,500.0,500.0,375.0,375.0,375.0,220.0,220.0,220.0
1.0,1515.0,672.0,660.0,1140.0,657.0,219.0,219.0,219.0,220.0,220.0,220.0,224.0,224.0,224.0,505.0,505.0,505.0,219.0,219.0,219.0,220.0,220.0,220.0
1.0,1983.0,708.0,663.0,1125.0,252.0,84.0,84.0,84.0,221.0,221.0,221.0,236.0,236.0,236.0,661.0,661.0,661.0,84.0,84.0,84.0,221.0,221.0,221.0
1.0,2400.0,708.0,663.0,657.0,303.0,101.0,101.0,101.0,221.0,221.0,221.0,236.0,236.0,236.0,800.0,800.0,800.0,101.0,101.0,101.0,221.0,221.0,221.0
1.0,2349.0,612.0,663.0,252.0,663.0,221.0,221.0,221.0,221.0,221.0,221.0,204.0,204.0,204.0,783.0,783.0,783.0,221.0,221.0,221.0,221.0,221.0,221.0
1.0,1989.0,666.0,663.0,303.0,1026.0,342.0,342.0,342.0,221.0,221.0,221.0,222.0,222.0,222.0,663.0,663.0,663.0,342.0,342.0,342.0,221.0,221.0,221.0
1.0,1626.0,660.0,663.0,663.0,1023.0,341.0,341.0,341.0,221.0,221.0,221.0,220.0,220.0,220.0,542.0,542.0,542.0,341.0,341.0,341.0,221.0,221.0,221.0
1.0,1629.0,663.0,663.0,1026.0,660.0,220.0,220.0,220.0,221.0,221.0,221.0,221.0,221.0,221.0,543.0,543.0,543.0,220.0,220.0,220.0,221.0,221.0,221.0
1.0,1992.0,684.0,663.0,1023.0,321.0,107.0,107.0,107.0,221.0,221.0,221.0,228.0,228.0,228.0,664.0,664.0,664.0,107.0,107.0,107.0,221.0,221.0,221.0
1.0,2331.0,669.0,666.0,660.0,342.0,114.0,114.0,114.0,222.0,222.0,222.0,223.0,223.0,223.0,777.0,777.0,777.0,114.0,114.0,114.0,222.0,222.0,222.0
1.0,2322.0,681.0,666.0,321.0,702.0,234.0,234.0,234.0,222.0,222.0,222.0,227.0,227.0,227.0,774.0,774.0,774.0,234.0,234.0,234.0,222.0,222.0,222.0
1.0,1962.0,705.0,666.0,342.0,1065.0,355.0,355.0,355.0,222.0,222.0,222.0,235.0,235.0,235.0,654.0,654.0,654.0,355.0,355.0,355.0,222.0,222.0,222.0
1.0,1599.0,762.0,669.0,702.0,1137.0,379.0,379.0,379.0,223.0,223.0,223.0,254.0,254.0,254.0,533.0,533.0,533.0,379.0,379.0,379.0,223.0,223.0,223.0
1.0,1539.0,669.0,666.0,1065.0,729.0,243.0,243.0,243.0,222.0,222.0,222.0,223.0,223.0,223.0,513.0,513.0,513.0,243.0,243.0,243.0,222.0,222.0,222.0
1.0,1935.0,693.0,669.0,1137.0,297.0,99.0,99.0,99.0,223.0,223.0,223.0,231.0,231.0,231.0,645.0,645.0,645.0,99.0,99.0,99.0,223.0,223.0,223.0
1.0,2379.0,648.0,669.0,729.0,216.0,72.0,72.0,72.0,223.0,223.0,223.0,216.0,216.0,216.0,793.0,793.0,793.0,72.0,72.0,72.0,223.0,223.0,223.0
1.0,2460.0,726.0,669.0,297.0,645.0,215.0,215.0,215.0,223.0,223.0,223.0,242.0,242.0,242.0,820.0,820.0,820.0,215.0,215.0,215.0,223.0,223.0,223.0
1.0,2031.0,708.0,669.0,216.0,1137.0,379.0,379.0,379.0,223.0,223.0,223.0,236.0,236.0,236.0,677.0,677.0,677.0,379.0,379.0,379.0,223.0,223.0,223.0
1.0,1539.0,690.0,669.0,645.0,1182.0,394.0,394.0,394.0,223.0,223.0,223.0,230.0,230.0,230.0,513.0,513.0,513.0,394.0,394.0,394.0,223.0,223.0,223.0
1.0,1494.0,684.0,669.0,1137.0,729.0,243.0,243.0,243.0,223.0,223.0,223.0,228.0,228.0,228.0,498.0,498.0,498.0,243.0,243.0,243.0,223.0,223.0,223.0
1.0,1947.0,651.0,669.0,1182.0,198.0,66.0,66.0,66.0,223.0,223.0,223.0,217.0,217.0,217.0,649.0,649.0,649.0,66.0,66.0,66.0,223.0,223.0,223.0
1.0,2478.0,675.0,669.0,729.0,144.0,48.0,48.0,48.0,223.0,223.0,223.0,225.0,225.0,225.0,826.0,826.0,826.0,48.0,48.0,48.0,223.0,223.0,223.0
1.0,2532.0,627.0,669.0,198.0,573.0,191.0,191.0,191.0,223.0,223.0,223.0,209.0,209.0,209.0,844.0,844.0,844.0,191.0,191.0,191.0,223.0,223.0,223.0
1.0,2103.0,699.0,669.0,144.0,1128.0,376.0,376.0,376.0,223.0,223.0,223.0,233.0,233.0,233.0,701.0,701.0,701.0,376.0,376.0,376.0,223.0,223.0,223.0
1.0,1548.0,654.0,669.0,573.0,1209.0,403.0,403.0,403.0,223.0,223.0,223.0,218.0,218.0,218.0,516.0,516.0,516.0,403.0,403.0,403.0,223.0,223.0,223.0
1.0,1467.0,687.0,669.0,1128.0,768.0,256.0,256.0,256.0,223.0,223.0,223.0,229.0,229.0,229.0,489.0,489.0,489.0,256.0,256.0,256.0,223.0,223.0,223.0
1.0,1908.0,666.0,669.0,1209.0,225.0,75.0,75.0,75.0,223.0,223.0,223.0,222.0,222.0,222.0,636.0,636.0,636.0,75.0,75.0,75.0,223.0,223.0,223.0
1.0,2451.0,708.0,669.0,768.0,165.0,55.0,55.0,55.0,223.0,223.0,223.0,236.0,236.0,236.0,817.0,817.0,817.0,55.0,55.0,55.0,223.0,223.0,223.0
1.0,2511.0,675.0,672.0,225.0,627.0,209.0,209.0,209.0,224.0,224.0,224.0,225.0,225.0,225.0,837.0,837.0,837.0,209.0,209.0,209.0,224.0,224.0,224.0
1.0,2061.0,723.0,672.0,165.0,1185.0,395.0,395.0,395.0,224.0,224.0,224.0,241.0,241.0,241.0,687.0,687.0,687.0,395.0,395.0,395.0,224.0,224.0,224.0
1.0,1503.0,699.0,675.0,627.0,1269.0,423.0,423.0,423.0,225.0,225.0,225.0,233.0,233.0,233.0,501.0,501.0,501.0,423.0,423.0,423.0,225.0,225.0,225.0
1.0,1431.0,666.0,675.0,1185.0,750.0,250.0,250.0,250.0,225.0,225.0,225.0,222.0,222.0,222.0,477.0,477.0,477.0,250.0,250.0,250.0,225.0,225.0,225.0
1.0,1950.0,732.0,675.0,1269.0,213.0,71.0,71.0,71.0,225.0,225.0,225.0,244.0,244.0,244.0,650.0,650.0,650.0,71.0,71.0,71.0,225.0,225.0,225.0
1.0,2487.0,690.0,675.0,750.0,153.0,51.0,51.0,51.0,225.0,225.0,225.0,230.0,230.0,230.0,829.0,829.0,829.0,51.0,51.0,51.0,225.0,225.0,225.0
1.0,2547.0,741.0,678.0,213.0,693.0,231.0,231.0,231.0,226.0,226.0,226.0,247.0,247.0,247.0,849.0,849.0,849.0,231.0,231.0,231.0,226.0,226.0,226.0
1.0,2019.0,675.0,678.0,153.0,1215.0,405.0,405.0,405.0,226.0,226.0,226.0,225.0,225.0,225.0,673.0,673.0,673.0,405.0,405.0,405.0,226.0,226.0,226.0
1.0,1497.0,672.0,678.0,693.0,1194.0,398.0,398.0,398.0,226.0,226.0,226.0,224.0,224.0,224.0,499.0,499.0,499.0,398.0,398.0,398.0,226.0,226.0,226.0
1.0,1518.0,693.0,681.0,1215.0,684.0,228.0,228.0,228.0,227.0,227.0,227.0,231.0,231.0,231.0,506.0,506.0,506.0,228.0,228.0,228.0,227.0,227.0,227.0
1.0,2040.0,681.0,681.0,1194.0,171.0,57.0,57.0,57.0,227.0,227.0,227.0,227.0,227.0,227.0,680.0,680.0,680.0,57.0,57.0,57.0,227.0,227.0,227.0
1.0,2553.0,627.0,681.0,684.0,114.0,38.0,38.0,38.0,227.0,227.0,227.0,209.0,209.0,209.0,851.0,851.0,851.0,38.0,38.0,38.0,227.0,227.0,227.0
1.0,2610.0,693.0,681.0,171.0,636.0,212.0,212.0,212.0,227.0,227.0,227.0,231.0,231.0,231.0,870.0,870.0,870.0,212.0,212.0,212.0,227.0,227.0,227.0
1.0,2088.0,672.0,681.0,114.0,1194.0,398.0,398.0,398.0,227.0,227.0,227.0,224.0,224.0,224.0,696.0,696.0,696.0,398.0,398.0,398.0,227.0,227.0,227.0
1.0,1530.0,636.0,681.0,636.0,1194.0,398.0,398.0,398.0,227.0,227.0,227.0,212.0,212.0,212.0,510.0,510.0,510.0,398.0,398.0,398.0,227.0,227.0,227.0
1.0,1530.0,705.0,681.0,1194.0,705.0,235.0,235.0,235.0,227.0,227.0,227.0,235.0,235.0,235.0,510.0,510.0,510.0,235.0,235.0,235.0,227.0,227.0,227.0
1.0,2019.0,678.0,681.0,1194.0,189.0,63.0,63.0,63.0,227.0,227.0,227.0,226.0,226.0,226.0,673.0,673.0,673.0,63.0,63.0,63.0,227.0,227.0,227.0
1.0,2535.0,678.0,681.0,705.0,162.0,54.0,54.0,54.0,227.0,227.0,227.0,226.0,226.0,226.0,845.0,845.0,845.0,54.0,54.0,54.0,227.0,227.0,227.0
1.0,2562.0,708.0,684.0,189.0,693.0,231.0,231.0,231.0,228.0,228.0,228.0,236.0,236.0,236.0,854.0,854.0,854.0,231.0,231.0,231.0,228.0,228.0,228.0
1.0,2043.0,708.0,684.0,162.0,1239.0,413.0,413.0,413.0,228.0,228.0,228.0,236.0,236.0,236.0,681.0,681.0,681.0,413.0,413.0,413.0,228.0,228.0,228.0
1.0,1497.0,642.0,684.0,693.0,1188.0,396.0,396.0,396.0,228.0,228.0,228.0,214.0,214.0,214.0,499.0,499.0,499.0,396.0,396.0,396.0,228.0,228.0,228.0
1.0,1548.0,756.0,684.0,1239.0,705.0,235.0,235.0,235.0,228.0,228.0,228.0,252.0,252.0,252.0,516.0,516.0,516.0,235.0,235.0,235.0,228.0,228.0,228.0
1.0,2031.0,648.0,684.0,1188.0,165.0,55.0,55.0,55.0,228.0,228.0,228.0,216.0,216.0,216.0,677.0,677.0,677.0,55.0,55.0,55.0,228.0,228.0,228.0
1.0,2571.0,714.0,684.0,705.0,174.0,58.0,58.0,58.0,228.0,228.0,228.0,238.0,238.0,238.0,857.0,857.0,857.0,58.0,58.0,58.0,228.0,228.0,228.0
1.0,2562.0,663.0,684.0,165.0,672.0,224.0,224.0,224.0,228.0,228.0,228.0,221.0,221.0,221.0,854.0,854.0,854.0,224.0,224.0,224.0,228.0,228.0,228.0
1.0,2064.0,723.0,684.0,174.0,1221.0,407.0,407.0,407.0,228.0,228.0,228.0,241.0,241.0,241.0,688.0,688.0,688.0,407.0,407.0,407.0,228.0,228.0,228.0
1.0,1515.0,684.0,684.0,672.0,1233.0,411.0,411.0,411.0,228.0,228.0,228.0,228.0,228.0,228.0,505.0,505.0,505.0,411.0,411.0,411.0,228.0,228.0,228.0
1.0,1503.0,765.0,684.0,1221.0,777.0,259.0,259.0,259.0,228.0,228.0,228.0,255.0,255.0,255.0,501.0,501.0,501.0,259.0,259.0,259.0,228.0,228.0,228.0
1.0,1959.0,696.0,687.0,1233.0,252.0,84.0,84.0,84.0,229.0,229.0,229.0,232.0,232.0,232.0,653.0,653.0,653.0,84.0,84.0,84.0,229.0,229.0,229.0
1.0,2496.0,783.0,690.0,777.0,270.0,90.0,90.0,90.0,230.0,230.0,230.0,261.0,261.0,261.0,832.0,832.0,832.0,90.0,90.0,90.0,230.0,230.0,230.0
1.0,2490.0,717.0,690.0,252.0,735.0,245.0,245.0,245.0,230.0,230.0,230.0,239.0,239.0,239.0,830.0,830.0,830.0,245.0,245.0,245.0,230.0,230.0,230.0
1.0,2025.0,687.0,690.0,270.0,1152.0,384.0,384.0,384.0,230.0,230.0,230.0,229.0,229.0,229.0,675.0,675.0,675.0,384.0,384.0,384.0,230.0,230.0,230.0
1.0,1608.0,726.0,690.0,735.0,1143.0,381.0,381.0,381.0,230.0,230.0,230.0,242.0,242.0,242.0,536.0,536.0,536.0,381.0,381.0,381.0,230.0,230.0,230.0
1.0,1617.0,711.0,693.0,1152.0,714.0,238.0,238.0,238.0,231.0,231.0,231.0,237.0,237.0,237.0,539.0,539.0,539.0,238.0,238.0,238.0,231.0,231.0,231.0
1.0,2058.0,738.0,693.0,1143.0,309.0,103.0,103.0,103.0,231.0,231.0,231.0,246.0,246.0,246.0,686.0,686.0,686.0,103.0,103.0,103.0,231.0,231.0,231.0
1.0,2463.0,753.0,693.0,714.0,348.0,116.0,116.0,116.0,231.0,231.0,231.0,251.0,251.0,251.0,821.0,821.0,821.0,116.0,116.0,116.0,231.0,231.0,231.0
1.0,2424.0,738.0,693.0,309.0,777.0,259.0,259.0,259.0,231.0,231.0,231.0,246.0,246.0,246.0,808.0,808.0,808.0,259.0,259.0,259.0,231.0,231.0,231.0
1.0,1995.0,744.0,696.0,348.0,1185.0,395.0,395.0,395.0,232.0,232.0,232.0,248.0,248.0,248.0,665.0,665.0,665.0,395.0,395.0,395.0,232.0,232.0,232.0
1.0,1599.0,726.0,696.0,777.0,1134.0,378.0,378.0,378.0,232.0,232.0,232.0,242.0,242.0,242.0,533.0,533.0,533.0,378.0,378.0,378.0,232.0,232.0,232.0
1.0,1650.0,696.0,696.0,1185.0,645.0,215.0,215.0,215.0,232.0,232.0,232.0,232.0,232.0,232.0,550.0,550.0,550.0,215.0,215.0,215.0,232.0,232.0,232.0
1.0,2139.0,783.0,699.0,1134.0,306.0,102.0,102.0,102.0,233.0,233.0,233.0,261.0,261.0,261.0,713.0,713.0,713.0,102.0,102.0,102.0,233.0,233.0,233.0
1.0,2490.0,756.0,699.0,645.0,417.0,139.0,139.0,139.0,233.0,233.0,233.0,252.0,252.0,252.0,830.0,830.0,830.0,139.0,139.0,139.0,233.0,233.0,233.0
1.0,2379.0,732.0,699.0,306.0,843.0,281.0,281.0,281.0,233.0,233.0,233.0,244.0,244.0,244.0,793.0,793.0,793.0,281.0,281.0,281.0,233.0,233.0,233.0
1.0,1953.0,801.0,702.0,417.0,1239.0,413.0,413.0,413.0,234.0,234.0,234.0,267.0,267.0,267.0,651.0,651.0,651.0,413.0,413.0,413.0,234.0,234.0,234.0
1.0,1569.0,693.0,702.0,843.0,1089.0,363.0,363.0,363.0,234.0,234.0,234.0,231.0,231.0,231.0,523.0,523.0,523.0,363.0,363.0,363.0,234.0,234.0,234.0
1.0,1719.0,741.0,705.0,1239.0,603.0,201.0,201.0,201.0,235.0,235.0,235.0,247.0,247.0,247.0,573.0,573.0,573.0,201.0,201.0,201.0,235.0,235.0,235.0
1.0,2217.0,693.0,705.0,1089.0,207.0,69.0,69.0,69.0,235.0,235.0,235.0,231.0,231.0,231.0,739.0,739.0,739.0,69.0,69.0,69.0,235.0,235.0,235.0
1.0,2613.0,711.0,705.0,603.0,315.0,105.0,105.0,105.0,235.0,235.0,235.0,237.0,237.0,237.0,871.0,871.0,871.0,105.0,105.0,105.0,235.0,235.0,235.0
1.0,2505.0,753.0,708.0,207.0,873.0,291.0,291.0,291.0,236.0,236.0,236.0,251.0,251.0,251.0,835.0,835.0,835.0,291.0,291.0,291.0,236.0,236.0,236.0
1.0,1959.0,723.0,708.0,315.0,1281.0,427.0,427.0,427.0,236.0,236.0,236.0,241.0,241.0,241.0,653.0,653.0,653.0,427.0,427.0,427.0,236.0,236.0,236.0
1.0,1551.0,768.0,711.0,873.0,1188.0,396.0,396.0,396.0,237.0,237.0,237.0,256.0,256.0,256.0,517.0,517.0,517.0,396.0,396.0,396.0,237.0,237.0,237.0
1.0,1656.0,723.0,711.0,1281.0,630.0,210.0,210.0,210.0,237.0,237.0,237.0,241.0,241.0,241.0,552.0,552.0,552.0,210.0,210.0,210.0,237.0,237.0,237.0
1.0,2214.0,696.0,711.0,1188.0,138.0,46.0,46.0,46.0,237.0,237.0,237.0,232.0,232.0,232.0,738.0,738.0,738.0,46.0,46.0,46.0,237.0,237.0,237.0
1.0,2706.0,708.0,711.0,630.0,216.0,72.0,72.0,72.0,237.0,237.0,237.0,236.0,236.0,236.0,902.0,902.0,902.0,72.0,72.0,72.0,237.0,237.0,237.0
1.0,2628.0,705.0,711.0,138.0,783.0,261.0,261.0,261.0,237.0,237.0,237.0,235.0,235.0,235.0,876.0,876.0,876.0,261.0,261.0,261.0,237.0,237.0,237.0
1.0,2061.0,756.0,711.0,216.0,1323.0,441.0,441.0,441.0,237.0,237.0,237.0,252.0,252.0,252.0,687.0,687.0,687.0,441.0,441.0,441.0,237.0,237.0,237.0
1.0,1521.0,759.0,714.0,783.0,1311.0,437.0,437.0,437.0,238.0,238.0,238.0,253.0,253.0,253.0,507.0,507.0,507.0,437.0,437.0,437.0,238.0,238.0,238.0
1.0,1545.0,735.0,714.0,1323.0,723.0,241.0,241.0,241.0,238.0,238.0,238.0,245.0,245.0,245.0,515.0,515.0,515.0,241.0,241.0,241.0,238.0,238.0,238.0
1.0,2133.0,753.0,714.0,1311.0,165.0,55.0,55.0,55.0,238.0,238.0,238.0,251.0,251.0,251.0,711.0,711.0,711.0,55.0,55.0,55.0,238.0,238.0,238.0
1.0,2691.0,675.0,714.0,723.0,117.0,39.0,39.0,39.0,238.0,238.0,238.0,225.0,225.0,225.0,897.0,897.0,897.0,39.0,39.0,39.0,238.0,238.0,238.0
1.0,2739.0,750.0,714.0,165.0,702.0,234.0,234.0,234.0,238.0,238.0,238.0,250.0,250.0,250.0,913.0,913.0,913.0,234.0,234.0,234.0,238.0,238.0,238.0
1.0,2154.0,675.0,714.0,117.0,1260.0,420.0,420.0,420.0,238.0,238.0,238.0,225.0,225.0,225.0,718.0,718.0,718.0,420.0,420.0,420.0,238.0,238.0,238.0
1.0,1596.0,681.0,714.0,702.0,1239.0,413.0,413.0,413.0,238.0,238.0,238.0,227.0,227.0,227.0,532.0,532.0,532.0,413.0,413.0,413.0,238.0,238.0,238.0
1.0,1617.0,705.0,717.0,1260.0,696.0,232.0,232.0,232.0,239.0,239.0,239.0,235.0,235.0,235.0,539.0,539.0,539.0,232.0,232.0,232.0,239.0,239.0,239.0
1.0,2172.0,678.0,717.0,1239.0,135.0,45.0,45.0,45.0,239.0,239.0,239.0,226.0,226.0,226.0,724.0,724.0,724.0,45.0,45.0,45.0,239.0,239.0,239.0
1.0,2733.0,681.0,717.0,696.0,120.0,40.0,40.0,40.0,239.0,239.0,239.0,227.0,227.0,227.0,911.0,911.0,911.0,40.0,40.0,40.0,239.0,239.0,239.0
1.0,2748.0,705.0,717.0,135.0,690.0,230.0,230.0,230.0,239.0,239.0,239.0,235.0,235.0,235.0,916.0,916.0,916.0,230.0,230.0,230.0,239.0,239.0,239.0
1.0,2178.0,720.0,717.0,120.0,1290.0,430.0,430.0,430.0,239.0,239.0,239.0,240.0,240.0,240.0,726.0,726.0,726.0,430.0,430.0,430.0,239.0,239.0,239.0
1.0,1578.0,708.0,720.0,690.0,1320.0,440.0,440.0,440.0,240.0,240.0,240.0,236.0,236.0,236.0,526.0,526.0,526.0,440.0,440.0,440.0,240.0,240.0,240.0
1.0,1560.0,672.0,720.0,1290.0,702.0,234.0,234.0,234.0,240.0,240.0,240.0,224.0,224.0,224.0,520.0,520.0,520.0,234.0,234.0,234.0,240.0,240.0,240.0
1.0,2178.0,699.0,717.0,1320.0,69.0,23.0,23.0,23.0,239.0,239.0,239.0,233.0,233.0,233.0,726.0,726.0,726.0,23.0,23.0,23.0,239.0,239.0,239.0
1.0,2799.0,705.0,717.0,702.0,72.0,24.0,24.0,24.0,239.0,239.0,239.0,235.0,235.0,235.0,933.0,933.0,933.0,24.0,24.0,24.0,239.0,239.0,239.0
1.0,2796.0,693.0,720.0,69.0,708.0,236.0,236.0,236.0,240.0,240.0,240.0,231.0,231.0,231.0,932.0,932.0,932.0,236.0,236.0,236.0,240.0,240.0,240.0
1.0,2172.0,711.0,717.0,72.0,1335.0,445.0,445.0,445.0,239.0,239.0,239.0,237.0,237.0,237.0,724.0,724.0,724.0,445.0,445.0,445.0,239.0,239.0,239.0
1.0,1533.0,747.0,720.0,708.0,1386.0,462.0,462.0,462.0,240.0,240.0,240.0,249.0,249.0,249.0,511.0,511.0,511.0,462.0,462.0,462.0,240.0,240.0,240.0
1.0,1494.0,726.0,720.0,1335.0,777.0,259.0,259.0,259.0,240.0,240.0,240.0,242.0,242.0,242.0,498.0,498.0,498.0,259.0,259.0,259.0,240.0,240.0,240.0
1.0,2103.0,747.0,723.0,1386.0,150.0,50.0,50.0,50.0,241.0,241.0,241.0,249.0,249.0,249.0,701.0,701.0,701.0,50.0,50.0,50.0,241.0,241.0,241.0
1.0,2742.0,747.0,723.0,777.0,120.0,40.0,40.0,40.0,241.0,241.0,241.0,249.0,249.0,249.0,914.0,914.0,914.0,40.0,40.0,40.0,241.0,241.0,241.0
1.0,2772.0,696.0,723.0,150.0,666.0,222.0,222.0,222.0,241.0,241.0,241.0,232.0,232.0,232.0,924.0,924.0,924.0,222.0,222.0,222.0,241.0,241.0,241.0
1.0,2226.0,744.0,723.0,120.0,1290.0,430.0,430.0,430.0,241.0,241.0,241.0,248.0,248.0,248.0,742.0,742.0,742.0,430.0,430.0,430.0,241.0,241.0,241.0
1.0,1602.0,783.0,723.0,666.0,1407.0,469.0,469.0,469.0,241.0,241.0,241.0,261.0,261.0,261.0,534.0,534.0,534.0,469.0,469.0,469.0,241.0,241.0,241.0
1.0,1485.0,771.0,723.0,1290.0,888.0,296.0,296.0,296.0,241.0,241.0,241.0,257.0,257.0,257.0,495.0,495.0,495.0,296.0,296.0,296.0,241.0,241.0,241.0
1.0,2004.0,762.0,726.0,1407.0,255.0,85.0,85.0,85.0,242.0,242.0,242.0,254.0,254.0,254.0,668.0,668.0,668.0,85.0,85.0,85.0,242.0,242.0,242.0
1.0,2649.0,765.0,726.0,888.0,132.0,44.0,44.0,44.0,242.0,242.0,242.0,255.0,255.0,255.0,883.0,883.0,883.0,44.0,44.0,44.0,242.0,242.0,242.0
1.0,2772.0,807.0,729.0,255.0,696.0,232.0,232.0,232.0,243.0,243.0,243.0,269.0,269.0,269.0,924.0,924.0,924.0,232.0,232.0,232.0,243.0,243.0,243.0
1.0,2220.0,777.0,729.0,132.0,1341.0,447.0,447.0,447.0,243.0,243.0,243.0,259.0,259.0,259.0,740.0,740.0,740.0,447.0,447.0,447.0,243.0,243.0,243.0
1.0,1575.0,732.0,729.0,696.0,1377.0,459.0,459.0,459.0,243.0,243.0,243.0,244.0,244.0,244.0,525.0,525.0,525.0,459.0,459.0,459.0,243.0,243.0,243.0
1.0,1539.0,726.0,729.0,1341.0,762.0,254.0,254.0,254.0,243.0,243.0,243.0,242.0,242.0,242.0,513.0,513.0,513.0,254.0,254.0,254.0,243.0,243.0,243.0
1.0,2154.0,789.0,729.0,1377.0,174.0,58.0,58.0,58.0,243.0,243.0,243.0,263.0,263.0,263.0,718.0,718.0,718.0,58.0,58.0,58.0,243.0,243.0,243.0
1.0,2742.0,726.0,729.0,762.0,138.0,46.0,46.0,46.0,243.0,243.0,243.0,242.0,242.0,242.0,914.0,914.0,914.0,46.0,46.0,46.0,243.0,243.0,243.0
1.0,2778.0,750.0,729.0,174.0,714.0,238.0,238.0,238.0,243.0,243.0,243.0,250.0,250.0,250.0,926.0,926.0,926.0,238.0,238.0,238.0,243.0,243.0,243.0
1.0,2202.0,816.0,732.0,138.0,1404.0,468.0,468.0,468.0,244.0,244.0,244.0,272.0,272.0,272.0,734.0,734.0,734.0,468.0,468.0,468.0,244.0,244.0,244.0
1.0,1524.0,714.0,732.0,714.0,1404.0,468.0,468.0,468.0,244.0,244.0,244.0,238.0,238.0,238.0,508.0,508.0,508.0,468.0,468.0,468.0,244.0,244.0,244.0
1.0,1524.0,717.0,729.0,1404.0,705.0,235.0,235.0,235.0,243.0,243.0,243.0,239.0,239.0,239.0,508.0,508.0,508.0,235.0,235.0,235.0,243.0,243.0,243.0
1.0,2211.0,708.0,729.0,1404.0,9.0,3.0,3.0,3.0,243.0,243.0,243.0,236.0,236.0,236.0,737.0,737.0,737.0,3.0,3.0,3.0,243.0,243.0,243.0
1.0,2907.0,816.0,729.0,705.0,120.0,40.0,40.0,40.0,243.0,243.0,243.0,272.0,272.0,272.0,969.0,969.0,969.0,40.0,40.0,40.0,243.0,243.0,243.0
1.0,2796.0,759.0,732.0,9.0,882.0,294.0,294.0,294.0,244.0,244.0,244.0,253.0,253.0,253.0,932.0,932.0,932.0,294.0,294.0,294.0,244.0,244.0,244.0
1.0,2046.0,771.0,732.0,120.0,1533.0,511.0,511.0,511.0,244.0,244.0,244.0,257.0,257.0,257.0,682.0,682.0,682.0,511.0,511.0,511.0,244.0,244.0,244.0
1.0,1395.0,768.0,732.0,882.0,1419.0,473.0,473.0,473.0,244.0,244.0,244.0,256.0,256.0,256.0,465.0,465.0,465.0,473.0,473.0,473.0,244.0,244.0,244.0
1.0,1509.0,753.0,735.0,1533.0,651.0,217.0,217.0,217.0,245.0,245.0,245.0,251.0,251.0,251.0,503.0,503.0,503.0,217.0,217.0,217.0,245.0,245.0,245.0
1.0,2289.0,765.0,735.0,1419.0,0.0,0.0,0.0,0.0,245.0,245.0,245.0,255.0,255.0,255.0,763.0,763.0,763.0,0.0,0.0,0.0,245.0,245.0,245.0
1.0,2943.0,777.0,735.0,651.0,123.0,41.0,41.0,41.0,245.0,245.0,245.0,259.0,259.0,259.0,981.0,981.0,981.0,41.0,41.0,41.0,245.0,245.0,245.0
1.0,2817.0,759.0,735.0,0.0,882.0,294.0,294.0,294.0,245.0,245.0,245.0,253.0,253.0,253.0,939.0,939.0,939.0,294.0,294.0,294.0,245.0,245.0,245.0
1.0,2058.0,756.0,735.0,123.0,1515.0,505.0,505.0,505.0,245.0,245.0,245.0,252.0,252.0,252.0,686.0,686.0,686.0,505.0,505.0,505.0,245.0,245.0,245.0
1.0,1425.0,708.0,735.0,882.0,1341.0,447.0,447.0,447.0,245.0,245.0,245.0,236.0,236.0,236.0,475.0,475.0,475.0,447.0,447.0,447.0,245.0,245.0,245.0
1.0,1599.0,735.0,735.0,1515.0,561.0,187.0,187.0,187.0,245.0,245.0,245.0,245.0,245.0,245.0,533.0,533.0,533.0,187.0,187.0,187.0,245.0,245.0,245.0
1.0,2379.0,717.0,735.0,1341.0,0.0,0.0,0.0,0.0,245.0,245.0,245.0,239.0,239.0,239.0,793.0,793.0,793.0,0.0,0.0,0.0,245.0,245.0,245.0
1.0,3003.0,750.0,735.0,561.0,126.0,42.0,42.0,42.0,245.0,245.0,245.0,250.0,250.0,250.0,1001.0,1001.0,1001.0,42.0,42.0,42.0,245.0,245.0,245.0
1.0,2814.0,720.0,735.0,0.0,846.0,282.0,282.0,282.0,245.0,245.0,245.0,240.0,240.0,240.0,938.0,938.0,938.0,282.0,282.0,282.0,245.0,245.0,245.0
1.0,2094.0,798.0,738.0,126.0,1530.0,510.0,510.0,510.0,246.0,246.0,246.0,266.0,266.0,266.0,698.0,698.0,698.0,510.0,510.0,510.0,246.0,246.0,246.0
1.0,1422.0,774.0,738.0,846.0,1458.0,486.0,486.0,486.0,246.0,246.0,246.0,258.0,258.0,258.0,474.0,474.0,474.0,486.0,486.0,486.0,246.0,246.0,246.0
1.0,1494.0,726.0,738.0,1530.0,654.0,218.0,218.0,218.0,246.0,246.0,246.0,242.0,242.0,242.0,498.0,498.0,498.0,218.0,218.0,218.0,246.0,246.0,246.0
1.0,2298.0,729.0,738.0,1458.0,0.0,0.0,0.0,0.0,246.0,246.0,246.0,243.0,243.0,243.0,766.0,766.0,766.0,0.0,0.0,0.0,246.0,246.0,246.0
1.0,3027.0,753.0,738.0,654.0,24.0,8.0,8.0,8.0,246.0,246.0,246.0,251.0,251.0,251.0,1009.0,1009.0,1009.0,8.0,8.0,8.0,246.0,246.0,246.0
1.0,2928.0,753.0,741.0,0.0,789.0,263.0,263.0,263.0,247.0,247.0,247.0,251.0,251.0,251.0,976.0,976.0,976.0,263.0,263.0,263.0,247.0,247.0,247.0
1.0,2175.0,750.0,741.0,24.0,1515.0,505.0,505.0,505.0,247.0,247.0,247.0,250.0,250.0,250.0,725.0,725.0,725.0,505.0,505.0,505.0,247.0,247.0,247.0
1.0,1449.0,747.0,744.0,789.0,1485.0,495.0,495.0,495.0,248.0,248.0,248.0,249.0,249.0,249.0,483.0,483.0,483.0,495.0,495.0,495.0,248.0,248.0,248.0
1.0,1491.0,750.0,744.0,1515.0,720.0,240.0,240.0,240.0,248.0,248.0,248.0,250.0,250.0,250.0,497.0,497.0,497.0,240.0,240.0,240.0,248.0,248.0,248.0
1.0,2256.0,774.0,744.0,1485.0,9.0,3.0,3.0,3.0,248.0,248.0,248.0,258.0,258.0,258.0,752.0,752.0,752.0,3.0,3.0,3.0,248.0,248.0,248.0
1.0,2967.0,777.0,747.0,720.0,78.0,26.0,26.0,26.0,249.0,249.0,249.0,259.0,259.0,259.0,989.0,989.0,989.0,26.0,26.0,26.0,249.0,249.0,249.0
1.0,2910.0,735.0,747.0,9.0,804.0,268.0,268.0,268.0,249.0,249.0,249.0,245.0,245.0,245.0,970.0,970.0,970.0,268.0,268.0,268.0,249.0,249.0,249.0
1.0,2184.0,774.0,750.0,78.0,1512.0,504.0,504.0,504.0,250.0,250.0,250.0,258.0,258.0,258.0,728.0,728.0,728.0,504.0,504.0,504.0,250.0,250.0,250.0
1.0,1488.0,738.0,750.0,804.0,1446.0,482.0,482.0,482.0,250.0,250.0,250.0,246.0,246.0,246.0,496.0,496.0,496.0,482.0,482.0,482.0,250.0,250.0,250.0
1.0,1554.0,747.0,750.0,1512.0,681.0,227.0,227.0,227.0,250.0,250.0,250.0,249.0,249.0,249.0,518.0,518.0,518.0,227.0,227.0,227.0,250.0,250.0,250.0
1.0,2319.0,729.0,750.0,1446.0,0.0,0.0,0.0,0.0,250.0,250.0,250.0,243.0,243.0,243.0,773.0,773.0,773.0,0.0,0.0,0.0,250.0,250.0,250.0
1.0,3036.0,783.0,753.0,681.0,78.0,26.0,26.0,26.0,251.0,251.0,251.0,261.0,261.0,261.0,1012.0,1012.0,1012.0,26.0,26.0,26.0,251.0,251.0,251.0
1.0,2934.0,762.0,753.0,0.0,840.0,280.0,280.0,280.0,251.0,251.0,251.0,254.0,254.0,254.0,978.0,978.0,978.0,280.0,280.0,280.0,251.0,251.0,251.0
1.0,2172.0,771.0,753.0,78.0,1533.0,511.0,511.0,511.0,251.0,251.0,251.0,257.0,257.0,257.0,724.0,724.0,724.0,511.0,511.0,511.0,251.0,251.0,251.0
1.0,1479.0,798.0,756.0,840.0,1503.0,501.0,501.0,501.0,252.0,252.0,252.0,266.0,266.0,266.0,493.0,493.0,493.0,501.0,501.0,501.0,252.0,252.0,252.0
1.0,1521.0,750.0,756.0,1533.0,720.0,240.0,240.0,240.0,252.0,252.0,252.0,250.0,250.0,250.0,507.0,507.0,507.0,240.0,240.0,240.0,252.0,252.0,252.0
1.0,2304.0,783.0,756.0,1503.0,0.0,0.0,0.0,0.0,252.0,252.0,252.0,261.0,261.0,261.0,768.0,768.0,768.0,0.0,0.0,0.0,252.0,252.0,252.0
1.0,3024.0,732.0,756.0,720.0,12.0,4.0,4.0,4.0,252.0,252.0,252.0,244.0,244.0,244.0,1008.0,1008.0,1008.0,4.0,4.0,4.0,252.0,252.0,252.0
1.0,3012.0,810.0,756.0,0.0,822.0,274.0,274.0,274.0,252.0,252.0,252.0,270.0,270.0,270.0,1004.0,1004.0,1004.0,274.0,274.0,274.0,252.0,252.0,252.0
1.0,2202.0,747.0,756.0,12.0,1557.0,519.0,519.0,519.0,252.0,252.0,252.0,249.0,249.0,249.0,734.0,734.0,734.0,519.0,519.0,519.0,252.0,252.0,252.0
1.0,1467.0,750.0,756.0,822.0,1485.0,495.0,495.0,495.0,252.0,252.0,252.0,250.0,250.0,250.0,489.0,489.0,489.0,495.0,495.0,495.0,252.0,252.0,252.0
1.0,1539.0,774.0,756.0,1557.0,702.0,234.0,234.0,234.0,252.0,252.0,252.0,258.0,258.0,258.0,513.0,513.0,513.0,234.0,234.0,234.0,252.0,252.0,252.0
1.0,2322.0,774.0,756.0,1485.0,0.0,0.0,0.0,0.0,252.0,252.0,252.0,258.0,258.0,258.0,774.0,774.0,774.0,0.0,0.0,0.0,252.0,252.0,252.0
1.0,3033.0,726.0,756.0,702.0,15.0,5.0,5.0,5.0,252.0,252.0,252.0,242.0,242.0,242.0,1011.0,1011.0,1011.0,5.0,5.0,5.0,252.0,252.0,252.0
1.0,3009.0,807.0,756.0,0.0,822.0,274.0,274.0,274.0,252.0,252.0,252.0,269.0,269.0,269.0,1003.0,1003.0,1003.0,274.0,274.0,274.0,252.0,252.0,252.0
1.0,2202.0,756.0,756.0,15.0,1563.0,521.0,521.0,521.0,252.0,252.0,252.0,252.0,252.0,252.0,734.0,734.0,734.0,521.0,521.0,521.0,252.0,252.0,252.0
1.0,1461.0,807.0,756.0,822.0,1548.0,516.0,516.0,516.0,252.0,252.0,252.0,269.0,269.0,269.0,487.0,487.0,487.0,516.0,516.0,516.0,252.0,252.0,252.0
1.0,1476.0,798.0,759.0,1563.0,795.0,265.0,265.0,265.0,253.0,253.0,253.0,266.0,266.0,266.0,492.0,492.0,492.0,265.0,265.0,265.0,253.0,253.0,253.0
1.0,2241.0,786.0,759.0,1548.0,33.0,11.0,11.0,11.0,253.0,253.0,253.0,262.0,262.0,262.0,747.0,747.0,747.0,11.0,11.0,11.0,253.0,253.0,253.0
1.0,3003.0,813.0,759.0,795.0,51.0,17.0,17.0,17.0,253.0,253.0,253.0,271.0,271.0,271.0,1001.0,1001.0,1001.0,17.0,17.0,17.0,253.0,253.0,253.0
1.0,2985.0,783.0,759.0,33.0,801.0,267.0,267.0,267.0,253.0,253.0,253.0,261.0,261.0,261.0,995.0,995.0,995.0,267.0,267.0,267.0,253.0,253.0,253.0
1.0,2235.0,777.0,762.0,51.0,1539.0,513.0,513.0,513.0,254.0,254.0,254.0,259.0,259.0,259.0,745.0,745.0,745.0,513.0,513.0,513.0,254.0,254.0,254.0
1.0,1509.0,789.0,762.0,801.0,1527.0,509.0,509.0,509.0,254.0,254.0,254.0,263.0,263.0,263.0,503.0,503.0,503.0,509.0,509.0,509.0,254.0,254.0,254.0
1.0,1521.0,789.0,762.0,1539.0,777.0,259.0,259.0,259.0,254.0,254.0,254.0,263.0,263.0,263.0,507.0,507.0,507.0,259.0,259.0,259.0,254.0,254.0,254.0
1.0,2271.0,747.0,762.0,1527.0,0.0,0.0,0.0,0.0,254.0,254.0,254.0,249.0,249.0,249.0,757.0,757.0,757.0,0.0,0.0,0.0,254.0,254.0,254.0
1.0,3051.0,831.0,765.0,777.0,63.0,21.0,21.0,21.0,255.0,255.0,255.0,277.0,277.0,277.0,1017.0,1017.0,1017.0,21.0,21.0,21.0,255.0,255.0,255.0
1.0,2997.0,801.0,765.0,0.0,864.0,288.0,288.0,288.0,255.0,255.0,255.0,267.0,267.0,267.0,999.0,999.0,999.0,288.0,288.0,288.0,255.0,255.0,255.0
1.0,2196.0,795.0,765.0,63.0,1596.0,532.0,532.0,532.0,255.0,255.0,255.0,265.0,265.0,265.0,732.0,732.0,732.0,532.0,532.0,532.0,255.0,255.0,255.0
1.0,1464.0,786.0,765.0,864.0,1518.0,506.0,506.0,506.0,255.0,255.0,255.0,262.0,262.0,262.0,488.0,488.0,488.0,506.0,506.0,506.0,255.0,255.0,255.0
1.0,1542.0,828.0,765.0,1596.0,750.0,250.0,250.0,250.0,255.0,255.0,255.0,276.0,276.0,276.0,514.0,514.0,514.0,250.0,250.0,250.0,255.0,255.0,255.0
1.0,2310.0,771.0,768.0,1518.0,15.0,5.0,5.0,5.0,256.0,256.0,256.0,257.0,257.0,257.0,770.0,770.0,770.0,5.0,5.0,5.0,256.0,256.0,256.0
1.0,3057.0,777.0,768.0,750.0,42.0,14.0,14.0,14.0,256.0,256.0,256.0,259.0,259.0,259.0,1019.0,1019.0,1019.0,14.0,14.0,14.0,256.0,256.0,256.0
1.0,3030.0,741.0,768.0,15.0,768.0,256.0,256.0,256.0,256.0,256.0,256.0,247.0,247.0,247.0,1010.0,1010.0,1010.0,256.0,256.0,256.0,256.0,256.0,256.0
1.0,2304.0,798.0,768.0,42.0,1524.0,508.0,508.0,508.0,256.0,256.0,256.0,266.0,266.0,266.0,768.0,768.0,768.0,508.0,508.0,508.0,256.0,256.0,256.0
1.0,1548.0,777.0,771.0,768.0,1545.0,515.0,515.0,515.0,257.0,257.0,257.0,259.0,259.0,259.0,516.0,516.0,516.0,515.0,515.0,515.0,257.0,257.0,257.0
1.0,1539.0,768.0,771.0,1524.0,789.0,263.0,263.0,263.0,257.0,257.0,257.0,256.0,256.0,256.0,513.0,513.0,513.0,263.0,263.0,263.0,257.0,257.0,257.0
1.0,2295.0,789.0,771.0,1545.0,33.0,11.0,11.0,11.0,257.0,257.0,257.0,263.0,263.0,263.0,765.0,765.0,765.0,11.0,11.0,11.0,257.0,257.0,257.0
1.0,3051.0,792.0,771.0,789.0,36.0,12.0,12.0,12.0,257.0,257.0,257.0,264.0,264.0,264.0,1017.0,1017.0,1017.0,12.0,12.0,12.0,257.0,257.0,257.0
1.0,3048.0,768.0,771.0,33.0,771.0,257.0,257.0,257.0,257.0,257.0,257.0,256.0,256.0,256.0,1016.0,1016.0,1016.0,257.0,257.0,257.0,257.0,257.0,257.0
1.0,2313.0,792.0,774.0,36.0,1539.0,513.0,513.0,513.0,258.0,258.0,258.0,264.0,264.0,264.0,771.0,771.0,771.0,513.0,513.0,513.0,258.0,258.0,258.0
1.0,1557.0,783.0,774.0,771.0,1551.0,517.0,517.0,517.0,258.0,258.0,258.0,261.0,261.0,261.0,519.0,519.0,519.0,517.0,517.0,517.0,258.0,258.0,258.0
1.0,1545.0,768.0,774.0,1539.0,780.0,260.0,260.0,260.0,258.0,258.0,258.0,256.0,256.0,256.0,515.0,515.0,515.0,260.0,260.0,260.0,258.0,258.0,258.0
1.0,2316.0,789.0,774.0,1551.0,18.0,6.0,6.0,6.0,258.0,258.0,258.0,263.0,263.0,263.0,772.0,772.0,772.0,6.0,6.0,6.0,258.0,258.0,258.0
1.0,3078.0,765.0,774.0,780.0,3.0,1.0,1.0,1.0,258.0,258.0,258.0,255.0,255.0,255.0,1026.0,1026.0,1026.0,1.0,1.0,1.0,258.0,258.0,258.0
1.0,3093.0,750.0,774.0,18.0,735.0,245.0,245.0,245.0,258.0,258.0,258.0,250.0,250.0,250.0,1031.0,1031.0,1031.0,245.0,245.0,245.0,258.0,258.0,258.0
1.0,2361.0,774.0,777.0,3.0,1518.0,506.0,506.0,506.0,259.0,259.0,259.0,258.0,258.0,258.0,787.0,787.0,787.0,506.0,506.0,506.0,259.0,259.0,259.0
1.0,1590.0,783.0,777.0,735.0,1566.0,522.0,522.0,522.0,259.0,259.0,259.0,261.0,261.0,261.0,530.0,530.0,530.0,522.0,522.0,522.0,259.0,259.0,259.0
1.0,1542.0,774.0,777.0,1518.0,822.0,274.0,274.0,274.0,259.0,259.0,259.0,258.0,258.0,258.0,514.0,514.0,514.0,274.0,274.0,274.0,259.0,259.0,259.0
1.0,2286.0,816.0,777.0,1566.0,72.0,24.0,24.0,24.0,259.0,259.0,259.0,272.0,272.0,272.0,762.0,762.0,762.0,24.0,24.0,24.0,259.0,259.0,259.0
1.0,3036.0,753.0,777.0,822.0,3.0,1.0,1.0,1.0,259.0,259.0,259.0,251.0,251.0,251.0,1012.0,1012.0,1012.0,1.0,1.0,1.0,259.0,259.0,259.0
1.0,3105.0,762.0,777.0,72.0,693.0,231.0,231.0,231.0,259.0,259.0,259.0,254.0,254.0,254.0,1035.0,1035.0,1035.0,231.0,231.0,231.0,259.0,259.0,259.0
1.0,2415.0,792.0,777.0,3.0,1482.0,494.0,494.0,494.0,259.0,259.0,259.0,264.0,264.0,264.0,805.0,805.0,805.0,494.0,494.0,494.0,259.0,259.0,259.0
1.0,1626.0,810.0,780.0,693.0,1611.0,537.0,537.0,537.0,260.0,260.0,260.0,270.0,270.0,270.0,542.0,542.0,542.0,537.0,537.0,537.0,260.0,260.0,260.0
1.0,1509.0,810.0,780.0,1482.0,939.0,313.0,313.0,313.0,260.0,260.0,260.0,270.0,270.0,270.0,503.0,503.0,503.0,313.0,313.0,313.0,260.0,260.0,260.0
1.0,2181.0,780.0,780.0,1611.0,108.0,36.0,36.0,36.0,260.0,260.0,260.0,260.0,260.0,260.0,727.0,727.0,727.0,36.0,36.0,36.0,260.0,260.0,260.0
1.0,3012.0,840.0,783.0,939.0,21.0,7.0,7.0,7.0,261.0,261.0,261.0,280.0,280.0,280.0,1004.0,1004.0,1004.0,7.0,7.0,7.0,261.0,261.0,261.0
1.0,3111.0,759.0,780.0,108.0,660.0,220.0,220.0,220.0,260.0,260.0,260.0,253.0,253.0,253.0,1037.0,1037.0,1037.0,220.0,220.0,220.0,260.0,260.0,260.0
1.0,2460.0,777.0,783.0,21.0,1428.0,476.0,476.0,476.0,261.0,261.0,261.0,259.0,259.0,259.0,820.0,820.0,820.0,476.0,476.0,476.0,261.0,261.0,261.0
1.0,1704.0,780.0,783.0,660.0,1548.0,516.0,516.0,516.0,261.0,261.0,261.0,260.0,260.0,260.0,568.0,568.0,568.0,516.0,516.0,516.0,261.0,261.0,261.0
1.0,1584.0,834.0,783.0,1428.0,954.0,318.0,318.0,318.0,261.0,261.0,261.0,278.0,278.0,278.0,528.0,528.0,528.0,318.0,318.0,318.0,261.0,261.0,261.0
1.0,2178.0,855.0,783.0,1548.0,261.0,87.0,87.0,87.0,261.0,261.0,261.0,285.0,285.0,285.0,726.0,726.0,726.0,87.0,87.0,87.0,261.0,261.0,261.0
1.0,2871.0,792.0,786.0,954.0,111.0,37.0,37.0,37.0,262.0,262.0,262.0,264.0,264.0,264.0,957.0,957.0,957.0,37.0,37.0,37.0,262.0,262.0,262.0
1.0,3033.0,789.0,786.0,261.0,639.0,213.0,213.0,213.0,262.0,262.0,262.0,263.0,263.0,263.0,1011.0,1011.0,1011.0,213.0,213.0,213.0,262.0,262.0,262.0
1.0,2505.0,741.0,786.0,111.0,1269.0,423.0,423.0,423.0,262.0,262.0,262.0,247.0,247.0,247.0,835.0,835.0,835.0,423.0,423.0,423.0,262.0,262.0,262.0
1.0,1875.0,765.0,786.0,639.0,1395.0,465.0,465.0,465.0,262.0,262.0,262.0,255.0,255.0,255.0,625.0,625.0,625.0,465.0,465.0,465.0,262.0,262.0,262.0
1.0,1749.0,828.0,786.0,1269.0,954.0,318.0,318.0,318.0,262.0,262.0,262.0,276.0,276.0,276.0,583.0,583.0,583.0,318.0,318.0,318.0,262.0,262.0,262.0
1.0,2190.0,822.0,786.0,1395.0,381.0,127.0,127.0,127.0,262.0,262.0,262.0,274.0,274.0,274.0,730.0,730.0,730.0,127.0,127.0,127.0,262.0,262.0,262.0
1.0,2763.0,810.0,789.0,954.0,249.0,83.0,83.0,83.0,263.0,263.0,263.0,270.0,270.0,270.0,921.0,921.0,921.0,83.0,83.0,83.0,263.0,263.0,263.0
1.0,2907.0,807.0,789.0,381.0,675.0,225.0,225.0,225.0,263.0,263.0,263.0,269.0,269.0,269.0,969.0,969.0,969.0,225.0,225.0,225.0,263.0,263.0,263.0
1.0,2481.0,870.0,789.0,249.0,1296.0,432.0,432.0,432.0,263.0,263.0,263.0,290.0,290.0,290.0,827.0,827.0,827.0,432.0,432.0,432.0,263.0,263.0,263.0
1.0,1860.0,810.0,789.0,675.0,1431.0,477.0,477.0,477.0,263.0,263.0,263.0,270.0,270.0,270.0,620.0,620.0,620.0,477.0,477.0,477.0,263.0,263.0,263.0
1.0,1725.0,831.0,792.0,1296.0,978.0,326.0,326.0,326.0,264.0,264.0,264.0,277.0,277.0,277.0,575.0,575.0,575.0,326.0,326.0,326.0,264.0,264.0,264.0
1.0,2190.0,819.0,792.0,1431.0,366.0,122.0,122.0,122.0,264.0,264.0,264.0,273.0,273.0,273.0,730.0,730.0,730.0,122.0,122.0,122.0,264.0,264.0,264.0
1.0,2802.0,843.0,792.0,978.0,231.0,77.0,77.0,77.0,264.0,264.0,264.0,281.0,281.0,281.0,934.0,934.0,934.0,77.0,77.0,77.0,264.0,264.0,264.0
1.0,2937.0,837.0,795.0,366.0,714.0,238.0,238.0,238.0,265.0,265.0,265.0,279.0,279.0,279.0,979.0,979.0,979.0,238.0,238.0,238.0,265.0,265.0,265.0
1.0,2466.0,801.0,795.0,231.0,1284.0,428.0,428.0,428.0,265.0,265.0,265.0,267.0,267.0,267.0,822.0,822.0,822.0,428.0,428.0,428.0,265.0,265.0,265.0
1.0,1896.0,822.0,795.0,714.0,1392.0,464.0,464.0,464.0,265.0,265.0,265.0,274.0,274.0,274.0,632.0,632.0,632.0,464.0,464.0,464.0,265.0,265.0,265.0
1.0,1788.0,828.0,795.0,1284.0,936.0,312.0,312.0,312.0,265.0,265.0,265.0,276.0,276.0,276.0,596.0,596.0,596.0,312.0,312.0,312.0,265.0,265.0,265.0
1.0,2244.0,819.0,795.0,1392.0,363.0,121.0,121.0,121.0,265.0,265.0,265.0,273.0,273.0,273.0,748.0,748.0,748.0,121.0,121.0,121.0,265.0,265.0,265.0
1.0,2817.0,837.0,795.0,936.0,264.0,88.0,88.0,88.0,265.0,265.0,265.0,279.0,279.0,279.0,939.0,939.0,939.0,88.0,88.0,88.0,265.0,265.0,265.0
1.0,2916.0,813.0,798.0,363.0,726.0,242.0,242.0,242.0,266.0,266.0,266.0,271.0,271.0,271.0,972.0,972.0,972.0,242.0,242.0,242.0,266.0,266.0,266.0
1.0,2466.0,861.0,798.0,264.0,1323.0,441.0,441.0,441.0,266.0,266.0,266.0,287.0,287.0,287.0,822.0,822.0,822.0,441.0,441.0,441.0,266.0,266.0,266.0
1.0,1869.0,783.0,798.0,726.0,1380.0,460.0,460.0,460.0,266.0,266.0,266.0,261.0,261.0,261.0,623.0,623.0,623.0,460.0,460.0,460.0,266.0,266.0,266.0
1.0,1812.0,789.0,798.0,1323.0,846.0,282.0,282.0,282.0,266.0,266.0,266.0,263.0,263.0,263.0,604.0,604.0,604.0,282.0,282.0,282.0,266.0,266.0,266.0
1.0,2346.0,825.0,801.0,1380.0,303.0,101.0,101.0,101.0,267.0,267.0,267.0,275.0,275.0,275.0,782.0,782.0,782.0,101.0,101.0,101.0,267.0,267.0,267.0
1.0,2901.0,852.0,801.0,846.0,309.0,103.0,103.0,103.0,267.0,267.0,267.0,284.0,284.0,284.0,967.0,967.0,967.0,103.0,103.0,103.0,267.0,267.0,267.0
1.0,2895.0,810.0,801.0,303.0,816.0,272.0,272.0,272.0,267.0,267.0,267.0,270.0,270.0,270.0,965.0,965.0,965.0,272.0,272.0,272.0,267.0,267.0,267.0
1.0,2388.0,825.0,801.0,309.0,1332.0,444.0,444.0,444.0,267.0,267.0,267.0,275.0,275.0,275.0,796.0,796.0,796.0,444.0,444.0,444.0,267.0,267.0,267.0
1.0,1872.0,801.0,804.0,816.0,1329.0,443.0,443.0,443.0,268.0,268.0,268.0,267.0,267.0,267.0,624.0,624.0,624.0,443.0,443.0,443.0,268.0,268.0,268.0
1.0,1887.0,798.0,804.0,1332.0,795.0,265.0,265.0,265.0,268.0,268.0,268.0,266.0,266.0,266.0,629.0,629.0,629.0,265.0,265.0,265.0,268.0,268.0,268.0
1.0,2421.0,807.0,804.0,1329.0,273.0,91.0,91.0,91.0,268.0,268.0,268.0,269.0,269.0,269.0,807.0,807.0,807.0,91.0,91.0,91.0,268.0,268.0,268.0
1.0,2943.0,813.0,804.0,795.0,291.0,97.0,97.0,97.0,268.0,268.0,268.0,271.0,271.0,271.0,981.0,981.0,981.0,97.0,97.0,97.0,268.0,268.0,268.0
1.0,2925.0,762.0,804.0,273.0,780.0,260.0,260.0,260.0,268.0,268.0,268.0,254.0,254.0,254.0,975.0,975.0,975.0,260.0,260.0,260.0,268.0,268.0,268.0
1.0,2436.0,804.0,804.0,291.0,1293.0,431.0,431.0,431.0,268.0,268.0,268.0,268.0,268.0,268.0,812.0,812.0,812.0,431.0,431.0,431.0,268.0,268.0,268.0
1.0,1923.0,747.0,804.0,780.0,1260.0,420.0,420.0,420.0,268.0,268.0,268.0,249.0,249.0,249.0,641.0,641.0,641.0,420.0,420.0,420.0,268.0,268.0,268.0
1.0,1956.0,819.0,804.0,1293.0,786.0,262.0,262.0,262.0,268.0,268.0,268.0,273.0,273.0,273.0,652.0,652.0,652.0,262.0,262.0,262.0,268.0,268.0,268.0
1.0,2430.0,801.0,804.0,1260.0,327.0,109.0,109.0,109.0,268.0,268.0,268.0,267.0,267.0,267.0,810.0,810.0,810.0,109.0,109.0,109.0,268.0,268.0,268.0
1.0,2889.0,825.0,807.0,786.0,378.0,126.0,126.0,126.0,269.0,269.0,269.0,275.0,275.0,275.0,963.0,963.0,963.0,126.0,126.0,126.0,269.0,269.0,269.0
1.0,2850.0,774.0,807.0,327.0,825.0,275.0,275.0,275.0,269.0,269.0,269.0,258.0,258.0,258.0,950.0,950.0,950.0,275.0,275.0,275.0,269.0,269.0,269.0
1.0,2403.0,756.0,807.0,378.0,1203.0,401.0,401.0,401.0,269.0,269.0,269.0,252.0,252.0,252.0,801.0,801.0,801.0,401.0,401.0,401.0,269.0,269.0,269.0
1.0,2025.0,849.0,807.0,825.0,1227.0,409.0,409.0,409.0,269.0,269.0,269.0,283.0,283.0,283.0,675.0,675.0,675.0,409.0,409.0,409.0,269.0,269.0,269.0
1.0,2001.0,849.0,807.0,1203.0,873.0,291.0,291.0,291.0,269.0,269.0,269.0,283.0,283.0,283.0,667.0,667.0,667.0,291.0,291.0,291.0,269.0,269.0,269.0
1.0,2355.0,822.0,810.0,1227.0,480.0,160.0,160.0,160.0,270.0,270.0,270.0,274.0,274.0,274.0,785.0,785.0,785.0,160.0,160.0,160.0,270.0,270.0,270.0
1.0,2760.0,819.0,810.0,873.0,426.0,142.0,142.0,142.0,270.0,270.0,270.0,273.0,273.0,273.0,920.0,920.0,920.0,142.0,142.0,142.0,270.0,270.0,270.0
1.0,2814.0,870.0,810.0,480.0,816.0,272.0,272.0,272.0,270.0,270.0,270.0,290.0,290.0,290.0,938.0,938.0,938.0,272.0,272.0,272.0,270.0,270.0,270.0
1.0,2424.0,864.0,813.0,426.0,1266.0,422.0,422.0,422.0,271.0,271.0,271.0,288.0,288.0,288.0,808.0,808.0,808.0,422.0,422.0,422.0,271.0,271.0,271.0
1.0,1986.0,837.0,813.0,816.0,1287.0,429.0,429.0,429.0,271.0,271.0,271.0,279.0,279.0,279.0,662.0,662.0,662.0,429.0,429.0,429.0,271.0,271.0,271.0
1.0,1965.0,810.0,813.0,1266.0,831.0,277.0,277.0,277.0,271.0,271.0,271.0,270.0,270.0,270.0,655.0,655.0,655.0,277.0,277.0,277.0,271.0,271.0,271.0
1.0,2421.0,810.0,813.0,1287.0,354.0,118.0,118.0,118.0,271.0,271.0,271.0,270.0,270.0,270.0,807.0,807.0,807.0,118.0,118.0,118.0,271.0,271.0,271.0
1.0,2898.0,825.0,816.0,831.0,360.0,120.0,120.0,120.0,272.0,272.0,272.0,275.0,275.0,275.0,966.0,966.0,966.0,120.0,120.0,120.0,272.0,272.0,272.0
1.0,2904.0,798.0,816.0,354.0,804.0,268.0,268.0,268.0,272.0,272.0,272.0,266.0,266.0,266.0,968.0,968.0,968.0,268.0,268.0,268.0,272.0,272.0,272.0
1.0,2460.0,873.0,816.0,360.0,1317.0,439.0,439.0,439.0,272.0,272.0,272.0,291.0,291.0,291.0,820.0,820.0,820.0,439.0,439.0,439.0,272.0,272.0,272.0
1.0,1947.0,834.0,816.0,804.0,1347.0,449.0,449.0,449.0,272.0,272.0,272.0,278.0,278.0,278.0,649.0,649.0,649.0,449.0,449.0,449.0,272.0,272.0,272.0
1.0,1917.0,831.0,816.0,1317.0,861.0,287.0,287.0,287.0,272.0,272.0,272.0,277.0,277.0,277.0,639.0,639.0,639.0,287.0,287.0,287.0,272.0,272.0,272.0
1.0,2403.0,825.0,816.0,1347.0,339.0,113.0,113.0,113.0,272.0,272.0,272.0,275.0,275.0,275.0,801.0,801.0,801.0,113.0,113.0,113.0,272.0,272.0,272.0
1.0,2925.0,849.0,819.0,861.0,339.0,113.0,113.0,113.0,273.0,273.0,273.0,283.0,283.0,283.0,975.0,975.0,975.0,113.0,113.0,113.0,273.0,273.0,273.0
1.0,2937.0,816.0,819.0,339.0,816.0,272.0,272.0,272.0,273.0,273.0,273.0,272.0,272.0,272.0,979.0,979.0,979.0,272.0,272.0,272.0,273.0,273.0,273.0
1.0,2460.0,864.0,822.0,339.0,1353.0,451.0,451.0,451.0,274.0,274.0,274.0,288.0,288.0,288.0,820.0,820.0,820.0,451.0,451.0,451.0,274.0,274.0,274.0
1.0,1935.0,786.0,819.0,816.0,1311.0,437.0,437.0,437.0,273.0,273.0,273.0,262.0,262.0,262.0,645.0,645.0,645.0,437.0,437.0,437.0,273.0,273.0,273.0
1.0,1965.0,822.0,819.0,1353.0,780.0,260.0,260.0,260.0,273.0,273.0,273.0,274.0,274.0,274.0,655.0,655.0,655.0,260.0,260.0,260.0,273.0,273.0,273.0
1.0,2496.0,777.0,819.0,1311.0,246.0,82.0,82.0,82.0,273.0,273.0,273.0,259.0,259.0,259.0,832.0,832.0,832.0,82.0,82.0,82.0,273.0,273.0,273.0
1.0,3030.0,816.0,819.0,780.0,282.0,94.0,94.0,94.0,273.0,273.0,273.0,272.0,272.0,272.0,1010.0,1010.0,1010.0,94.0,94.0,94.0,273.0,273.0,273.0
1.0,2994.0,903.0,819.0,246.0,939.0,313.0,313.0,313.0,273.0,273.0,273.0,301.0,301.0,301.0,998.0,998.0,998.0,313.0,313.0,313.0,273.0,273.0,273.0
1.0,2337.0,846.0,822.0,282.0,1515.0,505.0,505.0,505.0,274.0,274.0,274.0,282.0,282.0,282.0,779.0,779.0,779.0,505.0,505.0,505.0,274.0,274.0,274.0
1.0,1773.0,828.0,822.0,939.0,1404.0,468.0,468.0,468.0,274.0,274.0,274.0,276.0,276.0,276.0,591.0,591.0,591.0,468.0,468.0,468.0,274.0,274.0,274.0
1.0,1884.0,858.0,822.0,1515.0,747.0,249.0,249.0,249.0,274.0,274.0,274.0,286.0,286.0,286.0,628.0,628.0,628.0,249.0,249.0,249.0,274.0,274.0,274.0
1.0,2541.0,867.0,822.0,1404.0,210.0,70.0,70.0,70.0,274.0,274.0,274.0,289.0,289.0,289.0,847.0,847.0,847.0,70.0,70.0,70.0,274.0,274.0,274.0
1.0,3078.0,825.0,822.0,747.0,288.0,96.0,96.0,96.0,274.0,274.0,274.0,275.0,275.0,275.0,1026.0,1026.0,1026.0,96.0,96.0,96.0,274.0,274.0,274.0
1.0,3000.0,897.0,822.0,210.0,975.0,325.0,325.0,325.0,274.0,274.0,274.0,299.0,299.0,299.0,1000.0,1000.0,1000.0,325.0,325.0,325.0,274.0,274.0,274.0
1.0,2313.0,849.0,825.0,288.0,1548.0,516.0,516.0,516.0,275.0,275.0,275.0,283.0,283.0,283.0,771.0,771.0,771.0,516.0,516.0,516.0,275.0,275.0,275.0
1.0,1752.0,894.0,825.0,975.0,1467.0,489.0,489.0,489.0,275.0,275.0,275.0,298.0,298.0,298.0,584.0,584.0,584.0,489.0,489.0,489.0,275.0,275.0,275.0
1.0,1833.0,855.0,825.0,1548.0,774.0,258.0,258.0,258.0,275.0,275.0,275.0,285.0,285.0,285.0,611.0,611.0,611.0,258.0,258.0,258.0,275.0,275.0,275.0
1.0,2526.0,915.0,828.0,1467.0,234.0,78.0,78.0,78.0,276.0,276.0,276.0,305.0,305.0,305.0,842.0,842.0,842.0,78.0,78.0,78.0,276.0,276.0,276.0
1.0,3078.0,861.0,828.0,774.0,321.0,107.0,107.0,107.0,276.0,276.0,276.0,287.0,287.0,287.0,1026.0,1026.0,1026.0,107.0,107.0,107.0,276.0,276.0,276.0
1.0,2991.0,816.0,828.0,234.0,903.0,301.0,301.0,301.0,276.0,276.0,276.0,272.0,272.0,272.0,997.0,997.0,997.0,301.0,301.0,301.0,276.0,276.0,276.0
1.0,2409.0,891.0,831.0,321.0,1485.0,495.0,495.0,495.0,277.0,277.0,277.0,297.0,297.0,297.0,803.0,803.0,803.0,495.0,495.0,495.0,277.0,277.0,277.0
1.0,1839.0,828.0,831.0,903.0,1410.0,470.0,470.0,470.0,277.0,277.0,277.0,276.0,276.0,276.0,613.0,613.0,613.0,470.0,470.0,470.0,277.0,277.0,277.0
1.0,1914.0,843.0,831.0,1485.0,768.0,256.0,256.0,256.0,277.0,277.0,277.0,281.0,281.0,281.0,638.0,638.0,638.0,256.0,256.0,256.0,277.0,277.0,277.0
1.0,2556.0,810.0,831.0,1410.0,168.0,56.0,56.0,56.0,277.0,277.0,277.0,270.0,270.0,270.0,852.0,852.0,852.0,56.0,56.0,56.0,277.0,277.0,277.0
1.0,3156.0,810.0,831.0,768.0,210.0,70.0,70.0,70.0,277.0,277.0,277.0,270.0,270.0,270.0,1052.0,1052.0,1052.0,70.0,70.0,70.0,277.0,277.0,277.0
1.0,3114.0,852.0,831.0,168.0,894.0,298.0,298.0,298.0,277.0,277.0,277.0,284.0,284.0,284.0,1038.0,1038.0,1038.0,298.0,298.0,298.0,277.0,277.0,277.0
1.0,2430.0,846.0,831.0,210.0,1530.0,510.0,510.0,510.0,277.0,277.0,277.0,282.0,282.0,282.0,810.0,810.0,810.0,510.0,510.0,510.0,277.0,277.0,277.0
1.0,1794.0,837.0,831.0,894.0,1473.0,491.0,491.0,491.0,277.0,277.0,277.0,279.0,279.0,279.0,598.0,598.0,598.0,491.0,491.0,491.0,277.0,277.0,277.0
1.0,1851.0,846.0,834.0,1530.0,801.0,267.0,267.0,267.0,278.0,278.0,278.0,282.0,282.0,282.0,617.0,617.0,617.0,267.0,267.0,267.0,278.0,278.0,278.0
1.0,2535.0,786.0,834.0,1473.0,114.0,38.0,38.0,38.0,278.0,278.0,278.0,262.0,262.0,262.0,845.0,845.0,845.0,38.0,38.0,38.0,278.0,278.0,278.0
1.0,3222.0,840.0,834.0,801.0,153.0,51.0,51.0,51.0,278.0,278.0,278.0,280.0,280.0,280.0,1074.0,1074.0,1074.0,51.0,51.0,51.0,278.0,278.0,278.0
1.0,3183.0,804.0,834.0,114.0,843.0,281.0,281.0,281.0,278.0,278.0,278.0,268.0,268.0,268.0,1061.0,1061.0,1061.0,281.0,281.0,281.0,278.0,278.0,278.0
1.0,2493.0,813.0,834.0,153.0,1503.0,501.0,501.0,501.0,278.0,278.0,278.0,271.0,271.0,271.0,831.0,831.0,831.0,501.0,501.0,501.0,278.0,278.0,278.0
1.0,1833.0,876.0,837.0,843.0,1548.0,516.0,516.0,516.0,279.0,279.0,279.0,292.0,292.0,292.0,611.0,611.0,611.0,516.0,516.0,516.0,279.0,279.0,279.0
1.0,1800.0,876.0,837.0,1503.0,921.0,307.0,307.0,307.0,279.0,279.0,279.0,292.0,292.0,292.0,600.0,600.0,600.0,307.0,307.0,307.0,279.0,279.0,279.0
1.0,2427.0,813.0,837.0,1548.0,186.0,62.0,62.0,62.0,279.0,279.0,279.0,271.0,271.0,271.0,809.0,809.0,809.0,62.0,62.0,62.0,279.0,279.0,279.0
1.0,3162.0,837.0,840.0,921.0,114.0,38.0,38.0,38.0,280.0,280.0,280.0,279.0,279.0,279.0,1054.0,1054.0,1054.0,38.0,38.0,38.0,280.0,280.0,280.0
1.0,3246.0,903.0,840.0,186.0,831.0,277.0,277.0,277.0,280.0,280.0,280.0,301.0,301.0,301.0,1082.0,1082.0,1082.0,277.0,277.0,277.0,280.0,280.0,280.0
1.0,2529.0,807.0,840.0,114.0,1524.0,508.0,508.0,508.0,280.0,280.0,280.0,269.0,269.0,269.0,843.0,843.0,843.0,508.0,508.0,508.0,280.0,280.0,280.0
1.0,1836.0,882.0,840.0,831.0,1575.0,525.0,525.0,525.0,280.0,280.0,280.0,294.0,294.0,294.0,612.0,612.0,612.0,525.0,525.0,525.0,280.0,280.0,280.0
1.0,1785.0,876.0,843.0,1524.0,939.0,313.0,313.0,313.0,281.0,281.0,281.0,292.0,292.0,292.0,595.0,595.0,595.0,313.0,313.0,313.0,281.0,281.0,281.0
1.0,2433.0,837.0,843.0,1575.0,201.0,67.0,67.0,67.0,281.0,281.0,281.0,279.0,279.0,279.0,811.0,811.0,811.0,67.0,67.0,67.0,281.0,281.0,281.0
1.0,3171.0,825.0,840.0,939.0,75.0,25.0,25.0,25.0,280.0,280.0,280.0,275.0,275.0,275.0,1057.0,1057.0,1057.0,25.0,25.0,25.0,280.0,280.0,280.0
1.0,3285.0,855.0,840.0,201.0,729.0,243.0,243.0,243.0,280.0,280.0,280.0,285.0,285.0,285.0,1095.0,1095.0,1095.0,243.0,243.0,243.0,280.0,280.0,280.0
1.0,2631.0,855.0,843.0,75.0,1521.0,507.0,507.0,507.0,281.0,281.0,281.0,285.0,285.0,285.0,877.0,877.0,877.0,507.0,507.0,507.0,281.0,281.0,281.0
1.0,1851.0,882.0,843.0,729.0,1674.0,558.0,558.0,558.0,281.0,281.0,281.0,294.0,294.0,294.0,617.0,617.0,617.0,558.0,558.0,558.0,281.0,281.0,281.0
1.0,1698.0,870.0,843.0,1521.0,1023.0,341.0,341.0,341.0,281.0,281.0,281.0,290.0,290.0,290.0,566.0,566.0,566.0,341.0,341.0,341.0,281.0,281.0,281.0
1.0,2349.0,852.0,846.0,1674.0,213.0,71.0,71.0,71.0,282.0,282.0,282.0,284.0,284.0,284.0,783.0,783.0,783.0,71.0,71.0,71.0,282.0,282.0,282.0
1.0,3171.0,831.0,846.0,1023.0,21.0,7.0,7.0,7.0,282.0,282.0,282.0,277.0,277.0,277.0,1057.0,1057.0,1057.0,7.0,7.0,7.0,282.0,282.0,282.0
1.0,3363.0,843.0,846.0,213.0,651.0,217.0,217.0,217.0,282.0,282.0,282.0,281.0,281.0,281.0,1121.0,1121.0,1121.0,217.0,217.0,217.0,282.0,282.0,282.0
1.0,2733.0,891.0,846.0,21.0,1521.0,507.0,507.0,507.0,282.0,282.0,282.0,297.0,297.0,297.0,911.0,911.0,911.0,507.0,507.0,507.0,282.0,282.0,282.0
1.0,1863.0,861.0,846.0,651.0,1731.0,577.0,577.0,577.0,282.0,282.0,282.0,287.0,287.0,287.0,621.0,621.0,621.0,577.0,577.0,577.0,282.0,282.0,282.0
1.0,1653.0,879.0,846.0,1521.0,1089.0,363.0,363.0,363.0,282.0,282.0,282.0,293.0,293.0,293.0,551.0,551.0,551.0,363.0,363.0,363.0,282.0,282.0,282.0
1.0,2295.0,858.0,849.0,1731.0,228.0,76.0,76.0,76.0,283.0,283.0,283.0,286.0,286.0,286.0,765.0,765.0,765.0,76.0,76.0,76.0,283.0,283.0,283.0
1.0,3168.0,852.0,849.0,1089.0,0.0,0.0,0.0,0.0,283.0,283.0,283.0,284.0,284.0,284.0,1056.0,1056.0,1056.0,0.0,0.0,0.0,283.0,283.0,283.0
1.0,3405.0,879.0,849.0,228.0,642.0,214.0,214.0,214.0,283.0,283.0,283.0,293.0,293.0,293.0,1135.0,1135.0,1135.0,214.0,214.0,214.0,283.0,283.0,283.0
1.0,2754.0,867.0,849.0,0.0,1509.0,503.0,503.0,503.0,283.0,283.0,283.0,289.0,289.0,289.0,918.0,918.0,918.0,503.0,503.0,503.0,283.0,283.0,283.0
1.0,1887.0,882.0,852.0,642.0,1761.0,587.0,587.0,587.0,284.0,284.0,284.0,294.0,294.0,294.0,629.0,629.0,629.0,587.0,587.0,587.0,284.0,284.0,284.0
1.0,1647.0,891.0,855.0,1509.0,1155.0,385.0,385.0,385.0,285.0,285.0,285.0,297.0,297.0,297.0,549.0,549.0,549.0,385.0,385.0,385.0,285.0,285.0,285.0
1.0,2265.0,918.0,855.0,1761.0,312.0,104.0,104.0,104.0,285.0,285.0,285.0,306.0,306.0,306.0,755.0,755.0,755.0,104.0,104.0,104.0,285.0,285.0,285.0
1.0,3108.0,897.0,855.0,1155.0,54.0,18.0,18.0,18.0,285.0,285.0,285.0,299.0,299.0,299.0,1036.0,1036.0,1036.0,18.0,18.0,18.0,285.0,285.0,285.0
1.0,3366.0,870.0,855.0,312.0,612.0,204.0,204.0,204.0,285.0,285.0,285.0,290.0,290.0,290.0,1122.0,1122.0,1122.0,204.0,204.0,204.0,285.0,285.0,285.0
1.0,2808.0,816.0,855.0,54.0,1374.0,458.0,458.0,458.0,285.0,285.0,285.0,272.0,272.0,272.0,936.0,936.0,936.0,458.0,458.0,458.0,285.0,285.0,285.0
1.0,2046.0,894.0,855.0,612.0,1656.0,552.0,552.0,552.0,285.0,285.0,285.0,298.0,298.0,298.0,682.0,682.0,682.0,552.0,552.0,552.0,285.0,285.0,285.0
1.0,1764.0,870.0,858.0,1374.0,1164.0,388.0,388.0,388.0,286.0,286.0,286.0,290.0,290.0,290.0,588.0,588.0,588.0,388.0,388.0,388.0,286.0,286.0,286.0
1.0,2268.0,912.0,858.0,1656.0,420.0,140.0,140.0,140.0,286.0,286.0,286.0,304.0,304.0,304.0,756.0,756.0,756.0,140.0,140.0,140.0,286.0,286.0,286.0
1.0,3012.0,957.0,858.0,1164.0,213.0,71.0,71.0,71.0,286.0,286.0,286.0,319.0,319.0,319.0,1004.0,1004.0,1004.0,71.0,71.0,71.0,286.0,286.0,286.0
1.0,3219.0,900.0,858.0,420.0,693.0,231.0,231.0,231.0,286.0,286.0,286.0,300.0,300.0,300.0,1073.0,1073.0,1073.0,231.0,231.0,231.0,286.0,286.0,286.0
1.0,2739.0,915.0,861.0,213.0,1407.0,469.0,469.0,469.0,287.0,287.0,287.0,305.0,305.0,305.0,913.0,913.0,913.0,469.0,469.0,469.0,287.0,287.0,287.0
1.0,2037.0,867.0,858.0,693.0,1569.0,523.0,523.0,523.0,286.0,286.0,286.0,289.0,289.0,289.0,679.0,679.0,679.0,523.0,523.0,523.0,286.0,286.0,286.0
1.0,1863.0,897.0,861.0,1407.0,1071.0,357.0,357.0,357.0,287.0,287.0,287.0,299.0,299.0,299.0,621.0,621.0,621.0,357.0,357.0,357.0,287.0,287.0,287.0
1.0,2373.0,879.0,861.0,1569.0,381.0,127.0,127.0,127.0,287.0,287.0,287.0,293.0,293.0,293.0,791.0,791.0,791.0,127.0,127.0,127.0,287.0,287.0,287.0
1.0,3063.0,885.0,861.0,1071.0,195.0,65.0,65.0,65.0,287.0,287.0,287.0,295.0,295.0,295.0,1021.0,1021.0,1021.0,65.0,65.0,65.0,287.0,287.0,287.0
1.0,3249.0,924.0,864.0,381.0,750.0,250.0,250.0,250.0,288.0,288.0,288.0,308.0,308.0,308.0,1083.0,1083.0,1083.0,250.0,250.0,250.0,288.0,288.0,288.0
1.0,2706.0,852.0,864.0,195.0,1407.0,469.0,469.0,469.0,288.0,288.0,288.0,284.0,284.0,284.0,902.0,902.0,902.0,469.0,469.0,469.0,288.0,288.0,288.0
1.0,2049.0,849.0,864.0,750.0,1506.0,502.0,502.0,502.0,288.0,288.0,288.0,283.0,283.0,283.0,683.0,683.0,683.0,502.0,502.0,502.0,288.0,288.0,288.0
1.0,1950.0,855.0,864.0,1407.0,954.0,318.0,318.0,318.0,288.0,288.0,288.0,285.0,285.0,285.0,650.0,650.0,650.0,318.0,318.0,318.0,288.0,288.0,288.0
1.0,2502.0,843.0,864.0,1506.0,291.0,97.0,97.0,97.0,288.0,288.0,288.0,281.0,281.0,281.0,834.0,834.0,834.0,97.0,97.0,97.0,288.0,288.0,288.0
1.0,3165.0,876.0,864.0,954.0,213.0,71.0,71.0,71.0,288.0,288.0,288.0,292.0,292.0,292.0,1055.0,1055.0,1055.0,71.0,71.0,71.0,288.0,288.0,288.0
1.0,3243.0,900.0,867.0,291.0,834.0,278.0,278.0,278.0,289.0,289.0,289.0,300.0,300.0,300.0,1081.0,1081.0,1081.0,278.0,278.0,278.0,289.0,289.0,289.0
1.0,2634.0,870.0,867.0,213.0,1491.0,497.0,497.0,497.0,289.0,289.0,289.0,290.0,290.0,290.0,878.0,878.0,878.0,497.0,497.0,497.0,289.0,289.0,289.0
1.0,1977.0,837.0,867.0,834.0,1494.0,498.0,498.0,498.0,289.0,289.0,289.0,279.0,279.0,279.0,659.0,659.0,659.0,498.0,498.0,498.0,289.0,289.0,289.0
1.0,1974.0,807.0,867.0,1491.0,810.0,270.0,270.0,270.0,289.0,289.0,289.0,269.0,269.0,269.0,658.0,658.0,658.0,270.0,270.0,270.0,289.0,289.0,289.0
1.0,2658.0,867.0,867.0,1494.0,183.0,61.0,61.0,61.0,289.0,289.0,289.0,289.0,289.0,289.0,886.0,886.0,886.0,61.0,61.0,61.0,289.0,289.0,289.0
1.0,3285.0,906.0,870.0,810.0,291.0,97.0,97.0,97.0,290.0,290.0,290.0,302.0,302.0,302.0,1095.0,1095.0,1095.0,97.0,97.0,97.0,290.0,290.0,290.0
1.0,3189.0,873.0,870.0,183.0,981.0,327.0,327.0,327.0,290.0,290.0,290.0,291.0,291.0,291.0,1063.0,1063.0,1063.0,327.0,327.0,327.0,290.0,290.0,290.0
1.0,2499.0,909.0,870.0,291.0,1599.0,533.0,533.0,533.0,290.0,290.0,290.0,303.0,303.0,303.0,833.0,833.0,833.0,533.0,533.0,533.0,290.0,290.0,290.0
1.0,1881.0,912.0,873.0,981.0,1542.0,514.0,514.0,514.0,291.0,291.0,291.0,304.0,304.0,304.0,627.0,627.0,627.0,514.0,514.0,514.0,291.0,291.0,291.0
1.0,1950.0,885.0,873.0,1599.0,828.0,276.0,276.0,276.0,291.0,291.0,291.0,295.0,295.0,295.0,650.0,650.0,650.0,276.0,276.0,276.0,291.0,291.0,291.0
1.0,2664.0,876.0,873.0,1542.0,162.0,54.0,54.0,54.0,291.0,291.0,291.0,292.0,292.0,292.0,888.0,888.0,888.0,54.0,54.0,54.0,291.0,291.0,291.0
1.0,3330.0,840.0,873.0,828.0,174.0,58.0,58.0,58.0,291.0,291.0,291.0,280.0,280.0,280.0,1110.0,1110.0,1110.0,58.0,58.0,58.0,291.0,291.0,291.0
1.0,3318.0,909.0,873.0,162.0,921.0,307.0,307.0,307.0,291.0,291.0,291.0,303.0,303.0,303.0,1106.0,1106.0,1106.0,307.0,307.0,307.0,291.0,291.0,291.0
1.0,2571.0,828.0,873.0,174.0,1575.0,525.0,525.0,525.0,291.0,291.0,291.0,276.0,276.0,276.0,857.0,857.0,857.0,525.0,525.0,525.0,291.0,291.0,291.0
1.0,1917.0,885.0,873.0,921.0,1539.0,513.0,513.0,513.0,291.0,291.0,291.0,295.0,295.0,295.0,639.0,639.0,639.0,513.0,513.0,513.0,291.0,291.0,291.0
1.0,1953.0,846.0,876.0,1575.0,822.0,274.0,274.0,274.0,292.0,292.0,292.0,282.0,282.0,282.0,651.0,651.0,651.0,274.0,274.0,274.0,292.0,292.0,292.0
1.0,2682.0,879.0,876.0,1539.0,162.0,54.0,54.0,54.0,292.0,292.0,292.0,293.0,293.0,293.0,894.0,894.0,894.0,54.0,54.0,54.0,292.0,292.0,292.0
1.0,3342.0,939.0,876.0,822.0,279.0,93.0,93.0,93.0,292.0,292.0,292.0,313.0,313.0,313.0,1114.0,1114.0,1114.0,93.0,93.0,93.0,292.0,292.0,292.0
1.0,3225.0,882.0,876.0,162.0,999.0,333.0,333.0,333.0,292.0,292.0,292.0,294.0,294.0,294.0,1075.0,1075.0,1075.0,333.0,333.0,333.0,292.0,292.0,292.0
1.0,2505.0,912.0,876.0,279.0,1632.0,544.0,544.0,544.0,292.0,292.0,292.0,304.0,304.0,304.0,835.0,835.0,835.0,544.0,544.0,544.0,292.0,292.0,292.0
1.0,1872.0,921.0,879.0,999.0,1566.0,522.0,522.0,522.0,293.0,293.0,293.0,307.0,307.0,307.0,624.0,624.0,624.0,522.0,522.0,522.0,293.0,293.0,293.0
1.0,1950.0,885.0,879.0,1632.0,819.0,273.0,273.0,273.0,293.0,293.0,293.0,295.0,295.0,295.0,650.0,650.0,650.0,273.0,273.0,273.0,293.0,293.0,293.0
1.0,2697.0,873.0,879.0,1566.0,126.0,42.0,42.0,42.0,293.0,293.0,293.0,291.0,291.0,291.0,899.0,899.0,899.0,42.0,42.0,42.0,293.0,293.0,293.0
1.0,3390.0,915.0,882.0,819.0,234.0,78.0,78.0,78.0,294.0,294.0,294.0,305.0,305.0,305.0,1130.0,1130.0,1130.0,78.0,78.0,78.0,294.0,294.0,294.0
1.0,3294.0,867.0,882.0,126.0,975.0,325.0,325.0,325.0,294.0,294.0,294.0,289.0,289.0,289.0,1098.0,1098.0,1098.0,325.0,325.0,325.0,294.0,294.0,294.0
1.0,2553.0,906.0,882.0,234.0,1647.0,549.0,549.0,549.0,294.0,294.0,294.0,302.0,302.0,302.0,851.0,851.0,851.0,549.0,549.0,549.0,294.0,294.0,294.0
1.0,1881.0,870.0,882.0,975.0,1542.0,514.0,514.0,514.0,294.0,294.0,294.0,290.0,290.0,290.0,627.0,627.0,627.0,514.0,514.0,514.0,294.0,294.0,294.0
1.0,1986.0,861.0,882.0,1647.0,756.0,252.0,252.0,252.0,294.0,294.0,294.0,287.0,287.0,287.0,662.0,662.0,662.0,252.0,252.0,252.0,294.0,294.0,294.0
1.0,2772.0,918.0,882.0,1542.0,132.0,44.0,44.0,44.0,294.0,294.0,294.0,306.0,306.0,306.0,924.0,924.0,924.0,44.0,44.0,44.0,294.0,294.0,294.0
1.0,3396.0,903.0,882.0,756.0,279.0,93.0,93.0,93.0,294.0,294.0,294.0,301.0,301.0,301.0,1132.0,1132.0,1132.0,93.0,93.0,93.0,294.0,294.0,294.0
1.0,3249.0,915.0,885.0,132.0,1074.0,358.0,358.0,358.0,295.0,295.0,295.0,305.0,305.0,305.0,1083.0,1083.0,1083.0,358.0,358.0,358.0,295.0,295.0,295.0
1.0,2466.0,921.0,885.0,279.0,1716.0,572.0,572.0,572.0,295.0,295.0,295.0,307.0,307.0,307.0,822.0,822.0,822.0,572.0,572.0,572.0,295.0,295.0,295.0
1.0,1824.0,888.0,885.0,1074.0,1530.0,510.0,510.0,510.0,295.0,295.0,295.0,296.0,296.0,296.0,608.0,608.0,608.0,510.0,510.0,510.0,295.0,295.0,295.0
1.0,2010.0,891.0,885.0,1716.0,705.0,235.0,235.0,235.0,295.0,295.0,295.0,297.0,297.0,297.0,670.0,670.0,670.0,235.0,235.0,235.0,295.0,295.0,295.0
1.0,2835.0,951.0,885.0,1530.0,126.0,42.0,42.0,42.0,295.0,295.0,295.0,317.0,317.0,317.0,945.0,945.0,945.0,42.0,42.0,42.0,295.0,295.0,295.0
1.0,3414.0,843.0,885.0,705.0,264.0,88.0,88.0,88.0,295.0,295.0,295.0,281.0,281.0,281.0,1138.0,1138.0,1138.0,88.0,88.0,88.0,295.0,295.0,295.0
1.0,3276.0,882.0,885.0,126.0,1020.0,340.0,340.0,340.0,295.0,295.0,295.0,294.0,294.0,294.0,1092.0,1092.0,1092.0,340.0,340.0,340.0,295.0,295.0,295.0
1.0,2520.0,918.0,888.0,264.0,1686.0,562.0,562.0,562.0,296.0,296.0,296.0,306.0,306.0,306.0,840.0,840.0,840.0,562.0,562.0,562.0,296.0,296.0,296.0
1.0,1866.0,951.0,888.0,1020.0,1617.0,539.0,539.0,539.0,296.0,296.0,296.0,317.0,317.0,317.0,622.0,622.0,622.0,539.0,539.0,539.0,296.0,296.0,296.0
1.0,1935.0,894.0,885.0,1686.0,813.0,271.0,271.0,271.0,295.0,295.0,295.0,298.0,298.0,298.0,645.0,645.0,645.0,271.0,271.0,271.0,295.0,295.0,295.0
1.0,2727.0,933.0,888.0,1617.0,141.0,47.0,47.0,47.0,296.0,296.0,296.0,311.0,311.0,311.0,909.0,909.0,909.0,47.0,47.0,47.0,296.0,296.0,296.0
1.0,3411.0,921.0,888.0,813.0,249.0,83.0,83.0,83.0,296.0,296.0,296.0,307.0,307.0,307.0,1137.0,1137.0,1137.0,83.0,83.0,83.0,296.0,296.0,296.0
1.0,3303.0,918.0,888.0,141.0,1026.0,342.0,342.0,342.0,296.0,296.0,296.0,306.0,306.0,306.0,1101.0,1101.0,1101.0,342.0,342.0,342.0,296.0,296.0,296.0
1.0,2526.0,894.0,888.0,249.0,1671.0,557.0,557.0,557.0,296.0,296.0,296.0,298.0,298.0,298.0,842.0,842.0,842.0,557.0,557.0,557.0,296.0,296.0,296.0
1.0,1881.0,936.0,888.0,1026.0,1581.0,527.0,527.0,527.0,296.0,296.0,296.0,312.0,312.0,312.0,627.0,627.0,627.0,527.0,527.0,527.0,296.0,296.0,296.0
1.0,1971.0,909.0,888.0,1671.0,819.0,273.0,273.0,273.0,296.0,296.0,296.0,303.0,303.0,303.0,657.0,657.0,657.0,273.0,273.0,273.0,296.0,296.0,296.0
1.0,2733.0,930.0,888.0,1581.0,168.0,56.0,56.0,56.0,296.0,296.0,296.0,310.0,310.0,310.0,911.0,911.0,911.0,56.0,56.0,56.0,296.0,296.0,296.0
1.0,3384.0,852.0,888.0,819.0,201.0,67.0,67.0,67.0,296.0,296.0,296.0,284.0,284.0,284.0,1128.0,1128.0,1128.0,67.0,67.0,67.0,296.0,296.0,296.0
1.0,3351.0,882.0,891.0,168.0,927.0,309.0,309.0,309.0,297.0,297.0,297.0,294.0,294.0,294.0,1117.0,1117.0,1117.0,309.0,309.0,309.0,297.0,297.0,297.0
1.0,2637.0,882.0,891.0,201.0,1608.0,536.0,536.0,536.0,297.0,297.0,297.0,294.0,294.0,294.0,879.0,879.0,879.0,536.0,536.0,536.0,297.0,297.0,297.0
1.0,1956.0,906.0,891.0,927.0,1587.0,529.0,529.0,529.0,297.0,297.0,297.0,302.0,302.0,302.0,652.0,652.0,652.0,529.0,529.0,529.0,297.0,297.0,297.0
1.0,1977.0,870.0,891.0,1608.0,849.0,283.0,283.0,283.0,297.0,297.0,297.0,290.0,290.0,290.0,659.0,659.0,659.0,283.0,283.0,283.0,297.0,297.0,297.0
1.0,2715.0,894.0,891.0,1587.0,156.0,52.0,52.0,52.0,297.0,297.0,297.0,298.0,298.0,298.0,905.0,905.0,905.0,52.0,52.0,52.0,297.0,297.0,297.0
1.0,3408.0,873.0,891.0,849.0,180.0,60.0,60.0,60.0,297.0,297.0,297.0,291.0,291.0,291.0,1136.0,1136.0,1136.0,60.0,60.0,60.0,297.0,297.0,297.0
1.0,3384.0,888.0,894.0,156.0,924.0,308.0,308.0,308.0,298.0,298.0,298.0,296.0,296.0,296.0,1128.0,1128.0,1128.0,308.0,308.0,308.0,298.0,298.0,298.0
1.0,2652.0,951.0,894.0,180.0,1695.0,565.0,565.0,565.0,298.0,298.0,298.0,317.0,317.0,317.0,884.0,884.0,884.0,565.0,565.0,565.0,298.0,298.0,298.0
1.0,1881.0,849.0,894.0,924.0,1620.0,540.0,540.0,540.0,298.0,298.0,298.0,283.0,283.0,283.0,627.0,627.0,627.0,540.0,540.0,540.0,298.0,298.0,298.0
1.0,1956.0,843.0,894.0,1695.0,768.0,256.0,256.0,256.0,298.0,298.0,298.0,281.0,281.0,281.0,652.0,652.0,652.0,256.0,256.0,256.0,298.0,298.0,298.0
1.0,2808.0,879.0,894.0,1620.0,27.0,9.0,9.0,9.0,298.0,298.0,298.0,293.0,293.0,293.0,936.0,936.0,936.0,9.0,9.0,9.0,298.0,298.0,298.0
1.0,3549.0,957.0,894.0,768.0,216.0,72.0,72.0,72.0,298.0,298.0,298.0,319.0,319.0,319.0,1183.0,1183.0,1183.0,72.0,72.0,72.0,298.0,298.0,298.0
1.0,3360.0,933.0,894.0,27.0,1122.0,374.0,374.0,374.0,298.0,298.0,298.0,311.0,311.0,311.0,1120.0,1120.0,1120.0,374.0,374.0,374.0,298.0,298.0,298.0
1.0,2454.0,909.0,897.0,216.0,1827.0,609.0,609.0,609.0,299.0,299.0,299.0,303.0,303.0,303.0,818.0,818.0,818.0,609.0,609.0,609.0,299.0,299.0,299.0
1.0,1761.0,825.0,894.0,1122.0,1518.0,506.0,506.0,506.0,298.0,298.0,298.0,275.0,275.0,275.0,587.0,587.0,587.0,506.0,506.0,506.0,298.0,298.0,298.0
1.0,2058.0,897.0,897.0,1827.0,600.0,200.0,200.0,200.0,299.0,299.0,299.0,299.0,299.0,299.0,686.0,686.0,686.0,200.0,200.0,200.0,299.0,299.0,299.0
1.0,2988.0,924.0,897.0,1518.0,6.0,2.0,2.0,2.0,299.0,299.0,299.0,308.0,308.0,308.0,996.0,996.0,996.0,2.0,2.0,2.0,299.0,299.0,299.0
1.0,3582.0,933.0,897.0,600.0,339.0,113.0,113.0,113.0,299.0,299.0,299.0,311.0,311.0,311.0,1194.0,1194.0,1194.0,113.0,113.0,113.0,299.0,299.0,299.0
1.0,3249.0,903.0,900.0,6.0,1248.0,416.0,416.0,416.0,300.0,300.0,300.0,301.0,301.0,301.0,1083.0,1083.0,1083.0,416.0,416.0,416.0,300.0,300.0,300.0
1.0,2352.0,876.0,900.0,339.0,1785.0,595.0,595.0,595.0,300.0,300.0,300.0,292.0,292.0,292.0,784.0,784.0,784.0,595.0,595.0,595.0,300.0,300.0,300.0
1.0,1815.0,873.0,900.0,1248.0,1410.0,470.0,470.0,470.0,300.0,300.0,300.0,291.0,291.0,291.0,605.0,605.0,605.0,470.0,470.0,470.0,300.0,300.0,300.0
1.0,2190.0,909.0,897.0,1785.0,522.0,174.0,174.0,174.0,299.0,299.0,299.0,303.0,303.0,303.0,730.0,730.0,730.0,174.0,174.0,174.0,299.0,299.0,299.0
1.0,3066.0,918.0,900.0,1410.0,42.0,14.0,14.0,14.0,300.0,300.0,300.0,306.0,306.0,306.0,1022.0,1022.0,1022.0,14.0,14.0,14.0,300.0,300.0,300.0
1.0,3558.0,924.0,900.0,522.0,444.0,148.0,148.0,148.0,300.0,300.0,300.0,308.0,308.0,308.0,1186.0,1186.0,1186.0,148.0,148.0,148.0,300.0,300.0,300.0
1.0,3156.0,903.0,900.0,42.0,1305.0,435.0,435.0,435.0,300.0,300.0,300.0,301.0,301.0,301.0,1052.0,1052.0,1052.0,435.0,435.0,435.0,300.0,300.0,300.0
1.0,2295.0,930.0,900.0,444.0,1791.0,597.0,597.0,597.0,300.0,300.0,300.0,310.0,310.0,310.0,765.0,765.0,765.0,597.0,597.0,597.0,300.0,300.0,300.0
1.0,1809.0,948.0,900.0,1305.0,1434.0,478.0,478.0,478.0,300.0,300.0,300.0,316.0,316.0,316.0,603.0,603.0,603.0,478.0,478.0,478.0,300.0,300.0,300.0
1.0,2166.0,933.0,903.0,1791.0,588.0,196.0,196.0,196.0,301.0,301.0,301.0,311.0,311.0,311.0,722.0,722.0,722.0,196.0,196.0,196.0,301.0,301.0,301.0
1.0,3024.0,879.0,903.0,1434.0,33.0,11.0,11.0,11.0,301.0,301.0,301.0,293.0,293.0,293.0,1008.0,1008.0,1008.0,11.0,11.0,11.0,301.0,301.0,301.0
1.0,3579.0,942.0,903.0,588.0,387.0,129.0,129.0,129.0,301.0,301.0,301.0,314.0,314.0,314.0,1193.0,1193.0,1193.0,129.0,129.0,129.0,301.0,301.0,301.0
1.0,3225.0,930.0,903.0,33.0,1284.0,428.0,428.0,428.0,301.0,301.0,301.0,310.0,310.0,310.0,1075.0,1075.0,1075.0,428.0,428.0,428.0,301.0,301.0,301.0
1.0,2328.0,948.0,906.0,387.0,1857.0,619.0,619.0,619.0,302.0,302.0,302.0,316.0,316.0,316.0,776.0,776.0,776.0,619.0,619.0,619.0,302.0,302.0,302.0
1.0,1767.0,930.0,906.0,1284.0,1503.0,501.0,501.0,501.0,302.0,302.0,302.0,310.0,310.0,310.0,589.0,589.0,589.0,501.0,501.0,501.0,302.0,302.0,302.0
1.0,2121.0,921.0,906.0,1857.0,567.0,189.0,189.0,189.0,302.0,302.0,302.0,307.0,307.0,307.0,707.0,707.0,707.0,189.0,189.0,189.0,302.0,302.0,302.0
1.0,3057.0,930.0,906.0,1503.0,0.0,0.0,0.0,0.0,302.0,302.0,302.0,310.0,310.0,310.0,1019.0,1019.0,1019.0,0.0,0.0,0.0,302.0,302.0,302.0
1.0,3630.0,1005.0,909.0,567.0,444.0,148.0,148.0,148.0,303.0,303.0,303.0,335.0,335.0,335.0,1210.0,1210.0,1210.0,148.0,148.0,148.0,303.0,303.0,303.0
1.0,3192.0,954.0,909.0,0.0,1398.0,466.0,466.0,466.0,303.0,303.0,303.0,318.0,318.0,318.0,1064.0,1064.0,1064.0,466.0,466.0,466.0,303.0,303.0,303.0
1.0,2238.0,930.0,909.0,444.0,1884.0,628.0,628.0,628.0,303.0,303.0,303.0,310.0,310.0,310.0,746.0,746.0,746.0,628.0,628.0,628.0,303.0,303.0,303.0
1.0,1752.0,975.0,909.0,1398.0,1461.0,487.0,487.0,487.0,303.0,303.0,303.0,325.0,325.0,325.0,584.0,584.0,584.0,487.0,487.0,487.0,303.0,303.0,303.0
1.0,2175.0,975.0,912.0,1884.0,564.0,188.0,188.0,188.0,304.0,304.0,304.0,325.0,325.0,325.0,725.0,725.0,725.0,188.0,188.0,188.0,304.0,304.0,304.0
1.0,3084.0,891.0,912.0,1461.0,0.0,0.0,0.0,0.0,304.0,304.0,304.0,297.0,297.0,297.0,1028.0,1028.0,1028.0,0.0,0.0,0.0,304.0,304.0,304.0
1.0,3654.0,912.0,912.0,564.0,342.0,114.0,114.0,114.0,304.0,304.0,304.0,304.0,304.0,304.0,1218.0,1218.0,1218.0,114.0,114.0,114.0,304.0,304.0,304.0
1.0,3306.0,939.0,912.0,0.0,1281.0,427.0,427.0,427.0,304.0,304.0,304.0,313.0,313.0,313.0,1102.0,1102.0,1102.0,427.0,427.0,427.0,304.0,304.0,304.0
1.0,2367.0,933.0,912.0,342.0,1872.0,624.0,624.0,624.0,304.0,304.0,304.0,311.0,311.0,311.0,789.0,789.0,789.0,624.0,624.0,624.0,304.0,304.0,304.0
1.0,1776.0,930.0,912.0,1281.0,1521.0,507.0,507.0,507.0,304.0,304.0,304.0,310.0,310.0,310.0,592.0,592.0,592.0,507.0,507.0,507.0,304.0,304.0,304.0
1.0,2127.0,969.0,915.0,1872.0,630.0,210.0,210.0,210.0,305.0,305.0,305.0,323.0,323.0,323.0,709.0,709.0,709.0,210.0,210.0,210.0,305.0,305.0,305.0
1.0,3030.0,969.0,915.0,1521.0,78.0,26.0,26.0,26.0,305.0,305.0,305.0,323.0,323.0,323.0,1010.0,1010.0,1010.0,26.0,26.0,26.0,305.0,305.0,305.0
1.0,3582.0,930.0,915.0,630.0,378.0,126.0,126.0,126.0,305.0,305.0,305.0,310.0,310.0,310.0,1194.0,1194.0,1194.0,126.0,126.0,126.0,305.0,305.0,305.0
1.0,3282.0,975.0,918.0,78.0,1287.0,429.0,429.0,429.0,306.0,306.0,306.0,325.0,325.0,325.0,1094.0,1094.0,1094.0,429.0,429.0,429.0,306.0,306.0,306.0
1.0,2385.0,948.0,918.0,378.0,1857.0,619.0,619.0,619.0,306.0,306.0,306.0,316.0,316.0,316.0,795.0,795.0,795.0,619.0,619.0,619.0,306.0,306.0,306.0
1.0,1815.0,912.0,918.0,1287.0,1482.0,494.0,494.0,494.0,306.0,306.0,306.0,304.0,304.0,304.0,605.0,605.0,605.0,494.0,494.0,494.0,306.0,306.0,306.0
1.0,2190.0,984.0,921.0,1857.0,621.0,207.0,207.0,207.0,307.0,307.0,307.0,328.0,328.0,328.0,730.0,730.0,730.0,207.0,207.0,207.0,307.0,307.0,307.0
1.0,3063.0,876.0,921.0,1482.0,15.0,5.0,5.0,5.0,307.0,307.0,307.0,292.0,292.0,292.0,1021.0,1021.0,1021.0,5.0,5.0,5.0,307.0,307.0,307.0
1.0,3669.0,918.0,921.0,621.0,312.0,104.0,104.0,104.0,307.0,307.0,307.0,306.0,306.0,306.0,1223.0,1223.0,1223.0,104.0,104.0,104.0,307.0,307.0,307.0
1.0,3372.0,957.0,921.0,15.0,1254.0,418.0,418.0,418.0,307.0,307.0,307.0,319.0,319.0,319.0,1124.0,1124.0,1124.0,418.0,418.0,418.0,307.0,307.0,307.0
1.0,2430.0,942.0,924.0,312.0,1896.0,632.0,632.0,632.0,308.0,308.0,308.0,314.0,314.0,314.0,810.0,810.0,810.0,632.0,632.0,632.0,308.0,308.0,308.0
1.0,1800.0,918.0,924.0,1254.0,1560.0,520.0,520.0,520.0,308.0,308.0,308.0,306.0,306.0,306.0,600.0,600.0,600.0,520.0,520.0,520.0,308.0,308.0,308.0
1.0,2136.0,873.0,924.0,1896.0,537.0,179.0,179.0,179.0,308.0,308.0,308.0,291.0,291.0,291.0,712.0,712.0,712.0,179.0,179.0,179.0,308.0,308.0,308.0
1.0,3159.0,936.0,924.0,1560.0,0.0,0.0,0.0,0.0,308.0,308.0,308.0,312.0,312.0,312.0,1053.0,1053.0,1053.0,0.0,0.0,0.0,308.0,308.0,308.0
1.0,3783.0,900.0,924.0,537.0,276.0,92.0,92.0,92.0,308.0,308.0,308.0,300.0,300.0,300.0,1261.0,1261.0,1261.0,92.0,92.0,92.0,308.0,308.0,308.0
1.0,3420.0,948.0,924.0,0.0,1224.0,408.0,408.0,408.0,308.0,308.0,308.0,316.0,316.0,316.0,1140.0,1140.0,1140.0,408.0,408.0,408.0,308.0,308.0,308.0
1.0,2472.0,975.0,927.0,276.0,1935.0,645.0,645.0,645.0,309.0,309.0,309.0,325.0,325.0,325.0,824.0,824.0,824.0,645.0,645.0,645.0,309.0,309.0,309.0
1.0,1773.0,963.0,930.0,1224.0,1686.0,562.0,562.0,562.0,310.0,310.0,310.0,321.0,321.0,321.0,591.0,591.0,591.0,562.0,562.0,562.0,310.0,310.0,310.0
1.0,2034.0,972.0,930.0,1935.0,723.0,241.0,241.0,241.0,310.0,310.0,310.0,324.0,324.0,324.0,678.0,678.0,678.0,241.0,241.0,241.0,310.0,310.0,310.0
1.0,2997.0,960.0,930.0,1686.0,0.0,0.0,0.0,0.0,310.0,310.0,310.0,320.0,320.0,320.0,999.0,999.0,999.0,0.0,0.0,0.0,310.0,310.0,310.0
1.0,3723.0,951.0,930.0,723.0,225.0,75.0,75.0,75.0,310.0,310.0,310.0,317.0,317.0,317.0,1241.0,1241.0,1241.0,75.0,75.0,75.0,310.0,310.0,310.0
1.0,3495.0,942.0,933.0,0.0,1179.0,393.0,393.0,393.0,311.0,311.0,311.0,314.0,314.0,314.0,1165.0,1165.0,1165.0,393.0,393.0,393.0,311.0,311.0,311.0
1.0,2553.0,906.0,933.0,225.0,1860.0,620.0,620.0,620.0,311.0,311.0,311.0,302.0,302.0,302.0,851.0,851.0,851.0,620.0,620.0,620.0,311.0,311.0,311.0
1.0,1872.0,948.0,933.0,1179.0,1629.0,543.0,543.0,543.0,311.0,311.0,311.0,316.0,316.0,316.0,624.0,624.0,624.0,543.0,543.0,543.0,311.0,311.0,311.0
1.0,2103.0,909.0,933.0,1860.0,678.0,226.0,226.0,226.0,311.0,311.0,311.0,303.0,303.0,303.0,701.0,701.0,701.0,226.0,226.0,226.0,311.0,311.0,311.0
1.0,3054.0,1008.0,936.0,1629.0,69.0,23.0,23.0,23.0,312.0,312.0,312.0,336.0,336.0,336.0,1018.0,1018.0,1018.0,23.0,23.0,23.0,312.0,312.0,312.0
1.0,3675.0,960.0,936.0,678.0,351.0,117.0,117.0,117.0,312.0,312.0,312.0,320.0,320.0,320.0,1225.0,1225.0,1225.0,117.0,117.0,117.0,312.0,312.0,312.0
1.0,3393.0,978.0,939.0,69.0,1272.0,424.0,424.0,424.0,313.0,313.0,313.0,326.0,326.0,326.0,1131.0,1131.0,1131.0,424.0,424.0,424.0,313.0,313.0,313.0
1.0,2484.0,966.0,939.0,351.0,1887.0,629.0,629.0,629.0,313.0,313.0,313.0,322.0,322.0,322.0,828.0,828.0,828.0,629.0,629.0,629.0,313.0,313.0,313.0
1.0,1869.0,972.0,942.0,1272.0,1599.0,533.0,533.0,533.0,314.0,314.0,314.0,324.0,324.0,324.0,623.0,623.0,623.0,533.0,533.0,533.0,314.0,314.0,314.0
1.0,2169.0,915.0,942.0,1887.0,627.0,209.0,209.0,209.0,314.0,314.0,314.0,305.0,305.0,305.0,723.0,723.0,723.0,209.0,209.0,209.0,314.0,314.0,314.0
1.0,3141.0,987.0,942.0,1599.0,15.0,5.0,5.0,5.0,314.0,314.0,314.0,329.0,329.0,329.0,1047.0,1047.0,1047.0,5.0,5.0,5.0,314.0,314.0,314.0
1.0,3753.0,945.0,942.0,627.0,333.0,111.0,111.0,111.0,314.0,314.0,314.0,315.0,315.0,315.0,1251.0,1251.0,1251.0,111.0,111.0,111.0,314.0,314.0,314.0
1.0,3435.0,1017.0,945.0,15.0,1347.0,449.0,449.0,449.0,315.0,315.0,315.0,339.0,339.0,339.0,1145.0,1145.0,1145.0,449.0,449.0,449.0,315.0,315.0,315.0
1.0,2433.0,954.0,945.0,333.0,1968.0,656.0,656.0,656.0,315.0,315.0,315.0,318.0,318.0,318.0,811.0,811.0,811.0,656.0,656.0,656.0,315.0,315.0,315.0
1.0,1812.0,1026.0,948.0,1347.0,1659.0,553.0,553.0,553.0,316.0,316.0,316.0,342.0,342.0,342.0,604.0,604.0,604.0,553.0,553.0,553.0,316.0,316.0,316.0
1.0,2133.0,942.0,948.0,1968.0,633.0,211.0,211.0,211.0,316.0,316.0,316.0,314.0,314.0,314.0,711.0,711.0,711.0,211.0,211.0,211.0,316.0,316.0,316.0
1.0,3159.0,1014.0,948.0,1659.0,0.0,0.0,0.0,0.0,316.0,316.0,316.0,338.0,338.0,338.0,1053.0,1053.0,1053.0,0.0,0.0,0.0,316.0,316.0,316.0
1.0,3804.0,978.0,948.0,633.0,333.0,111.0,111.0,111.0,316.0,316.0,316.0,326.0,326.0,326.0,1268.0,1268.0,1268.0,111.0,111.0,111.0,316.0,316.0,316.0
1.0,3459.0,987.0,951.0,0.0,1332.0,444.0,444.0,444.0,317.0,317.0,317.0,329.0,329.0,329.0,1153.0,1153.0,1153.0,444.0,444.0,444.0,317.0,317.0,317.0
1.0,2472.0,1026.0,954.0,333.0,2037.0,679.0,679.0,679.0,318.0,318.0,318.0,342.0,342.0,342.0,824.0,824.0,824.0,679.0,679.0,679.0,318.0,318.0,318.0
1.0,1779.0,939.0,954.0,1332.0,1644.0,548.0,548.0,548.0,318.0,318.0,318.0,313.0,313.0,313.0,593.0,593.0,593.0,548.0,548.0,548.0,318.0,318.0,318.0
1.0,2172.0,1005.0,954.0,2037.0,612.0,204.0,204.0,204.0,318.0,318.0,318.0,335.0,335.0,335.0,724.0,724.0,724.0,204.0,204.0,204.0,318.0,318.0,318.0
1.0,3204.0,990.0,954.0,1644.0,0.0,0.0,0.0,0.0,318.0,318.0,318.0,330.0,330.0,330.0,1068.0,1068.0,1068.0,0.0,0.0,0.0,318.0,318.0,318.0
1.0,3858.0,978.0,954.0,612.0,324.0,108.0,108.0,108.0,318.0,318.0,318.0,326.0,326.0,326.0,1286.0,1286.0,1286.0,108.0,108.0,108.0,318.0,318.0,318.0
1.0,3492.0,960.0,954.0,0.0,1284.0,428.0,428.0,428.0,318.0,318.0,318.0,320.0,320.0,320.0,1164.0,1164.0,1164.0,428.0,428.0,428.0,318.0,318.0,318.0
1.0,2532.0,996.0,954.0,324.0,1956.0,652.0,652.0,652.0,318.0,318.0,318.0,332.0,332.0,332.0,844.0,844.0,844.0,652.0,652.0,652.0,318.0,318.0,318.0
1.0,1860.0,978.0,957.0,1284.0,1662.0,554.0,554.0,554.0,319.0,319.0,319.0,326.0,326.0,326.0,620.0,620.0,620.0,554.0,554.0,554.0,319.0,319.0,319.0
1.0,2166.0,1023.0,957.0,1956.0,729.0,243.0,243.0,243.0,319.0,319.0,319.0,341.0,341.0,341.0,722.0,722.0,722.0,243.0,243.0,243.0,319.0,319.0,319.0
1.0,3099.0,1008.0,960.0,1662.0,87.0,29.0,29.0,29.0,320.0,320.0,320.0,336.0,336.0,336.0,1033.0,1033.0,1033.0,29.0,29.0,29.0,320.0,320.0,320.0
1.0,3753.0,1035.0,960.0,729.0,393.0,131.0,131.0,131.0,320.0,320.0,320.0,345.0,345.0,345.0,1251.0,1251.0,1251.0,131.0,131.0,131.0,320.0,320.0,320.0
1.0,3447.0,915.0,960.0,87.0,1221.0,407.0,407.0,407.0,320.0,320.0,320.0,305.0,305.0,305.0,1149.0,1149.0,1149.0,407.0,407.0,407.0,320.0,320.0,320.0
1.0,2619.0,1005.0,963.0,393.0,1845.0,615.0,615.0,615.0,321.0,321.0,321.0,335.0,335.0,335.0,873.0,873.0,873.0,615.0,615.0,615.0,321.0,321.0,321.0
1.0,2007.0,954.0,963.0,1221.0,1578.0,526.0,526.0,526.0,321.0,321.0,321.0,318.0,318.0,318.0,669.0,669.0,669.0,526.0,526.0,526.0,321.0,321.0,321.0
1.0,2274.0,960.0,963.0,1845.0,693.0,231.0,231.0,231.0,321.0,321.0,321.0,320.0,320.0,320.0,758.0,758.0,758.0,231.0,231.0,231.0,321.0,321.0,321.0
1.0,3159.0,942.0,963.0,1578.0,57.0,19.0,19.0,19.0,321.0,321.0,321.0,314.0,314.0,314.0,1053.0,1053.0,1053.0,19.0,19.0,19.0,321.0,321.0,321.0
1.0,3795.0,993.0,963.0,693.0,357.0,119.0,119.0,119.0,321.0,321.0,321.0,331.0,331.0,331.0,1265.0,1265.0,1265.0,119.0,119.0,119.0,321.0,321.0,321.0
1.0,3495.0,963.0,963.0,57.0,1263.0,421.0,421.0,421.0,321.0,321.0,321.0,321.0,321.0,321.0,1165.0,1165.0,1165.0,421.0,421.0,421.0,321.0,321.0,321.0
1.0,2589.0,942.0,963.0,357.0,1848.0,616.0,616.0,616.0,321.0,321.0,321.0,314.0,314.0,314.0,863.0,863.0,863.0,616.0,616.0,616.0,321.0,321.0,321.0
1.0,2004.0,948.0,963.0,1263.0,1533.0,511.0,511.0,511.0,321.0,321.0,321.0,316.0,316.0,316.0,668.0,668.0,668.0,511.0,511.0,511.0,321.0,321.0,321.0
1.0,2319.0,924.0,963.0,1848.0,609.0,203.0,203.0,203.0,321.0,321.0,321.0,308.0,308.0,308.0,773.0,773.0,773.0,203.0,203.0,203.0,321.0,321.0,321.0
1.0,3243.0,999.0,966.0,1533.0,87.0,29.0,29.0,29.0,322.0,322.0,322.0,333.0,333.0,333.0,1081.0,1081.0,1081.0,29.0,29.0,29.0,322.0,322.0,322.0
1.0,3777.0,951.0,966.0,609.0,429.0,143.0,143.0,143.0,322.0,322.0,322.0,317.0,317.0,317.0,1259.0,1259.0,1259.0,143.0,143.0,143.0,322.0,322.0,322.0
1.0,3435.0,978.0,966.0,87.0,1320.0,440.0,440.0,440.0,322.0,322.0,322.0,326.0,326.0,326.0,1145.0,1145.0,1145.0,440.0,440.0,440.0,322.0,322.0,322.0
1.0,2544.0,945.0,969.0,429.0,1848.0,616.0,616.0,616.0,323.0,323.0,323.0,315.0,315.0,315.0,848.0,848.0,848.0,616.0,616.0,616.0,323.0,323.0,323.0
1.0,2028.0,963.0,969.0,1320.0,1491.0,497.0,497.0,497.0,323.0,323.0,323.0,321.0,321.0,321.0,676.0,676.0,676.0,497.0,497.0,497.0,323.0,323.0,323.0
1.0,2385.0,966.0,969.0,1848.0,609.0,203.0,203.0,203.0,323.0,323.0,323.0,322.0,322.0,322.0,795.0,795.0,795.0,203.0,203.0,203.0,323.0,323.0,323.0
1.0,3267.0,969.0,969.0,1491.0,87.0,29.0,29.0,29.0,323.0,323.0,323.0,323.0,323.0,323.0,1089.0,1089.0,1089.0,29.0,29.0,29.0,323.0,323.0,323.0
1.0,3789.0,915.0,969.0,609.0,393.0,131.0,131.0,131.0,323.0,323.0,323.0,305.0,305.0,305.0,1263.0,1263.0,1263.0,131.0,131.0,131.0,323.0,323.0,323.0
1.0,3483.0,915.0,969.0,87.0,1221.0,407.0,407.0,407.0,323.0,323.0,323.0,305.0,305.0,305.0,1161.0,1161.0,1161.0,407.0,407.0,407.0,323.0,323.0,323.0
1.0,2655.0,897.0,966.0,393.0,1713.0,571.0,571.0,571.0,322.0,322.0,322.0,299.0,299.0,299.0,885.0,885.0,885.0,571.0,571.0,571.0,322.0,322.0,322.0
1.0,2151.0,951.0,966.0,1221.0,1443.0,481.0,481.0,481.0,322.0,322.0,322.0,317.0,317.0,317.0,717.0,717.0,717.0,481.0,481.0,481.0,322.0,322.0,322.0
1.0,2421.0,999.0,966.0,1713.0,729.0,243.0,243.0,243.0,322.0,322.0,322.0,333.0,333.0,333.0,807.0,807.0,807.0,243.0,243.0,243.0,322.0,322.0,322.0
1.0,3135.0,957.0,966.0,1443.0,243.0,81.0,81.0,81.0,322.0,322.0,322.0,319.0,319.0,319.0,1045.0,1045.0,1045.0,81.0,81.0,81.0,322.0,322.0,322.0
1.0,3621.0,942.0,969.0,729.0,468.0,156.0,156.0,156.0,323.0,323.0,323.0,314.0,314.0,314.0,1207.0,1207.0,1207.0,156.0,156.0,156.0,323.0,323.0,323.0
1.0,3408.0,972.0,969.0,243.0,1197.0,399.0,399.0,399.0,323.0,323.0,323.0,324.0,324.0,324.0,1136.0,1136.0,1136.0,399.0,399.0,399.0,323.0,323.0,323.0
1.0,2679.0,948.0,969.0,468.0,1677.0,559.0,559.0,559.0,323.0,323.0,323.0,316.0,316.0,316.0,893.0,893.0,893.0,559.0,559.0,559.0,323.0,323.0,323.0
1.0,2199.0,978.0,969.0,1197.0,1458.0,486.0,486.0,486.0,323.0,323.0,323.0,326.0,326.0,326.0,733.0,733.0,733.0,486.0,486.0,486.0,323.0,323.0,323.0
1.0,2418.0,972.0,969.0,1677.0,753.0,251.0,251.0,251.0,323.0,323.0,323.0,324.0,324.0,324.0,806.0,806.0,806.0,251.0,251.0,251.0,323.0,323.0,323.0
1.0,3123.0,999.0,969.0,1458.0,294.0,98.0,98.0,98.0,323.0,323.0,323.0,333.0,333.0,333.0,1041.0,1041.0,1041.0,98.0,98.0,98.0,323.0,323.0,323.0
1.0,3582.0,978.0,969.0,753.0,519.0,173.0,173.0,173.0,323.0,323.0,323.0,326.0,326.0,326.0,1194.0,1194.0,1194.0,173.0,173.0,173.0,323.0,323.0,323.0
1.0,3357.0,999.0,969.0,294.0,1224.0,408.0,408.0,408.0,323.0,323.0,323.0,333.0,333.0,333.0,1119.0,1119.0,1119.0,408.0,408.0,408.0,323.0,323.0,323.0
1.0,2652.0,981.0,972.0,519.0,1698.0,566.0,566.0,566.0,324.0,324.0,324.0,327.0,327.0,327.0,884.0,884.0,884.0,566.0,566.0,566.0,324.0,324.0,324.0
1.0,2190.0,969.0,972.0,1224.0,1443.0,481.0,481.0,481.0,324.0,324.0,324.0,323.0,323.0,323.0,730.0,730.0,730.0,481.0,481.0,481.0,324.0,324.0,324.0
1.0,2445.0,972.0,972.0,1698.0,717.0,239.0,239.0,239.0,324.0,324.0,324.0,324.0,324.0,324.0,815.0,815.0,815.0,239.0,239.0,239.0,324.0,324.0,324.0
1.0,3171.0,1017.0,972.0,1443.0,291.0,97.0,97.0,97.0,324.0,324.0,324.0,339.0,339.0,339.0,1057.0,1057.0,1057.0,97.0,97.0,97.0,324.0,324.0,324.0
1.0,3597.0,1005.0,972.0,717.0,579.0,193.0,193.0,193.0,324.0,324.0,324.0,335.0,335.0,335.0,1199.0,1199.0,1199.0,193.0,193.0,193.0,324.0,324.0,324.0
1.0,3309.0,1014.0,972.0,291.0,1302.0,434.0,434.0,434.0,324.0,324.0,324.0,338.0,338.0,338.0,1103.0,1103.0,1103.0,434.0,434.0,434.0,324.0,324.0,324.0
1.0,2586.0,1029.0,975.0,579.0,1764.0,588.0,588.0,588.0,325.0,325.0,325.0,343.0,343.0,343.0,862.0,862.0,862.0,588.0,588.0,588.0,325.0,325.0,325.0
1.0,2136.0,1008.0,975.0,1302.0,1470.0,490.0,490.0,490.0,325.0,325.0,325.0,336.0,336.0,336.0,712.0,712.0,712.0,490.0,490.0,490.0,325.0,325.0,325.0
1.0,2430.0,1041.0,975.0,1764.0,747.0,249.0,249.0,249.0,325.0,325.0,325.0,347.0,347.0,347.0,810.0,810.0,810.0,249.0,249.0,249.0,325.0,325.0,325.0
1.0,3153.0,1011.0,975.0,1470.0,288.0,96.0,96.0,96.0,325.0,325.0,325.0,337.0,337.0,337.0,1051.0,1051.0,1051.0,96.0,96.0,96.0,325.0,325.0,325.0
1.0,3612.0,1059.0,975.0,747.0,600.0,200.0,200.0,200.0,325.0,325.0,325.0,353.0,353.0,353.0,1204.0,1204.0,1204.0,200.0,200.0,200.0,325.0,325.0,325.0
1.0,3300.0,1014.0,978.0,288.0,1338.0,446.0,446.0,446.0,326.0,326.0,326.0,338.0,338.0,338.0,1100.0,1100.0,1100.0,446.0,446.0,446.0,326.0,326.0,326.0
1.0,2574.0,1002.0,978.0,600.0,1740.0,580.0,580.0,580.0,326.0,326.0,326.0,334.0,334.0,334.0,858.0,858.0,858.0,580.0,580.0,580.0,326.0,326.0,326.0
1.0,2172.0,963.0,978.0,1338.0,1365.0,455.0,455.0,455.0,326.0,326.0,326.0,321.0,321.0,321.0,724.0,724.0,724.0,455.0,455.0,455.0,326.0,326.0,326.0
1.0,2547.0,1074.0,978.0,1740.0,699.0,233.0,233.0,233.0,326.0,326.0,326.0,358.0,358.0,358.0,849.0,849.0,849.0,233.0,233.0,233.0,326.0,326.0,326.0
1.0,3213.0,1038.0,981.0,1365.0,384.0,128.0,128.0,128.0,327.0,327.0,327.0,346.0,346.0,346.0,1071.0,1071.0,1071.0,128.0,128.0,128.0,327.0,327.0,327.0
1.0,3540.0,957.0,981.0,699.0,642.0,214.0,214.0,214.0,327.0,327.0,327.0,319.0,319.0,319.0,1180.0,1180.0,1180.0,214.0,214.0,214.0,327.0,327.0,327.0
1.0,3282.0,1038.0,981.0,384.0,1296.0,432.0,432.0,432.0,327.0,327.0,327.0,346.0,346.0,346.0,1094.0,1094.0,1094.0,432.0,432.0,432.0,327.0,327.0,327.0
1.0,2628.0,1047.0,981.0,642.0,1701.0,567.0,567.0,567.0,327.0,327.0,327.0,349.0,349.0,349.0,876.0,876.0,876.0,567.0,567.0,567.0,327.0,327.0,327.0
1.0,2223.0,996.0,981.0,1296.0,1401.0,467.0,467.0,467.0,327.0,327.0,327.0,332.0,332.0,332.0,741.0,741.0,741.0,467.0,467.0,467.0,327.0,327.0,327.0
1.0,2523.0,945.0,978.0,1701.0,633.0,211.0,211.0,211.0,326.0,326.0,326.0,315.0,315.0,315.0,841.0,841.0,841.0,211.0,211.0,211.0,326.0,326.0,326.0
1.0,3279.0,1032.0,981.0,1401.0,276.0,92.0,92.0,92.0,327.0,327.0,327.0,344.0,344.0,344.0,1093.0,1093.0,1093.0,92.0,92.0,92.0,327.0,327.0,327.0
1.0,3648.0,1026.0,981.0,633.0,669.0,223.0,223.0,223.0,327.0,327.0,327.0,342.0,342.0,342.0,1216.0,1216.0,1216.0,223.0,223.0,223.0,327.0,327.0,327.0
1.0,3255.0,963.0,981.0,276.0,1356.0,452.0,452.0,452.0,327.0,327.0,327.0,321.0,321.0,321.0,1085.0,1085.0,1085.0,452.0,452.0,452.0,327.0,327.0,327.0
1.0,2568.0,1029.0,984.0,669.0,1728.0,576.0,576.0,576.0,328.0,328.0,328.0,343.0,343.0,343.0,856.0,856.0,856.0,576.0,576.0,576.0,328.0,328.0,328.0
1.0,2208.0,1050.0,984.0,1356.0,1422.0,474.0,474.0,474.0,328.0,328.0,328.0,350.0,350.0,350.0,736.0,736.0,736.0,474.0,474.0,474.0,328.0,328.0,328.0
1.0,2514.0,993.0,984.0,1728.0,687.0,229.0,229.0,229.0,328.0,328.0,328.0,331.0,331.0,331.0,838.0,838.0,838.0,229.0,229.0,229.0,328.0,328.0,328.0
1.0,3249.0,996.0,987.0,1422.0,273.0,91.0,91.0,91.0,329.0,329.0,329.0,332.0,332.0,332.0,1083.0,1083.0,1083.0,91.0,91.0,91.0,329.0,329.0,329.0
1.0,3675.0,942.0,987.0,687.0,528.0,176.0,176.0,176.0,329.0,329.0,329.0,314.0,314.0,314.0,1225.0,1225.0,1225.0,176.0,176.0,176.0,329.0,329.0,329.0
1.0,3420.0,987.0,987.0,273.0,1242.0,414.0,414.0,414.0,329.0,329.0,329.0,329.0,329.0,329.0,1140.0,1140.0,1140.0,414.0,414.0,414.0,329.0,329.0,329.0
1.0,2706.0,951.0,987.0,528.0,1665.0,555.0,555.0,555.0,329.0,329.0,329.0,317.0,317.0,317.0,902.0,902.0,902.0,555.0,555.0,555.0,329.0,329.0,329.0
1.0,2283.0,981.0,987.0,1242.0,1404.0,468.0,468.0,468.0,329.0,329.0,329.0,327.0,327.0,327.0,761.0,761.0,761.0,468.0,468.0,468.0,329.0,329.0,329.0
1.0,2544.0,1041.0,990.0,1665.0,792.0,264.0,264.0,264.0,330.0,330.0,330.0,347.0,347.0,347.0,848.0,848.0,848.0,264.0,264.0,264.0,330.0,330.0,330.0
1.0,3168.0,1017.0,990.0,1404.0,405.0,135.0,135.0,135.0,330.0,330.0,330.0,339.0,339.0,339.0,1056.0,1056.0,1056.0,135.0,135.0,135.0,330.0,330.0,330.0
1.0,3555.0,1005.0,990.0,792.0,618.0,206.0,206.0,206.0,330.0,330.0,330.0,335.0,335.0,335.0,1185.0,1185.0,1185.0,206.0,206.0,206.0,330.0,330.0,330.0
1.0,3342.0,1020.0,993.0,405.0,1245.0,415.0,415.0,415.0,331.0,331.0,331.0,340.0,340.0,340.0,1114.0,1114.0,1114.0,415.0,415.0,415.0,331.0,331.0,331.0
1.0,2727.0,996.0,993.0,618.0,1623.0,541.0,541.0,541.0,331.0,331.0,331.0,332.0,332.0,332.0,909.0,909.0,909.0,541.0,541.0,541.0,331.0,331.0,331.0
1.0,2349.0,996.0,993.0,1245.0,1374.0,458.0,458.0,458.0,331.0,331.0,331.0,332.0,332.0,332.0,783.0,783.0,783.0,458.0,458.0,458.0,331.0,331.0,331.0
1.0,2598.0,1014.0,996.0,1623.0,777.0,259.0,259.0,259.0,332.0,332.0,332.0,338.0,338.0,338.0,866.0,866.0,866.0,259.0,259.0,259.0,332.0,332.0,332.0
1.0,3207.0,996.0,996.0,1374.0,399.0,133.0,133.0,133.0,332.0,332.0,332.0,332.0,332.0,332.0,1069.0,1069.0,1069.0,133.0,133.0,133.0,332.0,332.0,332.0
1.0,3585.0,1047.0,999.0,777.0,681.0,227.0,227.0,227.0,333.0,333.0,333.0,349.0,349.0,349.0,1195.0,1195.0,1195.0,227.0,227.0,227.0,333.0,333.0,333.0
1.0,3315.0,993.0,999.0,399.0,1275.0,425.0,425.0,425.0,333.0,333.0,333.0,331.0,331.0,331.0,1105.0,1105.0,1105.0,425.0,425.0,425.0,333.0,333.0,333.0
1.0,2721.0,978.0,999.0,681.0,1572.0,524.0,524.0,524.0,333.0,333.0,333.0,326.0,326.0,326.0,907.0,907.0,907.0,524.0,524.0,524.0,333.0,333.0,333.0
1.0,2424.0,969.0,999.0,1275.0,1266.0,422.0,422.0,422.0,333.0,333.0,333.0,323.0,323.0,323.0,808.0,808.0,808.0,422.0,422.0,422.0,333.0,333.0,333.0
1.0,2730.0,990.0,1002.0,1572.0,696.0,232.0,232.0,232.0,334.0,334.0,334.0,330.0,330.0,330.0,910.0,910.0,910.0,232.0,232.0,232.0,334.0,334.0,334.0
1.0,3312.0,999.0,1002.0,1266.0,429.0,143.0,143.0,143.0,334.0,334.0,334.0,333.0,333.0,333.0,1104.0,1104.0,1104.0,143.0,143.0,143.0,334.0,334.0,334.0
1.0,3579.0,1029.0,1002.0,696.0,762.0,254.0,254.0,254.0,334.0,334.0,334.0,343.0,343.0,343.0,1193.0,1193.0,1193.0,254.0,254.0,254.0,334.0,334.0,334.0
1.0,3246.0,933.0,1002.0,429.0,1266.0,422.0,422.0,422.0,334.0,334.0,334.0,311.0,311.0,311.0,1082.0,1082.0,1082.0,422.0,422.0,422.0,334.0,334.0,334.0
1.0,2742.0,984.0,1002.0,762.0,1488.0,496.0,496.0,496.0,334.0,334.0,334.0,328.0,328.0,328.0,914.0,914.0,914.0,496.0,496.0,496.0,334.0,334.0,334.0
1.0,2520.0,990.0,1002.0,1266.0,1212.0,404.0,404.0,404.0,334.0,334.0,334.0,330.0,330.0,330.0,840.0,840.0,840.0,404.0,404.0,404.0,334.0,334.0,334.0
1.0,2796.0,1017.0,1002.0,1488.0,741.0,247.0,247.0,247.0,334.0,334.0,334.0,339.0,339.0,339.0,932.0,932.0,932.0,247.0,247.0,247.0,334.0,334.0,334.0
1.0,3267.0,1035.0,1002.0,1212.0,564.0,188.0,188.0,188.0,334.0,334.0,334.0,345.0,345.0,345.0,1089.0,1089.0,1089.0,188.0,188.0,188.0,334.0,334.0,334.0
1.0,3444.0,1020.0,1005.0,741.0,855.0,285.0,285.0,285.0,335.0,335.0,335.0,340.0,340.0,340.0,1148.0,1148.0,1148.0,285.0,285.0,285.0,335.0,335.0,335.0
1.0,3165.0,1038.0,1005.0,564.0,1329.0,443.0,443.0,443.0,335.0,335.0,335.0,346.0,346.0,346.0,1055.0,1055.0,1055.0,443.0,443.0,443.0,335.0,335.0,335.0
1.0,2691.0,1005.0,1005.0,855.0,1479.0,493.0,493.0,493.0,335.0,335.0,335.0,335.0,335.0,335.0,897.0,897.0,897.0,493.0,493.0,493.0,335.0,335.0,335.0
1.0,2541.0,1041.0,1008.0,1329.0,1203.0,401.0,401.0,401.0,336.0,336.0,336.0,347.0,347.0,347.0,847.0,847.0,847.0,401.0,401.0,401.0,336.0,336.0,336.0
1.0,2829.0,1008.0,1008.0,1479.0,732.0,244.0,244.0,244.0,336.0,336.0,336.0,336.0,336.0,336.0,943.0,943.0,943.0,244.0,244.0,244.0,336.0,336.0,336.0
1.0,3300.0,993.0,1005.0,1203.0,510.0,170.0,170.0,170.0,335.0,335.0,335.0,331.0,331.0,331.0,1100.0,1100.0,1100.0,170.0,170.0,170.0,335.0,335.0,335.0
1.0,3510.0,1002.0,1005.0,732.0,780.0,260.0,260.0,260.0,335.0,335.0,335.0,334.0,334.0,334.0,1170.0,1170.0,1170.0,260.0,260.0,260.0,335.0,335.0,335.0
1.0,3240.0,1056.0,1008.0,510.0,1338.0,446.0,446.0,446.0,336.0,336.0,336.0,352.0,352.0,352.0,1080.0,1080.0,1080.0,446.0,446.0,446.0,336.0,336.0,336.0
1.0,2694.0,1026.0,1005.0,780.0,1572.0,524.0,524.0,524.0,335.0,335.0,335.0,342.0,342.0,342.0,898.0,898.0,898.0,524.0,524.0,524.0,335.0,335.0,335.0
1.0,2448.0,1032.0,1008.0,1338.0,1278.0,426.0,426.0,426.0,336.0,336.0,336.0,344.0,344.0,344.0,816.0,816.0,816.0,426.0,426.0,426.0,336.0,336.0,336.0
1.0,2754.0,1032.0,1005.0,1572.0,726.0,242.0,242.0,242.0,335.0,335.0,335.0,344.0,344.0,344.0,918.0,918.0,918.0,242.0,242.0,242.0,335.0,335.0,335.0
1.0,3294.0,1020.0,1005.0,1278.0,468.0,156.0,156.0,156.0,335.0,335.0,335.0,340.0,340.0,340.0,1098.0,1098.0,1098.0,156.0,156.0,156.0,335.0,335.0,335.0
1.0,3552.0,1050.0,1008.0,726.0,804.0,268.0,268.0,268.0,336.0,336.0,336.0,350.0,350.0,350.0,1184.0,1184.0,1184.0,268.0,268.0,268.0,336.0,336.0,336.0
1.0,3228.0,1083.0,1011.0,468.0,1431.0,477.0,477.0,477.0,337.0,337.0,337.0,361.0,361.0,361.0,1076.0,1076.0,1076.0,477.0,477.0,477.0,337.0,337.0,337.0
1.0,2613.0,1041.0,1008.0,804.0,1656.0,552.0,552.0,552.0,336.0,336.0,336.0,347.0,347.0,347.0,871.0,871.0,871.0,552.0,552.0,552.0,336.0,336.0,336.0
1.0,2376.0,1026.0,1008.0,1431.0,1251.0,417.0,417.0,417.0,336.0,336.0,336.0,342.0,342.0,342.0,792.0,792.0,792.0,417.0,417.0,417.0,336.0,336.0,336.0
1.0,2781.0,1020.0,1011.0,1656.0,627.0,209.0,209.0,209.0,337.0,337.0,337.0,340.0,340.0,340.0,927.0,927.0,927.0,209.0,209.0,209.0,337.0,337.0,337.0
1.0,3417.0,1080.0,1011.0,1251.0,456.0,152.0,152.0,152.0,337.0,337.0,337.0,360.0,360.0,360.0,1139.0,1139.0,1139.0,152.0,152.0,152.0,337.0,337.0,337.0
1.0,3588.0,1089.0,1011.0,627.0,918.0,306.0,306.0,306.0,337.0,337.0,337.0,363.0,363.0,363.0,1196.0,1196.0,1196.0,306.0,306.0,306.0,337.0,337.0,337.0
1.0,3126.0,1023.0,1011.0,456.0,1485.0,495.0,495.0,495.0,337.0,337.0,337.0,341.0,341.0,341.0,1042.0,1042.0,1042.0,495.0,495.0,495.0,337.0,337.0,337.0
1.0,2559.0,1005.0,1014.0,918.0,1584.0,528.0,528.0,528.0,338.0,338.0,338.0,335.0,335.0,335.0,853.0,853.0,853.0,528.0,528.0,528.0,338.0,338.0,338.0
1.0,2472.0,1023.0,1014.0,1485.0,1122.0,374.0,374.0,374.0,338.0,338.0,338.0,341.0,341.0,341.0,824.0,824.0,824.0,374.0,374.0,374.0,338.0,338.0,338.0
1.0,2934.0,1029.0,1014.0,1584.0,567.0,189.0,189.0,189.0,338.0,338.0,338.0,343.0,343.0,343.0,978.0,978.0,978.0,189.0,189.0,189.0,338.0,338.0,338.0
1.0,3489.0,1020.0,1014.0,1122.0,465.0,155.0,155.0,155.0,338.0,338.0,338.0,340.0,340.0,340.0,1163.0,1163.0,1163.0,155.0,155.0,155.0,338.0,338.0,338.0
1.0,3591.0,1014.0,1014.0,567.0,912.0,304.0,304.0,304.0,338.0,338.0,338.0,338.0,338.0,338.0,1197.0,1197.0,1197.0,304.0,304.0,304.0,338.0,338.0,338.0
1.0,3144.0,1029.0,1014.0,465.0,1476.0,492.0,492.0,492.0,338.0,338.0,338.0,343.0,343.0,343.0,1048.0,1048.0,1048.0,492.0,492.0,492.0,338.0,338.0,338.0
1.0,2580.0,1029.0,1014.0,912.0,1593.0,531.0,531.0,531.0,338.0,338.0,338.0,343.0,343.0,343.0,860.0,860.0,860.0,531.0,531.0,531.0,338.0,338.0,338.0
1.0,2463.0,1086.0,1017.0,1476.0,1215.0,405.0,405.0,405.0,339.0,339.0,339.0,362.0,362.0,362.0,821.0,821.0,821.0,405.0,405.0,405.0,339.0,339.0,339.0
1.0,2853.0,1014.0,1017.0,1593.0,636.0,212.0,212.0,212.0,339.0,339.0,339.0,338.0,338.0,338.0,951.0,951.0,951.0,212.0,212.0,212.0,339.0,339.0,339.0
1.0,3432.0,1059.0,1020.0,1215.0,492.0,164.0,164.0,164.0,340.0,340.0,340.0,353.0,353.0,353.0,1144.0,1144.0,1144.0,164.0,164.0,164.0,340.0,340.0,340.0
1.0,3588.0,1041.0,1020.0,636.0,897.0,299.0,299.0,299.0,340.0,340.0,340.0,347.0,347.0,347.0,1196.0,1196.0,1196.0,299.0,299.0,299.0,340.0,340.0,340.0
1.0,3183.0,1077.0,1023.0,492.0,1494.0,498.0,498.0,498.0,341.0,341.0,341.0,359.0,359.0,359.0,1061.0,1061.0,1061.0,498.0,498.0,498.0,341.0,341.0,341.0
1.0,2598.0,1014.0,1023.0,897.0,1611.0,537.0,537.0,537.0,341.0,341.0,341.0,338.0,338.0,338.0,866.0,866.0,866.0,537.0,537.0,537.0,341.0,341.0,341.0
1.0,2481.0,1080.0,1023.0,1494.0,1197.0,399.0,399.0,399.0,341.0,341.0,341.0,360.0,360.0,360.0,827.0,827.0,827.0,399.0,399.0,399.0,341.0,341.0,341.0
1.0,2895.0,1053.0,1023.0,1611.0,639.0,213.0,213.0,213.0,341.0,341.0,341.0,351.0,351.0,351.0,965.0,965.0,965.0,213.0,213.0,213.0,341.0,341.0,341.0
1.0,3453.0,957.0,1023.0,1197.0,399.0,133.0,133.0,133.0,341.0,341.0,341.0,319.0,319.0,319.0,1151.0,1151.0,1151.0,133.0,133.0,133.0,341.0,341.0,341.0
1.0,3693.0,1005.0,1023.0,639.0,765.0,255.0,255.0,255.0,341.0,341.0,341.0,335.0,335.0,335.0,1231.0,1231.0,1231.0,255.0,255.0,255.0,341.0,341.0,341.0
1.0,3327.0,1002.0,1023.0,399.0,1368.0,456.0,456.0,456.0,341.0,341.0,341.0,334.0,334.0,334.0,1109.0,1109.0,1109.0,456.0,456.0,456.0,341.0,341.0,341.0
1.0,2724.0,1014.0,1023.0,765.0,1617.0,539.0,539.0,539.0,341.0,341.0,341.0,338.0,338.0,338.0,908.0,908.0,908.0,539.0,539.0,539.0,341.0,341.0,341.0
1.0,2475.0,1080.0,1026.0,1368.0,1341.0,447.0,447.0,447.0,342.0,342.0,342.0,360.0,360.0,360.0,825.0,825.0,825.0,447.0,447.0,447.0,342.0,342.0,342.0
1.0,2763.0,933.0,1023.0,1617.0,645.0,215.0,215.0,215.0,341.0,341.0,341.0,311.0,311.0,311.0,921.0,921.0,921.0,215.0,215.0,215.0,341.0,341.0,341.0
1.0,3447.0,1068.0,1023.0,1341.0,372.0,124.0,124.0,124.0,341.0,341.0,341.0,356.0,356.0,356.0,1149.0,1149.0,1149.0,124.0,124.0,124.0,341.0,341.0,341.0
1.0,3720.0,1056.0,1026.0,645.0,795.0,265.0,265.0,265.0,342.0,342.0,342.0,352.0,352.0,352.0,1240.0,1240.0,1240.0,265.0,265.0,265.0,342.0,342.0,342.0
1.0,3309.0,1032.0,1026.0,372.0,1455.0,485.0,485.0,485.0,342.0,342.0,342.0,344.0,344.0,344.0,1103.0,1103.0,1103.0,485.0,485.0,485.0,342.0,342.0,342.0
1.0,2649.0,1032.0,1026.0,795.0,1692.0,564.0,564.0,564.0,342.0,342.0,342.0,344.0,344.0,344.0,883.0,883.0,883.0,564.0,564.0,564.0,342.0,342.0,342.0
1.0,2412.0,1017.0,1029.0,1455.0,1266.0,422.0,422.0,422.0,343.0,343.0,343.0,339.0,339.0,339.0,804.0,804.0,804.0,422.0,422.0,422.0,343.0,343.0,343.0
1.0,2850.0,1035.0,1029.0,1692.0,609.0,203.0,203.0,203.0,343.0,343.0,343.0,345.0,345.0,345.0,950.0,950.0,950.0,203.0,203.0,203.0,343.0,343.0,343.0
1.0,3507.0,1017.0,1029.0,1266.0,360.0,120.0,120.0,120.0,343.0,343.0,343.0,339.0,339.0,339.0,1169.0,1169.0,1169.0,120.0,120.0,120.0,343.0,343.0,343.0
1.0,3756.0,1077.0,1032.0,609.0,840.0,280.0,280.0,280.0,344.0,344.0,344.0,359.0,359.0,359.0,1252.0,1252.0,1252.0,280.0,280.0,280.0,344.0,344.0,344.0
1.0,3288.0,1017.0,1032.0,360.0,1497.0,499.0,499.0,499.0,344.0,344.0,344.0,339.0,339.0,339.0,1096.0,1096.0,1096.0,499.0,499.0,499.0,344.0,344.0,344.0
1.0,2631.0,1050.0,1032.0,840.0,1707.0,569.0,569.0,569.0,344.0,344.0,344.0,350.0,350.0,350.0,877.0,877.0,877.0,569.0,569.0,569.0,344.0,344.0,344.0
1.0,2421.0,1020.0,1032.0,1497.0,1230.0,410.0,410.0,410.0,344.0,344.0,344.0,340.0,340.0,340.0,807.0,807.0,807.0,410.0,410.0,410.0,344.0,344.0,344.0
1.0,2898.0,1050.0,1032.0,1707.0,573.0,191.0,191.0,191.0,344.0,344.0,344.0,350.0,350.0,350.0,966.0,966.0,966.0,191.0,191.0,191.0,344.0,344.0,344.0
1.0,3555.0,1029.0,1032.0,1230.0,372.0,124.0,124.0,124.0,344.0,344.0,344.0,343.0,343.0,343.0,1185.0,1185.0,1185.0,124.0,124.0,124.0,344.0,344.0,344.0
1.0,3756.0,1044.0,1032.0,573.0,843.0,281.0,281.0,281.0,344.0,344.0,344.0,348.0,348.0,348.0,1252.0,1252.0,1252.0,281.0,281.0,281.0,344.0,344.0,344.0
1.0,3285.0,1044.0,1032.0,372.0,1515.0,505.0,505.0,505.0,344.0,344.0,344.0,348.0,348.0,348.0,1095.0,1095.0,1095.0,505.0,505.0,505.0,344.0,344.0,344.0
1.0,2613.0,1071.0,1035.0,843.0,1755.0,585.0,585.0,585.0,345.0,345.0,345.0,357.0,357.0,357.0,871.0,871.0,871.0,585.0,585.0,585.0,345.0,345.0,345.0
1.0,2385.0,1065.0,1035.0,1515.0,1305.0,435.0,435.0,435.0,345.0,345.0,345.0,355.0,355.0,355.0,795.0,795.0,795.0,435.0,435.0,435.0,345.0,345.0,345.0
1.0,2835.0,1101.0,1038.0,1755.0,663.0,221.0,221.0,221.0,346.0,346.0,346.0,367.0,367.0,367.0,945.0,945.0,945.0,221.0,221.0,221.0,346.0,346.0,346.0
1.0,3489.0,1077.0,1038.0,1305.0,435.0,145.0,145.0,145.0,346.0,346.0,346.0,359.0,359.0,359.0,1163.0,1163.0,1163.0,145.0,145.0,145.0,346.0,346.0,346.0
1.0,3717.0,1092.0,1038.0,663.0,864.0,288.0,288.0,288.0,346.0,346.0,346.0,364.0,364.0,364.0,1239.0,1239.0,1239.0,288.0,288.0,288.0,346.0,346.0,346.0
1.0,3288.0,1056.0,1041.0,435.0,1497.0,499.0,499.0,499.0,347.0,347.0,347.0,352.0,352.0,352.0,1096.0,1096.0,1096.0,499.0,499.0,499.0,347.0,347.0,347.0
1.0,2667.0,1065.0,1041.0,864.0,1698.0,566.0,566.0,566.0,347.0,347.0,347.0,355.0,355.0,355.0,889.0,889.0,889.0,566.0,566.0,566.0,347.0,347.0,347.0
1.0,2466.0,1080.0,1041.0,1497.0,1281.0,427.0,427.0,427.0,347.0,347.0,347.0,360.0,360.0,360.0,822.0,822.0,822.0,427.0,427.0,427.0,347.0,347.0,347.0
1.0,2883.0,1050.0,1041.0,1698.0,633.0,211.0,211.0,211.0,347.0,347.0,347.0,350.0,350.0,350.0,961.0,961.0,961.0,211.0,211.0,211.0,347.0,347.0,347.0
1.0,3531.0,1116.0,1041.0,1281.0,468.0,156.0,156.0,156.0,347.0,347.0,347.0,372.0,372.0,372.0,1177.0,1177.0,1177.0,156.0,156.0,156.0,347.0,347.0,347.0
1.0,3696.0,1128.0,1044.0,633.0,975.0,325.0,325.0,325.0,348.0,348.0,348.0,376.0,376.0,376.0,1232.0,1232.0,1232.0,325.0,325.0,325.0,348.0,348.0,348.0
1.0,3201.0,1068.0,1044.0,468.0,1575.0,525.0,525.0,525.0,348.0,348.0,348.0,356.0,356.0,356.0,1067.0,1067.0,1067.0,525.0,525.0,525.0,348.0,348.0,348.0
1.0,2601.0,1101.0,1047.0,975.0,1713.0,571.0,571.0,571.0,349.0,349.0,349.0,367.0,367.0,367.0,867.0,867.0,867.0,571.0,571.0,571.0,349.0,349.0,349.0
1.0,2475.0,1083.0,1047.0,1575.0,1221.0,407.0,407.0,407.0,349.0,349.0,349.0,361.0,361.0,361.0,825.0,825.0,825.0,407.0,407.0,407.0,349.0,349.0,349.0
1.0,2967.0,1119.0,1047.0,1713.0,627.0,209.0,209.0,209.0,349.0,349.0,349.0,373.0,373.0,373.0,989.0,989.0,989.0,209.0,209.0,209.0,349.0,349.0,349.0
1.0,3561.0,1077.0,1047.0,1221.0,483.0,161.0,161.0,161.0,349.0,349.0,349.0,359.0,359.0,359.0,1187.0,1187.0,1187.0,161.0,161.0,161.0,349.0,349.0,349.0
1.0,3705.0,1071.0,1050.0,627.0,939.0,313.0,313.0,313.0,350.0,350.0,350.0,357.0,357.0,357.0,1235.0,1235.0,1235.0,313.0,313.0,313.0,350.0,350.0,350.0
1.0,3261.0,1044.0,1050.0,483.0,1500.0,500.0,500.0,500.0,350.0,350.0,350.0,348.0,348.0,348.0,1087.0,1087.0,1087.0,500.0,500.0,500.0,350.0,350.0,350.0
1.0,2700.0,1041.0,1050.0,939.0,1602.0,534.0,534.0,534.0,350.0,350.0,350.0,347.0,347.0,347.0,900.0,900.0,900.0,534.0,534.0,534.0,350.0,350.0,350.0
1.0,2598.0,1065.0,1050.0,1500.0,1167.0,389.0,389.0,389.0,350.0,350.0,350.0,355.0,355.0,355.0,866.0,866.0,866.0,389.0,389.0,389.0,350.0,350.0,350.0
1.0,3033.0,1047.0,1050.0,1602.0,612.0,204.0,204.0,204.0,350.0,350.0,350.0,349.0,349.0,349.0,1011.0,1011.0,1011.0,204.0,204.0,204.0,350.0,350.0,350.0
1.0,3588.0,1068.0,1053.0,1167.0,525.0,175.0,175.0,175.0,351.0,351.0,351.0,356.0,356.0,356.0,1196.0,1196.0,1196.0,175.0,175.0,175.0,351.0,351.0,351.0
1.0,3687.0,1044.0,1053.0,612.0,957.0,319.0,319.0,319.0,351.0,351.0,351.0,348.0,348.0,348.0,1229.0,1229.0,1229.0,319.0,319.0,319.0,351.0,351.0,351.0
1.0,3255.0,1116.0,1053.0,525.0,1548.0,516.0,516.0,516.0,351.0,351.0,351.0,372.0,372.0,372.0,1085.0,1085.0,1085.0,516.0,516.0,516.0,351.0,351.0,351.0
1.0,2664.0,1068.0,1053.0,957.0,1659.0,553.0,553.0,553.0,351.0,351.0,351.0,356.0,356.0,356.0,888.0,888.0,888.0,553.0,553.0,553.0,351.0,351.0,351.0
1.0,2553.0,1059.0,1053.0,1548.0,1170.0,390.0,390.0,390.0,351.0,351.0,351.0,353.0,353.0,353.0,851.0,851.0,851.0,390.0,390.0,390.0,351.0,351.0,351.0
1.0,3042.0,1071.0,1056.0,1659.0,594.0,198.0,198.0,198.0,352.0,352.0,352.0,357.0,357.0,357.0,1014.0,1014.0,1014.0,198.0,198.0,198.0,352.0,352.0,352.0
1.0,3630.0,1086.0,1056.0,1170.0,510.0,170.0,170.0,170.0,352.0,352.0,352.0,362.0,362.0,362.0,1210.0,1210.0,1210.0,170.0,170.0,170.0,352.0,352.0,352.0
1.0,3714.0,1020.0,1056.0,594.0,936.0,312.0,312.0,312.0,352.0,352.0,352.0,340.0,340.0,340.0,1238.0,1238.0,1238.0,312.0,312.0,312.0,352.0,352.0,352.0
1.0,3288.0,1050.0,1053.0,510.0,1464.0,488.0,488.0,488.0,351.0,351.0,351.0,350.0,350.0,350.0,1096.0,1096.0,1096.0,488.0,488.0,488.0,351.0,351.0,351.0
1.0,2748.0,1017.0,1053.0,936.0,1545.0,515.0,515.0,515.0,351.0,351.0,351.0,339.0,339.0,339.0,916.0,916.0,916.0,515.0,515.0,515.0,351.0,351.0,351.0
1.0,2667.0,1038.0,1056.0,1464.0,1131.0,377.0,377.0,377.0,352.0,352.0,352.0,346.0,346.0,346.0,889.0,889.0,889.0,377.0,377.0,377.0,352.0,352.0,352.0
1.0,3093.0,1098.0,1056.0,1545.0,684.0,228.0,228.0,228.0,352.0,352.0,352.0,366.0,366.0,366.0,1031.0,1031.0,1031.0,228.0,228.0,228.0,352.0,352.0,352.0
1.0,3540.0,1053.0,1059.0,1131.0,618.0,206.0,206.0,206.0,353.0,353.0,353.0,351.0,351.0,351.0,1180.0,1180.0,1180.0,206.0,206.0,206.0,353.0,353.0,353.0
1.0,3618.0,1041.0,1059.0,684.0,975.0,325.0,325.0,325.0,353.0,353.0,353.0,347.0,347.0,347.0,1206.0,1206.0,1206.0,325.0,325.0,325.0,353.0,353.0,353.0
1.0,3261.0,1077.0,1059.0,618.0,1434.0,478.0,478.0,478.0,353.0,353.0,353.0,359.0,359.0,359.0,1087.0,1087.0,1087.0,478.0,478.0,478.0,353.0,353.0,353.0
1.0,2802.0,1002.0,1059.0,975.0,1461.0,487.0,487.0,487.0,353.0,353.0,353.0,334.0,334.0,334.0,934.0,934.0,934.0,487.0,487.0,487.0,353.0,353.0,353.0
1.0,2775.0,1056.0,1059.0,1434.0,1083.0,361.0,361.0,361.0,353.0,353.0,353.0,352.0,352.0,352.0,925.0,925.0,925.0,361.0,361.0,361.0,353.0,353.0,353.0
1.0,3153.0,1077.0,1059.0,1461.0,699.0,233.0,233.0,233.0,353.0,353.0,353.0,359.0,359.0,359.0,1051.0,1051.0,1051.0,233.0,233.0,233.0,353.0,353.0,353.0
1.0,3537.0,1065.0,1062.0,1083.0,693.0,231.0,231.0,231.0,354.0,354.0,354.0,355.0,355.0,355.0,1179.0,1179.0,1179.0,231.0,231.0,231.0,354.0,354.0,354.0
1.0,3555.0,1080.0,1062.0,699.0,1074.0,358.0,358.0,358.0,354.0,354.0,354.0,360.0,360.0,360.0,1185.0,1185.0,1185.0,358.0,358.0,358.0,354.0,354.0,354.0
1.0,3174.0,1062.0,1062.0,693.0,1443.0,481.0,481.0,481.0,354.0,354.0,354.0,354.0,354.0,354.0,1058.0,1058.0,1058.0,481.0,481.0,481.0,354.0,354.0,354.0
1.0,2805.0,1068.0,1062.0,1074.0,1437.0,479.0,479.0,479.0,354.0,354.0,354.0,356.0,356.0,356.0,935.0,935.0,935.0,479.0,479.0,479.0,354.0,354.0,354.0
1.0,2811.0,1008.0,1062.0,1443.0,1002.0,334.0,334.0,334.0,354.0,354.0,354.0,336.0,336.0,336.0,937.0,937.0,937.0,334.0,334.0,334.0,354.0,354.0,354.0
1.0,3246.0,1026.0,1062.0,1437.0,591.0,197.0,197.0,197.0,354.0,354.0,354.0,342.0,342.0,342.0,1082.0,1082.0,1082.0,197.0,197.0,197.0,354.0,354.0,354.0
1.0,3657.0,1050.0,1062.0,1002.0,639.0,213.0,213.0,213.0,354.0,354.0,354.0,350.0,350.0,350.0,1219.0,1219.0,1219.0,213.0,213.0,213.0,354.0,354.0,354.0
1.0,3609.0,1095.0,1062.0,591.0,1143.0,381.0,381.0,381.0,354.0,354.0,354.0,365.0,365.0,365.0,1203.0,1203.0,1203.0,381.0,381.0,381.0,354.0,354.0,354.0
1.0,3105.0,1071.0,1065.0,639.0,1587.0,529.0,529.0,529.0,355.0,355.0,355.0,357.0,357.0,357.0,1035.0,1035.0,1035.0,529.0,529.0,529.0,355.0,355.0,355.0
1.0,2673.0,1098.0,1065.0,1143.0,1542.0,514.0,514.0,514.0,355.0,355.0,355.0,366.0,366.0,366.0,891.0,891.0,891.0,514.0,514.0,514.0,355.0,355.0,355.0
1.0,2718.0,1104.0,1068.0,1587.0,1071.0,357.0,357.0,357.0,356.0,356.0,356.0,368.0,368.0,368.0,906.0,906.0,906.0,357.0,357.0,357.0,356.0,356.0,356.0
1.0,3201.0,1089.0,1068.0,1542.0,618.0,206.0,206.0,206.0,356.0,356.0,356.0,363.0,363.0,363.0,1067.0,1067.0,1067.0,206.0,206.0,206.0,356.0,356.0,356.0
1.0,3654.0,1146.0,1071.0,1071.0,705.0,235.0,235.0,235.0,357.0,357.0,357.0,382.0,382.0,382.0,1218.0,1218.0,1218.0,235.0,235.0,235.0,357.0,357.0,357.0
1.0,3579.0,1083.0,1071.0,618.0,1170.0,390.0,390.0,390.0,357.0,357.0,357.0,361.0,361.0,361.0,1193.0,1193.0,1193.0,390.0,390.0,390.0,357.0,357.0,357.0
1.0,3114.0,1080.0,1071.0,705.0,1545.0,515.0,515.0,515.0,357.0,357.0,357.0,360.0,360.0,360.0,1038.0,1038.0,1038.0,515.0,515.0,515.0,357.0,357.0,357.0
1.0,2739.0,1083.0,1071.0,1170.0,1458.0,486.0,486.0,486.0,357.0,357.0,357.0,361.0,361.0,361.0,913.0,913.0,913.0,486.0,486.0,486.0,357.0,357.0,357.0
1.0,2826.0,1059.0,1068.0,1545.0,960.0,320.0,320.0,320.0,356.0,356.0,356.0,353.0,353.0,353.0,942.0,942.0,942.0,320.0,320.0,320.0,356.0,356.0,356.0
1.0,3312.0,1074.0,1068.0,1458.0,576.0,192.0,192.0,192.0,356.0,356.0,356.0,358.0,358.0,358.0,1104.0,1104.0,1104.0,192.0,192.0,192.0,356.0,356.0,356.0
1.0,3696.0,1137.0,1071.0,960.0,765.0,255.0,255.0,255.0,357.0,357.0,357.0,379.0,379.0,379.0,1232.0,1232.0,1232.0,255.0,255.0,255.0,357.0,357.0,357.0
1.0,3519.0,1083.0,1071.0,576.0,1272.0,424.0,424.0,424.0,357.0,357.0,357.0,361.0,361.0,361.0,1173.0,1173.0,1173.0,424.0,424.0,424.0,357.0,357.0,357.0
1.0,3012.0,1113.0,1071.0,765.0,1620.0,540.0,540.0,540.0,357.0,357.0,357.0,371.0,371.0,371.0,1004.0,1004.0,1004.0,540.0,540.0,540.0,357.0,357.0,357.0
1.0,2664.0,1098.0,1074.0,1272.0,1458.0,486.0,486.0,486.0,358.0,358.0,358.0,366.0,366.0,366.0,888.0,888.0,888.0,486.0,486.0,486.0,358.0,358.0,358.0
1.0,2838.0,1137.0,1074.0,1620.0,975.0,325.0,325.0,325.0,358.0,358.0,358.0,379.0,379.0,379.0,946.0,946.0,946.0,325.0,325.0,325.0,358.0,358.0,358.0
1.0,3321.0,1131.0,1074.0,1458.0,648.0,216.0,216.0,216.0,358.0,358.0,358.0,377.0,377.0,377.0,1107.0,1107.0,1107.0,216.0,216.0,216.0,358.0,358.0,358.0
1.0,3648.0,1080.0,1074.0,975.0,753.0,251.0,251.0,251.0,358.0,358.0,358.0,360.0,360.0,360.0,1216.0,1216.0,1216.0,251.0,251.0,251.0,358.0,358.0,358.0
1.0,3543.0,1086.0,1074.0,648.0,1191.0,397.0,397.0,397.0,358.0,358.0,358.0,362.0,362.0,362.0,1181.0,1181.0,1181.0,397.0,397.0,397.0,358.0,358.0,358.0
1.0,3105.0,1086.0,1074.0,753.0,1524.0,508.0,508.0,508.0,358.0,358.0,358.0,362.0,362.0,362.0,1035.0,1035.0,1035.0,508.0,508.0,508.0,358.0,358.0,358.0
1.0,2772.0,1113.0,1074.0,1191.0,1446.0,482.0,482.0,482.0,358.0,358.0,358.0,371.0,371.0,371.0,924.0,924.0,924.0,482.0,482.0,482.0,358.0,358.0,358.0
1.0,2850.0,1158.0,1074.0,1524.0,1080.0,360.0,360.0,360.0,358.0,358.0,358.0,386.0,386.0,386.0,950.0,950.0,950.0,360.0,360.0,360.0,358.0,358.0,358.0
1.0,3216.0,1146.0,1077.0,1446.0,792.0,264.0,264.0,264.0,359.0,359.0,359.0,382.0,382.0,382.0,1072.0,1072.0,1072.0,264.0,264.0,264.0,359.0,359.0,359.0
1.0,3516.0,1080.0,1077.0,1080.0,792.0,264.0,264.0,264.0,359.0,359.0,359.0,360.0,360.0,360.0,1172.0,1172.0,1172.0,264.0,264.0,264.0,359.0,359.0,359.0
1.0,3516.0,1149.0,1080.0,792.0,1161.0,387.0,387.0,387.0,360.0,360.0,360.0,383.0,383.0,383.0,1172.0,1172.0,1172.0,387.0,387.0,387.0,360.0,360.0,360.0
1.0,3159.0,1083.0,1080.0,792.0,1452.0,484.0,484.0,484.0,360.0,360.0,360.0,361.0,361.0,361.0,1053.0,1053.0,1053.0,484.0,484.0,484.0,360.0,360.0,360.0
1.0,2868.0,1080.0,1080.0,1161.0,1371.0,457.0,457.0,457.0,360.0,360.0,360.0,360.0,360.0,360.0,956.0,956.0,956.0,457.0,457.0,457.0,360.0,360.0,360.0
1.0,2949.0,1113.0,1080.0,1452.0,1032.0,344.0,344.0,344.0,360.0,360.0,360.0,371.0,371.0,371.0,983.0,983.0,983.0,344.0,344.0,344.0,360.0,360.0,360.0
1.0,3288.0,1047.0,1080.0,1371.0,708.0,236.0,236.0,236.0,360.0,360.0,360.0,349.0,349.0,349.0,1096.0,1096.0,1096.0,236.0,236.0,236.0,360.0,360.0,360.0
1.0,3612.0,1116.0,1080.0,1032.0,792.0,264.0,264.0,264.0,360.0,360.0,360.0,372.0,372.0,372.0,1204.0,1204.0,1204.0,264.0,264.0,264.0,360.0,360.0,360.0
1.0,3528.0,1017.0,1080.0,708.0,1101.0,367.0,367.0,367.0,360.0,360.0,360.0,339.0,339.0,339.0,1176.0,1176.0,1176.0,367.0,367.0,367.0,360.0,360.0,360.0
1.0,3219.0,1119.0,1080.0,792.0,1428.0,476.0,476.0,476.0,360.0,360.0,360.0,373.0,373.0,373.0,1073.0,1073.0,1073.0,476.0,476.0,476.0,360.0,360.0,360.0
1.0,2892.0,1077.0,1080.0,1101.0,1404.0,468.0,468.0,468.0,360.0,360.0,360.0,359.0,359.0,359.0,964.0,964.0,964.0,468.0,468.0,468.0,360.0,360.0,360.0
1.0,2916.0,1098.0,1080.0,1428.0,1074.0,358.0,358.0,358.0,360.0,360.0,360.0,366.0,366.0,366.0,972.0,972.0,972.0,358.0,358.0,358.0,360.0,360.0,360.0
1.0,3246.0,1101.0,1083.0,1404.0,783.0,261.0,261.0,261.0,361.0,361.0,361.0,367.0,367.0,367.0,1082.0,1082.0,1082.0,261.0,261.0,261.0,361.0,361.0,361.0
1.0,3549.0,1125.0,1083.0,1074.0,834.0,278.0,278.0,278.0,361.0,361.0,361.0,375.0,375.0,375.0,1183.0,1183.0,1183.0,278.0,278.0,278.0,361.0,361.0,361.0
1.0,3498.0,1116.0,1086.0,783.0,1179.0,393.0,393.0,393.0,362.0,362.0,362.0,372.0,372.0,372.0,1166.0,1166.0,1166.0,393.0,393.0,393.0,362.0,362.0,362.0
1.0,3165.0,1068.0,1086.0,834.0,1413.0,471.0,471.0,471.0,362.0,362.0,362.0,356.0,356.0,356.0,1055.0,1055.0,1055.0,471.0,471.0,471.0,362.0,362.0,362.0
1.0,2931.0,1074.0,1086.0,1179.0,1308.0,436.0,436.0,436.0,362.0,362.0,362.0,358.0,358.0,358.0,977.0,977.0,977.0,436.0,436.0,436.0,362.0,362.0,362.0
1.0,3036.0,1056.0,1086.0,1413.0,951.0,317.0,317.0,317.0,362.0,362.0,362.0,352.0,352.0,352.0,1012.0,1012.0,1012.0,317.0,317.0,317.0,362.0,362.0,362.0
1.0,3393.0,1065.0,1086.0,1308.0,708.0,236.0,236.0,236.0,362.0,362.0,362.0,355.0,355.0,355.0,1131.0,1131.0,1131.0,236.0,236.0,236.0,362.0,362.0,362.0
1.0,3636.0,1062.0,1086.0,951.0,819.0,273.0,273.0,273.0,362.0,362.0,362.0,354.0,354.0,354.0,1212.0,1212.0,1212.0,273.0,273.0,273.0,362.0,362.0,362.0
1.0,3525.0,1131.0,1089.0,708.0,1254.0,418.0,418.0,418.0,363.0,363.0,363.0,377.0,377.0,377.0,1175.0,1175.0,1175.0,418.0,418.0,418.0,363.0,363.0,363.0
1.0,3102.0,1098.0,1089.0,819.0,1533.0,511.0,511.0,511.0,363.0,363.0,363.0,366.0,366.0,366.0,1034.0,1034.0,1034.0,511.0,511.0,511.0,363.0,363.0,363.0
1.0,2823.0,1092.0,1089.0,1254.0,1371.0,457.0,457.0,457.0,363.0,363.0,363.0,364.0,364.0,364.0,941.0,941.0,941.0,457.0,457.0,457.0,363.0,363.0,363.0
1.0,2985.0,1089.0,1089.0,1533.0,927.0,309.0,309.0,309.0,363.0,363.0,363.0,363.0,363.0,363.0,995.0,995.0,995.0,309.0,309.0,309.0,363.0,363.0,363.0
1.0,3429.0,1095.0,1092.0,1371.0,663.0,221.0,221.0,221.0,364.0,364.0,364.0,365.0,365.0,365.0,1143.0,1143.0,1143.0,221.0,221.0,221.0,364.0,364.0,364.0
1.0,3705.0,1083.0,1092.0,927.0,819.0,273.0,273.0,273.0,364.0,364.0,364.0,361.0,361.0,361.0,1235.0,1235.0,1235.0,273.0,273.0,273.0,364.0,364.0,364.0
1.0,3549.0,1119.0,1092.0,663.0,1275.0,425.0,425.0,425.0,364.0,364.0,364.0,373.0,373.0,373.0,1183.0,1183.0,1183.0,425.0,425.0,425.0,364.0,364.0,364.0
1.0,3093.0,1128.0,1095.0,819.0,1596.0,532.0,532.0,532.0,365.0,365.0,365.0,376.0,376.0,376.0,1031.0,1031.0,1031.0,532.0,532.0,532.0,365.0,365.0,365.0
1.0,2784.0,1122.0,1095.0,1275.0,1443.0,481.0,481.0,481.0,365.0,365.0,365.0,374.0,374.0,374.0,928.0,928.0,928.0,481.0,481.0,481.0,365.0,365.0,365.0
1.0,2937.0,1086.0,1098.0,1596.0,945.0,315.0,315.0,315.0,366.0,366.0,366.0,362.0,362.0,362.0,979.0,979.0,979.0,315.0,315.0,315.0,366.0,366.0,366.0
1.0,3447.0,1086.0,1098.0,1443.0,588.0,196.0,196.0,196.0,366.0,366.0,366.0,362.0,362.0,362.0,1149.0,1149.0,1149.0,196.0,196.0,196.0,366.0,366.0,366.0
1.0,3804.0,1122.0,1098.0,945.0,765.0,255.0,255.0,255.0,366.0,366.0,366.0,374.0,374.0,374.0,1268.0,1268.0,1268.0,255.0,255.0,255.0,366.0,366.0,366.0
1.0,3627.0,1056.0,1098.0,588.0,1233.0,411.0,411.0,411.0,366.0,366.0,366.0,352.0,352.0,352.0,1209.0,1209.0,1209.0,411.0,411.0,411.0,366.0,366.0,366.0
1.0,3159.0,1170.0,1098.0,765.0,1638.0,546.0,546.0,546.0,366.0,366.0,366.0,390.0,390.0,390.0,1053.0,1053.0,1053.0,546.0,546.0,546.0,366.0,366.0,366.0
1.0,2754.0,1119.0,1098.0,1233.0,1524.0,508.0,508.0,508.0,366.0,366.0,366.0,373.0,373.0,373.0,918.0,918.0,918.0,508.0,508.0,508.0,366.0,366.0,366.0
1.0,2868.0,1122.0,1098.0,1638.0,1008.0,336.0,336.0,336.0,366.0,366.0,366.0,374.0,374.0,374.0,956.0,956.0,956.0,336.0,336.0,336.0,366.0,366.0,366.0
1.0,3384.0,1170.0,1101.0,1524.0,666.0,222.0,222.0,222.0,367.0,367.0,367.0,390.0,390.0,390.0,1128.0,1128.0,1128.0,222.0,222.0,222.0,367.0,367.0,367.0
1.0,3738.0,1134.0,1101.0,1008.0,792.0,264.0,264.0,264.0,367.0,367.0,367.0,378.0,378.0,378.0,1246.0,1246.0,1246.0,264.0,264.0,264.0,367.0,367.0,367.0
1.0,3612.0,1089.0,1101.0,666.0,1215.0,405.0,405.0,405.0,367.0,367.0,367.0,363.0,363.0,363.0,1204.0,1204.0,1204.0,405.0,405.0,405.0,367.0,367.0,367.0
1.0,3189.0,1155.0,1104.0,792.0,1590.0,530.0,530.0,530.0,368.0,368.0,368.0,385.0,385.0,385.0,1063.0,1063.0,1063.0,530.0,530.0,530.0,368.0,368.0,368.0
1.0,2826.0,1092.0,1104.0,1215.0,1467.0,489.0,489.0,489.0,368.0,368.0,368.0,364.0,364.0,364.0,942.0,942.0,942.0,489.0,489.0,489.0,368.0,368.0,368.0
1.0,2949.0,1116.0,1104.0,1590.0,993.0,331.0,331.0,331.0,368.0,368.0,368.0,372.0,372.0,372.0,983.0,983.0,983.0,331.0,331.0,331.0,368.0,368.0,368.0
1.0,3423.0,1110.0,1104.0,1467.0,636.0,212.0,212.0,212.0,368.0,368.0,368.0,370.0,370.0,370.0,1141.0,1141.0,1141.0,212.0,212.0,212.0,368.0,368.0,368.0
1.0,3780.0,1119.0,1104.0,993.0,762.0,254.0,254.0,254.0,368.0,368.0,368.0,373.0,373.0,373.0,1260.0,1260.0,1260.0,254.0,254.0,254.0,368.0,368.0,368.0
1.0,3654.0,1152.0,1104.0,636.0,1278.0,426.0,426.0,426.0,368.0,368.0,368.0,384.0,384.0,384.0,1218.0,1218.0,1218.0,426.0,426.0,426.0,368.0,368.0,368.0
1.0,3138.0,1149.0,1104.0,762.0,1665.0,555.0,555.0,555.0,368.0,368.0,368.0,383.0,383.0,383.0,1046.0,1046.0,1046.0,555.0,555.0,555.0,368.0,368.0,368.0
1.0,2751.0,1140.0,1104.0,1278.0,1527.0,509.0,509.0,509.0,368.0,368.0,368.0,380.0,380.0,380.0,917.0,917.0,917.0,509.0,509.0,509.0,368.0,368.0,368.0
1.0,2889.0,1134.0,1107.0,1665.0,1008.0,336.0,336.0,336.0,369.0,369.0,369.0,378.0,378.0,378.0,963.0,963.0,963.0,336.0,336.0,336.0,369.0,369.0,369.0
1.0,3420.0,1098.0,1107.0,1527.0,579.0,193.0,193.0,193.0,369.0,369.0,369.0,366.0,366.0,366.0,1140.0,1140.0,1140.0,193.0,193.0,193.0,369.0,369.0,369.0
1.0,3849.0,1101.0,1107.0,1008.0,672.0,224.0,224.0,224.0,369.0,369.0,369.0,367.0,367.0,367.0,1283.0,1283.0,1283.0,224.0,224.0,224.0,369.0,369.0,369.0
1.0,3756.0,1146.0,1107.0,579.0,1239.0,413.0,413.0,413.0,369.0,369.0,369.0,382.0,382.0,382.0,1252.0,1252.0,1252.0,413.0,413.0,413.0,369.0,369.0,369.0
1.0,3189.0,1182.0,1107.0,672.0,1749.0,583.0,583.0,583.0,369.0,369.0,369.0,394.0,394.0,394.0,1063.0,1063.0,1063.0,583.0,583.0,583.0,369.0,369.0,369.0
1.0,2679.0,1098.0,1107.0,1239.0,1608.0,536.0,536.0,536.0,369.0,369.0,369.0,366.0,366.0,366.0,893.0,893.0,893.0,536.0,536.0,536.0,369.0,369.0,369.0
1.0,2820.0,1188.0,1110.0,1749.0,1059.0,353.0,353.0,353.0,370.0,370.0,370.0,396.0,396.0,396.0,940.0,940.0,940.0,353.0,353.0,353.0,370.0,370.0,370.0
1.0,3381.0,1113.0,1107.0,1608.0,552.0,184.0,184.0,184.0,369.0,369.0,369.0,371.0,371.0,371.0,1127.0,1127.0,1127.0,184.0,184.0,184.0,369.0,369.0,369.0
1.0,3876.0,1134.0,1110.0,1059.0,639.0,213.0,213.0,213.0,370.0,370.0,370.0,378.0,378.0,378.0,1292.0,1292.0,1292.0,213.0,213.0,213.0,370.0,370.0,370.0
1.0,3801.0,1086.0,1110.0,552.0,1173.0,391.0,391.0,391.0,370.0,370.0,370.0,362.0,362.0,362.0,1267.0,1267.0,1267.0,391.0,391.0,391.0,370.0,370.0,370.0
1.0,3267.0,1158.0,1110.0,639.0,1692.0,564.0,564.0,564.0,370.0,370.0,370.0,386.0,386.0,386.0,1089.0,1089.0,1089.0,564.0,564.0,564.0,370.0,370.0,370.0
1.0,2748.0,1119.0,1110.0,1173.0,1638.0,546.0,546.0,546.0,370.0,370.0,370.0,373.0,373.0,373.0,916.0,916.0,916.0,546.0,546.0,546.0,370.0,370.0,370.0
1.0,2802.0,1116.0,1110.0,1692.0,1062.0,354.0,354.0,354.0,370.0,370.0,370.0,372.0,372.0,372.0,934.0,934.0,934.0,354.0,354.0,354.0,370.0,370.0,370.0
1.0,3378.0,1137.0,1113.0,1638.0,573.0,191.0,191.0,191.0,371.0,371.0,371.0,379.0,379.0,379.0,1126.0,1126.0,1126.0,191.0,191.0,191.0,371.0,371.0,371.0
1.0,3879.0,1158.0,1116.0,1062.0,681.0,227.0,227.0,227.0,372.0,372.0,372.0,386.0,386.0,386.0,1293.0,1293.0,1293.0,227.0,227.0,227.0,372.0,372.0,372.0
1.0,3783.0,1131.0,1116.0,573.0,1239.0,413.0,413.0,413.0,372.0,372.0,372.0,377.0,377.0,377.0,1261.0,1261.0,1261.0,413.0,413.0,413.0,372.0,372.0,372.0
1.0,3225.0,1113.0,1116.0,681.0,1671.0,557.0,557.0,557.0,372.0,372.0,372.0,371.0,371.0,371.0,1075.0,1075.0,1075.0,557.0,557.0,557.0,372.0,372.0,372.0
1.0,2793.0,1146.0,1116.0,1239.0,1578.0,526.0,526.0,526.0,372.0,372.0,372.0,382.0,382.0,382.0,931.0,931.0,931.0,526.0,526.0,526.0,372.0,372.0,372.0
1.0,2886.0,1077.0,1116.0,1671.0,984.0,328.0,328.0,328.0,372.0,372.0,372.0,359.0,359.0,359.0,962.0,962.0,962.0,328.0,328.0,328.0,372.0,372.0,372.0
1.0,3480.0,1158.0,1116.0,1578.0,564.0,188.0,188.0,188.0,372.0,372.0,372.0,386.0,386.0,386.0,1160.0,1160.0,1160.0,188.0,188.0,188.0,372.0,372.0,372.0
1.0,3900.0,1089.0,1116.0,984.0,669.0,223.0,223.0,223.0,372.0,372.0,372.0,363.0,363.0,363.0,1300.0,1300.0,1300.0,223.0,223.0,223.0,372.0,372.0,372.0
1.0,3795.0,1140.0,1119.0,564.0,1257.0,419.0,419.0,419.0,373.0,373.0,373.0,380.0,380.0,380.0,1265.0,1265.0,1265.0,419.0,419.0,419.0,373.0,373.0,373.0
1.0,3219.0,1164.0,1119.0,669.0,1752.0,584.0,584.0,584.0,373.0,373.0,373.0,388.0,388.0,388.0,1073.0,1073.0,1073.0,584.0,584.0,584.0,373.0,373.0,373.0
1.0,2724.0,1146.0,1122.0,1257.0,1653.0,551.0,551.0,551.0,374.0,374.0,374.0,382.0,382.0,382.0,908.0,908.0,908.0,551.0,551.0,551.0,374.0,374.0,374.0
1.0,2835.0,1104.0,1122.0,1752.0,1005.0,335.0,335.0,335.0,374.0,374.0,374.0,368.0,368.0,368.0,945.0,945.0,945.0,335.0,335.0,335.0,374.0,374.0,374.0
1.0,3483.0,1143.0,1122.0,1653.0,495.0,165.0,165.0,165.0,374.0,374.0,374.0,381.0,381.0,381.0,1161.0,1161.0,1161.0,165.0,165.0,165.0,374.0,374.0,374.0
1.0,3993.0,1125.0,1122.0,1005.0,615.0,205.0,205.0,205.0,374.0,374.0,374.0,375.0,375.0,375.0,1331.0,1331.0,1331.0,205.0,205.0,205.0,374.0,374.0,374.0
1.0,3873.0,1113.0,1125.0,495.0,1245.0,415.0,415.0,415.0,375.0,375.0,375.0,371.0,371.0,371.0,1291.0,1291.0,1291.0,415.0,415.0,415.0,375.0,375.0,375.0
1.0,3255.0,1146.0,1125.0,615.0,1776.0,592.0,592.0,592.0,375.0,375.0,375.0,382.0,382.0,382.0,1085.0,1085.0,1085.0,592.0,592.0,592.0,375.0,375.0,375.0
1.0,2724.0,1122.0,1125.0,1245.0,1653.0,551.0,551.0,551.0,375.0,375.0,375.0,374.0,374.0,374.0,908.0,908.0,908.0,551.0,551.0,551.0,375.0,375.0,375.0
1.0,2847.0,1104.0,1125.0,1776.0,981.0,327.0,327.0,327.0,375.0,375.0,375.0,368.0,368.0,368.0,949.0,949.0,949.0,327.0,327.0,327.0,375.0,375.0,375.0
1.0,3519.0,1125.0,1125.0,1653.0,453.0,151.0,151.0,151.0,375.0,375.0,375.0,375.0,375.0,375.0,1173.0,1173.0,1173.0,151.0,151.0,151.0,375.0,375.0,375.0
1.0,4047.0,1125.0,1125.0,981.0,597.0,199.0,199.0,199.0,375.0,375.0,375.0,375.0,375.0,375.0,1349.0,1349.0,1349.0,199.0,199.0,199.0,375.0,375.0,375.0
1.0,3903.0,1143.0,1125.0,453.0,1287.0,429.0,429.0,429.0,375.0,375.0,375.0,381.0,381.0,381.0,1301.0,1301.0,1301.0,429.0,429.0,429.0,375.0,375.0,375.0
1.0,3213.0,1164.0,1128.0,597.0,1866.0,622.0,622.0,622.0,376.0,376.0,376.0,388.0,388.0,388.0,1071.0,1071.0,1071.0,622.0,622.0,622.0,376.0,376.0,376.0
1.0,2646.0,1140.0,1128.0,1287.0,1719.0,573.0,573.0,573.0,376.0,376.0,376.0,380.0,380.0,380.0,882.0,882.0,882.0,573.0,573.0,573.0,376.0,376.0,376.0
1.0,2793.0,1143.0,1128.0,1866.0,996.0,332.0,332.0,332.0,376.0,376.0,376.0,381.0,381.0,381.0,931.0,931.0,931.0,332.0,332.0,332.0,376.0,376.0,376.0
1.0,3516.0,1152.0,1131.0,1719.0,441.0,147.0,147.0,147.0,377.0,377.0,377.0,384.0,384.0,384.0,1172.0,1172.0,1172.0,147.0,147.0,147.0,377.0,377.0,377.0
1.0,4083.0,1149.0,1131.0,996.0,594.0,198.0,198.0,198.0,377.0,377.0,377.0,383.0,383.0,383.0,1361.0,1361.0,1361.0,198.0,198.0,198.0,377.0,377.0,377.0
1.0,3930.0,1140.0,1131.0,441.0,1293.0,431.0,431.0,431.0,377.0,377.0,377.0,380.0,380.0,380.0,1310.0,1310.0,1310.0,431.0,431.0,431.0,377.0,377.0,377.0
1.0,3231.0,1161.0,1131.0,594.0,1860.0,620.0,620.0,620.0,377.0,377.0,377.0,387.0,387.0,387.0,1077.0,1077.0,1077.0,620.0,620.0,620.0,377.0,377.0,377.0
1.0,2664.0,1149.0,1131.0,1293.0,1716.0,572.0,572.0,572.0,377.0,377.0,377.0,383.0,383.0,383.0,888.0,888.0,888.0,572.0,572.0,572.0,377.0,377.0,377.0
1.0,2808.0,1125.0,1131.0,1860.0,981.0,327.0,327.0,327.0,377.0,377.0,377.0,375.0,375.0,375.0,936.0,936.0,936.0,327.0,327.0,327.0,377.0,377.0,377.0
1.0,3543.0,1128.0,1131.0,1716.0,393.0,131.0,131.0,131.0,377.0,377.0,377.0,376.0,376.0,376.0,1181.0,1181.0,1181.0,131.0,131.0,131.0,377.0,377.0,377.0
1.0,4131.0,1140.0,1131.0,981.0,552.0,184.0,184.0,184.0,377.0,377.0,377.0,380.0,380.0,380.0,1377.0,1377.0,1377.0,184.0,184.0,184.0,377.0,377.0,377.0
1.0,3972.0,1176.0,1134.0,393.0,1347.0,449.0,449.0,449.0,378.0,378.0,378.0,392.0,392.0,392.0,1324.0,1324.0,1324.0,449.0,449.0,449.0,378.0,378.0,378.0
1.0,3189.0,1224.0,1134.0,552.0,2019.0,673.0,673.0,673.0,378.0,378.0,378.0,408.0,408.0,408.0,1063.0,1063.0,1063.0,673.0,673.0,673.0,378.0,378.0,378.0
1.0,2517.0,1146.0,1137.0,1347.0,1830.0,610.0,610.0,610.0,379.0,379.0,379.0,382.0,382.0,382.0,839.0,839.0,839.0,610.0,610.0,610.0,379.0,379.0,379.0
1.0,2718.0,1149.0,1137.0,2019.0,960.0,320.0,320.0,320.0,379.0,379.0,379.0,383.0,383.0,383.0,906.0,906.0,906.0,320.0,320.0,320.0,379.0,379.0,379.0
1.0,3588.0,1182.0,1137.0,1830.0,312.0,104.0,104.0,104.0,379.0,379.0,379.0,394.0,394.0,394.0,1196.0,1196.0,1196.0,104.0,104.0,104.0,379.0,379.0,379.0
1.0,4236.0,1110.0,1137.0,960.0,462.0,154.0,154.0,154.0,379.0,379.0,379.0,370.0,370.0,370.0,1412.0,1412.0,1412.0,154.0,154.0,154.0,379.0,379.0,379.0
1.0,4086.0,1149.0,1137.0,312.0,1299.0,433.0,433.0,433.0,379.0,379.0,379.0,383.0,383.0,383.0,1362.0,1362.0,1362.0,433.0,433.0,433.0,379.0,379.0,379.0
1.0,3249.0,1191.0,1137.0,462.0,2028.0,676.0,676.0,676.0,379.0,379.0,379.0,397.0,397.0,397.0,1083.0,1083.0,1083.0,676.0,676.0,676.0,379.0,379.0,379.0
1.0,2520.0,1194.0,1140.0,1299.0,1935.0,645.0,645.0,645.0,380.0,380.0,380.0,398.0,398.0,398.0,840.0,840.0,840.0,645.0,645.0,645.0,380.0,380.0,380.0
1.0,2625.0,1155.0,1140.0,2028.0,1062.0,354.0,354.0,354.0,380.0,380.0,380.0,385.0,385.0,385.0,875.0,875.0,875.0,354.0,354.0,354.0,380.0,380.0,380.0
1.0,3498.0,1143.0,1140.0,1935.0,270.0,90.0,90.0,90.0,380.0,380.0,380.0,381.0,381.0,381.0,1166.0,1166.0,1166.0,90.0,90.0,90.0,380.0,380.0,380.0
1.0,4290.0,1140.0,1140.0,1062.0,348.0,116.0,116.0,116.0,380.0,380.0,380.0,380.0,380.0,380.0,1430.0,1430.0,1430.0,116.0,116.0,116.0,380.0,380.0,380.0
1.0,4212.0,1164.0,1140.0,270.0,1242.0,414.0,414.0,414.0,380.0,380.0,380.0,388.0,388.0,388.0,1404.0,1404.0,1404.0,414.0,414.0,414.0,380.0,380.0,380.0
1.0,3318.0,1212.0,1143.0,348.0,2118.0,706.0,706.0,706.0,381.0,381.0,381.0,404.0,404.0,404.0,1106.0,1106.0,1106.0,706.0,706.0,706.0,381.0,381.0,381.0
1.0,2454.0,1104.0,1140.0,1242.0,1968.0,656.0,656.0,656.0,380.0,380.0,380.0,368.0,368.0,368.0,818.0,818.0,818.0,656.0,656.0,656.0,380.0,380.0,380.0
1.0,2592.0,1128.0,1140.0,2118.0,978.0,326.0,326.0,326.0,380.0,380.0,380.0,376.0,376.0,376.0,864.0,864.0,864.0,326.0,326.0,326.0,380.0,380.0,380.0
1.0,3582.0,1155.0,1143.0,1968.0,177.0,59.0,59.0,59.0,381.0,381.0,381.0,385.0,385.0,385.0,1194.0,1194.0,1194.0,59.0,59.0,59.0,381.0,381.0,381.0
1.0,4395.0,1134.0,1143.0,978.0,333.0,111.0,111.0,111.0,381.0,381.0,381.0,378.0,378.0,378.0,1465.0,1465.0,1465.0,111.0,111.0,111.0,381.0,381.0,381.0
1.0,4239.0,1194.0,1143.0,177.0,1350.0,450.0,450.0,450.0,381.0,381.0,381.0,398.0,398.0,398.0,1413.0,1413.0,1413.0,450.0,450.0,450.0,381.0,381.0,381.0
1.0,3222.0,1194.0,1146.0,333.0,2223.0,741.0,741.0,741.0,382.0,382.0,382.0,398.0,398.0,398.0,1074.0,1074.0,1074.0,741.0,741.0,741.0,382.0,382.0,382.0
1.0,2361.0,1122.0,1146.0,1350.0,1995.0,665.0,665.0,665.0,382.0,382.0,382.0,374.0,374.0,374.0,787.0,787.0,787.0,665.0,665.0,665.0,382.0,382.0,382.0
1.0,2589.0,1161.0,1146.0,2223.0,933.0,311.0,311.0,311.0,382.0,382.0,382.0,387.0,387.0,387.0,863.0,863.0,863.0,311.0,311.0,311.0,382.0,382.0,382.0
1.0,3651.0,1179.0,1146.0,1995.0,117.0,39.0,39.0,39.0,382.0,382.0,382.0,393.0,393.0,393.0,1217.0,1217.0,1217.0,39.0,39.0,39.0,382.0,382.0,382.0
1.0,4467.0,1101.0,1146.0,933.0,285.0,95.0,95.0,95.0,382.0,382.0,382.0,367.0,367.0,367.0,1489.0,1489.0,1489.0,95.0,95.0,95.0,382.0,382.0,382.0
1.0,4299.0,1152.0,1146.0,117.0,1320.0,440.0,440.0,440.0,382.0,382.0,382.0,384.0,384.0,384.0,1433.0,1433.0,1433.0,440.0,440.0,440.0,382.0,382.0,382.0
1.0,3264.0,1125.0,1146.0,285.0,2160.0,720.0,720.0,720.0,382.0,382.0,382.0,375.0,375.0,375.0,1088.0,1088.0,1088.0,720.0,720.0,720.0,382.0,382.0,382.0
1.0,2424.0,1146.0,1146.0,1320.0,1986.0,662.0,662.0,662.0,382.0,382.0,382.0,382.0,382.0,382.0,808.0,808.0,808.0,662.0,662.0,662.0,382.0,382.0,382.0
1.0,2598.0,1119.0,1146.0,2160.0,945.0,315.0,315.0,315.0,382.0,382.0,382.0,373.0,373.0,373.0,866.0,866.0,866.0,315.0,315.0,315.0,382.0,382.0,382.0
1.0,3639.0,1176.0,1149.0,1986.0,147.0,49.0,49.0,49.0,383.0,383.0,383.0,392.0,392.0,392.0,1213.0,1213.0,1213.0,49.0,49.0,49.0,383.0,383.0,383.0
1.0,4449.0,1128.0,1146.0,945.0,318.0,106.0,106.0,106.0,382.0,382.0,382.0,376.0,376.0,376.0,1483.0,1483.0,1483.0,106.0,106.0,106.0,382.0,382.0,382.0
1.0,4266.0,1146.0,1146.0,147.0,1317.0,439.0,439.0,439.0,382.0,382.0,382.0,382.0,382.0,382.0,1422.0,1422.0,1422.0,439.0,439.0,439.0,382.0,382.0,382.0
1.0,3267.0,1167.0,1149.0,318.0,2178.0,726.0,726.0,726.0,383.0,383.0,383.0,389.0,389.0,389.0,1089.0,1089.0,1089.0,726.0,726.0,726.0,383.0,383.0,383.0
1.0,2418.0,1116.0,1149.0,1317.0,1977.0,659.0,659.0,659.0,383.0,383.0,383.0,372.0,372.0,372.0,806.0,806.0,806.0,659.0,659.0,659.0,383.0,383.0,383.0
1.0,2619.0,1200.0,1149.0,2178.0,999.0,333.0,333.0,333.0,383.0,383.0,383.0,400.0,400.0,400.0,873.0,873.0,873.0,333.0,333.0,333.0,383.0,383.0,383.0
1.0,3597.0,1083.0,1149.0,1977.0,105.0,35.0,35.0,35.0,383.0,383.0,383.0,361.0,361.0,361.0,1199.0,1199.0,1199.0,35.0,35.0,35.0,383.0,383.0,383.0
1.0,4491.0,1173.0,1149.0,999.0,279.0,93.0,93.0,93.0,383.0,383.0,383.0,391.0,391.0,391.0,1497.0,1497.0,1497.0,93.0,93.0,93.0,383.0,383.0,383.0
1.0,4317.0,1176.0,1149.0,105.0,1350.0,450.0,450.0,450.0,383.0,383.0,383.0,392.0,392.0,392.0,1439.0,1439.0,1439.0,450.0,450.0,450.0,383.0,383.0,383.0
1.0,3246.0,1158.0,1152.0,279.0,2241.0,747.0,747.0,747.0,384.0,384.0,384.0,386.0,386.0,386.0,1082.0,1082.0,1082.0,747.0,747.0,747.0,384.0,384.0,384.0
1.0,2367.0,1134.0,1152.0,1350.0,2025.0,675.0,675.0,675.0,384.0,384.0,384.0,378.0,378.0,378.0,789.0,789.0,789.0,675.0,675.0,675.0,384.0,384.0,384.0
1.0,2583.0,1203.0,1152.0,2241.0,987.0,329.0,329.0,329.0,384.0,384.0,384.0,401.0,401.0,401.0,861.0,861.0,861.0,329.0,329.0,329.0,384.0,384.0,384.0
1.0,3621.0,1194.0,1155.0,2025.0,168.0,56.0,56.0,56.0,385.0,385.0,385.0,398.0,398.0,398.0,1207.0,1207.0,1207.0,56.0,56.0,56.0,385.0,385.0,385.0
1.0,4452.0,1194.0,1155.0,987.0,375.0,125.0,125.0,125.0,385.0,385.0,385.0,398.0,398.0,398.0,1484.0,1484.0,1484.0,125.0,125.0,125.0,385.0,385.0,385.0
1.0,4245.0,1191.0,1155.0,168.0,1398.0,466.0,466.0,466.0,385.0,385.0,385.0,397.0,397.0,397.0,1415.0,1415.0,1415.0,466.0,466.0,466.0,385.0,385.0,385.0
1.0,3222.0,1146.0,1155.0,375.0,2169.0,723.0,723.0,723.0,385.0,385.0,385.0,382.0,382.0,382.0,1074.0,1074.0,1074.0,723.0,723.0,723.0,385.0,385.0,385.0
1.0,2451.0,1140.0,1155.0,1398.0,1911.0,637.0,637.0,637.0,385.0,385.0,385.0,380.0,380.0,380.0,817.0,817.0,817.0,637.0,637.0,637.0,385.0,385.0,385.0
1.0,2709.0,1149.0,1155.0,2169.0,891.0,297.0,297.0,297.0,385.0,385.0,385.0,383.0,383.0,383.0,903.0,903.0,903.0,297.0,297.0,297.0,385.0,385.0,385.0
1.0,3729.0,1179.0,1155.0,1911.0,159.0,53.0,53.0,53.0,385.0,385.0,385.0,393.0,393.0,393.0,1243.0,1243.0,1243.0,53.0,53.0,53.0,385.0,385.0,385.0
1.0,4461.0,1152.0,1155.0,891.0,420.0,140.0,140.0,140.0,385.0,385.0,385.0,384.0,384.0,384.0,1487.0,1487.0,1487.0,140.0,140.0,140.0,385.0,385.0,385.0
1.0,4200.0,1164.0,1155.0,159.0,1425.0,475.0,475.0,475.0,385.0,385.0,385.0,388.0,388.0,388.0,1400.0,1400.0,1400.0,475.0,475.0,475.0,385.0,385.0,385.0
1.0,3195.0,1179.0,1158.0,420.0,2196.0,732.0,732.0,732.0,386.0,386.0,386.0,393.0,393.0,393.0,1065.0,1065.0,1065.0,732.0,732.0,732.0,386.0,386.0,386.0
1.0,2436.0,1203.0,1158.0,1425.0,1974.0,658.0,658.0,658.0,386.0,386.0,386.0,401.0,401.0,401.0,812.0,812.0,812.0,658.0,658.0,658.0,386.0,386.0,386.0
1.0,2658.0,1230.0,1161.0,2196.0,1020.0,340.0,340.0,340.0,387.0,387.0,387.0,410.0,410.0,410.0,886.0,886.0,886.0,340.0,340.0,340.0,387.0,387.0,387.0
1.0,3624.0,1173.0,1161.0,1974.0,219.0,73.0,73.0,73.0,387.0,387.0,387.0,391.0,391.0,391.0,1208.0,1208.0,1208.0,73.0,73.0,73.0,387.0,387.0,387.0
1.0,4425.0,1182.0,1158.0,1020.0,369.0,123.0,123.0,123.0,386.0,386.0,386.0,394.0,394.0,394.0,1475.0,1475.0,1475.0,123.0,123.0,123.0,386.0,386.0,386.0
1.0,4263.0,1152.0,1158.0,219.0,1302.0,434.0,434.0,434.0,386.0,386.0,386.0,384.0,384.0,384.0,1421.0,1421.0,1421.0,434.0,434.0,434.0,386.0,386.0,386.0
1.0,3330.0,1158.0,1161.0,369.0,2103.0,701.0,701.0,701.0,387.0,387.0,387.0,386.0,386.0,386.0,1110.0,1110.0,1110.0,701.0,701.0,701.0,387.0,387.0,387.0
1.0,2541.0,1206.0,1161.0,1302.0,2007.0,669.0,669.0,669.0,387.0,387.0,387.0,402.0,402.0,402.0,847.0,847.0,847.0,669.0,669.0,669.0,387.0,387.0,387.0
1.0,2637.0,1170.0,1161.0,2103.0,1074.0,358.0,358.0,358.0,387.0,387.0,387.0,390.0,390.0,390.0,879.0,879.0,879.0,358.0,358.0,358.0,387.0,387.0,387.0
1.0,3570.0,1188.0,1161.0,2007.0,255.0,85.0,85.0,85.0,387.0,387.0,387.0,396.0,396.0,396.0,1190.0,1190.0,1190.0,85.0,85.0,85.0,387.0,387.0,387.0
1.0,4389.0,1158.0,1161.0,1074.0,339.0,113.0,113.0,113.0,387.0,387.0,387.0,386.0,386.0,386.0,1463.0,1463.0,1463.0,113.0,113.0,113.0,387.0,387.0,387.0
1.0,4305.0,1200.0,1161.0,255.0,1284.0,428.0,428.0,428.0,387.0,387.0,387.0,400.0,400.0,400.0,1435.0,1435.0,1435.0,428.0,428.0,428.0,387.0,387.0,387.0
1.0,3360.0,1245.0,1164.0,339.0,2202.0,734.0,734.0,734.0,388.0,388.0,388.0,415.0,415.0,415.0,1120.0,1120.0,1120.0,734.0,734.0,734.0,388.0,388.0,388.0
1.0,2454.0,1194.0,1164.0,1284.0,2112.0,704.0,704.0,704.0,388.0,388.0,388.0,398.0,398.0,398.0,818.0,818.0,818.0,704.0,704.0,704.0,388.0,388.0,388.0
1.0,2544.0,1179.0,1164.0,2202.0,1089.0,363.0,363.0,363.0,388.0,388.0,388.0,393.0,393.0,393.0,848.0,848.0,848.0,363.0,363.0,363.0,388.0,388.0,388.0
1.0,3567.0,1185.0,1164.0,2112.0,162.0,54.0,54.0,54.0,388.0,388.0,388.0,395.0,395.0,395.0,1189.0,1189.0,1189.0,54.0,54.0,54.0,388.0,388.0,388.0
1.0,4494.0,1173.0,1164.0,1089.0,246.0,82.0,82.0,82.0,388.0,388.0,388.0,391.0,391.0,391.0,1498.0,1498.0,1498.0,82.0,82.0,82.0,388.0,388.0,388.0
1.0,4410.0,1227.0,1167.0,162.0,1323.0,441.0,441.0,441.0,389.0,389.0,389.0,409.0,409.0,409.0,1470.0,1470.0,1470.0,441.0,441.0,441.0,389.0,389.0,389.0
1.0,3345.0,1218.0,1170.0,246.0,2307.0,769.0,769.0,769.0,390.0,390.0,390.0,406.0,406.0,406.0,1115.0,1115.0,1115.0,769.0,769.0,769.0,390.0,390.0,390.0
1.0,2373.0,1227.0,1170.0,1323.0,2211.0,737.0,737.0,737.0,390.0,390.0,390.0,409.0,409.0,409.0,791.0,791.0,791.0,737.0,737.0,737.0,390.0,390.0,390.0
1.0,2469.0,1212.0,1173.0,2307.0,1128.0,376.0,376.0,376.0,391.0,391.0,391.0,404.0,404.0,404.0,823.0,823.0,823.0,376.0,376.0,376.0,391.0,391.0,391.0
1.0,3564.0,1233.0,1173.0,2211.0,150.0,50.0,50.0,50.0,391.0,391.0,391.0,411.0,411.0,411.0,1188.0,1188.0,1188.0,50.0,50.0,50.0,391.0,391.0,391.0
1.0,4542.0,1137.0,1170.0,1128.0,147.0,49.0,49.0,49.0,390.0,390.0,390.0,379.0,379.0,379.0,1514.0,1514.0,1514.0,49.0,49.0,49.0,390.0,390.0,390.0
1.0,4533.0,1170.0,1173.0,150.0,1179.0,393.0,393.0,393.0,391.0,391.0,391.0,390.0,390.0,390.0,1511.0,1511.0,1511.0,393.0,393.0,393.0,391.0,391.0,391.0
1.0,3513.0,1200.0,1173.0,147.0,2232.0,744.0,744.0,744.0,391.0,391.0,391.0,400.0,400.0,400.0,1171.0,1171.0,1171.0,744.0,744.0,744.0,391.0,391.0,391.0
1.0,2460.0,1206.0,1173.0,1179.0,2259.0,753.0,753.0,753.0,391.0,391.0,391.0,402.0,402.0,402.0,820.0,820.0,820.0,753.0,753.0,753.0,391.0,391.0,391.0
1.0,2433.0,1185.0,1176.0,2232.0,1224.0,408.0,408.0,408.0,392.0,392.0,392.0,395.0,395.0,395.0,811.0,811.0,811.0,408.0,408.0,408.0,392.0,392.0,392.0
1.0,3480.0,1242.0,1176.0,2259.0,207.0,69.0,69.0,69.0,392.0,392.0,392.0,414.0,414.0,414.0,1160.0,1160.0,1160.0,69.0,69.0,69.0,392.0,392.0,392.0
1.0,4497.0,1143.0,1176.0,1224.0,126.0,42.0,42.0,42.0,392.0,392.0,392.0,381.0,381.0,381.0,1499.0,1499.0,1499.0,42.0,42.0,42.0,392.0,392.0,392.0
1.0,4578.0,1188.0,1179.0,207.0,1119.0,373.0,373.0,373.0,393.0,393.0,393.0,396.0,396.0,396.0,1526.0,1526.0,1526.0,373.0,373.0,373.0,393.0,393.0,393.0
1.0,3597.0,1173.0,1179.0,126.0,2166.0,722.0,722.0,722.0,393.0,393.0,393.0,391.0,391.0,391.0,1199.0,1199.0,1199.0,722.0,722.0,722.0,393.0,393.0,393.0
1.0,2550.0,1158.0,1179.0,1119.0,2205.0,735.0,735.0,735.0,393.0,393.0,393.0,386.0,386.0,386.0,850.0,850.0,850.0,735.0,735.0,735.0,393.0,393.0,393.0
1.0,2511.0,1194.0,1179.0,2166.0,1233.0,411.0,411.0,411.0,393.0,393.0,393.0,398.0,398.0,398.0,837.0,837.0,837.0,411.0,411.0,411.0,393.0,393.0,393.0
1.0,3483.0,1194.0,1182.0,2205.0,234.0,78.0,78.0,78.0,394.0,394.0,394.0,398.0,398.0,398.0,1161.0,1161.0,1161.0,78.0,78.0,78.0,394.0,394.0,394.0
1.0,4494.0,1152.0,1182.0,1233.0,153.0,51.0,51.0,51.0,394.0,394.0,394.0,384.0,384.0,384.0,1498.0,1498.0,1498.0,51.0,51.0,51.0,394.0,394.0,394.0
1.0,4575.0,1185.0,1182.0,234.0,1104.0,368.0,368.0,368.0,394.0,394.0,394.0,395.0,395.0,395.0,1525.0,1525.0,1525.0,368.0,368.0,368.0,394.0,394.0,394.0
1.0,3624.0,1191.0,1182.0,153.0,2142.0,714.0,714.0,714.0,394.0,394.0,394.0,397.0,397.0,397.0,1208.0,1208.0,1208.0,714.0,714.0,714.0,394.0,394.0,394.0
1.0,2586.0,1215.0,1185.0,1104.0,2265.0,755.0,755.0,755.0,395.0,395.0,395.0,405.0,405.0,405.0,862.0,862.0,862.0,755.0,755.0,755.0,395.0,395.0,395.0
1.0,2475.0,1173.0,1185.0,2142.0,1296.0,432.0,432.0,432.0,395.0,395.0,395.0,391.0,391.0,391.0,825.0,825.0,825.0,432.0,432.0,432.0,395.0,395.0,395.0
1.0,3444.0,1146.0,1185.0,2265.0,177.0,59.0,59.0,59.0,395.0,395.0,395.0,382.0,382.0,382.0,1148.0,1148.0,1148.0,59.0,59.0,59.0,395.0,395.0,395.0
1.0,4563.0,1239.0,1185.0,1296.0,120.0,40.0,40.0,40.0,395.0,395.0,395.0,413.0,413.0,413.0,1521.0,1521.0,1521.0,40.0,40.0,40.0,395.0,395.0,395.0
1.0,4620.0,1209.0,1188.0,177.0,1164.0,388.0,388.0,388.0,396.0,396.0,396.0,403.0,403.0,403.0,1540.0,1540.0,1540.0,388.0,388.0,388.0,396.0,396.0,396.0
1.0,3588.0,1170.0,1185.0,120.0,2202.0,734.0,734.0,734.0,395.0,395.0,395.0,390.0,390.0,390.0,1196.0,1196.0,1196.0,734.0,734.0,734.0,395.0,395.0,395.0
1.0,2538.0,1218.0,1185.0,1164.0,2256.0,752.0,752.0,752.0,395.0,395.0,395.0,406.0,406.0,406.0,846.0,846.0,846.0,752.0,752.0,752.0,395.0,395.0,395.0
1.0,2484.0,1182.0,1185.0,2202.0,1236.0,412.0,412.0,412.0,395.0,395.0,395.0,394.0,394.0,394.0,828.0,828.0,828.0,412.0,412.0,412.0,395.0,395.0,395.0
1.0,3504.0,1164.0,1185.0,2256.0,144.0,48.0,48.0,48.0,395.0,395.0,395.0,388.0,388.0,388.0,1168.0,1168.0,1168.0,48.0,48.0,48.0,395.0,395.0,395.0
1.0,4596.0,1164.0,1185.0,1236.0,72.0,24.0,24.0,24.0,395.0,395.0,395.0,388.0,388.0,388.0,1532.0,1532.0,1532.0,24.0,24.0,24.0,395.0,395.0,395.0
1.0,4668.0,1296.0,1188.0,144.0,1236.0,412.0,412.0,412.0,396.0,396.0,396.0,432.0,432.0,432.0,1556.0,1556.0,1556.0,412.0,412.0,412.0,396.0,396.0,396.0
1.0,3516.0,1158.0,1188.0,72.0,2322.0,774.0,774.0,774.0,396.0,396.0,396.0,386.0,386.0,386.0,1172.0,1172.0,1172.0,774.0,774.0,774.0,396.0,396.0,396.0
1.0,2430.0,1200.0,1191.0,1236.0,2298.0,766.0,766.0,766.0,397.0,397.0,397.0,400.0,400.0,400.0,810.0,810.0,810.0,766.0,766.0,766.0,397.0,397.0,397.0
1.0,2466.0,1260.0,1191.0,2322.0,1236.0,412.0,412.0,412.0,397.0,397.0,397.0,420.0,420.0,420.0,822.0,822.0,822.0,412.0,412.0,412.0,397.0,397.0,397.0
1.0,3528.0,1206.0,1194.0,2298.0,156.0,52.0,52.0,52.0,398.0,398.0,398.0,402.0,402.0,402.0,1176.0,1176.0,1176.0,52.0,52.0,52.0,398.0,398.0,398.0
1.0,4620.0,1188.0,1194.0,1236.0,108.0,36.0,36.0,36.0,398.0,398.0,398.0,396.0,396.0,396.0,1540.0,1540.0,1540.0,36.0,36.0,36.0,398.0,398.0,398.0
1.0,4668.0,1230.0,1194.0,156.0,1182.0,394.0,394.0,394.0,398.0,398.0,398.0,410.0,410.0,410.0,1556.0,1556.0,1556.0,394.0,394.0,394.0,398.0,398.0,398.0
1.0,3594.0,1194.0,1194.0,108.0,2268.0,756.0,756.0,756.0,398.0,398.0,398.0,398.0,398.0,398.0,1198.0,1198.0,1198.0,756.0,756.0,756.0,398.0,398.0,398.0
1.0,2508.0,1230.0,1194.0,1182.0,2316.0,772.0,772.0,772.0,398.0,398.0,398.0,410.0,410.0,410.0,836.0,836.0,836.0,772.0,772.0,772.0,398.0,398.0,398.0
1.0,2460.0,1239.0,1194.0,2268.0,1287.0,429.0,429.0,429.0,398.0,398.0,398.0,413.0,413.0,413.0,820.0,820.0,820.0,429.0,429.0,429.0,398.0,398.0,398.0
1.0,3489.0,1212.0,1197.0,2316.0,195.0,65.0,65.0,65.0,399.0,399.0,399.0,404.0,404.0,404.0,1163.0,1163.0,1163.0,65.0,65.0,65.0,399.0,399.0,399.0
1.0,4593.0,1200.0,1197.0,1287.0,108.0,36.0,36.0,36.0,399.0,399.0,399.0,400.0,400.0,400.0,1531.0,1531.0,1531.0,36.0,36.0,36.0,399.0,399.0,399.0
1.0,4680.0,1260.0,1197.0,195.0,1173.0,391.0,391.0,391.0,399.0,399.0,399.0,420.0,420.0,420.0,1560.0,1560.0,1560.0,391.0,391.0,391.0,399.0,399.0,399.0
1.0,3615.0,1269.0,1200.0,108.0,2346.0,782.0,782.0,782.0,400.0,400.0,400.0,423.0,423.0,423.0,1205.0,1205.0,1205.0,782.0,782.0,782.0,400.0,400.0,400.0
1.0,2454.0,1233.0,1200.0,1173.0,2406.0,802.0,802.0,802.0,400.0,400.0,400.0,411.0,411.0,411.0,818.0,818.0,818.0,802.0,802.0,802.0,400.0,400.0,400.0
1.0,2394.0,1218.0,1203.0,2346.0,1290.0,430.0,430.0,430.0,401.0,401.0,401.0,406.0,406.0,406.0,798.0,798.0,798.0,430.0,430.0,430.0,401.0,401.0,401.0
1.0,3522.0,1251.0,1203.0,2406.0,135.0,45.0,45.0,45.0,401.0,401.0,401.0,417.0,417.0,417.0,1174.0,1174.0,1174.0,45.0,45.0,45.0,401.0,401.0,401.0
1.0,4677.0,1245.0,1203.0,1290.0,90.0,30.0,30.0,30.0,401.0,401.0,401.0,415.0,415.0,415.0,1559.0,1559.0,1559.0,30.0,30.0,30.0,401.0,401.0,401.0
1.0,4722.0,1194.0,1203.0,135.0,1149.0,383.0,383.0,383.0,401.0,401.0,401.0,398.0,398.0,398.0,1574.0,1574.0,1574.0,383.0,383.0,383.0,401.0,401.0,401.0
1.0,3663.0,1236.0,1203.0,90.0,2295.0,765.0,765.0,765.0,401.0,401.0,401.0,412.0,412.0,412.0,1221.0,1221.0,1221.0,765.0,765.0,765.0,401.0,401.0,401.0
1.0,2517.0,1275.0,1206.0,1149.0,2433.0,811.0,811.0,811.0,402.0,402.0,402.0,425.0,425.0,425.0,839.0,839.0,839.0,811.0,811.0,811.0,402.0,402.0,402.0
1.0,2391.0,1215.0,1206.0,2295.0,1353.0,451.0,451.0,451.0,402.0,402.0,402.0,405.0,405.0,405.0,797.0,797.0,797.0,451.0,451.0,451.0,402.0,402.0,402.0
1.0,3471.0,1173.0,1206.0,2433.0,93.0,31.0,31.0,31.0,402.0,402.0,402.0,391.0,391.0,391.0,1157.0,1157.0,1157.0,31.0,31.0,31.0,402.0,402.0,402.0
1.0,4731.0,1230.0,1206.0,1353.0,0.0,0.0,0.0,0.0,402.0,402.0,402.0,410.0,410.0,410.0,1577.0,1577.0,1577.0,0.0,0.0,0.0,402.0,402.0,402.0
1.0,4854.0,1212.0,1206.0,93.0,1089.0,363.0,363.0,363.0,402.0,402.0,402.0,404.0,404.0,404.0,1618.0,1618.0,1618.0,363.0,363.0,363.0,402.0,402.0,402.0
1.0,3735.0,1194.0,1206.0,0.0,2283.0,761.0,761.0,761.0,402.0,402.0,402.0,398.0,398.0,398.0,1245.0,1245.0,1245.0,761.0,761.0,761.0,402.0,402.0,402.0
1.0,2541.0,1251.0,1206.0,1089.0,2445.0,815.0,815.0,815.0,402.0,402.0,402.0,417.0,417.0,417.0,847.0,847.0,847.0,815.0,815.0,815.0,402.0,402.0,402.0
1.0,2379.0,1194.0,1206.0,2283.0,1356.0,452.0,452.0,452.0,402.0,402.0,402.0,398.0,398.0,398.0,793.0,793.0,793.0,452.0,452.0,452.0,402.0,402.0,402.0
1.0,3468.0,1215.0,1206.0,2445.0,126.0,42.0,42.0,42.0,402.0,402.0,402.0,405.0,405.0,405.0,1156.0,1156.0,1156.0,42.0,42.0,42.0,402.0,402.0,402.0
1.0,4698.0,1200.0,1206.0,1356.0,0.0,0.0,0.0,0.0,402.0,402.0,402.0,400.0,400.0,400.0,1566.0,1566.0,1566.0,0.0,0.0,0.0,402.0,402.0,402.0
1.0,4854.0,1194.0,1206.0,126.0,1038.0,346.0,346.0,346.0,402.0,402.0,402.0,398.0,398.0,398.0,1618.0,1618.0,1618.0,346.0,346.0,346.0,402.0,402.0,402.0
1.0,3786.0,1227.0,1209.0,0.0,2277.0,759.0,759.0,759.0,403.0,403.0,403.0,409.0,409.0,409.0,1262.0,1262.0,1262.0,759.0,759.0,759.0,403.0,403.0,403.0
1.0,2559.0,1194.0,1206.0,1038.0,2421.0,807.0,807.0,807.0,402.0,402.0,402.0,398.0,398.0,398.0,853.0,853.0,853.0,807.0,807.0,807.0,402.0,402.0,402.0
1.0,2403.0,1185.0,1209.0,2277.0,1341.0,447.0,447.0,447.0,403.0,403.0,403.0,395.0,395.0,395.0,801.0,801.0,801.0,447.0,447.0,447.0,403.0,403.0,403.0
1.0,3495.0,1179.0,1206.0,2421.0,87.0,29.0,29.0,29.0,402.0,402.0,402.0,393.0,393.0,393.0,1165.0,1165.0,1165.0,29.0,29.0,29.0,402.0,402.0,402.0
1.0,4737.0,1236.0,1209.0,1341.0,0.0,0.0,0.0,0.0,403.0,403.0,403.0,412.0,412.0,412.0,1579.0,1579.0,1579.0,0.0,0.0,0.0,403.0,403.0,403.0
1.0,4842.0,1221.0,1209.0,87.0,1128.0,376.0,376.0,376.0,403.0,403.0,403.0,407.0,407.0,407.0,1614.0,1614.0,1614.0,376.0,376.0,376.0,403.0,403.0,403.0
1.0,3708.0,1182.0,1209.0,0.0,2310.0,770.0,770.0,770.0,403.0,403.0,403.0,394.0,394.0,394.0,1236.0,1236.0,1236.0,770.0,770.0,770.0,403.0,403.0,403.0
1.0,2526.0,1194.0,1209.0,1128.0,2376.0,792.0,792.0,792.0,403.0,403.0,403.0,398.0,398.0,398.0,842.0,842.0,842.0,792.0,792.0,792.0,403.0,403.0,403.0
1.0,2460.0,1227.0,1212.0,2310.0,1305.0,435.0,435.0,435.0,404.0,404.0,404.0,409.0,409.0,409.0,820.0,820.0,820.0,435.0,435.0,435.0,404.0,404.0,404.0
1.0,3543.0,1239.0,1212.0,2376.0,168.0,56.0,56.0,56.0,404.0,404.0,404.0,413.0,413.0,413.0,1181.0,1181.0,1181.0,56.0,56.0,56.0,404.0,404.0,404.0
1.0,4680.0,1191.0,1212.0,1305.0,54.0,18.0,18.0,18.0,404.0,404.0,404.0,397.0,397.0,397.0,1560.0,1560.0,1560.0,18.0,18.0,18.0,404.0,404.0,404.0
1.0,4794.0,1209.0,1212.0,168.0,1095.0,365.0,365.0,365.0,404.0,404.0,404.0,403.0,403.0,403.0,1598.0,1598.0,1598.0,365.0,365.0,365.0,404.0,404.0,404.0
1.0,3753.0,1266.0,1215.0,54.0,2319.0,773.0,773.0,773.0,405.0,405.0,405.0,422.0,422.0,422.0,1251.0,1251.0,1251.0,773.0,773.0,773.0,405.0,405.0,405.0
1.0,2541.0,1176.0,1215.0,1095.0,2400.0,800.0,800.0,800.0,405.0,405.0,405.0,392.0,392.0,392.0,847.0,847.0,847.0,800.0,800.0,800.0,405.0,405.0,405.0
1.0,2460.0,1209.0,1215.0,2319.0,1290.0,430.0,430.0,430.0,405.0,405.0,405.0,403.0,403.0,403.0,820.0,820.0,820.0,430.0,430.0,430.0,405.0,405.0,405.0
1.0,3570.0,1179.0,1212.0,2400.0,57.0,19.0,19.0,19.0,404.0,404.0,404.0,393.0,393.0,393.0,1190.0,1190.0,1190.0,19.0,19.0,19.0,404.0,404.0,404.0
1.0,4791.0,1194.0,1215.0,1290.0,0.0,0.0,0.0,0.0,405.0,405.0,405.0,398.0,398.0,398.0,1597.0,1597.0,1597.0,0.0,0.0,0.0,405.0,405.0,405.0
1.0,4887.0,1248.0,1215.0,57.0,1164.0,388.0,388.0,388.0,405.0,405.0,405.0,416.0,416.0,416.0,1629.0,1629.0,1629.0,388.0,388.0,388.0,405.0,405.0,405.0
1.0,3696.0,1224.0,1215.0,0.0,2388.0,796.0,796.0,796.0,405.0,405.0,405.0,408.0,408.0,408.0,1232.0,1232.0,1232.0,796.0,796.0,796.0,405.0,405.0,405.0
1.0,2472.0,1248.0,1218.0,1164.0,2484.0,828.0,828.0,828.0,406.0,406.0,406.0,416.0,416.0,416.0,824.0,824.0,824.0,828.0,828.0,828.0,406.0,406.0,406.0
1.0,2388.0,1167.0,1218.0,2388.0,1263.0,421.0,421.0,421.0,406.0,406.0,406.0,389.0,389.0,389.0,796.0,796.0,796.0,421.0,421.0,421.0,406.0,406.0,406.0
1.0,3609.0,1170.0,1215.0,2484.0,0.0,0.0,0.0,0.0,405.0,405.0,405.0,390.0,390.0,390.0,1203.0,1203.0,1203.0,0.0,0.0,0.0,405.0,405.0,405.0
1.0,4923.0,1209.0,1215.0,1263.0,0.0,0.0,0.0,0.0,405.0,405.0,405.0,403.0,403.0,403.0,1641.0,1641.0,1641.0,0.0,0.0,0.0,405.0,405.0,405.0
1.0,4977.0,1257.0,1215.0,0.0,1140.0,380.0,380.0,380.0,405.0,405.0,405.0,419.0,419.0,419.0,1659.0,1659.0,1659.0,380.0,380.0,380.0,405.0,405.0,405.0
1.0,3720.0,1215.0,1215.0,0.0,2355.0,785.0,785.0,785.0,405.0,405.0,405.0,405.0,405.0,405.0,1240.0,1240.0,1240.0,785.0,785.0,785.0,405.0,405.0,405.0
1.0,2505.0,1236.0,1215.0,1140.0,2451.0,817.0,817.0,817.0,405.0,405.0,405.0,412.0,412.0,412.0,835.0,835.0,835.0,817.0,817.0,817.0,405.0,405.0,405.0
1.0,2409.0,1215.0,1218.0,2355.0,1323.0,441.0,441.0,441.0,406.0,406.0,406.0,405.0,405.0,405.0,803.0,803.0,803.0,441.0,441.0,441.0,406.0,406.0,406.0
1.0,3549.0,1251.0,1218.0,2451.0,123.0,41.0,41.0,41.0,406.0,406.0,406.0,417.0,417.0,417.0,1183.0,1183.0,1183.0,41.0,41.0,41.0,406.0,406.0,406.0
1.0,4749.0,1224.0,1218.0,1323.0,24.0,8.0,8.0,8.0,406.0,406.0,406.0,408.0,408.0,408.0,1583.0,1583.0,1583.0,8.0,8.0,8.0,406.0,406.0,406.0
1.0,4848.0,1245.0,1218.0,123.0,1146.0,382.0,382.0,382.0,406.0,406.0,406.0,415.0,415.0,415.0,1616.0,1616.0,1616.0,382.0,382.0,382.0,406.0,406.0,406.0
1.0,3726.0,1215.0,1218.0,24.0,2337.0,779.0,779.0,779.0,406.0,406.0,406.0,405.0,405.0,405.0,1242.0,1242.0,1242.0,779.0,779.0,779.0,406.0,406.0,406.0
1.0,2535.0,1251.0,1218.0,1146.0,2442.0,814.0,814.0,814.0,406.0,406.0,406.0,417.0,417.0,417.0,845.0,845.0,845.0,814.0,814.0,814.0,406.0,406.0,406.0
1.0,2430.0,1251.0,1218.0,2337.0,1356.0,452.0,452.0,452.0,406.0,406.0,406.0,417.0,417.0,417.0,810.0,810.0,810.0,452.0,452.0,452.0,406.0,406.0,406.0
1.0,3516.0,1305.0,1221.0,2442.0,231.0,77.0,77.0,77.0,407.0,407.0,407.0,435.0,435.0,435.0,1172.0,1172.0,1172.0,77.0,77.0,77.0,407.0,407.0,407.0
1.0,4653.0,1254.0,1221.0,1356.0,129.0,43.0,43.0,43.0,407.0,407.0,407.0,418.0,418.0,418.0,1551.0,1551.0,1551.0,43.0,43.0,43.0,407.0,407.0,407.0
1.0,4755.0,1218.0,1218.0,231.0,1104.0,368.0,368.0,368.0,406.0,406.0,406.0,406.0,406.0,406.0,1585.0,1585.0,1585.0,368.0,368.0,368.0,406.0,406.0,406.0
1.0,3768.0,1305.0,1221.0,129.0,2292.0,764.0,764.0,764.0,407.0,407.0,407.0,435.0,435.0,435.0,1256.0,1256.0,1256.0,764.0,764.0,764.0,407.0,407.0,407.0
1.0,2592.0,1278.0,1221.0,1104.0,2466.0,822.0,822.0,822.0,407.0,407.0,407.0,426.0,426.0,426.0,864.0,864.0,864.0,822.0,822.0,822.0,407.0,407.0,407.0
1.0,2418.0,1257.0,1221.0,2292.0,1431.0,477.0,477.0,477.0,407.0,407.0,407.0,419.0,419.0,419.0,806.0,806.0,806.0,477.0,477.0,477.0,407.0,407.0,407.0
1.0,3453.0,1251.0,1224.0,2466.0,228.0,76.0,76.0,76.0,408.0,408.0,408.0,417.0,417.0,417.0,1151.0,1151.0,1151.0,76.0,76.0,76.0,408.0,408.0,408.0
1.0,4668.0,1299.0,1224.0,1431.0,96.0,32.0,32.0,32.0,408.0,408.0,408.0,433.0,433.0,433.0,1556.0,1556.0,1556.0,32.0,32.0,32.0,408.0,408.0,408.0
1.0,4800.0,1320.0,1224.0,228.0,1188.0,396.0,396.0,396.0,408.0,408.0,408.0,440.0,440.0,440.0,1600.0,1600.0,1600.0,396.0,396.0,396.0,408.0,408.0,408.0
1.0,3708.0,1257.0,1227.0,96.0,2361.0,787.0,787.0,787.0,409.0,409.0,409.0,419.0,419.0,419.0,1236.0,1236.0,1236.0,787.0,787.0,787.0,409.0,409.0,409.0
1.0,2547.0,1251.0,1227.0,1188.0,2424.0,808.0,808.0,808.0,409.0,409.0,409.0,417.0,417.0,417.0,849.0,849.0,849.0,808.0,808.0,808.0,409.0,409.0,409.0
1.0,2484.0,1227.0,1227.0,2361.0,1290.0,430.0,430.0,430.0,409.0,409.0,409.0,409.0,409.0,409.0,828.0,828.0,828.0,430.0,430.0,430.0,409.0,409.0,409.0
1.0,3618.0,1251.0,1227.0,2424.0,117.0,39.0,39.0,39.0,409.0,409.0,409.0,417.0,417.0,417.0,1206.0,1206.0,1206.0,39.0,39.0,39.0,409.0,409.0,409.0
1.0,4791.0,1263.0,1230.0,1290.0,102.0,34.0,34.0,34.0,410.0,410.0,410.0,421.0,421.0,421.0,1597.0,1597.0,1597.0,34.0,34.0,34.0,410.0,410.0,410.0
1.0,4818.0,1227.0,1230.0,117.0,1212.0,404.0,404.0,404.0,410.0,410.0,410.0,409.0,409.0,409.0,1606.0,1606.0,1606.0,404.0,404.0,404.0,410.0,410.0,410.0
1.0,3708.0,1212.0,1230.0,102.0,2322.0,774.0,774.0,774.0,410.0,410.0,410.0,404.0,404.0,404.0,1236.0,1236.0,1236.0,774.0,774.0,774.0,410.0,410.0,410.0
1.0,2598.0,1242.0,1230.0,1212.0,2352.0,784.0,784.0,784.0,410.0,410.0,410.0,414.0,414.0,414.0,866.0,866.0,866.0,784.0,784.0,784.0,410.0,410.0,410.0
1.0,2568.0,1266.0,1230.0,2322.0,1296.0,432.0,432.0,432.0,410.0,410.0,410.0,422.0,422.0,422.0,856.0,856.0,856.0,432.0,432.0,432.0,410.0,410.0,410.0
1.0,3624.0,1227.0,1233.0,2352.0,183.0,61.0,61.0,61.0,411.0,411.0,411.0,409.0,409.0,409.0,1208.0,1208.0,1208.0,61.0,61.0,61.0,411.0,411.0,411.0
1.0,4749.0,1230.0,1233.0,1296.0,117.0,39.0,39.0,39.0,411.0,411.0,411.0,410.0,410.0,410.0,1583.0,1583.0,1583.0,39.0,39.0,39.0,411.0,411.0,411.0
1.0,4815.0,1287.0,1233.0,183.0,1221.0,407.0,407.0,407.0,411.0,411.0,411.0,429.0,429.0,429.0,1605.0,1605.0,1605.0,407.0,407.0,407.0,411.0,411.0,411.0
1.0,3711.0,1239.0,1236.0,117.0,2355.0,785.0,785.0,785.0,412.0,412.0,412.0,413.0,413.0,413.0,1237.0,1237.0,1237.0,785.0,785.0,785.0,412.0,412.0,412.0
1.0,2589.0,1239.0,1236.0,1221.0,2373.0,791.0,791.0,791.0,412.0,412.0,412.0,413.0,413.0,413.0,863.0,863.0,863.0,791.0,791.0,791.0,412.0,412.0,412.0
1.0,2571.0,1239.0,1236.0,2355.0,1257.0,419.0,419.0,419.0,412.0,412.0,412.0,413.0,413.0,413.0,857.0,857.0,857.0,419.0,419.0,419.0,412.0,412.0,412.0
1.0,3687.0,1197.0,1236.0,2373.0,81.0,27.0,27.0,27.0,412.0,412.0,412.0,399.0,399.0,399.0,1229.0,1229.0,1229.0,27.0,27.0,27.0,412.0,412.0,412.0
1.0,4863.0,1320.0,1239.0,1257.0,156.0,52.0,52.0,52.0,413.0,413.0,413.0,440.0,440.0,440.0,1621.0,1621.0,1621.0,52.0,52.0,52.0,413.0,413.0,413.0
1.0,4800.0,1272.0,1239.0,81.0,1347.0,449.0,449.0,449.0,413.0,413.0,413.0,424.0,424.0,424.0,1600.0,1600.0,1600.0,449.0,449.0,449.0,413.0,413.0,413.0
1.0,3609.0,1212.0,1239.0,156.0,2403.0,801.0,801.0,801.0,413.0,413.0,413.0,404.0,404.0,404.0,1203.0,1203.0,1203.0,801.0,801.0,801.0,413.0,413.0,413.0
1.0,2553.0,1248.0,1239.0,1347.0,2304.0,768.0,768.0,768.0,413.0,413.0,413.0,416.0,416.0,416.0,851.0,851.0,851.0,768.0,768.0,768.0,413.0,413.0,413.0
1.0,2652.0,1242.0,1239.0,2403.0,1143.0,381.0,381.0,381.0,413.0,413.0,413.0,414.0,414.0,414.0,884.0,884.0,884.0,381.0,381.0,381.0,413.0,413.0,413.0
1.0,3813.0,1242.0,1242.0,2304.0,93.0,31.0,31.0,31.0,414.0,414.0,414.0,414.0,414.0,414.0,1271.0,1271.0,1271.0,31.0,31.0,31.0,414.0,414.0,414.0
1.0,4875.0,1224.0,1239.0,1143.0,162.0,54.0,54.0,54.0,413.0,413.0,413.0,408.0,408.0,408.0,1625.0,1625.0,1625.0,54.0,54.0,54.0,413.0,413.0,413.0
1.0,4794.0,1242.0,1242.0,93.0,1323.0,441.0,441.0,441.0,414.0,414.0,414.0,414.0,414.0,414.0,1598.0,1598.0,1598.0,441.0,441.0,441.0,414.0,414.0,414.0
1.0,3645.0,1263.0,1242.0,162.0,2424.0,808.0,808.0,808.0,414.0,414.0,414.0,421.0,421.0,421.0,1215.0,1215.0,1215.0,808.0,808.0,808.0,414.0,414.0,414.0
1.0,2544.0,1266.0,1245.0,1323.0,2379.0,793.0,793.0,793.0,415.0,415.0,415.0,422.0,422.0,422.0,848.0,848.0,848.0,793.0,793.0,793.0,415.0,415.0,415.0
1.0,2601.0,1269.0,1245.0,2424.0,1224.0,408.0,408.0,408.0,415.0,415.0,415.0,423.0,423.0,423.0,867.0,867.0,867.0,408.0,408.0,408.0,415.0,415.0,415.0
1.0,3756.0,1263.0,1245.0,2379.0,108.0,36.0,36.0,36.0,415.0,415.0,415.0,421.0,421.0,421.0,1252.0,1252.0,1252.0,36.0,36.0,36.0,415.0,415.0,415.0
1.0,4872.0,1284.0,1248.0,1224.0,180.0,60.0,60.0,60.0,416.0,416.0,416.0,428.0,428.0,428.0,1624.0,1624.0,1624.0,60.0,60.0,60.0,416.0,416.0,416.0
1.0,4812.0,1248.0,1248.0,108.0,1320.0,440.0,440.0,440.0,416.0,416.0,416.0,416.0,416.0,416.0,1604.0,1604.0,1604.0,440.0,440.0,440.0,416.0,416.0,416.0
1.0,3672.0,1245.0,1248.0,180.0,2385.0,795.0,795.0,795.0,416.0,416.0,416.0,415.0,415.0,415.0,1224.0,1224.0,1224.0,795.0,795.0,795.0,416.0,416.0,416.0
1.0,2607.0,1227.0,1251.0,1320.0,2304.0,768.0,768.0,768.0,417.0,417.0,417.0,409.0,409.0,409.0,869.0,869.0,869.0,768.0,768.0,768.0,417.0,417.0,417.0
1.0,2700.0,1293.0,1251.0,2385.0,1212.0,404.0,404.0,404.0,417.0,417.0,417.0,431.0,431.0,431.0,900.0,900.0,900.0,404.0,404.0,404.0,417.0,417.0,417.0
1.0,3792.0,1323.0,1251.0,2304.0,231.0,77.0,77.0,77.0,417.0,417.0,417.0,441.0,441.0,441.0,1264.0,1264.0,1264.0,77.0,77.0,77.0,417.0,417.0,417.0
1.0,4773.0,1308.0,1254.0,1212.0,339.0,113.0,113.0,113.0,418.0,418.0,418.0,436.0,436.0,436.0,1591.0,1591.0,1591.0,113.0,113.0,113.0,418.0,418.0,418.0
1.0,4677.0,1314.0,1257.0,231.0,1434.0,478.0,478.0,478.0,419.0,419.0,419.0,438.0,438.0,438.0,1559.0,1559.0,1559.0,478.0,478.0,478.0,419.0,419.0,419.0
1.0,3594.0,1323.0,1257.0,339.0,2418.0,806.0,806.0,806.0,419.0,419.0,419.0,441.0,441.0,441.0,1198.0,1198.0,1198.0,806.0,806.0,806.0,419.0,419.0,419.0
1.0,2610.0,1257.0,1257.0,1434.0,2241.0,747.0,747.0,747.0,419.0,419.0,419.0,419.0,419.0,419.0,870.0,870.0,870.0,747.0,747.0,747.0,419.0,419.0,419.0
1.0,2787.0,1251.0,1257.0,2418.0,1074.0,358.0,358.0,358.0,419.0,419.0,419.0,417.0,417.0,417.0,929.0,929.0,929.0,358.0,358.0,358.0,419.0,419.0,419.0
1.0,3954.0,1245.0,1257.0,2241.0,78.0,26.0,26.0,26.0,419.0,419.0,419.0,415.0,415.0,415.0,1318.0,1318.0,1318.0,26.0,26.0,26.0,419.0,419.0,419.0
1.0,4950.0,1239.0,1260.0,1074.0,255.0,85.0,85.0,85.0,420.0,420.0,420.0,413.0,413.0,413.0,1650.0,1650.0,1650.0,85.0,85.0,85.0,420.0,420.0,420.0
1.0,4785.0,1296.0,1260.0,78.0,1473.0,491.0,491.0,491.0,420.0,420.0,420.0,432.0,432.0,432.0,1595.0,1595.0,1595.0,491.0,491.0,491.0,420.0,420.0,420.0
1.0,3567.0,1305.0,1260.0,255.0,2523.0,841.0,841.0,841.0,420.0,420.0,420.0,435.0,435.0,435.0,1189.0,1189.0,1189.0,841.0,841.0,841.0,420.0,420.0,420.0
1.0,2517.0,1299.0,1260.0,1473.0,2349.0,783.0,783.0,783.0,420.0,420.0,420.0,433.0,433.0,433.0,839.0,839.0,839.0,783.0,783.0,783.0,420.0,420.0,420.0
1.0,2691.0,1320.0,1263.0,2523.0,1158.0,386.0,386.0,386.0,421.0,421.0,421.0,440.0,440.0,440.0,897.0,897.0,897.0,386.0,386.0,386.0,421.0,421.0,421.0
1.0,3894.0,1254.0,1263.0,2349.0,63.0,21.0,21.0,21.0,421.0,421.0,421.0,418.0,418.0,418.0,1298.0,1298.0,1298.0,21.0,21.0,21.0,421.0,421.0,421.0
1.0,4989.0,1242.0,1260.0,1158.0,135.0,45.0,45.0,45.0,420.0,420.0,420.0,414.0,414.0,414.0,1663.0,1663.0,1663.0,45.0,45.0,45.0,420.0,420.0,420.0
1.0,4905.0,1335.0,1263.0,63.0,1419.0,473.0,473.0,473.0,421.0,421.0,421.0,445.0,445.0,445.0,1635.0,1635.0,1635.0,473.0,473.0,473.0,421.0,421.0,421.0
1.0,3633.0,1278.0,1263.0,135.0,2562.0,854.0,854.0,854.0,421.0,421.0,421.0,426.0,426.0,426.0,1211.0,1211.0,1211.0,854.0,854.0,854.0,421.0,421.0,421.0
1.0,2490.0,1293.0,1263.0,1419.0,2436.0,812.0,812.0,812.0,421.0,421.0,421.0,431.0,431.0,431.0,830.0,830.0,830.0,812.0,812.0,812.0,421.0,421.0,421.0
1.0,2616.0,1335.0,1263.0,2562.0,1209.0,403.0,403.0,403.0,421.0,421.0,421.0,445.0,445.0,445.0,872.0,872.0,872.0,403.0,403.0,403.0,421.0,421.0,421.0
1.0,3843.0,1284.0,1263.0,2436.0,57.0,19.0,19.0,19.0,421.0,421.0,421.0,428.0,428.0,428.0,1281.0,1281.0,1281.0,19.0,19.0,19.0,421.0,421.0,421.0
1.0,4995.0,1290.0,1263.0,1209.0,138.0,46.0,46.0,46.0,421.0,421.0,421.0,430.0,430.0,430.0,1665.0,1665.0,1665.0,46.0,46.0,46.0,421.0,421.0,421.0
1.0,4914.0,1332.0,1266.0,57.0,1425.0,475.0,475.0,475.0,422.0,422.0,422.0,444.0,444.0,444.0,1638.0,1638.0,1638.0,475.0,475.0,475.0,422.0,422.0,422.0
1.0,3639.0,1248.0,1266.0,138.0,2535.0,845.0,845.0,845.0,422.0,422.0,422.0,416.0,416.0,416.0,1213.0,1213.0,1213.0,845.0,845.0,845.0,422.0,422.0,422.0
1.0,2529.0,1257.0,1266.0,1425.0,2367.0,789.0,789.0,789.0,422.0,422.0,422.0,419.0,419.0,419.0,843.0,843.0,843.0,789.0,789.0,789.0,422.0,422.0,422.0
1.0,2697.0,1323.0,1269.0,2535.0,1167.0,389.0,389.0,389.0,423.0,423.0,423.0,441.0,441.0,441.0,899.0,899.0,899.0,389.0,389.0,389.0,423.0,423.0,423.0
1.0,3909.0,1314.0,1269.0,2367.0,114.0,38.0,38.0,38.0,423.0,423.0,423.0,438.0,438.0,438.0,1303.0,1303.0,1303.0,38.0,38.0,38.0,423.0,423.0,423.0
1.0,4962.0,1266.0,1269.0,1167.0,213.0,71.0,71.0,71.0,423.0,423.0,423.0,422.0,422.0,422.0,1654.0,1654.0,1654.0,71.0,71.0,71.0,423.0,423.0,423.0
1.0,4863.0,1299.0,1272.0,114.0,1410.0,470.0,470.0,470.0,424.0,424.0,424.0,433.0,433.0,433.0,1621.0,1621.0,1621.0,470.0,470.0,470.0,424.0,424.0,424.0
1.0,3678.0,1269.0,1272.0,213.0,2466.0,822.0,822.0,822.0,424.0,424.0,424.0,423.0,423.0,423.0,1226.0,1226.0,1226.0,822.0,822.0,822.0,424.0,424.0,424.0
1.0,2622.0,1314.0,1272.0,1410.0,2370.0,790.0,790.0,790.0,424.0,424.0,424.0,438.0,438.0,438.0,874.0,874.0,874.0,790.0,790.0,790.0,424.0,424.0,424.0
1.0,2718.0,1293.0,1275.0,2466.0,1209.0,403.0,403.0,403.0,425.0,425.0,425.0,431.0,431.0,431.0,906.0,906.0,906.0,403.0,403.0,403.0,425.0,425.0,425.0
1.0,3891.0,1293.0,1275.0,2370.0,132.0,44.0,44.0,44.0,425.0,425.0,425.0,431.0,431.0,431.0,1297.0,1297.0,1297.0,44.0,44.0,44.0,425.0,425.0,425.0
1.0,4968.0,1266.0,1275.0,1209.0,189.0,63.0,63.0,63.0,425.0,425.0,425.0,422.0,422.0,422.0,1656.0,1656.0,1656.0,63.0,63.0,63.0,425.0,425.0,425.0
1.0,4911.0,1233.0,1275.0,132.0,1290.0,430.0,430.0,430.0,425.0,425.0,425.0,411.0,411.0,411.0,1637.0,1637.0,1637.0,430.0,430.0,430.0,425.0,425.0,425.0
1.0,3810.0,1278.0,1275.0,189.0,2379.0,793.0,793.0,793.0,425.0,425.0,425.0,426.0,426.0,426.0,1270.0,1270.0,1270.0,793.0,793.0,793.0,425.0,425.0,425.0
1.0,2721.0,1257.0,1278.0,1290.0,2358.0,786.0,786.0,786.0,426.0,426.0,426.0,419.0,419.0,419.0,907.0,907.0,907.0,786.0,786.0,786.0,426.0,426.0,426.0
1.0,2754.0,1251.0,1275.0,2379.0,1218.0,406.0,406.0,406.0,425.0,425.0,425.0,417.0,417.0,417.0,918.0,918.0,918.0,406.0,406.0,406.0,425.0,425.0,425.0
1.0,3882.0,1242.0,1275.0,2358.0,102.0,34.0,34.0,34.0,425.0,425.0,425.0,414.0,414.0,414.0,1294.0,1294.0,1294.0,34.0,34.0,34.0,425.0,425.0,425.0
1.0,4998.0,1329.0,1278.0,1218.0,225.0,75.0,75.0,75.0,426.0,426.0,426.0,443.0,443.0,443.0,1666.0,1666.0,1666.0,75.0,75.0,75.0,426.0,426.0,426.0
1.0,4887.0,1281.0,1278.0,102.0,1404.0,468.0,468.0,468.0,426.0,426.0,426.0,427.0,427.0,427.0,1629.0,1629.0,1629.0,468.0,468.0,468.0,426.0,426.0,426.0
1.0,3708.0,1305.0,1278.0,225.0,2484.0,828.0,828.0,828.0,426.0,426.0,426.0,435.0,435.0,435.0,1236.0,1236.0,1236.0,828.0,828.0,828.0,426.0,426.0,426.0
1.0,2628.0,1230.0,1278.0,1404.0,2310.0,770.0,770.0,770.0,426.0,426.0,426.0,410.0,410.0,410.0,876.0,876.0,876.0,770.0,770.0,770.0,426.0,426.0,426.0
1.0,2802.0,1281.0,1281.0,2484.0,1119.0,373.0,373.0,373.0,427.0,427.0,427.0,427.0,427.0,427.0,934.0,934.0,934.0,373.0,373.0,373.0,427.0,427.0,427.0
1.0,4005.0,1233.0,1281.0,2310.0,42.0,14.0,14.0,14.0,427.0,427.0,427.0,411.0,411.0,411.0,1335.0,1335.0,1335.0,14.0,14.0,14.0,427.0,427.0,427.0
1.0,5082.0,1254.0,1278.0,1119.0,165.0,55.0,55.0,55.0,426.0,426.0,426.0,418.0,418.0,418.0,1694.0,1694.0,1694.0,55.0,55.0,55.0,426.0,426.0,426.0
1.0,4947.0,1320.0,1281.0,42.0,1455.0,485.0,485.0,485.0,427.0,427.0,427.0,440.0,440.0,440.0,1649.0,1649.0,1649.0,485.0,485.0,485.0,427.0,427.0,427.0
1.0,3669.0,1254.0,1281.0,165.0,2544.0,848.0,848.0,848.0,427.0,427.0,427.0,418.0,418.0,418.0,1223.0,1223.0,1223.0,848.0,848.0,848.0,427.0,427.0,427.0
1.0,2580.0,1260.0,1281.0,1455.0,2349.0,783.0,783.0,783.0,427.0,427.0,427.0,420.0,420.0,420.0,860.0,860.0,860.0,783.0,783.0,783.0,427.0,427.0,427.0
1.0,2775.0,1281.0,1281.0,2544.0,1086.0,362.0,362.0,362.0,427.0,427.0,427.0,427.0,427.0,427.0,925.0,925.0,925.0,362.0,362.0,362.0,427.0,427.0,427.0
1.0,4038.0,1284.0,1281.0,2349.0,21.0,7.0,7.0,7.0,427.0,427.0,427.0,428.0,428.0,428.0,1346.0,1346.0,1346.0,7.0,7.0,7.0,427.0,427.0,427.0
1.0,5103.0,1272.0,1281.0,1086.0,207.0,69.0,69.0,69.0,427.0,427.0,427.0,424.0,424.0,424.0,1701.0,1701.0,1701.0,69.0,69.0,69.0,427.0,427.0,427.0
1.0,4917.0,1293.0,1284.0,21.0,1491.0,497.0,497.0,497.0,428.0,428.0,428.0,431.0,431.0,431.0,1639.0,1639.0,1639.0,497.0,497.0,497.0,428.0,428.0,428.0
1.0,3645.0,1323.0,1284.0,207.0,2607.0,869.0,869.0,869.0,428.0,428.0,428.0,441.0,441.0,441.0,1215.0,1215.0,1215.0,869.0,869.0,869.0,428.0,428.0,428.0
1.0,2529.0,1302.0,1284.0,1491.0,2418.0,806.0,806.0,806.0,428.0,428.0,428.0,434.0,434.0,434.0,843.0,843.0,843.0,806.0,806.0,806.0,428.0,428.0,428.0
1.0,2718.0,1311.0,1284.0,2607.0,1122.0,374.0,374.0,374.0,428.0,428.0,428.0,437.0,437.0,437.0,906.0,906.0,906.0,374.0,374.0,374.0,428.0,428.0,428.0
1.0,4014.0,1356.0,1284.0,2418.0,60.0,20.0,20.0,20.0,428.0,428.0,428.0,452.0,452.0,452.0,1338.0,1338.0,1338.0,20.0,20.0,20.0,428.0,428.0,428.0
1.0,5076.0,1293.0,1284.0,1122.0,231.0,77.0,77.0,77.0,428.0,428.0,428.0,431.0,431.0,431.0,1692.0,1692.0,1692.0,77.0,77.0,77.0,428.0,428.0,428.0
1.0,4905.0,1320.0,1284.0,60.0,1491.0,497.0,497.0,497.0,428.0,428.0,428.0,440.0,440.0,440.0,1635.0,1635.0,1635.0,497.0,497.0,497.0,428.0,428.0,428.0
1.0,3645.0,1299.0,1284.0,231.0,2559.0,853.0,853.0,853.0,428.0,428.0,428.0,433.0,433.0,433.0,1215.0,1215.0,1215.0,853.0,853.0,853.0,428.0,428.0,428.0
1.0,2577.0,1347.0,1287.0,1491.0,2427.0,809.0,809.0,809.0,429.0,429.0,429.0,449.0,449.0,449.0,859.0,859.0,859.0,809.0,809.0,809.0,429.0,429.0,429.0
1.0,2721.0,1296.0,1287.0,2559.0,1164.0,388.0,388.0,388.0,429.0,429.0,429.0,432.0,432.0,432.0,907.0,907.0,907.0,388.0,388.0,388.0,429.0,429.0,429.0
1.0,3984.0,1287.0,1287.0,2427.0,24.0,8.0,8.0,8.0,429.0,429.0,429.0,429.0,429.0,429.0,1328.0,1328.0,1328.0,8.0,8.0,8.0,429.0,429.0,429.0
1.0,5124.0,1335.0,1290.0,1164.0,207.0,69.0,69.0,69.0,430.0,430.0,430.0,445.0,445.0,445.0,1708.0,1708.0,1708.0,69.0,69.0,69.0,430.0,430.0,430.0
1.0,4953.0,1320.0,1290.0,24.0,1503.0,501.0,501.0,501.0,430.0,430.0,430.0,440.0,440.0,440.0,1651.0,1651.0,1651.0,501.0,501.0,501.0,430.0,430.0,430.0
1.0,3657.0,1365.0,1290.0,207.0,2661.0,887.0,887.0,887.0,430.0,430.0,430.0,455.0,455.0,455.0,1219.0,1219.0,1219.0,887.0,887.0,887.0,430.0,430.0,430.0
1.0,2499.0,1263.0,1290.0,1503.0,2421.0,807.0,807.0,807.0,430.0,430.0,430.0,421.0,421.0,421.0,833.0,833.0,833.0,807.0,807.0,807.0,430.0,430.0,430.0
1.0,2739.0,1383.0,1293.0,2661.0,1155.0,385.0,385.0,385.0,431.0,431.0,431.0,461.0,461.0,461.0,913.0,913.0,913.0,385.0,385.0,385.0,431.0,431.0,431.0
1.0,4017.0,1374.0,1293.0,2421.0,108.0,36.0,36.0,36.0,431.0,431.0,431.0,458.0,458.0,458.0,1339.0,1339.0,1339.0,36.0,36.0,36.0,431.0,431.0,431.0
1.0,5064.0,1353.0,1296.0,1155.0,318.0,106.0,106.0,106.0,432.0,432.0,432.0,451.0,451.0,451.0,1688.0,1688.0,1688.0,106.0,106.0,106.0,432.0,432.0,432.0
1.0,4866.0,1329.0,1296.0,108.0,1539.0,513.0,513.0,513.0,432.0,432.0,432.0,443.0,443.0,443.0,1622.0,1622.0,1622.0,513.0,513.0,513.0,432.0,432.0,432.0
1.0,3645.0,1368.0,1296.0,318.0,2589.0,863.0,863.0,863.0,432.0,432.0,432.0,456.0,456.0,456.0,1215.0,1215.0,1215.0,863.0,863.0,863.0,432.0,432.0,432.0
1.0,2595.0,1347.0,1299.0,1539.0,2409.0,803.0,803.0,803.0,433.0,433.0,433.0,449.0,449.0,449.0,865.0,865.0,865.0,803.0,803.0,803.0,433.0,433.0,433.0
1.0,2787.0,1281.0,1296.0,2589.0,1089.0,363.0,363.0,363.0,432.0,432.0,432.0,427.0,427.0,427.0,929.0,929.0,929.0,363.0,363.0,363.0,432.0,432.0,432.0
1.0,4095.0,1296.0,1296.0,2409.0,0.0,0.0,0.0,0.0,432.0,432.0,432.0,432.0,432.0,432.0,1365.0,1365.0,1365.0,0.0,0.0,0.0,432.0,432.0,432.0
1.0,5208.0,1269.0,1296.0,1089.0,156.0,52.0,52.0,52.0,432.0,432.0,432.0,423.0,423.0,423.0,1736.0,1736.0,1736.0,52.0,52.0,52.0,432.0,432.0,432.0
1.0,5028.0,1299.0,1299.0,0.0,1467.0,489.0,489.0,489.0,433.0,433.0,433.0,433.0,433.0,433.0,1676.0,1676.0,1676.0,489.0,489.0,489.0,433.0,433.0,433.0
1.0,3729.0,1320.0,1299.0,156.0,2631.0,877.0,877.0,877.0,433.0,433.0,433.0,440.0,440.0,440.0,1243.0,1243.0,1243.0,877.0,877.0,877.0,433.0,433.0,433.0
1.0,2565.0,1323.0,1299.0,1467.0,2487.0,829.0,829.0,829.0,433.0,433.0,433.0,441.0,441.0,441.0,855.0,855.0,855.0,829.0,829.0,829.0,433.0,433.0,433.0
1.0,2709.0,1332.0,1299.0,2631.0,1188.0,396.0,396.0,396.0,433.0,433.0,433.0,444.0,444.0,444.0,903.0,903.0,903.0,396.0,396.0,396.0,433.0,433.0,433.0
1.0,4008.0,1284.0,1299.0,2487.0,0.0,0.0,0.0,0.0,433.0,433.0,433.0,428.0,428.0,428.0,1336.0,1336.0,1336.0,0.0,0.0,0.0,433.0,433.0,433.0
1.0,5211.0,1272.0,1299.0,1188.0,69.0,23.0,23.0,23.0,433.0,433.0,433.0,424.0,424.0,424.0,1737.0,1737.0,1737.0,23.0,23.0,23.0,433.0,433.0,433.0
1.0,5127.0,1293.0,1299.0,0.0,1362.0,454.0,454.0,454.0,433.0,433.0,433.0,431.0,431.0,431.0,1709.0,1709.0,1709.0,454.0,454.0,454.0,433.0,433.0,433.0
1.0,3834.0,1359.0,1299.0,69.0,2652.0,884.0,884.0,884.0,433.0,433.0,433.0,453.0,453.0,453.0,1278.0,1278.0,1278.0,884.0,884.0,884.0,433.0,433.0,433.0
1.0,2544.0,1305.0,1299.0,1362.0,2595.0,865.0,865.0,865.0,433.0,433.0,433.0,435.0,435.0,435.0,848.0,848.0,848.0,865.0,865.0,865.0,433.0,433.0,433.0
1.0,2601.0,1308.0,1302.0,2652.0,1263.0,421.0,421.0,421.0,434.0,434.0,434.0,436.0,436.0,436.0,867.0,867.0,867.0,421.0,421.0,421.0,434.0,434.0,434.0
1.0,3945.0,1269.0,1302.0,2595.0,0.0,0.0,0.0,0.0,434.0,434.0,434.0,423.0,423.0,423.0,1315.0,1315.0,1315.0,0.0,0.0,0.0,434.0,434.0,434.0
1.0,5271.0,1272.0,1302.0,1263.0,0.0,0.0,0.0,0.0,434.0,434.0,434.0,424.0,424.0,424.0,1757.0,1757.0,1757.0,0.0,0.0,0.0,434.0,434.0,434.0
1.0,5262.0,1341.0,1302.0,0.0,1287.0,429.0,429.0,429.0,434.0,434.0,434.0,447.0,447.0,447.0,1754.0,1754.0,1754.0,429.0,429.0,429.0,434.0,434.0,434.0
1.0,3921.0,1314.0,1305.0,0.0,2613.0,871.0,871.0,871.0,435.0,435.0,435.0,438.0,438.0,438.0,1307.0,1307.0,1307.0,871.0,871.0,871.0,435.0,435.0,435.0
1.0,2607.0,1284.0,1305.0,1287.0,2610.0,870.0,870.0,870.0,435.0,435.0,435.0,428.0,428.0,428.0,869.0,869.0,869.0,870.0,870.0,870.0,435.0,435.0,435.0
1.0,2610.0,1281.0,1305.0,2613.0,1278.0,426.0,426.0,426.0,435.0,435.0,435.0,427.0,427.0,427.0,870.0,870.0,870.0,426.0,426.0,426.0,435.0,435.0,435.0
1.0,3942.0,1317.0,1305.0,2610.0,0.0,0.0,0.0,0.0,435.0,435.0,435.0,439.0,439.0,439.0,1314.0,1314.0,1314.0,0.0,0.0,0.0,435.0,435.0,435.0
1.0,5235.0,1332.0,1305.0,1278.0,39.0,13.0,13.0,13.0,435.0,435.0,435.0,444.0,444.0,444.0,1745.0,1745.0,1745.0,13.0,13.0,13.0,435.0,435.0,435.0
1.0,5181.0,1293.0,1308.0,0.0,1344.0,448.0,448.0,448.0,436.0,436.0,436.0,431.0,431.0,431.0,1727.0,1727.0,1727.0,448.0,448.0,448.0,436.0,436.0,436.0
1.0,3888.0,1278.0,1308.0,39.0,2583.0,861.0,861.0,861.0,436.0,436.0,436.0,426.0,426.0,426.0,1296.0,1296.0,1296.0,861.0,861.0,861.0,436.0,436.0,436.0
1.0,2649.0,1317.0,1308.0,1344.0,2556.0,852.0,852.0,852.0,436.0,436.0,436.0,439.0,439.0,439.0,883.0,883.0,883.0,852.0,852.0,852.0,436.0,436.0,436.0
1.0,2676.0,1332.0,1311.0,2583.0,1317.0,439.0,439.0,439.0,437.0,437.0,437.0,444.0,444.0,444.0,892.0,892.0,892.0,439.0,439.0,439.0,437.0,437.0,437.0
1.0,3927.0,1320.0,1311.0,2556.0,81.0,27.0,27.0,27.0,437.0,437.0,437.0,440.0,440.0,440.0,1309.0,1309.0,1309.0,27.0,27.0,27.0,437.0,437.0,437.0
1.0,5163.0,1320.0,1311.0,1317.0,84.0,28.0,28.0,28.0,437.0,437.0,437.0,440.0,440.0,440.0,1721.0,1721.0,1721.0,28.0,28.0,28.0,437.0,437.0,437.0
1.0,5160.0,1311.0,1311.0,81.0,1314.0,438.0,438.0,438.0,437.0,437.0,437.0,437.0,437.0,437.0,1720.0,1720.0,1720.0,438.0,438.0,438.0,437.0,437.0,437.0
1.0,3930.0,1332.0,1314.0,84.0,2574.0,858.0,858.0,858.0,438.0,438.0,438.0,444.0,444.0,444.0,1310.0,1310.0,1310.0,858.0,858.0,858.0,438.0,438.0,438.0
1.0,2682.0,1338.0,1314.0,1314.0,2598.0,866.0,866.0,866.0,438.0,438.0,438.0,446.0,446.0,446.0,894.0,894.0,894.0,866.0,866.0,866.0,438.0,438.0,438.0
1.0,2658.0,1320.0,1314.0,2574.0,1344.0,448.0,448.0,448.0,438.0,438.0,438.0,440.0,440.0,440.0,886.0,886.0,886.0,448.0,448.0,448.0,438.0,438.0,438.0
1.0,3912.0,1317.0,1314.0,2598.0,63.0,21.0,21.0,21.0,438.0,438.0,438.0,439.0,439.0,439.0,1304.0,1304.0,1304.0,21.0,21.0,21.0,438.0,438.0,438.0
1.0,5193.0,1350.0,1317.0,1344.0,81.0,27.0,27.0,27.0,439.0,439.0,439.0,450.0,450.0,450.0,1731.0,1731.0,1731.0,27.0,27.0,27.0,439.0,439.0,439.0
1.0,5187.0,1338.0,1317.0,63.0,1356.0,452.0,452.0,452.0,439.0,439.0,439.0,446.0,446.0,446.0,1729.0,1729.0,1729.0,452.0,452.0,452.0,439.0,439.0,439.0
1.0,3912.0,1347.0,1317.0,81.0,2622.0,874.0,874.0,874.0,439.0,439.0,439.0,449.0,449.0,449.0,1304.0,1304.0,1304.0,874.0,874.0,874.0,439.0,439.0,439.0
1.0,2646.0,1335.0,1317.0,1356.0,2601.0,867.0,867.0,867.0,439.0,439.0,439.0,445.0,445.0,445.0,882.0,882.0,882.0,867.0,867.0,867.0,439.0,439.0,439.0
1.0,2667.0,1371.0,1317.0,2622.0,1350.0,450.0,450.0,450.0,439.0,439.0,439.0,457.0,457.0,457.0,889.0,889.0,889.0,450.0,450.0,450.0,439.0,439.0,439.0
1.0,3918.0,1296.0,1317.0,2601.0,45.0,15.0,15.0,15.0,439.0,439.0,439.0,432.0,432.0,432.0,1306.0,1306.0,1306.0,15.0,15.0,15.0,439.0,439.0,439.0
1.0,5223.0,1389.0,1320.0,1350.0,96.0,32.0,32.0,32.0,440.0,440.0,440.0,463.0,463.0,463.0,1741.0,1741.0,1741.0,32.0,32.0,32.0,440.0,440.0,440.0
1.0,5184.0,1329.0,1320.0,45.0,1380.0,460.0,460.0,460.0,440.0,440.0,440.0,443.0,443.0,443.0,1728.0,1728.0,1728.0,460.0,460.0,460.0,440.0,440.0,440.0
1.0,3900.0,1320.0,1320.0,96.0,2604.0,868.0,868.0,868.0,440.0,440.0,440.0,440.0,440.0,440.0,1300.0,1300.0,1300.0,868.0,868.0,868.0,440.0,440.0,440.0
1.0,2676.0,1338.0,1320.0,1380.0,2562.0,854.0,854.0,854.0,440.0,440.0,440.0,446.0,446.0,446.0,892.0,892.0,892.0,854.0,854.0,854.0,440.0,440.0,440.0
1.0,2718.0,1356.0,1320.0,2604.0,1314.0,438.0,438.0,438.0,440.0,440.0,440.0,452.0,452.0,452.0,906.0,906.0,906.0,438.0,438.0,438.0,440.0,440.0,440.0
1.0,3966.0,1380.0,1323.0,2562.0,144.0,48.0,48.0,48.0,441.0,441.0,441.0,460.0,460.0,460.0,1322.0,1322.0,1322.0,48.0,48.0,48.0,441.0,441.0,441.0
1.0,5148.0,1344.0,1323.0,1314.0,174.0,58.0,58.0,58.0,441.0,441.0,441.0,448.0,448.0,448.0,1716.0,1716.0,1716.0,58.0,58.0,58.0,441.0,441.0,441.0
1.0,5118.0,1395.0,1323.0,144.0,1425.0,475.0,475.0,475.0,441.0,441.0,441.0,465.0,465.0,465.0,1706.0,1706.0,1706.0,475.0,475.0,475.0,441.0,441.0,441.0
1.0,3867.0,1380.0,1323.0,174.0,2631.0,877.0,877.0,877.0,441.0,441.0,441.0,460.0,460.0,460.0,1289.0,1289.0,1289.0,877.0,877.0,877.0,441.0,441.0,441.0
1.0,2661.0,1350.0,1323.0,1425.0,2556.0,852.0,852.0,852.0,441.0,441.0,441.0,450.0,450.0,450.0,887.0,887.0,887.0,852.0,852.0,852.0,441.0,441.0,441.0
1.0,2736.0,1344.0,1323.0,2631.0,1269.0,423.0,423.0,423.0,441.0,441.0,441.0,448.0,448.0,448.0,912.0,912.0,912.0,423.0,423.0,423.0,441.0,441.0,441.0
1.0,4023.0,1332.0,1323.0,2556.0,45.0,15.0,15.0,15.0,441.0,441.0,441.0,444.0,444.0,444.0,1341.0,1341.0,1341.0,15.0,15.0,15.0,441.0,441.0,441.0
1.0,5247.0,1356.0,1323.0,1269.0,132.0,44.0,44.0,44.0,441.0,441.0,441.0,452.0,452.0,452.0,1749.0,1749.0,1749.0,44.0,44.0,44.0,441.0,441.0,441.0
1.0,5160.0,1353.0,1323.0,45.0,1440.0,480.0,480.0,480.0,441.0,441.0,441.0,451.0,451.0,451.0,1720.0,1720.0,1720.0,480.0,480.0,480.0,441.0,441.0,441.0
1.0,3852.0,1317.0,1323.0,132.0,2625.0,875.0,875.0,875.0,441.0,441.0,441.0,439.0,439.0,439.0,1284.0,1284.0,1284.0,875.0,875.0,875.0,441.0,441.0,441.0
1.0,2667.0,1317.0,1326.0,1440.0,2514.0,838.0,838.0,838.0,442.0,442.0,442.0,439.0,439.0,439.0,889.0,889.0,889.0,838.0,838.0,838.0,442.0,442.0,442.0
1.0,2790.0,1413.0,1329.0,2625.0,1314.0,438.0,438.0,438.0,443.0,443.0,443.0,471.0,471.0,471.0,930.0,930.0,930.0,438.0,438.0,438.0,443.0,443.0,443.0
1.0,4002.0,1317.0,1329.0,2514.0,117.0,39.0,39.0,39.0,443.0,443.0,443.0,439.0,439.0,439.0,1334.0,1334.0,1334.0,39.0,39.0,39.0,443.0,443.0,443.0
1.0,5199.0,1314.0,1329.0,1314.0,117.0,39.0,39.0,39.0,443.0,443.0,443.0,438.0,438.0,438.0,1733.0,1733.0,1733.0,39.0,39.0,39.0,443.0,443.0,443.0
1.0,5199.0,1341.0,1329.0,117.0,1341.0,447.0,447.0,447.0,443.0,443.0,443.0,447.0,447.0,447.0,1733.0,1733.0,1733.0,447.0,447.0,447.0,443.0,443.0,443.0
1.0,3975.0,1401.0,1329.0,117.0,2625.0,875.0,875.0,875.0,443.0,443.0,443.0,467.0,467.0,467.0,1325.0,1325.0,1325.0,875.0,875.0,875.0,443.0,443.0,443.0
1.0,2691.0,1371.0,1332.0,1341.0,2667.0,889.0,889.0,889.0,444.0,444.0,444.0,457.0,457.0,457.0,897.0,897.0,897.0,889.0,889.0,889.0,444.0,444.0,444.0
1.0,2661.0,1335.0,1332.0,2625.0,1377.0,459.0,459.0,459.0,444.0,444.0,444.0,445.0,445.0,445.0,887.0,887.0,887.0,459.0,459.0,459.0,444.0,444.0,444.0
1.0,3951.0,1347.0,1332.0,2667.0,57.0,19.0,19.0,19.0,444.0,444.0,444.0,449.0,449.0,449.0,1317.0,1317.0,1317.0,19.0,19.0,19.0,444.0,444.0,444.0
1.0,5271.0,1338.0,1332.0,1377.0,18.0,6.0,6.0,6.0,444.0,444.0,444.0,446.0,446.0,446.0,1757.0,1757.0,1757.0,6.0,6.0,6.0,444.0,444.0,444.0
1.0,5310.0,1356.0,1335.0,57.0,1329.0,443.0,443.0,443.0,445.0,445.0,445.0,452.0,452.0,452.0,1770.0,1770.0,1770.0,443.0,443.0,443.0,445.0,445.0,445.0
1.0,4011.0,1329.0,1335.0,18.0,2640.0,880.0,880.0,880.0,445.0,445.0,445.0,443.0,443.0,443.0,1337.0,1337.0,1337.0,880.0,880.0,880.0,445.0,445.0,445.0
1.0,2700.0,1338.0,1335.0,1329.0,2649.0,883.0,883.0,883.0,445.0,445.0,445.0,446.0,446.0,446.0,900.0,900.0,900.0,883.0,883.0,883.0,445.0,445.0,445.0
1.0,2691.0,1386.0,1338.0,2640.0,1407.0,469.0,469.0,469.0,446.0,446.0,446.0,462.0,462.0,462.0,897.0,897.0,897.0,469.0,469.0,469.0,446.0,446.0,446.0
1.0,3945.0,1332.0,1338.0,2649.0,90.0,30.0,30.0,30.0,446.0,446.0,446.0,444.0,444.0,444.0,1315.0,1315.0,1315.0,30.0,30.0,30.0,446.0,446.0,446.0
1.0,5262.0,1347.0,1338.0,1407.0,30.0,10.0,10.0,10.0,446.0,446.0,446.0,449.0,449.0,449.0,1754.0,1754.0,1754.0,10.0,10.0,10.0,446.0,446.0,446.0
1.0,5322.0,1299.0,1338.0,90.0,1239.0,413.0,413.0,413.0,446.0,446.0,446.0,433.0,433.0,433.0,1774.0,1774.0,1774.0,413.0,413.0,413.0,446.0,446.0,446.0
1.0,4113.0,1353.0,1341.0,30.0,2574.0,858.0,858.0,858.0,447.0,447.0,447.0,451.0,451.0,451.0,1371.0,1371.0,1371.0,858.0,858.0,858.0,447.0,447.0,447.0
1.0,2790.0,1299.0,1341.0,1239.0,2634.0,878.0,878.0,878.0,447.0,447.0,447.0,433.0,433.0,433.0,930.0,930.0,930.0,878.0,878.0,878.0,447.0,447.0,447.0
1.0,2730.0,1350.0,1341.0,2574.0,1410.0,470.0,470.0,470.0,447.0,447.0,447.0,450.0,450.0,450.0,910.0,910.0,910.0,470.0,470.0,470.0,447.0,447.0,447.0
1.0,3954.0,1371.0,1341.0,2634.0,147.0,49.0,49.0,49.0,447.0,447.0,447.0,457.0,457.0,457.0,1318.0,1318.0,1318.0,49.0,49.0,49.0,447.0,447.0,447.0
1.0,5217.0,1335.0,1344.0,1410.0,84.0,28.0,28.0,28.0,448.0,448.0,448.0,445.0,445.0,445.0,1739.0,1739.0,1739.0,28.0,28.0,28.0,448.0,448.0,448.0
1.0,5292.0,1383.0,1344.0,147.0,1320.0,440.0,440.0,440.0,448.0,448.0,448.0,461.0,461.0,461.0,1764.0,1764.0,1764.0,440.0,440.0,440.0,448.0,448.0,448.0
1.0,4056.0,1353.0,1344.0,84.0,2589.0,863.0,863.0,863.0,448.0,448.0,448.0,451.0,451.0,451.0,1352.0,1352.0,1352.0,863.0,863.0,863.0,448.0,448.0,448.0
1.0,2787.0,1359.0,1344.0,1320.0,2628.0,876.0,876.0,876.0,448.0,448.0,448.0,453.0,453.0,453.0,929.0,929.0,929.0,876.0,876.0,876.0,448.0,448.0,448.0
1.0,2748.0,1272.0,1344.0,2589.0,1311.0,437.0,437.0,437.0,448.0,448.0,448.0,424.0,424.0,424.0,916.0,916.0,916.0,437.0,437.0,437.0,448.0,448.0,448.0
1.0,4065.0,1380.0,1344.0,2628.0,63.0,21.0,21.0,21.0,448.0,448.0,448.0,460.0,460.0,460.0,1355.0,1355.0,1355.0,21.0,21.0,21.0,448.0,448.0,448.0
1.0,5313.0,1347.0,1347.0,1311.0,111.0,37.0,37.0,37.0,449.0,449.0,449.0,449.0,449.0,449.0,1771.0,1771.0,1771.0,37.0,37.0,37.0,449.0,449.0,449.0
1.0,5277.0,1362.0,1347.0,63.0,1410.0,470.0,470.0,470.0,449.0,449.0,449.0,454.0,454.0,454.0,1759.0,1759.0,1759.0,470.0,470.0,470.0,449.0,449.0,449.0
1.0,3978.0,1404.0,1347.0,111.0,2703.0,901.0,901.0,901.0,449.0,449.0,449.0,468.0,468.0,468.0,1326.0,1326.0,1326.0,901.0,901.0,901.0,449.0,449.0,449.0
1.0,2685.0,1308.0,1347.0,1410.0,2601.0,867.0,867.0,867.0,449.0,449.0,449.0,436.0,436.0,436.0,895.0,895.0,895.0,867.0,867.0,867.0,449.0,449.0,449.0
1.0,2787.0,1389.0,1347.0,2703.0,1287.0,429.0,429.0,429.0,449.0,449.0,449.0,463.0,463.0,463.0,929.0,929.0,929.0,429.0,429.0,429.0,449.0,449.0,449.0
1.0,4101.0,1299.0,1347.0,2601.0,0.0,0.0,0.0,0.0,449.0,449.0,449.0,433.0,433.0,433.0,1367.0,1367.0,1367.0,0.0,0.0,0.0,449.0,449.0,449.0
1.0,5403.0,1386.0,1347.0,1287.0,84.0,28.0,28.0,28.0,449.0,449.0,449.0,462.0,462.0,462.0,1801.0,1801.0,1801.0,28.0,28.0,28.0,449.0,449.0,449.0
1.0,5304.0,1365.0,1350.0,0.0,1461.0,487.0,487.0,487.0,450.0,450.0,450.0,455.0,455.0,455.0,1768.0,1768.0,1768.0,487.0,487.0,487.0,450.0,450.0,450.0
1.0,3939.0,1401.0,1350.0,84.0,2778.0,926.0,926.0,926.0,450.0,450.0,450.0,467.0,467.0,467.0,1313.0,1313.0,1313.0,926.0,926.0,926.0,450.0,450.0,450.0
1.0,2622.0,1422.0,1353.0,1461.0,2751.0,917.0,917.0,917.0,451.0,451.0,451.0,474.0,474.0,474.0,874.0,874.0,874.0,917.0,917.0,917.0,451.0,451.0,451.0
1.0,2661.0,1395.0,1353.0,2778.0,1368.0,456.0,456.0,456.0,451.0,451.0,451.0,465.0,465.0,465.0,887.0,887.0,887.0,456.0,456.0,456.0,451.0,451.0,451.0
1.0,4044.0,1380.0,1353.0,2751.0,0.0,0.0,0.0,0.0,451.0,451.0,451.0,460.0,460.0,460.0,1348.0,1348.0,1348.0,0.0,0.0,0.0,451.0,451.0,451.0
1.0,5415.0,1392.0,1353.0,1368.0,21.0,7.0,7.0,7.0,451.0,451.0,451.0,464.0,464.0,464.0,1805.0,1805.0,1805.0,7.0,7.0,7.0,451.0,451.0,451.0
1.0,5391.0,1359.0,1356.0,0.0,1392.0,464.0,464.0,464.0,452.0,452.0,452.0,453.0,453.0,453.0,1797.0,1797.0,1797.0,464.0,464.0,464.0,452.0,452.0,452.0
1.0,4032.0,1419.0,1356.0,21.0,2790.0,930.0,930.0,930.0,452.0,452.0,452.0,473.0,473.0,473.0,1344.0,1344.0,1344.0,930.0,930.0,930.0,452.0,452.0,452.0
1.0,2634.0,1392.0,1356.0,1392.0,2790.0,930.0,930.0,930.0,452.0,452.0,452.0,464.0,464.0,464.0,878.0,878.0,878.0,930.0,930.0,930.0,452.0,452.0,452.0
1.0,2634.0,1344.0,1356.0,2790.0,1344.0,448.0,448.0,448.0,452.0,452.0,452.0,448.0,448.0,448.0,878.0,878.0,878.0,448.0,448.0,448.0,452.0,452.0,452.0
1.0,4080.0,1398.0,1356.0,2790.0,0.0,0.0,0.0,0.0,452.0,452.0,452.0,466.0,466.0,466.0,1360.0,1360.0,1360.0,0.0,0.0,0.0,452.0,452.0,452.0
1.0,5472.0,1371.0,1356.0,1344.0,0.0,0.0,0.0,0.0,452.0,452.0,452.0,457.0,457.0,457.0,1824.0,1824.0,1824.0,0.0,0.0,0.0,452.0,452.0,452.0
1.0,5445.0,1371.0,1356.0,0.0,1350.0,450.0,450.0,450.0,452.0,452.0,452.0,457.0,457.0,457.0,1815.0,1815.0,1815.0,450.0,450.0,450.0,452.0,452.0,452.0
1.0,4074.0,1359.0,1356.0,0.0,2709.0,903.0,903.0,903.0,452.0,452.0,452.0,453.0,453.0,453.0,1358.0,1358.0,1358.0,903.0,903.0,903.0,452.0,452.0,452.0
1.0,2715.0,1413.0,1359.0,1350.0,2784.0,928.0,928.0,928.0,453.0,453.0,453.0,471.0,471.0,471.0,905.0,905.0,905.0,928.0,928.0,928.0,453.0,453.0,453.0
1.0,2652.0,1389.0,1359.0,2709.0,1464.0,488.0,488.0,488.0,453.0,453.0,453.0,463.0,463.0,463.0,884.0,884.0,884.0,488.0,488.0,488.0,453.0,453.0,453.0
1.0,3972.0,1407.0,1359.0,2784.0,87.0,29.0,29.0,29.0,453.0,453.0,453.0,469.0,469.0,469.0,1324.0,1324.0,1324.0,29.0,29.0,29.0,453.0,453.0,453.0
1.0,5349.0,1401.0,1362.0,1464.0,36.0,12.0,12.0,12.0,454.0,454.0,454.0,467.0,467.0,467.0,1783.0,1783.0,1783.0,12.0,12.0,12.0,454.0,454.0,454.0
1.0,5412.0,1350.0,1362.0,87.0,1299.0,433.0,433.0,433.0,454.0,454.0,454.0,450.0,450.0,450.0,1804.0,1804.0,1804.0,433.0,433.0,433.0,454.0,454.0,454.0
1.0,4149.0,1383.0,1362.0,36.0,2646.0,882.0,882.0,882.0,454.0,454.0,454.0,461.0,461.0,461.0,1383.0,1383.0,1383.0,882.0,882.0,882.0,454.0,454.0,454.0
1.0,2802.0,1344.0,1362.0,1299.0,2691.0,897.0,897.0,897.0,454.0,454.0,454.0,448.0,448.0,448.0,934.0,934.0,934.0,897.0,897.0,897.0,454.0,454.0,454.0
1.0,2757.0,1347.0,1362.0,2646.0,1392.0,464.0,464.0,464.0,454.0,454.0,454.0,449.0,449.0,449.0,919.0,919.0,919.0,464.0,464.0,464.0,454.0,454.0,454.0
1.0,4056.0,1386.0,1365.0,2691.0,99.0,33.0,33.0,33.0,455.0,455.0,455.0,462.0,462.0,462.0,1352.0,1352.0,1352.0,33.0,33.0,33.0,455.0,455.0,455.0
1.0,5361.0,1392.0,1365.0,1392.0,99.0,33.0,33.0,33.0,455.0,455.0,455.0,464.0,464.0,464.0,1787.0,1787.0,1787.0,33.0,33.0,33.0,455.0,455.0,455.0
1.0,5361.0,1353.0,1362.0,99.0,1341.0,447.0,447.0,447.0,454.0,454.0,454.0,451.0,451.0,451.0,1787.0,1787.0,1787.0,447.0,447.0,447.0,454.0,454.0,454.0
1.0,4107.0,1386.0,1365.0,99.0,2640.0,880.0,880.0,880.0,455.0,455.0,455.0,462.0,462.0,462.0,1369.0,1369.0,1369.0,880.0,880.0,880.0,455.0,455.0,455.0
1.0,2820.0,1347.0,1365.0,1341.0,2646.0,882.0,882.0,882.0,455.0,455.0,455.0,449.0,449.0,449.0,940.0,940.0,940.0,882.0,882.0,882.0,455.0,455.0,455.0
1.0,2814.0,1329.0,1365.0,2640.0,1335.0,445.0,445.0,445.0,455.0,455.0,455.0,443.0,443.0,443.0,938.0,938.0,938.0,445.0,445.0,445.0,455.0,455.0,455.0
1.0,4125.0,1332.0,1365.0,2646.0,21.0,7.0,7.0,7.0,455.0,455.0,455.0,444.0,444.0,444.0,1375.0,1375.0,1375.0,7.0,7.0,7.0,455.0,455.0,455.0
1.0,5439.0,1428.0,1365.0,1335.0,114.0,38.0,38.0,38.0,455.0,455.0,455.0,476.0,476.0,476.0,1813.0,1813.0,1813.0,38.0,38.0,38.0,455.0,455.0,455.0
1.0,5346.0,1359.0,1365.0,21.0,1452.0,484.0,484.0,484.0,455.0,455.0,455.0,453.0,453.0,453.0,1782.0,1782.0,1782.0,484.0,484.0,484.0,455.0,455.0,455.0
1.0,4008.0,1386.0,1365.0,114.0,2724.0,908.0,908.0,908.0,455.0,455.0,455.0,462.0,462.0,462.0,1336.0,1336.0,1336.0,908.0,908.0,908.0,455.0,455.0,455.0
1.0,2736.0,1359.0,1365.0,1452.0,2631.0,877.0,877.0,877.0,455.0,455.0,455.0,453.0,453.0,453.0,912.0,912.0,912.0,877.0,877.0,877.0,455.0,455.0,455.0
1.0,2829.0,1323.0,1365.0,2724.0,1230.0,410.0,410.0,410.0,455.0,455.0,455.0,441.0,441.0,441.0,943.0,943.0,943.0,410.0,410.0,410.0,455.0,455.0,455.0
1.0,4230.0,1350.0,1368.0,2631.0,0.0,0.0,0.0,0.0,456.0,456.0,456.0,450.0,450.0,450.0,1410.0,1410.0,1410.0,0.0,0.0,0.0,456.0,456.0,456.0
1.0,5511.0,1413.0,1368.0,1230.0,144.0,48.0,48.0,48.0,456.0,456.0,456.0,471.0,471.0,471.0,1837.0,1837.0,1837.0,48.0,48.0,48.0,456.0,456.0,456.0
1.0,5328.0,1338.0,1368.0,0.0,1482.0,494.0,494.0,494.0,456.0,456.0,456.0,446.0,446.0,446.0,1776.0,1776.0,1776.0,494.0,494.0,494.0,456.0,456.0,456.0
1.0,3990.0,1335.0,1368.0,144.0,2673.0,891.0,891.0,891.0,456.0,456.0,456.0,445.0,445.0,445.0,1330.0,1330.0,1330.0,891.0,891.0,891.0,456.0,456.0,456.0
1.0,2799.0,1350.0,1368.0,1482.0,2541.0,847.0,847.0,847.0,456.0,456.0,456.0,450.0,450.0,450.0,933.0,933.0,933.0,847.0,847.0,847.0,456.0,456.0,456.0
1.0,2931.0,1365.0,1368.0,2673.0,1233.0,411.0,411.0,411.0,456.0,456.0,456.0,455.0,455.0,455.0,977.0,977.0,977.0,411.0,411.0,411.0,456.0,456.0,456.0
1.0,4239.0,1389.0,1368.0,2541.0,81.0,27.0,27.0,27.0,456.0,456.0,456.0,463.0,463.0,463.0,1413.0,1413.0,1413.0,27.0,27.0,27.0,456.0,456.0,456.0
1.0,5391.0,1338.0,1368.0,1233.0,186.0,62.0,62.0,62.0,456.0,456.0,456.0,446.0,446.0,446.0,1797.0,1797.0,1797.0,62.0,62.0,62.0,456.0,456.0,456.0
1.0,5286.0,1356.0,1368.0,81.0,1461.0,487.0,487.0,487.0,456.0,456.0,456.0,452.0,452.0,452.0,1762.0,1762.0,1762.0,487.0,487.0,487.0,456.0,456.0,456.0
1.0,4011.0,1344.0,1371.0,186.0,2631.0,877.0,877.0,877.0,457.0,457.0,457.0,448.0,448.0,448.0,1337.0,1337.0,1337.0,877.0,877.0,877.0,457.0,457.0,457.0
1.0,2853.0,1329.0,1368.0,1461.0,2487.0,829.0,829.0,829.0,456.0,456.0,456.0,443.0,443.0,443.0,951.0,951.0,951.0,829.0,829.0,829.0,456.0,456.0,456.0
1.0,2985.0,1380.0,1371.0,2631.0,1248.0,416.0,416.0,416.0,457.0,457.0,457.0,460.0,460.0,460.0,995.0,995.0,995.0,416.0,416.0,416.0,457.0,457.0,457.0
1.0,4236.0,1344.0,1368.0,2487.0,93.0,31.0,31.0,31.0,456.0,456.0,456.0,448.0,448.0,448.0,1412.0,1412.0,1412.0,31.0,31.0,31.0,456.0,456.0,456.0
1.0,5379.0,1356.0,1368.0,1248.0,201.0,67.0,67.0,67.0,456.0,456.0,456.0,452.0,452.0,452.0,1793.0,1793.0,1793.0,67.0,67.0,67.0,456.0,456.0,456.0
1.0,5271.0,1422.0,1371.0,93.0,1542.0,514.0,514.0,514.0,457.0,457.0,457.0,474.0,474.0,474.0,1757.0,1757.0,1757.0,514.0,514.0,514.0,457.0,457.0,457.0
1.0,3942.0,1416.0,1371.0,201.0,2757.0,919.0,919.0,919.0,457.0,457.0,457.0,472.0,472.0,472.0,1314.0,1314.0,1314.0,919.0,919.0,919.0,457.0,457.0,457.0
1.0,2727.0,1428.0,1374.0,1542.0,2655.0,885.0,885.0,885.0,458.0,458.0,458.0,476.0,476.0,476.0,909.0,909.0,909.0,885.0,885.0,885.0,458.0,458.0,458.0
1.0,2841.0,1407.0,1374.0,2757.0,1305.0,435.0,435.0,435.0,458.0,458.0,458.0,469.0,469.0,469.0,947.0,947.0,947.0,435.0,435.0,435.0,458.0,458.0,458.0
1.0,4191.0,1404.0,1374.0,2655.0,54.0,18.0,18.0,18.0,458.0,458.0,458.0,468.0,468.0,468.0,1397.0,1397.0,1397.0,18.0,18.0,18.0,458.0,458.0,458.0
1.0,5442.0,1422.0,1374.0,1305.0,171.0,57.0,57.0,57.0,458.0,458.0,458.0,474.0,474.0,474.0,1814.0,1814.0,1814.0,57.0,57.0,57.0,458.0,458.0,458.0
1.0,5325.0,1380.0,1374.0,54.0,1497.0,499.0,499.0,499.0,458.0,458.0,458.0,460.0,460.0,460.0,1775.0,1775.0,1775.0,499.0,499.0,499.0,458.0,458.0,458.0
1.0,3999.0,1392.0,1374.0,171.0,2718.0,906.0,906.0,906.0,458.0,458.0,458.0,464.0,464.0,464.0,1333.0,1333.0,1333.0,906.0,906.0,906.0,458.0,458.0,458.0
1.0,2778.0,1392.0,1374.0,1497.0,2613.0,871.0,871.0,871.0,458.0,458.0,458.0,464.0,464.0,464.0,926.0,926.0,926.0,871.0,871.0,871.0,458.0,458.0,458.0
1.0,2883.0,1434.0,1374.0,2718.0,1329.0,443.0,443.0,443.0,458.0,458.0,458.0,478.0,478.0,478.0,961.0,961.0,961.0,443.0,443.0,443.0,458.0,458.0,458.0
1.0,4167.0,1395.0,1377.0,2613.0,123.0,41.0,41.0,41.0,459.0,459.0,459.0,465.0,465.0,465.0,1389.0,1389.0,1389.0,41.0,41.0,41.0,459.0,459.0,459.0
1.0,5385.0,1404.0,1377.0,1329.0,198.0,66.0,66.0,66.0,459.0,459.0,459.0,468.0,468.0,468.0,1795.0,1795.0,1795.0,66.0,66.0,66.0,459.0,459.0,459.0
1.0,5310.0,1422.0,1377.0,123.0,1497.0,499.0,499.0,499.0,459.0,459.0,459.0,474.0,474.0,474.0,1770.0,1770.0,1770.0,499.0,499.0,499.0,459.0,459.0,459.0
1.0,4011.0,1389.0,1377.0,198.0,2688.0,896.0,896.0,896.0,459.0,459.0,459.0,463.0,463.0,463.0,1337.0,1337.0,1337.0,896.0,896.0,896.0,459.0,459.0,459.0
1.0,2820.0,1404.0,1377.0,1497.0,2595.0,865.0,865.0,865.0,459.0,459.0,459.0,468.0,468.0,468.0,940.0,940.0,940.0,865.0,865.0,865.0,459.0,459.0,459.0
1.0,2913.0,1428.0,1377.0,2688.0,1335.0,445.0,445.0,445.0,459.0,459.0,459.0,476.0,476.0,476.0,971.0,971.0,971.0,445.0,445.0,445.0,459.0,459.0,459.0
1.0,4173.0,1443.0,1380.0,2595.0,195.0,65.0,65.0,65.0,460.0,460.0,460.0,481.0,481.0,481.0,1391.0,1391.0,1391.0,65.0,65.0,65.0,460.0,460.0,460.0
1.0,5325.0,1350.0,1380.0,1335.0,210.0,70.0,70.0,70.0,460.0,460.0,460.0,450.0,450.0,450.0,1775.0,1775.0,1775.0,70.0,70.0,70.0,460.0,460.0,460.0
1.0,5310.0,1440.0,1380.0,195.0,1455.0,485.0,485.0,485.0,460.0,460.0,460.0,480.0,480.0,480.0,1770.0,1770.0,1770.0,485.0,485.0,485.0,460.0,460.0,460.0
1.0,4065.0,1404.0,1380.0,210.0,2649.0,883.0,883.0,883.0,460.0,460.0,460.0,468.0,468.0,468.0,1355.0,1355.0,1355.0,883.0,883.0,883.0,460.0,460.0,460.0
1.0,2871.0,1419.0,1380.0,1455.0,2613.0,871.0,871.0,871.0,460.0,460.0,460.0,473.0,473.0,473.0,957.0,957.0,957.0,871.0,871.0,871.0,460.0,460.0,460.0
1.0,2907.0,1368.0,1380.0,2649.0,1332.0,444.0,444.0,444.0,460.0,460.0,460.0,456.0,456.0,456.0,969.0,969.0,969.0,444.0,444.0,444.0,460.0,460.0,460.0
1.0,4188.0,1449.0,1383.0,2613.0,180.0,60.0,60.0,60.0,461.0,461.0,461.0,483.0,483.0,483.0,1396.0,1396.0,1396.0,60.0,60.0,60.0,461.0,461.0,461.0
1.0,5352.0,1410.0,1383.0,1332.0,258.0,86.0,86.0,86.0,461.0,461.0,461.0,470.0,470.0,470.0,1784.0,1784.0,1784.0,86.0,86.0,86.0,461.0,461.0,461.0
1.0,5274.0,1482.0,1386.0,180.0,1572.0,524.0,524.0,524.0,462.0,462.0,462.0,494.0,494.0,494.0,1758.0,1758.0,1758.0,524.0,524.0,524.0,462.0,462.0,462.0
1.0,3972.0,1473.0,1386.0,258.0,2787.0,929.0,929.0,929.0,462.0,462.0,462.0,491.0,491.0,491.0,1324.0,1324.0,1324.0,929.0,929.0,929.0,462.0,462.0,462.0
1.0,2757.0,1413.0,1389.0,1572.0,2640.0,880.0,880.0,880.0,463.0,463.0,463.0,471.0,471.0,471.0,919.0,919.0,919.0,880.0,880.0,880.0,463.0,463.0,463.0
1.0,2916.0,1407.0,1389.0,2787.0,1260.0,420.0,420.0,420.0,463.0,463.0,463.0,469.0,469.0,469.0,972.0,972.0,972.0,420.0,420.0,420.0,463.0,463.0,463.0
1.0,4296.0,1359.0,1389.0,2640.0,0.0,0.0,0.0,0.0,463.0,463.0,463.0,453.0,453.0,453.0,1432.0,1432.0,1432.0,0.0,0.0,0.0,463.0,463.0,463.0
1.0,5577.0,1371.0,1389.0,1260.0,90.0,30.0,30.0,30.0,463.0,463.0,463.0,457.0,457.0,457.0,1859.0,1859.0,1859.0,30.0,30.0,30.0,463.0,463.0,463.0
1.0,5466.0,1449.0,1389.0,0.0,1539.0,513.0,513.0,513.0,463.0,463.0,463.0,483.0,483.0,483.0,1822.0,1822.0,1822.0,513.0,513.0,513.0,463.0,463.0,463.0
1.0,4017.0,1386.0,1392.0,90.0,2847.0,949.0,949.0,949.0,464.0,464.0,464.0,462.0,462.0,462.0,1339.0,1339.0,1339.0,949.0,949.0,949.0,464.0,464.0,464.0
1.0,2721.0,1398.0,1392.0,1539.0,2706.0,902.0,902.0,902.0,464.0,464.0,464.0,466.0,466.0,466.0,907.0,907.0,907.0,902.0,902.0,902.0,464.0,464.0,464.0
1.0,2862.0,1416.0,1392.0,2847.0,1275.0,425.0,425.0,425.0,464.0,464.0,464.0,472.0,472.0,472.0,954.0,954.0,954.0,425.0,425.0,425.0,464.0,464.0,464.0
1.0,4293.0,1401.0,1392.0,2706.0,0.0,0.0,0.0,0.0,464.0,464.0,464.0,467.0,467.0,467.0,1431.0,1431.0,1431.0,0.0,0.0,0.0,464.0,464.0,464.0
1.0,5598.0,1407.0,1392.0,1275.0,102.0,34.0,34.0,34.0,464.0,464.0,464.0,469.0,469.0,469.0,1866.0,1866.0,1866.0,34.0,34.0,34.0,464.0,464.0,464.0
1.0,5466.0,1350.0,1392.0,0.0,1452.0,484.0,484.0,484.0,464.0,464.0,464.0,450.0,450.0,450.0,1822.0,1822.0,1822.0,484.0,484.0,484.0,464.0,464.0,464.0
1.0,4116.0,1392.0,1395.0,102.0,2754.0,918.0,918.0,918.0,465.0,465.0,465.0,464.0,464.0,464.0,1372.0,1372.0,1372.0,918.0,918.0,918.0,465.0,465.0,465.0
1.0,2826.0,1395.0,1395.0,1452.0,2697.0,899.0,899.0,899.0,465.0,465.0,465.0,465.0,465.0,465.0,942.0,942.0,942.0,899.0,899.0,899.0,465.0,465.0,465.0
1.0,2883.0,1440.0,1395.0,2754.0,1383.0,461.0,461.0,461.0,465.0,465.0,465.0,480.0,480.0,480.0,961.0,961.0,961.0,461.0,461.0,461.0,465.0,465.0,465.0
1.0,4197.0,1377.0,1398.0,2697.0,75.0,25.0,25.0,25.0,466.0,466.0,466.0,459.0,459.0,459.0,1399.0,1399.0,1399.0,25.0,25.0,25.0,466.0,466.0,466.0
1.0,5517.0,1452.0,1398.0,1383.0,144.0,48.0,48.0,48.0,466.0,466.0,466.0,484.0,484.0,484.0,1839.0,1839.0,1839.0,48.0,48.0,48.0,466.0,466.0,466.0
1.0,5448.0,1398.0,1401.0,75.0,1479.0,493.0,493.0,493.0,467.0,467.0,467.0,466.0,466.0,466.0,1816.0,1816.0,1816.0,493.0,493.0,493.0,467.0,467.0,467.0
1.0,4125.0,1431.0,1401.0,144.0,2766.0,922.0,922.0,922.0,467.0,467.0,467.0,477.0,477.0,477.0,1375.0,1375.0,1375.0,922.0,922.0,922.0,467.0,467.0,467.0
1.0,2838.0,1413.0,1401.0,1479.0,2700.0,900.0,900.0,900.0,467.0,467.0,467.0,471.0,471.0,471.0,946.0,946.0,946.0,900.0,900.0,900.0,467.0,467.0,467.0
1.0,2904.0,1443.0,1404.0,2766.0,1389.0,463.0,463.0,463.0,468.0,468.0,468.0,481.0,481.0,481.0,968.0,968.0,968.0,463.0,463.0,463.0,468.0,468.0,468.0
1.0,4227.0,1458.0,1404.0,2700.0,147.0,49.0,49.0,49.0,468.0,468.0,468.0,486.0,486.0,486.0,1409.0,1409.0,1409.0,49.0,49.0,49.0,468.0,468.0,468.0
1.0,5469.0,1374.0,1407.0,1389.0,144.0,48.0,48.0,48.0,469.0,469.0,469.0,458.0,458.0,458.0,1823.0,1823.0,1823.0,48.0,48.0,48.0,469.0,469.0,469.0
1.0,5484.0,1416.0,1407.0,147.0,1413.0,471.0,471.0,471.0,469.0,469.0,469.0,472.0,472.0,472.0,1828.0,1828.0,1828.0,471.0,471.0,471.0,469.0,469.0,469.0
1.0,4215.0,1470.0,1410.0,144.0,2751.0,917.0,917.0,917.0,470.0,470.0,470.0,490.0,490.0,490.0,1405.0,1405.0,1405.0,917.0,917.0,917.0,470.0,470.0,470.0
1.0,2889.0,1422.0,1410.0,1413.0,2760.0,920.0,920.0,920.0,470.0,470.0,470.0,474.0,474.0,474.0,963.0,963.0,963.0,920.0,920.0,920.0,470.0,470.0,470.0
1.0,2880.0,1389.0,1413.0,2751.0,1410.0,470.0,470.0,470.0,471.0,471.0,471.0,463.0,463.0,463.0,960.0,960.0,960.0,470.0,470.0,470.0,471.0,471.0,471.0
1.0,4242.0,1428.0,1413.0,2760.0,78.0,26.0,26.0,26.0,471.0,471.0,471.0,476.0,476.0,476.0,1414.0,1414.0,1414.0,26.0,26.0,26.0,471.0,471.0,471.0
1.0,5574.0,1374.0,1410.0,1410.0,30.0,10.0,10.0,10.0,470.0,470.0,470.0,458.0,458.0,458.0,1858.0,1858.0,1858.0,10.0,10.0,10.0,470.0,470.0,470.0
1.0,5610.0,1446.0,1410.0,78.0,1398.0,466.0,466.0,466.0,470.0,470.0,470.0,482.0,482.0,482.0,1870.0,1870.0,1870.0,466.0,466.0,466.0,470.0,470.0,470.0
1.0,4242.0,1458.0,1413.0,30.0,2838.0,946.0,946.0,946.0,471.0,471.0,471.0,486.0,486.0,486.0,1414.0,1414.0,1414.0,946.0,946.0,946.0,471.0,471.0,471.0
1.0,2814.0,1479.0,1413.0,1398.0,2919.0,973.0,973.0,973.0,471.0,471.0,471.0,493.0,493.0,493.0,938.0,938.0,938.0,973.0,973.0,973.0,471.0,471.0,471.0
1.0,2733.0,1449.0,1413.0,2838.0,1530.0,510.0,510.0,510.0,471.0,471.0,471.0,483.0,483.0,483.0,911.0,911.0,911.0,510.0,510.0,510.0,471.0,471.0,471.0
1.0,4122.0,1464.0,1416.0,2919.0,87.0,29.0,29.0,29.0,472.0,472.0,472.0,488.0,488.0,488.0,1374.0,1374.0,1374.0,29.0,29.0,29.0,472.0,472.0,472.0
1.0,5577.0,1431.0,1416.0,1530.0,0.0,0.0,0.0,0.0,472.0,472.0,472.0,477.0,477.0,477.0,1859.0,1859.0,1859.0,0.0,0.0,0.0,472.0,472.0,472.0
1.0,5676.0,1422.0,1416.0,87.0,1323.0,441.0,441.0,441.0,472.0,472.0,472.0,474.0,474.0,474.0,1892.0,1892.0,1892.0,441.0,441.0,441.0,472.0,472.0,472.0
1.0,4341.0,1470.0,1419.0,0.0,2805.0,935.0,935.0,935.0,473.0,473.0,473.0,490.0,490.0,490.0,1447.0,1447.0,1447.0,935.0,935.0,935.0,473.0,473.0,473.0
1.0,2871.0,1485.0,1419.0,1323.0,2967.0,989.0,989.0,989.0,473.0,473.0,473.0,495.0,495.0,495.0,957.0,957.0,957.0,989.0,989.0,989.0,473.0,473.0,473.0
1.0,2709.0,1446.0,1419.0,2805.0,1608.0,536.0,536.0,536.0,473.0,473.0,473.0,482.0,482.0,482.0,903.0,903.0,903.0,536.0,536.0,536.0,473.0,473.0,473.0
1.0,4068.0,1431.0,1422.0,2967.0,84.0,28.0,28.0,28.0,474.0,474.0,474.0,477.0,477.0,477.0,1356.0,1356.0,1356.0,28.0,28.0,28.0,474.0,474.0,474.0
1.0,5604.0,1434.0,1422.0,1608.0,0.0,0.0,0.0,0.0,474.0,474.0,474.0,478.0,478.0,478.0,1868.0,1868.0,1868.0,0.0,0.0,0.0,474.0,474.0,474.0
1.0,5778.0,1503.0,1422.0,84.0,1329.0,443.0,443.0,443.0,474.0,474.0,474.0,501.0,501.0,501.0,1926.0,1926.0,1926.0,443.0,443.0,443.0,474.0,474.0,474.0
1.0,4359.0,1500.0,1425.0,0.0,2841.0,947.0,947.0,947.0,475.0,475.0,475.0,500.0,500.0,500.0,1453.0,1453.0,1453.0,947.0,947.0,947.0,475.0,475.0,475.0
1.0,2859.0,1446.0,1425.0,1329.0,2958.0,986.0,986.0,986.0,475.0,475.0,475.0,482.0,482.0,482.0,953.0,953.0,953.0,986.0,986.0,986.0,475.0,475.0,475.0
1.0,2742.0,1401.0,1425.0,2841.0,1518.0,506.0,506.0,506.0,475.0,475.0,475.0,467.0,467.0,467.0,914.0,914.0,914.0,506.0,506.0,506.0,475.0,475.0,475.0
1.0,4182.0,1413.0,1425.0,2958.0,0.0,0.0,0.0,0.0,475.0,475.0,475.0,471.0,471.0,471.0,1394.0,1394.0,1394.0,0.0,0.0,0.0,475.0,475.0,475.0
1.0,5727.0,1518.0,1428.0,1518.0,0.0,0.0,0.0,0.0,476.0,476.0,476.0,506.0,506.0,506.0,1909.0,1909.0,1909.0,0.0,0.0,0.0,476.0,476.0,476.0
1.0,5727.0,1458.0,1428.0,0.0,1443.0,481.0,481.0,481.0,476.0,476.0,476.0,486.0,486.0,486.0,1909.0,1909.0,1909.0,481.0,481.0,481.0,476.0,476.0,476.0
1.0,4269.0,1503.0,1431.0,0.0,2958.0,986.0,986.0,986.0,477.0,477.0,477.0,501.0,501.0,501.0,1423.0,1423.0,1423.0,986.0,986.0,986.0,477.0,477.0,477.0
1.0,2766.0,1461.0,1431.0,1443.0,2976.0,992.0,992.0,992.0,477.0,477.0,477.0,487.0,487.0,487.0,922.0,922.0,922.0,992.0,992.0,992.0,477.0,477.0,477.0
1.0,2748.0,1398.0,1431.0,2958.0,1416.0,472.0,472.0,472.0,477.0,477.0,477.0,466.0,466.0,466.0,916.0,916.0,916.0,472.0,472.0,472.0,477.0,477.0,477.0
1.0,4308.0,1440.0,1431.0,2976.0,0.0,0.0,0.0,0.0,477.0,477.0,477.0,480.0,480.0,480.0,1436.0,1436.0,1436.0,0.0,0.0,0.0,477.0,477.0,477.0
1.0,5844.0,1473.0,1431.0,1416.0,0.0,0.0,0.0,0.0,477.0,477.0,477.0,491.0,491.0,491.0,1948.0,1948.0,1948.0,0.0,0.0,0.0,477.0,477.0,477.0
1.0,5787.0,1407.0,1431.0,0.0,1344.0,448.0,448.0,448.0,477.0,477.0,477.0,469.0,469.0,469.0,1929.0,1929.0,1929.0,448.0,448.0,448.0,477.0,477.0,477.0
1.0,4380.0,1416.0,1431.0,0.0,2760.0,920.0,920.0,920.0,477.0,477.0,477.0,472.0,472.0,472.0,1460.0,1460.0,1460.0,920.0,920.0,920.0,477.0,477.0,477.0
1.0,2964.0,1410.0,1431.0,1344.0,2826.0,942.0,942.0,942.0,477.0,477.0,477.0,470.0,470.0,470.0,988.0,988.0,988.0,942.0,942.0,942.0,477.0,477.0,477.0
1.0,2898.0,1443.0,1431.0,2760.0,1509.0,503.0,503.0,503.0,477.0,477.0,477.0,481.0,481.0,481.0,966.0,966.0,966.0,503.0,503.0,503.0,477.0,477.0,477.0
1.0,4215.0,1419.0,1431.0,2826.0,102.0,34.0,34.0,34.0,477.0,477.0,477.0,473.0,473.0,473.0,1405.0,1405.0,1405.0,34.0,34.0,34.0,477.0,477.0,477.0
1.0,5622.0,1413.0,1431.0,1509.0,6.0,2.0,2.0,2.0,477.0,477.0,477.0,471.0,471.0,471.0,1874.0,1874.0,1874.0,2.0,2.0,2.0,477.0,477.0,477.0
1.0,5718.0,1479.0,1434.0,102.0,1395.0,465.0,465.0,465.0,478.0,478.0,478.0,493.0,493.0,493.0,1906.0,1906.0,1906.0,465.0,465.0,465.0,478.0,478.0,478.0
1.0,4341.0,1401.0,1434.0,6.0,2790.0,930.0,930.0,930.0,478.0,478.0,478.0,467.0,467.0,467.0,1447.0,1447.0,1447.0,930.0,930.0,930.0,478.0,478.0,478.0
1.0,2946.0,1413.0,1434.0,1395.0,2808.0,936.0,936.0,936.0,478.0,478.0,478.0,471.0,471.0,471.0,982.0,982.0,982.0,936.0,936.0,936.0,478.0,478.0,478.0
1.0,2928.0,1461.0,1434.0,2790.0,1479.0,493.0,493.0,493.0,478.0,478.0,478.0,487.0,487.0,487.0,976.0,976.0,976.0,493.0,493.0,493.0,478.0,478.0,478.0
1.0,4257.0,1428.0,1437.0,2808.0,111.0,37.0,37.0,37.0,479.0,479.0,479.0,476.0,476.0,476.0,1419.0,1419.0,1419.0,37.0,37.0,37.0,479.0,479.0,479.0
1.0,5637.0,1374.0,1437.0,1479.0,6.0,2.0,2.0,2.0,479.0,479.0,479.0,458.0,458.0,458.0,1879.0,1879.0,1879.0,2.0,2.0,2.0,479.0,479.0,479.0
1.0,5742.0,1467.0,1437.0,111.0,1362.0,454.0,454.0,454.0,479.0,479.0,479.0,489.0,489.0,489.0,1914.0,1914.0,1914.0,454.0,454.0,454.0,479.0,479.0,479.0
1.0,4386.0,1359.0,1437.0,6.0,2715.0,905.0,905.0,905.0,479.0,479.0,479.0,453.0,453.0,453.0,1462.0,1462.0,1462.0,905.0,905.0,905.0,479.0,479.0,479.0
1.0,3033.0,1437.0,1437.0,1362.0,2790.0,930.0,930.0,930.0,479.0,479.0,479.0,479.0,479.0,479.0,1011.0,1011.0,1011.0,930.0,930.0,930.0,479.0,479.0,479.0
1.0,2958.0,1434.0,1437.0,2715.0,1509.0,503.0,503.0,503.0,479.0,479.0,479.0,478.0,478.0,478.0,986.0,986.0,986.0,503.0,503.0,503.0,479.0,479.0,479.0
1.0,4239.0,1470.0,1437.0,2790.0,189.0,63.0,63.0,63.0,479.0,479.0,479.0,490.0,490.0,490.0,1413.0,1413.0,1413.0,63.0,63.0,63.0,479.0,479.0,479.0
1.0,5559.0,1449.0,1437.0,1509.0,129.0,43.0,43.0,43.0,479.0,479.0,479.0,483.0,483.0,483.0,1853.0,1853.0,1853.0,43.0,43.0,43.0,479.0,479.0,479.0
1.0,5619.0,1440.0,1440.0,189.0,1392.0,464.0,464.0,464.0,480.0,480.0,480.0,480.0,480.0,480.0,1873.0,1873.0,1873.0,464.0,464.0,464.0,480.0,480.0,480.0
1.0,4368.0,1437.0,1440.0,129.0,2700.0,900.0,900.0,900.0,480.0,480.0,480.0,479.0,479.0,479.0,1456.0,1456.0,1456.0,900.0,900.0,900.0,480.0,480.0,480.0
1.0,3060.0,1431.0,1437.0,1392.0,2727.0,909.0,909.0,909.0,479.0,479.0,479.0,477.0,477.0,477.0,1020.0,1020.0,1020.0,909.0,909.0,909.0,479.0,479.0,479.0
1.0,3021.0,1389.0,1440.0,2700.0,1428.0,476.0,476.0,476.0,480.0,480.0,480.0,463.0,463.0,463.0,1007.0,1007.0,1007.0,476.0,476.0,476.0,480.0,480.0,480.0
1.0,4332.0,1437.0,1440.0,2727.0,138.0,46.0,46.0,46.0,480.0,480.0,480.0,479.0,479.0,479.0,1444.0,1444.0,1444.0,46.0,46.0,46.0,480.0,480.0,480.0
1.0,5622.0,1440.0,1437.0,1428.0,138.0,46.0,46.0,46.0,479.0,479.0,479.0,480.0,480.0,480.0,1874.0,1874.0,1874.0,46.0,46.0,46.0,479.0,479.0,479.0
1.0,5610.0,1476.0,1440.0,138.0,1488.0,496.0,496.0,496.0,480.0,480.0,480.0,492.0,492.0,492.0,1870.0,1870.0,1870.0,496.0,496.0,496.0,480.0,480.0,480.0
1.0,4272.0,1455.0,1440.0,138.0,2805.0,935.0,935.0,935.0,480.0,480.0,480.0,485.0,485.0,485.0,1424.0,1424.0,1424.0,935.0,935.0,935.0,480.0,480.0,480.0
1.0,2955.0,1443.0,1440.0,1488.0,2760.0,920.0,920.0,920.0,480.0,480.0,480.0,481.0,481.0,481.0,985.0,985.0,985.0,920.0,920.0,920.0,480.0,480.0,480.0
1.0,3000.0,1509.0,1443.0,2805.0,1476.0,492.0,492.0,492.0,481.0,481.0,481.0,503.0,503.0,503.0,1000.0,1000.0,1000.0,492.0,492.0,492.0,481.0,481.0,481.0
1.0,4296.0,1497.0,1446.0,2760.0,225.0,75.0,75.0,75.0,482.0,482.0,482.0,499.0,499.0,499.0,1432.0,1432.0,1432.0,75.0,75.0,75.0,482.0,482.0,482.0
1.0,5559.0,1446.0,1443.0,1476.0,183.0,61.0,61.0,61.0,481.0,481.0,481.0,482.0,482.0,482.0,1853.0,1853.0,1853.0,61.0,61.0,61.0,481.0,481.0,481.0
1.0,5589.0,1479.0,1443.0,225.0,1437.0,479.0,479.0,479.0,481.0,481.0,481.0,493.0,493.0,493.0,1863.0,1863.0,1863.0,479.0,479.0,479.0,481.0,481.0,481.0
1.0,4335.0,1437.0,1443.0,183.0,2691.0,897.0,897.0,897.0,481.0,481.0,481.0,479.0,479.0,479.0,1445.0,1445.0,1445.0,897.0,897.0,897.0,481.0,481.0,481.0
1.0,3081.0,1488.0,1446.0,1437.0,2754.0,918.0,918.0,918.0,482.0,482.0,482.0,496.0,496.0,496.0,1027.0,1027.0,1027.0,918.0,918.0,918.0,482.0,482.0,482.0
1.0,3030.0,1419.0,1443.0,2691.0,1470.0,490.0,490.0,490.0,481.0,481.0,481.0,473.0,473.0,473.0,1010.0,1010.0,1010.0,490.0,490.0,490.0,481.0,481.0,481.0
1.0,4302.0,1491.0,1446.0,2754.0,219.0,73.0,73.0,73.0,482.0,482.0,482.0,497.0,497.0,497.0,1434.0,1434.0,1434.0,73.0,73.0,73.0,482.0,482.0,482.0
1.0,5565.0,1449.0,1446.0,1470.0,198.0,66.0,66.0,66.0,482.0,482.0,482.0,483.0,483.0,483.0,1855.0,1855.0,1855.0,66.0,66.0,66.0,482.0,482.0,482.0
1.0,5586.0,1500.0,1446.0,219.0,1479.0,493.0,493.0,493.0,482.0,482.0,482.0,500.0,500.0,500.0,1862.0,1862.0,1862.0,493.0,493.0,493.0,482.0,482.0,482.0
1.0,4305.0,1467.0,1446.0,198.0,2748.0,916.0,916.0,916.0,482.0,482.0,482.0,489.0,489.0,489.0,1435.0,1435.0,1435.0,916.0,916.0,916.0,482.0,482.0,482.0
1.0,3036.0,1479.0,1446.0,1479.0,2748.0,916.0,916.0,916.0,482.0,482.0,482.0,493.0,493.0,493.0,1012.0,1012.0,1012.0,916.0,916.0,916.0,482.0,482.0,482.0
1.0,3036.0,1443.0,1446.0,2748.0,1443.0,481.0,481.0,481.0,482.0,482.0,482.0,481.0,481.0,481.0,1012.0,1012.0,1012.0,481.0,481.0,481.0,482.0,482.0,482.0
1.0,4341.0,1530.0,1449.0,2748.0,237.0,79.0,79.0,79.0,483.0,483.0,483.0,510.0,510.0,510.0,1447.0,1447.0,1447.0,79.0,79.0,79.0,483.0,483.0,483.0
1.0,5559.0,1503.0,1449.0,1443.0,297.0,99.0,99.0,99.0,483.0,483.0,483.0,501.0,501.0,501.0,1853.0,1853.0,1853.0,99.0,99.0,99.0,483.0,483.0,483.0
1.0,5499.0,1467.0,1449.0,237.0,1527.0,509.0,509.0,509.0,483.0,483.0,483.0,489.0,489.0,489.0,1833.0,1833.0,1833.0,509.0,509.0,509.0,483.0,483.0,483.0
1.0,4269.0,1440.0,1449.0,297.0,2670.0,890.0,890.0,890.0,483.0,483.0,483.0,480.0,480.0,480.0,1423.0,1423.0,1423.0,890.0,890.0,890.0,483.0,483.0,483.0
1.0,3126.0,1440.0,1449.0,1527.0,2583.0,861.0,861.0,861.0,483.0,483.0,483.0,480.0,480.0,480.0,1042.0,1042.0,1042.0,861.0,861.0,861.0,483.0,483.0,483.0
1.0,3213.0,1461.0,1449.0,2670.0,1374.0,458.0,458.0,458.0,483.0,483.0,483.0,487.0,487.0,487.0,1071.0,1071.0,1071.0,458.0,458.0,458.0,483.0,483.0,483.0
1.0,4422.0,1539.0,1449.0,2583.0,330.0,110.0,110.0,110.0,483.0,483.0,483.0,513.0,513.0,513.0,1474.0,1474.0,1474.0,110.0,110.0,110.0,483.0,483.0,483.0
1.0,5466.0,1500.0,1449.0,1374.0,456.0,152.0,152.0,152.0,483.0,483.0,483.0,500.0,500.0,500.0,1822.0,1822.0,1822.0,152.0,152.0,152.0,483.0,483.0,483.0
1.0,5340.0,1497.0,1449.0,330.0,1623.0,541.0,541.0,541.0,483.0,483.0,483.0,499.0,499.0,499.0,1780.0,1780.0,1780.0,541.0,541.0,541.0,483.0,483.0,483.0
1.0,4173.0,1488.0,1452.0,456.0,2667.0,889.0,889.0,889.0,484.0,484.0,484.0,496.0,496.0,496.0,1391.0,1391.0,1391.0,889.0,889.0,889.0,484.0,484.0,484.0
1.0,3141.0,1443.0,1452.0,1623.0,2487.0,829.0,829.0,829.0,484.0,484.0,484.0,481.0,481.0,481.0,1047.0,1047.0,1047.0,829.0,829.0,829.0,484.0,484.0,484.0
1.0,3321.0,1491.0,1452.0,2667.0,1311.0,437.0,437.0,437.0,484.0,484.0,484.0,497.0,497.0,497.0,1107.0,1107.0,1107.0,437.0,437.0,437.0,484.0,484.0,484.0
1.0,4497.0,1425.0,1452.0,2487.0,249.0,83.0,83.0,83.0,484.0,484.0,484.0,475.0,475.0,475.0,1499.0,1499.0,1499.0,83.0,83.0,83.0,484.0,484.0,484.0
1.0,5559.0,1473.0,1455.0,1311.0,423.0,141.0,141.0,141.0,485.0,485.0,485.0,491.0,491.0,491.0,1853.0,1853.0,1853.0,141.0,141.0,141.0,485.0,485.0,485.0
1.0,5397.0,1473.0,1455.0,249.0,1647.0,549.0,549.0,549.0,485.0,485.0,485.0,491.0,491.0,491.0,1799.0,1799.0,1799.0,549.0,549.0,549.0,485.0,485.0,485.0
1.0,4173.0,1428.0,1455.0,423.0,2652.0,884.0,884.0,884.0,485.0,485.0,485.0,476.0,476.0,476.0,1391.0,1391.0,1391.0,884.0,884.0,884.0,485.0,485.0,485.0
1.0,3168.0,1452.0,1455.0,1647.0,2457.0,819.0,819.0,819.0,485.0,485.0,485.0,484.0,484.0,484.0,1056.0,1056.0,1056.0,819.0,819.0,819.0,485.0,485.0,485.0
1.0,3363.0,1455.0,1455.0,2652.0,1260.0,420.0,420.0,420.0,485.0,485.0,485.0,485.0,485.0,485.0,1121.0,1121.0,1121.0,420.0,420.0,420.0,485.0,485.0,485.0
1.0,4560.0,1488.0,1458.0,2457.0,303.0,101.0,101.0,101.0,486.0,486.0,486.0,496.0,496.0,496.0,1520.0,1520.0,1520.0,101.0,101.0,101.0,486.0,486.0,486.0
1.0,5529.0,1410.0,1458.0,1260.0,453.0,151.0,151.0,151.0,486.0,486.0,486.0,470.0,470.0,470.0,1843.0,1843.0,1843.0,151.0,151.0,151.0,486.0,486.0,486.0
1.0,5379.0,1437.0,1458.0,303.0,1587.0,529.0,529.0,529.0,486.0,486.0,486.0,479.0,479.0,479.0,1793.0,1793.0,1793.0,529.0,529.0,529.0,486.0,486.0,486.0
1.0,4245.0,1458.0,1458.0,453.0,2592.0,864.0,864.0,864.0,486.0,486.0,486.0,486.0,486.0,486.0,1415.0,1415.0,1415.0,864.0,864.0,864.0,486.0,486.0,486.0
1.0,3240.0,1479.0,1458.0,1587.0,2484.0,828.0,828.0,828.0,486.0,486.0,486.0,493.0,493.0,493.0,1080.0,1080.0,1080.0,828.0,828.0,828.0,486.0,486.0,486.0
1.0,3348.0,1443.0,1458.0,2592.0,1335.0,445.0,445.0,445.0,486.0,486.0,486.0,481.0,481.0,481.0,1116.0,1116.0,1116.0,445.0,445.0,445.0,486.0,486.0,486.0
1.0,4497.0,1443.0,1458.0,2484.0,294.0,98.0,98.0,98.0,486.0,486.0,486.0,481.0,481.0,481.0,1499.0,1499.0,1499.0,98.0,98.0,98.0,486.0,486.0,486.0
1.0,5538.0,1449.0,1461.0,1335.0,420.0,140.0,140.0,140.0,487.0,487.0,487.0,483.0,483.0,483.0,1846.0,1846.0,1846.0,140.0,140.0,140.0,487.0,487.0,487.0
1.0,5424.0,1461.0,1461.0,294.0,1587.0,529.0,529.0,529.0,487.0,487.0,487.0,487.0,487.0,487.0,1808.0,1808.0,1808.0,529.0,529.0,529.0,487.0,487.0,487.0
1.0,4257.0,1461.0,1461.0,420.0,2628.0,876.0,876.0,876.0,487.0,487.0,487.0,487.0,487.0,487.0,1419.0,1419.0,1419.0,876.0,876.0,876.0,487.0,487.0,487.0
1.0,3216.0,1485.0,1461.0,1587.0,2526.0,842.0,842.0,842.0,487.0,487.0,487.0,495.0,495.0,495.0,1072.0,1072.0,1072.0,842.0,842.0,842.0,487.0,487.0,487.0
1.0,3318.0,1509.0,1464.0,2628.0,1419.0,473.0,473.0,473.0,488.0,488.0,488.0,503.0,503.0,503.0,1106.0,1106.0,1106.0,473.0,473.0,473.0,488.0,488.0,488.0
1.0,4437.0,1476.0,1464.0,2526.0,369.0,123.0,123.0,123.0,488.0,488.0,488.0,492.0,492.0,492.0,1479.0,1479.0,1479.0,123.0,123.0,123.0,488.0,488.0,488.0
1.0,5487.0,1503.0,1464.0,1419.0,453.0,151.0,151.0,151.0,488.0,488.0,488.0,501.0,501.0,501.0,1829.0,1829.0,1829.0,151.0,151.0,151.0,488.0,488.0,488.0
1.0,5403.0,1455.0,1464.0,369.0,1539.0,513.0,513.0,513.0,488.0,488.0,488.0,485.0,485.0,485.0,1801.0,1801.0,1801.0,513.0,513.0,513.0,488.0,488.0,488.0
1.0,4317.0,1458.0,1467.0,453.0,2556.0,852.0,852.0,852.0,489.0,489.0,489.0,486.0,486.0,486.0,1439.0,1439.0,1439.0,852.0,852.0,852.0,489.0,489.0,489.0
1.0,3312.0,1494.0,1467.0,1539.0,2511.0,837.0,837.0,837.0,489.0,489.0,489.0,498.0,498.0,498.0,1104.0,1104.0,1104.0,837.0,837.0,837.0,489.0,489.0,489.0
1.0,3357.0,1428.0,1467.0,2556.0,1383.0,461.0,461.0,461.0,489.0,489.0,489.0,476.0,476.0,476.0,1119.0,1119.0,1119.0,461.0,461.0,461.0,489.0,489.0,489.0
1.0,4485.0,1470.0,1467.0,2511.0,342.0,114.0,114.0,114.0,489.0,489.0,489.0,490.0,490.0,490.0,1495.0,1495.0,1495.0,114.0,114.0,114.0,489.0,489.0,489.0
1.0,5526.0,1482.0,1467.0,1383.0,441.0,147.0,147.0,147.0,489.0,489.0,489.0,494.0,494.0,494.0,1842.0,1842.0,1842.0,147.0,147.0,147.0,489.0,489.0,489.0
1.0,5427.0,1458.0,1467.0,342.0,1557.0,519.0,519.0,519.0,489.0,489.0,489.0,486.0,486.0,486.0,1809.0,1809.0,1809.0,519.0,519.0,519.0,489.0,489.0,489.0
1.0,4311.0,1506.0,1467.0,441.0,2622.0,874.0,874.0,874.0,489.0,489.0,489.0,502.0,502.0,502.0,1437.0,1437.0,1437.0,874.0,874.0,874.0,489.0,489.0,489.0
1.0,3246.0,1521.0,1470.0,1557.0,2598.0,866.0,866.0,866.0,490.0,490.0,490.0,507.0,507.0,507.0,1082.0,1082.0,1082.0,866.0,866.0,866.0,490.0,490.0,490.0
1.0,3282.0,1482.0,1470.0,2622.0,1458.0,486.0,486.0,486.0,490.0,490.0,490.0,494.0,494.0,494.0,1094.0,1094.0,1094.0,486.0,486.0,486.0,490.0,490.0,490.0
1.0,4422.0,1482.0,1470.0,2598.0,342.0,114.0,114.0,114.0,490.0,490.0,490.0,494.0,494.0,494.0,1474.0,1474.0,1474.0,114.0,114.0,114.0,490.0,490.0,490.0
1.0,5538.0,1464.0,1470.0,1458.0,348.0,116.0,116.0,116.0,490.0,490.0,490.0,488.0,488.0,488.0,1846.0,1846.0,1846.0,116.0,116.0,116.0,490.0,490.0,490.0
1.0,5532.0,1512.0,1470.0,342.0,1518.0,506.0,506.0,506.0,490.0,490.0,490.0,504.0,504.0,504.0,1844.0,1844.0,1844.0,506.0,506.0,506.0,490.0,490.0,490.0
1.0,4362.0,1488.0,1473.0,348.0,2670.0,890.0,890.0,890.0,491.0,491.0,491.0,496.0,496.0,496.0,1454.0,1454.0,1454.0,890.0,890.0,890.0,491.0,491.0,491.0
1.0,3222.0,1554.0,1473.0,1518.0,2706.0,902.0,902.0,902.0,491.0,491.0,491.0,518.0,518.0,518.0,1074.0,1074.0,1074.0,902.0,902.0,902.0,491.0,491.0,491.0
1.0,3186.0,1488.0,1473.0,2670.0,1524.0,508.0,508.0,508.0,491.0,491.0,491.0,496.0,496.0,496.0,1062.0,1062.0,1062.0,508.0,508.0,508.0,491.0,491.0,491.0
1.0,4368.0,1569.0,1476.0,2706.0,399.0,133.0,133.0,133.0,492.0,492.0,492.0,523.0,523.0,523.0,1456.0,1456.0,1456.0,133.0,133.0,133.0,492.0,492.0,492.0
1.0,5505.0,1548.0,1476.0,1524.0,423.0,141.0,141.0,141.0,492.0,492.0,492.0,516.0,516.0,516.0,1835.0,1835.0,1835.0,141.0,141.0,141.0,492.0,492.0,492.0
1.0,5481.0,1497.0,1476.0,399.0,1521.0,507.0,507.0,507.0,492.0,492.0,492.0,499.0,499.0,499.0,1827.0,1827.0,1827.0,507.0,507.0,507.0,492.0,492.0,492.0
1.0,4383.0,1488.0,1479.0,423.0,2598.0,866.0,866.0,866.0,493.0,493.0,493.0,496.0,496.0,496.0,1461.0,1461.0,1461.0,866.0,866.0,866.0,493.0,493.0,493.0
1.0,3318.0,1506.0,1476.0,1521.0,2571.0,857.0,857.0,857.0,492.0,492.0,492.0,502.0,502.0,502.0,1106.0,1106.0,1106.0,857.0,857.0,857.0,492.0,492.0,492.0
1.0,3333.0,1515.0,1479.0,2598.0,1500.0,500.0,500.0,500.0,493.0,493.0,493.0,505.0,505.0,505.0,1111.0,1111.0,1111.0,500.0,500.0,500.0,493.0,493.0,493.0
1.0,4416.0,1497.0,1479.0,2571.0,426.0,142.0,142.0,142.0,493.0,493.0,493.0,499.0,499.0,499.0,1472.0,1472.0,1472.0,142.0,142.0,142.0,493.0,493.0,493.0
1.0,5490.0,1536.0,1479.0,1500.0,462.0,154.0,154.0,154.0,493.0,493.0,493.0,512.0,512.0,512.0,1830.0,1830.0,1830.0,154.0,154.0,154.0,493.0,493.0,493.0
1.0,5454.0,1488.0,1482.0,426.0,1536.0,512.0,512.0,512.0,494.0,494.0,494.0,496.0,496.0,496.0,1818.0,1818.0,1818.0,512.0,512.0,512.0,494.0,494.0,494.0
1.0,4392.0,1461.0,1482.0,462.0,2535.0,845.0,845.0,845.0,494.0,494.0,494.0,487.0,487.0,487.0,1464.0,1464.0,1464.0,845.0,845.0,845.0,494.0,494.0,494.0
1.0,3393.0,1494.0,1479.0,1536.0,2481.0,827.0,827.0,827.0,493.0,493.0,493.0,498.0,498.0,498.0,1131.0,1131.0,1131.0,827.0,827.0,827.0,493.0,493.0,493.0
1.0,3435.0,1515.0,1479.0,2535.0,1461.0,487.0,487.0,487.0,493.0,493.0,493.0,505.0,505.0,505.0,1145.0,1145.0,1145.0,487.0,487.0,487.0,493.0,493.0,493.0
1.0,4455.0,1536.0,1482.0,2481.0,528.0,176.0,176.0,176.0,494.0,494.0,494.0,512.0,512.0,512.0,1485.0,1485.0,1485.0,176.0,176.0,176.0,494.0,494.0,494.0
1.0,5400.0,1530.0,1482.0,1461.0,597.0,199.0,199.0,199.0,494.0,494.0,494.0,510.0,510.0,510.0,1800.0,1800.0,1800.0,199.0,199.0,199.0,494.0,494.0,494.0
1.0,5331.0,1509.0,1482.0,528.0,1578.0,526.0,526.0,526.0,494.0,494.0,494.0,503.0,503.0,503.0,1777.0,1777.0,1777.0,526.0,526.0,526.0,494.0,494.0,494.0
1.0,4350.0,1548.0,1485.0,597.0,2541.0,847.0,847.0,847.0,495.0,495.0,495.0,516.0,516.0,516.0,1450.0,1450.0,1450.0,847.0,847.0,847.0,495.0,495.0,495.0
1.0,3399.0,1494.0,1485.0,1578.0,2457.0,819.0,819.0,819.0,495.0,495.0,495.0,498.0,498.0,498.0,1133.0,1133.0,1133.0,819.0,819.0,819.0,495.0,495.0,495.0
1.0,3483.0,1473.0,1485.0,2541.0,1389.0,463.0,463.0,463.0,495.0,495.0,495.0,491.0,491.0,491.0,1161.0,1161.0,1161.0,463.0,463.0,463.0,495.0,495.0,495.0
1.0,4551.0,1536.0,1488.0,2457.0,480.0,160.0,160.0,160.0,496.0,496.0,496.0,512.0,512.0,512.0,1517.0,1517.0,1517.0,160.0,160.0,160.0,496.0,496.0,496.0
1.0,5472.0,1443.0,1488.0,1389.0,534.0,178.0,178.0,178.0,496.0,496.0,496.0,481.0,481.0,481.0,1824.0,1824.0,1824.0,178.0,178.0,178.0,496.0,496.0,496.0
1.0,5418.0,1518.0,1488.0,480.0,1572.0,524.0,524.0,524.0,496.0,496.0,496.0,506.0,506.0,506.0,1806.0,1806.0,1806.0,524.0,524.0,524.0,496.0,496.0,496.0
1.0,4380.0,1512.0,1491.0,534.0,2562.0,854.0,854.0,854.0,497.0,497.0,497.0,504.0,504.0,504.0,1460.0,1460.0,1460.0,854.0,854.0,854.0,497.0,497.0,497.0
1.0,3402.0,1452.0,1488.0,1572.0,2430.0,810.0,810.0,810.0,496.0,496.0,496.0,484.0,484.0,484.0,1134.0,1134.0,1134.0,810.0,810.0,810.0,496.0,496.0,496.0
1.0,3522.0,1545.0,1491.0,2562.0,1425.0,475.0,475.0,475.0,497.0,497.0,497.0,515.0,515.0,515.0,1174.0,1174.0,1174.0,475.0,475.0,475.0,497.0,497.0,497.0
1.0,4539.0,1455.0,1491.0,2430.0,450.0,150.0,150.0,150.0,497.0,497.0,497.0,485.0,485.0,485.0,1513.0,1513.0,1513.0,150.0,150.0,150.0,497.0,497.0,497.0
1.0,5514.0,1437.0,1491.0,1425.0,462.0,154.0,154.0,154.0,497.0,497.0,497.0,479.0,479.0,479.0,1838.0,1838.0,1838.0,154.0,154.0,154.0,497.0,497.0,497.0
1.0,5502.0,1509.0,1491.0,450.0,1521.0,507.0,507.0,507.0,497.0,497.0,497.0,503.0,503.0,503.0,1834.0,1834.0,1834.0,507.0,507.0,507.0,497.0,497.0,497.0
1.0,4443.0,1470.0,1494.0,462.0,2541.0,847.0,847.0,847.0,498.0,498.0,498.0,490.0,490.0,490.0,1481.0,1481.0,1481.0,847.0,847.0,847.0,498.0,498.0,498.0
1.0,3435.0,1527.0,1494.0,1521.0,2547.0,849.0,849.0,849.0,498.0,498.0,498.0,509.0,509.0,509.0,1145.0,1145.0,1145.0,849.0,849.0,849.0,498.0,498.0,498.0
1.0,3429.0,1476.0,1494.0,2541.0,1482.0,494.0,494.0,494.0,498.0,498.0,498.0,492.0,492.0,492.0,1143.0,1143.0,1143.0,494.0,494.0,494.0,498.0,498.0,498.0
1.0,4494.0,1503.0,1494.0,2547.0,438.0,146.0,146.0,146.0,498.0,498.0,498.0,501.0,501.0,501.0,1498.0,1498.0,1498.0,146.0,146.0,146.0,498.0,498.0,498.0
1.0,5538.0,1527.0,1497.0,1482.0,495.0,165.0,165.0,165.0,499.0,499.0,499.0,509.0,509.0,509.0,1846.0,1846.0,1846.0,165.0,165.0,165.0,499.0,499.0,499.0
1.0,5493.0,1545.0,1497.0,438.0,1602.0,534.0,534.0,534.0,499.0,499.0,499.0,515.0,515.0,515.0,1831.0,1831.0,1831.0,534.0,534.0,534.0,499.0,499.0,499.0
1.0,4386.0,1521.0,1497.0,495.0,2628.0,876.0,876.0,876.0,499.0,499.0,499.0,507.0,507.0,507.0,1462.0,1462.0,1462.0,876.0,876.0,876.0,499.0,499.0,499.0
1.0,3360.0,1473.0,1497.0,1602.0,2499.0,833.0,833.0,833.0,499.0,499.0,499.0,491.0,491.0,491.0,1120.0,1120.0,1120.0,833.0,833.0,833.0,499.0,499.0,499.0
1.0,3489.0,1509.0,1497.0,2628.0,1380.0,460.0,460.0,460.0,499.0,499.0,499.0,503.0,503.0,503.0,1163.0,1163.0,1163.0,460.0,460.0,460.0,499.0,499.0,499.0
1.0,4608.0,1539.0,1500.0,2499.0,432.0,144.0,144.0,144.0,500.0,500.0,500.0,513.0,513.0,513.0,1536.0,1536.0,1536.0,144.0,144.0,144.0,500.0,500.0,500.0
1.0,5568.0,1509.0,1500.0,1380.0,561.0,187.0,187.0,187.0,500.0,500.0,500.0,503.0,503.0,503.0,1856.0,1856.0,1856.0,187.0,187.0,187.0,500.0,500.0,500.0
1.0,5439.0,1515.0,1500.0,432.0,1644.0,548.0,548.0,548.0,500.0,500.0,500.0,505.0,505.0,505.0,1813.0,1813.0,1813.0,548.0,548.0,548.0,500.0,500.0,500.0
1.0,4356.0,1494.0,1503.0,561.0,2589.0,863.0,863.0,863.0,501.0,501.0,501.0,498.0,498.0,498.0,1452.0,1452.0,1452.0,863.0,863.0,863.0,501.0,501.0,501.0
1.0,3423.0,1515.0,1503.0,1644.0,2460.0,820.0,820.0,820.0,501.0,501.0,501.0,505.0,505.0,505.0,1141.0,1141.0,1141.0,820.0,820.0,820.0,501.0,501.0,501.0
1.0,3552.0,1530.0,1503.0,2589.0,1401.0,467.0,467.0,467.0,501.0,501.0,501.0,510.0,510.0,510.0,1184.0,1184.0,1184.0,467.0,467.0,467.0,501.0,501.0,501.0
1.0,4611.0,1497.0,1506.0,2460.0,450.0,150.0,150.0,150.0,502.0,502.0,502.0,499.0,499.0,499.0,1537.0,1537.0,1537.0,150.0,150.0,150.0,502.0,502.0,502.0
1.0,5574.0,1566.0,1506.0,1401.0,615.0,205.0,205.0,205.0,502.0,502.0,502.0,522.0,522.0,522.0,1858.0,1858.0,1858.0,205.0,205.0,205.0,502.0,502.0,502.0
1.0,5409.0,1563.0,1506.0,450.0,1728.0,576.0,576.0,576.0,502.0,502.0,502.0,521.0,521.0,521.0,1803.0,1803.0,1803.0,576.0,576.0,576.0,502.0,502.0,502.0
1.0,4296.0,1515.0,1509.0,615.0,2640.0,880.0,880.0,880.0,503.0,503.0,503.0,505.0,505.0,505.0,1432.0,1432.0,1432.0,880.0,880.0,880.0,503.0,503.0,503.0
1.0,3396.0,1539.0,1509.0,1728.0,2451.0,817.0,817.0,817.0,503.0,503.0,503.0,513.0,513.0,513.0,1132.0,1132.0,1132.0,817.0,817.0,817.0,503.0,503.0,503.0
1.0,3585.0,1530.0,1509.0,2640.0,1341.0,447.0,447.0,447.0,503.0,503.0,503.0,510.0,510.0,510.0,1195.0,1195.0,1195.0,447.0,447.0,447.0,503.0,503.0,503.0
1.0,4695.0,1551.0,1512.0,2451.0,453.0,151.0,151.0,151.0,504.0,504.0,504.0,517.0,517.0,517.0,1565.0,1565.0,1565.0,151.0,151.0,151.0,504.0,504.0,504.0
1.0,5595.0,1578.0,1512.0,1341.0,690.0,230.0,230.0,230.0,504.0,504.0,504.0,526.0,526.0,526.0,1865.0,1865.0,1865.0,230.0,230.0,230.0,504.0,504.0,504.0
1.0,5358.0,1554.0,1512.0,453.0,1791.0,597.0,597.0,597.0,504.0,504.0,504.0,518.0,518.0,518.0,1786.0,1786.0,1786.0,597.0,597.0,597.0,504.0,504.0,504.0
1.0,4257.0,1503.0,1512.0,690.0,2604.0,868.0,868.0,868.0,504.0,504.0,504.0,501.0,501.0,501.0,1419.0,1419.0,1419.0,868.0,868.0,868.0,504.0,504.0,504.0
1.0,3444.0,1533.0,1512.0,1791.0,2346.0,782.0,782.0,782.0,504.0,504.0,504.0,511.0,511.0,511.0,1148.0,1148.0,1148.0,782.0,782.0,782.0,504.0,504.0,504.0
1.0,3702.0,1509.0,1512.0,2604.0,1251.0,417.0,417.0,417.0,504.0,504.0,504.0,503.0,503.0,503.0,1234.0,1234.0,1234.0,417.0,417.0,417.0,504.0,504.0,504.0
1.0,4797.0,1542.0,1512.0,2346.0,447.0,149.0,149.0,149.0,504.0,504.0,504.0,514.0,514.0,514.0,1599.0,1599.0,1599.0,149.0,149.0,149.0,504.0,504.0,504.0
1.0,5601.0,1557.0,1512.0,1251.0,753.0,251.0,251.0,251.0,504.0,504.0,504.0,519.0,519.0,519.0,1867.0,1867.0,1867.0,251.0,251.0,251.0,504.0,504.0,504.0
1.0,5295.0,1530.0,1515.0,447.0,1848.0,616.0,616.0,616.0,505.0,505.0,505.0,510.0,510.0,510.0,1765.0,1765.0,1765.0,616.0,616.0,616.0,505.0,505.0,505.0
1.0,4212.0,1554.0,1515.0,753.0,2649.0,883.0,883.0,883.0,505.0,505.0,505.0,518.0,518.0,518.0,1404.0,1404.0,1404.0,883.0,883.0,883.0,505.0,505.0,505.0
1.0,3411.0,1536.0,1515.0,1848.0,2337.0,779.0,779.0,779.0,505.0,505.0,505.0,512.0,512.0,512.0,1137.0,1137.0,1137.0,779.0,779.0,779.0,505.0,505.0,505.0
1.0,3723.0,1536.0,1515.0,2649.0,1224.0,408.0,408.0,408.0,505.0,505.0,505.0,512.0,512.0,512.0,1241.0,1241.0,1241.0,408.0,408.0,408.0,505.0,505.0,505.0
1.0,4836.0,1542.0,1515.0,2337.0,429.0,143.0,143.0,143.0,505.0,505.0,505.0,514.0,514.0,514.0,1612.0,1612.0,1612.0,143.0,143.0,143.0,505.0,505.0,505.0
1.0,5631.0,1491.0,1518.0,1224.0,708.0,236.0,236.0,236.0,506.0,506.0,506.0,497.0,497.0,497.0,1877.0,1877.0,1877.0,236.0,236.0,236.0,506.0,506.0,506.0
1.0,5364.0,1536.0,1518.0,429.0,1815.0,605.0,605.0,605.0,506.0,506.0,506.0,512.0,512.0,512.0,1788.0,1788.0,1788.0,605.0,605.0,605.0,506.0,506.0,506.0
1.0,4257.0,1530.0,1518.0,708.0,2637.0,879.0,879.0,879.0,506.0,506.0,506.0,510.0,510.0,510.0,1419.0,1419.0,1419.0,879.0,879.0,879.0,506.0,506.0,506.0
1.0,3435.0,1533.0,1518.0,1815.0,2355.0,785.0,785.0,785.0,506.0,506.0,506.0,511.0,511.0,511.0,1145.0,1145.0,1145.0,785.0,785.0,785.0,506.0,506.0,506.0
1.0,3717.0,1557.0,1518.0,2637.0,1275.0,425.0,425.0,425.0,506.0,506.0,506.0,519.0,519.0,519.0,1239.0,1239.0,1239.0,425.0,425.0,425.0,506.0,506.0,506.0
1.0,4797.0,1515.0,1518.0,2355.0,435.0,145.0,145.0,145.0,506.0,506.0,506.0,505.0,505.0,505.0,1599.0,1599.0,1599.0,145.0,145.0,145.0,506.0,506.0,506.0
1.0,5637.0,1563.0,1518.0,1275.0,723.0,241.0,241.0,241.0,506.0,506.0,506.0,521.0,521.0,521.0,1879.0,1879.0,1879.0,241.0,241.0,241.0,506.0,506.0,506.0
1.0,5349.0,1572.0,1521.0,435.0,1872.0,624.0,624.0,624.0,507.0,507.0,507.0,524.0,524.0,524.0,1783.0,1783.0,1783.0,624.0,624.0,624.0,507.0,507.0,507.0
1.0,4212.0,1539.0,1521.0,723.0,2688.0,896.0,896.0,896.0,507.0,507.0,507.0,513.0,513.0,513.0,1404.0,1404.0,1404.0,896.0,896.0,896.0,507.0,507.0,507.0
1.0,3396.0,1524.0,1521.0,1872.0,2340.0,780.0,780.0,780.0,507.0,507.0,507.0,508.0,508.0,508.0,1132.0,1132.0,1132.0,780.0,780.0,780.0,507.0,507.0,507.0
1.0,3744.0,1542.0,1524.0,2688.0,1206.0,402.0,402.0,402.0,508.0,508.0,508.0,514.0,514.0,514.0,1248.0,1248.0,1248.0,402.0,402.0,402.0,508.0,508.0,508.0
1.0,4890.0,1518.0,1524.0,2340.0,384.0,128.0,128.0,128.0,508.0,508.0,508.0,506.0,506.0,506.0,1630.0,1630.0,1630.0,128.0,128.0,128.0,508.0,508.0,508.0
1.0,5712.0,1515.0,1524.0,1206.0,693.0,231.0,231.0,231.0,508.0,508.0,508.0,505.0,505.0,505.0,1904.0,1904.0,1904.0,231.0,231.0,231.0,508.0,508.0,508.0
1.0,5403.0,1557.0,1524.0,384.0,1866.0,622.0,622.0,622.0,508.0,508.0,508.0,519.0,519.0,519.0,1801.0,1801.0,1801.0,622.0,622.0,622.0,508.0,508.0,508.0
1.0,4230.0,1566.0,1527.0,693.0,2751.0,917.0,917.0,917.0,509.0,509.0,509.0,522.0,522.0,522.0,1410.0,1410.0,1410.0,917.0,917.0,917.0,509.0,509.0,509.0
1.0,3357.0,1548.0,1527.0,1866.0,2433.0,811.0,811.0,811.0,509.0,509.0,509.0,516.0,516.0,516.0,1119.0,1119.0,1119.0,811.0,811.0,811.0,509.0,509.0,509.0
1.0,3675.0,1464.0,1527.0,2751.0,1146.0,382.0,382.0,382.0,509.0,509.0,509.0,488.0,488.0,488.0,1225.0,1225.0,1225.0,382.0,382.0,382.0,509.0,509.0,509.0
1.0,4962.0,1521.0,1527.0,2433.0,234.0,78.0,78.0,78.0,509.0,509.0,509.0,507.0,507.0,507.0,1654.0,1654.0,1654.0,78.0,78.0,78.0,509.0,509.0,509.0
1.0,5874.0,1506.0,1530.0,1146.0,606.0,202.0,202.0,202.0,510.0,510.0,510.0,502.0,502.0,502.0,1958.0,1958.0,1958.0,202.0,202.0,202.0,510.0,510.0,510.0
1.0,5514.0,1521.0,1530.0,234.0,1893.0,631.0,631.0,631.0,510.0,510.0,510.0,507.0,507.0,507.0,1838.0,1838.0,1838.0,631.0,631.0,631.0,510.0,510.0,510.0
1.0,4227.0,1542.0,1530.0,606.0,2829.0,943.0,943.0,943.0,510.0,510.0,510.0,514.0,514.0,514.0,1409.0,1409.0,1409.0,943.0,943.0,943.0,510.0,510.0,510.0
1.0,3291.0,1488.0,1530.0,1893.0,2424.0,808.0,808.0,808.0,510.0,510.0,510.0,496.0,496.0,496.0,1097.0,1097.0,1097.0,808.0,808.0,808.0,510.0,510.0,510.0
1.0,3696.0,1518.0,1530.0,2829.0,1113.0,371.0,371.0,371.0,510.0,510.0,510.0,506.0,506.0,506.0,1232.0,1232.0,1232.0,371.0,371.0,371.0,510.0,510.0,510.0
1.0,5007.0,1497.0,1530.0,2424.0,186.0,62.0,62.0,62.0,510.0,510.0,510.0,499.0,499.0,499.0,1669.0,1669.0,1669.0,62.0,62.0,62.0,510.0,510.0,510.0
1.0,5934.0,1527.0,1530.0,1113.0,600.0,200.0,200.0,200.0,510.0,510.0,510.0,509.0,509.0,509.0,1978.0,1978.0,1978.0,200.0,200.0,200.0,510.0,510.0,510.0
1.0,5520.0,1566.0,1530.0,186.0,1980.0,660.0,660.0,660.0,510.0,510.0,510.0,522.0,522.0,522.0,1840.0,1840.0,1840.0,660.0,660.0,660.0,510.0,510.0,510.0
1.0,4140.0,1569.0,1533.0,600.0,2961.0,987.0,987.0,987.0,511.0,511.0,511.0,523.0,523.0,523.0,1380.0,1380.0,1380.0,987.0,987.0,987.0,511.0,511.0,511.0
1.0,3171.0,1539.0,1533.0,1980.0,2520.0,840.0,840.0,840.0,511.0,511.0,511.0,513.0,513.0,513.0,1057.0,1057.0,1057.0,840.0,840.0,840.0,511.0,511.0,511.0
1.0,3612.0,1536.0,1533.0,2961.0,1095.0,365.0,365.0,365.0,511.0,511.0,511.0,512.0,512.0,512.0,1204.0,1204.0,1204.0,365.0,365.0,365.0,511.0,511.0,511.0
1.0,5037.0,1551.0,1533.0,2520.0,126.0,42.0,42.0,42.0,511.0,511.0,511.0,517.0,517.0,517.0,1679.0,1679.0,1679.0,42.0,42.0,42.0,511.0,511.0,511.0
1.0,6006.0,1590.0,1536.0,1095.0,633.0,211.0,211.0,211.0,512.0,512.0,512.0,530.0,530.0,530.0,2002.0,2002.0,2002.0,211.0,211.0,211.0,512.0,512.0,512.0
1.0,5511.0,1533.0,1536.0,126.0,2040.0,680.0,680.0,680.0,512.0,512.0,512.0,511.0,511.0,511.0,1837.0,1837.0,1837.0,680.0,680.0,680.0,512.0,512.0,512.0
1.0,4104.0,1548.0,1536.0,633.0,2955.0,985.0,985.0,985.0,512.0,512.0,512.0,516.0,516.0,516.0,1368.0,1368.0,1368.0,985.0,985.0,985.0,512.0,512.0,512.0
1.0,3189.0,1575.0,1536.0,2040.0,2490.0,830.0,830.0,830.0,512.0,512.0,512.0,525.0,525.0,525.0,1063.0,1063.0,1063.0,830.0,830.0,830.0,512.0,512.0,512.0
1.0,3654.0,1569.0,1536.0,2955.0,1104.0,368.0,368.0,368.0,512.0,512.0,512.0,523.0,523.0,523.0,1218.0,1218.0,1218.0,368.0,368.0,368.0,512.0,512.0,512.0
1.0,5040.0,1551.0,1536.0,2490.0,165.0,55.0,55.0,55.0,512.0,512.0,512.0,517.0,517.0,517.0,1680.0,1680.0,1680.0,55.0,55.0,55.0,512.0,512.0,512.0
1.0,5979.0,1545.0,1539.0,1104.0,618.0,206.0,206.0,206.0,513.0,513.0,513.0,515.0,515.0,515.0,1993.0,1993.0,1993.0,206.0,206.0,206.0,513.0,513.0,513.0
1.0,5538.0,1569.0,1539.0,165.0,2022.0,674.0,674.0,674.0,513.0,513.0,513.0,523.0,523.0,523.0,1846.0,1846.0,1846.0,674.0,674.0,674.0,513.0,513.0,513.0
1.0,4134.0,1587.0,1539.0,618.0,2991.0,997.0,997.0,997.0,513.0,513.0,513.0,529.0,529.0,529.0,1378.0,1378.0,1378.0,997.0,997.0,997.0,513.0,513.0,513.0
1.0,3165.0,1536.0,1539.0,2022.0,2505.0,835.0,835.0,835.0,513.0,513.0,513.0,512.0,512.0,512.0,1055.0,1055.0,1055.0,835.0,835.0,835.0,513.0,513.0,513.0
1.0,3651.0,1602.0,1539.0,2991.0,1116.0,372.0,372.0,372.0,513.0,513.0,513.0,534.0,534.0,534.0,1217.0,1217.0,1217.0,372.0,372.0,372.0,513.0,513.0,513.0
1.0,5040.0,1539.0,1539.0,2505.0,150.0,50.0,50.0,50.0,513.0,513.0,513.0,513.0,513.0,513.0,1680.0,1680.0,1680.0,50.0,50.0,50.0,513.0,513.0,513.0
1.0,6006.0,1593.0,1542.0,1116.0,639.0,213.0,213.0,213.0,514.0,514.0,514.0,531.0,531.0,531.0,2002.0,2002.0,2002.0,213.0,213.0,213.0,514.0,514.0,514.0
1.0,5529.0,1524.0,1542.0,150.0,2013.0,671.0,671.0,671.0,514.0,514.0,514.0,508.0,508.0,508.0,1843.0,1843.0,1843.0,671.0,671.0,671.0,514.0,514.0,514.0
1.0,4155.0,1620.0,1542.0,639.0,2994.0,998.0,998.0,998.0,514.0,514.0,514.0,540.0,540.0,540.0,1385.0,1385.0,1385.0,998.0,998.0,998.0,514.0,514.0,514.0
1.0,3174.0,1659.0,1545.0,2013.0,2652.0,884.0,884.0,884.0,515.0,515.0,515.0,553.0,553.0,553.0,1058.0,1058.0,1058.0,884.0,884.0,884.0,515.0,515.0,515.0
1.0,3528.0,1575.0,1545.0,2994.0,1233.0,411.0,411.0,411.0,515.0,515.0,515.0,525.0,525.0,525.0,1176.0,1176.0,1176.0,411.0,411.0,411.0,515.0,515.0,515.0
1.0,4947.0,1566.0,1545.0,2652.0,147.0,49.0,49.0,49.0,515.0,515.0,515.0,522.0,522.0,522.0,1649.0,1649.0,1649.0,49.0,49.0,49.0,515.0,515.0,515.0
1.0,6033.0,1596.0,1548.0,1233.0,522.0,174.0,174.0,174.0,516.0,516.0,516.0,532.0,532.0,532.0,2011.0,2011.0,2011.0,174.0,174.0,174.0,516.0,516.0,516.0
1.0,5670.0,1593.0,1548.0,147.0,1968.0,656.0,656.0,656.0,516.0,516.0,516.0,531.0,531.0,531.0,1890.0,1890.0,1890.0,656.0,656.0,656.0,516.0,516.0,516.0
1.0,4224.0,1521.0,1548.0,522.0,2967.0,989.0,989.0,989.0,516.0,516.0,516.0,507.0,507.0,507.0,1408.0,1408.0,1408.0,989.0,989.0,989.0,516.0,516.0,516.0
1.0,3225.0,1581.0,1548.0,1968.0,2580.0,860.0,860.0,860.0,516.0,516.0,516.0,527.0,527.0,527.0,1075.0,1075.0,1075.0,860.0,860.0,860.0,516.0,516.0,516.0
1.0,3612.0,1536.0,1548.0,2967.0,1149.0,383.0,383.0,383.0,516.0,516.0,516.0,512.0,512.0,512.0,1204.0,1204.0,1204.0,383.0,383.0,383.0,516.0,516.0,516.0
1.0,5043.0,1509.0,1548.0,2580.0,78.0,26.0,26.0,26.0,516.0,516.0,516.0,503.0,503.0,503.0,1681.0,1681.0,1681.0,26.0,26.0,26.0,516.0,516.0,516.0
1.0,6114.0,1599.0,1551.0,1149.0,540.0,180.0,180.0,180.0,517.0,517.0,517.0,533.0,533.0,533.0,2038.0,2038.0,2038.0,180.0,180.0,180.0,517.0,517.0,517.0
1.0,5664.0,1566.0,1551.0,78.0,2028.0,676.0,676.0,676.0,517.0,517.0,517.0,522.0,522.0,522.0,1888.0,1888.0,1888.0,676.0,676.0,676.0,517.0,517.0,517.0
1.0,4176.0,1596.0,1551.0,540.0,3084.0,1028.0,1028.0,1028.0,517.0,517.0,517.0,532.0,532.0,532.0,1392.0,1392.0,1392.0,1028.0,1028.0,1028.0,517.0,517.0,517.0
1.0,3120.0,1551.0,1551.0,2028.0,2607.0,869.0,869.0,869.0,517.0,517.0,517.0,517.0,517.0,517.0,1040.0,1040.0,1040.0,869.0,869.0,869.0,517.0,517.0,517.0
1.0,3597.0,1617.0,1554.0,3084.0,1152.0,384.0,384.0,384.0,518.0,518.0,518.0,539.0,539.0,539.0,1199.0,1199.0,1199.0,384.0,384.0,384.0,518.0,518.0,518.0
1.0,5064.0,1617.0,1554.0,2607.0,162.0,54.0,54.0,54.0,518.0,518.0,518.0,539.0,539.0,539.0,1688.0,1688.0,1688.0,54.0,54.0,54.0,518.0,518.0,518.0
1.0,6054.0,1587.0,1554.0,1152.0,597.0,199.0,199.0,199.0,518.0,518.0,518.0,529.0,529.0,529.0,2018.0,2018.0,2018.0,199.0,199.0,199.0,518.0,518.0,518.0
1.0,5619.0,1587.0,1557.0,162.0,2034.0,678.0,678.0,678.0,519.0,519.0,519.0,529.0,529.0,529.0,1873.0,1873.0,1873.0,678.0,678.0,678.0,519.0,519.0,519.0
1.0,4194.0,1599.0,1557.0,597.0,3036.0,1012.0,1012.0,1012.0,519.0,519.0,519.0,533.0,533.0,533.0,1398.0,1398.0,1398.0,1012.0,1012.0,1012.0,519.0,519.0,519.0
1.0,3192.0,1635.0,1560.0,2034.0,2649.0,883.0,883.0,883.0,520.0,520.0,520.0,545.0,545.0,545.0,1064.0,1064.0,1064.0,883.0,883.0,883.0,520.0,520.0,520.0
1.0,3591.0,1572.0,1560.0,3036.0,1185.0,395.0,395.0,395.0,520.0,520.0,520.0,524.0,524.0,524.0,1197.0,1197.0,1197.0,395.0,395.0,395.0,520.0,520.0,520.0
1.0,5055.0,1542.0,1560.0,2649.0,78.0,26.0,26.0,26.0,520.0,520.0,520.0,514.0,514.0,514.0,1685.0,1685.0,1685.0,26.0,26.0,26.0,520.0,520.0,520.0
1.0,6162.0,1530.0,1560.0,1185.0,423.0,141.0,141.0,141.0,520.0,520.0,520.0,510.0,510.0,510.0,2054.0,2054.0,2054.0,141.0,141.0,141.0,520.0,520.0,520.0
1.0,5817.0,1539.0,1560.0,78.0,1884.0,628.0,628.0,628.0,520.0,520.0,520.0,513.0,513.0,513.0,1939.0,1939.0,1939.0,628.0,628.0,628.0,520.0,520.0,520.0
1.0,4356.0,1551.0,1560.0,423.0,3012.0,1004.0,1004.0,1004.0,520.0,520.0,520.0,517.0,517.0,517.0,1452.0,1452.0,1452.0,1004.0,1004.0,1004.0,520.0,520.0,520.0
1.0,3228.0,1530.0,1560.0,1884.0,2658.0,886.0,886.0,886.0,520.0,520.0,520.0,510.0,510.0,510.0,1076.0,1076.0,1076.0,886.0,886.0,886.0,520.0,520.0,520.0
1.0,3582.0,1542.0,1563.0,3012.0,1200.0,400.0,400.0,400.0,521.0,521.0,521.0,514.0,514.0,514.0,1194.0,1194.0,1194.0,400.0,400.0,400.0,521.0,521.0,521.0
1.0,5052.0,1563.0,1563.0,2658.0,105.0,35.0,35.0,35.0,521.0,521.0,521.0,521.0,521.0,521.0,1684.0,1684.0,1684.0,35.0,35.0,35.0,521.0,521.0,521.0
1.0,6147.0,1548.0,1563.0,1200.0,453.0,151.0,151.0,151.0,521.0,521.0,521.0,516.0,516.0,516.0,2049.0,2049.0,2049.0,151.0,151.0,151.0,521.0,521.0,521.0
1.0,5799.0,1566.0,1566.0,105.0,1926.0,642.0,642.0,642.0,522.0,522.0,522.0,522.0,522.0,522.0,1933.0,1933.0,1933.0,642.0,642.0,642.0,522.0,522.0,522.0
1.0,4338.0,1566.0,1566.0,453.0,3039.0,1013.0,1013.0,1013.0,522.0,522.0,522.0,522.0,522.0,522.0,1446.0,1446.0,1446.0,1013.0,1013.0,1013.0,522.0,522.0,522.0
1.0,3225.0,1554.0,1566.0,1926.0,2667.0,889.0,889.0,889.0,522.0,522.0,522.0,518.0,518.0,518.0,1075.0,1075.0,1075.0,889.0,889.0,889.0,522.0,522.0,522.0
1.0,3597.0,1551.0,1566.0,3039.0,1179.0,393.0,393.0,393.0,522.0,522.0,522.0,517.0,517.0,517.0,1199.0,1199.0,1199.0,393.0,393.0,393.0,522.0,522.0,522.0
1.0,5085.0,1530.0,1566.0,2667.0,42.0,14.0,14.0,14.0,522.0,522.0,522.0,510.0,510.0,510.0,1695.0,1695.0,1695.0,14.0,14.0,14.0,522.0,522.0,522.0
1.0,6222.0,1599.0,1566.0,1179.0,462.0,154.0,154.0,154.0,522.0,522.0,522.0,533.0,533.0,533.0,2074.0,2074.0,2074.0,154.0,154.0,154.0,522.0,522.0,522.0
1.0,5802.0,1569.0,1566.0,42.0,1989.0,663.0,663.0,663.0,522.0,522.0,522.0,523.0,523.0,523.0,1934.0,1934.0,1934.0,663.0,663.0,663.0,522.0,522.0,522.0
1.0,4275.0,1557.0,1569.0,462.0,3096.0,1032.0,1032.0,1032.0,523.0,523.0,523.0,519.0,519.0,519.0,1425.0,1425.0,1425.0,1032.0,1032.0,1032.0,523.0,523.0,523.0
1.0,3180.0,1566.0,1569.0,1989.0,2673.0,891.0,891.0,891.0,523.0,523.0,523.0,522.0,522.0,522.0,1060.0,1060.0,1060.0,891.0,891.0,891.0,523.0,523.0,523.0
1.0,3603.0,1569.0,1569.0,3096.0,1146.0,382.0,382.0,382.0,523.0,523.0,523.0,523.0,523.0,523.0,1201.0,1201.0,1201.0,382.0,382.0,382.0,523.0,523.0,523.0
1.0,5130.0,1542.0,1569.0,2673.0,15.0,5.0,5.0,5.0,523.0,523.0,523.0,514.0,514.0,514.0,1710.0,1710.0,1710.0,5.0,5.0,5.0,523.0,523.0,523.0
1.0,6261.0,1515.0,1566.0,1146.0,372.0,124.0,124.0,124.0,522.0,522.0,522.0,505.0,505.0,505.0,2087.0,2087.0,2087.0,124.0,124.0,124.0,522.0,522.0,522.0
1.0,5892.0,1506.0,1566.0,15.0,1863.0,621.0,621.0,621.0,522.0,522.0,522.0,502.0,502.0,502.0,1964.0,1964.0,1964.0,621.0,621.0,621.0,522.0,522.0,522.0
1.0,4401.0,1593.0,1566.0,372.0,3084.0,1028.0,1028.0,1028.0,522.0,522.0,522.0,531.0,531.0,531.0,1467.0,1467.0,1467.0,1028.0,1028.0,1028.0,522.0,522.0,522.0
1.0,3180.0,1602.0,1566.0,1863.0,2823.0,941.0,941.0,941.0,522.0,522.0,522.0,534.0,534.0,534.0,1060.0,1060.0,1060.0,941.0,941.0,941.0,522.0,522.0,522.0
1.0,3441.0,1602.0,1569.0,3084.0,1353.0,451.0,451.0,451.0,523.0,523.0,523.0,534.0,534.0,534.0,1147.0,1147.0,1147.0,451.0,451.0,451.0,523.0,523.0,523.0
1.0,4923.0,1587.0,1569.0,2823.0,117.0,39.0,39.0,39.0,523.0,523.0,523.0,529.0,529.0,529.0,1641.0,1641.0,1641.0,39.0,39.0,39.0,523.0,523.0,523.0
1.0,6159.0,1590.0,1569.0,1353.0,354.0,118.0,118.0,118.0,523.0,523.0,523.0,530.0,530.0,530.0,2053.0,2053.0,2053.0,118.0,118.0,118.0,523.0,523.0,523.0
1.0,5922.0,1563.0,1569.0,117.0,1800.0,600.0,600.0,600.0,523.0,523.0,523.0,521.0,521.0,521.0,1974.0,1974.0,1974.0,600.0,600.0,600.0,523.0,523.0,523.0
1.0,4476.0,1647.0,1569.0,354.0,3093.0,1031.0,1031.0,1031.0,523.0,523.0,523.0,549.0,549.0,549.0,1492.0,1492.0,1492.0,1031.0,1031.0,1031.0,523.0,523.0,523.0
1.0,3183.0,1584.0,1572.0,1800.0,2889.0,963.0,963.0,963.0,524.0,524.0,524.0,528.0,528.0,528.0,1061.0,1061.0,1061.0,963.0,963.0,963.0,524.0,524.0,524.0
1.0,3399.0,1611.0,1572.0,3093.0,1407.0,469.0,469.0,469.0,524.0,524.0,524.0,537.0,537.0,537.0,1133.0,1133.0,1133.0,469.0,469.0,469.0,524.0,524.0,524.0
1.0,4881.0,1611.0,1572.0,2889.0,129.0,43.0,43.0,43.0,524.0,524.0,524.0,537.0,537.0,537.0,1627.0,1627.0,1627.0,43.0,43.0,43.0,524.0,524.0,524.0
1.0,6159.0,1581.0,1572.0,1407.0,303.0,101.0,101.0,101.0,524.0,524.0,524.0,527.0,527.0,527.0,2053.0,2053.0,2053.0,101.0,101.0,101.0,524.0,524.0,524.0
1.0,5985.0,1581.0,1572.0,129.0,1755.0,585.0,585.0,585.0,524.0,524.0,524.0,527.0,527.0,527.0,1995.0,1995.0,1995.0,585.0,585.0,585.0,524.0,524.0,524.0
1.0,4533.0,1593.0,1572.0,303.0,3045.0,1015.0,1015.0,1015.0,524.0,524.0,524.0,531.0,531.0,531.0,1511.0,1511.0,1511.0,1015.0,1015.0,1015.0,524.0,524.0,524.0
1.0,3243.0,1605.0,1572.0,1755.0,2895.0,965.0,965.0,965.0,524.0,524.0,524.0,535.0,535.0,535.0,1081.0,1081.0,1081.0,965.0,965.0,965.0,524.0,524.0,524.0
1.0,3393.0,1533.0,1572.0,3045.0,1383.0,461.0,461.0,461.0,524.0,524.0,524.0,511.0,511.0,511.0,1131.0,1131.0,1131.0,461.0,461.0,461.0,524.0,524.0,524.0
1.0,4905.0,1617.0,1572.0,2895.0,105.0,35.0,35.0,35.0,524.0,524.0,524.0,539.0,539.0,539.0,1635.0,1635.0,1635.0,35.0,35.0,35.0,524.0,524.0,524.0
1.0,6183.0,1566.0,1572.0,1383.0,288.0,96.0,96.0,96.0,524.0,524.0,524.0,522.0,522.0,522.0,2061.0,2061.0,2061.0,96.0,96.0,96.0,524.0,524.0,524.0
1.0,6000.0,1632.0,1572.0,105.0,1815.0,605.0,605.0,605.0,524.0,524.0,524.0,544.0,544.0,544.0,2000.0,2000.0,2000.0,605.0,605.0,605.0,524.0,524.0,524.0
1.0,4473.0,1662.0,1575.0,288.0,3201.0,1067.0,1067.0,1067.0,525.0,525.0,525.0,554.0,554.0,554.0,1491.0,1491.0,1491.0,1067.0,1067.0,1067.0,525.0,525.0,525.0
1.0,3099.0,1539.0,1575.0,1815.0,2925.0,975.0,975.0,975.0,525.0,525.0,525.0,513.0,513.0,513.0,1033.0,1033.0,1033.0,975.0,975.0,975.0,525.0,525.0,525.0
1.0,3375.0,1650.0,1578.0,3201.0,1386.0,462.0,462.0,462.0,526.0,526.0,526.0,550.0,550.0,550.0,1125.0,1125.0,1125.0,462.0,462.0,462.0,526.0,526.0,526.0
1.0,4926.0,1590.0,1578.0,2925.0,51.0,17.0,17.0,17.0,526.0,526.0,526.0,530.0,530.0,530.0,1642.0,1642.0,1642.0,17.0,17.0,17.0,526.0,526.0,526.0
1.0,6261.0,1599.0,1578.0,1386.0,264.0,88.0,88.0,88.0,526.0,526.0,526.0,533.0,533.0,533.0,2087.0,2087.0,2087.0,88.0,88.0,88.0,526.0,526.0,526.0
1.0,6048.0,1620.0,1578.0,51.0,1833.0,611.0,611.0,611.0,526.0,526.0,526.0,540.0,540.0,540.0,2016.0,2016.0,2016.0,611.0,611.0,611.0,526.0,526.0,526.0
1.0,4479.0,1599.0,1578.0,264.0,3168.0,1056.0,1056.0,1056.0,526.0,526.0,526.0,533.0,533.0,533.0,1493.0,1493.0,1493.0,1056.0,1056.0,1056.0,526.0,526.0,526.0
1.0,3144.0,1563.0,1578.0,1833.0,2898.0,966.0,966.0,966.0,526.0,526.0,526.0,521.0,521.0,521.0,1048.0,1048.0,1048.0,966.0,966.0,966.0,526.0,526.0,526.0
1.0,3414.0,1581.0,1578.0,3168.0,1311.0,437.0,437.0,437.0,526.0,526.0,526.0,527.0,527.0,527.0,1138.0,1138.0,1138.0,437.0,437.0,437.0,526.0,526.0,526.0
1.0,5001.0,1584.0,1578.0,2898.0,0.0,0.0,0.0,0.0,526.0,526.0,526.0,528.0,528.0,528.0,1667.0,1667.0,1667.0,0.0,0.0,0.0,526.0,526.0,526.0
1.0,6315.0,1665.0,1578.0,1311.0,351.0,117.0,117.0,117.0,526.0,526.0,526.0,555.0,555.0,555.0,2105.0,2105.0,2105.0,117.0,117.0,117.0,526.0,526.0,526.0
1.0,5961.0,1602.0,1578.0,0.0,1953.0,651.0,651.0,651.0,526.0,526.0,526.0,534.0,534.0,534.0,1987.0,1987.0,1987.0,651.0,651.0,651.0,526.0,526.0,526.0
1.0,4359.0,1602.0,1578.0,351.0,3204.0,1068.0,1068.0,1068.0,526.0,526.0,526.0,534.0,534.0,534.0,1453.0,1453.0,1453.0,1068.0,1068.0,1068.0,526.0,526.0,526.0
1.0,3108.0,1572.0,1578.0,1953.0,2823.0,941.0,941.0,941.0,526.0,526.0,526.0,524.0,524.0,524.0,1036.0,1036.0,1036.0,941.0,941.0,941.0,526.0,526.0,526.0
1.0,3489.0,1605.0,1581.0,3204.0,1236.0,412.0,412.0,412.0,527.0,527.0,527.0,535.0,535.0,535.0,1163.0,1163.0,1163.0,412.0,412.0,412.0,527.0,527.0,527.0
1.0,5088.0,1572.0,1581.0,2823.0,0.0,0.0,0.0,0.0,527.0,527.0,527.0,524.0,524.0,524.0,1696.0,1696.0,1696.0,0.0,0.0,0.0,527.0,527.0,527.0
1.0,6339.0,1542.0,1581.0,1236.0,291.0,97.0,97.0,97.0,527.0,527.0,527.0,514.0,514.0,514.0,2113.0,2113.0,2113.0,97.0,97.0,97.0,527.0,527.0,527.0
1.0,6033.0,1563.0,1581.0,0.0,1854.0,618.0,618.0,618.0,527.0,527.0,527.0,521.0,521.0,521.0,2011.0,2011.0,2011.0,618.0,618.0,618.0,527.0,527.0,527.0
1.0,4470.0,1548.0,1581.0,291.0,3111.0,1037.0,1037.0,1037.0,527.0,527.0,527.0,516.0,516.0,516.0,1490.0,1490.0,1490.0,1037.0,1037.0,1037.0,527.0,527.0,527.0
1.0,3213.0,1590.0,1581.0,1854.0,2847.0,949.0,949.0,949.0,527.0,527.0,527.0,530.0,530.0,530.0,1071.0,1071.0,1071.0,949.0,949.0,949.0,527.0,527.0,527.0
1.0,3477.0,1587.0,1584.0,3111.0,1335.0,445.0,445.0,445.0,528.0,528.0,528.0,529.0,529.0,529.0,1159.0,1159.0,1159.0,445.0,445.0,445.0,528.0,528.0,528.0
1.0,5001.0,1590.0,1584.0,2847.0,78.0,26.0,26.0,26.0,528.0,528.0,528.0,530.0,530.0,530.0,1667.0,1667.0,1667.0,26.0,26.0,26.0,528.0,528.0,528.0
1.0,6258.0,1632.0,1584.0,1335.0,375.0,125.0,125.0,125.0,528.0,528.0,528.0,544.0,544.0,544.0,2086.0,2086.0,2086.0,125.0,125.0,125.0,528.0,528.0,528.0
1.0,5961.0,1620.0,1587.0,78.0,1929.0,643.0,643.0,643.0,529.0,529.0,529.0,540.0,540.0,540.0,1987.0,1987.0,1987.0,643.0,643.0,643.0,529.0,529.0,529.0
1.0,4419.0,1614.0,1587.0,375.0,3168.0,1056.0,1056.0,1056.0,529.0,529.0,529.0,538.0,538.0,538.0,1473.0,1473.0,1473.0,1056.0,1056.0,1056.0,529.0,529.0,529.0
1.0,3180.0,1602.0,1590.0,1929.0,2853.0,951.0,951.0,951.0,530.0,530.0,530.0,534.0,534.0,534.0,1060.0,1060.0,1060.0,951.0,951.0,951.0,530.0,530.0,530.0
1.0,3507.0,1581.0,1587.0,3168.0,1254.0,418.0,418.0,418.0,529.0,529.0,529.0,527.0,527.0,527.0,1169.0,1169.0,1169.0,418.0,418.0,418.0,529.0,529.0,529.0
1.0,5094.0,1563.0,1587.0,2853.0,0.0,0.0,0.0,0.0,529.0,529.0,529.0,521.0,521.0,521.0,1698.0,1698.0,1698.0,0.0,0.0,0.0,529.0,529.0,529.0
1.0,6384.0,1632.0,1590.0,1254.0,354.0,118.0,118.0,118.0,530.0,530.0,530.0,544.0,544.0,544.0,2128.0,2128.0,2128.0,118.0,118.0,118.0,530.0,530.0,530.0
1.0,6006.0,1599.0,1590.0,0.0,1953.0,651.0,651.0,651.0,530.0,530.0,530.0,533.0,533.0,533.0,2002.0,2002.0,2002.0,651.0,651.0,651.0,530.0,530.0,530.0
1.0,4407.0,1623.0,1590.0,354.0,3222.0,1074.0,1074.0,1074.0,530.0,530.0,530.0,541.0,541.0,541.0,1469.0,1469.0,1469.0,1074.0,1074.0,1074.0,530.0,530.0,530.0
1.0,3138.0,1605.0,1593.0,1953.0,2886.0,962.0,962.0,962.0,531.0,531.0,531.0,535.0,535.0,535.0,1046.0,1046.0,1046.0,962.0,962.0,962.0,531.0,531.0,531.0
1.0,3486.0,1599.0,1593.0,3222.0,1263.0,421.0,421.0,421.0,531.0,531.0,531.0,533.0,533.0,533.0,1162.0,1162.0,1162.0,421.0,421.0,421.0,531.0,531.0,531.0
1.0,5109.0,1602.0,1596.0,2886.0,0.0,0.0,0.0,0.0,532.0,532.0,532.0,534.0,534.0,534.0,1703.0,1703.0,1703.0,0.0,0.0,0.0,532.0,532.0,532.0
1.0,6393.0,1566.0,1596.0,1263.0,294.0,98.0,98.0,98.0,532.0,532.0,532.0,522.0,522.0,522.0,2131.0,2131.0,2131.0,98.0,98.0,98.0,532.0,532.0,532.0
1.0,6090.0,1620.0,1596.0,0.0,1914.0,638.0,638.0,638.0,532.0,532.0,532.0,540.0,540.0,540.0,2030.0,2030.0,2030.0,638.0,638.0,638.0,532.0,532.0,532.0
1.0,4470.0,1638.0,1596.0,294.0,3258.0,1086.0,1086.0,1086.0,532.0,532.0,532.0,546.0,546.0,546.0,1490.0,1490.0,1490.0,1086.0,1086.0,1086.0,532.0,532.0,532.0
1.0,3126.0,1602.0,1596.0,1914.0,2946.0,982.0,982.0,982.0,532.0,532.0,532.0,534.0,534.0,534.0,1042.0,1042.0,1042.0,982.0,982.0,982.0,532.0,532.0,532.0
1.0,3438.0,1638.0,1599.0,3258.0,1338.0,446.0,446.0,446.0,533.0,533.0,533.0,546.0,546.0,546.0,1146.0,1146.0,1146.0,446.0,446.0,446.0,533.0,533.0,533.0
1.0,5058.0,1605.0,1599.0,2946.0,0.0,0.0,0.0,0.0,533.0,533.0,533.0,535.0,535.0,535.0,1686.0,1686.0,1686.0,0.0,0.0,0.0,533.0,533.0,533.0
1.0,6399.0,1632.0,1599.0,1338.0,291.0,97.0,97.0,97.0,533.0,533.0,533.0,544.0,544.0,544.0,2133.0,2133.0,2133.0,97.0,97.0,97.0,533.0,533.0,533.0
1.0,6105.0,1638.0,1599.0,0.0,1929.0,643.0,643.0,643.0,533.0,533.0,533.0,546.0,546.0,546.0,2035.0,2035.0,2035.0,643.0,643.0,643.0,533.0,533.0,533.0
1.0,4467.0,1656.0,1599.0,291.0,3294.0,1098.0,1098.0,1098.0,533.0,533.0,533.0,552.0,552.0,552.0,1489.0,1489.0,1489.0,1098.0,1098.0,1098.0,533.0,533.0,533.0
1.0,3102.0,1650.0,1602.0,1929.0,3027.0,1009.0,1009.0,1009.0,534.0,534.0,534.0,550.0,550.0,550.0,1034.0,1034.0,1034.0,1009.0,1009.0,1009.0,534.0,534.0,534.0
1.0,3381.0,1665.0,1602.0,3294.0,1398.0,466.0,466.0,466.0,534.0,534.0,534.0,555.0,555.0,555.0,1127.0,1127.0,1127.0,466.0,466.0,466.0,534.0,534.0,534.0
1.0,5010.0,1641.0,1605.0,3027.0,24.0,8.0,8.0,8.0,535.0,535.0,535.0,547.0,547.0,547.0,1670.0,1670.0,1670.0,8.0,8.0,8.0,535.0,535.0,535.0
1.0,6396.0,1629.0,1605.0,1398.0,255.0,85.0,85.0,85.0,535.0,535.0,535.0,543.0,543.0,543.0,2132.0,2132.0,2132.0,85.0,85.0,85.0,535.0,535.0,535.0
1.0,6165.0,1623.0,1605.0,24.0,1854.0,618.0,618.0,618.0,535.0,535.0,535.0,541.0,541.0,541.0,2055.0,2055.0,2055.0,618.0,618.0,618.0,535.0,535.0,535.0
1.0,4566.0,1644.0,1608.0,255.0,3255.0,1085.0,1085.0,1085.0,536.0,536.0,536.0,548.0,548.0,548.0,1522.0,1522.0,1522.0,1085.0,1085.0,1085.0,536.0,536.0,536.0
1.0,3177.0,1605.0,1608.0,1854.0,3006.0,1002.0,1002.0,1002.0,536.0,536.0,536.0,535.0,535.0,535.0,1059.0,1059.0,1059.0,1002.0,1002.0,1002.0,536.0,536.0,536.0
1.0,3426.0,1605.0,1608.0,3255.0,1356.0,452.0,452.0,452.0,536.0,536.0,536.0,535.0,535.0,535.0,1142.0,1142.0,1142.0,452.0,452.0,452.0,536.0,536.0,536.0
1.0,5076.0,1650.0,1608.0,3006.0,0.0,0.0,0.0,0.0,536.0,536.0,536.0,550.0,550.0,550.0,1692.0,1692.0,1692.0,0.0,0.0,0.0,536.0,536.0,536.0
1.0,6432.0,1674.0,1608.0,1356.0,318.0,106.0,106.0,106.0,536.0,536.0,536.0,558.0,558.0,558.0,2144.0,2144.0,2144.0,106.0,106.0,106.0,536.0,536.0,536.0
1.0,6114.0,1674.0,1611.0,0.0,2004.0,668.0,668.0,668.0,537.0,537.0,537.0,558.0,558.0,558.0,2038.0,2038.0,2038.0,668.0,668.0,668.0,537.0,537.0,537.0
1.0,4440.0,1644.0,1611.0,318.0,3330.0,1110.0,1110.0,1110.0,537.0,537.0,537.0,548.0,548.0,548.0,1480.0,1480.0,1480.0,1110.0,1110.0,1110.0,537.0,537.0,537.0
1.0,3114.0,1653.0,1611.0,2004.0,2979.0,993.0,993.0,993.0,537.0,537.0,537.0,551.0,551.0,551.0,1038.0,1038.0,1038.0,993.0,993.0,993.0,537.0,537.0,537.0
1.0,3465.0,1602.0,1611.0,3330.0,1251.0,417.0,417.0,417.0,537.0,537.0,537.0,534.0,534.0,534.0,1155.0,1155.0,1155.0,417.0,417.0,417.0,537.0,537.0,537.0
1.0,5193.0,1674.0,1614.0,2979.0,0.0,0.0,0.0,0.0,538.0,538.0,538.0,558.0,558.0,558.0,1731.0,1731.0,1731.0,0.0,0.0,0.0,538.0,538.0,538.0
1.0,6498.0,1668.0,1614.0,1251.0,375.0,125.0,125.0,125.0,538.0,538.0,538.0,556.0,556.0,556.0,2166.0,2166.0,2166.0,125.0,125.0,125.0,538.0,538.0,538.0
1.0,6081.0,1635.0,1614.0,0.0,2010.0,670.0,670.0,670.0,538.0,538.0,538.0,545.0,545.0,545.0,2027.0,2027.0,2027.0,670.0,670.0,670.0,538.0,538.0,538.0
1.0,4446.0,1623.0,1617.0,375.0,3270.0,1090.0,1090.0,1090.0,539.0,539.0,539.0,541.0,541.0,541.0,1482.0,1482.0,1482.0,1090.0,1090.0,1090.0,539.0,539.0,539.0
1.0,3198.0,1623.0,1617.0,2010.0,2883.0,961.0,961.0,961.0,539.0,539.0,539.0,541.0,541.0,541.0,1066.0,1066.0,1066.0,961.0,961.0,961.0,539.0,539.0,539.0
1.0,3585.0,1614.0,1617.0,3270.0,1227.0,409.0,409.0,409.0,539.0,539.0,539.0,538.0,538.0,538.0,1195.0,1195.0,1195.0,409.0,409.0,409.0,539.0,539.0,539.0
1.0,5241.0,1620.0,1617.0,2883.0,0.0,0.0,0.0,0.0,539.0,539.0,539.0,540.0,540.0,540.0,1747.0,1747.0,1747.0,0.0,0.0,0.0,539.0,539.0,539.0
1.0,6504.0,1611.0,1617.0,1227.0,348.0,116.0,116.0,116.0,539.0,539.0,539.0,537.0,537.0,537.0,2168.0,2168.0,2168.0,116.0,116.0,116.0,539.0,539.0,539.0
1.0,6120.0,1632.0,1617.0,0.0,1980.0,660.0,660.0,660.0,539.0,539.0,539.0,544.0,544.0,544.0,2040.0,2040.0,2040.0,660.0,660.0,660.0,539.0,539.0,539.0
1.0,4488.0,1656.0,1620.0,348.0,3300.0,1100.0,1100.0,1100.0,540.0,540.0,540.0,552.0,552.0,552.0,1496.0,1496.0,1496.0,1100.0,1100.0,1100.0,540.0,540.0,540.0
1.0,3180.0,1614.0,1620.0,1980.0,2934.0,978.0,978.0,978.0,540.0,540.0,540.0,538.0,538.0,538.0,1060.0,1060.0,1060.0,978.0,978.0,978.0,540.0,540.0,540.0
1.0,3546.0,1608.0,1620.0,3300.0,1242.0,414.0,414.0,414.0,540.0,540.0,540.0,536.0,536.0,536.0,1182.0,1182.0,1182.0,414.0,414.0,414.0,540.0,540.0,540.0
1.0,5238.0,1605.0,1623.0,2934.0,0.0,0.0,0.0,0.0,541.0,541.0,541.0,535.0,535.0,535.0,1746.0,1746.0,1746.0,0.0,0.0,0.0,541.0,541.0,541.0
1.0,6567.0,1572.0,1623.0,1242.0,255.0,85.0,85.0,85.0,541.0,541.0,541.0,524.0,524.0,524.0,2189.0,2189.0,2189.0,85.0,85.0,85.0,541.0,541.0,541.0
1.0,6237.0,1617.0,1623.0,0.0,1872.0,624.0,624.0,624.0,541.0,541.0,541.0,539.0,539.0,539.0,2079.0,2079.0,2079.0,624.0,624.0,624.0,541.0,541.0,541.0
1.0,4620.0,1599.0,1623.0,255.0,3216.0,1072.0,1072.0,1072.0,541.0,541.0,541.0,533.0,533.0,533.0,1540.0,1540.0,1540.0,1072.0,1072.0,1072.0,541.0,541.0,541.0
1.0,3276.0,1656.0,1623.0,1872.0,3000.0,1000.0,1000.0,1000.0,541.0,541.0,541.0,552.0,552.0,552.0,1092.0,1092.0,1092.0,1000.0,1000.0,1000.0,541.0,541.0,541.0
1.0,3492.0,1599.0,1623.0,3216.0,1383.0,461.0,461.0,461.0,541.0,541.0,541.0,533.0,533.0,533.0,1164.0,1164.0,1164.0,461.0,461.0,461.0,541.0,541.0,541.0
1.0,5109.0,1641.0,1623.0,3000.0,24.0,8.0,8.0,8.0,541.0,541.0,541.0,547.0,547.0,547.0,1703.0,1703.0,1703.0,8.0,8.0,8.0,541.0,541.0,541.0
1.0,6468.0,1602.0,1623.0,1383.0,243.0,81.0,81.0,81.0,541.0,541.0,541.0,534.0,534.0,534.0,2156.0,2156.0,2156.0,81.0,81.0,81.0,541.0,541.0,541.0
1.0,6249.0,1602.0,1623.0,24.0,1821.0,607.0,607.0,607.0,541.0,541.0,541.0,534.0,534.0,534.0,2083.0,2083.0,2083.0,607.0,607.0,607.0,541.0,541.0,541.0
1.0,4671.0,1572.0,1623.0,243.0,3150.0,1050.0,1050.0,1050.0,541.0,541.0,541.0,524.0,524.0,524.0,1557.0,1557.0,1557.0,1050.0,1050.0,1050.0,541.0,541.0,541.0
1.0,3342.0,1632.0,1626.0,1821.0,2973.0,991.0,991.0,991.0,542.0,542.0,542.0,544.0,544.0,544.0,1114.0,1114.0,1114.0,991.0,991.0,991.0,542.0,542.0,542.0
1.0,3531.0,1620.0,1626.0,3150.0,1443.0,481.0,481.0,481.0,542.0,542.0,542.0,540.0,540.0,540.0,1177.0,1177.0,1177.0,481.0,481.0,481.0,542.0,542.0,542.0
1.0,5061.0,1602.0,1626.0,2973.0,72.0,24.0,24.0,24.0,542.0,542.0,542.0,534.0,534.0,534.0,1687.0,1687.0,1687.0,24.0,24.0,24.0,542.0,542.0,542.0
1.0,6432.0,1683.0,1626.0,1443.0,312.0,104.0,104.0,104.0,542.0,542.0,542.0,561.0,561.0,561.0,2144.0,2144.0,2144.0,104.0,104.0,104.0,542.0,542.0,542.0
1.0,6192.0,1638.0,1626.0,72.0,1878.0,626.0,626.0,626.0,542.0,542.0,542.0,546.0,546.0,546.0,2064.0,2064.0,2064.0,626.0,626.0,626.0,542.0,542.0,542.0
1.0,4626.0,1620.0,1626.0,312.0,3186.0,1062.0,1062.0,1062.0,542.0,542.0,542.0,540.0,540.0,540.0,1542.0,1542.0,1542.0,1062.0,1062.0,1062.0,542.0,542.0,542.0
1.0,3318.0,1623.0,1626.0,1878.0,2931.0,977.0,977.0,977.0,542.0,542.0,542.0,541.0,541.0,541.0,1106.0,1106.0,1106.0,977.0,977.0,977.0,542.0,542.0,542.0
1.0,3573.0,1659.0,1629.0,3186.0,1416.0,472.0,472.0,472.0,543.0,543.0,543.0,553.0,553.0,553.0,1191.0,1191.0,1191.0,472.0,472.0,472.0,543.0,543.0,543.0
1.0,5100.0,1671.0,1629.0,2931.0,156.0,52.0,52.0,52.0,543.0,543.0,543.0,557.0,557.0,557.0,1700.0,1700.0,1700.0,52.0,52.0,52.0,543.0,543.0,543.0
1.0,6360.0,1650.0,1629.0,1416.0,390.0,130.0,130.0,130.0,543.0,543.0,543.0,550.0,550.0,550.0,2120.0,2120.0,2120.0,130.0,130.0,130.0,543.0,543.0,543.0
1.0,6126.0,1626.0,1632.0,156.0,1872.0,624.0,624.0,624.0,544.0,544.0,544.0,542.0,542.0,542.0,2042.0,2042.0,2042.0,624.0,624.0,624.0,544.0,544.0,544.0
1.0,4656.0,1650.0,1632.0,390.0,3132.0,1044.0,1044.0,1044.0,544.0,544.0,544.0,550.0,550.0,550.0,1552.0,1552.0,1552.0,1044.0,1044.0,1044.0,544.0,544.0,544.0
1.0,3396.0,1638.0,1632.0,1872.0,2898.0,966.0,966.0,966.0,544.0,544.0,544.0,546.0,546.0,546.0,1132.0,1132.0,1132.0,966.0,966.0,966.0,544.0,544.0,544.0
1.0,3630.0,1635.0,1632.0,3132.0,1401.0,467.0,467.0,467.0,544.0,544.0,544.0,545.0,545.0,545.0,1210.0,1210.0,1210.0,467.0,467.0,467.0,544.0,544.0,544.0
1.0,5127.0,1689.0,1632.0,2898.0,192.0,64.0,64.0,64.0,544.0,544.0,544.0,563.0,563.0,563.0,1709.0,1709.0,1709.0,64.0,64.0,64.0,544.0,544.0,544.0
1.0,6336.0,1680.0,1632.0,1401.0,471.0,157.0,157.0,157.0,544.0,544.0,544.0,560.0,560.0,560.0,2112.0,2112.0,2112.0,157.0,157.0,157.0,544.0,544.0,544.0
1.0,6057.0,1662.0,1632.0,192.0,1941.0,647.0,647.0,647.0,544.0,544.0,544.0,554.0,554.0,554.0,2019.0,2019.0,2019.0,647.0,647.0,647.0,544.0,544.0,544.0
1.0,4587.0,1662.0,1632.0,471.0,3132.0,1044.0,1044.0,1044.0,544.0,544.0,544.0,554.0,554.0,554.0,1529.0,1529.0,1529.0,1044.0,1044.0,1044.0,544.0,544.0,544.0
1.0,3396.0,1689.0,1635.0,1941.0,2892.0,964.0,964.0,964.0,545.0,545.0,545.0,563.0,563.0,563.0,1132.0,1132.0,1132.0,964.0,964.0,964.0,545.0,545.0,545.0
1.0,3648.0,1701.0,1635.0,3132.0,1461.0,487.0,487.0,487.0,545.0,545.0,545.0,567.0,567.0,567.0,1216.0,1216.0,1216.0,487.0,487.0,487.0,545.0,545.0,545.0
1.0,5079.0,1671.0,1635.0,2892.0,240.0,80.0,80.0,80.0,545.0,545.0,545.0,557.0,557.0,557.0,1693.0,1693.0,1693.0,80.0,80.0,80.0,545.0,545.0,545.0
1.0,6300.0,1647.0,1638.0,1461.0,438.0,146.0,146.0,146.0,546.0,546.0,546.0,549.0,549.0,549.0,2100.0,2100.0,2100.0,146.0,146.0,146.0,546.0,546.0,546.0
1.0,6114.0,1632.0,1638.0,240.0,1830.0,610.0,610.0,610.0,546.0,546.0,546.0,544.0,544.0,544.0,2038.0,2038.0,2038.0,610.0,610.0,610.0,546.0,546.0,546.0
1.0,4722.0,1671.0,1638.0,438.0,3063.0,1021.0,1021.0,1021.0,546.0,546.0,546.0,557.0,557.0,557.0,1574.0,1574.0,1574.0,1021.0,1021.0,1021.0,546.0,546.0,546.0
1.0,3489.0,1650.0,1638.0,1830.0,2883.0,961.0,961.0,961.0,546.0,546.0,546.0,550.0,550.0,550.0,1163.0,1163.0,1163.0,961.0,961.0,961.0,546.0,546.0,546.0
1.0,3669.0,1695.0,1638.0,3063.0,1515.0,505.0,505.0,505.0,546.0,546.0,546.0,565.0,565.0,565.0,1223.0,1223.0,1223.0,505.0,505.0,505.0,546.0,546.0,546.0
1.0,5037.0,1620.0,1638.0,2883.0,252.0,84.0,84.0,84.0,546.0,546.0,546.0,540.0,540.0,540.0,1679.0,1679.0,1679.0,84.0,84.0,84.0,546.0,546.0,546.0
1.0,6300.0,1698.0,1638.0,1515.0,435.0,145.0,145.0,145.0,546.0,546.0,546.0,566.0,566.0,566.0,2100.0,2100.0,2100.0,145.0,145.0,145.0,546.0,546.0,546.0
1.0,6117.0,1638.0,1638.0,252.0,1821.0,607.0,607.0,607.0,546.0,546.0,546.0,546.0,546.0,546.0,2039.0,2039.0,2039.0,607.0,607.0,607.0,546.0,546.0,546.0
1.0,4731.0,1689.0,1641.0,435.0,3087.0,1029.0,1029.0,1029.0,547.0,547.0,547.0,563.0,563.0,563.0,1577.0,1577.0,1577.0,1029.0,1029.0,1029.0,547.0,547.0,547.0
1.0,3477.0,1701.0,1641.0,1821.0,2967.0,989.0,989.0,989.0,547.0,547.0,547.0,567.0,567.0,567.0,1159.0,1159.0,1159.0,989.0,989.0,989.0,547.0,547.0,547.0
1.0,3597.0,1602.0,1638.0,3087.0,1470.0,490.0,490.0,490.0,546.0,546.0,546.0,534.0,534.0,534.0,1199.0,1199.0,1199.0,490.0,490.0,490.0,546.0,546.0,546.0
1.0,5082.0,1659.0,1641.0,2967.0,174.0,58.0,58.0,58.0,547.0,547.0,547.0,553.0,553.0,553.0,1694.0,1694.0,1694.0,58.0,58.0,58.0,547.0,547.0,547.0
1.0,6390.0,1626.0,1641.0,1470.0,330.0,110.0,110.0,110.0,547.0,547.0,547.0,542.0,542.0,542.0,2130.0,2130.0,2130.0,110.0,110.0,110.0,547.0,547.0,547.0
1.0,6234.0,1674.0,1641.0,174.0,1830.0,610.0,610.0,610.0,547.0,547.0,547.0,558.0,558.0,558.0,2078.0,2078.0,2078.0,610.0,610.0,610.0,547.0,547.0,547.0
1.0,4734.0,1638.0,1641.0,330.0,3138.0,1046.0,1046.0,1046.0,547.0,547.0,547.0,546.0,546.0,546.0,1578.0,1578.0,1578.0,1046.0,1046.0,1046.0,547.0,547.0,547.0
1.0,3426.0,1647.0,1641.0,1830.0,2955.0,985.0,985.0,985.0,547.0,547.0,547.0,549.0,549.0,549.0,1142.0,1142.0,1142.0,985.0,985.0,985.0,547.0,547.0,547.0
1.0,3609.0,1683.0,1644.0,3138.0,1512.0,504.0,504.0,504.0,548.0,548.0,548.0,561.0,561.0,561.0,1203.0,1203.0,1203.0,504.0,504.0,504.0,548.0,548.0,548.0
1.0,5064.0,1644.0,1644.0,2955.0,201.0,67.0,67.0,67.0,548.0,548.0,548.0,548.0,548.0,548.0,1688.0,1688.0,1688.0,67.0,67.0,67.0,548.0,548.0,548.0
1.0,6375.0,1677.0,1644.0,1512.0,366.0,122.0,122.0,122.0,548.0,548.0,548.0,559.0,559.0,559.0,2125.0,2125.0,2125.0,122.0,122.0,122.0,548.0,548.0,548.0
1.0,6210.0,1665.0,1644.0,201.0,1830.0,610.0,610.0,610.0,548.0,548.0,548.0,555.0,555.0,555.0,2070.0,2070.0,2070.0,610.0,610.0,610.0,548.0,548.0,548.0
1.0,4746.0,1653.0,1647.0,366.0,3129.0,1043.0,1043.0,1043.0,549.0,549.0,549.0,551.0,551.0,551.0,1582.0,1582.0,1582.0,1043.0,1043.0,1043.0,549.0,549.0,549.0
1.0,3459.0,1665.0,1647.0,1830.0,2964.0,988.0,988.0,988.0,549.0,549.0,549.0,555.0,555.0,555.0,1153.0,1153.0,1153.0,988.0,988.0,988.0,549.0,549.0,549.0
1.0,3624.0,1647.0,1647.0,3129.0,1482.0,494.0,494.0,494.0,549.0,549.0,549.0,549.0,549.0,549.0,1208.0,1208.0,1208.0,494.0,494.0,494.0,549.0,549.0,549.0
1.0,5106.0,1698.0,1650.0,2964.0,228.0,76.0,76.0,76.0,550.0,550.0,550.0,566.0,566.0,566.0,1702.0,1702.0,1702.0,76.0,76.0,76.0,550.0,550.0,550.0
1.0,6372.0,1656.0,1650.0,1482.0,402.0,134.0,134.0,134.0,550.0,550.0,550.0,552.0,552.0,552.0,2124.0,2124.0,2124.0,134.0,134.0,134.0,550.0,550.0,550.0
1.0,6198.0,1587.0,1650.0,228.0,1761.0,587.0,587.0,587.0,550.0,550.0,550.0,529.0,529.0,529.0,2066.0,2066.0,2066.0,587.0,587.0,587.0,550.0,550.0,550.0
1.0,4839.0,1635.0,1650.0,402.0,2994.0,998.0,998.0,998.0,550.0,550.0,550.0,545.0,545.0,545.0,1613.0,1613.0,1613.0,998.0,998.0,998.0,550.0,550.0,550.0
1.0,3606.0,1734.0,1653.0,1761.0,2979.0,993.0,993.0,993.0,551.0,551.0,551.0,578.0,578.0,578.0,1202.0,1202.0,1202.0,993.0,993.0,993.0,551.0,551.0,551.0
1.0,3633.0,1650.0,1653.0,2994.0,1635.0,545.0,545.0,545.0,551.0,551.0,551.0,550.0,550.0,550.0,1211.0,1211.0,1211.0,545.0,545.0,545.0,551.0,551.0,551.0
1.0,4977.0,1593.0,1653.0,2979.0,249.0,83.0,83.0,83.0,551.0,551.0,551.0,531.0,531.0,531.0,1659.0,1659.0,1659.0,83.0,83.0,83.0,551.0,551.0,551.0
1.0,6363.0,1614.0,1653.0,1635.0,228.0,76.0,76.0,76.0,551.0,551.0,551.0,538.0,538.0,538.0,2121.0,2121.0,2121.0,76.0,76.0,76.0,551.0,551.0,551.0
1.0,6384.0,1635.0,1653.0,249.0,1614.0,538.0,538.0,538.0,551.0,551.0,551.0,545.0,545.0,545.0,2128.0,2128.0,2128.0,538.0,538.0,538.0,551.0,551.0,551.0
1.0,4998.0,1701.0,1656.0,228.0,3099.0,1033.0,1033.0,1033.0,552.0,552.0,552.0,567.0,567.0,567.0,1666.0,1666.0,1666.0,1033.0,1033.0,1033.0,552.0,552.0,552.0
1.0,3525.0,1668.0,1656.0,1614.0,3153.0,1051.0,1051.0,1051.0,552.0,552.0,552.0,556.0,556.0,556.0,1175.0,1175.0,1175.0,1051.0,1051.0,1051.0,552.0,552.0,552.0
1.0,3471.0,1674.0,1656.0,3099.0,1728.0,576.0,576.0,576.0,552.0,552.0,552.0,558.0,558.0,558.0,1157.0,1157.0,1157.0,576.0,576.0,576.0,552.0,552.0,552.0
1.0,4896.0,1644.0,1656.0,3153.0,219.0,73.0,73.0,73.0,552.0,552.0,552.0,548.0,548.0,548.0,1632.0,1632.0,1632.0,73.0,73.0,73.0,552.0,552.0,552.0
1.0,6405.0,1626.0,1656.0,1728.0,117.0,39.0,39.0,39.0,552.0,552.0,552.0,542.0,542.0,542.0,2135.0,2135.0,2135.0,39.0,39.0,39.0,552.0,552.0,552.0
1.0,6507.0,1653.0,1656.0,219.0,1551.0,517.0,517.0,517.0,552.0,552.0,552.0,551.0,551.0,551.0,2169.0,2169.0,2169.0,517.0,517.0,517.0,552.0,552.0,552.0
1.0,5073.0,1710.0,1659.0,117.0,3156.0,1052.0,1052.0,1052.0,553.0,553.0,553.0,570.0,570.0,570.0,1691.0,1691.0,1691.0,1052.0,1052.0,1052.0,553.0,553.0,553.0
1.0,3480.0,1668.0,1659.0,1551.0,3273.0,1091.0,1091.0,1091.0,553.0,553.0,553.0,556.0,556.0,556.0,1160.0,1160.0,1160.0,1091.0,1091.0,1091.0,553.0,553.0,553.0
1.0,3363.0,1617.0,1656.0,3156.0,1722.0,574.0,574.0,574.0,552.0,552.0,552.0,539.0,539.0,539.0,1121.0,1121.0,1121.0,574.0,574.0,574.0,552.0,552.0,552.0
1.0,4902.0,1671.0,1659.0,3273.0,132.0,44.0,44.0,44.0,553.0,553.0,553.0,557.0,557.0,557.0,1634.0,1634.0,1634.0,44.0,44.0,44.0,553.0,553.0,553.0
1.0,6504.0,1674.0,1659.0,1722.0,84.0,28.0,28.0,28.0,553.0,553.0,553.0,558.0,558.0,558.0,2168.0,2168.0,2168.0,28.0,28.0,28.0,553.0,553.0,553.0
1.0,6552.0,1713.0,1659.0,132.0,1665.0,555.0,555.0,555.0,553.0,553.0,553.0,571.0,571.0,571.0,2184.0,2184.0,2184.0,555.0,555.0,555.0,553.0,553.0,553.0
1.0,4971.0,1638.0,1659.0,84.0,3219.0,1073.0,1073.0,1073.0,553.0,553.0,553.0,546.0,546.0,546.0,1657.0,1657.0,1657.0,1073.0,1073.0,1073.0,553.0,553.0,553.0
1.0,3417.0,1692.0,1659.0,1665.0,3246.0,1082.0,1082.0,1082.0,553.0,553.0,553.0,564.0,564.0,564.0,1139.0,1139.0,1139.0,1082.0,1082.0,1082.0,553.0,553.0,553.0
1.0,3390.0,1641.0,1659.0,3219.0,1668.0,556.0,556.0,556.0,553.0,553.0,553.0,547.0,547.0,547.0,1130.0,1130.0,1130.0,556.0,556.0,556.0,553.0,553.0,553.0
1.0,4968.0,1635.0,1659.0,3246.0,57.0,19.0,19.0,19.0,553.0,553.0,553.0,545.0,545.0,545.0,1656.0,1656.0,1656.0,19.0,19.0,19.0,553.0,553.0,553.0
1.0,6579.0,1647.0,1659.0,1668.0,36.0,12.0,12.0,12.0,553.0,553.0,553.0,549.0,549.0,549.0,2193.0,2193.0,2193.0,12.0,12.0,12.0,553.0,553.0,553.0
1.0,6600.0,1677.0,1659.0,57.0,1656.0,552.0,552.0,552.0,553.0,553.0,553.0,559.0,559.0,559.0,2200.0,2200.0,2200.0,552.0,552.0,552.0,553.0,553.0,553.0
1.0,4980.0,1713.0,1659.0,36.0,3333.0,1111.0,1111.0,1111.0,553.0,553.0,553.0,571.0,571.0,571.0,1660.0,1660.0,1660.0,1111.0,1111.0,1111.0,553.0,553.0,553.0
1.0,3303.0,1713.0,1659.0,1656.0,3390.0,1130.0,1130.0,1130.0,553.0,553.0,553.0,571.0,571.0,571.0,1101.0,1101.0,1101.0,1130.0,1130.0,1130.0,553.0,553.0,553.0
1.0,3246.0,1668.0,1659.0,3333.0,1725.0,575.0,575.0,575.0,553.0,553.0,553.0,556.0,556.0,556.0,1082.0,1082.0,1082.0,575.0,575.0,575.0,553.0,553.0,553.0
1.0,4911.0,1653.0,1659.0,3390.0,0.0,0.0,0.0,0.0,553.0,553.0,553.0,551.0,551.0,551.0,1637.0,1637.0,1637.0,0.0,0.0,0.0,553.0,553.0,553.0
1.0,6648.0,1701.0,1662.0,1725.0,0.0,0.0,0.0,0.0,554.0,554.0,554.0,567.0,567.0,567.0,2216.0,2216.0,2216.0,0.0,0.0,0.0,554.0,554.0,554.0
1.0,6672.0,1725.0,1662.0,0.0,1701.0,567.0,567.0,567.0,554.0,554.0,554.0,575.0,575.0,575.0,2224.0,2224.0,2224.0,567.0,567.0,567.0,554.0,554.0,554.0
1.0,4947.0,1668.0,1662.0,0.0,3369.0,1123.0,1123.0,1123.0,554.0,554.0,554.0,556.0,556.0,556.0,1649.0,1649.0,1649.0,1123.0,1123.0,1123.0,554.0,554.0,554.0
1.0,3279.0,1710.0,1665.0,1701.0,3390.0,1130.0,1130.0,1130.0,555.0,555.0,555.0,570.0,570.0,570.0,1093.0,1093.0,1093.0,1130.0,1130.0,1130.0,555.0,555.0,555.0
1.0,3270.0,1695.0,1665.0,3369.0,1716.0,572.0,572.0,572.0,555.0,555.0,555.0,565.0,565.0,565.0,1090.0,1090.0,1090.0,572.0,572.0,572.0,555.0,555.0,555.0
1.0,4944.0,1752.0,1665.0,3390.0,78.0,26.0,26.0,26.0,555.0,555.0,555.0,584.0,584.0,584.0,1648.0,1648.0,1648.0,26.0,26.0,26.0,555.0,555.0,555.0
1.0,6582.0,1725.0,1665.0,1716.0,87.0,29.0,29.0,29.0,555.0,555.0,555.0,575.0,575.0,575.0,2194.0,2194.0,2194.0,29.0,29.0,29.0,555.0,555.0,555.0
1.0,6573.0,1683.0,1665.0,78.0,1692.0,564.0,564.0,564.0,555.0,555.0,555.0,561.0,561.0,561.0,2191.0,2191.0,2191.0,564.0,564.0,564.0,555.0,555.0,555.0
1.0,4968.0,1680.0,1668.0,87.0,3297.0,1099.0,1099.0,1099.0,556.0,556.0,556.0,560.0,560.0,560.0,1656.0,1656.0,1656.0,1099.0,1099.0,1099.0,556.0,556.0,556.0
1.0,3375.0,1713.0,1668.0,1692.0,3318.0,1106.0,1106.0,1106.0,556.0,556.0,556.0,571.0,571.0,571.0,1125.0,1125.0,1125.0,1106.0,1106.0,1106.0,556.0,556.0,556.0
1.0,3354.0,1683.0,1671.0,3297.0,1716.0,572.0,572.0,572.0,557.0,557.0,557.0,561.0,561.0,561.0,1118.0,1118.0,1118.0,572.0,572.0,572.0,557.0,557.0,557.0
1.0,4968.0,1632.0,1668.0,3318.0,18.0,6.0,6.0,6.0,556.0,556.0,556.0,544.0,544.0,544.0,1656.0,1656.0,1656.0,6.0,6.0,6.0,556.0,556.0,556.0
1.0,6654.0,1662.0,1668.0,1716.0,0.0,0.0,0.0,0.0,556.0,556.0,556.0,554.0,554.0,554.0,2218.0,2218.0,2218.0,0.0,0.0,0.0,556.0,556.0,556.0
1.0,6708.0,1680.0,1671.0,18.0,1638.0,546.0,546.0,546.0,557.0,557.0,557.0,560.0,560.0,560.0,2236.0,2236.0,2236.0,546.0,546.0,546.0,557.0,557.0,557.0
1.0,5046.0,1680.0,1671.0,0.0,3318.0,1106.0,1106.0,1106.0,557.0,557.0,557.0,560.0,560.0,560.0,1682.0,1682.0,1682.0,1106.0,1106.0,1106.0,557.0,557.0,557.0
1.0,3366.0,1650.0,1671.0,1638.0,3330.0,1110.0,1110.0,1110.0,557.0,557.0,557.0,550.0,550.0,550.0,1122.0,1122.0,1122.0,1110.0,1110.0,1110.0,557.0,557.0,557.0
1.0,3354.0,1656.0,1671.0,3318.0,1668.0,556.0,556.0,556.0,557.0,557.0,557.0,552.0,552.0,552.0,1118.0,1118.0,1118.0,556.0,556.0,556.0,557.0,557.0,557.0
1.0,5016.0,1683.0,1671.0,3330.0,21.0,7.0,7.0,7.0,557.0,557.0,557.0,561.0,561.0,561.0,1672.0,1672.0,1672.0,7.0,7.0,7.0,557.0,557.0,557.0
1.0,6663.0,1686.0,1671.0,1668.0,39.0,13.0,13.0,13.0,557.0,557.0,557.0,562.0,562.0,562.0,2221.0,2221.0,2221.0,13.0,13.0,13.0,557.0,557.0,557.0
1.0,6645.0,1692.0,1671.0,21.0,1710.0,570.0,570.0,570.0,557.0,557.0,557.0,564.0,564.0,564.0,2215.0,2215.0,2215.0,570.0,570.0,570.0,557.0,557.0,557.0
1.0,4974.0,1674.0,1671.0,39.0,3345.0,1115.0,1115.0,1115.0,557.0,557.0,557.0,558.0,558.0,558.0,1658.0,1658.0,1658.0,1115.0,1115.0,1115.0,557.0,557.0,557.0
1.0,3339.0,1659.0,1671.0,1710.0,3294.0,1098.0,1098.0,1098.0,557.0,557.0,557.0,553.0,553.0,553.0,1113.0,1113.0,1113.0,1098.0,1098.0,1098.0,557.0,557.0,557.0
1.0,3390.0,1698.0,1671.0,3345.0,1647.0,549.0,549.0,549.0,557.0,557.0,557.0,566.0,566.0,566.0,1130.0,1130.0,1130.0,549.0,549.0,549.0,557.0,557.0,557.0
1.0,5037.0,1656.0,1674.0,3294.0,21.0,7.0,7.0,7.0,558.0,558.0,558.0,552.0,552.0,552.0,1679.0,1679.0,1679.0,7.0,7.0,7.0,558.0,558.0,558.0
1.0,6675.0,1605.0,1674.0,1647.0,0.0,0.0,0.0,0.0,558.0,558.0,558.0,535.0,535.0,535.0,2225.0,2225.0,2225.0,0.0,0.0,0.0,558.0,558.0,558.0
1.0,6717.0,1686.0,1671.0,21.0,1632.0,544.0,544.0,544.0,557.0,557.0,557.0,562.0,562.0,562.0,2239.0,2239.0,2239.0,544.0,544.0,544.0,557.0,557.0,557.0
1.0,5052.0,1692.0,1671.0,0.0,3324.0,1108.0,1108.0,1108.0,557.0,557.0,557.0,564.0,564.0,564.0,1684.0,1684.0,1684.0,1108.0,1108.0,1108.0,557.0,557.0,557.0
1.0,3360.0,1716.0,1674.0,1632.0,3420.0,1140.0,1140.0,1140.0,558.0,558.0,558.0,572.0,572.0,572.0,1120.0,1120.0,1120.0,1140.0,1140.0,1140.0,558.0,558.0,558.0
1.0,3276.0,1710.0,1677.0,3324.0,1818.0,606.0,606.0,606.0,559.0,559.0,559.0,570.0,570.0,570.0,1092.0,1092.0,1092.0,606.0,606.0,606.0,559.0,559.0,559.0
1.0,4890.0,1692.0,1677.0,3420.0,90.0,30.0,30.0,30.0,559.0,559.0,559.0,564.0,564.0,564.0,1630.0,1630.0,1630.0,30.0,30.0,30.0,559.0,559.0,559.0
1.0,6618.0,1695.0,1677.0,1818.0,0.0,0.0,0.0,0.0,559.0,559.0,559.0,565.0,565.0,565.0,2206.0,2206.0,2206.0,0.0,0.0,0.0,559.0,559.0,559.0
1.0,6741.0,1710.0,1677.0,90.0,1587.0,529.0,529.0,529.0,559.0,559.0,559.0,570.0,570.0,570.0,2247.0,2247.0,2247.0,529.0,529.0,529.0,559.0,559.0,559.0
1.0,5121.0,1713.0,1680.0,0.0,3312.0,1104.0,1104.0,1104.0,560.0,560.0,560.0,571.0,571.0,571.0,1707.0,1707.0,1707.0,1104.0,1104.0,1104.0,560.0,560.0,560.0
1.0,3408.0,1770.0,1683.0,1587.0,3507.0,1169.0,1169.0,1169.0,561.0,561.0,561.0,590.0,590.0,590.0,1136.0,1136.0,1136.0,1169.0,1169.0,1169.0,561.0,561.0,561.0
1.0,3225.0,1689.0,1683.0,3312.0,1884.0,628.0,628.0,628.0,561.0,561.0,561.0,563.0,563.0,563.0,1075.0,1075.0,1075.0,628.0,628.0,628.0,561.0,561.0,561.0
1.0,4848.0,1674.0,1683.0,3507.0,51.0,17.0,17.0,17.0,561.0,561.0,561.0,558.0,558.0,558.0,1616.0,1616.0,1616.0,17.0,17.0,17.0,561.0,561.0,561.0
1.0,6681.0,1722.0,1683.0,1884.0,0.0,0.0,0.0,0.0,561.0,561.0,561.0,574.0,574.0,574.0,2227.0,2227.0,2227.0,0.0,0.0,0.0,561.0,561.0,561.0
1.0,6843.0,1731.0,1686.0,51.0,1581.0,527.0,527.0,527.0,562.0,562.0,562.0,577.0,577.0,577.0,2281.0,2281.0,2281.0,527.0,527.0,527.0,562.0,562.0,562.0
1.0,5163.0,1662.0,1686.0,0.0,3243.0,1081.0,1081.0,1081.0,562.0,562.0,562.0,554.0,554.0,554.0,1721.0,1721.0,1721.0,1081.0,1081.0,1081.0,562.0,562.0,562.0
1.0,3501.0,1716.0,1686.0,1581.0,3378.0,1126.0,1126.0,1126.0,562.0,562.0,562.0,572.0,572.0,572.0,1167.0,1167.0,1167.0,1126.0,1126.0,1126.0,562.0,562.0,562.0
1.0,3366.0,1728.0,1686.0,3243.0,1863.0,621.0,621.0,621.0,562.0,562.0,562.0,576.0,576.0,576.0,1122.0,1122.0,1122.0,621.0,621.0,621.0,562.0,562.0,562.0
1.0,4881.0,1728.0,1689.0,3378.0,225.0,75.0,75.0,75.0,563.0,563.0,563.0,576.0,576.0,576.0,1627.0,1627.0,1627.0,75.0,75.0,75.0,563.0,563.0,563.0
1.0,6531.0,1740.0,1689.0,1863.0,102.0,34.0,34.0,34.0,563.0,563.0,563.0,580.0,580.0,580.0,2177.0,2177.0,2177.0,34.0,34.0,34.0,563.0,563.0,563.0
1.0,6654.0,1671.0,1689.0,225.0,1548.0,516.0,516.0,516.0,563.0,563.0,563.0,557.0,557.0,557.0,2218.0,2218.0,2218.0,516.0,516.0,516.0,563.0,563.0,563.0
1.0,5208.0,1728.0,1692.0,102.0,3186.0,1062.0,1062.0,1062.0,564.0,564.0,564.0,576.0,576.0,576.0,1736.0,1736.0,1736.0,1062.0,1062.0,1062.0,564.0,564.0,564.0
1.0,3582.0,1653.0,1692.0,1548.0,3291.0,1097.0,1097.0,1097.0,564.0,564.0,564.0,551.0,551.0,551.0,1194.0,1194.0,1194.0,1097.0,1097.0,1097.0,564.0,564.0,564.0
1.0,3477.0,1698.0,1692.0,3186.0,1803.0,601.0,601.0,601.0,564.0,564.0,564.0,566.0,566.0,566.0,1159.0,1159.0,1159.0,601.0,601.0,601.0,564.0,564.0,564.0
1.0,4965.0,1749.0,1695.0,3291.0,273.0,91.0,91.0,91.0,565.0,565.0,565.0,583.0,583.0,583.0,1655.0,1655.0,1655.0,91.0,91.0,91.0,565.0,565.0,565.0
1.0,6507.0,1722.0,1695.0,1803.0,192.0,64.0,64.0,64.0,565.0,565.0,565.0,574.0,574.0,574.0,2169.0,2169.0,2169.0,64.0,64.0,64.0,565.0,565.0,565.0
1.0,6588.0,1674.0,1692.0,273.0,1581.0,527.0,527.0,527.0,564.0,564.0,564.0,558.0,558.0,558.0,2196.0,2196.0,2196.0,527.0,527.0,527.0,564.0,564.0,564.0
1.0,5187.0,1752.0,1695.0,192.0,3153.0,1051.0,1051.0,1051.0,565.0,565.0,565.0,584.0,584.0,584.0,1729.0,1729.0,1729.0,1051.0,1051.0,1051.0,565.0,565.0,565.0
1.0,3627.0,1803.0,1698.0,1581.0,3387.0,1129.0,1129.0,1129.0,566.0,566.0,566.0,601.0,601.0,601.0,1209.0,1209.0,1209.0,1129.0,1129.0,1129.0,566.0,566.0,566.0
1.0,3405.0,1740.0,1698.0,3153.0,1974.0,658.0,658.0,658.0,566.0,566.0,566.0,580.0,580.0,580.0,1135.0,1135.0,1135.0,658.0,658.0,658.0,566.0,566.0,566.0
1.0,4818.0,1758.0,1698.0,3387.0,345.0,115.0,115.0,115.0,566.0,566.0,566.0,586.0,586.0,586.0,1606.0,1606.0,1606.0,115.0,115.0,115.0,566.0,566.0,566.0
1.0,6447.0,1707.0,1701.0,1974.0,90.0,30.0,30.0,30.0,567.0,567.0,567.0,569.0,569.0,569.0,2149.0,2149.0,2149.0,30.0,30.0,30.0,567.0,567.0,567.0
1.0,6714.0,1731.0,1701.0,345.0,1476.0,492.0,492.0,492.0,567.0,567.0,567.0,577.0,577.0,577.0,2238.0,2238.0,2238.0,492.0,492.0,492.0,567.0,567.0,567.0
1.0,5328.0,1779.0,1701.0,90.0,3165.0,1055.0,1055.0,1055.0,567.0,567.0,567.0,593.0,593.0,593.0,1776.0,1776.0,1776.0,1055.0,1055.0,1055.0,567.0,567.0,567.0
1.0,3639.0,1731.0,1701.0,1476.0,3420.0,1140.0,1140.0,1140.0,567.0,567.0,567.0,577.0,577.0,577.0,1213.0,1213.0,1213.0,1140.0,1140.0,1140.0,567.0,567.0,567.0
1.0,3384.0,1752.0,1701.0,3165.0,2007.0,669.0,669.0,669.0,567.0,567.0,567.0,584.0,584.0,584.0,1128.0,1128.0,1128.0,669.0,669.0,669.0,567.0,567.0,567.0
1.0,4797.0,1761.0,1704.0,3420.0,360.0,120.0,120.0,120.0,568.0,568.0,568.0,587.0,587.0,587.0,1599.0,1599.0,1599.0,120.0,120.0,120.0,568.0,568.0,568.0
1.0,6456.0,1728.0,1704.0,2007.0,81.0,27.0,27.0,27.0,568.0,568.0,568.0,576.0,576.0,576.0,2152.0,2152.0,2152.0,27.0,27.0,27.0,568.0,568.0,568.0
1.0,6735.0,1728.0,1704.0,360.0,1449.0,483.0,483.0,483.0,568.0,568.0,568.0,576.0,576.0,576.0,2245.0,2245.0,2245.0,483.0,483.0,483.0,568.0,568.0,568.0
1.0,5367.0,1761.0,1707.0,81.0,3141.0,1047.0,1047.0,1047.0,569.0,569.0,569.0,587.0,587.0,587.0,1789.0,1789.0,1789.0,1047.0,1047.0,1047.0,569.0,569.0,569.0
1.0,3687.0,1746.0,1707.0,1449.0,3438.0,1146.0,1146.0,1146.0,569.0,569.0,569.0,582.0,582.0,582.0,1229.0,1229.0,1229.0,1146.0,1146.0,1146.0,569.0,569.0,569.0
1.0,3390.0,1707.0,1710.0,3141.0,2016.0,672.0,672.0,672.0,570.0,570.0,570.0,569.0,569.0,569.0,1130.0,1130.0,1130.0,672.0,672.0,672.0,570.0,570.0,570.0
1.0,4824.0,1656.0,1710.0,3438.0,234.0,78.0,78.0,78.0,570.0,570.0,570.0,552.0,552.0,552.0,1608.0,1608.0,1608.0,78.0,78.0,78.0,570.0,570.0,570.0
1.0,6606.0,1722.0,1710.0,2016.0,0.0,0.0,0.0,0.0,570.0,570.0,570.0,574.0,574.0,574.0,2202.0,2202.0,2202.0,0.0,0.0,0.0,570.0,570.0,570.0
1.0,6900.0,1728.0,1710.0,234.0,1434.0,478.0,478.0,478.0,570.0,570.0,570.0,576.0,576.0,576.0,2300.0,2300.0,2300.0,478.0,478.0,478.0,570.0,570.0,570.0
1.0,5406.0,1746.0,1713.0,0.0,3192.0,1064.0,1064.0,1064.0,571.0,571.0,571.0,582.0,582.0,582.0,1802.0,1802.0,1802.0,1064.0,1064.0,1064.0,571.0,571.0,571.0
1.0,3660.0,1716.0,1713.0,1434.0,3474.0,1158.0,1158.0,1158.0,571.0,571.0,571.0,572.0,572.0,572.0,1220.0,1220.0,1220.0,1158.0,1158.0,1158.0,571.0,571.0,571.0
1.0,3378.0,1698.0,1713.0,3192.0,1980.0,660.0,660.0,660.0,571.0,571.0,571.0,566.0,566.0,566.0,1126.0,1126.0,1126.0,660.0,660.0,660.0,571.0,571.0,571.0
1.0,4872.0,1665.0,1713.0,3474.0,171.0,57.0,57.0,57.0,571.0,571.0,571.0,555.0,555.0,555.0,1624.0,1624.0,1624.0,57.0,57.0,57.0,571.0,571.0,571.0
1.0,6681.0,1788.0,1716.0,1980.0,0.0,0.0,0.0,0.0,572.0,572.0,572.0,596.0,596.0,596.0,2227.0,2227.0,2227.0,0.0,0.0,0.0,572.0,572.0,572.0
1.0,6873.0,1632.0,1716.0,171.0,1452.0,484.0,484.0,484.0,572.0,572.0,572.0,544.0,544.0,544.0,2291.0,2291.0,2291.0,484.0,484.0,484.0,572.0,572.0,572.0
1.0,5412.0,1644.0,1713.0,0.0,3084.0,1028.0,1028.0,1028.0,571.0,571.0,571.0,548.0,548.0,548.0,1804.0,1804.0,1804.0,1028.0,1028.0,1028.0,571.0,571.0,571.0
1.0,3768.0,1704.0,1716.0,1452.0,3348.0,1116.0,1116.0,1116.0,572.0,572.0,572.0,568.0,568.0,568.0,1256.0,1256.0,1256.0,1116.0,1116.0,1116.0,572.0,572.0,572.0
1.0,3516.0,1704.0,1716.0,3084.0,1968.0,656.0,656.0,656.0,572.0,572.0,572.0,568.0,568.0,568.0,1172.0,1172.0,1172.0,656.0,656.0,656.0,572.0,572.0,572.0
1.0,4896.0,1662.0,1716.0,3348.0,282.0,94.0,94.0,94.0,572.0,572.0,572.0,554.0,554.0,554.0,1632.0,1632.0,1632.0,94.0,94.0,94.0,572.0,572.0,572.0
1.0,6582.0,1722.0,1716.0,1968.0,36.0,12.0,12.0,12.0,572.0,572.0,572.0,574.0,574.0,574.0,2194.0,2194.0,2194.0,12.0,12.0,12.0,572.0,572.0,572.0
1.0,6828.0,1686.0,1716.0,282.0,1440.0,480.0,480.0,480.0,572.0,572.0,572.0,562.0,562.0,562.0,2276.0,2276.0,2276.0,480.0,480.0,480.0,572.0,572.0,572.0
1.0,5424.0,1728.0,1716.0,36.0,3132.0,1044.0,1044.0,1044.0,572.0,572.0,572.0,576.0,576.0,576.0,1808.0,1808.0,1808.0,1044.0,1044.0,1044.0,572.0,572.0,572.0
1.0,3732.0,1746.0,1716.0,1440.0,3438.0,1146.0,1146.0,1146.0,572.0,572.0,572.0,582.0,582.0,582.0,1244.0,1244.0,1244.0,1146.0,1146.0,1146.0,572.0,572.0,572.0
1.0,3426.0,1737.0,1719.0,3132.0,2055.0,685.0,685.0,685.0,573.0,573.0,573.0,579.0,579.0,579.0,1142.0,1142.0,1142.0,685.0,685.0,685.0,573.0,573.0,573.0
1.0,4821.0,1707.0,1719.0,3438.0,324.0,108.0,108.0,108.0,573.0,573.0,573.0,569.0,569.0,569.0,1607.0,1607.0,1607.0,108.0,108.0,108.0,573.0,573.0,573.0
1.0,6552.0,1728.0,1719.0,2055.0,0.0,0.0,0.0,0.0,573.0,573.0,573.0,576.0,576.0,576.0,2184.0,2184.0,2184.0,0.0,0.0,0.0,573.0,573.0,573.0
1.0,6879.0,1752.0,1719.0,324.0,1425.0,475.0,475.0,475.0,573.0,573.0,573.0,584.0,584.0,584.0,2293.0,2293.0,2293.0,475.0,475.0,475.0,573.0,573.0,573.0
1.0,5451.0,1713.0,1719.0,0.0,3138.0,1046.0,1046.0,1046.0,573.0,573.0,573.0,571.0,571.0,571.0,1817.0,1817.0,1817.0,1046.0,1046.0,1046.0,573.0,573.0,573.0
1.0,3738.0,1722.0,1719.0,1425.0,3435.0,1145.0,1145.0,1145.0,573.0,573.0,573.0,574.0,574.0,574.0,1246.0,1246.0,1246.0,1145.0,1145.0,1145.0,573.0,573.0,573.0
1.0,3441.0,1710.0,1719.0,3138.0,2007.0,669.0,669.0,669.0,573.0,573.0,573.0,570.0,570.0,570.0,1147.0,1147.0,1147.0,669.0,669.0,669.0,573.0,573.0,573.0
1.0,4869.0,1761.0,1719.0,3435.0,333.0,111.0,111.0,111.0,573.0,573.0,573.0,587.0,587.0,587.0,1623.0,1623.0,1623.0,111.0,111.0,111.0,573.0,573.0,573.0
1.0,6543.0,1773.0,1722.0,2007.0,111.0,37.0,37.0,37.0,574.0,574.0,574.0,591.0,591.0,591.0,2181.0,2181.0,2181.0,37.0,37.0,37.0,574.0,574.0,574.0
1.0,6777.0,1728.0,1722.0,333.0,1506.0,502.0,502.0,502.0,574.0,574.0,574.0,576.0,576.0,576.0,2259.0,2259.0,2259.0,502.0,502.0,502.0,574.0,574.0,574.0
1.0,5382.0,1806.0,1725.0,111.0,3213.0,1071.0,1071.0,1071.0,575.0,575.0,575.0,602.0,602.0,602.0,1794.0,1794.0,1794.0,1071.0,1071.0,1071.0,575.0,575.0,575.0
1.0,3687.0,1695.0,1722.0,1506.0,3390.0,1130.0,1130.0,1130.0,574.0,574.0,574.0,565.0,565.0,565.0,1229.0,1229.0,1229.0,1130.0,1130.0,1130.0,574.0,574.0,574.0
1.0,3498.0,1707.0,1722.0,3213.0,1884.0,628.0,628.0,628.0,574.0,574.0,574.0,569.0,569.0,569.0,1166.0,1166.0,1166.0,628.0,628.0,628.0,574.0,574.0,574.0
1.0,5004.0,1719.0,1722.0,3390.0,213.0,71.0,71.0,71.0,574.0,574.0,574.0,573.0,573.0,573.0,1668.0,1668.0,1668.0,71.0,71.0,71.0,574.0,574.0,574.0
1.0,6675.0,1758.0,1725.0,1884.0,99.0,33.0,33.0,33.0,575.0,575.0,575.0,586.0,586.0,586.0,2225.0,2225.0,2225.0,33.0,33.0,33.0,575.0,575.0,575.0
1.0,6801.0,1758.0,1725.0,213.0,1644.0,548.0,548.0,548.0,575.0,575.0,575.0,586.0,586.0,586.0,2267.0,2267.0,2267.0,548.0,548.0,548.0,575.0,575.0,575.0
1.0,5256.0,1734.0,1728.0,99.0,3291.0,1097.0,1097.0,1097.0,576.0,576.0,576.0,578.0,578.0,578.0,1752.0,1752.0,1752.0,1097.0,1097.0,1097.0,576.0,576.0,576.0
1.0,3621.0,1809.0,1728.0,1644.0,3456.0,1152.0,1152.0,1152.0,576.0,576.0,576.0,603.0,603.0,603.0,1207.0,1207.0,1207.0,1152.0,1152.0,1152.0,576.0,576.0,576.0
1.0,3456.0,1749.0,1728.0,3291.0,1914.0,638.0,638.0,638.0,576.0,576.0,576.0,583.0,583.0,583.0,1152.0,1152.0,1152.0,638.0,638.0,638.0,576.0,576.0,576.0
1.0,4998.0,1788.0,1731.0,3456.0,258.0,86.0,86.0,86.0,577.0,577.0,577.0,596.0,596.0,596.0,1666.0,1666.0,1666.0,86.0,86.0,86.0,577.0,577.0,577.0
1.0,6666.0,1764.0,1731.0,1914.0,108.0,36.0,36.0,36.0,577.0,577.0,577.0,588.0,588.0,588.0,2222.0,2222.0,2222.0,36.0,36.0,36.0,577.0,577.0,577.0
1.0,6816.0,1737.0,1728.0,258.0,1575.0,525.0,525.0,525.0,576.0,576.0,576.0,579.0,579.0,579.0,2272.0,2272.0,2272.0,525.0,525.0,525.0,576.0,576.0,576.0
1.0,5337.0,1788.0,1731.0,108.0,3267.0,1089.0,1089.0,1089.0,577.0,577.0,577.0,596.0,596.0,596.0,1779.0,1779.0,1779.0,1089.0,1089.0,1089.0,577.0,577.0,577.0
1.0,3657.0,1731.0,1731.0,1575.0,3423.0,1141.0,1141.0,1141.0,577.0,577.0,577.0,577.0,577.0,577.0,1219.0,1219.0,1219.0,1141.0,1141.0,1141.0,577.0,577.0,577.0
1.0,3501.0,1752.0,1731.0,3267.0,1908.0,636.0,636.0,636.0,577.0,577.0,577.0,584.0,584.0,584.0,1167.0,1167.0,1167.0,636.0,636.0,636.0,577.0,577.0,577.0
1.0,5016.0,1710.0,1731.0,3423.0,195.0,65.0,65.0,65.0,577.0,577.0,577.0,570.0,570.0,570.0,1672.0,1672.0,1672.0,65.0,65.0,65.0,577.0,577.0,577.0
1.0,6729.0,1788.0,1731.0,1908.0,75.0,25.0,25.0,25.0,577.0,577.0,577.0,596.0,596.0,596.0,2243.0,2243.0,2243.0,25.0,25.0,25.0,577.0,577.0,577.0
1.0,6849.0,1773.0,1731.0,195.0,1653.0,551.0,551.0,551.0,577.0,577.0,577.0,591.0,591.0,591.0,2283.0,2283.0,2283.0,551.0,551.0,551.0,577.0,577.0,577.0
1.0,5271.0,1746.0,1731.0,75.0,3324.0,1108.0,1108.0,1108.0,577.0,577.0,577.0,582.0,582.0,582.0,1757.0,1757.0,1757.0,1108.0,1108.0,1108.0,577.0,577.0,577.0
1.0,3600.0,1776.0,1731.0,1653.0,3447.0,1149.0,1149.0,1149.0,577.0,577.0,577.0,592.0,592.0,592.0,1200.0,1200.0,1200.0,1149.0,1149.0,1149.0,577.0,577.0,577.0
1.0,3477.0,1740.0,1731.0,3324.0,1863.0,621.0,621.0,621.0,577.0,577.0,577.0,580.0,580.0,580.0,1159.0,1159.0,1159.0,621.0,621.0,621.0,577.0,577.0,577.0
1.0,5061.0,1713.0,1731.0,3447.0,129.0,43.0,43.0,43.0,577.0,577.0,577.0,571.0,571.0,571.0,1687.0,1687.0,1687.0,43.0,43.0,43.0,577.0,577.0,577.0
1.0,6795.0,1767.0,1731.0,1863.0,33.0,11.0,11.0,11.0,577.0,577.0,577.0,589.0,589.0,589.0,2265.0,2265.0,2265.0,11.0,11.0,11.0,577.0,577.0,577.0
1.0,6891.0,1743.0,1731.0,129.0,1647.0,549.0,549.0,549.0,577.0,577.0,577.0,581.0,581.0,581.0,2297.0,2297.0,2297.0,549.0,549.0,549.0,577.0,577.0,577.0
1.0,5277.0,1686.0,1731.0,33.0,3300.0,1100.0,1100.0,1100.0,577.0,577.0,577.0,562.0,562.0,562.0,1759.0,1759.0,1759.0,1100.0,1100.0,1100.0,577.0,577.0,577.0
1.0,3624.0,1785.0,1734.0,1647.0,3450.0,1150.0,1150.0,1150.0,578.0,578.0,578.0,595.0,595.0,595.0,1208.0,1208.0,1208.0,1150.0,1150.0,1150.0,578.0,578.0,578.0
1.0,3486.0,1728.0,1734.0,3300.0,1878.0,626.0,626.0,626.0,578.0,578.0,578.0,576.0,576.0,576.0,1162.0,1162.0,1162.0,626.0,626.0,626.0,578.0,578.0,578.0
1.0,5058.0,1785.0,1734.0,3450.0,213.0,71.0,71.0,71.0,578.0,578.0,578.0,595.0,595.0,595.0,1686.0,1686.0,1686.0,71.0,71.0,71.0,578.0,578.0,578.0
1.0,6723.0,1737.0,1734.0,1878.0,72.0,24.0,24.0,24.0,578.0,578.0,578.0,579.0,579.0,579.0,2241.0,2241.0,2241.0,24.0,24.0,24.0,578.0,578.0,578.0
1.0,6864.0,1764.0,1734.0,213.0,1623.0,541.0,541.0,541.0,578.0,578.0,578.0,588.0,588.0,588.0,2288.0,2288.0,2288.0,541.0,541.0,541.0,578.0,578.0,578.0
1.0,5313.0,1722.0,1737.0,72.0,3285.0,1095.0,1095.0,1095.0,579.0,579.0,579.0,574.0,574.0,574.0,1771.0,1771.0,1771.0,1095.0,1095.0,1095.0,579.0,579.0,579.0
1.0,3663.0,1710.0,1737.0,1623.0,3372.0,1124.0,1124.0,1124.0,579.0,579.0,579.0,570.0,570.0,570.0,1221.0,1221.0,1221.0,1124.0,1124.0,1124.0,579.0,579.0,579.0
1.0,3576.0,1812.0,1737.0,3285.0,1899.0,633.0,633.0,633.0,579.0,579.0,579.0,604.0,604.0,604.0,1192.0,1192.0,1192.0,633.0,633.0,633.0,579.0,579.0,579.0
1.0,5049.0,1773.0,1740.0,3372.0,312.0,104.0,104.0,104.0,580.0,580.0,580.0,591.0,591.0,591.0,1683.0,1683.0,1683.0,104.0,104.0,104.0,580.0,580.0,580.0
1.0,6648.0,1737.0,1743.0,1899.0,162.0,54.0,54.0,54.0,581.0,581.0,581.0,579.0,579.0,579.0,2216.0,2216.0,2216.0,54.0,54.0,54.0,581.0,581.0,581.0
1.0,6810.0,1740.0,1743.0,312.0,1590.0,530.0,530.0,530.0,581.0,581.0,581.0,580.0,580.0,580.0,2270.0,2270.0,2270.0,530.0,530.0,530.0,581.0,581.0,581.0
1.0,5382.0,1734.0,1743.0,162.0,3162.0,1054.0,1054.0,1054.0,581.0,581.0,581.0,578.0,578.0,578.0,1794.0,1794.0,1794.0,1054.0,1054.0,1054.0,581.0,581.0,581.0
1.0,3810.0,1785.0,1746.0,1590.0,3369.0,1123.0,1123.0,1123.0,582.0,582.0,582.0,595.0,595.0,595.0,1270.0,1270.0,1270.0,1123.0,1123.0,1123.0,582.0,582.0,582.0
1.0,3615.0,1728.0,1746.0,3162.0,1935.0,645.0,645.0,645.0,582.0,582.0,582.0,576.0,576.0,576.0,1205.0,1205.0,1205.0,645.0,645.0,645.0,582.0,582.0,582.0
1.0,5049.0,1746.0,1746.0,3369.0,312.0,104.0,104.0,104.0,582.0,582.0,582.0,582.0,582.0,582.0,1683.0,1683.0,1683.0,104.0,104.0,104.0,582.0,582.0,582.0
1.0,6672.0,1719.0,1746.0,1935.0,96.0,32.0,32.0,32.0,582.0,582.0,582.0,573.0,573.0,573.0,2224.0,2224.0,2224.0,32.0,32.0,32.0,582.0,582.0,582.0
1.0,6888.0,1767.0,1746.0,312.0,1551.0,517.0,517.0,517.0,582.0,582.0,582.0,589.0,589.0,589.0,2296.0,2296.0,2296.0,517.0,517.0,517.0,582.0,582.0,582.0
1.0,5433.0,1767.0,1746.0,96.0,3222.0,1074.0,1074.0,1074.0,582.0,582.0,582.0,589.0,589.0,589.0,1811.0,1811.0,1811.0,1074.0,1074.0,1074.0,582.0,582.0,582.0
1.0,3762.0,1782.0,1749.0,1551.0,3465.0,1155.0,1155.0,1155.0,583.0,583.0,583.0,594.0,594.0,594.0,1254.0,1254.0,1254.0,1155.0,1155.0,1155.0,583.0,583.0,583.0
1.0,3531.0,1725.0,1749.0,3222.0,1968.0,656.0,656.0,656.0,583.0,583.0,583.0,575.0,575.0,575.0,1177.0,1177.0,1177.0,656.0,656.0,656.0,583.0,583.0,583.0
1.0,5028.0,1773.0,1749.0,3465.0,276.0,92.0,92.0,92.0,583.0,583.0,583.0,591.0,591.0,591.0,1676.0,1676.0,1676.0,92.0,92.0,92.0,583.0,583.0,583.0
1.0,6720.0,1797.0,1752.0,1968.0,117.0,39.0,39.0,39.0,584.0,584.0,584.0,599.0,599.0,599.0,2240.0,2240.0,2240.0,39.0,39.0,39.0,584.0,584.0,584.0
1.0,6891.0,1803.0,1752.0,276.0,1644.0,548.0,548.0,548.0,584.0,584.0,584.0,601.0,601.0,601.0,2297.0,2297.0,2297.0,548.0,548.0,548.0,584.0,584.0,584.0
1.0,5364.0,1776.0,1755.0,117.0,3315.0,1105.0,1105.0,1105.0,585.0,585.0,585.0,592.0,592.0,592.0,1788.0,1788.0,1788.0,1105.0,1105.0,1105.0,585.0,585.0,585.0
1.0,3705.0,1776.0,1755.0,1644.0,3447.0,1149.0,1149.0,1149.0,585.0,585.0,585.0,592.0,592.0,592.0,1235.0,1235.0,1235.0,1149.0,1149.0,1149.0,585.0,585.0,585.0
1.0,3573.0,1749.0,1755.0,3315.0,1881.0,627.0,627.0,627.0,585.0,585.0,585.0,583.0,583.0,583.0,1191.0,1191.0,1191.0,627.0,627.0,627.0,585.0,585.0,585.0
1.0,5139.0,1815.0,1755.0,3447.0,249.0,83.0,83.0,83.0,585.0,585.0,585.0,605.0,605.0,605.0,1713.0,1713.0,1713.0,83.0,83.0,83.0,585.0,585.0,585.0
1.0,6771.0,1803.0,1755.0,1881.0,171.0,57.0,57.0,57.0,585.0,585.0,585.0,601.0,601.0,601.0,2257.0,2257.0,2257.0,57.0,57.0,57.0,585.0,585.0,585.0
1.0,6849.0,1797.0,1758.0,249.0,1731.0,577.0,577.0,577.0,586.0,586.0,586.0,599.0,599.0,599.0,2283.0,2283.0,2283.0,577.0,577.0,577.0,586.0,586.0,586.0
1.0,5301.0,1803.0,1758.0,171.0,3363.0,1121.0,1121.0,1121.0,586.0,586.0,586.0,601.0,601.0,601.0,1767.0,1767.0,1767.0,1121.0,1121.0,1121.0,586.0,586.0,586.0
1.0,3669.0,1779.0,1761.0,1731.0,3423.0,1141.0,1141.0,1141.0,587.0,587.0,587.0,593.0,593.0,593.0,1223.0,1223.0,1223.0,1141.0,1141.0,1141.0,587.0,587.0,587.0
1.0,3621.0,1788.0,1761.0,3363.0,1848.0,616.0,616.0,616.0,587.0,587.0,587.0,596.0,596.0,596.0,1207.0,1207.0,1207.0,616.0,616.0,616.0,587.0,587.0,587.0
1.0,5196.0,1788.0,1761.0,3423.0,213.0,71.0,71.0,71.0,587.0,587.0,587.0,596.0,596.0,596.0,1732.0,1732.0,1732.0,71.0,71.0,71.0,587.0,587.0,587.0
1.0,6831.0,1824.0,1764.0,1848.0,201.0,67.0,67.0,67.0,588.0,588.0,588.0,608.0,608.0,608.0,2277.0,2277.0,2277.0,67.0,67.0,67.0,588.0,588.0,588.0
1.0,6855.0,1854.0,1764.0,213.0,1842.0,614.0,614.0,614.0,588.0,588.0,588.0,618.0,618.0,618.0,2285.0,2285.0,2285.0,614.0,614.0,614.0,588.0,588.0,588.0
1.0,5214.0,1794.0,1764.0,201.0,3435.0,1145.0,1145.0,1145.0,588.0,588.0,588.0,598.0,598.0,598.0,1738.0,1738.0,1738.0,1145.0,1145.0,1145.0,588.0,588.0,588.0
1.0,3621.0,1749.0,1764.0,1842.0,3342.0,1114.0,1114.0,1114.0,588.0,588.0,588.0,583.0,583.0,583.0,1207.0,1207.0,1207.0,1114.0,1114.0,1114.0,588.0,588.0,588.0
1.0,3714.0,1800.0,1764.0,3435.0,1707.0,569.0,569.0,569.0,588.0,588.0,588.0,600.0,600.0,600.0,1238.0,1238.0,1238.0,569.0,569.0,569.0,588.0,588.0,588.0
1.0,5349.0,1779.0,1764.0,3342.0,144.0,48.0,48.0,48.0,588.0,588.0,588.0,593.0,593.0,593.0,1783.0,1783.0,1783.0,48.0,48.0,48.0,588.0,588.0,588.0
1.0,6912.0,1746.0,1764.0,1707.0,183.0,61.0,61.0,61.0,588.0,588.0,588.0,582.0,582.0,582.0,2304.0,2304.0,2304.0,61.0,61.0,61.0,588.0,588.0,588.0
1.0,6873.0,1827.0,1767.0,144.0,1878.0,626.0,626.0,626.0,589.0,589.0,589.0,609.0,609.0,609.0,2291.0,2291.0,2291.0,626.0,626.0,626.0,589.0,589.0,589.0
1.0,5190.0,1779.0,1767.0,183.0,3474.0,1158.0,1158.0,1158.0,589.0,589.0,589.0,593.0,593.0,593.0,1730.0,1730.0,1730.0,1158.0,1158.0,1158.0,589.0,589.0,589.0
1.0,3594.0,1776.0,1767.0,1878.0,3372.0,1124.0,1124.0,1124.0,589.0,589.0,589.0,592.0,592.0,592.0,1198.0,1198.0,1198.0,1124.0,1124.0,1124.0,589.0,589.0,589.0
1.0,3696.0,1734.0,1767.0,3474.0,1632.0,544.0,544.0,544.0,589.0,589.0,589.0,578.0,578.0,578.0,1232.0,1232.0,1232.0,544.0,544.0,544.0,589.0,589.0,589.0
1.0,5436.0,1812.0,1767.0,3372.0,72.0,24.0,24.0,24.0,589.0,589.0,589.0,604.0,604.0,604.0,1812.0,1812.0,1812.0,24.0,24.0,24.0,589.0,589.0,589.0
1.0,6996.0,1749.0,1767.0,1632.0,189.0,63.0,63.0,63.0,589.0,589.0,589.0,583.0,583.0,583.0,2332.0,2332.0,2332.0,63.0,63.0,63.0,589.0,589.0,589.0
1.0,6879.0,1773.0,1767.0,72.0,1890.0,630.0,630.0,630.0,589.0,589.0,589.0,591.0,591.0,591.0,2293.0,2293.0,2293.0,630.0,630.0,630.0,589.0,589.0,589.0
1.0,5178.0,1737.0,1767.0,189.0,3438.0,1146.0,1146.0,1146.0,589.0,589.0,589.0,579.0,579.0,579.0,1726.0,1726.0,1726.0,1146.0,1146.0,1146.0,589.0,589.0,589.0
1.0,3630.0,1824.0,1770.0,1890.0,3384.0,1128.0,1128.0,1128.0,590.0,590.0,590.0,608.0,608.0,608.0,1210.0,1210.0,1210.0,1128.0,1128.0,1128.0,590.0,590.0,590.0
1.0,3696.0,1773.0,1770.0,3438.0,1719.0,573.0,573.0,573.0,590.0,590.0,590.0,591.0,591.0,591.0,1232.0,1232.0,1232.0,573.0,573.0,573.0,590.0,590.0,590.0
1.0,5361.0,1767.0,1770.0,3384.0,102.0,34.0,34.0,34.0,590.0,590.0,590.0,589.0,589.0,589.0,1787.0,1787.0,1787.0,34.0,34.0,34.0,590.0,590.0,590.0
1.0,6978.0,1776.0,1773.0,1719.0,171.0,57.0,57.0,57.0,591.0,591.0,591.0,592.0,592.0,592.0,2326.0,2326.0,2326.0,57.0,57.0,57.0,591.0,591.0,591.0
1.0,6921.0,1725.0,1770.0,102.0,1782.0,594.0,594.0,594.0,590.0,590.0,590.0,575.0,575.0,575.0,2307.0,2307.0,2307.0,594.0,594.0,594.0,590.0,590.0,590.0
1.0,5298.0,1806.0,1773.0,171.0,3429.0,1143.0,1143.0,1143.0,591.0,591.0,591.0,602.0,602.0,602.0,1766.0,1766.0,1766.0,1143.0,1143.0,1143.0,591.0,591.0,591.0
1.0,3663.0,1773.0,1773.0,1782.0,3420.0,1140.0,1140.0,1140.0,591.0,591.0,591.0,591.0,591.0,591.0,1221.0,1221.0,1221.0,1140.0,1140.0,1140.0,591.0,591.0,591.0
1.0,3672.0,1779.0,1773.0,3429.0,1770.0,590.0,590.0,590.0,591.0,591.0,591.0,593.0,593.0,593.0,1224.0,1224.0,1224.0,590.0,590.0,590.0,591.0,591.0,591.0
1.0,5322.0,1758.0,1773.0,3420.0,108.0,36.0,36.0,36.0,591.0,591.0,591.0,586.0,586.0,586.0,1774.0,1774.0,1774.0,36.0,36.0,36.0,591.0,591.0,591.0
1.0,6984.0,1821.0,1776.0,1770.0,171.0,57.0,57.0,57.0,592.0,592.0,592.0,607.0,607.0,607.0,2328.0,2328.0,2328.0,57.0,57.0,57.0,592.0,592.0,592.0
1.0,6933.0,1767.0,1776.0,108.0,1830.0,610.0,610.0,610.0,592.0,592.0,592.0,589.0,589.0,589.0,2311.0,2311.0,2311.0,610.0,610.0,610.0,592.0,592.0,592.0
1.0,5274.0,1761.0,1776.0,171.0,3420.0,1140.0,1140.0,1140.0,592.0,592.0,592.0,587.0,587.0,587.0,1758.0,1758.0,1758.0,1140.0,1140.0,1140.0,592.0,592.0,592.0
1.0,3684.0,1809.0,1776.0,1830.0,3399.0,1133.0,1133.0,1133.0,592.0,592.0,592.0,603.0,603.0,603.0,1228.0,1228.0,1228.0,1133.0,1133.0,1133.0,592.0,592.0,592.0
1.0,3705.0,1782.0,1776.0,3420.0,1761.0,587.0,587.0,587.0,592.0,592.0,592.0,594.0,594.0,594.0,1235.0,1235.0,1235.0,587.0,587.0,587.0,592.0,592.0,592.0
1.0,5343.0,1746.0,1776.0,3399.0,108.0,36.0,36.0,36.0,592.0,592.0,592.0,582.0,582.0,582.0,1781.0,1781.0,1781.0,36.0,36.0,36.0,592.0,592.0,592.0
1.0,6996.0,1746.0,1776.0,1761.0,93.0,31.0,31.0,31.0,592.0,592.0,592.0,582.0,582.0,582.0,2332.0,2332.0,2332.0,31.0,31.0,31.0,592.0,592.0,592.0
1.0,7011.0,1815.0,1779.0,108.0,1812.0,604.0,604.0,604.0,593.0,593.0,593.0,605.0,605.0,605.0,2337.0,2337.0,2337.0,604.0,604.0,604.0,593.0,593.0,593.0
1.0,5304.0,1779.0,1779.0,93.0,3498.0,1166.0,1166.0,1166.0,593.0,593.0,593.0,593.0,593.0,593.0,1768.0,1768.0,1768.0,1166.0,1166.0,1166.0,593.0,593.0,593.0
1.0,3618.0,1755.0,1779.0,1812.0,3441.0,1147.0,1147.0,1147.0,593.0,593.0,593.0,585.0,585.0,585.0,1206.0,1206.0,1206.0,1147.0,1147.0,1147.0,593.0,593.0,593.0
1.0,3675.0,1755.0,1779.0,3498.0,1698.0,566.0,566.0,566.0,593.0,593.0,593.0,585.0,585.0,585.0,1225.0,1225.0,1225.0,566.0,566.0,566.0,593.0,593.0,593.0
1.0,5418.0,1737.0,1779.0,3441.0,0.0,0.0,0.0,0.0,593.0,593.0,593.0,579.0,579.0,579.0,1806.0,1806.0,1806.0,0.0,0.0,0.0,593.0,593.0,593.0
1.0,7122.0,1737.0,1779.0,1698.0,33.0,11.0,11.0,11.0,593.0,593.0,593.0,579.0,579.0,579.0,2374.0,2374.0,2374.0,11.0,11.0,11.0,593.0,593.0,593.0
1.0,7083.0,1755.0,1779.0,0.0,1788.0,596.0,596.0,596.0,593.0,593.0,593.0,585.0,585.0,585.0,2361.0,2361.0,2361.0,596.0,596.0,596.0,593.0,593.0,593.0
1.0,5328.0,1818.0,1779.0,33.0,3573.0,1191.0,1191.0,1191.0,593.0,593.0,593.0,606.0,606.0,606.0,1776.0,1776.0,1776.0,1191.0,1191.0,1191.0,593.0,593.0,593.0
1.0,3543.0,1764.0,1779.0,1788.0,3549.0,1183.0,1183.0,1183.0,593.0,593.0,593.0,588.0,588.0,588.0,1181.0,1181.0,1181.0,1183.0,1183.0,1183.0,593.0,593.0,593.0
1.0,3567.0,1797.0,1779.0,3573.0,1773.0,591.0,591.0,591.0,593.0,593.0,593.0,599.0,599.0,599.0,1189.0,1189.0,1189.0,591.0,591.0,591.0,593.0,593.0,593.0
1.0,5343.0,1806.0,1779.0,3549.0,30.0,10.0,10.0,10.0,593.0,593.0,593.0,602.0,602.0,602.0,1781.0,1781.0,1781.0,10.0,10.0,10.0,593.0,593.0,593.0
1.0,7086.0,1824.0,1782.0,1773.0,93.0,31.0,31.0,31.0,594.0,594.0,594.0,608.0,608.0,608.0,2362.0,2362.0,2362.0,31.0,31.0,31.0,594.0,594.0,594.0
1.0,7035.0,1854.0,1782.0,30.0,1917.0,639.0,639.0,639.0,594.0,594.0,594.0,618.0,618.0,618.0,2345.0,2345.0,2345.0,639.0,639.0,639.0,594.0,594.0,594.0
1.0,5211.0,1854.0,1785.0,93.0,3690.0,1230.0,1230.0,1230.0,595.0,595.0,595.0,618.0,618.0,618.0,1737.0,1737.0,1737.0,1230.0,1230.0,1230.0,595.0,595.0,595.0
1.0,3450.0,1809.0,1785.0,1917.0,3582.0,1194.0,1194.0,1194.0,595.0,595.0,595.0,603.0,603.0,603.0,1150.0,1150.0,1150.0,1194.0,1194.0,1194.0,595.0,595.0,595.0
1.0,3558.0,1776.0,1782.0,3690.0,1656.0,552.0,552.0,552.0,594.0,594.0,594.0,592.0,592.0,592.0,1186.0,1186.0,1186.0,552.0,552.0,552.0,594.0,594.0,594.0
1.0,5472.0,1773.0,1782.0,3582.0,0.0,0.0,0.0,0.0,594.0,594.0,594.0,591.0,591.0,591.0,1824.0,1824.0,1824.0,0.0,0.0,0.0,594.0,594.0,594.0
1.0,7281.0,1890.0,1785.0,1656.0,93.0,31.0,31.0,31.0,595.0,595.0,595.0,630.0,630.0,630.0,2427.0,2427.0,2427.0,31.0,31.0,31.0,595.0,595.0,595.0
1.0,7047.0,1824.0,1785.0,0.0,1917.0,639.0,639.0,639.0,595.0,595.0,595.0,608.0,608.0,608.0,2349.0,2349.0,2349.0,639.0,639.0,639.0,595.0,595.0,595.0
1.0,5223.0,1863.0,1788.0,93.0,3699.0,1233.0,1233.0,1233.0,596.0,596.0,596.0,621.0,621.0,621.0,1741.0,1741.0,1741.0,1233.0,1233.0,1233.0,596.0,596.0,596.0
1.0,3453.0,1764.0,1785.0,1917.0,3534.0,1178.0,1178.0,1178.0,595.0,595.0,595.0,588.0,588.0,588.0,1151.0,1151.0,1151.0,1178.0,1178.0,1178.0,595.0,595.0,595.0
1.0,3606.0,1791.0,1785.0,3699.0,1626.0,542.0,542.0,542.0,595.0,595.0,595.0,597.0,597.0,597.0,1202.0,1202.0,1202.0,542.0,542.0,542.0,595.0,595.0,595.0
1.0,5514.0,1875.0,1785.0,3534.0,0.0,0.0,0.0,0.0,595.0,595.0,595.0,625.0,625.0,625.0,1838.0,1838.0,1838.0,0.0,0.0,0.0,595.0,595.0,595.0
1.0,7173.0,1851.0,1788.0,1626.0,204.0,68.0,68.0,68.0,596.0,596.0,596.0,617.0,617.0,617.0,2391.0,2391.0,2391.0,68.0,68.0,68.0,596.0,596.0,596.0
1.0,6948.0,1767.0,1788.0,0.0,1971.0,657.0,657.0,657.0,596.0,596.0,596.0,589.0,589.0,589.0,2316.0,2316.0,2316.0,657.0,657.0,657.0,596.0,596.0,596.0
1.0,5181.0,1860.0,1788.0,204.0,3627.0,1209.0,1209.0,1209.0,596.0,596.0,596.0,620.0,620.0,620.0,1727.0,1727.0,1727.0,1209.0,1209.0,1209.0,596.0,596.0,596.0
1.0,3525.0,1815.0,1788.0,1971.0,3471.0,1157.0,1157.0,1157.0,596.0,596.0,596.0,605.0,605.0,605.0,1175.0,1175.0,1175.0,1157.0,1157.0,1157.0,596.0,596.0,596.0
1.0,3681.0,1818.0,1791.0,3627.0,1674.0,558.0,558.0,558.0,597.0,597.0,597.0,606.0,606.0,606.0,1227.0,1227.0,1227.0,558.0,558.0,558.0,597.0,597.0,597.0
1.0,5490.0,1818.0,1791.0,3471.0,21.0,7.0,7.0,7.0,597.0,597.0,597.0,606.0,606.0,606.0,1830.0,1830.0,1830.0,7.0,7.0,7.0,597.0,597.0,597.0
1.0,7143.0,1860.0,1791.0,1674.0,207.0,69.0,69.0,69.0,597.0,597.0,597.0,620.0,620.0,620.0,2381.0,2381.0,2381.0,69.0,69.0,69.0,597.0,597.0,597.0
1.0,6957.0,1851.0,1794.0,21.0,2049.0,683.0,683.0,683.0,598.0,598.0,598.0,617.0,617.0,617.0,2319.0,2319.0,2319.0,683.0,683.0,683.0,598.0,598.0,598.0
1.0,5127.0,1785.0,1794.0,207.0,3627.0,1209.0,1209.0,1209.0,598.0,598.0,598.0,595.0,595.0,595.0,1709.0,1709.0,1709.0,1209.0,1209.0,1209.0,598.0,598.0,598.0
1.0,3549.0,1872.0,1797.0,2049.0,3462.0,1154.0,1154.0,1154.0,599.0,599.0,599.0,624.0,624.0,624.0,1183.0,1183.0,1183.0,1154.0,1154.0,1154.0,599.0,599.0,599.0
1.0,3726.0,1812.0,1797.0,3627.0,1647.0,549.0,549.0,549.0,599.0,599.0,599.0,604.0,604.0,604.0,1242.0,1242.0,1242.0,549.0,549.0,549.0,599.0,599.0,599.0
1.0,5541.0,1848.0,1800.0,3462.0,45.0,15.0,15.0,15.0,600.0,600.0,600.0,616.0,616.0,616.0,1847.0,1847.0,1847.0,15.0,15.0,15.0,600.0,600.0,600.0
1.0,7155.0,1839.0,1800.0,1647.0,237.0,79.0,79.0,79.0,600.0,600.0,600.0,613.0,613.0,613.0,2385.0,2385.0,2385.0,79.0,79.0,79.0,600.0,600.0,600.0
1.0,6963.0,1824.0,1800.0,45.0,2016.0,672.0,672.0,672.0,600.0,600.0,600.0,608.0,608.0,608.0,2321.0,2321.0,2321.0,672.0,672.0,672.0,600.0,600.0,600.0
1.0,5184.0,1815.0,1800.0,237.0,3594.0,1198.0,1198.0,1198.0,600.0,600.0,600.0,605.0,605.0,605.0,1728.0,1728.0,1728.0,1198.0,1198.0,1198.0,600.0,600.0,600.0
1.0,3606.0,1851.0,1803.0,2016.0,3441.0,1147.0,1147.0,1147.0,601.0,601.0,601.0,617.0,617.0,617.0,1202.0,1202.0,1202.0,1147.0,1147.0,1147.0,601.0,601.0,601.0
1.0,3771.0,1791.0,1803.0,3594.0,1638.0,546.0,546.0,546.0,601.0,601.0,601.0,597.0,597.0,597.0,1257.0,1257.0,1257.0,546.0,546.0,546.0,601.0,601.0,601.0
1.0,5574.0,1773.0,1803.0,3441.0,0.0,0.0,0.0,0.0,601.0,601.0,601.0,591.0,591.0,591.0,1858.0,1858.0,1858.0,0.0,0.0,0.0,601.0,601.0,601.0
1.0,7242.0,1830.0,1806.0,1638.0,174.0,58.0,58.0,58.0,602.0,602.0,602.0,610.0,610.0,610.0,2414.0,2414.0,2414.0,58.0,58.0,58.0,602.0,602.0,602.0
1.0,7050.0,1797.0,1806.0,0.0,1971.0,657.0,657.0,657.0,602.0,602.0,602.0,599.0,599.0,599.0,2350.0,2350.0,2350.0,657.0,657.0,657.0,602.0,602.0,602.0
1.0,5253.0,1785.0,1806.0,174.0,3582.0,1194.0,1194.0,1194.0,602.0,602.0,602.0,595.0,595.0,595.0,1751.0,1751.0,1751.0,1194.0,1194.0,1194.0,602.0,602.0,602.0
1.0,3642.0,1776.0,1806.0,1971.0,3387.0,1129.0,1129.0,1129.0,602.0,602.0,602.0,592.0,592.0,592.0,1214.0,1214.0,1214.0,1129.0,1129.0,1129.0,602.0,602.0,602.0
1.0,3837.0,1836.0,1806.0,3582.0,1641.0,547.0,547.0,547.0,602.0,602.0,602.0,612.0,612.0,612.0,1279.0,1279.0,1279.0,547.0,547.0,547.0,602.0,602.0,602.0
1.0,5583.0,1770.0,1806.0,3387.0,24.0,8.0,8.0,8.0,602.0,602.0,602.0,590.0,590.0,590.0,1861.0,1861.0,1861.0,8.0,8.0,8.0,602.0,602.0,602.0
1.0,7200.0,1797.0,1806.0,1641.0,180.0,60.0,60.0,60.0,602.0,602.0,602.0,599.0,599.0,599.0,2400.0,2400.0,2400.0,60.0,60.0,60.0,602.0,602.0,602.0
1.0,7044.0,1788.0,1806.0,24.0,1944.0,648.0,648.0,648.0,602.0,602.0,602.0,596.0,596.0,596.0,2348.0,2348.0,2348.0,648.0,648.0,648.0,602.0,602.0,602.0
1.0,5280.0,1803.0,1806.0,180.0,3567.0,1189.0,1189.0,1189.0,602.0,602.0,602.0,601.0,601.0,601.0,1760.0,1760.0,1760.0,1189.0,1189.0,1189.0,602.0,602.0,602.0
1.0,3657.0,1842.0,1809.0,1944.0,3477.0,1159.0,1159.0,1159.0,603.0,603.0,603.0,614.0,614.0,614.0,1219.0,1219.0,1219.0,1159.0,1159.0,1159.0,603.0,603.0,603.0
1.0,3759.0,1839.0,1809.0,3567.0,1749.0,583.0,583.0,583.0,603.0,603.0,603.0,613.0,613.0,613.0,1253.0,1253.0,1253.0,583.0,583.0,583.0,603.0,603.0,603.0
1.0,5487.0,1794.0,1809.0,3477.0,66.0,22.0,22.0,22.0,603.0,603.0,603.0,598.0,598.0,598.0,1829.0,1829.0,1829.0,22.0,22.0,22.0,603.0,603.0,603.0
1.0,7170.0,1782.0,1809.0,1749.0,99.0,33.0,33.0,33.0,603.0,603.0,603.0,594.0,594.0,594.0,2390.0,2390.0,2390.0,33.0,33.0,33.0,603.0,603.0,603.0
1.0,7137.0,1839.0,1812.0,66.0,1884.0,628.0,628.0,628.0,604.0,604.0,604.0,613.0,613.0,613.0,2379.0,2379.0,2379.0,628.0,628.0,628.0,604.0,604.0,604.0
1.0,5364.0,1830.0,1812.0,99.0,3615.0,1205.0,1205.0,1205.0,604.0,604.0,604.0,610.0,610.0,610.0,1788.0,1788.0,1788.0,1205.0,1205.0,1205.0,604.0,604.0,604.0
1.0,3633.0,1800.0,1815.0,1884.0,3543.0,1181.0,1181.0,1181.0,605.0,605.0,605.0,600.0,600.0,600.0,1211.0,1211.0,1211.0,1181.0,1181.0,1181.0,605.0,605.0,605.0
1.0,3717.0,1860.0,1815.0,3615.0,1788.0,596.0,596.0,596.0,605.0,605.0,605.0,620.0,620.0,620.0,1239.0,1239.0,1239.0,596.0,596.0,596.0,605.0,605.0,605.0
1.0,5472.0,1851.0,1818.0,3543.0,108.0,36.0,36.0,36.0,606.0,606.0,606.0,617.0,617.0,617.0,1824.0,1824.0,1824.0,36.0,36.0,36.0,606.0,606.0,606.0
1.0,7164.0,1806.0,1818.0,1788.0,126.0,42.0,42.0,42.0,606.0,606.0,606.0,602.0,602.0,602.0,2388.0,2388.0,2388.0,42.0,42.0,42.0,606.0,606.0,606.0
1.0,7146.0,1839.0,1818.0,108.0,1857.0,619.0,619.0,619.0,606.0,606.0,606.0,613.0,613.0,613.0,2382.0,2382.0,2382.0,619.0,619.0,619.0,606.0,606.0,606.0
1.0,5415.0,1812.0,1821.0,126.0,3555.0,1185.0,1185.0,1185.0,607.0,607.0,607.0,604.0,604.0,604.0,1805.0,1805.0,1805.0,1185.0,1185.0,1185.0,607.0,607.0,607.0
1.0,3729.0,1797.0,1821.0,1857.0,3495.0,1165.0,1165.0,1165.0,607.0,607.0,607.0,599.0,599.0,599.0,1243.0,1243.0,1243.0,1165.0,1165.0,1165.0,607.0,607.0,607.0
1.0,3789.0,1824.0,1821.0,3555.0,1764.0,588.0,588.0,588.0,607.0,607.0,607.0,608.0,608.0,608.0,1263.0,1263.0,1263.0,588.0,588.0,588.0,607.0,607.0,607.0
1.0,5520.0,1860.0,1821.0,3495.0,129.0,43.0,43.0,43.0,607.0,607.0,607.0,620.0,620.0,620.0,1840.0,1840.0,1840.0,43.0,43.0,43.0,607.0,607.0,607.0
1.0,7155.0,1869.0,1821.0,1764.0,234.0,78.0,78.0,78.0,607.0,607.0,607.0,623.0,623.0,623.0,2385.0,2385.0,2385.0,78.0,78.0,78.0,607.0,607.0,607.0
1.0,7050.0,1821.0,1821.0,129.0,1926.0,642.0,642.0,642.0,607.0,607.0,607.0,607.0,607.0,607.0,2350.0,2350.0,2350.0,642.0,642.0,642.0,607.0,607.0,607.0
1.0,5358.0,1890.0,1821.0,234.0,3582.0,1194.0,1194.0,1194.0,607.0,607.0,607.0,630.0,630.0,630.0,1786.0,1786.0,1786.0,1194.0,1194.0,1194.0,607.0,607.0,607.0
1.0,3702.0,1815.0,1824.0,1926.0,3483.0,1161.0,1161.0,1161.0,608.0,608.0,608.0,605.0,605.0,605.0,1234.0,1234.0,1234.0,1161.0,1161.0,1161.0,608.0,608.0,608.0
1.0,3813.0,1794.0,1821.0,3582.0,1683.0,561.0,561.0,561.0,607.0,607.0,607.0,598.0,598.0,598.0,1271.0,1271.0,1271.0,561.0,561.0,561.0,607.0,607.0,607.0
1.0,5601.0,1833.0,1821.0,3483.0,33.0,11.0,11.0,11.0,607.0,607.0,607.0,611.0,611.0,611.0,1867.0,1867.0,1867.0,11.0,11.0,11.0,607.0,607.0,607.0
1.0,7251.0,1860.0,1821.0,1683.0,210.0,70.0,70.0,70.0,607.0,607.0,607.0,620.0,620.0,620.0,2417.0,2417.0,2417.0,70.0,70.0,70.0,607.0,607.0,607.0
1.0,7074.0,1893.0,1824.0,33.0,2082.0,694.0,694.0,694.0,608.0,608.0,608.0,631.0,631.0,631.0,2358.0,2358.0,2358.0,694.0,694.0,694.0,608.0,608.0,608.0
1.0,5214.0,1848.0,1824.0,210.0,3720.0,1240.0,1240.0,1240.0,608.0,608.0,608.0,616.0,616.0,616.0,1738.0,1738.0,1738.0,1240.0,1240.0,1240.0,608.0,608.0,608.0
1.0,3576.0,1854.0,1824.0,2082.0,3492.0,1164.0,1164.0,1164.0,608.0,608.0,608.0,618.0,618.0,618.0,1192.0,1192.0,1192.0,1164.0,1164.0,1164.0,608.0,608.0,608.0
1.0,3804.0,1851.0,1824.0,3720.0,1623.0,541.0,541.0,541.0,608.0,608.0,608.0,617.0,617.0,617.0,1268.0,1268.0,1268.0,541.0,541.0,541.0,608.0,608.0,608.0
1.0,5673.0,1845.0,1827.0,3492.0,0.0,0.0,0.0,0.0,609.0,609.0,609.0,615.0,615.0,615.0,1891.0,1891.0,1891.0,0.0,0.0,0.0,609.0,609.0,609.0
1.0,7320.0,1830.0,1827.0,1623.0,195.0,65.0,65.0,65.0,609.0,609.0,609.0,610.0,610.0,610.0,2440.0,2440.0,2440.0,65.0,65.0,65.0,609.0,609.0,609.0
1.0,7113.0,1830.0,1827.0,0.0,2025.0,675.0,675.0,675.0,609.0,609.0,609.0,610.0,610.0,610.0,2371.0,2371.0,2371.0,675.0,675.0,675.0,609.0,609.0,609.0
1.0,5283.0,1854.0,1827.0,195.0,3684.0,1228.0,1228.0,1228.0,609.0,609.0,609.0,618.0,618.0,618.0,1761.0,1761.0,1761.0,1228.0,1228.0,1228.0,609.0,609.0,609.0
1.0,3624.0,1887.0,1827.0,2025.0,3546.0,1182.0,1182.0,1182.0,609.0,609.0,609.0,629.0,629.0,629.0,1208.0,1208.0,1208.0,1182.0,1182.0,1182.0,609.0,609.0,609.0
1.0,3762.0,1830.0,1827.0,3684.0,1692.0,564.0,564.0,564.0,609.0,609.0,609.0,610.0,610.0,610.0,1254.0,1254.0,1254.0,564.0,564.0,564.0,609.0,609.0,609.0
1.0,5616.0,1836.0,1827.0,3546.0,0.0,0.0,0.0,0.0,609.0,609.0,609.0,612.0,612.0,612.0,1872.0,1872.0,1872.0,0.0,0.0,0.0,609.0,609.0,609.0
1.0,7326.0,1845.0,1827.0,1692.0,135.0,45.0,45.0,45.0,609.0,609.0,609.0,615.0,615.0,615.0,2442.0,2442.0,2442.0,45.0,45.0,45.0,609.0,609.0,609.0
1.0,7173.0,1848.0,1827.0,0.0,1983.0,661.0,661.0,661.0,609.0,609.0,609.0,616.0,616.0,616.0,2391.0,2391.0,2391.0,661.0,661.0,661.0,609.0,609.0,609.0
1.0,5325.0,1803.0,1827.0,135.0,3651.0,1217.0,1217.0,1217.0,609.0,609.0,609.0,601.0,601.0,601.0,1775.0,1775.0,1775.0,1217.0,1217.0,1217.0,609.0,609.0,609.0
1.0,3657.0,1908.0,1830.0,1983.0,3588.0,1196.0,1196.0,1196.0,610.0,610.0,610.0,636.0,636.0,636.0,1219.0,1219.0,1219.0,1196.0,1196.0,1196.0,610.0,610.0,610.0
1.0,3732.0,1857.0,1830.0,3651.0,1794.0,598.0,598.0,598.0,610.0,610.0,610.0,619.0,619.0,619.0,1244.0,1244.0,1244.0,598.0,598.0,598.0,610.0,610.0,610.0
1.0,5526.0,1791.0,1827.0,3588.0,0.0,0.0,0.0,0.0,609.0,609.0,609.0,597.0,597.0,597.0,1842.0,1842.0,1842.0,0.0,0.0,0.0,609.0,609.0,609.0
1.0,7323.0,1842.0,1830.0,1794.0,45.0,15.0,15.0,15.0,610.0,610.0,610.0,614.0,614.0,614.0,2441.0,2441.0,2441.0,15.0,15.0,15.0,610.0,610.0,610.0
1.0,7275.0,1878.0,1830.0,0.0,1923.0,641.0,641.0,641.0,610.0,610.0,610.0,626.0,626.0,626.0,2425.0,2425.0,2425.0,641.0,641.0,641.0,610.0,610.0,610.0
1.0,5397.0,1854.0,1830.0,45.0,3732.0,1244.0,1244.0,1244.0,610.0,610.0,610.0,618.0,618.0,618.0,1799.0,1799.0,1799.0,1244.0,1244.0,1244.0,610.0,610.0,610.0
1.0,3588.0,1806.0,1830.0,1923.0,3615.0,1205.0,1205.0,1205.0,610.0,610.0,610.0,602.0,602.0,602.0,1196.0,1196.0,1196.0,1205.0,1205.0,1205.0,610.0,610.0,610.0
1.0,3705.0,1794.0,1830.0,3732.0,1677.0,559.0,559.0,559.0,610.0,610.0,610.0,598.0,598.0,598.0,1235.0,1235.0,1235.0,559.0,559.0,559.0,610.0,610.0,610.0
1.0,5643.0,1821.0,1830.0,3615.0,0.0,0.0,0.0,0.0,610.0,610.0,610.0,607.0,607.0,607.0,1881.0,1881.0,1881.0,0.0,0.0,0.0,610.0,610.0,610.0
1.0,7437.0,1827.0,1833.0,1677.0,45.0,15.0,15.0,15.0,611.0,611.0,611.0,609.0,609.0,609.0,2479.0,2479.0,2479.0,15.0,15.0,15.0,611.0,611.0,611.0
1.0,7287.0,1821.0,1833.0,0.0,1866.0,622.0,622.0,622.0,611.0,611.0,611.0,607.0,607.0,607.0,2429.0,2429.0,2429.0,622.0,622.0,622.0,611.0,611.0,611.0
1.0,5466.0,1842.0,1833.0,45.0,3663.0,1221.0,1221.0,1221.0,611.0,611.0,611.0,614.0,614.0,614.0,1822.0,1822.0,1822.0,1221.0,1221.0,1221.0,611.0,611.0,611.0
1.0,3669.0,1890.0,1836.0,1866.0,3699.0,1233.0,1233.0,1233.0,612.0,612.0,612.0,630.0,630.0,630.0,1223.0,1223.0,1223.0,1233.0,1233.0,1233.0,612.0,612.0,612.0
1.0,3645.0,1815.0,1836.0,3663.0,1851.0,617.0,617.0,617.0,612.0,612.0,612.0,605.0,605.0,605.0,1215.0,1215.0,1215.0,617.0,617.0,617.0,612.0,612.0,612.0
1.0,5493.0,1815.0,1836.0,3699.0,0.0,0.0,0.0,0.0,612.0,612.0,612.0,605.0,605.0,605.0,1831.0,1831.0,1831.0,0.0,0.0,0.0,612.0,612.0,612.0
1.0,7377.0,1833.0,1836.0,1851.0,0.0,0.0,0.0,0.0,612.0,612.0,612.0,611.0,611.0,611.0,2459.0,2459.0,2459.0,0.0,0.0,0.0,612.0,612.0,612.0
1.0,7395.0,1770.0,1836.0,0.0,1719.0,573.0,573.0,573.0,612.0,612.0,612.0,590.0,590.0,590.0,2465.0,2465.0,2465.0,573.0,573.0,573.0,612.0,612.0,612.0
1.0,5625.0,1788.0,1833.0,0.0,3495.0,1165.0,1165.0,1165.0,611.0,611.0,611.0,596.0,596.0,596.0,1875.0,1875.0,1875.0,1165.0,1165.0,1165.0,611.0,611.0,611.0
1.0,3837.0,1863.0,1836.0,1719.0,3651.0,1217.0,1217.0,1217.0,612.0,612.0,612.0,621.0,621.0,621.0,1279.0,1279.0,1279.0,1217.0,1217.0,1217.0,612.0,612.0,612.0
1.0,3693.0,1776.0,1836.0,3495.0,1932.0,644.0,644.0,644.0,612.0,612.0,612.0,592.0,592.0,592.0,1231.0,1231.0,1231.0,644.0,644.0,644.0,612.0,612.0,612.0
1.0,5412.0,1878.0,1836.0,3651.0,159.0,53.0,53.0,53.0,612.0,612.0,612.0,626.0,626.0,626.0,1804.0,1804.0,1804.0,53.0,53.0,53.0,612.0,612.0,612.0
1.0,7185.0,1887.0,1836.0,1932.0,114.0,38.0,38.0,38.0,612.0,612.0,612.0,629.0,629.0,629.0,2395.0,2395.0,2395.0,38.0,38.0,38.0,612.0,612.0,612.0
1.0,7230.0,1821.0,1839.0,159.0,1788.0,596.0,596.0,596.0,613.0,613.0,613.0,607.0,607.0,607.0,2410.0,2410.0,2410.0,596.0,596.0,596.0,613.0,613.0,613.0
1.0,5568.0,1854.0,1839.0,114.0,3528.0,1176.0,1176.0,1176.0,613.0,613.0,613.0,618.0,618.0,618.0,1856.0,1856.0,1856.0,1176.0,1176.0,1176.0,613.0,613.0,613.0
1.0,3828.0,1839.0,1836.0,1788.0,3567.0,1189.0,1189.0,1189.0,612.0,612.0,612.0,613.0,613.0,613.0,1276.0,1276.0,1276.0,1189.0,1189.0,1189.0,612.0,612.0,612.0
1.0,3777.0,1824.0,1839.0,3528.0,1875.0,625.0,625.0,625.0,613.0,613.0,613.0,608.0,608.0,608.0,1259.0,1259.0,1259.0,625.0,625.0,625.0,613.0,613.0,613.0
1.0,5481.0,1815.0,1836.0,3567.0,111.0,37.0,37.0,37.0,612.0,612.0,612.0,605.0,605.0,605.0,1827.0,1827.0,1827.0,37.0,37.0,37.0,612.0,612.0,612.0
1.0,7233.0,1863.0,1839.0,1875.0,111.0,37.0,37.0,37.0,613.0,613.0,613.0,621.0,621.0,621.0,2411.0,2411.0,2411.0,37.0,37.0,37.0,613.0,613.0,613.0
1.0,7245.0,1869.0,1839.0,111.0,1869.0,623.0,623.0,623.0,613.0,613.0,613.0,623.0,623.0,623.0,2415.0,2415.0,2415.0,623.0,623.0,623.0,613.0,613.0,613.0
1.0,5487.0,1827.0,1839.0,111.0,3585.0,1195.0,1195.0,1195.0,613.0,613.0,613.0,609.0,609.0,609.0,1829.0,1829.0,1829.0,1195.0,1195.0,1195.0,613.0,613.0,613.0
1.0,3771.0,1878.0,1839.0,1869.0,3594.0,1198.0,1198.0,1198.0,613.0,613.0,613.0,626.0,626.0,626.0,1257.0,1257.0,1257.0,1198.0,1198.0,1198.0,613.0,613.0,613.0
1.0,3762.0,1896.0,1842.0,3585.0,1917.0,639.0,639.0,639.0,614.0,614.0,614.0,632.0,632.0,632.0,1254.0,1254.0,1254.0,639.0,639.0,639.0,614.0,614.0,614.0
1.0,5451.0,1872.0,1842.0,3594.0,195.0,65.0,65.0,65.0,614.0,614.0,614.0,624.0,624.0,624.0,1817.0,1817.0,1817.0,65.0,65.0,65.0,614.0,614.0,614.0
1.0,7173.0,1872.0,1842.0,1917.0,150.0,50.0,50.0,50.0,614.0,614.0,614.0,624.0,624.0,624.0,2391.0,2391.0,2391.0,50.0,50.0,50.0,614.0,614.0,614.0
1.0,7218.0,1905.0,1842.0,195.0,1860.0,620.0,620.0,620.0,614.0,614.0,614.0,635.0,635.0,635.0,2406.0,2406.0,2406.0,620.0,620.0,620.0,614.0,614.0,614.0
1.0,5508.0,1866.0,1845.0,150.0,3588.0,1196.0,1196.0,1196.0,615.0,615.0,615.0,622.0,622.0,622.0,1836.0,1836.0,1836.0,1196.0,1196.0,1196.0,615.0,615.0,615.0
1.0,3792.0,1833.0,1845.0,1860.0,3561.0,1187.0,1187.0,1187.0,615.0,615.0,615.0,611.0,611.0,611.0,1264.0,1264.0,1264.0,1187.0,1187.0,1187.0,615.0,615.0,615.0
1.0,3819.0,1917.0,1845.0,3588.0,1890.0,630.0,630.0,630.0,615.0,615.0,615.0,639.0,639.0,639.0,1273.0,1273.0,1273.0,630.0,630.0,630.0,615.0,615.0,615.0
1.0,5490.0,1923.0,1845.0,3561.0,252.0,84.0,84.0,84.0,615.0,615.0,615.0,641.0,641.0,641.0,1830.0,1830.0,1830.0,84.0,84.0,84.0,615.0,615.0,615.0
1.0,7128.0,1935.0,1848.0,1890.0,309.0,103.0,103.0,103.0,616.0,616.0,616.0,645.0,645.0,645.0,2376.0,2376.0,2376.0,103.0,103.0,103.0,616.0,616.0,616.0
1.0,7083.0,1893.0,1848.0,252.0,1950.0,650.0,650.0,650.0,616.0,616.0,616.0,631.0,631.0,631.0,2361.0,2361.0,2361.0,650.0,650.0,650.0,616.0,616.0,616.0
1.0,5442.0,1899.0,1848.0,309.0,3540.0,1180.0,1180.0,1180.0,616.0,616.0,616.0,633.0,633.0,633.0,1814.0,1814.0,1814.0,1180.0,1180.0,1180.0,616.0,616.0,616.0
1.0,3852.0,1926.0,1851.0,1950.0,3528.0,1176.0,1176.0,1176.0,617.0,617.0,617.0,642.0,642.0,642.0,1284.0,1284.0,1284.0,1176.0,1176.0,1176.0,617.0,617.0,617.0
1.0,3876.0,1911.0,1851.0,3540.0,1899.0,633.0,633.0,633.0,617.0,617.0,617.0,637.0,637.0,637.0,1292.0,1292.0,1292.0,633.0,633.0,633.0,617.0,617.0,617.0
1.0,5505.0,1872.0,1854.0,3528.0,255.0,85.0,85.0,85.0,618.0,618.0,618.0,624.0,624.0,624.0,1835.0,1835.0,1835.0,85.0,85.0,85.0,618.0,618.0,618.0
1.0,7161.0,1914.0,1854.0,1899.0,270.0,90.0,90.0,90.0,618.0,618.0,618.0,638.0,638.0,638.0,2387.0,2387.0,2387.0,90.0,90.0,90.0,618.0,618.0,618.0
1.0,7146.0,1842.0,1854.0,255.0,1857.0,619.0,619.0,619.0,618.0,618.0,618.0,614.0,614.0,614.0,2382.0,2382.0,2382.0,619.0,619.0,619.0,618.0,618.0,618.0
1.0,5559.0,1887.0,1854.0,270.0,3474.0,1158.0,1158.0,1158.0,618.0,618.0,618.0,629.0,629.0,629.0,1853.0,1853.0,1853.0,1158.0,1158.0,1158.0,618.0,618.0,618.0
1.0,3942.0,1836.0,1854.0,1857.0,3453.0,1151.0,1151.0,1151.0,618.0,618.0,618.0,612.0,612.0,612.0,1314.0,1314.0,1314.0,1151.0,1151.0,1151.0,618.0,618.0,618.0
1.0,3963.0,1863.0,1854.0,3474.0,1842.0,614.0,614.0,614.0,618.0,618.0,618.0,621.0,621.0,621.0,1321.0,1321.0,1321.0,614.0,614.0,614.0,618.0,618.0,618.0
1.0,5574.0,1869.0,1854.0,3453.0,258.0,86.0,86.0,86.0,618.0,618.0,618.0,623.0,623.0,623.0,1858.0,1858.0,1858.0,86.0,86.0,86.0,618.0,618.0,618.0
1.0,7158.0,1848.0,1857.0,1842.0,276.0,92.0,92.0,92.0,619.0,619.0,619.0,616.0,616.0,616.0,2386.0,2386.0,2386.0,92.0,92.0,92.0,619.0,619.0,619.0
1.0,7152.0,1917.0,1857.0,258.0,1935.0,645.0,645.0,645.0,619.0,619.0,619.0,639.0,639.0,639.0,2384.0,2384.0,2384.0,645.0,645.0,645.0,619.0,619.0,619.0
1.0,5493.0,1890.0,1857.0,276.0,3549.0,1183.0,1183.0,1183.0,619.0,619.0,619.0,630.0,630.0,630.0,1831.0,1831.0,1831.0,1183.0,1183.0,1183.0,619.0,619.0,619.0
1.0,3879.0,1926.0,1860.0,1935.0,3552.0,1184.0,1184.0,1184.0,620.0,620.0,620.0,642.0,642.0,642.0,1293.0,1293.0,1293.0,1184.0,1184.0,1184.0,620.0,620.0,620.0
1.0,3888.0,1890.0,1860.0,3549.0,1893.0,631.0,631.0,631.0,620.0,620.0,620.0,630.0,630.0,630.0,1296.0,1296.0,1296.0,631.0,631.0,631.0,620.0,620.0,620.0
1.0,5547.0,1896.0,1860.0,3552.0,237.0,79.0,79.0,79.0,620.0,620.0,620.0,632.0,632.0,632.0,1849.0,1849.0,1849.0,79.0,79.0,79.0,620.0,620.0,620.0
1.0,7203.0,1848.0,1860.0,1893.0,192.0,64.0,64.0,64.0,620.0,620.0,620.0,616.0,616.0,616.0,2401.0,2401.0,2401.0,64.0,64.0,64.0,620.0,620.0,620.0
1.0,7248.0,1875.0,1863.0,237.0,1842.0,614.0,614.0,614.0,621.0,621.0,621.0,625.0,625.0,625.0,2416.0,2416.0,2416.0,614.0,614.0,614.0,621.0,621.0,621.0
1.0,5610.0,1923.0,1866.0,192.0,3585.0,1195.0,1195.0,1195.0,622.0,622.0,622.0,641.0,641.0,641.0,1870.0,1870.0,1870.0,1195.0,1195.0,1195.0,622.0,622.0,622.0
1.0,3879.0,1860.0,1866.0,1842.0,3603.0,1201.0,1201.0,1201.0,622.0,622.0,622.0,620.0,620.0,620.0,1293.0,1293.0,1293.0,1201.0,1201.0,1201.0,622.0,622.0,622.0
1.0,3861.0,1851.0,1866.0,3585.0,1869.0,623.0,623.0,623.0,622.0,622.0,622.0,617.0,617.0,617.0,1287.0,1287.0,1287.0,623.0,623.0,623.0,622.0,622.0,622.0
1.0,5595.0,1890.0,1866.0,3603.0,156.0,52.0,52.0,52.0,622.0,622.0,622.0,630.0,630.0,630.0,1865.0,1865.0,1865.0,52.0,52.0,52.0,622.0,622.0,622.0
1.0,7308.0,1851.0,1866.0,1869.0,138.0,46.0,46.0,46.0,622.0,622.0,622.0,617.0,617.0,617.0,2436.0,2436.0,2436.0,46.0,46.0,46.0,622.0,622.0,622.0
1.0,7326.0,1869.0,1866.0,156.0,1851.0,617.0,617.0,617.0,622.0,622.0,622.0,623.0,623.0,623.0,2442.0,2442.0,2442.0,617.0,617.0,617.0,622.0,622.0,622.0
1.0,5613.0,1827.0,1866.0,138.0,3540.0,1180.0,1180.0,1180.0,622.0,622.0,622.0,609.0,609.0,609.0,1871.0,1871.0,1871.0,1180.0,1180.0,1180.0,622.0,622.0,622.0
1.0,3924.0,1884.0,1869.0,1851.0,3585.0,1195.0,1195.0,1195.0,623.0,623.0,623.0,628.0,628.0,628.0,1308.0,1308.0,1308.0,1195.0,1195.0,1195.0,623.0,623.0,623.0
1.0,3891.0,1869.0,1869.0,3540.0,1914.0,638.0,638.0,638.0,623.0,623.0,623.0,623.0,623.0,623.0,1297.0,1297.0,1297.0,638.0,638.0,638.0,623.0,623.0,623.0
1.0,5562.0,1854.0,1872.0,3585.0,195.0,65.0,65.0,65.0,624.0,624.0,624.0,618.0,618.0,618.0,1854.0,1854.0,1854.0,65.0,65.0,65.0,624.0,624.0,624.0
1.0,7293.0,1875.0,1872.0,1914.0,156.0,52.0,52.0,52.0,624.0,624.0,624.0,625.0,625.0,625.0,2431.0,2431.0,2431.0,52.0,52.0,52.0,624.0,624.0,624.0
1.0,7332.0,1887.0,1872.0,195.0,1848.0,616.0,616.0,616.0,624.0,624.0,624.0,629.0,629.0,629.0,2444.0,2444.0,2444.0,616.0,616.0,616.0,624.0,624.0,624.0
1.0,5640.0,1899.0,1875.0,156.0,3603.0,1201.0,1201.0,1201.0,625.0,625.0,625.0,633.0,633.0,633.0,1880.0,1880.0,1880.0,1201.0,1201.0,1201.0,625.0,625.0,625.0
1.0,3897.0,1872.0,1875.0,1848.0,3627.0,1209.0,1209.0,1209.0,625.0,625.0,625.0,624.0,624.0,624.0,1299.0,1299.0,1299.0,1209.0,1209.0,1209.0,625.0,625.0,625.0
1.0,3873.0,1914.0,1875.0,3603.0,1938.0,646.0,646.0,646.0,625.0,625.0,625.0,638.0,638.0,638.0,1291.0,1291.0,1291.0,646.0,646.0,646.0,625.0,625.0,625.0
1.0,5562.0,1851.0,1875.0,3627.0,162.0,54.0,54.0,54.0,625.0,625.0,625.0,617.0,617.0,617.0,1854.0,1854.0,1854.0,54.0,54.0,54.0,625.0,625.0,625.0
1.0,7338.0,1887.0,1878.0,1938.0,123.0,41.0,41.0,41.0,626.0,626.0,626.0,629.0,629.0,629.0,2446.0,2446.0,2446.0,41.0,41.0,41.0,626.0,626.0,626.0
1.0,7389.0,1881.0,1878.0,162.0,1842.0,614.0,614.0,614.0,626.0,626.0,626.0,627.0,627.0,627.0,2463.0,2463.0,2463.0,614.0,614.0,614.0,626.0,626.0,626.0
1.0,5670.0,1878.0,1878.0,123.0,3597.0,1199.0,1199.0,1199.0,626.0,626.0,626.0,626.0,626.0,626.0,1890.0,1890.0,1890.0,1199.0,1199.0,1199.0,626.0,626.0,626.0
1.0,3915.0,1893.0,1881.0,1842.0,3660.0,1220.0,1220.0,1220.0,627.0,627.0,627.0,631.0,631.0,631.0,1305.0,1305.0,1305.0,1220.0,1220.0,1220.0,627.0,627.0,627.0
1.0,3864.0,1854.0,1881.0,3597.0,1917.0,639.0,639.0,639.0,627.0,627.0,627.0,618.0,618.0,618.0,1288.0,1288.0,1288.0,639.0,639.0,639.0,627.0,627.0,627.0
1.0,5607.0,1848.0,1881.0,3660.0,105.0,35.0,35.0,35.0,627.0,627.0,627.0,616.0,616.0,616.0,1869.0,1869.0,1869.0,35.0,35.0,35.0,627.0,627.0,627.0
1.0,7419.0,1890.0,1881.0,1917.0,78.0,26.0,26.0,26.0,627.0,627.0,627.0,630.0,630.0,630.0,2473.0,2473.0,2473.0,26.0,26.0,26.0,627.0,627.0,627.0
1.0,7446.0,1905.0,1881.0,105.0,1878.0,626.0,626.0,626.0,627.0,627.0,627.0,635.0,635.0,635.0,2482.0,2482.0,2482.0,626.0,626.0,626.0,627.0,627.0,627.0
1.0,5646.0,1902.0,1881.0,78.0,3702.0,1234.0,1234.0,1234.0,627.0,627.0,627.0,634.0,634.0,634.0,1882.0,1882.0,1882.0,1234.0,1234.0,1234.0,627.0,627.0,627.0
1.0,3822.0,1881.0,1881.0,1878.0,3705.0,1235.0,1235.0,1235.0,627.0,627.0,627.0,627.0,627.0,627.0,1274.0,1274.0,1274.0,1235.0,1235.0,1235.0,627.0,627.0,627.0
1.0,3819.0,1896.0,1881.0,3702.0,1899.0,633.0,633.0,633.0,627.0,627.0,627.0,632.0,632.0,632.0,1273.0,1273.0,1273.0,633.0,633.0,633.0,627.0,627.0,627.0
1.0,5625.0,1893.0,1881.0,3705.0,87.0,29.0,29.0,29.0,627.0,627.0,627.0,631.0,631.0,631.0,1875.0,1875.0,1875.0,29.0,29.0,29.0,627.0,627.0,627.0
1.0,7437.0,1938.0,1884.0,1899.0,138.0,46.0,46.0,46.0,628.0,628.0,628.0,646.0,646.0,646.0,2479.0,2479.0,2479.0,46.0,46.0,46.0,628.0,628.0,628.0
1.0,7398.0,1896.0,1884.0,87.0,1947.0,649.0,649.0,649.0,628.0,628.0,628.0,632.0,632.0,632.0,2466.0,2466.0,2466.0,649.0,649.0,649.0,628.0,628.0,628.0
1.0,5589.0,1896.0,1884.0,138.0,3705.0,1235.0,1235.0,1235.0,628.0,628.0,628.0,632.0,632.0,632.0,1863.0,1863.0,1863.0,1235.0,1235.0,1235.0,628.0,628.0,628.0
1.0,3831.0,1923.0,1884.0,1947.0,3681.0,1227.0,1227.0,1227.0,628.0,628.0,628.0,641.0,641.0,641.0,1277.0,1277.0,1277.0,1227.0,1227.0,1227.0,628.0,628.0,628.0
1.0,3855.0,1944.0,1884.0,3705.0,1920.0,640.0,640.0,640.0,628.0,628.0,628.0,648.0,648.0,648.0,1285.0,1285.0,1285.0,640.0,640.0,640.0,628.0,628.0,628.0
1.0,5616.0,1914.0,1884.0,3681.0,153.0,51.0,51.0,51.0,628.0,628.0,628.0,638.0,638.0,638.0,1872.0,1872.0,1872.0,51.0,51.0,51.0,628.0,628.0,628.0
1.0,7383.0,1875.0,1884.0,1920.0,108.0,36.0,36.0,36.0,628.0,628.0,628.0,625.0,625.0,625.0,2461.0,2461.0,2461.0,36.0,36.0,36.0,628.0,628.0,628.0
1.0,7428.0,1935.0,1884.0,153.0,1890.0,630.0,630.0,630.0,628.0,628.0,628.0,645.0,645.0,645.0,2476.0,2476.0,2476.0,630.0,630.0,630.0,628.0,628.0,628.0
1.0,5646.0,1926.0,1884.0,108.0,3708.0,1236.0,1236.0,1236.0,628.0,628.0,628.0,642.0,642.0,642.0,1882.0,1882.0,1882.0,1236.0,1236.0,1236.0,628.0,628.0,628.0
1.0,3828.0,1962.0,1887.0,1890.0,3792.0,1264.0,1264.0,1264.0,629.0,629.0,629.0,654.0,654.0,654.0,1276.0,1276.0,1276.0,1264.0,1264.0,1264.0,629.0,629.0,629.0
1.0,3756.0,1848.0,1884.0,3708.0,1920.0,640.0,640.0,640.0,628.0,628.0,628.0,616.0,616.0,616.0,1252.0,1252.0,1252.0,640.0,640.0,640.0,628.0,628.0,628.0
1.0,5616.0,1881.0,1887.0,3792.0,21.0,7.0,7.0,7.0,629.0,629.0,629.0,627.0,627.0,627.0,1872.0,1872.0,1872.0,7.0,7.0,7.0,629.0,629.0,629.0
1.0,7527.0,1917.0,1887.0,1920.0,18.0,6.0,6.0,6.0,629.0,629.0,629.0,639.0,639.0,639.0,2509.0,2509.0,2509.0,6.0,6.0,6.0,629.0,629.0,629.0
1.0,7530.0,1959.0,1890.0,21.0,1968.0,656.0,656.0,656.0,630.0,630.0,630.0,653.0,653.0,653.0,2510.0,2510.0,2510.0,656.0,656.0,656.0,630.0,630.0,630.0
1.0,5592.0,1911.0,1890.0,18.0,3861.0,1287.0,1287.0,1287.0,630.0,630.0,630.0,637.0,637.0,637.0,1864.0,1864.0,1864.0,1287.0,1287.0,1287.0,630.0,630.0,630.0
1.0,3699.0,1893.0,1890.0,1968.0,3786.0,1262.0,1262.0,1262.0,630.0,630.0,630.0,631.0,631.0,631.0,1233.0,1233.0,1233.0,1262.0,1262.0,1262.0,630.0,630.0,630.0
1.0,3774.0,1926.0,1893.0,3861.0,1863.0,621.0,621.0,621.0,631.0,631.0,631.0,642.0,642.0,642.0,1258.0,1258.0,1258.0,621.0,621.0,621.0,631.0,631.0,631.0
1.0,5709.0,1926.0,1893.0,3786.0,3.0,1.0,1.0,1.0,631.0,631.0,631.0,642.0,642.0,642.0,1903.0,1903.0,1903.0,1.0,1.0,1.0,631.0,631.0,631.0
1.0,7569.0,1920.0,1893.0,1863.0,60.0,20.0,20.0,20.0,631.0,631.0,631.0,640.0,640.0,640.0,2523.0,2523.0,2523.0,20.0,20.0,20.0,631.0,631.0,631.0
1.0,7512.0,1887.0,1893.0,3.0,1944.0,648.0,648.0,648.0,631.0,631.0,631.0,629.0,629.0,629.0,2504.0,2504.0,2504.0,648.0,648.0,648.0,631.0,631.0,631.0
1.0,5628.0,1878.0,1890.0,60.0,3750.0,1250.0,1250.0,1250.0,630.0,630.0,630.0,626.0,626.0,626.0,1876.0,1876.0,1876.0,1250.0,1250.0,1250.0,630.0,630.0,630.0
1.0,3810.0,1866.0,1890.0,1944.0,3672.0,1224.0,1224.0,1224.0,630.0,630.0,630.0,622.0,622.0,622.0,1270.0,1270.0,1270.0,1224.0,1224.0,1224.0,630.0,630.0,630.0
1.0,3888.0,1908.0,1893.0,3750.0,1842.0,614.0,614.0,614.0,631.0,631.0,631.0,636.0,636.0,636.0,1296.0,1296.0,1296.0,614.0,614.0,614.0,631.0,631.0,631.0
1.0,5730.0,1935.0,1893.0,3672.0,105.0,35.0,35.0,35.0,631.0,631.0,631.0,645.0,645.0,645.0,1910.0,1910.0,1910.0,35.0,35.0,35.0,631.0,631.0,631.0
1.0,7467.0,1890.0,1893.0,1842.0,153.0,51.0,51.0,51.0,631.0,631.0,631.0,630.0,630.0,630.0,2489.0,2489.0,2489.0,51.0,51.0,51.0,631.0,631.0,631.0
1.0,7419.0,1911.0,1893.0,105.0,1959.0,653.0,653.0,653.0,631.0,631.0,631.0,637.0,637.0,637.0,2473.0,2473.0,2473.0,653.0,653.0,653.0,631.0,631.0,631.0
1.0,5613.0,1905.0,1896.0,153.0,3723.0,1241.0,1241.0,1241.0,632.0,632.0,632.0,635.0,635.0,635.0,1871.0,1871.0,1871.0,1241.0,1241.0,1241.0,632.0,632.0,632.0
1.0,3861.0,1971.0,1896.0,1959.0,3735.0,1245.0,1245.0,1245.0,632.0,632.0,632.0,657.0,657.0,657.0,1287.0,1287.0,1287.0,1245.0,1245.0,1245.0,632.0,632.0,632.0
1.0,3849.0,1887.0,1896.0,3723.0,1899.0,633.0,633.0,633.0,632.0,632.0,632.0,629.0,629.0,629.0,1283.0,1283.0,1283.0,633.0,633.0,633.0,632.0,632.0,632.0
1.0,5685.0,1932.0,1899.0,3735.0,108.0,36.0,36.0,36.0,633.0,633.0,633.0,644.0,644.0,644.0,1895.0,1895.0,1895.0,36.0,36.0,36.0,633.0,633.0,633.0
1.0,7488.0,1836.0,1899.0,1899.0,45.0,15.0,15.0,15.0,633.0,633.0,633.0,612.0,612.0,612.0,2496.0,2496.0,2496.0,15.0,15.0,15.0,633.0,633.0,633.0
1.0,7551.0,1920.0,1899.0,108.0,1857.0,619.0,619.0,619.0,633.0,633.0,633.0,640.0,640.0,640.0,2517.0,2517.0,2517.0,619.0,619.0,619.0,633.0,633.0,633.0
1.0,5739.0,1872.0,1899.0,45.0,3684.0,1228.0,1228.0,1228.0,633.0,633.0,633.0,624.0,624.0,624.0,1913.0,1913.0,1913.0,1228.0,1228.0,1228.0,633.0,633.0,633.0
1.0,3912.0,1929.0,1899.0,1857.0,3756.0,1252.0,1252.0,1252.0,633.0,633.0,633.0,643.0,643.0,643.0,1304.0,1304.0,1304.0,1252.0,1252.0,1252.0,633.0,633.0,633.0
1.0,3840.0,1893.0,1902.0,3684.0,1977.0,659.0,659.0,659.0,634.0,634.0,634.0,631.0,631.0,631.0,1280.0,1280.0,1280.0,659.0,659.0,659.0,634.0,634.0,634.0
1.0,5631.0,1944.0,1902.0,3756.0,165.0,55.0,55.0,55.0,634.0,634.0,634.0,648.0,648.0,648.0,1877.0,1877.0,1877.0,55.0,55.0,55.0,634.0,634.0,634.0
1.0,7443.0,1926.0,1902.0,1977.0,114.0,38.0,38.0,38.0,634.0,634.0,634.0,642.0,642.0,642.0,2481.0,2481.0,2481.0,38.0,38.0,38.0,634.0,634.0,634.0
1.0,7494.0,1947.0,1905.0,165.0,1908.0,636.0,636.0,636.0,635.0,635.0,635.0,649.0,649.0,649.0,2498.0,2498.0,2498.0,636.0,636.0,636.0,635.0,635.0,635.0
1.0,5712.0,1842.0,1902.0,114.0,3624.0,1208.0,1208.0,1208.0,634.0,634.0,634.0,614.0,614.0,614.0,1904.0,1904.0,1904.0,1208.0,1208.0,1208.0,634.0,634.0,634.0
1.0,3984.0,1896.0,1902.0,1908.0,3612.0,1204.0,1204.0,1204.0,634.0,634.0,634.0,632.0,632.0,632.0,1328.0,1328.0,1328.0,1204.0,1204.0,1204.0,634.0,634.0,634.0
1.0,3996.0,1947.0,1905.0,3624.0,1947.0,649.0,649.0,649.0,635.0,635.0,635.0,649.0,649.0,649.0,1332.0,1332.0,1332.0,649.0,649.0,649.0,635.0,635.0,635.0
1.0,5673.0,1884.0,1905.0,3612.0,219.0,73.0,73.0,73.0,635.0,635.0,635.0,628.0,628.0,628.0,1891.0,1891.0,1891.0,73.0,73.0,73.0,635.0,635.0,635.0
1.0,7401.0,1938.0,1905.0,1947.0,210.0,70.0,70.0,70.0,635.0,635.0,635.0,646.0,646.0,646.0,2467.0,2467.0,2467.0,70.0,70.0,70.0,635.0,635.0,635.0
1.0,7410.0,1899.0,1905.0,219.0,1890.0,630.0,630.0,630.0,635.0,635.0,635.0,633.0,633.0,633.0,2470.0,2470.0,2470.0,630.0,630.0,630.0,635.0,635.0,635.0
1.0,5730.0,1884.0,1905.0,210.0,3564.0,1188.0,1188.0,1188.0,635.0,635.0,635.0,628.0,628.0,628.0,1910.0,1910.0,1910.0,1188.0,1188.0,1188.0,635.0,635.0,635.0
1.0,4056.0,1881.0,1908.0,1890.0,3567.0,1189.0,1189.0,1189.0,636.0,636.0,636.0,627.0,627.0,627.0,1352.0,1352.0,1352.0,1189.0,1189.0,1189.0,636.0,636.0,636.0
1.0,4065.0,1920.0,1908.0,3564.0,1923.0,641.0,641.0,641.0,636.0,636.0,636.0,640.0,640.0,640.0,1355.0,1355.0,1355.0,641.0,641.0,641.0,636.0,636.0,636.0
1.0,5709.0,1926.0,1908.0,3567.0,282.0,94.0,94.0,94.0,636.0,636.0,636.0,642.0,642.0,642.0,1903.0,1903.0,1903.0,94.0,94.0,94.0,636.0,636.0,636.0
1.0,7350.0,1953.0,1908.0,1923.0,312.0,104.0,104.0,104.0,636.0,636.0,636.0,651.0,651.0,651.0,2450.0,2450.0,2450.0,104.0,104.0,104.0,636.0,636.0,636.0
1.0,7320.0,1932.0,1911.0,282.0,1974.0,658.0,658.0,658.0,637.0,637.0,637.0,644.0,644.0,644.0,2440.0,2440.0,2440.0,658.0,658.0,658.0,637.0,637.0,637.0
1.0,5670.0,1944.0,1911.0,312.0,3606.0,1202.0,1202.0,1202.0,637.0,637.0,637.0,648.0,648.0,648.0,1890.0,1890.0,1890.0,1202.0,1202.0,1202.0,637.0,637.0,637.0
1.0,4038.0,1887.0,1911.0,1974.0,3519.0,1173.0,1173.0,1173.0,637.0,637.0,637.0,629.0,629.0,629.0,1346.0,1346.0,1346.0,1173.0,1173.0,1173.0,637.0,637.0,637.0
1.0,4125.0,1902.0,1911.0,3606.0,1815.0,605.0,605.0,605.0,637.0,637.0,637.0,634.0,634.0,634.0,1375.0,1375.0,1375.0,605.0,605.0,605.0,637.0,637.0,637.0
1.0,5829.0,1968.0,1911.0,3519.0,264.0,88.0,88.0,88.0,637.0,637.0,637.0,656.0,656.0,656.0,1943.0,1943.0,1943.0,88.0,88.0,88.0,637.0,637.0,637.0
1.0,7380.0,1893.0,1911.0,1815.0,342.0,114.0,114.0,114.0,637.0,637.0,637.0,631.0,631.0,631.0,2460.0,2460.0,2460.0,114.0,114.0,114.0,637.0,637.0,637.0
1.0,7302.0,1899.0,1911.0,264.0,1977.0,659.0,659.0,659.0,637.0,637.0,637.0,633.0,633.0,633.0,2434.0,2434.0,2434.0,659.0,659.0,659.0,637.0,637.0,637.0
1.0,5667.0,1947.0,1911.0,342.0,3582.0,1194.0,1194.0,1194.0,637.0,637.0,637.0,649.0,649.0,649.0,1889.0,1889.0,1889.0,1194.0,1194.0,1194.0,637.0,637.0,637.0
1.0,4062.0,1965.0,1911.0,1977.0,3570.0,1190.0,1190.0,1190.0,637.0,637.0,637.0,655.0,655.0,655.0,1354.0,1354.0,1354.0,1190.0,1190.0,1190.0,637.0,637.0,637.0
1.0,4074.0,1923.0,1914.0,3582.0,1923.0,641.0,641.0,641.0,638.0,638.0,638.0,641.0,641.0,641.0,1358.0,1358.0,1358.0,641.0,641.0,641.0,638.0,638.0,638.0
1.0,5733.0,1908.0,1911.0,3570.0,249.0,83.0,83.0,83.0,637.0,637.0,637.0,636.0,636.0,636.0,1911.0,1911.0,1911.0,83.0,83.0,83.0,637.0,637.0,637.0
1.0,7395.0,1950.0,1914.0,1923.0,288.0,96.0,96.0,96.0,638.0,638.0,638.0,650.0,650.0,650.0,2465.0,2465.0,2465.0,96.0,96.0,96.0,638.0,638.0,638.0
1.0,7368.0,1926.0,1911.0,249.0,1953.0,651.0,651.0,651.0,637.0,637.0,637.0,642.0,642.0,642.0,2456.0,2456.0,2456.0,651.0,651.0,651.0,637.0,637.0,637.0
1.0,5691.0,1884.0,1914.0,288.0,3561.0,1187.0,1187.0,1187.0,638.0,638.0,638.0,628.0,628.0,628.0,1897.0,1897.0,1897.0,1187.0,1187.0,1187.0,638.0,638.0,638.0
1.0,4095.0,1935.0,1914.0,1953.0,3543.0,1181.0,1181.0,1181.0,638.0,638.0,638.0,645.0,645.0,645.0,1365.0,1365.0,1365.0,1181.0,1181.0,1181.0,638.0,638.0,638.0
1.0,4113.0,1911.0,1914.0,3561.0,1893.0,631.0,631.0,631.0,638.0,638.0,638.0,637.0,637.0,637.0,1371.0,1371.0,1371.0,631.0,631.0,631.0,638.0,638.0,638.0
1.0,5763.0,1983.0,1914.0,3543.0,333.0,111.0,111.0,111.0,638.0,638.0,638.0,661.0,661.0,661.0,1921.0,1921.0,1921.0,111.0,111.0,111.0,638.0,638.0,638.0
1.0,7323.0,1953.0,1914.0,1893.0,393.0,131.0,131.0,131.0,638.0,638.0,638.0,651.0,651.0,651.0,2441.0,2441.0,2441.0,131.0,131.0,131.0,638.0,638.0,638.0
1.0,7263.0,1905.0,1914.0,333.0,1965.0,655.0,655.0,655.0,638.0,638.0,638.0,635.0,635.0,635.0,2421.0,2421.0,2421.0,655.0,655.0,655.0,638.0,638.0,638.0
1.0,5691.0,1953.0,1917.0,393.0,3537.0,1179.0,1179.0,1179.0,639.0,639.0,639.0,651.0,651.0,651.0,1897.0,1897.0,1897.0,1179.0,1179.0,1179.0,639.0,639.0,639.0
1.0,4131.0,1908.0,1914.0,1965.0,3468.0,1156.0,1156.0,1156.0,638.0,638.0,638.0,636.0,636.0,636.0,1377.0,1377.0,1377.0,1156.0,1156.0,1156.0,638.0,638.0,638.0
1.0,4188.0,1875.0,1914.0,3537.0,1806.0,602.0,602.0,602.0,638.0,638.0,638.0,625.0,625.0,625.0,1396.0,1396.0,1396.0,602.0,602.0,602.0,638.0,638.0,638.0
1.0,5850.0,1923.0,1914.0,3468.0,261.0,87.0,87.0,87.0,638.0,638.0,638.0,641.0,641.0,641.0,1950.0,1950.0,1950.0,87.0,87.0,87.0,638.0,638.0,638.0
1.0,7395.0,1938.0,1917.0,1806.0,405.0,135.0,135.0,135.0,639.0,639.0,639.0,646.0,646.0,646.0,2465.0,2465.0,2465.0,135.0,135.0,135.0,639.0,639.0,639.0
1.0,7263.0,1938.0,1917.0,261.0,2082.0,694.0,694.0,694.0,639.0,639.0,639.0,646.0,646.0,646.0,2421.0,2421.0,2421.0,694.0,694.0,694.0,639.0,639.0,639.0
1.0,5586.0,1959.0,1920.0,405.0,3648.0,1216.0,1216.0,1216.0,640.0,640.0,640.0,653.0,653.0,653.0,1862.0,1862.0,1862.0,1216.0,1216.0,1216.0,640.0,640.0,640.0
1.0,4032.0,1926.0,1920.0,2082.0,3492.0,1164.0,1164.0,1164.0,640.0,640.0,640.0,642.0,642.0,642.0,1344.0,1344.0,1344.0,1164.0,1164.0,1164.0,640.0,640.0,640.0
1.0,4188.0,1926.0,1920.0,3648.0,1770.0,590.0,590.0,590.0,640.0,640.0,640.0,642.0,642.0,642.0,1396.0,1396.0,1396.0,590.0,590.0,590.0,640.0,640.0,640.0
1.0,5910.0,1968.0,1920.0,3492.0,246.0,82.0,82.0,82.0,640.0,640.0,640.0,656.0,656.0,656.0,1970.0,1970.0,1970.0,82.0,82.0,82.0,640.0,640.0,640.0
1.0,7434.0,1935.0,1920.0,1770.0,411.0,137.0,137.0,137.0,640.0,640.0,640.0,645.0,645.0,645.0,2478.0,2478.0,2478.0,137.0,137.0,137.0,640.0,640.0,640.0
1.0,7269.0,1938.0,1920.0,246.0,2103.0,701.0,701.0,701.0,640.0,640.0,640.0,646.0,646.0,646.0,2423.0,2423.0,2423.0,701.0,701.0,701.0,640.0,640.0,640.0
1.0,5577.0,1938.0,1920.0,411.0,3630.0,1210.0,1210.0,1210.0,640.0,640.0,640.0,646.0,646.0,646.0,1859.0,1859.0,1859.0,1210.0,1210.0,1210.0,640.0,640.0,640.0
1.0,4050.0,1881.0,1920.0,2103.0,3408.0,1136.0,1136.0,1136.0,640.0,640.0,640.0,627.0,627.0,627.0,1350.0,1350.0,1350.0,1136.0,1136.0,1136.0,640.0,640.0,640.0
1.0,4272.0,1944.0,1923.0,3630.0,1734.0,578.0,578.0,578.0,641.0,641.0,641.0,648.0,648.0,648.0,1424.0,1424.0,1424.0,578.0,578.0,578.0,641.0,641.0,641.0
1.0,5958.0,1971.0,1923.0,3408.0,297.0,99.0,99.0,99.0,641.0,641.0,641.0,657.0,657.0,657.0,1986.0,1986.0,1986.0,99.0,99.0,99.0,641.0,641.0,641.0
1.0,7395.0,1974.0,1926.0,1734.0,549.0,183.0,183.0,183.0,642.0,642.0,642.0,658.0,658.0,658.0,2465.0,2465.0,2465.0,183.0,183.0,183.0,642.0,642.0,642.0
1.0,7155.0,1896.0,1926.0,297.0,2148.0,716.0,716.0,716.0,642.0,642.0,642.0,632.0,632.0,632.0,2385.0,2385.0,2385.0,716.0,716.0,716.0,642.0,642.0,642.0
1.0,5556.0,1929.0,1926.0,549.0,3528.0,1176.0,1176.0,1176.0,642.0,642.0,642.0,643.0,643.0,643.0,1852.0,1852.0,1852.0,1176.0,1176.0,1176.0,642.0,642.0,642.0
1.0,4176.0,1908.0,1926.0,2148.0,3288.0,1096.0,1096.0,1096.0,642.0,642.0,642.0,636.0,636.0,636.0,1392.0,1392.0,1392.0,1096.0,1096.0,1096.0,642.0,642.0,642.0
1.0,4416.0,1968.0,1926.0,3528.0,1728.0,576.0,576.0,576.0,642.0,642.0,642.0,656.0,656.0,656.0,1472.0,1472.0,1472.0,576.0,576.0,576.0,642.0,642.0,642.0
1.0,5976.0,1893.0,1926.0,3288.0,333.0,111.0,111.0,111.0,642.0,642.0,642.0,631.0,631.0,631.0,1992.0,1992.0,1992.0,111.0,111.0,111.0,642.0,642.0,642.0
1.0,7371.0,1914.0,1926.0,1728.0,519.0,173.0,173.0,173.0,642.0,642.0,642.0,638.0,638.0,638.0,2457.0,2457.0,2457.0,173.0,173.0,173.0,642.0,642.0,642.0
1.0,7185.0,1965.0,1926.0,333.0,2151.0,717.0,717.0,717.0,642.0,642.0,642.0,655.0,655.0,655.0,2395.0,2395.0,2395.0,717.0,717.0,717.0,642.0,642.0,642.0
1.0,5553.0,2004.0,1929.0,519.0,3648.0,1216.0,1216.0,1216.0,643.0,643.0,643.0,668.0,668.0,668.0,1851.0,1851.0,1851.0,1216.0,1216.0,1216.0,643.0,643.0,643.0
1.0,4068.0,1980.0,1929.0,2151.0,3477.0,1159.0,1159.0,1159.0,643.0,643.0,643.0,660.0,660.0,660.0,1356.0,1356.0,1356.0,1159.0,1159.0,1159.0,643.0,643.0,643.0
1.0,4239.0,1983.0,1932.0,3648.0,1824.0,608.0,608.0,608.0,644.0,644.0,644.0,661.0,661.0,661.0,1413.0,1413.0,1413.0,608.0,608.0,608.0,644.0,644.0,644.0
1.0,5904.0,1947.0,1932.0,3477.0,294.0,98.0,98.0,98.0,644.0,644.0,644.0,649.0,649.0,649.0,1968.0,1968.0,1968.0,98.0,98.0,98.0,644.0,644.0,644.0
1.0,7434.0,1926.0,1932.0,1824.0,396.0,132.0,132.0,132.0,644.0,644.0,644.0,642.0,642.0,642.0,2478.0,2478.0,2478.0,132.0,132.0,132.0,644.0,644.0,644.0
1.0,7332.0,1989.0,1935.0,294.0,2103.0,701.0,701.0,701.0,645.0,645.0,645.0,663.0,663.0,663.0,2444.0,2444.0,2444.0,701.0,701.0,701.0,645.0,645.0,645.0
1.0,5637.0,1956.0,1935.0,396.0,3663.0,1221.0,1221.0,1221.0,645.0,645.0,645.0,652.0,652.0,652.0,1879.0,1879.0,1879.0,1221.0,1221.0,1221.0,645.0,645.0,645.0
1.0,4077.0,2040.0,1938.0,2103.0,3612.0,1204.0,1204.0,1204.0,646.0,646.0,646.0,680.0,680.0,680.0,1359.0,1359.0,1359.0,1204.0,1204.0,1204.0,646.0,646.0,646.0
1.0,4140.0,1992.0,1938.0,3663.0,1941.0,647.0,647.0,647.0,646.0,646.0,646.0,664.0,664.0,664.0,1380.0,1380.0,1380.0,647.0,647.0,647.0,646.0,646.0,646.0
1.0,5811.0,1965.0,1938.0,3612.0,294.0,98.0,98.0,98.0,646.0,646.0,646.0,655.0,655.0,655.0,1937.0,1937.0,1937.0,98.0,98.0,98.0,646.0,646.0,646.0
1.0,7458.0,1941.0,1938.0,1941.0,294.0,98.0,98.0,98.0,646.0,646.0,646.0,647.0,647.0,647.0,2486.0,2486.0,2486.0,98.0,98.0,98.0,646.0,646.0,646.0
1.0,7458.0,1968.0,1941.0,294.0,1980.0,660.0,660.0,660.0,647.0,647.0,647.0,656.0,656.0,656.0,2486.0,2486.0,2486.0,660.0,660.0,660.0,647.0,647.0,647.0
1.0,5784.0,1941.0,1941.0,294.0,3627.0,1209.0,1209.0,1209.0,647.0,647.0,647.0,647.0,647.0,647.0,1928.0,1928.0,1928.0,1209.0,1209.0,1209.0,647.0,647.0,647.0
1.0,4137.0,1986.0,1941.0,1980.0,3633.0,1211.0,1211.0,1211.0,647.0,647.0,647.0,662.0,662.0,662.0,1379.0,1379.0,1379.0,1211.0,1211.0,1211.0,647.0,647.0,647.0
1.0,4131.0,1956.0,1944.0,3627.0,1974.0,658.0,658.0,658.0,648.0,648.0,648.0,652.0,652.0,652.0,1377.0,1377.0,1377.0,658.0,658.0,658.0,648.0,648.0,648.0
1.0,5802.0,1965.0,1944.0,3633.0,306.0,102.0,102.0,102.0,648.0,648.0,648.0,655.0,655.0,655.0,1934.0,1934.0,1934.0,102.0,102.0,102.0,648.0,648.0,648.0
1.0,7470.0,1971.0,1944.0,1974.0,303.0,101.0,101.0,101.0,648.0,648.0,648.0,657.0,657.0,657.0,2490.0,2490.0,2490.0,101.0,101.0,101.0,648.0,648.0,648.0
1.0,7473.0,1980.0,1944.0,306.0,1977.0,659.0,659.0,659.0,648.0,648.0,648.0,660.0,660.0,660.0,2491.0,2491.0,2491.0,659.0,659.0,659.0,648.0,648.0,648.0
1.0,5799.0,1980.0,1947.0,303.0,3666.0,1222.0,1222.0,1222.0,649.0,649.0,649.0,660.0,660.0,660.0,1933.0,1933.0,1933.0,1222.0,1222.0,1222.0,649.0,649.0,649.0
1.0,4122.0,1971.0,1947.0,1977.0,3660.0,1220.0,1220.0,1220.0,649.0,649.0,649.0,657.0,657.0,657.0,1374.0,1374.0,1374.0,1220.0,1220.0,1220.0,649.0,649.0,649.0
1.0,4128.0,1998.0,1947.0,3666.0,1992.0,664.0,664.0,664.0,649.0,649.0,649.0,666.0,666.0,666.0,1376.0,1376.0,1376.0,664.0,664.0,664.0,649.0,649.0,649.0
1.0,5796.0,1977.0,1950.0,3660.0,321.0,107.0,107.0,107.0,650.0,650.0,650.0,659.0,659.0,659.0,1932.0,1932.0,1932.0,107.0,107.0,107.0,650.0,650.0,650.0
1.0,7479.0,1992.0,1950.0,1992.0,321.0,107.0,107.0,107.0,650.0,650.0,650.0,664.0,664.0,664.0,2493.0,2493.0,2493.0,107.0,107.0,107.0,650.0,650.0,650.0
1.0,7479.0,1908.0,1950.0,321.0,1908.0,636.0,636.0,636.0,650.0,650.0,650.0,636.0,636.0,636.0,2493.0,2493.0,2493.0,636.0,636.0,636.0,650.0,650.0,650.0
1.0,5892.0,1968.0,1953.0,321.0,3567.0,1189.0,1189.0,1189.0,651.0,651.0,651.0,656.0,656.0,656.0,1964.0,1964.0,1964.0,1189.0,1189.0,1189.0,651.0,651.0,651.0
1.0,4245.0,1938.0,1950.0,1908.0,3585.0,1195.0,1195.0,1195.0,650.0,650.0,650.0,646.0,646.0,646.0,1415.0,1415.0,1415.0,1195.0,1195.0,1195.0,650.0,650.0,650.0
1.0,4215.0,1968.0,1950.0,3567.0,1986.0,662.0,662.0,662.0,650.0,650.0,650.0,656.0,656.0,656.0,1405.0,1405.0,1405.0,662.0,662.0,662.0,650.0,650.0,650.0
1.0,5814.0,1965.0,1953.0,3585.0,378.0,126.0,126.0,126.0,651.0,651.0,651.0,655.0,655.0,655.0,1938.0,1938.0,1938.0,126.0,126.0,126.0,651.0,651.0,651.0
1.0,7434.0,2004.0,1953.0,1986.0,396.0,132.0,132.0,132.0,651.0,651.0,651.0,668.0,668.0,668.0,2478.0,2478.0,2478.0,132.0,132.0,132.0,651.0,651.0,651.0
1.0,7416.0,1914.0,1953.0,378.0,1932.0,644.0,644.0,644.0,651.0,651.0,651.0,638.0,638.0,638.0,2472.0,2472.0,2472.0,644.0,644.0,644.0,651.0,651.0,651.0
1.0,5880.0,1953.0,1956.0,396.0,3501.0,1167.0,1167.0,1167.0,652.0,652.0,652.0,651.0,651.0,651.0,1960.0,1960.0,1960.0,1167.0,1167.0,1167.0,652.0,652.0,652.0
1.0,4323.0,1944.0,1956.0,1932.0,3513.0,1171.0,1171.0,1171.0,652.0,652.0,652.0,648.0,648.0,648.0,1441.0,1441.0,1441.0,1171.0,1171.0,1171.0,652.0,652.0,652.0
1.0,4311.0,1908.0,1956.0,3501.0,1920.0,640.0,640.0,640.0,652.0,652.0,652.0,636.0,636.0,636.0,1437.0,1437.0,1437.0,640.0,640.0,640.0,652.0,652.0,652.0
1.0,5904.0,1956.0,1956.0,3513.0,363.0,121.0,121.0,121.0,652.0,652.0,652.0,652.0,652.0,652.0,1968.0,1968.0,1968.0,121.0,121.0,121.0,652.0,652.0,652.0
1.0,7461.0,1947.0,1956.0,1920.0,390.0,130.0,130.0,130.0,652.0,652.0,652.0,649.0,649.0,649.0,2487.0,2487.0,2487.0,130.0,130.0,130.0,652.0,652.0,652.0
1.0,7434.0,1950.0,1956.0,363.0,1977.0,659.0,659.0,659.0,652.0,652.0,652.0,650.0,650.0,650.0,2478.0,2478.0,2478.0,659.0,659.0,659.0,652.0,652.0,652.0
1.0,5847.0,1923.0,1956.0,390.0,3510.0,1170.0,1170.0,1170.0,652.0,652.0,652.0,641.0,641.0,641.0,1949.0,1949.0,1949.0,1170.0,1170.0,1170.0,652.0,652.0,652.0
1.0,4314.0,1956.0,1956.0,1977.0,3489.0,1163.0,1163.0,1163.0,652.0,652.0,652.0,652.0,652.0,652.0,1438.0,1438.0,1438.0,1163.0,1163.0,1163.0,652.0,652.0,652.0
1.0,4335.0,1965.0,1956.0,3510.0,1944.0,648.0,648.0,648.0,652.0,652.0,652.0,655.0,655.0,655.0,1445.0,1445.0,1445.0,648.0,648.0,648.0,652.0,652.0,652.0
1.0,5880.0,1947.0,1956.0,3489.0,402.0,134.0,134.0,134.0,652.0,652.0,652.0,649.0,649.0,649.0,1960.0,1960.0,1960.0,134.0,134.0,134.0,652.0,652.0,652.0
1.0,7422.0,1926.0,1956.0,1944.0,384.0,128.0,128.0,128.0,652.0,652.0,652.0,642.0,642.0,642.0,2474.0,2474.0,2474.0,128.0,128.0,128.0,652.0,652.0,652.0
1.0,7440.0,1920.0,1956.0,402.0,1902.0,634.0,634.0,634.0,652.0,652.0,652.0,640.0,640.0,640.0,2480.0,2480.0,2480.0,634.0,634.0,634.0,652.0,652.0,652.0
1.0,5922.0,1899.0,1956.0,384.0,3417.0,1139.0,1139.0,1139.0,652.0,652.0,652.0,633.0,633.0,633.0,1974.0,1974.0,1974.0,1139.0,1139.0,1139.0,652.0,652.0,652.0
1.0,4407.0,1989.0,1956.0,1902.0,3504.0,1168.0,1168.0,1168.0,652.0,652.0,652.0,663.0,663.0,663.0,1469.0,1469.0,1469.0,1168.0,1168.0,1168.0,652.0,652.0,652.0
1.0,4320.0,1938.0,1956.0,3417.0,2025.0,675.0,675.0,675.0,652.0,652.0,652.0,646.0,646.0,646.0,1440.0,1440.0,1440.0,675.0,675.0,675.0,652.0,652.0,652.0
1.0,5799.0,1959.0,1956.0,3504.0,480.0,160.0,160.0,160.0,652.0,652.0,652.0,653.0,653.0,653.0,1933.0,1933.0,1933.0,160.0,160.0,160.0,652.0,652.0,652.0
1.0,7344.0,1956.0,1956.0,2025.0,411.0,137.0,137.0,137.0,652.0,652.0,652.0,652.0,652.0,652.0,2448.0,2448.0,2448.0,137.0,137.0,137.0,652.0,652.0,652.0
1.0,7413.0,1986.0,1959.0,480.0,1929.0,643.0,643.0,643.0,653.0,653.0,653.0,662.0,662.0,662.0,2471.0,2471.0,2471.0,643.0,643.0,643.0,653.0,653.0,653.0
1.0,5907.0,1962.0,1959.0,411.0,3480.0,1160.0,1160.0,1160.0,653.0,653.0,653.0,654.0,654.0,654.0,1969.0,1969.0,1969.0,1160.0,1160.0,1160.0,653.0,653.0,653.0
1.0,4356.0,1971.0,1959.0,1929.0,3522.0,1174.0,1174.0,1174.0,653.0,653.0,653.0,657.0,657.0,657.0,1452.0,1452.0,1452.0,1174.0,1174.0,1174.0,653.0,653.0,653.0
1.0,4314.0,1971.0,1962.0,3480.0,2025.0,675.0,675.0,675.0,654.0,654.0,654.0,657.0,657.0,657.0,1438.0,1438.0,1438.0,675.0,675.0,675.0,654.0,654.0,654.0
1.0,5823.0,1968.0,1962.0,3522.0,471.0,157.0,157.0,157.0,654.0,654.0,654.0,656.0,656.0,656.0,1941.0,1941.0,1941.0,157.0,157.0,157.0,654.0,654.0,654.0
1.0,7377.0,2001.0,1962.0,2025.0,447.0,149.0,149.0,149.0,654.0,654.0,654.0,667.0,667.0,667.0,2459.0,2459.0,2459.0,149.0,149.0,149.0,654.0,654.0,654.0
1.0,7401.0,1980.0,1962.0,471.0,1956.0,652.0,652.0,652.0,654.0,654.0,654.0,660.0,660.0,660.0,2467.0,2467.0,2467.0,652.0,652.0,652.0,654.0,654.0,654.0
1.0,5892.0,1965.0,1962.0,447.0,3474.0,1158.0,1158.0,1158.0,654.0,654.0,654.0,655.0,655.0,655.0,1964.0,1964.0,1964.0,1158.0,1158.0,1158.0,654.0,654.0,654.0
1.0,4374.0,2004.0,1962.0,1956.0,3522.0,1174.0,1174.0,1174.0,654.0,654.0,654.0,668.0,668.0,668.0,1458.0,1458.0,1458.0,1174.0,1174.0,1174.0,654.0,654.0,654.0
1.0,4326.0,1998.0,1962.0,3474.0,2046.0,682.0,682.0,682.0,654.0,654.0,654.0,666.0,666.0,666.0,1442.0,1442.0,1442.0,682.0,682.0,682.0,654.0,654.0,654.0
1.0,5802.0,1938.0,1962.0,3522.0,462.0,154.0,154.0,154.0,654.0,654.0,654.0,646.0,646.0,646.0,1934.0,1934.0,1934.0,154.0,154.0,154.0,654.0,654.0,654.0
1.0,7386.0,1992.0,1962.0,2046.0,408.0,136.0,136.0,136.0,654.0,654.0,654.0,664.0,664.0,664.0,2462.0,2462.0,2462.0,136.0,136.0,136.0,654.0,654.0,654.0
1.0,7440.0,1953.0,1962.0,462.0,1899.0,633.0,633.0,633.0,654.0,654.0,654.0,651.0,651.0,651.0,2480.0,2480.0,2480.0,633.0,633.0,633.0,654.0,654.0,654.0
1.0,5949.0,1968.0,1962.0,408.0,3459.0,1153.0,1153.0,1153.0,654.0,654.0,654.0,656.0,656.0,656.0,1983.0,1983.0,1983.0,1153.0,1153.0,1153.0,654.0,654.0,654.0
1.0,4389.0,1980.0,1962.0,1899.0,3540.0,1180.0,1180.0,1180.0,654.0,654.0,654.0,660.0,660.0,660.0,1463.0,1463.0,1463.0,1180.0,1180.0,1180.0,654.0,654.0,654.0
1.0,4308.0,1944.0,1962.0,3459.0,2025.0,675.0,675.0,675.0,654.0,654.0,654.0,648.0,648.0,648.0,1436.0,1436.0,1436.0,675.0,675.0,675.0,654.0,654.0,654.0
1.0,5823.0,2034.0,1962.0,3540.0,519.0,173.0,173.0,173.0,654.0,654.0,654.0,678.0,678.0,678.0,1941.0,1941.0,1941.0,173.0,173.0,173.0,654.0,654.0,654.0
1.0,7329.0,1974.0,1962.0,2025.0,468.0,156.0,156.0,156.0,654.0,654.0,654.0,658.0,658.0,658.0,2443.0,2443.0,2443.0,156.0,156.0,156.0,654.0,654.0,654.0
1.0,7380.0,2010.0,1962.0,519.0,1959.0,653.0,653.0,653.0,654.0,654.0,654.0,670.0,670.0,670.0,2460.0,2460.0,2460.0,653.0,653.0,653.0,654.0,654.0,654.0
1.0,5889.0,1971.0,1965.0,468.0,3474.0,1158.0,1158.0,1158.0,655.0,655.0,655.0,657.0,657.0,657.0,1963.0,1963.0,1963.0,1158.0,1158.0,1158.0,655.0,655.0,655.0
1.0,4386.0,2016.0,1965.0,1959.0,3531.0,1177.0,1177.0,1177.0,655.0,655.0,655.0,672.0,672.0,672.0,1462.0,1462.0,1462.0,1177.0,1177.0,1177.0,655.0,655.0,655.0
1.0,4329.0,2001.0,1965.0,3474.0,2058.0,686.0,686.0,686.0,655.0,655.0,655.0,667.0,667.0,667.0,1443.0,1443.0,1443.0,686.0,686.0,686.0,655.0,655.0,655.0
1.0,5802.0,2046.0,1965.0,3531.0,573.0,191.0,191.0,191.0,655.0,655.0,655.0,682.0,682.0,682.0,1934.0,1934.0,1934.0,191.0,191.0,191.0,655.0,655.0,655.0
1.0,7287.0,2013.0,1968.0,2058.0,540.0,180.0,180.0,180.0,656.0,656.0,656.0,671.0,671.0,671.0,2429.0,2429.0,2429.0,180.0,180.0,180.0,656.0,656.0,656.0
1.0,7332.0,1995.0,1968.0,573.0,1962.0,654.0,654.0,654.0,656.0,656.0,656.0,665.0,665.0,665.0,2444.0,2444.0,2444.0,654.0,654.0,654.0,656.0,656.0,656.0
1.0,5910.0,2004.0,1968.0,540.0,3426.0,1142.0,1142.0,1142.0,656.0,656.0,656.0,668.0,668.0,668.0,1970.0,1970.0,1970.0,1142.0,1142.0,1142.0,656.0,656.0,656.0
1.0,4446.0,2028.0,1968.0,1962.0,3492.0,1164.0,1164.0,1164.0,656.0,656.0,656.0,676.0,676.0,676.0,1482.0,1482.0,1482.0,1164.0,1164.0,1164.0,656.0,656.0,656.0
1.0,4380.0,1998.0,1968.0,3426.0,2064.0,688.0,688.0,688.0,656.0,656.0,656.0,666.0,666.0,666.0,1460.0,1460.0,1460.0,688.0,688.0,688.0,656.0,656.0,656.0
1.0,5808.0,2019.0,1971.0,3492.0,603.0,201.0,201.0,201.0,657.0,657.0,657.0,673.0,673.0,673.0,1936.0,1936.0,1936.0,201.0,201.0,201.0,657.0,657.0,657.0
1.0,7281.0,2001.0,1971.0,2064.0,540.0,180.0,180.0,180.0,657.0,657.0,657.0,667.0,667.0,667.0,2427.0,2427.0,2427.0,180.0,180.0,180.0,657.0,657.0,657.0
1.0,7344.0,2013.0,1974.0,603.0,1962.0,654.0,654.0,654.0,658.0,658.0,658.0,671.0,671.0,671.0,2448.0,2448.0,2448.0,654.0,654.0,654.0,658.0,658.0,658.0
1.0,5934.0,2037.0,1974.0,540.0,3459.0,1153.0,1153.0,1153.0,658.0,658.0,658.0,679.0,679.0,679.0,1978.0,1978.0,1978.0,1153.0,1153.0,1153.0,658.0,658.0,658.0
1.0,4437.0,2013.0,1974.0,1962.0,3510.0,1170.0,1170.0,1170.0,658.0,658.0,658.0,671.0,671.0,671.0,1479.0,1479.0,1479.0,1170.0,1170.0,1170.0,658.0,658.0,658.0
1.0,4386.0,2019.0,1974.0,3459.0,2070.0,690.0,690.0,690.0,658.0,658.0,658.0,673.0,673.0,673.0,1462.0,1462.0,1462.0,690.0,690.0,690.0,658.0,658.0,658.0
1.0,5826.0,2037.0,1977.0,3510.0,609.0,203.0,203.0,203.0,659.0,659.0,659.0,679.0,679.0,679.0,1942.0,1942.0,1942.0,203.0,203.0,203.0,659.0,659.0,659.0
1.0,7299.0,2022.0,1980.0,2070.0,573.0,191.0,191.0,191.0,660.0,660.0,660.0,674.0,674.0,674.0,2433.0,2433.0,2433.0,191.0,191.0,191.0,660.0,660.0,660.0
1.0,7347.0,1977.0,1980.0,609.0,1941.0,647.0,647.0,647.0,660.0,660.0,660.0,659.0,659.0,659.0,2449.0,2449.0,2449.0,647.0,647.0,647.0,660.0,660.0,660.0
1.0,5979.0,1944.0,1980.0,573.0,3312.0,1104.0,1104.0,1104.0,660.0,660.0,660.0,648.0,648.0,648.0,1993.0,1993.0,1993.0,1104.0,1104.0,1104.0,660.0,660.0,660.0
1.0,4608.0,1947.0,1980.0,1941.0,3318.0,1106.0,1106.0,1106.0,660.0,660.0,660.0,649.0,649.0,649.0,1536.0,1536.0,1536.0,1106.0,1106.0,1106.0,660.0,660.0,660.0
1.0,4602.0,1980.0,1980.0,3312.0,1986.0,662.0,662.0,662.0,660.0,660.0,660.0,660.0,660.0,660.0,1534.0,1534.0,1534.0,662.0,662.0,662.0,660.0,660.0,660.0
1.0,5934.0,2010.0,1983.0,3318.0,690.0,230.0,230.0,230.0,661.0,661.0,661.0,670.0,670.0,670.0,1978.0,1978.0,1978.0,230.0,230.0,230.0,661.0,661.0,661.0
1.0,7242.0,1992.0,1983.0,1986.0,696.0,232.0,232.0,232.0,661.0,661.0,661.0,664.0,664.0,664.0,2414.0,2414.0,2414.0,232.0,232.0,232.0,661.0,661.0,661.0
1.0,7236.0,1956.0,1983.0,690.0,1962.0,654.0,654.0,654.0,661.0,661.0,661.0,652.0,652.0,652.0,2412.0,2412.0,2412.0,654.0,654.0,654.0,661.0,661.0,661.0
1.0,5970.0,2007.0,1983.0,696.0,3273.0,1091.0,1091.0,1091.0,661.0,661.0,661.0,669.0,669.0,669.0,1990.0,1990.0,1990.0,1091.0,1091.0,1091.0,661.0,661.0,661.0
1.0,4659.0,2025.0,1986.0,1962.0,3348.0,1116.0,1116.0,1116.0,662.0,662.0,662.0,675.0,675.0,675.0,1553.0,1553.0,1553.0,1116.0,1116.0,1116.0,662.0,662.0,662.0
1.0,4596.0,2016.0,1986.0,3273.0,2091.0,697.0,697.0,697.0,662.0,662.0,662.0,672.0,672.0,672.0,1532.0,1532.0,1532.0,697.0,697.0,697.0,662.0,662.0,662.0
1.0,5853.0,1980.0,1989.0,3348.0,735.0,245.0,245.0,245.0,663.0,663.0,663.0,660.0,660.0,660.0,1951.0,1951.0,1951.0,245.0,245.0,245.0,663.0,663.0,663.0
1.0,7221.0,1971.0,1989.0,2091.0,615.0,205.0,205.0,205.0,663.0,663.0,663.0,657.0,657.0,657.0,2407.0,2407.0,2407.0,205.0,205.0,205.0,663.0,663.0,663.0
1.0,7341.0,1971.0,1989.0,735.0,1851.0,617.0,617.0,617.0,663.0,663.0,663.0,657.0,657.0,657.0,2447.0,2447.0,2447.0,617.0,617.0,617.0,663.0,663.0,663.0
1.0,6105.0,2031.0,1992.0,615.0,3279.0,1093.0,1093.0,1093.0,664.0,664.0,664.0,677.0,677.0,677.0,2035.0,2035.0,2035.0,1093.0,1093.0,1093.0,664.0,664.0,664.0
1.0,4689.0,1974.0,1992.0,1851.0,3402.0,1134.0,1134.0,1134.0,664.0,664.0,664.0,658.0,658.0,658.0,1563.0,1563.0,1563.0,1134.0,1134.0,1134.0,664.0,664.0,664.0
1.0,4566.0,2034.0,1992.0,3279.0,2157.0,719.0,719.0,719.0,664.0,664.0,664.0,678.0,678.0,678.0,1522.0,1522.0,1522.0,719.0,719.0,719.0,664.0,664.0,664.0
1.0,5811.0,1998.0,1992.0,3402.0,753.0,251.0,251.0,251.0,664.0,664.0,664.0,666.0,666.0,666.0,1937.0,1937.0,1937.0,251.0,251.0,251.0,664.0,664.0,664.0
1.0,7215.0,2010.0,1995.0,2157.0,618.0,206.0,206.0,206.0,665.0,665.0,665.0,670.0,670.0,670.0,2405.0,2405.0,2405.0,206.0,206.0,206.0,665.0,665.0,665.0
1.0,7362.0,2019.0,1995.0,753.0,1884.0,628.0,628.0,628.0,665.0,665.0,665.0,673.0,673.0,673.0,2454.0,2454.0,2454.0,628.0,628.0,628.0,665.0,665.0,665.0
1.0,6096.0,1989.0,1995.0,618.0,3255.0,1085.0,1085.0,1085.0,665.0,665.0,665.0,663.0,663.0,663.0,2032.0,2032.0,2032.0,1085.0,1085.0,1085.0,665.0,665.0,665.0
1.0,4725.0,2001.0,1995.0,1884.0,3372.0,1124.0,1124.0,1124.0,665.0,665.0,665.0,667.0,667.0,667.0,1575.0,1575.0,1575.0,1124.0,1124.0,1124.0,665.0,665.0,665.0
1.0,4608.0,1947.0,1995.0,3255.0,2064.0,688.0,688.0,688.0,665.0,665.0,665.0,649.0,649.0,649.0,1536.0,1536.0,1536.0,688.0,688.0,688.0,665.0,665.0,665.0
1.0,5916.0,1995.0,1995.0,3372.0,687.0,229.0,229.0,229.0,665.0,665.0,665.0,665.0,665.0,665.0,1972.0,1972.0,1972.0,229.0,229.0,229.0,665.0,665.0,665.0
1.0,7293.0,1980.0,1995.0,2064.0,603.0,201.0,201.0,201.0,665.0,665.0,665.0,660.0,660.0,660.0,2431.0,2431.0,2431.0,201.0,201.0,201.0,665.0,665.0,665.0
1.0,7377.0,2010.0,1995.0,687.0,1926.0,642.0,642.0,642.0,665.0,665.0,665.0,670.0,670.0,670.0,2459.0,2459.0,2459.0,642.0,642.0,642.0,665.0,665.0,665.0
1.0,6054.0,1971.0,1995.0,603.0,3294.0,1098.0,1098.0,1098.0,665.0,665.0,665.0,657.0,657.0,657.0,2018.0,2018.0,2018.0,1098.0,1098.0,1098.0,665.0,665.0,665.0
1.0,4686.0,2034.0,1998.0,1926.0,3414.0,1138.0,1138.0,1138.0,666.0,666.0,666.0,678.0,678.0,678.0,1562.0,1562.0,1562.0,1138.0,1138.0,1138.0,666.0,666.0,666.0
1.0,4578.0,2019.0,1998.0,3294.0,2139.0,713.0,713.0,713.0,666.0,666.0,666.0,673.0,673.0,673.0,1526.0,1526.0,1526.0,713.0,713.0,713.0,666.0,666.0,666.0
1.0,5853.0,1965.0,1998.0,3414.0,690.0,230.0,230.0,230.0,666.0,666.0,666.0,655.0,655.0,655.0,1951.0,1951.0,1951.0,230.0,230.0,230.0,666.0,666.0,666.0
1.0,7302.0,2004.0,1998.0,2139.0,555.0,185.0,185.0,185.0,666.0,666.0,666.0,668.0,668.0,668.0,2434.0,2434.0,2434.0,185.0,185.0,185.0,666.0,666.0,666.0
1.0,7437.0,2022.0,1998.0,690.0,1887.0,629.0,629.0,629.0,666.0,666.0,666.0,674.0,674.0,674.0,2479.0,2479.0,2479.0,629.0,629.0,629.0,666.0,666.0,666.0
1.0,6105.0,2025.0,2001.0,555.0,3369.0,1123.0,1123.0,1123.0,667.0,667.0,667.0,675.0,675.0,675.0,2035.0,2035.0,2035.0,1123.0,1123.0,1123.0,667.0,667.0,667.0
1.0,4635.0,2073.0,2001.0,1887.0,3555.0,1185.0,1185.0,1185.0,667.0,667.0,667.0,691.0,691.0,691.0,1545.0,1545.0,1545.0,1185.0,1185.0,1185.0,667.0,667.0,667.0
1.0,4449.0,1983.0,2001.0,3369.0,2169.0,723.0,723.0,723.0,667.0,667.0,667.0,661.0,661.0,661.0,1483.0,1483.0,1483.0,723.0,723.0,723.0,667.0,667.0,667.0
1.0,5835.0,2001.0,2001.0,3555.0,615.0,205.0,205.0,205.0,667.0,667.0,667.0,667.0,667.0,667.0,1945.0,1945.0,1945.0,205.0,205.0,205.0,667.0,667.0,667.0
1.0,7389.0,1992.0,2001.0,2169.0,438.0,146.0,146.0,146.0,667.0,667.0,667.0,664.0,664.0,664.0,2463.0,2463.0,2463.0,146.0,146.0,146.0,667.0,667.0,667.0
1.0,7566.0,2037.0,2004.0,615.0,1872.0,624.0,624.0,624.0,668.0,668.0,668.0,679.0,679.0,679.0,2522.0,2522.0,2522.0,624.0,624.0,624.0,668.0,668.0,668.0
1.0,6144.0,2001.0,2004.0,438.0,3435.0,1145.0,1145.0,1145.0,668.0,668.0,668.0,667.0,667.0,667.0,2048.0,2048.0,2048.0,1145.0,1145.0,1145.0,668.0,668.0,668.0
1.0,4581.0,2070.0,2004.0,1872.0,3633.0,1211.0,1211.0,1211.0,668.0,668.0,668.0,690.0,690.0,690.0,1527.0,1527.0,1527.0,1211.0,1211.0,1211.0,668.0,668.0,668.0
1.0,4383.0,2004.0,2004.0,3435.0,2202.0,734.0,734.0,734.0,668.0,668.0,668.0,668.0,668.0,668.0,1461.0,1461.0,1461.0,734.0,734.0,734.0,668.0,668.0,668.0
1.0,5814.0,2016.0,2004.0,3633.0,585.0,195.0,195.0,195.0,668.0,668.0,668.0,672.0,672.0,672.0,1938.0,1938.0,1938.0,195.0,195.0,195.0,668.0,668.0,668.0
1.0,7431.0,2052.0,2004.0,2202.0,435.0,145.0,145.0,145.0,668.0,668.0,668.0,684.0,684.0,684.0,2477.0,2477.0,2477.0,145.0,145.0,145.0,668.0,668.0,668.0
1.0,7581.0,2064.0,2004.0,585.0,1914.0,638.0,638.0,638.0,668.0,668.0,668.0,688.0,688.0,688.0,2527.0,2527.0,2527.0,638.0,638.0,638.0,668.0,668.0,668.0
1.0,6102.0,2082.0,2007.0,435.0,3573.0,1191.0,1191.0,1191.0,669.0,669.0,669.0,694.0,694.0,694.0,2034.0,2034.0,2034.0,1191.0,1191.0,1191.0,669.0,669.0,669.0
1.0,4455.0,2052.0,2007.0,1914.0,3711.0,1237.0,1237.0,1237.0,669.0,669.0,669.0,684.0,684.0,684.0,1485.0,1485.0,1485.0,1237.0,1237.0,1237.0,669.0,669.0,669.0
1.0,4317.0,2073.0,2010.0,3573.0,2223.0,741.0,741.0,741.0,670.0,670.0,670.0,691.0,691.0,691.0,1439.0,1439.0,1439.0,741.0,741.0,741.0,670.0,670.0,670.0
1.0,5817.0,1989.0,2007.0,3711.0,489.0,163.0,163.0,163.0,669.0,669.0,669.0,663.0,663.0,663.0,1939.0,1939.0,1939.0,163.0,163.0,163.0,669.0,669.0,669.0
1.0,7539.0,2034.0,2007.0,2223.0,300.0,100.0,100.0,100.0,669.0,669.0,669.0,678.0,678.0,678.0,2513.0,2513.0,2513.0,100.0,100.0,100.0,669.0,669.0,669.0
1.0,7728.0,2058.0,2010.0,489.0,1881.0,627.0,627.0,627.0,670.0,670.0,670.0,686.0,686.0,686.0,2576.0,2576.0,2576.0,627.0,627.0,627.0,670.0,670.0,670.0
1.0,6159.0,1998.0,2010.0,300.0,3579.0,1193.0,1193.0,1193.0,670.0,670.0,670.0,666.0,666.0,666.0,2053.0,2053.0,2053.0,1193.0,1193.0,1193.0,670.0,670.0,670.0
1.0,4461.0,2067.0,2010.0,1881.0,3765.0,1255.0,1255.0,1255.0,670.0,670.0,670.0,689.0,689.0,689.0,1487.0,1487.0,1487.0,1255.0,1255.0,1255.0,670.0,670.0,670.0
1.0,4275.0,1989.0,2007.0,3579.0,2163.0,721.0,721.0,721.0,669.0,669.0,669.0,663.0,663.0,663.0,1425.0,1425.0,1425.0,721.0,721.0,721.0,669.0,669.0,669.0
1.0,5865.0,2070.0,2010.0,3765.0,480.0,160.0,160.0,160.0,670.0,670.0,670.0,690.0,690.0,690.0,1955.0,1955.0,1955.0,160.0,160.0,160.0,670.0,670.0,670.0
1.0,7560.0,2079.0,2013.0,2163.0,408.0,136.0,136.0,136.0,671.0,671.0,671.0,693.0,693.0,693.0,2520.0,2520.0,2520.0,136.0,136.0,136.0,671.0,671.0,671.0
1.0,7644.0,2001.0,2013.0,480.0,1929.0,643.0,643.0,643.0,671.0,671.0,671.0,667.0,667.0,667.0,2548.0,2548.0,2548.0,643.0,643.0,643.0,671.0,671.0,671.0
1.0,6123.0,2028.0,2016.0,408.0,3561.0,1187.0,1187.0,1187.0,672.0,672.0,672.0,676.0,676.0,676.0,2041.0,2041.0,2041.0,1187.0,1187.0,1187.0,672.0,672.0,672.0
1.0,4503.0,1998.0,2016.0,1929.0,3630.0,1210.0,1210.0,1210.0,672.0,672.0,672.0,666.0,666.0,666.0,1501.0,1501.0,1501.0,1210.0,1210.0,1210.0,672.0,672.0,672.0
1.0,4434.0,1989.0,2016.0,3561.0,2058.0,686.0,686.0,686.0,672.0,672.0,672.0,663.0,663.0,663.0,1478.0,1478.0,1478.0,686.0,686.0,686.0,672.0,672.0,672.0
1.0,6006.0,2034.0,2016.0,3630.0,462.0,154.0,154.0,154.0,672.0,672.0,672.0,678.0,678.0,678.0,2002.0,2002.0,2002.0,154.0,154.0,154.0,672.0,672.0,672.0
1.0,7602.0,2067.0,2016.0,2058.0,471.0,157.0,157.0,157.0,672.0,672.0,672.0,689.0,689.0,689.0,2534.0,2534.0,2534.0,157.0,157.0,157.0,672.0,672.0,672.0
1.0,7593.0,2031.0,2016.0,462.0,2040.0,680.0,680.0,680.0,672.0,672.0,672.0,677.0,677.0,677.0,2531.0,2531.0,2531.0,680.0,680.0,680.0,672.0,672.0,672.0
1.0,6024.0,2052.0,2019.0,471.0,3633.0,1211.0,1211.0,1211.0,673.0,673.0,673.0,684.0,684.0,684.0,2008.0,2008.0,2008.0,1211.0,1211.0,1211.0,673.0,673.0,673.0
1.0,4443.0,2052.0,2019.0,2040.0,3645.0,1215.0,1215.0,1215.0,673.0,673.0,673.0,684.0,684.0,684.0,1481.0,1481.0,1481.0,1215.0,1215.0,1215.0,673.0,673.0,673.0
1.0,4431.0,1986.0,2019.0,3633.0,1998.0,666.0,666.0,666.0,673.0,673.0,673.0,662.0,662.0,662.0,1477.0,1477.0,1477.0,666.0,666.0,666.0,673.0,673.0,673.0
1.0,6078.0,2001.0,2019.0,3645.0,354.0,118.0,118.0,118.0,673.0,673.0,673.0,667.0,667.0,667.0,2026.0,2026.0,2026.0,118.0,118.0,118.0,673.0,673.0,673.0
1.0,7722.0,2055.0,2022.0,1998.0,423.0,141.0,141.0,141.0,674.0,674.0,674.0,685.0,685.0,685.0,2574.0,2574.0,2574.0,141.0,141.0,141.0,674.0,674.0,674.0
1.0,7665.0,1959.0,2019.0,354.0,2016.0,672.0,672.0,672.0,673.0,673.0,673.0,653.0,653.0,653.0,2555.0,2555.0,2555.0,672.0,672.0,672.0,673.0,673.0,673.0
1.0,6060.0,2034.0,2019.0,423.0,3627.0,1209.0,1209.0,1209.0,673.0,673.0,673.0,678.0,678.0,678.0,2020.0,2020.0,2020.0,1209.0,1209.0,1209.0,673.0,673.0,673.0
1.0,4449.0,2055.0,2022.0,2016.0,3678.0,1226.0,1226.0,1226.0,674.0,674.0,674.0,685.0,685.0,685.0,1483.0,1483.0,1483.0,1226.0,1226.0,1226.0,674.0,674.0,674.0
1.0,4410.0,1989.0,2022.0,3627.0,2040.0,680.0,680.0,680.0,674.0,674.0,674.0,663.0,663.0,663.0,1470.0,1470.0,1470.0,680.0,680.0,680.0,674.0,674.0,674.0
1.0,6048.0,2076.0,2022.0,3678.0,438.0,146.0,146.0,146.0,674.0,674.0,674.0,692.0,692.0,692.0,2016.0,2016.0,2016.0,146.0,146.0,146.0,674.0,674.0,674.0
1.0,7650.0,2034.0,2022.0,2040.0,432.0,144.0,144.0,144.0,674.0,674.0,674.0,678.0,678.0,678.0,2550.0,2550.0,2550.0,144.0,144.0,144.0,674.0,674.0,674.0
1.0,7656.0,1986.0,2022.0,438.0,1980.0,660.0,660.0,660.0,674.0,674.0,674.0,662.0,662.0,662.0,2552.0,2552.0,2552.0,660.0,660.0,660.0,674.0,674.0,674.0
1.0,6108.0,2028.0,2025.0,432.0,3588.0,1196.0,1196.0,1196.0,675.0,675.0,675.0,676.0,676.0,676.0,2036.0,2036.0,2036.0,1196.0,1196.0,1196.0,675.0,675.0,675.0
1.0,4512.0,2031.0,2025.0,1980.0,3639.0,1213.0,1213.0,1213.0,675.0,675.0,675.0,677.0,677.0,677.0,1504.0,1504.0,1504.0,1213.0,1213.0,1213.0,675.0,675.0,675.0
1.0,4461.0,2070.0,2028.0,3588.0,2133.0,711.0,711.0,711.0,676.0,676.0,676.0,690.0,690.0,690.0,1487.0,1487.0,1487.0,711.0,711.0,711.0,676.0,676.0,676.0
1.0,5979.0,2043.0,2028.0,3639.0,537.0,179.0,179.0,179.0,676.0,676.0,676.0,681.0,681.0,681.0,1993.0,1993.0,1993.0,179.0,179.0,179.0,676.0,676.0,676.0
1.0,7575.0,2079.0,2028.0,2133.0,483.0,161.0,161.0,161.0,676.0,676.0,676.0,693.0,693.0,693.0,2525.0,2525.0,2525.0,161.0,161.0,161.0,676.0,676.0,676.0
1.0,7629.0,2031.0,2028.0,537.0,1977.0,659.0,659.0,659.0,676.0,676.0,676.0,677.0,677.0,677.0,2543.0,2543.0,2543.0,659.0,659.0,659.0,676.0,676.0,676.0
1.0,6135.0,2031.0,2031.0,483.0,3537.0,1179.0,1179.0,1179.0,677.0,677.0,677.0,677.0,677.0,677.0,2045.0,2045.0,2045.0,1179.0,1179.0,1179.0,677.0,677.0,677.0
1.0,4587.0,2127.0,2034.0,1977.0,3699.0,1233.0,1233.0,1233.0,678.0,678.0,678.0,709.0,709.0,709.0,1529.0,1529.0,1529.0,1233.0,1233.0,1233.0,678.0,678.0,678.0
1.0,4437.0,2076.0,2034.0,3537.0,2238.0,746.0,746.0,746.0,678.0,678.0,678.0,692.0,692.0,692.0,1479.0,1479.0,1479.0,746.0,746.0,746.0,678.0,678.0,678.0
1.0,5898.0,2136.0,2037.0,3699.0,687.0,229.0,229.0,229.0,679.0,679.0,679.0,712.0,712.0,712.0,1966.0,1966.0,1966.0,229.0,229.0,229.0,679.0,679.0,679.0
1.0,7461.0,2064.0,2037.0,2238.0,513.0,171.0,171.0,171.0,679.0,679.0,679.0,688.0,688.0,688.0,2487.0,2487.0,2487.0,171.0,171.0,171.0,679.0,679.0,679.0
1.0,7635.0,2106.0,2037.0,687.0,1932.0,644.0,644.0,644.0,679.0,679.0,679.0,702.0,702.0,702.0,2545.0,2545.0,2545.0,644.0,644.0,644.0,679.0,679.0,679.0
1.0,6216.0,2022.0,2037.0,513.0,3441.0,1147.0,1147.0,1147.0,679.0,679.0,679.0,674.0,674.0,674.0,2072.0,2072.0,2072.0,1147.0,1147.0,1147.0,679.0,679.0,679.0
1.0,4707.0,2058.0,2040.0,1932.0,3579.0,1193.0,1193.0,1193.0,680.0,680.0,680.0,686.0,686.0,686.0,1569.0,1569.0,1569.0,1193.0,1193.0,1193.0,680.0,680.0,680.0
1.0,4581.0,2097.0,2043.0,3441.0,2247.0,749.0,749.0,749.0,681.0,681.0,681.0,699.0,699.0,699.0,1527.0,1527.0,1527.0,749.0,749.0,749.0,681.0,681.0,681.0
1.0,5925.0,2046.0,2043.0,3579.0,714.0,238.0,238.0,238.0,681.0,681.0,681.0,682.0,682.0,682.0,1975.0,1975.0,1975.0,238.0,238.0,238.0,681.0,681.0,681.0
1.0,7458.0,2040.0,2043.0,2247.0,507.0,169.0,169.0,169.0,681.0,681.0,681.0,680.0,680.0,680.0,2486.0,2486.0,2486.0,169.0,169.0,169.0,681.0,681.0,681.0
1.0,7665.0,2118.0,2043.0,714.0,1911.0,637.0,637.0,637.0,681.0,681.0,681.0,706.0,706.0,706.0,2555.0,2555.0,2555.0,637.0,637.0,637.0,681.0,681.0,681.0
1.0,6261.0,2055.0,2043.0,507.0,3459.0,1153.0,1153.0,1153.0,681.0,681.0,681.0,685.0,685.0,685.0,2087.0,2087.0,2087.0,1153.0,1153.0,1153.0,681.0,681.0,681.0
1.0,4713.0,2064.0,2046.0,1911.0,3624.0,1208.0,1208.0,1208.0,682.0,682.0,682.0,688.0,688.0,688.0,1571.0,1571.0,1571.0,1208.0,1208.0,1208.0,682.0,682.0,682.0
1.0,4560.0,2061.0,2046.0,3459.0,2226.0,742.0,742.0,742.0,682.0,682.0,682.0,687.0,687.0,687.0,1520.0,1520.0,1520.0,742.0,742.0,742.0,682.0,682.0,682.0
1.0,5958.0,2028.0,2046.0,3624.0,630.0,210.0,210.0,210.0,682.0,682.0,682.0,676.0,676.0,676.0,1986.0,1986.0,1986.0,210.0,210.0,210.0,682.0,682.0,682.0
1.0,7554.0,2067.0,2046.0,2226.0,471.0,157.0,157.0,157.0,682.0,682.0,682.0,689.0,689.0,689.0,2518.0,2518.0,2518.0,157.0,157.0,157.0,682.0,682.0,682.0
1.0,7713.0,2073.0,2046.0,630.0,1914.0,638.0,638.0,638.0,682.0,682.0,682.0,691.0,691.0,691.0,2571.0,2571.0,2571.0,638.0,638.0,638.0,682.0,682.0,682.0
1.0,6270.0,2088.0,2046.0,471.0,3531.0,1177.0,1177.0,1177.0,682.0,682.0,682.0,696.0,696.0,696.0,2090.0,2090.0,2090.0,1177.0,1177.0,1177.0,682.0,682.0,682.0
1.0,4653.0,2058.0,2046.0,1914.0,3675.0,1225.0,1225.0,1225.0,682.0,682.0,682.0,686.0,686.0,686.0,1551.0,1551.0,1551.0,1225.0,1225.0,1225.0,682.0,682.0,682.0
1.0,4509.0,2076.0,2046.0,3531.0,2220.0,740.0,740.0,740.0,682.0,682.0,682.0,692.0,692.0,692.0,1503.0,1503.0,1503.0,740.0,740.0,740.0,682.0,682.0,682.0
1.0,5964.0,2049.0,2046.0,3675.0,594.0,198.0,198.0,198.0,682.0,682.0,682.0,683.0,683.0,683.0,1988.0,1988.0,1988.0,198.0,198.0,198.0,682.0,682.0,682.0
1.0,7590.0,2142.0,2049.0,2220.0,528.0,176.0,176.0,176.0,683.0,683.0,683.0,714.0,714.0,714.0,2530.0,2530.0,2530.0,176.0,176.0,176.0,683.0,683.0,683.0
1.0,7668.0,2055.0,2049.0,594.0,1989.0,663.0,663.0,663.0,683.0,683.0,683.0,685.0,685.0,685.0,2556.0,2556.0,2556.0,663.0,663.0,663.0,683.0,683.0,683.0
1.0,6207.0,2121.0,2052.0,528.0,3594.0,1198.0,1198.0,1198.0,684.0,684.0,684.0,707.0,707.0,707.0,2069.0,2069.0,2069.0,1198.0,1198.0,1198.0,684.0,684.0,684.0
1.0,4614.0,2070.0,2052.0,1989.0,3675.0,1225.0,1225.0,1225.0,684.0,684.0,684.0,690.0,690.0,690.0,1538.0,1538.0,1538.0,1225.0,1225.0,1225.0,684.0,684.0,684.0
1.0,4533.0,2025.0,2052.0,3594.0,2106.0,702.0,702.0,702.0,684.0,684.0,684.0,675.0,675.0,675.0,1511.0,1511.0,1511.0,702.0,702.0,702.0,684.0,684.0,684.0
1.0,6102.0,2100.0,2052.0,3675.0,531.0,177.0,177.0,177.0,684.0,684.0,684.0,700.0,700.0,700.0,2034.0,2034.0,2034.0,177.0,177.0,177.0,684.0,684.0,684.0
1.0,7677.0,2094.0,2055.0,2106.0,531.0,177.0,177.0,177.0,685.0,685.0,685.0,698.0,698.0,698.0,2559.0,2559.0,2559.0,177.0,177.0,177.0,685.0,685.0,685.0
1.0,7689.0,2103.0,2055.0,531.0,2103.0,701.0,701.0,701.0,685.0,685.0,685.0,701.0,701.0,701.0,2563.0,2563.0,2563.0,701.0,701.0,701.0,685.0,685.0,685.0
1.0,6117.0,2049.0,2058.0,531.0,3633.0,1211.0,1211.0,1211.0,686.0,686.0,686.0,683.0,683.0,683.0,2039.0,2039.0,2039.0,1211.0,1211.0,1211.0,686.0,686.0,686.0
1.0,4599.0,2061.0,2058.0,2103.0,3591.0,1197.0,1197.0,1197.0,686.0,686.0,686.0,687.0,687.0,687.0,1533.0,1533.0,1533.0,1197.0,1197.0,1197.0,686.0,686.0,686.0
1.0,4641.0,2040.0,2058.0,3633.0,1998.0,666.0,666.0,666.0,686.0,686.0,686.0,680.0,680.0,680.0,1547.0,1547.0,1547.0,666.0,666.0,666.0,686.0,686.0,686.0
1.0,6234.0,2040.0,2058.0,3591.0,447.0,149.0,149.0,149.0,686.0,686.0,686.0,680.0,680.0,680.0,2078.0,2078.0,2078.0,149.0,149.0,149.0,686.0,686.0,686.0
1.0,7785.0,1995.0,2058.0,1998.0,444.0,148.0,148.0,148.0,686.0,686.0,686.0,665.0,665.0,665.0,2595.0,2595.0,2595.0,148.0,148.0,148.0,686.0,686.0,686.0
1.0,7788.0,2049.0,2058.0,447.0,2046.0,682.0,682.0,682.0,686.0,686.0,686.0,683.0,683.0,683.0,2596.0,2596.0,2596.0,682.0,682.0,682.0,686.0,686.0,686.0
1.0,6186.0,2112.0,2058.0,444.0,3714.0,1238.0,1238.0,1238.0,686.0,686.0,686.0,704.0,704.0,704.0,2062.0,2062.0,2062.0,1238.0,1238.0,1238.0,686.0,686.0,686.0
1.0,4518.0,2037.0,2061.0,2046.0,3717.0,1239.0,1239.0,1239.0,687.0,687.0,687.0,679.0,679.0,679.0,1506.0,1506.0,1506.0,1239.0,1239.0,1239.0,687.0,687.0,687.0
1.0,4527.0,2010.0,2058.0,3714.0,2001.0,667.0,667.0,667.0,686.0,686.0,686.0,670.0,670.0,670.0,1509.0,1509.0,1509.0,667.0,667.0,667.0,686.0,686.0,686.0
1.0,6231.0,1995.0,2058.0,3717.0,279.0,93.0,93.0,93.0,686.0,686.0,686.0,665.0,665.0,665.0,2077.0,2077.0,2077.0,93.0,93.0,93.0,686.0,686.0,686.0
1.0,7953.0,2076.0,2061.0,2001.0,366.0,122.0,122.0,122.0,687.0,687.0,687.0,692.0,692.0,692.0,2651.0,2651.0,2651.0,122.0,122.0,122.0,687.0,687.0,687.0
1.0,7878.0,2028.0,2061.0,279.0,2115.0,705.0,705.0,705.0,687.0,687.0,687.0,676.0,676.0,676.0,2626.0,2626.0,2626.0,705.0,705.0,705.0,687.0,687.0,687.0
1.0,6129.0,2079.0,2061.0,366.0,3828.0,1276.0,1276.0,1276.0,687.0,687.0,687.0,693.0,693.0,693.0,2043.0,2043.0,2043.0,1276.0,1276.0,1276.0,687.0,687.0,687.0
1.0,4416.0,2079.0,2061.0,2115.0,3792.0,1264.0,1264.0,1264.0,687.0,687.0,687.0,693.0,693.0,693.0,1472.0,1472.0,1472.0,1264.0,1264.0,1264.0,687.0,687.0,687.0
1.0,4452.0,2025.0,2061.0,3828.0,1989.0,663.0,663.0,663.0,687.0,687.0,687.0,675.0,675.0,675.0,1484.0,1484.0,1484.0,663.0,663.0,663.0,687.0,687.0,687.0
1.0,6255.0,2040.0,2061.0,3792.0,237.0,79.0,79.0,79.0,687.0,687.0,687.0,680.0,680.0,680.0,2085.0,2085.0,2085.0,79.0,79.0,79.0,687.0,687.0,687.0
1.0,8007.0,2055.0,2064.0,1989.0,315.0,105.0,105.0,105.0,688.0,688.0,688.0,685.0,685.0,685.0,2669.0,2669.0,2669.0,105.0,105.0,105.0,688.0,688.0,688.0
1.0,7941.0,2049.0,2064.0,237.0,2127.0,709.0,709.0,709.0,688.0,688.0,688.0,683.0,683.0,683.0,2647.0,2647.0,2647.0,709.0,709.0,709.0,688.0,688.0,688.0
1.0,6129.0,2034.0,2064.0,315.0,3846.0,1282.0,1282.0,1282.0,688.0,688.0,688.0,678.0,678.0,678.0,2043.0,2043.0,2043.0,1282.0,1282.0,1282.0,688.0,688.0,688.0
1.0,4410.0,2055.0,2064.0,2127.0,3774.0,1258.0,1258.0,1258.0,688.0,688.0,688.0,685.0,685.0,685.0,1470.0,1470.0,1470.0,1258.0,1258.0,1258.0,688.0,688.0,688.0
1.0,4482.0,2037.0,2061.0,3846.0,1953.0,651.0,651.0,651.0,687.0,687.0,687.0,679.0,679.0,679.0,1494.0,1494.0,1494.0,651.0,651.0,651.0,687.0,687.0,687.0
1.0,6291.0,2103.0,2064.0,3774.0,294.0,98.0,98.0,98.0,688.0,688.0,688.0,701.0,701.0,701.0,2097.0,2097.0,2097.0,98.0,98.0,98.0,688.0,688.0,688.0
1.0,7962.0,2016.0,2064.0,1953.0,357.0,119.0,119.0,119.0,688.0,688.0,688.0,672.0,672.0,672.0,2654.0,2654.0,2654.0,119.0,119.0,119.0,688.0,688.0,688.0
1.0,7899.0,2082.0,2061.0,294.0,2133.0,711.0,711.0,711.0,687.0,687.0,687.0,694.0,694.0,694.0,2633.0,2633.0,2633.0,711.0,711.0,711.0,687.0,687.0,687.0
1.0,6111.0,2130.0,2064.0,357.0,3918.0,1306.0,1306.0,1306.0,688.0,688.0,688.0,710.0,710.0,710.0,2037.0,2037.0,2037.0,1306.0,1306.0,1306.0,688.0,688.0,688.0
1.0,4338.0,2067.0,2061.0,2133.0,3840.0,1280.0,1280.0,1280.0,687.0,687.0,687.0,689.0,689.0,689.0,1446.0,1446.0,1446.0,1280.0,1280.0,1280.0,687.0,687.0,687.0
1.0,4404.0,2067.0,2061.0,3918.0,1989.0,663.0,663.0,663.0,687.0,687.0,687.0,689.0,689.0,689.0,1468.0,1468.0,1468.0,663.0,663.0,663.0,687.0,687.0,687.0
1.0,6255.0,2121.0,2061.0,3840.0,270.0,90.0,90.0,90.0,687.0,687.0,687.0,707.0,707.0,707.0,2085.0,2085.0,2085.0,90.0,90.0,90.0,687.0,687.0,687.0
1.0,7974.0,2139.0,2064.0,1989.0,432.0,144.0,144.0,144.0,688.0,688.0,688.0,713.0,713.0,713.0,2658.0,2658.0,2658.0,144.0,144.0,144.0,688.0,688.0,688.0
1.0,7824.0,2097.0,2064.0,270.0,2259.0,753.0,753.0,753.0,688.0,688.0,688.0,699.0,699.0,699.0,2608.0,2608.0,2608.0,753.0,753.0,753.0,688.0,688.0,688.0
1.0,5997.0,2061.0,2064.0,432.0,3888.0,1296.0,1296.0,1296.0,688.0,688.0,688.0,687.0,687.0,687.0,1999.0,1999.0,1999.0,1296.0,1296.0,1296.0,688.0,688.0,688.0
1.0,4368.0,2121.0,2067.0,2259.0,3762.0,1254.0,1254.0,1254.0,689.0,689.0,689.0,707.0,707.0,707.0,1456.0,1456.0,1456.0,1254.0,1254.0,1254.0,689.0,689.0,689.0
1.0,4506.0,2094.0,2067.0,3888.0,1968.0,656.0,656.0,656.0,689.0,689.0,689.0,698.0,698.0,698.0,1502.0,1502.0,1502.0,656.0,656.0,656.0,689.0,689.0,689.0
1.0,6300.0,2076.0,2067.0,3762.0,282.0,94.0,94.0,94.0,689.0,689.0,689.0,692.0,692.0,692.0,2100.0,2100.0,2100.0,94.0,94.0,94.0,689.0,689.0,689.0
1.0,7986.0,2088.0,2067.0,1968.0,402.0,134.0,134.0,134.0,689.0,689.0,689.0,696.0,696.0,696.0,2662.0,2662.0,2662.0,134.0,134.0,134.0,689.0,689.0,689.0
1.0,7866.0,2175.0,2070.0,282.0,2307.0,769.0,769.0,769.0,690.0,690.0,690.0,725.0,725.0,725.0,2622.0,2622.0,2622.0,769.0,769.0,769.0,690.0,690.0,690.0
1.0,5973.0,2136.0,2070.0,402.0,4041.0,1347.0,1347.0,1347.0,690.0,690.0,690.0,712.0,712.0,712.0,1991.0,1991.0,1991.0,1347.0,1347.0,1347.0,690.0,690.0,690.0
1.0,4239.0,2118.0,2073.0,2307.0,3864.0,1288.0,1288.0,1288.0,691.0,691.0,691.0,706.0,706.0,706.0,1413.0,1413.0,1413.0,1288.0,1288.0,1288.0,691.0,691.0,691.0
1.0,4428.0,2109.0,2073.0,4041.0,1932.0,644.0,644.0,644.0,691.0,691.0,691.0,703.0,703.0,703.0,1476.0,1476.0,1476.0,644.0,644.0,644.0,691.0,691.0,691.0
1.0,6360.0,2088.0,2073.0,3864.0,156.0,52.0,52.0,52.0,691.0,691.0,691.0,696.0,696.0,696.0,2120.0,2120.0,2120.0,52.0,52.0,52.0,691.0,691.0,691.0
1.0,8136.0,2142.0,2073.0,1932.0,366.0,122.0,122.0,122.0,691.0,691.0,691.0,714.0,714.0,714.0,2712.0,2712.0,2712.0,122.0,122.0,122.0,691.0,691.0,691.0
1.0,7926.0,2070.0,2076.0,156.0,2292.0,764.0,764.0,764.0,692.0,692.0,692.0,690.0,690.0,690.0,2642.0,2642.0,2642.0,764.0,764.0,764.0,692.0,692.0,692.0
1.0,6012.0,2055.0,2073.0,366.0,3969.0,1323.0,1323.0,1323.0,691.0,691.0,691.0,685.0,685.0,685.0,2004.0,2004.0,2004.0,1323.0,1323.0,1323.0,691.0,691.0,691.0
1.0,4323.0,2109.0,2076.0,2292.0,3798.0,1266.0,1266.0,1266.0,692.0,692.0,692.0,703.0,703.0,703.0,1441.0,1441.0,1441.0,1266.0,1266.0,1266.0,692.0,692.0,692.0
1.0,4506.0,2061.0,2073.0,3969.0,1878.0,626.0,626.0,626.0,691.0,691.0,691.0,687.0,687.0,687.0,1502.0,1502.0,1502.0,626.0,626.0,626.0,691.0,691.0,691.0
1.0,6414.0,2079.0,2073.0,3798.0,159.0,53.0,53.0,53.0,691.0,691.0,691.0,693.0,693.0,693.0,2138.0,2138.0,2138.0,53.0,53.0,53.0,691.0,691.0,691.0
1.0,8133.0,2088.0,2073.0,1878.0,369.0,123.0,123.0,123.0,691.0,691.0,691.0,696.0,696.0,696.0,2711.0,2711.0,2711.0,123.0,123.0,123.0,691.0,691.0,691.0
1.0,7923.0,2028.0,2073.0,159.0,2238.0,746.0,746.0,746.0,691.0,691.0,691.0,676.0,676.0,676.0,2641.0,2641.0,2641.0,746.0,746.0,746.0,691.0,691.0,691.0
1.0,6054.0,2049.0,2073.0,369.0,3918.0,1306.0,1306.0,1306.0,691.0,691.0,691.0,683.0,683.0,683.0,2018.0,2018.0,2018.0,1306.0,1306.0,1306.0,691.0,691.0,691.0
1.0,4374.0,2109.0,2073.0,2238.0,3789.0,1263.0,1263.0,1263.0,691.0,691.0,691.0,703.0,703.0,703.0,1458.0,1458.0,1458.0,1263.0,1263.0,1263.0,691.0,691.0,691.0
1.0,4503.0,2058.0,2073.0,3918.0,1929.0,643.0,643.0,643.0,691.0,691.0,691.0,686.0,686.0,686.0,1501.0,1501.0,1501.0,643.0,643.0,643.0,691.0,691.0,691.0
1.0,6363.0,2067.0,2073.0,3789.0,207.0,69.0,69.0,69.0,691.0,691.0,691.0,689.0,689.0,689.0,2121.0,2121.0,2121.0,69.0,69.0,69.0,691.0,691.0,691.0
1.0,8085.0,2097.0,2073.0,1929.0,375.0,125.0,125.0,125.0,691.0,691.0,691.0,699.0,699.0,699.0,2695.0,2695.0,2695.0,125.0,125.0,125.0,691.0,691.0,691.0
1.0,7917.0,2043.0,2073.0,207.0,2211.0,737.0,737.0,737.0,691.0,691.0,691.0,681.0,681.0,681.0,2639.0,2639.0,2639.0,737.0,737.0,737.0,691.0,691.0,691.0
1.0,6081.0,2070.0,2073.0,375.0,3906.0,1302.0,1302.0,1302.0,691.0,691.0,691.0,690.0,690.0,690.0,2027.0,2027.0,2027.0,1302.0,1302.0,1302.0,691.0,691.0,691.0
1.0,4386.0,2112.0,2076.0,2211.0,3819.0,1273.0,1273.0,1273.0,692.0,692.0,692.0,704.0,704.0,704.0,1462.0,1462.0,1462.0,1273.0,1273.0,1273.0,692.0,692.0,692.0
1.0,4485.0,2079.0,2076.0,3906.0,1992.0,664.0,664.0,664.0,692.0,692.0,692.0,693.0,693.0,693.0,1495.0,1495.0,1495.0,664.0,664.0,664.0,692.0,692.0,692.0
1.0,6312.0,2100.0,2076.0,3819.0,273.0,91.0,91.0,91.0,692.0,692.0,692.0,700.0,700.0,700.0,2104.0,2104.0,2104.0,91.0,91.0,91.0,692.0,692.0,692.0
1.0,8031.0,2064.0,2076.0,1992.0,345.0,115.0,115.0,115.0,692.0,692.0,692.0,688.0,688.0,688.0,2677.0,2677.0,2677.0,115.0,115.0,115.0,692.0,692.0,692.0
1.0,7959.0,2070.0,2076.0,273.0,2142.0,714.0,714.0,714.0,692.0,692.0,692.0,690.0,690.0,690.0,2653.0,2653.0,2653.0,714.0,714.0,714.0,692.0,692.0,692.0
1.0,6162.0,2055.0,2079.0,345.0,3864.0,1288.0,1288.0,1288.0,693.0,693.0,693.0,685.0,685.0,685.0,2054.0,2054.0,2054.0,1288.0,1288.0,1288.0,693.0,693.0,693.0
1.0,4452.0,2103.0,2079.0,2142.0,3825.0,1275.0,1275.0,1275.0,693.0,693.0,693.0,701.0,701.0,701.0,1484.0,1484.0,1484.0,1275.0,1275.0,1275.0,693.0,693.0,693.0
1.0,4491.0,2055.0,2079.0,3864.0,2016.0,672.0,672.0,672.0,693.0,693.0,693.0,685.0,685.0,685.0,1497.0,1497.0,1497.0,672.0,672.0,672.0,693.0,693.0,693.0
1.0,6300.0,2079.0,2079.0,3825.0,270.0,90.0,90.0,90.0,693.0,693.0,693.0,693.0,693.0,693.0,2100.0,2100.0,2100.0,90.0,90.0,90.0,693.0,693.0,693.0
1.0,8046.0,2046.0,2079.0,2016.0,300.0,100.0,100.0,100.0,693.0,693.0,693.0,682.0,682.0,682.0,2682.0,2682.0,2682.0,100.0,100.0,100.0,693.0,693.0,693.0
1.0,8016.0,2079.0,2079.0,270.0,2109.0,703.0,703.0,703.0,693.0,693.0,693.0,693.0,693.0,693.0,2672.0,2672.0,2672.0,703.0,703.0,703.0,693.0,693.0,693.0
1.0,6207.0,2106.0,2082.0,300.0,3927.0,1309.0,1309.0,1309.0,694.0,694.0,694.0,702.0,702.0,702.0,2069.0,2069.0,2069.0,1309.0,1309.0,1309.0,694.0,694.0,694.0
1.0,4401.0,2079.0,2082.0,2109.0,3897.0,1299.0,1299.0,1299.0,694.0,694.0,694.0,693.0,693.0,693.0,1467.0,1467.0,1467.0,1299.0,1299.0,1299.0,694.0,694.0,694.0
1.0,4431.0,2049.0,2082.0,3927.0,2019.0,673.0,673.0,673.0,694.0,694.0,694.0,683.0,683.0,683.0,1477.0,1477.0,1477.0,673.0,673.0,673.0,694.0,694.0,694.0
1.0,6309.0,2040.0,2082.0,3897.0,162.0,54.0,54.0,54.0,694.0,694.0,694.0,680.0,680.0,680.0,2103.0,2103.0,2103.0,54.0,54.0,54.0,694.0,694.0,694.0
1.0,8166.0,2061.0,2082.0,2019.0,204.0,68.0,68.0,68.0,694.0,694.0,694.0,687.0,687.0,687.0,2722.0,2722.0,2722.0,68.0,68.0,68.0,694.0,694.0,694.0
1.0,8124.0,2118.0,2085.0,162.0,2172.0,724.0,724.0,724.0,695.0,695.0,695.0,706.0,706.0,706.0,2708.0,2708.0,2708.0,724.0,724.0,724.0,695.0,695.0,695.0
1.0,6168.0,2091.0,2085.0,204.0,4059.0,1353.0,1353.0,1353.0,695.0,695.0,695.0,697.0,697.0,697.0,2056.0,2056.0,2056.0,1353.0,1353.0,1353.0,695.0,695.0,695.0
1.0,4281.0,2067.0,2085.0,2172.0,3954.0,1318.0,1318.0,1318.0,695.0,695.0,695.0,689.0,689.0,689.0,1427.0,1427.0,1427.0,1318.0,1318.0,1318.0,695.0,695.0,695.0
1.0,4386.0,2076.0,2085.0,4059.0,1971.0,657.0,657.0,657.0,695.0,695.0,695.0,692.0,692.0,692.0,1462.0,1462.0,1462.0,657.0,657.0,657.0,695.0,695.0,695.0
1.0,6369.0,2103.0,2085.0,3954.0,120.0,40.0,40.0,40.0,695.0,695.0,695.0,701.0,701.0,701.0,2123.0,2123.0,2123.0,40.0,40.0,40.0,695.0,695.0,695.0
1.0,8220.0,2100.0,2085.0,1971.0,249.0,83.0,83.0,83.0,695.0,695.0,695.0,700.0,700.0,700.0,2740.0,2740.0,2740.0,83.0,83.0,83.0,695.0,695.0,695.0
1.0,8091.0,2136.0,2085.0,120.0,2265.0,755.0,755.0,755.0,695.0,695.0,695.0,712.0,712.0,712.0,2697.0,2697.0,2697.0,755.0,755.0,755.0,695.0,695.0,695.0
1.0,6075.0,2136.0,2088.0,249.0,4164.0,1388.0,1388.0,1388.0,696.0,696.0,696.0,712.0,712.0,712.0,2025.0,2025.0,2025.0,1388.0,1388.0,1388.0,696.0,696.0,696.0
1.0,4188.0,2091.0,2088.0,2265.0,3990.0,1330.0,1330.0,1330.0,696.0,696.0,696.0,697.0,697.0,697.0,1396.0,1396.0,1396.0,1330.0,1330.0,1330.0,696.0,696.0,696.0
1.0,4362.0,2133.0,2088.0,4164.0,1959.0,653.0,653.0,653.0,696.0,696.0,696.0,711.0,711.0,711.0,1454.0,1454.0,1454.0,653.0,653.0,653.0,696.0,696.0,696.0
1.0,6393.0,2073.0,2085.0,3990.0,30.0,10.0,10.0,10.0,695.0,695.0,695.0,691.0,691.0,691.0,2131.0,2131.0,2131.0,10.0,10.0,10.0,695.0,695.0,695.0
1.0,8310.0,2133.0,2088.0,1959.0,216.0,72.0,72.0,72.0,696.0,696.0,696.0,711.0,711.0,711.0,2770.0,2770.0,2770.0,72.0,72.0,72.0,696.0,696.0,696.0
1.0,8136.0,2124.0,2088.0,30.0,2310.0,770.0,770.0,770.0,696.0,696.0,696.0,708.0,708.0,708.0,2712.0,2712.0,2712.0,770.0,770.0,770.0,696.0,696.0,696.0
1.0,6042.0,2172.0,2088.0,216.0,4266.0,1422.0,1422.0,1422.0,696.0,696.0,696.0,724.0,724.0,724.0,2014.0,2014.0,2014.0,1422.0,1422.0,1422.0,696.0,696.0,696.0
1.0,4086.0,2085.0,2088.0,2310.0,4041.0,1347.0,1347.0,1347.0,696.0,696.0,696.0,695.0,695.0,695.0,1362.0,1362.0,1362.0,1347.0,1347.0,1347.0,696.0,696.0,696.0
1.0,4311.0,2112.0,2091.0,4266.0,1899.0,633.0,633.0,633.0,697.0,697.0,697.0,704.0,704.0,704.0,1437.0,1437.0,1437.0,633.0,633.0,633.0,697.0,697.0,697.0
1.0,6465.0,2088.0,2088.0,4041.0,0.0,0.0,0.0,0.0,696.0,696.0,696.0,696.0,696.0,696.0,2155.0,2155.0,2155.0,0.0,0.0,0.0,696.0,696.0,696.0
1.0,8418.0,2157.0,2088.0,1899.0,192.0,64.0,64.0,64.0,696.0,696.0,696.0,719.0,719.0,719.0,2806.0,2806.0,2806.0,64.0,64.0,64.0,696.0,696.0,696.0
1.0,8160.0,2124.0,2088.0,0.0,2316.0,772.0,772.0,772.0,696.0,696.0,696.0,708.0,708.0,708.0,2720.0,2720.0,2720.0,772.0,772.0,772.0,696.0,696.0,696.0
1.0,6036.0,2088.0,2088.0,192.0,4212.0,1404.0,1404.0,1404.0,696.0,696.0,696.0,696.0,696.0,696.0,2012.0,2012.0,2012.0,1404.0,1404.0,1404.0,696.0,696.0,696.0
1.0,4140.0,2172.0,2091.0,2316.0,4080.0,1360.0,1360.0,1360.0,697.0,697.0,697.0,724.0,724.0,724.0,1380.0,1380.0,1380.0,1360.0,1360.0,1360.0,697.0,697.0,697.0
1.0,4284.0,2136.0,2091.0,4212.0,2004.0,668.0,668.0,668.0,697.0,697.0,697.0,712.0,712.0,712.0,1428.0,1428.0,1428.0,668.0,668.0,668.0,697.0,697.0,697.0
1.0,6360.0,2142.0,2091.0,4080.0,66.0,22.0,22.0,22.0,697.0,697.0,697.0,714.0,714.0,714.0,2120.0,2120.0,2120.0,22.0,22.0,22.0,697.0,697.0,697.0
1.0,8298.0,2094.0,2091.0,2004.0,156.0,52.0,52.0,52.0,697.0,697.0,697.0,698.0,698.0,698.0,2766.0,2766.0,2766.0,52.0,52.0,52.0,697.0,697.0,697.0
1.0,8208.0,2181.0,2094.0,66.0,2283.0,761.0,761.0,761.0,698.0,698.0,698.0,727.0,727.0,727.0,2736.0,2736.0,2736.0,761.0,761.0,761.0,698.0,698.0,698.0
1.0,6093.0,2124.0,2094.0,156.0,4251.0,1417.0,1417.0,1417.0,698.0,698.0,698.0,708.0,708.0,708.0,2031.0,2031.0,2031.0,1417.0,1417.0,1417.0,698.0,698.0,698.0
1.0,4125.0,2115.0,2094.0,2283.0,4083.0,1361.0,1361.0,1361.0,698.0,698.0,698.0,705.0,705.0,705.0,1375.0,1375.0,1375.0,1361.0,1361.0,1361.0,698.0,698.0,698.0
1.0,4293.0,2178.0,2097.0,4251.0,2022.0,674.0,674.0,674.0,699.0,699.0,699.0,726.0,726.0,726.0,1431.0,1431.0,1431.0,674.0,674.0,674.0,699.0,699.0,699.0
1.0,6366.0,2073.0,2097.0,4083.0,12.0,4.0,4.0,4.0,699.0,699.0,699.0,691.0,691.0,691.0,2122.0,2122.0,2122.0,4.0,4.0,4.0,699.0,699.0,699.0
1.0,8376.0,2097.0,2100.0,2022.0,99.0,33.0,33.0,33.0,700.0,700.0,700.0,699.0,699.0,699.0,2792.0,2792.0,2792.0,33.0,33.0,33.0,700.0,700.0,700.0
1.0,8301.0,2112.0,2100.0,12.0,2199.0,733.0,733.0,733.0,700.0,700.0,700.0,704.0,704.0,704.0,2767.0,2767.0,2767.0,733.0,733.0,733.0,700.0,700.0,700.0
1.0,6201.0,2085.0,2100.0,99.0,4185.0,1395.0,1395.0,1395.0,700.0,700.0,700.0,695.0,695.0,695.0,2067.0,2067.0,2067.0,1395.0,1395.0,1395.0,700.0,700.0,700.0
1.0,4215.0,2172.0,2100.0,2199.0,4158.0,1386.0,1386.0,1386.0,700.0,700.0,700.0,724.0,724.0,724.0,1405.0,1405.0,1405.0,1386.0,1386.0,1386.0,700.0,700.0,700.0
1.0,4242.0,2106.0,2103.0,4185.0,2091.0,697.0,697.0,697.0,701.0,701.0,701.0,702.0,702.0,702.0,1414.0,1414.0,1414.0,697.0,697.0,697.0,701.0,701.0,701.0
1.0,6321.0,2175.0,2103.0,4158.0,108.0,36.0,36.0,36.0,701.0,701.0,701.0,725.0,725.0,725.0,2107.0,2107.0,2107.0,36.0,36.0,36.0,701.0,701.0,701.0
1.0,8304.0,2121.0,2106.0,2091.0,150.0,50.0,50.0,50.0,702.0,702.0,702.0,707.0,707.0,707.0,2768.0,2768.0,2768.0,50.0,50.0,50.0,702.0,702.0,702.0
1.0,8274.0,2103.0,2106.0,108.0,2145.0,715.0,715.0,715.0,702.0,702.0,702.0,701.0,701.0,701.0,2758.0,2758.0,2758.0,715.0,715.0,715.0,702.0,702.0,702.0
1.0,6279.0,2142.0,2106.0,150.0,4137.0,1379.0,1379.0,1379.0,702.0,702.0,702.0,714.0,714.0,714.0,2093.0,2093.0,2093.0,1379.0,1379.0,1379.0,702.0,702.0,702.0
1.0,4287.0,2085.0,2106.0,2145.0,4077.0,1359.0,1359.0,1359.0,702.0,702.0,702.0,695.0,695.0,695.0,1429.0,1429.0,1429.0,1359.0,1359.0,1359.0,702.0,702.0,702.0
1.0,4347.0,2088.0,2106.0,4137.0,2028.0,676.0,676.0,676.0,702.0,702.0,702.0,696.0,696.0,696.0,1449.0,1449.0,1449.0,676.0,676.0,676.0,702.0,702.0,702.0
1.0,6396.0,2100.0,2106.0,4077.0,51.0,17.0,17.0,17.0,702.0,702.0,702.0,700.0,700.0,700.0,2132.0,2132.0,2132.0,17.0,17.0,17.0,702.0,702.0,702.0
1.0,8373.0,2145.0,2109.0,2028.0,180.0,60.0,60.0,60.0,703.0,703.0,703.0,715.0,715.0,715.0,2791.0,2791.0,2791.0,60.0,60.0,60.0,703.0,703.0,703.0
1.0,8256.0,2106.0,2109.0,51.0,2235.0,745.0,745.0,745.0,703.0,703.0,703.0,702.0,702.0,702.0,2752.0,2752.0,2752.0,745.0,745.0,745.0,703.0,703.0,703.0
1.0,6201.0,2142.0,2109.0,180.0,4197.0,1399.0,1399.0,1399.0,703.0,703.0,703.0,714.0,714.0,714.0,2067.0,2067.0,2067.0,1399.0,1399.0,1399.0,703.0,703.0,703.0
1.0,4239.0,2112.0,2112.0,2235.0,4086.0,1362.0,1362.0,1362.0,704.0,704.0,704.0,704.0,704.0,704.0,1413.0,1413.0,1413.0,1362.0,1362.0,1362.0,704.0,704.0,704.0
1.0,4362.0,2097.0,2112.0,4197.0,1986.0,662.0,662.0,662.0,704.0,704.0,704.0,699.0,699.0,699.0,1454.0,1454.0,1454.0,662.0,662.0,662.0,704.0,704.0,704.0
1.0,6462.0,2127.0,2112.0,4086.0,27.0,9.0,9.0,9.0,704.0,704.0,704.0,709.0,709.0,709.0,2154.0,2154.0,2154.0,9.0,9.0,9.0,704.0,704.0,704.0
1.0,8421.0,2148.0,2115.0,1986.0,201.0,67.0,67.0,67.0,705.0,705.0,705.0,716.0,716.0,716.0,2807.0,2807.0,2807.0,67.0,67.0,67.0,705.0,705.0,705.0
1.0,8259.0,2157.0,2115.0,27.0,2331.0,777.0,777.0,777.0,705.0,705.0,705.0,719.0,719.0,719.0,2753.0,2753.0,2753.0,777.0,777.0,777.0,705.0,705.0,705.0
1.0,6129.0,2190.0,2118.0,201.0,4332.0,1444.0,1444.0,1444.0,706.0,706.0,706.0,730.0,730.0,730.0,2043.0,2043.0,2043.0,1444.0,1444.0,1444.0,706.0,706.0,706.0
1.0,4140.0,2145.0,2121.0,2331.0,4158.0,1386.0,1386.0,1386.0,707.0,707.0,707.0,715.0,715.0,715.0,1380.0,1380.0,1380.0,1386.0,1386.0,1386.0,707.0,707.0,707.0
1.0,4326.0,2145.0,2121.0,4332.0,1971.0,657.0,657.0,657.0,707.0,707.0,707.0,715.0,715.0,715.0,1442.0,1442.0,1442.0,657.0,657.0,657.0,707.0,707.0,707.0
1.0,6513.0,2064.0,2121.0,4158.0,0.0,0.0,0.0,0.0,707.0,707.0,707.0,688.0,688.0,688.0,2171.0,2171.0,2171.0,0.0,0.0,0.0,707.0,707.0,707.0
1.0,8607.0,2112.0,2121.0,1971.0,18.0,6.0,6.0,6.0,707.0,707.0,707.0,704.0,704.0,704.0,2869.0,2869.0,2869.0,6.0,6.0,6.0,707.0,707.0,707.0
1.0,8466.0,2154.0,2124.0,0.0,2184.0,728.0,728.0,728.0,708.0,708.0,708.0,718.0,718.0,718.0,2822.0,2822.0,2822.0,728.0,728.0,728.0,708.0,708.0,708.0
1.0,6312.0,2139.0,2124.0,18.0,4305.0,1435.0,1435.0,1435.0,708.0,708.0,708.0,713.0,713.0,713.0,2104.0,2104.0,2104.0,1435.0,1435.0,1435.0,708.0,708.0,708.0
1.0,4191.0,2148.0,2124.0,2184.0,4269.0,1423.0,1423.0,1423.0,708.0,708.0,708.0,716.0,716.0,716.0,1397.0,1397.0,1397.0,1423.0,1423.0,1423.0,708.0,708.0,708.0
1.0,4227.0,2169.0,2127.0,4305.0,2145.0,715.0,715.0,715.0,709.0,709.0,709.0,723.0,723.0,723.0,1409.0,1409.0,1409.0,715.0,715.0,715.0,709.0,709.0,709.0
1.0,6363.0,2163.0,2127.0,4269.0,39.0,13.0,13.0,13.0,709.0,709.0,709.0,721.0,721.0,721.0,2121.0,2121.0,2121.0,13.0,13.0,13.0,709.0,709.0,709.0
1.0,8469.0,2076.0,2124.0,2145.0,0.0,0.0,0.0,0.0,708.0,708.0,708.0,692.0,692.0,692.0,2823.0,2823.0,2823.0,0.0,0.0,0.0,708.0,708.0,708.0
1.0,8538.0,2163.0,2127.0,39.0,2094.0,698.0,698.0,698.0,709.0,709.0,709.0,721.0,721.0,721.0,2846.0,2846.0,2846.0,698.0,698.0,698.0,709.0,709.0,709.0
1.0,6414.0,2121.0,2127.0,0.0,4215.0,1405.0,1405.0,1405.0,709.0,709.0,709.0,707.0,707.0,707.0,2138.0,2138.0,2138.0,1405.0,1405.0,1405.0,709.0,709.0,709.0
1.0,4293.0,2157.0,2127.0,2094.0,4278.0,1426.0,1426.0,1426.0,709.0,709.0,709.0,719.0,719.0,719.0,1431.0,1431.0,1431.0,1426.0,1426.0,1426.0,709.0,709.0,709.0
1.0,4230.0,2124.0,2127.0,4215.0,2187.0,729.0,729.0,729.0,709.0,709.0,709.0,708.0,708.0,708.0,1410.0,1410.0,1410.0,729.0,729.0,729.0,709.0,709.0,709.0
1.0,6321.0,2190.0,2130.0,4278.0,111.0,37.0,37.0,37.0,710.0,710.0,710.0,730.0,730.0,730.0,2107.0,2107.0,2107.0,37.0,37.0,37.0,710.0,710.0,710.0
1.0,8409.0,2124.0,2127.0,2187.0,36.0,12.0,12.0,12.0,709.0,709.0,709.0,708.0,708.0,708.0,2803.0,2803.0,2803.0,12.0,12.0,12.0,709.0,709.0,709.0
1.0,8472.0,2139.0,2130.0,111.0,2076.0,692.0,692.0,692.0,710.0,710.0,710.0,713.0,713.0,713.0,2824.0,2824.0,2824.0,692.0,692.0,692.0,710.0,710.0,710.0
1.0,6444.0,2151.0,2130.0,36.0,4191.0,1397.0,1397.0,1397.0,710.0,710.0,710.0,717.0,717.0,717.0,2148.0,2148.0,2148.0,1397.0,1397.0,1397.0,710.0,710.0,710.0
1.0,4329.0,2166.0,2133.0,2076.0,4293.0,1431.0,1431.0,1431.0,711.0,711.0,711.0,722.0,722.0,722.0,1443.0,1443.0,1443.0,1431.0,1431.0,1431.0,711.0,711.0,711.0
1.0,4239.0,2157.0,2133.0,4191.0,2259.0,753.0,753.0,753.0,711.0,711.0,711.0,719.0,719.0,719.0,1413.0,1413.0,1413.0,753.0,753.0,753.0,711.0,711.0,711.0
1.0,6273.0,2190.0,2133.0,4293.0,156.0,52.0,52.0,52.0,711.0,711.0,711.0,730.0,730.0,730.0,2091.0,2091.0,2091.0,52.0,52.0,52.0,711.0,711.0,711.0
1.0,8376.0,2154.0,2133.0,2259.0,51.0,17.0,17.0,17.0,711.0,711.0,711.0,718.0,718.0,718.0,2792.0,2792.0,2792.0,17.0,17.0,17.0,711.0,711.0,711.0
1.0,8481.0,2151.0,2133.0,156.0,2046.0,682.0,682.0,682.0,711.0,711.0,711.0,717.0,717.0,717.0,2827.0,2827.0,2827.0,682.0,682.0,682.0,711.0,711.0,711.0
1.0,6486.0,2175.0,2136.0,51.0,4182.0,1394.0,1394.0,1394.0,712.0,712.0,712.0,725.0,725.0,725.0,2162.0,2162.0,2162.0,1394.0,1394.0,1394.0,712.0,712.0,712.0
1.0,4362.0,2139.0,2133.0,2046.0,4263.0,1421.0,1421.0,1421.0,711.0,711.0,711.0,713.0,713.0,713.0,1454.0,1454.0,1454.0,1421.0,1421.0,1421.0,711.0,711.0,711.0
1.0,4269.0,2181.0,2136.0,4182.0,2274.0,758.0,758.0,758.0,712.0,712.0,712.0,727.0,727.0,727.0,1423.0,1423.0,1423.0,758.0,758.0,758.0,712.0,712.0,712.0
1.0,6270.0,2124.0,2136.0,4263.0,135.0,45.0,45.0,45.0,712.0,712.0,712.0,708.0,708.0,708.0,2090.0,2090.0,2090.0,45.0,45.0,45.0,712.0,712.0,712.0
1.0,8409.0,2175.0,2136.0,2274.0,36.0,12.0,12.0,12.0,712.0,712.0,712.0,725.0,725.0,725.0,2803.0,2803.0,2803.0,12.0,12.0,12.0,712.0,712.0,712.0
1.0,8508.0,2166.0,2136.0,135.0,2067.0,689.0,689.0,689.0,712.0,712.0,712.0,722.0,722.0,722.0,2836.0,2836.0,2836.0,689.0,689.0,689.0,712.0,712.0,712.0
1.0,6477.0,2223.0,2139.0,36.0,4266.0,1422.0,1422.0,1422.0,713.0,713.0,713.0,741.0,741.0,741.0,2159.0,2159.0,2159.0,1422.0,1422.0,1422.0,713.0,713.0,713.0
1.0,4290.0,2193.0,2139.0,2067.0,4392.0,1464.0,1464.0,1464.0,713.0,713.0,713.0,731.0,731.0,731.0,1430.0,1430.0,1430.0,1464.0,1464.0,1464.0,713.0,713.0,713.0
1.0,4164.0,2133.0,2142.0,4266.0,2271.0,757.0,757.0,757.0,714.0,714.0,714.0,711.0,711.0,711.0,1388.0,1388.0,1388.0,757.0,757.0,757.0,714.0,714.0,714.0
1.0,6297.0,2148.0,2142.0,4392.0,27.0,9.0,9.0,9.0,714.0,714.0,714.0,716.0,716.0,716.0,2099.0,2099.0,2099.0,9.0,9.0,9.0,714.0,714.0,714.0
1.0,8541.0,2169.0,2142.0,2271.0,0.0,0.0,0.0,0.0,714.0,714.0,714.0,723.0,723.0,723.0,2847.0,2847.0,2847.0,0.0,0.0,0.0,714.0,714.0,714.0
1.0,8643.0,2115.0,2142.0,27.0,2013.0,671.0,671.0,671.0,714.0,714.0,714.0,705.0,705.0,705.0,2881.0,2881.0,2881.0,671.0,671.0,671.0,714.0,714.0,714.0
1.0,6555.0,2151.0,2142.0,0.0,4164.0,1388.0,1388.0,1388.0,714.0,714.0,714.0,717.0,717.0,717.0,2185.0,2185.0,2185.0,1388.0,1388.0,1388.0,714.0,714.0,714.0
1.0,4404.0,2169.0,2142.0,2013.0,4320.0,1440.0,1440.0,1440.0,714.0,714.0,714.0,723.0,723.0,723.0,1468.0,1468.0,1468.0,1440.0,1440.0,1440.0,714.0,714.0,714.0
1.0,4248.0,2163.0,2145.0,4164.0,2331.0,777.0,777.0,777.0,715.0,715.0,715.0,721.0,721.0,721.0,1416.0,1416.0,1416.0,777.0,777.0,777.0,715.0,715.0,715.0
1.0,6249.0,2133.0,2145.0,4320.0,144.0,48.0,48.0,48.0,715.0,715.0,715.0,711.0,711.0,711.0,2083.0,2083.0,2083.0,48.0,48.0,48.0,715.0,715.0,715.0
1.0,8436.0,2142.0,2145.0,2331.0,0.0,0.0,0.0,0.0,715.0,715.0,715.0,714.0,714.0,714.0,2812.0,2812.0,2812.0,0.0,0.0,0.0,715.0,715.0,715.0
1.0,8625.0,2112.0,2145.0,144.0,1923.0,641.0,641.0,641.0,715.0,715.0,715.0,704.0,704.0,704.0,2875.0,2875.0,2875.0,641.0,641.0,641.0,715.0,715.0,715.0
1.0,6657.0,2133.0,2145.0,0.0,4056.0,1352.0,1352.0,1352.0,715.0,715.0,715.0,711.0,711.0,711.0,2219.0,2219.0,2219.0,1352.0,1352.0,1352.0,715.0,715.0,715.0
1.0,4524.0,2139.0,2145.0,1923.0,4272.0,1424.0,1424.0,1424.0,715.0,715.0,715.0,713.0,713.0,713.0,1508.0,1508.0,1508.0,1424.0,1424.0,1424.0,715.0,715.0,715.0
1.0,4308.0,2199.0,2148.0,4056.0,2427.0,809.0,809.0,809.0,716.0,716.0,716.0,733.0,733.0,733.0,1436.0,1436.0,1436.0,809.0,809.0,809.0,716.0,716.0,716.0
1.0,6165.0,2178.0,2148.0,4272.0,333.0,111.0,111.0,111.0,716.0,716.0,716.0,726.0,726.0,726.0,2055.0,2055.0,2055.0,111.0,111.0,111.0,716.0,716.0,716.0
1.0,8259.0,2112.0,2148.0,2427.0,18.0,6.0,6.0,6.0,716.0,716.0,716.0,704.0,704.0,704.0,2753.0,2753.0,2753.0,6.0,6.0,6.0,716.0,716.0,716.0
1.0,8574.0,2160.0,2148.0,333.0,1845.0,615.0,615.0,615.0,716.0,716.0,716.0,720.0,720.0,720.0,2858.0,2858.0,2858.0,615.0,615.0,615.0,716.0,716.0,716.0
1.0,6747.0,2157.0,2151.0,18.0,3996.0,1332.0,1332.0,1332.0,717.0,717.0,717.0,719.0,719.0,719.0,2249.0,2249.0,2249.0,1332.0,1332.0,1332.0,717.0,717.0,717.0
1.0,4608.0,2157.0,2151.0,1845.0,4308.0,1436.0,1436.0,1436.0,717.0,717.0,717.0,719.0,719.0,719.0,1536.0,1536.0,1536.0,1436.0,1436.0,1436.0,717.0,717.0,717.0
1.0,4296.0,2160.0,2151.0,3996.0,2472.0,824.0,824.0,824.0,717.0,717.0,717.0,720.0,720.0,720.0,1432.0,1432.0,1432.0,824.0,824.0,824.0,717.0,717.0,717.0
1.0,6132.0,2157.0,2151.0,4308.0,321.0,107.0,107.0,107.0,717.0,717.0,717.0,719.0,719.0,719.0,2044.0,2044.0,2044.0,107.0,107.0,107.0,717.0,717.0,717.0
1.0,8283.0,2214.0,2151.0,2472.0,63.0,21.0,21.0,21.0,717.0,717.0,717.0,738.0,738.0,738.0,2761.0,2761.0,2761.0,21.0,21.0,21.0,717.0,717.0,717.0
1.0,8541.0,2202.0,2154.0,321.0,1956.0,652.0,652.0,652.0,718.0,718.0,718.0,734.0,734.0,734.0,2847.0,2847.0,2847.0,652.0,652.0,652.0,718.0,718.0,718.0
1.0,6660.0,2124.0,2151.0,63.0,4005.0,1335.0,1335.0,1335.0,717.0,717.0,717.0,708.0,708.0,708.0,2220.0,2220.0,2220.0,1335.0,1335.0,1335.0,717.0,717.0,717.0
1.0,4599.0,2196.0,2154.0,1956.0,4257.0,1419.0,1419.0,1419.0,718.0,718.0,718.0,732.0,732.0,732.0,1533.0,1533.0,1533.0,1419.0,1419.0,1419.0,718.0,718.0,718.0
1.0,4359.0,2169.0,2157.0,4005.0,2433.0,811.0,811.0,811.0,719.0,719.0,719.0,723.0,723.0,723.0,1453.0,1453.0,1453.0,811.0,811.0,811.0,719.0,719.0,719.0
1.0,6195.0,2178.0,2157.0,4257.0,354.0,118.0,118.0,118.0,719.0,719.0,719.0,726.0,726.0,726.0,2065.0,2065.0,2065.0,118.0,118.0,118.0,719.0,719.0,719.0
1.0,8274.0,2148.0,2157.0,2433.0,69.0,23.0,23.0,23.0,719.0,719.0,719.0,716.0,716.0,716.0,2758.0,2758.0,2758.0,23.0,23.0,23.0,719.0,719.0,719.0
1.0,8559.0,2196.0,2157.0,354.0,1911.0,637.0,637.0,637.0,719.0,719.0,719.0,732.0,732.0,732.0,2853.0,2853.0,2853.0,637.0,637.0,637.0,719.0,719.0,719.0
1.0,6717.0,2220.0,2157.0,69.0,4062.0,1354.0,1354.0,1354.0,719.0,719.0,719.0,740.0,740.0,740.0,2239.0,2239.0,2239.0,1354.0,1354.0,1354.0,719.0,719.0,719.0
1.0,4566.0,2169.0,2160.0,1911.0,4332.0,1444.0,1444.0,1444.0,720.0,720.0,720.0,723.0,723.0,723.0,1522.0,1522.0,1522.0,1444.0,1444.0,1444.0,720.0,720.0,720.0
1.0,4308.0,2220.0,2160.0,4062.0,2490.0,830.0,830.0,830.0,720.0,720.0,720.0,740.0,740.0,740.0,1436.0,1436.0,1436.0,830.0,830.0,830.0,720.0,720.0,720.0
1.0,6150.0,2178.0,2163.0,4332.0,348.0,116.0,116.0,116.0,721.0,721.0,721.0,726.0,726.0,726.0,2050.0,2050.0,2050.0,116.0,116.0,116.0,721.0,721.0,721.0
1.0,8304.0,2172.0,2163.0,2490.0,30.0,10.0,10.0,10.0,721.0,721.0,721.0,724.0,724.0,724.0,2768.0,2768.0,2768.0,10.0,10.0,10.0,721.0,721.0,721.0
1.0,8622.0,2199.0,2163.0,348.0,1881.0,627.0,627.0,627.0,721.0,721.0,721.0,733.0,733.0,733.0,2874.0,2874.0,2874.0,627.0,627.0,627.0,721.0,721.0,721.0
1.0,6771.0,2196.0,2166.0,30.0,4059.0,1353.0,1353.0,1353.0,722.0,722.0,722.0,732.0,732.0,732.0,2257.0,2257.0,2257.0,1353.0,1353.0,1353.0,722.0,722.0,722.0
1.0,4605.0,2175.0,2163.0,1881.0,4341.0,1447.0,1447.0,1447.0,721.0,721.0,721.0,725.0,725.0,725.0,1535.0,1535.0,1535.0,1447.0,1447.0,1447.0,721.0,721.0,721.0
1.0,4311.0,2163.0,2166.0,4059.0,2457.0,819.0,819.0,819.0,722.0,722.0,722.0,721.0,721.0,721.0,1437.0,1437.0,1437.0,819.0,819.0,819.0,722.0,722.0,722.0
1.0,6207.0,2190.0,2166.0,4341.0,306.0,102.0,102.0,102.0,722.0,722.0,722.0,730.0,730.0,730.0,2069.0,2069.0,2069.0,102.0,102.0,102.0,722.0,722.0,722.0
1.0,8358.0,2163.0,2166.0,2457.0,12.0,4.0,4.0,4.0,722.0,722.0,722.0,721.0,721.0,721.0,2786.0,2786.0,2786.0,4.0,4.0,4.0,722.0,722.0,722.0
1.0,8652.0,2172.0,2166.0,306.0,1878.0,626.0,626.0,626.0,722.0,722.0,722.0,724.0,724.0,724.0,2884.0,2884.0,2884.0,626.0,626.0,626.0,722.0,722.0,722.0
1.0,6786.0,2214.0,2169.0,12.0,4092.0,1364.0,1364.0,1364.0,723.0,723.0,723.0,738.0,738.0,738.0,2262.0,2262.0,2262.0,1364.0,1364.0,1364.0,723.0,723.0,723.0
1.0,4584.0,2166.0,2166.0,1878.0,4368.0,1456.0,1456.0,1456.0,722.0,722.0,722.0,722.0,722.0,722.0,1528.0,1528.0,1528.0,1456.0,1456.0,1456.0,722.0,722.0,722.0
1.0,4296.0,2202.0,2169.0,4092.0,2490.0,830.0,830.0,830.0,723.0,723.0,723.0,734.0,734.0,734.0,1432.0,1432.0,1432.0,830.0,830.0,830.0,723.0,723.0,723.0
1.0,6186.0,2187.0,2169.0,4368.0,309.0,103.0,103.0,103.0,723.0,723.0,723.0,729.0,729.0,729.0,2062.0,2062.0,2062.0,103.0,103.0,103.0,723.0,723.0,723.0
1.0,8367.0,2196.0,2169.0,2490.0,15.0,5.0,5.0,5.0,723.0,723.0,723.0,732.0,732.0,732.0,2789.0,2789.0,2789.0,5.0,5.0,5.0,723.0,723.0,723.0
1.0,8661.0,2220.0,2172.0,309.0,1938.0,646.0,646.0,646.0,724.0,724.0,724.0,740.0,740.0,740.0,2887.0,2887.0,2887.0,646.0,646.0,646.0,724.0,724.0,724.0
1.0,6750.0,2220.0,2172.0,15.0,4143.0,1381.0,1381.0,1381.0,724.0,724.0,724.0,740.0,740.0,740.0,2250.0,2250.0,2250.0,1381.0,1381.0,1381.0,724.0,724.0,724.0
1.0,4545.0,2205.0,2172.0,1938.0,4410.0,1470.0,1470.0,1470.0,724.0,724.0,724.0,735.0,735.0,735.0,1515.0,1515.0,1515.0,1470.0,1470.0,1470.0,724.0,724.0,724.0
1.0,4278.0,2229.0,2175.0,4143.0,2508.0,836.0,836.0,836.0,725.0,725.0,725.0,743.0,743.0,743.0,1426.0,1426.0,1426.0,836.0,836.0,836.0,725.0,725.0,725.0
1.0,6192.0,2172.0,2175.0,4410.0,270.0,90.0,90.0,90.0,725.0,725.0,725.0,724.0,724.0,724.0,2064.0,2064.0,2064.0,90.0,90.0,90.0,725.0,725.0,725.0
1.0,8430.0,2175.0,2172.0,2508.0,0.0,0.0,0.0,0.0,724.0,724.0,724.0,725.0,725.0,725.0,2810.0,2810.0,2810.0,0.0,0.0,0.0,724.0,724.0,724.0
1.0,8763.0,2178.0,2172.0,270.0,1833.0,611.0,611.0,611.0,724.0,724.0,724.0,726.0,726.0,726.0,2921.0,2921.0,2921.0,611.0,611.0,611.0,724.0,724.0,724.0
1.0,6855.0,2145.0,2172.0,0.0,3978.0,1326.0,1326.0,1326.0,724.0,724.0,724.0,715.0,715.0,715.0,2285.0,2285.0,2285.0,1326.0,1326.0,1326.0,724.0,724.0,724.0
1.0,4710.0,2199.0,2175.0,1833.0,4356.0,1452.0,1452.0,1452.0,725.0,725.0,725.0,733.0,733.0,733.0,1570.0,1570.0,1570.0,1452.0,1452.0,1452.0,725.0,725.0,725.0
1.0,4344.0,2196.0,2175.0,3978.0,2574.0,858.0,858.0,858.0,725.0,725.0,725.0,732.0,732.0,732.0,1448.0,1448.0,1448.0,858.0,858.0,858.0,725.0,725.0,725.0
1.0,6126.0,2163.0,2175.0,4356.0,381.0,127.0,127.0,127.0,725.0,725.0,725.0,721.0,721.0,721.0,2042.0,2042.0,2042.0,127.0,127.0,127.0,725.0,725.0,725.0
1.0,8319.0,2181.0,2175.0,2574.0,0.0,0.0,0.0,0.0,725.0,725.0,725.0,727.0,727.0,727.0,2773.0,2773.0,2773.0,0.0,0.0,0.0,725.0,725.0,725.0
1.0,8712.0,2166.0,2175.0,381.0,1773.0,591.0,591.0,591.0,725.0,725.0,725.0,722.0,722.0,722.0,2904.0,2904.0,2904.0,591.0,591.0,591.0,725.0,725.0,725.0
1.0,6927.0,2166.0,2175.0,0.0,3939.0,1313.0,1313.0,1313.0,725.0,725.0,725.0,722.0,722.0,722.0,2309.0,2309.0,2309.0,1313.0,1313.0,1313.0,725.0,725.0,725.0
1.0,4761.0,2193.0,2178.0,1773.0,4371.0,1457.0,1457.0,1457.0,726.0,726.0,726.0,731.0,731.0,731.0,1587.0,1587.0,1587.0,1457.0,1457.0,1457.0,726.0,726.0,726.0
1.0,4341.0,2184.0,2178.0,3939.0,2616.0,872.0,872.0,872.0,726.0,726.0,726.0,728.0,728.0,728.0,1447.0,1447.0,1447.0,872.0,872.0,872.0,726.0,726.0,726.0
1.0,6096.0,2196.0,2181.0,4371.0,453.0,151.0,151.0,151.0,727.0,727.0,727.0,732.0,732.0,732.0,2032.0,2032.0,2032.0,151.0,151.0,151.0,727.0,727.0,727.0
1.0,8271.0,2121.0,2181.0,2616.0,0.0,0.0,0.0,0.0,727.0,727.0,727.0,707.0,707.0,707.0,2757.0,2757.0,2757.0,0.0,0.0,0.0,727.0,727.0,727.0
1.0,8766.0,2220.0,2181.0,453.0,1725.0,575.0,575.0,575.0,727.0,727.0,727.0,740.0,740.0,740.0,2922.0,2922.0,2922.0,575.0,575.0,575.0,727.0,727.0,727.0
1.0,6999.0,2250.0,2181.0,0.0,3975.0,1325.0,1325.0,1325.0,727.0,727.0,727.0,750.0,750.0,750.0,2333.0,2333.0,2333.0,1325.0,1325.0,1325.0,727.0,727.0,727.0
1.0,4749.0,2160.0,2181.0,1725.0,4410.0,1470.0,1470.0,1470.0,727.0,727.0,727.0,720.0,720.0,720.0,1583.0,1583.0,1583.0,1470.0,1470.0,1470.0,727.0,727.0,727.0
1.0,4314.0,2139.0,2181.0,3975.0,2574.0,858.0,858.0,858.0,727.0,727.0,727.0,713.0,713.0,713.0,1438.0,1438.0,1438.0,858.0,858.0,858.0,727.0,727.0,727.0
1.0,6150.0,2139.0,2181.0,4410.0,303.0,101.0,101.0,101.0,727.0,727.0,727.0,713.0,713.0,713.0,2050.0,2050.0,2050.0,101.0,101.0,101.0,727.0,727.0,727.0
1.0,8421.0,2181.0,2181.0,2574.0,0.0,0.0,0.0,0.0,727.0,727.0,727.0,727.0,727.0,727.0,2807.0,2807.0,2807.0,0.0,0.0,0.0,727.0,727.0,727.0
1.0,8814.0,2166.0,2184.0,303.0,1785.0,595.0,595.0,595.0,728.0,728.0,728.0,722.0,722.0,722.0,2938.0,2938.0,2938.0,595.0,595.0,595.0,728.0,728.0,728.0
1.0,6951.0,2205.0,2184.0,0.0,3990.0,1330.0,1330.0,1330.0,728.0,728.0,728.0,735.0,735.0,735.0,2317.0,2317.0,2317.0,1330.0,1330.0,1330.0,728.0,728.0,728.0
1.0,4746.0,2178.0,2184.0,1785.0,4383.0,1461.0,1461.0,1461.0,728.0,728.0,728.0,726.0,726.0,726.0,1582.0,1582.0,1582.0,1461.0,1461.0,1461.0,728.0,728.0,728.0
1.0,4353.0,2178.0,2184.0,3990.0,2571.0,857.0,857.0,857.0,728.0,728.0,728.0,726.0,726.0,726.0,1451.0,1451.0,1451.0,857.0,857.0,857.0,728.0,728.0,728.0
1.0,6165.0,2256.0,2184.0,4383.0,444.0,148.0,148.0,148.0,728.0,728.0,728.0,752.0,752.0,752.0,2055.0,2055.0,2055.0,148.0,148.0,148.0,728.0,728.0,728.0
1.0,8292.0,2094.0,2184.0,2571.0,0.0,0.0,0.0,0.0,728.0,728.0,728.0,698.0,698.0,698.0,2764.0,2764.0,2764.0,0.0,0.0,0.0,728.0,728.0,728.0
1.0,8769.0,2280.0,2184.0,444.0,1803.0,601.0,601.0,601.0,728.0,728.0,728.0,760.0,760.0,760.0,2923.0,2923.0,2923.0,601.0,601.0,601.0,728.0,728.0,728.0
1.0,6933.0,2196.0,2187.0,0.0,4011.0,1337.0,1337.0,1337.0,729.0,729.0,729.0,732.0,732.0,732.0,2311.0,2311.0,2311.0,1337.0,1337.0,1337.0,729.0,729.0,729.0
1.0,4737.0,2229.0,2187.0,1803.0,4437.0,1479.0,1479.0,1479.0,729.0,729.0,729.0,743.0,743.0,743.0,1579.0,1579.0,1579.0,1479.0,1479.0,1479.0,729.0,729.0,729.0
1.0,4311.0,2175.0,2187.0,4011.0,2601.0,867.0,867.0,867.0,729.0,729.0,729.0,725.0,725.0,725.0,1437.0,1437.0,1437.0,867.0,867.0,867.0,729.0,729.0,729.0
1.0,6147.0,2223.0,2187.0,4437.0,387.0,129.0,129.0,129.0,729.0,729.0,729.0,741.0,741.0,741.0,2049.0,2049.0,2049.0,129.0,129.0,129.0,729.0,729.0,729.0
1.0,8361.0,2247.0,2187.0,2601.0,33.0,11.0,11.0,11.0,729.0,729.0,729.0,749.0,749.0,749.0,2787.0,2787.0,2787.0,11.0,11.0,11.0,729.0,729.0,729.0
1.0,8715.0,2211.0,2190.0,387.0,1869.0,623.0,623.0,623.0,730.0,730.0,730.0,737.0,737.0,737.0,2905.0,2905.0,2905.0,623.0,623.0,623.0,730.0,730.0,730.0
1.0,6891.0,2259.0,2190.0,33.0,4095.0,1365.0,1365.0,1365.0,730.0,730.0,730.0,753.0,753.0,753.0,2297.0,2297.0,2297.0,1365.0,1365.0,1365.0,730.0,730.0,730.0
1.0,4665.0,2223.0,2190.0,1869.0,4449.0,1483.0,1483.0,1483.0,730.0,730.0,730.0,741.0,741.0,741.0,1555.0,1555.0,1555.0,1483.0,1483.0,1483.0,730.0,730.0,730.0
1.0,4311.0,2232.0,2193.0,4095.0,2598.0,866.0,866.0,866.0,731.0,731.0,731.0,744.0,744.0,744.0,1437.0,1437.0,1437.0,866.0,866.0,866.0,731.0,731.0,731.0
1.0,6174.0,2208.0,2193.0,4449.0,357.0,119.0,119.0,119.0,731.0,731.0,731.0,736.0,736.0,736.0,2058.0,2058.0,2058.0,119.0,119.0,119.0,731.0,731.0,731.0
1.0,8415.0,2217.0,2193.0,2598.0,0.0,0.0,0.0,0.0,731.0,731.0,731.0,739.0,739.0,739.0,2805.0,2805.0,2805.0,0.0,0.0,0.0,731.0,731.0,731.0
1.0,8796.0,2244.0,2193.0,357.0,1863.0,621.0,621.0,621.0,731.0,731.0,731.0,748.0,748.0,748.0,2932.0,2932.0,2932.0,621.0,621.0,621.0,731.0,731.0,731.0
1.0,6909.0,2217.0,2196.0,0.0,4092.0,1364.0,1364.0,1364.0,732.0,732.0,732.0,739.0,739.0,739.0,2303.0,2303.0,2303.0,1364.0,1364.0,1364.0,732.0,732.0,732.0
1.0,4692.0,2211.0,2196.0,1863.0,4440.0,1480.0,1480.0,1480.0,732.0,732.0,732.0,737.0,737.0,737.0,1564.0,1564.0,1564.0,1480.0,1480.0,1480.0,732.0,732.0,732.0
1.0,4344.0,2259.0,2196.0,4092.0,2607.0,869.0,869.0,869.0,732.0,732.0,732.0,753.0,753.0,753.0,1448.0,1448.0,1448.0,869.0,869.0,869.0,732.0,732.0,732.0
1.0,6177.0,2196.0,2196.0,4440.0,363.0,121.0,121.0,121.0,732.0,732.0,732.0,732.0,732.0,732.0,2059.0,2059.0,2059.0,121.0,121.0,121.0,732.0,732.0,732.0
1.0,8421.0,2235.0,2199.0,2607.0,3.0,1.0,1.0,1.0,733.0,733.0,733.0,745.0,745.0,745.0,2807.0,2807.0,2807.0,1.0,1.0,1.0,733.0,733.0,733.0
1.0,8793.0,2214.0,2199.0,363.0,1854.0,618.0,618.0,618.0,733.0,733.0,733.0,738.0,738.0,738.0,2931.0,2931.0,2931.0,618.0,618.0,618.0,733.0,733.0,733.0
1.0,6942.0,2217.0,2199.0,3.0,4068.0,1356.0,1356.0,1356.0,733.0,733.0,733.0,739.0,739.0,739.0,2314.0,2314.0,2314.0,1356.0,1356.0,1356.0,733.0,733.0,733.0
1.0,4728.0,2262.0,2202.0,1854.0,4488.0,1496.0,1496.0,1496.0,734.0,734.0,734.0,754.0,754.0,754.0,1576.0,1576.0,1576.0,1496.0,1496.0,1496.0,734.0,734.0,734.0
1.0,4320.0,2220.0,2202.0,4068.0,2640.0,880.0,880.0,880.0,734.0,734.0,734.0,740.0,740.0,740.0,1440.0,1440.0,1440.0,880.0,880.0,880.0,734.0,734.0,734.0
1.0,6168.0,2244.0,2202.0,4488.0,396.0,132.0,132.0,132.0,734.0,734.0,734.0,748.0,748.0,748.0,2056.0,2056.0,2056.0,132.0,132.0,132.0,734.0,734.0,734.0
1.0,8412.0,2253.0,2202.0,2640.0,9.0,3.0,3.0,3.0,734.0,734.0,734.0,751.0,751.0,751.0,2804.0,2804.0,2804.0,3.0,3.0,3.0,734.0,734.0,734.0
1.0,8799.0,2250.0,2202.0,396.0,1863.0,621.0,621.0,621.0,734.0,734.0,734.0,750.0,750.0,750.0,2933.0,2933.0,2933.0,621.0,621.0,621.0,734.0,734.0,734.0
1.0,6945.0,2187.0,2202.0,9.0,4041.0,1347.0,1347.0,1347.0,734.0,734.0,734.0,729.0,729.0,729.0,2315.0,2315.0,2315.0,1347.0,1347.0,1347.0,734.0,734.0,734.0
1.0,4767.0,2193.0,2202.0,1863.0,4371.0,1457.0,1457.0,1457.0,734.0,734.0,734.0,731.0,731.0,731.0,1589.0,1589.0,1589.0,1457.0,1457.0,1457.0,734.0,734.0,734.0
1.0,4437.0,2211.0,2202.0,4041.0,2541.0,847.0,847.0,847.0,734.0,734.0,734.0,737.0,737.0,737.0,1479.0,1479.0,1479.0,847.0,847.0,847.0,734.0,734.0,734.0
1.0,6267.0,2280.0,2205.0,4371.0,462.0,154.0,154.0,154.0,735.0,735.0,735.0,760.0,760.0,760.0,2089.0,2089.0,2089.0,154.0,154.0,154.0,735.0,735.0,735.0
1.0,8358.0,2214.0,2208.0,2541.0,147.0,49.0,49.0,49.0,736.0,736.0,736.0,738.0,738.0,738.0,2786.0,2786.0,2786.0,49.0,49.0,49.0,736.0,736.0,736.0
1.0,8685.0,2205.0,2208.0,462.0,1890.0,630.0,630.0,630.0,736.0,736.0,736.0,735.0,735.0,735.0,2895.0,2895.0,2895.0,630.0,630.0,630.0,736.0,736.0,736.0
1.0,6942.0,2196.0,2208.0,147.0,3939.0,1313.0,1313.0,1313.0,736.0,736.0,736.0,732.0,732.0,732.0,2314.0,2314.0,2314.0,1313.0,1313.0,1313.0,736.0,736.0,736.0
1.0,4893.0,2208.0,2208.0,1890.0,4257.0,1419.0,1419.0,1419.0,736.0,736.0,736.0,736.0,736.0,736.0,1631.0,1631.0,1631.0,1419.0,1419.0,1419.0,736.0,736.0,736.0
1.0,4575.0,2187.0,2208.0,3939.0,2505.0,835.0,835.0,835.0,736.0,736.0,736.0,729.0,729.0,729.0,1525.0,1525.0,1525.0,835.0,835.0,835.0,736.0,736.0,736.0
1.0,6327.0,2199.0,2208.0,4257.0,447.0,149.0,149.0,149.0,736.0,736.0,736.0,733.0,733.0,733.0,2109.0,2109.0,2109.0,149.0,149.0,149.0,736.0,736.0,736.0
1.0,8385.0,2208.0,2208.0,2505.0,150.0,50.0,50.0,50.0,736.0,736.0,736.0,736.0,736.0,736.0,2795.0,2795.0,2795.0,50.0,50.0,50.0,736.0,736.0,736.0
1.0,8682.0,2211.0,2208.0,447.0,1914.0,638.0,638.0,638.0,736.0,736.0,736.0,737.0,737.0,737.0,2894.0,2894.0,2894.0,638.0,638.0,638.0,736.0,736.0,736.0
1.0,6918.0,2160.0,2208.0,150.0,3924.0,1308.0,1308.0,1308.0,736.0,736.0,736.0,720.0,720.0,720.0,2306.0,2306.0,2306.0,1308.0,1308.0,1308.0,736.0,736.0,736.0
1.0,4908.0,2253.0,2211.0,1914.0,4275.0,1425.0,1425.0,1425.0,737.0,737.0,737.0,751.0,751.0,751.0,1636.0,1636.0,1636.0,1425.0,1425.0,1425.0,737.0,737.0,737.0
1.0,4569.0,2217.0,2211.0,3924.0,2568.0,856.0,856.0,856.0,737.0,737.0,737.0,739.0,739.0,739.0,1523.0,1523.0,1523.0,856.0,856.0,856.0,737.0,737.0,737.0
1.0,6276.0,2268.0,2214.0,4275.0,573.0,191.0,191.0,191.0,738.0,738.0,738.0,756.0,756.0,756.0,2092.0,2092.0,2092.0,191.0,191.0,191.0,738.0,738.0,738.0
1.0,8283.0,2250.0,2214.0,2568.0,255.0,85.0,85.0,85.0,738.0,738.0,738.0,750.0,750.0,750.0,2761.0,2761.0,2761.0,85.0,85.0,85.0,738.0,738.0,738.0
1.0,8601.0,2223.0,2214.0,573.0,1905.0,635.0,635.0,635.0,738.0,738.0,738.0,741.0,741.0,741.0,2867.0,2867.0,2867.0,635.0,635.0,635.0,738.0,738.0,738.0
1.0,6951.0,2217.0,2214.0,255.0,3867.0,1289.0,1289.0,1289.0,738.0,738.0,738.0,739.0,739.0,739.0,2317.0,2317.0,2317.0,1289.0,1289.0,1289.0,738.0,738.0,738.0
1.0,4989.0,2250.0,2217.0,1905.0,4224.0,1408.0,1408.0,1408.0,739.0,739.0,739.0,750.0,750.0,750.0,1663.0,1663.0,1663.0,1408.0,1408.0,1408.0,739.0,739.0,739.0
1.0,4644.0,2256.0,2220.0,3867.0,2625.0,875.0,875.0,875.0,740.0,740.0,740.0,752.0,752.0,752.0,1548.0,1548.0,1548.0,875.0,875.0,875.0,740.0,740.0,740.0
1.0,6255.0,2235.0,2220.0,4224.0,636.0,212.0,212.0,212.0,740.0,740.0,740.0,745.0,745.0,745.0,2085.0,2085.0,2085.0,212.0,212.0,212.0,740.0,740.0,740.0
1.0,8244.0,2235.0,2220.0,2625.0,246.0,82.0,82.0,82.0,740.0,740.0,740.0,745.0,745.0,745.0,2748.0,2748.0,2748.0,82.0,82.0,82.0,740.0,740.0,740.0
1.0,8634.0,2196.0,2220.0,636.0,1806.0,602.0,602.0,602.0,740.0,740.0,740.0,732.0,732.0,732.0,2878.0,2878.0,2878.0,602.0,602.0,602.0,740.0,740.0,740.0
1.0,7074.0,2211.0,2223.0,246.0,3783.0,1261.0,1261.0,1261.0,741.0,741.0,741.0,737.0,737.0,737.0,2358.0,2358.0,2358.0,1261.0,1261.0,1261.0,741.0,741.0,741.0
1.0,5109.0,2199.0,2220.0,1806.0,4164.0,1388.0,1388.0,1388.0,740.0,740.0,740.0,733.0,733.0,733.0,1703.0,1703.0,1703.0,1388.0,1388.0,1388.0,740.0,740.0,740.0
1.0,4716.0,2226.0,2223.0,3783.0,2619.0,873.0,873.0,873.0,741.0,741.0,741.0,742.0,742.0,742.0,1572.0,1572.0,1572.0,873.0,873.0,873.0,741.0,741.0,741.0
1.0,6273.0,2220.0,2223.0,4164.0,675.0,225.0,225.0,225.0,741.0,741.0,741.0,740.0,740.0,740.0,2091.0,2091.0,2091.0,225.0,225.0,225.0,741.0,741.0,741.0
1.0,8217.0,2220.0,2223.0,2619.0,276.0,92.0,92.0,92.0,741.0,741.0,741.0,740.0,740.0,740.0,2739.0,2739.0,2739.0,92.0,92.0,92.0,741.0,741.0,741.0
1.0,8616.0,2217.0,2223.0,675.0,1818.0,606.0,606.0,606.0,741.0,741.0,741.0,739.0,739.0,739.0,2872.0,2872.0,2872.0,606.0,606.0,606.0,741.0,741.0,741.0
1.0,7074.0,2190.0,2223.0,276.0,3732.0,1244.0,1244.0,1244.0,741.0,741.0,741.0,730.0,730.0,730.0,2358.0,2358.0,2358.0,1244.0,1244.0,1244.0,741.0,741.0,741.0
1.0,5160.0,2277.0,2223.0,1818.0,4191.0,1397.0,1397.0,1397.0,741.0,741.0,741.0,759.0,759.0,759.0,1720.0,1720.0,1720.0,1397.0,1397.0,1397.0,741.0,741.0,741.0
1.0,4701.0,2229.0,2223.0,3732.0,2688.0,896.0,896.0,896.0,741.0,741.0,741.0,743.0,743.0,743.0,1567.0,1567.0,1567.0,896.0,896.0,896.0,741.0,741.0,741.0
1.0,6204.0,2241.0,2223.0,4191.0,738.0,246.0,246.0,246.0,741.0,741.0,741.0,747.0,747.0,747.0,2068.0,2068.0,2068.0,246.0,246.0,246.0,741.0,741.0,741.0
1.0,8154.0,2220.0,2223.0,2688.0,270.0,90.0,90.0,90.0,741.0,741.0,741.0,740.0,740.0,740.0,2718.0,2718.0,2718.0,90.0,90.0,90.0,741.0,741.0,741.0
1.0,8622.0,2226.0,2223.0,738.0,1758.0,586.0,586.0,586.0,741.0,741.0,741.0,742.0,742.0,742.0,2874.0,2874.0,2874.0,586.0,586.0,586.0,741.0,741.0,741.0
1.0,7134.0,2262.0,2223.0,270.0,3750.0,1250.0,1250.0,1250.0,741.0,741.0,741.0,754.0,754.0,754.0,2378.0,2378.0,2378.0,1250.0,1250.0,1250.0,741.0,741.0,741.0
1.0,5142.0,2187.0,2223.0,1758.0,4179.0,1393.0,1393.0,1393.0,741.0,741.0,741.0,729.0,729.0,729.0,1714.0,1714.0,1714.0,1393.0,1393.0,1393.0,741.0,741.0,741.0
1.0,4713.0,2244.0,2223.0,3750.0,2673.0,891.0,891.0,891.0,741.0,741.0,741.0,748.0,748.0,748.0,1571.0,1571.0,1571.0,891.0,891.0,891.0,741.0,741.0,741.0
1.0,6219.0,2232.0,2223.0,4179.0,726.0,242.0,242.0,242.0,741.0,741.0,741.0,744.0,744.0,744.0,2073.0,2073.0,2073.0,242.0,242.0,242.0,741.0,741.0,741.0
1.0,8166.0,2175.0,2223.0,2673.0,228.0,76.0,76.0,76.0,741.0,741.0,741.0,725.0,725.0,725.0,2722.0,2722.0,2722.0,76.0,76.0,76.0,741.0,741.0,741.0
1.0,8664.0,2307.0,2226.0,726.0,1821.0,607.0,607.0,607.0,742.0,742.0,742.0,769.0,769.0,769.0,2888.0,2888.0,2888.0,607.0,607.0,607.0,742.0,742.0,742.0
1.0,7083.0,2286.0,2226.0,228.0,3879.0,1293.0,1293.0,1293.0,742.0,742.0,742.0,762.0,762.0,762.0,2361.0,2361.0,2361.0,1293.0,1293.0,1293.0,742.0,742.0,742.0
1.0,5025.0,2298.0,2226.0,1821.0,4356.0,1452.0,1452.0,1452.0,742.0,742.0,742.0,766.0,766.0,766.0,1675.0,1675.0,1675.0,1452.0,1452.0,1452.0,742.0,742.0,742.0
1.0,4548.0,2211.0,2226.0,3879.0,2688.0,896.0,896.0,896.0,742.0,742.0,742.0,737.0,737.0,737.0,1516.0,1516.0,1516.0,896.0,896.0,896.0,742.0,742.0,742.0
1.0,6216.0,2238.0,2226.0,4356.0,570.0,190.0,190.0,190.0,742.0,742.0,742.0,746.0,746.0,746.0,2072.0,2072.0,2072.0,190.0,190.0,190.0,742.0,742.0,742.0
1.0,8334.0,2286.0,2229.0,2688.0,180.0,60.0,60.0,60.0,743.0,743.0,743.0,762.0,762.0,762.0,2778.0,2778.0,2778.0,60.0,60.0,60.0,743.0,743.0,743.0
1.0,8736.0,2283.0,2229.0,570.0,1893.0,631.0,631.0,631.0,743.0,743.0,743.0,761.0,761.0,761.0,2912.0,2912.0,2912.0,631.0,631.0,631.0,743.0,743.0,743.0
1.0,7023.0,2253.0,2229.0,180.0,3966.0,1322.0,1322.0,1322.0,743.0,743.0,743.0,751.0,751.0,751.0,2341.0,2341.0,2341.0,1322.0,1322.0,1322.0,743.0,743.0,743.0
1.0,4950.0,2220.0,2229.0,1893.0,4293.0,1431.0,1431.0,1431.0,743.0,743.0,743.0,740.0,740.0,740.0,1650.0,1650.0,1650.0,1431.0,1431.0,1431.0,743.0,743.0,743.0
1.0,4623.0,2238.0,2229.0,3966.0,2565.0,855.0,855.0,855.0,743.0,743.0,743.0,746.0,746.0,746.0,1541.0,1541.0,1541.0,855.0,855.0,855.0,743.0,743.0,743.0
1.0,6351.0,2250.0,2229.0,4293.0,522.0,174.0,174.0,174.0,743.0,743.0,743.0,750.0,750.0,750.0,2117.0,2117.0,2117.0,174.0,174.0,174.0,743.0,743.0,743.0
1.0,8394.0,2244.0,2229.0,2565.0,201.0,67.0,67.0,67.0,743.0,743.0,743.0,748.0,748.0,748.0,2798.0,2798.0,2798.0,67.0,67.0,67.0,743.0,743.0,743.0
1.0,8715.0,2193.0,2229.0,522.0,1872.0,624.0,624.0,624.0,743.0,743.0,743.0,731.0,731.0,731.0,2905.0,2905.0,2905.0,624.0,624.0,624.0,743.0,743.0,743.0
1.0,7044.0,2289.0,2232.0,201.0,3972.0,1324.0,1324.0,1324.0,744.0,744.0,744.0,763.0,763.0,763.0,2348.0,2348.0,2348.0,1324.0,1324.0,1324.0,744.0,744.0,744.0
1.0,4956.0,2241.0,2232.0,1872.0,4341.0,1447.0,1447.0,1447.0,744.0,744.0,744.0,747.0,747.0,747.0,1652.0,1652.0,1652.0,1447.0,1447.0,1447.0,744.0,744.0,744.0
1.0,4587.0,2247.0,2232.0,3972.0,2616.0,872.0,872.0,872.0,744.0,744.0,744.0,749.0,749.0,749.0,1529.0,1529.0,1529.0,872.0,872.0,872.0,744.0,744.0,744.0
1.0,6312.0,2160.0,2232.0,4341.0,435.0,145.0,145.0,145.0,744.0,744.0,744.0,720.0,720.0,720.0,2104.0,2104.0,2104.0,145.0,145.0,145.0,744.0,744.0,744.0
1.0,8493.0,2259.0,2232.0,2616.0,78.0,26.0,26.0,26.0,744.0,744.0,744.0,753.0,753.0,753.0,2831.0,2831.0,2831.0,26.0,26.0,26.0,744.0,744.0,744.0
1.0,8850.0,2295.0,2232.0,435.0,1938.0,646.0,646.0,646.0,744.0,744.0,744.0,765.0,765.0,765.0,2950.0,2950.0,2950.0,646.0,646.0,646.0,744.0,744.0,744.0
1.0,6990.0,2208.0,2235.0,78.0,4080.0,1360.0,1360.0,1360.0,745.0,745.0,745.0,736.0,736.0,736.0,2330.0,2330.0,2330.0,1360.0,1360.0,1360.0,745.0,745.0,745.0
1.0,4860.0,2262.0,2235.0,1938.0,4404.0,1468.0,1468.0,1468.0,745.0,745.0,745.0,754.0,754.0,754.0,1620.0,1620.0,1620.0,1468.0,1468.0,1468.0,745.0,745.0,745.0
1.0,4536.0,2232.0,2235.0,4080.0,2556.0,852.0,852.0,852.0,745.0,745.0,745.0,744.0,744.0,744.0,1512.0,1512.0,1512.0,852.0,852.0,852.0,745.0,745.0,745.0
1.0,6384.0,2289.0,2238.0,4404.0,453.0,151.0,151.0,151.0,746.0,746.0,746.0,763.0,763.0,763.0,2128.0,2128.0,2128.0,151.0,151.0,151.0,746.0,746.0,746.0
1.0,8499.0,2289.0,2238.0,2556.0,186.0,62.0,62.0,62.0,746.0,746.0,746.0,763.0,763.0,763.0,2833.0,2833.0,2833.0,62.0,62.0,62.0,746.0,746.0,746.0
1.0,8766.0,2253.0,2238.0,453.0,1986.0,662.0,662.0,662.0,746.0,746.0,746.0,751.0,751.0,751.0,2922.0,2922.0,2922.0,662.0,662.0,662.0,746.0,746.0,746.0
1.0,6966.0,2277.0,2241.0,186.0,4089.0,1363.0,1363.0,1363.0,747.0,747.0,747.0,759.0,759.0,759.0,2322.0,2322.0,2322.0,1363.0,1363.0,1363.0,747.0,747.0,747.0
1.0,4875.0,2220.0,2241.0,1986.0,4323.0,1441.0,1441.0,1441.0,747.0,747.0,747.0,740.0,740.0,740.0,1625.0,1625.0,1625.0,1441.0,1441.0,1441.0,747.0,747.0,747.0
1.0,4641.0,2244.0,2241.0,4089.0,2478.0,826.0,826.0,826.0,747.0,747.0,747.0,748.0,748.0,748.0,1547.0,1547.0,1547.0,826.0,826.0,826.0,747.0,747.0,747.0
1.0,6486.0,2265.0,2241.0,4323.0,420.0,140.0,140.0,140.0,747.0,747.0,747.0,755.0,755.0,755.0,2162.0,2162.0,2162.0,140.0,140.0,140.0,747.0,747.0,747.0
1.0,8544.0,2169.0,2238.0,2478.0,99.0,33.0,33.0,33.0,746.0,746.0,746.0,723.0,723.0,723.0,2848.0,2848.0,2848.0,33.0,33.0,33.0,746.0,746.0,746.0
1.0,8853.0,2199.0,2238.0,420.0,1878.0,626.0,626.0,626.0,746.0,746.0,746.0,733.0,733.0,733.0,2951.0,2951.0,2951.0,626.0,626.0,626.0,746.0,746.0,746.0
1.0,7074.0,2202.0,2238.0,99.0,3981.0,1327.0,1327.0,1327.0,746.0,746.0,746.0,734.0,734.0,734.0,2358.0,2358.0,2358.0,1327.0,1327.0,1327.0,746.0,746.0,746.0
1.0,4971.0,2220.0,2238.0,1878.0,4323.0,1441.0,1441.0,1441.0,746.0,746.0,746.0,740.0,740.0,740.0,1657.0,1657.0,1657.0,1441.0,1441.0,1441.0,746.0,746.0,746.0
1.0,4629.0,2241.0,2238.0,3981.0,2583.0,861.0,861.0,861.0,746.0,746.0,746.0,747.0,747.0,747.0,1543.0,1543.0,1543.0,861.0,861.0,861.0,746.0,746.0,746.0
1.0,6369.0,2247.0,2238.0,4323.0,507.0,169.0,169.0,169.0,746.0,746.0,746.0,749.0,749.0,749.0,2123.0,2123.0,2123.0,169.0,169.0,169.0,746.0,746.0,746.0
1.0,8445.0,2250.0,2238.0,2583.0,174.0,58.0,58.0,58.0,746.0,746.0,746.0,750.0,750.0,750.0,2815.0,2815.0,2815.0,58.0,58.0,58.0,746.0,746.0,746.0
1.0,8778.0,2229.0,2241.0,507.0,1908.0,636.0,636.0,636.0,747.0,747.0,747.0,743.0,743.0,743.0,2926.0,2926.0,2926.0,636.0,636.0,636.0,747.0,747.0,747.0
1.0,7056.0,2274.0,2241.0,174.0,4008.0,1336.0,1336.0,1336.0,747.0,747.0,747.0,758.0,758.0,758.0,2352.0,2352.0,2352.0,1336.0,1336.0,1336.0,747.0,747.0,747.0
1.0,4956.0,2268.0,2241.0,1908.0,4368.0,1456.0,1456.0,1456.0,747.0,747.0,747.0,756.0,756.0,756.0,1652.0,1652.0,1652.0,1456.0,1456.0,1456.0,747.0,747.0,747.0
1.0,4596.0,2247.0,2241.0,4008.0,2607.0,869.0,869.0,869.0,747.0,747.0,747.0,749.0,749.0,749.0,1532.0,1532.0,1532.0,869.0,869.0,869.0,747.0,747.0,747.0
1.0,6357.0,2313.0,2244.0,4368.0,564.0,188.0,188.0,188.0,748.0,748.0,748.0,771.0,771.0,771.0,2119.0,2119.0,2119.0,188.0,188.0,188.0,748.0,748.0,748.0
1.0,8412.0,2283.0,2247.0,2607.0,252.0,84.0,84.0,84.0,749.0,749.0,749.0,761.0,761.0,761.0,2804.0,2804.0,2804.0,84.0,84.0,84.0,749.0,749.0,749.0
1.0,8736.0,2334.0,2247.0,564.0,2022.0,674.0,674.0,674.0,749.0,749.0,749.0,778.0,778.0,778.0,2912.0,2912.0,2912.0,674.0,674.0,674.0,749.0,749.0,749.0
1.0,6966.0,2292.0,2247.0,252.0,4062.0,1354.0,1354.0,1354.0,749.0,749.0,749.0,764.0,764.0,764.0,2322.0,2322.0,2322.0,1354.0,1354.0,1354.0,749.0,749.0,749.0
1.0,4926.0,2298.0,2250.0,2022.0,4350.0,1450.0,1450.0,1450.0,750.0,750.0,750.0,766.0,766.0,766.0,1642.0,1642.0,1642.0,1450.0,1450.0,1450.0,750.0,750.0,750.0
1.0,4650.0,2292.0,2250.0,4062.0,2580.0,860.0,860.0,860.0,750.0,750.0,750.0,764.0,764.0,764.0,1550.0,1550.0,1550.0,860.0,860.0,860.0,750.0,750.0,750.0
1.0,6420.0,2244.0,2250.0,4350.0,474.0,158.0,158.0,158.0,750.0,750.0,750.0,748.0,748.0,748.0,2140.0,2140.0,2140.0,158.0,158.0,158.0,750.0,750.0,750.0
1.0,8526.0,2265.0,2250.0,2580.0,159.0,53.0,53.0,53.0,750.0,750.0,750.0,755.0,755.0,755.0,2842.0,2842.0,2842.0,53.0,53.0,53.0,750.0,750.0,750.0
1.0,8841.0,2325.0,2253.0,474.0,2022.0,674.0,674.0,674.0,751.0,751.0,751.0,775.0,775.0,775.0,2947.0,2947.0,2947.0,674.0,674.0,674.0,751.0,751.0,751.0
1.0,6990.0,2265.0,2253.0,159.0,4128.0,1376.0,1376.0,1376.0,751.0,751.0,751.0,755.0,755.0,755.0,2330.0,2330.0,2330.0,1376.0,1376.0,1376.0,751.0,751.0,751.0
1.0,4884.0,2310.0,2256.0,2022.0,4428.0,1476.0,1476.0,1476.0,752.0,752.0,752.0,770.0,770.0,770.0,1628.0,1628.0,1628.0,1476.0,1476.0,1476.0,752.0,752.0,752.0
1.0,4596.0,2298.0,2259.0,4128.0,2610.0,870.0,870.0,870.0,753.0,753.0,753.0,766.0,766.0,766.0,1532.0,1532.0,1532.0,870.0,870.0,870.0,753.0,753.0,753.0
1.0,6426.0,2304.0,2259.0,4428.0,486.0,162.0,162.0,162.0,753.0,753.0,753.0,768.0,768.0,768.0,2142.0,2142.0,2142.0,162.0,162.0,162.0,753.0,753.0,753.0
1.0,8550.0,2286.0,2259.0,2610.0,162.0,54.0,54.0,54.0,753.0,753.0,753.0,762.0,762.0,762.0,2850.0,2850.0,2850.0,54.0,54.0,54.0,753.0,753.0,753.0
1.0,8874.0,2277.0,2256.0,486.0,1941.0,647.0,647.0,647.0,752.0,752.0,752.0,759.0,759.0,759.0,2958.0,2958.0,2958.0,647.0,647.0,647.0,752.0,752.0,752.0
1.0,7083.0,2235.0,2259.0,162.0,4026.0,1342.0,1342.0,1342.0,753.0,753.0,753.0,745.0,745.0,745.0,2361.0,2361.0,2361.0,1342.0,1342.0,1342.0,753.0,753.0,753.0
1.0,5010.0,2253.0,2259.0,1941.0,4338.0,1446.0,1446.0,1446.0,753.0,753.0,753.0,751.0,751.0,751.0,1670.0,1670.0,1670.0,1446.0,1446.0,1446.0,753.0,753.0,753.0
1.0,4698.0,2265.0,2259.0,4026.0,2577.0,859.0,859.0,859.0,753.0,753.0,753.0,755.0,755.0,755.0,1566.0,1566.0,1566.0,859.0,859.0,859.0,753.0,753.0,753.0
1.0,6459.0,2292.0,2259.0,4338.0,531.0,177.0,177.0,177.0,753.0,753.0,753.0,764.0,764.0,764.0,2153.0,2153.0,2153.0,177.0,177.0,177.0,753.0,753.0,753.0
1.0,8505.0,2322.0,2259.0,2577.0,276.0,92.0,92.0,92.0,753.0,753.0,753.0,774.0,774.0,774.0,2835.0,2835.0,2835.0,92.0,92.0,92.0,753.0,753.0,753.0
1.0,8760.0,2277.0,2259.0,531.0,2022.0,674.0,674.0,674.0,753.0,753.0,753.0,759.0,759.0,759.0,2920.0,2920.0,2920.0,674.0,674.0,674.0,753.0,753.0,753.0
1.0,7014.0,2274.0,2262.0,276.0,4032.0,1344.0,1344.0,1344.0,754.0,754.0,754.0,758.0,758.0,758.0,2338.0,2338.0,2338.0,1344.0,1344.0,1344.0,754.0,754.0,754.0
1.0,5016.0,2298.0,2262.0,2022.0,4308.0,1436.0,1436.0,1436.0,754.0,754.0,754.0,766.0,766.0,766.0,1672.0,1672.0,1672.0,1436.0,1436.0,1436.0,754.0,754.0,754.0
1.0,4740.0,2256.0,2262.0,4032.0,2532.0,844.0,844.0,844.0,754.0,754.0,754.0,752.0,752.0,752.0,1580.0,1580.0,1580.0,844.0,844.0,844.0,754.0,754.0,754.0
1.0,6516.0,2289.0,2265.0,4308.0,525.0,175.0,175.0,175.0,755.0,755.0,755.0,763.0,763.0,763.0,2172.0,2172.0,2172.0,175.0,175.0,175.0,755.0,755.0,755.0
1.0,8535.0,2271.0,2265.0,2532.0,264.0,88.0,88.0,88.0,755.0,755.0,755.0,757.0,757.0,757.0,2845.0,2845.0,2845.0,88.0,88.0,88.0,755.0,755.0,755.0
1.0,8796.0,2325.0,2265.0,525.0,2064.0,688.0,688.0,688.0,755.0,755.0,755.0,775.0,775.0,775.0,2932.0,2932.0,2932.0,688.0,688.0,688.0,755.0,755.0,755.0
1.0,6996.0,2244.0,2265.0,264.0,4044.0,1348.0,1348.0,1348.0,755.0,755.0,755.0,748.0,748.0,748.0,2332.0,2332.0,2332.0,1348.0,1348.0,1348.0,755.0,755.0,755.0
1.0,5016.0,2250.0,2268.0,2064.0,4242.0,1414.0,1414.0,1414.0,756.0,756.0,756.0,750.0,750.0,750.0,1672.0,1672.0,1672.0,1414.0,1414.0,1414.0,756.0,756.0,756.0
1.0,4830.0,2196.0,2265.0,4044.0,2382.0,794.0,794.0,794.0,755.0,755.0,755.0,732.0,732.0,732.0,1610.0,1610.0,1610.0,794.0,794.0,794.0,755.0,755.0,755.0
1.0,6678.0,2304.0,2265.0,4242.0,444.0,148.0,148.0,148.0,755.0,755.0,755.0,768.0,768.0,768.0,2226.0,2226.0,2226.0,148.0,148.0,148.0,755.0,755.0,755.0
1.0,8616.0,2328.0,2268.0,2382.0,402.0,134.0,134.0,134.0,756.0,756.0,756.0,776.0,776.0,776.0,2872.0,2872.0,2872.0,134.0,134.0,134.0,756.0,756.0,756.0
1.0,8670.0,2325.0,2268.0,444.0,2283.0,761.0,761.0,761.0,756.0,756.0,756.0,775.0,775.0,775.0,2890.0,2890.0,2890.0,761.0,761.0,761.0,756.0,756.0,756.0
1.0,6789.0,2268.0,2271.0,402.0,4161.0,1387.0,1387.0,1387.0,757.0,757.0,757.0,756.0,756.0,756.0,2263.0,2263.0,2263.0,1387.0,1387.0,1387.0,757.0,757.0,757.0
1.0,4923.0,2259.0,2268.0,2283.0,4125.0,1375.0,1375.0,1375.0,756.0,756.0,756.0,753.0,753.0,753.0,1641.0,1641.0,1641.0,1375.0,1375.0,1375.0,756.0,756.0,756.0
1.0,4947.0,2253.0,2268.0,4161.0,2217.0,739.0,739.0,739.0,756.0,756.0,756.0,751.0,751.0,751.0,1649.0,1649.0,1649.0,739.0,739.0,739.0,756.0,756.0,756.0
1.0,6855.0,2244.0,2268.0,4125.0,336.0,112.0,112.0,112.0,756.0,756.0,756.0,748.0,748.0,748.0,2285.0,2285.0,2285.0,112.0,112.0,112.0,756.0,756.0,756.0
1.0,8736.0,2247.0,2268.0,2217.0,366.0,122.0,122.0,122.0,756.0,756.0,756.0,749.0,749.0,749.0,2912.0,2912.0,2912.0,122.0,122.0,122.0,756.0,756.0,756.0
1.0,8706.0,2274.0,2268.0,336.0,2304.0,768.0,768.0,768.0,756.0,756.0,756.0,758.0,758.0,758.0,2902.0,2902.0,2902.0,768.0,768.0,768.0,756.0,756.0,756.0
1.0,6768.0,2274.0,2271.0,366.0,4224.0,1408.0,1408.0,1408.0,757.0,757.0,757.0,758.0,758.0,758.0,2256.0,2256.0,2256.0,1408.0,1408.0,1408.0,757.0,757.0,757.0
1.0,4860.0,2277.0,2271.0,2304.0,4197.0,1399.0,1399.0,1399.0,757.0,757.0,757.0,759.0,759.0,759.0,1620.0,1620.0,1620.0,1399.0,1399.0,1399.0,757.0,757.0,757.0
1.0,4887.0,2289.0,2271.0,4224.0,2262.0,754.0,754.0,754.0,757.0,757.0,757.0,763.0,763.0,763.0,1629.0,1629.0,1629.0,754.0,754.0,754.0,757.0,757.0,757.0
1.0,6822.0,2322.0,2274.0,4197.0,399.0,133.0,133.0,133.0,758.0,758.0,758.0,774.0,774.0,774.0,2274.0,2274.0,2274.0,133.0,133.0,133.0,758.0,758.0,758.0
1.0,8697.0,2292.0,2277.0,2262.0,441.0,147.0,147.0,147.0,759.0,759.0,759.0,764.0,764.0,764.0,2899.0,2899.0,2899.0,147.0,147.0,147.0,759.0,759.0,759.0
1.0,8667.0,2286.0,2277.0,399.0,2328.0,776.0,776.0,776.0,759.0,759.0,759.0,762.0,762.0,762.0,2889.0,2889.0,2889.0,776.0,776.0,776.0,759.0,759.0,759.0
1.0,6780.0,2289.0,2277.0,441.0,4176.0,1392.0,1392.0,1392.0,759.0,759.0,759.0,763.0,763.0,763.0,2260.0,2260.0,2260.0,1392.0,1392.0,1392.0,759.0,759.0,759.0
1.0,4932.0,2352.0,2280.0,2328.0,4212.0,1404.0,1404.0,1404.0,760.0,760.0,760.0,784.0,784.0,784.0,1644.0,1644.0,1644.0,1404.0,1404.0,1404.0,760.0,760.0,760.0
1.0,4908.0,2277.0,2280.0,4176.0,2313.0,771.0,771.0,771.0,760.0,760.0,760.0,759.0,759.0,759.0,1636.0,1636.0,1636.0,771.0,771.0,771.0,760.0,760.0,760.0
1.0,6807.0,2250.0,2280.0,4212.0,351.0,117.0,117.0,117.0,760.0,760.0,760.0,750.0,750.0,750.0,2269.0,2269.0,2269.0,117.0,117.0,117.0,760.0,760.0,760.0
1.0,8769.0,2283.0,2283.0,2313.0,333.0,111.0,111.0,111.0,761.0,761.0,761.0,761.0,761.0,761.0,2923.0,2923.0,2923.0,111.0,111.0,111.0,761.0,761.0,761.0
1.0,8799.0,2274.0,2283.0,351.0,2256.0,752.0,752.0,752.0,761.0,761.0,761.0,758.0,758.0,758.0,2933.0,2933.0,2933.0,752.0,752.0,752.0,761.0,761.0,761.0
1.0,6876.0,2337.0,2283.0,333.0,4260.0,1420.0,1420.0,1420.0,761.0,761.0,761.0,779.0,779.0,779.0,2292.0,2292.0,2292.0,1420.0,1420.0,1420.0,761.0,761.0,761.0
1.0,4872.0,2325.0,2283.0,2256.0,4329.0,1443.0,1443.0,1443.0,761.0,761.0,761.0,775.0,775.0,775.0,1624.0,1624.0,1624.0,1443.0,1443.0,1443.0,761.0,761.0,761.0
1.0,4803.0,2307.0,2283.0,4260.0,2376.0,792.0,792.0,792.0,761.0,761.0,761.0,769.0,769.0,769.0,1601.0,1601.0,1601.0,792.0,792.0,792.0,761.0,761.0,761.0
1.0,6756.0,2334.0,2283.0,4329.0,381.0,127.0,127.0,127.0,761.0,761.0,761.0,778.0,778.0,778.0,2252.0,2252.0,2252.0,127.0,127.0,127.0,761.0,761.0,761.0
1.0,8751.0,2304.0,2283.0,2376.0,309.0,103.0,103.0,103.0,761.0,761.0,761.0,768.0,768.0,768.0,2917.0,2917.0,2917.0,103.0,103.0,103.0,761.0,761.0,761.0
1.0,8823.0,2349.0,2286.0,381.0,2289.0,763.0,763.0,763.0,762.0,762.0,762.0,783.0,783.0,783.0,2941.0,2941.0,2941.0,763.0,763.0,763.0,762.0,762.0,762.0
1.0,6855.0,2319.0,2286.0,309.0,4299.0,1433.0,1433.0,1433.0,762.0,762.0,762.0,773.0,773.0,773.0,2285.0,2285.0,2285.0,1433.0,1433.0,1433.0,762.0,762.0,762.0
1.0,4845.0,2304.0,2286.0,2289.0,4314.0,1438.0,1438.0,1438.0,762.0,762.0,762.0,768.0,768.0,768.0,1615.0,1615.0,1615.0,1438.0,1438.0,1438.0,762.0,762.0,762.0
1.0,4830.0,2289.0,2286.0,4299.0,2304.0,768.0,768.0,768.0,762.0,762.0,762.0,763.0,763.0,763.0,1610.0,1610.0,1610.0,768.0,768.0,768.0,762.0,762.0,762.0
1.0,6840.0,2334.0,2289.0,4314.0,336.0,112.0,112.0,112.0,763.0,763.0,763.0,778.0,778.0,778.0,2280.0,2280.0,2280.0,112.0,112.0,112.0,763.0,763.0,763.0
1.0,8820.0,2343.0,2289.0,2304.0,375.0,125.0,125.0,125.0,763.0,763.0,763.0,781.0,781.0,781.0,2940.0,2940.0,2940.0,125.0,125.0,125.0,763.0,763.0,763.0
1.0,8781.0,2334.0,2289.0,336.0,2373.0,791.0,791.0,791.0,763.0,763.0,763.0,778.0,778.0,778.0,2927.0,2927.0,2927.0,791.0,791.0,791.0,763.0,763.0,763.0
1.0,6783.0,2379.0,2292.0,375.0,4389.0,1463.0,1463.0,1463.0,764.0,764.0,764.0,793.0,793.0,793.0,2261.0,2261.0,2261.0,1463.0,1463.0,1463.0,764.0,764.0,764.0
1.0,4779.0,2274.0,2292.0,2373.0,4290.0,1430.0,1430.0,1430.0,764.0,764.0,764.0,758.0,758.0,758.0,1593.0,1593.0,1593.0,1430.0,1430.0,1430.0,764.0,764.0,764.0
1.0,4878.0,2280.0,2289.0,4389.0,2169.0,723.0,723.0,723.0,763.0,763.0,763.0,760.0,760.0,760.0,1626.0,1626.0,1626.0,723.0,723.0,723.0,763.0,763.0,763.0
1.0,6987.0,2313.0,2292.0,4290.0,204.0,68.0,68.0,68.0,764.0,764.0,764.0,771.0,771.0,771.0,2329.0,2329.0,2329.0,68.0,68.0,68.0,764.0,764.0,764.0
1.0,8964.0,2337.0,2292.0,2169.0,372.0,124.0,124.0,124.0,764.0,764.0,764.0,779.0,779.0,779.0,2988.0,2988.0,2988.0,124.0,124.0,124.0,764.0,764.0,764.0
1.0,8796.0,2316.0,2295.0,204.0,2496.0,832.0,832.0,832.0,765.0,765.0,765.0,772.0,772.0,772.0,2932.0,2932.0,2932.0,832.0,832.0,832.0,765.0,765.0,765.0
1.0,6684.0,2328.0,2295.0,372.0,4452.0,1484.0,1484.0,1484.0,765.0,765.0,765.0,776.0,776.0,776.0,2228.0,2228.0,2228.0,1484.0,1484.0,1484.0,765.0,765.0,765.0
1.0,4728.0,2262.0,2295.0,2496.0,4218.0,1406.0,1406.0,1406.0,765.0,765.0,765.0,754.0,754.0,754.0,1576.0,1576.0,1576.0,1406.0,1406.0,1406.0,765.0,765.0,765.0
1.0,4962.0,2328.0,2295.0,4452.0,2094.0,698.0,698.0,698.0,765.0,765.0,765.0,776.0,776.0,776.0,1654.0,1654.0,1654.0,698.0,698.0,698.0,765.0,765.0,765.0
1.0,7086.0,2295.0,2295.0,4218.0,171.0,57.0,57.0,57.0,765.0,765.0,765.0,765.0,765.0,765.0,2362.0,2362.0,2362.0,57.0,57.0,57.0,765.0,765.0,765.0
1.0,9009.0,2310.0,2295.0,2094.0,387.0,129.0,129.0,129.0,765.0,765.0,765.0,770.0,770.0,770.0,3003.0,3003.0,3003.0,129.0,129.0,129.0,765.0,765.0,765.0
1.0,8793.0,2346.0,2298.0,171.0,2574.0,858.0,858.0,858.0,766.0,766.0,766.0,782.0,782.0,782.0,2931.0,2931.0,2931.0,858.0,858.0,858.0,766.0,766.0,766.0
1.0,6618.0,2301.0,2298.0,387.0,4488.0,1496.0,1496.0,1496.0,766.0,766.0,766.0,767.0,767.0,767.0,2206.0,2206.0,2206.0,1496.0,1496.0,1496.0,766.0,766.0,766.0
1.0,4704.0,2277.0,2298.0,2574.0,4191.0,1397.0,1397.0,1397.0,766.0,766.0,766.0,759.0,759.0,759.0,1568.0,1568.0,1568.0,1397.0,1397.0,1397.0,766.0,766.0,766.0
1.0,5001.0,2328.0,2298.0,4488.0,2031.0,677.0,677.0,677.0,766.0,766.0,766.0,776.0,776.0,776.0,1667.0,1667.0,1667.0,677.0,677.0,677.0,766.0,766.0,766.0
1.0,7161.0,2298.0,2298.0,4191.0,138.0,46.0,46.0,46.0,766.0,766.0,766.0,766.0,766.0,766.0,2387.0,2387.0,2387.0,46.0,46.0,46.0,766.0,766.0,766.0
1.0,9054.0,2292.0,2298.0,2031.0,399.0,133.0,133.0,133.0,766.0,766.0,766.0,764.0,764.0,764.0,3018.0,3018.0,3018.0,133.0,133.0,133.0,766.0,766.0,766.0
1.0,8793.0,2301.0,2301.0,138.0,2574.0,858.0,858.0,858.0,767.0,767.0,767.0,767.0,767.0,767.0,2931.0,2931.0,2931.0,858.0,858.0,858.0,767.0,767.0,767.0
1.0,6630.0,2340.0,2304.0,399.0,4527.0,1509.0,1509.0,1509.0,768.0,768.0,768.0,780.0,780.0,780.0,2210.0,2210.0,2210.0,1509.0,1509.0,1509.0,768.0,768.0,768.0
1.0,4689.0,2322.0,2304.0,2574.0,4275.0,1425.0,1425.0,1425.0,768.0,768.0,768.0,774.0,774.0,774.0,1563.0,1563.0,1563.0,1425.0,1425.0,1425.0,768.0,768.0,768.0
1.0,4941.0,2343.0,2304.0,4527.0,2091.0,697.0,697.0,697.0,768.0,768.0,768.0,781.0,781.0,781.0,1647.0,1647.0,1647.0,697.0,697.0,697.0,768.0,768.0,768.0
1.0,7125.0,2370.0,2304.0,4275.0,186.0,62.0,62.0,62.0,768.0,768.0,768.0,790.0,790.0,790.0,2375.0,2375.0,2375.0,62.0,62.0,62.0,768.0,768.0,768.0
1.0,9030.0,2307.0,2304.0,2091.0,402.0,134.0,134.0,134.0,768.0,768.0,768.0,769.0,769.0,769.0,3010.0,3010.0,3010.0,134.0,134.0,134.0,768.0,768.0,768.0
1.0,8814.0,2313.0,2307.0,186.0,2541.0,847.0,847.0,847.0,769.0,769.0,769.0,771.0,771.0,771.0,2938.0,2938.0,2938.0,847.0,847.0,847.0,769.0,769.0,769.0
1.0,6687.0,2301.0,2307.0,402.0,4440.0,1480.0,1480.0,1480.0,769.0,769.0,769.0,767.0,767.0,767.0,2229.0,2229.0,2229.0,1480.0,1480.0,1480.0,769.0,769.0,769.0
1.0,4788.0,2301.0,2307.0,2541.0,4200.0,1400.0,1400.0,1400.0,769.0,769.0,769.0,767.0,767.0,767.0,1596.0,1596.0,1596.0,1400.0,1400.0,1400.0,769.0,769.0,769.0
1.0,5028.0,2343.0,2310.0,4440.0,2115.0,705.0,705.0,705.0,770.0,770.0,770.0,781.0,781.0,781.0,1676.0,1676.0,1676.0,705.0,705.0,705.0,770.0,770.0,770.0
1.0,7125.0,2319.0,2310.0,4200.0,234.0,78.0,78.0,78.0,770.0,770.0,770.0,773.0,773.0,773.0,2375.0,2375.0,2375.0,78.0,78.0,78.0,770.0,770.0,770.0
1.0,9006.0,2310.0,2313.0,2115.0,441.0,147.0,147.0,147.0,771.0,771.0,771.0,770.0,770.0,770.0,3002.0,3002.0,3002.0,147.0,147.0,147.0,771.0,771.0,771.0
1.0,8811.0,2334.0,2313.0,234.0,2541.0,847.0,847.0,847.0,771.0,771.0,771.0,778.0,778.0,778.0,2937.0,2937.0,2937.0,847.0,847.0,847.0,771.0,771.0,771.0
1.0,6711.0,2307.0,2313.0,441.0,4407.0,1469.0,1469.0,1469.0,771.0,771.0,771.0,769.0,769.0,769.0,2237.0,2237.0,2237.0,1469.0,1469.0,1469.0,771.0,771.0,771.0
1.0,4845.0,2331.0,2313.0,2541.0,4197.0,1399.0,1399.0,1399.0,771.0,771.0,771.0,777.0,777.0,777.0,1615.0,1615.0,1615.0,1399.0,1399.0,1399.0,771.0,771.0,771.0
1.0,5055.0,2307.0,2313.0,4407.0,2097.0,699.0,699.0,699.0,771.0,771.0,771.0,769.0,769.0,769.0,1685.0,1685.0,1685.0,699.0,699.0,699.0,771.0,771.0,771.0
1.0,7155.0,2265.0,2313.0,4197.0,165.0,55.0,55.0,55.0,771.0,771.0,771.0,755.0,755.0,755.0,2385.0,2385.0,2385.0,55.0,55.0,55.0,771.0,771.0,771.0
1.0,9087.0,2304.0,2313.0,2097.0,372.0,124.0,124.0,124.0,771.0,771.0,771.0,768.0,768.0,768.0,3029.0,3029.0,3029.0,124.0,124.0,124.0,771.0,771.0,771.0
1.0,8880.0,2316.0,2313.0,165.0,2523.0,841.0,841.0,841.0,771.0,771.0,771.0,772.0,772.0,772.0,2960.0,2960.0,2960.0,841.0,841.0,841.0,771.0,771.0,771.0
1.0,6729.0,2310.0,2313.0,372.0,4461.0,1487.0,1487.0,1487.0,771.0,771.0,771.0,770.0,770.0,770.0,2243.0,2243.0,2243.0,1487.0,1487.0,1487.0,771.0,771.0,771.0
1.0,4791.0,2322.0,2316.0,2523.0,4272.0,1424.0,1424.0,1424.0,772.0,772.0,772.0,774.0,774.0,774.0,1597.0,1597.0,1597.0,1424.0,1424.0,1424.0,772.0,772.0,772.0
1.0,4992.0,2319.0,2316.0,4461.0,2130.0,710.0,710.0,710.0,772.0,772.0,772.0,773.0,773.0,773.0,1664.0,1664.0,1664.0,710.0,710.0,710.0,772.0,772.0,772.0
1.0,7134.0,2328.0,2316.0,4272.0,186.0,62.0,62.0,62.0,772.0,772.0,772.0,776.0,776.0,776.0,2378.0,2378.0,2378.0,62.0,62.0,62.0,772.0,772.0,772.0
1.0,9078.0,2322.0,2316.0,2130.0,378.0,126.0,126.0,126.0,772.0,772.0,772.0,774.0,774.0,774.0,3026.0,3026.0,3026.0,126.0,126.0,126.0,772.0,772.0,772.0
1.0,8886.0,2292.0,2316.0,186.0,2484.0,828.0,828.0,828.0,772.0,772.0,772.0,764.0,764.0,764.0,2962.0,2962.0,2962.0,828.0,828.0,828.0,772.0,772.0,772.0
1.0,6780.0,2373.0,2316.0,378.0,4479.0,1493.0,1493.0,1493.0,772.0,772.0,772.0,791.0,791.0,791.0,2260.0,2260.0,2260.0,1493.0,1493.0,1493.0,772.0,772.0,772.0
1.0,4785.0,2316.0,2316.0,2484.0,4311.0,1437.0,1437.0,1437.0,772.0,772.0,772.0,772.0,772.0,772.0,1595.0,1595.0,1595.0,1437.0,1437.0,1437.0,772.0,772.0,772.0
1.0,4953.0,2349.0,2316.0,4479.0,2181.0,727.0,727.0,727.0,772.0,772.0,772.0,783.0,783.0,783.0,1651.0,1651.0,1651.0,727.0,727.0,727.0,772.0,772.0,772.0
1.0,7083.0,2271.0,2316.0,4311.0,141.0,47.0,47.0,47.0,772.0,772.0,772.0,757.0,757.0,757.0,2361.0,2361.0,2361.0,47.0,47.0,47.0,772.0,772.0,772.0
1.0,9123.0,2313.0,2316.0,2181.0,273.0,91.0,91.0,91.0,772.0,772.0,772.0,771.0,771.0,771.0,3041.0,3041.0,3041.0,91.0,91.0,91.0,772.0,772.0,772.0
1.0,8991.0,2361.0,2316.0,141.0,2493.0,831.0,831.0,831.0,772.0,772.0,772.0,787.0,787.0,787.0,2997.0,2997.0,2997.0,831.0,831.0,831.0,772.0,772.0,772.0
1.0,6771.0,2358.0,2319.0,273.0,4590.0,1530.0,1530.0,1530.0,773.0,773.0,773.0,786.0,786.0,786.0,2257.0,2257.0,2257.0,1530.0,1530.0,1530.0,773.0,773.0,773.0
1.0,4686.0,2340.0,2319.0,2493.0,4437.0,1479.0,1479.0,1479.0,773.0,773.0,773.0,780.0,780.0,780.0,1562.0,1562.0,1562.0,1479.0,1479.0,1479.0,773.0,773.0,773.0
1.0,4839.0,2349.0,2319.0,4590.0,2196.0,732.0,732.0,732.0,773.0,773.0,773.0,783.0,783.0,783.0,1613.0,1613.0,1613.0,732.0,732.0,732.0,773.0,773.0,773.0
1.0,7080.0,2421.0,2319.0,4437.0,180.0,60.0,60.0,60.0,773.0,773.0,773.0,807.0,807.0,807.0,2360.0,2360.0,2360.0,60.0,60.0,60.0,773.0,773.0,773.0
1.0,9096.0,2403.0,2322.0,2196.0,399.0,133.0,133.0,133.0,774.0,774.0,774.0,801.0,801.0,801.0,3032.0,3032.0,3032.0,133.0,133.0,133.0,774.0,774.0,774.0
1.0,8889.0,2310.0,2322.0,180.0,2529.0,843.0,843.0,843.0,774.0,774.0,774.0,770.0,770.0,770.0,2963.0,2963.0,2963.0,843.0,843.0,843.0,774.0,774.0,774.0
1.0,6759.0,2385.0,2322.0,399.0,4515.0,1505.0,1505.0,1505.0,774.0,774.0,774.0,795.0,795.0,795.0,2253.0,2253.0,2253.0,1505.0,1505.0,1505.0,774.0,774.0,774.0
1.0,4773.0,2364.0,2325.0,2529.0,4362.0,1454.0,1454.0,1454.0,775.0,775.0,775.0,788.0,788.0,788.0,1591.0,1591.0,1591.0,1454.0,1454.0,1454.0,775.0,775.0,775.0
1.0,4938.0,2379.0,2325.0,4515.0,2226.0,742.0,742.0,742.0,775.0,775.0,775.0,793.0,793.0,793.0,1646.0,1646.0,1646.0,742.0,742.0,742.0,775.0,775.0,775.0
1.0,7074.0,2379.0,2325.0,4362.0,243.0,81.0,81.0,81.0,775.0,775.0,775.0,793.0,793.0,793.0,2358.0,2358.0,2358.0,81.0,81.0,81.0,775.0,775.0,775.0
1.0,9057.0,2352.0,2328.0,2226.0,381.0,127.0,127.0,127.0,776.0,776.0,776.0,784.0,784.0,784.0,3019.0,3019.0,3019.0,127.0,127.0,127.0,776.0,776.0,776.0
1.0,8931.0,2358.0,2328.0,243.0,2496.0,832.0,832.0,832.0,776.0,776.0,776.0,786.0,786.0,786.0,2977.0,2977.0,2977.0,832.0,832.0,832.0,776.0,776.0,776.0
1.0,6816.0,2406.0,2331.0,381.0,4533.0,1511.0,1511.0,1511.0,777.0,777.0,777.0,802.0,802.0,802.0,2272.0,2272.0,2272.0,1511.0,1511.0,1511.0,777.0,777.0,777.0
1.0,4791.0,2385.0,2331.0,2496.0,4422.0,1474.0,1474.0,1474.0,777.0,777.0,777.0,795.0,795.0,795.0,1597.0,1597.0,1597.0,1474.0,1474.0,1474.0,777.0,777.0,777.0
1.0,4902.0,2343.0,2331.0,4533.0,2232.0,744.0,744.0,744.0,777.0,777.0,777.0,781.0,781.0,781.0,1634.0,1634.0,1634.0,744.0,744.0,744.0,777.0,777.0,777.0
1.0,7092.0,2337.0,2331.0,4422.0,147.0,49.0,49.0,49.0,777.0,777.0,777.0,779.0,779.0,779.0,2364.0,2364.0,2364.0,49.0,49.0,49.0,777.0,777.0,777.0
1.0,9177.0,2340.0,2334.0,2232.0,267.0,89.0,89.0,89.0,778.0,778.0,778.0,780.0,780.0,780.0,3059.0,3059.0,3059.0,89.0,89.0,89.0,778.0,778.0,778.0
1.0,9069.0,2322.0,2334.0,147.0,2442.0,814.0,814.0,814.0,778.0,778.0,778.0,774.0,774.0,774.0,3023.0,3023.0,3023.0,814.0,814.0,814.0,778.0,778.0,778.0
1.0,6894.0,2346.0,2334.0,267.0,4521.0,1507.0,1507.0,1507.0,778.0,778.0,778.0,782.0,782.0,782.0,2298.0,2298.0,2298.0,1507.0,1507.0,1507.0,778.0,778.0,778.0
1.0,4815.0,2343.0,2334.0,2442.0,4422.0,1474.0,1474.0,1474.0,778.0,778.0,778.0,781.0,781.0,781.0,1605.0,1605.0,1605.0,1474.0,1474.0,1474.0,778.0,778.0,778.0
1.0,4914.0,2403.0,2337.0,4521.0,2316.0,772.0,772.0,772.0,779.0,779.0,779.0,801.0,801.0,801.0,1638.0,1638.0,1638.0,772.0,772.0,772.0,779.0,779.0,779.0
1.0,7032.0,2406.0,2340.0,4422.0,312.0,104.0,104.0,104.0,780.0,780.0,780.0,802.0,802.0,802.0,2344.0,2344.0,2344.0,104.0,104.0,104.0,780.0,780.0,780.0
1.0,9048.0,2364.0,2340.0,2316.0,360.0,120.0,120.0,120.0,780.0,780.0,780.0,788.0,788.0,788.0,3016.0,3016.0,3016.0,120.0,120.0,120.0,780.0,780.0,780.0
1.0,9000.0,2283.0,2340.0,312.0,2331.0,777.0,777.0,777.0,780.0,780.0,780.0,761.0,761.0,761.0,3000.0,3000.0,3000.0,777.0,777.0,777.0,780.0,780.0,780.0
1.0,7029.0,2304.0,2337.0,360.0,4263.0,1421.0,1421.0,1421.0,779.0,779.0,779.0,768.0,768.0,768.0,2343.0,2343.0,2343.0,1421.0,1421.0,1421.0,779.0,779.0,779.0
1.0,5085.0,2322.0,2337.0,2331.0,4254.0,1418.0,1418.0,1418.0,779.0,779.0,779.0,774.0,774.0,774.0,1695.0,1695.0,1695.0,1418.0,1418.0,1418.0,779.0,779.0,779.0
1.0,5094.0,2370.0,2337.0,4263.0,2361.0,787.0,787.0,787.0,779.0,779.0,779.0,790.0,790.0,790.0,1698.0,1698.0,1698.0,787.0,787.0,787.0,779.0,779.0,779.0
1.0,6987.0,2319.0,2340.0,4254.0,438.0,146.0,146.0,146.0,780.0,780.0,780.0,773.0,773.0,773.0,2329.0,2329.0,2329.0,146.0,146.0,146.0,780.0,780.0,780.0
1.0,8922.0,2328.0,2340.0,2361.0,405.0,135.0,135.0,135.0,780.0,780.0,780.0,776.0,776.0,776.0,2974.0,2974.0,2974.0,135.0,135.0,135.0,780.0,780.0,780.0
1.0,8955.0,2322.0,2340.0,438.0,2289.0,763.0,763.0,763.0,780.0,780.0,780.0,774.0,774.0,774.0,2985.0,2985.0,2985.0,763.0,763.0,763.0,780.0,780.0,780.0
1.0,7071.0,2328.0,2340.0,405.0,4212.0,1404.0,1404.0,1404.0,780.0,780.0,780.0,776.0,776.0,776.0,2357.0,2357.0,2357.0,1404.0,1404.0,1404.0,780.0,780.0,780.0
1.0,5148.0,2361.0,2340.0,2289.0,4284.0,1428.0,1428.0,1428.0,780.0,780.0,780.0,787.0,787.0,787.0,1716.0,1716.0,1716.0,1428.0,1428.0,1428.0,780.0,780.0,780.0
1.0,5076.0,2367.0,2340.0,4212.0,2439.0,813.0,813.0,813.0,780.0,780.0,780.0,789.0,789.0,789.0,1692.0,1692.0,1692.0,813.0,813.0,813.0,780.0,780.0,780.0
1.0,6921.0,2397.0,2343.0,4284.0,564.0,188.0,188.0,188.0,781.0,781.0,781.0,799.0,799.0,799.0,2307.0,2307.0,2307.0,188.0,188.0,188.0,781.0,781.0,781.0
1.0,8808.0,2304.0,2343.0,2439.0,429.0,143.0,143.0,143.0,781.0,781.0,781.0,768.0,768.0,768.0,2936.0,2936.0,2936.0,143.0,143.0,143.0,781.0,781.0,781.0
1.0,8943.0,2328.0,2343.0,564.0,2193.0,731.0,731.0,731.0,781.0,781.0,781.0,776.0,776.0,776.0,2981.0,2981.0,2981.0,731.0,731.0,731.0,781.0,781.0,781.0
1.0,7179.0,2307.0,2343.0,429.0,4071.0,1357.0,1357.0,1357.0,781.0,781.0,781.0,769.0,769.0,769.0,2393.0,2393.0,2393.0,1357.0,1357.0,1357.0,781.0,781.0,781.0
1.0,5301.0,2295.0,2343.0,2193.0,4173.0,1391.0,1391.0,1391.0,781.0,781.0,781.0,765.0,765.0,765.0,1767.0,1767.0,1767.0,1391.0,1391.0,1391.0,781.0,781.0,781.0
1.0,5199.0,2295.0,2343.0,4071.0,2397.0,799.0,799.0,799.0,781.0,781.0,781.0,765.0,765.0,765.0,1733.0,1733.0,1733.0,799.0,799.0,799.0,781.0,781.0,781.0
1.0,6975.0,2382.0,2343.0,4173.0,606.0,202.0,202.0,202.0,781.0,781.0,781.0,794.0,794.0,794.0,2325.0,2325.0,2325.0,202.0,202.0,202.0,781.0,781.0,781.0
1.0,8766.0,2304.0,2343.0,2397.0,513.0,171.0,171.0,171.0,781.0,781.0,781.0,768.0,768.0,768.0,2922.0,2922.0,2922.0,171.0,171.0,171.0,781.0,781.0,781.0
1.0,8859.0,2352.0,2343.0,606.0,2259.0,753.0,753.0,753.0,781.0,781.0,781.0,784.0,784.0,784.0,2953.0,2953.0,2953.0,753.0,753.0,753.0,781.0,781.0,781.0
1.0,7113.0,2325.0,2343.0,513.0,4071.0,1357.0,1357.0,1357.0,781.0,781.0,781.0,775.0,775.0,775.0,2371.0,2371.0,2371.0,1357.0,1357.0,1357.0,781.0,781.0,781.0
1.0,5301.0,2340.0,2346.0,2259.0,4164.0,1388.0,1388.0,1388.0,782.0,782.0,782.0,780.0,780.0,780.0,1767.0,1767.0,1767.0,1388.0,1388.0,1388.0,782.0,782.0,782.0
1.0,5220.0,2328.0,2346.0,4071.0,2421.0,807.0,807.0,807.0,782.0,782.0,782.0,776.0,776.0,776.0,1740.0,1740.0,1740.0,807.0,807.0,807.0,782.0,782.0,782.0
1.0,6963.0,2364.0,2346.0,4164.0,621.0,207.0,207.0,207.0,782.0,782.0,782.0,788.0,788.0,788.0,2321.0,2321.0,2321.0,207.0,207.0,207.0,782.0,782.0,782.0
1.0,8763.0,2373.0,2346.0,2421.0,573.0,191.0,191.0,191.0,782.0,782.0,782.0,791.0,791.0,791.0,2921.0,2921.0,2921.0,191.0,191.0,191.0,782.0,782.0,782.0
1.0,8811.0,2316.0,2346.0,621.0,2268.0,756.0,756.0,756.0,782.0,782.0,782.0,772.0,772.0,772.0,2937.0,2937.0,2937.0,756.0,756.0,756.0,782.0,782.0,782.0
1.0,7116.0,2367.0,2346.0,573.0,4062.0,1354.0,1354.0,1354.0,782.0,782.0,782.0,789.0,789.0,789.0,2372.0,2372.0,2372.0,1354.0,1354.0,1354.0,782.0,782.0,782.0
1.0,5322.0,2394.0,2349.0,2268.0,4200.0,1400.0,1400.0,1400.0,783.0,783.0,783.0,798.0,798.0,798.0,1774.0,1774.0,1774.0,1400.0,1400.0,1400.0,783.0,783.0,783.0
1.0,5196.0,2409.0,2352.0,4062.0,2559.0,853.0,853.0,853.0,784.0,784.0,784.0,803.0,803.0,803.0,1732.0,1732.0,1732.0,853.0,853.0,853.0,784.0,784.0,784.0
1.0,6849.0,2403.0,2352.0,4200.0,762.0,254.0,254.0,254.0,784.0,784.0,784.0,801.0,801.0,801.0,2283.0,2283.0,2283.0,254.0,254.0,254.0,784.0,784.0,784.0
1.0,8646.0,2394.0,2352.0,2559.0,597.0,199.0,199.0,199.0,784.0,784.0,784.0,798.0,798.0,798.0,2882.0,2882.0,2882.0,199.0,199.0,199.0,784.0,784.0,784.0
1.0,8811.0,2373.0,2352.0,762.0,2208.0,736.0,736.0,736.0,784.0,784.0,784.0,791.0,791.0,791.0,2937.0,2937.0,2937.0,736.0,736.0,736.0,784.0,784.0,784.0
1.0,7200.0,2370.0,2352.0,597.0,3981.0,1327.0,1327.0,1327.0,784.0,784.0,784.0,790.0,790.0,790.0,2400.0,2400.0,2400.0,1327.0,1327.0,1327.0,784.0,784.0,784.0
1.0,5427.0,2376.0,2352.0,2208.0,4149.0,1383.0,1383.0,1383.0,784.0,784.0,784.0,792.0,792.0,792.0,1809.0,1809.0,1809.0,1383.0,1383.0,1383.0,784.0,784.0,784.0
1.0,5259.0,2421.0,2352.0,3981.0,2589.0,863.0,863.0,863.0,784.0,784.0,784.0,807.0,807.0,807.0,1753.0,1753.0,1753.0,863.0,863.0,863.0,784.0,784.0,784.0
1.0,6819.0,2361.0,2355.0,4149.0,813.0,271.0,271.0,271.0,785.0,785.0,785.0,787.0,787.0,787.0,2273.0,2273.0,2273.0,271.0,271.0,271.0,785.0,785.0,785.0
1.0,8607.0,2403.0,2355.0,2589.0,627.0,209.0,209.0,209.0,785.0,785.0,785.0,801.0,801.0,801.0,2869.0,2869.0,2869.0,209.0,209.0,209.0,785.0,785.0,785.0
1.0,8793.0,2376.0,2355.0,813.0,2190.0,730.0,730.0,730.0,785.0,785.0,785.0,792.0,792.0,792.0,2931.0,2931.0,2931.0,730.0,730.0,730.0,785.0,785.0,785.0
1.0,7230.0,2361.0,2355.0,627.0,3924.0,1308.0,1308.0,1308.0,785.0,785.0,785.0,787.0,787.0,787.0,2410.0,2410.0,2410.0,1308.0,1308.0,1308.0,785.0,785.0,785.0
1.0,5496.0,2364.0,2355.0,2190.0,4098.0,1366.0,1366.0,1366.0,785.0,785.0,785.0,788.0,788.0,788.0,1832.0,1832.0,1832.0,1366.0,1366.0,1366.0,785.0,785.0,785.0
1.0,5322.0,2409.0,2355.0,3924.0,2583.0,861.0,861.0,861.0,785.0,785.0,785.0,803.0,803.0,803.0,1774.0,1774.0,1774.0,861.0,861.0,861.0,785.0,785.0,785.0
1.0,6837.0,2346.0,2355.0,4098.0,831.0,277.0,277.0,277.0,785.0,785.0,785.0,782.0,782.0,782.0,2279.0,2279.0,2279.0,277.0,277.0,277.0,785.0,785.0,785.0
1.0,8589.0,2400.0,2355.0,2583.0,648.0,216.0,216.0,216.0,785.0,785.0,785.0,800.0,800.0,800.0,2863.0,2863.0,2863.0,216.0,216.0,216.0,785.0,785.0,785.0
1.0,8772.0,2394.0,2355.0,831.0,2211.0,737.0,737.0,737.0,785.0,785.0,785.0,798.0,798.0,798.0,2924.0,2924.0,2924.0,737.0,737.0,737.0,785.0,785.0,785.0
1.0,7209.0,2328.0,2355.0,648.0,3891.0,1297.0,1297.0,1297.0,785.0,785.0,785.0,776.0,776.0,776.0,2403.0,2403.0,2403.0,1297.0,1297.0,1297.0,785.0,785.0,785.0
1.0,5529.0,2349.0,2355.0,2211.0,4029.0,1343.0,1343.0,1343.0,785.0,785.0,785.0,783.0,783.0,783.0,1843.0,1843.0,1843.0,1343.0,1343.0,1343.0,785.0,785.0,785.0
1.0,5391.0,2385.0,2355.0,3891.0,2523.0,841.0,841.0,841.0,785.0,785.0,785.0,795.0,795.0,795.0,1797.0,1797.0,1797.0,841.0,841.0,841.0,785.0,785.0,785.0
1.0,6897.0,2391.0,2358.0,4029.0,897.0,299.0,299.0,299.0,786.0,786.0,786.0,797.0,797.0,797.0,2299.0,2299.0,2299.0,299.0,299.0,299.0,786.0,786.0,786.0
1.0,8535.0,2388.0,2358.0,2523.0,762.0,254.0,254.0,254.0,786.0,786.0,786.0,796.0,796.0,796.0,2845.0,2845.0,2845.0,254.0,254.0,254.0,786.0,786.0,786.0
1.0,8670.0,2376.0,2358.0,897.0,2241.0,747.0,747.0,747.0,786.0,786.0,786.0,792.0,792.0,792.0,2890.0,2890.0,2890.0,747.0,747.0,747.0,786.0,786.0,786.0
1.0,7191.0,2409.0,2358.0,762.0,3888.0,1296.0,1296.0,1296.0,786.0,786.0,786.0,803.0,803.0,803.0,2397.0,2397.0,2397.0,1296.0,1296.0,1296.0,786.0,786.0,786.0
1.0,5544.0,2355.0,2358.0,2241.0,4002.0,1334.0,1334.0,1334.0,786.0,786.0,786.0,785.0,785.0,785.0,1848.0,1848.0,1848.0,1334.0,1334.0,1334.0,786.0,786.0,786.0
1.0,5430.0,2355.0,2358.0,3888.0,2469.0,823.0,823.0,823.0,786.0,786.0,786.0,785.0,785.0,785.0,1810.0,1810.0,1810.0,823.0,823.0,823.0,786.0,786.0,786.0
1.0,6963.0,2388.0,2358.0,4002.0,855.0,285.0,285.0,285.0,786.0,786.0,786.0,796.0,796.0,796.0,2321.0,2321.0,2321.0,285.0,285.0,285.0,786.0,786.0,786.0
1.0,8577.0,2403.0,2361.0,2469.0,801.0,267.0,267.0,267.0,787.0,787.0,787.0,801.0,801.0,801.0,2859.0,2859.0,2859.0,267.0,267.0,267.0,787.0,787.0,787.0
1.0,8643.0,2361.0,2361.0,855.0,2307.0,769.0,769.0,769.0,787.0,787.0,787.0,787.0,787.0,787.0,2881.0,2881.0,2881.0,769.0,769.0,769.0,787.0,787.0,787.0
1.0,7137.0,2415.0,2364.0,801.0,3933.0,1311.0,1311.0,1311.0,788.0,788.0,788.0,805.0,805.0,805.0,2379.0,2379.0,2379.0,1311.0,1311.0,1311.0,788.0,788.0,788.0
1.0,5523.0,2400.0,2364.0,2307.0,4026.0,1342.0,1342.0,1342.0,788.0,788.0,788.0,800.0,800.0,800.0,1841.0,1841.0,1841.0,1342.0,1342.0,1342.0,788.0,788.0,788.0
1.0,5430.0,2325.0,2364.0,3933.0,2418.0,806.0,806.0,806.0,788.0,788.0,788.0,775.0,775.0,775.0,1810.0,1810.0,1810.0,806.0,806.0,806.0,788.0,788.0,788.0
1.0,7038.0,2343.0,2364.0,4026.0,735.0,245.0,245.0,245.0,788.0,788.0,788.0,781.0,781.0,781.0,2346.0,2346.0,2346.0,245.0,245.0,245.0,788.0,788.0,788.0
1.0,8721.0,2367.0,2364.0,2418.0,684.0,228.0,228.0,228.0,788.0,788.0,788.0,789.0,789.0,789.0,2907.0,2907.0,2907.0,228.0,228.0,228.0,788.0,788.0,788.0
1.0,8772.0,2337.0,2364.0,735.0,2286.0,762.0,762.0,762.0,788.0,788.0,788.0,779.0,779.0,779.0,2924.0,2924.0,2924.0,762.0,762.0,762.0,788.0,788.0,788.0
1.0,7170.0,2364.0,2364.0,684.0,3966.0,1322.0,1322.0,1322.0,788.0,788.0,788.0,788.0,788.0,788.0,2390.0,2390.0,2390.0,1322.0,1322.0,1322.0,788.0,788.0,788.0
1.0,5490.0,2334.0,2364.0,2286.0,4014.0,1338.0,1338.0,1338.0,788.0,788.0,788.0,778.0,778.0,778.0,1830.0,1830.0,1830.0,1338.0,1338.0,1338.0,788.0,788.0,788.0
1.0,5442.0,2370.0,2364.0,3966.0,2418.0,806.0,806.0,806.0,788.0,788.0,788.0,790.0,790.0,790.0,1814.0,1814.0,1814.0,806.0,806.0,806.0,788.0,788.0,788.0
1.0,7038.0,2334.0,2364.0,4014.0,738.0,246.0,246.0,246.0,788.0,788.0,788.0,778.0,778.0,778.0,2346.0,2346.0,2346.0,246.0,246.0,246.0,788.0,788.0,788.0
1.0,8718.0,2376.0,2367.0,2418.0,708.0,236.0,236.0,236.0,789.0,789.0,789.0,792.0,792.0,792.0,2906.0,2906.0,2906.0,236.0,236.0,236.0,789.0,789.0,789.0
1.0,8760.0,2388.0,2367.0,738.0,2358.0,786.0,786.0,786.0,789.0,789.0,789.0,796.0,796.0,796.0,2920.0,2920.0,2920.0,786.0,786.0,786.0,789.0,789.0,789.0
1.0,7110.0,2400.0,2370.0,708.0,4062.0,1354.0,1354.0,1354.0,790.0,790.0,790.0,800.0,800.0,800.0,2370.0,2370.0,2370.0,1354.0,1354.0,1354.0,790.0,790.0,790.0
1.0,5418.0,2346.0,2370.0,2358.0,4050.0,1350.0,1350.0,1350.0,790.0,790.0,790.0,782.0,782.0,782.0,1806.0,1806.0,1806.0,1350.0,1350.0,1350.0,790.0,790.0,790.0
1.0,5430.0,2397.0,2370.0,4062.0,2385.0,795.0,795.0,795.0,790.0,790.0,790.0,799.0,799.0,799.0,1810.0,1810.0,1810.0,795.0,795.0,795.0,790.0,790.0,790.0
1.0,7095.0,2430.0,2373.0,4050.0,777.0,259.0,259.0,259.0,791.0,791.0,791.0,810.0,810.0,810.0,2365.0,2365.0,2365.0,259.0,259.0,259.0,791.0,791.0,791.0
1.0,8715.0,2427.0,2376.0,2385.0,831.0,277.0,277.0,277.0,792.0,792.0,792.0,809.0,809.0,809.0,2905.0,2905.0,2905.0,277.0,277.0,277.0,792.0,792.0,792.0
1.0,8673.0,2442.0,2376.0,777.0,2496.0,832.0,832.0,832.0,792.0,792.0,792.0,814.0,814.0,814.0,2891.0,2891.0,2891.0,832.0,832.0,832.0,792.0,792.0,792.0
1.0,7008.0,2412.0,2379.0,831.0,4089.0,1363.0,1363.0,1363.0,793.0,793.0,793.0,804.0,804.0,804.0,2336.0,2336.0,2336.0,1363.0,1363.0,1363.0,793.0,793.0,793.0
1.0,5427.0,2382.0,2379.0,2496.0,3975.0,1325.0,1325.0,1325.0,793.0,793.0,793.0,794.0,794.0,794.0,1809.0,1809.0,1809.0,1325.0,1325.0,1325.0,793.0,793.0,793.0
1.0,5541.0,2388.0,2379.0,4089.0,2274.0,758.0,758.0,758.0,793.0,793.0,793.0,796.0,796.0,796.0,1847.0,1847.0,1847.0,758.0,758.0,758.0,793.0,793.0,793.0
1.0,7242.0,2385.0,2379.0,3975.0,684.0,228.0,228.0,228.0,793.0,793.0,793.0,795.0,795.0,795.0,2414.0,2414.0,2414.0,228.0,228.0,228.0,793.0,793.0,793.0
1.0,8832.0,2430.0,2382.0,2274.0,852.0,284.0,284.0,284.0,794.0,794.0,794.0,810.0,810.0,810.0,2944.0,2944.0,2944.0,284.0,284.0,284.0,794.0,794.0,794.0
1.0,8676.0,2436.0,2382.0,684.0,2604.0,868.0,868.0,868.0,794.0,794.0,794.0,812.0,812.0,812.0,2892.0,2892.0,2892.0,868.0,868.0,868.0,794.0,794.0,794.0
1.0,6924.0,2403.0,2382.0,852.0,4155.0,1385.0,1385.0,1385.0,794.0,794.0,794.0,801.0,801.0,801.0,2308.0,2308.0,2308.0,1385.0,1385.0,1385.0,794.0,794.0,794.0
1.0,5373.0,2415.0,2382.0,2604.0,3966.0,1322.0,1322.0,1322.0,794.0,794.0,794.0,805.0,805.0,805.0,1791.0,1791.0,1791.0,1322.0,1322.0,1322.0,794.0,794.0,794.0
1.0,5562.0,2400.0,2382.0,4155.0,2211.0,737.0,737.0,737.0,794.0,794.0,794.0,800.0,800.0,800.0,1854.0,1854.0,1854.0,737.0,737.0,737.0,794.0,794.0,794.0
1.0,7317.0,2427.0,2382.0,3966.0,672.0,224.0,224.0,224.0,794.0,794.0,794.0,809.0,809.0,809.0,2439.0,2439.0,2439.0,224.0,224.0,224.0,794.0,794.0,794.0
1.0,8856.0,2415.0,2385.0,2211.0,888.0,296.0,296.0,296.0,795.0,795.0,795.0,805.0,805.0,805.0,2952.0,2952.0,2952.0,296.0,296.0,296.0,795.0,795.0,795.0
1.0,8652.0,2436.0,2385.0,672.0,2652.0,884.0,884.0,884.0,795.0,795.0,795.0,812.0,812.0,812.0,2884.0,2884.0,2884.0,884.0,884.0,884.0,795.0,795.0,795.0
1.0,6888.0,2361.0,2385.0,888.0,4125.0,1375.0,1375.0,1375.0,795.0,795.0,795.0,787.0,787.0,787.0,2296.0,2296.0,2296.0,1375.0,1375.0,1375.0,795.0,795.0,795.0
1.0,5415.0,2430.0,2385.0,2652.0,3903.0,1301.0,1301.0,1301.0,795.0,795.0,795.0,810.0,810.0,810.0,1805.0,1805.0,1805.0,1301.0,1301.0,1301.0,795.0,795.0,795.0
1.0,5637.0,2418.0,2385.0,4125.0,2196.0,732.0,732.0,732.0,795.0,795.0,795.0,806.0,806.0,806.0,1879.0,1879.0,1879.0,732.0,732.0,732.0,795.0,795.0,795.0
1.0,7344.0,2385.0,2385.0,3903.0,678.0,226.0,226.0,226.0,795.0,795.0,795.0,795.0,795.0,795.0,2448.0,2448.0,2448.0,226.0,226.0,226.0,795.0,795.0,795.0
1.0,8862.0,2451.0,2388.0,2196.0,945.0,315.0,315.0,315.0,796.0,796.0,796.0,817.0,817.0,817.0,2954.0,2954.0,2954.0,315.0,315.0,315.0,796.0,796.0,796.0
1.0,8607.0,2370.0,2388.0,678.0,2637.0,879.0,879.0,879.0,796.0,796.0,796.0,790.0,790.0,790.0,2869.0,2869.0,2869.0,879.0,879.0,879.0,796.0,796.0,796.0
1.0,6915.0,2421.0,2388.0,945.0,4113.0,1371.0,1371.0,1371.0,796.0,796.0,796.0,807.0,807.0,807.0,2305.0,2305.0,2305.0,1371.0,1371.0,1371.0,796.0,796.0,796.0
1.0,5439.0,2418.0,2391.0,2637.0,3906.0,1302.0,1302.0,1302.0,797.0,797.0,797.0,806.0,806.0,806.0,1813.0,1813.0,1813.0,1302.0,1302.0,1302.0,797.0,797.0,797.0
1.0,5658.0,2415.0,2391.0,4113.0,2208.0,736.0,736.0,736.0,797.0,797.0,797.0,805.0,805.0,805.0,1886.0,1886.0,1886.0,736.0,736.0,736.0,797.0,797.0,797.0
1.0,7356.0,2421.0,2391.0,3906.0,723.0,241.0,241.0,241.0,797.0,797.0,797.0,807.0,807.0,807.0,2452.0,2452.0,2452.0,241.0,241.0,241.0,797.0,797.0,797.0
1.0,8841.0,2403.0,2391.0,2208.0,918.0,306.0,306.0,306.0,797.0,797.0,797.0,801.0,801.0,801.0,2947.0,2947.0,2947.0,306.0,306.0,306.0,797.0,797.0,797.0
1.0,8646.0,2415.0,2394.0,723.0,2622.0,874.0,874.0,874.0,798.0,798.0,798.0,805.0,805.0,805.0,2882.0,2882.0,2882.0,874.0,874.0,874.0,798.0,798.0,798.0
1.0,6954.0,2400.0,2394.0,918.0,4104.0,1368.0,1368.0,1368.0,798.0,798.0,798.0,800.0,800.0,800.0,2318.0,2318.0,2318.0,1368.0,1368.0,1368.0,798.0,798.0,798.0
1.0,5472.0,2406.0,2394.0,2622.0,3888.0,1296.0,1296.0,1296.0,798.0,798.0,798.0,802.0,802.0,802.0,1824.0,1824.0,1824.0,1296.0,1296.0,1296.0,798.0,798.0,798.0
1.0,5688.0,2418.0,2394.0,4104.0,2202.0,734.0,734.0,734.0,798.0,798.0,798.0,806.0,806.0,806.0,1896.0,1896.0,1896.0,734.0,734.0,734.0,798.0,798.0,798.0
1.0,7374.0,2418.0,2394.0,3888.0,732.0,244.0,244.0,244.0,798.0,798.0,798.0,806.0,806.0,806.0,2458.0,2458.0,2458.0,244.0,244.0,244.0,798.0,798.0,798.0
1.0,8844.0,2391.0,2394.0,2202.0,921.0,307.0,307.0,307.0,798.0,798.0,798.0,797.0,797.0,797.0,2948.0,2948.0,2948.0,307.0,307.0,307.0,798.0,798.0,798.0
1.0,8655.0,2388.0,2394.0,732.0,2577.0,859.0,859.0,859.0,798.0,798.0,798.0,796.0,796.0,796.0,2885.0,2885.0,2885.0,859.0,859.0,859.0,798.0,798.0,798.0
1.0,6999.0,2358.0,2394.0,921.0,4014.0,1338.0,1338.0,1338.0,798.0,798.0,798.0,786.0,786.0,786.0,2333.0,2333.0,2333.0,1338.0,1338.0,1338.0,798.0,798.0,798.0
1.0,5562.0,2400.0,2397.0,2577.0,3849.0,1283.0,1283.0,1283.0,799.0,799.0,799.0,800.0,800.0,800.0,1854.0,1854.0,1854.0,1283.0,1283.0,1283.0,799.0,799.0,799.0
1.0,5739.0,2361.0,2394.0,4014.0,2184.0,728.0,728.0,728.0,798.0,798.0,798.0,787.0,787.0,787.0,1913.0,1913.0,1913.0,728.0,728.0,728.0,798.0,798.0,798.0
1.0,7392.0,2418.0,2397.0,3849.0,765.0,255.0,255.0,255.0,799.0,799.0,799.0,806.0,806.0,806.0,2464.0,2464.0,2464.0,255.0,255.0,255.0,799.0,799.0,799.0
1.0,8823.0,2358.0,2394.0,2184.0,927.0,309.0,309.0,309.0,798.0,798.0,798.0,786.0,786.0,786.0,2941.0,2941.0,2941.0,309.0,309.0,309.0,798.0,798.0,798.0
1.0,8649.0,2412.0,2394.0,765.0,2574.0,858.0,858.0,858.0,798.0,798.0,798.0,804.0,804.0,804.0,2883.0,2883.0,2883.0,858.0,858.0,858.0,798.0,798.0,798.0
1.0,7002.0,2391.0,2397.0,927.0,4050.0,1350.0,1350.0,1350.0,799.0,799.0,799.0,797.0,797.0,797.0,2334.0,2334.0,2334.0,1350.0,1350.0,1350.0,799.0,799.0,799.0
1.0,5538.0,2367.0,2397.0,2574.0,3843.0,1281.0,1281.0,1281.0,799.0,799.0,799.0,789.0,789.0,789.0,1846.0,1846.0,1846.0,1281.0,1281.0,1281.0,799.0,799.0,799.0
1.0,5745.0,2373.0,2397.0,4050.0,2166.0,722.0,722.0,722.0,799.0,799.0,799.0,791.0,791.0,791.0,1915.0,1915.0,1915.0,722.0,722.0,722.0,799.0,799.0,799.0
1.0,7422.0,2433.0,2400.0,3843.0,768.0,256.0,256.0,256.0,800.0,800.0,800.0,811.0,811.0,811.0,2474.0,2474.0,2474.0,256.0,256.0,256.0,800.0,800.0,800.0
1.0,8832.0,2373.0,2400.0,2166.0,975.0,325.0,325.0,325.0,800.0,800.0,800.0,791.0,791.0,791.0,2944.0,2944.0,2944.0,325.0,325.0,325.0,800.0,800.0,800.0
1.0,8625.0,2376.0,2400.0,768.0,2583.0,861.0,861.0,861.0,800.0,800.0,800.0,792.0,792.0,792.0,2875.0,2875.0,2875.0,861.0,861.0,861.0,800.0,800.0,800.0
1.0,7017.0,2349.0,2400.0,975.0,3957.0,1319.0,1319.0,1319.0,800.0,800.0,800.0,783.0,783.0,783.0,2339.0,2339.0,2339.0,1319.0,1319.0,1319.0,800.0,800.0,800.0
1.0,5643.0,2445.0,2400.0,2583.0,3819.0,1273.0,1273.0,1273.0,800.0,800.0,800.0,815.0,815.0,815.0,1881.0,1881.0,1881.0,1273.0,1273.0,1273.0,800.0,800.0,800.0
1.0,5781.0,2373.0,2400.0,3957.0,2235.0,745.0,745.0,745.0,800.0,800.0,800.0,791.0,791.0,791.0,1927.0,1927.0,1927.0,745.0,745.0,745.0,800.0,800.0,800.0
1.0,7365.0,2364.0,2400.0,3819.0,780.0,260.0,260.0,260.0,800.0,800.0,800.0,788.0,788.0,788.0,2455.0,2455.0,2455.0,260.0,260.0,260.0,800.0,800.0,800.0
1.0,8820.0,2427.0,2400.0,2235.0,972.0,324.0,324.0,324.0,800.0,800.0,800.0,809.0,809.0,809.0,2940.0,2940.0,2940.0,324.0,324.0,324.0,800.0,800.0,800.0
1.0,8628.0,2385.0,2403.0,780.0,2589.0,863.0,863.0,863.0,801.0,801.0,801.0,795.0,795.0,795.0,2876.0,2876.0,2876.0,863.0,863.0,863.0,801.0,801.0,801.0
1.0,7023.0,2415.0,2403.0,972.0,4032.0,1344.0,1344.0,1344.0,801.0,801.0,801.0,805.0,805.0,805.0,2341.0,2341.0,2341.0,1344.0,1344.0,1344.0,801.0,801.0,801.0
1.0,5580.0,2394.0,2403.0,2589.0,3837.0,1279.0,1279.0,1279.0,801.0,801.0,801.0,798.0,798.0,798.0,1860.0,1860.0,1860.0,1279.0,1279.0,1279.0,801.0,801.0,801.0
1.0,5775.0,2421.0,2403.0,4032.0,2226.0,742.0,742.0,742.0,801.0,801.0,801.0,807.0,807.0,807.0,1925.0,1925.0,1925.0,742.0,742.0,742.0,801.0,801.0,801.0
1.0,7386.0,2403.0,2400.0,3837.0,780.0,260.0,260.0,260.0,800.0,800.0,800.0,801.0,801.0,801.0,2462.0,2462.0,2462.0,260.0,260.0,260.0,800.0,800.0,800.0
1.0,8820.0,2460.0,2403.0,2226.0,1026.0,342.0,342.0,342.0,801.0,801.0,801.0,820.0,820.0,820.0,2940.0,2940.0,2940.0,342.0,342.0,342.0,801.0,801.0,801.0
1.0,8586.0,2379.0,2403.0,780.0,2625.0,875.0,875.0,875.0,801.0,801.0,801.0,793.0,793.0,793.0,2862.0,2862.0,2862.0,875.0,875.0,875.0,801.0,801.0,801.0
1.0,6987.0,2448.0,2403.0,1026.0,4047.0,1349.0,1349.0,1349.0,801.0,801.0,801.0,816.0,816.0,816.0,2329.0,2329.0,2329.0,1349.0,1349.0,1349.0,801.0,801.0,801.0
1.0,5565.0,2481.0,2406.0,2625.0,3915.0,1305.0,1305.0,1305.0,802.0,802.0,802.0,827.0,827.0,827.0,1855.0,1855.0,1855.0,1305.0,1305.0,1305.0,802.0,802.0,802.0
1.0,5709.0,2439.0,2406.0,4047.0,2307.0,769.0,769.0,769.0,802.0,802.0,802.0,813.0,813.0,813.0,1903.0,1903.0,1903.0,769.0,769.0,769.0,802.0,802.0,802.0
1.0,7317.0,2424.0,2406.0,3915.0,816.0,272.0,272.0,272.0,802.0,802.0,802.0,808.0,808.0,808.0,2439.0,2439.0,2439.0,272.0,272.0,272.0,802.0,802.0,802.0
1.0,8808.0,2427.0,2406.0,2307.0,936.0,312.0,312.0,312.0,802.0,802.0,802.0,809.0,809.0,809.0,2936.0,2936.0,2936.0,312.0,312.0,312.0,802.0,802.0,802.0
1.0,8688.0,2475.0,2406.0,816.0,2595.0,865.0,865.0,865.0,802.0,802.0,802.0,825.0,825.0,825.0,2896.0,2896.0,2896.0,865.0,865.0,865.0,802.0,802.0,802.0
1.0,7029.0,2445.0,2406.0,936.0,4104.0,1368.0,1368.0,1368.0,802.0,802.0,802.0,815.0,815.0,815.0,2343.0,2343.0,2343.0,1368.0,1368.0,1368.0,802.0,802.0,802.0
1.0,5520.0,2373.0,2406.0,2595.0,3882.0,1294.0,1294.0,1294.0,802.0,802.0,802.0,791.0,791.0,791.0,1840.0,1840.0,1840.0,1294.0,1294.0,1294.0,802.0,802.0,802.0
1.0,5742.0,2439.0,2406.0,4104.0,2217.0,739.0,739.0,739.0,802.0,802.0,802.0,813.0,813.0,813.0,1914.0,1914.0,1914.0,739.0,739.0,739.0,802.0,802.0,802.0
1.0,7407.0,2430.0,2406.0,3882.0,765.0,255.0,255.0,255.0,802.0,802.0,802.0,810.0,810.0,810.0,2469.0,2469.0,2469.0,255.0,255.0,255.0,802.0,802.0,802.0
1.0,8859.0,2469.0,2409.0,2217.0,1029.0,343.0,343.0,343.0,803.0,803.0,803.0,823.0,823.0,823.0,2953.0,2953.0,2953.0,343.0,343.0,343.0,803.0,803.0,803.0
1.0,8607.0,2433.0,2409.0,765.0,2697.0,899.0,899.0,899.0,803.0,803.0,803.0,811.0,811.0,811.0,2869.0,2869.0,2869.0,899.0,899.0,899.0,803.0,803.0,803.0
1.0,6939.0,2478.0,2409.0,1029.0,4146.0,1382.0,1382.0,1382.0,803.0,803.0,803.0,826.0,826.0,826.0,2313.0,2313.0,2313.0,1382.0,1382.0,1382.0,803.0,803.0,803.0
1.0,5490.0,2442.0,2412.0,2697.0,3903.0,1301.0,1301.0,1301.0,804.0,804.0,804.0,814.0,814.0,814.0,1830.0,1830.0,1830.0,1301.0,1301.0,1301.0,804.0,804.0,804.0
1.0,5745.0,2445.0,2412.0,4146.0,2202.0,734.0,734.0,734.0,804.0,804.0,804.0,815.0,815.0,815.0,1915.0,1915.0,1915.0,734.0,734.0,734.0,804.0,804.0,804.0
1.0,7446.0,2424.0,2412.0,3903.0,723.0,241.0,241.0,241.0,804.0,804.0,804.0,808.0,808.0,808.0,2482.0,2482.0,2482.0,241.0,241.0,241.0,804.0,804.0,804.0
1.0,8925.0,2439.0,2412.0,2202.0,960.0,320.0,320.0,320.0,804.0,804.0,804.0,813.0,813.0,813.0,2975.0,2975.0,2975.0,320.0,320.0,320.0,804.0,804.0,804.0
1.0,8688.0,2415.0,2412.0,723.0,2652.0,884.0,884.0,884.0,804.0,804.0,804.0,805.0,805.0,805.0,2896.0,2896.0,2896.0,884.0,884.0,884.0,804.0,804.0,804.0
1.0,6996.0,2436.0,2412.0,960.0,4128.0,1376.0,1376.0,1376.0,804.0,804.0,804.0,812.0,812.0,812.0,2332.0,2332.0,2332.0,1376.0,1376.0,1376.0,804.0,804.0,804.0
1.0,5520.0,2490.0,2415.0,2652.0,3978.0,1326.0,1326.0,1326.0,805.0,805.0,805.0,830.0,830.0,830.0,1840.0,1840.0,1840.0,1326.0,1326.0,1326.0,805.0,805.0,805.0
1.0,5682.0,2412.0,2415.0,4128.0,2262.0,754.0,754.0,754.0,805.0,805.0,805.0,804.0,804.0,804.0,1894.0,1894.0,1894.0,754.0,754.0,754.0,805.0,805.0,805.0
1.0,7398.0,2424.0,2415.0,3978.0,708.0,236.0,236.0,236.0,805.0,805.0,805.0,808.0,808.0,808.0,2466.0,2466.0,2466.0,236.0,236.0,236.0,805.0,805.0,805.0
1.0,8952.0,2490.0,2415.0,2262.0,936.0,312.0,312.0,312.0,805.0,805.0,805.0,830.0,830.0,830.0,2984.0,2984.0,2984.0,312.0,312.0,312.0,805.0,805.0,805.0
1.0,8724.0,2430.0,2418.0,708.0,2670.0,890.0,890.0,890.0,806.0,806.0,806.0,810.0,810.0,810.0,2908.0,2908.0,2908.0,890.0,890.0,890.0,806.0,806.0,806.0
1.0,7002.0,2451.0,2418.0,936.0,4185.0,1395.0,1395.0,1395.0,806.0,806.0,806.0,817.0,817.0,817.0,2334.0,2334.0,2334.0,1395.0,1395.0,1395.0,806.0,806.0,806.0
1.0,5487.0,2439.0,2418.0,2670.0,3954.0,1318.0,1318.0,1318.0,806.0,806.0,806.0,813.0,813.0,813.0,1829.0,1829.0,1829.0,1318.0,1318.0,1318.0,806.0,806.0,806.0
1.0,5718.0,2412.0,2418.0,4185.0,2181.0,727.0,727.0,727.0,806.0,806.0,806.0,804.0,804.0,804.0,1906.0,1906.0,1906.0,727.0,727.0,727.0,806.0,806.0,806.0
1.0,7491.0,2436.0,2418.0,3954.0,663.0,221.0,221.0,221.0,806.0,806.0,806.0,812.0,812.0,812.0,2497.0,2497.0,2497.0,221.0,221.0,221.0,806.0,806.0,806.0
1.0,9009.0,2421.0,2421.0,2181.0,915.0,305.0,305.0,305.0,807.0,807.0,807.0,807.0,807.0,807.0,3003.0,3003.0,3003.0,305.0,305.0,305.0,807.0,807.0,807.0
1.0,8769.0,2436.0,2421.0,663.0,2688.0,896.0,896.0,896.0,807.0,807.0,807.0,812.0,812.0,812.0,2923.0,2923.0,2923.0,896.0,896.0,896.0,807.0,807.0,807.0
1.0,6996.0,2499.0,2424.0,915.0,4284.0,1428.0,1428.0,1428.0,808.0,808.0,808.0,833.0,833.0,833.0,2332.0,2332.0,2332.0,1428.0,1428.0,1428.0,808.0,808.0,808.0
1.0,5412.0,2448.0,2424.0,2688.0,4044.0,1348.0,1348.0,1348.0,808.0,808.0,808.0,816.0,816.0,816.0,1804.0,1804.0,1804.0,1348.0,1348.0,1348.0,808.0,808.0,808.0
1.0,5652.0,2421.0,2424.0,4284.0,2181.0,727.0,727.0,727.0,808.0,808.0,808.0,807.0,807.0,807.0,1884.0,1884.0,1884.0,727.0,727.0,727.0,808.0,808.0,808.0
1.0,7515.0,2436.0,2427.0,4044.0,585.0,195.0,195.0,195.0,809.0,809.0,809.0,812.0,812.0,812.0,2505.0,2505.0,2505.0,195.0,195.0,195.0,809.0,809.0,809.0
1.0,9123.0,2397.0,2427.0,2181.0,801.0,267.0,267.0,267.0,809.0,809.0,809.0,799.0,799.0,799.0,3041.0,3041.0,3041.0,267.0,267.0,267.0,809.0,809.0,809.0
1.0,8907.0,2400.0,2427.0,585.0,2616.0,872.0,872.0,872.0,809.0,809.0,809.0,800.0,800.0,800.0,2969.0,2969.0,2969.0,872.0,872.0,872.0,809.0,809.0,809.0
1.0,7092.0,2457.0,2427.0,801.0,4272.0,1424.0,1424.0,1424.0,809.0,809.0,809.0,819.0,819.0,819.0,2364.0,2364.0,2364.0,1424.0,1424.0,1424.0,809.0,809.0,809.0
1.0,5436.0,2427.0,2427.0,2616.0,4083.0,1361.0,1361.0,1361.0,809.0,809.0,809.0,809.0,809.0,809.0,1812.0,1812.0,1812.0,1361.0,1361.0,1361.0,809.0,809.0,809.0
1.0,5625.0,2490.0,2430.0,4272.0,2313.0,771.0,771.0,771.0,810.0,810.0,810.0,830.0,830.0,830.0,1875.0,1875.0,1875.0,771.0,771.0,771.0,810.0,810.0,810.0
1.0,7407.0,2376.0,2430.0,4083.0,606.0,202.0,202.0,202.0,810.0,810.0,810.0,792.0,792.0,792.0,2469.0,2469.0,2469.0,202.0,202.0,202.0,810.0,810.0,810.0
1.0,9114.0,2466.0,2433.0,2313.0,771.0,257.0,257.0,257.0,811.0,811.0,811.0,822.0,822.0,822.0,3038.0,3038.0,3038.0,257.0,257.0,257.0,811.0,811.0,811.0
1.0,8961.0,2436.0,2433.0,606.0,2601.0,867.0,867.0,867.0,811.0,811.0,811.0,812.0,812.0,812.0,2987.0,2987.0,2987.0,867.0,867.0,867.0,811.0,811.0,811.0
1.0,7131.0,2436.0,2433.0,771.0,4266.0,1422.0,1422.0,1422.0,811.0,811.0,811.0,812.0,812.0,812.0,2377.0,2377.0,2377.0,1422.0,1422.0,1422.0,811.0,811.0,811.0
1.0,5466.0,2448.0,2436.0,2601.0,4125.0,1375.0,1375.0,1375.0,812.0,812.0,812.0,816.0,816.0,816.0,1822.0,1822.0,1822.0,1375.0,1375.0,1375.0,812.0,812.0,812.0
1.0,5619.0,2448.0,2436.0,4266.0,2307.0,769.0,769.0,769.0,812.0,812.0,812.0,816.0,816.0,816.0,1873.0,1873.0,1873.0,769.0,769.0,769.0,812.0,812.0,812.0
1.0,7437.0,2391.0,2436.0,4125.0,573.0,191.0,191.0,191.0,812.0,812.0,812.0,797.0,797.0,797.0,2479.0,2479.0,2479.0,191.0,191.0,191.0,812.0,812.0,812.0
1.0,9171.0,2391.0,2436.0,2307.0,657.0,219.0,219.0,219.0,812.0,812.0,812.0,797.0,797.0,797.0,3057.0,3057.0,3057.0,219.0,219.0,219.0,812.0,812.0,812.0
1.0,9087.0,2433.0,2436.0,573.0,2517.0,839.0,839.0,839.0,812.0,812.0,812.0,811.0,811.0,811.0,3029.0,3029.0,3029.0,839.0,839.0,839.0,812.0,812.0,812.0
1.0,7227.0,2439.0,2436.0,657.0,4299.0,1433.0,1433.0,1433.0,812.0,812.0,812.0,813.0,813.0,813.0,2409.0,2409.0,2409.0,1433.0,1433.0,1433.0,812.0,812.0,812.0
1.0,5445.0,2502.0,2439.0,2517.0,4296.0,1432.0,1432.0,1432.0,813.0,813.0,813.0,834.0,834.0,834.0,1815.0,1815.0,1815.0,1432.0,1432.0,1432.0,813.0,813.0,813.0
1.0,5460.0,2433.0,2439.0,4299.0,2430.0,810.0,810.0,810.0,813.0,813.0,813.0,811.0,811.0,811.0,1820.0,1820.0,1820.0,810.0,810.0,810.0,813.0,813.0,813.0
1.0,7326.0,2457.0,2439.0,4296.0,591.0,197.0,197.0,197.0,813.0,813.0,813.0,819.0,819.0,819.0,2442.0,2442.0,2442.0,197.0,197.0,197.0,813.0,813.0,813.0
1.0,9165.0,2496.0,2439.0,2430.0,657.0,219.0,219.0,219.0,813.0,813.0,813.0,832.0,832.0,832.0,3055.0,3055.0,3055.0,219.0,219.0,219.0,813.0,813.0,813.0
1.0,9099.0,2472.0,2439.0,591.0,2538.0,846.0,846.0,846.0,813.0,813.0,813.0,824.0,824.0,824.0,3033.0,3033.0,3033.0,846.0,846.0,846.0,813.0,813.0,813.0
1.0,7218.0,2517.0,2442.0,657.0,4410.0,1470.0,1470.0,1470.0,814.0,814.0,814.0,839.0,839.0,839.0,2406.0,2406.0,2406.0,1470.0,1470.0,1470.0,814.0,814.0,814.0
1.0,5358.0,2484.0,2442.0,2538.0,4356.0,1452.0,1452.0,1452.0,814.0,814.0,814.0,828.0,828.0,828.0,1786.0,1786.0,1786.0,1452.0,1452.0,1452.0,814.0,814.0,814.0
1.0,5412.0,2424.0,2442.0,4410.0,2370.0,790.0,790.0,790.0,814.0,814.0,814.0,808.0,808.0,808.0,1804.0,1804.0,1804.0,790.0,790.0,790.0,814.0,814.0,814.0
1.0,7398.0,2433.0,2442.0,4356.0,447.0,149.0,149.0,149.0,814.0,814.0,814.0,811.0,811.0,811.0,2466.0,2466.0,2466.0,149.0,149.0,149.0,814.0,814.0,814.0
1.0,9321.0,2469.0,2442.0,2370.0,546.0,182.0,182.0,182.0,814.0,814.0,814.0,823.0,823.0,823.0,3107.0,3107.0,3107.0,182.0,182.0,182.0,814.0,814.0,814.0
1.0,9222.0,2454.0,2445.0,447.0,2565.0,855.0,855.0,855.0,815.0,815.0,815.0,818.0,818.0,818.0,3074.0,3074.0,3074.0,855.0,855.0,855.0,815.0,815.0,815.0
1.0,7215.0,2490.0,2445.0,546.0,4509.0,1503.0,1503.0,1503.0,815.0,815.0,815.0,830.0,830.0,830.0,2405.0,2405.0,2405.0,1503.0,1503.0,1503.0,815.0,815.0,815.0
1.0,5271.0,2466.0,2445.0,2565.0,4410.0,1470.0,1470.0,1470.0,815.0,815.0,815.0,822.0,822.0,822.0,1757.0,1757.0,1757.0,1470.0,1470.0,1470.0,815.0,815.0,815.0
1.0,5370.0,2451.0,2445.0,4509.0,2352.0,784.0,784.0,784.0,815.0,815.0,815.0,817.0,817.0,817.0,1790.0,1790.0,1790.0,784.0,784.0,784.0,815.0,815.0,815.0
1.0,7428.0,2481.0,2445.0,4410.0,423.0,141.0,141.0,141.0,815.0,815.0,815.0,827.0,827.0,827.0,2476.0,2476.0,2476.0,141.0,141.0,141.0,815.0,815.0,815.0
1.0,9357.0,2457.0,2445.0,2352.0,528.0,176.0,176.0,176.0,815.0,815.0,815.0,819.0,819.0,819.0,3119.0,3119.0,3119.0,176.0,176.0,176.0,815.0,815.0,815.0
1.0,9252.0,2487.0,2445.0,423.0,2592.0,864.0,864.0,864.0,815.0,815.0,815.0,829.0,829.0,829.0,3084.0,3084.0,3084.0,864.0,864.0,864.0,815.0,815.0,815.0
1.0,7188.0,2445.0,2445.0,528.0,4509.0,1503.0,1503.0,1503.0,815.0,815.0,815.0,815.0,815.0,815.0,2396.0,2396.0,2396.0,1503.0,1503.0,1503.0,815.0,815.0,815.0
1.0,5271.0,2535.0,2448.0,2592.0,4464.0,1488.0,1488.0,1488.0,816.0,816.0,816.0,845.0,845.0,845.0,1757.0,1757.0,1757.0,1488.0,1488.0,1488.0,816.0,816.0,816.0
1.0,5328.0,2499.0,2451.0,4509.0,2466.0,822.0,822.0,822.0,817.0,817.0,817.0,833.0,833.0,833.0,1776.0,1776.0,1776.0,822.0,822.0,822.0,817.0,817.0,817.0
1.0,7338.0,2526.0,2451.0,4464.0,528.0,176.0,176.0,176.0,817.0,817.0,817.0,842.0,842.0,842.0,2446.0,2446.0,2446.0,176.0,176.0,176.0,817.0,817.0,817.0
1.0,9276.0,2442.0,2451.0,2466.0,504.0,168.0,168.0,168.0,817.0,817.0,817.0,814.0,814.0,814.0,3092.0,3092.0,3092.0,168.0,168.0,168.0,817.0,817.0,817.0
1.0,9300.0,2511.0,2451.0,528.0,2487.0,829.0,829.0,829.0,817.0,817.0,817.0,837.0,837.0,837.0,3100.0,3100.0,3100.0,829.0,829.0,829.0,817.0,817.0,817.0
1.0,7317.0,2484.0,2454.0,504.0,4479.0,1493.0,1493.0,1493.0,818.0,818.0,818.0,828.0,828.0,828.0,2439.0,2439.0,2439.0,1493.0,1493.0,1493.0,818.0,818.0,818.0
1.0,5337.0,2472.0,2454.0,2487.0,4464.0,1488.0,1488.0,1488.0,818.0,818.0,818.0,824.0,824.0,824.0,1779.0,1779.0,1779.0,1488.0,1488.0,1488.0,818.0,818.0,818.0
1.0,5352.0,2484.0,2454.0,4479.0,2469.0,823.0,823.0,823.0,818.0,818.0,818.0,828.0,828.0,828.0,1784.0,1784.0,1784.0,823.0,823.0,823.0,818.0,818.0,818.0
1.0,7347.0,2457.0,2454.0,4464.0,462.0,154.0,154.0,154.0,818.0,818.0,818.0,819.0,819.0,819.0,2449.0,2449.0,2449.0,154.0,154.0,154.0,818.0,818.0,818.0
1.0,9354.0,2481.0,2457.0,2469.0,486.0,162.0,162.0,162.0,819.0,819.0,819.0,827.0,827.0,827.0,3118.0,3118.0,3118.0,162.0,162.0,162.0,819.0,819.0,819.0
1.0,9342.0,2481.0,2457.0,462.0,2505.0,835.0,835.0,835.0,819.0,819.0,819.0,827.0,827.0,827.0,3114.0,3114.0,3114.0,835.0,835.0,835.0,819.0,819.0,819.0
1.0,7323.0,2475.0,2457.0,486.0,4494.0,1498.0,1498.0,1498.0,819.0,819.0,819.0,825.0,825.0,825.0,2441.0,2441.0,2441.0,1498.0,1498.0,1498.0,819.0,819.0,819.0
1.0,5334.0,2445.0,2457.0,2505.0,4434.0,1478.0,1478.0,1478.0,819.0,819.0,819.0,815.0,815.0,815.0,1778.0,1778.0,1778.0,1478.0,1478.0,1478.0,819.0,819.0,819.0
1.0,5394.0,2436.0,2457.0,4494.0,2376.0,792.0,792.0,792.0,819.0,819.0,819.0,812.0,812.0,812.0,1798.0,1798.0,1798.0,792.0,792.0,792.0,819.0,819.0,819.0
1.0,7452.0,2505.0,2460.0,4434.0,459.0,153.0,153.0,153.0,820.0,820.0,820.0,835.0,835.0,835.0,2484.0,2484.0,2484.0,153.0,153.0,153.0,820.0,820.0,820.0
1.0,9381.0,2469.0,2460.0,2376.0,552.0,184.0,184.0,184.0,820.0,820.0,820.0,823.0,823.0,823.0,3127.0,3127.0,3127.0,184.0,184.0,184.0,820.0,820.0,820.0
1.0,9288.0,2424.0,2457.0,459.0,2505.0,835.0,835.0,835.0,819.0,819.0,819.0,808.0,808.0,808.0,3096.0,3096.0,3096.0,835.0,835.0,835.0,819.0,819.0,819.0
1.0,7323.0,2454.0,2460.0,552.0,4419.0,1473.0,1473.0,1473.0,820.0,820.0,820.0,818.0,818.0,818.0,2441.0,2441.0,2441.0,1473.0,1473.0,1473.0,820.0,820.0,820.0
1.0,5421.0,2457.0,2460.0,2505.0,4371.0,1457.0,1457.0,1457.0,820.0,820.0,820.0,819.0,819.0,819.0,1807.0,1807.0,1807.0,1457.0,1457.0,1457.0,820.0,820.0,820.0
1.0,5469.0,2418.0,2460.0,4419.0,2370.0,790.0,790.0,790.0,820.0,820.0,820.0,806.0,806.0,806.0,1823.0,1823.0,1823.0,790.0,790.0,790.0,820.0,820.0,820.0
1.0,7470.0,2454.0,2460.0,4371.0,453.0,151.0,151.0,151.0,820.0,820.0,820.0,818.0,818.0,818.0,2490.0,2490.0,2490.0,151.0,151.0,151.0,820.0,820.0,820.0
1.0,9387.0,2463.0,2460.0,2370.0,546.0,182.0,182.0,182.0,820.0,820.0,820.0,821.0,821.0,821.0,3129.0,3129.0,3129.0,182.0,182.0,182.0,820.0,820.0,820.0
1.0,9294.0,2457.0,2463.0,453.0,2562.0,854.0,854.0,854.0,821.0,821.0,821.0,819.0,819.0,819.0,3098.0,3098.0,3098.0,854.0,854.0,854.0,821.0,821.0,821.0
1.0,7290.0,2427.0,2460.0,546.0,4431.0,1477.0,1477.0,1477.0,820.0,820.0,820.0,809.0,809.0,809.0,2430.0,2430.0,2430.0,1477.0,1477.0,1477.0,820.0,820.0,820.0
1.0,5409.0,2463.0,2463.0,2562.0,4344.0,1448.0,1448.0,1448.0,821.0,821.0,821.0,821.0,821.0,821.0,1803.0,1803.0,1803.0,1448.0,1448.0,1448.0,821.0,821.0,821.0
1.0,5508.0,2484.0,2463.0,4431.0,2397.0,799.0,799.0,799.0,821.0,821.0,821.0,828.0,828.0,828.0,1836.0,1836.0,1836.0,799.0,799.0,799.0,821.0,821.0,821.0
1.0,7455.0,2496.0,2463.0,4344.0,549.0,183.0,183.0,183.0,821.0,821.0,821.0,832.0,832.0,832.0,2485.0,2485.0,2485.0,183.0,183.0,183.0,821.0,821.0,821.0
1.0,9303.0,2493.0,2466.0,2397.0,657.0,219.0,219.0,219.0,822.0,822.0,822.0,831.0,831.0,831.0,3101.0,3101.0,3101.0,219.0,219.0,219.0,822.0,822.0,822.0
1.0,9207.0,2520.0,2466.0,549.0,2628.0,876.0,876.0,876.0,822.0,822.0,822.0,840.0,840.0,840.0,3069.0,3069.0,3069.0,876.0,876.0,876.0,822.0,822.0,822.0
1.0,7236.0,2469.0,2466.0,657.0,4440.0,1480.0,1480.0,1480.0,822.0,822.0,822.0,823.0,823.0,823.0,2412.0,2412.0,2412.0,1480.0,1480.0,1480.0,822.0,822.0,822.0
1.0,5424.0,2460.0,2469.0,2628.0,4284.0,1428.0,1428.0,1428.0,823.0,823.0,823.0,820.0,820.0,820.0,1808.0,1808.0,1808.0,1428.0,1428.0,1428.0,823.0,823.0,823.0
1.0,5592.0,2475.0,2469.0,4440.0,2319.0,773.0,773.0,773.0,823.0,823.0,823.0,825.0,825.0,825.0,1864.0,1864.0,1864.0,773.0,773.0,773.0,823.0,823.0,823.0
1.0,7557.0,2460.0,2469.0,4284.0,495.0,165.0,165.0,165.0,823.0,823.0,823.0,820.0,820.0,820.0,2519.0,2519.0,2519.0,165.0,165.0,165.0,823.0,823.0,823.0
1.0,9381.0,2436.0,2469.0,2319.0,612.0,204.0,204.0,204.0,823.0,823.0,823.0,812.0,812.0,812.0,3127.0,3127.0,3127.0,204.0,204.0,204.0,823.0,823.0,823.0
1.0,9264.0,2454.0,2469.0,495.0,2571.0,857.0,857.0,857.0,823.0,823.0,823.0,818.0,818.0,818.0,3088.0,3088.0,3088.0,857.0,857.0,857.0,823.0,823.0,823.0
1.0,7305.0,2463.0,2469.0,612.0,4422.0,1474.0,1474.0,1474.0,823.0,823.0,823.0,821.0,821.0,821.0,2435.0,2435.0,2435.0,1474.0,1474.0,1474.0,823.0,823.0,823.0
1.0,5454.0,2496.0,2469.0,2571.0,4347.0,1449.0,1449.0,1449.0,823.0,823.0,823.0,832.0,832.0,832.0,1818.0,1818.0,1818.0,1449.0,1449.0,1449.0,823.0,823.0,823.0
1.0,5529.0,2442.0,2469.0,4422.0,2367.0,789.0,789.0,789.0,823.0,823.0,823.0,814.0,814.0,814.0,1843.0,1843.0,1843.0,789.0,789.0,789.0,823.0,823.0,823.0
1.0,7509.0,2463.0,2469.0,4347.0,483.0,161.0,161.0,161.0,823.0,823.0,823.0,821.0,821.0,821.0,2503.0,2503.0,2503.0,161.0,161.0,161.0,823.0,823.0,823.0
1.0,9393.0,2502.0,2469.0,2367.0,618.0,206.0,206.0,206.0,823.0,823.0,823.0,834.0,834.0,834.0,3131.0,3131.0,3131.0,206.0,206.0,206.0,823.0,823.0,823.0
1.0,9258.0,2481.0,2469.0,483.0,2616.0,872.0,872.0,872.0,823.0,823.0,823.0,827.0,827.0,827.0,3086.0,3086.0,3086.0,872.0,872.0,872.0,823.0,823.0,823.0
1.0,7260.0,2445.0,2469.0,618.0,4443.0,1481.0,1481.0,1481.0,823.0,823.0,823.0,815.0,815.0,815.0,2420.0,2420.0,2420.0,1481.0,1481.0,1481.0,823.0,823.0,823.0
1.0,5433.0,2469.0,2469.0,2616.0,4296.0,1432.0,1432.0,1432.0,823.0,823.0,823.0,823.0,823.0,823.0,1811.0,1811.0,1811.0,1432.0,1432.0,1432.0,823.0,823.0,823.0
1.0,5580.0,2457.0,2469.0,4443.0,2310.0,770.0,770.0,770.0,823.0,823.0,823.0,819.0,819.0,819.0,1860.0,1860.0,1860.0,770.0,770.0,770.0,823.0,823.0,823.0
1.0,7566.0,2499.0,2469.0,4296.0,513.0,171.0,171.0,171.0,823.0,823.0,823.0,833.0,833.0,833.0,2522.0,2522.0,2522.0,171.0,171.0,171.0,823.0,823.0,823.0
1.0,9363.0,2505.0,2472.0,2310.0,720.0,240.0,240.0,240.0,824.0,824.0,824.0,835.0,835.0,835.0,3121.0,3121.0,3121.0,240.0,240.0,240.0,824.0,824.0,824.0
1.0,9168.0,2496.0,2472.0,513.0,2703.0,901.0,901.0,901.0,824.0,824.0,824.0,832.0,832.0,832.0,3056.0,3056.0,3056.0,901.0,901.0,901.0,824.0,824.0,824.0
1.0,7185.0,2517.0,2472.0,720.0,4500.0,1500.0,1500.0,1500.0,824.0,824.0,824.0,839.0,839.0,839.0,2395.0,2395.0,2395.0,1500.0,1500.0,1500.0,824.0,824.0,824.0
1.0,5388.0,2514.0,2472.0,2703.0,4311.0,1437.0,1437.0,1437.0,824.0,824.0,824.0,838.0,838.0,838.0,1796.0,1796.0,1796.0,1437.0,1437.0,1437.0,824.0,824.0,824.0
1.0,5577.0,2502.0,2475.0,4500.0,2325.0,775.0,775.0,775.0,825.0,825.0,825.0,834.0,834.0,834.0,1859.0,1859.0,1859.0,775.0,775.0,775.0,825.0,825.0,825.0
1.0,7575.0,2484.0,2475.0,4311.0,498.0,166.0,166.0,166.0,825.0,825.0,825.0,828.0,828.0,828.0,2525.0,2525.0,2525.0,166.0,166.0,166.0,825.0,825.0,825.0
1.0,9402.0,2514.0,2475.0,2325.0,687.0,229.0,229.0,229.0,825.0,825.0,825.0,838.0,838.0,838.0,3134.0,3134.0,3134.0,229.0,229.0,229.0,825.0,825.0,825.0
1.0,9213.0,2466.0,2475.0,498.0,2655.0,885.0,885.0,885.0,825.0,825.0,825.0,822.0,822.0,822.0,3071.0,3071.0,3071.0,885.0,885.0,885.0,825.0,825.0,825.0
1.0,7245.0,2505.0,2475.0,687.0,4473.0,1491.0,1491.0,1491.0,825.0,825.0,825.0,835.0,835.0,835.0,2415.0,2415.0,2415.0,1491.0,1491.0,1491.0,825.0,825.0,825.0
1.0,5427.0,2427.0,2472.0,2655.0,4233.0,1411.0,1411.0,1411.0,824.0,824.0,824.0,809.0,809.0,809.0,1809.0,1809.0,1809.0,1411.0,1411.0,1411.0,824.0,824.0,824.0
1.0,5655.0,2511.0,2472.0,4473.0,2271.0,757.0,757.0,757.0,824.0,824.0,824.0,837.0,837.0,837.0,1885.0,1885.0,1885.0,757.0,757.0,757.0,824.0,824.0,824.0
1.0,7617.0,2511.0,2472.0,4233.0,549.0,183.0,183.0,183.0,824.0,824.0,824.0,837.0,837.0,837.0,2539.0,2539.0,2539.0,183.0,183.0,183.0,824.0,824.0,824.0
1.0,9339.0,2490.0,2475.0,2271.0,780.0,260.0,260.0,260.0,825.0,825.0,825.0,830.0,830.0,830.0,3113.0,3113.0,3113.0,260.0,260.0,260.0,825.0,825.0,825.0
1.0,9120.0,2496.0,2475.0,549.0,2727.0,909.0,909.0,909.0,825.0,825.0,825.0,832.0,832.0,832.0,3040.0,3040.0,3040.0,909.0,909.0,909.0,825.0,825.0,825.0
1.0,7173.0,2496.0,2475.0,780.0,4443.0,1481.0,1481.0,1481.0,825.0,825.0,825.0,832.0,832.0,832.0,2391.0,2391.0,2391.0,1481.0,1481.0,1481.0,825.0,825.0,825.0
1.0,5457.0,2538.0,2475.0,2727.0,4254.0,1418.0,1418.0,1418.0,825.0,825.0,825.0,846.0,846.0,846.0,1819.0,1819.0,1819.0,1418.0,1418.0,1418.0,825.0,825.0,825.0
1.0,5646.0,2556.0,2478.0,4443.0,2379.0,793.0,793.0,793.0,826.0,826.0,826.0,852.0,852.0,852.0,1882.0,1882.0,1882.0,793.0,793.0,793.0,826.0,826.0,826.0
1.0,7533.0,2493.0,2478.0,4254.0,618.0,206.0,206.0,206.0,826.0,826.0,826.0,831.0,831.0,831.0,2511.0,2511.0,2511.0,206.0,206.0,206.0,826.0,826.0,826.0
1.0,9294.0,2547.0,2478.0,2379.0,786.0,262.0,262.0,262.0,826.0,826.0,826.0,849.0,849.0,849.0,3098.0,3098.0,3098.0,262.0,262.0,262.0,826.0,826.0,826.0
1.0,9126.0,2526.0,2481.0,618.0,2706.0,902.0,902.0,902.0,827.0,827.0,827.0,842.0,842.0,842.0,3042.0,3042.0,3042.0,902.0,902.0,902.0,827.0,827.0,827.0
1.0,7218.0,2493.0,2481.0,786.0,4413.0,1471.0,1471.0,1471.0,827.0,827.0,827.0,831.0,831.0,831.0,2406.0,2406.0,2406.0,1471.0,1471.0,1471.0,827.0,827.0,827.0
1.0,5511.0,2511.0,2481.0,2706.0,4218.0,1406.0,1406.0,1406.0,827.0,827.0,827.0,837.0,837.0,837.0,1837.0,1837.0,1837.0,1406.0,1406.0,1406.0,827.0,827.0,827.0
1.0,5706.0,2538.0,2484.0,4413.0,2355.0,785.0,785.0,785.0,828.0,828.0,828.0,846.0,846.0,846.0,1902.0,1902.0,1902.0,785.0,785.0,785.0,828.0,828.0,828.0
1.0,7581.0,2496.0,2484.0,4218.0,633.0,211.0,211.0,211.0,828.0,828.0,828.0,832.0,832.0,832.0,2527.0,2527.0,2527.0,211.0,211.0,211.0,828.0,828.0,828.0
1.0,9303.0,2523.0,2487.0,2355.0,813.0,271.0,271.0,271.0,829.0,829.0,829.0,841.0,841.0,841.0,3101.0,3101.0,3101.0,271.0,271.0,271.0,829.0,829.0,829.0
1.0,9135.0,2508.0,2487.0,633.0,2688.0,896.0,896.0,896.0,829.0,829.0,829.0,836.0,836.0,836.0,3045.0,3045.0,3045.0,896.0,896.0,896.0,829.0,829.0,829.0
1.0,7260.0,2475.0,2487.0,813.0,4350.0,1450.0,1450.0,1450.0,829.0,829.0,829.0,825.0,825.0,825.0,2420.0,2420.0,2420.0,1450.0,1450.0,1450.0,829.0,829.0,829.0
1.0,5598.0,2499.0,2490.0,2688.0,4173.0,1391.0,1391.0,1391.0,830.0,830.0,830.0,833.0,833.0,833.0,1866.0,1866.0,1866.0,1391.0,1391.0,1391.0,830.0,830.0,830.0
1.0,5787.0,2493.0,2490.0,4350.0,2316.0,772.0,772.0,772.0,830.0,830.0,830.0,831.0,831.0,831.0,1929.0,1929.0,1929.0,772.0,772.0,772.0,830.0,830.0,830.0
1.0,7644.0,2526.0,2490.0,4173.0,669.0,223.0,223.0,223.0,830.0,830.0,830.0,842.0,842.0,842.0,2548.0,2548.0,2548.0,223.0,223.0,223.0,830.0,830.0,830.0
1.0,9291.0,2487.0,2493.0,2316.0,852.0,284.0,284.0,284.0,831.0,831.0,831.0,829.0,829.0,829.0,3097.0,3097.0,3097.0,284.0,284.0,284.0,831.0,831.0,831.0
1.0,9120.0,2511.0,2493.0,669.0,2694.0,898.0,898.0,898.0,831.0,831.0,831.0,837.0,837.0,837.0,3040.0,3040.0,3040.0,898.0,898.0,898.0,831.0,831.0,831.0
1.0,7278.0,2535.0,2493.0,852.0,4377.0,1459.0,1459.0,1459.0,831.0,831.0,831.0,845.0,845.0,845.0,2426.0,2426.0,2426.0,1459.0,1459.0,1459.0,831.0,831.0,831.0
1.0,5595.0,2478.0,2493.0,2694.0,4161.0,1387.0,1387.0,1387.0,831.0,831.0,831.0,826.0,826.0,826.0,1865.0,1865.0,1865.0,1387.0,1387.0,1387.0,831.0,831.0,831.0
1.0,5811.0,2460.0,2493.0,4377.0,2244.0,748.0,748.0,748.0,831.0,831.0,831.0,820.0,820.0,820.0,1937.0,1937.0,1937.0,748.0,748.0,748.0,831.0,831.0,831.0
1.0,7728.0,2469.0,2493.0,4161.0,552.0,184.0,184.0,184.0,831.0,831.0,831.0,823.0,823.0,823.0,2576.0,2576.0,2576.0,184.0,184.0,184.0,831.0,831.0,831.0
1.0,9420.0,2511.0,2493.0,2244.0,819.0,273.0,273.0,273.0,831.0,831.0,831.0,837.0,837.0,837.0,3140.0,3140.0,3140.0,273.0,273.0,273.0,831.0,831.0,831.0
1.0,9153.0,2523.0,2493.0,552.0,2790.0,930.0,930.0,930.0,831.0,831.0,831.0,841.0,841.0,841.0,3051.0,3051.0,3051.0,930.0,930.0,930.0,831.0,831.0,831.0
1.0,7182.0,2556.0,2496.0,819.0,4539.0,1513.0,1513.0,1513.0,832.0,832.0,832.0,852.0,852.0,852.0,2394.0,2394.0,2394.0,1513.0,1513.0,1513.0,832.0,832.0,832.0
1.0,5445.0,2478.0,2496.0,2790.0,4227.0,1409.0,1409.0,1409.0,832.0,832.0,832.0,826.0,826.0,826.0,1815.0,1815.0,1815.0,1409.0,1409.0,1409.0,832.0,832.0,832.0
1.0,5757.0,2493.0,2496.0,4539.0,2181.0,727.0,727.0,727.0,832.0,832.0,832.0,831.0,831.0,831.0,1919.0,1919.0,1919.0,727.0,727.0,727.0,832.0,832.0,832.0
1.0,7803.0,2481.0,2496.0,4227.0,435.0,145.0,145.0,145.0,832.0,832.0,832.0,827.0,827.0,827.0,2601.0,2601.0,2601.0,145.0,145.0,145.0,832.0,832.0,832.0
1.0,9549.0,2499.0,2499.0,2181.0,765.0,255.0,255.0,255.0,833.0,833.0,833.0,833.0,833.0,833.0,3183.0,3183.0,3183.0,255.0,255.0,255.0,833.0,833.0,833.0
1.0,9231.0,2493.0,2499.0,435.0,2823.0,941.0,941.0,941.0,833.0,833.0,833.0,831.0,831.0,831.0,3077.0,3077.0,3077.0,941.0,941.0,941.0,833.0,833.0,833.0
1.0,7173.0,2514.0,2499.0,765.0,4572.0,1524.0,1524.0,1524.0,833.0,833.0,833.0,838.0,838.0,838.0,2391.0,2391.0,2391.0,1524.0,1524.0,1524.0,833.0,833.0,833.0
1.0,5424.0,2595.0,2502.0,2823.0,4356.0,1452.0,1452.0,1452.0,834.0,834.0,834.0,865.0,865.0,865.0,1808.0,1808.0,1808.0,1452.0,1452.0,1452.0,834.0,834.0,834.0
1.0,5652.0,2520.0,2502.0,4572.0,2304.0,768.0,768.0,768.0,834.0,834.0,834.0,840.0,840.0,840.0,1884.0,1884.0,1884.0,768.0,768.0,768.0,834.0,834.0,834.0
1.0,7704.0,2526.0,2502.0,4356.0,474.0,158.0,158.0,158.0,834.0,834.0,834.0,842.0,842.0,842.0,2568.0,2568.0,2568.0,158.0,158.0,158.0,834.0,834.0,834.0
1.0,9534.0,2529.0,2505.0,2304.0,711.0,237.0,237.0,237.0,835.0,835.0,835.0,843.0,843.0,843.0,3178.0,3178.0,3178.0,237.0,237.0,237.0,835.0,835.0,835.0
1.0,9309.0,2499.0,2505.0,474.0,2736.0,912.0,912.0,912.0,835.0,835.0,835.0,833.0,833.0,833.0,3103.0,3103.0,3103.0,912.0,912.0,912.0,835.0,835.0,835.0
1.0,7284.0,2514.0,2505.0,711.0,4539.0,1513.0,1513.0,1513.0,835.0,835.0,835.0,838.0,838.0,838.0,2428.0,2428.0,2428.0,1513.0,1513.0,1513.0,835.0,835.0,835.0
1.0,5481.0,2514.0,2508.0,2736.0,4329.0,1443.0,1443.0,1443.0,836.0,836.0,836.0,838.0,838.0,838.0,1827.0,1827.0,1827.0,1443.0,1443.0,1443.0,836.0,836.0,836.0
1.0,5703.0,2547.0,2508.0,4539.0,2337.0,779.0,779.0,779.0,836.0,836.0,836.0,849.0,849.0,849.0,1901.0,1901.0,1901.0,779.0,779.0,779.0,836.0,836.0,836.0
1.0,7695.0,2589.0,2508.0,4329.0,597.0,199.0,199.0,199.0,836.0,836.0,836.0,863.0,863.0,863.0,2565.0,2565.0,2565.0,199.0,199.0,199.0,836.0,836.0,836.0
1.0,9435.0,2556.0,2511.0,2337.0,828.0,276.0,276.0,276.0,837.0,837.0,837.0,852.0,852.0,852.0,3145.0,3145.0,3145.0,276.0,276.0,276.0,837.0,837.0,837.0
1.0,9216.0,2493.0,2508.0,597.0,2712.0,904.0,904.0,904.0,836.0,836.0,836.0,831.0,831.0,831.0,3072.0,3072.0,3072.0,904.0,904.0,904.0,836.0,836.0,836.0
1.0,7320.0,2523.0,2511.0,828.0,4419.0,1473.0,1473.0,1473.0,837.0,837.0,837.0,841.0,841.0,841.0,2440.0,2440.0,2440.0,1473.0,1473.0,1473.0,837.0,837.0,837.0
1.0,5625.0,2565.0,2511.0,2712.0,4272.0,1424.0,1424.0,1424.0,837.0,837.0,837.0,855.0,855.0,855.0,1875.0,1875.0,1875.0,1424.0,1424.0,1424.0,837.0,837.0,837.0
1.0,5772.0,2541.0,2511.0,4419.0,2394.0,798.0,798.0,798.0,837.0,837.0,837.0,847.0,847.0,847.0,1924.0,1924.0,1924.0,798.0,798.0,798.0,837.0,837.0,837.0
1.0,7650.0,2505.0,2514.0,4272.0,639.0,213.0,213.0,213.0,838.0,838.0,838.0,835.0,835.0,835.0,2550.0,2550.0,2550.0,213.0,213.0,213.0,838.0,838.0,838.0
1.0,9417.0,2526.0,2514.0,2394.0,771.0,257.0,257.0,257.0,838.0,838.0,838.0,842.0,842.0,842.0,3139.0,3139.0,3139.0,257.0,257.0,257.0,838.0,838.0,838.0
1.0,9285.0,2535.0,2514.0,639.0,2667.0,889.0,889.0,889.0,838.0,838.0,838.0,845.0,845.0,845.0,3095.0,3095.0,3095.0,889.0,889.0,889.0,838.0,838.0,838.0
1.0,7389.0,2490.0,2514.0,771.0,4386.0,1462.0,1462.0,1462.0,838.0,838.0,838.0,830.0,830.0,830.0,2463.0,2463.0,2463.0,1462.0,1462.0,1462.0,838.0,838.0,838.0
1.0,5670.0,2547.0,2514.0,2667.0,4266.0,1422.0,1422.0,1422.0,838.0,838.0,838.0,849.0,849.0,849.0,1890.0,1890.0,1890.0,1422.0,1422.0,1422.0,838.0,838.0,838.0
1.0,5790.0,2541.0,2517.0,4386.0,2433.0,811.0,811.0,811.0,839.0,839.0,839.0,847.0,847.0,847.0,1930.0,1930.0,1930.0,811.0,811.0,811.0,839.0,839.0,839.0
1.0,7635.0,2502.0,2517.0,4266.0,669.0,223.0,223.0,223.0,839.0,839.0,839.0,834.0,834.0,834.0,2545.0,2545.0,2545.0,223.0,223.0,223.0,839.0,839.0,839.0
1.0,9399.0,2553.0,2517.0,2433.0,789.0,263.0,263.0,263.0,839.0,839.0,839.0,851.0,851.0,851.0,3133.0,3133.0,3133.0,263.0,263.0,263.0,839.0,839.0,839.0
1.0,9279.0,2553.0,2517.0,669.0,2673.0,891.0,891.0,891.0,839.0,839.0,839.0,851.0,851.0,851.0,3093.0,3093.0,3093.0,891.0,891.0,891.0,839.0,839.0,839.0
1.0,7395.0,2532.0,2517.0,789.0,4416.0,1472.0,1472.0,1472.0,839.0,839.0,839.0,844.0,844.0,844.0,2465.0,2465.0,2465.0,1472.0,1472.0,1472.0,839.0,839.0,839.0
1.0,5652.0,2544.0,2520.0,2673.0,4299.0,1433.0,1433.0,1433.0,840.0,840.0,840.0,848.0,848.0,848.0,1884.0,1884.0,1884.0,1433.0,1433.0,1433.0,840.0,840.0,840.0
1.0,5781.0,2505.0,2517.0,4416.0,2376.0,792.0,792.0,792.0,839.0,839.0,839.0,835.0,835.0,835.0,1927.0,1927.0,1927.0,792.0,792.0,792.0,839.0,839.0,839.0
1.0,7692.0,2574.0,2520.0,4299.0,663.0,221.0,221.0,221.0,840.0,840.0,840.0,858.0,858.0,858.0,2564.0,2564.0,2564.0,221.0,221.0,221.0,840.0,840.0,840.0
1.0,9417.0,2484.0,2517.0,2376.0,759.0,253.0,253.0,253.0,839.0,839.0,839.0,828.0,828.0,828.0,3139.0,3139.0,3139.0,253.0,253.0,253.0,839.0,839.0,839.0
1.0,9309.0,2505.0,2517.0,663.0,2601.0,867.0,867.0,867.0,839.0,839.0,839.0,835.0,835.0,835.0,3103.0,3103.0,3103.0,867.0,867.0,867.0,839.0,839.0,839.0
1.0,7467.0,2508.0,2517.0,759.0,4350.0,1450.0,1450.0,1450.0,839.0,839.0,839.0,836.0,836.0,836.0,2489.0,2489.0,2489.0,1450.0,1450.0,1450.0,839.0,839.0,839.0
1.0,5718.0,2574.0,2520.0,2601.0,4335.0,1445.0,1445.0,1445.0,840.0,840.0,840.0,858.0,858.0,858.0,1906.0,1906.0,1906.0,1445.0,1445.0,1445.0,840.0,840.0,840.0
1.0,5745.0,2493.0,2520.0,4350.0,2478.0,826.0,826.0,826.0,840.0,840.0,840.0,831.0,831.0,831.0,1915.0,1915.0,1915.0,826.0,826.0,826.0,840.0,840.0,840.0
1.0,7602.0,2586.0,2520.0,4335.0,729.0,243.0,243.0,243.0,840.0,840.0,840.0,862.0,862.0,862.0,2534.0,2534.0,2534.0,243.0,243.0,243.0,840.0,840.0,840.0
1.0,9351.0,2511.0,2520.0,2478.0,762.0,254.0,254.0,254.0,840.0,840.0,840.0,837.0,837.0,837.0,3117.0,3117.0,3117.0,254.0,254.0,254.0,840.0,840.0,840.0
1.0,9318.0,2499.0,2520.0,729.0,2532.0,844.0,844.0,844.0,840.0,840.0,840.0,833.0,833.0,833.0,3106.0,3106.0,3106.0,844.0,844.0,844.0,840.0,840.0,840.0
1.0,7548.0,2508.0,2520.0,762.0,4278.0,1426.0,1426.0,1426.0,840.0,840.0,840.0,836.0,836.0,836.0,2516.0,2516.0,2516.0,1426.0,1426.0,1426.0,840.0,840.0,840.0
1.0,5802.0,2487.0,2520.0,2532.0,4233.0,1411.0,1411.0,1411.0,840.0,840.0,840.0,829.0,829.0,829.0,1934.0,1934.0,1934.0,1411.0,1411.0,1411.0,840.0,840.0,840.0
1.0,5847.0,2532.0,2520.0,4278.0,2487.0,829.0,829.0,829.0,840.0,840.0,840.0,844.0,844.0,844.0,1949.0,1949.0,1949.0,829.0,829.0,829.0,840.0,840.0,840.0
1.0,7593.0,2505.0,2520.0,4233.0,759.0,253.0,253.0,253.0,840.0,840.0,840.0,835.0,835.0,835.0,2531.0,2531.0,2531.0,253.0,253.0,253.0,840.0,840.0,840.0
1.0,9321.0,2538.0,2520.0,2487.0,810.0,270.0,270.0,270.0,840.0,840.0,840.0,846.0,846.0,846.0,3107.0,3107.0,3107.0,270.0,270.0,270.0,840.0,840.0,840.0
1.0,9270.0,2454.0,2520.0,759.0,2505.0,835.0,835.0,835.0,840.0,840.0,840.0,818.0,818.0,818.0,3090.0,3090.0,3090.0,835.0,835.0,835.0,840.0,840.0,840.0
1.0,7575.0,2568.0,2523.0,810.0,4275.0,1425.0,1425.0,1425.0,841.0,841.0,841.0,856.0,856.0,856.0,2525.0,2525.0,2525.0,1425.0,1425.0,1425.0,841.0,841.0,841.0
1.0,5817.0,2547.0,2523.0,2505.0,4317.0,1439.0,1439.0,1439.0,841.0,841.0,841.0,849.0,849.0,849.0,1939.0,1939.0,1939.0,1439.0,1439.0,1439.0,841.0,841.0,841.0
1.0,5775.0,2529.0,2526.0,4275.0,2583.0,861.0,861.0,861.0,842.0,842.0,842.0,843.0,843.0,843.0,1925.0,1925.0,1925.0,861.0,861.0,861.0,842.0,842.0,842.0
1.0,7521.0,2535.0,2526.0,4317.0,801.0,267.0,267.0,267.0,842.0,842.0,842.0,845.0,845.0,845.0,2507.0,2507.0,2507.0,267.0,267.0,267.0,842.0,842.0,842.0
1.0,9303.0,2553.0,2526.0,2583.0,771.0,257.0,257.0,257.0,842.0,842.0,842.0,851.0,851.0,851.0,3101.0,3101.0,3101.0,257.0,257.0,257.0,842.0,842.0,842.0
1.0,9333.0,2490.0,2526.0,801.0,2460.0,820.0,820.0,820.0,842.0,842.0,842.0,830.0,830.0,830.0,3111.0,3111.0,3111.0,820.0,820.0,820.0,842.0,842.0,842.0
1.0,7644.0,2538.0,2526.0,771.0,4227.0,1409.0,1409.0,1409.0,842.0,842.0,842.0,846.0,846.0,846.0,2548.0,2548.0,2548.0,1409.0,1409.0,1409.0,842.0,842.0,842.0
1.0,5877.0,2580.0,2529.0,2460.0,4359.0,1453.0,1453.0,1453.0,843.0,843.0,843.0,860.0,860.0,860.0,1959.0,1959.0,1959.0,1453.0,1453.0,1453.0,843.0,843.0,843.0
1.0,5757.0,2532.0,2529.0,4227.0,2664.0,888.0,888.0,888.0,843.0,843.0,843.0,844.0,844.0,844.0,1919.0,1919.0,1919.0,888.0,888.0,888.0,843.0,843.0,843.0
1.0,7452.0,2523.0,2529.0,4359.0,828.0,276.0,276.0,276.0,843.0,843.0,843.0,841.0,841.0,841.0,2484.0,2484.0,2484.0,276.0,276.0,276.0,843.0,843.0,843.0
1.0,9288.0,2583.0,2529.0,2664.0,747.0,249.0,249.0,249.0,843.0,843.0,843.0,861.0,861.0,861.0,3096.0,3096.0,3096.0,249.0,249.0,249.0,843.0,843.0,843.0
1.0,9369.0,2532.0,2529.0,828.0,2451.0,817.0,817.0,817.0,843.0,843.0,843.0,844.0,844.0,844.0,3123.0,3123.0,3123.0,817.0,817.0,817.0,843.0,843.0,843.0
1.0,7665.0,2568.0,2529.0,747.0,4272.0,1424.0,1424.0,1424.0,843.0,843.0,843.0,856.0,856.0,856.0,2555.0,2555.0,2555.0,1424.0,1424.0,1424.0,843.0,843.0,843.0
1.0,5844.0,2544.0,2529.0,2451.0,4365.0,1455.0,1455.0,1455.0,843.0,843.0,843.0,848.0,848.0,848.0,1948.0,1948.0,1948.0,1455.0,1455.0,1455.0,843.0,843.0,843.0
1.0,5751.0,2613.0,2532.0,4272.0,2718.0,906.0,906.0,906.0,844.0,844.0,844.0,871.0,871.0,871.0,1917.0,1917.0,1917.0,906.0,906.0,906.0,844.0,844.0,844.0
1.0,7410.0,2565.0,2532.0,4365.0,918.0,306.0,306.0,306.0,844.0,844.0,844.0,855.0,855.0,855.0,2470.0,2470.0,2470.0,306.0,306.0,306.0,844.0,844.0,844.0
1.0,9210.0,2544.0,2535.0,2718.0,756.0,252.0,252.0,252.0,845.0,845.0,845.0,848.0,848.0,848.0,3070.0,3070.0,3070.0,252.0,252.0,252.0,845.0,845.0,845.0
1.0,9384.0,2604.0,2535.0,918.0,2442.0,814.0,814.0,814.0,845.0,845.0,845.0,868.0,868.0,868.0,3128.0,3128.0,3128.0,814.0,814.0,814.0,845.0,845.0,845.0
1.0,7698.0,2592.0,2538.0,756.0,4290.0,1430.0,1430.0,1430.0,846.0,846.0,846.0,864.0,864.0,864.0,2566.0,2566.0,2566.0,1430.0,1430.0,1430.0,846.0,846.0,846.0
1.0,5862.0,2571.0,2535.0,2442.0,4407.0,1469.0,1469.0,1469.0,845.0,845.0,845.0,857.0,857.0,857.0,1954.0,1954.0,1954.0,1469.0,1469.0,1469.0,845.0,845.0,845.0
1.0,5733.0,2508.0,2535.0,4290.0,2625.0,875.0,875.0,875.0,845.0,845.0,845.0,836.0,836.0,836.0,1911.0,1911.0,1911.0,875.0,875.0,875.0,845.0,845.0,845.0
1.0,7515.0,2583.0,2538.0,4407.0,813.0,271.0,271.0,271.0,846.0,846.0,846.0,861.0,861.0,861.0,2505.0,2505.0,2505.0,271.0,271.0,271.0,846.0,846.0,846.0
1.0,9339.0,2559.0,2538.0,2625.0,747.0,249.0,249.0,249.0,846.0,846.0,846.0,853.0,853.0,853.0,3113.0,3113.0,3113.0,249.0,249.0,249.0,846.0,846.0,846.0
1.0,9405.0,2589.0,2538.0,813.0,2523.0,841.0,841.0,841.0,846.0,846.0,846.0,863.0,863.0,863.0,3135.0,3135.0,3135.0,841.0,841.0,841.0,846.0,846.0,846.0
1.0,7629.0,2532.0,2538.0,747.0,4308.0,1436.0,1436.0,1436.0,846.0,846.0,846.0,844.0,844.0,844.0,2543.0,2543.0,2543.0,1436.0,1436.0,1436.0,846.0,846.0,846.0
1.0,5844.0,2577.0,2538.0,2523.0,4362.0,1454.0,1454.0,1454.0,846.0,846.0,846.0,859.0,859.0,859.0,1948.0,1948.0,1948.0,1454.0,1454.0,1454.0,846.0,846.0,846.0
1.0,5790.0,2604.0,2541.0,4308.0,2670.0,890.0,890.0,890.0,847.0,847.0,847.0,868.0,868.0,868.0,1930.0,1930.0,1930.0,890.0,890.0,890.0,847.0,847.0,847.0
1.0,7494.0,2559.0,2541.0,4362.0,867.0,289.0,289.0,289.0,847.0,847.0,847.0,853.0,853.0,853.0,2498.0,2498.0,2498.0,289.0,289.0,289.0,847.0,847.0,847.0
1.0,9297.0,2598.0,2544.0,2670.0,807.0,269.0,269.0,269.0,848.0,848.0,848.0,866.0,866.0,866.0,3099.0,3099.0,3099.0,269.0,269.0,269.0,848.0,848.0,848.0
1.0,9369.0,2568.0,2544.0,867.0,2508.0,836.0,836.0,836.0,848.0,848.0,848.0,856.0,856.0,856.0,3123.0,3123.0,3123.0,836.0,836.0,836.0,848.0,848.0,848.0
1.0,7668.0,2562.0,2544.0,807.0,4263.0,1421.0,1421.0,1421.0,848.0,848.0,848.0,854.0,854.0,854.0,2556.0,2556.0,2556.0,1421.0,1421.0,1421.0,848.0,848.0,848.0
1.0,5913.0,2562.0,2544.0,2508.0,4317.0,1439.0,1439.0,1439.0,848.0,848.0,848.0,854.0,854.0,854.0,1971.0,1971.0,1971.0,1439.0,1439.0,1439.0,848.0,848.0,848.0
1.0,5859.0,2613.0,2547.0,4263.0,2679.0,893.0,893.0,893.0,849.0,849.0,849.0,871.0,871.0,871.0,1953.0,1953.0,1953.0,893.0,893.0,893.0,849.0,849.0,849.0
1.0,7509.0,2514.0,2547.0,4317.0,876.0,292.0,292.0,292.0,849.0,849.0,849.0,838.0,838.0,838.0,2503.0,2503.0,2503.0,292.0,292.0,292.0,849.0,849.0,849.0
1.0,9312.0,2592.0,2547.0,2679.0,789.0,263.0,263.0,263.0,849.0,849.0,849.0,864.0,864.0,864.0,3104.0,3104.0,3104.0,263.0,263.0,263.0,849.0,849.0,849.0
1.0,9399.0,2583.0,2547.0,876.0,2496.0,832.0,832.0,832.0,849.0,849.0,849.0,861.0,861.0,861.0,3133.0,3133.0,3133.0,832.0,832.0,832.0,849.0,849.0,849.0
1.0,7692.0,2586.0,2550.0,789.0,4305.0,1435.0,1435.0,1435.0,850.0,850.0,850.0,862.0,862.0,862.0,2564.0,2564.0,2564.0,1435.0,1435.0,1435.0,850.0,850.0,850.0
1.0,5895.0,2544.0,2550.0,2496.0,4353.0,1451.0,1451.0,1451.0,850.0,850.0,850.0,848.0,848.0,848.0,1965.0,1965.0,1965.0,1451.0,1451.0,1451.0,850.0,850.0,850.0
1.0,5847.0,2601.0,2550.0,4305.0,2649.0,883.0,883.0,883.0,850.0,850.0,850.0,867.0,867.0,867.0,1949.0,1949.0,1949.0,883.0,883.0,883.0,850.0,850.0,850.0
1.0,7551.0,2538.0,2550.0,4353.0,834.0,278.0,278.0,278.0,850.0,850.0,850.0,846.0,846.0,846.0,2517.0,2517.0,2517.0,278.0,278.0,278.0,850.0,850.0,850.0
1.0,9366.0,2586.0,2553.0,2649.0,783.0,261.0,261.0,261.0,851.0,851.0,851.0,862.0,862.0,862.0,3122.0,3122.0,3122.0,261.0,261.0,261.0,851.0,851.0,851.0
1.0,9429.0,2502.0,2553.0,834.0,2451.0,817.0,817.0,817.0,851.0,851.0,851.0,834.0,834.0,834.0,3143.0,3143.0,3143.0,817.0,817.0,817.0,851.0,851.0,851.0
1.0,7761.0,2607.0,2553.0,783.0,4275.0,1425.0,1425.0,1425.0,851.0,851.0,851.0,869.0,869.0,869.0,2587.0,2587.0,2587.0,1425.0,1425.0,1425.0,851.0,851.0,851.0
1.0,5937.0,2559.0,2553.0,2451.0,4383.0,1461.0,1461.0,1461.0,851.0,851.0,851.0,853.0,853.0,853.0,1979.0,1979.0,1979.0,1461.0,1461.0,1461.0,851.0,851.0,851.0
1.0,5829.0,2556.0,2553.0,4275.0,2664.0,888.0,888.0,888.0,851.0,851.0,851.0,852.0,852.0,852.0,1943.0,1943.0,1943.0,888.0,888.0,888.0,851.0,851.0,851.0
1.0,7548.0,2592.0,2556.0,4383.0,885.0,295.0,295.0,295.0,852.0,852.0,852.0,864.0,864.0,864.0,2516.0,2516.0,2516.0,295.0,295.0,295.0,852.0,852.0,852.0
1.0,9339.0,2529.0,2556.0,2664.0,750.0,250.0,250.0,250.0,852.0,852.0,852.0,843.0,843.0,843.0,3113.0,3113.0,3113.0,250.0,250.0,250.0,852.0,852.0,852.0
1.0,9474.0,2535.0,2556.0,885.0,2400.0,800.0,800.0,800.0,852.0,852.0,852.0,845.0,845.0,845.0,3158.0,3158.0,3158.0,800.0,800.0,800.0,852.0,852.0,852.0
1.0,7824.0,2604.0,2559.0,750.0,4266.0,1422.0,1422.0,1422.0,853.0,853.0,853.0,868.0,868.0,868.0,2608.0,2608.0,2608.0,1422.0,1422.0,1422.0,853.0,853.0,853.0
1.0,5970.0,2568.0,2559.0,2400.0,4434.0,1478.0,1478.0,1478.0,853.0,853.0,853.0,856.0,856.0,856.0,1990.0,1990.0,1990.0,1478.0,1478.0,1478.0,853.0,853.0,853.0
1.0,5802.0,2571.0,2562.0,4266.0,2751.0,917.0,917.0,917.0,854.0,854.0,854.0,857.0,857.0,857.0,1934.0,1934.0,1934.0,917.0,917.0,917.0,854.0,854.0,854.0
1.0,7497.0,2562.0,2562.0,4434.0,879.0,293.0,293.0,293.0,854.0,854.0,854.0,854.0,854.0,854.0,2499.0,2499.0,2499.0,293.0,293.0,293.0,854.0,854.0,854.0
1.0,9369.0,2589.0,2562.0,2751.0,717.0,239.0,239.0,239.0,854.0,854.0,854.0,863.0,863.0,863.0,3123.0,3123.0,3123.0,239.0,239.0,239.0,854.0,854.0,854.0
1.0,9531.0,2562.0,2562.0,879.0,2400.0,800.0,800.0,800.0,854.0,854.0,854.0,854.0,854.0,854.0,3177.0,3177.0,3177.0,800.0,800.0,800.0,854.0,854.0,854.0
1.0,7848.0,2559.0,2565.0,717.0,4254.0,1418.0,1418.0,1418.0,855.0,855.0,855.0,853.0,853.0,853.0,2616.0,2616.0,2616.0,1418.0,1418.0,1418.0,855.0,855.0,855.0
1.0,6006.0,2604.0,2565.0,2400.0,4458.0,1486.0,1486.0,1486.0,855.0,855.0,855.0,868.0,868.0,868.0,2002.0,2002.0,2002.0,1486.0,1486.0,1486.0,855.0,855.0,855.0
1.0,5802.0,2544.0,2565.0,4254.0,2748.0,916.0,916.0,916.0,855.0,855.0,855.0,848.0,848.0,848.0,1934.0,1934.0,1934.0,916.0,916.0,916.0,855.0,855.0,855.0
1.0,7512.0,2595.0,2568.0,4458.0,897.0,299.0,299.0,299.0,856.0,856.0,856.0,865.0,865.0,865.0,2504.0,2504.0,2504.0,299.0,299.0,299.0,856.0,856.0,856.0
1.0,9375.0,2622.0,2568.0,2748.0,771.0,257.0,257.0,257.0,856.0,856.0,856.0,874.0,874.0,874.0,3125.0,3125.0,3125.0,257.0,257.0,257.0,856.0,856.0,856.0
1.0,9501.0,2577.0,2568.0,897.0,2451.0,817.0,817.0,817.0,856.0,856.0,856.0,859.0,859.0,859.0,3167.0,3167.0,3167.0,817.0,817.0,817.0,856.0,856.0,856.0
1.0,7821.0,2505.0,2568.0,771.0,4185.0,1395.0,1395.0,1395.0,856.0,856.0,856.0,835.0,835.0,835.0,2607.0,2607.0,2607.0,1395.0,1395.0,1395.0,856.0,856.0,856.0
1.0,6087.0,2565.0,2568.0,2451.0,4299.0,1433.0,1433.0,1433.0,856.0,856.0,856.0,855.0,855.0,855.0,2029.0,2029.0,2029.0,1433.0,1433.0,1433.0,856.0,856.0,856.0
1.0,5973.0,2574.0,2568.0,4185.0,2688.0,896.0,896.0,896.0,856.0,856.0,856.0,858.0,858.0,858.0,1991.0,1991.0,1991.0,896.0,896.0,896.0,856.0,856.0,856.0
1.0,7584.0,2523.0,2568.0,4299.0,912.0,304.0,304.0,304.0,856.0,856.0,856.0,841.0,841.0,841.0,2528.0,2528.0,2528.0,304.0,304.0,304.0,856.0,856.0,856.0
1.0,9360.0,2553.0,2568.0,2688.0,777.0,259.0,259.0,259.0,856.0,856.0,856.0,851.0,851.0,851.0,3120.0,3120.0,3120.0,259.0,259.0,259.0,856.0,856.0,856.0
1.0,9495.0,2577.0,2568.0,912.0,2442.0,814.0,814.0,814.0,856.0,856.0,856.0,859.0,859.0,859.0,3165.0,3165.0,3165.0,814.0,814.0,814.0,856.0,856.0,856.0
1.0,7830.0,2610.0,2568.0,777.0,4275.0,1425.0,1425.0,1425.0,856.0,856.0,856.0,870.0,870.0,870.0,2610.0,2610.0,2610.0,1425.0,1425.0,1425.0,856.0,856.0,856.0
1.0,5997.0,2589.0,2568.0,2442.0,4422.0,1474.0,1474.0,1474.0,856.0,856.0,856.0,863.0,863.0,863.0,1999.0,1999.0,1999.0,1474.0,1474.0,1474.0,856.0,856.0,856.0
1.0,5850.0,2568.0,2571.0,4275.0,2727.0,909.0,909.0,909.0,857.0,857.0,857.0,856.0,856.0,856.0,1950.0,1950.0,1950.0,909.0,909.0,909.0,857.0,857.0,857.0
1.0,7557.0,2589.0,2568.0,4422.0,882.0,294.0,294.0,294.0,856.0,856.0,856.0,863.0,863.0,863.0,2519.0,2519.0,2519.0,294.0,294.0,294.0,856.0,856.0,856.0
1.0,9390.0,2643.0,2571.0,2727.0,810.0,270.0,270.0,270.0,857.0,857.0,857.0,881.0,881.0,881.0,3130.0,3130.0,3130.0,270.0,270.0,270.0,857.0,857.0,857.0
1.0,9474.0,2619.0,2571.0,882.0,2547.0,849.0,849.0,849.0,857.0,857.0,857.0,873.0,873.0,873.0,3158.0,3158.0,3158.0,849.0,849.0,849.0,857.0,857.0,857.0
1.0,7737.0,2598.0,2574.0,810.0,4347.0,1449.0,1449.0,1449.0,858.0,858.0,858.0,866.0,866.0,866.0,2579.0,2579.0,2579.0,1449.0,1449.0,1449.0,858.0,858.0,858.0
1.0,5949.0,2676.0,2574.0,2547.0,4476.0,1492.0,1492.0,1492.0,858.0,858.0,858.0,892.0,892.0,892.0,1983.0,1983.0,1983.0,1492.0,1492.0,1492.0,858.0,858.0,858.0
1.0,5820.0,2565.0,2574.0,4347.0,2694.0,898.0,898.0,898.0,858.0,858.0,858.0,855.0,855.0,855.0,1940.0,1940.0,1940.0,898.0,898.0,898.0,858.0,858.0,858.0
1.0,7602.0,2610.0,2574.0,4476.0,828.0,276.0,276.0,276.0,858.0,858.0,858.0,870.0,870.0,870.0,2534.0,2534.0,2534.0,276.0,276.0,276.0,858.0,858.0,858.0
1.0,9468.0,2544.0,2577.0,2694.0,690.0,230.0,230.0,230.0,859.0,859.0,859.0,848.0,848.0,848.0,3156.0,3156.0,3156.0,230.0,230.0,230.0,859.0,859.0,859.0
1.0,9618.0,2553.0,2574.0,828.0,2403.0,801.0,801.0,801.0,858.0,858.0,858.0,851.0,851.0,851.0,3206.0,3206.0,3206.0,801.0,801.0,801.0,858.0,858.0,858.0
1.0,7893.0,2646.0,2577.0,690.0,4371.0,1457.0,1457.0,1457.0,859.0,859.0,859.0,882.0,882.0,882.0,2631.0,2631.0,2631.0,1457.0,1457.0,1457.0,859.0,859.0,859.0
1.0,5937.0,2637.0,2577.0,2403.0,4605.0,1535.0,1535.0,1535.0,859.0,859.0,859.0,879.0,879.0,879.0,1979.0,1979.0,1979.0,1535.0,1535.0,1535.0,859.0,859.0,859.0
1.0,5703.0,2583.0,2577.0,4371.0,2817.0,939.0,939.0,939.0,859.0,859.0,859.0,861.0,861.0,861.0,1901.0,1901.0,1901.0,939.0,939.0,939.0,859.0,859.0,859.0
1.0,7491.0,2562.0,2577.0,4605.0,774.0,258.0,258.0,258.0,859.0,859.0,859.0,854.0,854.0,854.0,2497.0,2497.0,2497.0,258.0,258.0,258.0,859.0,859.0,859.0
1.0,9534.0,2664.0,2580.0,2817.0,633.0,211.0,211.0,211.0,860.0,860.0,860.0,888.0,888.0,888.0,3178.0,3178.0,3178.0,211.0,211.0,211.0,860.0,860.0,860.0
1.0,9687.0,2574.0,2580.0,774.0,2433.0,811.0,811.0,811.0,860.0,860.0,860.0,858.0,858.0,858.0,3229.0,3229.0,3229.0,811.0,811.0,811.0,860.0,860.0,860.0
1.0,7887.0,2601.0,2580.0,633.0,4401.0,1467.0,1467.0,1467.0,860.0,860.0,860.0,867.0,867.0,867.0,2629.0,2629.0,2629.0,1467.0,1467.0,1467.0,860.0,860.0,860.0
1.0,5919.0,2646.0,2583.0,2433.0,4626.0,1542.0,1542.0,1542.0,861.0,861.0,861.0,882.0,882.0,882.0,1973.0,1973.0,1973.0,1542.0,1542.0,1542.0,861.0,861.0,861.0
1.0,5706.0,2577.0,2580.0,4401.0,2790.0,930.0,930.0,930.0,860.0,860.0,860.0,859.0,859.0,859.0,1902.0,1902.0,1902.0,930.0,930.0,930.0,860.0,860.0,860.0
1.0,7530.0,2634.0,2583.0,4626.0,810.0,270.0,270.0,270.0,861.0,861.0,861.0,878.0,878.0,878.0,2510.0,2510.0,2510.0,270.0,270.0,270.0,861.0,861.0,861.0
1.0,9522.0,2565.0,2583.0,2790.0,585.0,195.0,195.0,195.0,861.0,861.0,861.0,855.0,855.0,855.0,3174.0,3174.0,3174.0,195.0,195.0,195.0,861.0,861.0,861.0
1.0,9747.0,2604.0,2583.0,810.0,2379.0,793.0,793.0,793.0,861.0,861.0,861.0,868.0,868.0,868.0,3249.0,3249.0,3249.0,793.0,793.0,793.0,861.0,861.0,861.0
1.0,7953.0,2523.0,2580.0,585.0,4305.0,1435.0,1435.0,1435.0,860.0,860.0,860.0,841.0,841.0,841.0,2651.0,2651.0,2651.0,1435.0,1435.0,1435.0,860.0,860.0,860.0
1.0,6015.0,2556.0,2583.0,2379.0,4494.0,1498.0,1498.0,1498.0,861.0,861.0,861.0,852.0,852.0,852.0,2005.0,2005.0,2005.0,1498.0,1498.0,1498.0,861.0,861.0,861.0
1.0,5838.0,2583.0,2583.0,4305.0,2772.0,924.0,924.0,924.0,861.0,861.0,861.0,861.0,861.0,861.0,1946.0,1946.0,1946.0,924.0,924.0,924.0,861.0,861.0,861.0
1.0,7560.0,2535.0,2583.0,4494.0,813.0,271.0,271.0,271.0,861.0,861.0,861.0,845.0,845.0,845.0,2520.0,2520.0,2520.0,271.0,271.0,271.0,861.0,861.0,861.0
1.0,9519.0,2613.0,2583.0,2772.0,654.0,218.0,218.0,218.0,861.0,861.0,861.0,871.0,871.0,871.0,3173.0,3173.0,3173.0,218.0,218.0,218.0,861.0,861.0,861.0
1.0,9678.0,2580.0,2583.0,813.0,2421.0,807.0,807.0,807.0,861.0,861.0,861.0,860.0,860.0,860.0,3226.0,3226.0,3226.0,807.0,807.0,807.0,861.0,861.0,861.0
1.0,7911.0,2607.0,2583.0,654.0,4374.0,1458.0,1458.0,1458.0,861.0,861.0,861.0,869.0,869.0,869.0,2637.0,2637.0,2637.0,1458.0,1458.0,1458.0,861.0,861.0,861.0
1.0,5958.0,2559.0,2583.0,2421.0,4512.0,1504.0,1504.0,1504.0,861.0,861.0,861.0,853.0,853.0,853.0,1986.0,1986.0,1986.0,1504.0,1504.0,1504.0,861.0,861.0,861.0
1.0,5820.0,2598.0,2586.0,4374.0,2748.0,916.0,916.0,916.0,862.0,862.0,862.0,866.0,866.0,866.0,1940.0,1940.0,1940.0,916.0,916.0,916.0,862.0,862.0,862.0
1.0,7596.0,2583.0,2586.0,4512.0,819.0,273.0,273.0,273.0,862.0,862.0,862.0,861.0,861.0,861.0,2532.0,2532.0,2532.0,273.0,273.0,273.0,862.0,862.0,862.0
1.0,9525.0,2562.0,2586.0,2748.0,633.0,211.0,211.0,211.0,862.0,862.0,862.0,854.0,854.0,854.0,3175.0,3175.0,3175.0,211.0,211.0,211.0,862.0,862.0,862.0
1.0,9711.0,2613.0,2586.0,819.0,2427.0,809.0,809.0,809.0,862.0,862.0,862.0,871.0,871.0,871.0,3237.0,3237.0,3237.0,809.0,809.0,809.0,862.0,862.0,862.0
1.0,7917.0,2583.0,2586.0,633.0,4377.0,1459.0,1459.0,1459.0,862.0,862.0,862.0,861.0,861.0,861.0,2639.0,2639.0,2639.0,1459.0,1459.0,1459.0,862.0,862.0,862.0
1.0,5967.0,2550.0,2586.0,2427.0,4500.0,1500.0,1500.0,1500.0,862.0,862.0,862.0,850.0,850.0,850.0,1989.0,1989.0,1989.0,1500.0,1500.0,1500.0,862.0,862.0,862.0
1.0,5844.0,2514.0,2583.0,4377.0,2625.0,875.0,875.0,875.0,861.0,861.0,861.0,838.0,838.0,838.0,1948.0,1948.0,1948.0,875.0,875.0,875.0,861.0,861.0,861.0
1.0,7707.0,2628.0,2586.0,4500.0,765.0,255.0,255.0,255.0,862.0,862.0,862.0,876.0,876.0,876.0,2569.0,2569.0,2569.0,255.0,255.0,255.0,862.0,862.0,862.0
1.0,9579.0,2586.0,2586.0,2625.0,726.0,242.0,242.0,242.0,862.0,862.0,862.0,862.0,862.0,862.0,3193.0,3193.0,3193.0,242.0,242.0,242.0,862.0,862.0,862.0
1.0,9618.0,2595.0,2586.0,765.0,2556.0,852.0,852.0,852.0,862.0,862.0,862.0,865.0,865.0,865.0,3206.0,3206.0,3206.0,852.0,852.0,852.0,862.0,862.0,862.0
1.0,7788.0,2640.0,2589.0,726.0,4482.0,1494.0,1494.0,1494.0,863.0,863.0,863.0,880.0,880.0,880.0,2596.0,2596.0,2596.0,1494.0,1494.0,1494.0,863.0,863.0,863.0
1.0,5874.0,2631.0,2589.0,2556.0,4557.0,1519.0,1519.0,1519.0,863.0,863.0,863.0,877.0,877.0,877.0,1958.0,1958.0,1958.0,1519.0,1519.0,1519.0,863.0,863.0,863.0
1.0,5799.0,2631.0,2589.0,4482.0,2706.0,902.0,902.0,902.0,863.0,863.0,863.0,877.0,877.0,877.0,1933.0,1933.0,1933.0,902.0,902.0,902.0,863.0,863.0,863.0
1.0,7650.0,2649.0,2589.0,4557.0,798.0,266.0,266.0,266.0,863.0,863.0,863.0,883.0,883.0,883.0,2550.0,2550.0,2550.0,266.0,266.0,266.0,863.0,863.0,863.0
1.0,9558.0,2583.0,2592.0,2706.0,687.0,229.0,229.0,229.0,864.0,864.0,864.0,861.0,861.0,861.0,3186.0,3186.0,3186.0,229.0,229.0,229.0,864.0,864.0,864.0
1.0,9681.0,2607.0,2592.0,798.0,2496.0,832.0,832.0,832.0,864.0,864.0,864.0,869.0,869.0,869.0,3227.0,3227.0,3227.0,832.0,832.0,832.0,864.0,864.0,864.0
1.0,7872.0,2613.0,2592.0,687.0,4422.0,1474.0,1474.0,1474.0,864.0,864.0,864.0,871.0,871.0,871.0,2624.0,2624.0,2624.0,1474.0,1474.0,1474.0,864.0,864.0,864.0
1.0,5946.0,2559.0,2595.0,2496.0,4497.0,1499.0,1499.0,1499.0,865.0,865.0,865.0,853.0,853.0,853.0,1982.0,1982.0,1982.0,1499.0,1499.0,1499.0,865.0,865.0,865.0
1.0,5883.0,2574.0,2595.0,4422.0,2649.0,883.0,883.0,883.0,865.0,865.0,865.0,858.0,858.0,858.0,1961.0,1961.0,1961.0,883.0,883.0,883.0,865.0,865.0,865.0
1.0,7731.0,2607.0,2595.0,4497.0,759.0,253.0,253.0,253.0,865.0,865.0,865.0,869.0,869.0,869.0,2577.0,2577.0,2577.0,253.0,253.0,253.0,865.0,865.0,865.0
1.0,9621.0,2670.0,2595.0,2649.0,780.0,260.0,260.0,260.0,865.0,865.0,865.0,890.0,890.0,890.0,3207.0,3207.0,3207.0,260.0,260.0,260.0,865.0,865.0,865.0
1.0,9600.0,2598.0,2595.0,759.0,2619.0,873.0,873.0,873.0,865.0,865.0,865.0,866.0,866.0,866.0,3200.0,3200.0,3200.0,873.0,873.0,873.0,865.0,865.0,865.0
1.0,7761.0,2625.0,2598.0,780.0,4476.0,1492.0,1492.0,1492.0,866.0,866.0,866.0,875.0,875.0,875.0,2587.0,2587.0,2587.0,1492.0,1492.0,1492.0,866.0,866.0,866.0
1.0,5916.0,2646.0,2598.0,2619.0,4503.0,1501.0,1501.0,1501.0,866.0,866.0,866.0,882.0,882.0,882.0,1972.0,1972.0,1972.0,1501.0,1501.0,1501.0,866.0,866.0,866.0
1.0,5889.0,2640.0,2598.0,4476.0,2667.0,889.0,889.0,889.0,866.0,866.0,866.0,880.0,880.0,880.0,1963.0,1963.0,1963.0,889.0,889.0,889.0,866.0,866.0,866.0
1.0,7725.0,2610.0,2598.0,4503.0,774.0,258.0,258.0,258.0,866.0,866.0,866.0,870.0,870.0,870.0,2575.0,2575.0,2575.0,258.0,258.0,258.0,866.0,866.0,866.0
1.0,9618.0,2637.0,2598.0,2667.0,744.0,248.0,248.0,248.0,866.0,866.0,866.0,879.0,879.0,879.0,3206.0,3206.0,3206.0,248.0,248.0,248.0,866.0,866.0,866.0
1.0,9648.0,2646.0,2598.0,774.0,2616.0,872.0,872.0,872.0,866.0,866.0,866.0,882.0,882.0,882.0,3216.0,3216.0,3216.0,872.0,872.0,872.0,866.0,866.0,866.0
1.0,7776.0,2682.0,2601.0,744.0,4566.0,1522.0,1522.0,1522.0,867.0,867.0,867.0,894.0,894.0,894.0,2592.0,2592.0,2592.0,1522.0,1522.0,1522.0,867.0,867.0,867.0
1.0,5838.0,2673.0,2601.0,2616.0,4623.0,1541.0,1541.0,1541.0,867.0,867.0,867.0,891.0,891.0,891.0,1946.0,1946.0,1946.0,1541.0,1541.0,1541.0,867.0,867.0,867.0
1.0,5781.0,2646.0,2604.0,4566.0,2715.0,905.0,905.0,905.0,868.0,868.0,868.0,882.0,882.0,882.0,1927.0,1927.0,1927.0,905.0,905.0,905.0,868.0,868.0,868.0
1.0,7701.0,2595.0,2604.0,4623.0,687.0,229.0,229.0,229.0,868.0,868.0,868.0,865.0,865.0,865.0,2567.0,2567.0,2567.0,229.0,229.0,229.0,868.0,868.0,868.0
1.0,9729.0,2541.0,2601.0,2715.0,501.0,167.0,167.0,167.0,867.0,867.0,867.0,847.0,847.0,847.0,3243.0,3243.0,3243.0,167.0,167.0,167.0,867.0,867.0,867.0
1.0,9903.0,2619.0,2601.0,687.0,2433.0,811.0,811.0,811.0,867.0,867.0,867.0,873.0,873.0,873.0,3301.0,3301.0,3301.0,811.0,811.0,811.0,867.0,867.0,867.0
1.0,7971.0,2634.0,2604.0,501.0,4578.0,1526.0,1526.0,1526.0,868.0,868.0,868.0,878.0,878.0,878.0,2657.0,2657.0,2657.0,1526.0,1526.0,1526.0,868.0,868.0,868.0
1.0,5838.0,2574.0,2604.0,2433.0,4719.0,1573.0,1573.0,1573.0,868.0,868.0,868.0,858.0,858.0,858.0,1946.0,1946.0,1946.0,1573.0,1573.0,1573.0,868.0,868.0,868.0
1.0,5697.0,2634.0,2604.0,4578.0,2775.0,925.0,925.0,925.0,868.0,868.0,868.0,878.0,878.0,878.0,1899.0,1899.0,1899.0,925.0,925.0,925.0,868.0,868.0,868.0
1.0,7641.0,2598.0,2604.0,4719.0,654.0,218.0,218.0,218.0,868.0,868.0,868.0,866.0,866.0,866.0,2547.0,2547.0,2547.0,218.0,218.0,218.0,868.0,868.0,868.0
1.0,9762.0,2649.0,2604.0,2775.0,528.0,176.0,176.0,176.0,868.0,868.0,868.0,883.0,883.0,883.0,3254.0,3254.0,3254.0,176.0,176.0,176.0,868.0,868.0,868.0
1.0,9888.0,2676.0,2604.0,654.0,2550.0,850.0,850.0,850.0,868.0,868.0,868.0,892.0,892.0,892.0,3296.0,3296.0,3296.0,850.0,850.0,850.0,868.0,868.0,868.0
1.0,7866.0,2706.0,2607.0,528.0,4740.0,1580.0,1580.0,1580.0,869.0,869.0,869.0,902.0,902.0,902.0,2622.0,2622.0,2622.0,1580.0,1580.0,1580.0,869.0,869.0,869.0
1.0,5688.0,2601.0,2607.0,2550.0,4791.0,1597.0,1597.0,1597.0,869.0,869.0,869.0,867.0,867.0,867.0,1896.0,1896.0,1896.0,1597.0,1597.0,1597.0,869.0,869.0,869.0
1.0,5637.0,2631.0,2607.0,4740.0,2682.0,894.0,894.0,894.0,869.0,869.0,869.0,877.0,877.0,877.0,1879.0,1879.0,1879.0,894.0,894.0,894.0,869.0,869.0,869.0
1.0,7746.0,2607.0,2607.0,4791.0,498.0,166.0,166.0,166.0,869.0,869.0,869.0,869.0,869.0,869.0,2582.0,2582.0,2582.0,166.0,166.0,166.0,869.0,869.0,869.0
1.0,9930.0,2670.0,2610.0,2682.0,498.0,166.0,166.0,166.0,870.0,870.0,870.0,890.0,890.0,890.0,3310.0,3310.0,3310.0,166.0,166.0,166.0,870.0,870.0,870.0
1.0,9942.0,2583.0,2610.0,498.0,2583.0,861.0,861.0,861.0,870.0,870.0,870.0,861.0,861.0,861.0,3314.0,3314.0,3314.0,861.0,861.0,861.0,870.0,870.0,870.0
1.0,7857.0,2625.0,2613.0,498.0,4722.0,1574.0,1574.0,1574.0,871.0,871.0,871.0,875.0,875.0,875.0,2619.0,2619.0,2619.0,1574.0,1574.0,1574.0,871.0,871.0,871.0
1.0,5730.0,2628.0,2613.0,2583.0,4767.0,1589.0,1589.0,1589.0,871.0,871.0,871.0,876.0,876.0,876.0,1910.0,1910.0,1910.0,1589.0,1589.0,1589.0,871.0,871.0,871.0
1.0,5685.0,2583.0,2613.0,4722.0,2628.0,876.0,876.0,876.0,871.0,871.0,871.0,861.0,861.0,861.0,1895.0,1895.0,1895.0,876.0,876.0,876.0,871.0,871.0,871.0
1.0,7824.0,2640.0,2613.0,4767.0,501.0,167.0,167.0,167.0,871.0,871.0,871.0,880.0,880.0,880.0,2608.0,2608.0,2608.0,167.0,167.0,167.0,871.0,871.0,871.0
1.0,9951.0,2610.0,2613.0,2628.0,483.0,161.0,161.0,161.0,871.0,871.0,871.0,870.0,870.0,870.0,3317.0,3317.0,3317.0,161.0,161.0,161.0,871.0,871.0,871.0
1.0,9969.0,2556.0,2613.0,501.0,2538.0,846.0,846.0,846.0,871.0,871.0,871.0,852.0,852.0,852.0,3323.0,3323.0,3323.0,846.0,846.0,846.0,871.0,871.0,871.0
1.0,7914.0,2682.0,2616.0,483.0,4749.0,1583.0,1583.0,1583.0,872.0,872.0,872.0,894.0,894.0,894.0,2638.0,2638.0,2638.0,1583.0,1583.0,1583.0,872.0,872.0,872.0
1.0,5715.0,2649.0,2616.0,2538.0,4860.0,1620.0,1620.0,1620.0,872.0,872.0,872.0,883.0,883.0,883.0,1905.0,1905.0,1905.0,1620.0,1620.0,1620.0,872.0,872.0,872.0
1.0,5604.0,2607.0,2619.0,4749.0,2730.0,910.0,910.0,910.0,873.0,873.0,873.0,869.0,869.0,869.0,1868.0,1868.0,1868.0,910.0,910.0,910.0,873.0,873.0,873.0
1.0,7746.0,2655.0,2619.0,4860.0,525.0,175.0,175.0,175.0,873.0,873.0,873.0,885.0,885.0,885.0,2582.0,2582.0,2582.0,175.0,175.0,175.0,873.0,873.0,873.0
1.0,9951.0,2658.0,2619.0,2730.0,453.0,151.0,151.0,151.0,873.0,873.0,873.0,886.0,886.0,886.0,3317.0,3317.0,3317.0,151.0,151.0,151.0,873.0,873.0,873.0
1.0,10023.0,2580.0,2622.0,525.0,2520.0,840.0,840.0,840.0,874.0,874.0,874.0,860.0,860.0,860.0,3341.0,3341.0,3341.0,840.0,840.0,840.0,874.0,874.0,874.0
1.0,7968.0,2577.0,2622.0,453.0,4644.0,1548.0,1548.0,1548.0,874.0,874.0,874.0,859.0,859.0,859.0,2656.0,2656.0,2656.0,1548.0,1548.0,1548.0,874.0,874.0,874.0
1.0,5844.0,2574.0,2622.0,2520.0,4698.0,1566.0,1566.0,1566.0,874.0,874.0,874.0,858.0,858.0,858.0,1948.0,1948.0,1948.0,1566.0,1566.0,1566.0,874.0,874.0,874.0
1.0,5790.0,2625.0,2622.0,4644.0,2679.0,893.0,893.0,893.0,874.0,874.0,874.0,875.0,875.0,875.0,1930.0,1930.0,1930.0,893.0,893.0,893.0,874.0,874.0,874.0
1.0,7809.0,2601.0,2622.0,4698.0,582.0,194.0,194.0,194.0,874.0,874.0,874.0,867.0,867.0,867.0,2603.0,2603.0,2603.0,194.0,194.0,194.0,874.0,874.0,874.0
1.0,9906.0,2622.0,2622.0,2679.0,525.0,175.0,175.0,175.0,874.0,874.0,874.0,874.0,874.0,874.0,3302.0,3302.0,3302.0,175.0,175.0,175.0,874.0,874.0,874.0
1.0,9963.0,2574.0,2619.0,582.0,2505.0,835.0,835.0,835.0,873.0,873.0,873.0,858.0,858.0,858.0,3321.0,3321.0,3321.0,835.0,835.0,835.0,873.0,873.0,873.0
1.0,7971.0,2631.0,2619.0,525.0,4611.0,1537.0,1537.0,1537.0,873.0,873.0,873.0,877.0,877.0,877.0,2657.0,2657.0,2657.0,1537.0,1537.0,1537.0,873.0,873.0,873.0
1.0,5865.0,2637.0,2619.0,2505.0,4743.0,1581.0,1581.0,1581.0,873.0,873.0,873.0,879.0,879.0,879.0,1955.0,1955.0,1955.0,1581.0,1581.0,1581.0,873.0,873.0,873.0
1.0,5733.0,2655.0,2622.0,4611.0,2799.0,933.0,933.0,933.0,874.0,874.0,874.0,885.0,885.0,885.0,1911.0,1911.0,1911.0,933.0,933.0,933.0,874.0,874.0,874.0
1.0,7689.0,2658.0,2622.0,4743.0,714.0,238.0,238.0,238.0,874.0,874.0,874.0,886.0,886.0,886.0,2563.0,2563.0,2563.0,238.0,238.0,238.0,874.0,874.0,874.0
1.0,9774.0,2649.0,2622.0,2799.0,564.0,188.0,188.0,188.0,874.0,874.0,874.0,883.0,883.0,883.0,3258.0,3258.0,3258.0,188.0,188.0,188.0,874.0,874.0,874.0
1.0,9924.0,2628.0,2625.0,714.0,2490.0,830.0,830.0,830.0,875.0,875.0,875.0,876.0,876.0,876.0,3308.0,3308.0,3308.0,830.0,830.0,830.0,875.0,875.0,875.0
1.0,8010.0,2646.0,2625.0,564.0,4572.0,1524.0,1524.0,1524.0,875.0,875.0,875.0,882.0,882.0,882.0,2670.0,2670.0,2670.0,1524.0,1524.0,1524.0,875.0,875.0,875.0
1.0,5928.0,2598.0,2625.0,2490.0,4680.0,1560.0,1560.0,1560.0,875.0,875.0,875.0,866.0,866.0,866.0,1976.0,1976.0,1976.0,1560.0,1560.0,1560.0,875.0,875.0,875.0
1.0,5820.0,2727.0,2628.0,4572.0,2847.0,949.0,949.0,949.0,876.0,876.0,876.0,909.0,909.0,909.0,1940.0,1940.0,1940.0,949.0,949.0,949.0,876.0,876.0,876.0
1.0,7665.0,2634.0,2628.0,4680.0,801.0,267.0,267.0,267.0,876.0,876.0,876.0,878.0,878.0,878.0,2555.0,2555.0,2555.0,267.0,267.0,267.0,876.0,876.0,876.0
1.0,9711.0,2628.0,2628.0,2847.0,582.0,194.0,194.0,194.0,876.0,876.0,876.0,876.0,876.0,876.0,3237.0,3237.0,3237.0,194.0,194.0,194.0,876.0,876.0,876.0
1.0,9930.0,2712.0,2628.0,801.0,2493.0,831.0,831.0,831.0,876.0,876.0,876.0,904.0,904.0,904.0,3310.0,3310.0,3310.0,831.0,831.0,831.0,876.0,876.0,876.0
1.0,8019.0,2664.0,2628.0,582.0,4575.0,1525.0,1525.0,1525.0,876.0,876.0,876.0,888.0,888.0,888.0,2673.0,2673.0,2673.0,1525.0,1525.0,1525.0,876.0,876.0,876.0
1.0,5937.0,2637.0,2631.0,2493.0,4731.0,1577.0,1577.0,1577.0,877.0,877.0,877.0,879.0,879.0,879.0,1979.0,1979.0,1979.0,1577.0,1577.0,1577.0,877.0,877.0,877.0
1.0,5793.0,2661.0,2631.0,4575.0,2817.0,939.0,939.0,939.0,877.0,877.0,877.0,887.0,887.0,887.0,1931.0,1931.0,1931.0,939.0,939.0,939.0,877.0,877.0,877.0
1.0,7707.0,2646.0,2631.0,4731.0,732.0,244.0,244.0,244.0,877.0,877.0,877.0,882.0,882.0,882.0,2569.0,2569.0,2569.0,244.0,244.0,244.0,877.0,877.0,877.0
1.0,9792.0,2634.0,2628.0,2817.0,537.0,179.0,179.0,179.0,876.0,876.0,876.0,878.0,878.0,878.0,3264.0,3264.0,3264.0,179.0,179.0,179.0,876.0,876.0,876.0
1.0,9975.0,2676.0,2628.0,732.0,2481.0,827.0,827.0,827.0,876.0,876.0,876.0,892.0,892.0,892.0,3325.0,3325.0,3325.0,827.0,827.0,827.0,876.0,876.0,876.0
1.0,8031.0,2715.0,2631.0,537.0,4671.0,1557.0,1557.0,1557.0,877.0,877.0,877.0,905.0,905.0,905.0,2677.0,2677.0,2677.0,1557.0,1557.0,1557.0,877.0,877.0,877.0
1.0,5853.0,2673.0,2631.0,2481.0,4863.0,1621.0,1621.0,1621.0,877.0,877.0,877.0,891.0,891.0,891.0,1951.0,1951.0,1951.0,1621.0,1621.0,1621.0,877.0,877.0,877.0
1.0,5661.0,2655.0,2634.0,4671.0,2859.0,953.0,953.0,953.0,878.0,878.0,878.0,885.0,885.0,885.0,1887.0,1887.0,1887.0,953.0,953.0,953.0,878.0,878.0,878.0
1.0,7677.0,2673.0,2634.0,4863.0,669.0,223.0,223.0,223.0,878.0,878.0,878.0,891.0,891.0,891.0,2559.0,2559.0,2559.0,223.0,223.0,223.0,878.0,878.0,878.0
1.0,9867.0,2694.0,2637.0,2859.0,516.0,172.0,172.0,172.0,879.0,879.0,879.0,898.0,898.0,898.0,3289.0,3289.0,3289.0,172.0,172.0,172.0,879.0,879.0,879.0
1.0,10032.0,2673.0,2640.0,669.0,2532.0,844.0,844.0,844.0,880.0,880.0,880.0,891.0,891.0,891.0,3344.0,3344.0,3344.0,844.0,844.0,844.0,880.0,880.0,880.0
1.0,8028.0,2637.0,2640.0,516.0,4653.0,1551.0,1551.0,1551.0,880.0,880.0,880.0,879.0,879.0,879.0,2676.0,2676.0,2676.0,1551.0,1551.0,1551.0,880.0,880.0,880.0
1.0,5907.0,2700.0,2640.0,2532.0,4821.0,1607.0,1607.0,1607.0,880.0,880.0,880.0,900.0,900.0,900.0,1969.0,1969.0,1969.0,1607.0,1607.0,1607.0,880.0,880.0,880.0
1.0,5739.0,2613.0,2640.0,4653.0,2781.0,927.0,927.0,927.0,880.0,880.0,880.0,871.0,871.0,871.0,1913.0,1913.0,1913.0,927.0,927.0,927.0,880.0,880.0,880.0
1.0,7779.0,2718.0,2640.0,4821.0,678.0,226.0,226.0,226.0,880.0,880.0,880.0,906.0,906.0,906.0,2593.0,2593.0,2593.0,226.0,226.0,226.0,880.0,880.0,880.0
1.0,9882.0,2709.0,2640.0,2781.0,606.0,202.0,202.0,202.0,880.0,880.0,880.0,903.0,903.0,903.0,3294.0,3294.0,3294.0,202.0,202.0,202.0,880.0,880.0,880.0
1.0,9954.0,2592.0,2640.0,678.0,2520.0,840.0,840.0,840.0,880.0,880.0,880.0,864.0,864.0,864.0,3318.0,3318.0,3318.0,840.0,840.0,840.0,880.0,880.0,880.0
1.0,8040.0,2712.0,2643.0,606.0,4638.0,1546.0,1546.0,1546.0,881.0,881.0,881.0,904.0,904.0,904.0,2680.0,2680.0,2680.0,1546.0,1546.0,1546.0,881.0,881.0,881.0
1.0,5934.0,2631.0,2643.0,2520.0,4749.0,1583.0,1583.0,1583.0,881.0,881.0,881.0,877.0,877.0,877.0,1978.0,1978.0,1978.0,1583.0,1583.0,1583.0,881.0,881.0,881.0
1.0,5823.0,2655.0,2643.0,4638.0,2766.0,922.0,922.0,922.0,881.0,881.0,881.0,885.0,885.0,885.0,1941.0,1941.0,1941.0,922.0,922.0,922.0,881.0,881.0,881.0
1.0,7806.0,2661.0,2643.0,4749.0,678.0,226.0,226.0,226.0,881.0,881.0,881.0,887.0,887.0,887.0,2602.0,2602.0,2602.0,226.0,226.0,226.0,881.0,881.0,881.0
1.0,9894.0,2640.0,2643.0,2766.0,552.0,184.0,184.0,184.0,881.0,881.0,881.0,880.0,880.0,880.0,3298.0,3298.0,3298.0,184.0,184.0,184.0,881.0,881.0,881.0
1.0,10020.0,2700.0,2646.0,678.0,2586.0,862.0,862.0,862.0,882.0,882.0,882.0,900.0,900.0,900.0,3340.0,3340.0,3340.0,862.0,862.0,862.0,882.0,882.0,882.0
1.0,7998.0,2631.0,2646.0,552.0,4665.0,1555.0,1555.0,1555.0,882.0,882.0,882.0,877.0,877.0,877.0,2666.0,2666.0,2666.0,1555.0,1555.0,1555.0,882.0,882.0,882.0
1.0,5919.0,2640.0,2646.0,2586.0,4719.0,1573.0,1573.0,1573.0,882.0,882.0,882.0,880.0,880.0,880.0,1973.0,1973.0,1973.0,1573.0,1573.0,1573.0,882.0,882.0,882.0
1.0,5865.0,2634.0,2646.0,4665.0,2688.0,896.0,896.0,896.0,882.0,882.0,882.0,878.0,878.0,878.0,1955.0,1955.0,1955.0,896.0,896.0,896.0,882.0,882.0,882.0
1.0,7896.0,2658.0,2649.0,4719.0,639.0,213.0,213.0,213.0,883.0,883.0,883.0,886.0,886.0,886.0,2632.0,2632.0,2632.0,213.0,213.0,213.0,883.0,883.0,883.0
1.0,9957.0,2628.0,2649.0,2688.0,579.0,193.0,193.0,193.0,883.0,883.0,883.0,876.0,876.0,876.0,3319.0,3319.0,3319.0,193.0,193.0,193.0,883.0,883.0,883.0
1.0,10017.0,2610.0,2646.0,639.0,2538.0,846.0,846.0,846.0,882.0,882.0,882.0,870.0,870.0,870.0,3339.0,3339.0,3339.0,846.0,846.0,846.0,882.0,882.0,882.0
1.0,8046.0,2703.0,2649.0,579.0,4674.0,1558.0,1558.0,1558.0,883.0,883.0,883.0,901.0,901.0,901.0,2682.0,2682.0,2682.0,1558.0,1558.0,1558.0,883.0,883.0,883.0
1.0,5922.0,2676.0,2649.0,2538.0,4812.0,1604.0,1604.0,1604.0,883.0,883.0,883.0,892.0,892.0,892.0,1974.0,1974.0,1974.0,1604.0,1604.0,1604.0,883.0,883.0,883.0
1.0,5784.0,2691.0,2649.0,4674.0,2829.0,943.0,943.0,943.0,883.0,883.0,883.0,897.0,897.0,897.0,1928.0,1928.0,1928.0,943.0,943.0,943.0,883.0,883.0,883.0
1.0,7767.0,2622.0,2652.0,4812.0,651.0,217.0,217.0,217.0,884.0,884.0,884.0,874.0,874.0,874.0,2589.0,2589.0,2589.0,217.0,217.0,217.0,884.0,884.0,884.0
1.0,9957.0,2664.0,2652.0,2829.0,486.0,162.0,162.0,162.0,884.0,884.0,884.0,888.0,888.0,888.0,3319.0,3319.0,3319.0,162.0,162.0,162.0,884.0,884.0,884.0
1.0,10122.0,2664.0,2655.0,651.0,2511.0,837.0,837.0,837.0,885.0,885.0,885.0,888.0,888.0,888.0,3374.0,3374.0,3374.0,837.0,837.0,837.0,885.0,885.0,885.0
1.0,8109.0,2652.0,2655.0,486.0,4677.0,1559.0,1559.0,1559.0,885.0,885.0,885.0,884.0,884.0,884.0,2703.0,2703.0,2703.0,1559.0,1559.0,1559.0,885.0,885.0,885.0
1.0,5943.0,2664.0,2655.0,2511.0,4830.0,1610.0,1610.0,1610.0,885.0,885.0,885.0,888.0,888.0,888.0,1981.0,1981.0,1981.0,1610.0,1610.0,1610.0,885.0,885.0,885.0
1.0,5790.0,2664.0,2658.0,4677.0,2829.0,943.0,943.0,943.0,886.0,886.0,886.0,888.0,888.0,888.0,1930.0,1930.0,1930.0,943.0,943.0,943.0,886.0,886.0,886.0
1.0,7803.0,2658.0,2658.0,4830.0,657.0,219.0,219.0,219.0,886.0,886.0,886.0,886.0,886.0,886.0,2601.0,2601.0,2601.0,219.0,219.0,219.0,886.0,886.0,886.0
1.0,9975.0,2661.0,2658.0,2829.0,489.0,163.0,163.0,163.0,886.0,886.0,886.0,887.0,887.0,887.0,3325.0,3325.0,3325.0,163.0,163.0,163.0,886.0,886.0,886.0
1.0,10143.0,2673.0,2661.0,657.0,2517.0,839.0,839.0,839.0,887.0,887.0,887.0,891.0,891.0,891.0,3381.0,3381.0,3381.0,839.0,839.0,839.0,887.0,887.0,887.0
1.0,8127.0,2646.0,2658.0,489.0,4662.0,1554.0,1554.0,1554.0,886.0,886.0,886.0,882.0,882.0,882.0,2709.0,2709.0,2709.0,1554.0,1554.0,1554.0,886.0,886.0,886.0
1.0,5970.0,2667.0,2661.0,2517.0,4824.0,1608.0,1608.0,1608.0,887.0,887.0,887.0,889.0,889.0,889.0,1990.0,1990.0,1990.0,1608.0,1608.0,1608.0,887.0,887.0,887.0
1.0,5820.0,2691.0,2661.0,4662.0,2853.0,951.0,951.0,951.0,887.0,887.0,887.0,897.0,897.0,897.0,1940.0,1940.0,1940.0,951.0,951.0,951.0,887.0,887.0,887.0
1.0,7791.0,2733.0,2661.0,4824.0,762.0,254.0,254.0,254.0,887.0,887.0,887.0,911.0,911.0,911.0,2597.0,2597.0,2597.0,254.0,254.0,254.0,887.0,887.0,887.0
1.0,9882.0,2670.0,2664.0,2853.0,591.0,197.0,197.0,197.0,888.0,888.0,888.0,890.0,890.0,890.0,3294.0,3294.0,3294.0,197.0,197.0,197.0,888.0,888.0,888.0
1.0,10065.0,2712.0,2664.0,762.0,2541.0,847.0,847.0,847.0,888.0,888.0,888.0,904.0,904.0,904.0,3355.0,3355.0,3355.0,847.0,847.0,847.0,888.0,888.0,888.0
1.0,8115.0,2712.0,2664.0,591.0,4662.0,1554.0,1554.0,1554.0,888.0,888.0,888.0,904.0,904.0,904.0,2705.0,2705.0,2705.0,1554.0,1554.0,1554.0,888.0,888.0,888.0
1.0,5994.0,2691.0,2667.0,2541.0,4824.0,1608.0,1608.0,1608.0,889.0,889.0,889.0,897.0,897.0,897.0,1998.0,1998.0,1998.0,1608.0,1608.0,1608.0,889.0,889.0,889.0
1.0,5844.0,2721.0,2667.0,4662.0,2883.0,961.0,961.0,961.0,889.0,889.0,889.0,907.0,907.0,907.0,1948.0,1948.0,1948.0,961.0,961.0,961.0,889.0,889.0,889.0
1.0,7785.0,2667.0,2667.0,4824.0,726.0,242.0,242.0,242.0,889.0,889.0,889.0,889.0,889.0,889.0,2595.0,2595.0,2595.0,242.0,242.0,242.0,889.0,889.0,889.0
1.0,9942.0,2718.0,2667.0,2883.0,561.0,187.0,187.0,187.0,889.0,889.0,889.0,906.0,906.0,906.0,3314.0,3314.0,3314.0,187.0,187.0,187.0,889.0,889.0,889.0
1.0,10107.0,2637.0,2667.0,726.0,2472.0,824.0,824.0,824.0,889.0,889.0,889.0,879.0,879.0,879.0,3369.0,3369.0,3369.0,824.0,824.0,824.0,889.0,889.0,889.0
1.0,8196.0,2664.0,2667.0,561.0,4575.0,1525.0,1525.0,1525.0,889.0,889.0,889.0,888.0,888.0,888.0,2732.0,2732.0,2732.0,1525.0,1525.0,1525.0,889.0,889.0,889.0
1.0,6093.0,2667.0,2667.0,2472.0,4770.0,1590.0,1590.0,1590.0,889.0,889.0,889.0,889.0,889.0,889.0,2031.0,2031.0,2031.0,1590.0,1590.0,1590.0,889.0,889.0,889.0
1.0,5898.0,2781.0,2670.0,4575.0,2988.0,996.0,996.0,996.0,890.0,890.0,890.0,927.0,927.0,927.0,1966.0,1966.0,1966.0,996.0,996.0,996.0,890.0,890.0,890.0
1.0,7692.0,2673.0,2670.0,4770.0,891.0,297.0,297.0,297.0,890.0,890.0,890.0,891.0,891.0,891.0,2564.0,2564.0,2564.0,297.0,297.0,297.0,890.0,890.0,890.0
1.0,9789.0,2733.0,2670.0,2988.0,636.0,212.0,212.0,212.0,890.0,890.0,890.0,911.0,911.0,911.0,3263.0,3263.0,3263.0,212.0,212.0,212.0,890.0,890.0,890.0
1.0,10044.0,2703.0,2673.0,891.0,2460.0,820.0,820.0,820.0,891.0,891.0,891.0,901.0,901.0,901.0,3348.0,3348.0,3348.0,820.0,820.0,820.0,891.0,891.0,891.0
1.0,8232.0,2694.0,2673.0,636.0,4518.0,1506.0,1506.0,1506.0,891.0,891.0,891.0,898.0,898.0,898.0,2744.0,2744.0,2744.0,1506.0,1506.0,1506.0,891.0,891.0,891.0
1.0,6174.0,2646.0,2673.0,2460.0,4704.0,1568.0,1568.0,1568.0,891.0,891.0,891.0,882.0,882.0,882.0,2058.0,2058.0,2058.0,1568.0,1568.0,1568.0,891.0,891.0,891.0
1.0,5988.0,2652.0,2670.0,4518.0,2826.0,942.0,942.0,942.0,890.0,890.0,890.0,884.0,884.0,884.0,1996.0,1996.0,1996.0,942.0,942.0,942.0,890.0,890.0,890.0
1.0,7854.0,2670.0,2670.0,4704.0,792.0,264.0,264.0,264.0,890.0,890.0,890.0,890.0,890.0,890.0,2618.0,2618.0,2618.0,264.0,264.0,264.0,890.0,890.0,890.0
1.0,9888.0,2706.0,2673.0,2826.0,684.0,228.0,228.0,228.0,891.0,891.0,891.0,902.0,902.0,902.0,3296.0,3296.0,3296.0,228.0,228.0,228.0,891.0,891.0,891.0
1.0,10008.0,2685.0,2673.0,792.0,2577.0,859.0,859.0,859.0,891.0,891.0,891.0,895.0,895.0,895.0,3336.0,3336.0,3336.0,859.0,859.0,859.0,891.0,891.0,891.0
1.0,8115.0,2742.0,2676.0,684.0,4647.0,1549.0,1549.0,1549.0,892.0,892.0,892.0,914.0,914.0,914.0,2705.0,2705.0,2705.0,1549.0,1549.0,1549.0,892.0,892.0,892.0
1.0,6057.0,2697.0,2673.0,2577.0,4755.0,1585.0,1585.0,1585.0,891.0,891.0,891.0,899.0,899.0,899.0,2019.0,2019.0,2019.0,1585.0,1585.0,1585.0,891.0,891.0,891.0
1.0,5937.0,2670.0,2673.0,4647.0,2778.0,926.0,926.0,926.0,891.0,891.0,891.0,890.0,890.0,890.0,1979.0,1979.0,1979.0,926.0,926.0,926.0,891.0,891.0,891.0
1.0,7914.0,2709.0,2676.0,4755.0,744.0,248.0,248.0,248.0,892.0,892.0,892.0,903.0,903.0,903.0,2638.0,2638.0,2638.0,248.0,248.0,248.0,892.0,892.0,892.0
1.0,9960.0,2661.0,2676.0,2778.0,627.0,209.0,209.0,209.0,892.0,892.0,892.0,887.0,887.0,887.0,3320.0,3320.0,3320.0,209.0,209.0,209.0,892.0,892.0,892.0
1.0,10077.0,2727.0,2676.0,744.0,2610.0,870.0,870.0,870.0,892.0,892.0,892.0,909.0,909.0,909.0,3359.0,3359.0,3359.0,870.0,870.0,870.0,892.0,892.0,892.0
1.0,8094.0,2658.0,2676.0,627.0,4641.0,1547.0,1547.0,1547.0,892.0,892.0,892.0,886.0,886.0,886.0,2698.0,2698.0,2698.0,1547.0,1547.0,1547.0,892.0,892.0,892.0
1.0,6063.0,2703.0,2679.0,2610.0,4746.0,1582.0,1582.0,1582.0,893.0,893.0,893.0,901.0,901.0,901.0,2021.0,2021.0,2021.0,1582.0,1582.0,1582.0,893.0,893.0,893.0
1.0,5970.0,2721.0,2679.0,4641.0,2826.0,942.0,942.0,942.0,893.0,893.0,893.0,907.0,907.0,907.0,1990.0,1990.0,1990.0,942.0,942.0,942.0,893.0,893.0,893.0
1.0,7890.0,2691.0,2679.0,4746.0,771.0,257.0,257.0,257.0,893.0,893.0,893.0,897.0,897.0,897.0,2630.0,2630.0,2630.0,257.0,257.0,257.0,893.0,893.0,893.0
1.0,9945.0,2700.0,2679.0,2826.0,645.0,215.0,215.0,215.0,893.0,893.0,893.0,900.0,900.0,900.0,3315.0,3315.0,3315.0,215.0,215.0,215.0,893.0,893.0,893.0
1.0,10071.0,2685.0,2682.0,771.0,2571.0,857.0,857.0,857.0,894.0,894.0,894.0,895.0,895.0,895.0,3357.0,3357.0,3357.0,857.0,857.0,857.0,894.0,894.0,894.0
1.0,8157.0,2673.0,2682.0,645.0,4599.0,1533.0,1533.0,1533.0,894.0,894.0,894.0,891.0,891.0,891.0,2719.0,2719.0,2719.0,1533.0,1533.0,1533.0,894.0,894.0,894.0
1.0,6129.0,2667.0,2682.0,2571.0,4695.0,1565.0,1565.0,1565.0,894.0,894.0,894.0,889.0,889.0,889.0,2043.0,2043.0,2043.0,1565.0,1565.0,1565.0,894.0,894.0,894.0
1.0,6033.0,2673.0,2682.0,4599.0,2769.0,923.0,923.0,923.0,894.0,894.0,894.0,891.0,891.0,891.0,2011.0,2011.0,2011.0,923.0,923.0,923.0,894.0,894.0,894.0
1.0,7959.0,2709.0,2685.0,4695.0,795.0,265.0,265.0,265.0,895.0,895.0,895.0,903.0,903.0,903.0,2653.0,2653.0,2653.0,265.0,265.0,265.0,895.0,895.0,895.0
1.0,9945.0,2679.0,2685.0,2769.0,705.0,235.0,235.0,235.0,895.0,895.0,895.0,893.0,893.0,893.0,3315.0,3315.0,3315.0,235.0,235.0,235.0,895.0,895.0,895.0
1.0,10035.0,2673.0,2685.0,795.0,2583.0,861.0,861.0,861.0,895.0,895.0,895.0,891.0,891.0,891.0,3345.0,3345.0,3345.0,861.0,861.0,861.0,895.0,895.0,895.0
1.0,8157.0,2697.0,2685.0,705.0,4575.0,1525.0,1525.0,1525.0,895.0,895.0,895.0,899.0,899.0,899.0,2719.0,2719.0,2719.0,1525.0,1525.0,1525.0,895.0,895.0,895.0
1.0,6165.0,2679.0,2685.0,2583.0,4671.0,1557.0,1557.0,1557.0,895.0,895.0,895.0,893.0,893.0,893.0,2055.0,2055.0,2055.0,1557.0,1557.0,1557.0,895.0,895.0,895.0
1.0,6069.0,2712.0,2688.0,4575.0,2820.0,940.0,940.0,940.0,896.0,896.0,896.0,904.0,904.0,904.0,2023.0,2023.0,2023.0,940.0,940.0,940.0,896.0,896.0,896.0
1.0,7932.0,2739.0,2688.0,4671.0,888.0,296.0,296.0,296.0,896.0,896.0,896.0,913.0,913.0,913.0,2644.0,2644.0,2644.0,296.0,296.0,296.0,896.0,896.0,896.0
1.0,9864.0,2751.0,2691.0,2820.0,831.0,277.0,277.0,277.0,897.0,897.0,897.0,917.0,917.0,917.0,3288.0,3288.0,3288.0,277.0,277.0,277.0,897.0,897.0,897.0
1.0,9933.0,2691.0,2691.0,888.0,2634.0,878.0,878.0,878.0,897.0,897.0,897.0,897.0,897.0,897.0,3311.0,3311.0,3311.0,878.0,878.0,878.0,897.0,897.0,897.0
1.0,8130.0,2676.0,2691.0,831.0,4479.0,1493.0,1493.0,1493.0,897.0,897.0,897.0,892.0,892.0,892.0,2710.0,2710.0,2710.0,1493.0,1493.0,1493.0,897.0,897.0,897.0
1.0,6285.0,2634.0,2691.0,2634.0,4479.0,1493.0,1493.0,1493.0,897.0,897.0,897.0,878.0,878.0,878.0,2095.0,2095.0,2095.0,1493.0,1493.0,1493.0,897.0,897.0,897.0
1.0,6285.0,2712.0,2691.0,4479.0,2712.0,904.0,904.0,904.0,897.0,897.0,897.0,904.0,904.0,904.0,2095.0,2095.0,2095.0,904.0,904.0,904.0,897.0,897.0,897.0
1.0,8052.0,2700.0,2691.0,4479.0,933.0,311.0,311.0,311.0,897.0,897.0,897.0,900.0,900.0,900.0,2684.0,2684.0,2684.0,311.0,311.0,311.0,897.0,897.0,897.0
1.0,9831.0,2688.0,2694.0,2712.0,921.0,307.0,307.0,307.0,898.0,898.0,898.0,896.0,896.0,896.0,3277.0,3277.0,3277.0,307.0,307.0,307.0,898.0,898.0,898.0
1.0,9855.0,2673.0,2694.0,933.0,2661.0,887.0,887.0,887.0,898.0,898.0,898.0,891.0,891.0,891.0,3285.0,3285.0,3285.0,887.0,887.0,887.0,898.0,898.0,898.0
1.0,8115.0,2652.0,2691.0,921.0,4380.0,1460.0,1460.0,1460.0,897.0,897.0,897.0,884.0,884.0,884.0,2705.0,2705.0,2705.0,1460.0,1460.0,1460.0,897.0,897.0,897.0
1.0,6384.0,2709.0,2691.0,2661.0,4428.0,1476.0,1476.0,1476.0,897.0,897.0,897.0,903.0,903.0,903.0,2128.0,2128.0,2128.0,1476.0,1476.0,1476.0,897.0,897.0,897.0
1.0,6336.0,2712.0,2691.0,4380.0,2760.0,920.0,920.0,920.0,897.0,897.0,897.0,904.0,904.0,904.0,2112.0,2112.0,2112.0,920.0,920.0,920.0,897.0,897.0,897.0
1.0,8004.0,2727.0,2694.0,4428.0,1071.0,357.0,357.0,357.0,898.0,898.0,898.0,909.0,909.0,909.0,2668.0,2668.0,2668.0,357.0,357.0,357.0,898.0,898.0,898.0
1.0,9705.0,2733.0,2694.0,2760.0,1044.0,348.0,348.0,348.0,898.0,898.0,898.0,911.0,911.0,911.0,3235.0,3235.0,3235.0,348.0,348.0,348.0,898.0,898.0,898.0
1.0,9732.0,2730.0,2694.0,1071.0,2703.0,901.0,901.0,901.0,898.0,898.0,898.0,910.0,910.0,910.0,3244.0,3244.0,3244.0,901.0,901.0,901.0,898.0,898.0,898.0
1.0,8073.0,2715.0,2694.0,1044.0,4374.0,1458.0,1458.0,1458.0,898.0,898.0,898.0,905.0,905.0,905.0,2691.0,2691.0,2691.0,1458.0,1458.0,1458.0,898.0,898.0,898.0
1.0,6402.0,2694.0,2694.0,2703.0,4365.0,1455.0,1455.0,1455.0,898.0,898.0,898.0,898.0,898.0,898.0,2134.0,2134.0,2134.0,1455.0,1455.0,1455.0,898.0,898.0,898.0
1.0,6411.0,2727.0,2694.0,4374.0,2718.0,906.0,906.0,906.0,898.0,898.0,898.0,909.0,909.0,909.0,2137.0,2137.0,2137.0,906.0,906.0,906.0,898.0,898.0,898.0
1.0,8058.0,2712.0,2697.0,4365.0,1077.0,359.0,359.0,359.0,899.0,899.0,899.0,904.0,904.0,904.0,2686.0,2686.0,2686.0,359.0,359.0,359.0,899.0,899.0,899.0
1.0,9711.0,2718.0,2697.0,2718.0,1077.0,359.0,359.0,359.0,899.0,899.0,899.0,906.0,906.0,906.0,3237.0,3237.0,3237.0,359.0,359.0,359.0,899.0,899.0,899.0
1.0,9711.0,2685.0,2697.0,1077.0,2685.0,895.0,895.0,895.0,899.0,899.0,899.0,895.0,895.0,895.0,3237.0,3237.0,3237.0,895.0,895.0,895.0,899.0,899.0,899.0
1.0,8103.0,2751.0,2697.0,1077.0,4359.0,1453.0,1453.0,1453.0,899.0,899.0,899.0,917.0,917.0,917.0,2701.0,2701.0,2701.0,1453.0,1453.0,1453.0,899.0,899.0,899.0
1.0,6429.0,2712.0,2697.0,2685.0,4386.0,1462.0,1462.0,1462.0,899.0,899.0,899.0,904.0,904.0,904.0,2143.0,2143.0,2143.0,1462.0,1462.0,1462.0,899.0,899.0,899.0
1.0,6402.0,2685.0,2697.0,4359.0,2712.0,904.0,904.0,904.0,899.0,899.0,899.0,895.0,895.0,895.0,2134.0,2134.0,2134.0,904.0,904.0,904.0,899.0,899.0,899.0
1.0,8076.0,2721.0,2697.0,4386.0,1047.0,349.0,349.0,349.0,899.0,899.0,899.0,907.0,907.0,907.0,2692.0,2692.0,2692.0,349.0,349.0,349.0,899.0,899.0,899.0
1.0,9741.0,2772.0,2697.0,2712.0,1107.0,369.0,369.0,369.0,899.0,899.0,899.0,924.0,924.0,924.0,3247.0,3247.0,3247.0,369.0,369.0,369.0,899.0,899.0,899.0
1.0,9681.0,2733.0,2700.0,1047.0,2805.0,935.0,935.0,935.0,900.0,900.0,900.0,911.0,911.0,911.0,3227.0,3227.0,3227.0,935.0,935.0,935.0,900.0,900.0,900.0
1.0,7995.0,2700.0,2700.0,1107.0,4398.0,1466.0,1466.0,1466.0,900.0,900.0,900.0,900.0,900.0,900.0,2665.0,2665.0,2665.0,1466.0,1466.0,1466.0,900.0,900.0,900.0
1.0,6402.0,2721.0,2703.0,2805.0,4326.0,1442.0,1442.0,1442.0,901.0,901.0,901.0,907.0,907.0,907.0,2134.0,2134.0,2134.0,1442.0,1442.0,1442.0,901.0,901.0,901.0
1.0,6486.0,2706.0,2703.0,4398.0,2634.0,878.0,878.0,878.0,901.0,901.0,901.0,902.0,902.0,902.0,2162.0,2162.0,2162.0,878.0,878.0,878.0,901.0,901.0,901.0
1.0,8178.0,2682.0,2703.0,4326.0,990.0,330.0,330.0,330.0,901.0,901.0,901.0,894.0,894.0,894.0,2726.0,2726.0,2726.0,330.0,330.0,330.0,901.0,901.0,901.0
1.0,9822.0,2697.0,2700.0,2634.0,1041.0,347.0,347.0,347.0,900.0,900.0,900.0,899.0,899.0,899.0,3274.0,3274.0,3274.0,347.0,347.0,347.0,900.0,900.0,900.0
1.0,9759.0,2655.0,2700.0,990.0,2706.0,902.0,902.0,902.0,900.0,900.0,900.0,885.0,885.0,885.0,3253.0,3253.0,3253.0,902.0,902.0,902.0,900.0,900.0,900.0
1.0,8094.0,2775.0,2703.0,1041.0,4452.0,1484.0,1484.0,1484.0,901.0,901.0,901.0,925.0,925.0,925.0,2698.0,2698.0,2698.0,1484.0,1484.0,1484.0,901.0,901.0,901.0
1.0,6360.0,2715.0,2703.0,2706.0,4461.0,1487.0,1487.0,1487.0,901.0,901.0,901.0,905.0,905.0,905.0,2120.0,2120.0,2120.0,1487.0,1487.0,1487.0,901.0,901.0,901.0
1.0,6351.0,2700.0,2703.0,4452.0,2709.0,903.0,903.0,903.0,901.0,901.0,901.0,900.0,900.0,900.0,2117.0,2117.0,2117.0,903.0,903.0,903.0,901.0,901.0,901.0
1.0,8103.0,2691.0,2703.0,4461.0,939.0,313.0,313.0,313.0,901.0,901.0,901.0,897.0,897.0,897.0,2701.0,2701.0,2701.0,313.0,313.0,313.0,901.0,901.0,901.0
1.0,9873.0,2727.0,2703.0,2709.0,957.0,319.0,319.0,319.0,901.0,901.0,901.0,909.0,909.0,909.0,3291.0,3291.0,3291.0,319.0,319.0,319.0,901.0,901.0,901.0
1.0,9855.0,2760.0,2706.0,939.0,2790.0,930.0,930.0,930.0,902.0,902.0,902.0,920.0,920.0,920.0,3285.0,3285.0,3285.0,930.0,930.0,930.0,902.0,902.0,902.0
1.0,8034.0,2742.0,2706.0,957.0,4575.0,1525.0,1525.0,1525.0,902.0,902.0,902.0,914.0,914.0,914.0,2678.0,2678.0,2678.0,1525.0,1525.0,1525.0,902.0,902.0,902.0
1.0,6249.0,2709.0,2706.0,2790.0,4494.0,1498.0,1498.0,1498.0,902.0,902.0,902.0,903.0,903.0,903.0,2083.0,2083.0,2083.0,1498.0,1498.0,1498.0,902.0,902.0,902.0
1.0,6330.0,2745.0,2706.0,4575.0,2664.0,888.0,888.0,888.0,902.0,902.0,902.0,915.0,915.0,915.0,2110.0,2110.0,2110.0,888.0,888.0,888.0,902.0,902.0,902.0
1.0,8160.0,2694.0,2706.0,4494.0,864.0,288.0,288.0,288.0,902.0,902.0,902.0,898.0,898.0,898.0,2720.0,2720.0,2720.0,288.0,288.0,288.0,902.0,902.0,902.0
1.0,9960.0,2691.0,2706.0,2664.0,891.0,297.0,297.0,297.0,902.0,902.0,902.0,897.0,897.0,897.0,3320.0,3320.0,3320.0,297.0,297.0,297.0,902.0,902.0,902.0
1.0,9933.0,2655.0,2706.0,864.0,2682.0,894.0,894.0,894.0,902.0,902.0,902.0,885.0,885.0,885.0,3311.0,3311.0,3311.0,894.0,894.0,894.0,902.0,902.0,902.0
1.0,8142.0,2739.0,2709.0,891.0,4542.0,1514.0,1514.0,1514.0,903.0,903.0,903.0,913.0,913.0,913.0,2714.0,2714.0,2714.0,1514.0,1514.0,1514.0,903.0,903.0,903.0
1.0,6294.0,2751.0,2709.0,2682.0,4611.0,1537.0,1537.0,1537.0,903.0,903.0,903.0,917.0,917.0,917.0,2098.0,2098.0,2098.0,1537.0,1537.0,1537.0,903.0,903.0,903.0
1.0,6225.0,2706.0,2709.0,4542.0,2775.0,925.0,925.0,925.0,903.0,903.0,903.0,902.0,902.0,902.0,2075.0,2075.0,2075.0,925.0,925.0,925.0,903.0,903.0,903.0
1.0,8061.0,2739.0,2709.0,4611.0,903.0,301.0,301.0,301.0,903.0,903.0,903.0,913.0,913.0,913.0,2687.0,2687.0,2687.0,301.0,301.0,301.0,903.0,903.0,903.0
1.0,9933.0,2661.0,2709.0,2775.0,789.0,263.0,263.0,263.0,903.0,903.0,903.0,887.0,887.0,887.0,3311.0,3311.0,3311.0,263.0,263.0,263.0,903.0,903.0,903.0
1.0,10047.0,2688.0,2709.0,903.0,2574.0,858.0,858.0,858.0,903.0,903.0,903.0,896.0,896.0,896.0,3349.0,3349.0,3349.0,858.0,858.0,858.0,903.0,903.0,903.0
1.0,8262.0,2718.0,2709.0,789.0,4503.0,1501.0,1501.0,1501.0,903.0,903.0,903.0,906.0,906.0,906.0,2754.0,2754.0,2754.0,1501.0,1501.0,1501.0,903.0,903.0,903.0
1.0,6333.0,2712.0,2709.0,2574.0,4641.0,1547.0,1547.0,1547.0,903.0,903.0,903.0,904.0,904.0,904.0,2111.0,2111.0,2111.0,1547.0,1547.0,1547.0,903.0,903.0,903.0
1.0,6195.0,2712.0,2709.0,4503.0,2850.0,950.0,950.0,950.0,903.0,903.0,903.0,904.0,904.0,904.0,2065.0,2065.0,2065.0,950.0,950.0,950.0,903.0,903.0,903.0
1.0,7986.0,2715.0,2709.0,4641.0,924.0,308.0,308.0,308.0,903.0,903.0,903.0,905.0,905.0,905.0,2662.0,2662.0,2662.0,308.0,308.0,308.0,903.0,903.0,903.0
1.0,9912.0,2745.0,2712.0,2850.0,831.0,277.0,277.0,277.0,904.0,904.0,904.0,915.0,915.0,915.0,3304.0,3304.0,3304.0,277.0,277.0,277.0,904.0,904.0,904.0
1.0,10017.0,2715.0,2712.0,924.0,2622.0,874.0,874.0,874.0,904.0,904.0,904.0,905.0,905.0,905.0,3339.0,3339.0,3339.0,874.0,874.0,874.0,904.0,904.0,904.0
1.0,8226.0,2721.0,2712.0,831.0,4512.0,1504.0,1504.0,1504.0,904.0,904.0,904.0,907.0,907.0,907.0,2742.0,2742.0,2742.0,1504.0,1504.0,1504.0,904.0,904.0,904.0
1.0,6336.0,2742.0,2712.0,2622.0,4632.0,1544.0,1544.0,1544.0,904.0,904.0,904.0,914.0,914.0,914.0,2112.0,2112.0,2112.0,1544.0,1544.0,1544.0,904.0,904.0,904.0
1.0,6216.0,2724.0,2715.0,4512.0,2856.0,952.0,952.0,952.0,905.0,905.0,905.0,908.0,908.0,908.0,2072.0,2072.0,2072.0,952.0,952.0,952.0,905.0,905.0,905.0
1.0,8004.0,2730.0,2715.0,4632.0,954.0,318.0,318.0,318.0,905.0,905.0,905.0,910.0,910.0,910.0,2668.0,2668.0,2668.0,318.0,318.0,318.0,905.0,905.0,905.0
1.0,9906.0,2706.0,2715.0,2856.0,804.0,268.0,268.0,268.0,905.0,905.0,905.0,902.0,902.0,902.0,3302.0,3302.0,3302.0,268.0,268.0,268.0,905.0,905.0,905.0
1.0,10056.0,2781.0,2718.0,954.0,2643.0,881.0,881.0,881.0,906.0,906.0,906.0,927.0,927.0,927.0,3352.0,3352.0,3352.0,881.0,881.0,881.0,906.0,906.0,906.0
1.0,8229.0,2694.0,2718.0,804.0,4533.0,1511.0,1511.0,1511.0,906.0,906.0,906.0,898.0,898.0,898.0,2743.0,2743.0,2743.0,1511.0,1511.0,1511.0,906.0,906.0,906.0
1.0,6339.0,2769.0,2718.0,2643.0,4659.0,1553.0,1553.0,1553.0,906.0,906.0,906.0,923.0,923.0,923.0,2113.0,2113.0,2113.0,1553.0,1553.0,1553.0,906.0,906.0,906.0
1.0,6213.0,2730.0,2718.0,4533.0,2856.0,952.0,952.0,952.0,906.0,906.0,906.0,910.0,910.0,910.0,2071.0,2071.0,2071.0,952.0,952.0,952.0,906.0,906.0,906.0
1.0,8016.0,2736.0,2718.0,4659.0,933.0,311.0,311.0,311.0,906.0,906.0,906.0,912.0,912.0,912.0,2672.0,2672.0,2672.0,311.0,311.0,311.0,906.0,906.0,906.0
1.0,9939.0,2802.0,2718.0,2856.0,879.0,293.0,293.0,293.0,906.0,906.0,906.0,934.0,934.0,934.0,3313.0,3313.0,3313.0,293.0,293.0,293.0,906.0,906.0,906.0
1.0,9993.0,2685.0,2718.0,933.0,2631.0,877.0,877.0,877.0,906.0,906.0,906.0,895.0,895.0,895.0,3331.0,3331.0,3331.0,877.0,877.0,877.0,906.0,906.0,906.0
1.0,8241.0,2796.0,2721.0,879.0,4560.0,1520.0,1520.0,1520.0,907.0,907.0,907.0,932.0,932.0,932.0,2747.0,2747.0,2747.0,1520.0,1520.0,1520.0,907.0,907.0,907.0
1.0,6324.0,2805.0,2721.0,2631.0,4734.0,1578.0,1578.0,1578.0,907.0,907.0,907.0,935.0,935.0,935.0,2108.0,2108.0,2108.0,1578.0,1578.0,1578.0,907.0,907.0,907.0
1.0,6150.0,2727.0,2724.0,4560.0,2913.0,971.0,971.0,971.0,908.0,908.0,908.0,909.0,909.0,909.0,2050.0,2050.0,2050.0,971.0,971.0,971.0,908.0,908.0,908.0
1.0,7983.0,2760.0,2724.0,4734.0,939.0,313.0,313.0,313.0,908.0,908.0,908.0,920.0,920.0,920.0,2661.0,2661.0,2661.0,313.0,313.0,313.0,908.0,908.0,908.0
1.0,9957.0,2763.0,2724.0,2913.0,789.0,263.0,263.0,263.0,908.0,908.0,908.0,921.0,921.0,921.0,3319.0,3319.0,3319.0,263.0,263.0,263.0,908.0,908.0,908.0
1.0,10107.0,2760.0,2724.0,939.0,2610.0,870.0,870.0,870.0,908.0,908.0,908.0,920.0,920.0,920.0,3369.0,3369.0,3369.0,870.0,870.0,870.0,908.0,908.0,908.0
1.0,8286.0,2715.0,2727.0,789.0,4548.0,1516.0,1516.0,1516.0,909.0,909.0,909.0,905.0,905.0,905.0,2762.0,2762.0,2762.0,1516.0,1516.0,1516.0,909.0,909.0,909.0
1.0,6360.0,2784.0,2727.0,2610.0,4722.0,1574.0,1574.0,1574.0,909.0,909.0,909.0,928.0,928.0,928.0,2120.0,2120.0,2120.0,1574.0,1574.0,1574.0,909.0,909.0,909.0
1.0,6186.0,2703.0,2727.0,4548.0,2877.0,959.0,959.0,959.0,909.0,909.0,909.0,901.0,901.0,901.0,2062.0,2062.0,2062.0,959.0,959.0,959.0,909.0,909.0,909.0
1.0,8031.0,2778.0,2727.0,4722.0,933.0,311.0,311.0,311.0,909.0,909.0,909.0,926.0,926.0,926.0,2677.0,2677.0,2677.0,311.0,311.0,311.0,909.0,909.0,909.0
1.0,9975.0,2772.0,2727.0,2877.0,828.0,276.0,276.0,276.0,909.0,909.0,909.0,924.0,924.0,924.0,3325.0,3325.0,3325.0,276.0,276.0,276.0,909.0,909.0,909.0
1.0,10080.0,2733.0,2727.0,933.0,2628.0,876.0,876.0,876.0,909.0,909.0,909.0,911.0,911.0,911.0,3360.0,3360.0,3360.0,876.0,876.0,876.0,909.0,909.0,909.0
1.0,8280.0,2736.0,2730.0,828.0,4548.0,1516.0,1516.0,1516.0,910.0,910.0,910.0,912.0,912.0,912.0,2760.0,2760.0,2760.0,1516.0,1516.0,1516.0,910.0,910.0,910.0
1.0,6372.0,2760.0,2730.0,2628.0,4680.0,1560.0,1560.0,1560.0,910.0,910.0,910.0,920.0,920.0,920.0,2124.0,2124.0,2124.0,1560.0,1560.0,1560.0,910.0,910.0,910.0
1.0,6240.0,2763.0,2730.0,4548.0,2895.0,965.0,965.0,965.0,910.0,910.0,910.0,921.0,921.0,921.0,2080.0,2080.0,2080.0,965.0,965.0,965.0,910.0,910.0,910.0
1.0,8025.0,2790.0,2733.0,4680.0,1017.0,339.0,339.0,339.0,911.0,911.0,911.0,930.0,930.0,930.0,2675.0,2675.0,2675.0,339.0,339.0,339.0,911.0,911.0,911.0
1.0,9915.0,2736.0,2733.0,2895.0,858.0,286.0,286.0,286.0,911.0,911.0,911.0,912.0,912.0,912.0,3305.0,3305.0,3305.0,286.0,286.0,286.0,911.0,911.0,911.0
1.0,10074.0,2745.0,2733.0,1017.0,2586.0,862.0,862.0,862.0,911.0,911.0,911.0,915.0,915.0,915.0,3358.0,3358.0,3358.0,862.0,862.0,862.0,911.0,911.0,911.0
1.0,8346.0,2775.0,2736.0,858.0,4515.0,1505.0,1505.0,1505.0,912.0,912.0,912.0,925.0,925.0,925.0,2782.0,2782.0,2782.0,1505.0,1505.0,1505.0,912.0,912.0,912.0
1.0,6429.0,2781.0,2736.0,2586.0,4710.0,1570.0,1570.0,1570.0,912.0,912.0,912.0,927.0,927.0,927.0,2143.0,2143.0,2143.0,1570.0,1570.0,1570.0,912.0,912.0,912.0
1.0,6234.0,2748.0,2736.0,4515.0,2943.0,981.0,981.0,981.0,912.0,912.0,912.0,916.0,916.0,916.0,2078.0,2078.0,2078.0,981.0,981.0,981.0,912.0,912.0,912.0
1.0,8001.0,2736.0,2736.0,4710.0,969.0,323.0,323.0,323.0,912.0,912.0,912.0,912.0,912.0,912.0,2667.0,2667.0,2667.0,323.0,323.0,323.0,912.0,912.0,912.0
1.0,9975.0,2775.0,2739.0,2943.0,813.0,271.0,271.0,271.0,913.0,913.0,913.0,925.0,925.0,925.0,3325.0,3325.0,3325.0,271.0,271.0,271.0,913.0,913.0,913.0
1.0,10143.0,2721.0,2739.0,969.0,2565.0,855.0,855.0,855.0,913.0,913.0,913.0,907.0,907.0,907.0,3381.0,3381.0,3381.0,855.0,855.0,855.0,913.0,913.0,913.0
1.0,8391.0,2772.0,2739.0,813.0,4524.0,1508.0,1508.0,1508.0,913.0,913.0,913.0,924.0,924.0,924.0,2797.0,2797.0,2797.0,1508.0,1508.0,1508.0,913.0,913.0,913.0
1.0,6432.0,2760.0,2739.0,2565.0,4719.0,1573.0,1573.0,1573.0,913.0,913.0,913.0,920.0,920.0,920.0,2144.0,2144.0,2144.0,1573.0,1573.0,1573.0,913.0,913.0,913.0
1.0,6237.0,2706.0,2739.0,4524.0,2901.0,967.0,967.0,967.0,913.0,913.0,913.0,902.0,902.0,902.0,2079.0,2079.0,2079.0,967.0,967.0,967.0,913.0,913.0,913.0
1.0,8055.0,2772.0,2742.0,4719.0,966.0,322.0,322.0,322.0,914.0,914.0,914.0,924.0,924.0,924.0,2685.0,2685.0,2685.0,322.0,322.0,322.0,914.0,914.0,914.0
1.0,10002.0,2730.0,2742.0,2901.0,795.0,265.0,265.0,265.0,914.0,914.0,914.0,910.0,910.0,910.0,3334.0,3334.0,3334.0,265.0,265.0,265.0,914.0,914.0,914.0
1.0,10173.0,2730.0,2742.0,966.0,2559.0,853.0,853.0,853.0,914.0,914.0,914.0,910.0,910.0,910.0,3391.0,3391.0,3391.0,853.0,853.0,853.0,914.0,914.0,914.0
1.0,8409.0,2784.0,2742.0,795.0,4548.0,1516.0,1516.0,1516.0,914.0,914.0,914.0,928.0,928.0,928.0,2803.0,2803.0,2803.0,1516.0,1516.0,1516.0,914.0,914.0,914.0
1.0,6420.0,2757.0,2742.0,2559.0,4746.0,1582.0,1582.0,1582.0,914.0,914.0,914.0,919.0,919.0,919.0,2140.0,2140.0,2140.0,1582.0,1582.0,1582.0,914.0,914.0,914.0
1.0,6222.0,2682.0,2745.0,4548.0,2892.0,964.0,964.0,964.0,915.0,915.0,915.0,894.0,894.0,894.0,2074.0,2074.0,2074.0,964.0,964.0,964.0,915.0,915.0,915.0
1.0,8088.0,2709.0,2745.0,4746.0,855.0,285.0,285.0,285.0,915.0,915.0,915.0,903.0,903.0,903.0,2696.0,2696.0,2696.0,285.0,285.0,285.0,915.0,915.0,915.0
1.0,10125.0,2748.0,2745.0,2892.0,711.0,237.0,237.0,237.0,915.0,915.0,915.0,916.0,916.0,916.0,3375.0,3375.0,3375.0,237.0,237.0,237.0,915.0,915.0,915.0
1.0,10269.0,2820.0,2748.0,855.0,2688.0,896.0,896.0,896.0,916.0,916.0,916.0,940.0,940.0,940.0,3423.0,3423.0,3423.0,896.0,896.0,896.0,916.0,916.0,916.0
1.0,8304.0,2748.0,2748.0,711.0,4725.0,1575.0,1575.0,1575.0,916.0,916.0,916.0,916.0,916.0,916.0,2768.0,2768.0,2768.0,1575.0,1575.0,1575.0,916.0,916.0,916.0
1.0,6267.0,2775.0,2748.0,2688.0,4812.0,1604.0,1604.0,1604.0,916.0,916.0,916.0,925.0,925.0,925.0,2089.0,2089.0,2089.0,1604.0,1604.0,1604.0,916.0,916.0,916.0
1.0,6180.0,2757.0,2748.0,4725.0,2844.0,948.0,948.0,948.0,916.0,916.0,916.0,919.0,919.0,919.0,2060.0,2060.0,2060.0,948.0,948.0,948.0,916.0,916.0,916.0
1.0,8148.0,2775.0,2751.0,4812.0,819.0,273.0,273.0,273.0,917.0,917.0,917.0,925.0,925.0,925.0,2716.0,2716.0,2716.0,273.0,273.0,273.0,917.0,917.0,917.0
1.0,10185.0,2751.0,2751.0,2844.0,726.0,242.0,242.0,242.0,917.0,917.0,917.0,917.0,917.0,917.0,3395.0,3395.0,3395.0,242.0,242.0,242.0,917.0,917.0,917.0
1.0,10278.0,2811.0,2751.0,819.0,2718.0,906.0,906.0,906.0,917.0,917.0,917.0,937.0,937.0,937.0,3426.0,3426.0,3426.0,906.0,906.0,906.0,917.0,917.0,917.0
1.0,8286.0,2790.0,2754.0,726.0,4794.0,1598.0,1598.0,1598.0,918.0,918.0,918.0,930.0,930.0,930.0,2762.0,2762.0,2762.0,1598.0,1598.0,1598.0,918.0,918.0,918.0
1.0,6222.0,2709.0,2754.0,2718.0,4785.0,1595.0,1595.0,1595.0,918.0,918.0,918.0,903.0,903.0,903.0,2074.0,2074.0,2074.0,1595.0,1595.0,1595.0,918.0,918.0,918.0
1.0,6231.0,2745.0,2754.0,4794.0,2736.0,912.0,912.0,912.0,918.0,918.0,918.0,915.0,915.0,915.0,2077.0,2077.0,2077.0,912.0,912.0,912.0,918.0,918.0,918.0
1.0,8280.0,2745.0,2754.0,4785.0,696.0,232.0,232.0,232.0,918.0,918.0,918.0,915.0,915.0,915.0,2760.0,2760.0,2760.0,232.0,232.0,232.0,918.0,918.0,918.0
1.0,10320.0,2757.0,2754.0,2736.0,717.0,239.0,239.0,239.0,918.0,918.0,918.0,919.0,919.0,919.0,3440.0,3440.0,3440.0,239.0,239.0,239.0,918.0,918.0,918.0
1.0,10299.0,2706.0,2754.0,696.0,2727.0,909.0,909.0,909.0,918.0,918.0,918.0,902.0,902.0,902.0,3433.0,3433.0,3433.0,909.0,909.0,909.0,918.0,918.0,918.0
1.0,8289.0,2808.0,2754.0,717.0,4818.0,1606.0,1606.0,1606.0,918.0,918.0,918.0,936.0,936.0,936.0,2763.0,2763.0,2763.0,1606.0,1606.0,1606.0,918.0,918.0,918.0
1.0,6198.0,2805.0,2757.0,2727.0,4908.0,1636.0,1636.0,1636.0,919.0,919.0,919.0,935.0,935.0,935.0,2066.0,2066.0,2066.0,1636.0,1636.0,1636.0,919.0,919.0,919.0
1.0,6120.0,2790.0,2757.0,4818.0,2880.0,960.0,960.0,960.0,919.0,919.0,919.0,930.0,930.0,930.0,2040.0,2040.0,2040.0,960.0,960.0,960.0,919.0,919.0,919.0
1.0,8148.0,2829.0,2757.0,4908.0,801.0,267.0,267.0,267.0,919.0,919.0,919.0,943.0,943.0,943.0,2716.0,2716.0,2716.0,267.0,267.0,267.0,919.0,919.0,919.0
1.0,10227.0,2778.0,2757.0,2880.0,699.0,233.0,233.0,233.0,919.0,919.0,919.0,926.0,926.0,926.0,3409.0,3409.0,3409.0,233.0,233.0,233.0,919.0,919.0,919.0
1.0,10329.0,2808.0,2757.0,801.0,2706.0,902.0,902.0,902.0,919.0,919.0,919.0,936.0,936.0,936.0,3443.0,3443.0,3443.0,902.0,902.0,902.0,919.0,919.0,919.0
1.0,8322.0,2778.0,2760.0,699.0,4797.0,1599.0,1599.0,1599.0,920.0,920.0,920.0,926.0,926.0,926.0,2774.0,2774.0,2774.0,1599.0,1599.0,1599.0,920.0,920.0,920.0
1.0,6243.0,2805.0,2760.0,2706.0,4896.0,1632.0,1632.0,1632.0,920.0,920.0,920.0,935.0,935.0,935.0,2081.0,2081.0,2081.0,1632.0,1632.0,1632.0,920.0,920.0,920.0
1.0,6144.0,2793.0,2760.0,4797.0,2892.0,964.0,964.0,964.0,920.0,920.0,920.0,931.0,931.0,931.0,2048.0,2048.0,2048.0,964.0,964.0,964.0,920.0,920.0,920.0
1.0,8148.0,2808.0,2760.0,4896.0,804.0,268.0,268.0,268.0,920.0,920.0,920.0,936.0,936.0,936.0,2716.0,2716.0,2716.0,268.0,268.0,268.0,920.0,920.0,920.0
1.0,10236.0,2772.0,2763.0,2892.0,696.0,232.0,232.0,232.0,921.0,921.0,921.0,924.0,924.0,924.0,3412.0,3412.0,3412.0,232.0,232.0,232.0,921.0,921.0,921.0
1.0,10356.0,2796.0,2763.0,804.0,2688.0,896.0,896.0,896.0,921.0,921.0,921.0,932.0,932.0,932.0,3452.0,3452.0,3452.0,896.0,896.0,896.0,921.0,921.0,921.0
1.0,8364.0,2823.0,2766.0,696.0,4827.0,1609.0,1609.0,1609.0,922.0,922.0,922.0,941.0,941.0,941.0,2788.0,2788.0,2788.0,1609.0,1609.0,1609.0,922.0,922.0,922.0
1.0,6237.0,2778.0,2766.0,2688.0,4917.0,1639.0,1639.0,1639.0,922.0,922.0,922.0,926.0,926.0,926.0,2079.0,2079.0,2079.0,1639.0,1639.0,1639.0,922.0,922.0,922.0
1.0,6147.0,2775.0,2766.0,4827.0,2865.0,955.0,955.0,955.0,922.0,922.0,922.0,925.0,925.0,925.0,2049.0,2049.0,2049.0,955.0,955.0,955.0,922.0,922.0,922.0
1.0,8199.0,2760.0,2766.0,4917.0,708.0,236.0,236.0,236.0,922.0,922.0,922.0,920.0,920.0,920.0,2733.0,2733.0,2733.0,236.0,236.0,236.0,922.0,922.0,922.0
1.0,10356.0,2775.0,2766.0,2865.0,618.0,206.0,206.0,206.0,922.0,922.0,922.0,925.0,925.0,925.0,3452.0,3452.0,3452.0,206.0,206.0,206.0,922.0,922.0,922.0
1.0,10446.0,2781.0,2766.0,708.0,2691.0,897.0,897.0,897.0,922.0,922.0,922.0,927.0,927.0,927.0,3482.0,3482.0,3482.0,897.0,897.0,897.0,922.0,922.0,922.0
1.0,8373.0,2787.0,2766.0,618.0,4860.0,1620.0,1620.0,1620.0,922.0,922.0,922.0,929.0,929.0,929.0,2791.0,2791.0,2791.0,1620.0,1620.0,1620.0,922.0,922.0,922.0
1.0,6204.0,2805.0,2766.0,2691.0,4974.0,1658.0,1658.0,1658.0,922.0,922.0,922.0,935.0,935.0,935.0,2068.0,2068.0,2068.0,1658.0,1658.0,1658.0,922.0,922.0,922.0
1.0,6090.0,2781.0,2769.0,4860.0,2907.0,969.0,969.0,969.0,923.0,923.0,923.0,927.0,927.0,927.0,2030.0,2030.0,2030.0,969.0,969.0,969.0,923.0,923.0,923.0
1.0,8169.0,2820.0,2769.0,4974.0,753.0,251.0,251.0,251.0,923.0,923.0,923.0,940.0,940.0,940.0,2723.0,2723.0,2723.0,251.0,251.0,251.0,923.0,923.0,923.0
1.0,10323.0,2799.0,2769.0,2907.0,645.0,215.0,215.0,215.0,923.0,923.0,923.0,933.0,933.0,933.0,3441.0,3441.0,3441.0,215.0,215.0,215.0,923.0,923.0,923.0
1.0,10431.0,2772.0,2769.0,753.0,2664.0,888.0,888.0,888.0,923.0,923.0,923.0,924.0,924.0,924.0,3477.0,3477.0,3477.0,888.0,888.0,888.0,923.0,923.0,923.0
1.0,8412.0,2751.0,2769.0,645.0,4770.0,1590.0,1590.0,1590.0,923.0,923.0,923.0,917.0,917.0,917.0,2804.0,2804.0,2804.0,1590.0,1590.0,1590.0,923.0,923.0,923.0
1.0,6306.0,2769.0,2772.0,2664.0,4887.0,1629.0,1629.0,1629.0,924.0,924.0,924.0,923.0,923.0,923.0,2102.0,2102.0,2102.0,1629.0,1629.0,1629.0,924.0,924.0,924.0
1.0,6201.0,2763.0,2772.0,4770.0,2880.0,960.0,960.0,960.0,924.0,924.0,924.0,921.0,921.0,921.0,2067.0,2067.0,2067.0,960.0,960.0,960.0,924.0,924.0,924.0
1.0,8208.0,2763.0,2772.0,4887.0,756.0,252.0,252.0,252.0,924.0,924.0,924.0,921.0,921.0,921.0,2736.0,2736.0,2736.0,252.0,252.0,252.0,924.0,924.0,924.0
1.0,10332.0,2787.0,2772.0,2880.0,663.0,221.0,221.0,221.0,924.0,924.0,924.0,929.0,929.0,929.0,3444.0,3444.0,3444.0,221.0,221.0,221.0,924.0,924.0,924.0
1.0,10425.0,2745.0,2772.0,756.0,2652.0,884.0,884.0,884.0,924.0,924.0,924.0,915.0,915.0,915.0,3475.0,3475.0,3475.0,884.0,884.0,884.0,924.0,924.0,924.0
1.0,8436.0,2766.0,2772.0,663.0,4755.0,1585.0,1585.0,1585.0,924.0,924.0,924.0,922.0,922.0,922.0,2812.0,2812.0,2812.0,1585.0,1585.0,1585.0,924.0,924.0,924.0
1.0,6333.0,2760.0,2772.0,2652.0,4863.0,1621.0,1621.0,1621.0,924.0,924.0,924.0,920.0,920.0,920.0,2111.0,2111.0,2111.0,1621.0,1621.0,1621.0,924.0,924.0,924.0
1.0,6225.0,2757.0,2772.0,4755.0,2865.0,955.0,955.0,955.0,924.0,924.0,924.0,919.0,919.0,919.0,2075.0,2075.0,2075.0,955.0,955.0,955.0,924.0,924.0,924.0
1.0,8223.0,2775.0,2775.0,4863.0,789.0,263.0,263.0,263.0,925.0,925.0,925.0,925.0,925.0,925.0,2741.0,2741.0,2741.0,263.0,263.0,263.0,925.0,925.0,925.0
1.0,10311.0,2802.0,2775.0,2865.0,726.0,242.0,242.0,242.0,925.0,925.0,925.0,934.0,934.0,934.0,3437.0,3437.0,3437.0,242.0,242.0,242.0,925.0,925.0,925.0
1.0,10374.0,2790.0,2775.0,789.0,2727.0,909.0,909.0,909.0,925.0,925.0,925.0,930.0,930.0,930.0,3458.0,3458.0,3458.0,909.0,909.0,909.0,925.0,925.0,925.0
1.0,8373.0,2823.0,2778.0,726.0,4836.0,1612.0,1612.0,1612.0,926.0,926.0,926.0,941.0,941.0,941.0,2791.0,2791.0,2791.0,1612.0,1612.0,1612.0,926.0,926.0,926.0
1.0,6276.0,2736.0,2778.0,2727.0,4845.0,1615.0,1615.0,1615.0,926.0,926.0,926.0,912.0,912.0,912.0,2092.0,2092.0,2092.0,1615.0,1615.0,1615.0,926.0,926.0,926.0
1.0,6267.0,2796.0,2778.0,4836.0,2805.0,935.0,935.0,935.0,926.0,926.0,926.0,932.0,932.0,932.0,2089.0,2089.0,2089.0,935.0,935.0,935.0,926.0,926.0,926.0
1.0,8307.0,2820.0,2778.0,4845.0,780.0,260.0,260.0,260.0,926.0,926.0,926.0,940.0,940.0,940.0,2769.0,2769.0,2769.0,260.0,260.0,260.0,926.0,926.0,926.0
1.0,10332.0,2775.0,2778.0,2805.0,750.0,250.0,250.0,250.0,926.0,926.0,926.0,925.0,925.0,925.0,3444.0,3444.0,3444.0,250.0,250.0,250.0,926.0,926.0,926.0
1.0,10362.0,2757.0,2778.0,780.0,2727.0,909.0,909.0,909.0,926.0,926.0,926.0,919.0,919.0,919.0,3454.0,3454.0,3454.0,909.0,909.0,909.0,926.0,926.0,926.0
1.0,8385.0,2784.0,2778.0,750.0,4761.0,1587.0,1587.0,1587.0,926.0,926.0,926.0,928.0,928.0,928.0,2795.0,2795.0,2795.0,1587.0,1587.0,1587.0,926.0,926.0,926.0
1.0,6351.0,2829.0,2781.0,2727.0,4875.0,1625.0,1625.0,1625.0,927.0,927.0,927.0,943.0,943.0,943.0,2117.0,2117.0,2117.0,1625.0,1625.0,1625.0,927.0,927.0,927.0
1.0,6249.0,2787.0,2781.0,4761.0,2901.0,967.0,967.0,967.0,927.0,927.0,927.0,929.0,929.0,929.0,2083.0,2083.0,2083.0,967.0,967.0,967.0,927.0,927.0,927.0
1.0,8223.0,2868.0,2781.0,4875.0,894.0,298.0,298.0,298.0,927.0,927.0,927.0,956.0,956.0,956.0,2741.0,2741.0,2741.0,298.0,298.0,298.0,927.0,927.0,927.0
1.0,10230.0,2793.0,2781.0,2901.0,786.0,262.0,262.0,262.0,927.0,927.0,927.0,931.0,931.0,931.0,3410.0,3410.0,3410.0,262.0,262.0,262.0,927.0,927.0,927.0
1.0,10338.0,2787.0,2784.0,894.0,2691.0,897.0,897.0,897.0,928.0,928.0,928.0,929.0,929.0,929.0,3446.0,3446.0,3446.0,897.0,897.0,897.0,928.0,928.0,928.0
1.0,8445.0,2796.0,2784.0,786.0,4701.0,1567.0,1567.0,1567.0,928.0,928.0,928.0,932.0,932.0,932.0,2815.0,2815.0,2815.0,1567.0,1567.0,1567.0,928.0,928.0,928.0
1.0,6435.0,2784.0,2787.0,2691.0,4806.0,1602.0,1602.0,1602.0,929.0,929.0,929.0,928.0,928.0,928.0,2145.0,2145.0,2145.0,1602.0,1602.0,1602.0,929.0,929.0,929.0
1.0,6342.0,2802.0,2787.0,4701.0,2907.0,969.0,969.0,969.0,929.0,929.0,929.0,934.0,934.0,934.0,2114.0,2114.0,2114.0,969.0,969.0,969.0,929.0,929.0,929.0
1.0,8241.0,2814.0,2790.0,4806.0,927.0,309.0,309.0,309.0,930.0,930.0,930.0,938.0,938.0,938.0,2747.0,2747.0,2747.0,309.0,309.0,309.0,930.0,930.0,930.0
1.0,10233.0,2826.0,2790.0,2907.0,846.0,282.0,282.0,282.0,930.0,930.0,930.0,942.0,942.0,942.0,3411.0,3411.0,3411.0,282.0,282.0,282.0,930.0,930.0,930.0
1.0,10314.0,2820.0,2790.0,927.0,2739.0,913.0,913.0,913.0,930.0,930.0,930.0,940.0,940.0,940.0,3438.0,3438.0,3438.0,913.0,913.0,913.0,930.0,930.0,930.0
1.0,8421.0,2766.0,2790.0,846.0,4659.0,1553.0,1553.0,1553.0,930.0,930.0,930.0,922.0,922.0,922.0,2807.0,2807.0,2807.0,1553.0,1553.0,1553.0,930.0,930.0,930.0
1.0,6501.0,2793.0,2787.0,2739.0,4701.0,1567.0,1567.0,1567.0,929.0,929.0,929.0,931.0,931.0,931.0,2167.0,2167.0,2167.0,1567.0,1567.0,1567.0,929.0,929.0,929.0
1.0,6447.0,2844.0,2790.0,4659.0,2898.0,966.0,966.0,966.0,930.0,930.0,930.0,948.0,948.0,948.0,2149.0,2149.0,2149.0,966.0,966.0,966.0,930.0,930.0,930.0
1.0,8262.0,2811.0,2790.0,4701.0,1008.0,336.0,336.0,336.0,930.0,930.0,930.0,937.0,937.0,937.0,2754.0,2754.0,2754.0,336.0,336.0,336.0,930.0,930.0,930.0
1.0,10152.0,2814.0,2790.0,2898.0,924.0,308.0,308.0,308.0,930.0,930.0,930.0,938.0,938.0,938.0,3384.0,3384.0,3384.0,308.0,308.0,308.0,930.0,930.0,930.0
1.0,10236.0,2814.0,2790.0,1008.0,2730.0,910.0,910.0,910.0,930.0,930.0,930.0,938.0,938.0,938.0,3412.0,3412.0,3412.0,910.0,910.0,910.0,930.0,930.0,930.0
1.0,8430.0,2856.0,2790.0,924.0,4662.0,1554.0,1554.0,1554.0,930.0,930.0,930.0,952.0,952.0,952.0,2810.0,2810.0,2810.0,1554.0,1554.0,1554.0,930.0,930.0,930.0
1.0,6498.0,2859.0,2793.0,2730.0,4803.0,1601.0,1601.0,1601.0,931.0,931.0,931.0,953.0,953.0,953.0,2166.0,2166.0,2166.0,1601.0,1601.0,1601.0,931.0,931.0,931.0
1.0,6369.0,2880.0,2796.0,4662.0,3033.0,1011.0,1011.0,1011.0,932.0,932.0,932.0,960.0,960.0,960.0,2123.0,2123.0,2123.0,1011.0,1011.0,1011.0,932.0,932.0,932.0
1.0,8151.0,2862.0,2796.0,4803.0,1092.0,364.0,364.0,364.0,932.0,932.0,932.0,954.0,954.0,954.0,2717.0,2717.0,2717.0,364.0,364.0,364.0,932.0,932.0,932.0
1.0,10092.0,2829.0,2796.0,3033.0,888.0,296.0,296.0,296.0,932.0,932.0,932.0,943.0,943.0,943.0,3364.0,3364.0,3364.0,296.0,296.0,296.0,932.0,932.0,932.0
1.0,10296.0,2793.0,2796.0,1092.0,2589.0,863.0,863.0,863.0,932.0,932.0,932.0,931.0,931.0,931.0,3432.0,3432.0,3432.0,863.0,863.0,863.0,932.0,932.0,932.0
1.0,8595.0,2850.0,2799.0,888.0,4563.0,1521.0,1521.0,1521.0,933.0,933.0,933.0,950.0,950.0,950.0,2865.0,2865.0,2865.0,1521.0,1521.0,1521.0,933.0,933.0,933.0
1.0,6633.0,2811.0,2799.0,2589.0,4785.0,1595.0,1595.0,1595.0,933.0,933.0,933.0,937.0,937.0,937.0,2211.0,2211.0,2211.0,1595.0,1595.0,1595.0,933.0,933.0,933.0
1.0,6411.0,2820.0,2799.0,4563.0,3042.0,1014.0,1014.0,1014.0,933.0,933.0,933.0,940.0,940.0,940.0,2137.0,2137.0,2137.0,1014.0,1014.0,1014.0,933.0,933.0,933.0
1.0,8154.0,2841.0,2802.0,4785.0,1110.0,370.0,370.0,370.0,934.0,934.0,934.0,947.0,947.0,947.0,2718.0,2718.0,2718.0,370.0,370.0,370.0,934.0,934.0,934.0
1.0,10098.0,2817.0,2802.0,3042.0,885.0,295.0,295.0,295.0,934.0,934.0,934.0,939.0,939.0,939.0,3366.0,3366.0,3366.0,295.0,295.0,295.0,934.0,934.0,934.0
1.0,10323.0,2787.0,2802.0,1110.0,2562.0,854.0,854.0,854.0,934.0,934.0,934.0,929.0,929.0,929.0,3441.0,3441.0,3441.0,854.0,854.0,854.0,934.0,934.0,934.0
1.0,8646.0,2826.0,2802.0,885.0,4503.0,1501.0,1501.0,1501.0,934.0,934.0,934.0,942.0,942.0,942.0,2882.0,2882.0,2882.0,1501.0,1501.0,1501.0,934.0,934.0,934.0
1.0,6705.0,2793.0,2802.0,2562.0,4734.0,1578.0,1578.0,1578.0,934.0,934.0,934.0,931.0,931.0,931.0,2235.0,2235.0,2235.0,1578.0,1578.0,1578.0,934.0,934.0,934.0
1.0,6474.0,2772.0,2802.0,4503.0,3003.0,1001.0,1001.0,1001.0,934.0,934.0,934.0,924.0,924.0,924.0,2158.0,2158.0,2158.0,1001.0,1001.0,1001.0,934.0,934.0,934.0
1.0,8205.0,2772.0,2802.0,4734.0,1041.0,347.0,347.0,347.0,934.0,934.0,934.0,924.0,924.0,924.0,2735.0,2735.0,2735.0,347.0,347.0,347.0,934.0,934.0,934.0
1.0,10167.0,2835.0,2802.0,3003.0,873.0,291.0,291.0,291.0,934.0,934.0,934.0,945.0,945.0,945.0,3389.0,3389.0,3389.0,291.0,291.0,291.0,934.0,934.0,934.0
1.0,10335.0,2859.0,2805.0,1041.0,2703.0,901.0,901.0,901.0,935.0,935.0,935.0,953.0,953.0,953.0,3445.0,3445.0,3445.0,901.0,901.0,901.0,935.0,935.0,935.0
1.0,8517.0,2766.0,2805.0,873.0,4596.0,1532.0,1532.0,1532.0,935.0,935.0,935.0,922.0,922.0,922.0,2839.0,2839.0,2839.0,1532.0,1532.0,1532.0,935.0,935.0,935.0
1.0,6624.0,2841.0,2805.0,2703.0,4734.0,1578.0,1578.0,1578.0,935.0,935.0,935.0,947.0,947.0,947.0,2208.0,2208.0,2208.0,1578.0,1578.0,1578.0,935.0,935.0,935.0
1.0,6486.0,2784.0,2805.0,4596.0,2922.0,974.0,974.0,974.0,935.0,935.0,935.0,928.0,928.0,928.0,2162.0,2162.0,2162.0,974.0,974.0,974.0,935.0,935.0,935.0
1.0,8298.0,2832.0,2808.0,4734.0,1032.0,344.0,344.0,344.0,936.0,936.0,936.0,944.0,944.0,944.0,2766.0,2766.0,2766.0,344.0,344.0,344.0,936.0,936.0,936.0
1.0,10200.0,2808.0,2808.0,2922.0,918.0,306.0,306.0,306.0,936.0,936.0,936.0,936.0,936.0,936.0,3400.0,3400.0,3400.0,306.0,306.0,306.0,936.0,936.0,936.0
1.0,10314.0,2805.0,2808.0,1032.0,2691.0,897.0,897.0,897.0,936.0,936.0,936.0,935.0,935.0,935.0,3438.0,3438.0,3438.0,897.0,897.0,897.0,936.0,936.0,936.0
1.0,8541.0,2799.0,2811.0,918.0,4584.0,1528.0,1528.0,1528.0,937.0,937.0,937.0,933.0,933.0,933.0,2847.0,2847.0,2847.0,1528.0,1528.0,1528.0,937.0,937.0,937.0
1.0,6660.0,2868.0,2811.0,2691.0,4761.0,1587.0,1587.0,1587.0,937.0,937.0,937.0,956.0,956.0,956.0,2220.0,2220.0,2220.0,1587.0,1587.0,1587.0,937.0,937.0,937.0
1.0,6483.0,2793.0,2811.0,4584.0,2970.0,990.0,990.0,990.0,937.0,937.0,937.0,931.0,931.0,931.0,2161.0,2161.0,2161.0,990.0,990.0,990.0,937.0,937.0,937.0
1.0,8274.0,2751.0,2811.0,4761.0,960.0,320.0,320.0,320.0,937.0,937.0,937.0,917.0,917.0,917.0,2758.0,2758.0,2758.0,320.0,320.0,320.0,937.0,937.0,937.0
1.0,10284.0,2805.0,2811.0,2970.0,795.0,265.0,265.0,265.0,937.0,937.0,937.0,935.0,935.0,935.0,3428.0,3428.0,3428.0,265.0,265.0,265.0,937.0,937.0,937.0
1.0,10449.0,2766.0,2811.0,960.0,2601.0,867.0,867.0,867.0,937.0,937.0,937.0,922.0,922.0,922.0,3483.0,3483.0,3483.0,867.0,867.0,867.0,937.0,937.0,937.0
1.0,8643.0,2802.0,2811.0,795.0,4608.0,1536.0,1536.0,1536.0,937.0,937.0,937.0,934.0,934.0,934.0,2881.0,2881.0,2881.0,1536.0,1536.0,1536.0,937.0,937.0,937.0
1.0,6636.0,2820.0,2811.0,2601.0,4827.0,1609.0,1609.0,1609.0,937.0,937.0,937.0,940.0,940.0,940.0,2212.0,2212.0,2212.0,1609.0,1609.0,1609.0,937.0,937.0,937.0
1.0,6417.0,2808.0,2811.0,4608.0,3027.0,1009.0,1009.0,1009.0,937.0,937.0,937.0,936.0,936.0,936.0,2139.0,2139.0,2139.0,1009.0,1009.0,1009.0,937.0,937.0,937.0
1.0,8217.0,2811.0,2814.0,4827.0,1023.0,341.0,341.0,341.0,938.0,938.0,938.0,937.0,937.0,937.0,2739.0,2739.0,2739.0,341.0,341.0,341.0,938.0,938.0,938.0
1.0,10233.0,2835.0,2814.0,3027.0,831.0,277.0,277.0,277.0,938.0,938.0,938.0,945.0,945.0,945.0,3411.0,3411.0,3411.0,277.0,277.0,277.0,938.0,938.0,938.0
1.0,10425.0,2805.0,2814.0,1023.0,2613.0,871.0,871.0,871.0,938.0,938.0,938.0,935.0,935.0,935.0,3475.0,3475.0,3475.0,871.0,871.0,871.0,938.0,938.0,938.0
1.0,8643.0,2862.0,2814.0,831.0,4644.0,1548.0,1548.0,1548.0,938.0,938.0,938.0,954.0,954.0,954.0,2881.0,2881.0,2881.0,1548.0,1548.0,1548.0,938.0,938.0,938.0
1.0,6612.0,2817.0,2814.0,2613.0,4848.0,1616.0,1616.0,1616.0,938.0,938.0,938.0,939.0,939.0,939.0,2204.0,2204.0,2204.0,1616.0,1616.0,1616.0,938.0,938.0,938.0
1.0,6408.0,2823.0,2814.0,4644.0,3027.0,1009.0,1009.0,1009.0,938.0,938.0,938.0,941.0,941.0,941.0,2136.0,2136.0,2136.0,1009.0,1009.0,1009.0,938.0,938.0,938.0
1.0,8229.0,2844.0,2814.0,4848.0,1023.0,341.0,341.0,341.0,938.0,938.0,938.0,948.0,948.0,948.0,2743.0,2743.0,2743.0,341.0,341.0,341.0,938.0,938.0,938.0
1.0,10233.0,2826.0,2817.0,3027.0,834.0,278.0,278.0,278.0,939.0,939.0,939.0,942.0,942.0,942.0,3411.0,3411.0,3411.0,278.0,278.0,278.0,939.0,939.0,939.0
1.0,10434.0,2802.0,2817.0,1023.0,2613.0,871.0,871.0,871.0,939.0,939.0,939.0,934.0,934.0,934.0,3478.0,3478.0,3478.0,871.0,871.0,871.0,939.0,939.0,939.0
1.0,8655.0,2823.0,2817.0,834.0,4602.0,1534.0,1534.0,1534.0,939.0,939.0,939.0,941.0,941.0,941.0,2885.0,2885.0,2885.0,1534.0,1534.0,1534.0,939.0,939.0,939.0
1.0,6666.0,2802.0,2817.0,2613.0,4791.0,1597.0,1597.0,1597.0,939.0,939.0,939.0,934.0,934.0,934.0,2222.0,2222.0,2222.0,1597.0,1597.0,1597.0,939.0,939.0,939.0
1.0,6477.0,2841.0,2817.0,4602.0,3030.0,1010.0,1010.0,1010.0,939.0,939.0,939.0,947.0,947.0,947.0,2159.0,2159.0,2159.0,1010.0,1010.0,1010.0,939.0,939.0,939.0
1.0,8238.0,2820.0,2817.0,4791.0,1059.0,353.0,353.0,353.0,939.0,939.0,939.0,940.0,940.0,940.0,2746.0,2746.0,2746.0,353.0,353.0,353.0,939.0,939.0,939.0
1.0,10209.0,2856.0,2817.0,3030.0,885.0,295.0,295.0,295.0,939.0,939.0,939.0,952.0,952.0,952.0,3403.0,3403.0,3403.0,295.0,295.0,295.0,939.0,939.0,939.0
1.0,10383.0,2760.0,2817.0,1059.0,2586.0,862.0,862.0,862.0,939.0,939.0,939.0,920.0,920.0,920.0,3461.0,3461.0,3461.0,862.0,862.0,862.0,939.0,939.0,939.0
1.0,8682.0,2853.0,2817.0,885.0,4554.0,1518.0,1518.0,1518.0,939.0,939.0,939.0,951.0,951.0,951.0,2894.0,2894.0,2894.0,1518.0,1518.0,1518.0,939.0,939.0,939.0
1.0,6714.0,2853.0,2820.0,2586.0,4833.0,1611.0,1611.0,1611.0,940.0,940.0,940.0,951.0,951.0,951.0,2238.0,2238.0,2238.0,1611.0,1611.0,1611.0,940.0,940.0,940.0
1.0,6447.0,2775.0,2817.0,4554.0,3042.0,1014.0,1014.0,1014.0,939.0,939.0,939.0,925.0,925.0,925.0,2149.0,2149.0,2149.0,1014.0,1014.0,1014.0,939.0,939.0,939.0
1.0,8226.0,2853.0,2820.0,4833.0,1074.0,358.0,358.0,358.0,940.0,940.0,940.0,951.0,951.0,951.0,2742.0,2742.0,2742.0,358.0,358.0,358.0,940.0,940.0,940.0
1.0,10206.0,2844.0,2817.0,3042.0,864.0,288.0,288.0,288.0,939.0,939.0,939.0,948.0,948.0,948.0,3402.0,3402.0,3402.0,288.0,288.0,288.0,939.0,939.0,939.0
1.0,10404.0,2853.0,2817.0,1074.0,2643.0,881.0,881.0,881.0,939.0,939.0,939.0,951.0,951.0,951.0,3468.0,3468.0,3468.0,881.0,881.0,881.0,939.0,939.0,939.0
1.0,8625.0,2871.0,2817.0,864.0,4650.0,1550.0,1550.0,1550.0,939.0,939.0,939.0,957.0,957.0,957.0,2875.0,2875.0,2875.0,1550.0,1550.0,1550.0,939.0,939.0,939.0
1.0,6618.0,2892.0,2820.0,2643.0,4911.0,1637.0,1637.0,1637.0,940.0,940.0,940.0,964.0,964.0,964.0,2206.0,2206.0,2206.0,1637.0,1637.0,1637.0,940.0,940.0,940.0
1.0,6369.0,2799.0,2817.0,4650.0,3048.0,1016.0,1016.0,1016.0,939.0,939.0,939.0,933.0,933.0,933.0,2123.0,2123.0,2123.0,1016.0,1016.0,1016.0,939.0,939.0,939.0
1.0,8220.0,2859.0,2820.0,4911.0,1008.0,336.0,336.0,336.0,940.0,940.0,940.0,953.0,953.0,953.0,2740.0,2740.0,2740.0,336.0,336.0,336.0,940.0,940.0,940.0
1.0,10272.0,2829.0,2820.0,3048.0,789.0,263.0,263.0,263.0,940.0,940.0,940.0,943.0,943.0,943.0,3424.0,3424.0,3424.0,263.0,263.0,263.0,940.0,940.0,940.0
1.0,10491.0,2874.0,2820.0,1008.0,2655.0,885.0,885.0,885.0,940.0,940.0,940.0,958.0,958.0,958.0,3497.0,3497.0,3497.0,885.0,885.0,885.0,940.0,940.0,940.0
1.0,8625.0,2799.0,2820.0,789.0,4665.0,1555.0,1555.0,1555.0,940.0,940.0,940.0,933.0,933.0,933.0,2875.0,2875.0,2875.0,1555.0,1555.0,1555.0,940.0,940.0,940.0
1.0,6615.0,2790.0,2820.0,2655.0,4800.0,1600.0,1600.0,1600.0,940.0,940.0,940.0,930.0,930.0,930.0,2205.0,2205.0,2205.0,1600.0,1600.0,1600.0,940.0,940.0,940.0
1.0,6480.0,2856.0,2820.0,4665.0,2991.0,997.0,997.0,997.0,940.0,940.0,940.0,952.0,952.0,952.0,2160.0,2160.0,2160.0,997.0,997.0,997.0,940.0,940.0,940.0
1.0,8289.0,2847.0,2820.0,4800.0,1038.0,346.0,346.0,346.0,940.0,940.0,940.0,949.0,949.0,949.0,2763.0,2763.0,2763.0,346.0,346.0,346.0,940.0,940.0,940.0
1.0,10242.0,2871.0,2823.0,2991.0,930.0,310.0,310.0,310.0,941.0,941.0,941.0,957.0,957.0,957.0,3414.0,3414.0,3414.0,310.0,310.0,310.0,941.0,941.0,941.0
1.0,10362.0,2889.0,2823.0,1038.0,2781.0,927.0,927.0,927.0,941.0,941.0,941.0,963.0,963.0,963.0,3454.0,3454.0,3454.0,927.0,927.0,927.0,941.0,941.0,941.0
1.0,8511.0,2856.0,2826.0,930.0,4719.0,1573.0,1573.0,1573.0,942.0,942.0,942.0,952.0,952.0,952.0,2837.0,2837.0,2837.0,1573.0,1573.0,1573.0,942.0,942.0,942.0
1.0,6585.0,2892.0,2826.0,2781.0,4830.0,1610.0,1610.0,1610.0,942.0,942.0,942.0,964.0,964.0,964.0,2195.0,2195.0,2195.0,1610.0,1610.0,1610.0,942.0,942.0,942.0
1.0,6474.0,2832.0,2826.0,4719.0,2943.0,981.0,981.0,981.0,942.0,942.0,942.0,944.0,944.0,944.0,2158.0,2158.0,2158.0,981.0,981.0,981.0,942.0,942.0,942.0
1.0,8361.0,2823.0,2826.0,4830.0,936.0,312.0,312.0,312.0,942.0,942.0,942.0,941.0,941.0,941.0,2787.0,2787.0,2787.0,312.0,312.0,312.0,942.0,942.0,942.0
1.0,10368.0,2850.0,2829.0,2943.0,855.0,285.0,285.0,285.0,943.0,943.0,943.0,950.0,950.0,950.0,3456.0,3456.0,3456.0,285.0,285.0,285.0,943.0,943.0,943.0
1.0,10461.0,2811.0,2829.0,936.0,2730.0,910.0,910.0,910.0,943.0,943.0,943.0,937.0,937.0,937.0,3487.0,3487.0,3487.0,910.0,910.0,910.0,943.0,943.0,943.0
1.0,8586.0,2820.0,2829.0,855.0,4695.0,1565.0,1565.0,1565.0,943.0,943.0,943.0,940.0,940.0,940.0,2862.0,2862.0,2862.0,1565.0,1565.0,1565.0,943.0,943.0,943.0
1.0,6621.0,2844.0,2829.0,2730.0,4809.0,1603.0,1603.0,1603.0,943.0,943.0,943.0,948.0,948.0,948.0,2207.0,2207.0,2207.0,1603.0,1603.0,1603.0,943.0,943.0,943.0
1.0,6507.0,2883.0,2829.0,4695.0,2997.0,999.0,999.0,999.0,943.0,943.0,943.0,961.0,961.0,961.0,2169.0,2169.0,2169.0,999.0,999.0,999.0,943.0,943.0,943.0
1.0,8319.0,2823.0,2829.0,4809.0,1011.0,337.0,337.0,337.0,943.0,943.0,943.0,941.0,941.0,941.0,2773.0,2773.0,2773.0,337.0,337.0,337.0,943.0,943.0,943.0
1.0,10305.0,2847.0,2832.0,2997.0,873.0,291.0,291.0,291.0,944.0,944.0,944.0,949.0,949.0,949.0,3435.0,3435.0,3435.0,291.0,291.0,291.0,944.0,944.0,944.0
1.0,10455.0,2850.0,2832.0,1011.0,2712.0,904.0,904.0,904.0,944.0,944.0,944.0,950.0,950.0,950.0,3485.0,3485.0,3485.0,904.0,904.0,904.0,944.0,944.0,944.0
1.0,8616.0,2805.0,2832.0,873.0,4644.0,1548.0,1548.0,1548.0,944.0,944.0,944.0,935.0,935.0,935.0,2872.0,2872.0,2872.0,1548.0,1548.0,1548.0,944.0,944.0,944.0
1.0,6684.0,2802.0,2832.0,2712.0,4734.0,1578.0,1578.0,1578.0,944.0,944.0,944.0,934.0,934.0,934.0,2228.0,2228.0,2228.0,1578.0,1578.0,1578.0,944.0,944.0,944.0
1.0,6594.0,2751.0,2832.0,4644.0,2841.0,947.0,947.0,947.0,944.0,944.0,944.0,917.0,917.0,917.0,2198.0,2198.0,2198.0,947.0,947.0,947.0,944.0,944.0,944.0
1.0,8487.0,2853.0,2832.0,4734.0,960.0,320.0,320.0,320.0,944.0,944.0,944.0,951.0,951.0,951.0,2829.0,2829.0,2829.0,320.0,320.0,320.0,944.0,944.0,944.0
1.0,10368.0,2820.0,2832.0,2841.0,939.0,313.0,313.0,313.0,944.0,944.0,944.0,940.0,940.0,940.0,3456.0,3456.0,3456.0,313.0,313.0,313.0,944.0,944.0,944.0
1.0,10389.0,2826.0,2832.0,960.0,2805.0,935.0,935.0,935.0,944.0,944.0,944.0,942.0,942.0,942.0,3463.0,3463.0,3463.0,935.0,935.0,935.0,944.0,944.0,944.0
1.0,8523.0,2838.0,2835.0,939.0,4716.0,1572.0,1572.0,1572.0,945.0,945.0,945.0,946.0,946.0,946.0,2841.0,2841.0,2841.0,1572.0,1572.0,1572.0,945.0,945.0,945.0
1.0,6624.0,2811.0,2835.0,2805.0,4722.0,1574.0,1574.0,1574.0,945.0,945.0,945.0,937.0,937.0,937.0,2208.0,2208.0,2208.0,1574.0,1574.0,1574.0,945.0,945.0,945.0
1.0,6618.0,2811.0,2832.0,4716.0,2805.0,935.0,935.0,935.0,944.0,944.0,944.0,937.0,937.0,937.0,2206.0,2206.0,2206.0,935.0,935.0,935.0,944.0,944.0,944.0
1.0,8523.0,2865.0,2835.0,4722.0,960.0,320.0,320.0,320.0,945.0,945.0,945.0,955.0,955.0,955.0,2841.0,2841.0,2841.0,320.0,320.0,320.0,945.0,945.0,945.0
1.0,10380.0,2808.0,2832.0,2805.0,951.0,317.0,317.0,317.0,944.0,944.0,944.0,936.0,936.0,936.0,3460.0,3460.0,3460.0,317.0,317.0,317.0,944.0,944.0,944.0
1.0,10377.0,2892.0,2835.0,960.0,2895.0,965.0,965.0,965.0,945.0,945.0,945.0,964.0,964.0,964.0,3459.0,3459.0,3459.0,965.0,965.0,965.0,945.0,945.0,945.0
1.0,8445.0,2823.0,2835.0,951.0,4767.0,1589.0,1589.0,1589.0,945.0,945.0,945.0,941.0,941.0,941.0,2815.0,2815.0,2815.0,1589.0,1589.0,1589.0,945.0,945.0,945.0
1.0,6573.0,2841.0,2835.0,2895.0,4713.0,1571.0,1571.0,1571.0,945.0,945.0,945.0,947.0,947.0,947.0,2191.0,2191.0,2191.0,1571.0,1571.0,1571.0,945.0,945.0,945.0
1.0,6627.0,2850.0,2835.0,4767.0,2796.0,932.0,932.0,932.0,945.0,945.0,945.0,950.0,950.0,950.0,2209.0,2209.0,2209.0,932.0,932.0,932.0,945.0,945.0,945.0
1.0,8544.0,2829.0,2835.0,4713.0,912.0,304.0,304.0,304.0,945.0,945.0,945.0,943.0,943.0,943.0,2848.0,2848.0,2848.0,304.0,304.0,304.0,945.0,945.0,945.0
1.0,10428.0,2889.0,2838.0,2796.0,1017.0,339.0,339.0,339.0,946.0,946.0,946.0,963.0,963.0,963.0,3476.0,3476.0,3476.0,339.0,339.0,339.0,946.0,946.0,946.0
1.0,10335.0,2832.0,2838.0,912.0,2937.0,979.0,979.0,979.0,946.0,946.0,946.0,944.0,944.0,944.0,3445.0,3445.0,3445.0,979.0,979.0,979.0,946.0,946.0,946.0
1.0,8415.0,2865.0,2838.0,1017.0,4785.0,1595.0,1595.0,1595.0,946.0,946.0,946.0,955.0,955.0,955.0,2805.0,2805.0,2805.0,1595.0,1595.0,1595.0,946.0,946.0,946.0
1.0,6567.0,2847.0,2838.0,2937.0,4695.0,1565.0,1565.0,1565.0,946.0,946.0,946.0,949.0,949.0,949.0,2189.0,2189.0,2189.0,1565.0,1565.0,1565.0,946.0,946.0,946.0
1.0,6657.0,2877.0,2838.0,4785.0,2787.0,929.0,929.0,929.0,946.0,946.0,946.0,959.0,959.0,959.0,2219.0,2219.0,2219.0,929.0,929.0,929.0,946.0,946.0,946.0
1.0,8565.0,2883.0,2841.0,4695.0,987.0,329.0,329.0,329.0,947.0,947.0,947.0,961.0,961.0,961.0,2855.0,2855.0,2855.0,329.0,329.0,329.0,947.0,947.0,947.0
1.0,10377.0,2859.0,2841.0,2787.0,1059.0,353.0,353.0,353.0,947.0,947.0,947.0,953.0,953.0,953.0,3459.0,3459.0,3459.0,353.0,353.0,353.0,947.0,947.0,947.0
1.0,10305.0,2829.0,2841.0,987.0,2901.0,967.0,967.0,967.0,947.0,947.0,947.0,943.0,943.0,943.0,3435.0,3435.0,3435.0,967.0,967.0,967.0,947.0,947.0,947.0
1.0,8463.0,2883.0,2844.0,1059.0,4737.0,1579.0,1579.0,1579.0,948.0,948.0,948.0,961.0,961.0,961.0,2821.0,2821.0,2821.0,1579.0,1579.0,1579.0,948.0,948.0,948.0
1.0,6639.0,2892.0,2844.0,2901.0,4728.0,1576.0,1576.0,1576.0,948.0,948.0,948.0,964.0,964.0,964.0,2213.0,2213.0,2213.0,1576.0,1576.0,1576.0,948.0,948.0,948.0
1.0,6648.0,2886.0,2844.0,4737.0,2877.0,959.0,959.0,959.0,948.0,948.0,948.0,962.0,962.0,962.0,2216.0,2216.0,2216.0,959.0,959.0,959.0,948.0,948.0,948.0
1.0,8499.0,2904.0,2847.0,4728.0,1065.0,355.0,355.0,355.0,949.0,949.0,949.0,968.0,968.0,968.0,2833.0,2833.0,2833.0,355.0,355.0,355.0,949.0,949.0,949.0
1.0,10323.0,2874.0,2847.0,2877.0,1062.0,354.0,354.0,354.0,949.0,949.0,949.0,958.0,958.0,958.0,3441.0,3441.0,3441.0,354.0,354.0,354.0,949.0,949.0,949.0
1.0,10326.0,2817.0,2844.0,1065.0,2802.0,934.0,934.0,934.0,948.0,948.0,948.0,939.0,939.0,939.0,3442.0,3442.0,3442.0,934.0,934.0,934.0,948.0,948.0,948.0
1.0,8574.0,2859.0,2844.0,1062.0,4599.0,1533.0,1533.0,1533.0,948.0,948.0,948.0,953.0,953.0,953.0,2858.0,2858.0,2858.0,1533.0,1533.0,1533.0,948.0,948.0,948.0
1.0,6777.0,2889.0,2847.0,2802.0,4698.0,1566.0,1566.0,1566.0,949.0,949.0,949.0,963.0,963.0,963.0,2259.0,2259.0,2259.0,1566.0,1566.0,1566.0,949.0,949.0,949.0
1.0,6690.0,2940.0,2847.0,4599.0,3039.0,1013.0,1013.0,1013.0,949.0,949.0,949.0,980.0,980.0,980.0,2230.0,2230.0,2230.0,1013.0,1013.0,1013.0,949.0,949.0,949.0
1.0,8349.0,2904.0,2850.0,4698.0,1257.0,419.0,419.0,419.0,950.0,950.0,950.0,968.0,968.0,968.0,2783.0,2783.0,2783.0,419.0,419.0,419.0,950.0,950.0,950.0
1.0,10143.0,2865.0,2850.0,3039.0,1083.0,361.0,361.0,361.0,950.0,950.0,950.0,955.0,955.0,955.0,3381.0,3381.0,3381.0,361.0,361.0,361.0,950.0,950.0,950.0
1.0,10317.0,2895.0,2853.0,1257.0,2733.0,911.0,911.0,911.0,951.0,951.0,951.0,965.0,965.0,965.0,3439.0,3439.0,3439.0,911.0,911.0,911.0,951.0,951.0,951.0
1.0,8679.0,2889.0,2853.0,1083.0,4539.0,1513.0,1513.0,1513.0,951.0,951.0,951.0,963.0,963.0,963.0,2893.0,2893.0,2893.0,1513.0,1513.0,1513.0,951.0,951.0,951.0
1.0,6873.0,2883.0,2853.0,2733.0,4689.0,1563.0,1563.0,1563.0,951.0,951.0,951.0,961.0,961.0,961.0,2291.0,2291.0,2291.0,1563.0,1563.0,1563.0,951.0,951.0,951.0
1.0,6723.0,2844.0,2853.0,4539.0,2994.0,998.0,998.0,998.0,951.0,951.0,951.0,948.0,948.0,948.0,2241.0,2241.0,2241.0,998.0,998.0,998.0,951.0,951.0,951.0
1.0,8418.0,2898.0,2853.0,4689.0,1203.0,401.0,401.0,401.0,951.0,951.0,951.0,966.0,966.0,966.0,2806.0,2806.0,2806.0,401.0,401.0,401.0,951.0,951.0,951.0
1.0,10209.0,2862.0,2853.0,2994.0,1071.0,357.0,357.0,357.0,951.0,951.0,951.0,954.0,954.0,954.0,3403.0,3403.0,3403.0,357.0,357.0,357.0,951.0,951.0,951.0
1.0,10341.0,2886.0,2853.0,1203.0,2754.0,918.0,918.0,918.0,951.0,951.0,951.0,962.0,962.0,962.0,3447.0,3447.0,3447.0,918.0,918.0,918.0,951.0,951.0,951.0
1.0,8658.0,2847.0,2853.0,1071.0,4530.0,1510.0,1510.0,1510.0,951.0,951.0,951.0,949.0,949.0,949.0,2886.0,2886.0,2886.0,1510.0,1510.0,1510.0,951.0,951.0,951.0
1.0,6882.0,2913.0,2856.0,2754.0,4701.0,1567.0,1567.0,1567.0,952.0,952.0,952.0,971.0,971.0,971.0,2294.0,2294.0,2294.0,1567.0,1567.0,1567.0,952.0,952.0,952.0
1.0,6723.0,2871.0,2856.0,4530.0,3042.0,1014.0,1014.0,1014.0,952.0,952.0,952.0,957.0,957.0,957.0,2241.0,2241.0,2241.0,1014.0,1014.0,1014.0,952.0,952.0,952.0
1.0,8382.0,2883.0,2856.0,4701.0,1224.0,408.0,408.0,408.0,952.0,952.0,952.0,961.0,961.0,961.0,2794.0,2794.0,2794.0,408.0,408.0,408.0,952.0,952.0,952.0
1.0,10200.0,2877.0,2859.0,3042.0,1071.0,357.0,357.0,357.0,953.0,953.0,953.0,959.0,959.0,959.0,3400.0,3400.0,3400.0,357.0,357.0,357.0,953.0,953.0,953.0
1.0,10365.0,2847.0,2859.0,1224.0,2694.0,898.0,898.0,898.0,953.0,953.0,953.0,949.0,949.0,949.0,3455.0,3455.0,3455.0,898.0,898.0,898.0,953.0,953.0,953.0
1.0,8742.0,2859.0,2859.0,1071.0,4482.0,1494.0,1494.0,1494.0,953.0,953.0,953.0,953.0,953.0,953.0,2914.0,2914.0,2914.0,1494.0,1494.0,1494.0,953.0,953.0,953.0
1.0,6954.0,2862.0,2859.0,2694.0,4650.0,1550.0,1550.0,1550.0,953.0,953.0,953.0,954.0,954.0,954.0,2318.0,2318.0,2318.0,1550.0,1550.0,1550.0,953.0,953.0,953.0
1.0,6786.0,2883.0,2859.0,4482.0,3051.0,1017.0,1017.0,1017.0,953.0,953.0,953.0,961.0,961.0,961.0,2262.0,2262.0,2262.0,1017.0,1017.0,1017.0,953.0,953.0,953.0
1.0,8385.0,2859.0,2859.0,4650.0,1260.0,420.0,420.0,420.0,953.0,953.0,953.0,953.0,953.0,953.0,2795.0,2795.0,2795.0,420.0,420.0,420.0,953.0,953.0,953.0
1.0,10176.0,2826.0,2859.0,3051.0,1035.0,345.0,345.0,345.0,953.0,953.0,953.0,942.0,942.0,942.0,3392.0,3392.0,3392.0,345.0,345.0,345.0,953.0,953.0,953.0
1.0,10401.0,2874.0,2862.0,1260.0,2661.0,887.0,887.0,887.0,954.0,954.0,954.0,958.0,958.0,958.0,3467.0,3467.0,3467.0,887.0,887.0,887.0,954.0,954.0,954.0
1.0,8787.0,2850.0,2862.0,1035.0,4476.0,1492.0,1492.0,1492.0,954.0,954.0,954.0,950.0,950.0,950.0,2929.0,2929.0,2929.0,1492.0,1492.0,1492.0,954.0,954.0,954.0
1.0,6972.0,2895.0,2865.0,2661.0,4722.0,1574.0,1574.0,1574.0,955.0,955.0,955.0,965.0,965.0,965.0,2324.0,2324.0,2324.0,1574.0,1574.0,1574.0,955.0,955.0,955.0
1.0,6738.0,2820.0,2865.0,4476.0,3066.0,1022.0,1022.0,1022.0,955.0,955.0,955.0,940.0,940.0,940.0,2246.0,2246.0,2246.0,1022.0,1022.0,1022.0,955.0,955.0,955.0
1.0,8394.0,2835.0,2865.0,4722.0,1179.0,393.0,393.0,393.0,955.0,955.0,955.0,945.0,945.0,945.0,2798.0,2798.0,2798.0,393.0,393.0,393.0,955.0,955.0,955.0
1.0,10281.0,2859.0,2865.0,3066.0,972.0,324.0,324.0,324.0,955.0,955.0,955.0,953.0,953.0,953.0,3427.0,3427.0,3427.0,324.0,324.0,324.0,955.0,955.0,955.0
1.0,10488.0,2886.0,2865.0,1179.0,2679.0,893.0,893.0,893.0,955.0,955.0,955.0,962.0,962.0,962.0,3496.0,3496.0,3496.0,893.0,893.0,893.0,955.0,955.0,955.0
1.0,8781.0,2826.0,2865.0,972.0,4533.0,1511.0,1511.0,1511.0,955.0,955.0,955.0,942.0,942.0,942.0,2927.0,2927.0,2927.0,1511.0,1511.0,1511.0,955.0,955.0,955.0
1.0,6927.0,2874.0,2865.0,2679.0,4728.0,1576.0,1576.0,1576.0,955.0,955.0,955.0,958.0,958.0,958.0,2309.0,2309.0,2309.0,1576.0,1576.0,1576.0,955.0,955.0,955.0
1.0,6732.0,2961.0,2868.0,4533.0,3168.0,1056.0,1056.0,1056.0,956.0,956.0,956.0,987.0,987.0,987.0,2244.0,2244.0,2244.0,1056.0,1056.0,1056.0,956.0,956.0,956.0
1.0,8304.0,2880.0,2868.0,4728.0,1320.0,440.0,440.0,440.0,956.0,956.0,956.0,960.0,960.0,960.0,2768.0,2768.0,2768.0,440.0,440.0,440.0,956.0,956.0,956.0
1.0,10152.0,2868.0,2871.0,3168.0,1032.0,344.0,344.0,344.0,957.0,957.0,957.0,956.0,956.0,956.0,3384.0,3384.0,3384.0,344.0,344.0,344.0,957.0,957.0,957.0
1.0,10452.0,2907.0,2871.0,1320.0,2619.0,873.0,873.0,873.0,957.0,957.0,957.0,969.0,969.0,969.0,3484.0,3484.0,3484.0,873.0,873.0,873.0,957.0,957.0,957.0
1.0,8865.0,2811.0,2871.0,1032.0,4398.0,1466.0,1466.0,1466.0,957.0,957.0,957.0,937.0,937.0,937.0,2955.0,2955.0,2955.0,1466.0,1466.0,1466.0,957.0,957.0,957.0
1.0,7086.0,2865.0,2871.0,2619.0,4644.0,1548.0,1548.0,1548.0,957.0,957.0,957.0,955.0,955.0,955.0,2362.0,2362.0,2362.0,1548.0,1548.0,1548.0,957.0,957.0,957.0
1.0,6840.0,2892.0,2871.0,4398.0,3138.0,1046.0,1046.0,1046.0,957.0,957.0,957.0,964.0,964.0,964.0,2280.0,2280.0,2280.0,1046.0,1046.0,1046.0,957.0,957.0,957.0
1.0,8346.0,2907.0,2871.0,4644.0,1401.0,467.0,467.0,467.0,957.0,957.0,957.0,969.0,969.0,969.0,2782.0,2782.0,2782.0,467.0,467.0,467.0,957.0,957.0,957.0
1.0,10083.0,2859.0,2871.0,3138.0,1122.0,374.0,374.0,374.0,957.0,957.0,957.0,953.0,953.0,953.0,3361.0,3361.0,3361.0,374.0,374.0,374.0,957.0,957.0,957.0
1.0,10362.0,2925.0,2874.0,1401.0,2658.0,886.0,886.0,886.0,958.0,958.0,958.0,975.0,975.0,975.0,3454.0,3454.0,3454.0,886.0,886.0,886.0,958.0,958.0,958.0
1.0,8838.0,2928.0,2874.0,1122.0,4464.0,1488.0,1488.0,1488.0,958.0,958.0,958.0,976.0,976.0,976.0,2946.0,2946.0,2946.0,1488.0,1488.0,1488.0,958.0,958.0,958.0
1.0,7032.0,2952.0,2877.0,2658.0,4770.0,1590.0,1590.0,1590.0,959.0,959.0,959.0,984.0,984.0,984.0,2344.0,2344.0,2344.0,1590.0,1590.0,1590.0,959.0,959.0,959.0
1.0,6738.0,2925.0,2877.0,4464.0,3231.0,1077.0,1077.0,1077.0,959.0,959.0,959.0,975.0,975.0,975.0,2246.0,2246.0,2246.0,1077.0,1077.0,1077.0,959.0,959.0,959.0
1.0,8277.0,2919.0,2880.0,4770.0,1392.0,464.0,464.0,464.0,960.0,960.0,960.0,973.0,973.0,973.0,2759.0,2759.0,2759.0,464.0,464.0,464.0,960.0,960.0,960.0
1.0,10128.0,2901.0,2880.0,3231.0,1062.0,354.0,354.0,354.0,960.0,960.0,960.0,967.0,967.0,967.0,3376.0,3376.0,3376.0,354.0,354.0,354.0,960.0,960.0,960.0
1.0,10458.0,2898.0,2880.0,1392.0,2568.0,856.0,856.0,856.0,960.0,960.0,960.0,966.0,966.0,966.0,3486.0,3486.0,3486.0,856.0,856.0,856.0,960.0,960.0,960.0
1.0,8952.0,2901.0,2880.0,1062.0,4407.0,1469.0,1469.0,1469.0,960.0,960.0,960.0,967.0,967.0,967.0,2984.0,2984.0,2984.0,1469.0,1469.0,1469.0,960.0,960.0,960.0
1.0,7113.0,2904.0,2880.0,2568.0,4743.0,1581.0,1581.0,1581.0,960.0,960.0,960.0,968.0,968.0,968.0,2371.0,2371.0,2371.0,1581.0,1581.0,1581.0,960.0,960.0,960.0
1.0,6777.0,2937.0,2880.0,4407.0,3273.0,1091.0,1091.0,1091.0,960.0,960.0,960.0,979.0,979.0,979.0,2259.0,2259.0,2259.0,1091.0,1091.0,1091.0,960.0,960.0,960.0
1.0,8247.0,2970.0,2883.0,4743.0,1512.0,504.0,504.0,504.0,961.0,961.0,961.0,990.0,990.0,990.0,2749.0,2749.0,2749.0,504.0,504.0,504.0,961.0,961.0,961.0
1.0,10020.0,2928.0,2886.0,3273.0,1179.0,393.0,393.0,393.0,962.0,962.0,962.0,976.0,976.0,976.0,3340.0,3340.0,3340.0,393.0,393.0,393.0,962.0,962.0,962.0
1.0,10365.0,2910.0,2886.0,1512.0,2577.0,859.0,859.0,859.0,962.0,962.0,962.0,970.0,970.0,970.0,3455.0,3455.0,3455.0,859.0,859.0,859.0,962.0,962.0,962.0
1.0,8967.0,2943.0,2886.0,1179.0,4341.0,1447.0,1447.0,1447.0,962.0,962.0,962.0,981.0,981.0,981.0,2989.0,2989.0,2989.0,1447.0,1447.0,1447.0,962.0,962.0,962.0
1.0,7203.0,2916.0,2886.0,2577.0,4680.0,1560.0,1560.0,1560.0,962.0,962.0,962.0,972.0,972.0,972.0,2401.0,2401.0,2401.0,1560.0,1560.0,1560.0,962.0,962.0,962.0
1.0,6864.0,2868.0,2886.0,4341.0,3207.0,1069.0,1069.0,1069.0,962.0,962.0,962.0,956.0,956.0,956.0,2288.0,2288.0,2288.0,1069.0,1069.0,1069.0,962.0,962.0,962.0
1.0,8337.0,2907.0,2886.0,4680.0,1434.0,478.0,478.0,478.0,962.0,962.0,962.0,969.0,969.0,969.0,2779.0,2779.0,2779.0,478.0,478.0,478.0,962.0,962.0,962.0
1.0,10110.0,2949.0,2886.0,3207.0,1176.0,392.0,392.0,392.0,962.0,962.0,962.0,983.0,983.0,983.0,3370.0,3370.0,3370.0,392.0,392.0,392.0,962.0,962.0,962.0
1.0,10368.0,2895.0,2889.0,1434.0,2649.0,883.0,883.0,883.0,963.0,963.0,963.0,965.0,965.0,965.0,3456.0,3456.0,3456.0,883.0,883.0,883.0,963.0,963.0,963.0
1.0,8907.0,2919.0,2889.0,1176.0,4392.0,1464.0,1464.0,1464.0,963.0,963.0,963.0,973.0,973.0,973.0,2969.0,2969.0,2969.0,1464.0,1464.0,1464.0,963.0,963.0,963.0
1.0,7164.0,2889.0,2889.0,2649.0,4632.0,1544.0,1544.0,1544.0,963.0,963.0,963.0,963.0,963.0,963.0,2388.0,2388.0,2388.0,1544.0,1544.0,1544.0,963.0,963.0,963.0
1.0,6924.0,2895.0,2889.0,4392.0,3135.0,1045.0,1045.0,1045.0,963.0,963.0,963.0,965.0,965.0,965.0,2308.0,2308.0,2308.0,1045.0,1045.0,1045.0,963.0,963.0,963.0
1.0,8421.0,2961.0,2892.0,4632.0,1476.0,492.0,492.0,492.0,964.0,964.0,964.0,987.0,987.0,987.0,2807.0,2807.0,2807.0,492.0,492.0,492.0,964.0,964.0,964.0
1.0,10092.0,2934.0,2892.0,3135.0,1275.0,425.0,425.0,425.0,964.0,964.0,964.0,978.0,978.0,978.0,3364.0,3364.0,3364.0,425.0,425.0,425.0,964.0,964.0,964.0
1.0,10293.0,2925.0,2892.0,1476.0,2724.0,908.0,908.0,908.0,964.0,964.0,964.0,975.0,975.0,975.0,3431.0,3431.0,3431.0,908.0,908.0,908.0,964.0,964.0,964.0
1.0,8844.0,2931.0,2895.0,1275.0,4392.0,1464.0,1464.0,1464.0,965.0,965.0,965.0,977.0,977.0,977.0,2948.0,2948.0,2948.0,1464.0,1464.0,1464.0,965.0,965.0,965.0
1.0,7188.0,2895.0,2895.0,2724.0,4563.0,1521.0,1521.0,1521.0,965.0,965.0,965.0,965.0,965.0,965.0,2396.0,2396.0,2396.0,1521.0,1521.0,1521.0,965.0,965.0,965.0
1.0,7017.0,2868.0,2895.0,4392.0,3039.0,1013.0,1013.0,1013.0,965.0,965.0,965.0,956.0,956.0,956.0,2339.0,2339.0,2339.0,1013.0,1013.0,1013.0,965.0,965.0,965.0
1.0,8541.0,2886.0,2895.0,4563.0,1362.0,454.0,454.0,454.0,965.0,965.0,965.0,962.0,962.0,962.0,2847.0,2847.0,2847.0,454.0,454.0,454.0,965.0,965.0,965.0
1.0,10218.0,2856.0,2895.0,3039.0,1179.0,393.0,393.0,393.0,965.0,965.0,965.0,952.0,952.0,952.0,3406.0,3406.0,3406.0,393.0,393.0,393.0,965.0,965.0,965.0
1.0,10401.0,2886.0,2895.0,1362.0,2703.0,901.0,901.0,901.0,965.0,965.0,965.0,962.0,962.0,962.0,3467.0,3467.0,3467.0,901.0,901.0,901.0,965.0,965.0,965.0
1.0,8877.0,2898.0,2895.0,1179.0,4422.0,1474.0,1474.0,1474.0,965.0,965.0,965.0,966.0,966.0,966.0,2959.0,2959.0,2959.0,1474.0,1474.0,1474.0,965.0,965.0,965.0
1.0,7158.0,2868.0,2895.0,2703.0,4587.0,1529.0,1529.0,1529.0,965.0,965.0,965.0,956.0,956.0,956.0,2386.0,2386.0,2386.0,1529.0,1529.0,1529.0,965.0,965.0,965.0
1.0,6993.0,2922.0,2898.0,4422.0,3099.0,1033.0,1033.0,1033.0,966.0,966.0,966.0,974.0,974.0,974.0,2331.0,2331.0,2331.0,1033.0,1033.0,1033.0,966.0,966.0,966.0
1.0,8493.0,2856.0,2898.0,4587.0,1368.0,456.0,456.0,456.0,966.0,966.0,966.0,952.0,952.0,952.0,2831.0,2831.0,2831.0,456.0,456.0,456.0,966.0,966.0,966.0
1.0,10224.0,2877.0,2898.0,3099.0,1146.0,382.0,382.0,382.0,966.0,966.0,966.0,959.0,959.0,959.0,3408.0,3408.0,3408.0,382.0,382.0,382.0,966.0,966.0,966.0
1.0,10446.0,2910.0,2898.0,1368.0,2688.0,896.0,896.0,896.0,966.0,966.0,966.0,970.0,970.0,970.0,3482.0,3482.0,3482.0,896.0,896.0,896.0,966.0,966.0,966.0
1.0,8904.0,2931.0,2901.0,1146.0,4485.0,1495.0,1495.0,1495.0,967.0,967.0,967.0,977.0,977.0,977.0,2968.0,2968.0,2968.0,1495.0,1495.0,1495.0,967.0,967.0,967.0
1.0,7119.0,2901.0,2901.0,2688.0,4698.0,1566.0,1566.0,1566.0,967.0,967.0,967.0,967.0,967.0,967.0,2373.0,2373.0,2373.0,1566.0,1566.0,1566.0,967.0,967.0,967.0
1.0,6906.0,2901.0,2901.0,4485.0,3114.0,1038.0,1038.0,1038.0,967.0,967.0,967.0,967.0,967.0,967.0,2302.0,2302.0,2302.0,1038.0,1038.0,1038.0,967.0,967.0,967.0
1.0,8490.0,2916.0,2904.0,4698.0,1344.0,448.0,448.0,448.0,968.0,968.0,968.0,972.0,972.0,972.0,2830.0,2830.0,2830.0,448.0,448.0,448.0,968.0,968.0,968.0
1.0,10272.0,2910.0,2904.0,3114.0,1140.0,380.0,380.0,380.0,968.0,968.0,968.0,970.0,970.0,970.0,3424.0,3424.0,3424.0,380.0,380.0,380.0,968.0,968.0,968.0
1.0,10476.0,2898.0,2904.0,1344.0,2694.0,898.0,898.0,898.0,968.0,968.0,968.0,966.0,966.0,966.0,3492.0,3492.0,3492.0,898.0,898.0,898.0,968.0,968.0,968.0
1.0,8922.0,2934.0,2904.0,1140.0,4488.0,1496.0,1496.0,1496.0,968.0,968.0,968.0,978.0,978.0,978.0,2974.0,2974.0,2974.0,1496.0,1496.0,1496.0,968.0,968.0,968.0
1.0,7128.0,2928.0,2904.0,2694.0,4722.0,1574.0,1574.0,1574.0,968.0,968.0,968.0,976.0,976.0,976.0,2376.0,2376.0,2376.0,1574.0,1574.0,1574.0,968.0,968.0,968.0
1.0,6894.0,2883.0,2907.0,4488.0,3129.0,1043.0,1043.0,1043.0,969.0,969.0,969.0,961.0,961.0,961.0,2298.0,2298.0,2298.0,1043.0,1043.0,1043.0,969.0,969.0,969.0
1.0,8499.0,2901.0,2907.0,4722.0,1308.0,436.0,436.0,436.0,969.0,969.0,969.0,967.0,967.0,967.0,2833.0,2833.0,2833.0,436.0,436.0,436.0,969.0,969.0,969.0
1.0,10320.0,2961.0,2907.0,3129.0,1140.0,380.0,380.0,380.0,969.0,969.0,969.0,987.0,987.0,987.0,3440.0,3440.0,3440.0,380.0,380.0,380.0,969.0,969.0,969.0
1.0,10488.0,2946.0,2910.0,1308.0,2790.0,930.0,930.0,930.0,970.0,970.0,970.0,982.0,982.0,982.0,3496.0,3496.0,3496.0,930.0,930.0,930.0,970.0,970.0,970.0
1.0,8850.0,2874.0,2910.0,1140.0,4524.0,1508.0,1508.0,1508.0,970.0,970.0,970.0,958.0,958.0,958.0,2950.0,2950.0,2950.0,1508.0,1508.0,1508.0,970.0,970.0,970.0
1.0,7116.0,2961.0,2910.0,2790.0,4695.0,1565.0,1565.0,1565.0,970.0,970.0,970.0,987.0,987.0,987.0,2372.0,2372.0,2372.0,1565.0,1565.0,1565.0,970.0,970.0,970.0
1.0,6945.0,2949.0,2913.0,4524.0,3132.0,1044.0,1044.0,1044.0,971.0,971.0,971.0,983.0,983.0,983.0,2315.0,2315.0,2315.0,1044.0,1044.0,1044.0,971.0,971.0,971.0
1.0,8520.0,2874.0,2910.0,4695.0,1299.0,433.0,433.0,433.0,970.0,970.0,970.0,958.0,958.0,958.0,2840.0,2840.0,2840.0,433.0,433.0,433.0,970.0,970.0,970.0
1.0,10341.0,2934.0,2913.0,3132.0,1113.0,371.0,371.0,371.0,971.0,971.0,971.0,978.0,978.0,978.0,3447.0,3447.0,3447.0,371.0,371.0,371.0,971.0,971.0,971.0
1.0,10539.0,2946.0,2910.0,1299.0,2748.0,916.0,916.0,916.0,970.0,970.0,970.0,982.0,982.0,982.0,3513.0,3513.0,3513.0,916.0,916.0,916.0,970.0,970.0,970.0
1.0,8892.0,2889.0,2910.0,1113.0,4524.0,1508.0,1508.0,1508.0,970.0,970.0,970.0,963.0,963.0,963.0,2964.0,2964.0,2964.0,1508.0,1508.0,1508.0,970.0,970.0,970.0
1.0,7116.0,2985.0,2913.0,2748.0,4773.0,1591.0,1591.0,1591.0,971.0,971.0,971.0,995.0,995.0,995.0,2372.0,2372.0,2372.0,1591.0,1591.0,1591.0,971.0,971.0,971.0
1.0,6879.0,2904.0,2913.0,4524.0,3153.0,1051.0,1051.0,1051.0,971.0,971.0,971.0,968.0,968.0,968.0,2293.0,2293.0,2293.0,1051.0,1051.0,1051.0,971.0,971.0,971.0
1.0,8499.0,2949.0,2913.0,4773.0,1329.0,443.0,443.0,443.0,971.0,971.0,971.0,983.0,983.0,983.0,2833.0,2833.0,2833.0,443.0,443.0,443.0,971.0,971.0,971.0
1.0,10323.0,2976.0,2916.0,3153.0,1164.0,388.0,388.0,388.0,972.0,972.0,972.0,992.0,992.0,992.0,3441.0,3441.0,3441.0,388.0,388.0,388.0,972.0,972.0,972.0
1.0,10500.0,2925.0,2916.0,1329.0,2760.0,920.0,920.0,920.0,972.0,972.0,972.0,975.0,975.0,975.0,3500.0,3500.0,3500.0,920.0,920.0,920.0,972.0,972.0,972.0
1.0,8904.0,2961.0,2916.0,1164.0,4557.0,1519.0,1519.0,1519.0,972.0,972.0,972.0,987.0,987.0,987.0,2968.0,2968.0,2968.0,1519.0,1519.0,1519.0,972.0,972.0,972.0
1.0,7107.0,2928.0,2916.0,2760.0,4725.0,1575.0,1575.0,1575.0,972.0,972.0,972.0,976.0,976.0,976.0,2369.0,2369.0,2369.0,1575.0,1575.0,1575.0,972.0,972.0,972.0
1.0,6939.0,2943.0,2916.0,4557.0,3111.0,1037.0,1037.0,1037.0,972.0,972.0,972.0,981.0,981.0,981.0,2313.0,2313.0,2313.0,1037.0,1037.0,1037.0,972.0,972.0,972.0
1.0,8553.0,3021.0,2916.0,4725.0,1407.0,469.0,469.0,469.0,972.0,972.0,972.0,1007.0,1007.0,1007.0,2851.0,2851.0,2851.0,469.0,469.0,469.0,972.0,972.0,972.0
1.0,10257.0,2931.0,2916.0,3111.0,1227.0,409.0,409.0,409.0,972.0,972.0,972.0,977.0,977.0,977.0,3419.0,3419.0,3419.0,409.0,409.0,409.0,972.0,972.0,972.0
1.0,10437.0,2913.0,2916.0,1407.0,2733.0,911.0,911.0,911.0,972.0,972.0,972.0,971.0,971.0,971.0,3479.0,3479.0,3479.0,911.0,911.0,911.0,972.0,972.0,972.0
1.0,8931.0,2931.0,2919.0,1227.0,4449.0,1483.0,1483.0,1483.0,973.0,973.0,973.0,977.0,977.0,977.0,2977.0,2977.0,2977.0,1483.0,1483.0,1483.0,973.0,973.0,973.0
1.0,7227.0,2997.0,2919.0,2733.0,4713.0,1571.0,1571.0,1571.0,973.0,973.0,973.0,999.0,999.0,999.0,2409.0,2409.0,2409.0,1571.0,1571.0,1571.0,973.0,973.0,973.0
1.0,6963.0,2910.0,2919.0,4449.0,3174.0,1058.0,1058.0,1058.0,973.0,973.0,973.0,970.0,970.0,970.0,2321.0,2321.0,2321.0,1058.0,1058.0,1058.0,973.0,973.0,973.0
1.0,8502.0,2940.0,2919.0,4713.0,1401.0,467.0,467.0,467.0,973.0,973.0,973.0,980.0,980.0,980.0,2834.0,2834.0,2834.0,467.0,467.0,467.0,973.0,973.0,973.0
1.0,10275.0,2991.0,2922.0,3174.0,1230.0,410.0,410.0,410.0,974.0,974.0,974.0,997.0,997.0,997.0,3425.0,3425.0,3425.0,410.0,410.0,410.0,974.0,974.0,974.0
1.0,10458.0,2949.0,2922.0,1401.0,2778.0,926.0,926.0,926.0,974.0,974.0,974.0,983.0,983.0,983.0,3486.0,3486.0,3486.0,926.0,926.0,926.0,974.0,974.0,974.0
1.0,8910.0,2898.0,2922.0,1230.0,4446.0,1482.0,1482.0,1482.0,974.0,974.0,974.0,966.0,966.0,966.0,2970.0,2970.0,2970.0,1482.0,1482.0,1482.0,974.0,974.0,974.0
1.0,7242.0,2955.0,2922.0,2778.0,4623.0,1541.0,1541.0,1541.0,974.0,974.0,974.0,985.0,985.0,985.0,2414.0,2414.0,2414.0,1541.0,1541.0,1541.0,974.0,974.0,974.0
1.0,7065.0,2865.0,2922.0,4446.0,3042.0,1014.0,1014.0,1014.0,974.0,974.0,974.0,955.0,955.0,955.0,2355.0,2355.0,2355.0,1014.0,1014.0,1014.0,974.0,974.0,974.0
1.0,8646.0,2964.0,2922.0,4623.0,1383.0,461.0,461.0,461.0,974.0,974.0,974.0,988.0,988.0,988.0,2882.0,2882.0,2882.0,461.0,461.0,461.0,974.0,974.0,974.0
1.0,10305.0,2940.0,2922.0,3042.0,1281.0,427.0,427.0,427.0,974.0,974.0,974.0,980.0,980.0,980.0,3435.0,3435.0,3435.0,427.0,427.0,427.0,974.0,974.0,974.0
1.0,10407.0,2946.0,2922.0,1383.0,2844.0,948.0,948.0,948.0,974.0,974.0,974.0,982.0,982.0,982.0,3469.0,3469.0,3469.0,948.0,948.0,948.0,974.0,974.0,974.0
1.0,8844.0,2946.0,2925.0,1281.0,4521.0,1507.0,1507.0,1507.0,975.0,975.0,975.0,982.0,982.0,982.0,2948.0,2948.0,2948.0,1507.0,1507.0,1507.0,975.0,975.0,975.0
1.0,7179.0,2937.0,2925.0,2844.0,4614.0,1538.0,1538.0,1538.0,975.0,975.0,975.0,979.0,979.0,979.0,2393.0,2393.0,2393.0,1538.0,1538.0,1538.0,975.0,975.0,975.0
1.0,7086.0,2916.0,2925.0,4521.0,3009.0,1003.0,1003.0,1003.0,975.0,975.0,975.0,972.0,972.0,972.0,2362.0,2362.0,2362.0,1003.0,1003.0,1003.0,975.0,975.0,975.0
1.0,8691.0,2922.0,2928.0,4614.0,1329.0,443.0,443.0,443.0,976.0,976.0,976.0,974.0,974.0,974.0,2897.0,2897.0,2897.0,443.0,443.0,443.0,976.0,976.0,976.0
1.0,10383.0,2982.0,2928.0,3009.0,1302.0,434.0,434.0,434.0,976.0,976.0,976.0,994.0,994.0,994.0,3461.0,3461.0,3461.0,434.0,434.0,434.0,976.0,976.0,976.0
1.0,10410.0,2910.0,2931.0,1329.0,2895.0,965.0,965.0,965.0,977.0,977.0,977.0,970.0,970.0,970.0,3470.0,3470.0,3470.0,965.0,965.0,965.0,977.0,977.0,977.0
1.0,8829.0,2916.0,2928.0,1302.0,4497.0,1499.0,1499.0,1499.0,976.0,976.0,976.0,972.0,972.0,972.0,2943.0,2943.0,2943.0,1499.0,1499.0,1499.0,976.0,976.0,976.0
1.0,7215.0,2880.0,2931.0,2895.0,4494.0,1498.0,1498.0,1498.0,977.0,977.0,977.0,960.0,960.0,960.0,2405.0,2405.0,2405.0,1498.0,1498.0,1498.0,977.0,977.0,977.0
1.0,7230.0,2919.0,2931.0,4497.0,2916.0,972.0,972.0,972.0,977.0,977.0,977.0,973.0,973.0,973.0,2410.0,2410.0,2410.0,972.0,972.0,972.0,977.0,977.0,977.0
1.0,8808.0,2925.0,2931.0,4494.0,1347.0,449.0,449.0,449.0,977.0,977.0,977.0,975.0,975.0,975.0,2936.0,2936.0,2936.0,449.0,449.0,449.0,977.0,977.0,977.0
1.0,10377.0,2961.0,2931.0,2916.0,1392.0,464.0,464.0,464.0,977.0,977.0,977.0,987.0,987.0,987.0,3459.0,3459.0,3459.0,464.0,464.0,464.0,977.0,977.0,977.0
1.0,10332.0,2934.0,2931.0,1347.0,2979.0,993.0,993.0,993.0,977.0,977.0,977.0,978.0,978.0,978.0,3444.0,3444.0,3444.0,993.0,993.0,993.0,977.0,977.0,977.0
1.0,8745.0,2949.0,2934.0,1392.0,4548.0,1516.0,1516.0,1516.0,978.0,978.0,978.0,983.0,983.0,983.0,2915.0,2915.0,2915.0,1516.0,1516.0,1516.0,978.0,978.0,978.0
1.0,7188.0,2877.0,2931.0,2979.0,4434.0,1478.0,1478.0,1478.0,977.0,977.0,977.0,959.0,959.0,959.0,2396.0,2396.0,2396.0,1478.0,1478.0,1478.0,977.0,977.0,977.0
1.0,7290.0,2922.0,2934.0,4548.0,2820.0,940.0,940.0,940.0,978.0,978.0,978.0,974.0,974.0,974.0,2430.0,2430.0,2430.0,940.0,940.0,940.0,978.0,978.0,978.0
1.0,8916.0,2970.0,2934.0,4434.0,1356.0,452.0,452.0,452.0,978.0,978.0,978.0,990.0,990.0,990.0,2972.0,2972.0,2972.0,452.0,452.0,452.0,978.0,978.0,978.0
1.0,10380.0,2961.0,2934.0,2820.0,1497.0,499.0,499.0,499.0,978.0,978.0,978.0,987.0,987.0,987.0,3460.0,3460.0,3460.0,499.0,499.0,499.0,978.0,978.0,978.0
1.0,10239.0,2970.0,2934.0,1356.0,3111.0,1037.0,1037.0,1037.0,978.0,978.0,978.0,990.0,990.0,990.0,3413.0,3413.0,3413.0,1037.0,1037.0,1037.0,978.0,978.0,978.0
1.0,8625.0,2919.0,2937.0,1497.0,4545.0,1515.0,1515.0,1515.0,979.0,979.0,979.0,973.0,973.0,973.0,2875.0,2875.0,2875.0,1515.0,1515.0,1515.0,979.0,979.0,979.0
1.0,7203.0,2937.0,2937.0,3111.0,4371.0,1457.0,1457.0,1457.0,979.0,979.0,979.0,979.0,979.0,979.0,2401.0,2401.0,2401.0,1457.0,1457.0,1457.0,979.0,979.0,979.0
1.0,7377.0,2988.0,2937.0,4545.0,2814.0,938.0,938.0,938.0,979.0,979.0,979.0,996.0,996.0,996.0,2459.0,2459.0,2459.0,938.0,938.0,938.0,979.0,979.0,979.0
1.0,8934.0,2967.0,2937.0,4371.0,1410.0,470.0,470.0,470.0,979.0,979.0,979.0,989.0,989.0,989.0,2978.0,2978.0,2978.0,470.0,470.0,470.0,979.0,979.0,979.0
1.0,10338.0,2940.0,2940.0,2814.0,1548.0,516.0,516.0,516.0,980.0,980.0,980.0,980.0,980.0,980.0,3446.0,3446.0,3446.0,516.0,516.0,516.0,980.0,980.0,980.0
1.0,10212.0,2907.0,2937.0,1410.0,3033.0,1011.0,1011.0,1011.0,979.0,979.0,979.0,969.0,969.0,969.0,3404.0,3404.0,3404.0,1011.0,1011.0,1011.0,979.0,979.0,979.0
1.0,8715.0,2910.0,2937.0,1548.0,4395.0,1465.0,1465.0,1465.0,979.0,979.0,979.0,970.0,970.0,970.0,2905.0,2905.0,2905.0,1465.0,1465.0,1465.0,979.0,979.0,979.0
1.0,7353.0,2976.0,2940.0,3033.0,4350.0,1450.0,1450.0,1450.0,980.0,980.0,980.0,992.0,992.0,992.0,2451.0,2451.0,2451.0,1450.0,1450.0,1450.0,980.0,980.0,980.0
1.0,7410.0,2925.0,2940.0,4395.0,2880.0,960.0,960.0,960.0,980.0,980.0,980.0,975.0,975.0,975.0,2470.0,2470.0,2470.0,960.0,960.0,960.0,980.0,980.0,980.0
1.0,8880.0,2973.0,2940.0,4350.0,1503.0,501.0,501.0,501.0,980.0,980.0,980.0,991.0,991.0,991.0,2960.0,2960.0,2960.0,501.0,501.0,501.0,980.0,980.0,980.0
1.0,10257.0,2955.0,2940.0,2880.0,1578.0,526.0,526.0,526.0,980.0,980.0,980.0,985.0,985.0,985.0,3419.0,3419.0,3419.0,526.0,526.0,526.0,980.0,980.0,980.0
1.0,10182.0,2982.0,2940.0,1503.0,3057.0,1019.0,1019.0,1019.0,980.0,980.0,980.0,994.0,994.0,994.0,3394.0,3394.0,3394.0,1019.0,1019.0,1019.0,980.0,980.0,980.0
1.0,8703.0,2970.0,2943.0,1578.0,4461.0,1487.0,1487.0,1487.0,981.0,981.0,981.0,990.0,990.0,990.0,2901.0,2901.0,2901.0,1487.0,1487.0,1487.0,981.0,981.0,981.0
1.0,7311.0,2997.0,2943.0,3057.0,4401.0,1467.0,1467.0,1467.0,981.0,981.0,981.0,999.0,999.0,999.0,2437.0,2437.0,2437.0,1467.0,1467.0,1467.0,981.0,981.0,981.0
1.0,7371.0,3003.0,2943.0,4461.0,2943.0,981.0,981.0,981.0,981.0,981.0,981.0,1001.0,1001.0,1001.0,2457.0,2457.0,2457.0,981.0,981.0,981.0,981.0,981.0,981.0
1.0,8829.0,2952.0,2943.0,4401.0,1494.0,498.0,498.0,498.0,981.0,981.0,981.0,984.0,984.0,984.0,2943.0,2943.0,2943.0,498.0,498.0,498.0,981.0,981.0,981.0
1.0,10278.0,2931.0,2943.0,2943.0,1482.0,494.0,494.0,494.0,981.0,981.0,981.0,977.0,977.0,977.0,3426.0,3426.0,3426.0,494.0,494.0,494.0,981.0,981.0,981.0
1.0,10290.0,2949.0,2943.0,1494.0,2937.0,979.0,979.0,979.0,981.0,981.0,981.0,983.0,983.0,983.0,3430.0,3430.0,3430.0,979.0,979.0,979.0,981.0,981.0,981.0
1.0,8835.0,3018.0,2946.0,1482.0,4485.0,1495.0,1495.0,1495.0,982.0,982.0,982.0,1006.0,1006.0,1006.0,2945.0,2945.0,2945.0,1495.0,1495.0,1495.0,982.0,982.0,982.0
1.0,7299.0,2982.0,2943.0,2937.0,4518.0,1506.0,1506.0,1506.0,981.0,981.0,981.0,994.0,994.0,994.0,2433.0,2433.0,2433.0,1506.0,1506.0,1506.0,981.0,981.0,981.0
1.0,7254.0,2946.0,2946.0,4485.0,2991.0,997.0,997.0,997.0,982.0,982.0,982.0,982.0,982.0,982.0,2418.0,2418.0,2418.0,997.0,997.0,997.0,982.0,982.0,982.0
1.0,8793.0,2961.0,2946.0,4518.0,1434.0,478.0,478.0,478.0,982.0,982.0,982.0,987.0,987.0,987.0,2931.0,2931.0,2931.0,478.0,478.0,478.0,982.0,982.0,982.0
1.0,10350.0,2937.0,2946.0,2991.0,1380.0,460.0,460.0,460.0,982.0,982.0,982.0,979.0,979.0,979.0,3450.0,3450.0,3450.0,460.0,460.0,460.0,982.0,982.0,982.0
1.0,10404.0,2976.0,2946.0,1434.0,2922.0,974.0,974.0,974.0,982.0,982.0,982.0,992.0,992.0,992.0,3468.0,3468.0,3468.0,974.0,974.0,974.0,982.0,982.0,982.0
1.0,8862.0,2991.0,2946.0,1380.0,4533.0,1511.0,1511.0,1511.0,982.0,982.0,982.0,997.0,997.0,997.0,2954.0,2954.0,2954.0,1511.0,1511.0,1511.0,982.0,982.0,982.0
1.0,7251.0,2940.0,2946.0,2922.0,4551.0,1517.0,1517.0,1517.0,982.0,982.0,982.0,980.0,980.0,980.0,2417.0,2417.0,2417.0,1517.0,1517.0,1517.0,982.0,982.0,982.0
1.0,7233.0,2982.0,2946.0,4533.0,3000.0,1000.0,1000.0,1000.0,982.0,982.0,982.0,994.0,994.0,994.0,2411.0,2411.0,2411.0,1000.0,1000.0,1000.0,982.0,982.0,982.0
1.0,8784.0,2988.0,2946.0,4551.0,1437.0,479.0,479.0,479.0,982.0,982.0,982.0,996.0,996.0,996.0,2928.0,2928.0,2928.0,479.0,479.0,479.0,982.0,982.0,982.0
1.0,10347.0,2934.0,2949.0,3000.0,1383.0,461.0,461.0,461.0,983.0,983.0,983.0,978.0,978.0,978.0,3449.0,3449.0,3449.0,461.0,461.0,461.0,983.0,983.0,983.0
1.0,10413.0,2997.0,2949.0,1437.0,2943.0,981.0,981.0,981.0,983.0,983.0,983.0,999.0,999.0,999.0,3471.0,3471.0,3471.0,981.0,981.0,981.0,983.0,983.0,983.0
1.0,8853.0,2985.0,2952.0,1383.0,4557.0,1519.0,1519.0,1519.0,984.0,984.0,984.0,995.0,995.0,995.0,2951.0,2951.0,2951.0,1519.0,1519.0,1519.0,984.0,984.0,984.0
1.0,7251.0,2994.0,2952.0,2943.0,4608.0,1536.0,1536.0,1536.0,984.0,984.0,984.0,998.0,998.0,998.0,2417.0,2417.0,2417.0,1536.0,1536.0,1536.0,984.0,984.0,984.0
1.0,7200.0,2898.0,2952.0,4557.0,2949.0,983.0,983.0,983.0,984.0,984.0,984.0,966.0,966.0,966.0,2400.0,2400.0,2400.0,983.0,983.0,983.0,984.0,984.0,984.0
1.0,8859.0,2970.0,2952.0,4608.0,1311.0,437.0,437.0,437.0,984.0,984.0,984.0,990.0,990.0,990.0,2953.0,2953.0,2953.0,437.0,437.0,437.0,984.0,984.0,984.0
1.0,10497.0,2964.0,2952.0,2949.0,1326.0,442.0,442.0,442.0,984.0,984.0,984.0,988.0,988.0,988.0,3499.0,3499.0,3499.0,442.0,442.0,442.0,984.0,984.0,984.0
1.0,10482.0,2973.0,2952.0,1311.0,2988.0,996.0,996.0,996.0,984.0,984.0,984.0,991.0,991.0,991.0,3494.0,3494.0,3494.0,996.0,996.0,996.0,984.0,984.0,984.0
1.0,8820.0,2979.0,2955.0,1326.0,4653.0,1551.0,1551.0,1551.0,985.0,985.0,985.0,993.0,993.0,993.0,2940.0,2940.0,2940.0,1551.0,1551.0,1551.0,985.0,985.0,985.0
1.0,7167.0,2988.0,2955.0,2988.0,4653.0,1551.0,1551.0,1551.0,985.0,985.0,985.0,996.0,996.0,996.0,2389.0,2389.0,2389.0,1551.0,1551.0,1551.0,985.0,985.0,985.0
1.0,7167.0,2952.0,2955.0,4653.0,2952.0,984.0,984.0,984.0,985.0,985.0,985.0,984.0,984.0,984.0,2389.0,2389.0,2389.0,984.0,984.0,984.0,985.0,985.0,985.0
1.0,8868.0,2934.0,2955.0,4653.0,1233.0,411.0,411.0,411.0,985.0,985.0,985.0,978.0,978.0,978.0,2956.0,2956.0,2956.0,411.0,411.0,411.0,985.0,985.0,985.0
1.0,10587.0,3012.0,2958.0,2952.0,1305.0,435.0,435.0,435.0,986.0,986.0,986.0,1004.0,1004.0,1004.0,3529.0,3529.0,3529.0,435.0,435.0,435.0,986.0,986.0,986.0
1.0,10527.0,2937.0,2958.0,1233.0,3009.0,1003.0,1003.0,1003.0,986.0,986.0,986.0,979.0,979.0,979.0,3509.0,3509.0,3509.0,1003.0,1003.0,1003.0,986.0,986.0,986.0
1.0,8823.0,2967.0,2958.0,1305.0,4671.0,1557.0,1557.0,1557.0,986.0,986.0,986.0,989.0,989.0,989.0,2941.0,2941.0,2941.0,1557.0,1557.0,1557.0,986.0,986.0,986.0
1.0,7161.0,2964.0,2958.0,3009.0,4626.0,1542.0,1542.0,1542.0,986.0,986.0,986.0,988.0,988.0,988.0,2387.0,2387.0,2387.0,1542.0,1542.0,1542.0,986.0,986.0,986.0
1.0,7206.0,2949.0,2958.0,4671.0,2904.0,968.0,968.0,968.0,986.0,986.0,986.0,983.0,983.0,983.0,2402.0,2402.0,2402.0,968.0,968.0,968.0,986.0,986.0,986.0
1.0,8928.0,2955.0,2961.0,4626.0,1245.0,415.0,415.0,415.0,987.0,987.0,987.0,985.0,985.0,985.0,2976.0,2976.0,2976.0,415.0,415.0,415.0,987.0,987.0,987.0
1.0,10599.0,2985.0,2961.0,2904.0,1326.0,442.0,442.0,442.0,987.0,987.0,987.0,995.0,995.0,995.0,3533.0,3533.0,3533.0,442.0,442.0,442.0,987.0,987.0,987.0
1.0,10518.0,2901.0,2961.0,1245.0,2982.0,994.0,994.0,994.0,987.0,987.0,987.0,967.0,967.0,967.0,3506.0,3506.0,3506.0,994.0,994.0,994.0,987.0,987.0,987.0
1.0,8862.0,2955.0,2961.0,1326.0,4611.0,1537.0,1537.0,1537.0,987.0,987.0,987.0,985.0,985.0,985.0,2954.0,2954.0,2954.0,1537.0,1537.0,1537.0,987.0,987.0,987.0
1.0,7233.0,2982.0,2961.0,2982.0,4611.0,1537.0,1537.0,1537.0,987.0,987.0,987.0,994.0,994.0,994.0,2411.0,2411.0,2411.0,1537.0,1537.0,1537.0,987.0,987.0,987.0
1.0,7233.0,2940.0,2961.0,4611.0,2940.0,980.0,980.0,980.0,987.0,987.0,987.0,980.0,980.0,980.0,2411.0,2411.0,2411.0,980.0,980.0,980.0,987.0,987.0,987.0
1.0,8904.0,3021.0,2961.0,4611.0,1350.0,450.0,450.0,450.0,987.0,987.0,987.0,1007.0,1007.0,1007.0,2968.0,2968.0,2968.0,450.0,450.0,450.0,987.0,987.0,987.0
1.0,10494.0,2934.0,2964.0,2940.0,1356.0,452.0,452.0,452.0,988.0,988.0,988.0,978.0,978.0,978.0,3498.0,3498.0,3498.0,452.0,452.0,452.0,988.0,988.0,988.0
1.0,10500.0,2979.0,2964.0,1350.0,2985.0,995.0,995.0,995.0,988.0,988.0,988.0,993.0,993.0,993.0,3500.0,3500.0,3500.0,995.0,995.0,995.0,988.0,988.0,988.0
1.0,8871.0,3009.0,2964.0,1356.0,4638.0,1546.0,1546.0,1546.0,988.0,988.0,988.0,1003.0,1003.0,1003.0,2957.0,2957.0,2957.0,1546.0,1546.0,1546.0,988.0,988.0,988.0
1.0,7218.0,2967.0,2964.0,2985.0,4620.0,1540.0,1540.0,1540.0,988.0,988.0,988.0,989.0,989.0,989.0,2406.0,2406.0,2406.0,1540.0,1540.0,1540.0,988.0,988.0,988.0
1.0,7236.0,2976.0,2964.0,4638.0,2958.0,986.0,986.0,986.0,988.0,988.0,988.0,992.0,992.0,992.0,2412.0,2412.0,2412.0,986.0,986.0,986.0,988.0,988.0,988.0
1.0,8898.0,3039.0,2967.0,4620.0,1389.0,463.0,463.0,463.0,989.0,989.0,989.0,1013.0,1013.0,1013.0,2966.0,2966.0,2966.0,463.0,463.0,463.0,989.0,989.0,989.0
1.0,10479.0,2946.0,2967.0,2958.0,1377.0,459.0,459.0,459.0,989.0,989.0,989.0,982.0,982.0,982.0,3493.0,3493.0,3493.0,459.0,459.0,459.0,989.0,989.0,989.0
1.0,10491.0,2976.0,2967.0,1389.0,2964.0,988.0,988.0,988.0,989.0,989.0,989.0,992.0,992.0,992.0,3497.0,3497.0,3497.0,988.0,988.0,988.0,989.0,989.0,989.0
1.0,8904.0,2988.0,2970.0,1377.0,4587.0,1529.0,1529.0,1529.0,990.0,990.0,990.0,996.0,996.0,996.0,2968.0,2968.0,2968.0,1529.0,1529.0,1529.0,990.0,990.0,990.0
1.0,7293.0,2964.0,2970.0,2964.0,4587.0,1529.0,1529.0,1529.0,990.0,990.0,990.0,988.0,988.0,988.0,2431.0,2431.0,2431.0,1529.0,1529.0,1529.0,990.0,990.0,990.0
1.0,7293.0,2970.0,2970.0,4587.0,2970.0,990.0,990.0,990.0,990.0,990.0,990.0,990.0,990.0,990.0,2431.0,2431.0,2431.0,990.0,990.0,990.0,990.0,990.0,990.0
1.0,8910.0,2997.0,2970.0,4587.0,1380.0,460.0,460.0,460.0,990.0,990.0,990.0,999.0,999.0,999.0,2970.0,2970.0,2970.0,460.0,460.0,460.0,990.0,990.0,990.0
1.0,10500.0,2994.0,2970.0,2970.0,1404.0,468.0,468.0,468.0,990.0,990.0,990.0,998.0,998.0,998.0,3500.0,3500.0,3500.0,468.0,468.0,468.0,990.0,990.0,990.0
1.0,10476.0,3045.0,2970.0,1380.0,3069.0,1023.0,1023.0,1023.0,990.0,990.0,990.0,1015.0,1015.0,1015.0,3492.0,3492.0,3492.0,1023.0,1023.0,1023.0,990.0,990.0,990.0
1.0,8811.0,2940.0,2970.0,1404.0,4605.0,1535.0,1535.0,1535.0,990.0,990.0,990.0,980.0,980.0,980.0,2937.0,2937.0,2937.0,1535.0,1535.0,1535.0,990.0,990.0,990.0
1.0,7275.0,2946.0,2970.0,3069.0,4482.0,1494.0,1494.0,1494.0,990.0,990.0,990.0,982.0,982.0,982.0,2425.0,2425.0,2425.0,1494.0,1494.0,1494.0,990.0,990.0,990.0
1.0,7398.0,3048.0,2973.0,4605.0,2937.0,979.0,979.0,979.0,991.0,991.0,991.0,1016.0,1016.0,1016.0,2466.0,2466.0,2466.0,979.0,979.0,979.0,991.0,991.0,991.0
1.0,8955.0,3021.0,2973.0,4482.0,1476.0,492.0,492.0,492.0,991.0,991.0,991.0,1007.0,1007.0,1007.0,2985.0,2985.0,2985.0,492.0,492.0,492.0,991.0,991.0,991.0
1.0,10416.0,3018.0,2973.0,2937.0,1557.0,519.0,519.0,519.0,991.0,991.0,991.0,1006.0,1006.0,1006.0,3472.0,3472.0,3472.0,519.0,519.0,519.0,991.0,991.0,991.0
1.0,10335.0,3000.0,2973.0,1476.0,3081.0,1027.0,1027.0,1027.0,991.0,991.0,991.0,1000.0,1000.0,1000.0,3445.0,3445.0,3445.0,1027.0,1027.0,1027.0,991.0,991.0,991.0
1.0,8811.0,2967.0,2973.0,1557.0,4491.0,1497.0,1497.0,1497.0,991.0,991.0,991.0,989.0,989.0,989.0,2937.0,2937.0,2937.0,1497.0,1497.0,1497.0,991.0,991.0,991.0
1.0,7401.0,2988.0,2973.0,3081.0,4398.0,1466.0,1466.0,1466.0,991.0,991.0,991.0,996.0,996.0,996.0,2467.0,2467.0,2467.0,1466.0,1466.0,1466.0,991.0,991.0,991.0
1.0,7494.0,2997.0,2976.0,4491.0,2916.0,972.0,972.0,972.0,992.0,992.0,992.0,999.0,999.0,999.0,2498.0,2498.0,2498.0,972.0,972.0,972.0,992.0,992.0,992.0
1.0,8988.0,2991.0,2976.0,4398.0,1509.0,503.0,503.0,503.0,992.0,992.0,992.0,997.0,997.0,997.0,2996.0,2996.0,2996.0,503.0,503.0,503.0,992.0,992.0,992.0
1.0,10395.0,2967.0,2976.0,2916.0,1560.0,520.0,520.0,520.0,992.0,992.0,992.0,989.0,989.0,989.0,3465.0,3465.0,3465.0,520.0,520.0,520.0,992.0,992.0,992.0
1.0,10344.0,3027.0,2976.0,1509.0,3078.0,1026.0,1026.0,1026.0,992.0,992.0,992.0,1009.0,1009.0,1009.0,3448.0,3448.0,3448.0,1026.0,1026.0,1026.0,992.0,992.0,992.0
1.0,8826.0,2994.0,2976.0,1560.0,4512.0,1504.0,1504.0,1504.0,992.0,992.0,992.0,998.0,998.0,998.0,2942.0,2942.0,2942.0,1504.0,1504.0,1504.0,992.0,992.0,992.0
1.0,7392.0,2985.0,2976.0,3078.0,4419.0,1473.0,1473.0,1473.0,992.0,992.0,992.0,995.0,995.0,995.0,2464.0,2464.0,2464.0,1473.0,1473.0,1473.0,992.0,992.0,992.0
1.0,7485.0,3030.0,2979.0,4512.0,2949.0,983.0,983.0,983.0,993.0,993.0,993.0,1010.0,1010.0,1010.0,2495.0,2495.0,2495.0,983.0,983.0,983.0,993.0,993.0,993.0
1.0,8967.0,2997.0,2979.0,4419.0,1527.0,509.0,509.0,509.0,993.0,993.0,993.0,999.0,999.0,999.0,2989.0,2989.0,2989.0,509.0,509.0,509.0,993.0,993.0,993.0
1.0,10389.0,2955.0,2979.0,2949.0,1533.0,511.0,511.0,511.0,993.0,993.0,993.0,985.0,985.0,985.0,3463.0,3463.0,3463.0,511.0,511.0,511.0,993.0,993.0,993.0
1.0,10383.0,2982.0,2979.0,1527.0,2988.0,996.0,996.0,996.0,993.0,993.0,993.0,994.0,994.0,994.0,3461.0,3461.0,3461.0,996.0,996.0,996.0,993.0,993.0,993.0
1.0,8928.0,3030.0,2982.0,1533.0,4497.0,1499.0,1499.0,1499.0,994.0,994.0,994.0,1010.0,1010.0,1010.0,2976.0,2976.0,2976.0,1499.0,1499.0,1499.0,994.0,994.0,994.0
1.0,7431.0,2967.0,2982.0,2988.0,4476.0,1492.0,1492.0,1492.0,994.0,994.0,994.0,989.0,989.0,989.0,2477.0,2477.0,2477.0,1492.0,1492.0,1492.0,994.0,994.0,994.0
1.0,7452.0,2955.0,2979.0,4497.0,2922.0,974.0,974.0,974.0,993.0,993.0,993.0,985.0,985.0,985.0,2484.0,2484.0,2484.0,974.0,974.0,974.0,993.0,993.0,993.0
1.0,8994.0,3027.0,2982.0,4476.0,1485.0,495.0,495.0,495.0,994.0,994.0,994.0,1009.0,1009.0,1009.0,2998.0,2998.0,2998.0,495.0,495.0,495.0,994.0,994.0,994.0
1.0,10443.0,3003.0,2982.0,2922.0,1566.0,522.0,522.0,522.0,994.0,994.0,994.0,1001.0,1001.0,1001.0,3481.0,3481.0,3481.0,522.0,522.0,522.0,994.0,994.0,994.0
1.0,10362.0,3009.0,2982.0,1485.0,3090.0,1030.0,1030.0,1030.0,994.0,994.0,994.0,1003.0,1003.0,1003.0,3454.0,3454.0,3454.0,1030.0,1030.0,1030.0,994.0,994.0,994.0
1.0,8838.0,3006.0,2982.0,1566.0,4530.0,1510.0,1510.0,1510.0,994.0,994.0,994.0,1002.0,1002.0,1002.0,2946.0,2946.0,2946.0,1510.0,1510.0,1510.0,994.0,994.0,994.0
1.0,7398.0,3042.0,2985.0,3090.0,4494.0,1498.0,1498.0,1498.0,995.0,995.0,995.0,1014.0,1014.0,1014.0,2466.0,2466.0,2466.0,1498.0,1498.0,1498.0,995.0,995.0,995.0
1.0,7446.0,2991.0,2985.0,4530.0,2955.0,985.0,985.0,985.0,995.0,995.0,995.0,997.0,997.0,997.0,2482.0,2482.0,2482.0,985.0,985.0,985.0,995.0,995.0,995.0
1.0,8985.0,2991.0,2985.0,4494.0,1452.0,484.0,484.0,484.0,995.0,995.0,995.0,997.0,997.0,997.0,2995.0,2995.0,2995.0,484.0,484.0,484.0,995.0,995.0,995.0
1.0,10488.0,3000.0,2988.0,2955.0,1509.0,503.0,503.0,503.0,996.0,996.0,996.0,1000.0,1000.0,1000.0,3496.0,3496.0,3496.0,503.0,503.0,503.0,996.0,996.0,996.0
1.0,10443.0,3030.0,2988.0,1452.0,3087.0,1029.0,1029.0,1029.0,996.0,996.0,996.0,1010.0,1010.0,1010.0,3481.0,3481.0,3481.0,1029.0,1029.0,1029.0,996.0,996.0,996.0
1.0,8865.0,3051.0,2991.0,1509.0,4641.0,1547.0,1547.0,1547.0,997.0,997.0,997.0,1017.0,1017.0,1017.0,2955.0,2955.0,2955.0,1547.0,1547.0,1547.0,997.0,997.0,997.0
1.0,7323.0,3039.0,2991.0,3087.0,4593.0,1531.0,1531.0,1531.0,997.0,997.0,997.0,1013.0,1013.0,1013.0,2441.0,2441.0,2441.0,1531.0,1531.0,1531.0,997.0,997.0,997.0
1.0,7371.0,3000.0,2991.0,4641.0,2952.0,984.0,984.0,984.0,997.0,997.0,997.0,1000.0,1000.0,1000.0,2457.0,2457.0,2457.0,984.0,984.0,984.0,997.0,997.0,997.0
1.0,9012.0,2991.0,2994.0,4593.0,1362.0,454.0,454.0,454.0,998.0,998.0,998.0,997.0,997.0,997.0,3004.0,3004.0,3004.0,454.0,454.0,454.0,998.0,998.0,998.0
1.0,10614.0,2982.0,2994.0,2952.0,1392.0,464.0,464.0,464.0,998.0,998.0,998.0,994.0,994.0,994.0,3538.0,3538.0,3538.0,464.0,464.0,464.0,998.0,998.0,998.0
1.0,10584.0,2997.0,2994.0,1362.0,3027.0,1009.0,1009.0,1009.0,998.0,998.0,998.0,999.0,999.0,999.0,3528.0,3528.0,3528.0,1009.0,1009.0,1009.0,998.0,998.0,998.0
1.0,8949.0,3036.0,2997.0,1392.0,4683.0,1561.0,1561.0,1561.0,999.0,999.0,999.0,1012.0,1012.0,1012.0,2983.0,2983.0,2983.0,1561.0,1561.0,1561.0,999.0,999.0,999.0
1.0,7305.0,2982.0,2994.0,3027.0,4626.0,1542.0,1542.0,1542.0,998.0,998.0,998.0,994.0,994.0,994.0,2435.0,2435.0,2435.0,1542.0,1542.0,1542.0,998.0,998.0,998.0
1.0,7350.0,3036.0,2997.0,4683.0,2991.0,997.0,997.0,997.0,999.0,999.0,999.0,1012.0,1012.0,1012.0,2450.0,2450.0,2450.0,997.0,997.0,997.0,999.0,999.0,999.0
1.0,8997.0,3033.0,3000.0,4626.0,1410.0,470.0,470.0,470.0,1000.0,1000.0,1000.0,1011.0,1011.0,1011.0,2999.0,2999.0,2999.0,470.0,470.0,470.0,1000.0,1000.0,1000.0
1.0,10590.0,2994.0,2997.0,2991.0,1401.0,467.0,467.0,467.0,999.0,999.0,999.0,998.0,998.0,998.0,3530.0,3530.0,3530.0,467.0,467.0,467.0,999.0,999.0,999.0
1.0,10587.0,2964.0,2997.0,1410.0,2955.0,985.0,985.0,985.0,999.0,999.0,999.0,988.0,988.0,988.0,3529.0,3529.0,3529.0,985.0,985.0,985.0,999.0,999.0,999.0
1.0,9033.0,3066.0,3000.0,1401.0,4632.0,1544.0,1544.0,1544.0,1000.0,1000.0,1000.0,1022.0,1022.0,1022.0,3011.0,3011.0,3011.0,1544.0,1544.0,1544.0,1000.0,1000.0,1000.0
1.0,7368.0,3105.0,3000.0,2955.0,4782.0,1594.0,1594.0,1594.0,1000.0,1000.0,1000.0,1035.0,1035.0,1035.0,2456.0,2456.0,2456.0,1594.0,1594.0,1594.0,1000.0,1000.0,1000.0
1.0,7218.0,3048.0,3003.0,4632.0,3210.0,1070.0,1070.0,1070.0,1001.0,1001.0,1001.0,1016.0,1016.0,1016.0,2406.0,2406.0,2406.0,1070.0,1070.0,1070.0,1001.0,1001.0,1001.0
1.0,8802.0,2982.0,3003.0,4782.0,1410.0,470.0,470.0,470.0,1001.0,1001.0,1001.0,994.0,994.0,994.0,2934.0,2934.0,2934.0,470.0,470.0,470.0,1001.0,1001.0,1001.0
1.0,10602.0,3069.0,3006.0,3210.0,1281.0,427.0,427.0,427.0,1002.0,1002.0,1002.0,1023.0,1023.0,1023.0,3534.0,3534.0,3534.0,427.0,427.0,427.0,1002.0,1002.0,1002.0
1.0,10743.0,3042.0,3006.0,1410.0,2913.0,971.0,971.0,971.0,1002.0,1002.0,1002.0,1014.0,1014.0,1014.0,3581.0,3581.0,3581.0,971.0,971.0,971.0,1002.0,1002.0,1002.0
1.0,9111.0,2982.0,3006.0,1281.0,4614.0,1538.0,1538.0,1538.0,1002.0,1002.0,1002.0,994.0,994.0,994.0,3037.0,3037.0,3037.0,1538.0,1538.0,1538.0,1002.0,1002.0,1002.0
1.0,7410.0,3033.0,3006.0,2913.0,4734.0,1578.0,1578.0,1578.0,1002.0,1002.0,1002.0,1011.0,1011.0,1011.0,2470.0,2470.0,2470.0,1578.0,1578.0,1578.0,1002.0,1002.0,1002.0
1.0,7290.0,2985.0,3006.0,4614.0,3105.0,1035.0,1035.0,1035.0,1002.0,1002.0,1002.0,995.0,995.0,995.0,2430.0,2430.0,2430.0,1035.0,1035.0,1035.0,1002.0,1002.0,1002.0
1.0,8919.0,3033.0,3006.0,4734.0,1404.0,468.0,468.0,468.0,1002.0,1002.0,1002.0,1011.0,1011.0,1011.0,2973.0,2973.0,2973.0,468.0,468.0,468.0,1002.0,1002.0,1002.0
1.0,10620.0,3102.0,3009.0,3105.0,1413.0,471.0,471.0,471.0,1003.0,1003.0,1003.0,1034.0,1034.0,1034.0,3540.0,3540.0,3540.0,471.0,471.0,471.0,1003.0,1003.0,1003.0
1.0,10623.0,3003.0,3012.0,1404.0,3024.0,1008.0,1008.0,1008.0,1004.0,1004.0,1004.0,1001.0,1001.0,1001.0,3541.0,3541.0,3541.0,1008.0,1008.0,1008.0,1004.0,1004.0,1004.0
1.0,9024.0,3027.0,3012.0,1413.0,4638.0,1546.0,1546.0,1546.0,1004.0,1004.0,1004.0,1009.0,1009.0,1009.0,3008.0,3008.0,3008.0,1546.0,1546.0,1546.0,1004.0,1004.0,1004.0
1.0,7410.0,3027.0,3012.0,3024.0,4641.0,1547.0,1547.0,1547.0,1004.0,1004.0,1004.0,1009.0,1009.0,1009.0,2470.0,2470.0,2470.0,1547.0,1547.0,1547.0,1004.0,1004.0,1004.0
1.0,7407.0,3009.0,3012.0,4638.0,3012.0,1004.0,1004.0,1004.0,1004.0,1004.0,1004.0,1003.0,1003.0,1003.0,2469.0,2469.0,2469.0,1004.0,1004.0,1004.0,1004.0,1004.0,1004.0
1.0,9036.0,3051.0,3012.0,4641.0,1422.0,474.0,474.0,474.0,1004.0,1004.0,1004.0,1017.0,1017.0,1017.0,3012.0,3012.0,3012.0,474.0,474.0,474.0,1004.0,1004.0,1004.0
1.0,10626.0,3003.0,3012.0,3012.0,1413.0,471.0,471.0,471.0,1004.0,1004.0,1004.0,1001.0,1001.0,1001.0,3542.0,3542.0,3542.0,471.0,471.0,471.0,1004.0,1004.0,1004.0
1.0,10635.0,3021.0,3012.0,1422.0,3012.0,1004.0,1004.0,1004.0,1004.0,1004.0,1004.0,1007.0,1007.0,1007.0,3545.0,3545.0,3545.0,1004.0,1004.0,1004.0,1004.0,1004.0,1004.0
1.0,9036.0,3024.0,3012.0,1413.0,4623.0,1541.0,1541.0,1541.0,1004.0,1004.0,1004.0,1008.0,1008.0,1008.0,3012.0,3012.0,3012.0,1541.0,1541.0,1541.0,1004.0,1004.0,1004.0
1.0,7425.0,3036.0,3015.0,3012.0,4659.0,1553.0,1553.0,1553.0,1005.0,1005.0,1005.0,1012.0,1012.0,1012.0,2475.0,2475.0,2475.0,1553.0,1553.0,1553.0,1005.0,1005.0,1005.0
1.0,7401.0,3003.0,3015.0,4623.0,3039.0,1013.0,1013.0,1013.0,1005.0,1005.0,1005.0,1001.0,1001.0,1001.0,2467.0,2467.0,2467.0,1013.0,1013.0,1013.0,1005.0,1005.0,1005.0
1.0,9021.0,3048.0,3015.0,4659.0,1428.0,476.0,476.0,476.0,1005.0,1005.0,1005.0,1016.0,1016.0,1016.0,3007.0,3007.0,3007.0,476.0,476.0,476.0,1005.0,1005.0,1005.0
1.0,10632.0,3036.0,3015.0,3039.0,1425.0,475.0,475.0,475.0,1005.0,1005.0,1005.0,1012.0,1012.0,1012.0,3544.0,3544.0,3544.0,475.0,475.0,475.0,1005.0,1005.0,1005.0
1.0,10635.0,3009.0,3018.0,1428.0,3018.0,1006.0,1006.0,1006.0,1006.0,1006.0,1006.0,1003.0,1003.0,1003.0,3545.0,3545.0,3545.0,1006.0,1006.0,1006.0,1006.0,1006.0,1006.0
1.0,9054.0,3024.0,3018.0,1425.0,4617.0,1539.0,1539.0,1539.0,1006.0,1006.0,1006.0,1008.0,1008.0,1008.0,3018.0,3018.0,3018.0,1539.0,1539.0,1539.0,1006.0,1006.0,1006.0
1.0,7455.0,3030.0,3018.0,3018.0,4629.0,1543.0,1543.0,1543.0,1006.0,1006.0,1006.0,1010.0,1010.0,1010.0,2485.0,2485.0,2485.0,1543.0,1543.0,1543.0,1006.0,1006.0,1006.0
1.0,7443.0,3015.0,3018.0,4617.0,3027.0,1009.0,1009.0,1009.0,1006.0,1006.0,1006.0,1005.0,1005.0,1005.0,2481.0,2481.0,2481.0,1009.0,1009.0,1009.0,1006.0,1006.0,1006.0
1.0,9045.0,2958.0,3018.0,4629.0,1356.0,452.0,452.0,452.0,1006.0,1006.0,1006.0,986.0,986.0,986.0,3015.0,3015.0,3015.0,452.0,452.0,452.0,1006.0,1006.0,1006.0
1.0,10716.0,3057.0,3018.0,3027.0,1386.0,462.0,462.0,462.0,1006.0,1006.0,1006.0,1019.0,1019.0,1019.0,3572.0,3572.0,3572.0,462.0,462.0,462.0,1006.0,1006.0,1006.0
1.0,10686.0,3012.0,3018.0,1356.0,3042.0,1014.0,1014.0,1014.0,1006.0,1006.0,1006.0,1004.0,1004.0,1004.0,3562.0,3562.0,3562.0,1014.0,1014.0,1014.0,1006.0,1006.0,1006.0
1.0,9030.0,3000.0,3021.0,1386.0,4668.0,1556.0,1556.0,1556.0,1007.0,1007.0,1007.0,1000.0,1000.0,1000.0,3010.0,3010.0,3010.0,1556.0,1556.0,1556.0,1007.0,1007.0,1007.0
1.0,7416.0,3009.0,3021.0,3042.0,4635.0,1545.0,1545.0,1545.0,1007.0,1007.0,1007.0,1003.0,1003.0,1003.0,2472.0,2472.0,2472.0,1545.0,1545.0,1545.0,1007.0,1007.0,1007.0
1.0,7449.0,2997.0,3021.0,4668.0,2964.0,988.0,988.0,988.0,1007.0,1007.0,1007.0,999.0,999.0,999.0,2483.0,2483.0,2483.0,988.0,988.0,988.0,1007.0,1007.0,1007.0
1.0,9120.0,3042.0,3021.0,4635.0,1371.0,457.0,457.0,457.0,1007.0,1007.0,1007.0,1014.0,1014.0,1014.0,3040.0,3040.0,3040.0,457.0,457.0,457.0,1007.0,1007.0,1007.0
1.0,10713.0,3012.0,3021.0,2964.0,1419.0,473.0,473.0,473.0,1007.0,1007.0,1007.0,1004.0,1004.0,1004.0,3571.0,3571.0,3571.0,473.0,473.0,473.0,1007.0,1007.0,1007.0
1.0,10665.0,3018.0,3021.0,1371.0,3066.0,1022.0,1022.0,1022.0,1007.0,1007.0,1007.0,1006.0,1006.0,1006.0,3555.0,3555.0,3555.0,1022.0,1022.0,1022.0,1007.0,1007.0,1007.0
1.0,9018.0,2967.0,3018.0,1419.0,4602.0,1534.0,1534.0,1534.0,1006.0,1006.0,1006.0,989.0,989.0,989.0,3006.0,3006.0,3006.0,1534.0,1534.0,1534.0,1006.0,1006.0,1006.0
1.0,7470.0,3045.0,3021.0,3066.0,4593.0,1531.0,1531.0,1531.0,1007.0,1007.0,1007.0,1015.0,1015.0,1015.0,2490.0,2490.0,2490.0,1531.0,1531.0,1531.0,1007.0,1007.0,1007.0
1.0,7491.0,3042.0,3021.0,4602.0,3033.0,1011.0,1011.0,1011.0,1007.0,1007.0,1007.0,1014.0,1014.0,1014.0,2497.0,2497.0,2497.0,1011.0,1011.0,1011.0,1007.0,1007.0,1007.0
1.0,9051.0,3024.0,3021.0,4593.0,1464.0,488.0,488.0,488.0,1007.0,1007.0,1007.0,1008.0,1008.0,1008.0,3017.0,3017.0,3017.0,488.0,488.0,488.0,1007.0,1007.0,1007.0
1.0,10620.0,3006.0,3021.0,3033.0,1437.0,479.0,479.0,479.0,1007.0,1007.0,1007.0,1002.0,1002.0,1002.0,3540.0,3540.0,3540.0,479.0,479.0,479.0,1007.0,1007.0,1007.0
1.0,10647.0,3003.0,3021.0,1464.0,2976.0,992.0,992.0,992.0,1007.0,1007.0,1007.0,1001.0,1001.0,1001.0,3549.0,3549.0,3549.0,992.0,992.0,992.0,1007.0,1007.0,1007.0
1.0,9108.0,3009.0,3021.0,1437.0,4548.0,1516.0,1516.0,1516.0,1007.0,1007.0,1007.0,1003.0,1003.0,1003.0,3036.0,3036.0,3036.0,1516.0,1516.0,1516.0,1007.0,1007.0,1007.0
1.0,7536.0,3054.0,3021.0,2976.0,4626.0,1542.0,1542.0,1542.0,1007.0,1007.0,1007.0,1018.0,1018.0,1018.0,2512.0,2512.0,2512.0,1542.0,1542.0,1542.0,1007.0,1007.0,1007.0
1.0,7458.0,3045.0,3021.0,4548.0,3123.0,1041.0,1041.0,1041.0,1007.0,1007.0,1007.0,1015.0,1015.0,1015.0,2486.0,2486.0,2486.0,1041.0,1041.0,1041.0,1007.0,1007.0,1007.0
1.0,8961.0,2955.0,3021.0,4626.0,1452.0,484.0,484.0,484.0,1007.0,1007.0,1007.0,985.0,985.0,985.0,2987.0,2987.0,2987.0,484.0,484.0,484.0,1007.0,1007.0,1007.0
1.0,10632.0,3078.0,3021.0,3123.0,1407.0,469.0,469.0,469.0,1007.0,1007.0,1007.0,1026.0,1026.0,1026.0,3544.0,3544.0,3544.0,469.0,469.0,469.0,1007.0,1007.0,1007.0
1.0,10677.0,3060.0,3024.0,1452.0,3027.0,1009.0,1009.0,1009.0,1008.0,1008.0,1008.0,1020.0,1020.0,1020.0,3559.0,3559.0,3559.0,1009.0,1009.0,1009.0,1008.0,1008.0,1008.0
1.0,9069.0,3048.0,3024.0,1407.0,4668.0,1556.0,1556.0,1556.0,1008.0,1008.0,1008.0,1016.0,1016.0,1016.0,3023.0,3023.0,3023.0,1556.0,1556.0,1556.0,1008.0,1008.0,1008.0
1.0,7428.0,3066.0,3024.0,3027.0,4707.0,1569.0,1569.0,1569.0,1008.0,1008.0,1008.0,1022.0,1022.0,1022.0,2476.0,2476.0,2476.0,1569.0,1569.0,1569.0,1008.0,1008.0,1008.0
1.0,7389.0,3057.0,3027.0,4668.0,3108.0,1036.0,1036.0,1036.0,1009.0,1009.0,1009.0,1019.0,1019.0,1019.0,2463.0,2463.0,2463.0,1036.0,1036.0,1036.0,1009.0,1009.0,1009.0
1.0,9000.0,3054.0,3027.0,4707.0,1455.0,485.0,485.0,485.0,1009.0,1009.0,1009.0,1018.0,1018.0,1018.0,3000.0,3000.0,3000.0,485.0,485.0,485.0,1009.0,1009.0,1009.0
1.0,10653.0,3081.0,3027.0,3108.0,1428.0,476.0,476.0,476.0,1009.0,1009.0,1009.0,1027.0,1027.0,1027.0,3551.0,3551.0,3551.0,476.0,476.0,476.0,1009.0,1009.0,1009.0
1.0,10680.0,3063.0,3027.0,1455.0,3036.0,1012.0,1012.0,1012.0,1009.0,1009.0,1009.0,1021.0,1021.0,1021.0,3560.0,3560.0,3560.0,1012.0,1012.0,1012.0,1009.0,1009.0,1009.0
1.0,9072.0,3126.0,3030.0,1428.0,4746.0,1582.0,1582.0,1582.0,1010.0,1010.0,1010.0,1042.0,1042.0,1042.0,3024.0,3024.0,3024.0,1582.0,1582.0,1582.0,1010.0,1010.0,1010.0
1.0,7374.0,3111.0,3030.0,3036.0,4821.0,1607.0,1607.0,1607.0,1010.0,1010.0,1010.0,1037.0,1037.0,1037.0,2458.0,2458.0,2458.0,1607.0,1607.0,1607.0,1010.0,1010.0,1010.0
1.0,7299.0,3060.0,3030.0,4746.0,3135.0,1045.0,1045.0,1045.0,1010.0,1010.0,1010.0,1020.0,1020.0,1020.0,2433.0,2433.0,2433.0,1045.0,1045.0,1045.0,1010.0,1010.0,1010.0
1.0,8985.0,3036.0,3030.0,4821.0,1350.0,450.0,450.0,450.0,1010.0,1010.0,1010.0,1012.0,1012.0,1012.0,2995.0,2995.0,2995.0,450.0,450.0,450.0,1010.0,1010.0,1010.0
1.0,10770.0,3072.0,3033.0,3135.0,1299.0,433.0,433.0,433.0,1011.0,1011.0,1011.0,1024.0,1024.0,1024.0,3590.0,3590.0,3590.0,433.0,433.0,433.0,1011.0,1011.0,1011.0
1.0,10833.0,3051.0,3033.0,1350.0,3000.0,1000.0,1000.0,1000.0,1011.0,1011.0,1011.0,1017.0,1017.0,1017.0,3611.0,3611.0,3611.0,1000.0,1000.0,1000.0,1011.0,1011.0,1011.0
1.0,9132.0,3054.0,3033.0,1299.0,4755.0,1585.0,1585.0,1585.0,1011.0,1011.0,1011.0,1018.0,1018.0,1018.0,3044.0,3044.0,3044.0,1585.0,1585.0,1585.0,1011.0,1011.0,1011.0
1.0,7377.0,3042.0,3033.0,3000.0,4797.0,1599.0,1599.0,1599.0,1011.0,1011.0,1011.0,1014.0,1014.0,1014.0,2459.0,2459.0,2459.0,1599.0,1599.0,1599.0,1011.0,1011.0,1011.0
1.0,7335.0,3063.0,3033.0,4755.0,3105.0,1035.0,1035.0,1035.0,1011.0,1011.0,1011.0,1021.0,1021.0,1021.0,2445.0,2445.0,2445.0,1035.0,1035.0,1035.0,1011.0,1011.0,1011.0
1.0,9027.0,3066.0,3036.0,4797.0,1386.0,462.0,462.0,462.0,1012.0,1012.0,1012.0,1022.0,1022.0,1022.0,3009.0,3009.0,3009.0,462.0,462.0,462.0,1012.0,1012.0,1012.0
1.0,10758.0,3045.0,3036.0,3105.0,1326.0,442.0,442.0,442.0,1012.0,1012.0,1012.0,1015.0,1015.0,1015.0,3586.0,3586.0,3586.0,442.0,442.0,442.0,1012.0,1012.0,1012.0
1.0,10818.0,3066.0,3036.0,1386.0,3006.0,1002.0,1002.0,1002.0,1012.0,1012.0,1012.0,1022.0,1022.0,1022.0,3606.0,3606.0,3606.0,1002.0,1002.0,1002.0,1012.0,1012.0,1012.0
1.0,9138.0,3051.0,3036.0,1326.0,4731.0,1577.0,1577.0,1577.0,1012.0,1012.0,1012.0,1017.0,1017.0,1017.0,3046.0,3046.0,3046.0,1577.0,1577.0,1577.0,1012.0,1012.0,1012.0
1.0,7413.0,3042.0,3036.0,3006.0,4767.0,1589.0,1589.0,1589.0,1012.0,1012.0,1012.0,1014.0,1014.0,1014.0,2471.0,2471.0,2471.0,1589.0,1589.0,1589.0,1012.0,1012.0,1012.0
1.0,7377.0,3048.0,3036.0,4731.0,3084.0,1028.0,1028.0,1028.0,1012.0,1012.0,1012.0,1016.0,1016.0,1016.0,2459.0,2459.0,2459.0,1028.0,1028.0,1028.0,1012.0,1012.0,1012.0
1.0,9060.0,3090.0,3039.0,4767.0,1419.0,473.0,473.0,473.0,1013.0,1013.0,1013.0,1030.0,1030.0,1030.0,3020.0,3020.0,3020.0,473.0,473.0,473.0,1013.0,1013.0,1013.0
1.0,10737.0,3036.0,3039.0,3084.0,1371.0,457.0,457.0,457.0,1013.0,1013.0,1013.0,1012.0,1012.0,1012.0,3579.0,3579.0,3579.0,457.0,457.0,457.0,1013.0,1013.0,1013.0
1.0,10785.0,3054.0,3039.0,1419.0,3006.0,1002.0,1002.0,1002.0,1013.0,1013.0,1013.0,1018.0,1018.0,1018.0,3595.0,3595.0,3595.0,1002.0,1002.0,1002.0,1013.0,1013.0,1013.0
1.0,9150.0,3078.0,3042.0,1371.0,4725.0,1575.0,1575.0,1575.0,1014.0,1014.0,1014.0,1026.0,1026.0,1026.0,3050.0,3050.0,3050.0,1575.0,1575.0,1575.0,1014.0,1014.0,1014.0
1.0,7443.0,3036.0,3039.0,3006.0,4743.0,1581.0,1581.0,1581.0,1013.0,1013.0,1013.0,1012.0,1012.0,1012.0,2481.0,2481.0,2481.0,1581.0,1581.0,1581.0,1013.0,1013.0,1013.0
1.0,7413.0,3063.0,3042.0,4725.0,3093.0,1031.0,1031.0,1031.0,1014.0,1014.0,1014.0,1021.0,1021.0,1021.0,2471.0,2471.0,2471.0,1031.0,1031.0,1031.0,1014.0,1014.0,1014.0
1.0,9075.0,3021.0,3042.0,4743.0,1371.0,457.0,457.0,457.0,1014.0,1014.0,1014.0,1007.0,1007.0,1007.0,3025.0,3025.0,3025.0,457.0,457.0,457.0,1014.0,1014.0,1014.0
1.0,10797.0,3039.0,3042.0,3093.0,1317.0,439.0,439.0,439.0,1014.0,1014.0,1014.0,1013.0,1013.0,1013.0,3599.0,3599.0,3599.0,439.0,439.0,439.0,1014.0,1014.0,1014.0
1.0,10851.0,3060.0,3042.0,1371.0,3006.0,1002.0,1002.0,1002.0,1014.0,1014.0,1014.0,1020.0,1020.0,1020.0,3617.0,3617.0,3617.0,1002.0,1002.0,1002.0,1014.0,1014.0,1014.0
1.0,9162.0,3057.0,3042.0,1317.0,4746.0,1582.0,1582.0,1582.0,1014.0,1014.0,1014.0,1019.0,1019.0,1019.0,3054.0,3054.0,3054.0,1582.0,1582.0,1582.0,1014.0,1014.0,1014.0
1.0,7422.0,3057.0,3045.0,3006.0,4809.0,1603.0,1603.0,1603.0,1015.0,1015.0,1015.0,1019.0,1019.0,1019.0,2474.0,2474.0,2474.0,1603.0,1603.0,1603.0,1015.0,1015.0,1015.0
1.0,7371.0,3114.0,3045.0,4746.0,3177.0,1059.0,1059.0,1059.0,1015.0,1015.0,1015.0,1038.0,1038.0,1038.0,2457.0,2457.0,2457.0,1059.0,1059.0,1059.0,1015.0,1015.0,1015.0
1.0,9003.0,2994.0,3045.0,4809.0,1362.0,454.0,454.0,454.0,1015.0,1015.0,1015.0,998.0,998.0,998.0,3001.0,3001.0,3001.0,454.0,454.0,454.0,1015.0,1015.0,1015.0
1.0,10818.0,3066.0,3048.0,3177.0,1263.0,421.0,421.0,421.0,1016.0,1016.0,1016.0,1022.0,1022.0,1022.0,3606.0,3606.0,3606.0,421.0,421.0,421.0,1016.0,1016.0,1016.0
1.0,10929.0,3066.0,3048.0,1362.0,2967.0,989.0,989.0,989.0,1016.0,1016.0,1016.0,1022.0,1022.0,1022.0,3643.0,3643.0,3643.0,989.0,989.0,989.0,1016.0,1016.0,1016.0
1.0,9225.0,3099.0,3051.0,1263.0,4815.0,1605.0,1605.0,1605.0,1017.0,1017.0,1017.0,1033.0,1033.0,1033.0,3075.0,3075.0,3075.0,1605.0,1605.0,1605.0,1017.0,1017.0,1017.0
1.0,7389.0,3084.0,3051.0,2967.0,4932.0,1644.0,1644.0,1644.0,1017.0,1017.0,1017.0,1028.0,1028.0,1028.0,2463.0,2463.0,2463.0,1644.0,1644.0,1644.0,1017.0,1017.0,1017.0
1.0,7272.0,3087.0,3051.0,4815.0,3204.0,1068.0,1068.0,1068.0,1017.0,1017.0,1017.0,1029.0,1029.0,1029.0,2424.0,2424.0,2424.0,1068.0,1068.0,1068.0,1017.0,1017.0,1017.0
1.0,9000.0,3027.0,3051.0,4932.0,1299.0,433.0,433.0,433.0,1017.0,1017.0,1017.0,1009.0,1009.0,1009.0,3000.0,3000.0,3000.0,433.0,433.0,433.0,1017.0,1017.0,1017.0
1.0,10905.0,3117.0,3054.0,3204.0,1224.0,408.0,408.0,408.0,1018.0,1018.0,1018.0,1039.0,1039.0,1039.0,3635.0,3635.0,3635.0,408.0,408.0,408.0,1018.0,1018.0,1018.0
1.0,10992.0,3087.0,3057.0,1299.0,3024.0,1008.0,1008.0,1008.0,1019.0,1019.0,1019.0,1029.0,1029.0,1029.0,3664.0,3664.0,3664.0,1008.0,1008.0,1008.0,1019.0,1019.0,1019.0
1.0,9204.0,3090.0,3057.0,1224.0,4890.0,1630.0,1630.0,1630.0,1019.0,1019.0,1019.0,1030.0,1030.0,1030.0,3068.0,3068.0,3068.0,1630.0,1630.0,1630.0,1019.0,1019.0,1019.0
1.0,7338.0,3015.0,3057.0,3024.0,4881.0,1627.0,1627.0,1627.0,1019.0,1019.0,1019.0,1005.0,1005.0,1005.0,2446.0,2446.0,2446.0,1627.0,1627.0,1627.0,1019.0,1019.0,1019.0
1.0,7347.0,3063.0,3057.0,4890.0,3054.0,1018.0,1018.0,1018.0,1019.0,1019.0,1019.0,1021.0,1021.0,1021.0,2449.0,2449.0,2449.0,1018.0,1018.0,1018.0,1019.0,1019.0,1019.0
1.0,9174.0,3015.0,3057.0,4881.0,1188.0,396.0,396.0,396.0,1019.0,1019.0,1019.0,1005.0,1005.0,1005.0,3058.0,3058.0,3058.0,396.0,396.0,396.0,1019.0,1019.0,1019.0
1.0,11040.0,3060.0,3060.0,3054.0,1206.0,402.0,402.0,402.0,1020.0,1020.0,1020.0,1020.0,1020.0,1020.0,3680.0,3680.0,3680.0,402.0,402.0,402.0,1020.0,1020.0,1020.0
1.0,11034.0,3072.0,3060.0,1188.0,3090.0,1030.0,1030.0,1030.0,1020.0,1020.0,1020.0,1024.0,1024.0,1024.0,3678.0,3678.0,3678.0,1030.0,1030.0,1030.0,1020.0,1020.0,1020.0
1.0,9150.0,2991.0,3057.0,1206.0,4863.0,1621.0,1621.0,1621.0,1019.0,1019.0,1019.0,997.0,997.0,997.0,3050.0,3050.0,3050.0,1621.0,1621.0,1621.0,1019.0,1019.0,1019.0
1.0,7365.0,3054.0,3060.0,3090.0,4839.0,1613.0,1613.0,1613.0,1020.0,1020.0,1020.0,1018.0,1018.0,1018.0,2455.0,2455.0,2455.0,1613.0,1613.0,1613.0,1020.0,1020.0,1020.0
1.0,7401.0,3033.0,3060.0,4863.0,3009.0,1003.0,1003.0,1003.0,1020.0,1020.0,1020.0,1011.0,1011.0,1011.0,2467.0,2467.0,2467.0,1003.0,1003.0,1003.0,1020.0,1020.0,1020.0
1.0,9231.0,3036.0,3060.0,4839.0,1206.0,402.0,402.0,402.0,1020.0,1020.0,1020.0,1012.0,1012.0,1012.0,3077.0,3077.0,3077.0,402.0,402.0,402.0,1020.0,1020.0,1020.0
1.0,11034.0,3069.0,3060.0,3009.0,1266.0,422.0,422.0,422.0,1020.0,1020.0,1020.0,1023.0,1023.0,1023.0,3678.0,3678.0,3678.0,422.0,422.0,422.0,1020.0,1020.0,1020.0
1.0,10974.0,3045.0,3060.0,1206.0,3105.0,1035.0,1035.0,1035.0,1020.0,1020.0,1020.0,1015.0,1015.0,1015.0,3658.0,3658.0,3658.0,1035.0,1035.0,1035.0,1020.0,1020.0,1020.0
1.0,9135.0,3069.0,3060.0,1266.0,4908.0,1636.0,1636.0,1636.0,1020.0,1020.0,1020.0,1023.0,1023.0,1023.0,3045.0,3045.0,3045.0,1636.0,1636.0,1636.0,1020.0,1020.0,1020.0
1.0,7332.0,3099.0,3060.0,3105.0,4902.0,1634.0,1634.0,1634.0,1020.0,1020.0,1020.0,1033.0,1033.0,1033.0,2444.0,2444.0,2444.0,1634.0,1634.0,1634.0,1020.0,1020.0,1020.0
1.0,7338.0,3153.0,3060.0,4908.0,3147.0,1049.0,1049.0,1049.0,1020.0,1020.0,1020.0,1051.0,1051.0,1051.0,2446.0,2446.0,2446.0,1049.0,1049.0,1049.0,1020.0,1020.0,1020.0
1.0,9093.0,3102.0,3063.0,4902.0,1359.0,453.0,453.0,453.0,1021.0,1021.0,1021.0,1034.0,1034.0,1034.0,3031.0,3031.0,3031.0,453.0,453.0,453.0,1021.0,1021.0,1021.0
1.0,10893.0,3063.0,3060.0,3147.0,1263.0,421.0,421.0,421.0,1020.0,1020.0,1020.0,1021.0,1021.0,1021.0,3631.0,3631.0,3631.0,421.0,421.0,421.0,1020.0,1020.0,1020.0
1.0,10977.0,3030.0,3060.0,1359.0,2934.0,978.0,978.0,978.0,1020.0,1020.0,1020.0,1010.0,1010.0,1010.0,3659.0,3659.0,3659.0,978.0,978.0,978.0,1020.0,1020.0,1020.0
1.0,9306.0,3066.0,3060.0,1263.0,4737.0,1579.0,1579.0,1579.0,1020.0,1020.0,1020.0,1022.0,1022.0,1022.0,3102.0,3102.0,3102.0,1579.0,1579.0,1579.0,1020.0,1020.0,1020.0
1.0,7503.0,3042.0,3060.0,2934.0,4845.0,1615.0,1615.0,1615.0,1020.0,1020.0,1020.0,1014.0,1014.0,1014.0,2501.0,2501.0,2501.0,1615.0,1615.0,1615.0,1020.0,1020.0,1020.0
1.0,7395.0,3063.0,3060.0,4737.0,3171.0,1057.0,1057.0,1057.0,1020.0,1020.0,1020.0,1021.0,1021.0,1021.0,2465.0,2465.0,2465.0,1057.0,1057.0,1057.0,1020.0,1020.0,1020.0
1.0,9069.0,3093.0,3060.0,4845.0,1419.0,473.0,473.0,473.0,1020.0,1020.0,1020.0,1031.0,1031.0,1031.0,3023.0,3023.0,3023.0,473.0,473.0,473.0,1020.0,1020.0,1020.0
1.0,10821.0,3045.0,3060.0,3171.0,1293.0,431.0,431.0,431.0,1020.0,1020.0,1020.0,1015.0,1015.0,1015.0,3607.0,3607.0,3607.0,431.0,431.0,431.0,1020.0,1020.0,1020.0
1.0,10947.0,3087.0,3060.0,1419.0,2961.0,987.0,987.0,987.0,1020.0,1020.0,1020.0,1029.0,1029.0,1029.0,3649.0,3649.0,3649.0,987.0,987.0,987.0,1020.0,1020.0,1020.0
1.0,9279.0,3093.0,3060.0,1293.0,4761.0,1587.0,1587.0,1587.0,1020.0,1020.0,1020.0,1031.0,1031.0,1031.0,3093.0,3093.0,3093.0,1587.0,1587.0,1587.0,1020.0,1020.0,1020.0
1.0,7479.0,3099.0,3063.0,2961.0,4911.0,1637.0,1637.0,1637.0,1021.0,1021.0,1021.0,1033.0,1033.0,1033.0,2493.0,2493.0,2493.0,1637.0,1637.0,1637.0,1021.0,1021.0,1021.0
1.0,7341.0,3087.0,3063.0,4761.0,3237.0,1079.0,1079.0,1079.0,1021.0,1021.0,1021.0,1029.0,1029.0,1029.0,2447.0,2447.0,2447.0,1079.0,1079.0,1079.0,1021.0,1021.0,1021.0
1.0,9015.0,3132.0,3063.0,4911.0,1458.0,486.0,486.0,486.0,1021.0,1021.0,1021.0,1044.0,1044.0,1044.0,3005.0,3005.0,3005.0,486.0,486.0,486.0,1021.0,1021.0,1021.0
1.0,10794.0,3069.0,3066.0,3237.0,1302.0,434.0,434.0,434.0,1022.0,1022.0,1022.0,1023.0,1023.0,1023.0,3598.0,3598.0,3598.0,434.0,434.0,434.0,1022.0,1022.0,1022.0
1.0,10962.0,3105.0,3066.0,1458.0,2949.0,983.0,983.0,983.0,1022.0,1022.0,1022.0,1035.0,1035.0,1035.0,3654.0,3654.0,3654.0,983.0,983.0,983.0,1022.0,1022.0,1022.0
1.0,9315.0,3063.0,3066.0,1302.0,4710.0,1570.0,1570.0,1570.0,1022.0,1022.0,1022.0,1021.0,1021.0,1021.0,3105.0,3105.0,3105.0,1570.0,1570.0,1570.0,1022.0,1022.0,1022.0
1.0,7554.0,3111.0,3066.0,2949.0,4872.0,1624.0,1624.0,1624.0,1022.0,1022.0,1022.0,1037.0,1037.0,1037.0,2518.0,2518.0,2518.0,1624.0,1624.0,1624.0,1022.0,1022.0,1022.0
1.0,7392.0,3087.0,3066.0,4710.0,3249.0,1083.0,1083.0,1083.0,1022.0,1022.0,1022.0,1029.0,1029.0,1029.0,2464.0,2464.0,2464.0,1083.0,1083.0,1083.0,1022.0,1022.0,1022.0
1.0,9015.0,3108.0,3069.0,4872.0,1497.0,499.0,499.0,499.0,1023.0,1023.0,1023.0,1036.0,1036.0,1036.0,3005.0,3005.0,3005.0,499.0,499.0,499.0,1023.0,1023.0,1023.0
1.0,10779.0,3054.0,3069.0,3249.0,1302.0,434.0,434.0,434.0,1023.0,1023.0,1023.0,1018.0,1018.0,1018.0,3593.0,3593.0,3593.0,434.0,434.0,434.0,1023.0,1023.0,1023.0
1.0,10974.0,3042.0,3069.0,1497.0,2847.0,949.0,949.0,949.0,1023.0,1023.0,1023.0,1014.0,1014.0,1014.0,3658.0,3658.0,3658.0,949.0,949.0,949.0,1023.0,1023.0,1023.0
1.0,9429.0,3063.0,3069.0,1302.0,4608.0,1536.0,1536.0,1536.0,1023.0,1023.0,1023.0,1021.0,1021.0,1021.0,3143.0,3143.0,3143.0,1536.0,1536.0,1536.0,1023.0,1023.0,1023.0
1.0,7668.0,3102.0,3069.0,2847.0,4863.0,1621.0,1621.0,1621.0,1023.0,1023.0,1023.0,1034.0,1034.0,1034.0,2556.0,2556.0,2556.0,1621.0,1621.0,1621.0,1023.0,1023.0,1023.0
1.0,7413.0,3111.0,3072.0,4608.0,3378.0,1126.0,1126.0,1126.0,1024.0,1024.0,1024.0,1037.0,1037.0,1037.0,2471.0,2471.0,2471.0,1126.0,1126.0,1126.0,1024.0,1024.0,1024.0
1.0,8910.0,3099.0,3072.0,4863.0,1614.0,538.0,538.0,538.0,1024.0,1024.0,1024.0,1033.0,1033.0,1033.0,2970.0,2970.0,2970.0,538.0,538.0,538.0,1024.0,1024.0,1024.0
1.0,10674.0,3117.0,3072.0,3378.0,1353.0,451.0,451.0,451.0,1024.0,1024.0,1024.0,1039.0,1039.0,1039.0,3558.0,3558.0,3558.0,451.0,451.0,451.0,1024.0,1024.0,1024.0
1.0,10935.0,3021.0,3072.0,1614.0,2760.0,920.0,920.0,920.0,1024.0,1024.0,1024.0,1007.0,1007.0,1007.0,3645.0,3645.0,3645.0,920.0,920.0,920.0,1024.0,1024.0,1024.0
1.0,9528.0,3063.0,3072.0,1353.0,4470.0,1490.0,1490.0,1490.0,1024.0,1024.0,1024.0,1021.0,1021.0,1021.0,3176.0,3176.0,3176.0,1490.0,1490.0,1490.0,1024.0,1024.0,1024.0
1.0,7818.0,3060.0,3072.0,2760.0,4770.0,1590.0,1590.0,1590.0,1024.0,1024.0,1024.0,1020.0,1020.0,1020.0,2606.0,2606.0,2606.0,1590.0,1590.0,1590.0,1024.0,1024.0,1024.0
1.0,7518.0,3024.0,3072.0,4470.0,3324.0,1108.0,1108.0,1108.0,1024.0,1024.0,1024.0,1008.0,1008.0,1008.0,2506.0,2506.0,2506.0,1108.0,1108.0,1108.0,1024.0,1024.0,1024.0
1.0,8964.0,3099.0,3072.0,4770.0,1653.0,551.0,551.0,551.0,1024.0,1024.0,1024.0,1033.0,1033.0,1033.0,2988.0,2988.0,2988.0,551.0,551.0,551.0,1024.0,1024.0,1024.0
1.0,10635.0,3048.0,3072.0,3324.0,1377.0,459.0,459.0,459.0,1024.0,1024.0,1024.0,1016.0,1016.0,1016.0,3545.0,3545.0,3545.0,459.0,459.0,459.0,1024.0,1024.0,1024.0
1.0,10911.0,3108.0,3072.0,1653.0,2832.0,944.0,944.0,944.0,1024.0,1024.0,1024.0,1036.0,1036.0,1036.0,3637.0,3637.0,3637.0,944.0,944.0,944.0,1024.0,1024.0,1024.0
1.0,9456.0,3081.0,3072.0,1377.0,4536.0,1512.0,1512.0,1512.0,1024.0,1024.0,1024.0,1027.0,1027.0,1027.0,3152.0,3152.0,3152.0,1512.0,1512.0,1512.0,1024.0,1024.0,1024.0
1.0,7752.0,3096.0,3072.0,2832.0,4800.0,1600.0,1600.0,1600.0,1024.0,1024.0,1024.0,1032.0,1032.0,1032.0,2584.0,2584.0,2584.0,1600.0,1600.0,1600.0,1024.0,1024.0,1024.0
1.0,7488.0,3132.0,3072.0,4536.0,3396.0,1132.0,1132.0,1132.0,1024.0,1024.0,1024.0,1044.0,1044.0,1044.0,2496.0,2496.0,2496.0,1132.0,1132.0,1132.0,1024.0,1024.0,1024.0
1.0,8892.0,3021.0,3072.0,4800.0,1617.0,539.0,539.0,539.0,1024.0,1024.0,1024.0,1007.0,1007.0,1007.0,2964.0,2964.0,2964.0,539.0,539.0,539.0,1024.0,1024.0,1024.0
1.0,10671.0,3114.0,3072.0,3396.0,1335.0,445.0,445.0,445.0,1024.0,1024.0,1024.0,1038.0,1038.0,1038.0,3557.0,3557.0,3557.0,445.0,445.0,445.0,1024.0,1024.0,1024.0
1.0,10953.0,3129.0,3075.0,1617.0,2859.0,953.0,953.0,953.0,1025.0,1025.0,1025.0,1043.0,1043.0,1043.0,3651.0,3651.0,3651.0,953.0,953.0,953.0,1025.0,1025.0,1025.0
1.0,9441.0,3054.0,3075.0,1335.0,4578.0,1526.0,1526.0,1526.0,1025.0,1025.0,1025.0,1018.0,1018.0,1018.0,3147.0,3147.0,3147.0,1526.0,1526.0,1526.0,1025.0,1025.0,1025.0
1.0,7722.0,3135.0,3078.0,2859.0,4866.0,1622.0,1622.0,1622.0,1026.0,1026.0,1026.0,1045.0,1045.0,1045.0,2574.0,2574.0,2574.0,1622.0,1622.0,1622.0,1026.0,1026.0,1026.0
1.0,7446.0,3081.0,3078.0,4578.0,3369.0,1123.0,1123.0,1123.0,1026.0,1026.0,1026.0,1027.0,1027.0,1027.0,2482.0,2482.0,2482.0,1123.0,1123.0,1123.0,1026.0,1026.0,1026.0
1.0,8943.0,3057.0,3078.0,4866.0,1560.0,520.0,520.0,520.0,1026.0,1026.0,1026.0,1019.0,1019.0,1019.0,2981.0,2981.0,2981.0,520.0,520.0,520.0,1026.0,1026.0,1026.0
1.0,10752.0,3114.0,3078.0,3369.0,1305.0,435.0,435.0,435.0,1026.0,1026.0,1026.0,1038.0,1038.0,1038.0,3584.0,3584.0,3584.0,435.0,435.0,435.0,1026.0,1026.0,1026.0
1.0,11007.0,3120.0,3081.0,1560.0,2877.0,959.0,959.0,959.0,1027.0,1027.0,1027.0,1040.0,1040.0,1040.0,3669.0,3669.0,3669.0,959.0,959.0,959.0,1027.0,1027.0,1027.0
1.0,9447.0,3096.0,3081.0,1305.0,4668.0,1556.0,1556.0,1556.0,1027.0,1027.0,1027.0,1032.0,1032.0,1032.0,3149.0,3149.0,3149.0,1556.0,1556.0,1556.0,1027.0,1027.0,1027.0
1.0,7656.0,3102.0,3084.0,2877.0,4905.0,1635.0,1635.0,1635.0,1028.0,1028.0,1028.0,1034.0,1034.0,1034.0,2552.0,2552.0,2552.0,1635.0,1635.0,1635.0,1028.0,1028.0,1028.0
1.0,7431.0,3105.0,3084.0,4668.0,3342.0,1114.0,1114.0,1114.0,1028.0,1028.0,1028.0,1035.0,1035.0,1035.0,2477.0,2477.0,2477.0,1114.0,1114.0,1114.0,1028.0,1028.0,1028.0
1.0,8994.0,3117.0,3084.0,4905.0,1554.0,518.0,518.0,518.0,1028.0,1028.0,1028.0,1039.0,1039.0,1039.0,2998.0,2998.0,2998.0,518.0,518.0,518.0,1028.0,1028.0,1028.0
1.0,10782.0,3060.0,3084.0,3342.0,1272.0,424.0,424.0,424.0,1028.0,1028.0,1028.0,1020.0,1020.0,1020.0,3594.0,3594.0,3594.0,424.0,424.0,424.0,1028.0,1028.0,1028.0
1.0,11064.0,3120.0,3084.0,1554.0,2838.0,946.0,946.0,946.0,1028.0,1028.0,1028.0,1040.0,1040.0,1040.0,3688.0,3688.0,3688.0,946.0,946.0,946.0,1028.0,1028.0,1028.0
1.0,9498.0,3090.0,3084.0,1272.0,4656.0,1552.0,1552.0,1552.0,1028.0,1028.0,1028.0,1030.0,1030.0,1030.0,3166.0,3166.0,3166.0,1552.0,1552.0,1552.0,1028.0,1028.0,1028.0
1.0,7680.0,3123.0,3084.0,2838.0,4941.0,1647.0,1647.0,1647.0,1028.0,1028.0,1028.0,1041.0,1041.0,1041.0,2560.0,2560.0,2560.0,1647.0,1647.0,1647.0,1028.0,1028.0,1028.0
1.0,7395.0,3156.0,3087.0,4656.0,3453.0,1151.0,1151.0,1151.0,1029.0,1029.0,1029.0,1052.0,1052.0,1052.0,2465.0,2465.0,2465.0,1151.0,1151.0,1151.0,1029.0,1029.0,1029.0
1.0,8895.0,3129.0,3087.0,4941.0,1641.0,547.0,547.0,547.0,1029.0,1029.0,1029.0,1043.0,1043.0,1043.0,2965.0,2965.0,2965.0,547.0,547.0,547.0,1029.0,1029.0,1029.0
1.0,10707.0,3117.0,3090.0,3453.0,1317.0,439.0,439.0,439.0,1030.0,1030.0,1030.0,1039.0,1039.0,1039.0,3569.0,3569.0,3569.0,439.0,439.0,439.0,1030.0,1030.0,1030.0
1.0,11043.0,3156.0,3090.0,1641.0,2832.0,944.0,944.0,944.0,1030.0,1030.0,1030.0,1052.0,1052.0,1052.0,3681.0,3681.0,3681.0,944.0,944.0,944.0,1030.0,1030.0,1030.0
1.0,9528.0,3051.0,3090.0,1317.0,4566.0,1522.0,1522.0,1522.0,1030.0,1030.0,1030.0,1017.0,1017.0,1017.0,3176.0,3176.0,3176.0,1522.0,1522.0,1522.0,1030.0,1030.0,1030.0
1.0,7794.0,3105.0,3090.0,2832.0,4839.0,1613.0,1613.0,1613.0,1030.0,1030.0,1030.0,1035.0,1035.0,1035.0,2598.0,2598.0,2598.0,1613.0,1613.0,1613.0,1030.0,1030.0,1030.0
1.0,7521.0,3072.0,3093.0,4566.0,3357.0,1119.0,1119.0,1119.0,1031.0,1031.0,1031.0,1024.0,1024.0,1024.0,2507.0,2507.0,2507.0,1119.0,1119.0,1119.0,1031.0,1031.0,1031.0
1.0,9015.0,3147.0,3093.0,4839.0,1665.0,555.0,555.0,555.0,1031.0,1031.0,1031.0,1049.0,1049.0,1049.0,3005.0,3005.0,3005.0,555.0,555.0,555.0,1031.0,1031.0,1031.0
1.0,10707.0,3126.0,3093.0,3357.0,1434.0,478.0,478.0,478.0,1031.0,1031.0,1031.0,1042.0,1042.0,1042.0,3569.0,3569.0,3569.0,478.0,478.0,478.0,1031.0,1031.0,1031.0
1.0,10938.0,3144.0,3096.0,1665.0,2925.0,975.0,975.0,975.0,1032.0,1032.0,1032.0,1048.0,1048.0,1048.0,3646.0,3646.0,3646.0,975.0,975.0,975.0,1032.0,1032.0,1032.0
1.0,9459.0,3123.0,3096.0,1434.0,4614.0,1538.0,1538.0,1538.0,1032.0,1032.0,1032.0,1041.0,1041.0,1041.0,3153.0,3153.0,3153.0,1538.0,1538.0,1538.0,1032.0,1032.0,1032.0
1.0,7770.0,3171.0,3096.0,2925.0,4860.0,1620.0,1620.0,1620.0,1032.0,1032.0,1032.0,1057.0,1057.0,1057.0,2590.0,2590.0,2590.0,1620.0,1620.0,1620.0,1032.0,1032.0,1032.0
1.0,7524.0,3174.0,3099.0,4614.0,3432.0,1144.0,1144.0,1144.0,1033.0,1033.0,1033.0,1058.0,1058.0,1058.0,2508.0,2508.0,2508.0,1144.0,1144.0,1144.0,1033.0,1033.0,1033.0
1.0,8964.0,3135.0,3099.0,4860.0,1707.0,569.0,569.0,569.0,1033.0,1033.0,1033.0,1045.0,1045.0,1045.0,2988.0,2988.0,2988.0,569.0,569.0,569.0,1033.0,1033.0,1033.0
1.0,10689.0,3153.0,3099.0,3432.0,1428.0,476.0,476.0,476.0,1033.0,1033.0,1033.0,1051.0,1051.0,1051.0,3563.0,3563.0,3563.0,476.0,476.0,476.0,1033.0,1033.0,1033.0
1.0,10968.0,3153.0,3102.0,1707.0,2886.0,962.0,962.0,962.0,1034.0,1034.0,1034.0,1051.0,1051.0,1051.0,3656.0,3656.0,3656.0,962.0,962.0,962.0,1034.0,1034.0,1034.0
1.0,9522.0,3123.0,3102.0,1428.0,4581.0,1527.0,1527.0,1527.0,1034.0,1034.0,1034.0,1041.0,1041.0,1041.0,3174.0,3174.0,3174.0,1527.0,1527.0,1527.0,1034.0,1034.0,1034.0
1.0,7827.0,3186.0,3102.0,2886.0,4881.0,1627.0,1627.0,1627.0,1034.0,1034.0,1034.0,1062.0,1062.0,1062.0,2609.0,2609.0,2609.0,1627.0,1627.0,1627.0,1034.0,1034.0,1034.0
1.0,7527.0,3144.0,3105.0,4581.0,3456.0,1152.0,1152.0,1152.0,1035.0,1035.0,1035.0,1048.0,1048.0,1048.0,2509.0,2509.0,2509.0,1152.0,1152.0,1152.0,1035.0,1035.0,1035.0
1.0,8964.0,3102.0,3105.0,4881.0,1677.0,559.0,559.0,559.0,1035.0,1035.0,1035.0,1034.0,1034.0,1034.0,2988.0,2988.0,2988.0,559.0,559.0,559.0,1035.0,1035.0,1035.0
1.0,10743.0,3087.0,3108.0,3456.0,1320.0,440.0,440.0,440.0,1036.0,1036.0,1036.0,1029.0,1029.0,1029.0,3581.0,3581.0,3581.0,440.0,440.0,440.0,1036.0,1036.0,1036.0
1.0,11112.0,3108.0,3108.0,1677.0,2751.0,917.0,917.0,917.0,1036.0,1036.0,1036.0,1036.0,1036.0,1036.0,3704.0,3704.0,3704.0,917.0,917.0,917.0,1036.0,1036.0,1036.0
1.0,9681.0,3138.0,3108.0,1320.0,4569.0,1523.0,1523.0,1523.0,1036.0,1036.0,1036.0,1046.0,1046.0,1046.0,3227.0,3227.0,3227.0,1523.0,1523.0,1523.0,1036.0,1036.0,1036.0
1.0,7863.0,3066.0,3108.0,2751.0,4884.0,1628.0,1628.0,1628.0,1036.0,1036.0,1036.0,1022.0,1022.0,1022.0,2621.0,2621.0,2621.0,1628.0,1628.0,1628.0,1036.0,1036.0,1036.0
1.0,7548.0,3144.0,3108.0,4569.0,3459.0,1153.0,1153.0,1153.0,1036.0,1036.0,1036.0,1048.0,1048.0,1048.0,2516.0,2516.0,2516.0,1153.0,1153.0,1153.0,1036.0,1036.0,1036.0
1.0,8973.0,3150.0,3111.0,4884.0,1737.0,579.0,579.0,579.0,1037.0,1037.0,1037.0,1050.0,1050.0,1050.0,2991.0,2991.0,2991.0,579.0,579.0,579.0,1037.0,1037.0,1037.0
1.0,10707.0,3099.0,3111.0,3459.0,1377.0,459.0,459.0,459.0,1037.0,1037.0,1037.0,1033.0,1033.0,1033.0,3569.0,3569.0,3569.0,459.0,459.0,459.0,1037.0,1037.0,1037.0
1.0,11067.0,3078.0,3111.0,1737.0,2718.0,906.0,906.0,906.0,1037.0,1037.0,1037.0,1026.0,1026.0,1026.0,3689.0,3689.0,3689.0,906.0,906.0,906.0,1037.0,1037.0,1037.0
1.0,9726.0,3138.0,3114.0,1377.0,4491.0,1497.0,1497.0,1497.0,1038.0,1038.0,1038.0,1046.0,1046.0,1046.0,3242.0,3242.0,3242.0,1497.0,1497.0,1497.0,1038.0,1038.0,1038.0
1.0,7965.0,3099.0,3114.0,2718.0,4872.0,1624.0,1624.0,1624.0,1038.0,1038.0,1038.0,1033.0,1033.0,1033.0,2655.0,2655.0,2655.0,1624.0,1624.0,1624.0,1038.0,1038.0,1038.0
1.0,7584.0,3111.0,3114.0,4491.0,3492.0,1164.0,1164.0,1164.0,1038.0,1038.0,1038.0,1037.0,1037.0,1037.0,2528.0,2528.0,2528.0,1164.0,1164.0,1164.0,1038.0,1038.0,1038.0
1.0,8964.0,3135.0,3114.0,4872.0,1755.0,585.0,585.0,585.0,1038.0,1038.0,1038.0,1045.0,1045.0,1045.0,2988.0,2988.0,2988.0,585.0,585.0,585.0,1038.0,1038.0,1038.0
1.0,10701.0,3150.0,3117.0,3492.0,1425.0,475.0,475.0,475.0,1039.0,1039.0,1039.0,1050.0,1050.0,1050.0,3567.0,3567.0,3567.0,475.0,475.0,475.0,1039.0,1039.0,1039.0
1.0,11043.0,3084.0,3117.0,1755.0,2754.0,918.0,918.0,918.0,1039.0,1039.0,1039.0,1028.0,1028.0,1028.0,3681.0,3681.0,3681.0,918.0,918.0,918.0,1039.0,1039.0,1039.0
1.0,9714.0,3069.0,3114.0,1425.0,4386.0,1462.0,1462.0,1462.0,1038.0,1038.0,1038.0,1023.0,1023.0,1023.0,3238.0,3238.0,3238.0,1462.0,1462.0,1462.0,1038.0,1038.0,1038.0
1.0,8070.0,3141.0,3117.0,2754.0,4785.0,1595.0,1595.0,1595.0,1039.0,1039.0,1039.0,1047.0,1047.0,1047.0,2690.0,2690.0,2690.0,1595.0,1595.0,1595.0,1039.0,1039.0,1039.0
1.0,7683.0,3150.0,3117.0,4386.0,3549.0,1183.0,1183.0,1183.0,1039.0,1039.0,1039.0,1050.0,1050.0,1050.0,2561.0,2561.0,2561.0,1183.0,1183.0,1183.0,1039.0,1039.0,1039.0
1.0,8919.0,3084.0,3117.0,4785.0,1848.0,616.0,616.0,616.0,1039.0,1039.0,1039.0,1028.0,1028.0,1028.0,2973.0,2973.0,2973.0,616.0,616.0,616.0,1039.0,1039.0,1039.0
1.0,10620.0,3126.0,3117.0,3549.0,1425.0,475.0,475.0,475.0,1039.0,1039.0,1039.0,1042.0,1042.0,1042.0,3540.0,3540.0,3540.0,475.0,475.0,475.0,1039.0,1039.0,1039.0
1.0,11043.0,3189.0,3120.0,1848.0,2778.0,926.0,926.0,926.0,1040.0,1040.0,1040.0,1063.0,1063.0,1063.0,3681.0,3681.0,3681.0,926.0,926.0,926.0,1040.0,1040.0,1040.0
1.0,9702.0,3144.0,3120.0,1425.0,4497.0,1499.0,1499.0,1499.0,1040.0,1040.0,1040.0,1048.0,1048.0,1048.0,3234.0,3234.0,3234.0,1499.0,1499.0,1499.0,1040.0,1040.0,1040.0
1.0,7983.0,3069.0,3120.0,2778.0,4788.0,1596.0,1596.0,1596.0,1040.0,1040.0,1040.0,1023.0,1023.0,1023.0,2661.0,2661.0,2661.0,1596.0,1596.0,1596.0,1040.0,1040.0,1040.0
1.0,7692.0,3123.0,3120.0,4497.0,3414.0,1138.0,1138.0,1138.0,1040.0,1040.0,1040.0,1041.0,1041.0,1041.0,2564.0,2564.0,2564.0,1138.0,1138.0,1138.0,1040.0,1040.0,1040.0
1.0,9066.0,3111.0,3120.0,4788.0,1737.0,579.0,579.0,579.0,1040.0,1040.0,1040.0,1037.0,1037.0,1037.0,3022.0,3022.0,3022.0,579.0,579.0,579.0,1040.0,1040.0,1040.0
1.0,10743.0,3090.0,3120.0,3414.0,1413.0,471.0,471.0,471.0,1040.0,1040.0,1040.0,1030.0,1030.0,1030.0,3581.0,3581.0,3581.0,471.0,471.0,471.0,1040.0,1040.0,1040.0
1.0,11067.0,3135.0,3120.0,1737.0,2811.0,937.0,937.0,937.0,1040.0,1040.0,1040.0,1045.0,1045.0,1045.0,3689.0,3689.0,3689.0,937.0,937.0,937.0,1040.0,1040.0,1040.0
1.0,9669.0,3198.0,3123.0,1413.0,4608.0,1536.0,1536.0,1536.0,1041.0,1041.0,1041.0,1066.0,1066.0,1066.0,3223.0,3223.0,3223.0,1536.0,1536.0,1536.0,1041.0,1041.0,1041.0
1.0,7884.0,3105.0,3123.0,2811.0,4902.0,1634.0,1634.0,1634.0,1041.0,1041.0,1041.0,1035.0,1035.0,1035.0,2628.0,2628.0,2628.0,1634.0,1634.0,1634.0,1041.0,1041.0,1041.0
1.0,7590.0,3168.0,3126.0,4608.0,3474.0,1158.0,1158.0,1158.0,1042.0,1042.0,1042.0,1056.0,1056.0,1056.0,2530.0,2530.0,2530.0,1158.0,1158.0,1158.0,1042.0,1042.0,1042.0
1.0,9030.0,3078.0,3123.0,4902.0,1638.0,546.0,546.0,546.0,1041.0,1041.0,1041.0,1026.0,1026.0,1026.0,3010.0,3010.0,3010.0,546.0,546.0,546.0,1041.0,1041.0,1041.0
1.0,10854.0,3135.0,3126.0,3474.0,1311.0,437.0,437.0,437.0,1042.0,1042.0,1042.0,1045.0,1045.0,1045.0,3618.0,3618.0,3618.0,437.0,437.0,437.0,1042.0,1042.0,1042.0
1.0,11193.0,3159.0,3126.0,1638.0,2832.0,944.0,944.0,944.0,1042.0,1042.0,1042.0,1053.0,1053.0,1053.0,3731.0,3731.0,3731.0,944.0,944.0,944.0,1042.0,1042.0,1042.0
1.0,9672.0,3126.0,3126.0,1311.0,4647.0,1549.0,1549.0,1549.0,1042.0,1042.0,1042.0,1042.0,1042.0,1042.0,3224.0,3224.0,3224.0,1549.0,1549.0,1549.0,1042.0,1042.0,1042.0
1.0,7857.0,3162.0,3126.0,2832.0,4977.0,1659.0,1659.0,1659.0,1042.0,1042.0,1042.0,1054.0,1054.0,1054.0,2619.0,2619.0,2619.0,1659.0,1659.0,1659.0,1042.0,1042.0,1042.0
1.0,7527.0,3150.0,3126.0,4647.0,3480.0,1160.0,1160.0,1160.0,1042.0,1042.0,1042.0,1050.0,1050.0,1050.0,2509.0,2509.0,2509.0,1160.0,1160.0,1160.0,1042.0,1042.0,1042.0
1.0,9024.0,3150.0,3126.0,4977.0,1653.0,551.0,551.0,551.0,1042.0,1042.0,1042.0,1050.0,1050.0,1050.0,3008.0,3008.0,3008.0,551.0,551.0,551.0,1042.0,1042.0,1042.0
1.0,10851.0,3120.0,3126.0,3480.0,1293.0,431.0,431.0,431.0,1042.0,1042.0,1042.0,1040.0,1040.0,1040.0,3617.0,3617.0,3617.0,431.0,431.0,431.0,1042.0,1042.0,1042.0
1.0,11211.0,3159.0,3129.0,1653.0,2811.0,937.0,937.0,937.0,1043.0,1043.0,1043.0,1053.0,1053.0,1053.0,3737.0,3737.0,3737.0,937.0,937.0,937.0,1043.0,1043.0,1043.0
1.0,9705.0,3183.0,3132.0,1293.0,4713.0,1571.0,1571.0,1571.0,1044.0,1044.0,1044.0,1061.0,1061.0,1061.0,3235.0,3235.0,3235.0,1571.0,1571.0,1571.0,1044.0,1044.0,1044.0
1.0,7815.0,3171.0,3132.0,2811.0,5073.0,1691.0,1691.0,1691.0,1044.0,1044.0,1044.0,1057.0,1057.0,1057.0,2605.0,2605.0,2605.0,1691.0,1691.0,1691.0,1044.0,1044.0,1044.0
1.0,7455.0,3195.0,3132.0,4713.0,3555.0,1185.0,1185.0,1185.0,1044.0,1044.0,1044.0,1065.0,1065.0,1065.0,2485.0,2485.0,2485.0,1185.0,1185.0,1185.0,1044.0,1044.0,1044.0
1.0,8973.0,3195.0,3132.0,5073.0,1677.0,559.0,559.0,559.0,1044.0,1044.0,1044.0,1065.0,1065.0,1065.0,2991.0,2991.0,2991.0,559.0,559.0,559.0,1044.0,1044.0,1044.0
1.0,10851.0,3147.0,3135.0,3555.0,1281.0,427.0,427.0,427.0,1045.0,1045.0,1045.0,1049.0,1049.0,1049.0,3617.0,3617.0,3617.0,427.0,427.0,427.0,1045.0,1045.0,1045.0
1.0,11259.0,3117.0,3132.0,1677.0,2709.0,903.0,903.0,903.0,1044.0,1044.0,1044.0,1039.0,1039.0,1039.0,3753.0,3753.0,3753.0,903.0,903.0,903.0,1044.0,1044.0,1044.0
1.0,9819.0,3258.0,3135.0,1281.0,4698.0,1566.0,1566.0,1566.0,1045.0,1045.0,1045.0,1086.0,1086.0,1086.0,3273.0,3273.0,3273.0,1566.0,1566.0,1566.0,1045.0,1045.0,1045.0
1.0,7842.0,3177.0,3135.0,2709.0,5166.0,1722.0,1722.0,1722.0,1045.0,1045.0,1045.0,1059.0,1059.0,1059.0,2614.0,2614.0,2614.0,1722.0,1722.0,1722.0,1045.0,1045.0,1045.0
1.0,7374.0,3147.0,3135.0,4698.0,3615.0,1205.0,1205.0,1205.0,1045.0,1045.0,1045.0,1049.0,1049.0,1049.0,2458.0,2458.0,2458.0,1205.0,1205.0,1205.0,1045.0,1045.0,1045.0
1.0,8925.0,3123.0,3135.0,5166.0,1572.0,524.0,524.0,524.0,1045.0,1045.0,1045.0,1041.0,1041.0,1041.0,2975.0,2975.0,2975.0,524.0,524.0,524.0,1045.0,1045.0,1045.0
1.0,10968.0,3102.0,3135.0,3615.0,1059.0,353.0,353.0,353.0,1045.0,1045.0,1045.0,1034.0,1034.0,1034.0,3656.0,3656.0,3656.0,353.0,353.0,353.0,1045.0,1045.0,1045.0
1.0,11481.0,3165.0,3135.0,1572.0,2652.0,884.0,884.0,884.0,1045.0,1045.0,1045.0,1055.0,1055.0,1055.0,3827.0,3827.0,3827.0,884.0,884.0,884.0,1045.0,1045.0,1045.0
1.0,9888.0,3153.0,3135.0,1059.0,4746.0,1582.0,1582.0,1582.0,1045.0,1045.0,1045.0,1051.0,1051.0,1051.0,3296.0,3296.0,3296.0,1582.0,1582.0,1582.0,1045.0,1045.0,1045.0
1.0,7794.0,3171.0,3135.0,2652.0,5265.0,1755.0,1755.0,1755.0,1045.0,1045.0,1045.0,1057.0,1057.0,1057.0,2598.0,2598.0,2598.0,1755.0,1755.0,1755.0,1045.0,1045.0,1045.0
1.0,7275.0,3216.0,3138.0,4746.0,3747.0,1249.0,1249.0,1249.0,1046.0,1046.0,1046.0,1072.0,1072.0,1072.0,2425.0,2425.0,2425.0,1249.0,1249.0,1249.0,1046.0,1046.0,1046.0
1.0,8805.0,3132.0,3138.0,5265.0,1614.0,538.0,538.0,538.0,1046.0,1046.0,1046.0,1044.0,1044.0,1044.0,2935.0,2935.0,2935.0,538.0,538.0,538.0,1046.0,1046.0,1046.0
1.0,10938.0,3126.0,3138.0,3747.0,993.0,331.0,331.0,331.0,1046.0,1046.0,1046.0,1042.0,1042.0,1042.0,3646.0,3646.0,3646.0,331.0,331.0,331.0,1046.0,1046.0,1046.0
1.0,11559.0,3171.0,3141.0,1614.0,2562.0,854.0,854.0,854.0,1047.0,1047.0,1047.0,1057.0,1057.0,1057.0,3853.0,3853.0,3853.0,854.0,854.0,854.0,1047.0,1047.0,1047.0
1.0,10002.0,3123.0,3141.0,993.0,4692.0,1564.0,1564.0,1564.0,1047.0,1047.0,1047.0,1041.0,1041.0,1041.0,3334.0,3334.0,3334.0,1564.0,1564.0,1564.0,1047.0,1047.0,1047.0
1.0,7872.0,3147.0,3138.0,2562.0,5265.0,1755.0,1755.0,1755.0,1046.0,1046.0,1046.0,1049.0,1049.0,1049.0,2624.0,2624.0,2624.0,1755.0,1755.0,1755.0,1046.0,1046.0,1046.0
1.0,7287.0,3114.0,3141.0,4692.0,3699.0,1233.0,1233.0,1233.0,1047.0,1047.0,1047.0,1038.0,1038.0,1038.0,2429.0,2429.0,2429.0,1233.0,1233.0,1233.0,1047.0,1047.0,1047.0
1.0,8865.0,3144.0,3141.0,5265.0,1578.0,526.0,526.0,526.0,1047.0,1047.0,1047.0,1048.0,1048.0,1048.0,2955.0,2955.0,2955.0,526.0,526.0,526.0,1047.0,1047.0,1047.0
1.0,10986.0,3114.0,3141.0,3699.0,993.0,331.0,331.0,331.0,1047.0,1047.0,1047.0,1038.0,1038.0,1038.0,3662.0,3662.0,3662.0,331.0,331.0,331.0,1047.0,1047.0,1047.0
1.0,11571.0,3156.0,3141.0,1578.0,2571.0,857.0,857.0,857.0,1047.0,1047.0,1047.0,1052.0,1052.0,1052.0,3857.0,3857.0,3857.0,857.0,857.0,857.0,1047.0,1047.0,1047.0
1.0,9993.0,3183.0,3144.0,993.0,4773.0,1591.0,1591.0,1591.0,1048.0,1048.0,1048.0,1061.0,1061.0,1061.0,3331.0,3331.0,3331.0,1591.0,1591.0,1591.0,1048.0,1048.0,1048.0
1.0,7803.0,3156.0,3144.0,2571.0,5358.0,1786.0,1786.0,1786.0,1048.0,1048.0,1048.0,1052.0,1052.0,1052.0,2601.0,2601.0,2601.0,1786.0,1786.0,1786.0,1048.0,1048.0,1048.0
1.0,7218.0,3141.0,3144.0,4773.0,3726.0,1242.0,1242.0,1242.0,1048.0,1048.0,1048.0,1047.0,1047.0,1047.0,2406.0,2406.0,2406.0,1242.0,1242.0,1242.0,1048.0,1048.0,1048.0
1.0,8850.0,3183.0,3144.0,5358.0,1551.0,517.0,517.0,517.0,1048.0,1048.0,1048.0,1061.0,1061.0,1061.0,2950.0,2950.0,2950.0,517.0,517.0,517.0,1048.0,1048.0,1048.0
1.0,11025.0,3144.0,3147.0,3726.0,981.0,327.0,327.0,327.0,1049.0,1049.0,1049.0,1048.0,1048.0,1048.0,3675.0,3675.0,3675.0,327.0,327.0,327.0,1049.0,1049.0,1049.0
1.0,11607.0,3111.0,3147.0,1551.0,2541.0,847.0,847.0,847.0,1049.0,1049.0,1049.0,1037.0,1037.0,1037.0,3869.0,3869.0,3869.0,847.0,847.0,847.0,1049.0,1049.0,1049.0
1.0,10047.0,3180.0,3147.0,981.0,4740.0,1580.0,1580.0,1580.0,1049.0,1049.0,1049.0,1060.0,1060.0,1060.0,3349.0,3349.0,3349.0,1580.0,1580.0,1580.0,1049.0,1049.0,1049.0
1.0,7848.0,3162.0,3147.0,2541.0,5361.0,1787.0,1787.0,1787.0,1049.0,1049.0,1049.0,1054.0,1054.0,1054.0,2616.0,2616.0,2616.0,1787.0,1787.0,1787.0,1049.0,1049.0,1049.0
1.0,7227.0,3129.0,3147.0,4740.0,3750.0,1250.0,1250.0,1250.0,1049.0,1049.0,1049.0,1043.0,1043.0,1043.0,2409.0,2409.0,2409.0,1250.0,1250.0,1250.0,1049.0,1049.0,1049.0
1.0,8838.0,3102.0,3147.0,5361.0,1491.0,497.0,497.0,497.0,1049.0,1049.0,1049.0,1034.0,1034.0,1034.0,2946.0,2946.0,2946.0,497.0,497.0,497.0,1049.0,1049.0,1049.0
1.0,11097.0,3141.0,3147.0,3750.0,882.0,294.0,294.0,294.0,1049.0,1049.0,1049.0,1047.0,1047.0,1047.0,3699.0,3699.0,3699.0,294.0,294.0,294.0,1049.0,1049.0,1049.0
1.0,11706.0,3123.0,3147.0,1491.0,2514.0,838.0,838.0,838.0,1049.0,1049.0,1049.0,1041.0,1041.0,1041.0,3902.0,3902.0,3902.0,838.0,838.0,838.0,1049.0,1049.0,1049.0
1.0,10074.0,3177.0,3150.0,882.0,4821.0,1607.0,1607.0,1607.0,1050.0,1050.0,1050.0,1059.0,1059.0,1059.0,3358.0,3358.0,3358.0,1607.0,1607.0,1607.0,1050.0,1050.0,1050.0
1.0,7779.0,3165.0,3150.0,2514.0,5472.0,1824.0,1824.0,1824.0,1050.0,1050.0,1050.0,1055.0,1055.0,1055.0,2593.0,2593.0,2593.0,1824.0,1824.0,1824.0,1050.0,1050.0,1050.0
1.0,7128.0,3183.0,3150.0,4821.0,3834.0,1278.0,1278.0,1278.0,1050.0,1050.0,1050.0,1061.0,1061.0,1061.0,2376.0,2376.0,2376.0,1278.0,1278.0,1278.0,1050.0,1050.0,1050.0
1.0,8766.0,3159.0,3153.0,5472.0,1533.0,511.0,511.0,511.0,1051.0,1051.0,1051.0,1053.0,1053.0,1053.0,2922.0,2922.0,2922.0,511.0,511.0,511.0,1051.0,1051.0,1051.0
1.0,11079.0,3180.0,3150.0,3834.0,867.0,289.0,289.0,289.0,1050.0,1050.0,1050.0,1060.0,1060.0,1060.0,3693.0,3693.0,3693.0,289.0,289.0,289.0,1050.0,1050.0,1050.0
1.0,11733.0,3201.0,3153.0,1533.0,2547.0,849.0,849.0,849.0,1051.0,1051.0,1051.0,1067.0,1067.0,1067.0,3911.0,3911.0,3911.0,849.0,849.0,849.0,1051.0,1051.0,1051.0
1.0,10065.0,3171.0,3153.0,867.0,4851.0,1617.0,1617.0,1617.0,1051.0,1051.0,1051.0,1057.0,1057.0,1057.0,3355.0,3355.0,3355.0,1617.0,1617.0,1617.0,1051.0,1051.0,1051.0
1.0,7761.0,3153.0,3156.0,2547.0,5469.0,1823.0,1823.0,1823.0,1052.0,1052.0,1052.0,1051.0,1051.0,1051.0,2587.0,2587.0,2587.0,1823.0,1823.0,1823.0,1052.0,1052.0,1052.0
1.0,7155.0,3135.0,3156.0,4851.0,3753.0,1251.0,1251.0,1251.0,1052.0,1052.0,1052.0,1045.0,1045.0,1045.0,2385.0,2385.0,2385.0,1251.0,1251.0,1251.0,1052.0,1052.0,1052.0
1.0,8871.0,3144.0,3156.0,5469.0,1428.0,476.0,476.0,476.0,1052.0,1052.0,1052.0,1048.0,1048.0,1048.0,2957.0,2957.0,2957.0,476.0,476.0,476.0,1052.0,1052.0,1052.0
1.0,11196.0,3174.0,3156.0,3753.0,849.0,283.0,283.0,283.0,1052.0,1052.0,1052.0,1058.0,1058.0,1058.0,3732.0,3732.0,3732.0,283.0,283.0,283.0,1052.0,1052.0,1052.0
1.0,11775.0,3186.0,3156.0,1428.0,2607.0,869.0,869.0,869.0,1052.0,1052.0,1052.0,1062.0,1062.0,1062.0,3925.0,3925.0,3925.0,869.0,869.0,869.0,1052.0,1052.0,1052.0
1.0,10017.0,3195.0,3156.0,849.0,4953.0,1651.0,1651.0,1651.0,1052.0,1052.0,1052.0,1065.0,1065.0,1065.0,3339.0,3339.0,3339.0,1651.0,1651.0,1651.0,1052.0,1052.0,1052.0
1.0,7671.0,3180.0,3156.0,2607.0,5526.0,1842.0,1842.0,1842.0,1052.0,1052.0,1052.0,1060.0,1060.0,1060.0,2557.0,2557.0,2557.0,1842.0,1842.0,1842.0,1052.0,1052.0,1052.0
1.0,7098.0,3162.0,3159.0,4953.0,3747.0,1249.0,1249.0,1249.0,1053.0,1053.0,1053.0,1054.0,1054.0,1054.0,2366.0,2366.0,2366.0,1249.0,1249.0,1249.0,1053.0,1053.0,1053.0
1.0,8889.0,3183.0,3159.0,5526.0,1404.0,468.0,468.0,468.0,1053.0,1053.0,1053.0,1061.0,1061.0,1061.0,2963.0,2963.0,2963.0,468.0,468.0,468.0,1053.0,1053.0,1053.0
1.0,11232.0,3141.0,3159.0,3747.0,798.0,266.0,266.0,266.0,1053.0,1053.0,1053.0,1047.0,1047.0,1047.0,3744.0,3744.0,3744.0,266.0,266.0,266.0,1053.0,1053.0,1053.0
1.0,11838.0,3213.0,3159.0,1404.0,2607.0,869.0,869.0,869.0,1053.0,1053.0,1053.0,1071.0,1071.0,1071.0,3946.0,3946.0,3946.0,869.0,869.0,869.0,1053.0,1053.0,1053.0
1.0,10029.0,3192.0,3159.0,798.0,5001.0,1667.0,1667.0,1667.0,1053.0,1053.0,1053.0,1064.0,1064.0,1064.0,3343.0,3343.0,3343.0,1667.0,1667.0,1667.0,1053.0,1053.0,1053.0
1.0,7635.0,3198.0,3159.0,2607.0,5592.0,1864.0,1864.0,1864.0,1053.0,1053.0,1053.0,1066.0,1066.0,1066.0,2545.0,2545.0,2545.0,1864.0,1864.0,1864.0,1053.0,1053.0,1053.0
1.0,7044.0,3156.0,3159.0,5001.0,3747.0,1249.0,1249.0,1249.0,1053.0,1053.0,1053.0,1052.0,1052.0,1052.0,2348.0,2348.0,2348.0,1249.0,1249.0,1249.0,1053.0,1053.0,1053.0
1.0,8889.0,3189.0,3159.0,5592.0,1344.0,448.0,448.0,448.0,1053.0,1053.0,1053.0,1063.0,1063.0,1063.0,2963.0,2963.0,2963.0,448.0,448.0,448.0,1053.0,1053.0,1053.0
1.0,11292.0,3210.0,3159.0,3747.0,807.0,269.0,269.0,269.0,1053.0,1053.0,1053.0,1070.0,1070.0,1070.0,3764.0,3764.0,3764.0,269.0,269.0,269.0,1053.0,1053.0,1053.0
1.0,11829.0,3132.0,3159.0,1344.0,2595.0,865.0,865.0,865.0,1053.0,1053.0,1053.0,1044.0,1044.0,1044.0,3943.0,3943.0,3943.0,865.0,865.0,865.0,1053.0,1053.0,1053.0
1.0,10041.0,3234.0,3159.0,807.0,5022.0,1674.0,1674.0,1674.0,1053.0,1053.0,1053.0,1078.0,1078.0,1078.0,3347.0,3347.0,3347.0,1674.0,1674.0,1674.0,1053.0,1053.0,1053.0
1.0,7614.0,3186.0,3162.0,2595.0,5625.0,1875.0,1875.0,1875.0,1054.0,1054.0,1054.0,1062.0,1062.0,1062.0,2538.0,2538.0,2538.0,1875.0,1875.0,1875.0,1054.0,1054.0,1054.0
1.0,7023.0,3144.0,3162.0,5022.0,3747.0,1249.0,1249.0,1249.0,1054.0,1054.0,1054.0,1048.0,1048.0,1048.0,2341.0,2341.0,2341.0,1249.0,1249.0,1249.0,1054.0,1054.0,1054.0
1.0,8901.0,3177.0,3162.0,5625.0,1299.0,433.0,433.0,433.0,1054.0,1054.0,1054.0,1059.0,1059.0,1059.0,2967.0,2967.0,2967.0,433.0,433.0,433.0,1054.0,1054.0,1054.0
1.0,11349.0,3177.0,3162.0,3747.0,729.0,243.0,243.0,243.0,1054.0,1054.0,1054.0,1059.0,1059.0,1059.0,3783.0,3783.0,3783.0,243.0,243.0,243.0,1054.0,1054.0,1054.0
1.0,11919.0,3147.0,3162.0,1299.0,2577.0,859.0,859.0,859.0,1054.0,1054.0,1054.0,1049.0,1049.0,1049.0,3973.0,3973.0,3973.0,859.0,859.0,859.0,1054.0,1054.0,1054.0
1.0,10071.0,3183.0,3162.0,729.0,5031.0,1677.0,1677.0,1677.0,1054.0,1054.0,1054.0,1061.0,1061.0,1061.0,3357.0,3357.0,3357.0,1677.0,1677.0,1677.0,1054.0,1054.0,1054.0
1.0,7617.0,3162.0,3162.0,2577.0,5616.0,1872.0,1872.0,1872.0,1054.0,1054.0,1054.0,1054.0,1054.0,1054.0,2539.0,2539.0,2539.0,1872.0,1872.0,1872.0,1054.0,1054.0,1054.0
1.0,7032.0,3192.0,3165.0,5031.0,3789.0,1263.0,1263.0,1263.0,1055.0,1055.0,1055.0,1064.0,1064.0,1064.0,2344.0,2344.0,2344.0,1263.0,1263.0,1263.0,1055.0,1055.0,1055.0
1.0,8871.0,3162.0,3162.0,5616.0,1323.0,441.0,441.0,441.0,1054.0,1054.0,1054.0,1054.0,1054.0,1054.0,2957.0,2957.0,2957.0,441.0,441.0,441.0,1054.0,1054.0,1054.0
1.0,11325.0,3240.0,3165.0,3789.0,786.0,262.0,262.0,262.0,1055.0,1055.0,1055.0,1080.0,1080.0,1080.0,3775.0,3775.0,3775.0,262.0,262.0,262.0,1055.0,1055.0,1055.0
1.0,11874.0,3198.0,3168.0,1323.0,2673.0,891.0,891.0,891.0,1056.0,1056.0,1056.0,1066.0,1066.0,1066.0,3958.0,3958.0,3958.0,891.0,891.0,891.0,1056.0,1056.0,1056.0
1.0,9999.0,3198.0,3168.0,786.0,5085.0,1695.0,1695.0,1695.0,1056.0,1056.0,1056.0,1066.0,1066.0,1066.0,3333.0,3333.0,3333.0,1695.0,1695.0,1695.0,1056.0,1056.0,1056.0
1.0,7587.0,3126.0,3168.0,2673.0,5538.0,1846.0,1846.0,1846.0,1056.0,1056.0,1056.0,1042.0,1042.0,1042.0,2529.0,2529.0,2529.0,1846.0,1846.0,1846.0,1056.0,1056.0,1056.0
1.0,7134.0,3231.0,3171.0,5085.0,3696.0,1232.0,1232.0,1232.0,1057.0,1057.0,1057.0,1077.0,1077.0,1077.0,2378.0,2378.0,2378.0,1232.0,1232.0,1232.0,1057.0,1057.0,1057.0
1.0,8988.0,3165.0,3171.0,5538.0,1323.0,441.0,441.0,441.0,1057.0,1057.0,1057.0,1055.0,1055.0,1055.0,2996.0,2996.0,2996.0,441.0,441.0,441.0,1057.0,1057.0,1057.0
1.0,11361.0,3180.0,3171.0,3696.0,807.0,269.0,269.0,269.0,1057.0,1057.0,1057.0,1060.0,1060.0,1060.0,3787.0,3787.0,3787.0,269.0,269.0,269.0,1057.0,1057.0,1057.0
1.0,11877.0,3189.0,3171.0,1323.0,2673.0,891.0,891.0,891.0,1057.0,1057.0,1057.0,1063.0,1063.0,1063.0,3959.0,3959.0,3959.0,891.0,891.0,891.0,1057.0,1057.0,1057.0
1.0,10011.0,3195.0,3171.0,807.0,5061.0,1687.0,1687.0,1687.0,1057.0,1057.0,1057.0,1065.0,1065.0,1065.0,3337.0,3337.0,3337.0,1687.0,1687.0,1687.0,1057.0,1057.0,1057.0
1.0,7623.0,3186.0,3171.0,2673.0,5574.0,1858.0,1858.0,1858.0,1057.0,1057.0,1057.0,1062.0,1062.0,1062.0,2541.0,2541.0,2541.0,1858.0,1858.0,1858.0,1057.0,1057.0,1057.0
1.0,7110.0,3138.0,3171.0,5061.0,3651.0,1217.0,1217.0,1217.0,1057.0,1057.0,1057.0,1046.0,1046.0,1046.0,2370.0,2370.0,2370.0,1217.0,1217.0,1217.0,1057.0,1057.0,1057.0
1.0,9033.0,3183.0,3174.0,5574.0,1272.0,424.0,424.0,424.0,1058.0,1058.0,1058.0,1061.0,1061.0,1061.0,3011.0,3011.0,3011.0,424.0,424.0,424.0,1058.0,1058.0,1058.0
1.0,11424.0,3213.0,3174.0,3651.0,834.0,278.0,278.0,278.0,1058.0,1058.0,1058.0,1071.0,1071.0,1071.0,3808.0,3808.0,3808.0,278.0,278.0,278.0,1058.0,1058.0,1058.0
1.0,11862.0,3180.0,3174.0,1272.0,2742.0,914.0,914.0,914.0,1058.0,1058.0,1058.0,1060.0,1060.0,1060.0,3954.0,3954.0,3954.0,914.0,914.0,914.0,1058.0,1058.0,1058.0
1.0,9954.0,3138.0,3174.0,834.0,5046.0,1682.0,1682.0,1682.0,1058.0,1058.0,1058.0,1046.0,1046.0,1046.0,3318.0,3318.0,3318.0,1682.0,1682.0,1682.0,1058.0,1058.0,1058.0
1.0,7650.0,3237.0,3177.0,2742.0,5553.0,1851.0,1851.0,1851.0,1059.0,1059.0,1059.0,1079.0,1079.0,1079.0,2550.0,2550.0,2550.0,1851.0,1851.0,1851.0,1059.0,1059.0,1059.0
1.0,7155.0,3177.0,3177.0,5046.0,3684.0,1228.0,1228.0,1228.0,1059.0,1059.0,1059.0,1059.0,1059.0,1059.0,2385.0,2385.0,2385.0,1228.0,1228.0,1228.0,1059.0,1059.0,1059.0
1.0,9024.0,3195.0,3180.0,5553.0,1338.0,446.0,446.0,446.0,1060.0,1060.0,1060.0,1065.0,1065.0,1065.0,3008.0,3008.0,3008.0,446.0,446.0,446.0,1060.0,1060.0,1060.0
1.0,11382.0,3126.0,3177.0,3684.0,768.0,256.0,256.0,256.0,1059.0,1059.0,1059.0,1042.0,1042.0,1042.0,3794.0,3794.0,3794.0,256.0,256.0,256.0,1059.0,1059.0,1059.0
1.0,11940.0,3168.0,3177.0,1338.0,2598.0,866.0,866.0,866.0,1059.0,1059.0,1059.0,1056.0,1056.0,1056.0,3980.0,3980.0,3980.0,866.0,866.0,866.0,1059.0,1059.0,1059.0
1.0,10110.0,3156.0,3177.0,768.0,4986.0,1662.0,1662.0,1662.0,1059.0,1059.0,1059.0,1052.0,1052.0,1052.0,3370.0,3370.0,3370.0,1662.0,1662.0,1662.0,1059.0,1059.0,1059.0
1.0,7722.0,3189.0,3177.0,2598.0,5577.0,1859.0,1859.0,1859.0,1059.0,1059.0,1059.0,1063.0,1063.0,1063.0,2574.0,2574.0,2574.0,1859.0,1859.0,1859.0,1059.0,1059.0,1059.0
1.0,7131.0,3189.0,3177.0,4986.0,3780.0,1260.0,1260.0,1260.0,1059.0,1059.0,1059.0,1063.0,1063.0,1063.0,2377.0,2377.0,2377.0,1260.0,1260.0,1260.0,1059.0,1059.0,1059.0
1.0,8928.0,3195.0,3177.0,5577.0,1398.0,466.0,466.0,466.0,1059.0,1059.0,1059.0,1065.0,1065.0,1065.0,2976.0,2976.0,2976.0,466.0,466.0,466.0,1059.0,1059.0,1059.0
1.0,11310.0,3207.0,3180.0,3780.0,837.0,279.0,279.0,279.0,1060.0,1060.0,1060.0,1069.0,1069.0,1069.0,3770.0,3770.0,3770.0,279.0,279.0,279.0,1060.0,1060.0,1060.0
1.0,11883.0,3210.0,3180.0,1398.0,2649.0,883.0,883.0,883.0,1060.0,1060.0,1060.0,1070.0,1070.0,1070.0,3961.0,3961.0,3961.0,883.0,883.0,883.0,1060.0,1060.0,1060.0
1.0,10071.0,3240.0,3183.0,837.0,5064.0,1688.0,1688.0,1688.0,1061.0,1061.0,1061.0,1080.0,1080.0,1080.0,3357.0,3357.0,3357.0,1688.0,1688.0,1688.0,1061.0,1061.0,1061.0
1.0,7668.0,3210.0,3183.0,2649.0,5625.0,1875.0,1875.0,1875.0,1061.0,1061.0,1061.0,1070.0,1070.0,1070.0,2556.0,2556.0,2556.0,1875.0,1875.0,1875.0,1061.0,1061.0,1061.0
1.0,7107.0,3174.0,3183.0,5064.0,3735.0,1245.0,1245.0,1245.0,1061.0,1061.0,1061.0,1058.0,1058.0,1058.0,2369.0,2369.0,2369.0,1245.0,1245.0,1245.0,1061.0,1061.0,1061.0
1.0,8997.0,3246.0,3186.0,5625.0,1368.0,456.0,456.0,456.0,1062.0,1062.0,1062.0,1082.0,1082.0,1082.0,2999.0,2999.0,2999.0,456.0,456.0,456.0,1062.0,1062.0,1062.0
1.0,11376.0,3237.0,3186.0,3735.0,870.0,290.0,290.0,290.0,1062.0,1062.0,1062.0,1079.0,1079.0,1079.0,3792.0,3792.0,3792.0,290.0,290.0,290.0,1062.0,1062.0,1062.0
1.0,11874.0,3222.0,3186.0,1368.0,2724.0,908.0,908.0,908.0,1062.0,1062.0,1062.0,1074.0,1074.0,1074.0,3958.0,3958.0,3958.0,908.0,908.0,908.0,1062.0,1062.0,1062.0
1.0,10020.0,3192.0,3186.0,870.0,5046.0,1682.0,1682.0,1682.0,1062.0,1062.0,1062.0,1064.0,1064.0,1064.0,3340.0,3340.0,3340.0,1682.0,1682.0,1682.0,1062.0,1062.0,1062.0
1.0,7698.0,3213.0,3186.0,2724.0,5535.0,1845.0,1845.0,1845.0,1062.0,1062.0,1062.0,1071.0,1071.0,1071.0,2566.0,2566.0,2566.0,1845.0,1845.0,1845.0,1062.0,1062.0,1062.0
1.0,7209.0,3264.0,3189.0,5046.0,3765.0,1255.0,1255.0,1255.0,1063.0,1063.0,1063.0,1088.0,1088.0,1088.0,2403.0,2403.0,2403.0,1255.0,1255.0,1255.0,1063.0,1063.0,1063.0
1.0,8991.0,3222.0,3189.0,5535.0,1452.0,484.0,484.0,484.0,1063.0,1063.0,1063.0,1074.0,1074.0,1074.0,2997.0,2997.0,2997.0,484.0,484.0,484.0,1063.0,1063.0,1063.0
1.0,11304.0,3219.0,3189.0,3765.0,906.0,302.0,302.0,302.0,1063.0,1063.0,1063.0,1073.0,1073.0,1073.0,3768.0,3768.0,3768.0,302.0,302.0,302.0,1063.0,1063.0,1063.0
1.0,11850.0,3234.0,3192.0,1452.0,2700.0,900.0,900.0,900.0,1064.0,1064.0,1064.0,1078.0,1078.0,1078.0,3950.0,3950.0,3950.0,900.0,900.0,900.0,1064.0,1064.0,1064.0
1.0,10068.0,3255.0,3192.0,906.0,5049.0,1683.0,1683.0,1683.0,1064.0,1064.0,1064.0,1085.0,1085.0,1085.0,3356.0,3356.0,3356.0,1683.0,1683.0,1683.0,1064.0,1064.0,1064.0
1.0,7719.0,3234.0,3195.0,2700.0,5595.0,1865.0,1865.0,1865.0,1065.0,1065.0,1065.0,1078.0,1078.0,1078.0,2573.0,2573.0,2573.0,1865.0,1865.0,1865.0,1065.0,1065.0,1065.0
1.0,7185.0,3228.0,3195.0,5049.0,3774.0,1258.0,1258.0,1258.0,1065.0,1065.0,1065.0,1076.0,1076.0,1076.0,2395.0,2395.0,2395.0,1258.0,1258.0,1258.0,1065.0,1065.0,1065.0
1.0,9006.0,3198.0,3195.0,5595.0,1377.0,459.0,459.0,459.0,1065.0,1065.0,1065.0,1066.0,1066.0,1066.0,3002.0,3002.0,3002.0,459.0,459.0,459.0,1065.0,1065.0,1065.0
1.0,11403.0,3207.0,3195.0,3774.0,810.0,270.0,270.0,270.0,1065.0,1065.0,1065.0,1069.0,1069.0,1069.0,3801.0,3801.0,3801.0,270.0,270.0,270.0,1065.0,1065.0,1065.0
1.0,11970.0,3261.0,3195.0,1377.0,2694.0,898.0,898.0,898.0,1065.0,1065.0,1065.0,1087.0,1087.0,1087.0,3990.0,3990.0,3990.0,898.0,898.0,898.0,1065.0,1065.0,1065.0
1.0,10086.0,3231.0,3198.0,810.0,5127.0,1709.0,1709.0,1709.0,1066.0,1066.0,1066.0,1077.0,1077.0,1077.0,3362.0,3362.0,3362.0,1709.0,1709.0,1709.0,1066.0,1066.0,1066.0
1.0,7665.0,3201.0,3198.0,2694.0,5634.0,1878.0,1878.0,1878.0,1066.0,1066.0,1066.0,1067.0,1067.0,1067.0,2555.0,2555.0,2555.0,1878.0,1878.0,1878.0,1066.0,1066.0,1066.0
1.0,7158.0,3177.0,3198.0,5127.0,3684.0,1228.0,1228.0,1228.0,1066.0,1066.0,1066.0,1059.0,1059.0,1059.0,2386.0,2386.0,2386.0,1228.0,1228.0,1228.0,1066.0,1066.0,1066.0
1.0,9108.0,3258.0,3201.0,5634.0,1320.0,440.0,440.0,440.0,1067.0,1067.0,1067.0,1086.0,1086.0,1086.0,3036.0,3036.0,3036.0,440.0,440.0,440.0,1067.0,1067.0,1067.0
1.0,11484.0,3243.0,3201.0,3684.0,879.0,293.0,293.0,293.0,1067.0,1067.0,1067.0,1081.0,1081.0,1081.0,3828.0,3828.0,3828.0,293.0,293.0,293.0,1067.0,1067.0,1067.0
1.0,11925.0,3189.0,3201.0,1320.0,2748.0,916.0,916.0,916.0,1067.0,1067.0,1067.0,1063.0,1063.0,1063.0,3975.0,3975.0,3975.0,916.0,916.0,916.0,1067.0,1067.0,1067.0
1.0,10056.0,3228.0,3204.0,879.0,5109.0,1703.0,1703.0,1703.0,1068.0,1068.0,1068.0,1076.0,1076.0,1076.0,3352.0,3352.0,3352.0,1703.0,1703.0,1703.0,1068.0,1068.0,1068.0
1.0,7707.0,3222.0,3204.0,2748.0,5583.0,1861.0,1861.0,1861.0,1068.0,1068.0,1068.0,1074.0,1074.0,1074.0,2569.0,2569.0,2569.0,1861.0,1861.0,1861.0,1068.0,1068.0,1068.0
1.0,7233.0,3231.0,3204.0,5109.0,3705.0,1235.0,1235.0,1235.0,1068.0,1068.0,1068.0,1077.0,1077.0,1077.0,2411.0,2411.0,2411.0,1235.0,1235.0,1235.0,1068.0,1068.0,1068.0
1.0,9111.0,3222.0,3204.0,5583.0,1344.0,448.0,448.0,448.0,1068.0,1068.0,1068.0,1074.0,1074.0,1074.0,3037.0,3037.0,3037.0,448.0,448.0,448.0,1068.0,1068.0,1068.0
1.0,11472.0,3171.0,3204.0,3705.0,810.0,270.0,270.0,270.0,1068.0,1068.0,1068.0,1057.0,1057.0,1057.0,3824.0,3824.0,3824.0,270.0,270.0,270.0,1068.0,1068.0,1068.0
1.0,12006.0,3189.0,3204.0,1344.0,2655.0,885.0,885.0,885.0,1068.0,1068.0,1068.0,1063.0,1063.0,1063.0,4002.0,4002.0,4002.0,885.0,885.0,885.0,1068.0,1068.0,1068.0
1.0,10161.0,3216.0,3204.0,810.0,5061.0,1687.0,1687.0,1687.0,1068.0,1068.0,1068.0,1072.0,1072.0,1072.0,3387.0,3387.0,3387.0,1687.0,1687.0,1687.0,1068.0,1068.0,1068.0
1.0,7755.0,3186.0,3204.0,2655.0,5592.0,1864.0,1864.0,1864.0,1068.0,1068.0,1068.0,1062.0,1062.0,1062.0,2585.0,2585.0,2585.0,1864.0,1864.0,1864.0,1068.0,1068.0,1068.0
1.0,7224.0,3216.0,3207.0,5061.0,3759.0,1253.0,1253.0,1253.0,1069.0,1069.0,1069.0,1072.0,1072.0,1072.0,2408.0,2408.0,2408.0,1253.0,1253.0,1253.0,1069.0,1069.0,1069.0
1.0,9069.0,3165.0,3204.0,5592.0,1320.0,440.0,440.0,440.0,1068.0,1068.0,1068.0,1055.0,1055.0,1055.0,3023.0,3023.0,3023.0,440.0,440.0,440.0,1068.0,1068.0,1068.0
1.0,11496.0,3216.0,3207.0,3759.0,789.0,263.0,263.0,263.0,1069.0,1069.0,1069.0,1072.0,1072.0,1072.0,3832.0,3832.0,3832.0,263.0,263.0,263.0,1069.0,1069.0,1069.0
1.0,12039.0,3189.0,3207.0,1320.0,2658.0,886.0,886.0,886.0,1069.0,1069.0,1069.0,1063.0,1063.0,1063.0,4013.0,4013.0,4013.0,886.0,886.0,886.0,1069.0,1069.0,1069.0
1.0,10170.0,3165.0,3207.0,789.0,5034.0,1678.0,1678.0,1678.0,1069.0,1069.0,1069.0,1055.0,1055.0,1055.0,3390.0,3390.0,3390.0,1678.0,1678.0,1678.0,1069.0,1069.0,1069.0
1.0,7794.0,3225.0,3207.0,2658.0,5601.0,1867.0,1867.0,1867.0,1069.0,1069.0,1069.0,1075.0,1075.0,1075.0,2598.0,2598.0,2598.0,1867.0,1867.0,1867.0,1069.0,1069.0,1069.0
1.0,7227.0,3240.0,3207.0,5034.0,3807.0,1269.0,1269.0,1269.0,1069.0,1069.0,1069.0,1080.0,1080.0,1080.0,2409.0,2409.0,2409.0,1269.0,1269.0,1269.0,1069.0,1069.0,1069.0
1.0,9021.0,3189.0,3207.0,5601.0,1395.0,465.0,465.0,465.0,1069.0,1069.0,1069.0,1063.0,1063.0,1063.0,3007.0,3007.0,3007.0,465.0,465.0,465.0,1069.0,1069.0,1069.0
1.0,11433.0,3306.0,3210.0,3807.0,906.0,302.0,302.0,302.0,1070.0,1070.0,1070.0,1102.0,1102.0,1102.0,3811.0,3811.0,3811.0,302.0,302.0,302.0,1070.0,1070.0,1070.0
1.0,11934.0,3210.0,3210.0,1395.0,2721.0,907.0,907.0,907.0,1070.0,1070.0,1070.0,1070.0,1070.0,1070.0,3978.0,3978.0,3978.0,907.0,907.0,907.0,1070.0,1070.0,1070.0
1.0,10119.0,3228.0,3213.0,906.0,5055.0,1685.0,1685.0,1685.0,1071.0,1071.0,1071.0,1076.0,1076.0,1076.0,3373.0,3373.0,3373.0,1685.0,1685.0,1685.0,1071.0,1071.0,1071.0
1.0,7797.0,3216.0,3213.0,2721.0,5550.0,1850.0,1850.0,1850.0,1071.0,1071.0,1071.0,1072.0,1072.0,1072.0,2599.0,2599.0,2599.0,1850.0,1850.0,1850.0,1071.0,1071.0,1071.0
1.0,7302.0,3270.0,3216.0,5055.0,3777.0,1259.0,1259.0,1259.0,1072.0,1072.0,1072.0,1090.0,1090.0,1090.0,2434.0,2434.0,2434.0,1259.0,1259.0,1259.0,1072.0,1072.0,1072.0
1.0,9087.0,3192.0,3216.0,5550.0,1419.0,473.0,473.0,473.0,1072.0,1072.0,1072.0,1064.0,1064.0,1064.0,3029.0,3029.0,3029.0,473.0,473.0,473.0,1072.0,1072.0,1072.0
1.0,11445.0,3225.0,3216.0,3777.0,867.0,289.0,289.0,289.0,1072.0,1072.0,1072.0,1075.0,1075.0,1075.0,3815.0,3815.0,3815.0,289.0,289.0,289.0,1072.0,1072.0,1072.0
1.0,11997.0,3195.0,3216.0,1419.0,2643.0,881.0,881.0,881.0,1072.0,1072.0,1072.0,1065.0,1065.0,1065.0,3999.0,3999.0,3999.0,881.0,881.0,881.0,1072.0,1072.0,1072.0
1.0,10221.0,3249.0,3219.0,867.0,5037.0,1679.0,1679.0,1679.0,1073.0,1073.0,1073.0,1083.0,1083.0,1083.0,3407.0,3407.0,3407.0,1679.0,1679.0,1679.0,1073.0,1073.0,1073.0
1.0,7839.0,3279.0,3219.0,2643.0,5673.0,1891.0,1891.0,1891.0,1073.0,1073.0,1073.0,1093.0,1093.0,1093.0,2613.0,2613.0,2613.0,1891.0,1891.0,1891.0,1073.0,1073.0,1073.0
1.0,7203.0,3255.0,3219.0,5037.0,3891.0,1297.0,1297.0,1297.0,1073.0,1073.0,1073.0,1085.0,1085.0,1085.0,2401.0,2401.0,2401.0,1297.0,1297.0,1297.0,1073.0,1073.0,1073.0
1.0,8985.0,3252.0,3222.0,5673.0,1482.0,494.0,494.0,494.0,1074.0,1074.0,1074.0,1084.0,1084.0,1084.0,2995.0,2995.0,2995.0,494.0,494.0,494.0,1074.0,1074.0,1074.0
1.0,11406.0,3177.0,3219.0,3891.0,756.0,252.0,252.0,252.0,1073.0,1073.0,1073.0,1059.0,1059.0,1059.0,3802.0,3802.0,3802.0,252.0,252.0,252.0,1073.0,1073.0,1073.0
1.0,12120.0,3249.0,3222.0,1482.0,2535.0,845.0,845.0,845.0,1074.0,1074.0,1074.0,1083.0,1083.0,1083.0,4040.0,4040.0,4040.0,845.0,845.0,845.0,1074.0,1074.0,1074.0
1.0,10353.0,3234.0,3222.0,756.0,5013.0,1671.0,1671.0,1671.0,1074.0,1074.0,1074.0,1078.0,1078.0,1078.0,3451.0,3451.0,3451.0,1671.0,1671.0,1671.0,1074.0,1074.0,1074.0
1.0,7875.0,3288.0,3222.0,2535.0,5766.0,1922.0,1922.0,1922.0,1074.0,1074.0,1074.0,1096.0,1096.0,1096.0,2625.0,2625.0,2625.0,1922.0,1922.0,1922.0,1074.0,1074.0,1074.0
1.0,7122.0,3243.0,3222.0,5013.0,3996.0,1332.0,1332.0,1332.0,1074.0,1074.0,1074.0,1081.0,1081.0,1081.0,2374.0,2374.0,2374.0,1332.0,1332.0,1332.0,1074.0,1074.0,1074.0
1.0,8892.0,3279.0,3225.0,5766.0,1521.0,507.0,507.0,507.0,1075.0,1075.0,1075.0,1093.0,1093.0,1093.0,2964.0,2964.0,2964.0,507.0,507.0,507.0,1075.0,1075.0,1075.0
1.0,11379.0,3282.0,3225.0,3996.0,807.0,269.0,269.0,269.0,1075.0,1075.0,1075.0,1094.0,1094.0,1094.0,3793.0,3793.0,3793.0,269.0,269.0,269.0,1075.0,1075.0,1075.0
1.0,12093.0,3237.0,3225.0,1521.0,2523.0,841.0,841.0,841.0,1075.0,1075.0,1075.0,1079.0,1079.0,1079.0,4031.0,4031.0,4031.0,841.0,841.0,841.0,1075.0,1075.0,1075.0
1.0,10377.0,3192.0,3225.0,807.0,4908.0,1636.0,1636.0,1636.0,1075.0,1075.0,1075.0,1064.0,1064.0,1064.0,3459.0,3459.0,3459.0,1636.0,1636.0,1636.0,1075.0,1075.0,1075.0
1.0,7992.0,3282.0,3225.0,2523.0,5667.0,1889.0,1889.0,1889.0,1075.0,1075.0,1075.0,1094.0,1094.0,1094.0,2664.0,2664.0,2664.0,1889.0,1889.0,1889.0,1075.0,1075.0,1075.0
1.0,7233.0,3252.0,3228.0,4908.0,4023.0,1341.0,1341.0,1341.0,1076.0,1076.0,1076.0,1084.0,1084.0,1084.0,2411.0,2411.0,2411.0,1341.0,1341.0,1341.0,1076.0,1076.0,1076.0
1.0,8889.0,3231.0,3225.0,5667.0,1575.0,525.0,525.0,525.0,1075.0,1075.0,1075.0,1077.0,1077.0,1077.0,2963.0,2963.0,2963.0,525.0,525.0,525.0,1075.0,1075.0,1075.0
1.0,11325.0,3237.0,3225.0,4023.0,789.0,263.0,263.0,263.0,1075.0,1075.0,1075.0,1079.0,1079.0,1079.0,3775.0,3775.0,3775.0,263.0,263.0,263.0,1075.0,1075.0,1075.0
1.0,12111.0,3333.0,3228.0,1575.0,2559.0,853.0,853.0,853.0,1076.0,1076.0,1076.0,1111.0,1111.0,1111.0,4037.0,4037.0,4037.0,853.0,853.0,853.0,1076.0,1076.0,1076.0
1.0,10353.0,3249.0,3228.0,789.0,5019.0,1673.0,1673.0,1673.0,1076.0,1076.0,1076.0,1083.0,1083.0,1083.0,3451.0,3451.0,3451.0,1673.0,1673.0,1673.0,1076.0,1076.0,1076.0
1.0,7893.0,3258.0,3231.0,2559.0,5730.0,1910.0,1910.0,1910.0,1077.0,1077.0,1077.0,1086.0,1086.0,1086.0,2631.0,2631.0,2631.0,1910.0,1910.0,1910.0,1077.0,1077.0,1077.0
1.0,7194.0,3222.0,3231.0,5019.0,3933.0,1311.0,1311.0,1311.0,1077.0,1077.0,1077.0,1074.0,1074.0,1074.0,2398.0,2398.0,2398.0,1311.0,1311.0,1311.0,1077.0,1077.0,1077.0
1.0,8991.0,3243.0,3228.0,5730.0,1434.0,478.0,478.0,478.0,1076.0,1076.0,1076.0,1081.0,1081.0,1081.0,2997.0,2997.0,2997.0,478.0,478.0,478.0,1076.0,1076.0,1076.0
1.0,11478.0,3231.0,3228.0,3933.0,732.0,244.0,244.0,244.0,1076.0,1076.0,1076.0,1077.0,1077.0,1077.0,3826.0,3826.0,3826.0,244.0,244.0,244.0,1076.0,1076.0,1076.0
1.0,12180.0,3294.0,3231.0,1434.0,2604.0,868.0,868.0,868.0,1077.0,1077.0,1077.0,1098.0,1098.0,1098.0,4060.0,4060.0,4060.0,868.0,868.0,868.0,1077.0,1077.0,1077.0
1.0,10320.0,3237.0,3231.0,732.0,5109.0,1703.0,1703.0,1703.0,1077.0,1077.0,1077.0,1079.0,1079.0,1079.0,3440.0,3440.0,3440.0,1703.0,1703.0,1703.0,1077.0,1077.0,1077.0
1.0,7815.0,3291.0,3234.0,2604.0,5808.0,1936.0,1936.0,1936.0,1078.0,1078.0,1078.0,1097.0,1097.0,1097.0,2605.0,2605.0,2605.0,1936.0,1936.0,1936.0,1078.0,1078.0,1078.0
1.0,7128.0,3228.0,3234.0,5109.0,3927.0,1309.0,1309.0,1309.0,1078.0,1078.0,1078.0,1076.0,1076.0,1076.0,2376.0,2376.0,2376.0,1309.0,1309.0,1309.0,1078.0,1078.0,1078.0
1.0,9009.0,3261.0,3234.0,5808.0,1380.0,460.0,460.0,460.0,1078.0,1078.0,1078.0,1087.0,1087.0,1087.0,3003.0,3003.0,3003.0,460.0,460.0,460.0,1078.0,1078.0,1078.0
1.0,11556.0,3291.0,3234.0,3927.0,744.0,248.0,248.0,248.0,1078.0,1078.0,1078.0,1097.0,1097.0,1097.0,3852.0,3852.0,3852.0,248.0,248.0,248.0,1078.0,1078.0,1078.0
1.0,12192.0,3234.0,3237.0,1380.0,2610.0,870.0,870.0,870.0,1079.0,1079.0,1079.0,1078.0,1078.0,1078.0,4064.0,4064.0,4064.0,870.0,870.0,870.0,1079.0,1079.0,1079.0
1.0,10338.0,3285.0,3237.0,744.0,5151.0,1717.0,1717.0,1717.0,1079.0,1079.0,1079.0,1095.0,1095.0,1095.0,3446.0,3446.0,3446.0,1717.0,1717.0,1717.0,1079.0,1079.0,1079.0
1.0,7797.0,3183.0,3237.0,2610.0,5724.0,1908.0,1908.0,1908.0,1079.0,1079.0,1079.0,1061.0,1061.0,1061.0,2599.0,2599.0,2599.0,1908.0,1908.0,1908.0,1079.0,1079.0,1079.0
1.0,7224.0,3249.0,3237.0,5151.0,3822.0,1274.0,1274.0,1274.0,1079.0,1079.0,1079.0,1083.0,1083.0,1083.0,2408.0,2408.0,2408.0,1274.0,1274.0,1274.0,1079.0,1079.0,1079.0
1.0,9126.0,3240.0,3237.0,5724.0,1338.0,446.0,446.0,446.0,1079.0,1079.0,1079.0,1080.0,1080.0,1080.0,3042.0,3042.0,3042.0,446.0,446.0,446.0,1079.0,1079.0,1079.0
1.0,11610.0,3249.0,3240.0,3822.0,777.0,259.0,259.0,259.0,1080.0,1080.0,1080.0,1083.0,1083.0,1083.0,3870.0,3870.0,3870.0,259.0,259.0,259.0,1080.0,1080.0,1080.0
1.0,12183.0,3207.0,3240.0,1338.0,2646.0,882.0,882.0,882.0,1080.0,1080.0,1080.0,1069.0,1069.0,1069.0,4061.0,4061.0,4061.0,882.0,882.0,882.0,1080.0,1080.0,1080.0
1.0,10314.0,3237.0,3240.0,777.0,5106.0,1702.0,1702.0,1702.0,1080.0,1080.0,1080.0,1079.0,1079.0,1079.0,3438.0,3438.0,3438.0,1702.0,1702.0,1702.0,1080.0,1080.0,1080.0
1.0,7854.0,3252.0,3240.0,2646.0,5712.0,1904.0,1904.0,1904.0,1080.0,1080.0,1080.0,1084.0,1084.0,1084.0,2618.0,2618.0,2618.0,1904.0,1904.0,1904.0,1080.0,1080.0,1080.0
1.0,7248.0,3240.0,3243.0,5106.0,3858.0,1286.0,1286.0,1286.0,1081.0,1081.0,1081.0,1080.0,1080.0,1080.0,2416.0,2416.0,2416.0,1286.0,1286.0,1286.0,1081.0,1081.0,1081.0
1.0,9114.0,3255.0,3243.0,5712.0,1401.0,467.0,467.0,467.0,1081.0,1081.0,1081.0,1085.0,1085.0,1085.0,3038.0,3038.0,3038.0,467.0,467.0,467.0,1081.0,1081.0,1081.0
1.0,11571.0,3273.0,3246.0,3858.0,828.0,276.0,276.0,276.0,1082.0,1082.0,1082.0,1091.0,1091.0,1091.0,3857.0,3857.0,3857.0,276.0,276.0,276.0,1082.0,1082.0,1082.0
1.0,12156.0,3267.0,3246.0,1401.0,2694.0,898.0,898.0,898.0,1082.0,1082.0,1082.0,1089.0,1089.0,1089.0,4052.0,4052.0,4052.0,898.0,898.0,898.0,1082.0,1082.0,1082.0
1.0,10290.0,3222.0,3246.0,828.0,5088.0,1696.0,1696.0,1696.0,1082.0,1082.0,1082.0,1074.0,1074.0,1074.0,3430.0,3430.0,3430.0,1696.0,1696.0,1696.0,1082.0,1082.0,1082.0
1.0,7896.0,3258.0,3246.0,2694.0,5652.0,1884.0,1884.0,1884.0,1082.0,1082.0,1082.0,1086.0,1086.0,1086.0,2632.0,2632.0,2632.0,1884.0,1884.0,1884.0,1082.0,1082.0,1082.0
1.0,7332.0,3228.0,3246.0,5088.0,3792.0,1264.0,1264.0,1264.0,1082.0,1082.0,1082.0,1076.0,1076.0,1076.0,2444.0,2444.0,2444.0,1264.0,1264.0,1264.0,1082.0,1082.0,1082.0
1.0,9192.0,3288.0,3246.0,5652.0,1428.0,476.0,476.0,476.0,1082.0,1082.0,1082.0,1096.0,1096.0,1096.0,3064.0,3064.0,3064.0,476.0,476.0,476.0,1082.0,1082.0,1082.0
1.0,11556.0,3192.0,3246.0,3792.0,828.0,276.0,276.0,276.0,1082.0,1082.0,1082.0,1064.0,1064.0,1064.0,3852.0,3852.0,3852.0,276.0,276.0,276.0,1082.0,1082.0,1082.0
1.0,12156.0,3213.0,3246.0,1428.0,2613.0,871.0,871.0,871.0,1082.0,1082.0,1082.0,1071.0,1071.0,1071.0,4052.0,4052.0,4052.0,871.0,871.0,871.0,1082.0,1082.0,1082.0
1.0,10371.0,3249.0,3246.0,828.0,5034.0,1678.0,1678.0,1678.0,1082.0,1082.0,1082.0,1083.0,1083.0,1083.0,3457.0,3457.0,3457.0,1678.0,1678.0,1678.0,1082.0,1082.0,1082.0
1.0,7950.0,3252.0,3246.0,2613.0,5673.0,1891.0,1891.0,1891.0,1082.0,1082.0,1082.0,1084.0,1084.0,1084.0,2650.0,2650.0,2650.0,1891.0,1891.0,1891.0,1082.0,1082.0,1082.0
1.0,7311.0,3273.0,3249.0,5034.0,3924.0,1308.0,1308.0,1308.0,1083.0,1083.0,1083.0,1091.0,1091.0,1091.0,2437.0,2437.0,2437.0,1308.0,1308.0,1308.0,1083.0,1083.0,1083.0
1.0,9072.0,3228.0,3249.0,5673.0,1479.0,493.0,493.0,493.0,1083.0,1083.0,1083.0,1076.0,1076.0,1076.0,3024.0,3024.0,3024.0,493.0,493.0,493.0,1083.0,1083.0,1083.0
1.0,11517.0,3249.0,3249.0,3924.0,804.0,268.0,268.0,268.0,1083.0,1083.0,1083.0,1083.0,1083.0,1083.0,3839.0,3839.0,3839.0,268.0,268.0,268.0,1083.0,1083.0,1083.0
1.0,12192.0,3330.0,3249.0,1479.0,2655.0,885.0,885.0,885.0,1083.0,1083.0,1083.0,1110.0,1110.0,1110.0,4064.0,4064.0,4064.0,885.0,885.0,885.0,1083.0,1083.0,1083.0
1.0,10341.0,3231.0,3249.0,804.0,5082.0,1694.0,1694.0,1694.0,1083.0,1083.0,1083.0,1077.0,1077.0,1077.0,3447.0,3447.0,3447.0,1694.0,1694.0,1694.0,1083.0,1083.0,1083.0
1.0,7914.0,3231.0,3249.0,2655.0,5658.0,1886.0,1886.0,1886.0,1083.0,1083.0,1083.0,1077.0,1077.0,1077.0,2638.0,2638.0,2638.0,1886.0,1886.0,1886.0,1083.0,1083.0,1083.0
1.0,7338.0,3243.0,3249.0,5082.0,3819.0,1273.0,1273.0,1273.0,1083.0,1083.0,1083.0,1081.0,1081.0,1081.0,2446.0,2446.0,2446.0,1273.0,1273.0,1273.0,1083.0,1083.0,1083.0
1.0,9177.0,3255.0,3249.0,5658.0,1416.0,472.0,472.0,472.0,1083.0,1083.0,1083.0,1085.0,1085.0,1085.0,3059.0,3059.0,3059.0,472.0,472.0,472.0,1083.0,1083.0,1083.0
1.0,11580.0,3309.0,3252.0,3819.0,918.0,306.0,306.0,306.0,1084.0,1084.0,1084.0,1103.0,1103.0,1103.0,3860.0,3860.0,3860.0,306.0,306.0,306.0,1084.0,1084.0,1084.0
1.0,12090.0,3279.0,3252.0,1416.0,2781.0,927.0,927.0,927.0,1084.0,1084.0,1084.0,1093.0,1093.0,1093.0,4030.0,4030.0,4030.0,927.0,927.0,927.0,1084.0,1084.0,1084.0
1.0,10227.0,3249.0,3252.0,918.0,5112.0,1704.0,1704.0,1704.0,1084.0,1084.0,1084.0,1083.0,1083.0,1083.0,3409.0,3409.0,3409.0,1704.0,1704.0,1704.0,1084.0,1084.0,1084.0
1.0,7896.0,3303.0,3252.0,2781.0,5634.0,1878.0,1878.0,1878.0,1084.0,1084.0,1084.0,1101.0,1101.0,1101.0,2632.0,2632.0,2632.0,1878.0,1878.0,1878.0,1084.0,1084.0,1084.0
1.0,7374.0,3336.0,3252.0,5112.0,3858.0,1286.0,1286.0,1286.0,1084.0,1084.0,1084.0,1112.0,1112.0,1112.0,2458.0,2458.0,2458.0,1286.0,1286.0,1286.0,1084.0,1084.0,1084.0
1.0,9150.0,3303.0,3255.0,5634.0,1539.0,513.0,513.0,513.0,1085.0,1085.0,1085.0,1101.0,1101.0,1101.0,3050.0,3050.0,3050.0,513.0,513.0,513.0,1085.0,1085.0,1085.0
1.0,11481.0,3363.0,3258.0,3858.0,1056.0,352.0,352.0,352.0,1086.0,1086.0,1086.0,1121.0,1121.0,1121.0,3827.0,3827.0,3827.0,352.0,352.0,352.0,1086.0,1086.0,1086.0
1.0,11976.0,3321.0,3258.0,1539.0,2838.0,946.0,946.0,946.0,1086.0,1086.0,1086.0,1107.0,1107.0,1107.0,3992.0,3992.0,3992.0,946.0,946.0,946.0,1086.0,1086.0,1086.0
1.0,10194.0,3306.0,3258.0,1056.0,5088.0,1696.0,1696.0,1696.0,1086.0,1086.0,1086.0,1102.0,1102.0,1102.0,3398.0,3398.0,3398.0,1696.0,1696.0,1696.0,1086.0,1086.0,1086.0
1.0,7944.0,3288.0,3261.0,2838.0,5550.0,1850.0,1850.0,1850.0,1087.0,1087.0,1087.0,1096.0,1096.0,1096.0,2648.0,2648.0,2648.0,1850.0,1850.0,1850.0,1087.0,1087.0,1087.0
1.0,7494.0,3303.0,3261.0,5088.0,3765.0,1255.0,1255.0,1255.0,1087.0,1087.0,1087.0,1101.0,1101.0,1101.0,2498.0,2498.0,2498.0,1255.0,1255.0,1255.0,1087.0,1087.0,1087.0
1.0,9279.0,3363.0,3261.0,5550.0,1578.0,526.0,526.0,526.0,1087.0,1087.0,1087.0,1121.0,1121.0,1121.0,3093.0,3093.0,3093.0,526.0,526.0,526.0,1087.0,1087.0,1087.0
1.0,11466.0,3264.0,3264.0,3765.0,1089.0,363.0,363.0,363.0,1088.0,1088.0,1088.0,1088.0,1088.0,1088.0,3822.0,3822.0,3822.0,363.0,363.0,363.0,1088.0,1088.0,1088.0
1.0,11967.0,3240.0,3261.0,1578.0,2739.0,913.0,913.0,913.0,1087.0,1087.0,1087.0,1080.0,1080.0,1080.0,3989.0,3989.0,3989.0,913.0,913.0,913.0,1087.0,1087.0,1087.0
1.0,10305.0,3294.0,3264.0,1089.0,4956.0,1652.0,1652.0,1652.0,1088.0,1088.0,1088.0,1098.0,1098.0,1098.0,3435.0,3435.0,3435.0,1652.0,1652.0,1652.0,1088.0,1088.0,1088.0
1.0,8100.0,3321.0,3264.0,2739.0,5538.0,1846.0,1846.0,1846.0,1088.0,1088.0,1088.0,1107.0,1107.0,1107.0,2700.0,2700.0,2700.0,1846.0,1846.0,1846.0,1088.0,1088.0,1088.0
1.0,7518.0,3339.0,3267.0,4956.0,3933.0,1311.0,1311.0,1311.0,1089.0,1089.0,1089.0,1113.0,1113.0,1113.0,2506.0,2506.0,2506.0,1311.0,1311.0,1311.0,1089.0,1089.0,1089.0
1.0,9135.0,3288.0,3267.0,5538.0,1683.0,561.0,561.0,561.0,1089.0,1089.0,1089.0,1096.0,1096.0,1096.0,3045.0,3045.0,3045.0,561.0,561.0,561.0,1089.0,1089.0,1089.0
1.0,11385.0,3294.0,3267.0,3933.0,1044.0,348.0,348.0,348.0,1089.0,1089.0,1089.0,1098.0,1098.0,1098.0,3795.0,3795.0,3795.0,348.0,348.0,348.0,1089.0,1089.0,1089.0
1.0,12024.0,3282.0,3267.0,1683.0,2643.0,881.0,881.0,881.0,1089.0,1089.0,1089.0,1094.0,1094.0,1094.0,4008.0,4008.0,4008.0,881.0,881.0,881.0,1089.0,1089.0,1089.0
1.0,10425.0,3330.0,3270.0,1044.0,4941.0,1647.0,1647.0,1647.0,1090.0,1090.0,1090.0,1110.0,1110.0,1110.0,3475.0,3475.0,3475.0,1647.0,1647.0,1647.0,1090.0,1090.0,1090.0
1.0,8139.0,3291.0,3270.0,2643.0,5589.0,1863.0,1863.0,1863.0,1090.0,1090.0,1090.0,1097.0,1097.0,1097.0,2713.0,2713.0,2713.0,1863.0,1863.0,1863.0,1090.0,1090.0,1090.0
1.0,7491.0,3258.0,3270.0,4941.0,3906.0,1302.0,1302.0,1302.0,1090.0,1090.0,1090.0,1086.0,1086.0,1086.0,2497.0,2497.0,2497.0,1302.0,1302.0,1302.0,1090.0,1090.0,1090.0
1.0,9174.0,3339.0,3273.0,5589.0,1668.0,556.0,556.0,556.0,1091.0,1091.0,1091.0,1113.0,1113.0,1113.0,3058.0,3058.0,3058.0,556.0,556.0,556.0,1091.0,1091.0,1091.0
1.0,11424.0,3225.0,3270.0,3906.0,975.0,325.0,325.0,325.0,1090.0,1090.0,1090.0,1075.0,1075.0,1075.0,3808.0,3808.0,3808.0,325.0,325.0,325.0,1090.0,1090.0,1090.0
1.0,12105.0,3303.0,3273.0,1668.0,2622.0,874.0,874.0,874.0,1091.0,1091.0,1091.0,1101.0,1101.0,1101.0,4035.0,4035.0,4035.0,874.0,874.0,874.0,1091.0,1091.0,1091.0
1.0,10470.0,3225.0,3273.0,975.0,4872.0,1624.0,1624.0,1624.0,1091.0,1091.0,1091.0,1075.0,1075.0,1075.0,3490.0,3490.0,3490.0,1624.0,1624.0,1624.0,1091.0,1091.0,1091.0
1.0,8220.0,3252.0,3273.0,2622.0,5502.0,1834.0,1834.0,1834.0,1091.0,1091.0,1091.0,1084.0,1084.0,1084.0,2740.0,2740.0,2740.0,1834.0,1834.0,1834.0,1091.0,1091.0,1091.0
1.0,7590.0,3255.0,3273.0,4872.0,3885.0,1295.0,1295.0,1295.0,1091.0,1091.0,1091.0,1085.0,1085.0,1085.0,2530.0,2530.0,2530.0,1295.0,1295.0,1295.0,1091.0,1091.0,1091.0
1.0,9207.0,3267.0,3273.0,5502.0,1650.0,550.0,550.0,550.0,1091.0,1091.0,1091.0,1089.0,1089.0,1089.0,3069.0,3069.0,3069.0,550.0,550.0,550.0,1091.0,1091.0,1091.0
1.0,11442.0,3276.0,3276.0,3885.0,1053.0,351.0,351.0,351.0,1092.0,1092.0,1092.0,1092.0,1092.0,1092.0,3814.0,3814.0,3814.0,351.0,351.0,351.0,1092.0,1092.0,1092.0
1.0,12051.0,3288.0,3276.0,1650.0,2691.0,897.0,897.0,897.0,1092.0,1092.0,1092.0,1096.0,1096.0,1096.0,4017.0,4017.0,4017.0,897.0,897.0,897.0,1092.0,1092.0,1092.0
1.0,10413.0,3294.0,3276.0,1053.0,4932.0,1644.0,1644.0,1644.0,1092.0,1092.0,1092.0,1098.0,1098.0,1098.0,3471.0,3471.0,3471.0,1644.0,1644.0,1644.0,1092.0,1092.0,1092.0
1.0,8172.0,3306.0,3279.0,2691.0,5559.0,1853.0,1853.0,1853.0,1093.0,1093.0,1093.0,1102.0,1102.0,1102.0,2724.0,2724.0,2724.0,1853.0,1853.0,1853.0,1093.0,1093.0,1093.0
1.0,7557.0,3198.0,3276.0,4932.0,3813.0,1271.0,1271.0,1271.0,1092.0,1092.0,1092.0,1066.0,1066.0,1066.0,2519.0,2519.0,2519.0,1271.0,1271.0,1271.0,1092.0,1092.0,1092.0
1.0,9291.0,3306.0,3276.0,5559.0,1560.0,520.0,520.0,520.0,1092.0,1092.0,1092.0,1102.0,1102.0,1102.0,3097.0,3097.0,3097.0,520.0,520.0,520.0,1092.0,1092.0,1092.0
1.0,11544.0,3234.0,3276.0,3813.0,981.0,327.0,327.0,327.0,1092.0,1092.0,1092.0,1078.0,1078.0,1078.0,3848.0,3848.0,3848.0,327.0,327.0,327.0,1092.0,1092.0,1092.0
1.0,12123.0,3249.0,3276.0,1560.0,2670.0,890.0,890.0,890.0,1092.0,1092.0,1092.0,1083.0,1083.0,1083.0,4041.0,4041.0,4041.0,890.0,890.0,890.0,1092.0,1092.0,1092.0
1.0,10434.0,3318.0,3279.0,981.0,5019.0,1673.0,1673.0,1673.0,1093.0,1093.0,1093.0,1106.0,1106.0,1106.0,3478.0,3478.0,3478.0,1673.0,1673.0,1673.0,1093.0,1093.0,1093.0
1.0,8097.0,3294.0,3279.0,2670.0,5643.0,1881.0,1881.0,1881.0,1093.0,1093.0,1093.0,1098.0,1098.0,1098.0,2699.0,2699.0,2699.0,1881.0,1881.0,1881.0,1093.0,1093.0,1093.0
1.0,7473.0,3288.0,3282.0,5019.0,3924.0,1308.0,1308.0,1308.0,1094.0,1094.0,1094.0,1096.0,1096.0,1096.0,2491.0,2491.0,2491.0,1308.0,1308.0,1308.0,1094.0,1094.0,1094.0
1.0,9204.0,3243.0,3282.0,5643.0,1524.0,508.0,508.0,508.0,1094.0,1094.0,1094.0,1081.0,1081.0,1081.0,3068.0,3068.0,3068.0,508.0,508.0,508.0,1094.0,1094.0,1094.0
1.0,11604.0,3261.0,3282.0,3924.0,861.0,287.0,287.0,287.0,1094.0,1094.0,1094.0,1087.0,1087.0,1087.0,3868.0,3868.0,3868.0,287.0,287.0,287.0,1094.0,1094.0,1094.0
1.0,12267.0,3330.0,3282.0,1524.0,2667.0,889.0,889.0,889.0,1094.0,1094.0,1094.0,1110.0,1110.0,1110.0,4089.0,4089.0,4089.0,889.0,889.0,889.0,1094.0,1094.0,1094.0
1.0,10461.0,3252.0,3282.0,861.0,5058.0,1686.0,1686.0,1686.0,1094.0,1094.0,1094.0,1084.0,1084.0,1084.0,3487.0,3487.0,3487.0,1686.0,1686.0,1686.0,1094.0,1094.0,1094.0
1.0,8070.0,3279.0,3285.0,2667.0,5682.0,1894.0,1894.0,1894.0,1095.0,1095.0,1095.0,1093.0,1093.0,1093.0,2690.0,2690.0,2690.0,1894.0,1894.0,1894.0,1095.0,1095.0,1095.0
1.0,7458.0,3279.0,3285.0,5058.0,3903.0,1301.0,1301.0,1301.0,1095.0,1095.0,1095.0,1093.0,1093.0,1093.0,2486.0,2486.0,2486.0,1301.0,1301.0,1301.0,1095.0,1095.0,1095.0
1.0,9237.0,3366.0,3285.0,5682.0,1587.0,529.0,529.0,529.0,1095.0,1095.0,1095.0,1122.0,1122.0,1122.0,3079.0,3079.0,3079.0,529.0,529.0,529.0,1095.0,1095.0,1095.0
1.0,11553.0,3270.0,3285.0,3903.0,954.0,318.0,318.0,318.0,1095.0,1095.0,1095.0,1090.0,1090.0,1090.0,3851.0,3851.0,3851.0,318.0,318.0,318.0,1095.0,1095.0,1095.0
1.0,12186.0,3249.0,3285.0,1587.0,2616.0,872.0,872.0,872.0,1095.0,1095.0,1095.0,1083.0,1083.0,1083.0,4062.0,4062.0,4062.0,872.0,872.0,872.0,1095.0,1095.0,1095.0
1.0,10524.0,3306.0,3288.0,954.0,4980.0,1660.0,1660.0,1660.0,1096.0,1096.0,1096.0,1102.0,1102.0,1102.0,3508.0,3508.0,3508.0,1660.0,1660.0,1660.0,1096.0,1096.0,1096.0
1.0,8172.0,3261.0,3288.0,2616.0,5625.0,1875.0,1875.0,1875.0,1096.0,1096.0,1096.0,1087.0,1087.0,1087.0,2724.0,2724.0,2724.0,1875.0,1875.0,1875.0,1096.0,1096.0,1096.0
1.0,7527.0,3309.0,3288.0,4980.0,3954.0,1318.0,1318.0,1318.0,1096.0,1096.0,1096.0,1103.0,1103.0,1103.0,2509.0,2509.0,2509.0,1318.0,1318.0,1318.0,1096.0,1096.0,1096.0
1.0,9198.0,3303.0,3288.0,5625.0,1632.0,544.0,544.0,544.0,1096.0,1096.0,1096.0,1101.0,1101.0,1101.0,3066.0,3066.0,3066.0,544.0,544.0,544.0,1096.0,1096.0,1096.0
1.0,11520.0,3297.0,3288.0,3954.0,975.0,325.0,325.0,325.0,1096.0,1096.0,1096.0,1099.0,1099.0,1099.0,3840.0,3840.0,3840.0,325.0,325.0,325.0,1096.0,1096.0,1096.0
1.0,12177.0,3309.0,3288.0,1632.0,2652.0,884.0,884.0,884.0,1096.0,1096.0,1096.0,1103.0,1103.0,1103.0,4059.0,4059.0,4059.0,884.0,884.0,884.0,1096.0,1096.0,1096.0
1.0,10500.0,3297.0,3288.0,975.0,4974.0,1658.0,1658.0,1658.0,1096.0,1096.0,1096.0,1099.0,1099.0,1099.0,3500.0,3500.0,3500.0,1658.0,1658.0,1658.0,1096.0,1096.0,1096.0
1.0,8178.0,3303.0,3288.0,2652.0,5625.0,1875.0,1875.0,1875.0,1096.0,1096.0,1096.0,1101.0,1101.0,1101.0,2726.0,2726.0,2726.0,1875.0,1875.0,1875.0,1096.0,1096.0,1096.0
1.0,7527.0,3297.0,3288.0,4974.0,3948.0,1316.0,1316.0,1316.0,1096.0,1096.0,1096.0,1099.0,1099.0,1099.0,2509.0,2509.0,2509.0,1316.0,1316.0,1316.0,1096.0,1096.0,1096.0
1.0,9204.0,3360.0,3288.0,5625.0,1683.0,561.0,561.0,561.0,1096.0,1096.0,1096.0,1120.0,1120.0,1120.0,3068.0,3068.0,3068.0,561.0,561.0,561.0,1096.0,1096.0,1096.0
1.0,11469.0,3357.0,3288.0,3948.0,1092.0,364.0,364.0,364.0,1096.0,1096.0,1096.0,1119.0,1119.0,1119.0,3823.0,3823.0,3823.0,364.0,364.0,364.0,1096.0,1096.0,1096.0
1.0,12060.0,3327.0,3288.0,1683.0,2736.0,912.0,912.0,912.0,1096.0,1096.0,1096.0,1109.0,1109.0,1109.0,4020.0,4020.0,4020.0,912.0,912.0,912.0,1096.0,1096.0,1096.0
1.0,10416.0,3300.0,3288.0,1092.0,4944.0,1648.0,1648.0,1648.0,1096.0,1096.0,1096.0,1100.0,1100.0,1100.0,3472.0,3472.0,3472.0,1648.0,1648.0,1648.0,1096.0,1096.0,1096.0
1.0,8208.0,3339.0,3288.0,2736.0,5547.0,1849.0,1849.0,1849.0,1096.0,1096.0,1096.0,1113.0,1113.0,1113.0,2736.0,2736.0,2736.0,1849.0,1849.0,1849.0,1096.0,1096.0,1096.0
1.0,7605.0,3351.0,3291.0,4944.0,3966.0,1322.0,1322.0,1322.0,1097.0,1097.0,1097.0,1117.0,1117.0,1117.0,2535.0,2535.0,2535.0,1322.0,1322.0,1322.0,1097.0,1097.0,1097.0
1.0,9198.0,3309.0,3291.0,5547.0,1728.0,576.0,576.0,576.0,1097.0,1097.0,1097.0,1103.0,1103.0,1103.0,3066.0,3066.0,3066.0,576.0,576.0,576.0,1097.0,1097.0,1097.0
1.0,11436.0,3348.0,3294.0,3966.0,1122.0,374.0,374.0,374.0,1098.0,1098.0,1098.0,1116.0,1116.0,1116.0,3812.0,3812.0,3812.0,374.0,374.0,374.0,1098.0,1098.0,1098.0
1.0,12054.0,3336.0,3294.0,1728.0,2730.0,910.0,910.0,910.0,1098.0,1098.0,1098.0,1112.0,1112.0,1112.0,4018.0,4018.0,4018.0,910.0,910.0,910.0,1098.0,1098.0,1098.0
1.0,10446.0,3285.0,3291.0,1122.0,4881.0,1627.0,1627.0,1627.0,1097.0,1097.0,1097.0,1095.0,1095.0,1095.0,3482.0,3482.0,3482.0,1627.0,1627.0,1627.0,1097.0,1097.0,1097.0
1.0,8283.0,3315.0,3294.0,2730.0,5478.0,1826.0,1826.0,1826.0,1098.0,1098.0,1098.0,1105.0,1105.0,1105.0,2761.0,2761.0,2761.0,1826.0,1826.0,1826.0,1098.0,1098.0,1098.0
1.0,7698.0,3321.0,3294.0,4881.0,3918.0,1306.0,1306.0,1306.0,1098.0,1098.0,1098.0,1107.0,1107.0,1107.0,2566.0,2566.0,2566.0,1306.0,1306.0,1306.0,1098.0,1098.0,1098.0
1.0,9258.0,3321.0,3294.0,5478.0,1761.0,587.0,587.0,587.0,1098.0,1098.0,1098.0,1107.0,1107.0,1107.0,3086.0,3086.0,3086.0,587.0,587.0,587.0,1098.0,1098.0,1098.0
1.0,11415.0,3270.0,3294.0,3918.0,1113.0,371.0,371.0,371.0,1098.0,1098.0,1098.0,1090.0,1090.0,1090.0,3805.0,3805.0,3805.0,371.0,371.0,371.0,1098.0,1098.0,1098.0
1.0,12063.0,3342.0,3294.0,1761.0,2694.0,898.0,898.0,898.0,1098.0,1098.0,1098.0,1114.0,1114.0,1114.0,4021.0,4021.0,4021.0,898.0,898.0,898.0,1098.0,1098.0,1098.0
1.0,10482.0,3270.0,3294.0,1113.0,4851.0,1617.0,1617.0,1617.0,1098.0,1098.0,1098.0,1090.0,1090.0,1090.0,3494.0,3494.0,3494.0,1617.0,1617.0,1617.0,1098.0,1098.0,1098.0
1.0,8325.0,3279.0,3294.0,2694.0,5436.0,1812.0,1812.0,1812.0,1098.0,1098.0,1098.0,1093.0,1093.0,1093.0,2775.0,2775.0,2775.0,1812.0,1812.0,1812.0,1098.0,1098.0,1098.0
1.0,7740.0,3351.0,3294.0,4851.0,3936.0,1312.0,1312.0,1312.0,1098.0,1098.0,1098.0,1117.0,1117.0,1117.0,2580.0,2580.0,2580.0,1312.0,1312.0,1312.0,1098.0,1098.0,1098.0
1.0,9240.0,3279.0,3294.0,5436.0,1779.0,593.0,593.0,593.0,1098.0,1098.0,1098.0,1093.0,1093.0,1093.0,3080.0,3080.0,3080.0,593.0,593.0,593.0,1098.0,1098.0,1098.0
1.0,11397.0,3312.0,3297.0,3936.0,1167.0,389.0,389.0,389.0,1099.0,1099.0,1099.0,1104.0,1104.0,1104.0,3799.0,3799.0,3799.0,389.0,389.0,389.0,1099.0,1099.0,1099.0
1.0,12021.0,3306.0,3297.0,1779.0,2694.0,898.0,898.0,898.0,1099.0,1099.0,1099.0,1102.0,1102.0,1102.0,4007.0,4007.0,4007.0,898.0,898.0,898.0,1099.0,1099.0,1099.0
1.0,10494.0,3330.0,3300.0,1167.0,4869.0,1623.0,1623.0,1623.0,1100.0,1100.0,1100.0,1110.0,1110.0,1110.0,3498.0,3498.0,3498.0,1623.0,1623.0,1623.0,1100.0,1100.0,1100.0
1.0,8331.0,3297.0,3300.0,2694.0,5472.0,1824.0,1824.0,1824.0,1100.0,1100.0,1100.0,1099.0,1099.0,1099.0,2777.0,2777.0,2777.0,1824.0,1824.0,1824.0,1100.0,1100.0,1100.0
1.0,7728.0,3297.0,3300.0,4869.0,3900.0,1300.0,1300.0,1300.0,1100.0,1100.0,1100.0,1099.0,1099.0,1099.0,2576.0,2576.0,2576.0,1300.0,1300.0,1300.0,1100.0,1100.0,1100.0
1.0,9300.0,3285.0,3300.0,5472.0,1713.0,571.0,571.0,571.0,1100.0,1100.0,1100.0,1095.0,1095.0,1095.0,3100.0,3100.0,3100.0,571.0,571.0,571.0,1100.0,1100.0,1100.0
1.0,11487.0,3279.0,3300.0,3900.0,1092.0,364.0,364.0,364.0,1100.0,1100.0,1100.0,1093.0,1093.0,1093.0,3829.0,3829.0,3829.0,364.0,364.0,364.0,1100.0,1100.0,1100.0
1.0,12108.0,3327.0,3300.0,1713.0,2706.0,902.0,902.0,902.0,1100.0,1100.0,1100.0,1109.0,1109.0,1109.0,4036.0,4036.0,4036.0,902.0,902.0,902.0,1100.0,1100.0,1100.0
1.0,10494.0,3309.0,3303.0,1092.0,4935.0,1645.0,1645.0,1645.0,1101.0,1101.0,1101.0,1103.0,1103.0,1103.0,3498.0,3498.0,3498.0,1645.0,1645.0,1645.0,1101.0,1101.0,1101.0
1.0,8277.0,3321.0,3303.0,2706.0,5550.0,1850.0,1850.0,1850.0,1101.0,1101.0,1101.0,1107.0,1107.0,1107.0,2759.0,2759.0,2759.0,1850.0,1850.0,1850.0,1101.0,1101.0,1101.0
1.0,7662.0,3303.0,3303.0,4935.0,3918.0,1306.0,1306.0,1306.0,1101.0,1101.0,1101.0,1101.0,1101.0,1101.0,2554.0,2554.0,2554.0,1306.0,1306.0,1306.0,1101.0,1101.0,1101.0
1.0,9294.0,3315.0,3306.0,5550.0,1695.0,565.0,565.0,565.0,1102.0,1102.0,1102.0,1105.0,1105.0,1105.0,3098.0,3098.0,3098.0,565.0,565.0,565.0,1102.0,1102.0,1102.0
1.0,11529.0,3309.0,3306.0,3918.0,1086.0,362.0,362.0,362.0,1102.0,1102.0,1102.0,1103.0,1103.0,1103.0,3843.0,3843.0,3843.0,362.0,362.0,362.0,1102.0,1102.0,1102.0
1.0,12138.0,3306.0,3306.0,1695.0,2697.0,899.0,899.0,899.0,1102.0,1102.0,1102.0,1102.0,1102.0,1102.0,4046.0,4046.0,4046.0,899.0,899.0,899.0,1102.0,1102.0,1102.0
1.0,10527.0,3321.0,3306.0,1086.0,4932.0,1644.0,1644.0,1644.0,1102.0,1102.0,1102.0,1107.0,1107.0,1107.0,3509.0,3509.0,3509.0,1644.0,1644.0,1644.0,1102.0,1102.0,1102.0
1.0,8292.0,3339.0,3306.0,2697.0,5574.0,1858.0,1858.0,1858.0,1102.0,1102.0,1102.0,1113.0,1113.0,1113.0,2764.0,2764.0,2764.0,1858.0,1858.0,1858.0,1102.0,1102.0,1102.0
1.0,7650.0,3315.0,3309.0,4932.0,3969.0,1323.0,1323.0,1323.0,1103.0,1103.0,1103.0,1105.0,1105.0,1105.0,2550.0,2550.0,2550.0,1323.0,1323.0,1323.0,1103.0,1103.0,1103.0
1.0,9267.0,3342.0,3309.0,5574.0,1737.0,579.0,579.0,579.0,1103.0,1103.0,1103.0,1114.0,1114.0,1114.0,3089.0,3089.0,3089.0,579.0,579.0,579.0,1103.0,1103.0,1103.0
1.0,11499.0,3366.0,3312.0,3969.0,1146.0,382.0,382.0,382.0,1104.0,1104.0,1104.0,1122.0,1122.0,1122.0,3833.0,3833.0,3833.0,382.0,382.0,382.0,1104.0,1104.0,1104.0
1.0,12102.0,3291.0,3312.0,1737.0,2700.0,900.0,900.0,900.0,1104.0,1104.0,1104.0,1097.0,1097.0,1097.0,4034.0,4034.0,4034.0,900.0,900.0,900.0,1104.0,1104.0,1104.0
1.0,10548.0,3312.0,3312.0,1146.0,4866.0,1622.0,1622.0,1622.0,1104.0,1104.0,1104.0,1104.0,1104.0,1104.0,3516.0,3516.0,3516.0,1622.0,1622.0,1622.0,1104.0,1104.0,1104.0
1.0,8382.0,3309.0,3312.0,2700.0,5475.0,1825.0,1825.0,1825.0,1104.0,1104.0,1104.0,1103.0,1103.0,1103.0,2794.0,2794.0,2794.0,1825.0,1825.0,1825.0,1104.0,1104.0,1104.0
1.0,7773.0,3303.0,3312.0,4866.0,3912.0,1304.0,1304.0,1304.0,1104.0,1104.0,1104.0,1101.0,1101.0,1101.0,2591.0,2591.0,2591.0,1304.0,1304.0,1304.0,1104.0,1104.0,1104.0
1.0,9336.0,3384.0,3315.0,5475.0,1833.0,611.0,611.0,611.0,1105.0,1105.0,1105.0,1128.0,1128.0,1128.0,3112.0,3112.0,3112.0,611.0,611.0,611.0,1105.0,1105.0,1105.0
1.0,11427.0,3342.0,3315.0,3912.0,1263.0,421.0,421.0,421.0,1105.0,1105.0,1105.0,1114.0,1114.0,1114.0,3809.0,3809.0,3809.0,421.0,421.0,421.0,1105.0,1105.0,1105.0
1.0,11997.0,3330.0,3315.0,1833.0,2760.0,920.0,920.0,920.0,1105.0,1105.0,1105.0,1110.0,1110.0,1110.0,3999.0,3999.0,3999.0,920.0,920.0,920.0,1105.0,1105.0,1105.0
1.0,10500.0,3354.0,3318.0,1263.0,4863.0,1621.0,1621.0,1621.0,1106.0,1106.0,1106.0,1118.0,1118.0,1118.0,3500.0,3500.0,3500.0,1621.0,1621.0,1621.0,1106.0,1106.0,1106.0
1.0,8409.0,3354.0,3318.0,2760.0,5457.0,1819.0,1819.0,1819.0,1106.0,1106.0,1106.0,1118.0,1118.0,1118.0,2803.0,2803.0,2803.0,1819.0,1819.0,1819.0,1106.0,1106.0,1106.0
