id,inv,demand,forecast,received_shipment,order,Order_Supplier_0,Order_Supplier_1,Order_Supplier_2,Forecast_Retailer_0,Forecast_Retailer_1,Forecast_Retailer_2,Demand_Retailer_0,Demand_Retailer_1,Demand_Retailer_2,Inv_Product_0,Inv_Product_1,Inv_Product_2,Order_Product_0,Order_Product_1,Order_Product_2,Forecast_Product_0,Forecast_Product_1,Forecast_Product_2
0.0,0.0,733.0,733.0,0.0,2932.0,952.0,1020.0,960.0,238.0,255.0,240.0,238.0,255.0,240.0,0.0,0.0,0.0,952.0,1020.0,960.0,238.0,255.0,240.0
0.0,0.0,710.0,722.0,0.0,2888.0,936.0,1000.0,952.0,234.0,250.0,238.0,231.0,244.0,235.0,0.0,0.0,0.0,936.0,1000.0,952.0,234.0,250.0,238.0
0.0,0.0,747.0,731.0,0.0,2924.0,956.0,996.0,972.0,239.0,249.0,243.0,247.0,247.0,253.0,0.0,0.0,0.0,956.0,996.0,972.0,239.0,249.0,243.0
0.0,0.0,669.0,715.0,0.0,2860.0,956.0,960.0,944.0,239.0,240.0,236.0,239.0,214.0,216.0,0.0,0.0,0.0,956.0,960.0,944.0,239.0,240.0,236.0
0.0,0.0,741.0,720.0,8744.0,0.0,0.0,0.0,0.0,239.0,244.0,237.0,242.0,258.0,241.0,0.0,0.0,0.0,0.0,0.0,0.0,239.0,244.0,237.0
0.0,5144.0,731.0,721.0,2860.0,0.0,0.0,0.0,0.0,242.0,244.0,235.0,257.0,248.0,226.0,1647.0,1798.0,1699.0,0.0,0.0,0.0,242.0,244.0,235.0
0.0,7273.0,758.0,727.0,0.0,0.0,0.0,0.0,0.0,246.0,248.0,233.0,267.0,272.0,219.0,2346.0,2510.0,2417.0,0.0,0.0,0.0,246.0,248.0,233.0
0.0,6515.0,755.0,731.0,0.0,0.0,0.0,0.0,0.0,249.0,247.0,235.0,269.0,237.0,249.0,2079.0,2238.0,2198.0,0.0,0.0,0.0,249.0,247.0,235.0
0.0,5760.0,797.0,738.0,0.0,0.0,0.0,0.0,0.0,250.0,247.0,241.0,258.0,248.0,291.0,1810.0,2001.0,1949.0,0.0,0.0,0.0,250.0,247.0,241.0
0.0,4963.0,739.0,739.0,0.0,0.0,0.0,0.0,0.0,248.0,247.0,244.0,227.0,245.0,267.0,1552.0,1753.0,1658.0,0.0,0.0,0.0,248.0,247.0,244.0
0.0,4224.0,733.0,738.0,0.0,0.0,0.0,0.0,0.0,247.0,245.0,246.0,243.0,222.0,268.0,1325.0,1508.0,1391.0,0.0,0.0,0.0,247.0,245.0,246.0
0.0,3491.0,676.0,732.0,0.0,211.0,137.0,0.0,74.0,246.0,242.0,244.0,235.0,220.0,221.0,1082.0,1286.0,1123.0,137.0,0.0,74.0,246.0,242.0,244.0
0.0,2815.0,666.0,727.0,0.0,759.0,332.0,160.0,267.0,243.0,243.0,241.0,207.0,254.0,205.0,847.0,1066.0,902.0,332.0,160.0,267.0,243.0,243.0,241.0
0.0,2149.0,702.0,726.0,211.0,1246.0,416.0,392.0,438.0,242.0,243.0,241.0,225.0,232.0,245.0,640.0,812.0,697.0,416.0,392.0,438.0,242.0,243.0,241.0
0.0,1658.0,648.0,720.0,759.0,1111.0,289.0,447.0,375.0,240.0,241.0,239.0,213.0,223.0,212.0,552.0,580.0,526.0,289.0,447.0,375.0,240.0,241.0,239.0
0.0,1769.0,791.0,725.0,1246.0,676.0,116.0,344.0,216.0,240.0,244.0,241.0,243.0,277.0,271.0,671.0,517.0,581.0,116.0,344.0,216.0,240.0,244.0,241.0
0.0,2224.0,659.0,722.0,1111.0,212.0,38.0,121.0,53.0,239.0,243.0,240.0,215.0,228.0,216.0,844.0,632.0,748.0,38.0,121.0,53.0,239.0,243.0,240.0
0.0,2676.0,694.0,719.0,676.0,218.0,146.0,10.0,62.0,238.0,242.0,239.0,228.0,237.0,229.0,918.0,851.0,907.0,146.0,10.0,62.0,238.0,242.0,239.0
0.0,2658.0,719.0,719.0,212.0,725.0,353.0,122.0,250.0,238.0,242.0,239.0,245.0,233.0,241.0,806.0,958.0,894.0,353.0,122.0,250.0,238.0,242.0,239.0
0.0,2151.0,791.0,723.0,218.0,1314.0,481.0,386.0,447.0,240.0,243.0,240.0,266.0,270.0,255.0,599.0,846.0,706.0,481.0,386.0,447.0,240.0,243.0,240.0
0.0,1578.0,694.0,722.0,725.0,1279.0,364.0,475.0,440.0,240.0,242.0,240.0,236.0,215.0,243.0,479.0,586.0,513.0,364.0,475.0,440.0,240.0,242.0,240.0
0.0,1609.0,772.0,724.0,1314.0,745.0,160.0,364.0,221.0,241.0,243.0,240.0,273.0,271.0,228.0,596.0,493.0,520.0,160.0,364.0,221.0,241.0,243.0,240.0
0.0,2151.0,792.0,727.0,1279.0,270.0,52.0,164.0,54.0,242.0,244.0,241.0,252.0,271.0,269.0,804.0,608.0,739.0,52.0,164.0,54.0,242.0,244.0,241.0
0.0,2638.0,723.0,727.0,745.0,248.0,139.0,39.0,70.0,242.0,244.0,241.0,247.0,239.0,237.0,916.0,812.0,910.0,139.0,39.0,70.0,242.0,244.0,241.0
0.0,2660.0,701.0,725.0,270.0,671.0,317.0,119.0,235.0,241.0,244.0,240.0,234.0,244.0,223.0,829.0,937.0,894.0,317.0,119.0,235.0,241.0,244.0,240.0
0.0,2229.0,697.0,725.0,248.0,1120.0,415.0,312.0,393.0,241.0,244.0,240.0,237.0,232.0,228.0,647.0,857.0,725.0,415.0,312.0,393.0,241.0,244.0,240.0
0.0,1780.0,750.0,726.0,671.0,1203.0,352.0,448.0,403.0,242.0,244.0,240.0,250.0,255.0,245.0,549.0,664.0,567.0,352.0,448.0,403.0,242.0,244.0,240.0
0.0,1701.0,718.0,726.0,1120.0,801.0,175.0,364.0,262.0,242.0,244.0,240.0,238.0,228.0,252.0,616.0,528.0,557.0,175.0,364.0,262.0,242.0,244.0,240.0
0.0,2103.0,761.0,727.0,1203.0,363.0,80.0,161.0,122.0,242.0,244.0,241.0,257.0,245.0,259.0,793.0,612.0,698.0,80.0,161.0,122.0,242.0,244.0,241.0
0.0,2545.0,756.0,728.0,801.0,322.0,166.0,47.0,109.0,243.0,244.0,241.0,257.0,250.0,249.0,888.0,815.0,842.0,166.0,47.0,109.0,243.0,244.0,241.0
0.0,2590.0,817.0,730.0,363.0,784.0,354.0,167.0,263.0,243.0,245.0,242.0,268.0,277.0,272.0,806.0,929.0,855.0,354.0,167.0,263.0,243.0,245.0,242.0
0.0,2136.0,739.0,731.0,322.0,1205.0,447.0,371.0,387.0,244.0,245.0,242.0,255.0,251.0,233.0,618.0,813.0,705.0,447.0,371.0,387.0,244.0,245.0,242.0
0.0,1719.0,715.0,731.0,784.0,1136.0,335.0,443.0,358.0,244.0,245.0,242.0,242.0,239.0,234.0,529.0,609.0,581.0,335.0,443.0,358.0,244.0,245.0,242.0
0.0,1788.0,826.0,733.0,1205.0,765.0,177.0,364.0,224.0,245.0,246.0,242.0,285.0,288.0,253.0,641.0,537.0,610.0,177.0,364.0,224.0,245.0,246.0,242.0
0.0,2167.0,866.0,736.0,1136.0,507.0,138.0,206.0,163.0,246.0,247.0,243.0,292.0,281.0,293.0,803.0,620.0,744.0,138.0,206.0,163.0,246.0,247.0,243.0
0.0,2437.0,691.0,735.0,765.0,429.0,202.0,82.0,145.0,246.0,247.0,242.0,241.0,240.0,210.0,846.0,782.0,809.0,202.0,82.0,145.0,246.0,247.0,242.0
0.0,2511.0,673.0,734.0,507.0,591.0,292.0,90.0,209.0,246.0,246.0,242.0,228.0,218.0,227.0,782.0,906.0,823.0,292.0,90.0,209.0,246.0,246.0,242.0
0.0,2345.0,697.0,732.0,429.0,851.0,325.0,266.0,260.0,245.0,246.0,241.0,239.0,258.0,200.0,692.0,894.0,759.0,325.0,266.0,260.0,245.0,246.0,241.0
0.0,2077.0,678.0,731.0,591.0,934.0,267.0,406.0,261.0,245.0,246.0,240.0,234.0,230.0,214.0,655.0,718.0,704.0,267.0,406.0,261.0,245.0,246.0,240.0
0.0,1990.0,800.0,734.0,851.0,895.0,211.0,424.0,260.0,246.0,247.0,241.0,265.0,280.0,255.0,713.0,578.0,699.0,211.0,424.0,260.0,246.0,247.0,241.0
0.0,2041.0,823.0,735.0,934.0,788.0,196.0,316.0,276.0,246.0,248.0,241.0,252.0,294.0,277.0,773.0,564.0,704.0,196.0,316.0,276.0,246.0,248.0,241.0
0.0,2152.0,779.0,736.0,895.0,676.0,246.0,158.0,272.0,246.0,248.0,242.0,261.0,266.0,252.0,788.0,676.0,688.0,246.0,158.0,272.0,246.0,248.0,242.0
0.0,2268.0,787.0,737.0,788.0,679.0,311.0,82.0,286.0,246.0,248.0,243.0,261.0,240.0,286.0,738.0,834.0,696.0,311.0,82.0,286.0,246.0,248.0,243.0
0.0,2269.0,733.0,737.0,676.0,736.0,308.0,158.0,270.0,246.0,248.0,243.0,243.0,234.0,256.0,673.0,910.0,686.0,308.0,158.0,270.0,246.0,248.0,243.0
0.0,2212.0,801.0,740.0,679.0,870.0,259.0,354.0,257.0,247.0,249.0,244.0,258.0,274.0,269.0,676.0,834.0,702.0,259.0,354.0,257.0,247.0,249.0,244.0
0.0,2090.0,707.0,738.0,736.0,833.0,170.0,431.0,232.0,246.0,248.0,244.0,223.0,239.0,245.0,729.0,642.0,719.0,170.0,431.0,232.0,246.0,248.0,244.0
0.0,2119.0,801.0,740.0,870.0,772.0,180.0,338.0,254.0,247.0,249.0,244.0,265.0,257.0,279.0,814.0,561.0,744.0,180.0,338.0,254.0,247.0,249.0,244.0
0.0,2188.0,787.0,741.0,833.0,730.0,280.0,162.0,288.0,247.0,249.0,245.0,270.0,255.0,262.0,808.0,658.0,722.0,280.0,162.0,288.0,247.0,249.0,245.0
0.0,2234.0,775.0,742.0,772.0,737.0,374.0,70.0,293.0,248.0,249.0,245.0,270.0,246.0,259.0,708.0,834.0,692.0,374.0,70.0,293.0,248.0,249.0,245.0
0.0,2231.0,914.0,745.0,730.0,933.0,399.0,215.0,319.0,249.0,250.0,246.0,301.0,303.0,310.0,618.0,926.0,687.0,399.0,215.0,319.0,249.0,250.0,246.0
0.0,2047.0,787.0,746.0,737.0,987.0,283.0,407.0,297.0,249.0,250.0,247.0,258.0,262.0,267.0,597.0,785.0,665.0,283.0,407.0,297.0,249.0,250.0,247.0
0.0,1997.0,771.0,746.0,933.0,825.0,125.0,468.0,232.0,249.0,250.0,247.0,241.0,276.0,254.0,713.0,593.0,691.0,125.0,468.0,232.0,249.0,250.0,247.0
0.0,2159.0,743.0,746.0,987.0,581.0,92.0,290.0,199.0,249.0,250.0,247.0,250.0,229.0,264.0,871.0,532.0,756.0,92.0,290.0,199.0,249.0,250.0,247.0
0.0,2403.0,800.0,748.0,825.0,564.0,237.0,95.0,232.0,250.0,250.0,248.0,266.0,273.0,261.0,904.0,710.0,789.0,237.0,95.0,232.0,250.0,250.0,248.0
0.0,2428.0,784.0,749.0,581.0,771.0,405.0,61.0,305.0,250.0,251.0,248.0,260.0,252.0,272.0,763.0,905.0,760.0,405.0,61.0,305.0,250.0,251.0,248.0
0.0,2225.0,771.0,750.0,564.0,982.0,434.0,208.0,340.0,250.0,251.0,249.0,266.0,242.0,263.0,595.0,943.0,687.0,434.0,208.0,340.0,250.0,251.0,249.0
0.0,2018.0,851.0,753.0,771.0,1074.0,318.0,432.0,324.0,251.0,252.0,250.0,285.0,281.0,285.0,566.0,796.0,656.0,318.0,432.0,324.0,251.0,252.0,250.0
0.0,1938.0,808.0,755.0,982.0,908.0,169.0,485.0,254.0,252.0,252.0,251.0,281.0,261.0,266.0,686.0,576.0,676.0,169.0,485.0,254.0,252.0,252.0,251.0
0.0,2112.0,732.0,754.0,1074.0,562.0,100.0,270.0,192.0,251.0,251.0,252.0,253.0,221.0,258.0,839.0,523.0,750.0,100.0,270.0,192.0,251.0,251.0,252.0
0.0,2454.0,908.0,756.0,908.0,570.0,245.0,93.0,232.0,252.0,252.0,252.0,310.0,304.0,294.0,904.0,734.0,816.0,245.0,93.0,232.0,252.0,252.0,252.0
0.0,2454.0,903.0,758.0,562.0,919.0,458.0,138.0,323.0,253.0,253.0,252.0,309.0,311.0,283.0,763.0,915.0,776.0,458.0,138.0,323.0,253.0,253.0,252.0
0.0,2113.0,804.0,760.0,570.0,1161.0,480.0,311.0,370.0,254.0,254.0,252.0,263.0,262.0,279.0,554.0,874.0,685.0,480.0,311.0,370.0,254.0,254.0,252.0
0.0,1879.0,888.0,763.0,919.0,1142.0,349.0,467.0,326.0,255.0,255.0,253.0,323.0,290.0,275.0,536.0,705.0,638.0,349.0,467.0,326.0,255.0,255.0,253.0
0.0,1910.0,768.0,764.0,1161.0,753.0,141.0,403.0,209.0,256.0,255.0,253.0,268.0,247.0,253.0,671.0,553.0,686.0,141.0,403.0,209.0,256.0,255.0,253.0
0.0,2303.0,837.0,768.0,1142.0,464.0,83.0,213.0,168.0,257.0,256.0,255.0,287.0,273.0,277.0,883.0,617.0,803.0,83.0,213.0,168.0,257.0,256.0,255.0
0.0,2608.0,836.0,771.0,753.0,559.0,230.0,87.0,242.0,259.0,257.0,255.0,280.0,273.0,283.0,945.0,811.0,852.0,230.0,87.0,242.0,259.0,257.0,255.0
0.0,2525.0,859.0,775.0,464.0,970.0,459.0,148.0,363.0,260.0,258.0,257.0,308.0,270.0,281.0,806.0,941.0,778.0,459.0,148.0,363.0,260.0,258.0,257.0
0.0,2130.0,880.0,777.0,559.0,1299.0,543.0,345.0,411.0,262.0,258.0,257.0,306.0,284.0,290.0,581.0,884.0,665.0,543.0,345.0,411.0,262.0,258.0,257.0
0.0,1809.0,863.0,780.0,970.0,1204.0,378.0,488.0,338.0,263.0,259.0,258.0,290.0,287.0,286.0,505.0,687.0,617.0,378.0,488.0,338.0,263.0,259.0,258.0
0.0,1916.0,812.0,782.0,1299.0,725.0,85.0,431.0,209.0,263.0,260.0,259.0,250.0,284.0,278.0,674.0,548.0,694.0,85.0,431.0,209.0,263.0,260.0,259.0
0.0,2403.0,824.0,785.0,1204.0,375.0,0.0,226.0,149.0,264.0,261.0,260.0,271.0,279.0,274.0,967.0,609.0,827.0,0.0,226.0,149.0,264.0,261.0,260.0
0.0,2783.0,791.0,784.0,725.0,419.0,156.0,54.0,209.0,264.0,260.0,260.0,259.0,263.0,269.0,1074.0,818.0,891.0,156.0,54.0,209.0,264.0,260.0,260.0
0.0,2717.0,782.0,786.0,375.0,834.0,407.0,116.0,311.0,264.0,262.0,260.0,251.0,280.0,251.0,900.0,986.0,831.0,407.0,116.0,311.0,264.0,262.0,260.0
0.0,2310.0,880.0,789.0,419.0,1307.0,520.0,387.0,400.0,264.0,263.0,262.0,269.0,321.0,290.0,649.0,932.0,729.0,520.0,387.0,400.0,264.0,263.0,262.0
0.0,1849.0,752.0,787.0,834.0,1217.0,366.0,556.0,295.0,264.0,263.0,260.0,253.0,285.0,214.0,536.0,665.0,648.0,366.0,556.0,295.0,264.0,263.0,260.0
0.0,1931.0,810.0,789.0,1307.0,728.0,99.0,455.0,174.0,264.0,264.0,261.0,253.0,282.0,275.0,690.0,496.0,745.0,99.0,455.0,174.0,264.0,264.0,261.0
0.0,2428.0,828.0,792.0,1217.0,355.0,0.0,195.0,160.0,265.0,265.0,262.0,259.0,292.0,277.0,957.0,601.0,870.0,0.0,195.0,160.0,265.0,265.0,262.0
0.0,2817.0,807.0,794.0,728.0,438.0,175.0,27.0,236.0,265.0,266.0,263.0,278.0,283.0,246.0,1064.0,865.0,888.0,175.0,27.0,236.0,265.0,266.0,263.0
0.0,2738.0,794.0,795.0,355.0,881.0,439.0,96.0,346.0,266.0,266.0,263.0,260.0,264.0,270.0,885.0,1037.0,816.0,439.0,96.0,346.0,266.0,266.0,263.0
0.0,2299.0,860.0,798.0,438.0,1315.0,574.0,350.0,391.0,267.0,267.0,264.0,306.0,277.0,277.0,625.0,968.0,706.0,574.0,350.0,391.0,267.0,267.0,264.0
0.0,1877.0,850.0,799.0,881.0,1288.0,414.0,551.0,323.0,267.0,268.0,264.0,279.0,293.0,278.0,494.0,718.0,665.0,414.0,551.0,323.0,267.0,268.0,264.0
0.0,1908.0,766.0,799.0,1315.0,739.0,89.0,471.0,179.0,267.0,268.0,264.0,249.0,270.0,247.0,654.0,521.0,733.0,89.0,471.0,179.0,267.0,268.0,264.0
0.0,2457.0,807.0,798.0,1288.0,311.0,0.0,216.0,95.0,267.0,268.0,263.0,268.0,296.0,243.0,979.0,601.0,877.0,0.0,216.0,95.0,267.0,268.0,263.0
0.0,2938.0,827.0,801.0,739.0,354.0,137.0,19.0,198.0,268.0,269.0,264.0,279.0,270.0,278.0,1125.0,856.0,957.0,137.0,19.0,198.0,268.0,269.0,264.0
0.0,2850.0,842.0,803.0,311.0,893.0,403.0,98.0,392.0,268.0,270.0,265.0,266.0,291.0,285.0,935.0,1057.0,858.0,403.0,98.0,392.0,268.0,270.0,265.0
0.0,2319.0,863.0,805.0,354.0,1410.0,577.0,357.0,476.0,269.0,270.0,266.0,307.0,278.0,278.0,669.0,982.0,668.0,577.0,357.0,476.0,269.0,270.0,266.0
0.0,1810.0,857.0,804.0,893.0,1370.0,472.0,516.0,382.0,269.0,269.0,266.0,298.0,261.0,298.0,499.0,723.0,588.0,472.0,516.0,382.0,269.0,269.0,266.0
0.0,1846.0,868.0,807.0,1410.0,840.0,203.0,446.0,191.0,270.0,270.0,267.0,304.0,283.0,281.0,604.0,560.0,682.0,203.0,446.0,191.0,270.0,270.0,267.0
0.0,2388.0,733.0,808.0,1370.0,231.0,0.0,168.0,63.0,270.0,270.0,268.0,245.0,238.0,250.0,877.0,634.0,877.0,0.0,168.0,63.0,270.0,270.0,268.0
0.0,3025.0,782.0,810.0,840.0,181.0,47.0,0.0,134.0,271.0,270.0,269.0,270.0,254.0,258.0,1104.0,912.0,1009.0,47.0,0.0,134.0,271.0,270.0,269.0
0.0,3083.0,800.0,811.0,231.0,730.0,316.0,42.0,372.0,271.0,270.0,270.0,269.0,234.0,297.0,1037.0,1104.0,942.0,316.0,42.0,372.0,271.0,270.0,270.0
0.0,2514.0,828.0,813.0,181.0,1385.0,557.0,309.0,519.0,272.0,270.0,271.0,284.0,267.0,277.0,768.0,1038.0,708.0,557.0,309.0,519.0,272.0,270.0,271.0
0.0,1867.0,891.0,815.0,730.0,1554.0,537.0,541.0,476.0,273.0,270.0,272.0,292.0,274.0,325.0,531.0,771.0,565.0,537.0,541.0,476.0,273.0,270.0,272.0
0.0,1706.0,828.0,815.0,1385.0,997.0,256.0,500.0,241.0,273.0,270.0,272.0,276.0,268.0,284.0,555.0,539.0,612.0,256.0,500.0,241.0,273.0,270.0,272.0
0.0,2263.0,747.0,814.0,1554.0,219.0,0.0,167.0,52.0,273.0,269.0,272.0,248.0,212.0,287.0,836.0,580.0,847.0,0.0,167.0,52.0,273.0,269.0,272.0
0.0,3070.0,810.0,816.0,997.0,94.0,0.0,0.0,94.0,273.0,270.0,273.0,270.0,261.0,279.0,1125.0,909.0,1036.0,0.0,0.0,94.0,273.0,270.0,273.0
0.0,3257.0,746.0,815.0,219.0,538.0,220.0,0.0,318.0,273.0,269.0,273.0,239.0,231.0,276.0,1111.0,1148.0,998.0,220.0,0.0,318.0,273.0,269.0,273.0
0.0,2730.0,800.0,817.0,94.0,1244.0,464.0,267.0,513.0,273.0,270.0,274.0,244.0,271.0,285.0,872.0,1084.0,774.0,464.0,267.0,513.0,273.0,270.0,274.0
0.0,2024.0,763.0,816.0,538.0,1465.0,478.0,526.0,461.0,273.0,270.0,273.0,234.0,259.0,270.0,628.0,813.0,583.0,478.0,526.0,461.0,273.0,270.0,273.0
0.0,1799.0,799.0,816.0,1244.0,1020.0,254.0,512.0,254.0,272.0,270.0,274.0,244.0,253.0,302.0,614.0,554.0,631.0,254.0,512.0,254.0,272.0,270.0,274.0
0.0,2244.0,738.0,815.0,1465.0,289.0,28.0,217.0,44.0,272.0,269.0,274.0,252.0,235.0,251.0,834.0,568.0,842.0,28.0,217.0,44.0,272.0,269.0,274.0
0.0,2971.0,780.0,812.0,1020.0,94.0,37.0,0.0,57.0,271.0,268.0,273.0,267.0,242.0,271.0,1060.0,859.0,1052.0,37.0,0.0,57.0,271.0,268.0,273.0
0.0,3211.0,785.0,813.0,289.0,570.0,263.0,0.0,307.0,271.0,268.0,274.0,254.0,241.0,290.0,1047.0,1129.0,1035.0,263.0,0.0,307.0,271.0,268.0,274.0
0.0,2715.0,865.0,814.0,94.0,1312.0,512.0,273.0,527.0,272.0,268.0,274.0,282.0,306.0,277.0,821.0,1105.0,789.0,512.0,273.0,527.0,272.0,268.0,274.0
0.0,1944.0,907.0,818.0,570.0,1665.0,569.0,572.0,524.0,273.0,270.0,275.0,316.0,291.0,300.0,576.0,799.0,569.0,569.0,572.0,524.0,273.0,270.0,275.0
0.0,1607.0,905.0,820.0,1312.0,1266.0,349.0,597.0,320.0,274.0,270.0,276.0,288.0,298.0,319.0,523.0,508.0,576.0,349.0,597.0,320.0,274.0,270.0,276.0
0.0,2014.0,928.0,822.0,1665.0,537.0,78.0,337.0,122.0,274.0,271.0,277.0,298.0,308.0,322.0,747.0,483.0,784.0,78.0,337.0,122.0,274.0,271.0,277.0
0.0,2751.0,965.0,827.0,1266.0,256.0,78.0,77.0,101.0,276.0,273.0,278.0,341.0,329.0,295.0,1018.0,747.0,986.0,78.0,77.0,101.0,276.0,273.0,278.0
0.0,3052.0,790.0,825.0,537.0,501.0,248.0,22.0,231.0,275.0,273.0,277.0,252.0,282.0,256.0,1026.0,1015.0,1011.0,248.0,22.0,231.0,275.0,273.0,277.0
0.0,2799.0,869.0,826.0,256.0,1118.0,468.0,250.0,400.0,275.0,274.0,277.0,298.0,301.0,270.0,852.0,1070.0,877.0,468.0,250.0,400.0,275.0,274.0,277.0
0.0,2186.0,938.0,831.0,501.0,1575.0,544.0,566.0,465.0,277.0,276.0,278.0,316.0,330.0,292.0,632.0,846.0,708.0,544.0,566.0,465.0,277.0,276.0,278.0
0.0,1749.0,878.0,830.0,1118.0,1331.0,388.0,611.0,332.0,277.0,276.0,277.0,312.0,295.0,271.0,564.0,538.0,647.0,388.0,611.0,332.0,277.0,276.0,277.0
0.0,1989.0,893.0,828.0,1575.0,641.0,141.0,344.0,156.0,276.0,275.0,277.0,301.0,303.0,289.0,720.0,493.0,776.0,141.0,344.0,156.0,276.0,275.0,277.0
0.0,2671.0,893.0,831.0,1331.0,215.0,64.0,23.0,128.0,277.0,276.0,278.0,307.0,286.0,300.0,963.0,756.0,952.0,64.0,23.0,128.0,277.0,276.0,278.0
0.0,3109.0,918.0,831.0,641.0,501.0,245.0,0.0,256.0,277.0,276.0,278.0,322.0,312.0,284.0,1044.0,1081.0,984.0,245.0,0.0,256.0,277.0,276.0,278.0
0.0,2832.0,849.0,832.0,215.0,1130.0,457.0,269.0,404.0,277.0,277.0,278.0,276.0,297.0,276.0,863.0,1113.0,856.0,457.0,269.0,404.0,277.0,277.0,278.0
0.0,2198.0,767.0,832.0,501.0,1396.0,480.0,521.0,395.0,277.0,277.0,278.0,268.0,252.0,247.0,651.0,839.0,708.0,480.0,521.0,395.0,277.0,277.0,278.0
0.0,1932.0,902.0,832.0,1130.0,1168.0,324.0,558.0,286.0,277.0,277.0,278.0,301.0,306.0,295.0,628.0,587.0,717.0,324.0,558.0,286.0,277.0,277.0,278.0
0.0,2160.0,852.0,833.0,1396.0,628.0,130.0,345.0,153.0,277.0,278.0,278.0,286.0,304.0,262.0,784.0,550.0,826.0,130.0,345.0,153.0,277.0,278.0,278.0
0.0,2704.0,923.0,834.0,1168.0,387.0,118.0,118.0,151.0,277.0,279.0,278.0,312.0,327.0,284.0,978.0,767.0,959.0,118.0,118.0,151.0,277.0,279.0,278.0
0.0,2949.0,855.0,834.0,628.0,614.0,287.0,44.0,283.0,277.0,279.0,278.0,299.0,271.0,285.0,990.0,998.0,961.0,287.0,44.0,283.0,277.0,279.0,278.0
0.0,2722.0,962.0,837.0,387.0,1201.0,495.0,235.0,471.0,279.0,279.0,279.0,318.0,309.0,335.0,821.0,1072.0,829.0,495.0,235.0,471.0,279.0,279.0,279.0
0.0,2147.0,781.0,835.0,614.0,1360.0,460.0,455.0,445.0,278.0,279.0,278.0,256.0,264.0,261.0,621.0,881.0,645.0,460.0,455.0,445.0,278.0,279.0,278.0
0.0,1980.0,900.0,838.0,1201.0,1071.0,249.0,546.0,276.0,279.0,280.0,279.0,280.0,322.0,298.0,652.0,661.0,667.0,249.0,546.0,276.0,279.0,280.0,279.0
0.0,2281.0,875.0,840.0,1360.0,594.0,84.0,386.0,124.0,280.0,280.0,280.0,291.0,295.0,289.0,867.0,574.0,840.0,84.0,386.0,124.0,280.0,280.0,280.0
0.0,2766.0,886.0,840.0,1071.0,409.0,107.0,150.0,152.0,280.0,280.0,280.0,272.0,310.0,304.0,1036.0,734.0,996.0,107.0,150.0,152.0,280.0,280.0,280.0
0.0,2951.0,798.0,840.0,594.0,613.0,263.0,36.0,314.0,279.0,280.0,281.0,244.0,272.0,282.0,1013.0,970.0,968.0,263.0,36.0,314.0,279.0,280.0,281.0
0.0,2747.0,915.0,843.0,409.0,1131.0,476.0,180.0,475.0,281.0,280.0,282.0,312.0,294.0,309.0,853.0,1084.0,810.0,476.0,180.0,475.0,281.0,280.0,282.0
0.0,2241.0,790.0,842.0,613.0,1304.0,471.0,387.0,446.0,281.0,279.0,282.0,258.0,247.0,285.0,648.0,940.0,653.0,471.0,387.0,446.0,281.0,279.0,282.0
0.0,2064.0,800.0,842.0,1131.0,973.0,255.0,464.0,254.0,280.0,279.0,283.0,264.0,257.0,279.0,653.0,729.0,682.0,255.0,464.0,254.0,280.0,279.0,283.0
0.0,2395.0,805.0,841.0,1304.0,470.0,54.0,321.0,95.0,280.0,278.0,283.0,270.0,248.0,287.0,865.0,652.0,878.0,54.0,321.0,95.0,280.0,278.0,283.0
0.0,2894.0,958.0,844.0,973.0,467.0,130.0,164.0,173.0,281.0,279.0,284.0,327.0,303.0,328.0,1066.0,791.0,1037.0,130.0,164.0,173.0,281.0,279.0,284.0
0.0,2909.0,874.0,844.0,470.0,871.0,376.0,138.0,357.0,281.0,279.0,284.0,300.0,295.0,279.0,994.0,952.0,963.0,376.0,138.0,357.0,281.0,279.0,284.0
0.0,2505.0,865.0,846.0,467.0,1277.0,557.0,248.0,472.0,282.0,279.0,285.0,307.0,274.0,284.0,748.0,978.0,779.0,557.0,248.0,472.0,282.0,279.0,285.0
0.0,2107.0,932.0,848.0,871.0,1346.0,503.0,422.0,421.0,283.0,279.0,286.0,318.0,312.0,302.0,571.0,868.0,668.0,503.0,422.0,421.0,283.0,279.0,286.0
0.0,2046.0,859.0,849.0,1277.0,932.0,255.0,434.0,243.0,284.0,279.0,286.0,305.0,260.0,294.0,629.0,694.0,723.0,255.0,434.0,243.0,284.0,279.0,286.0
0.0,2464.0,955.0,851.0,1346.0,549.0,92.0,297.0,160.0,285.0,279.0,287.0,336.0,285.0,334.0,881.0,682.0,901.0,92.0,297.0,160.0,285.0,279.0,287.0
0.0,2855.0,943.0,853.0,932.0,568.0,167.0,148.0,253.0,286.0,279.0,288.0,326.0,285.0,332.0,1048.0,819.0,988.0,167.0,148.0,253.0,286.0,279.0,288.0
0.0,2844.0,842.0,852.0,549.0,857.0,335.0,118.0,404.0,285.0,279.0,288.0,264.0,267.0,311.0,977.0,968.0,899.0,335.0,118.0,404.0,285.0,279.0,288.0
0.0,2551.0,979.0,854.0,568.0,1276.0,494.0,298.0,484.0,285.0,280.0,289.0,326.0,324.0,329.0,805.0,998.0,748.0,494.0,298.0,484.0,285.0,280.0,289.0
0.0,2140.0,921.0,859.0,857.0,1360.0,481.0,481.0,398.0,287.0,281.0,291.0,314.0,297.0,310.0,646.0,822.0,672.0,481.0,481.0,398.0,287.0,281.0,291.0
0.0,2076.0,899.0,860.0,1276.0,987.0,281.0,486.0,220.0,287.0,282.0,291.0,294.0,299.0,306.0,667.0,643.0,766.0,281.0,486.0,220.0,287.0,282.0,291.0
0.0,2453.0,916.0,863.0,1360.0,555.0,102.0,309.0,144.0,288.0,283.0,292.0,298.0,300.0,318.0,867.0,642.0,944.0,102.0,309.0,144.0,288.0,283.0,292.0
0.0,2897.0,806.0,862.0,987.0,370.0,99.0,96.0,175.0,288.0,283.0,291.0,278.0,273.0,255.0,1050.0,823.0,1024.0,99.0,96.0,175.0,288.0,283.0,291.0
0.0,3078.0,801.0,861.0,555.0,612.0,253.0,73.0,286.0,287.0,284.0,290.0,260.0,282.0,259.0,1053.0,1036.0,989.0,253.0,73.0,286.0,287.0,284.0,290.0
0.0,2832.0,911.0,863.0,370.0,1161.0,442.0,299.0,420.0,287.0,285.0,291.0,288.0,318.0,305.0,895.0,1063.0,874.0,442.0,299.0,420.0,287.0,285.0,291.0
0.0,2291.0,944.0,867.0,612.0,1509.0,465.0,558.0,486.0,288.0,287.0,292.0,272.0,324.0,348.0,706.0,841.0,744.0,465.0,558.0,486.0,288.0,287.0,292.0
0.0,1959.0,811.0,866.0,1161.0,1155.0,274.0,539.0,342.0,287.0,287.0,292.0,255.0,280.0,276.0,687.0,590.0,682.0,274.0,539.0,342.0,287.0,287.0,292.0
0.0,2309.0,834.0,867.0,1509.0,484.0,80.0,292.0,112.0,288.0,288.0,291.0,267.0,307.0,260.0,874.0,609.0,826.0,80.0,292.0,112.0,288.0,288.0,291.0
0.0,2984.0,931.0,871.0,1155.0,276.0,118.0,89.0,69.0,289.0,290.0,292.0,308.0,328.0,295.0,1072.0,860.0,1052.0,118.0,89.0,69.0,289.0,290.0,292.0
0.0,3208.0,877.0,873.0,484.0,677.0,306.0,119.0,252.0,290.0,291.0,292.0,264.0,318.0,295.0,1038.0,1071.0,1099.0,306.0,119.0,252.0,290.0,291.0,292.0
0.0,2815.0,984.0,876.0,276.0,1397.0,508.0,370.0,519.0,291.0,292.0,293.0,316.0,336.0,332.0,854.0,1045.0,916.0,508.0,370.0,519.0,291.0,292.0,293.0
0.0,2107.0,805.0,877.0,677.0,1529.0,453.0,533.0,543.0,291.0,293.0,293.0,251.0,278.0,276.0,656.0,798.0,653.0,453.0,533.0,543.0,291.0,293.0,293.0
0.0,1979.0,924.0,880.0,1397.0,1068.0,248.0,476.0,344.0,292.0,294.0,294.0,299.0,309.0,316.0,711.0,639.0,629.0,248.0,476.0,344.0,292.0,294.0,294.0
0.0,2452.0,934.0,883.0,1529.0,485.0,102.0,267.0,116.0,293.0,296.0,294.0,303.0,316.0,315.0,920.0,700.0,832.0,102.0,267.0,116.0,293.0,296.0,294.0
0.0,3047.0,846.0,882.0,1068.0,259.0,122.0,97.0,40.0,292.0,296.0,294.0,272.0,306.0,268.0,1070.0,917.0,1060.0,122.0,97.0,40.0,292.0,296.0,294.0
0.0,3269.0,916.0,883.0,485.0,694.0,324.0,162.0,208.0,292.0,297.0,294.0,304.0,328.0,284.0,1046.0,1087.0,1136.0,324.0,162.0,208.0,292.0,297.0,294.0
0.0,2838.0,908.0,883.0,259.0,1343.0,525.0,368.0,450.0,293.0,297.0,293.0,319.0,303.0,286.0,844.0,1026.0,968.0,525.0,368.0,450.0,293.0,297.0,293.0
0.0,2189.0,857.0,882.0,694.0,1502.0,495.0,476.0,531.0,293.0,296.0,293.0,294.0,274.0,289.0,647.0,820.0,722.0,495.0,476.0,531.0,293.0,296.0,293.0
0.0,2026.0,892.0,880.0,1343.0,1043.0,266.0,421.0,356.0,292.0,296.0,292.0,300.0,313.0,279.0,677.0,708.0,641.0,266.0,421.0,356.0,292.0,296.0,292.0
0.0,2477.0,901.0,882.0,1502.0,450.0,91.0,234.0,125.0,293.0,296.0,293.0,316.0,289.0,296.0,902.0,763.0,812.0,91.0,234.0,125.0,293.0,296.0,293.0
0.0,3078.0,910.0,884.0,1043.0,325.0,147.0,105.0,73.0,294.0,296.0,294.0,318.0,292.0,300.0,1081.0,950.0,1047.0,147.0,105.0,73.0,294.0,296.0,294.0
0.0,3211.0,974.0,884.0,450.0,849.0,376.0,207.0,266.0,294.0,296.0,294.0,320.0,336.0,318.0,1029.0,1079.0,1103.0,376.0,207.0,266.0,294.0,296.0,294.0
0.0,2687.0,887.0,884.0,325.0,1411.0,539.0,348.0,524.0,294.0,295.0,295.0,310.0,250.0,327.0,800.0,977.0,910.0,539.0,348.0,524.0,294.0,295.0,295.0
0.0,2125.0,1000.0,886.0,849.0,1570.0,537.0,446.0,587.0,295.0,295.0,296.0,370.0,305.0,325.0,637.0,832.0,656.0,537.0,446.0,587.0,295.0,295.0,296.0
0.0,1974.0,863.0,886.0,1411.0,1022.0,307.0,376.0,339.0,295.0,295.0,296.0,309.0,278.0,276.0,643.0,734.0,597.0,307.0,376.0,339.0,295.0,295.0,296.0
0.0,2522.0,961.0,886.0,1570.0,413.0,102.0,244.0,67.0,295.0,295.0,296.0,332.0,314.0,315.0,873.0,804.0,845.0,102.0,244.0,67.0,295.0,295.0,296.0
0.0,3131.0,1008.0,890.0,1022.0,415.0,124.0,208.0,83.0,296.0,296.0,298.0,325.0,336.0,347.0,1078.0,936.0,1117.0,124.0,208.0,83.0,296.0,296.0,298.0
0.0,3145.0,939.0,892.0,413.0,949.0,359.0,259.0,331.0,297.0,296.0,299.0,333.0,295.0,311.0,1060.0,976.0,1109.0,359.0,259.0,331.0,297.0,296.0,299.0
0.0,2619.0,912.0,893.0,415.0,1450.0,553.0,348.0,549.0,298.0,296.0,299.0,314.0,297.0,301.0,829.0,925.0,865.0,553.0,348.0,549.0,298.0,296.0,299.0
0.0,2122.0,948.0,895.0,949.0,1457.0,538.0,401.0,518.0,299.0,296.0,300.0,340.0,312.0,296.0,639.0,836.0,647.0,538.0,401.0,518.0,299.0,296.0,300.0
0.0,2123.0,933.0,895.0,1450.0,940.0,300.0,340.0,300.0,299.0,296.0,300.0,315.0,287.0,331.0,658.0,783.0,682.0,300.0,340.0,300.0,299.0,296.0,300.0
0.0,2640.0,938.0,896.0,1457.0,425.0,83.0,248.0,94.0,299.0,296.0,301.0,321.0,309.0,308.0,896.0,844.0,900.0,83.0,248.0,94.0,299.0,296.0,301.0
0.0,3159.0,831.0,894.0,940.0,308.0,65.0,179.0,64.0,298.0,296.0,300.0,286.0,271.0,274.0,1113.0,936.0,1110.0,65.0,179.0,64.0,298.0,296.0,300.0
0.0,3268.0,988.0,897.0,425.0,883.0,326.0,235.0,322.0,300.0,296.0,301.0,336.0,304.0,348.0,1127.0,1005.0,1136.0,326.0,235.0,322.0,300.0,296.0,301.0
0.0,2705.0,922.0,898.0,308.0,1501.0,556.0,352.0,593.0,300.0,296.0,302.0,295.0,296.0,331.0,874.0,949.0,882.0,556.0,352.0,593.0,300.0,296.0,302.0
0.0,2091.0,947.0,899.0,883.0,1569.0,526.0,441.0,602.0,300.0,296.0,303.0,296.0,324.0,327.0,644.0,832.0,615.0,526.0,441.0,602.0,300.0,296.0,303.0
0.0,2027.0,933.0,901.0,1501.0,1009.0,285.0,405.0,319.0,301.0,297.0,303.0,311.0,312.0,310.0,674.0,743.0,610.0,285.0,405.0,319.0,301.0,297.0,303.0
0.0,2595.0,934.0,904.0,1569.0,386.0,50.0,297.0,39.0,302.0,298.0,304.0,287.0,329.0,318.0,919.0,783.0,893.0,50.0,297.0,39.0,302.0,298.0,304.0
0.0,3230.0,914.0,904.0,1009.0,291.0,52.0,200.0,39.0,302.0,298.0,304.0,287.0,308.0,319.0,1158.0,895.0,1177.0,52.0,200.0,39.0,302.0,298.0,304.0
0.0,3325.0,974.0,907.0,386.0,891.0,317.0,261.0,313.0,303.0,300.0,304.0,311.0,350.0,313.0,1156.0,992.0,1177.0,317.0,261.0,313.0,303.0,300.0,304.0
0.0,2737.0,1008.0,911.0,291.0,1624.0,590.0,421.0,613.0,304.0,302.0,305.0,321.0,352.0,335.0,895.0,939.0,903.0,590.0,421.0,613.0,304.0,302.0,305.0
0.0,2020.0,999.0,914.0,891.0,1744.0,610.0,504.0,630.0,305.0,303.0,306.0,333.0,340.0,326.0,626.0,787.0,607.0,610.0,504.0,630.0,305.0,303.0,306.0
0.0,1912.0,902.0,914.0,1624.0,1022.0,300.0,403.0,319.0,304.0,304.0,306.0,284.0,316.0,302.0,610.0,708.0,594.0,300.0,403.0,319.0,304.0,304.0,306.0
0.0,2634.0,988.0,916.0,1744.0,275.0,0.0,241.0,34.0,304.0,305.0,307.0,309.0,338.0,341.0,916.0,813.0,905.0,0.0,241.0,34.0,304.0,305.0,307.0
0.0,3390.0,844.0,916.0,1022.0,114.0,0.0,114.0,0.0,304.0,305.0,307.0,290.0,276.0,278.0,1217.0,979.0,1194.0,0.0,114.0,0.0,304.0,305.0,307.0
0.0,3568.0,1038.0,916.0,275.0,859.0,332.0,230.0,297.0,304.0,305.0,307.0,343.0,357.0,338.0,1227.0,1106.0,1235.0,332.0,230.0,297.0,304.0,305.0,307.0
0.0,2805.0,986.0,920.0,114.0,1747.0,683.0,441.0,623.0,305.0,307.0,308.0,347.0,317.0,322.0,884.0,990.0,931.0,683.0,441.0,623.0,305.0,307.0,308.0
0.0,1933.0,963.0,920.0,859.0,1851.0,675.0,529.0,647.0,305.0,307.0,308.0,324.0,318.0,321.0,537.0,787.0,609.0,675.0,529.0,647.0,305.0,307.0,308.0
0.0,1829.0,1067.0,922.0,1747.0,1179.0,335.0,463.0,381.0,305.0,309.0,308.0,343.0,367.0,357.0,545.0,699.0,585.0,335.0,463.0,381.0,305.0,309.0,308.0
0.0,2509.0,988.0,925.0,1851.0,351.0,0.0,275.0,76.0,306.0,310.0,309.0,313.0,337.0,338.0,885.0,773.0,851.0,0.0,275.0,76.0,306.0,310.0,309.0
0.0,3372.0,860.0,923.0,1179.0,106.0,0.0,106.0,0.0,305.0,310.0,308.0,286.0,294.0,280.0,1247.0,965.0,1160.0,0.0,106.0,0.0,305.0,310.0,308.0
0.0,3691.0,946.0,924.0,351.0,600.0,267.0,134.0,199.0,306.0,310.0,308.0,339.0,303.0,304.0,1296.0,1134.0,1261.0,267.0,134.0,199.0,306.0,310.0,308.0
0.0,3096.0,942.0,924.0,106.0,1436.0,585.0,348.0,503.0,306.0,310.0,308.0,318.0,320.0,304.0,957.0,1106.0,1033.0,585.0,348.0,503.0,306.0,310.0,308.0
0.0,2260.0,903.0,923.0,600.0,1735.0,619.0,514.0,602.0,306.0,310.0,307.0,301.0,300.0,302.0,639.0,892.0,729.0,619.0,514.0,602.0,306.0,310.0,307.0
0.0,1957.0,1100.0,929.0,1436.0,1423.0,418.0,537.0,468.0,308.0,312.0,309.0,376.0,363.0,361.0,605.0,726.0,626.0,418.0,537.0,468.0,308.0,312.0,309.0
0.0,2293.0,930.0,932.0,1735.0,630.0,92.0,338.0,200.0,309.0,312.0,311.0,289.0,315.0,326.0,814.0,711.0,768.0,92.0,338.0,200.0,309.0,312.0,311.0
0.0,3098.0,889.0,931.0,1423.0,130.0,0.0,107.0,23.0,309.0,312.0,310.0,288.0,306.0,295.0,1144.0,910.0,1044.0,0.0,107.0,23.0,309.0,312.0,310.0
0.0,3632.0,911.0,931.0,630.0,373.0,161.0,83.0,129.0,309.0,312.0,310.0,291.0,314.0,306.0,1274.0,1141.0,1217.0,161.0,83.0,129.0,309.0,312.0,310.0
0.0,3351.0,958.0,934.0,130.0,1213.0,484.0,290.0,439.0,310.0,313.0,311.0,319.0,310.0,329.0,1075.0,1165.0,1111.0,484.0,290.0,439.0,310.0,313.0,311.0
0.0,2523.0,925.0,935.0,373.0,1769.0,627.0,536.0,606.0,311.0,313.0,311.0,300.0,329.0,296.0,756.0,962.0,805.0,627.0,536.0,606.0,311.0,313.0,311.0
0.0,1971.0,929.0,935.0,1213.0,1485.0,456.0,541.0,488.0,311.0,312.0,312.0,313.0,299.0,317.0,617.0,716.0,638.0,456.0,541.0,488.0,311.0,312.0,312.0
0.0,2255.0,960.0,937.0,1769.0,684.0,130.0,343.0,211.0,312.0,313.0,312.0,297.0,334.0,329.0,788.0,707.0,760.0,130.0,343.0,211.0,312.0,313.0,312.0
0.0,3064.0,945.0,936.0,1485.0,140.0,0.0,99.0,41.0,312.0,312.0,312.0,326.0,301.0,318.0,1118.0,909.0,1037.0,0.0,99.0,41.0,312.0,312.0,312.0
0.0,3604.0,822.0,937.0,684.0,282.0,178.0,22.0,82.0,313.0,312.0,312.0,304.0,266.0,252.0,1248.0,1149.0,1207.0,178.0,22.0,82.0,313.0,312.0,312.0
0.0,3466.0,843.0,935.0,140.0,977.0,465.0,205.0,307.0,313.0,311.0,311.0,287.0,286.0,270.0,1074.0,1226.0,1166.0,465.0,205.0,307.0,313.0,311.0,311.0
0.0,2763.0,857.0,934.0,282.0,1548.0,581.0,465.0,502.0,313.0,311.0,310.0,294.0,282.0,281.0,787.0,1039.0,937.0,581.0,465.0,502.0,313.0,311.0,310.0
0.0,2188.0,1023.0,937.0,977.0,1606.0,452.0,618.0,536.0,314.0,312.0,311.0,332.0,354.0,337.0,671.0,779.0,738.0,452.0,618.0,536.0,314.0,312.0,311.0
0.0,2142.0,911.0,937.0,1548.0,969.0,186.0,450.0,333.0,314.0,311.0,312.0,315.0,301.0,295.0,804.0,630.0,708.0,186.0,450.0,333.0,314.0,311.0,312.0
0.0,2779.0,989.0,938.0,1606.0,356.0,90.0,138.0,128.0,315.0,311.0,312.0,352.0,306.0,331.0,1070.0,794.0,915.0,90.0,138.0,128.0,315.0,311.0,312.0
0.0,3396.0,878.0,939.0,969.0,284.0,209.0,0.0,75.0,315.0,312.0,312.0,305.0,293.0,280.0,1170.0,1106.0,1120.0,209.0,0.0,75.0,315.0,312.0,312.0
0.0,3487.0,1020.0,941.0,356.0,941.0,486.0,173.0,282.0,316.0,312.0,313.0,363.0,326.0,331.0,1051.0,1263.0,1173.0,486.0,173.0,282.0,316.0,312.0,313.0
0.0,2823.0,988.0,943.0,284.0,1653.0,616.0,504.0,533.0,316.0,313.0,314.0,339.0,327.0,322.0,778.0,1075.0,970.0,616.0,504.0,533.0,316.0,313.0,314.0
0.0,2119.0,1158.0,947.0,941.0,1886.0,546.0,726.0,614.0,318.0,314.0,315.0,408.0,391.0,359.0,648.0,748.0,723.0,546.0,726.0,614.0,318.0,314.0,315.0
0.0,1902.0,940.0,947.0,1653.0,1173.0,259.0,528.0,386.0,318.0,314.0,315.0,329.0,306.0,305.0,726.0,530.0,646.0,259.0,528.0,386.0,318.0,314.0,315.0
0.0,2615.0,1061.0,950.0,1886.0,360.0,82.0,162.0,116.0,319.0,316.0,315.0,365.0,352.0,344.0,1013.0,728.0,874.0,82.0,162.0,116.0,319.0,316.0,315.0
0.0,3440.0,1011.0,951.0,1173.0,219.0,173.0,0.0,46.0,319.0,317.0,315.0,350.0,345.0,316.0,1194.0,1102.0,1144.0,173.0,0.0,46.0,319.0,317.0,315.0
0.0,3602.0,1071.0,955.0,360.0,929.0,450.0,152.0,327.0,320.0,318.0,317.0,355.0,327.0,389.0,1103.0,1285.0,1214.0,450.0,152.0,327.0,320.0,318.0,317.0
0.0,2891.0,972.0,955.0,219.0,1682.0,602.0,497.0,583.0,320.0,318.0,317.0,325.0,345.0,302.0,830.0,1120.0,941.0,602.0,497.0,583.0,320.0,318.0,317.0
0.0,2138.0,1181.0,958.0,929.0,1946.0,580.0,732.0,634.0,322.0,319.0,317.0,420.0,383.0,378.0,678.0,775.0,685.0,580.0,732.0,634.0,322.0,319.0,317.0
0.0,1886.0,1089.0,961.0,1682.0,1365.0,333.0,591.0,441.0,322.0,320.0,319.0,355.0,352.0,382.0,708.0,544.0,634.0,333.0,591.0,441.0,322.0,320.0,319.0
0.0,2479.0,1032.0,964.0,1946.0,463.0,63.0,242.0,158.0,322.0,322.0,320.0,310.0,375.0,347.0,955.0,689.0,835.0,63.0,242.0,158.0,322.0,322.0,320.0
0.0,3393.0,1103.0,966.0,1365.0,209.0,84.0,41.0,84.0,322.0,323.0,321.0,354.0,386.0,363.0,1225.0,1046.0,1122.0,84.0,41.0,84.0,322.0,323.0,321.0
0.0,3655.0,970.0,967.0,463.0,720.0,355.0,137.0,228.0,323.0,324.0,320.0,330.0,334.0,306.0,1204.0,1251.0,1200.0,355.0,137.0,228.0,323.0,324.0,320.0
0.0,3148.0,1099.0,970.0,209.0,1622.0,623.0,472.0,527.0,323.0,325.0,322.0,352.0,372.0,375.0,937.0,1159.0,1052.0,623.0,472.0,527.0,323.0,325.0,322.0
0.0,2258.0,1084.0,975.0,720.0,2006.0,623.0,702.0,681.0,324.0,327.0,324.0,351.0,359.0,374.0,669.0,828.0,761.0,623.0,702.0,681.0,324.0,327.0,324.0
0.0,1894.0,1087.0,977.0,1622.0,1479.0,362.0,612.0,505.0,325.0,328.0,324.0,358.0,378.0,351.0,673.0,606.0,615.0,362.0,612.0,505.0,325.0,328.0,324.0
0.0,2429.0,1009.0,978.0,2006.0,486.0,55.0,255.0,176.0,325.0,329.0,324.0,316.0,341.0,352.0,938.0,700.0,791.0,55.0,255.0,176.0,325.0,329.0,324.0
0.0,3426.0,1043.0,981.0,1479.0,63.0,16.0,0.0,47.0,326.0,330.0,325.0,319.0,352.0,372.0,1245.0,1061.0,1120.0,16.0,0.0,47.0,326.0,330.0,325.0
0.0,3862.0,991.0,982.0,486.0,571.0,269.0,68.0,234.0,326.0,330.0,326.0,308.0,324.0,359.0,1288.0,1321.0,1253.0,269.0,68.0,234.0,326.0,330.0,326.0
0.0,3357.0,993.0,983.0,63.0,1505.0,562.0,396.0,547.0,326.0,330.0,327.0,309.0,328.0,356.0,1035.0,1252.0,1070.0,562.0,396.0,547.0,326.0,330.0,327.0
0.0,2427.0,981.0,984.0,571.0,1919.0,592.0,673.0,654.0,326.0,331.0,327.0,299.0,341.0,341.0,742.0,924.0,761.0,592.0,673.0,654.0,326.0,331.0,327.0
0.0,2017.0,1124.0,986.0,1505.0,1546.0,409.0,640.0,497.0,327.0,331.0,328.0,375.0,363.0,386.0,712.0,651.0,654.0,409.0,640.0,497.0,327.0,331.0,328.0
0.0,2398.0,1000.0,986.0,1919.0,627.0,166.0,292.0,169.0,328.0,330.0,328.0,345.0,329.0,326.0,899.0,684.0,815.0,166.0,292.0,169.0,328.0,330.0,328.0
0.0,3317.0,981.0,987.0,1546.0,95.0,71.0,0.0,24.0,328.0,330.0,329.0,314.0,319.0,348.0,1146.0,1028.0,1143.0,71.0,0.0,24.0,328.0,330.0,329.0
0.0,3882.0,1017.0,989.0,627.0,464.0,230.0,29.0,205.0,328.0,331.0,330.0,325.0,346.0,346.0,1241.0,1349.0,1292.0,230.0,29.0,205.0,328.0,331.0,330.0
0.0,3492.0,954.0,988.0,95.0,1319.0,480.0,339.0,500.0,329.0,330.0,329.0,317.0,314.0,323.0,1082.0,1295.0,1115.0,480.0,339.0,500.0,329.0,330.0,329.0
0.0,2633.0,1014.0,991.0,464.0,1881.0,590.0,634.0,657.0,329.0,331.0,331.0,340.0,320.0,354.0,836.0,981.0,816.0,590.0,634.0,657.0,329.0,331.0,331.0
0.0,2083.0,963.0,989.0,1319.0,1517.0,429.0,610.0,478.0,329.0,330.0,330.0,319.0,319.0,325.0,726.0,690.0,667.0,429.0,610.0,478.0,329.0,330.0,330.0
0.0,2439.0,1101.0,991.0,1881.0,745.0,207.0,341.0,197.0,329.0,331.0,331.0,368.0,361.0,372.0,887.0,710.0,842.0,207.0,341.0,197.0,329.0,331.0,331.0
0.0,3219.0,987.0,992.0,1517.0,219.0,139.0,42.0,38.0,330.0,331.0,331.0,357.0,311.0,319.0,1109.0,983.0,1127.0,139.0,42.0,38.0,330.0,331.0,331.0
0.0,3749.0,1082.0,993.0,745.0,560.0,303.0,58.0,199.0,331.0,331.0,331.0,367.0,357.0,358.0,1181.0,1282.0,1286.0,303.0,58.0,199.0,331.0,331.0,331.0
0.0,3412.0,1028.0,993.0,219.0,1369.0,537.0,338.0,494.0,332.0,330.0,331.0,369.0,326.0,333.0,1021.0,1266.0,1125.0,537.0,338.0,494.0,332.0,330.0,331.0
0.0,2603.0,1131.0,999.0,560.0,1964.0,630.0,638.0,696.0,334.0,332.0,333.0,388.0,350.0,393.0,791.0,982.0,830.0,630.0,638.0,696.0,334.0,332.0,333.0
0.0,2032.0,1098.0,1001.0,1369.0,1701.0,489.0,650.0,562.0,335.0,332.0,334.0,392.0,350.0,356.0,706.0,690.0,636.0,489.0,650.0,562.0,335.0,332.0,334.0
0.0,2303.0,962.0,1002.0,1964.0,703.0,194.0,318.0,191.0,335.0,332.0,335.0,335.0,306.0,321.0,851.0,678.0,774.0,194.0,318.0,191.0,335.0,332.0,335.0
0.0,3305.0,958.0,1002.0,1701.0,33.0,33.0,0.0,0.0,335.0,332.0,335.0,328.0,314.0,316.0,1146.0,1010.0,1149.0,33.0,0.0,0.0,335.0,332.0,335.0
0.0,4048.0,1069.0,1002.0,703.0,326.0,215.0,16.0,95.0,335.0,332.0,335.0,376.0,352.0,341.0,1307.0,1346.0,1395.0,215.0,16.0,95.0,335.0,332.0,335.0
0.0,3682.0,1044.0,1004.0,33.0,1345.0,526.0,372.0,447.0,336.0,333.0,335.0,340.0,352.0,352.0,1125.0,1312.0,1245.0,526.0,372.0,447.0,336.0,333.0,335.0
0.0,2671.0,971.0,1006.0,326.0,1998.0,629.0,687.0,682.0,337.0,333.0,336.0,314.0,331.0,326.0,818.0,960.0,893.0,629.0,687.0,682.0,337.0,333.0,336.0
0.0,2026.0,1106.0,1010.0,1345.0,1775.0,478.0,703.0,594.0,338.0,335.0,337.0,371.0,380.0,355.0,719.0,645.0,662.0,478.0,703.0,594.0,338.0,335.0,337.0
0.0,2265.0,1043.0,1011.0,1998.0,824.0,203.0,366.0,255.0,339.0,335.0,337.0,350.0,350.0,343.0,874.0,637.0,754.0,203.0,366.0,255.0,339.0,335.0,337.0
0.0,3220.0,1039.0,1014.0,1775.0,100.0,83.0,8.0,9.0,340.0,336.0,338.0,354.0,341.0,344.0,1153.0,974.0,1093.0,83.0,8.0,9.0,340.0,336.0,338.0
0.0,3956.0,982.0,1015.0,824.0,262.0,197.0,5.0,60.0,340.0,337.0,338.0,317.0,359.0,306.0,1277.0,1336.0,1343.0,197.0,5.0,60.0,340.0,337.0,338.0
0.0,3798.0,967.0,1015.0,100.0,1129.0,435.0,342.0,352.0,341.0,337.0,337.0,317.0,345.0,305.0,1163.0,1343.0,1292.0,435.0,342.0,352.0,341.0,337.0,337.0
0.0,2931.0,1125.0,1018.0,262.0,2004.0,611.0,737.0,656.0,341.0,339.0,338.0,373.0,392.0,360.0,929.0,1006.0,996.0,611.0,737.0,656.0,341.0,339.0,338.0
0.0,2068.0,955.0,1021.0,1129.0,1842.0,491.0,728.0,623.0,342.0,340.0,339.0,311.0,329.0,315.0,753.0,619.0,696.0,491.0,728.0,623.0,342.0,340.0,339.0
0.0,2242.0,1114.0,1026.0,2004.0,972.0,245.0,378.0,349.0,343.0,342.0,341.0,361.0,379.0,374.0,877.0,632.0,733.0,245.0,378.0,349.0,343.0,342.0,341.0
0.0,3132.0,1102.0,1031.0,1842.0,252.0,114.0,44.0,94.0,344.0,344.0,343.0,356.0,386.0,360.0,1127.0,990.0,1015.0,114.0,44.0,94.0,344.0,344.0,343.0
0.0,3872.0,1079.0,1032.0,972.0,363.0,253.0,30.0,80.0,345.0,344.0,343.0,380.0,364.0,335.0,1262.0,1332.0,1278.0,253.0,30.0,80.0,345.0,344.0,343.0
0.0,3765.0,970.0,1033.0,252.0,1085.0,462.0,317.0,306.0,345.0,345.0,343.0,323.0,327.0,320.0,1127.0,1346.0,1292.0,462.0,317.0,306.0,345.0,345.0,343.0
0.0,3047.0,1026.0,1034.0,363.0,1752.0,547.0,649.0,556.0,345.0,346.0,343.0,338.0,358.0,330.0,918.0,1063.0,1066.0,547.0,649.0,556.0,345.0,346.0,343.0
0.0,2384.0,983.0,1036.0,1085.0,1658.0,414.0,681.0,563.0,345.0,347.0,344.0,329.0,345.0,309.0,833.0,735.0,816.0,414.0,681.0,563.0,345.0,347.0,344.0
0.0,2486.0,1071.0,1037.0,1752.0,981.0,221.0,375.0,385.0,345.0,347.0,345.0,354.0,343.0,374.0,966.0,707.0,813.0,221.0,375.0,385.0,345.0,347.0,345.0
0.0,3167.0,1111.0,1039.0,1658.0,442.0,192.0,45.0,205.0,346.0,347.0,346.0,381.0,351.0,379.0,1159.0,1013.0,995.0,192.0,45.0,205.0,346.0,347.0,346.0
0.0,3714.0,1041.0,1036.0,981.0,493.0,334.0,0.0,159.0,345.0,346.0,345.0,367.0,331.0,343.0,1192.0,1343.0,1179.0,334.0,0.0,159.0,345.0,346.0,345.0
0.0,3654.0,1160.0,1042.0,442.0,1232.0,546.0,342.0,344.0,347.0,348.0,347.0,396.0,382.0,382.0,1046.0,1387.0,1221.0,546.0,342.0,344.0,347.0,348.0,347.0
0.0,2936.0,1114.0,1042.0,493.0,1853.0,594.0,716.0,543.0,347.0,348.0,347.0,382.0,374.0,358.0,842.0,1050.0,1044.0,594.0,716.0,543.0,347.0,348.0,347.0
0.0,2315.0,1074.0,1043.0,1232.0,1699.0,398.0,738.0,563.0,347.0,348.0,348.0,350.0,364.0,360.0,794.0,676.0,845.0,398.0,738.0,563.0,347.0,348.0,348.0
0.0,2473.0,1104.0,1044.0,1853.0,954.0,182.0,378.0,394.0,347.0,349.0,348.0,378.0,352.0,374.0,990.0,654.0,829.0,182.0,378.0,394.0,347.0,349.0,348.0
0.0,3222.0,1099.0,1047.0,1699.0,374.0,188.0,0.0,186.0,349.0,349.0,349.0,396.0,352.0,351.0,1206.0,1018.0,998.0,188.0,0.0,186.0,349.0,349.0,349.0
0.0,3822.0,1159.0,1046.0,954.0,581.0,393.0,0.0,188.0,348.0,349.0,349.0,391.0,372.0,396.0,1208.0,1404.0,1210.0,393.0,0.0,188.0,348.0,349.0,349.0
0.0,3617.0,1028.0,1044.0,374.0,1213.0,548.0,311.0,354.0,348.0,348.0,348.0,343.0,329.0,356.0,999.0,1410.0,1208.0,548.0,311.0,354.0,348.0,348.0,348.0
0.0,2963.0,1098.0,1046.0,581.0,1738.0,517.0,664.0,557.0,349.0,348.0,349.0,358.0,353.0,387.0,844.0,1081.0,1038.0,517.0,664.0,557.0,349.0,348.0,349.0
0.0,2446.0,1050.0,1044.0,1213.0,1567.0,291.0,704.0,572.0,348.0,347.0,349.0,326.0,355.0,369.0,879.0,728.0,839.0,291.0,704.0,572.0,348.0,347.0,349.0
0.0,2609.0,1141.0,1048.0,1738.0,986.0,158.0,413.0,415.0,349.0,348.0,351.0,380.0,369.0,392.0,1101.0,684.0,824.0,158.0,413.0,415.0,349.0,348.0,351.0
0.0,3206.0,1047.0,1047.0,1567.0,462.0,208.0,48.0,206.0,349.0,347.0,351.0,341.0,343.0,363.0,1238.0,979.0,989.0,208.0,48.0,206.0,349.0,347.0,351.0
0.0,3726.0,1050.0,1047.0,986.0,549.0,389.0,0.0,160.0,349.0,347.0,351.0,339.0,342.0,369.0,1188.0,1340.0,1198.0,389.0,0.0,160.0,349.0,347.0,351.0
0.0,3662.0,1214.0,1048.0,462.0,1282.0,559.0,320.0,403.0,349.0,347.0,352.0,378.0,391.0,445.0,1007.0,1411.0,1244.0,559.0,320.0,403.0,349.0,347.0,352.0
0.0,2910.0,1071.0,1050.0,549.0,1812.0,549.0,657.0,606.0,350.0,347.0,353.0,375.0,337.0,359.0,837.0,1068.0,1005.0,549.0,657.0,606.0,350.0,347.0,353.0
0.0,2388.0,1090.0,1051.0,1282.0,1624.0,353.0,690.0,581.0,351.0,347.0,353.0,359.0,353.0,378.0,851.0,731.0,806.0,353.0,690.0,581.0,351.0,347.0,353.0
0.0,2580.0,1092.0,1053.0,1812.0,912.0,165.0,387.0,360.0,352.0,348.0,353.0,357.0,350.0,385.0,1051.0,698.0,831.0,165.0,387.0,360.0,352.0,348.0,353.0
0.0,3300.0,1070.0,1054.0,1624.0,362.0,174.0,49.0,139.0,353.0,348.0,353.0,358.0,352.0,360.0,1243.0,1005.0,1052.0,174.0,49.0,139.0,353.0,348.0,353.0
0.0,3854.0,1082.0,1057.0,912.0,544.0,358.0,29.0,157.0,354.0,349.0,354.0,345.0,363.0,374.0,1238.0,1343.0,1273.0,358.0,29.0,157.0,354.0,349.0,354.0
0.0,3684.0,1072.0,1056.0,362.0,1250.0,501.0,337.0,412.0,353.0,349.0,354.0,321.0,357.0,394.0,1058.0,1367.0,1259.0,501.0,337.0,412.0,353.0,349.0,354.0
0.0,2974.0,1097.0,1058.0,544.0,1811.0,491.0,690.0,630.0,353.0,350.0,355.0,348.0,378.0,371.0,911.0,1059.0,1004.0,491.0,690.0,630.0,353.0,350.0,355.0
0.0,2421.0,1031.0,1058.0,1250.0,1592.0,319.0,694.0,579.0,353.0,350.0,355.0,329.0,341.0,361.0,921.0,710.0,790.0,319.0,694.0,579.0,353.0,350.0,355.0
0.0,2640.0,1125.0,1061.0,1811.0,918.0,194.0,395.0,329.0,354.0,351.0,356.0,362.0,387.0,376.0,1093.0,706.0,841.0,194.0,395.0,329.0,354.0,351.0,356.0
0.0,3326.0,1052.0,1063.0,1592.0,386.0,231.0,70.0,85.0,355.0,352.0,356.0,352.0,365.0,335.0,1222.0,1009.0,1095.0,231.0,70.0,85.0,355.0,352.0,356.0
0.0,3866.0,1170.0,1066.0,918.0,650.0,446.0,53.0,151.0,356.0,353.0,357.0,405.0,374.0,391.0,1189.0,1338.0,1339.0,446.0,53.0,151.0,356.0,353.0,357.0
0.0,3614.0,1036.0,1067.0,386.0,1304.0,575.0,323.0,406.0,357.0,353.0,357.0,356.0,340.0,340.0,978.0,1359.0,1277.0,575.0,323.0,406.0,357.0,353.0,357.0
0.0,2964.0,1112.0,1067.0,650.0,1766.0,501.0,637.0,628.0,357.0,353.0,357.0,372.0,367.0,373.0,853.0,1089.0,1022.0,501.0,637.0,628.0,357.0,353.0,357.0
0.0,2502.0,1125.0,1069.0,1304.0,1595.0,310.0,690.0,595.0,357.0,354.0,358.0,384.0,372.0,369.0,927.0,775.0,800.0,310.0,690.0,595.0,357.0,354.0,358.0
0.0,2681.0,1056.0,1069.0,1766.0,885.0,173.0,425.0,287.0,357.0,355.0,357.0,364.0,368.0,324.0,1118.0,726.0,837.0,173.0,425.0,287.0,357.0,355.0,357.0
0.0,3391.0,1208.0,1072.0,1595.0,510.0,274.0,151.0,85.0,358.0,356.0,358.0,407.0,412.0,389.0,1255.0,995.0,1141.0,274.0,151.0,85.0,358.0,356.0,358.0
0.0,3778.0,1063.0,1072.0,885.0,688.0,472.0,98.0,118.0,358.0,357.0,357.0,371.0,368.0,324.0,1158.0,1273.0,1347.0,472.0,98.0,118.0,358.0,357.0,357.0
0.0,3600.0,1099.0,1071.0,510.0,1273.0,566.0,329.0,378.0,357.0,357.0,357.0,372.0,382.0,345.0,960.0,1330.0,1310.0,566.0,329.0,378.0,357.0,357.0,357.0
0.0,3011.0,1201.0,1076.0,688.0,1806.0,499.0,681.0,626.0,358.0,360.0,358.0,401.0,438.0,362.0,862.0,1099.0,1050.0,499.0,681.0,626.0,358.0,360.0,358.0
0.0,2498.0,1153.0,1079.0,1273.0,1698.0,313.0,749.0,636.0,359.0,361.0,359.0,376.0,393.0,384.0,933.0,759.0,806.0,313.0,749.0,636.0,359.0,361.0,359.0
0.0,2618.0,1135.0,1082.0,1806.0,1039.0,204.0,449.0,386.0,360.0,362.0,360.0,386.0,377.0,372.0,1123.0,695.0,800.0,204.0,449.0,386.0,360.0,362.0,360.0
0.0,3289.0,1086.0,1081.0,1698.0,423.0,277.0,80.0,66.0,360.0,362.0,359.0,386.0,380.0,320.0,1236.0,999.0,1054.0,277.0,80.0,66.0,360.0,362.0,359.0
0.0,3901.0,1071.0,1083.0,1039.0,464.0,436.0,0.0,28.0,361.0,363.0,359.0,359.0,364.0,348.0,1163.0,1368.0,1370.0,436.0,0.0,28.0,361.0,363.0,359.0
0.0,3869.0,1062.0,1082.0,423.0,1098.0,533.0,262.0,303.0,361.0,362.0,359.0,374.0,347.0,341.0,1008.0,1453.0,1408.0,533.0,262.0,303.0,361.0,362.0,359.0
0.0,3230.0,1024.0,1083.0,464.0,1662.0,392.0,627.0,643.0,360.0,363.0,360.0,299.0,361.0,364.0,911.0,1186.0,1133.0,392.0,627.0,643.0,360.0,363.0,360.0
0.0,2670.0,1090.0,1084.0,1098.0,1658.0,227.0,728.0,703.0,361.0,363.0,360.0,364.0,363.0,363.0,1048.0,825.0,797.0,227.0,728.0,703.0,361.0,363.0,360.0
0.0,2678.0,1074.0,1085.0,1662.0,1074.0,187.0,460.0,427.0,361.0,363.0,361.0,352.0,359.0,363.0,1217.0,724.0,737.0,187.0,460.0,427.0,361.0,363.0,361.0
0.0,3266.0,1064.0,1087.0,1658.0,488.0,316.0,80.0,92.0,362.0,363.0,362.0,352.0,348.0,364.0,1257.0,992.0,1017.0,316.0,80.0,92.0,362.0,363.0,362.0
0.0,3860.0,1084.0,1086.0,1074.0,502.0,473.0,0.0,29.0,361.0,363.0,362.0,348.0,372.0,364.0,1132.0,1372.0,1356.0,473.0,0.0,29.0,361.0,363.0,362.0
0.0,3850.0,1087.0,1088.0,488.0,1101.0,517.0,283.0,301.0,362.0,363.0,363.0,356.0,371.0,360.0,971.0,1460.0,1419.0,517.0,283.0,301.0,362.0,363.0,363.0
0.0,3251.0,1181.0,1091.0,502.0,1792.0,438.0,677.0,677.0,363.0,364.0,364.0,390.0,390.0,401.0,931.0,1169.0,1151.0,438.0,677.0,677.0,363.0,364.0,364.0
0.0,2572.0,1173.0,1091.0,1101.0,1864.0,304.0,786.0,774.0,363.0,364.0,364.0,383.0,392.0,398.0,1014.0,779.0,779.0,304.0,786.0,774.0,363.0,364.0,364.0
0.0,2500.0,981.0,1089.0,1792.0,1045.0,189.0,416.0,440.0,362.0,363.0,364.0,327.0,311.0,343.0,1148.0,670.0,682.0,189.0,416.0,440.0,362.0,363.0,364.0
0.0,3311.0,1186.0,1094.0,1864.0,388.0,300.0,0.0,88.0,364.0,364.0,366.0,407.0,365.0,414.0,1259.0,1036.0,1016.0,300.0,0.0,88.0,364.0,364.0,366.0
0.0,3989.0,1016.0,1093.0,1045.0,454.0,454.0,0.0,0.0,364.0,363.0,366.0,343.0,333.0,340.0,1156.0,1457.0,1376.0,454.0,0.0,0.0,364.0,363.0,366.0
0.0,4018.0,1193.0,1098.0,388.0,1179.0,572.0,302.0,305.0,366.0,364.0,368.0,410.0,386.0,397.0,1002.0,1540.0,1476.0,572.0,302.0,305.0,366.0,364.0,368.0
0.0,3213.0,1191.0,1100.0,454.0,1924.0,528.0,701.0,695.0,367.0,365.0,368.0,406.0,395.0,390.0,892.0,1154.0,1167.0,528.0,701.0,695.0,367.0,365.0,368.0
0.0,2476.0,1178.0,1102.0,1179.0,1931.0,350.0,798.0,783.0,367.0,366.0,369.0,394.0,395.0,389.0,940.0,759.0,777.0,350.0,798.0,783.0,367.0,366.0,369.0
0.0,2477.0,1201.0,1105.0,1924.0,1220.0,232.0,490.0,498.0,368.0,367.0,370.0,406.0,389.0,406.0,1118.0,666.0,693.0,232.0,490.0,498.0,368.0,367.0,370.0
0.0,3200.0,1270.0,1106.0,1931.0,563.0,299.0,104.0,160.0,368.0,367.0,371.0,417.0,412.0,441.0,1240.0,978.0,982.0,299.0,104.0,160.0,368.0,367.0,371.0
0.0,3861.0,1231.0,1109.0,1220.0,586.0,496.0,26.0,64.0,369.0,368.0,372.0,425.0,408.0,398.0,1173.0,1364.0,1324.0,496.0,26.0,64.0,369.0,368.0,372.0
0.0,3850.0,1171.0,1110.0,563.0,1198.0,605.0,295.0,298.0,370.0,368.0,372.0,404.0,373.0,394.0,980.0,1446.0,1424.0,605.0,295.0,298.0,370.0,368.0,372.0
0.0,3242.0,1111.0,1110.0,586.0,1723.0,485.0,635.0,603.0,370.0,368.0,372.0,376.0,366.0,369.0,875.0,1177.0,1190.0,485.0,635.0,603.0,370.0,368.0,372.0
0.0,2717.0,1183.0,1112.0,1198.0,1716.0,271.0,747.0,698.0,370.0,369.0,373.0,391.0,403.0,389.0,995.0,837.0,885.0,271.0,747.0,698.0,370.0,369.0,373.0
0.0,2732.0,1192.0,1113.0,1723.0,1189.0,177.0,521.0,491.0,370.0,370.0,373.0,391.0,405.0,396.0,1209.0,729.0,794.0,177.0,521.0,491.0,370.0,370.0,373.0
0.0,3263.0,1259.0,1117.0,1716.0,748.0,329.0,199.0,220.0,371.0,372.0,374.0,419.0,417.0,423.0,1303.0,959.0,1001.0,329.0,199.0,220.0,371.0,372.0,374.0
0.0,3720.0,1245.0,1120.0,1189.0,816.0,555.0,89.0,172.0,372.0,373.0,375.0,399.0,407.0,439.0,1155.0,1289.0,1276.0,555.0,89.0,172.0,372.0,373.0,375.0
0.0,3664.0,1218.0,1124.0,748.0,1302.0,641.0,301.0,360.0,374.0,374.0,376.0,407.0,407.0,404.0,933.0,1403.0,1328.0,641.0,301.0,360.0,374.0,374.0,376.0
0.0,3194.0,1233.0,1125.0,816.0,1723.0,484.0,638.0,601.0,374.0,375.0,376.0,398.0,422.0,413.0,855.0,1195.0,1144.0,484.0,638.0,601.0,374.0,375.0,376.0
0.0,2777.0,1143.0,1127.0,1302.0,1572.0,231.0,704.0,637.0,375.0,375.0,377.0,384.0,367.0,392.0,1012.0,862.0,903.0,231.0,704.0,637.0,375.0,375.0,377.0
0.0,2936.0,1210.0,1130.0,1723.0,1071.0,124.0,489.0,458.0,375.0,377.0,378.0,377.0,415.0,418.0,1269.0,796.0,871.0,124.0,489.0,458.0,375.0,377.0,378.0
0.0,3449.0,1163.0,1129.0,1572.0,658.0,270.0,191.0,197.0,375.0,377.0,377.0,377.0,406.0,380.0,1376.0,1019.0,1054.0,270.0,191.0,197.0,375.0,377.0,377.0
0.0,3858.0,1118.0,1130.0,1071.0,709.0,496.0,92.0,121.0,375.0,378.0,377.0,350.0,386.0,382.0,1230.0,1317.0,1311.0,496.0,92.0,121.0,375.0,378.0,377.0
0.0,3811.0,1313.0,1134.0,658.0,1380.0,658.0,359.0,363.0,376.0,380.0,378.0,428.0,450.0,435.0,1004.0,1420.0,1387.0,658.0,359.0,363.0,376.0,380.0,378.0
0.0,3156.0,1215.0,1137.0,709.0,1898.0,554.0,687.0,657.0,377.0,381.0,379.0,388.0,416.0,411.0,846.0,1161.0,1149.0,554.0,687.0,657.0,377.0,381.0,379.0
0.0,2650.0,1170.0,1138.0,1380.0,1692.0,280.0,719.0,693.0,377.0,382.0,379.0,384.0,387.0,399.0,954.0,837.0,859.0,280.0,719.0,693.0,377.0,382.0,379.0
0.0,2860.0,1202.0,1141.0,1898.0,1008.0,113.0,461.0,434.0,378.0,383.0,380.0,383.0,425.0,394.0,1228.0,809.0,823.0,113.0,461.0,434.0,378.0,383.0,380.0
0.0,3556.0,1160.0,1143.0,1692.0,484.0,222.0,143.0,119.0,379.0,384.0,380.0,385.0,397.0,378.0,1399.0,1071.0,1086.0,222.0,143.0,119.0,379.0,384.0,380.0
0.0,4088.0,1177.0,1144.0,1008.0,657.0,494.0,72.0,91.0,380.0,384.0,380.0,381.0,390.0,406.0,1294.0,1393.0,1401.0,494.0,72.0,91.0,380.0,384.0,380.0
0.0,3919.0,1115.0,1146.0,484.0,1296.0,647.0,321.0,328.0,381.0,385.0,380.0,371.0,388.0,356.0,1026.0,1464.0,1429.0,647.0,321.0,328.0,381.0,385.0,380.0
0.0,3288.0,1195.0,1146.0,657.0,1834.0,544.0,660.0,630.0,381.0,385.0,380.0,391.0,411.0,393.0,877.0,1219.0,1192.0,544.0,660.0,630.0,381.0,385.0,380.0
0.0,2750.0,1206.0,1150.0,1296.0,1760.0,296.0,736.0,728.0,382.0,386.0,382.0,395.0,393.0,418.0,980.0,880.0,890.0,296.0,736.0,728.0,382.0,386.0,382.0
0.0,2840.0,1234.0,1150.0,1834.0,1160.0,165.0,484.0,511.0,382.0,386.0,382.0,413.0,408.0,413.0,1232.0,808.0,800.0,165.0,484.0,511.0,382.0,386.0,382.0
0.0,3440.0,1245.0,1156.0,1760.0,669.0,314.0,169.0,186.0,384.0,388.0,384.0,437.0,413.0,395.0,1363.0,1060.0,1017.0,314.0,169.0,186.0,384.0,388.0,384.0
0.0,3955.0,1060.0,1155.0,1160.0,565.0,522.0,39.0,4.0,384.0,388.0,383.0,373.0,354.0,333.0,1222.0,1383.0,1350.0,522.0,39.0,4.0,384.0,388.0,383.0
0.0,4055.0,1168.0,1154.0,669.0,1060.0,618.0,217.0,225.0,384.0,387.0,383.0,410.0,351.0,407.0,1014.0,1513.0,1528.0,618.0,217.0,225.0,384.0,387.0,383.0
0.0,3556.0,1086.0,1155.0,565.0,1585.0,456.0,532.0,597.0,384.0,387.0,384.0,360.0,354.0,372.0,918.0,1331.0,1307.0,456.0,532.0,597.0,384.0,387.0,384.0
0.0,3035.0,1186.0,1154.0,1060.0,1707.0,248.0,698.0,761.0,384.0,386.0,384.0,410.0,387.0,389.0,1080.0,1016.0,939.0,248.0,698.0,761.0,384.0,386.0,384.0
0.0,2909.0,1133.0,1157.0,1585.0,1267.0,193.0,542.0,532.0,385.0,387.0,385.0,397.0,372.0,364.0,1288.0,846.0,775.0,193.0,542.0,532.0,385.0,387.0,385.0
0.0,3361.0,1269.0,1160.0,1707.0,841.0,393.0,251.0,197.0,386.0,387.0,387.0,444.0,407.0,418.0,1347.0,1006.0,1008.0,393.0,251.0,197.0,386.0,387.0,387.0
0.0,3799.0,1198.0,1160.0,1267.0,772.0,625.0,101.0,46.0,387.0,386.0,387.0,421.0,396.0,381.0,1151.0,1297.0,1351.0,625.0,101.0,46.0,387.0,386.0,387.0
0.0,3868.0,1159.0,1160.0,841.0,1090.0,611.0,229.0,250.0,387.0,386.0,387.0,379.0,379.0,401.0,923.0,1443.0,1502.0,611.0,229.0,250.0,387.0,386.0,387.0
0.0,3550.0,1101.0,1159.0,772.0,1415.0,388.0,466.0,561.0,387.0,385.0,387.0,402.0,342.0,357.0,937.0,1315.0,1298.0,388.0,466.0,561.0,387.0,385.0,387.0
0.0,3221.0,1185.0,1161.0,1090.0,1518.0,172.0,642.0,704.0,387.0,386.0,388.0,395.0,401.0,389.0,1160.0,1074.0,987.0,172.0,642.0,704.0,387.0,386.0,388.0
0.0,3126.0,1093.0,1162.0,1415.0,1200.0,143.0,539.0,518.0,387.0,386.0,389.0,359.0,363.0,371.0,1376.0,902.0,848.0,143.0,539.0,518.0,387.0,386.0,389.0
0.0,3448.0,1158.0,1164.0,1518.0,848.0,371.0,276.0,201.0,388.0,386.0,390.0,396.0,379.0,383.0,1405.0,1005.0,1038.0,371.0,276.0,201.0,388.0,386.0,390.0
0.0,3808.0,1137.0,1165.0,1200.0,789.0,614.0,144.0,31.0,389.0,387.0,389.0,382.0,403.0,352.0,1181.0,1268.0,1359.0,614.0,144.0,31.0,389.0,387.0,389.0
0.0,3871.0,1238.0,1168.0,848.0,1191.0,646.0,295.0,250.0,390.0,388.0,390.0,399.0,423.0,416.0,942.0,1404.0,1525.0,646.0,295.0,250.0,390.0,388.0,390.0
0.0,3481.0,1229.0,1171.0,789.0,1643.0,441.0,571.0,631.0,391.0,389.0,391.0,405.0,416.0,408.0,914.0,1257.0,1310.0,441.0,571.0,631.0,391.0,389.0,391.0
0.0,3041.0,1147.0,1173.0,1191.0,1607.0,189.0,660.0,758.0,392.0,390.0,391.0,390.0,380.0,377.0,1123.0,985.0,933.0,189.0,660.0,758.0,392.0,390.0,391.0
0.0,3085.0,1136.0,1174.0,1643.0,1104.0,132.0,463.0,509.0,392.0,390.0,392.0,384.0,374.0,378.0,1379.0,900.0,806.0,132.0,463.0,509.0,392.0,390.0,392.0
0.0,3592.0,1115.0,1174.0,1607.0,612.0,307.0,183.0,122.0,392.0,390.0,392.0,364.0,380.0,371.0,1436.0,1097.0,1059.0,307.0,183.0,122.0,392.0,390.0,392.0
0.0,4084.0,1122.0,1173.0,1104.0,648.0,561.0,87.0,0.0,392.0,390.0,391.0,386.0,367.0,369.0,1261.0,1377.0,1446.0,561.0,87.0,0.0,392.0,390.0,391.0
0.0,4066.0,1324.0,1176.0,612.0,1350.0,695.0,371.0,284.0,393.0,391.0,392.0,437.0,463.0,424.0,1007.0,1473.0,1586.0,695.0,371.0,284.0,393.0,391.0,392.0
0.0,3354.0,1250.0,1182.0,648.0,1976.0,543.0,710.0,723.0,395.0,393.0,394.0,401.0,418.0,431.0,877.0,1193.0,1284.0,543.0,710.0,723.0,395.0,393.0,394.0
0.0,2752.0,1179.0,1181.0,1350.0,1801.0,224.0,746.0,831.0,394.0,394.0,393.0,380.0,403.0,396.0,1037.0,862.0,853.0,224.0,746.0,831.0,394.0,394.0,393.0
0.0,2923.0,1210.0,1185.0,1976.0,1051.0,69.0,448.0,534.0,395.0,395.0,395.0,384.0,408.0,418.0,1352.0,830.0,741.0,69.0,448.0,534.0,395.0,395.0,395.0
0.0,3689.0,1220.0,1186.0,1801.0,474.0,248.0,122.0,104.0,395.0,396.0,395.0,403.0,416.0,401.0,1511.0,1132.0,1046.0,248.0,122.0,104.0,395.0,396.0,395.0
0.0,4270.0,1256.0,1187.0,1051.0,706.0,589.0,117.0,0.0,395.0,397.0,395.0,410.0,439.0,407.0,1332.0,1462.0,1476.0,589.0,117.0,0.0,395.0,397.0,395.0
0.0,4065.0,1370.0,1191.0,474.0,1595.0,784.0,447.0,364.0,396.0,398.0,397.0,439.0,448.0,483.0,991.0,1471.0,1603.0,784.0,447.0,364.0,396.0,398.0,397.0
0.0,3169.0,1336.0,1193.0,706.0,2233.0,651.0,786.0,796.0,397.0,399.0,397.0,452.0,452.0,432.0,800.0,1145.0,1224.0,651.0,786.0,796.0,397.0,399.0,397.0
0.0,2539.0,1303.0,1194.0,1595.0,1945.0,299.0,810.0,836.0,397.0,400.0,397.0,432.0,467.0,404.0,937.0,810.0,792.0,299.0,810.0,836.0,397.0,400.0,397.0
0.0,2831.0,1179.0,1193.0,2233.0,887.0,57.0,397.0,433.0,397.0,399.0,397.0,409.0,377.0,393.0,1289.0,790.0,752.0,57.0,397.0,433.0,397.0,399.0,397.0
0.0,3885.0,1253.0,1194.0,1945.0,199.0,186.0,1.0,12.0,397.0,400.0,397.0,428.0,410.0,415.0,1531.0,1199.0,1155.0,186.0,1.0,12.0,397.0,400.0,397.0
0.0,4577.0,1365.0,1200.0,887.0,701.0,602.0,53.0,46.0,399.0,402.0,399.0,465.0,441.0,459.0,1402.0,1599.0,1576.0,602.0,53.0,46.0,399.0,402.0,399.0
0.0,4099.0,1231.0,1200.0,199.0,1733.0,824.0,471.0,438.0,399.0,402.0,399.0,408.0,419.0,404.0,994.0,1555.0,1550.0,824.0,471.0,438.0,399.0,402.0,399.0
0.0,3067.0,1300.0,1202.0,701.0,2340.0,646.0,845.0,849.0,400.0,402.0,400.0,420.0,427.0,453.0,772.0,1137.0,1158.0,646.0,845.0,849.0,400.0,402.0,400.0
0.0,2468.0,1230.0,1202.0,1733.0,1837.0,235.0,762.0,840.0,400.0,402.0,400.0,413.0,388.0,429.0,954.0,763.0,751.0,235.0,762.0,840.0,400.0,402.0,400.0
0.0,2971.0,1347.0,1204.0,2340.0,852.0,10.0,373.0,469.0,400.0,403.0,401.0,421.0,452.0,474.0,1365.0,846.0,760.0,10.0,373.0,469.0,400.0,403.0,401.0
0.0,3964.0,1349.0,1206.0,1837.0,372.0,221.0,45.0,106.0,401.0,403.0,402.0,442.0,434.0,473.0,1590.0,1239.0,1135.0,221.0,45.0,106.0,401.0,403.0,402.0
0.0,4452.0,1176.0,1205.0,852.0,692.0,605.0,49.0,38.0,401.0,402.0,402.0,394.0,381.0,401.0,1383.0,1567.0,1502.0,605.0,49.0,38.0,401.0,402.0,402.0
0.0,4128.0,1155.0,1205.0,372.0,1475.0,750.0,390.0,335.0,400.0,403.0,402.0,370.0,382.0,403.0,999.0,1559.0,1570.0,750.0,390.0,335.0,400.0,403.0,402.0
0.0,3345.0,1277.0,1207.0,692.0,2068.0,545.0,765.0,758.0,401.0,403.0,403.0,396.0,424.0,457.0,850.0,1222.0,1273.0,545.0,765.0,758.0,401.0,403.0,403.0
0.0,2760.0,1248.0,1208.0,1475.0,1845.0,198.0,798.0,849.0,401.0,403.0,404.0,403.0,423.0,422.0,1059.0,847.0,854.0,198.0,798.0,849.0,401.0,403.0,404.0
0.0,2987.0,1261.0,1212.0,2068.0,1054.0,76.0,455.0,523.0,403.0,404.0,405.0,415.0,418.0,428.0,1406.0,814.0,767.0,76.0,455.0,523.0,403.0,404.0,405.0
0.0,3794.0,1218.0,1209.0,1845.0,415.0,259.0,68.0,88.0,402.0,403.0,404.0,385.0,415.0,418.0,1536.0,1161.0,1097.0,259.0,68.0,88.0,402.0,403.0,404.0
0.0,4421.0,1152.0,1209.0,1054.0,576.0,571.0,5.0,0.0,402.0,403.0,404.0,388.0,392.0,372.0,1349.0,1544.0,1528.0,571.0,5.0,0.0,402.0,403.0,404.0
0.0,4323.0,1110.0,1207.0,415.0,1200.0,668.0,321.0,211.0,401.0,403.0,403.0,360.0,384.0,366.0,1037.0,1607.0,1679.0,668.0,321.0,211.0,401.0,403.0,403.0
0.0,3628.0,1192.0,1207.0,576.0,1816.0,501.0,696.0,619.0,402.0,402.0,403.0,400.0,384.0,408.0,936.0,1291.0,1401.0,501.0,696.0,619.0,402.0,402.0,403.0
0.0,3012.0,1244.0,1208.0,1200.0,1864.0,240.0,803.0,821.0,402.0,402.0,404.0,407.0,428.0,409.0,1107.0,912.0,993.0,240.0,803.0,821.0,402.0,402.0,404.0
0.0,2968.0,1227.0,1210.0,1816.0,1283.0,155.0,517.0,611.0,403.0,403.0,404.0,412.0,406.0,409.0,1368.0,805.0,795.0,155.0,517.0,611.0,403.0,403.0,404.0
0.0,3557.0,1308.0,1212.0,1864.0,735.0,359.0,141.0,235.0,404.0,403.0,405.0,440.0,427.0,441.0,1457.0,1095.0,1005.0,359.0,141.0,235.0,404.0,403.0,405.0
0.0,4113.0,1211.0,1213.0,1283.0,667.0,608.0,26.0,33.0,404.0,403.0,406.0,404.0,402.0,405.0,1257.0,1471.0,1385.0,608.0,26.0,33.0,404.0,403.0,406.0
0.0,4185.0,1162.0,1212.0,735.0,1090.0,646.0,269.0,175.0,404.0,403.0,405.0,397.0,384.0,381.0,1008.0,1586.0,1591.0,646.0,269.0,175.0,404.0,403.0,405.0
0.0,3758.0,1155.0,1211.0,667.0,1574.0,437.0,602.0,535.0,404.0,402.0,405.0,399.0,363.0,393.0,970.0,1343.0,1445.0,437.0,602.0,535.0,404.0,402.0,405.0
0.0,3270.0,1306.0,1212.0,1090.0,1794.0,250.0,769.0,775.0,404.0,403.0,405.0,459.0,432.0,415.0,1179.0,1006.0,1085.0,250.0,769.0,775.0,404.0,403.0,405.0
0.0,3054.0,1330.0,1217.0,1574.0,1570.0,277.0,611.0,682.0,406.0,404.0,407.0,456.0,440.0,434.0,1366.0,843.0,845.0,277.0,611.0,682.0,406.0,404.0,407.0
0.0,3298.0,1289.0,1220.0,1794.0,1077.0,499.0,276.0,302.0,407.0,406.0,407.0,468.0,426.0,395.0,1347.0,1005.0,946.0,499.0,276.0,302.0,407.0,406.0,407.0
0.0,3803.0,1270.0,1223.0,1570.0,789.0,644.0,100.0,45.0,408.0,407.0,408.0,418.0,431.0,421.0,1129.0,1348.0,1326.0,644.0,100.0,45.0,408.0,407.0,408.0
0.0,4103.0,1344.0,1225.0,1077.0,1064.0,616.0,280.0,168.0,409.0,408.0,408.0,467.0,452.0,425.0,988.0,1528.0,1587.0,616.0,280.0,168.0,409.0,408.0,408.0
0.0,3836.0,1186.0,1227.0,789.0,1469.0,374.0,586.0,509.0,409.0,409.0,409.0,402.0,402.0,382.0,1020.0,1352.0,1464.0,374.0,586.0,509.0,409.0,409.0,409.0
0.0,3439.0,1211.0,1226.0,1064.0,1612.0,166.0,713.0,733.0,409.0,409.0,408.0,408.0,407.0,396.0,1262.0,1050.0,1127.0,166.0,713.0,733.0,409.0,409.0,408.0
0.0,3292.0,1330.0,1228.0,1469.0,1481.0,235.0,578.0,668.0,409.0,410.0,409.0,443.0,447.0,440.0,1470.0,923.0,899.0,235.0,578.0,668.0,409.0,410.0,409.0
0.0,3431.0,1273.0,1231.0,1612.0,1154.0,489.0,316.0,349.0,410.0,411.0,410.0,416.0,447.0,410.0,1401.0,1062.0,968.0,489.0,316.0,349.0,410.0,411.0,410.0
0.0,3770.0,1309.0,1235.0,1481.0,998.0,712.0,183.0,103.0,411.0,413.0,411.0,454.0,437.0,418.0,1151.0,1328.0,1291.0,712.0,183.0,103.0,411.0,413.0,411.0
0.0,3942.0,1253.0,1237.0,1154.0,1105.0,624.0,292.0,189.0,411.0,414.0,412.0,401.0,421.0,431.0,932.0,1469.0,1541.0,624.0,292.0,189.0,411.0,414.0,412.0
0.0,3843.0,1244.0,1239.0,998.0,1359.0,322.0,543.0,494.0,412.0,415.0,412.0,406.0,430.0,408.0,1020.0,1364.0,1459.0,322.0,543.0,494.0,412.0,415.0,412.0
0.0,3597.0,1206.0,1241.0,1105.0,1468.0,86.0,674.0,708.0,412.0,416.0,413.0,388.0,419.0,399.0,1326.0,1117.0,1154.0,86.0,674.0,708.0,412.0,416.0,413.0
0.0,3496.0,1331.0,1243.0,1359.0,1448.0,213.0,565.0,670.0,413.0,416.0,414.0,445.0,434.0,452.0,1562.0,990.0,944.0,213.0,565.0,670.0,413.0,416.0,414.0
0.0,3524.0,1301.0,1245.0,1468.0,1289.0,532.0,346.0,411.0,413.0,417.0,415.0,405.0,451.0,445.0,1439.0,1099.0,986.0,532.0,346.0,411.0,413.0,417.0,415.0
0.0,3691.0,1315.0,1247.0,1448.0,1164.0,756.0,222.0,186.0,414.0,417.0,416.0,433.0,441.0,441.0,1120.0,1322.0,1249.0,756.0,222.0,186.0,414.0,417.0,416.0
0.0,3824.0,1243.0,1249.0,1289.0,1126.0,625.0,287.0,214.0,414.0,418.0,417.0,401.0,407.0,435.0,900.0,1446.0,1478.0,625.0,287.0,214.0,414.0,418.0,417.0
0.0,3870.0,1205.0,1249.0,1164.0,1167.0,273.0,473.0,421.0,414.0,418.0,417.0,404.0,408.0,393.0,1031.0,1385.0,1454.0,273.0,473.0,421.0,414.0,418.0,417.0
0.0,3829.0,1180.0,1251.0,1126.0,1229.0,40.0,571.0,618.0,415.0,418.0,418.0,388.0,385.0,407.0,1383.0,1199.0,1247.0,40.0,571.0,618.0,415.0,418.0,418.0
0.0,3775.0,1210.0,1252.0,1167.0,1276.0,124.0,501.0,651.0,414.0,419.0,419.0,361.0,399.0,450.0,1620.0,1101.0,1054.0,124.0,501.0,651.0,414.0,419.0,419.0
0.0,3732.0,1270.0,1252.0,1229.0,1317.0,502.0,332.0,483.0,414.0,418.0,420.0,418.0,406.0,446.0,1532.0,1175.0,1025.0,502.0,332.0,483.0,414.0,418.0,420.0
0.0,3691.0,1173.0,1250.0,1276.0,1206.0,780.0,198.0,228.0,414.0,417.0,419.0,402.0,371.0,400.0,1154.0,1340.0,1197.0,780.0,198.0,228.0,414.0,417.0,419.0
0.0,3794.0,1331.0,1253.0,1317.0,1232.0,716.0,302.0,214.0,415.0,418.0,420.0,434.0,432.0,465.0,876.0,1470.0,1448.0,716.0,302.0,214.0,415.0,418.0,420.0
0.0,3780.0,1285.0,1255.0,1206.0,1319.0,375.0,513.0,431.0,416.0,418.0,421.0,435.0,409.0,441.0,944.0,1370.0,1466.0,375.0,513.0,431.0,416.0,418.0,421.0
0.0,3701.0,1413.0,1257.0,1232.0,1508.0,136.0,670.0,702.0,417.0,418.0,422.0,473.0,459.0,481.0,1289.0,1159.0,1253.0,136.0,670.0,702.0,417.0,418.0,422.0
0.0,3520.0,1308.0,1259.0,1319.0,1505.0,199.0,596.0,710.0,418.0,418.0,423.0,434.0,439.0,435.0,1532.0,1002.0,986.0,199.0,596.0,710.0,418.0,418.0,423.0
0.0,3531.0,1358.0,1259.0,1508.0,1355.0,509.0,371.0,475.0,418.0,418.0,423.0,446.0,445.0,467.0,1473.0,1076.0,982.0,509.0,371.0,475.0,418.0,418.0,423.0
0.0,3681.0,1325.0,1259.0,1505.0,1175.0,776.0,201.0,198.0,418.0,418.0,423.0,466.0,426.0,433.0,1163.0,1301.0,1217.0,776.0,201.0,198.0,418.0,418.0,423.0
0.0,3861.0,1309.0,1260.0,1355.0,1133.0,731.0,228.0,174.0,419.0,417.0,424.0,460.0,402.0,447.0,896.0,1471.0,1494.0,731.0,228.0,174.0,419.0,417.0,424.0
0.0,3907.0,1291.0,1260.0,1175.0,1249.0,395.0,438.0,416.0,419.0,417.0,424.0,440.0,411.0,440.0,945.0,1440.0,1522.0,395.0,438.0,416.0,419.0,417.0,424.0
0.0,3791.0,1349.0,1263.0,1133.0,1477.0,143.0,637.0,697.0,420.0,418.0,425.0,475.0,423.0,451.0,1281.0,1230.0,1280.0,143.0,637.0,697.0,420.0,418.0,425.0
0.0,3575.0,1350.0,1263.0,1249.0,1578.0,204.0,651.0,723.0,420.0,418.0,425.0,456.0,452.0,442.0,1537.0,1035.0,1003.0,204.0,651.0,723.0,420.0,418.0,425.0
0.0,3474.0,1410.0,1266.0,1477.0,1523.0,526.0,483.0,514.0,421.0,419.0,426.0,461.0,465.0,484.0,1476.0,1021.0,977.0,526.0,483.0,514.0,421.0,419.0,426.0
0.0,3541.0,1358.0,1267.0,1578.0,1307.0,782.0,274.0,251.0,422.0,419.0,426.0,456.0,442.0,460.0,1158.0,1193.0,1190.0,782.0,274.0,251.0,422.0,419.0,426.0
0.0,3761.0,1416.0,1270.0,1523.0,1212.0,748.0,256.0,208.0,423.0,420.0,427.0,488.0,461.0,467.0,906.0,1402.0,1453.0,748.0,256.0,208.0,423.0,420.0,427.0
0.0,3868.0,1323.0,1270.0,1307.0,1228.0,401.0,414.0,413.0,423.0,420.0,427.0,435.0,432.0,456.0,944.0,1424.0,1500.0,401.0,414.0,413.0,423.0,420.0,427.0
0.0,3852.0,1233.0,1268.0,1212.0,1241.0,88.0,545.0,608.0,423.0,419.0,426.0,435.0,391.0,407.0,1291.0,1266.0,1295.0,88.0,545.0,608.0,423.0,419.0,426.0
0.0,3831.0,1272.0,1270.0,1228.0,1293.0,104.0,555.0,634.0,424.0,420.0,426.0,413.0,420.0,439.0,1604.0,1131.0,1096.0,104.0,555.0,634.0,424.0,420.0,426.0
0.0,3787.0,1337.0,1273.0,1241.0,1401.0,472.0,464.0,465.0,425.0,421.0,427.0,452.0,450.0,435.0,1592.0,1125.0,1070.0,472.0,464.0,465.0,425.0,421.0,427.0
0.0,3691.0,1405.0,1276.0,1293.0,1525.0,843.0,392.0,290.0,427.0,422.0,427.0,467.0,479.0,459.0,1228.0,1220.0,1243.0,843.0,392.0,290.0,427.0,422.0,427.0
0.0,3579.0,1259.0,1276.0,1401.0,1383.0,784.0,360.0,239.0,427.0,422.0,427.0,413.0,432.0,414.0,865.0,1296.0,1418.0,784.0,360.0,239.0,427.0,422.0,427.0
0.0,3721.0,1350.0,1277.0,1525.0,1212.0,394.0,437.0,381.0,427.0,423.0,427.0,453.0,465.0,432.0,924.0,1328.0,1469.0,394.0,437.0,381.0,427.0,423.0,427.0
0.0,3896.0,1239.0,1278.0,1383.0,1081.0,0.0,530.0,551.0,427.0,424.0,427.0,381.0,449.0,409.0,1314.0,1255.0,1327.0,0.0,530.0,551.0,427.0,424.0,427.0
0.0,4040.0,1336.0,1281.0,1212.0,1208.0,46.0,551.0,611.0,428.0,425.0,428.0,445.0,454.0,437.0,1717.0,1166.0,1157.0,46.0,551.0,611.0,428.0,425.0,428.0
0.0,3916.0,1366.0,1286.0,1081.0,1513.0,507.0,502.0,504.0,430.0,427.0,429.0,453.0,473.0,440.0,1666.0,1149.0,1101.0,507.0,502.0,504.0,430.0,427.0,429.0
0.0,3631.0,1301.0,1288.0,1208.0,1614.0,873.0,395.0,346.0,430.0,428.0,430.0,412.0,440.0,449.0,1213.0,1206.0,1212.0,873.0,395.0,346.0,430.0,428.0,430.0
0.0,3538.0,1339.0,1290.0,1513.0,1448.0,828.0,334.0,286.0,431.0,428.0,431.0,458.0,441.0,440.0,847.0,1317.0,1374.0,828.0,334.0,286.0,431.0,428.0,431.0
0.0,3712.0,1205.0,1291.0,1614.0,1043.0,374.0,367.0,302.0,432.0,429.0,430.0,415.0,424.0,366.0,896.0,1378.0,1438.0,374.0,367.0,302.0,432.0,429.0,430.0
0.0,4121.0,1278.0,1289.0,1448.0,885.0,0.0,476.0,409.0,431.0,429.0,429.0,438.0,443.0,397.0,1354.0,1349.0,1418.0,0.0,476.0,409.0,431.0,429.0,429.0
0.0,4291.0,1294.0,1291.0,1043.0,1124.0,66.0,554.0,504.0,432.0,430.0,429.0,456.0,441.0,397.0,1744.0,1240.0,1307.0,66.0,554.0,504.0,432.0,430.0,429.0
0.0,4040.0,1317.0,1295.0,885.0,1572.0,531.0,516.0,525.0,434.0,431.0,430.0,457.0,434.0,426.0,1662.0,1166.0,1212.0,531.0,516.0,525.0,434.0,431.0,430.0
0.0,3608.0,1318.0,1297.0,1124.0,1774.0,934.0,402.0,438.0,435.0,432.0,430.0,465.0,436.0,417.0,1205.0,1208.0,1195.0,934.0,402.0,438.0,435.0,432.0,430.0
0.0,3414.0,1262.0,1296.0,1572.0,1460.0,832.0,302.0,326.0,434.0,432.0,430.0,433.0,416.0,413.0,806.0,1326.0,1282.0,832.0,302.0,326.0,434.0,432.0,430.0
0.0,3724.0,1342.0,1296.0,1774.0,1028.0,353.0,346.0,329.0,434.0,432.0,430.0,455.0,446.0,441.0,904.0,1426.0,1394.0,353.0,346.0,329.0,434.0,432.0,430.0
0.0,4156.0,1406.0,1298.0,1460.0,992.0,0.0,537.0,455.0,434.0,433.0,431.0,469.0,489.0,448.0,1383.0,1382.0,1391.0,0.0,537.0,455.0,434.0,433.0,431.0
0.0,4210.0,1280.0,1299.0,1028.0,1238.0,80.0,622.0,536.0,435.0,433.0,431.0,439.0,431.0,410.0,1746.0,1195.0,1269.0,80.0,622.0,536.0,435.0,433.0,431.0
0.0,3958.0,1310.0,1298.0,992.0,1552.0,521.0,538.0,493.0,434.0,433.0,431.0,445.0,453.0,412.0,1660.0,1110.0,1188.0,521.0,538.0,493.0,434.0,433.0,431.0
0.0,3640.0,1262.0,1300.0,1238.0,1584.0,878.0,316.0,390.0,435.0,433.0,432.0,433.0,400.0,429.0,1215.0,1194.0,1231.0,878.0,316.0,390.0,435.0,433.0,432.0
0.0,3616.0,1306.0,1301.0,1552.0,1342.0,813.0,205.0,324.0,436.0,433.0,432.0,452.0,427.0,427.0,862.0,1416.0,1338.0,813.0,205.0,324.0,436.0,433.0,432.0
0.0,3862.0,1309.0,1301.0,1584.0,1067.0,381.0,335.0,351.0,436.0,433.0,432.0,446.0,446.0,417.0,931.0,1527.0,1404.0,381.0,335.0,351.0,436.0,433.0,432.0
0.0,4137.0,1351.0,1302.0,1342.0,1080.0,8.0,577.0,495.0,436.0,433.0,433.0,440.0,447.0,464.0,1363.0,1397.0,1377.0,8.0,577.0,495.0,436.0,433.0,433.0
0.0,4128.0,1310.0,1303.0,1067.0,1327.0,67.0,658.0,602.0,436.0,433.0,434.0,440.0,416.0,454.0,1736.0,1155.0,1237.0,67.0,658.0,602.0,436.0,433.0,434.0
0.0,3885.0,1347.0,1304.0,1080.0,1598.0,506.0,520.0,572.0,437.0,433.0,434.0,443.0,439.0,465.0,1677.0,1074.0,1134.0,506.0,520.0,572.0,437.0,433.0,434.0
0.0,3618.0,1233.0,1304.0,1327.0,1504.0,858.0,271.0,375.0,437.0,433.0,434.0,419.0,409.0,405.0,1242.0,1212.0,1164.0,858.0,271.0,375.0,437.0,433.0,434.0
0.0,3712.0,1304.0,1306.0,1598.0,1218.0,780.0,194.0,244.0,438.0,433.0,435.0,424.0,443.0,437.0,890.0,1461.0,1361.0,780.0,194.0,244.0,438.0,433.0,435.0
0.0,4006.0,1273.0,1305.0,1504.0,983.0,345.0,328.0,310.0,437.0,433.0,435.0,427.0,405.0,441.0,972.0,1538.0,1496.0,345.0,328.0,310.0,437.0,433.0,435.0
0.0,4237.0,1188.0,1303.0,1218.0,999.0,0.0,517.0,482.0,437.0,432.0,434.0,381.0,387.0,420.0,1403.0,1404.0,1430.0,0.0,517.0,482.0,437.0,432.0,434.0
0.0,4267.0,1337.0,1303.0,983.0,1299.0,21.0,613.0,665.0,437.0,431.0,435.0,420.0,428.0,489.0,1802.0,1211.0,1254.0,21.0,613.0,665.0,437.0,431.0,435.0
0.0,3913.0,1300.0,1305.0,999.0,1608.0,431.0,525.0,652.0,437.0,432.0,436.0,410.0,425.0,465.0,1727.0,1111.0,1075.0,431.0,525.0,652.0,437.0,432.0,436.0
0.0,3612.0,1331.0,1307.0,1299.0,1648.0,870.0,345.0,433.0,438.0,432.0,437.0,456.0,433.0,442.0,1317.0,1203.0,1092.0,870.0,345.0,433.0,438.0,432.0,437.0
0.0,3580.0,1352.0,1311.0,1608.0,1408.0,890.0,288.0,230.0,439.0,434.0,438.0,447.0,460.0,445.0,882.0,1383.0,1315.0,890.0,288.0,230.0,439.0,434.0,438.0
0.0,3836.0,1331.0,1313.0,1648.0,1099.0,456.0,398.0,245.0,440.0,435.0,438.0,432.0,451.0,448.0,866.0,1448.0,1522.0,456.0,398.0,245.0,440.0,435.0,438.0
0.0,4153.0,1361.0,1315.0,1408.0,1060.0,10.0,570.0,480.0,441.0,436.0,438.0,440.0,456.0,465.0,1304.0,1342.0,1507.0,10.0,570.0,480.0,441.0,436.0,438.0
0.0,4200.0,1384.0,1318.0,1099.0,1357.0,1.0,642.0,714.0,442.0,437.0,439.0,443.0,466.0,475.0,1754.0,1174.0,1272.0,1.0,642.0,714.0,442.0,437.0,439.0
0.0,3915.0,1427.0,1320.0,1060.0,1732.0,448.0,549.0,735.0,442.0,438.0,440.0,457.0,473.0,497.0,1767.0,1106.0,1042.0,448.0,549.0,735.0,442.0,438.0,440.0
0.0,3548.0,1395.0,1322.0,1357.0,1778.0,915.0,381.0,482.0,443.0,439.0,440.0,464.0,470.0,461.0,1320.0,1203.0,1025.0,915.0,381.0,482.0,443.0,439.0,440.0
0.0,3510.0,1340.0,1321.0,1732.0,1382.0,883.0,296.0,203.0,442.0,439.0,440.0,420.0,464.0,456.0,857.0,1375.0,1278.0,883.0,296.0,203.0,442.0,439.0,440.0
0.0,3902.0,1343.0,1322.0,1778.0,951.0,411.0,383.0,157.0,442.0,440.0,440.0,443.0,464.0,436.0,885.0,1460.0,1557.0,411.0,383.0,157.0,442.0,440.0,440.0
0.0,4337.0,1377.0,1322.0,1382.0,958.0,0.0,549.0,409.0,442.0,440.0,440.0,460.0,462.0,455.0,1357.0,1377.0,1603.0,0.0,549.0,409.0,442.0,440.0,440.0
0.0,4342.0,1476.0,1325.0,951.0,1483.0,88.0,647.0,748.0,443.0,441.0,441.0,507.0,477.0,492.0,1780.0,1211.0,1351.0,88.0,647.0,748.0,443.0,441.0,441.0
0.0,3817.0,1464.0,1328.0,958.0,2001.0,574.0,586.0,841.0,443.0,443.0,442.0,486.0,480.0,498.0,1684.0,1117.0,1016.0,574.0,586.0,841.0,443.0,443.0,442.0
0.0,3311.0,1543.0,1333.0,1483.0,2081.0,1021.0,457.0,603.0,445.0,445.0,443.0,527.0,510.0,506.0,1198.0,1186.0,927.0,1021.0,457.0,603.0,445.0,445.0,443.0
0.0,3251.0,1419.0,1334.0,2001.0,1503.0,914.0,366.0,223.0,445.0,446.0,443.0,467.0,491.0,461.0,759.0,1323.0,1169.0,914.0,366.0,223.0,445.0,446.0,443.0
0.0,3833.0,1473.0,1337.0,2081.0,907.0,394.0,407.0,106.0,446.0,447.0,444.0,497.0,494.0,482.0,866.0,1418.0,1549.0,394.0,407.0,106.0,446.0,447.0,444.0
0.0,4441.0,1351.0,1336.0,1503.0,856.0,0.0,514.0,342.0,445.0,447.0,444.0,419.0,473.0,459.0,1390.0,1381.0,1670.0,0.0,514.0,342.0,445.0,447.0,444.0
0.0,4593.0,1450.0,1337.0,907.0,1313.0,0.0,611.0,702.0,445.0,448.0,444.0,484.0,500.0,466.0,1885.0,1274.0,1434.0,0.0,611.0,702.0,445.0,448.0,444.0
0.0,4050.0,1465.0,1338.0,856.0,1911.0,483.0,584.0,844.0,446.0,448.0,444.0,494.0,487.0,484.0,1795.0,1181.0,1074.0,483.0,584.0,844.0,446.0,448.0,444.0
0.0,3441.0,1531.0,1342.0,1313.0,2145.0,1003.0,495.0,647.0,447.0,450.0,445.0,516.0,514.0,501.0,1301.0,1208.0,932.0,1003.0,495.0,647.0,447.0,450.0,445.0
0.0,3223.0,1228.0,1343.0,1911.0,1466.0,931.0,329.0,206.0,447.0,451.0,445.0,411.0,414.0,403.0,785.0,1305.0,1133.0,931.0,329.0,206.0,447.0,451.0,445.0
0.0,3906.0,1336.0,1342.0,2145.0,676.0,382.0,294.0,0.0,447.0,451.0,444.0,454.0,460.0,422.0,857.0,1475.0,1574.0,382.0,294.0,0.0,447.0,451.0,444.0
0.0,4715.0,1360.0,1344.0,1466.0,661.0,0.0,430.0,231.0,447.0,452.0,445.0,443.0,461.0,456.0,1406.0,1510.0,1799.0,0.0,430.0,231.0,447.0,452.0,445.0
0.0,4821.0,1330.0,1342.0,676.0,1274.0,0.0,598.0,676.0,446.0,451.0,445.0,419.0,466.0,445.0,1894.0,1378.0,1549.0,0.0,598.0,676.0,446.0,451.0,445.0
0.0,4167.0,1305.0,1344.0,661.0,1853.0,360.0,622.0,871.0,447.0,452.0,445.0,429.0,450.0,426.0,1857.0,1206.0,1104.0,360.0,622.0,871.0,447.0,452.0,445.0
0.0,3523.0,1345.0,1343.0,1274.0,1920.0,809.0,466.0,645.0,447.0,451.0,445.0,449.0,446.0,450.0,1428.0,1186.0,909.0,809.0,466.0,645.0,447.0,451.0,445.0
0.0,3452.0,1377.0,1345.0,1853.0,1452.0,923.0,286.0,243.0,448.0,451.0,446.0,470.0,442.0,465.0,979.0,1338.0,1135.0,923.0,286.0,243.0,448.0,451.0,446.0
0.0,3928.0,1398.0,1346.0,1920.0,934.0,572.0,313.0,49.0,448.0,452.0,446.0,458.0,489.0,451.0,869.0,1518.0,1541.0,572.0,313.0,49.0,448.0,452.0,446.0
0.0,4450.0,1332.0,1346.0,1452.0,814.0,82.0,475.0,257.0,448.0,451.0,447.0,433.0,452.0,447.0,1220.0,1495.0,1735.0,82.0,475.0,257.0,448.0,451.0,447.0
0.0,4570.0,1374.0,1348.0,934.0,1290.0,0.0,614.0,676.0,449.0,452.0,447.0,458.0,448.0,468.0,1710.0,1329.0,1531.0,0.0,614.0,676.0,449.0,452.0,447.0
0.0,4130.0,1432.0,1349.0,814.0,1884.0,365.0,616.0,903.0,449.0,452.0,448.0,475.0,477.0,480.0,1824.0,1194.0,1112.0,365.0,616.0,903.0,449.0,452.0,448.0
0.0,3512.0,1421.0,1354.0,1290.0,2035.0,852.0,474.0,709.0,451.0,453.0,450.0,479.0,468.0,474.0,1431.0,1192.0,889.0,852.0,474.0,709.0,451.0,453.0,450.0
0.0,3381.0,1387.0,1355.0,1884.0,1542.0,956.0,303.0,283.0,451.0,453.0,451.0,469.0,445.0,473.0,952.0,1338.0,1091.0,956.0,303.0,283.0,451.0,453.0,451.0
0.0,3878.0,1359.0,1357.0,2035.0,874.0,552.0,277.0,45.0,451.0,453.0,453.0,448.0,448.0,463.0,848.0,1509.0,1521.0,552.0,277.0,45.0,451.0,453.0,453.0
0.0,4554.0,1378.0,1358.0,1542.0,714.0,61.0,428.0,225.0,451.0,454.0,453.0,465.0,450.0,463.0,1252.0,1535.0,1767.0,61.0,428.0,225.0,451.0,454.0,453.0
0.0,4718.0,1402.0,1360.0,874.0,1250.0,5.0,597.0,648.0,452.0,454.0,454.0,492.0,446.0,464.0,1743.0,1388.0,1587.0,5.0,597.0,648.0,452.0,454.0,454.0
0.0,4190.0,1372.0,1361.0,714.0,1912.0,393.0,619.0,900.0,452.0,454.0,455.0,449.0,450.0,473.0,1803.0,1219.0,1168.0,393.0,619.0,900.0,452.0,454.0,455.0
0.0,3532.0,1400.0,1363.0,1250.0,2070.0,856.0,481.0,733.0,452.0,455.0,456.0,468.0,455.0,477.0,1415.0,1197.0,920.0,856.0,481.0,733.0,452.0,455.0,456.0
0.0,3382.0,1447.0,1364.0,1912.0,1609.0,971.0,321.0,317.0,453.0,454.0,457.0,504.0,463.0,480.0,952.0,1339.0,1091.0,971.0,321.0,317.0,453.0,454.0,457.0
0.0,3847.0,1354.0,1365.0,2070.0,897.0,568.0,276.0,53.0,453.0,454.0,458.0,453.0,436.0,465.0,841.0,1495.0,1511.0,568.0,276.0,53.0,453.0,454.0,458.0
0.0,4563.0,1438.0,1368.0,1609.0,738.0,78.0,432.0,228.0,454.0,455.0,459.0,477.0,473.0,488.0,1244.0,1540.0,1779.0,78.0,432.0,228.0,454.0,455.0,459.0
0.0,4734.0,1440.0,1371.0,897.0,1298.0,0.0,635.0,663.0,455.0,456.0,460.0,481.0,475.0,484.0,1738.0,1388.0,1608.0,0.0,635.0,663.0,455.0,456.0,460.0
0.0,4191.0,1406.0,1373.0,738.0,1969.0,405.0,673.0,891.0,455.0,457.0,461.0,488.0,466.0,452.0,1825.0,1189.0,1177.0,405.0,673.0,891.0,455.0,457.0,461.0
0.0,3523.0,1434.0,1375.0,1298.0,2113.0,879.0,512.0,722.0,456.0,457.0,462.0,470.0,474.0,490.0,1415.0,1155.0,953.0,879.0,512.0,722.0,456.0,457.0,462.0
0.0,3387.0,1313.0,1375.0,1969.0,1457.0,911.0,279.0,267.0,456.0,457.0,462.0,437.0,440.0,436.0,945.0,1316.0,1126.0,911.0,279.0,267.0,456.0,457.0,462.0
0.0,4043.0,1547.0,1379.0,2113.0,907.0,542.0,276.0,89.0,457.0,459.0,463.0,506.0,501.0,540.0,913.0,1549.0,1581.0,542.0,276.0,89.0,457.0,459.0,463.0
0.0,4609.0,1477.0,1382.0,1457.0,939.0,131.0,484.0,324.0,458.0,460.0,464.0,496.0,483.0,498.0,1286.0,1560.0,1763.0,131.0,484.0,324.0,458.0,460.0,464.0
0.0,4589.0,1329.0,1383.0,907.0,1365.0,7.0,651.0,707.0,458.0,460.0,465.0,418.0,443.0,468.0,1701.0,1356.0,1532.0,7.0,651.0,707.0,458.0,460.0,465.0
0.0,4167.0,1501.0,1387.0,939.0,1943.0,364.0,664.0,915.0,459.0,461.0,467.0,484.0,493.0,524.0,1825.0,1189.0,1153.0,364.0,664.0,915.0,459.0,461.0,467.0
0.0,3605.0,1347.0,1388.0,1365.0,1929.0,792.0,485.0,652.0,459.0,462.0,467.0,435.0,468.0,444.0,1472.0,1180.0,953.0,792.0,485.0,652.0,459.0,462.0,467.0
0.0,3623.0,1323.0,1390.0,1943.0,1317.0,861.0,262.0,194.0,460.0,463.0,467.0,429.0,437.0,457.0,1044.0,1363.0,1216.0,861.0,262.0,194.0,460.0,463.0,467.0
0.0,4243.0,1501.0,1394.0,1929.0,905.0,550.0,294.0,61.0,461.0,465.0,468.0,477.0,509.0,515.0,979.0,1590.0,1674.0,550.0,294.0,61.0,461.0,465.0,468.0
0.0,4671.0,1374.0,1396.0,1317.0,970.0,142.0,490.0,338.0,462.0,466.0,468.0,449.0,454.0,471.0,1294.0,1566.0,1811.0,142.0,490.0,338.0,462.0,466.0,468.0
0.0,4614.0,1405.0,1397.0,905.0,1474.0,32.0,670.0,772.0,462.0,466.0,469.0,440.0,474.0,491.0,1706.0,1374.0,1534.0,32.0,670.0,772.0,462.0,466.0,469.0
0.0,4114.0,1451.0,1400.0,970.0,1967.0,382.0,667.0,918.0,463.0,467.0,470.0,488.0,483.0,480.0,1816.0,1194.0,1104.0,382.0,667.0,918.0,463.0,467.0,470.0
0.0,3633.0,1395.0,1400.0,1474.0,1888.0,822.0,471.0,595.0,463.0,467.0,470.0,472.0,474.0,449.0,1470.0,1201.0,962.0,822.0,471.0,595.0,463.0,467.0,470.0
0.0,3712.0,1434.0,1402.0,1967.0,1363.0,895.0,300.0,168.0,464.0,468.0,470.0,451.0,492.0,491.0,1030.0,1397.0,1285.0,895.0,300.0,168.0,464.0,468.0,470.0
0.0,4245.0,1439.0,1402.0,1888.0,914.0,555.0,304.0,55.0,464.0,468.0,470.0,482.0,475.0,482.0,961.0,1572.0,1712.0,555.0,304.0,55.0,464.0,468.0,470.0
0.0,4694.0,1471.0,1404.0,1363.0,1030.0,159.0,516.0,355.0,465.0,469.0,470.0,495.0,508.0,468.0,1301.0,1568.0,1825.0,159.0,516.0,355.0,465.0,469.0,470.0
0.0,4586.0,1398.0,1404.0,914.0,1514.0,72.0,675.0,767.0,465.0,469.0,470.0,468.0,463.0,467.0,1701.0,1360.0,1525.0,72.0,675.0,767.0,465.0,469.0,470.0
0.0,4102.0,1476.0,1406.0,1030.0,1968.0,406.0,647.0,915.0,466.0,469.0,471.0,489.0,488.0,499.0,1788.0,1201.0,1113.0,406.0,647.0,915.0,466.0,469.0,471.0
0.0,3656.0,1467.0,1409.0,1514.0,1933.0,831.0,468.0,634.0,467.0,470.0,472.0,493.0,492.0,482.0,1458.0,1229.0,969.0,831.0,468.0,634.0,467.0,470.0,472.0
0.0,3703.0,1460.0,1410.0,1968.0,1429.0,937.0,301.0,191.0,468.0,470.0,472.0,508.0,480.0,472.0,1037.0,1412.0,1254.0,937.0,301.0,191.0,468.0,470.0,472.0
0.0,4211.0,1490.0,1410.0,1933.0,986.0,615.0,317.0,54.0,468.0,470.0,472.0,509.0,484.0,497.0,935.0,1579.0,1697.0,615.0,317.0,54.0,468.0,470.0,472.0
0.0,4654.0,1495.0,1411.0,1429.0,1056.0,214.0,491.0,351.0,469.0,470.0,472.0,532.0,475.0,488.0,1257.0,1563.0,1834.0,214.0,491.0,351.0,469.0,470.0,472.0
0.0,4588.0,1426.0,1409.0,986.0,1488.0,88.0,625.0,775.0,469.0,469.0,471.0,489.0,455.0,482.0,1662.0,1389.0,1537.0,88.0,625.0,775.0,469.0,469.0,471.0
0.0,4148.0,1351.0,1407.0,1056.0,1775.0,331.0,587.0,857.0,468.0,468.0,471.0,461.0,457.0,433.0,1788.0,1251.0,1109.0,331.0,587.0,857.0,468.0,468.0,471.0
0.0,3853.0,1484.0,1408.0,1488.0,1775.0,771.0,424.0,580.0,469.0,468.0,471.0,524.0,462.0,498.0,1541.0,1285.0,1027.0,771.0,424.0,580.0,469.0,468.0,471.0
0.0,3857.0,1569.0,1412.0,1775.0,1585.0,983.0,359.0,243.0,471.0,469.0,472.0,535.0,518.0,516.0,1105.0,1448.0,1304.0,983.0,359.0,243.0,471.0,469.0,472.0
0.0,4063.0,1402.0,1411.0,1775.0,1208.0,704.0,380.0,124.0,471.0,468.0,472.0,492.0,449.0,461.0,901.0,1517.0,1645.0,704.0,380.0,124.0,471.0,468.0,472.0
0.0,4436.0,1409.0,1410.0,1585.0,1028.0,205.0,482.0,341.0,471.0,467.0,472.0,484.0,465.0,460.0,1180.0,1492.0,1764.0,205.0,482.0,341.0,471.0,467.0,472.0
0.0,4612.0,1442.0,1408.0,1208.0,1254.0,5.0,571.0,678.0,471.0,466.0,471.0,504.0,473.0,465.0,1679.0,1386.0,1547.0,5.0,571.0,678.0,471.0,466.0,471.0
0.0,4378.0,1369.0,1411.0,1028.0,1607.0,278.0,537.0,792.0,472.0,467.0,472.0,474.0,444.0,451.0,1879.0,1293.0,1206.0,278.0,537.0,792.0,472.0,467.0,472.0
0.0,4037.0,1439.0,1413.0,1254.0,1800.0,760.0,446.0,594.0,473.0,467.0,473.0,483.0,480.0,476.0,1610.0,1331.0,1096.0,760.0,446.0,594.0,473.0,467.0,473.0
0.0,3852.0,1372.0,1413.0,1607.0,1565.0,934.0,379.0,252.0,473.0,467.0,473.0,452.0,470.0,450.0,1132.0,1422.0,1298.0,934.0,379.0,252.0,473.0,467.0,473.0
0.0,4087.0,1472.0,1416.0,1800.0,1249.0,679.0,424.0,146.0,474.0,468.0,474.0,501.0,487.0,484.0,958.0,1489.0,1640.0,679.0,424.0,146.0,474.0,468.0,474.0
0.0,4415.0,1481.0,1419.0,1565.0,1177.0,226.0,572.0,379.0,475.0,469.0,475.0,477.0,523.0,481.0,1217.0,1448.0,1750.0,226.0,572.0,379.0,475.0,469.0,475.0
0.0,4499.0,1441.0,1421.0,1249.0,1377.0,12.0,645.0,720.0,476.0,470.0,475.0,461.0,493.0,487.0,1674.0,1304.0,1521.0,12.0,645.0,720.0,476.0,470.0,475.0
0.0,4307.0,1421.0,1421.0,1177.0,1621.0,242.0,575.0,804.0,475.0,471.0,475.0,460.0,498.0,463.0,1892.0,1235.0,1180.0,242.0,575.0,804.0,475.0,471.0,475.0
0.0,4063.0,1389.0,1423.0,1377.0,1641.0,704.0,383.0,554.0,476.0,471.0,476.0,470.0,453.0,466.0,1658.0,1309.0,1096.0,704.0,383.0,554.0,476.0,471.0,476.0
0.0,4051.0,1423.0,1423.0,1621.0,1443.0,934.0,293.0,216.0,476.0,471.0,476.0,472.0,485.0,466.0,1200.0,1501.0,1350.0,934.0,293.0,216.0,476.0,471.0,476.0
0.0,4249.0,1439.0,1425.0,1641.0,1249.0,709.0,400.0,140.0,477.0,472.0,476.0,475.0,486.0,478.0,970.0,1591.0,1688.0,709.0,400.0,140.0,477.0,472.0,476.0
0.0,4451.0,1418.0,1425.0,1443.0,1224.0,256.0,590.0,378.0,477.0,472.0,476.0,481.0,483.0,454.0,1199.0,1488.0,1764.0,256.0,590.0,378.0,477.0,472.0,476.0
0.0,4476.0,1495.0,1426.0,1249.0,1474.0,24.0,716.0,734.0,477.0,473.0,476.0,477.0,522.0,496.0,1652.0,1298.0,1526.0,24.0,716.0,734.0,477.0,473.0,476.0
0.0,4230.0,1505.0,1428.0,1224.0,1763.0,260.0,646.0,857.0,477.0,474.0,477.0,492.0,516.0,497.0,1884.0,1176.0,1170.0,260.0,646.0,857.0,477.0,474.0,477.0
0.0,3949.0,1600.0,1433.0,1474.0,1909.0,765.0,484.0,660.0,479.0,476.0,478.0,521.0,546.0,533.0,1648.0,1250.0,1051.0,765.0,484.0,660.0,479.0,476.0,478.0
0.0,3823.0,1476.0,1434.0,1763.0,1626.0,1001.0,344.0,281.0,479.0,477.0,478.0,496.0,502.0,478.0,1151.0,1420.0,1252.0,1001.0,344.0,281.0,479.0,477.0,478.0
0.0,4110.0,1515.0,1437.0,1909.0,1244.0,746.0,370.0,128.0,480.0,478.0,479.0,506.0,506.0,503.0,915.0,1564.0,1631.0,746.0,370.0,128.0,480.0,478.0,479.0
0.0,4504.0,1533.0,1440.0,1626.0,1163.0,266.0,532.0,365.0,481.0,479.0,480.0,517.0,502.0,514.0,1174.0,1542.0,1788.0,266.0,532.0,365.0,481.0,479.0,480.0
0.0,4597.0,1469.0,1441.0,1244.0,1392.0,13.0,659.0,720.0,481.0,480.0,480.0,493.0,493.0,483.0,1658.0,1384.0,1555.0,13.0,659.0,720.0,481.0,480.0,480.0
0.0,4372.0,1499.0,1443.0,1163.0,1736.0,265.0,622.0,849.0,482.0,481.0,480.0,514.0,491.0,494.0,1911.0,1261.0,1200.0,265.0,622.0,849.0,482.0,481.0,480.0
0.0,4036.0,1380.0,1443.0,1392.0,1724.0,718.0,434.0,572.0,482.0,481.0,480.0,466.0,471.0,443.0,1663.0,1302.0,1071.0,718.0,434.0,572.0,482.0,481.0,480.0
0.0,4048.0,1518.0,1444.0,1736.0,1510.0,944.0,330.0,236.0,482.0,482.0,480.0,491.0,514.0,513.0,1210.0,1490.0,1348.0,944.0,330.0,236.0,482.0,482.0,480.0
0.0,4266.0,1472.0,1444.0,1724.0,1258.0,714.0,381.0,163.0,482.0,482.0,480.0,488.0,485.0,499.0,984.0,1598.0,1684.0,714.0,381.0,163.0,482.0,482.0,480.0
0.0,4518.0,1461.0,1446.0,1510.0,1217.0,253.0,533.0,431.0,482.0,483.0,481.0,483.0,478.0,500.0,1214.0,1547.0,1757.0,253.0,533.0,431.0,482.0,483.0,481.0
0.0,4567.0,1418.0,1446.0,1258.0,1380.0,0.0,621.0,759.0,482.0,483.0,481.0,458.0,469.0,491.0,1675.0,1399.0,1493.0,0.0,621.0,759.0,482.0,483.0,481.0
0.0,4407.0,1302.0,1445.0,1217.0,1458.0,193.0,511.0,754.0,482.0,482.0,481.0,449.0,427.0,426.0,1931.0,1311.0,1165.0,193.0,511.0,754.0,482.0,482.0,481.0
0.0,4322.0,1507.0,1445.0,1380.0,1585.0,684.0,381.0,520.0,482.0,482.0,481.0,491.0,491.0,525.0,1735.0,1417.0,1170.0,684.0,381.0,520.0,482.0,482.0,481.0
0.0,4195.0,1401.0,1444.0,1458.0,1524.0,934.0,334.0,256.0,481.0,482.0,481.0,447.0,464.0,490.0,1244.0,1547.0,1404.0,934.0,334.0,256.0,481.0,482.0,481.0
0.0,4252.0,1550.0,1447.0,1585.0,1501.0,759.0,476.0,266.0,482.0,483.0,482.0,505.0,519.0,526.0,990.0,1594.0,1668.0,759.0,476.0,266.0,482.0,483.0,482.0
0.0,4287.0,1451.0,1447.0,1524.0,1428.0,317.0,607.0,504.0,483.0,483.0,481.0,488.0,465.0,498.0,1169.0,1456.0,1662.0,317.0,607.0,504.0,483.0,483.0,481.0
0.0,4360.0,1420.0,1448.0,1501.0,1351.0,38.0,593.0,720.0,483.0,483.0,482.0,480.0,462.0,478.0,1615.0,1325.0,1420.0,38.0,593.0,720.0,483.0,483.0,482.0
0.0,4441.0,1474.0,1452.0,1428.0,1413.0,214.0,480.0,719.0,485.0,484.0,483.0,485.0,490.0,499.0,1894.0,1339.0,1208.0,214.0,480.0,719.0,485.0,484.0,483.0
0.0,4395.0,1490.0,1451.0,1351.0,1548.0,668.0,373.0,507.0,485.0,483.0,483.0,492.0,490.0,508.0,1726.0,1456.0,1213.0,668.0,373.0,507.0,485.0,483.0,483.0
0.0,4256.0,1486.0,1453.0,1413.0,1629.0,964.0,370.0,295.0,486.0,484.0,483.0,506.0,473.0,507.0,1272.0,1559.0,1425.0,964.0,370.0,295.0,486.0,484.0,483.0
0.0,4183.0,1343.0,1452.0,1548.0,1420.0,741.0,433.0,246.0,486.0,483.0,483.0,445.0,440.0,458.0,980.0,1566.0,1637.0,741.0,433.0,246.0,486.0,483.0,483.0
0.0,4388.0,1493.0,1452.0,1629.0,1284.0,281.0,546.0,457.0,486.0,483.0,483.0,504.0,483.0,506.0,1203.0,1499.0,1686.0,281.0,546.0,457.0,486.0,483.0,483.0
0.0,4524.0,1369.0,1452.0,1420.0,1241.0,0.0,574.0,667.0,486.0,483.0,483.0,452.0,461.0,456.0,1663.0,1386.0,1475.0,0.0,574.0,667.0,486.0,483.0,483.0
0.0,4575.0,1448.0,1452.0,1284.0,1397.0,208.0,506.0,683.0,487.0,482.0,483.0,493.0,482.0,473.0,1952.0,1358.0,1265.0,208.0,506.0,683.0,487.0,482.0,483.0
0.0,4411.0,1424.0,1452.0,1241.0,1580.0,682.0,409.0,489.0,487.0,482.0,483.0,474.0,477.0,473.0,1740.0,1422.0,1249.0,682.0,409.0,489.0,487.0,482.0,483.0
0.0,4228.0,1570.0,1454.0,1397.0,1761.0,1004.0,433.0,324.0,487.0,483.0,484.0,530.0,526.0,514.0,1266.0,1519.0,1443.0,1004.0,433.0,324.0,487.0,483.0,484.0
0.0,4055.0,1515.0,1456.0,1580.0,1704.0,829.0,540.0,335.0,488.0,484.0,484.0,503.0,512.0,500.0,944.0,1499.0,1612.0,829.0,540.0,335.0,488.0,484.0,484.0
0.0,4120.0,1500.0,1456.0,1761.0,1443.0,335.0,624.0,484.0,488.0,484.0,484.0,510.0,517.0,473.0,1123.0,1396.0,1601.0,335.0,624.0,484.0,488.0,484.0,484.0
0.0,4381.0,1516.0,1458.0,1704.0,1263.0,33.0,595.0,635.0,489.0,485.0,484.0,523.0,507.0,486.0,1617.0,1312.0,1452.0,33.0,595.0,635.0,489.0,485.0,484.0
0.0,4569.0,1559.0,1459.0,1443.0,1383.0,231.0,483.0,669.0,489.0,485.0,485.0,533.0,512.0,514.0,1923.0,1345.0,1301.0,231.0,483.0,669.0,489.0,485.0,485.0
0.0,4453.0,1563.0,1461.0,1263.0,1691.0,729.0,405.0,557.0,490.0,486.0,485.0,527.0,513.0,523.0,1725.0,1457.0,1271.0,729.0,405.0,557.0,490.0,486.0,485.0
0.0,4153.0,1562.0,1463.0,1383.0,1878.0,1029.0,446.0,403.0,490.0,487.0,486.0,531.0,520.0,511.0,1231.0,1539.0,1383.0,1029.0,446.0,403.0,490.0,487.0,486.0
0.0,3974.0,1493.0,1464.0,1691.0,1684.0,802.0,545.0,337.0,490.0,488.0,486.0,502.0,500.0,491.0,931.0,1502.0,1541.0,802.0,545.0,337.0,490.0,488.0,486.0
0.0,4172.0,1601.0,1468.0,1878.0,1423.0,330.0,651.0,442.0,492.0,489.0,487.0,549.0,548.0,504.0,1158.0,1407.0,1607.0,330.0,651.0,442.0,492.0,489.0,487.0
0.0,4449.0,1566.0,1471.0,1684.0,1317.0,47.0,649.0,621.0,492.0,491.0,488.0,519.0,535.0,512.0,1638.0,1305.0,1506.0,47.0,649.0,621.0,492.0,491.0,488.0
0.0,4567.0,1570.0,1470.0,1423.0,1460.0,254.0,523.0,683.0,492.0,491.0,487.0,537.0,525.0,508.0,1921.0,1315.0,1331.0,254.0,523.0,683.0,492.0,491.0,487.0
0.0,4420.0,1573.0,1473.0,1317.0,1728.0,743.0,393.0,592.0,492.0,492.0,489.0,536.0,515.0,522.0,1714.0,1441.0,1265.0,743.0,393.0,592.0,492.0,492.0,489.0
0.0,4164.0,1560.0,1476.0,1460.0,1840.0,998.0,430.0,412.0,493.0,494.0,489.0,505.0,552.0,503.0,1225.0,1575.0,1364.0,998.0,430.0,412.0,493.0,494.0,489.0
0.0,4064.0,1586.0,1479.0,1728.0,1710.0,762.0,572.0,376.0,493.0,495.0,491.0,507.0,531.0,548.0,974.0,1546.0,1544.0,762.0,572.0,376.0,493.0,495.0,491.0
0.0,4206.0,1568.0,1483.0,1840.0,1454.0,278.0,702.0,474.0,494.0,497.0,492.0,510.0,552.0,506.0,1210.0,1408.0,1588.0,278.0,702.0,474.0,494.0,497.0,492.0
0.0,4478.0,1670.0,1487.0,1710.0,1430.0,58.0,694.0,678.0,495.0,498.0,494.0,538.0,560.0,572.0,1698.0,1286.0,1494.0,58.0,694.0,678.0,495.0,498.0,494.0
0.0,4518.0,1528.0,1490.0,1454.0,1516.0,268.0,547.0,701.0,495.0,500.0,495.0,488.0,547.0,493.0,1922.0,1298.0,1298.0,268.0,547.0,701.0,495.0,500.0,495.0
0.0,4444.0,1535.0,1491.0,1430.0,1625.0,718.0,378.0,529.0,495.0,501.0,495.0,508.0,521.0,506.0,1712.0,1453.0,1279.0,718.0,378.0,529.0,495.0,501.0,495.0
0.0,4339.0,1517.0,1492.0,1516.0,1630.0,949.0,333.0,348.0,496.0,500.0,496.0,495.0,506.0,516.0,1262.0,1626.0,1451.0,949.0,333.0,348.0,496.0,500.0,496.0
0.0,4338.0,1562.0,1495.0,1625.0,1579.0,743.0,479.0,357.0,497.0,501.0,497.0,508.0,520.0,534.0,1035.0,1667.0,1636.0,743.0,479.0,357.0,497.0,501.0,497.0
0.0,4401.0,1549.0,1497.0,1630.0,1506.0,302.0,666.0,538.0,498.0,501.0,498.0,504.0,520.0,525.0,1245.0,1525.0,1631.0,302.0,666.0,538.0,498.0,501.0,498.0
0.0,4482.0,1500.0,1499.0,1579.0,1435.0,43.0,700.0,692.0,498.0,502.0,499.0,484.0,509.0,507.0,1690.0,1338.0,1454.0,43.0,700.0,692.0,498.0,502.0,499.0
0.0,4561.0,1498.0,1500.0,1506.0,1431.0,240.0,548.0,643.0,498.0,503.0,499.0,499.0,510.0,489.0,1949.0,1308.0,1304.0,240.0,548.0,643.0,498.0,503.0,499.0
0.0,4569.0,1502.0,1502.0,1435.0,1506.0,700.0,348.0,458.0,499.0,503.0,500.0,499.0,500.0,503.0,1752.0,1464.0,1353.0,700.0,348.0,458.0,499.0,503.0,500.0
0.0,4502.0,1515.0,1504.0,1431.0,1598.0,940.0,326.0,332.0,499.0,504.0,501.0,480.0,522.0,513.0,1296.0,1664.0,1542.0,940.0,326.0,332.0,499.0,504.0,501.0
0.0,4418.0,1483.0,1503.0,1506.0,1571.0,734.0,477.0,360.0,499.0,503.0,501.0,494.0,503.0,486.0,1056.0,1690.0,1672.0,734.0,477.0,360.0,499.0,503.0,501.0
0.0,4441.0,1529.0,1504.0,1598.0,1506.0,294.0,674.0,538.0,499.0,504.0,501.0,500.0,519.0,510.0,1262.0,1535.0,1644.0,294.0,674.0,538.0,499.0,504.0,501.0
0.0,4510.0,1516.0,1502.0,1571.0,1443.0,74.0,669.0,700.0,499.0,502.0,501.0,514.0,480.0,522.0,1702.0,1342.0,1466.0,74.0,669.0,700.0,499.0,502.0,501.0
0.0,4565.0,1611.0,1505.0,1506.0,1560.0,304.0,531.0,725.0,500.0,503.0,502.0,520.0,532.0,559.0,1922.0,1339.0,1304.0,304.0,531.0,725.0,500.0,503.0,502.0
0.0,4460.0,1467.0,1503.0,1443.0,1576.0,714.0,321.0,541.0,499.0,502.0,502.0,488.0,463.0,516.0,1696.0,1481.0,1283.0,714.0,321.0,541.0,499.0,502.0,502.0
0.0,4436.0,1514.0,1503.0,1560.0,1530.0,920.0,280.0,330.0,499.0,502.0,502.0,510.0,490.0,514.0,1282.0,1687.0,1467.0,920.0,280.0,330.0,499.0,502.0,502.0
0.0,4482.0,1646.0,1507.0,1576.0,1616.0,790.0,476.0,350.0,501.0,502.0,504.0,576.0,517.0,553.0,1076.0,1728.0,1678.0,790.0,476.0,350.0,501.0,502.0,504.0
0.0,4412.0,1534.0,1507.0,1530.0,1620.0,398.0,676.0,546.0,501.0,502.0,504.0,528.0,480.0,526.0,1214.0,1532.0,1666.0,398.0,676.0,546.0,501.0,502.0,504.0
0.0,4408.0,1624.0,1512.0,1616.0,1648.0,176.0,715.0,757.0,503.0,503.0,506.0,560.0,511.0,553.0,1606.0,1332.0,1470.0,176.0,715.0,757.0,503.0,503.0,506.0
0.0,4400.0,1591.0,1514.0,1620.0,1627.0,326.0,561.0,740.0,504.0,503.0,507.0,544.0,522.0,525.0,1836.0,1297.0,1267.0,326.0,561.0,740.0,504.0,503.0,507.0
0.0,4429.0,1551.0,1515.0,1648.0,1534.0,693.0,343.0,498.0,505.0,503.0,507.0,539.0,497.0,515.0,1690.0,1451.0,1288.0,693.0,343.0,498.0,505.0,503.0,507.0
0.0,4526.0,1501.0,1516.0,1627.0,1412.0,862.0,288.0,262.0,505.0,504.0,507.0,495.0,502.0,504.0,1327.0,1669.0,1530.0,862.0,288.0,262.0,505.0,504.0,507.0
0.0,4652.0,1392.0,1515.0,1534.0,1266.0,633.0,390.0,243.0,505.0,503.0,507.0,464.0,449.0,479.0,1158.0,1728.0,1766.0,633.0,390.0,243.0,505.0,503.0,507.0
0.0,4794.0,1573.0,1521.0,1412.0,1451.0,309.0,630.0,512.0,507.0,505.0,509.0,530.0,520.0,523.0,1387.0,1622.0,1785.0,309.0,630.0,512.0,507.0,505.0,509.0
0.0,4633.0,1413.0,1518.0,1266.0,1586.0,143.0,695.0,748.0,506.0,504.0,508.0,471.0,459.0,483.0,1719.0,1390.0,1524.0,143.0,695.0,748.0,506.0,504.0,508.0
0.0,4486.0,1596.0,1523.0,1451.0,1751.0,368.0,613.0,770.0,508.0,506.0,509.0,526.0,540.0,530.0,1881.0,1321.0,1284.0,368.0,613.0,770.0,508.0,506.0,509.0
0.0,4341.0,1478.0,1520.0,1586.0,1631.0,707.0,410.0,514.0,507.0,505.0,508.0,486.0,496.0,496.0,1664.0,1411.0,1266.0,707.0,410.0,514.0,507.0,505.0,508.0
0.0,4449.0,1546.0,1523.0,1751.0,1438.0,852.0,309.0,277.0,508.0,506.0,509.0,509.0,508.0,529.0,1321.0,1610.0,1518.0,852.0,309.0,277.0,508.0,506.0,509.0
0.0,4654.0,1557.0,1525.0,1631.0,1372.0,650.0,442.0,280.0,508.0,508.0,509.0,505.0,535.0,517.0,1180.0,1715.0,1759.0,650.0,442.0,280.0,508.0,508.0,509.0
0.0,4728.0,1485.0,1526.0,1438.0,1423.0,254.0,655.0,514.0,508.0,508.0,510.0,456.0,522.0,507.0,1382.0,1590.0,1756.0,254.0,655.0,514.0,508.0,508.0,510.0
0.0,4681.0,1490.0,1527.0,1372.0,1545.0,81.0,723.0,741.0,508.0,509.0,510.0,477.0,506.0,507.0,1778.0,1377.0,1526.0,81.0,723.0,741.0,508.0,509.0,510.0
0.0,4563.0,1676.0,1529.0,1423.0,1806.0,376.0,637.0,793.0,508.0,510.0,511.0,549.0,565.0,562.0,1951.0,1313.0,1299.0,376.0,637.0,793.0,508.0,510.0,511.0
0.0,4310.0,1515.0,1534.0,1545.0,1796.0,811.0,428.0,557.0,510.0,512.0,512.0,508.0,506.0,501.0,1656.0,1403.0,1251.0,811.0,428.0,557.0,510.0,512.0,512.0
0.0,4340.0,1503.0,1533.0,1806.0,1489.0,941.0,309.0,239.0,510.0,512.0,511.0,506.0,518.0,479.0,1229.0,1620.0,1491.0,941.0,309.0,239.0,510.0,512.0,511.0
0.0,4643.0,1615.0,1538.0,1796.0,1328.0,665.0,432.0,231.0,511.0,514.0,513.0,531.0,543.0,541.0,1099.0,1739.0,1805.0,665.0,432.0,231.0,511.0,514.0,513.0
0.0,4824.0,1578.0,1540.0,1489.0,1425.0,261.0,656.0,508.0,512.0,515.0,513.0,533.0,529.0,516.0,1379.0,1624.0,1821.0,261.0,656.0,508.0,512.0,515.0,513.0
0.0,4735.0,1625.0,1544.0,1328.0,1738.0,143.0,765.0,830.0,513.0,516.0,515.0,543.0,537.0,545.0,1787.0,1404.0,1544.0,143.0,765.0,830.0,513.0,516.0,515.0
0.0,4438.0,1579.0,1544.0,1425.0,1892.0,399.0,659.0,834.0,513.0,516.0,515.0,517.0,550.0,512.0,1909.0,1299.0,1230.0,399.0,659.0,834.0,513.0,516.0,515.0
0.0,4284.0,1593.0,1545.0,1738.0,1751.0,777.0,447.0,527.0,513.0,517.0,515.0,521.0,549.0,523.0,1653.0,1405.0,1226.0,777.0,447.0,527.0,513.0,517.0,515.0
0.0,4429.0,1545.0,1546.0,1892.0,1408.0,896.0,322.0,190.0,513.0,517.0,516.0,518.0,534.0,493.0,1275.0,1621.0,1533.0,896.0,322.0,190.0,513.0,517.0,516.0
0.0,4776.0,1574.0,1547.0,1751.0,1235.0,630.0,410.0,195.0,513.0,518.0,516.0,511.0,531.0,532.0,1156.0,1746.0,1874.0,630.0,410.0,195.0,513.0,518.0,516.0
0.0,4953.0,1540.0,1547.0,1408.0,1367.0,260.0,614.0,493.0,513.0,518.0,516.0,526.0,526.0,488.0,1422.0,1662.0,1869.0,260.0,614.0,493.0,513.0,518.0,516.0
0.0,4821.0,1676.0,1549.0,1235.0,1816.0,213.0,758.0,845.0,514.0,519.0,516.0,579.0,550.0,547.0,1792.0,1458.0,1571.0,213.0,758.0,845.0,514.0,519.0,516.0
0.0,4380.0,1592.0,1550.0,1367.0,2045.0,473.0,671.0,901.0,514.0,519.0,517.0,520.0,527.0,545.0,1843.0,1318.0,1219.0,473.0,671.0,901.0,514.0,519.0,517.0
0.0,4155.0,1641.0,1552.0,1816.0,1878.0,824.0,437.0,617.0,515.0,519.0,518.0,560.0,524.0,557.0,1583.0,1405.0,1167.0,824.0,437.0,617.0,515.0,519.0,518.0
0.0,4330.0,1584.0,1553.0,2045.0,1421.0,902.0,287.0,232.0,515.0,519.0,519.0,551.0,521.0,512.0,1236.0,1639.0,1455.0,902.0,287.0,232.0,515.0,519.0,519.0
0.0,4791.0,1690.0,1554.0,1878.0,1237.0,665.0,398.0,174.0,516.0,519.0,519.0,583.0,548.0,559.0,1158.0,1789.0,1844.0,665.0,398.0,174.0,516.0,519.0,519.0
0.0,4979.0,1702.0,1558.0,1421.0,1534.0,345.0,670.0,519.0,517.0,520.0,521.0,578.0,555.0,569.0,1399.0,1678.0,1902.0,345.0,670.0,519.0,517.0,520.0,521.0
0.0,4698.0,1611.0,1558.0,1237.0,1908.0,231.0,798.0,879.0,517.0,520.0,521.0,551.0,526.0,534.0,1723.0,1410.0,1565.0,231.0,798.0,879.0,517.0,520.0,521.0
0.0,4324.0,1645.0,1560.0,1534.0,2027.0,454.0,662.0,911.0,518.0,520.0,522.0,564.0,534.0,547.0,1837.0,1282.0,1205.0,454.0,662.0,911.0,518.0,520.0,522.0
0.0,4213.0,1531.0,1559.0,1908.0,1646.0,745.0,363.0,538.0,519.0,519.0,521.0,518.0,503.0,510.0,1618.0,1418.0,1177.0,745.0,363.0,538.0,519.0,519.0,521.0
0.0,4590.0,1699.0,1561.0,2027.0,1326.0,873.0,246.0,207.0,520.0,519.0,522.0,578.0,545.0,576.0,1331.0,1713.0,1546.0,873.0,246.0,207.0,520.0,519.0,522.0
0.0,4918.0,1656.0,1561.0,1646.0,1336.0,673.0,452.0,211.0,520.0,519.0,522.0,545.0,569.0,542.0,1207.0,1830.0,1881.0,673.0,452.0,211.0,520.0,519.0,522.0
0.0,4908.0,1557.0,1562.0,1326.0,1571.0,317.0,740.0,514.0,521.0,519.0,522.0,513.0,534.0,510.0,1407.0,1624.0,1877.0,317.0,740.0,514.0,521.0,519.0,522.0
0.0,4677.0,1632.0,1563.0,1336.0,1871.0,185.0,827.0,859.0,521.0,519.0,523.0,541.0,539.0,552.0,1767.0,1336.0,1574.0,185.0,827.0,859.0,521.0,519.0,523.0
0.0,4381.0,1635.0,1566.0,1571.0,1947.0,409.0,622.0,916.0,522.0,520.0,524.0,537.0,531.0,567.0,1899.0,1249.0,1233.0,409.0,622.0,916.0,522.0,520.0,524.0
0.0,4317.0,1554.0,1566.0,1871.0,1630.0,729.0,316.0,585.0,522.0,520.0,524.0,505.0,521.0,528.0,1679.0,1458.0,1180.0,729.0,316.0,585.0,522.0,520.0,524.0
0.0,4634.0,1620.0,1567.0,1947.0,1307.0,846.0,219.0,242.0,522.0,520.0,525.0,526.0,525.0,569.0,1359.0,1764.0,1511.0,846.0,219.0,242.0,522.0,520.0,525.0
0.0,4961.0,1505.0,1567.0,1630.0,1182.0,580.0,413.0,189.0,522.0,520.0,525.0,463.0,510.0,532.0,1242.0,1861.0,1858.0,580.0,413.0,189.0,522.0,520.0,525.0
0.0,5086.0,1609.0,1569.0,1307.0,1492.0,269.0,724.0,499.0,523.0,520.0,526.0,531.0,530.0,548.0,1508.0,1667.0,1911.0,269.0,724.0,499.0,523.0,520.0,526.0
0.0,4784.0,1544.0,1571.0,1182.0,1862.0,185.0,830.0,847.0,523.0,521.0,527.0,496.0,515.0,533.0,1823.0,1356.0,1605.0,185.0,830.0,847.0,523.0,521.0,527.0
0.0,4422.0,1542.0,1571.0,1492.0,1912.0,420.0,638.0,854.0,523.0,521.0,527.0,504.0,532.0,506.0,1907.0,1254.0,1261.0,420.0,638.0,854.0,523.0,521.0,527.0
0.0,4372.0,1628.0,1574.0,1862.0,1690.0,785.0,359.0,546.0,524.0,522.0,528.0,546.0,547.0,535.0,1672.0,1446.0,1254.0,785.0,359.0,546.0,524.0,522.0,528.0
0.0,4606.0,1568.0,1574.0,1912.0,1346.0,881.0,252.0,213.0,524.0,522.0,528.0,516.0,531.0,521.0,1311.0,1729.0,1566.0,881.0,252.0,213.0,524.0,522.0,528.0
0.0,4950.0,1632.0,1576.0,1690.0,1296.0,637.0,439.0,220.0,525.0,523.0,528.0,537.0,542.0,553.0,1215.0,1836.0,1899.0,637.0,439.0,220.0,525.0,523.0,528.0
0.0,5008.0,1589.0,1576.0,1346.0,1539.0,304.0,700.0,535.0,525.0,523.0,528.0,548.0,513.0,528.0,1463.0,1653.0,1892.0,304.0,700.0,535.0,525.0,523.0,528.0
0.0,4765.0,1661.0,1579.0,1296.0,1916.0,230.0,825.0,861.0,527.0,524.0,528.0,555.0,560.0,546.0,1796.0,1392.0,1577.0,230.0,825.0,861.0,527.0,524.0,528.0
0.0,4400.0,1634.0,1581.0,1539.0,2019.0,474.0,663.0,882.0,527.0,525.0,529.0,548.0,534.0,552.0,1878.0,1271.0,1251.0,474.0,663.0,882.0,527.0,525.0,529.0
0.0,4305.0,1591.0,1581.0,1916.0,1694.0,769.0,374.0,551.0,526.0,526.0,529.0,529.0,532.0,530.0,1634.0,1437.0,1234.0,769.0,374.0,551.0,526.0,526.0,529.0
0.0,4630.0,1592.0,1582.0,2019.0,1271.0,842.0,216.0,213.0,527.0,526.0,529.0,543.0,505.0,544.0,1335.0,1730.0,1565.0,842.0,216.0,213.0,527.0,526.0,529.0
0.0,5057.0,1623.0,1581.0,1694.0,1196.0,603.0,370.0,223.0,526.0,526.0,529.0,534.0,528.0,561.0,1266.0,1888.0,1903.0,603.0,370.0,223.0,526.0,526.0,529.0
0.0,5128.0,1581.0,1581.0,1271.0,1506.0,295.0,670.0,541.0,526.0,526.0,529.0,534.0,516.0,531.0,1501.0,1734.0,1893.0,295.0,670.0,541.0,526.0,526.0,529.0
0.0,4818.0,1639.0,1583.0,1196.0,1957.0,241.0,848.0,868.0,526.0,527.0,530.0,549.0,544.0,546.0,1809.0,1434.0,1575.0,241.0,848.0,868.0,526.0,527.0,530.0
0.0,4375.0,1556.0,1585.0,1506.0,2015.0,461.0,704.0,850.0,527.0,528.0,530.0,511.0,522.0,523.0,1863.0,1260.0,1252.0,461.0,704.0,850.0,527.0,528.0,530.0
0.0,4325.0,1543.0,1588.0,1957.0,1613.0,756.0,362.0,495.0,528.0,529.0,531.0,532.0,502.0,509.0,1647.0,1408.0,1270.0,756.0,362.0,495.0,528.0,529.0,531.0
0.0,4739.0,1543.0,1587.0,2015.0,1137.0,837.0,175.0,125.0,528.0,529.0,530.0,542.0,517.0,484.0,1356.0,1754.0,1629.0,837.0,175.0,125.0,528.0,529.0,530.0
0.0,5211.0,1618.0,1591.0,1613.0,1158.0,602.0,354.0,202.0,529.0,530.0,532.0,517.0,537.0,564.0,1275.0,1941.0,1995.0,602.0,354.0,202.0,529.0,530.0,532.0
0.0,5206.0,1600.0,1591.0,1137.0,1621.0,289.0,690.0,642.0,529.0,530.0,532.0,524.0,511.0,565.0,1514.0,1766.0,1926.0,289.0,690.0,642.0,529.0,530.0,532.0
0.0,4743.0,1531.0,1591.0,1158.0,1994.0,202.0,855.0,937.0,529.0,530.0,532.0,515.0,519.0,497.0,1827.0,1430.0,1486.0,202.0,855.0,937.0,529.0,530.0,532.0
0.0,4370.0,1625.0,1594.0,1621.0,2010.0,437.0,729.0,844.0,530.0,531.0,533.0,520.0,560.0,545.0,1914.0,1265.0,1191.0,437.0,729.0,844.0,530.0,531.0,533.0
0.0,4366.0,1435.0,1591.0,1994.0,1439.0,732.0,354.0,353.0,530.0,530.0,531.0,497.0,484.0,454.0,1683.0,1395.0,1288.0,732.0,354.0,353.0,530.0,530.0,531.0
0.0,4925.0,1605.0,1593.0,2010.0,1042.0,812.0,171.0,59.0,531.0,530.0,532.0,513.0,546.0,546.0,1388.0,1766.0,1771.0,812.0,171.0,59.0,531.0,530.0,532.0
0.0,5330.0,1484.0,1593.0,1439.0,1087.0,572.0,314.0,201.0,531.0,530.0,532.0,492.0,497.0,495.0,1312.0,1949.0,2069.0,572.0,314.0,201.0,531.0,530.0,532.0
0.0,5285.0,1507.0,1590.0,1042.0,1540.0,262.0,648.0,630.0,530.0,529.0,531.0,506.0,509.0,492.0,1552.0,1806.0,1927.0,262.0,648.0,630.0,530.0,529.0,531.0
0.0,4820.0,1571.0,1591.0,1087.0,2028.0,209.0,888.0,931.0,530.0,530.0,531.0,519.0,550.0,502.0,1858.0,1468.0,1494.0,209.0,888.0,931.0,530.0,530.0,531.0
0.0,4336.0,1578.0,1593.0,1540.0,2074.0,486.0,756.0,832.0,531.0,530.0,532.0,535.0,516.0,527.0,1911.0,1232.0,1193.0,486.0,756.0,832.0,531.0,530.0,532.0
0.0,4298.0,1656.0,1593.0,2028.0,1702.0,813.0,427.0,462.0,531.0,530.0,532.0,536.0,559.0,561.0,1638.0,1364.0,1296.0,813.0,427.0,462.0,531.0,530.0,532.0
0.0,4670.0,1611.0,1594.0,2074.0,1243.0,861.0,195.0,187.0,531.0,530.0,533.0,534.0,524.0,553.0,1311.0,1693.0,1666.0,861.0,195.0,187.0,531.0,530.0,533.0
0.0,5133.0,1620.0,1594.0,1702.0,1161.0,612.0,288.0,261.0,531.0,530.0,533.0,564.0,520.0,536.0,1263.0,1925.0,1945.0,612.0,288.0,261.0,531.0,530.0,533.0
0.0,5215.0,1607.0,1595.0,1243.0,1529.0,294.0,624.0,611.0,532.0,530.0,533.0,539.0,531.0,537.0,1512.0,1832.0,1871.0,294.0,624.0,611.0,532.0,530.0,533.0
0.0,4851.0,1608.0,1594.0,1161.0,1972.0,236.0,854.0,882.0,532.0,529.0,533.0,554.0,522.0,532.0,1834.0,1496.0,1521.0,236.0,854.0,882.0,532.0,529.0,533.0
0.0,4404.0,1528.0,1594.0,1529.0,1971.0,471.0,731.0,769.0,533.0,528.0,533.0,525.0,505.0,498.0,1892.0,1262.0,1250.0,471.0,731.0,769.0,533.0,528.0,533.0
0.0,4405.0,1552.0,1594.0,1972.0,1551.0,771.0,379.0,401.0,533.0,528.0,533.0,536.0,502.0,514.0,1661.0,1381.0,1363.0,771.0,379.0,401.0,533.0,528.0,533.0
0.0,4825.0,1684.0,1596.0,1971.0,1272.0,864.0,204.0,204.0,534.0,528.0,534.0,560.0,556.0,568.0,1361.0,1733.0,1731.0,864.0,204.0,204.0,534.0,528.0,534.0
0.0,5112.0,1600.0,1595.0,1551.0,1317.0,632.0,349.0,336.0,533.0,528.0,534.0,543.0,524.0,533.0,1272.0,1908.0,1932.0,632.0,349.0,336.0,533.0,528.0,534.0
0.0,5063.0,1611.0,1596.0,1272.0,1660.0,333.0,674.0,653.0,534.0,528.0,534.0,561.0,529.0,521.0,1500.0,1763.0,1800.0,333.0,674.0,653.0,534.0,528.0,534.0
0.0,4724.0,1597.0,1595.0,1317.0,1936.0,253.0,843.0,840.0,534.0,528.0,533.0,552.0,518.0,527.0,1803.0,1438.0,1483.0,253.0,843.0,840.0,534.0,528.0,533.0
0.0,4444.0,1693.0,1597.0,1660.0,1977.0,502.0,727.0,748.0,534.0,529.0,534.0,582.0,554.0,557.0,1883.0,1269.0,1292.0,502.0,727.0,748.0,534.0,529.0,534.0
0.0,4411.0,1579.0,1594.0,1936.0,1608.0,784.0,410.0,414.0,533.0,528.0,533.0,539.0,530.0,510.0,1634.0,1389.0,1388.0,784.0,410.0,414.0,533.0,528.0,533.0
0.0,4768.0,1709.0,1595.0,1977.0,1344.0,871.0,226.0,247.0,534.0,528.0,533.0,585.0,543.0,581.0,1348.0,1702.0,1718.0,871.0,226.0,247.0,534.0,528.0,533.0
0.0,5036.0,1661.0,1596.0,1608.0,1401.0,651.0,354.0,396.0,534.0,528.0,534.0,564.0,538.0,559.0,1265.0,1886.0,1885.0,651.0,354.0,396.0,534.0,528.0,534.0
0.0,4983.0,1706.0,1597.0,1344.0,1767.0,353.0,692.0,722.0,534.0,529.0,534.0,573.0,560.0,573.0,1485.0,1758.0,1740.0,353.0,692.0,722.0,534.0,529.0,534.0
0.0,4621.0,1716.0,1600.0,1401.0,2094.0,281.0,881.0,932.0,535.0,529.0,536.0,575.0,543.0,598.0,1783.0,1424.0,1414.0,281.0,881.0,932.0,535.0,529.0,536.0
0.0,4306.0,1680.0,1600.0,1767.0,2007.0,454.0,777.0,776.0,534.0,530.0,536.0,530.0,584.0,566.0,1859.0,1235.0,1212.0,454.0,777.0,776.0,534.0,530.0,536.0
0.0,4393.0,1782.0,1602.0,2094.0,1703.0,728.0,509.0,466.0,534.0,531.0,537.0,555.0,609.0,618.0,1682.0,1343.0,1368.0,728.0,509.0,466.0,534.0,531.0,537.0
0.0,4705.0,1690.0,1605.0,2007.0,1398.0,817.0,316.0,265.0,535.0,532.0,538.0,539.0,580.0,571.0,1408.0,1615.0,1682.0,817.0,316.0,265.0,535.0,532.0,538.0
0.0,5022.0,1749.0,1607.0,1703.0,1452.0,664.0,411.0,377.0,535.0,533.0,539.0,575.0,600.0,574.0,1323.0,1812.0,1887.0,664.0,411.0,377.0,535.0,533.0,539.0
0.0,4976.0,1706.0,1608.0,1398.0,1764.0,423.0,645.0,696.0,536.0,533.0,539.0,572.0,550.0,584.0,1476.0,1721.0,1779.0,423.0,645.0,696.0,536.0,533.0,539.0
0.0,4668.0,1695.0,1612.0,1452.0,2023.0,311.0,831.0,881.0,537.0,535.0,540.0,548.0,589.0,558.0,1721.0,1487.0,1460.0,311.0,831.0,881.0,537.0,535.0,540.0
0.0,4425.0,1599.0,1611.0,1764.0,1854.0,412.0,719.0,723.0,537.0,535.0,539.0,524.0,533.0,542.0,1837.0,1309.0,1279.0,412.0,719.0,723.0,537.0,535.0,539.0
0.0,4590.0,1703.0,1615.0,2023.0,1550.0,669.0,467.0,414.0,539.0,536.0,540.0,560.0,575.0,568.0,1736.0,1421.0,1433.0,669.0,467.0,414.0,539.0,536.0,540.0
0.0,4910.0,1718.0,1616.0,1854.0,1418.0,817.0,336.0,265.0,539.0,537.0,540.0,560.0,584.0,574.0,1487.0,1677.0,1746.0,817.0,336.0,265.0,539.0,537.0,540.0
0.0,5046.0,1755.0,1621.0,1550.0,1643.0,719.0,450.0,474.0,541.0,538.0,542.0,563.0,577.0,615.0,1339.0,1812.0,1895.0,719.0,450.0,474.0,541.0,538.0,542.0
0.0,4841.0,1748.0,1624.0,1418.0,1985.0,492.0,710.0,783.0,542.0,539.0,543.0,586.0,592.0,570.0,1445.0,1702.0,1694.0,492.0,710.0,783.0,542.0,539.0,543.0
0.0,4511.0,1703.0,1626.0,1643.0,2053.0,329.0,839.0,885.0,542.0,540.0,544.0,556.0,575.0,572.0,1676.0,1446.0,1389.0,329.0,839.0,885.0,542.0,540.0,544.0
0.0,4451.0,1702.0,1629.0,1985.0,1782.0,383.0,716.0,683.0,543.0,541.0,545.0,542.0,583.0,577.0,1839.0,1321.0,1291.0,383.0,716.0,683.0,543.0,541.0,545.0
0.0,4734.0,1652.0,1629.0,2053.0,1381.0,601.0,429.0,351.0,543.0,541.0,545.0,547.0,552.0,553.0,1789.0,1448.0,1497.0,601.0,429.0,351.0,543.0,541.0,545.0
0.0,5135.0,1681.0,1631.0,1782.0,1288.0,774.0,267.0,247.0,543.0,542.0,546.0,556.0,550.0,575.0,1571.0,1735.0,1829.0,774.0,267.0,247.0,543.0,542.0,546.0
0.0,5236.0,1656.0,1631.0,1381.0,1563.0,745.0,365.0,453.0,544.0,541.0,546.0,568.0,531.0,557.0,1398.0,1901.0,1937.0,745.0,365.0,453.0,544.0,541.0,546.0
0.0,4961.0,1662.0,1631.0,1288.0,1937.0,529.0,637.0,771.0,544.0,541.0,546.0,558.0,539.0,565.0,1431.0,1799.0,1731.0,529.0,637.0,771.0,544.0,541.0,546.0
0.0,4587.0,1744.0,1634.0,1563.0,2130.0,372.0,858.0,900.0,545.0,542.0,547.0,584.0,582.0,578.0,1647.0,1527.0,1413.0,372.0,858.0,900.0,545.0,542.0,547.0
0.0,4406.0,1665.0,1636.0,1937.0,1866.0,405.0,770.0,691.0,545.0,543.0,548.0,562.0,545.0,558.0,1808.0,1310.0,1288.0,405.0,770.0,691.0,545.0,543.0,548.0
0.0,4678.0,1685.0,1637.0,2130.0,1425.0,610.0,482.0,333.0,546.0,544.0,547.0,573.0,566.0,546.0,1775.0,1402.0,1501.0,610.0,482.0,333.0,546.0,544.0,547.0
0.0,5123.0,1562.0,1637.0,1866.0,1121.0,743.0,232.0,146.0,546.0,544.0,547.0,538.0,520.0,504.0,1574.0,1694.0,1855.0,743.0,232.0,146.0,546.0,544.0,547.0
0.0,5427.0,1661.0,1637.0,1425.0,1357.0,704.0,289.0,364.0,546.0,544.0,547.0,571.0,539.0,551.0,1441.0,1944.0,2042.0,704.0,289.0,364.0,546.0,544.0,547.0
0.0,5191.0,1700.0,1640.0,1121.0,1948.0,559.0,617.0,772.0,548.0,545.0,547.0,590.0,556.0,554.0,1480.0,1887.0,1824.0,559.0,617.0,772.0,548.0,545.0,547.0
0.0,4612.0,1662.0,1642.0,1357.0,2261.0,408.0,886.0,967.0,548.0,546.0,548.0,553.0,554.0,555.0,1633.0,1563.0,1416.0,408.0,886.0,967.0,548.0,546.0,548.0
0.0,4307.0,1671.0,1645.0,1948.0,1996.0,417.0,815.0,764.0,549.0,546.0,550.0,564.0,546.0,561.0,1784.0,1298.0,1225.0,417.0,815.0,764.0,549.0,546.0,550.0
0.0,4584.0,1586.0,1644.0,2261.0,1317.0,521.0,463.0,333.0,549.0,546.0,549.0,512.0,534.0,540.0,1779.0,1369.0,1436.0,521.0,463.0,333.0,549.0,546.0,549.0
0.0,5259.0,1673.0,1645.0,1996.0,998.0,671.0,214.0,113.0,549.0,547.0,549.0,567.0,562.0,544.0,1675.0,1721.0,1863.0,671.0,214.0,113.0,549.0,547.0,549.0
0.0,5582.0,1626.0,1647.0,1317.0,1315.0,709.0,283.0,323.0,550.0,547.0,550.0,555.0,532.0,539.0,1525.0,1974.0,2083.0,709.0,283.0,323.0,550.0,547.0,550.0
0.0,5273.0,1744.0,1650.0,998.0,2073.0,632.0,662.0,779.0,552.0,548.0,550.0,586.0,589.0,569.0,1491.0,1905.0,1877.0,632.0,662.0,779.0,552.0,548.0,550.0
0.0,4527.0,1658.0,1654.0,1315.0,2432.0,478.0,940.0,1014.0,553.0,549.0,552.0,551.0,557.0,550.0,1576.0,1530.0,1421.0,478.0,940.0,1014.0,553.0,549.0,552.0
0.0,4184.0,1604.0,1654.0,2073.0,1963.0,386.0,804.0,773.0,553.0,549.0,552.0,540.0,526.0,538.0,1734.0,1256.0,1194.0,386.0,804.0,773.0,553.0,549.0,552.0
0.0,4653.0,1648.0,1657.0,2432.0,1191.0,457.0,418.0,316.0,554.0,550.0,553.0,545.0,550.0,553.0,1826.0,1392.0,1435.0,457.0,418.0,316.0,554.0,550.0,553.0
0.0,5437.0,1669.0,1660.0,1963.0,909.0,633.0,194.0,82.0,555.0,551.0,554.0,558.0,576.0,535.0,1759.0,1782.0,1896.0,633.0,194.0,82.0,555.0,551.0,554.0
0.0,5731.0,1731.0,1663.0,1191.0,1461.0,746.0,365.0,350.0,556.0,552.0,555.0,566.0,585.0,580.0,1587.0,2010.0,2134.0,746.0,365.0,350.0,556.0,552.0,555.0
0.0,5191.0,1707.0,1666.0,909.0,2271.0,690.0,758.0,823.0,557.0,553.0,556.0,573.0,583.0,551.0,1478.0,1843.0,1870.0,690.0,758.0,823.0,557.0,553.0,556.0
0.0,4393.0,1626.0,1666.0,1461.0,2436.0,478.0,941.0,1017.0,557.0,553.0,556.0,534.0,548.0,544.0,1538.0,1454.0,1401.0,478.0,941.0,1017.0,557.0,553.0,556.0
0.0,4228.0,1674.0,1667.0,2271.0,1843.0,339.0,755.0,749.0,557.0,554.0,556.0,551.0,568.0,555.0,1750.0,1271.0,1207.0,339.0,755.0,749.0,557.0,554.0,556.0
0.0,4825.0,1747.0,1668.0,2436.0,1158.0,446.0,407.0,305.0,557.0,555.0,556.0,585.0,589.0,573.0,1889.0,1461.0,1475.0,446.0,407.0,305.0,557.0,555.0,556.0
0.0,5514.0,1716.0,1672.0,1843.0,1047.0,713.0,213.0,121.0,559.0,556.0,557.0,598.0,557.0,561.0,1782.0,1813.0,1919.0,713.0,213.0,121.0,559.0,556.0,557.0
0.0,5641.0,1750.0,1673.0,1158.0,1643.0,844.0,413.0,386.0,559.0,557.0,557.0,577.0,603.0,570.0,1523.0,2011.0,2107.0,844.0,413.0,386.0,559.0,557.0,557.0
0.0,5049.0,1753.0,1678.0,1047.0,2369.0,719.0,820.0,830.0,560.0,559.0,559.0,584.0,612.0,557.0,1392.0,1815.0,1842.0,719.0,820.0,830.0,560.0,559.0,559.0
0.0,4343.0,1731.0,1682.0,1643.0,2473.0,444.0,999.0,1030.0,561.0,561.0,560.0,565.0,584.0,582.0,1521.0,1416.0,1406.0,444.0,999.0,1030.0,561.0,561.0,560.0
0.0,4255.0,1702.0,1682.0,2369.0,1806.0,294.0,749.0,763.0,561.0,561.0,560.0,569.0,570.0,563.0,1800.0,1245.0,1210.0,294.0,749.0,763.0,561.0,561.0,560.0
0.0,4922.0,1786.0,1685.0,2473.0,1131.0,455.0,346.0,330.0,562.0,562.0,561.0,601.0,592.0,593.0,1950.0,1495.0,1477.0,455.0,346.0,330.0,562.0,562.0,561.0
0.0,5609.0,1702.0,1686.0,1806.0,1031.0,733.0,187.0,111.0,562.0,563.0,561.0,572.0,586.0,544.0,1793.0,1902.0,1914.0,733.0,187.0,111.0,562.0,563.0,561.0
0.0,5713.0,1767.0,1690.0,1131.0,1683.0,867.0,463.0,353.0,563.0,565.0,562.0,585.0,614.0,568.0,1515.0,2065.0,2133.0,867.0,463.0,353.0,563.0,565.0,562.0
0.0,5077.0,1825.0,1693.0,1031.0,2489.0,727.0,904.0,858.0,563.0,567.0,563.0,593.0,620.0,612.0,1385.0,1797.0,1895.0,727.0,904.0,858.0,563.0,567.0,563.0
0.0,4283.0,1664.0,1694.0,1683.0,2474.0,416.0,999.0,1059.0,563.0,567.0,564.0,556.0,558.0,550.0,1525.0,1364.0,1394.0,416.0,999.0,1059.0,563.0,567.0,564.0
0.0,4302.0,1737.0,1695.0,2489.0,1726.0,264.0,681.0,781.0,563.0,568.0,564.0,575.0,582.0,580.0,1836.0,1269.0,1197.0,264.0,681.0,781.0,563.0,568.0,564.0
0.0,5054.0,1728.0,1696.0,2474.0,984.0,413.0,265.0,306.0,563.0,569.0,564.0,565.0,579.0,584.0,1988.0,1591.0,1475.0,413.0,265.0,306.0,563.0,569.0,564.0
0.0,5800.0,1883.0,1699.0,1726.0,1153.0,759.0,240.0,154.0,564.0,570.0,565.0,606.0,652.0,625.0,1839.0,2011.0,1950.0,759.0,240.0,154.0,564.0,570.0,565.0
0.0,5643.0,1751.0,1700.0,984.0,1924.0,945.0,546.0,433.0,564.0,571.0,565.0,599.0,567.0,585.0,1497.0,2040.0,2106.0,945.0,546.0,433.0,564.0,571.0,565.0
0.0,4876.0,1713.0,1700.0,1153.0,2484.0,768.0,862.0,854.0,565.0,570.0,565.0,578.0,560.0,575.0,1311.0,1738.0,1827.0,768.0,862.0,854.0,565.0,570.0,565.0
0.0,4316.0,1729.0,1700.0,1924.0,2289.0,377.0,888.0,1024.0,565.0,570.0,565.0,554.0,572.0,603.0,1492.0,1418.0,1406.0,377.0,888.0,1024.0,565.0,570.0,565.0
0.0,4511.0,1762.0,1702.0,2484.0,1575.0,191.0,611.0,773.0,566.0,570.0,566.0,578.0,585.0,599.0,1883.0,1392.0,1236.0,191.0,611.0,773.0,566.0,570.0,566.0
0.0,5233.0,1851.0,1703.0,2289.0,1141.0,410.0,333.0,398.0,566.0,570.0,567.0,596.0,610.0,645.0,2073.0,1669.0,1491.0,410.0,333.0,398.0,566.0,570.0,567.0
0.0,5671.0,1698.0,1704.0,1575.0,1268.0,768.0,311.0,189.0,566.0,571.0,567.0,549.0,585.0,564.0,1854.0,1947.0,1870.0,768.0,311.0,189.0,566.0,571.0,567.0
0.0,5548.0,1757.0,1705.0,1141.0,1888.0,917.0,566.0,405.0,566.0,571.0,568.0,559.0,588.0,610.0,1496.0,1973.0,2079.0,917.0,566.0,405.0,566.0,571.0,568.0
0.0,4932.0,1787.0,1708.0,1268.0,2419.0,756.0,821.0,842.0,568.0,571.0,569.0,599.0,566.0,622.0,1347.0,1718.0,1867.0,756.0,821.0,842.0,568.0,571.0,569.0
0.0,4413.0,1697.0,1708.0,1888.0,2228.0,407.0,809.0,1012.0,568.0,571.0,569.0,568.0,554.0,575.0,1516.0,1463.0,1434.0,407.0,809.0,1012.0,568.0,571.0,569.0
0.0,4604.0,1756.0,1709.0,2419.0,1569.0,236.0,561.0,772.0,568.0,571.0,570.0,585.0,573.0,598.0,1865.0,1475.0,1264.0,236.0,561.0,772.0,568.0,571.0,570.0
0.0,5267.0,1796.0,1710.0,2228.0,1141.0,435.0,344.0,362.0,569.0,571.0,570.0,602.0,592.0,602.0,2036.0,1723.0,1508.0,435.0,344.0,362.0,569.0,571.0,570.0
0.0,5699.0,1723.0,1709.0,1569.0,1291.0,785.0,346.0,160.0,569.0,570.0,570.0,586.0,567.0,570.0,1841.0,1940.0,1918.0,785.0,346.0,160.0,569.0,570.0,570.0
0.0,5545.0,1716.0,1709.0,1141.0,1866.0,903.0,562.0,401.0,569.0,570.0,570.0,553.0,560.0,603.0,1491.0,1934.0,2120.0,903.0,562.0,401.0,569.0,570.0,570.0
0.0,4970.0,1783.0,1710.0,1291.0,2362.0,733.0,791.0,838.0,570.0,570.0,570.0,611.0,575.0,597.0,1373.0,1718.0,1879.0,733.0,791.0,838.0,570.0,570.0,570.0
0.0,4478.0,1764.0,1712.0,1866.0,2268.0,446.0,797.0,1025.0,571.0,570.0,571.0,612.0,568.0,584.0,1547.0,1489.0,1442.0,446.0,797.0,1025.0,571.0,570.0,571.0
0.0,4580.0,1719.0,1714.0,2362.0,1633.0,310.0,570.0,753.0,572.0,571.0,571.0,593.0,560.0,566.0,1838.0,1483.0,1259.0,310.0,570.0,753.0,572.0,571.0,571.0
0.0,5223.0,1841.0,1718.0,2268.0,1222.0,512.0,372.0,338.0,574.0,572.0,572.0,640.0,595.0,606.0,1978.0,1714.0,1531.0,512.0,372.0,338.0,574.0,572.0,572.0
0.0,5650.0,1830.0,1720.0,1633.0,1427.0,824.0,423.0,180.0,575.0,573.0,572.0,618.0,617.0,595.0,1784.0,1916.0,1950.0,824.0,423.0,180.0,575.0,573.0,572.0
0.0,5453.0,1820.0,1722.0,1222.0,2033.0,943.0,639.0,451.0,576.0,573.0,573.0,627.0,588.0,605.0,1476.0,1869.0,2108.0,943.0,639.0,451.0,576.0,573.0,573.0
0.0,4855.0,1793.0,1725.0,1427.0,2411.0,710.0,830.0,871.0,576.0,575.0,574.0,591.0,606.0,596.0,1361.0,1653.0,1841.0,710.0,830.0,871.0,576.0,575.0,574.0
0.0,4489.0,1806.0,1726.0,2033.0,2188.0,393.0,787.0,1008.0,577.0,575.0,574.0,622.0,596.0,588.0,1594.0,1470.0,1425.0,393.0,787.0,1008.0,577.0,575.0,574.0
0.0,4716.0,1705.0,1729.0,2411.0,1494.0,271.0,527.0,696.0,578.0,576.0,575.0,584.0,566.0,555.0,1915.0,1513.0,1288.0,271.0,527.0,696.0,578.0,576.0,575.0
0.0,5422.0,1720.0,1730.0,2188.0,1030.0,457.0,338.0,235.0,578.0,577.0,575.0,579.0,594.0,547.0,2041.0,1777.0,1604.0,457.0,338.0,235.0,578.0,577.0,575.0
0.0,5890.0,1741.0,1731.0,1494.0,1281.0,791.0,386.0,104.0,578.0,577.0,576.0,605.0,575.0,561.0,1855.0,1970.0,2065.0,791.0,386.0,104.0,578.0,577.0,576.0
0.0,5643.0,1745.0,1733.0,1030.0,2004.0,917.0,643.0,444.0,579.0,578.0,576.0,579.0,591.0,575.0,1521.0,1922.0,2200.0,917.0,643.0,444.0,579.0,578.0,576.0
0.0,4928.0,1754.0,1735.0,1281.0,2485.0,730.0,868.0,887.0,580.0,579.0,576.0,600.0,607.0,547.0,1399.0,1669.0,1860.0,730.0,868.0,887.0,580.0,579.0,576.0
0.0,4455.0,1734.0,1737.0,2004.0,2223.0,394.0,820.0,1009.0,581.0,580.0,576.0,577.0,591.0,566.0,1590.0,1448.0,1417.0,394.0,820.0,1009.0,581.0,580.0,576.0
0.0,4725.0,1798.0,1739.0,2485.0,1544.0,254.0,570.0,720.0,581.0,581.0,577.0,590.0,614.0,594.0,1930.0,1500.0,1295.0,254.0,570.0,720.0,581.0,581.0,577.0
0.0,5412.0,1682.0,1742.0,2223.0,1015.0,435.0,348.0,232.0,582.0,583.0,577.0,571.0,590.0,521.0,2070.0,1754.0,1588.0,435.0,348.0,232.0,582.0,583.0,577.0
0.0,5953.0,1769.0,1742.0,1544.0,1240.0,774.0,371.0,95.0,582.0,583.0,577.0,593.0,593.0,583.0,1893.0,1984.0,2076.0,774.0,371.0,95.0,582.0,583.0,577.0
0.0,5728.0,1768.0,1743.0,1015.0,1997.0,925.0,647.0,425.0,582.0,584.0,577.0,586.0,620.0,562.0,1554.0,1961.0,2213.0,925.0,647.0,425.0,582.0,584.0,577.0
0.0,4975.0,1680.0,1745.0,1240.0,2445.0,676.0,871.0,898.0,582.0,585.0,578.0,525.0,591.0,564.0,1403.0,1689.0,1883.0,676.0,871.0,898.0,582.0,585.0,578.0
0.0,4535.0,1828.0,1748.0,1997.0,2288.0,355.0,845.0,1088.0,583.0,586.0,579.0,600.0,617.0,611.0,1652.0,1469.0,1414.0,355.0,845.0,1088.0,583.0,586.0,579.0
0.0,4704.0,1772.0,1751.0,2445.0,1627.0,267.0,591.0,769.0,584.0,587.0,580.0,584.0,613.0,575.0,1977.0,1499.0,1228.0,267.0,591.0,769.0,584.0,587.0,580.0
0.0,5377.0,1756.0,1752.0,2288.0,1099.0,483.0,357.0,259.0,584.0,588.0,580.0,571.0,607.0,578.0,2069.0,1757.0,1551.0,483.0,357.0,259.0,584.0,588.0,580.0
0.0,5909.0,1814.0,1752.0,1627.0,1286.0,816.0,387.0,83.0,584.0,588.0,580.0,600.0,621.0,593.0,1853.0,1995.0,2061.0,816.0,387.0,83.0,584.0,588.0,580.0
0.0,5722.0,1744.0,1755.0,1099.0,1943.0,918.0,627.0,398.0,585.0,589.0,581.0,581.0,593.0,570.0,1520.0,1965.0,2237.0,918.0,627.0,398.0,585.0,589.0,581.0
0.0,5077.0,1741.0,1757.0,1286.0,2406.0,681.0,839.0,886.0,586.0,590.0,581.0,575.0,595.0,571.0,1422.0,1729.0,1926.0,681.0,839.0,886.0,586.0,590.0,581.0
0.0,4622.0,1840.0,1759.0,1943.0,2311.0,401.0,815.0,1095.0,587.0,590.0,582.0,634.0,603.0,603.0,1663.0,1521.0,1438.0,401.0,815.0,1095.0,587.0,590.0,582.0
0.0,4725.0,1870.0,1762.0,2406.0,1787.0,333.0,627.0,827.0,587.0,592.0,583.0,613.0,643.0,614.0,1947.0,1545.0,1233.0,333.0,627.0,827.0,587.0,592.0,583.0
0.0,5261.0,1765.0,1762.0,2311.0,1241.0,501.0,414.0,326.0,587.0,592.0,583.0,569.0,602.0,594.0,2015.0,1741.0,1505.0,501.0,414.0,326.0,587.0,592.0,583.0
0.0,5807.0,1797.0,1763.0,1787.0,1255.0,763.0,400.0,92.0,587.0,592.0,584.0,595.0,613.0,589.0,1847.0,1954.0,2006.0,763.0,400.0,92.0,587.0,592.0,584.0
0.0,5797.0,1868.0,1765.0,1241.0,1890.0,906.0,583.0,401.0,588.0,592.0,585.0,640.0,597.0,631.0,1585.0,1968.0,2244.0,906.0,583.0,401.0,588.0,592.0,585.0
0.0,5170.0,1866.0,1768.0,1255.0,2513.0,771.0,809.0,933.0,589.0,593.0,586.0,624.0,622.0,620.0,1446.0,1785.0,1939.0,771.0,809.0,933.0,589.0,593.0,586.0
0.0,4559.0,1827.0,1769.0,1890.0,2454.0,493.0,825.0,1136.0,590.0,593.0,586.0,624.0,599.0,604.0,1585.0,1563.0,1411.0,493.0,825.0,1136.0,590.0,593.0,586.0
0.0,4622.0,1836.0,1771.0,2513.0,1785.0,347.0,623.0,815.0,591.0,593.0,587.0,621.0,607.0,608.0,1867.0,1547.0,1208.0,347.0,623.0,815.0,591.0,593.0,587.0
0.0,5299.0,1865.0,1773.0,2454.0,1204.0,475.0,408.0,321.0,591.0,593.0,589.0,621.0,610.0,634.0,2017.0,1749.0,1533.0,475.0,408.0,321.0,591.0,593.0,589.0
0.0,5888.0,1792.0,1774.0,1785.0,1215.0,733.0,369.0,113.0,592.0,593.0,589.0,601.0,584.0,607.0,1889.0,1964.0,2035.0,733.0,369.0,113.0,592.0,593.0,589.0
0.0,5881.0,1861.0,1777.0,1204.0,1884.0,875.0,573.0,436.0,593.0,594.0,590.0,613.0,608.0,640.0,1635.0,2003.0,2243.0,875.0,573.0,436.0,593.0,594.0,590.0
0.0,5224.0,1827.0,1778.0,1215.0,2500.0,756.0,800.0,944.0,593.0,594.0,591.0,614.0,596.0,617.0,1497.0,1803.0,1924.0,756.0,800.0,944.0,593.0,594.0,591.0
0.0,4612.0,1877.0,1781.0,1884.0,2505.0,530.0,837.0,1138.0,595.0,594.0,592.0,641.0,610.0,626.0,1616.0,1576.0,1420.0,530.0,837.0,1138.0,595.0,594.0,592.0
0.0,4619.0,1987.0,1783.0,2500.0,2000.0,424.0,690.0,886.0,596.0,594.0,593.0,646.0,653.0,688.0,1850.0,1539.0,1230.0,424.0,690.0,886.0,596.0,594.0,593.0
0.0,5132.0,1873.0,1785.0,2505.0,1376.0,526.0,469.0,381.0,596.0,595.0,594.0,632.0,612.0,629.0,1960.0,1686.0,1486.0,526.0,469.0,381.0,596.0,595.0,594.0
0.0,5764.0,1888.0,1789.0,2000.0,1280.0,728.0,434.0,118.0,597.0,597.0,595.0,622.0,647.0,619.0,1858.0,1911.0,1995.0,728.0,434.0,118.0,597.0,597.0,595.0
0.0,5876.0,1804.0,1790.0,1376.0,1712.0,790.0,560.0,362.0,598.0,597.0,595.0,584.0,595.0,625.0,1660.0,1954.0,2262.0,790.0,560.0,362.0,598.0,597.0,595.0
0.0,5448.0,1950.0,1795.0,1280.0,2402.0,693.0,785.0,924.0,599.0,599.0,597.0,627.0,651.0,672.0,1602.0,1828.0,2018.0,693.0,785.0,924.0,599.0,599.0,597.0
0.0,4778.0,1820.0,1793.0,1712.0,2502.0,485.0,843.0,1174.0,598.0,599.0,596.0,586.0,618.0,616.0,1703.0,1611.0,1464.0,485.0,843.0,1174.0,598.0,599.0,596.0
0.0,4670.0,1854.0,1796.0,2402.0,1966.0,387.0,704.0,875.0,599.0,600.0,597.0,591.0,642.0,621.0,1907.0,1553.0,1210.0,387.0,704.0,875.0,599.0,600.0,597.0
0.0,5218.0,1923.0,1800.0,2502.0,1403.0,537.0,506.0,360.0,601.0,601.0,598.0,627.0,641.0,655.0,2009.0,1696.0,1513.0,537.0,506.0,360.0,601.0,601.0,598.0
0.0,5797.0,1865.0,1801.0,1966.0,1306.0,747.0,451.0,108.0,601.0,602.0,598.0,597.0,645.0,623.0,1867.0,1898.0,2032.0,747.0,451.0,108.0,601.0,602.0,598.0
0.0,5898.0,1768.0,1803.0,1403.0,1679.0,785.0,562.0,332.0,601.0,604.0,598.0,575.0,609.0,584.0,1657.0,1957.0,2284.0,785.0,562.0,332.0,601.0,604.0,598.0
0.0,5533.0,1861.0,1805.0,1306.0,2242.0,641.0,746.0,855.0,601.0,605.0,599.0,603.0,631.0,627.0,1619.0,1854.0,2060.0,641.0,746.0,855.0,601.0,605.0,599.0
0.0,4978.0,1709.0,1802.0,1679.0,2260.0,421.0,761.0,1078.0,600.0,604.0,598.0,569.0,581.0,559.0,1763.0,1674.0,1541.0,421.0,761.0,1078.0,600.0,604.0,598.0
0.0,4948.0,1804.0,1803.0,2242.0,1826.0,370.0,641.0,815.0,600.0,605.0,598.0,590.0,622.0,592.0,1979.0,1655.0,1314.0,370.0,641.0,815.0,600.0,605.0,598.0
0.0,5386.0,1846.0,1808.0,2260.0,1432.0,566.0,506.0,360.0,602.0,607.0,599.0,609.0,618.0,619.0,2030.0,1779.0,1577.0,566.0,506.0,360.0,602.0,607.0,599.0
0.0,5800.0,1907.0,1809.0,1826.0,1517.0,823.0,512.0,182.0,602.0,608.0,599.0,627.0,643.0,637.0,1842.0,1922.0,2036.0,823.0,512.0,182.0,602.0,608.0,599.0
0.0,5719.0,1827.0,1811.0,1432.0,1920.0,861.0,640.0,419.0,602.0,609.0,600.0,604.0,630.0,593.0,1585.0,1920.0,2214.0,861.0,640.0,419.0,602.0,609.0,600.0
0.0,5324.0,1808.0,1812.0,1517.0,2215.0,642.0,752.0,821.0,602.0,610.0,600.0,604.0,620.0,584.0,1547.0,1796.0,1981.0,642.0,752.0,821.0,602.0,610.0,600.0
0.0,5033.0,1766.0,1810.0,1920.0,2053.0,386.0,685.0,982.0,601.0,610.0,599.0,609.0,573.0,584.0,1766.0,1688.0,1579.0,386.0,685.0,982.0,601.0,610.0,599.0
0.0,5187.0,1884.0,1812.0,2215.0,1730.0,395.0,556.0,779.0,602.0,610.0,600.0,647.0,623.0,614.0,2018.0,1755.0,1414.0,395.0,556.0,779.0,602.0,610.0,600.0
0.0,5518.0,1719.0,1810.0,2053.0,1388.0,597.0,452.0,339.0,601.0,610.0,599.0,592.0,581.0,546.0,2013.0,1884.0,1621.0,597.0,452.0,339.0,601.0,610.0,599.0
0.0,5852.0,1940.0,1812.0,1730.0,1606.0,884.0,530.0,192.0,603.0,610.0,599.0,674.0,634.0,632.0,1807.0,1988.0,2057.0,884.0,530.0,192.0,603.0,610.0,599.0
0.0,5642.0,1805.0,1812.0,1388.0,2023.0,915.0,675.0,433.0,603.0,610.0,599.0,628.0,597.0,580.0,1528.0,1910.0,2204.0,915.0,675.0,433.0,603.0,610.0,599.0
0.0,5225.0,1776.0,1814.0,1606.0,2201.0,648.0,719.0,834.0,604.0,610.0,600.0,613.0,574.0,589.0,1497.0,1765.0,1963.0,648.0,719.0,834.0,604.0,610.0,600.0
0.0,5055.0,1831.0,1816.0,2023.0,2017.0,353.0,668.0,996.0,604.0,611.0,601.0,620.0,620.0,591.0,1768.0,1721.0,1566.0,353.0,668.0,996.0,604.0,611.0,601.0
0.0,5247.0,1730.0,1815.0,2201.0,1542.0,305.0,531.0,706.0,604.0,611.0,600.0,600.0,582.0,548.0,2063.0,1776.0,1408.0,305.0,531.0,706.0,604.0,611.0,600.0
0.0,5718.0,1782.0,1817.0,2017.0,1315.0,562.0,429.0,324.0,605.0,611.0,601.0,606.0,566.0,610.0,2111.0,1913.0,1694.0,562.0,429.0,324.0,605.0,611.0,601.0
0.0,5953.0,1846.0,1818.0,1542.0,1623.0,889.0,515.0,219.0,605.0,611.0,602.0,632.0,617.0,597.0,1858.0,2015.0,2080.0,889.0,515.0,219.0,605.0,611.0,602.0
0.0,5649.0,1971.0,1823.0,1315.0,2299.0,1007.0,745.0,547.0,607.0,612.0,604.0,672.0,655.0,644.0,1531.0,1929.0,2189.0,1007.0,745.0,547.0,607.0,612.0,604.0
0.0,4993.0,1801.0,1824.0,1623.0,2481.0,740.0,821.0,920.0,608.0,612.0,604.0,618.0,591.0,592.0,1421.0,1703.0,1869.0,740.0,821.0,920.0,608.0,612.0,604.0
0.0,4815.0,1779.0,1825.0,2299.0,1965.0,327.0,662.0,976.0,608.0,612.0,605.0,594.0,586.0,599.0,1692.0,1627.0,1496.0,327.0,662.0,976.0,608.0,612.0,605.0
0.0,5335.0,1798.0,1825.0,2481.0,1282.0,186.0,448.0,648.0,608.0,612.0,605.0,599.0,607.0,592.0,2105.0,1786.0,1444.0,186.0,448.0,648.0,608.0,612.0,605.0
0.0,6018.0,1739.0,1825.0,1965.0,1056.0,430.0,352.0,274.0,608.0,611.0,606.0,571.0,570.0,598.0,2246.0,2000.0,1772.0,430.0,352.0,274.0,608.0,611.0,606.0
0.0,6244.0,1809.0,1827.0,1282.0,1591.0,848.0,507.0,236.0,609.0,611.0,607.0,600.0,603.0,606.0,2002.0,2092.0,2150.0,848.0,507.0,236.0,609.0,611.0,607.0
0.0,5717.0,1790.0,1826.0,1056.0,2321.0,1008.0,736.0,577.0,609.0,610.0,607.0,590.0,585.0,615.0,1588.0,1937.0,2192.0,1008.0,736.0,577.0,609.0,610.0,607.0
0.0,4983.0,1754.0,1826.0,1591.0,2484.0,747.0,791.0,946.0,609.0,610.0,607.0,587.0,562.0,605.0,1428.0,1704.0,1851.0,747.0,791.0,946.0,609.0,610.0,607.0
0.0,4820.0,1845.0,1828.0,2321.0,2016.0,348.0,681.0,987.0,610.0,610.0,608.0,605.0,626.0,614.0,1689.0,1649.0,1482.0,348.0,681.0,987.0,610.0,610.0,608.0
0.0,5296.0,1843.0,1829.0,2484.0,1379.0,215.0,494.0,670.0,610.0,610.0,609.0,614.0,604.0,625.0,2092.0,1759.0,1445.0,215.0,494.0,670.0,610.0,610.0,609.0
0.0,5937.0,1833.0,1830.0,2016.0,1200.0,482.0,424.0,294.0,611.0,610.0,609.0,611.0,611.0,611.0,2225.0,1946.0,1766.0,482.0,424.0,294.0,611.0,610.0,609.0
0.0,6120.0,1831.0,1831.0,1379.0,1656.0,877.0,540.0,239.0,611.0,610.0,610.0,610.0,610.0,611.0,1962.0,2016.0,2142.0,877.0,540.0,239.0,611.0,610.0,610.0
0.0,5668.0,1859.0,1832.0,1200.0,2319.0,1017.0,742.0,560.0,611.0,611.0,610.0,622.0,622.0,615.0,1567.0,1900.0,2201.0,1017.0,742.0,560.0,611.0,611.0,610.0
0.0,5009.0,1881.0,1832.0,1656.0,2544.0,754.0,818.0,972.0,611.0,610.0,611.0,614.0,620.0,647.0,1427.0,1702.0,1880.0,754.0,818.0,972.0,611.0,610.0,611.0
0.0,4784.0,1969.0,1836.0,2319.0,2210.0,393.0,736.0,1081.0,613.0,611.0,612.0,648.0,656.0,665.0,1690.0,1622.0,1472.0,393.0,736.0,1081.0,613.0,611.0,612.0
0.0,5134.0,1946.0,1840.0,2544.0,1628.0,278.0,582.0,768.0,614.0,612.0,614.0,635.0,660.0,651.0,2059.0,1708.0,1367.0,278.0,582.0,768.0,614.0,612.0,614.0
0.0,5732.0,1958.0,1841.0,2210.0,1380.0,542.0,505.0,333.0,614.0,613.0,614.0,657.0,655.0,646.0,2178.0,1866.0,1688.0,542.0,505.0,333.0,614.0,613.0,614.0
0.0,5984.0,1872.0,1841.0,1628.0,1624.0,891.0,541.0,192.0,614.0,613.0,614.0,627.0,618.0,627.0,1914.0,1947.0,2123.0,891.0,541.0,192.0,614.0,613.0,614.0
0.0,5740.0,1945.0,1843.0,1380.0,2197.0,992.0,697.0,508.0,614.0,614.0,615.0,643.0,657.0,645.0,1565.0,1911.0,2264.0,992.0,697.0,508.0,614.0,614.0,615.0
0.0,5175.0,1852.0,1843.0,1624.0,2425.0,709.0,764.0,952.0,614.0,614.0,615.0,608.0,608.0,636.0,1464.0,1759.0,1952.0,709.0,764.0,952.0,614.0,614.0,615.0
0.0,4947.0,1876.0,1843.0,2197.0,2104.0,347.0,690.0,1067.0,614.0,614.0,615.0,630.0,623.0,623.0,1747.0,1692.0,1508.0,347.0,690.0,1067.0,614.0,614.0,615.0
0.0,5268.0,1959.0,1847.0,2425.0,1654.0,280.0,593.0,781.0,615.0,616.0,616.0,638.0,659.0,662.0,2109.0,1766.0,1393.0,280.0,593.0,781.0,615.0,616.0,616.0
0.0,5734.0,1994.0,1850.0,2104.0,1556.0,593.0,565.0,398.0,616.0,617.0,617.0,656.0,658.0,680.0,2180.0,1871.0,1683.0,593.0,565.0,398.0,616.0,617.0,617.0
0.0,5844.0,1837.0,1850.0,1654.0,1739.0,937.0,580.0,222.0,616.0,617.0,617.0,624.0,608.0,605.0,1871.0,1903.0,2070.0,937.0,580.0,222.0,616.0,617.0,617.0
0.0,5661.0,1986.0,1851.0,1556.0,2173.0,991.0,699.0,483.0,616.0,618.0,617.0,647.0,680.0,659.0,1527.0,1888.0,2246.0,991.0,699.0,483.0,616.0,618.0,617.0
0.0,5231.0,1964.0,1852.0,1739.0,2402.0,690.0,786.0,926.0,616.0,619.0,617.0,636.0,663.0,665.0,1473.0,1773.0,1985.0,690.0,786.0,926.0,616.0,619.0,617.0
0.0,5006.0,1887.0,1852.0,2173.0,2116.0,327.0,731.0,1058.0,616.0,619.0,617.0,628.0,644.0,615.0,1774.0,1690.0,1542.0,327.0,731.0,1058.0,616.0,619.0,617.0
0.0,5292.0,1829.0,1852.0,2402.0,1543.0,246.0,555.0,742.0,616.0,619.0,617.0,609.0,610.0,610.0,2137.0,1745.0,1410.0,246.0,555.0,742.0,616.0,619.0,617.0
0.0,5865.0,1938.0,1854.0,2116.0,1373.0,566.0,491.0,316.0,617.0,620.0,617.0,643.0,663.0,632.0,2218.0,1921.0,1726.0,566.0,491.0,316.0,617.0,620.0,617.0
0.0,6043.0,1958.0,1853.0,1543.0,1784.0,986.0,576.0,222.0,617.0,620.0,616.0,666.0,640.0,652.0,1902.0,1989.0,2152.0,986.0,576.0,222.0,617.0,620.0,616.0
0.0,5628.0,1855.0,1854.0,1373.0,2270.0,1034.0,707.0,529.0,618.0,620.0,616.0,610.0,622.0,623.0,1482.0,1904.0,2242.0,1034.0,707.0,529.0,618.0,620.0,616.0
0.0,5146.0,1896.0,1856.0,1784.0,2390.0,689.0,762.0,939.0,619.0,620.0,617.0,637.0,631.0,628.0,1438.0,1773.0,1935.0,689.0,762.0,939.0,619.0,620.0,617.0
0.0,5034.0,1915.0,1855.0,2270.0,2031.0,281.0,702.0,1048.0,619.0,620.0,616.0,626.0,647.0,642.0,1787.0,1718.0,1529.0,281.0,702.0,1048.0,619.0,620.0,616.0
0.0,5389.0,1864.0,1855.0,2390.0,1505.0,213.0,540.0,752.0,619.0,619.0,617.0,621.0,604.0,639.0,2195.0,1778.0,1416.0,213.0,540.0,752.0,619.0,619.0,617.0
0.0,5915.0,1915.0,1857.0,2031.0,1397.0,568.0,481.0,348.0,620.0,619.0,618.0,632.0,643.0,640.0,2263.0,1936.0,1716.0,568.0,481.0,348.0,620.0,619.0,618.0
0.0,6031.0,1827.0,1856.0,1505.0,1715.0,965.0,543.0,207.0,620.0,619.0,617.0,610.0,602.0,615.0,1912.0,1995.0,2124.0,965.0,543.0,207.0,620.0,619.0,617.0
0.0,5709.0,1893.0,1861.0,1397.0,2231.0,1041.0,682.0,508.0,622.0,620.0,619.0,636.0,616.0,641.0,1515.0,1933.0,2261.0,1041.0,682.0,508.0,622.0,620.0,619.0
0.0,5213.0,1904.0,1863.0,1715.0,2428.0,720.0,781.0,927.0,623.0,620.0,620.0,640.0,642.0,622.0,1447.0,1798.0,1968.0,720.0,781.0,927.0,623.0,620.0,620.0
0.0,5024.0,1838.0,1862.0,2231.0,2031.0,305.0,684.0,1042.0,623.0,619.0,620.0,626.0,589.0,623.0,1772.0,1699.0,1553.0,305.0,684.0,1042.0,623.0,619.0,620.0
0.0,5417.0,1884.0,1861.0,2428.0,1483.0,227.0,532.0,724.0,623.0,619.0,619.0,642.0,629.0,613.0,2187.0,1792.0,1438.0,227.0,532.0,724.0,623.0,619.0,619.0
0.0,5961.0,1819.0,1861.0,2031.0,1271.0,564.0,430.0,277.0,624.0,618.0,619.0,638.0,586.0,595.0,2265.0,1944.0,1752.0,564.0,430.0,277.0,624.0,618.0,619.0
0.0,6173.0,1916.0,1864.0,1483.0,1716.0,982.0,540.0,194.0,625.0,619.0,620.0,641.0,638.0,637.0,1932.0,2042.0,2199.0,982.0,540.0,194.0,625.0,619.0,620.0
0.0,5740.0,1900.0,1866.0,1271.0,2353.0,1042.0,747.0,564.0,625.0,620.0,621.0,624.0,633.0,643.0,1518.0,1936.0,2286.0,1042.0,747.0,564.0,625.0,620.0,621.0
0.0,5111.0,1962.0,1867.0,1716.0,2603.0,725.0,903.0,975.0,625.0,621.0,621.0,665.0,692.0,605.0,1458.0,1733.0,1920.0,725.0,903.0,975.0,625.0,621.0,621.0
0.0,4865.0,1935.0,1872.0,2353.0,2205.0,362.0,772.0,1071.0,627.0,622.0,623.0,671.0,612.0,652.0,1775.0,1581.0,1509.0,362.0,772.0,1071.0,627.0,622.0,623.0
0.0,5283.0,1768.0,1869.0,2603.0,1358.0,249.0,445.0,664.0,626.0,621.0,622.0,616.0,580.0,572.0,2146.0,1716.0,1421.0,249.0,445.0,664.0,626.0,621.0,622.0
0.0,6118.0,1922.0,1871.0,2205.0,1083.0,534.0,330.0,219.0,626.0,622.0,623.0,647.0,653.0,622.0,2255.0,2039.0,1824.0,534.0,330.0,219.0,626.0,622.0,623.0
0.0,6401.0,1946.0,1874.0,1358.0,1683.0,962.0,516.0,205.0,627.0,623.0,624.0,673.0,627.0,646.0,1970.0,2158.0,2273.0,962.0,516.0,205.0,627.0,623.0,624.0
0.0,5813.0,1913.0,1875.0,1083.0,2517.0,1097.0,823.0,597.0,628.0,623.0,624.0,665.0,637.0,611.0,1546.0,1976.0,2291.0,1097.0,823.0,597.0,628.0,623.0,624.0
0.0,4983.0,1885.0,1879.0,1683.0,2735.0,779.0,940.0,1016.0,629.0,624.0,626.0,640.0,629.0,616.0,1415.0,1669.0,1899.0,779.0,940.0,1016.0,629.0,624.0,626.0
0.0,4781.0,1967.0,1883.0,2517.0,2201.0,344.0,778.0,1079.0,630.0,626.0,627.0,658.0,653.0,656.0,1737.0,1556.0,1488.0,344.0,778.0,1079.0,630.0,626.0,627.0
0.0,5331.0,1880.0,1883.0,2735.0,1346.0,184.0,491.0,671.0,630.0,626.0,627.0,619.0,653.0,608.0,2176.0,1726.0,1429.0,184.0,491.0,671.0,630.0,626.0,627.0
0.0,6186.0,1839.0,1880.0,2201.0,972.0,447.0,340.0,185.0,628.0,626.0,626.0,615.0,627.0,597.0,2336.0,2013.0,1837.0,447.0,340.0,185.0,628.0,626.0,626.0
0.0,6548.0,1819.0,1880.0,1346.0,1445.0,865.0,460.0,120.0,628.0,626.0,626.0,602.0,611.0,606.0,2065.0,2164.0,2319.0,865.0,460.0,120.0,628.0,626.0,626.0
0.0,6075.0,1842.0,1881.0,972.0,2319.0,1009.0,772.0,538.0,628.0,627.0,626.0,591.0,648.0,603.0,1647.0,2044.0,2384.0,1009.0,772.0,538.0,628.0,627.0,626.0
0.0,5205.0,1920.0,1884.0,1445.0,2806.0,775.0,963.0,1068.0,629.0,628.0,627.0,627.0,647.0,646.0,1503.0,1736.0,1966.0,775.0,963.0,1068.0,629.0,628.0,627.0
0.0,4730.0,1920.0,1888.0,2319.0,2423.0,393.0,850.0,1180.0,630.0,630.0,628.0,623.0,651.0,646.0,1741.0,1549.0,1440.0,393.0,850.0,1180.0,630.0,630.0,628.0
0.0,5129.0,1899.0,1890.0,2806.0,1524.0,240.0,539.0,745.0,630.0,631.0,629.0,622.0,648.0,629.0,2127.0,1670.0,1332.0,240.0,539.0,745.0,630.0,631.0,629.0
0.0,6036.0,1903.0,1891.0,2423.0,1008.0,454.0,355.0,199.0,630.0,632.0,629.0,607.0,662.0,634.0,2280.0,1985.0,1771.0,454.0,355.0,199.0,630.0,632.0,629.0
0.0,6556.0,1868.0,1893.0,1524.0,1360.0,835.0,448.0,77.0,631.0,633.0,629.0,617.0,628.0,623.0,2066.0,2173.0,2317.0,835.0,448.0,77.0,631.0,633.0,629.0
0.0,6212.0,1870.0,1894.0,1008.0,2226.0,987.0,713.0,526.0,631.0,633.0,630.0,606.0,620.0,644.0,1689.0,2084.0,2439.0,987.0,713.0,526.0,631.0,633.0,630.0
0.0,5350.0,1997.0,1898.0,1360.0,2879.0,802.0,956.0,1121.0,632.0,635.0,631.0,646.0,683.0,668.0,1537.0,1819.0,1994.0,802.0,956.0,1121.0,632.0,635.0,631.0
0.0,4713.0,1929.0,1899.0,2226.0,2586.0,456.0,882.0,1248.0,632.0,635.0,632.0,641.0,639.0,649.0,1726.0,1584.0,1403.0,456.0,882.0,1248.0,632.0,635.0,632.0
0.0,5010.0,1990.0,1902.0,2879.0,1709.0,310.0,590.0,809.0,633.0,636.0,633.0,652.0,660.0,678.0,2072.0,1658.0,1280.0,310.0,590.0,809.0,633.0,636.0,633.0
0.0,5899.0,2058.0,1906.0,2586.0,1197.0,529.0,393.0,275.0,634.0,637.0,635.0,671.0,681.0,706.0,2222.0,1954.0,1723.0,529.0,393.0,275.0,634.0,637.0,635.0
0.0,6427.0,2023.0,1908.0,1709.0,1519.0,898.0,472.0,149.0,635.0,638.0,635.0,675.0,665.0,683.0,2007.0,2155.0,2265.0,898.0,472.0,149.0,635.0,638.0,635.0
0.0,6113.0,2040.0,1910.0,1197.0,2370.0,1053.0,734.0,583.0,636.0,638.0,636.0,680.0,655.0,705.0,1642.0,2080.0,2391.0,1053.0,734.0,583.0,636.0,638.0,636.0
0.0,5270.0,2004.0,1910.0,1519.0,2855.0,827.0,923.0,1105.0,636.0,638.0,636.0,672.0,661.0,671.0,1491.0,1818.0,1961.0,827.0,923.0,1105.0,636.0,638.0,636.0
0.0,4785.0,1939.0,1911.0,2370.0,2428.0,423.0,813.0,1192.0,636.0,638.0,637.0,649.0,624.0,666.0,1717.0,1629.0,1439.0,423.0,813.0,1192.0,636.0,638.0,637.0
0.0,5216.0,2133.0,1916.0,2855.0,1726.0,321.0,588.0,817.0,638.0,639.0,639.0,717.0,694.0,722.0,2121.0,1739.0,1356.0,321.0,588.0,817.0,638.0,639.0,639.0
0.0,5938.0,2081.0,1918.0,2428.0,1387.0,608.0,443.0,336.0,639.0,639.0,640.0,706.0,668.0,707.0,2231.0,1968.0,1739.0,608.0,443.0,336.0,639.0,639.0,640.0
0.0,6285.0,2016.0,1921.0,1726.0,1689.0,964.0,511.0,214.0,640.0,640.0,641.0,673.0,652.0,691.0,1948.0,2113.0,2224.0,964.0,511.0,214.0,640.0,640.0,641.0
0.0,5995.0,1972.0,1924.0,1387.0,2286.0,1016.0,730.0,540.0,641.0,641.0,642.0,656.0,658.0,658.0,1596.0,2049.0,2350.0,1016.0,730.0,540.0,641.0,641.0,642.0
0.0,5410.0,1908.0,1922.0,1689.0,2497.0,687.0,830.0,980.0,641.0,640.0,641.0,635.0,615.0,658.0,1548.0,1834.0,2028.0,687.0,830.0,980.0,641.0,640.0,641.0
0.0,5191.0,1958.0,1922.0,2286.0,2169.0,324.0,741.0,1104.0,641.0,640.0,641.0,653.0,641.0,664.0,1877.0,1730.0,1584.0,324.0,741.0,1104.0,641.0,640.0,641.0
0.0,5519.0,1935.0,1924.0,2497.0,1615.0,274.0,569.0,772.0,641.0,641.0,642.0,637.0,654.0,644.0,2240.0,1819.0,1460.0,274.0,569.0,772.0,641.0,641.0,642.0
0.0,6081.0,1966.0,1923.0,2169.0,1408.0,602.0,480.0,326.0,641.0,640.0,642.0,652.0,656.0,658.0,2290.0,1995.0,1796.0,602.0,480.0,326.0,641.0,640.0,642.0
0.0,6284.0,1973.0,1924.0,1615.0,1770.0,1008.0,561.0,201.0,642.0,640.0,642.0,676.0,650.0,647.0,1962.0,2080.0,2242.0,1008.0,561.0,201.0,642.0,640.0,642.0
0.0,5926.0,2022.0,1925.0,1408.0,2388.0,1092.0,757.0,539.0,643.0,640.0,642.0,682.0,676.0,664.0,1560.0,1999.0,2367.0,1092.0,757.0,539.0,643.0,640.0,642.0
0.0,5312.0,1924.0,1928.0,1770.0,2554.0,728.0,837.0,989.0,644.0,641.0,643.0,640.0,637.0,647.0,1480.0,1803.0,2029.0,728.0,837.0,989.0,644.0,641.0,643.0
0.0,5158.0,1993.0,1929.0,2388.0,2163.0,304.0,739.0,1120.0,644.0,641.0,644.0,668.0,659.0,666.0,1848.0,1727.0,1583.0,304.0,739.0,1120.0,644.0,641.0,644.0
0.0,5553.0,2035.0,1930.0,2554.0,1648.0,239.0,606.0,803.0,644.0,642.0,644.0,663.0,700.0,672.0,2272.0,1825.0,1456.0,239.0,606.0,803.0,644.0,642.0,644.0
0.0,6072.0,1894.0,1931.0,2163.0,1383.0,581.0,498.0,304.0,645.0,642.0,644.0,642.0,631.0,621.0,2337.0,1962.0,1773.0,581.0,498.0,304.0,645.0,642.0,644.0
0.0,6341.0,1935.0,1931.0,1648.0,1670.0,1002.0,531.0,137.0,645.0,642.0,644.0,660.0,639.0,636.0,1999.0,2070.0,2272.0,1002.0,531.0,137.0,645.0,642.0,644.0
0.0,6054.0,1896.0,1932.0,1383.0,2187.0,1024.0,708.0,455.0,645.0,643.0,644.0,603.0,671.0,622.0,1578.0,2037.0,2439.0,1024.0,708.0,455.0,645.0,643.0,644.0
0.0,5541.0,1961.0,1933.0,1670.0,2482.0,676.0,828.0,978.0,645.0,644.0,644.0,654.0,647.0,660.0,1556.0,1864.0,2121.0,676.0,828.0,978.0,645.0,644.0,644.0
0.0,5250.0,1891.0,1933.0,2187.0,2186.0,269.0,773.0,1144.0,645.0,644.0,644.0,617.0,653.0,621.0,1904.0,1748.0,1598.0,269.0,773.0,1144.0,645.0,644.0,644.0
0.0,5546.0,1997.0,1936.0,2482.0,1713.0,252.0,634.0,827.0,646.0,645.0,645.0,655.0,685.0,657.0,2311.0,1803.0,1432.0,252.0,634.0,827.0,646.0,645.0,645.0
0.0,6031.0,2004.0,1938.0,2186.0,1539.0,651.0,558.0,330.0,646.0,647.0,645.0,668.0,689.0,647.0,2332.0,1946.0,1753.0,651.0,558.0,330.0,646.0,647.0,645.0
0.0,6213.0,1974.0,1940.0,1713.0,1808.0,1058.0,588.0,162.0,647.0,647.0,646.0,655.0,664.0,655.0,1933.0,2030.0,2250.0,1058.0,588.0,162.0,647.0,647.0,646.0
0.0,5952.0,2021.0,1943.0,1539.0,2302.0,1094.0,712.0,496.0,648.0,649.0,646.0,683.0,674.0,664.0,1530.0,2000.0,2422.0,1094.0,712.0,496.0,648.0,649.0,646.0
0.0,5470.0,2028.0,1947.0,1808.0,2538.0,715.0,805.0,1018.0,649.0,650.0,648.0,675.0,677.0,676.0,1498.0,1884.0,2088.0,715.0,805.0,1018.0,649.0,650.0,648.0
0.0,5250.0,2035.0,1951.0,2302.0,2287.0,275.0,830.0,1182.0,649.0,653.0,649.0,654.0,725.0,656.0,1881.0,1795.0,1574.0,275.0,830.0,1182.0,649.0,653.0,649.0
0.0,5517.0,2018.0,1951.0,2538.0,1767.0,226.0,711.0,830.0,649.0,653.0,649.0,666.0,686.0,666.0,2321.0,1782.0,1414.0,226.0,711.0,830.0,649.0,653.0,649.0
0.0,6037.0,1921.0,1953.0,2287.0,1409.0,609.0,539.0,261.0,650.0,654.0,649.0,654.0,654.0,613.0,2370.0,1901.0,1766.0,609.0,539.0,261.0,650.0,654.0,649.0
0.0,6403.0,1941.0,1952.0,1767.0,1579.0,1029.0,483.0,67.0,650.0,653.0,649.0,646.0,659.0,636.0,1991.0,2077.0,2335.0,1029.0,483.0,67.0,650.0,653.0,649.0
0.0,6229.0,2069.0,1955.0,1409.0,2251.0,1107.0,655.0,489.0,650.0,655.0,650.0,687.0,703.0,679.0,1571.0,2129.0,2529.0,1107.0,655.0,489.0,650.0,655.0,650.0
0.0,5569.0,2050.0,1960.0,1579.0,2742.0,764.0,874.0,1104.0,651.0,657.0,652.0,682.0,694.0,674.0,1493.0,1965.0,2111.0,764.0,874.0,1104.0,651.0,657.0,652.0
0.0,5098.0,1967.0,1961.0,2251.0,2462.0,330.0,879.0,1253.0,652.0,657.0,652.0,669.0,660.0,638.0,1840.0,1754.0,1504.0,330.0,879.0,1253.0,652.0,657.0,652.0
0.0,5382.0,2000.0,1962.0,2742.0,1724.0,238.0,681.0,805.0,652.0,658.0,652.0,672.0,672.0,656.0,2278.0,1749.0,1355.0,238.0,681.0,805.0,652.0,658.0,652.0
0.0,6124.0,1973.0,1964.0,2462.0,1243.0,581.0,465.0,197.0,652.0,659.0,653.0,673.0,659.0,641.0,2370.0,1951.0,1803.0,581.0,465.0,197.0,652.0,659.0,653.0
0.0,6613.0,1974.0,1964.0,1724.0,1493.0,1009.0,446.0,38.0,652.0,659.0,653.0,666.0,662.0,646.0,2027.0,2171.0,2415.0,1009.0,446.0,38.0,652.0,659.0,653.0
0.0,6363.0,1995.0,1966.0,1243.0,2253.0,1084.0,665.0,504.0,652.0,660.0,654.0,656.0,680.0,659.0,1599.0,2190.0,2574.0,1084.0,665.0,504.0,652.0,660.0,654.0
0.0,5611.0,1922.0,1966.0,1493.0,2682.0,709.0,872.0,1101.0,652.0,660.0,654.0,634.0,653.0,635.0,1524.0,1975.0,2112.0,709.0,872.0,1101.0,652.0,660.0,654.0
0.0,5182.0,1939.0,1968.0,2253.0,2376.0,276.0,857.0,1243.0,653.0,660.0,655.0,647.0,650.0,642.0,1899.0,1768.0,1515.0,276.0,857.0,1243.0,653.0,660.0,655.0
0.0,5496.0,1946.0,1970.0,2682.0,1648.0,215.0,656.0,777.0,654.0,661.0,655.0,644.0,667.0,635.0,2336.0,1783.0,1377.0,215.0,656.0,777.0,654.0,661.0,655.0
0.0,6232.0,1982.0,1973.0,2376.0,1266.0,594.0,447.0,225.0,655.0,661.0,657.0,651.0,648.0,683.0,2401.0,1988.0,1843.0,594.0,447.0,225.0,655.0,661.0,657.0
0.0,6626.0,2053.0,1976.0,1648.0,1683.0,1044.0,487.0,152.0,656.0,662.0,658.0,661.0,692.0,700.0,2026.0,2197.0,2403.0,1044.0,487.0,152.0,656.0,662.0,658.0
0.0,6221.0,1987.0,1977.0,1266.0,2408.0,1096.0,695.0,617.0,656.0,662.0,659.0,646.0,655.0,686.0,1580.0,2161.0,2480.0,1096.0,695.0,617.0,656.0,662.0,659.0
0.0,5500.0,1888.0,1977.0,1683.0,2613.0,666.0,830.0,1117.0,656.0,662.0,659.0,614.0,622.0,652.0,1528.0,1953.0,2019.0,666.0,830.0,1117.0,656.0,662.0,659.0
0.0,5295.0,2021.0,1979.0,2408.0,2234.0,232.0,800.0,1202.0,657.0,662.0,660.0,658.0,665.0,698.0,1958.0,1818.0,1519.0,232.0,800.0,1202.0,657.0,662.0,660.0
0.0,5682.0,2058.0,1983.0,2613.0,1695.0,255.0,657.0,783.0,658.0,663.0,662.0,685.0,683.0,690.0,2396.0,1848.0,1438.0,255.0,657.0,783.0,658.0,663.0,662.0
0.0,6237.0,1970.0,1985.0,2234.0,1439.0,665.0,518.0,256.0,659.0,664.0,662.0,638.0,657.0,675.0,2377.0,1995.0,1865.0,665.0,518.0,256.0,659.0,664.0,662.0
0.0,6501.0,1901.0,1984.0,1695.0,1641.0,1046.0,494.0,101.0,659.0,663.0,662.0,636.0,637.0,628.0,1971.0,2138.0,2392.0,1046.0,494.0,101.0,659.0,663.0,662.0
0.0,6295.0,1978.0,1984.0,1439.0,2180.0,1058.0,629.0,493.0,659.0,663.0,662.0,677.0,653.0,648.0,1590.0,2158.0,2547.0,1058.0,629.0,493.0,659.0,663.0,662.0
0.0,5756.0,2027.0,1985.0,1641.0,2570.0,689.0,800.0,1081.0,660.0,663.0,662.0,673.0,665.0,689.0,1578.0,2023.0,2155.0,689.0,800.0,1081.0,660.0,663.0,662.0
0.0,5370.0,1874.0,1981.0,2180.0,2248.0,236.0,797.0,1215.0,659.0,662.0,660.0,609.0,630.0,635.0,1951.0,1852.0,1567.0,236.0,797.0,1215.0,659.0,662.0,660.0
0.0,5676.0,1934.0,1980.0,2570.0,1608.0,182.0,634.0,792.0,658.0,662.0,660.0,639.0,637.0,658.0,2400.0,1851.0,1425.0,182.0,634.0,792.0,658.0,662.0,660.0
0.0,6312.0,2034.0,1980.0,2248.0,1394.0,608.0,514.0,272.0,658.0,662.0,660.0,662.0,677.0,695.0,2450.0,2014.0,1848.0,608.0,514.0,272.0,658.0,662.0,660.0
0.0,6526.0,1969.0,1979.0,1608.0,1751.0,1079.0,529.0,143.0,657.0,662.0,660.0,657.0,649.0,663.0,2024.0,2134.0,2368.0,1079.0,529.0,143.0,657.0,662.0,660.0
0.0,6165.0,2059.0,1981.0,1394.0,2424.0,1147.0,699.0,578.0,658.0,663.0,660.0,672.0,680.0,707.0,1549.0,2119.0,2497.0,1147.0,699.0,578.0,658.0,663.0,660.0
0.0,5500.0,2040.0,1979.0,1751.0,2705.0,749.0,858.0,1098.0,657.0,663.0,659.0,685.0,688.0,667.0,1485.0,1953.0,2062.0,749.0,858.0,1098.0,657.0,663.0,659.0
0.0,5211.0,2110.0,1980.0,2424.0,2395.0,300.0,853.0,1242.0,657.0,663.0,660.0,698.0,694.0,718.0,1879.0,1794.0,1538.0,300.0,853.0,1242.0,657.0,663.0,660.0
0.0,5525.0,2143.0,1982.0,2705.0,1841.0,275.0,717.0,849.0,658.0,664.0,660.0,720.0,718.0,705.0,2328.0,1799.0,1398.0,275.0,717.0,849.0,658.0,664.0,660.0
0.0,6087.0,2080.0,1984.0,2395.0,1534.0,688.0,558.0,288.0,659.0,665.0,660.0,709.0,690.0,681.0,2357.0,1939.0,1791.0,688.0,558.0,288.0,659.0,665.0,660.0
0.0,6402.0,2115.0,1987.0,1841.0,1820.0,1140.0,536.0,144.0,660.0,666.0,661.0,723.0,691.0,701.0,1948.0,2102.0,2352.0,1140.0,536.0,144.0,660.0,666.0,661.0
0.0,6128.0,2028.0,1989.0,1534.0,2322.0,1122.0,666.0,534.0,661.0,667.0,661.0,666.0,684.0,678.0,1500.0,2128.0,2500.0,1122.0,666.0,534.0,661.0,667.0,661.0
0.0,5634.0,1935.0,1989.0,1820.0,2437.0,625.0,789.0,1023.0,661.0,667.0,661.0,643.0,659.0,633.0,1522.0,2002.0,2110.0,625.0,789.0,1023.0,661.0,667.0,661.0
0.0,5519.0,2009.0,1990.0,2322.0,2128.0,175.0,807.0,1146.0,661.0,668.0,661.0,672.0,680.0,657.0,2019.0,1879.0,1621.0,175.0,807.0,1146.0,661.0,668.0,661.0
0.0,5832.0,2038.0,1992.0,2437.0,1737.0,201.0,719.0,817.0,661.0,669.0,662.0,651.0,697.0,690.0,2469.0,1865.0,1498.0,201.0,719.0,817.0,661.0,669.0,662.0
0.0,6231.0,2087.0,1992.0,2128.0,1696.0,715.0,620.0,361.0,661.0,669.0,662.0,689.0,708.0,690.0,2443.0,1957.0,1831.0,715.0,620.0,361.0,661.0,669.0,662.0
0.0,6272.0,1973.0,1993.0,1737.0,1936.0,1178.0,571.0,187.0,661.0,670.0,662.0,664.0,666.0,643.0,1929.0,2056.0,2287.0,1178.0,571.0,187.0,661.0,670.0,662.0
0.0,6036.0,2012.0,1993.0,1696.0,2252.0,1129.0,633.0,490.0,661.0,670.0,662.0,666.0,682.0,664.0,1466.0,2109.0,2461.0,1129.0,633.0,490.0,661.0,670.0,662.0
0.0,5720.0,2091.0,1996.0,1936.0,2419.0,633.0,785.0,1001.0,662.0,671.0,663.0,678.0,719.0,694.0,1515.0,2047.0,2158.0,633.0,785.0,1001.0,662.0,671.0,663.0
0.0,5565.0,2068.0,1998.0,2252.0,2243.0,183.0,872.0,1188.0,662.0,672.0,664.0,679.0,716.0,673.0,2015.0,1899.0,1651.0,183.0,872.0,1188.0,662.0,672.0,664.0
0.0,5749.0,1998.0,2000.0,2419.0,1830.0,192.0,791.0,847.0,662.0,674.0,664.0,642.0,696.0,660.0,2465.0,1816.0,1468.0,192.0,791.0,847.0,662.0,674.0,664.0
0.0,6170.0,1963.0,2001.0,2243.0,1554.0,671.0,592.0,291.0,663.0,674.0,664.0,658.0,673.0,632.0,2456.0,1905.0,1809.0,671.0,592.0,291.0,663.0,674.0,664.0
0.0,6450.0,2075.0,2003.0,1830.0,1807.0,1165.0,498.0,144.0,664.0,674.0,665.0,682.0,697.0,696.0,1981.0,2104.0,2365.0,1165.0,498.0,144.0,664.0,674.0,665.0
0.0,6205.0,2012.0,2005.0,1554.0,2273.0,1151.0,577.0,545.0,664.0,675.0,666.0,657.0,667.0,688.0,1491.0,2198.0,2516.0,1151.0,577.0,545.0,664.0,675.0,666.0
0.0,5747.0,2129.0,2007.0,1807.0,2603.0,689.0,799.0,1115.0,665.0,675.0,667.0,699.0,720.0,710.0,1505.0,2123.0,2119.0,689.0,799.0,1115.0,665.0,675.0,667.0
0.0,5425.0,2086.0,2010.0,2273.0,2428.0,248.0,926.0,1254.0,666.0,676.0,668.0,706.0,700.0,680.0,1971.0,1901.0,1553.0,248.0,926.0,1254.0,666.0,676.0,668.0
0.0,5612.0,1929.0,2008.0,2603.0,1746.0,185.0,775.0,786.0,665.0,675.0,668.0,630.0,652.0,647.0,2416.0,1778.0,1418.0,185.0,775.0,786.0,665.0,675.0,668.0
0.0,6286.0,2077.0,2010.0,2428.0,1403.0,636.0,545.0,222.0,666.0,676.0,668.0,695.0,692.0,690.0,2475.0,1925.0,1886.0,636.0,545.0,222.0,666.0,676.0,668.0
0.0,6637.0,2141.0,2012.0,1746.0,1806.0,1180.0,477.0,149.0,667.0,676.0,669.0,725.0,707.0,709.0,2028.0,2159.0,2450.0,1180.0,477.0,149.0,667.0,676.0,669.0
0.0,6242.0,2119.0,2014.0,1403.0,2530.0,1255.0,636.0,639.0,668.0,676.0,670.0,707.0,704.0,708.0,1488.0,2227.0,2527.0,1255.0,636.0,639.0,668.0,676.0,670.0
0.0,5526.0,2023.0,2014.0,1806.0,2747.0,747.0,822.0,1178.0,668.0,676.0,670.0,672.0,663.0,688.0,1417.0,2068.0,2041.0,747.0,822.0,1178.0,668.0,676.0,670.0
0.0,5309.0,1975.0,2014.0,2530.0,2192.0,164.0,827.0,1201.0,668.0,675.0,671.0,672.0,645.0,658.0,1925.0,1882.0,1502.0,164.0,827.0,1201.0,668.0,675.0,671.0
0.0,5864.0,2001.0,2016.0,2747.0,1454.0,102.0,666.0,686.0,669.0,675.0,672.0,681.0,661.0,659.0,2508.0,1873.0,1483.0,102.0,666.0,686.0,669.0,675.0,672.0
0.0,6610.0,2076.0,2016.0,2192.0,1338.0,644.0,532.0,162.0,669.0,675.0,672.0,706.0,693.0,677.0,2574.0,2034.0,2002.0,644.0,532.0,162.0,669.0,675.0,672.0
0.0,6726.0,1986.0,2016.0,1454.0,1870.0,1199.0,527.0,144.0,669.0,675.0,672.0,657.0,661.0,668.0,2032.0,2168.0,2526.0,1199.0,527.0,144.0,669.0,675.0,672.0
0.0,6194.0,2028.0,2017.0,1338.0,2564.0,1229.0,660.0,675.0,669.0,675.0,673.0,674.0,665.0,689.0,1477.0,2173.0,2544.0,1229.0,660.0,675.0,669.0,675.0,673.0
0.0,5504.0,2036.0,2016.0,1870.0,2726.0,714.0,793.0,1219.0,669.0,674.0,673.0,684.0,664.0,688.0,1447.0,2040.0,2017.0,714.0,793.0,1219.0,669.0,674.0,673.0
0.0,5338.0,2076.0,2018.0,2564.0,2246.0,159.0,830.0,1257.0,669.0,675.0,674.0,674.0,693.0,709.0,1962.0,1903.0,1473.0,159.0,830.0,1257.0,669.0,675.0,674.0
0.0,5826.0,2026.0,2020.0,2726.0,1554.0,102.0,700.0,752.0,669.0,675.0,676.0,657.0,663.0,706.0,2517.0,1870.0,1439.0,102.0,700.0,752.0,669.0,675.0,676.0
0.0,6526.0,2098.0,2022.0,2246.0,1414.0,628.0,577.0,209.0,669.0,676.0,677.0,685.0,703.0,710.0,2574.0,2000.0,1952.0,628.0,577.0,209.0,669.0,676.0,677.0
0.0,6674.0,1929.0,2022.0,1554.0,1789.0,1183.0,510.0,96.0,670.0,675.0,677.0,653.0,637.0,639.0,2048.0,2127.0,2499.0,1183.0,510.0,96.0,670.0,675.0,677.0
0.0,6299.0,2086.0,2024.0,1414.0,2469.0,1239.0,639.0,591.0,670.0,676.0,678.0,684.0,702.0,700.0,1497.0,2190.0,2612.0,1239.0,639.0,591.0,670.0,676.0,678.0
0.0,5627.0,2071.0,2026.0,1789.0,2759.0,746.0,797.0,1216.0,671.0,676.0,679.0,686.0,668.0,717.0,1441.0,2065.0,2121.0,746.0,797.0,1216.0,671.0,676.0,679.0
0.0,5345.0,2063.0,2029.0,2469.0,2365.0,189.0,856.0,1320.0,672.0,677.0,680.0,678.0,694.0,691.0,1938.0,1907.0,1500.0,189.0,856.0,1320.0,672.0,677.0,680.0
0.0,5751.0,2118.0,2030.0,2759.0,1728.0,148.0,751.0,829.0,673.0,677.0,680.0,701.0,692.0,725.0,2499.0,1852.0,1400.0,148.0,751.0,829.0,673.0,677.0,680.0
0.0,6392.0,2026.0,2030.0,2365.0,1389.0,640.0,558.0,191.0,673.0,677.0,680.0,681.0,663.0,682.0,2544.0,1957.0,1891.0,640.0,558.0,191.0,673.0,677.0,680.0
0.0,6731.0,2087.0,2035.0,1728.0,1768.0,1186.0,508.0,74.0,675.0,679.0,681.0,686.0,693.0,708.0,2052.0,2150.0,2529.0,1186.0,508.0,74.0,675.0,679.0,681.0
0.0,6372.0,1976.0,2034.0,1389.0,2351.0,1176.0,617.0,558.0,674.0,679.0,681.0,634.0,667.0,675.0,1514.0,2208.0,2650.0,1176.0,617.0,558.0,674.0,679.0,681.0
0.0,5785.0,1999.0,2032.0,1768.0,2574.0,623.0,764.0,1187.0,673.0,678.0,681.0,637.0,659.0,703.0,1520.0,2099.0,2166.0,623.0,764.0,1187.0,673.0,678.0,681.0
0.0,5554.0,2122.0,2036.0,2351.0,2361.0,124.0,880.0,1357.0,674.0,680.0,682.0,673.0,725.0,724.0,2069.0,1948.0,1537.0,124.0,880.0,1357.0,674.0,680.0,682.0
0.0,5783.0,2025.0,2037.0,2574.0,1816.0,159.0,792.0,865.0,674.0,680.0,683.0,658.0,676.0,691.0,2572.0,1840.0,1371.0,159.0,792.0,865.0,674.0,680.0,683.0
0.0,6332.0,2084.0,2039.0,2361.0,1547.0,709.0,609.0,229.0,674.0,681.0,684.0,674.0,693.0,717.0,2537.0,1928.0,1867.0,709.0,609.0,229.0,674.0,681.0,684.0
0.0,6609.0,2123.0,2042.0,1816.0,1866.0,1241.0,541.0,84.0,675.0,682.0,685.0,687.0,720.0,716.0,1987.0,2115.0,2507.0,1241.0,541.0,84.0,675.0,682.0,685.0
0.0,6302.0,2035.0,2045.0,1547.0,2366.0,1189.0,646.0,531.0,675.0,684.0,686.0,657.0,706.0,672.0,1459.0,2187.0,2656.0,1189.0,646.0,531.0,675.0,684.0,686.0
0.0,5814.0,2101.0,2048.0,1866.0,2613.0,654.0,813.0,1146.0,677.0,685.0,686.0,698.0,704.0,699.0,1511.0,2090.0,2213.0,654.0,813.0,1146.0,677.0,685.0,686.0
0.0,5579.0,2181.0,2051.0,2366.0,2440.0,189.0,901.0,1350.0,678.0,686.0,687.0,720.0,730.0,731.0,2054.0,1927.0,1598.0,189.0,901.0,1350.0,678.0,686.0,687.0
0.0,5764.0,2101.0,2054.0,2613.0,1940.0,250.0,785.0,905.0,679.0,687.0,688.0,711.0,693.0,697.0,2523.0,1843.0,1398.0,250.0,785.0,905.0,679.0,687.0,688.0
0.0,6276.0,2097.0,2054.0,2440.0,1597.0,743.0,594.0,260.0,679.0,687.0,688.0,682.0,710.0,705.0,2466.0,1963.0,1847.0,743.0,594.0,260.0,679.0,687.0,688.0
0.0,6619.0,2163.0,2056.0,1940.0,1828.0,1233.0,536.0,59.0,680.0,688.0,688.0,736.0,723.0,704.0,1973.0,2154.0,2492.0,1233.0,536.0,59.0,680.0,688.0,688.0
0.0,6396.0,2058.0,2055.0,1597.0,2285.0,1181.0,653.0,451.0,680.0,688.0,687.0,691.0,711.0,656.0,1487.0,2216.0,2693.0,1181.0,653.0,451.0,680.0,688.0,687.0
0.0,5935.0,2126.0,2055.0,1828.0,2583.0,655.0,830.0,1098.0,680.0,688.0,687.0,707.0,713.0,706.0,1539.0,2099.0,2297.0,655.0,830.0,1098.0,680.0,688.0,687.0
0.0,5637.0,2141.0,2056.0,2285.0,2443.0,215.0,890.0,1338.0,680.0,689.0,687.0,741.0,709.0,691.0,2065.0,1922.0,1650.0,215.0,890.0,1338.0,680.0,689.0,687.0
0.0,5781.0,2048.0,2055.0,2583.0,1904.0,255.0,731.0,918.0,680.0,688.0,687.0,695.0,675.0,678.0,2505.0,1866.0,1410.0,255.0,731.0,918.0,680.0,688.0,687.0
0.0,6316.0,2096.0,2056.0,2443.0,1561.0,768.0,522.0,271.0,681.0,688.0,687.0,724.0,681.0,691.0,2465.0,2021.0,1830.0,768.0,522.0,271.0,681.0,688.0,687.0
0.0,6663.0,2074.0,2059.0,1904.0,1743.0,1209.0,485.0,49.0,682.0,689.0,688.0,692.0,690.0,692.0,1956.0,2230.0,2477.0,1209.0,485.0,49.0,682.0,689.0,688.0
0.0,6493.0,2107.0,2060.0,1561.0,2293.0,1154.0,649.0,490.0,682.0,689.0,689.0,713.0,686.0,708.0,1519.0,2271.0,2703.0,1154.0,649.0,490.0,682.0,689.0,689.0
0.0,5947.0,2192.0,2064.0,1743.0,2758.0,699.0,895.0,1164.0,684.0,690.0,690.0,746.0,727.0,719.0,1574.0,2107.0,2266.0,699.0,895.0,1164.0,684.0,690.0,690.0
0.0,5498.0,2119.0,2064.0,2293.0,2584.0,269.0,934.0,1381.0,685.0,689.0,690.0,720.0,692.0,707.0,2037.0,1865.0,1596.0,269.0,934.0,1381.0,685.0,689.0,690.0
0.0,5672.0,2173.0,2067.0,2758.0,2011.0,312.0,773.0,926.0,686.0,690.0,691.0,738.0,730.0,705.0,2471.0,1822.0,1379.0,312.0,773.0,926.0,686.0,690.0,691.0
0.0,6257.0,2102.0,2070.0,2584.0,1541.0,763.0,535.0,243.0,687.0,691.0,692.0,716.0,692.0,694.0,2432.0,1987.0,1838.0,763.0,535.0,243.0,687.0,691.0,692.0
0.0,6739.0,2150.0,2071.0,2011.0,1684.0,1157.0,490.0,37.0,688.0,691.0,692.0,702.0,728.0,720.0,1985.0,2229.0,2525.0,1157.0,490.0,37.0,688.0,691.0,692.0
0.0,6600.0,2073.0,2071.0,1541.0,2216.0,1086.0,626.0,504.0,688.0,690.0,693.0,692.0,675.0,706.0,1595.0,2274.0,2731.0,1086.0,626.0,504.0,688.0,690.0,693.0
0.0,6068.0,2085.0,2073.0,1684.0,2625.0,623.0,837.0,1165.0,689.0,690.0,694.0,690.0,701.0,694.0,1666.0,2134.0,2268.0,623.0,837.0,1165.0,689.0,690.0,694.0
0.0,5667.0,2181.0,2077.0,2216.0,2606.0,268.0,939.0,1399.0,690.0,691.0,696.0,727.0,724.0,730.0,2133.0,1923.0,1611.0,268.0,939.0,1399.0,690.0,691.0,696.0
0.0,5702.0,2052.0,2076.0,2625.0,2029.0,323.0,760.0,946.0,690.0,690.0,696.0,678.0,662.0,712.0,2492.0,1825.0,1385.0,323.0,760.0,946.0,690.0,690.0,696.0
0.0,6275.0,2051.0,2077.0,2606.0,1478.0,734.0,489.0,255.0,691.0,690.0,696.0,675.0,668.0,708.0,2437.0,2000.0,1838.0,734.0,489.0,255.0,691.0,690.0,696.0
0.0,6830.0,2075.0,2076.0,2029.0,1520.0,1091.0,420.0,9.0,690.0,690.0,696.0,684.0,691.0,700.0,2030.0,2271.0,2529.0,1091.0,420.0,9.0,690.0,690.0,696.0
0.0,6784.0,2056.0,2076.0,1478.0,2098.0,1049.0,612.0,437.0,690.0,690.0,696.0,692.0,681.0,683.0,1669.0,2340.0,2775.0,1049.0,612.0,437.0,690.0,690.0,696.0
0.0,6206.0,2150.0,2081.0,1520.0,2748.0,679.0,909.0,1160.0,692.0,691.0,698.0,713.0,713.0,724.0,1711.0,2148.0,2347.0,679.0,909.0,1160.0,692.0,691.0,698.0
0.0,5576.0,2054.0,2080.0,2098.0,2700.0,324.0,962.0,1414.0,692.0,690.0,698.0,694.0,669.0,691.0,2089.0,1855.0,1632.0,324.0,962.0,1414.0,692.0,690.0,698.0
0.0,5620.0,2161.0,2080.0,2748.0,2113.0,345.0,778.0,990.0,691.0,691.0,698.0,704.0,721.0,736.0,2444.0,1798.0,1378.0,345.0,778.0,990.0,691.0,691.0,698.0
0.0,6207.0,2166.0,2081.0,2700.0,1583.0,741.0,533.0,309.0,691.0,691.0,699.0,720.0,717.0,729.0,2419.0,1986.0,1802.0,741.0,533.0,309.0,691.0,691.0,699.0
0.0,6741.0,2208.0,2085.0,2113.0,1694.0,1153.0,478.0,63.0,693.0,692.0,700.0,749.0,719.0,740.0,2023.0,2231.0,2487.0,1153.0,478.0,63.0,693.0,692.0,700.0
0.0,6646.0,2079.0,2086.0,1583.0,2194.0,1113.0,633.0,448.0,693.0,693.0,700.0,701.0,684.0,694.0,1619.0,2290.0,2737.0,1113.0,633.0,448.0,693.0,693.0,700.0
0.0,6150.0,2070.0,2088.0,1694.0,2578.0,662.0,839.0,1077.0,694.0,693.0,701.0,698.0,684.0,688.0,1659.0,2139.0,2352.0,662.0,839.0,1077.0,694.0,693.0,701.0
0.0,5774.0,2226.0,2091.0,2194.0,2622.0,305.0,934.0,1383.0,695.0,694.0,702.0,752.0,724.0,750.0,2114.0,1933.0,1727.0,305.0,934.0,1383.0,695.0,694.0,702.0
0.0,5742.0,2108.0,2093.0,2578.0,2160.0,340.0,815.0,1005.0,695.0,695.0,703.0,697.0,716.0,695.0,2475.0,1842.0,1425.0,340.0,815.0,1005.0,695.0,695.0,703.0
0.0,6212.0,2216.0,2097.0,2622.0,1770.0,783.0,629.0,358.0,697.0,696.0,704.0,740.0,744.0,732.0,2440.0,1965.0,1807.0,783.0,629.0,358.0,697.0,696.0,704.0
0.0,6618.0,2153.0,2098.0,2160.0,1767.0,1144.0,540.0,83.0,697.0,697.0,704.0,701.0,722.0,730.0,2005.0,2155.0,2458.0,1144.0,540.0,83.0,697.0,697.0,704.0
0.0,6625.0,2104.0,2099.0,1770.0,2105.0,1053.0,607.0,445.0,697.0,697.0,705.0,692.0,696.0,716.0,1644.0,2248.0,2733.0,1053.0,607.0,445.0,697.0,697.0,705.0
0.0,6291.0,2079.0,2100.0,1767.0,2421.0,602.0,774.0,1045.0,698.0,698.0,704.0,689.0,703.0,687.0,1735.0,2181.0,2375.0,602.0,774.0,1045.0,698.0,698.0,704.0
0.0,5979.0,2131.0,2101.0,2105.0,2451.0,282.0,867.0,1302.0,699.0,698.0,704.0,729.0,700.0,702.0,2190.0,2018.0,1771.0,282.0,867.0,1302.0,699.0,698.0,704.0
0.0,5953.0,1984.0,2103.0,2421.0,2022.0,334.0,763.0,925.0,699.0,699.0,705.0,654.0,666.0,664.0,2514.0,1925.0,1514.0,334.0,763.0,925.0,699.0,699.0,705.0
0.0,6390.0,2099.0,2102.0,2451.0,1666.0,756.0,565.0,345.0,699.0,698.0,705.0,704.0,673.0,722.0,2462.0,2033.0,1895.0,756.0,565.0,345.0,699.0,698.0,705.0
0.0,6742.0,2077.0,2103.0,2022.0,1725.0,1115.0,494.0,116.0,699.0,699.0,705.0,693.0,688.0,696.0,2040.0,2227.0,2475.0,1115.0,494.0,116.0,699.0,699.0,705.0
0.0,6687.0,1991.0,2101.0,1666.0,2042.0,1002.0,593.0,447.0,699.0,698.0,704.0,643.0,668.0,680.0,1681.0,2302.0,2704.0,1002.0,593.0,447.0,699.0,698.0,704.0
0.0,6362.0,2179.0,2103.0,1725.0,2504.0,596.0,834.0,1074.0,699.0,699.0,705.0,709.0,731.0,739.0,1794.0,2199.0,2369.0,596.0,834.0,1074.0,699.0,699.0,705.0
0.0,5908.0,2084.0,2103.0,2042.0,2546.0,278.0,934.0,1334.0,699.0,699.0,705.0,684.0,693.0,707.0,2200.0,1962.0,1746.0,278.0,934.0,1334.0,699.0,699.0,705.0
0.0,5866.0,2112.0,2104.0,2504.0,2158.0,375.0,811.0,972.0,699.0,700.0,705.0,693.0,707.0,712.0,2518.0,1862.0,1486.0,375.0,811.0,972.0,699.0,700.0,705.0
0.0,6258.0,2127.0,2107.0,2546.0,1751.0,795.0,613.0,343.0,700.0,701.0,706.0,694.0,732.0,701.0,2421.0,1989.0,1848.0,795.0,613.0,343.0,700.0,701.0,706.0
0.0,6677.0,2080.0,2108.0,2158.0,1677.0,1116.0,503.0,58.0,701.0,702.0,705.0,692.0,697.0,691.0,2005.0,2191.0,2481.0,1116.0,503.0,58.0,701.0,702.0,705.0
0.0,6755.0,2049.0,2107.0,1751.0,1971.0,995.0,566.0,410.0,701.0,701.0,705.0,674.0,680.0,695.0,1688.0,2305.0,2762.0,995.0,566.0,410.0,701.0,701.0,705.0
0.0,6457.0,2164.0,2110.0,1677.0,2470.0,613.0,764.0,1093.0,703.0,701.0,706.0,726.0,701.0,737.0,1809.0,2238.0,2410.0,613.0,764.0,1093.0,703.0,701.0,706.0
0.0,5970.0,2081.0,2109.0,1971.0,2576.0,320.0,877.0,1379.0,703.0,701.0,705.0,702.0,679.0,700.0,2199.0,2040.0,1731.0,320.0,877.0,1379.0,703.0,701.0,705.0
0.0,5860.0,2122.0,2109.0,2470.0,2228.0,402.0,833.0,993.0,703.0,701.0,705.0,695.0,720.0,707.0,2492.0,1927.0,1441.0,402.0,833.0,993.0,703.0,701.0,705.0
0.0,6208.0,2090.0,2110.0,2576.0,1746.0,800.0,635.0,311.0,704.0,700.0,706.0,714.0,683.0,693.0,2410.0,1971.0,1827.0,800.0,635.0,311.0,704.0,700.0,706.0
0.0,6694.0,2161.0,2112.0,2228.0,1687.0,1140.0,523.0,24.0,705.0,701.0,706.0,738.0,717.0,706.0,2016.0,2165.0,2513.0,1140.0,523.0,24.0,705.0,701.0,706.0
0.0,6761.0,2142.0,2111.0,1746.0,2079.0,1042.0,585.0,452.0,705.0,700.0,706.0,702.0,701.0,739.0,1680.0,2281.0,2800.0,1042.0,585.0,452.0,705.0,700.0,706.0
0.0,6365.0,2201.0,2113.0,1687.0,2601.0,642.0,786.0,1173.0,705.0,701.0,707.0,740.0,720.0,741.0,1778.0,2215.0,2372.0,642.0,786.0,1173.0,705.0,701.0,707.0
0.0,5851.0,2149.0,2113.0,2079.0,2671.0,336.0,890.0,1445.0,706.0,700.0,707.0,732.0,693.0,724.0,2178.0,2018.0,1655.0,336.0,890.0,1445.0,706.0,700.0,707.0
0.0,5781.0,2082.0,2113.0,2601.0,2152.0,399.0,804.0,949.0,706.0,700.0,707.0,705.0,700.0,677.0,2488.0,1910.0,1383.0,399.0,804.0,949.0,706.0,700.0,707.0
0.0,6300.0,2045.0,2111.0,2671.0,1518.0,739.0,589.0,190.0,705.0,699.0,707.0,680.0,679.0,686.0,2425.0,1996.0,1879.0,739.0,589.0,190.0,705.0,699.0,707.0
0.0,6926.0,2212.0,2115.0,2152.0,1621.0,1110.0,511.0,0.0,707.0,700.0,708.0,762.0,722.0,728.0,2081.0,2207.0,2638.0,1110.0,511.0,0.0,707.0,700.0,708.0
0.0,6866.0,2234.0,2116.0,1518.0,2314.0,1127.0,655.0,532.0,707.0,700.0,709.0,756.0,733.0,745.0,1718.0,2289.0,2859.0,1127.0,655.0,532.0,707.0,700.0,709.0
0.0,6150.0,2133.0,2117.0,1621.0,2830.0,763.0,845.0,1222.0,708.0,700.0,709.0,742.0,701.0,690.0,1701.0,2145.0,2304.0,763.0,845.0,1222.0,708.0,700.0,709.0
0.0,5638.0,2149.0,2119.0,2314.0,2673.0,370.0,933.0,1370.0,708.0,702.0,709.0,734.0,735.0,680.0,2069.0,1955.0,1614.0,370.0,933.0,1370.0,708.0,702.0,709.0
0.0,5803.0,2220.0,2121.0,2830.0,2071.0,361.0,837.0,873.0,709.0,703.0,709.0,750.0,745.0,725.0,2462.0,1875.0,1466.0,361.0,837.0,873.0,709.0,703.0,709.0
0.0,6413.0,2212.0,2123.0,2673.0,1618.0,763.0,646.0,209.0,710.0,704.0,709.0,768.0,738.0,706.0,2475.0,1975.0,1963.0,763.0,646.0,209.0,710.0,704.0,709.0
0.0,6874.0,2209.0,2123.0,2071.0,1756.0,1150.0,547.0,59.0,710.0,704.0,709.0,748.0,738.0,723.0,2077.0,2170.0,2627.0,1150.0,547.0,59.0,710.0,704.0,709.0
0.0,6736.0,2111.0,2123.0,1618.0,2249.0,1095.0,616.0,538.0,710.0,704.0,709.0,708.0,715.0,688.0,1690.0,2269.0,2777.0,1095.0,616.0,538.0,710.0,704.0,709.0
0.0,6243.0,2252.0,2125.0,1756.0,2753.0,685.0,839.0,1229.0,710.0,705.0,710.0,740.0,766.0,746.0,1745.0,2200.0,2298.0,685.0,839.0,1229.0,710.0,705.0,710.0
0.0,5747.0,2293.0,2128.0,2249.0,2809.0,360.0,1001.0,1448.0,711.0,706.0,711.0,766.0,774.0,753.0,2155.0,1981.0,1611.0,360.0,1001.0,1448.0,711.0,706.0,711.0
0.0,5703.0,2259.0,2131.0,2753.0,2327.0,412.0,940.0,975.0,712.0,707.0,712.0,733.0,774.0,752.0,2484.0,1823.0,1396.0,412.0,940.0,975.0,712.0,707.0,712.0
0.0,6197.0,2135.0,2132.0,2809.0,1657.0,750.0,674.0,233.0,712.0,708.0,712.0,698.0,731.0,706.0,2436.0,1888.0,1873.0,750.0,674.0,233.0,712.0,708.0,712.0
0.0,6871.0,2182.0,2133.0,2327.0,1543.0,1051.0,492.0,0.0,712.0,709.0,712.0,713.0,754.0,715.0,2098.0,2158.0,2615.0,1051.0,492.0,0.0,712.0,709.0,712.0
0.0,7016.0,2148.0,2133.0,1657.0,2007.0,963.0,562.0,482.0,711.0,710.0,712.0,666.0,740.0,742.0,1797.0,2344.0,2875.0,963.0,562.0,482.0,711.0,710.0,712.0
0.0,6525.0,2168.0,2135.0,1543.0,2640.0,606.0,803.0,1231.0,711.0,711.0,713.0,694.0,729.0,745.0,1881.0,2278.0,2366.0,606.0,803.0,1231.0,711.0,711.0,713.0
0.0,5900.0,2222.0,2138.0,2007.0,2867.0,384.0,995.0,1488.0,712.0,713.0,713.0,737.0,746.0,739.0,2238.0,2041.0,1621.0,384.0,995.0,1488.0,712.0,713.0,713.0
0.0,5685.0,2169.0,2140.0,2640.0,2404.0,495.0,931.0,978.0,713.0,713.0,714.0,713.0,739.0,717.0,2464.0,1857.0,1364.0,495.0,931.0,978.0,713.0,713.0,714.0
0.0,6156.0,2214.0,2143.0,2867.0,1763.0,824.0,710.0,229.0,713.0,715.0,715.0,713.0,766.0,735.0,2357.0,1921.0,1878.0,824.0,710.0,229.0,713.0,715.0,715.0
0.0,6809.0,2292.0,2145.0,2404.0,1659.0,1101.0,549.0,9.0,714.0,716.0,715.0,768.0,766.0,758.0,2028.0,2150.0,2631.0,1101.0,549.0,9.0,714.0,716.0,715.0
0.0,6921.0,2203.0,2149.0,1763.0,2115.0,991.0,593.0,531.0,715.0,718.0,716.0,710.0,746.0,747.0,1755.0,2315.0,2851.0,991.0,593.0,531.0,715.0,718.0,716.0
0.0,6481.0,2272.0,2151.0,1659.0,2736.0,627.0,822.0,1287.0,715.0,719.0,717.0,737.0,774.0,761.0,1869.0,2279.0,2333.0,627.0,822.0,1287.0,715.0,719.0,717.0
0.0,5868.0,2295.0,2153.0,2115.0,2924.0,391.0,990.0,1543.0,716.0,719.0,718.0,751.0,761.0,783.0,2233.0,2054.0,1581.0,391.0,990.0,1543.0,716.0,719.0,718.0
0.0,5688.0,2149.0,2152.0,2736.0,2333.0,477.0,878.0,978.0,715.0,719.0,718.0,717.0,710.0,722.0,2473.0,1886.0,1329.0,477.0,878.0,978.0,715.0,719.0,718.0
0.0,6275.0,2253.0,2156.0,2924.0,1678.0,834.0,643.0,201.0,716.0,721.0,719.0,744.0,747.0,762.0,2383.0,1998.0,1894.0,834.0,643.0,201.0,716.0,721.0,719.0
0.0,6946.0,2150.0,2158.0,2333.0,1559.0,1081.0,478.0,0.0,717.0,721.0,720.0,720.0,713.0,717.0,2030.0,2241.0,2675.0,1081.0,478.0,0.0,717.0,721.0,720.0
0.0,7129.0,2081.0,2155.0,1678.0,1894.0,948.0,493.0,453.0,716.0,720.0,719.0,705.0,662.0,714.0,1787.0,2406.0,2936.0,948.0,493.0,453.0,716.0,720.0,719.0
0.0,6726.0,2160.0,2155.0,1559.0,2495.0,597.0,706.0,1192.0,716.0,719.0,720.0,730.0,695.0,735.0,1916.0,2387.0,2423.0,597.0,706.0,1192.0,716.0,719.0,720.0
0.0,6125.0,2306.0,2158.0,1894.0,2919.0,421.0,970.0,1528.0,717.0,720.0,721.0,768.0,753.0,785.0,2267.0,2170.0,1688.0,421.0,970.0,1528.0,717.0,720.0,721.0
0.0,5713.0,2307.0,2161.0,2495.0,2743.0,581.0,1040.0,1122.0,718.0,721.0,722.0,753.0,772.0,782.0,2447.0,1910.0,1356.0,581.0,1040.0,1122.0,718.0,721.0,722.0
0.0,5901.0,2164.0,2162.0,2919.0,1992.0,903.0,776.0,313.0,719.0,721.0,722.0,739.0,706.0,719.0,2291.0,1844.0,1766.0,903.0,776.0,313.0,719.0,721.0,722.0
0.0,6656.0,2254.0,2164.0,2743.0,1539.0,1069.0,470.0,0.0,720.0,721.0,723.0,743.0,734.0,777.0,1973.0,2108.0,2575.0,1069.0,470.0,0.0,720.0,721.0,723.0
0.0,7145.0,2138.0,2166.0,1992.0,1665.0,882.0,405.0,378.0,720.0,722.0,724.0,716.0,707.0,715.0,1811.0,2414.0,2920.0,882.0,405.0,378.0,720.0,722.0,724.0
0.0,6999.0,2194.0,2168.0,1539.0,2328.0,563.0,648.0,1117.0,721.0,722.0,725.0,746.0,713.0,735.0,1998.0,2483.0,2518.0,563.0,648.0,1117.0,721.0,722.0,725.0
0.0,6344.0,2163.0,2169.0,1665.0,2830.0,386.0,961.0,1483.0,721.0,723.0,725.0,705.0,714.0,744.0,2321.0,2240.0,1783.0,386.0,961.0,1483.0,721.0,723.0,725.0
0.0,5846.0,2217.0,2172.0,2328.0,2731.0,570.0,1058.0,1103.0,722.0,724.0,726.0,743.0,741.0,733.0,2498.0,1931.0,1417.0,570.0,1058.0,1103.0,722.0,724.0,726.0
0.0,5957.0,2184.0,2176.0,2830.0,2101.0,915.0,825.0,361.0,724.0,725.0,727.0,723.0,724.0,737.0,2318.0,1838.0,1801.0,915.0,825.0,361.0,724.0,725.0,727.0
0.0,6603.0,2146.0,2177.0,2731.0,1520.0,1040.0,464.0,16.0,724.0,725.0,728.0,695.0,697.0,754.0,1981.0,2075.0,2547.0,1040.0,464.0,16.0,724.0,725.0,728.0
0.0,7188.0,2188.0,2178.0,2101.0,1611.0,850.0,379.0,382.0,724.0,726.0,728.0,725.0,736.0,727.0,1856.0,2436.0,2896.0,850.0,379.0,382.0,724.0,726.0,728.0
0.0,7101.0,2196.0,2180.0,1520.0,2295.0,528.0,649.0,1118.0,725.0,726.0,729.0,714.0,734.0,748.0,2046.0,2525.0,2530.0,528.0,649.0,1118.0,725.0,726.0,729.0
0.0,6425.0,2277.0,2183.0,1611.0,2973.0,433.0,1033.0,1507.0,726.0,727.0,730.0,751.0,759.0,767.0,2372.0,2255.0,1798.0,433.0,1033.0,1507.0,726.0,727.0,730.0
0.0,5759.0,2196.0,2185.0,2295.0,2882.0,646.0,1107.0,1129.0,727.0,727.0,731.0,737.0,723.0,736.0,2471.0,1875.0,1413.0,646.0,1107.0,1129.0,727.0,727.0,731.0
0.0,5858.0,2084.0,2185.0,2973.0,1993.0,913.0,766.0,314.0,727.0,727.0,731.0,700.0,692.0,692.0,2262.0,1801.0,1795.0,913.0,766.0,314.0,727.0,727.0,731.0
0.0,6747.0,2203.0,2186.0,2882.0,1403.0,985.0,418.0,0.0,727.0,728.0,731.0,718.0,755.0,730.0,1995.0,2142.0,2610.0,985.0,418.0,0.0,727.0,728.0,731.0
0.0,7426.0,2271.0,2190.0,1993.0,1612.0,824.0,428.0,360.0,728.0,730.0,732.0,748.0,768.0,755.0,1923.0,2494.0,3009.0,824.0,428.0,360.0,728.0,730.0,732.0
0.0,7148.0,2219.0,2192.0,1403.0,2436.0,602.0,761.0,1073.0,729.0,731.0,732.0,759.0,747.0,713.0,2088.0,2492.0,2568.0,602.0,761.0,1073.0,729.0,731.0,732.0
0.0,6332.0,2222.0,2194.0,1612.0,3054.0,530.0,1084.0,1440.0,730.0,732.0,732.0,748.0,747.0,727.0,2314.0,2163.0,1855.0,530.0,1084.0,1440.0,730.0,732.0,732.0
0.0,5722.0,2204.0,2195.0,2436.0,2826.0,670.0,1070.0,1086.0,730.0,732.0,733.0,742.0,747.0,715.0,2390.0,1844.0,1488.0,670.0,1070.0,1086.0,730.0,732.0,733.0
0.0,5954.0,2274.0,2198.0,3054.0,2058.0,894.0,775.0,389.0,731.0,734.0,733.0,750.0,781.0,743.0,2250.0,1858.0,1846.0,894.0,775.0,389.0,731.0,734.0,733.0
0.0,6734.0,2237.0,2198.0,2826.0,1469.0,1017.0,428.0,24.0,732.0,734.0,732.0,789.0,723.0,725.0,2030.0,2161.0,2543.0,1017.0,428.0,24.0,732.0,734.0,732.0
0.0,7323.0,2417.0,2203.0,2058.0,1848.0,966.0,469.0,413.0,734.0,736.0,733.0,835.0,808.0,774.0,1911.0,2508.0,2904.0,966.0,469.0,413.0,734.0,736.0,733.0
0.0,6964.0,2212.0,2206.0,1469.0,2603.0,707.0,767.0,1129.0,735.0,737.0,734.0,754.0,722.0,736.0,1970.0,2475.0,2519.0,707.0,767.0,1129.0,735.0,737.0,734.0
0.0,6221.0,2322.0,2212.0,1848.0,3101.0,538.0,1092.0,1471.0,737.0,739.0,736.0,789.0,786.0,747.0,2233.0,2181.0,1807.0,538.0,1092.0,1471.0,737.0,739.0,736.0
0.0,5747.0,2392.0,2215.0,2603.0,2902.0,636.0,1141.0,1125.0,738.0,740.0,737.0,801.0,812.0,779.0,2410.0,1864.0,1473.0,636.0,1141.0,1125.0,738.0,740.0,737.0
0.0,5958.0,2305.0,2216.0,3101.0,2110.0,878.0,827.0,405.0,738.0,741.0,737.0,780.0,774.0,751.0,2316.0,1819.0,1823.0,878.0,827.0,405.0,738.0,741.0,737.0
0.0,6754.0,2297.0,2220.0,2902.0,1521.0,1023.0,467.0,31.0,739.0,743.0,738.0,777.0,773.0,747.0,2074.0,2137.0,2543.0,1023.0,467.0,31.0,739.0,743.0,738.0
0.0,7359.0,2278.0,2221.0,2110.0,1693.0,919.0,410.0,364.0,739.0,743.0,739.0,774.0,770.0,734.0,1933.0,2505.0,2921.0,919.0,410.0,364.0,739.0,743.0,739.0
0.0,7191.0,2399.0,2225.0,1521.0,2587.0,713.0,755.0,1119.0,741.0,744.0,740.0,809.0,808.0,782.0,2037.0,2562.0,2592.0,713.0,755.0,1119.0,741.0,744.0,740.0
0.0,6313.0,2224.0,2225.0,1693.0,3118.0,551.0,1070.0,1497.0,740.0,744.0,741.0,761.0,725.0,738.0,2251.0,2221.0,1841.0,551.0,1070.0,1497.0,740.0,744.0,741.0
0.0,5782.0,2283.0,2226.0,2587.0,2818.0,609.0,1069.0,1140.0,741.0,744.0,741.0,767.0,754.0,762.0,2409.0,1906.0,1467.0,609.0,1069.0,1140.0,741.0,744.0,741.0
0.0,6086.0,2339.0,2231.0,3118.0,2059.0,856.0,785.0,418.0,742.0,746.0,743.0,794.0,778.0,767.0,2355.0,1907.0,1824.0,856.0,785.0,418.0,742.0,746.0,743.0
0.0,6865.0,2230.0,2231.0,2818.0,1471.0,999.0,450.0,22.0,743.0,745.0,743.0,748.0,738.0,744.0,2112.0,2199.0,2554.0,999.0,450.0,22.0,743.0,745.0,743.0
0.0,7453.0,2175.0,2228.0,2059.0,1575.0,870.0,376.0,329.0,742.0,744.0,742.0,731.0,715.0,729.0,1973.0,2530.0,2950.0,870.0,376.0,329.0,742.0,744.0,742.0
0.0,7337.0,2283.0,2229.0,1471.0,2391.0,640.0,662.0,1089.0,743.0,743.0,743.0,765.0,740.0,778.0,2098.0,2600.0,2639.0,640.0,662.0,1089.0,743.0,743.0,743.0
0.0,6525.0,2226.0,2231.0,1575.0,3050.0,539.0,1029.0,1482.0,744.0,744.0,743.0,765.0,739.0,722.0,2332.0,2310.0,1883.0,539.0,1029.0,1482.0,744.0,744.0,743.0
0.0,5874.0,2237.0,2231.0,2391.0,2896.0,646.0,1097.0,1153.0,744.0,743.0,744.0,747.0,734.0,756.0,2437.0,1947.0,1490.0,646.0,1097.0,1153.0,744.0,743.0,744.0
0.0,6028.0,2303.0,2235.0,3050.0,2165.0,870.0,838.0,457.0,746.0,744.0,745.0,755.0,766.0,782.0,2330.0,1875.0,1823.0,870.0,838.0,457.0,746.0,744.0,745.0
0.0,6775.0,2347.0,2238.0,2896.0,1628.0,1008.0,515.0,105.0,748.0,744.0,746.0,776.0,774.0,797.0,2114.0,2138.0,2523.0,1008.0,515.0,105.0,748.0,744.0,746.0
0.0,7324.0,2253.0,2238.0,2165.0,1716.0,878.0,420.0,418.0,748.0,744.0,746.0,740.0,743.0,770.0,1984.0,2461.0,2879.0,878.0,420.0,418.0,748.0,744.0,746.0
0.0,7236.0,2298.0,2241.0,1628.0,2398.0,637.0,668.0,1093.0,749.0,745.0,747.0,763.0,759.0,776.0,2114.0,2556.0,2566.0,637.0,668.0,1093.0,749.0,745.0,747.0
0.0,6566.0,2280.0,2242.0,1716.0,2966.0,501.0,1014.0,1451.0,749.0,745.0,748.0,742.0,766.0,772.0,2359.0,2312.0,1895.0,501.0,1014.0,1451.0,749.0,745.0,748.0
0.0,6002.0,2322.0,2243.0,2398.0,2894.0,631.0,1113.0,1150.0,749.0,745.0,749.0,767.0,767.0,788.0,2495.0,1966.0,1541.0,631.0,1113.0,1150.0,749.0,745.0,749.0
0.0,6078.0,2231.0,2244.0,2966.0,2163.0,883.0,830.0,450.0,750.0,745.0,749.0,749.0,731.0,751.0,2365.0,1867.0,1846.0,883.0,830.0,450.0,750.0,745.0,749.0
0.0,6813.0,2362.0,2245.0,2894.0,1635.0,1041.0,504.0,90.0,751.0,745.0,749.0,785.0,787.0,790.0,2117.0,2150.0,2546.0,1041.0,504.0,90.0,751.0,745.0,749.0
0.0,7345.0,2351.0,2247.0,2163.0,1831.0,953.0,439.0,439.0,752.0,745.0,750.0,791.0,765.0,795.0,1963.0,2476.0,2906.0,953.0,439.0,439.0,752.0,745.0,750.0
0.0,7157.0,2205.0,2247.0,1635.0,2401.0,642.0,659.0,1100.0,752.0,745.0,750.0,730.0,724.0,751.0,2055.0,2541.0,2561.0,642.0,659.0,1100.0,752.0,745.0,750.0
0.0,6587.0,2276.0,2248.0,1831.0,2850.0,470.0,968.0,1412.0,753.0,745.0,750.0,777.0,748.0,751.0,2366.0,2321.0,1900.0,470.0,968.0,1412.0,753.0,745.0,750.0
0.0,6142.0,2220.0,2249.0,2401.0,2673.0,579.0,1057.0,1037.0,753.0,746.0,750.0,751.0,744.0,725.0,2542.0,2012.0,1588.0,579.0,1057.0,1037.0,753.0,746.0,750.0
0.0,6323.0,2276.0,2253.0,2850.0,2115.0,895.0,817.0,403.0,755.0,747.0,751.0,778.0,724.0,774.0,2433.0,1927.0,1963.0,895.0,817.0,403.0,755.0,747.0,751.0
0.0,6897.0,2250.0,2254.0,2673.0,1696.0,1077.0,509.0,110.0,755.0,748.0,751.0,761.0,745.0,744.0,2125.0,2171.0,2601.0,1077.0,509.0,110.0,755.0,748.0,751.0
0.0,7320.0,2372.0,2256.0,2115.0,1961.0,981.0,472.0,508.0,756.0,748.0,752.0,795.0,780.0,797.0,1943.0,2483.0,2894.0,981.0,472.0,508.0,756.0,748.0,752.0
0.0,7063.0,2347.0,2257.0,1696.0,2616.0,687.0,750.0,1179.0,756.0,749.0,752.0,783.0,783.0,781.0,2043.0,2520.0,2500.0,687.0,750.0,1179.0,756.0,749.0,752.0
0.0,6412.0,2291.0,2259.0,1961.0,2954.0,476.0,1059.0,1419.0,757.0,750.0,752.0,766.0,777.0,748.0,2337.0,2246.0,1829.0,476.0,1059.0,1419.0,757.0,750.0,752.0
0.0,6082.0,2306.0,2260.0,2616.0,2648.0,561.0,1084.0,1003.0,757.0,751.0,752.0,772.0,771.0,763.0,2552.0,1941.0,1589.0,561.0,1084.0,1003.0,757.0,751.0,752.0
0.0,6392.0,2244.0,2262.0,2954.0,1946.0,835.0,802.0,309.0,758.0,752.0,752.0,746.0,773.0,725.0,2467.0,1920.0,2005.0,835.0,802.0,309.0,758.0,752.0,752.0
0.0,7102.0,2250.0,2263.0,2648.0,1552.0,1010.0,491.0,51.0,758.0,753.0,752.0,736.0,769.0,745.0,2197.0,2206.0,2699.0,1010.0,491.0,51.0,758.0,753.0,752.0
0.0,7500.0,2317.0,2266.0,1946.0,1935.0,978.0,461.0,496.0,760.0,754.0,752.0,795.0,768.0,754.0,2022.0,2521.0,2957.0,978.0,461.0,496.0,760.0,754.0,752.0
0.0,7129.0,2245.0,2267.0,1552.0,2632.0,720.0,737.0,1175.0,760.0,755.0,752.0,752.0,763.0,730.0,2062.0,2555.0,2512.0,720.0,737.0,1175.0,760.0,755.0,752.0
0.0,6436.0,2200.0,2267.0,1935.0,2897.0,468.0,1016.0,1413.0,760.0,755.0,752.0,726.0,740.0,734.0,2320.0,2283.0,1833.0,468.0,1016.0,1413.0,760.0,755.0,752.0
0.0,6171.0,2151.0,2267.0,2632.0,2416.0,454.0,1020.0,942.0,760.0,756.0,751.0,706.0,737.0,708.0,2572.0,2004.0,1595.0,454.0,1020.0,942.0,760.0,756.0,751.0
0.0,6652.0,2234.0,2267.0,2897.0,1753.0,725.0,773.0,255.0,760.0,756.0,751.0,739.0,769.0,726.0,2586.0,2004.0,2062.0,725.0,773.0,255.0,760.0,756.0,751.0
0.0,7315.0,2173.0,2267.0,2416.0,1510.0,990.0,479.0,41.0,760.0,756.0,751.0,719.0,726.0,728.0,2315.0,2251.0,2749.0,990.0,479.0,41.0,760.0,756.0,751.0
0.0,7558.0,2263.0,2267.0,1753.0,2020.0,1009.0,475.0,536.0,760.0,756.0,751.0,744.0,769.0,750.0,2050.0,2545.0,2963.0,1009.0,475.0,536.0,760.0,756.0,751.0
0.0,7048.0,2154.0,2267.0,1510.0,2664.0,740.0,745.0,1179.0,760.0,757.0,750.0,721.0,745.0,688.0,2031.0,2549.0,2468.0,740.0,745.0,1179.0,760.0,757.0,750.0
0.0,6404.0,2315.0,2271.0,2020.0,2975.0,483.0,1045.0,1447.0,761.0,758.0,752.0,748.0,771.0,796.0,2300.0,2283.0,1821.0,483.0,1045.0,1447.0,761.0,758.0,752.0
0.0,6109.0,2336.0,2274.0,2664.0,2659.0,517.0,1091.0,1051.0,762.0,759.0,753.0,770.0,787.0,779.0,2561.0,1987.0,1561.0,517.0,1091.0,1051.0,762.0,759.0,753.0
0.0,6437.0,2283.0,2274.0,2975.0,1967.0,786.0,804.0,377.0,762.0,759.0,753.0,752.0,758.0,773.0,2531.0,1945.0,1961.0,786.0,804.0,377.0,762.0,759.0,753.0
0.0,7129.0,2187.0,2272.0,2659.0,1487.0,996.0,446.0,45.0,761.0,758.0,753.0,731.0,737.0,719.0,2262.0,2232.0,2635.0,996.0,446.0,45.0,761.0,758.0,753.0
0.0,7601.0,2229.0,2273.0,1967.0,1753.0,958.0,404.0,391.0,761.0,759.0,753.0,748.0,758.0,723.0,2048.0,2586.0,2967.0,958.0,404.0,391.0,761.0,759.0,753.0
0.0,7339.0,2228.0,2273.0,1487.0,2494.0,733.0,687.0,1074.0,762.0,758.0,753.0,767.0,733.0,728.0,2086.0,2632.0,2621.0,733.0,687.0,1074.0,762.0,758.0,753.0
0.0,6598.0,2449.0,2277.0,1753.0,3206.0,594.0,1109.0,1503.0,763.0,759.0,755.0,815.0,822.0,812.0,2315.0,2345.0,1938.0,594.0,1109.0,1503.0,763.0,759.0,755.0
0.0,5902.0,2269.0,2277.0,2494.0,2981.0,612.0,1179.0,1190.0,762.0,760.0,755.0,755.0,753.0,761.0,2458.0,1927.0,1517.0,612.0,1179.0,1190.0,762.0,760.0,755.0
0.0,6127.0,2318.0,2276.0,3206.0,2089.0,803.0,836.0,450.0,762.0,759.0,755.0,785.0,770.0,763.0,2436.0,1861.0,1830.0,803.0,836.0,450.0,762.0,759.0,755.0
0.0,7015.0,2366.0,2278.0,2981.0,1482.0,996.0,454.0,32.0,762.0,760.0,756.0,805.0,793.0,768.0,2245.0,2200.0,2570.0,996.0,454.0,32.0,762.0,760.0,756.0
0.0,7630.0,2288.0,2278.0,2089.0,1681.0,980.0,368.0,333.0,762.0,760.0,756.0,787.0,750.0,751.0,2052.0,2586.0,2992.0,980.0,368.0,333.0,762.0,760.0,756.0
0.0,7431.0,2331.0,2277.0,1482.0,2526.0,762.0,681.0,1083.0,762.0,759.0,756.0,778.0,771.0,782.0,2068.0,2672.0,2691.0,762.0,681.0,1083.0,762.0,759.0,756.0
0.0,6582.0,2318.0,2277.0,1681.0,3163.0,575.0,1066.0,1522.0,762.0,759.0,756.0,793.0,753.0,772.0,2286.0,2355.0,1941.0,575.0,1066.0,1522.0,762.0,759.0,756.0
0.0,5945.0,2298.0,2277.0,2526.0,2935.0,576.0,1141.0,1218.0,762.0,758.0,757.0,763.0,760.0,775.0,2473.0,1970.0,1502.0,576.0,1141.0,1218.0,762.0,758.0,757.0
0.0,6173.0,2341.0,2278.0,3163.0,2117.0,791.0,845.0,481.0,762.0,758.0,758.0,790.0,770.0,781.0,2472.0,1891.0,1810.0,791.0,845.0,481.0,762.0,758.0,758.0
0.0,6995.0,2424.0,2279.0,2935.0,1610.0,1041.0,487.0,82.0,763.0,758.0,758.0,822.0,783.0,819.0,2257.0,2187.0,2551.0,1041.0,487.0,82.0,763.0,758.0,758.0
0.0,7506.0,2344.0,2281.0,2117.0,1845.0,1035.0,404.0,406.0,763.0,758.0,760.0,785.0,762.0,797.0,2011.0,2545.0,2950.0,1035.0,404.0,406.0,763.0,758.0,760.0
0.0,7279.0,2412.0,2284.0,1610.0,2659.0,800.0,737.0,1122.0,764.0,760.0,760.0,802.0,812.0,798.0,2017.0,2628.0,2634.0,800.0,737.0,1122.0,764.0,760.0,760.0
0.0,6477.0,2289.0,2283.0,1845.0,3099.0,495.0,1099.0,1505.0,763.0,759.0,761.0,734.0,770.0,785.0,2256.0,2303.0,1918.0,495.0,1099.0,1505.0,763.0,759.0,761.0
0.0,6033.0,2389.0,2286.0,2659.0,2841.0,491.0,1163.0,1187.0,763.0,761.0,762.0,796.0,793.0,800.0,2557.0,1937.0,1539.0,491.0,1163.0,1187.0,763.0,761.0,762.0
0.0,6303.0,2338.0,2289.0,3099.0,2092.0,767.0,835.0,490.0,764.0,762.0,763.0,767.0,767.0,804.0,2561.0,1881.0,1861.0,767.0,835.0,490.0,764.0,762.0,763.0
0.0,7064.0,2339.0,2290.0,2841.0,1594.0,1029.0,463.0,102.0,764.0,762.0,764.0,753.0,791.0,795.0,2289.0,2213.0,2562.0,1029.0,463.0,102.0,764.0,762.0,764.0
0.0,7566.0,2314.0,2291.0,2092.0,1820.0,1023.0,413.0,384.0,764.0,763.0,764.0,761.0,781.0,772.0,2027.0,2585.0,2954.0,1023.0,413.0,384.0,764.0,763.0,764.0
0.0,7344.0,2324.0,2293.0,1594.0,2558.0,757.0,739.0,1062.0,764.0,764.0,765.0,763.0,785.0,776.0,2033.0,2639.0,2672.0,757.0,739.0,1062.0,764.0,764.0,765.0
0.0,6614.0,2295.0,2293.0,1820.0,3033.0,480.0,1093.0,1460.0,764.0,764.0,765.0,746.0,767.0,782.0,2299.0,2317.0,1998.0,480.0,1093.0,1460.0,764.0,764.0,765.0
0.0,6139.0,2354.0,2293.0,2558.0,2829.0,511.0,1134.0,1184.0,764.0,764.0,765.0,788.0,780.0,786.0,2576.0,1963.0,1600.0,511.0,1134.0,1184.0,764.0,764.0,765.0
0.0,6343.0,2294.0,2294.0,3033.0,2094.0,776.0,816.0,502.0,764.0,765.0,765.0,745.0,771.0,778.0,2545.0,1922.0,1876.0,776.0,816.0,502.0,764.0,765.0,765.0
0.0,7082.0,2377.0,2296.0,2829.0,1650.0,1059.0,480.0,111.0,765.0,766.0,765.0,790.0,794.0,793.0,2280.0,2244.0,2558.0,1059.0,480.0,111.0,765.0,766.0,765.0
0.0,7534.0,2346.0,2297.0,2094.0,1906.0,1074.0,452.0,380.0,766.0,766.0,765.0,787.0,788.0,771.0,2001.0,2584.0,2949.0,1074.0,452.0,380.0,766.0,766.0,765.0
0.0,7282.0,2317.0,2297.0,1650.0,2573.0,779.0,748.0,1046.0,766.0,766.0,765.0,764.0,776.0,777.0,1990.0,2612.0,2680.0,779.0,748.0,1046.0,766.0,766.0,765.0
0.0,6615.0,2399.0,2300.0,1906.0,3078.0,499.0,1116.0,1463.0,766.0,768.0,766.0,794.0,812.0,793.0,2285.0,2316.0,2014.0,499.0,1116.0,1463.0,766.0,768.0,766.0
0.0,6122.0,2356.0,2299.0,2573.0,2857.0,499.0,1169.0,1189.0,766.0,768.0,765.0,779.0,801.0,776.0,2565.0,1956.0,1601.0,499.0,1169.0,1189.0,766.0,768.0,765.0
0.0,6339.0,2300.0,2299.0,3078.0,2079.0,749.0,825.0,505.0,766.0,768.0,765.0,749.0,772.0,779.0,2565.0,1903.0,1871.0,749.0,825.0,505.0,766.0,768.0,765.0
0.0,7117.0,2348.0,2302.0,2857.0,1582.0,1058.0,430.0,94.0,767.0,769.0,766.0,804.0,770.0,774.0,2315.0,2247.0,2555.0,1058.0,430.0,94.0,767.0,769.0,766.0
0.0,7626.0,2386.0,2304.0,2079.0,1897.0,1084.0,407.0,406.0,767.0,770.0,767.0,775.0,798.0,813.0,2010.0,2646.0,2970.0,1084.0,407.0,406.0,767.0,770.0,767.0
0.0,7319.0,2458.0,2309.0,1582.0,2793.0,836.0,815.0,1142.0,768.0,772.0,769.0,806.0,830.0,822.0,1984.0,2673.0,2662.0,836.0,815.0,1142.0,768.0,772.0,769.0
0.0,6443.0,2341.0,2310.0,1897.0,3241.0,537.0,1186.0,1518.0,768.0,773.0,769.0,785.0,774.0,782.0,2236.0,2273.0,1934.0,537.0,1186.0,1518.0,768.0,773.0,769.0
0.0,5999.0,2329.0,2311.0,2793.0,2781.0,503.0,1148.0,1130.0,769.0,773.0,769.0,798.0,777.0,754.0,2535.0,1906.0,1558.0,503.0,1148.0,1130.0,769.0,773.0,769.0
0.0,6463.0,2236.0,2308.0,3241.0,1764.0,739.0,671.0,354.0,768.0,772.0,768.0,777.0,713.0,746.0,2573.0,1944.0,1946.0,739.0,671.0,354.0,768.0,772.0,768.0
0.0,7468.0,2286.0,2308.0,2781.0,1277.0,1026.0,251.0,0.0,769.0,771.0,768.0,786.0,732.0,768.0,2333.0,2417.0,2718.0,1026.0,251.0,0.0,769.0,771.0,768.0
0.0,7963.0,2394.0,2309.0,1764.0,1903.0,1085.0,382.0,436.0,769.0,771.0,769.0,798.0,802.0,794.0,2050.0,2833.0,3080.0,1085.0,382.0,436.0,769.0,771.0,769.0
0.0,7333.0,2334.0,2310.0,1277.0,2964.0,823.0,917.0,1224.0,769.0,772.0,769.0,764.0,782.0,788.0,1991.0,2702.0,2640.0,823.0,917.0,1224.0,769.0,772.0,769.0
0.0,6276.0,2297.0,2311.0,1903.0,3362.0,501.0,1302.0,1559.0,769.0,772.0,770.0,763.0,767.0,767.0,2253.0,2171.0,1852.0,501.0,1302.0,1559.0,769.0,772.0,770.0
0.0,5882.0,2319.0,2313.0,2964.0,2725.0,450.0,1153.0,1122.0,770.0,772.0,771.0,768.0,768.0,783.0,2575.0,1786.0,1521.0,450.0,1153.0,1122.0,770.0,772.0,771.0
0.0,6527.0,2311.0,2312.0,3362.0,1670.0,738.0,604.0,328.0,770.0,771.0,771.0,789.0,757.0,765.0,2630.0,1935.0,1962.0,738.0,604.0,328.0,770.0,771.0,771.0
0.0,7578.0,2366.0,2315.0,2725.0,1339.0,1081.0,258.0,0.0,771.0,772.0,772.0,789.0,803.0,774.0,2342.0,2480.0,2756.0,1081.0,258.0,0.0,771.0,772.0,772.0
0.0,7937.0,2351.0,2318.0,1670.0,2016.0,1145.0,434.0,437.0,772.0,773.0,773.0,798.0,776.0,777.0,2003.0,2830.0,3104.0,1145.0,434.0,437.0,772.0,773.0,773.0
0.0,7256.0,2305.0,2321.0,1339.0,2994.0,827.0,961.0,1206.0,773.0,774.0,774.0,759.0,781.0,765.0,1943.0,2658.0,2655.0,827.0,961.0,1206.0,773.0,774.0,774.0
0.0,6290.0,2291.0,2321.0,2016.0,3269.0,445.0,1299.0,1525.0,773.0,774.0,774.0,763.0,772.0,756.0,2265.0,2135.0,1890.0,445.0,1299.0,1525.0,773.0,774.0,774.0
0.0,6015.0,2419.0,2325.0,2994.0,2710.0,447.0,1157.0,1106.0,775.0,775.0,775.0,821.0,815.0,783.0,2647.0,1797.0,1571.0,447.0,1157.0,1106.0,775.0,775.0,775.0
0.0,6590.0,2312.0,2328.0,3269.0,1765.0,770.0,636.0,359.0,776.0,776.0,776.0,764.0,774.0,774.0,2653.0,1943.0,1994.0,770.0,636.0,359.0,776.0,776.0,776.0
0.0,7547.0,2327.0,2330.0,2710.0,1390.0,1117.0,241.0,32.0,777.0,776.0,777.0,790.0,762.0,775.0,2334.0,2468.0,2745.0,1117.0,241.0,32.0,777.0,776.0,777.0
0.0,7930.0,2306.0,2330.0,1765.0,1931.0,1098.0,394.0,439.0,777.0,776.0,777.0,751.0,789.0,766.0,1991.0,2863.0,3076.0,1098.0,394.0,439.0,777.0,776.0,777.0
0.0,7389.0,2299.0,2330.0,1390.0,2840.0,738.0,920.0,1182.0,777.0,776.0,777.0,757.0,767.0,775.0,2010.0,2710.0,2669.0,738.0,920.0,1182.0,777.0,776.0,777.0
0.0,6480.0,2289.0,2330.0,1931.0,3198.0,396.0,1289.0,1513.0,777.0,776.0,777.0,756.0,763.0,770.0,2370.0,2184.0,1926.0,396.0,1289.0,1513.0,777.0,776.0,777.0
0.0,6122.0,2318.0,2332.0,2840.0,2684.0,426.0,1167.0,1091.0,778.0,777.0,777.0,764.0,794.0,760.0,2712.0,1815.0,1595.0,426.0,1167.0,1091.0,778.0,777.0,777.0
0.0,6644.0,2384.0,2335.0,3198.0,1882.0,822.0,681.0,379.0,778.0,778.0,779.0,792.0,799.0,793.0,2686.0,1941.0,2017.0,822.0,681.0,379.0,778.0,778.0,779.0
0.0,7458.0,2495.0,2341.0,2684.0,1717.0,1241.0,351.0,125.0,780.0,780.0,781.0,837.0,829.0,829.0,2290.0,2431.0,2737.0,1241.0,351.0,125.0,780.0,780.0,781.0
0.0,7647.0,2266.0,2337.0,1882.0,2085.0,1175.0,430.0,480.0,779.0,779.0,779.0,760.0,764.0,742.0,1879.0,2769.0,2999.0,1175.0,430.0,480.0,779.0,779.0,779.0
0.0,7263.0,2478.0,2340.0,1717.0,2858.0,758.0,934.0,1166.0,780.0,780.0,780.0,820.0,851.0,807.0,1941.0,2686.0,2636.0,758.0,934.0,1166.0,780.0,780.0,780.0
0.0,6502.0,2431.0,2343.0,2085.0,3216.0,390.0,1298.0,1528.0,780.0,781.0,782.0,807.0,790.0,834.0,2362.0,2186.0,1954.0,390.0,1298.0,1528.0,780.0,781.0,782.0
0.0,6156.0,2424.0,2344.0,2858.0,2786.0,428.0,1176.0,1182.0,780.0,781.0,783.0,796.0,812.0,816.0,2730.0,1826.0,1600.0,428.0,1176.0,1182.0,780.0,781.0,783.0
0.0,6590.0,2455.0,2347.0,3216.0,2037.0,875.0,720.0,442.0,781.0,783.0,783.0,833.0,834.0,788.0,2692.0,1948.0,1950.0,875.0,720.0,442.0,781.0,783.0,783.0
0.0,7351.0,2525.0,2351.0,2786.0,1792.0,1314.0,385.0,93.0,783.0,784.0,784.0,859.0,837.0,829.0,2249.0,2412.0,2690.0,1314.0,385.0,93.0,783.0,784.0,784.0
0.0,7612.0,2463.0,2353.0,2037.0,2226.0,1266.0,490.0,470.0,783.0,785.0,785.0,827.0,821.0,815.0,1818.0,2751.0,3043.0,1266.0,490.0,470.0,783.0,785.0,785.0
0.0,7186.0,2436.0,2356.0,1792.0,2882.0,760.0,956.0,1166.0,784.0,787.0,785.0,804.0,843.0,789.0,1866.0,2650.0,2670.0,760.0,956.0,1166.0,784.0,787.0,785.0
0.0,6542.0,2440.0,2358.0,2226.0,3104.0,292.0,1326.0,1486.0,784.0,789.0,785.0,798.0,852.0,790.0,2376.0,2192.0,1974.0,292.0,1326.0,1486.0,784.0,789.0,785.0
0.0,6328.0,2458.0,2359.0,2882.0,2684.0,341.0,1210.0,1133.0,784.0,790.0,785.0,809.0,836.0,813.0,2844.0,1830.0,1654.0,341.0,1210.0,1133.0,784.0,790.0,785.0
0.0,6752.0,2402.0,2361.0,3104.0,1990.0,864.0,702.0,424.0,785.0,791.0,785.0,811.0,814.0,777.0,2795.0,1950.0,2007.0,864.0,702.0,424.0,785.0,791.0,785.0
0.0,7454.0,2468.0,2361.0,2684.0,1774.0,1346.0,316.0,112.0,785.0,791.0,785.0,823.0,824.0,821.0,2276.0,2462.0,2716.0,1346.0,316.0,112.0,785.0,791.0,785.0
0.0,7670.0,2422.0,2364.0,1990.0,2218.0,1275.0,427.0,516.0,786.0,792.0,786.0,789.0,809.0,824.0,1794.0,2848.0,3028.0,1275.0,427.0,516.0,786.0,792.0,786.0
0.0,7238.0,2440.0,2365.0,1774.0,2888.0,727.0,933.0,1228.0,786.0,792.0,787.0,798.0,822.0,820.0,1869.0,2741.0,2628.0,727.0,933.0,1228.0,786.0,792.0,787.0
0.0,6572.0,2496.0,2368.0,2218.0,3178.0,271.0,1358.0,1549.0,787.0,794.0,787.0,815.0,844.0,837.0,2417.0,2235.0,1920.0,271.0,1358.0,1549.0,787.0,794.0,787.0
0.0,6294.0,2400.0,2370.0,2888.0,2698.0,337.0,1219.0,1142.0,788.0,794.0,788.0,789.0,794.0,817.0,2877.0,1818.0,1599.0,337.0,1219.0,1142.0,788.0,794.0,788.0
0.0,6782.0,2449.0,2372.0,3178.0,1977.0,861.0,699.0,417.0,788.0,795.0,789.0,795.0,834.0,820.0,2815.0,1957.0,2010.0,861.0,699.0,417.0,788.0,795.0,789.0
0.0,7511.0,2391.0,2373.0,2698.0,1674.0,1303.0,283.0,88.0,789.0,795.0,789.0,775.0,803.0,813.0,2291.0,2481.0,2739.0,1303.0,283.0,88.0,789.0,795.0,789.0
0.0,7818.0,2472.0,2376.0,1977.0,2181.0,1247.0,414.0,520.0,790.0,796.0,790.0,801.0,826.0,845.0,1853.0,2897.0,3068.0,1247.0,414.0,520.0,790.0,796.0,790.0
0.0,7323.0,2453.0,2378.0,1674.0,2968.0,745.0,959.0,1264.0,790.0,797.0,791.0,801.0,824.0,828.0,1913.0,2770.0,2640.0,745.0,959.0,1264.0,790.0,797.0,791.0
0.0,6544.0,2422.0,2381.0,2181.0,3221.0,307.0,1357.0,1557.0,791.0,798.0,792.0,805.0,808.0,809.0,2415.0,2229.0,1900.0,307.0,1357.0,1557.0,791.0,798.0,792.0
0.0,6303.0,2374.0,2380.0,2968.0,2623.0,358.0,1172.0,1093.0,791.0,797.0,792.0,796.0,778.0,800.0,2857.0,1835.0,1611.0,358.0,1172.0,1093.0,791.0,797.0,792.0
0.0,6897.0,2426.0,2383.0,3221.0,1840.0,863.0,614.0,363.0,792.0,798.0,793.0,808.0,795.0,823.0,2806.0,2016.0,2075.0,863.0,614.0,363.0,792.0,798.0,793.0
0.0,7692.0,2366.0,2384.0,2623.0,1587.0,1281.0,226.0,80.0,792.0,798.0,794.0,776.0,784.0,806.0,2305.0,2578.0,2809.0,1281.0,226.0,80.0,792.0,798.0,794.0
0.0,7949.0,2404.0,2383.0,1840.0,2147.0,1205.0,394.0,548.0,792.0,797.0,794.0,787.0,786.0,831.0,1887.0,2966.0,3096.0,1205.0,394.0,548.0,792.0,797.0,794.0
0.0,7385.0,2386.0,2384.0,1587.0,2950.0,719.0,945.0,1286.0,792.0,797.0,795.0,795.0,777.0,814.0,1963.0,2794.0,2628.0,719.0,945.0,1286.0,792.0,797.0,795.0
0.0,6586.0,2298.0,2383.0,2147.0,3097.0,273.0,1301.0,1523.0,792.0,796.0,795.0,759.0,754.0,785.0,2449.0,2243.0,1894.0,273.0,1301.0,1523.0,792.0,796.0,795.0
0.0,6435.0,2453.0,2385.0,2950.0,2608.0,378.0,1165.0,1065.0,792.0,797.0,796.0,824.0,805.0,824.0,2895.0,1883.0,1657.0,378.0,1165.0,1065.0,792.0,797.0,796.0
0.0,6932.0,2468.0,2387.0,3097.0,1987.0,930.0,673.0,384.0,793.0,797.0,797.0,821.0,809.0,838.0,2790.0,2023.0,2119.0,930.0,673.0,384.0,793.0,797.0,797.0
0.0,7561.0,2327.0,2385.0,2608.0,1698.0,1330.0,275.0,93.0,793.0,796.0,796.0,778.0,771.0,778.0,2242.0,2515.0,2804.0,1330.0,275.0,93.0,793.0,796.0,796.0
0.0,7842.0,2363.0,2385.0,1987.0,2074.0,1223.0,377.0,474.0,794.0,796.0,795.0,819.0,775.0,769.0,1842.0,2909.0,3091.0,1223.0,377.0,474.0,794.0,796.0,795.0
0.0,7466.0,2503.0,2388.0,1698.0,2891.0,734.0,938.0,1219.0,794.0,797.0,797.0,841.0,832.0,830.0,1953.0,2807.0,2706.0,734.0,938.0,1219.0,794.0,797.0,797.0
0.0,6661.0,2434.0,2393.0,2074.0,3271.0,370.0,1352.0,1549.0,796.0,799.0,798.0,851.0,783.0,800.0,2442.0,2250.0,1969.0,370.0,1352.0,1549.0,796.0,799.0,798.0
0.0,6301.0,2435.0,2395.0,2891.0,2823.0,447.0,1230.0,1146.0,796.0,800.0,799.0,811.0,812.0,812.0,2814.0,1844.0,1643.0,447.0,1230.0,1146.0,796.0,800.0,799.0
0.0,6757.0,2492.0,2396.0,3271.0,2048.0,929.0,700.0,419.0,797.0,800.0,799.0,848.0,822.0,822.0,2737.0,1970.0,2050.0,929.0,700.0,419.0,797.0,800.0,799.0
0.0,7536.0,2340.0,2397.0,2823.0,1569.0,1274.0,246.0,49.0,798.0,800.0,799.0,788.0,776.0,776.0,2259.0,2500.0,2777.0,1274.0,246.0,49.0,798.0,800.0,799.0
0.0,8019.0,2400.0,2400.0,2048.0,1933.0,1119.0,389.0,425.0,798.0,802.0,800.0,774.0,835.0,791.0,1918.0,2954.0,3147.0,1119.0,389.0,425.0,798.0,802.0,800.0
0.0,7667.0,2291.0,2399.0,1569.0,2651.0,612.0,926.0,1113.0,798.0,802.0,799.0,767.0,783.0,741.0,2073.0,2819.0,2775.0,612.0,926.0,1113.0,798.0,802.0,799.0
0.0,6945.0,2393.0,2400.0,1933.0,3115.0,304.0,1342.0,1469.0,798.0,803.0,799.0,811.0,801.0,781.0,2580.0,2282.0,2083.0,304.0,1342.0,1469.0,798.0,803.0,799.0
0.0,6485.0,2411.0,2402.0,2651.0,2883.0,501.0,1218.0,1164.0,799.0,803.0,800.0,805.0,802.0,804.0,2888.0,1870.0,1727.0,501.0,1218.0,1164.0,799.0,803.0,800.0
0.0,6725.0,2407.0,2403.0,3115.0,2179.0,997.0,713.0,469.0,799.0,804.0,800.0,800.0,833.0,774.0,2695.0,1994.0,2036.0,997.0,713.0,469.0,799.0,804.0,800.0
0.0,7433.0,2347.0,2403.0,2883.0,1643.0,1274.0,294.0,75.0,799.0,804.0,800.0,778.0,799.0,770.0,2199.0,2503.0,2731.0,1274.0,294.0,75.0,799.0,804.0,800.0
0.0,7969.0,2385.0,2405.0,2179.0,1857.0,1052.0,395.0,410.0,799.0,805.0,801.0,775.0,810.0,800.0,1922.0,2922.0,3125.0,1052.0,395.0,410.0,799.0,805.0,801.0
0.0,7763.0,2452.0,2405.0,1643.0,2666.0,581.0,943.0,1142.0,799.0,805.0,801.0,803.0,842.0,807.0,2144.0,2825.0,2794.0,581.0,943.0,1142.0,799.0,805.0,801.0
0.0,6954.0,2441.0,2408.0,1857.0,3262.0,315.0,1396.0,1551.0,799.0,807.0,802.0,786.0,840.0,815.0,2615.0,2277.0,2062.0,315.0,1396.0,1551.0,799.0,807.0,802.0
0.0,6370.0,2311.0,2407.0,2666.0,2903.0,479.0,1248.0,1176.0,798.0,807.0,802.0,749.0,795.0,767.0,2881.0,1832.0,1657.0,479.0,1248.0,1176.0,798.0,807.0,802.0
0.0,6725.0,2390.0,2409.0,3262.0,2039.0,963.0,661.0,415.0,799.0,808.0,802.0,795.0,805.0,790.0,2713.0,1980.0,2032.0,963.0,661.0,415.0,799.0,808.0,802.0
0.0,7597.0,2421.0,2412.0,2903.0,1569.0,1292.0,232.0,45.0,800.0,809.0,803.0,804.0,815.0,802.0,2233.0,2571.0,2793.0,1292.0,232.0,45.0,800.0,809.0,803.0
0.0,8079.0,2480.0,2416.0,2039.0,2026.0,1160.0,394.0,472.0,802.0,810.0,804.0,823.0,819.0,838.0,1908.0,3004.0,3167.0,1160.0,394.0,472.0,802.0,810.0,804.0
0.0,7638.0,2395.0,2416.0,1569.0,2852.0,661.0,977.0,1214.0,802.0,810.0,804.0,793.0,815.0,787.0,2048.0,2846.0,2744.0,661.0,977.0,1214.0,802.0,810.0,804.0
0.0,6812.0,2581.0,2420.0,2026.0,3423.0,387.0,1446.0,1590.0,804.0,811.0,805.0,878.0,859.0,844.0,2547.0,2263.0,2002.0,387.0,1446.0,1590.0,804.0,811.0,805.0
0.0,6257.0,2383.0,2418.0,2852.0,2946.0,530.0,1270.0,1146.0,803.0,811.0,804.0,808.0,801.0,774.0,2829.0,1798.0,1630.0,530.0,1270.0,1146.0,803.0,811.0,804.0
0.0,6726.0,2504.0,2423.0,3423.0,2047.0,989.0,660.0,398.0,805.0,812.0,806.0,838.0,832.0,834.0,2682.0,1974.0,2070.0,989.0,660.0,398.0,805.0,812.0,806.0
0.0,7645.0,2539.0,2425.0,2946.0,1648.0,1330.0,221.0,97.0,806.0,812.0,807.0,867.0,831.0,841.0,2231.0,2588.0,2826.0,1330.0,221.0,97.0,806.0,812.0,807.0
0.0,8052.0,2527.0,2425.0,2047.0,2128.0,1189.0,398.0,541.0,806.0,812.0,807.0,848.0,837.0,842.0,1894.0,3027.0,3131.0,1189.0,398.0,541.0,806.0,812.0,807.0
0.0,7572.0,2419.0,2426.0,1648.0,2903.0,693.0,961.0,1249.0,807.0,812.0,807.0,830.0,784.0,805.0,2035.0,2850.0,2687.0,693.0,961.0,1249.0,807.0,812.0,807.0
0.0,6801.0,2425.0,2425.0,2128.0,3196.0,315.0,1356.0,1525.0,807.0,811.0,807.0,811.0,797.0,817.0,2535.0,2287.0,1979.0,315.0,1356.0,1525.0,807.0,811.0,807.0
0.0,6504.0,2529.0,2425.0,2903.0,2822.0,457.0,1227.0,1138.0,806.0,811.0,808.0,839.0,832.0,858.0,2913.0,1888.0,1703.0,457.0,1227.0,1138.0,806.0,811.0,808.0
0.0,6878.0,2492.0,2426.0,3196.0,2122.0,996.0,686.0,440.0,807.0,811.0,808.0,850.0,815.0,827.0,2767.0,2017.0,2094.0,996.0,686.0,440.0,807.0,811.0,808.0
0.0,7582.0,2409.0,2426.0,2822.0,1709.0,1345.0,230.0,134.0,807.0,810.0,809.0,806.0,775.0,828.0,2232.0,2558.0,2792.0,1345.0,230.0,134.0,807.0,810.0,809.0
0.0,7995.0,2514.0,2426.0,2122.0,2101.0,1187.0,360.0,554.0,807.0,809.0,810.0,838.0,820.0,856.0,1883.0,3010.0,3102.0,1187.0,360.0,554.0,807.0,809.0,810.0
0.0,7603.0,2510.0,2427.0,1709.0,2906.0,694.0,930.0,1282.0,808.0,808.0,811.0,848.0,804.0,858.0,2041.0,2876.0,2686.0,694.0,930.0,1282.0,808.0,808.0,811.0
0.0,6802.0,2381.0,2428.0,2101.0,3190.0,299.0,1341.0,1550.0,808.0,808.0,812.0,792.0,771.0,818.0,2538.0,2302.0,1962.0,299.0,1341.0,1550.0,808.0,808.0,812.0
0.0,6522.0,2374.0,2426.0,2906.0,2650.0,390.0,1180.0,1080.0,807.0,807.0,812.0,789.0,773.0,812.0,2933.0,1891.0,1698.0,390.0,1180.0,1080.0,807.0,807.0,812.0
0.0,7054.0,2620.0,2430.0,3190.0,2096.0,975.0,698.0,423.0,809.0,808.0,813.0,876.0,855.0,889.0,2838.0,2048.0,2168.0,975.0,698.0,423.0,809.0,808.0,813.0
0.0,7624.0,2448.0,2429.0,2650.0,1890.0,1383.0,319.0,188.0,809.0,807.0,813.0,798.0,805.0,845.0,2261.0,2534.0,2829.0,1383.0,319.0,188.0,809.0,807.0,813.0
0.0,7826.0,2408.0,2428.0,2096.0,2198.0,1191.0,442.0,565.0,808.0,807.0,813.0,787.0,821.0,800.0,1853.0,2909.0,3064.0,1191.0,442.0,565.0,808.0,807.0,813.0
0.0,7514.0,2462.0,2429.0,1890.0,2774.0,625.0,943.0,1206.0,809.0,807.0,813.0,813.0,820.0,829.0,2041.0,2786.0,2687.0,625.0,943.0,1206.0,809.0,807.0,813.0
0.0,6942.0,2565.0,2431.0,2198.0,3149.0,264.0,1361.0,1524.0,809.0,808.0,814.0,830.0,856.0,879.0,2611.0,2285.0,2046.0,264.0,1361.0,1524.0,809.0,808.0,814.0
0.0,6575.0,2492.0,2432.0,2774.0,2871.0,461.0,1258.0,1152.0,810.0,808.0,814.0,818.0,840.0,834.0,2972.0,1871.0,1732.0,461.0,1258.0,1152.0,810.0,808.0,814.0
0.0,6857.0,2373.0,2431.0,3149.0,2091.0,993.0,687.0,411.0,810.0,808.0,813.0,796.0,790.0,787.0,2779.0,1974.0,2104.0,993.0,687.0,411.0,810.0,808.0,813.0
0.0,7633.0,2585.0,2434.0,2871.0,1817.0,1380.0,297.0,140.0,811.0,809.0,814.0,844.0,864.0,877.0,2247.0,2545.0,2841.0,1380.0,297.0,140.0,811.0,809.0,814.0
0.0,7919.0,2464.0,2434.0,2091.0,2190.0,1192.0,450.0,548.0,811.0,809.0,814.0,805.0,840.0,819.0,1864.0,2939.0,3116.0,1192.0,450.0,548.0,811.0,809.0,814.0
0.0,7546.0,2575.0,2438.0,1817.0,2964.0,668.0,1030.0,1266.0,812.0,811.0,815.0,852.0,869.0,854.0,2052.0,2786.0,2708.0,668.0,1030.0,1266.0,812.0,811.0,815.0
0.0,6788.0,2490.0,2440.0,2190.0,3272.0,315.0,1420.0,1537.0,813.0,812.0,815.0,835.0,836.0,819.0,2580.0,2214.0,1994.0,315.0,1420.0,1537.0,813.0,812.0,815.0
0.0,6488.0,2431.0,2441.0,2964.0,2743.0,448.0,1199.0,1096.0,813.0,812.0,816.0,801.0,809.0,821.0,2937.0,1828.0,1723.0,448.0,1199.0,1096.0,813.0,812.0,816.0
0.0,7021.0,2466.0,2442.0,3272.0,1941.0,959.0,626.0,356.0,814.0,813.0,815.0,822.0,843.0,801.0,2804.0,2049.0,2168.0,959.0,626.0,356.0,814.0,813.0,815.0
0.0,7827.0,2541.0,2445.0,2743.0,1751.0,1383.0,285.0,83.0,815.0,815.0,815.0,868.0,850.0,823.0,2297.0,2626.0,2904.0,1383.0,285.0,83.0,815.0,815.0,815.0
0.0,8029.0,2484.0,2449.0,1941.0,2310.0,1262.0,494.0,554.0,817.0,816.0,816.0,830.0,831.0,823.0,1877.0,2975.0,3177.0,1262.0,494.0,554.0,817.0,816.0,816.0
0.0,7486.0,2418.0,2447.0,1751.0,2969.0,687.0,1030.0,1252.0,816.0,816.0,815.0,812.0,821.0,785.0,2006.0,2770.0,2710.0,687.0,1030.0,1252.0,816.0,816.0,815.0
0.0,6819.0,2314.0,2446.0,2310.0,2969.0,205.0,1319.0,1445.0,816.0,816.0,814.0,780.0,783.0,751.0,2577.0,2234.0,2008.0,205.0,1319.0,1445.0,816.0,816.0,814.0
0.0,6815.0,2473.0,2448.0,2969.0,2481.0,352.0,1118.0,1011.0,817.0,817.0,814.0,830.0,825.0,818.0,3059.0,1945.0,1811.0,352.0,1118.0,1011.0,817.0,817.0,814.0
0.0,7311.0,2474.0,2450.0,2969.0,1994.0,988.0,635.0,371.0,817.0,818.0,815.0,841.0,832.0,801.0,2916.0,2150.0,2245.0,988.0,635.0,371.0,817.0,818.0,815.0
0.0,7806.0,2471.0,2449.0,2481.0,1980.0,1461.0,360.0,159.0,817.0,818.0,814.0,825.0,843.0,803.0,2280.0,2637.0,2889.0,1461.0,360.0,159.0,817.0,818.0,814.0
0.0,7816.0,2523.0,2451.0,1994.0,2517.0,1328.0,564.0,625.0,817.0,819.0,815.0,855.0,835.0,833.0,1807.0,2912.0,3097.0,1328.0,564.0,625.0,817.0,819.0,815.0
0.0,7287.0,2416.0,2451.0,1980.0,2953.0,677.0,1021.0,1255.0,817.0,819.0,815.0,810.0,817.0,789.0,1940.0,2712.0,2635.0,677.0,1021.0,1255.0,817.0,819.0,815.0
0.0,6851.0,2350.0,2448.0,2517.0,2774.0,123.0,1253.0,1398.0,815.0,819.0,814.0,782.0,796.0,772.0,2591.0,2255.0,2005.0,123.0,1253.0,1398.0,815.0,819.0,814.0
0.0,7018.0,2466.0,2450.0,2953.0,2295.0,274.0,1070.0,951.0,816.0,820.0,814.0,824.0,834.0,808.0,3137.0,2023.0,1858.0,274.0,1070.0,951.0,816.0,820.0,814.0
0.0,7505.0,2455.0,2452.0,2774.0,1984.0,975.0,642.0,367.0,817.0,820.0,815.0,820.0,825.0,810.0,2990.0,2210.0,2305.0,975.0,642.0,367.0,817.0,820.0,815.0
0.0,7824.0,2508.0,2455.0,2295.0,2209.0,1549.0,401.0,259.0,818.0,821.0,816.0,844.0,825.0,839.0,2293.0,2638.0,2893.0,1549.0,401.0,259.0,818.0,821.0,816.0
0.0,7611.0,2528.0,2459.0,1984.0,2769.0,1447.0,585.0,737.0,820.0,821.0,818.0,865.0,826.0,837.0,1723.0,2883.0,3005.0,1447.0,585.0,737.0,820.0,821.0,818.0
0.0,7067.0,2617.0,2463.0,2209.0,3193.0,775.0,1072.0,1346.0,821.0,823.0,819.0,873.0,880.0,864.0,1833.0,2699.0,2535.0,775.0,1072.0,1346.0,821.0,823.0,819.0
0.0,6659.0,2370.0,2462.0,2769.0,2790.0,119.0,1264.0,1407.0,821.0,822.0,819.0,791.0,781.0,798.0,2509.0,2220.0,1930.0,119.0,1264.0,1407.0,821.0,822.0,819.0
0.0,7058.0,2380.0,2462.0,3193.0,1977.0,161.0,965.0,851.0,821.0,821.0,820.0,817.0,777.0,786.0,3165.0,2024.0,1869.0,161.0,965.0,851.0,821.0,821.0,820.0
0.0,7871.0,2434.0,2462.0,2790.0,1621.0,872.0,510.0,239.0,822.0,821.0,819.0,826.0,809.0,799.0,3123.0,2319.0,2429.0,872.0,510.0,239.0,822.0,821.0,819.0
0.0,8227.0,2537.0,2465.0,1977.0,2193.0,1547.0,387.0,259.0,823.0,821.0,821.0,832.0,842.0,863.0,2416.0,2774.0,3037.0,1547.0,387.0,259.0,823.0,821.0,821.0
0.0,7667.0,2358.0,2463.0,1621.0,2922.0,1454.0,652.0,816.0,823.0,820.0,820.0,779.0,779.0,800.0,1745.0,2897.0,3025.0,1454.0,652.0,816.0,823.0,820.0,820.0
0.0,6930.0,2559.0,2468.0,2193.0,3308.0,788.0,1108.0,1412.0,825.0,821.0,822.0,873.0,839.0,847.0,1838.0,2628.0,2464.0,788.0,1108.0,1412.0,825.0,821.0,822.0
0.0,6564.0,2460.0,2469.0,2922.0,2850.0,141.0,1280.0,1429.0,825.0,821.0,823.0,807.0,824.0,829.0,2512.0,2176.0,1876.0,141.0,1280.0,1429.0,825.0,821.0,823.0
0.0,7026.0,2470.0,2470.0,3308.0,2016.0,185.0,981.0,850.0,826.0,821.0,823.0,828.0,809.0,833.0,3159.0,2004.0,1863.0,185.0,981.0,850.0,826.0,821.0,823.0
0.0,7864.0,2494.0,2469.0,2850.0,1656.0,896.0,540.0,220.0,826.0,821.0,822.0,852.0,839.0,803.0,3119.0,2303.0,2442.0,896.0,540.0,220.0,826.0,821.0,822.0
0.0,8220.0,2597.0,2474.0,2016.0,2257.0,1592.0,399.0,266.0,828.0,822.0,824.0,873.0,836.0,888.0,2408.0,2744.0,3068.0,1592.0,399.0,266.0,828.0,822.0,824.0
0.0,7639.0,2511.0,2473.0,1656.0,3108.0,1518.0,677.0,913.0,827.0,821.0,825.0,826.0,822.0,863.0,1720.0,2889.0,3030.0,1518.0,677.0,913.0,827.0,821.0,825.0
0.0,6784.0,2576.0,2477.0,2257.0,3443.0,778.0,1137.0,1528.0,828.0,822.0,827.0,848.0,855.0,873.0,1790.0,2607.0,2387.0,778.0,1137.0,1528.0,828.0,822.0,827.0
0.0,6465.0,2554.0,2478.0,3108.0,2893.0,99.0,1296.0,1498.0,828.0,822.0,828.0,839.0,836.0,879.0,2534.0,2151.0,1780.0,99.0,1296.0,1498.0,828.0,822.0,828.0
0.0,7019.0,2569.0,2478.0,3443.0,2019.0,167.0,1013.0,839.0,827.0,823.0,828.0,850.0,850.0,869.0,3213.0,1992.0,1814.0,167.0,1013.0,839.0,827.0,823.0,828.0
0.0,7893.0,2644.0,2480.0,2893.0,1778.0,947.0,591.0,240.0,828.0,823.0,829.0,875.0,874.0,895.0,3141.0,2279.0,2473.0,947.0,591.0,240.0,828.0,823.0,829.0
0.0,8142.0,2537.0,2483.0,2019.0,2308.0,1625.0,431.0,252.0,828.0,825.0,830.0,845.0,845.0,847.0,2365.0,2701.0,3076.0,1625.0,431.0,252.0,828.0,825.0,830.0
0.0,7624.0,2466.0,2484.0,1778.0,3000.0,1506.0,646.0,848.0,829.0,825.0,830.0,824.0,806.0,836.0,1687.0,2869.0,3068.0,1506.0,646.0,848.0,829.0,825.0,830.0
0.0,6936.0,2675.0,2487.0,2308.0,3379.0,775.0,1117.0,1487.0,830.0,826.0,831.0,890.0,898.0,887.0,1810.0,2654.0,2472.0,775.0,1117.0,1487.0,830.0,826.0,831.0
0.0,6569.0,2605.0,2488.0,3000.0,2988.0,179.0,1314.0,1495.0,831.0,826.0,831.0,906.0,843.0,856.0,2545.0,2187.0,1837.0,179.0,1314.0,1495.0,831.0,826.0,831.0
0.0,6964.0,2604.0,2492.0,3379.0,2229.0,281.0,1070.0,878.0,832.0,828.0,832.0,873.0,865.0,866.0,3145.0,1990.0,1829.0,281.0,1070.0,878.0,832.0,828.0,832.0
0.0,7739.0,2607.0,2494.0,2988.0,1856.0,997.0,631.0,228.0,833.0,829.0,832.0,891.0,871.0,845.0,3047.0,2242.0,2450.0,997.0,631.0,228.0,833.0,829.0,832.0
0.0,8120.0,2639.0,2496.0,2229.0,2274.0,1587.0,436.0,251.0,833.0,830.0,833.0,871.0,871.0,897.0,2335.0,2685.0,3100.0,1587.0,436.0,251.0,833.0,830.0,833.0
0.0,7710.0,2734.0,2503.0,1856.0,3180.0,1496.0,734.0,950.0,835.0,833.0,835.0,898.0,917.0,919.0,1745.0,2884.0,3081.0,1496.0,734.0,950.0,835.0,833.0,835.0
0.0,6832.0,2578.0,2507.0,2274.0,3500.0,783.0,1161.0,1556.0,837.0,835.0,835.0,866.0,855.0,857.0,1844.0,2598.0,2390.0,783.0,1161.0,1556.0,837.0,835.0,835.0
0.0,6528.0,2593.0,2507.0,3180.0,2913.0,133.0,1321.0,1459.0,836.0,836.0,835.0,850.0,890.0,853.0,2565.0,2179.0,1784.0,133.0,1321.0,1459.0,836.0,836.0,835.0
0.0,7115.0,2621.0,2510.0,3500.0,2046.0,220.0,1047.0,779.0,838.0,837.0,835.0,862.0,883.0,876.0,3211.0,2023.0,1881.0,220.0,1047.0,779.0,838.0,837.0,835.0
0.0,7994.0,2532.0,2512.0,2913.0,1673.0,911.0,596.0,166.0,838.0,838.0,836.0,824.0,866.0,842.0,3132.0,2301.0,2561.0,911.0,596.0,166.0,838.0,838.0,836.0
0.0,8375.0,2558.0,2514.0,2046.0,2193.0,1538.0,423.0,232.0,839.0,839.0,836.0,843.0,870.0,845.0,2441.0,2756.0,3178.0,1538.0,423.0,232.0,839.0,839.0,836.0
0.0,7863.0,2477.0,2512.0,1673.0,2989.0,1462.0,649.0,878.0,839.0,838.0,835.0,835.0,826.0,816.0,1818.0,2933.0,3112.0,1462.0,649.0,878.0,839.0,838.0,835.0
0.0,7059.0,2555.0,2514.0,2193.0,3359.0,760.0,1097.0,1502.0,839.0,839.0,836.0,836.0,867.0,852.0,1894.0,2703.0,2462.0,760.0,1097.0,1502.0,839.0,839.0,836.0
0.0,6697.0,2448.0,2515.0,2989.0,2822.0,125.0,1255.0,1442.0,840.0,839.0,836.0,823.0,807.0,818.0,2596.0,2259.0,1842.0,125.0,1255.0,1442.0,840.0,839.0,836.0
0.0,7238.0,2555.0,2515.0,3359.0,2018.0,211.0,1017.0,790.0,840.0,839.0,836.0,846.0,859.0,850.0,3235.0,2101.0,1902.0,211.0,1017.0,790.0,840.0,839.0,836.0
0.0,8042.0,2628.0,2518.0,2822.0,1836.0,972.0,646.0,218.0,841.0,840.0,837.0,882.0,880.0,866.0,3149.0,2339.0,2554.0,972.0,646.0,218.0,841.0,840.0,837.0
0.0,8236.0,2485.0,2516.0,2018.0,2295.0,1605.0,438.0,252.0,841.0,839.0,836.0,844.0,813.0,828.0,2392.0,2714.0,3130.0,1605.0,438.0,252.0,841.0,839.0,836.0
0.0,7769.0,2607.0,2518.0,1836.0,3074.0,1503.0,658.0,913.0,842.0,839.0,837.0,866.0,866.0,875.0,1759.0,2918.0,3092.0,1503.0,658.0,913.0,842.0,839.0,837.0
0.0,6998.0,2580.0,2521.0,2295.0,3371.0,764.0,1076.0,1531.0,843.0,840.0,838.0,862.0,852.0,866.0,1865.0,2698.0,2435.0,764.0,1076.0,1531.0,843.0,840.0,838.0
0.0,6713.0,2423.0,2521.0,3074.0,2720.0,66.0,1235.0,1419.0,843.0,840.0,838.0,805.0,817.0,801.0,2608.0,2284.0,1821.0,66.0,1235.0,1419.0,843.0,840.0,838.0
0.0,7364.0,2537.0,2520.0,3371.0,1882.0,149.0,1002.0,731.0,842.0,840.0,838.0,851.0,843.0,843.0,3306.0,2125.0,1933.0,149.0,1002.0,731.0,842.0,840.0,838.0
0.0,8198.0,2456.0,2519.0,2720.0,1614.0,908.0,579.0,127.0,842.0,839.0,838.0,825.0,816.0,815.0,3219.0,2358.0,2621.0,908.0,579.0,127.0,842.0,839.0,838.0
0.0,8462.0,2477.0,2520.0,1882.0,2213.0,1586.0,410.0,217.0,842.0,839.0,839.0,827.0,833.0,817.0,2460.0,2777.0,3225.0,1586.0,410.0,217.0,842.0,839.0,839.0
0.0,7867.0,2508.0,2524.0,1614.0,3123.0,1534.0,671.0,918.0,844.0,840.0,840.0,848.0,836.0,824.0,1782.0,2946.0,3139.0,1534.0,671.0,918.0,844.0,840.0,840.0
0.0,6973.0,2555.0,2527.0,2213.0,3477.0,835.0,1092.0,1550.0,845.0,841.0,841.0,883.0,827.0,845.0,1842.0,2689.0,2442.0,835.0,1092.0,1550.0,845.0,841.0,841.0
0.0,6631.0,2544.0,2528.0,3123.0,2902.0,150.0,1266.0,1486.0,845.0,841.0,842.0,849.0,845.0,850.0,2545.0,2272.0,1814.0,150.0,1266.0,1486.0,845.0,841.0,842.0
0.0,7210.0,2510.0,2528.0,3477.0,1935.0,190.0,980.0,765.0,846.0,840.0,842.0,871.0,810.0,829.0,3230.0,2098.0,1882.0,190.0,980.0,765.0,846.0,840.0,842.0
0.0,8177.0,2578.0,2529.0,2902.0,1615.0,913.0,548.0,154.0,846.0,840.0,843.0,873.0,834.0,871.0,3194.0,2380.0,2603.0,913.0,548.0,154.0,846.0,840.0,843.0
0.0,8501.0,2482.0,2531.0,1935.0,2170.0,1575.0,386.0,209.0,847.0,840.0,844.0,848.0,818.0,816.0,2471.0,2812.0,3218.0,1575.0,386.0,209.0,847.0,840.0,844.0
0.0,7954.0,2461.0,2533.0,1615.0,3024.0,1504.0,637.0,883.0,848.0,840.0,845.0,838.0,799.0,824.0,1813.0,2974.0,3167.0,1504.0,637.0,883.0,848.0,840.0,845.0
0.0,7108.0,2664.0,2537.0,2170.0,3534.0,839.0,1135.0,1560.0,850.0,841.0,846.0,902.0,880.0,882.0,1888.0,2723.0,2497.0,839.0,1135.0,1560.0,850.0,841.0,846.0
0.0,6614.0,2522.0,2539.0,3024.0,3040.0,162.0,1355.0,1523.0,850.0,842.0,847.0,827.0,853.0,842.0,2561.0,2229.0,1824.0,162.0,1355.0,1523.0,850.0,842.0,847.0
0.0,7116.0,2563.0,2539.0,3534.0,2069.0,197.0,1053.0,819.0,850.0,842.0,847.0,874.0,833.0,856.0,3238.0,2013.0,1865.0,197.0,1053.0,819.0,850.0,842.0,847.0
0.0,8087.0,2458.0,2537.0,3040.0,1479.0,850.0,533.0,96.0,849.0,842.0,846.0,819.0,835.0,804.0,3203.0,2315.0,2569.0,850.0,533.0,96.0,849.0,842.0,846.0
0.0,8669.0,2606.0,2537.0,2069.0,2016.0,1508.0,331.0,177.0,849.0,841.0,847.0,855.0,855.0,896.0,2546.0,2835.0,3288.0,1508.0,331.0,177.0,849.0,841.0,847.0
0.0,8132.0,2462.0,2539.0,1479.0,3007.0,1494.0,631.0,882.0,850.0,842.0,847.0,832.0,829.0,801.0,1888.0,3033.0,3211.0,1494.0,631.0,882.0,850.0,842.0,847.0
0.0,7149.0,2570.0,2543.0,2016.0,3577.0,846.0,1188.0,1543.0,851.0,844.0,848.0,856.0,880.0,834.0,1906.0,2737.0,2506.0,846.0,1188.0,1543.0,851.0,844.0,848.0
0.0,6595.0,2574.0,2545.0,3007.0,3152.0,208.0,1425.0,1519.0,851.0,845.0,849.0,856.0,864.0,854.0,2558.0,2188.0,1849.0,208.0,1425.0,1519.0,851.0,845.0,849.0
0.0,7028.0,2645.0,2547.0,3577.0,2228.0,251.0,1117.0,860.0,852.0,846.0,849.0,885.0,876.0,884.0,3196.0,1955.0,1877.0,251.0,1117.0,860.0,852.0,846.0,849.0
0.0,7960.0,2593.0,2552.0,3152.0,1689.0,892.0,564.0,233.0,853.0,848.0,851.0,845.0,864.0,884.0,3157.0,2267.0,2536.0,892.0,564.0,233.0,853.0,848.0,851.0
0.0,8519.0,2627.0,2554.0,2228.0,2096.0,1497.0,343.0,256.0,853.0,849.0,852.0,856.0,892.0,879.0,2520.0,2828.0,3171.0,1497.0,343.0,256.0,853.0,849.0,852.0
0.0,8120.0,2582.0,2556.0,1689.0,2997.0,1447.0,648.0,902.0,854.0,850.0,852.0,838.0,865.0,879.0,1915.0,3053.0,3152.0,1447.0,648.0,902.0,854.0,850.0,852.0
0.0,7227.0,2573.0,2558.0,2096.0,3482.0,784.0,1190.0,1508.0,854.0,851.0,853.0,834.0,881.0,858.0,1969.0,2752.0,2506.0,784.0,1190.0,1508.0,854.0,851.0,853.0
0.0,6750.0,2570.0,2559.0,2997.0,3059.0,179.0,1399.0,1481.0,854.0,851.0,854.0,842.0,857.0,871.0,2632.0,2214.0,1904.0,179.0,1399.0,1481.0,854.0,851.0,854.0
0.0,7177.0,2648.0,2559.0,3482.0,2225.0,252.0,1111.0,862.0,853.0,852.0,854.0,861.0,898.0,889.0,3237.0,2005.0,1935.0,252.0,1111.0,862.0,853.0,852.0,854.0
0.0,8011.0,2624.0,2562.0,3059.0,1802.0,950.0,604.0,248.0,854.0,854.0,854.0,873.0,884.0,867.0,3160.0,2297.0,2554.0,950.0,604.0,248.0,854.0,854.0,854.0
0.0,8446.0,2563.0,2563.0,2225.0,2144.0,1574.0,342.0,228.0,855.0,854.0,854.0,872.0,849.0,842.0,2466.0,2812.0,3168.0,1574.0,342.0,228.0,855.0,854.0,854.0
0.0,8108.0,2684.0,2565.0,1802.0,3034.0,1542.0,630.0,862.0,856.0,855.0,854.0,914.0,888.0,882.0,1846.0,3074.0,3188.0,1542.0,630.0,862.0,856.0,855.0,854.0
0.0,7226.0,2605.0,2565.0,2144.0,3495.0,832.0,1141.0,1522.0,856.0,855.0,854.0,864.0,853.0,888.0,1882.0,2790.0,2554.0,832.0,1141.0,1522.0,856.0,855.0,854.0
0.0,6765.0,2676.0,2566.0,3034.0,3141.0,191.0,1384.0,1566.0,857.0,855.0,854.0,897.0,873.0,906.0,2592.0,2279.0,1894.0,191.0,1384.0,1566.0,857.0,855.0,854.0
0.0,7123.0,2598.0,2567.0,3495.0,2248.0,211.0,1110.0,927.0,857.0,855.0,855.0,852.0,867.0,879.0,3237.0,2036.0,1850.0,211.0,1110.0,927.0,857.0,855.0,855.0
0.0,8020.0,2698.0,2572.0,3141.0,1825.0,956.0,621.0,248.0,859.0,857.0,856.0,928.0,887.0,883.0,3217.0,2310.0,2493.0,956.0,621.0,248.0,859.0,857.0,856.0
0.0,8463.0,2673.0,2572.0,2248.0,2250.0,1624.0,411.0,215.0,859.0,857.0,856.0,879.0,900.0,894.0,2480.0,2807.0,3176.0,1624.0,411.0,215.0,859.0,857.0,856.0
0.0,8038.0,2563.0,2571.0,1825.0,2984.0,1522.0,631.0,831.0,858.0,857.0,856.0,858.0,841.0,864.0,1812.0,3017.0,3209.0,1522.0,631.0,831.0,858.0,857.0,856.0
0.0,7300.0,2728.0,2573.0,2250.0,3470.0,821.0,1128.0,1521.0,859.0,857.0,857.0,919.0,908.0,901.0,1910.0,2797.0,2593.0,821.0,1128.0,1521.0,859.0,857.0,857.0
0.0,6822.0,2805.0,2577.0,2984.0,3307.0,251.0,1423.0,1633.0,860.0,858.0,859.0,948.0,922.0,935.0,2615.0,2300.0,1907.0,251.0,1423.0,1633.0,860.0,858.0,859.0
0.0,7001.0,2566.0,2576.0,3470.0,2399.0,297.0,1137.0,965.0,860.0,858.0,858.0,867.0,842.0,857.0,3189.0,2009.0,1803.0,297.0,1137.0,965.0,860.0,858.0,858.0
0.0,7905.0,2631.0,2573.0,3307.0,1711.0,906.0,580.0,225.0,859.0,857.0,857.0,864.0,870.0,897.0,3143.0,2295.0,2467.0,906.0,580.0,225.0,859.0,857.0,857.0
0.0,8581.0,2746.0,2576.0,2399.0,2070.0,1521.0,373.0,176.0,860.0,858.0,858.0,908.0,926.0,912.0,2530.0,2848.0,3203.0,1521.0,373.0,176.0,860.0,858.0,858.0
0.0,8234.0,2605.0,2577.0,1711.0,2968.0,1487.0,659.0,822.0,860.0,858.0,859.0,872.0,866.0,867.0,1919.0,3059.0,3256.0,1487.0,659.0,822.0,860.0,858.0,859.0
0.0,7340.0,2636.0,2578.0,2070.0,3538.0,845.0,1157.0,1536.0,861.0,858.0,859.0,875.0,871.0,890.0,1953.0,2773.0,2614.0,845.0,1157.0,1536.0,861.0,858.0,859.0
0.0,6774.0,2820.0,2583.0,2968.0,3410.0,307.0,1441.0,1662.0,863.0,859.0,861.0,941.0,939.0,940.0,2599.0,2275.0,1900.0,307.0,1441.0,1662.0,863.0,859.0,861.0
0.0,6922.0,2723.0,2585.0,3538.0,2603.0,377.0,1174.0,1052.0,864.0,859.0,862.0,911.0,890.0,922.0,3145.0,1995.0,1782.0,377.0,1174.0,1052.0,864.0,859.0,862.0
0.0,7737.0,2645.0,2588.0,3410.0,1850.0,974.0,617.0,259.0,865.0,860.0,863.0,900.0,880.0,865.0,3079.0,2262.0,2396.0,974.0,617.0,259.0,865.0,860.0,863.0
0.0,8502.0,2607.0,2590.0,2603.0,1862.0,1475.0,315.0,72.0,866.0,860.0,864.0,874.0,872.0,861.0,2486.0,2823.0,3193.0,1475.0,315.0,72.0,866.0,860.0,864.0
0.0,8498.0,2578.0,2592.0,1850.0,2598.0,1361.0,560.0,677.0,867.0,861.0,864.0,856.0,858.0,864.0,1989.0,3125.0,3384.0,1361.0,560.0,677.0,867.0,861.0,864.0
0.0,7770.0,2672.0,2595.0,1862.0,3420.0,789.0,1149.0,1482.0,868.0,862.0,865.0,899.0,900.0,873.0,2107.0,2884.0,2779.0,789.0,1149.0,1482.0,868.0,862.0,865.0
0.0,6960.0,2586.0,2594.0,2598.0,3404.0,289.0,1450.0,1665.0,867.0,862.0,865.0,865.0,861.0,860.0,2683.0,2299.0,1978.0,289.0,1450.0,1665.0,867.0,862.0,865.0
0.0,6972.0,2601.0,2597.0,3420.0,2597.0,372.0,1169.0,1056.0,868.0,863.0,866.0,868.0,864.0,869.0,3179.0,1998.0,1795.0,372.0,1169.0,1056.0,868.0,863.0,866.0
0.0,7791.0,2585.0,2596.0,3404.0,1774.0,947.0,580.0,247.0,868.0,863.0,865.0,864.0,861.0,860.0,3100.0,2283.0,2408.0,947.0,580.0,247.0,868.0,863.0,865.0
0.0,8610.0,2503.0,2594.0,2597.0,1672.0,1392.0,244.0,36.0,867.0,862.0,865.0,821.0,837.0,845.0,2525.0,2872.0,3213.0,1392.0,244.0,36.0,867.0,862.0,865.0
0.0,8704.0,2644.0,2599.0,1774.0,2562.0,1338.0,571.0,653.0,869.0,864.0,866.0,885.0,899.0,860.0,2076.0,3204.0,3424.0,1338.0,571.0,653.0,869.0,864.0,866.0
0.0,7834.0,2600.0,2599.0,1672.0,3490.0,817.0,1193.0,1480.0,869.0,864.0,866.0,871.0,866.0,863.0,2138.0,2885.0,2811.0,817.0,1193.0,1480.0,869.0,864.0,866.0
0.0,6906.0,2478.0,2601.0,2562.0,3414.0,310.0,1444.0,1660.0,869.0,865.0,867.0,831.0,818.0,829.0,2659.0,2263.0,1984.0,310.0,1444.0,1660.0,869.0,865.0,867.0
0.0,6990.0,2534.0,2602.0,3490.0,2462.0,356.0,1103.0,1003.0,870.0,865.0,867.0,859.0,852.0,823.0,3166.0,2016.0,1808.0,356.0,1103.0,1003.0,870.0,865.0,867.0
0.0,7946.0,2543.0,2602.0,3414.0,1591.0,895.0,514.0,182.0,870.0,865.0,867.0,849.0,855.0,839.0,3124.0,2357.0,2465.0,895.0,514.0,182.0,870.0,865.0,867.0
0.0,8817.0,2665.0,2605.0,2462.0,1806.0,1427.0,324.0,55.0,870.0,867.0,868.0,888.0,905.0,872.0,2585.0,2946.0,3286.0,1427.0,324.0,55.0,870.0,867.0,868.0
0.0,8614.0,2606.0,2605.0,1591.0,2821.0,1414.0,679.0,728.0,870.0,867.0,868.0,882.0,869.0,855.0,2053.0,3144.0,3417.0,1414.0,679.0,728.0,870.0,867.0,868.0
0.0,7599.0,2701.0,2609.0,1806.0,3732.0,890.0,1280.0,1562.0,871.0,869.0,869.0,899.0,917.0,885.0,2066.0,2789.0,2744.0,890.0,1280.0,1562.0,871.0,869.0,869.0
0.0,6704.0,2613.0,2610.0,2821.0,3528.0,335.0,1473.0,1720.0,871.0,870.0,869.0,859.0,868.0,886.0,2594.0,2196.0,1914.0,335.0,1473.0,1720.0,871.0,870.0,869.0
0.0,6912.0,2631.0,2612.0,3732.0,2435.0,326.0,1093.0,1016.0,871.0,871.0,870.0,881.0,896.0,854.0,3149.0,2007.0,1756.0,326.0,1093.0,1016.0,871.0,871.0,870.0
0.0,8013.0,2603.0,2615.0,3528.0,1522.0,890.0,486.0,146.0,872.0,873.0,870.0,895.0,858.0,850.0,3158.0,2391.0,2464.0,890.0,486.0,146.0,872.0,873.0,870.0
0.0,8938.0,2568.0,2613.0,2435.0,1682.0,1409.0,273.0,0.0,871.0,873.0,869.0,849.0,880.0,839.0,2598.0,3006.0,3334.0,1409.0,273.0,0.0,871.0,873.0,869.0
0.0,8805.0,2655.0,2616.0,1522.0,2792.0,1424.0,673.0,695.0,873.0,873.0,870.0,897.0,886.0,872.0,2075.0,3219.0,3511.0,1424.0,673.0,695.0,873.0,873.0,870.0
0.0,7672.0,2605.0,2617.0,1682.0,3719.0,888.0,1290.0,1541.0,873.0,874.0,870.0,873.0,886.0,846.0,2068.0,2819.0,2785.0,888.0,1290.0,1541.0,873.0,874.0,870.0
0.0,6749.0,2758.0,2623.0,2792.0,3709.0,408.0,1542.0,1759.0,875.0,876.0,872.0,936.0,917.0,905.0,2604.0,2206.0,1939.0,408.0,1542.0,1759.0,875.0,876.0,872.0
0.0,6783.0,2631.0,2623.0,3719.0,2621.0,415.0,1121.0,1085.0,876.0,876.0,871.0,891.0,869.0,871.0,3092.0,1962.0,1729.0,415.0,1121.0,1085.0,876.0,876.0,871.0
0.0,7871.0,2606.0,2626.0,3709.0,1530.0,854.0,464.0,212.0,876.0,877.0,873.0,847.0,881.0,878.0,3089.0,2383.0,2399.0,854.0,464.0,212.0,876.0,877.0,873.0
0.0,8974.0,2519.0,2624.0,2621.0,1445.0,1257.0,188.0,0.0,875.0,876.0,873.0,822.0,849.0,848.0,2650.0,3044.0,3280.0,1257.0,188.0,0.0,875.0,876.0,873.0
0.0,9076.0,2769.0,2628.0,1530.0,2675.0,1319.0,666.0,690.0,876.0,878.0,874.0,912.0,934.0,923.0,2243.0,3316.0,3517.0,1319.0,666.0,690.0,876.0,878.0,874.0
0.0,7837.0,2657.0,2628.0,1445.0,3887.0,948.0,1358.0,1581.0,876.0,878.0,874.0,886.0,880.0,891.0,2185.0,2846.0,2806.0,948.0,1358.0,1581.0,876.0,878.0,874.0
0.0,6625.0,2696.0,2631.0,2675.0,3920.0,511.0,1600.0,1809.0,877.0,879.0,875.0,878.0,904.0,914.0,2556.0,2154.0,1915.0,511.0,1600.0,1809.0,877.0,879.0,875.0
0.0,6604.0,2645.0,2632.0,3887.0,2682.0,450.0,1130.0,1102.0,878.0,879.0,875.0,883.0,888.0,874.0,2997.0,1916.0,1691.0,450.0,1130.0,1102.0,878.0,879.0,875.0
0.0,7846.0,2557.0,2632.0,3920.0,1319.0,776.0,391.0,152.0,878.0,879.0,875.0,837.0,861.0,859.0,3062.0,2386.0,2398.0,776.0,391.0,152.0,878.0,879.0,875.0
0.0,9209.0,2566.0,2631.0,2682.0,1272.0,1160.0,112.0,0.0,878.0,878.0,875.0,834.0,855.0,877.0,2736.0,3125.0,3348.0,1160.0,112.0,0.0,878.0,878.0,875.0
0.0,9325.0,2659.0,2632.0,1319.0,2543.0,1241.0,598.0,704.0,878.0,878.0,876.0,857.0,877.0,925.0,2352.0,3400.0,3573.0,1241.0,598.0,704.0,878.0,878.0,876.0
0.0,7985.0,2611.0,2632.0,1272.0,3882.0,949.0,1343.0,1590.0,878.0,878.0,876.0,868.0,857.0,886.0,2271.0,2914.0,2800.0,949.0,1343.0,1590.0,878.0,878.0,876.0
0.0,6646.0,2710.0,2633.0,2543.0,4053.0,610.0,1615.0,1828.0,879.0,877.0,877.0,898.0,874.0,938.0,2563.0,2169.0,1914.0,610.0,1615.0,1828.0,879.0,877.0,877.0
0.0,6479.0,2724.0,2636.0,3882.0,2907.0,573.0,1152.0,1182.0,879.0,878.0,879.0,912.0,876.0,936.0,2906.0,1893.0,1680.0,573.0,1152.0,1182.0,879.0,878.0,879.0
0.0,7637.0,2730.0,2636.0,4053.0,1584.0,883.0,445.0,256.0,879.0,878.0,879.0,920.0,908.0,902.0,2943.0,2360.0,2334.0,883.0,445.0,256.0,879.0,878.0,879.0
0.0,8960.0,2761.0,2640.0,2907.0,1454.0,1241.0,200.0,13.0,881.0,879.0,880.0,923.0,903.0,935.0,2633.0,3067.0,3260.0,1241.0,200.0,13.0,881.0,879.0,880.0
0.0,9106.0,2785.0,2642.0,1584.0,2663.0,1289.0,663.0,711.0,881.0,880.0,881.0,931.0,904.0,950.0,2283.0,3316.0,3507.0,1289.0,663.0,711.0,881.0,880.0,881.0
0.0,7905.0,2712.0,2645.0,1454.0,3933.0,979.0,1333.0,1621.0,883.0,880.0,882.0,923.0,870.0,919.0,2235.0,2857.0,2813.0,979.0,1333.0,1621.0,883.0,880.0,882.0
0.0,6647.0,2625.0,2644.0,2663.0,3891.0,559.0,1553.0,1779.0,882.0,880.0,882.0,873.0,883.0,869.0,2553.0,2187.0,1907.0,559.0,1553.0,1779.0,882.0,880.0,882.0
0.0,6685.0,2561.0,2641.0,3933.0,2507.0,437.0,1057.0,1013.0,881.0,879.0,881.0,861.0,841.0,859.0,2969.0,1967.0,1749.0,437.0,1057.0,1013.0,881.0,879.0,881.0
0.0,8057.0,2628.0,2642.0,3891.0,1248.0,752.0,357.0,139.0,881.0,879.0,882.0,874.0,853.0,901.0,3087.0,2459.0,2511.0,752.0,357.0,139.0,881.0,879.0,882.0
0.0,9320.0,2585.0,2639.0,2507.0,1332.0,1178.0,154.0,0.0,880.0,878.0,881.0,867.0,858.0,860.0,2772.0,3159.0,3389.0,1178.0,154.0,0.0,880.0,878.0,881.0
0.0,9242.0,2750.0,2639.0,1248.0,2816.0,1344.0,714.0,758.0,880.0,878.0,881.0,918.0,917.0,915.0,2342.0,3358.0,3542.0,1344.0,714.0,758.0,880.0,878.0,881.0
0.0,7740.0,2752.0,2642.0,1332.0,4248.0,1097.0,1473.0,1678.0,881.0,879.0,882.0,927.0,909.0,916.0,2176.0,2798.0,2766.0,1097.0,1473.0,1678.0,881.0,879.0,882.0
0.0,6320.0,2744.0,2644.0,2816.0,4184.0,685.0,1677.0,1822.0,882.0,880.0,882.0,928.0,914.0,902.0,2427.0,2043.0,1850.0,685.0,1677.0,1822.0,882.0,880.0,882.0
0.0,6392.0,2690.0,2643.0,4248.0,2622.0,492.0,1075.0,1055.0,882.0,879.0,882.0,904.0,875.0,911.0,2843.0,1843.0,1706.0,492.0,1075.0,1055.0,882.0,879.0,882.0
0.0,7950.0,2844.0,2648.0,4184.0,1302.0,758.0,370.0,174.0,884.0,881.0,883.0,943.0,964.0,937.0,3036.0,2441.0,2473.0,758.0,370.0,174.0,884.0,881.0,883.0
0.0,9290.0,2710.0,2649.0,2622.0,1394.0,1165.0,205.0,24.0,884.0,882.0,883.0,899.0,906.0,905.0,2778.0,3154.0,3358.0,1165.0,205.0,24.0,884.0,882.0,883.0
0.0,9202.0,2693.0,2646.0,1302.0,2773.0,1298.0,741.0,734.0,883.0,881.0,882.0,895.0,910.0,888.0,2371.0,3323.0,3508.0,1298.0,741.0,734.0,883.0,881.0,882.0
0.0,7811.0,2711.0,2647.0,1394.0,4094.0,1041.0,1457.0,1596.0,883.0,882.0,882.0,908.0,917.0,886.0,2234.0,2783.0,2794.0,1041.0,1457.0,1596.0,883.0,882.0,882.0
0.0,6494.0,2731.0,2648.0,2773.0,4056.0,642.0,1642.0,1772.0,883.0,882.0,883.0,899.0,926.0,906.0,2491.0,2071.0,1932.0,642.0,1642.0,1772.0,883.0,882.0,883.0
0.0,6536.0,2640.0,2648.0,4094.0,2602.0,471.0,1107.0,1024.0,883.0,883.0,882.0,870.0,918.0,852.0,2890.0,1886.0,1760.0,471.0,1107.0,1024.0,883.0,883.0,882.0
0.0,7990.0,2669.0,2651.0,4056.0,1227.0,716.0,392.0,119.0,884.0,885.0,882.0,883.0,919.0,867.0,3061.0,2425.0,2504.0,716.0,392.0,119.0,884.0,885.0,882.0
0.0,9377.0,2848.0,2654.0,2602.0,1485.0,1185.0,246.0,54.0,884.0,886.0,884.0,940.0,957.0,951.0,2820.0,3148.0,3409.0,1185.0,246.0,54.0,884.0,886.0,884.0
0.0,9131.0,2589.0,2654.0,1227.0,2847.0,1320.0,747.0,780.0,884.0,886.0,884.0,851.0,893.0,845.0,2351.0,3298.0,3482.0,1320.0,747.0,780.0,884.0,886.0,884.0
0.0,7769.0,2720.0,2656.0,1485.0,4090.0,1058.0,1427.0,1605.0,885.0,887.0,884.0,919.0,922.0,879.0,2216.0,2797.0,2756.0,1058.0,1427.0,1605.0,885.0,887.0,884.0
0.0,6534.0,2699.0,2658.0,2847.0,3950.0,638.0,1593.0,1719.0,886.0,888.0,884.0,896.0,909.0,894.0,2482.0,2121.0,1931.0,638.0,1593.0,1719.0,886.0,888.0,884.0
0.0,6682.0,2707.0,2662.0,4090.0,2583.0,479.0,1091.0,1013.0,887.0,890.0,885.0,895.0,917.0,895.0,2906.0,1959.0,1817.0,479.0,1091.0,1013.0,887.0,890.0,885.0
0.0,8065.0,2660.0,2663.0,3950.0,1297.0,716.0,395.0,186.0,887.0,890.0,886.0,875.0,897.0,888.0,3069.0,2469.0,2527.0,716.0,395.0,186.0,887.0,890.0,886.0
0.0,9355.0,2587.0,2663.0,2583.0,1301.0,1110.0,156.0,35.0,887.0,890.0,886.0,873.0,852.0,862.0,2832.0,3165.0,3358.0,1110.0,156.0,35.0,887.0,890.0,886.0
0.0,9351.0,2812.0,2669.0,1297.0,2840.0,1325.0,729.0,786.0,889.0,892.0,888.0,923.0,960.0,929.0,2438.0,3404.0,3509.0,1325.0,729.0,786.0,889.0,892.0,888.0
0.0,7836.0,2712.0,2672.0,1301.0,4263.0,1128.0,1478.0,1657.0,890.0,893.0,889.0,909.0,901.0,902.0,2231.0,2839.0,2766.0,1128.0,1478.0,1657.0,890.0,893.0,889.0
0.0,6425.0,2715.0,2676.0,2840.0,4154.0,721.0,1648.0,1785.0,891.0,894.0,891.0,914.0,895.0,906.0,2432.0,2094.0,1899.0,721.0,1648.0,1785.0,891.0,894.0,891.0
0.0,6550.0,2729.0,2677.0,4263.0,2624.0,530.0,1057.0,1037.0,892.0,894.0,891.0,933.0,887.0,909.0,2843.0,1928.0,1779.0,530.0,1057.0,1037.0,892.0,894.0,891.0
0.0,8084.0,2631.0,2677.0,4154.0,1101.0,694.0,258.0,149.0,892.0,893.0,892.0,885.0,853.0,893.0,3038.0,2519.0,2527.0,694.0,258.0,149.0,892.0,893.0,892.0
0.0,9607.0,2783.0,2679.0,2624.0,1268.0,1125.0,102.0,41.0,893.0,893.0,893.0,957.0,901.0,925.0,2874.0,3314.0,3419.0,1125.0,102.0,41.0,893.0,893.0,893.0
0.0,9448.0,2628.0,2680.0,1101.0,2799.0,1330.0,704.0,765.0,894.0,893.0,893.0,895.0,860.0,873.0,2447.0,3470.0,3531.0,1330.0,704.0,765.0,894.0,893.0,893.0
0.0,7921.0,2691.0,2679.0,1268.0,4218.0,1127.0,1472.0,1619.0,894.0,892.0,893.0,922.0,874.0,895.0,2246.0,2868.0,2807.0,1127.0,1472.0,1619.0,894.0,892.0,893.0
0.0,6498.0,2646.0,2681.0,2799.0,4073.0,693.0,1638.0,1742.0,894.0,893.0,894.0,896.0,866.0,884.0,2449.0,2096.0,1953.0,693.0,1638.0,1742.0,894.0,893.0,894.0
0.0,6651.0,2686.0,2683.0,4218.0,2549.0,494.0,1028.0,1027.0,896.0,892.0,895.0,920.0,866.0,900.0,2883.0,1934.0,1834.0,494.0,1028.0,1027.0,896.0,892.0,895.0
0.0,8183.0,2607.0,2682.0,4073.0,1079.0,686.0,224.0,169.0,896.0,891.0,895.0,885.0,838.0,884.0,3090.0,2540.0,2553.0,686.0,224.0,169.0,896.0,891.0,895.0
0.0,9649.0,2701.0,2685.0,2549.0,1243.0,1082.0,97.0,64.0,896.0,892.0,897.0,890.0,897.0,914.0,2898.0,3340.0,3411.0,1082.0,97.0,64.0,896.0,892.0,897.0
0.0,9497.0,2698.0,2683.0,1079.0,2854.0,1274.0,750.0,830.0,895.0,891.0,897.0,882.0,881.0,935.0,2502.0,3471.0,3524.0,1274.0,750.0,830.0,895.0,891.0,897.0
0.0,7878.0,2715.0,2685.0,1243.0,4334.0,1091.0,1530.0,1713.0,895.0,891.0,899.0,899.0,877.0,939.0,2306.0,2814.0,2758.0,1091.0,1530.0,1713.0,895.0,891.0,899.0
0.0,6406.0,2784.0,2689.0,2854.0,4280.0,753.0,1694.0,1833.0,897.0,892.0,900.0,928.0,910.0,946.0,2489.0,2034.0,1883.0,753.0,1694.0,1833.0,897.0,892.0,900.0
0.0,6476.0,2783.0,2693.0,4334.0,2745.0,587.0,1079.0,1079.0,898.0,893.0,902.0,921.0,911.0,951.0,2835.0,1874.0,1767.0,587.0,1079.0,1079.0,898.0,893.0,902.0
0.0,8027.0,2772.0,2694.0,4280.0,1241.0,768.0,307.0,166.0,899.0,893.0,902.0,930.0,922.0,920.0,3005.0,2493.0,2529.0,768.0,307.0,166.0,899.0,893.0,902.0
0.0,9535.0,2649.0,2693.0,2745.0,1154.0,1061.0,93.0,0.0,899.0,892.0,902.0,880.0,869.0,900.0,2828.0,3265.0,3442.0,1061.0,93.0,0.0,899.0,892.0,902.0
0.0,9631.0,2565.0,2690.0,1241.0,2453.0,1126.0,627.0,700.0,898.0,891.0,901.0,837.0,845.0,883.0,2535.0,3475.0,3621.0,1126.0,627.0,700.0,898.0,891.0,901.0
0.0,8307.0,2813.0,2694.0,1154.0,4128.0,1009.0,1467.0,1652.0,899.0,892.0,903.0,940.0,929.0,944.0,2466.0,2937.0,2904.0,1009.0,1467.0,1652.0,899.0,892.0,903.0
0.0,6648.0,2666.0,2697.0,2453.0,4353.0,765.0,1732.0,1856.0,900.0,893.0,904.0,878.0,888.0,900.0,2587.0,2101.0,1960.0,765.0,1732.0,1856.0,900.0,893.0,904.0
0.0,6435.0,2731.0,2698.0,4128.0,2960.0,666.0,1168.0,1126.0,901.0,893.0,904.0,906.0,903.0,922.0,2835.0,1840.0,1760.0,666.0,1168.0,1126.0,901.0,893.0,904.0
0.0,7832.0,2961.0,2705.0,4353.0,1596.0,879.0,433.0,284.0,903.0,896.0,906.0,970.0,985.0,1006.0,2938.0,2404.0,2490.0,879.0,433.0,284.0,903.0,896.0,906.0
0.0,9224.0,2844.0,2709.0,2960.0,1496.0,1160.0,213.0,123.0,905.0,897.0,907.0,939.0,944.0,961.0,2733.0,3151.0,3340.0,1160.0,213.0,123.0,905.0,897.0,907.0
0.0,9340.0,2653.0,2708.0,1596.0,2549.0,1156.0,680.0,713.0,904.0,898.0,906.0,879.0,896.0,878.0,2460.0,3375.0,3505.0,1156.0,680.0,713.0,904.0,898.0,906.0
0.0,8283.0,2826.0,2710.0,1496.0,3887.0,943.0,1419.0,1525.0,905.0,899.0,906.0,943.0,948.0,935.0,2460.0,2912.0,2911.0,943.0,1419.0,1525.0,905.0,899.0,906.0
0.0,6953.0,2753.0,2711.0,2549.0,4095.0,693.0,1652.0,1750.0,905.0,899.0,907.0,906.0,913.0,934.0,2677.0,2177.0,2099.0,693.0,1652.0,1750.0,905.0,899.0,907.0
0.0,6749.0,2750.0,2711.0,3887.0,2958.0,672.0,1161.0,1125.0,905.0,900.0,906.0,922.0,924.0,904.0,2927.0,1944.0,1878.0,672.0,1161.0,1125.0,905.0,900.0,906.0
0.0,7886.0,2777.0,2710.0,4095.0,1636.0,896.0,448.0,292.0,904.0,900.0,906.0,921.0,939.0,917.0,2948.0,2439.0,2499.0,896.0,448.0,292.0,904.0,900.0,906.0
0.0,9204.0,2736.0,2711.0,2958.0,1418.0,1115.0,227.0,76.0,904.0,901.0,906.0,891.0,936.0,909.0,2720.0,3152.0,3332.0,1115.0,227.0,76.0,904.0,901.0,906.0
0.0,9426.0,2711.0,2713.0,1636.0,2501.0,1145.0,693.0,663.0,905.0,902.0,906.0,922.0,910.0,879.0,2501.0,3377.0,3548.0,1145.0,693.0,663.0,905.0,902.0,906.0
0.0,8351.0,2847.0,2718.0,1418.0,3950.0,1008.0,1407.0,1535.0,907.0,904.0,907.0,970.0,933.0,944.0,2475.0,2915.0,2961.0,1008.0,1407.0,1535.0,907.0,904.0,907.0
0.0,6922.0,2701.0,2719.0,2501.0,4154.0,769.0,1628.0,1757.0,907.0,905.0,907.0,906.0,910.0,885.0,2620.0,2209.0,2093.0,769.0,1628.0,1757.0,907.0,905.0,907.0
0.0,6722.0,2753.0,2723.0,3950.0,2973.0,702.0,1134.0,1137.0,909.0,906.0,908.0,933.0,909.0,911.0,2859.0,1992.0,1871.0,702.0,1134.0,1137.0,909.0,906.0,908.0
0.0,7919.0,2772.0,2723.0,4154.0,1591.0,861.0,428.0,302.0,909.0,906.0,908.0,928.0,922.0,922.0,2934.0,2490.0,2495.0,861.0,428.0,302.0,909.0,906.0,908.0
0.0,9301.0,2760.0,2723.0,2973.0,1378.0,1056.0,245.0,77.0,908.0,907.0,908.0,901.0,947.0,912.0,2775.0,3196.0,3330.0,1056.0,245.0,77.0,908.0,907.0,908.0
0.0,9514.0,2886.0,2726.0,1591.0,2685.0,1159.0,787.0,739.0,909.0,908.0,909.0,960.0,966.0,960.0,2576.0,3383.0,3555.0,1159.0,787.0,739.0,909.0,908.0,909.0
0.0,8219.0,2806.0,2729.0,1378.0,4125.0,1037.0,1491.0,1597.0,910.0,909.0,910.0,930.0,945.0,931.0,2477.0,2845.0,2897.0,1037.0,1491.0,1597.0,910.0,909.0,910.0
0.0,6791.0,2743.0,2726.0,2685.0,4171.0,787.0,1622.0,1762.0,909.0,908.0,909.0,913.0,922.0,908.0,2603.0,2145.0,2043.0,787.0,1622.0,1762.0,909.0,908.0,909.0
0.0,6733.0,2662.0,2725.0,4125.0,2704.0,644.0,1026.0,1034.0,909.0,908.0,908.0,894.0,895.0,873.0,2849.0,2010.0,1874.0,644.0,1026.0,1034.0,909.0,908.0,908.0
0.0,8196.0,2693.0,2725.0,4171.0,1226.0,761.0,300.0,165.0,909.0,908.0,908.0,904.0,896.0,893.0,2992.0,2606.0,2598.0,761.0,300.0,165.0,909.0,908.0,908.0
0.0,9674.0,2735.0,2726.0,2704.0,1261.0,1032.0,188.0,41.0,909.0,908.0,909.0,915.0,914.0,906.0,2875.0,3332.0,3467.0,1032.0,188.0,41.0,909.0,908.0,909.0
0.0,9643.0,2755.0,2726.0,1226.0,2790.0,1197.0,802.0,791.0,910.0,907.0,909.0,922.0,918.0,915.0,2604.0,3444.0,3595.0,1197.0,802.0,791.0,910.0,907.0,909.0
0.0,8114.0,2708.0,2727.0,1261.0,4241.0,1066.0,1511.0,1664.0,910.0,907.0,910.0,901.0,897.0,910.0,2443.0,2826.0,2845.0,1066.0,1511.0,1664.0,910.0,907.0,910.0
0.0,6667.0,2659.0,2727.0,2790.0,4110.0,757.0,1584.0,1769.0,910.0,906.0,911.0,888.0,879.0,892.0,2574.0,2117.0,1976.0,757.0,1584.0,1769.0,910.0,906.0,911.0
0.0,6798.0,2843.0,2727.0,4241.0,2712.0,629.0,1020.0,1063.0,910.0,906.0,911.0,938.0,947.0,958.0,2883.0,2040.0,1875.0,629.0,1020.0,1063.0,910.0,906.0,911.0
0.0,8196.0,2663.0,2729.0,4110.0,1273.0,770.0,316.0,187.0,911.0,906.0,912.0,894.0,880.0,889.0,3011.0,2604.0,2581.0,770.0,316.0,187.0,911.0,906.0,912.0
0.0,9643.0,2646.0,2727.0,2712.0,1199.0,1016.0,180.0,3.0,910.0,905.0,912.0,879.0,888.0,879.0,2874.0,3308.0,3461.0,1016.0,180.0,3.0,910.0,905.0,912.0
0.0,9709.0,2777.0,2729.0,1273.0,2711.0,1176.0,774.0,761.0,911.0,905.0,913.0,926.0,910.0,941.0,2624.0,3440.0,3645.0,1176.0,774.0,761.0,911.0,905.0,913.0
0.0,8205.0,2755.0,2729.0,1199.0,4267.0,1073.0,1516.0,1678.0,911.0,905.0,913.0,913.0,922.0,920.0,2468.0,2846.0,2891.0,1073.0,1516.0,1678.0,911.0,905.0,913.0
0.0,6649.0,2866.0,2734.0,2711.0,4442.0,860.0,1688.0,1894.0,913.0,906.0,915.0,955.0,942.0,969.0,2571.0,2104.0,1974.0,860.0,1688.0,1894.0,913.0,906.0,915.0
0.0,6494.0,2784.0,2738.0,4267.0,2975.0,724.0,1102.0,1149.0,914.0,908.0,916.0,933.0,922.0,929.0,2792.0,1936.0,1766.0,724.0,1102.0,1149.0,914.0,908.0,916.0
0.0,7977.0,2795.0,2737.0,4442.0,1324.0,791.0,332.0,201.0,914.0,907.0,916.0,927.0,922.0,946.0,2932.0,2530.0,2515.0,791.0,332.0,201.0,914.0,907.0,916.0
0.0,9624.0,2791.0,2739.0,2975.0,1156.0,1011.0,145.0,0.0,915.0,907.0,917.0,940.0,915.0,936.0,2865.0,3296.0,3463.0,1011.0,145.0,0.0,915.0,907.0,917.0
0.0,9808.0,2840.0,2742.0,1324.0,2676.0,1188.0,739.0,749.0,916.0,908.0,918.0,964.0,922.0,954.0,2649.0,3483.0,3676.0,1188.0,739.0,749.0,916.0,908.0,918.0
0.0,8292.0,2726.0,2741.0,1156.0,4242.0,1098.0,1491.0,1653.0,915.0,908.0,918.0,925.0,897.0,904.0,2476.0,2893.0,2923.0,1098.0,1491.0,1653.0,915.0,908.0,918.0
0.0,6722.0,2769.0,2744.0,2676.0,4347.0,824.0,1702.0,1821.0,916.0,910.0,918.0,910.0,942.0,917.0,2562.0,2141.0,2019.0,824.0,1702.0,1821.0,916.0,910.0,918.0
0.0,6629.0,2793.0,2743.0,4242.0,2894.0,649.0,1139.0,1106.0,915.0,910.0,918.0,927.0,928.0,938.0,2840.0,1938.0,1851.0,649.0,1139.0,1106.0,915.0,910.0,918.0
0.0,8078.0,2921.0,2749.0,4347.0,1492.0,815.0,426.0,251.0,917.0,912.0,920.0,982.0,981.0,958.0,3011.0,2501.0,2566.0,815.0,426.0,251.0,917.0,912.0,920.0
0.0,9504.0,2832.0,2752.0,2894.0,1442.0,1099.0,250.0,93.0,917.0,914.0,921.0,933.0,955.0,944.0,2853.0,3222.0,3429.0,1099.0,250.0,93.0,917.0,914.0,921.0
0.0,9566.0,2894.0,2757.0,1492.0,2864.0,1267.0,800.0,797.0,919.0,916.0,922.0,975.0,968.0,951.0,2569.0,3406.0,3591.0,1267.0,800.0,797.0,919.0,916.0,922.0
0.0,8164.0,2817.0,2759.0,1442.0,4247.0,1113.0,1494.0,1640.0,919.0,917.0,923.0,945.0,940.0,932.0,2409.0,2864.0,2891.0,1113.0,1494.0,1640.0,919.0,917.0,923.0
0.0,6789.0,2883.0,2764.0,2864.0,4286.0,793.0,1683.0,1810.0,920.0,920.0,924.0,943.0,977.0,963.0,2563.0,2174.0,2052.0,793.0,1683.0,1810.0,920.0,920.0,924.0
0.0,6770.0,2720.0,2765.0,4247.0,2763.0,595.0,1094.0,1074.0,921.0,920.0,924.0,911.0,905.0,904.0,2887.0,1997.0,1886.0,595.0,1094.0,1074.0,921.0,920.0,924.0
0.0,8297.0,2870.0,2769.0,4286.0,1363.0,744.0,374.0,245.0,922.0,922.0,925.0,938.0,955.0,977.0,3089.0,2586.0,2622.0,744.0,374.0,245.0,922.0,922.0,925.0
0.0,9713.0,2796.0,2769.0,2763.0,1396.0,1080.0,197.0,119.0,922.0,922.0,925.0,931.0,917.0,948.0,2944.0,3314.0,3455.0,1080.0,197.0,119.0,922.0,922.0,925.0
0.0,9680.0,2710.0,2769.0,1363.0,2743.0,1220.0,717.0,806.0,922.0,922.0,925.0,884.0,894.0,932.0,2608.0,3491.0,3581.0,1220.0,717.0,806.0,922.0,922.0,925.0
0.0,8333.0,2783.0,2768.0,1396.0,4126.0,1028.0,1456.0,1642.0,921.0,922.0,925.0,892.0,936.0,955.0,2468.0,2971.0,2894.0,1028.0,1456.0,1642.0,921.0,922.0,925.0
0.0,6946.0,2899.0,2771.0,2743.0,4294.0,761.0,1723.0,1810.0,921.0,924.0,926.0,953.0,976.0,970.0,2656.0,2232.0,2058.0,761.0,1723.0,1810.0,921.0,924.0,926.0
0.0,6790.0,2773.0,2773.0,4126.0,2949.0,661.0,1195.0,1093.0,922.0,925.0,926.0,924.0,924.0,925.0,2923.0,1973.0,1894.0,661.0,1195.0,1093.0,922.0,925.0,926.0
0.0,8143.0,2780.0,2777.0,4294.0,1451.0,823.0,404.0,224.0,924.0,926.0,927.0,915.0,928.0,937.0,3027.0,2505.0,2611.0,823.0,404.0,224.0,924.0,926.0,927.0
0.0,9657.0,2820.0,2777.0,2949.0,1322.0,1076.0,155.0,91.0,923.0,926.0,928.0,918.0,946.0,956.0,2873.0,3300.0,3484.0,1076.0,155.0,91.0,923.0,926.0,928.0
0.0,9786.0,2825.0,2780.0,1451.0,2708.0,1190.0,713.0,805.0,924.0,928.0,928.0,933.0,954.0,938.0,2616.0,3549.0,3621.0,1190.0,713.0,805.0,924.0,928.0,928.0
0.0,8412.0,2764.0,2782.0,1322.0,4158.0,1037.0,1475.0,1646.0,925.0,928.0,929.0,919.0,917.0,928.0,2506.0,2999.0,2907.0,1037.0,1475.0,1646.0,925.0,928.0,929.0
0.0,6970.0,2828.0,2779.0,2708.0,4266.0,772.0,1700.0,1794.0,924.0,927.0,928.0,929.0,942.0,957.0,2663.0,2237.0,2070.0,772.0,1700.0,1794.0,924.0,927.0,928.0
0.0,6850.0,2813.0,2778.0,4158.0,2917.0,665.0,1181.0,1071.0,924.0,927.0,927.0,930.0,956.0,927.0,2924.0,2008.0,1918.0,665.0,1181.0,1071.0,924.0,927.0,927.0
0.0,8195.0,2854.0,2782.0,4266.0,1521.0,850.0,443.0,228.0,925.0,929.0,928.0,953.0,954.0,947.0,3031.0,2527.0,2637.0,850.0,443.0,228.0,925.0,929.0,928.0
0.0,9607.0,2829.0,2782.0,2917.0,1433.0,1119.0,213.0,101.0,925.0,929.0,928.0,934.0,951.0,944.0,2850.0,3273.0,3484.0,1119.0,213.0,101.0,925.0,929.0,928.0
0.0,9695.0,2815.0,2783.0,1521.0,2731.0,1241.0,690.0,800.0,926.0,929.0,928.0,968.0,920.0,927.0,2581.0,3503.0,3611.0,1241.0,690.0,800.0,926.0,929.0,928.0
0.0,8401.0,2782.0,2784.0,1433.0,4084.0,1057.0,1397.0,1630.0,926.0,929.0,929.0,935.0,920.0,927.0,2463.0,3026.0,2912.0,1057.0,1397.0,1630.0,926.0,929.0,929.0
0.0,7052.0,2824.0,2785.0,2731.0,4181.0,772.0,1645.0,1764.0,927.0,929.0,929.0,952.0,938.0,934.0,2647.0,2319.0,2086.0,772.0,1645.0,1764.0,927.0,929.0,929.0
0.0,6959.0,2907.0,2788.0,4084.0,3016.0,705.0,1203.0,1108.0,929.0,929.0,930.0,982.0,955.0,970.0,2936.0,2071.0,1952.0,705.0,1203.0,1108.0,929.0,929.0,930.0
0.0,8136.0,2895.0,2792.0,4181.0,1746.0,928.0,518.0,300.0,930.0,930.0,932.0,991.0,956.0,948.0,3011.0,2513.0,2612.0,928.0,518.0,300.0,930.0,930.0,932.0
0.0,9422.0,2815.0,2791.0,3016.0,1541.0,1185.0,248.0,108.0,930.0,930.0,931.0,962.0,933.0,920.0,2792.0,3202.0,3428.0,1185.0,248.0,108.0,930.0,930.0,931.0
0.0,9623.0,2720.0,2791.0,1746.0,2515.0,1172.0,640.0,703.0,930.0,930.0,931.0,915.0,910.0,895.0,2535.0,3472.0,3616.0,1172.0,640.0,703.0,930.0,930.0,931.0
0.0,8649.0,2890.0,2794.0,1541.0,3876.0,972.0,1359.0,1545.0,931.0,931.0,932.0,981.0,963.0,946.0,2548.0,3080.0,3021.0,972.0,1359.0,1545.0,931.0,931.0,932.0
0.0,7300.0,2856.0,2796.0,2515.0,4225.0,778.0,1649.0,1798.0,932.0,931.0,933.0,974.0,930.0,952.0,2752.0,2365.0,2183.0,778.0,1649.0,1798.0,932.0,931.0,933.0
0.0,6959.0,2851.0,2797.0,3876.0,3204.0,770.0,1242.0,1192.0,933.0,931.0,933.0,960.0,952.0,939.0,2950.0,2075.0,1934.0,770.0,1242.0,1192.0,933.0,931.0,933.0
0.0,7984.0,2709.0,2794.0,4225.0,1676.0,902.0,483.0,291.0,932.0,930.0,932.0,914.0,894.0,901.0,2962.0,2482.0,2540.0,902.0,483.0,291.0,932.0,930.0,932.0
0.0,9500.0,2905.0,2795.0,3204.0,1381.0,1110.0,212.0,59.0,933.0,930.0,932.0,974.0,971.0,960.0,2826.0,3237.0,3437.0,1110.0,212.0,59.0,933.0,930.0,932.0
0.0,9799.0,2837.0,2798.0,1676.0,2554.0,1157.0,693.0,704.0,934.0,931.0,933.0,945.0,960.0,932.0,2622.0,3508.0,3669.0,1157.0,693.0,704.0,934.0,931.0,933.0
0.0,8638.0,2735.0,2799.0,1381.0,3912.0,959.0,1399.0,1554.0,934.0,931.0,934.0,912.0,918.0,905.0,2579.0,3031.0,3028.0,959.0,1399.0,1554.0,934.0,931.0,934.0
0.0,7284.0,2771.0,2801.0,2554.0,4137.0,709.0,1621.0,1807.0,934.0,932.0,935.0,907.0,911.0,953.0,2777.0,2325.0,2182.0,709.0,1621.0,1807.0,934.0,932.0,935.0
0.0,7067.0,2845.0,2802.0,3912.0,3074.0,681.0,1169.0,1224.0,934.0,932.0,936.0,931.0,947.0,967.0,3027.0,2107.0,1933.0,681.0,1169.0,1224.0,934.0,932.0,936.0
0.0,8134.0,2817.0,2804.0,4137.0,1762.0,910.0,499.0,353.0,935.0,933.0,936.0,934.0,947.0,936.0,3055.0,2559.0,2520.0,910.0,499.0,353.0,935.0,933.0,936.0
0.0,9454.0,2811.0,2806.0,3074.0,1507.0,1161.0,274.0,72.0,935.0,934.0,937.0,932.0,940.0,939.0,2830.0,3233.0,3391.0,1161.0,274.0,72.0,935.0,934.0,937.0
0.0,9717.0,2983.0,2812.0,1762.0,2752.0,1254.0,792.0,706.0,937.0,936.0,939.0,995.0,1009.0,979.0,2579.0,3462.0,3676.0,1254.0,792.0,706.0,937.0,936.0,939.0
0.0,8496.0,2802.0,2811.0,1507.0,4043.0,1018.0,1466.0,1559.0,937.0,936.0,938.0,925.0,948.0,929.0,2494.0,2952.0,3050.0,1018.0,1466.0,1559.0,937.0,936.0,938.0
0.0,7201.0,2890.0,2815.0,2752.0,4197.0,722.0,1672.0,1803.0,938.0,938.0,939.0,954.0,990.0,946.0,2730.0,2278.0,2193.0,722.0,1672.0,1803.0,938.0,938.0,939.0
0.0,7063.0,2754.0,2817.0,4043.0,2916.0,631.0,1141.0,1144.0,939.0,939.0,939.0,923.0,931.0,900.0,3030.0,2080.0,1953.0,631.0,1141.0,1144.0,939.0,939.0,939.0
0.0,8352.0,2833.0,2819.0,4197.0,1560.0,850.0,422.0,288.0,939.0,940.0,940.0,941.0,949.0,943.0,3125.0,2615.0,2612.0,850.0,422.0,288.0,939.0,940.0,940.0
0.0,9716.0,2940.0,2823.0,2916.0,1600.0,1181.0,296.0,123.0,940.0,942.0,941.0,958.0,1007.0,975.0,2906.0,3338.0,3472.0,1181.0,296.0,123.0,940.0,942.0,941.0
0.0,9692.0,2861.0,2822.0,1560.0,2897.0,1281.0,842.0,774.0,940.0,942.0,940.0,950.0,968.0,943.0,2579.0,3472.0,3641.0,1281.0,842.0,774.0,940.0,942.0,940.0
0.0,8391.0,2897.0,2825.0,1600.0,4206.0,1071.0,1526.0,1609.0,941.0,943.0,941.0,967.0,976.0,954.0,2479.0,2926.0,2986.0,1071.0,1526.0,1609.0,941.0,943.0,941.0
0.0,7094.0,2864.0,2826.0,2897.0,4177.0,720.0,1667.0,1790.0,941.0,944.0,941.0,930.0,979.0,955.0,2693.0,2246.0,2155.0,720.0,1667.0,1790.0,941.0,944.0,941.0
0.0,7127.0,2860.0,2827.0,4206.0,2835.0,604.0,1102.0,1129.0,941.0,945.0,941.0,955.0,957.0,948.0,3044.0,2109.0,1974.0,604.0,1102.0,1129.0,941.0,945.0,941.0
0.0,8473.0,2907.0,2828.0,4177.0,1569.0,857.0,402.0,310.0,941.0,946.0,941.0,973.0,963.0,971.0,3160.0,2678.0,2635.0,857.0,402.0,310.0,941.0,946.0,941.0
0.0,9743.0,3019.0,2834.0,2835.0,1777.0,1262.0,319.0,196.0,943.0,948.0,943.0,1001.0,1011.0,1007.0,2907.0,3382.0,3454.0,1262.0,319.0,196.0,943.0,948.0,943.0
0.0,9559.0,2868.0,2836.0,1569.0,3084.0,1354.0,888.0,842.0,943.0,949.0,944.0,949.0,967.0,952.0,2510.0,3473.0,3576.0,1354.0,888.0,842.0,943.0,949.0,944.0
0.0,8260.0,2924.0,2838.0,1777.0,4239.0,1073.0,1528.0,1638.0,944.0,949.0,945.0,977.0,959.0,988.0,2418.0,2908.0,2934.0,1073.0,1528.0,1638.0,944.0,949.0,945.0
0.0,7113.0,2803.0,2837.0,3084.0,3954.0,665.0,1546.0,1743.0,944.0,948.0,945.0,946.0,910.0,947.0,2703.0,2268.0,2142.0,665.0,1546.0,1743.0,944.0,948.0,945.0
0.0,7394.0,2896.0,2837.0,4239.0,2611.0,564.0,983.0,1064.0,944.0,948.0,945.0,972.0,965.0,959.0,3111.0,2246.0,2037.0,564.0,983.0,1064.0,944.0,948.0,945.0
0.0,8737.0,2810.0,2835.0,3954.0,1459.0,848.0,370.0,241.0,944.0,947.0,944.0,949.0,937.0,924.0,3212.0,2809.0,2716.0,848.0,370.0,241.0,944.0,947.0,944.0
0.0,9881.0,2840.0,2836.0,2611.0,1692.0,1251.0,303.0,138.0,944.0,947.0,945.0,967.0,916.0,957.0,2928.0,3418.0,3535.0,1251.0,303.0,138.0,944.0,947.0,945.0
0.0,9652.0,2748.0,2834.0,1459.0,2973.0,1331.0,844.0,798.0,944.0,946.0,944.0,928.0,915.0,905.0,2525.0,3485.0,3642.0,1331.0,844.0,798.0,944.0,946.0,944.0
0.0,8363.0,2817.0,2836.0,1692.0,4106.0,1020.0,1459.0,1627.0,945.0,946.0,945.0,936.0,918.0,963.0,2445.0,2940.0,2978.0,1020.0,1459.0,1627.0,945.0,946.0,945.0
0.0,7238.0,2777.0,2833.0,2973.0,3898.0,605.0,1519.0,1774.0,944.0,945.0,944.0,920.0,908.0,949.0,2760.0,2325.0,2153.0,605.0,1519.0,1774.0,944.0,945.0,944.0
0.0,7434.0,2941.0,2836.0,4106.0,2745.0,572.0,1018.0,1155.0,945.0,946.0,945.0,983.0,954.0,1004.0,3171.0,2261.0,2002.0,572.0,1018.0,1155.0,945.0,946.0,945.0
0.0,8599.0,2844.0,2840.0,3898.0,1707.0,929.0,439.0,339.0,947.0,947.0,946.0,954.0,936.0,954.0,3208.0,2766.0,2625.0,929.0,439.0,339.0,947.0,947.0,946.0
0.0,9653.0,2820.0,2839.0,2745.0,1778.0,1293.0,344.0,141.0,947.0,946.0,946.0,936.0,927.0,957.0,2859.0,3349.0,3445.0,1293.0,344.0,141.0,947.0,946.0,946.0
0.0,9578.0,2883.0,2840.0,1707.0,2958.0,1338.0,851.0,769.0,948.0,946.0,946.0,970.0,946.0,967.0,2495.0,3440.0,3643.0,1338.0,851.0,769.0,948.0,946.0,946.0
0.0,8402.0,2906.0,2843.0,1778.0,4098.0,1017.0,1480.0,1601.0,949.0,947.0,947.0,968.0,969.0,969.0,2454.0,2933.0,3015.0,1017.0,1480.0,1601.0,949.0,947.0,947.0
0.0,7274.0,2895.0,2844.0,2958.0,4039.0,624.0,1595.0,1820.0,949.0,947.0,948.0,945.0,966.0,984.0,2779.0,2308.0,2187.0,624.0,1595.0,1820.0,949.0,947.0,948.0
0.0,7337.0,2814.0,2843.0,4098.0,2751.0,526.0,1062.0,1163.0,949.0,947.0,947.0,919.0,947.0,948.0,3172.0,2193.0,1972.0,526.0,1062.0,1163.0,949.0,947.0,947.0
0.0,8621.0,2797.0,2844.0,4039.0,1513.0,812.0,413.0,288.0,949.0,947.0,948.0,910.0,946.0,941.0,3270.0,2726.0,2625.0,812.0,413.0,288.0,949.0,947.0,948.0
0.0,9863.0,2958.0,2848.0,2751.0,1736.0,1279.0,344.0,113.0,950.0,949.0,949.0,989.0,985.0,984.0,2984.0,3375.0,3504.0,1279.0,344.0,113.0,950.0,949.0,949.0
0.0,9656.0,2886.0,2849.0,1513.0,3113.0,1422.0,903.0,788.0,951.0,949.0,949.0,951.0,972.0,963.0,2521.0,3452.0,3683.0,1422.0,903.0,788.0,951.0,949.0,949.0
0.0,8283.0,2908.0,2850.0,1736.0,4289.0,1106.0,1531.0,1652.0,951.0,949.0,950.0,963.0,972.0,973.0,2382.0,2893.0,3008.0,1106.0,1531.0,1652.0,951.0,949.0,950.0
0.0,7111.0,2824.0,2850.0,3113.0,4000.0,616.0,1558.0,1826.0,951.0,949.0,950.0,932.0,930.0,962.0,2698.0,2265.0,2148.0,616.0,1558.0,1826.0,951.0,949.0,950.0
0.0,7400.0,2962.0,2852.0,4289.0,2681.0,511.0,1022.0,1148.0,952.0,950.0,950.0,997.0,991.0,974.0,3188.0,2238.0,1974.0,511.0,1022.0,1148.0,952.0,950.0,950.0
0.0,8727.0,2781.0,2851.0,4000.0,1458.0,809.0,402.0,247.0,951.0,950.0,950.0,918.0,938.0,925.0,3297.0,2778.0,2652.0,809.0,402.0,247.0,951.0,950.0,950.0
0.0,9946.0,2895.0,2854.0,2681.0,1684.0,1277.0,336.0,71.0,952.0,951.0,951.0,975.0,952.0,968.0,2995.0,3398.0,3553.0,1277.0,336.0,71.0,952.0,951.0,951.0
0.0,9732.0,2867.0,2854.0,1458.0,3093.0,1441.0,896.0,756.0,952.0,951.0,951.0,973.0,962.0,932.0,2531.0,3468.0,3733.0,1441.0,896.0,756.0,952.0,951.0,951.0
0.0,8323.0,2929.0,2854.0,1684.0,4338.0,1160.0,1526.0,1652.0,952.0,951.0,951.0,996.0,966.0,967.0,2367.0,2908.0,3048.0,1160.0,1526.0,1652.0,952.0,951.0,951.0
0.0,7078.0,2959.0,2856.0,3093.0,4212.0,708.0,1637.0,1867.0,952.0,952.0,952.0,989.0,1003.0,967.0,2648.0,2278.0,2152.0,708.0,1637.0,1867.0,952.0,952.0,952.0
0.0,7212.0,2996.0,2859.0,4338.0,2882.0,551.0,1145.0,1186.0,953.0,954.0,952.0,999.0,1026.0,971.0,3100.0,2171.0,1941.0,551.0,1145.0,1186.0,953.0,954.0,952.0
0.0,8554.0,2933.0,2865.0,4212.0,1627.0,850.0,501.0,276.0,955.0,956.0,954.0,999.0,985.0,949.0,3261.0,2671.0,2622.0,850.0,501.0,276.0,955.0,956.0,954.0
0.0,9833.0,2912.0,2864.0,2882.0,1653.0,1259.0,329.0,65.0,954.0,956.0,954.0,964.0,973.0,975.0,2970.0,3323.0,3540.0,1259.0,329.0,65.0,954.0,956.0,954.0
0.0,9803.0,2897.0,2866.0,1627.0,2931.0,1396.0,805.0,730.0,955.0,957.0,954.0,983.0,973.0,941.0,2557.0,3495.0,3751.0,1396.0,805.0,730.0,955.0,957.0,954.0
0.0,8533.0,2905.0,2866.0,1653.0,4183.0,1127.0,1449.0,1607.0,955.0,957.0,954.0,990.0,973.0,942.0,2424.0,3023.0,3086.0,1127.0,1449.0,1607.0,955.0,957.0,954.0
0.0,7281.0,2984.0,2871.0,2931.0,4256.0,754.0,1654.0,1848.0,957.0,959.0,955.0,1015.0,1002.0,967.0,2693.0,2379.0,2209.0,754.0,1654.0,1848.0,957.0,959.0,955.0
0.0,7228.0,2983.0,2873.0,4183.0,3064.0,631.0,1197.0,1236.0,958.0,959.0,956.0,1000.0,992.0,991.0,3074.0,2182.0,1972.0,631.0,1197.0,1236.0,958.0,959.0,956.0
0.0,8428.0,2862.0,2874.0,4256.0,1674.0,836.0,510.0,328.0,958.0,960.0,956.0,959.0,963.0,940.0,3201.0,2639.0,2588.0,836.0,510.0,328.0,958.0,960.0,956.0
0.0,9822.0,2942.0,2877.0,3064.0,1564.0,1200.0,307.0,57.0,959.0,961.0,957.0,991.0,990.0,961.0,2996.0,3330.0,3496.0,1200.0,307.0,57.0,959.0,961.0,957.0
0.0,9944.0,2966.0,2882.0,1674.0,2876.0,1352.0,811.0,713.0,961.0,963.0,958.0,980.0,1006.0,980.0,2636.0,3537.0,3771.0,1352.0,811.0,713.0,961.0,963.0,958.0
0.0,8652.0,2874.0,2881.0,1564.0,4182.0,1091.0,1476.0,1615.0,961.0,963.0,957.0,939.0,972.0,963.0,2492.0,3041.0,3119.0,1091.0,1476.0,1615.0,961.0,963.0,957.0
0.0,7342.0,2980.0,2885.0,2876.0,4302.0,734.0,1656.0,1912.0,962.0,964.0,959.0,991.0,987.0,1002.0,2753.0,2376.0,2213.0,734.0,1656.0,1912.0,962.0,964.0,959.0
0.0,7238.0,2945.0,2888.0,4182.0,3077.0,612.0,1175.0,1290.0,963.0,965.0,960.0,965.0,991.0,989.0,3114.0,2200.0,1924.0,612.0,1175.0,1290.0,963.0,965.0,960.0
0.0,8475.0,2905.0,2886.0,4302.0,1672.0,828.0,491.0,353.0,962.0,964.0,960.0,954.0,976.0,975.0,3240.0,2685.0,2550.0,828.0,491.0,353.0,962.0,964.0,960.0
0.0,9872.0,3094.0,2891.0,3077.0,1709.0,1255.0,328.0,126.0,964.0,965.0,962.0,1031.0,1008.0,1055.0,3020.0,3365.0,3487.0,1255.0,328.0,126.0,964.0,965.0,962.0
0.0,9855.0,2947.0,2892.0,1672.0,2988.0,1389.0,817.0,782.0,964.0,965.0,963.0,962.0,980.0,1005.0,2601.0,3532.0,3722.0,1389.0,817.0,782.0,964.0,965.0,963.0
0.0,8580.0,2772.0,2893.0,1709.0,4055.0,1060.0,1397.0,1598.0,964.0,965.0,964.0,926.0,908.0,938.0,2467.0,3043.0,3070.0,1060.0,1397.0,1598.0,964.0,965.0,964.0
0.0,7517.0,2801.0,2892.0,2988.0,3864.0,601.0,1487.0,1776.0,964.0,964.0,964.0,930.0,911.0,960.0,2796.0,2463.0,2258.0,601.0,1487.0,1776.0,964.0,964.0,964.0
0.0,7704.0,2917.0,2891.0,4055.0,2722.0,529.0,1035.0,1158.0,964.0,963.0,964.0,988.0,949.0,980.0,3255.0,2369.0,2080.0,529.0,1035.0,1158.0,964.0,963.0,964.0
0.0,8842.0,2845.0,2892.0,3864.0,1707.0,863.0,505.0,339.0,964.0,963.0,965.0,935.0,957.0,953.0,3327.0,2817.0,2698.0,863.0,505.0,339.0,964.0,963.0,965.0
0.0,9861.0,2830.0,2891.0,2722.0,1811.0,1271.0,393.0,147.0,964.0,962.0,965.0,937.0,927.0,966.0,2993.0,3347.0,3521.0,1271.0,393.0,147.0,964.0,962.0,965.0
0.0,9753.0,2921.0,2891.0,1707.0,3025.0,1373.0,842.0,810.0,964.0,961.0,966.0,965.0,958.0,998.0,2585.0,3455.0,3713.0,1373.0,842.0,810.0,964.0,961.0,966.0
0.0,8539.0,2979.0,2893.0,1811.0,4201.0,1115.0,1429.0,1657.0,965.0,962.0,966.0,1009.0,976.0,994.0,2483.0,3002.0,3054.0,1115.0,1429.0,1657.0,965.0,962.0,966.0
0.0,7371.0,2873.0,2893.0,3025.0,4049.0,702.0,1515.0,1832.0,965.0,961.0,967.0,960.0,932.0,981.0,2745.0,2419.0,2207.0,702.0,1515.0,1832.0,965.0,961.0,967.0
0.0,7523.0,2868.0,2890.0,4201.0,2704.0,578.0,986.0,1140.0,965.0,959.0,966.0,991.0,908.0,969.0,3158.0,2329.0,2036.0,578.0,986.0,1140.0,965.0,959.0,966.0
0.0,8856.0,2908.0,2892.0,4049.0,1571.0,874.0,402.0,295.0,966.0,959.0,967.0,994.0,931.0,983.0,3282.0,2850.0,2724.0,874.0,402.0,295.0,966.0,959.0,967.0
0.0,9997.0,2906.0,2890.0,2704.0,1765.0,1281.0,356.0,128.0,966.0,958.0,966.0,985.0,944.0,977.0,2990.0,3434.0,3573.0,1281.0,356.0,128.0,966.0,958.0,966.0
0.0,9795.0,2850.0,2891.0,1571.0,3048.0,1365.0,876.0,807.0,966.0,958.0,967.0,958.0,922.0,970.0,2583.0,3476.0,3736.0,1365.0,876.0,807.0,966.0,958.0,967.0
0.0,8516.0,2829.0,2890.0,1765.0,4108.0,1030.0,1458.0,1620.0,966.0,958.0,966.0,946.0,938.0,945.0,2499.0,2956.0,3061.0,1030.0,1458.0,1620.0,966.0,958.0,966.0
0.0,7452.0,2927.0,2892.0,3048.0,3995.0,647.0,1525.0,1823.0,966.0,958.0,968.0,982.0,943.0,1002.0,2834.0,2374.0,2244.0,647.0,1525.0,1823.0,966.0,958.0,968.0
0.0,7573.0,2893.0,2893.0,4108.0,2784.0,571.0,1039.0,1174.0,966.0,959.0,968.0,954.0,968.0,971.0,3217.0,2307.0,2049.0,571.0,1039.0,1174.0,966.0,959.0,968.0
0.0,8788.0,3031.0,2899.0,3995.0,1844.0,937.0,543.0,364.0,968.0,961.0,970.0,1005.0,1021.0,1005.0,3293.0,2797.0,2698.0,937.0,543.0,364.0,968.0,961.0,970.0
0.0,9752.0,2910.0,2900.0,2784.0,1974.0,1334.0,494.0,146.0,968.0,962.0,970.0,968.0,986.0,956.0,2935.0,3301.0,3516.0,1334.0,494.0,146.0,968.0,962.0,970.0
0.0,9626.0,2905.0,2903.0,1844.0,3047.0,1360.0,937.0,750.0,969.0,964.0,970.0,959.0,978.0,968.0,2538.0,3354.0,3734.0,1360.0,937.0,750.0,969.0,964.0,970.0
0.0,8565.0,2911.0,2903.0,1974.0,3984.0,1000.0,1406.0,1578.0,969.0,964.0,970.0,974.0,963.0,974.0,2516.0,2919.0,3130.0,1000.0,1406.0,1578.0,969.0,964.0,970.0
0.0,7628.0,2847.0,2902.0,3047.0,3780.0,572.0,1431.0,1777.0,968.0,964.0,970.0,936.0,962.0,949.0,2876.0,2450.0,2302.0,572.0,1431.0,1777.0,968.0,964.0,970.0
0.0,7828.0,2935.0,2905.0,3984.0,2743.0,541.0,1015.0,1187.0,969.0,966.0,970.0,965.0,982.0,988.0,3300.0,2425.0,2103.0,541.0,1015.0,1187.0,969.0,966.0,970.0
0.0,8877.0,2820.0,2903.0,3780.0,1775.0,890.0,559.0,326.0,968.0,966.0,969.0,925.0,975.0,920.0,3335.0,2849.0,2693.0,890.0,559.0,326.0,968.0,966.0,969.0
0.0,9837.0,2897.0,2904.0,2743.0,1933.0,1290.0,543.0,100.0,968.0,967.0,969.0,941.0,995.0,961.0,2982.0,3305.0,3550.0,1290.0,543.0,100.0,968.0,967.0,969.0
0.0,9683.0,2799.0,2901.0,1775.0,2945.0,1322.0,925.0,698.0,967.0,966.0,968.0,926.0,945.0,928.0,2582.0,3325.0,3776.0,1322.0,925.0,698.0,967.0,966.0,968.0
0.0,8659.0,3061.0,2906.0,1933.0,4093.0,1061.0,1424.0,1608.0,969.0,968.0,969.0,1021.0,1034.0,1006.0,2546.0,2939.0,3174.0,1061.0,1424.0,1608.0,969.0,968.0,969.0
0.0,7531.0,2919.0,2909.0,2945.0,4079.0,715.0,1498.0,1866.0,970.0,969.0,970.0,972.0,995.0,952.0,2815.0,2448.0,2268.0,715.0,1498.0,1866.0,970.0,969.0,970.0
0.0,7557.0,2838.0,2906.0,4093.0,2812.0,591.0,1031.0,1190.0,969.0,968.0,969.0,941.0,961.0,936.0,3165.0,2378.0,2014.0,591.0,1031.0,1190.0,969.0,968.0,969.0
0.0,8812.0,2853.0,2906.0,4079.0,1586.0,808.0,529.0,249.0,969.0,969.0,968.0,932.0,992.0,929.0,3285.0,2841.0,2686.0,808.0,529.0,249.0,969.0,969.0,968.0
0.0,10038.0,2931.0,2907.0,2812.0,1709.0,1217.0,479.0,13.0,970.0,969.0,968.0,996.0,981.0,954.0,3068.0,3347.0,3623.0,1217.0,479.0,13.0,970.0,969.0,968.0
0.0,9919.0,2957.0,2909.0,1586.0,3088.0,1404.0,938.0,746.0,971.0,970.0,968.0,991.0,984.0,982.0,2663.0,3397.0,3859.0,1404.0,938.0,746.0,971.0,970.0,968.0
0.0,8548.0,2996.0,2909.0,1709.0,4375.0,1214.0,1441.0,1720.0,971.0,970.0,968.0,1027.0,982.0,987.0,2480.0,2942.0,3126.0,1214.0,1441.0,1720.0,971.0,970.0,968.0
0.0,7261.0,3024.0,2914.0,3088.0,4331.0,816.0,1530.0,1985.0,973.0,971.0,970.0,998.0,1023.0,1003.0,2670.0,2439.0,2152.0,816.0,1530.0,1985.0,973.0,971.0,970.0
0.0,7325.0,2873.0,2913.0,4375.0,2825.0,571.0,1037.0,1217.0,973.0,971.0,969.0,969.0,948.0,956.0,3076.0,2354.0,1895.0,571.0,1037.0,1217.0,973.0,971.0,969.0
0.0,8827.0,2993.0,2916.0,4331.0,1499.0,803.0,511.0,185.0,974.0,972.0,970.0,1044.0,1000.0,949.0,3321.0,2847.0,2659.0,803.0,511.0,185.0,974.0,972.0,970.0
0.0,10165.0,2820.0,2913.0,2825.0,1577.0,1179.0,398.0,0.0,973.0,971.0,969.0,951.0,928.0,941.0,3093.0,3377.0,3695.0,1179.0,398.0,0.0,973.0,971.0,969.0
0.0,10170.0,2908.0,2913.0,1499.0,2891.0,1364.0,857.0,670.0,973.0,971.0,969.0,988.0,970.0,950.0,2713.0,3486.0,3971.0,1364.0,857.0,670.0,973.0,971.0,969.0
0.0,8761.0,2956.0,2912.0,1577.0,4266.0,1185.0,1435.0,1646.0,973.0,970.0,969.0,1000.0,980.0,976.0,2528.0,3027.0,3206.0,1185.0,1435.0,1646.0,973.0,970.0,969.0
0.0,7382.0,3076.0,2916.0,2891.0,4467.0,851.0,1608.0,2008.0,974.0,971.0,971.0,1026.0,1026.0,1024.0,2707.0,2445.0,2230.0,851.0,1608.0,2008.0,974.0,971.0,971.0
0.0,7197.0,3106.0,2919.0,4266.0,3319.0,744.0,1169.0,1406.0,976.0,971.0,972.0,1070.0,996.0,1040.0,3045.0,2276.0,1876.0,744.0,1169.0,1406.0,976.0,971.0,972.0
0.0,8357.0,2821.0,2917.0,4467.0,1665.0,832.0,469.0,364.0,975.0,970.0,972.0,943.0,912.0,966.0,3160.0,2715.0,2482.0,832.0,469.0,364.0,975.0,970.0,972.0
0.0,10003.0,2945.0,2918.0,3319.0,1350.0,1088.0,262.0,0.0,975.0,970.0,973.0,1000.0,962.0,983.0,3068.0,3411.0,3524.0,1088.0,262.0,0.0,975.0,970.0,973.0
0.0,10377.0,3079.0,2920.0,1665.0,2717.0,1306.0,796.0,615.0,976.0,970.0,974.0,1046.0,1003.0,1030.0,2812.0,3618.0,3947.0,1306.0,796.0,615.0,976.0,970.0,974.0
0.0,8963.0,3004.0,2921.0,1350.0,4375.0,1201.0,1530.0,1644.0,976.0,970.0,975.0,983.0,996.0,1025.0,2598.0,3084.0,3281.0,1201.0,1530.0,1644.0,976.0,970.0,975.0
0.0,7309.0,2972.0,2922.0,2717.0,4634.0,875.0,1725.0,2034.0,976.0,970.0,976.0,980.0,991.0,1001.0,2703.0,2350.0,2256.0,875.0,1725.0,2034.0,976.0,970.0,976.0
0.0,7054.0,2974.0,2923.0,4375.0,3237.0,647.0,1184.0,1406.0,976.0,970.0,977.0,973.0,989.0,1012.0,3029.0,2155.0,1870.0,647.0,1184.0,1406.0,976.0,970.0,977.0
0.0,8455.0,3056.0,2924.0,4634.0,1663.0,775.0,464.0,424.0,976.0,970.0,978.0,1003.0,1005.0,1048.0,3257.0,2696.0,2502.0,775.0,464.0,424.0,976.0,970.0,978.0
0.0,10033.0,3069.0,2929.0,3237.0,1515.0,1150.0,314.0,51.0,978.0,971.0,980.0,1014.0,1030.0,1025.0,3129.0,3416.0,3488.0,1150.0,314.0,51.0,978.0,971.0,980.0
0.0,10201.0,2907.0,2926.0,1663.0,2747.0,1345.0,789.0,613.0,977.0,970.0,979.0,974.0,943.0,990.0,2762.0,3570.0,3869.0,1345.0,789.0,613.0,977.0,970.0,979.0
0.0,8957.0,2969.0,2927.0,1515.0,4205.0,1181.0,1465.0,1559.0,978.0,970.0,979.0,982.0,990.0,997.0,2563.0,3091.0,3303.0,1181.0,1465.0,1559.0,978.0,970.0,979.0
0.0,7503.0,2937.0,2928.0,2747.0,4399.0,811.0,1645.0,1943.0,978.0,970.0,980.0,975.0,969.0,993.0,2731.0,2415.0,2357.0,811.0,1645.0,1943.0,978.0,970.0,980.0
0.0,7313.0,3010.0,2926.0,4205.0,3196.0,626.0,1158.0,1412.0,977.0,970.0,979.0,1000.0,978.0,1032.0,3101.0,2235.0,1977.0,626.0,1158.0,1412.0,977.0,970.0,979.0
0.0,8508.0,3055.0,2929.0,4399.0,1864.0,816.0,544.0,504.0,978.0,971.0,980.0,997.0,1027.0,1031.0,3282.0,2722.0,2504.0,816.0,544.0,504.0,978.0,971.0,980.0
0.0,9852.0,3088.0,2935.0,3196.0,1780.0,1216.0,440.0,124.0,980.0,973.0,982.0,1018.0,1046.0,1024.0,3096.0,3340.0,3416.0,1216.0,440.0,124.0,980.0,973.0,982.0
0.0,9960.0,2963.0,2937.0,1864.0,2887.0,1364.0,905.0,618.0,980.0,975.0,982.0,964.0,1001.0,998.0,2704.0,3452.0,3804.0,1364.0,905.0,618.0,980.0,975.0,982.0
0.0,8861.0,2907.0,2937.0,1780.0,4014.0,1119.0,1429.0,1466.0,980.0,975.0,982.0,971.0,964.0,972.0,2556.0,2995.0,3310.0,1119.0,1429.0,1466.0,980.0,975.0,982.0
0.0,7734.0,2884.0,2939.0,2887.0,4019.0,717.0,1504.0,1798.0,981.0,976.0,982.0,958.0,976.0,950.0,2801.0,2471.0,2462.0,717.0,1504.0,1798.0,981.0,976.0,982.0
0.0,7737.0,3058.0,2943.0,4014.0,3079.0,604.0,1113.0,1362.0,982.0,978.0,983.0,1002.0,1030.0,1026.0,3207.0,2400.0,2130.0,604.0,1113.0,1362.0,982.0,978.0,983.0
0.0,8693.0,3059.0,2946.0,4019.0,2131.0,903.0,643.0,585.0,983.0,979.0,984.0,1012.0,1030.0,1017.0,3324.0,2799.0,2570.0,903.0,643.0,585.0,983.0,979.0,984.0
0.0,9653.0,2882.0,2944.0,3079.0,1926.0,1254.0,488.0,184.0,982.0,979.0,983.0,959.0,958.0,965.0,3029.0,3273.0,3351.0,1254.0,488.0,184.0,982.0,979.0,983.0
0.0,9850.0,3086.0,2948.0,2131.0,2897.0,1392.0,885.0,620.0,983.0,981.0,984.0,1037.0,1032.0,1017.0,2674.0,3428.0,3748.0,1392.0,885.0,620.0,983.0,981.0,984.0
0.0,8895.0,2982.0,2949.0,1926.0,3957.0,1122.0,1405.0,1430.0,983.0,982.0,984.0,984.0,1004.0,994.0,2540.0,3039.0,3316.0,1122.0,1405.0,1430.0,983.0,982.0,984.0
0.0,7839.0,3068.0,2953.0,2897.0,4144.0,724.0,1572.0,1848.0,983.0,985.0,985.0,994.0,1040.0,1034.0,2810.0,2523.0,2506.0,724.0,1572.0,1848.0,983.0,985.0,985.0
0.0,7668.0,3077.0,2956.0,3957.0,3276.0,638.0,1209.0,1429.0,984.0,986.0,986.0,1032.0,1038.0,1007.0,3208.0,2368.0,2092.0,638.0,1209.0,1429.0,984.0,986.0,986.0
0.0,8548.0,2978.0,2958.0,4144.0,2118.0,899.0,635.0,584.0,984.0,988.0,986.0,985.0,990.0,1003.0,3298.0,2735.0,2515.0,899.0,635.0,584.0,984.0,988.0,986.0
0.0,9714.0,2925.0,2960.0,3276.0,1775.0,1263.0,422.0,90.0,985.0,989.0,986.0,998.0,992.0,935.0,3037.0,3317.0,3360.0,1263.0,422.0,90.0,985.0,989.0,986.0
0.0,10065.0,3010.0,2962.0,2118.0,2675.0,1378.0,786.0,511.0,986.0,990.0,986.0,1010.0,995.0,1005.0,2677.0,3534.0,3854.0,1378.0,786.0,511.0,986.0,990.0,986.0
0.0,9173.0,3033.0,2965.0,1775.0,3945.0,1162.0,1347.0,1436.0,988.0,990.0,987.0,1039.0,983.0,1011.0,2566.0,3174.0,3433.0,1162.0,1347.0,1436.0,988.0,990.0,987.0
0.0,7915.0,3020.0,2965.0,2675.0,4290.0,788.0,1575.0,1927.0,988.0,990.0,987.0,1004.0,1014.0,1002.0,2790.0,2613.0,2512.0,788.0,1575.0,1927.0,988.0,990.0,987.0
0.0,7570.0,2901.0,2964.0,3945.0,3242.0,602.0,1172.0,1468.0,988.0,989.0,987.0,976.0,948.0,977.0,3164.0,2385.0,2021.0,602.0,1172.0,1468.0,988.0,989.0,987.0
0.0,8614.0,2913.0,2964.0,4290.0,1865.0,782.0,583.0,500.0,988.0,989.0,987.0,968.0,986.0,959.0,3350.0,2784.0,2480.0,782.0,583.0,500.0,988.0,989.0,987.0
0.0,9991.0,2932.0,2965.0,3242.0,1559.0,1141.0,404.0,14.0,988.0,990.0,987.0,961.0,989.0,982.0,3170.0,3373.0,3448.0,1141.0,404.0,14.0,988.0,990.0,987.0
0.0,10301.0,3008.0,2968.0,1865.0,2714.0,1365.0,825.0,524.0,989.0,991.0,988.0,1002.0,1000.0,1006.0,2811.0,3556.0,3934.0,1365.0,825.0,524.0,989.0,991.0,988.0
0.0,9158.0,3052.0,2970.0,1559.0,4215.0,1243.0,1450.0,1522.0,990.0,991.0,989.0,1015.0,1029.0,1008.0,2591.0,3139.0,3428.0,1243.0,1450.0,1522.0,990.0,991.0,989.0
0.0,7665.0,2945.0,2972.0,2714.0,4454.0,879.0,1634.0,1941.0,991.0,992.0,989.0,997.0,1005.0,943.0,2717.0,2514.0,2434.0,879.0,1634.0,1941.0,991.0,992.0,989.0
0.0,7434.0,2982.0,2974.0,4215.0,3229.0,633.0,1184.0,1412.0,992.0,992.0,990.0,993.0,1000.0,989.0,3085.0,2334.0,2015.0,633.0,1184.0,1412.0,992.0,992.0,990.0
0.0,8667.0,2952.0,2977.0,4454.0,1739.0,724.0,545.0,470.0,993.0,993.0,991.0,966.0,991.0,995.0,3335.0,2784.0,2548.0,724.0,545.0,470.0,993.0,993.0,991.0
0.0,10169.0,2952.0,2975.0,3229.0,1454.0,1065.0,353.0,36.0,992.0,992.0,991.0,978.0,996.0,978.0,3248.0,3427.0,3494.0,1065.0,353.0,36.0,992.0,992.0,991.0
0.0,10446.0,3016.0,2977.0,1739.0,2739.0,1342.0,803.0,594.0,993.0,992.0,992.0,997.0,995.0,1024.0,2903.0,3615.0,3928.0,1342.0,803.0,594.0,993.0,992.0,992.0
0.0,9169.0,2931.0,2979.0,1454.0,4224.0,1275.0,1418.0,1531.0,994.0,992.0,993.0,994.0,968.0,969.0,2630.0,3165.0,3374.0,1275.0,1418.0,1531.0,994.0,992.0,993.0
0.0,7692.0,2993.0,2982.0,2739.0,4490.0,923.0,1625.0,1942.0,995.0,993.0,994.0,986.0,1006.0,1001.0,2701.0,2550.0,2441.0,923.0,1625.0,1942.0,995.0,993.0,994.0
0.0,7438.0,3075.0,2984.0,4224.0,3349.0,668.0,1238.0,1443.0,995.0,994.0,995.0,1020.0,1027.0,1028.0,3057.0,2347.0,2034.0,668.0,1238.0,1443.0,995.0,994.0,995.0
0.0,8587.0,3009.0,2986.0,4490.0,1876.0,755.0,611.0,510.0,996.0,994.0,996.0,1006.0,998.0,1005.0,3312.0,2738.0,2537.0,755.0,611.0,510.0,996.0,994.0,996.0
0.0,10068.0,2906.0,2983.0,3349.0,1421.0,1034.0,360.0,27.0,994.0,994.0,995.0,955.0,987.0,964.0,3229.0,3365.0,3474.0,1034.0,360.0,27.0,994.0,994.0,995.0
0.0,10511.0,3082.0,2985.0,1876.0,2635.0,1321.0,768.0,546.0,995.0,994.0,996.0,1038.0,1019.0,1025.0,2942.0,3616.0,3953.0,1321.0,768.0,546.0,995.0,994.0,996.0
0.0,9305.0,2971.0,2986.0,1421.0,4189.0,1310.0,1386.0,1493.0,996.0,994.0,996.0,1019.0,978.0,974.0,2659.0,3208.0,3438.0,1310.0,1386.0,1493.0,996.0,994.0,996.0
0.0,7755.0,3011.0,2986.0,2635.0,4565.0,993.0,1617.0,1955.0,995.0,994.0,997.0,1008.0,999.0,1004.0,2674.0,2590.0,2491.0,993.0,1617.0,1955.0,995.0,994.0,997.0
0.0,7379.0,3098.0,2993.0,4189.0,3502.0,720.0,1283.0,1499.0,997.0,997.0,999.0,1029.0,1040.0,1029.0,2987.0,2359.0,2033.0,720.0,1283.0,1499.0,997.0,997.0,999.0
0.0,8470.0,3082.0,2996.0,4565.0,2031.0,768.0,709.0,554.0,998.0,998.0,1000.0,1037.0,1039.0,1006.0,3268.0,2705.0,2497.0,768.0,709.0,554.0,998.0,998.0,1000.0
0.0,9953.0,3211.0,3000.0,3502.0,1756.0,1137.0,485.0,134.0,999.0,999.0,1002.0,1085.0,1055.0,1071.0,3224.0,3283.0,3446.0,1137.0,485.0,134.0,999.0,999.0,1002.0
0.0,10244.0,3159.0,3002.0,2031.0,2892.0,1445.0,831.0,616.0,1000.0,1000.0,1002.0,1072.0,1051.0,1036.0,2859.0,3511.0,3874.0,1445.0,831.0,616.0,1000.0,1000.0,1002.0
0.0,9116.0,3145.0,3003.0,1756.0,4285.0,1356.0,1395.0,1534.0,1000.0,1001.0,1002.0,1048.0,1045.0,1052.0,2555.0,3169.0,3392.0,1356.0,1395.0,1534.0,1000.0,1001.0,1002.0
0.0,7727.0,3149.0,3009.0,2892.0,4566.0,969.0,1621.0,1976.0,1002.0,1003.0,1004.0,1050.0,1049.0,1050.0,2644.0,2609.0,2474.0,969.0,1621.0,1976.0,1002.0,1003.0,1004.0
0.0,7470.0,3065.0,3011.0,4285.0,3354.0,626.0,1273.0,1455.0,1002.0,1005.0,1004.0,1013.0,1039.0,1013.0,3039.0,2391.0,2040.0,626.0,1273.0,1455.0,1002.0,1005.0,1004.0
0.0,8690.0,3148.0,3013.0,4566.0,1944.0,678.0,723.0,543.0,1002.0,1006.0,1005.0,1021.0,1067.0,1060.0,3382.0,2747.0,2561.0,678.0,723.0,543.0,1002.0,1006.0,1005.0
0.0,10108.0,3136.0,3016.0,3354.0,1738.0,1105.0,489.0,144.0,1003.0,1007.0,1006.0,1049.0,1035.0,1052.0,3330.0,3301.0,3477.0,1105.0,489.0,144.0,1003.0,1007.0,1006.0
0.0,10326.0,3022.0,3016.0,1944.0,2816.0,1424.0,790.0,602.0,1003.0,1007.0,1006.0,997.0,1024.0,1001.0,2907.0,3539.0,3880.0,1424.0,790.0,602.0,1003.0,1007.0,1006.0
0.0,9248.0,3105.0,3018.0,1738.0,4191.0,1356.0,1342.0,1493.0,1004.0,1008.0,1006.0,1033.0,1037.0,1035.0,2588.0,3238.0,3422.0,1356.0,1342.0,1493.0,1004.0,1008.0,1006.0
0.0,7881.0,3033.0,3019.0,2816.0,4412.0,916.0,1574.0,1922.0,1004.0,1009.0,1006.0,984.0,1018.0,1031.0,2660.0,2690.0,2531.0,916.0,1574.0,1922.0,1004.0,1009.0,1006.0
0.0,7664.0,3057.0,3019.0,4191.0,3278.0,553.0,1261.0,1464.0,1004.0,1009.0,1006.0,993.0,1029.0,1035.0,3100.0,2462.0,2102.0,553.0,1261.0,1464.0,1004.0,1009.0,1006.0
0.0,8798.0,3129.0,3022.0,4412.0,2007.0,646.0,759.0,602.0,1004.0,1011.0,1007.0,1009.0,1064.0,1056.0,3463.0,2775.0,2560.0,646.0,759.0,602.0,1004.0,1011.0,1007.0
0.0,10081.0,3155.0,3026.0,3278.0,1900.0,1118.0,553.0,229.0,1005.0,1012.0,1009.0,1021.0,1051.0,1083.0,3370.0,3285.0,3426.0,1118.0,553.0,229.0,1005.0,1012.0,1009.0
0.0,10204.0,3126.0,3029.0,2007.0,3031.0,1503.0,832.0,696.0,1006.0,1013.0,1010.0,1027.0,1034.0,1065.0,2902.0,3495.0,3807.0,1503.0,832.0,696.0,1006.0,1013.0,1010.0
0.0,9085.0,3060.0,3030.0,1900.0,4195.0,1410.0,1285.0,1500.0,1006.0,1014.0,1010.0,1025.0,1002.0,1033.0,2521.0,3220.0,3344.0,1410.0,1285.0,1500.0,1006.0,1014.0,1010.0
0.0,7925.0,3101.0,3032.0,3031.0,4273.0,923.0,1494.0,1856.0,1007.0,1014.0,1011.0,1012.0,1041.0,1048.0,2614.0,2771.0,2540.0,923.0,1494.0,1856.0,1007.0,1014.0,1011.0
0.0,7855.0,2971.0,3030.0,4195.0,3041.0,522.0,1188.0,1331.0,1007.0,1013.0,1010.0,1009.0,983.0,979.0,3105.0,2562.0,2188.0,522.0,1188.0,1331.0,1007.0,1013.0,1010.0
0.0,9079.0,3000.0,3030.0,4273.0,1768.0,589.0,687.0,492.0,1007.0,1013.0,1010.0,990.0,993.0,1017.0,3506.0,2864.0,2709.0,589.0,687.0,492.0,1007.0,1013.0,1010.0
0.0,10352.0,3006.0,3031.0,3041.0,1737.0,1054.0,496.0,187.0,1007.0,1013.0,1011.0,987.0,997.0,1022.0,3439.0,3365.0,3548.0,1054.0,496.0,187.0,1007.0,1013.0,1011.0
0.0,10387.0,3069.0,3035.0,1768.0,3054.0,1500.0,826.0,728.0,1009.0,1014.0,1012.0,1027.0,1013.0,1029.0,2974.0,3556.0,3857.0,1500.0,826.0,728.0,1009.0,1014.0,1012.0
0.0,9086.0,3063.0,3036.0,1737.0,4384.0,1460.0,1331.0,1593.0,1009.0,1014.0,1013.0,1014.0,1001.0,1048.0,2536.0,3230.0,3320.0,1460.0,1331.0,1593.0,1009.0,1014.0,1013.0
0.0,7760.0,3064.0,3035.0,3054.0,4390.0,971.0,1518.0,1901.0,1009.0,1013.0,1013.0,1011.0,1017.0,1036.0,2576.0,2725.0,2459.0,971.0,1518.0,1901.0,1009.0,1013.0,1013.0
0.0,7750.0,3025.0,3038.0,4384.0,3043.0,531.0,1181.0,1331.0,1010.0,1014.0,1014.0,1016.0,990.0,1019.0,3065.0,2534.0,2151.0,531.0,1181.0,1331.0,1010.0,1014.0,1014.0
0.0,9109.0,3021.0,3037.0,4390.0,1670.0,597.0,646.0,427.0,1010.0,1013.0,1014.0,1037.0,987.0,997.0,3509.0,2875.0,2725.0,597.0,646.0,427.0,1010.0,1013.0,1014.0
0.0,10478.0,3044.0,3039.0,3043.0,1679.0,1087.0,462.0,130.0,1011.0,1013.0,1015.0,1017.0,997.0,1030.0,3443.0,3406.0,3629.0,1087.0,462.0,130.0,1011.0,1013.0,1015.0
0.0,10477.0,3014.0,3037.0,1670.0,3015.0,1479.0,822.0,714.0,1011.0,1012.0,1014.0,989.0,1010.0,1015.0,2957.0,3590.0,3930.0,1479.0,822.0,714.0,1011.0,1012.0,1014.0
0.0,9133.0,3103.0,3038.0,1679.0,4443.0,1431.0,1393.0,1619.0,1011.0,1012.0,1015.0,1039.0,1033.0,1031.0,2565.0,3226.0,3342.0,1431.0,1393.0,1619.0,1011.0,1012.0,1015.0
0.0,7709.0,3157.0,3041.0,3015.0,4597.0,1018.0,1616.0,1963.0,1012.0,1013.0,1016.0,1062.0,1041.0,1054.0,2613.0,2655.0,2441.0,1018.0,1616.0,1963.0,1012.0,1013.0,1016.0
0.0,7567.0,3036.0,3043.0,4443.0,3198.0,597.0,1246.0,1355.0,1012.0,1014.0,1017.0,1010.0,1019.0,1007.0,3030.0,2436.0,2101.0,597.0,1246.0,1355.0,1012.0,1014.0,1017.0
0.0,8974.0,2981.0,3043.0,4597.0,1582.0,575.0,623.0,384.0,1012.0,1014.0,1017.0,996.0,993.0,992.0,3451.0,2810.0,2713.0,575.0,623.0,384.0,1012.0,1014.0,1017.0
0.0,10590.0,2971.0,3041.0,3198.0,1347.0,978.0,366.0,3.0,1011.0,1014.0,1016.0,1004.0,989.0,978.0,3473.0,3433.0,3684.0,978.0,366.0,3.0,1011.0,1014.0,1016.0
0.0,10817.0,3010.0,3042.0,1582.0,2779.0,1414.0,741.0,624.0,1012.0,1014.0,1016.0,1007.0,998.0,1005.0,3066.0,3690.0,4061.0,1414.0,741.0,624.0,1012.0,1014.0,1016.0
0.0,9389.0,2984.0,3042.0,1347.0,4416.0,1441.0,1366.0,1609.0,1012.0,1014.0,1016.0,1005.0,991.0,988.0,2634.0,3315.0,3440.0,1441.0,1366.0,1609.0,1012.0,1014.0,1016.0
0.0,7752.0,3017.0,3045.0,2779.0,4666.0,1044.0,1651.0,1971.0,1013.0,1015.0,1017.0,1013.0,1022.0,982.0,2607.0,2690.0,2455.0,1044.0,1651.0,1971.0,1013.0,1015.0,1017.0
0.0,7514.0,2986.0,3047.0,4416.0,3244.0,611.0,1303.0,1330.0,1014.0,1016.0,1017.0,1004.0,1014.0,968.0,3008.0,2409.0,2097.0,611.0,1303.0,1330.0,1014.0,1016.0,1017.0
0.0,8944.0,3065.0,3047.0,4666.0,1643.0,592.0,674.0,377.0,1014.0,1016.0,1017.0,1025.0,1022.0,1018.0,3445.0,2761.0,2738.0,592.0,674.0,377.0,1014.0,1016.0,1017.0
0.0,10545.0,3047.0,3046.0,3244.0,1442.0,1011.0,373.0,58.0,1014.0,1015.0,1017.0,1030.0,1006.0,1011.0,3464.0,3390.0,3691.0,1011.0,373.0,58.0,1014.0,1015.0,1017.0
0.0,10742.0,2968.0,3048.0,1643.0,2775.0,1421.0,686.0,668.0,1015.0,1015.0,1018.0,998.0,987.0,983.0,3045.0,3687.0,4010.0,1421.0,686.0,668.0,1015.0,1015.0,1018.0
0.0,9417.0,2904.0,3045.0,1442.0,4225.0,1338.0,1310.0,1577.0,1013.0,1015.0,1017.0,936.0,997.0,971.0,2639.0,3374.0,3404.0,1338.0,1310.0,1577.0,1013.0,1015.0,1017.0
0.0,7955.0,3075.0,3048.0,2775.0,4537.0,933.0,1675.0,1929.0,1014.0,1016.0,1018.0,1012.0,1047.0,1016.0,2714.0,2750.0,2491.0,933.0,1675.0,1929.0,1014.0,1016.0,1018.0
0.0,7655.0,3033.0,3050.0,4225.0,3353.0,578.0,1402.0,1373.0,1014.0,1017.0,1019.0,983.0,1033.0,1017.0,3123.0,2389.0,2143.0,578.0,1402.0,1373.0,1014.0,1017.0,1019.0
0.0,8847.0,3048.0,3051.0,4537.0,1868.0,658.0,762.0,448.0,1015.0,1018.0,1018.0,1009.0,1031.0,1008.0,3478.0,2666.0,2703.0,658.0,762.0,448.0,1015.0,1018.0,1018.0
0.0,10336.0,3061.0,3053.0,3353.0,1584.0,1101.0,402.0,81.0,1015.0,1019.0,1019.0,1021.0,1038.0,1002.0,3402.0,3310.0,3624.0,1101.0,402.0,81.0,1015.0,1019.0,1019.0
0.0,10628.0,3140.0,3056.0,1868.0,2868.0,1476.0,709.0,683.0,1016.0,1020.0,1020.0,1029.0,1065.0,1046.0,2959.0,3674.0,3995.0,1476.0,709.0,683.0,1016.0,1020.0,1020.0
0.0,9356.0,3120.0,3056.0,1584.0,4404.0,1414.0,1344.0,1646.0,1016.0,1020.0,1020.0,1039.0,1037.0,1044.0,2588.0,3371.0,3397.0,1414.0,1344.0,1646.0,1016.0,1020.0,1020.0
0.0,7820.0,3135.0,3059.0,2868.0,4683.0,998.0,1679.0,2006.0,1017.0,1021.0,1021.0,1056.0,1040.0,1039.0,2650.0,2736.0,2434.0,998.0,1679.0,2006.0,1017.0,1021.0,1021.0
0.0,7553.0,3100.0,3062.0,4404.0,3391.0,602.0,1371.0,1418.0,1018.0,1022.0,1022.0,1014.0,1032.0,1054.0,3070.0,2405.0,2078.0,602.0,1371.0,1418.0,1018.0,1022.0,1022.0
0.0,8857.0,3169.0,3065.0,4683.0,1889.0,659.0,749.0,481.0,1019.0,1023.0,1023.0,1051.0,1053.0,1065.0,3470.0,2717.0,2670.0,659.0,749.0,481.0,1019.0,1023.0,1023.0
0.0,10371.0,3130.0,3067.0,3391.0,1636.0,1108.0,427.0,101.0,1019.0,1024.0,1024.0,1051.0,1045.0,1034.0,3417.0,3343.0,3611.0,1108.0,427.0,101.0,1019.0,1024.0,1024.0
0.0,10632.0,3113.0,3069.0,1889.0,2868.0,1497.0,711.0,660.0,1020.0,1024.0,1025.0,1044.0,1033.0,1036.0,2968.0,3669.0,3995.0,1497.0,711.0,660.0,1020.0,1024.0,1025.0
0.0,9408.0,3183.0,3071.0,1636.0,4423.0,1438.0,1348.0,1637.0,1020.0,1025.0,1026.0,1049.0,1060.0,1074.0,2583.0,3385.0,3440.0,1438.0,1348.0,1637.0,1020.0,1025.0,1026.0
0.0,7861.0,3149.0,3073.0,2868.0,4712.0,1012.0,1658.0,2042.0,1021.0,1025.0,1027.0,1067.0,1021.0,1061.0,2642.0,2752.0,2467.0,1012.0,1658.0,2042.0,1021.0,1025.0,1027.0
0.0,7580.0,3171.0,3071.0,4423.0,3452.0,645.0,1356.0,1451.0,1021.0,1024.0,1026.0,1071.0,1050.0,1050.0,3072.0,2442.0,2066.0,645.0,1356.0,1451.0,1021.0,1024.0,1026.0
0.0,8832.0,3143.0,3071.0,4712.0,1883.0,683.0,722.0,478.0,1020.0,1024.0,1027.0,1054.0,1024.0,1065.0,3439.0,2740.0,2653.0,683.0,722.0,478.0,1020.0,1024.0,1027.0
0.0,10401.0,3151.0,3071.0,3452.0,1582.0,1093.0,424.0,65.0,1020.0,1024.0,1027.0,1055.0,1058.0,1038.0,3397.0,3374.0,3630.0,1093.0,424.0,65.0,1020.0,1024.0,1027.0
0.0,10702.0,3182.0,3072.0,1883.0,2885.0,1486.0,731.0,668.0,1021.0,1024.0,1027.0,1072.0,1029.0,1081.0,2987.0,3672.0,4043.0,1486.0,731.0,668.0,1021.0,1024.0,1027.0
0.0,9403.0,3042.0,3071.0,1582.0,4341.0,1428.0,1302.0,1611.0,1021.0,1023.0,1027.0,1035.0,999.0,1008.0,2598.0,3365.0,3440.0,1428.0,1302.0,1611.0,1021.0,1023.0,1027.0
0.0,7943.0,3128.0,3071.0,2885.0,4584.0,986.0,1596.0,2002.0,1022.0,1022.0,1027.0,1040.0,1029.0,1059.0,2656.0,2790.0,2497.0,986.0,1596.0,2002.0,1022.0,1022.0,1027.0
0.0,7700.0,3157.0,3072.0,4341.0,3404.0,603.0,1349.0,1452.0,1022.0,1023.0,1027.0,1045.0,1051.0,1061.0,3102.0,2492.0,2106.0,603.0,1349.0,1452.0,1022.0,1023.0,1027.0
0.0,8884.0,3231.0,3075.0,4584.0,2063.0,706.0,800.0,557.0,1023.0,1023.0,1029.0,1085.0,1047.0,1099.0,3485.0,2743.0,2656.0,706.0,800.0,557.0,1023.0,1023.0,1029.0
0.0,10237.0,3035.0,3074.0,3404.0,1690.0,1088.0,474.0,128.0,1022.0,1023.0,1029.0,989.0,1023.0,1023.0,3386.0,3292.0,3559.0,1088.0,474.0,128.0,1022.0,1023.0,1029.0
0.0,10606.0,3198.0,3078.0,2063.0,2841.0,1459.0,744.0,638.0,1024.0,1024.0,1030.0,1069.0,1066.0,1063.0,3000.0,3618.0,3988.0,1459.0,744.0,638.0,1024.0,1024.0,1030.0
0.0,9471.0,3127.0,3079.0,1690.0,4282.0,1411.0,1300.0,1571.0,1025.0,1024.0,1030.0,1036.0,1030.0,1061.0,2637.0,3352.0,3482.0,1411.0,1300.0,1571.0,1025.0,1024.0,1030.0
0.0,8034.0,3127.0,3078.0,2841.0,4564.0,985.0,1578.0,2001.0,1025.0,1023.0,1030.0,1033.0,1026.0,1068.0,2689.0,2796.0,2549.0,985.0,1578.0,2001.0,1025.0,1023.0,1030.0
0.0,7748.0,3080.0,3077.0,4282.0,3358.0,592.0,1305.0,1461.0,1025.0,1023.0,1029.0,1018.0,1027.0,1035.0,3115.0,2514.0,2119.0,592.0,1305.0,1461.0,1025.0,1023.0,1029.0
0.0,8950.0,3113.0,3076.0,4564.0,1903.0,636.0,755.0,512.0,1025.0,1022.0,1029.0,1029.0,1032.0,1052.0,3508.0,2787.0,2655.0,636.0,755.0,512.0,1025.0,1022.0,1029.0
0.0,10401.0,3156.0,3079.0,3358.0,1713.0,1092.0,490.0,131.0,1026.0,1023.0,1030.0,1044.0,1036.0,1076.0,3464.0,3333.0,3604.0,1092.0,490.0,131.0,1026.0,1023.0,1030.0
0.0,10603.0,3044.0,3078.0,1903.0,2850.0,1462.0,735.0,653.0,1026.0,1022.0,1030.0,1006.0,1004.0,1034.0,3012.0,3602.0,3989.0,1462.0,735.0,653.0,1026.0,1022.0,1030.0
0.0,9462.0,3094.0,3080.0,1713.0,4239.0,1409.0,1285.0,1545.0,1026.0,1023.0,1031.0,1039.0,1036.0,1019.0,2642.0,3353.0,3467.0,1409.0,1285.0,1545.0,1026.0,1023.0,1031.0
0.0,8081.0,3204.0,3085.0,2850.0,4613.0,1015.0,1619.0,1979.0,1028.0,1025.0,1032.0,1060.0,1061.0,1083.0,2695.0,2807.0,2579.0,1015.0,1619.0,1979.0,1028.0,1025.0,1032.0
0.0,7727.0,3150.0,3086.0,4239.0,3528.0,639.0,1398.0,1491.0,1028.0,1026.0,1032.0,1033.0,1060.0,1057.0,3097.0,2481.0,2149.0,639.0,1398.0,1491.0,1028.0,1026.0,1032.0
0.0,8816.0,3190.0,3089.0,4613.0,2117.0,680.0,855.0,582.0,1029.0,1027.0,1033.0,1052.0,1072.0,1066.0,3473.0,2706.0,2637.0,680.0,855.0,582.0,1029.0,1027.0,1033.0
0.0,10239.0,3164.0,3091.0,3528.0,1761.0,1105.0,508.0,148.0,1030.0,1028.0,1033.0,1060.0,1047.0,1057.0,3436.0,3253.0,3550.0,1105.0,508.0,148.0,1030.0,1028.0,1033.0
0.0,10603.0,3121.0,3092.0,2117.0,2769.0,1481.0,688.0,600.0,1031.0,1028.0,1033.0,1052.0,1035.0,1034.0,3015.0,3604.0,3984.0,1481.0,688.0,600.0,1031.0,1028.0,1033.0
0.0,9599.0,3214.0,3096.0,1761.0,4238.0,1453.0,1276.0,1509.0,1032.0,1030.0,1034.0,1073.0,1088.0,1053.0,2643.0,3424.0,3532.0,1453.0,1276.0,1509.0,1032.0,1030.0,1034.0
0.0,8146.0,3168.0,3098.0,2769.0,4645.0,1043.0,1634.0,1968.0,1032.0,1031.0,1035.0,1071.0,1042.0,1055.0,2675.0,2844.0,2627.0,1043.0,1634.0,1968.0,1032.0,1031.0,1035.0
0.0,7747.0,3211.0,3102.0,4238.0,3634.0,676.0,1458.0,1500.0,1034.0,1033.0,1035.0,1078.0,1092.0,1041.0,3085.0,2490.0,2172.0,676.0,1458.0,1500.0,1034.0,1033.0,1035.0
0.0,8774.0,3199.0,3106.0,4645.0,2204.0,704.0,919.0,581.0,1035.0,1035.0,1036.0,1067.0,1087.0,1045.0,3460.0,2674.0,2640.0,704.0,919.0,581.0,1035.0,1035.0,1036.0
0.0,10220.0,3252.0,3108.0,3634.0,1830.0,1139.0,560.0,131.0,1036.0,1036.0,1036.0,1107.0,1095.0,1050.0,3436.0,3221.0,3563.0,1139.0,560.0,131.0,1036.0,1036.0,1036.0
0.0,10602.0,3101.0,3108.0,2204.0,2727.0,1460.0,687.0,580.0,1036.0,1036.0,1036.0,1025.0,1046.0,1030.0,3005.0,3584.0,4013.0,1460.0,687.0,580.0,1036.0,1036.0,1036.0
0.0,9705.0,3187.0,3110.0,1830.0,4092.0,1374.0,1218.0,1500.0,1036.0,1037.0,1037.0,1053.0,1087.0,1047.0,2684.0,3457.0,3564.0,1374.0,1218.0,1500.0,1036.0,1037.0,1037.0
0.0,8348.0,3154.0,3113.0,2727.0,4531.0,963.0,1596.0,1972.0,1037.0,1038.0,1038.0,1045.0,1061.0,1048.0,2770.0,2930.0,2648.0,963.0,1596.0,1972.0,1037.0,1038.0,1038.0
0.0,7921.0,3131.0,3117.0,4092.0,3586.0,637.0,1443.0,1506.0,1038.0,1040.0,1039.0,1044.0,1057.0,1030.0,3185.0,2556.0,2180.0,637.0,1443.0,1506.0,1038.0,1040.0,1039.0
0.0,8882.0,3133.0,3119.0,4531.0,2196.0,729.0,913.0,554.0,1039.0,1041.0,1039.0,1051.0,1062.0,1020.0,3515.0,2717.0,2650.0,729.0,913.0,554.0,1039.0,1041.0,1039.0
0.0,10280.0,3182.0,3122.0,3586.0,1804.0,1156.0,535.0,113.0,1040.0,1042.0,1040.0,1060.0,1061.0,1061.0,3427.0,3251.0,3602.0,1156.0,535.0,113.0,1040.0,1042.0,1040.0
0.0,10684.0,3081.0,3124.0,2196.0,2697.0,1430.0,681.0,586.0,1040.0,1043.0,1041.0,1003.0,1055.0,1023.0,3004.0,3633.0,4047.0,1430.0,681.0,586.0,1040.0,1043.0,1041.0
0.0,9799.0,3118.0,3127.0,1804.0,4023.0,1338.0,1210.0,1475.0,1041.0,1044.0,1042.0,1060.0,1060.0,998.0,2730.0,3491.0,3578.0,1338.0,1210.0,1475.0,1041.0,1044.0,1042.0
0.0,8485.0,3115.0,3128.0,2697.0,4445.0,967.0,1576.0,1902.0,1042.0,1044.0,1042.0,1055.0,1047.0,1013.0,2826.0,2966.0,2693.0,967.0,1576.0,1902.0,1042.0,1044.0,1042.0
0.0,8067.0,3186.0,3130.0,4023.0,3616.0,683.0,1457.0,1476.0,1042.0,1046.0,1042.0,1054.0,1083.0,1049.0,3201.0,2600.0,2266.0,683.0,1457.0,1476.0,1042.0,1046.0,1042.0
0.0,8904.0,2999.0,3130.0,4445.0,2170.0,721.0,885.0,564.0,1042.0,1046.0,1042.0,1005.0,1004.0,990.0,3485.0,2727.0,2692.0,721.0,885.0,564.0,1042.0,1046.0,1042.0
0.0,10350.0,3206.0,3137.0,3616.0,1788.0,1094.0,507.0,187.0,1044.0,1048.0,1045.0,1048.0,1071.0,1087.0,3447.0,3299.0,3604.0,1094.0,507.0,187.0,1044.0,1048.0,1045.0
0.0,10760.0,3164.0,3138.0,2170.0,2786.0,1428.0,679.0,679.0,1045.0,1048.0,1045.0,1051.0,1057.0,1056.0,3082.0,3685.0,3993.0,1428.0,679.0,679.0,1045.0,1048.0,1045.0
0.0,9766.0,3175.0,3140.0,1788.0,4181.0,1394.0,1239.0,1548.0,1046.0,1048.0,1046.0,1056.0,1067.0,1052.0,2752.0,3513.0,3501.0,1394.0,1239.0,1548.0,1046.0,1048.0,1046.0
0.0,8379.0,3064.0,3141.0,2786.0,4463.0,974.0,1611.0,1878.0,1046.0,1049.0,1046.0,1008.0,1047.0,1009.0,2790.0,2953.0,2636.0,974.0,1611.0,1878.0,1046.0,1049.0,1046.0
0.0,8101.0,3293.0,3146.0,4181.0,3595.0,696.0,1463.0,1436.0,1048.0,1050.0,1048.0,1108.0,1087.0,1098.0,3210.0,2585.0,2306.0,696.0,1463.0,1436.0,1048.0,1050.0,1048.0
0.0,8989.0,3143.0,3145.0,4463.0,2271.0,767.0,893.0,611.0,1048.0,1049.0,1048.0,1045.0,1045.0,1053.0,3496.0,2737.0,2756.0,767.0,893.0,611.0,1048.0,1049.0,1048.0
0.0,10309.0,3206.0,3148.0,3595.0,1894.0,1146.0,503.0,245.0,1049.0,1050.0,1049.0,1071.0,1069.0,1066.0,3425.0,3303.0,3581.0,1146.0,503.0,245.0,1049.0,1050.0,1049.0
0.0,10698.0,3123.0,3148.0,2271.0,2746.0,1425.0,634.0,687.0,1049.0,1050.0,1049.0,1046.0,1024.0,1053.0,3050.0,3697.0,3951.0,1425.0,634.0,687.0,1049.0,1050.0,1049.0
0.0,9846.0,3082.0,3147.0,1894.0,3930.0,1316.0,1134.0,1480.0,1049.0,1049.0,1049.0,1037.0,1007.0,1038.0,2771.0,3566.0,3509.0,1316.0,1134.0,1480.0,1049.0,1049.0,1049.0
0.0,8658.0,3127.0,3146.0,2746.0,4307.0,917.0,1541.0,1849.0,1049.0,1049.0,1048.0,1026.0,1041.0,1060.0,2880.0,3062.0,2716.0,917.0,1541.0,1849.0,1049.0,1049.0,1048.0
0.0,8277.0,3185.0,3147.0,3930.0,3566.0,665.0,1472.0,1429.0,1049.0,1049.0,1049.0,1064.0,1065.0,1056.0,3279.0,2655.0,2343.0,665.0,1472.0,1429.0,1049.0,1049.0,1049.0
0.0,9022.0,3273.0,3150.0,4307.0,2544.0,838.0,1023.0,683.0,1050.0,1050.0,1050.0,1086.0,1088.0,1099.0,3531.0,2724.0,2767.0,838.0,1023.0,683.0,1050.0,1050.0,1050.0
0.0,10056.0,3217.0,3151.0,3566.0,2199.0,1241.0,631.0,327.0,1050.0,1051.0,1050.0,1068.0,1076.0,1073.0,3362.0,3177.0,3517.0,1241.0,631.0,327.0,1050.0,1051.0,1050.0
0.0,10405.0,3171.0,3151.0,2544.0,2826.0,1464.0,648.0,714.0,1050.0,1051.0,1050.0,1061.0,1040.0,1070.0,2959.0,3573.0,3873.0,1464.0,648.0,714.0,1050.0,1051.0,1050.0
0.0,9778.0,3171.0,3152.0,2199.0,3802.0,1301.0,1045.0,1456.0,1050.0,1051.0,1051.0,1078.0,1028.0,1065.0,2736.0,3556.0,3486.0,1301.0,1045.0,1456.0,1050.0,1051.0,1051.0
0.0,8806.0,3211.0,3152.0,2826.0,4187.0,904.0,1442.0,1841.0,1050.0,1051.0,1051.0,1067.0,1045.0,1099.0,2899.0,3159.0,2748.0,904.0,1442.0,1841.0,1050.0,1051.0,1051.0
0.0,8421.0,3255.0,3154.0,3802.0,3648.0,681.0,1478.0,1489.0,1051.0,1051.0,1052.0,1074.0,1081.0,1100.0,3296.0,2762.0,2363.0,681.0,1478.0,1489.0,1051.0,1051.0,1052.0
0.0,8968.0,3202.0,3155.0,4187.0,2667.0,846.0,1102.0,719.0,1051.0,1052.0,1052.0,1069.0,1062.0,1071.0,3523.0,2726.0,2719.0,846.0,1102.0,719.0,1051.0,1052.0,1052.0
0.0,9953.0,3292.0,3160.0,3648.0,2331.0,1261.0,755.0,315.0,1052.0,1054.0,1054.0,1092.0,1123.0,1077.0,3358.0,3106.0,3489.0,1261.0,755.0,315.0,1052.0,1054.0,1054.0
0.0,10309.0,3252.0,3163.0,2667.0,2928.0,1494.0,744.0,690.0,1053.0,1056.0,1054.0,1075.0,1083.0,1094.0,2947.0,3461.0,3901.0,1494.0,744.0,690.0,1053.0,1056.0,1054.0
0.0,9724.0,3291.0,3165.0,2331.0,3896.0,1326.0,1099.0,1471.0,1053.0,1057.0,1055.0,1093.0,1106.0,1092.0,2718.0,3480.0,3526.0,1326.0,1099.0,1471.0,1053.0,1057.0,1055.0
0.0,8764.0,3343.0,3166.0,2928.0,4315.0,918.0,1492.0,1905.0,1053.0,1058.0,1055.0,1086.0,1133.0,1124.0,2886.0,3129.0,2749.0,918.0,1492.0,1905.0,1053.0,1058.0,1055.0
0.0,8349.0,3235.0,3171.0,3896.0,3674.0,660.0,1477.0,1537.0,1055.0,1059.0,1057.0,1060.0,1080.0,1095.0,3294.0,2740.0,2315.0,660.0,1477.0,1537.0,1055.0,1059.0,1057.0
0.0,9010.0,3286.0,3172.0,4315.0,2649.0,814.0,1111.0,724.0,1055.0,1060.0,1057.0,1072.0,1122.0,1092.0,3560.0,2759.0,2691.0,814.0,1111.0,724.0,1055.0,1060.0,1057.0
0.0,10039.0,3227.0,3174.0,3674.0,2210.0,1214.0,743.0,253.0,1055.0,1062.0,1057.0,1060.0,1101.0,1066.0,3406.0,3129.0,3504.0,1214.0,743.0,253.0,1055.0,1062.0,1057.0
0.0,10486.0,3180.0,3176.0,2649.0,2749.0,1462.0,709.0,578.0,1056.0,1063.0,1057.0,1058.0,1073.0,1049.0,3006.0,3505.0,3975.0,1462.0,709.0,578.0,1056.0,1063.0,1057.0
0.0,9955.0,3238.0,3179.0,2210.0,3789.0,1333.0,1047.0,1409.0,1057.0,1064.0,1058.0,1081.0,1077.0,1080.0,2762.0,3543.0,3650.0,1333.0,1047.0,1409.0,1057.0,1064.0,1058.0
0.0,8927.0,3261.0,3181.0,2749.0,4309.0,965.0,1444.0,1900.0,1058.0,1065.0,1058.0,1090.0,1102.0,1069.0,2895.0,3209.0,2823.0,965.0,1444.0,1900.0,1058.0,1065.0,1058.0
0.0,8415.0,3239.0,3183.0,3789.0,3767.0,699.0,1506.0,1562.0,1059.0,1066.0,1058.0,1063.0,1105.0,1071.0,3267.0,2816.0,2332.0,699.0,1506.0,1562.0,1059.0,1066.0,1058.0
0.0,8965.0,3240.0,3187.0,4309.0,2714.0,799.0,1166.0,749.0,1060.0,1068.0,1059.0,1061.0,1096.0,1083.0,3537.0,2758.0,2670.0,799.0,1166.0,749.0,1060.0,1068.0,1059.0
0.0,10034.0,3242.0,3190.0,3767.0,2201.0,1154.0,782.0,265.0,1060.0,1070.0,1060.0,1054.0,1114.0,1074.0,3441.0,3106.0,3487.0,1154.0,782.0,265.0,1060.0,1070.0,1060.0
0.0,10559.0,3183.0,3189.0,2714.0,2666.0,1385.0,704.0,577.0,1059.0,1070.0,1060.0,1034.0,1088.0,1061.0,3086.0,3498.0,3975.0,1385.0,704.0,577.0,1059.0,1070.0,1060.0
0.0,10090.0,3148.0,3189.0,2201.0,3613.0,1276.0,991.0,1346.0,1060.0,1070.0,1059.0,1041.0,1069.0,1038.0,2851.0,3576.0,3663.0,1276.0,991.0,1346.0,1060.0,1070.0,1059.0
0.0,9143.0,3145.0,3188.0,2666.0,4088.0,927.0,1346.0,1815.0,1059.0,1070.0,1059.0,1040.0,1059.0,1046.0,2964.0,3289.0,2890.0,927.0,1346.0,1815.0,1059.0,1070.0,1059.0
0.0,8664.0,3230.0,3190.0,3613.0,3713.0,736.0,1441.0,1536.0,1060.0,1071.0,1059.0,1081.0,1082.0,1067.0,3309.0,2934.0,2421.0,736.0,1441.0,1536.0,1060.0,1071.0,1059.0
0.0,9047.0,3119.0,3189.0,4088.0,2740.0,831.0,1143.0,766.0,1059.0,1071.0,1059.0,1026.0,1048.0,1045.0,3504.0,2843.0,2700.0,831.0,1143.0,766.0,1059.0,1071.0,1059.0
0.0,10016.0,3241.0,3190.0,3713.0,2272.0,1193.0,764.0,315.0,1060.0,1070.0,1060.0,1094.0,1066.0,1081.0,3405.0,3141.0,3470.0,1193.0,764.0,315.0,1060.0,1070.0,1060.0
0.0,10488.0,3195.0,3191.0,2740.0,2731.0,1449.0,693.0,589.0,1060.0,1071.0,1060.0,1087.0,1068.0,1040.0,3047.0,3516.0,3925.0,1449.0,693.0,589.0,1060.0,1071.0,1060.0
0.0,10033.0,3091.0,3189.0,2272.0,3542.0,1330.0,948.0,1264.0,1060.0,1070.0,1059.0,1074.0,1023.0,994.0,2791.0,3591.0,3651.0,1330.0,948.0,1264.0,1060.0,1070.0,1059.0
0.0,9214.0,3215.0,3188.0,2731.0,4022.0,967.0,1317.0,1738.0,1060.0,1069.0,1059.0,1086.0,1066.0,1063.0,2910.0,3332.0,2972.0,967.0,1317.0,1738.0,1060.0,1069.0,1059.0
0.0,8730.0,3064.0,3185.0,3542.0,3532.0,678.0,1370.0,1484.0,1059.0,1068.0,1058.0,1045.0,1005.0,1014.0,3273.0,2959.0,2498.0,678.0,1370.0,1484.0,1059.0,1068.0,1058.0
0.0,9208.0,3183.0,3186.0,4022.0,2697.0,789.0,1087.0,821.0,1060.0,1067.0,1059.0,1074.0,1038.0,1071.0,3558.0,2902.0,2748.0,789.0,1087.0,821.0,1060.0,1067.0,1059.0
0.0,10047.0,3252.0,3188.0,3532.0,2425.0,1229.0,784.0,412.0,1061.0,1067.0,1060.0,1114.0,1067.0,1071.0,3451.0,3181.0,3415.0,1229.0,784.0,412.0,1061.0,1067.0,1060.0
0.0,10327.0,3120.0,3187.0,2697.0,2844.0,1497.0,706.0,641.0,1061.0,1066.0,1060.0,1057.0,1013.0,1050.0,3015.0,3484.0,3828.0,1497.0,706.0,641.0,1061.0,1066.0,1060.0
0.0,9904.0,3098.0,3187.0,2425.0,3517.0,1322.0,933.0,1262.0,1062.0,1065.0,1060.0,1050.0,1015.0,1033.0,2747.0,3558.0,3599.0,1322.0,933.0,1262.0,1062.0,1065.0,1060.0
0.0,9231.0,3193.0,3188.0,2844.0,3870.0,908.0,1261.0,1701.0,1062.0,1065.0,1061.0,1083.0,1034.0,1076.0,2926.0,3327.0,2978.0,908.0,1261.0,1701.0,1062.0,1065.0,1061.0
0.0,8882.0,3108.0,3186.0,3517.0,3453.0,662.0,1327.0,1464.0,1062.0,1064.0,1060.0,1076.0,1003.0,1029.0,3340.0,2999.0,2543.0,662.0,1327.0,1464.0,1062.0,1064.0,1060.0
0.0,9291.0,3263.0,3190.0,3870.0,2862.0,851.0,1142.0,869.0,1064.0,1064.0,1062.0,1089.0,1076.0,1098.0,3586.0,2929.0,2776.0,851.0,1142.0,869.0,1064.0,1064.0,1062.0
0.0,9898.0,3190.0,3191.0,3453.0,2603.0,1240.0,876.0,487.0,1064.0,1064.0,1063.0,1051.0,1061.0,1078.0,3405.0,3114.0,3379.0,1240.0,876.0,487.0,1064.0,1064.0,1063.0
0.0,10161.0,3214.0,3193.0,2862.0,2963.0,1440.0,815.0,708.0,1064.0,1065.0,1064.0,1051.0,1077.0,1086.0,3016.0,3380.0,3765.0,1440.0,815.0,708.0,1064.0,1065.0,1064.0
0.0,9809.0,3242.0,3194.0,2603.0,3606.0,1302.0,994.0,1310.0,1065.0,1064.0,1065.0,1098.0,1059.0,1085.0,2816.0,3445.0,3548.0,1302.0,994.0,1310.0,1065.0,1064.0,1065.0
0.0,9170.0,3263.0,3199.0,2963.0,3926.0,950.0,1284.0,1692.0,1066.0,1066.0,1067.0,1084.0,1097.0,1082.0,2958.0,3262.0,2950.0,950.0,1284.0,1692.0,1066.0,1066.0,1067.0
0.0,8870.0,3189.0,3199.0,3606.0,3509.0,678.0,1361.0,1470.0,1066.0,1066.0,1067.0,1030.0,1071.0,1088.0,3314.0,2980.0,2576.0,678.0,1361.0,1470.0,1066.0,1066.0,1067.0
0.0,9287.0,3194.0,3199.0,3926.0,2777.0,792.0,1123.0,862.0,1066.0,1066.0,1067.0,1064.0,1046.0,1084.0,3586.0,2903.0,2798.0,792.0,1123.0,862.0,1066.0,1066.0,1067.0
0.0,10019.0,3228.0,3200.0,3509.0,2500.0,1179.0,842.0,479.0,1066.0,1066.0,1068.0,1065.0,1080.0,1083.0,3472.0,3141.0,3406.0,1179.0,842.0,479.0,1066.0,1066.0,1068.0
0.0,10300.0,3159.0,3202.0,2777.0,2890.0,1428.0,775.0,687.0,1067.0,1066.0,1069.0,1037.0,1056.0,1066.0,3085.0,3422.0,3793.0,1428.0,775.0,687.0,1067.0,1066.0,1069.0
0.0,9918.0,3302.0,3202.0,2500.0,3692.0,1319.0,1031.0,1342.0,1066.0,1066.0,1070.0,1074.0,1098.0,1130.0,2840.0,3489.0,3589.0,1319.0,1031.0,1342.0,1066.0,1066.0,1070.0
0.0,9116.0,3250.0,3205.0,2890.0,4064.0,968.0,1334.0,1762.0,1067.0,1067.0,1071.0,1073.0,1074.0,1103.0,2945.0,3233.0,2938.0,968.0,1334.0,1762.0,1067.0,1067.0,1071.0
0.0,8756.0,3230.0,3205.0,3692.0,3602.0,724.0,1382.0,1496.0,1067.0,1067.0,1071.0,1075.0,1079.0,1076.0,3300.0,2934.0,2522.0,724.0,1382.0,1496.0,1067.0,1067.0,1071.0
0.0,9218.0,3311.0,3209.0,4064.0,2865.0,861.0,1153.0,851.0,1068.0,1069.0,1072.0,1101.0,1097.0,1113.0,3544.0,2886.0,2788.0,861.0,1153.0,851.0,1068.0,1069.0,1072.0
0.0,9971.0,3275.0,3212.0,3602.0,2550.0,1231.0,860.0,459.0,1069.0,1070.0,1073.0,1090.0,1085.0,1100.0,3411.0,3123.0,3437.0,1231.0,860.0,459.0,1069.0,1070.0,1073.0
0.0,10298.0,3306.0,3215.0,2865.0,3003.0,1480.0,802.0,721.0,1070.0,1071.0,1074.0,1106.0,1091.0,1109.0,3045.0,3420.0,3833.0,1480.0,802.0,721.0,1070.0,1071.0,1074.0
0.0,9857.0,3214.0,3217.0,2550.0,3675.0,1325.0,1004.0,1346.0,1071.0,1071.0,1075.0,1072.0,1062.0,1080.0,2800.0,3482.0,3575.0,1325.0,1004.0,1346.0,1071.0,1071.0,1075.0
0.0,9193.0,3432.0,3220.0,3003.0,4116.0,991.0,1351.0,1774.0,1072.0,1072.0,1076.0,1142.0,1145.0,1145.0,2959.0,3280.0,2954.0,991.0,1351.0,1774.0,1072.0,1072.0,1076.0
0.0,8764.0,3293.0,3220.0,3675.0,3734.0,748.0,1444.0,1542.0,1072.0,1072.0,1076.0,1082.0,1097.0,1114.0,3297.0,2937.0,2530.0,748.0,1444.0,1542.0,1072.0,1072.0,1076.0
0.0,9146.0,3261.0,3222.0,4116.0,2887.0,835.0,1172.0,880.0,1072.0,1073.0,1077.0,1078.0,1075.0,1108.0,3540.0,2844.0,2762.0,835.0,1172.0,880.0,1072.0,1073.0,1077.0
0.0,10001.0,3373.0,3226.0,3734.0,2542.0,1223.0,842.0,477.0,1073.0,1075.0,1078.0,1132.0,1106.0,1135.0,3453.0,3120.0,3428.0,1223.0,842.0,477.0,1073.0,1075.0,1078.0
0.0,10362.0,3314.0,3228.0,2887.0,2977.0,1502.0,785.0,690.0,1074.0,1076.0,1078.0,1110.0,1111.0,1093.0,3069.0,3458.0,3835.0,1502.0,785.0,690.0,1074.0,1076.0,1078.0
0.0,9935.0,3490.0,3234.0,2542.0,3949.0,1445.0,1120.0,1384.0,1076.0,1078.0,1080.0,1158.0,1169.0,1163.0,2794.0,3519.0,3622.0,1445.0,1120.0,1384.0,1076.0,1078.0,1080.0
0.0,8987.0,3294.0,3235.0,2977.0,4270.0,1057.0,1429.0,1784.0,1077.0,1078.0,1080.0,1110.0,1094.0,1090.0,2859.0,3192.0,2936.0,1057.0,1429.0,1784.0,1077.0,1078.0,1080.0
0.0,8670.0,3263.0,3234.0,3949.0,3580.0,699.0,1398.0,1483.0,1076.0,1078.0,1080.0,1091.0,1089.0,1083.0,3251.0,2883.0,2536.0,699.0,1398.0,1483.0,1076.0,1078.0,1080.0
0.0,9356.0,3363.0,3236.0,4270.0,2681.0,789.0,1091.0,801.0,1078.0,1078.0,1080.0,1139.0,1122.0,1102.0,3605.0,2914.0,2837.0,789.0,1091.0,801.0,1078.0,1078.0,1080.0
0.0,10263.0,3328.0,3237.0,3580.0,2433.0,1189.0,807.0,437.0,1078.0,1078.0,1081.0,1099.0,1114.0,1115.0,3523.0,3221.0,3519.0,1189.0,807.0,437.0,1078.0,1078.0,1081.0
0.0,10515.0,3263.0,3236.0,2681.0,3011.0,1494.0,807.0,710.0,1078.0,1078.0,1080.0,1094.0,1091.0,1078.0,3123.0,3505.0,3887.0,1494.0,807.0,710.0,1078.0,1078.0,1080.0
0.0,9933.0,3252.0,3235.0,2433.0,3826.0,1388.0,1103.0,1335.0,1078.0,1078.0,1079.0,1083.0,1103.0,1066.0,2818.0,3505.0,3610.0,1388.0,1103.0,1335.0,1078.0,1078.0,1079.0
0.0,9114.0,3295.0,3237.0,3011.0,4118.0,987.0,1392.0,1739.0,1079.0,1078.0,1080.0,1089.0,1096.0,1110.0,2924.0,3209.0,2981.0,987.0,1392.0,1739.0,1079.0,1078.0,1080.0
0.0,8830.0,3349.0,3238.0,3826.0,3645.0,732.0,1391.0,1522.0,1080.0,1078.0,1080.0,1129.0,1102.0,1118.0,3329.0,2920.0,2581.0,732.0,1391.0,1522.0,1080.0,1078.0,1080.0
0.0,9307.0,3297.0,3240.0,4118.0,2832.0,862.0,1105.0,865.0,1081.0,1078.0,1081.0,1113.0,1106.0,1078.0,3588.0,2921.0,2798.0,862.0,1105.0,865.0,1081.0,1078.0,1081.0
0.0,10128.0,3261.0,3240.0,3645.0,2448.0,1219.0,800.0,429.0,1081.0,1078.0,1081.0,1089.0,1086.0,1086.0,3462.0,3207.0,3459.0,1219.0,800.0,429.0,1081.0,1078.0,1081.0
0.0,10512.0,3286.0,3241.0,2832.0,2906.0,1452.0,788.0,666.0,1081.0,1078.0,1082.0,1095.0,1093.0,1098.0,3105.0,3512.0,3895.0,1452.0,788.0,666.0,1081.0,1078.0,1082.0
0.0,10058.0,3231.0,3241.0,2448.0,3689.0,1296.0,1060.0,1333.0,1081.0,1078.0,1082.0,1063.0,1072.0,1096.0,2872.0,3524.0,3662.0,1296.0,1060.0,1333.0,1081.0,1078.0,1082.0
0.0,9275.0,3246.0,3241.0,2906.0,4029.0,918.0,1347.0,1764.0,1082.0,1077.0,1082.0,1070.0,1079.0,1097.0,3028.0,3252.0,2995.0,918.0,1347.0,1764.0,1082.0,1077.0,1082.0
0.0,8935.0,3223.0,3240.0,3689.0,3559.0,704.0,1358.0,1497.0,1082.0,1076.0,1082.0,1082.0,1075.0,1066.0,3410.0,2961.0,2564.0,704.0,1358.0,1497.0,1082.0,1076.0,1082.0
0.0,9401.0,3352.0,3245.0,4029.0,2902.0,909.0,1129.0,864.0,1084.0,1077.0,1084.0,1115.0,1114.0,1123.0,3624.0,2946.0,2831.0,909.0,1129.0,864.0,1084.0,1077.0,1084.0
0.0,10078.0,3357.0,3248.0,3559.0,2712.0,1331.0,907.0,474.0,1085.0,1078.0,1085.0,1122.0,1132.0,1103.0,3427.0,3179.0,3472.0,1331.0,907.0,474.0,1085.0,1078.0,1085.0
0.0,10280.0,3288.0,3250.0,2902.0,3106.0,1531.0,886.0,689.0,1086.0,1079.0,1085.0,1105.0,1104.0,1079.0,3009.0,3405.0,3866.0,1531.0,886.0,689.0,1086.0,1079.0,1085.0
0.0,9894.0,3246.0,3250.0,2712.0,3640.0,1279.0,1075.0,1286.0,1086.0,1079.0,1085.0,1079.0,1096.0,1071.0,2813.0,3430.0,3651.0,1279.0,1075.0,1286.0,1086.0,1079.0,1085.0
0.0,9360.0,3312.0,3254.0,3106.0,3862.0,868.0,1297.0,1697.0,1088.0,1080.0,1086.0,1112.0,1104.0,1096.0,3065.0,3241.0,3054.0,868.0,1297.0,1697.0,1088.0,1080.0,1086.0
0.0,9154.0,3364.0,3257.0,3640.0,3598.0,740.0,1322.0,1536.0,1089.0,1081.0,1087.0,1147.0,1096.0,1121.0,3484.0,3023.0,2647.0,740.0,1322.0,1536.0,1089.0,1081.0,1087.0
0.0,9430.0,3299.0,3258.0,3862.0,3039.0,975.0,1117.0,947.0,1089.0,1081.0,1088.0,1103.0,1092.0,1104.0,3616.0,3002.0,2812.0,975.0,1117.0,947.0,1089.0,1081.0,1088.0
0.0,9993.0,3280.0,3263.0,3598.0,2741.0,1350.0,893.0,498.0,1090.0,1083.0,1090.0,1111.0,1090.0,1079.0,3381.0,3207.0,3405.0,1350.0,893.0,498.0,1090.0,1083.0,1090.0
0.0,10311.0,3280.0,3264.0,3039.0,2986.0,1492.0,877.0,617.0,1091.0,1083.0,1090.0,1113.0,1101.0,1066.0,3010.0,3439.0,3862.0,1492.0,877.0,617.0,1091.0,1083.0,1090.0
0.0,10070.0,3303.0,3269.0,2741.0,3568.0,1255.0,1091.0,1222.0,1092.0,1085.0,1092.0,1109.0,1099.0,1095.0,2872.0,3455.0,3743.0,1255.0,1091.0,1222.0,1092.0,1085.0,1092.0
0.0,9508.0,3303.0,3271.0,2986.0,3893.0,881.0,1314.0,1698.0,1093.0,1086.0,1092.0,1114.0,1096.0,1093.0,3113.0,3249.0,3146.0,881.0,1314.0,1698.0,1093.0,1086.0,1092.0
0.0,9191.0,3251.0,3271.0,3568.0,3576.0,699.0,1323.0,1554.0,1092.0,1087.0,1092.0,1077.0,1096.0,1078.0,3491.0,3030.0,2670.0,699.0,1323.0,1554.0,1092.0,1087.0,1092.0
0.0,9508.0,3312.0,3274.0,3893.0,3007.0,948.0,1105.0,954.0,1093.0,1088.0,1093.0,1126.0,1092.0,1094.0,3669.0,3025.0,2814.0,948.0,1105.0,954.0,1093.0,1088.0,1093.0
0.0,10089.0,3338.0,3280.0,3576.0,2793.0,1355.0,920.0,518.0,1094.0,1091.0,1095.0,1102.0,1126.0,1110.0,3424.0,3247.0,3418.0,1355.0,920.0,518.0,1094.0,1091.0,1095.0
0.0,10327.0,3204.0,3280.0,3007.0,2990.0,1461.0,909.0,620.0,1094.0,1092.0,1094.0,1054.0,1090.0,1060.0,3021.0,3444.0,3862.0,1461.0,909.0,620.0,1094.0,1092.0,1094.0
0.0,10130.0,3259.0,3282.0,2793.0,3464.0,1192.0,1084.0,1188.0,1094.0,1093.0,1095.0,1086.0,1091.0,1082.0,2915.0,3459.0,3756.0,1192.0,1084.0,1188.0,1094.0,1093.0,1095.0
0.0,9664.0,3260.0,3283.0,2990.0,3738.0,812.0,1276.0,1650.0,1094.0,1094.0,1095.0,1081.0,1097.0,1082.0,3184.0,3288.0,3192.0,812.0,1276.0,1650.0,1094.0,1094.0,1095.0
0.0,9394.0,3388.0,3287.0,3464.0,3678.0,732.0,1366.0,1580.0,1095.0,1096.0,1096.0,1108.0,1166.0,1114.0,3564.0,3100.0,2730.0,732.0,1366.0,1580.0,1095.0,1096.0,1096.0
0.0,9470.0,3305.0,3288.0,3738.0,3249.0,1010.0,1206.0,1033.0,1096.0,1096.0,1096.0,1086.0,1116.0,1103.0,3648.0,3018.0,2804.0,1010.0,1206.0,1033.0,1096.0,1096.0,1096.0
0.0,9903.0,3274.0,3288.0,3678.0,2845.0,1349.0,933.0,563.0,1095.0,1097.0,1096.0,1075.0,1089.0,1110.0,3374.0,3178.0,3351.0,1349.0,933.0,563.0,1095.0,1097.0,1096.0
0.0,10307.0,3401.0,3292.0,3249.0,3013.0,1453.0,857.0,703.0,1096.0,1098.0,1098.0,1110.0,1126.0,1165.0,3031.0,3455.0,3821.0,1453.0,857.0,703.0,1096.0,1098.0,1098.0
0.0,10155.0,3342.0,3294.0,2845.0,3518.0,1209.0,1032.0,1277.0,1097.0,1098.0,1099.0,1101.0,1108.0,1133.0,2931.0,3535.0,3689.0,1209.0,1032.0,1277.0,1097.0,1098.0,1099.0
0.0,9658.0,3273.0,3296.0,3013.0,3786.0,825.0,1294.0,1667.0,1097.0,1100.0,1099.0,1069.0,1111.0,1093.0,3179.0,3360.0,3119.0,825.0,1294.0,1667.0,1097.0,1100.0,1099.0
0.0,9398.0,3369.0,3298.0,3518.0,3645.0,738.0,1385.0,1522.0,1098.0,1100.0,1100.0,1118.0,1123.0,1128.0,3563.0,3106.0,2729.0,738.0,1385.0,1522.0,1098.0,1100.0,1100.0
0.0,9547.0,3318.0,3302.0,3786.0,3193.0,1021.0,1211.0,961.0,1099.0,1102.0,1101.0,1104.0,1112.0,1102.0,3654.0,3015.0,2878.0,1021.0,1211.0,961.0,1099.0,1102.0,1101.0
0.0,10015.0,3317.0,3302.0,3645.0,2865.0,1386.0,927.0,552.0,1100.0,1102.0,1100.0,1099.0,1101.0,1117.0,3375.0,3197.0,3443.0,1386.0,927.0,552.0,1100.0,1102.0,1100.0
0.0,10343.0,3332.0,3303.0,3193.0,3008.0,1468.0,823.0,717.0,1100.0,1102.0,1101.0,1103.0,1107.0,1122.0,3014.0,3481.0,3848.0,1468.0,823.0,717.0,1100.0,1102.0,1101.0
0.0,10204.0,3289.0,3305.0,2865.0,3440.0,1168.0,983.0,1289.0,1101.0,1102.0,1102.0,1082.0,1087.0,1120.0,2932.0,3585.0,3687.0,1168.0,983.0,1289.0,1101.0,1102.0,1102.0
0.0,9780.0,3397.0,3306.0,3008.0,3833.0,829.0,1295.0,1709.0,1101.0,1103.0,1102.0,1129.0,1131.0,1137.0,3236.0,3425.0,3119.0,829.0,1295.0,1709.0,1101.0,1103.0,1102.0
0.0,9391.0,3264.0,3306.0,3440.0,3657.0,745.0,1393.0,1519.0,1101.0,1103.0,1102.0,1084.0,1081.0,1099.0,3575.0,3117.0,2699.0,745.0,1393.0,1519.0,1101.0,1103.0,1102.0
0.0,9567.0,3334.0,3306.0,3833.0,3158.0,1034.0,1193.0,931.0,1101.0,1103.0,1102.0,1118.0,1095.0,1121.0,3659.0,3019.0,2889.0,1034.0,1193.0,931.0,1101.0,1103.0,1102.0
0.0,10066.0,3312.0,3309.0,3657.0,2825.0,1384.0,909.0,532.0,1102.0,1104.0,1103.0,1091.0,1105.0,1116.0,3370.0,3219.0,3477.0,1384.0,909.0,532.0,1102.0,1104.0,1103.0
0.0,10411.0,3253.0,3305.0,3158.0,2904.0,1450.0,800.0,654.0,1101.0,1103.0,1101.0,1104.0,1088.0,1061.0,3024.0,3507.0,3880.0,1450.0,800.0,654.0,1101.0,1103.0,1101.0
0.0,10316.0,3378.0,3306.0,2825.0,3461.0,1171.0,1024.0,1266.0,1101.0,1103.0,1102.0,1105.0,1133.0,1140.0,2954.0,3612.0,3750.0,1171.0,1024.0,1266.0,1101.0,1103.0,1102.0
0.0,9763.0,3319.0,3308.0,2904.0,3884.0,838.0,1321.0,1725.0,1102.0,1104.0,1102.0,1113.0,1093.0,1113.0,3233.0,3388.0,3142.0,838.0,1321.0,1725.0,1102.0,1104.0,1102.0
0.0,9348.0,3311.0,3306.0,3461.0,3726.0,768.0,1402.0,1556.0,1101.0,1104.0,1101.0,1105.0,1105.0,1101.0,3570.0,3095.0,2683.0,768.0,1402.0,1556.0,1101.0,1104.0,1101.0
0.0,9498.0,3473.0,3309.0,3884.0,3327.0,1117.0,1226.0,984.0,1103.0,1104.0,1102.0,1179.0,1145.0,1149.0,3636.0,3014.0,2848.0,1117.0,1226.0,984.0,1103.0,1104.0,1102.0
0.0,9909.0,3437.0,3309.0,3726.0,3038.0,1502.0,954.0,582.0,1103.0,1104.0,1102.0,1153.0,1130.0,1154.0,3295.0,3190.0,3424.0,1502.0,954.0,582.0,1103.0,1104.0,1102.0
0.0,10198.0,3304.0,3309.0,3327.0,3015.0,1493.0,841.0,681.0,1103.0,1104.0,1102.0,1108.0,1113.0,1083.0,2910.0,3462.0,3826.0,1493.0,841.0,681.0,1103.0,1104.0,1102.0
0.0,10221.0,3342.0,3310.0,3038.0,3323.0,1113.0,974.0,1236.0,1103.0,1104.0,1103.0,1122.0,1087.0,1133.0,2919.0,3575.0,3727.0,1113.0,974.0,1236.0,1103.0,1104.0,1103.0
0.0,9917.0,3361.0,3310.0,3015.0,3669.0,723.0,1269.0,1677.0,1103.0,1104.0,1103.0,1103.0,1136.0,1122.0,3299.0,3442.0,3176.0,723.0,1269.0,1677.0,1103.0,1104.0,1103.0
0.0,9571.0,3324.0,3310.0,3323.0,3670.0,713.0,1408.0,1549.0,1103.0,1104.0,1103.0,1103.0,1113.0,1108.0,3689.0,3147.0,2735.0,713.0,1408.0,1549.0,1103.0,1104.0,1103.0
0.0,9570.0,3311.0,3310.0,3669.0,3312.0,1112.0,1244.0,956.0,1103.0,1104.0,1103.0,1122.0,1105.0,1084.0,3699.0,3008.0,2863.0,1112.0,1244.0,956.0,1103.0,1104.0,1103.0
0.0,9928.0,3238.0,3311.0,3670.0,2884.0,1467.0,934.0,483.0,1103.0,1104.0,1104.0,1068.0,1098.0,1072.0,3300.0,3172.0,3456.0,1467.0,934.0,483.0,1103.0,1104.0,1104.0
0.0,10360.0,3360.0,3313.0,3312.0,2940.0,1487.0,806.0,647.0,1104.0,1105.0,1104.0,1128.0,1112.0,1120.0,2945.0,3482.0,3933.0,1487.0,806.0,647.0,1104.0,1105.0,1104.0
0.0,10312.0,3322.0,3312.0,2884.0,3374.0,1124.0,967.0,1283.0,1103.0,1105.0,1104.0,1108.0,1095.0,1119.0,2929.0,3614.0,3769.0,1124.0,967.0,1283.0,1103.0,1105.0,1104.0
0.0,9874.0,3370.0,3313.0,2940.0,3808.0,750.0,1300.0,1758.0,1103.0,1105.0,1105.0,1113.0,1139.0,1118.0,3288.0,3453.0,3133.0,750.0,1300.0,1758.0,1103.0,1105.0,1105.0
0.0,9444.0,3312.0,3314.0,3374.0,3750.0,724.0,1451.0,1575.0,1103.0,1106.0,1105.0,1098.0,1114.0,1100.0,3662.0,3120.0,2662.0,724.0,1451.0,1575.0,1103.0,1106.0,1105.0
0.0,9506.0,3321.0,3314.0,3808.0,3263.0,1068.0,1263.0,932.0,1103.0,1106.0,1105.0,1094.0,1112.0,1115.0,3688.0,2973.0,2845.0,1068.0,1263.0,932.0,1103.0,1106.0,1105.0
0.0,9993.0,3318.0,3316.0,3750.0,2839.0,1459.0,932.0,448.0,1104.0,1107.0,1105.0,1111.0,1116.0,1091.0,3344.0,3161.0,3488.0,1459.0,932.0,448.0,1104.0,1107.0,1105.0
0.0,10425.0,3376.0,3318.0,3263.0,2960.0,1510.0,825.0,625.0,1105.0,1108.0,1105.0,1115.0,1152.0,1109.0,2957.0,3496.0,3972.0,1510.0,825.0,625.0,1105.0,1108.0,1105.0
0.0,10312.0,3355.0,3321.0,2839.0,3488.0,1147.0,1059.0,1282.0,1105.0,1110.0,1106.0,1096.0,1158.0,1101.0,2910.0,3607.0,3795.0,1147.0,1059.0,1282.0,1105.0,1110.0,1106.0
0.0,9796.0,3323.0,3320.0,2960.0,3847.0,742.0,1366.0,1739.0,1105.0,1110.0,1105.0,1105.0,1132.0,1086.0,3273.0,3381.0,3142.0,742.0,1366.0,1739.0,1105.0,1110.0,1105.0
0.0,9433.0,3338.0,3321.0,3488.0,3701.0,681.0,1460.0,1560.0,1105.0,1111.0,1105.0,1086.0,1149.0,1103.0,3678.0,3074.0,2681.0,681.0,1460.0,1560.0,1105.0,1111.0,1105.0
0.0,9583.0,3394.0,3323.0,3847.0,3256.0,1060.0,1253.0,943.0,1105.0,1112.0,1106.0,1121.0,1155.0,1118.0,3739.0,2984.0,2860.0,1060.0,1253.0,943.0,1105.0,1112.0,1106.0
0.0,10036.0,3354.0,3325.0,3701.0,2917.0,1505.0,908.0,504.0,1106.0,1112.0,1107.0,1122.0,1115.0,1117.0,3360.0,3195.0,3481.0,1505.0,908.0,504.0,1106.0,1112.0,1107.0
0.0,10383.0,3362.0,3325.0,3256.0,3023.0,1578.0,769.0,676.0,1106.0,1112.0,1107.0,1133.0,1114.0,1115.0,2919.0,3540.0,3924.0,1578.0,769.0,676.0,1106.0,1112.0,1107.0
0.0,10277.0,3400.0,3326.0,2917.0,3510.0,1203.0,1012.0,1295.0,1106.0,1113.0,1107.0,1130.0,1147.0,1123.0,2846.0,3679.0,3752.0,1203.0,1012.0,1295.0,1106.0,1113.0,1107.0
0.0,9794.0,3342.0,3327.0,3023.0,3833.0,745.0,1370.0,1718.0,1106.0,1114.0,1107.0,1120.0,1123.0,1099.0,3221.0,3440.0,3133.0,745.0,1370.0,1718.0,1106.0,1114.0,1107.0
0.0,9475.0,3491.0,3331.0,3510.0,3830.0,709.0,1530.0,1591.0,1107.0,1115.0,1109.0,1163.0,1168.0,1160.0,3679.0,3086.0,2710.0,709.0,1530.0,1591.0,1107.0,1115.0,1109.0
0.0,9494.0,3218.0,3329.0,3833.0,3207.0,1038.0,1247.0,922.0,1106.0,1115.0,1108.0,1078.0,1087.0,1053.0,3719.0,2930.0,2845.0,1038.0,1247.0,922.0,1106.0,1115.0,1108.0
0.0,10109.0,3439.0,3332.0,3830.0,2828.0,1494.0,869.0,465.0,1107.0,1116.0,1109.0,1161.0,1148.0,1130.0,3386.0,3213.0,3510.0,1494.0,869.0,465.0,1107.0,1116.0,1109.0
0.0,10500.0,3244.0,3332.0,3207.0,2865.0,1553.0,703.0,609.0,1107.0,1116.0,1109.0,1097.0,1081.0,1066.0,2934.0,3595.0,3971.0,1553.0,703.0,609.0,1107.0,1116.0,1109.0
0.0,10463.0,3301.0,3332.0,2828.0,3338.0,1166.0,910.0,1262.0,1108.0,1115.0,1109.0,1103.0,1080.0,1118.0,2875.0,3761.0,3827.0,1166.0,910.0,1262.0,1108.0,1115.0,1109.0
0.0,9990.0,3371.0,3334.0,2865.0,3852.0,740.0,1338.0,1774.0,1108.0,1116.0,1110.0,1127.0,1127.0,1117.0,3266.0,3550.0,3174.0,740.0,1338.0,1774.0,1108.0,1116.0,1110.0
0.0,9484.0,3371.0,3334.0,3338.0,3885.0,681.0,1555.0,1649.0,1108.0,1116.0,1110.0,1107.0,1127.0,1137.0,3692.0,3126.0,2666.0,681.0,1555.0,1649.0,1108.0,1116.0,1110.0
0.0,9451.0,3389.0,3337.0,3852.0,3434.0,1089.0,1329.0,1016.0,1109.0,1116.0,1112.0,1144.0,1112.0,1133.0,3751.0,2909.0,2791.0,1089.0,1329.0,1016.0,1109.0,1116.0,1112.0
0.0,9914.0,3442.0,3341.0,3885.0,3007.0,1572.0,903.0,532.0,1111.0,1117.0,1113.0,1156.0,1125.0,1161.0,3347.0,3135.0,3432.0,1572.0,903.0,532.0,1111.0,1117.0,1113.0
0.0,10357.0,3348.0,3343.0,3434.0,2929.0,1585.0,696.0,648.0,1111.0,1118.0,1114.0,1102.0,1118.0,1128.0,2872.0,3565.0,3920.0,1585.0,696.0,648.0,1111.0,1118.0,1114.0
0.0,10443.0,3408.0,3344.0,3007.0,3334.0,1164.0,912.0,1258.0,1112.0,1117.0,1115.0,1147.0,1123.0,1138.0,2859.0,3776.0,3808.0,1164.0,912.0,1258.0,1112.0,1117.0,1115.0
0.0,10042.0,3324.0,3343.0,2929.0,3725.0,677.0,1308.0,1740.0,1112.0,1116.0,1115.0,1098.0,1096.0,1130.0,3284.0,3556.0,3202.0,677.0,1308.0,1740.0,1112.0,1116.0,1115.0
0.0,9647.0,3276.0,3343.0,3334.0,3667.0,586.0,1492.0,1589.0,1112.0,1116.0,1115.0,1073.0,1096.0,1107.0,3771.0,3156.0,2720.0,586.0,1492.0,1589.0,1112.0,1116.0,1115.0
0.0,9705.0,3340.0,3343.0,3725.0,3282.0,992.0,1304.0,986.0,1112.0,1116.0,1115.0,1083.0,1120.0,1137.0,3862.0,2972.0,2871.0,992.0,1304.0,986.0,1112.0,1116.0,1115.0
0.0,10090.0,3444.0,3344.0,3667.0,3063.0,1548.0,954.0,561.0,1112.0,1117.0,1115.0,1142.0,1138.0,1164.0,3456.0,3160.0,3474.0,1548.0,954.0,561.0,1112.0,1117.0,1115.0
0.0,10313.0,3212.0,3343.0,3282.0,2989.0,1614.0,705.0,670.0,1112.0,1116.0,1115.0,1058.0,1059.0,1095.0,2900.0,3514.0,3899.0,1614.0,705.0,670.0,1112.0,1116.0,1115.0
0.0,10383.0,3352.0,3343.0,3063.0,3278.0,1165.0,865.0,1248.0,1112.0,1116.0,1115.0,1099.0,1114.0,1139.0,2834.0,3759.0,3790.0,1165.0,865.0,1248.0,1112.0,1116.0,1115.0
0.0,10094.0,3385.0,3345.0,2989.0,3682.0,657.0,1278.0,1747.0,1112.0,1116.0,1117.0,1106.0,1118.0,1161.0,3283.0,3599.0,3212.0,657.0,1278.0,1747.0,1112.0,1116.0,1117.0
0.0,9698.0,3239.0,3343.0,3278.0,3635.0,561.0,1500.0,1574.0,1111.0,1116.0,1116.0,1073.0,1087.0,1079.0,3791.0,3186.0,2721.0,561.0,1500.0,1574.0,1111.0,1116.0,1116.0
0.0,9737.0,3402.0,3344.0,3682.0,3359.0,1026.0,1368.0,965.0,1112.0,1116.0,1116.0,1118.0,1146.0,1138.0,3883.0,2964.0,2890.0,1026.0,1368.0,965.0,1112.0,1116.0,1116.0
0.0,10017.0,3401.0,3346.0,3635.0,3133.0,1583.0,1010.0,540.0,1112.0,1117.0,1117.0,1118.0,1138.0,1145.0,3422.0,3096.0,3499.0,1583.0,1010.0,540.0,1112.0,1117.0,1117.0
0.0,10251.0,3298.0,3344.0,3359.0,3064.0,1675.0,715.0,674.0,1112.0,1116.0,1116.0,1118.0,1077.0,1103.0,2865.0,3458.0,3928.0,1675.0,715.0,674.0,1112.0,1116.0,1116.0
0.0,10312.0,3358.0,3346.0,3133.0,3297.0,1225.0,815.0,1257.0,1113.0,1117.0,1116.0,1129.0,1106.0,1123.0,2773.0,3749.0,3790.0,1225.0,815.0,1257.0,1113.0,1117.0,1116.0
0.0,10087.0,3398.0,3347.0,3064.0,3635.0,678.0,1221.0,1736.0,1113.0,1117.0,1117.0,1128.0,1121.0,1149.0,3227.0,3653.0,3207.0,678.0,1221.0,1736.0,1113.0,1117.0,1117.0
0.0,9753.0,3446.0,3349.0,3297.0,3792.0,616.0,1561.0,1615.0,1114.0,1118.0,1117.0,1159.0,1151.0,1136.0,3774.0,3247.0,2732.0,616.0,1561.0,1615.0,1114.0,1118.0,1117.0
0.0,9604.0,3425.0,3353.0,3635.0,3598.0,1090.0,1487.0,1021.0,1115.0,1119.0,1119.0,1148.0,1143.0,1134.0,3840.0,2911.0,2853.0,1090.0,1487.0,1021.0,1115.0,1119.0,1119.0
0.0,9814.0,3489.0,3356.0,3792.0,3307.0,1650.0,1114.0,543.0,1117.0,1120.0,1119.0,1168.0,1184.0,1137.0,3370.0,2989.0,3455.0,1650.0,1114.0,543.0,1117.0,1120.0,1119.0
0.0,10117.0,3297.0,3355.0,3598.0,3002.0,1696.0,710.0,596.0,1117.0,1120.0,1118.0,1136.0,1083.0,1078.0,2818.0,3366.0,3933.0,1696.0,710.0,596.0,1117.0,1120.0,1118.0
0.0,10418.0,3550.0,3360.0,3307.0,3265.0,1242.0,781.0,1242.0,1119.0,1121.0,1120.0,1188.0,1181.0,1181.0,2772.0,3770.0,3876.0,1242.0,781.0,1242.0,1119.0,1121.0,1120.0
0.0,10175.0,3481.0,3360.0,3002.0,3744.0,732.0,1230.0,1782.0,1119.0,1122.0,1119.0,1186.0,1155.0,1140.0,3234.0,3703.0,3238.0,732.0,1230.0,1782.0,1119.0,1122.0,1119.0
0.0,9696.0,3319.0,3357.0,3265.0,3786.0,609.0,1564.0,1613.0,1118.0,1121.0,1118.0,1123.0,1119.0,1077.0,3744.0,3258.0,2694.0,609.0,1564.0,1613.0,1118.0,1121.0,1118.0
0.0,9642.0,3419.0,3360.0,3744.0,3473.0,1024.0,1483.0,966.0,1119.0,1122.0,1119.0,1143.0,1145.0,1131.0,3863.0,2920.0,2859.0,1024.0,1483.0,966.0,1119.0,1122.0,1119.0
0.0,9967.0,3471.0,3363.0,3786.0,3170.0,1603.0,1094.0,473.0,1120.0,1124.0,1119.0,1184.0,1167.0,1120.0,3452.0,3005.0,3510.0,1603.0,1094.0,473.0,1120.0,1124.0,1119.0
0.0,10282.0,3437.0,3364.0,3473.0,3138.0,1722.0,777.0,639.0,1121.0,1124.0,1119.0,1139.0,1166.0,1132.0,2877.0,3402.0,4003.0,1722.0,777.0,639.0,1121.0,1124.0,1119.0
0.0,10318.0,3488.0,3368.0,3170.0,3472.0,1275.0,878.0,1319.0,1122.0,1126.0,1120.0,1152.0,1187.0,1149.0,2762.0,3719.0,3837.0,1275.0,878.0,1319.0,1122.0,1126.0,1120.0
0.0,10000.0,3452.0,3369.0,3138.0,3790.0,714.0,1242.0,1834.0,1122.0,1126.0,1121.0,1161.0,1141.0,1150.0,3213.0,3626.0,3161.0,714.0,1242.0,1834.0,1122.0,1126.0,1121.0
0.0,9686.0,3377.0,3372.0,3472.0,3707.0,559.0,1510.0,1638.0,1123.0,1127.0,1122.0,1116.0,1142.0,1119.0,3774.0,3262.0,2650.0,559.0,1510.0,1638.0,1123.0,1127.0,1122.0
0.0,9781.0,3438.0,3373.0,3790.0,3359.0,981.0,1436.0,942.0,1123.0,1128.0,1122.0,1136.0,1164.0,1138.0,3933.0,2998.0,2850.0,981.0,1436.0,942.0,1123.0,1128.0,1122.0
0.0,10133.0,3422.0,3375.0,3707.0,3082.0,1553.0,1094.0,435.0,1124.0,1129.0,1122.0,1127.0,1164.0,1131.0,3511.0,3076.0,3546.0,1553.0,1094.0,435.0,1124.0,1129.0,1122.0
0.0,10418.0,3371.0,3375.0,3359.0,3094.0,1694.0,784.0,616.0,1124.0,1129.0,1122.0,1122.0,1126.0,1123.0,2943.0,3422.0,4053.0,1694.0,784.0,616.0,1124.0,1129.0,1122.0
0.0,10406.0,3391.0,3377.0,3082.0,3411.0,1253.0,849.0,1309.0,1124.0,1130.0,1123.0,1112.0,1155.0,1124.0,2802.0,3732.0,3872.0,1253.0,849.0,1309.0,1124.0,1130.0,1123.0
0.0,10097.0,3384.0,3378.0,3094.0,3705.0,686.0,1197.0,1822.0,1125.0,1130.0,1123.0,1123.0,1132.0,1129.0,3243.0,3671.0,3183.0,686.0,1197.0,1822.0,1125.0,1130.0,1123.0
0.0,9807.0,3347.0,3379.0,3411.0,3645.0,551.0,1447.0,1647.0,1125.0,1130.0,1124.0,1118.0,1099.0,1130.0,3814.0,3323.0,2670.0,551.0,1447.0,1647.0,1125.0,1130.0,1124.0
0.0,9871.0,3474.0,3381.0,3705.0,3422.0,1026.0,1413.0,983.0,1126.0,1130.0,1125.0,1157.0,1163.0,1154.0,3949.0,3073.0,2849.0,1026.0,1413.0,983.0,1126.0,1130.0,1125.0
0.0,10102.0,3436.0,3381.0,3645.0,3213.0,1610.0,1128.0,475.0,1126.0,1130.0,1125.0,1135.0,1162.0,1139.0,3478.0,3107.0,3517.0,1610.0,1128.0,475.0,1126.0,1130.0,1125.0
0.0,10311.0,3440.0,3384.0,3422.0,3243.0,1723.0,857.0,663.0,1127.0,1130.0,1127.0,1135.0,1142.0,1163.0,2894.0,3392.0,4025.0,1723.0,857.0,663.0,1127.0,1130.0,1127.0
0.0,10293.0,3431.0,3387.0,3213.0,3473.0,1243.0,888.0,1342.0,1128.0,1131.0,1128.0,1126.0,1155.0,1150.0,2785.0,3663.0,3845.0,1243.0,888.0,1342.0,1128.0,1131.0,1128.0
0.0,10075.0,3324.0,3386.0,3243.0,3550.0,628.0,1132.0,1790.0,1128.0,1130.0,1128.0,1108.0,1105.0,1111.0,3269.0,3636.0,3170.0,628.0,1132.0,1790.0,1128.0,1130.0,1128.0
0.0,9994.0,3428.0,3386.0,3473.0,3505.0,528.0,1390.0,1587.0,1128.0,1130.0,1128.0,1143.0,1146.0,1139.0,3884.0,3388.0,2722.0,528.0,1390.0,1587.0,1128.0,1130.0,1128.0
0.0,10039.0,3564.0,3390.0,3550.0,3535.0,1098.0,1439.0,998.0,1129.0,1131.0,1130.0,1194.0,1177.0,1193.0,3984.0,3130.0,2925.0,1098.0,1439.0,998.0,1129.0,1131.0,1130.0
0.0,10025.0,3432.0,3391.0,3505.0,3466.0,1726.0,1174.0,566.0,1130.0,1131.0,1130.0,1152.0,1125.0,1155.0,3418.0,3085.0,3522.0,1726.0,1174.0,566.0,1130.0,1131.0,1130.0
0.0,10098.0,3536.0,3395.0,3535.0,3483.0,1815.0,905.0,763.0,1131.0,1132.0,1132.0,1183.0,1166.0,1187.0,2794.0,3350.0,3954.0,1815.0,905.0,763.0,1131.0,1132.0,1132.0
0.0,10097.0,3533.0,3395.0,3466.0,3550.0,1271.0,910.0,1369.0,1131.0,1132.0,1132.0,1182.0,1179.0,1172.0,2709.0,3623.0,3765.0,1271.0,910.0,1369.0,1131.0,1132.0,1132.0
0.0,10030.0,3467.0,3400.0,3483.0,3554.0,640.0,1148.0,1766.0,1133.0,1133.0,1134.0,1176.0,1139.0,1152.0,3253.0,3618.0,3159.0,640.0,1148.0,1766.0,1133.0,1133.0,1134.0
0.0,10046.0,3447.0,3401.0,3550.0,3455.0,514.0,1377.0,1564.0,1133.0,1133.0,1135.0,1145.0,1139.0,1163.0,3892.0,3384.0,2770.0,514.0,1377.0,1564.0,1133.0,1133.0,1135.0
0.0,10149.0,3365.0,3404.0,3554.0,3278.0,1014.0,1346.0,918.0,1134.0,1134.0,1136.0,1136.0,1113.0,1116.0,4018.0,3155.0,2976.0,1014.0,1346.0,918.0,1134.0,1134.0,1136.0
0.0,10338.0,3386.0,3404.0,3455.0,3209.0,1612.0,1096.0,501.0,1134.0,1134.0,1136.0,1112.0,1127.0,1147.0,3522.0,3190.0,3626.0,1612.0,1096.0,501.0,1134.0,1134.0,1136.0
0.0,10407.0,3487.0,3406.0,3278.0,3426.0,1760.0,927.0,739.0,1134.0,1135.0,1137.0,1162.0,1173.0,1152.0,2924.0,3440.0,4043.0,1760.0,927.0,739.0,1134.0,1135.0,1137.0
0.0,10198.0,3494.0,3409.0,3209.0,3723.0,1312.0,989.0,1422.0,1135.0,1136.0,1138.0,1160.0,1154.0,1180.0,2776.0,3613.0,3809.0,1312.0,989.0,1422.0,1135.0,1136.0,1138.0
0.0,9913.0,3387.0,3409.0,3426.0,3684.0,662.0,1195.0,1827.0,1135.0,1136.0,1138.0,1110.0,1133.0,1144.0,3228.0,3555.0,3130.0,662.0,1195.0,1827.0,1135.0,1136.0,1138.0
0.0,9952.0,3410.0,3408.0,3723.0,3367.0,490.0,1329.0,1548.0,1134.0,1136.0,1138.0,1144.0,1123.0,1143.0,3878.0,3349.0,2725.0,490.0,1329.0,1548.0,1134.0,1136.0,1138.0
0.0,10265.0,3492.0,3411.0,3684.0,3187.0,974.0,1307.0,906.0,1135.0,1137.0,1139.0,1142.0,1169.0,1181.0,4046.0,3215.0,3004.0,974.0,1307.0,906.0,1135.0,1137.0,1139.0
0.0,10457.0,3476.0,3412.0,3367.0,3300.0,1633.0,1133.0,534.0,1135.0,1138.0,1139.0,1149.0,1151.0,1176.0,3566.0,3241.0,3650.0,1633.0,1133.0,534.0,1135.0,1138.0,1139.0
0.0,10348.0,3422.0,3414.0,3187.0,3543.0,1800.0,985.0,758.0,1136.0,1139.0,1139.0,1137.0,1155.0,1130.0,2907.0,3419.0,4022.0,1800.0,985.0,758.0,1136.0,1139.0,1139.0
0.0,10113.0,3419.0,3417.0,3300.0,3674.0,1275.0,1008.0,1391.0,1137.0,1140.0,1140.0,1104.0,1152.0,1163.0,2744.0,3571.0,3798.0,1275.0,1008.0,1391.0,1137.0,1140.0,1140.0
0.0,9994.0,3440.0,3419.0,3543.0,3579.0,592.0,1178.0,1809.0,1137.0,1141.0,1141.0,1117.0,1151.0,1172.0,3273.0,3552.0,3169.0,592.0,1178.0,1809.0,1137.0,1141.0,1141.0
0.0,10097.0,3350.0,3417.0,3674.0,3247.0,421.0,1288.0,1538.0,1137.0,1140.0,1140.0,1104.0,1122.0,1124.0,3956.0,3386.0,2755.0,421.0,1288.0,1538.0,1137.0,1140.0,1140.0
0.0,10421.0,3512.0,3423.0,3579.0,3204.0,986.0,1320.0,898.0,1138.0,1143.0,1142.0,1153.0,1198.0,1161.0,4127.0,3272.0,3022.0,986.0,1320.0,898.0,1138.0,1143.0,1142.0
0.0,10488.0,3514.0,3427.0,3247.0,3487.0,1693.0,1240.0,554.0,1139.0,1145.0,1143.0,1124.0,1200.0,1190.0,3566.0,3252.0,3670.0,1693.0,1240.0,554.0,1139.0,1145.0,1143.0
0.0,10221.0,3463.0,3428.0,3204.0,3750.0,1866.0,1068.0,816.0,1140.0,1145.0,1143.0,1155.0,1148.0,1160.0,2863.0,3340.0,4018.0,1866.0,1068.0,816.0,1140.0,1145.0,1143.0
0.0,9962.0,3563.0,3434.0,3487.0,3850.0,1359.0,1030.0,1461.0,1142.0,1147.0,1145.0,1178.0,1194.0,1191.0,2694.0,3512.0,3756.0,1359.0,1030.0,1461.0,1142.0,1147.0,1145.0
0.0,9886.0,3454.0,3434.0,3750.0,3554.0,639.0,1122.0,1793.0,1142.0,1147.0,1145.0,1146.0,1160.0,1148.0,3209.0,3558.0,3119.0,639.0,1122.0,1793.0,1142.0,1147.0,1145.0
0.0,10182.0,3493.0,3436.0,3850.0,3205.0,435.0,1265.0,1505.0,1143.0,1148.0,1145.0,1151.0,1169.0,1173.0,3929.0,3466.0,2787.0,435.0,1265.0,1505.0,1143.0,1148.0,1145.0
0.0,10539.0,3450.0,3439.0,3554.0,3113.0,945.0,1298.0,870.0,1144.0,1149.0,1146.0,1145.0,1151.0,1154.0,4137.0,3327.0,3075.0,945.0,1298.0,870.0,1144.0,1149.0,1146.0
0.0,10643.0,3540.0,3443.0,3205.0,3464.0,1704.0,1218.0,542.0,1145.0,1151.0,1147.0,1190.0,1177.0,1173.0,3631.0,3298.0,3714.0,1704.0,1218.0,542.0,1145.0,1151.0,1147.0
0.0,10308.0,3510.0,3446.0,3113.0,3873.0,1945.0,1085.0,843.0,1146.0,1152.0,1148.0,1182.0,1161.0,1167.0,2876.0,3386.0,4046.0,1945.0,1085.0,843.0,1146.0,1152.0,1148.0
0.0,9911.0,3488.0,3446.0,3464.0,3897.0,1397.0,1042.0,1458.0,1146.0,1152.0,1148.0,1156.0,1175.0,1157.0,2639.0,3523.0,3749.0,1397.0,1042.0,1458.0,1146.0,1152.0,1148.0
0.0,9887.0,3563.0,3449.0,3873.0,3599.0,652.0,1148.0,1799.0,1147.0,1153.0,1149.0,1196.0,1187.0,1180.0,3187.0,3566.0,3134.0,652.0,1148.0,1799.0,1147.0,1153.0,1149.0
0.0,10197.0,3524.0,3449.0,3897.0,3226.0,451.0,1277.0,1498.0,1147.0,1153.0,1149.0,1196.0,1171.0,1157.0,3936.0,3464.0,2797.0,451.0,1277.0,1498.0,1147.0,1153.0,1149.0
0.0,10570.0,3541.0,3454.0,3599.0,3188.0,993.0,1325.0,870.0,1148.0,1155.0,1151.0,1190.0,1188.0,1163.0,4137.0,3335.0,3098.0,993.0,1325.0,870.0,1148.0,1155.0,1151.0
0.0,10628.0,3596.0,3455.0,3226.0,3562.0,1753.0,1252.0,557.0,1149.0,1155.0,1151.0,1207.0,1204.0,1185.0,3599.0,3295.0,3734.0,1753.0,1252.0,557.0,1149.0,1155.0,1151.0
0.0,10258.0,3470.0,3454.0,3188.0,3840.0,1932.0,1072.0,836.0,1148.0,1155.0,1151.0,1176.0,1145.0,1149.0,2843.0,3368.0,4047.0,1932.0,1072.0,836.0,1148.0,1155.0,1151.0
0.0,9976.0,3501.0,3459.0,3562.0,3799.0,1381.0,983.0,1435.0,1150.0,1156.0,1153.0,1194.0,1159.0,1148.0,2660.0,3548.0,3768.0,1381.0,983.0,1435.0,1150.0,1156.0,1153.0
0.0,10037.0,3380.0,3457.0,3840.0,3331.0,587.0,1041.0,1703.0,1150.0,1155.0,1152.0,1138.0,1134.0,1108.0,3219.0,3641.0,3177.0,587.0,1041.0,1703.0,1150.0,1155.0,1152.0
0.0,10497.0,3394.0,3456.0,3799.0,2922.0,334.0,1189.0,1399.0,1149.0,1155.0,1152.0,1132.0,1131.0,1131.0,4013.0,3579.0,2905.0,334.0,1189.0,1399.0,1149.0,1155.0,1152.0
0.0,10902.0,3520.0,3458.0,3331.0,3119.0,938.0,1323.0,858.0,1150.0,1155.0,1153.0,1187.0,1175.0,1158.0,4262.0,3431.0,3209.0,938.0,1323.0,858.0,1150.0,1155.0,1153.0
0.0,10713.0,3475.0,3457.0,2922.0,3668.0,1796.0,1263.0,609.0,1150.0,1154.0,1153.0,1192.0,1133.0,1150.0,3662.0,3297.0,3754.0,1796.0,1263.0,609.0,1150.0,1154.0,1153.0
0.0,10160.0,3453.0,3457.0,3119.0,4002.0,2003.0,1077.0,922.0,1150.0,1154.0,1153.0,1145.0,1137.0,1171.0,2804.0,3353.0,4003.0,2003.0,1077.0,922.0,1150.0,1154.0,1153.0
0.0,9826.0,3520.0,3460.0,3668.0,3866.0,1385.0,975.0,1506.0,1151.0,1154.0,1155.0,1174.0,1161.0,1185.0,2597.0,3539.0,3690.0,1385.0,975.0,1506.0,1151.0,1154.0,1155.0
0.0,9974.0,3428.0,3460.0,4002.0,3292.0,548.0,1034.0,1710.0,1152.0,1154.0,1154.0,1162.0,1136.0,1130.0,3219.0,3641.0,3114.0,548.0,1034.0,1710.0,1152.0,1154.0,1154.0
0.0,10548.0,3473.0,3461.0,3866.0,2903.0,341.0,1207.0,1355.0,1153.0,1153.0,1155.0,1174.0,1152.0,1147.0,4060.0,3582.0,2906.0,341.0,1207.0,1355.0,1153.0,1153.0,1155.0
0.0,10941.0,3520.0,3464.0,3292.0,3143.0,972.0,1350.0,821.0,1154.0,1154.0,1156.0,1175.0,1173.0,1172.0,4271.0,3405.0,3265.0,972.0,1350.0,821.0,1154.0,1154.0,1156.0
0.0,10713.0,3617.0,3468.0,2903.0,3873.0,1842.0,1328.0,703.0,1155.0,1155.0,1158.0,1207.0,1181.0,1229.0,3644.0,3266.0,3803.0,1842.0,1328.0,703.0,1155.0,1155.0,1158.0
0.0,9999.0,3509.0,3470.0,3143.0,4247.0,2046.0,1154.0,1047.0,1156.0,1156.0,1158.0,1172.0,1172.0,1165.0,2778.0,3292.0,3929.0,2046.0,1154.0,1047.0,1156.0,1156.0,1158.0
0.0,9633.0,3572.0,3475.0,3873.0,3966.0,1379.0,1038.0,1549.0,1157.0,1158.0,1160.0,1171.0,1204.0,1197.0,2578.0,3470.0,3585.0,1379.0,1038.0,1549.0,1157.0,1158.0,1160.0
0.0,9934.0,3434.0,3474.0,4247.0,3149.0,460.0,1019.0,1670.0,1157.0,1157.0,1160.0,1127.0,1139.0,1168.0,3249.0,3594.0,3091.0,460.0,1019.0,1670.0,1157.0,1157.0,1160.0
0.0,10747.0,3462.0,3474.0,3966.0,2645.0,222.0,1152.0,1271.0,1157.0,1157.0,1160.0,1141.0,1171.0,1150.0,4168.0,3609.0,2970.0,222.0,1152.0,1271.0,1157.0,1157.0,1160.0
0.0,11251.0,3487.0,3475.0,3149.0,2987.0,914.0,1302.0,771.0,1157.0,1158.0,1160.0,1152.0,1165.0,1170.0,4406.0,3476.0,3369.0,914.0,1302.0,771.0,1157.0,1158.0,1160.0
0.0,10913.0,3563.0,3478.0,2645.0,3917.0,1871.0,1352.0,694.0,1158.0,1159.0,1161.0,1175.0,1198.0,1190.0,3714.0,3330.0,3869.0,1871.0,1352.0,694.0,1158.0,1159.0,1161.0
0.0,9995.0,3545.0,3482.0,2987.0,4491.0,2131.0,1236.0,1124.0,1159.0,1160.0,1163.0,1170.0,1182.0,1193.0,2761.0,3284.0,3950.0,2131.0,1236.0,1124.0,1159.0,1160.0,1163.0
0.0,9437.0,3523.0,3485.0,3917.0,4109.0,1422.0,1069.0,1618.0,1160.0,1161.0,1164.0,1158.0,1181.0,1184.0,2505.0,3404.0,3528.0,1422.0,1069.0,1618.0,1160.0,1161.0,1164.0
0.0,9831.0,3501.0,3483.0,4491.0,3111.0,440.0,1025.0,1646.0,1159.0,1161.0,1163.0,1153.0,1192.0,1156.0,3218.0,3575.0,3038.0,440.0,1025.0,1646.0,1159.0,1161.0,1163.0
0.0,10821.0,3479.0,3484.0,4109.0,2485.0,156.0,1122.0,1207.0,1159.0,1162.0,1163.0,1138.0,1162.0,1179.0,4196.0,3619.0,3006.0,156.0,1122.0,1207.0,1159.0,1162.0,1163.0
0.0,11451.0,3573.0,3484.0,3111.0,2947.0,909.0,1292.0,746.0,1159.0,1162.0,1163.0,1193.0,1195.0,1185.0,4480.0,3526.0,3445.0,909.0,1292.0,746.0,1159.0,1162.0,1163.0
0.0,10989.0,3548.0,3484.0,2485.0,4010.0,1910.0,1350.0,750.0,1158.0,1162.0,1164.0,1161.0,1180.0,1207.0,3727.0,3356.0,3906.0,1910.0,1350.0,750.0,1158.0,1162.0,1164.0
0.0,9926.0,3456.0,3484.0,2947.0,4519.0,2161.0,1200.0,1158.0,1158.0,1162.0,1164.0,1160.0,1142.0,1154.0,2722.0,3298.0,3906.0,2161.0,1200.0,1158.0,1158.0,1162.0,1164.0
0.0,9417.0,3525.0,3485.0,4010.0,4038.0,1418.0,1038.0,1582.0,1158.0,1163.0,1164.0,1167.0,1184.0,1174.0,2471.0,3448.0,3498.0,1418.0,1038.0,1582.0,1158.0,1163.0,1164.0
0.0,9902.0,3478.0,3488.0,4519.0,3009.0,416.0,1005.0,1588.0,1159.0,1164.0,1165.0,1155.0,1163.0,1160.0,3214.0,3614.0,3074.0,416.0,1005.0,1588.0,1159.0,1164.0,1165.0
0.0,10943.0,3549.0,3491.0,4038.0,2532.0,212.0,1145.0,1175.0,1161.0,1165.0,1165.0,1206.0,1174.0,1169.0,4220.0,3651.0,3072.0,212.0,1145.0,1175.0,1161.0,1165.0,1165.0
0.0,11432.0,3436.0,3490.0,3009.0,2955.0,952.0,1275.0,728.0,1161.0,1164.0,1165.0,1156.0,1139.0,1141.0,4432.0,3515.0,3485.0,952.0,1275.0,728.0,1161.0,1164.0,1165.0
0.0,11005.0,3591.0,3492.0,2532.0,4022.0,1931.0,1330.0,761.0,1161.0,1165.0,1166.0,1191.0,1196.0,1204.0,3692.0,3381.0,3932.0,1931.0,1330.0,761.0,1161.0,1165.0,1166.0
0.0,9946.0,3561.0,3495.0,2955.0,4640.0,2176.0,1250.0,1214.0,1163.0,1166.0,1166.0,1189.0,1191.0,1181.0,2713.0,3330.0,3903.0,2176.0,1250.0,1214.0,1163.0,1166.0,1166.0
0.0,9340.0,3551.0,3498.0,4022.0,4181.0,1413.0,1101.0,1667.0,1163.0,1167.0,1168.0,1168.0,1177.0,1206.0,2476.0,3414.0,3450.0,1413.0,1101.0,1667.0,1163.0,1167.0,1168.0
0.0,9811.0,3475.0,3498.0,4640.0,3016.0,420.0,990.0,1606.0,1164.0,1167.0,1167.0,1179.0,1139.0,1157.0,3239.0,3567.0,3005.0,420.0,990.0,1606.0,1164.0,1167.0,1167.0
0.0,10976.0,3592.0,3501.0,4181.0,2439.0,208.0,1083.0,1148.0,1165.0,1168.0,1168.0,1197.0,1190.0,1205.0,4236.0,3678.0,3062.0,208.0,1083.0,1148.0,1165.0,1168.0,1168.0
0.0,11565.0,3538.0,3502.0,3016.0,2965.0,958.0,1270.0,737.0,1165.0,1168.0,1169.0,1170.0,1177.0,1191.0,4452.0,3589.0,3524.0,958.0,1270.0,737.0,1165.0,1168.0,1169.0
0.0,11043.0,3432.0,3503.0,2439.0,3962.0,1886.0,1326.0,750.0,1166.0,1168.0,1169.0,1132.0,1139.0,1161.0,3702.0,3402.0,3939.0,1886.0,1326.0,750.0,1166.0,1168.0,1169.0
0.0,10050.0,3530.0,3504.0,2965.0,4531.0,2098.0,1215.0,1218.0,1167.0,1168.0,1169.0,1166.0,1159.0,1205.0,2778.0,3346.0,3926.0,2098.0,1215.0,1218.0,1167.0,1168.0,1169.0
0.0,9485.0,3463.0,3507.0,3962.0,4044.0,1375.0,1009.0,1660.0,1168.0,1168.0,1171.0,1159.0,1120.0,1184.0,2570.0,3457.0,3458.0,1375.0,1009.0,1660.0,1168.0,1168.0,1171.0
0.0,9984.0,3493.0,3506.0,4531.0,3002.0,430.0,966.0,1606.0,1168.0,1167.0,1171.0,1153.0,1176.0,1164.0,3297.0,3663.0,3024.0,430.0,966.0,1606.0,1168.0,1167.0,1171.0
0.0,11022.0,3424.0,3504.0,4044.0,2374.0,192.0,1084.0,1098.0,1168.0,1166.0,1170.0,1137.0,1131.0,1156.0,4242.0,3702.0,3078.0,192.0,1084.0,1098.0,1168.0,1166.0,1170.0
0.0,11642.0,3514.0,3505.0,3002.0,2890.0,952.0,1266.0,672.0,1169.0,1166.0,1170.0,1186.0,1148.0,1180.0,4480.0,3580.0,3582.0,952.0,1266.0,672.0,1169.0,1166.0,1170.0
0.0,11130.0,3509.0,3504.0,2374.0,4021.0,1926.0,1329.0,766.0,1169.0,1165.0,1170.0,1166.0,1151.0,1192.0,3724.0,3398.0,4008.0,1926.0,1329.0,766.0,1169.0,1165.0,1170.0
0.0,9995.0,3424.0,3503.0,2890.0,4551.0,2109.0,1200.0,1242.0,1168.0,1165.0,1170.0,1139.0,1137.0,1148.0,2750.0,3331.0,3914.0,2109.0,1200.0,1242.0,1168.0,1165.0,1170.0
0.0,9461.0,3579.0,3505.0,4021.0,4117.0,1393.0,1047.0,1677.0,1169.0,1165.0,1171.0,1206.0,1176.0,1197.0,2563.0,3460.0,3438.0,1393.0,1047.0,1677.0,1169.0,1165.0,1171.0
0.0,9903.0,3621.0,3509.0,4551.0,3203.0,520.0,1054.0,1629.0,1171.0,1166.0,1172.0,1228.0,1203.0,1190.0,3283.0,3613.0,3007.0,520.0,1054.0,1629.0,1171.0,1166.0,1172.0
0.0,10833.0,3538.0,3509.0,4117.0,2624.0,328.0,1165.0,1131.0,1171.0,1166.0,1172.0,1201.0,1158.0,1179.0,4164.0,3610.0,3059.0,328.0,1165.0,1131.0,1171.0,1166.0,1172.0
0.0,11412.0,3601.0,3510.0,3203.0,3026.0,1029.0,1290.0,707.0,1172.0,1166.0,1172.0,1217.0,1179.0,1205.0,4356.0,3499.0,3557.0,1029.0,1290.0,707.0,1172.0,1166.0,1172.0
0.0,11014.0,3506.0,3510.0,2624.0,3908.0,1879.0,1268.0,761.0,1172.0,1165.0,1173.0,1178.0,1147.0,1181.0,3659.0,3374.0,3981.0,1879.0,1268.0,761.0,1172.0,1165.0,1173.0
0.0,10132.0,3559.0,3512.0,3026.0,4449.0,2060.0,1174.0,1215.0,1173.0,1166.0,1173.0,1206.0,1192.0,1161.0,2809.0,3392.0,3931.0,2060.0,1174.0,1215.0,1173.0,1166.0,1173.0
0.0,9599.0,3623.0,3513.0,3908.0,4168.0,1432.0,1067.0,1669.0,1174.0,1165.0,1174.0,1247.0,1165.0,1211.0,2632.0,3490.0,3477.0,1432.0,1067.0,1669.0,1174.0,1165.0,1174.0
0.0,9884.0,3563.0,3513.0,4449.0,3282.0,555.0,1103.0,1624.0,1173.0,1166.0,1174.0,1187.0,1206.0,1170.0,3264.0,3593.0,3027.0,555.0,1103.0,1624.0,1173.0,1166.0,1174.0
0.0,10770.0,3591.0,3514.0,4168.0,2709.0,337.0,1228.0,1144.0,1174.0,1166.0,1174.0,1210.0,1192.0,1189.0,4137.0,3561.0,3072.0,337.0,1228.0,1144.0,1174.0,1166.0,1174.0
0.0,11347.0,3684.0,3517.0,3282.0,3123.0,1025.0,1357.0,741.0,1175.0,1167.0,1175.0,1239.0,1228.0,1217.0,4359.0,3436.0,3552.0,1025.0,1357.0,741.0,1175.0,1167.0,1175.0
0.0,10945.0,3542.0,3518.0,2709.0,3960.0,1885.0,1302.0,773.0,1175.0,1167.0,1176.0,1197.0,1173.0,1172.0,3675.0,3311.0,3959.0,1885.0,1302.0,773.0,1175.0,1167.0,1176.0
0.0,10112.0,3543.0,3521.0,3123.0,4392.0,2060.0,1160.0,1172.0,1176.0,1169.0,1176.0,1196.0,1207.0,1140.0,2815.0,3366.0,3931.0,2060.0,1160.0,1172.0,1176.0,1169.0,1176.0
0.0,9692.0,3655.0,3526.0,3960.0,4107.0,1378.0,1090.0,1639.0,1177.0,1171.0,1178.0,1199.0,1224.0,1232.0,2644.0,3516.0,3532.0,1378.0,1090.0,1639.0,1177.0,1171.0,1178.0
0.0,9997.0,3636.0,3528.0,4392.0,3359.0,555.0,1142.0,1662.0,1178.0,1171.0,1179.0,1233.0,1212.0,1191.0,3330.0,3594.0,3073.0,555.0,1142.0,1662.0,1178.0,1171.0,1179.0
0.0,10753.0,3643.0,3531.0,4107.0,2907.0,370.0,1304.0,1233.0,1178.0,1173.0,1180.0,1193.0,1244.0,1206.0,4157.0,3542.0,3054.0,370.0,1304.0,1233.0,1178.0,1173.0,1180.0
0.0,11217.0,3604.0,3534.0,3359.0,3164.0,1027.0,1375.0,762.0,1179.0,1175.0,1180.0,1208.0,1205.0,1191.0,4342.0,3388.0,3487.0,1027.0,1375.0,762.0,1179.0,1175.0,1180.0
0.0,10972.0,3538.0,3534.0,2907.0,3795.0,1828.0,1256.0,711.0,1179.0,1175.0,1180.0,1171.0,1185.0,1182.0,3689.0,3325.0,3958.0,1828.0,1256.0,711.0,1179.0,1175.0,1180.0
0.0,10341.0,3637.0,3539.0,3164.0,4288.0,2007.0,1121.0,1160.0,1180.0,1177.0,1182.0,1202.0,1232.0,1203.0,2888.0,3444.0,4009.0,2007.0,1121.0,1160.0,1180.0,1177.0,1182.0
0.0,9868.0,3539.0,3540.0,3795.0,4036.0,1353.0,1066.0,1617.0,1180.0,1178.0,1182.0,1174.0,1197.0,1168.0,2713.0,3587.0,3568.0,1353.0,1066.0,1617.0,1180.0,1178.0,1182.0
0.0,10124.0,3554.0,3540.0,4288.0,3302.0,512.0,1140.0,1650.0,1180.0,1178.0,1182.0,1166.0,1195.0,1193.0,3367.0,3646.0,3111.0,512.0,1140.0,1650.0,1180.0,1178.0,1182.0
0.0,10858.0,3627.0,3541.0,4036.0,2897.0,359.0,1301.0,1237.0,1180.0,1179.0,1182.0,1200.0,1223.0,1204.0,4208.0,3572.0,3078.0,359.0,1301.0,1237.0,1180.0,1179.0,1182.0
0.0,11267.0,3599.0,3543.0,3302.0,3202.0,1043.0,1369.0,790.0,1180.0,1180.0,1183.0,1196.0,1204.0,1199.0,4361.0,3415.0,3491.0,1043.0,1369.0,790.0,1180.0,1180.0,1183.0
0.0,10970.0,3599.0,3543.0,2897.0,3904.0,1886.0,1274.0,744.0,1181.0,1180.0,1182.0,1198.0,1206.0,1195.0,3677.0,3351.0,3942.0,1886.0,1274.0,744.0,1181.0,1180.0,1182.0
0.0,10268.0,3617.0,3547.0,3202.0,4335.0,2030.0,1120.0,1185.0,1182.0,1181.0,1184.0,1183.0,1211.0,1223.0,2838.0,3446.0,3984.0,2030.0,1120.0,1185.0,1182.0,1181.0,1184.0
0.0,9853.0,3544.0,3548.0,3904.0,3979.0,1319.0,1036.0,1624.0,1182.0,1182.0,1184.0,1175.0,1186.0,1183.0,2698.0,3604.0,3551.0,1319.0,1036.0,1624.0,1182.0,1182.0,1184.0
0.0,10213.0,3475.0,3548.0,4335.0,3119.0,452.0,1045.0,1622.0,1183.0,1181.0,1184.0,1159.0,1133.0,1183.0,3409.0,3692.0,3112.0,452.0,1045.0,1622.0,1183.0,1181.0,1184.0
0.0,11073.0,3558.0,3549.0,3979.0,2702.0,310.0,1188.0,1204.0,1183.0,1181.0,1185.0,1177.0,1179.0,1202.0,4280.0,3679.0,3114.0,310.0,1188.0,1204.0,1183.0,1181.0,1185.0
0.0,11494.0,3458.0,3546.0,3119.0,3029.0,1014.0,1274.0,741.0,1182.0,1180.0,1184.0,1160.0,1135.0,1163.0,4422.0,3536.0,3536.0,1014.0,1274.0,741.0,1182.0,1180.0,1184.0
0.0,11155.0,3476.0,3545.0,2702.0,3799.0,1866.0,1234.0,699.0,1182.0,1179.0,1184.0,1162.0,1152.0,1162.0,3714.0,3446.0,3995.0,1866.0,1234.0,699.0,1182.0,1179.0,1184.0
0.0,10381.0,3587.0,3547.0,3029.0,4365.0,2066.0,1153.0,1146.0,1184.0,1179.0,1184.0,1206.0,1193.0,1188.0,2862.0,3482.0,4037.0,2066.0,1153.0,1146.0,1184.0,1179.0,1184.0
0.0,9823.0,3561.0,3549.0,3799.0,4135.0,1401.0,1091.0,1643.0,1185.0,1179.0,1185.0,1197.0,1172.0,1192.0,2670.0,3563.0,3590.0,1401.0,1091.0,1643.0,1185.0,1179.0,1185.0
0.0,10061.0,3601.0,3549.0,4365.0,3371.0,537.0,1137.0,1697.0,1185.0,1179.0,1185.0,1202.0,1199.0,1200.0,3339.0,3625.0,3097.0,537.0,1137.0,1697.0,1185.0,1179.0,1185.0
0.0,10825.0,3517.0,3548.0,4135.0,2749.0,327.0,1210.0,1212.0,1185.0,1179.0,1184.0,1191.0,1164.0,1162.0,4203.0,3579.0,3043.0,327.0,1210.0,1212.0,1185.0,1179.0,1184.0
0.0,11443.0,3576.0,3550.0,3371.0,2962.0,1007.0,1221.0,734.0,1186.0,1179.0,1185.0,1213.0,1148.0,1215.0,4413.0,3506.0,3524.0,1007.0,1221.0,734.0,1186.0,1179.0,1185.0
0.0,11238.0,3495.0,3550.0,2749.0,3708.0,1861.0,1153.0,694.0,1187.0,1178.0,1185.0,1177.0,1146.0,1172.0,3737.0,3495.0,4006.0,1861.0,1153.0,694.0,1187.0,1178.0,1185.0
0.0,10492.0,3493.0,3550.0,2962.0,4239.0,2028.0,1074.0,1137.0,1187.0,1178.0,1185.0,1174.0,1142.0,1177.0,2887.0,3559.0,4046.0,2028.0,1074.0,1137.0,1187.0,1178.0,1185.0
0.0,9961.0,3547.0,3551.0,3708.0,4082.0,1365.0,1096.0,1621.0,1187.0,1178.0,1186.0,1198.0,1175.0,1174.0,2720.0,3638.0,3603.0,1365.0,1096.0,1621.0,1187.0,1178.0,1186.0
0.0,10122.0,3544.0,3553.0,4239.0,3395.0,534.0,1195.0,1666.0,1188.0,1179.0,1186.0,1193.0,1169.0,1182.0,3383.0,3616.0,3123.0,534.0,1195.0,1666.0,1188.0,1179.0,1186.0
0.0,10817.0,3626.0,3553.0,4082.0,2939.0,387.0,1295.0,1257.0,1188.0,1179.0,1186.0,1218.0,1196.0,1212.0,4218.0,3521.0,3078.0,387.0,1295.0,1257.0,1188.0,1179.0,1186.0
0.0,11273.0,3569.0,3553.0,3395.0,3113.0,1047.0,1280.0,786.0,1188.0,1178.0,1187.0,1194.0,1184.0,1191.0,4365.0,3421.0,3487.0,1047.0,1280.0,786.0,1188.0,1178.0,1187.0
0.0,11099.0,3591.0,3555.0,2939.0,3773.0,1867.0,1174.0,732.0,1189.0,1179.0,1187.0,1203.0,1185.0,1203.0,3705.0,3432.0,3962.0,1867.0,1174.0,732.0,1189.0,1179.0,1187.0
0.0,10447.0,3476.0,3554.0,3113.0,4132.0,1962.0,1037.0,1133.0,1188.0,1179.0,1187.0,1146.0,1143.0,1187.0,2889.0,3542.0,4016.0,1962.0,1037.0,1133.0,1188.0,1179.0,1187.0
0.0,10084.0,3534.0,3554.0,3773.0,3893.0,1263.0,1045.0,1585.0,1188.0,1179.0,1187.0,1168.0,1182.0,1184.0,2790.0,3679.0,3615.0,1263.0,1045.0,1585.0,1188.0,1179.0,1187.0
0.0,10323.0,3601.0,3554.0,4132.0,3362.0,488.0,1210.0,1664.0,1188.0,1179.0,1187.0,1187.0,1202.0,1212.0,3489.0,3671.0,3163.0,488.0,1210.0,1664.0,1188.0,1179.0,1187.0
0.0,10854.0,3499.0,3555.0,3893.0,2972.0,367.0,1356.0,1249.0,1188.0,1180.0,1187.0,1142.0,1187.0,1170.0,4264.0,3506.0,3084.0,367.0,1356.0,1249.0,1188.0,1180.0,1187.0
0.0,11248.0,3524.0,3555.0,3362.0,3134.0,1028.0,1323.0,783.0,1188.0,1180.0,1187.0,1149.0,1177.0,1198.0,4385.0,3364.0,3499.0,1028.0,1323.0,783.0,1188.0,1180.0,1187.0
0.0,11086.0,3597.0,3558.0,2972.0,3771.0,1862.0,1205.0,704.0,1189.0,1182.0,1187.0,1197.0,1230.0,1170.0,3724.0,3397.0,3965.0,1862.0,1205.0,704.0,1189.0,1182.0,1187.0
0.0,10461.0,3614.0,3560.0,3134.0,4259.0,2008.0,1110.0,1141.0,1189.0,1183.0,1188.0,1174.0,1224.0,1216.0,2894.0,3523.0,4044.0,2008.0,1110.0,1141.0,1189.0,1183.0,1188.0
0.0,9981.0,3551.0,3562.0,3771.0,4047.0,1310.0,1123.0,1614.0,1189.0,1185.0,1188.0,1164.0,1210.0,1177.0,2748.0,3622.0,3611.0,1310.0,1123.0,1614.0,1189.0,1185.0,1188.0
0.0,10201.0,3496.0,3562.0,4259.0,3284.0,450.0,1183.0,1651.0,1189.0,1185.0,1188.0,1148.0,1170.0,1178.0,3446.0,3617.0,3138.0,450.0,1183.0,1651.0,1189.0,1185.0,1188.0
0.0,10964.0,3572.0,3563.0,4047.0,2813.0,344.0,1246.0,1223.0,1189.0,1186.0,1188.0,1204.0,1182.0,1186.0,4306.0,3557.0,3101.0,344.0,1246.0,1223.0,1189.0,1186.0,1188.0
0.0,11439.0,3609.0,3567.0,3284.0,3154.0,1102.0,1276.0,776.0,1191.0,1187.0,1189.0,1200.0,1209.0,1200.0,4412.0,3498.0,3529.0,1102.0,1276.0,776.0,1191.0,1187.0,1189.0
0.0,11114.0,3591.0,3567.0,2813.0,3932.0,1948.0,1255.0,729.0,1190.0,1188.0,1189.0,1194.0,1221.0,1176.0,3662.0,3472.0,3980.0,1948.0,1255.0,729.0,1190.0,1188.0,1189.0
0.0,10336.0,3666.0,3568.0,3154.0,4448.0,2060.0,1230.0,1158.0,1190.0,1189.0,1189.0,1214.0,1247.0,1205.0,2812.0,3497.0,4027.0,2060.0,1230.0,1158.0,1190.0,1189.0,1189.0
0.0,9824.0,3537.0,3568.0,3932.0,4053.0,1282.0,1152.0,1619.0,1190.0,1189.0,1189.0,1170.0,1177.0,1190.0,2700.0,3526.0,3598.0,1282.0,1152.0,1619.0,1190.0,1189.0,1189.0
0.0,10219.0,3698.0,3571.0,4448.0,3315.0,443.0,1187.0,1685.0,1190.0,1191.0,1190.0,1221.0,1257.0,1220.0,3478.0,3604.0,3137.0,443.0,1187.0,1685.0,1190.0,1191.0,1190.0
0.0,10969.0,3525.0,3570.0,4053.0,2783.0,339.0,1208.0,1236.0,1190.0,1191.0,1189.0,1178.0,1173.0,1174.0,4317.0,3577.0,3075.0,339.0,1208.0,1236.0,1190.0,1191.0,1189.0
0.0,11497.0,3666.0,3572.0,3315.0,3142.0,1134.0,1243.0,765.0,1190.0,1192.0,1190.0,1238.0,1218.0,1210.0,4421.0,3556.0,3520.0,1134.0,1243.0,765.0,1190.0,1192.0,1190.0
0.0,11146.0,3564.0,3572.0,2783.0,3923.0,2006.0,1222.0,695.0,1190.0,1192.0,1190.0,1211.0,1187.0,1166.0,3626.0,3525.0,3995.0,2006.0,1222.0,695.0,1190.0,1192.0,1190.0
0.0,10365.0,3706.0,3575.0,3142.0,4499.0,2122.0,1218.0,1159.0,1191.0,1193.0,1191.0,1246.0,1235.0,1225.0,2754.0,3546.0,4065.0,2122.0,1218.0,1159.0,1191.0,1193.0,1191.0
0.0,9801.0,3688.0,3576.0,3923.0,4268.0,1376.0,1207.0,1685.0,1192.0,1193.0,1191.0,1256.0,1211.0,1221.0,2642.0,3554.0,3605.0,1376.0,1207.0,1685.0,1192.0,1193.0,1191.0
0.0,10036.0,3705.0,3576.0,4499.0,3474.0,496.0,1224.0,1754.0,1192.0,1193.0,1191.0,1242.0,1235.0,1228.0,3392.0,3565.0,3079.0,496.0,1224.0,1754.0,1192.0,1193.0,1191.0
0.0,10830.0,3686.0,3579.0,4268.0,2904.0,372.0,1235.0,1297.0,1193.0,1194.0,1192.0,1248.0,1214.0,1224.0,4272.0,3548.0,3010.0,372.0,1235.0,1297.0,1193.0,1194.0,1192.0
0.0,11412.0,3722.0,3583.0,3474.0,3168.0,1128.0,1255.0,785.0,1194.0,1195.0,1194.0,1248.0,1240.0,1234.0,4400.0,3541.0,3471.0,1128.0,1255.0,785.0,1194.0,1195.0,1194.0
0.0,11164.0,3616.0,3582.0,2904.0,3876.0,1955.0,1222.0,699.0,1194.0,1194.0,1194.0,1199.0,1206.0,1211.0,3648.0,3525.0,3991.0,1955.0,1222.0,699.0,1194.0,1194.0,1194.0
0.0,10452.0,3611.0,3581.0,3168.0,4315.0,2038.0,1159.0,1118.0,1193.0,1194.0,1194.0,1215.0,1192.0,1204.0,2821.0,3554.0,4077.0,2038.0,1159.0,1118.0,1193.0,1194.0,1194.0
0.0,10009.0,3719.0,3583.0,3876.0,4166.0,1315.0,1171.0,1680.0,1194.0,1194.0,1195.0,1228.0,1234.0,1257.0,2734.0,3617.0,3658.0,1315.0,1171.0,1680.0,1194.0,1194.0,1195.0
0.0,10166.0,3667.0,3584.0,4315.0,3522.0,512.0,1224.0,1786.0,1194.0,1194.0,1196.0,1235.0,1212.0,1220.0,3461.0,3605.0,3100.0,512.0,1224.0,1786.0,1194.0,1194.0,1196.0
0.0,10814.0,3542.0,3585.0,4166.0,2902.0,379.0,1220.0,1303.0,1195.0,1194.0,1196.0,1178.0,1167.0,1197.0,4264.0,3552.0,2998.0,379.0,1220.0,1303.0,1195.0,1194.0,1196.0
0.0,11438.0,3680.0,3585.0,3522.0,3060.0,1104.0,1187.0,769.0,1195.0,1193.0,1197.0,1237.0,1195.0,1248.0,4401.0,3556.0,3481.0,1104.0,1187.0,769.0,1195.0,1193.0,1197.0
0.0,11280.0,3728.0,3589.0,2902.0,3902.0,1975.0,1207.0,720.0,1197.0,1194.0,1198.0,1242.0,1236.0,1250.0,3676.0,3585.0,4019.0,1975.0,1207.0,720.0,1197.0,1194.0,1198.0
0.0,10454.0,3606.0,3590.0,3060.0,4452.0,2051.0,1221.0,1180.0,1197.0,1194.0,1199.0,1180.0,1201.0,1225.0,2813.0,3569.0,4072.0,2051.0,1221.0,1180.0,1197.0,1194.0,1199.0
0.0,9908.0,3649.0,3590.0,3902.0,4199.0,1254.0,1237.0,1708.0,1196.0,1194.0,1200.0,1182.0,1223.0,1244.0,2737.0,3555.0,3616.0,1254.0,1237.0,1708.0,1196.0,1194.0,1200.0
0.0,10161.0,3544.0,3589.0,4452.0,3287.0,376.0,1184.0,1727.0,1196.0,1193.0,1200.0,1173.0,1172.0,1199.0,3530.0,3539.0,3092.0,376.0,1184.0,1727.0,1196.0,1193.0,1200.0
0.0,11069.0,3769.0,3592.0,4199.0,2869.0,377.0,1195.0,1297.0,1197.0,1194.0,1201.0,1251.0,1244.0,1274.0,4408.0,3588.0,3073.0,377.0,1195.0,1297.0,1197.0,1194.0,1201.0
0.0,11499.0,3656.0,3592.0,3287.0,3238.0,1204.0,1230.0,804.0,1197.0,1194.0,1201.0,1203.0,1219.0,1234.0,4411.0,3581.0,3507.0,1204.0,1230.0,804.0,1197.0,1194.0,1201.0
0.0,11130.0,3745.0,3596.0,2869.0,4130.0,2061.0,1272.0,797.0,1198.0,1195.0,1203.0,1230.0,1233.0,1282.0,3584.0,3546.0,4000.0,2061.0,1272.0,797.0,1198.0,1195.0,1203.0
0.0,10254.0,3692.0,3601.0,3238.0,4604.0,2086.0,1284.0,1234.0,1200.0,1197.0,1204.0,1221.0,1234.0,1237.0,2731.0,3508.0,4015.0,2086.0,1284.0,1234.0,1200.0,1197.0,1204.0
0.0,9800.0,3661.0,3604.0,4130.0,4147.0,1251.0,1228.0,1668.0,1201.0,1198.0,1205.0,1222.0,1212.0,1227.0,2714.0,3504.0,3582.0,1251.0,1228.0,1668.0,1201.0,1198.0,1205.0
0.0,10269.0,3662.0,3607.0,4604.0,3217.0,383.0,1169.0,1665.0,1202.0,1199.0,1206.0,1214.0,1221.0,1227.0,3553.0,3564.0,3152.0,383.0,1169.0,1665.0,1202.0,1199.0,1206.0
0.0,11211.0,3610.0,3609.0,4147.0,2688.0,334.0,1140.0,1214.0,1202.0,1200.0,1207.0,1202.0,1195.0,1213.0,4425.0,3627.0,3159.0,334.0,1140.0,1214.0,1202.0,1200.0,1207.0
0.0,11748.0,3603.0,3609.0,3217.0,3074.0,1150.0,1166.0,758.0,1202.0,1200.0,1207.0,1199.0,1195.0,1209.0,4474.0,3660.0,3614.0,1150.0,1166.0,758.0,1202.0,1200.0,1207.0
0.0,11362.0,3731.0,3613.0,2688.0,4133.0,2053.0,1294.0,786.0,1203.0,1202.0,1208.0,1233.0,1260.0,1238.0,3658.0,3634.0,4070.0,2053.0,1294.0,786.0,1203.0,1202.0,1208.0
0.0,10319.0,3482.0,3611.0,3074.0,4533.0,2053.0,1285.0,1195.0,1202.0,1201.0,1208.0,1154.0,1161.0,1167.0,2759.0,3514.0,4046.0,2053.0,1285.0,1195.0,1202.0,1201.0,1208.0
0.0,9911.0,3602.0,3613.0,4133.0,4010.0,1197.0,1191.0,1622.0,1202.0,1202.0,1209.0,1197.0,1196.0,1209.0,2755.0,3519.0,3637.0,1197.0,1191.0,1622.0,1202.0,1202.0,1209.0
0.0,10442.0,3598.0,3613.0,4533.0,3075.0,342.0,1106.0,1627.0,1202.0,1203.0,1208.0,1198.0,1196.0,1204.0,3611.0,3617.0,3214.0,342.0,1106.0,1627.0,1202.0,1203.0,1208.0
0.0,11377.0,3520.0,3613.0,4010.0,2585.0,333.0,1077.0,1175.0,1202.0,1203.0,1208.0,1188.0,1162.0,1170.0,4466.0,3706.0,3205.0,333.0,1077.0,1175.0,1202.0,1203.0,1208.0
0.0,11867.0,3770.0,3619.0,3075.0,3304.0,1253.0,1252.0,799.0,1204.0,1205.0,1210.0,1254.0,1273.0,1243.0,4475.0,3735.0,3657.0,1253.0,1252.0,799.0,1204.0,1205.0,1210.0
0.0,11172.0,3703.0,3622.0,2585.0,4434.0,2131.0,1447.0,856.0,1204.0,1207.0,1211.0,1211.0,1264.0,1228.0,3563.0,3568.0,4041.0,2131.0,1447.0,856.0,1204.0,1207.0,1211.0
0.0,10054.0,3610.0,3623.0,3304.0,4744.0,2088.0,1416.0,1240.0,1204.0,1208.0,1211.0,1210.0,1217.0,1183.0,2685.0,3381.0,3988.0,2088.0,1416.0,1240.0,1204.0,1208.0,1211.0
0.0,9748.0,3636.0,3623.0,4434.0,3946.0,1166.0,1207.0,1573.0,1204.0,1209.0,1210.0,1209.0,1234.0,1193.0,2728.0,3416.0,3604.0,1166.0,1207.0,1573.0,1204.0,1209.0,1210.0
0.0,10546.0,3582.0,3624.0,4744.0,2788.0,266.0,982.0,1540.0,1204.0,1209.0,1211.0,1188.0,1191.0,1203.0,3650.0,3629.0,3267.0,266.0,982.0,1540.0,1204.0,1209.0,1211.0
0.0,11708.0,3620.0,3624.0,3946.0,2462.0,300.0,1000.0,1162.0,1204.0,1210.0,1210.0,1200.0,1221.0,1199.0,4550.0,3854.0,3304.0,300.0,1000.0,1162.0,1204.0,1210.0,1210.0
0.0,12034.0,3739.0,3630.0,2788.0,3437.0,1290.0,1276.0,871.0,1206.0,1212.0,1212.0,1248.0,1250.0,1241.0,4516.0,3840.0,3678.0,1290.0,1276.0,871.0,1206.0,1212.0,1212.0
0.0,11083.0,3701.0,3631.0,2462.0,4680.0,2243.0,1499.0,938.0,1207.0,1212.0,1212.0,1249.0,1223.0,1229.0,3534.0,3572.0,3977.0,2243.0,1499.0,938.0,1207.0,1212.0,1212.0
0.0,9844.0,3498.0,3631.0,3437.0,4741.0,2120.0,1381.0,1240.0,1207.0,1212.0,1212.0,1167.0,1158.0,1173.0,2585.0,3349.0,3910.0,2120.0,1381.0,1240.0,1207.0,1212.0,1212.0
0.0,9783.0,3667.0,3633.0,4680.0,3736.0,1101.0,1108.0,1527.0,1208.0,1212.0,1213.0,1220.0,1226.0,1221.0,2708.0,3467.0,3608.0,1101.0,1108.0,1527.0,1208.0,1212.0,1213.0
0.0,10796.0,3559.0,3635.0,4741.0,2562.0,151.0,925.0,1486.0,1209.0,1213.0,1213.0,1166.0,1194.0,1199.0,3731.0,3740.0,3325.0,151.0,925.0,1486.0,1209.0,1213.0,1213.0
0.0,11978.0,3542.0,3633.0,3736.0,2360.0,214.0,1012.0,1134.0,1208.0,1212.0,1213.0,1168.0,1199.0,1175.0,4685.0,3927.0,3366.0,214.0,1012.0,1134.0,1208.0,1212.0,1213.0
0.0,12172.0,3582.0,3632.0,2562.0,3376.0,1243.0,1301.0,832.0,1208.0,1212.0,1212.0,1180.0,1214.0,1188.0,4618.0,3836.0,3718.0,1243.0,1301.0,832.0,1208.0,1212.0,1212.0
0.0,11152.0,3664.0,3634.0,2360.0,4688.0,2254.0,1525.0,909.0,1209.0,1212.0,1213.0,1221.0,1236.0,1207.0,3589.0,3547.0,4016.0,2254.0,1525.0,909.0,1209.0,1212.0,1213.0
0.0,9848.0,3612.0,3637.0,3376.0,4936.0,2228.0,1417.0,1291.0,1211.0,1213.0,1213.0,1209.0,1189.0,1214.0,2582.0,3323.0,3943.0,2228.0,1417.0,1291.0,1211.0,1213.0,1213.0
0.0,9612.0,3633.0,3639.0,4688.0,3889.0,1174.0,1124.0,1591.0,1211.0,1214.0,1214.0,1200.0,1228.0,1205.0,2616.0,3435.0,3561.0,1174.0,1124.0,1591.0,1211.0,1214.0,1214.0
0.0,10667.0,3696.0,3640.0,4936.0,2653.0,162.0,947.0,1544.0,1211.0,1214.0,1215.0,1216.0,1240.0,1240.0,3670.0,3732.0,3265.0,162.0,947.0,1544.0,1211.0,1214.0,1215.0
0.0,11907.0,3651.0,3640.0,3889.0,2415.0,208.0,1046.0,1161.0,1211.0,1214.0,1215.0,1220.0,1223.0,1208.0,4682.0,3909.0,3316.0,208.0,1046.0,1161.0,1211.0,1214.0,1215.0
0.0,12145.0,3710.0,3642.0,2653.0,3480.0,1280.0,1347.0,853.0,1212.0,1214.0,1216.0,1230.0,1248.0,1232.0,4636.0,3810.0,3699.0,1280.0,1347.0,853.0,1212.0,1214.0,1216.0
0.0,11088.0,3619.0,3644.0,2415.0,4692.0,2300.0,1517.0,875.0,1213.0,1215.0,1216.0,1224.0,1212.0,1183.0,3568.0,3509.0,4011.0,2300.0,1517.0,875.0,1213.0,1215.0,1216.0
0.0,9884.0,3705.0,3644.0,3480.0,4917.0,2255.0,1416.0,1246.0,1213.0,1215.0,1216.0,1235.0,1246.0,1224.0,2552.0,3343.0,3989.0,2255.0,1416.0,1246.0,1213.0,1215.0,1216.0
0.0,9659.0,3565.0,3644.0,4692.0,3790.0,1156.0,1078.0,1556.0,1213.0,1215.0,1216.0,1201.0,1179.0,1185.0,2597.0,3444.0,3618.0,1156.0,1078.0,1556.0,1213.0,1215.0,1216.0
0.0,10786.0,3718.0,3645.0,4917.0,2595.0,144.0,885.0,1566.0,1213.0,1215.0,1217.0,1243.0,1223.0,1252.0,3696.0,3782.0,3308.0,144.0,885.0,1566.0,1213.0,1215.0,1217.0
0.0,11985.0,3568.0,3644.0,3790.0,2369.0,195.0,968.0,1206.0,1213.0,1214.0,1217.0,1207.0,1165.0,1196.0,4708.0,3975.0,3302.0,195.0,968.0,1206.0,1213.0,1214.0,1217.0
0.0,12207.0,3721.0,3646.0,2595.0,3503.0,1308.0,1307.0,888.0,1214.0,1214.0,1218.0,1253.0,1224.0,1244.0,4657.0,3888.0,3662.0,1308.0,1307.0,888.0,1214.0,1214.0,1218.0
0.0,11081.0,3702.0,3646.0,2369.0,4836.0,2377.0,1553.0,906.0,1214.0,1214.0,1218.0,1264.0,1214.0,1224.0,3548.0,3549.0,3984.0,2377.0,1553.0,906.0,1214.0,1214.0,1218.0
0.0,9748.0,3690.0,3646.0,3503.0,5023.0,2317.0,1453.0,1253.0,1214.0,1214.0,1218.0,1248.0,1207.0,1235.0,2479.0,3303.0,3966.0,2317.0,1453.0,1253.0,1214.0,1214.0,1218.0
0.0,9561.0,3710.0,3646.0,4836.0,3897.0,1178.0,1138.0,1581.0,1214.0,1214.0,1218.0,1238.0,1238.0,1234.0,2539.0,3403.0,3619.0,1178.0,1138.0,1581.0,1214.0,1214.0,1218.0
0.0,10687.0,3773.0,3648.0,5023.0,2655.0,105.0,954.0,1596.0,1214.0,1215.0,1219.0,1244.0,1265.0,1264.0,3678.0,3718.0,3291.0,105.0,954.0,1596.0,1214.0,1215.0,1219.0
0.0,11937.0,3754.0,3649.0,3897.0,2516.0,176.0,1058.0,1282.0,1214.0,1215.0,1220.0,1249.0,1242.0,1263.0,4751.0,3906.0,3280.0,176.0,1058.0,1282.0,1214.0,1215.0,1220.0
0.0,12080.0,3732.0,3652.0,2655.0,3605.0,1313.0,1374.0,918.0,1215.0,1217.0,1220.0,1238.0,1262.0,1232.0,4680.0,3802.0,3598.0,1313.0,1374.0,918.0,1215.0,1217.0,1220.0
0.0,11003.0,3775.0,3652.0,2516.0,4864.0,2387.0,1567.0,910.0,1215.0,1217.0,1220.0,1250.0,1251.0,1274.0,3547.0,3494.0,3962.0,2387.0,1567.0,910.0,1215.0,1217.0,1220.0
0.0,9744.0,3836.0,3656.0,3605.0,5111.0,2370.0,1486.0,1255.0,1216.0,1219.0,1221.0,1292.0,1285.0,1259.0,2473.0,3301.0,3970.0,2370.0,1486.0,1255.0,1216.0,1219.0,1221.0
0.0,9513.0,3734.0,3659.0,4864.0,3993.0,1217.0,1179.0,1597.0,1217.0,1220.0,1222.0,1230.0,1256.0,1248.0,2494.0,3390.0,3629.0,1217.0,1179.0,1597.0,1217.0,1220.0,1222.0
0.0,10643.0,3758.0,3661.0,5111.0,2648.0,78.0,979.0,1591.0,1217.0,1222.0,1222.0,1231.0,1278.0,1249.0,3651.0,3701.0,3291.0,78.0,979.0,1591.0,1217.0,1222.0,1222.0
0.0,11996.0,3764.0,3662.0,3993.0,2423.0,92.0,1066.0,1265.0,1217.0,1222.0,1223.0,1231.0,1266.0,1267.0,4790.0,3909.0,3297.0,92.0,1066.0,1265.0,1217.0,1222.0,1223.0
0.0,12225.0,3778.0,3665.0,2648.0,3565.0,1258.0,1371.0,936.0,1218.0,1224.0,1223.0,1240.0,1276.0,1262.0,4776.0,3822.0,3627.0,1258.0,1371.0,936.0,1218.0,1224.0,1223.0
0.0,11095.0,3651.0,3666.0,2423.0,4797.0,2371.0,1538.0,888.0,1219.0,1224.0,1223.0,1201.0,1233.0,1217.0,3614.0,3525.0,3956.0,2371.0,1538.0,888.0,1219.0,1224.0,1223.0
0.0,9867.0,3672.0,3667.0,3565.0,4908.0,2320.0,1401.0,1187.0,1219.0,1225.0,1223.0,1207.0,1230.0,1235.0,2505.0,3358.0,4004.0,2320.0,1401.0,1187.0,1219.0,1225.0,1223.0
0.0,9760.0,3819.0,3670.0,4797.0,3942.0,1221.0,1140.0,1581.0,1220.0,1226.0,1224.0,1268.0,1273.0,1278.0,2556.0,3499.0,3705.0,1221.0,1140.0,1581.0,1220.0,1226.0,1224.0
0.0,10738.0,3717.0,3670.0,4908.0,2751.0,120.0,975.0,1656.0,1220.0,1226.0,1224.0,1219.0,1236.0,1262.0,3659.0,3764.0,3315.0,120.0,975.0,1656.0,1220.0,1226.0,1224.0
0.0,11929.0,3670.0,3668.0,3942.0,2471.0,100.0,1073.0,1298.0,1219.0,1226.0,1223.0,1205.0,1238.0,1227.0,4760.0,3929.0,3240.0,100.0,1073.0,1298.0,1219.0,1226.0,1223.0
0.0,12201.0,3800.0,3671.0,2751.0,3532.0,1238.0,1384.0,910.0,1220.0,1227.0,1224.0,1254.0,1282.0,1264.0,4776.0,3831.0,3594.0,1238.0,1384.0,910.0,1220.0,1227.0,1224.0
0.0,11152.0,3705.0,3672.0,2471.0,4770.0,2355.0,1550.0,865.0,1220.0,1228.0,1224.0,1217.0,1235.0,1253.0,3642.0,3524.0,3986.0,2355.0,1550.0,865.0,1220.0,1228.0,1224.0
0.0,9918.0,3683.0,3672.0,3532.0,4921.0,2343.0,1402.0,1176.0,1220.0,1228.0,1224.0,1226.0,1236.0,1221.0,2525.0,3362.0,4031.0,2343.0,1402.0,1176.0,1220.0,1228.0,1224.0
0.0,9767.0,3815.0,3676.0,4770.0,3982.0,1266.0,1132.0,1584.0,1222.0,1229.0,1225.0,1270.0,1276.0,1269.0,2537.0,3510.0,3720.0,1266.0,1132.0,1584.0,1222.0,1229.0,1225.0
0.0,10722.0,3732.0,3678.0,4921.0,2801.0,166.0,969.0,1666.0,1222.0,1230.0,1226.0,1243.0,1235.0,1254.0,3622.0,3784.0,3316.0,166.0,969.0,1666.0,1222.0,1230.0,1226.0
0.0,11911.0,3841.0,3680.0,3982.0,2668.0,190.0,1116.0,1362.0,1223.0,1230.0,1227.0,1286.0,1279.0,1276.0,4722.0,3951.0,3238.0,190.0,1116.0,1362.0,1223.0,1230.0,1227.0
0.0,12052.0,3663.0,3685.0,2801.0,3550.0,1254.0,1375.0,921.0,1225.0,1232.0,1228.0,1222.0,1220.0,1221.0,4702.0,3804.0,3546.0,1254.0,1375.0,921.0,1225.0,1232.0,1228.0
0.0,11190.0,3763.0,3687.0,2668.0,4653.0,2327.0,1523.0,803.0,1226.0,1233.0,1228.0,1259.0,1260.0,1244.0,3646.0,3553.0,3991.0,2327.0,1523.0,803.0,1226.0,1233.0,1228.0
0.0,10095.0,3638.0,3688.0,3550.0,4745.0,2327.0,1332.0,1086.0,1227.0,1233.0,1228.0,1250.0,1184.0,1204.0,2577.0,3409.0,4109.0,2327.0,1332.0,1086.0,1227.0,1233.0,1228.0
0.0,10007.0,3726.0,3691.0,4653.0,3830.0,1258.0,1058.0,1514.0,1228.0,1234.0,1229.0,1254.0,1245.0,1227.0,2581.0,3600.0,3826.0,1258.0,1058.0,1514.0,1228.0,1234.0,1229.0
0.0,10934.0,3761.0,3692.0,4745.0,2850.0,212.0,957.0,1681.0,1229.0,1233.0,1230.0,1277.0,1235.0,1249.0,3654.0,3878.0,3402.0,212.0,957.0,1681.0,1229.0,1233.0,1230.0
0.0,11918.0,3634.0,3690.0,3830.0,2646.0,184.0,1084.0,1378.0,1229.0,1232.0,1229.0,1230.0,1189.0,1215.0,4704.0,3975.0,3239.0,184.0,1084.0,1378.0,1229.0,1232.0,1229.0
0.0,12114.0,3785.0,3693.0,2850.0,3593.0,1258.0,1399.0,936.0,1230.0,1233.0,1230.0,1282.0,1268.0,1235.0,4732.0,3844.0,3538.0,1258.0,1399.0,936.0,1230.0,1233.0,1230.0
0.0,11179.0,3634.0,3694.0,2646.0,4585.0,2302.0,1514.0,769.0,1231.0,1232.0,1231.0,1224.0,1203.0,1207.0,3662.0,3533.0,3984.0,2302.0,1514.0,769.0,1231.0,1232.0,1231.0
0.0,10191.0,3755.0,3696.0,3593.0,4755.0,2326.0,1353.0,1076.0,1232.0,1233.0,1231.0,1278.0,1234.0,1243.0,2622.0,3414.0,4155.0,2326.0,1353.0,1076.0,1232.0,1233.0,1231.0
0.0,10029.0,3625.0,3697.0,4585.0,3799.0,1269.0,1045.0,1485.0,1233.0,1233.0,1231.0,1241.0,1206.0,1178.0,2602.0,3579.0,3848.0,1269.0,1045.0,1485.0,1233.0,1233.0,1231.0
0.0,10989.0,3707.0,3696.0,4755.0,2747.0,191.0,931.0,1625.0,1233.0,1233.0,1230.0,1248.0,1239.0,1220.0,3663.0,3887.0,3439.0,191.0,931.0,1625.0,1233.0,1233.0,1230.0
0.0,12037.0,3702.0,3697.0,3799.0,2654.0,165.0,1100.0,1389.0,1233.0,1233.0,1231.0,1243.0,1214.0,1245.0,4741.0,4001.0,3295.0,165.0,1100.0,1389.0,1233.0,1233.0,1231.0
0.0,12134.0,3742.0,3701.0,2747.0,3665.0,1204.0,1424.0,1037.0,1234.0,1234.0,1233.0,1226.0,1251.0,1265.0,4767.0,3832.0,3535.0,1204.0,1424.0,1037.0,1234.0,1234.0,1233.0
0.0,11139.0,3675.0,3701.0,2654.0,4686.0,2262.0,1551.0,873.0,1234.0,1234.0,1233.0,1223.0,1227.0,1225.0,3732.0,3512.0,3895.0,2262.0,1551.0,873.0,1234.0,1234.0,1233.0
0.0,10118.0,3741.0,3704.0,3665.0,4774.0,2322.0,1376.0,1076.0,1236.0,1235.0,1233.0,1256.0,1245.0,1240.0,2674.0,3385.0,4059.0,2322.0,1376.0,1076.0,1236.0,1235.0,1233.0
0.0,10042.0,3670.0,3707.0,4686.0,3770.0,1282.0,1058.0,1430.0,1237.0,1236.0,1234.0,1218.0,1229.0,1223.0,2622.0,3564.0,3856.0,1282.0,1058.0,1430.0,1237.0,1236.0,1234.0
0.0,11058.0,3633.0,3708.0,4774.0,2633.0,177.0,908.0,1548.0,1238.0,1236.0,1234.0,1213.0,1226.0,1194.0,3666.0,3886.0,3506.0,177.0,908.0,1548.0,1238.0,1236.0,1234.0
0.0,12199.0,3559.0,3706.0,3770.0,2414.0,64.0,1046.0,1304.0,1237.0,1235.0,1234.0,1173.0,1200.0,1186.0,4775.0,4036.0,3388.0,64.0,1046.0,1304.0,1237.0,1235.0,1234.0
0.0,12410.0,3721.0,3709.0,2633.0,3514.0,1106.0,1392.0,1016.0,1237.0,1237.0,1235.0,1219.0,1246.0,1256.0,4884.0,3894.0,3632.0,1106.0,1392.0,1016.0,1237.0,1237.0,1235.0
0.0,11322.0,3738.0,3710.0,2414.0,4842.0,2265.0,1614.0,963.0,1237.0,1237.0,1236.0,1223.0,1268.0,1247.0,3842.0,3556.0,3924.0,2265.0,1614.0,963.0,1237.0,1237.0,1236.0
0.0,9998.0,3767.0,3712.0,3514.0,5103.0,2409.0,1503.0,1191.0,1238.0,1238.0,1236.0,1246.0,1277.0,1244.0,2683.0,3334.0,3981.0,2409.0,1503.0,1191.0,1238.0,1238.0,1236.0
0.0,9745.0,3847.0,3715.0,4842.0,4120.0,1432.0,1174.0,1514.0,1239.0,1239.0,1237.0,1284.0,1281.0,1282.0,2543.0,3449.0,3753.0,1432.0,1174.0,1514.0,1239.0,1239.0,1237.0
0.0,10740.0,3772.0,3716.0,5103.0,2793.0,272.0,958.0,1563.0,1239.0,1240.0,1237.0,1249.0,1283.0,1240.0,3524.0,3782.0,3434.0,272.0,958.0,1563.0,1239.0,1240.0,1237.0
0.0,12071.0,3707.0,3719.0,4120.0,2392.0,73.0,1038.0,1281.0,1240.0,1241.0,1238.0,1229.0,1250.0,1228.0,4684.0,4002.0,3385.0,73.0,1038.0,1281.0,1240.0,1241.0,1238.0
0.0,12484.0,3775.0,3720.0,2793.0,3378.0,1049.0,1356.0,973.0,1240.0,1241.0,1239.0,1248.0,1276.0,1251.0,4887.0,3926.0,3671.0,1049.0,1356.0,973.0,1240.0,1241.0,1239.0
0.0,11502.0,3729.0,3723.0,2392.0,4727.0,2244.0,1551.0,932.0,1241.0,1242.0,1240.0,1264.0,1229.0,1236.0,3911.0,3608.0,3983.0,2244.0,1551.0,932.0,1241.0,1242.0,1240.0
0.0,10165.0,3722.0,3724.0,3378.0,5075.0,2424.0,1444.0,1207.0,1241.0,1243.0,1240.0,1229.0,1245.0,1248.0,2720.0,3417.0,4028.0,2424.0,1444.0,1207.0,1241.0,1243.0,1240.0
0.0,9821.0,3718.0,3726.0,4727.0,4074.0,1405.0,1144.0,1525.0,1241.0,1244.0,1241.0,1225.0,1247.0,1246.0,2540.0,3528.0,3753.0,1405.0,1144.0,1525.0,1241.0,1244.0,1241.0
0.0,10830.0,3771.0,3727.0,5075.0,2774.0,234.0,979.0,1561.0,1241.0,1245.0,1241.0,1253.0,1275.0,1243.0,3559.0,3832.0,3439.0,234.0,979.0,1561.0,1241.0,1245.0,1241.0
0.0,12134.0,3796.0,3728.0,4074.0,2500.0,90.0,1104.0,1306.0,1241.0,1246.0,1241.0,1261.0,1265.0,1270.0,4730.0,4001.0,3403.0,90.0,1104.0,1306.0,1241.0,1246.0,1241.0
0.0,12412.0,3907.0,3733.0,2774.0,3653.0,1174.0,1423.0,1056.0,1242.0,1248.0,1243.0,1314.0,1290.0,1303.0,4874.0,3880.0,3658.0,1174.0,1423.0,1056.0,1242.0,1248.0,1243.0
0.0,11279.0,3890.0,3736.0,2500.0,5055.0,2386.0,1617.0,1052.0,1243.0,1249.0,1244.0,1298.0,1294.0,1298.0,3794.0,3569.0,3916.0,2386.0,1617.0,1052.0,1243.0,1249.0,1244.0
0.0,9889.0,3883.0,3738.0,3653.0,5293.0,2497.0,1485.0,1311.0,1244.0,1249.0,1245.0,1281.0,1291.0,1311.0,2586.0,3379.0,3924.0,2497.0,1485.0,1311.0,1244.0,1249.0,1245.0
0.0,9659.0,3762.0,3739.0,5055.0,4004.0,1355.0,1127.0,1522.0,1244.0,1250.0,1245.0,1244.0,1255.0,1263.0,2479.0,3511.0,3669.0,1355.0,1127.0,1522.0,1244.0,1250.0,1245.0
0.0,10952.0,3770.0,3739.0,5293.0,2481.0,128.0,880.0,1473.0,1245.0,1249.0,1245.0,1266.0,1242.0,1262.0,3621.0,3873.0,3458.0,128.0,880.0,1473.0,1245.0,1249.0,1245.0
0.0,12475.0,3816.0,3740.0,4004.0,2297.0,32.0,1042.0,1223.0,1245.0,1250.0,1245.0,1259.0,1285.0,1272.0,4852.0,4116.0,3507.0,32.0,1042.0,1223.0,1245.0,1250.0,1245.0
0.0,12663.0,3799.0,3739.0,2481.0,3611.0,1166.0,1404.0,1041.0,1244.0,1249.0,1246.0,1266.0,1246.0,1287.0,4948.0,3958.0,3757.0,1166.0,1404.0,1041.0,1244.0,1249.0,1246.0
0.0,11345.0,3824.0,3741.0,2297.0,5146.0,2404.0,1638.0,1104.0,1245.0,1249.0,1247.0,1266.0,1276.0,1282.0,3810.0,3592.0,3943.0,2404.0,1638.0,1104.0,1245.0,1249.0,1247.0
0.0,9818.0,3794.0,3742.0,3611.0,5333.0,2504.0,1496.0,1333.0,1246.0,1249.0,1247.0,1262.0,1262.0,1270.0,2576.0,3358.0,3884.0,2504.0,1496.0,1333.0,1246.0,1249.0,1247.0
0.0,9635.0,3763.0,3742.0,5146.0,3950.0,1341.0,1119.0,1490.0,1246.0,1249.0,1247.0,1241.0,1261.0,1261.0,2480.0,3500.0,3655.0,1341.0,1119.0,1490.0,1246.0,1249.0,1247.0
0.0,11018.0,3850.0,3743.0,5333.0,2471.0,92.0,924.0,1455.0,1246.0,1249.0,1248.0,1255.0,1301.0,1294.0,3643.0,3877.0,3498.0,92.0,924.0,1455.0,1246.0,1249.0,1248.0
0.0,12501.0,3822.0,3746.0,3950.0,2355.0,5.0,1080.0,1270.0,1247.0,1250.0,1249.0,1250.0,1271.0,1301.0,4892.0,4072.0,3537.0,5.0,1080.0,1270.0,1247.0,1250.0,1249.0
0.0,12629.0,3794.0,3749.0,2471.0,3690.0,1195.0,1413.0,1082.0,1248.0,1251.0,1250.0,1278.0,1253.0,1263.0,4983.0,3920.0,3726.0,1195.0,1413.0,1082.0,1248.0,1251.0,1250.0
0.0,11306.0,3756.0,3747.0,2355.0,5083.0,2429.0,1589.0,1065.0,1248.0,1250.0,1249.0,1239.0,1260.0,1257.0,3797.0,3591.0,3918.0,2429.0,1589.0,1065.0,1248.0,1250.0,1249.0
0.0,9905.0,3700.0,3747.0,3690.0,5093.0,2463.0,1399.0,1231.0,1248.0,1250.0,1249.0,1229.0,1223.0,1248.0,2563.0,3411.0,3931.0,2463.0,1399.0,1231.0,1248.0,1250.0,1249.0
0.0,9895.0,3746.0,3749.0,5083.0,3764.0,1287.0,1048.0,1429.0,1249.0,1250.0,1250.0,1249.0,1238.0,1259.0,2529.0,3601.0,3765.0,1287.0,1048.0,1429.0,1249.0,1250.0,1250.0
0.0,11232.0,3757.0,3748.0,5093.0,2424.0,81.0,901.0,1442.0,1249.0,1250.0,1249.0,1257.0,1252.0,1248.0,3709.0,3952.0,3571.0,81.0,901.0,1442.0,1249.0,1250.0,1249.0
0.0,12568.0,3771.0,3749.0,3764.0,2435.0,79.0,1089.0,1267.0,1250.0,1250.0,1249.0,1281.0,1236.0,1254.0,4915.0,4099.0,3554.0,79.0,1089.0,1267.0,1250.0,1250.0,1249.0
0.0,12561.0,3722.0,3750.0,2424.0,3737.0,1237.0,1430.0,1070.0,1250.0,1250.0,1250.0,1239.0,1242.0,1241.0,4921.0,3911.0,3729.0,1237.0,1430.0,1070.0,1250.0,1250.0,1250.0
0.0,11263.0,3765.0,3749.0,2435.0,5063.0,2404.0,1609.0,1050.0,1250.0,1250.0,1249.0,1246.0,1268.0,1251.0,3763.0,3570.0,3930.0,2404.0,1609.0,1050.0,1250.0,1250.0,1249.0
0.0,9933.0,3792.0,3751.0,3737.0,5126.0,2445.0,1435.0,1246.0,1251.0,1250.0,1250.0,1274.0,1256.0,1262.0,2596.0,3391.0,3946.0,2445.0,1435.0,1246.0,1251.0,1250.0,1250.0
0.0,9878.0,3824.0,3750.0,5063.0,3883.0,1320.0,1081.0,1482.0,1250.0,1250.0,1250.0,1283.0,1255.0,1286.0,2559.0,3565.0,3754.0,1320.0,1081.0,1482.0,1250.0,1250.0,1250.0
0.0,11117.0,3730.0,3751.0,5126.0,2491.0,154.0,868.0,1469.0,1251.0,1250.0,1250.0,1275.0,1222.0,1233.0,3680.0,3919.0,3518.0,154.0,868.0,1469.0,1251.0,1250.0,1250.0
0.0,12513.0,3759.0,3751.0,3883.0,2367.0,115.0,1020.0,1232.0,1252.0,1249.0,1250.0,1277.0,1237.0,1245.0,4850.0,4132.0,3531.0,115.0,1020.0,1232.0,1252.0,1249.0,1250.0
0.0,12637.0,3783.0,3753.0,2491.0,3667.0,1232.0,1412.0,1023.0,1252.0,1250.0,1251.0,1271.0,1256.0,1256.0,4893.0,3976.0,3768.0,1232.0,1412.0,1023.0,1252.0,1250.0,1251.0
0.0,11345.0,3787.0,3755.0,2367.0,5095.0,2400.0,1657.0,1038.0,1253.0,1251.0,1251.0,1279.0,1261.0,1247.0,3776.0,3588.0,3981.0,2400.0,1657.0,1038.0,1253.0,1251.0,1251.0
0.0,9925.0,3894.0,3757.0,3667.0,5330.0,2480.0,1555.0,1295.0,1253.0,1252.0,1252.0,1312.0,1306.0,1276.0,2612.0,3347.0,3966.0,2480.0,1555.0,1295.0,1253.0,1252.0,1252.0
0.0,9698.0,3851.0,3762.0,5095.0,4106.0,1397.0,1191.0,1518.0,1255.0,1254.0,1253.0,1309.0,1285.0,1257.0,2532.0,3453.0,3713.0,1397.0,1191.0,1518.0,1255.0,1254.0,1253.0
0.0,10942.0,3912.0,3764.0,5330.0,2696.0,221.0,951.0,1524.0,1255.0,1255.0,1254.0,1304.0,1311.0,1297.0,3623.0,3825.0,3494.0,221.0,951.0,1524.0,1255.0,1255.0,1254.0
0.0,12360.0,3736.0,3767.0,4106.0,2338.0,71.0,1011.0,1256.0,1256.0,1256.0,1255.0,1243.0,1247.0,1246.0,4799.0,4069.0,3492.0,71.0,1011.0,1256.0,1256.0,1256.0,1255.0
0.0,12730.0,3777.0,3766.0,2696.0,3415.0,1094.0,1322.0,999.0,1255.0,1256.0,1255.0,1248.0,1262.0,1267.0,4953.0,4013.0,3764.0,1094.0,1322.0,999.0,1255.0,1256.0,1255.0
0.0,11649.0,3854.0,3770.0,2338.0,4947.0,2329.0,1620.0,998.0,1256.0,1258.0,1256.0,1302.0,1301.0,1251.0,3926.0,3702.0,4021.0,2329.0,1620.0,998.0,1256.0,1258.0,1256.0
0.0,10133.0,3861.0,3774.0,3415.0,5409.0,2516.0,1596.0,1297.0,1257.0,1259.0,1258.0,1277.0,1294.0,1290.0,2695.0,3412.0,4026.0,2516.0,1596.0,1297.0,1257.0,1259.0,1258.0
0.0,9687.0,3821.0,3776.0,4947.0,4291.0,1433.0,1288.0,1570.0,1257.0,1261.0,1258.0,1246.0,1304.0,1271.0,2512.0,3440.0,3735.0,1433.0,1288.0,1570.0,1257.0,1261.0,1258.0
0.0,10813.0,3830.0,3779.0,5409.0,2724.0,186.0,986.0,1552.0,1258.0,1262.0,1259.0,1265.0,1290.0,1275.0,3595.0,3756.0,3462.0,186.0,986.0,1552.0,1258.0,1262.0,1259.0
0.0,12392.0,3848.0,3781.0,4291.0,2289.0,5.0,1022.0,1262.0,1258.0,1263.0,1260.0,1252.0,1320.0,1276.0,4846.0,4062.0,3484.0,5.0,1022.0,1262.0,1258.0,1263.0,1260.0
0.0,12835.0,3692.0,3780.0,2724.0,3253.0,1051.0,1267.0,935.0,1258.0,1263.0,1259.0,1232.0,1231.0,1229.0,5027.0,4030.0,3778.0,1051.0,1267.0,935.0,1258.0,1263.0,1259.0
0.0,11867.0,3786.0,3782.0,2289.0,4758.0,2293.0,1543.0,922.0,1258.0,1264.0,1260.0,1247.0,1294.0,1245.0,3981.0,3785.0,4101.0,2293.0,1543.0,922.0,1258.0,1264.0,1260.0
0.0,10370.0,3826.0,3785.0,3253.0,5343.0,2506.0,1564.0,1273.0,1259.0,1265.0,1261.0,1260.0,1284.0,1282.0,2739.0,3513.0,4118.0,2506.0,1564.0,1273.0,1259.0,1265.0,1261.0
0.0,9797.0,3777.0,3790.0,4758.0,4382.0,1471.0,1313.0,1598.0,1261.0,1267.0,1262.0,1250.0,1284.0,1243.0,2530.0,3496.0,3771.0,1471.0,1313.0,1598.0,1261.0,1267.0,1262.0
0.0,10778.0,3842.0,3792.0,5343.0,2889.0,222.0,1040.0,1627.0,1261.0,1268.0,1263.0,1257.0,1287.0,1298.0,3573.0,3755.0,3450.0,222.0,1040.0,1627.0,1261.0,1268.0,1263.0
0.0,12279.0,3711.0,3791.0,4382.0,2239.0,0.0,966.0,1273.0,1261.0,1267.0,1263.0,1224.0,1243.0,1244.0,4822.0,4032.0,3425.0,0.0,966.0,1273.0,1261.0,1267.0,1263.0
0.0,12950.0,3809.0,3793.0,2889.0,3142.0,1040.0,1188.0,914.0,1262.0,1267.0,1264.0,1283.0,1262.0,1264.0,5069.0,4102.0,3779.0,1040.0,1188.0,914.0,1262.0,1267.0,1264.0
0.0,12030.0,3838.0,3793.0,2239.0,4741.0,2333.0,1489.0,919.0,1262.0,1267.0,1264.0,1293.0,1267.0,1278.0,4008.0,3880.0,4142.0,2333.0,1489.0,919.0,1262.0,1267.0,1264.0
0.0,10431.0,3764.0,3793.0,3142.0,5363.0,2556.0,1554.0,1253.0,1263.0,1266.0,1264.0,1259.0,1257.0,1248.0,2715.0,3579.0,4137.0,2556.0,1554.0,1253.0,1263.0,1266.0,1264.0
0.0,9809.0,3780.0,3793.0,4741.0,4402.0,1489.0,1316.0,1597.0,1263.0,1266.0,1264.0,1266.0,1251.0,1263.0,2496.0,3510.0,3803.0,1489.0,1316.0,1597.0,1263.0,1266.0,1264.0
0.0,10770.0,3851.0,3795.0,5363.0,2898.0,227.0,1037.0,1634.0,1264.0,1266.0,1265.0,1290.0,1275.0,1286.0,3563.0,3748.0,3459.0,227.0,1037.0,1634.0,1264.0,1266.0,1265.0
0.0,12282.0,3878.0,3799.0,4402.0,2390.0,34.0,1027.0,1329.0,1265.0,1268.0,1266.0,1292.0,1298.0,1288.0,4829.0,4027.0,3426.0,34.0,1027.0,1329.0,1265.0,1268.0,1266.0
0.0,12806.0,3843.0,3801.0,2898.0,3343.0,1088.0,1259.0,996.0,1266.0,1268.0,1267.0,1277.0,1269.0,1297.0,5026.0,4045.0,3735.0,1088.0,1259.0,996.0,1266.0,1268.0,1267.0
0.0,11861.0,3816.0,3802.0,2390.0,4773.0,2325.0,1476.0,972.0,1266.0,1268.0,1268.0,1271.0,1244.0,1301.0,3976.0,3813.0,4072.0,2325.0,1476.0,972.0,1266.0,1268.0,1268.0
0.0,10435.0,3834.0,3804.0,3343.0,5272.0,2530.0,1467.0,1275.0,1267.0,1268.0,1269.0,1289.0,1250.0,1295.0,2739.0,3596.0,4100.0,2530.0,1467.0,1275.0,1267.0,1268.0,1269.0
0.0,9944.0,3896.0,3806.0,4773.0,4403.0,1532.0,1267.0,1604.0,1268.0,1268.0,1270.0,1323.0,1276.0,1297.0,2538.0,3605.0,3801.0,1532.0,1267.0,1604.0,1268.0,1268.0,1270.0
0.0,10821.0,3896.0,3805.0,5272.0,3023.0,327.0,1081.0,1615.0,1268.0,1268.0,1269.0,1325.0,1281.0,1290.0,3540.0,3805.0,3476.0,327.0,1081.0,1615.0,1268.0,1268.0,1269.0
0.0,12197.0,3870.0,3805.0,4403.0,2490.0,109.0,1075.0,1306.0,1269.0,1267.0,1269.0,1310.0,1265.0,1295.0,4745.0,3991.0,3461.0,109.0,1075.0,1306.0,1269.0,1267.0,1269.0
0.0,12730.0,3888.0,3805.0,3023.0,3355.0,1093.0,1261.0,1001.0,1269.0,1267.0,1269.0,1311.0,1267.0,1310.0,4967.0,3993.0,3770.0,1093.0,1261.0,1001.0,1269.0,1267.0,1269.0
0.0,11865.0,3880.0,3807.0,2490.0,4753.0,2271.0,1476.0,1006.0,1270.0,1267.0,1270.0,1283.0,1290.0,1307.0,3983.0,3807.0,4075.0,2271.0,1476.0,1006.0,1270.0,1267.0,1270.0
0.0,10475.0,3940.0,3810.0,3355.0,5350.0,2492.0,1523.0,1335.0,1271.0,1268.0,1271.0,1310.0,1304.0,1326.0,2809.0,3592.0,4074.0,2492.0,1523.0,1335.0,1271.0,1268.0,1271.0
0.0,9890.0,3935.0,3813.0,4753.0,4544.0,1538.0,1362.0,1644.0,1272.0,1269.0,1272.0,1313.0,1311.0,1311.0,2592.0,3549.0,3749.0,1538.0,1362.0,1644.0,1272.0,1269.0,1272.0
0.0,10708.0,3751.0,3813.0,5350.0,2945.0,300.0,1072.0,1573.0,1272.0,1269.0,1272.0,1254.0,1233.0,1264.0,3550.0,3714.0,3444.0,300.0,1072.0,1573.0,1272.0,1269.0,1272.0
0.0,12307.0,3887.0,3814.0,4544.0,2292.0,75.0,979.0,1238.0,1273.0,1269.0,1272.0,1309.0,1269.0,1309.0,4788.0,4004.0,3515.0,75.0,979.0,1238.0,1273.0,1269.0,1272.0
0.0,12964.0,3939.0,3816.0,2945.0,3294.0,1075.0,1237.0,982.0,1273.0,1270.0,1273.0,1300.0,1326.0,1313.0,5017.0,4097.0,3850.0,1075.0,1237.0,982.0,1273.0,1270.0,1273.0
0.0,11970.0,3831.0,3817.0,2292.0,4837.0,2267.0,1545.0,1025.0,1274.0,1270.0,1273.0,1263.0,1287.0,1281.0,4017.0,3843.0,4110.0,2267.0,1545.0,1025.0,1274.0,1270.0,1273.0
0.0,10431.0,3889.0,3819.0,3294.0,5440.0,2501.0,1591.0,1348.0,1275.0,1270.0,1274.0,1305.0,1283.0,1301.0,2829.0,3535.0,4067.0,2501.0,1591.0,1348.0,1275.0,1270.0,1274.0
0.0,9836.0,3794.0,3817.0,4837.0,4389.0,1510.0,1317.0,1562.0,1275.0,1270.0,1272.0,1276.0,1271.0,1247.0,2599.0,3489.0,3748.0,1510.0,1317.0,1562.0,1275.0,1270.0,1272.0
0.0,10879.0,3801.0,3817.0,5440.0,2750.0,248.0,1005.0,1497.0,1274.0,1270.0,1273.0,1243.0,1279.0,1279.0,3590.0,3763.0,3526.0,248.0,1005.0,1497.0,1274.0,1270.0,1273.0
0.0,12518.0,3853.0,3819.0,4389.0,2222.0,4.0,1002.0,1216.0,1275.0,1271.0,1273.0,1262.0,1310.0,1281.0,4848.0,4075.0,3595.0,4.0,1002.0,1216.0,1275.0,1271.0,1273.0
0.0,13054.0,3954.0,3825.0,2750.0,3450.0,1084.0,1347.0,1019.0,1277.0,1274.0,1274.0,1320.0,1338.0,1296.0,5096.0,4082.0,3876.0,1084.0,1347.0,1019.0,1277.0,1274.0,1274.0
0.0,11850.0,3868.0,3827.0,2222.0,5104.0,2347.0,1655.0,1102.0,1277.0,1275.0,1275.0,1267.0,1306.0,1295.0,4024.0,3749.0,4077.0,2347.0,1655.0,1102.0,1277.0,1275.0,1275.0
0.0,10204.0,3919.0,3830.0,3450.0,5585.0,2592.0,1615.0,1378.0,1278.0,1276.0,1276.0,1325.0,1303.0,1291.0,2761.0,3445.0,3998.0,2592.0,1615.0,1378.0,1278.0,1276.0,1276.0
0.0,9735.0,3878.0,3832.0,5104.0,4367.0,1523.0,1289.0,1555.0,1278.0,1278.0,1276.0,1278.0,1321.0,1279.0,2520.0,3489.0,3726.0,1523.0,1289.0,1555.0,1278.0,1278.0,1276.0
0.0,10961.0,3817.0,3834.0,5585.0,2607.0,226.0,938.0,1443.0,1279.0,1278.0,1277.0,1291.0,1264.0,1262.0,3589.0,3823.0,3549.0,226.0,938.0,1443.0,1279.0,1278.0,1277.0
0.0,12729.0,3924.0,3837.0,4367.0,2176.0,26.0,968.0,1182.0,1281.0,1279.0,1277.0,1315.0,1315.0,1294.0,4890.0,4174.0,3665.0,26.0,968.0,1182.0,1281.0,1279.0,1277.0
0.0,13172.0,3820.0,3837.0,2607.0,3389.0,1090.0,1298.0,1001.0,1281.0,1279.0,1277.0,1290.0,1268.0,1262.0,5098.0,4148.0,3926.0,1090.0,1298.0,1001.0,1281.0,1279.0,1277.0
0.0,11959.0,3846.0,3838.0,2176.0,5063.0,2351.0,1597.0,1115.0,1281.0,1279.0,1278.0,1287.0,1267.0,1292.0,4034.0,3818.0,4107.0,2351.0,1597.0,1115.0,1281.0,1279.0,1278.0
0.0,10289.0,3768.0,3838.0,3389.0,5442.0,2505.0,1559.0,1378.0,1280.0,1280.0,1278.0,1248.0,1256.0,1264.0,2773.0,3519.0,3997.0,2505.0,1559.0,1378.0,1280.0,1280.0,1278.0
0.0,9910.0,3825.0,3840.0,5063.0,4212.0,1444.0,1239.0,1529.0,1281.0,1281.0,1278.0,1286.0,1273.0,1266.0,2615.0,3561.0,3734.0,1444.0,1239.0,1529.0,1281.0,1281.0,1278.0
0.0,11148.0,3851.0,3841.0,5442.0,2625.0,228.0,962.0,1435.0,1281.0,1281.0,1279.0,1289.0,1282.0,1280.0,3680.0,3885.0,3583.0,228.0,962.0,1435.0,1281.0,1281.0,1279.0
0.0,12739.0,3979.0,3845.0,4212.0,2408.0,112.0,1071.0,1225.0,1282.0,1283.0,1280.0,1324.0,1340.0,1315.0,4896.0,4162.0,3681.0,112.0,1071.0,1225.0,1282.0,1283.0,1280.0
0.0,12972.0,3795.0,3843.0,2625.0,3570.0,1156.0,1355.0,1059.0,1281.0,1282.0,1280.0,1276.0,1250.0,1269.0,5016.0,4061.0,3895.0,1156.0,1355.0,1059.0,1281.0,1282.0,1280.0
0.0,11802.0,3843.0,3843.0,2408.0,5005.0,2329.0,1553.0,1123.0,1281.0,1281.0,1281.0,1285.0,1273.0,1285.0,3968.0,3773.0,4061.0,2329.0,1553.0,1123.0,1281.0,1281.0,1281.0
0.0,10367.0,3931.0,3843.0,3570.0,5366.0,2511.0,1489.0,1366.0,1281.0,1281.0,1281.0,1338.0,1291.0,1302.0,2795.0,3571.0,4001.0,2511.0,1489.0,1366.0,1281.0,1281.0,1281.0
0.0,10006.0,3915.0,3846.0,5005.0,4288.0,1490.0,1244.0,1554.0,1282.0,1282.0,1282.0,1304.0,1304.0,1307.0,2613.0,3635.0,3758.0,1490.0,1244.0,1554.0,1282.0,1282.0,1282.0
0.0,11096.0,3847.0,3847.0,5366.0,2773.0,274.0,1028.0,1471.0,1283.0,1282.0,1282.0,1291.0,1273.0,1283.0,3638.0,3884.0,3574.0,274.0,1028.0,1471.0,1283.0,1282.0,1282.0
0.0,12615.0,3947.0,3849.0,4288.0,2440.0,127.0,1090.0,1223.0,1284.0,1282.0,1283.0,1339.0,1306.0,1302.0,4858.0,4100.0,3657.0,127.0,1090.0,1223.0,1284.0,1282.0,1283.0
0.0,12956.0,3804.0,3849.0,2773.0,3471.0,1119.0,1323.0,1029.0,1284.0,1282.0,1283.0,1266.0,1261.0,1277.0,5009.0,4038.0,3909.0,1119.0,1323.0,1029.0,1284.0,1282.0,1283.0
0.0,11925.0,3816.0,3848.0,2440.0,4843.0,2267.0,1503.0,1073.0,1284.0,1281.0,1283.0,1275.0,1274.0,1267.0,4017.0,3805.0,4103.0,2267.0,1503.0,1073.0,1284.0,1281.0,1283.0
0.0,10549.0,3892.0,3850.0,3471.0,5272.0,2455.0,1437.0,1380.0,1285.0,1281.0,1284.0,1303.0,1257.0,1332.0,2869.0,3621.0,4059.0,2455.0,1437.0,1380.0,1285.0,1281.0,1284.0
0.0,10128.0,3815.0,3850.0,4843.0,4244.0,1469.0,1206.0,1569.0,1286.0,1280.0,1284.0,1277.0,1276.0,1262.0,2685.0,3687.0,3756.0,1469.0,1206.0,1569.0,1286.0,1280.0,1284.0
0.0,11156.0,3856.0,3853.0,5272.0,2840.0,307.0,1057.0,1476.0,1287.0,1281.0,1285.0,1289.0,1284.0,1283.0,3675.0,3914.0,3567.0,307.0,1057.0,1476.0,1287.0,1281.0,1285.0
0.0,12572.0,3781.0,3852.0,4244.0,2373.0,108.0,1099.0,1166.0,1287.0,1280.0,1285.0,1270.0,1252.0,1259.0,4841.0,4067.0,3664.0,108.0,1099.0,1166.0,1287.0,1280.0,1285.0
0.0,13035.0,3889.0,3854.0,2840.0,3430.0,1099.0,1321.0,1010.0,1288.0,1280.0,1286.0,1294.0,1279.0,1316.0,5040.0,4021.0,3974.0,1099.0,1321.0,1010.0,1288.0,1280.0,1286.0
0.0,11986.0,3865.0,3855.0,2373.0,4926.0,2267.0,1520.0,1139.0,1288.0,1280.0,1287.0,1276.0,1298.0,1291.0,4053.0,3799.0,4134.0,2267.0,1520.0,1139.0,1288.0,1280.0,1287.0
0.0,10494.0,3892.0,3856.0,3430.0,5392.0,2447.0,1486.0,1459.0,1289.0,1280.0,1287.0,1275.0,1287.0,1330.0,2885.0,3600.0,4009.0,2447.0,1486.0,1459.0,1289.0,1280.0,1287.0
0.0,10032.0,3958.0,3861.0,4926.0,4444.0,1479.0,1301.0,1664.0,1290.0,1282.0,1289.0,1295.0,1327.0,1336.0,2709.0,3634.0,3689.0,1479.0,1301.0,1664.0,1290.0,1282.0,1289.0
0.0,11000.0,3920.0,3863.0,5392.0,2980.0,321.0,1130.0,1529.0,1290.0,1283.0,1290.0,1289.0,1311.0,1320.0,3681.0,3827.0,3492.0,321.0,1130.0,1529.0,1290.0,1283.0,1290.0
0.0,12472.0,3900.0,3865.0,4444.0,2444.0,123.0,1143.0,1178.0,1290.0,1284.0,1291.0,1281.0,1310.0,1309.0,4839.0,4002.0,3631.0,123.0,1143.0,1178.0,1290.0,1284.0,1291.0
0.0,13016.0,3998.0,3869.0,2980.0,3478.0,1135.0,1334.0,1009.0,1291.0,1285.0,1293.0,1329.0,1317.0,1352.0,5037.0,3993.0,3986.0,1135.0,1334.0,1009.0,1291.0,1285.0,1293.0
0.0,11998.0,3955.0,3872.0,2444.0,5001.0,2330.0,1498.0,1173.0,1292.0,1286.0,1294.0,1314.0,1303.0,1338.0,4029.0,3806.0,4163.0,2330.0,1498.0,1173.0,1292.0,1286.0,1294.0
0.0,10487.0,3847.0,3871.0,3478.0,5366.0,2486.0,1425.0,1455.0,1292.0,1285.0,1294.0,1291.0,1265.0,1291.0,2838.0,3646.0,4003.0,2486.0,1425.0,1455.0,1292.0,1285.0,1294.0
0.0,10118.0,3881.0,3872.0,5001.0,4250.0,1435.0,1206.0,1609.0,1292.0,1285.0,1295.0,1279.0,1279.0,1323.0,2682.0,3715.0,3721.0,1435.0,1206.0,1609.0,1292.0,1285.0,1295.0
0.0,11238.0,3971.0,3874.0,5366.0,2863.0,270.0,1121.0,1472.0,1293.0,1286.0,1295.0,1317.0,1336.0,1318.0,3733.0,3934.0,3571.0,270.0,1121.0,1472.0,1293.0,1286.0,1295.0
0.0,12633.0,3943.0,3878.0,4250.0,2572.0,157.0,1232.0,1183.0,1294.0,1288.0,1296.0,1318.0,1309.0,1316.0,4902.0,4023.0,3708.0,157.0,1232.0,1183.0,1294.0,1288.0,1296.0
0.0,12940.0,3984.0,3879.0,2863.0,3697.0,1218.0,1447.0,1032.0,1294.0,1289.0,1296.0,1331.0,1332.0,1321.0,5019.0,3920.0,4001.0,1218.0,1447.0,1032.0,1294.0,1289.0,1296.0
0.0,11819.0,4061.0,3882.0,2572.0,5198.0,2413.0,1562.0,1223.0,1295.0,1290.0,1297.0,1348.0,1343.0,1370.0,3958.0,3709.0,4152.0,2413.0,1562.0,1223.0,1295.0,1290.0,1297.0
0.0,10330.0,4022.0,3886.0,3697.0,5539.0,2518.0,1466.0,1555.0,1295.0,1292.0,1299.0,1323.0,1343.0,1356.0,2767.0,3598.0,3965.0,2518.0,1466.0,1555.0,1295.0,1292.0,1299.0
0.0,10005.0,3958.0,3887.0,5198.0,4303.0,1435.0,1230.0,1638.0,1295.0,1293.0,1299.0,1330.0,1322.0,1306.0,2662.0,3702.0,3641.0,1435.0,1230.0,1638.0,1295.0,1293.0,1299.0
0.0,11245.0,4018.0,3889.0,5539.0,2790.0,264.0,1107.0,1419.0,1296.0,1294.0,1299.0,1343.0,1339.0,1336.0,3745.0,3942.0,3558.0,264.0,1107.0,1419.0,1296.0,1294.0,1299.0
0.0,12766.0,3954.0,3891.0,4303.0,2449.0,138.0,1212.0,1099.0,1296.0,1295.0,1300.0,1309.0,1331.0,1314.0,4920.0,4069.0,3777.0,138.0,1212.0,1099.0,1296.0,1295.0,1300.0
0.0,13115.0,3937.0,3891.0,2790.0,3596.0,1207.0,1407.0,982.0,1297.0,1295.0,1299.0,1329.0,1302.0,1306.0,5046.0,3968.0,4101.0,1207.0,1407.0,982.0,1297.0,1295.0,1299.0
0.0,11968.0,4032.0,3893.0,2449.0,5187.0,2432.0,1524.0,1231.0,1298.0,1295.0,1300.0,1359.0,1329.0,1344.0,3981.0,3773.0,4214.0,2432.0,1524.0,1231.0,1298.0,1295.0,1300.0
0.0,10385.0,4034.0,3898.0,3596.0,5645.0,2573.0,1480.0,1592.0,1299.0,1298.0,1301.0,1344.0,1351.0,1339.0,2760.0,3656.0,3969.0,2573.0,1480.0,1592.0,1299.0,1298.0,1301.0
0.0,9947.0,3949.0,3899.0,5187.0,4411.0,1466.0,1273.0,1672.0,1300.0,1298.0,1301.0,1321.0,1317.0,1311.0,2623.0,3712.0,3612.0,1466.0,1273.0,1672.0,1300.0,1298.0,1301.0
0.0,11185.0,3809.0,3897.0,5645.0,2567.0,151.0,1060.0,1356.0,1299.0,1297.0,1301.0,1262.0,1271.0,1276.0,3734.0,3919.0,3532.0,151.0,1060.0,1356.0,1299.0,1297.0,1301.0
0.0,13021.0,3822.0,3897.0,4411.0,2035.0,0.0,1101.0,934.0,1299.0,1298.0,1300.0,1258.0,1310.0,1254.0,5045.0,4128.0,3848.0,0.0,1101.0,934.0,1299.0,1298.0,1300.0
0.0,13610.0,3908.0,3897.0,2567.0,3319.0,1095.0,1356.0,868.0,1299.0,1298.0,1300.0,1303.0,1315.0,1290.0,5253.0,4091.0,4266.0,1095.0,1356.0,868.0,1299.0,1298.0,1300.0
0.0,12269.0,3948.0,3900.0,2035.0,5244.0,2409.0,1556.0,1279.0,1299.0,1299.0,1302.0,1314.0,1297.0,1337.0,4101.0,3836.0,4332.0,2409.0,1556.0,1279.0,1299.0,1299.0,1302.0
0.0,10356.0,3963.0,3903.0,3319.0,5900.0,2631.0,1545.0,1724.0,1301.0,1300.0,1302.0,1309.0,1341.0,1313.0,2787.0,3640.0,3929.0,2631.0,1545.0,1724.0,1301.0,1300.0,1302.0
0.0,9712.0,3915.0,3904.0,5244.0,4575.0,1524.0,1294.0,1757.0,1301.0,1300.0,1303.0,1302.0,1305.0,1308.0,2573.0,3655.0,3484.0,1524.0,1294.0,1757.0,1301.0,1300.0,1303.0
0.0,11041.0,3791.0,3901.0,5900.0,2454.0,168.0,985.0,1301.0,1301.0,1298.0,1302.0,1275.0,1244.0,1272.0,3680.0,3906.0,3455.0,168.0,985.0,1301.0,1301.0,1298.0,1302.0
0.0,13150.0,3872.0,3901.0,4575.0,1814.0,0.0,991.0,823.0,1301.0,1298.0,1302.0,1293.0,1300.0,1279.0,5036.0,4207.0,3907.0,0.0,991.0,823.0,1301.0,1298.0,1302.0
0.0,13853.0,3817.0,3900.0,2454.0,3110.0,1029.0,1293.0,788.0,1300.0,1298.0,1302.0,1264.0,1287.0,1266.0,5267.0,4201.0,4385.0,1029.0,1293.0,788.0,1300.0,1298.0,1302.0
0.0,12490.0,3872.0,3899.0,1814.0,5164.0,2329.0,1573.0,1262.0,1300.0,1297.0,1302.0,1300.0,1275.0,1297.0,4171.0,3899.0,4420.0,2329.0,1573.0,1262.0,1300.0,1297.0,1302.0
0.0,10432.0,3923.0,3902.0,3110.0,5989.0,2620.0,1583.0,1786.0,1301.0,1298.0,1303.0,1316.0,1299.0,1308.0,2871.0,3615.0,3946.0,2620.0,1583.0,1786.0,1301.0,1298.0,1303.0
0.0,9619.0,3861.0,3900.0,5164.0,4678.0,1573.0,1294.0,1811.0,1300.0,1297.0,1303.0,1286.0,1288.0,1287.0,2584.0,3609.0,3426.0,1573.0,1294.0,1811.0,1300.0,1297.0,1303.0
0.0,10922.0,3938.0,3903.0,5989.0,2639.0,285.0,1017.0,1337.0,1301.0,1298.0,1304.0,1328.0,1302.0,1308.0,3627.0,3894.0,3401.0,285.0,1017.0,1337.0,1301.0,1298.0,1304.0
0.0,12973.0,4018.0,3905.0,4678.0,1987.0,66.0,1057.0,864.0,1302.0,1299.0,1304.0,1350.0,1330.0,1338.0,4919.0,4175.0,3879.0,66.0,1057.0,864.0,1302.0,1299.0,1304.0
0.0,13633.0,3930.0,3909.0,2639.0,3294.0,1113.0,1337.0,844.0,1304.0,1300.0,1305.0,1324.0,1293.0,1313.0,5142.0,4139.0,4352.0,1113.0,1337.0,844.0,1304.0,1300.0,1305.0
0.0,12342.0,3922.0,3911.0,1987.0,5237.0,2382.0,1586.0,1269.0,1305.0,1300.0,1306.0,1331.0,1306.0,1285.0,4103.0,3863.0,4376.0,2382.0,1586.0,1269.0,1305.0,1300.0,1306.0
0.0,10407.0,3959.0,3912.0,3294.0,5906.0,2592.0,1569.0,1745.0,1305.0,1301.0,1306.0,1323.0,1316.0,1320.0,2838.0,3614.0,3955.0,2592.0,1569.0,1745.0,1305.0,1301.0,1306.0
0.0,9742.0,3923.0,3912.0,5237.0,4592.0,1517.0,1267.0,1808.0,1305.0,1300.0,1307.0,1307.0,1288.0,1328.0,2628.0,3635.0,3479.0,1517.0,1267.0,1808.0,1305.0,1300.0,1307.0
0.0,11056.0,3891.0,3914.0,5906.0,2585.0,252.0,984.0,1349.0,1306.0,1301.0,1307.0,1323.0,1282.0,1286.0,3703.0,3933.0,3420.0,252.0,984.0,1349.0,1306.0,1301.0,1307.0
0.0,13071.0,3870.0,3914.0,4592.0,1863.0,43.0,1017.0,803.0,1306.0,1301.0,1307.0,1308.0,1300.0,1262.0,4972.0,4220.0,3879.0,43.0,1017.0,803.0,1306.0,1301.0,1307.0
0.0,13793.0,3963.0,3914.0,2585.0,3241.0,1130.0,1341.0,770.0,1306.0,1301.0,1307.0,1339.0,1308.0,1316.0,5181.0,4187.0,4425.0,1130.0,1341.0,770.0,1306.0,1301.0,1307.0
0.0,12415.0,3993.0,3916.0,1863.0,5379.0,2422.0,1666.0,1291.0,1307.0,1302.0,1307.0,1331.0,1338.0,1324.0,4094.0,3863.0,4458.0,2422.0,1666.0,1291.0,1307.0,1302.0,1307.0
0.0,10285.0,3951.0,3918.0,3241.0,6097.0,2620.0,1639.0,1838.0,1307.0,1303.0,1308.0,1328.0,1310.0,1313.0,2806.0,3542.0,3937.0,2620.0,1639.0,1838.0,1307.0,1303.0,1308.0
0.0,9575.0,3870.0,3916.0,5379.0,4580.0,1478.0,1257.0,1845.0,1306.0,1302.0,1308.0,1284.0,1288.0,1298.0,2608.0,3573.0,3394.0,1478.0,1257.0,1845.0,1306.0,1302.0,1308.0
0.0,11084.0,3900.0,3918.0,6097.0,2391.0,168.0,899.0,1324.0,1307.0,1303.0,1308.0,1306.0,1277.0,1317.0,3746.0,3951.0,3387.0,168.0,899.0,1324.0,1307.0,1303.0,1308.0
0.0,13281.0,3931.0,3920.0,4580.0,1755.0,0.0,953.0,802.0,1308.0,1303.0,1309.0,1301.0,1311.0,1319.0,5060.0,4313.0,3908.0,0.0,953.0,802.0,1308.0,1303.0,1309.0
0.0,13930.0,3976.0,3922.0,2391.0,3343.0,1141.0,1399.0,803.0,1308.0,1305.0,1309.0,1314.0,1337.0,1325.0,5237.0,4259.0,4434.0,1141.0,1399.0,803.0,1308.0,1305.0,1309.0
0.0,12345.0,3892.0,3924.0,1755.0,5488.0,2418.0,1757.0,1313.0,1308.0,1306.0,1310.0,1277.0,1307.0,1308.0,4091.0,3821.0,4433.0,2418.0,1757.0,1313.0,1308.0,1306.0,1310.0
0.0,10208.0,3972.0,3926.0,3343.0,6125.0,2584.0,1696.0,1845.0,1308.0,1307.0,1311.0,1307.0,1334.0,1331.0,2814.0,3467.0,3927.0,2584.0,1696.0,1845.0,1308.0,1307.0,1311.0
0.0,9579.0,3884.0,3927.0,5488.0,4525.0,1441.0,1237.0,1847.0,1308.0,1307.0,1312.0,1275.0,1298.0,1311.0,2648.0,3532.0,3399.0,1441.0,1237.0,1847.0,1308.0,1307.0,1312.0
0.0,11183.0,4000.0,3930.0,6125.0,2412.0,178.0,879.0,1355.0,1309.0,1308.0,1313.0,1317.0,1334.0,1349.0,3791.0,3991.0,3401.0,178.0,879.0,1355.0,1309.0,1308.0,1313.0
0.0,13308.0,3934.0,3931.0,4525.0,1825.0,43.0,954.0,828.0,1309.0,1309.0,1313.0,1306.0,1308.0,1320.0,5058.0,4353.0,3897.0,43.0,954.0,828.0,1309.0,1309.0,1313.0
0.0,13899.0,3978.0,3933.0,2412.0,3399.0,1175.0,1427.0,797.0,1310.0,1310.0,1313.0,1306.0,1348.0,1324.0,5193.0,4282.0,4424.0,1175.0,1427.0,797.0,1310.0,1310.0,1313.0
0.0,12333.0,4003.0,3933.0,1825.0,5577.0,2452.0,1811.0,1314.0,1310.0,1310.0,1313.0,1320.0,1338.0,1345.0,4065.0,3813.0,4455.0,2452.0,1811.0,1314.0,1310.0,1310.0,1313.0
0.0,10155.0,3946.0,3934.0,3399.0,6128.0,2563.0,1725.0,1840.0,1310.0,1311.0,1313.0,1286.0,1337.0,1323.0,2788.0,3429.0,3938.0,2563.0,1725.0,1840.0,1310.0,1311.0,1313.0
0.0,9608.0,4055.0,3938.0,5577.0,4622.0,1442.0,1279.0,1901.0,1311.0,1312.0,1315.0,1327.0,1361.0,1367.0,2677.0,3519.0,3412.0,1442.0,1279.0,1901.0,1311.0,1312.0,1315.0
0.0,11130.0,4037.0,3937.0,6128.0,2527.0,220.0,911.0,1396.0,1311.0,1312.0,1314.0,1341.0,1357.0,1339.0,3802.0,3969.0,3359.0,220.0,911.0,1396.0,1311.0,1312.0,1314.0
0.0,13221.0,3967.0,3938.0,4622.0,1876.0,83.0,964.0,829.0,1311.0,1313.0,1314.0,1305.0,1328.0,1334.0,5024.0,4337.0,3860.0,83.0,964.0,829.0,1311.0,1313.0,1314.0
0.0,13876.0,4116.0,3944.0,2527.0,3489.0,1253.0,1422.0,814.0,1313.0,1315.0,1316.0,1382.0,1361.0,1373.0,5161.0,4288.0,4427.0,1253.0,1422.0,814.0,1313.0,1315.0,1316.0
0.0,12287.0,3967.0,3946.0,1876.0,5588.0,2492.0,1793.0,1303.0,1314.0,1316.0,1316.0,1318.0,1331.0,1318.0,3999.0,3838.0,4450.0,2492.0,1793.0,1303.0,1314.0,1316.0,1316.0
0.0,10196.0,3923.0,3943.0,3489.0,6010.0,2530.0,1692.0,1788.0,1313.0,1315.0,1315.0,1295.0,1325.0,1303.0,2764.0,3471.0,3961.0,2530.0,1692.0,1788.0,1313.0,1315.0,1315.0
0.0,9762.0,4041.0,3946.0,5588.0,4475.0,1402.0,1244.0,1829.0,1314.0,1316.0,1316.0,1360.0,1341.0,1340.0,2722.0,3568.0,3472.0,1402.0,1244.0,1829.0,1314.0,1316.0,1316.0
0.0,11309.0,4103.0,3948.0,6010.0,2576.0,254.0,892.0,1430.0,1315.0,1316.0,1317.0,1378.0,1340.0,1385.0,3854.0,4020.0,3435.0,254.0,892.0,1430.0,1315.0,1316.0,1317.0
0.0,13216.0,3980.0,3947.0,4475.0,2077.0,197.0,956.0,924.0,1315.0,1316.0,1316.0,1345.0,1308.0,1327.0,5006.0,4372.0,3838.0,197.0,956.0,924.0,1315.0,1316.0,1316.0
0.0,13711.0,4057.0,3947.0,2576.0,3558.0,1322.0,1390.0,846.0,1316.0,1315.0,1316.0,1375.0,1330.0,1352.0,5063.0,4308.0,4340.0,1322.0,1390.0,846.0,1316.0,1315.0,1316.0
0.0,12230.0,4014.0,3949.0,2077.0,5503.0,2484.0,1733.0,1286.0,1317.0,1315.0,1317.0,1355.0,1299.0,1360.0,3942.0,3870.0,4418.0,2484.0,1733.0,1286.0,1317.0,1315.0,1317.0
0.0,10293.0,3949.0,3947.0,3558.0,5886.0,2494.0,1628.0,1764.0,1316.0,1314.0,1317.0,1336.0,1289.0,1324.0,2784.0,3527.0,3982.0,2494.0,1628.0,1764.0,1316.0,1314.0,1317.0
0.0,9902.0,3954.0,3947.0,5503.0,4337.0,1321.0,1209.0,1807.0,1316.0,1314.0,1317.0,1311.0,1314.0,1329.0,2770.0,3628.0,3504.0,1321.0,1209.0,1807.0,1316.0,1314.0,1317.0
0.0,11451.0,4062.0,3949.0,5886.0,2521.0,186.0,931.0,1404.0,1317.0,1314.0,1318.0,1355.0,1350.0,1357.0,3943.0,4047.0,3461.0,186.0,931.0,1404.0,1317.0,1314.0,1318.0
0.0,13275.0,3945.0,3948.0,4337.0,2125.0,194.0,1024.0,907.0,1316.0,1314.0,1318.0,1333.0,1302.0,1310.0,5082.0,4325.0,3868.0,194.0,1024.0,907.0,1316.0,1314.0,1318.0
0.0,13667.0,3995.0,3947.0,2521.0,3595.0,1341.0,1395.0,859.0,1316.0,1313.0,1318.0,1333.0,1306.0,1356.0,5070.0,4232.0,4365.0,1341.0,1395.0,859.0,1316.0,1313.0,1318.0
0.0,12193.0,3983.0,3947.0,2125.0,5453.0,2481.0,1690.0,1282.0,1316.0,1313.0,1318.0,1334.0,1319.0,1330.0,3923.0,3857.0,4413.0,2481.0,1690.0,1282.0,1316.0,1313.0,1318.0
0.0,10335.0,3938.0,3951.0,3595.0,5812.0,2473.0,1603.0,1736.0,1318.0,1314.0,1319.0,1325.0,1304.0,1309.0,2783.0,3562.0,3990.0,2473.0,1603.0,1736.0,1318.0,1314.0,1319.0
0.0,9992.0,3975.0,3954.0,5453.0,4346.0,1310.0,1239.0,1797.0,1319.0,1314.0,1321.0,1314.0,1326.0,1335.0,2799.0,3653.0,3540.0,1310.0,1239.0,1797.0,1319.0,1314.0,1321.0
0.0,11470.0,4027.0,3956.0,5812.0,2569.0,173.0,989.0,1407.0,1319.0,1315.0,1322.0,1336.0,1349.0,1342.0,3966.0,4017.0,3487.0,173.0,989.0,1407.0,1319.0,1315.0,1322.0
0.0,13255.0,4004.0,3958.0,4346.0,2235.0,193.0,1092.0,950.0,1320.0,1316.0,1322.0,1326.0,1338.0,1340.0,5103.0,4271.0,3881.0,193.0,1092.0,950.0,1320.0,1316.0,1322.0
0.0,13597.0,4013.0,3958.0,2569.0,3679.0,1353.0,1462.0,864.0,1320.0,1316.0,1322.0,1333.0,1359.0,1321.0,5087.0,4172.0,4338.0,1353.0,1462.0,864.0,1320.0,1316.0,1322.0
0.0,12153.0,4058.0,3960.0,2235.0,5510.0,2533.0,1696.0,1281.0,1321.0,1316.0,1323.0,1369.0,1326.0,1363.0,3927.0,3802.0,4424.0,2533.0,1696.0,1281.0,1321.0,1316.0,1323.0
0.0,10330.0,3979.0,3964.0,3679.0,5826.0,2496.0,1591.0,1739.0,1322.0,1318.0,1324.0,1312.0,1349.0,1318.0,2751.0,3568.0,4011.0,2496.0,1591.0,1739.0,1322.0,1318.0,1324.0
0.0,10030.0,4000.0,3967.0,5510.0,4328.0,1266.0,1266.0,1796.0,1322.0,1320.0,1325.0,1303.0,1363.0,1334.0,2792.0,3681.0,3557.0,1266.0,1266.0,1796.0,1322.0,1320.0,1325.0
0.0,11540.0,4094.0,3971.0,5826.0,2612.0,152.0,1056.0,1404.0,1324.0,1321.0,1326.0,1374.0,1377.0,1343.0,4022.0,4014.0,3504.0,152.0,1056.0,1404.0,1324.0,1321.0,1326.0
0.0,13272.0,4037.0,3975.0,4328.0,2337.0,240.0,1149.0,948.0,1325.0,1323.0,1327.0,1350.0,1351.0,1336.0,5144.0,4228.0,3900.0,240.0,1149.0,948.0,1325.0,1323.0,1327.0
0.0,13563.0,3980.0,3975.0,2612.0,3705.0,1405.0,1426.0,874.0,1325.0,1323.0,1327.0,1317.0,1333.0,1330.0,5060.0,4143.0,4360.0,1405.0,1426.0,874.0,1325.0,1323.0,1327.0
0.0,12195.0,3918.0,3978.0,2337.0,5298.0,2477.0,1586.0,1235.0,1326.0,1324.0,1328.0,1308.0,1305.0,1305.0,3895.0,3866.0,4434.0,2477.0,1586.0,1235.0,1326.0,1324.0,1328.0
0.0,10614.0,3988.0,3978.0,3705.0,5581.0,2397.0,1494.0,1690.0,1326.0,1324.0,1328.0,1325.0,1334.0,1329.0,2827.0,3710.0,4077.0,2397.0,1494.0,1690.0,1326.0,1324.0,1328.0
0.0,10331.0,4030.0,3978.0,5298.0,4313.0,1281.0,1239.0,1793.0,1326.0,1324.0,1328.0,1361.0,1331.0,1338.0,2907.0,3802.0,3622.0,1281.0,1239.0,1793.0,1326.0,1324.0,1328.0
0.0,11599.0,4130.0,3982.0,5581.0,2878.0,275.0,1138.0,1465.0,1327.0,1326.0,1329.0,1387.0,1385.0,1358.0,4023.0,4057.0,3519.0,275.0,1138.0,1465.0,1327.0,1326.0,1329.0
0.0,13050.0,4039.0,3985.0,4313.0,2616.0,355.0,1248.0,1013.0,1328.0,1327.0,1330.0,1357.0,1345.0,1337.0,5033.0,4166.0,3851.0,355.0,1248.0,1013.0,1328.0,1327.0,1330.0
0.0,13324.0,3949.0,3984.0,2878.0,3683.0,1390.0,1427.0,866.0,1327.0,1327.0,1330.0,1314.0,1317.0,1318.0,4957.0,4060.0,4307.0,1390.0,1427.0,866.0,1327.0,1327.0,1330.0
0.0,12253.0,4034.0,3987.0,2616.0,5113.0,2360.0,1538.0,1215.0,1328.0,1328.0,1331.0,1321.0,1355.0,1358.0,3918.0,3881.0,4454.0,2360.0,1538.0,1215.0,1328.0,1328.0,1331.0
0.0,10835.0,3870.0,3986.0,3683.0,5296.0,2246.0,1407.0,1643.0,1327.0,1328.0,1331.0,1280.0,1296.0,1294.0,2952.0,3774.0,4109.0,2246.0,1407.0,1643.0,1327.0,1328.0,1331.0
0.0,10648.0,4078.0,3990.0,5113.0,4277.0,1260.0,1223.0,1794.0,1328.0,1329.0,1333.0,1370.0,1350.0,1358.0,3062.0,3905.0,3681.0,1260.0,1223.0,1794.0,1328.0,1329.0,1333.0
0.0,11683.0,3926.0,3989.0,5296.0,2903.0,302.0,1126.0,1475.0,1327.0,1329.0,1333.0,1292.0,1310.0,1324.0,4052.0,4093.0,3538.0,302.0,1126.0,1475.0,1327.0,1329.0,1333.0
0.0,13053.0,3981.0,3989.0,4277.0,2607.0,372.0,1232.0,1003.0,1327.0,1329.0,1333.0,1330.0,1329.0,1322.0,5006.0,4190.0,3857.0,372.0,1232.0,1003.0,1327.0,1329.0,1333.0
0.0,13349.0,4048.0,3991.0,2903.0,3760.0,1412.0,1447.0,901.0,1327.0,1330.0,1334.0,1342.0,1337.0,1369.0,4936.0,4084.0,4329.0,1412.0,1447.0,901.0,1327.0,1330.0,1334.0
0.0,12204.0,4013.0,3994.0,2607.0,5178.0,2380.0,1549.0,1249.0,1328.0,1331.0,1335.0,1336.0,1330.0,1347.0,3896.0,3873.0,4435.0,2380.0,1549.0,1249.0,1328.0,1331.0,1335.0
0.0,10798.0,3914.0,3994.0,3760.0,5332.0,2260.0,1403.0,1669.0,1328.0,1331.0,1335.0,1292.0,1301.0,1321.0,2932.0,3775.0,4091.0,2260.0,1403.0,1669.0,1328.0,1331.0,1335.0
0.0,10644.0,4020.0,3995.0,5178.0,4178.0,1227.0,1180.0,1771.0,1329.0,1331.0,1335.0,1343.0,1326.0,1351.0,3052.0,3921.0,3671.0,1227.0,1180.0,1771.0,1329.0,1331.0,1335.0
0.0,11802.0,4042.0,3997.0,5332.0,2896.0,312.0,1114.0,1470.0,1330.0,1331.0,1336.0,1341.0,1337.0,1364.0,4089.0,4144.0,3569.0,312.0,1114.0,1470.0,1330.0,1331.0,1336.0
0.0,13092.0,4060.0,4000.0,4178.0,2790.0,438.0,1282.0,1070.0,1331.0,1332.0,1337.0,1349.0,1344.0,1367.0,5008.0,4210.0,3874.0,438.0,1282.0,1070.0,1331.0,1332.0,1337.0
0.0,13210.0,3998.0,4001.0,2896.0,3896.0,1431.0,1495.0,970.0,1331.0,1332.0,1338.0,1305.0,1327.0,1366.0,4886.0,4046.0,4278.0,1431.0,1495.0,970.0,1331.0,1332.0,1338.0
0.0,12108.0,3896.0,4001.0,2790.0,5002.0,2292.0,1498.0,1212.0,1331.0,1332.0,1338.0,1299.0,1285.0,1312.0,3893.0,3833.0,4382.0,2292.0,1498.0,1212.0,1331.0,1332.0,1338.0
0.0,11002.0,4151.0,4004.0,3896.0,5269.0,2258.0,1359.0,1652.0,1333.0,1332.0,1339.0,1389.0,1356.0,1406.0,3032.0,3830.0,4140.0,2258.0,1359.0,1652.0,1333.0,1332.0,1339.0
0.0,10747.0,4081.0,4007.0,5002.0,4360.0,1299.0,1255.0,1806.0,1333.0,1334.0,1340.0,1333.0,1386.0,1362.0,3074.0,3969.0,3704.0,1299.0,1255.0,1806.0,1333.0,1334.0,1340.0
0.0,11668.0,4035.0,4008.0,5269.0,3130.0,380.0,1227.0,1523.0,1334.0,1333.0,1341.0,1335.0,1335.0,1365.0,4033.0,4081.0,3554.0,380.0,1227.0,1523.0,1334.0,1333.0,1341.0
0.0,12902.0,4090.0,4009.0,4360.0,2864.0,455.0,1314.0,1095.0,1335.0,1333.0,1341.0,1370.0,1342.0,1378.0,4956.0,4105.0,3841.0,455.0,1314.0,1095.0,1335.0,1333.0,1341.0
0.0,13172.0,4075.0,4012.0,3130.0,3821.0,1430.0,1438.0,953.0,1336.0,1334.0,1342.0,1351.0,1347.0,1377.0,4885.0,4018.0,4269.0,1430.0,1438.0,953.0,1336.0,1334.0,1342.0
0.0,12227.0,3930.0,4010.0,2864.0,4879.0,2279.0,1411.0,1189.0,1336.0,1332.0,1342.0,1304.0,1295.0,1331.0,3914.0,3898.0,4415.0,2279.0,1411.0,1189.0,1336.0,1332.0,1342.0
0.0,11161.0,4064.0,4010.0,3821.0,5122.0,2209.0,1318.0,1595.0,1336.0,1332.0,1342.0,1360.0,1345.0,1359.0,3065.0,3917.0,4179.0,2209.0,1318.0,1595.0,1336.0,1332.0,1342.0
0.0,10918.0,3994.0,4011.0,4879.0,4241.0,1271.0,1232.0,1738.0,1337.0,1332.0,1342.0,1337.0,1325.0,1332.0,3135.0,4010.0,3773.0,1271.0,1232.0,1738.0,1337.0,1332.0,1342.0
0.0,11803.0,3977.0,4007.0,5122.0,3080.0,378.0,1238.0,1464.0,1335.0,1331.0,1341.0,1324.0,1328.0,1325.0,4077.0,4096.0,3630.0,378.0,1238.0,1464.0,1335.0,1331.0,1341.0
0.0,12948.0,4051.0,4010.0,4241.0,2902.0,459.0,1364.0,1079.0,1336.0,1332.0,1342.0,1348.0,1354.0,1349.0,4962.0,4086.0,3900.0,459.0,1364.0,1079.0,1336.0,1332.0,1342.0
0.0,13138.0,4103.0,4014.0,3080.0,3941.0,1462.0,1505.0,974.0,1338.0,1333.0,1343.0,1373.0,1375.0,1355.0,4885.0,3964.0,4289.0,1462.0,1505.0,974.0,1338.0,1333.0,1343.0
0.0,12115.0,4045.0,4013.0,2902.0,5080.0,2358.0,1494.0,1228.0,1337.0,1333.0,1343.0,1359.0,1353.0,1333.0,3890.0,3827.0,4398.0,2358.0,1494.0,1228.0,1337.0,1333.0,1343.0
0.0,10972.0,4139.0,4014.0,3941.0,5282.0,2298.0,1376.0,1608.0,1338.0,1334.0,1342.0,1398.0,1383.0,1358.0,2990.0,3838.0,4144.0,2298.0,1376.0,1608.0,1338.0,1334.0,1342.0
0.0,10774.0,4114.0,4016.0,5080.0,4324.0,1328.0,1266.0,1730.0,1339.0,1335.0,1342.0,1384.0,1380.0,1350.0,3054.0,3960.0,3760.0,1328.0,1266.0,1730.0,1339.0,1335.0,1342.0
0.0,11740.0,4089.0,4017.0,5282.0,3135.0,389.0,1261.0,1485.0,1338.0,1336.0,1343.0,1363.0,1367.0,1359.0,4028.0,4074.0,3638.0,389.0,1261.0,1485.0,1338.0,1336.0,1343.0
0.0,12933.0,4115.0,4019.0,4324.0,2934.0,450.0,1388.0,1096.0,1339.0,1338.0,1342.0,1385.0,1385.0,1345.0,4963.0,4083.0,3887.0,450.0,1388.0,1096.0,1339.0,1338.0,1342.0
0.0,13142.0,4028.0,4020.0,3135.0,3831.0,1412.0,1484.0,935.0,1339.0,1339.0,1342.0,1351.0,1353.0,1324.0,4906.0,3964.0,4272.0,1412.0,1484.0,935.0,1339.0,1339.0,1342.0
0.0,12249.0,3964.0,4021.0,2934.0,4865.0,2298.0,1435.0,1132.0,1340.0,1339.0,1342.0,1332.0,1339.0,1293.0,3944.0,3872.0,4433.0,2298.0,1435.0,1132.0,1340.0,1339.0,1342.0
0.0,11219.0,4070.0,4021.0,3831.0,5104.0,2244.0,1339.0,1521.0,1340.0,1340.0,1341.0,1358.0,1384.0,1328.0,3062.0,3921.0,4236.0,2244.0,1339.0,1521.0,1340.0,1340.0,1341.0
0.0,10980.0,4063.0,4023.0,4865.0,4310.0,1286.0,1277.0,1747.0,1340.0,1341.0,1342.0,1340.0,1369.0,1354.0,3116.0,4021.0,3843.0,1286.0,1277.0,1747.0,1340.0,1341.0,1342.0
0.0,11782.0,4093.0,4026.0,5104.0,3311.0,423.0,1320.0,1568.0,1341.0,1343.0,1342.0,1377.0,1374.0,1342.0,4074.0,4087.0,3621.0,423.0,1320.0,1568.0,1341.0,1343.0,1342.0
0.0,12793.0,4094.0,4027.0,4310.0,3099.0,494.0,1429.0,1176.0,1341.0,1344.0,1342.0,1357.0,1382.0,1355.0,4941.0,4052.0,3800.0,494.0,1429.0,1176.0,1341.0,1344.0,1342.0
0.0,13009.0,4058.0,4030.0,3311.0,3858.0,1420.0,1486.0,952.0,1342.0,1345.0,1343.0,1345.0,1373.0,1340.0,4870.0,3947.0,4192.0,1420.0,1486.0,952.0,1342.0,1345.0,1343.0
0.0,12262.0,4114.0,4033.0,3099.0,4885.0,2301.0,1425.0,1159.0,1343.0,1346.0,1344.0,1371.0,1364.0,1379.0,3948.0,3894.0,4420.0,2301.0,1425.0,1159.0,1343.0,1346.0,1344.0
0.0,11247.0,4146.0,4035.0,3858.0,5181.0,2271.0,1330.0,1580.0,1344.0,1347.0,1344.0,1386.0,1387.0,1373.0,3071.0,3959.0,4217.0,2271.0,1330.0,1580.0,1344.0,1347.0,1344.0
0.0,10959.0,4013.0,4035.0,4885.0,4309.0,1303.0,1264.0,1742.0,1344.0,1347.0,1344.0,1333.0,1359.0,1321.0,3105.0,4058.0,3796.0,1303.0,1264.0,1742.0,1344.0,1347.0,1344.0
0.0,11831.0,4064.0,4035.0,5181.0,3192.0,375.0,1305.0,1512.0,1344.0,1347.0,1344.0,1343.0,1371.0,1350.0,4073.0,4124.0,3634.0,375.0,1305.0,1512.0,1344.0,1347.0,1344.0
0.0,12948.0,4089.0,4036.0,4309.0,2976.0,425.0,1430.0,1121.0,1344.0,1348.0,1344.0,1353.0,1385.0,1351.0,5001.0,4083.0,3864.0,425.0,1430.0,1121.0,1344.0,1348.0,1344.0
0.0,13168.0,4069.0,4038.0,3192.0,3861.0,1390.0,1499.0,972.0,1344.0,1349.0,1345.0,1340.0,1370.0,1359.0,4951.0,3962.0,4255.0,1390.0,1499.0,972.0,1344.0,1349.0,1345.0
0.0,12291.0,4095.0,4040.0,2976.0,4988.0,2312.0,1446.0,1230.0,1345.0,1349.0,1346.0,1343.0,1377.0,1375.0,3986.0,3897.0,4408.0,2312.0,1446.0,1230.0,1345.0,1349.0,1346.0
0.0,11172.0,4076.0,4038.0,3861.0,5195.0,2271.0,1288.0,1636.0,1344.0,1348.0,1346.0,1353.0,1345.0,1378.0,3068.0,3950.0,4154.0,2271.0,1288.0,1636.0,1344.0,1348.0,1346.0
0.0,10957.0,4054.0,4039.0,4988.0,4265.0,1309.0,1198.0,1758.0,1344.0,1348.0,1347.0,1350.0,1356.0,1348.0,3105.0,4104.0,3748.0,1309.0,1198.0,1758.0,1344.0,1348.0,1347.0
0.0,11891.0,4088.0,4041.0,5195.0,3166.0,395.0,1293.0,1478.0,1345.0,1349.0,1347.0,1353.0,1379.0,1356.0,4067.0,4194.0,3630.0,395.0,1293.0,1478.0,1345.0,1349.0,1347.0
0.0,12998.0,4036.0,4044.0,4265.0,2949.0,445.0,1439.0,1065.0,1346.0,1350.0,1348.0,1355.0,1340.0,1341.0,4985.0,4103.0,3910.0,445.0,1439.0,1065.0,1346.0,1350.0,1348.0
0.0,13227.0,4100.0,4046.0,3166.0,3891.0,1425.0,1512.0,954.0,1347.0,1351.0,1348.0,1371.0,1362.0,1367.0,4939.0,3961.0,4327.0,1425.0,1512.0,954.0,1347.0,1351.0,1348.0
0.0,12293.0,4118.0,4047.0,2949.0,5064.0,2353.0,1444.0,1267.0,1347.0,1351.0,1349.0,1373.0,1371.0,1374.0,3963.0,3892.0,4438.0,2353.0,1444.0,1267.0,1347.0,1351.0,1349.0
0.0,11124.0,4081.0,4047.0,3891.0,5254.0,2307.0,1277.0,1670.0,1347.0,1351.0,1349.0,1379.0,1345.0,1357.0,3035.0,3960.0,4129.0,2307.0,1277.0,1670.0,1347.0,1351.0,1349.0
0.0,10934.0,4061.0,4046.0,5064.0,4247.0,1332.0,1168.0,1747.0,1347.0,1350.0,1349.0,1378.0,1339.0,1344.0,3081.0,4127.0,3726.0,1332.0,1168.0,1747.0,1347.0,1350.0,1349.0
0.0,11937.0,4076.0,4050.0,5254.0,3085.0,402.0,1245.0,1438.0,1349.0,1351.0,1350.0,1369.0,1350.0,1357.0,4056.0,4232.0,3649.0,402.0,1245.0,1438.0,1349.0,1351.0,1350.0
0.0,13115.0,3954.0,4048.0,4247.0,2784.0,410.0,1373.0,1001.0,1349.0,1350.0,1349.0,1340.0,1300.0,1314.0,4994.0,4159.0,3962.0,410.0,1373.0,1001.0,1349.0,1350.0,1349.0
0.0,13408.0,4204.0,4055.0,3085.0,3931.0,1414.0,1527.0,990.0,1351.0,1352.0,1352.0,1398.0,1391.0,1415.0,4986.0,4027.0,4395.0,1414.0,1527.0,990.0,1351.0,1352.0,1352.0
0.0,12289.0,4080.0,4055.0,2784.0,5227.0,2365.0,1504.0,1358.0,1351.0,1352.0,1352.0,1361.0,1350.0,1369.0,3990.0,3881.0,4418.0,2365.0,1504.0,1358.0,1351.0,1352.0,1352.0
0.0,10993.0,4093.0,4058.0,3931.0,5401.0,2317.0,1331.0,1753.0,1352.0,1353.0,1353.0,1362.0,1350.0,1381.0,3039.0,3904.0,4050.0,2317.0,1331.0,1753.0,1352.0,1353.0,1353.0
0.0,10831.0,4074.0,4060.0,5227.0,4256.0,1311.0,1172.0,1773.0,1353.0,1353.0,1354.0,1355.0,1345.0,1374.0,3091.0,4081.0,3659.0,1311.0,1172.0,1773.0,1353.0,1353.0,1354.0
0.0,11984.0,4085.0,4060.0,5401.0,2940.0,355.0,1187.0,1398.0,1353.0,1353.0,1354.0,1361.0,1346.0,1378.0,4101.0,4240.0,3643.0,355.0,1187.0,1398.0,1353.0,1353.0,1354.0
0.0,13300.0,4206.0,4064.0,4256.0,2906.0,460.0,1395.0,1051.0,1355.0,1354.0,1355.0,1408.0,1376.0,1422.0,5057.0,4225.0,4018.0,460.0,1395.0,1051.0,1355.0,1354.0,1355.0
0.0,13350.0,4087.0,4067.0,2940.0,4065.0,1477.0,1571.0,1017.0,1356.0,1355.0,1356.0,1368.0,1359.0,1360.0,4960.0,4021.0,4369.0,1477.0,1571.0,1017.0,1356.0,1355.0,1356.0
0.0,12203.0,4064.0,4069.0,2906.0,5231.0,2361.0,1530.0,1340.0,1356.0,1356.0,1357.0,1344.0,1350.0,1370.0,3947.0,3849.0,4407.0,2361.0,1530.0,1340.0,1356.0,1356.0,1357.0
0.0,11045.0,4085.0,4069.0,4065.0,5251.0,2225.0,1312.0,1714.0,1356.0,1356.0,1357.0,1341.0,1353.0,1391.0,3063.0,3894.0,4088.0,2225.0,1312.0,1714.0,1356.0,1356.0,1357.0
0.0,11025.0,4116.0,4070.0,5231.0,4140.0,1230.0,1168.0,1742.0,1356.0,1357.0,1357.0,1366.0,1382.0,1368.0,3199.0,4112.0,3714.0,1230.0,1168.0,1742.0,1356.0,1357.0,1357.0
0.0,12140.0,4208.0,4074.0,5251.0,3113.0,421.0,1237.0,1455.0,1358.0,1358.0,1358.0,1408.0,1377.0,1423.0,4194.0,4260.0,3686.0,421.0,1237.0,1455.0,1358.0,1358.0,1358.0
0.0,13183.0,4093.0,4078.0,4140.0,3082.0,535.0,1471.0,1076.0,1359.0,1360.0,1359.0,1340.0,1394.0,1359.0,5011.0,4195.0,3977.0,535.0,1471.0,1076.0,1359.0,1360.0,1359.0
0.0,13230.0,3991.0,4075.0,3113.0,3948.0,1432.0,1562.0,954.0,1358.0,1359.0,1358.0,1322.0,1332.0,1337.0,4901.0,3969.0,4360.0,1432.0,1562.0,954.0,1358.0,1359.0,1358.0
0.0,12352.0,4087.0,4075.0,3082.0,4953.0,2249.0,1462.0,1242.0,1358.0,1359.0,1358.0,1352.0,1371.0,1364.0,4000.0,3874.0,4478.0,2249.0,1462.0,1242.0,1358.0,1359.0,1358.0
0.0,11347.0,4090.0,4077.0,3948.0,5103.0,2177.0,1288.0,1638.0,1359.0,1360.0,1358.0,1356.0,1384.0,1350.0,3183.0,3974.0,4190.0,2177.0,1288.0,1638.0,1359.0,1360.0,1358.0
0.0,11205.0,4196.0,4078.0,4953.0,4350.0,1327.0,1237.0,1786.0,1359.0,1361.0,1358.0,1399.0,1407.0,1390.0,3259.0,4152.0,3794.0,1327.0,1237.0,1786.0,1359.0,1361.0,1358.0
0.0,11962.0,4135.0,4080.0,5103.0,3390.0,534.0,1323.0,1533.0,1360.0,1362.0,1358.0,1380.0,1370.0,1385.0,4109.0,4207.0,3646.0,534.0,1323.0,1533.0,1360.0,1362.0,1358.0
0.0,12930.0,4054.0,4082.0,4350.0,3102.0,545.0,1442.0,1115.0,1360.0,1363.0,1359.0,1338.0,1352.0,1364.0,4906.0,4125.0,3899.0,545.0,1442.0,1115.0,1360.0,1363.0,1359.0
0.0,13226.0,4132.0,4083.0,3390.0,3848.0,1403.0,1504.0,941.0,1361.0,1363.0,1359.0,1388.0,1385.0,1359.0,4895.0,4010.0,4321.0,1403.0,1504.0,941.0,1361.0,1363.0,1359.0
0.0,12484.0,4209.0,4087.0,3102.0,4971.0,2240.0,1487.0,1244.0,1362.0,1365.0,1360.0,1378.0,1417.0,1414.0,4041.0,3948.0,4495.0,2240.0,1487.0,1244.0,1362.0,1365.0,1360.0
0.0,11377.0,4174.0,4090.0,3848.0,5309.0,2236.0,1375.0,1698.0,1363.0,1366.0,1361.0,1395.0,1388.0,1391.0,3208.0,3973.0,4196.0,2236.0,1375.0,1698.0,1363.0,1366.0,1361.0
0.0,11051.0,4248.0,4095.0,4971.0,4606.0,1441.0,1296.0,1869.0,1365.0,1367.0,1363.0,1437.0,1404.0,1407.0,3216.0,4089.0,3746.0,1441.0,1296.0,1869.0,1365.0,1367.0,1363.0
0.0,11774.0,4109.0,4094.0,5309.0,3402.0,578.0,1304.0,1520.0,1365.0,1367.0,1362.0,1373.0,1383.0,1353.0,4019.0,4172.0,3583.0,578.0,1304.0,1520.0,1365.0,1367.0,1362.0
0.0,12974.0,4122.0,4096.0,4606.0,2926.0,527.0,1388.0,1011.0,1365.0,1368.0,1363.0,1390.0,1376.0,1356.0,4882.0,4164.0,3928.0,527.0,1388.0,1011.0,1365.0,1368.0,1363.0
0.0,13458.0,4138.0,4097.0,3402.0,3666.0,1366.0,1456.0,844.0,1366.0,1368.0,1363.0,1413.0,1372.0,1353.0,4933.0,4084.0,4441.0,1366.0,1456.0,844.0,1366.0,1368.0,1363.0
0.0,12722.0,4104.0,4096.0,2926.0,4840.0,2208.0,1447.0,1185.0,1365.0,1368.0,1363.0,1373.0,1379.0,1352.0,4098.0,4016.0,4608.0,2208.0,1447.0,1185.0,1365.0,1368.0,1363.0
0.0,11544.0,4135.0,4097.0,3666.0,5313.0,2243.0,1372.0,1698.0,1366.0,1368.0,1363.0,1397.0,1381.0,1357.0,3252.0,4025.0,4267.0,2243.0,1372.0,1698.0,1366.0,1368.0,1363.0
0.0,11075.0,4117.0,4097.0,4840.0,4590.0,1428.0,1307.0,1855.0,1366.0,1368.0,1363.0,1393.0,1382.0,1342.0,3221.0,4100.0,3754.0,1428.0,1307.0,1855.0,1366.0,1368.0,1363.0
0.0,11798.0,4174.0,4100.0,5313.0,3463.0,576.0,1340.0,1547.0,1367.0,1369.0,1364.0,1387.0,1401.0,1386.0,4036.0,4165.0,3597.0,576.0,1340.0,1547.0,1367.0,1369.0,1364.0
0.0,12937.0,4219.0,4105.0,4590.0,3112.0,578.0,1439.0,1095.0,1369.0,1370.0,1366.0,1422.0,1402.0,1395.0,4892.0,4136.0,3909.0,578.0,1439.0,1095.0,1369.0,1370.0,1366.0
0.0,13308.0,4065.0,4104.0,3463.0,3710.0,1364.0,1447.0,899.0,1369.0,1369.0,1366.0,1362.0,1352.0,1351.0,4898.0,4041.0,4369.0,1364.0,1447.0,899.0,1369.0,1369.0,1366.0
0.0,12706.0,4209.0,4108.0,3112.0,4823.0,2229.0,1389.0,1205.0,1371.0,1370.0,1367.0,1435.0,1377.0,1397.0,4112.0,4029.0,4565.0,2229.0,1389.0,1205.0,1371.0,1370.0,1367.0
0.0,11609.0,4084.0,4108.0,3710.0,5197.0,2240.0,1283.0,1674.0,1371.0,1369.0,1368.0,1375.0,1345.0,1364.0,3255.0,4091.0,4263.0,2240.0,1283.0,1674.0,1371.0,1369.0,1368.0
0.0,11235.0,4085.0,4108.0,4823.0,4459.0,1382.0,1252.0,1825.0,1371.0,1369.0,1368.0,1371.0,1358.0,1356.0,3244.0,4193.0,3798.0,1382.0,1252.0,1825.0,1371.0,1369.0,1368.0
0.0,11973.0,4044.0,4107.0,5197.0,3302.0,489.0,1298.0,1515.0,1371.0,1368.0,1368.0,1347.0,1333.0,1364.0,4102.0,4224.0,3647.0,489.0,1298.0,1515.0,1371.0,1368.0,1368.0
0.0,13126.0,4166.0,4108.0,4459.0,3013.0,501.0,1416.0,1096.0,1371.0,1368.0,1369.0,1394.0,1370.0,1402.0,4995.0,4174.0,3957.0,501.0,1416.0,1096.0,1371.0,1368.0,1369.0
0.0,13419.0,4101.0,4107.0,3302.0,3808.0,1378.0,1474.0,956.0,1371.0,1367.0,1369.0,1366.0,1360.0,1375.0,4983.0,4056.0,4380.0,1378.0,1474.0,956.0,1371.0,1367.0,1369.0
0.0,12620.0,4148.0,4110.0,3013.0,4955.0,2264.0,1439.0,1252.0,1372.0,1368.0,1370.0,1383.0,1377.0,1388.0,4106.0,3994.0,4520.0,2264.0,1439.0,1252.0,1372.0,1368.0,1370.0
0.0,11485.0,4055.0,4109.0,3808.0,5198.0,2242.0,1303.0,1653.0,1372.0,1367.0,1370.0,1356.0,1342.0,1357.0,3224.0,4033.0,4228.0,2242.0,1303.0,1653.0,1372.0,1367.0,1370.0
0.0,11238.0,4131.0,4110.0,4955.0,4378.0,1347.0,1234.0,1797.0,1372.0,1367.0,1371.0,1369.0,1370.0,1392.0,3246.0,4165.0,3827.0,1347.0,1234.0,1797.0,1372.0,1367.0,1371.0
0.0,12062.0,4175.0,4112.0,5198.0,3363.0,502.0,1299.0,1562.0,1373.0,1367.0,1372.0,1393.0,1368.0,1414.0,4141.0,4234.0,3687.0,502.0,1299.0,1562.0,1373.0,1367.0,1372.0
0.0,13085.0,4064.0,4111.0,4378.0,3045.0,485.0,1401.0,1159.0,1373.0,1366.0,1372.0,1330.0,1340.0,1394.0,4990.0,4169.0,3926.0,485.0,1401.0,1159.0,1373.0,1366.0,1372.0
0.0,13399.0,4213.0,4114.0,3363.0,3907.0,1374.0,1522.0,1011.0,1374.0,1367.0,1373.0,1387.0,1416.0,1410.0,5007.0,4063.0,4329.0,1374.0,1522.0,1011.0,1374.0,1367.0,1373.0
0.0,12549.0,4041.0,4114.0,3045.0,4903.0,2224.0,1467.0,1212.0,1374.0,1367.0,1373.0,1335.0,1346.0,1360.0,4122.0,3946.0,4481.0,2224.0,1467.0,1212.0,1374.0,1367.0,1373.0
0.0,11553.0,4130.0,4115.0,3907.0,5130.0,2238.0,1303.0,1589.0,1374.0,1367.0,1374.0,1388.0,1358.0,1384.0,3272.0,4001.0,4280.0,2238.0,1303.0,1589.0,1374.0,1367.0,1374.0
0.0,11330.0,4185.0,4118.0,4903.0,4424.0,1413.0,1226.0,1785.0,1375.0,1368.0,1375.0,1395.0,1386.0,1404.0,3258.0,4165.0,3907.0,1413.0,1226.0,1785.0,1375.0,1368.0,1375.0
0.0,12048.0,4143.0,4118.0,5130.0,3437.0,557.0,1302.0,1578.0,1375.0,1368.0,1375.0,1382.0,1379.0,1382.0,4087.0,4246.0,3715.0,557.0,1302.0,1578.0,1375.0,1368.0,1375.0
0.0,13035.0,4324.0,4122.0,4424.0,3353.0,583.0,1513.0,1257.0,1376.0,1369.0,1377.0,1435.0,1433.0,1456.0,4943.0,4170.0,3922.0,583.0,1513.0,1257.0,1376.0,1369.0,1377.0
0.0,13135.0,4146.0,4124.0,3437.0,4070.0,1386.0,1598.0,1086.0,1376.0,1370.0,1378.0,1360.0,1383.0,1403.0,4921.0,3963.0,4251.0,1386.0,1598.0,1086.0,1376.0,1370.0,1378.0
0.0,12426.0,4190.0,4126.0,3353.0,4915.0,2213.0,1481.0,1221.0,1377.0,1371.0,1378.0,1406.0,1392.0,1392.0,4118.0,3882.0,4426.0,2213.0,1481.0,1221.0,1377.0,1371.0,1378.0
0.0,11589.0,4261.0,4130.0,4070.0,5122.0,2252.0,1309.0,1561.0,1378.0,1372.0,1380.0,1421.0,1422.0,1418.0,3295.0,4003.0,4291.0,2252.0,1309.0,1561.0,1378.0,1372.0,1380.0
0.0,11398.0,4147.0,4134.0,4915.0,4370.0,1410.0,1197.0,1763.0,1378.0,1374.0,1382.0,1371.0,1361.0,1415.0,3260.0,4179.0,3959.0,1410.0,1197.0,1763.0,1378.0,1374.0,1382.0
0.0,12166.0,4108.0,4132.0,5122.0,3348.0,543.0,1248.0,1557.0,1378.0,1373.0,1381.0,1385.0,1364.0,1359.0,4102.0,4299.0,3765.0,543.0,1248.0,1557.0,1378.0,1373.0,1381.0
0.0,13180.0,4028.0,4131.0,4370.0,3002.0,486.0,1400.0,1116.0,1378.0,1373.0,1380.0,1353.0,1349.0,1326.0,4969.0,4244.0,3967.0,486.0,1400.0,1116.0,1378.0,1373.0,1380.0
0.0,13522.0,4168.0,4132.0,3348.0,3826.0,1331.0,1537.0,958.0,1378.0,1374.0,1380.0,1388.0,1381.0,1399.0,5026.0,4092.0,4404.0,1331.0,1537.0,958.0,1378.0,1374.0,1380.0
0.0,12702.0,4204.0,4134.0,3002.0,5036.0,2258.0,1542.0,1236.0,1379.0,1375.0,1380.0,1409.0,1401.0,1394.0,4181.0,3959.0,4562.0,2258.0,1542.0,1236.0,1379.0,1375.0,1380.0
0.0,11500.0,4242.0,4137.0,3826.0,5464.0,2339.0,1431.0,1694.0,1380.0,1376.0,1381.0,1408.0,1422.0,1412.0,3258.0,3958.0,4284.0,2339.0,1431.0,1694.0,1380.0,1376.0,1381.0
0.0,11084.0,4134.0,4136.0,5036.0,4558.0,1462.0,1259.0,1837.0,1380.0,1376.0,1380.0,1381.0,1370.0,1383.0,3181.0,4073.0,3830.0,1462.0,1259.0,1837.0,1380.0,1376.0,1380.0
0.0,11986.0,4099.0,4135.0,5464.0,3189.0,474.0,1203.0,1512.0,1379.0,1376.0,1380.0,1355.0,1375.0,1369.0,4058.0,4245.0,3683.0,474.0,1203.0,1512.0,1379.0,1376.0,1380.0
0.0,13351.0,4143.0,4138.0,4558.0,2786.0,384.0,1332.0,1070.0,1380.0,1377.0,1381.0,1368.0,1384.0,1391.0,5042.0,4301.0,4008.0,384.0,1332.0,1070.0,1380.0,1377.0,1381.0
0.0,13766.0,4272.0,4142.0,3189.0,3885.0,1308.0,1590.0,987.0,1381.0,1379.0,1382.0,1394.0,1453.0,1425.0,5136.0,4176.0,4454.0,1308.0,1590.0,987.0,1381.0,1379.0,1382.0
0.0,12683.0,4210.0,4143.0,2786.0,5313.0,2312.0,1682.0,1319.0,1381.0,1380.0,1382.0,1388.0,1420.0,1402.0,4216.0,3926.0,4541.0,2312.0,1682.0,1319.0,1381.0,1380.0,1382.0
0.0,11259.0,4079.0,4141.0,3885.0,5499.0,2337.0,1468.0,1694.0,1380.0,1380.0,1381.0,1337.0,1376.0,1366.0,3212.0,3838.0,4209.0,2337.0,1468.0,1694.0,1380.0,1380.0,1381.0
0.0,11065.0,4123.0,4141.0,5313.0,4309.0,1418.0,1142.0,1749.0,1381.0,1379.0,1381.0,1389.0,1360.0,1374.0,3183.0,4052.0,3830.0,1418.0,1142.0,1749.0,1381.0,1379.0,1381.0
0.0,12255.0,4186.0,4145.0,5499.0,3012.0,453.0,1077.0,1482.0,1382.0,1380.0,1383.0,1368.0,1399.0,1419.0,4106.0,4374.0,3775.0,453.0,1077.0,1482.0,1382.0,1380.0,1383.0
0.0,13568.0,4197.0,4148.0,4309.0,2912.0,429.0,1325.0,1158.0,1383.0,1381.0,1384.0,1390.0,1386.0,1421.0,5075.0,4443.0,4050.0,429.0,1325.0,1158.0,1383.0,1381.0,1384.0
0.0,13680.0,4195.0,4149.0,3012.0,4099.0,1348.0,1666.0,1085.0,1383.0,1381.0,1385.0,1372.0,1418.0,1405.0,5103.0,4199.0,4378.0,1348.0,1666.0,1085.0,1383.0,1381.0,1385.0
0.0,12497.0,4139.0,4148.0,2912.0,5322.0,2278.0,1728.0,1316.0,1382.0,1381.0,1385.0,1363.0,1387.0,1389.0,4184.0,3858.0,4455.0,2278.0,1728.0,1316.0,1382.0,1381.0,1385.0
0.0,11270.0,4150.0,4149.0,4099.0,5377.0,2299.0,1469.0,1609.0,1382.0,1382.0,1385.0,1369.0,1403.0,1378.0,3250.0,3796.0,4224.0,2299.0,1469.0,1609.0,1382.0,1382.0,1385.0
0.0,11219.0,4105.0,4150.0,5322.0,4164.0,1397.0,1112.0,1655.0,1383.0,1382.0,1385.0,1372.0,1371.0,1362.0,3229.0,4059.0,3931.0,1397.0,1112.0,1655.0,1383.0,1382.0,1385.0
0.0,12436.0,4152.0,4150.0,5377.0,2939.0,472.0,1015.0,1452.0,1382.0,1382.0,1386.0,1378.0,1372.0,1402.0,4135.0,4416.0,3885.0,472.0,1015.0,1452.0,1382.0,1382.0,1386.0
0.0,13661.0,4111.0,4148.0,4164.0,2878.0,446.0,1278.0,1154.0,1382.0,1381.0,1385.0,1371.0,1379.0,1361.0,5056.0,4513.0,4092.0,446.0,1278.0,1154.0,1382.0,1381.0,1385.0
0.0,13714.0,4169.0,4148.0,2939.0,4108.0,1388.0,1647.0,1073.0,1383.0,1381.0,1384.0,1410.0,1384.0,1375.0,5082.0,4246.0,4386.0,1388.0,1647.0,1073.0,1383.0,1381.0,1384.0
0.0,12484.0,4226.0,4147.0,2878.0,5452.0,2359.0,1786.0,1307.0,1382.0,1381.0,1384.0,1421.0,1417.0,1388.0,4144.0,3877.0,4463.0,2359.0,1786.0,1307.0,1382.0,1381.0,1384.0
0.0,11136.0,4139.0,4148.0,4108.0,5487.0,2374.0,1510.0,1603.0,1383.0,1381.0,1384.0,1399.0,1371.0,1369.0,3169.0,3738.0,4229.0,2374.0,1510.0,1603.0,1383.0,1381.0,1384.0
0.0,11105.0,4146.0,4149.0,5452.0,4185.0,1414.0,1090.0,1681.0,1383.0,1381.0,1385.0,1399.0,1366.0,1381.0,3158.0,4014.0,3933.0,1414.0,1090.0,1681.0,1383.0,1381.0,1385.0
0.0,12411.0,4163.0,4149.0,5487.0,2861.0,424.0,951.0,1486.0,1382.0,1381.0,1386.0,1388.0,1371.0,1404.0,4118.0,4434.0,3859.0,424.0,951.0,1486.0,1382.0,1381.0,1386.0
0.0,13735.0,4226.0,4152.0,4185.0,2914.0,448.0,1266.0,1200.0,1384.0,1381.0,1387.0,1430.0,1405.0,1391.0,5104.0,4573.0,4058.0,448.0,1266.0,1200.0,1384.0,1381.0,1387.0
0.0,13694.0,4282.0,4153.0,2861.0,4339.0,1463.0,1759.0,1117.0,1384.0,1382.0,1387.0,1439.0,1440.0,1403.0,5088.0,4258.0,4348.0,1463.0,1759.0,1117.0,1384.0,1382.0,1387.0
0.0,12273.0,4175.0,4155.0,2914.0,5608.0,2458.0,1875.0,1275.0,1385.0,1382.0,1388.0,1439.0,1382.0,1354.0,4073.0,3769.0,4431.0,2458.0,1875.0,1275.0,1385.0,1382.0,1388.0
0.0,11012.0,4192.0,4156.0,4339.0,5465.0,2414.0,1511.0,1540.0,1386.0,1382.0,1388.0,1415.0,1395.0,1382.0,3082.0,3653.0,4277.0,2414.0,1511.0,1540.0,1386.0,1382.0,1388.0
0.0,11159.0,4152.0,4154.0,5608.0,4001.0,1353.0,1015.0,1633.0,1385.0,1382.0,1387.0,1401.0,1379.0,1372.0,3130.0,4017.0,4012.0,1353.0,1015.0,1633.0,1385.0,1382.0,1387.0
0.0,12615.0,4251.0,4157.0,5465.0,2799.0,353.0,941.0,1505.0,1386.0,1383.0,1388.0,1410.0,1433.0,1408.0,4187.0,4513.0,3915.0,353.0,941.0,1505.0,1386.0,1383.0,1388.0
0.0,13829.0,4261.0,4159.0,4001.0,3067.0,417.0,1359.0,1291.0,1386.0,1384.0,1389.0,1417.0,1429.0,1415.0,5191.0,4591.0,4047.0,417.0,1359.0,1291.0,1386.0,1384.0,1389.0
0.0,13569.0,4248.0,4162.0,2799.0,4528.0,1490.0,1830.0,1208.0,1387.0,1385.0,1390.0,1422.0,1408.0,1418.0,5127.0,4177.0,4265.0,1490.0,1830.0,1208.0,1387.0,1385.0,1390.0
0.0,12120.0,4195.0,4163.0,3067.0,5660.0,2464.0,1885.0,1311.0,1387.0,1386.0,1390.0,1391.0,1410.0,1394.0,4058.0,3710.0,4352.0,2464.0,1885.0,1311.0,1387.0,1386.0,1390.0
0.0,10992.0,4153.0,4167.0,4528.0,5301.0,2350.0,1474.0,1477.0,1388.0,1388.0,1391.0,1372.0,1411.0,1370.0,3084.0,3659.0,4249.0,2350.0,1474.0,1477.0,1388.0,1388.0,1391.0
0.0,11367.0,4216.0,4167.0,5660.0,3857.0,1298.0,1005.0,1554.0,1388.0,1389.0,1390.0,1412.0,1412.0,1392.0,3202.0,4078.0,4087.0,1298.0,1005.0,1554.0,1388.0,1389.0,1390.0
0.0,12811.0,4217.0,4169.0,5301.0,2781.0,329.0,956.0,1496.0,1388.0,1390.0,1391.0,1381.0,1421.0,1415.0,4254.0,4551.0,4006.0,329.0,956.0,1496.0,1388.0,1390.0,1391.0
0.0,13895.0,4224.0,4171.0,3857.0,3156.0,429.0,1353.0,1374.0,1389.0,1390.0,1392.0,1394.0,1402.0,1428.0,5223.0,4604.0,4068.0,429.0,1353.0,1374.0,1389.0,1390.0,1392.0
0.0,13528.0,4290.0,4176.0,2781.0,4685.0,1522.0,1870.0,1293.0,1390.0,1393.0,1393.0,1418.0,1461.0,1411.0,5127.0,4207.0,4194.0,1522.0,1870.0,1293.0,1390.0,1393.0,1393.0
0.0,12019.0,4254.0,4177.0,3156.0,5787.0,2493.0,1958.0,1336.0,1390.0,1394.0,1393.0,1400.0,1437.0,1417.0,4038.0,3702.0,4279.0,2493.0,1958.0,1336.0,1390.0,1394.0,1393.0
0.0,10921.0,4181.0,4178.0,4685.0,5287.0,2330.0,1507.0,1450.0,1390.0,1395.0,1393.0,1359.0,1415.0,1407.0,3067.0,3618.0,4236.0,2330.0,1507.0,1450.0,1390.0,1395.0,1393.0
0.0,11425.0,4299.0,4183.0,5787.0,3819.0,1273.0,986.0,1560.0,1392.0,1397.0,1394.0,1428.0,1429.0,1442.0,3230.0,4073.0,4122.0,1273.0,986.0,1560.0,1392.0,1397.0,1394.0
0.0,12913.0,4309.0,4184.0,5287.0,2845.0,356.0,922.0,1567.0,1392.0,1397.0,1395.0,1413.0,1443.0,1453.0,4295.0,4602.0,4016.0,356.0,922.0,1567.0,1392.0,1397.0,1395.0
0.0,13891.0,4275.0,4188.0,3819.0,3317.0,488.0,1390.0,1439.0,1393.0,1399.0,1396.0,1401.0,1446.0,1428.0,5212.0,4666.0,4013.0,488.0,1390.0,1439.0,1393.0,1399.0,1396.0
0.0,13435.0,4344.0,4193.0,2845.0,4836.0,1580.0,1910.0,1346.0,1394.0,1401.0,1398.0,1444.0,1434.0,1466.0,5084.0,4206.0,4145.0,1580.0,1910.0,1346.0,1394.0,1401.0,1398.0
0.0,11936.0,4237.0,4194.0,3317.0,5760.0,2497.0,1930.0,1333.0,1395.0,1401.0,1398.0,1401.0,1410.0,1426.0,3996.0,3694.0,4246.0,2497.0,1930.0,1333.0,1395.0,1401.0,1398.0
0.0,11016.0,4295.0,4196.0,4836.0,5227.0,2346.0,1456.0,1425.0,1395.0,1402.0,1399.0,1429.0,1432.0,1434.0,3083.0,3674.0,4259.0,2346.0,1456.0,1425.0,1395.0,1402.0,1399.0
0.0,11557.0,4246.0,4195.0,5760.0,3709.0,1271.0,909.0,1529.0,1395.0,1401.0,1399.0,1422.0,1387.0,1437.0,3234.0,4152.0,4171.0,1271.0,909.0,1529.0,1395.0,1401.0,1399.0
0.0,13071.0,4292.0,4198.0,5227.0,2786.0,354.0,872.0,1560.0,1396.0,1402.0,1400.0,1425.0,1415.0,1452.0,4309.0,4695.0,4067.0,354.0,872.0,1560.0,1396.0,1402.0,1400.0
0.0,14006.0,4280.0,4200.0,3709.0,3365.0,504.0,1384.0,1477.0,1397.0,1402.0,1401.0,1417.0,1421.0,1442.0,5230.0,4736.0,4040.0,504.0,1384.0,1477.0,1397.0,1402.0,1401.0
0.0,13435.0,4244.0,4199.0,2786.0,4819.0,1553.0,1903.0,1363.0,1396.0,1402.0,1401.0,1407.0,1391.0,1446.0,5084.0,4224.0,4127.0,1553.0,1903.0,1363.0,1396.0,1402.0,1401.0
0.0,11977.0,4314.0,4203.0,3365.0,5784.0,2504.0,1933.0,1347.0,1398.0,1403.0,1402.0,1447.0,1410.0,1457.0,4031.0,3705.0,4241.0,2504.0,1933.0,1347.0,1398.0,1403.0,1402.0
0.0,11028.0,4169.0,4204.0,4819.0,5138.0,2377.0,1404.0,1357.0,1399.0,1403.0,1402.0,1422.0,1374.0,1373.0,3088.0,3679.0,4261.0,2377.0,1404.0,1357.0,1399.0,1403.0,1402.0
0.0,11678.0,4193.0,4208.0,5784.0,3563.0,1289.0,863.0,1411.0,1400.0,1404.0,1404.0,1412.0,1388.0,1393.0,3219.0,4208.0,4251.0,1289.0,863.0,1411.0,1400.0,1404.0,1404.0
0.0,13269.0,4322.0,4210.0,5138.0,2755.0,361.0,880.0,1514.0,1401.0,1404.0,1405.0,1445.0,1421.0,1456.0,4311.0,4753.0,4205.0,361.0,880.0,1514.0,1401.0,1404.0,1405.0
0.0,14085.0,4190.0,4210.0,3563.0,3382.0,501.0,1386.0,1495.0,1401.0,1404.0,1405.0,1429.0,1369.0,1392.0,5243.0,4736.0,4106.0,501.0,1386.0,1495.0,1401.0,1404.0,1405.0
0.0,13458.0,4228.0,4210.0,2755.0,4855.0,1549.0,1920.0,1386.0,1401.0,1404.0,1405.0,1409.0,1414.0,1405.0,5103.0,4230.0,4125.0,1549.0,1920.0,1386.0,1401.0,1404.0,1405.0
0.0,11985.0,4240.0,4212.0,3382.0,5721.0,2454.0,1935.0,1332.0,1402.0,1404.0,1406.0,1402.0,1401.0,1437.0,4055.0,3696.0,4234.0,2454.0,1935.0,1332.0,1402.0,1404.0,1406.0
0.0,11127.0,4140.0,4212.0,4855.0,5006.0,2272.0,1399.0,1335.0,1402.0,1404.0,1406.0,1367.0,1384.0,1389.0,3154.0,3681.0,4292.0,2272.0,1399.0,1335.0,1402.0,1404.0,1406.0
0.0,11842.0,4234.0,4214.0,5721.0,3527.0,1206.0,900.0,1421.0,1402.0,1405.0,1407.0,1388.0,1432.0,1414.0,3336.0,4217.0,4289.0,1206.0,900.0,1421.0,1402.0,1405.0,1407.0
0.0,13329.0,4198.0,4212.0,5006.0,2711.0,335.0,883.0,1493.0,1402.0,1404.0,1406.0,1401.0,1386.0,1411.0,4402.0,4720.0,4207.0,335.0,883.0,1493.0,1402.0,1404.0,1406.0
0.0,14137.0,4164.0,4211.0,3527.0,3344.0,522.0,1352.0,1470.0,1402.0,1403.0,1406.0,1393.0,1373.0,1398.0,5273.0,4733.0,4131.0,522.0,1352.0,1470.0,1402.0,1403.0,1406.0
0.0,13500.0,4229.0,4215.0,2711.0,4878.0,1607.0,1878.0,1393.0,1404.0,1404.0,1407.0,1412.0,1405.0,1412.0,5086.0,4260.0,4154.0,1607.0,1878.0,1393.0,1404.0,1404.0,1407.0
0.0,11982.0,4262.0,4217.0,3344.0,5804.0,2505.0,1965.0,1334.0,1404.0,1405.0,1408.0,1420.0,1435.0,1407.0,4009.0,3738.0,4235.0,2505.0,1965.0,1334.0,1404.0,1405.0,1408.0
0.0,11064.0,4229.0,4218.0,4878.0,5159.0,2305.0,1512.0,1342.0,1405.0,1406.0,1407.0,1403.0,1421.0,1405.0,3111.0,3655.0,4298.0,2305.0,1512.0,1342.0,1405.0,1406.0,1407.0
0.0,11713.0,4227.0,4218.0,5804.0,3582.0,1204.0,976.0,1402.0,1405.0,1406.0,1407.0,1404.0,1429.0,1394.0,3315.0,4112.0,4286.0,1204.0,976.0,1402.0,1405.0,1406.0,1407.0
0.0,13290.0,4289.0,4220.0,5159.0,2720.0,324.0,913.0,1483.0,1406.0,1407.0,1407.0,1421.0,1445.0,1423.0,4416.0,4648.0,4226.0,324.0,913.0,1483.0,1406.0,1407.0,1407.0
0.0,14160.0,4273.0,4224.0,3582.0,3427.0,555.0,1378.0,1494.0,1408.0,1408.0,1408.0,1427.0,1437.0,1409.0,5300.0,4715.0,4145.0,555.0,1378.0,1494.0,1408.0,1408.0,1408.0
0.0,13469.0,4252.0,4225.0,2720.0,4963.0,1633.0,1917.0,1413.0,1408.0,1409.0,1408.0,1402.0,1448.0,1402.0,5077.0,4254.0,4138.0,1633.0,1917.0,1413.0,1408.0,1409.0,1408.0
0.0,11937.0,4196.0,4227.0,3427.0,5740.0,2484.0,1933.0,1323.0,1409.0,1409.0,1409.0,1402.0,1394.0,1400.0,3999.0,3719.0,4219.0,2484.0,1933.0,1323.0,1409.0,1409.0,1409.0
0.0,11168.0,4216.0,4228.0,4963.0,4997.0,2251.0,1441.0,1305.0,1409.0,1410.0,1409.0,1400.0,1421.0,1395.0,3152.0,3703.0,4313.0,2251.0,1441.0,1305.0,1409.0,1410.0,1409.0
0.0,11915.0,4282.0,4231.0,5740.0,3551.0,1204.0,946.0,1401.0,1410.0,1411.0,1410.0,1433.0,1434.0,1415.0,3385.0,4199.0,4331.0,1204.0,946.0,1401.0,1410.0,1411.0,1410.0
0.0,13373.0,4233.0,4232.0,4997.0,2791.0,360.0,945.0,1486.0,1410.0,1412.0,1410.0,1407.0,1436.0,1390.0,4436.0,4698.0,4239.0,360.0,945.0,1486.0,1410.0,1412.0,1410.0
0.0,14137.0,4137.0,4232.0,3551.0,3377.0,548.0,1384.0,1445.0,1410.0,1412.0,1410.0,1392.0,1385.0,1360.0,5280.0,4703.0,4154.0,548.0,1384.0,1445.0,1410.0,1412.0,1410.0
0.0,13551.0,4331.0,4234.0,2791.0,4925.0,1618.0,1899.0,1408.0,1410.0,1413.0,1411.0,1430.0,1456.0,1445.0,5092.0,4264.0,4195.0,1618.0,1899.0,1408.0,1410.0,1413.0,1411.0
0.0,12011.0,4307.0,4237.0,3377.0,5867.0,2522.0,1953.0,1392.0,1411.0,1414.0,1412.0,1448.0,1434.0,1425.0,4022.0,3753.0,4236.0,2522.0,1953.0,1392.0,1411.0,1414.0,1412.0
0.0,11081.0,4238.0,4239.0,4925.0,5188.0,2333.0,1478.0,1377.0,1412.0,1415.0,1412.0,1425.0,1420.0,1393.0,3122.0,3703.0,4256.0,2333.0,1478.0,1377.0,1412.0,1415.0,1412.0
0.0,11768.0,4262.0,4240.0,5867.0,3587.0,1238.0,974.0,1375.0,1412.0,1416.0,1412.0,1427.0,1445.0,1390.0,3315.0,4182.0,4271.0,1238.0,974.0,1375.0,1412.0,1416.0,1412.0
0.0,13373.0,4367.0,4242.0,5188.0,2774.0,354.0,962.0,1458.0,1412.0,1417.0,1413.0,1449.0,1462.0,1456.0,4410.0,4690.0,4273.0,354.0,962.0,1458.0,1412.0,1417.0,1413.0
0.0,14194.0,4262.0,4244.0,3587.0,3457.0,536.0,1427.0,1494.0,1412.0,1418.0,1414.0,1420.0,1435.0,1407.0,5294.0,4706.0,4194.0,536.0,1427.0,1494.0,1412.0,1418.0,1414.0
0.0,13519.0,4354.0,4246.0,2774.0,5045.0,1620.0,1944.0,1481.0,1412.0,1419.0,1415.0,1438.0,1475.0,1441.0,5112.0,4245.0,4162.0,1620.0,1944.0,1481.0,1412.0,1419.0,1415.0
0.0,11939.0,4363.0,4250.0,3457.0,5967.0,2545.0,1992.0,1430.0,1413.0,1421.0,1416.0,1457.0,1467.0,1439.0,4028.0,3732.0,4179.0,2545.0,1992.0,1430.0,1413.0,1421.0,1416.0
0.0,11033.0,4357.0,4252.0,5045.0,5287.0,2379.0,1495.0,1413.0,1414.0,1421.0,1417.0,1450.0,1447.0,1460.0,3107.0,3692.0,4234.0,2379.0,1495.0,1413.0,1414.0,1421.0,1417.0
0.0,11721.0,4293.0,4253.0,5967.0,3617.0,1298.0,909.0,1410.0,1415.0,1421.0,1417.0,1460.0,1406.0,1427.0,3277.0,4189.0,4255.0,1298.0,909.0,1410.0,1415.0,1421.0,1417.0
0.0,13395.0,4385.0,4255.0,5287.0,2723.0,392.0,865.0,1466.0,1416.0,1421.0,1418.0,1469.0,1451.0,1465.0,4362.0,4775.0,4258.0,392.0,865.0,1466.0,1416.0,1421.0,1418.0
0.0,14297.0,4351.0,4258.0,3617.0,3469.0,550.0,1405.0,1514.0,1417.0,1422.0,1419.0,1452.0,1445.0,1454.0,5272.0,4819.0,4206.0,550.0,1405.0,1514.0,1417.0,1422.0,1419.0
0.0,13563.0,4313.0,4262.0,2723.0,5075.0,1627.0,1954.0,1494.0,1419.0,1422.0,1421.0,1461.0,1414.0,1438.0,5118.0,4283.0,4162.0,1627.0,1954.0,1494.0,1419.0,1422.0,1421.0
0.0,11973.0,4303.0,4263.0,3469.0,5913.0,2523.0,1982.0,1408.0,1419.0,1423.0,1421.0,1446.0,1429.0,1428.0,4049.0,3734.0,4190.0,2523.0,1982.0,1408.0,1419.0,1423.0,1421.0
0.0,11139.0,4283.0,4265.0,5075.0,5129.0,2319.0,1458.0,1352.0,1420.0,1423.0,1422.0,1419.0,1430.0,1434.0,3153.0,3710.0,4276.0,2319.0,1458.0,1352.0,1420.0,1423.0,1422.0
0.0,11931.0,4303.0,4265.0,5913.0,3519.0,1207.0,910.0,1402.0,1420.0,1423.0,1422.0,1411.0,1434.0,1458.0,3361.0,4234.0,4336.0,1207.0,910.0,1402.0,1420.0,1423.0,1422.0
0.0,13541.0,4393.0,4268.0,5129.0,2795.0,341.0,933.0,1521.0,1421.0,1424.0,1423.0,1449.0,1477.0,1467.0,4473.0,4782.0,4286.0,341.0,933.0,1521.0,1421.0,1424.0,1423.0
0.0,14277.0,4287.0,4268.0,3519.0,3563.0,546.0,1434.0,1583.0,1421.0,1423.0,1424.0,1412.0,1415.0,1460.0,5343.0,4763.0,4171.0,546.0,1434.0,1583.0,1421.0,1423.0,1424.0
0.0,13509.0,4329.0,4272.0,2795.0,5113.0,1647.0,1943.0,1523.0,1423.0,1424.0,1425.0,1434.0,1438.0,1457.0,5138.0,4258.0,4113.0,1647.0,1943.0,1523.0,1423.0,1424.0,1425.0
0.0,11975.0,4217.0,4270.0,3563.0,5759.0,2492.0,1917.0,1350.0,1422.0,1423.0,1425.0,1395.0,1412.0,1410.0,4045.0,3753.0,4177.0,2492.0,1917.0,1350.0,1422.0,1423.0,1425.0
0.0,11321.0,4429.0,4272.0,5113.0,5083.0,2333.0,1457.0,1293.0,1423.0,1424.0,1425.0,1484.0,1479.0,1466.0,3196.0,3775.0,4350.0,2333.0,1457.0,1293.0,1423.0,1424.0,1425.0
0.0,12005.0,4349.0,4274.0,5759.0,3681.0,1286.0,975.0,1420.0,1424.0,1424.0,1426.0,1441.0,1435.0,1473.0,3359.0,4239.0,4407.0,1286.0,975.0,1420.0,1424.0,1424.0,1426.0
0.0,13415.0,4276.0,4272.0,5083.0,2866.0,395.0,919.0,1552.0,1424.0,1423.0,1425.0,1442.0,1405.0,1429.0,4410.0,4721.0,4284.0,395.0,919.0,1552.0,1424.0,1423.0,1425.0
0.0,14222.0,4299.0,4273.0,3681.0,3488.0,560.0,1357.0,1571.0,1425.0,1423.0,1425.0,1447.0,1413.0,1439.0,5301.0,4773.0,4148.0,560.0,1357.0,1571.0,1425.0,1423.0,1425.0
0.0,13604.0,4329.0,4274.0,2866.0,4955.0,1610.0,1865.0,1480.0,1425.0,1423.0,1426.0,1445.0,1427.0,1457.0,5140.0,4335.0,4129.0,1610.0,1865.0,1480.0,1425.0,1423.0,1426.0
0.0,12141.0,4305.0,4276.0,3488.0,5780.0,2489.0,1938.0,1353.0,1426.0,1424.0,1426.0,1435.0,1426.0,1444.0,4090.0,3827.0,4224.0,2489.0,1938.0,1353.0,1426.0,1424.0,1426.0
0.0,11324.0,4336.0,4275.0,4955.0,5157.0,2345.0,1507.0,1305.0,1426.0,1424.0,1425.0,1466.0,1434.0,1436.0,3215.0,3758.0,4351.0,2345.0,1507.0,1305.0,1426.0,1424.0,1425.0
0.0,11943.0,4319.0,4276.0,5780.0,3700.0,1326.0,983.0,1391.0,1427.0,1424.0,1425.0,1466.0,1414.0,1439.0,3359.0,4189.0,4395.0,1326.0,983.0,1391.0,1427.0,1424.0,1425.0
0.0,13404.0,4394.0,4280.0,5157.0,2953.0,471.0,952.0,1530.0,1429.0,1426.0,1425.0,1482.0,1468.0,1444.0,4382.0,4713.0,4309.0,471.0,952.0,1530.0,1429.0,1426.0,1425.0
0.0,14167.0,4273.0,4280.0,3700.0,3526.0,587.0,1374.0,1565.0,1429.0,1426.0,1425.0,1442.0,1405.0,1426.0,5245.0,4752.0,4170.0,587.0,1374.0,1565.0,1429.0,1426.0,1425.0
0.0,13594.0,4215.0,4280.0,2953.0,4788.0,1529.0,1815.0,1444.0,1429.0,1426.0,1425.0,1413.0,1393.0,1409.0,5129.0,4330.0,4135.0,1529.0,1815.0,1444.0,1429.0,1426.0,1425.0
0.0,12332.0,4456.0,4285.0,3526.0,5738.0,2447.0,1935.0,1356.0,1430.0,1428.0,1427.0,1501.0,1486.0,1469.0,4187.0,3889.0,4256.0,2447.0,1935.0,1356.0,1430.0,1428.0,1427.0
0.0,11402.0,4310.0,4284.0,4788.0,5256.0,2373.0,1544.0,1339.0,1430.0,1428.0,1426.0,1455.0,1424.0,1431.0,3273.0,3777.0,4352.0,2373.0,1544.0,1339.0,1430.0,1428.0,1426.0
0.0,11880.0,4240.0,4286.0,5738.0,3766.0,1342.0,1040.0,1384.0,1430.0,1429.0,1427.0,1416.0,1427.0,1397.0,3347.0,4168.0,4365.0,1342.0,1040.0,1384.0,1430.0,1429.0,1427.0
0.0,13378.0,4342.0,4288.0,5256.0,2860.0,420.0,945.0,1495.0,1431.0,1430.0,1427.0,1447.0,1445.0,1450.0,4378.0,4676.0,4324.0,420.0,945.0,1495.0,1431.0,1430.0,1427.0
0.0,14292.0,4267.0,4288.0,3766.0,3361.0,501.0,1327.0,1533.0,1431.0,1430.0,1427.0,1423.0,1422.0,1422.0,5304.0,4775.0,4213.0,501.0,1327.0,1533.0,1431.0,1430.0,1427.0
0.0,13791.0,4308.0,4292.0,2860.0,4825.0,1525.0,1845.0,1455.0,1433.0,1431.0,1428.0,1436.0,1459.0,1413.0,5223.0,4393.0,4175.0,1525.0,1845.0,1455.0,1433.0,1431.0,1428.0
0.0,12343.0,4296.0,4293.0,3361.0,5764.0,2480.0,1975.0,1309.0,1434.0,1432.0,1427.0,1452.0,1453.0,1391.0,4207.0,3879.0,4257.0,2480.0,1975.0,1309.0,1434.0,1432.0,1427.0
0.0,11408.0,4266.0,4294.0,4825.0,5209.0,2374.0,1573.0,1262.0,1434.0,1433.0,1427.0,1419.0,1439.0,1408.0,3256.0,3753.0,4399.0,2374.0,1573.0,1262.0,1434.0,1433.0,1427.0
0.0,11967.0,4275.0,4296.0,5764.0,3728.0,1317.0,1055.0,1356.0,1435.0,1434.0,1427.0,1419.0,1453.0,1403.0,3362.0,4159.0,4446.0,1317.0,1055.0,1356.0,1435.0,1434.0,1427.0
0.0,13456.0,4271.0,4297.0,5209.0,2794.0,360.0,912.0,1522.0,1435.0,1435.0,1427.0,1417.0,1426.0,1428.0,4423.0,4681.0,4352.0,360.0,912.0,1522.0,1435.0,1435.0,1427.0
0.0,14394.0,4328.0,4298.0,3728.0,3398.0,480.0,1327.0,1591.0,1435.0,1435.0,1428.0,1437.0,1470.0,1421.0,5380.0,4828.0,4186.0,480.0,1327.0,1591.0,1435.0,1435.0,1428.0
0.0,13794.0,4281.0,4299.0,2794.0,4889.0,1528.0,1882.0,1479.0,1435.0,1436.0,1428.0,1408.0,1463.0,1410.0,5260.0,4413.0,4121.0,1528.0,1882.0,1479.0,1435.0,1436.0,1428.0
0.0,12307.0,4375.0,4302.0,3398.0,5878.0,2514.0,2016.0,1348.0,1436.0,1437.0,1429.0,1462.0,1457.0,1456.0,4212.0,3862.0,4233.0,2514.0,2016.0,1348.0,1436.0,1437.0,1429.0
0.0,11330.0,4341.0,4303.0,4889.0,5334.0,2443.0,1584.0,1307.0,1437.0,1437.0,1429.0,1453.0,1450.0,1438.0,3230.0,3732.0,4368.0,2443.0,1584.0,1307.0,1437.0,1437.0,1429.0
0.0,11878.0,4271.0,4303.0,5878.0,3727.0,1361.0,989.0,1377.0,1437.0,1437.0,1429.0,1432.0,1421.0,1418.0,3305.0,4164.0,4409.0,1361.0,989.0,1377.0,1437.0,1437.0,1429.0
0.0,13485.0,4310.0,4305.0,5334.0,2711.0,356.0,857.0,1498.0,1438.0,1437.0,1430.0,1434.0,1452.0,1424.0,4387.0,4759.0,4339.0,356.0,857.0,1498.0,1438.0,1437.0,1430.0
0.0,14509.0,4307.0,4306.0,3727.0,3295.0,437.0,1299.0,1559.0,1438.0,1437.0,1431.0,1442.0,1431.0,1434.0,5396.0,4891.0,4222.0,437.0,1299.0,1559.0,1438.0,1437.0,1431.0
0.0,13929.0,4237.0,4306.0,2711.0,4821.0,1480.0,1866.0,1475.0,1438.0,1437.0,1431.0,1399.0,1424.0,1414.0,5315.0,4449.0,4165.0,1480.0,1866.0,1475.0,1438.0,1437.0,1431.0
0.0,12403.0,4242.0,4306.0,3295.0,5768.0,2472.0,1978.0,1318.0,1438.0,1437.0,1431.0,1429.0,1411.0,1402.0,4272.0,3882.0,4249.0,2472.0,1978.0,1318.0,1438.0,1437.0,1431.0
0.0,11456.0,4275.0,4307.0,4821.0,5226.0,2437.0,1540.0,1249.0,1439.0,1437.0,1431.0,1441.0,1428.0,1406.0,3280.0,3770.0,4406.0,2437.0,1540.0,1249.0,1439.0,1437.0,1431.0
0.0,12002.0,4390.0,4312.0,5768.0,3868.0,1463.0,1015.0,1390.0,1441.0,1438.0,1433.0,1490.0,1449.0,1451.0,3319.0,4208.0,4475.0,1463.0,1015.0,1390.0,1441.0,1438.0,1433.0
0.0,13380.0,4336.0,4312.0,5226.0,2978.0,479.0,914.0,1585.0,1441.0,1438.0,1433.0,1453.0,1439.0,1444.0,4301.0,4737.0,4342.0,479.0,914.0,1585.0,1441.0,1438.0,1433.0
0.0,14270.0,4280.0,4311.0,3868.0,3386.0,459.0,1322.0,1605.0,1441.0,1438.0,1432.0,1443.0,1423.0,1414.0,5285.0,4838.0,4147.0,459.0,1322.0,1605.0,1441.0,1438.0,1432.0
0.0,13858.0,4381.0,4315.0,2978.0,4805.0,1446.0,1882.0,1477.0,1442.0,1439.0,1434.0,1462.0,1470.0,1449.0,5305.0,4430.0,4123.0,1446.0,1882.0,1477.0,1442.0,1439.0,1434.0
0.0,12455.0,4367.0,4316.0,3386.0,5790.0,2453.0,1999.0,1338.0,1443.0,1438.0,1435.0,1462.0,1443.0,1462.0,4322.0,3874.0,4259.0,2453.0,1999.0,1338.0,1443.0,1438.0,1435.0
0.0,11474.0,4354.0,4316.0,4805.0,5339.0,2458.0,1571.0,1310.0,1443.0,1438.0,1435.0,1451.0,1454.0,1449.0,3319.0,3753.0,4402.0,2458.0,1571.0,1310.0,1443.0,1438.0,1435.0
0.0,11925.0,4342.0,4317.0,5790.0,3895.0,1462.0,1013.0,1420.0,1443.0,1438.0,1436.0,1457.0,1441.0,1444.0,3314.0,4181.0,4430.0,1462.0,1013.0,1420.0,1443.0,1438.0,1436.0
0.0,13373.0,4406.0,4318.0,5339.0,2966.0,499.0,881.0,1586.0,1444.0,1438.0,1436.0,1491.0,1439.0,1476.0,4310.0,4739.0,4324.0,499.0,881.0,1586.0,1444.0,1438.0,1436.0
0.0,14306.0,4315.0,4317.0,3895.0,3382.0,488.0,1303.0,1591.0,1444.0,1437.0,1436.0,1451.0,1439.0,1425.0,5277.0,4871.0,4158.0,488.0,1303.0,1591.0,1444.0,1437.0,1436.0
0.0,13886.0,4395.0,4318.0,2966.0,4815.0,1459.0,1873.0,1483.0,1445.0,1437.0,1436.0,1466.0,1451.0,1478.0,5288.0,4445.0,4153.0,1459.0,1873.0,1483.0,1445.0,1437.0,1436.0
0.0,12457.0,4452.0,4321.0,3382.0,5897.0,2460.0,2037.0,1400.0,1445.0,1438.0,1438.0,1489.0,1463.0,1500.0,4321.0,3875.0,4261.0,2460.0,2037.0,1400.0,1445.0,1438.0,1438.0
0.0,11387.0,4401.0,4321.0,4815.0,5483.0,2459.0,1619.0,1405.0,1445.0,1438.0,1438.0,1458.0,1455.0,1488.0,3320.0,3715.0,4352.0,2459.0,1619.0,1405.0,1445.0,1438.0,1438.0
0.0,11801.0,4454.0,4324.0,5897.0,4052.0,1490.0,1066.0,1496.0,1446.0,1439.0,1439.0,1487.0,1480.0,1487.0,3321.0,4133.0,4347.0,1490.0,1066.0,1496.0,1446.0,1439.0,1439.0
0.0,13244.0,4449.0,4327.0,5483.0,3030.0,491.0,941.0,1598.0,1446.0,1441.0,1440.0,1460.0,1486.0,1503.0,4294.0,4690.0,4260.0,491.0,941.0,1598.0,1446.0,1441.0,1440.0
0.0,14278.0,4329.0,4326.0,4052.0,3303.0,435.0,1332.0,1536.0,1445.0,1441.0,1440.0,1438.0,1457.0,1434.0,5293.0,4823.0,4162.0,435.0,1332.0,1536.0,1445.0,1441.0,1440.0
0.0,14001.0,4365.0,4329.0,3030.0,4650.0,1386.0,1864.0,1400.0,1446.0,1442.0,1441.0,1438.0,1469.0,1458.0,5345.0,4432.0,4224.0,1386.0,1864.0,1400.0,1446.0,1442.0,1441.0
0.0,12666.0,4241.0,4327.0,3303.0,5580.0,2330.0,1979.0,1271.0,1445.0,1442.0,1440.0,1383.0,1447.0,1411.0,4398.0,3904.0,4364.0,2330.0,1979.0,1271.0,1445.0,1442.0,1440.0
0.0,11728.0,4408.0,4328.0,4650.0,5342.0,2418.0,1579.0,1345.0,1446.0,1442.0,1440.0,1470.0,1464.0,1474.0,3450.0,3789.0,4489.0,2418.0,1579.0,1345.0,1446.0,1442.0,1440.0
0.0,11970.0,4399.0,4329.0,5580.0,4165.0,1528.0,1082.0,1555.0,1446.0,1443.0,1440.0,1440.0,1478.0,1481.0,3366.0,4189.0,4415.0,1528.0,1082.0,1555.0,1446.0,1443.0,1440.0
0.0,13151.0,4483.0,4332.0,5342.0,3318.0,594.0,1021.0,1703.0,1447.0,1444.0,1441.0,1480.0,1514.0,1489.0,4256.0,4690.0,4205.0,594.0,1021.0,1703.0,1447.0,1444.0,1441.0
0.0,14010.0,4463.0,4338.0,4165.0,3640.0,561.0,1425.0,1654.0,1449.0,1446.0,1443.0,1487.0,1478.0,1498.0,5194.0,4755.0,4061.0,561.0,1425.0,1654.0,1449.0,1446.0,1443.0
0.0,13712.0,4391.0,4336.0,3318.0,4705.0,1406.0,1890.0,1409.0,1448.0,1446.0,1442.0,1443.0,1486.0,1462.0,5235.0,4359.0,4118.0,1406.0,1890.0,1409.0,1448.0,1446.0,1442.0
0.0,12639.0,4466.0,4339.0,3640.0,5543.0,2323.0,1963.0,1257.0,1449.0,1447.0,1443.0,1474.0,1494.0,1498.0,4386.0,3894.0,4359.0,2323.0,1963.0,1257.0,1449.0,1447.0,1443.0
0.0,11813.0,4395.0,4341.0,4705.0,5241.0,2361.0,1554.0,1326.0,1449.0,1448.0,1444.0,1444.0,1477.0,1474.0,3473.0,3825.0,4515.0,2361.0,1554.0,1326.0,1449.0,1448.0,1444.0
0.0,12123.0,4400.0,4344.0,5543.0,4110.0,1487.0,1073.0,1550.0,1449.0,1450.0,1445.0,1449.0,1474.0,1477.0,3435.0,4238.0,4450.0,1487.0,1073.0,1550.0,1449.0,1450.0,1445.0
0.0,13266.0,4398.0,4343.0,5241.0,3263.0,601.0,992.0,1670.0,1449.0,1450.0,1444.0,1475.0,1473.0,1450.0,4309.0,4727.0,4230.0,601.0,992.0,1670.0,1449.0,1450.0,1444.0
0.0,14109.0,4399.0,4347.0,4110.0,3568.0,576.0,1416.0,1576.0,1450.0,1452.0,1445.0,1458.0,1489.0,1452.0,5195.0,4808.0,4106.0,576.0,1416.0,1576.0,1450.0,1452.0,1445.0
0.0,13820.0,4386.0,4347.0,3263.0,4691.0,1440.0,1888.0,1363.0,1450.0,1452.0,1445.0,1465.0,1464.0,1457.0,5224.0,4392.0,4204.0,1440.0,1888.0,1363.0,1450.0,1452.0,1445.0
0.0,12697.0,4320.0,4347.0,3568.0,5443.0,2273.0,1945.0,1225.0,1449.0,1453.0,1445.0,1413.0,1469.0,1438.0,4360.0,3920.0,4417.0,2273.0,1945.0,1225.0,1449.0,1453.0,1445.0
0.0,11945.0,4456.0,4348.0,4691.0,5212.0,2336.0,1532.0,1344.0,1449.0,1453.0,1446.0,1503.0,1475.0,1478.0,3523.0,3867.0,4555.0,2336.0,1532.0,1344.0,1449.0,1453.0,1446.0
0.0,12180.0,4380.0,4350.0,5443.0,4157.0,1535.0,1040.0,1582.0,1450.0,1454.0,1446.0,1468.0,1449.0,1463.0,3460.0,4280.0,4440.0,1535.0,1040.0,1582.0,1450.0,1454.0,1446.0
0.0,13243.0,4429.0,4354.0,5212.0,3390.0,694.0,998.0,1698.0,1451.0,1456.0,1447.0,1491.0,1482.0,1456.0,4265.0,4776.0,4202.0,694.0,998.0,1698.0,1451.0,1456.0,1447.0
0.0,14026.0,4467.0,4354.0,4157.0,3700.0,668.0,1444.0,1588.0,1451.0,1456.0,1447.0,1509.0,1486.0,1472.0,5110.0,4826.0,4090.0,668.0,1444.0,1588.0,1451.0,1456.0,1447.0
0.0,13716.0,4264.0,4354.0,3390.0,4574.0,1408.0,1865.0,1301.0,1451.0,1456.0,1447.0,1434.0,1419.0,1411.0,5136.0,4380.0,4200.0,1408.0,1865.0,1301.0,1451.0,1456.0,1447.0
0.0,12842.0,4360.0,4356.0,3700.0,5242.0,2204.0,1865.0,1173.0,1452.0,1456.0,1448.0,1460.0,1444.0,1456.0,4396.0,3959.0,4487.0,2204.0,1865.0,1173.0,1452.0,1456.0,1448.0
0.0,12182.0,4250.0,4354.0,4574.0,4910.0,2242.0,1393.0,1275.0,1452.0,1455.0,1447.0,1446.0,1397.0,1407.0,3604.0,3959.0,4619.0,2242.0,1393.0,1275.0,1452.0,1455.0,1447.0
0.0,12506.0,4346.0,4355.0,5242.0,4018.0,1486.0,997.0,1535.0,1452.0,1456.0,1447.0,1448.0,1465.0,1433.0,3566.0,4427.0,4513.0,1486.0,997.0,1535.0,1452.0,1456.0,1447.0
0.0,13402.0,4300.0,4355.0,4910.0,3408.0,694.0,1014.0,1700.0,1452.0,1455.0,1448.0,1450.0,1414.0,1436.0,4322.0,4827.0,4253.0,694.0,1014.0,1700.0,1452.0,1455.0,1448.0
0.0,14012.0,4295.0,4356.0,4018.0,3689.0,655.0,1437.0,1597.0,1452.0,1455.0,1449.0,1447.0,1420.0,1428.0,5114.0,4806.0,4092.0,655.0,1437.0,1597.0,1452.0,1455.0,1449.0
0.0,13735.0,4336.0,4357.0,3408.0,4621.0,1424.0,1870.0,1327.0,1453.0,1455.0,1449.0,1459.0,1447.0,1430.0,5153.0,4383.0,4199.0,1424.0,1870.0,1327.0,1453.0,1455.0,1449.0
0.0,12807.0,4342.0,4359.0,3689.0,5282.0,2223.0,1876.0,1183.0,1454.0,1455.0,1450.0,1450.0,1443.0,1449.0,4388.0,3950.0,4469.0,2223.0,1876.0,1183.0,1454.0,1455.0,1450.0
0.0,12154.0,4280.0,4359.0,4621.0,4941.0,2226.0,1431.0,1284.0,1454.0,1455.0,1450.0,1427.0,1425.0,1428.0,3593.0,3944.0,4617.0,2226.0,1431.0,1284.0,1454.0,1455.0,1450.0
0.0,12495.0,4405.0,4359.0,5282.0,4064.0,1468.0,1007.0,1589.0,1454.0,1454.0,1451.0,1465.0,1456.0,1484.0,3590.0,4389.0,4516.0,1468.0,1007.0,1589.0,1454.0,1454.0,1451.0
0.0,13372.0,4458.0,4364.0,4941.0,3601.0,731.0,1058.0,1812.0,1456.0,1455.0,1453.0,1481.0,1478.0,1499.0,4348.0,4809.0,4215.0,731.0,1058.0,1812.0,1456.0,1455.0,1453.0
0.0,13855.0,4361.0,4364.0,4064.0,3898.0,705.0,1514.0,1679.0,1456.0,1455.0,1453.0,1442.0,1463.0,1456.0,5093.0,4762.0,4000.0,705.0,1514.0,1679.0,1456.0,1455.0,1453.0
0.0,13558.0,4380.0,4363.0,3601.0,4673.0,1418.0,1925.0,1330.0,1455.0,1455.0,1453.0,1448.0,1469.0,1463.0,5119.0,4306.0,4133.0,1418.0,1925.0,1330.0,1455.0,1455.0,1453.0
0.0,12779.0,4285.0,4364.0,3898.0,5064.0,2121.0,1849.0,1094.0,1455.0,1455.0,1454.0,1408.0,1438.0,1439.0,4402.0,3895.0,4482.0,2121.0,1849.0,1094.0,1455.0,1455.0,1454.0
0.0,12392.0,4344.0,4364.0,4673.0,4735.0,2142.0,1369.0,1224.0,1455.0,1455.0,1454.0,1439.0,1445.0,1460.0,3699.0,3971.0,4722.0,2142.0,1369.0,1224.0,1455.0,1455.0,1454.0
0.0,12721.0,4269.0,4364.0,5064.0,3940.0,1455.0,936.0,1549.0,1455.0,1455.0,1454.0,1434.0,1416.0,1419.0,3678.0,4451.0,4592.0,1455.0,936.0,1549.0,1455.0,1455.0,1454.0
0.0,13516.0,4394.0,4367.0,4735.0,3611.0,779.0,1045.0,1787.0,1456.0,1456.0,1455.0,1462.0,1474.0,1458.0,4365.0,4884.0,4267.0,779.0,1045.0,1787.0,1456.0,1456.0,1455.0
0.0,13857.0,4466.0,4372.0,3940.0,4157.0,837.0,1589.0,1731.0,1458.0,1457.0,1457.0,1505.0,1476.0,1485.0,5045.0,4779.0,4033.0,837.0,1589.0,1731.0,1458.0,1457.0,1457.0
0.0,13331.0,4378.0,4374.0,3611.0,4932.0,1531.0,1996.0,1405.0,1458.0,1458.0,1458.0,1473.0,1448.0,1457.0,4995.0,4239.0,4097.0,1531.0,1996.0,1405.0,1458.0,1458.0,1458.0
0.0,12564.0,4403.0,4374.0,4157.0,5178.0,2159.0,1871.0,1148.0,1458.0,1458.0,1458.0,1465.0,1464.0,1474.0,4301.0,3836.0,4427.0,2159.0,1871.0,1148.0,1458.0,1458.0,1458.0
0.0,12318.0,4436.0,4376.0,4932.0,4690.0,2104.0,1362.0,1224.0,1458.0,1459.0,1459.0,1476.0,1483.0,1477.0,3673.0,3961.0,4684.0,2104.0,1362.0,1224.0,1458.0,1459.0,1459.0
0.0,12814.0,4362.0,4377.0,5178.0,3878.0,1405.0,926.0,1547.0,1458.0,1459.0,1460.0,1460.0,1435.0,1467.0,3728.0,4474.0,4612.0,1405.0,926.0,1547.0,1458.0,1459.0,1460.0
0.0,13630.0,4415.0,4378.0,4690.0,3607.0,772.0,1029.0,1806.0,1459.0,1459.0,1460.0,1467.0,1465.0,1483.0,4427.0,4910.0,4293.0,772.0,1029.0,1806.0,1459.0,1459.0,1460.0
0.0,13905.0,4460.0,4379.0,3878.0,4193.0,853.0,1607.0,1733.0,1459.0,1460.0,1460.0,1486.0,1500.0,1474.0,5064.0,4807.0,4034.0,853.0,1607.0,1733.0,1459.0,1460.0,1460.0
0.0,13323.0,4503.0,4382.0,3607.0,5101.0,1604.0,2067.0,1430.0,1460.0,1461.0,1461.0,1519.0,1485.0,1499.0,4983.0,4233.0,4107.0,1604.0,2067.0,1430.0,1460.0,1461.0,1461.0
0.0,12427.0,4471.0,4385.0,4193.0,5391.0,2245.0,1966.0,1180.0,1461.0,1462.0,1462.0,1490.0,1502.0,1479.0,4236.0,3777.0,4414.0,2245.0,1966.0,1180.0,1461.0,1462.0,1462.0
0.0,12149.0,4510.0,4387.0,5101.0,4808.0,2135.0,1416.0,1257.0,1461.0,1463.0,1463.0,1494.0,1513.0,1503.0,3599.0,3882.0,4668.0,2135.0,1416.0,1257.0,1461.0,1463.0,1463.0
0.0,12740.0,4483.0,4390.0,5391.0,3912.0,1377.0,962.0,1573.0,1462.0,1464.0,1464.0,1483.0,1508.0,1492.0,3709.0,4436.0,4595.0,1377.0,962.0,1573.0,1462.0,1464.0,1464.0
0.0,13648.0,4454.0,4391.0,4808.0,3562.0,707.0,1041.0,1814.0,1462.0,1465.0,1464.0,1465.0,1491.0,1498.0,4471.0,4894.0,4283.0,707.0,1041.0,1814.0,1462.0,1465.0,1464.0
0.0,14002.0,4494.0,4392.0,3912.0,4148.0,824.0,1586.0,1738.0,1462.0,1466.0,1464.0,1494.0,1503.0,1497.0,5141.0,4819.0,4042.0,824.0,1586.0,1738.0,1462.0,1466.0,1464.0
0.0,13420.0,4488.0,4393.0,3562.0,5078.0,1596.0,2073.0,1409.0,1462.0,1467.0,1464.0,1479.0,1524.0,1485.0,5024.0,4278.0,4118.0,1596.0,2073.0,1409.0,1462.0,1467.0,1464.0
0.0,12494.0,4564.0,4396.0,4148.0,5506.0,2287.0,2014.0,1205.0,1463.0,1468.0,1465.0,1511.0,1523.0,1530.0,4252.0,3795.0,4447.0,2287.0,2014.0,1205.0,1463.0,1468.0,1465.0
0.0,12078.0,4471.0,4396.0,5078.0,4899.0,2182.0,1433.0,1284.0,1463.0,1468.0,1465.0,1491.0,1492.0,1488.0,3565.0,3858.0,4655.0,2182.0,1433.0,1284.0,1463.0,1468.0,1465.0
0.0,12685.0,4418.0,4398.0,5506.0,3819.0,1343.0,903.0,1573.0,1463.0,1469.0,1466.0,1448.0,1480.0,1490.0,3670.0,4439.0,4576.0,1343.0,903.0,1573.0,1463.0,1469.0,1466.0
0.0,13773.0,4446.0,4399.0,4899.0,3370.0,639.0,959.0,1772.0,1464.0,1469.0,1466.0,1474.0,1489.0,1483.0,4509.0,4973.0,4291.0,639.0,959.0,1772.0,1464.0,1469.0,1466.0
0.0,14226.0,4559.0,4406.0,3819.0,4138.0,824.0,1590.0,1724.0,1467.0,1471.0,1468.0,1516.0,1526.0,1517.0,5217.0,4917.0,4092.0,824.0,1590.0,1724.0,1467.0,1471.0,1468.0
0.0,13486.0,4338.0,4404.0,3370.0,5098.0,1625.0,2059.0,1414.0,1466.0,1470.0,1468.0,1444.0,1432.0,1462.0,5044.0,4294.0,4148.0,1625.0,2059.0,1414.0,1466.0,1470.0,1468.0
0.0,12518.0,4451.0,4405.0,4138.0,5415.0,2277.0,1953.0,1185.0,1467.0,1470.0,1468.0,1472.0,1484.0,1495.0,4239.0,3821.0,4458.0,2277.0,1953.0,1185.0,1467.0,1470.0,1468.0
0.0,12205.0,4369.0,4403.0,5098.0,4678.0,2103.0,1359.0,1216.0,1466.0,1469.0,1468.0,1455.0,1469.0,1445.0,3591.0,3927.0,4687.0,2103.0,1359.0,1216.0,1466.0,1469.0,1468.0
0.0,12934.0,4360.0,4402.0,5415.0,3619.0,1292.0,850.0,1477.0,1466.0,1469.0,1467.0,1466.0,1444.0,1450.0,3761.0,4517.0,4656.0,1292.0,850.0,1477.0,1466.0,1469.0,1467.0
0.0,13989.0,4415.0,4401.0,4678.0,3352.0,640.0,949.0,1763.0,1466.0,1468.0,1467.0,1451.0,1462.0,1502.0,4572.0,5026.0,4391.0,640.0,949.0,1763.0,1466.0,1468.0,1467.0
0.0,14252.0,4469.0,4401.0,3619.0,4202.0,832.0,1585.0,1785.0,1466.0,1468.0,1467.0,1484.0,1486.0,1499.0,5224.0,4923.0,4105.0,832.0,1585.0,1785.0,1466.0,1468.0,1467.0
0.0,13402.0,4452.0,4402.0,3352.0,5306.0,1683.0,2123.0,1500.0,1467.0,1468.0,1467.0,1487.0,1487.0,1478.0,5032.0,4287.0,4083.0,1683.0,2123.0,1500.0,1467.0,1468.0,1467.0
0.0,12302.0,4427.0,4403.0,4202.0,5535.0,2344.0,2006.0,1185.0,1468.0,1468.0,1467.0,1489.0,1468.0,1470.0,4185.0,3749.0,4368.0,2344.0,2006.0,1185.0,1468.0,1468.0,1467.0
0.0,12077.0,4382.0,4404.0,5306.0,4615.0,2120.0,1345.0,1150.0,1468.0,1468.0,1468.0,1459.0,1462.0,1461.0,3528.0,3866.0,4683.0,2120.0,1345.0,1150.0,1468.0,1468.0,1468.0
0.0,13001.0,4458.0,4403.0,5535.0,3534.0,1282.0,804.0,1448.0,1468.0,1467.0,1468.0,1506.0,1469.0,1483.0,3752.0,4527.0,4722.0,1282.0,804.0,1448.0,1468.0,1467.0,1468.0
0.0,14078.0,4399.0,4404.0,4615.0,3322.0,652.0,915.0,1755.0,1469.0,1467.0,1468.0,1486.0,1456.0,1457.0,4590.0,5064.0,4424.0,652.0,915.0,1755.0,1469.0,1467.0,1468.0
0.0,14294.0,4403.0,4406.0,3534.0,4199.0,856.0,1570.0,1773.0,1470.0,1467.0,1469.0,1482.0,1459.0,1462.0,5224.0,4953.0,4117.0,856.0,1570.0,1773.0,1470.0,1467.0,1469.0
0.0,13425.0,4399.0,4405.0,3322.0,5272.0,1681.0,2113.0,1478.0,1470.0,1467.0,1468.0,1477.0,1458.0,1464.0,5024.0,4298.0,4103.0,1681.0,2113.0,1478.0,1470.0,1467.0,1468.0
0.0,12348.0,4484.0,4408.0,4199.0,5569.0,2342.0,2039.0,1188.0,1471.0,1468.0,1469.0,1513.0,1492.0,1479.0,4199.0,3755.0,4394.0,2342.0,2039.0,1188.0,1471.0,1468.0,1469.0
0.0,12063.0,4447.0,4408.0,5272.0,4744.0,2164.0,1419.0,1161.0,1471.0,1468.0,1469.0,1503.0,1493.0,1451.0,3542.0,3833.0,4688.0,2164.0,1419.0,1161.0,1471.0,1468.0,1469.0
0.0,12888.0,4414.0,4406.0,5569.0,3581.0,1297.0,820.0,1464.0,1470.0,1467.0,1469.0,1479.0,1444.0,1491.0,3720.0,4453.0,4715.0,1297.0,820.0,1464.0,1470.0,1467.0,1469.0
0.0,14043.0,4433.0,4409.0,4744.0,3282.0,629.0,869.0,1784.0,1471.0,1468.0,1470.0,1492.0,1464.0,1477.0,4583.0,5048.0,4412.0,629.0,869.0,1784.0,1471.0,1468.0,1470.0
0.0,14354.0,4461.0,4412.0,3581.0,4174.0,830.0,1546.0,1798.0,1472.0,1469.0,1471.0,1494.0,1493.0,1474.0,5255.0,5003.0,4096.0,830.0,1546.0,1798.0,1472.0,1469.0,1471.0
0.0,13474.0,4396.0,4414.0,3282.0,5296.0,1651.0,2174.0,1471.0,1472.0,1471.0,1471.0,1450.0,1489.0,1457.0,5058.0,4330.0,4086.0,1651.0,2174.0,1471.0,1472.0,1471.0,1471.0
0.0,12360.0,4524.0,4418.0,4174.0,5662.0,2365.0,2125.0,1172.0,1474.0,1471.0,1473.0,1536.0,1497.0,1491.0,4237.0,3710.0,4413.0,2365.0,2125.0,1172.0,1474.0,1471.0,1473.0
0.0,12010.0,4500.0,4421.0,5296.0,4878.0,2203.0,1462.0,1213.0,1474.0,1473.0,1474.0,1489.0,1503.0,1508.0,3531.0,3759.0,4720.0,2203.0,1462.0,1213.0,1474.0,1473.0,1474.0
0.0,12806.0,4374.0,4423.0,5662.0,3598.0,1297.0,824.0,1477.0,1475.0,1474.0,1474.0,1455.0,1483.0,1436.0,3693.0,4430.0,4683.0,1297.0,824.0,1477.0,1475.0,1474.0,1474.0
0.0,14094.0,4300.0,4422.0,4878.0,3016.0,509.0,822.0,1685.0,1474.0,1474.0,1474.0,1419.0,1460.0,1421.0,4603.0,5072.0,4419.0,509.0,822.0,1685.0,1474.0,1474.0,1474.0
0.0,14672.0,4358.0,4423.0,3598.0,3780.0,671.0,1459.0,1650.0,1474.0,1475.0,1474.0,1459.0,1457.0,1442.0,5387.0,5074.0,4211.0,671.0,1459.0,1650.0,1474.0,1475.0,1474.0
0.0,13912.0,4437.0,4426.0,3016.0,5213.0,1642.0,2112.0,1459.0,1475.0,1476.0,1475.0,1476.0,1471.0,1490.0,5225.0,4441.0,4246.0,1642.0,2112.0,1459.0,1475.0,1476.0,1475.0
0.0,12491.0,4496.0,4426.0,3780.0,5929.0,2461.0,2157.0,1311.0,1475.0,1476.0,1475.0,1490.0,1504.0,1502.0,4258.0,3792.0,4441.0,2461.0,2157.0,1311.0,1475.0,1476.0,1475.0
0.0,11775.0,4399.0,4426.0,5213.0,5115.0,2268.0,1513.0,1334.0,1475.0,1476.0,1475.0,1449.0,1468.0,1482.0,3439.0,3747.0,4589.0,2268.0,1513.0,1334.0,1475.0,1476.0,1475.0
0.0,12589.0,4471.0,4429.0,5929.0,3669.0,1290.0,866.0,1513.0,1476.0,1477.0,1476.0,1479.0,1506.0,1486.0,3632.0,4391.0,4566.0,1290.0,866.0,1513.0,1476.0,1477.0,1476.0
0.0,14047.0,4501.0,4430.0,5115.0,3059.0,514.0,884.0,1661.0,1476.0,1478.0,1476.0,1492.0,1527.0,1482.0,4614.0,5042.0,4391.0,514.0,884.0,1661.0,1476.0,1478.0,1476.0
0.0,14661.0,4551.0,4436.0,3669.0,3965.0,742.0,1537.0,1686.0,1478.0,1480.0,1478.0,1510.0,1511.0,1530.0,5390.0,5028.0,4243.0,742.0,1537.0,1686.0,1478.0,1480.0,1478.0
0.0,13779.0,4381.0,4437.0,3059.0,5291.0,1688.0,2120.0,1483.0,1479.0,1480.0,1478.0,1456.0,1467.0,1458.0,5170.0,4383.0,4226.0,1688.0,2120.0,1483.0,1479.0,1480.0,1478.0
0.0,12457.0,4453.0,4440.0,3965.0,5791.0,2443.0,2063.0,1285.0,1480.0,1481.0,1479.0,1493.0,1476.0,1484.0,4228.0,3800.0,4429.0,2443.0,2063.0,1285.0,1480.0,1481.0,1479.0
0.0,11969.0,4523.0,4443.0,5291.0,5035.0,2267.0,1444.0,1324.0,1481.0,1482.0,1480.0,1508.0,1497.0,1518.0,3477.0,3861.0,4631.0,2267.0,1444.0,1324.0,1481.0,1482.0,1480.0
0.0,12737.0,4498.0,4442.0,5791.0,3738.0,1307.0,889.0,1542.0,1480.0,1482.0,1480.0,1487.0,1508.0,1503.0,3657.0,4484.0,4596.0,1307.0,889.0,1542.0,1480.0,1482.0,1480.0
0.0,14030.0,4558.0,4447.0,5035.0,3281.0,558.0,977.0,1746.0,1481.0,1484.0,1482.0,1514.0,1524.0,1520.0,4613.0,5039.0,4378.0,558.0,977.0,1746.0,1481.0,1484.0,1482.0
0.0,14507.0,4383.0,4446.0,3738.0,3922.0,722.0,1553.0,1647.0,1481.0,1484.0,1481.0,1471.0,1465.0,1447.0,5366.0,4959.0,4182.0,722.0,1553.0,1647.0,1481.0,1484.0,1481.0
0.0,13862.0,4487.0,4447.0,3281.0,5132.0,1647.0,2063.0,1422.0,1481.0,1484.0,1482.0,1483.0,1487.0,1517.0,5202.0,4383.0,4277.0,1647.0,2063.0,1422.0,1481.0,1484.0,1482.0
0.0,12656.0,4516.0,4450.0,3922.0,5738.0,2419.0,2020.0,1299.0,1482.0,1485.0,1483.0,1490.0,1506.0,1520.0,4277.0,3873.0,4506.0,2419.0,2020.0,1299.0,1482.0,1485.0,1483.0
0.0,12062.0,4439.0,4450.0,5132.0,5045.0,2260.0,1404.0,1381.0,1482.0,1485.0,1483.0,1488.0,1447.0,1504.0,3509.0,3920.0,4633.0,2260.0,1404.0,1381.0,1482.0,1485.0,1483.0
0.0,12755.0,4507.0,4451.0,5738.0,3818.0,1333.0,894.0,1591.0,1482.0,1485.0,1484.0,1492.0,1510.0,1505.0,3668.0,4536.0,4551.0,1333.0,894.0,1591.0,1482.0,1485.0,1484.0
0.0,13986.0,4490.0,4451.0,5045.0,3263.0,582.0,951.0,1730.0,1482.0,1485.0,1484.0,1509.0,1461.0,1520.0,4595.0,5046.0,4345.0,582.0,951.0,1730.0,1482.0,1485.0,1484.0
0.0,14541.0,4563.0,4453.0,3818.0,4016.0,768.0,1571.0,1677.0,1483.0,1485.0,1485.0,1515.0,1514.0,1534.0,5346.0,4989.0,4206.0,768.0,1571.0,1677.0,1483.0,1485.0,1485.0
0.0,13796.0,4488.0,4453.0,3263.0,5241.0,1682.0,2126.0,1433.0,1483.0,1485.0,1485.0,1496.0,1506.0,1486.0,5164.0,4369.0,4263.0,1682.0,2126.0,1433.0,1483.0,1485.0,1485.0
0.0,12571.0,4542.0,4454.0,4016.0,5771.0,2446.0,2034.0,1291.0,1484.0,1484.0,1486.0,1528.0,1483.0,1531.0,4250.0,3814.0,4507.0,2446.0,2034.0,1291.0,1484.0,1484.0,1486.0
0.0,12045.0,4562.0,4455.0,5241.0,5096.0,2307.0,1402.0,1387.0,1485.0,1484.0,1486.0,1539.0,1494.0,1529.0,3490.0,3902.0,4653.0,2307.0,1402.0,1387.0,1485.0,1484.0,1486.0
0.0,12724.0,4602.0,4457.0,5771.0,3935.0,1408.0,884.0,1643.0,1486.0,1484.0,1487.0,1543.0,1516.0,1543.0,3633.0,4534.0,4557.0,1408.0,884.0,1643.0,1486.0,1484.0,1487.0
0.0,13893.0,4439.0,4457.0,5096.0,3278.0,577.0,939.0,1762.0,1486.0,1483.0,1488.0,1476.0,1461.0,1502.0,4536.0,5052.0,4305.0,577.0,939.0,1762.0,1486.0,1483.0,1488.0
0.0,14550.0,4483.0,4456.0,3935.0,3822.0,675.0,1541.0,1606.0,1486.0,1483.0,1487.0,1506.0,1486.0,1491.0,5367.0,4993.0,4190.0,675.0,1541.0,1606.0,1486.0,1483.0,1487.0
0.0,14002.0,4548.0,4456.0,3278.0,5092.0,1621.0,2121.0,1350.0,1486.0,1483.0,1487.0,1523.0,1519.0,1506.0,5269.0,4391.0,4342.0,1621.0,2121.0,1350.0,1486.0,1483.0,1487.0
0.0,12732.0,4542.0,4459.0,3822.0,5824.0,2449.0,2093.0,1282.0,1487.0,1484.0,1488.0,1499.0,1509.0,1534.0,4323.0,3811.0,4598.0,2449.0,2093.0,1282.0,1487.0,1484.0,1488.0
0.0,12012.0,4430.0,4458.0,5092.0,5158.0,2300.0,1440.0,1418.0,1487.0,1483.0,1488.0,1472.0,1472.0,1486.0,3499.0,3843.0,4670.0,2300.0,1440.0,1418.0,1487.0,1483.0,1488.0
0.0,12674.0,4593.0,4459.0,5824.0,3931.0,1377.0,881.0,1673.0,1488.0,1483.0,1488.0,1522.0,1534.0,1537.0,3648.0,4492.0,4534.0,1377.0,881.0,1673.0,1488.0,1483.0,1488.0
0.0,13905.0,4447.0,4461.0,5158.0,3228.0,557.0,921.0,1750.0,1488.0,1484.0,1489.0,1480.0,1476.0,1491.0,4575.0,5051.0,4279.0,557.0,921.0,1750.0,1488.0,1484.0,1489.0
0.0,14616.0,4419.0,4461.0,3931.0,3716.0,636.0,1528.0,1552.0,1488.0,1484.0,1489.0,1456.0,1488.0,1475.0,5395.0,5015.0,4206.0,636.0,1528.0,1552.0,1488.0,1484.0,1489.0
0.0,14128.0,4464.0,4463.0,3228.0,4960.0,1572.0,2105.0,1283.0,1489.0,1485.0,1489.0,1489.0,1494.0,1481.0,5316.0,4408.0,4404.0,1572.0,2105.0,1283.0,1489.0,1485.0,1489.0
0.0,12892.0,4517.0,4465.0,3716.0,5769.0,2441.0,2090.0,1238.0,1489.0,1486.0,1490.0,1505.0,1509.0,1503.0,4384.0,3835.0,4673.0,2441.0,2090.0,1238.0,1489.0,1486.0,1490.0
0.0,12091.0,4469.0,4467.0,4960.0,5286.0,2370.0,1486.0,1430.0,1490.0,1487.0,1490.0,1497.0,1497.0,1475.0,3515.0,3854.0,4722.0,2370.0,1486.0,1430.0,1490.0,1487.0,1490.0
0.0,12582.0,4435.0,4467.0,5769.0,3952.0,1387.0,882.0,1683.0,1490.0,1487.0,1490.0,1458.0,1486.0,1491.0,3590.0,4462.0,4530.0,1387.0,882.0,1683.0,1490.0,1487.0,1490.0
0.0,13916.0,4584.0,4469.0,5286.0,3258.0,553.0,937.0,1768.0,1491.0,1488.0,1490.0,1532.0,1537.0,1515.0,4573.0,5066.0,4277.0,553.0,937.0,1768.0,1491.0,1488.0,1490.0
0.0,14618.0,4539.0,4471.0,3952.0,3853.0,677.0,1588.0,1588.0,1491.0,1489.0,1491.0,1511.0,1529.0,1499.0,5411.0,5015.0,4192.0,677.0,1588.0,1588.0,1491.0,1489.0,1491.0
0.0,14031.0,4515.0,4474.0,3258.0,5122.0,1635.0,2169.0,1318.0,1492.0,1490.0,1492.0,1507.0,1514.0,1494.0,5287.0,4368.0,4376.0,1635.0,2169.0,1318.0,1492.0,1490.0,1492.0
0.0,12774.0,4367.0,4472.0,3853.0,5628.0,2410.0,2052.0,1166.0,1491.0,1490.0,1491.0,1456.0,1471.0,1440.0,4333.0,3791.0,4650.0,2410.0,2052.0,1166.0,1491.0,1490.0,1491.0
0.0,12260.0,4490.0,4473.0,5122.0,5000.0,2279.0,1407.0,1314.0,1491.0,1491.0,1491.0,1504.0,1520.0,1466.0,3554.0,3908.0,4798.0,2279.0,1407.0,1314.0,1491.0,1491.0,1491.0
0.0,12892.0,4561.0,4477.0,5628.0,3949.0,1376.0,913.0,1660.0,1492.0,1493.0,1492.0,1503.0,1550.0,1508.0,3685.0,4557.0,4650.0,1376.0,913.0,1660.0,1492.0,1493.0,1492.0
0.0,13959.0,4513.0,4478.0,5000.0,3466.0,614.0,1020.0,1832.0,1492.0,1494.0,1492.0,1517.0,1510.0,1486.0,4592.0,5059.0,4308.0,614.0,1020.0,1832.0,1492.0,1494.0,1492.0
0.0,14446.0,4460.0,4478.0,3949.0,3977.0,715.0,1610.0,1652.0,1492.0,1494.0,1492.0,1477.0,1503.0,1480.0,5354.0,4956.0,4136.0,715.0,1610.0,1652.0,1492.0,1494.0,1492.0
0.0,13935.0,4523.0,4479.0,3466.0,5038.0,1617.0,2084.0,1337.0,1492.0,1494.0,1493.0,1516.0,1494.0,1513.0,5253.0,4366.0,4316.0,1617.0,2084.0,1337.0,1492.0,1494.0,1493.0
0.0,12878.0,4597.0,4483.0,3977.0,5674.0,2449.0,2014.0,1211.0,1493.0,1496.0,1494.0,1543.0,1532.0,1522.0,4351.0,3892.0,4635.0,2449.0,2014.0,1211.0,1493.0,1496.0,1494.0
0.0,12258.0,4453.0,4483.0,5038.0,5089.0,2324.0,1422.0,1343.0,1493.0,1496.0,1494.0,1492.0,1492.0,1469.0,3523.0,3970.0,4765.0,2324.0,1422.0,1343.0,1493.0,1496.0,1494.0
0.0,12843.0,4459.0,4484.0,5674.0,3878.0,1348.0,926.0,1604.0,1493.0,1497.0,1494.0,1473.0,1514.0,1472.0,3648.0,4562.0,4633.0,1348.0,926.0,1604.0,1493.0,1497.0,1494.0
0.0,14058.0,4564.0,4487.0,5089.0,3365.0,556.0,1038.0,1771.0,1494.0,1498.0,1495.0,1528.0,1530.0,1506.0,4624.0,5062.0,4372.0,556.0,1038.0,1771.0,1494.0,1498.0,1495.0
0.0,14583.0,4584.0,4488.0,3878.0,4075.0,743.0,1618.0,1714.0,1494.0,1498.0,1496.0,1535.0,1506.0,1543.0,5420.0,4954.0,4209.0,743.0,1618.0,1714.0,1494.0,1498.0,1496.0
0.0,13877.0,4474.0,4488.0,3365.0,5184.0,1668.0,2069.0,1447.0,1494.0,1498.0,1496.0,1481.0,1489.0,1504.0,5233.0,4374.0,4270.0,1668.0,2069.0,1447.0,1494.0,1498.0,1496.0
0.0,12768.0,4581.0,4491.0,4075.0,5702.0,2458.0,1984.0,1260.0,1496.0,1498.0,1497.0,1525.0,1533.0,1523.0,4308.0,3923.0,4537.0,2458.0,1984.0,1260.0,1496.0,1498.0,1497.0
0.0,12262.0,4461.0,4495.0,5184.0,4995.0,2279.0,1397.0,1319.0,1497.0,1499.0,1499.0,1485.0,1478.0,1498.0,3526.0,4008.0,4728.0,2279.0,1397.0,1319.0,1497.0,1499.0,1499.0
0.0,12985.0,4471.0,4497.0,5702.0,3772.0,1326.0,877.0,1569.0,1498.0,1499.0,1500.0,1501.0,1464.0,1506.0,3709.0,4599.0,4677.0,1326.0,877.0,1569.0,1498.0,1499.0,1500.0
0.0,14216.0,4532.0,4498.0,4995.0,3313.0,558.0,978.0,1777.0,1498.0,1499.0,1501.0,1511.0,1498.0,1523.0,4666.0,5119.0,4431.0,558.0,978.0,1777.0,1498.0,1499.0,1501.0
0.0,14679.0,4549.0,4499.0,3772.0,4094.0,732.0,1626.0,1736.0,1498.0,1500.0,1501.0,1500.0,1521.0,1528.0,5434.0,5018.0,4227.0,732.0,1626.0,1736.0,1498.0,1500.0,1501.0
0.0,13902.0,4658.0,4504.0,3313.0,5459.0,1730.0,2194.0,1535.0,1500.0,1501.0,1503.0,1548.0,1542.0,1568.0,5260.0,4374.0,4268.0,1730.0,2194.0,1535.0,1500.0,1501.0,1503.0
0.0,12557.0,4491.0,4505.0,4094.0,5860.0,2461.0,2067.0,1332.0,1500.0,1501.0,1504.0,1463.0,1499.0,1529.0,4270.0,3810.0,4477.0,2461.0,2067.0,1332.0,1500.0,1501.0,1504.0
0.0,12160.0,4561.0,4506.0,5459.0,4966.0,2240.0,1391.0,1335.0,1500.0,1501.0,1505.0,1509.0,1518.0,1534.0,3539.0,3937.0,4684.0,2240.0,1391.0,1335.0,1500.0,1501.0,1505.0
0.0,13058.0,4509.0,4506.0,5860.0,3615.0,1254.0,826.0,1535.0,1500.0,1501.0,1505.0,1475.0,1502.0,1532.0,3760.0,4613.0,4685.0,1254.0,826.0,1535.0,1500.0,1501.0,1505.0
0.0,14409.0,4529.0,4508.0,4966.0,3186.0,549.0,918.0,1719.0,1501.0,1501.0,1506.0,1531.0,1483.0,1515.0,4746.0,5178.0,4485.0,549.0,918.0,1719.0,1501.0,1501.0,1506.0
0.0,14846.0,4415.0,4508.0,3615.0,3986.0,770.0,1551.0,1665.0,1501.0,1501.0,1506.0,1475.0,1459.0,1481.0,5455.0,5086.0,4305.0,770.0,1551.0,1665.0,1501.0,1501.0,1506.0
0.0,14046.0,4533.0,4508.0,3186.0,5333.0,1724.0,2131.0,1478.0,1501.0,1501.0,1506.0,1503.0,1498.0,1532.0,5234.0,4453.0,4359.0,1724.0,2131.0,1478.0,1501.0,1501.0,1506.0
0.0,12699.0,4737.0,4513.0,3986.0,6104.0,2541.0,2150.0,1413.0,1503.0,1502.0,1508.0,1579.0,1566.0,1592.0,4280.0,3873.0,4546.0,2541.0,2150.0,1413.0,1503.0,1502.0,1508.0
0.0,11948.0,4596.0,4513.0,5333.0,5367.0,2340.0,1547.0,1480.0,1503.0,1502.0,1508.0,1523.0,1528.0,1545.0,3471.0,3858.0,4619.0,2340.0,1547.0,1480.0,1503.0,1502.0,1508.0
0.0,12685.0,4612.0,4518.0,6104.0,3895.0,1343.0,906.0,1646.0,1504.0,1503.0,1511.0,1540.0,1505.0,1567.0,3672.0,4461.0,4552.0,1343.0,906.0,1646.0,1504.0,1503.0,1511.0
0.0,14177.0,4531.0,4518.0,5367.0,3059.0,507.0,862.0,1690.0,1504.0,1503.0,1511.0,1504.0,1503.0,1524.0,4673.0,5106.0,4398.0,507.0,862.0,1690.0,1504.0,1503.0,1511.0
0.0,15013.0,4624.0,4520.0,3895.0,3796.0,711.0,1470.0,1615.0,1505.0,1503.0,1512.0,1543.0,1514.0,1567.0,5509.0,5150.0,4354.0,711.0,1470.0,1615.0,1505.0,1503.0,1512.0
0.0,14284.0,4577.0,4522.0,3059.0,5322.0,1730.0,2124.0,1468.0,1506.0,1504.0,1512.0,1522.0,1512.0,1543.0,5309.0,4542.0,4433.0,1730.0,2124.0,1468.0,1506.0,1504.0,1512.0
0.0,12766.0,4618.0,4525.0,3796.0,6156.0,2566.0,2204.0,1386.0,1507.0,1505.0,1513.0,1543.0,1546.0,1529.0,4294.0,3892.0,4580.0,2566.0,2204.0,1386.0,1507.0,1505.0,1513.0
0.0,11944.0,4623.0,4527.0,5322.0,5465.0,2392.0,1616.0,1457.0,1508.0,1506.0,1513.0,1552.0,1532.0,1539.0,3462.0,3816.0,4666.0,2392.0,1616.0,1457.0,1508.0,1506.0,1513.0
0.0,12643.0,4523.0,4527.0,6156.0,3832.0,1338.0,907.0,1587.0,1508.0,1506.0,1513.0,1512.0,1495.0,1516.0,3640.0,4408.0,4595.0,1338.0,907.0,1587.0,1508.0,1506.0,1513.0
0.0,14276.0,4601.0,4529.0,5465.0,2976.0,487.0,811.0,1678.0,1509.0,1506.0,1514.0,1537.0,1520.0,1544.0,4694.0,5117.0,4465.0,487.0,811.0,1678.0,1509.0,1506.0,1514.0
0.0,15140.0,4564.0,4530.0,3832.0,3712.0,676.0,1428.0,1608.0,1509.0,1507.0,1514.0,1527.0,1520.0,1517.0,5549.0,5213.0,4378.0,676.0,1428.0,1608.0,1509.0,1507.0,1514.0
0.0,14408.0,4639.0,4530.0,2976.0,5375.0,1745.0,2187.0,1443.0,1509.0,1508.0,1513.0,1556.0,1566.0,1517.0,5360.0,4600.0,4448.0,1745.0,2187.0,1443.0,1509.0,1508.0,1513.0
0.0,12745.0,4617.0,4532.0,3712.0,6288.0,2608.0,2297.0,1383.0,1509.0,1509.0,1514.0,1539.0,1534.0,1544.0,4291.0,3845.0,4609.0,2608.0,2297.0,1383.0,1509.0,1509.0,1514.0
0.0,11840.0,4594.0,4534.0,5375.0,5515.0,2398.0,1663.0,1454.0,1510.0,1510.0,1514.0,1531.0,1549.0,1514.0,3428.0,3739.0,4673.0,2398.0,1663.0,1454.0,1510.0,1510.0,1514.0
0.0,12621.0,4560.0,4535.0,6288.0,3791.0,1295.0,896.0,1600.0,1510.0,1511.0,1514.0,1505.0,1526.0,1529.0,3642.0,4377.0,4602.0,1295.0,896.0,1600.0,1510.0,1511.0,1514.0
0.0,14349.0,4573.0,4537.0,5515.0,2857.0,408.0,780.0,1669.0,1510.0,1512.0,1515.0,1511.0,1543.0,1519.0,4745.0,5148.0,4456.0,408.0,780.0,1669.0,1510.0,1512.0,1515.0
0.0,15291.0,4608.0,4538.0,3791.0,3678.0,636.0,1444.0,1598.0,1510.0,1513.0,1515.0,1523.0,1556.0,1529.0,5632.0,5268.0,4391.0,636.0,1444.0,1598.0,1510.0,1513.0,1515.0
0.0,14474.0,4543.0,4540.0,2857.0,5372.0,1732.0,2212.0,1428.0,1511.0,1514.0,1515.0,1500.0,1544.0,1499.0,5404.0,4608.0,4462.0,1732.0,2212.0,1428.0,1511.0,1514.0,1515.0
0.0,12788.0,4564.0,4540.0,3678.0,6258.0,2610.0,2291.0,1357.0,1511.0,1514.0,1515.0,1514.0,1523.0,1527.0,4312.0,3844.0,4632.0,2610.0,2291.0,1357.0,1511.0,1514.0,1515.0
0.0,11902.0,4577.0,4541.0,5372.0,5467.0,2397.0,1621.0,1449.0,1511.0,1515.0,1515.0,1519.0,1538.0,1520.0,3434.0,3765.0,4703.0,2397.0,1621.0,1449.0,1511.0,1515.0,1515.0
0.0,12697.0,4581.0,4544.0,6258.0,3802.0,1296.0,869.0,1637.0,1512.0,1516.0,1516.0,1505.0,1535.0,1541.0,3647.0,4439.0,4611.0,1296.0,869.0,1637.0,1512.0,1516.0,1516.0
0.0,14374.0,4635.0,4548.0,5467.0,2986.0,446.0,800.0,1740.0,1513.0,1517.0,1518.0,1543.0,1548.0,1544.0,4752.0,5195.0,4427.0,446.0,800.0,1740.0,1513.0,1517.0,1518.0
0.0,15206.0,4624.0,4550.0,3802.0,3816.0,700.0,1490.0,1626.0,1514.0,1518.0,1518.0,1546.0,1555.0,1523.0,5606.0,5268.0,4332.0,700.0,1490.0,1626.0,1514.0,1518.0,1518.0
0.0,14384.0,4531.0,4551.0,2986.0,5365.0,1780.0,2210.0,1375.0,1515.0,1518.0,1518.0,1522.0,1520.0,1489.0,5356.0,4582.0,4446.0,1780.0,2210.0,1375.0,1515.0,1518.0,1518.0
0.0,12839.0,4461.0,4551.0,3816.0,6010.0,2580.0,2205.0,1225.0,1515.0,1518.0,1518.0,1500.0,1485.0,1476.0,4280.0,3862.0,4697.0,2580.0,2205.0,1225.0,1515.0,1518.0,1518.0
0.0,12194.0,4596.0,4551.0,5365.0,5241.0,2325.0,1529.0,1387.0,1515.0,1518.0,1518.0,1525.0,1534.0,1537.0,3480.0,3867.0,4847.0,2325.0,1529.0,1387.0,1515.0,1518.0,1518.0
0.0,12963.0,4492.0,4552.0,6010.0,3727.0,1237.0,820.0,1670.0,1515.0,1518.0,1519.0,1492.0,1496.0,1504.0,3735.0,4543.0,4685.0,1237.0,820.0,1670.0,1515.0,1518.0,1519.0
0.0,14481.0,4592.0,4552.0,5241.0,3078.0,447.0,822.0,1809.0,1515.0,1518.0,1519.0,1535.0,1531.0,1526.0,4823.0,5252.0,4406.0,447.0,822.0,1809.0,1515.0,1518.0,1519.0
0.0,15130.0,4598.0,4557.0,3727.0,3969.0,773.0,1518.0,1678.0,1517.0,1519.0,1521.0,1555.0,1512.0,1531.0,5613.0,5250.0,4267.0,773.0,1518.0,1678.0,1517.0,1519.0,1521.0
0.0,14259.0,4536.0,4558.0,3078.0,5431.0,1872.0,2184.0,1375.0,1518.0,1518.0,1522.0,1542.0,1492.0,1502.0,5295.0,4558.0,4406.0,1872.0,2184.0,1375.0,1518.0,1518.0,1522.0
0.0,12801.0,4521.0,4557.0,3969.0,5979.0,2609.0,2164.0,1206.0,1518.0,1517.0,1522.0,1510.0,1502.0,1509.0,4200.0,3888.0,4713.0,2609.0,2164.0,1206.0,1518.0,1517.0,1522.0
0.0,12249.0,4618.0,4559.0,5431.0,5174.0,2266.0,1524.0,1384.0,1518.0,1518.0,1523.0,1529.0,1540.0,1549.0,3463.0,3904.0,4882.0,2266.0,1524.0,1384.0,1518.0,1518.0,1523.0
0.0,13062.0,4624.0,4562.0,5979.0,3831.0,1225.0,887.0,1719.0,1520.0,1518.0,1524.0,1560.0,1527.0,1537.0,3806.0,4548.0,4708.0,1225.0,887.0,1719.0,1520.0,1518.0,1524.0
0.0,14417.0,4592.0,4564.0,5174.0,3257.0,533.0,880.0,1844.0,1521.0,1519.0,1524.0,1570.0,1513.0,1509.0,4855.0,5185.0,4377.0,533.0,880.0,1844.0,1521.0,1519.0,1524.0
0.0,14999.0,4536.0,4562.0,3831.0,3954.0,832.0,1504.0,1618.0,1521.0,1518.0,1523.0,1524.0,1515.0,1497.0,5551.0,5196.0,4252.0,832.0,1504.0,1618.0,1521.0,1518.0,1523.0
0.0,14294.0,4556.0,4564.0,3257.0,5261.0,1833.0,2145.0,1283.0,1521.0,1519.0,1524.0,1534.0,1517.0,1505.0,5252.0,4568.0,4474.0,1833.0,2145.0,1283.0,1521.0,1519.0,1524.0
0.0,12995.0,4448.0,4564.0,3954.0,5755.0,2507.0,2094.0,1154.0,1522.0,1518.0,1524.0,1502.0,1457.0,1489.0,4251.0,3931.0,4813.0,2507.0,2094.0,1154.0,1522.0,1518.0,1524.0
0.0,12501.0,4581.0,4564.0,5261.0,5075.0,2220.0,1453.0,1402.0,1522.0,1517.0,1525.0,1546.0,1508.0,1527.0,3581.0,3978.0,4942.0,2220.0,1453.0,1402.0,1522.0,1517.0,1525.0
0.0,13181.0,4621.0,4565.0,5755.0,3945.0,1242.0,900.0,1803.0,1522.0,1518.0,1525.0,1529.0,1537.0,1555.0,3868.0,4615.0,4698.0,1242.0,900.0,1803.0,1522.0,1518.0,1525.0
0.0,14315.0,4606.0,4568.0,5075.0,3488.0,555.0,980.0,1953.0,1523.0,1519.0,1526.0,1529.0,1529.0,1548.0,4846.0,5172.0,4297.0,555.0,980.0,1953.0,1523.0,1519.0,1526.0
0.0,14784.0,4571.0,4567.0,3945.0,4110.0,837.0,1584.0,1689.0,1523.0,1518.0,1526.0,1524.0,1508.0,1539.0,5537.0,5096.0,4151.0,837.0,1584.0,1689.0,1523.0,1518.0,1526.0
0.0,14158.0,4649.0,4571.0,3488.0,5287.0,1828.0,2151.0,1308.0,1524.0,1519.0,1528.0,1542.0,1543.0,1564.0,5255.0,4488.0,4415.0,1828.0,2151.0,1308.0,1524.0,1519.0,1528.0
0.0,12997.0,4679.0,4575.0,4110.0,5872.0,2554.0,2118.0,1200.0,1525.0,1521.0,1529.0,1559.0,1543.0,1577.0,4268.0,3925.0,4804.0,2554.0,2118.0,1200.0,1525.0,1521.0,1529.0
0.0,12428.0,4571.0,4576.0,5287.0,5160.0,2254.0,1487.0,1419.0,1526.0,1521.0,1529.0,1524.0,1520.0,1527.0,3546.0,3966.0,4916.0,2254.0,1487.0,1419.0,1526.0,1521.0,1529.0
0.0,13144.0,4551.0,4575.0,5872.0,3835.0,1187.0,890.0,1758.0,1525.0,1521.0,1529.0,1491.0,1521.0,1539.0,3850.0,4597.0,4697.0,1187.0,890.0,1758.0,1525.0,1521.0,1529.0
0.0,14465.0,4669.0,4576.0,5160.0,3348.0,478.0,971.0,1899.0,1525.0,1522.0,1529.0,1545.0,1564.0,1560.0,4913.0,5194.0,4358.0,478.0,971.0,1899.0,1525.0,1522.0,1529.0
0.0,14956.0,4590.0,4578.0,3835.0,4111.0,801.0,1605.0,1705.0,1526.0,1522.0,1530.0,1506.0,1524.0,1560.0,5622.0,5117.0,4217.0,801.0,1605.0,1705.0,1526.0,1522.0,1530.0
0.0,14201.0,4676.0,4580.0,3348.0,5447.0,1871.0,2191.0,1385.0,1527.0,1523.0,1530.0,1544.0,1553.0,1579.0,5303.0,4483.0,4415.0,1871.0,2191.0,1385.0,1527.0,1523.0,1530.0
0.0,12873.0,4591.0,4581.0,4111.0,5931.0,2603.0,2114.0,1214.0,1528.0,1523.0,1530.0,1529.0,1528.0,1534.0,4237.0,3901.0,4735.0,2603.0,2114.0,1214.0,1528.0,1523.0,1530.0
0.0,12393.0,4632.0,4584.0,5447.0,5128.0,2253.0,1483.0,1392.0,1528.0,1525.0,1531.0,1521.0,1552.0,1559.0,3509.0,3978.0,4906.0,2253.0,1483.0,1392.0,1528.0,1525.0,1531.0
0.0,13208.0,4636.0,4588.0,5931.0,3849.0,1201.0,907.0,1741.0,1529.0,1526.0,1533.0,1547.0,1534.0,1555.0,3859.0,4617.0,4732.0,1201.0,907.0,1741.0,1529.0,1526.0,1533.0
0.0,14503.0,4636.0,4590.0,5128.0,3365.0,481.0,981.0,1903.0,1530.0,1527.0,1533.0,1529.0,1553.0,1554.0,4915.0,5197.0,4391.0,481.0,981.0,1903.0,1530.0,1527.0,1533.0
0.0,14995.0,4753.0,4590.0,3849.0,4269.0,845.0,1684.0,1740.0,1529.0,1528.0,1533.0,1569.0,1606.0,1578.0,5639.0,5127.0,4229.0,845.0,1684.0,1740.0,1529.0,1528.0,1533.0
0.0,14091.0,4661.0,4592.0,3365.0,5573.0,1912.0,2264.0,1397.0,1530.0,1529.0,1533.0,1544.0,1557.0,1560.0,5271.0,4428.0,4392.0,1912.0,2264.0,1397.0,1530.0,1529.0,1533.0
0.0,12795.0,4577.0,4591.0,4269.0,5877.0,2606.0,2102.0,1169.0,1530.0,1529.0,1532.0,1539.0,1522.0,1516.0,4208.0,3852.0,4735.0,2606.0,2102.0,1169.0,1530.0,1529.0,1532.0
0.0,12487.0,4627.0,4593.0,5573.0,4939.0,2222.0,1394.0,1323.0,1530.0,1530.0,1533.0,1528.0,1552.0,1547.0,3514.0,4014.0,4959.0,2222.0,1394.0,1323.0,1530.0,1530.0,1533.0
0.0,13433.0,4630.0,4592.0,5877.0,3688.0,1158.0,824.0,1706.0,1530.0,1530.0,1532.0,1542.0,1532.0,1556.0,3898.0,4726.0,4809.0,1158.0,824.0,1706.0,1530.0,1530.0,1532.0
0.0,14680.0,4723.0,4595.0,4939.0,3484.0,499.0,1011.0,1974.0,1531.0,1531.0,1533.0,1559.0,1577.0,1587.0,4962.0,5296.0,4422.0,499.0,1011.0,1974.0,1531.0,1531.0,1533.0
0.0,14896.0,4702.0,4597.0,3688.0,4506.0,908.0,1758.0,1840.0,1531.0,1532.0,1534.0,1567.0,1567.0,1568.0,5625.0,5113.0,4158.0,908.0,1758.0,1840.0,1531.0,1532.0,1534.0
0.0,13882.0,4667.0,4598.0,3484.0,5693.0,1974.0,2293.0,1426.0,1532.0,1532.0,1534.0,1561.0,1546.0,1560.0,5216.0,4370.0,4296.0,1974.0,2293.0,1426.0,1532.0,1532.0,1534.0
0.0,12699.0,4682.0,4602.0,4506.0,5885.0,2644.0,2116.0,1125.0,1533.0,1534.0,1535.0,1574.0,1573.0,1535.0,4154.0,3835.0,4710.0,2644.0,2116.0,1125.0,1533.0,1534.0,1535.0
0.0,12523.0,4606.0,4602.0,5693.0,4798.0,2220.0,1338.0,1240.0,1533.0,1534.0,1535.0,1550.0,1515.0,1541.0,3488.0,4020.0,5015.0,2220.0,1338.0,1240.0,1533.0,1534.0,1535.0
0.0,13610.0,4631.0,4602.0,5885.0,3544.0,1124.0,759.0,1661.0,1533.0,1534.0,1535.0,1548.0,1537.0,1546.0,3912.0,4798.0,4900.0,1124.0,759.0,1661.0,1533.0,1534.0,1535.0
0.0,14864.0,4583.0,4601.0,4798.0,3325.0,448.0,942.0,1935.0,1533.0,1533.0,1535.0,1544.0,1525.0,1514.0,5008.0,5377.0,4479.0,448.0,942.0,1935.0,1533.0,1533.0,1535.0
0.0,15079.0,4683.0,4603.0,3544.0,4472.0,885.0,1735.0,1852.0,1534.0,1533.0,1536.0,1557.0,1552.0,1574.0,5684.0,5190.0,4205.0,885.0,1735.0,1852.0,1534.0,1533.0,1536.0
0.0,13940.0,4728.0,4605.0,3325.0,5883.0,2016.0,2373.0,1494.0,1534.0,1534.0,1537.0,1579.0,1576.0,1573.0,5251.0,4397.0,4292.0,2016.0,2373.0,1494.0,1534.0,1534.0,1537.0
0.0,12537.0,4749.0,4609.0,4472.0,6176.0,2725.0,2223.0,1228.0,1536.0,1535.0,1538.0,1586.0,1581.0,1582.0,4120.0,3763.0,4654.0,2725.0,2223.0,1228.0,1536.0,1535.0,1538.0
0.0,12260.0,4614.0,4610.0,5883.0,4911.0,2263.0,1382.0,1266.0,1537.0,1535.0,1538.0,1550.0,1532.0,1532.0,3419.0,3917.0,4924.0,2263.0,1382.0,1266.0,1537.0,1535.0,1538.0
0.0,13529.0,4549.0,4608.0,6176.0,3276.0,1036.0,694.0,1546.0,1536.0,1534.0,1538.0,1502.0,1539.0,1508.0,3885.0,4758.0,4886.0,1036.0,694.0,1546.0,1536.0,1534.0,1538.0
0.0,15156.0,4683.0,4612.0,4911.0,3064.0,354.0,875.0,1835.0,1538.0,1535.0,1539.0,1573.0,1559.0,1551.0,5108.0,5442.0,4606.0,354.0,875.0,1835.0,1538.0,1535.0,1539.0
0.0,15384.0,4618.0,4612.0,3276.0,4406.0,862.0,1743.0,1801.0,1538.0,1535.0,1539.0,1544.0,1562.0,1512.0,5798.0,5265.0,4321.0,862.0,1743.0,1801.0,1538.0,1535.0,1539.0
0.0,14042.0,4560.0,4612.0,3064.0,5902.0,2007.0,2397.0,1498.0,1538.0,1535.0,1539.0,1499.0,1529.0,1532.0,5290.0,4397.0,4355.0,2007.0,2397.0,1498.0,1538.0,1535.0,1539.0
0.0,12546.0,4858.0,4617.0,4406.0,6374.0,2764.0,2283.0,1327.0,1540.0,1537.0,1540.0,1611.0,1621.0,1626.0,4145.0,3743.0,4658.0,2764.0,2283.0,1327.0,1540.0,1537.0,1540.0
0.0,12094.0,4781.0,4620.0,5902.0,5265.0,2366.0,1469.0,1430.0,1541.0,1538.0,1541.0,1605.0,1579.0,1597.0,3396.0,3865.0,4833.0,2366.0,1469.0,1430.0,1541.0,1538.0,1541.0
0.0,13215.0,4652.0,4621.0,6374.0,3547.0,1148.0,756.0,1643.0,1541.0,1538.0,1542.0,1546.0,1570.0,1536.0,3798.0,4683.0,4734.0,1148.0,756.0,1643.0,1541.0,1538.0,1542.0
0.0,14937.0,4675.0,4623.0,5265.0,2965.0,319.0,847.0,1799.0,1541.0,1539.0,1543.0,1537.0,1556.0,1582.0,5016.0,5396.0,4525.0,319.0,847.0,1799.0,1541.0,1539.0,1543.0
0.0,15527.0,4683.0,4628.0,3547.0,4121.0,738.0,1664.0,1719.0,1543.0,1540.0,1545.0,1559.0,1569.0,1555.0,5845.0,5309.0,4373.0,738.0,1664.0,1719.0,1543.0,1540.0,1545.0
0.0,14391.0,4667.0,4628.0,2965.0,5823.0,1988.0,2367.0,1468.0,1543.0,1540.0,1545.0,1569.0,1550.0,1548.0,5434.0,4496.0,4461.0,1988.0,2367.0,1468.0,1543.0,1540.0,1545.0
0.0,12689.0,4786.0,4635.0,4121.0,6516.0,2829.0,2326.0,1361.0,1545.0,1543.0,1547.0,1571.0,1611.0,1604.0,4184.0,3793.0,4712.0,2829.0,2326.0,1361.0,1545.0,1543.0,1547.0
0.0,12024.0,4654.0,4635.0,5823.0,5347.0,2398.0,1517.0,1432.0,1545.0,1543.0,1547.0,1557.0,1558.0,1539.0,3351.0,3846.0,4827.0,2398.0,1517.0,1432.0,1545.0,1543.0,1547.0
0.0,13193.0,4680.0,4638.0,6516.0,3523.0,1136.0,747.0,1640.0,1546.0,1544.0,1548.0,1563.0,1552.0,1565.0,3782.0,4655.0,4756.0,1136.0,747.0,1640.0,1546.0,1544.0,1548.0
0.0,15029.0,4709.0,4641.0,5347.0,2897.0,306.0,819.0,1772.0,1546.0,1546.0,1549.0,1568.0,1581.0,1560.0,5048.0,5429.0,4552.0,306.0,819.0,1772.0,1546.0,1546.0,1549.0
0.0,15667.0,4713.0,4644.0,3523.0,4099.0,750.0,1642.0,1707.0,1547.0,1547.0,1550.0,1576.0,1566.0,1571.0,5878.0,5365.0,4424.0,750.0,1642.0,1707.0,1547.0,1547.0,1550.0
0.0,14477.0,4751.0,4648.0,2897.0,5969.0,2043.0,2425.0,1501.0,1549.0,1548.0,1551.0,1591.0,1598.0,1562.0,5438.0,4546.0,4493.0,2043.0,2425.0,1501.0,1549.0,1548.0,1551.0
0.0,12623.0,4784.0,4649.0,4099.0,6658.0,2901.0,2387.0,1370.0,1549.0,1549.0,1551.0,1608.0,1600.0,1576.0,4153.0,3767.0,4703.0,2901.0,2387.0,1370.0,1549.0,1549.0,1551.0
0.0,11938.0,4752.0,4653.0,5969.0,5457.0,2430.0,1554.0,1473.0,1549.0,1551.0,1553.0,1572.0,1584.0,1596.0,3295.0,3809.0,4834.0,2430.0,1554.0,1473.0,1549.0,1551.0,1553.0
0.0,13155.0,4766.0,4658.0,6658.0,3585.0,1118.0,753.0,1714.0,1551.0,1552.0,1555.0,1581.0,1582.0,1603.0,3766.0,4650.0,4739.0,1118.0,753.0,1714.0,1551.0,1552.0,1555.0
0.0,15047.0,4775.0,4663.0,5457.0,2923.0,276.0,814.0,1833.0,1552.0,1554.0,1557.0,1584.0,1607.0,1584.0,5086.0,5455.0,4506.0,276.0,814.0,1833.0,1552.0,1554.0,1557.0
0.0,15729.0,4714.0,4667.0,3585.0,4068.0,721.0,1650.0,1697.0,1553.0,1556.0,1558.0,1559.0,1581.0,1574.0,5932.0,5402.0,4395.0,721.0,1650.0,1697.0,1553.0,1556.0,1558.0
0.0,14600.0,4728.0,4669.0,2923.0,5881.0,2035.0,2410.0,1436.0,1553.0,1557.0,1559.0,1590.0,1570.0,1568.0,5491.0,4574.0,4535.0,2035.0,2410.0,1436.0,1553.0,1557.0,1559.0
0.0,12795.0,4571.0,4668.0,4068.0,6380.0,2833.0,2283.0,1264.0,1553.0,1557.0,1558.0,1519.0,1523.0,1529.0,4177.0,3818.0,4800.0,2833.0,2283.0,1264.0,1553.0,1557.0,1558.0
0.0,12292.0,4682.0,4671.0,5881.0,5193.0,2362.0,1442.0,1389.0,1554.0,1558.0,1559.0,1560.0,1565.0,1557.0,3379.0,3945.0,4968.0,2362.0,1442.0,1389.0,1554.0,1558.0,1559.0
0.0,13491.0,4769.0,4675.0,6380.0,3598.0,1111.0,764.0,1723.0,1555.0,1560.0,1560.0,1578.0,1597.0,1594.0,3854.0,4790.0,4847.0,1111.0,764.0,1723.0,1555.0,1560.0,1560.0
0.0,15102.0,4662.0,4673.0,5193.0,3059.0,265.0,916.0,1878.0,1554.0,1560.0,1559.0,1520.0,1594.0,1548.0,5109.0,5476.0,4517.0,265.0,916.0,1878.0,1554.0,1560.0,1559.0
0.0,15633.0,4662.0,4674.0,3598.0,4127.0,696.0,1721.0,1710.0,1554.0,1561.0,1559.0,1542.0,1565.0,1555.0,5951.0,5324.0,4358.0,696.0,1721.0,1710.0,1554.0,1561.0,1559.0
0.0,14569.0,4635.0,4676.0,3059.0,5711.0,1948.0,2361.0,1402.0,1554.0,1562.0,1560.0,1517.0,1552.0,1566.0,5520.0,4523.0,4526.0,1948.0,2361.0,1402.0,1554.0,1562.0,1560.0
0.0,12993.0,4673.0,4677.0,4127.0,6261.0,2788.0,2206.0,1267.0,1555.0,1562.0,1560.0,1532.0,1566.0,1575.0,4268.0,3887.0,4838.0,2788.0,2206.0,1267.0,1555.0,1562.0,1560.0
0.0,12447.0,4660.0,4678.0,5711.0,5214.0,2376.0,1401.0,1437.0,1555.0,1562.0,1561.0,1536.0,1556.0,1568.0,3432.0,4042.0,4973.0,2376.0,1401.0,1437.0,1555.0,1562.0,1561.0
0.0,13498.0,4602.0,4677.0,6261.0,3551.0,1106.0,726.0,1719.0,1555.0,1562.0,1560.0,1518.0,1531.0,1553.0,3844.0,4847.0,4807.0,1106.0,726.0,1719.0,1555.0,1562.0,1560.0
0.0,15157.0,4597.0,4676.0,5214.0,2930.0,242.0,891.0,1797.0,1554.0,1563.0,1559.0,1516.0,1562.0,1519.0,5114.0,5522.0,4521.0,242.0,891.0,1797.0,1554.0,1563.0,1559.0
0.0,15774.0,4699.0,4678.0,3551.0,4086.0,706.0,1735.0,1645.0,1555.0,1563.0,1560.0,1566.0,1570.0,1563.0,5974.0,5361.0,4439.0,706.0,1735.0,1645.0,1555.0,1563.0,1560.0
0.0,14626.0,4572.0,4677.0,2930.0,5724.0,1986.0,2365.0,1373.0,1555.0,1563.0,1559.0,1522.0,1521.0,1529.0,5514.0,4517.0,4595.0,1986.0,2365.0,1373.0,1555.0,1563.0,1559.0
0.0,12984.0,4805.0,4680.0,4086.0,6455.0,2892.0,2216.0,1347.0,1556.0,1564.0,1560.0,1608.0,1582.0,1615.0,4234.0,3887.0,4863.0,2892.0,2216.0,1347.0,1556.0,1564.0,1560.0
0.0,12265.0,4671.0,4681.0,5724.0,5406.0,2479.0,1397.0,1530.0,1557.0,1564.0,1560.0,1569.0,1546.0,1556.0,3332.0,4040.0,4893.0,2479.0,1397.0,1530.0,1557.0,1564.0,1560.0
0.0,13318.0,4710.0,4681.0,6455.0,3661.0,1163.0,731.0,1767.0,1557.0,1563.0,1561.0,1576.0,1554.0,1580.0,3749.0,4859.0,4710.0,1163.0,731.0,1767.0,1557.0,1563.0,1561.0
0.0,15063.0,4760.0,4682.0,5406.0,3019.0,288.0,900.0,1831.0,1558.0,1563.0,1561.0,1600.0,1566.0,1594.0,5065.0,5521.0,4477.0,288.0,900.0,1831.0,1558.0,1563.0,1561.0
0.0,15709.0,4642.0,4683.0,3661.0,4004.0,706.0,1671.0,1627.0,1559.0,1562.0,1562.0,1577.0,1506.0,1559.0,5944.0,5352.0,4413.0,706.0,1671.0,1627.0,1559.0,1562.0,1562.0
0.0,14728.0,4714.0,4685.0,3019.0,5707.0,2000.0,2346.0,1361.0,1560.0,1563.0,1562.0,1578.0,1571.0,1565.0,5530.0,4577.0,4621.0,2000.0,2346.0,1361.0,1560.0,1563.0,1562.0
0.0,13033.0,4773.0,4688.0,4004.0,6488.0,2895.0,2262.0,1331.0,1561.0,1564.0,1563.0,1597.0,1583.0,1593.0,4240.0,3906.0,4887.0,2895.0,2262.0,1331.0,1561.0,1564.0,1563.0
0.0,12264.0,4715.0,4688.0,5707.0,5496.0,2464.0,1483.0,1549.0,1561.0,1564.0,1563.0,1569.0,1567.0,1579.0,3349.0,3994.0,4921.0,2464.0,1483.0,1549.0,1561.0,1564.0,1563.0
0.0,13256.0,4684.0,4687.0,6488.0,3688.0,1132.0,773.0,1783.0,1561.0,1563.0,1563.0,1563.0,1556.0,1565.0,3780.0,4773.0,4703.0,1132.0,773.0,1783.0,1561.0,1563.0,1563.0
0.0,15060.0,4721.0,4689.0,5496.0,2921.0,262.0,865.0,1794.0,1562.0,1564.0,1563.0,1590.0,1571.0,1560.0,5112.0,5479.0,4469.0,262.0,865.0,1794.0,1562.0,1564.0,1563.0
0.0,15835.0,4839.0,4691.0,3688.0,4080.0,768.0,1693.0,1619.0,1563.0,1564.0,1564.0,1634.0,1601.0,1604.0,5986.0,5391.0,4458.0,768.0,1693.0,1619.0,1563.0,1564.0,1564.0
0.0,14684.0,4768.0,4694.0,2921.0,5939.0,2087.0,2443.0,1409.0,1563.0,1566.0,1565.0,1581.0,1607.0,1580.0,5484.0,4563.0,4637.0,2087.0,2443.0,1409.0,1563.0,1566.0,1565.0
0.0,12837.0,4734.0,4697.0,4080.0,6605.0,2892.0,2366.0,1347.0,1564.0,1568.0,1565.0,1569.0,1608.0,1557.0,4165.0,3821.0,4851.0,2892.0,2366.0,1347.0,1564.0,1568.0,1565.0
0.0,12183.0,4677.0,4698.0,5939.0,5347.0,2385.0,1485.0,1477.0,1564.0,1568.0,1566.0,1580.0,1562.0,1535.0,3364.0,3906.0,4913.0,2385.0,1485.0,1477.0,1564.0,1568.0,1566.0
0.0,13445.0,4652.0,4698.0,6605.0,3394.0,1043.0,698.0,1653.0,1564.0,1569.0,1565.0,1550.0,1575.0,1527.0,3871.0,4787.0,4787.0,1043.0,698.0,1653.0,1564.0,1569.0,1565.0
0.0,15398.0,4802.0,4699.0,5347.0,2853.0,262.0,829.0,1762.0,1565.0,1569.0,1565.0,1600.0,1616.0,1586.0,5213.0,5578.0,4607.0,262.0,829.0,1762.0,1565.0,1569.0,1565.0
0.0,15943.0,4780.0,4700.0,3394.0,4243.0,809.0,1753.0,1681.0,1565.0,1570.0,1565.0,1590.0,1618.0,1572.0,5998.0,5447.0,4498.0,809.0,1753.0,1681.0,1565.0,1570.0,1565.0
0.0,14557.0,4739.0,4702.0,2853.0,6137.0,2148.0,2525.0,1464.0,1566.0,1571.0,1565.0,1597.0,1597.0,1545.0,5451.0,4527.0,4579.0,2148.0,2525.0,1464.0,1566.0,1571.0,1565.0
0.0,12671.0,4852.0,4708.0,4243.0,6770.0,2964.0,2405.0,1401.0,1568.0,1573.0,1567.0,1617.0,1625.0,1610.0,4116.0,3759.0,4796.0,2964.0,2405.0,1401.0,1568.0,1573.0,1567.0
0.0,12062.0,4675.0,4708.0,6137.0,5308.0,2348.0,1474.0,1486.0,1567.0,1574.0,1567.0,1536.0,1590.0,1549.0,3308.0,3887.0,4867.0,2348.0,1474.0,1486.0,1567.0,1574.0,1567.0
0.0,13524.0,4789.0,4710.0,6770.0,3335.0,979.0,671.0,1685.0,1568.0,1574.0,1568.0,1591.0,1602.0,1596.0,3920.0,4822.0,4782.0,979.0,671.0,1685.0,1568.0,1574.0,1568.0
0.0,15505.0,4725.0,4714.0,5308.0,2768.0,185.0,808.0,1775.0,1569.0,1576.0,1569.0,1550.0,1603.0,1572.0,5293.0,5625.0,4587.0,185.0,808.0,1775.0,1569.0,1576.0,1569.0
0.0,16088.0,4816.0,4713.0,3335.0,4245.0,778.0,1786.0,1681.0,1568.0,1576.0,1569.0,1576.0,1649.0,1591.0,6091.0,5496.0,4501.0,778.0,1786.0,1681.0,1568.0,1576.0,1569.0
0.0,14607.0,4720.0,4712.0,2768.0,6193.0,2169.0,2564.0,1460.0,1568.0,1576.0,1568.0,1576.0,1586.0,1558.0,5494.0,4518.0,4595.0,2169.0,2564.0,1460.0,1568.0,1576.0,1568.0
0.0,12655.0,4683.0,4713.0,4245.0,6635.0,2945.0,2355.0,1335.0,1568.0,1577.0,1568.0,1554.0,1573.0,1556.0,4103.0,3740.0,4812.0,2945.0,2355.0,1335.0,1568.0,1577.0,1568.0
0.0,12217.0,4698.0,4713.0,6193.0,5140.0,2322.0,1360.0,1458.0,1568.0,1577.0,1568.0,1546.0,1569.0,1583.0,3327.0,3953.0,4937.0,2322.0,1360.0,1458.0,1568.0,1577.0,1568.0
0.0,13712.0,4793.0,4716.0,6635.0,3310.0,962.0,628.0,1720.0,1569.0,1578.0,1569.0,1581.0,1619.0,1593.0,3950.0,4948.0,4814.0,962.0,628.0,1720.0,1569.0,1578.0,1569.0
0.0,15554.0,4744.0,4716.0,5140.0,2914.0,229.0,855.0,1830.0,1569.0,1578.0,1569.0,1589.0,1587.0,1568.0,5314.0,5684.0,4556.0,229.0,855.0,1830.0,1569.0,1578.0,1569.0
0.0,15950.0,4652.0,4714.0,3310.0,4248.0,785.0,1775.0,1688.0,1568.0,1577.0,1569.0,1522.0,1552.0,1578.0,6047.0,5457.0,4446.0,785.0,1775.0,1688.0,1568.0,1577.0,1569.0
0.0,14608.0,4745.0,4717.0,2914.0,6091.0,2144.0,2501.0,1446.0,1569.0,1578.0,1570.0,1584.0,1577.0,1584.0,5487.0,4533.0,4588.0,2144.0,2501.0,1446.0,1569.0,1578.0,1570.0
0.0,12777.0,4726.0,4717.0,4248.0,6569.0,2932.0,2311.0,1326.0,1569.0,1578.0,1570.0,1573.0,1585.0,1568.0,4132.0,3811.0,4834.0,2932.0,2311.0,1326.0,1569.0,1578.0,1570.0
0.0,12299.0,4799.0,4719.0,6091.0,5285.0,2379.0,1405.0,1501.0,1569.0,1579.0,1571.0,1591.0,1591.0,1617.0,3344.0,4001.0,4954.0,2379.0,1405.0,1501.0,1569.0,1579.0,1571.0
0.0,13591.0,4735.0,4719.0,6569.0,3451.0,1024.0,680.0,1747.0,1569.0,1579.0,1571.0,1577.0,1586.0,1572.0,3897.0,4911.0,4783.0,1024.0,680.0,1747.0,1569.0,1579.0,1571.0
0.0,15425.0,4764.0,4720.0,5285.0,2934.0,223.0,852.0,1859.0,1569.0,1579.0,1572.0,1578.0,1577.0,1609.0,5252.0,5636.0,4537.0,223.0,852.0,1859.0,1569.0,1579.0,1572.0
0.0,15946.0,4747.0,4719.0,3451.0,4226.0,788.0,1746.0,1692.0,1569.0,1578.0,1572.0,1589.0,1578.0,1580.0,6053.0,5464.0,4429.0,788.0,1746.0,1692.0,1569.0,1578.0,1572.0
0.0,14650.0,4770.0,4719.0,2934.0,6062.0,2156.0,2454.0,1452.0,1569.0,1578.0,1572.0,1591.0,1560.0,1619.0,5488.0,4566.0,4596.0,2156.0,2454.0,1452.0,1569.0,1578.0,1572.0
0.0,12814.0,4762.0,4719.0,4226.0,6598.0,2968.0,2284.0,1346.0,1569.0,1578.0,1572.0,1600.0,1576.0,1586.0,4120.0,3858.0,4836.0,2968.0,2284.0,1346.0,1569.0,1578.0,1572.0
0.0,12278.0,4834.0,4720.0,6062.0,5374.0,2452.0,1409.0,1513.0,1570.0,1577.0,1573.0,1636.0,1583.0,1615.0,3308.0,4028.0,4942.0,2452.0,1409.0,1513.0,1570.0,1577.0,1573.0
0.0,13506.0,4849.0,4723.0,6598.0,3637.0,1094.0,736.0,1807.0,1571.0,1578.0,1574.0,1606.0,1607.0,1636.0,3828.0,4899.0,4779.0,1094.0,736.0,1807.0,1571.0,1578.0,1574.0
0.0,15255.0,4750.0,4723.0,5374.0,3013.0,216.0,901.0,1896.0,1571.0,1578.0,1574.0,1574.0,1574.0,1602.0,5190.0,5576.0,4489.0,216.0,901.0,1896.0,1571.0,1578.0,1574.0
0.0,15879.0,4672.0,4725.0,3637.0,4056.0,684.0,1695.0,1677.0,1572.0,1578.0,1575.0,1558.0,1530.0,1584.0,6068.0,5411.0,4400.0,684.0,1695.0,1677.0,1572.0,1578.0,1575.0
0.0,14844.0,4692.0,4726.0,3013.0,5739.0,2027.0,2364.0,1348.0,1572.0,1578.0,1576.0,1559.0,1570.0,1563.0,5604.0,4617.0,4623.0,2027.0,2364.0,1348.0,1572.0,1578.0,1576.0
0.0,13165.0,4713.0,4723.0,4056.0,6384.0,2899.0,2237.0,1248.0,1571.0,1577.0,1575.0,1560.0,1572.0,1581.0,4261.0,3948.0,4956.0,2899.0,2237.0,1248.0,1571.0,1577.0,1575.0
0.0,12508.0,4747.0,4726.0,5739.0,5404.0,2460.0,1463.0,1481.0,1573.0,1577.0,1576.0,1580.0,1590.0,1577.0,3385.0,4071.0,5052.0,2460.0,1463.0,1481.0,1573.0,1577.0,1576.0
0.0,13500.0,4706.0,4727.0,6384.0,3730.0,1114.0,789.0,1827.0,1573.0,1577.0,1577.0,1553.0,1563.0,1590.0,3832.0,4845.0,4823.0,1114.0,789.0,1827.0,1573.0,1577.0,1577.0
0.0,15178.0,4721.0,4729.0,5404.0,3055.0,234.0,906.0,1915.0,1574.0,1578.0,1577.0,1576.0,1576.0,1569.0,5178.0,5519.0,4481.0,234.0,906.0,1915.0,1574.0,1578.0,1577.0
0.0,15861.0,4745.0,4730.0,3730.0,4074.0,692.0,1701.0,1681.0,1575.0,1578.0,1577.0,1568.0,1584.0,1593.0,6062.0,5406.0,4393.0,692.0,1701.0,1681.0,1575.0,1578.0,1577.0
0.0,14846.0,4660.0,4730.0,3055.0,5679.0,2005.0,2351.0,1323.0,1575.0,1578.0,1577.0,1547.0,1556.0,1557.0,5608.0,4611.0,4627.0,2005.0,2351.0,1323.0,1575.0,1578.0,1577.0
0.0,13241.0,4626.0,4730.0,4074.0,6231.0,2845.0,2196.0,1190.0,1575.0,1578.0,1577.0,1532.0,1546.0,1548.0,4295.0,3961.0,4985.0,2845.0,2196.0,1190.0,1575.0,1578.0,1577.0
0.0,12689.0,4756.0,4733.0,5679.0,5320.0,2422.0,1424.0,1474.0,1576.0,1579.0,1578.0,1578.0,1575.0,1603.0,3455.0,4116.0,5118.0,2422.0,1424.0,1474.0,1576.0,1579.0,1578.0
0.0,13612.0,4704.0,4733.0,6231.0,3793.0,1145.0,805.0,1843.0,1576.0,1579.0,1578.0,1568.0,1577.0,1559.0,3882.0,4892.0,4838.0,1145.0,805.0,1843.0,1576.0,1579.0,1578.0
0.0,15139.0,4701.0,4736.0,5320.0,3186.0,284.0,958.0,1944.0,1577.0,1580.0,1579.0,1557.0,1573.0,1571.0,5159.0,5511.0,4469.0,284.0,958.0,1944.0,1577.0,1580.0,1579.0
0.0,15758.0,4782.0,4735.0,3793.0,4171.0,705.0,1786.0,1680.0,1576.0,1581.0,1578.0,1570.0,1629.0,1583.0,6024.0,5362.0,4372.0,705.0,1786.0,1680.0,1576.0,1581.0,1578.0
0.0,14769.0,4747.0,4736.0,3186.0,5736.0,1998.0,2413.0,1325.0,1576.0,1581.0,1579.0,1577.0,1585.0,1585.0,5599.0,4538.0,4632.0,1998.0,2413.0,1325.0,1576.0,1581.0,1579.0
0.0,13208.0,4882.0,4740.0,4171.0,6463.0,2920.0,2273.0,1270.0,1577.0,1583.0,1580.0,1623.0,1638.0,1621.0,4306.0,3911.0,4991.0,2920.0,2273.0,1270.0,1577.0,1583.0,1580.0
0.0,12497.0,4793.0,4741.0,5736.0,5524.0,2525.0,1460.0,1539.0,1577.0,1584.0,1580.0,1603.0,1596.0,1594.0,3388.0,4059.0,5050.0,2525.0,1460.0,1539.0,1577.0,1584.0,1580.0
0.0,13440.0,4746.0,4743.0,6463.0,3815.0,1196.0,781.0,1838.0,1578.0,1585.0,1580.0,1587.0,1590.0,1569.0,3783.0,4876.0,4781.0,1196.0,781.0,1838.0,1578.0,1585.0,1580.0
0.0,15157.0,4887.0,4746.0,5524.0,3190.0,311.0,955.0,1924.0,1579.0,1586.0,1581.0,1636.0,1630.0,1621.0,5116.0,5559.0,4482.0,311.0,955.0,1924.0,1579.0,1586.0,1581.0
0.0,15794.0,4775.0,4746.0,3815.0,4150.0,689.0,1794.0,1667.0,1578.0,1587.0,1581.0,1578.0,1616.0,1581.0,6005.0,5389.0,4400.0,689.0,1794.0,1667.0,1578.0,1587.0,1581.0
0.0,14834.0,4792.0,4748.0,3190.0,5760.0,1983.0,2458.0,1319.0,1579.0,1588.0,1581.0,1601.0,1615.0,1576.0,5623.0,4554.0,4657.0,1983.0,2458.0,1319.0,1579.0,1588.0,1581.0
0.0,13232.0,4703.0,4748.0,4150.0,6313.0,2863.0,2241.0,1209.0,1579.0,1588.0,1581.0,1569.0,1577.0,1557.0,4333.0,3894.0,5005.0,2863.0,2241.0,1209.0,1579.0,1588.0,1581.0
0.0,12679.0,4825.0,4750.0,5760.0,5386.0,2503.0,1388.0,1495.0,1580.0,1589.0,1581.0,1619.0,1601.0,1605.0,3453.0,4111.0,5115.0,2503.0,1388.0,1495.0,1580.0,1589.0,1581.0
0.0,13614.0,4862.0,4750.0,6313.0,3935.0,1279.0,769.0,1887.0,1580.0,1589.0,1581.0,1639.0,1622.0,1601.0,3817.0,4968.0,4829.0,1279.0,769.0,1887.0,1580.0,1589.0,1581.0
0.0,15065.0,4733.0,4749.0,5386.0,3278.0,374.0,932.0,1972.0,1580.0,1588.0,1581.0,1598.0,1555.0,1580.0,5041.0,5587.0,4437.0,374.0,932.0,1972.0,1580.0,1588.0,1581.0
0.0,15718.0,4834.0,4752.0,3935.0,4189.0,718.0,1790.0,1681.0,1581.0,1589.0,1582.0,1619.0,1623.0,1592.0,5946.0,5420.0,4352.0,718.0,1790.0,1681.0,1581.0,1589.0,1582.0
0.0,14819.0,4868.0,4755.0,3278.0,5791.0,1984.0,2487.0,1320.0,1582.0,1590.0,1583.0,1636.0,1625.0,1607.0,5606.0,4566.0,4647.0,1984.0,2487.0,1320.0,1582.0,1590.0,1583.0
0.0,13229.0,4862.0,4759.0,4189.0,6480.0,2885.0,2345.0,1250.0,1583.0,1591.0,1585.0,1615.0,1644.0,1603.0,4344.0,3873.0,5012.0,2885.0,2345.0,1250.0,1583.0,1591.0,1585.0
0.0,12556.0,4758.0,4758.0,5791.0,5443.0,2489.0,1433.0,1521.0,1583.0,1590.0,1585.0,1588.0,1579.0,1591.0,3447.0,4019.0,5090.0,2489.0,1433.0,1521.0,1583.0,1590.0,1585.0
0.0,13589.0,4813.0,4759.0,6480.0,3780.0,1230.0,696.0,1854.0,1584.0,1590.0,1585.0,1622.0,1608.0,1583.0,3843.0,4927.0,4819.0,1230.0,696.0,1854.0,1584.0,1590.0,1585.0
0.0,15256.0,4728.0,4758.0,5443.0,3061.0,322.0,818.0,1921.0,1583.0,1589.0,1586.0,1585.0,1559.0,1584.0,5106.0,5664.0,4486.0,322.0,818.0,1921.0,1583.0,1589.0,1586.0
0.0,15971.0,4743.0,4756.0,3780.0,4016.0,694.0,1680.0,1642.0,1583.0,1588.0,1585.0,1602.0,1562.0,1579.0,6010.0,5538.0,4423.0,694.0,1680.0,1642.0,1583.0,1588.0,1585.0
0.0,15008.0,4820.0,4760.0,3061.0,5791.0,1990.0,2457.0,1344.0,1585.0,1588.0,1587.0,1610.0,1595.0,1615.0,5638.0,4672.0,4698.0,1990.0,2457.0,1344.0,1585.0,1588.0,1587.0
0.0,13249.0,4782.0,4759.0,4016.0,6553.0,2867.0,2378.0,1308.0,1584.0,1588.0,1587.0,1575.0,1601.0,1606.0,4350.0,3895.0,5004.0,2867.0,2378.0,1308.0,1584.0,1588.0,1587.0
0.0,12483.0,4793.0,4761.0,5791.0,5563.0,2469.0,1507.0,1587.0,1585.0,1588.0,1588.0,1588.0,1586.0,1619.0,3469.0,3974.0,5040.0,2469.0,1507.0,1587.0,1585.0,1588.0,1588.0
0.0,13481.0,4823.0,4761.0,6553.0,3833.0,1188.0,759.0,1886.0,1585.0,1588.0,1588.0,1586.0,1630.0,1607.0,3871.0,4845.0,4765.0,1188.0,759.0,1886.0,1585.0,1588.0,1588.0
0.0,15211.0,4807.0,4762.0,5563.0,3081.0,303.0,864.0,1914.0,1585.0,1588.0,1589.0,1584.0,1612.0,1611.0,5152.0,5593.0,4466.0,303.0,864.0,1914.0,1585.0,1588.0,1589.0
0.0,15967.0,4757.0,4764.0,3833.0,4013.0,687.0,1692.0,1634.0,1586.0,1588.0,1590.0,1568.0,1587.0,1602.0,6037.0,5488.0,4442.0,687.0,1692.0,1634.0,1586.0,1588.0,1590.0
0.0,15043.0,4852.0,4767.0,3081.0,5796.0,2000.0,2441.0,1355.0,1587.0,1589.0,1591.0,1612.0,1609.0,1631.0,5657.0,4660.0,4726.0,2000.0,2441.0,1355.0,1587.0,1589.0,1591.0
0.0,13272.0,4846.0,4767.0,4013.0,6629.0,2916.0,2374.0,1339.0,1587.0,1589.0,1591.0,1603.0,1625.0,1618.0,4348.0,3915.0,5009.0,2916.0,2374.0,1339.0,1587.0,1589.0,1591.0
0.0,12439.0,4885.0,4771.0,5796.0,5734.0,2554.0,1554.0,1626.0,1588.0,1590.0,1593.0,1634.0,1617.0,1634.0,3432.0,3982.0,5025.0,2554.0,1554.0,1626.0,1588.0,1590.0,1593.0
0.0,13350.0,4819.0,4774.0,6629.0,3936.0,1249.0,777.0,1910.0,1590.0,1591.0,1593.0,1603.0,1593.0,1623.0,3798.0,4806.0,4746.0,1249.0,777.0,1910.0,1590.0,1591.0,1593.0
0.0,15160.0,4853.0,4776.0,5734.0,3063.0,312.0,852.0,1899.0,1590.0,1592.0,1594.0,1617.0,1625.0,1611.0,5111.0,5587.0,4462.0,312.0,852.0,1899.0,1590.0,1592.0,1594.0
0.0,16041.0,4851.0,4779.0,3936.0,3990.0,704.0,1696.0,1590.0,1592.0,1592.0,1595.0,1633.0,1621.0,1597.0,6048.0,5516.0,4477.0,704.0,1696.0,1590.0,1592.0,1592.0,1595.0
0.0,15126.0,4868.0,4780.0,3063.0,5799.0,2001.0,2459.0,1339.0,1592.0,1593.0,1595.0,1609.0,1611.0,1648.0,5664.0,4672.0,4790.0,2001.0,2459.0,1339.0,1592.0,1593.0,1595.0
0.0,13321.0,4861.0,4782.0,3990.0,6678.0,2919.0,2371.0,1388.0,1593.0,1593.0,1596.0,1618.0,1608.0,1635.0,4367.0,3913.0,5041.0,2919.0,2371.0,1388.0,1593.0,1593.0,1596.0
0.0,12450.0,4886.0,4784.0,5799.0,5773.0,2533.0,1547.0,1693.0,1593.0,1594.0,1597.0,1615.0,1631.0,1640.0,3453.0,4001.0,4996.0,2533.0,1547.0,1693.0,1593.0,1594.0,1597.0
0.0,13363.0,4823.0,4786.0,6678.0,3926.0,1210.0,792.0,1924.0,1593.0,1595.0,1598.0,1596.0,1612.0,1615.0,3839.0,4829.0,4695.0,1210.0,792.0,1924.0,1593.0,1595.0,1598.0
0.0,15218.0,4749.0,4785.0,5773.0,2898.0,249.0,841.0,1808.0,1593.0,1595.0,1597.0,1572.0,1596.0,1581.0,5162.0,5588.0,4468.0,249.0,841.0,1808.0,1593.0,1595.0,1597.0
0.0,16242.0,4926.0,4788.0,3926.0,3910.0,695.0,1680.0,1535.0,1594.0,1596.0,1598.0,1652.0,1627.0,1647.0,6123.0,5539.0,4580.0,695.0,1680.0,1535.0,1594.0,1596.0,1598.0
0.0,15242.0,4703.0,4786.0,2898.0,5707.0,2011.0,2412.0,1284.0,1593.0,1596.0,1597.0,1569.0,1573.0,1561.0,5681.0,4704.0,4857.0,2011.0,2412.0,1284.0,1593.0,1596.0,1597.0
0.0,13437.0,4785.0,4784.0,3910.0,6574.0,2898.0,2336.0,1340.0,1592.0,1596.0,1596.0,1586.0,1604.0,1595.0,4361.0,3972.0,5104.0,2898.0,2336.0,1340.0,1592.0,1596.0,1596.0
0.0,12562.0,4799.0,4786.0,5707.0,5674.0,2488.0,1530.0,1656.0,1593.0,1597.0,1596.0,1597.0,1602.0,1600.0,3470.0,4048.0,5044.0,2488.0,1530.0,1656.0,1593.0,1597.0,1596.0
0.0,13470.0,4870.0,4790.0,6574.0,3986.0,1210.0,831.0,1945.0,1594.0,1599.0,1597.0,1616.0,1629.0,1625.0,3884.0,4858.0,4728.0,1210.0,831.0,1945.0,1594.0,1599.0,1597.0
0.0,15174.0,4870.0,4792.0,5674.0,3190.0,354.0,910.0,1926.0,1595.0,1599.0,1598.0,1628.0,1609.0,1633.0,5166.0,5565.0,4443.0,354.0,910.0,1926.0,1595.0,1599.0,1598.0
0.0,15978.0,4824.0,4795.0,3986.0,4040.0,752.0,1703.0,1585.0,1596.0,1600.0,1599.0,1604.0,1620.0,1600.0,6026.0,5486.0,4466.0,752.0,1703.0,1585.0,1596.0,1600.0,1599.0
0.0,15140.0,4710.0,4795.0,3190.0,5560.0,1969.0,2346.0,1245.0,1596.0,1600.0,1599.0,1571.0,1553.0,1586.0,5632.0,4697.0,4811.0,1969.0,2346.0,1245.0,1596.0,1600.0,1599.0
0.0,13620.0,4861.0,4797.0,4040.0,6389.0,2837.0,2280.0,1272.0,1597.0,1601.0,1599.0,1616.0,1633.0,1612.0,4415.0,4054.0,5151.0,2837.0,2280.0,1272.0,1597.0,1601.0,1599.0
0.0,12799.0,4799.0,4799.0,5560.0,5636.0,2451.0,1542.0,1643.0,1597.0,1602.0,1600.0,1583.0,1604.0,1612.0,3551.0,4124.0,5124.0,2451.0,1542.0,1643.0,1597.0,1602.0,1600.0
0.0,13560.0,4799.0,4800.0,6389.0,4050.0,1221.0,883.0,1946.0,1598.0,1602.0,1600.0,1603.0,1621.0,1575.0,3937.0,4866.0,4757.0,1221.0,883.0,1946.0,1598.0,1602.0,1600.0
0.0,15150.0,4815.0,4803.0,5636.0,3241.0,367.0,960.0,1914.0,1599.0,1603.0,1601.0,1593.0,1615.0,1607.0,5171.0,5525.0,4454.0,367.0,960.0,1914.0,1599.0,1603.0,1601.0
0.0,15971.0,4780.0,4806.0,4050.0,3983.0,740.0,1696.0,1547.0,1600.0,1605.0,1601.0,1590.0,1611.0,1579.0,6029.0,5452.0,4490.0,740.0,1696.0,1547.0,1600.0,1605.0,1601.0
0.0,15241.0,4889.0,4809.0,3241.0,5643.0,2005.0,2371.0,1267.0,1601.0,1606.0,1602.0,1628.0,1631.0,1630.0,5660.0,4724.0,4857.0,2005.0,2371.0,1267.0,1601.0,1606.0,1602.0
0.0,13593.0,4706.0,4809.0,3983.0,6366.0,2836.0,2260.0,1270.0,1601.0,1606.0,1602.0,1571.0,1585.0,1550.0,4399.0,4053.0,5141.0,2836.0,2260.0,1270.0,1601.0,1606.0,1602.0
0.0,12870.0,4802.0,4810.0,5643.0,5529.0,2430.0,1484.0,1615.0,1602.0,1606.0,1602.0,1595.0,1595.0,1612.0,3568.0,4164.0,5138.0,2430.0,1484.0,1615.0,1602.0,1606.0,1602.0
0.0,13711.0,4852.0,4812.0,6366.0,4023.0,1211.0,840.0,1972.0,1603.0,1606.0,1603.0,1613.0,1616.0,1623.0,3978.0,4940.0,4793.0,1211.0,840.0,1972.0,1603.0,1606.0,1603.0
0.0,15225.0,4859.0,4814.0,5529.0,3361.0,395.0,988.0,1978.0,1603.0,1607.0,1604.0,1614.0,1628.0,1617.0,5201.0,5584.0,4440.0,395.0,988.0,1978.0,1603.0,1607.0,1604.0
0.0,15895.0,4873.0,4813.0,4023.0,4207.0,808.0,1765.0,1634.0,1603.0,1606.0,1604.0,1624.0,1621.0,1628.0,6017.0,5440.0,4438.0,808.0,1765.0,1634.0,1603.0,1606.0,1604.0
0.0,15045.0,4761.0,4813.0,3361.0,5607.0,2017.0,2356.0,1234.0,1603.0,1606.0,1604.0,1604.0,1579.0,1578.0,5604.0,4659.0,4782.0,2017.0,2356.0,1234.0,1603.0,1606.0,1604.0
0.0,13645.0,4762.0,4814.0,4207.0,6166.0,2818.0,2164.0,1184.0,1604.0,1606.0,1604.0,1605.0,1573.0,1584.0,4395.0,4068.0,5182.0,2818.0,2164.0,1184.0,1604.0,1606.0,1604.0
0.0,13090.0,4978.0,4816.0,5607.0,5545.0,2489.0,1450.0,1606.0,1605.0,1606.0,1605.0,1684.0,1642.0,1652.0,3598.0,4260.0,5232.0,2489.0,1450.0,1606.0,1605.0,1606.0,1605.0
0.0,13719.0,4926.0,4818.0,6166.0,4313.0,1344.0,913.0,2056.0,1606.0,1606.0,1606.0,1669.0,1627.0,1630.0,3931.0,4974.0,4814.0,1344.0,913.0,2056.0,1606.0,1606.0,1606.0
0.0,14959.0,4798.0,4819.0,5545.0,3570.0,491.0,1041.0,2038.0,1607.0,1606.0,1606.0,1632.0,1578.0,1588.0,5080.0,5511.0,4368.0,491.0,1041.0,2038.0,1607.0,1606.0,1606.0
0.0,15706.0,4823.0,4820.0,4313.0,4084.0,787.0,1727.0,1570.0,1608.0,1606.0,1606.0,1636.0,1599.0,1588.0,5937.0,5383.0,4386.0,787.0,1727.0,1570.0,1608.0,1606.0,1606.0
0.0,15196.0,4742.0,4820.0,3570.0,5256.0,1892.0,2262.0,1102.0,1608.0,1606.0,1606.0,1596.0,1576.0,1570.0,5645.0,4697.0,4854.0,1892.0,2262.0,1102.0,1608.0,1606.0,1606.0
0.0,14024.0,4925.0,4821.0,4084.0,6101.0,2757.0,2161.0,1183.0,1608.0,1606.0,1607.0,1652.0,1626.0,1647.0,4540.0,4162.0,5322.0,2757.0,2161.0,1183.0,1608.0,1606.0,1607.0
0.0,13183.0,4852.0,4822.0,5256.0,5701.0,2496.0,1498.0,1707.0,1609.0,1606.0,1607.0,1627.0,1599.0,1626.0,3675.0,4263.0,5245.0,2496.0,1498.0,1707.0,1609.0,1606.0,1607.0
0.0,13587.0,4867.0,4823.0,6101.0,4471.0,1386.0,949.0,2136.0,1609.0,1606.0,1608.0,1647.0,1612.0,1608.0,3940.0,4926.0,4721.0,1386.0,949.0,2136.0,1609.0,1606.0,1608.0
0.0,14821.0,4845.0,4823.0,5701.0,3615.0,532.0,1056.0,2027.0,1609.0,1606.0,1608.0,1642.0,1605.0,1598.0,5050.0,5475.0,4296.0,532.0,1056.0,2027.0,1609.0,1606.0,1608.0
0.0,15677.0,4952.0,4824.0,4471.0,4100.0,807.0,1758.0,1535.0,1610.0,1606.0,1608.0,1657.0,1651.0,1644.0,5904.0,5368.0,4405.0,807.0,1758.0,1535.0,1610.0,1606.0,1608.0
0.0,15196.0,4892.0,4827.0,3615.0,5389.0,1909.0,2344.0,1136.0,1611.0,1607.0,1609.0,1630.0,1638.0,1624.0,5633.0,4666.0,4897.0,1909.0,2344.0,1136.0,1611.0,1607.0,1609.0
0.0,13919.0,4884.0,4828.0,4100.0,6177.0,2724.0,2206.0,1247.0,1611.0,1607.0,1610.0,1622.0,1620.0,1642.0,4535.0,4084.0,5300.0,2724.0,2206.0,1247.0,1611.0,1607.0,1610.0
0.0,13135.0,4844.0,4830.0,5389.0,5640.0,2412.0,1482.0,1746.0,1611.0,1608.0,1611.0,1597.0,1616.0,1631.0,3720.0,4222.0,5193.0,2412.0,1482.0,1746.0,1611.0,1608.0,1611.0
0.0,13680.0,4863.0,4832.0,6177.0,4334.0,1296.0,893.0,2145.0,1611.0,1609.0,1612.0,1608.0,1613.0,1642.0,4032.0,4950.0,4698.0,1296.0,893.0,2145.0,1611.0,1609.0,1612.0
0.0,14994.0,4913.0,4834.0,5640.0,3615.0,503.0,1050.0,2062.0,1611.0,1610.0,1613.0,1619.0,1635.0,1659.0,5148.0,5543.0,4303.0,503.0,1050.0,2062.0,1611.0,1610.0,1613.0
0.0,15721.0,4928.0,4838.0,4334.0,4225.0,857.0,1812.0,1556.0,1613.0,1611.0,1614.0,1642.0,1651.0,1635.0,5941.0,5390.0,4390.0,857.0,1812.0,1556.0,1613.0,1611.0,1614.0
0.0,15127.0,4843.0,4839.0,3615.0,5457.0,1951.0,2389.0,1117.0,1613.0,1612.0,1614.0,1597.0,1623.0,1623.0,5595.0,4632.0,4900.0,1951.0,2389.0,1117.0,1613.0,1612.0,1614.0
0.0,13899.0,4941.0,4841.0,4225.0,6181.0,2729.0,2250.0,1202.0,1614.0,1613.0,1614.0,1631.0,1669.0,1641.0,4501.0,4059.0,5339.0,2729.0,2250.0,1202.0,1614.0,1613.0,1614.0
0.0,13183.0,4915.0,4842.0,5457.0,5643.0,2382.0,1504.0,1757.0,1614.0,1613.0,1615.0,1604.0,1643.0,1668.0,3727.0,4202.0,5254.0,2382.0,1504.0,1757.0,1614.0,1613.0,1615.0
0.0,13725.0,4951.0,4846.0,6181.0,4429.0,1296.0,926.0,2207.0,1615.0,1615.0,1616.0,1639.0,1664.0,1648.0,4074.0,4948.0,4703.0,1296.0,926.0,2207.0,1615.0,1615.0,1616.0
0.0,14955.0,5018.0,4851.0,5643.0,3824.0,592.0,1083.0,2149.0,1617.0,1616.0,1618.0,1670.0,1657.0,1691.0,5164.0,5534.0,4257.0,592.0,1083.0,2149.0,1617.0,1616.0,1618.0
0.0,15580.0,4789.0,4848.0,4429.0,4172.0,874.0,1762.0,1536.0,1616.0,1615.0,1617.0,1582.0,1609.0,1598.0,5876.0,5381.0,4323.0,874.0,1762.0,1536.0,1616.0,1615.0,1617.0
0.0,15220.0,4887.0,4849.0,3824.0,5239.0,1894.0,2327.0,1018.0,1616.0,1616.0,1617.0,1612.0,1644.0,1631.0,5590.0,4698.0,4932.0,1894.0,2327.0,1018.0,1616.0,1616.0,1617.0
0.0,14157.0,4960.0,4852.0,4172.0,6039.0,2700.0,2206.0,1133.0,1617.0,1617.0,1618.0,1676.0,1637.0,1647.0,4570.0,4137.0,5450.0,2700.0,2206.0,1133.0,1617.0,1617.0,1618.0
0.0,13369.0,4967.0,4854.0,5239.0,5775.0,2446.0,1560.0,1769.0,1618.0,1618.0,1618.0,1636.0,1677.0,1654.0,3768.0,4262.0,5339.0,2446.0,1560.0,1769.0,1618.0,1618.0,1618.0
0.0,13641.0,4880.0,4854.0,6039.0,4616.0,1365.0,980.0,2271.0,1617.0,1618.0,1619.0,1623.0,1626.0,1631.0,4026.0,4912.0,4703.0,1365.0,980.0,2271.0,1617.0,1618.0,1619.0
0.0,14800.0,4848.0,4855.0,5775.0,3693.0,541.0,1025.0,2127.0,1618.0,1618.0,1619.0,1618.0,1605.0,1625.0,5103.0,5492.0,4205.0,541.0,1025.0,2127.0,1618.0,1618.0,1619.0
0.0,15727.0,4891.0,4854.0,4616.0,3964.0,787.0,1674.0,1503.0,1617.0,1618.0,1619.0,1615.0,1629.0,1647.0,5931.0,5447.0,4349.0,787.0,1674.0,1503.0,1617.0,1618.0,1619.0
0.0,15452.0,4931.0,4855.0,3693.0,5206.0,1879.0,2298.0,1029.0,1618.0,1618.0,1619.0,1629.0,1649.0,1653.0,5681.0,4798.0,4973.0,1879.0,2298.0,1029.0,1618.0,1618.0,1619.0
0.0,14214.0,4837.0,4855.0,3964.0,6079.0,2711.0,2233.0,1135.0,1618.0,1618.0,1619.0,1619.0,1609.0,1609.0,4593.0,4174.0,5447.0,2711.0,2233.0,1135.0,1618.0,1618.0,1619.0
0.0,13341.0,4842.0,4857.0,5206.0,5723.0,2437.0,1539.0,1747.0,1619.0,1618.0,1620.0,1601.0,1604.0,1637.0,3761.0,4239.0,5341.0,2437.0,1539.0,1747.0,1619.0,1618.0,1620.0
0.0,13705.0,4859.0,4856.0,6079.0,4499.0,1341.0,926.0,2232.0,1618.0,1618.0,1620.0,1619.0,1620.0,1620.0,4039.0,4933.0,4733.0,1341.0,926.0,2232.0,1618.0,1618.0,1620.0
0.0,14925.0,4826.0,4859.0,5723.0,3614.0,520.0,986.0,2108.0,1619.0,1619.0,1621.0,1612.0,1595.0,1619.0,5131.0,5546.0,4248.0,520.0,986.0,2108.0,1619.0,1619.0,1621.0
0.0,15822.0,4828.0,4860.0,4499.0,3947.0,807.0,1664.0,1476.0,1620.0,1619.0,1621.0,1624.0,1604.0,1600.0,5956.0,5490.0,4376.0,807.0,1664.0,1476.0,1620.0,1619.0,1621.0
0.0,15493.0,4911.0,4861.0,3614.0,5248.0,1924.0,2301.0,1023.0,1620.0,1619.0,1622.0,1637.0,1623.0,1651.0,5673.0,4812.0,5008.0,1924.0,2301.0,1023.0,1620.0,1619.0,1622.0
0.0,14196.0,4835.0,4860.0,3947.0,6132.0,2731.0,2248.0,1153.0,1620.0,1619.0,1621.0,1614.0,1611.0,1610.0,4556.0,4175.0,5465.0,2731.0,2248.0,1153.0,1620.0,1619.0,1621.0
0.0,13308.0,4868.0,4860.0,5248.0,5752.0,2426.0,1569.0,1757.0,1620.0,1619.0,1621.0,1619.0,1622.0,1627.0,3749.0,4228.0,5331.0,2426.0,1569.0,1757.0,1620.0,1619.0,1621.0
0.0,13688.0,4785.0,4859.0,6132.0,4401.0,1303.0,902.0,2196.0,1620.0,1618.0,1621.0,1608.0,1585.0,1592.0,4054.0,4907.0,4727.0,1303.0,902.0,2196.0,1620.0,1618.0,1621.0
0.0,15035.0,4832.0,4862.0,5752.0,3493.0,473.0,944.0,2076.0,1621.0,1619.0,1622.0,1592.0,1607.0,1633.0,5177.0,5570.0,4288.0,473.0,944.0,2076.0,1621.0,1619.0,1622.0
0.0,15955.0,4933.0,4864.0,4401.0,4033.0,810.0,1682.0,1541.0,1621.0,1620.0,1623.0,1640.0,1636.0,1657.0,6011.0,5532.0,4412.0,810.0,1682.0,1541.0,1621.0,1620.0,1623.0
0.0,15423.0,4870.0,4865.0,3493.0,5414.0,1974.0,2371.0,1069.0,1622.0,1620.0,1623.0,1633.0,1633.0,1604.0,5674.0,4798.0,4951.0,1974.0,2371.0,1069.0,1622.0,1620.0,1623.0
0.0,14046.0,4856.0,4866.0,4033.0,6241.0,2787.0,2305.0,1149.0,1622.0,1620.0,1624.0,1623.0,1616.0,1617.0,4514.0,4109.0,5423.0,2787.0,2305.0,1149.0,1622.0,1620.0,1624.0
0.0,13223.0,4816.0,4866.0,5414.0,5643.0,2425.0,1553.0,1665.0,1623.0,1620.0,1623.0,1608.0,1619.0,1589.0,3701.0,4175.0,5347.0,2425.0,1553.0,1665.0,1623.0,1620.0,1623.0
0.0,13821.0,4840.0,4868.0,6241.0,4250.0,1270.0,863.0,2117.0,1624.0,1620.0,1624.0,1628.0,1615.0,1597.0,4067.0,4927.0,4827.0,1270.0,863.0,2117.0,1624.0,1620.0,1624.0
0.0,15222.0,4867.0,4867.0,5643.0,3470.0,462.0,927.0,2081.0,1623.0,1620.0,1624.0,1621.0,1617.0,1629.0,5226.0,5617.0,4379.0,462.0,927.0,2081.0,1623.0,1620.0,1624.0
0.0,15998.0,4854.0,4870.0,4250.0,4086.0,831.0,1678.0,1577.0,1625.0,1620.0,1625.0,1631.0,1614.0,1609.0,6030.0,5553.0,4415.0,831.0,1678.0,1577.0,1625.0,1620.0,1625.0
0.0,15394.0,4847.0,4871.0,3470.0,5467.0,1989.0,2363.0,1115.0,1625.0,1621.0,1625.0,1620.0,1608.0,1619.0,5669.0,4802.0,4923.0,1989.0,2363.0,1115.0,1625.0,1621.0,1625.0
0.0,14017.0,4886.0,4871.0,4086.0,6267.0,2805.0,2288.0,1174.0,1626.0,1620.0,1625.0,1643.0,1607.0,1636.0,4511.0,4121.0,5385.0,2805.0,2288.0,1174.0,1626.0,1620.0,1625.0
0.0,13217.0,4868.0,4871.0,5467.0,5668.0,2455.0,1536.0,1677.0,1626.0,1620.0,1625.0,1639.0,1611.0,1618.0,3699.0,4192.0,5326.0,2455.0,1536.0,1677.0,1626.0,1620.0,1625.0
0.0,13816.0,4935.0,4873.0,6267.0,4344.0,1295.0,892.0,2157.0,1626.0,1621.0,1626.0,1645.0,1640.0,1650.0,4049.0,4944.0,4823.0,1295.0,892.0,2157.0,1626.0,1621.0,1626.0
0.0,15148.0,4898.0,4875.0,5668.0,3582.0,491.0,1006.0,2085.0,1627.0,1622.0,1626.0,1647.0,1646.0,1605.0,5209.0,5592.0,4347.0,491.0,1006.0,2085.0,1627.0,1622.0,1626.0
0.0,15918.0,4958.0,4879.0,4344.0,4212.0,839.0,1806.0,1567.0,1628.0,1624.0,1627.0,1639.0,1684.0,1635.0,6017.0,5482.0,4419.0,839.0,1806.0,1567.0,1628.0,1624.0,1627.0
0.0,15304.0,4994.0,4880.0,3582.0,5628.0,2024.0,2475.0,1129.0,1628.0,1625.0,1627.0,1676.0,1671.0,1647.0,5673.0,4690.0,4941.0,2024.0,2475.0,1129.0,1628.0,1625.0,1627.0
0.0,13892.0,4941.0,4880.0,4212.0,6357.0,2845.0,2333.0,1179.0,1628.0,1625.0,1627.0,1660.0,1664.0,1617.0,4488.0,4025.0,5379.0,2845.0,2333.0,1179.0,1628.0,1625.0,1627.0
0.0,13163.0,4921.0,4881.0,5628.0,5654.0,2482.0,1495.0,1677.0,1628.0,1626.0,1627.0,1661.0,1633.0,1627.0,3667.0,4167.0,5329.0,2482.0,1495.0,1677.0,1628.0,1626.0,1627.0
0.0,13870.0,5032.0,4886.0,6357.0,4349.0,1341.0,854.0,2154.0,1629.0,1628.0,1629.0,1700.0,1684.0,1648.0,4030.0,5009.0,4831.0,1341.0,854.0,2154.0,1629.0,1628.0,1629.0
0.0,15195.0,5064.0,4891.0,5654.0,3779.0,562.0,1069.0,2148.0,1631.0,1630.0,1630.0,1695.0,1702.0,1667.0,5175.0,5658.0,4362.0,562.0,1069.0,2148.0,1631.0,1630.0,1630.0
0.0,15785.0,4935.0,4892.0,4349.0,4369.0,877.0,1873.0,1619.0,1631.0,1631.0,1630.0,1656.0,1654.0,1625.0,5962.0,5451.0,4372.0,877.0,1873.0,1619.0,1631.0,1631.0,1630.0
0.0,15199.0,4998.0,4895.0,3779.0,5600.0,1981.0,2487.0,1132.0,1632.0,1632.0,1631.0,1662.0,1679.0,1657.0,5647.0,4651.0,4901.0,1981.0,2487.0,1132.0,1632.0,1632.0,1631.0
0.0,13980.0,4986.0,4898.0,4369.0,6229.0,2778.0,2272.0,1179.0,1633.0,1633.0,1632.0,1670.0,1654.0,1662.0,4547.0,4041.0,5392.0,2778.0,2272.0,1179.0,1633.0,1633.0,1632.0
0.0,13363.0,5038.0,4900.0,5600.0,5675.0,2489.0,1460.0,1726.0,1633.0,1634.0,1633.0,1692.0,1671.0,1675.0,3754.0,4260.0,5349.0,2489.0,1460.0,1726.0,1633.0,1634.0,1633.0
0.0,13925.0,5033.0,4902.0,6229.0,4487.0,1403.0,880.0,2204.0,1634.0,1635.0,1633.0,1688.0,1688.0,1657.0,4043.0,5076.0,4806.0,1403.0,880.0,2204.0,1634.0,1635.0,1633.0
0.0,15121.0,5010.0,4905.0,5675.0,3834.0,584.0,1070.0,2180.0,1635.0,1635.0,1635.0,1666.0,1650.0,1694.0,5133.0,5660.0,4328.0,584.0,1070.0,2180.0,1635.0,1635.0,1635.0
0.0,15786.0,5051.0,4908.0,4487.0,4410.0,868.0,1869.0,1673.0,1636.0,1636.0,1636.0,1683.0,1675.0,1693.0,5956.0,5470.0,4360.0,868.0,1869.0,1673.0,1636.0,1636.0,1636.0
0.0,15222.0,4913.0,4909.0,3834.0,5493.0,1897.0,2452.0,1144.0,1636.0,1637.0,1636.0,1613.0,1649.0,1651.0,5676.0,4675.0,4871.0,1897.0,2452.0,1144.0,1636.0,1637.0,1636.0
0.0,14143.0,4970.0,4912.0,4410.0,6065.0,2691.0,2233.0,1141.0,1637.0,1638.0,1637.0,1658.0,1646.0,1666.0,4647.0,4096.0,5400.0,2691.0,2233.0,1141.0,1637.0,1638.0,1637.0
0.0,13583.0,4950.0,4912.0,5493.0,5522.0,2415.0,1452.0,1655.0,1637.0,1638.0,1637.0,1621.0,1671.0,1658.0,3857.0,4319.0,5407.0,2415.0,1452.0,1655.0,1637.0,1638.0,1637.0
0.0,14126.0,4968.0,4912.0,6065.0,4425.0,1376.0,863.0,2186.0,1637.0,1638.0,1637.0,1652.0,1644.0,1672.0,4133.0,5100.0,4893.0,1376.0,863.0,2186.0,1637.0,1638.0,1637.0
0.0,15223.0,4965.0,4916.0,5522.0,3884.0,587.0,1065.0,2232.0,1638.0,1639.0,1639.0,1622.0,1650.0,1693.0,5172.0,5689.0,4362.0,587.0,1065.0,2232.0,1638.0,1639.0,1639.0
0.0,15780.0,4981.0,4915.0,4425.0,4436.0,872.0,1848.0,1716.0,1638.0,1638.0,1639.0,1661.0,1650.0,1670.0,5965.0,5491.0,4324.0,872.0,1848.0,1716.0,1638.0,1638.0,1639.0
0.0,15224.0,4953.0,4917.0,3884.0,5513.0,1916.0,2448.0,1149.0,1639.0,1639.0,1639.0,1627.0,1661.0,1665.0,5680.0,4704.0,4840.0,1916.0,2448.0,1149.0,1639.0,1639.0,1639.0
0.0,14155.0,4951.0,4917.0,4436.0,6028.0,2723.0,2223.0,1082.0,1640.0,1638.0,1639.0,1675.0,1627.0,1649.0,4640.0,4108.0,5407.0,2723.0,2223.0,1082.0,1640.0,1638.0,1639.0
0.0,13640.0,4897.0,4914.0,5513.0,5400.0,2407.0,1413.0,1580.0,1638.0,1638.0,1638.0,1608.0,1638.0,1651.0,3837.0,4329.0,5474.0,2407.0,1413.0,1580.0,1638.0,1638.0,1638.0
0.0,14256.0,4898.0,4916.0,6028.0,4278.0,1315.0,812.0,2151.0,1639.0,1638.0,1639.0,1627.0,1622.0,1649.0,4145.0,5139.0,4972.0,1315.0,812.0,2151.0,1639.0,1638.0,1639.0
0.0,15386.0,4922.0,4918.0,5400.0,3808.0,564.0,1025.0,2219.0,1640.0,1638.0,1640.0,1652.0,1626.0,1644.0,5241.0,5740.0,4405.0,564.0,1025.0,2219.0,1640.0,1638.0,1640.0
0.0,15864.0,4892.0,4916.0,4278.0,4414.0,877.0,1814.0,1723.0,1639.0,1637.0,1640.0,1632.0,1605.0,1655.0,5996.0,5527.0,4341.0,877.0,1814.0,1723.0,1639.0,1637.0,1640.0
0.0,15250.0,4974.0,4917.0,3808.0,5584.0,1983.0,2449.0,1152.0,1640.0,1637.0,1640.0,1666.0,1660.0,1648.0,5679.0,4734.0,4837.0,1983.0,2449.0,1152.0,1640.0,1637.0,1640.0
0.0,14084.0,4948.0,4917.0,4414.0,6118.0,2760.0,2264.0,1094.0,1640.0,1637.0,1640.0,1654.0,1629.0,1665.0,4577.0,4099.0,5408.0,2760.0,2264.0,1094.0,1640.0,1637.0,1640.0
0.0,13550.0,5029.0,4921.0,5584.0,5579.0,2474.0,1498.0,1607.0,1642.0,1638.0,1641.0,1689.0,1679.0,1661.0,3800.0,4284.0,5466.0,2474.0,1498.0,1607.0,1642.0,1638.0,1641.0
0.0,14105.0,4944.0,4922.0,6118.0,4409.0,1361.0,888.0,2160.0,1642.0,1639.0,1641.0,1647.0,1650.0,1647.0,4094.0,5054.0,4957.0,1361.0,888.0,2160.0,1642.0,1639.0,1641.0
0.0,15279.0,4982.0,4923.0,5579.0,3816.0,572.0,1037.0,2207.0,1643.0,1639.0,1641.0,1681.0,1647.0,1654.0,5207.0,5668.0,4404.0,572.0,1037.0,2207.0,1643.0,1639.0,1641.0
0.0,15876.0,5026.0,4927.0,4409.0,4449.0,900.0,1823.0,1726.0,1645.0,1640.0,1642.0,1681.0,1670.0,1675.0,6000.0,5519.0,4357.0,900.0,1823.0,1726.0,1645.0,1640.0,1642.0
0.0,15259.0,4956.0,4928.0,3816.0,5593.0,2010.0,2425.0,1158.0,1646.0,1640.0,1642.0,1678.0,1639.0,1639.0,5680.0,4737.0,4842.0,2010.0,2425.0,1158.0,1646.0,1640.0,1642.0
0.0,14119.0,5001.0,4931.0,4449.0,6157.0,2791.0,2281.0,1085.0,1647.0,1641.0,1643.0,1677.0,1675.0,1649.0,4574.0,4135.0,5410.0,2791.0,2281.0,1085.0,1647.0,1641.0,1643.0
0.0,13567.0,4896.0,4933.0,5593.0,5468.0,2419.0,1480.0,1569.0,1648.0,1642.0,1643.0,1634.0,1620.0,1642.0,3797.0,4283.0,5487.0,2419.0,1480.0,1569.0,1648.0,1642.0,1643.0
0.0,14264.0,4993.0,4936.0,6157.0,4316.0,1284.0,863.0,2169.0,1648.0,1643.0,1645.0,1656.0,1660.0,1677.0,4173.0,5088.0,5003.0,1284.0,863.0,2169.0,1648.0,1643.0,1645.0
0.0,15428.0,4998.0,4938.0,5468.0,3854.0,558.0,1056.0,2240.0,1649.0,1644.0,1645.0,1689.0,1669.0,1640.0,5308.0,5709.0,4411.0,558.0,1056.0,2240.0,1649.0,1644.0,1645.0
0.0,15898.0,4889.0,4939.0,4316.0,4431.0,921.0,1840.0,1670.0,1650.0,1645.0,1644.0,1643.0,1643.0,1603.0,6038.0,5520.0,4340.0,921.0,1840.0,1670.0,1650.0,1645.0,1644.0
0.0,15325.0,4870.0,4938.0,3854.0,5443.0,2010.0,2394.0,1039.0,1650.0,1644.0,1644.0,1647.0,1614.0,1609.0,5679.0,4740.0,4906.0,2010.0,2394.0,1039.0,1650.0,1644.0,1644.0
0.0,14309.0,4997.0,4942.0,4431.0,6025.0,2757.0,2256.0,1012.0,1651.0,1646.0,1645.0,1664.0,1694.0,1639.0,4590.0,4182.0,5537.0,2757.0,2256.0,1012.0,1651.0,1646.0,1645.0
0.0,13743.0,5067.0,4947.0,5443.0,5669.0,2431.0,1564.0,1674.0,1653.0,1648.0,1646.0,1676.0,1694.0,1697.0,3847.0,4328.0,5568.0,2431.0,1564.0,1674.0,1653.0,1648.0,1646.0
0.0,14119.0,4984.0,4948.0,6025.0,4632.0,1329.0,997.0,2306.0,1653.0,1649.0,1646.0,1655.0,1685.0,1644.0,4181.0,5028.0,4910.0,1329.0,997.0,2306.0,1653.0,1649.0,1646.0
0.0,15160.0,5022.0,4951.0,5669.0,3997.0,546.0,1138.0,2313.0,1654.0,1650.0,1647.0,1644.0,1701.0,1677.0,5283.0,5599.0,4278.0,546.0,1138.0,2313.0,1654.0,1650.0,1647.0
0.0,15807.0,4954.0,4953.0,4632.0,4327.0,865.0,1807.0,1655.0,1654.0,1651.0,1648.0,1648.0,1662.0,1644.0,6070.0,5462.0,4275.0,865.0,1807.0,1655.0,1654.0,1651.0,1648.0
0.0,15485.0,4938.0,4956.0,3997.0,5280.0,1968.0,2326.0,986.0,1655.0,1652.0,1649.0,1645.0,1653.0,1640.0,5751.0,4797.0,4937.0,1968.0,2326.0,986.0,1655.0,1652.0,1649.0
0.0,14544.0,4961.0,4958.0,4327.0,5922.0,2753.0,2182.0,987.0,1655.0,1653.0,1650.0,1650.0,1659.0,1652.0,4652.0,4282.0,5610.0,2753.0,2182.0,987.0,1655.0,1653.0,1650.0
0.0,13910.0,4932.0,4959.0,5280.0,5578.0,2408.0,1540.0,1630.0,1655.0,1654.0,1650.0,1623.0,1680.0,1629.0,3867.0,4430.0,5613.0,2408.0,1540.0,1630.0,1655.0,1654.0,1650.0
0.0,14258.0,5046.0,4963.0,5922.0,4718.0,1341.0,1061.0,2316.0,1656.0,1656.0,1651.0,1682.0,1695.0,1669.0,4212.0,5076.0,4970.0,1341.0,1061.0,2316.0,1656.0,1656.0,1651.0
0.0,15134.0,5010.0,4966.0,5578.0,4162.0,587.0,1221.0,2354.0,1657.0,1657.0,1652.0,1650.0,1696.0,1664.0,5283.0,5563.0,4288.0,587.0,1221.0,2354.0,1657.0,1657.0,1652.0
0.0,15702.0,4879.0,4965.0,4718.0,4319.0,863.0,1815.0,1641.0,1656.0,1658.0,1651.0,1621.0,1651.0,1607.0,6041.0,5407.0,4254.0,863.0,1815.0,1641.0,1656.0,1658.0,1651.0
0.0,15541.0,4913.0,4966.0,4162.0,5074.0,1924.0,2243.0,907.0,1656.0,1659.0,1651.0,1648.0,1645.0,1620.0,5761.0,4817.0,4963.0,1924.0,2243.0,907.0,1656.0,1659.0,1651.0
0.0,14790.0,5095.0,4969.0,4319.0,5862.0,2751.0,2152.0,959.0,1657.0,1660.0,1652.0,1686.0,1720.0,1689.0,4700.0,4393.0,5697.0,2751.0,2152.0,959.0,1657.0,1660.0,1652.0
0.0,14014.0,5031.0,4972.0,5074.0,5831.0,2509.0,1596.0,1726.0,1658.0,1661.0,1653.0,1678.0,1683.0,1670.0,3877.0,4488.0,5649.0,2509.0,1596.0,1726.0,1658.0,1661.0,1653.0
0.0,14057.0,5071.0,4974.0,5862.0,5048.0,1460.0,1130.0,2458.0,1659.0,1661.0,1654.0,1698.0,1686.0,1687.0,4123.0,5048.0,4886.0,1460.0,1130.0,2458.0,1659.0,1661.0,1654.0
0.0,14848.0,4998.0,4975.0,5831.0,4219.0,626.0,1201.0,2392.0,1659.0,1661.0,1655.0,1675.0,1667.0,1656.0,5176.0,5514.0,4158.0,626.0,1201.0,2392.0,1659.0,1661.0,1655.0
0.0,15681.0,4998.0,4975.0,5048.0,4169.0,837.0,1736.0,1596.0,1659.0,1661.0,1655.0,1671.0,1665.0,1662.0,6010.0,5443.0,4228.0,837.0,1736.0,1596.0,1659.0,1661.0,1655.0
0.0,15731.0,5070.0,4978.0,4219.0,5032.0,1905.0,2237.0,890.0,1660.0,1662.0,1656.0,1690.0,1698.0,1682.0,5799.0,4908.0,5024.0,1905.0,2237.0,890.0,1660.0,1662.0,1656.0
0.0,14880.0,4992.0,4978.0,4169.0,5855.0,2730.0,2164.0,961.0,1659.0,1662.0,1657.0,1666.0,1663.0,1663.0,4735.0,4411.0,5734.0,2730.0,2164.0,961.0,1659.0,1662.0,1657.0
0.0,14057.0,5145.0,4979.0,5032.0,5972.0,2576.0,1634.0,1762.0,1660.0,1662.0,1657.0,1747.0,1707.0,1691.0,3906.0,4484.0,5667.0,2576.0,1634.0,1762.0,1660.0,1662.0,1657.0
0.0,13944.0,4998.0,4981.0,5855.0,5123.0,1537.0,1123.0,2463.0,1661.0,1662.0,1658.0,1687.0,1653.0,1658.0,4064.0,5014.0,4866.0,1537.0,1123.0,2463.0,1661.0,1662.0,1658.0
0.0,14801.0,5106.0,4983.0,5972.0,4265.0,695.0,1172.0,2398.0,1662.0,1662.0,1659.0,1730.0,1683.0,1693.0,5107.0,5525.0,4169.0,695.0,1172.0,2398.0,1662.0,1662.0,1659.0
0.0,15667.0,5095.0,4984.0,5123.0,4241.0,867.0,1731.0,1643.0,1663.0,1662.0,1659.0,1705.0,1682.0,1708.0,5953.0,5476.0,4238.0,867.0,1731.0,1643.0,1663.0,1662.0,1659.0
0.0,15695.0,4996.0,4983.0,4265.0,4968.0,1839.0,2222.0,907.0,1662.0,1662.0,1659.0,1671.0,1663.0,1662.0,5785.0,4917.0,4993.0,1839.0,2222.0,907.0,1662.0,1662.0,1659.0
0.0,14964.0,4875.0,4981.0,4241.0,5594.0,2594.0,2102.0,898.0,1661.0,1661.0,1659.0,1626.0,1615.0,1634.0,4809.0,4426.0,5729.0,2594.0,2102.0,898.0,1661.0,1661.0,1659.0
0.0,14330.0,5083.0,4982.0,4968.0,5713.0,2426.0,1581.0,1706.0,1661.0,1662.0,1659.0,1671.0,1697.0,1715.0,4050.0,4542.0,5738.0,2426.0,1581.0,1706.0,1661.0,1662.0,1659.0
0.0,14215.0,5034.0,4981.0,5594.0,5149.0,1527.0,1111.0,2511.0,1661.0,1661.0,1659.0,1695.0,1636.0,1703.0,4218.0,5067.0,4930.0,1527.0,1111.0,2511.0,1661.0,1661.0,1659.0
0.0,14775.0,5092.0,4986.0,5713.0,4548.0,794.0,1220.0,2534.0,1663.0,1662.0,1661.0,1685.0,1686.0,1721.0,5117.0,5533.0,4125.0,794.0,1220.0,2534.0,1663.0,1662.0,1661.0
0.0,15396.0,5066.0,4987.0,5149.0,4469.0,946.0,1782.0,1741.0,1663.0,1662.0,1662.0,1679.0,1673.0,1714.0,5858.0,5428.0,4110.0,946.0,1782.0,1741.0,1663.0,1662.0,1662.0
0.0,15479.0,5099.0,4991.0,4548.0,5036.0,1853.0,2263.0,920.0,1665.0,1663.0,1663.0,1693.0,1697.0,1709.0,5706.0,4866.0,4907.0,1853.0,2263.0,920.0,1665.0,1663.0,1663.0
0.0,14928.0,5018.0,4991.0,4469.0,5585.0,2572.0,2158.0,855.0,1665.0,1663.0,1663.0,1665.0,1677.0,1676.0,4807.0,4389.0,5732.0,2572.0,2158.0,855.0,1665.0,1663.0,1663.0
0.0,14379.0,5064.0,4993.0,5036.0,5621.0,2401.0,1577.0,1643.0,1666.0,1664.0,1663.0,1678.0,1678.0,1708.0,4088.0,4494.0,5797.0,2401.0,1577.0,1643.0,1666.0,1664.0,1663.0
0.0,14351.0,5022.0,4993.0,5585.0,5058.0,1459.0,1134.0,2465.0,1665.0,1665.0,1663.0,1634.0,1711.0,1677.0,4263.0,5079.0,5009.0,1459.0,1134.0,2465.0,1665.0,1665.0,1663.0
0.0,14914.0,5056.0,4996.0,5621.0,4505.0,715.0,1260.0,2530.0,1666.0,1666.0,1664.0,1653.0,1699.0,1704.0,5201.0,5526.0,4187.0,715.0,1260.0,2530.0,1666.0,1666.0,1664.0
0.0,15479.0,5003.0,4997.0,5058.0,4454.0,916.0,1803.0,1735.0,1666.0,1667.0,1664.0,1660.0,1673.0,1670.0,5949.0,5404.0,4126.0,916.0,1803.0,1735.0,1666.0,1667.0,1664.0
0.0,15534.0,4991.0,4998.0,4505.0,4944.0,1880.0,2208.0,856.0,1667.0,1667.0,1664.0,1675.0,1665.0,1651.0,5748.0,4865.0,4921.0,1880.0,2208.0,856.0,1667.0,1667.0,1664.0
0.0,15048.0,4986.0,4999.0,4454.0,5480.0,2620.0,2084.0,776.0,1667.0,1668.0,1664.0,1656.0,1675.0,1655.0,4788.0,4460.0,5800.0,2620.0,2084.0,776.0,1667.0,1668.0,1664.0
0.0,14516.0,5039.0,5002.0,4944.0,5587.0,2431.0,1550.0,1606.0,1668.0,1669.0,1665.0,1687.0,1670.0,1682.0,4048.0,4588.0,5880.0,2431.0,1550.0,1606.0,1668.0,1669.0,1665.0
0.0,14421.0,5035.0,5006.0,5480.0,5158.0,1469.0,1167.0,2522.0,1669.0,1671.0,1666.0,1654.0,1693.0,1688.0,4241.0,5126.0,5054.0,1469.0,1167.0,2522.0,1669.0,1671.0,1666.0
0.0,14866.0,5113.0,5008.0,5587.0,4692.0,750.0,1318.0,2624.0,1669.0,1672.0,1667.0,1712.0,1697.0,1704.0,5207.0,5517.0,4142.0,750.0,1318.0,2624.0,1669.0,1672.0,1667.0
0.0,15340.0,5088.0,5011.0,5158.0,4634.0,969.0,1854.0,1811.0,1670.0,1673.0,1668.0,1684.0,1699.0,1705.0,5926.0,5370.0,4044.0,969.0,1854.0,1811.0,1670.0,1673.0,1668.0
0.0,15410.0,5037.0,5010.0,4692.0,4975.0,1876.0,2226.0,873.0,1669.0,1673.0,1668.0,1661.0,1690.0,1686.0,5711.0,4838.0,4861.0,1876.0,2226.0,873.0,1669.0,1673.0,1668.0
0.0,15065.0,5092.0,5013.0,4634.0,5445.0,2612.0,2079.0,754.0,1670.0,1674.0,1669.0,1701.0,1703.0,1688.0,4800.0,4466.0,5799.0,2612.0,2079.0,754.0,1670.0,1674.0,1669.0
0.0,14607.0,5068.0,5015.0,4975.0,5546.0,2431.0,1551.0,1564.0,1671.0,1675.0,1669.0,1691.0,1694.0,1683.0,4068.0,4617.0,5922.0,2431.0,1551.0,1564.0,1671.0,1675.0,1669.0
0.0,14514.0,5063.0,5016.0,5445.0,5168.0,1501.0,1187.0,2480.0,1671.0,1676.0,1669.0,1682.0,1711.0,1670.0,4253.0,5149.0,5112.0,1501.0,1187.0,2480.0,1671.0,1676.0,1669.0
0.0,14896.0,5046.0,5018.0,5546.0,4676.0,763.0,1327.0,2586.0,1671.0,1677.0,1670.0,1693.0,1687.0,1666.0,5183.0,5517.0,4196.0,763.0,1327.0,2586.0,1671.0,1677.0,1670.0
0.0,15396.0,4920.0,5016.0,5168.0,4420.0,891.0,1807.0,1722.0,1670.0,1677.0,1669.0,1633.0,1667.0,1620.0,5921.0,5381.0,4094.0,891.0,1807.0,1722.0,1670.0,1677.0,1669.0
0.0,15644.0,5042.0,5019.0,4676.0,4798.0,1818.0,2162.0,818.0,1671.0,1678.0,1670.0,1686.0,1678.0,1678.0,5789.0,4901.0,4954.0,1818.0,2162.0,818.0,1671.0,1678.0,1670.0
0.0,15278.0,5060.0,5020.0,4420.0,5442.0,2616.0,2055.0,771.0,1672.0,1678.0,1670.0,1685.0,1700.0,1675.0,4866.0,4550.0,5862.0,2616.0,2055.0,771.0,1672.0,1678.0,1670.0
0.0,14638.0,5030.0,5022.0,4798.0,5682.0,2485.0,1569.0,1628.0,1672.0,1679.0,1671.0,1687.0,1672.0,1671.0,4072.0,4657.0,5909.0,2485.0,1569.0,1628.0,1672.0,1679.0,1671.0
0.0,14406.0,4913.0,5021.0,5442.0,5149.0,1498.0,1158.0,2493.0,1671.0,1679.0,1671.0,1633.0,1644.0,1636.0,4203.0,5147.0,5056.0,1498.0,1158.0,2493.0,1671.0,1679.0,1671.0
0.0,14935.0,4972.0,5023.0,5682.0,4447.0,660.0,1255.0,2532.0,1671.0,1680.0,1672.0,1647.0,1662.0,1663.0,5186.0,5558.0,4191.0,660.0,1255.0,2532.0,1671.0,1680.0,1672.0
0.0,15645.0,4957.0,5022.0,5149.0,4251.0,807.0,1757.0,1687.0,1671.0,1679.0,1672.0,1645.0,1664.0,1648.0,6024.0,5465.0,4156.0,807.0,1757.0,1687.0,1671.0,1679.0,1672.0
0.0,15837.0,5004.0,5021.0,4447.0,4804.0,1827.0,2162.0,815.0,1671.0,1678.0,1672.0,1680.0,1664.0,1660.0,5877.0,4959.0,5001.0,1827.0,2162.0,815.0,1671.0,1678.0,1672.0
0.0,15280.0,4891.0,5019.0,4251.0,5436.0,2629.0,2058.0,749.0,1670.0,1678.0,1671.0,1613.0,1653.0,1625.0,4857.0,4550.0,5873.0,2629.0,2058.0,749.0,1670.0,1678.0,1671.0
0.0,14640.0,5014.0,5019.0,4804.0,5646.0,2500.0,1555.0,1591.0,1671.0,1677.0,1671.0,1694.0,1663.0,1657.0,4051.0,4654.0,5935.0,2500.0,1555.0,1591.0,1671.0,1677.0,1671.0
0.0,14430.0,4953.0,5020.0,5436.0,5167.0,1533.0,1144.0,2490.0,1672.0,1677.0,1671.0,1658.0,1647.0,1648.0,4184.0,5153.0,5093.0,1533.0,1144.0,2490.0,1672.0,1677.0,1671.0
0.0,14913.0,4931.0,5019.0,5646.0,4448.0,680.0,1213.0,2555.0,1672.0,1676.0,1671.0,1647.0,1628.0,1656.0,5155.0,5564.0,4194.0,680.0,1213.0,2555.0,1672.0,1676.0,1671.0
0.0,15628.0,4932.0,5018.0,5167.0,4209.0,766.0,1727.0,1716.0,1671.0,1676.0,1671.0,1623.0,1658.0,1651.0,6008.0,5491.0,4129.0,766.0,1727.0,1716.0,1671.0,1676.0,1671.0
0.0,15863.0,4895.0,5017.0,4448.0,4652.0,1709.0,2150.0,793.0,1671.0,1675.0,1671.0,1623.0,1640.0,1632.0,5918.0,4977.0,4968.0,1709.0,2150.0,793.0,1671.0,1675.0,1671.0
0.0,15416.0,5093.0,5019.0,4209.0,5544.0,2638.0,2125.0,781.0,1671.0,1676.0,1672.0,1695.0,1698.0,1700.0,4975.0,4550.0,5891.0,2638.0,2125.0,781.0,1671.0,1676.0,1672.0
0.0,14532.0,5110.0,5021.0,4652.0,6010.0,2656.0,1676.0,1678.0,1673.0,1676.0,1672.0,1719.0,1701.0,1690.0,4046.0,4579.0,5907.0,2656.0,1676.0,1678.0,1673.0,1676.0,1672.0
0.0,14074.0,5031.0,5024.0,5544.0,5509.0,1697.0,1226.0,2586.0,1674.0,1676.0,1674.0,1675.0,1675.0,1681.0,4036.0,5028.0,5010.0,1697.0,1226.0,2586.0,1674.0,1676.0,1674.0
0.0,14587.0,5034.0,5026.0,6010.0,4541.0,740.0,1211.0,2590.0,1675.0,1676.0,1675.0,1695.0,1661.0,1678.0,4999.0,5478.0,4110.0,740.0,1211.0,2590.0,1675.0,1676.0,1675.0
0.0,15563.0,5096.0,5026.0,5509.0,4128.0,748.0,1649.0,1731.0,1675.0,1675.0,1676.0,1705.0,1668.0,1723.0,5960.0,5493.0,4110.0,748.0,1649.0,1731.0,1675.0,1675.0,1676.0
0.0,15976.0,5124.0,5028.0,4541.0,4719.0,1730.0,2138.0,851.0,1676.0,1676.0,1676.0,1718.0,1696.0,1710.0,5952.0,5051.0,4973.0,1730.0,2138.0,851.0,1676.0,1676.0,1676.0
0.0,15393.0,5086.0,5029.0,4128.0,5681.0,2671.0,2191.0,819.0,1676.0,1676.0,1677.0,1689.0,1702.0,1695.0,4974.0,4566.0,5853.0,2671.0,2191.0,819.0,1676.0,1676.0,1677.0
0.0,14435.0,5072.0,5029.0,4719.0,6034.0,2653.0,1730.0,1651.0,1676.0,1676.0,1677.0,1712.0,1677.0,1683.0,4033.0,4513.0,5889.0,2653.0,1730.0,1651.0,1676.0,1676.0,1677.0
0.0,14082.0,5051.0,5031.0,5681.0,5412.0,1648.0,1230.0,2534.0,1676.0,1677.0,1678.0,1666.0,1687.0,1698.0,4051.0,4974.0,5057.0,1648.0,1230.0,2534.0,1676.0,1677.0,1678.0
0.0,14712.0,5123.0,5032.0,6034.0,4505.0,719.0,1208.0,2578.0,1677.0,1677.0,1678.0,1720.0,1708.0,1695.0,5056.0,5478.0,4178.0,719.0,1208.0,2578.0,1677.0,1677.0,1678.0
0.0,15623.0,5074.0,5032.0,5412.0,4167.0,776.0,1664.0,1727.0,1677.0,1677.0,1678.0,1705.0,1686.0,1683.0,5989.0,5500.0,4134.0,776.0,1664.0,1727.0,1677.0,1677.0,1678.0
0.0,15961.0,5104.0,5033.0,4505.0,4770.0,1761.0,2157.0,852.0,1677.0,1677.0,1679.0,1704.0,1701.0,1699.0,5932.0,5044.0,4985.0,1761.0,2157.0,852.0,1677.0,1677.0,1679.0
0.0,15362.0,5161.0,5036.0,4167.0,5776.0,2699.0,2233.0,844.0,1677.0,1679.0,1680.0,1714.0,1732.0,1715.0,4947.0,4551.0,5864.0,2699.0,2233.0,844.0,1677.0,1679.0,1680.0
0.0,14368.0,5096.0,5036.0,4770.0,6102.0,2637.0,1767.0,1698.0,1677.0,1679.0,1680.0,1699.0,1691.0,1706.0,4009.0,4483.0,5876.0,2637.0,1767.0,1698.0,1677.0,1679.0,1680.0
0.0,14042.0,5002.0,5033.0,5776.0,5316.0,1610.0,1177.0,2529.0,1676.0,1678.0,1679.0,1676.0,1647.0,1679.0,4071.0,4949.0,5022.0,1610.0,1177.0,2529.0,1676.0,1678.0,1679.0
0.0,14816.0,5177.0,5037.0,6102.0,4407.0,687.0,1149.0,2571.0,1677.0,1679.0,1681.0,1710.0,1735.0,1732.0,5094.0,5535.0,4187.0,687.0,1149.0,2571.0,1677.0,1679.0,1681.0
0.0,15741.0,5121.0,5041.0,5316.0,4228.0,791.0,1690.0,1747.0,1678.0,1681.0,1682.0,1710.0,1710.0,1701.0,6021.0,5567.0,4153.0,791.0,1690.0,1747.0,1678.0,1681.0,1682.0
0.0,15936.0,5230.0,5045.0,4407.0,5067.0,1853.0,2285.0,929.0,1680.0,1682.0,1683.0,1741.0,1740.0,1749.0,5921.0,5034.0,4981.0,1853.0,2285.0,929.0,1680.0,1682.0,1683.0
0.0,15113.0,5145.0,5047.0,4228.0,5992.0,2751.0,2331.0,910.0,1680.0,1684.0,1683.0,1689.0,1728.0,1728.0,4867.0,4443.0,5803.0,2751.0,2331.0,910.0,1680.0,1684.0,1683.0
0.0,14196.0,5187.0,5047.0,5067.0,6112.0,2628.0,1765.0,1719.0,1680.0,1684.0,1683.0,1730.0,1719.0,1738.0,3969.0,4405.0,5822.0,2628.0,1765.0,1719.0,1680.0,1684.0,1683.0
0.0,14076.0,5040.0,5047.0,5992.0,5160.0,1546.0,1105.0,2509.0,1680.0,1684.0,1683.0,1669.0,1671.0,1700.0,4092.0,4971.0,5013.0,1546.0,1105.0,2509.0,1680.0,1684.0,1683.0
0.0,15028.0,5107.0,5048.0,6112.0,4159.0,609.0,1053.0,2497.0,1680.0,1685.0,1683.0,1691.0,1709.0,1707.0,5174.0,5631.0,4223.0,609.0,1053.0,2497.0,1680.0,1685.0,1683.0
0.0,16033.0,5122.0,5051.0,5160.0,4133.0,766.0,1679.0,1688.0,1681.0,1686.0,1684.0,1699.0,1727.0,1696.0,6111.0,5687.0,4235.0,766.0,1679.0,1688.0,1681.0,1686.0,1684.0
0.0,16071.0,5036.0,5049.0,4159.0,5002.0,1806.0,2312.0,884.0,1680.0,1686.0,1683.0,1653.0,1686.0,1697.0,5958.0,5065.0,5048.0,1806.0,2312.0,884.0,1680.0,1686.0,1683.0
0.0,15194.0,5067.0,5051.0,4133.0,5944.0,2725.0,2330.0,889.0,1681.0,1686.0,1684.0,1681.0,1697.0,1689.0,4914.0,4432.0,5848.0,2725.0,2330.0,889.0,1681.0,1686.0,1684.0
0.0,14260.0,5074.0,5051.0,5002.0,6016.0,2595.0,1706.0,1715.0,1682.0,1685.0,1684.0,1672.0,1692.0,1710.0,3999.0,4414.0,5847.0,2595.0,1706.0,1715.0,1682.0,1685.0,1684.0
0.0,14188.0,5137.0,5052.0,5944.0,5213.0,1568.0,1106.0,2539.0,1682.0,1686.0,1684.0,1698.0,1726.0,1713.0,4133.0,5034.0,5021.0,1568.0,1106.0,2539.0,1682.0,1686.0,1684.0
0.0,14995.0,5053.0,5055.0,6016.0,4262.0,659.0,1078.0,2525.0,1683.0,1687.0,1685.0,1682.0,1674.0,1697.0,5160.0,5638.0,4197.0,659.0,1078.0,2525.0,1683.0,1687.0,1685.0
0.0,15958.0,5085.0,5056.0,5213.0,4138.0,784.0,1673.0,1681.0,1683.0,1687.0,1686.0,1693.0,1701.0,1691.0,6073.0,5670.0,4215.0,784.0,1673.0,1681.0,1683.0,1687.0,1686.0
0.0,16086.0,5050.0,5057.0,4262.0,4930.0,1819.0,2291.0,820.0,1683.0,1688.0,1686.0,1694.0,1692.0,1664.0,5948.0,5075.0,5063.0,1819.0,2291.0,820.0,1683.0,1688.0,1686.0
0.0,15298.0,5106.0,5058.0,4138.0,5902.0,2751.0,2321.0,830.0,1684.0,1688.0,1686.0,1712.0,1703.0,1691.0,4913.0,4461.0,5924.0,2751.0,2321.0,830.0,1684.0,1688.0,1686.0
0.0,14330.0,5053.0,5056.0,4930.0,6017.0,2637.0,1698.0,1682.0,1684.0,1687.0,1685.0,1705.0,1672.0,1676.0,3985.0,4431.0,5914.0,2637.0,1698.0,1682.0,1684.0,1687.0,1685.0
0.0,14207.0,5156.0,5058.0,5902.0,5279.0,1620.0,1113.0,2546.0,1685.0,1688.0,1685.0,1730.0,1732.0,1694.0,4099.0,5050.0,5058.0,1620.0,1113.0,2546.0,1685.0,1688.0,1685.0
0.0,14953.0,5071.0,5059.0,6017.0,4337.0,700.0,1104.0,2533.0,1686.0,1688.0,1685.0,1713.0,1689.0,1669.0,5120.0,5639.0,4194.0,700.0,1104.0,2533.0,1686.0,1688.0,1685.0
0.0,15899.0,5126.0,5059.0,5279.0,4184.0,780.0,1714.0,1690.0,1686.0,1688.0,1685.0,1700.0,1723.0,1703.0,6044.0,5648.0,4207.0,780.0,1714.0,1690.0,1686.0,1688.0,1685.0
0.0,16052.0,5100.0,5060.0,4337.0,4951.0,1796.0,2294.0,861.0,1687.0,1688.0,1685.0,1712.0,1684.0,1704.0,5964.0,5038.0,5050.0,1796.0,2294.0,861.0,1687.0,1688.0,1685.0
0.0,15289.0,5008.0,5060.0,4184.0,5775.0,2747.0,2228.0,800.0,1688.0,1687.0,1685.0,1727.0,1652.0,1629.0,4952.0,4458.0,5879.0,2747.0,2228.0,800.0,1688.0,1687.0,1685.0
0.0,14465.0,5047.0,5059.0,4951.0,5867.0,2637.0,1617.0,1613.0,1687.0,1687.0,1685.0,1690.0,1683.0,1674.0,4005.0,4520.0,5940.0,2637.0,1617.0,1613.0,1687.0,1687.0,1685.0
0.0,14369.0,5142.0,5063.0,5775.0,5250.0,1642.0,1080.0,2528.0,1690.0,1687.0,1686.0,1740.0,1691.0,1711.0,4111.0,5131.0,5127.0,1642.0,1080.0,2528.0,1690.0,1687.0,1686.0
0.0,15002.0,5117.0,5065.0,5867.0,4508.0,711.0,1186.0,2611.0,1690.0,1688.0,1687.0,1706.0,1719.0,1692.0,5118.0,5668.0,4216.0,711.0,1186.0,2611.0,1690.0,1688.0,1687.0
0.0,15752.0,5203.0,5068.0,5250.0,4473.0,810.0,1839.0,1824.0,1691.0,1689.0,1688.0,1737.0,1729.0,1737.0,6049.0,5566.0,4137.0,810.0,1839.0,1824.0,1691.0,1689.0,1688.0
0.0,15799.0,4989.0,5067.0,4508.0,4950.0,1781.0,2331.0,838.0,1691.0,1689.0,1687.0,1682.0,1678.0,1629.0,5954.0,4917.0,4928.0,1781.0,2331.0,838.0,1691.0,1689.0,1687.0
0.0,15318.0,5116.0,5070.0,4473.0,5605.0,2686.0,2198.0,721.0,1692.0,1690.0,1688.0,1711.0,1702.0,1703.0,4983.0,4425.0,5910.0,2686.0,2198.0,721.0,1692.0,1690.0,1688.0
0.0,14675.0,5088.0,5073.0,4950.0,5755.0,2605.0,1574.0,1576.0,1693.0,1691.0,1689.0,1696.0,1703.0,1689.0,4082.0,4562.0,6031.0,2605.0,1574.0,1576.0,1693.0,1691.0,1689.0
0.0,14537.0,5097.0,5076.0,5605.0,5259.0,1620.0,1089.0,2550.0,1694.0,1692.0,1690.0,1697.0,1709.0,1691.0,4167.0,5190.0,5180.0,1620.0,1089.0,2550.0,1694.0,1692.0,1690.0
0.0,15045.0,5113.0,5078.0,5755.0,4625.0,726.0,1216.0,2683.0,1695.0,1692.0,1691.0,1707.0,1701.0,1705.0,5156.0,5679.0,4210.0,726.0,1216.0,2683.0,1695.0,1692.0,1691.0
0.0,15687.0,5072.0,5081.0,5259.0,4450.0,800.0,1804.0,1846.0,1696.0,1693.0,1692.0,1690.0,1673.0,1709.0,6054.0,5552.0,4081.0,800.0,1804.0,1846.0,1696.0,1693.0,1692.0
0.0,15874.0,5172.0,5083.0,4625.0,5005.0,1778.0,2347.0,880.0,1696.0,1694.0,1693.0,1704.0,1755.0,1713.0,5984.0,4968.0,4922.0,1778.0,2347.0,880.0,1696.0,1694.0,1693.0
0.0,15327.0,5096.0,5087.0,4450.0,5667.0,2653.0,2279.0,735.0,1697.0,1696.0,1694.0,1671.0,1728.0,1697.0,5006.0,4429.0,5892.0,2653.0,2279.0,735.0,1697.0,1696.0,1694.0
0.0,14681.0,5073.0,5090.0,5005.0,5747.0,2569.0,1622.0,1556.0,1698.0,1697.0,1695.0,1690.0,1686.0,1697.0,4135.0,4505.0,6041.0,2569.0,1622.0,1556.0,1698.0,1697.0,1695.0
0.0,14613.0,5107.0,5093.0,5667.0,5199.0,1619.0,1062.0,2518.0,1699.0,1698.0,1696.0,1699.0,1715.0,1693.0,4223.0,5166.0,5224.0,1619.0,1062.0,2518.0,1699.0,1698.0,1696.0
0.0,15173.0,5147.0,5098.0,5747.0,4619.0,750.0,1176.0,2693.0,1700.0,1700.0,1698.0,1696.0,1728.0,1723.0,5177.0,5730.0,4266.0,750.0,1176.0,2693.0,1700.0,1700.0,1698.0
0.0,15773.0,5140.0,5099.0,5199.0,4564.0,849.0,1838.0,1877.0,1701.0,1700.0,1698.0,1714.0,1724.0,1702.0,6050.0,5624.0,4099.0,849.0,1838.0,1877.0,1701.0,1700.0,1698.0
0.0,15832.0,5229.0,5101.0,4619.0,5182.0,1820.0,2424.0,938.0,1701.0,1701.0,1699.0,1721.0,1758.0,1750.0,5955.0,4962.0,4915.0,1820.0,2424.0,938.0,1701.0,1701.0,1699.0
0.0,15222.0,5082.0,5102.0,4564.0,5704.0,2646.0,2298.0,760.0,1701.0,1702.0,1699.0,1675.0,1708.0,1699.0,4984.0,4380.0,5858.0,2646.0,2298.0,760.0,1701.0,1702.0,1699.0
0.0,14704.0,5169.0,5105.0,5182.0,5703.0,2528.0,1630.0,1545.0,1701.0,1704.0,1700.0,1702.0,1748.0,1719.0,4158.0,4510.0,6036.0,2528.0,1630.0,1545.0,1701.0,1704.0,1700.0
0.0,14717.0,5105.0,5105.0,5704.0,5104.0,1579.0,1038.0,2487.0,1701.0,1704.0,1700.0,1697.0,1706.0,1702.0,4276.0,5186.0,5255.0,1579.0,1038.0,2487.0,1701.0,1704.0,1700.0
0.0,15316.0,5229.0,5107.0,5703.0,4638.0,774.0,1167.0,2697.0,1701.0,1706.0,1700.0,1723.0,1751.0,1755.0,5225.0,5778.0,4313.0,774.0,1167.0,2697.0,1701.0,1706.0,1700.0
0.0,15790.0,5137.0,5108.0,5104.0,4675.0,926.0,1847.0,1902.0,1702.0,1706.0,1700.0,1727.0,1718.0,1692.0,6030.0,5657.0,4103.0,926.0,1847.0,1902.0,1702.0,1706.0,1700.0
0.0,15757.0,5201.0,5110.0,4638.0,5246.0,1885.0,2419.0,942.0,1702.0,1707.0,1701.0,1733.0,1735.0,1733.0,5882.0,4977.0,4898.0,1885.0,2419.0,942.0,1702.0,1707.0,1701.0
0.0,15194.0,5178.0,5112.0,4675.0,5757.0,2687.0,2281.0,789.0,1703.0,1707.0,1702.0,1724.0,1709.0,1745.0,4923.0,4409.0,5862.0,2687.0,2281.0,789.0,1703.0,1707.0,1702.0
0.0,14691.0,5201.0,5113.0,5246.0,5716.0,2540.0,1570.0,1606.0,1703.0,1707.0,1703.0,1738.0,1708.0,1755.0,4125.0,4547.0,6019.0,2540.0,1570.0,1606.0,1703.0,1707.0,1703.0
0.0,14736.0,5210.0,5116.0,5757.0,5181.0,1611.0,1015.0,2555.0,1704.0,1708.0,1704.0,1754.0,1722.0,1734.0,4272.0,5258.0,5206.0,1611.0,1015.0,2555.0,1704.0,1708.0,1704.0
0.0,15283.0,5212.0,5118.0,5716.0,4685.0,825.0,1163.0,2697.0,1705.0,1708.0,1705.0,1750.0,1718.0,1744.0,5205.0,5817.0,4261.0,825.0,1163.0,2697.0,1705.0,1708.0,1705.0
0.0,15787.0,5191.0,5120.0,5181.0,4703.0,957.0,1861.0,1885.0,1706.0,1708.0,1706.0,1739.0,1713.0,1739.0,5995.0,5669.0,4123.0,957.0,1861.0,1885.0,1706.0,1708.0,1706.0
0.0,15777.0,5235.0,5123.0,4685.0,5265.0,1881.0,2434.0,950.0,1707.0,1709.0,1707.0,1745.0,1732.0,1758.0,5867.0,4971.0,4939.0,1881.0,2434.0,950.0,1707.0,1709.0,1707.0
0.0,15227.0,5284.0,5128.0,4703.0,5866.0,2680.0,2338.0,848.0,1708.0,1711.0,1709.0,1752.0,1757.0,1775.0,4947.0,4402.0,5878.0,2680.0,2338.0,848.0,1708.0,1711.0,1709.0
0.0,14646.0,5181.0,5127.0,5265.0,5778.0,2530.0,1612.0,1636.0,1708.0,1710.0,1709.0,1731.0,1712.0,1738.0,4152.0,4506.0,5988.0,2530.0,1612.0,1636.0,1708.0,1710.0,1709.0
0.0,14730.0,5166.0,5128.0,5866.0,5082.0,1577.0,976.0,2529.0,1709.0,1710.0,1709.0,1723.0,1702.0,1741.0,4302.0,5228.0,5200.0,1577.0,976.0,2529.0,1709.0,1710.0,1709.0
0.0,15430.0,5221.0,5129.0,5778.0,4529.0,801.0,1066.0,2662.0,1709.0,1710.0,1710.0,1754.0,1702.0,1765.0,5259.0,5864.0,4307.0,801.0,1066.0,2662.0,1709.0,1710.0,1710.0
0.0,15987.0,5242.0,5131.0,5082.0,4697.0,973.0,1812.0,1912.0,1710.0,1710.0,1711.0,1745.0,1722.0,1775.0,6035.0,5774.0,4178.0,973.0,1812.0,1912.0,1710.0,1710.0,1711.0
0.0,15827.0,5208.0,5131.0,4529.0,5376.0,1893.0,2471.0,1012.0,1710.0,1710.0,1711.0,1721.0,1725.0,1762.0,5867.0,5028.0,4932.0,1893.0,2471.0,1012.0,1710.0,1710.0,1711.0
0.0,15148.0,5102.0,5133.0,4697.0,5789.0,2626.0,2337.0,826.0,1711.0,1710.0,1712.0,1702.0,1678.0,1722.0,4947.0,4369.0,5832.0,2626.0,2337.0,826.0,1711.0,1710.0,1712.0
0.0,14743.0,5113.0,5133.0,5376.0,5526.0,2424.0,1578.0,1524.0,1711.0,1710.0,1712.0,1691.0,1712.0,1710.0,4218.0,4503.0,6022.0,2424.0,1578.0,1524.0,1711.0,1710.0,1712.0
0.0,15006.0,5147.0,5132.0,5789.0,4880.0,1489.0,956.0,2435.0,1710.0,1710.0,1712.0,1695.0,1715.0,1737.0,4420.0,5262.0,5324.0,1489.0,956.0,2435.0,1710.0,1710.0,1712.0
0.0,15648.0,5200.0,5135.0,5526.0,4566.0,825.0,1100.0,2641.0,1712.0,1710.0,1713.0,1752.0,1722.0,1726.0,5351.0,5884.0,4413.0,825.0,1100.0,2641.0,1712.0,1710.0,1713.0
0.0,15974.0,5194.0,5138.0,4880.0,4892.0,1067.0,1880.0,1945.0,1713.0,1711.0,1714.0,1727.0,1732.0,1735.0,6023.0,5740.0,4211.0,1067.0,1880.0,1945.0,1713.0,1711.0,1714.0
0.0,15660.0,5157.0,5139.0,4566.0,5487.0,1953.0,2493.0,1041.0,1714.0,1711.0,1714.0,1707.0,1713.0,1737.0,5785.0,4964.0,4911.0,1953.0,2493.0,1041.0,1714.0,1711.0,1714.0
0.0,15069.0,5276.0,5142.0,4892.0,5883.0,2641.0,2389.0,853.0,1715.0,1712.0,1715.0,1751.0,1772.0,1753.0,4903.0,4351.0,5815.0,2641.0,2389.0,853.0,1715.0,1712.0,1715.0
0.0,14685.0,5093.0,5143.0,5487.0,5493.0,2388.0,1599.0,1506.0,1715.0,1713.0,1715.0,1700.0,1699.0,1694.0,4219.0,4459.0,6007.0,2388.0,1599.0,1506.0,1715.0,1713.0,1715.0
0.0,15079.0,5150.0,5144.0,5883.0,4764.0,1486.0,934.0,2344.0,1716.0,1713.0,1715.0,1735.0,1724.0,1691.0,4472.0,5253.0,5354.0,1486.0,934.0,2344.0,1716.0,1713.0,1715.0
0.0,15812.0,5140.0,5146.0,5493.0,4419.0,795.0,1076.0,2548.0,1716.0,1714.0,1716.0,1697.0,1737.0,1706.0,5378.0,5918.0,4516.0,795.0,1076.0,2548.0,1716.0,1714.0,1716.0
0.0,16165.0,5262.0,5149.0,4764.0,4929.0,1075.0,1909.0,1945.0,1717.0,1715.0,1717.0,1762.0,1763.0,1737.0,6069.0,5780.0,4316.0,1075.0,1909.0,1945.0,1717.0,1715.0,1717.0
0.0,15667.0,5196.0,5152.0,4419.0,5718.0,2011.0,2570.0,1137.0,1718.0,1716.0,1718.0,1727.0,1733.0,1736.0,5793.0,4951.0,4923.0,2011.0,2570.0,1137.0,1718.0,1716.0,1718.0
0.0,14890.0,5167.0,5152.0,4929.0,5956.0,2669.0,2383.0,904.0,1718.0,1716.0,1718.0,1733.0,1722.0,1712.0,4861.0,4294.0,5735.0,2669.0,2383.0,904.0,1718.0,1716.0,1718.0
0.0,14652.0,5339.0,5157.0,5718.0,5597.0,2456.0,1609.0,1532.0,1719.0,1718.0,1720.0,1794.0,1788.0,1757.0,4203.0,4481.0,5968.0,2456.0,1609.0,1532.0,1719.0,1718.0,1720.0
0.0,15031.0,5168.0,5158.0,5956.0,4813.0,1530.0,941.0,2342.0,1720.0,1718.0,1720.0,1739.0,1715.0,1714.0,4420.0,5263.0,5348.0,1530.0,941.0,2342.0,1720.0,1718.0,1720.0
0.0,15819.0,5152.0,5158.0,5597.0,4368.0,794.0,1046.0,2528.0,1720.0,1718.0,1720.0,1720.0,1714.0,1718.0,5350.0,5931.0,4538.0,794.0,1046.0,2528.0,1720.0,1718.0,1720.0
0.0,16264.0,5216.0,5163.0,4813.0,4791.0,1022.0,1839.0,1930.0,1721.0,1720.0,1722.0,1754.0,1726.0,1736.0,6086.0,5826.0,4352.0,1022.0,1839.0,1930.0,1721.0,1720.0,1722.0
0.0,15861.0,5149.0,5165.0,4368.0,5580.0,1947.0,2526.0,1107.0,1721.0,1721.0,1723.0,1719.0,1729.0,1701.0,5862.0,5041.0,4958.0,1947.0,2526.0,1107.0,1721.0,1721.0,1723.0
0.0,15080.0,5159.0,5166.0,4791.0,5952.0,2644.0,2430.0,878.0,1721.0,1722.0,1723.0,1719.0,1739.0,1701.0,4937.0,4358.0,5785.0,2644.0,2430.0,878.0,1721.0,1722.0,1723.0
0.0,14712.0,5136.0,5166.0,5580.0,5508.0,2414.0,1626.0,1468.0,1721.0,1722.0,1723.0,1717.0,1722.0,1697.0,4240.0,4458.0,6014.0,2414.0,1626.0,1468.0,1721.0,1722.0,1723.0
0.0,15156.0,5163.0,5165.0,5952.0,4715.0,1478.0,927.0,2310.0,1720.0,1722.0,1723.0,1712.0,1731.0,1720.0,4470.0,5262.0,5424.0,1478.0,927.0,2310.0,1720.0,1722.0,1723.0
0.0,15945.0,5254.0,5169.0,5508.0,4477.0,848.0,1057.0,2572.0,1722.0,1723.0,1724.0,1776.0,1752.0,1726.0,5402.0,5961.0,4582.0,848.0,1057.0,2572.0,1722.0,1723.0,1724.0
0.0,16199.0,5136.0,5170.0,4715.0,4902.0,1078.0,1869.0,1955.0,1722.0,1724.0,1724.0,1708.0,1735.0,1693.0,6040.0,5835.0,4324.0,1078.0,1869.0,1955.0,1722.0,1724.0,1724.0
0.0,15778.0,5124.0,5171.0,4477.0,5553.0,1923.0,2522.0,1108.0,1722.0,1724.0,1725.0,1693.0,1710.0,1721.0,5810.0,5027.0,4941.0,1923.0,2522.0,1108.0,1722.0,1724.0,1725.0
0.0,15131.0,5248.0,5174.0,4902.0,5911.0,2610.0,2415.0,886.0,1723.0,1725.0,1726.0,1761.0,1758.0,1729.0,4965.0,4374.0,5792.0,2610.0,2415.0,886.0,1723.0,1725.0,1726.0
0.0,14785.0,5153.0,5175.0,5553.0,5515.0,2407.0,1621.0,1487.0,1724.0,1725.0,1726.0,1716.0,1728.0,1709.0,4282.0,4485.0,6018.0,2407.0,1621.0,1487.0,1724.0,1725.0,1726.0
0.0,15185.0,5100.0,5176.0,5911.0,4708.0,1491.0,913.0,2304.0,1724.0,1726.0,1726.0,1694.0,1703.0,1703.0,4489.0,5279.0,5417.0,1491.0,913.0,2304.0,1724.0,1726.0,1726.0
0.0,15996.0,5165.0,5175.0,5515.0,4354.0,800.0,1001.0,2553.0,1724.0,1725.0,1726.0,1716.0,1713.0,1736.0,5405.0,5991.0,4600.0,800.0,1001.0,2553.0,1724.0,1725.0,1726.0
0.0,16346.0,5229.0,5178.0,4708.0,4887.0,1040.0,1838.0,2009.0,1725.0,1726.0,1727.0,1727.0,1746.0,1756.0,6096.0,5899.0,4351.0,1040.0,1838.0,2009.0,1725.0,1726.0,1727.0
0.0,15825.0,5144.0,5179.0,4354.0,5681.0,1942.0,2550.0,1189.0,1725.0,1726.0,1728.0,1702.0,1713.0,1729.0,5860.0,5066.0,4899.0,1942.0,2550.0,1189.0,1725.0,1726.0,1728.0
0.0,15035.0,5202.0,5181.0,4887.0,6004.0,2627.0,2447.0,930.0,1726.0,1726.0,1729.0,1721.0,1735.0,1746.0,4958.0,4354.0,5723.0,2627.0,2447.0,930.0,1726.0,1726.0,1729.0
0.0,14720.0,5183.0,5182.0,5681.0,5510.0,2407.0,1638.0,1465.0,1726.0,1727.0,1729.0,1722.0,1737.0,1724.0,4277.0,4457.0,5986.0,2407.0,1638.0,1465.0,1726.0,1727.0,1729.0
0.0,15218.0,5168.0,5181.0,6004.0,4670.0,1510.0,896.0,2264.0,1726.0,1726.0,1729.0,1730.0,1709.0,1729.0,4497.0,5270.0,5451.0,1510.0,896.0,2264.0,1726.0,1726.0,1729.0
0.0,16054.0,5215.0,5182.0,5510.0,4379.0,838.0,992.0,2549.0,1727.0,1726.0,1729.0,1731.0,1734.0,1750.0,5394.0,6008.0,4652.0,838.0,992.0,2549.0,1727.0,1726.0,1729.0
0.0,16349.0,5261.0,5186.0,4670.0,4986.0,1079.0,1841.0,2066.0,1728.0,1727.0,1731.0,1747.0,1741.0,1773.0,6070.0,5912.0,4367.0,1079.0,1841.0,2066.0,1728.0,1727.0,1731.0
0.0,15758.0,5259.0,5187.0,4379.0,5870.0,2004.0,2583.0,1283.0,1729.0,1726.0,1732.0,1759.0,1738.0,1762.0,5833.0,5067.0,4858.0,2004.0,2583.0,1283.0,1729.0,1726.0,1732.0
0.0,14878.0,5207.0,5189.0,4986.0,6099.0,2678.0,2465.0,956.0,1730.0,1727.0,1732.0,1749.0,1719.0,1739.0,4912.0,4321.0,5645.0,2678.0,2465.0,956.0,1730.0,1727.0,1732.0
0.0,14657.0,5168.0,5188.0,5870.0,5393.0,2426.0,1592.0,1375.0,1731.0,1726.0,1731.0,1748.0,1714.0,1706.0,4242.0,4443.0,5972.0,2426.0,1592.0,1375.0,1731.0,1726.0,1731.0
0.0,15359.0,5165.0,5188.0,6099.0,4459.0,1485.0,809.0,2165.0,1731.0,1725.0,1732.0,1737.0,1686.0,1742.0,4498.0,5312.0,5549.0,1485.0,809.0,2165.0,1731.0,1725.0,1732.0
0.0,16293.0,5276.0,5190.0,5393.0,4350.0,846.0,945.0,2559.0,1732.0,1725.0,1733.0,1783.0,1728.0,1765.0,5439.0,6091.0,4763.0,846.0,945.0,2559.0,1732.0,1725.0,1733.0
0.0,16410.0,5220.0,5190.0,4459.0,5111.0,1096.0,1856.0,2159.0,1732.0,1725.0,1733.0,1735.0,1720.0,1765.0,6082.0,5955.0,4373.0,1096.0,1856.0,2159.0,1732.0,1725.0,1733.0
0.0,15649.0,5334.0,5193.0,4350.0,6107.0,2018.0,2691.0,1398.0,1732.0,1727.0,1734.0,1768.0,1772.0,1794.0,5832.0,5044.0,4773.0,2018.0,2691.0,1398.0,1732.0,1727.0,1734.0
0.0,14665.0,5258.0,5195.0,5111.0,6262.0,2693.0,2554.0,1015.0,1733.0,1727.0,1735.0,1767.0,1719.0,1772.0,4910.0,4217.0,5538.0,2693.0,2554.0,1015.0,1733.0,1727.0,1735.0
0.0,14518.0,5221.0,5194.0,6107.0,5372.0,2438.0,1600.0,1334.0,1733.0,1727.0,1734.0,1763.0,1737.0,1721.0,4239.0,4354.0,5925.0,2438.0,1600.0,1334.0,1733.0,1727.0,1734.0
0.0,15404.0,5305.0,5197.0,6262.0,4427.0,1514.0,813.0,2100.0,1734.0,1728.0,1735.0,1765.0,1763.0,1777.0,4494.0,5308.0,5602.0,1514.0,813.0,2100.0,1734.0,1728.0,1735.0
0.0,16361.0,5192.0,5196.0,5372.0,4243.0,807.0,934.0,2502.0,1733.0,1728.0,1735.0,1735.0,1721.0,1736.0,5422.0,6099.0,4840.0,807.0,934.0,2502.0,1733.0,1728.0,1735.0
0.0,16541.0,5237.0,5194.0,4427.0,5045.0,1043.0,1848.0,2154.0,1733.0,1727.0,1734.0,1750.0,1731.0,1756.0,6125.0,5978.0,4438.0,1043.0,1848.0,2154.0,1733.0,1727.0,1734.0
0.0,15731.0,5364.0,5197.0,4243.0,6178.0,2026.0,2700.0,1452.0,1734.0,1728.0,1735.0,1786.0,1782.0,1796.0,5889.0,5060.0,4782.0,2026.0,2700.0,1452.0,1734.0,1728.0,1735.0
0.0,14610.0,5230.0,5199.0,5045.0,6371.0,2739.0,2597.0,1035.0,1735.0,1729.0,1735.0,1752.0,1741.0,1737.0,4910.0,4212.0,5488.0,2739.0,2597.0,1035.0,1735.0,1729.0,1735.0
0.0,14425.0,5303.0,5201.0,6178.0,5504.0,2482.0,1680.0,1342.0,1735.0,1731.0,1735.0,1769.0,1775.0,1759.0,4201.0,4319.0,5905.0,2482.0,1680.0,1342.0,1735.0,1731.0,1735.0
0.0,15300.0,5253.0,5202.0,6371.0,4390.0,1475.0,866.0,2049.0,1735.0,1732.0,1735.0,1732.0,1779.0,1742.0,4458.0,5244.0,5598.0,1475.0,866.0,2049.0,1735.0,1732.0,1735.0
0.0,16418.0,5453.0,5206.0,5504.0,4355.0,814.0,1045.0,2496.0,1737.0,1734.0,1735.0,1813.0,1851.0,1789.0,5465.0,6062.0,4891.0,814.0,1045.0,2496.0,1737.0,1734.0,1735.0
0.0,16469.0,5308.0,5210.0,4390.0,5289.0,1100.0,1982.0,2207.0,1738.0,1736.0,1736.0,1757.0,1795.0,1756.0,6134.0,5891.0,4444.0,1100.0,1982.0,2207.0,1738.0,1736.0,1736.0
0.0,15551.0,5289.0,5214.0,4355.0,6239.0,2046.0,2723.0,1470.0,1739.0,1738.0,1737.0,1756.0,1778.0,1755.0,5852.0,4962.0,4737.0,2046.0,2723.0,1470.0,1739.0,1738.0,1737.0
0.0,14617.0,5271.0,5216.0,5289.0,6229.0,2687.0,2536.0,1006.0,1740.0,1739.0,1737.0,1737.0,1791.0,1743.0,4910.0,4229.0,5478.0,2687.0,2536.0,1006.0,1740.0,1739.0,1737.0
0.0,14635.0,5217.0,5217.0,6239.0,5211.0,2377.0,1559.0,1275.0,1740.0,1740.0,1737.0,1736.0,1742.0,1739.0,4273.0,4420.0,5942.0,2377.0,1559.0,1275.0,1740.0,1740.0,1737.0
0.0,15657.0,5302.0,5218.0,6229.0,4288.0,1462.0,821.0,2005.0,1740.0,1741.0,1737.0,1772.0,1794.0,1736.0,4583.0,5401.0,5673.0,1462.0,821.0,2005.0,1740.0,1741.0,1737.0
0.0,16584.0,5319.0,5220.0,5211.0,4404.0,851.0,1061.0,2492.0,1741.0,1742.0,1737.0,1762.0,1795.0,1762.0,5498.0,6143.0,4943.0,851.0,1061.0,2492.0,1741.0,1742.0,1737.0
0.0,16476.0,5197.0,5220.0,4288.0,5313.0,1112.0,1991.0,2210.0,1741.0,1742.0,1737.0,1723.0,1751.0,1723.0,6113.0,5907.0,4456.0,1112.0,1991.0,2210.0,1741.0,1742.0,1737.0
0.0,15567.0,5249.0,5223.0,4404.0,6170.0,2015.0,2702.0,1453.0,1742.0,1743.0,1738.0,1750.0,1768.0,1731.0,5852.0,4977.0,4738.0,2015.0,2702.0,1453.0,1742.0,1743.0,1738.0
0.0,14722.0,5357.0,5227.0,5313.0,6230.0,2703.0,2515.0,1012.0,1743.0,1745.0,1739.0,1796.0,1796.0,1765.0,4953.0,4270.0,5499.0,2703.0,2515.0,1012.0,1743.0,1745.0,1739.0
0.0,14678.0,5260.0,5229.0,6170.0,5328.0,2443.0,1573.0,1312.0,1744.0,1745.0,1740.0,1751.0,1760.0,1749.0,4269.0,4465.0,5944.0,2443.0,1573.0,1312.0,1744.0,1745.0,1740.0
0.0,15588.0,5269.0,5229.0,6230.0,4367.0,1501.0,832.0,2034.0,1744.0,1745.0,1740.0,1761.0,1774.0,1734.0,4533.0,5407.0,5648.0,1501.0,832.0,2034.0,1744.0,1745.0,1740.0
0.0,16549.0,5281.0,5231.0,5328.0,4328.0,858.0,1025.0,2445.0,1745.0,1746.0,1740.0,1796.0,1762.0,1723.0,5475.0,6148.0,4926.0,858.0,1025.0,2445.0,1745.0,1746.0,1740.0
0.0,16596.0,5306.0,5234.0,4367.0,5279.0,1162.0,1968.0,2149.0,1747.0,1747.0,1740.0,1797.0,1771.0,1738.0,6122.0,5959.0,4515.0,1162.0,1968.0,2149.0,1747.0,1747.0,1740.0
0.0,15657.0,5229.0,5232.0,4328.0,6172.0,2055.0,2674.0,1443.0,1746.0,1746.0,1740.0,1755.0,1735.0,1739.0,5826.0,5020.0,4811.0,2055.0,2674.0,1443.0,1746.0,1746.0,1740.0
0.0,14756.0,5250.0,5233.0,5279.0,6147.0,2672.0,2450.0,1025.0,1747.0,1746.0,1740.0,1775.0,1744.0,1731.0,4929.0,4310.0,5517.0,2672.0,2450.0,1025.0,1747.0,1746.0,1740.0
0.0,14785.0,5205.0,5234.0,6172.0,5184.0,2356.0,1511.0,1317.0,1747.0,1747.0,1740.0,1739.0,1731.0,1735.0,4316.0,4534.0,5935.0,2356.0,1511.0,1317.0,1747.0,1747.0,1740.0
0.0,15752.0,5228.0,5234.0,6147.0,4265.0,1447.0,773.0,2045.0,1747.0,1746.0,1741.0,1763.0,1716.0,1749.0,4632.0,5477.0,5643.0,1447.0,773.0,2045.0,1747.0,1746.0,1741.0
0.0,16671.0,5192.0,5235.0,5184.0,4277.0,861.0,980.0,2436.0,1748.0,1746.0,1741.0,1766.0,1718.0,1708.0,5541.0,6211.0,4919.0,861.0,980.0,2436.0,1748.0,1746.0,1741.0
0.0,16663.0,5350.0,5239.0,4265.0,5378.0,1237.0,1987.0,2154.0,1750.0,1747.0,1742.0,1815.0,1776.0,1759.0,6131.0,6004.0,4528.0,1237.0,1987.0,2154.0,1750.0,1747.0,1742.0
0.0,15578.0,5230.0,5241.0,4277.0,6339.0,2134.0,2740.0,1465.0,1751.0,1747.0,1743.0,1754.0,1733.0,1743.0,5763.0,5001.0,4814.0,2134.0,2740.0,1465.0,1751.0,1747.0,1743.0
0.0,14625.0,5342.0,5244.0,5378.0,6315.0,2693.0,2518.0,1104.0,1752.0,1748.0,1744.0,1792.0,1761.0,1789.0,4870.0,4248.0,5507.0,2693.0,2518.0,1104.0,1752.0,1748.0,1744.0
0.0,14661.0,5203.0,5243.0,6339.0,5175.0,2278.0,1498.0,1399.0,1751.0,1747.0,1745.0,1723.0,1724.0,1756.0,4315.0,4474.0,5872.0,2278.0,1498.0,1399.0,1751.0,1747.0,1745.0
0.0,15797.0,5225.0,5244.0,6315.0,4089.0,1314.0,705.0,2070.0,1751.0,1747.0,1746.0,1729.0,1725.0,1771.0,4726.0,5490.0,5581.0,1314.0,705.0,2070.0,1751.0,1747.0,1746.0
0.0,16887.0,5214.0,5246.0,5175.0,4136.0,773.0,936.0,2427.0,1752.0,1747.0,1747.0,1733.0,1729.0,1752.0,5690.0,6283.0,4914.0,773.0,936.0,2427.0,1752.0,1747.0,1747.0
0.0,16848.0,5269.0,5246.0,4089.0,5316.0,1215.0,1977.0,2124.0,1752.0,1747.0,1747.0,1756.0,1746.0,1767.0,6235.0,6052.0,4561.0,1215.0,1977.0,2124.0,1752.0,1747.0,1747.0
0.0,15668.0,5232.0,5248.0,4136.0,6420.0,2203.0,2754.0,1463.0,1753.0,1747.0,1748.0,1757.0,1713.0,1762.0,5793.0,5011.0,4864.0,2203.0,2754.0,1463.0,1753.0,1747.0,1748.0
0.0,14572.0,5198.0,5251.0,5316.0,6314.0,2723.0,2520.0,1071.0,1754.0,1748.0,1749.0,1731.0,1739.0,1728.0,4809.0,4234.0,5529.0,2723.0,2520.0,1071.0,1754.0,1748.0,1749.0
0.0,14690.0,5316.0,5254.0,6420.0,5222.0,2293.0,1538.0,1391.0,1755.0,1749.0,1750.0,1769.0,1768.0,1779.0,4293.0,4472.0,5925.0,2293.0,1538.0,1391.0,1755.0,1749.0,1750.0
0.0,15794.0,5192.0,5252.0,6314.0,4092.0,1296.0,745.0,2051.0,1755.0,1748.0,1749.0,1726.0,1731.0,1735.0,4727.0,5458.0,5609.0,1296.0,745.0,2051.0,1755.0,1748.0,1749.0
0.0,16916.0,5274.0,5255.0,5222.0,4156.0,755.0,954.0,2447.0,1756.0,1749.0,1750.0,1748.0,1743.0,1783.0,5724.0,6247.0,4945.0,755.0,954.0,2447.0,1756.0,1749.0,1750.0
0.0,16864.0,5276.0,5256.0,4092.0,5344.0,1217.0,1950.0,2177.0,1756.0,1749.0,1751.0,1758.0,1741.0,1777.0,6269.0,6042.0,4553.0,1217.0,1950.0,2177.0,1756.0,1749.0,1751.0
0.0,15680.0,5242.0,5257.0,4156.0,6434.0,2227.0,2735.0,1472.0,1757.0,1749.0,1751.0,1761.0,1739.0,1742.0,5807.0,5046.0,4827.0,2227.0,2735.0,1472.0,1757.0,1749.0,1751.0
0.0,14594.0,5372.0,5261.0,5344.0,6478.0,2807.0,2593.0,1078.0,1758.0,1751.0,1752.0,1793.0,1800.0,1779.0,4801.0,4261.0,5532.0,2807.0,2593.0,1078.0,1758.0,1751.0,1752.0
0.0,14566.0,5236.0,5262.0,6434.0,5284.0,2300.0,1608.0,1376.0,1758.0,1751.0,1753.0,1720.0,1750.0,1766.0,4225.0,4411.0,5930.0,2300.0,1608.0,1376.0,1758.0,1751.0,1753.0
0.0,15764.0,5306.0,5263.0,6478.0,4116.0,1240.0,803.0,2073.0,1758.0,1752.0,1753.0,1747.0,1784.0,1775.0,4732.0,5396.0,5636.0,1240.0,803.0,2073.0,1758.0,1752.0,1753.0
0.0,16936.0,5313.0,5263.0,5284.0,4145.0,720.0,956.0,2469.0,1758.0,1752.0,1753.0,1780.0,1761.0,1772.0,5792.0,6205.0,4939.0,720.0,956.0,2469.0,1758.0,1752.0,1753.0
0.0,16907.0,5229.0,5264.0,4116.0,5262.0,1203.0,1898.0,2161.0,1758.0,1753.0,1753.0,1723.0,1741.0,1765.0,6312.0,6052.0,4543.0,1203.0,1898.0,2161.0,1758.0,1753.0,1753.0
0.0,15794.0,5368.0,5268.0,4145.0,6501.0,2290.0,2707.0,1504.0,1759.0,1754.0,1755.0,1803.0,1761.0,1804.0,5829.0,5114.0,4851.0,2290.0,2707.0,1504.0,1759.0,1754.0,1755.0
0.0,14571.0,5267.0,5271.0,5262.0,6518.0,2862.0,2550.0,1106.0,1760.0,1755.0,1756.0,1771.0,1737.0,1759.0,4746.0,4309.0,5516.0,2862.0,2550.0,1106.0,1760.0,1755.0,1756.0
0.0,14566.0,5215.0,5269.0,6501.0,5224.0,2316.0,1572.0,1336.0,1759.0,1755.0,1755.0,1748.0,1729.0,1738.0,4178.0,4470.0,5918.0,2316.0,1572.0,1336.0,1759.0,1755.0,1755.0
0.0,15852.0,5298.0,5269.0,6518.0,4004.0,1205.0,780.0,2019.0,1759.0,1755.0,1755.0,1751.0,1758.0,1789.0,4720.0,5448.0,5684.0,1205.0,780.0,2019.0,1759.0,1755.0,1755.0
0.0,17072.0,5457.0,5273.0,5224.0,4253.0,711.0,1053.0,2489.0,1760.0,1757.0,1756.0,1818.0,1837.0,1802.0,5831.0,6240.0,5001.0,711.0,1053.0,2489.0,1760.0,1757.0,1756.0
0.0,16839.0,5305.0,5274.0,4004.0,5558.0,1299.0,2051.0,2208.0,1761.0,1758.0,1755.0,1789.0,1774.0,1742.0,6329.0,5975.0,4535.0,1299.0,2051.0,2208.0,1761.0,1758.0,1755.0
0.0,15538.0,5384.0,5276.0,4253.0,6697.0,2391.0,2796.0,1510.0,1761.0,1759.0,1756.0,1803.0,1794.0,1787.0,5745.0,4981.0,4812.0,2391.0,2796.0,1510.0,1761.0,1759.0,1756.0
0.0,14407.0,5373.0,5278.0,5558.0,6520.0,2893.0,2530.0,1097.0,1762.0,1759.0,1757.0,1797.0,1785.0,1791.0,4653.0,4240.0,5514.0,2893.0,2530.0,1097.0,1762.0,1759.0,1757.0
0.0,14592.0,5389.0,5281.0,6697.0,5224.0,2316.0,1555.0,1353.0,1763.0,1761.0,1757.0,1810.0,1813.0,1766.0,4155.0,4506.0,5931.0,2316.0,1555.0,1353.0,1763.0,1761.0,1757.0
0.0,15900.0,5353.0,5284.0,6520.0,4069.0,1205.0,818.0,2046.0,1764.0,1762.0,1758.0,1778.0,1789.0,1786.0,4736.0,5489.0,5675.0,1205.0,818.0,2046.0,1764.0,1762.0,1758.0
0.0,17067.0,5273.0,5282.0,5224.0,4110.0,655.0,1003.0,2452.0,1764.0,1761.0,1757.0,1766.0,1744.0,1763.0,5851.0,6230.0,4986.0,655.0,1003.0,2452.0,1764.0,1761.0,1757.0
0.0,17018.0,5259.0,5283.0,4069.0,5304.0,1203.0,1941.0,2160.0,1764.0,1762.0,1757.0,1753.0,1752.0,1754.0,6401.0,6041.0,4576.0,1203.0,1941.0,2160.0,1764.0,1762.0,1757.0
0.0,15828.0,5267.0,5281.0,4110.0,6453.0,2304.0,2685.0,1464.0,1763.0,1761.0,1757.0,1760.0,1751.0,1756.0,5853.0,5107.0,4868.0,2304.0,2685.0,1464.0,1763.0,1761.0,1757.0
0.0,14671.0,5256.0,5282.0,5304.0,6409.0,2857.0,2501.0,1051.0,1764.0,1761.0,1757.0,1752.0,1757.0,1747.0,4748.0,4359.0,5564.0,2857.0,2501.0,1051.0,1764.0,1761.0,1757.0
0.0,14719.0,5295.0,5279.0,6453.0,5239.0,2304.0,1583.0,1352.0,1763.0,1759.0,1757.0,1755.0,1775.0,1765.0,4199.0,4543.0,5977.0,2304.0,1583.0,1352.0,1763.0,1759.0,1757.0
0.0,15877.0,5241.0,5278.0,6409.0,4067.0,1198.0,833.0,2036.0,1763.0,1758.0,1757.0,1751.0,1755.0,1735.0,4748.0,5453.0,5676.0,1198.0,833.0,2036.0,1763.0,1758.0,1757.0
0.0,17045.0,5258.0,5277.0,5239.0,4082.0,660.0,1008.0,2414.0,1763.0,1758.0,1756.0,1766.0,1758.0,1734.0,5854.0,6199.0,4992.0,660.0,1008.0,2414.0,1763.0,1758.0,1756.0
0.0,17026.0,5222.0,5276.0,4067.0,5233.0,1202.0,1902.0,2129.0,1763.0,1757.0,1756.0,1740.0,1731.0,1751.0,6392.0,6024.0,4610.0,1202.0,1902.0,2129.0,1763.0,1757.0,1756.0
0.0,15871.0,5228.0,5277.0,4082.0,6383.0,2272.0,2625.0,1486.0,1763.0,1757.0,1757.0,1730.0,1731.0,1767.0,5850.0,5126.0,4895.0,2272.0,2625.0,1486.0,1763.0,1757.0,1757.0
0.0,14725.0,5346.0,5278.0,5233.0,6500.0,2840.0,2528.0,1132.0,1763.0,1757.0,1758.0,1770.0,1805.0,1771.0,4780.0,4403.0,5542.0,2840.0,2528.0,1132.0,1763.0,1757.0,1758.0
0.0,14612.0,5358.0,5278.0,6383.0,5475.0,2358.0,1683.0,1434.0,1763.0,1757.0,1758.0,1790.0,1780.0,1788.0,4212.0,4500.0,5900.0,2358.0,1683.0,1434.0,1763.0,1757.0,1758.0
0.0,15637.0,5267.0,5280.0,6500.0,4250.0,1284.0,899.0,2067.0,1764.0,1757.0,1759.0,1762.0,1744.0,1761.0,4694.0,5345.0,5598.0,1284.0,899.0,2067.0,1764.0,1757.0,1759.0
0.0,16870.0,5379.0,5282.0,5475.0,4162.0,714.0,1014.0,2434.0,1765.0,1757.0,1760.0,1784.0,1798.0,1797.0,5772.0,6129.0,4969.0,714.0,1014.0,2434.0,1765.0,1757.0,1760.0
0.0,16966.0,5295.0,5281.0,4250.0,5203.0,1193.0,1892.0,2118.0,1764.0,1757.0,1760.0,1767.0,1777.0,1751.0,6346.0,6014.0,4606.0,1193.0,1892.0,2118.0,1764.0,1757.0,1760.0
0.0,15921.0,5359.0,5283.0,4162.0,6408.0,2261.0,2663.0,1484.0,1765.0,1757.0,1761.0,1778.0,1785.0,1796.0,5863.0,5136.0,4922.0,2261.0,2663.0,1484.0,1765.0,1757.0,1761.0
0.0,14724.0,5365.0,5284.0,5203.0,6574.0,2863.0,2555.0,1156.0,1765.0,1757.0,1762.0,1795.0,1784.0,1786.0,4799.0,4365.0,5560.0,2863.0,2555.0,1156.0,1765.0,1757.0,1762.0
0.0,14562.0,5313.0,5285.0,6408.0,5483.0,2372.0,1697.0,1414.0,1765.0,1758.0,1762.0,1770.0,1801.0,1742.0,4197.0,4473.0,5892.0,2372.0,1697.0,1414.0,1765.0,1758.0,1762.0
0.0,15657.0,5436.0,5287.0,6574.0,4353.0,1311.0,970.0,2072.0,1765.0,1759.0,1763.0,1802.0,1824.0,1810.0,4688.0,5335.0,5634.0,1311.0,970.0,2072.0,1765.0,1759.0,1763.0
0.0,16795.0,5333.0,5290.0,5483.0,4215.0,734.0,1049.0,2432.0,1766.0,1760.0,1764.0,1791.0,1772.0,1770.0,5749.0,6066.0,4980.0,734.0,1049.0,2432.0,1766.0,1760.0,1764.0
0.0,16945.0,5351.0,5292.0,4353.0,5221.0,1214.0,1871.0,2136.0,1766.0,1761.0,1765.0,1791.0,1788.0,1772.0,6330.0,5991.0,4624.0,1214.0,1871.0,2136.0,1766.0,1761.0,1765.0
0.0,15947.0,5377.0,5295.0,4215.0,6395.0,2283.0,2607.0,1505.0,1767.0,1762.0,1766.0,1799.0,1781.0,1797.0,5850.0,5173.0,4924.0,2283.0,2607.0,1505.0,1767.0,1762.0,1766.0
0.0,14785.0,5373.0,5298.0,5221.0,6559.0,2880.0,2526.0,1153.0,1768.0,1763.0,1767.0,1807.0,1786.0,1780.0,4785.0,4441.0,5559.0,2880.0,2526.0,1153.0,1768.0,1763.0,1767.0
0.0,14633.0,5204.0,5298.0,6395.0,5368.0,2322.0,1673.0,1373.0,1767.0,1764.0,1767.0,1729.0,1750.0,1725.0,4192.0,4526.0,5915.0,2322.0,1673.0,1373.0,1767.0,1764.0,1767.0
0.0,15824.0,5293.0,5296.0,6559.0,4094.0,1210.0,901.0,1983.0,1766.0,1763.0,1767.0,1772.0,1758.0,1763.0,4746.0,5383.0,5695.0,1210.0,901.0,1983.0,1766.0,1763.0,1767.0
0.0,17090.0,5344.0,5299.0,5368.0,4082.0,686.0,993.0,2403.0,1767.0,1764.0,1768.0,1794.0,1761.0,1789.0,5854.0,6151.0,5085.0,686.0,993.0,2403.0,1767.0,1764.0,1768.0
0.0,17114.0,5399.0,5299.0,4094.0,5387.0,1281.0,1886.0,2220.0,1767.0,1764.0,1768.0,1805.0,1794.0,1800.0,6382.0,6063.0,4669.0,1281.0,1886.0,2220.0,1767.0,1764.0,1768.0
0.0,15809.0,5307.0,5302.0,4082.0,6624.0,2359.0,2685.0,1580.0,1768.0,1766.0,1768.0,1760.0,1784.0,1763.0,5787.0,5170.0,4852.0,2359.0,2685.0,1580.0,1768.0,1766.0,1768.0
0.0,14584.0,5234.0,5302.0,5387.0,6471.0,2821.0,2557.0,1093.0,1768.0,1766.0,1768.0,1743.0,1758.0,1733.0,4713.0,4379.0,5492.0,2821.0,2557.0,1093.0,1768.0,1766.0,1768.0
0.0,14737.0,5317.0,5304.0,6624.0,5172.0,2242.0,1648.0,1282.0,1769.0,1767.0,1768.0,1776.0,1772.0,1769.0,4251.0,4507.0,5979.0,2242.0,1648.0,1282.0,1769.0,1767.0,1768.0
0.0,16044.0,5287.0,5305.0,6471.0,3992.0,1164.0,867.0,1961.0,1769.0,1768.0,1768.0,1743.0,1772.0,1772.0,4834.0,5420.0,5790.0,1164.0,867.0,1961.0,1769.0,1768.0,1768.0
0.0,17228.0,5337.0,5306.0,5172.0,4161.0,686.0,1008.0,2467.0,1769.0,1769.0,1768.0,1764.0,1785.0,1788.0,5912.0,6205.0,5111.0,686.0,1008.0,2467.0,1769.0,1769.0,1768.0
0.0,17063.0,5262.0,5307.0,3992.0,5435.0,1265.0,1902.0,2268.0,1769.0,1769.0,1769.0,1743.0,1761.0,1758.0,6390.0,6068.0,4605.0,1265.0,1902.0,2268.0,1769.0,1769.0,1769.0
0.0,15793.0,5322.0,5308.0,4161.0,6600.0,2342.0,2671.0,1587.0,1769.0,1770.0,1769.0,1763.0,1773.0,1786.0,5811.0,5174.0,4808.0,2342.0,2671.0,1587.0,1769.0,1770.0,1769.0
0.0,14632.0,5413.0,5312.0,5435.0,6594.0,2858.0,2574.0,1162.0,1770.0,1771.0,1771.0,1777.0,1801.0,1835.0,4734.0,4409.0,5489.0,2858.0,2574.0,1162.0,1770.0,1771.0,1771.0
0.0,14654.0,5356.0,5314.0,6600.0,5358.0,2312.0,1686.0,1360.0,1771.0,1772.0,1771.0,1792.0,1779.0,1785.0,4222.0,4510.0,5922.0,2312.0,1686.0,1360.0,1771.0,1772.0,1771.0
0.0,15898.0,5386.0,5316.0,6594.0,4158.0,1245.0,897.0,2016.0,1772.0,1772.0,1772.0,1787.0,1785.0,1814.0,4772.0,5402.0,5724.0,1245.0,897.0,2016.0,1772.0,1772.0,1772.0
0.0,17106.0,5402.0,5319.0,5358.0,4214.0,742.0,1023.0,2449.0,1772.0,1774.0,1773.0,1809.0,1804.0,1789.0,5843.0,6191.0,5072.0,742.0,1023.0,2449.0,1772.0,1774.0,1773.0
0.0,17062.0,5339.0,5318.0,4158.0,5391.0,1260.0,1905.0,2226.0,1772.0,1773.0,1773.0,1763.0,1783.0,1793.0,6346.0,6073.0,4643.0,1260.0,1905.0,2226.0,1772.0,1773.0,1773.0
0.0,15881.0,5431.0,5322.0,4214.0,6624.0,2321.0,2718.0,1585.0,1773.0,1775.0,1774.0,1799.0,1828.0,1804.0,5828.0,5187.0,4866.0,2321.0,2718.0,1585.0,1773.0,1775.0,1774.0
0.0,14664.0,5351.0,5322.0,5391.0,6584.0,2844.0,2575.0,1165.0,1774.0,1774.0,1774.0,1779.0,1766.0,1806.0,4771.0,4382.0,5511.0,2844.0,2575.0,1165.0,1774.0,1774.0,1774.0
0.0,14704.0,5278.0,5323.0,6624.0,5242.0,2283.0,1625.0,1334.0,1774.0,1775.0,1774.0,1760.0,1764.0,1754.0,4252.0,4521.0,5931.0,2283.0,1625.0,1334.0,1774.0,1775.0,1774.0
0.0,16050.0,5383.0,5325.0,6584.0,4049.0,1228.0,836.0,1985.0,1775.0,1775.0,1775.0,1785.0,1786.0,1812.0,4813.0,5475.0,5762.0,1228.0,836.0,1985.0,1775.0,1775.0,1775.0
0.0,17251.0,5223.0,5323.0,5242.0,4022.0,683.0,927.0,2412.0,1774.0,1775.0,1774.0,1742.0,1716.0,1765.0,5872.0,6264.0,5115.0,683.0,927.0,2412.0,1774.0,1775.0,1774.0
0.0,17270.0,5248.0,5322.0,4049.0,5217.0,1212.0,1836.0,2169.0,1773.0,1775.0,1774.0,1761.0,1745.0,1742.0,6413.0,6173.0,4684.0,1212.0,1836.0,2169.0,1773.0,1775.0,1774.0
0.0,16071.0,5468.0,5326.0,4022.0,6679.0,2365.0,2730.0,1584.0,1775.0,1776.0,1775.0,1828.0,1817.0,1823.0,5880.0,5264.0,4927.0,2365.0,2730.0,1584.0,1775.0,1776.0,1775.0
0.0,14625.0,5432.0,5329.0,5217.0,6906.0,2983.0,2699.0,1224.0,1776.0,1777.0,1776.0,1826.0,1801.0,1805.0,4735.0,4374.0,5516.0,2983.0,2699.0,1224.0,1776.0,1777.0,1776.0
0.0,14410.0,5431.0,5329.0,6679.0,5658.0,2466.0,1744.0,1448.0,1777.0,1776.0,1776.0,1844.0,1779.0,1808.0,4121.0,4409.0,5880.0,2466.0,1744.0,1448.0,1777.0,1776.0,1776.0
0.0,15658.0,5410.0,5331.0,6906.0,4170.0,1323.0,831.0,2016.0,1778.0,1776.0,1777.0,1836.0,1786.0,1788.0,4642.0,5360.0,5656.0,1323.0,831.0,2016.0,1778.0,1776.0,1777.0
0.0,17154.0,5321.0,5330.0,5658.0,3829.0,650.0,855.0,2324.0,1778.0,1776.0,1776.0,1793.0,1768.0,1760.0,5789.0,6273.0,5092.0,650.0,855.0,2324.0,1778.0,1776.0,1776.0
0.0,17491.0,5355.0,5329.0,4170.0,5010.0,1136.0,1787.0,2087.0,1778.0,1775.0,1776.0,1809.0,1767.0,1779.0,6462.0,6249.0,4780.0,1136.0,1787.0,2087.0,1778.0,1775.0,1776.0
0.0,16306.0,5342.0,5329.0,3829.0,6523.0,2284.0,2705.0,1534.0,1778.0,1775.0,1776.0,1798.0,1773.0,1771.0,5976.0,5313.0,5017.0,2284.0,2705.0,1534.0,1778.0,1775.0,1776.0
0.0,14793.0,5355.0,5328.0,5010.0,6864.0,2942.0,2683.0,1239.0,1778.0,1774.0,1776.0,1794.0,1769.0,1792.0,4828.0,4395.0,5570.0,2942.0,2683.0,1239.0,1778.0,1774.0,1776.0
0.0,14448.0,5393.0,5331.0,6523.0,5746.0,2478.0,1798.0,1470.0,1779.0,1776.0,1776.0,1816.0,1812.0,1765.0,4170.0,4413.0,5865.0,2478.0,1798.0,1470.0,1779.0,1776.0,1776.0
0.0,15578.0,5364.0,5332.0,6864.0,4250.0,1318.0,896.0,2036.0,1779.0,1776.0,1777.0,1782.0,1781.0,1801.0,4638.0,5306.0,5634.0,1318.0,896.0,2036.0,1779.0,1776.0,1777.0
0.0,17078.0,5368.0,5335.0,5746.0,3884.0,668.0,880.0,2336.0,1781.0,1777.0,1777.0,1820.0,1778.0,1770.0,5798.0,6208.0,5072.0,668.0,880.0,2336.0,1781.0,1777.0,1777.0
0.0,17456.0,5276.0,5336.0,4250.0,4914.0,1125.0,1732.0,2057.0,1781.0,1777.0,1778.0,1775.0,1748.0,1753.0,6456.0,6228.0,4772.0,1125.0,1732.0,2057.0,1781.0,1777.0,1778.0
0.0,16430.0,5443.0,5338.0,3884.0,6481.0,2257.0,2677.0,1547.0,1782.0,1777.0,1779.0,1796.0,1825.0,1822.0,5999.0,5376.0,5055.0,2257.0,2677.0,1547.0,1782.0,1777.0,1779.0
0.0,14871.0,5362.0,5340.0,4914.0,6937.0,2901.0,2752.0,1284.0,1782.0,1778.0,1780.0,1769.0,1803.0,1790.0,4871.0,4431.0,5569.0,2901.0,2752.0,1284.0,1782.0,1778.0,1780.0
0.0,14423.0,5411.0,5343.0,6481.0,5879.0,2445.0,1872.0,1562.0,1783.0,1779.0,1781.0,1797.0,1793.0,1821.0,4227.0,4360.0,5836.0,2445.0,1872.0,1562.0,1783.0,1779.0,1781.0
0.0,15493.0,5354.0,5346.0,6937.0,4308.0,1340.0,897.0,2071.0,1784.0,1780.0,1782.0,1792.0,1773.0,1789.0,4687.0,5244.0,5562.0,1340.0,897.0,2071.0,1784.0,1780.0,1782.0
0.0,17076.0,5280.0,5347.0,5879.0,3713.0,652.0,797.0,2264.0,1784.0,1781.0,1782.0,1757.0,1768.0,1755.0,5796.0,6223.0,5057.0,652.0,797.0,2264.0,1784.0,1781.0,1782.0
0.0,17675.0,5420.0,5348.0,4308.0,4829.0,1099.0,1735.0,1995.0,1785.0,1781.0,1782.0,1783.0,1835.0,1802.0,6484.0,6327.0,4864.0,1099.0,1735.0,1995.0,1785.0,1781.0,1782.0
0.0,16563.0,5345.0,5347.0,3713.0,6457.0,2224.0,2727.0,1506.0,1784.0,1781.0,1782.0,1781.0,1789.0,1775.0,6041.0,5389.0,5133.0,2224.0,2727.0,1506.0,1784.0,1781.0,1782.0
0.0,14931.0,5462.0,5351.0,4829.0,7106.0,2930.0,2837.0,1339.0,1785.0,1783.0,1783.0,1801.0,1837.0,1824.0,4912.0,4397.0,5622.0,2930.0,2837.0,1339.0,1785.0,1783.0,1783.0
0.0,14298.0,5473.0,5354.0,6457.0,6134.0,2515.0,1937.0,1682.0,1786.0,1784.0,1784.0,1805.0,1823.0,1845.0,4210.0,4295.0,5793.0,2515.0,1937.0,1682.0,1786.0,1784.0,1784.0
0.0,15282.0,5465.0,5357.0,7106.0,4505.0,1427.0,913.0,2165.0,1787.0,1784.0,1786.0,1838.0,1813.0,1814.0,4629.0,5199.0,5454.0,1427.0,913.0,2165.0,1787.0,1784.0,1786.0
0.0,16923.0,5433.0,5359.0,6134.0,3812.0,731.0,805.0,2276.0,1788.0,1785.0,1786.0,1815.0,1825.0,1793.0,5721.0,6223.0,4979.0,731.0,805.0,2276.0,1788.0,1785.0,1786.0
0.0,17624.0,5388.0,5359.0,4505.0,4695.0,1099.0,1680.0,1916.0,1788.0,1785.0,1786.0,1795.0,1788.0,1805.0,6421.0,6335.0,4868.0,1099.0,1680.0,1916.0,1788.0,1785.0,1786.0
0.0,16741.0,5441.0,5361.0,3812.0,6332.0,2177.0,2708.0,1447.0,1788.0,1786.0,1787.0,1809.0,1829.0,1803.0,6053.0,5460.0,5228.0,2177.0,2708.0,1447.0,1788.0,1786.0,1787.0
0.0,15112.0,5329.0,5359.0,4695.0,6958.0,2843.0,2822.0,1293.0,1788.0,1785.0,1786.0,1765.0,1798.0,1766.0,4975.0,4436.0,5701.0,2843.0,2822.0,1293.0,1788.0,1785.0,1786.0
0.0,14478.0,5441.0,5361.0,6332.0,6075.0,2466.0,1931.0,1678.0,1788.0,1786.0,1787.0,1800.0,1813.0,1828.0,4309.0,4318.0,5851.0,2466.0,1931.0,1678.0,1788.0,1786.0,1787.0
0.0,15369.0,5394.0,5362.0,6958.0,4515.0,1439.0,895.0,2181.0,1788.0,1786.0,1788.0,1816.0,1786.0,1792.0,4686.0,5213.0,5470.0,1439.0,895.0,2181.0,1788.0,1786.0,1788.0
0.0,16933.0,5337.0,5361.0,6075.0,3773.0,747.0,748.0,2278.0,1788.0,1786.0,1787.0,1774.0,1784.0,1779.0,5713.0,6249.0,4971.0,747.0,748.0,2278.0,1788.0,1786.0,1787.0
0.0,17671.0,5417.0,5362.0,4515.0,4679.0,1122.0,1642.0,1915.0,1788.0,1786.0,1788.0,1814.0,1789.0,1814.0,6405.0,6396.0,4870.0,1122.0,1642.0,1915.0,1788.0,1786.0,1788.0
0.0,16769.0,5432.0,5366.0,3773.0,6354.0,2182.0,2707.0,1465.0,1789.0,1787.0,1790.0,1803.0,1809.0,1820.0,6030.0,5502.0,5237.0,2182.0,2707.0,1465.0,1789.0,1787.0,1790.0
0.0,15110.0,5419.0,5369.0,4679.0,7106.0,2883.0,2857.0,1366.0,1790.0,1788.0,1791.0,1819.0,1788.0,1812.0,4974.0,4441.0,5695.0,2883.0,2857.0,1366.0,1790.0,1788.0,1791.0
0.0,14370.0,5404.0,5370.0,6354.0,6160.0,2486.0,1963.0,1711.0,1790.0,1789.0,1791.0,1785.0,1809.0,1810.0,4277.0,4295.0,5798.0,2486.0,1963.0,1711.0,1790.0,1789.0,1791.0
0.0,15320.0,5356.0,5369.0,7106.0,4406.0,1383.0,871.0,2152.0,1790.0,1788.0,1791.0,1780.0,1769.0,1807.0,4674.0,5193.0,5453.0,1383.0,871.0,2152.0,1790.0,1788.0,1791.0
0.0,17070.0,5321.0,5370.0,6160.0,3571.0,708.0,637.0,2226.0,1791.0,1787.0,1792.0,1807.0,1733.0,1781.0,5777.0,6281.0,5012.0,708.0,637.0,2226.0,1791.0,1787.0,1792.0
0.0,17909.0,5389.0,5373.0,4406.0,4566.0,1128.0,1554.0,1884.0,1792.0,1788.0,1793.0,1799.0,1784.0,1806.0,6456.0,6511.0,4942.0,1128.0,1554.0,1884.0,1792.0,1788.0,1793.0
0.0,16926.0,5429.0,5374.0,3571.0,6428.0,2231.0,2725.0,1472.0,1792.0,1788.0,1794.0,1811.0,1808.0,1810.0,6040.0,5598.0,5288.0,2231.0,2725.0,1472.0,1792.0,1788.0,1794.0
0.0,15068.0,5340.0,5375.0,4566.0,7206.0,2892.0,2939.0,1375.0,1793.0,1788.0,1794.0,1785.0,1768.0,1787.0,4937.0,4427.0,5704.0,2892.0,2939.0,1375.0,1793.0,1788.0,1794.0
0.0,14294.0,5406.0,5377.0,6428.0,6192.0,2445.0,2026.0,1721.0,1793.0,1789.0,1795.0,1784.0,1808.0,1814.0,4280.0,4213.0,5801.0,2445.0,2026.0,1721.0,1793.0,1789.0,1795.0
0.0,15316.0,5255.0,5377.0,7206.0,4241.0,1290.0,840.0,2111.0,1793.0,1789.0,1795.0,1737.0,1753.0,1765.0,4727.0,5130.0,5459.0,1290.0,840.0,2111.0,1793.0,1789.0,1795.0
0.0,17267.0,5359.0,5378.0,6192.0,3412.0,622.0,599.0,2191.0,1794.0,1789.0,1795.0,1773.0,1785.0,1801.0,5882.0,6316.0,5069.0,622.0,599.0,2191.0,1794.0,1789.0,1795.0
0.0,18100.0,5388.0,5377.0,4241.0,4555.0,1133.0,1551.0,1871.0,1794.0,1789.0,1794.0,1801.0,1792.0,1795.0,6554.0,6557.0,4989.0,1133.0,1551.0,1871.0,1794.0,1789.0,1794.0
0.0,16953.0,5435.0,5378.0,3412.0,6582.0,2309.0,2766.0,1507.0,1794.0,1789.0,1795.0,1798.0,1814.0,1823.0,6043.0,5605.0,5305.0,2309.0,2766.0,1507.0,1794.0,1789.0,1795.0
0.0,14930.0,5390.0,5378.0,4555.0,7417.0,2978.0,3022.0,1417.0,1794.0,1790.0,1794.0,1802.0,1803.0,1785.0,4867.0,4390.0,5673.0,2978.0,3022.0,1417.0,1794.0,1790.0,1794.0
0.0,14095.0,5513.0,5381.0,6582.0,6360.0,2519.0,2080.0,1761.0,1795.0,1790.0,1796.0,1846.0,1824.0,1843.0,4198.0,4138.0,5759.0,2519.0,2080.0,1761.0,1795.0,1790.0,1796.0
0.0,15164.0,5504.0,5384.0,7417.0,4459.0,1367.0,883.0,2209.0,1796.0,1791.0,1797.0,1822.0,1821.0,1861.0,4661.0,5080.0,5423.0,1367.0,883.0,2209.0,1796.0,1791.0,1797.0
0.0,17077.0,5372.0,5383.0,6360.0,3467.0,614.0,581.0,2272.0,1796.0,1790.0,1797.0,1766.0,1782.0,1824.0,5817.0,6281.0,4979.0,614.0,581.0,2272.0,1796.0,1790.0,1797.0
0.0,18065.0,5511.0,5386.0,4459.0,4531.0,1099.0,1533.0,1899.0,1797.0,1791.0,1798.0,1848.0,1831.0,1832.0,6570.0,6579.0,4916.0,1099.0,1533.0,1899.0,1797.0,1791.0,1798.0
0.0,17013.0,5379.0,5387.0,3467.0,6447.0,2263.0,2765.0,1419.0,1797.0,1792.0,1798.0,1778.0,1809.0,1792.0,6089.0,5631.0,5293.0,2263.0,2765.0,1419.0,1797.0,1792.0,1798.0
0.0,15101.0,5318.0,5387.0,4531.0,7234.0,2932.0,3011.0,1291.0,1797.0,1792.0,1798.0,1768.0,1779.0,1771.0,4925.0,4403.0,5773.0,2932.0,3011.0,1291.0,1797.0,1792.0,1798.0
0.0,14314.0,5383.0,5389.0,6447.0,6178.0,2486.0,2027.0,1665.0,1798.0,1793.0,1798.0,1813.0,1777.0,1793.0,4256.0,4157.0,5901.0,2486.0,2027.0,1665.0,1798.0,1793.0,1798.0
0.0,15378.0,5406.0,5392.0,7234.0,4362.0,1361.0,834.0,2167.0,1799.0,1794.0,1799.0,1803.0,1814.0,1789.0,4706.0,5145.0,5527.0,1361.0,834.0,2167.0,1799.0,1794.0,1799.0
0.0,17206.0,5382.0,5390.0,6178.0,3558.0,665.0,603.0,2290.0,1798.0,1794.0,1798.0,1794.0,1796.0,1792.0,5835.0,6342.0,5029.0,665.0,603.0,2290.0,1798.0,1794.0,1798.0
0.0,18002.0,5556.0,5393.0,4362.0,4764.0,1155.0,1641.0,1968.0,1799.0,1795.0,1799.0,1847.0,1868.0,1841.0,6527.0,6573.0,4902.0,1155.0,1641.0,1968.0,1799.0,1795.0,1799.0
0.0,16808.0,5484.0,5394.0,3558.0,6694.0,2337.0,2866.0,1491.0,1799.0,1796.0,1799.0,1847.0,1824.0,1813.0,6041.0,5539.0,5228.0,2337.0,2866.0,1491.0,1799.0,1796.0,1799.0
0.0,14882.0,5465.0,5396.0,4764.0,7403.0,3006.0,3055.0,1342.0,1799.0,1797.0,1800.0,1824.0,1826.0,1815.0,4859.0,4318.0,5705.0,3006.0,3055.0,1342.0,1799.0,1797.0,1800.0
0.0,14181.0,5439.0,5398.0,6694.0,6156.0,2510.0,2015.0,1631.0,1800.0,1798.0,1800.0,1837.0,1822.0,1780.0,4190.0,4133.0,5858.0,2510.0,2015.0,1631.0,1800.0,1798.0,1800.0
0.0,15436.0,5598.0,5403.0,7403.0,4371.0,1396.0,828.0,2147.0,1801.0,1800.0,1802.0,1888.0,1860.0,1850.0,4690.0,5177.0,5569.0,1396.0,828.0,2147.0,1801.0,1800.0,1802.0
0.0,17241.0,5550.0,5406.0,6156.0,3777.0,745.0,676.0,2356.0,1802.0,1801.0,1803.0,1855.0,1859.0,1836.0,5808.0,6372.0,5061.0,745.0,676.0,2356.0,1802.0,1801.0,1803.0
0.0,17847.0,5403.0,5407.0,4371.0,4813.0,1143.0,1663.0,2007.0,1802.0,1802.0,1803.0,1794.0,1811.0,1798.0,6463.0,6528.0,4856.0,1143.0,1663.0,2007.0,1802.0,1802.0,1803.0
0.0,16815.0,5481.0,5409.0,3777.0,6525.0,2227.0,2844.0,1454.0,1802.0,1803.0,1804.0,1829.0,1853.0,1799.0,6065.0,5545.0,5205.0,2227.0,2844.0,1454.0,1802.0,1803.0,1804.0
0.0,15111.0,5448.0,5411.0,4813.0,7168.0,2905.0,3016.0,1247.0,1803.0,1804.0,1804.0,1817.0,1831.0,1800.0,4981.0,4368.0,5762.0,2905.0,3016.0,1247.0,1803.0,1804.0,1804.0
0.0,14476.0,5428.0,5412.0,6525.0,6075.0,2485.0,2003.0,1587.0,1803.0,1805.0,1804.0,1807.0,1827.0,1794.0,4307.0,4200.0,5969.0,2485.0,2003.0,1587.0,1803.0,1805.0,1804.0
0.0,15573.0,5502.0,5416.0,7168.0,4425.0,1430.0,838.0,2157.0,1804.0,1807.0,1805.0,1846.0,1843.0,1813.0,4727.0,5217.0,5629.0,1430.0,838.0,2157.0,1804.0,1807.0,1805.0
0.0,17239.0,5515.0,5417.0,6075.0,3869.0,787.0,698.0,2384.0,1805.0,1807.0,1805.0,1838.0,1863.0,1814.0,5786.0,6390.0,5063.0,787.0,698.0,2384.0,1805.0,1807.0,1805.0
0.0,17799.0,5532.0,5421.0,4425.0,4992.0,1204.0,1737.0,2051.0,1806.0,1809.0,1806.0,1843.0,1869.0,1820.0,6433.0,6530.0,4836.0,1204.0,1737.0,2051.0,1806.0,1809.0,1806.0
0.0,16692.0,5471.0,5422.0,3869.0,6598.0,2246.0,2868.0,1484.0,1807.0,1809.0,1806.0,1825.0,1829.0,1817.0,6020.0,5499.0,5173.0,2246.0,2868.0,1484.0,1807.0,1809.0,1806.0
0.0,15090.0,5497.0,5426.0,4992.0,7119.0,2868.0,2971.0,1280.0,1808.0,1811.0,1807.0,1822.0,1832.0,1843.0,4982.0,4368.0,5740.0,2868.0,2971.0,1280.0,1808.0,1811.0,1807.0
0.0,14585.0,5410.0,5428.0,6598.0,5939.0,2387.0,1929.0,1623.0,1808.0,1812.0,1808.0,1765.0,1822.0,1823.0,4364.0,4273.0,5948.0,2387.0,1929.0,1623.0,1808.0,1812.0,1808.0
0.0,15773.0,5441.0,5427.0,7119.0,4257.0,1340.0,754.0,2163.0,1808.0,1811.0,1808.0,1821.0,1800.0,1820.0,4845.0,5319.0,5609.0,1340.0,754.0,2163.0,1808.0,1811.0,1808.0
0.0,17451.0,5431.0,5429.0,5939.0,3757.0,756.0,635.0,2366.0,1809.0,1811.0,1809.0,1799.0,1810.0,1822.0,5892.0,6490.0,5069.0,756.0,635.0,2366.0,1809.0,1811.0,1809.0
0.0,17959.0,5438.0,5429.0,4257.0,4938.0,1226.0,1700.0,2012.0,1809.0,1811.0,1809.0,1810.0,1819.0,1809.0,6480.0,6609.0,4870.0,1226.0,1700.0,2012.0,1809.0,1811.0,1809.0
0.0,16778.0,5459.0,5428.0,3757.0,6636.0,2298.0,2872.0,1466.0,1809.0,1811.0,1808.0,1828.0,1807.0,1824.0,6010.0,5544.0,5224.0,2298.0,2872.0,1466.0,1809.0,1811.0,1808.0
0.0,15076.0,5567.0,5430.0,4938.0,7273.0,2948.0,3001.0,1324.0,1810.0,1811.0,1809.0,1872.0,1829.0,1866.0,4938.0,4372.0,5766.0,2948.0,3001.0,1324.0,1810.0,1811.0,1809.0
0.0,14447.0,5517.0,5432.0,6636.0,6162.0,2508.0,1958.0,1696.0,1811.0,1811.0,1810.0,1854.0,1829.0,1834.0,4292.0,4243.0,5912.0,2508.0,1958.0,1696.0,1811.0,1811.0,1810.0
0.0,15566.0,5403.0,5432.0,7273.0,4292.0,1351.0,751.0,2190.0,1811.0,1811.0,1810.0,1791.0,1794.0,1818.0,4736.0,5286.0,5544.0,1351.0,751.0,2190.0,1811.0,1811.0,1810.0
0.0,17436.0,5504.0,5433.0,6162.0,3638.0,675.0,626.0,2337.0,1811.0,1811.0,1811.0,1832.0,1833.0,1839.0,5893.0,6493.0,5050.0,675.0,626.0,2337.0,1811.0,1811.0,1811.0
0.0,18094.0,5412.0,5435.0,4292.0,4766.0,1145.0,1658.0,1963.0,1812.0,1811.0,1812.0,1817.0,1783.0,1812.0,6569.0,6618.0,4907.0,1145.0,1658.0,1963.0,1812.0,1811.0,1812.0
0.0,16974.0,5411.0,5435.0,3638.0,6539.0,2275.0,2835.0,1429.0,1812.0,1811.0,1812.0,1805.0,1803.0,1803.0,6103.0,5586.0,5285.0,2275.0,2835.0,1429.0,1812.0,1811.0,1812.0
0.0,15201.0,5493.0,5437.0,4766.0,7274.0,2968.0,3010.0,1296.0,1813.0,1812.0,1812.0,1834.0,1829.0,1830.0,4973.0,4409.0,5819.0,2968.0,3010.0,1296.0,1813.0,1812.0,1812.0
0.0,14474.0,5515.0,5440.0,6539.0,6262.0,2535.0,2002.0,1725.0,1814.0,1812.0,1814.0,1838.0,1827.0,1850.0,4284.0,4238.0,5952.0,2535.0,2002.0,1725.0,1814.0,1812.0,1814.0
0.0,15498.0,5507.0,5442.0,7274.0,4503.0,1423.0,805.0,2275.0,1815.0,1813.0,1814.0,1852.0,1809.0,1846.0,4721.0,5246.0,5531.0,1423.0,805.0,2275.0,1815.0,1813.0,1814.0
0.0,17265.0,5530.0,5444.0,6262.0,3779.0,709.0,653.0,2417.0,1815.0,1814.0,1815.0,1821.0,1846.0,1863.0,5837.0,6447.0,4981.0,709.0,653.0,2417.0,1815.0,1814.0,1815.0
0.0,17997.0,5564.0,5447.0,4503.0,4852.0,1141.0,1710.0,2001.0,1816.0,1815.0,1816.0,1851.0,1858.0,1855.0,6551.0,6603.0,4843.0,1141.0,1710.0,2001.0,1816.0,1815.0,1816.0
0.0,16936.0,5510.0,5448.0,3779.0,6587.0,2262.0,2893.0,1432.0,1816.0,1815.0,1817.0,1830.0,1836.0,1844.0,6123.0,5550.0,5263.0,2262.0,2893.0,1432.0,1816.0,1815.0,1817.0
0.0,15205.0,5460.0,5451.0,4852.0,7207.0,2944.0,3023.0,1240.0,1817.0,1817.0,1817.0,1819.0,1832.0,1809.0,5002.0,4367.0,5836.0,2944.0,3023.0,1240.0,1817.0,1817.0,1817.0
0.0,14597.0,5498.0,5454.0,6587.0,6130.0,2520.0,1956.0,1654.0,1818.0,1818.0,1818.0,1834.0,1822.0,1842.0,4324.0,4245.0,6028.0,2520.0,1956.0,1654.0,1818.0,1818.0,1818.0
0.0,15686.0,5475.0,5456.0,7207.0,4406.0,1378.0,761.0,2267.0,1818.0,1819.0,1819.0,1802.0,1824.0,1849.0,4752.0,5316.0,5618.0,1378.0,761.0,2267.0,1818.0,1819.0,1819.0
0.0,17418.0,5468.0,5456.0,6130.0,3744.0,687.0,646.0,2411.0,1818.0,1820.0,1818.0,1829.0,1837.0,1802.0,5894.0,6515.0,5009.0,687.0,646.0,2411.0,1818.0,1820.0,1818.0
0.0,18080.0,5430.0,5457.0,4406.0,4772.0,1096.0,1693.0,1983.0,1818.0,1820.0,1819.0,1787.0,1808.0,1835.0,6585.0,6634.0,4861.0,1096.0,1693.0,1983.0,1818.0,1820.0,1819.0
0.0,17056.0,5580.0,5462.0,3744.0,6628.0,2287.0,2921.0,1420.0,1820.0,1822.0,1820.0,1870.0,1866.0,1844.0,6176.0,5587.0,5293.0,2287.0,2921.0,1420.0,1820.0,1822.0,1820.0
0.0,15220.0,5412.0,5465.0,4772.0,7280.0,2984.0,3054.0,1242.0,1821.0,1823.0,1821.0,1789.0,1822.0,1801.0,4993.0,4367.0,5860.0,2984.0,3054.0,1242.0,1821.0,1823.0,1821.0
0.0,14580.0,5396.0,5465.0,6628.0,6048.0,2512.0,1930.0,1606.0,1822.0,1823.0,1820.0,1811.0,1797.0,1788.0,4300.0,4238.0,6042.0,2512.0,1930.0,1606.0,1822.0,1823.0,1820.0
0.0,15812.0,5480.0,5467.0,7280.0,4256.0,1346.0,728.0,2182.0,1822.0,1824.0,1821.0,1818.0,1848.0,1814.0,4776.0,5362.0,5674.0,1346.0,728.0,2182.0,1822.0,1824.0,1821.0
0.0,17612.0,5403.0,5466.0,6048.0,3607.0,617.0,625.0,2365.0,1822.0,1824.0,1820.0,1783.0,1827.0,1793.0,5942.0,6568.0,5102.0,617.0,625.0,2365.0,1822.0,1824.0,1820.0
0.0,18257.0,5334.0,5465.0,4256.0,4681.0,1028.0,1692.0,1961.0,1821.0,1824.0,1820.0,1761.0,1795.0,1778.0,6671.0,6671.0,4915.0,1028.0,1692.0,1961.0,1821.0,1824.0,1820.0
0.0,17179.0,5479.0,5465.0,3607.0,6553.0,2208.0,2934.0,1411.0,1820.0,1825.0,1820.0,1801.0,1863.0,1815.0,6256.0,5604.0,5319.0,2208.0,2934.0,1411.0,1820.0,1825.0,1820.0
0.0,15307.0,5541.0,5465.0,4681.0,7413.0,3013.0,3108.0,1292.0,1820.0,1826.0,1819.0,1833.0,1862.0,1846.0,5072.0,4366.0,5869.0,3013.0,3108.0,1292.0,1820.0,1826.0,1819.0
0.0,14447.0,5414.0,5466.0,6553.0,6278.0,2616.0,1980.0,1682.0,1821.0,1826.0,1819.0,1807.0,1806.0,1801.0,4267.0,4196.0,5984.0,2616.0,1980.0,1682.0,1821.0,1826.0,1819.0
0.0,15586.0,5483.0,5466.0,7413.0,4348.0,1434.0,704.0,2210.0,1821.0,1826.0,1819.0,1831.0,1832.0,1820.0,4668.0,5324.0,5594.0,1434.0,704.0,2210.0,1821.0,1826.0,1819.0
0.0,17516.0,5481.0,5468.0,6278.0,3559.0,658.0,562.0,2339.0,1822.0,1827.0,1819.0,1836.0,1834.0,1811.0,5850.0,6600.0,5066.0,658.0,562.0,2339.0,1822.0,1827.0,1819.0
0.0,18313.0,5430.0,5470.0,4348.0,4649.0,1048.0,1684.0,1917.0,1823.0,1828.0,1819.0,1820.0,1822.0,1788.0,6630.0,6746.0,4937.0,1048.0,1684.0,1917.0,1823.0,1828.0,1819.0
0.0,17231.0,5465.0,5471.0,3559.0,6559.0,2225.0,2946.0,1388.0,1823.0,1828.0,1820.0,1835.0,1824.0,1806.0,6244.0,5628.0,5359.0,2225.0,2946.0,1388.0,1823.0,1828.0,1820.0
0.0,15325.0,5601.0,5476.0,4649.0,7531.0,3071.0,3140.0,1320.0,1825.0,1830.0,1821.0,1886.0,1870.0,1845.0,5067.0,4366.0,5892.0,3071.0,3140.0,1320.0,1825.0,1830.0,1821.0
0.0,14373.0,5530.0,5478.0,6559.0,6510.0,2715.0,2046.0,1749.0,1826.0,1831.0,1821.0,1865.0,1848.0,1817.0,4229.0,4180.0,5964.0,2715.0,2046.0,1749.0,1826.0,1831.0,1821.0
0.0,15402.0,5456.0,5476.0,7531.0,4427.0,1493.0,679.0,2255.0,1826.0,1829.0,1821.0,1849.0,1781.0,1826.0,4589.0,5278.0,5535.0,1493.0,679.0,2255.0,1826.0,1829.0,1821.0
0.0,17477.0,5568.0,5477.0,6510.0,3489.0,655.0,480.0,2354.0,1827.0,1829.0,1821.0,1873.0,1847.0,1848.0,5811.0,6637.0,5029.0,655.0,480.0,2354.0,1827.0,1829.0,1821.0
0.0,18419.0,5617.0,5480.0,4427.0,4691.0,1058.0,1668.0,1965.0,1828.0,1830.0,1822.0,1892.0,1863.0,1862.0,6653.0,6836.0,4930.0,1058.0,1668.0,1965.0,1828.0,1830.0,1822.0
0.0,17229.0,5532.0,5482.0,3489.0,6742.0,2280.0,3011.0,1451.0,1829.0,1830.0,1823.0,1873.0,1823.0,1836.0,6254.0,5652.0,5323.0,2280.0,3011.0,1451.0,1829.0,1830.0,1823.0
0.0,15186.0,5450.0,5479.0,4691.0,7489.0,3062.0,3155.0,1272.0,1828.0,1829.0,1822.0,1844.0,1816.0,1790.0,5036.0,4309.0,5841.0,3062.0,3155.0,1272.0,1828.0,1829.0,1822.0
0.0,14427.0,5538.0,5479.0,6742.0,6285.0,2632.0,1995.0,1658.0,1828.0,1829.0,1822.0,1850.0,1851.0,1837.0,4250.0,4161.0,6016.0,2632.0,1995.0,1658.0,1828.0,1829.0,1822.0
0.0,15631.0,5553.0,5482.0,7489.0,4361.0,1448.0,686.0,2227.0,1829.0,1830.0,1823.0,1874.0,1842.0,1837.0,4680.0,5321.0,5630.0,1448.0,686.0,2227.0,1829.0,1830.0,1823.0
0.0,17567.0,5492.0,5483.0,6285.0,3572.0,677.0,499.0,2396.0,1830.0,1829.0,1824.0,1857.0,1812.0,1823.0,5868.0,6634.0,5065.0,677.0,499.0,2396.0,1830.0,1829.0,1824.0
0.0,18360.0,5484.0,5482.0,4361.0,4691.0,1076.0,1603.0,2012.0,1830.0,1828.0,1824.0,1847.0,1794.0,1843.0,6643.0,6817.0,4900.0,1076.0,1603.0,2012.0,1830.0,1828.0,1824.0
0.0,17237.0,5541.0,5484.0,3572.0,6668.0,2263.0,2940.0,1465.0,1831.0,1828.0,1825.0,1860.0,1836.0,1845.0,6244.0,5709.0,5284.0,2263.0,2940.0,1465.0,1831.0,1828.0,1825.0
0.0,15268.0,5421.0,5483.0,4691.0,7394.0,2983.0,3153.0,1258.0,1830.0,1828.0,1825.0,1800.0,1816.0,1805.0,5061.0,4372.0,5835.0,2983.0,3153.0,1258.0,1830.0,1828.0,1825.0
0.0,14538.0,5552.0,5485.0,6668.0,6286.0,2571.0,2073.0,1642.0,1831.0,1828.0,1826.0,1847.0,1860.0,1845.0,4337.0,4159.0,6042.0,2571.0,2073.0,1642.0,1831.0,1828.0,1826.0
0.0,15654.0,5530.0,5485.0,7394.0,4422.0,1427.0,738.0,2257.0,1831.0,1827.0,1827.0,1839.0,1822.0,1869.0,4753.0,5239.0,5662.0,1427.0,738.0,2257.0,1831.0,1827.0,1827.0
0.0,17518.0,5438.0,5484.0,6286.0,3570.0,663.0,477.0,2430.0,1830.0,1827.0,1827.0,1811.0,1812.0,1815.0,5897.0,6570.0,5051.0,663.0,477.0,2430.0,1830.0,1827.0,1827.0
0.0,18366.0,5439.0,5482.0,4422.0,4579.0,1049.0,1543.0,1987.0,1830.0,1826.0,1826.0,1813.0,1808.0,1818.0,6657.0,6831.0,4878.0,1049.0,1543.0,1987.0,1830.0,1826.0,1826.0
0.0,17349.0,5499.0,5484.0,3570.0,6516.0,2200.0,2908.0,1408.0,1831.0,1826.0,1827.0,1810.0,1842.0,1847.0,6271.0,5761.0,5317.0,2200.0,2908.0,1408.0,1831.0,1826.0,1827.0
0.0,15420.0,5526.0,5485.0,4579.0,7467.0,2994.0,3203.0,1270.0,1831.0,1827.0,1827.0,1843.0,1834.0,1849.0,5124.0,4396.0,5900.0,2994.0,3203.0,1270.0,1831.0,1827.0,1827.0
0.0,14473.0,5574.0,5488.0,6516.0,6537.0,2638.0,2164.0,1735.0,1832.0,1828.0,1828.0,1840.0,1865.0,1869.0,4330.0,4105.0,6038.0,2638.0,2164.0,1735.0,1832.0,1828.0,1828.0
0.0,15415.0,5473.0,5489.0,7467.0,4547.0,1466.0,777.0,2304.0,1832.0,1828.0,1829.0,1822.0,1816.0,1835.0,4690.0,5148.0,5577.0,1466.0,777.0,2304.0,1832.0,1828.0,1829.0
0.0,17409.0,5544.0,5492.0,6537.0,3566.0,667.0,454.0,2445.0,1833.0,1829.0,1830.0,1835.0,1837.0,1872.0,5862.0,6535.0,5012.0,667.0,454.0,2445.0,1833.0,1829.0,1830.0
0.0,18402.0,5556.0,5491.0,4547.0,4571.0,1031.0,1522.0,2018.0,1832.0,1829.0,1830.0,1834.0,1845.0,1877.0,6665.0,6862.0,4875.0,1031.0,1522.0,2018.0,1832.0,1829.0,1830.0
0.0,17393.0,5557.0,5491.0,3566.0,6562.0,2194.0,2931.0,1437.0,1831.0,1830.0,1830.0,1834.0,1859.0,1864.0,6297.0,5794.0,5302.0,2194.0,2931.0,1437.0,1831.0,1830.0,1830.0
0.0,15402.0,5528.0,5494.0,4571.0,7531.0,3007.0,3256.0,1268.0,1832.0,1831.0,1831.0,1840.0,1843.0,1845.0,5130.0,4389.0,5883.0,3007.0,3256.0,1268.0,1832.0,1831.0,1831.0
0.0,14445.0,5600.0,5496.0,6562.0,6577.0,2660.0,2191.0,1726.0,1833.0,1831.0,1832.0,1843.0,1866.0,1891.0,4321.0,4068.0,6056.0,2660.0,2191.0,1726.0,1833.0,1831.0,1832.0
0.0,15407.0,5542.0,5498.0,7531.0,4596.0,1503.0,783.0,2310.0,1833.0,1832.0,1833.0,1850.0,1844.0,1848.0,4672.0,5133.0,5602.0,1503.0,783.0,2310.0,1833.0,1832.0,1833.0
0.0,17396.0,5521.0,5500.0,6577.0,3548.0,676.0,445.0,2427.0,1834.0,1833.0,1833.0,1829.0,1849.0,1843.0,5829.0,6545.0,5022.0,676.0,445.0,2427.0,1834.0,1833.0,1833.0
0.0,18452.0,5540.0,5501.0,4596.0,4496.0,1004.0,1493.0,1999.0,1834.0,1833.0,1834.0,1831.0,1831.0,1878.0,6660.0,6887.0,4905.0,1004.0,1493.0,1999.0,1834.0,1833.0,1834.0
0.0,17508.0,5533.0,5501.0,3548.0,6481.0,2187.0,2872.0,1422.0,1834.0,1833.0,1834.0,1859.0,1824.0,1850.0,6332.0,5839.0,5337.0,2187.0,2872.0,1422.0,1834.0,1833.0,1834.0
0.0,15523.0,5451.0,5500.0,4496.0,7432.0,2980.0,3200.0,1252.0,1833.0,1833.0,1834.0,1801.0,1821.0,1829.0,5149.0,4460.0,5914.0,2980.0,3200.0,1252.0,1833.0,1833.0,1834.0
0.0,14568.0,5559.0,5502.0,6481.0,6518.0,2646.0,2182.0,1690.0,1834.0,1834.0,1834.0,1849.0,1850.0,1860.0,4352.0,4132.0,6084.0,2646.0,2182.0,1690.0,1834.0,1834.0,1834.0
0.0,15490.0,5512.0,5500.0,7432.0,4590.0,1493.0,802.0,2295.0,1833.0,1833.0,1834.0,1831.0,1824.0,1857.0,4690.0,5154.0,5646.0,1493.0,802.0,2295.0,1833.0,1833.0,1834.0
0.0,17410.0,5495.0,5500.0,6518.0,3567.0,666.0,467.0,2434.0,1833.0,1833.0,1834.0,1819.0,1847.0,1829.0,5839.0,6530.0,5041.0,666.0,467.0,2434.0,1833.0,1833.0,1834.0
0.0,18433.0,5460.0,5500.0,4590.0,4437.0,989.0,1499.0,1949.0,1833.0,1833.0,1834.0,1816.0,1834.0,1810.0,6666.0,6865.0,4902.0,989.0,1499.0,1949.0,1833.0,1833.0,1834.0
0.0,17563.0,5458.0,5499.0,3567.0,6324.0,2140.0,2852.0,1332.0,1833.0,1833.0,1833.0,1817.0,1820.0,1821.0,6343.0,5833.0,5387.0,2140.0,2852.0,1332.0,1833.0,1833.0,1833.0
0.0,15672.0,5565.0,5501.0,4437.0,7460.0,3016.0,3213.0,1231.0,1834.0,1834.0,1833.0,1861.0,1856.0,1848.0,5192.0,4480.0,6000.0,3016.0,3213.0,1231.0,1834.0,1834.0,1833.0
0.0,14544.0,5576.0,5502.0,6324.0,6716.0,2742.0,2226.0,1748.0,1834.0,1834.0,1834.0,1866.0,1865.0,1845.0,4320.0,4123.0,6101.0,2742.0,2226.0,1748.0,1834.0,1834.0,1834.0
0.0,15292.0,5572.0,5505.0,7460.0,4840.0,1564.0,885.0,2391.0,1835.0,1835.0,1835.0,1834.0,1868.0,1870.0,4594.0,5110.0,5588.0,1564.0,885.0,2391.0,1835.0,1835.0,1835.0
0.0,17180.0,5500.0,5504.0,6716.0,3620.0,674.0,462.0,2484.0,1835.0,1834.0,1835.0,1852.0,1807.0,1841.0,5776.0,6455.0,4949.0,674.0,462.0,2484.0,1835.0,1834.0,1835.0
0.0,18396.0,5461.0,5505.0,4840.0,4245.0,952.0,1394.0,1899.0,1836.0,1834.0,1835.0,1838.0,1817.0,1806.0,6666.0,6874.0,4856.0,952.0,1394.0,1899.0,1836.0,1834.0,1835.0
0.0,17775.0,5598.0,5509.0,3620.0,6239.0,2140.0,2809.0,1290.0,1837.0,1836.0,1836.0,1858.0,1869.0,1871.0,6392.0,5942.0,5441.0,2140.0,2809.0,1290.0,1837.0,1836.0,1836.0
0.0,15797.0,5529.0,5509.0,4245.0,7523.0,3031.0,3248.0,1244.0,1837.0,1835.0,1837.0,1843.0,1837.0,1849.0,5208.0,4535.0,6054.0,3031.0,3248.0,1244.0,1837.0,1835.0,1837.0
0.0,14513.0,5520.0,5512.0,6239.0,6816.0,2743.0,2272.0,1801.0,1839.0,1835.0,1838.0,1844.0,1833.0,1843.0,4317.0,4092.0,6104.0,2743.0,2272.0,1801.0,1839.0,1835.0,1838.0
0.0,15232.0,5430.0,5515.0,7523.0,4735.0,1530.0,835.0,2370.0,1840.0,1836.0,1839.0,1814.0,1807.0,1809.0,4613.0,5068.0,5551.0,1530.0,835.0,2370.0,1840.0,1836.0,1839.0
0.0,17325.0,5511.0,5514.0,6816.0,3426.0,614.0,398.0,2414.0,1840.0,1835.0,1839.0,1827.0,1839.0,1845.0,5830.0,6509.0,4986.0,614.0,398.0,2414.0,1840.0,1835.0,1839.0
0.0,18630.0,5537.0,5514.0,4735.0,4228.0,933.0,1413.0,1882.0,1840.0,1835.0,1839.0,1849.0,1850.0,1838.0,6746.0,6942.0,4942.0,933.0,1413.0,1882.0,1840.0,1835.0,1839.0
0.0,17828.0,5519.0,5517.0,3426.0,6333.0,2164.0,2864.0,1305.0,1841.0,1836.0,1840.0,1841.0,1845.0,1833.0,6427.0,5927.0,5474.0,2164.0,2864.0,1305.0,1841.0,1836.0,1840.0
0.0,15735.0,5560.0,5517.0,4228.0,7665.0,3084.0,3303.0,1278.0,1841.0,1836.0,1840.0,1853.0,1852.0,1855.0,5200.0,4480.0,6055.0,3084.0,3303.0,1278.0,1841.0,1836.0,1840.0
0.0,14403.0,5627.0,5520.0,6333.0,6971.0,2814.0,2314.0,1843.0,1842.0,1837.0,1841.0,1890.0,1871.0,1866.0,4280.0,4041.0,6082.0,2814.0,2314.0,1843.0,1842.0,1837.0,1841.0
0.0,15109.0,5591.0,5524.0,7665.0,4913.0,1605.0,880.0,2428.0,1843.0,1838.0,1843.0,1871.0,1865.0,1855.0,4554.0,5034.0,5521.0,1605.0,880.0,2428.0,1843.0,1838.0,1843.0
0.0,17183.0,5477.0,5524.0,6971.0,3419.0,611.0,412.0,2396.0,1843.0,1838.0,1843.0,1820.0,1846.0,1811.0,5767.0,6472.0,4944.0,611.0,412.0,2396.0,1843.0,1838.0,1843.0
0.0,18677.0,5508.0,5522.0,4913.0,4006.0,839.0,1360.0,1807.0,1842.0,1837.0,1843.0,1837.0,1832.0,1839.0,6761.0,6940.0,4976.0,839.0,1360.0,1807.0,1842.0,1837.0,1843.0
0.0,18082.0,5548.0,5522.0,3419.0,6135.0,2085.0,2796.0,1254.0,1842.0,1837.0,1843.0,1857.0,1848.0,1843.0,6529.0,5988.0,5565.0,2085.0,2796.0,1254.0,1842.0,1837.0,1843.0
0.0,15953.0,5633.0,5526.0,4006.0,7778.0,3131.0,3325.0,1322.0,1843.0,1839.0,1844.0,1881.0,1881.0,1871.0,5283.0,4552.0,6118.0,3131.0,3325.0,1322.0,1843.0,1839.0,1844.0
0.0,14326.0,5511.0,5525.0,6135.0,7150.0,2892.0,2360.0,1898.0,1842.0,1839.0,1844.0,1850.0,1831.0,1830.0,4241.0,4031.0,6054.0,2892.0,2360.0,1898.0,1842.0,1839.0,1844.0
0.0,14950.0,5553.0,5524.0,7778.0,4921.0,1620.0,887.0,2414.0,1842.0,1839.0,1843.0,1859.0,1852.0,1842.0,4476.0,4996.0,5478.0,1620.0,887.0,2414.0,1842.0,1839.0,1843.0
0.0,17175.0,5542.0,5524.0,7150.0,3313.0,564.0,400.0,2349.0,1841.0,1840.0,1843.0,1840.0,1869.0,1833.0,5748.0,6469.0,4958.0,564.0,400.0,2349.0,1841.0,1840.0,1843.0
0.0,18783.0,5653.0,5528.0,4921.0,4061.0,835.0,1416.0,1810.0,1842.0,1841.0,1845.0,1887.0,1899.0,1867.0,6800.0,6960.0,5023.0,835.0,1416.0,1810.0,1842.0,1841.0,1845.0
0.0,18051.0,5590.0,5529.0,3313.0,6342.0,2154.0,2895.0,1293.0,1842.0,1842.0,1845.0,1883.0,1875.0,1832.0,6533.0,5948.0,5570.0,2154.0,2895.0,1293.0,1842.0,1842.0,1845.0
0.0,15774.0,5775.0,5533.0,4061.0,8072.0,3239.0,3430.0,1403.0,1843.0,1844.0,1846.0,1916.0,1943.0,1916.0,5214.0,4473.0,6087.0,3239.0,3430.0,1403.0,1843.0,1844.0,1846.0
0.0,14060.0,5604.0,5536.0,6342.0,7346.0,2965.0,2418.0,1963.0,1844.0,1845.0,1847.0,1876.0,1879.0,1849.0,4133.0,3946.0,5981.0,2965.0,2418.0,1963.0,1844.0,1845.0,1847.0
0.0,14798.0,5683.0,5539.0,8072.0,4969.0,1596.0,901.0,2472.0,1844.0,1847.0,1848.0,1870.0,1905.0,1908.0,4411.0,4962.0,5425.0,1596.0,901.0,2472.0,1844.0,1847.0,1848.0
0.0,17187.0,5667.0,5541.0,7346.0,3298.0,504.0,409.0,2385.0,1844.0,1849.0,1848.0,1873.0,1918.0,1876.0,5780.0,6487.0,4920.0,504.0,409.0,2385.0,1844.0,1849.0,1848.0
0.0,18866.0,5782.0,5548.0,4969.0,4139.0,812.0,1455.0,1872.0,1846.0,1851.0,1851.0,1896.0,1939.0,1947.0,6872.0,6987.0,5007.0,812.0,1455.0,1872.0,1846.0,1851.0,1851.0
0.0,18053.0,5686.0,5551.0,3298.0,6539.0,2196.0,2958.0,1385.0,1847.0,1852.0,1852.0,1884.0,1908.0,1894.0,6572.0,5949.0,5532.0,2196.0,2958.0,1385.0,1847.0,1852.0,1852.0
0.0,15665.0,5646.0,5554.0,4139.0,8058.0,3261.0,3385.0,1412.0,1848.0,1853.0,1853.0,1873.0,1878.0,1895.0,5192.0,4450.0,6023.0,3261.0,3385.0,1412.0,1848.0,1853.0,1853.0
0.0,14158.0,5613.0,5557.0,6539.0,7144.0,2933.0,2296.0,1915.0,1849.0,1854.0,1854.0,1864.0,1865.0,1884.0,4131.0,4027.0,6000.0,2933.0,2296.0,1915.0,1849.0,1854.0,1854.0
0.0,15084.0,5643.0,5561.0,8058.0,4745.0,1549.0,810.0,2386.0,1850.0,1856.0,1855.0,1873.0,1891.0,1879.0,4463.0,5120.0,5501.0,1549.0,810.0,2386.0,1850.0,1856.0,1855.0
0.0,17499.0,5671.0,5564.0,7144.0,3284.0,496.0,421.0,2367.0,1851.0,1857.0,1856.0,1876.0,1903.0,1892.0,5851.0,6614.0,5034.0,496.0,421.0,2367.0,1851.0,1857.0,1856.0
0.0,18972.0,5705.0,5567.0,4745.0,4256.0,833.0,1522.0,1901.0,1852.0,1858.0,1857.0,1882.0,1907.0,1916.0,6908.0,7007.0,5057.0,833.0,1522.0,1901.0,1852.0,1858.0,1857.0
0.0,18012.0,5605.0,5567.0,3284.0,6577.0,2185.0,2977.0,1415.0,1852.0,1858.0,1857.0,1848.0,1876.0,1881.0,6575.0,5910.0,5527.0,2185.0,2977.0,1415.0,1852.0,1858.0,1857.0
0.0,15691.0,5719.0,5572.0,4256.0,8060.0,3250.0,3358.0,1452.0,1853.0,1860.0,1859.0,1894.0,1895.0,1930.0,5223.0,4455.0,6013.0,3250.0,3358.0,1452.0,1853.0,1860.0,1859.0
0.0,14228.0,5706.0,5576.0,6577.0,7205.0,2955.0,2310.0,1940.0,1854.0,1862.0,1860.0,1886.0,1921.0,1899.0,4162.0,4082.0,5984.0,2955.0,2310.0,1940.0,1854.0,1862.0,1860.0
0.0,15099.0,5642.0,5577.0,8060.0,4791.0,1579.0,832.0,2380.0,1855.0,1862.0,1860.0,1870.0,1880.0,1892.0,4461.0,5138.0,5500.0,1579.0,832.0,2380.0,1855.0,1862.0,1860.0
0.0,17517.0,5585.0,5578.0,7205.0,3175.0,494.0,362.0,2319.0,1856.0,1862.0,1860.0,1866.0,1840.0,1879.0,5841.0,6616.0,5060.0,494.0,362.0,2319.0,1856.0,1862.0,1860.0
0.0,19137.0,5661.0,5580.0,4791.0,4053.0,800.0,1401.0,1852.0,1856.0,1862.0,1862.0,1885.0,1871.0,1905.0,6930.0,7086.0,5121.0,800.0,1401.0,1852.0,1856.0,1862.0,1862.0
0.0,18267.0,5476.0,5578.0,3175.0,6346.0,2146.0,2874.0,1326.0,1856.0,1862.0,1860.0,1840.0,1835.0,1801.0,6624.0,6047.0,5596.0,2146.0,2874.0,1326.0,1856.0,1862.0,1860.0
0.0,15966.0,5557.0,5579.0,4053.0,7854.0,3216.0,3323.0,1315.0,1857.0,1862.0,1860.0,1866.0,1850.0,1841.0,5278.0,4574.0,6114.0,3216.0,3323.0,1315.0,1857.0,1862.0,1860.0
0.0,14462.0,5583.0,5580.0,6346.0,7095.0,2948.0,2304.0,1843.0,1858.0,1862.0,1860.0,1874.0,1855.0,1854.0,4212.0,4125.0,6125.0,2948.0,2304.0,1843.0,1858.0,1862.0,1860.0
0.0,15225.0,5634.0,5582.0,7854.0,4883.0,1631.0,853.0,2399.0,1859.0,1863.0,1860.0,1895.0,1868.0,1871.0,4484.0,5144.0,5597.0,1631.0,853.0,2399.0,1859.0,1863.0,1860.0
0.0,17445.0,5602.0,5582.0,7095.0,3390.0,571.0,383.0,2436.0,1859.0,1863.0,1860.0,1888.0,1834.0,1880.0,5805.0,6599.0,5041.0,571.0,383.0,2436.0,1859.0,1863.0,1860.0
0.0,18938.0,5512.0,5584.0,4883.0,4027.0,782.0,1354.0,1891.0,1860.0,1863.0,1861.0,1838.0,1824.0,1850.0,6865.0,7069.0,5004.0,782.0,1354.0,1891.0,1860.0,1863.0,1861.0
0.0,18309.0,5781.0,5588.0,3390.0,6434.0,2155.0,2891.0,1388.0,1862.0,1864.0,1862.0,1936.0,1916.0,1929.0,6658.0,6098.0,5553.0,2155.0,2891.0,1388.0,1862.0,1864.0,1862.0
0.0,15918.0,5661.0,5591.0,4027.0,8080.0,3271.0,3425.0,1384.0,1863.0,1865.0,1863.0,1894.0,1884.0,1883.0,5293.0,4565.0,6060.0,3271.0,3425.0,1384.0,1863.0,1865.0,1863.0
0.0,14284.0,5623.0,5593.0,6434.0,7277.0,3015.0,2403.0,1859.0,1864.0,1866.0,1863.0,1895.0,1865.0,1863.0,4181.0,4035.0,6068.0,3015.0,2403.0,1859.0,1864.0,1866.0,1863.0
0.0,15095.0,5617.0,5597.0,8080.0,4830.0,1640.0,828.0,2362.0,1866.0,1866.0,1865.0,1888.0,1850.0,1879.0,4441.0,5061.0,5593.0,1640.0,828.0,2362.0,1866.0,1866.0,1865.0
0.0,17558.0,5558.0,5598.0,7277.0,3115.0,497.0,261.0,2357.0,1867.0,1866.0,1865.0,1868.0,1836.0,1854.0,5824.0,6636.0,5098.0,497.0,261.0,2357.0,1867.0,1866.0,1865.0
0.0,19277.0,5618.0,5600.0,4830.0,3911.0,714.0,1317.0,1880.0,1867.0,1867.0,1866.0,1857.0,1880.0,1881.0,6971.0,7203.0,5103.0,714.0,1317.0,1880.0,1867.0,1867.0,1866.0
0.0,18489.0,5571.0,5600.0,3115.0,6367.0,2083.0,2914.0,1370.0,1867.0,1867.0,1866.0,1866.0,1858.0,1847.0,6754.0,6151.0,5584.0,2083.0,2914.0,1370.0,1867.0,1867.0,1866.0
0.0,16033.0,5630.0,5600.0,3911.0,8086.0,3243.0,3474.0,1369.0,1867.0,1867.0,1866.0,1874.0,1877.0,1879.0,5385.0,4554.0,6094.0,3243.0,3474.0,1369.0,1867.0,1867.0,1866.0
0.0,14314.0,5453.0,5599.0,6367.0,7168.0,2992.0,2369.0,1807.0,1867.0,1867.0,1865.0,1832.0,1809.0,1812.0,4225.0,3994.0,6095.0,2992.0,2369.0,1807.0,1867.0,1867.0,1865.0
0.0,15228.0,5537.0,5600.0,8086.0,4623.0,1600.0,738.0,2285.0,1867.0,1867.0,1866.0,1851.0,1843.0,1843.0,4476.0,5099.0,5653.0,1600.0,738.0,2285.0,1867.0,1867.0,1866.0
0.0,17777.0,5542.0,5599.0,7168.0,2993.0,471.0,220.0,2302.0,1867.0,1867.0,1865.0,1863.0,1851.0,1828.0,5868.0,6730.0,5179.0,471.0,220.0,2302.0,1867.0,1867.0,1865.0
0.0,19403.0,5742.0,5603.0,4623.0,4128.0,802.0,1396.0,1930.0,1869.0,1868.0,1866.0,1923.0,1910.0,1909.0,6997.0,7248.0,5158.0,802.0,1396.0,1930.0,1869.0,1868.0,1866.0
0.0,18284.0,5546.0,5604.0,2993.0,6685.0,2169.0,3053.0,1463.0,1869.0,1869.0,1866.0,1838.0,1873.0,1835.0,6674.0,6076.0,5534.0,2169.0,3053.0,1463.0,1869.0,1869.0,1866.0
0.0,15731.0,5742.0,5610.0,4128.0,8323.0,3274.0,3601.0,1448.0,1870.0,1872.0,1868.0,1903.0,1932.0,1907.0,5307.0,4423.0,6001.0,3274.0,3601.0,1448.0,1870.0,1872.0,1868.0
0.0,14117.0,5568.0,5611.0,6685.0,7210.0,2946.0,2430.0,1834.0,1871.0,1872.0,1868.0,1837.0,1882.0,1849.0,4206.0,3887.0,6024.0,2946.0,2430.0,1834.0,1871.0,1872.0,1868.0
0.0,15234.0,5635.0,5613.0,8323.0,4530.0,1531.0,731.0,2268.0,1871.0,1873.0,1869.0,1859.0,1898.0,1878.0,4538.0,5058.0,5638.0,1531.0,731.0,2268.0,1871.0,1873.0,1869.0
0.0,17922.0,5677.0,5617.0,7210.0,3013.0,474.0,219.0,2320.0,1872.0,1875.0,1870.0,1885.0,1910.0,1882.0,5953.0,6761.0,5208.0,474.0,219.0,2320.0,1872.0,1875.0,1870.0
0.0,19455.0,5568.0,5617.0,4530.0,4051.0,785.0,1371.0,1895.0,1872.0,1875.0,1870.0,1842.0,1883.0,1843.0,7014.0,7281.0,5160.0,785.0,1371.0,1895.0,1872.0,1875.0,1870.0
0.0,18417.0,5663.0,5617.0,3013.0,6701.0,2189.0,3065.0,1447.0,1871.0,1876.0,1870.0,1882.0,1909.0,1872.0,6703.0,6129.0,5585.0,2189.0,3065.0,1447.0,1871.0,1876.0,1870.0
0.0,15767.0,5612.0,5617.0,4051.0,8262.0,3256.0,3582.0,1424.0,1871.0,1876.0,1870.0,1852.0,1888.0,1872.0,5295.0,4439.0,6033.0,3256.0,3582.0,1424.0,1871.0,1876.0,1870.0
0.0,14206.0,5644.0,5621.0,6701.0,7221.0,2958.0,2395.0,1868.0,1872.0,1877.0,1872.0,1887.0,1874.0,1883.0,4228.0,3922.0,6056.0,2958.0,2395.0,1868.0,1872.0,1877.0,1872.0
0.0,15263.0,5696.0,5624.0,8262.0,4667.0,1610.0,730.0,2327.0,1874.0,1878.0,1872.0,1900.0,1913.0,1883.0,4530.0,5113.0,5620.0,1610.0,730.0,2327.0,1874.0,1878.0,1872.0
0.0,17829.0,5667.0,5627.0,7221.0,3125.0,538.0,221.0,2366.0,1874.0,1879.0,1874.0,1886.0,1882.0,1899.0,5886.0,6782.0,5161.0,538.0,221.0,2366.0,1874.0,1879.0,1874.0
0.0,19383.0,5656.0,5627.0,4667.0,4114.0,823.0,1378.0,1913.0,1874.0,1879.0,1874.0,1895.0,1887.0,1874.0,6958.0,7295.0,5130.0,823.0,1378.0,1913.0,1874.0,1879.0,1874.0
0.0,18394.0,5586.0,5629.0,3125.0,6583.0,2179.0,3013.0,1391.0,1875.0,1880.0,1874.0,1890.0,1852.0,1844.0,6673.0,6138.0,5583.0,2179.0,3013.0,1391.0,1875.0,1880.0,1874.0
0.0,15933.0,5741.0,5632.0,4114.0,8222.0,3277.0,3543.0,1402.0,1876.0,1881.0,1875.0,1917.0,1904.0,1920.0,5321.0,4507.0,6105.0,3277.0,3543.0,1402.0,1876.0,1881.0,1875.0
0.0,14306.0,5615.0,5634.0,6583.0,7262.0,2971.0,2414.0,1877.0,1877.0,1881.0,1876.0,1869.0,1884.0,1862.0,4227.0,3981.0,6098.0,2971.0,2414.0,1877.0,1877.0,1881.0,1876.0
0.0,15274.0,5662.0,5634.0,8222.0,4702.0,1581.0,743.0,2378.0,1877.0,1880.0,1877.0,1887.0,1876.0,1899.0,4537.0,5110.0,5627.0,1581.0,743.0,2378.0,1877.0,1880.0,1877.0
0.0,17834.0,5587.0,5634.0,7262.0,3027.0,489.0,180.0,2358.0,1877.0,1880.0,1877.0,1879.0,1851.0,1857.0,5927.0,6777.0,5130.0,489.0,180.0,2358.0,1877.0,1880.0,1877.0
0.0,19509.0,5651.0,5631.0,4702.0,3964.0,780.0,1290.0,1894.0,1876.0,1878.0,1877.0,1876.0,1861.0,1914.0,7019.0,7340.0,5150.0,780.0,1290.0,1894.0,1876.0,1878.0,1877.0
0.0,18560.0,5776.0,5635.0,3027.0,6729.0,2211.0,3030.0,1488.0,1877.0,1879.0,1879.0,1916.0,1916.0,1944.0,6724.0,6222.0,5614.0,2211.0,3030.0,1488.0,1877.0,1879.0,1879.0
0.0,15811.0,5749.0,5636.0,3964.0,8518.0,3360.0,3630.0,1528.0,1878.0,1879.0,1879.0,1925.0,1890.0,1934.0,5297.0,4486.0,6028.0,3360.0,3630.0,1528.0,1878.0,1879.0,1879.0
0.0,14026.0,5684.0,5637.0,6729.0,7477.0,3071.0,2461.0,1945.0,1879.0,1878.0,1880.0,1918.0,1865.0,1901.0,4152.0,3886.0,5988.0,3071.0,2461.0,1945.0,1879.0,1878.0,1880.0
0.0,15071.0,5568.0,5632.0,8518.0,4507.0,1561.0,660.0,2286.0,1878.0,1876.0,1878.0,1854.0,1837.0,1877.0,4445.0,5051.0,5575.0,1561.0,660.0,2286.0,1878.0,1876.0,1878.0
0.0,18021.0,5766.0,5633.0,7477.0,2800.0,397.0,122.0,2281.0,1878.0,1876.0,1879.0,1907.0,1923.0,1936.0,5951.0,6844.0,5226.0,397.0,122.0,2281.0,1878.0,1876.0,1879.0
0.0,19732.0,5787.0,5636.0,4507.0,4092.0,758.0,1396.0,1938.0,1879.0,1877.0,1880.0,1918.0,1930.0,1939.0,7115.0,7382.0,5235.0,758.0,1396.0,1938.0,1879.0,1877.0,1880.0
0.0,18452.0,5680.0,5638.0,2800.0,6980.0,2230.0,3161.0,1589.0,1879.0,1878.0,1881.0,1869.0,1883.0,1928.0,6758.0,6112.0,5582.0,2230.0,3161.0,1589.0,1879.0,1878.0,1881.0
0.0,15572.0,5635.0,5637.0,4092.0,8519.0,3334.0,3632.0,1553.0,1879.0,1877.0,1881.0,1862.0,1871.0,1902.0,5286.0,4351.0,5935.0,3334.0,3632.0,1553.0,1879.0,1877.0,1881.0
0.0,14029.0,5742.0,5639.0,6980.0,7289.0,2991.0,2400.0,1898.0,1879.0,1878.0,1882.0,1887.0,1925.0,1930.0,4182.0,3876.0,5971.0,2991.0,2400.0,1898.0,1879.0,1878.0,1882.0
0.0,15267.0,5757.0,5640.0,8519.0,4531.0,1568.0,687.0,2276.0,1880.0,1878.0,1882.0,1907.0,1919.0,1931.0,4525.0,5112.0,5630.0,1568.0,687.0,2276.0,1880.0,1878.0,1882.0
0.0,18029.0,5693.0,5643.0,7289.0,2947.0,473.0,204.0,2270.0,1881.0,1879.0,1883.0,1892.0,1913.0,1888.0,5952.0,6825.0,5252.0,473.0,204.0,2270.0,1881.0,1879.0,1883.0
0.0,19625.0,5603.0,5640.0,4531.0,4007.0,760.0,1370.0,1877.0,1880.0,1878.0,1882.0,1859.0,1857.0,1887.0,7051.0,7312.0,5262.0,760.0,1370.0,1877.0,1880.0,1878.0,1882.0
0.0,18553.0,5632.0,5638.0,2947.0,6684.0,2136.0,3030.0,1518.0,1879.0,1877.0,1882.0,1853.0,1868.0,1911.0,6760.0,6142.0,5651.0,2136.0,3030.0,1518.0,1879.0,1877.0,1882.0
0.0,15868.0,5846.0,5642.0,4007.0,8539.0,3316.0,3591.0,1632.0,1880.0,1878.0,1884.0,1936.0,1927.0,1983.0,5380.0,4478.0,6010.0,3316.0,3591.0,1632.0,1880.0,1878.0,1884.0
0.0,14029.0,5634.0,5643.0,6684.0,7493.0,3062.0,2439.0,1992.0,1881.0,1878.0,1884.0,1878.0,1878.0,1878.0,4204.0,3921.0,5904.0,3062.0,2439.0,1992.0,1881.0,1878.0,1884.0
0.0,15079.0,5709.0,5644.0,8539.0,4667.0,1634.0,769.0,2264.0,1881.0,1879.0,1884.0,1888.0,1917.0,1904.0,4462.0,5073.0,5544.0,1634.0,769.0,2264.0,1881.0,1879.0,1884.0
0.0,17909.0,5748.0,5649.0,7493.0,2942.0,484.0,254.0,2204.0,1882.0,1881.0,1886.0,1908.0,1916.0,1924.0,5890.0,6747.0,5272.0,484.0,254.0,2204.0,1882.0,1881.0,1886.0
0.0,19654.0,5735.0,5653.0,4667.0,4026.0,750.0,1407.0,1869.0,1883.0,1882.0,1888.0,1896.0,1918.0,1921.0,7044.0,7270.0,5340.0,750.0,1407.0,1869.0,1883.0,1882.0,1888.0
0.0,18586.0,5676.0,5654.0,2942.0,6764.0,2165.0,3062.0,1537.0,1883.0,1883.0,1888.0,1899.0,1905.0,1872.0,6782.0,6121.0,5683.0,2165.0,3062.0,1537.0,1883.0,1883.0,1888.0
0.0,15852.0,5792.0,5658.0,4026.0,8546.0,3339.0,3612.0,1595.0,1884.0,1885.0,1889.0,1920.0,1949.0,1923.0,5367.0,4470.0,6015.0,3339.0,3612.0,1595.0,1884.0,1885.0,1889.0
0.0,14086.0,5703.0,5659.0,6764.0,7489.0,3087.0,2448.0,1954.0,1884.0,1886.0,1889.0,1913.0,1894.0,1896.0,4197.0,3928.0,5961.0,3087.0,2448.0,1954.0,1884.0,1886.0,1889.0
0.0,15147.0,5590.0,5661.0,8546.0,4541.0,1625.0,706.0,2210.0,1885.0,1887.0,1889.0,1873.0,1866.0,1851.0,4449.0,5096.0,5602.0,1625.0,706.0,2210.0,1885.0,1887.0,1889.0
0.0,18103.0,5800.0,5661.0,7489.0,2852.0,490.0,203.0,2159.0,1885.0,1887.0,1889.0,1952.0,1945.0,1903.0,5915.0,6842.0,5346.0,490.0,203.0,2159.0,1885.0,1887.0,1889.0
0.0,19792.0,5689.0,5661.0,4541.0,4000.0,763.0,1390.0,1847.0,1885.0,1887.0,1889.0,1898.0,1893.0,1898.0,7050.0,7345.0,5397.0,763.0,1390.0,1847.0,1885.0,1887.0,1889.0
0.0,18644.0,5637.0,5662.0,2852.0,6789.0,2154.0,3084.0,1551.0,1885.0,1888.0,1889.0,1881.0,1893.0,1863.0,6777.0,6158.0,5709.0,2154.0,3084.0,1551.0,1885.0,1888.0,1889.0
0.0,15859.0,5754.0,5665.0,4000.0,8555.0,3319.0,3604.0,1632.0,1886.0,1889.0,1890.0,1924.0,1906.0,1924.0,5386.0,4468.0,6005.0,3319.0,3604.0,1632.0,1886.0,1889.0,1890.0
0.0,14105.0,5650.0,5666.0,6789.0,7420.0,3069.0,2432.0,1919.0,1886.0,1890.0,1890.0,1904.0,1908.0,1838.0,4225.0,3952.0,5928.0,3069.0,2432.0,1919.0,1886.0,1890.0,1890.0
0.0,15244.0,5638.0,5667.0,8555.0,4507.0,1634.0,725.0,2148.0,1887.0,1891.0,1889.0,1880.0,1893.0,1865.0,4475.0,5128.0,5641.0,1634.0,725.0,2148.0,1887.0,1891.0,1889.0
0.0,18161.0,5677.0,5669.0,7420.0,2772.0,451.0,205.0,2116.0,1887.0,1892.0,1890.0,1886.0,1908.0,1883.0,5914.0,6839.0,5408.0,451.0,205.0,2116.0,1887.0,1892.0,1890.0
0.0,19904.0,5702.0,5670.0,4507.0,3971.0,730.0,1397.0,1844.0,1888.0,1892.0,1890.0,1909.0,1917.0,1876.0,7097.0,7363.0,5444.0,730.0,1397.0,1844.0,1888.0,1892.0,1890.0
0.0,18709.0,5714.0,5675.0,2772.0,6933.0,2186.0,3107.0,1640.0,1889.0,1894.0,1892.0,1903.0,1907.0,1904.0,6822.0,6171.0,5716.0,2186.0,3107.0,1640.0,1889.0,1894.0,1892.0
0.0,15767.0,5662.0,5678.0,3971.0,8636.0,3336.0,3606.0,1694.0,1890.0,1895.0,1893.0,1876.0,1892.0,1894.0,5370.0,4469.0,5928.0,3336.0,3606.0,1694.0,1890.0,1895.0,1893.0
0.0,14076.0,5672.0,5680.0,6933.0,7383.0,3034.0,2373.0,1976.0,1890.0,1896.0,1894.0,1884.0,1870.0,1918.0,4224.0,3974.0,5878.0,3034.0,2373.0,1976.0,1890.0,1896.0,1894.0
0.0,15337.0,5640.0,5678.0,8636.0,4379.0,1561.0,651.0,2167.0,1889.0,1895.0,1894.0,1867.0,1888.0,1885.0,4526.0,5211.0,5600.0,1561.0,651.0,2167.0,1889.0,1895.0,1894.0
0.0,18333.0,5723.0,5682.0,7383.0,2735.0,421.0,195.0,2119.0,1890.0,1896.0,1896.0,1890.0,1913.0,1920.0,5995.0,6929.0,5409.0,421.0,195.0,2119.0,1890.0,1896.0,1896.0
0.0,19993.0,5757.0,5682.0,4379.0,4113.0,776.0,1466.0,1871.0,1890.0,1896.0,1896.0,1916.0,1922.0,1919.0,7139.0,7389.0,5465.0,776.0,1466.0,1871.0,1890.0,1896.0,1896.0
0.0,18615.0,5686.0,5684.0,2735.0,7072.0,2250.0,3156.0,1666.0,1891.0,1896.0,1897.0,1891.0,1885.0,1910.0,6784.0,6118.0,5713.0,2250.0,3156.0,1666.0,1891.0,1896.0,1897.0
0.0,15664.0,5729.0,5685.0,4113.0,8692.0,3380.0,3613.0,1699.0,1892.0,1896.0,1897.0,1902.0,1923.0,1904.0,5314.0,4428.0,5922.0,3380.0,3613.0,1699.0,1892.0,1896.0,1897.0
0.0,14048.0,5673.0,5686.0,7072.0,7297.0,3024.0,2350.0,1923.0,1892.0,1896.0,1898.0,1894.0,1893.0,1886.0,4188.0,3971.0,5889.0,3024.0,2350.0,1923.0,1892.0,1896.0,1898.0
0.0,15447.0,5730.0,5689.0,8692.0,4347.0,1574.0,646.0,2127.0,1894.0,1896.0,1899.0,1922.0,1909.0,1899.0,4544.0,5234.0,5669.0,1574.0,646.0,2127.0,1894.0,1896.0,1899.0
0.0,18409.0,5686.0,5689.0,7297.0,2736.0,458.0,181.0,2097.0,1894.0,1896.0,1899.0,1908.0,1885.0,1893.0,6002.0,6938.0,5469.0,458.0,181.0,2097.0,1894.0,1896.0,1899.0
0.0,20020.0,5583.0,5689.0,4347.0,3972.0,728.0,1409.0,1835.0,1894.0,1896.0,1899.0,1844.0,1874.0,1865.0,7118.0,7403.0,5499.0,728.0,1409.0,1835.0,1894.0,1896.0,1899.0
0.0,18784.0,5642.0,5688.0,2736.0,6874.0,2155.0,3087.0,1632.0,1894.0,1895.0,1899.0,1885.0,1863.0,1894.0,6848.0,6175.0,5761.0,2155.0,3087.0,1632.0,1894.0,1895.0,1899.0
0.0,15878.0,5788.0,5691.0,3972.0,8702.0,3357.0,3611.0,1734.0,1895.0,1896.0,1900.0,1926.0,1929.0,1933.0,5421.0,4493.0,5964.0,3357.0,3611.0,1734.0,1895.0,1896.0,1900.0
0.0,14062.0,5771.0,5693.0,6874.0,7607.0,3144.0,2425.0,2038.0,1896.0,1896.0,1901.0,1938.0,1901.0,1932.0,4223.0,3973.0,5866.0,3144.0,2425.0,2038.0,1896.0,1896.0,1901.0
0.0,15165.0,5813.0,5696.0,8702.0,4730.0,1735.0,753.0,2242.0,1897.0,1897.0,1902.0,1944.0,1935.0,1934.0,4440.0,5159.0,5566.0,1735.0,753.0,2242.0,1897.0,1897.0,1902.0
0.0,18054.0,5729.0,5698.0,7607.0,2860.0,524.0,224.0,2112.0,1897.0,1898.0,1903.0,1933.0,1892.0,1904.0,5853.0,6835.0,5366.0,524.0,224.0,2112.0,1897.0,1898.0,1903.0
0.0,19932.0,5808.0,5699.0,4730.0,3942.0,734.0,1396.0,1812.0,1898.0,1898.0,1903.0,1941.0,1925.0,1942.0,7064.0,7368.0,5500.0,734.0,1396.0,1812.0,1898.0,1898.0,1903.0
0.0,18854.0,5765.0,5702.0,2860.0,6859.0,2108.0,3094.0,1657.0,1898.0,1899.0,1905.0,1898.0,1918.0,1949.0,6858.0,6196.0,5800.0,2108.0,3094.0,1657.0,1898.0,1899.0,1905.0
0.0,15949.0,5724.0,5704.0,3942.0,8649.0,3287.0,3613.0,1749.0,1899.0,1900.0,1905.0,1909.0,1911.0,1904.0,5484.0,4502.0,5963.0,3287.0,3613.0,1749.0,1899.0,1900.0,1905.0
0.0,14167.0,5788.0,5707.0,6859.0,7590.0,3122.0,2451.0,2017.0,1900.0,1901.0,1906.0,1939.0,1928.0,1921.0,4309.0,3987.0,5871.0,3122.0,2451.0,2017.0,1900.0,1901.0,1906.0
0.0,15238.0,5851.0,5711.0,8649.0,4808.0,1792.0,793.0,2223.0,1901.0,1903.0,1907.0,1953.0,1947.0,1951.0,4478.0,5153.0,5607.0,1792.0,793.0,2223.0,1901.0,1903.0,1907.0
0.0,18036.0,5833.0,5712.0,7590.0,3055.0,609.0,280.0,2166.0,1902.0,1903.0,1907.0,1935.0,1938.0,1960.0,5812.0,6819.0,5405.0,609.0,280.0,2166.0,1902.0,1903.0,1907.0
0.0,19793.0,5712.0,5712.0,4808.0,3959.0,716.0,1401.0,1842.0,1901.0,1904.0,1907.0,1903.0,1910.0,1899.0,6999.0,7332.0,5462.0,716.0,1401.0,1842.0,1901.0,1904.0,1907.0
0.0,18889.0,5747.0,5713.0,3055.0,6655.0,2042.0,3026.0,1587.0,1902.0,1904.0,1907.0,1931.0,1905.0,1911.0,6888.0,6215.0,5786.0,2042.0,3026.0,1587.0,1902.0,1904.0,1907.0
0.0,16197.0,5778.0,5717.0,3959.0,8490.0,3232.0,3556.0,1702.0,1903.0,1906.0,1908.0,1902.0,1923.0,1953.0,5566.0,4590.0,6041.0,3232.0,3556.0,1702.0,1903.0,1906.0,1908.0
0.0,14378.0,5752.0,5717.0,6655.0,7587.0,3097.0,2453.0,2037.0,1903.0,1906.0,1908.0,1907.0,1923.0,1922.0,4380.0,4068.0,5930.0,3097.0,2453.0,2037.0,1903.0,1906.0,1908.0
0.0,15281.0,5780.0,5716.0,8490.0,4873.0,1760.0,836.0,2277.0,1902.0,1906.0,1908.0,1899.0,1939.0,1942.0,4515.0,5171.0,5595.0,1760.0,836.0,2277.0,1902.0,1906.0,1908.0
0.0,17991.0,5813.0,5719.0,7587.0,3111.0,583.0,327.0,2201.0,1903.0,1907.0,1909.0,1916.0,1940.0,1957.0,5848.0,6788.0,5355.0,583.0,327.0,2201.0,1903.0,1907.0,1909.0
0.0,19765.0,5698.0,5721.0,4873.0,3944.0,719.0,1393.0,1832.0,1904.0,1908.0,1909.0,1892.0,1898.0,1908.0,7029.0,7301.0,5435.0,719.0,1393.0,1832.0,1904.0,1908.0,1909.0
0.0,18940.0,5729.0,5721.0,3111.0,6562.0,2038.0,2981.0,1543.0,1904.0,1908.0,1909.0,1902.0,1915.0,1912.0,6897.0,6239.0,5804.0,2038.0,2981.0,1543.0,1904.0,1908.0,1909.0
0.0,16322.0,5777.0,5721.0,3944.0,8395.0,3218.0,3535.0,1642.0,1904.0,1908.0,1909.0,1899.0,1947.0,1931.0,5578.0,4651.0,6093.0,3218.0,3535.0,1642.0,1904.0,1908.0,1909.0
0.0,14489.0,5718.0,5721.0,6562.0,7551.0,3068.0,2472.0,2011.0,1904.0,1908.0,1909.0,1888.0,1918.0,1912.0,4398.0,4097.0,5994.0,3068.0,2472.0,2011.0,1904.0,1908.0,1909.0
0.0,15333.0,5695.0,5722.0,8395.0,4855.0,1738.0,859.0,2258.0,1904.0,1909.0,1909.0,1888.0,1918.0,1889.0,4548.0,5160.0,5625.0,1738.0,859.0,2258.0,1904.0,1909.0,1909.0
0.0,18033.0,5696.0,5724.0,7551.0,3008.0,584.0,280.0,2144.0,1905.0,1910.0,1909.0,1910.0,1889.0,1897.0,5878.0,6777.0,5378.0,584.0,280.0,2144.0,1905.0,1910.0,1909.0
0.0,19888.0,5804.0,5723.0,4855.0,3953.0,785.0,1368.0,1800.0,1905.0,1910.0,1908.0,1939.0,1947.0,1918.0,7036.0,7360.0,5492.0,785.0,1368.0,1800.0,1905.0,1910.0,1908.0
0.0,18939.0,5787.0,5726.0,3008.0,6744.0,2151.0,3019.0,1574.0,1907.0,1911.0,1908.0,1942.0,1927.0,1918.0,6835.0,6272.0,5832.0,2151.0,3019.0,1574.0,1907.0,1911.0,1908.0
0.0,16160.0,5851.0,5729.0,3953.0,8654.0,3321.0,3618.0,1715.0,1908.0,1912.0,1909.0,1951.0,1963.0,1937.0,5477.0,4625.0,6058.0,3321.0,3618.0,1715.0,1908.0,1912.0,1909.0
0.0,14262.0,5692.0,5727.0,6744.0,7594.0,3076.0,2486.0,2032.0,1908.0,1911.0,1908.0,1906.0,1891.0,1895.0,4311.0,4030.0,5921.0,3076.0,2486.0,2032.0,1908.0,1911.0,1908.0
0.0,15314.0,5772.0,5728.0,8654.0,4716.0,1668.0,803.0,2245.0,1908.0,1912.0,1908.0,1913.0,1931.0,1928.0,4556.0,5158.0,5600.0,1668.0,803.0,2245.0,1908.0,1912.0,1908.0
0.0,18196.0,5757.0,5730.0,7594.0,2887.0,532.0,235.0,2120.0,1909.0,1912.0,1909.0,1936.0,1918.0,1903.0,5964.0,6845.0,5387.0,532.0,235.0,2120.0,1909.0,1912.0,1909.0
0.0,20033.0,5816.0,5730.0,4716.0,3987.0,837.0,1351.0,1799.0,1910.0,1911.0,1909.0,1969.0,1923.0,1924.0,7104.0,7413.0,5516.0,837.0,1351.0,1799.0,1910.0,1911.0,1909.0
0.0,18933.0,5668.0,5730.0,2887.0,6768.0,2208.0,3010.0,1550.0,1910.0,1911.0,1909.0,1903.0,1894.0,1871.0,6803.0,6293.0,5837.0,2208.0,3010.0,1550.0,1910.0,1911.0,1909.0
0.0,16152.0,5867.0,5735.0,3987.0,8668.0,3357.0,3623.0,1688.0,1912.0,1913.0,1910.0,1978.0,1956.0,1933.0,5432.0,4634.0,6086.0,3357.0,3623.0,1688.0,1912.0,1913.0,1910.0
0.0,14272.0,5770.0,5735.0,6768.0,7670.0,3098.0,2530.0,2042.0,1912.0,1913.0,1910.0,1949.0,1917.0,1904.0,4291.0,4029.0,5952.0,3098.0,2530.0,2042.0,1912.0,1913.0,1910.0
0.0,15270.0,5827.0,5737.0,8668.0,4837.0,1704.0,840.0,2293.0,1913.0,1913.0,1911.0,1959.0,1933.0,1935.0,4550.0,5122.0,5598.0,1704.0,840.0,2293.0,1913.0,1913.0,1911.0
0.0,18111.0,5704.0,5738.0,7670.0,2875.0,514.0,192.0,2169.0,1913.0,1913.0,1912.0,1908.0,1882.0,1914.0,5948.0,6812.0,5351.0,514.0,192.0,2169.0,1913.0,1913.0,1912.0
0.0,20077.0,5701.0,5738.0,4837.0,3739.0,712.0,1239.0,1788.0,1913.0,1913.0,1912.0,1902.0,1887.0,1912.0,7138.0,7460.0,5479.0,712.0,1239.0,1788.0,1913.0,1913.0,1912.0
0.0,19213.0,5747.0,5739.0,2875.0,6615.0,2116.0,2959.0,1540.0,1913.0,1913.0,1913.0,1918.0,1912.0,1917.0,6940.0,6413.0,5860.0,2116.0,2959.0,1540.0,1913.0,1913.0,1913.0
0.0,16341.0,5648.0,5739.0,3739.0,8524.0,3275.0,3620.0,1629.0,1913.0,1913.0,1913.0,1871.0,1900.0,1877.0,5536.0,4693.0,6112.0,3275.0,3620.0,1629.0,1913.0,1913.0,1913.0
0.0,14432.0,5641.0,5738.0,6615.0,7546.0,3066.0,2511.0,1969.0,1913.0,1912.0,1913.0,1907.0,1854.0,1880.0,4377.0,4032.0,6023.0,3066.0,2511.0,1969.0,1913.0,1912.0,1913.0
0.0,15406.0,5781.0,5741.0,8524.0,4815.0,1770.0,799.0,2246.0,1915.0,1912.0,1914.0,1971.0,1908.0,1902.0,4586.0,5137.0,5683.0,1770.0,799.0,2246.0,1915.0,1912.0,1914.0
0.0,18149.0,5565.0,5738.0,7546.0,2822.0,565.0,123.0,2134.0,1914.0,1911.0,1913.0,1865.0,1839.0,1861.0,5890.0,6849.0,5410.0,565.0,123.0,2134.0,1914.0,1911.0,1913.0
0.0,20130.0,5653.0,5737.0,4815.0,3656.0,676.0,1184.0,1796.0,1914.0,1910.0,1913.0,1881.0,1864.0,1908.0,7091.0,7521.0,5518.0,676.0,1184.0,1796.0,1914.0,1910.0,1913.0
0.0,19292.0,5732.0,5738.0,2822.0,6570.0,2019.0,2984.0,1567.0,1914.0,1911.0,1913.0,1908.0,1919.0,1905.0,6980.0,6456.0,5856.0,2019.0,2984.0,1567.0,1914.0,1911.0,1913.0
0.0,16382.0,5798.0,5742.0,3656.0,8728.0,3298.0,3729.0,1701.0,1916.0,1912.0,1914.0,1947.0,1925.0,1926.0,5637.0,4660.0,6085.0,3298.0,3729.0,1701.0,1916.0,1912.0,1914.0
0.0,14240.0,5749.0,5742.0,6570.0,7907.0,3199.0,2663.0,2045.0,1916.0,1912.0,1914.0,1920.0,1918.0,1911.0,4366.0,3919.0,5955.0,3199.0,2663.0,2045.0,1916.0,1912.0,1914.0
0.0,15061.0,5805.0,5743.0,8728.0,4988.0,1840.0,871.0,2277.0,1917.0,1912.0,1914.0,1935.0,1937.0,1933.0,4465.0,4985.0,5611.0,1840.0,871.0,2277.0,1917.0,1912.0,1914.0
0.0,17984.0,5765.0,5744.0,7907.0,2850.0,555.0,149.0,2146.0,1917.0,1913.0,1914.0,1914.0,1937.0,1914.0,5828.0,6777.0,5379.0,555.0,149.0,2146.0,1917.0,1913.0,1914.0
0.0,20126.0,5827.0,5747.0,4988.0,3701.0,647.0,1231.0,1823.0,1918.0,1914.0,1915.0,1928.0,1949.0,1950.0,7113.0,7503.0,5510.0,647.0,1231.0,1823.0,1918.0,1914.0,1915.0
0.0,19287.0,5736.0,5748.0,2850.0,6591.0,1980.0,3033.0,1578.0,1918.0,1915.0,1915.0,1888.0,1947.0,1901.0,7025.0,6425.0,5837.0,1980.0,3033.0,1578.0,1918.0,1915.0,1915.0
0.0,16401.0,5758.0,5749.0,3701.0,8652.0,3251.0,3720.0,1681.0,1918.0,1915.0,1916.0,1918.0,1918.0,1922.0,5692.0,4627.0,6082.0,3251.0,3720.0,1681.0,1918.0,1915.0,1916.0
0.0,14344.0,5803.0,5751.0,6591.0,7872.0,3191.0,2633.0,2048.0,1918.0,1916.0,1917.0,1920.0,1942.0,1941.0,4421.0,3940.0,5983.0,3191.0,2633.0,2048.0,1918.0,1916.0,1917.0
0.0,15132.0,5760.0,5754.0,8652.0,4992.0,1844.0,834.0,2314.0,1919.0,1917.0,1918.0,1900.0,1917.0,1943.0,4481.0,5031.0,5620.0,1844.0,834.0,2314.0,1919.0,1917.0,1918.0
0.0,18024.0,5834.0,5757.0,7872.0,2966.0,562.0,159.0,2245.0,1919.0,1918.0,1920.0,1909.0,1954.0,1971.0,5832.0,6834.0,5358.0,562.0,159.0,2245.0,1919.0,1918.0,1920.0
0.0,20062.0,5891.0,5759.0,4992.0,3873.0,691.0,1294.0,1888.0,1920.0,1919.0,1920.0,1969.0,1965.0,1957.0,7114.0,7513.0,5435.0,691.0,1294.0,1888.0,1920.0,1919.0,1920.0
0.0,19163.0,5930.0,5762.0,2966.0,6849.0,2131.0,3104.0,1614.0,1921.0,1920.0,1921.0,1998.0,1965.0,1967.0,6989.0,6382.0,5792.0,2131.0,3104.0,1614.0,1921.0,1920.0,1921.0
0.0,16199.0,5891.0,5764.0,3873.0,8875.0,3398.0,3783.0,1694.0,1922.0,1921.0,1921.0,1954.0,1969.0,1968.0,5553.0,4576.0,6070.0,3398.0,3783.0,1694.0,1922.0,1921.0,1921.0
0.0,14181.0,5854.0,5766.0,6849.0,7888.0,3215.0,2636.0,2037.0,1922.0,1922.0,1922.0,1948.0,1953.0,1953.0,4290.0,3901.0,5990.0,3215.0,2636.0,2037.0,1922.0,1922.0,1922.0
0.0,15176.0,5876.0,5768.0,8875.0,4897.0,1769.0,823.0,2305.0,1922.0,1923.0,1923.0,1952.0,1966.0,1958.0,4473.0,5052.0,5651.0,1769.0,823.0,2305.0,1922.0,1923.0,1923.0
0.0,18175.0,5797.0,5768.0,7888.0,2806.0,497.0,130.0,2179.0,1923.0,1923.0,1922.0,1939.0,1943.0,1915.0,5919.0,6869.0,5387.0,497.0,130.0,2179.0,1923.0,1923.0,1922.0
0.0,20266.0,5889.0,5771.0,4897.0,3810.0,703.0,1262.0,1845.0,1924.0,1924.0,1923.0,1971.0,1951.0,1967.0,7195.0,7562.0,5509.0,703.0,1262.0,1845.0,1924.0,1924.0,1923.0
0.0,19274.0,5913.0,5774.0,2806.0,6929.0,2185.0,3103.0,1641.0,1925.0,1925.0,1924.0,1975.0,1967.0,1971.0,6993.0,6434.0,5847.0,2185.0,3103.0,1641.0,1925.0,1925.0,1924.0
0.0,16167.0,5848.0,5774.0,3810.0,8967.0,3435.0,3786.0,1746.0,1925.0,1925.0,1924.0,1953.0,1945.0,1950.0,5515.0,4597.0,6055.0,3435.0,3786.0,1746.0,1925.0,1925.0,1924.0
0.0,14129.0,5938.0,5776.0,6929.0,7984.0,3218.0,2670.0,2096.0,1925.0,1926.0,1925.0,1968.0,1983.0,1987.0,4265.0,3914.0,5950.0,3218.0,2670.0,2096.0,1925.0,1926.0,1925.0
0.0,15120.0,5974.0,5781.0,8967.0,5011.0,1771.0,891.0,2349.0,1927.0,1928.0,1926.0,1980.0,1999.0,1995.0,4482.0,5034.0,5604.0,1771.0,891.0,2349.0,1927.0,1928.0,1926.0
0.0,18113.0,5864.0,5782.0,7984.0,2895.0,506.0,173.0,2216.0,1927.0,1928.0,1927.0,1953.0,1952.0,1959.0,5937.0,6821.0,5355.0,506.0,173.0,2216.0,1927.0,1928.0,1927.0
0.0,20233.0,5792.0,5784.0,5011.0,3684.0,658.0,1220.0,1806.0,1928.0,1929.0,1927.0,1919.0,1934.0,1939.0,7202.0,7539.0,5492.0,658.0,1220.0,1806.0,1928.0,1929.0,1927.0
0.0,19452.0,5898.0,5786.0,2895.0,6695.0,2097.0,3028.0,1570.0,1928.0,1930.0,1928.0,1945.0,1977.0,1976.0,7054.0,6496.0,5902.0,2097.0,3028.0,1570.0,1928.0,1930.0,1928.0
0.0,16449.0,5831.0,5787.0,3684.0,8846.0,3381.0,3756.0,1709.0,1929.0,1930.0,1928.0,1938.0,1948.0,1945.0,5615.0,4692.0,6142.0,3381.0,3756.0,1709.0,1929.0,1930.0,1928.0
0.0,14302.0,5739.0,5786.0,6695.0,7886.0,3197.0,2609.0,2080.0,1929.0,1929.0,1928.0,1913.0,1885.0,1941.0,4335.0,3964.0,6003.0,3197.0,2609.0,2080.0,1929.0,1929.0,1928.0
0.0,15258.0,5758.0,5786.0,8846.0,4798.0,1725.0,770.0,2303.0,1929.0,1929.0,1928.0,1909.0,1917.0,1932.0,4519.0,5107.0,5632.0,1725.0,770.0,2303.0,1929.0,1929.0,1928.0
0.0,18346.0,5866.0,5789.0,7886.0,2790.0,487.0,107.0,2196.0,1930.0,1930.0,1929.0,1955.0,1942.0,1969.0,5991.0,6946.0,5409.0,487.0,107.0,2196.0,1930.0,1930.0,1929.0
0.0,20366.0,5929.0,5792.0,4798.0,3933.0,714.0,1315.0,1904.0,1931.0,1930.0,1931.0,1948.0,1978.0,2003.0,7233.0,7613.0,5520.0,714.0,1315.0,1904.0,1931.0,1930.0,1931.0
0.0,19235.0,5853.0,5795.0,2790.0,7008.0,2170.0,3177.0,1661.0,1932.0,1931.0,1932.0,1939.0,1965.0,1949.0,7010.0,6405.0,5820.0,2170.0,3177.0,1661.0,1932.0,1931.0,1932.0
0.0,16172.0,5793.0,5797.0,3933.0,8876.0,3385.0,3812.0,1679.0,1933.0,1932.0,1932.0,1925.0,1946.0,1922.0,5558.0,4547.0,6067.0,3385.0,3812.0,1679.0,1933.0,1932.0,1932.0
0.0,14312.0,5869.0,5800.0,7008.0,7749.0,3174.0,2599.0,1976.0,1934.0,1933.0,1933.0,1955.0,1960.0,1954.0,4347.0,3916.0,6049.0,3174.0,2599.0,1976.0,1934.0,1933.0,1933.0
0.0,15451.0,5871.0,5801.0,8876.0,4748.0,1746.0,737.0,2265.0,1934.0,1933.0,1934.0,1957.0,1950.0,1964.0,4562.0,5133.0,5756.0,1746.0,737.0,2265.0,1934.0,1933.0,1934.0
0.0,18456.0,5891.0,5804.0,7749.0,2902.0,550.0,97.0,2255.0,1935.0,1934.0,1935.0,1974.0,1955.0,1962.0,5990.0,6995.0,5471.0,550.0,97.0,2255.0,1935.0,1934.0,1935.0
0.0,20314.0,5682.0,5800.0,4748.0,3820.0,712.0,1245.0,1863.0,1934.0,1932.0,1934.0,1912.0,1893.0,1877.0,7190.0,7639.0,5485.0,712.0,1245.0,1863.0,1934.0,1932.0,1934.0
0.0,19380.0,5703.0,5800.0,2902.0,6621.0,2074.0,3049.0,1498.0,1934.0,1932.0,1934.0,1912.0,1901.0,1890.0,7024.0,6483.0,5873.0,2074.0,3049.0,1498.0,1934.0,1932.0,1934.0
0.0,16579.0,5775.0,5801.0,3820.0,8580.0,3297.0,3728.0,1555.0,1935.0,1932.0,1934.0,1931.0,1924.0,1920.0,5662.0,4679.0,6238.0,3297.0,3728.0,1555.0,1935.0,1932.0,1934.0
0.0,14624.0,5681.0,5799.0,6621.0,7632.0,3139.0,2575.0,1918.0,1934.0,1932.0,1933.0,1920.0,1896.0,1865.0,4443.0,4000.0,6181.0,3139.0,2575.0,1918.0,1934.0,1932.0,1933.0
0.0,15564.0,5872.0,5800.0,8580.0,4928.0,1813.0,807.0,2308.0,1934.0,1933.0,1933.0,1971.0,1956.0,1945.0,4597.0,5153.0,5814.0,1813.0,807.0,2308.0,1934.0,1933.0,1933.0
0.0,18272.0,5742.0,5802.0,7632.0,3046.0,607.0,155.0,2284.0,1935.0,1933.0,1934.0,1929.0,1923.0,1890.0,5923.0,6925.0,5424.0,607.0,155.0,2284.0,1935.0,1933.0,1934.0
0.0,20162.0,5826.0,5801.0,4928.0,3940.0,738.0,1284.0,1918.0,1934.0,1933.0,1934.0,1948.0,1936.0,1942.0,7133.0,7577.0,5452.0,738.0,1284.0,1918.0,1934.0,1933.0,1934.0
0.0,19264.0,5874.0,5804.0,3046.0,6780.0,2102.0,3100.0,1578.0,1935.0,1934.0,1935.0,1967.0,1967.0,1940.0,6998.0,6448.0,5818.0,2102.0,3100.0,1578.0,1935.0,1934.0,1935.0
0.0,16436.0,5851.0,5803.0,3940.0,8687.0,3310.0,3769.0,1608.0,1934.0,1934.0,1935.0,1950.0,1953.0,1948.0,5638.0,4636.0,6162.0,3310.0,3769.0,1608.0,1934.0,1934.0,1935.0
0.0,14525.0,5836.0,5805.0,6780.0,7751.0,3173.0,2608.0,1970.0,1935.0,1935.0,1935.0,1961.0,1935.0,1940.0,4426.0,3967.0,6132.0,3173.0,2608.0,1970.0,1935.0,1935.0,1935.0
0.0,15469.0,5824.0,5808.0,8687.0,4900.0,1818.0,791.0,2291.0,1936.0,1936.0,1936.0,1951.0,1948.0,1925.0,4567.0,5132.0,5770.0,1818.0,791.0,2291.0,1936.0,1936.0,1936.0
0.0,18332.0,5729.0,5808.0,7751.0,2878.0,553.0,114.0,2211.0,1936.0,1937.0,1935.0,1908.0,1927.0,1894.0,5926.0,6953.0,5453.0,553.0,114.0,2211.0,1936.0,1937.0,1935.0
0.0,20354.0,5882.0,5813.0,4900.0,3880.0,687.0,1303.0,1890.0,1938.0,1938.0,1937.0,1944.0,1976.0,1962.0,7191.0,7634.0,5529.0,687.0,1303.0,1890.0,1938.0,1938.0,1937.0
0.0,19372.0,5815.0,5816.0,2878.0,6829.0,2067.0,3155.0,1607.0,1938.0,1940.0,1938.0,1933.0,1958.0,1924.0,7065.0,6449.0,5858.0,2067.0,3155.0,1607.0,1938.0,1940.0,1938.0
0.0,16435.0,5817.0,5816.0,3880.0,8766.0,3306.0,3794.0,1666.0,1937.0,1941.0,1938.0,1930.0,1938.0,1949.0,5685.0,4605.0,6145.0,3306.0,3794.0,1666.0,1937.0,1941.0,1938.0
0.0,14498.0,5860.0,5822.0,6829.0,7821.0,3172.0,2598.0,2051.0,1938.0,1943.0,1941.0,1929.0,1951.0,1980.0,4442.0,3970.0,6086.0,3172.0,2598.0,2051.0,1938.0,1943.0,1941.0
0.0,15467.0,5924.0,5827.0,8766.0,4999.0,1829.0,796.0,2374.0,1940.0,1945.0,1942.0,1955.0,1984.0,1985.0,4580.0,5174.0,5713.0,1829.0,796.0,2374.0,1940.0,1945.0,1942.0
0.0,18309.0,5734.0,5827.0,7821.0,2912.0,558.0,117.0,2237.0,1940.0,1945.0,1942.0,1901.0,1919.0,1914.0,5931.0,6984.0,5394.0,558.0,117.0,2237.0,1940.0,1945.0,1942.0
0.0,20396.0,5838.0,5828.0,4999.0,3755.0,654.0,1290.0,1811.0,1939.0,1946.0,1943.0,1929.0,1965.0,1944.0,7202.0,7663.0,5531.0,654.0,1290.0,1811.0,1939.0,1946.0,1943.0
0.0,19557.0,5930.0,5831.0,2912.0,6785.0,2061.0,3148.0,1576.0,1940.0,1947.0,1944.0,1961.0,1971.0,1998.0,7102.0,6494.0,5961.0,2061.0,3148.0,1576.0,1940.0,1947.0,1944.0
0.0,16539.0,5750.0,5831.0,3755.0,8780.0,3307.0,3785.0,1688.0,1940.0,1947.0,1944.0,1900.0,1927.0,1923.0,5699.0,4640.0,6200.0,3307.0,3785.0,1688.0,1940.0,1947.0,1944.0
0.0,14544.0,5832.0,5832.0,6785.0,7831.0,3167.0,2584.0,2080.0,1940.0,1947.0,1945.0,1921.0,1947.0,1964.0,4453.0,4003.0,6088.0,3167.0,2584.0,2080.0,1940.0,1947.0,1945.0
0.0,15497.0,5828.0,5832.0,8780.0,4879.0,1804.0,734.0,2341.0,1940.0,1947.0,1945.0,1944.0,1935.0,1949.0,4593.0,5204.0,5700.0,1804.0,734.0,2341.0,1940.0,1947.0,1945.0
0.0,18449.0,5872.0,5835.0,7831.0,2932.0,564.0,120.0,2248.0,1941.0,1947.0,1947.0,1923.0,1970.0,1979.0,5956.0,7054.0,5439.0,564.0,120.0,2248.0,1941.0,1947.0,1947.0
0.0,20408.0,5922.0,5838.0,4879.0,3987.0,736.0,1354.0,1897.0,1942.0,1948.0,1948.0,1972.0,1964.0,1986.0,7200.0,7668.0,5540.0,736.0,1354.0,1897.0,1942.0,1948.0,1948.0
0.0,19365.0,5904.0,5840.0,2932.0,6967.0,2147.0,3190.0,1630.0,1943.0,1948.0,1949.0,1971.0,1956.0,1977.0,7032.0,6438.0,5895.0,2147.0,3190.0,1630.0,1943.0,1948.0,1949.0
0.0,16393.0,5861.0,5841.0,3987.0,8845.0,3339.0,3794.0,1712.0,1943.0,1949.0,1949.0,1928.0,1954.0,1979.0,5625.0,4602.0,6166.0,3339.0,3794.0,1712.0,1943.0,1949.0,1949.0
0.0,14519.0,5852.0,5842.0,6967.0,7734.0,3142.0,2545.0,2047.0,1944.0,1949.0,1949.0,1946.0,1941.0,1965.0,4433.0,4002.0,6084.0,3142.0,2545.0,2047.0,1944.0,1949.0,1949.0
0.0,15634.0,5986.0,5844.0,8845.0,4883.0,1811.0,732.0,2340.0,1945.0,1949.0,1950.0,2004.0,1981.0,2001.0,4634.0,5251.0,5749.0,1811.0,732.0,2340.0,1945.0,1949.0,1950.0
0.0,18493.0,5866.0,5842.0,7734.0,3007.0,631.0,105.0,2271.0,1944.0,1948.0,1950.0,1966.0,1922.0,1978.0,5969.0,7064.0,5460.0,631.0,105.0,2271.0,1944.0,1948.0,1950.0
0.0,20361.0,5896.0,5842.0,4883.0,4020.0,786.0,1329.0,1905.0,1944.0,1948.0,1950.0,1966.0,1956.0,1974.0,7145.0,7687.0,5529.0,786.0,1329.0,1905.0,1944.0,1948.0,1950.0
0.0,19348.0,5859.0,5842.0,3007.0,6872.0,2113.0,3167.0,1592.0,1944.0,1948.0,1950.0,1958.0,1943.0,1958.0,6990.0,6463.0,5895.0,2113.0,3167.0,1592.0,1944.0,1948.0,1950.0
0.0,16496.0,5899.0,5843.0,4020.0,8755.0,3316.0,3778.0,1661.0,1945.0,1947.0,1951.0,1985.0,1944.0,1970.0,5663.0,4625.0,6208.0,3316.0,3778.0,1661.0,1945.0,1947.0,1951.0
0.0,14617.0,5977.0,5846.0,6872.0,7872.0,3194.0,2604.0,2074.0,1946.0,1948.0,1952.0,1987.0,1989.0,2001.0,4464.0,4010.0,6143.0,3194.0,2604.0,2074.0,1946.0,1948.0,1952.0
0.0,15512.0,5932.0,5847.0,8755.0,5053.0,1871.0,773.0,2409.0,1946.0,1948.0,1953.0,1993.0,1947.0,1992.0,4590.0,5188.0,5734.0,1871.0,773.0,2409.0,1946.0,1948.0,1953.0
0.0,18335.0,5991.0,5848.0,7872.0,3176.0,691.0,150.0,2335.0,1947.0,1948.0,1953.0,2010.0,1981.0,2000.0,5913.0,7019.0,5403.0,691.0,150.0,2335.0,1947.0,1948.0,1953.0
0.0,20216.0,5852.0,5849.0,5053.0,3979.0,781.0,1297.0,1901.0,1947.0,1948.0,1954.0,1961.0,1920.0,1971.0,7097.0,7642.0,5477.0,781.0,1297.0,1901.0,1947.0,1948.0,1954.0
0.0,19417.0,5921.0,5849.0,3176.0,6724.0,2069.0,3113.0,1542.0,1947.0,1948.0,1954.0,1979.0,1966.0,1976.0,7007.0,6495.0,5915.0,2069.0,3113.0,1542.0,1947.0,1948.0,1954.0
0.0,16672.0,5876.0,5847.0,3979.0,8613.0,3241.0,3764.0,1608.0,1947.0,1947.0,1953.0,1953.0,1952.0,1971.0,5719.0,4679.0,6274.0,3241.0,3764.0,1608.0,1947.0,1947.0,1953.0
0.0,14775.0,5852.0,5846.0,6724.0,7737.0,3112.0,2582.0,2043.0,1947.0,1946.0,1953.0,1940.0,1935.0,1977.0,4547.0,4024.0,6204.0,3112.0,2582.0,2043.0,1947.0,1946.0,1953.0
0.0,15647.0,5865.0,5849.0,8613.0,5001.0,1839.0,774.0,2388.0,1948.0,1947.0,1954.0,1964.0,1952.0,1949.0,4676.0,5202.0,5769.0,1839.0,774.0,2388.0,1948.0,1947.0,1954.0
0.0,18395.0,5880.0,5847.0,7737.0,3136.0,690.0,154.0,2292.0,1948.0,1946.0,1953.0,1963.0,1966.0,1951.0,5953.0,7014.0,5428.0,690.0,154.0,2292.0,1948.0,1946.0,1953.0
0.0,20252.0,5861.0,5848.0,5001.0,4000.0,802.0,1341.0,1857.0,1948.0,1947.0,1953.0,1951.0,1957.0,1953.0,7102.0,7630.0,5520.0,802.0,1341.0,1857.0,1948.0,1947.0,1953.0
0.0,19392.0,5880.0,5851.0,3136.0,6756.0,2058.0,3163.0,1535.0,1949.0,1948.0,1954.0,1942.0,1972.0,1966.0,6990.0,6447.0,5955.0,2058.0,3163.0,1535.0,1949.0,1948.0,1954.0
0.0,16648.0,5866.0,5853.0,4000.0,8630.0,3190.0,3821.0,1619.0,1949.0,1950.0,1954.0,1934.0,1991.0,1941.0,5738.0,4629.0,6281.0,3190.0,3821.0,1619.0,1949.0,1950.0,1954.0
0.0,14782.0,5910.0,5854.0,6756.0,7788.0,3111.0,2640.0,2037.0,1950.0,1950.0,1954.0,1975.0,1982.0,1953.0,4606.0,3979.0,6197.0,3111.0,2640.0,2037.0,1950.0,1950.0,1954.0
0.0,15628.0,5863.0,5852.0,8630.0,5013.0,1873.0,796.0,2344.0,1950.0,1950.0,1952.0,1952.0,1977.0,1934.0,4689.0,5160.0,5779.0,1873.0,796.0,2344.0,1950.0,1950.0,1952.0
0.0,18395.0,5922.0,5854.0,7788.0,3155.0,734.0,136.0,2285.0,1950.0,1951.0,1953.0,1972.0,1976.0,1974.0,5927.0,7004.0,5464.0,734.0,136.0,2285.0,1950.0,1951.0,1953.0
0.0,20261.0,5804.0,5854.0,5013.0,3946.0,808.0,1263.0,1875.0,1951.0,1950.0,1953.0,1943.0,1927.0,1934.0,7066.0,7668.0,5527.0,808.0,1263.0,1875.0,1951.0,1950.0,1953.0
0.0,19470.0,5834.0,5853.0,3155.0,6621.0,2009.0,3076.0,1536.0,1950.0,1950.0,1953.0,1939.0,1949.0,1946.0,6996.0,6537.0,5937.0,2009.0,3076.0,1536.0,1950.0,1950.0,1953.0
0.0,16791.0,5929.0,5854.0,3946.0,8608.0,3169.0,3815.0,1624.0,1950.0,1951.0,1953.0,1968.0,1998.0,1963.0,5791.0,4724.0,6276.0,3169.0,3815.0,1624.0,1950.0,1951.0,1953.0
0.0,14808.0,5878.0,5853.0,6621.0,7861.0,3133.0,2709.0,2019.0,1950.0,1951.0,1952.0,1973.0,1970.0,1935.0,4631.0,3989.0,6188.0,3133.0,2709.0,2019.0,1950.0,1951.0,1952.0
0.0,15551.0,5834.0,5857.0,8608.0,5103.0,1912.0,865.0,2326.0,1951.0,1953.0,1953.0,1944.0,1963.0,1927.0,4667.0,5095.0,5789.0,1912.0,865.0,2326.0,1951.0,1953.0,1953.0
0.0,18325.0,5933.0,5861.0,7861.0,3191.0,764.0,152.0,2275.0,1952.0,1954.0,1955.0,1981.0,1992.0,1960.0,5892.0,6947.0,5486.0,764.0,152.0,2275.0,1952.0,1954.0,1955.0
0.0,20253.0,5890.0,5863.0,5103.0,3986.0,830.0,1260.0,1896.0,1953.0,1955.0,1955.0,1974.0,1969.0,1947.0,7044.0,7664.0,5545.0,830.0,1260.0,1896.0,1953.0,1955.0,1955.0
0.0,19466.0,5910.0,5868.0,3191.0,6725.0,2036.0,3099.0,1590.0,1954.0,1957.0,1957.0,1966.0,1983.0,1961.0,6982.0,6560.0,5924.0,2036.0,3099.0,1590.0,1954.0,1957.0,1957.0
0.0,16747.0,5962.0,5871.0,3986.0,8713.0,3211.0,3831.0,1671.0,1955.0,1958.0,1958.0,2001.0,1988.0,1973.0,5780.0,4729.0,6238.0,3211.0,3831.0,1671.0,1955.0,1958.0,1958.0
0.0,14771.0,5969.0,5874.0,6725.0,7969.0,3195.0,2723.0,2051.0,1956.0,1959.0,1959.0,2016.0,1987.0,1966.0,4609.0,4001.0,6161.0,3195.0,2723.0,2051.0,1956.0,1959.0,1959.0
0.0,15527.0,5900.0,5875.0,8713.0,5160.0,1963.0,861.0,2336.0,1957.0,1959.0,1959.0,1975.0,1969.0,1956.0,4629.0,5113.0,5785.0,1963.0,861.0,2336.0,1957.0,1959.0,1959.0
0.0,18340.0,5930.0,5877.0,7969.0,3129.0,755.0,123.0,2251.0,1957.0,1960.0,1960.0,1987.0,1981.0,1962.0,5865.0,6975.0,5500.0,755.0,123.0,2251.0,1957.0,1960.0,1960.0
0.0,20379.0,5791.0,5876.0,5160.0,3756.0,721.0,1177.0,1858.0,1957.0,1959.0,1960.0,1929.0,1919.0,1943.0,7073.0,7717.0,5589.0,721.0,1177.0,1858.0,1957.0,1959.0,1960.0
0.0,19748.0,5955.0,5878.0,3129.0,6590.0,1939.0,3038.0,1613.0,1957.0,1960.0,1961.0,1973.0,1980.0,2002.0,7107.0,6659.0,5982.0,1939.0,3038.0,1613.0,1957.0,1960.0,1961.0
0.0,16922.0,5931.0,5880.0,3756.0,8773.0,3199.0,3818.0,1756.0,1958.0,1960.0,1962.0,1977.0,1957.0,1997.0,5889.0,4802.0,6231.0,3199.0,3818.0,1756.0,1958.0,1960.0,1962.0
0.0,14747.0,5925.0,5884.0,6590.0,8124.0,3242.0,2744.0,2138.0,1959.0,1961.0,1964.0,1978.0,1960.0,1987.0,4633.0,4022.0,6092.0,3242.0,2744.0,2138.0,1959.0,1961.0,1964.0
0.0,15412.0,5889.0,5883.0,8773.0,5236.0,1997.0,878.0,2361.0,1959.0,1960.0,1964.0,1954.0,1956.0,1979.0,4594.0,5100.0,5718.0,1997.0,878.0,2361.0,1959.0,1960.0,1964.0
0.0,18296.0,5807.0,5884.0,8124.0,2923.0,686.0,62.0,2175.0,1959.0,1960.0,1965.0,1931.0,1928.0,1948.0,5839.0,6962.0,5495.0,686.0,62.0,2175.0,1959.0,1960.0,1965.0
0.0,20613.0,5915.0,5886.0,5236.0,3610.0,671.0,1167.0,1772.0,1960.0,1961.0,1965.0,1978.0,1979.0,1958.0,7150.0,7778.0,5685.0,671.0,1167.0,1772.0,1960.0,1961.0,1965.0
0.0,19934.0,5903.0,5886.0,2923.0,6590.0,1966.0,3041.0,1583.0,1961.0,1960.0,1965.0,1977.0,1940.0,1986.0,7169.0,6677.0,6088.0,1966.0,3041.0,1583.0,1961.0,1960.0,1965.0
0.0,16954.0,5835.0,5885.0,3610.0,8811.0,3233.0,3821.0,1757.0,1961.0,1960.0,1964.0,1938.0,1947.0,1950.0,5878.0,4799.0,6277.0,3233.0,3821.0,1757.0,1961.0,1960.0,1964.0
0.0,14729.0,5749.0,5885.0,6590.0,7970.0,3164.0,2712.0,2094.0,1961.0,1960.0,1964.0,1897.0,1932.0,1920.0,4611.0,4019.0,6099.0,3164.0,2712.0,2094.0,1961.0,1960.0,1964.0
0.0,15570.0,5932.0,5886.0,8811.0,5095.0,1898.0,861.0,2336.0,1961.0,1960.0,1965.0,1967.0,1970.0,1995.0,4680.0,5128.0,5762.0,1898.0,861.0,2336.0,1961.0,1960.0,1965.0
0.0,18449.0,5988.0,5888.0,7970.0,3121.0,711.0,140.0,2270.0,1962.0,1960.0,1966.0,1973.0,1991.0,2024.0,5946.0,6979.0,5524.0,711.0,140.0,2270.0,1962.0,1960.0,1966.0
0.0,20431.0,5900.0,5891.0,5095.0,3938.0,774.0,1239.0,1925.0,1963.0,1961.0,1967.0,1957.0,1956.0,1987.0,7137.0,7700.0,5594.0,774.0,1239.0,1925.0,1963.0,1961.0,1967.0
0.0,19626.0,5787.0,5890.0,3121.0,6600.0,1994.0,3008.0,1598.0,1963.0,1960.0,1967.0,1931.0,1913.0,1943.0,7078.0,6605.0,5943.0,1994.0,3008.0,1598.0,1963.0,1960.0,1967.0
0.0,16960.0,5839.0,5891.0,3938.0,8505.0,3149.0,3732.0,1624.0,1963.0,1961.0,1967.0,1929.0,1959.0,1951.0,5858.0,4832.0,6270.0,3149.0,3732.0,1624.0,1963.0,1961.0,1967.0
0.0,15059.0,5771.0,5889.0,6600.0,7668.0,3080.0,2635.0,1953.0,1963.0,1960.0,1966.0,1925.0,1915.0,1931.0,4703.0,4112.0,6244.0,3080.0,2635.0,1953.0,1963.0,1960.0,1966.0
0.0,15888.0,5969.0,5890.0,8505.0,5136.0,1902.0,881.0,2353.0,1963.0,1960.0,1967.0,1971.0,1978.0,2020.0,4772.0,5205.0,5911.0,1902.0,881.0,2353.0,1963.0,1960.0,1967.0
0.0,18424.0,5913.0,5889.0,7668.0,3377.0,778.0,216.0,2383.0,1962.0,1960.0,1967.0,1960.0,1970.0,1983.0,5950.0,6959.0,5515.0,778.0,216.0,2383.0,1962.0,1960.0,1967.0
0.0,20179.0,5843.0,5889.0,5136.0,4084.0,843.0,1280.0,1961.0,1963.0,1960.0,1966.0,1963.0,1945.0,1935.0,7070.0,7624.0,5485.0,843.0,1280.0,1961.0,1963.0,1960.0,1966.0
0.0,19472.0,6009.0,5892.0,3377.0,6728.0,2067.0,3068.0,1593.0,1964.0,1961.0,1967.0,1998.0,2000.0,2011.0,7009.0,6560.0,5903.0,2067.0,3068.0,1593.0,1964.0,1961.0,1967.0
0.0,16840.0,5996.0,5892.0,4084.0,8640.0,3229.0,3782.0,1629.0,1964.0,1961.0,1967.0,2005.0,1994.0,1997.0,5789.0,4776.0,6275.0,3229.0,3782.0,1629.0,1964.0,1961.0,1967.0
0.0,14928.0,5939.0,5893.0,6728.0,7855.0,3144.0,2692.0,2019.0,1964.0,1962.0,1967.0,1982.0,1974.0,1983.0,4627.0,4062.0,6239.0,3144.0,2692.0,2019.0,1964.0,1962.0,1967.0
0.0,15717.0,5956.0,5895.0,8640.0,5179.0,1883.0,933.0,2363.0,1964.0,1964.0,1967.0,1968.0,2015.0,1973.0,4712.0,5156.0,5849.0,1883.0,933.0,2363.0,1964.0,1964.0,1967.0
0.0,18401.0,6048.0,5899.0,7855.0,3388.0,767.0,266.0,2355.0,1966.0,1965.0,1968.0,2020.0,2021.0,2007.0,5973.0,6923.0,5505.0,767.0,266.0,2355.0,1966.0,1965.0,1968.0
0.0,20208.0,5937.0,5900.0,5179.0,4150.0,866.0,1321.0,1963.0,1966.0,1966.0,1968.0,1982.0,1984.0,1971.0,7097.0,7594.0,5517.0,866.0,1321.0,1963.0,1966.0,1966.0,1968.0
0.0,19450.0,5988.0,5899.0,3388.0,6746.0,2120.0,3057.0,1569.0,1966.0,1966.0,1967.0,2021.0,2002.0,1965.0,6998.0,6543.0,5909.0,2120.0,3057.0,1569.0,1966.0,1966.0,1967.0
0.0,16850.0,6038.0,5900.0,4150.0,8638.0,3261.0,3761.0,1616.0,1966.0,1967.0,1967.0,2007.0,2021.0,2010.0,5744.0,4807.0,6299.0,3261.0,3761.0,1616.0,1966.0,1967.0,1967.0
0.0,14962.0,6065.0,5903.0,6746.0,7969.0,3171.0,2752.0,2046.0,1967.0,1969.0,1967.0,2026.0,2040.0,1999.0,4603.0,4107.0,6252.0,3171.0,2752.0,2046.0,1967.0,1969.0,1967.0
0.0,15643.0,5998.0,5906.0,8638.0,5341.0,1919.0,989.0,2433.0,1968.0,1970.0,1968.0,2005.0,1994.0,1999.0,4697.0,5124.0,5822.0,1919.0,989.0,2433.0,1968.0,1970.0,1968.0
0.0,18283.0,5966.0,5906.0,7969.0,3338.0,755.0,206.0,2377.0,1968.0,1970.0,1968.0,2007.0,1969.0,1990.0,5953.0,6891.0,5439.0,755.0,206.0,2377.0,1968.0,1970.0,1968.0
0.0,20286.0,5943.0,5908.0,5341.0,3948.0,822.0,1210.0,1916.0,1969.0,1971.0,1968.0,1982.0,1989.0,1972.0,7117.0,7674.0,5495.0,822.0,1210.0,1916.0,1969.0,1971.0,1968.0
0.0,19684.0,5886.0,5908.0,3338.0,6496.0,2040.0,2984.0,1472.0,1969.0,1972.0,1967.0,1973.0,1976.0,1937.0,7054.0,6674.0,5956.0,2040.0,2984.0,1472.0,1969.0,1972.0,1967.0
0.0,17136.0,5900.0,5909.0,3948.0,8452.0,3180.0,3740.0,1532.0,1969.0,1972.0,1968.0,1962.0,1966.0,1972.0,5836.0,4904.0,6396.0,3180.0,3740.0,1532.0,1969.0,1972.0,1968.0
0.0,15184.0,5909.0,5909.0,6496.0,7865.0,3101.0,2733.0,2031.0,1969.0,1972.0,1968.0,1961.0,1977.0,1971.0,4696.0,4148.0,6340.0,3101.0,2733.0,2031.0,1969.0,1972.0,1968.0
0.0,15771.0,5970.0,5912.0,8452.0,5395.0,1908.0,1006.0,2481.0,1970.0,1973.0,1969.0,1983.0,2009.0,1978.0,4775.0,5155.0,5841.0,1908.0,1006.0,2481.0,1970.0,1973.0,1969.0
0.0,18253.0,5972.0,5913.0,7865.0,3506.0,811.0,264.0,2431.0,1971.0,1973.0,1969.0,2000.0,1991.0,1981.0,5972.0,6886.0,5395.0,811.0,264.0,2431.0,1971.0,1973.0,1969.0
0.0,20146.0,5915.0,5915.0,5395.0,4034.0,876.0,1234.0,1924.0,1972.0,1973.0,1970.0,1969.0,1976.0,1970.0,7073.0,7628.0,5445.0,876.0,1234.0,1924.0,1972.0,1973.0,1970.0
0.0,19626.0,5994.0,5916.0,3506.0,6526.0,2052.0,2996.0,1478.0,1972.0,1974.0,1970.0,1987.0,2022.0,1985.0,7012.0,6658.0,5956.0,2052.0,2996.0,1478.0,1972.0,1974.0,1970.0
0.0,17138.0,5908.0,5917.0,4034.0,8404.0,3153.0,3732.0,1519.0,1972.0,1974.0,1971.0,1977.0,1970.0,1961.0,5836.0,4900.0,6402.0,3153.0,3732.0,1519.0,1972.0,1974.0,1971.0
0.0,15264.0,5991.0,5918.0,6526.0,7873.0,3097.0,2733.0,2043.0,1973.0,1974.0,1971.0,1992.0,1997.0,2002.0,4735.0,4164.0,6365.0,3097.0,2733.0,2043.0,1973.0,1974.0,1971.0
0.0,15799.0,6050.0,5923.0,8404.0,5539.0,1973.0,1015.0,2551.0,1974.0,1976.0,1973.0,2025.0,2006.0,2019.0,4795.0,5163.0,5841.0,1973.0,1015.0,2551.0,1974.0,1976.0,1973.0
0.0,18153.0,5861.0,5924.0,7873.0,3531.0,836.0,226.0,2469.0,1975.0,1976.0,1973.0,1956.0,1944.0,1961.0,5923.0,6889.0,5341.0,836.0,226.0,2469.0,1975.0,1976.0,1973.0
0.0,20165.0,6067.0,5926.0,5539.0,4067.0,895.0,1235.0,1937.0,1976.0,1976.0,1974.0,2028.0,2024.0,2015.0,7064.0,7678.0,5423.0,895.0,1235.0,1937.0,1976.0,1976.0,1974.0
0.0,19637.0,5864.0,5925.0,3531.0,6396.0,2003.0,2971.0,1422.0,1975.0,1976.0,1974.0,1948.0,1962.0,1954.0,7009.0,6669.0,5959.0,2003.0,2971.0,1422.0,1975.0,1976.0,1974.0
0.0,17304.0,5911.0,5927.0,4067.0,8248.0,3095.0,3696.0,1457.0,1976.0,1976.0,1975.0,1983.0,1960.0,1968.0,5897.0,4933.0,6474.0,3095.0,3696.0,1457.0,1976.0,1976.0,1975.0
0.0,15460.0,5909.0,5927.0,6396.0,7761.0,3068.0,2702.0,1991.0,1976.0,1976.0,1975.0,1976.0,1977.0,1956.0,4809.0,4208.0,6443.0,3068.0,2702.0,1991.0,1976.0,1976.0,1975.0
0.0,15947.0,6072.0,5930.0,8248.0,5597.0,2002.0,1014.0,2581.0,1977.0,1976.0,1977.0,2025.0,2008.0,2039.0,4836.0,5202.0,5909.0,2002.0,1014.0,2581.0,1977.0,1976.0,1977.0
0.0,18123.0,5850.0,5930.0,7761.0,3686.0,895.0,253.0,2538.0,1977.0,1976.0,1977.0,1961.0,1941.0,1948.0,5906.0,6890.0,5327.0,895.0,253.0,2538.0,1977.0,1976.0,1977.0
0.0,20034.0,6073.0,5932.0,5597.0,4170.0,942.0,1245.0,1983.0,1978.0,1976.0,1978.0,2045.0,2006.0,2022.0,7013.0,7651.0,5370.0,942.0,1245.0,1983.0,1978.0,1976.0,1978.0
0.0,19558.0,5972.0,5931.0,3686.0,6452.0,2034.0,2966.0,1452.0,1977.0,1976.0,1978.0,1991.0,1974.0,2007.0,6970.0,6659.0,5929.0,2034.0,2966.0,1452.0,1977.0,1976.0,1978.0
0.0,17272.0,5996.0,5933.0,4170.0,8286.0,3123.0,3695.0,1468.0,1978.0,1976.0,1979.0,2027.0,1974.0,1995.0,5874.0,4938.0,6460.0,3123.0,3695.0,1468.0,1978.0,1976.0,1979.0
0.0,15446.0,6057.0,5935.0,6452.0,7899.0,3131.0,2742.0,2026.0,1979.0,1976.0,1980.0,2038.0,2013.0,2006.0,4789.0,4209.0,6448.0,3131.0,2742.0,2026.0,1979.0,1976.0,1980.0
0.0,15841.0,5909.0,5938.0,8286.0,5534.0,1994.0,1007.0,2533.0,1980.0,1977.0,1981.0,1982.0,1956.0,1971.0,4785.0,5162.0,5894.0,1994.0,1007.0,2533.0,1980.0,1977.0,1981.0
0.0,18218.0,5902.0,5937.0,7899.0,3533.0,829.0,233.0,2471.0,1980.0,1977.0,1980.0,1966.0,1968.0,1968.0,5926.0,6901.0,5391.0,829.0,233.0,2471.0,1980.0,1977.0,1980.0
0.0,20215.0,6064.0,5939.0,5534.0,4071.0,872.0,1255.0,1944.0,1981.0,1978.0,1980.0,2033.0,2025.0,2006.0,7091.0,7675.0,5449.0,872.0,1255.0,1944.0,1981.0,1978.0,1980.0
0.0,19685.0,6032.0,5941.0,3533.0,6578.0,2079.0,3034.0,1465.0,1982.0,1979.0,1980.0,2032.0,2008.0,1992.0,7052.0,6657.0,5976.0,2079.0,3034.0,1465.0,1982.0,1979.0,1980.0
0.0,17186.0,6071.0,5944.0,4071.0,8590.0,3229.0,3812.0,1549.0,1983.0,1980.0,1981.0,2018.0,2029.0,2024.0,5849.0,4882.0,6455.0,3229.0,3812.0,1549.0,1983.0,1980.0,1981.0
0.0,15186.0,6061.0,5950.0,6578.0,8097.0,3174.0,2804.0,2119.0,1985.0,1982.0,1983.0,2016.0,2018.0,2027.0,4703.0,4108.0,6375.0,3174.0,2804.0,2119.0,1985.0,1982.0,1983.0
0.0,15703.0,5878.0,5950.0,8590.0,5385.0,1897.0,960.0,2528.0,1985.0,1982.0,1983.0,1952.0,1968.0,1958.0,4766.0,5124.0,5813.0,1897.0,960.0,2528.0,1985.0,1982.0,1983.0
0.0,18415.0,6045.0,5952.0,8097.0,3341.0,730.0,196.0,2415.0,1985.0,1984.0,1983.0,2007.0,2032.0,2006.0,6043.0,6968.0,5404.0,730.0,196.0,2415.0,1985.0,1984.0,1983.0
0.0,20467.0,6047.0,5956.0,5385.0,4019.0,843.0,1244.0,1932.0,1986.0,1985.0,1985.0,2006.0,2004.0,2037.0,7210.0,7740.0,5517.0,843.0,1244.0,1932.0,1986.0,1985.0,1985.0
0.0,19805.0,5983.0,5960.0,3341.0,6677.0,2105.0,3048.0,1524.0,1988.0,1986.0,1986.0,1984.0,1996.0,2003.0,7101.0,6696.0,6008.0,2105.0,3048.0,1524.0,1988.0,1986.0,1986.0
0.0,17163.0,6001.0,5963.0,4019.0,8671.0,3256.0,3808.0,1607.0,1989.0,1987.0,1987.0,1990.0,2000.0,2011.0,5847.0,4896.0,6420.0,3256.0,3808.0,1607.0,1989.0,1987.0,1987.0
0.0,15181.0,5903.0,5960.0,6677.0,7885.0,3087.0,2733.0,2065.0,1988.0,1986.0,1986.0,1940.0,1977.0,1986.0,4700.0,4140.0,6341.0,3087.0,2733.0,2065.0,1988.0,1986.0,1986.0
0.0,15955.0,6055.0,5963.0,8671.0,5281.0,1840.0,963.0,2478.0,1989.0,1988.0,1986.0,2005.0,2030.0,2020.0,4865.0,5211.0,5879.0,1840.0,963.0,2478.0,1989.0,1988.0,1986.0
0.0,18571.0,5958.0,5966.0,7885.0,3366.0,749.0,209.0,2408.0,1990.0,1989.0,1987.0,1992.0,1975.0,1991.0,6116.0,6989.0,5466.0,749.0,209.0,2408.0,1990.0,1989.0,1987.0
0.0,20498.0,6006.0,5969.0,5281.0,4103.0,906.0,1256.0,1941.0,1991.0,1990.0,1988.0,1993.0,2006.0,2007.0,7211.0,7747.0,5540.0,906.0,1256.0,1941.0,1991.0,1990.0,1988.0
0.0,19773.0,5943.0,5973.0,3366.0,6696.0,2124.0,3034.0,1538.0,1992.0,1991.0,1990.0,1963.0,1983.0,1997.0,7058.0,6704.0,6011.0,2124.0,3034.0,1538.0,1992.0,1991.0,1990.0
0.0,17196.0,6002.0,5974.0,4103.0,8599.0,3208.0,3775.0,1616.0,1992.0,1992.0,1990.0,1990.0,1993.0,2019.0,5844.0,4930.0,6422.0,3208.0,3775.0,1616.0,1992.0,1992.0,1990.0
0.0,15297.0,6018.0,5976.0,6696.0,7929.0,3112.0,2752.0,2065.0,1994.0,1992.0,1990.0,2020.0,2011.0,1987.0,4760.0,4193.0,6344.0,3112.0,2752.0,2065.0,1994.0,1992.0,1990.0
0.0,15975.0,6145.0,5981.0,8599.0,5495.0,1940.0,1032.0,2523.0,1995.0,1994.0,1992.0,2032.0,2047.0,2066.0,4864.0,5216.0,5895.0,1940.0,1032.0,2523.0,1995.0,1994.0,1992.0
0.0,18429.0,6067.0,5983.0,7929.0,3641.0,874.0,282.0,2485.0,1996.0,1994.0,1993.0,2042.0,2002.0,2023.0,6040.0,6944.0,5445.0,874.0,282.0,2485.0,1996.0,1994.0,1993.0
0.0,20291.0,6011.0,5984.0,5495.0,4161.0,937.0,1260.0,1964.0,1996.0,1995.0,1993.0,2003.0,2006.0,2002.0,7110.0,7694.0,5487.0,937.0,1260.0,1964.0,1996.0,1995.0,1993.0
0.0,19775.0,6107.0,5986.0,3641.0,6635.0,2124.0,2988.0,1523.0,1997.0,1995.0,1994.0,2057.0,2010.0,2040.0,7047.0,6720.0,6008.0,2124.0,2988.0,1523.0,1997.0,1995.0,1994.0
0.0,17309.0,6070.0,5988.0,4161.0,8552.0,3224.0,3740.0,1588.0,1998.0,1995.0,1995.0,2033.0,2012.0,2025.0,5864.0,4992.0,6453.0,3224.0,3740.0,1588.0,1998.0,1995.0,1995.0
0.0,15400.0,5993.0,5988.0,6635.0,7910.0,3145.0,2741.0,2024.0,1999.0,1995.0,1994.0,2041.0,1989.0,1963.0,4768.0,4240.0,6392.0,3145.0,2741.0,2024.0,1999.0,1995.0,1994.0
0.0,16042.0,6019.0,5989.0,8552.0,5381.0,1947.0,1005.0,2429.0,2000.0,1995.0,1994.0,2022.0,2004.0,1993.0,4851.0,5239.0,5952.0,1947.0,1005.0,2429.0,2000.0,1995.0,1994.0
0.0,18575.0,6032.0,5989.0,7910.0,3503.0,818.0,260.0,2425.0,1999.0,1995.0,1995.0,2020.0,1996.0,2016.0,6053.0,6975.0,5547.0,818.0,260.0,2425.0,1999.0,1995.0,1995.0
0.0,20453.0,6001.0,5989.0,5381.0,4123.0,895.0,1232.0,1996.0,2000.0,1994.0,1995.0,2020.0,1981.0,2000.0,7178.0,7720.0,5555.0,895.0,1232.0,1996.0,2000.0,1994.0,1995.0
0.0,19833.0,6050.0,5989.0,3503.0,6670.0,2111.0,2962.0,1597.0,2000.0,1993.0,1996.0,2034.0,1994.0,2022.0,7105.0,6744.0,5984.0,2111.0,2962.0,1597.0,2000.0,1993.0,1996.0
0.0,17286.0,6074.0,5990.0,4123.0,8625.0,3279.0,3738.0,1608.0,2001.0,1993.0,1996.0,2059.0,2008.0,2007.0,5889.0,5010.0,6387.0,3279.0,3738.0,1608.0,2001.0,1993.0,1996.0
0.0,15335.0,6072.0,5992.0,6670.0,8035.0,3200.0,2784.0,2051.0,2001.0,1994.0,1997.0,2032.0,2004.0,2036.0,4725.0,4234.0,6376.0,3200.0,2784.0,2051.0,2001.0,1994.0,1997.0
0.0,15933.0,6002.0,5993.0,8625.0,5416.0,1927.0,1040.0,2449.0,2002.0,1994.0,1997.0,2002.0,1994.0,2006.0,4804.0,5192.0,5937.0,1927.0,1040.0,2449.0,2002.0,1994.0,1997.0
0.0,18556.0,6036.0,5996.0,8035.0,3429.0,750.0,278.0,2401.0,2003.0,1995.0,1998.0,2019.0,2018.0,1999.0,6081.0,6936.0,5539.0,750.0,278.0,2401.0,2003.0,1995.0,1998.0
0.0,20555.0,6060.0,5999.0,5416.0,4085.0,855.0,1258.0,1972.0,2004.0,1996.0,1999.0,2028.0,2016.0,2016.0,7262.0,7702.0,5591.0,855.0,1258.0,1972.0,2004.0,1996.0,1999.0
0.0,19911.0,6225.0,6005.0,3429.0,6905.0,2195.0,3047.0,1663.0,2006.0,1998.0,2001.0,2082.0,2059.0,2084.0,7161.0,6726.0,6024.0,2195.0,3047.0,1663.0,2006.0,1998.0,2001.0
0.0,17115.0,6087.0,6007.0,4085.0,8915.0,3384.0,3828.0,1703.0,2007.0,1998.0,2002.0,2040.0,2039.0,2008.0,5829.0,4945.0,6341.0,3384.0,3828.0,1703.0,2007.0,1998.0,2002.0
0.0,15113.0,6013.0,6007.0,6905.0,8023.0,3192.0,2786.0,2045.0,2007.0,1998.0,2002.0,2003.0,2005.0,2005.0,4644.0,4164.0,6305.0,3192.0,2786.0,2045.0,2007.0,1998.0,2002.0
0.0,16005.0,6012.0,6011.0,8915.0,5136.0,1807.0,956.0,2373.0,2008.0,1999.0,2004.0,1995.0,1994.0,2023.0,4836.0,5206.0,5963.0,1807.0,956.0,2373.0,2008.0,1999.0,2004.0
0.0,18908.0,6095.0,6012.0,8023.0,3212.0,623.0,217.0,2372.0,2008.0,1999.0,2005.0,2008.0,2047.0,2040.0,6225.0,7040.0,5643.0,623.0,217.0,2372.0,2008.0,1999.0,2005.0
0.0,20836.0,6042.0,6015.0,5136.0,4130.0,824.0,1287.0,2019.0,2009.0,2000.0,2006.0,2004.0,2022.0,2016.0,7409.0,7779.0,5648.0,824.0,1287.0,2019.0,2009.0,2000.0,2006.0
0.0,19930.0,5980.0,6014.0,3212.0,6894.0,2182.0,3078.0,1634.0,2009.0,2000.0,2005.0,1981.0,2008.0,1991.0,7212.0,6713.0,6005.0,2182.0,3078.0,1634.0,2009.0,2000.0,2005.0
0.0,17162.0,6164.0,6017.0,4130.0,8940.0,3394.0,3877.0,1669.0,2009.0,2002.0,2006.0,2036.0,2078.0,2050.0,5854.0,4922.0,6386.0,3394.0,3877.0,1669.0,2009.0,2002.0,2006.0
0.0,15128.0,6073.0,6020.0,6894.0,8131.0,3244.0,2832.0,2055.0,2010.0,2003.0,2007.0,2028.0,2029.0,2016.0,4642.0,4131.0,6355.0,3244.0,2832.0,2055.0,2010.0,2003.0,2007.0
0.0,15949.0,6019.0,6020.0,8940.0,5210.0,1842.0,961.0,2407.0,2010.0,2003.0,2007.0,1992.0,2006.0,2021.0,4796.0,5180.0,5973.0,1842.0,961.0,2407.0,2010.0,2003.0,2007.0
0.0,18870.0,6082.0,6024.0,8131.0,3177.0,622.0,167.0,2388.0,2011.0,2004.0,2009.0,2020.0,2034.0,2028.0,6198.0,7051.0,5621.0,622.0,167.0,2388.0,2011.0,2004.0,2009.0
0.0,20919.0,6110.0,6028.0,5210.0,4093.0,826.0,1235.0,2032.0,2012.0,2006.0,2010.0,2042.0,2021.0,2047.0,7422.0,7849.0,5648.0,826.0,1235.0,2032.0,2012.0,2006.0,2010.0
0.0,20019.0,6076.0,6032.0,3177.0,7008.0,2211.0,3100.0,1697.0,2013.0,2007.0,2012.0,2003.0,2028.0,2045.0,7222.0,6789.0,6008.0,2211.0,3100.0,1697.0,2013.0,2007.0,2012.0
0.0,17120.0,6035.0,6030.0,4093.0,8942.0,3392.0,3860.0,1690.0,2012.0,2006.0,2012.0,2011.0,1999.0,2025.0,5841.0,4928.0,6351.0,3392.0,3860.0,1690.0,2012.0,2006.0,2012.0
0.0,15178.0,5988.0,6034.0,7008.0,7938.0,3169.0,2774.0,1995.0,2013.0,2008.0,2013.0,1984.0,2006.0,1998.0,4656.0,4164.0,6358.0,3169.0,2774.0,1995.0,2013.0,2008.0,2013.0
0.0,16198.0,5910.0,6029.0,8942.0,4886.0,1727.0,901.0,2258.0,2011.0,2007.0,2011.0,1958.0,1991.0,1961.0,4883.0,5258.0,6057.0,1727.0,901.0,2258.0,2011.0,2007.0,2011.0
0.0,19230.0,6120.0,6033.0,7938.0,3084.0,596.0,182.0,2306.0,2012.0,2009.0,2012.0,2034.0,2047.0,2039.0,6317.0,7127.0,5786.0,596.0,182.0,2306.0,2012.0,2009.0,2012.0
0.0,21048.0,6102.0,6034.0,4886.0,4304.0,926.0,1315.0,2063.0,2012.0,2010.0,2012.0,2057.0,2030.0,2015.0,7452.0,7854.0,5742.0,926.0,1315.0,2063.0,2012.0,2010.0,2012.0
0.0,19832.0,6106.0,6036.0,3084.0,7334.0,2386.0,3158.0,1790.0,2013.0,2010.0,2013.0,2052.0,2025.0,2029.0,7122.0,6725.0,5985.0,2386.0,3158.0,1790.0,2013.0,2010.0,2013.0
0.0,16810.0,6160.0,6040.0,4304.0,9206.0,3512.0,3909.0,1785.0,2014.0,2012.0,2014.0,2048.0,2058.0,2054.0,5666.0,4882.0,6262.0,3512.0,3909.0,1785.0,2014.0,2012.0,2014.0
0.0,14954.0,6009.0,6043.0,7334.0,7893.0,3144.0,2762.0,1987.0,2015.0,2013.0,2015.0,2014.0,2007.0,1988.0,4544.0,4139.0,6271.0,3144.0,2762.0,1987.0,2015.0,2013.0,2015.0
0.0,16279.0,5906.0,6039.0,9206.0,4577.0,1555.0,834.0,2188.0,2013.0,2012.0,2014.0,1931.0,1985.0,1990.0,4916.0,5290.0,6073.0,1555.0,834.0,2188.0,2013.0,2012.0,2014.0
0.0,19579.0,5994.0,6039.0,7893.0,2678.0,398.0,61.0,2219.0,2012.0,2012.0,2015.0,1991.0,1989.0,2014.0,6497.0,7214.0,5868.0,398.0,61.0,2219.0,2012.0,2012.0,2015.0
0.0,21478.0,6115.0,6039.0,4577.0,4216.0,870.0,1260.0,2086.0,2012.0,2012.0,2015.0,2027.0,2033.0,2055.0,7650.0,7987.0,5841.0,870.0,1260.0,2086.0,2012.0,2012.0,2015.0
0.0,19940.0,6051.0,6039.0,2678.0,7589.0,2491.0,3210.0,1888.0,2012.0,2012.0,2015.0,2019.0,2011.0,2021.0,7178.0,6788.0,5974.0,2491.0,3210.0,1888.0,2012.0,2012.0,2015.0
0.0,16567.0,6061.0,6043.0,4216.0,9450.0,3632.0,3973.0,1845.0,2013.0,2013.0,2017.0,2007.0,2019.0,2035.0,5557.0,4838.0,6172.0,3632.0,3973.0,1845.0,2013.0,2013.0,2017.0
0.0,14722.0,6002.0,6042.0,7589.0,7859.0,3126.0,2754.0,1979.0,2013.0,2012.0,2017.0,1985.0,1995.0,2022.0,4420.0,4079.0,6223.0,3126.0,2754.0,1979.0,2013.0,2012.0,2017.0
0.0,16309.0,6046.0,6042.0,9450.0,4455.0,1490.0,798.0,2167.0,2013.0,2012.0,2017.0,1996.0,2017.0,2033.0,4926.0,5294.0,6089.0,1490.0,798.0,2167.0,2013.0,2012.0,2017.0
0.0,19713.0,6023.0,6042.0,7859.0,2619.0,364.0,55.0,2200.0,2013.0,2012.0,2017.0,2000.0,2011.0,2012.0,6562.0,7250.0,5901.0,364.0,55.0,2200.0,2013.0,2012.0,2017.0
0.0,21549.0,5994.0,6042.0,4455.0,4158.0,868.0,1241.0,2049.0,2013.0,2012.0,2017.0,1994.0,1984.0,2016.0,7688.0,7993.0,5868.0,868.0,1241.0,2049.0,2013.0,2012.0,2017.0
0.0,20010.0,6031.0,6045.0,2619.0,7582.0,2501.0,3202.0,1879.0,2014.0,2013.0,2018.0,1993.0,2012.0,2026.0,7184.0,6807.0,6019.0,2501.0,3202.0,1879.0,2014.0,2013.0,2018.0
0.0,16598.0,6045.0,6045.0,4158.0,9469.0,3656.0,3955.0,1858.0,2015.0,2012.0,2018.0,2019.0,1998.0,2028.0,5555.0,4850.0,6193.0,3656.0,3955.0,1858.0,2015.0,2012.0,2018.0
0.0,14711.0,6072.0,6047.0,7582.0,7967.0,3164.0,2787.0,2016.0,2015.0,2013.0,2019.0,2009.0,2030.0,2033.0,4404.0,4093.0,6214.0,3164.0,2787.0,2016.0,2015.0,2013.0,2019.0
0.0,16221.0,5995.0,6047.0,9469.0,4493.0,1492.0,829.0,2172.0,2015.0,2013.0,2019.0,1984.0,1997.0,2014.0,4896.0,5265.0,6060.0,1492.0,829.0,2172.0,2015.0,2013.0,2019.0
0.0,19695.0,6065.0,6050.0,7967.0,2603.0,344.0,52.0,2207.0,2016.0,2014.0,2020.0,2012.0,2006.0,2047.0,6568.0,7223.0,5904.0,344.0,52.0,2207.0,2016.0,2014.0,2020.0
0.0,21597.0,6007.0,6049.0,4493.0,4113.0,843.0,1206.0,2064.0,2016.0,2013.0,2020.0,1991.0,1987.0,2029.0,7720.0,8004.0,5873.0,843.0,1206.0,2064.0,2016.0,2013.0,2020.0
0.0,20083.0,6080.0,6051.0,2603.0,7598.0,2533.0,3178.0,1887.0,2016.0,2014.0,2021.0,2034.0,2020.0,2026.0,7221.0,6846.0,6016.0,2533.0,3178.0,1887.0,2016.0,2014.0,2021.0
0.0,16606.0,6119.0,6050.0,4113.0,9600.0,3731.0,4007.0,1862.0,2016.0,2013.0,2021.0,2041.0,2039.0,2039.0,5531.0,4878.0,6197.0,3731.0,4007.0,1862.0,2016.0,2013.0,2021.0
0.0,14600.0,6166.0,6052.0,7598.0,8176.0,3268.0,2867.0,2041.0,2017.0,2014.0,2021.0,2066.0,2034.0,2066.0,4333.0,4045.0,6222.0,3268.0,2867.0,2041.0,2017.0,2014.0,2021.0
0.0,16032.0,6143.0,6055.0,9600.0,4731.0,1619.0,897.0,2215.0,2018.0,2015.0,2022.0,2078.0,2033.0,2032.0,4800.0,5189.0,6043.0,1619.0,897.0,2215.0,2018.0,2015.0,2022.0
0.0,19489.0,6051.0,6053.0,8176.0,2598.0,374.0,45.0,2179.0,2017.0,2015.0,2021.0,2027.0,2015.0,2009.0,6453.0,7163.0,5873.0,374.0,45.0,2179.0,2017.0,2015.0,2021.0
0.0,21614.0,6106.0,6054.0,4731.0,3977.0,800.0,1193.0,1984.0,2018.0,2015.0,2021.0,2041.0,2045.0,2020.0,7694.0,8015.0,5905.0,800.0,1193.0,1984.0,2018.0,2015.0,2021.0
0.0,20239.0,6114.0,6056.0,2598.0,7501.0,2486.0,3183.0,1832.0,2018.0,2016.0,2022.0,2060.0,2031.0,2023.0,7272.0,6867.0,6100.0,2486.0,3183.0,1832.0,2018.0,2016.0,2022.0
0.0,16723.0,6062.0,6057.0,3977.0,9590.0,3746.0,4012.0,1832.0,2019.0,2016.0,2022.0,2056.0,2022.0,1984.0,5586.0,4881.0,6256.0,3746.0,4012.0,1832.0,2019.0,2016.0,2022.0
0.0,14638.0,6049.0,6057.0,7501.0,8138.0,3263.0,2853.0,2022.0,2018.0,2017.0,2022.0,2007.0,2020.0,2022.0,4330.0,4052.0,6256.0,3263.0,2853.0,2022.0,2018.0,2017.0,2022.0
0.0,16090.0,6193.0,6061.0,9590.0,4757.0,1591.0,922.0,2244.0,2019.0,2019.0,2023.0,2070.0,2073.0,2050.0,4809.0,5215.0,6066.0,1591.0,922.0,2244.0,2019.0,2019.0,2023.0
0.0,19487.0,6086.0,6062.0,8138.0,2709.0,370.0,112.0,2227.0,2019.0,2020.0,2023.0,2042.0,2039.0,2005.0,6485.0,7154.0,5848.0,370.0,112.0,2227.0,2019.0,2020.0,2023.0
0.0,21539.0,6240.0,6065.0,4757.0,4204.0,864.0,1292.0,2048.0,2020.0,2021.0,2024.0,2081.0,2098.0,2061.0,7706.0,7968.0,5865.0,864.0,1292.0,2048.0,2020.0,2021.0,2024.0
0.0,20056.0,6158.0,6067.0,2709.0,7661.0,2552.0,3258.0,1851.0,2020.0,2023.0,2024.0,2058.0,2070.0,2030.0,7216.0,6792.0,6048.0,2552.0,3258.0,1851.0,2020.0,2023.0,2024.0
0.0,16607.0,6219.0,6071.0,4204.0,9692.0,3782.0,4042.0,1868.0,2022.0,2024.0,2025.0,2086.0,2072.0,2061.0,5528.0,4834.0,6245.0,3782.0,4042.0,1868.0,2022.0,2024.0,2025.0
0.0,14592.0,6146.0,6074.0,7661.0,8189.0,3282.0,2856.0,2051.0,2023.0,2025.0,2026.0,2048.0,2068.0,2030.0,4306.0,4054.0,6232.0,3282.0,2856.0,2051.0,2023.0,2025.0,2026.0
0.0,16107.0,6076.0,6074.0,9692.0,4573.0,1527.0,852.0,2194.0,2023.0,2025.0,2026.0,2027.0,2038.0,2011.0,4810.0,5244.0,6053.0,1527.0,852.0,2194.0,2023.0,2025.0,2026.0
0.0,19723.0,6111.0,6071.0,8189.0,2483.0,258.0,50.0,2175.0,2021.0,2025.0,2025.0,2021.0,2054.0,2036.0,6565.0,7248.0,5910.0,258.0,50.0,2175.0,2021.0,2025.0,2025.0
0.0,21801.0,6134.0,6072.0,4573.0,4048.0,765.0,1278.0,2005.0,2021.0,2026.0,2025.0,2034.0,2076.0,2024.0,7826.0,8050.0,5925.0,765.0,1278.0,2005.0,2021.0,2026.0,2025.0
0.0,20240.0,6158.0,6075.0,2483.0,7735.0,2570.0,3289.0,1876.0,2022.0,2027.0,2026.0,2059.0,2057.0,2042.0,7319.0,6826.0,6095.0,2570.0,3289.0,1876.0,2022.0,2027.0,2026.0
0.0,16565.0,6140.0,6077.0,4048.0,9835.0,3842.0,4081.0,1912.0,2023.0,2028.0,2026.0,2033.0,2066.0,2041.0,5518.0,4819.0,6228.0,3842.0,4081.0,1912.0,2023.0,2028.0,2026.0
0.0,14473.0,5976.0,6075.0,7735.0,8068.0,3283.0,2780.0,2005.0,2023.0,2027.0,2025.0,2011.0,1992.0,1973.0,4250.0,4031.0,6192.0,3283.0,2780.0,2005.0,2023.0,2027.0,2025.0
0.0,16232.0,6084.0,6076.0,9835.0,4321.0,1458.0,755.0,2108.0,2023.0,2028.0,2025.0,2017.0,2052.0,2015.0,4809.0,5328.0,6095.0,1458.0,755.0,2108.0,2023.0,2028.0,2025.0
0.0,19983.0,6122.0,6079.0,8068.0,2387.0,211.0,34.0,2142.0,2024.0,2029.0,2026.0,2032.0,2055.0,2035.0,6634.0,7357.0,5992.0,211.0,34.0,2142.0,2024.0,2029.0,2026.0
0.0,21929.0,6174.0,6079.0,4321.0,4240.0,822.0,1341.0,2077.0,2025.0,2029.0,2025.0,2065.0,2062.0,2047.0,7885.0,8082.0,5962.0,822.0,1341.0,2077.0,2025.0,2029.0,2025.0
0.0,20076.0,6157.0,6081.0,2387.0,8018.0,2650.0,3352.0,2016.0,2025.0,2029.0,2027.0,2039.0,2045.0,2073.0,7278.0,6775.0,6023.0,2650.0,3352.0,2016.0,2025.0,2029.0,2027.0
0.0,16306.0,6047.0,6082.0,4240.0,9829.0,3851.0,4016.0,1962.0,2026.0,2029.0,2027.0,2019.0,2005.0,2023.0,5450.0,4764.0,6092.0,3851.0,4016.0,1962.0,2026.0,2029.0,2027.0
0.0,14499.0,6035.0,6080.0,8018.0,7838.0,3193.0,2664.0,1981.0,2025.0,2028.0,2027.0,1996.0,2004.0,2035.0,4253.0,4100.0,6146.0,3193.0,2664.0,1981.0,2025.0,2028.0,2027.0
0.0,16482.0,6212.0,6083.0,9829.0,4233.0,1414.0,703.0,2116.0,2026.0,2029.0,2028.0,2068.0,2051.0,2093.0,4907.0,5448.0,6127.0,1414.0,703.0,2116.0,2026.0,2029.0,2028.0
0.0,20099.0,6075.0,6082.0,7838.0,2466.0,255.0,50.0,2161.0,2026.0,2029.0,2027.0,2034.0,2011.0,2030.0,6690.0,7413.0,5996.0,255.0,50.0,2161.0,2026.0,2029.0,2027.0
0.0,21862.0,6059.0,6083.0,4233.0,4296.0,872.0,1356.0,2068.0,2027.0,2029.0,2027.0,2027.0,2009.0,2023.0,7849.0,8066.0,5947.0,872.0,1356.0,2068.0,2027.0,2029.0,2027.0
0.0,20036.0,6110.0,6085.0,2466.0,7948.0,2671.0,3338.0,1939.0,2028.0,2029.0,2028.0,2050.0,2032.0,2028.0,7236.0,6760.0,6040.0,2671.0,3338.0,1939.0,2028.0,2029.0,2028.0
0.0,16392.0,6104.0,6088.0,4296.0,9768.0,3833.0,4019.0,1916.0,2029.0,2030.0,2029.0,2030.0,2033.0,2041.0,5441.0,4778.0,6173.0,3833.0,4019.0,1916.0,2029.0,2030.0,2029.0
0.0,14584.0,6080.0,6088.0,7948.0,7900.0,3180.0,2701.0,2019.0,2029.0,2030.0,2029.0,2018.0,2020.0,2042.0,4283.0,4101.0,6200.0,3180.0,2701.0,2019.0,2029.0,2030.0,2029.0
0.0,16452.0,6041.0,6087.0,9768.0,4169.0,1369.0,660.0,2140.0,2028.0,2029.0,2030.0,2026.0,1982.0,2033.0,4936.0,5419.0,6097.0,1369.0,660.0,2140.0,2028.0,2029.0,2030.0
0.0,20179.0,6096.0,6086.0,7900.0,2392.0,235.0,0.0,2157.0,2028.0,2028.0,2030.0,2046.0,2014.0,2036.0,6743.0,7456.0,5980.0,235.0,0.0,2157.0,2028.0,2028.0,2030.0
0.0,21983.0,6132.0,6086.0,4169.0,4324.0,927.0,1326.0,2071.0,2028.0,2028.0,2030.0,2061.0,2017.0,2054.0,7877.0,8143.0,5963.0,927.0,1326.0,2071.0,2028.0,2028.0,2030.0
0.0,20020.0,6089.0,6088.0,2392.0,8029.0,2755.0,3335.0,1939.0,2029.0,2028.0,2031.0,2059.0,2009.0,2021.0,7185.0,6786.0,6049.0,2755.0,3335.0,1939.0,2029.0,2028.0,2031.0
0.0,16323.0,6218.0,6093.0,4324.0,9943.0,3910.0,4086.0,1947.0,2032.0,2029.0,2032.0,2070.0,2073.0,2075.0,5361.0,4777.0,6185.0,3910.0,4086.0,1947.0,2032.0,2029.0,2032.0
0.0,14429.0,6088.0,6095.0,8029.0,8010.0,3170.0,2783.0,2057.0,2032.0,2030.0,2033.0,2015.0,2028.0,2045.0,4218.0,4030.0,6181.0,3170.0,2783.0,2057.0,2032.0,2030.0,2033.0
0.0,16370.0,6081.0,6095.0,9943.0,4148.0,1274.0,719.0,2155.0,2032.0,2030.0,2033.0,2014.0,2022.0,2045.0,4958.0,5337.0,6075.0,1274.0,719.0,2155.0,2032.0,2030.0,2033.0
0.0,20232.0,6080.0,6095.0,8010.0,2260.0,134.0,0.0,2126.0,2032.0,2030.0,2033.0,2030.0,2022.0,2028.0,6854.0,7401.0,5977.0,134.0,0.0,2126.0,2032.0,2030.0,2033.0
0.0,22162.0,6043.0,6095.0,4148.0,4113.0,869.0,1244.0,2000.0,2032.0,2030.0,2033.0,2009.0,2005.0,2029.0,7994.0,8162.0,6006.0,869.0,1244.0,2000.0,2032.0,2030.0,2033.0
0.0,20267.0,6076.0,6096.0,2260.0,7933.0,2763.0,3291.0,1879.0,2033.0,2031.0,2032.0,2024.0,2043.0,2009.0,7259.0,6876.0,6132.0,2763.0,3291.0,1879.0,2033.0,2031.0,2032.0
0.0,16451.0,6113.0,6097.0,4113.0,9937.0,3926.0,4092.0,1919.0,2034.0,2031.0,2032.0,2028.0,2045.0,2040.0,5369.0,4833.0,6249.0,3926.0,4092.0,1919.0,2034.0,2031.0,2032.0
0.0,14451.0,6137.0,6100.0,7933.0,8153.0,3217.0,2853.0,2083.0,2035.0,2032.0,2033.0,2050.0,2048.0,2039.0,4210.0,4032.0,6209.0,3217.0,2853.0,2083.0,2035.0,2032.0,2033.0
0.0,16247.0,6053.0,6101.0,9937.0,4273.0,1312.0,790.0,2171.0,2035.0,2033.0,2033.0,2021.0,2025.0,2007.0,4923.0,5275.0,6049.0,1312.0,790.0,2171.0,2035.0,2033.0,2033.0
0.0,20131.0,6129.0,6102.0,8153.0,2267.0,144.0,0.0,2123.0,2036.0,2033.0,2033.0,2045.0,2049.0,2035.0,6828.0,7342.0,5961.0,144.0,0.0,2123.0,2036.0,2033.0,2033.0
0.0,22155.0,6194.0,6106.0,4273.0,4190.0,877.0,1284.0,2029.0,2037.0,2035.0,2034.0,2041.0,2080.0,2073.0,8000.0,8146.0,6009.0,877.0,1284.0,2029.0,2037.0,2035.0,2034.0
0.0,20234.0,6202.0,6108.0,2267.0,8133.0,2807.0,3358.0,1968.0,2038.0,2036.0,2034.0,2070.0,2070.0,2062.0,7271.0,6856.0,6107.0,2807.0,3358.0,1968.0,2038.0,2036.0,2034.0
0.0,16299.0,6170.0,6111.0,4190.0,10125.0,3994.0,4140.0,1991.0,2039.0,2037.0,2035.0,2060.0,2062.0,2048.0,5345.0,4786.0,6168.0,3994.0,4140.0,1991.0,2039.0,2037.0,2035.0
0.0,14319.0,6166.0,6114.0,8133.0,8170.0,3223.0,2883.0,2064.0,2040.0,2039.0,2035.0,2032.0,2093.0,2041.0,4162.0,4008.0,6149.0,3223.0,2883.0,2064.0,2040.0,2039.0,2035.0
0.0,16286.0,6178.0,6116.0,10125.0,4231.0,1296.0,820.0,2115.0,2041.0,2040.0,2035.0,2063.0,2073.0,2042.0,4937.0,5273.0,6076.0,1296.0,820.0,2115.0,2041.0,2040.0,2035.0
0.0,20233.0,6197.0,6120.0,8170.0,2274.0,143.0,30.0,2101.0,2042.0,2042.0,2036.0,2066.0,2085.0,2046.0,6868.0,7340.0,6025.0,143.0,30.0,2101.0,2042.0,2042.0,2036.0
0.0,22206.0,6161.0,6120.0,4231.0,4204.0,918.0,1260.0,2026.0,2042.0,2042.0,2036.0,2071.0,2050.0,2040.0,8025.0,8138.0,6043.0,918.0,1260.0,2026.0,2042.0,2042.0,2036.0
0.0,20276.0,6121.0,6119.0,2274.0,8047.0,2825.0,3279.0,1943.0,2042.0,2042.0,2035.0,2050.0,2049.0,2022.0,7250.0,6908.0,6118.0,2825.0,3279.0,1943.0,2042.0,2042.0,2035.0
0.0,16429.0,6140.0,6119.0,4204.0,9983.0,3963.0,4064.0,1956.0,2042.0,2042.0,2035.0,2056.0,2045.0,2039.0,5343.0,4889.0,6197.0,3963.0,4064.0,1956.0,2042.0,2042.0,2035.0
0.0,14493.0,6278.0,6123.0,8047.0,8230.0,3224.0,2915.0,2091.0,2043.0,2044.0,2036.0,2082.0,2122.0,2074.0,4205.0,4104.0,6184.0,3224.0,2915.0,2091.0,2043.0,2044.0,2036.0
0.0,16262.0,6168.0,6125.0,9983.0,4423.0,1321.0,909.0,2193.0,2043.0,2045.0,2037.0,2060.0,2054.0,2054.0,4948.0,5261.0,6053.0,1321.0,909.0,2193.0,2043.0,2045.0,2037.0
0.0,20077.0,6160.0,6125.0,8230.0,2353.0,148.0,55.0,2150.0,2043.0,2045.0,2037.0,2051.0,2061.0,2048.0,6851.0,7271.0,5955.0,148.0,55.0,2150.0,2043.0,2045.0,2037.0
0.0,22147.0,6151.0,6127.0,4423.0,4089.0,882.0,1202.0,2005.0,2043.0,2046.0,2038.0,2055.0,2052.0,2044.0,8024.0,8125.0,5998.0,882.0,1202.0,2005.0,2043.0,2046.0,2038.0
0.0,20419.0,6251.0,6131.0,2353.0,8003.0,2842.0,3234.0,1927.0,2045.0,2047.0,2039.0,2100.0,2083.0,2068.0,7290.0,6982.0,6147.0,2842.0,3234.0,1927.0,2045.0,2047.0,2039.0
0.0,16521.0,6188.0,6131.0,4089.0,10102.0,4027.0,4101.0,1974.0,2045.0,2047.0,2039.0,2067.0,2069.0,2052.0,5338.0,4954.0,6229.0,4027.0,4101.0,1974.0,2045.0,2047.0,2039.0
0.0,14422.0,6172.0,6132.0,8003.0,8275.0,3253.0,2921.0,2101.0,2045.0,2047.0,2040.0,2068.0,2054.0,2050.0,4153.0,4087.0,6182.0,3253.0,2921.0,2101.0,2045.0,2047.0,2040.0
0.0,16253.0,6241.0,6132.0,10102.0,4414.0,1325.0,896.0,2193.0,2045.0,2047.0,2040.0,2099.0,2076.0,2066.0,4927.0,5267.0,6059.0,1325.0,896.0,2193.0,2045.0,2047.0,2040.0
0.0,20114.0,6218.0,6134.0,8275.0,2365.0,150.0,37.0,2178.0,2046.0,2047.0,2041.0,2074.0,2062.0,2082.0,6855.0,7292.0,5967.0,150.0,37.0,2178.0,2046.0,2047.0,2041.0
0.0,22171.0,6138.0,6132.0,4414.0,4081.0,876.0,1184.0,2021.0,2045.0,2046.0,2041.0,2055.0,2047.0,2036.0,8034.0,8151.0,5986.0,876.0,1184.0,2021.0,2045.0,2046.0,2041.0
0.0,20447.0,6254.0,6134.0,2365.0,7978.0,2826.0,3227.0,1925.0,2046.0,2046.0,2042.0,2096.0,2080.0,2078.0,7304.0,7000.0,6143.0,2826.0,3227.0,1925.0,2046.0,2046.0,2042.0
0.0,16558.0,6221.0,6137.0,4081.0,10130.0,4018.0,4114.0,1998.0,2047.0,2047.0,2043.0,2064.0,2067.0,2090.0,5358.0,4957.0,6243.0,4018.0,4114.0,1998.0,2047.0,2047.0,2043.0
0.0,14418.0,6192.0,6139.0,7978.0,8352.0,3266.0,2948.0,2138.0,2048.0,2047.0,2044.0,2070.0,2061.0,2061.0,4170.0,4074.0,6174.0,3266.0,2948.0,2138.0,2048.0,2047.0,2044.0
0.0,16204.0,6173.0,6139.0,10130.0,4395.0,1312.0,899.0,2184.0,2048.0,2047.0,2044.0,2064.0,2065.0,2044.0,4926.0,5240.0,6038.0,1312.0,899.0,2184.0,2048.0,2047.0,2044.0
0.0,20161.0,6252.0,6141.0,8352.0,2303.0,107.0,14.0,2182.0,2048.0,2047.0,2046.0,2061.0,2063.0,2128.0,6880.0,7289.0,5992.0,107.0,14.0,2182.0,2048.0,2047.0,2046.0
0.0,22261.0,6138.0,6141.0,4395.0,4046.0,812.0,1152.0,2082.0,2048.0,2046.0,2047.0,2017.0,2041.0,2080.0,8085.0,8174.0,6002.0,812.0,1152.0,2082.0,2048.0,2046.0,2047.0
0.0,20518.0,6247.0,6146.0,2303.0,8010.0,2785.0,3219.0,2006.0,2049.0,2048.0,2049.0,2076.0,2073.0,2098.0,7380.0,7032.0,6106.0,2785.0,3219.0,2006.0,2049.0,2048.0,2049.0
0.0,16574.0,6088.0,6146.0,4046.0,10052.0,3994.0,4083.0,1975.0,2049.0,2047.0,2050.0,2021.0,2020.0,2047.0,5411.0,4973.0,6190.0,3994.0,4083.0,1975.0,2049.0,2047.0,2050.0
0.0,14532.0,6185.0,6148.0,8010.0,8235.0,3254.0,2918.0,2063.0,2050.0,2047.0,2051.0,2041.0,2054.0,2090.0,4202.0,4105.0,6225.0,3254.0,2918.0,2063.0,2050.0,2047.0,2051.0
0.0,16357.0,6222.0,6149.0,10052.0,4409.0,1296.0,908.0,2205.0,2049.0,2048.0,2052.0,2040.0,2069.0,2113.0,4946.0,5270.0,6141.0,1296.0,908.0,2205.0,2049.0,2048.0,2052.0
0.0,20187.0,6164.0,6148.0,8235.0,2334.0,87.0,16.0,2231.0,2049.0,2047.0,2052.0,2045.0,2030.0,2089.0,6900.0,7284.0,6003.0,87.0,16.0,2231.0,2049.0,2047.0,2052.0
0.0,22258.0,6256.0,6153.0,4409.0,4201.0,869.0,1205.0,2127.0,2050.0,2049.0,2054.0,2074.0,2089.0,2093.0,8109.0,8172.0,5977.0,869.0,1205.0,2127.0,2050.0,2049.0,2054.0
0.0,20411.0,6097.0,6155.0,2334.0,7972.0,2807.0,3232.0,1933.0,2051.0,2050.0,2054.0,2021.0,2039.0,2037.0,7331.0,6991.0,6089.0,2807.0,3232.0,1933.0,2051.0,2050.0,2054.0
0.0,16648.0,6211.0,6154.0,4201.0,9978.0,3984.0,4100.0,1894.0,2050.0,2050.0,2054.0,2050.0,2073.0,2088.0,5397.0,4968.0,6283.0,3984.0,4100.0,1894.0,2050.0,2050.0,2054.0
0.0,14638.0,6168.0,6156.0,7972.0,8182.0,3243.0,2929.0,2010.0,2051.0,2051.0,2054.0,2062.0,2057.0,2049.0,4216.0,4100.0,6322.0,3243.0,2929.0,2010.0,2051.0,2051.0,2054.0
0.0,16442.0,6272.0,6160.0,9978.0,4492.0,1341.0,942.0,2209.0,2052.0,2053.0,2055.0,2078.0,2105.0,2089.0,4961.0,5275.0,6206.0,1341.0,942.0,2209.0,2052.0,2053.0,2055.0
0.0,20148.0,6221.0,6162.0,8182.0,2539.0,161.0,94.0,2284.0,2052.0,2054.0,2056.0,2063.0,2077.0,2081.0,6867.0,7270.0,6011.0,161.0,94.0,2284.0,2052.0,2054.0,2056.0
0.0,22109.0,6269.0,6165.0,4492.0,4328.0,915.0,1248.0,2165.0,2053.0,2055.0,2057.0,2091.0,2092.0,2086.0,8047.0,8122.0,5940.0,915.0,1248.0,2165.0,2053.0,2055.0,2057.0
0.0,20332.0,6228.0,6169.0,2539.0,8033.0,2845.0,3229.0,1959.0,2055.0,2056.0,2058.0,2083.0,2071.0,2074.0,7297.0,6972.0,6063.0,2845.0,3229.0,1959.0,2055.0,2056.0,2058.0
0.0,16643.0,6227.0,6172.0,4328.0,9944.0,4025.0,4070.0,1849.0,2056.0,2058.0,2058.0,2091.0,2081.0,2055.0,5375.0,4995.0,6273.0,4025.0,4070.0,1849.0,2056.0,2058.0,2058.0
0.0,14744.0,6252.0,6175.0,8033.0,8175.0,3277.0,2917.0,1981.0,2057.0,2059.0,2059.0,2093.0,2072.0,2087.0,4199.0,4162.0,6383.0,3277.0,2917.0,1981.0,2057.0,2059.0,2059.0
0.0,16525.0,6229.0,6176.0,9944.0,4464.0,1329.0,940.0,2195.0,2057.0,2060.0,2059.0,2077.0,2089.0,2063.0,4951.0,5319.0,6255.0,1329.0,940.0,2195.0,2057.0,2060.0,2059.0
0.0,20240.0,6219.0,6179.0,8175.0,2520.0,149.0,85.0,2286.0,2058.0,2061.0,2060.0,2093.0,2058.0,2068.0,6899.0,7300.0,6041.0,149.0,85.0,2286.0,2058.0,2061.0,2060.0
0.0,22196.0,6179.0,6179.0,4464.0,4235.0,883.0,1206.0,2146.0,2058.0,2061.0,2060.0,2063.0,2061.0,2055.0,8083.0,8159.0,5954.0,883.0,1206.0,2146.0,2058.0,2061.0,2060.0
0.0,20481.0,6163.0,6180.0,2520.0,7882.0,2766.0,3195.0,1921.0,2058.0,2062.0,2060.0,2032.0,2070.0,2061.0,7349.0,7038.0,6094.0,2766.0,3195.0,1921.0,2058.0,2062.0,2060.0
0.0,16838.0,6227.0,6183.0,4235.0,9886.0,3961.0,4077.0,1848.0,2059.0,2063.0,2061.0,2074.0,2084.0,2069.0,5466.0,5053.0,6319.0,3961.0,4077.0,1848.0,2059.0,2063.0,2061.0
0.0,14846.0,6206.0,6185.0,7882.0,8218.0,3260.0,2972.0,1986.0,2060.0,2064.0,2061.0,2061.0,2086.0,2059.0,4275.0,4175.0,6396.0,3260.0,2972.0,1986.0,2060.0,2064.0,2061.0
0.0,16522.0,6088.0,6185.0,9886.0,4420.0,1324.0,925.0,2171.0,2060.0,2064.0,2061.0,2025.0,2030.0,2033.0,4980.0,5284.0,6258.0,1324.0,925.0,2171.0,2060.0,2064.0,2061.0
0.0,20320.0,6151.0,6187.0,8218.0,2361.0,114.0,8.0,2239.0,2060.0,2065.0,2062.0,2050.0,2051.0,2050.0,6916.0,7331.0,6073.0,114.0,8.0,2239.0,2060.0,2065.0,2062.0
0.0,22387.0,6212.0,6189.0,4420.0,4161.0,842.0,1165.0,2154.0,2061.0,2065.0,2063.0,2048.0,2082.0,2082.0,8126.0,8252.0,6009.0,842.0,1165.0,2154.0,2061.0,2065.0,2063.0
0.0,20595.0,6241.0,6190.0,2361.0,8045.0,2806.0,3249.0,1990.0,2061.0,2066.0,2063.0,2078.0,2088.0,2075.0,7402.0,7095.0,6098.0,2806.0,3249.0,1990.0,2061.0,2066.0,2063.0
0.0,16715.0,6189.0,6193.0,4161.0,10085.0,4024.0,4177.0,1884.0,2062.0,2067.0,2064.0,2056.0,2089.0,2044.0,5438.0,5015.0,6262.0,4024.0,4177.0,1884.0,2062.0,2067.0,2064.0
0.0,14687.0,6218.0,6195.0,8045.0,8266.0,3269.0,3030.0,1967.0,2062.0,2068.0,2065.0,2051.0,2098.0,2069.0,4224.0,4091.0,6372.0,3269.0,3030.0,1967.0,2062.0,2068.0,2065.0
0.0,16514.0,6091.0,6194.0,10085.0,4268.0,1264.0,911.0,2093.0,2062.0,2068.0,2064.0,2019.0,2058.0,2014.0,4979.0,5242.0,6293.0,1264.0,911.0,2093.0,2062.0,2068.0,2064.0
0.0,20508.0,6172.0,6194.0,8266.0,2239.0,62.0,0.0,2177.0,2062.0,2068.0,2064.0,2067.0,2054.0,2051.0,6984.0,7361.0,6163.0,62.0,0.0,2177.0,2062.0,2068.0,2064.0
0.0,22602.0,6132.0,6192.0,4268.0,4030.0,834.0,1063.0,2133.0,2061.0,2067.0,2064.0,2040.0,2043.0,2049.0,8186.0,8337.0,6079.0,834.0,1063.0,2133.0,2061.0,2067.0,2064.0
0.0,20738.0,6107.0,6192.0,2239.0,7898.0,2825.0,3075.0,1998.0,2062.0,2066.0,2064.0,2049.0,2016.0,2042.0,7410.0,7205.0,6123.0,2825.0,3075.0,1998.0,2062.0,2066.0,2064.0
0.0,16870.0,6227.0,6191.0,4030.0,10091.0,4084.0,4064.0,1943.0,2062.0,2065.0,2064.0,2093.0,2056.0,2078.0,5423.0,5189.0,6258.0,4084.0,4064.0,1943.0,2062.0,2065.0,2064.0
0.0,14673.0,6259.0,6193.0,7898.0,8460.0,3350.0,3070.0,2040.0,2063.0,2065.0,2065.0,2087.0,2081.0,2091.0,4164.0,4196.0,6313.0,3350.0,3070.0,2040.0,2063.0,2065.0,2065.0
0.0,16312.0,6216.0,6194.0,10091.0,4589.0,1326.0,1082.0,2181.0,2062.0,2066.0,2066.0,2064.0,2072.0,2080.0,4902.0,5190.0,6220.0,1326.0,1082.0,2181.0,2062.0,2066.0,2066.0
0.0,20187.0,6107.0,6194.0,8460.0,2236.0,18.0,16.0,2202.0,2062.0,2065.0,2067.0,2042.0,2008.0,2057.0,6922.0,7182.0,6083.0,18.0,16.0,2202.0,2062.0,2065.0,2067.0
0.0,22540.0,6231.0,6196.0,4589.0,3886.0,767.0,1027.0,2092.0,2063.0,2066.0,2067.0,2071.0,2089.0,2071.0,8230.0,8244.0,6066.0,767.0,1027.0,2092.0,2063.0,2066.0,2067.0
0.0,20898.0,6222.0,6195.0,2236.0,7868.0,2833.0,3086.0,1949.0,2063.0,2065.0,2067.0,2084.0,2079.0,2059.0,7485.0,7237.0,6176.0,2833.0,3086.0,1949.0,2063.0,2065.0,2067.0
0.0,16912.0,6149.0,6194.0,3886.0,10127.0,4123.0,4119.0,1885.0,2063.0,2065.0,2066.0,2057.0,2060.0,2032.0,5419.0,5174.0,6319.0,4123.0,4119.0,1885.0,2063.0,2065.0,2066.0
0.0,14649.0,6258.0,6196.0,7868.0,8525.0,3404.0,3105.0,2016.0,2064.0,2065.0,2067.0,2110.0,2072.0,2076.0,4129.0,4141.0,6379.0,3404.0,3105.0,2016.0,2064.0,2065.0,2067.0
0.0,16259.0,6310.0,6199.0,10127.0,4720.0,1420.0,1072.0,2228.0,2065.0,2066.0,2068.0,2135.0,2082.0,2093.0,4852.0,5155.0,6252.0,1420.0,1072.0,2228.0,2065.0,2066.0,2068.0
0.0,20076.0,6335.0,6200.0,8525.0,2534.0,127.0,75.0,2332.0,2065.0,2066.0,2069.0,2111.0,2108.0,2116.0,6840.0,7192.0,6044.0,127.0,75.0,2332.0,2065.0,2066.0,2069.0
0.0,22266.0,6314.0,6203.0,4720.0,4140.0,814.0,1118.0,2208.0,2066.0,2067.0,2070.0,2103.0,2111.0,2100.0,8133.0,8189.0,5944.0,814.0,1118.0,2208.0,2066.0,2067.0,2070.0
0.0,20672.0,6274.0,6205.0,2534.0,7888.0,2806.0,3140.0,1942.0,2067.0,2068.0,2070.0,2115.0,2093.0,2066.0,7450.0,7150.0,6072.0,2806.0,3140.0,1942.0,2067.0,2068.0,2070.0
0.0,16932.0,6248.0,6205.0,4140.0,9996.0,4069.0,4106.0,1821.0,2067.0,2068.0,2070.0,2077.0,2084.0,2087.0,5462.0,5132.0,6338.0,4069.0,4106.0,1821.0,2067.0,2068.0,2070.0
0.0,14824.0,6275.0,6207.0,7888.0,8391.0,3338.0,3058.0,1995.0,2067.0,2069.0,2071.0,2075.0,2088.0,2112.0,4199.0,4166.0,6459.0,3338.0,3058.0,1995.0,2067.0,2069.0,2071.0
0.0,16437.0,6281.0,6209.0,9996.0,4684.0,1360.0,1069.0,2255.0,2067.0,2070.0,2072.0,2091.0,2113.0,2077.0,4930.0,5218.0,6289.0,1360.0,1069.0,2255.0,2067.0,2070.0,2072.0
0.0,20152.0,6284.0,6209.0,8391.0,2577.0,97.0,121.0,2359.0,2067.0,2070.0,2072.0,2075.0,2110.0,2099.0,6908.0,7211.0,6033.0,97.0,121.0,2359.0,2067.0,2070.0,2072.0
0.0,22259.0,6327.0,6212.0,4684.0,4232.0,840.0,1164.0,2228.0,2068.0,2071.0,2073.0,2099.0,2108.0,2120.0,8171.0,8159.0,5929.0,840.0,1164.0,2228.0,2068.0,2071.0,2073.0
0.0,20616.0,6369.0,6215.0,2577.0,8036.0,2848.0,3185.0,2003.0,2068.0,2073.0,2074.0,2105.0,2134.0,2130.0,7432.0,7120.0,6064.0,2848.0,3185.0,2003.0,2068.0,2073.0,2074.0
0.0,16824.0,6375.0,6219.0,4232.0,10195.0,4129.0,4153.0,1913.0,2069.0,2074.0,2076.0,2117.0,2128.0,2130.0,5424.0,5107.0,6293.0,4129.0,4153.0,1913.0,2069.0,2074.0,2076.0
0.0,14681.0,6336.0,6220.0,8036.0,8499.0,3401.0,3062.0,2036.0,2070.0,2074.0,2076.0,2116.0,2094.0,2126.0,4147.0,4143.0,6391.0,3401.0,3062.0,2036.0,2070.0,2074.0,2076.0
0.0,16381.0,6402.0,6225.0,10195.0,4726.0,1394.0,1055.0,2277.0,2072.0,2076.0,2077.0,2114.0,2138.0,2150.0,4879.0,5234.0,6268.0,1394.0,1055.0,2277.0,2072.0,2076.0,2077.0
0.0,20174.0,6191.0,6224.0,8499.0,2414.0,29.0,62.0,2323.0,2071.0,2076.0,2077.0,2040.0,2069.0,2082.0,6894.0,7249.0,6031.0,29.0,62.0,2323.0,2071.0,2076.0,2077.0
0.0,22482.0,6290.0,6228.0,4726.0,3994.0,750.0,1086.0,2158.0,2073.0,2077.0,2078.0,2107.0,2075.0,2108.0,8255.0,8242.0,5985.0,750.0,1086.0,2158.0,2073.0,2077.0,2078.0
0.0,20918.0,6254.0,6230.0,2414.0,7842.0,2798.0,3109.0,1935.0,2074.0,2078.0,2078.0,2073.0,2081.0,2100.0,7542.0,7222.0,6154.0,2798.0,3109.0,1935.0,2074.0,2078.0,2078.0
0.0,17078.0,6264.0,6230.0,3994.0,10112.0,4120.0,4118.0,1874.0,2074.0,2078.0,2078.0,2072.0,2095.0,2097.0,5498.0,5203.0,6377.0,4120.0,4118.0,1874.0,2074.0,2078.0,2078.0
0.0,14808.0,6349.0,6233.0,7842.0,8631.0,3424.0,3148.0,2059.0,2075.0,2080.0,2078.0,2098.0,2131.0,2120.0,4176.0,4194.0,6438.0,3424.0,3148.0,2059.0,2075.0,2080.0,2078.0
0.0,16301.0,6238.0,6234.0,10112.0,4761.0,1372.0,1140.0,2249.0,2075.0,2081.0,2078.0,2068.0,2106.0,2064.0,4876.0,5172.0,6253.0,1372.0,1140.0,2249.0,2075.0,2081.0,2078.0
0.0,20175.0,6175.0,6235.0,8631.0,2310.0,0.0,64.0,2246.0,2076.0,2081.0,2078.0,2047.0,2072.0,2056.0,6928.0,7184.0,6063.0,0.0,64.0,2246.0,2076.0,2081.0,2078.0
0.0,22631.0,6225.0,6235.0,4761.0,3773.0,709.0,1004.0,2060.0,2076.0,2081.0,2078.0,2082.0,2080.0,2063.0,8305.0,8260.0,6066.0,709.0,1004.0,2060.0,2076.0,2081.0,2078.0
0.0,21167.0,6283.0,6237.0,2310.0,7754.0,2811.0,3043.0,1900.0,2077.0,2082.0,2078.0,2098.0,2099.0,2086.0,7595.0,7320.0,6252.0,2811.0,3043.0,1900.0,2077.0,2082.0,2078.0
0.0,17194.0,6229.0,6237.0,3773.0,10210.0,4163.0,4138.0,1909.0,2077.0,2082.0,2078.0,2061.0,2099.0,2069.0,5497.0,5285.0,6412.0,4163.0,4138.0,1909.0,2077.0,2082.0,2078.0
0.0,14738.0,6242.0,6237.0,7754.0,8698.0,3450.0,3158.0,2090.0,2077.0,2082.0,2078.0,2098.0,2063.0,2081.0,4145.0,4190.0,6403.0,3450.0,3158.0,2090.0,2077.0,2082.0,2078.0
0.0,16250.0,6218.0,6237.0,10210.0,4706.0,1388.0,1067.0,2251.0,2078.0,2081.0,2078.0,2097.0,2051.0,2070.0,4858.0,5170.0,6222.0,1388.0,1067.0,2251.0,2078.0,2081.0,2078.0
0.0,20242.0,6284.0,6237.0,8698.0,2297.0,37.0,0.0,2260.0,2078.0,2081.0,2078.0,2099.0,2086.0,2099.0,6924.0,7257.0,6061.0,37.0,0.0,2260.0,2078.0,2081.0,2078.0
0.0,22656.0,6192.0,6237.0,4706.0,3778.0,712.0,977.0,2089.0,2077.0,2081.0,2079.0,2067.0,2049.0,2076.0,8275.0,8329.0,6052.0,712.0,977.0,2089.0,2077.0,2081.0,2079.0
0.0,21170.0,6269.0,6237.0,2297.0,7750.0,2760.0,3049.0,1941.0,2077.0,2081.0,2079.0,2085.0,2072.0,2112.0,7596.0,7347.0,6227.0,2760.0,3049.0,1941.0,2077.0,2081.0,2079.0
0.0,17198.0,6239.0,6236.0,3778.0,10207.0,4134.0,4144.0,1929.0,2077.0,2080.0,2079.0,2086.0,2076.0,2077.0,5548.0,5275.0,6375.0,4134.0,4144.0,1929.0,2077.0,2080.0,2079.0
0.0,14737.0,6230.0,6238.0,7750.0,8695.0,3452.0,3172.0,2071.0,2077.0,2081.0,2080.0,2078.0,2073.0,2079.0,4174.0,4176.0,6387.0,3452.0,3172.0,2071.0,2077.0,2081.0,2080.0
0.0,16257.0,6305.0,6239.0,10207.0,4797.0,1446.0,1119.0,2232.0,2078.0,2081.0,2080.0,2124.0,2091.0,2090.0,4856.0,5152.0,6249.0,1446.0,1119.0,2232.0,2078.0,2081.0,2080.0
0.0,20159.0,6200.0,6241.0,8695.0,2310.0,60.0,10.0,2240.0,2079.0,2081.0,2081.0,2062.0,2063.0,2075.0,6866.0,7205.0,6088.0,60.0,10.0,2240.0,2079.0,2081.0,2081.0
0.0,22654.0,6290.0,6241.0,4797.0,3803.0,707.0,986.0,2110.0,2079.0,2081.0,2081.0,2093.0,2095.0,2102.0,8256.0,8314.0,6084.0,707.0,986.0,2110.0,2079.0,2081.0,2081.0
0.0,21161.0,6196.0,6242.0,2310.0,7693.0,2699.0,3038.0,1956.0,2079.0,2081.0,2082.0,2052.0,2062.0,2082.0,7609.0,7338.0,6214.0,2699.0,3038.0,1956.0,2079.0,2081.0,2082.0
0.0,17275.0,6243.0,6244.0,3803.0,10141.0,4090.0,4139.0,1912.0,2080.0,2082.0,2082.0,2094.0,2083.0,2066.0,5617.0,5286.0,6372.0,4090.0,4139.0,1912.0,2080.0,2082.0,2082.0
0.0,14835.0,6198.0,6246.0,7693.0,8654.0,3464.0,3161.0,2029.0,2081.0,2082.0,2083.0,2069.0,2060.0,2069.0,4230.0,4189.0,6416.0,3464.0,3161.0,2029.0,2081.0,2082.0,2083.0
0.0,16330.0,6215.0,6245.0,10141.0,4724.0,1449.0,1095.0,2180.0,2081.0,2082.0,2082.0,2075.0,2073.0,2067.0,4860.0,5167.0,6303.0,1449.0,1095.0,2180.0,2081.0,2082.0,2082.0
0.0,20256.0,6274.0,6246.0,8654.0,2348.0,70.0,25.0,2253.0,2081.0,2082.0,2083.0,2085.0,2091.0,2098.0,6875.0,7233.0,6148.0,70.0,25.0,2253.0,2081.0,2082.0,2083.0
0.0,22636.0,6412.0,6251.0,4724.0,4056.0,765.0,1075.0,2216.0,2083.0,2083.0,2085.0,2136.0,2141.0,2135.0,8254.0,8303.0,6079.0,765.0,1075.0,2216.0,2083.0,2083.0,2085.0
0.0,20948.0,6206.0,6250.0,2348.0,7910.0,2754.0,3118.0,2038.0,2083.0,2082.0,2085.0,2059.0,2072.0,2075.0,7567.0,7257.0,6124.0,2754.0,3118.0,2038.0,2083.0,2082.0,2085.0
0.0,17090.0,6251.0,6254.0,4056.0,10121.0,4069.0,4165.0,1887.0,2084.0,2084.0,2086.0,2076.0,2114.0,2061.0,5578.0,5210.0,6302.0,4069.0,4165.0,1887.0,2084.0,2084.0,2086.0
0.0,14895.0,6282.0,6255.0,7910.0,8497.0,3387.0,3140.0,1970.0,2084.0,2084.0,2087.0,2072.0,2093.0,2117.0,4267.0,4171.0,6457.0,3387.0,3140.0,1970.0,2084.0,2084.0,2087.0
0.0,16523.0,6331.0,6259.0,10121.0,4723.0,1422.0,1118.0,2183.0,2085.0,2086.0,2088.0,2100.0,2135.0,2096.0,4949.0,5196.0,6378.0,1422.0,1118.0,2183.0,2085.0,2086.0,2088.0
0.0,20313.0,6243.0,6261.0,8497.0,2477.0,123.0,64.0,2290.0,2086.0,2087.0,2088.0,2084.0,2082.0,2077.0,6918.0,7226.0,6169.0,123.0,64.0,2290.0,2086.0,2087.0,2088.0
0.0,22567.0,6254.0,6262.0,4723.0,4012.0,780.0,1048.0,2184.0,2086.0,2088.0,2088.0,2079.0,2098.0,2077.0,8221.0,8284.0,6062.0,780.0,1048.0,2184.0,2086.0,2088.0,2088.0
0.0,21036.0,6280.0,6263.0,2477.0,7819.0,2764.0,3095.0,1960.0,2086.0,2089.0,2088.0,2107.0,2107.0,2066.0,7564.0,7304.0,6168.0,2764.0,3095.0,1960.0,2086.0,2089.0,2088.0
0.0,17233.0,6282.0,6264.0,4012.0,10093.0,4098.0,4155.0,1840.0,2087.0,2089.0,2088.0,2110.0,2108.0,2064.0,5580.0,5261.0,6392.0,4098.0,4155.0,1840.0,2087.0,2089.0,2088.0
0.0,14963.0,6290.0,6267.0,7819.0,8576.0,3426.0,3183.0,1967.0,2088.0,2091.0,2088.0,2088.0,2115.0,2087.0,4250.0,4201.0,6512.0,3426.0,3183.0,1967.0,2088.0,2091.0,2088.0
0.0,16492.0,6413.0,6271.0,10093.0,4912.0,1469.0,1168.0,2275.0,2089.0,2092.0,2090.0,2137.0,2136.0,2140.0,4926.0,5181.0,6385.0,1469.0,1168.0,2275.0,2089.0,2092.0,2090.0
0.0,20172.0,6352.0,6273.0,8576.0,2696.0,170.0,112.0,2414.0,2090.0,2093.0,2090.0,2123.0,2123.0,2106.0,6887.0,7200.0,6085.0,170.0,112.0,2414.0,2090.0,2093.0,2090.0
0.0,22396.0,6378.0,6278.0,4912.0,4182.0,836.0,1095.0,2251.0,2091.0,2095.0,2092.0,2131.0,2143.0,2104.0,8190.0,8260.0,5946.0,836.0,1095.0,2251.0,2091.0,2095.0,2092.0
0.0,20930.0,6242.0,6278.0,2696.0,7728.0,2758.0,3056.0,1914.0,2091.0,2095.0,2092.0,2092.0,2073.0,2077.0,7528.0,7285.0,6117.0,2758.0,3056.0,1914.0,2091.0,2095.0,2092.0
0.0,17384.0,6336.0,6279.0,4182.0,9886.0,4042.0,4091.0,1753.0,2091.0,2096.0,2092.0,2120.0,2126.0,2090.0,5606.0,5324.0,6454.0,4042.0,4091.0,1753.0,2091.0,2096.0,2092.0
0.0,15230.0,6315.0,6278.0,7728.0,8469.0,3418.0,3141.0,1910.0,2091.0,2096.0,2091.0,2134.0,2106.0,2075.0,4322.0,4293.0,6615.0,3418.0,3141.0,1910.0,2091.0,2096.0,2091.0
0.0,16643.0,6432.0,6280.0,9886.0,5023.0,1524.0,1206.0,2293.0,2092.0,2096.0,2092.0,2144.0,2156.0,2132.0,4946.0,5243.0,6454.0,1524.0,1206.0,2293.0,2092.0,2096.0,2092.0
0.0,20097.0,6285.0,6281.0,8469.0,2843.0,220.0,170.0,2453.0,2092.0,2097.0,2092.0,2114.0,2101.0,2070.0,6844.0,7178.0,6075.0,220.0,170.0,2453.0,2092.0,2097.0,2092.0
0.0,22281.0,6353.0,6283.0,5023.0,4181.0,811.0,1065.0,2305.0,2093.0,2097.0,2093.0,2111.0,2101.0,2141.0,8148.0,8218.0,5915.0,811.0,1065.0,2305.0,2093.0,2097.0,2093.0
0.0,20951.0,6372.0,6284.0,2843.0,7714.0,2724.0,3008.0,1982.0,2094.0,2097.0,2093.0,2129.0,2113.0,2130.0,7561.0,7323.0,6067.0,2724.0,3008.0,1982.0,2094.0,2097.0,2093.0
0.0,17422.0,6376.0,6286.0,4181.0,9917.0,4037.0,4070.0,1810.0,2094.0,2098.0,2094.0,2124.0,2123.0,2129.0,5652.0,5380.0,6390.0,4037.0,4070.0,1810.0,2094.0,2098.0,2094.0
0.0,15227.0,6414.0,6288.0,7714.0,8625.0,3437.0,3207.0,1981.0,2095.0,2098.0,2095.0,2120.0,2145.0,2149.0,4339.0,4322.0,6566.0,3437.0,3207.0,1981.0,2095.0,2098.0,2095.0
0.0,16527.0,6389.0,6290.0,9917.0,5105.0,1509.0,1271.0,2325.0,2095.0,2099.0,2096.0,2109.0,2130.0,2150.0,4943.0,5185.0,6399.0,1509.0,1271.0,2325.0,2095.0,2099.0,2096.0
0.0,20055.0,6386.0,6290.0,8625.0,2866.0,191.0,176.0,2499.0,2096.0,2098.0,2096.0,2115.0,2116.0,2155.0,6871.0,7125.0,6059.0,191.0,176.0,2499.0,2096.0,2098.0,2096.0
0.0,22294.0,6442.0,6291.0,5105.0,4207.0,828.0,1036.0,2343.0,2096.0,2098.0,2097.0,2146.0,2131.0,2165.0,8193.0,8216.0,5885.0,828.0,1036.0,2343.0,2096.0,2098.0,2097.0
0.0,20957.0,6352.0,6292.0,2866.0,7697.0,2725.0,2984.0,1988.0,2096.0,2099.0,2097.0,2088.0,2120.0,2144.0,7556.0,7356.0,6045.0,2725.0,2984.0,1988.0,2096.0,2099.0,2097.0
0.0,17471.0,6417.0,6292.0,4207.0,9907.0,4023.0,4071.0,1813.0,2096.0,2099.0,2097.0,2126.0,2123.0,2168.0,5659.0,5412.0,6400.0,4023.0,4071.0,1813.0,2096.0,2099.0,2097.0
0.0,15261.0,6309.0,6294.0,7697.0,8527.0,3402.0,3187.0,1938.0,2097.0,2099.0,2098.0,2100.0,2100.0,2109.0,4361.0,4325.0,6575.0,3402.0,3187.0,1938.0,2097.0,2099.0,2098.0
0.0,16649.0,6260.0,6293.0,9907.0,4876.0,1443.0,1192.0,2241.0,2096.0,2099.0,2098.0,2068.0,2076.0,2116.0,4986.0,5209.0,6454.0,1443.0,1192.0,2241.0,2096.0,2099.0,2098.0
0.0,20296.0,6372.0,6296.0,8527.0,2733.0,168.0,126.0,2439.0,2097.0,2100.0,2099.0,2123.0,2117.0,2132.0,6941.0,7204.0,6151.0,168.0,126.0,2439.0,2097.0,2100.0,2099.0
0.0,22451.0,6338.0,6298.0,4876.0,4203.0,834.0,1030.0,2339.0,2098.0,2100.0,2100.0,2105.0,2096.0,2137.0,8220.0,8274.0,5957.0,834.0,1030.0,2339.0,2098.0,2100.0,2100.0
0.0,20989.0,6428.0,6299.0,2733.0,7902.0,2831.0,3046.0,2025.0,2099.0,2100.0,2100.0,2161.0,2142.0,2125.0,7558.0,7370.0,6061.0,2831.0,3046.0,2025.0,2099.0,2100.0,2100.0
0.0,17294.0,6352.0,6301.0,4203.0,10059.0,4103.0,4135.0,1821.0,2100.0,2100.0,2101.0,2102.0,2119.0,2131.0,5565.0,5354.0,6375.0,4103.0,4135.0,1821.0,2100.0,2100.0,2101.0
0.0,15145.0,6355.0,6304.0,7902.0,8524.0,3405.0,3183.0,1936.0,2101.0,2101.0,2102.0,2129.0,2090.0,2136.0,4297.0,4265.0,6583.0,3405.0,3183.0,1936.0,2101.0,2101.0,2102.0
0.0,16692.0,6415.0,6308.0,10059.0,4896.0,1441.0,1187.0,2268.0,2102.0,2102.0,2104.0,2135.0,2135.0,2145.0,4999.0,5221.0,6472.0,1441.0,1187.0,2268.0,2102.0,2102.0,2104.0
0.0,20336.0,6314.0,6309.0,8524.0,2690.0,159.0,100.0,2431.0,2103.0,2102.0,2104.0,2119.0,2096.0,2099.0,6967.0,7221.0,6148.0,159.0,100.0,2431.0,2103.0,2102.0,2104.0
0.0,22546.0,6409.0,6312.0,4896.0,4215.0,848.0,1042.0,2325.0,2104.0,2102.0,2106.0,2126.0,2129.0,2154.0,8253.0,8308.0,5985.0,848.0,1042.0,2325.0,2104.0,2102.0,2106.0
0.0,21033.0,6327.0,6313.0,2690.0,7856.0,2810.0,3046.0,2000.0,2104.0,2103.0,2106.0,2121.0,2100.0,2106.0,7568.0,7366.0,6099.0,2810.0,3046.0,2000.0,2104.0,2103.0,2106.0
0.0,17396.0,6388.0,6317.0,4215.0,10045.0,4071.0,4137.0,1837.0,2105.0,2104.0,2108.0,2105.0,2129.0,2154.0,5606.0,5366.0,6424.0,4071.0,4137.0,1837.0,2105.0,2104.0,2108.0
0.0,15223.0,6324.0,6317.0,7856.0,8513.0,3348.0,3228.0,1937.0,2104.0,2105.0,2108.0,2091.0,2133.0,2100.0,4349.0,4279.0,6595.0,3348.0,3228.0,1937.0,2104.0,2105.0,2108.0
0.0,16755.0,6316.0,6319.0,10045.0,4792.0,1398.0,1199.0,2195.0,2105.0,2106.0,2108.0,2117.0,2104.0,2095.0,5068.0,5192.0,6495.0,1398.0,1199.0,2195.0,2105.0,2106.0,2108.0
0.0,20484.0,6439.0,6324.0,8513.0,2738.0,216.0,136.0,2386.0,2107.0,2108.0,2109.0,2158.0,2157.0,2124.0,7022.0,7225.0,6237.0,216.0,136.0,2386.0,2107.0,2108.0,2109.0
0.0,22558.0,6414.0,6327.0,4792.0,4372.0,967.0,1069.0,2336.0,2108.0,2109.0,2110.0,2145.0,2128.0,2141.0,8212.0,8296.0,6050.0,967.0,1069.0,2336.0,2108.0,2109.0,2110.0
0.0,20936.0,6306.0,6328.0,2738.0,7944.0,2857.0,3040.0,2047.0,2108.0,2110.0,2110.0,2106.0,2103.0,2097.0,7465.0,7367.0,6104.0,2857.0,3040.0,2047.0,2108.0,2110.0,2110.0
0.0,17368.0,6406.0,6331.0,4372.0,9990.0,4037.0,4114.0,1839.0,2109.0,2111.0,2111.0,2143.0,2139.0,2124.0,5575.0,5400.0,6393.0,4037.0,4114.0,1839.0,2109.0,2111.0,2111.0
0.0,15334.0,6471.0,6335.0,7944.0,8533.0,3331.0,3237.0,1965.0,2110.0,2112.0,2113.0,2147.0,2159.0,2165.0,4399.0,4330.0,6605.0,3331.0,3237.0,1965.0,2110.0,2112.0,2113.0
0.0,16807.0,6399.0,6337.0,9990.0,4950.0,1431.0,1269.0,2250.0,2111.0,2113.0,2113.0,2133.0,2142.0,2124.0,5109.0,5211.0,6487.0,1431.0,1269.0,2250.0,2111.0,2113.0,2113.0
0.0,20398.0,6313.0,6340.0,8533.0,2742.0,191.0,174.0,2377.0,2112.0,2115.0,2113.0,2087.0,2134.0,2092.0,7013.0,7183.0,6202.0,191.0,174.0,2377.0,2112.0,2115.0,2113.0
0.0,22618.0,6385.0,6342.0,4950.0,4185.0,871.0,1051.0,2263.0,2112.0,2116.0,2114.0,2111.0,2142.0,2132.0,8257.0,8286.0,6075.0,871.0,1051.0,2263.0,2112.0,2116.0,2114.0
0.0,21183.0,6314.0,6345.0,2742.0,7769.0,2787.0,2980.0,2002.0,2113.0,2117.0,2115.0,2103.0,2099.0,2112.0,7577.0,7413.0,6193.0,2787.0,2980.0,2002.0,2113.0,2117.0,2115.0
0.0,17611.0,6303.0,6346.0,4185.0,9891.0,4006.0,4045.0,1840.0,2113.0,2117.0,2116.0,2090.0,2116.0,2097.0,5665.0,5488.0,6458.0,4006.0,4045.0,1840.0,2113.0,2117.0,2116.0
0.0,15493.0,6311.0,6348.0,7769.0,8441.0,3333.0,3163.0,1945.0,2114.0,2118.0,2116.0,2110.0,2094.0,2107.0,4446.0,4423.0,6624.0,3333.0,3163.0,1945.0,2114.0,2118.0,2116.0
0.0,16951.0,6292.0,6345.0,9891.0,4830.0,1403.0,1245.0,2182.0,2113.0,2117.0,2115.0,2080.0,2131.0,2081.0,5123.0,5309.0,6519.0,1403.0,1245.0,2182.0,2113.0,2117.0,2115.0
0.0,20550.0,6272.0,6346.0,8441.0,2665.0,151.0,186.0,2328.0,2113.0,2118.0,2115.0,2081.0,2100.0,2091.0,7049.0,7223.0,6278.0,151.0,186.0,2328.0,2113.0,2118.0,2115.0
0.0,22719.0,6372.0,6348.0,4830.0,4215.0,875.0,1081.0,2259.0,2114.0,2118.0,2116.0,2123.0,2140.0,2109.0,8301.0,8286.0,6132.0,875.0,1081.0,2259.0,2114.0,2118.0,2116.0
0.0,21177.0,6334.0,6350.0,2665.0,7892.0,2842.0,3021.0,2029.0,2115.0,2119.0,2116.0,2114.0,2122.0,2098.0,7581.0,7391.0,6205.0,2842.0,3021.0,2029.0,2115.0,2119.0,2116.0
0.0,17508.0,6265.0,6348.0,4215.0,9934.0,4040.0,4036.0,1858.0,2114.0,2118.0,2116.0,2077.0,2100.0,2088.0,5618.0,5455.0,6435.0,4040.0,4036.0,1858.0,2114.0,2118.0,2116.0
0.0,15458.0,6402.0,6351.0,7892.0,8456.0,3333.0,3145.0,1978.0,2115.0,2119.0,2117.0,2131.0,2126.0,2145.0,4416.0,4436.0,6606.0,3333.0,3145.0,1978.0,2115.0,2119.0,2117.0
0.0,16948.0,6323.0,6353.0,9934.0,4853.0,1411.0,1200.0,2242.0,2116.0,2119.0,2118.0,2114.0,2091.0,2118.0,5127.0,5331.0,6490.0,1411.0,1200.0,2242.0,2116.0,2119.0,2118.0
0.0,20559.0,6473.0,6356.0,8456.0,2882.0,247.0,190.0,2445.0,2117.0,2119.0,2120.0,2165.0,2135.0,2173.0,7053.0,7276.0,6230.0,247.0,190.0,2445.0,2117.0,2119.0,2120.0
0.0,22542.0,6420.0,6359.0,4853.0,4461.0,984.0,1143.0,2334.0,2118.0,2120.0,2121.0,2144.0,2149.0,2127.0,8221.0,8286.0,6035.0,984.0,1143.0,2334.0,2118.0,2120.0,2121.0
0.0,20975.0,6308.0,6360.0,2882.0,7891.0,2839.0,3049.0,2003.0,2118.0,2120.0,2122.0,2102.0,2096.0,2110.0,7488.0,7337.0,6150.0,2839.0,3049.0,2003.0,2118.0,2120.0,2122.0
0.0,17549.0,6423.0,6360.0,4461.0,9853.0,4012.0,4033.0,1808.0,2118.0,2120.0,2122.0,2157.0,2127.0,2139.0,5633.0,5431.0,6485.0,4012.0,4033.0,1808.0,2118.0,2120.0,2122.0
0.0,15587.0,6323.0,6359.0,7891.0,8281.0,3276.0,3079.0,1926.0,2118.0,2119.0,2122.0,2103.0,2099.0,2121.0,4460.0,4447.0,6680.0,3276.0,3079.0,1926.0,2118.0,2119.0,2122.0
0.0,17155.0,6279.0,6357.0,9853.0,4699.0,1356.0,1116.0,2227.0,2117.0,2118.0,2122.0,2096.0,2074.0,2109.0,5196.0,5397.0,6562.0,1356.0,1116.0,2227.0,2117.0,2118.0,2122.0
0.0,20729.0,6359.0,6359.0,8281.0,2785.0,224.0,139.0,2422.0,2118.0,2118.0,2123.0,2140.0,2102.0,2117.0,7112.0,7356.0,6261.0,224.0,139.0,2422.0,2118.0,2118.0,2123.0
0.0,22651.0,6471.0,6362.0,4699.0,4569.0,1034.0,1169.0,2366.0,2119.0,2119.0,2124.0,2162.0,2142.0,2167.0,8248.0,8333.0,6070.0,1034.0,1169.0,2366.0,2119.0,2119.0,2124.0
0.0,20879.0,6384.0,6363.0,2785.0,8172.0,2938.0,3148.0,2086.0,2119.0,2119.0,2125.0,2128.0,2118.0,2138.0,7442.0,7307.0,6130.0,2938.0,3148.0,2086.0,2119.0,2119.0,2125.0
0.0,17280.0,6584.0,6366.0,4569.0,10199.0,4102.0,4152.0,1945.0,2120.0,2119.0,2127.0,2194.0,2173.0,2217.0,5538.0,5328.0,6414.0,4102.0,4152.0,1945.0,2120.0,2119.0,2127.0
0.0,15265.0,6324.0,6367.0,8172.0,8355.0,3278.0,3091.0,1986.0,2120.0,2119.0,2128.0,2114.0,2087.0,2123.0,4378.0,4324.0,6563.0,3278.0,3091.0,1986.0,2120.0,2119.0,2128.0
0.0,17113.0,6416.0,6368.0,10199.0,4576.0,1320.0,1078.0,2178.0,2120.0,2120.0,2128.0,2144.0,2135.0,2137.0,5202.0,5385.0,6526.0,1320.0,1078.0,2178.0,2120.0,2120.0,2128.0
0.0,20896.0,6472.0,6369.0,8355.0,2697.0,224.0,123.0,2350.0,2121.0,2120.0,2128.0,2178.0,2136.0,2158.0,7160.0,7402.0,6334.0,224.0,123.0,2350.0,2121.0,2120.0,2128.0
0.0,22779.0,6452.0,6372.0,4576.0,4585.0,1053.0,1203.0,2329.0,2122.0,2121.0,2129.0,2145.0,2154.0,2153.0,8260.0,8357.0,6162.0,1053.0,1203.0,2329.0,2122.0,2121.0,2129.0
0.0,20903.0,6403.0,6372.0,2697.0,8291.0,2948.0,3211.0,2132.0,2122.0,2121.0,2129.0,2119.0,2131.0,2153.0,7435.0,7281.0,6187.0,2948.0,3211.0,2132.0,2122.0,2121.0,2129.0
0.0,17197.0,6482.0,6374.0,4585.0,10196.0,4071.0,4141.0,1984.0,2123.0,2121.0,2130.0,2172.0,2133.0,2177.0,5540.0,5273.0,6384.0,4071.0,4141.0,1984.0,2123.0,2121.0,2130.0
0.0,15300.0,6413.0,6373.0,8291.0,8314.0,3242.0,3075.0,1997.0,2123.0,2121.0,2129.0,2119.0,2145.0,2149.0,4421.0,4343.0,6536.0,3242.0,3075.0,1997.0,2123.0,2121.0,2129.0
0.0,17178.0,6337.0,6372.0,10196.0,4451.0,1264.0,1041.0,2146.0,2122.0,2121.0,2129.0,2097.0,2107.0,2133.0,5250.0,5409.0,6519.0,1264.0,1041.0,2146.0,2122.0,2121.0,2129.0
0.0,21037.0,6434.0,6373.0,8314.0,2575.0,150.0,124.0,2301.0,2123.0,2121.0,2129.0,2124.0,2158.0,2152.0,7224.0,7443.0,6370.0,150.0,124.0,2301.0,2123.0,2121.0,2129.0
0.0,22917.0,6406.0,6372.0,4451.0,4526.0,978.0,1254.0,2294.0,2122.0,2122.0,2128.0,2096.0,2167.0,2143.0,8342.0,8360.0,6215.0,978.0,1254.0,2294.0,2122.0,2122.0,2128.0
0.0,20962.0,6453.0,6375.0,2575.0,8416.0,2970.0,3296.0,2150.0,2123.0,2123.0,2129.0,2138.0,2162.0,2153.0,7510.0,7234.0,6218.0,2970.0,3296.0,2150.0,2123.0,2123.0,2129.0
0.0,17084.0,6530.0,6381.0,4526.0,10444.0,4168.0,4231.0,2045.0,2125.0,2125.0,2131.0,2168.0,2181.0,2181.0,5522.0,5196.0,6366.0,4168.0,4231.0,2045.0,2125.0,2125.0,2131.0
0.0,15080.0,6443.0,6383.0,8416.0,8479.0,3361.0,3071.0,2047.0,2126.0,2126.0,2131.0,2159.0,2132.0,2152.0,4332.0,4269.0,6479.0,3361.0,3071.0,2047.0,2126.0,2126.0,2131.0
0.0,17053.0,6474.0,6384.0,10444.0,4513.0,1327.0,1026.0,2160.0,2126.0,2127.0,2131.0,2134.0,2182.0,2158.0,5143.0,5433.0,6477.0,1327.0,1026.0,2160.0,2126.0,2127.0,2131.0
0.0,21023.0,6443.0,6386.0,8479.0,2485.0,107.0,108.0,2270.0,2126.0,2128.0,2132.0,2141.0,2149.0,2153.0,7177.0,7482.0,6364.0,107.0,108.0,2270.0,2126.0,2128.0,2132.0
0.0,23059.0,6470.0,6387.0,4513.0,4446.0,917.0,1261.0,2268.0,2126.0,2129.0,2132.0,2137.0,2175.0,2158.0,8397.0,8404.0,6258.0,917.0,1261.0,2268.0,2126.0,2129.0,2132.0
0.0,21102.0,6443.0,6390.0,2485.0,8416.0,2951.0,3320.0,2145.0,2127.0,2130.0,2133.0,2137.0,2163.0,2143.0,7587.0,7255.0,6260.0,2951.0,3320.0,2145.0,2127.0,2130.0,2133.0
0.0,17144.0,6448.0,6389.0,4446.0,10414.0,4188.0,4211.0,2015.0,2127.0,2130.0,2132.0,2154.0,2152.0,2142.0,5557.0,5200.0,6387.0,4188.0,4211.0,2015.0,2127.0,2130.0,2132.0
0.0,15142.0,6535.0,6394.0,8416.0,8553.0,3423.0,3072.0,2058.0,2128.0,2132.0,2134.0,2182.0,2173.0,2180.0,4320.0,4309.0,6513.0,3423.0,3072.0,2058.0,2128.0,2132.0,2134.0
0.0,17023.0,6462.0,6395.0,10414.0,4605.0,1397.0,1020.0,2188.0,2129.0,2132.0,2134.0,2158.0,2159.0,2145.0,5089.0,5456.0,6478.0,1397.0,1020.0,2188.0,2129.0,2132.0,2134.0
0.0,20975.0,6405.0,6396.0,8553.0,2461.0,126.0,86.0,2249.0,2129.0,2133.0,2134.0,2152.0,2134.0,2119.0,7119.0,7508.0,6348.0,126.0,86.0,2249.0,2129.0,2133.0,2134.0
0.0,23123.0,6466.0,6398.0,4605.0,4330.0,883.0,1244.0,2203.0,2130.0,2134.0,2134.0,2150.0,2174.0,2142.0,8390.0,8446.0,6287.0,883.0,1244.0,2203.0,2130.0,2134.0,2134.0
0.0,21262.0,6437.0,6401.0,2461.0,8318.0,2898.0,3326.0,2094.0,2131.0,2135.0,2135.0,2137.0,2164.0,2136.0,7637.0,7292.0,6333.0,2898.0,3326.0,2094.0,2131.0,2135.0,2135.0
0.0,17286.0,6508.0,6404.0,4330.0,10508.0,4186.0,4242.0,2080.0,2132.0,2136.0,2136.0,2167.0,2156.0,2185.0,5626.0,5214.0,6446.0,4186.0,4242.0,2080.0,2132.0,2136.0,2136.0
0.0,15108.0,6404.0,6404.0,8318.0,8594.0,3433.0,3035.0,2126.0,2132.0,2135.0,2137.0,2145.0,2123.0,2136.0,4342.0,4302.0,6464.0,3433.0,3035.0,2126.0,2132.0,2135.0,2137.0
0.0,17022.0,6446.0,6403.0,10508.0,4528.0,1427.0,929.0,2172.0,2132.0,2135.0,2136.0,2180.0,2136.0,2130.0,5095.0,5505.0,6422.0,1427.0,929.0,2172.0,2132.0,2135.0,2136.0
0.0,21084.0,6363.0,6405.0,8594.0,2305.0,130.0,2.0,2173.0,2133.0,2135.0,2137.0,2132.0,2108.0,2123.0,7101.0,7611.0,6372.0,130.0,2.0,2173.0,2133.0,2135.0,2137.0
0.0,23315.0,6353.0,6404.0,4528.0,4126.0,838.0,1168.0,2120.0,2133.0,2134.0,2137.0,2135.0,2099.0,2119.0,8402.0,8538.0,6375.0,838.0,1168.0,2120.0,2133.0,2134.0,2137.0
0.0,21490.0,6355.0,6401.0,2305.0,8164.0,2853.0,3273.0,2038.0,2133.0,2133.0,2135.0,2145.0,2111.0,2099.0,7694.0,7368.0,6428.0,2853.0,3273.0,2038.0,2133.0,2133.0,2135.0
0.0,17440.0,6432.0,6402.0,4126.0,10474.0,4178.0,4229.0,2067.0,2133.0,2133.0,2136.0,2163.0,2124.0,2145.0,5679.0,5259.0,6502.0,4178.0,4229.0,2067.0,2133.0,2133.0,2136.0
0.0,15134.0,6271.0,6402.0,8164.0,8581.0,3426.0,3050.0,2105.0,2134.0,2132.0,2136.0,2097.0,2098.0,2076.0,4354.0,4303.0,6477.0,3426.0,3050.0,2105.0,2134.0,2132.0,2136.0
0.0,17027.0,6432.0,6402.0,10474.0,4539.0,1386.0,955.0,2198.0,2134.0,2132.0,2136.0,2138.0,2134.0,2160.0,5110.0,5478.0,6439.0,1386.0,955.0,2198.0,2134.0,2132.0,2136.0
0.0,21069.0,6346.0,6403.0,8581.0,2310.0,95.0,0.0,2215.0,2135.0,2132.0,2136.0,2131.0,2093.0,2122.0,7150.0,7573.0,6346.0,95.0,0.0,2215.0,2135.0,2132.0,2136.0
0.0,23304.0,6405.0,6405.0,4539.0,4182.0,859.0,1164.0,2159.0,2136.0,2132.0,2137.0,2146.0,2121.0,2138.0,8445.0,8530.0,6329.0,859.0,1164.0,2159.0,2136.0,2132.0,2137.0
0.0,21438.0,6434.0,6407.0,2310.0,8314.0,2910.0,3296.0,2108.0,2136.0,2133.0,2138.0,2146.0,2128.0,2160.0,7685.0,7364.0,6389.0,2910.0,3296.0,2108.0,2136.0,2133.0,2138.0
0.0,17314.0,6427.0,6410.0,4182.0,10571.0,4217.0,4268.0,2086.0,2138.0,2133.0,2139.0,2158.0,2136.0,2133.0,5634.0,5236.0,6444.0,4217.0,4268.0,2086.0,2138.0,2133.0,2139.0
0.0,15069.0,6403.0,6413.0,8314.0,8672.0,3430.0,3106.0,2136.0,2139.0,2134.0,2140.0,2119.0,2130.0,2154.0,4335.0,4264.0,6470.0,3430.0,3106.0,2136.0,2139.0,2134.0,2140.0
0.0,16980.0,6377.0,6412.0,10571.0,4474.0,1327.0,962.0,2185.0,2138.0,2133.0,2141.0,2118.0,2128.0,2131.0,5126.0,5430.0,6424.0,1327.0,962.0,2185.0,2138.0,2133.0,2141.0
0.0,21174.0,6391.0,6414.0,8672.0,2219.0,27.0,0.0,2192.0,2139.0,2133.0,2142.0,2126.0,2126.0,2139.0,7225.0,7570.0,6379.0,27.0,0.0,2192.0,2139.0,2133.0,2142.0
0.0,23455.0,6423.0,6417.0,4474.0,4162.0,827.0,1166.0,2169.0,2140.0,2134.0,2143.0,2123.0,2142.0,2158.0,8529.0,8550.0,6376.0,827.0,1166.0,2169.0,2140.0,2134.0,2143.0
0.0,21506.0,6435.0,6418.0,2219.0,8382.0,2934.0,3313.0,2135.0,2140.0,2135.0,2143.0,2134.0,2143.0,2158.0,7733.0,7370.0,6403.0,2934.0,3313.0,2135.0,2140.0,2135.0,2143.0
0.0,17290.0,6460.0,6420.0,4162.0,10688.0,4261.0,4305.0,2122.0,2140.0,2136.0,2144.0,2154.0,2154.0,2152.0,5626.0,5227.0,6437.0,4261.0,4305.0,2122.0,2140.0,2136.0,2144.0
0.0,14992.0,6437.0,6420.0,8382.0,8743.0,3453.0,3129.0,2161.0,2140.0,2136.0,2144.0,2126.0,2137.0,2174.0,4299.0,4239.0,6454.0,3453.0,3129.0,2161.0,2140.0,2136.0,2144.0
0.0,16937.0,6471.0,6420.0,10688.0,4526.0,1338.0,987.0,2201.0,2140.0,2136.0,2144.0,2146.0,2163.0,2162.0,5107.0,5415.0,6415.0,1338.0,987.0,2201.0,2140.0,2136.0,2144.0
0.0,21154.0,6431.0,6423.0,8743.0,2240.0,33.0,0.0,2207.0,2141.0,2137.0,2145.0,2144.0,2124.0,2163.0,7222.0,7557.0,6375.0,33.0,0.0,2207.0,2141.0,2137.0,2145.0
0.0,23466.0,6440.0,6423.0,4526.0,4140.0,843.0,1147.0,2150.0,2140.0,2137.0,2146.0,2152.0,2148.0,2140.0,8531.0,8562.0,6373.0,843.0,1147.0,2150.0,2140.0,2137.0,2146.0
0.0,21552.0,6454.0,6426.0,2240.0,8366.0,2984.0,3296.0,2086.0,2142.0,2138.0,2146.0,2166.0,2145.0,2143.0,7717.0,7401.0,6434.0,2984.0,3296.0,2086.0,2142.0,2138.0,2146.0
0.0,17338.0,6467.0,6430.0,4140.0,10709.0,4296.0,4316.0,2097.0,2143.0,2140.0,2147.0,2151.0,2159.0,2157.0,5584.0,5256.0,6498.0,4296.0,4316.0,2097.0,2143.0,2140.0,2147.0
0.0,15011.0,6526.0,6432.0,8366.0,8877.0,3491.0,3195.0,2191.0,2143.0,2141.0,2148.0,2179.0,2171.0,2176.0,4276.0,4244.0,6491.0,3491.0,3195.0,2191.0,2143.0,2141.0,2148.0
0.0,16851.0,6524.0,6433.0,10709.0,4696.0,1386.0,1038.0,2272.0,2144.0,2141.0,2148.0,2187.0,2159.0,2178.0,5081.0,5369.0,6401.0,1386.0,1038.0,2272.0,2144.0,2141.0,2148.0
0.0,21036.0,6581.0,6437.0,8877.0,2416.0,104.0,45.0,2267.0,2145.0,2143.0,2149.0,2205.0,2194.0,2182.0,7190.0,7526.0,6320.0,104.0,45.0,2267.0,2145.0,2143.0,2149.0
0.0,23332.0,6514.0,6435.0,4696.0,4226.0,905.0,1170.0,2151.0,2145.0,2142.0,2148.0,2187.0,2167.0,2160.0,8476.0,8527.0,6329.0,905.0,1170.0,2151.0,2145.0,2142.0,2148.0
0.0,21514.0,6522.0,6439.0,2416.0,8348.0,2974.0,3293.0,2081.0,2146.0,2144.0,2149.0,2169.0,2160.0,2193.0,7675.0,7398.0,6441.0,2974.0,3293.0,2081.0,2146.0,2144.0,2149.0
0.0,17408.0,6579.0,6442.0,4226.0,10713.0,4272.0,4309.0,2132.0,2147.0,2145.0,2150.0,2199.0,2182.0,2198.0,5610.0,5283.0,6515.0,4272.0,4309.0,2132.0,2147.0,2145.0,2150.0
0.0,15055.0,6514.0,6444.0,8348.0,8887.0,3467.0,3200.0,2220.0,2147.0,2146.0,2151.0,2169.0,2180.0,2165.0,4316.0,4271.0,6468.0,3467.0,3200.0,2220.0,2147.0,2146.0,2151.0
0.0,16889.0,6525.0,6444.0,10713.0,4699.0,1353.0,1080.0,2266.0,2147.0,2146.0,2151.0,2158.0,2189.0,2178.0,5121.0,5384.0,6384.0,1353.0,1080.0,2266.0,2147.0,2146.0,2151.0
0.0,21077.0,6587.0,6449.0,8887.0,2419.0,79.0,93.0,2247.0,2149.0,2148.0,2152.0,2185.0,2205.0,2197.0,7235.0,7504.0,6338.0,79.0,93.0,2247.0,2149.0,2148.0,2152.0
0.0,23377.0,6502.0,6449.0,4699.0,4222.0,887.0,1181.0,2154.0,2149.0,2148.0,2152.0,2161.0,2168.0,2173.0,8517.0,8499.0,6361.0,887.0,1181.0,2154.0,2149.0,2148.0,2152.0
0.0,21574.0,6475.0,6450.0,2419.0,8282.0,2974.0,3249.0,2059.0,2149.0,2149.0,2152.0,2166.0,2157.0,2152.0,7709.0,7411.0,6454.0,2974.0,3249.0,2059.0,2149.0,2149.0,2152.0
0.0,17518.0,6592.0,6454.0,4222.0,10668.0,4283.0,4270.0,2115.0,2151.0,2150.0,2153.0,2188.0,2198.0,2206.0,5622.0,5347.0,6549.0,4283.0,4270.0,2115.0,2151.0,2150.0,2153.0
0.0,15148.0,6506.0,6457.0,8282.0,8904.0,3472.0,3195.0,2237.0,2152.0,2151.0,2154.0,2159.0,2170.0,2177.0,4321.0,4330.0,6497.0,3472.0,3195.0,2237.0,2152.0,2151.0,2154.0
0.0,16924.0,6487.0,6457.0,10668.0,4723.0,1363.0,1078.0,2282.0,2153.0,2150.0,2154.0,2170.0,2157.0,2160.0,5136.0,5409.0,6379.0,1363.0,1078.0,2282.0,2153.0,2150.0,2154.0
0.0,21105.0,6475.0,6458.0,8904.0,2298.0,50.0,42.0,2206.0,2154.0,2150.0,2154.0,2155.0,2159.0,2161.0,7249.0,7522.0,6334.0,50.0,42.0,2206.0,2154.0,2150.0,2154.0
0.0,23534.0,6540.0,6458.0,4723.0,4115.0,878.0,1139.0,2098.0,2154.0,2150.0,2154.0,2191.0,2175.0,2174.0,8566.0,8558.0,6410.0,878.0,1139.0,2098.0,2154.0,2150.0,2154.0
0.0,21717.0,6472.0,6459.0,2298.0,8293.0,2986.0,3233.0,2074.0,2154.0,2150.0,2155.0,2158.0,2136.0,2178.0,7738.0,7461.0,6518.0,2986.0,3233.0,2074.0,2154.0,2150.0,2155.0
0.0,17543.0,6450.0,6459.0,4115.0,10628.0,4247.0,4248.0,2133.0,2154.0,2150.0,2155.0,2139.0,2154.0,2157.0,5630.0,5367.0,6546.0,4247.0,4248.0,2133.0,2154.0,2150.0,2155.0
0.0,15208.0,6412.0,6458.0,8293.0,8743.0,3397.0,3138.0,2208.0,2154.0,2149.0,2155.0,2136.0,2127.0,2149.0,4369.0,4352.0,6487.0,3397.0,3138.0,2208.0,2154.0,2149.0,2155.0
0.0,17089.0,6606.0,6460.0,10628.0,4729.0,1366.0,1102.0,2261.0,2155.0,2150.0,2155.0,2212.0,2208.0,2186.0,5219.0,5458.0,6412.0,1366.0,1102.0,2261.0,2155.0,2150.0,2155.0
0.0,21111.0,6480.0,6461.0,8743.0,2470.0,144.0,134.0,2192.0,2156.0,2150.0,2155.0,2171.0,2170.0,2139.0,7254.0,7498.0,6359.0,144.0,134.0,2192.0,2156.0,2150.0,2155.0
0.0,23374.0,6349.0,6459.0,4729.0,4082.0,885.0,1120.0,2077.0,2155.0,2149.0,2155.0,2111.0,2092.0,2146.0,8480.0,8466.0,6428.0,885.0,1120.0,2077.0,2155.0,2149.0,2155.0
0.0,21754.0,6530.0,6460.0,2470.0,8146.0,2937.0,3155.0,2054.0,2156.0,2149.0,2155.0,2192.0,2169.0,2169.0,7735.0,7476.0,6543.0,2937.0,3155.0,2054.0,2156.0,2149.0,2155.0
0.0,17694.0,6448.0,6459.0,4082.0,10508.0,4223.0,4168.0,2117.0,2156.0,2148.0,2155.0,2171.0,2137.0,2140.0,5687.0,5441.0,6566.0,4223.0,4168.0,2117.0,2156.0,2148.0,2155.0
0.0,15328.0,6526.0,6462.0,8146.0,8900.0,3482.0,3192.0,2226.0,2157.0,2149.0,2156.0,2192.0,2175.0,2159.0,4401.0,4424.0,6503.0,3482.0,3192.0,2226.0,2157.0,2149.0,2156.0
0.0,16948.0,6504.0,6462.0,10508.0,4896.0,1457.0,1175.0,2264.0,2157.0,2149.0,2156.0,2198.0,2151.0,2155.0,5146.0,5404.0,6398.0,1457.0,1175.0,2264.0,2157.0,2149.0,2156.0
0.0,20952.0,6596.0,6465.0,8900.0,2604.0,211.0,166.0,2227.0,2159.0,2149.0,2157.0,2228.0,2183.0,2185.0,7171.0,7421.0,6360.0,211.0,166.0,2227.0,2159.0,2149.0,2157.0
0.0,23256.0,6596.0,6467.0,4896.0,4312.0,980.0,1193.0,2139.0,2160.0,2150.0,2157.0,2222.0,2198.0,2176.0,8425.0,8430.0,6401.0,980.0,1193.0,2139.0,2160.0,2150.0,2157.0
0.0,21556.0,6449.0,6467.0,2604.0,8157.0,2955.0,3165.0,2037.0,2161.0,2150.0,2156.0,2182.0,2138.0,2129.0,7660.0,7407.0,6489.0,2955.0,3165.0,2037.0,2161.0,2150.0,2156.0
0.0,17711.0,6534.0,6469.0,4312.0,10387.0,4176.0,4146.0,2065.0,2161.0,2151.0,2157.0,2201.0,2170.0,2163.0,5689.0,5435.0,6587.0,4176.0,4146.0,2065.0,2161.0,2151.0,2157.0
0.0,15489.0,6383.0,6470.0,8157.0,8617.0,3364.0,3097.0,2156.0,2162.0,2151.0,2157.0,2139.0,2116.0,2128.0,4468.0,4458.0,6563.0,3364.0,3097.0,2156.0,2162.0,2151.0,2157.0
0.0,17263.0,6427.0,6471.0,10387.0,4661.0,1329.0,1106.0,2226.0,2162.0,2152.0,2157.0,2141.0,2151.0,2135.0,5284.0,5507.0,6472.0,1329.0,1106.0,2226.0,2162.0,2152.0,2157.0
0.0,21223.0,6433.0,6473.0,8617.0,2485.0,109.0,180.0,2196.0,2162.0,2153.0,2158.0,2144.0,2167.0,2122.0,7319.0,7502.0,6402.0,109.0,180.0,2196.0,2162.0,2153.0,2158.0
0.0,23407.0,6565.0,6475.0,4661.0,4397.0,972.0,1270.0,2155.0,2162.0,2154.0,2159.0,2192.0,2192.0,2181.0,8539.0,8432.0,6436.0,972.0,1270.0,2155.0,2162.0,2154.0,2159.0
0.0,21503.0,6587.0,6481.0,2485.0,8523.0,3061.0,3295.0,2167.0,2164.0,2156.0,2161.0,2190.0,2197.0,2200.0,7676.0,7346.0,6481.0,3061.0,3295.0,2167.0,2164.0,2156.0,2161.0
0.0,17401.0,6441.0,6482.0,4397.0,10571.0,4217.0,4181.0,2173.0,2164.0,2157.0,2161.0,2128.0,2152.0,2161.0,5595.0,5329.0,6477.0,4217.0,4181.0,2173.0,2164.0,2157.0,2161.0
0.0,15357.0,6463.0,6484.0,8523.0,8519.0,3314.0,3043.0,2162.0,2164.0,2158.0,2162.0,2158.0,2153.0,2152.0,4439.0,4447.0,6471.0,3314.0,3043.0,2162.0,2164.0,2158.0,2162.0
0.0,17417.0,6527.0,6485.0,10571.0,4479.0,1253.0,1065.0,2161.0,2164.0,2159.0,2162.0,2156.0,2199.0,2172.0,5342.0,5589.0,6486.0,1253.0,1065.0,2161.0,2164.0,2159.0,2162.0
0.0,21461.0,6537.0,6488.0,8519.0,2509.0,116.0,211.0,2182.0,2165.0,2160.0,2163.0,2173.0,2185.0,2179.0,7403.0,7571.0,6487.0,116.0,211.0,2182.0,2165.0,2160.0,2163.0
0.0,23443.0,6631.0,6492.0,4479.0,4677.0,1072.0,1364.0,2241.0,2166.0,2162.0,2164.0,2205.0,2210.0,2216.0,8544.0,8429.0,6470.0,1072.0,1364.0,2241.0,2166.0,2162.0,2164.0
0.0,21291.0,6441.0,6493.0,2509.0,8613.0,3082.0,3327.0,2204.0,2166.0,2163.0,2164.0,2126.0,2170.0,2145.0,7592.0,7284.0,6415.0,3082.0,3327.0,2204.0,2166.0,2163.0,2164.0
0.0,17359.0,6505.0,6495.0,4677.0,10449.0,4174.0,4123.0,2152.0,2167.0,2163.0,2165.0,2160.0,2160.0,2185.0,5582.0,5325.0,6452.0,4174.0,4123.0,2152.0,2167.0,2163.0,2165.0
0.0,15531.0,6481.0,6497.0,8613.0,8325.0,3245.0,2958.0,2122.0,2167.0,2164.0,2166.0,2153.0,2158.0,2170.0,4494.0,4529.0,6508.0,3245.0,2958.0,2122.0,2167.0,2164.0,2166.0
0.0,17663.0,6465.0,6498.0,10449.0,4345.0,1236.0,986.0,2123.0,2168.0,2164.0,2166.0,2161.0,2151.0,2153.0,5423.0,5698.0,6542.0,1236.0,986.0,2123.0,2168.0,2164.0,2166.0
0.0,21647.0,6440.0,6498.0,8325.0,2460.0,120.0,182.0,2158.0,2168.0,2164.0,2166.0,2129.0,2154.0,2157.0,7436.0,7670.0,6541.0,120.0,182.0,2158.0,2168.0,2164.0,2166.0
0.0,23532.0,6452.0,6497.0,4345.0,4563.0,1035.0,1357.0,2171.0,2168.0,2164.0,2165.0,2151.0,2161.0,2140.0,8552.0,8474.0,6506.0,1035.0,1357.0,2171.0,2168.0,2164.0,2165.0
0.0,21425.0,6615.0,6501.0,2460.0,8734.0,3112.0,3387.0,2235.0,2169.0,2166.0,2166.0,2193.0,2204.0,2218.0,7637.0,7299.0,6489.0,3112.0,3387.0,2235.0,2169.0,2166.0,2166.0
0.0,17270.0,6618.0,6504.0,4563.0,10801.0,4270.0,4252.0,2279.0,2170.0,2167.0,2167.0,2189.0,2218.0,2211.0,5564.0,5277.0,6429.0,4270.0,4252.0,2279.0,2170.0,2167.0,2167.0
0.0,15215.0,6524.0,6505.0,8734.0,8595.0,3351.0,3017.0,2227.0,2171.0,2167.0,2167.0,2189.0,2152.0,2183.0,4410.0,4416.0,6389.0,3351.0,3017.0,2227.0,2171.0,2167.0,2167.0
0.0,17425.0,6528.0,6508.0,10801.0,4334.0,1242.0,927.0,2165.0,2171.0,2168.0,2169.0,2161.0,2158.0,2209.0,5333.0,5651.0,6441.0,1242.0,927.0,2165.0,2171.0,2168.0,2169.0
0.0,21698.0,6546.0,6509.0,8595.0,2289.0,65.0,88.0,2136.0,2171.0,2168.0,2170.0,2174.0,2178.0,2194.0,7442.0,7745.0,6511.0,65.0,88.0,2136.0,2171.0,2168.0,2170.0
0.0,23747.0,6572.0,6512.0,4334.0,4539.0,1013.0,1354.0,2172.0,2172.0,2169.0,2171.0,2186.0,2189.0,2197.0,8619.0,8584.0,6544.0,1013.0,1354.0,2172.0,2172.0,2169.0,2171.0
0.0,21509.0,6546.0,6512.0,2289.0,8796.0,3138.0,3438.0,2220.0,2172.0,2169.0,2171.0,2190.0,2172.0,2184.0,7675.0,7322.0,6512.0,3138.0,3438.0,2220.0,2172.0,2169.0,2171.0
0.0,17252.0,6611.0,6513.0,4539.0,10872.0,4342.0,4265.0,2265.0,2173.0,2169.0,2171.0,2213.0,2181.0,2217.0,5550.0,5238.0,6464.0,4342.0,4265.0,2265.0,2173.0,2169.0,2171.0
0.0,15180.0,6542.0,6512.0,8796.0,8614.0,3388.0,2999.0,2227.0,2172.0,2169.0,2171.0,2188.0,2172.0,2182.0,4350.0,4411.0,6419.0,3388.0,2999.0,2227.0,2172.0,2169.0,2171.0
0.0,17434.0,6501.0,6512.0,10872.0,4243.0,1218.0,879.0,2146.0,2172.0,2168.0,2172.0,2172.0,2149.0,2180.0,5300.0,5677.0,6457.0,1218.0,879.0,2146.0,2172.0,2168.0,2172.0
0.0,21805.0,6639.0,6514.0,8614.0,2276.0,52.0,86.0,2138.0,2173.0,2169.0,2172.0,2218.0,2202.0,2219.0,7470.0,7793.0,6542.0,52.0,86.0,2138.0,2173.0,2169.0,2172.0
0.0,23780.0,6577.0,6514.0,4243.0,4610.0,1028.0,1399.0,2183.0,2173.0,2169.0,2172.0,2194.0,2192.0,2191.0,8640.0,8590.0,6550.0,1028.0,1399.0,2183.0,2173.0,2169.0,2172.0
0.0,21446.0,6526.0,6515.0,2276.0,8864.0,3190.0,3458.0,2216.0,2174.0,2169.0,2172.0,2210.0,2145.0,2171.0,7664.0,7277.0,6505.0,3190.0,3458.0,2216.0,2174.0,2169.0,2172.0
0.0,17196.0,6618.0,6517.0,4610.0,10880.0,4381.0,4257.0,2242.0,2175.0,2169.0,2173.0,2215.0,2198.0,2205.0,5506.0,5218.0,6472.0,4381.0,4257.0,2242.0,2175.0,2169.0,2173.0
0.0,15188.0,6617.0,6516.0,8864.0,8629.0,3413.0,2979.0,2237.0,2175.0,2168.0,2173.0,2222.0,2184.0,2211.0,4319.0,4419.0,6450.0,3413.0,2979.0,2237.0,2175.0,2168.0,2173.0
0.0,17435.0,6448.0,6517.0,10880.0,4201.0,1214.0,848.0,2139.0,2176.0,2168.0,2173.0,2178.0,2126.0,2144.0,5287.0,5693.0,6455.0,1214.0,848.0,2139.0,2176.0,2168.0,2173.0
0.0,21867.0,6560.0,6518.0,8629.0,2158.0,0.0,50.0,2108.0,2176.0,2168.0,2174.0,2177.0,2181.0,2202.0,7490.0,7824.0,6553.0,0.0,50.0,2108.0,2176.0,2168.0,2174.0
0.0,23936.0,6548.0,6517.0,4201.0,4479.0,937.0,1381.0,2161.0,2176.0,2168.0,2173.0,2173.0,2179.0,2196.0,8726.0,8622.0,6588.0,937.0,1381.0,2161.0,2176.0,2168.0,2173.0
0.0,21589.0,6540.0,6518.0,2158.0,8865.0,3101.0,3509.0,2255.0,2176.0,2168.0,2174.0,2164.0,2178.0,2198.0,7767.0,7291.0,6531.0,3101.0,3509.0,2255.0,2176.0,2168.0,2174.0
0.0,17207.0,6542.0,6519.0,4479.0,10932.0,4339.0,4327.0,2266.0,2176.0,2169.0,2174.0,2175.0,2195.0,2172.0,5603.0,5163.0,6441.0,4339.0,4327.0,2266.0,2176.0,2169.0,2174.0
0.0,15144.0,6489.0,6519.0,8865.0,8556.0,3403.0,2984.0,2169.0,2176.0,2169.0,2174.0,2165.0,2166.0,2158.0,4365.0,4349.0,6430.0,3403.0,2984.0,2169.0,2176.0,2169.0,2174.0
0.0,17520.0,6474.0,6518.0,10932.0,4094.0,1209.0,824.0,2061.0,2175.0,2169.0,2174.0,2149.0,2167.0,2158.0,5301.0,5692.0,6527.0,1209.0,824.0,2061.0,2175.0,2169.0,2174.0
0.0,21978.0,6465.0,6517.0,8556.0,2057.0,0.0,11.0,2046.0,2175.0,2169.0,2173.0,2136.0,2171.0,2158.0,7491.0,7852.0,6635.0,0.0,11.0,2046.0,2175.0,2169.0,2173.0
0.0,24069.0,6630.0,6520.0,4094.0,4547.0,958.0,1405.0,2184.0,2176.0,2170.0,2174.0,2221.0,2214.0,2195.0,8758.0,8665.0,6646.0,958.0,1405.0,2184.0,2176.0,2170.0,2174.0
0.0,21533.0,6478.0,6522.0,2057.0,8976.0,3114.0,3577.0,2285.0,2177.0,2171.0,2174.0,2152.0,2179.0,2147.0,7746.0,7275.0,6512.0,3114.0,3577.0,2285.0,2177.0,2171.0,2174.0
0.0,17112.0,6600.0,6522.0,4547.0,11029.0,4335.0,4396.0,2298.0,2176.0,2172.0,2174.0,2183.0,2220.0,2197.0,5594.0,5107.0,6411.0,4335.0,4396.0,2298.0,2176.0,2172.0,2174.0
0.0,15059.0,6646.0,6525.0,8976.0,8711.0,3444.0,3055.0,2212.0,2177.0,2173.0,2175.0,2219.0,2232.0,2195.0,4369.0,4292.0,6398.0,3444.0,3055.0,2212.0,2177.0,2173.0,2175.0
0.0,17389.0,6553.0,6529.0,11029.0,4251.0,1306.0,872.0,2073.0,2179.0,2175.0,2175.0,2189.0,2205.0,2159.0,5264.0,5637.0,6488.0,1306.0,872.0,2073.0,2179.0,2175.0,2175.0
0.0,21865.0,6472.0,6528.0,8711.0,2025.0,12.0,0.0,2013.0,2178.0,2175.0,2175.0,2154.0,2166.0,2152.0,7410.0,7828.0,6627.0,12.0,0.0,2013.0,2178.0,2175.0,2175.0
0.0,24104.0,6684.0,6533.0,4251.0,4461.0,939.0,1358.0,2164.0,2179.0,2177.0,2177.0,2229.0,2239.0,2216.0,8700.0,8717.0,6687.0,939.0,1358.0,2164.0,2179.0,2177.0,2177.0
0.0,21671.0,6444.0,6531.0,2025.0,8872.0,3065.0,3531.0,2276.0,2178.0,2177.0,2176.0,2142.0,2173.0,2129.0,7777.0,7350.0,6544.0,3065.0,3531.0,2276.0,2178.0,2177.0,2176.0
0.0,17252.0,6603.0,6533.0,4461.0,11022.0,4357.0,4374.0,2291.0,2179.0,2178.0,2176.0,2227.0,2197.0,2179.0,5647.0,5177.0,6428.0,4357.0,4374.0,2291.0,2179.0,2178.0,2176.0
0.0,15110.0,6573.0,6532.0,8872.0,8719.0,3501.0,3035.0,2183.0,2178.0,2178.0,2176.0,2213.0,2192.0,2168.0,4359.0,4338.0,6413.0,3501.0,3035.0,2183.0,2178.0,2178.0,2176.0
0.0,17409.0,6538.0,6531.0,11022.0,4231.0,1320.0,867.0,2044.0,2177.0,2178.0,2176.0,2180.0,2206.0,2152.0,5211.0,5677.0,6521.0,1320.0,867.0,2044.0,2177.0,2178.0,2176.0
0.0,21893.0,6459.0,6532.0,8719.0,1990.0,0.0,0.0,1990.0,2177.0,2179.0,2176.0,2169.0,2161.0,2129.0,7388.0,7845.0,6660.0,0.0,0.0,1990.0,2177.0,2179.0,2176.0
0.0,24153.0,6555.0,6532.0,4231.0,4299.0,850.0,1329.0,2120.0,2177.0,2179.0,2176.0,2182.0,2199.0,2174.0,8720.0,8719.0,6714.0,850.0,1329.0,2120.0,2177.0,2179.0,2176.0
0.0,21829.0,6541.0,6535.0,1990.0,8862.0,3038.0,3516.0,2308.0,2178.0,2180.0,2177.0,2184.0,2183.0,2174.0,7858.0,7387.0,6584.0,3038.0,3516.0,2308.0,2178.0,2180.0,2177.0
0.0,17278.0,6635.0,6539.0,4299.0,11214.0,4419.0,4404.0,2391.0,2179.0,2182.0,2178.0,2227.0,2209.0,2199.0,5674.0,5204.0,6400.0,4419.0,4404.0,2391.0,2179.0,2182.0,2178.0
0.0,14942.0,6650.0,6543.0,8862.0,9018.0,3595.0,3104.0,2319.0,2181.0,2182.0,2180.0,2206.0,2216.0,2228.0,4297.0,4324.0,6321.0,3595.0,3104.0,2319.0,2181.0,2182.0,2180.0
0.0,17154.0,6549.0,6542.0,11214.0,4349.0,1360.0,864.0,2125.0,2180.0,2182.0,2180.0,2188.0,2164.0,2197.0,5129.0,5624.0,6401.0,1360.0,864.0,2125.0,2180.0,2182.0,2180.0
0.0,21819.0,6510.0,6542.0,9018.0,1974.0,0.0,0.0,1974.0,2180.0,2182.0,2180.0,2167.0,2175.0,2168.0,7360.0,7864.0,6595.0,0.0,0.0,1974.0,2180.0,2182.0,2180.0
0.0,24327.0,6570.0,6544.0,4349.0,4070.0,768.0,1246.0,2056.0,2181.0,2182.0,2181.0,2192.0,2175.0,2203.0,8788.0,8793.0,6746.0,768.0,1246.0,2056.0,2181.0,2182.0,2181.0
0.0,22106.0,6612.0,6547.0,1974.0,8720.0,2981.0,3443.0,2296.0,2182.0,2183.0,2182.0,2209.0,2193.0,2210.0,7956.0,7482.0,6668.0,2981.0,3443.0,2296.0,2182.0,2183.0,2182.0
0.0,17468.0,6628.0,6548.0,4070.0,11282.0,4412.0,4420.0,2450.0,2183.0,2183.0,2182.0,2195.0,2223.0,2210.0,5747.0,5289.0,6432.0,4412.0,4420.0,2450.0,2183.0,2183.0,2182.0
0.0,14910.0,6488.0,6548.0,8720.0,9050.0,3570.0,3135.0,2345.0,2182.0,2183.0,2183.0,2143.0,2158.0,2187.0,4320.0,4312.0,6278.0,3570.0,3135.0,2345.0,2182.0,2183.0,2183.0
0.0,17142.0,6619.0,6548.0,11282.0,4387.0,1339.0,921.0,2127.0,2182.0,2183.0,2183.0,2181.0,2206.0,2232.0,5158.0,5597.0,6387.0,1339.0,921.0,2127.0,2182.0,2183.0,2183.0
0.0,21805.0,6479.0,6548.0,9050.0,1956.0,0.0,0.0,1956.0,2183.0,2182.0,2183.0,2163.0,2142.0,2174.0,7389.0,7811.0,6605.0,0.0,0.0,1956.0,2183.0,2182.0,2183.0
0.0,24376.0,6569.0,6550.0,4387.0,4006.0,770.0,1191.0,2045.0,2183.0,2183.0,2184.0,2173.0,2184.0,2212.0,8796.0,8804.0,6776.0,770.0,1191.0,2045.0,2183.0,2183.0,2184.0
0.0,22194.0,6542.0,6551.0,1956.0,8596.0,2932.0,3352.0,2312.0,2183.0,2183.0,2185.0,2162.0,2161.0,2219.0,7962.0,7541.0,6691.0,2932.0,3352.0,2312.0,2183.0,2183.0,2185.0
0.0,17608.0,6502.0,6552.0,4006.0,11096.0,4321.0,4310.0,2465.0,2183.0,2183.0,2186.0,2159.0,2149.0,2194.0,5800.0,5380.0,6428.0,4321.0,4310.0,2465.0,2183.0,2183.0,2186.0
0.0,15112.0,6530.0,6554.0,8596.0,9038.0,3554.0,3124.0,2360.0,2184.0,2183.0,2187.0,2161.0,2166.0,2203.0,4411.0,4422.0,6279.0,3554.0,3124.0,2360.0,2184.0,2183.0,2187.0
0.0,17178.0,6586.0,6555.0,11096.0,4532.0,1415.0,1008.0,2109.0,2184.0,2183.0,2188.0,2182.0,2194.0,2210.0,5182.0,5608.0,6388.0,1415.0,1008.0,2109.0,2184.0,2183.0,2188.0
0.0,21688.0,6557.0,6555.0,9038.0,2051.0,46.0,54.0,1951.0,2184.0,2183.0,2188.0,2185.0,2170.0,2202.0,7321.0,7724.0,6643.0,46.0,54.0,1951.0,2184.0,2183.0,2188.0
0.0,24169.0,6530.0,6553.0,4532.0,4041.0,808.0,1214.0,2019.0,2184.0,2182.0,2187.0,2177.0,2172.0,2181.0,8690.0,8678.0,6801.0,808.0,1214.0,2019.0,2184.0,2182.0,2187.0
0.0,22171.0,6679.0,6556.0,2051.0,8681.0,2994.0,3377.0,2310.0,2185.0,2183.0,2188.0,2228.0,2213.0,2238.0,7928.0,7514.0,6729.0,2994.0,3377.0,2310.0,2185.0,2183.0,2188.0
0.0,17543.0,6648.0,6558.0,4041.0,11296.0,4413.0,4365.0,2518.0,2186.0,2184.0,2188.0,2223.0,2198.0,2227.0,5746.0,5355.0,6442.0,4413.0,4365.0,2518.0,2186.0,2184.0,2188.0
0.0,14936.0,6669.0,6561.0,8681.0,9296.0,3649.0,3208.0,2439.0,2187.0,2185.0,2189.0,2226.0,2216.0,2227.0,4331.0,4371.0,6234.0,3649.0,3208.0,2439.0,2187.0,2185.0,2189.0
0.0,16948.0,6704.0,6563.0,11296.0,4712.0,1484.0,1073.0,2155.0,2188.0,2185.0,2190.0,2244.0,2230.0,2230.0,5099.0,5532.0,6317.0,1484.0,1073.0,2155.0,2188.0,2185.0,2190.0
0.0,21540.0,6619.0,6565.0,9296.0,2043.0,60.0,59.0,1924.0,2189.0,2186.0,2190.0,2221.0,2190.0,2208.0,7268.0,7667.0,6605.0,60.0,59.0,1924.0,2189.0,2186.0,2190.0
0.0,24217.0,6604.0,6564.0,4712.0,3931.0,757.0,1192.0,1982.0,2188.0,2186.0,2190.0,2185.0,2206.0,2213.0,8696.0,8685.0,6836.0,757.0,1192.0,1982.0,2188.0,2186.0,2190.0
0.0,22325.0,6691.0,6567.0,2043.0,8591.0,2946.0,3357.0,2288.0,2189.0,2187.0,2191.0,2245.0,2220.0,2226.0,7995.0,7552.0,6778.0,2946.0,3357.0,2288.0,2189.0,2187.0,2191.0
0.0,17677.0,6640.0,6570.0,3931.0,11312.0,4409.0,4379.0,2524.0,2190.0,2188.0,2192.0,2216.0,2210.0,2214.0,5810.0,5391.0,6476.0,4409.0,4379.0,2524.0,2190.0,2188.0,2192.0
0.0,14968.0,6620.0,6569.0,8591.0,9337.0,3700.0,3221.0,2416.0,2190.0,2188.0,2191.0,2237.0,2199.0,2184.0,4351.0,4373.0,6244.0,3700.0,3221.0,2416.0,2190.0,2188.0,2191.0
0.0,16939.0,6629.0,6570.0,11312.0,4658.0,1481.0,1070.0,2107.0,2190.0,2189.0,2191.0,2190.0,2224.0,2215.0,5060.0,5531.0,6348.0,1481.0,1070.0,2107.0,2190.0,2189.0,2191.0
0.0,21622.0,6599.0,6572.0,9337.0,1953.0,0.0,50.0,1903.0,2190.0,2190.0,2192.0,2194.0,2197.0,2208.0,7279.0,7686.0,6657.0,0.0,50.0,1903.0,2190.0,2190.0,2192.0
0.0,24360.0,6709.0,6574.0,4658.0,3987.0,756.0,1231.0,2000.0,2191.0,2191.0,2192.0,2258.0,2247.0,2204.0,8785.0,8710.0,6865.0,756.0,1231.0,2000.0,2191.0,2191.0,2192.0
0.0,22309.0,6688.0,6575.0,1953.0,8726.0,2987.0,3420.0,2319.0,2191.0,2192.0,2192.0,2231.0,2235.0,2222.0,8008.0,7533.0,6768.0,2987.0,3420.0,2319.0,2191.0,2192.0,2192.0
0.0,17574.0,6707.0,6580.0,3987.0,11466.0,4480.0,4424.0,2562.0,2192.0,2194.0,2194.0,2245.0,2227.0,2235.0,5777.0,5348.0,6449.0,4480.0,4424.0,2562.0,2192.0,2194.0,2194.0
0.0,14854.0,6606.0,6581.0,8726.0,9350.0,3700.0,3218.0,2432.0,2193.0,2194.0,2194.0,2203.0,2214.0,2189.0,4288.0,4352.0,6214.0,3700.0,3218.0,2432.0,2193.0,2194.0,2194.0
0.0,16974.0,6652.0,6582.0,11466.0,4540.0,1412.0,1025.0,2103.0,2193.0,2195.0,2194.0,2192.0,2227.0,2233.0,5072.0,5558.0,6344.0,1412.0,1025.0,2103.0,2193.0,2195.0,2194.0
0.0,21788.0,6660.0,6585.0,9350.0,1923.0,0.0,62.0,1861.0,2194.0,2197.0,2194.0,2223.0,2247.0,2190.0,7360.0,7755.0,6673.0,0.0,62.0,1861.0,2194.0,2197.0,2194.0
0.0,24478.0,6654.0,6587.0,4540.0,3984.0,735.0,1269.0,1980.0,2195.0,2197.0,2195.0,2204.0,2232.0,2218.0,8837.0,8726.0,6915.0,735.0,1269.0,1980.0,2195.0,2197.0,2195.0
0.0,22364.0,6560.0,6588.0,1923.0,8625.0,2915.0,3437.0,2273.0,2195.0,2198.0,2195.0,2180.0,2226.0,2154.0,8045.0,7519.0,6800.0,2915.0,3437.0,2273.0,2195.0,2198.0,2195.0
0.0,17727.0,6720.0,6593.0,3984.0,11381.0,4421.0,4438.0,2522.0,2197.0,2200.0,2196.0,2233.0,2262.0,2225.0,5865.0,5355.0,6507.0,4421.0,4438.0,2522.0,2197.0,2200.0,2196.0
0.0,14991.0,6713.0,6599.0,8625.0,9493.0,3757.0,3252.0,2484.0,2199.0,2202.0,2198.0,2243.0,2243.0,2227.0,4367.0,4362.0,6262.0,3757.0,3252.0,2484.0,2199.0,2202.0,2198.0
0.0,16903.0,6613.0,6598.0,11381.0,4721.0,1521.0,1037.0,2163.0,2198.0,2202.0,2198.0,2189.0,2223.0,2201.0,5039.0,5556.0,6308.0,1521.0,1037.0,2163.0,2198.0,2202.0,2198.0
0.0,21671.0,6573.0,6600.0,9493.0,1889.0,0.0,0.0,1889.0,2199.0,2202.0,2199.0,2185.0,2182.0,2206.0,7271.0,7771.0,6629.0,0.0,0.0,1889.0,2199.0,2202.0,2199.0
0.0,24591.0,6570.0,6599.0,4721.0,3654.0,603.0,1119.0,1932.0,2199.0,2201.0,2199.0,2171.0,2193.0,2206.0,8843.0,8841.0,6907.0,603.0,1119.0,1932.0,2199.0,2201.0,2199.0
0.0,22742.0,6559.0,6597.0,1889.0,8316.0,2803.0,3291.0,2222.0,2198.0,2200.0,2199.0,2204.0,2176.0,2179.0,8193.0,7685.0,6864.0,2803.0,3291.0,2222.0,2198.0,2200.0,2199.0
0.0,18072.0,6583.0,6598.0,3654.0,11249.0,4389.0,4363.0,2497.0,2198.0,2200.0,2200.0,2189.0,2191.0,2203.0,5989.0,5509.0,6574.0,4389.0,4363.0,2497.0,2198.0,2200.0,2200.0
0.0,15143.0,6604.0,6601.0,8316.0,9549.0,3792.0,3281.0,2476.0,2199.0,2201.0,2201.0,2202.0,2205.0,2197.0,4403.0,4437.0,6303.0,3792.0,3281.0,2476.0,2199.0,2201.0,2201.0
0.0,16855.0,6548.0,6598.0,11249.0,4836.0,1590.0,1097.0,2149.0,2198.0,2200.0,2200.0,2191.0,2183.0,2174.0,5004.0,5523.0,6328.0,1590.0,1097.0,2149.0,2198.0,2200.0,2200.0
0.0,21556.0,6660.0,6602.0,9549.0,1963.0,21.0,30.0,1912.0,2200.0,2200.0,2202.0,2215.0,2214.0,2231.0,7202.0,7703.0,6651.0,21.0,30.0,1912.0,2200.0,2200.0,2202.0
0.0,24445.0,6723.0,6605.0,4836.0,3862.0,705.0,1155.0,2002.0,2201.0,2201.0,2203.0,2270.0,2218.0,2235.0,8779.0,8770.0,6896.0,705.0,1155.0,2002.0,2201.0,2201.0,2203.0
0.0,22558.0,6697.0,6606.0,1963.0,8600.0,2926.0,3330.0,2344.0,2201.0,2201.0,2204.0,2242.0,2205.0,2250.0,8099.0,7649.0,6810.0,2926.0,3330.0,2344.0,2201.0,2201.0,2204.0
0.0,17824.0,6638.0,6609.0,3862.0,11388.0,4483.0,4351.0,2554.0,2203.0,2201.0,2205.0,2254.0,2176.0,2208.0,5878.0,5474.0,6472.0,4483.0,4351.0,2554.0,2203.0,2201.0,2205.0
0.0,15048.0,6614.0,6611.0,8600.0,9410.0,3764.0,3215.0,2431.0,2203.0,2201.0,2207.0,2207.0,2194.0,2213.0,4329.0,4453.0,6266.0,3764.0,3215.0,2431.0,2203.0,2201.0,2207.0
0.0,17034.0,6663.0,6613.0,11388.0,4693.0,1522.0,1064.0,2107.0,2204.0,2201.0,2208.0,2237.0,2200.0,2226.0,5048.0,5589.0,6397.0,1522.0,1064.0,2107.0,2204.0,2201.0,2208.0
0.0,21759.0,6627.0,6615.0,9410.0,1938.0,0.0,33.0,1905.0,2205.0,2201.0,2209.0,2218.0,2184.0,2225.0,7294.0,7740.0,6725.0,0.0,33.0,1905.0,2205.0,2201.0,2209.0
0.0,24542.0,6697.0,6617.0,4693.0,3930.0,685.0,1204.0,2041.0,2205.0,2202.0,2210.0,2227.0,2231.0,2239.0,8840.0,8771.0,6931.0,685.0,1204.0,2041.0,2205.0,2202.0,2210.0
0.0,22538.0,6620.0,6615.0,1938.0,8604.0,2910.0,3360.0,2334.0,2205.0,2201.0,2209.0,2225.0,2193.0,2202.0,8135.0,7604.0,6799.0,2910.0,3360.0,2334.0,2205.0,2201.0,2209.0
0.0,17856.0,6696.0,6619.0,3930.0,11386.0,4440.0,4405.0,2541.0,2206.0,2203.0,2210.0,2211.0,2241.0,2244.0,5910.0,5444.0,6502.0,4440.0,4405.0,2541.0,2206.0,2203.0,2210.0
0.0,15090.0,6546.0,6619.0,8604.0,9328.0,3733.0,3205.0,2390.0,2207.0,2202.0,2210.0,2199.0,2164.0,2183.0,4384.0,4407.0,6299.0,3733.0,3205.0,2390.0,2207.0,2202.0,2210.0
0.0,17148.0,6631.0,6621.0,11386.0,4581.0,1488.0,1012.0,2081.0,2207.0,2203.0,2211.0,2195.0,2208.0,2228.0,5095.0,5603.0,6450.0,1488.0,1012.0,2081.0,2207.0,2203.0,2211.0
0.0,21903.0,6688.0,6622.0,9328.0,1963.0,0.0,36.0,1927.0,2207.0,2204.0,2211.0,2227.0,2225.0,2236.0,7340.0,7800.0,6763.0,0.0,36.0,1927.0,2207.0,2204.0,2211.0
0.0,24543.0,6533.0,6620.0,4581.0,3889.0,639.0,1212.0,2038.0,2206.0,2203.0,2211.0,2149.0,2192.0,2192.0,8846.0,8780.0,6917.0,639.0,1212.0,2038.0,2206.0,2203.0,2211.0
0.0,22591.0,6764.0,6626.0,1963.0,8714.0,2877.0,3457.0,2380.0,2208.0,2205.0,2213.0,2230.0,2273.0,2261.0,8185.0,7600.0,6806.0,2877.0,3457.0,2380.0,2208.0,2205.0,2213.0
0.0,17790.0,6618.0,6626.0,3889.0,11443.0,4422.0,4475.0,2546.0,2208.0,2206.0,2212.0,2184.0,2226.0,2208.0,5955.0,5363.0,6472.0,4422.0,4475.0,2546.0,2208.0,2206.0,2212.0
0.0,15061.0,6632.0,6628.0,8714.0,9369.0,3733.0,3244.0,2392.0,2208.0,2207.0,2213.0,2188.0,2222.0,2222.0,4410.0,4349.0,6302.0,3733.0,3244.0,2392.0,2208.0,2207.0,2213.0
0.0,17143.0,6573.0,6629.0,11443.0,4503.0,1494.0,970.0,2039.0,2208.0,2208.0,2213.0,2183.0,2197.0,2193.0,5099.0,5584.0,6460.0,1494.0,970.0,2039.0,2208.0,2208.0,2213.0
0.0,22013.0,6795.0,6634.0,9369.0,1949.0,43.0,1.0,1905.0,2211.0,2210.0,2213.0,2270.0,2267.0,2258.0,7338.0,7862.0,6813.0,43.0,1.0,1905.0,2211.0,2210.0,2213.0
0.0,24587.0,6609.0,6636.0,4503.0,4063.0,737.0,1238.0,2088.0,2211.0,2211.0,2214.0,2188.0,2203.0,2218.0,8801.0,8839.0,6947.0,737.0,1238.0,2088.0,2211.0,2211.0,2214.0
0.0,22481.0,6729.0,6639.0,1949.0,8855.0,2927.0,3482.0,2446.0,2212.0,2212.0,2215.0,2229.0,2241.0,2259.0,8107.0,7606.0,6768.0,2927.0,3482.0,2446.0,2212.0,2212.0,2215.0
0.0,17701.0,6677.0,6641.0,4063.0,11477.0,4405.0,4482.0,2590.0,2213.0,2213.0,2215.0,2211.0,2234.0,2232.0,5921.0,5366.0,6414.0,4405.0,4482.0,2590.0,2213.0,2213.0,2215.0
0.0,15087.0,6736.0,6644.0,8855.0,9370.0,3718.0,3258.0,2394.0,2214.0,2214.0,2216.0,2236.0,2254.0,2246.0,4447.0,4370.0,6270.0,3718.0,3258.0,2394.0,2214.0,2214.0,2216.0
0.0,17206.0,6609.0,6646.0,11477.0,4510.0,1502.0,992.0,2016.0,2214.0,2215.0,2217.0,2189.0,2212.0,2208.0,5138.0,5598.0,6470.0,1502.0,992.0,2016.0,2214.0,2215.0,2217.0
0.0,22074.0,6682.0,6647.0,9370.0,1855.0,0.0,0.0,1855.0,2214.0,2216.0,2217.0,2199.0,2250.0,2233.0,7354.0,7868.0,6852.0,0.0,0.0,1855.0,2214.0,2216.0,2217.0
0.0,24762.0,6794.0,6649.0,4510.0,4118.0,729.0,1271.0,2118.0,2214.0,2217.0,2218.0,2248.0,2271.0,2275.0,8873.0,8876.0,7013.0,729.0,1271.0,2118.0,2214.0,2217.0,2218.0
0.0,22478.0,6731.0,6651.0,1855.0,9002.0,2985.0,3504.0,2513.0,2215.0,2218.0,2218.0,2252.0,2229.0,2250.0,8127.0,7597.0,6754.0,2985.0,3504.0,2513.0,2215.0,2218.0,2218.0
0.0,17602.0,6782.0,6652.0,4118.0,11670.0,4539.0,4473.0,2658.0,2215.0,2218.0,2219.0,2283.0,2240.0,2259.0,5875.0,5368.0,6359.0,4539.0,4473.0,2658.0,2215.0,2218.0,2219.0
0.0,14938.0,6702.0,6654.0,9002.0,9378.0,3807.0,3204.0,2367.0,2216.0,2219.0,2219.0,2249.0,2231.0,2222.0,4321.0,4399.0,6218.0,3807.0,3204.0,2367.0,2216.0,2219.0,2219.0
0.0,17238.0,6746.0,6655.0,11670.0,4458.0,1524.0,982.0,1952.0,2217.0,2219.0,2219.0,2252.0,2251.0,2243.0,5057.0,5672.0,6509.0,1524.0,982.0,1952.0,2217.0,2219.0,2219.0
0.0,22162.0,6688.0,6656.0,9378.0,1830.0,0.0,17.0,1813.0,2217.0,2220.0,2219.0,2225.0,2235.0,2228.0,7344.0,7894.0,6924.0,0.0,17.0,1813.0,2217.0,2220.0,2219.0
0.0,24852.0,6631.0,6656.0,4458.0,3945.0,629.0,1243.0,2073.0,2217.0,2220.0,2219.0,2211.0,2208.0,2212.0,8926.0,8863.0,7063.0,629.0,1243.0,2073.0,2217.0,2220.0,2219.0
0.0,22679.0,6617.0,6656.0,1830.0,8732.0,2851.0,3424.0,2457.0,2216.0,2220.0,2220.0,2226.0,2198.0,2193.0,8239.0,7637.0,6803.0,2851.0,3424.0,2457.0,2216.0,2220.0,2220.0
0.0,17892.0,6744.0,6658.0,3945.0,11539.0,4486.0,4443.0,2610.0,2218.0,2220.0,2220.0,2256.0,2262.0,2226.0,6013.0,5456.0,6423.0,4486.0,4443.0,2610.0,2218.0,2220.0,2220.0
0.0,15093.0,6619.0,6658.0,8732.0,9426.0,3882.0,3216.0,2328.0,2219.0,2220.0,2219.0,2243.0,2197.0,2179.0,4386.0,4437.0,6270.0,3882.0,3216.0,2328.0,2219.0,2220.0,2219.0
0.0,17206.0,6741.0,6659.0,11539.0,4632.0,1649.0,1009.0,1974.0,2219.0,2220.0,2220.0,2253.0,2236.0,2252.0,4994.0,5664.0,6548.0,1649.0,1009.0,1974.0,2219.0,2220.0,2220.0
0.0,22004.0,6647.0,6659.0,9426.0,1855.0,0.0,3.0,1852.0,2219.0,2220.0,2220.0,2231.0,2210.0,2206.0,7227.0,7871.0,6906.0,0.0,3.0,1852.0,2219.0,2220.0,2220.0
0.0,24783.0,6728.0,6659.0,4632.0,3949.0,591.0,1226.0,2132.0,2219.0,2220.0,2220.0,2242.0,2232.0,2254.0,8878.0,8877.0,7028.0,591.0,1226.0,2132.0,2219.0,2220.0,2220.0
0.0,22687.0,6740.0,6661.0,1855.0,8842.0,2851.0,3472.0,2519.0,2220.0,2220.0,2221.0,2256.0,2249.0,2235.0,8285.0,7654.0,6748.0,2851.0,3472.0,2519.0,2220.0,2220.0,2221.0
0.0,17802.0,6685.0,6661.0,3949.0,11578.0,4502.0,4464.0,2612.0,2220.0,2220.0,2221.0,2242.0,2218.0,2225.0,6029.0,5408.0,6365.0,4502.0,4464.0,2612.0,2220.0,2220.0,2221.0
0.0,15066.0,6641.0,6661.0,8842.0,9377.0,3861.0,3222.0,2294.0,2220.0,2220.0,2221.0,2210.0,2230.0,2201.0,4378.0,4416.0,6272.0,3861.0,3222.0,2294.0,2220.0,2220.0,2221.0
0.0,17267.0,6648.0,6662.0,11578.0,4451.0,1581.0,978.0,1892.0,2221.0,2220.0,2221.0,2218.0,2220.0,2210.0,5019.0,5658.0,6590.0,1581.0,978.0,1892.0,2221.0,2220.0,2221.0
0.0,22197.0,6673.0,6664.0,9377.0,1842.0,0.0,0.0,1842.0,2221.0,2220.0,2223.0,2215.0,2222.0,2236.0,7303.0,7902.0,6992.0,0.0,0.0,1842.0,2221.0,2220.0,2223.0
0.0,24901.0,6763.0,6664.0,4451.0,4067.0,617.0,1242.0,2208.0,2222.0,2219.0,2223.0,2259.0,2246.0,2258.0,8949.0,8902.0,7050.0,617.0,1242.0,2208.0,2222.0,2219.0,2223.0
0.0,22589.0,6586.0,6663.0,1842.0,8807.0,2800.0,3443.0,2564.0,2221.0,2219.0,2223.0,2187.0,2201.0,2198.0,8271.0,7634.0,6684.0,2800.0,3443.0,2564.0,2221.0,2219.0,2223.0
0.0,17845.0,6654.0,6663.0,4067.0,11394.0,4398.0,4427.0,2569.0,2221.0,2219.0,2223.0,2215.0,2226.0,2213.0,6084.0,5433.0,6328.0,4398.0,4427.0,2569.0,2221.0,2219.0,2223.0
0.0,15258.0,6677.0,6664.0,8807.0,9268.0,3836.0,3192.0,2240.0,2222.0,2219.0,2223.0,2234.0,2208.0,2235.0,4486.0,4449.0,6323.0,3836.0,3192.0,2240.0,2222.0,2219.0,2223.0
0.0,17388.0,6809.0,6669.0,11394.0,4703.0,1708.0,1069.0,1926.0,2224.0,2221.0,2224.0,2262.0,2296.0,2251.0,5052.0,5684.0,6652.0,1708.0,1069.0,1926.0,2224.0,2221.0,2224.0
0.0,21973.0,6749.0,6673.0,9268.0,2200.0,98.0,143.0,1959.0,2224.0,2223.0,2226.0,2226.0,2258.0,2265.0,7188.0,7815.0,6970.0,98.0,143.0,1959.0,2224.0,2223.0,2226.0
0.0,24492.0,6711.0,6676.0,4703.0,4220.0,625.0,1321.0,2274.0,2225.0,2224.0,2227.0,2231.0,2243.0,2237.0,8798.0,8749.0,6945.0,625.0,1321.0,2274.0,2225.0,2224.0,2227.0
0.0,22484.0,6621.0,6676.0,2200.0,8641.0,2724.0,3410.0,2507.0,2225.0,2224.0,2227.0,2197.0,2232.0,2192.0,8275.0,7575.0,6634.0,2724.0,3410.0,2507.0,2225.0,2224.0,2227.0
0.0,18063.0,6729.0,6679.0,4220.0,11162.0,4351.0,4331.0,2480.0,2226.0,2225.0,2228.0,2248.0,2238.0,2243.0,6176.0,5486.0,6401.0,4351.0,4331.0,2480.0,2226.0,2225.0,2228.0
0.0,15554.0,6854.0,6683.0,8641.0,9391.0,3915.0,3220.0,2256.0,2227.0,2227.0,2229.0,2284.0,2291.0,2279.0,4553.0,4569.0,6432.0,3915.0,3220.0,2256.0,2227.0,2227.0,2229.0
0.0,17341.0,6746.0,6683.0,11162.0,4975.0,1798.0,1137.0,2040.0,2227.0,2227.0,2229.0,2234.0,2248.0,2264.0,4993.0,5688.0,6660.0,1798.0,1137.0,2040.0,2227.0,2227.0,2229.0
0.0,21757.0,6705.0,6683.0,9391.0,2289.0,102.0,174.0,2013.0,2226.0,2228.0,2229.0,2223.0,2253.0,2229.0,7110.0,7771.0,6876.0,102.0,174.0,2013.0,2226.0,2228.0,2229.0
0.0,24443.0,6735.0,6685.0,4975.0,4057.0,553.0,1256.0,2248.0,2226.0,2229.0,2230.0,2249.0,2215.0,2271.0,8802.0,8738.0,6903.0,553.0,1256.0,2248.0,2226.0,2229.0,2230.0
0.0,22683.0,6713.0,6687.0,2289.0,8489.0,2666.0,3325.0,2498.0,2226.0,2230.0,2231.0,2215.0,2239.0,2259.0,8351.0,7660.0,6672.0,2666.0,3325.0,2498.0,2226.0,2230.0,2231.0
0.0,18259.0,6663.0,6687.0,4057.0,11095.0,4348.0,4286.0,2461.0,2226.0,2230.0,2231.0,2235.0,2217.0,2211.0,6238.0,5595.0,6426.0,4348.0,4286.0,2461.0,2226.0,2230.0,2231.0
0.0,15653.0,6696.0,6689.0,8489.0,9310.0,3920.0,3186.0,2204.0,2227.0,2231.0,2231.0,2234.0,2221.0,2241.0,4556.0,4634.0,6463.0,3920.0,3186.0,2204.0,2227.0,2231.0,2231.0
0.0,17446.0,6797.0,6691.0,11095.0,5020.0,1824.0,1182.0,2014.0,2227.0,2232.0,2232.0,2252.0,2278.0,2267.0,4988.0,5738.0,6720.0,1824.0,1182.0,2014.0,2227.0,2232.0,2232.0
0.0,21744.0,6684.0,6692.0,9310.0,2398.0,125.0,241.0,2032.0,2227.0,2233.0,2232.0,2221.0,2241.0,2222.0,7084.0,7746.0,6914.0,125.0,241.0,2032.0,2227.0,2233.0,2232.0
0.0,24370.0,6672.0,6690.0,5020.0,4042.0,528.0,1281.0,2233.0,2227.0,2232.0,2231.0,2227.0,2226.0,2219.0,8783.0,8691.0,6896.0,528.0,1281.0,2233.0,2227.0,2232.0,2231.0
0.0,22718.0,6747.0,6695.0,2398.0,8411.0,2658.0,3292.0,2461.0,2228.0,2234.0,2233.0,2251.0,2244.0,2252.0,8380.0,7647.0,6691.0,2658.0,3292.0,2461.0,2228.0,2234.0,2233.0
0.0,18369.0,6708.0,6696.0,4042.0,11081.0,4353.0,4248.0,2480.0,2229.0,2234.0,2233.0,2219.0,2237.0,2252.0,6254.0,5644.0,6471.0,4353.0,4248.0,2480.0,2229.0,2234.0,2233.0
0.0,15703.0,6710.0,6698.0,8411.0,9388.0,3916.0,3201.0,2271.0,2229.0,2235.0,2234.0,2221.0,2241.0,2248.0,4563.0,4688.0,6452.0,3916.0,3201.0,2271.0,2229.0,2235.0,2234.0
0.0,17404.0,6747.0,6702.0,11081.0,5070.0,1817.0,1201.0,2052.0,2231.0,2236.0,2235.0,2246.0,2244.0,2257.0,5000.0,5739.0,6665.0,1817.0,1201.0,2052.0,2231.0,2236.0,2235.0
0.0,21738.0,6588.0,6697.0,9388.0,2250.0,64.0,191.0,1995.0,2229.0,2234.0,2234.0,2171.0,2199.0,2218.0,7107.0,7743.0,6888.0,64.0,191.0,1995.0,2229.0,2234.0,2234.0
0.0,24538.0,6721.0,6700.0,5070.0,3913.0,503.0,1234.0,2176.0,2231.0,2235.0,2234.0,2248.0,2240.0,2233.0,8852.0,8745.0,6941.0,503.0,1234.0,2176.0,2231.0,2235.0,2234.0
0.0,22887.0,6724.0,6701.0,2250.0,8391.0,2670.0,3274.0,2447.0,2231.0,2235.0,2235.0,2231.0,2231.0,2262.0,8421.0,7706.0,6760.0,2670.0,3274.0,2447.0,2231.0,2235.0,2235.0
0.0,18413.0,6714.0,6705.0,3913.0,11208.0,4427.0,4279.0,2502.0,2233.0,2236.0,2236.0,2252.0,2235.0,2227.0,6254.0,5666.0,6493.0,4427.0,4279.0,2502.0,2233.0,2236.0,2236.0
0.0,15612.0,6630.0,6701.0,8391.0,9431.0,3927.0,3221.0,2283.0,2231.0,2235.0,2235.0,2178.0,2220.0,2232.0,4505.0,4665.0,6442.0,3927.0,3221.0,2283.0,2231.0,2235.0,2235.0
0.0,17373.0,6707.0,6703.0,11208.0,4938.0,1725.0,1168.0,2045.0,2232.0,2235.0,2236.0,2221.0,2226.0,2260.0,4997.0,5719.0,6657.0,1725.0,1168.0,2045.0,2232.0,2235.0,2236.0
0.0,21874.0,6717.0,6703.0,9431.0,2224.0,27.0,190.0,2007.0,2232.0,2235.0,2236.0,2229.0,2243.0,2245.0,7203.0,7772.0,6899.0,27.0,190.0,2007.0,2232.0,2235.0,2236.0
0.0,24588.0,6768.0,6704.0,4938.0,4058.0,580.0,1252.0,2226.0,2233.0,2235.0,2236.0,2274.0,2230.0,2264.0,8901.0,8750.0,6937.0,580.0,1252.0,2226.0,2233.0,2235.0,2236.0
0.0,22758.0,6738.0,6705.0,2224.0,8576.0,2814.0,3290.0,2472.0,2233.0,2235.0,2237.0,2261.0,2228.0,2249.0,8352.0,7688.0,6718.0,2814.0,3290.0,2472.0,2233.0,2235.0,2237.0
0.0,18244.0,6770.0,6708.0,4058.0,11300.0,4509.0,4269.0,2522.0,2235.0,2235.0,2238.0,2267.0,2231.0,2272.0,6118.0,5650.0,6476.0,4509.0,4269.0,2522.0,2235.0,2235.0,2238.0
0.0,15532.0,6696.0,6708.0,8576.0,9420.0,3944.0,3213.0,2263.0,2236.0,2235.0,2237.0,2245.0,2234.0,2217.0,4431.0,4671.0,6430.0,3944.0,3213.0,2263.0,2236.0,2235.0,2237.0
0.0,17412.0,6695.0,6706.0,11300.0,4807.0,1655.0,1179.0,1973.0,2235.0,2234.0,2237.0,2224.0,2239.0,2232.0,5000.0,5727.0,6685.0,1655.0,1179.0,1973.0,2235.0,2234.0,2237.0
0.0,22017.0,6777.0,6707.0,9420.0,2182.0,0.0,215.0,1967.0,2236.0,2234.0,2237.0,2271.0,2249.0,2257.0,7285.0,7757.0,6975.0,0.0,215.0,1967.0,2236.0,2234.0,2237.0
0.0,24660.0,6879.0,6709.0,4807.0,4248.0,607.0,1332.0,2309.0,2236.0,2235.0,2238.0,2276.0,2292.0,2311.0,8958.0,8721.0,6981.0,607.0,1332.0,2309.0,2236.0,2235.0,2238.0
0.0,22588.0,6829.0,6711.0,2182.0,8903.0,2895.0,3386.0,2622.0,2236.0,2236.0,2239.0,2288.0,2265.0,2276.0,8337.0,7608.0,6643.0,2895.0,3386.0,2622.0,2236.0,2236.0,2239.0
0.0,17941.0,6779.0,6712.0,4248.0,11438.0,4563.0,4342.0,2533.0,2237.0,2237.0,2238.0,2271.0,2284.0,2224.0,6049.0,5558.0,6334.0,4563.0,4342.0,2533.0,2237.0,2237.0,2238.0
0.0,15410.0,6832.0,6714.0,8903.0,9375.0,3963.0,3228.0,2184.0,2238.0,2237.0,2239.0,2291.0,2272.0,2269.0,4385.0,4606.0,6419.0,3963.0,3228.0,2184.0,2238.0,2237.0,2239.0
0.0,17481.0,6722.0,6717.0,11438.0,4671.0,1647.0,1138.0,1886.0,2239.0,2238.0,2240.0,2243.0,2248.0,2231.0,4989.0,5720.0,6772.0,1647.0,1138.0,1886.0,2239.0,2238.0,2240.0
0.0,22197.0,6789.0,6719.0,9375.0,2133.0,0.0,171.0,1962.0,2239.0,2239.0,2241.0,2276.0,2257.0,2256.0,7309.0,7814.0,7074.0,0.0,171.0,1962.0,2239.0,2239.0,2241.0
0.0,24783.0,6783.0,6720.0,4671.0,4209.0,583.0,1305.0,2321.0,2240.0,2239.0,2241.0,2266.0,2272.0,2245.0,8996.0,8785.0,7002.0,583.0,1305.0,2321.0,2240.0,2239.0,2241.0
0.0,22671.0,6743.0,6722.0,2133.0,8827.0,2841.0,3377.0,2609.0,2240.0,2240.0,2242.0,2258.0,2239.0,2246.0,8377.0,7651.0,6643.0,2841.0,3377.0,2609.0,2240.0,2240.0,2242.0
0.0,18061.0,6727.0,6722.0,4209.0,11345.0,4523.0,4316.0,2506.0,2240.0,2240.0,2242.0,2265.0,2244.0,2218.0,6119.0,5583.0,6359.0,4523.0,4316.0,2506.0,2240.0,2240.0,2242.0
0.0,15543.0,6756.0,6725.0,8827.0,9286.0,3944.0,3217.0,2125.0,2241.0,2242.0,2242.0,2258.0,2270.0,2228.0,4437.0,4644.0,6462.0,3944.0,3217.0,2125.0,2241.0,2242.0,2242.0
0.0,17614.0,6811.0,6726.0,11345.0,4756.0,1708.0,1178.0,1870.0,2242.0,2242.0,2242.0,2283.0,2277.0,2251.0,5020.0,5751.0,6843.0,1708.0,1178.0,1870.0,2242.0,2242.0,2242.0
0.0,22148.0,6863.0,6728.0,9286.0,2341.0,52.0,265.0,2024.0,2242.0,2243.0,2243.0,2288.0,2300.0,2275.0,7260.0,7790.0,7098.0,52.0,265.0,2024.0,2242.0,2243.0,2243.0
0.0,24571.0,6705.0,6729.0,4756.0,4294.0,574.0,1358.0,2362.0,2242.0,2244.0,2243.0,2230.0,2267.0,2208.0,8916.0,8707.0,6948.0,574.0,1358.0,2362.0,2242.0,2244.0,2243.0
0.0,22622.0,6815.0,6732.0,2341.0,8780.0,2811.0,3378.0,2591.0,2243.0,2245.0,2244.0,2285.0,2281.0,2249.0,8394.0,7618.0,6610.0,2811.0,3378.0,2591.0,2243.0,2245.0,2244.0
0.0,18148.0,6746.0,6734.0,4294.0,11240.0,4458.0,4287.0,2495.0,2243.0,2246.0,2245.0,2221.0,2263.0,2262.0,6161.0,5602.0,6385.0,4458.0,4287.0,2495.0,2243.0,2246.0,2245.0
0.0,15696.0,6852.0,6737.0,8780.0,9324.0,3921.0,3224.0,2179.0,2244.0,2248.0,2245.0,2270.0,2307.0,2275.0,4514.0,4697.0,6485.0,3921.0,3224.0,2179.0,2244.0,2248.0,2245.0
0.0,17624.0,6779.0,6738.0,11240.0,4867.0,1703.0,1206.0,1958.0,2244.0,2248.0,2246.0,2240.0,2269.0,2270.0,5055.0,5768.0,6801.0,1703.0,1206.0,1958.0,2244.0,2248.0,2246.0
0.0,22085.0,6646.0,6739.0,9324.0,2207.0,0.0,228.0,1979.0,2244.0,2249.0,2246.0,2204.0,2242.0,2200.0,7273.0,7786.0,7026.0,0.0,228.0,1979.0,2244.0,2249.0,2246.0
0.0,24763.0,6686.0,6739.0,4867.0,4012.0,492.0,1271.0,2249.0,2244.0,2249.0,2246.0,2209.0,2249.0,2228.0,8990.0,8768.0,7005.0,492.0,1271.0,2249.0,2244.0,2249.0,2246.0
0.0,22944.0,6809.0,6743.0,2207.0,8630.0,2748.0,3329.0,2553.0,2245.0,2251.0,2247.0,2252.0,2278.0,2279.0,8484.0,7725.0,6735.0,2748.0,3329.0,2553.0,2245.0,2251.0,2247.0
0.0,18342.0,6867.0,6743.0,4012.0,11485.0,4551.0,4331.0,2603.0,2245.0,2250.0,2248.0,2295.0,2277.0,2295.0,6232.0,5675.0,6435.0,4551.0,4331.0,2603.0,2245.0,2250.0,2248.0
0.0,15487.0,6787.0,6744.0,8630.0,9646.0,4065.0,3280.0,2301.0,2246.0,2251.0,2247.0,2258.0,2274.0,2255.0,4429.0,4669.0,6389.0,4065.0,3280.0,2301.0,2246.0,2251.0,2247.0
0.0,17330.0,6747.0,6745.0,11485.0,4912.0,1765.0,1186.0,1961.0,2246.0,2251.0,2248.0,2251.0,2237.0,2259.0,4919.0,5724.0,6687.0,1765.0,1186.0,1961.0,2246.0,2251.0,2248.0
0.0,22068.0,6855.0,6750.0,9646.0,2163.0,0.0,208.0,1955.0,2248.0,2252.0,2250.0,2270.0,2298.0,2287.0,7219.0,7818.0,7031.0,0.0,208.0,1955.0,2248.0,2252.0,2250.0
0.0,24859.0,6793.0,6751.0,4912.0,4026.0,471.0,1308.0,2247.0,2248.0,2253.0,2250.0,2258.0,2282.0,2253.0,9014.0,8800.0,7045.0,471.0,1308.0,2247.0,2248.0,2253.0,2250.0
0.0,22978.0,6917.0,6752.0,2163.0,8784.0,2799.0,3392.0,2593.0,2249.0,2253.0,2250.0,2324.0,2292.0,2301.0,8521.0,7704.0,6753.0,2799.0,3392.0,2593.0,2249.0,2253.0,2250.0
0.0,18224.0,6901.0,6755.0,4026.0,11671.0,4636.0,4395.0,2640.0,2250.0,2254.0,2251.0,2304.0,2307.0,2290.0,6197.0,5620.0,6407.0,4636.0,4395.0,2640.0,2250.0,2254.0,2251.0
0.0,15349.0,6822.0,6756.0,8784.0,9713.0,4129.0,3269.0,2315.0,2251.0,2254.0,2251.0,2288.0,2266.0,2268.0,4364.0,4621.0,6364.0,4129.0,3269.0,2315.0,2251.0,2254.0,2251.0
0.0,17311.0,6804.0,6759.0,11671.0,4858.0,1761.0,1132.0,1965.0,2252.0,2255.0,2252.0,2264.0,2254.0,2286.0,4875.0,5747.0,6689.0,1761.0,1132.0,1965.0,2252.0,2255.0,2252.0
0.0,22178.0,6791.0,6760.0,9713.0,2036.0,0.0,121.0,1915.0,2253.0,2255.0,2252.0,2268.0,2258.0,2265.0,7247.0,7888.0,7043.0,0.0,121.0,1915.0,2253.0,2255.0,2252.0
0.0,25100.0,6710.0,6761.0,4858.0,3796.0,388.0,1204.0,2204.0,2253.0,2255.0,2253.0,2245.0,2215.0,2250.0,9108.0,8899.0,7093.0,388.0,1204.0,2204.0,2253.0,2255.0,2253.0
0.0,23248.0,6803.0,6762.0,2036.0,8567.0,2678.0,3314.0,2575.0,2254.0,2255.0,2253.0,2286.0,2231.0,2286.0,8624.0,7816.0,6808.0,2678.0,3314.0,2575.0,2254.0,2255.0,2253.0
0.0,18481.0,6795.0,6763.0,3796.0,11570.0,4562.0,4345.0,2663.0,2254.0,2255.0,2254.0,2272.0,2235.0,2288.0,6338.0,5706.0,6437.0,4562.0,4345.0,2663.0,2254.0,2255.0,2254.0
0.0,15482.0,6805.0,6765.0,8567.0,9816.0,4165.0,3285.0,2366.0,2255.0,2255.0,2255.0,2277.0,2254.0,2274.0,4454.0,4675.0,6353.0,4165.0,3285.0,2366.0,2255.0,2255.0,2255.0
0.0,17244.0,6792.0,6767.0,11570.0,5046.0,1875.0,1193.0,1978.0,2256.0,2255.0,2256.0,2268.0,2253.0,2271.0,4855.0,5735.0,6654.0,1875.0,1193.0,1978.0,2256.0,2255.0,2256.0
0.0,22022.0,6793.0,6767.0,9816.0,2041.0,0.0,151.0,1890.0,2256.0,2255.0,2256.0,2272.0,2243.0,2278.0,7149.0,7827.0,7046.0,0.0,151.0,1890.0,2256.0,2255.0,2256.0
0.0,25045.0,6720.0,6768.0,5046.0,3701.0,354.0,1200.0,2147.0,2257.0,2255.0,2256.0,2243.0,2242.0,2235.0,9042.0,8869.0,7134.0,354.0,1200.0,2147.0,2257.0,2255.0,2256.0
0.0,23371.0,6715.0,6768.0,2041.0,8375.0,2580.0,3273.0,2522.0,2257.0,2255.0,2256.0,2226.0,2224.0,2265.0,8674.0,7820.0,6877.0,2580.0,3273.0,2522.0,2257.0,2255.0,2256.0
0.0,18697.0,6837.0,6770.0,3701.0,11519.0,4521.0,4327.0,2671.0,2258.0,2255.0,2257.0,2291.0,2254.0,2292.0,6448.0,5747.0,6502.0,4521.0,4327.0,2671.0,2258.0,2255.0,2257.0
0.0,15561.0,6792.0,6774.0,8375.0,9952.0,4209.0,3318.0,2425.0,2260.0,2256.0,2258.0,2260.0,2260.0,2272.0,4511.0,4693.0,6357.0,4209.0,3318.0,2425.0,2260.0,2256.0,2258.0
0.0,17144.0,6808.0,6776.0,11519.0,5249.0,1947.0,1273.0,2029.0,2260.0,2257.0,2259.0,2259.0,2278.0,2271.0,4831.0,5706.0,6607.0,1947.0,1273.0,2029.0,2260.0,2257.0,2259.0
0.0,21855.0,6731.0,6777.0,9952.0,2072.0,0.0,222.0,1850.0,2260.0,2258.0,2259.0,2222.0,2263.0,2246.0,7093.0,7755.0,7007.0,0.0,222.0,1850.0,2260.0,2258.0,2259.0
0.0,25076.0,6845.0,6779.0,5249.0,3636.0,276.0,1250.0,2110.0,2260.0,2259.0,2260.0,2263.0,2297.0,2285.0,9080.0,8810.0,7186.0,276.0,1250.0,2110.0,2260.0,2259.0,2260.0
0.0,23480.0,6736.0,6781.0,2072.0,8308.0,2511.0,3286.0,2511.0,2261.0,2260.0,2260.0,2231.0,2254.0,2251.0,8764.0,7786.0,6930.0,2511.0,3286.0,2511.0,2261.0,2260.0,2260.0
0.0,18816.0,6775.0,6782.0,3636.0,11451.0,4505.0,4292.0,2654.0,2262.0,2260.0,2260.0,2266.0,2256.0,2253.0,6533.0,5754.0,6529.0,4505.0,4292.0,2654.0,2262.0,2260.0,2260.0
0.0,15677.0,6713.0,6783.0,8308.0,9860.0,4221.0,3269.0,2370.0,2262.0,2261.0,2260.0,2227.0,2259.0,2227.0,4543.0,4748.0,6386.0,4221.0,3269.0,2370.0,2262.0,2261.0,2260.0
0.0,17272.0,6772.0,6782.0,11451.0,5177.0,1960.0,1232.0,1985.0,2261.0,2261.0,2260.0,2248.0,2255.0,2269.0,4827.0,5775.0,6670.0,1960.0,1232.0,1985.0,2261.0,2261.0,2260.0
0.0,21951.0,6947.0,6786.0,9860.0,2280.0,30.0,300.0,1950.0,2262.0,2263.0,2261.0,2287.0,2329.0,2331.0,7084.0,7812.0,7055.0,30.0,300.0,1950.0,2262.0,2263.0,2261.0
0.0,24864.0,6804.0,6787.0,5177.0,3911.0,342.0,1348.0,2221.0,2262.0,2264.0,2261.0,2272.0,2276.0,2256.0,9018.0,8752.0,7094.0,342.0,1348.0,2221.0,2262.0,2264.0,2261.0
0.0,23237.0,6817.0,6788.0,2280.0,8452.0,2584.0,3351.0,2517.0,2262.0,2265.0,2261.0,2272.0,2299.0,2246.0,8706.0,7708.0,6823.0,2584.0,3351.0,2517.0,2262.0,2265.0,2261.0
0.0,18700.0,6867.0,6792.0,3911.0,11424.0,4553.0,4314.0,2557.0,2264.0,2266.0,2262.0,2303.0,2307.0,2257.0,6464.0,5709.0,6527.0,4553.0,4314.0,2557.0,2264.0,2266.0,2262.0
0.0,15744.0,6892.0,6794.0,8452.0,9872.0,4263.0,3292.0,2317.0,2264.0,2268.0,2262.0,2294.0,2321.0,2277.0,4503.0,4750.0,6491.0,4263.0,3292.0,2317.0,2264.0,2268.0,2262.0
0.0,17304.0,6842.0,6794.0,11424.0,5290.0,2015.0,1256.0,2019.0,2265.0,2268.0,2261.0,2301.0,2278.0,2263.0,4793.0,5780.0,6731.0,2015.0,1256.0,2019.0,2265.0,2268.0,2261.0
0.0,21886.0,6784.0,6793.0,9872.0,2198.0,43.0,219.0,1936.0,2265.0,2267.0,2261.0,2291.0,2259.0,2234.0,7045.0,7816.0,7025.0,43.0,219.0,1936.0,2265.0,2267.0,2261.0
0.0,24974.0,6901.0,6795.0,5290.0,3817.0,359.0,1275.0,2183.0,2266.0,2268.0,2261.0,2327.0,2308.0,2266.0,9017.0,8849.0,7108.0,359.0,1275.0,2183.0,2266.0,2268.0,2261.0
0.0,23363.0,6913.0,6796.0,2198.0,8536.0,2612.0,3360.0,2564.0,2266.0,2268.0,2262.0,2296.0,2304.0,2313.0,8705.0,7797.0,6861.0,2612.0,3360.0,2564.0,2266.0,2268.0,2262.0
0.0,18648.0,6922.0,6800.0,3817.0,11657.0,4574.0,4418.0,2665.0,2267.0,2270.0,2263.0,2317.0,2325.0,2280.0,6452.0,5712.0,6484.0,4574.0,4418.0,2665.0,2267.0,2270.0,2263.0
0.0,15543.0,6773.0,6800.0,8536.0,9894.0,4223.0,3322.0,2349.0,2267.0,2270.0,2263.0,2261.0,2264.0,2248.0,4494.0,4662.0,6387.0,4223.0,3322.0,2349.0,2267.0,2270.0,2263.0
0.0,17306.0,6831.0,6802.0,11657.0,5076.0,1946.0,1172.0,1958.0,2268.0,2270.0,2264.0,2293.0,2268.0,2270.0,4845.0,5758.0,6703.0,1946.0,1172.0,1958.0,2268.0,2270.0,2264.0
0.0,22132.0,6769.0,6802.0,9894.0,1972.0,0.0,102.0,1870.0,2268.0,2270.0,2264.0,2256.0,2252.0,2261.0,7126.0,7908.0,7098.0,0.0,102.0,1870.0,2268.0,2270.0,2264.0
0.0,25257.0,6912.0,6804.0,5076.0,3795.0,345.0,1239.0,2211.0,2268.0,2271.0,2265.0,2312.0,2305.0,2295.0,9093.0,8978.0,7186.0,345.0,1239.0,2211.0,2268.0,2271.0,2265.0
0.0,23421.0,6837.0,6806.0,1972.0,8668.0,2629.0,3405.0,2634.0,2269.0,2271.0,2266.0,2280.0,2268.0,2289.0,8727.0,7845.0,6849.0,2629.0,3405.0,2634.0,2269.0,2271.0,2266.0
0.0,18556.0,6945.0,6810.0,3795.0,11834.0,4624.0,4468.0,2742.0,2270.0,2272.0,2268.0,2336.0,2298.0,2311.0,6447.0,5679.0,6430.0,4624.0,4468.0,2742.0,2270.0,2272.0,2268.0
0.0,15406.0,6888.0,6810.0,8668.0,10054.0,4291.0,3350.0,2413.0,2270.0,2272.0,2268.0,2296.0,2287.0,2305.0,4456.0,4620.0,6330.0,4291.0,3350.0,2413.0,2270.0,2272.0,2268.0
0.0,17186.0,6997.0,6816.0,11834.0,5241.0,2004.0,1224.0,2013.0,2272.0,2273.0,2271.0,2329.0,2338.0,2330.0,4789.0,5738.0,6659.0,2004.0,1224.0,2013.0,2272.0,2273.0,2271.0
0.0,22023.0,6862.0,6816.0,10054.0,2049.0,2.0,148.0,1899.0,2272.0,2273.0,2271.0,2289.0,2274.0,2299.0,7084.0,7868.0,7071.0,2.0,148.0,1899.0,2272.0,2273.0,2271.0
0.0,25215.0,6886.0,6819.0,5241.0,3706.0,297.0,1199.0,2210.0,2273.0,2273.0,2273.0,2295.0,2275.0,2316.0,9086.0,8944.0,7185.0,297.0,1199.0,2210.0,2273.0,2273.0,2273.0
0.0,23570.0,6867.0,6819.0,2049.0,8524.0,2562.0,3337.0,2625.0,2273.0,2273.0,2273.0,2267.0,2286.0,2314.0,8795.0,7893.0,6882.0,2562.0,3337.0,2625.0,2273.0,2273.0,2273.0
0.0,18752.0,6787.0,6819.0,3706.0,11605.0,4502.0,4415.0,2688.0,2273.0,2273.0,2273.0,2237.0,2277.0,2273.0,6530.0,5755.0,6467.0,4502.0,4415.0,2688.0,2273.0,2273.0,2273.0
0.0,15671.0,6926.0,6825.0,8524.0,10031.0,4242.0,3379.0,2410.0,2275.0,2274.0,2276.0,2294.0,2297.0,2335.0,4590.0,4677.0,6404.0,4242.0,3379.0,2410.0,2275.0,2274.0,2276.0
0.0,17269.0,6861.0,6828.0,11605.0,5299.0,2018.0,1261.0,2020.0,2276.0,2275.0,2277.0,2274.0,2293.0,2294.0,4858.0,5717.0,6694.0,2018.0,1261.0,2020.0,2276.0,2275.0,2277.0
0.0,22013.0,6651.0,6825.0,10031.0,1914.0,0.0,80.0,1834.0,2276.0,2273.0,2276.0,2217.0,2206.0,2228.0,7086.0,7839.0,7088.0,0.0,80.0,1834.0,2276.0,2273.0,2276.0
0.0,25393.0,6831.0,6825.0,5299.0,3439.0,278.0,1078.0,2083.0,2276.0,2273.0,2276.0,2303.0,2259.0,2269.0,9111.0,9012.0,7270.0,278.0,1078.0,2083.0,2276.0,2273.0,2276.0
0.0,23861.0,6769.0,6824.0,1914.0,8290.0,2542.0,3231.0,2517.0,2276.0,2272.0,2276.0,2264.0,2237.0,2268.0,8826.0,8014.0,7021.0,2542.0,3231.0,2517.0,2276.0,2272.0,2276.0
0.0,19006.0,6892.0,6826.0,3439.0,11751.0,4546.0,4441.0,2764.0,2276.0,2273.0,2277.0,2282.0,2284.0,2326.0,6562.0,5857.0,6587.0,4546.0,4441.0,2764.0,2276.0,2273.0,2277.0
0.0,15553.0,6898.0,6828.0,8290.0,10367.0,4317.0,3482.0,2568.0,2277.0,2273.0,2278.0,2309.0,2272.0,2317.0,4558.0,4651.0,6344.0,4317.0,3482.0,2568.0,2277.0,2273.0,2278.0
0.0,16945.0,6890.0,6829.0,11751.0,5510.0,2065.0,1311.0,2134.0,2278.0,2272.0,2279.0,2290.0,2274.0,2326.0,4791.0,5610.0,6544.0,2065.0,1311.0,2134.0,2278.0,2272.0,2279.0
0.0,21806.0,6894.0,6829.0,10367.0,2037.0,38.0,137.0,1862.0,2277.0,2273.0,2279.0,2294.0,2304.0,2296.0,7047.0,7777.0,6982.0,38.0,137.0,1862.0,2277.0,2273.0,2279.0
0.0,25279.0,6882.0,6828.0,5510.0,3405.0,277.0,1100.0,2028.0,2277.0,2272.0,2279.0,2304.0,2278.0,2300.0,9070.0,8955.0,7254.0,277.0,1100.0,2028.0,2277.0,2272.0,2279.0
0.0,23907.0,6951.0,6831.0,2037.0,8331.0,2563.0,3275.0,2493.0,2278.0,2273.0,2280.0,2320.0,2308.0,2323.0,8831.0,7988.0,7088.0,2563.0,3275.0,2493.0,2278.0,2273.0,2280.0
0.0,18993.0,6932.0,6834.0,3405.0,11870.0,4599.0,4473.0,2798.0,2279.0,2274.0,2281.0,2309.0,2294.0,2329.0,6549.0,5817.0,6627.0,4599.0,4473.0,2798.0,2279.0,2274.0,2281.0
0.0,15466.0,6759.0,6833.0,8331.0,10294.0,4281.0,3464.0,2549.0,2278.0,2274.0,2281.0,2249.0,2266.0,2244.0,4517.0,4623.0,6326.0,4281.0,3464.0,2549.0,2278.0,2274.0,2281.0
0.0,17038.0,6788.0,6835.0,11870.0,5220.0,1963.0,1246.0,2011.0,2279.0,2275.0,2281.0,2277.0,2251.0,2260.0,4831.0,5632.0,6575.0,1963.0,1246.0,2011.0,2279.0,2275.0,2281.0
0.0,22120.0,6818.0,6835.0,10294.0,1775.0,0.0,51.0,1724.0,2279.0,2275.0,2281.0,2287.0,2269.0,2262.0,7153.0,7854.0,7113.0,0.0,51.0,1724.0,2279.0,2275.0,2281.0
0.0,25596.0,6918.0,6837.0,5220.0,3450.0,301.0,1112.0,2037.0,2279.0,2277.0,2281.0,2295.0,2299.0,2324.0,9147.0,9049.0,7400.0,301.0,1112.0,2037.0,2279.0,2277.0,2281.0
0.0,23898.0,6926.0,6839.0,1775.0,8609.0,2613.0,3359.0,2637.0,2280.0,2277.0,2282.0,2308.0,2298.0,2320.0,8815.0,7996.0,7087.0,2613.0,3359.0,2637.0,2280.0,2277.0,2282.0
0.0,18747.0,6814.0,6840.0,3450.0,11977.0,4595.0,4524.0,2858.0,2280.0,2278.0,2282.0,2283.0,2273.0,2258.0,6507.0,5749.0,6491.0,4595.0,4524.0,2858.0,2280.0,2278.0,2282.0
0.0,15383.0,6926.0,6842.0,8609.0,10302.0,4281.0,3500.0,2521.0,2281.0,2279.0,2282.0,2295.0,2331.0,2300.0,4525.0,4588.0,6270.0,4281.0,3500.0,2521.0,2281.0,2279.0,2282.0
0.0,17066.0,6919.0,6847.0,11977.0,5264.0,1983.0,1300.0,1981.0,2282.0,2281.0,2284.0,2293.0,2316.0,2310.0,4843.0,5616.0,6607.0,1983.0,1300.0,1981.0,2282.0,2281.0,2284.0
0.0,22124.0,6961.0,6850.0,10302.0,1935.0,20.0,157.0,1758.0,2283.0,2283.0,2284.0,2314.0,2349.0,2298.0,7145.0,7824.0,7155.0,20.0,157.0,1758.0,2283.0,2283.0,2284.0
0.0,25465.0,6840.0,6851.0,5264.0,3515.0,305.0,1152.0,2058.0,2283.0,2284.0,2284.0,2268.0,2291.0,2281.0,9112.0,8975.0,7378.0,305.0,1152.0,2058.0,2283.0,2284.0,2284.0
0.0,23889.0,6781.0,6852.0,1935.0,8365.0,2522.0,3289.0,2554.0,2283.0,2285.0,2284.0,2237.0,2290.0,2254.0,8827.0,7984.0,7078.0,2522.0,3289.0,2554.0,2283.0,2285.0,2284.0
0.0,19043.0,6836.0,6852.0,3515.0,11686.0,4477.0,4452.0,2757.0,2283.0,2285.0,2284.0,2260.0,2315.0,2261.0,6610.0,5851.0,6582.0,4477.0,4452.0,2757.0,2283.0,2285.0,2284.0
0.0,15722.0,6712.0,6851.0,8365.0,10029.0,4209.0,3408.0,2412.0,2283.0,2285.0,2283.0,2254.0,2245.0,2213.0,4655.0,4688.0,6379.0,4209.0,3408.0,2412.0,2283.0,2285.0,2283.0
0.0,17375.0,6878.0,6852.0,11686.0,5225.0,2017.0,1247.0,1961.0,2284.0,2285.0,2283.0,2281.0,2291.0,2306.0,4923.0,5732.0,6720.0,2017.0,1247.0,1961.0,2284.0,2285.0,2283.0
0.0,22183.0,6891.0,6855.0,10029.0,2099.0,107.0,147.0,1845.0,2285.0,2286.0,2284.0,2295.0,2304.0,2292.0,7119.0,7893.0,7171.0,107.0,147.0,1845.0,2285.0,2286.0,2284.0
0.0,25321.0,6707.0,6853.0,5225.0,3573.0,318.0,1121.0,2134.0,2284.0,2285.0,2284.0,2232.0,2225.0,2250.0,9033.0,8997.0,7291.0,318.0,1121.0,2134.0,2284.0,2285.0,2284.0
0.0,23839.0,6915.0,6858.0,2099.0,8409.0,2525.0,3277.0,2607.0,2286.0,2286.0,2286.0,2306.0,2299.0,2310.0,8818.0,8019.0,7002.0,2525.0,3277.0,2607.0,2286.0,2286.0,2286.0
0.0,19023.0,6813.0,6858.0,3573.0,11649.0,4476.0,4416.0,2757.0,2286.0,2286.0,2286.0,2269.0,2260.0,2284.0,6619.0,5867.0,6537.0,4476.0,4416.0,2757.0,2286.0,2286.0,2286.0
0.0,15783.0,6910.0,6858.0,8409.0,10150.0,4239.0,3452.0,2459.0,2286.0,2286.0,2286.0,2288.0,2313.0,2309.0,4668.0,4728.0,6387.0,4239.0,3452.0,2459.0,2286.0,2286.0,2286.0
0.0,17282.0,6910.0,6859.0,11649.0,5415.0,2087.0,1330.0,1998.0,2287.0,2286.0,2286.0,2320.0,2294.0,2296.0,4905.0,5692.0,6685.0,2087.0,1330.0,1998.0,2287.0,2286.0,2286.0
0.0,22021.0,6874.0,6861.0,10150.0,2147.0,187.0,160.0,1800.0,2288.0,2286.0,2287.0,2335.0,2282.0,2257.0,7061.0,7814.0,7146.0,187.0,160.0,1800.0,2288.0,2286.0,2287.0
0.0,25297.0,6745.0,6858.0,5415.0,3465.0,377.0,1042.0,2046.0,2288.0,2284.0,2286.0,2277.0,2220.0,2248.0,8965.0,8984.0,7348.0,377.0,1042.0,2046.0,2288.0,2284.0,2286.0
0.0,23967.0,6838.0,6857.0,2147.0,8152.0,2500.0,3127.0,2525.0,2288.0,2283.0,2286.0,2310.0,2249.0,2279.0,8775.0,8094.0,7098.0,2500.0,3127.0,2525.0,2288.0,2283.0,2286.0
0.0,19276.0,6821.0,6857.0,3465.0,11508.0,4391.0,4362.0,2755.0,2287.0,2283.0,2287.0,2272.0,2277.0,2272.0,6652.0,6005.0,6619.0,4391.0,4362.0,2755.0,2287.0,2283.0,2287.0
0.0,15920.0,6841.0,6857.0,8152.0,10197.0,4181.0,3516.0,2500.0,2287.0,2283.0,2287.0,2290.0,2281.0,2270.0,4757.0,4770.0,6393.0,4181.0,3516.0,2500.0,2287.0,2283.0,2287.0
0.0,17231.0,6797.0,6856.0,11508.0,5482.0,2053.0,1403.0,2026.0,2286.0,2282.0,2288.0,2267.0,2253.0,2277.0,4967.0,5616.0,6648.0,2053.0,1403.0,2026.0,2286.0,2282.0,2288.0
0.0,21942.0,6943.0,6857.0,10197.0,2232.0,205.0,185.0,1842.0,2287.0,2282.0,2288.0,2329.0,2298.0,2316.0,7091.0,7725.0,7126.0,205.0,185.0,1842.0,2287.0,2282.0,2288.0
0.0,25196.0,6906.0,6857.0,5482.0,3656.0,468.0,1087.0,2101.0,2287.0,2282.0,2288.0,2316.0,2305.0,2285.0,8943.0,8943.0,7310.0,468.0,1087.0,2101.0,2287.0,2282.0,2288.0
0.0,23772.0,6908.0,6859.0,2232.0,8340.0,2568.0,3213.0,2559.0,2288.0,2282.0,2289.0,2301.0,2311.0,2296.0,8680.0,8041.0,7051.0,2568.0,3213.0,2559.0,2288.0,2282.0,2289.0
0.0,19096.0,6951.0,6861.0,3656.0,11643.0,4425.0,4424.0,2794.0,2288.0,2283.0,2290.0,2325.0,2294.0,2332.0,6584.0,5915.0,6597.0,4425.0,4424.0,2794.0,2288.0,2283.0,2290.0
0.0,15801.0,6926.0,6864.0,8340.0,10241.0,4178.0,3510.0,2553.0,2289.0,2284.0,2291.0,2317.0,2295.0,2314.0,4727.0,4708.0,6366.0,4178.0,3510.0,2553.0,2289.0,2284.0,2291.0
0.0,17215.0,7036.0,6866.0,11643.0,5642.0,2122.0,1422.0,2098.0,2290.0,2284.0,2292.0,2365.0,2336.0,2335.0,4978.0,5626.0,6611.0,2122.0,1422.0,2098.0,2290.0,2284.0,2292.0
0.0,21822.0,6901.0,6868.0,10241.0,2310.0,243.0,207.0,1860.0,2291.0,2285.0,2292.0,2295.0,2291.0,2315.0,7038.0,7714.0,7070.0,243.0,207.0,1860.0,2291.0,2285.0,2292.0
0.0,25162.0,6951.0,6867.0,5642.0,3615.0,427.0,1115.0,2073.0,2290.0,2285.0,2292.0,2310.0,2330.0,2311.0,8921.0,8933.0,7308.0,427.0,1115.0,2073.0,2290.0,2285.0,2292.0
0.0,23853.0,6914.0,6868.0,2310.0,8223.0,2471.0,3231.0,2521.0,2290.0,2286.0,2292.0,2287.0,2319.0,2308.0,8733.0,8025.0,7095.0,2471.0,3231.0,2521.0,2290.0,2286.0,2292.0
0.0,19249.0,7009.0,6869.0,3615.0,11621.0,4362.0,4456.0,2803.0,2290.0,2286.0,2293.0,2318.0,2340.0,2351.0,6689.0,5913.0,6647.0,4362.0,4456.0,2803.0,2290.0,2286.0,2293.0
0.0,15855.0,6934.0,6870.0,8223.0,10336.0,4176.0,3563.0,2597.0,2290.0,2287.0,2293.0,2285.0,2334.0,2315.0,4798.0,4688.0,6369.0,4176.0,3563.0,2597.0,2290.0,2287.0,2293.0
0.0,17144.0,6990.0,6871.0,11621.0,5709.0,2128.0,1441.0,2140.0,2290.0,2288.0,2293.0,2314.0,2330.0,2346.0,4984.0,5585.0,6575.0,2128.0,1441.0,2140.0,2290.0,2288.0,2293.0
0.0,21775.0,6953.0,6874.0,10336.0,2338.0,263.0,187.0,1888.0,2291.0,2289.0,2294.0,2307.0,2305.0,2341.0,7032.0,7711.0,7032.0,263.0,187.0,1888.0,2291.0,2289.0,2294.0
0.0,25158.0,7033.0,6878.0,5709.0,3678.0,479.0,1107.0,2092.0,2293.0,2290.0,2295.0,2336.0,2357.0,2340.0,8901.0,8969.0,7288.0,479.0,1107.0,2092.0,2293.0,2290.0,2295.0
0.0,23834.0,7011.0,6880.0,2338.0,8359.0,2537.0,3264.0,2558.0,2293.0,2291.0,2296.0,2321.0,2340.0,2350.0,8693.0,8053.0,7088.0,2537.0,3264.0,2558.0,2293.0,2291.0,2296.0
0.0,19161.0,6997.0,6882.0,3678.0,11686.0,4380.0,4509.0,2797.0,2294.0,2292.0,2296.0,2318.0,2348.0,2331.0,6635.0,5900.0,6626.0,4380.0,4509.0,2797.0,2294.0,2292.0,2296.0
0.0,15842.0,6972.0,6889.0,8359.0,10327.0,4165.0,3598.0,2564.0,2296.0,2295.0,2298.0,2314.0,2341.0,2317.0,4796.0,4659.0,6387.0,4165.0,3598.0,2564.0,2296.0,2295.0,2298.0
0.0,17229.0,6995.0,6893.0,11686.0,5652.0,2118.0,1406.0,2128.0,2297.0,2296.0,2300.0,2329.0,2313.0,2353.0,5019.0,5582.0,6628.0,2118.0,1406.0,2128.0,2297.0,2296.0,2300.0
0.0,21920.0,6936.0,6895.0,10327.0,2269.0,245.0,129.0,1895.0,2297.0,2297.0,2301.0,2292.0,2317.0,2327.0,7070.0,7778.0,7072.0,245.0,129.0,1895.0,2297.0,2297.0,2301.0
0.0,25311.0,7064.0,6898.0,5652.0,3693.0,468.0,1090.0,2135.0,2298.0,2299.0,2301.0,2337.0,2359.0,2368.0,8943.0,9059.0,7309.0,468.0,1090.0,2135.0,2298.0,2299.0,2301.0
0.0,23899.0,7026.0,6900.0,2269.0,8458.0,2545.0,3321.0,2592.0,2298.0,2300.0,2302.0,2322.0,2356.0,2348.0,8724.0,8106.0,7069.0,2545.0,3321.0,2592.0,2298.0,2300.0,2302.0
0.0,19142.0,6956.0,6902.0,3693.0,11729.0,4401.0,4557.0,2771.0,2299.0,2301.0,2302.0,2320.0,2322.0,2314.0,6647.0,5879.0,6616.0,4401.0,4557.0,2771.0,2299.0,2301.0,2302.0
0.0,15879.0,6937.0,6903.0,8458.0,10212.0,4172.0,3565.0,2475.0,2299.0,2302.0,2302.0,2316.0,2325.0,2296.0,4795.0,4647.0,6437.0,4172.0,3565.0,2475.0,2299.0,2302.0,2302.0
0.0,17400.0,6990.0,6906.0,11729.0,5485.0,2096.0,1342.0,2047.0,2300.0,2303.0,2303.0,2321.0,2330.0,2339.0,5024.0,5643.0,6733.0,2096.0,1342.0,2047.0,2300.0,2303.0,2303.0
0.0,22139.0,6929.0,6904.0,10212.0,2194.0,246.0,65.0,1883.0,2300.0,2302.0,2302.0,2322.0,2292.0,2315.0,7104.0,7870.0,7165.0,246.0,65.0,1883.0,2300.0,2302.0,2302.0
0.0,25422.0,6984.0,6905.0,5485.0,3697.0,489.0,1055.0,2153.0,2300.0,2303.0,2302.0,2339.0,2328.0,2317.0,8954.0,9143.0,7325.0,489.0,1055.0,2153.0,2300.0,2303.0,2302.0
0.0,23923.0,6794.0,6906.0,2194.0,8301.0,2534.0,3244.0,2523.0,2301.0,2303.0,2302.0,2287.0,2254.0,2253.0,8711.0,8157.0,7055.0,2534.0,3244.0,2523.0,2301.0,2303.0,2302.0
0.0,19323.0,6911.0,6909.0,3697.0,11527.0,4361.0,4499.0,2667.0,2302.0,2304.0,2303.0,2312.0,2306.0,2293.0,6670.0,5968.0,6685.0,4361.0,4499.0,2667.0,2302.0,2304.0,2303.0
0.0,16109.0,6900.0,6910.0,8301.0,10130.0,4135.0,3557.0,2438.0,2302.0,2304.0,2304.0,2308.0,2302.0,2290.0,4847.0,4717.0,6545.0,4135.0,3557.0,2438.0,2302.0,2304.0,2304.0
0.0,17510.0,6889.0,6909.0,11527.0,5488.0,2074.0,1350.0,2064.0,2302.0,2304.0,2303.0,2300.0,2292.0,2297.0,5073.0,5659.0,6778.0,2074.0,1350.0,2064.0,2302.0,2304.0,2303.0
0.0,22148.0,6902.0,6909.0,10130.0,2260.0,257.0,83.0,1920.0,2302.0,2304.0,2303.0,2318.0,2290.0,2294.0,7134.0,7866.0,7148.0,257.0,83.0,1920.0,2302.0,2304.0,2303.0
0.0,25376.0,6743.0,6908.0,5488.0,3511.0,448.0,988.0,2075.0,2302.0,2304.0,2302.0,2265.0,2255.0,2223.0,8951.0,9133.0,7292.0,448.0,988.0,2075.0,2302.0,2304.0,2302.0
0.0,24121.0,6856.0,6907.0,2260.0,8103.0,2460.0,3199.0,2444.0,2302.0,2303.0,2302.0,2269.0,2298.0,2289.0,8760.0,8228.0,7133.0,2460.0,3199.0,2444.0,2302.0,2303.0,2302.0
0.0,19525.0,6829.0,6904.0,3511.0,11409.0,4265.0,4485.0,2659.0,2301.0,2302.0,2301.0,2257.0,2278.0,2294.0,6748.0,6013.0,6764.0,4265.0,4485.0,2659.0,2301.0,2302.0,2301.0
0.0,16207.0,6783.0,6901.0,8103.0,10077.0,4068.0,3546.0,2463.0,2300.0,2301.0,2300.0,2267.0,2264.0,2252.0,4939.0,4723.0,6545.0,4068.0,3546.0,2463.0,2300.0,2301.0,2300.0
0.0,17527.0,6910.0,6903.0,11409.0,5586.0,2110.0,1350.0,2126.0,2301.0,2301.0,2301.0,2303.0,2289.0,2318.0,5132.0,5658.0,6737.0,2110.0,1350.0,2126.0,2301.0,2301.0,2301.0
0.0,22026.0,6851.0,6904.0,10077.0,2364.0,312.0,84.0,1968.0,2301.0,2301.0,2302.0,2270.0,2280.0,2301.0,7094.0,7854.0,7078.0,312.0,84.0,1968.0,2301.0,2301.0,2302.0
0.0,25252.0,6857.0,6904.0,5586.0,3635.0,494.0,1019.0,2122.0,2302.0,2300.0,2302.0,2288.0,2289.0,2280.0,8892.0,9120.0,7240.0,494.0,1019.0,2122.0,2302.0,2300.0,2302.0
0.0,23981.0,6951.0,6909.0,2364.0,8242.0,2502.0,3279.0,2461.0,2303.0,2302.0,2304.0,2316.0,2336.0,2299.0,8714.0,8181.0,7086.0,2502.0,3279.0,2461.0,2303.0,2302.0,2304.0
0.0,19394.0,6925.0,6910.0,3635.0,11536.0,4321.0,4581.0,2634.0,2304.0,2302.0,2304.0,2309.0,2321.0,2295.0,6710.0,5929.0,6755.0,4321.0,4581.0,2634.0,2304.0,2302.0,2304.0
0.0,16104.0,7021.0,6913.0,8242.0,10327.0,4171.0,3640.0,2516.0,2305.0,2303.0,2305.0,2348.0,2334.0,2339.0,4895.0,4627.0,6582.0,4171.0,3640.0,2516.0,2305.0,2303.0,2305.0
0.0,17325.0,6949.0,6917.0,11536.0,5756.0,2169.0,1395.0,2192.0,2306.0,2305.0,2306.0,2315.0,2328.0,2306.0,5049.0,5572.0,6704.0,2169.0,1395.0,2192.0,2306.0,2305.0,2306.0
0.0,21912.0,6963.0,6917.0,10327.0,2392.0,320.0,70.0,2002.0,2306.0,2305.0,2306.0,2322.0,2315.0,2326.0,7055.0,7825.0,7032.0,320.0,70.0,2002.0,2306.0,2305.0,2306.0
0.0,25276.0,6904.0,6919.0,5756.0,3548.0,447.0,1000.0,2101.0,2307.0,2306.0,2306.0,2292.0,2321.0,2291.0,8904.0,9150.0,7222.0,447.0,1000.0,2101.0,2307.0,2306.0,2306.0
0.0,24128.0,6982.0,6922.0,2392.0,8150.0,2454.0,3265.0,2431.0,2308.0,2307.0,2307.0,2323.0,2331.0,2328.0,8781.0,8224.0,7123.0,2454.0,3265.0,2431.0,2308.0,2307.0,2307.0
0.0,19538.0,6962.0,6922.0,3548.0,11564.0,4341.0,4593.0,2630.0,2308.0,2307.0,2307.0,2334.0,2328.0,2300.0,6778.0,5963.0,6797.0,4341.0,4593.0,2630.0,2308.0,2307.0,2307.0
0.0,16124.0,6977.0,6924.0,8150.0,10399.0,4211.0,3663.0,2525.0,2308.0,2308.0,2308.0,2324.0,2331.0,2322.0,4891.0,4635.0,6598.0,4211.0,3663.0,2525.0,2308.0,2308.0,2308.0
0.0,17297.0,6938.0,6928.0,11564.0,5789.0,2198.0,1385.0,2206.0,2309.0,2310.0,2309.0,2324.0,2307.0,2307.0,5021.0,5569.0,6707.0,2198.0,1385.0,2206.0,2309.0,2310.0,2309.0
0.0,21923.0,7031.0,6931.0,10399.0,2433.0,337.0,75.0,2021.0,2309.0,2312.0,2310.0,2350.0,2345.0,2336.0,7038.0,7855.0,7030.0,337.0,75.0,2021.0,2309.0,2312.0,2310.0
0.0,25291.0,7020.0,6935.0,5789.0,3680.0,492.0,1040.0,2148.0,2311.0,2313.0,2311.0,2345.0,2346.0,2329.0,8899.0,9173.0,7219.0,492.0,1040.0,2148.0,2311.0,2313.0,2311.0
0.0,24060.0,6952.0,6937.0,2433.0,8207.0,2478.0,3274.0,2455.0,2311.0,2314.0,2312.0,2323.0,2305.0,2324.0,8752.0,8212.0,7096.0,2478.0,3274.0,2455.0,2311.0,2314.0,2312.0
0.0,19541.0,7097.0,6943.0,3680.0,11648.0,4349.0,4608.0,2691.0,2313.0,2316.0,2314.0,2355.0,2366.0,2376.0,6766.0,5982.0,6793.0,4349.0,4608.0,2691.0,2313.0,2316.0,2314.0
0.0,16124.0,7054.0,6946.0,8207.0,10507.0,4228.0,3700.0,2579.0,2314.0,2317.0,2315.0,2353.0,2362.0,2339.0,4903.0,4656.0,6565.0,4228.0,3700.0,2579.0,2314.0,2317.0,2315.0
0.0,17277.0,7068.0,6949.0,11648.0,5939.0,2251.0,1458.0,2230.0,2315.0,2318.0,2316.0,2368.0,2362.0,2338.0,5028.0,5568.0,6681.0,2251.0,1458.0,2230.0,2315.0,2318.0,2316.0
0.0,21857.0,7010.0,6950.0,10507.0,2446.0,362.0,120.0,1964.0,2315.0,2319.0,2316.0,2339.0,2358.0,2313.0,7009.0,7814.0,7034.0,362.0,120.0,1964.0,2315.0,2319.0,2316.0
0.0,25354.0,7063.0,6952.0,5939.0,3578.0,471.0,1025.0,2082.0,2316.0,2320.0,2316.0,2356.0,2359.0,2348.0,8898.0,9156.0,7300.0,471.0,1025.0,2082.0,2316.0,2320.0,2316.0
0.0,24230.0,7059.0,6956.0,2446.0,8207.0,2467.0,3268.0,2472.0,2317.0,2322.0,2317.0,2354.0,2355.0,2350.0,8793.0,8255.0,7182.0,2467.0,3268.0,2472.0,2317.0,2322.0,2317.0
0.0,19617.0,7020.0,6955.0,3578.0,11645.0,4322.0,4586.0,2737.0,2316.0,2322.0,2317.0,2330.0,2343.0,2347.0,6801.0,6020.0,6796.0,4322.0,4586.0,2737.0,2316.0,2322.0,2317.0
0.0,16175.0,6988.0,6956.0,8207.0,10430.0,4180.0,3647.0,2603.0,2316.0,2322.0,2318.0,2325.0,2329.0,2334.0,4942.0,4702.0,6531.0,4180.0,3647.0,2603.0,2316.0,2322.0,2318.0
0.0,17394.0,6889.0,6956.0,11645.0,5674.0,2137.0,1364.0,2173.0,2316.0,2322.0,2318.0,2279.0,2303.0,2307.0,5084.0,5641.0,6669.0,2137.0,1364.0,2173.0,2316.0,2322.0,2318.0
0.0,22150.0,7099.0,6959.0,10430.0,2355.0,308.0,109.0,1938.0,2317.0,2323.0,2319.0,2347.0,2388.0,2364.0,7127.0,7924.0,7099.0,308.0,109.0,1938.0,2317.0,2323.0,2319.0
0.0,25481.0,6983.0,6959.0,5674.0,3664.0,468.0,1078.0,2118.0,2317.0,2323.0,2319.0,2297.0,2333.0,2353.0,8960.0,9183.0,7338.0,468.0,1078.0,2118.0,2317.0,2323.0,2319.0
0.0,24172.0,6992.0,6960.0,2355.0,8305.0,2464.0,3300.0,2541.0,2317.0,2323.0,2320.0,2304.0,2331.0,2357.0,8800.0,8214.0,7158.0,2464.0,3300.0,2541.0,2317.0,2323.0,2320.0
0.0,19535.0,6958.0,6959.0,3664.0,11595.0,4266.0,4556.0,2773.0,2316.0,2323.0,2320.0,2274.0,2334.0,2350.0,6804.0,5992.0,6739.0,4266.0,4556.0,2773.0,2316.0,2323.0,2320.0
0.0,16241.0,7078.0,6961.0,8305.0,10376.0,4152.0,3614.0,2610.0,2317.0,2324.0,2320.0,2346.0,2354.0,2378.0,4998.0,4736.0,6507.0,4152.0,3614.0,2610.0,2317.0,2324.0,2320.0
0.0,17468.0,6936.0,6960.0,11595.0,5713.0,2169.0,1350.0,2194.0,2316.0,2323.0,2321.0,2287.0,2296.0,2353.0,5116.0,5682.0,6670.0,2169.0,1350.0,2194.0,2316.0,2323.0,2321.0
0.0,22127.0,6961.0,6958.0,10376.0,2290.0,339.0,47.0,1904.0,2316.0,2322.0,2320.0,2322.0,2315.0,2324.0,7095.0,7942.0,7090.0,339.0,47.0,1904.0,2316.0,2322.0,2320.0
0.0,25542.0,7045.0,6959.0,5713.0,3626.0,522.0,1049.0,2055.0,2317.0,2322.0,2320.0,2348.0,2352.0,2345.0,8925.0,9241.0,7376.0,522.0,1049.0,2055.0,2317.0,2322.0,2320.0
0.0,24210.0,7016.0,6960.0,2290.0,8356.0,2521.0,3333.0,2502.0,2317.0,2322.0,2321.0,2338.0,2331.0,2347.0,8746.0,8239.0,7225.0,2521.0,3333.0,2502.0,2317.0,2322.0,2321.0
0.0,19484.0,6945.0,6958.0,3626.0,11667.0,4289.0,4609.0,2769.0,2316.0,2322.0,2320.0,2294.0,2325.0,2326.0,6747.0,5955.0,6782.0,4289.0,4609.0,2769.0,2316.0,2322.0,2320.0
0.0,16165.0,6992.0,6961.0,8356.0,10315.0,4103.0,3603.0,2609.0,2317.0,2323.0,2321.0,2331.0,2323.0,2338.0,4975.0,4679.0,6511.0,4103.0,3603.0,2609.0,2317.0,2323.0,2321.0
0.0,17529.0,7111.0,6962.0,11667.0,5763.0,2202.0,1353.0,2208.0,2318.0,2323.0,2321.0,2384.0,2359.0,2368.0,5165.0,5689.0,6675.0,2202.0,1353.0,2208.0,2318.0,2323.0,2321.0
0.0,22085.0,6972.0,6960.0,10315.0,2412.0,426.0,63.0,1923.0,2318.0,2322.0,2320.0,2327.0,2317.0,2328.0,7070.0,7939.0,7076.0,426.0,63.0,1923.0,2318.0,2322.0,2320.0
0.0,25428.0,6943.0,6959.0,5763.0,3588.0,554.0,1004.0,2030.0,2318.0,2321.0,2320.0,2330.0,2298.0,2315.0,8846.0,9225.0,7357.0,554.0,1004.0,2030.0,2318.0,2321.0,2320.0
0.0,24248.0,7107.0,6964.0,2412.0,8303.0,2512.0,3306.0,2485.0,2320.0,2322.0,2322.0,2376.0,2361.0,2370.0,8718.0,8280.0,7250.0,2512.0,3306.0,2485.0,2320.0,2322.0,2322.0
0.0,19553.0,6887.0,6961.0,3588.0,11590.0,4259.0,4607.0,2724.0,2319.0,2322.0,2320.0,2305.0,2305.0,2277.0,6768.0,5982.0,6803.0,4259.0,4607.0,2724.0,2319.0,2322.0,2320.0
0.0,16254.0,6987.0,6962.0,8303.0,10278.0,4112.0,3627.0,2539.0,2320.0,2322.0,2320.0,2361.0,2326.0,2300.0,5017.0,4681.0,6556.0,4112.0,3627.0,2539.0,2320.0,2322.0,2320.0
0.0,17570.0,7044.0,6963.0,11590.0,5736.0,2213.0,1342.0,2181.0,2320.0,2322.0,2321.0,2360.0,2322.0,2362.0,5168.0,5661.0,6741.0,2213.0,1342.0,2181.0,2320.0,2322.0,2321.0
0.0,22116.0,6945.0,6967.0,10278.0,2419.0,461.0,0.0,1958.0,2322.0,2323.0,2322.0,2352.0,2281.0,2312.0,7067.0,7946.0,7103.0,461.0,0.0,1958.0,2322.0,2323.0,2322.0
0.0,25449.0,7055.0,6969.0,5736.0,3746.0,618.0,987.0,2141.0,2323.0,2323.0,2323.0,2366.0,2329.0,2360.0,8827.0,9292.0,7330.0,618.0,987.0,2141.0,2323.0,2323.0,2323.0
0.0,24130.0,6932.0,6970.0,2419.0,8263.0,2473.0,3320.0,2470.0,2323.0,2324.0,2323.0,2316.0,2329.0,2287.0,8674.0,8305.0,7151.0,2473.0,3320.0,2470.0,2323.0,2324.0,2323.0
0.0,19617.0,7032.0,6972.0,3746.0,11557.0,4187.0,4690.0,2680.0,2323.0,2325.0,2324.0,2332.0,2353.0,2347.0,6819.0,5976.0,6822.0,4187.0,4690.0,2680.0,2323.0,2325.0,2324.0
0.0,16331.0,7062.0,6975.0,8263.0,10368.0,4082.0,3719.0,2567.0,2324.0,2326.0,2325.0,2364.0,2345.0,2353.0,5105.0,4610.0,6616.0,4082.0,3719.0,2567.0,2324.0,2326.0,2325.0
0.0,17532.0,7015.0,6981.0,11557.0,5850.0,2247.0,1369.0,2234.0,2326.0,2327.0,2328.0,2344.0,2336.0,2335.0,5214.0,5585.0,6733.0,2247.0,1369.0,2234.0,2326.0,2327.0,2328.0
0.0,22074.0,6987.0,6983.0,10368.0,2486.0,514.0,0.0,1972.0,2327.0,2328.0,2328.0,2345.0,2337.0,2305.0,7057.0,7939.0,7078.0,514.0,0.0,1972.0,2327.0,2328.0,2328.0
0.0,25455.0,7030.0,6988.0,5850.0,3677.0,609.0,994.0,2074.0,2329.0,2330.0,2329.0,2334.0,2364.0,2332.0,8794.0,9321.0,7340.0,609.0,994.0,2074.0,2329.0,2330.0,2329.0
0.0,24275.0,6997.0,6991.0,2486.0,8200.0,2436.0,3344.0,2420.0,2330.0,2331.0,2330.0,2337.0,2346.0,2314.0,8707.0,8326.0,7242.0,2436.0,3344.0,2420.0,2330.0,2331.0,2330.0
0.0,19764.0,6951.0,6992.0,3677.0,11478.0,4135.0,4685.0,2658.0,2330.0,2332.0,2330.0,2308.0,2331.0,2312.0,6884.0,5980.0,6900.0,4135.0,4685.0,2658.0,2330.0,2332.0,2330.0
0.0,16490.0,7080.0,6996.0,8200.0,10374.0,4068.0,3730.0,2576.0,2332.0,2334.0,2330.0,2361.0,2381.0,2338.0,5185.0,4643.0,6662.0,4068.0,3730.0,2576.0,2332.0,2334.0,2330.0
0.0,17610.0,6957.0,6998.0,11478.0,5861.0,2222.0,1399.0,2240.0,2332.0,2335.0,2331.0,2289.0,2350.0,2318.0,5260.0,5606.0,6744.0,2222.0,1399.0,2240.0,2332.0,2335.0,2331.0
0.0,22131.0,7103.0,7001.0,10374.0,2602.0,512.0,57.0,2033.0,2333.0,2336.0,2332.0,2354.0,2384.0,2365.0,7106.0,7941.0,7084.0,512.0,57.0,2033.0,2333.0,2336.0,2332.0
0.0,25402.0,6952.0,7002.0,5861.0,3697.0,591.0,982.0,2124.0,2333.0,2336.0,2333.0,2301.0,2324.0,2327.0,8820.0,9287.0,7295.0,591.0,982.0,2124.0,2333.0,2336.0,2333.0
0.0,24311.0,7072.0,7002.0,2602.0,8167.0,2412.0,3308.0,2447.0,2332.0,2337.0,2333.0,2337.0,2379.0,2356.0,8741.0,8362.0,7208.0,2412.0,3308.0,2447.0,2332.0,2337.0,2333.0
0.0,19841.0,7001.0,7004.0,3697.0,11479.0,4159.0,4667.0,2653.0,2333.0,2337.0,2334.0,2334.0,2341.0,2326.0,6916.0,6040.0,6885.0,4159.0,4667.0,2653.0,2333.0,2337.0,2334.0
0.0,16537.0,7023.0,7005.0,8167.0,10339.0,4081.0,3700.0,2558.0,2333.0,2338.0,2334.0,2334.0,2337.0,2352.0,5173.0,4681.0,6683.0,4081.0,3700.0,2558.0,2333.0,2338.0,2334.0
0.0,17681.0,6892.0,7004.0,11479.0,5748.0,2216.0,1331.0,2201.0,2333.0,2337.0,2334.0,2294.0,2302.0,2296.0,5251.0,5652.0,6778.0,2216.0,1331.0,2201.0,2333.0,2337.0,2334.0
0.0,22268.0,7013.0,7006.0,10339.0,2459.0,462.0,0.0,1997.0,2333.0,2338.0,2335.0,2327.0,2336.0,2350.0,7116.0,8017.0,7135.0,462.0,0.0,1997.0,2333.0,2338.0,2335.0
0.0,25594.0,6943.0,7005.0,5748.0,3621.0,530.0,975.0,2116.0,2332.0,2338.0,2335.0,2288.0,2335.0,2320.0,8870.0,9381.0,7343.0,530.0,975.0,2116.0,2332.0,2338.0,2335.0
0.0,24399.0,7037.0,7006.0,2459.0,8203.0,2401.0,3335.0,2467.0,2332.0,2338.0,2336.0,2333.0,2360.0,2344.0,8798.0,8377.0,7224.0,2401.0,3335.0,2467.0,2332.0,2338.0,2336.0
0.0,19821.0,6998.0,7008.0,3621.0,11588.0,4219.0,4692.0,2677.0,2333.0,2339.0,2336.0,2344.0,2328.0,2326.0,6927.0,6017.0,6877.0,4219.0,4692.0,2677.0,2333.0,2339.0,2336.0
0.0,16444.0,7118.0,7010.0,8203.0,10511.0,4174.0,3756.0,2581.0,2333.0,2340.0,2337.0,2356.0,2395.0,2367.0,5113.0,4664.0,6667.0,4174.0,3756.0,2581.0,2333.0,2340.0,2337.0
0.0,17529.0,7047.0,7010.0,11588.0,5970.0,2320.0,1404.0,2246.0,2333.0,2340.0,2337.0,2365.0,2340.0,2342.0,5158.0,5604.0,6767.0,2320.0,1404.0,2246.0,2333.0,2340.0,2337.0
0.0,22070.0,7038.0,7010.0,10511.0,2499.0,482.0,0.0,2017.0,2333.0,2340.0,2337.0,2336.0,2350.0,2352.0,7012.0,7956.0,7102.0,482.0,0.0,2017.0,2333.0,2340.0,2337.0
0.0,25543.0,7091.0,7012.0,5970.0,3626.0,528.0,928.0,2170.0,2334.0,2340.0,2338.0,2362.0,2334.0,2395.0,8850.0,9362.0,7331.0,528.0,928.0,2170.0,2334.0,2340.0,2338.0
0.0,24422.0,7171.0,7014.0,2499.0,8306.0,2453.0,3295.0,2558.0,2335.0,2340.0,2339.0,2403.0,2367.0,2401.0,8808.0,8432.0,7182.0,2453.0,3295.0,2558.0,2335.0,2340.0,2339.0
0.0,19750.0,7035.0,7013.0,3626.0,11711.0,4290.0,4686.0,2735.0,2335.0,2339.0,2339.0,2365.0,2323.0,2347.0,6887.0,6065.0,6798.0,4290.0,4686.0,2735.0,2335.0,2339.0,2339.0
0.0,16341.0,7089.0,7014.0,8306.0,10498.0,4202.0,3747.0,2549.0,2335.0,2339.0,2340.0,2365.0,2356.0,2368.0,5050.0,4670.0,6621.0,4202.0,3747.0,2549.0,2335.0,2339.0,2340.0
0.0,17558.0,7022.0,7014.0,11711.0,5809.0,2260.0,1399.0,2150.0,2335.0,2339.0,2340.0,2348.0,2338.0,2336.0,5138.0,5609.0,6811.0,2260.0,1399.0,2150.0,2335.0,2339.0,2340.0
0.0,22247.0,7118.0,7014.0,10498.0,2438.0,437.0,0.0,2001.0,2335.0,2338.0,2341.0,2379.0,2343.0,2396.0,7080.0,7957.0,7210.0,437.0,0.0,2001.0,2335.0,2338.0,2341.0
0.0,25627.0,7121.0,7017.0,5809.0,3753.0,561.0,948.0,2244.0,2336.0,2339.0,2342.0,2380.0,2352.0,2389.0,8903.0,9361.0,7363.0,561.0,948.0,2244.0,2336.0,2339.0,2342.0
0.0,24315.0,7189.0,7020.0,2438.0,8516.0,2535.0,3312.0,2669.0,2338.0,2339.0,2343.0,2403.0,2364.0,2422.0,8783.0,8408.0,7124.0,2535.0,3312.0,2669.0,2338.0,2339.0,2343.0
0.0,19564.0,7034.0,7023.0,3753.0,11809.0,4322.0,4700.0,2787.0,2339.0,2340.0,2344.0,2344.0,2332.0,2358.0,6817.0,6044.0,6703.0,4322.0,4700.0,2787.0,2339.0,2340.0,2344.0
0.0,16283.0,7084.0,7023.0,8516.0,10377.0,4123.0,3753.0,2501.0,2339.0,2339.0,2345.0,2336.0,2369.0,2379.0,5034.0,4660.0,6589.0,4123.0,3753.0,2501.0,2339.0,2339.0,2345.0
0.0,17715.0,7054.0,7025.0,11809.0,5630.0,2146.0,1410.0,2074.0,2340.0,2340.0,2345.0,2341.0,2353.0,2360.0,5233.0,5603.0,6879.0,2146.0,1410.0,2074.0,2340.0,2340.0,2345.0
0.0,22470.0,7156.0,7027.0,10377.0,2417.0,413.0,44.0,1960.0,2341.0,2341.0,2345.0,2386.0,2383.0,2387.0,7214.0,7950.0,7306.0,413.0,44.0,1960.0,2341.0,2341.0,2345.0
0.0,25691.0,7091.0,7030.0,5630.0,3890.0,630.0,996.0,2264.0,2343.0,2341.0,2346.0,2355.0,2362.0,2374.0,8951.0,9320.0,7420.0,630.0,996.0,2264.0,2343.0,2341.0,2346.0
0.0,24230.0,7089.0,7030.0,2417.0,8562.0,2592.0,3301.0,2669.0,2343.0,2341.0,2346.0,2375.0,2349.0,2365.0,8742.0,8368.0,7120.0,2592.0,3301.0,2669.0,2343.0,2341.0,2346.0
0.0,19558.0,7040.0,7032.0,3890.0,11720.0,4316.0,4662.0,2742.0,2345.0,2342.0,2345.0,2346.0,2353.0,2341.0,6780.0,6063.0,6715.0,4316.0,4662.0,2742.0,2345.0,2342.0,2345.0
0.0,16408.0,7073.0,7034.0,8562.0,10239.0,4083.0,3711.0,2445.0,2345.0,2343.0,2346.0,2359.0,2346.0,2368.0,5064.0,4706.0,6638.0,4083.0,3711.0,2445.0,2345.0,2343.0,2346.0
0.0,17897.0,7076.0,7035.0,11720.0,5599.0,2100.0,1414.0,2085.0,2345.0,2343.0,2347.0,2333.0,2365.0,2378.0,5297.0,5661.0,6939.0,2100.0,1414.0,2085.0,2345.0,2343.0,2347.0
0.0,22541.0,7028.0,7036.0,10239.0,2392.0,346.0,55.0,1991.0,2345.0,2344.0,2347.0,2329.0,2348.0,2351.0,7280.0,7958.0,7303.0,346.0,55.0,1991.0,2345.0,2344.0,2347.0
0.0,25752.0,7016.0,7037.0,5599.0,3813.0,605.0,973.0,2235.0,2346.0,2344.0,2347.0,2355.0,2332.0,2329.0,9034.0,9321.0,7397.0,605.0,973.0,2235.0,2346.0,2344.0,2347.0
0.0,24335.0,7050.0,7037.0,2392.0,8471.0,2604.0,3273.0,2594.0,2346.0,2344.0,2347.0,2345.0,2355.0,2350.0,8779.0,8403.0,7153.0,2604.0,3273.0,2594.0,2346.0,2344.0,2347.0
0.0,19677.0,6975.0,7035.0,3813.0,11625.0,4318.0,4639.0,2668.0,2345.0,2344.0,2346.0,2323.0,2339.0,2313.0,6780.0,6103.0,6794.0,4318.0,4639.0,2668.0,2345.0,2344.0,2346.0
0.0,16515.0,7035.0,7037.0,8471.0,10197.0,4070.0,3718.0,2409.0,2346.0,2345.0,2346.0,2352.0,2348.0,2335.0,5062.0,4737.0,6716.0,4070.0,3718.0,2409.0,2346.0,2345.0,2346.0
0.0,17951.0,7115.0,7039.0,11625.0,5695.0,2120.0,1480.0,2095.0,2346.0,2346.0,2347.0,2368.0,2397.0,2350.0,5314.0,5662.0,6975.0,2120.0,1480.0,2095.0,2346.0,2346.0,2347.0
0.0,22461.0,7022.0,7038.0,10197.0,2516.0,395.0,111.0,2010.0,2346.0,2346.0,2346.0,2345.0,2349.0,2328.0,7264.0,7904.0,7293.0,395.0,111.0,2010.0,2346.0,2346.0,2346.0
0.0,25636.0,7096.0,7042.0,5695.0,3933.0,650.0,1004.0,2279.0,2347.0,2347.0,2348.0,2371.0,2369.0,2356.0,8989.0,9273.0,7374.0,650.0,1004.0,2279.0,2347.0,2347.0,2348.0
0.0,24235.0,7167.0,7045.0,2516.0,8596.0,2640.0,3300.0,2656.0,2347.0,2349.0,2349.0,2385.0,2399.0,2383.0,8738.0,8384.0,7113.0,2640.0,3300.0,2656.0,2347.0,2349.0,2349.0
0.0,19584.0,7108.0,7047.0,3933.0,11779.0,4367.0,4679.0,2733.0,2348.0,2350.0,2349.0,2373.0,2379.0,2356.0,6748.0,6096.0,6740.0,4367.0,4679.0,2733.0,2348.0,2350.0,2349.0
0.0,16409.0,7045.0,7049.0,8596.0,10236.0,4082.0,3750.0,2404.0,2348.0,2352.0,2349.0,2355.0,2363.0,2327.0,5025.0,4721.0,6663.0,4082.0,3750.0,2404.0,2348.0,2352.0,2349.0
0.0,17960.0,7085.0,7049.0,11779.0,5542.0,2097.0,1421.0,2024.0,2348.0,2352.0,2349.0,2382.0,2350.0,2353.0,5310.0,5658.0,6992.0,2097.0,1421.0,2024.0,2348.0,2352.0,2349.0
0.0,22654.0,7000.0,7051.0,10236.0,2321.0,369.0,0.0,1952.0,2349.0,2352.0,2350.0,2350.0,2322.0,2328.0,7295.0,7987.0,7372.0,369.0,0.0,1952.0,2349.0,2352.0,2350.0
0.0,25890.0,7044.0,7051.0,5542.0,3816.0,631.0,914.0,2271.0,2349.0,2352.0,2350.0,2359.0,2342.0,2343.0,9027.0,9415.0,7448.0,631.0,914.0,2271.0,2349.0,2352.0,2350.0
0.0,24388.0,7055.0,7050.0,2321.0,8546.0,2640.0,3272.0,2634.0,2349.0,2352.0,2349.0,2378.0,2358.0,2319.0,8765.0,8494.0,7129.0,2640.0,3272.0,2634.0,2349.0,2352.0,2349.0
0.0,19654.0,6997.0,7050.0,3816.0,11727.0,4353.0,4685.0,2689.0,2349.0,2352.0,2349.0,2344.0,2327.0,2326.0,6756.0,6136.0,6762.0,4353.0,4685.0,2689.0,2349.0,2352.0,2349.0
0.0,16473.0,6977.0,7049.0,8546.0,10154.0,4052.0,3733.0,2369.0,2349.0,2351.0,2349.0,2339.0,2324.0,2314.0,5043.0,4723.0,6707.0,4052.0,3733.0,2369.0,2349.0,2351.0,2349.0
0.0,18042.0,6985.0,7049.0,11727.0,5412.0,2034.0,1370.0,2008.0,2349.0,2351.0,2349.0,2335.0,2322.0,2328.0,5344.0,5671.0,7027.0,2034.0,1370.0,2008.0,2349.0,2351.0,2349.0
0.0,22784.0,7074.0,7050.0,10154.0,2364.0,349.0,0.0,2015.0,2350.0,2350.0,2350.0,2363.0,2339.0,2372.0,7362.0,8034.0,7388.0,349.0,0.0,2015.0,2350.0,2350.0,2350.0
0.0,25864.0,7097.0,7053.0,5412.0,4033.0,678.0,974.0,2381.0,2351.0,2351.0,2351.0,2359.0,2368.0,2370.0,9051.0,9428.0,7385.0,678.0,974.0,2381.0,2351.0,2351.0,2351.0
0.0,24179.0,7064.0,7053.0,2364.0,8733.0,2692.0,3314.0,2727.0,2351.0,2350.0,2352.0,2363.0,2344.0,2357.0,8726.0,8430.0,7023.0,2692.0,3314.0,2727.0,2351.0,2350.0,2352.0
0.0,19479.0,7043.0,7054.0,4033.0,11747.0,4365.0,4684.0,2698.0,2352.0,2350.0,2352.0,2347.0,2344.0,2352.0,6712.0,6086.0,6681.0,4365.0,4684.0,2698.0,2352.0,2350.0,2352.0
0.0,16469.0,7121.0,7055.0,8733.0,10139.0,4046.0,3744.0,2349.0,2352.0,2350.0,2353.0,2373.0,2374.0,2374.0,5043.0,4716.0,6710.0,4046.0,3744.0,2349.0,2352.0,2350.0,2353.0
0.0,18081.0,7007.0,7056.0,11747.0,5403.0,2028.0,1367.0,2008.0,2353.0,2350.0,2353.0,2343.0,2307.0,2357.0,5362.0,5656.0,7063.0,2028.0,1367.0,2008.0,2353.0,2350.0,2353.0
0.0,22821.0,6975.0,7053.0,10139.0,2304.0,280.0,0.0,2024.0,2352.0,2348.0,2353.0,2302.0,2308.0,2365.0,7384.0,8033.0,7404.0,280.0,0.0,2024.0,2352.0,2348.0,2353.0
0.0,25985.0,7050.0,7056.0,5403.0,3886.0,592.0,908.0,2386.0,2353.0,2349.0,2354.0,2336.0,2348.0,2366.0,9128.0,9469.0,7388.0,592.0,908.0,2386.0,2353.0,2349.0,2354.0
0.0,24338.0,6989.0,7054.0,2304.0,8563.0,2626.0,3217.0,2720.0,2352.0,2348.0,2354.0,2318.0,2313.0,2358.0,8820.0,8488.0,7030.0,2626.0,3217.0,2720.0,2352.0,2348.0,2354.0
0.0,19653.0,7064.0,7058.0,3886.0,11757.0,4411.0,4664.0,2682.0,2354.0,2349.0,2355.0,2369.0,2351.0,2344.0,6782.0,6175.0,6696.0,4411.0,4664.0,2682.0,2354.0,2349.0,2355.0
0.0,16475.0,7113.0,7060.0,8563.0,10315.0,4156.0,3819.0,2340.0,2354.0,2350.0,2356.0,2371.0,2368.0,2374.0,5005.0,4732.0,6738.0,4156.0,3819.0,2340.0,2354.0,2350.0,2356.0
0.0,17925.0,7020.0,7061.0,11757.0,5582.0,2095.0,1471.0,2016.0,2356.0,2349.0,2356.0,2342.0,2320.0,2358.0,5260.0,5581.0,7084.0,2095.0,1471.0,2016.0,2356.0,2349.0,2356.0
0.0,22662.0,7147.0,7064.0,10315.0,2426.0,313.0,25.0,2088.0,2356.0,2350.0,2358.0,2374.0,2369.0,2404.0,7329.0,7925.0,7408.0,313.0,25.0,2088.0,2356.0,2350.0,2358.0
0.0,25830.0,7171.0,7066.0,5582.0,4023.0,625.0,919.0,2479.0,2357.0,2350.0,2359.0,2403.0,2365.0,2403.0,9111.0,9375.0,7344.0,625.0,919.0,2479.0,2357.0,2350.0,2359.0
0.0,24241.0,7173.0,7068.0,2426.0,8778.0,2703.0,3276.0,2799.0,2358.0,2350.0,2360.0,2387.0,2382.0,2404.0,8803.0,8481.0,6957.0,2703.0,3276.0,2799.0,2358.0,2350.0,2360.0
0.0,19494.0,7091.0,7068.0,4023.0,11846.0,4458.0,4696.0,2692.0,2358.0,2350.0,2360.0,2380.0,2339.0,2372.0,6729.0,6124.0,6641.0,4458.0,4696.0,2692.0,2358.0,2350.0,2360.0
0.0,16426.0,7126.0,7070.0,8778.0,10202.0,4133.0,3778.0,2291.0,2359.0,2350.0,2361.0,2374.0,2358.0,2394.0,4974.0,4704.0,6748.0,4133.0,3778.0,2291.0,2359.0,2350.0,2361.0
0.0,18078.0,7142.0,7072.0,11846.0,5506.0,2077.0,1451.0,1978.0,2360.0,2351.0,2361.0,2398.0,2365.0,2379.0,5303.0,5622.0,7153.0,2077.0,1451.0,1978.0,2360.0,2351.0,2361.0
0.0,22782.0,7242.0,7073.0,10202.0,2550.0,368.0,91.0,2091.0,2360.0,2352.0,2361.0,2424.0,2414.0,2404.0,7363.0,7953.0,7466.0,368.0,91.0,2091.0,2360.0,2352.0,2361.0
0.0,25742.0,7225.0,7076.0,5506.0,4281.0,709.0,1037.0,2535.0,2361.0,2353.0,2362.0,2414.0,2393.0,2418.0,9072.0,9317.0,7353.0,709.0,1037.0,2535.0,2361.0,2353.0,2362.0
0.0,24023.0,7087.0,7076.0,2550.0,8818.0,2693.0,3308.0,2817.0,2361.0,2353.0,2362.0,2352.0,2362.0,2373.0,8735.0,8375.0,6913.0,2693.0,3308.0,2817.0,2361.0,2353.0,2362.0
0.0,19486.0,7204.0,7079.0,4281.0,11753.0,4399.0,4678.0,2676.0,2362.0,2354.0,2363.0,2411.0,2403.0,2390.0,6751.0,6104.0,6631.0,4399.0,4678.0,2676.0,2362.0,2354.0,2363.0
0.0,16563.0,7156.0,7080.0,8818.0,10095.0,4105.0,3754.0,2236.0,2362.0,2355.0,2363.0,2399.0,2380.0,2377.0,5049.0,4738.0,6776.0,4105.0,3754.0,2236.0,2362.0,2355.0,2363.0
0.0,18225.0,7249.0,7083.0,11753.0,5603.0,2117.0,1505.0,1981.0,2363.0,2356.0,2364.0,2407.0,2425.0,2417.0,5343.0,5666.0,7216.0,2117.0,1505.0,1981.0,2363.0,2356.0,2364.0
0.0,22729.0,7134.0,7082.0,10095.0,2638.0,379.0,140.0,2119.0,2362.0,2357.0,2363.0,2371.0,2385.0,2378.0,7335.0,7919.0,7475.0,379.0,140.0,2119.0,2362.0,2357.0,2363.0
0.0,25690.0,7184.0,7085.0,5603.0,4231.0,650.0,1038.0,2543.0,2363.0,2358.0,2364.0,2384.0,2399.0,2401.0,9069.0,9288.0,7333.0,650.0,1038.0,2543.0,2363.0,2358.0,2364.0
0.0,24109.0,7077.0,7084.0,2638.0,8666.0,2611.0,3269.0,2786.0,2363.0,2358.0,2363.0,2340.0,2371.0,2366.0,8802.0,8394.0,6913.0,2611.0,3269.0,2786.0,2363.0,2358.0,2363.0
0.0,19670.0,7081.0,7085.0,4231.0,11520.0,4323.0,4589.0,2608.0,2364.0,2358.0,2363.0,2358.0,2358.0,2365.0,6841.0,6163.0,6666.0,4323.0,4589.0,2608.0,2364.0,2358.0,2363.0
0.0,16820.0,7132.0,7085.0,8666.0,9986.0,4096.0,3693.0,2197.0,2364.0,2358.0,2363.0,2384.0,2373.0,2375.0,5133.0,4843.0,6844.0,4096.0,3693.0,2197.0,2364.0,2358.0,2363.0
0.0,18354.0,7114.0,7085.0,11520.0,5580.0,2139.0,1470.0,1971.0,2364.0,2358.0,2363.0,2366.0,2366.0,2382.0,5360.0,5739.0,7255.0,2139.0,1470.0,1971.0,2364.0,2358.0,2363.0
0.0,22760.0,7089.0,7085.0,9986.0,2683.0,385.0,164.0,2134.0,2363.0,2359.0,2363.0,2346.0,2383.0,2360.0,7317.0,7962.0,7481.0,385.0,164.0,2134.0,2363.0,2359.0,2363.0
0.0,25657.0,7081.0,7086.0,5580.0,4188.0,607.0,1036.0,2545.0,2363.0,2359.0,2364.0,2361.0,2342.0,2378.0,9067.0,9272.0,7318.0,607.0,1036.0,2545.0,2363.0,2359.0,2364.0
0.0,24156.0,7141.0,7087.0,2683.0,8650.0,2604.0,3253.0,2793.0,2364.0,2359.0,2364.0,2378.0,2381.0,2382.0,8845.0,8400.0,6911.0,2604.0,3253.0,2793.0,2364.0,2359.0,2364.0
0.0,19698.0,7133.0,7088.0,4188.0,11599.0,4354.0,4609.0,2636.0,2364.0,2360.0,2364.0,2357.0,2388.0,2388.0,6852.0,6183.0,6663.0,4354.0,4609.0,2636.0,2364.0,2360.0,2364.0
0.0,16753.0,7180.0,7091.0,8650.0,10141.0,4140.0,3769.0,2232.0,2365.0,2361.0,2365.0,2386.0,2409.0,2385.0,5102.0,4831.0,6820.0,4140.0,3769.0,2232.0,2365.0,2361.0,2365.0
0.0,18223.0,7197.0,7095.0,11599.0,5755.0,2186.0,1584.0,1985.0,2366.0,2363.0,2366.0,2396.0,2416.0,2385.0,5320.0,5675.0,7228.0,2186.0,1584.0,1985.0,2366.0,2363.0,2366.0
0.0,22625.0,7237.0,7098.0,10141.0,2863.0,461.0,224.0,2178.0,2367.0,2364.0,2367.0,2411.0,2405.0,2421.0,7278.0,7868.0,7479.0,461.0,224.0,2178.0,2367.0,2364.0,2367.0
0.0,25529.0,7097.0,7101.0,5755.0,4217.0,667.0,995.0,2555.0,2369.0,2364.0,2368.0,2384.0,2355.0,2358.0,9007.0,9232.0,7290.0,667.0,995.0,2555.0,2369.0,2364.0,2368.0
0.0,24187.0,7056.0,7102.0,2863.0,8414.0,2565.0,3121.0,2728.0,2369.0,2364.0,2369.0,2359.0,2350.0,2347.0,8809.0,8461.0,6917.0,2565.0,3121.0,2728.0,2369.0,2364.0,2369.0
0.0,19994.0,7101.0,7101.0,4217.0,11294.0,4280.0,4473.0,2541.0,2369.0,2363.0,2369.0,2382.0,2351.0,2368.0,6911.0,6335.0,6748.0,4280.0,4473.0,2541.0,2369.0,2363.0,2369.0
0.0,17110.0,7060.0,7102.0,8414.0,9944.0,4100.0,3683.0,2161.0,2370.0,2363.0,2369.0,2381.0,2331.0,2348.0,5196.0,4979.0,6935.0,4100.0,3683.0,2161.0,2370.0,2363.0,2369.0
0.0,18464.0,7091.0,7102.0,11294.0,5741.0,2191.0,1588.0,1962.0,2370.0,2363.0,2369.0,2371.0,2378.0,2342.0,5380.0,5769.0,7315.0,2191.0,1588.0,1962.0,2370.0,2363.0,2369.0
0.0,22667.0,7068.0,7099.0,9944.0,2853.0,451.0,260.0,2142.0,2369.0,2362.0,2368.0,2364.0,2359.0,2345.0,7289.0,7864.0,7514.0,451.0,260.0,2142.0,2369.0,2362.0,2368.0
0.0,25543.0,7054.0,7098.0,5741.0,4162.0,630.0,1018.0,2514.0,2369.0,2361.0,2368.0,2370.0,2350.0,2334.0,9025.0,9188.0,7330.0,630.0,1018.0,2514.0,2369.0,2361.0,2368.0
0.0,24230.0,7132.0,7101.0,2853.0,8453.0,2570.0,3137.0,2746.0,2370.0,2362.0,2369.0,2387.0,2375.0,2370.0,8846.0,8426.0,6958.0,2570.0,3137.0,2746.0,2370.0,2362.0,2369.0
0.0,19951.0,7079.0,7101.0,4162.0,11370.0,4316.0,4458.0,2596.0,2370.0,2362.0,2369.0,2376.0,2339.0,2364.0,6910.0,6311.0,6730.0,4316.0,4458.0,2596.0,2370.0,2362.0,2369.0
0.0,17034.0,7215.0,7104.0,8453.0,10144.0,4175.0,3717.0,2252.0,2371.0,2363.0,2370.0,2425.0,2392.0,2398.0,5164.0,4990.0,6880.0,4175.0,3717.0,2252.0,2371.0,2363.0,2370.0
0.0,18272.0,7053.0,7104.0,11370.0,5827.0,2219.0,1599.0,2009.0,2371.0,2363.0,2370.0,2360.0,2340.0,2353.0,5309.0,5735.0,7228.0,2219.0,1599.0,2009.0,2371.0,2363.0,2370.0
0.0,22589.0,7162.0,7107.0,10144.0,2857.0,454.0,280.0,2123.0,2372.0,2364.0,2371.0,2406.0,2394.0,2362.0,7265.0,7853.0,7471.0,454.0,280.0,2123.0,2372.0,2364.0,2371.0
0.0,25571.0,7188.0,7110.0,5827.0,4230.0,658.0,1078.0,2494.0,2373.0,2365.0,2372.0,2419.0,2393.0,2376.0,9034.0,9176.0,7361.0,658.0,1078.0,2494.0,2373.0,2365.0,2372.0
0.0,24210.0,7096.0,7112.0,2857.0,8477.0,2572.0,3155.0,2750.0,2374.0,2365.0,2373.0,2364.0,2357.0,2375.0,8834.0,8382.0,6994.0,2572.0,3155.0,2750.0,2374.0,2365.0,2373.0
0.0,19971.0,7140.0,7116.0,4230.0,11403.0,4299.0,4466.0,2638.0,2375.0,2367.0,2374.0,2381.0,2381.0,2378.0,6924.0,6305.0,6742.0,4299.0,4466.0,2638.0,2375.0,2367.0,2374.0
0.0,17061.0,7138.0,7117.0,8477.0,10068.0,4102.0,3685.0,2281.0,2375.0,2367.0,2375.0,2375.0,2374.0,2389.0,5201.0,5002.0,6858.0,4102.0,3685.0,2281.0,2375.0,2367.0,2375.0
0.0,18400.0,7208.0,7119.0,11403.0,5881.0,2198.0,1613.0,2070.0,2375.0,2368.0,2376.0,2395.0,2390.0,2423.0,5398.0,5783.0,7219.0,2198.0,1613.0,2070.0,2375.0,2368.0,2376.0
0.0,22595.0,7100.0,7120.0,10068.0,2917.0,484.0,278.0,2155.0,2376.0,2368.0,2376.0,2384.0,2350.0,2366.0,7302.0,7859.0,7434.0,484.0,278.0,2155.0,2376.0,2368.0,2376.0
0.0,25563.0,7282.0,7124.0,5881.0,4334.0,700.0,1123.0,2511.0,2377.0,2370.0,2377.0,2410.0,2450.0,2422.0,9020.0,9194.0,7349.0,700.0,1123.0,2511.0,2377.0,2370.0,2377.0
0.0,24162.0,7139.0,7124.0,2917.0,8556.0,2551.0,3236.0,2769.0,2376.0,2370.0,2378.0,2339.0,2391.0,2409.0,8808.0,8357.0,6997.0,2551.0,3236.0,2769.0,2376.0,2370.0,2378.0
0.0,19940.0,7305.0,7130.0,4334.0,11551.0,4287.0,4545.0,2719.0,2378.0,2372.0,2380.0,2428.0,2424.0,2453.0,6953.0,6244.0,6743.0,4287.0,4545.0,2719.0,2378.0,2372.0,2380.0
0.0,16969.0,7246.0,7136.0,8556.0,10265.0,4136.0,3741.0,2388.0,2380.0,2375.0,2381.0,2392.0,2420.0,2434.0,5225.0,4943.0,6801.0,4136.0,3741.0,2388.0,2380.0,2375.0,2381.0
0.0,18279.0,7084.0,7136.0,11551.0,5798.0,2190.0,1574.0,2034.0,2380.0,2375.0,2381.0,2341.0,2378.0,2365.0,5384.0,5759.0,7136.0,2190.0,1574.0,2034.0,2380.0,2375.0,2381.0
0.0,22746.0,7186.0,7140.0,10265.0,2735.0,446.0,243.0,2046.0,2381.0,2377.0,2382.0,2388.0,2402.0,2396.0,7330.0,7926.0,7490.0,446.0,243.0,2046.0,2381.0,2377.0,2382.0
0.0,25825.0,7216.0,7143.0,5798.0,4165.0,647.0,1084.0,2434.0,2382.0,2378.0,2383.0,2387.0,2411.0,2418.0,9078.0,9265.0,7482.0,647.0,1084.0,2434.0,2382.0,2378.0,2383.0
0.0,24407.0,7159.0,7143.0,2735.0,8589.0,2563.0,3216.0,2810.0,2381.0,2378.0,2384.0,2366.0,2375.0,2418.0,8881.0,8428.0,7098.0,2563.0,3216.0,2810.0,2381.0,2378.0,2384.0
0.0,19983.0,7163.0,7147.0,4165.0,11603.0,4287.0,4534.0,2782.0,2382.0,2380.0,2385.0,2367.0,2394.0,2402.0,6961.0,6296.0,6726.0,4287.0,4534.0,2782.0,2382.0,2380.0,2385.0
0.0,16985.0,7176.0,7147.0,8589.0,10190.0,4117.0,3703.0,2370.0,2382.0,2380.0,2385.0,2393.0,2385.0,2398.0,5241.0,4986.0,6758.0,4117.0,3703.0,2370.0,2382.0,2380.0,2385.0
0.0,18398.0,7157.0,7146.0,11603.0,5740.0,2214.0,1567.0,1959.0,2382.0,2380.0,2384.0,2384.0,2398.0,2375.0,5411.0,5817.0,7170.0,2214.0,1567.0,1959.0,2382.0,2380.0,2384.0
0.0,22844.0,7208.0,7148.0,10190.0,2766.0,518.0,261.0,1987.0,2383.0,2381.0,2384.0,2417.0,2393.0,2398.0,7314.0,7953.0,7577.0,518.0,261.0,1987.0,2383.0,2381.0,2384.0
0.0,25826.0,7161.0,7149.0,5740.0,4191.0,693.0,1080.0,2418.0,2383.0,2382.0,2384.0,2389.0,2382.0,2390.0,9014.0,9263.0,7549.0,693.0,1080.0,2418.0,2383.0,2382.0,2384.0
0.0,24405.0,7211.0,7150.0,2766.0,8640.0,2571.0,3218.0,2851.0,2383.0,2382.0,2385.0,2396.0,2399.0,2416.0,8839.0,8448.0,7118.0,2571.0,3218.0,2851.0,2383.0,2382.0,2385.0
0.0,19960.0,7288.0,7154.0,4191.0,11753.0,4313.0,4575.0,2865.0,2384.0,2384.0,2386.0,2431.0,2429.0,2428.0,6961.0,6310.0,6689.0,4313.0,4575.0,2865.0,2384.0,2384.0,2386.0
0.0,16863.0,7227.0,7152.0,8640.0,10332.0,4140.0,3742.0,2450.0,2383.0,2383.0,2386.0,2402.0,2389.0,2436.0,5223.0,4961.0,6679.0,4140.0,3742.0,2450.0,2383.0,2383.0,2386.0
0.0,18276.0,7142.0,7152.0,11753.0,5721.0,2215.0,1541.0,1965.0,2383.0,2383.0,2386.0,2388.0,2374.0,2380.0,5392.0,5790.0,7094.0,2215.0,1541.0,1965.0,2383.0,2383.0,2386.0
0.0,22887.0,7251.0,7155.0,10332.0,2652.0,479.0,212.0,1961.0,2384.0,2384.0,2387.0,2400.0,2409.0,2442.0,7317.0,7991.0,7579.0,479.0,212.0,1961.0,2384.0,2384.0,2387.0
0.0,25968.0,7242.0,7155.0,5721.0,4173.0,689.0,1060.0,2424.0,2384.0,2383.0,2388.0,2425.0,2393.0,2424.0,9057.0,9324.0,7587.0,689.0,1060.0,2424.0,2384.0,2383.0,2388.0
0.0,24447.0,7273.0,7158.0,2652.0,8806.0,2644.0,3275.0,2887.0,2385.0,2384.0,2389.0,2430.0,2423.0,2420.0,8847.0,8472.0,7128.0,2644.0,3275.0,2887.0,2385.0,2384.0,2389.0
0.0,19826.0,7178.0,7156.0,4173.0,11803.0,4362.0,4589.0,2852.0,2385.0,2383.0,2388.0,2407.0,2378.0,2393.0,6896.0,6261.0,6669.0,4362.0,4589.0,2852.0,2385.0,2383.0,2388.0
0.0,16821.0,7236.0,7158.0,8806.0,10241.0,4126.0,3721.0,2394.0,2385.0,2384.0,2389.0,2408.0,2403.0,2425.0,5178.0,4943.0,6700.0,4126.0,3721.0,2394.0,2385.0,2384.0,2389.0
0.0,18391.0,7266.0,7159.0,11803.0,5708.0,2209.0,1548.0,1951.0,2386.0,2384.0,2389.0,2441.0,2416.0,2409.0,5414.0,5815.0,7162.0,2209.0,1548.0,1951.0,2386.0,2384.0,2389.0
0.0,22928.0,7220.0,7163.0,10241.0,2703.0,501.0,231.0,1971.0,2388.0,2385.0,2390.0,2410.0,2400.0,2410.0,7335.0,7988.0,7605.0,501.0,231.0,1971.0,2388.0,2385.0,2390.0
0.0,25949.0,7105.0,7163.0,5708.0,4100.0,649.0,1051.0,2400.0,2388.0,2385.0,2390.0,2357.0,2368.0,2380.0,9051.0,9309.0,7589.0,649.0,1051.0,2400.0,2388.0,2385.0,2390.0
0.0,24552.0,7164.0,7164.0,2703.0,8565.0,2542.0,3201.0,2822.0,2388.0,2385.0,2391.0,2394.0,2381.0,2389.0,8903.0,8489.0,7160.0,2542.0,3201.0,2822.0,2388.0,2385.0,2391.0
0.0,20091.0,7172.0,7165.0,4100.0,11641.0,4253.0,4563.0,2825.0,2388.0,2386.0,2391.0,2360.0,2409.0,2403.0,7010.0,6339.0,6742.0,4253.0,4563.0,2825.0,2388.0,2386.0,2391.0
0.0,17019.0,7219.0,7167.0,8565.0,10303.0,4130.0,3740.0,2433.0,2389.0,2386.0,2392.0,2415.0,2378.0,2426.0,5299.0,4981.0,6739.0,4130.0,3740.0,2433.0,2389.0,2386.0,2392.0
0.0,18365.0,7258.0,7170.0,11641.0,5932.0,2298.0,1599.0,2035.0,2390.0,2387.0,2393.0,2417.0,2418.0,2423.0,5426.0,5804.0,7135.0,2298.0,1599.0,2035.0,2390.0,2387.0,2393.0
0.0,22748.0,7078.0,7170.0,10303.0,2707.0,530.0,216.0,1961.0,2390.0,2387.0,2393.0,2362.0,2357.0,2359.0,7262.0,7949.0,7537.0,530.0,216.0,1961.0,2390.0,2387.0,2393.0
0.0,25973.0,7180.0,7171.0,5932.0,3959.0,641.0,1002.0,2316.0,2391.0,2387.0,2393.0,2405.0,2385.0,2390.0,9030.0,9332.0,7611.0,641.0,1002.0,2316.0,2391.0,2387.0,2393.0
0.0,24725.0,7268.0,7171.0,2707.0,8520.0,2528.0,3219.0,2773.0,2391.0,2387.0,2393.0,2417.0,2433.0,2418.0,8923.0,8546.0,7256.0,2528.0,3219.0,2773.0,2391.0,2387.0,2393.0
0.0,20164.0,7142.0,7171.0,3959.0,11703.0,4268.0,4608.0,2827.0,2391.0,2387.0,2393.0,2381.0,2391.0,2370.0,7036.0,6329.0,6799.0,4268.0,4608.0,2827.0,2391.0,2387.0,2393.0
0.0,16981.0,7185.0,7170.0,8520.0,10364.0,4147.0,3765.0,2452.0,2391.0,2386.0,2393.0,2407.0,2380.0,2398.0,5296.0,4940.0,6745.0,4147.0,3765.0,2452.0,2391.0,2386.0,2393.0
0.0,18316.0,7203.0,7172.0,11703.0,5872.0,2270.0,1561.0,2041.0,2391.0,2387.0,2394.0,2391.0,2400.0,2412.0,5417.0,5779.0,7120.0,2270.0,1561.0,2041.0,2391.0,2387.0,2394.0
0.0,22816.0,7191.0,7174.0,10364.0,2707.0,535.0,198.0,1974.0,2392.0,2388.0,2394.0,2408.0,2398.0,2385.0,7294.0,7987.0,7535.0,535.0,198.0,1974.0,2392.0,2388.0,2394.0
0.0,25989.0,7208.0,7176.0,5872.0,4051.0,658.0,1058.0,2335.0,2392.0,2389.0,2395.0,2393.0,2417.0,2398.0,9033.0,9354.0,7602.0,658.0,1058.0,2335.0,2392.0,2389.0,2395.0
0.0,24653.0,7215.0,7180.0,2707.0,8575.0,2541.0,3282.0,2752.0,2393.0,2391.0,2396.0,2414.0,2414.0,2387.0,8910.0,8498.0,7245.0,2541.0,3282.0,2752.0,2393.0,2391.0,2396.0
0.0,20145.0,7255.0,7182.0,4051.0,11787.0,4318.0,4629.0,2840.0,2394.0,2391.0,2397.0,2431.0,2405.0,2419.0,7031.0,6282.0,6832.0,4318.0,4629.0,2840.0,2394.0,2391.0,2397.0
0.0,16941.0,7237.0,7185.0,8575.0,10461.0,4211.0,3766.0,2484.0,2395.0,2392.0,2398.0,2430.0,2415.0,2392.0,5258.0,4935.0,6748.0,4211.0,3766.0,2484.0,2395.0,2392.0,2398.0
0.0,18279.0,7216.0,7189.0,11787.0,5906.0,2306.0,1581.0,2019.0,2396.0,2394.0,2399.0,2409.0,2436.0,2371.0,5369.0,5802.0,7108.0,2306.0,1581.0,2019.0,2396.0,2394.0,2399.0
0.0,22850.0,7213.0,7190.0,10461.0,2662.0,493.0,234.0,1935.0,2396.0,2395.0,2399.0,2398.0,2415.0,2400.0,7278.0,7995.0,7577.0,493.0,234.0,1935.0,2396.0,2395.0,2399.0
0.0,26098.0,7224.0,7193.0,5906.0,3992.0,595.0,1067.0,2330.0,2397.0,2396.0,2400.0,2404.0,2410.0,2410.0,9091.0,9346.0,7661.0,595.0,1067.0,2330.0,2397.0,2396.0,2400.0
0.0,24780.0,7215.0,7192.0,2662.0,8541.0,2500.0,3246.0,2795.0,2396.0,2396.0,2400.0,2402.0,2413.0,2400.0,8993.0,8517.0,7270.0,2500.0,3246.0,2795.0,2396.0,2396.0,2400.0
0.0,20227.0,7252.0,7197.0,3992.0,11821.0,4336.0,4605.0,2880.0,2398.0,2398.0,2401.0,2423.0,2418.0,2411.0,7084.0,6338.0,6805.0,4336.0,4605.0,2880.0,2398.0,2398.0,2401.0
0.0,16967.0,7236.0,7199.0,8541.0,10524.0,4236.0,3773.0,2515.0,2398.0,2398.0,2403.0,2400.0,2414.0,2422.0,5256.0,4987.0,6724.0,4236.0,3773.0,2515.0,2398.0,2398.0,2403.0
0.0,18272.0,7251.0,7200.0,11821.0,5958.0,2318.0,1602.0,2038.0,2398.0,2399.0,2403.0,2418.0,2430.0,2403.0,5356.0,5819.0,7097.0,2318.0,1602.0,2038.0,2398.0,2399.0,2403.0
0.0,22842.0,7095.0,7199.0,10524.0,2525.0,424.0,205.0,1896.0,2397.0,2399.0,2403.0,2346.0,2376.0,2373.0,7274.0,7994.0,7574.0,424.0,205.0,1896.0,2397.0,2399.0,2403.0
0.0,26271.0,7295.0,7203.0,5958.0,3878.0,517.0,1049.0,2312.0,2398.0,2401.0,2404.0,2407.0,2438.0,2450.0,9164.0,9391.0,7716.0,517.0,1049.0,2312.0,2398.0,2401.0,2404.0
0.0,24934.0,7144.0,7204.0,2525.0,8501.0,2462.0,3218.0,2821.0,2398.0,2401.0,2405.0,2369.0,2374.0,2401.0,9075.0,8555.0,7304.0,2462.0,3218.0,2821.0,2398.0,2401.0,2405.0
0.0,20315.0,7217.0,7203.0,3878.0,11836.0,4351.0,4575.0,2910.0,2398.0,2401.0,2404.0,2406.0,2406.0,2405.0,7130.0,6386.0,6799.0,4351.0,4575.0,2910.0,2398.0,2401.0,2404.0
0.0,16976.0,7317.0,7208.0,8501.0,10672.0,4331.0,3804.0,2537.0,2399.0,2403.0,2406.0,2438.0,2439.0,2440.0,5241.0,5029.0,6706.0,4331.0,3804.0,2537.0,2399.0,2403.0,2406.0
0.0,18160.0,7238.0,7207.0,11836.0,6070.0,2383.0,1638.0,2049.0,2399.0,2402.0,2406.0,2403.0,2413.0,2422.0,5265.0,5808.0,7087.0,2383.0,1638.0,2049.0,2399.0,2402.0,2406.0
0.0,22758.0,7273.0,7209.0,10672.0,2679.0,474.0,233.0,1972.0,2400.0,2402.0,2407.0,2418.0,2399.0,2456.0,7213.0,7970.0,7575.0,474.0,233.0,1972.0,2400.0,2402.0,2407.0
0.0,26157.0,7288.0,7209.0,6070.0,3897.0,504.0,1016.0,2377.0,2400.0,2402.0,2407.0,2413.0,2421.0,2454.0,9126.0,9375.0,7656.0,504.0,1016.0,2377.0,2400.0,2402.0,2407.0
0.0,24939.0,7217.0,7208.0,2679.0,8431.0,2418.0,3206.0,2807.0,2400.0,2402.0,2406.0,2388.0,2423.0,2406.0,9096.0,8592.0,7251.0,2418.0,3206.0,2807.0,2400.0,2402.0,2406.0
0.0,20401.0,7257.0,7212.0,3897.0,11807.0,4317.0,4611.0,2879.0,2401.0,2403.0,2408.0,2399.0,2417.0,2441.0,7182.0,6402.0,6817.0,4317.0,4611.0,2879.0,2401.0,2403.0,2408.0
0.0,17041.0,7261.0,7212.0,8431.0,10637.0,4311.0,3817.0,2509.0,2401.0,2403.0,2408.0,2412.0,2412.0,2437.0,5287.0,5001.0,6753.0,4311.0,3817.0,2509.0,2401.0,2403.0,2408.0
0.0,18211.0,7235.0,7213.0,11807.0,6069.0,2401.0,1587.0,2081.0,2402.0,2402.0,2409.0,2403.0,2385.0,2447.0,5293.0,5795.0,7123.0,2401.0,1587.0,2081.0,2402.0,2402.0,2409.0
0.0,22783.0,7216.0,7214.0,10637.0,2652.0,492.0,175.0,1985.0,2402.0,2403.0,2409.0,2402.0,2401.0,2413.0,7207.0,8021.0,7555.0,492.0,175.0,1985.0,2402.0,2403.0,2409.0
0.0,26204.0,7240.0,7215.0,6069.0,3827.0,504.0,988.0,2335.0,2403.0,2403.0,2409.0,2409.0,2400.0,2431.0,9116.0,9437.0,7651.0,504.0,988.0,2335.0,2403.0,2403.0,2409.0
0.0,25033.0,7141.0,7215.0,2652.0,8316.0,2387.0,3188.0,2741.0,2403.0,2403.0,2409.0,2375.0,2375.0,2391.0,9108.0,8624.0,7301.0,2387.0,3188.0,2741.0,2403.0,2403.0,2409.0
0.0,20544.0,7268.0,7216.0,3827.0,11761.0,4296.0,4629.0,2836.0,2403.0,2403.0,2410.0,2413.0,2429.0,2426.0,7225.0,6424.0,6895.0,4296.0,4629.0,2836.0,2403.0,2403.0,2410.0
0.0,17103.0,7294.0,7219.0,8316.0,10751.0,4365.0,3847.0,2539.0,2404.0,2404.0,2411.0,2452.0,2402.0,2440.0,5316.0,4983.0,6804.0,4365.0,3847.0,2539.0,2404.0,2404.0,2411.0
0.0,18125.0,7305.0,7222.0,11761.0,6307.0,2512.0,1650.0,2145.0,2405.0,2405.0,2412.0,2439.0,2428.0,2438.0,5251.0,5769.0,7105.0,2512.0,1650.0,2145.0,2405.0,2405.0,2412.0
0.0,22581.0,7317.0,7223.0,10751.0,2877.0,608.0,225.0,2044.0,2406.0,2405.0,2412.0,2457.0,2422.0,2438.0,7108.0,7970.0,7503.0,608.0,225.0,2044.0,2406.0,2405.0,2412.0
0.0,26015.0,7259.0,7223.0,6307.0,3829.0,527.0,993.0,2309.0,2406.0,2405.0,2412.0,2431.0,2418.0,2410.0,9016.0,9395.0,7604.0,527.0,993.0,2309.0,2406.0,2405.0,2412.0
0.0,25063.0,7335.0,7224.0,2877.0,8291.0,2373.0,3193.0,2725.0,2407.0,2405.0,2412.0,2450.0,2425.0,2460.0,9097.0,8627.0,7339.0,2373.0,3193.0,2725.0,2407.0,2405.0,2412.0
0.0,20605.0,7314.0,7228.0,3829.0,11792.0,4310.0,4631.0,2851.0,2409.0,2406.0,2413.0,2456.0,2427.0,2431.0,7255.0,6427.0,6923.0,4310.0,4631.0,2851.0,2409.0,2406.0,2413.0
0.0,17120.0,7222.0,7228.0,8291.0,10723.0,4366.0,3833.0,2524.0,2409.0,2406.0,2413.0,2429.0,2395.0,2398.0,5326.0,4993.0,6801.0,4366.0,3833.0,2524.0,2409.0,2406.0,2413.0
0.0,18189.0,7260.0,7228.0,11792.0,6191.0,2483.0,1626.0,2082.0,2409.0,2407.0,2412.0,2427.0,2420.0,2413.0,5270.0,5791.0,7128.0,2483.0,1626.0,2082.0,2409.0,2407.0,2412.0
0.0,22721.0,7334.0,7229.0,10723.0,2806.0,555.0,250.0,2001.0,2409.0,2407.0,2413.0,2438.0,2457.0,2439.0,7153.0,8002.0,7566.0,555.0,250.0,2001.0,2409.0,2407.0,2413.0
0.0,26110.0,7264.0,7231.0,6191.0,3887.0,482.0,1044.0,2361.0,2409.0,2408.0,2414.0,2410.0,2416.0,2438.0,9081.0,9378.0,7651.0,482.0,1044.0,2361.0,2409.0,2408.0,2414.0
0.0,25037.0,7180.0,7230.0,2806.0,8257.0,2322.0,3205.0,2730.0,2409.0,2408.0,2413.0,2395.0,2411.0,2374.0,9154.0,8588.0,7295.0,2322.0,3205.0,2730.0,2409.0,2408.0,2413.0
0.0,20663.0,7322.0,7231.0,3887.0,11696.0,4277.0,4600.0,2819.0,2409.0,2409.0,2413.0,2437.0,2435.0,2450.0,7314.0,6427.0,6922.0,4277.0,4600.0,2819.0,2409.0,2409.0,2413.0
0.0,17228.0,7258.0,7232.0,8257.0,10701.0,4361.0,3824.0,2516.0,2409.0,2409.0,2414.0,2406.0,2429.0,2423.0,5359.0,5036.0,6833.0,4361.0,3824.0,2516.0,2409.0,2409.0,2414.0
0.0,18227.0,7353.0,7237.0,11696.0,6378.0,2546.0,1688.0,2144.0,2411.0,2411.0,2415.0,2454.0,2456.0,2443.0,5275.0,5812.0,7140.0,2546.0,1688.0,2144.0,2411.0,2411.0,2415.0
0.0,22570.0,7210.0,7238.0,10701.0,2891.0,588.0,290.0,2013.0,2411.0,2412.0,2415.0,2403.0,2422.0,2385.0,7098.0,7956.0,7516.0,588.0,290.0,2013.0,2411.0,2412.0,2415.0
0.0,26061.0,7280.0,7239.0,6378.0,3797.0,463.0,1040.0,2294.0,2412.0,2412.0,2415.0,2417.0,2438.0,2425.0,9056.0,9358.0,7647.0,463.0,1040.0,2294.0,2412.0,2412.0,2415.0
0.0,25159.0,7315.0,7242.0,2891.0,8233.0,2295.0,3207.0,2731.0,2412.0,2414.0,2416.0,2420.0,2449.0,2446.0,9185.0,8608.0,7366.0,2295.0,3207.0,2731.0,2412.0,2414.0,2416.0
0.0,20735.0,7263.0,7241.0,3797.0,11695.0,4228.0,4619.0,2848.0,2412.0,2414.0,2415.0,2396.0,2452.0,2415.0,7353.0,6449.0,6933.0,4228.0,4619.0,2848.0,2412.0,2414.0,2415.0
0.0,17269.0,7216.0,7244.0,8233.0,10690.0,4340.0,3824.0,2526.0,2413.0,2415.0,2416.0,2403.0,2408.0,2405.0,5420.0,5037.0,6812.0,4340.0,3824.0,2526.0,2413.0,2415.0,2416.0
0.0,18286.0,7213.0,7245.0,11695.0,6212.0,2518.0,1627.0,2067.0,2413.0,2416.0,2416.0,2406.0,2418.0,2389.0,5312.0,5836.0,7138.0,2518.0,1627.0,2067.0,2413.0,2416.0,2416.0
0.0,22768.0,7235.0,7243.0,10690.0,2749.0,588.0,212.0,1949.0,2412.0,2415.0,2416.0,2414.0,2413.0,2408.0,7134.0,8037.0,7597.0,588.0,212.0,1949.0,2412.0,2415.0,2416.0
0.0,26223.0,7260.0,7246.0,6212.0,3809.0,489.0,1022.0,2298.0,2413.0,2416.0,2417.0,2415.0,2433.0,2412.0,9060.0,9448.0,7715.0,489.0,1022.0,2298.0,2413.0,2416.0,2417.0
0.0,25175.0,7346.0,7249.0,2749.0,8418.0,2361.0,3298.0,2759.0,2414.0,2418.0,2417.0,2456.0,2480.0,2410.0,9163.0,8642.0,7370.0,2361.0,3298.0,2759.0,2414.0,2418.0,2417.0
0.0,20578.0,7210.0,7250.0,3809.0,11823.0,4275.0,4698.0,2850.0,2414.0,2419.0,2417.0,2403.0,2418.0,2389.0,7295.0,6374.0,6909.0,4275.0,4698.0,2850.0,2414.0,2419.0,2417.0
0.0,17177.0,7394.0,7253.0,8418.0,10811.0,4386.0,3873.0,2552.0,2415.0,2420.0,2418.0,2468.0,2469.0,2457.0,5381.0,4978.0,6818.0,4386.0,3873.0,2552.0,2415.0,2420.0,2418.0
0.0,18201.0,7193.0,7254.0,11823.0,6185.0,2527.0,1576.0,2082.0,2416.0,2420.0,2418.0,2412.0,2401.0,2380.0,5274.0,5807.0,7120.0,2527.0,1576.0,2082.0,2416.0,2420.0,2418.0
0.0,22831.0,7281.0,7254.0,10811.0,2655.0,581.0,135.0,1939.0,2416.0,2420.0,2418.0,2440.0,2432.0,2409.0,7137.0,8104.0,7590.0,581.0,135.0,1939.0,2416.0,2420.0,2418.0
0.0,26361.0,7256.0,7254.0,6185.0,3726.0,467.0,976.0,2283.0,2416.0,2420.0,2418.0,2413.0,2417.0,2426.0,9083.0,9545.0,7733.0,467.0,976.0,2283.0,2416.0,2420.0,2418.0
0.0,25290.0,7301.0,7256.0,2655.0,8380.0,2311.0,3277.0,2792.0,2416.0,2421.0,2419.0,2425.0,2432.0,2444.0,9197.0,8704.0,7389.0,2311.0,3277.0,2792.0,2416.0,2421.0,2419.0
0.0,20644.0,7339.0,7259.0,3726.0,12005.0,4297.0,4739.0,2969.0,2417.0,2421.0,2421.0,2449.0,2438.0,2452.0,7353.0,6407.0,6884.0,4297.0,4739.0,2969.0,2417.0,2421.0,2421.0
0.0,17031.0,7227.0,7258.0,8380.0,10848.0,4420.0,3842.0,2586.0,2417.0,2420.0,2421.0,2434.0,2384.0,2409.0,5371.0,4945.0,6715.0,4420.0,3842.0,2586.0,2417.0,2420.0,2421.0
0.0,18184.0,7238.0,7258.0,12005.0,6081.0,2533.0,1507.0,2041.0,2417.0,2420.0,2421.0,2410.0,2404.0,2424.0,5248.0,5838.0,7098.0,2533.0,1507.0,2041.0,2417.0,2420.0,2421.0
0.0,22951.0,7227.0,7259.0,10848.0,2464.0,553.0,42.0,1869.0,2418.0,2419.0,2422.0,2436.0,2381.0,2410.0,7135.0,8173.0,7643.0,553.0,42.0,1869.0,2418.0,2419.0,2422.0
0.0,26572.0,7197.0,7258.0,6081.0,3576.0,434.0,904.0,2238.0,2418.0,2418.0,2422.0,2414.0,2373.0,2410.0,9119.0,9634.0,7819.0,434.0,904.0,2238.0,2418.0,2418.0,2422.0
0.0,25456.0,7307.0,7259.0,2464.0,8423.0,2330.0,3279.0,2814.0,2419.0,2418.0,2422.0,2445.0,2417.0,2445.0,9238.0,8768.0,7450.0,2330.0,3279.0,2814.0,2419.0,2418.0,2422.0
0.0,20613.0,7238.0,7259.0,3576.0,12085.0,4310.0,4775.0,3000.0,2419.0,2418.0,2422.0,2414.0,2400.0,2424.0,7346.0,6393.0,6874.0,4310.0,4775.0,3000.0,2419.0,2418.0,2422.0
0.0,16951.0,7333.0,7264.0,8423.0,11015.0,4438.0,3929.0,2648.0,2421.0,2419.0,2424.0,2450.0,2429.0,2454.0,5366.0,4897.0,6688.0,4438.0,3929.0,2648.0,2421.0,2419.0,2424.0
0.0,18041.0,7351.0,7265.0,12085.0,6285.0,2587.0,1594.0,2104.0,2422.0,2419.0,2424.0,2455.0,2440.0,2456.0,5246.0,5747.0,7048.0,2587.0,1594.0,2104.0,2422.0,2419.0,2424.0
0.0,22775.0,7357.0,7268.0,11015.0,2639.0,589.0,118.0,1932.0,2423.0,2420.0,2425.0,2436.0,2449.0,2472.0,7101.0,8082.0,7592.0,589.0,118.0,1932.0,2423.0,2420.0,2425.0
0.0,26433.0,7299.0,7270.0,6285.0,3661.0,417.0,969.0,2275.0,2423.0,2421.0,2426.0,2415.0,2441.0,2443.0,9103.0,9562.0,7768.0,417.0,969.0,2275.0,2423.0,2421.0,2426.0
0.0,25419.0,7240.0,7268.0,2639.0,8254.0,2229.0,3256.0,2769.0,2422.0,2420.0,2426.0,2405.0,2409.0,2426.0,9275.0,8715.0,7429.0,2229.0,3256.0,2769.0,2422.0,2420.0,2426.0
0.0,20818.0,7322.0,7271.0,3661.0,11927.0,4233.0,4737.0,2957.0,2423.0,2421.0,2427.0,2417.0,2446.0,2459.0,7459.0,6424.0,6935.0,4233.0,4737.0,2957.0,2423.0,2421.0,2427.0
0.0,17157.0,7404.0,7273.0,8254.0,11085.0,4481.0,3950.0,2654.0,2424.0,2422.0,2427.0,2473.0,2465.0,2466.0,5459.0,4947.0,6751.0,4481.0,3950.0,2654.0,2424.0,2422.0,2427.0
0.0,18007.0,7219.0,7271.0,11927.0,6369.0,2622.0,1636.0,2111.0,2423.0,2422.0,2426.0,2378.0,2423.0,2418.0,5215.0,5738.0,7054.0,2622.0,1636.0,2111.0,2423.0,2422.0,2426.0
0.0,22715.0,7194.0,7271.0,11085.0,2478.0,523.0,86.0,1869.0,2423.0,2422.0,2426.0,2382.0,2400.0,2412.0,7070.0,8052.0,7593.0,523.0,86.0,1869.0,2423.0,2422.0,2426.0
0.0,26606.0,7311.0,7272.0,6369.0,3424.0,311.0,906.0,2207.0,2423.0,2423.0,2426.0,2410.0,2452.0,2449.0,9169.0,9602.0,7835.0,311.0,906.0,2207.0,2423.0,2423.0,2426.0
0.0,25664.0,7288.0,7272.0,2478.0,8234.0,2192.0,3265.0,2777.0,2423.0,2423.0,2426.0,2404.0,2445.0,2439.0,9381.0,8786.0,7497.0,2192.0,3265.0,2777.0,2423.0,2423.0,2426.0
0.0,20854.0,7420.0,7277.0,3424.0,12250.0,4373.0,4847.0,3030.0,2425.0,2425.0,2427.0,2484.0,2480.0,2456.0,7500.0,6427.0,6927.0,4373.0,4847.0,3030.0,2425.0,2425.0,2427.0
0.0,16858.0,7293.0,7278.0,8234.0,11313.0,4610.0,4010.0,2693.0,2425.0,2426.0,2427.0,2429.0,2424.0,2440.0,5327.0,4853.0,6678.0,4610.0,4010.0,2693.0,2425.0,2426.0,2427.0
0.0,17799.0,7368.0,7281.0,12250.0,6443.0,2691.0,1623.0,2129.0,2426.0,2427.0,2428.0,2450.0,2456.0,2462.0,5090.0,5694.0,7015.0,2691.0,1623.0,2129.0,2426.0,2427.0,2428.0
0.0,22681.0,7276.0,7283.0,11313.0,2414.0,520.0,57.0,1837.0,2427.0,2428.0,2428.0,2435.0,2440.0,2401.0,7013.0,8085.0,7583.0,520.0,57.0,1837.0,2427.0,2428.0,2428.0
0.0,26718.0,7394.0,7286.0,6443.0,3377.0,283.0,906.0,2188.0,2428.0,2429.0,2429.0,2450.0,2468.0,2476.0,9188.0,9655.0,7875.0,283.0,906.0,2188.0,2428.0,2429.0,2429.0
0.0,25767.0,7408.0,7287.0,2414.0,8375.0,2233.0,3321.0,2821.0,2428.0,2430.0,2429.0,2470.0,2468.0,2470.0,9429.0,8810.0,7528.0,2233.0,3321.0,2821.0,2428.0,2430.0,2429.0
0.0,20773.0,7432.0,7290.0,3377.0,12442.0,4439.0,4907.0,3096.0,2429.0,2431.0,2430.0,2485.0,2488.0,2459.0,7479.0,6399.0,6895.0,4439.0,4907.0,3096.0,2429.0,2431.0,2430.0
0.0,16718.0,7486.0,7293.0,8375.0,11565.0,4705.0,4078.0,2782.0,2430.0,2432.0,2431.0,2495.0,2488.0,2503.0,5277.0,4817.0,6624.0,4705.0,4078.0,2782.0,2430.0,2432.0,2431.0
0.0,17607.0,7343.0,7295.0,12442.0,6474.0,2717.0,1626.0,2131.0,2430.0,2433.0,2432.0,2451.0,2451.0,2441.0,5015.0,5650.0,6942.0,2717.0,1626.0,2131.0,2430.0,2433.0,2432.0
0.0,22706.0,7379.0,7296.0,11565.0,2292.0,488.0,24.0,1780.0,2431.0,2434.0,2431.0,2472.0,2472.0,2435.0,7003.0,8106.0,7597.0,488.0,24.0,1780.0,2431.0,2434.0,2431.0
0.0,26892.0,7377.0,7297.0,6474.0,3199.0,246.0,867.0,2086.0,2431.0,2435.0,2431.0,2475.0,2465.0,2437.0,9236.0,9712.0,7944.0,246.0,867.0,2086.0,2431.0,2435.0,2431.0
0.0,25989.0,7350.0,7299.0,2292.0,8265.0,2211.0,3302.0,2752.0,2431.0,2436.0,2432.0,2453.0,2455.0,2442.0,9478.0,8873.0,7638.0,2211.0,3302.0,2752.0,2431.0,2436.0,2432.0
0.0,20931.0,7352.0,7301.0,3199.0,12426.0,4422.0,4892.0,3112.0,2432.0,2436.0,2433.0,2453.0,2457.0,2442.0,7513.0,6442.0,6976.0,4422.0,4892.0,3112.0,2432.0,2436.0,2433.0
0.0,16778.0,7375.0,7302.0,8265.0,11540.0,4672.0,4059.0,2809.0,2432.0,2437.0,2433.0,2461.0,2465.0,2449.0,5306.0,4852.0,6620.0,4672.0,4059.0,2809.0,2432.0,2437.0,2433.0
0.0,17668.0,7373.0,7304.0,12426.0,6495.0,2739.0,1621.0,2135.0,2434.0,2437.0,2433.0,2481.0,2454.0,2438.0,5056.0,5689.0,6923.0,2739.0,1621.0,2135.0,2434.0,2437.0,2433.0
0.0,22721.0,7250.0,7305.0,11540.0,2232.0,493.0,0.0,1739.0,2434.0,2437.0,2434.0,2426.0,2415.0,2409.0,6997.0,8127.0,7597.0,493.0,0.0,1739.0,2434.0,2437.0,2434.0
0.0,27011.0,7420.0,7307.0,6495.0,3142.0,224.0,840.0,2078.0,2435.0,2438.0,2434.0,2466.0,2480.0,2474.0,9243.0,9771.0,7997.0,224.0,840.0,2078.0,2435.0,2438.0,2434.0
0.0,26086.0,7339.0,7309.0,2232.0,8257.0,2177.0,3294.0,2786.0,2436.0,2439.0,2434.0,2442.0,2450.0,2447.0,9516.0,8912.0,7658.0,2177.0,3294.0,2786.0,2436.0,2439.0,2434.0
0.0,20979.0,7415.0,7310.0,3142.0,12534.0,4440.0,4917.0,3177.0,2436.0,2439.0,2435.0,2487.0,2463.0,2465.0,7567.0,6462.0,6950.0,4440.0,4917.0,3177.0,2436.0,2439.0,2435.0
0.0,16706.0,7344.0,7312.0,8257.0,11629.0,4718.0,4074.0,2837.0,2437.0,2439.0,2436.0,2451.0,2451.0,2442.0,5304.0,4839.0,6563.0,4718.0,4074.0,2837.0,2437.0,2439.0,2436.0
0.0,17619.0,7308.0,7313.0,12534.0,6407.0,2706.0,1609.0,2092.0,2437.0,2440.0,2436.0,2428.0,2448.0,2432.0,5030.0,5682.0,6907.0,2706.0,1609.0,2092.0,2437.0,2440.0,2436.0
0.0,22845.0,7377.0,7313.0,11629.0,2191.0,472.0,0.0,1719.0,2438.0,2439.0,2436.0,2480.0,2433.0,2464.0,7042.0,8151.0,7652.0,472.0,0.0,1719.0,2438.0,2439.0,2436.0
0.0,27097.0,7372.0,7316.0,6407.0,3132.0,246.0,813.0,2073.0,2440.0,2439.0,2437.0,2472.0,2458.0,2442.0,9280.0,9792.0,8025.0,246.0,813.0,2073.0,2440.0,2439.0,2437.0
0.0,26132.0,7352.0,7319.0,2191.0,8305.0,2218.0,3269.0,2818.0,2441.0,2440.0,2438.0,2440.0,2452.0,2460.0,9514.0,8943.0,7675.0,2218.0,3269.0,2818.0,2441.0,2440.0,2438.0
0.0,20971.0,7339.0,7320.0,3132.0,12516.0,4414.0,4890.0,3212.0,2441.0,2440.0,2439.0,2442.0,2434.0,2463.0,7546.0,6491.0,6934.0,4414.0,4890.0,3212.0,2441.0,2440.0,2439.0
0.0,16764.0,7340.0,7323.0,8305.0,11563.0,4634.0,4084.0,2845.0,2442.0,2441.0,2440.0,2434.0,2459.0,2447.0,5350.0,4870.0,6544.0,4634.0,4084.0,2845.0,2442.0,2441.0,2440.0
0.0,17729.0,7270.0,7323.0,12516.0,6317.0,2659.0,1607.0,2051.0,2442.0,2441.0,2440.0,2439.0,2413.0,2418.0,5134.0,5680.0,6915.0,2659.0,1607.0,2051.0,2442.0,2441.0,2440.0
0.0,22975.0,7366.0,7323.0,11563.0,2154.0,480.0,0.0,1674.0,2442.0,2440.0,2441.0,2455.0,2447.0,2464.0,7109.0,8157.0,7709.0,480.0,0.0,1674.0,2442.0,2440.0,2441.0
0.0,27172.0,7311.0,7325.0,6317.0,3122.0,276.0,773.0,2073.0,2443.0,2440.0,2442.0,2451.0,2414.0,2446.0,9288.0,9794.0,8090.0,276.0,773.0,2073.0,2443.0,2440.0,2442.0
0.0,26178.0,7451.0,7326.0,2154.0,8423.0,2275.0,3251.0,2897.0,2443.0,2440.0,2443.0,2479.0,2478.0,2494.0,9496.0,8987.0,7695.0,2275.0,3251.0,2897.0,2443.0,2440.0,2443.0
0.0,20881.0,7363.0,7330.0,3122.0,12680.0,4467.0,4920.0,3293.0,2444.0,2441.0,2445.0,2464.0,2438.0,2461.0,7497.0,6509.0,6875.0,4467.0,4920.0,3293.0,2444.0,2441.0,2445.0
0.0,16640.0,7468.0,7334.0,8423.0,11741.0,4686.0,4126.0,2929.0,2445.0,2442.0,2447.0,2490.0,2453.0,2525.0,5309.0,4844.0,6487.0,4686.0,4126.0,2929.0,2445.0,2442.0,2447.0
0.0,17595.0,7413.0,7337.0,12680.0,6486.0,2714.0,1671.0,2101.0,2447.0,2442.0,2448.0,2487.0,2465.0,2461.0,5094.0,5642.0,6859.0,2714.0,1671.0,2101.0,2447.0,2442.0,2448.0
0.0,22862.0,7404.0,7339.0,11741.0,2157.0,517.0,20.0,1620.0,2448.0,2443.0,2448.0,2485.0,2471.0,2448.0,7074.0,8097.0,7691.0,517.0,20.0,1620.0,2448.0,2443.0,2448.0
0.0,27199.0,7413.0,7340.0,6486.0,3088.0,302.0,786.0,2000.0,2449.0,2443.0,2448.0,2495.0,2437.0,2481.0,9275.0,9752.0,8172.0,302.0,786.0,2000.0,2449.0,2443.0,2448.0
0.0,26272.0,7386.0,7343.0,2157.0,8329.0,2245.0,3244.0,2840.0,2449.0,2445.0,2449.0,2460.0,2470.0,2456.0,9494.0,8986.0,7792.0,2245.0,3244.0,2840.0,2449.0,2445.0,2449.0
0.0,21043.0,7370.0,7345.0,3088.0,12619.0,4420.0,4886.0,3313.0,2450.0,2445.0,2450.0,2473.0,2428.0,2469.0,7551.0,6536.0,6956.0,4420.0,4886.0,3313.0,2450.0,2445.0,2450.0
0.0,16761.0,7339.0,7349.0,8329.0,11645.0,4624.0,4095.0,2926.0,2451.0,2447.0,2451.0,2445.0,2445.0,2449.0,5380.0,4894.0,6487.0,4624.0,4095.0,2926.0,2451.0,2447.0,2451.0
0.0,17751.0,7374.0,7352.0,12619.0,6412.0,2672.0,1667.0,2073.0,2452.0,2448.0,2452.0,2464.0,2454.0,2456.0,5180.0,5693.0,6878.0,2672.0,1667.0,2073.0,2452.0,2448.0,2452.0
0.0,22996.0,7416.0,7353.0,11645.0,2187.0,519.0,57.0,1611.0,2452.0,2449.0,2452.0,2471.0,2481.0,2464.0,7136.0,8125.0,7735.0,519.0,57.0,1611.0,2452.0,2449.0,2452.0
0.0,27225.0,7393.0,7357.0,6412.0,3184.0,298.0,862.0,2024.0,2453.0,2451.0,2453.0,2447.0,2464.0,2482.0,9289.0,9739.0,8197.0,298.0,862.0,2024.0,2453.0,2451.0,2453.0
0.0,26244.0,7372.0,7357.0,2187.0,8369.0,2212.0,3261.0,2896.0,2452.0,2451.0,2454.0,2437.0,2456.0,2479.0,9514.0,8942.0,7788.0,2212.0,3261.0,2896.0,2452.0,2451.0,2454.0
0.0,21059.0,7327.0,7356.0,3184.0,12508.0,4341.0,4852.0,3315.0,2452.0,2451.0,2453.0,2427.0,2453.0,2447.0,7596.0,6543.0,6920.0,4341.0,4852.0,3315.0,2452.0,2451.0,2453.0
0.0,16916.0,7334.0,7356.0,8369.0,11473.0,4557.0,4045.0,2871.0,2452.0,2451.0,2453.0,2428.0,2454.0,2452.0,5467.0,4952.0,6497.0,4557.0,4045.0,2871.0,2452.0,2451.0,2453.0
0.0,17951.0,7319.0,7357.0,12508.0,6288.0,2634.0,1656.0,1998.0,2452.0,2452.0,2453.0,2418.0,2459.0,2442.0,5251.0,5759.0,6941.0,2634.0,1656.0,1998.0,2452.0,2452.0,2453.0
0.0,23140.0,7283.0,7357.0,11473.0,2098.0,512.0,54.0,1532.0,2452.0,2452.0,2453.0,2435.0,2443.0,2405.0,7174.0,8152.0,7814.0,512.0,54.0,1532.0,2452.0,2452.0,2453.0
0.0,27330.0,7428.0,7359.0,6288.0,3246.0,352.0,881.0,2013.0,2453.0,2453.0,2453.0,2470.0,2479.0,2479.0,9296.0,9754.0,8280.0,352.0,881.0,2013.0,2453.0,2453.0,2453.0
0.0,26190.0,7354.0,7358.0,2098.0,8498.0,2258.0,3295.0,2945.0,2452.0,2453.0,2453.0,2422.0,2468.0,2464.0,9460.0,8931.0,7799.0,2258.0,3295.0,2945.0,2452.0,2453.0,2453.0
0.0,20934.0,7292.0,7360.0,3246.0,12552.0,4340.0,4868.0,3344.0,2453.0,2454.0,2453.0,2430.0,2450.0,2412.0,7550.0,6517.0,6867.0,4340.0,4868.0,3344.0,2453.0,2454.0,2453.0
0.0,16888.0,7457.0,7365.0,8498.0,11531.0,4562.0,4064.0,2905.0,2455.0,2455.0,2455.0,2472.0,2487.0,2498.0,5472.0,4948.0,6468.0,4562.0,4064.0,2905.0,2455.0,2455.0,2455.0
0.0,17929.0,7266.0,7364.0,12552.0,6241.0,2623.0,1633.0,1985.0,2455.0,2455.0,2454.0,2401.0,2437.0,2428.0,5258.0,5756.0,6915.0,2623.0,1633.0,1985.0,2455.0,2455.0,2454.0
0.0,23215.0,7434.0,7367.0,11531.0,2156.0,535.0,70.0,1551.0,2456.0,2456.0,2455.0,2470.0,2497.0,2467.0,7197.0,8187.0,7831.0,535.0,70.0,1551.0,2456.0,2456.0,2455.0
0.0,27312.0,7379.0,7367.0,6241.0,3294.0,368.0,890.0,2036.0,2456.0,2456.0,2455.0,2456.0,2453.0,2470.0,9289.0,9754.0,8269.0,368.0,890.0,2036.0,2456.0,2456.0,2455.0
0.0,26174.0,7494.0,7370.0,2156.0,8644.0,2333.0,3329.0,2982.0,2457.0,2457.0,2456.0,2496.0,2505.0,2493.0,9456.0,8934.0,7784.0,2333.0,3329.0,2982.0,2457.0,2457.0,2456.0
0.0,20836.0,7335.0,7370.0,3294.0,12685.0,4403.0,4879.0,3403.0,2457.0,2457.0,2456.0,2438.0,2440.0,2457.0,7495.0,6499.0,6842.0,4403.0,4879.0,3403.0,2457.0,2457.0,2456.0
0.0,16795.0,7326.0,7371.0,8644.0,11371.0,4513.0,3980.0,2878.0,2457.0,2457.0,2457.0,2443.0,2430.0,2453.0,5425.0,4949.0,6421.0,4513.0,3980.0,2878.0,2457.0,2457.0,2457.0
0.0,18113.0,7443.0,7372.0,12685.0,6133.0,2610.0,1581.0,1942.0,2458.0,2457.0,2457.0,2496.0,2480.0,2467.0,5315.0,5848.0,6950.0,2610.0,1581.0,1942.0,2458.0,2457.0,2457.0
0.0,23355.0,7298.0,7369.0,11371.0,2048.0,532.0,27.0,1489.0,2457.0,2456.0,2456.0,2439.0,2430.0,2429.0,7222.0,8247.0,7886.0,532.0,27.0,1489.0,2457.0,2456.0,2456.0
0.0,27428.0,7514.0,7371.0,6133.0,3437.0,461.0,933.0,2043.0,2458.0,2456.0,2457.0,2535.0,2487.0,2492.0,9296.0,9797.0,8335.0,461.0,933.0,2043.0,2458.0,2456.0,2457.0
0.0,26047.0,7367.0,7369.0,2048.0,8748.0,2410.0,3316.0,3022.0,2458.0,2455.0,2456.0,2481.0,2414.0,2472.0,9371.0,8891.0,7785.0,2410.0,3316.0,3022.0,2458.0,2455.0,2456.0
0.0,20728.0,7297.0,7368.0,3437.0,12604.0,4399.0,4800.0,3405.0,2458.0,2454.0,2456.0,2450.0,2421.0,2426.0,7422.0,6504.0,6802.0,4399.0,4800.0,3405.0,2458.0,2454.0,2456.0
0.0,16868.0,7460.0,7370.0,8748.0,11324.0,4508.0,3946.0,2870.0,2459.0,2454.0,2457.0,2515.0,2462.0,2483.0,5433.0,5016.0,6419.0,4508.0,3946.0,2870.0,2459.0,2454.0,2457.0
0.0,18156.0,7484.0,7371.0,12604.0,6208.0,2621.0,1650.0,1937.0,2459.0,2455.0,2457.0,2512.0,2500.0,2472.0,5328.0,5870.0,6958.0,2621.0,1650.0,1937.0,2459.0,2455.0,2457.0
0.0,23276.0,7411.0,7373.0,11324.0,2303.0,599.0,171.0,1533.0,2460.0,2455.0,2458.0,2482.0,2467.0,2462.0,7215.0,8170.0,7891.0,599.0,171.0,1533.0,2460.0,2455.0,2458.0
0.0,27189.0,7349.0,7373.0,6208.0,3444.0,435.0,970.0,2039.0,2460.0,2455.0,2458.0,2457.0,2449.0,2443.0,9241.0,9649.0,8299.0,435.0,970.0,2039.0,2460.0,2455.0,2458.0
0.0,26048.0,7378.0,7371.0,2303.0,8511.0,2318.0,3253.0,2940.0,2460.0,2454.0,2457.0,2482.0,2458.0,2438.0,9405.0,8850.0,7793.0,2318.0,3253.0,2940.0,2460.0,2454.0,2457.0
0.0,20973.0,7468.0,7374.0,3444.0,12547.0,4414.0,4754.0,3379.0,2461.0,2455.0,2458.0,2527.0,2467.0,2474.0,7522.0,6563.0,6888.0,4414.0,4754.0,3379.0,2461.0,2455.0,2458.0
0.0,16949.0,7420.0,7377.0,8511.0,11468.0,4584.0,3985.0,2899.0,2462.0,2456.0,2459.0,2484.0,2480.0,2456.0,5430.0,5066.0,6453.0,4584.0,3985.0,2899.0,2462.0,2456.0,2459.0
0.0,18040.0,7412.0,7378.0,12547.0,6337.0,2641.0,1710.0,1986.0,2463.0,2456.0,2459.0,2467.0,2479.0,2466.0,5264.0,5839.0,6937.0,2641.0,1710.0,1986.0,2463.0,2456.0,2459.0
0.0,23175.0,7430.0,7380.0,11468.0,2307.0,511.0,216.0,1580.0,2463.0,2457.0,2460.0,2454.0,2487.0,2489.0,7211.0,8114.0,7850.0,511.0,216.0,1580.0,2463.0,2457.0,2460.0
0.0,27213.0,7487.0,7381.0,6337.0,3461.0,363.0,990.0,2108.0,2463.0,2457.0,2461.0,2493.0,2484.0,2510.0,9341.0,9612.0,8260.0,363.0,990.0,2108.0,2463.0,2457.0,2461.0
0.0,26063.0,7474.0,7383.0,2307.0,8636.0,2322.0,3287.0,3027.0,2463.0,2458.0,2462.0,2470.0,2509.0,2495.0,9489.0,8838.0,7736.0,2322.0,3287.0,3027.0,2463.0,2458.0,2462.0
0.0,20896.0,7523.0,7387.0,3461.0,12714.0,4471.0,4810.0,3433.0,2465.0,2459.0,2463.0,2504.0,2509.0,2510.0,7530.0,6545.0,6821.0,4471.0,4810.0,3433.0,2465.0,2459.0,2463.0
0.0,16834.0,7480.0,7390.0,8636.0,11570.0,4627.0,4036.0,2907.0,2465.0,2461.0,2464.0,2478.0,2505.0,2497.0,5389.0,5026.0,6419.0,4627.0,4036.0,2907.0,2465.0,2461.0,2464.0
0.0,17990.0,7394.0,7389.0,12714.0,6246.0,2610.0,1709.0,1927.0,2464.0,2461.0,2464.0,2458.0,2483.0,2453.0,5233.0,5808.0,6949.0,2610.0,1709.0,1927.0,2464.0,2461.0,2464.0
0.0,23310.0,7431.0,7391.0,11570.0,2115.0,458.0,158.0,1499.0,2465.0,2462.0,2464.0,2471.0,2481.0,2479.0,7246.0,8135.0,7929.0,458.0,158.0,1499.0,2465.0,2462.0,2464.0
0.0,27449.0,7523.0,7394.0,6246.0,3404.0,367.0,974.0,2063.0,2466.0,2463.0,2465.0,2515.0,2521.0,2487.0,9402.0,9690.0,8357.0,367.0,974.0,2063.0,2466.0,2463.0,2465.0
0.0,26172.0,7423.0,7396.0,2115.0,8720.0,2386.0,3292.0,3042.0,2467.0,2464.0,2465.0,2473.0,2472.0,2478.0,9497.0,8878.0,7797.0,2386.0,3292.0,3042.0,2467.0,2464.0,2465.0
0.0,20864.0,7382.0,7399.0,3404.0,12710.0,4496.0,4790.0,3424.0,2468.0,2465.0,2466.0,2473.0,2468.0,2441.0,7482.0,6564.0,6818.0,4496.0,4790.0,3424.0,2468.0,2465.0,2466.0
0.0,16886.0,7488.0,7401.0,8720.0,11486.0,4608.0,4014.0,2864.0,2469.0,2466.0,2466.0,2494.0,2512.0,2482.0,5376.0,5070.0,6440.0,4608.0,4014.0,2864.0,2469.0,2466.0,2466.0
0.0,18118.0,7474.0,7404.0,12710.0,6262.0,2611.0,1725.0,1926.0,2469.0,2468.0,2467.0,2499.0,2493.0,2482.0,5268.0,5850.0,7000.0,2611.0,1725.0,1926.0,2469.0,2468.0,2467.0
0.0,23354.0,7417.0,7403.0,11486.0,2189.0,467.0,172.0,1550.0,2469.0,2467.0,2467.0,2464.0,2465.0,2488.0,7265.0,8147.0,7942.0,467.0,172.0,1550.0,2469.0,2467.0,2467.0
0.0,27423.0,7473.0,7405.0,6262.0,3408.0,362.0,943.0,2103.0,2470.0,2468.0,2467.0,2502.0,2492.0,2479.0,9409.0,9696.0,8318.0,362.0,943.0,2103.0,2470.0,2468.0,2467.0
0.0,26212.0,7503.0,7405.0,2189.0,8722.0,2403.0,3275.0,3044.0,2470.0,2469.0,2466.0,2508.0,2500.0,2495.0,9518.0,8929.0,7765.0,2403.0,3275.0,3044.0,2470.0,2469.0,2466.0
0.0,20898.0,7495.0,7407.0,3408.0,12817.0,4539.0,4843.0,3435.0,2470.0,2470.0,2467.0,2498.0,2507.0,2490.0,7477.0,6601.0,6820.0,4539.0,4843.0,3435.0,2470.0,2470.0,2467.0
0.0,16811.0,7432.0,7408.0,8722.0,11531.0,4602.0,4050.0,2879.0,2470.0,2470.0,2468.0,2466.0,2482.0,2484.0,5341.0,5037.0,6433.0,4602.0,4050.0,2879.0,2470.0,2470.0,2468.0
0.0,18101.0,7442.0,7409.0,12817.0,6160.0,2551.0,1669.0,1940.0,2470.0,2471.0,2468.0,2488.0,2458.0,2496.0,5278.0,5830.0,6993.0,2551.0,1669.0,1940.0,2470.0,2471.0,2468.0
0.0,23476.0,7555.0,7411.0,11531.0,2192.0,490.0,124.0,1578.0,2471.0,2471.0,2469.0,2537.0,2505.0,2513.0,7329.0,8215.0,7932.0,490.0,124.0,1578.0,2471.0,2471.0,2469.0
0.0,27452.0,7457.0,7414.0,6160.0,3501.0,440.0,928.0,2133.0,2472.0,2472.0,2470.0,2497.0,2469.0,2491.0,9394.0,9760.0,8298.0,440.0,928.0,2133.0,2472.0,2472.0,2470.0
0.0,26155.0,7485.0,7417.0,2192.0,8806.0,2447.0,3289.0,3070.0,2473.0,2473.0,2471.0,2493.0,2481.0,2511.0,9448.0,8960.0,7747.0,2447.0,3289.0,3070.0,2473.0,2473.0,2471.0
0.0,20862.0,7324.0,7415.0,3501.0,12621.0,4497.0,4777.0,3347.0,2473.0,2472.0,2470.0,2490.0,2420.0,2414.0,7445.0,6603.0,6814.0,4497.0,4777.0,3347.0,2473.0,2472.0,2470.0
0.0,17039.0,7420.0,7415.0,8806.0,11235.0,4527.0,3960.0,2748.0,2473.0,2472.0,2470.0,2477.0,2472.0,2471.0,5395.0,5111.0,6533.0,4527.0,3960.0,2748.0,2473.0,2472.0,2470.0
0.0,18425.0,7321.0,7414.0,12621.0,5931.0,2470.0,1625.0,1836.0,2473.0,2472.0,2469.0,2440.0,2442.0,2439.0,5365.0,5928.0,7132.0,2470.0,1625.0,1836.0,2473.0,2472.0,2469.0
0.0,23725.0,7419.0,7415.0,11235.0,2119.0,421.0,139.0,1559.0,2474.0,2472.0,2469.0,2474.0,2474.0,2471.0,7422.0,8263.0,8040.0,421.0,139.0,1559.0,2474.0,2472.0,2469.0
0.0,27541.0,7404.0,7417.0,5931.0,3600.0,438.0,949.0,2213.0,2475.0,2472.0,2470.0,2483.0,2435.0,2486.0,9475.0,9749.0,8317.0,438.0,949.0,2213.0,2475.0,2472.0,2470.0
0.0,26068.0,7447.0,7419.0,2119.0,8936.0,2507.0,3270.0,3159.0,2476.0,2472.0,2471.0,2486.0,2460.0,2501.0,9462.0,8939.0,7667.0,2507.0,3270.0,3159.0,2476.0,2472.0,2471.0
0.0,20740.0,7234.0,7417.0,3600.0,12562.0,4482.0,4724.0,3356.0,2476.0,2471.0,2470.0,2413.0,2407.0,2414.0,7397.0,6618.0,6725.0,4482.0,4724.0,3356.0,2476.0,2471.0,2470.0
0.0,17106.0,7429.0,7420.0,8936.0,11067.0,4459.0,3919.0,2689.0,2477.0,2471.0,2472.0,2480.0,2465.0,2484.0,5422.0,5160.0,6524.0,4459.0,3919.0,2689.0,2477.0,2471.0,2472.0
0.0,18613.0,7467.0,7420.0,12562.0,5972.0,2449.0,1692.0,1831.0,2477.0,2471.0,2472.0,2472.0,2497.0,2498.0,5449.0,5965.0,7199.0,2449.0,1692.0,1831.0,2477.0,2471.0,2472.0
0.0,23708.0,7383.0,7421.0,11067.0,2292.0,453.0,213.0,1626.0,2478.0,2471.0,2472.0,2459.0,2440.0,2484.0,7459.0,8192.0,8057.0,453.0,213.0,1626.0,2478.0,2471.0,2472.0
0.0,27392.0,7451.0,7425.0,5972.0,3787.0,483.0,1024.0,2280.0,2479.0,2472.0,2474.0,2475.0,2499.0,2477.0,9459.0,9671.0,8262.0,483.0,1024.0,2280.0,2479.0,2472.0,2474.0
0.0,25913.0,7449.0,7424.0,2292.0,8940.0,2503.0,3307.0,3130.0,2479.0,2472.0,2473.0,2473.0,2496.0,2480.0,9433.0,8864.0,7616.0,2503.0,3307.0,3130.0,2479.0,2472.0,2473.0
0.0,20756.0,7423.0,7427.0,3787.0,12588.0,4488.0,4779.0,3321.0,2480.0,2473.0,2474.0,2464.0,2492.0,2467.0,7413.0,6581.0,6762.0,4488.0,4779.0,3321.0,2480.0,2473.0,2474.0
0.0,17120.0,7371.0,7426.0,8940.0,11015.0,4429.0,3940.0,2646.0,2479.0,2473.0,2474.0,2448.0,2468.0,2455.0,5432.0,5113.0,6575.0,4429.0,3940.0,2646.0,2479.0,2473.0,2474.0
0.0,18689.0,7441.0,7427.0,12588.0,5872.0,2419.0,1641.0,1812.0,2480.0,2473.0,2474.0,2474.0,2480.0,2487.0,5487.0,5952.0,7250.0,2419.0,1641.0,1812.0,2480.0,2473.0,2474.0
0.0,23836.0,7367.0,7424.0,11015.0,2212.0,449.0,153.0,1610.0,2479.0,2472.0,2473.0,2463.0,2456.0,2448.0,7501.0,8251.0,8084.0,449.0,153.0,1610.0,2479.0,2472.0,2473.0
0.0,27484.0,7446.0,7427.0,5872.0,3798.0,516.0,1004.0,2278.0,2480.0,2473.0,2474.0,2482.0,2488.0,2476.0,9467.0,9735.0,8282.0,516.0,1004.0,2278.0,2480.0,2473.0,2474.0
0.0,25910.0,7384.0,7428.0,2212.0,8974.0,2558.0,3292.0,3124.0,2481.0,2473.0,2474.0,2487.0,2441.0,2456.0,9404.0,8888.0,7618.0,2558.0,3292.0,3124.0,2481.0,2473.0,2474.0
0.0,20738.0,7574.0,7431.0,3798.0,12762.0,4578.0,4815.0,3369.0,2482.0,2474.0,2475.0,2532.0,2523.0,2519.0,7366.0,6600.0,6772.0,4578.0,4815.0,3369.0,2482.0,2474.0,2475.0
0.0,16962.0,7557.0,7435.0,8974.0,11361.0,4552.0,4051.0,2758.0,2483.0,2476.0,2476.0,2528.0,2520.0,2509.0,5350.0,5081.0,6531.0,4552.0,4051.0,2758.0,2483.0,2476.0,2476.0
0.0,18379.0,7554.0,7436.0,12762.0,6157.0,2505.0,1770.0,1882.0,2483.0,2477.0,2476.0,2531.0,2530.0,2493.0,5380.0,5853.0,7146.0,2505.0,1770.0,1882.0,2483.0,2477.0,2476.0
0.0,23587.0,7530.0,7440.0,11361.0,2342.0,464.0,255.0,1623.0,2484.0,2479.0,2477.0,2507.0,2528.0,2495.0,7427.0,8138.0,8022.0,464.0,255.0,1623.0,2484.0,2479.0,2477.0
0.0,27418.0,7506.0,7444.0,6157.0,3707.0,476.0,1005.0,2226.0,2485.0,2481.0,2478.0,2513.0,2512.0,2481.0,9472.0,9661.0,8285.0,476.0,1005.0,2226.0,2485.0,2481.0,2478.0
0.0,26069.0,7474.0,7444.0,2342.0,8839.0,2515.0,3236.0,3088.0,2485.0,2481.0,2478.0,2503.0,2486.0,2485.0,9464.0,8919.0,7686.0,2515.0,3236.0,3088.0,2485.0,2481.0,2478.0
0.0,20937.0,7539.0,7445.0,3707.0,12675.0,4565.0,4766.0,3344.0,2485.0,2482.0,2478.0,2526.0,2531.0,2482.0,7425.0,6688.0,6824.0,4565.0,4766.0,3344.0,2485.0,2482.0,2478.0
0.0,17105.0,7596.0,7448.0,8839.0,11444.0,4610.0,4071.0,2763.0,2486.0,2483.0,2479.0,2556.0,2537.0,2503.0,5375.0,5162.0,6568.0,4610.0,4071.0,2763.0,2486.0,2483.0,2479.0
0.0,18348.0,7504.0,7452.0,12675.0,6289.0,2572.0,1806.0,1911.0,2488.0,2484.0,2480.0,2519.0,2497.0,2488.0,5334.0,5861.0,7153.0,2572.0,1806.0,1911.0,2488.0,2484.0,2480.0
0.0,23519.0,7497.0,7454.0,11444.0,2350.0,474.0,231.0,1645.0,2488.0,2485.0,2481.0,2512.0,2492.0,2493.0,7380.0,8130.0,8009.0,474.0,231.0,1645.0,2488.0,2485.0,2481.0
0.0,27466.0,7457.0,7453.0,6289.0,3514.0,359.0,926.0,2229.0,2487.0,2485.0,2481.0,2461.0,2501.0,2495.0,9478.0,9709.0,8279.0,359.0,926.0,2229.0,2487.0,2485.0,2481.0
0.0,26298.0,7567.0,7456.0,2350.0,8743.0,2409.0,3236.0,3098.0,2488.0,2486.0,2482.0,2520.0,2537.0,2510.0,9589.0,9014.0,7695.0,2409.0,3236.0,3098.0,2488.0,2486.0,2482.0
0.0,21081.0,7549.0,7458.0,3514.0,12786.0,4551.0,4838.0,3397.0,2488.0,2487.0,2483.0,2501.0,2524.0,2524.0,7543.0,6708.0,6830.0,4551.0,4838.0,3397.0,2488.0,2487.0,2483.0
0.0,17046.0,7510.0,7461.0,8743.0,11565.0,4638.0,4128.0,2799.0,2489.0,2488.0,2484.0,2492.0,2522.0,2496.0,5401.0,5110.0,6535.0,4638.0,4128.0,2799.0,2489.0,2488.0,2484.0
0.0,18279.0,7474.0,7460.0,12786.0,6249.0,2572.0,1783.0,1894.0,2489.0,2488.0,2483.0,2485.0,2493.0,2496.0,5318.0,5824.0,7137.0,2572.0,1783.0,1894.0,2489.0,2488.0,2483.0
0.0,23591.0,7577.0,7462.0,11565.0,2269.0,465.0,188.0,1616.0,2490.0,2488.0,2484.0,2527.0,2533.0,2517.0,7384.0,8169.0,8038.0,465.0,188.0,1616.0,2490.0,2488.0,2484.0
0.0,27579.0,7561.0,7463.0,6249.0,3585.0,411.0,930.0,2244.0,2490.0,2489.0,2484.0,2518.0,2521.0,2522.0,9495.0,9764.0,8320.0,411.0,930.0,2244.0,2490.0,2489.0,2484.0
0.0,26267.0,7536.0,7463.0,2269.0,8852.0,2443.0,3255.0,3154.0,2490.0,2489.0,2484.0,2497.0,2513.0,2526.0,9549.0,9026.0,7692.0,2443.0,3255.0,3154.0,2490.0,2489.0,2484.0
0.0,21000.0,7523.0,7466.0,3585.0,12802.0,4532.0,4840.0,3430.0,2491.0,2489.0,2486.0,2496.0,2515.0,2512.0,7517.0,6701.0,6782.0,4532.0,4840.0,3430.0,2491.0,2489.0,2486.0
0.0,17062.0,7450.0,7466.0,8852.0,11400.0,4570.0,4050.0,2780.0,2491.0,2489.0,2486.0,2481.0,2465.0,2504.0,5432.0,5116.0,6514.0,4570.0,4050.0,2780.0,2491.0,2489.0,2486.0
0.0,18464.0,7409.0,7465.0,12802.0,6003.0,2512.0,1660.0,1831.0,2491.0,2488.0,2486.0,2474.0,2454.0,2481.0,5394.0,5906.0,7164.0,2512.0,1660.0,1831.0,2491.0,2488.0,2486.0
0.0,23857.0,7482.0,7466.0,11400.0,2089.0,427.0,72.0,1590.0,2491.0,2488.0,2487.0,2485.0,2462.0,2535.0,7452.0,8292.0,8113.0,427.0,72.0,1590.0,2491.0,2488.0,2487.0
0.0,27775.0,7460.0,7467.0,6003.0,3550.0,393.0,899.0,2258.0,2491.0,2488.0,2488.0,2478.0,2487.0,2495.0,9537.0,9880.0,8358.0,393.0,899.0,2258.0,2491.0,2488.0,2488.0
0.0,26318.0,7622.0,7469.0,2089.0,9091.0,2514.0,3361.0,3216.0,2492.0,2488.0,2489.0,2544.0,2534.0,2544.0,9571.0,9053.0,7694.0,2514.0,3361.0,3216.0,2492.0,2488.0,2489.0
0.0,20785.0,7602.0,7473.0,3550.0,13159.0,4661.0,4984.0,3514.0,2493.0,2489.0,2491.0,2536.0,2518.0,2548.0,7454.0,6591.0,6740.0,4661.0,4984.0,3514.0,2493.0,2489.0,2491.0
0.0,16733.0,7545.0,7475.0,9091.0,11621.0,4667.0,4129.0,2825.0,2494.0,2490.0,2491.0,2516.0,2502.0,2527.0,5311.0,4972.0,6450.0,4667.0,4129.0,2825.0,2494.0,2490.0,2491.0
0.0,18279.0,7536.0,7476.0,13159.0,6002.0,2516.0,1646.0,1840.0,2494.0,2490.0,2492.0,2510.0,2501.0,2525.0,5309.0,5831.0,7139.0,2516.0,1646.0,1840.0,2494.0,2490.0,2492.0
0.0,23902.0,7536.0,7476.0,11621.0,1924.0,385.0,0.0,1539.0,2494.0,2489.0,2493.0,2536.0,2480.0,2520.0,7460.0,8314.0,8128.0,385.0,0.0,1539.0,2494.0,2489.0,2493.0
0.0,27987.0,7560.0,7478.0,6002.0,3483.0,391.0,865.0,2227.0,2495.0,2490.0,2493.0,2518.0,2514.0,2528.0,9591.0,9963.0,8433.0,391.0,865.0,2227.0,2495.0,2490.0,2493.0
0.0,26429.0,7509.0,7480.0,1924.0,9076.0,2524.0,3356.0,3196.0,2496.0,2490.0,2494.0,2514.0,2491.0,2504.0,9589.0,9095.0,7745.0,2524.0,3356.0,3196.0,2496.0,2490.0,2494.0
0.0,20844.0,7507.0,7481.0,3483.0,13104.0,4621.0,4995.0,3488.0,2496.0,2491.0,2494.0,2488.0,2500.0,2519.0,7460.0,6604.0,6780.0,4621.0,4995.0,3488.0,2496.0,2491.0,2494.0
0.0,16820.0,7612.0,7481.0,9076.0,11640.0,4649.0,4181.0,2810.0,2496.0,2491.0,2494.0,2552.0,2542.0,2518.0,5363.0,4969.0,6488.0,4649.0,4181.0,2810.0,2496.0,2491.0,2494.0
0.0,18284.0,7524.0,7483.0,13104.0,6068.0,2545.0,1684.0,1839.0,2496.0,2492.0,2495.0,2517.0,2494.0,2513.0,5335.0,5783.0,7166.0,2545.0,1684.0,1839.0,2496.0,2492.0,2495.0
0.0,23864.0,7492.0,7483.0,11640.0,1932.0,396.0,0.0,1536.0,2496.0,2492.0,2495.0,2500.0,2485.0,2507.0,7439.0,8284.0,8141.0,396.0,0.0,1536.0,2496.0,2492.0,2495.0
0.0,28012.0,7371.0,7484.0,6068.0,3227.0,325.0,773.0,2129.0,2496.0,2493.0,2495.0,2474.0,2465.0,2432.0,9588.0,9980.0,8444.0,325.0,773.0,2129.0,2496.0,2493.0,2495.0
0.0,26709.0,7447.0,7485.0,1932.0,8746.0,2397.0,3252.0,3097.0,2496.0,2493.0,2496.0,2468.0,2479.0,2500.0,9659.0,9199.0,7851.0,2397.0,3252.0,3097.0,2496.0,2493.0,2496.0
0.0,21194.0,7459.0,7488.0,3227.0,12990.0,4562.0,4964.0,3464.0,2497.0,2494.0,2497.0,2486.0,2481.0,2492.0,7587.0,6720.0,6887.0,4562.0,4964.0,3464.0,2497.0,2494.0,2497.0
0.0,16962.0,7565.0,7490.0,8746.0,11817.0,4680.0,4229.0,2908.0,2498.0,2494.0,2498.0,2511.0,2517.0,2537.0,5426.0,5012.0,6524.0,4680.0,4229.0,2908.0,2498.0,2494.0,2498.0
0.0,18143.0,7526.0,7492.0,12990.0,6361.0,2624.0,1795.0,1942.0,2498.0,2496.0,2498.0,2506.0,2522.0,2498.0,5312.0,5747.0,7084.0,2624.0,1795.0,1942.0,2498.0,2496.0,2498.0
0.0,23607.0,7442.0,7492.0,11817.0,1986.0,430.0,58.0,1498.0,2498.0,2497.0,2497.0,2486.0,2488.0,2468.0,7368.0,8189.0,8050.0,430.0,58.0,1498.0,2498.0,2497.0,2497.0
0.0,27982.0,7545.0,7499.0,6361.0,3198.0,311.0,798.0,2089.0,2500.0,2499.0,2500.0,2497.0,2527.0,2521.0,9562.0,9930.0,8490.0,311.0,798.0,2089.0,2500.0,2499.0,2500.0
0.0,26798.0,7460.0,7499.0,1986.0,8672.0,2364.0,3244.0,3064.0,2500.0,2500.0,2499.0,2483.0,2500.0,2477.0,9689.0,9198.0,7911.0,2364.0,3244.0,3064.0,2500.0,2500.0,2499.0
0.0,21324.0,7532.0,7500.0,3198.0,13010.0,4551.0,4958.0,3501.0,2500.0,2500.0,2500.0,2498.0,2512.0,2522.0,7636.0,6756.0,6932.0,4551.0,4958.0,3501.0,2500.0,2500.0,2500.0
0.0,16990.0,7447.0,7501.0,8672.0,11789.0,4644.0,4224.0,2921.0,2500.0,2501.0,2500.0,2457.0,2506.0,2484.0,5449.0,5042.0,6499.0,4644.0,4224.0,2921.0,2500.0,2501.0,2500.0
0.0,18215.0,7505.0,7502.0,13010.0,6288.0,2595.0,1779.0,1914.0,2501.0,2501.0,2500.0,2498.0,2513.0,2494.0,5356.0,5780.0,7079.0,2595.0,1779.0,1914.0,2501.0,2501.0,2500.0
0.0,23720.0,7409.0,7501.0,11789.0,1904.0,407.0,38.0,1459.0,2500.0,2501.0,2500.0,2460.0,2483.0,2466.0,7409.0,8225.0,8086.0,407.0,38.0,1459.0,2500.0,2501.0,2500.0
0.0,28100.0,7431.0,7501.0,6288.0,3047.0,286.0,721.0,2040.0,2500.0,2501.0,2500.0,2474.0,2462.0,2495.0,9593.0,9966.0,8541.0,286.0,721.0,2040.0,2500.0,2501.0,2500.0
0.0,26957.0,7428.0,7503.0,1904.0,8579.0,2334.0,3207.0,3038.0,2501.0,2502.0,2500.0,2451.0,2520.0,2457.0,9714.0,9283.0,7960.0,2334.0,3207.0,3038.0,2501.0,2502.0,2500.0
0.0,21433.0,7536.0,7505.0,3047.0,13076.0,4553.0,5024.0,3499.0,2501.0,2503.0,2501.0,2505.0,2534.0,2497.0,7670.0,6801.0,6962.0,4553.0,5024.0,3499.0,2501.0,2503.0,2501.0
0.0,16944.0,7543.0,7508.0,8579.0,12052.0,4725.0,4342.0,2985.0,2502.0,2504.0,2502.0,2502.0,2521.0,2520.0,5451.0,4988.0,6505.0,4725.0,4342.0,2985.0,2502.0,2504.0,2502.0
0.0,17980.0,7589.0,7511.0,13076.0,6577.0,2710.0,1851.0,2016.0,2503.0,2505.0,2503.0,2534.0,2529.0,2526.0,5283.0,5674.0,7023.0,2710.0,1851.0,2016.0,2503.0,2505.0,2503.0
0.0,23467.0,7569.0,7514.0,12052.0,2106.0,510.0,41.0,1555.0,2504.0,2506.0,2504.0,2521.0,2528.0,2520.0,7302.0,8169.0,7996.0,510.0,41.0,1555.0,2504.0,2506.0,2504.0
0.0,27950.0,7567.0,7514.0,6577.0,3096.0,317.0,743.0,2036.0,2503.0,2507.0,2504.0,2521.0,2549.0,2497.0,9506.0,9983.0,8461.0,317.0,743.0,2036.0,2503.0,2507.0,2504.0
0.0,26960.0,7569.0,7514.0,2106.0,8559.0,2329.0,3224.0,3006.0,2503.0,2507.0,2504.0,2522.0,2522.0,2525.0,9695.0,9285.0,7980.0,2329.0,3224.0,3006.0,2503.0,2507.0,2504.0
0.0,21497.0,7507.0,7513.0,3096.0,12966.0,4520.0,4982.0,3464.0,2503.0,2506.0,2504.0,2508.0,2505.0,2494.0,7683.0,6804.0,7010.0,4520.0,4982.0,3464.0,2503.0,2506.0,2504.0
0.0,17086.0,7656.0,7516.0,8559.0,12075.0,4756.0,4299.0,3020.0,2504.0,2507.0,2505.0,2561.0,2537.0,2558.0,5492.0,5042.0,6552.0,4756.0,4299.0,3020.0,2504.0,2507.0,2505.0
0.0,17989.0,7537.0,7517.0,12966.0,6650.0,2756.0,1827.0,2067.0,2504.0,2507.0,2506.0,2520.0,2510.0,2507.0,5260.0,5729.0,7000.0,2756.0,1827.0,2067.0,2504.0,2507.0,2506.0
0.0,23418.0,7545.0,7517.0,12075.0,2120.0,526.0,37.0,1557.0,2504.0,2507.0,2506.0,2526.0,2509.0,2510.0,7260.0,8201.0,7957.0,526.0,37.0,1557.0,2504.0,2507.0,2506.0
0.0,27948.0,7590.0,7519.0,6650.0,3068.0,311.0,734.0,2023.0,2505.0,2507.0,2507.0,2537.0,2524.0,2529.0,9490.0,9991.0,8467.0,311.0,734.0,2023.0,2505.0,2507.0,2507.0
0.0,27008.0,7560.0,7518.0,2120.0,8504.0,2313.0,3200.0,2991.0,2504.0,2506.0,2508.0,2532.0,2507.0,2521.0,9709.0,9294.0,8005.0,2313.0,3200.0,2991.0,2504.0,2506.0,2508.0
0.0,21568.0,7532.0,7518.0,3068.0,12968.0,4538.0,4945.0,3485.0,2504.0,2506.0,2508.0,2536.0,2479.0,2517.0,7703.0,6824.0,7041.0,4538.0,4945.0,3485.0,2504.0,2506.0,2508.0
0.0,17104.0,7576.0,7520.0,8504.0,12048.0,4764.0,4279.0,3005.0,2505.0,2507.0,2508.0,2535.0,2530.0,2511.0,5478.0,5079.0,6547.0,4764.0,4279.0,3005.0,2505.0,2507.0,2508.0
0.0,18032.0,7557.0,7522.0,12968.0,6645.0,2747.0,1847.0,2051.0,2506.0,2507.0,2509.0,2517.0,2513.0,2527.0,5256.0,5749.0,7027.0,2747.0,1847.0,2051.0,2506.0,2507.0,2509.0
0.0,23443.0,7644.0,7524.0,12048.0,2249.0,551.0,111.0,1587.0,2507.0,2507.0,2510.0,2564.0,2543.0,2537.0,7277.0,8181.0,7985.0,551.0,111.0,1587.0,2507.0,2507.0,2510.0
0.0,27847.0,7562.0,7524.0,6645.0,3166.0,324.0,764.0,2078.0,2507.0,2507.0,2510.0,2520.0,2500.0,2542.0,9477.0,9917.0,8453.0,324.0,764.0,2078.0,2507.0,2507.0,2510.0
0.0,26930.0,7582.0,7526.0,2249.0,8507.0,2290.0,3179.0,3038.0,2508.0,2507.0,2511.0,2513.0,2526.0,2543.0,9704.0,9264.0,7962.0,2290.0,3179.0,3038.0,2508.0,2507.0,2511.0
0.0,21597.0,7624.0,7528.0,3166.0,12973.0,4485.0,4959.0,3529.0,2508.0,2508.0,2512.0,2519.0,2540.0,2565.0,7742.0,6849.0,7006.0,4485.0,4959.0,3529.0,2508.0,2508.0,2512.0
0.0,17139.0,7454.0,7526.0,8507.0,11912.0,4669.0,4258.0,2985.0,2507.0,2507.0,2512.0,2478.0,2482.0,2494.0,5547.0,5073.0,6519.0,4669.0,4258.0,2985.0,2507.0,2507.0,2512.0
0.0,18192.0,7674.0,7528.0,12973.0,6621.0,2726.0,1840.0,2055.0,2508.0,2507.0,2513.0,2538.0,2541.0,2595.0,5359.0,5770.0,7063.0,2726.0,1840.0,2055.0,2508.0,2507.0,2513.0
0.0,23491.0,7625.0,7529.0,11912.0,2338.0,582.0,118.0,1638.0,2508.0,2507.0,2514.0,2525.0,2536.0,2564.0,7306.0,8188.0,7997.0,582.0,118.0,1638.0,2508.0,2507.0,2514.0
0.0,27778.0,7632.0,7532.0,6621.0,3361.0,412.0,812.0,2137.0,2509.0,2508.0,2515.0,2552.0,2530.0,2550.0,9450.0,9910.0,8418.0,412.0,812.0,2137.0,2509.0,2508.0,2515.0
0.0,26767.0,7524.0,7533.0,2338.0,8551.0,2314.0,3219.0,3018.0,2509.0,2509.0,2515.0,2484.0,2521.0,2519.0,9624.0,9220.0,7923.0,2314.0,3219.0,3018.0,2509.0,2509.0,2515.0
0.0,21581.0,7553.0,7536.0,3361.0,12755.0,4403.0,4939.0,3413.0,2510.0,2510.0,2516.0,2497.0,2528.0,2528.0,7722.0,6817.0,7042.0,4403.0,4939.0,3413.0,2510.0,2510.0,2516.0
0.0,17389.0,7535.0,7537.0,8551.0,11743.0,4583.0,4245.0,2915.0,2510.0,2511.0,2516.0,2494.0,2521.0,2520.0,5637.0,5101.0,6651.0,4583.0,4245.0,2915.0,2510.0,2511.0,2516.0
0.0,18405.0,7610.0,7539.0,12755.0,6606.0,2719.0,1854.0,2033.0,2511.0,2512.0,2516.0,2535.0,2544.0,2531.0,5457.0,5799.0,7149.0,2719.0,1854.0,2033.0,2511.0,2512.0,2516.0
0.0,23550.0,7632.0,7540.0,11743.0,2499.0,669.0,161.0,1669.0,2511.0,2513.0,2516.0,2533.0,2548.0,2551.0,7325.0,8194.0,8031.0,669.0,161.0,1669.0,2511.0,2513.0,2516.0
0.0,27661.0,7687.0,7542.0,6606.0,3588.0,508.0,874.0,2206.0,2511.0,2514.0,2517.0,2558.0,2563.0,2566.0,9375.0,9891.0,8395.0,508.0,874.0,2206.0,2511.0,2514.0,2517.0
0.0,26580.0,7507.0,7541.0,2499.0,8592.0,2336.0,3201.0,3055.0,2511.0,2513.0,2517.0,2497.0,2492.0,2518.0,9536.0,9182.0,7862.0,2336.0,3201.0,3055.0,2511.0,2513.0,2517.0
0.0,21572.0,7667.0,7544.0,3588.0,12683.0,4376.0,4898.0,3409.0,2512.0,2515.0,2517.0,2544.0,2563.0,2560.0,7708.0,6851.0,7013.0,4376.0,4898.0,3409.0,2512.0,2515.0,2517.0
0.0,17493.0,7606.0,7545.0,8592.0,11701.0,4576.0,4223.0,2902.0,2512.0,2515.0,2518.0,2536.0,2526.0,2544.0,5672.0,5162.0,6659.0,4576.0,4223.0,2902.0,2512.0,2515.0,2518.0
0.0,18479.0,7612.0,7546.0,12683.0,6634.0,2722.0,1880.0,2032.0,2512.0,2516.0,2518.0,2522.0,2551.0,2539.0,5472.0,5837.0,7170.0,2722.0,1880.0,2032.0,2512.0,2516.0,2518.0
0.0,23550.0,7511.0,7546.0,11701.0,2444.0,626.0,192.0,1626.0,2511.0,2517.0,2518.0,2484.0,2531.0,2496.0,7326.0,8184.0,8040.0,626.0,192.0,1626.0,2511.0,2517.0,2518.0
0.0,27740.0,7524.0,7546.0,6634.0,3334.0,430.0,840.0,2064.0,2512.0,2517.0,2517.0,2522.0,2528.0,2474.0,9418.0,9876.0,8446.0,430.0,840.0,2064.0,2512.0,2517.0,2517.0
0.0,26850.0,7680.0,7548.0,2444.0,8578.0,2378.0,3199.0,3001.0,2512.0,2518.0,2518.0,2574.0,2547.0,2559.0,9618.0,9228.0,8004.0,2378.0,3199.0,3001.0,2512.0,2518.0,2518.0
0.0,21614.0,7624.0,7550.0,3334.0,12876.0,4504.0,4917.0,3455.0,2513.0,2519.0,2518.0,2552.0,2554.0,2518.0,7670.0,6873.0,7071.0,4504.0,4917.0,3455.0,2513.0,2519.0,2518.0
0.0,17324.0,7714.0,7553.0,8578.0,12024.0,4699.0,4299.0,3026.0,2514.0,2520.0,2519.0,2569.0,2577.0,2568.0,5548.0,5159.0,6617.0,4699.0,4299.0,3026.0,2514.0,2520.0,2519.0
0.0,18188.0,7621.0,7558.0,12876.0,6789.0,2735.0,1938.0,2116.0,2515.0,2522.0,2521.0,2536.0,2548.0,2537.0,5357.0,5781.0,7050.0,2735.0,1938.0,2116.0,2515.0,2522.0,2521.0
0.0,23443.0,7566.0,7561.0,12024.0,2343.0,591.0,160.0,1592.0,2517.0,2523.0,2521.0,2547.0,2517.0,2502.0,7325.0,8150.0,7968.0,591.0,160.0,1592.0,2517.0,2523.0,2521.0
0.0,27901.0,7427.0,7561.0,6789.0,2981.0,324.0,706.0,1951.0,2517.0,2523.0,2521.0,2468.0,2484.0,2475.0,9477.0,9932.0,8492.0,324.0,706.0,1951.0,2517.0,2523.0,2521.0
0.0,27263.0,7696.0,7563.0,2343.0,8342.0,2307.0,3101.0,2934.0,2518.0,2524.0,2521.0,2570.0,2551.0,2575.0,9744.0,9386.0,8133.0,2307.0,3101.0,2934.0,2518.0,2524.0,2521.0
0.0,21910.0,7576.0,7564.0,2981.0,12941.0,4508.0,4927.0,3506.0,2518.0,2524.0,2522.0,2525.0,2532.0,2519.0,7765.0,6995.0,7150.0,4508.0,4927.0,3506.0,2518.0,2524.0,2522.0
0.0,17315.0,7596.0,7567.0,8342.0,12207.0,4745.0,4362.0,3100.0,2519.0,2525.0,2523.0,2540.0,2532.0,2524.0,5564.0,5169.0,6582.0,4745.0,4362.0,3100.0,2519.0,2525.0,2523.0
0.0,18061.0,7536.0,7566.0,12941.0,6798.0,2737.0,1950.0,2111.0,2519.0,2524.0,2523.0,2500.0,2519.0,2517.0,5331.0,5738.0,6992.0,2737.0,1950.0,2111.0,2519.0,2524.0,2523.0
0.0,23466.0,7573.0,7569.0,12207.0,2176.0,536.0,110.0,1530.0,2520.0,2525.0,2524.0,2540.0,2518.0,2515.0,7339.0,8146.0,7981.0,536.0,110.0,1530.0,2520.0,2525.0,2524.0
0.0,28100.0,7473.0,7568.0,6798.0,2847.0,285.0,662.0,1900.0,2520.0,2525.0,2523.0,2486.0,2502.0,2485.0,9544.0,9990.0,8566.0,285.0,662.0,1900.0,2520.0,2525.0,2523.0
0.0,27425.0,7535.0,7568.0,2176.0,8206.0,2269.0,3051.0,2886.0,2521.0,2524.0,2523.0,2516.0,2503.0,2516.0,9795.0,9438.0,8192.0,2269.0,3051.0,2886.0,2521.0,2524.0,2523.0
0.0,22066.0,7553.0,7570.0,2847.0,12920.0,4515.0,4892.0,3513.0,2522.0,2524.0,2524.0,2527.0,2503.0,2523.0,7815.0,7045.0,7206.0,4515.0,4892.0,3513.0,2522.0,2524.0,2524.0
0.0,17360.0,7646.0,7574.0,8206.0,12376.0,4826.0,4381.0,3169.0,2524.0,2525.0,2525.0,2572.0,2536.0,2538.0,5573.0,5204.0,6583.0,4826.0,4381.0,3169.0,2524.0,2525.0,2525.0
0.0,17920.0,7572.0,7577.0,12920.0,7040.0,2858.0,2003.0,2179.0,2525.0,2526.0,2526.0,2543.0,2510.0,2519.0,5270.0,5719.0,6931.0,2858.0,2003.0,2179.0,2525.0,2526.0,2526.0
0.0,23268.0,7545.0,7579.0,12376.0,2217.0,549.0,138.0,1530.0,2526.0,2526.0,2527.0,2513.0,2516.0,2516.0,7242.0,8101.0,7925.0,549.0,138.0,1530.0,2526.0,2526.0,2527.0
0.0,28099.0,7614.0,7581.0,7040.0,2799.0,238.0,675.0,1886.0,2527.0,2526.0,2528.0,2543.0,2540.0,2531.0,9555.0,9966.0,8578.0,238.0,675.0,1886.0,2527.0,2526.0,2528.0
0.0,27525.0,7583.0,7581.0,2217.0,8165.0,2206.0,3068.0,2891.0,2527.0,2526.0,2528.0,2517.0,2531.0,2535.0,9870.0,9429.0,8226.0,2206.0,3068.0,2891.0,2527.0,2526.0,2528.0
0.0,22159.0,7705.0,7584.0,2799.0,13083.0,4529.0,4954.0,3600.0,2528.0,2527.0,2529.0,2557.0,2557.0,2591.0,7902.0,7036.0,7221.0,4529.0,4954.0,3600.0,2528.0,2527.0,2529.0
0.0,17253.0,7634.0,7585.0,8165.0,12556.0,4887.0,4438.0,3231.0,2529.0,2527.0,2529.0,2560.0,2552.0,2522.0,5583.0,5154.0,6516.0,4887.0,4438.0,3231.0,2529.0,2527.0,2529.0
0.0,17784.0,7658.0,7587.0,13083.0,7139.0,2906.0,2051.0,2182.0,2529.0,2528.0,2530.0,2548.0,2563.0,2547.0,5229.0,5670.0,6885.0,2906.0,2051.0,2182.0,2529.0,2528.0,2530.0
0.0,23209.0,7551.0,7586.0,12556.0,2130.0,548.0,118.0,1464.0,2529.0,2527.0,2530.0,2529.0,2509.0,2513.0,7210.0,8061.0,7938.0,548.0,118.0,1464.0,2529.0,2527.0,2530.0
0.0,28214.0,7629.0,7589.0,7139.0,2632.0,205.0,609.0,1818.0,2530.0,2528.0,2531.0,2559.0,2538.0,2532.0,9568.0,9990.0,8656.0,205.0,609.0,1818.0,2530.0,2528.0,2531.0
0.0,27724.0,7576.0,7588.0,2130.0,8074.0,2193.0,3023.0,2858.0,2530.0,2528.0,2530.0,2536.0,2532.0,2508.0,9915.0,9503.0,8306.0,2193.0,3023.0,2858.0,2530.0,2528.0,2530.0
0.0,22278.0,7722.0,7591.0,2632.0,13176.0,4569.0,4982.0,3625.0,2531.0,2529.0,2531.0,2577.0,2564.0,2581.0,7927.0,7089.0,7262.0,4569.0,4982.0,3625.0,2531.0,2529.0,2531.0
0.0,17188.0,7596.0,7593.0,8074.0,12706.0,4943.0,4496.0,3267.0,2532.0,2530.0,2531.0,2563.0,2533.0,2500.0,5555.0,5134.0,6499.0,4943.0,4496.0,3267.0,2532.0,2530.0,2531.0
0.0,17666.0,7532.0,7591.0,13176.0,7054.0,2892.0,2010.0,2152.0,2531.0,2529.0,2531.0,2522.0,2500.0,2510.0,5185.0,5624.0,6857.0,2892.0,2010.0,2152.0,2531.0,2529.0,2531.0
0.0,23310.0,7779.0,7595.0,12706.0,2143.0,543.0,114.0,1486.0,2532.0,2531.0,2532.0,2590.0,2592.0,2597.0,7232.0,8106.0,7972.0,543.0,114.0,1486.0,2532.0,2531.0,2532.0
0.0,28237.0,7718.0,7599.0,7054.0,2823.0,236.0,688.0,1899.0,2533.0,2533.0,2533.0,2581.0,2576.0,2561.0,9585.0,10010.0,8642.0,236.0,688.0,1899.0,2533.0,2533.0,2533.0
0.0,27573.0,7623.0,7600.0,2143.0,8307.0,2268.0,3108.0,2931.0,2534.0,2533.0,2533.0,2571.0,2534.0,2518.0,9896.0,9444.0,8233.0,2268.0,3108.0,2931.0,2534.0,2533.0,2533.0
0.0,22093.0,7699.0,7603.0,2823.0,13195.0,4601.0,4985.0,3609.0,2535.0,2534.0,2534.0,2565.0,2561.0,2573.0,7868.0,7024.0,7201.0,4601.0,4985.0,3609.0,2535.0,2534.0,2534.0
0.0,17217.0,7710.0,7603.0,8307.0,12598.0,4905.0,4449.0,3244.0,2535.0,2534.0,2534.0,2572.0,2572.0,2566.0,5539.0,5151.0,6527.0,4905.0,4449.0,3244.0,2535.0,2534.0,2534.0
0.0,17814.0,7786.0,7607.0,13195.0,7205.0,2886.0,2091.0,2228.0,2536.0,2536.0,2535.0,2578.0,2619.0,2589.0,5235.0,5687.0,6892.0,2886.0,2091.0,2228.0,2536.0,2536.0,2535.0
0.0,23223.0,7741.0,7610.0,12598.0,2360.0,551.0,220.0,1589.0,2537.0,2537.0,2536.0,2566.0,2574.0,2601.0,7258.0,8053.0,7912.0,551.0,220.0,1589.0,2537.0,2537.0,2536.0
0.0,28080.0,7642.0,7611.0,7205.0,2801.0,182.0,715.0,1904.0,2537.0,2538.0,2536.0,2517.0,2582.0,2543.0,9597.0,9928.0,8555.0,182.0,715.0,1904.0,2537.0,2538.0,2536.0
0.0,27643.0,7792.0,7617.0,2360.0,8257.0,2228.0,3101.0,2928.0,2539.0,2540.0,2538.0,2589.0,2598.0,2605.0,9966.0,9437.0,8240.0,2228.0,3101.0,2928.0,2539.0,2540.0,2538.0
0.0,22211.0,7669.0,7618.0,2801.0,13129.0,4580.0,4946.0,3603.0,2539.0,2541.0,2538.0,2534.0,2556.0,2579.0,7928.0,7059.0,7224.0,4580.0,4946.0,3603.0,2539.0,2541.0,2538.0
0.0,17343.0,7594.0,7617.0,8257.0,12462.0,4858.0,4368.0,3236.0,2539.0,2540.0,2538.0,2506.0,2527.0,2561.0,5576.0,5218.0,6549.0,4858.0,4368.0,3236.0,2539.0,2540.0,2538.0
0.0,18006.0,7689.0,7618.0,13129.0,7026.0,2824.0,2005.0,2197.0,2539.0,2541.0,2538.0,2546.0,2579.0,2564.0,5298.0,5792.0,6916.0,2824.0,2005.0,2197.0,2539.0,2541.0,2538.0
0.0,23446.0,7537.0,7618.0,12462.0,2101.0,467.0,141.0,1493.0,2539.0,2541.0,2538.0,2501.0,2504.0,2532.0,7332.0,8159.0,7955.0,467.0,141.0,1493.0,2539.0,2541.0,2538.0
0.0,28371.0,7617.0,7620.0,7026.0,2700.0,197.0,663.0,1840.0,2540.0,2541.0,2539.0,2550.0,2527.0,2540.0,9689.0,10023.0,8659.0,197.0,663.0,1840.0,2540.0,2541.0,2539.0
0.0,27780.0,7626.0,7622.0,2101.0,8233.0,2271.0,3075.0,2887.0,2541.0,2542.0,2539.0,2537.0,2549.0,2540.0,9963.0,9501.0,8316.0,2271.0,3075.0,2887.0,2541.0,2542.0,2539.0
0.0,22255.0,7618.0,7621.0,2700.0,13147.0,4637.0,4925.0,3585.0,2541.0,2541.0,2539.0,2563.0,2517.0,2538.0,7893.0,7093.0,7269.0,4637.0,4925.0,3585.0,2541.0,2541.0,2539.0
0.0,17337.0,7697.0,7623.0,8233.0,12619.0,4923.0,4425.0,3271.0,2542.0,2542.0,2539.0,2553.0,2571.0,2573.0,5527.0,5239.0,6571.0,4923.0,4425.0,3271.0,2542.0,2542.0,2539.0
0.0,17873.0,7716.0,7623.0,13147.0,7188.0,2859.0,2055.0,2274.0,2542.0,2541.0,2540.0,2573.0,2559.0,2584.0,5245.0,5743.0,6885.0,2859.0,2055.0,2274.0,2542.0,2541.0,2540.0
0.0,23304.0,7701.0,7628.0,12619.0,2290.0,525.0,200.0,1565.0,2544.0,2543.0,2541.0,2581.0,2562.0,2558.0,7309.0,8109.0,7886.0,525.0,200.0,1565.0,2544.0,2543.0,2541.0
0.0,28222.0,7607.0,7626.0,7188.0,2701.0,193.0,651.0,1857.0,2543.0,2542.0,2541.0,2531.0,2510.0,2566.0,9651.0,9972.0,8599.0,193.0,651.0,1857.0,2543.0,2542.0,2541.0
0.0,27803.0,7673.0,7627.0,2290.0,8088.0,2233.0,3008.0,2847.0,2544.0,2542.0,2541.0,2561.0,2557.0,2555.0,9979.0,9517.0,8307.0,2233.0,3008.0,2847.0,2544.0,2542.0,2541.0
0.0,22420.0,7612.0,7627.0,2701.0,12999.0,4599.0,4899.0,3501.0,2545.0,2542.0,2540.0,2555.0,2542.0,2515.0,7943.0,7160.0,7317.0,4599.0,4899.0,3501.0,2545.0,2542.0,2540.0
0.0,17509.0,7646.0,7629.0,8088.0,12565.0,4923.0,4436.0,3206.0,2546.0,2542.0,2541.0,2553.0,2545.0,2548.0,5581.0,5269.0,6659.0,4923.0,4436.0,3206.0,2546.0,2542.0,2541.0
0.0,17951.0,7672.0,7633.0,12999.0,7254.0,2893.0,2087.0,2274.0,2547.0,2543.0,2543.0,2565.0,2546.0,2561.0,5261.0,5732.0,6958.0,2893.0,2087.0,2274.0,2547.0,2543.0,2543.0
0.0,23278.0,7671.0,7633.0,12565.0,2360.0,552.0,195.0,1613.0,2547.0,2543.0,2543.0,2582.0,2544.0,2545.0,7295.0,8085.0,7898.0,552.0,195.0,1613.0,2547.0,2543.0,2543.0
0.0,28172.0,7663.0,7633.0,7254.0,2769.0,224.0,635.0,1910.0,2547.0,2542.0,2544.0,2565.0,2531.0,2567.0,9636.0,9977.0,8559.0,224.0,635.0,1910.0,2547.0,2542.0,2544.0
0.0,27763.0,7586.0,7631.0,2360.0,7987.0,2212.0,2950.0,2825.0,2547.0,2541.0,2543.0,2540.0,2514.0,2532.0,9964.0,9533.0,8266.0,2212.0,2950.0,2825.0,2547.0,2541.0,2543.0
0.0,22537.0,7689.0,7633.0,2769.0,12915.0,4584.0,4890.0,3441.0,2548.0,2542.0,2543.0,2592.0,2571.0,2526.0,7976.0,7214.0,7347.0,4584.0,4890.0,3441.0,2548.0,2542.0,2543.0
0.0,17617.0,7724.0,7634.0,7987.0,12656.0,4959.0,4505.0,3192.0,2548.0,2542.0,2544.0,2587.0,2565.0,2572.0,5608.0,5278.0,6731.0,4959.0,4505.0,3192.0,2548.0,2542.0,2544.0
0.0,17880.0,7603.0,7638.0,12915.0,7360.0,2942.0,2142.0,2276.0,2550.0,2543.0,2545.0,2559.0,2523.0,2521.0,5233.0,5663.0,6984.0,2942.0,2142.0,2276.0,2550.0,2543.0,2545.0
0.0,23192.0,7645.0,7637.0,12656.0,2345.0,552.0,194.0,1599.0,2550.0,2543.0,2544.0,2569.0,2557.0,2519.0,7258.0,8030.0,7904.0,552.0,194.0,1599.0,2550.0,2543.0,2544.0
0.0,28203.0,7619.0,7639.0,7360.0,2612.0,163.0,598.0,1851.0,2551.0,2544.0,2544.0,2549.0,2542.0,2528.0,9648.0,9978.0,8577.0,163.0,598.0,1851.0,2551.0,2544.0,2544.0
0.0,27944.0,7429.0,7634.0,2345.0,7676.0,2075.0,2872.0,2729.0,2549.0,2542.0,2543.0,2472.0,2476.0,2481.0,10041.0,9578.0,8325.0,2075.0,2872.0,2729.0,2549.0,2542.0,2543.0
0.0,22860.0,7668.0,7638.0,2612.0,12748.0,4488.0,4834.0,3426.0,2551.0,2543.0,2544.0,2568.0,2556.0,2544.0,8121.0,7296.0,7443.0,4488.0,4834.0,3426.0,2551.0,2543.0,2544.0
0.0,17804.0,7604.0,7638.0,7676.0,12676.0,4943.0,4523.0,3210.0,2550.0,2544.0,2544.0,2534.0,2557.0,2513.0,5716.0,5338.0,6750.0,4943.0,4523.0,3210.0,2550.0,2544.0,2544.0
0.0,17876.0,7684.0,7642.0,12748.0,7628.0,3013.0,2271.0,2344.0,2552.0,2545.0,2545.0,2550.0,2578.0,2556.0,5257.0,5653.0,6966.0,3013.0,2271.0,2344.0,2552.0,2545.0,2545.0
0.0,22940.0,7535.0,7642.0,12676.0,2487.0,561.0,268.0,1658.0,2551.0,2546.0,2545.0,2495.0,2516.0,2524.0,7195.0,7909.0,7836.0,561.0,268.0,1658.0,2551.0,2546.0,2545.0
0.0,28081.0,7615.0,7644.0,7628.0,2482.0,94.0,560.0,1828.0,2552.0,2547.0,2545.0,2542.0,2559.0,2514.0,9643.0,9916.0,8522.0,94.0,560.0,1828.0,2552.0,2547.0,2545.0
0.0,28094.0,7655.0,7643.0,2487.0,7646.0,2083.0,2848.0,2715.0,2551.0,2547.0,2545.0,2554.0,2556.0,2545.0,10114.0,9628.0,8352.0,2083.0,2848.0,2715.0,2551.0,2547.0,2545.0
0.0,22926.0,7717.0,7647.0,2482.0,12897.0,4539.0,4880.0,3478.0,2551.0,2549.0,2547.0,2550.0,2584.0,2583.0,8121.0,7340.0,7465.0,4539.0,4880.0,3478.0,2551.0,2549.0,2547.0
0.0,17691.0,7726.0,7650.0,7646.0,12989.0,5020.0,4622.0,3347.0,2552.0,2550.0,2548.0,2560.0,2586.0,2580.0,5665.0,5316.0,6710.0,5020.0,4622.0,3347.0,2552.0,2550.0,2548.0
0.0,17611.0,7652.0,7650.0,12897.0,7744.0,3023.0,2312.0,2409.0,2552.0,2550.0,2548.0,2542.0,2570.0,2540.0,5188.0,5578.0,6845.0,3023.0,2312.0,2409.0,2552.0,2550.0,2548.0
0.0,22856.0,7672.0,7652.0,12989.0,2435.0,547.0,266.0,1622.0,2553.0,2551.0,2548.0,2540.0,2572.0,2560.0,7185.0,7888.0,7783.0,547.0,266.0,1622.0,2553.0,2551.0,2548.0
0.0,28173.0,7713.0,7653.0,7744.0,2408.0,98.0,532.0,1778.0,2553.0,2552.0,2548.0,2574.0,2574.0,2565.0,9665.0,9938.0,8570.0,98.0,532.0,1778.0,2553.0,2552.0,2548.0
0.0,28204.0,7626.0,7653.0,2435.0,7599.0,2095.0,2816.0,2688.0,2553.0,2552.0,2548.0,2544.0,2550.0,2532.0,10114.0,9676.0,8414.0,2095.0,2816.0,2688.0,2553.0,2552.0,2548.0
0.0,23013.0,7736.0,7654.0,2408.0,12931.0,4561.0,4875.0,3495.0,2553.0,2552.0,2549.0,2564.0,2591.0,2581.0,8117.0,7392.0,7504.0,4561.0,4875.0,3495.0,2553.0,2552.0,2549.0
0.0,17685.0,7654.0,7657.0,7599.0,12998.0,5026.0,4604.0,3368.0,2554.0,2553.0,2550.0,2556.0,2541.0,2557.0,5651.0,5333.0,6701.0,5026.0,4604.0,3368.0,2554.0,2553.0,2550.0
0.0,17630.0,7690.0,7657.0,12931.0,7757.0,3028.0,2282.0,2447.0,2554.0,2553.0,2550.0,2563.0,2553.0,2574.0,5190.0,5608.0,6832.0,3028.0,2282.0,2447.0,2554.0,2553.0,2550.0
0.0,22871.0,7664.0,7659.0,12998.0,2431.0,561.0,210.0,1660.0,2554.0,2553.0,2552.0,2559.0,2532.0,2573.0,7188.0,7930.0,7753.0,561.0,210.0,1660.0,2554.0,2553.0,2552.0
0.0,28205.0,7709.0,7658.0,7757.0,2379.0,105.0,511.0,1763.0,2554.0,2553.0,2551.0,2572.0,2583.0,2554.0,9655.0,10002.0,8548.0,105.0,511.0,1763.0,2554.0,2553.0,2551.0
0.0,28253.0,7755.0,7661.0,2431.0,7715.0,2119.0,2892.0,2704.0,2554.0,2554.0,2553.0,2575.0,2587.0,2593.0,10111.0,9701.0,8441.0,2119.0,2892.0,2704.0,2554.0,2554.0,2553.0
0.0,22929.0,7650.0,7664.0,2379.0,12998.0,4577.0,4926.0,3495.0,2555.0,2555.0,2554.0,2559.0,2541.0,2550.0,8097.0,7324.0,7508.0,4577.0,4926.0,3495.0,2555.0,2555.0,2554.0
0.0,17658.0,7963.0,7667.0,7715.0,13258.0,5131.0,4681.0,3446.0,2556.0,2556.0,2555.0,2669.0,2643.0,2651.0,5643.0,5294.0,6721.0,5131.0,4681.0,3446.0,2556.0,2556.0,2555.0
0.0,17410.0,7720.0,7667.0,12998.0,7980.0,3134.0,2307.0,2539.0,2556.0,2556.0,2555.0,2580.0,2552.0,2588.0,5093.0,5543.0,6774.0,3134.0,2307.0,2539.0,2556.0,2556.0,2555.0
0.0,22688.0,7771.0,7670.0,13258.0,2505.0,591.0,203.0,1711.0,2557.0,2556.0,2557.0,2584.0,2577.0,2610.0,7090.0,7917.0,7681.0,591.0,203.0,1711.0,2557.0,2556.0,2557.0
0.0,28175.0,7761.0,7672.0,7980.0,2294.0,40.0,475.0,1779.0,2557.0,2557.0,2558.0,2583.0,2575.0,2603.0,9637.0,10021.0,8517.0,40.0,475.0,1779.0,2557.0,2557.0,2558.0
0.0,28394.0,7686.0,7671.0,2505.0,7471.0,2019.0,2811.0,2641.0,2557.0,2556.0,2558.0,2570.0,2543.0,2573.0,10188.0,9753.0,8453.0,2019.0,2811.0,2641.0,2557.0,2556.0,2558.0
0.0,23213.0,7781.0,7671.0,2294.0,12958.0,4570.0,4925.0,3463.0,2557.0,2556.0,2558.0,2591.0,2589.0,2601.0,8209.0,7413.0,7591.0,4570.0,4925.0,3463.0,2557.0,2556.0,2558.0
0.0,17726.0,7785.0,7672.0,7471.0,13276.0,5150.0,4701.0,3425.0,2558.0,2556.0,2558.0,2595.0,2587.0,2603.0,5658.0,5299.0,6769.0,5150.0,4701.0,3425.0,2558.0,2556.0,2558.0
0.0,17412.0,7707.0,7672.0,12958.0,8025.0,3134.0,2332.0,2559.0,2558.0,2555.0,2559.0,2554.0,2560.0,2593.0,5082.0,5523.0,6807.0,3134.0,2332.0,2559.0,2558.0,2555.0,2559.0
0.0,22663.0,7723.0,7672.0,13276.0,2472.0,562.0,192.0,1718.0,2558.0,2555.0,2559.0,2578.0,2561.0,2584.0,7098.0,7888.0,7677.0,562.0,192.0,1718.0,2558.0,2555.0,2559.0
0.0,28216.0,7725.0,7673.0,8025.0,2187.0,0.0,440.0,1747.0,2559.0,2555.0,2559.0,2557.0,2580.0,2588.0,9670.0,10028.0,8518.0,0.0,440.0,1747.0,2559.0,2555.0,2559.0
0.0,28516.0,7707.0,7675.0,2472.0,7419.0,1992.0,2804.0,2623.0,2560.0,2556.0,2559.0,2561.0,2552.0,2594.0,10247.0,9780.0,8489.0,1992.0,2804.0,2623.0,2560.0,2556.0,2559.0
0.0,23281.0,7607.0,7673.0,2187.0,12831.0,4517.0,4895.0,3419.0,2559.0,2555.0,2559.0,2529.0,2535.0,2543.0,8248.0,7420.0,7613.0,4517.0,4895.0,3419.0,2559.0,2555.0,2559.0
0.0,17861.0,7734.0,7677.0,7419.0,13162.0,5111.0,4677.0,3374.0,2561.0,2556.0,2560.0,2578.0,2582.0,2574.0,5719.0,5325.0,6817.0,5111.0,4677.0,3374.0,2561.0,2556.0,2560.0
0.0,17546.0,7641.0,7678.0,12831.0,7976.0,3125.0,2336.0,2515.0,2561.0,2557.0,2560.0,2531.0,2550.0,2560.0,5133.0,5547.0,6866.0,3125.0,2336.0,2515.0,2561.0,2557.0,2560.0
0.0,22736.0,7728.0,7679.0,13162.0,2546.0,588.0,226.0,1732.0,2561.0,2557.0,2561.0,2574.0,2567.0,2587.0,7119.0,7892.0,7725.0,588.0,226.0,1732.0,2561.0,2557.0,2561.0
0.0,28170.0,7744.0,7682.0,7976.0,2326.0,74.0,461.0,1791.0,2562.0,2558.0,2562.0,2607.0,2567.0,2570.0,9656.0,10002.0,8512.0,74.0,461.0,1791.0,2562.0,2558.0,2562.0
0.0,28402.0,7742.0,7682.0,2546.0,7522.0,2046.0,2808.0,2668.0,2562.0,2558.0,2562.0,2560.0,2573.0,2609.0,10174.0,9771.0,8457.0,2046.0,2808.0,2668.0,2562.0,2558.0,2562.0
0.0,23206.0,7718.0,7682.0,2326.0,12914.0,4547.0,4916.0,3451.0,2562.0,2558.0,2562.0,2575.0,2569.0,2574.0,8202.0,7424.0,7580.0,4547.0,4916.0,3451.0,2562.0,2558.0,2562.0
0.0,17814.0,7721.0,7683.0,7522.0,13117.0,5089.0,4666.0,3362.0,2562.0,2558.0,2563.0,2588.0,2558.0,2575.0,5701.0,5316.0,6797.0,5089.0,4666.0,3362.0,2562.0,2558.0,2563.0
0.0,17615.0,7733.0,7685.0,12914.0,7944.0,3126.0,2351.0,2467.0,2563.0,2560.0,2562.0,2580.0,2593.0,2560.0,5159.0,5566.0,6890.0,3126.0,2351.0,2467.0,2563.0,2560.0,2562.0
0.0,22796.0,7760.0,7687.0,13117.0,2595.0,633.0,267.0,1695.0,2564.0,2560.0,2563.0,2592.0,2582.0,2586.0,7126.0,7889.0,7781.0,633.0,267.0,1695.0,2564.0,2560.0,2563.0
0.0,28153.0,7724.0,7689.0,7944.0,2383.0,80.0,501.0,1802.0,2564.0,2561.0,2564.0,2573.0,2581.0,2570.0,9623.0,9973.0,8557.0,80.0,501.0,1802.0,2564.0,2561.0,2564.0
0.0,28373.0,7697.0,7690.0,2595.0,7489.0,2049.0,2800.0,2640.0,2565.0,2561.0,2564.0,2598.0,2566.0,2533.0,10176.0,9743.0,8454.0,2049.0,2800.0,2640.0,2565.0,2561.0,2564.0
0.0,23271.0,7710.0,7691.0,2383.0,12820.0,4551.0,4884.0,3385.0,2565.0,2562.0,2564.0,2582.0,2581.0,2547.0,8211.0,7444.0,7616.0,4551.0,4884.0,3385.0,2565.0,2562.0,2564.0
0.0,17944.0,7784.0,7693.0,7489.0,13123.0,5114.0,4686.0,3323.0,2566.0,2563.0,2564.0,2608.0,2598.0,2578.0,5709.0,5364.0,6871.0,5114.0,4686.0,3323.0,2566.0,2563.0,2564.0
0.0,17649.0,7696.0,7694.0,12820.0,8003.0,3134.0,2381.0,2488.0,2566.0,2564.0,2564.0,2571.0,2575.0,2550.0,5150.0,5566.0,6933.0,3134.0,2381.0,2488.0,2566.0,2564.0,2564.0
0.0,22773.0,7833.0,7699.0,13123.0,2733.0,660.0,304.0,1769.0,2568.0,2566.0,2565.0,2632.0,2601.0,2600.0,7130.0,7875.0,7768.0,660.0,304.0,1769.0,2568.0,2566.0,2565.0
0.0,28063.0,7707.0,7699.0,8003.0,2437.0,90.0,498.0,1849.0,2567.0,2566.0,2566.0,2568.0,2575.0,2564.0,9612.0,9960.0,8491.0,90.0,498.0,1849.0,2567.0,2566.0,2566.0
0.0,28359.0,7650.0,7698.0,2733.0,7350.0,1998.0,2762.0,2590.0,2567.0,2566.0,2565.0,2568.0,2568.0,2514.0,10178.0,9766.0,8415.0,1998.0,2762.0,2590.0,2567.0,2566.0,2565.0
0.0,23442.0,7725.0,7700.0,2437.0,12646.0,4478.0,4855.0,3313.0,2567.0,2567.0,2566.0,2570.0,2587.0,2568.0,8270.0,7502.0,7670.0,4478.0,4855.0,3313.0,2567.0,2567.0,2566.0
0.0,18154.0,7786.0,7703.0,7350.0,13094.0,5073.0,4718.0,3303.0,2568.0,2568.0,2567.0,2589.0,2621.0,2576.0,5790.0,5413.0,6951.0,5073.0,4718.0,3303.0,2568.0,2568.0,2567.0
0.0,17718.0,7654.0,7704.0,12646.0,8106.0,3155.0,2420.0,2531.0,2568.0,2569.0,2567.0,2560.0,2553.0,2541.0,5199.0,5554.0,6965.0,3155.0,2420.0,2531.0,2568.0,2569.0,2567.0
0.0,22710.0,7672.0,7708.0,13094.0,2700.0,653.0,279.0,1768.0,2570.0,2570.0,2568.0,2563.0,2573.0,2536.0,7117.0,7856.0,7737.0,653.0,279.0,1768.0,2570.0,2570.0,2568.0
0.0,28132.0,7613.0,7707.0,8106.0,2203.0,36.0,382.0,1785.0,2569.0,2570.0,2568.0,2542.0,2523.0,2548.0,9627.0,10001.0,8504.0,36.0,382.0,1785.0,2569.0,2570.0,2568.0
0.0,28625.0,7652.0,7708.0,2700.0,7159.0,1945.0,2641.0,2573.0,2570.0,2569.0,2569.0,2558.0,2542.0,2552.0,10240.0,9898.0,8487.0,1945.0,2641.0,2573.0,2570.0,2569.0,2569.0
0.0,23673.0,7651.0,7707.0,2203.0,12603.0,4443.0,4817.0,3343.0,2569.0,2569.0,2569.0,2538.0,2558.0,2555.0,8335.0,7635.0,7703.0,4443.0,4817.0,3343.0,2569.0,2569.0,2569.0
0.0,18225.0,7676.0,7711.0,7159.0,13136.0,5068.0,4725.0,3343.0,2571.0,2570.0,2570.0,2562.0,2545.0,2569.0,5833.0,5459.0,6933.0,5068.0,4725.0,3343.0,2571.0,2570.0,2570.0
0.0,17708.0,7615.0,7710.0,12603.0,8144.0,3166.0,2436.0,2542.0,2571.0,2569.0,2570.0,2541.0,2532.0,2542.0,5216.0,5555.0,6937.0,3166.0,2436.0,2542.0,2571.0,2569.0,2570.0
0.0,22696.0,7634.0,7709.0,13136.0,2638.0,634.0,254.0,1750.0,2570.0,2569.0,2570.0,2540.0,2543.0,2551.0,7118.0,7840.0,7738.0,634.0,254.0,1750.0,2570.0,2569.0,2570.0
0.0,28198.0,7770.0,7711.0,8144.0,2272.0,45.0,409.0,1818.0,2571.0,2569.0,2571.0,2573.0,2591.0,2606.0,9646.0,10022.0,8530.0,45.0,409.0,1818.0,2571.0,2569.0,2571.0
0.0,28572.0,7718.0,7711.0,2638.0,7352.0,1979.0,2719.0,2654.0,2571.0,2569.0,2571.0,2568.0,2564.0,2586.0,10239.0,9867.0,8466.0,1979.0,2719.0,2654.0,2571.0,2569.0,2571.0
0.0,23492.0,7781.0,7713.0,2272.0,12869.0,4518.0,4894.0,3457.0,2572.0,2569.0,2572.0,2580.0,2584.0,2617.0,8305.0,7557.0,7630.0,4518.0,4894.0,3457.0,2572.0,2569.0,2572.0
0.0,17983.0,7708.0,7714.0,7352.0,13229.0,5112.0,4735.0,3382.0,2572.0,2569.0,2573.0,2573.0,2560.0,2575.0,5770.0,5382.0,6831.0,5112.0,4735.0,3382.0,2572.0,2569.0,2573.0
0.0,17627.0,7615.0,7712.0,12869.0,7967.0,3137.0,2340.0,2490.0,2572.0,2567.0,2573.0,2543.0,2507.0,2565.0,5176.0,5541.0,6910.0,3137.0,2340.0,2490.0,2572.0,2567.0,2573.0
0.0,22881.0,7682.0,7712.0,13229.0,2420.0,596.0,155.0,1669.0,2572.0,2567.0,2573.0,2571.0,2550.0,2561.0,7151.0,7928.0,7802.0,596.0,155.0,1669.0,2572.0,2567.0,2573.0
0.0,28428.0,7716.0,7712.0,7967.0,2169.0,32.0,392.0,1745.0,2572.0,2567.0,2573.0,2573.0,2577.0,2566.0,9692.0,10113.0,8623.0,32.0,392.0,1745.0,2572.0,2567.0,2573.0
0.0,28679.0,7722.0,7714.0,2420.0,7479.0,2009.0,2793.0,2677.0,2573.0,2567.0,2574.0,2569.0,2556.0,2597.0,10256.0,9876.0,8547.0,2009.0,2793.0,2677.0,2573.0,2567.0,2574.0
0.0,23377.0,7790.0,7715.0,2169.0,13104.0,4565.0,5006.0,3533.0,2573.0,2568.0,2574.0,2588.0,2601.0,2601.0,8283.0,7475.0,7619.0,4565.0,5006.0,3533.0,2573.0,2568.0,2574.0
0.0,17756.0,7822.0,7718.0,7479.0,13459.0,5172.0,4812.0,3475.0,2574.0,2569.0,2575.0,2612.0,2595.0,2615.0,5727.0,5266.0,6763.0,5172.0,4812.0,3475.0,2574.0,2569.0,2575.0
1.0,0.0,290.0,290.0,0.0,1160.0,388.0,396.0,376.0,97.0,99.0,94.0,97.0,99.0,94.0,0.0,0.0,0.0,388.0,396.0,376.0,97.0,99.0,94.0
1.0,0.0,273.0,282.0,0.0,1128.0,384.0,384.0,360.0,96.0,96.0,90.0,94.0,92.0,87.0,0.0,0.0,0.0,384.0,384.0,360.0,96.0,96.0,90.0
1.0,0.0,285.0,282.0,0.0,1128.0,368.0,384.0,376.0,92.0,96.0,94.0,86.0,97.0,102.0,0.0,0.0,0.0,368.0,384.0,376.0,92.0,96.0,94.0
1.0,0.0,289.0,285.0,0.0,1140.0,376.0,384.0,380.0,94.0,96.0,95.0,97.0,96.0,96.0,0.0,0.0,0.0,376.0,384.0,380.0,94.0,96.0,95.0
1.0,0.0,284.0,284.0,3416.0,0.0,0.0,0.0,0.0,95.0,94.0,95.0,103.0,84.0,97.0,0.0,0.0,0.0,0.0,0.0,0.0,95.0,94.0,95.0
1.0,1995.0,290.0,286.0,1140.0,0.0,0.0,0.0,0.0,96.0,94.0,96.0,99.0,93.0,98.0,663.0,696.0,636.0,0.0,0.0,0.0,96.0,94.0,96.0
1.0,2845.0,301.0,287.0,0.0,0.0,0.0,0.0,0.0,97.0,94.0,96.0,104.0,100.0,97.0,940.0,987.0,918.0,0.0,0.0,0.0,97.0,94.0,96.0
1.0,2544.0,278.0,286.0,0.0,0.0,0.0,0.0,0.0,96.0,94.0,96.0,92.0,92.0,94.0,836.0,887.0,821.0,0.0,0.0,0.0,96.0,94.0,96.0
1.0,2266.0,322.0,290.0,0.0,0.0,0.0,0.0,0.0,98.0,95.0,97.0,110.0,101.0,111.0,744.0,795.0,727.0,0.0,0.0,0.0,98.0,95.0,97.0
1.0,1944.0,302.0,292.0,0.0,0.0,0.0,0.0,0.0,99.0,96.0,97.0,104.0,102.0,96.0,634.0,694.0,616.0,0.0,0.0,0.0,99.0,96.0,97.0
1.0,1642.0,297.0,292.0,0.0,0.0,0.0,0.0,0.0,98.0,96.0,98.0,97.0,96.0,104.0,530.0,592.0,520.0,0.0,0.0,0.0,98.0,96.0,98.0
1.0,1345.0,304.0,293.0,0.0,138.0,63.0,0.0,75.0,99.0,96.0,98.0,100.0,105.0,99.0,433.0,496.0,416.0,63.0,0.0,75.0,99.0,96.0,98.0
1.0,1041.0,305.0,294.0,0.0,440.0,165.0,85.0,190.0,99.0,96.0,99.0,102.0,92.0,111.0,333.0,391.0,317.0,165.0,85.0,190.0,99.0,96.0,99.0
1.0,736.0,293.0,293.0,138.0,591.0,192.0,187.0,212.0,98.0,96.0,99.0,94.0,102.0,97.0,231.0,299.0,206.0,192.0,187.0,212.0,98.0,96.0,99.0
1.0,581.0,294.0,294.0,440.0,449.0,122.0,191.0,136.0,98.0,96.0,100.0,95.0,89.0,110.0,200.0,197.0,184.0,122.0,191.0,136.0,98.0,96.0,100.0
1.0,727.0,320.0,296.0,591.0,186.0,41.0,114.0,31.0,99.0,97.0,100.0,107.0,106.0,107.0,270.0,193.0,264.0,41.0,114.0,31.0,99.0,97.0,100.0
1.0,998.0,293.0,296.0,449.0,30.0,3.0,18.0,9.0,98.0,97.0,101.0,88.0,95.0,110.0,355.0,274.0,369.0,3.0,18.0,9.0,98.0,97.0,101.0
1.0,1154.0,306.0,296.0,186.0,150.0,63.0,4.0,83.0,98.0,97.0,101.0,101.0,100.0,105.0,389.0,370.0,395.0,63.0,4.0,83.0,98.0,97.0,101.0
1.0,1034.0,325.0,297.0,30.0,449.0,161.0,91.0,197.0,98.0,97.0,102.0,101.0,105.0,119.0,329.0,384.0,321.0,161.0,91.0,197.0,98.0,97.0,102.0
1.0,739.0,340.0,300.0,150.0,651.0,215.0,201.0,235.0,99.0,98.0,103.0,113.0,110.0,117.0,231.0,297.0,211.0,215.0,201.0,235.0,99.0,98.0,103.0
1.0,549.0,310.0,300.0,449.0,512.0,150.0,212.0,150.0,99.0,98.0,103.0,96.0,102.0,112.0,181.0,191.0,177.0,150.0,212.0,150.0,99.0,98.0,103.0
1.0,688.0,354.0,303.0,651.0,227.0,57.0,125.0,45.0,100.0,99.0,104.0,118.0,110.0,126.0,246.0,180.0,262.0,57.0,125.0,45.0,100.0,99.0,104.0
1.0,985.0,320.0,303.0,512.0,35.0,3.0,25.0,7.0,100.0,99.0,104.0,96.0,112.0,112.0,343.0,271.0,371.0,3.0,25.0,7.0,100.0,99.0,104.0
1.0,1177.0,323.0,305.0,227.0,139.0,52.0,12.0,75.0,100.0,100.0,105.0,106.0,108.0,109.0,397.0,371.0,409.0,52.0,12.0,75.0,100.0,100.0,105.0
1.0,1081.0,281.0,303.0,35.0,377.0,137.0,79.0,161.0,100.0,99.0,104.0,88.0,96.0,97.0,348.0,388.0,345.0,137.0,79.0,161.0,100.0,99.0,104.0
1.0,835.0,305.0,303.0,139.0,543.0,187.0,164.0,192.0,100.0,99.0,104.0,102.0,97.0,106.0,263.0,317.0,255.0,187.0,164.0,192.0,100.0,99.0,104.0
1.0,669.0,336.0,305.0,377.0,510.0,156.0,204.0,150.0,100.0,100.0,105.0,106.0,115.0,115.0,213.0,232.0,224.0,156.0,204.0,150.0,100.0,100.0,105.0
1.0,710.0,332.0,305.0,543.0,299.0,72.0,157.0,70.0,100.0,100.0,105.0,103.0,117.0,112.0,244.0,196.0,270.0,72.0,157.0,70.0,100.0,100.0,105.0
1.0,921.0,347.0,307.0,510.0,144.0,27.0,73.0,44.0,100.0,101.0,106.0,111.0,116.0,120.0,328.0,243.0,350.0,27.0,73.0,44.0,100.0,101.0,106.0
1.0,1084.0,307.0,306.0,299.0,148.0,59.0,17.0,72.0,100.0,101.0,105.0,104.0,101.0,102.0,373.0,331.0,380.0,59.0,17.0,72.0,100.0,101.0,105.0
1.0,1076.0,353.0,308.0,144.0,365.0,153.0,58.0,154.0,101.0,101.0,106.0,117.0,114.0,122.0,341.0,387.0,348.0,153.0,58.0,154.0,101.0,101.0,106.0
1.0,867.0,325.0,309.0,148.0,546.0,204.0,154.0,188.0,101.0,102.0,106.0,110.0,109.0,106.0,251.0,346.0,270.0,204.0,154.0,188.0,101.0,102.0,106.0
1.0,690.0,310.0,309.0,365.0,491.0,156.0,202.0,133.0,101.0,102.0,106.0,105.0,106.0,99.0,200.0,254.0,236.0,156.0,202.0,133.0,101.0,102.0,106.0
1.0,745.0,364.0,310.0,546.0,313.0,77.0,173.0,63.0,102.0,102.0,106.0,121.0,125.0,118.0,248.0,206.0,291.0,77.0,173.0,63.0,102.0,102.0,106.0
1.0,927.0,381.0,313.0,491.0,215.0,51.0,104.0,60.0,103.0,103.0,107.0,126.0,129.0,126.0,331.0,235.0,361.0,51.0,104.0,60.0,103.0,103.0,107.0
1.0,1037.0,294.0,312.0,313.0,192.0,67.0,26.0,99.0,102.0,103.0,107.0,97.0,95.0,102.0,361.0,308.0,368.0,67.0,26.0,99.0,102.0,103.0,107.0
1.0,1056.0,291.0,311.0,215.0,264.0,111.0,20.0,133.0,102.0,103.0,106.0,95.0,98.0,98.0,341.0,386.0,329.0,111.0,20.0,133.0,102.0,103.0,106.0
1.0,980.0,317.0,311.0,192.0,389.0,151.0,105.0,133.0,102.0,103.0,106.0,107.0,111.0,99.0,297.0,392.0,291.0,151.0,105.0,133.0,102.0,103.0,106.0
1.0,855.0,302.0,311.0,264.0,427.0,140.0,185.0,102.0,102.0,103.0,106.0,100.0,100.0,102.0,257.0,307.0,291.0,140.0,185.0,102.0,102.0,103.0,106.0
1.0,817.0,330.0,312.0,389.0,372.0,107.0,189.0,76.0,103.0,103.0,106.0,114.0,109.0,107.0,268.0,227.0,322.0,107.0,189.0,76.0,103.0,103.0,106.0
1.0,876.0,373.0,314.0,427.0,326.0,93.0,128.0,105.0,103.0,104.0,107.0,126.0,120.0,127.0,305.0,223.0,348.0,93.0,128.0,105.0,103.0,104.0,107.0
1.0,930.0,312.0,314.0,372.0,266.0,82.0,49.0,135.0,103.0,104.0,107.0,96.0,110.0,106.0,319.0,288.0,323.0,82.0,49.0,135.0,103.0,104.0,107.0
1.0,990.0,348.0,314.0,326.0,288.0,110.0,30.0,148.0,103.0,104.0,107.0,121.0,109.0,118.0,330.0,367.0,293.0,110.0,30.0,148.0,103.0,104.0,107.0
1.0,968.0,327.0,315.0,266.0,353.0,144.0,88.0,121.0,104.0,104.0,107.0,112.0,107.0,108.0,302.0,386.0,280.0,144.0,88.0,121.0,104.0,104.0,107.0
1.0,907.0,370.0,315.0,288.0,435.0,160.0,187.0,88.0,104.0,104.0,107.0,126.0,129.0,115.0,272.0,328.0,307.0,160.0,187.0,88.0,104.0,104.0,107.0
1.0,825.0,323.0,316.0,353.0,409.0,121.0,216.0,72.0,104.0,105.0,107.0,105.0,113.0,105.0,256.0,229.0,340.0,121.0,216.0,72.0,104.0,105.0,107.0
1.0,855.0,346.0,317.0,435.0,324.0,90.0,137.0,97.0,105.0,105.0,107.0,125.0,108.0,113.0,295.0,204.0,356.0,90.0,137.0,97.0,105.0,105.0,107.0
1.0,944.0,348.0,317.0,409.0,263.0,77.0,37.0,149.0,105.0,105.0,107.0,108.0,116.0,124.0,330.0,283.0,331.0,77.0,37.0,149.0,105.0,105.0,107.0
1.0,1005.0,342.0,318.0,324.0,285.0,104.0,12.0,169.0,105.0,105.0,108.0,117.0,112.0,113.0,343.0,383.0,279.0,104.0,12.0,169.0,105.0,105.0,108.0
1.0,987.0,379.0,319.0,263.0,405.0,156.0,111.0,138.0,105.0,106.0,108.0,129.0,132.0,118.0,316.0,408.0,263.0,156.0,111.0,138.0,105.0,106.0,108.0
1.0,871.0,318.0,319.0,285.0,438.0,161.0,206.0,71.0,105.0,106.0,108.0,109.0,107.0,102.0,264.0,313.0,294.0,161.0,206.0,71.0,105.0,106.0,108.0
1.0,838.0,341.0,320.0,405.0,378.0,121.0,215.0,42.0,106.0,106.0,108.0,112.0,120.0,109.0,259.0,218.0,361.0,121.0,215.0,42.0,106.0,106.0,108.0
1.0,902.0,339.0,320.0,438.0,279.0,77.0,121.0,81.0,106.0,106.0,108.0,117.0,112.0,110.0,303.0,209.0,390.0,77.0,121.0,81.0,106.0,106.0,108.0
1.0,1001.0,335.0,320.0,378.0,236.0,72.0,13.0,151.0,106.0,106.0,108.0,116.0,107.0,112.0,347.0,303.0,351.0,72.0,13.0,151.0,106.0,106.0,108.0
1.0,1044.0,353.0,323.0,279.0,322.0,113.0,13.0,196.0,107.0,107.0,109.0,114.0,117.0,122.0,352.0,411.0,281.0,113.0,13.0,196.0,107.0,107.0,109.0
1.0,970.0,328.0,323.0,236.0,414.0,150.0,111.0,153.0,107.0,107.0,109.0,109.0,111.0,108.0,315.0,415.0,240.0,150.0,111.0,153.0,107.0,107.0,109.0
1.0,878.0,343.0,325.0,322.0,443.0,164.0,210.0,69.0,108.0,108.0,109.0,123.0,108.0,112.0,278.0,317.0,283.0,164.0,210.0,69.0,108.0,108.0,109.0
1.0,857.0,347.0,326.0,414.0,380.0,133.0,215.0,32.0,108.0,108.0,110.0,119.0,116.0,112.0,268.0,222.0,367.0,133.0,215.0,32.0,108.0,108.0,110.0
1.0,924.0,320.0,326.0,443.0,257.0,66.0,112.0,79.0,108.0,108.0,110.0,97.0,107.0,116.0,299.0,217.0,408.0,66.0,112.0,79.0,108.0,108.0,110.0
1.0,1047.0,374.0,328.0,380.0,259.0,57.0,27.0,175.0,108.0,109.0,111.0,124.0,126.0,124.0,366.0,320.0,361.0,57.0,27.0,175.0,108.0,109.0,111.0
1.0,1053.0,373.0,329.0,257.0,379.0,112.0,35.0,232.0,109.0,109.0,111.0,117.0,120.0,136.0,375.0,409.0,269.0,112.0,35.0,232.0,109.0,109.0,111.0
1.0,937.0,329.0,330.0,259.0,453.0,167.0,132.0,154.0,109.0,110.0,111.0,112.0,120.0,97.0,324.0,401.0,212.0,167.0,132.0,154.0,109.0,110.0,111.0
1.0,867.0,357.0,330.0,379.0,431.0,185.0,217.0,29.0,109.0,110.0,111.0,130.0,120.0,107.0,269.0,308.0,290.0,185.0,217.0,29.0,109.0,110.0,111.0
1.0,889.0,340.0,332.0,453.0,328.0,133.0,195.0,0.0,110.0,110.0,112.0,111.0,110.0,119.0,251.0,223.0,415.0,133.0,195.0,0.0,110.0,110.0,112.0
1.0,1002.0,347.0,333.0,431.0,246.0,62.0,100.0,84.0,110.0,111.0,112.0,114.0,118.0,115.0,307.0,245.0,450.0,62.0,100.0,84.0,110.0,111.0,112.0
1.0,1086.0,358.0,333.0,328.0,276.0,48.0,23.0,205.0,110.0,111.0,112.0,119.0,118.0,121.0,378.0,344.0,364.0,48.0,23.0,205.0,110.0,111.0,112.0
1.0,1056.0,362.0,335.0,246.0,400.0,110.0,53.0,237.0,111.0,112.0,112.0,120.0,126.0,116.0,392.0,421.0,243.0,110.0,53.0,237.0,111.0,112.0,112.0
1.0,940.0,356.0,336.0,276.0,484.0,180.0,143.0,161.0,111.0,112.0,113.0,118.0,113.0,125.0,334.0,395.0,211.0,180.0,143.0,161.0,111.0,112.0,113.0
1.0,860.0,354.0,337.0,400.0,442.0,189.0,211.0,42.0,112.0,112.0,113.0,115.0,121.0,118.0,264.0,305.0,291.0,189.0,211.0,42.0,112.0,112.0,113.0
1.0,906.0,360.0,338.0,484.0,322.0,124.0,193.0,5.0,112.0,113.0,113.0,115.0,121.0,124.0,259.0,237.0,410.0,124.0,193.0,5.0,112.0,113.0,113.0
1.0,1030.0,353.0,338.0,442.0,233.0,59.0,104.0,70.0,112.0,113.0,113.0,124.0,122.0,107.0,324.0,259.0,447.0,59.0,104.0,70.0,112.0,113.0,113.0
1.0,1119.0,316.0,338.0,322.0,227.0,33.0,16.0,178.0,112.0,113.0,113.0,98.0,105.0,113.0,389.0,348.0,382.0,33.0,16.0,178.0,112.0,113.0,113.0
1.0,1125.0,314.0,338.0,233.0,308.0,79.0,14.0,215.0,112.0,113.0,113.0,105.0,102.0,107.0,415.0,436.0,274.0,79.0,14.0,215.0,112.0,113.0,113.0
1.0,1044.0,363.0,338.0,227.0,444.0,174.0,110.0,160.0,112.0,113.0,113.0,128.0,112.0,123.0,369.0,438.0,237.0,174.0,110.0,160.0,112.0,113.0,113.0
1.0,908.0,289.0,337.0,308.0,421.0,191.0,193.0,37.0,112.0,113.0,112.0,96.0,97.0,96.0,274.0,342.0,292.0,191.0,193.0,37.0,112.0,113.0,112.0
1.0,927.0,350.0,338.0,444.0,331.0,127.0,201.0,3.0,112.0,113.0,113.0,110.0,118.0,122.0,257.0,259.0,411.0,127.0,201.0,3.0,112.0,113.0,113.0
1.0,1021.0,349.0,339.0,421.0,263.0,57.0,124.0,82.0,113.0,113.0,113.0,117.0,116.0,116.0,321.0,251.0,449.0,57.0,124.0,82.0,113.0,113.0,113.0
1.0,1093.0,330.0,340.0,331.0,266.0,35.0,41.0,190.0,113.0,114.0,113.0,105.0,114.0,111.0,395.0,328.0,370.0,35.0,41.0,190.0,113.0,114.0,113.0
1.0,1094.0,342.0,340.0,263.0,345.0,93.0,35.0,217.0,113.0,114.0,113.0,115.0,118.0,109.0,417.0,415.0,262.0,93.0,35.0,217.0,113.0,114.0,113.0
1.0,1015.0,323.0,340.0,266.0,402.0,165.0,106.0,131.0,113.0,114.0,113.0,107.0,112.0,104.0,359.0,421.0,235.0,165.0,106.0,131.0,113.0,114.0,113.0
1.0,958.0,349.0,340.0,345.0,406.0,188.0,190.0,28.0,113.0,114.0,113.0,116.0,119.0,114.0,287.0,350.0,321.0,188.0,190.0,28.0,113.0,114.0,113.0
1.0,954.0,313.0,340.0,402.0,318.0,130.0,188.0,0.0,113.0,114.0,113.0,107.0,104.0,102.0,264.0,266.0,424.0,130.0,188.0,0.0,113.0,114.0,113.0
1.0,1043.0,316.0,338.0,406.0,219.0,51.0,100.0,68.0,113.0,113.0,112.0,109.0,106.0,101.0,322.0,268.0,453.0,51.0,100.0,68.0,113.0,113.0,112.0
1.0,1133.0,364.0,339.0,318.0,269.0,39.0,42.0,188.0,113.0,114.0,112.0,118.0,126.0,120.0,401.0,352.0,380.0,39.0,42.0,188.0,113.0,114.0,112.0
1.0,1087.0,338.0,340.0,219.0,392.0,98.0,59.0,235.0,113.0,114.0,113.0,110.0,117.0,111.0,413.0,414.0,260.0,98.0,59.0,235.0,113.0,114.0,113.0
1.0,968.0,362.0,340.0,269.0,485.0,179.0,142.0,164.0,113.0,114.0,113.0,120.0,125.0,117.0,354.0,397.0,217.0,179.0,142.0,164.0,113.0,114.0,113.0
1.0,875.0,331.0,339.0,392.0,420.0,188.0,195.0,37.0,113.0,114.0,112.0,107.0,112.0,112.0,273.0,314.0,288.0,188.0,195.0,37.0,113.0,114.0,112.0
1.0,936.0,338.0,340.0,485.0,287.0,124.0,163.0,0.0,113.0,114.0,113.0,115.0,110.0,113.0,264.0,261.0,411.0,124.0,163.0,0.0,113.0,114.0,113.0
1.0,1083.0,307.0,341.0,420.0,168.0,51.0,67.0,50.0,114.0,114.0,113.0,111.0,99.0,97.0,328.0,293.0,462.0,51.0,67.0,50.0,114.0,114.0,113.0
1.0,1196.0,307.0,341.0,287.0,188.0,33.0,1.0,154.0,114.0,114.0,113.0,106.0,97.0,104.0,405.0,389.0,402.0,33.0,1.0,154.0,114.0,114.0,113.0
1.0,1176.0,343.0,341.0,168.0,363.0,105.0,46.0,212.0,114.0,114.0,113.0,123.0,112.0,108.0,423.0,455.0,298.0,105.0,46.0,212.0,114.0,114.0,113.0
1.0,1001.0,367.0,341.0,188.0,542.0,200.0,160.0,182.0,114.0,114.0,113.0,128.0,115.0,124.0,351.0,410.0,240.0,200.0,160.0,182.0,114.0,114.0,113.0
1.0,822.0,406.0,342.0,363.0,589.0,233.0,255.0,101.0,115.0,114.0,113.0,134.0,141.0,131.0,256.0,296.0,270.0,233.0,255.0,101.0,115.0,114.0,113.0
1.0,779.0,391.0,344.0,542.0,446.0,163.0,235.0,48.0,115.0,115.0,114.0,130.0,136.0,125.0,227.0,201.0,351.0,163.0,235.0,48.0,115.0,115.0,114.0
1.0,930.0,345.0,343.0,589.0,198.0,48.0,98.0,52.0,115.0,115.0,113.0,118.0,118.0,109.0,297.0,225.0,408.0,48.0,98.0,52.0,115.0,115.0,113.0
1.0,1174.0,351.0,343.0,446.0,124.0,11.0,0.0,113.0,115.0,115.0,113.0,126.0,116.0,109.0,412.0,362.0,400.0,11.0,0.0,113.0,115.0,115.0,113.0
1.0,1269.0,330.0,343.0,198.0,244.0,78.0,0.0,166.0,115.0,115.0,113.0,115.0,110.0,105.0,449.0,481.0,339.0,78.0,0.0,166.0,115.0,115.0,113.0
1.0,1137.0,357.0,344.0,124.0,472.0,179.0,110.0,183.0,115.0,115.0,114.0,112.0,119.0,126.0,382.0,469.0,286.0,179.0,110.0,183.0,115.0,115.0,114.0
1.0,904.0,357.0,344.0,244.0,585.0,218.0,235.0,132.0,115.0,115.0,114.0,117.0,125.0,115.0,281.0,350.0,273.0,218.0,235.0,132.0,115.0,115.0,114.0
1.0,791.0,344.0,344.0,472.0,457.0,169.0,235.0,53.0,116.0,115.0,113.0,126.0,110.0,108.0,242.0,225.0,324.0,169.0,235.0,53.0,116.0,115.0,113.0
1.0,919.0,340.0,344.0,585.0,212.0,65.0,116.0,31.0,116.0,115.0,113.0,114.0,116.0,110.0,295.0,225.0,399.0,65.0,116.0,31.0,116.0,115.0,113.0
1.0,1164.0,362.0,343.0,457.0,113.0,13.0,1.0,99.0,115.0,115.0,113.0,121.0,120.0,121.0,399.0,344.0,421.0,13.0,1.0,99.0,115.0,115.0,113.0
1.0,1259.0,351.0,344.0,212.0,256.0,62.0,5.0,189.0,115.0,115.0,114.0,114.0,120.0,117.0,447.0,459.0,353.0,62.0,5.0,189.0,115.0,115.0,114.0
1.0,1120.0,403.0,346.0,113.0,554.0,188.0,139.0,227.0,116.0,116.0,114.0,135.0,131.0,137.0,398.0,455.0,267.0,188.0,139.0,227.0,116.0,116.0,114.0
1.0,830.0,391.0,347.0,256.0,693.0,261.0,262.0,170.0,116.0,116.0,115.0,135.0,128.0,128.0,276.0,325.0,229.0,261.0,262.0,170.0,116.0,116.0,115.0
1.0,695.0,401.0,348.0,554.0,544.0,214.0,259.0,71.0,117.0,116.0,115.0,137.0,136.0,128.0,203.0,202.0,290.0,214.0,259.0,71.0,117.0,116.0,115.0
1.0,848.0,416.0,349.0,693.0,271.0,89.0,144.0,38.0,117.0,117.0,115.0,136.0,143.0,137.0,254.0,205.0,389.0,89.0,144.0,38.0,117.0,117.0,115.0
1.0,1125.0,436.0,351.0,544.0,171.0,30.0,23.0,118.0,118.0,117.0,116.0,151.0,138.0,147.0,379.0,324.0,422.0,30.0,23.0,118.0,118.0,117.0,116.0
1.0,1233.0,371.0,352.0,271.0,275.0,61.0,3.0,211.0,118.0,118.0,116.0,120.0,120.0,131.0,442.0,445.0,346.0,61.0,3.0,211.0,118.0,118.0,116.0
1.0,1133.0,367.0,353.0,171.0,475.0,152.0,100.0,223.0,118.0,118.0,117.0,121.0,120.0,126.0,411.0,469.0,253.0,152.0,100.0,223.0,118.0,118.0,117.0
1.0,937.0,432.0,355.0,275.0,640.0,236.0,249.0,155.0,119.0,119.0,117.0,141.0,148.0,143.0,320.0,372.0,245.0,236.0,249.0,155.0,119.0,119.0,117.0
1.0,780.0,386.0,355.0,475.0,551.0,210.0,277.0,64.0,119.0,119.0,117.0,126.0,128.0,132.0,240.0,227.0,313.0,210.0,277.0,64.0,119.0,119.0,117.0
1.0,869.0,390.0,355.0,640.0,301.0,105.0,160.0,36.0,119.0,119.0,117.0,131.0,132.0,127.0,266.0,199.0,404.0,105.0,160.0,36.0,119.0,119.0,117.0
1.0,1119.0,388.0,356.0,551.0,142.0,27.0,2.0,113.0,119.0,119.0,118.0,132.0,119.0,137.0,371.0,316.0,432.0,27.0,2.0,113.0,119.0,119.0,118.0
1.0,1282.0,408.0,357.0,301.0,277.0,61.0,0.0,216.0,120.0,119.0,118.0,135.0,134.0,139.0,449.0,474.0,359.0,61.0,0.0,216.0,120.0,119.0,118.0
1.0,1175.0,384.0,359.0,142.0,503.0,157.0,111.0,235.0,120.0,120.0,119.0,123.0,133.0,128.0,419.0,500.0,256.0,157.0,111.0,235.0,120.0,120.0,119.0
1.0,933.0,348.0,359.0,277.0,574.0,213.0,228.0,133.0,120.0,120.0,119.0,117.0,117.0,114.0,323.0,369.0,241.0,213.0,228.0,133.0,120.0,120.0,119.0
1.0,862.0,371.0,359.0,503.0,442.0,177.0,238.0,27.0,120.0,120.0,119.0,121.0,121.0,129.0,267.0,252.0,343.0,177.0,238.0,27.0,120.0,120.0,119.0
1.0,994.0,372.0,359.0,574.0,240.0,82.0,142.0,16.0,120.0,120.0,119.0,118.0,132.0,122.0,303.0,242.0,449.0,82.0,142.0,16.0,120.0,120.0,119.0
1.0,1196.0,397.0,359.0,442.0,195.0,42.0,34.0,119.0,120.0,120.0,119.0,137.0,130.0,130.0,398.0,338.0,460.0,42.0,34.0,119.0,120.0,120.0,119.0
1.0,1241.0,378.0,359.0,240.0,333.0,80.0,20.0,233.0,120.0,120.0,119.0,120.0,128.0,130.0,438.0,446.0,357.0,80.0,20.0,233.0,120.0,120.0,119.0
1.0,1103.0,408.0,360.0,195.0,550.0,166.0,130.0,254.0,120.0,121.0,119.0,128.0,140.0,140.0,400.0,460.0,243.0,166.0,130.0,254.0,120.0,121.0,119.0
1.0,890.0,323.0,360.0,333.0,540.0,193.0,209.0,138.0,120.0,120.0,120.0,107.0,103.0,113.0,314.0,354.0,222.0,193.0,209.0,138.0,120.0,120.0,120.0
1.0,900.0,400.0,362.0,550.0,398.0,162.0,217.0,19.0,121.0,121.0,120.0,131.0,134.0,135.0,287.0,271.0,342.0,162.0,217.0,19.0,121.0,121.0,120.0
1.0,1050.0,401.0,363.0,540.0,263.0,92.0,141.0,30.0,121.0,121.0,121.0,123.0,133.0,145.0,322.0,267.0,461.0,92.0,141.0,30.0,121.0,121.0,121.0
1.0,1189.0,382.0,364.0,398.0,251.0,47.0,59.0,145.0,121.0,122.0,121.0,117.0,131.0,134.0,392.0,343.0,454.0,47.0,59.0,145.0,121.0,122.0,121.0
1.0,1205.0,362.0,365.0,263.0,354.0,72.0,30.0,252.0,121.0,122.0,122.0,117.0,112.0,133.0,437.0,429.0,339.0,72.0,30.0,252.0,121.0,122.0,122.0
1.0,1106.0,378.0,366.0,251.0,485.0,149.0,102.0,234.0,122.0,122.0,122.0,120.0,131.0,127.0,412.0,458.0,236.0,149.0,102.0,234.0,122.0,122.0,122.0
1.0,979.0,333.0,365.0,354.0,460.0,186.0,178.0,96.0,121.0,122.0,122.0,113.0,106.0,114.0,339.0,386.0,254.0,186.0,178.0,96.0,121.0,122.0,122.0
1.0,1000.0,363.0,366.0,485.0,354.0,160.0,194.0,0.0,122.0,122.0,122.0,119.0,118.0,126.0,298.0,310.0,392.0,160.0,194.0,0.0,122.0,122.0,122.0
1.0,1122.0,362.0,366.0,460.0,244.0,90.0,141.0,13.0,122.0,122.0,122.0,116.0,125.0,121.0,328.0,294.0,500.0,90.0,141.0,13.0,122.0,122.0,122.0
1.0,1220.0,401.0,368.0,354.0,299.0,60.0,93.0,146.0,122.0,123.0,123.0,130.0,142.0,129.0,398.0,347.0,475.0,60.0,93.0,146.0,122.0,123.0,123.0
1.0,1173.0,365.0,368.0,244.0,420.0,89.0,76.0,255.0,122.0,123.0,123.0,119.0,124.0,122.0,428.0,399.0,346.0,89.0,76.0,255.0,122.0,123.0,123.0
1.0,1052.0,366.0,369.0,299.0,491.0,157.0,104.0,230.0,123.0,123.0,123.0,124.0,121.0,121.0,399.0,416.0,237.0,157.0,104.0,230.0,123.0,123.0,123.0
1.0,985.0,390.0,371.0,420.0,469.0,207.0,161.0,101.0,123.0,124.0,124.0,139.0,129.0,122.0,335.0,388.0,262.0,207.0,161.0,101.0,123.0,124.0,124.0
1.0,1015.0,341.0,370.0,491.0,326.0,157.0,169.0,0.0,123.0,123.0,124.0,107.0,116.0,118.0,285.0,335.0,395.0,157.0,169.0,0.0,123.0,123.0,124.0
1.0,1165.0,384.0,371.0,469.0,234.0,73.0,141.0,20.0,123.0,124.0,124.0,123.0,129.0,132.0,335.0,323.0,507.0,73.0,141.0,20.0,123.0,124.0,124.0
1.0,1250.0,358.0,371.0,326.0,266.0,32.0,88.0,146.0,123.0,124.0,124.0,116.0,116.0,126.0,419.0,355.0,476.0,32.0,88.0,146.0,123.0,124.0,124.0
1.0,1218.0,362.0,371.0,234.0,394.0,76.0,76.0,242.0,123.0,124.0,124.0,117.0,129.0,116.0,460.0,408.0,350.0,76.0,76.0,242.0,123.0,124.0,124.0
1.0,1090.0,370.0,373.0,266.0,506.0,173.0,104.0,229.0,124.0,124.0,125.0,125.0,116.0,129.0,416.0,420.0,254.0,173.0,104.0,229.0,124.0,124.0,125.0
1.0,986.0,392.0,374.0,394.0,508.0,228.0,168.0,112.0,124.0,125.0,125.0,131.0,136.0,125.0,323.0,392.0,271.0,228.0,168.0,112.0,124.0,125.0,125.0
1.0,988.0,350.0,374.0,506.0,362.0,177.0,185.0,0.0,124.0,125.0,125.0,122.0,121.0,107.0,268.0,332.0,388.0,177.0,185.0,0.0,124.0,125.0,125.0
1.0,1144.0,362.0,374.0,508.0,218.0,75.0,143.0,0.0,124.0,125.0,125.0,126.0,126.0,110.0,319.0,315.0,510.0,75.0,143.0,0.0,124.0,125.0,125.0
1.0,1290.0,345.0,374.0,362.0,189.0,21.0,71.0,97.0,124.0,125.0,125.0,123.0,113.0,109.0,421.0,357.0,512.0,21.0,71.0,97.0,124.0,125.0,125.0
1.0,1307.0,336.0,373.0,218.0,303.0,66.0,37.0,200.0,124.0,125.0,124.0,120.0,109.0,107.0,475.0,429.0,403.0,66.0,37.0,200.0,124.0,125.0,124.0
1.0,1189.0,377.0,372.0,189.0,487.0,173.0,83.0,231.0,124.0,124.0,124.0,128.0,121.0,128.0,430.0,463.0,296.0,173.0,83.0,231.0,124.0,124.0,124.0
1.0,1001.0,385.0,374.0,303.0,577.0,242.0,173.0,162.0,124.0,125.0,125.0,135.0,123.0,127.0,323.0,413.0,265.0,242.0,173.0,162.0,124.0,125.0,125.0
1.0,919.0,325.0,373.0,487.0,411.0,176.0,191.0,44.0,124.0,124.0,125.0,107.0,105.0,113.0,254.0,327.0,338.0,176.0,191.0,44.0,124.0,124.0,125.0
1.0,1081.0,381.0,374.0,577.0,219.0,70.0,149.0,0.0,124.0,125.0,125.0,136.0,127.0,118.0,320.0,305.0,456.0,70.0,149.0,0.0,124.0,125.0,125.0
1.0,1277.0,391.0,375.0,411.0,203.0,31.0,91.0,81.0,125.0,125.0,125.0,133.0,133.0,125.0,426.0,351.0,500.0,31.0,91.0,81.0,125.0,125.0,125.0
1.0,1297.0,363.0,375.0,219.0,347.0,87.0,57.0,203.0,125.0,125.0,125.0,126.0,115.0,122.0,469.0,409.0,419.0,87.0,57.0,203.0,125.0,125.0,125.0
1.0,1153.0,421.0,376.0,203.0,569.0,204.0,102.0,263.0,125.0,125.0,126.0,148.0,136.0,137.0,413.0,443.0,297.0,204.0,102.0,263.0,125.0,125.0,126.0
1.0,935.0,341.0,376.0,347.0,563.0,236.0,164.0,163.0,125.0,125.0,126.0,119.0,119.0,103.0,296.0,398.0,241.0,236.0,164.0,163.0,125.0,125.0,126.0
1.0,941.0,408.0,378.0,569.0,410.0,177.0,195.0,38.0,126.0,126.0,126.0,141.0,129.0,138.0,264.0,336.0,341.0,177.0,195.0,38.0,126.0,126.0,126.0
1.0,1102.0,394.0,378.0,563.0,241.0,82.0,157.0,2.0,126.0,126.0,126.0,141.0,126.0,127.0,327.0,309.0,466.0,82.0,157.0,2.0,126.0,126.0,126.0
1.0,1271.0,383.0,378.0,410.0,214.0,37.0,87.0,90.0,126.0,126.0,126.0,132.0,125.0,126.0,422.0,347.0,502.0,37.0,87.0,90.0,126.0,126.0,126.0
1.0,1298.0,384.0,378.0,241.0,357.0,80.0,66.0,211.0,126.0,126.0,126.0,125.0,136.0,123.0,467.0,417.0,414.0,80.0,66.0,211.0,126.0,126.0,126.0
1.0,1155.0,413.0,378.0,214.0,556.0,187.0,117.0,252.0,126.0,126.0,126.0,144.0,138.0,131.0,424.0,438.0,293.0,187.0,117.0,252.0,126.0,126.0,126.0
1.0,956.0,400.0,378.0,357.0,599.0,245.0,190.0,164.0,126.0,126.0,126.0,138.0,139.0,123.0,317.0,387.0,252.0,245.0,190.0,164.0,126.0,126.0,126.0
1.0,913.0,417.0,377.0,556.0,456.0,209.0,210.0,37.0,126.0,126.0,125.0,151.0,137.0,129.0,259.0,314.0,340.0,209.0,210.0,37.0,126.0,126.0,125.0
1.0,1052.0,393.0,377.0,599.0,250.0,92.0,155.0,3.0,126.0,126.0,125.0,128.0,135.0,130.0,295.0,294.0,463.0,92.0,155.0,3.0,126.0,126.0,125.0
1.0,1258.0,389.0,377.0,456.0,183.0,15.0,80.0,88.0,126.0,126.0,125.0,132.0,135.0,122.0,412.0,349.0,497.0,15.0,80.0,88.0,126.0,126.0,125.0
1.0,1325.0,406.0,378.0,250.0,343.0,69.0,63.0,211.0,127.0,126.0,125.0,142.0,138.0,126.0,489.0,424.0,412.0,69.0,63.0,211.0,127.0,126.0,125.0
1.0,1169.0,394.0,378.0,183.0,554.0,194.0,112.0,248.0,127.0,126.0,125.0,140.0,129.0,125.0,439.0,441.0,289.0,194.0,112.0,248.0,127.0,126.0,125.0
1.0,958.0,455.0,378.0,343.0,666.0,283.0,207.0,176.0,127.0,126.0,125.0,158.0,158.0,139.0,314.0,392.0,252.0,283.0,207.0,176.0,127.0,126.0,125.0
1.0,846.0,381.0,379.0,554.0,497.0,228.0,222.0,47.0,127.0,127.0,125.0,139.0,123.0,119.0,225.0,297.0,324.0,228.0,222.0,47.0,127.0,127.0,125.0
1.0,1019.0,417.0,380.0,666.0,252.0,92.0,157.0,3.0,128.0,127.0,125.0,143.0,142.0,132.0,280.0,286.0,453.0,92.0,157.0,3.0,128.0,127.0,125.0
1.0,1268.0,427.0,380.0,497.0,182.0,8.0,76.0,98.0,128.0,127.0,125.0,144.0,141.0,142.0,420.0,351.0,497.0,8.0,76.0,98.0,128.0,127.0,125.0
1.0,1338.0,404.0,380.0,252.0,334.0,53.0,53.0,228.0,128.0,127.0,125.0,137.0,134.0,133.0,504.0,432.0,402.0,53.0,53.0,228.0,128.0,127.0,125.0
1.0,1186.0,403.0,382.0,182.0,563.0,180.0,121.0,262.0,129.0,128.0,125.0,131.0,140.0,132.0,459.0,455.0,272.0,180.0,121.0,262.0,129.0,128.0,125.0
1.0,965.0,428.0,383.0,334.0,661.0,270.0,212.0,179.0,129.0,128.0,126.0,143.0,144.0,141.0,336.0,391.0,238.0,270.0,212.0,179.0,129.0,128.0,126.0
1.0,871.0,425.0,383.0,563.0,523.0,227.0,235.0,61.0,129.0,128.0,126.0,137.0,144.0,144.0,246.0,300.0,325.0,227.0,235.0,61.0,129.0,128.0,126.0
1.0,1009.0,413.0,383.0,661.0,275.0,97.0,157.0,21.0,129.0,128.0,126.0,140.0,134.0,139.0,289.0,277.0,443.0,97.0,157.0,21.0,129.0,128.0,126.0
1.0,1257.0,388.0,383.0,523.0,149.0,0.0,58.0,91.0,129.0,128.0,126.0,121.0,136.0,131.0,419.0,355.0,483.0,0.0,58.0,91.0,129.0,128.0,126.0
1.0,1392.0,450.0,386.0,275.0,327.0,47.0,60.0,220.0,130.0,129.0,127.0,149.0,155.0,146.0,525.0,454.0,413.0,47.0,60.0,220.0,130.0,129.0,127.0
1.0,1217.0,415.0,386.0,149.0,593.0,177.0,148.0,268.0,130.0,129.0,127.0,130.0,146.0,139.0,473.0,456.0,288.0,177.0,148.0,268.0,130.0,129.0,127.0
1.0,951.0,416.0,387.0,327.0,686.0,261.0,235.0,190.0,130.0,130.0,127.0,131.0,143.0,142.0,343.0,368.0,240.0,261.0,235.0,190.0,130.0,130.0,127.0
1.0,862.0,425.0,388.0,593.0,522.0,224.0,232.0,66.0,131.0,130.0,127.0,136.0,145.0,144.0,259.0,285.0,318.0,224.0,232.0,66.0,131.0,130.0,127.0
1.0,1030.0,429.0,388.0,686.0,265.0,94.0,144.0,27.0,131.0,130.0,127.0,131.0,147.0,151.0,300.0,288.0,442.0,94.0,144.0,27.0,131.0,130.0,127.0
1.0,1287.0,389.0,388.0,522.0,132.0,1.0,42.0,89.0,131.0,130.0,127.0,131.0,130.0,128.0,430.0,376.0,481.0,1.0,42.0,89.0,131.0,130.0,127.0
1.0,1420.0,413.0,391.0,265.0,292.0,45.0,42.0,205.0,132.0,131.0,128.0,134.0,140.0,139.0,523.0,478.0,419.0,45.0,42.0,205.0,132.0,131.0,128.0
1.0,1272.0,455.0,392.0,132.0,619.0,183.0,162.0,274.0,132.0,132.0,128.0,139.0,158.0,158.0,483.0,482.0,307.0,183.0,162.0,274.0,132.0,132.0,128.0
1.0,949.0,437.0,393.0,292.0,768.0,282.0,269.0,217.0,132.0,132.0,129.0,144.0,149.0,144.0,345.0,366.0,238.0,282.0,269.0,217.0,132.0,132.0,129.0
1.0,804.0,361.0,393.0,619.0,510.0,209.0,230.0,71.0,132.0,132.0,129.0,110.0,123.0,128.0,246.0,259.0,299.0,209.0,230.0,71.0,132.0,132.0,129.0
1.0,1062.0,387.0,393.0,768.0,140.0,53.0,87.0,0.0,132.0,132.0,129.0,126.0,126.0,135.0,319.0,298.0,445.0,53.0,87.0,0.0,132.0,132.0,129.0
1.0,1443.0,342.0,393.0,510.0,39.0,0.0,0.0,39.0,132.0,132.0,129.0,99.0,122.0,121.0,475.0,441.0,527.0,0.0,0.0,39.0,132.0,132.0,129.0
1.0,1611.0,448.0,395.0,140.0,277.0,25.0,50.0,202.0,132.0,133.0,130.0,135.0,154.0,159.0,585.0,549.0,477.0,25.0,50.0,202.0,132.0,133.0,130.0
1.0,1303.0,401.0,395.0,39.0,639.0,154.0,182.0,303.0,132.0,133.0,130.0,129.0,132.0,140.0,503.0,482.0,318.0,154.0,182.0,303.0,132.0,133.0,130.0
1.0,941.0,395.0,395.0,277.0,757.0,244.0,277.0,236.0,132.0,133.0,130.0,115.0,145.0,135.0,374.0,350.0,217.0,244.0,277.0,236.0,132.0,133.0,130.0
1.0,823.0,457.0,397.0,639.0,583.0,233.0,261.0,89.0,132.0,134.0,131.0,143.0,162.0,152.0,284.0,255.0,284.0,233.0,261.0,89.0,132.0,134.0,131.0
1.0,1005.0,421.0,398.0,757.0,264.0,136.0,128.0,0.0,133.0,134.0,131.0,143.0,144.0,134.0,295.0,275.0,435.0,136.0,128.0,0.0,133.0,134.0,131.0
1.0,1341.0,372.0,398.0,583.0,53.0,25.0,0.0,28.0,133.0,134.0,131.0,122.0,120.0,130.0,396.0,408.0,537.0,25.0,0.0,28.0,133.0,134.0,131.0
1.0,1552.0,410.0,398.0,264.0,194.0,19.0,0.0,175.0,133.0,134.0,131.0,130.0,133.0,147.0,507.0,549.0,496.0,19.0,0.0,175.0,133.0,134.0,131.0
1.0,1406.0,407.0,399.0,53.0,544.0,136.0,116.0,292.0,133.0,134.0,132.0,142.0,124.0,141.0,513.0,544.0,349.0,136.0,116.0,292.0,133.0,134.0,132.0
1.0,1052.0,384.0,399.0,194.0,734.0,241.0,242.0,251.0,133.0,134.0,132.0,124.0,126.0,134.0,396.0,420.0,236.0,241.0,242.0,251.0,133.0,134.0,132.0
1.0,862.0,472.0,403.0,544.0,678.0,267.0,279.0,132.0,134.0,135.0,134.0,158.0,149.0,165.0,291.0,294.0,277.0,267.0,279.0,132.0,134.0,135.0,134.0
1.0,934.0,383.0,403.0,734.0,327.0,153.0,160.0,14.0,134.0,135.0,134.0,127.0,123.0,133.0,269.0,261.0,404.0,153.0,160.0,14.0,134.0,135.0,134.0
1.0,1285.0,375.0,403.0,678.0,29.0,24.0,0.0,5.0,134.0,135.0,134.0,138.0,114.0,123.0,383.0,380.0,522.0,24.0,0.0,5.0,134.0,135.0,134.0
1.0,1588.0,382.0,403.0,327.0,122.0,0.0,0.0,122.0,134.0,135.0,134.0,126.0,125.0,131.0,512.0,545.0,531.0,0.0,0.0,122.0,134.0,135.0,134.0
1.0,1533.0,418.0,406.0,29.0,480.0,121.0,95.0,264.0,135.0,136.0,135.0,144.0,131.0,143.0,539.0,580.0,414.0,121.0,95.0,264.0,135.0,136.0,135.0
1.0,1144.0,424.0,406.0,122.0,782.0,263.0,234.0,285.0,135.0,136.0,135.0,142.0,139.0,143.0,419.0,449.0,276.0,263.0,234.0,285.0,135.0,136.0,135.0
1.0,842.0,426.0,407.0,480.0,732.0,282.0,276.0,174.0,135.0,136.0,136.0,140.0,137.0,149.0,277.0,310.0,255.0,282.0,276.0,174.0,135.0,136.0,136.0
1.0,896.0,423.0,408.0,782.0,377.0,156.0,186.0,35.0,135.0,137.0,136.0,137.0,140.0,146.0,258.0,268.0,370.0,156.0,186.0,35.0,135.0,137.0,136.0
1.0,1255.0,410.0,407.0,732.0,51.0,16.0,32.0,3.0,135.0,136.0,136.0,142.0,126.0,142.0,384.0,362.0,509.0,16.0,32.0,3.0,135.0,136.0,136.0
1.0,1577.0,385.0,407.0,377.0,88.0,0.0,0.0,88.0,135.0,136.0,136.0,139.0,126.0,120.0,524.0,512.0,541.0,0.0,0.0,88.0,135.0,136.0,136.0
1.0,1569.0,386.0,407.0,51.0,394.0,110.0,68.0,216.0,135.0,136.0,136.0,127.0,128.0,131.0,541.0,572.0,456.0,110.0,68.0,216.0,135.0,136.0,136.0
1.0,1234.0,373.0,407.0,88.0,679.0,241.0,190.0,248.0,135.0,136.0,136.0,131.0,122.0,120.0,430.0,476.0,328.0,241.0,190.0,248.0,135.0,136.0,136.0
1.0,949.0,445.0,409.0,394.0,738.0,281.0,272.0,185.0,135.0,137.0,137.0,150.0,146.0,149.0,299.0,354.0,296.0,281.0,272.0,185.0,135.0,137.0,137.0
1.0,898.0,407.0,410.0,679.0,470.0,183.0,210.0,77.0,136.0,137.0,137.0,139.0,128.0,140.0,259.0,276.0,363.0,183.0,210.0,77.0,136.0,137.0,137.0
1.0,1170.0,425.0,410.0,738.0,157.0,48.0,77.0,32.0,136.0,137.0,137.0,146.0,139.0,140.0,361.0,338.0,471.0,48.0,77.0,32.0,136.0,137.0,137.0
1.0,1483.0,384.0,409.0,470.0,81.0,3.0,0.0,78.0,136.0,136.0,137.0,138.0,123.0,123.0,496.0,471.0,516.0,3.0,0.0,78.0,136.0,136.0,137.0
1.0,1569.0,382.0,408.0,157.0,288.0,86.0,34.0,168.0,135.0,136.0,137.0,135.0,125.0,122.0,541.0,558.0,470.0,86.0,34.0,168.0,135.0,136.0,137.0
1.0,1344.0,434.0,409.0,81.0,645.0,235.0,171.0,239.0,136.0,136.0,137.0,148.0,137.0,149.0,454.0,510.0,380.0,235.0,171.0,239.0,136.0,136.0,137.0
1.0,991.0,500.0,411.0,288.0,865.0,322.0,301.0,242.0,136.0,137.0,138.0,173.0,160.0,167.0,309.0,373.0,309.0,322.0,301.0,242.0,136.0,137.0,138.0
1.0,779.0,392.0,411.0,645.0,612.0,216.0,262.0,134.0,136.0,137.0,138.0,129.0,132.0,131.0,222.0,247.0,310.0,216.0,262.0,134.0,136.0,137.0,138.0
1.0,1032.0,446.0,413.0,865.0,201.0,57.0,102.0,42.0,137.0,137.0,139.0,159.0,141.0,146.0,328.0,286.0,418.0,57.0,102.0,42.0,137.0,137.0,139.0
1.0,1451.0,430.0,411.0,612.0,47.0,0.0,0.0,47.0,136.0,136.0,139.0,152.0,139.0,139.0,491.0,446.0,514.0,0.0,0.0,47.0,136.0,136.0,139.0
1.0,1633.0,431.0,413.0,201.0,249.0,80.0,23.0,146.0,137.0,137.0,139.0,144.0,146.0,141.0,555.0,569.0,509.0,80.0,23.0,146.0,137.0,137.0,139.0
1.0,1403.0,418.0,413.0,47.0,620.0,227.0,157.0,236.0,137.0,137.0,139.0,147.0,134.0,137.0,468.0,525.0,410.0,227.0,157.0,236.0,137.0,137.0,139.0
1.0,1032.0,465.0,413.0,249.0,836.0,304.0,292.0,240.0,137.0,137.0,139.0,157.0,158.0,150.0,321.0,391.0,320.0,304.0,292.0,240.0,137.0,137.0,139.0
1.0,816.0,445.0,414.0,620.0,665.0,233.0,272.0,160.0,137.0,137.0,140.0,156.0,137.0,152.0,244.0,256.0,316.0,233.0,272.0,160.0,137.0,137.0,140.0
1.0,991.0,438.0,415.0,836.0,271.0,89.0,116.0,66.0,138.0,137.0,140.0,156.0,136.0,146.0,315.0,276.0,400.0,89.0,116.0,66.0,138.0,137.0,140.0
1.0,1389.0,454.0,415.0,665.0,60.0,15.0,1.0,44.0,138.0,137.0,140.0,159.0,157.0,138.0,463.0,432.0,494.0,15.0,1.0,44.0,138.0,137.0,140.0
1.0,1600.0,416.0,415.0,271.0,205.0,70.0,19.0,116.0,138.0,137.0,140.0,144.0,134.0,138.0,537.0,547.0,516.0,70.0,19.0,116.0,138.0,137.0,140.0
1.0,1455.0,449.0,416.0,60.0,598.0,219.0,167.0,212.0,139.0,137.0,140.0,160.0,149.0,140.0,482.0,529.0,444.0,219.0,167.0,212.0,139.0,137.0,140.0
1.0,1066.0,434.0,417.0,205.0,831.0,293.0,301.0,237.0,139.0,138.0,140.0,144.0,149.0,141.0,337.0,381.0,348.0,293.0,301.0,237.0,139.0,138.0,140.0
1.0,837.0,444.0,417.0,598.0,677.0,220.0,289.0,168.0,139.0,138.0,140.0,146.0,155.0,143.0,263.0,251.0,323.0,220.0,289.0,168.0,139.0,138.0,140.0
1.0,991.0,411.0,417.0,831.0,257.0,60.0,131.0,66.0,139.0,138.0,140.0,133.0,143.0,135.0,336.0,263.0,392.0,60.0,131.0,66.0,139.0,138.0,140.0
1.0,1411.0,424.0,416.0,677.0,34.0,0.0,0.0,34.0,139.0,137.0,140.0,147.0,141.0,136.0,496.0,421.0,494.0,0.0,0.0,34.0,139.0,137.0,140.0
1.0,1664.0,413.0,416.0,257.0,176.0,68.0,0.0,108.0,139.0,137.0,140.0,141.0,132.0,140.0,569.0,569.0,526.0,68.0,0.0,108.0,139.0,137.0,140.0
1.0,1508.0,415.0,416.0,34.0,537.0,209.0,122.0,206.0,140.0,137.0,139.0,137.0,142.0,136.0,488.0,568.0,452.0,209.0,122.0,206.0,140.0,137.0,139.0
1.0,1127.0,423.0,417.0,176.0,788.0,274.0,270.0,244.0,140.0,137.0,140.0,133.0,148.0,142.0,351.0,426.0,350.0,274.0,270.0,244.0,140.0,137.0,140.0
1.0,880.0,470.0,418.0,537.0,725.0,220.0,313.0,192.0,140.0,138.0,140.0,155.0,161.0,154.0,286.0,278.0,316.0,220.0,313.0,192.0,140.0,138.0,140.0
1.0,947.0,413.0,418.0,788.0,350.0,79.0,188.0,83.0,140.0,138.0,140.0,133.0,145.0,135.0,340.0,239.0,368.0,79.0,188.0,83.0,140.0,138.0,140.0
1.0,1322.0,426.0,417.0,725.0,50.0,0.0,31.0,19.0,140.0,138.0,139.0,138.0,156.0,132.0,481.0,364.0,477.0,0.0,31.0,19.0,140.0,138.0,139.0
1.0,1621.0,425.0,418.0,350.0,138.0,55.0,0.0,83.0,140.0,138.0,140.0,137.0,145.0,143.0,563.0,521.0,537.0,55.0,0.0,83.0,140.0,138.0,140.0
1.0,1546.0,431.0,420.0,50.0,515.0,206.0,107.0,202.0,141.0,139.0,140.0,147.0,146.0,138.0,505.0,564.0,477.0,206.0,107.0,202.0,141.0,139.0,140.0
1.0,1165.0,431.0,420.0,138.0,808.0,291.0,259.0,258.0,141.0,139.0,140.0,140.0,152.0,139.0,358.0,449.0,358.0,291.0,259.0,258.0,141.0,139.0,140.0
1.0,872.0,434.0,421.0,515.0,731.0,227.0,306.0,198.0,142.0,139.0,140.0,138.0,154.0,142.0,273.0,297.0,302.0,227.0,306.0,198.0,142.0,139.0,140.0
1.0,953.0,455.0,422.0,808.0,382.0,89.0,207.0,86.0,142.0,140.0,140.0,153.0,156.0,146.0,341.0,250.0,362.0,89.0,207.0,86.0,142.0,140.0,140.0
1.0,1306.0,404.0,421.0,731.0,62.0,0.0,31.0,31.0,142.0,139.0,140.0,127.0,134.0,143.0,479.0,353.0,474.0,0.0,31.0,31.0,142.0,139.0,140.0
1.0,1633.0,471.0,422.0,382.0,147.0,47.0,0.0,100.0,142.0,140.0,140.0,147.0,169.0,155.0,579.0,525.0,529.0,47.0,0.0,100.0,142.0,140.0,140.0
1.0,1544.0,435.0,422.0,62.0,517.0,180.0,118.0,219.0,142.0,140.0,140.0,133.0,152.0,150.0,521.0,563.0,460.0,180.0,118.0,219.0,142.0,140.0,140.0
1.0,1171.0,479.0,424.0,147.0,857.0,295.0,280.0,282.0,143.0,140.0,141.0,158.0,162.0,159.0,388.0,442.0,341.0,295.0,280.0,282.0,143.0,140.0,141.0
1.0,839.0,452.0,425.0,517.0,796.0,261.0,325.0,210.0,143.0,141.0,141.0,146.0,159.0,147.0,277.0,280.0,282.0,261.0,325.0,210.0,143.0,141.0,141.0
1.0,904.0,413.0,426.0,857.0,356.0,94.0,201.0,61.0,143.0,142.0,141.0,128.0,152.0,133.0,311.0,239.0,354.0,94.0,201.0,61.0,143.0,142.0,141.0
1.0,1348.0,413.0,426.0,796.0,22.0,0.0,22.0,0.0,143.0,142.0,141.0,133.0,146.0,134.0,478.0,367.0,503.0,0.0,22.0,0.0,143.0,142.0,141.0
1.0,1731.0,444.0,425.0,356.0,86.0,22.0,0.0,64.0,143.0,142.0,140.0,150.0,150.0,144.0,606.0,546.0,579.0,22.0,0.0,64.0,143.0,142.0,140.0
1.0,1643.0,434.0,427.0,22.0,477.0,156.0,109.0,212.0,143.0,143.0,141.0,134.0,156.0,144.0,550.0,597.0,496.0,156.0,109.0,212.0,143.0,143.0,141.0
1.0,1231.0,421.0,427.0,86.0,812.0,267.0,244.0,301.0,143.0,143.0,141.0,133.0,135.0,153.0,416.0,463.0,352.0,267.0,244.0,301.0,143.0,143.0,141.0
1.0,896.0,489.0,429.0,477.0,832.0,261.0,305.0,266.0,143.0,144.0,142.0,150.0,166.0,173.0,305.0,328.0,263.0,261.0,305.0,266.0,143.0,144.0,142.0
1.0,884.0,468.0,430.0,812.0,492.0,154.0,213.0,125.0,144.0,144.0,142.0,156.0,152.0,160.0,311.0,271.0,302.0,154.0,213.0,125.0,144.0,144.0,142.0
1.0,1228.0,443.0,430.0,832.0,103.0,36.0,61.0,6.0,144.0,144.0,142.0,143.0,153.0,147.0,422.0,363.0,443.0,36.0,61.0,6.0,144.0,144.0,142.0
1.0,1617.0,434.0,431.0,492.0,53.0,21.0,0.0,32.0,144.0,145.0,142.0,139.0,144.0,151.0,540.0,515.0,562.0,21.0,0.0,32.0,144.0,145.0,142.0
1.0,1675.0,424.0,431.0,103.0,370.0,126.0,74.0,170.0,144.0,145.0,142.0,141.0,139.0,144.0,555.0,584.0,536.0,126.0,74.0,170.0,144.0,145.0,142.0
1.0,1354.0,470.0,432.0,53.0,791.0,259.0,229.0,303.0,144.0,145.0,143.0,154.0,155.0,161.0,450.0,506.0,398.0,259.0,229.0,303.0,144.0,145.0,143.0
1.0,937.0,443.0,433.0,370.0,868.0,282.0,309.0,277.0,144.0,146.0,143.0,149.0,150.0,144.0,317.0,351.0,269.0,282.0,309.0,277.0,144.0,146.0,143.0
1.0,864.0,482.0,435.0,791.0,567.0,182.0,233.0,152.0,145.0,146.0,144.0,155.0,153.0,174.0,294.0,275.0,295.0,182.0,233.0,152.0,145.0,146.0,144.0
1.0,1173.0,492.0,437.0,868.0,199.0,63.0,96.0,40.0,145.0,147.0,145.0,163.0,168.0,161.0,398.0,351.0,424.0,63.0,96.0,40.0,145.0,147.0,145.0
1.0,1549.0,464.0,437.0,567.0,96.0,38.0,17.0,41.0,145.0,147.0,145.0,157.0,154.0,153.0,517.0,492.0,540.0,38.0,17.0,41.0,145.0,147.0,145.0
1.0,1652.0,428.0,438.0,199.0,329.0,126.0,51.0,152.0,146.0,147.0,145.0,147.0,130.0,151.0,542.0,571.0,539.0,126.0,51.0,152.0,146.0,147.0,145.0
1.0,1423.0,434.0,438.0,96.0,667.0,237.0,173.0,257.0,146.0,147.0,145.0,149.0,139.0,146.0,458.0,537.0,428.0,237.0,173.0,257.0,146.0,147.0,145.0
1.0,1085.0,449.0,440.0,329.0,795.0,245.0,280.0,270.0,146.0,148.0,146.0,134.0,154.0,161.0,347.0,415.0,323.0,245.0,280.0,270.0,146.0,148.0,146.0
1.0,965.0,462.0,441.0,667.0,594.0,162.0,257.0,175.0,146.0,148.0,147.0,154.0,150.0,158.0,339.0,312.0,314.0,162.0,257.0,175.0,146.0,148.0,147.0
1.0,1170.0,475.0,441.0,795.0,274.0,78.0,129.0,67.0,146.0,148.0,147.0,161.0,152.0,162.0,422.0,335.0,413.0,78.0,129.0,67.0,146.0,148.0,147.0
1.0,1490.0,455.0,441.0,594.0,135.0,72.0,18.0,45.0,146.0,148.0,147.0,156.0,146.0,153.0,506.0,463.0,521.0,72.0,18.0,45.0,146.0,148.0,147.0
1.0,1629.0,507.0,443.0,274.0,376.0,175.0,53.0,148.0,147.0,149.0,147.0,177.0,160.0,170.0,512.0,574.0,543.0,175.0,53.0,148.0,147.0,149.0,147.0
1.0,1396.0,462.0,444.0,135.0,707.0,255.0,180.0,272.0,147.0,149.0,148.0,152.0,145.0,165.0,413.0,543.0,440.0,255.0,180.0,272.0,147.0,149.0,148.0
1.0,1069.0,466.0,444.0,376.0,797.0,232.0,274.0,291.0,147.0,149.0,148.0,152.0,147.0,167.0,333.0,416.0,320.0,232.0,274.0,291.0,147.0,149.0,148.0
1.0,979.0,508.0,445.0,707.0,602.0,146.0,265.0,191.0,147.0,149.0,149.0,169.0,171.0,168.0,356.0,322.0,301.0,146.0,265.0,191.0,147.0,149.0,149.0
1.0,1178.0,457.0,446.0,797.0,266.0,79.0,136.0,51.0,147.0,150.0,149.0,165.0,141.0,151.0,442.0,331.0,405.0,79.0,136.0,51.0,147.0,150.0,149.0
1.0,1518.0,478.0,445.0,602.0,138.0,92.0,17.0,29.0,147.0,149.0,149.0,159.0,150.0,169.0,509.0,464.0,545.0,92.0,17.0,29.0,147.0,149.0,149.0
1.0,1642.0,440.0,445.0,266.0,312.0,169.0,16.0,127.0,147.0,149.0,149.0,156.0,135.0,149.0,496.0,579.0,567.0,169.0,16.0,127.0,147.0,149.0,149.0
1.0,1468.0,475.0,448.0,138.0,661.0,239.0,155.0,267.0,148.0,150.0,150.0,158.0,152.0,165.0,419.0,580.0,469.0,239.0,155.0,267.0,148.0,150.0,150.0
1.0,1131.0,453.0,446.0,312.0,794.0,218.0,279.0,297.0,147.0,149.0,150.0,152.0,144.0,157.0,353.0,445.0,333.0,218.0,279.0,297.0,147.0,149.0,150.0
1.0,990.0,495.0,449.0,661.0,640.0,153.0,286.0,201.0,148.0,150.0,151.0,170.0,158.0,167.0,370.0,317.0,303.0,153.0,286.0,201.0,148.0,150.0,151.0
1.0,1156.0,444.0,449.0,794.0,290.0,90.0,148.0,52.0,148.0,150.0,151.0,155.0,141.0,148.0,439.0,314.0,403.0,90.0,148.0,52.0,148.0,150.0,151.0
1.0,1506.0,476.0,449.0,640.0,126.0,93.0,15.0,18.0,148.0,150.0,151.0,156.0,153.0,167.0,502.0,452.0,552.0,93.0,15.0,18.0,148.0,150.0,151.0
1.0,1670.0,532.0,451.0,290.0,376.0,189.0,33.0,154.0,149.0,150.0,152.0,182.0,166.0,184.0,499.0,585.0,586.0,189.0,33.0,154.0,149.0,150.0,152.0
1.0,1428.0,482.0,452.0,126.0,736.0,254.0,178.0,304.0,149.0,150.0,153.0,158.0,160.0,164.0,407.0,567.0,454.0,254.0,178.0,304.0,149.0,150.0,153.0
1.0,1072.0,479.0,454.0,376.0,847.0,237.0,299.0,311.0,150.0,151.0,153.0,168.0,150.0,161.0,342.0,422.0,308.0,237.0,299.0,311.0,150.0,151.0,153.0
1.0,969.0,487.0,455.0,736.0,602.0,153.0,274.0,175.0,150.0,151.0,154.0,170.0,153.0,164.0,363.0,305.0,301.0,153.0,274.0,175.0,150.0,151.0,154.0
1.0,1218.0,487.0,456.0,847.0,246.0,89.0,127.0,30.0,151.0,151.0,154.0,169.0,152.0,166.0,447.0,330.0,441.0,89.0,127.0,30.0,151.0,151.0,154.0
1.0,1578.0,462.0,456.0,602.0,106.0,94.0,1.0,11.0,151.0,151.0,154.0,158.0,148.0,156.0,515.0,477.0,586.0,94.0,1.0,11.0,151.0,151.0,154.0
1.0,1718.0,455.0,456.0,246.0,315.0,160.0,22.0,133.0,151.0,151.0,154.0,155.0,148.0,152.0,510.0,603.0,605.0,160.0,22.0,133.0,151.0,151.0,154.0
1.0,1509.0,432.0,457.0,106.0,645.0,208.0,156.0,281.0,151.0,151.0,155.0,142.0,135.0,155.0,444.0,582.0,483.0,208.0,156.0,281.0,151.0,151.0,155.0
1.0,1183.0,427.0,457.0,315.0,757.0,197.0,263.0,297.0,152.0,150.0,155.0,145.0,133.0,149.0,396.0,448.0,339.0,197.0,263.0,297.0,152.0,150.0,155.0
1.0,1071.0,473.0,458.0,645.0,589.0,139.0,280.0,170.0,152.0,151.0,155.0,150.0,169.0,154.0,411.0,337.0,323.0,139.0,280.0,170.0,152.0,151.0,155.0
1.0,1243.0,448.0,459.0,757.0,284.0,86.0,166.0,32.0,152.0,151.0,156.0,144.0,149.0,155.0,469.0,324.0,450.0,86.0,166.0,32.0,152.0,151.0,156.0
1.0,1552.0,505.0,459.0,589.0,200.0,123.0,53.0,24.0,152.0,151.0,156.0,176.0,167.0,162.0,522.0,438.0,592.0,123.0,53.0,24.0,152.0,151.0,156.0
1.0,1636.0,452.0,460.0,284.0,372.0,192.0,36.0,144.0,153.0,151.0,156.0,151.0,149.0,152.0,485.0,551.0,600.0,192.0,36.0,144.0,153.0,151.0,156.0
1.0,1468.0,472.0,460.0,200.0,644.0,225.0,142.0,277.0,153.0,151.0,156.0,156.0,159.0,157.0,420.0,568.0,480.0,225.0,142.0,277.0,153.0,151.0,156.0
1.0,1196.0,464.0,462.0,372.0,744.0,182.0,276.0,286.0,153.0,152.0,157.0,149.0,166.0,149.0,387.0,462.0,347.0,182.0,276.0,286.0,153.0,152.0,157.0
1.0,1104.0,422.0,460.0,644.0,514.0,93.0,277.0,144.0,153.0,151.0,156.0,136.0,147.0,139.0,430.0,332.0,342.0,93.0,277.0,144.0,153.0,151.0,156.0
1.0,1326.0,536.0,463.0,744.0,318.0,90.0,186.0,42.0,154.0,152.0,157.0,175.0,181.0,180.0,519.0,327.0,480.0,90.0,186.0,42.0,154.0,152.0,157.0
1.0,1534.0,445.0,463.0,514.0,249.0,145.0,62.0,42.0,154.0,152.0,157.0,148.0,153.0,144.0,526.0,422.0,586.0,145.0,62.0,42.0,154.0,152.0,157.0
1.0,1603.0,479.0,463.0,318.0,410.0,202.0,42.0,166.0,154.0,152.0,157.0,147.0,166.0,166.0,471.0,546.0,586.0,202.0,42.0,166.0,154.0,152.0,157.0
1.0,1442.0,503.0,463.0,249.0,664.0,222.0,156.0,286.0,154.0,152.0,157.0,165.0,176.0,162.0,414.0,566.0,462.0,222.0,156.0,286.0,154.0,152.0,157.0
1.0,1188.0,505.0,466.0,410.0,771.0,191.0,290.0,290.0,155.0,153.0,158.0,167.0,172.0,166.0,394.0,452.0,342.0,191.0,290.0,290.0,155.0,153.0,158.0
1.0,1093.0,464.0,466.0,664.0,571.0,128.0,289.0,154.0,155.0,153.0,158.0,159.0,155.0,150.0,429.0,322.0,342.0,128.0,289.0,154.0,155.0,153.0,158.0
1.0,1293.0,473.0,466.0,771.0,273.0,89.0,169.0,15.0,155.0,153.0,158.0,152.0,170.0,151.0,492.0,323.0,478.0,89.0,169.0,15.0,155.0,153.0,158.0
1.0,1591.0,448.0,467.0,571.0,154.0,113.0,32.0,9.0,156.0,153.0,158.0,148.0,152.0,148.0,531.0,443.0,617.0,113.0,32.0,9.0,156.0,153.0,158.0
1.0,1714.0,470.0,467.0,273.0,351.0,184.0,22.0,145.0,156.0,153.0,158.0,160.0,159.0,151.0,511.0,580.0,623.0,184.0,22.0,145.0,156.0,153.0,158.0
1.0,1517.0,457.0,466.0,154.0,650.0,224.0,151.0,275.0,156.0,153.0,157.0,153.0,161.0,143.0,440.0,590.0,487.0,224.0,151.0,275.0,156.0,153.0,157.0
1.0,1214.0,490.0,468.0,351.0,797.0,194.0,310.0,293.0,156.0,154.0,158.0,154.0,177.0,159.0,400.0,461.0,353.0,194.0,310.0,293.0,156.0,154.0,158.0
1.0,1075.0,456.0,468.0,650.0,603.0,126.0,315.0,162.0,156.0,154.0,158.0,156.0,156.0,144.0,430.0,306.0,339.0,126.0,315.0,162.0,156.0,154.0,158.0
1.0,1269.0,450.0,469.0,797.0,260.0,84.0,155.0,21.0,157.0,154.0,158.0,148.0,150.0,152.0,498.0,301.0,470.0,84.0,155.0,21.0,157.0,154.0,158.0
1.0,1616.0,485.0,470.0,603.0,146.0,115.0,13.0,18.0,157.0,155.0,158.0,157.0,169.0,159.0,544.0,461.0,611.0,115.0,13.0,18.0,157.0,155.0,158.0
1.0,1734.0,455.0,470.0,260.0,341.0,180.0,20.0,141.0,157.0,155.0,158.0,149.0,162.0,144.0,513.0,607.0,614.0,180.0,20.0,141.0,157.0,155.0,158.0
1.0,1539.0,501.0,469.0,146.0,692.0,233.0,177.0,282.0,157.0,155.0,157.0,168.0,170.0,163.0,448.0,600.0,491.0,233.0,177.0,282.0,157.0,155.0,157.0
1.0,1184.0,499.0,469.0,341.0,850.0,231.0,320.0,299.0,157.0,155.0,157.0,178.0,163.0,158.0,395.0,443.0,346.0,231.0,320.0,299.0,157.0,155.0,157.0
1.0,1026.0,433.0,469.0,692.0,591.0,137.0,291.0,163.0,157.0,155.0,157.0,139.0,148.0,146.0,397.0,300.0,329.0,137.0,291.0,163.0,157.0,155.0,157.0
1.0,1285.0,519.0,471.0,850.0,268.0,81.0,157.0,30.0,157.0,156.0,158.0,175.0,182.0,162.0,491.0,329.0,465.0,81.0,157.0,30.0,157.0,156.0,158.0
1.0,1616.0,450.0,470.0,591.0,123.0,84.0,32.0,7.0,157.0,156.0,157.0,140.0,166.0,144.0,547.0,467.0,602.0,84.0,32.0,7.0,157.0,156.0,157.0
1.0,1757.0,513.0,472.0,268.0,376.0,176.0,62.0,138.0,158.0,157.0,157.0,169.0,183.0,161.0,544.0,592.0,621.0,176.0,62.0,138.0,158.0,157.0,157.0
1.0,1512.0,509.0,474.0,123.0,770.0,261.0,207.0,302.0,158.0,158.0,158.0,169.0,173.0,167.0,456.0,566.0,490.0,261.0,207.0,302.0,158.0,158.0,158.0
1.0,1126.0,509.0,474.0,376.0,903.0,256.0,313.0,334.0,158.0,158.0,158.0,171.0,168.0,170.0,371.0,425.0,330.0,256.0,313.0,334.0,158.0,158.0,158.0
1.0,993.0,532.0,475.0,770.0,669.0,175.0,288.0,206.0,159.0,158.0,158.0,176.0,182.0,174.0,376.0,319.0,298.0,175.0,288.0,206.0,159.0,158.0,158.0
1.0,1231.0,553.0,476.0,903.0,323.0,109.0,160.0,54.0,159.0,159.0,158.0,190.0,181.0,182.0,461.0,344.0,426.0,109.0,160.0,54.0,159.0,159.0,158.0
1.0,1581.0,518.0,477.0,669.0,176.0,110.0,43.0,23.0,159.0,159.0,159.0,176.0,171.0,171.0,527.0,476.0,578.0,110.0,43.0,23.0,159.0,159.0,159.0
1.0,1732.0,527.0,479.0,323.0,388.0,176.0,69.0,143.0,160.0,160.0,159.0,171.0,182.0,174.0,526.0,593.0,613.0,176.0,69.0,143.0,160.0,160.0,159.0
1.0,1528.0,486.0,478.0,176.0,694.0,234.0,188.0,272.0,160.0,160.0,158.0,168.0,162.0,156.0,464.0,571.0,493.0,234.0,188.0,272.0,160.0,160.0,158.0
1.0,1218.0,498.0,479.0,388.0,808.0,225.0,284.0,299.0,160.0,160.0,159.0,167.0,165.0,166.0,406.0,452.0,360.0,225.0,284.0,299.0,160.0,160.0,159.0
1.0,1108.0,492.0,479.0,694.0,606.0,158.0,272.0,176.0,160.0,161.0,158.0,167.0,172.0,153.0,415.0,356.0,337.0,158.0,272.0,176.0,160.0,161.0,158.0
1.0,1310.0,529.0,481.0,808.0,335.0,109.0,164.0,62.0,160.0,162.0,159.0,176.0,172.0,181.0,482.0,372.0,456.0,109.0,164.0,62.0,160.0,162.0,159.0
1.0,1589.0,509.0,482.0,606.0,242.0,125.0,68.0,49.0,161.0,162.0,159.0,170.0,176.0,163.0,531.0,484.0,574.0,125.0,68.0,49.0,161.0,162.0,159.0
1.0,1686.0,522.0,483.0,335.0,433.0,197.0,81.0,155.0,161.0,163.0,159.0,181.0,173.0,168.0,519.0,580.0,587.0,197.0,81.0,155.0,161.0,163.0,159.0
1.0,1499.0,532.0,484.0,242.0,727.0,244.0,189.0,294.0,161.0,163.0,160.0,172.0,176.0,184.0,447.0,571.0,481.0,244.0,189.0,294.0,161.0,163.0,160.0
1.0,1209.0,508.0,485.0,433.0,806.0,228.0,273.0,305.0,162.0,163.0,160.0,177.0,165.0,166.0,400.0,463.0,346.0,228.0,273.0,305.0,162.0,163.0,160.0
1.0,1134.0,529.0,486.0,727.0,612.0,159.0,263.0,190.0,162.0,164.0,160.0,175.0,175.0,179.0,420.0,379.0,335.0,159.0,263.0,190.0,162.0,164.0,160.0
1.0,1332.0,501.0,486.0,806.0,307.0,103.0,156.0,48.0,162.0,164.0,160.0,172.0,166.0,163.0,489.0,393.0,450.0,103.0,156.0,48.0,162.0,164.0,160.0
1.0,1637.0,494.0,486.0,612.0,189.0,110.0,55.0,24.0,162.0,164.0,160.0,166.0,162.0,166.0,545.0,500.0,592.0,110.0,55.0,24.0,162.0,164.0,160.0
1.0,1755.0,569.0,487.0,307.0,455.0,199.0,96.0,160.0,162.0,165.0,160.0,192.0,193.0,184.0,538.0,601.0,616.0,199.0,96.0,160.0,162.0,165.0,160.0
1.0,1493.0,540.0,489.0,189.0,814.0,273.0,220.0,321.0,163.0,165.0,161.0,180.0,179.0,181.0,449.0,564.0,480.0,273.0,220.0,321.0,163.0,165.0,161.0
1.0,1142.0,505.0,489.0,455.0,864.0,249.0,281.0,334.0,163.0,165.0,161.0,175.0,157.0,173.0,379.0,440.0,323.0,249.0,281.0,334.0,163.0,165.0,161.0
1.0,1092.0,491.0,489.0,814.0,541.0,145.0,219.0,177.0,163.0,165.0,161.0,169.0,158.0,164.0,403.0,379.0,310.0,145.0,219.0,177.0,163.0,165.0,161.0
1.0,1415.0,502.0,490.0,864.0,183.0,67.0,105.0,11.0,163.0,166.0,161.0,171.0,163.0,168.0,507.0,441.0,467.0,67.0,105.0,11.0,163.0,166.0,161.0
1.0,1777.0,525.0,492.0,541.0,175.0,109.0,50.0,16.0,164.0,166.0,162.0,183.0,164.0,178.0,585.0,559.0,633.0,109.0,50.0,16.0,164.0,166.0,162.0
1.0,1793.0,471.0,492.0,183.0,463.0,206.0,89.0,168.0,164.0,166.0,162.0,164.0,144.0,163.0,547.0,614.0,632.0,206.0,89.0,168.0,164.0,166.0,162.0
1.0,1505.0,523.0,493.0,175.0,815.0,278.0,204.0,333.0,165.0,166.0,162.0,177.0,165.0,181.0,450.0,575.0,480.0,278.0,204.0,333.0,165.0,166.0,162.0
1.0,1157.0,535.0,496.0,463.0,899.0,252.0,295.0,352.0,166.0,167.0,163.0,176.0,176.0,183.0,382.0,460.0,315.0,252.0,295.0,352.0,166.0,167.0,163.0
1.0,1085.0,521.0,495.0,815.0,601.0,143.0,266.0,192.0,165.0,167.0,163.0,173.0,175.0,173.0,412.0,373.0,300.0,143.0,266.0,192.0,165.0,167.0,163.0
1.0,1379.0,516.0,497.0,899.0,226.0,67.0,141.0,18.0,166.0,167.0,164.0,172.0,170.0,174.0,517.0,402.0,460.0,67.0,141.0,18.0,166.0,167.0,164.0
1.0,1762.0,440.0,496.0,601.0,91.0,71.0,20.0,0.0,166.0,167.0,163.0,147.0,145.0,148.0,597.0,527.0,638.0,71.0,20.0,0.0,166.0,167.0,163.0
1.0,1923.0,522.0,497.0,226.0,361.0,178.0,46.0,137.0,166.0,167.0,164.0,174.0,167.0,181.0,593.0,648.0,682.0,178.0,46.0,137.0,166.0,167.0,164.0
1.0,1627.0,474.0,498.0,91.0,748.0,278.0,177.0,293.0,167.0,167.0,164.0,167.0,151.0,156.0,486.0,622.0,519.0,278.0,177.0,293.0,167.0,167.0,164.0
1.0,1244.0,520.0,498.0,361.0,907.0,277.0,298.0,332.0,167.0,167.0,164.0,177.0,167.0,176.0,390.0,491.0,363.0,277.0,298.0,332.0,167.0,167.0,164.0
1.0,1085.0,485.0,499.0,748.0,648.0,162.0,272.0,214.0,167.0,167.0,165.0,163.0,151.0,171.0,391.0,370.0,324.0,162.0,272.0,214.0,167.0,167.0,165.0
1.0,1348.0,529.0,500.0,907.0,274.0,65.0,139.0,70.0,168.0,167.0,165.0,176.0,165.0,188.0,506.0,396.0,446.0,65.0,139.0,70.0,168.0,167.0,165.0
1.0,1726.0,519.0,501.0,648.0,149.0,71.0,34.0,44.0,168.0,167.0,166.0,168.0,167.0,184.0,607.0,529.0,590.0,71.0,34.0,44.0,168.0,167.0,166.0
1.0,1855.0,496.0,500.0,274.0,367.0,148.0,59.0,160.0,167.0,167.0,166.0,146.0,164.0,186.0,601.0,634.0,620.0,148.0,59.0,160.0,167.0,167.0,166.0
1.0,1633.0,486.0,500.0,149.0,704.0,229.0,188.0,287.0,167.0,167.0,166.0,152.0,163.0,171.0,520.0,609.0,504.0,229.0,188.0,287.0,167.0,167.0,166.0
1.0,1296.0,516.0,502.0,367.0,861.0,258.0,297.0,306.0,168.0,167.0,167.0,173.0,168.0,175.0,439.0,480.0,377.0,258.0,297.0,306.0,168.0,167.0,167.0
1.0,1147.0,488.0,502.0,704.0,645.0,194.0,266.0,185.0,168.0,167.0,167.0,165.0,157.0,166.0,414.0,371.0,362.0,194.0,266.0,185.0,168.0,167.0,167.0
1.0,1363.0,485.0,502.0,861.0,269.0,88.0,137.0,44.0,168.0,167.0,167.0,152.0,168.0,165.0,478.0,402.0,483.0,88.0,137.0,44.0,168.0,167.0,167.0
1.0,1739.0,512.0,503.0,645.0,140.0,62.0,38.0,40.0,168.0,167.0,168.0,168.0,167.0,177.0,584.0,531.0,624.0,62.0,38.0,40.0,168.0,167.0,168.0
1.0,1872.0,532.0,504.0,269.0,407.0,147.0,77.0,183.0,168.0,167.0,169.0,173.0,176.0,183.0,610.0,630.0,632.0,147.0,77.0,183.0,168.0,167.0,169.0
1.0,1609.0,517.0,505.0,140.0,788.0,262.0,209.0,317.0,169.0,167.0,169.0,173.0,170.0,174.0,525.0,591.0,493.0,262.0,209.0,317.0,169.0,167.0,169.0
1.0,1232.0,509.0,507.0,407.0,898.0,271.0,310.0,317.0,169.0,168.0,170.0,156.0,174.0,179.0,414.0,459.0,359.0,271.0,310.0,317.0,169.0,168.0,170.0
1.0,1130.0,467.0,507.0,788.0,577.0,156.0,258.0,163.0,169.0,168.0,170.0,147.0,157.0,163.0,405.0,362.0,363.0,156.0,258.0,163.0,169.0,168.0,170.0
1.0,1451.0,490.0,507.0,898.0,169.0,36.0,115.0,18.0,169.0,168.0,170.0,151.0,167.0,172.0,520.0,414.0,517.0,36.0,115.0,18.0,169.0,168.0,170.0
1.0,1859.0,469.0,505.0,577.0,53.0,27.0,9.0,17.0,168.0,167.0,170.0,151.0,156.0,162.0,640.0,557.0,662.0,27.0,9.0,17.0,168.0,167.0,170.0
1.0,1967.0,537.0,507.0,169.0,429.0,167.0,73.0,189.0,168.0,168.0,171.0,176.0,175.0,186.0,645.0,659.0,663.0,167.0,73.0,189.0,168.0,168.0,171.0
1.0,1599.0,531.0,508.0,53.0,911.0,319.0,240.0,352.0,169.0,168.0,171.0,175.0,176.0,180.0,505.0,599.0,495.0,319.0,240.0,352.0,169.0,168.0,171.0
1.0,1121.0,501.0,509.0,429.0,987.0,320.0,332.0,335.0,169.0,168.0,172.0,168.0,165.0,168.0,357.0,432.0,332.0,320.0,332.0,335.0,169.0,168.0,172.0
1.0,1049.0,512.0,509.0,911.0,588.0,163.0,266.0,159.0,169.0,168.0,172.0,162.0,174.0,176.0,356.0,340.0,353.0,163.0,266.0,159.0,169.0,168.0,172.0
1.0,1448.0,507.0,509.0,987.0,117.0,12.0,105.0,0.0,169.0,168.0,172.0,169.0,171.0,167.0,513.0,406.0,529.0,12.0,105.0,0.0,169.0,168.0,172.0
1.0,1928.0,532.0,509.0,588.0,52.0,23.0,21.0,8.0,169.0,168.0,172.0,174.0,182.0,176.0,664.0,567.0,697.0,23.0,21.0,8.0,169.0,168.0,172.0
1.0,1984.0,576.0,511.0,117.0,519.0,210.0,111.0,198.0,170.0,168.0,173.0,195.0,195.0,186.0,653.0,651.0,680.0,210.0,111.0,198.0,170.0,168.0,173.0
1.0,1525.0,542.0,512.0,52.0,1013.0,365.0,279.0,369.0,170.0,169.0,173.0,178.0,185.0,179.0,470.0,561.0,494.0,365.0,279.0,369.0,170.0,169.0,173.0
1.0,1035.0,523.0,512.0,519.0,1017.0,326.0,351.0,340.0,170.0,169.0,173.0,171.0,183.0,169.0,315.0,397.0,323.0,326.0,351.0,340.0,170.0,169.0,173.0
1.0,1031.0,523.0,512.0,1013.0,527.0,140.0,244.0,143.0,170.0,169.0,173.0,179.0,172.0,172.0,354.0,325.0,352.0,140.0,244.0,143.0,170.0,169.0,173.0
1.0,1521.0,525.0,512.0,1017.0,74.0,0.0,74.0,0.0,170.0,169.0,173.0,176.0,181.0,168.0,540.0,432.0,549.0,0.0,74.0,0.0,170.0,169.0,173.0
1.0,2013.0,554.0,512.0,527.0,62.0,31.0,25.0,6.0,170.0,169.0,173.0,181.0,195.0,178.0,690.0,602.0,721.0,31.0,25.0,6.0,170.0,169.0,173.0
1.0,1986.0,527.0,513.0,74.0,519.0,198.0,143.0,178.0,170.0,170.0,173.0,167.0,188.0,172.0,649.0,651.0,686.0,198.0,143.0,178.0,170.0,170.0,173.0
1.0,1533.0,542.0,513.0,62.0,999.0,348.0,310.0,341.0,170.0,170.0,173.0,181.0,192.0,169.0,482.0,537.0,514.0,348.0,310.0,341.0,170.0,170.0,173.0
1.0,1053.0,509.0,513.0,519.0,989.0,324.0,350.0,315.0,170.0,170.0,173.0,174.0,183.0,152.0,332.0,370.0,351.0,324.0,350.0,315.0,170.0,170.0,173.0
1.0,1063.0,528.0,513.0,999.0,518.0,157.0,221.0,140.0,170.0,170.0,173.0,181.0,181.0,166.0,356.0,330.0,377.0,157.0,221.0,140.0,170.0,170.0,173.0
1.0,1534.0,574.0,515.0,989.0,113.0,36.0,77.0,0.0,171.0,171.0,173.0,199.0,202.0,173.0,523.0,459.0,552.0,36.0,77.0,0.0,171.0,171.0,173.0
1.0,1949.0,482.0,514.0,518.0,71.0,42.0,23.0,6.0,171.0,171.0,172.0,163.0,167.0,152.0,648.0,607.0,694.0,42.0,23.0,6.0,171.0,171.0,172.0
1.0,1985.0,511.0,513.0,113.0,465.0,172.0,116.0,177.0,170.0,171.0,172.0,170.0,170.0,171.0,642.0,661.0,682.0,172.0,116.0,177.0,170.0,171.0,172.0
1.0,1587.0,561.0,514.0,71.0,959.0,324.0,284.0,351.0,171.0,171.0,172.0,190.0,191.0,180.0,508.0,568.0,511.0,324.0,284.0,351.0,171.0,171.0,172.0
1.0,1097.0,543.0,516.0,465.0,1045.0,338.0,360.0,347.0,171.0,172.0,173.0,186.0,188.0,169.0,360.0,400.0,337.0,338.0,360.0,347.0,171.0,172.0,173.0
1.0,1019.0,550.0,516.0,959.0,636.0,199.0,268.0,169.0,171.0,172.0,173.0,185.0,192.0,173.0,346.0,328.0,345.0,199.0,268.0,169.0,171.0,172.0,173.0
1.0,1428.0,533.0,515.0,1045.0,141.0,47.0,94.0,0.0,171.0,172.0,172.0,186.0,186.0,161.0,485.0,420.0,523.0,47.0,94.0,0.0,171.0,172.0,172.0
1.0,1940.0,527.0,515.0,636.0,30.0,23.0,7.0,0.0,171.0,172.0,172.0,175.0,181.0,171.0,637.0,594.0,709.0,23.0,7.0,0.0,171.0,172.0,172.0
1.0,2049.0,487.0,515.0,141.0,357.0,135.0,72.0,150.0,171.0,172.0,172.0,159.0,159.0,169.0,661.0,681.0,707.0,135.0,72.0,150.0,171.0,172.0,172.0
1.0,1703.0,530.0,515.0,30.0,857.0,301.0,239.0,317.0,171.0,172.0,172.0,189.0,174.0,167.0,549.0,616.0,538.0,301.0,239.0,317.0,171.0,172.0,172.0
1.0,1203.0,546.0,517.0,357.0,1054.0,358.0,349.0,347.0,172.0,173.0,172.0,188.0,178.0,180.0,383.0,449.0,371.0,358.0,349.0,347.0,172.0,173.0,172.0
1.0,1014.0,536.0,517.0,857.0,733.0,237.0,289.0,207.0,172.0,173.0,172.0,180.0,179.0,177.0,330.0,343.0,341.0,237.0,289.0,207.0,172.0,173.0,172.0
1.0,1335.0,556.0,519.0,1054.0,243.0,62.0,134.0,47.0,172.0,174.0,173.0,183.0,190.0,183.0,451.0,403.0,481.0,62.0,134.0,47.0,172.0,174.0,173.0
1.0,1833.0,532.0,518.0,733.0,38.0,1.0,30.0,7.0,172.0,174.0,172.0,176.0,185.0,171.0,626.0,562.0,645.0,1.0,30.0,7.0,172.0,174.0,172.0
1.0,2034.0,501.0,518.0,243.0,296.0,110.0,63.0,123.0,172.0,174.0,172.0,171.0,167.0,163.0,687.0,666.0,681.0,110.0,63.0,123.0,172.0,174.0,172.0
1.0,1776.0,521.0,518.0,38.0,779.0,291.0,200.0,288.0,172.0,174.0,172.0,182.0,167.0,172.0,578.0,633.0,565.0,291.0,200.0,288.0,172.0,174.0,172.0
1.0,1293.0,581.0,518.0,296.0,1064.0,379.0,331.0,354.0,172.0,174.0,172.0,198.0,194.0,189.0,397.0,496.0,400.0,379.0,331.0,354.0,172.0,174.0,172.0
1.0,1008.0,569.0,521.0,779.0,866.0,294.0,329.0,243.0,173.0,175.0,173.0,202.0,194.0,173.0,309.0,365.0,334.0,294.0,329.0,243.0,173.0,175.0,173.0
1.0,1218.0,538.0,523.0,1064.0,348.0,106.0,179.0,63.0,174.0,176.0,173.0,187.0,177.0,174.0,398.0,371.0,449.0,106.0,179.0,63.0,174.0,176.0,173.0
1.0,1744.0,541.0,523.0,866.0,30.0,0.0,29.0,1.0,174.0,176.0,173.0,181.0,179.0,181.0,590.0,525.0,629.0,0.0,29.0,1.0,174.0,176.0,173.0
1.0,2069.0,577.0,524.0,348.0,256.0,82.0,45.0,129.0,174.0,177.0,173.0,195.0,191.0,191.0,703.0,675.0,691.0,82.0,45.0,129.0,174.0,177.0,173.0
1.0,1840.0,480.0,524.0,30.0,706.0,242.0,171.0,293.0,174.0,177.0,173.0,160.0,155.0,165.0,614.0,663.0,563.0,242.0,171.0,293.0,174.0,177.0,173.0
1.0,1390.0,533.0,524.0,256.0,983.0,340.0,299.0,344.0,174.0,177.0,173.0,180.0,173.0,180.0,454.0,537.0,399.0,340.0,299.0,344.0,174.0,177.0,173.0
1.0,1113.0,537.0,524.0,706.0,814.0,272.0,309.0,233.0,174.0,177.0,173.0,174.0,181.0,182.0,356.0,409.0,348.0,272.0,309.0,233.0,174.0,177.0,173.0
1.0,1282.0,543.0,525.0,983.0,378.0,111.0,186.0,81.0,175.0,177.0,173.0,175.0,176.0,192.0,424.0,399.0,459.0,111.0,186.0,81.0,175.0,177.0,173.0
1.0,1722.0,537.0,528.0,814.0,113.0,19.0,59.0,35.0,176.0,178.0,174.0,176.0,178.0,183.0,589.0,522.0,611.0,19.0,59.0,35.0,176.0,178.0,174.0
1.0,1999.0,532.0,527.0,378.0,263.0,71.0,46.0,146.0,175.0,178.0,174.0,167.0,173.0,192.0,685.0,653.0,661.0,71.0,46.0,146.0,175.0,178.0,174.0
1.0,1845.0,506.0,527.0,113.0,656.0,214.0,164.0,278.0,175.0,178.0,174.0,162.0,177.0,167.0,629.0,666.0,550.0,214.0,164.0,278.0,175.0,178.0,174.0
1.0,1452.0,537.0,528.0,263.0,934.0,329.0,289.0,316.0,176.0,178.0,174.0,182.0,171.0,184.0,486.0,548.0,418.0,329.0,289.0,316.0,176.0,178.0,174.0
1.0,1178.0,534.0,528.0,656.0,812.0,290.0,293.0,229.0,176.0,178.0,174.0,175.0,168.0,191.0,375.0,423.0,380.0,290.0,293.0,229.0,176.0,178.0,174.0
1.0,1300.0,543.0,528.0,934.0,421.0,140.0,188.0,93.0,176.0,178.0,174.0,179.0,184.0,180.0,414.0,419.0,467.0,140.0,188.0,93.0,176.0,178.0,174.0
1.0,1691.0,559.0,530.0,812.0,176.0,48.0,75.0,53.0,177.0,178.0,175.0,194.0,180.0,185.0,564.0,524.0,603.0,48.0,75.0,53.0,177.0,178.0,175.0
1.0,1944.0,545.0,530.0,421.0,300.0,81.0,58.0,161.0,177.0,178.0,175.0,173.0,171.0,201.0,660.0,637.0,647.0,81.0,58.0,161.0,177.0,178.0,175.0
1.0,1820.0,510.0,531.0,176.0,638.0,201.0,155.0,282.0,177.0,179.0,175.0,168.0,168.0,174.0,627.0,654.0,539.0,201.0,155.0,282.0,177.0,179.0,175.0
1.0,1486.0,516.0,532.0,300.0,858.0,294.0,265.0,299.0,178.0,179.0,175.0,170.0,168.0,178.0,507.0,561.0,418.0,294.0,265.0,299.0,178.0,179.0,175.0
1.0,1270.0,534.0,533.0,638.0,758.0,265.0,292.0,201.0,178.0,179.0,176.0,172.0,182.0,180.0,418.0,451.0,401.0,265.0,292.0,201.0,178.0,179.0,176.0
1.0,1374.0,555.0,533.0,858.0,455.0,149.0,207.0,99.0,178.0,179.0,176.0,178.0,180.0,197.0,447.0,424.0,503.0,149.0,207.0,99.0,178.0,179.0,176.0
1.0,1677.0,509.0,533.0,758.0,206.0,56.0,76.0,74.0,178.0,179.0,176.0,172.0,161.0,176.0,563.0,509.0,605.0,56.0,76.0,74.0,178.0,179.0,176.0
1.0,1926.0,565.0,533.0,455.0,316.0,90.0,53.0,173.0,178.0,179.0,176.0,183.0,184.0,198.0,656.0,640.0,630.0,90.0,53.0,173.0,178.0,179.0,176.0
1.0,1816.0,530.0,535.0,206.0,648.0,210.0,151.0,287.0,179.0,179.0,177.0,172.0,174.0,184.0,622.0,663.0,531.0,210.0,151.0,287.0,179.0,179.0,177.0
1.0,1492.0,578.0,536.0,316.0,914.0,305.0,297.0,312.0,179.0,180.0,177.0,185.0,195.0,198.0,506.0,565.0,421.0,305.0,297.0,312.0,179.0,180.0,177.0
1.0,1230.0,536.0,536.0,648.0,802.0,274.0,323.0,205.0,179.0,180.0,177.0,179.0,177.0,180.0,411.0,423.0,396.0,274.0,323.0,205.0,179.0,180.0,177.0
1.0,1342.0,563.0,535.0,914.0,447.0,149.0,208.0,90.0,179.0,179.0,177.0,180.0,186.0,197.0,442.0,397.0,503.0,149.0,208.0,90.0,179.0,179.0,177.0
1.0,1693.0,558.0,536.0,802.0,207.0,60.0,68.0,79.0,179.0,179.0,178.0,185.0,183.0,190.0,567.0,508.0,618.0,60.0,68.0,79.0,179.0,179.0,178.0
1.0,1937.0,548.0,536.0,447.0,308.0,94.0,27.0,187.0,179.0,179.0,178.0,183.0,167.0,198.0,656.0,648.0,633.0,94.0,27.0,187.0,179.0,179.0,178.0
1.0,1836.0,571.0,538.0,207.0,680.0,218.0,160.0,302.0,179.0,180.0,179.0,184.0,197.0,190.0,622.0,689.0,525.0,218.0,160.0,302.0,179.0,180.0,179.0
1.0,1472.0,547.0,538.0,308.0,919.0,294.0,317.0,308.0,179.0,180.0,179.0,170.0,184.0,193.0,498.0,560.0,414.0,294.0,317.0,308.0,179.0,180.0,179.0
1.0,1233.0,591.0,539.0,680.0,834.0,270.0,344.0,220.0,179.0,180.0,180.0,194.0,187.0,210.0,422.0,403.0,408.0,270.0,344.0,220.0,179.0,180.0,180.0
1.0,1322.0,601.0,540.0,919.0,520.0,187.0,224.0,109.0,180.0,180.0,180.0,207.0,197.0,197.0,446.0,376.0,500.0,187.0,224.0,109.0,180.0,180.0,180.0
1.0,1640.0,595.0,541.0,834.0,285.0,112.0,76.0,97.0,180.0,180.0,181.0,195.0,196.0,204.0,533.0,496.0,611.0,112.0,76.0,97.0,180.0,180.0,181.0
1.0,1879.0,600.0,543.0,520.0,373.0,132.0,49.0,192.0,181.0,180.0,182.0,203.0,197.0,200.0,608.0,644.0,627.0,132.0,49.0,192.0,181.0,180.0,182.0
1.0,1799.0,581.0,543.0,285.0,669.0,208.0,172.0,289.0,181.0,180.0,182.0,188.0,199.0,194.0,592.0,671.0,536.0,208.0,172.0,289.0,181.0,180.0,182.0
1.0,1503.0,545.0,544.0,373.0,845.0,254.0,302.0,289.0,181.0,180.0,183.0,178.0,179.0,188.0,516.0,548.0,439.0,254.0,302.0,289.0,181.0,180.0,183.0
1.0,1331.0,573.0,545.0,669.0,753.0,223.0,324.0,206.0,181.0,180.0,184.0,177.0,194.0,202.0,470.0,418.0,443.0,223.0,324.0,206.0,181.0,180.0,184.0
1.0,1427.0,583.0,546.0,845.0,495.0,165.0,219.0,111.0,181.0,181.0,184.0,196.0,193.0,194.0,501.0,396.0,530.0,165.0,219.0,111.0,181.0,181.0,184.0
1.0,1689.0,636.0,547.0,753.0,382.0,160.0,112.0,110.0,182.0,181.0,184.0,214.0,217.0,205.0,559.0,505.0,625.0,160.0,112.0,110.0,182.0,181.0,184.0
1.0,1806.0,556.0,548.0,495.0,447.0,182.0,78.0,187.0,182.0,181.0,185.0,187.0,185.0,184.0,568.0,612.0,626.0,182.0,78.0,187.0,182.0,181.0,185.0
1.0,1745.0,570.0,548.0,382.0,635.0,218.0,157.0,260.0,182.0,181.0,185.0,196.0,191.0,183.0,546.0,646.0,553.0,218.0,157.0,260.0,182.0,181.0,185.0
1.0,1557.0,547.0,549.0,447.0,739.0,210.0,260.0,269.0,182.0,181.0,186.0,174.0,181.0,192.0,510.0,567.0,480.0,210.0,260.0,269.0,182.0,181.0,186.0
1.0,1457.0,572.0,549.0,635.0,676.0,183.0,291.0,202.0,182.0,181.0,186.0,191.0,188.0,193.0,518.0,464.0,475.0,183.0,291.0,202.0,182.0,181.0,186.0
1.0,1520.0,600.0,552.0,739.0,549.0,167.0,236.0,146.0,183.0,182.0,187.0,190.0,201.0,209.0,545.0,433.0,542.0,167.0,236.0,146.0,183.0,182.0,187.0
1.0,1659.0,559.0,552.0,676.0,432.0,168.0,136.0,128.0,183.0,182.0,187.0,184.0,191.0,184.0,565.0,492.0,602.0,168.0,136.0,128.0,183.0,182.0,187.0
1.0,1776.0,604.0,553.0,549.0,491.0,206.0,107.0,178.0,183.0,183.0,187.0,205.0,203.0,196.0,564.0,592.0,620.0,206.0,107.0,178.0,183.0,183.0,187.0
1.0,1721.0,512.0,553.0,432.0,571.0,209.0,142.0,220.0,183.0,183.0,187.0,171.0,171.0,170.0,526.0,625.0,570.0,209.0,142.0,220.0,183.0,183.0,187.0
1.0,1641.0,557.0,553.0,491.0,637.0,190.0,221.0,226.0,183.0,183.0,187.0,187.0,186.0,184.0,523.0,590.0,528.0,190.0,221.0,226.0,183.0,183.0,187.0
1.0,1575.0,570.0,553.0,571.0,636.0,180.0,272.0,184.0,183.0,183.0,187.0,199.0,193.0,178.0,542.0,511.0,522.0,180.0,272.0,184.0,183.0,183.0,187.0
1.0,1576.0,555.0,555.0,637.0,562.0,188.0,238.0,136.0,184.0,183.0,188.0,194.0,187.0,174.0,552.0,460.0,564.0,188.0,238.0,136.0,184.0,183.0,188.0
1.0,1658.0,584.0,556.0,636.0,514.0,215.0,163.0,136.0,184.0,184.0,188.0,207.0,193.0,184.0,548.0,494.0,616.0,215.0,163.0,136.0,184.0,184.0,188.0
1.0,1710.0,554.0,556.0,562.0,506.0,214.0,118.0,174.0,184.0,184.0,188.0,187.0,193.0,174.0,521.0,573.0,616.0,214.0,118.0,174.0,184.0,184.0,188.0
1.0,1718.0,567.0,556.0,514.0,559.0,188.0,154.0,217.0,184.0,184.0,188.0,189.0,199.0,179.0,522.0,618.0,578.0,188.0,154.0,217.0,184.0,184.0,188.0
1.0,1665.0,581.0,556.0,506.0,634.0,166.0,241.0,227.0,184.0,184.0,188.0,192.0,205.0,184.0,548.0,582.0,535.0,166.0,241.0,227.0,184.0,184.0,188.0
1.0,1590.0,554.0,557.0,559.0,633.0,163.0,284.0,186.0,184.0,185.0,188.0,185.0,193.0,176.0,570.0,495.0,525.0,163.0,284.0,186.0,184.0,185.0,188.0
1.0,1595.0,566.0,557.0,634.0,565.0,187.0,230.0,148.0,184.0,185.0,188.0,190.0,187.0,189.0,573.0,456.0,566.0,187.0,230.0,148.0,184.0,185.0,188.0
1.0,1663.0,525.0,557.0,633.0,457.0,204.0,123.0,130.0,184.0,185.0,188.0,180.0,177.0,168.0,549.0,510.0,604.0,204.0,123.0,130.0,184.0,185.0,188.0
1.0,1771.0,561.0,557.0,565.0,453.0,206.0,80.0,167.0,184.0,185.0,188.0,189.0,187.0,185.0,532.0,617.0,622.0,206.0,80.0,167.0,184.0,185.0,188.0
1.0,1775.0,576.0,559.0,457.0,580.0,198.0,162.0,220.0,185.0,186.0,188.0,192.0,201.0,183.0,530.0,660.0,585.0,198.0,162.0,220.0,185.0,186.0,188.0
1.0,1656.0,573.0,559.0,453.0,700.0,189.0,272.0,239.0,185.0,186.0,188.0,197.0,190.0,186.0,542.0,582.0,532.0,189.0,272.0,239.0,185.0,186.0,188.0
1.0,1536.0,590.0,560.0,580.0,714.0,194.0,308.0,212.0,186.0,186.0,188.0,199.0,198.0,193.0,551.0,472.0,513.0,194.0,308.0,212.0,186.0,186.0,188.0
1.0,1526.0,598.0,561.0,700.0,616.0,213.0,244.0,159.0,186.0,187.0,188.0,208.0,204.0,186.0,550.0,436.0,540.0,213.0,244.0,159.0,186.0,187.0,188.0
1.0,1628.0,528.0,562.0,714.0,434.0,200.0,115.0,119.0,187.0,187.0,188.0,177.0,179.0,172.0,531.0,504.0,593.0,200.0,115.0,119.0,187.0,187.0,188.0
1.0,1814.0,572.0,562.0,616.0,390.0,181.0,62.0,147.0,187.0,187.0,188.0,194.0,191.0,187.0,548.0,633.0,633.0,181.0,62.0,147.0,187.0,187.0,188.0
1.0,1858.0,535.0,563.0,434.0,495.0,154.0,136.0,205.0,187.0,188.0,188.0,173.0,185.0,177.0,567.0,686.0,605.0,154.0,136.0,205.0,187.0,188.0,188.0
1.0,1757.0,527.0,563.0,390.0,632.0,150.0,249.0,233.0,187.0,188.0,188.0,177.0,175.0,175.0,594.0,616.0,547.0,150.0,249.0,233.0,187.0,188.0,188.0
1.0,1620.0,582.0,563.0,495.0,719.0,193.0,305.0,221.0,187.0,188.0,188.0,197.0,192.0,193.0,598.0,503.0,519.0,193.0,305.0,221.0,187.0,188.0,188.0
1.0,1533.0,546.0,562.0,632.0,629.0,228.0,237.0,164.0,187.0,188.0,187.0,185.0,181.0,180.0,555.0,447.0,531.0,228.0,237.0,164.0,187.0,188.0,187.0
1.0,1619.0,572.0,563.0,719.0,486.0,222.0,125.0,139.0,187.0,188.0,188.0,187.0,193.0,192.0,520.0,515.0,584.0,222.0,125.0,139.0,187.0,188.0,188.0
1.0,1766.0,544.0,565.0,629.0,409.0,187.0,77.0,145.0,188.0,189.0,188.0,189.0,185.0,170.0,526.0,627.0,613.0,187.0,77.0,145.0,188.0,189.0,188.0
1.0,1851.0,537.0,565.0,486.0,460.0,150.0,127.0,183.0,188.0,189.0,188.0,185.0,175.0,177.0,565.0,679.0,607.0,150.0,127.0,183.0,188.0,189.0,188.0
1.0,1800.0,574.0,564.0,409.0,621.0,151.0,249.0,221.0,188.0,189.0,187.0,188.0,199.0,187.0,602.0,629.0,569.0,151.0,249.0,221.0,188.0,189.0,187.0
1.0,1635.0,561.0,565.0,460.0,726.0,200.0,308.0,218.0,189.0,189.0,187.0,195.0,186.0,180.0,601.0,507.0,527.0,200.0,308.0,218.0,189.0,189.0,187.0
1.0,1534.0,572.0,566.0,621.0,681.0,238.0,259.0,184.0,189.0,190.0,187.0,189.0,196.0,187.0,556.0,448.0,530.0,238.0,259.0,184.0,189.0,190.0,187.0
1.0,1583.0,572.0,566.0,726.0,527.0,231.0,138.0,158.0,189.0,190.0,187.0,193.0,187.0,192.0,518.0,501.0,564.0,231.0,138.0,158.0,189.0,190.0,187.0
1.0,1737.0,554.0,566.0,681.0,400.0,174.0,67.0,159.0,189.0,190.0,187.0,181.0,188.0,185.0,525.0,622.0,590.0,174.0,67.0,159.0,189.0,190.0,187.0
1.0,1864.0,564.0,566.0,527.0,437.0,129.0,120.0,188.0,189.0,190.0,187.0,186.0,191.0,187.0,582.0,693.0,589.0,129.0,120.0,188.0,189.0,190.0,187.0
1.0,1827.0,565.0,567.0,400.0,606.0,150.0,234.0,222.0,190.0,190.0,187.0,191.0,181.0,193.0,627.0,640.0,560.0,150.0,234.0,222.0,190.0,190.0,187.0
1.0,1662.0,593.0,567.0,437.0,762.0,223.0,305.0,234.0,190.0,190.0,187.0,202.0,191.0,200.0,610.0,526.0,526.0,223.0,305.0,234.0,190.0,190.0,187.0
1.0,1506.0,587.0,568.0,606.0,747.0,271.0,269.0,207.0,190.0,191.0,187.0,198.0,194.0,195.0,537.0,455.0,514.0,271.0,269.0,207.0,190.0,191.0,187.0
1.0,1525.0,643.0,570.0,762.0,636.0,261.0,179.0,196.0,191.0,191.0,188.0,209.0,215.0,219.0,489.0,495.0,541.0,261.0,179.0,196.0,191.0,191.0,188.0
1.0,1644.0,587.0,570.0,747.0,476.0,181.0,104.0,191.0,191.0,191.0,188.0,191.0,194.0,202.0,503.0,585.0,556.0,181.0,104.0,191.0,191.0,191.0,188.0
1.0,1804.0,611.0,570.0,636.0,451.0,122.0,124.0,205.0,191.0,191.0,188.0,202.0,199.0,210.0,583.0,660.0,561.0,122.0,124.0,205.0,191.0,191.0,188.0
1.0,1829.0,573.0,570.0,476.0,548.0,134.0,206.0,208.0,191.0,191.0,188.0,193.0,186.0,194.0,642.0,640.0,547.0,134.0,206.0,208.0,191.0,191.0,188.0
1.0,1732.0,589.0,570.0,451.0,686.0,207.0,277.0,202.0,191.0,191.0,188.0,195.0,195.0,199.0,630.0,558.0,544.0,207.0,277.0,202.0,191.0,191.0,188.0
1.0,1594.0,612.0,570.0,548.0,750.0,274.0,269.0,207.0,191.0,191.0,188.0,201.0,198.0,213.0,557.0,487.0,550.0,274.0,269.0,207.0,191.0,191.0,188.0
1.0,1530.0,634.0,571.0,686.0,702.0,275.0,195.0,232.0,191.0,191.0,189.0,208.0,203.0,223.0,490.0,495.0,545.0,275.0,195.0,232.0,191.0,191.0,189.0
1.0,1582.0,536.0,571.0,750.0,488.0,177.0,98.0,213.0,191.0,191.0,189.0,176.0,172.0,188.0,489.0,569.0,524.0,177.0,98.0,213.0,191.0,191.0,189.0
1.0,1796.0,574.0,571.0,702.0,360.0,88.0,93.0,179.0,191.0,191.0,189.0,186.0,190.0,198.0,587.0,666.0,543.0,88.0,93.0,179.0,191.0,191.0,189.0
1.0,1924.0,585.0,571.0,488.0,457.0,109.0,184.0,164.0,191.0,191.0,189.0,198.0,189.0,198.0,676.0,671.0,577.0,109.0,184.0,164.0,191.0,191.0,189.0
1.0,1827.0,574.0,569.0,360.0,663.0,213.0,274.0,176.0,191.0,190.0,188.0,192.0,187.0,195.0,655.0,580.0,592.0,213.0,274.0,176.0,191.0,190.0,188.0
1.0,1613.0,568.0,570.0,457.0,778.0,296.0,277.0,205.0,191.0,190.0,189.0,192.0,187.0,189.0,551.0,486.0,576.0,296.0,277.0,205.0,191.0,190.0,189.0
1.0,1502.0,602.0,571.0,663.0,721.0,289.0,202.0,230.0,191.0,191.0,189.0,206.0,195.0,201.0,468.0,483.0,551.0,289.0,202.0,230.0,191.0,191.0,189.0
1.0,1563.0,601.0,572.0,778.0,548.0,197.0,127.0,224.0,192.0,191.0,189.0,200.0,202.0,199.0,475.0,562.0,526.0,197.0,127.0,224.0,192.0,191.0,189.0
1.0,1740.0,606.0,572.0,721.0,433.0,108.0,124.0,201.0,192.0,191.0,189.0,200.0,199.0,207.0,571.0,637.0,532.0,108.0,124.0,201.0,192.0,191.0,189.0
1.0,1855.0,590.0,572.0,548.0,475.0,110.0,192.0,173.0,192.0,191.0,189.0,199.0,195.0,196.0,660.0,640.0,555.0,110.0,192.0,173.0,192.0,191.0,189.0
1.0,1813.0,610.0,574.0,433.0,660.0,216.0,262.0,182.0,193.0,191.0,190.0,210.0,194.0,206.0,658.0,572.0,583.0,216.0,262.0,182.0,193.0,191.0,190.0
1.0,1636.0,624.0,574.0,475.0,809.0,322.0,267.0,220.0,193.0,191.0,190.0,216.0,197.0,211.0,556.0,502.0,578.0,322.0,267.0,220.0,193.0,191.0,190.0
1.0,1487.0,628.0,576.0,660.0,785.0,332.0,200.0,253.0,194.0,191.0,191.0,222.0,195.0,211.0,450.0,497.0,540.0,332.0,200.0,253.0,194.0,191.0,191.0
1.0,1519.0,589.0,577.0,809.0,569.0,204.0,128.0,237.0,194.0,192.0,191.0,194.0,191.0,204.0,444.0,564.0,511.0,204.0,128.0,237.0,194.0,192.0,191.0
1.0,1739.0,618.0,578.0,785.0,406.0,81.0,129.0,196.0,194.0,192.0,192.0,209.0,201.0,208.0,572.0,640.0,527.0,81.0,129.0,196.0,194.0,192.0,192.0
1.0,1906.0,600.0,578.0,569.0,437.0,72.0,202.0,163.0,194.0,192.0,192.0,195.0,201.0,204.0,695.0,639.0,572.0,72.0,202.0,163.0,194.0,192.0,192.0
1.0,1875.0,599.0,578.0,406.0,630.0,190.0,278.0,162.0,194.0,192.0,192.0,199.0,205.0,195.0,704.0,566.0,605.0,190.0,278.0,162.0,194.0,192.0,192.0
1.0,1682.0,604.0,579.0,437.0,801.0,327.0,268.0,206.0,194.0,192.0,193.0,209.0,192.0,203.0,586.0,490.0,606.0,327.0,268.0,206.0,194.0,192.0,193.0
1.0,1515.0,592.0,580.0,630.0,767.0,335.0,182.0,250.0,195.0,192.0,193.0,194.0,192.0,206.0,449.0,500.0,566.0,335.0,182.0,250.0,195.0,192.0,193.0
1.0,1553.0,633.0,581.0,801.0,603.0,221.0,122.0,260.0,195.0,192.0,194.0,213.0,208.0,212.0,445.0,586.0,522.0,221.0,122.0,260.0,195.0,192.0,194.0
1.0,1721.0,572.0,581.0,767.0,408.0,75.0,132.0,201.0,195.0,192.0,194.0,189.0,192.0,191.0,559.0,646.0,516.0,75.0,132.0,201.0,195.0,192.0,194.0
1.0,1916.0,628.0,582.0,603.0,437.0,65.0,212.0,160.0,195.0,192.0,195.0,211.0,202.0,215.0,705.0,636.0,575.0,65.0,212.0,160.0,195.0,192.0,195.0
1.0,1891.0,618.0,585.0,408.0,659.0,201.0,278.0,180.0,196.0,193.0,196.0,207.0,194.0,217.0,715.0,556.0,620.0,201.0,278.0,180.0,196.0,193.0,196.0
1.0,1681.0,617.0,585.0,437.0,839.0,348.0,267.0,224.0,196.0,193.0,196.0,212.0,201.0,204.0,583.0,494.0,604.0,348.0,267.0,224.0,196.0,193.0,196.0
1.0,1501.0,601.0,585.0,659.0,781.0,341.0,196.0,244.0,196.0,193.0,196.0,194.0,207.0,200.0,436.0,505.0,560.0,341.0,196.0,244.0,196.0,193.0,196.0
1.0,1559.0,583.0,586.0,839.0,529.0,183.0,127.0,219.0,196.0,193.0,197.0,190.0,198.0,195.0,443.0,576.0,540.0,183.0,127.0,219.0,196.0,193.0,197.0
1.0,1815.0,644.0,588.0,781.0,400.0,59.0,153.0,188.0,197.0,194.0,197.0,213.0,218.0,213.0,601.0,645.0,569.0,59.0,153.0,188.0,197.0,194.0,197.0
1.0,1952.0,640.0,588.0,529.0,511.0,77.0,243.0,191.0,196.0,194.0,198.0,205.0,217.0,218.0,729.0,623.0,600.0,77.0,243.0,191.0,196.0,194.0,198.0
1.0,1841.0,573.0,589.0,400.0,688.0,224.0,270.0,194.0,197.0,194.0,198.0,202.0,180.0,191.0,707.0,533.0,601.0,224.0,270.0,194.0,197.0,194.0,198.0
1.0,1668.0,663.0,590.0,511.0,844.0,360.0,266.0,218.0,197.0,195.0,198.0,213.0,235.0,215.0,564.0,506.0,598.0,360.0,266.0,218.0,197.0,195.0,198.0
1.0,1516.0,587.0,592.0,688.0,751.0,334.0,192.0,225.0,198.0,195.0,199.0,194.0,196.0,197.0,428.0,514.0,574.0,334.0,192.0,225.0,198.0,195.0,199.0
1.0,1617.0,589.0,592.0,844.0,496.0,163.0,122.0,211.0,198.0,195.0,199.0,189.0,196.0,204.0,458.0,588.0,571.0,163.0,122.0,211.0,198.0,195.0,199.0
1.0,1872.0,635.0,594.0,751.0,388.0,34.0,154.0,200.0,198.0,196.0,200.0,205.0,220.0,210.0,629.0,658.0,585.0,34.0,154.0,200.0,198.0,196.0,200.0
1.0,1988.0,593.0,594.0,496.0,485.0,67.0,238.0,180.0,198.0,196.0,200.0,196.0,206.0,191.0,758.0,630.0,600.0,67.0,238.0,180.0,198.0,196.0,200.0
1.0,1891.0,608.0,595.0,388.0,709.0,229.0,294.0,186.0,198.0,197.0,200.0,196.0,206.0,206.0,725.0,546.0,620.0,229.0,294.0,186.0,198.0,197.0,200.0
1.0,1671.0,626.0,597.0,485.0,858.0,368.0,261.0,229.0,199.0,197.0,201.0,202.0,205.0,219.0,563.0,494.0,614.0,368.0,261.0,229.0,199.0,197.0,201.0
1.0,1530.0,603.0,599.0,709.0,760.0,339.0,177.0,244.0,199.0,198.0,202.0,200.0,206.0,197.0,428.0,527.0,575.0,339.0,177.0,244.0,199.0,198.0,202.0
1.0,1636.0,614.0,599.0,858.0,516.0,172.0,119.0,225.0,199.0,198.0,202.0,201.0,203.0,210.0,457.0,615.0,564.0,172.0,119.0,225.0,199.0,198.0,202.0
1.0,1880.0,650.0,601.0,760.0,414.0,43.0,166.0,205.0,200.0,198.0,203.0,206.0,224.0,220.0,624.0,673.0,583.0,43.0,166.0,205.0,200.0,198.0,203.0
1.0,1990.0,618.0,602.0,516.0,520.0,75.0,259.0,186.0,200.0,199.0,203.0,204.0,208.0,206.0,757.0,626.0,607.0,75.0,259.0,186.0,200.0,199.0,203.0
1.0,1888.0,611.0,602.0,414.0,717.0,233.0,310.0,174.0,200.0,199.0,203.0,201.0,217.0,193.0,725.0,537.0,626.0,233.0,310.0,174.0,200.0,199.0,203.0
1.0,1691.0,639.0,604.0,520.0,844.0,363.0,279.0,202.0,200.0,200.0,204.0,205.0,224.0,210.0,567.0,486.0,638.0,363.0,279.0,202.0,200.0,200.0,204.0
1.0,1572.0,627.0,605.0,717.0,758.0,339.0,186.0,233.0,201.0,200.0,204.0,205.0,217.0,205.0,437.0,521.0,614.0,339.0,186.0,233.0,201.0,200.0,204.0
1.0,1662.0,603.0,606.0,844.0,521.0,171.0,120.0,230.0,201.0,201.0,204.0,195.0,209.0,199.0,465.0,614.0,583.0,171.0,120.0,230.0,201.0,201.0,204.0
1.0,1903.0,624.0,606.0,758.0,387.0,39.0,150.0,198.0,201.0,201.0,204.0,207.0,216.0,201.0,633.0,684.0,586.0,39.0,150.0,198.0,201.0,201.0,204.0
1.0,2037.0,614.0,607.0,521.0,484.0,69.0,240.0,175.0,201.0,202.0,204.0,201.0,206.0,207.0,765.0,654.0,618.0,69.0,240.0,175.0,201.0,202.0,204.0
1.0,1944.0,600.0,606.0,387.0,693.0,225.0,289.0,179.0,201.0,201.0,204.0,195.0,203.0,202.0,735.0,568.0,641.0,225.0,289.0,179.0,201.0,201.0,204.0
1.0,1731.0,556.0,605.0,484.0,761.0,331.0,245.0,185.0,200.0,201.0,204.0,179.0,196.0,181.0,579.0,515.0,637.0,331.0,245.0,185.0,200.0,201.0,204.0
1.0,1659.0,626.0,607.0,693.0,702.0,318.0,170.0,214.0,201.0,202.0,204.0,208.0,210.0,208.0,469.0,559.0,631.0,318.0,170.0,214.0,201.0,202.0,204.0
1.0,1726.0,657.0,607.0,761.0,598.0,200.0,148.0,250.0,201.0,202.0,204.0,213.0,223.0,221.0,486.0,638.0,602.0,200.0,148.0,250.0,201.0,202.0,204.0
1.0,1830.0,618.0,608.0,702.0,518.0,99.0,188.0,231.0,201.0,203.0,204.0,217.0,206.0,195.0,604.0,660.0,566.0,99.0,188.0,231.0,201.0,203.0,204.0
1.0,1914.0,604.0,608.0,598.0,524.0,102.0,242.0,180.0,201.0,203.0,204.0,203.0,202.0,199.0,705.0,624.0,585.0,102.0,242.0,180.0,201.0,203.0,204.0
1.0,1908.0,588.0,606.0,518.0,586.0,203.0,233.0,150.0,201.0,202.0,203.0,200.0,183.0,205.0,702.0,570.0,636.0,203.0,233.0,150.0,201.0,202.0,203.0
1.0,1838.0,597.0,608.0,524.0,667.0,305.0,200.0,162.0,202.0,203.0,203.0,200.0,205.0,192.0,601.0,575.0,662.0,305.0,200.0,162.0,202.0,203.0,203.0
1.0,1765.0,614.0,608.0,586.0,695.0,310.0,174.0,211.0,202.0,203.0,203.0,208.0,207.0,199.0,503.0,612.0,650.0,310.0,174.0,211.0,202.0,203.0,203.0
1.0,1737.0,603.0,609.0,667.0,635.0,209.0,172.0,254.0,202.0,203.0,204.0,204.0,198.0,201.0,498.0,638.0,601.0,209.0,172.0,254.0,202.0,203.0,204.0
1.0,1801.0,637.0,611.0,695.0,585.0,115.0,216.0,254.0,203.0,204.0,204.0,212.0,214.0,211.0,599.0,640.0,562.0,115.0,216.0,254.0,203.0,204.0,204.0
1.0,1859.0,651.0,611.0,635.0,601.0,129.0,258.0,214.0,203.0,204.0,204.0,223.0,214.0,214.0,697.0,600.0,562.0,129.0,258.0,214.0,203.0,204.0,204.0
1.0,1843.0,621.0,612.0,585.0,641.0,220.0,257.0,164.0,203.0,205.0,204.0,206.0,211.0,204.0,683.0,558.0,602.0,220.0,257.0,164.0,203.0,205.0,204.0
1.0,1807.0,601.0,612.0,601.0,641.0,286.0,204.0,151.0,203.0,205.0,204.0,195.0,205.0,201.0,592.0,563.0,652.0,286.0,204.0,151.0,203.0,205.0,204.0
1.0,1807.0,608.0,612.0,641.0,608.0,271.0,156.0,181.0,203.0,205.0,204.0,205.0,209.0,194.0,526.0,616.0,665.0,271.0,156.0,181.0,203.0,205.0,204.0
1.0,1840.0,602.0,612.0,641.0,569.0,187.0,147.0,235.0,203.0,205.0,204.0,202.0,195.0,205.0,541.0,664.0,635.0,187.0,147.0,235.0,203.0,205.0,204.0
1.0,1879.0,594.0,612.0,608.0,555.0,117.0,187.0,251.0,203.0,205.0,204.0,201.0,196.0,197.0,625.0,673.0,581.0,117.0,187.0,251.0,203.0,205.0,204.0
1.0,1893.0,583.0,612.0,569.0,569.0,135.0,233.0,201.0,203.0,205.0,204.0,205.0,193.0,185.0,695.0,633.0,565.0,135.0,233.0,201.0,203.0,205.0,204.0
1.0,1879.0,610.0,612.0,555.0,624.0,228.0,241.0,155.0,203.0,205.0,204.0,210.0,195.0,205.0,677.0,587.0,615.0,228.0,241.0,155.0,203.0,205.0,204.0
1.0,1824.0,610.0,612.0,569.0,665.0,297.0,213.0,155.0,203.0,205.0,204.0,204.0,205.0,201.0,584.0,579.0,661.0,297.0,213.0,155.0,203.0,205.0,204.0
1.0,1783.0,660.0,613.0,624.0,705.0,294.0,191.0,220.0,203.0,206.0,204.0,225.0,215.0,220.0,515.0,607.0,661.0,294.0,191.0,220.0,203.0,206.0,204.0
1.0,1747.0,604.0,613.0,665.0,644.0,213.0,168.0,263.0,204.0,205.0,204.0,212.0,194.0,198.0,518.0,633.0,596.0,213.0,168.0,263.0,204.0,205.0,204.0
1.0,1808.0,635.0,614.0,705.0,578.0,137.0,193.0,248.0,204.0,206.0,204.0,218.0,212.0,205.0,603.0,652.0,553.0,137.0,193.0,248.0,204.0,206.0,204.0
1.0,1878.0,631.0,614.0,644.0,565.0,133.0,239.0,193.0,204.0,206.0,204.0,209.0,214.0,208.0,679.0,631.0,568.0,133.0,239.0,193.0,204.0,206.0,204.0
1.0,1891.0,632.0,614.0,578.0,619.0,209.0,255.0,155.0,204.0,206.0,204.0,213.0,209.0,210.0,683.0,585.0,623.0,209.0,255.0,155.0,204.0,206.0,204.0
1.0,1837.0,637.0,614.0,565.0,691.0,293.0,227.0,171.0,204.0,206.0,204.0,217.0,211.0,209.0,607.0,569.0,661.0,293.0,227.0,171.0,204.0,206.0,204.0
1.0,1765.0,571.0,614.0,619.0,643.0,279.0,163.0,201.0,204.0,206.0,204.0,195.0,191.0,185.0,523.0,597.0,645.0,279.0,163.0,201.0,204.0,206.0,204.0
1.0,1813.0,632.0,614.0,691.0,584.0,197.0,144.0,243.0,204.0,206.0,204.0,211.0,208.0,213.0,537.0,661.0,615.0,197.0,144.0,243.0,204.0,206.0,204.0
1.0,1872.0,612.0,615.0,643.0,557.0,136.0,188.0,233.0,205.0,207.0,203.0,214.0,203.0,195.0,619.0,680.0,573.0,136.0,188.0,233.0,205.0,207.0,203.0
1.0,1903.0,602.0,615.0,584.0,575.0,146.0,242.0,187.0,205.0,207.0,203.0,207.0,198.0,197.0,684.0,640.0,579.0,146.0,242.0,187.0,205.0,207.0,203.0
1.0,1885.0,614.0,614.0,557.0,628.0,225.0,252.0,151.0,205.0,206.0,203.0,215.0,202.0,197.0,674.0,586.0,625.0,225.0,252.0,151.0,205.0,206.0,203.0
1.0,1828.0,555.0,614.0,575.0,608.0,260.0,194.0,154.0,205.0,206.0,203.0,181.0,184.0,190.0,595.0,572.0,661.0,260.0,194.0,154.0,205.0,206.0,203.0
1.0,1848.0,636.0,614.0,628.0,616.0,257.0,147.0,212.0,205.0,206.0,203.0,222.0,205.0,209.0,560.0,630.0,658.0,257.0,147.0,212.0,205.0,206.0,203.0
1.0,1840.0,596.0,612.0,608.0,596.0,206.0,143.0,247.0,205.0,205.0,202.0,209.0,194.0,193.0,563.0,677.0,600.0,206.0,143.0,247.0,205.0,205.0,202.0
1.0,1852.0,666.0,614.0,616.0,654.0,174.0,214.0,266.0,205.0,206.0,203.0,225.0,214.0,227.0,614.0,677.0,561.0,174.0,214.0,266.0,205.0,206.0,203.0
1.0,1802.0,647.0,615.0,596.0,709.0,190.0,283.0,236.0,206.0,206.0,203.0,218.0,212.0,217.0,646.0,610.0,546.0,190.0,283.0,236.0,206.0,206.0,203.0
1.0,1751.0,600.0,615.0,654.0,655.0,216.0,268.0,171.0,206.0,206.0,203.0,200.0,199.0,201.0,634.0,541.0,576.0,216.0,268.0,171.0,206.0,206.0,203.0
1.0,1805.0,653.0,616.0,709.0,603.0,248.0,196.0,159.0,206.0,206.0,204.0,222.0,211.0,220.0,608.0,556.0,641.0,248.0,196.0,159.0,206.0,206.0,204.0
1.0,1861.0,651.0,617.0,655.0,603.0,256.0,140.0,207.0,207.0,206.0,204.0,220.0,212.0,219.0,576.0,628.0,657.0,256.0,140.0,207.0,207.0,206.0,204.0
1.0,1865.0,667.0,617.0,603.0,667.0,231.0,167.0,269.0,207.0,206.0,204.0,223.0,223.0,221.0,572.0,684.0,609.0,231.0,167.0,269.0,207.0,206.0,204.0
1.0,1801.0,597.0,617.0,603.0,661.0,179.0,227.0,255.0,207.0,206.0,204.0,204.0,200.0,193.0,597.0,657.0,547.0,179.0,227.0,255.0,207.0,206.0,204.0
1.0,1807.0,651.0,617.0,667.0,645.0,160.0,274.0,211.0,207.0,206.0,204.0,212.0,214.0,225.0,649.0,597.0,561.0,160.0,274.0,211.0,207.0,206.0,204.0
1.0,1823.0,613.0,618.0,661.0,601.0,191.0,249.0,161.0,208.0,206.0,204.0,206.0,202.0,205.0,668.0,550.0,605.0,191.0,249.0,161.0,208.0,206.0,204.0
1.0,1871.0,631.0,618.0,645.0,587.0,236.0,193.0,158.0,208.0,206.0,204.0,205.0,218.0,208.0,641.0,575.0,655.0,236.0,193.0,158.0,208.0,206.0,204.0
1.0,1885.0,618.0,617.0,601.0,600.0,235.0,159.0,206.0,207.0,206.0,204.0,194.0,215.0,209.0,596.0,631.0,658.0,235.0,159.0,206.0,207.0,206.0,204.0
1.0,1868.0,657.0,618.0,587.0,674.0,218.0,185.0,271.0,208.0,206.0,204.0,215.0,219.0,223.0,593.0,665.0,610.0,218.0,185.0,271.0,208.0,206.0,204.0
1.0,1798.0,659.0,620.0,600.0,741.0,195.0,248.0,298.0,208.0,207.0,205.0,212.0,218.0,229.0,614.0,639.0,545.0,195.0,248.0,298.0,208.0,207.0,205.0
1.0,1739.0,664.0,619.0,674.0,727.0,199.0,276.0,252.0,208.0,206.0,205.0,222.0,217.0,225.0,637.0,580.0,522.0,199.0,276.0,252.0,208.0,206.0,205.0
1.0,1749.0,664.0,621.0,741.0,658.0,226.0,257.0,175.0,208.0,207.0,206.0,222.0,225.0,217.0,633.0,548.0,568.0,226.0,257.0,175.0,208.0,207.0,206.0
1.0,1826.0,684.0,622.0,727.0,619.0,254.0,215.0,150.0,209.0,207.0,206.0,223.0,234.0,227.0,606.0,571.0,649.0,254.0,215.0,150.0,209.0,207.0,206.0
1.0,1869.0,683.0,623.0,658.0,648.0,253.0,181.0,214.0,209.0,207.0,207.0,225.0,223.0,235.0,582.0,613.0,674.0,253.0,181.0,214.0,209.0,207.0,207.0
1.0,1844.0,675.0,625.0,619.0,712.0,226.0,197.0,289.0,210.0,208.0,207.0,223.0,227.0,225.0,583.0,647.0,614.0,226.0,197.0,289.0,210.0,208.0,207.0
1.0,1788.0,643.0,626.0,648.0,711.0,185.0,227.0,299.0,210.0,208.0,208.0,212.0,211.0,220.0,614.0,635.0,539.0,185.0,227.0,299.0,210.0,208.0,208.0
1.0,1793.0,682.0,627.0,712.0,685.0,185.0,267.0,233.0,211.0,208.0,208.0,222.0,237.0,223.0,655.0,605.0,533.0,185.0,267.0,233.0,211.0,208.0,208.0
1.0,1823.0,694.0,629.0,711.0,676.0,230.0,277.0,169.0,211.0,209.0,209.0,230.0,233.0,231.0,659.0,565.0,599.0,230.0,277.0,169.0,211.0,209.0,209.0
1.0,1840.0,679.0,629.0,685.0,670.0,260.0,240.0,170.0,211.0,209.0,209.0,215.0,230.0,234.0,614.0,559.0,667.0,260.0,240.0,170.0,211.0,209.0,209.0
1.0,1846.0,690.0,631.0,676.0,692.0,250.0,203.0,239.0,211.0,210.0,210.0,220.0,236.0,234.0,584.0,596.0,666.0,250.0,203.0,239.0,211.0,210.0,210.0
1.0,1832.0,639.0,632.0,670.0,665.0,199.0,172.0,294.0,212.0,210.0,210.0,205.0,209.0,225.0,594.0,637.0,601.0,199.0,172.0,294.0,212.0,210.0,210.0
1.0,1863.0,654.0,634.0,692.0,635.0,159.0,201.0,275.0,212.0,211.0,211.0,210.0,228.0,216.0,649.0,668.0,546.0,159.0,201.0,275.0,212.0,211.0,211.0
1.0,1901.0,683.0,634.0,665.0,653.0,184.0,261.0,208.0,212.0,211.0,211.0,224.0,232.0,227.0,689.0,643.0,569.0,184.0,261.0,208.0,212.0,211.0,211.0
1.0,1883.0,677.0,636.0,635.0,703.0,244.0,291.0,168.0,212.0,212.0,212.0,219.0,227.0,231.0,664.0,583.0,636.0,244.0,291.0,168.0,212.0,212.0,212.0
1.0,1841.0,670.0,637.0,653.0,724.0,282.0,257.0,185.0,213.0,212.0,212.0,218.0,227.0,225.0,604.0,557.0,680.0,282.0,257.0,185.0,213.0,212.0,212.0
1.0,1824.0,662.0,638.0,703.0,687.0,252.0,190.0,245.0,213.0,212.0,213.0,214.0,224.0,224.0,570.0,591.0,663.0,252.0,190.0,245.0,213.0,212.0,213.0
1.0,1865.0,681.0,638.0,724.0,644.0,195.0,157.0,292.0,213.0,212.0,213.0,225.0,224.0,232.0,600.0,658.0,607.0,195.0,157.0,292.0,213.0,212.0,213.0
1.0,1908.0,678.0,639.0,687.0,639.0,172.0,201.0,266.0,213.0,213.0,213.0,229.0,230.0,219.0,657.0,691.0,560.0,172.0,201.0,266.0,213.0,213.0,213.0
1.0,1917.0,682.0,641.0,644.0,685.0,206.0,275.0,204.0,214.0,213.0,214.0,225.0,231.0,226.0,680.0,651.0,586.0,206.0,275.0,204.0,214.0,213.0,214.0
1.0,1879.0,659.0,642.0,639.0,709.0,253.0,298.0,158.0,214.0,214.0,214.0,219.0,220.0,220.0,650.0,577.0,652.0,253.0,298.0,158.0,214.0,214.0,214.0
1.0,1859.0,646.0,642.0,685.0,670.0,262.0,240.0,168.0,214.0,214.0,214.0,215.0,217.0,214.0,603.0,558.0,698.0,262.0,240.0,168.0,214.0,214.0,214.0
1.0,1898.0,654.0,644.0,709.0,623.0,233.0,154.0,236.0,215.0,214.0,215.0,220.0,212.0,222.0,594.0,616.0,688.0,233.0,154.0,236.0,215.0,214.0,215.0
1.0,1953.0,634.0,645.0,670.0,591.0,186.0,128.0,277.0,215.0,215.0,215.0,215.0,210.0,209.0,627.0,702.0,624.0,186.0,128.0,277.0,215.0,215.0,215.0
1.0,1989.0,639.0,645.0,623.0,607.0,166.0,183.0,258.0,215.0,215.0,215.0,213.0,209.0,217.0,674.0,732.0,583.0,166.0,183.0,258.0,215.0,215.0,215.0
1.0,1973.0,654.0,646.0,591.0,674.0,201.0,276.0,197.0,215.0,215.0,216.0,221.0,221.0,212.0,694.0,677.0,602.0,201.0,276.0,197.0,215.0,215.0,216.0
1.0,1910.0,682.0,646.0,607.0,749.0,264.0,316.0,169.0,215.0,215.0,216.0,229.0,223.0,230.0,659.0,584.0,667.0,264.0,316.0,169.0,215.0,215.0,216.0
1.0,1835.0,665.0,647.0,674.0,744.0,283.0,267.0,194.0,215.0,216.0,216.0,220.0,223.0,222.0,596.0,544.0,695.0,283.0,267.0,194.0,215.0,216.0,216.0
1.0,1844.0,637.0,647.0,749.0,632.0,232.0,162.0,238.0,215.0,216.0,216.0,213.0,211.0,213.0,577.0,597.0,670.0,232.0,162.0,238.0,215.0,216.0,216.0
1.0,1956.0,639.0,648.0,744.0,531.0,163.0,110.0,258.0,215.0,216.0,217.0,214.0,215.0,210.0,628.0,702.0,626.0,163.0,110.0,258.0,215.0,216.0,217.0
1.0,2061.0,668.0,649.0,632.0,571.0,160.0,173.0,238.0,216.0,216.0,217.0,225.0,225.0,218.0,697.0,754.0,610.0,160.0,173.0,238.0,216.0,216.0,217.0
1.0,2025.0,645.0,649.0,531.0,685.0,217.0,270.0,198.0,216.0,216.0,217.0,220.0,207.0,218.0,704.0,691.0,630.0,217.0,270.0,198.0,216.0,216.0,217.0
1.0,1911.0,682.0,651.0,571.0,804.0,287.0,332.0,185.0,216.0,217.0,218.0,230.0,231.0,221.0,647.0,594.0,670.0,287.0,332.0,185.0,216.0,217.0,218.0
1.0,1800.0,657.0,652.0,685.0,780.0,297.0,281.0,202.0,217.0,217.0,218.0,223.0,219.0,215.0,577.0,536.0,687.0,297.0,281.0,202.0,217.0,217.0,218.0
1.0,1828.0,656.0,652.0,804.0,632.0,237.0,166.0,229.0,217.0,217.0,218.0,227.0,217.0,212.0,571.0,587.0,670.0,237.0,166.0,229.0,217.0,217.0,218.0
1.0,1976.0,642.0,653.0,780.0,498.0,162.0,102.0,234.0,217.0,218.0,218.0,222.0,213.0,207.0,631.0,702.0,643.0,162.0,102.0,234.0,217.0,218.0,218.0
1.0,2114.0,599.0,653.0,632.0,465.0,136.0,138.0,191.0,217.0,218.0,218.0,211.0,202.0,186.0,706.0,770.0,638.0,136.0,138.0,191.0,217.0,218.0,218.0
1.0,2147.0,665.0,654.0,498.0,636.0,210.0,248.0,178.0,218.0,218.0,218.0,232.0,212.0,221.0,732.0,734.0,681.0,210.0,248.0,178.0,218.0,218.0,218.0
1.0,1980.0,583.0,654.0,465.0,754.0,277.0,300.0,177.0,218.0,218.0,218.0,203.0,190.0,190.0,662.0,624.0,694.0,277.0,300.0,177.0,218.0,218.0,218.0
1.0,1862.0,673.0,655.0,636.0,795.0,299.0,269.0,227.0,218.0,218.0,219.0,232.0,217.0,224.0,595.0,572.0,695.0,299.0,269.0,227.0,218.0,218.0,219.0
1.0,1825.0,615.0,654.0,754.0,652.0,229.0,171.0,252.0,218.0,218.0,218.0,207.0,202.0,206.0,573.0,603.0,649.0,229.0,171.0,252.0,218.0,218.0,218.0
1.0,1964.0,653.0,654.0,795.0,510.0,153.0,109.0,248.0,218.0,218.0,218.0,223.0,207.0,223.0,643.0,701.0,620.0,153.0,109.0,248.0,218.0,218.0,218.0
1.0,2106.0,689.0,656.0,652.0,555.0,152.0,170.0,233.0,218.0,219.0,219.0,228.0,228.0,233.0,719.0,763.0,624.0,152.0,170.0,233.0,218.0,219.0,219.0
1.0,2069.0,640.0,656.0,510.0,685.0,219.0,274.0,192.0,218.0,219.0,219.0,220.0,213.0,207.0,720.0,706.0,643.0,219.0,274.0,192.0,218.0,219.0,219.0
1.0,1939.0,636.0,656.0,555.0,766.0,279.0,314.0,173.0,218.0,219.0,219.0,212.0,210.0,214.0,653.0,602.0,684.0,279.0,314.0,173.0,218.0,219.0,219.0
1.0,1858.0,712.0,657.0,685.0,797.0,315.0,274.0,208.0,219.0,219.0,219.0,251.0,234.0,227.0,593.0,562.0,703.0,315.0,274.0,208.0,219.0,219.0,219.0
1.0,1831.0,657.0,657.0,766.0,688.0,264.0,175.0,249.0,219.0,219.0,219.0,228.0,215.0,214.0,561.0,602.0,668.0,264.0,175.0,249.0,219.0,219.0,219.0
1.0,1940.0,645.0,658.0,797.0,540.0,183.0,121.0,236.0,220.0,219.0,219.0,230.0,220.0,195.0,612.0,701.0,627.0,183.0,121.0,236.0,220.0,219.0,219.0
1.0,2092.0,683.0,659.0,688.0,539.0,158.0,173.0,208.0,220.0,220.0,219.0,239.0,223.0,221.0,697.0,755.0,640.0,158.0,173.0,208.0,220.0,220.0,219.0
1.0,2097.0,668.0,660.0,540.0,671.0,211.0,270.0,190.0,221.0,220.0,219.0,232.0,218.0,218.0,722.0,707.0,668.0,211.0,270.0,190.0,221.0,220.0,219.0
1.0,1969.0,692.0,662.0,539.0,832.0,295.0,323.0,214.0,222.0,220.0,220.0,238.0,226.0,228.0,673.0,610.0,686.0,295.0,323.0,214.0,222.0,220.0,220.0
1.0,1816.0,681.0,662.0,671.0,842.0,319.0,273.0,250.0,222.0,220.0,220.0,235.0,220.0,226.0,593.0,557.0,666.0,319.0,273.0,250.0,222.0,220.0,220.0
1.0,1806.0,678.0,662.0,832.0,688.0,250.0,173.0,265.0,222.0,220.0,220.0,226.0,223.0,229.0,569.0,607.0,630.0,250.0,173.0,265.0,222.0,220.0,220.0
1.0,1960.0,638.0,661.0,842.0,480.0,147.0,117.0,216.0,222.0,220.0,219.0,216.0,217.0,205.0,638.0,707.0,615.0,147.0,117.0,216.0,222.0,220.0,219.0
1.0,2164.0,657.0,661.0,688.0,449.0,118.0,162.0,169.0,222.0,220.0,219.0,221.0,218.0,218.0,741.0,763.0,660.0,118.0,162.0,169.0,222.0,220.0,219.0
1.0,2195.0,654.0,661.0,480.0,623.0,193.0,267.0,163.0,222.0,220.0,219.0,222.0,222.0,210.0,770.0,718.0,707.0,193.0,267.0,163.0,222.0,220.0,219.0
1.0,2021.0,711.0,661.0,449.0,885.0,321.0,342.0,222.0,222.0,220.0,219.0,246.0,237.0,228.0,695.0,613.0,713.0,321.0,342.0,222.0,222.0,220.0,219.0
1.0,1759.0,683.0,662.0,623.0,949.0,359.0,304.0,286.0,223.0,220.0,219.0,227.0,229.0,227.0,567.0,538.0,654.0,359.0,304.0,286.0,223.0,220.0,219.0
1.0,1699.0,704.0,662.0,885.0,768.0,281.0,199.0,288.0,223.0,220.0,219.0,243.0,237.0,224.0,533.0,576.0,590.0,281.0,199.0,288.0,223.0,220.0,219.0
1.0,1880.0,670.0,662.0,949.0,489.0,140.0,131.0,218.0,223.0,220.0,219.0,218.0,236.0,216.0,611.0,681.0,588.0,140.0,131.0,218.0,223.0,220.0,219.0
1.0,2159.0,724.0,663.0,768.0,449.0,94.0,185.0,170.0,223.0,221.0,219.0,235.0,249.0,240.0,752.0,749.0,658.0,94.0,185.0,170.0,223.0,221.0,219.0
1.0,2203.0,718.0,664.0,489.0,682.0,194.0,291.0,197.0,224.0,221.0,219.0,236.0,237.0,245.0,798.0,699.0,706.0,194.0,291.0,197.0,224.0,221.0,219.0
1.0,1974.0,688.0,664.0,449.0,921.0,324.0,337.0,260.0,224.0,221.0,219.0,224.0,231.0,233.0,702.0,593.0,679.0,324.0,337.0,260.0,224.0,221.0,219.0
1.0,1735.0,684.0,664.0,682.0,923.0,346.0,280.0,297.0,224.0,221.0,219.0,216.0,234.0,234.0,572.0,547.0,616.0,346.0,280.0,297.0,224.0,221.0,219.0
1.0,1733.0,664.0,664.0,921.0,666.0,239.0,169.0,258.0,224.0,221.0,219.0,217.0,226.0,221.0,550.0,604.0,579.0,239.0,169.0,258.0,224.0,221.0,219.0
1.0,1990.0,726.0,665.0,923.0,473.0,133.0,132.0,208.0,224.0,221.0,220.0,240.0,243.0,243.0,657.0,715.0,618.0,133.0,132.0,208.0,224.0,221.0,220.0
1.0,2187.0,727.0,667.0,666.0,542.0,137.0,202.0,203.0,225.0,222.0,220.0,239.0,235.0,253.0,763.0,752.0,672.0,137.0,202.0,203.0,225.0,222.0,220.0
1.0,2126.0,695.0,667.0,473.0,764.0,223.0,307.0,234.0,225.0,222.0,220.0,219.0,237.0,239.0,763.0,686.0,677.0,223.0,307.0,234.0,225.0,222.0,220.0
1.0,1904.0,708.0,668.0,542.0,934.0,316.0,336.0,282.0,225.0,222.0,221.0,230.0,231.0,247.0,677.0,581.0,646.0,316.0,336.0,282.0,225.0,222.0,221.0
1.0,1738.0,703.0,668.0,764.0,873.0,321.0,267.0,285.0,225.0,222.0,221.0,228.0,238.0,237.0,584.0,552.0,602.0,321.0,267.0,285.0,225.0,222.0,221.0
1.0,1799.0,679.0,668.0,934.0,618.0,221.0,162.0,235.0,225.0,222.0,221.0,216.0,231.0,232.0,579.0,621.0,599.0,221.0,162.0,235.0,225.0,222.0,221.0
1.0,2054.0,709.0,669.0,873.0,458.0,126.0,124.0,208.0,225.0,222.0,222.0,226.0,229.0,254.0,679.0,726.0,649.0,126.0,124.0,208.0,225.0,222.0,222.0
1.0,2218.0,644.0,669.0,618.0,484.0,107.0,183.0,194.0,225.0,222.0,222.0,202.0,221.0,221.0,774.0,764.0,680.0,107.0,183.0,194.0,225.0,222.0,222.0
1.0,2192.0,692.0,669.0,458.0,718.0,200.0,295.0,223.0,225.0,222.0,222.0,219.0,236.0,237.0,793.0,705.0,694.0,200.0,295.0,223.0,225.0,222.0,222.0
1.0,1958.0,685.0,670.0,484.0,923.0,318.0,347.0,258.0,225.0,223.0,222.0,225.0,231.0,229.0,700.0,593.0,665.0,318.0,347.0,258.0,225.0,223.0,222.0
1.0,1757.0,675.0,671.0,718.0,884.0,344.0,278.0,262.0,225.0,223.0,223.0,226.0,226.0,223.0,582.0,545.0,630.0,344.0,278.0,262.0,225.0,223.0,223.0
1.0,1800.0,685.0,672.0,923.0,650.0,250.0,173.0,227.0,225.0,224.0,223.0,224.0,238.0,223.0,556.0,614.0,630.0,250.0,173.0,227.0,225.0,224.0,223.0
1.0,2038.0,671.0,672.0,884.0,437.0,127.0,125.0,185.0,225.0,224.0,223.0,221.0,230.0,220.0,650.0,723.0,665.0,127.0,125.0,185.0,225.0,224.0,223.0
1.0,2251.0,702.0,672.0,650.0,489.0,96.0,189.0,204.0,225.0,224.0,223.0,219.0,237.0,246.0,773.0,771.0,707.0,96.0,189.0,204.0,225.0,224.0,223.0
1.0,2199.0,681.0,672.0,437.0,733.0,189.0,296.0,248.0,225.0,224.0,223.0,220.0,232.0,229.0,804.0,707.0,688.0,189.0,296.0,248.0,225.0,224.0,223.0
1.0,1955.0,695.0,674.0,489.0,947.0,331.0,342.0,274.0,225.0,225.0,224.0,238.0,231.0,226.0,711.0,600.0,644.0,331.0,342.0,274.0,225.0,225.0,224.0
1.0,1749.0,677.0,675.0,733.0,895.0,366.0,275.0,254.0,226.0,225.0,224.0,220.0,229.0,228.0,569.0,558.0,622.0,366.0,275.0,254.0,226.0,225.0,224.0
1.0,1805.0,663.0,674.0,947.0,607.0,248.0,151.0,208.0,225.0,225.0,224.0,217.0,218.0,228.0,538.0,625.0,642.0,248.0,151.0,208.0,225.0,225.0,224.0
1.0,2089.0,684.0,674.0,895.0,396.0,102.0,109.0,185.0,225.0,225.0,224.0,220.0,233.0,231.0,652.0,749.0,688.0,102.0,109.0,185.0,225.0,225.0,224.0
1.0,2300.0,684.0,674.0,607.0,473.0,75.0,191.0,207.0,225.0,225.0,224.0,221.0,233.0,230.0,798.0,791.0,711.0,75.0,191.0,207.0,225.0,225.0,224.0
1.0,2223.0,685.0,676.0,396.0,770.0,191.0,314.0,265.0,225.0,226.0,225.0,218.0,228.0,239.0,825.0,709.0,689.0,191.0,314.0,265.0,225.0,226.0,225.0
1.0,1934.0,702.0,676.0,473.0,999.0,352.0,360.0,287.0,225.0,226.0,225.0,236.0,237.0,229.0,709.0,590.0,635.0,352.0,360.0,287.0,225.0,226.0,225.0
1.0,1705.0,651.0,677.0,770.0,884.0,371.0,266.0,247.0,225.0,226.0,226.0,210.0,220.0,221.0,548.0,544.0,613.0,371.0,266.0,247.0,225.0,226.0,226.0
1.0,1824.0,674.0,678.0,999.0,563.0,240.0,136.0,187.0,225.0,227.0,226.0,221.0,226.0,227.0,529.0,638.0,657.0,240.0,136.0,187.0,225.0,227.0,226.0
1.0,2149.0,674.0,678.0,884.0,353.0,89.0,105.0,159.0,225.0,227.0,226.0,220.0,235.0,219.0,660.0,772.0,717.0,89.0,105.0,159.0,225.0,227.0,226.0
1.0,2359.0,704.0,681.0,563.0,506.0,88.0,207.0,211.0,226.0,228.0,227.0,235.0,234.0,235.0,811.0,803.0,745.0,88.0,207.0,211.0,226.0,228.0,227.0
1.0,2218.0,698.0,681.0,353.0,851.0,237.0,330.0,284.0,226.0,228.0,227.0,238.0,228.0,232.0,816.0,705.0,697.0,237.0,330.0,284.0,226.0,228.0,227.0
1.0,1873.0,648.0,682.0,506.0,997.0,364.0,355.0,278.0,226.0,229.0,227.0,215.0,228.0,205.0,667.0,582.0,624.0,364.0,355.0,278.0,226.0,229.0,227.0
1.0,1731.0,680.0,682.0,851.0,826.0,356.0,251.0,219.0,226.0,229.0,227.0,229.0,226.0,225.0,540.0,561.0,630.0,356.0,251.0,219.0,226.0,229.0,227.0
1.0,1902.0,655.0,682.0,997.0,484.0,217.0,107.0,160.0,226.0,229.0,227.0,225.0,211.0,219.0,548.0,665.0,689.0,217.0,107.0,160.0,226.0,229.0,227.0
1.0,2244.0,699.0,682.0,826.0,357.0,93.0,102.0,162.0,226.0,229.0,227.0,232.0,246.0,221.0,687.0,809.0,748.0,93.0,102.0,162.0,226.0,229.0,227.0
1.0,2371.0,647.0,683.0,484.0,524.0,111.0,198.0,215.0,227.0,229.0,227.0,231.0,203.0,213.0,811.0,814.0,746.0,111.0,198.0,215.0,227.0,229.0,227.0
1.0,2208.0,676.0,683.0,357.0,843.0,241.0,307.0,295.0,226.0,229.0,228.0,227.0,211.0,238.0,797.0,718.0,693.0,241.0,307.0,295.0,226.0,229.0,228.0
1.0,1889.0,681.0,683.0,524.0,1000.0,351.0,337.0,312.0,226.0,229.0,228.0,221.0,228.0,232.0,663.0,609.0,617.0,351.0,337.0,312.0,226.0,229.0,228.0
1.0,1732.0,704.0,684.0,843.0,865.0,348.0,262.0,255.0,226.0,229.0,229.0,238.0,232.0,234.0,553.0,579.0,600.0,348.0,262.0,255.0,226.0,229.0,229.0
1.0,1871.0,715.0,684.0,1000.0,580.0,245.0,150.0,185.0,226.0,229.0,229.0,248.0,225.0,242.0,556.0,654.0,661.0,245.0,150.0,185.0,226.0,229.0,229.0
1.0,2156.0,702.0,684.0,865.0,417.0,139.0,115.0,163.0,226.0,229.0,229.0,242.0,227.0,233.0,659.0,766.0,731.0,139.0,115.0,163.0,226.0,229.0,229.0
1.0,2319.0,716.0,686.0,580.0,561.0,141.0,207.0,213.0,227.0,230.0,229.0,243.0,238.0,235.0,765.0,801.0,753.0,141.0,207.0,213.0,227.0,230.0,229.0
1.0,2183.0,686.0,687.0,417.0,834.0,235.0,315.0,284.0,227.0,230.0,230.0,233.0,223.0,230.0,767.0,713.0,703.0,235.0,315.0,284.0,227.0,230.0,230.0
1.0,1914.0,712.0,687.0,561.0,985.0,334.0,344.0,307.0,227.0,230.0,230.0,240.0,236.0,236.0,673.0,605.0,636.0,334.0,344.0,307.0,227.0,230.0,230.0
1.0,1763.0,674.0,687.0,834.0,825.0,327.0,250.0,248.0,227.0,230.0,230.0,228.0,221.0,225.0,574.0,576.0,613.0,327.0,250.0,248.0,227.0,230.0,230.0
1.0,1923.0,665.0,687.0,985.0,505.0,226.0,119.0,160.0,227.0,230.0,230.0,233.0,213.0,219.0,581.0,670.0,672.0,226.0,119.0,160.0,227.0,230.0,230.0
1.0,2243.0,732.0,689.0,825.0,420.0,153.0,107.0,160.0,228.0,230.0,231.0,250.0,238.0,244.0,682.0,801.0,760.0,153.0,107.0,160.0,228.0,230.0,231.0
1.0,2336.0,705.0,689.0,505.0,620.0,162.0,223.0,235.0,228.0,230.0,231.0,235.0,235.0,235.0,759.0,813.0,764.0,162.0,223.0,235.0,228.0,230.0,231.0
1.0,2136.0,680.0,689.0,420.0,880.0,248.0,341.0,291.0,228.0,230.0,231.0,239.0,225.0,216.0,750.0,697.0,689.0,248.0,341.0,291.0,228.0,230.0,231.0
1.0,1876.0,690.0,688.0,620.0,946.0,307.0,349.0,290.0,227.0,230.0,231.0,225.0,231.0,234.0,664.0,579.0,633.0,307.0,349.0,290.0,227.0,230.0,231.0
1.0,1806.0,728.0,689.0,880.0,798.0,309.0,242.0,247.0,228.0,230.0,231.0,246.0,234.0,248.0,601.0,571.0,634.0,309.0,242.0,247.0,228.0,230.0,231.0
1.0,1958.0,687.0,688.0,946.0,535.0,239.0,111.0,185.0,228.0,229.0,231.0,237.0,222.0,228.0,603.0,678.0,677.0,239.0,111.0,185.0,228.0,229.0,231.0
1.0,2217.0,731.0,688.0,798.0,468.0,182.0,111.0,175.0,228.0,229.0,231.0,252.0,242.0,237.0,673.0,805.0,739.0,182.0,111.0,175.0,228.0,229.0,231.0
1.0,2284.0,697.0,690.0,535.0,638.0,183.0,236.0,219.0,229.0,230.0,231.0,236.0,232.0,229.0,730.0,805.0,749.0,183.0,236.0,219.0,229.0,230.0,231.0
1.0,2122.0,719.0,689.0,468.0,885.0,244.0,354.0,287.0,229.0,229.0,231.0,243.0,233.0,243.0,733.0,684.0,705.0,244.0,354.0,287.0,229.0,229.0,231.0
1.0,1871.0,719.0,692.0,638.0,978.0,303.0,362.0,313.0,230.0,230.0,232.0,238.0,240.0,241.0,672.0,562.0,637.0,303.0,362.0,313.0,230.0,230.0,232.0
1.0,1790.0,691.0,691.0,885.0,780.0,299.0,239.0,242.0,230.0,230.0,231.0,240.0,231.0,220.0,617.0,558.0,615.0,299.0,239.0,242.0,230.0,230.0,231.0
1.0,1984.0,734.0,691.0,978.0,536.0,236.0,129.0,171.0,230.0,230.0,231.0,240.0,252.0,242.0,621.0,681.0,682.0,236.0,129.0,171.0,230.0,230.0,231.0
1.0,2228.0,715.0,691.0,780.0,471.0,178.0,128.0,165.0,230.0,230.0,231.0,241.0,238.0,236.0,684.0,791.0,753.0,178.0,128.0,165.0,230.0,230.0,231.0
1.0,2293.0,718.0,691.0,536.0,653.0,180.0,238.0,235.0,230.0,230.0,231.0,238.0,239.0,241.0,742.0,792.0,759.0,180.0,238.0,235.0,230.0,230.0,231.0
1.0,2111.0,709.0,691.0,471.0,891.0,244.0,339.0,308.0,230.0,230.0,231.0,242.0,229.0,238.0,740.0,682.0,689.0,244.0,339.0,308.0,230.0,230.0,231.0
1.0,1873.0,734.0,692.0,653.0,976.0,312.0,346.0,318.0,231.0,230.0,231.0,244.0,245.0,245.0,676.0,581.0,616.0,312.0,346.0,318.0,231.0,230.0,231.0
1.0,1792.0,689.0,692.0,891.0,774.0,299.0,230.0,245.0,231.0,230.0,231.0,231.0,223.0,235.0,612.0,574.0,606.0,299.0,230.0,245.0,231.0,230.0,231.0
1.0,1994.0,713.0,693.0,976.0,515.0,229.0,124.0,162.0,232.0,230.0,231.0,238.0,240.0,235.0,625.0,690.0,679.0,229.0,124.0,162.0,232.0,230.0,231.0
1.0,2257.0,724.0,693.0,774.0,465.0,174.0,133.0,158.0,232.0,230.0,231.0,244.0,239.0,241.0,699.0,796.0,762.0,174.0,133.0,158.0,232.0,230.0,231.0
1.0,2307.0,737.0,695.0,515.0,695.0,192.0,264.0,239.0,233.0,231.0,231.0,243.0,251.0,243.0,754.0,787.0,766.0,192.0,264.0,239.0,233.0,231.0,231.0
1.0,2085.0,726.0,696.0,465.0,960.0,257.0,375.0,328.0,233.0,231.0,232.0,239.0,244.0,243.0,740.0,660.0,685.0,257.0,375.0,328.0,233.0,231.0,232.0
1.0,1824.0,687.0,696.0,695.0,952.0,289.0,350.0,313.0,233.0,231.0,232.0,224.0,239.0,224.0,675.0,549.0,600.0,289.0,350.0,313.0,233.0,231.0,232.0
1.0,1832.0,730.0,697.0,960.0,726.0,273.0,232.0,221.0,233.0,232.0,232.0,241.0,253.0,236.0,643.0,574.0,615.0,273.0,232.0,221.0,233.0,232.0,232.0
1.0,2062.0,702.0,697.0,952.0,476.0,215.0,120.0,141.0,233.0,232.0,232.0,231.0,238.0,233.0,659.0,696.0,707.0,215.0,120.0,141.0,233.0,232.0,232.0
1.0,2312.0,703.0,698.0,726.0,457.0,178.0,123.0,156.0,234.0,232.0,232.0,232.0,235.0,236.0,717.0,808.0,787.0,178.0,123.0,156.0,234.0,232.0,232.0
1.0,2335.0,695.0,697.0,476.0,672.0,190.0,240.0,242.0,233.0,232.0,232.0,231.0,237.0,227.0,758.0,805.0,772.0,190.0,240.0,242.0,233.0,232.0,232.0
1.0,2116.0,689.0,698.0,457.0,908.0,238.0,357.0,313.0,234.0,232.0,232.0,222.0,240.0,227.0,742.0,688.0,686.0,238.0,357.0,313.0,234.0,232.0,232.0
1.0,1884.0,734.0,699.0,672.0,974.0,290.0,374.0,310.0,234.0,233.0,232.0,242.0,253.0,239.0,698.0,571.0,615.0,290.0,374.0,310.0,234.0,233.0,232.0
1.0,1822.0,688.0,699.0,908.0,754.0,267.0,261.0,226.0,234.0,233.0,232.0,215.0,244.0,229.0,646.0,558.0,618.0,267.0,261.0,226.0,234.0,233.0,232.0
1.0,2042.0,718.0,699.0,974.0,498.0,211.0,130.0,157.0,234.0,233.0,232.0,234.0,243.0,241.0,669.0,671.0,702.0,211.0,130.0,157.0,234.0,233.0,232.0
1.0,2298.0,681.0,699.0,754.0,425.0,170.0,103.0,152.0,234.0,233.0,232.0,226.0,234.0,221.0,725.0,802.0,771.0,170.0,103.0,152.0,234.0,233.0,232.0
1.0,2371.0,734.0,700.0,498.0,665.0,210.0,218.0,237.0,235.0,233.0,232.0,247.0,245.0,242.0,766.0,829.0,776.0,210.0,218.0,237.0,235.0,233.0,232.0
1.0,2135.0,727.0,701.0,425.0,971.0,287.0,362.0,322.0,235.0,234.0,232.0,247.0,243.0,237.0,730.0,714.0,691.0,287.0,362.0,322.0,235.0,234.0,232.0
1.0,1833.0,720.0,702.0,665.0,1030.0,322.0,396.0,312.0,236.0,234.0,232.0,241.0,252.0,227.0,653.0,574.0,606.0,322.0,396.0,312.0,236.0,234.0,232.0
1.0,1778.0,740.0,703.0,971.0,803.0,288.0,273.0,242.0,236.0,234.0,233.0,253.0,239.0,248.0,622.0,540.0,616.0,288.0,273.0,242.0,236.0,234.0,233.0
1.0,2009.0,689.0,703.0,1030.0,462.0,191.0,117.0,154.0,236.0,234.0,233.0,225.0,240.0,224.0,656.0,663.0,690.0,191.0,117.0,154.0,236.0,234.0,233.0
1.0,2350.0,737.0,704.0,803.0,400.0,151.0,98.0,151.0,236.0,235.0,233.0,248.0,250.0,239.0,753.0,819.0,778.0,151.0,98.0,151.0,236.0,235.0,233.0
1.0,2416.0,730.0,706.0,462.0,676.0,209.0,227.0,240.0,237.0,235.0,234.0,245.0,246.0,239.0,793.0,842.0,781.0,209.0,227.0,240.0,237.0,235.0,234.0
1.0,2148.0,758.0,707.0,400.0,1038.0,308.0,392.0,338.0,237.0,236.0,234.0,250.0,259.0,249.0,739.0,713.0,696.0,308.0,392.0,338.0,237.0,236.0,234.0
1.0,1790.0,719.0,707.0,676.0,1081.0,336.0,405.0,340.0,237.0,236.0,234.0,237.0,240.0,242.0,640.0,552.0,598.0,336.0,405.0,340.0,237.0,236.0,234.0
1.0,1747.0,704.0,708.0,1038.0,751.0,260.0,246.0,245.0,237.0,236.0,235.0,232.0,233.0,239.0,612.0,539.0,596.0,260.0,246.0,245.0,237.0,236.0,235.0
1.0,2081.0,716.0,710.0,1081.0,394.0,164.0,88.0,142.0,238.0,237.0,235.0,236.0,243.0,237.0,688.0,698.0,695.0,164.0,88.0,142.0,238.0,237.0,235.0
1.0,2446.0,726.0,711.0,751.0,373.0,145.0,86.0,142.0,238.0,238.0,235.0,241.0,240.0,245.0,788.0,860.0,798.0,145.0,86.0,142.0,238.0,238.0,235.0
1.0,2471.0,748.0,712.0,394.0,731.0,225.0,253.0,253.0,238.0,238.0,236.0,244.0,255.0,249.0,807.0,866.0,798.0,225.0,253.0,253.0,238.0,238.0,236.0
1.0,2117.0,740.0,712.0,373.0,1098.0,329.0,409.0,360.0,238.0,238.0,236.0,249.0,242.0,249.0,727.0,699.0,691.0,329.0,409.0,360.0,238.0,238.0,236.0
1.0,1750.0,707.0,713.0,731.0,1078.0,333.0,405.0,340.0,238.0,239.0,236.0,229.0,245.0,233.0,623.0,543.0,584.0,333.0,405.0,340.0,238.0,239.0,236.0
1.0,1774.0,761.0,713.0,1098.0,741.0,255.0,242.0,244.0,238.0,239.0,236.0,251.0,246.0,264.0,619.0,551.0,604.0,255.0,242.0,244.0,238.0,239.0,236.0
1.0,2111.0,769.0,714.0,1078.0,436.0,176.0,86.0,174.0,238.0,239.0,237.0,254.0,249.0,266.0,697.0,714.0,700.0,176.0,86.0,174.0,238.0,239.0,237.0
1.0,2420.0,777.0,717.0,741.0,484.0,185.0,103.0,196.0,239.0,240.0,238.0,260.0,255.0,262.0,776.0,870.0,774.0,185.0,103.0,196.0,239.0,240.0,238.0
1.0,2384.0,757.0,717.0,436.0,805.0,267.0,267.0,271.0,239.0,240.0,238.0,258.0,250.0,249.0,771.0,857.0,756.0,267.0,267.0,271.0,239.0,240.0,238.0
1.0,2063.0,750.0,719.0,484.0,1079.0,325.0,425.0,329.0,240.0,241.0,238.0,239.0,257.0,254.0,689.0,693.0,681.0,325.0,425.0,329.0,240.0,241.0,238.0
1.0,1797.0,743.0,720.0,805.0,1021.0,313.0,398.0,310.0,240.0,241.0,239.0,255.0,240.0,248.0,635.0,539.0,623.0,313.0,398.0,310.0,240.0,241.0,239.0
1.0,1859.0,733.0,720.0,1079.0,675.0,228.0,213.0,234.0,240.0,241.0,239.0,240.0,240.0,253.0,647.0,566.0,646.0,228.0,213.0,234.0,240.0,241.0,239.0
1.0,2205.0,762.0,722.0,1021.0,424.0,168.0,70.0,186.0,240.0,242.0,240.0,253.0,251.0,258.0,732.0,751.0,722.0,168.0,70.0,186.0,240.0,242.0,240.0
1.0,2464.0,765.0,723.0,675.0,518.0,194.0,105.0,219.0,240.0,242.0,241.0,254.0,248.0,263.0,792.0,898.0,774.0,194.0,105.0,219.0,240.0,242.0,241.0
1.0,2374.0,744.0,724.0,424.0,842.0,279.0,278.0,285.0,241.0,242.0,241.0,249.0,243.0,252.0,766.0,863.0,745.0,279.0,278.0,285.0,241.0,242.0,241.0
1.0,2054.0,770.0,725.0,518.0,1098.0,343.0,423.0,332.0,241.0,243.0,241.0,258.0,246.0,266.0,685.0,690.0,679.0,343.0,423.0,332.0,241.0,243.0,241.0
1.0,1802.0,718.0,726.0,842.0,978.0,308.0,374.0,296.0,241.0,243.0,242.0,244.0,229.0,245.0,621.0,549.0,632.0,308.0,374.0,296.0,241.0,243.0,242.0
1.0,1926.0,766.0,726.0,1098.0,646.0,218.0,208.0,220.0,241.0,243.0,242.0,253.0,257.0,256.0,656.0,598.0,672.0,218.0,208.0,220.0,241.0,243.0,242.0
1.0,2258.0,729.0,727.0,978.0,401.0,164.0,71.0,166.0,242.0,243.0,242.0,250.0,237.0,242.0,746.0,764.0,748.0,164.0,71.0,166.0,242.0,243.0,242.0
1.0,2507.0,804.0,729.0,646.0,567.0,215.0,124.0,228.0,242.0,244.0,243.0,269.0,257.0,278.0,804.0,901.0,802.0,215.0,124.0,228.0,242.0,244.0,243.0
1.0,2349.0,757.0,729.0,401.0,923.0,303.0,305.0,315.0,242.0,244.0,243.0,252.0,252.0,253.0,753.0,852.0,744.0,303.0,305.0,315.0,242.0,244.0,243.0
1.0,1993.0,730.0,730.0,567.0,1090.0,336.0,418.0,336.0,242.0,244.0,244.0,248.0,237.0,245.0,665.0,671.0,657.0,336.0,418.0,336.0,242.0,244.0,244.0
1.0,1830.0,750.0,730.0,923.0,917.0,274.0,360.0,283.0,242.0,244.0,244.0,241.0,247.0,262.0,632.0,558.0,640.0,274.0,360.0,283.0,242.0,244.0,244.0
1.0,2003.0,764.0,731.0,1090.0,595.0,197.0,191.0,207.0,243.0,244.0,244.0,255.0,249.0,260.0,694.0,616.0,693.0,197.0,191.0,207.0,243.0,244.0,244.0
1.0,2329.0,798.0,732.0,917.0,480.0,182.0,88.0,210.0,243.0,244.0,245.0,259.0,257.0,282.0,775.0,785.0,769.0,182.0,88.0,210.0,243.0,244.0,245.0
1.0,2448.0,746.0,734.0,595.0,639.0,248.0,139.0,252.0,244.0,245.0,245.0,259.0,238.0,249.0,790.0,888.0,770.0,248.0,139.0,252.0,244.0,245.0,245.0
1.0,2297.0,750.0,734.0,480.0,909.0,315.0,291.0,303.0,244.0,244.0,246.0,249.0,244.0,257.0,728.0,841.0,728.0,315.0,291.0,303.0,244.0,244.0,246.0
1.0,2027.0,771.0,735.0,639.0,1045.0,322.0,411.0,312.0,244.0,245.0,246.0,255.0,255.0,261.0,661.0,685.0,681.0,322.0,411.0,312.0,244.0,245.0,246.0
1.0,1895.0,767.0,736.0,909.0,907.0,262.0,369.0,276.0,244.0,245.0,247.0,255.0,249.0,263.0,654.0,569.0,672.0,262.0,369.0,276.0,244.0,245.0,247.0
1.0,2037.0,732.0,736.0,1045.0,594.0,184.0,200.0,210.0,244.0,245.0,247.0,244.0,242.0,246.0,714.0,611.0,712.0,184.0,200.0,210.0,244.0,245.0,247.0
1.0,2350.0,753.0,737.0,907.0,444.0,181.0,74.0,189.0,245.0,245.0,247.0,255.0,243.0,255.0,792.0,780.0,778.0,181.0,74.0,189.0,245.0,245.0,247.0
1.0,2504.0,721.0,737.0,594.0,571.0,244.0,115.0,212.0,245.0,245.0,247.0,247.0,241.0,233.0,799.0,906.0,799.0,244.0,115.0,212.0,245.0,245.0,247.0
1.0,2377.0,738.0,737.0,444.0,865.0,308.0,285.0,272.0,245.0,245.0,247.0,245.0,244.0,249.0,736.0,865.0,776.0,308.0,285.0,272.0,245.0,245.0,247.0
1.0,2083.0,738.0,737.0,571.0,1032.0,310.0,416.0,306.0,245.0,245.0,247.0,246.0,246.0,246.0,672.0,695.0,716.0,310.0,416.0,306.0,245.0,245.0,247.0
1.0,1916.0,743.0,739.0,865.0,918.0,255.0,373.0,290.0,246.0,245.0,248.0,249.0,242.0,252.0,670.0,564.0,682.0,255.0,373.0,290.0,246.0,245.0,248.0
1.0,2038.0,735.0,739.0,1032.0,621.0,184.0,203.0,234.0,246.0,245.0,248.0,239.0,246.0,250.0,729.0,607.0,702.0,184.0,203.0,234.0,246.0,245.0,248.0
1.0,2335.0,757.0,741.0,918.0,468.0,180.0,89.0,199.0,246.0,246.0,249.0,251.0,255.0,251.0,800.0,777.0,758.0,180.0,89.0,199.0,246.0,246.0,249.0
1.0,2496.0,764.0,742.0,621.0,615.0,262.0,132.0,221.0,247.0,246.0,249.0,262.0,246.0,256.0,804.0,895.0,797.0,262.0,132.0,221.0,247.0,246.0,249.0
1.0,2353.0,750.0,742.0,468.0,897.0,326.0,296.0,275.0,247.0,246.0,249.0,244.0,253.0,253.0,726.0,852.0,775.0,326.0,296.0,275.0,247.0,246.0,249.0
1.0,2071.0,745.0,744.0,615.0,1035.0,315.0,412.0,308.0,248.0,246.0,250.0,247.0,248.0,250.0,662.0,688.0,721.0,315.0,412.0,308.0,248.0,246.0,250.0
1.0,1941.0,744.0,744.0,897.0,882.0,236.0,365.0,281.0,248.0,246.0,250.0,247.0,249.0,248.0,677.0,572.0,692.0,236.0,365.0,281.0,248.0,246.0,250.0
1.0,2094.0,731.0,745.0,1035.0,582.0,157.0,197.0,228.0,248.0,246.0,251.0,236.0,244.0,251.0,756.0,619.0,719.0,157.0,197.0,228.0,248.0,246.0,251.0
1.0,2398.0,732.0,744.0,882.0,428.0,165.0,81.0,182.0,248.0,246.0,250.0,244.0,249.0,239.0,835.0,787.0,776.0,165.0,81.0,182.0,248.0,246.0,250.0
1.0,2548.0,720.0,744.0,582.0,566.0,246.0,128.0,192.0,248.0,246.0,250.0,238.0,244.0,238.0,827.0,903.0,818.0,246.0,128.0,192.0,248.0,246.0,250.0
1.0,2410.0,725.0,745.0,428.0,867.0,321.0,288.0,258.0,248.0,246.0,251.0,240.0,241.0,244.0,746.0,856.0,808.0,321.0,288.0,258.0,248.0,246.0,251.0
1.0,2113.0,767.0,745.0,566.0,1068.0,334.0,419.0,315.0,248.0,246.0,251.0,259.0,259.0,249.0,671.0,696.0,746.0,334.0,419.0,315.0,248.0,246.0,251.0
1.0,1912.0,733.0,746.0,867.0,938.0,260.0,378.0,300.0,248.0,247.0,251.0,247.0,243.0,243.0,658.0,565.0,689.0,260.0,378.0,300.0,248.0,247.0,251.0
1.0,2046.0,783.0,747.0,1068.0,657.0,178.0,229.0,250.0,248.0,247.0,252.0,252.0,270.0,261.0,732.0,610.0,704.0,178.0,229.0,250.0,248.0,247.0,252.0
1.0,2331.0,722.0,747.0,938.0,441.0,159.0,99.0,183.0,248.0,247.0,252.0,241.0,248.0,233.0,814.0,759.0,758.0,159.0,99.0,183.0,248.0,247.0,252.0
1.0,2547.0,752.0,746.0,657.0,532.0,231.0,127.0,174.0,248.0,247.0,251.0,250.0,257.0,245.0,833.0,889.0,825.0,231.0,127.0,174.0,248.0,247.0,251.0
1.0,2452.0,769.0,748.0,441.0,868.0,327.0,283.0,258.0,249.0,247.0,252.0,251.0,255.0,263.0,761.0,861.0,830.0,327.0,283.0,258.0,249.0,247.0,252.0
1.0,2124.0,740.0,749.0,532.0,1080.0,345.0,410.0,325.0,249.0,248.0,252.0,249.0,250.0,241.0,669.0,705.0,750.0,345.0,410.0,325.0,249.0,248.0,252.0
1.0,1916.0,758.0,749.0,868.0,970.0,273.0,384.0,313.0,249.0,248.0,252.0,255.0,257.0,246.0,651.0,582.0,683.0,273.0,384.0,313.0,249.0,248.0,252.0
1.0,2026.0,775.0,750.0,1080.0,669.0,191.0,234.0,244.0,250.0,248.0,252.0,259.0,260.0,256.0,723.0,608.0,695.0,191.0,234.0,244.0,250.0,248.0,252.0
1.0,2331.0,762.0,750.0,970.0,461.0,186.0,101.0,174.0,250.0,248.0,252.0,268.0,251.0,243.0,809.0,758.0,764.0,186.0,101.0,174.0,250.0,248.0,252.0
1.0,2539.0,768.0,751.0,669.0,564.0,253.0,135.0,176.0,250.0,249.0,252.0,258.0,264.0,246.0,814.0,891.0,834.0,253.0,135.0,176.0,250.0,249.0,252.0
1.0,2440.0,767.0,752.0,461.0,874.0,338.0,287.0,249.0,251.0,249.0,252.0,267.0,253.0,247.0,747.0,861.0,832.0,338.0,287.0,249.0,251.0,249.0,252.0
1.0,2134.0,787.0,752.0,564.0,1097.0,354.0,423.0,320.0,251.0,249.0,252.0,269.0,271.0,247.0,666.0,709.0,759.0,354.0,423.0,320.0,251.0,249.0,252.0
1.0,1911.0,780.0,753.0,874.0,1007.0,284.0,393.0,330.0,252.0,249.0,252.0,264.0,257.0,259.0,650.0,573.0,688.0,284.0,393.0,330.0,252.0,249.0,252.0
1.0,2005.0,821.0,754.0,1097.0,735.0,209.0,251.0,275.0,252.0,250.0,252.0,279.0,277.0,265.0,724.0,603.0,678.0,209.0,251.0,275.0,252.0,250.0,252.0
1.0,2281.0,767.0,754.0,1007.0,495.0,177.0,122.0,196.0,252.0,250.0,252.0,252.0,264.0,251.0,799.0,749.0,733.0,177.0,122.0,196.0,252.0,250.0,252.0
1.0,2521.0,791.0,754.0,735.0,551.0,237.0,133.0,181.0,252.0,250.0,252.0,269.0,262.0,260.0,831.0,878.0,812.0,237.0,133.0,181.0,252.0,250.0,252.0
1.0,2465.0,794.0,756.0,495.0,858.0,334.0,282.0,242.0,253.0,251.0,252.0,270.0,267.0,257.0,771.0,867.0,827.0,334.0,282.0,242.0,253.0,251.0,252.0
1.0,2166.0,802.0,756.0,551.0,1109.0,367.0,420.0,322.0,253.0,251.0,252.0,270.0,271.0,261.0,678.0,722.0,766.0,367.0,420.0,322.0,253.0,251.0,252.0
1.0,1915.0,808.0,758.0,858.0,1067.0,307.0,422.0,338.0,254.0,252.0,252.0,270.0,280.0,258.0,645.0,584.0,686.0,307.0,422.0,338.0,254.0,252.0,252.0
1.0,1965.0,806.0,758.0,1109.0,764.0,210.0,276.0,278.0,254.0,252.0,252.0,270.0,274.0,262.0,709.0,586.0,670.0,210.0,276.0,278.0,254.0,252.0,252.0
1.0,2268.0,796.0,760.0,1067.0,501.0,172.0,124.0,205.0,254.0,253.0,253.0,269.0,266.0,261.0,806.0,732.0,730.0,172.0,124.0,205.0,254.0,253.0,253.0
1.0,2539.0,779.0,759.0,764.0,512.0,223.0,112.0,177.0,254.0,253.0,252.0,261.0,264.0,254.0,844.0,888.0,807.0,223.0,112.0,177.0,254.0,253.0,252.0
1.0,2524.0,794.0,762.0,501.0,817.0,328.0,252.0,237.0,255.0,254.0,253.0,273.0,260.0,261.0,793.0,900.0,831.0,328.0,252.0,237.0,255.0,254.0,253.0
1.0,2231.0,781.0,762.0,512.0,1086.0,361.0,403.0,322.0,255.0,254.0,253.0,256.0,263.0,262.0,692.0,764.0,775.0,361.0,403.0,322.0,255.0,254.0,253.0
1.0,1962.0,794.0,762.0,817.0,1063.0,291.0,420.0,352.0,255.0,254.0,253.0,258.0,269.0,267.0,659.0,613.0,690.0,291.0,420.0,352.0,255.0,254.0,253.0
1.0,1985.0,874.0,765.0,1086.0,863.0,231.0,307.0,325.0,256.0,255.0,254.0,297.0,286.0,291.0,729.0,596.0,660.0,231.0,307.0,325.0,256.0,255.0,254.0
1.0,2197.0,801.0,765.0,1063.0,601.0,206.0,162.0,233.0,256.0,255.0,254.0,266.0,275.0,260.0,793.0,713.0,691.0,206.0,162.0,233.0,256.0,255.0,254.0
1.0,2459.0,822.0,766.0,863.0,564.0,242.0,139.0,183.0,256.0,256.0,254.0,267.0,280.0,275.0,818.0,858.0,783.0,242.0,139.0,183.0,256.0,256.0,254.0
1.0,2500.0,763.0,766.0,601.0,726.0,291.0,230.0,205.0,256.0,256.0,254.0,255.0,253.0,255.0,782.0,885.0,833.0,291.0,230.0,205.0,256.0,256.0,254.0
1.0,2338.0,831.0,768.0,564.0,1001.0,333.0,373.0,295.0,257.0,257.0,254.0,280.0,278.0,273.0,733.0,794.0,811.0,333.0,373.0,295.0,257.0,257.0,254.0
1.0,2071.0,789.0,768.0,726.0,1064.0,306.0,408.0,350.0,257.0,257.0,254.0,264.0,265.0,260.0,695.0,655.0,721.0,306.0,408.0,350.0,257.0,257.0,254.0
1.0,2008.0,800.0,769.0,1001.0,867.0,247.0,302.0,318.0,257.0,258.0,254.0,274.0,263.0,263.0,722.0,620.0,666.0,247.0,302.0,318.0,257.0,258.0,254.0
1.0,2209.0,831.0,770.0,1064.0,638.0,226.0,171.0,241.0,258.0,258.0,254.0,281.0,277.0,273.0,781.0,730.0,698.0,226.0,171.0,241.0,258.0,258.0,254.0
1.0,2442.0,798.0,770.0,867.0,569.0,245.0,139.0,185.0,258.0,258.0,254.0,266.0,270.0,262.0,806.0,861.0,775.0,245.0,139.0,185.0,258.0,258.0,254.0
1.0,2511.0,732.0,770.0,638.0,663.0,264.0,212.0,187.0,258.0,258.0,254.0,245.0,244.0,243.0,787.0,893.0,831.0,264.0,212.0,187.0,258.0,258.0,254.0
1.0,2417.0,789.0,772.0,569.0,891.0,281.0,337.0,273.0,258.0,259.0,255.0,262.0,260.0,267.0,768.0,820.0,829.0,281.0,337.0,273.0,258.0,259.0,255.0
1.0,2197.0,725.0,771.0,663.0,949.0,259.0,361.0,329.0,258.0,259.0,254.0,242.0,236.0,247.0,751.0,699.0,747.0,259.0,361.0,329.0,258.0,259.0,254.0
1.0,2135.0,772.0,772.0,891.0,834.0,231.0,281.0,322.0,258.0,259.0,255.0,253.0,257.0,262.0,773.0,675.0,687.0,231.0,281.0,322.0,258.0,259.0,255.0
1.0,2254.0,781.0,772.0,949.0,666.0,230.0,172.0,264.0,258.0,259.0,255.0,258.0,252.0,271.0,801.0,755.0,698.0,230.0,172.0,264.0,258.0,259.0,255.0
1.0,2422.0,809.0,774.0,834.0,649.0,272.0,151.0,226.0,259.0,259.0,256.0,269.0,260.0,280.0,802.0,864.0,756.0,272.0,151.0,226.0,259.0,259.0,256.0
1.0,2447.0,768.0,775.0,666.0,755.0,299.0,237.0,219.0,259.0,260.0,256.0,257.0,254.0,257.0,764.0,885.0,798.0,299.0,237.0,219.0,259.0,260.0,256.0
1.0,2345.0,767.0,775.0,649.0,873.0,280.0,341.0,252.0,259.0,260.0,256.0,253.0,255.0,259.0,737.0,803.0,805.0,280.0,341.0,252.0,259.0,260.0,256.0
1.0,2227.0,735.0,774.0,755.0,849.0,230.0,340.0,279.0,259.0,259.0,256.0,249.0,240.0,246.0,756.0,699.0,772.0,230.0,340.0,279.0,259.0,259.0,256.0
1.0,2247.0,798.0,775.0,873.0,778.0,208.0,273.0,297.0,259.0,260.0,256.0,258.0,270.0,270.0,806.0,696.0,745.0,208.0,273.0,297.0,259.0,260.0,256.0
1.0,2322.0,737.0,775.0,849.0,666.0,218.0,179.0,269.0,259.0,260.0,256.0,240.0,246.0,251.0,828.0,767.0,727.0,218.0,179.0,269.0,259.0,260.0,256.0
1.0,2434.0,837.0,777.0,778.0,733.0,287.0,181.0,265.0,260.0,260.0,257.0,273.0,275.0,289.0,818.0,861.0,755.0,287.0,181.0,265.0,260.0,260.0,257.0
1.0,2375.0,790.0,778.0,666.0,861.0,327.0,262.0,272.0,260.0,260.0,258.0,258.0,260.0,272.0,753.0,859.0,763.0,327.0,262.0,272.0,260.0,260.0,258.0
1.0,2251.0,773.0,779.0,733.0,905.0,292.0,343.0,270.0,260.0,261.0,258.0,252.0,258.0,263.0,713.0,778.0,760.0,292.0,343.0,270.0,260.0,261.0,258.0
1.0,2211.0,782.0,780.0,861.0,830.0,218.0,333.0,279.0,260.0,261.0,259.0,253.0,252.0,277.0,748.0,701.0,762.0,218.0,333.0,279.0,260.0,261.0,259.0
1.0,2290.0,749.0,780.0,905.0,674.0,173.0,229.0,272.0,260.0,261.0,259.0,247.0,239.0,263.0,822.0,711.0,757.0,173.0,229.0,272.0,260.0,261.0,259.0
1.0,2446.0,776.0,782.0,830.0,628.0,216.0,146.0,266.0,261.0,261.0,260.0,257.0,250.0,269.0,867.0,815.0,764.0,216.0,146.0,266.0,261.0,261.0,260.0
1.0,2500.0,768.0,782.0,674.0,722.0,288.0,163.0,271.0,261.0,261.0,260.0,245.0,246.0,277.0,828.0,898.0,774.0,288.0,163.0,271.0,261.0,261.0,260.0
1.0,2406.0,847.0,783.0,628.0,945.0,348.0,295.0,302.0,261.0,261.0,261.0,276.0,278.0,293.0,756.0,881.0,769.0,348.0,295.0,302.0,261.0,261.0,261.0
1.0,2187.0,794.0,783.0,722.0,1017.0,311.0,398.0,308.0,261.0,261.0,261.0,251.0,266.0,277.0,696.0,749.0,742.0,311.0,398.0,308.0,261.0,261.0,261.0
1.0,2115.0,800.0,786.0,945.0,884.0,236.0,369.0,279.0,262.0,262.0,262.0,269.0,262.0,269.0,733.0,646.0,736.0,236.0,369.0,279.0,262.0,262.0,262.0
1.0,2260.0,781.0,786.0,1017.0,648.0,181.0,234.0,233.0,262.0,262.0,262.0,256.0,263.0,262.0,812.0,679.0,769.0,181.0,234.0,233.0,262.0,262.0,262.0
1.0,2496.0,751.0,785.0,884.0,511.0,187.0,108.0,216.0,262.0,261.0,262.0,242.0,247.0,262.0,867.0,814.0,815.0,187.0,108.0,216.0,262.0,261.0,262.0
1.0,2629.0,775.0,787.0,648.0,646.0,258.0,137.0,251.0,262.0,262.0,263.0,252.0,259.0,264.0,861.0,936.0,832.0,258.0,137.0,251.0,262.0,262.0,263.0
1.0,2502.0,789.0,787.0,511.0,924.0,336.0,291.0,297.0,262.0,262.0,263.0,265.0,262.0,262.0,790.0,911.0,801.0,336.0,291.0,297.0,262.0,262.0,263.0
1.0,2224.0,770.0,787.0,646.0,1048.0,332.0,411.0,305.0,262.0,262.0,263.0,254.0,257.0,259.0,712.0,757.0,755.0,332.0,411.0,305.0,262.0,262.0,263.0
1.0,2100.0,806.0,788.0,924.0,934.0,263.0,389.0,282.0,262.0,262.0,264.0,267.0,269.0,270.0,716.0,637.0,747.0,263.0,389.0,282.0,262.0,262.0,264.0
1.0,2218.0,818.0,788.0,1048.0,704.0,206.0,240.0,258.0,262.0,262.0,264.0,275.0,262.0,281.0,785.0,659.0,774.0,206.0,240.0,258.0,262.0,262.0,264.0
1.0,2448.0,813.0,789.0,934.0,587.0,216.0,124.0,247.0,262.0,262.0,265.0,273.0,273.0,267.0,842.0,808.0,798.0,216.0,124.0,247.0,262.0,262.0,265.0
1.0,2569.0,787.0,789.0,704.0,670.0,269.0,143.0,258.0,262.0,262.0,265.0,259.0,259.0,269.0,832.0,924.0,813.0,269.0,143.0,258.0,262.0,262.0,265.0
1.0,2486.0,778.0,789.0,587.0,861.0,315.0,271.0,275.0,262.0,262.0,265.0,262.0,252.0,264.0,779.0,905.0,802.0,315.0,271.0,275.0,262.0,262.0,265.0
1.0,2295.0,815.0,789.0,670.0,1006.0,322.0,391.0,293.0,262.0,262.0,265.0,276.0,263.0,276.0,733.0,777.0,785.0,322.0,391.0,293.0,262.0,262.0,265.0
1.0,2150.0,825.0,790.0,861.0,974.0,288.0,391.0,295.0,262.0,262.0,266.0,281.0,271.0,273.0,726.0,657.0,767.0,288.0,391.0,295.0,262.0,262.0,266.0
1.0,2186.0,819.0,791.0,1006.0,791.0,247.0,270.0,274.0,263.0,262.0,266.0,277.0,270.0,272.0,760.0,657.0,769.0,247.0,270.0,274.0,263.0,262.0,266.0
1.0,2373.0,828.0,792.0,974.0,649.0,233.0,151.0,265.0,263.0,262.0,267.0,274.0,272.0,282.0,805.0,778.0,790.0,233.0,151.0,265.0,263.0,262.0,267.0
1.0,2519.0,805.0,791.0,791.0,659.0,244.0,165.0,250.0,262.0,262.0,267.0,262.0,284.0,259.0,819.0,897.0,803.0,244.0,165.0,250.0,262.0,262.0,267.0
1.0,2505.0,806.0,792.0,649.0,820.0,287.0,287.0,246.0,263.0,262.0,267.0,272.0,273.0,261.0,804.0,883.0,818.0,287.0,287.0,246.0,263.0,262.0,267.0
1.0,2348.0,785.0,790.0,659.0,938.0,308.0,388.0,242.0,262.0,262.0,266.0,269.0,266.0,250.0,765.0,761.0,822.0,308.0,388.0,242.0,262.0,262.0,266.0
1.0,2222.0,799.0,791.0,820.0,921.0,296.0,371.0,254.0,263.0,262.0,266.0,271.0,270.0,258.0,740.0,660.0,822.0,296.0,371.0,254.0,263.0,262.0,266.0
1.0,2243.0,806.0,791.0,938.0,789.0,260.0,256.0,273.0,263.0,262.0,266.0,272.0,273.0,261.0,756.0,677.0,810.0,260.0,256.0,273.0,263.0,262.0,266.0
1.0,2375.0,837.0,793.0,921.0,713.0,243.0,180.0,290.0,263.0,263.0,267.0,279.0,291.0,267.0,792.0,792.0,791.0,243.0,180.0,290.0,263.0,263.0,267.0
1.0,2459.0,804.0,793.0,789.0,728.0,256.0,192.0,280.0,263.0,263.0,267.0,273.0,268.0,263.0,809.0,872.0,778.0,256.0,192.0,280.0,263.0,263.0,267.0
1.0,2444.0,833.0,794.0,713.0,852.0,298.0,295.0,259.0,264.0,263.0,267.0,281.0,283.0,269.0,796.0,860.0,788.0,298.0,295.0,259.0,264.0,263.0,267.0
1.0,2324.0,848.0,792.0,728.0,964.0,319.0,393.0,252.0,263.0,263.0,266.0,281.0,290.0,277.0,758.0,757.0,809.0,319.0,393.0,252.0,263.0,263.0,266.0
1.0,2204.0,793.0,792.0,852.0,905.0,292.0,369.0,244.0,263.0,263.0,266.0,271.0,271.0,251.0,733.0,659.0,812.0,292.0,369.0,244.0,263.0,263.0,266.0
1.0,2263.0,783.0,792.0,964.0,724.0,237.0,238.0,249.0,263.0,263.0,266.0,264.0,262.0,257.0,760.0,683.0,820.0,237.0,238.0,249.0,263.0,263.0,266.0
1.0,2444.0,815.0,794.0,905.0,642.0,224.0,155.0,263.0,264.0,264.0,266.0,275.0,282.0,258.0,815.0,814.0,815.0,224.0,155.0,263.0,264.0,264.0,266.0
1.0,2534.0,840.0,794.0,724.0,758.0,277.0,202.0,279.0,264.0,264.0,266.0,290.0,285.0,265.0,832.0,901.0,801.0,277.0,202.0,279.0,264.0,264.0,266.0
1.0,2418.0,813.0,794.0,642.0,929.0,331.0,315.0,283.0,264.0,264.0,266.0,278.0,268.0,267.0,779.0,854.0,785.0,331.0,315.0,283.0,264.0,264.0,266.0
1.0,2247.0,822.0,794.0,758.0,993.0,335.0,385.0,273.0,264.0,264.0,266.0,281.0,272.0,269.0,725.0,741.0,781.0,335.0,385.0,273.0,264.0,264.0,266.0
1.0,2183.0,821.0,794.0,929.0,885.0,283.0,352.0,250.0,264.0,264.0,266.0,279.0,282.0,260.0,721.0,671.0,791.0,283.0,352.0,250.0,264.0,264.0,266.0
1.0,2291.0,808.0,795.0,993.0,704.0,231.0,240.0,233.0,265.0,264.0,266.0,279.0,273.0,256.0,773.0,704.0,814.0,231.0,240.0,233.0,265.0,264.0,266.0
1.0,2476.0,825.0,796.0,885.0,648.0,226.0,171.0,251.0,265.0,265.0,266.0,278.0,279.0,268.0,829.0,816.0,831.0,226.0,171.0,251.0,265.0,265.0,266.0
1.0,2536.0,797.0,796.0,704.0,741.0,259.0,203.0,279.0,265.0,265.0,266.0,264.0,272.0,261.0,834.0,889.0,813.0,259.0,203.0,279.0,265.0,265.0,266.0
1.0,2443.0,845.0,799.0,648.0,950.0,319.0,321.0,310.0,266.0,266.0,267.0,282.0,285.0,278.0,801.0,857.0,785.0,319.0,321.0,310.0,266.0,266.0,267.0
1.0,2246.0,837.0,800.0,741.0,1050.0,345.0,402.0,303.0,267.0,266.0,267.0,281.0,284.0,272.0,745.0,743.0,758.0,345.0,402.0,303.0,267.0,266.0,267.0
1.0,2150.0,805.0,800.0,950.0,905.0,295.0,370.0,240.0,267.0,267.0,266.0,269.0,285.0,251.0,723.0,662.0,765.0,295.0,370.0,240.0,267.0,267.0,266.0
1.0,2295.0,813.0,800.0,1050.0,668.0,215.0,249.0,204.0,267.0,267.0,266.0,265.0,281.0,267.0,773.0,698.0,824.0,215.0,249.0,204.0,267.0,267.0,266.0
1.0,2532.0,788.0,801.0,905.0,555.0,180.0,156.0,219.0,267.0,268.0,266.0,260.0,273.0,255.0,853.0,819.0,860.0,180.0,156.0,219.0,267.0,268.0,266.0
1.0,2649.0,821.0,801.0,668.0,708.0,231.0,196.0,281.0,267.0,268.0,266.0,266.0,289.0,266.0,888.0,916.0,845.0,231.0,196.0,281.0,267.0,268.0,266.0
1.0,2496.0,792.0,803.0,555.0,953.0,317.0,305.0,331.0,267.0,269.0,267.0,266.0,261.0,265.0,837.0,876.0,783.0,317.0,305.0,331.0,267.0,269.0,267.0
1.0,2259.0,849.0,804.0,708.0,1098.0,370.0,399.0,329.0,268.0,269.0,267.0,280.0,290.0,279.0,751.0,771.0,737.0,370.0,399.0,329.0,268.0,269.0,267.0
1.0,2118.0,843.0,805.0,953.0,992.0,327.0,384.0,281.0,268.0,270.0,267.0,274.0,286.0,283.0,702.0,677.0,739.0,327.0,384.0,281.0,268.0,270.0,267.0
1.0,2228.0,755.0,805.0,1098.0,649.0,206.0,237.0,206.0,268.0,270.0,267.0,249.0,252.0,254.0,745.0,696.0,787.0,206.0,237.0,206.0,268.0,270.0,267.0
1.0,2571.0,808.0,805.0,992.0,465.0,139.0,132.0,194.0,268.0,270.0,267.0,260.0,279.0,269.0,866.0,843.0,862.0,139.0,132.0,194.0,268.0,270.0,267.0
1.0,2755.0,818.0,805.0,649.0,634.0,204.0,167.0,263.0,268.0,270.0,267.0,271.0,272.0,275.0,933.0,948.0,874.0,204.0,167.0,263.0,268.0,270.0,267.0
1.0,2586.0,813.0,807.0,465.0,990.0,337.0,317.0,336.0,269.0,271.0,267.0,268.0,278.0,267.0,868.0,913.0,805.0,337.0,317.0,336.0,269.0,271.0,267.0
1.0,2238.0,804.0,807.0,634.0,1160.0,401.0,415.0,344.0,269.0,271.0,267.0,268.0,265.0,271.0,739.0,767.0,732.0,401.0,415.0,344.0,269.0,271.0,267.0
1.0,2068.0,841.0,809.0,990.0,1019.0,354.0,380.0,285.0,270.0,272.0,267.0,286.0,278.0,277.0,675.0,669.0,724.0,354.0,380.0,285.0,270.0,272.0,267.0
1.0,2217.0,800.0,809.0,1160.0,659.0,212.0,224.0,223.0,270.0,272.0,267.0,259.0,259.0,282.0,726.0,708.0,783.0,212.0,224.0,223.0,270.0,272.0,267.0
1.0,2577.0,793.0,809.0,1019.0,433.0,116.0,105.0,212.0,270.0,272.0,267.0,258.0,261.0,274.0,868.0,864.0,845.0,116.0,105.0,212.0,270.0,272.0,267.0
1.0,2803.0,774.0,808.0,659.0,544.0,158.0,137.0,249.0,270.0,272.0,266.0,254.0,256.0,264.0,964.0,983.0,856.0,158.0,137.0,249.0,270.0,272.0,266.0
1.0,2688.0,785.0,806.0,433.0,888.0,301.0,285.0,302.0,269.0,271.0,266.0,263.0,257.0,265.0,922.0,951.0,815.0,301.0,285.0,302.0,269.0,271.0,266.0
1.0,2336.0,828.0,809.0,544.0,1184.0,417.0,422.0,345.0,270.0,272.0,267.0,270.0,270.0,288.0,775.0,799.0,762.0,417.0,422.0,345.0,270.0,272.0,267.0
1.0,2052.0,806.0,809.0,888.0,1102.0,375.0,405.0,322.0,270.0,272.0,267.0,259.0,268.0,279.0,663.0,666.0,723.0,375.0,405.0,322.0,270.0,272.0,267.0
1.0,2134.0,811.0,810.0,1184.0,733.0,218.0,250.0,265.0,270.0,272.0,268.0,260.0,267.0,284.0,705.0,683.0,746.0,218.0,250.0,265.0,270.0,272.0,268.0
1.0,2507.0,798.0,810.0,1102.0,429.0,106.0,107.0,216.0,270.0,272.0,268.0,263.0,262.0,273.0,862.0,838.0,807.0,106.0,107.0,216.0,270.0,272.0,268.0
1.0,2811.0,790.0,810.0,733.0,486.0,148.0,115.0,223.0,270.0,272.0,268.0,260.0,258.0,272.0,974.0,981.0,856.0,148.0,115.0,223.0,270.0,272.0,268.0
1.0,2754.0,804.0,810.0,429.0,861.0,312.0,268.0,281.0,270.0,272.0,268.0,270.0,260.0,274.0,932.0,973.0,849.0,312.0,268.0,281.0,270.0,272.0,268.0
1.0,2379.0,842.0,810.0,486.0,1217.0,443.0,433.0,341.0,270.0,272.0,268.0,279.0,280.0,283.0,768.0,820.0,791.0,443.0,433.0,341.0,270.0,272.0,268.0
1.0,2023.0,811.0,810.0,861.0,1167.0,399.0,434.0,334.0,270.0,272.0,268.0,268.0,269.0,274.0,637.0,655.0,731.0,399.0,434.0,334.0,270.0,272.0,268.0
1.0,2073.0,854.0,813.0,1217.0,816.0,252.0,281.0,283.0,271.0,273.0,269.0,292.0,276.0,286.0,681.0,654.0,738.0,252.0,281.0,283.0,271.0,273.0,269.0
1.0,2436.0,877.0,813.0,1167.0,526.0,141.0,134.0,251.0,271.0,273.0,269.0,288.0,287.0,302.0,832.0,811.0,793.0,141.0,134.0,251.0,271.0,273.0,269.0
1.0,2726.0,849.0,816.0,816.0,571.0,175.0,141.0,255.0,272.0,274.0,270.0,282.0,284.0,283.0,943.0,958.0,825.0,175.0,141.0,255.0,272.0,274.0,270.0
1.0,2693.0,859.0,816.0,526.0,904.0,321.0,282.0,301.0,272.0,274.0,270.0,287.0,275.0,297.0,913.0,955.0,825.0,321.0,282.0,301.0,272.0,274.0,270.0
1.0,2360.0,851.0,816.0,571.0,1184.0,424.0,422.0,338.0,272.0,274.0,270.0,278.0,281.0,292.0,767.0,814.0,779.0,424.0,422.0,338.0,272.0,274.0,270.0
1.0,2080.0,827.0,816.0,904.0,1107.0,383.0,409.0,315.0,272.0,274.0,270.0,280.0,269.0,278.0,664.0,674.0,742.0,383.0,409.0,315.0,272.0,274.0,270.0
1.0,2157.0,906.0,818.0,1184.0,837.0,263.0,282.0,292.0,273.0,274.0,271.0,300.0,295.0,311.0,705.0,687.0,765.0,263.0,282.0,292.0,273.0,274.0,271.0
1.0,2435.0,890.0,819.0,1107.0,624.0,180.0,155.0,289.0,273.0,274.0,272.0,300.0,282.0,308.0,829.0,814.0,792.0,180.0,155.0,289.0,273.0,274.0,272.0
1.0,2652.0,854.0,820.0,837.0,645.0,200.0,152.0,293.0,273.0,274.0,273.0,283.0,279.0,292.0,912.0,941.0,799.0,200.0,152.0,293.0,273.0,274.0,273.0
1.0,2635.0,836.0,821.0,624.0,861.0,315.0,266.0,280.0,274.0,274.0,273.0,291.0,269.0,276.0,892.0,944.0,799.0,315.0,266.0,280.0,274.0,274.0,273.0
1.0,2423.0,815.0,822.0,645.0,1035.0,380.0,385.0,270.0,274.0,274.0,274.0,265.0,271.0,279.0,781.0,830.0,812.0,380.0,385.0,270.0,274.0,274.0,274.0
1.0,2253.0,848.0,822.0,861.0,1022.0,347.0,398.0,277.0,274.0,274.0,274.0,282.0,279.0,287.0,716.0,711.0,826.0,347.0,398.0,277.0,274.0,274.0,274.0
1.0,2266.0,836.0,822.0,1035.0,823.0,256.0,279.0,288.0,274.0,274.0,274.0,289.0,266.0,281.0,749.0,698.0,819.0,256.0,279.0,288.0,274.0,274.0,274.0
1.0,2465.0,840.0,823.0,1022.0,645.0,200.0,147.0,298.0,274.0,274.0,275.0,291.0,266.0,283.0,840.0,817.0,808.0,200.0,147.0,298.0,274.0,274.0,275.0
1.0,2647.0,836.0,822.0,823.0,654.0,230.0,133.0,291.0,274.0,273.0,275.0,286.0,269.0,281.0,896.0,949.0,802.0,230.0,133.0,291.0,274.0,273.0,275.0
1.0,2634.0,900.0,825.0,645.0,921.0,331.0,288.0,302.0,275.0,274.0,276.0,297.0,298.0,305.0,866.0,959.0,809.0,331.0,288.0,302.0,275.0,274.0,276.0
1.0,2379.0,815.0,825.0,654.0,1082.0,381.0,418.0,283.0,275.0,274.0,276.0,280.0,263.0,272.0,769.0,808.0,802.0,381.0,418.0,283.0,275.0,274.0,276.0
1.0,2218.0,882.0,826.0,921.0,1047.0,343.0,426.0,278.0,275.0,274.0,277.0,293.0,296.0,293.0,719.0,678.0,821.0,343.0,426.0,278.0,275.0,274.0,277.0
1.0,2257.0,877.0,827.0,1082.0,846.0,250.0,313.0,283.0,275.0,275.0,277.0,288.0,301.0,288.0,757.0,670.0,830.0,250.0,313.0,283.0,275.0,275.0,277.0
1.0,2462.0,830.0,827.0,1047.0,629.0,185.0,166.0,278.0,275.0,275.0,277.0,278.0,279.0,273.0,850.0,787.0,825.0,185.0,166.0,278.0,275.0,275.0,277.0
1.0,2679.0,881.0,829.0,846.0,672.0,227.0,142.0,303.0,276.0,275.0,278.0,288.0,289.0,304.0,915.0,934.0,830.0,227.0,142.0,303.0,276.0,275.0,278.0
1.0,2644.0,825.0,829.0,629.0,868.0,321.0,251.0,296.0,276.0,275.0,278.0,279.0,275.0,271.0,877.0,958.0,809.0,321.0,251.0,296.0,276.0,275.0,278.0
1.0,2448.0,848.0,830.0,672.0,1048.0,381.0,377.0,290.0,276.0,275.0,279.0,287.0,268.0,293.0,783.0,849.0,816.0,381.0,377.0,290.0,276.0,275.0,279.0
1.0,2272.0,827.0,830.0,868.0,1007.0,339.0,395.0,273.0,276.0,275.0,279.0,279.0,269.0,279.0,723.0,723.0,826.0,339.0,395.0,273.0,276.0,275.0,279.0
1.0,2313.0,903.0,831.0,1048.0,866.0,253.0,330.0,283.0,276.0,275.0,280.0,295.0,312.0,296.0,765.0,705.0,843.0,253.0,330.0,283.0,276.0,275.0,280.0
1.0,2458.0,879.0,833.0,1007.0,746.0,213.0,228.0,305.0,277.0,276.0,280.0,295.0,289.0,295.0,851.0,770.0,837.0,213.0,228.0,305.0,277.0,276.0,280.0
1.0,2586.0,859.0,833.0,866.0,739.0,250.0,183.0,306.0,277.0,276.0,280.0,290.0,285.0,284.0,895.0,876.0,815.0,250.0,183.0,306.0,277.0,276.0,280.0
1.0,2593.0,865.0,834.0,746.0,862.0,332.0,240.0,290.0,277.0,276.0,281.0,295.0,285.0,285.0,858.0,921.0,814.0,332.0,240.0,290.0,277.0,276.0,281.0
1.0,2474.0,853.0,835.0,739.0,980.0,367.0,341.0,272.0,278.0,276.0,281.0,281.0,284.0,288.0,776.0,864.0,834.0,367.0,341.0,272.0,278.0,276.0,281.0
1.0,2360.0,884.0,836.0,862.0,1006.0,337.0,388.0,281.0,278.0,276.0,282.0,302.0,287.0,295.0,745.0,763.0,852.0,337.0,388.0,281.0,278.0,276.0,282.0
1.0,2338.0,867.0,837.0,980.0,897.0,258.0,350.0,289.0,279.0,276.0,282.0,284.0,303.0,280.0,775.0,716.0,847.0,258.0,350.0,289.0,279.0,276.0,282.0
1.0,2451.0,841.0,839.0,1006.0,740.0,198.0,253.0,289.0,279.0,277.0,283.0,277.0,287.0,277.0,858.0,754.0,839.0,198.0,253.0,289.0,279.0,277.0,283.0
1.0,2616.0,826.0,838.0,897.0,665.0,213.0,179.0,273.0,279.0,276.0,283.0,273.0,280.0,273.0,918.0,855.0,843.0,213.0,179.0,273.0,279.0,276.0,283.0
1.0,2687.0,891.0,839.0,740.0,820.0,308.0,232.0,280.0,279.0,277.0,283.0,293.0,302.0,296.0,903.0,925.0,859.0,308.0,232.0,280.0,279.0,277.0,283.0
1.0,2536.0,843.0,840.0,665.0,1002.0,378.0,337.0,287.0,280.0,277.0,283.0,279.0,284.0,280.0,808.0,876.0,852.0,378.0,337.0,287.0,280.0,277.0,283.0
1.0,2358.0,842.0,841.0,820.0,1028.0,348.0,387.0,293.0,280.0,277.0,284.0,278.0,282.0,282.0,742.0,771.0,845.0,348.0,387.0,293.0,280.0,277.0,284.0
1.0,2336.0,863.0,842.0,1002.0,893.0,255.0,348.0,290.0,280.0,278.0,284.0,285.0,294.0,284.0,772.0,721.0,843.0,255.0,348.0,290.0,280.0,278.0,284.0
1.0,2475.0,831.0,842.0,1028.0,696.0,182.0,244.0,270.0,280.0,278.0,284.0,275.0,283.0,273.0,865.0,764.0,846.0,182.0,244.0,270.0,280.0,278.0,284.0
1.0,2672.0,867.0,843.0,893.0,674.0,226.0,183.0,265.0,281.0,278.0,284.0,295.0,287.0,285.0,938.0,868.0,866.0,226.0,183.0,265.0,281.0,278.0,284.0
1.0,2698.0,848.0,844.0,696.0,830.0,321.0,234.0,275.0,281.0,279.0,284.0,277.0,291.0,280.0,898.0,929.0,871.0,321.0,234.0,275.0,281.0,279.0,284.0
1.0,2546.0,820.0,844.0,674.0,976.0,371.0,329.0,276.0,281.0,279.0,284.0,276.0,278.0,266.0,803.0,882.0,861.0,371.0,329.0,276.0,281.0,279.0,284.0
1.0,2400.0,828.0,845.0,830.0,978.0,333.0,375.0,270.0,282.0,279.0,284.0,279.0,280.0,269.0,753.0,787.0,860.0,333.0,375.0,270.0,282.0,279.0,284.0
1.0,2402.0,828.0,846.0,976.0,834.0,238.0,339.0,257.0,282.0,280.0,284.0,276.0,289.0,263.0,795.0,741.0,866.0,238.0,339.0,257.0,282.0,280.0,284.0
1.0,2550.0,840.0,846.0,978.0,696.0,180.0,241.0,275.0,282.0,280.0,284.0,275.0,277.0,288.0,890.0,781.0,879.0,180.0,241.0,275.0,282.0,280.0,284.0
1.0,2688.0,873.0,848.0,834.0,743.0,241.0,206.0,296.0,283.0,281.0,284.0,295.0,300.0,278.0,948.0,879.0,861.0,241.0,206.0,296.0,283.0,281.0,284.0
1.0,2649.0,838.0,848.0,696.0,885.0,346.0,246.0,293.0,283.0,281.0,284.0,285.0,281.0,272.0,891.0,918.0,840.0,346.0,246.0,293.0,283.0,281.0,284.0
1.0,2507.0,837.0,849.0,743.0,983.0,372.0,339.0,272.0,283.0,282.0,284.0,267.0,295.0,275.0,786.0,878.0,843.0,372.0,339.0,272.0,283.0,282.0,284.0
1.0,2413.0,874.0,850.0,885.0,976.0,318.0,393.0,265.0,284.0,282.0,284.0,288.0,300.0,286.0,760.0,789.0,864.0,318.0,393.0,265.0,284.0,282.0,284.0
1.0,2424.0,900.0,851.0,983.0,897.0,244.0,363.0,290.0,284.0,283.0,284.0,298.0,305.0,297.0,818.0,735.0,871.0,244.0,363.0,290.0,284.0,283.0,284.0
1.0,2507.0,858.0,853.0,976.0,787.0,221.0,268.0,298.0,285.0,284.0,284.0,291.0,294.0,273.0,892.0,769.0,846.0,221.0,268.0,298.0,285.0,284.0,284.0
1.0,2625.0,825.0,853.0,897.0,715.0,247.0,183.0,285.0,285.0,284.0,284.0,270.0,278.0,277.0,919.0,868.0,838.0,247.0,183.0,285.0,285.0,284.0,284.0
1.0,2697.0,829.0,853.0,787.0,757.0,299.0,191.0,267.0,285.0,284.0,284.0,273.0,276.0,280.0,893.0,953.0,851.0,299.0,191.0,267.0,285.0,284.0,284.0
1.0,2655.0,870.0,854.0,715.0,916.0,333.0,303.0,280.0,285.0,284.0,285.0,281.0,295.0,294.0,841.0,945.0,869.0,333.0,303.0,280.0,285.0,284.0,285.0
1.0,2500.0,800.0,852.0,757.0,951.0,295.0,382.0,274.0,284.0,284.0,284.0,265.0,270.0,265.0,807.0,833.0,860.0,295.0,382.0,274.0,284.0,284.0,284.0
1.0,2457.0,825.0,852.0,916.0,860.0,241.0,360.0,259.0,284.0,284.0,284.0,279.0,281.0,265.0,841.0,754.0,862.0,241.0,360.0,259.0,284.0,284.0,284.0
1.0,2548.0,857.0,851.0,951.0,762.0,235.0,264.0,263.0,284.0,284.0,283.0,289.0,286.0,282.0,895.0,776.0,877.0,235.0,264.0,263.0,284.0,284.0,283.0
1.0,2642.0,840.0,851.0,860.0,742.0,274.0,191.0,277.0,284.0,284.0,283.0,280.0,287.0,273.0,901.0,872.0,869.0,274.0,191.0,277.0,284.0,284.0,283.0
1.0,2662.0,835.0,852.0,762.0,819.0,312.0,213.0,294.0,284.0,285.0,283.0,273.0,282.0,280.0,862.0,945.0,855.0,312.0,213.0,294.0,284.0,285.0,283.0
1.0,2589.0,836.0,850.0,742.0,905.0,324.0,288.0,293.0,284.0,284.0,282.0,286.0,270.0,280.0,824.0,927.0,838.0,324.0,288.0,293.0,284.0,284.0,282.0
1.0,2495.0,873.0,849.0,819.0,955.0,293.0,370.0,292.0,283.0,284.0,282.0,285.0,295.0,293.0,812.0,848.0,835.0,293.0,370.0,292.0,283.0,284.0,282.0
1.0,2441.0,902.0,851.0,905.0,960.0,282.0,376.0,302.0,284.0,285.0,282.0,309.0,290.0,303.0,839.0,766.0,836.0,282.0,376.0,302.0,284.0,285.0,282.0
1.0,2444.0,858.0,851.0,955.0,863.0,281.0,289.0,293.0,284.0,285.0,282.0,292.0,283.0,283.0,854.0,764.0,826.0,281.0,289.0,293.0,284.0,285.0,282.0
1.0,2541.0,873.0,853.0,960.0,784.0,297.0,202.0,285.0,285.0,285.0,283.0,294.0,289.0,290.0,855.0,851.0,835.0,297.0,202.0,285.0,285.0,285.0,283.0
1.0,2628.0,858.0,852.0,863.0,775.0,306.0,200.0,269.0,285.0,285.0,282.0,290.0,287.0,281.0,843.0,938.0,847.0,306.0,200.0,269.0,285.0,285.0,282.0
1.0,2633.0,806.0,851.0,784.0,793.0,274.0,263.0,256.0,284.0,285.0,282.0,269.0,265.0,272.0,834.0,940.0,859.0,274.0,263.0,256.0,284.0,285.0,282.0
1.0,2611.0,842.0,852.0,775.0,864.0,248.0,350.0,266.0,284.0,286.0,282.0,280.0,283.0,279.0,862.0,877.0,872.0,248.0,350.0,266.0,284.0,286.0,282.0
1.0,2544.0,875.0,852.0,793.0,946.0,265.0,378.0,303.0,284.0,286.0,282.0,291.0,291.0,293.0,888.0,794.0,862.0,265.0,378.0,303.0,284.0,286.0,282.0
1.0,2462.0,888.0,852.0,864.0,970.0,313.0,321.0,336.0,284.0,286.0,282.0,296.0,293.0,299.0,871.0,766.0,825.0,313.0,321.0,336.0,284.0,286.0,282.0
1.0,2438.0,874.0,854.0,946.0,906.0,344.0,238.0,324.0,284.0,287.0,283.0,296.0,291.0,287.0,823.0,823.0,792.0,344.0,238.0,324.0,284.0,287.0,283.0
1.0,2510.0,872.0,854.0,970.0,808.0,333.0,196.0,279.0,285.0,286.0,283.0,298.0,283.0,291.0,792.0,910.0,808.0,333.0,196.0,279.0,285.0,286.0,283.0
1.0,2608.0,895.0,854.0,906.0,797.0,293.0,245.0,259.0,285.0,286.0,283.0,304.0,287.0,304.0,807.0,948.0,853.0,293.0,245.0,259.0,285.0,286.0,283.0
1.0,2619.0,905.0,855.0,808.0,898.0,273.0,345.0,280.0,286.0,286.0,283.0,309.0,296.0,300.0,847.0,899.0,873.0,273.0,345.0,280.0,286.0,286.0,283.0
1.0,2522.0,864.0,855.0,797.0,965.0,279.0,382.0,304.0,286.0,286.0,283.0,299.0,282.0,283.0,871.0,799.0,852.0,279.0,382.0,304.0,286.0,286.0,283.0
1.0,2455.0,850.0,855.0,898.0,917.0,292.0,318.0,307.0,286.0,286.0,283.0,286.0,281.0,283.0,865.0,762.0,828.0,292.0,318.0,307.0,286.0,286.0,283.0
1.0,2503.0,911.0,857.0,965.0,871.0,323.0,229.0,319.0,286.0,287.0,284.0,310.0,289.0,312.0,852.0,826.0,825.0,323.0,229.0,319.0,286.0,287.0,284.0
1.0,2557.0,875.0,858.0,917.0,833.0,328.0,197.0,308.0,287.0,287.0,284.0,293.0,286.0,296.0,821.0,919.0,817.0,328.0,197.0,308.0,287.0,287.0,284.0
1.0,2599.0,914.0,858.0,871.0,876.0,320.0,259.0,297.0,287.0,287.0,284.0,315.0,291.0,308.0,820.0,951.0,828.0,320.0,259.0,297.0,287.0,287.0,284.0
1.0,2556.0,894.0,858.0,833.0,937.0,300.0,350.0,287.0,287.0,287.0,284.0,308.0,288.0,298.0,828.0,889.0,839.0,300.0,350.0,287.0,287.0,287.0,284.0
1.0,2495.0,887.0,858.0,876.0,948.0,282.0,380.0,286.0,287.0,287.0,284.0,302.0,289.0,296.0,848.0,798.0,849.0,282.0,380.0,286.0,287.0,287.0,284.0
1.0,2484.0,914.0,860.0,937.0,933.0,299.0,325.0,309.0,288.0,287.0,285.0,313.0,295.0,306.0,866.0,768.0,850.0,299.0,325.0,309.0,288.0,287.0,285.0
1.0,2507.0,910.0,860.0,948.0,895.0,324.0,250.0,321.0,288.0,287.0,285.0,307.0,305.0,298.0,853.0,823.0,831.0,324.0,250.0,321.0,288.0,287.0,285.0
1.0,2545.0,923.0,861.0,933.0,889.0,334.0,235.0,320.0,288.0,288.0,285.0,309.0,306.0,308.0,828.0,898.0,819.0,334.0,235.0,320.0,288.0,288.0,285.0
1.0,2555.0,886.0,862.0,895.0,884.0,308.0,268.0,308.0,289.0,287.0,286.0,294.0,287.0,305.0,818.0,917.0,820.0,308.0,268.0,308.0,289.0,287.0,286.0
1.0,2564.0,870.0,862.0,889.0,865.0,262.0,316.0,287.0,289.0,287.0,286.0,288.0,283.0,299.0,848.0,880.0,836.0,262.0,316.0,287.0,289.0,287.0,286.0
1.0,2583.0,867.0,863.0,884.0,852.0,249.0,330.0,273.0,289.0,287.0,287.0,295.0,282.0,290.0,894.0,832.0,857.0,249.0,330.0,273.0,289.0,287.0,287.0
1.0,2600.0,917.0,864.0,865.0,908.0,304.0,314.0,290.0,290.0,287.0,287.0,313.0,300.0,304.0,907.0,818.0,875.0,304.0,314.0,290.0,290.0,287.0,287.0
1.0,2548.0,841.0,864.0,852.0,897.0,337.0,258.0,302.0,290.0,287.0,287.0,282.0,274.0,285.0,856.0,834.0,858.0,337.0,258.0,302.0,290.0,287.0,287.0
1.0,2559.0,868.0,864.0,908.0,857.0,323.0,225.0,309.0,290.0,287.0,287.0,290.0,281.0,297.0,823.0,890.0,846.0,323.0,225.0,309.0,290.0,287.0,287.0
1.0,2599.0,862.0,864.0,897.0,822.0,268.0,249.0,305.0,290.0,287.0,287.0,282.0,282.0,298.0,837.0,923.0,839.0,268.0,249.0,305.0,290.0,287.0,287.0
1.0,2634.0,876.0,865.0,857.0,845.0,238.0,320.0,287.0,290.0,287.0,288.0,293.0,296.0,287.0,892.0,899.0,843.0,238.0,320.0,287.0,290.0,287.0,288.0
1.0,2615.0,877.0,865.0,822.0,900.0,263.0,363.0,274.0,290.0,287.0,288.0,293.0,292.0,292.0,922.0,828.0,865.0,263.0,363.0,274.0,290.0,287.0,288.0
1.0,2560.0,892.0,866.0,845.0,951.0,328.0,338.0,285.0,291.0,287.0,288.0,299.0,295.0,298.0,897.0,785.0,878.0,328.0,338.0,285.0,291.0,287.0,288.0
1.0,2513.0,845.0,867.0,900.0,900.0,347.0,246.0,307.0,291.0,287.0,289.0,282.0,271.0,292.0,836.0,810.0,867.0,347.0,246.0,307.0,291.0,287.0,289.0
1.0,2568.0,902.0,868.0,951.0,855.0,316.0,212.0,327.0,291.0,288.0,289.0,297.0,300.0,305.0,817.0,902.0,849.0,316.0,212.0,327.0,291.0,288.0,289.0
1.0,2617.0,885.0,869.0,900.0,844.0,259.0,263.0,322.0,291.0,288.0,290.0,290.0,297.0,298.0,848.0,940.0,829.0,259.0,263.0,322.0,291.0,288.0,290.0
1.0,2632.0,880.0,869.0,855.0,869.0,227.0,347.0,295.0,291.0,288.0,290.0,284.0,296.0,300.0,905.0,889.0,838.0,227.0,347.0,295.0,291.0,288.0,290.0
1.0,2607.0,898.0,871.0,844.0,931.0,268.0,377.0,286.0,292.0,288.0,291.0,296.0,293.0,309.0,937.0,805.0,865.0,268.0,377.0,286.0,292.0,288.0,291.0
1.0,2553.0,839.0,870.0,869.0,897.0,313.0,309.0,275.0,291.0,288.0,291.0,276.0,279.0,284.0,900.0,775.0,878.0,313.0,309.0,275.0,291.0,288.0,291.0
1.0,2583.0,903.0,871.0,931.0,873.0,353.0,235.0,285.0,292.0,288.0,291.0,304.0,303.0,296.0,851.0,843.0,889.0,353.0,235.0,285.0,292.0,288.0,291.0
1.0,2611.0,866.0,872.0,897.0,846.0,322.0,216.0,308.0,292.0,288.0,292.0,282.0,290.0,294.0,815.0,917.0,879.0,322.0,216.0,308.0,292.0,288.0,292.0
1.0,2642.0,896.0,872.0,873.0,869.0,265.0,280.0,324.0,292.0,288.0,292.0,296.0,299.0,301.0,846.0,936.0,860.0,265.0,280.0,324.0,292.0,288.0,292.0
1.0,2619.0,889.0,872.0,846.0,912.0,233.0,368.0,311.0,292.0,288.0,292.0,290.0,304.0,295.0,903.0,872.0,844.0,233.0,368.0,311.0,292.0,288.0,292.0
1.0,2576.0,863.0,872.0,869.0,906.0,253.0,377.0,276.0,292.0,288.0,292.0,285.0,289.0,289.0,935.0,784.0,857.0,253.0,377.0,276.0,292.0,288.0,292.0
1.0,2582.0,886.0,874.0,912.0,888.0,309.0,311.0,268.0,292.0,289.0,293.0,289.0,298.0,299.0,915.0,775.0,892.0,309.0,311.0,268.0,292.0,289.0,293.0
1.0,2608.0,896.0,875.0,906.0,882.0,360.0,237.0,285.0,293.0,289.0,293.0,300.0,303.0,293.0,859.0,845.0,904.0,360.0,237.0,285.0,293.0,289.0,293.0
1.0,2618.0,866.0,875.0,888.0,860.0,338.0,212.0,310.0,293.0,289.0,293.0,287.0,286.0,293.0,812.0,919.0,887.0,338.0,212.0,310.0,293.0,289.0,293.0
1.0,2640.0,896.0,878.0,882.0,886.0,278.0,288.0,320.0,294.0,290.0,294.0,296.0,309.0,291.0,834.0,944.0,862.0,278.0,288.0,320.0,294.0,290.0,294.0
1.0,2626.0,940.0,878.0,860.0,966.0,254.0,385.0,327.0,294.0,290.0,294.0,314.0,309.0,317.0,898.0,872.0,856.0,254.0,385.0,327.0,294.0,290.0,294.0
1.0,2546.0,906.0,879.0,886.0,990.0,277.0,402.0,311.0,294.0,290.0,295.0,301.0,305.0,300.0,922.0,775.0,849.0,277.0,402.0,311.0,294.0,290.0,295.0
1.0,2526.0,903.0,881.0,966.0,935.0,323.0,329.0,283.0,295.0,291.0,295.0,296.0,308.0,299.0,899.0,758.0,869.0,323.0,329.0,283.0,295.0,291.0,295.0
1.0,2589.0,933.0,883.0,990.0,886.0,352.0,250.0,284.0,295.0,292.0,296.0,306.0,319.0,308.0,857.0,835.0,897.0,352.0,250.0,284.0,295.0,292.0,296.0
1.0,2646.0,869.0,883.0,935.0,820.0,316.0,214.0,290.0,295.0,292.0,296.0,287.0,293.0,289.0,828.0,918.0,900.0,316.0,214.0,290.0,295.0,292.0,296.0
1.0,2712.0,892.0,883.0,886.0,826.0,264.0,261.0,301.0,295.0,292.0,296.0,300.0,297.0,295.0,864.0,954.0,894.0,264.0,261.0,301.0,295.0,292.0,296.0
1.0,2706.0,897.0,883.0,820.0,903.0,245.0,354.0,304.0,295.0,292.0,296.0,297.0,307.0,293.0,916.0,907.0,883.0,245.0,354.0,304.0,295.0,292.0,296.0
1.0,2629.0,879.0,883.0,826.0,956.0,273.0,386.0,297.0,295.0,292.0,296.0,292.0,293.0,294.0,935.0,814.0,880.0,273.0,386.0,297.0,295.0,292.0,296.0
1.0,2576.0,907.0,885.0,903.0,968.0,337.0,337.0,294.0,296.0,293.0,296.0,305.0,301.0,301.0,907.0,782.0,887.0,337.0,337.0,294.0,296.0,293.0,296.0
1.0,2572.0,885.0,886.0,956.0,901.0,353.0,255.0,293.0,296.0,293.0,297.0,289.0,304.0,292.0,847.0,835.0,890.0,353.0,255.0,293.0,296.0,293.0,297.0
1.0,2643.0,913.0,887.0,968.0,850.0,322.0,233.0,295.0,296.0,294.0,297.0,306.0,311.0,296.0,831.0,917.0,895.0,322.0,233.0,295.0,296.0,294.0,297.0
1.0,2698.0,946.0,889.0,901.0,903.0,288.0,308.0,307.0,297.0,295.0,297.0,315.0,326.0,305.0,862.0,943.0,893.0,288.0,308.0,307.0,297.0,295.0,297.0
1.0,2653.0,924.0,889.0,850.0,977.0,272.0,389.0,316.0,297.0,295.0,297.0,306.0,314.0,304.0,900.0,872.0,881.0,272.0,389.0,316.0,297.0,295.0,297.0
1.0,2579.0,951.0,892.0,903.0,1037.0,310.0,406.0,321.0,298.0,296.0,298.0,322.0,321.0,308.0,916.0,791.0,872.0,310.0,406.0,321.0,298.0,296.0,298.0
1.0,2531.0,919.0,892.0,977.0,979.0,343.0,324.0,312.0,298.0,296.0,298.0,305.0,307.0,307.0,882.0,778.0,871.0,343.0,324.0,312.0,298.0,296.0,298.0
1.0,2589.0,944.0,893.0,1037.0,890.0,353.0,235.0,302.0,298.0,297.0,298.0,320.0,313.0,311.0,849.0,860.0,880.0,353.0,235.0,302.0,298.0,297.0,298.0
1.0,2682.0,905.0,893.0,979.0,816.0,319.0,210.0,287.0,298.0,297.0,298.0,309.0,299.0,297.0,839.0,953.0,890.0,319.0,210.0,287.0,298.0,297.0,298.0
1.0,2756.0,908.0,893.0,890.0,834.0,274.0,269.0,291.0,298.0,297.0,298.0,308.0,294.0,306.0,873.0,978.0,905.0,274.0,269.0,291.0,298.0,297.0,298.0
1.0,2738.0,922.0,895.0,816.0,948.0,274.0,359.0,315.0,299.0,297.0,299.0,315.0,300.0,307.0,918.0,919.0,901.0,274.0,359.0,315.0,299.0,297.0,299.0
1.0,2632.0,866.0,893.0,834.0,972.0,291.0,381.0,300.0,298.0,297.0,298.0,295.0,291.0,280.0,922.0,829.0,881.0,291.0,381.0,300.0,298.0,297.0,298.0
1.0,2600.0,886.0,895.0,948.0,918.0,322.0,325.0,271.0,299.0,298.0,298.0,301.0,299.0,286.0,901.0,807.0,892.0,322.0,325.0,271.0,299.0,298.0,298.0
1.0,2662.0,907.0,895.0,972.0,853.0,344.0,243.0,266.0,299.0,298.0,298.0,313.0,299.0,295.0,874.0,867.0,921.0,344.0,243.0,266.0,299.0,298.0,298.0
1.0,2727.0,899.0,895.0,918.0,834.0,332.0,216.0,286.0,299.0,298.0,298.0,310.0,298.0,291.0,852.0,949.0,926.0,332.0,216.0,286.0,299.0,298.0,298.0
1.0,2746.0,919.0,895.0,853.0,900.0,300.0,284.0,316.0,299.0,298.0,298.0,312.0,311.0,296.0,864.0,976.0,906.0,300.0,284.0,316.0,299.0,298.0,298.0
1.0,2680.0,912.0,895.0,834.0,978.0,281.0,368.0,329.0,299.0,298.0,298.0,313.0,300.0,299.0,896.0,908.0,876.0,281.0,368.0,329.0,299.0,298.0,298.0
1.0,2602.0,902.0,895.0,900.0,980.0,292.0,380.0,308.0,299.0,298.0,298.0,311.0,296.0,295.0,915.0,824.0,863.0,292.0,380.0,308.0,299.0,298.0,298.0
1.0,2600.0,942.0,895.0,978.0,944.0,329.0,328.0,287.0,299.0,298.0,298.0,318.0,316.0,308.0,904.0,812.0,884.0,329.0,328.0,287.0,299.0,298.0,298.0
1.0,2636.0,944.0,897.0,980.0,916.0,367.0,259.0,290.0,300.0,299.0,298.0,326.0,307.0,311.0,867.0,864.0,905.0,367.0,259.0,290.0,300.0,299.0,298.0
1.0,2672.0,883.0,897.0,944.0,855.0,338.0,221.0,296.0,300.0,299.0,298.0,300.0,290.0,293.0,833.0,937.0,902.0,338.0,221.0,296.0,300.0,299.0,298.0
1.0,2733.0,871.0,896.0,916.0,806.0,267.0,251.0,288.0,300.0,299.0,297.0,296.0,289.0,286.0,862.0,975.0,896.0,267.0,251.0,288.0,300.0,299.0,297.0
1.0,2778.0,920.0,896.0,855.0,871.0,242.0,333.0,296.0,300.0,299.0,297.0,313.0,303.0,304.0,933.0,945.0,900.0,242.0,333.0,296.0,300.0,299.0,297.0
1.0,2713.0,881.0,897.0,806.0,950.0,277.0,369.0,304.0,300.0,299.0,298.0,302.0,287.0,292.0,958.0,863.0,892.0,277.0,369.0,304.0,300.0,299.0,298.0
1.0,2638.0,904.0,899.0,871.0,991.0,343.0,338.0,310.0,301.0,300.0,298.0,304.0,298.0,302.0,923.0,827.0,888.0,343.0,338.0,310.0,301.0,300.0,298.0
1.0,2605.0,894.0,899.0,950.0,935.0,374.0,258.0,303.0,301.0,300.0,298.0,308.0,289.0,297.0,861.0,862.0,882.0,374.0,258.0,303.0,301.0,300.0,298.0
1.0,2661.0,875.0,899.0,991.0,819.0,332.0,200.0,287.0,301.0,300.0,298.0,301.0,280.0,294.0,830.0,942.0,889.0,332.0,200.0,287.0,301.0,300.0,298.0
1.0,2777.0,857.0,898.0,935.0,737.0,247.0,225.0,265.0,301.0,299.0,298.0,289.0,287.0,281.0,872.0,1000.0,905.0,247.0,225.0,265.0,301.0,299.0,298.0
1.0,2855.0,896.0,898.0,819.0,814.0,212.0,320.0,282.0,301.0,299.0,298.0,297.0,295.0,304.0,957.0,971.0,927.0,212.0,320.0,282.0,301.0,299.0,298.0
1.0,2778.0,873.0,899.0,737.0,954.0,257.0,388.0,309.0,301.0,300.0,298.0,292.0,289.0,292.0,992.0,876.0,910.0,257.0,388.0,309.0,301.0,300.0,298.0
1.0,2642.0,908.0,899.0,814.0,1048.0,348.0,373.0,327.0,301.0,300.0,298.0,303.0,305.0,300.0,947.0,812.0,883.0,348.0,373.0,327.0,301.0,300.0,298.0
1.0,2548.0,890.0,900.0,954.0,988.0,392.0,279.0,317.0,302.0,300.0,298.0,297.0,294.0,299.0,856.0,827.0,865.0,392.0,279.0,317.0,302.0,300.0,298.0
1.0,2612.0,866.0,899.0,1048.0,802.0,338.0,191.0,273.0,302.0,300.0,297.0,294.0,285.0,287.0,816.0,921.0,875.0,338.0,191.0,273.0,302.0,300.0,297.0
1.0,2794.0,927.0,899.0,988.0,741.0,261.0,213.0,267.0,302.0,300.0,297.0,315.0,301.0,311.0,870.0,1009.0,915.0,261.0,213.0,267.0,302.0,300.0,297.0
1.0,2855.0,913.0,901.0,802.0,860.0,228.0,325.0,307.0,303.0,300.0,298.0,301.0,303.0,309.0,947.0,987.0,921.0,228.0,325.0,307.0,303.0,300.0,298.0
1.0,2744.0,910.0,900.0,741.0,1025.0,264.0,415.0,346.0,302.0,300.0,298.0,301.0,303.0,306.0,984.0,875.0,885.0,264.0,415.0,346.0,302.0,300.0,298.0
1.0,2575.0,908.0,902.0,860.0,1081.0,343.0,398.0,340.0,303.0,301.0,298.0,303.0,304.0,301.0,944.0,785.0,846.0,343.0,398.0,340.0,303.0,301.0,298.0
1.0,2527.0,906.0,902.0,1025.0,962.0,377.0,282.0,303.0,303.0,301.0,298.0,298.0,299.0,309.0,869.0,806.0,852.0,377.0,282.0,303.0,303.0,301.0,298.0
1.0,2646.0,880.0,901.0,1081.0,757.0,325.0,172.0,260.0,303.0,300.0,298.0,291.0,292.0,297.0,835.0,922.0,889.0,325.0,172.0,260.0,303.0,300.0,298.0
1.0,2847.0,933.0,904.0,962.0,740.0,266.0,196.0,278.0,304.0,301.0,299.0,314.0,302.0,317.0,887.0,1028.0,932.0,266.0,196.0,278.0,304.0,301.0,299.0
1.0,2876.0,919.0,904.0,757.0,902.0,246.0,336.0,320.0,304.0,301.0,299.0,305.0,312.0,302.0,950.0,1008.0,918.0,246.0,336.0,320.0,304.0,301.0,299.0
1.0,2714.0,899.0,904.0,740.0,1061.0,282.0,439.0,340.0,304.0,301.0,299.0,302.0,299.0,298.0,970.0,868.0,876.0,282.0,439.0,340.0,304.0,301.0,299.0
1.0,2555.0,891.0,904.0,902.0,1050.0,334.0,394.0,322.0,304.0,301.0,299.0,298.0,291.0,302.0,934.0,765.0,856.0,334.0,394.0,322.0,304.0,301.0,299.0
1.0,2566.0,949.0,905.0,1061.0,942.0,360.0,276.0,306.0,304.0,301.0,300.0,308.0,321.0,320.0,882.0,810.0,874.0,360.0,276.0,306.0,304.0,301.0,300.0
1.0,2678.0,915.0,905.0,1050.0,807.0,325.0,185.0,297.0,304.0,301.0,300.0,299.0,303.0,313.0,856.0,928.0,894.0,325.0,185.0,297.0,304.0,301.0,300.0
1.0,2813.0,966.0,905.0,942.0,831.0,285.0,234.0,312.0,304.0,301.0,300.0,320.0,325.0,321.0,891.0,1019.0,903.0,285.0,234.0,312.0,304.0,301.0,300.0
1.0,2789.0,915.0,906.0,807.0,943.0,243.0,372.0,328.0,304.0,302.0,300.0,283.0,319.0,313.0,931.0,970.0,888.0,243.0,372.0,328.0,304.0,302.0,300.0
1.0,2681.0,899.0,905.0,831.0,1007.0,248.0,437.0,322.0,304.0,301.0,300.0,290.0,303.0,306.0,973.0,836.0,872.0,248.0,437.0,322.0,304.0,301.0,300.0
1.0,2613.0,885.0,906.0,943.0,953.0,295.0,366.0,292.0,304.0,301.0,301.0,290.0,301.0,294.0,968.0,767.0,878.0,295.0,366.0,292.0,304.0,301.0,301.0
1.0,2671.0,948.0,907.0,1007.0,898.0,356.0,261.0,281.0,304.0,302.0,301.0,309.0,328.0,311.0,921.0,838.0,912.0,356.0,261.0,281.0,304.0,302.0,301.0
1.0,2730.0,954.0,908.0,953.0,903.0,366.0,211.0,326.0,304.0,302.0,302.0,305.0,316.0,333.0,860.0,947.0,923.0,366.0,211.0,326.0,304.0,302.0,302.0
1.0,2729.0,892.0,908.0,898.0,897.0,306.0,245.0,346.0,304.0,302.0,302.0,296.0,295.0,301.0,850.0,997.0,882.0,306.0,245.0,346.0,304.0,302.0,302.0
1.0,2735.0,925.0,908.0,903.0,919.0,240.0,342.0,337.0,304.0,302.0,302.0,300.0,308.0,317.0,910.0,963.0,862.0,240.0,342.0,337.0,304.0,302.0,302.0
1.0,2713.0,975.0,911.0,897.0,1009.0,253.0,437.0,319.0,305.0,303.0,303.0,315.0,336.0,324.0,976.0,866.0,871.0,253.0,437.0,319.0,305.0,303.0,303.0
1.0,2635.0,927.0,911.0,919.0,1017.0,321.0,413.0,283.0,305.0,303.0,303.0,308.0,318.0,301.0,967.0,775.0,893.0,321.0,413.0,283.0,305.0,303.0,303.0
1.0,2627.0,957.0,911.0,1009.0,965.0,378.0,296.0,291.0,305.0,303.0,303.0,310.0,320.0,327.0,899.0,799.0,929.0,378.0,296.0,291.0,305.0,303.0,303.0
1.0,2679.0,943.0,911.0,1017.0,891.0,362.0,205.0,324.0,305.0,303.0,303.0,305.0,322.0,316.0,842.0,916.0,921.0,362.0,205.0,324.0,305.0,303.0,303.0
1.0,2753.0,975.0,912.0,965.0,905.0,302.0,244.0,359.0,305.0,303.0,304.0,318.0,335.0,322.0,858.0,1007.0,888.0,302.0,244.0,359.0,305.0,303.0,304.0
1.0,2743.0,991.0,913.0,891.0,1009.0,267.0,372.0,370.0,305.0,304.0,304.0,327.0,329.0,335.0,918.0,968.0,857.0,267.0,372.0,370.0,305.0,304.0,304.0
1.0,2643.0,969.0,913.0,905.0,1073.0,289.0,450.0,334.0,305.0,304.0,304.0,324.0,322.0,323.0,953.0,844.0,846.0,289.0,450.0,334.0,305.0,304.0,304.0
1.0,2579.0,948.0,914.0,1009.0,1016.0,335.0,395.0,286.0,305.0,304.0,305.0,313.0,317.0,318.0,931.0,766.0,882.0,335.0,395.0,286.0,305.0,304.0,305.0
1.0,2640.0,924.0,915.0,1073.0,871.0,349.0,256.0,266.0,305.0,305.0,305.0,303.0,307.0,314.0,885.0,821.0,934.0,349.0,256.0,266.0,305.0,305.0,305.0
1.0,2789.0,925.0,915.0,1016.0,780.0,316.0,171.0,293.0,305.0,305.0,305.0,302.0,310.0,313.0,871.0,964.0,954.0,316.0,171.0,293.0,305.0,305.0,305.0
1.0,2880.0,947.0,916.0,871.0,860.0,277.0,239.0,344.0,305.0,305.0,306.0,310.0,324.0,313.0,904.0,1049.0,927.0,277.0,239.0,344.0,305.0,305.0,306.0
1.0,2804.0,965.0,917.0,780.0,1049.0,277.0,396.0,376.0,305.0,306.0,306.0,316.0,324.0,325.0,943.0,981.0,880.0,277.0,396.0,376.0,305.0,306.0,306.0
1.0,2619.0,958.0,919.0,860.0,1155.0,318.0,496.0,341.0,305.0,307.0,307.0,318.0,335.0,305.0,943.0,828.0,848.0,318.0,496.0,341.0,305.0,307.0,307.0
1.0,2521.0,956.0,920.0,1049.0,1066.0,367.0,413.0,286.0,306.0,307.0,307.0,322.0,313.0,321.0,902.0,732.0,887.0,367.0,413.0,286.0,306.0,307.0,307.0
1.0,2614.0,954.0,921.0,1155.0,869.0,374.0,232.0,263.0,306.0,307.0,308.0,325.0,315.0,314.0,857.0,815.0,942.0,374.0,232.0,263.0,306.0,307.0,308.0
1.0,2815.0,941.0,921.0,1066.0,744.0,320.0,132.0,292.0,306.0,307.0,308.0,313.0,313.0,315.0,850.0,996.0,969.0,320.0,132.0,292.0,306.0,307.0,308.0
1.0,2940.0,959.0,922.0,869.0,838.0,265.0,224.0,349.0,306.0,308.0,308.0,319.0,320.0,320.0,904.0,1096.0,940.0,265.0,224.0,349.0,306.0,308.0,308.0
1.0,2850.0,966.0,923.0,744.0,1064.0,258.0,418.0,388.0,306.0,308.0,309.0,313.0,326.0,327.0,959.0,1008.0,883.0,258.0,418.0,388.0,306.0,308.0,309.0
1.0,2628.0,909.0,923.0,838.0,1135.0,302.0,491.0,342.0,306.0,308.0,309.0,309.0,297.0,303.0,966.0,814.0,848.0,302.0,491.0,342.0,306.0,308.0,309.0
1.0,2557.0,967.0,923.0,1064.0,1038.0,387.0,387.0,264.0,306.0,308.0,309.0,343.0,314.0,310.0,922.0,741.0,894.0,387.0,387.0,264.0,306.0,308.0,309.0
1.0,2654.0,913.0,924.0,1135.0,820.0,397.0,201.0,222.0,307.0,308.0,309.0,308.0,305.0,300.0,837.0,845.0,972.0,397.0,201.0,222.0,307.0,308.0,309.0
1.0,2876.0,899.0,924.0,1038.0,681.0,314.0,110.0,257.0,307.0,308.0,309.0,304.0,296.0,299.0,831.0,1031.0,1014.0,314.0,110.0,257.0,307.0,308.0,309.0
1.0,3015.0,916.0,925.0,820.0,781.0,226.0,212.0,343.0,307.0,309.0,309.0,309.0,299.0,308.0,914.0,1122.0,979.0,226.0,212.0,343.0,307.0,309.0,309.0
1.0,2919.0,964.0,926.0,681.0,1068.0,238.0,421.0,409.0,307.0,309.0,310.0,326.0,319.0,319.0,1002.0,1024.0,893.0,238.0,421.0,409.0,307.0,309.0,310.0
1.0,2636.0,984.0,928.0,781.0,1279.0,356.0,539.0,384.0,308.0,310.0,310.0,340.0,326.0,318.0,990.0,815.0,831.0,356.0,539.0,384.0,308.0,310.0,310.0
1.0,2433.0,939.0,928.0,1068.0,1150.0,445.0,430.0,275.0,308.0,310.0,310.0,327.0,312.0,300.0,876.0,701.0,856.0,445.0,430.0,275.0,308.0,310.0,310.0
1.0,2562.0,973.0,931.0,1279.0,856.0,420.0,220.0,216.0,309.0,311.0,311.0,327.0,325.0,321.0,787.0,810.0,965.0,420.0,220.0,216.0,309.0,311.0,311.0
1.0,2868.0,944.0,931.0,1150.0,650.0,297.0,105.0,248.0,309.0,311.0,311.0,322.0,315.0,307.0,816.0,1024.0,1028.0,297.0,105.0,248.0,309.0,311.0,311.0
1.0,3074.0,927.0,932.0,856.0,725.0,206.0,179.0,340.0,310.0,311.0,311.0,325.0,294.0,308.0,939.0,1139.0,996.0,206.0,179.0,340.0,310.0,311.0,311.0
1.0,3003.0,925.0,933.0,650.0,1004.0,226.0,372.0,406.0,310.0,311.0,312.0,317.0,298.0,310.0,1034.0,1065.0,904.0,226.0,372.0,406.0,310.0,311.0,312.0
1.0,2728.0,945.0,935.0,725.0,1232.0,342.0,507.0,383.0,311.0,312.0,312.0,318.0,310.0,317.0,1014.0,872.0,842.0,342.0,507.0,383.0,311.0,312.0,312.0
1.0,2508.0,954.0,935.0,1004.0,1182.0,442.0,450.0,290.0,311.0,312.0,312.0,326.0,315.0,313.0,902.0,741.0,865.0,442.0,450.0,290.0,311.0,312.0,312.0
1.0,2558.0,915.0,935.0,1232.0,865.0,414.0,241.0,210.0,311.0,312.0,312.0,314.0,298.0,303.0,802.0,798.0,958.0,414.0,241.0,210.0,311.0,312.0,312.0
1.0,2875.0,912.0,935.0,1182.0,595.0,277.0,98.0,220.0,311.0,312.0,312.0,305.0,307.0,300.0,830.0,1007.0,1038.0,277.0,98.0,220.0,311.0,312.0,312.0
1.0,3145.0,933.0,936.0,865.0,667.0,187.0,163.0,317.0,312.0,312.0,312.0,320.0,306.0,307.0,967.0,1150.0,1028.0,187.0,163.0,317.0,312.0,312.0,312.0
1.0,3077.0,952.0,937.0,595.0,1028.0,235.0,388.0,405.0,312.0,313.0,312.0,325.0,319.0,308.0,1061.0,1085.0,931.0,235.0,388.0,405.0,312.0,313.0,312.0
1.0,2720.0,945.0,938.0,667.0,1310.0,370.0,543.0,397.0,313.0,313.0,312.0,318.0,318.0,309.0,1013.0,864.0,843.0,370.0,543.0,397.0,313.0,313.0,312.0
1.0,2442.0,885.0,938.0,1028.0,1167.0,434.0,443.0,290.0,313.0,313.0,312.0,299.0,288.0,298.0,882.0,709.0,851.0,434.0,443.0,290.0,313.0,313.0,312.0
1.0,2585.0,930.0,938.0,1310.0,787.0,382.0,211.0,194.0,313.0,313.0,312.0,318.0,311.0,301.0,818.0,809.0,958.0,382.0,211.0,194.0,313.0,313.0,312.0
1.0,2965.0,932.0,938.0,1167.0,552.0,261.0,72.0,219.0,313.0,313.0,312.0,313.0,304.0,315.0,870.0,1041.0,1054.0,261.0,72.0,219.0,313.0,313.0,312.0
1.0,3200.0,940.0,938.0,787.0,705.0,195.0,174.0,336.0,313.0,313.0,312.0,316.0,313.0,311.0,991.0,1180.0,1029.0,195.0,174.0,336.0,313.0,313.0,312.0
1.0,3047.0,935.0,939.0,552.0,1092.0,245.0,408.0,439.0,313.0,313.0,313.0,311.0,306.0,318.0,1057.0,1078.0,912.0,245.0,408.0,439.0,313.0,313.0,313.0
1.0,2664.0,937.0,940.0,705.0,1328.0,364.0,553.0,411.0,314.0,313.0,313.0,310.0,319.0,308.0,1007.0,844.0,813.0,364.0,553.0,411.0,314.0,313.0,313.0
1.0,2432.0,938.0,940.0,1092.0,1174.0,427.0,473.0,274.0,314.0,314.0,312.0,308.0,324.0,306.0,892.0,699.0,841.0,427.0,473.0,274.0,314.0,314.0,312.0
1.0,2586.0,959.0,940.0,1328.0,805.0,383.0,236.0,186.0,314.0,314.0,312.0,320.0,316.0,323.0,829.0,783.0,974.0,383.0,236.0,186.0,314.0,314.0,312.0
1.0,2955.0,1000.0,942.0,1174.0,639.0,288.0,97.0,254.0,315.0,314.0,313.0,328.0,334.0,338.0,873.0,1020.0,1062.0,288.0,97.0,254.0,315.0,314.0,313.0
1.0,3129.0,954.0,942.0,805.0,788.0,217.0,179.0,392.0,315.0,314.0,313.0,312.0,318.0,324.0,972.0,1159.0,998.0,217.0,179.0,392.0,315.0,314.0,313.0
1.0,2980.0,963.0,945.0,639.0,1124.0,252.0,407.0,465.0,316.0,315.0,314.0,319.0,321.0,323.0,1043.0,1077.0,860.0,252.0,407.0,465.0,316.0,315.0,314.0
1.0,2656.0,999.0,945.0,788.0,1335.0,368.0,569.0,398.0,316.0,315.0,314.0,333.0,341.0,325.0,1012.0,853.0,791.0,368.0,569.0,398.0,316.0,315.0,314.0
1.0,2445.0,974.0,945.0,1124.0,1185.0,435.0,485.0,265.0,316.0,315.0,314.0,319.0,323.0,332.0,896.0,691.0,858.0,435.0,485.0,265.0,316.0,315.0,314.0
1.0,2595.0,970.0,947.0,1335.0,828.0,399.0,244.0,185.0,317.0,316.0,314.0,328.0,324.0,318.0,829.0,775.0,991.0,399.0,244.0,185.0,317.0,316.0,314.0
1.0,2960.0,965.0,948.0,1185.0,612.0,281.0,78.0,253.0,317.0,316.0,315.0,317.0,319.0,329.0,869.0,1020.0,1071.0,281.0,78.0,253.0,317.0,316.0,315.0
1.0,3180.0,1000.0,948.0,828.0,784.0,209.0,169.0,406.0,317.0,316.0,315.0,327.0,335.0,338.0,987.0,1186.0,1007.0,209.0,169.0,406.0,317.0,316.0,315.0
1.0,3008.0,970.0,950.0,612.0,1150.0,254.0,408.0,488.0,318.0,316.0,316.0,322.0,317.0,331.0,1059.0,1095.0,854.0,254.0,408.0,488.0,318.0,316.0,316.0
1.0,2650.0,959.0,949.0,784.0,1321.0,365.0,554.0,402.0,318.0,316.0,315.0,320.0,315.0,324.0,1018.0,856.0,776.0,365.0,554.0,402.0,318.0,316.0,315.0
1.0,2475.0,997.0,950.0,1150.0,1172.0,441.0,484.0,247.0,318.0,316.0,316.0,330.0,338.0,329.0,907.0,710.0,858.0,441.0,484.0,247.0,318.0,316.0,316.0
1.0,2628.0,953.0,950.0,1321.0,804.0,393.0,249.0,162.0,318.0,316.0,316.0,317.0,319.0,317.0,831.0,780.0,1017.0,393.0,249.0,162.0,318.0,316.0,316.0
1.0,2996.0,933.0,948.0,1172.0,557.0,263.0,73.0,221.0,318.0,315.0,315.0,311.0,312.0,310.0,879.0,1015.0,1102.0,263.0,73.0,221.0,318.0,315.0,315.0
1.0,3235.0,965.0,948.0,804.0,718.0,183.0,148.0,387.0,318.0,315.0,315.0,313.0,324.0,328.0,1009.0,1187.0,1039.0,183.0,148.0,387.0,318.0,315.0,315.0
1.0,3074.0,966.0,949.0,557.0,1131.0,231.0,409.0,491.0,318.0,316.0,315.0,311.0,330.0,325.0,1089.0,1112.0,873.0,231.0,409.0,491.0,318.0,316.0,315.0
1.0,2665.0,947.0,949.0,718.0,1360.0,364.0,579.0,417.0,318.0,316.0,315.0,316.0,318.0,313.0,1041.0,855.0,769.0,364.0,579.0,417.0,318.0,316.0,315.0
1.0,2436.0,988.0,951.0,1131.0,1225.0,469.0,500.0,256.0,319.0,316.0,316.0,332.0,330.0,326.0,908.0,685.0,843.0,469.0,500.0,256.0,319.0,316.0,316.0
1.0,2579.0,1029.0,952.0,1360.0,898.0,447.0,272.0,179.0,319.0,317.0,316.0,342.0,347.0,340.0,807.0,764.0,1008.0,447.0,272.0,179.0,319.0,317.0,316.0
1.0,2910.0,983.0,952.0,1225.0,656.0,304.0,103.0,249.0,319.0,317.0,316.0,326.0,331.0,326.0,829.0,996.0,1085.0,304.0,103.0,249.0,319.0,317.0,316.0
1.0,3152.0,987.0,954.0,898.0,753.0,186.0,167.0,400.0,320.0,317.0,317.0,325.0,336.0,326.0,972.0,1165.0,1015.0,186.0,167.0,400.0,320.0,317.0,317.0
1.0,3063.0,985.0,954.0,656.0,1082.0,205.0,392.0,485.0,320.0,317.0,317.0,323.0,328.0,334.0,1094.0,1101.0,868.0,205.0,392.0,485.0,320.0,317.0,317.0
1.0,2734.0,1015.0,955.0,753.0,1348.0,351.0,575.0,422.0,320.0,318.0,317.0,332.0,346.0,337.0,1075.0,876.0,783.0,351.0,575.0,422.0,320.0,318.0,317.0
1.0,2472.0,975.0,955.0,1082.0,1241.0,467.0,514.0,260.0,320.0,318.0,317.0,321.0,331.0,323.0,929.0,697.0,846.0,467.0,514.0,260.0,320.0,318.0,317.0
1.0,2579.0,1013.0,956.0,1348.0,910.0,449.0,281.0,180.0,320.0,318.0,318.0,333.0,342.0,338.0,813.0,758.0,1008.0,449.0,281.0,180.0,320.0,318.0,318.0
1.0,2914.0,1023.0,958.0,1241.0,700.0,328.0,111.0,261.0,321.0,319.0,318.0,342.0,340.0,341.0,831.0,991.0,1092.0,328.0,111.0,261.0,321.0,319.0,318.0
1.0,3132.0,933.0,958.0,910.0,723.0,195.0,142.0,386.0,321.0,319.0,318.0,316.0,312.0,305.0,956.0,1165.0,1011.0,195.0,142.0,386.0,321.0,319.0,318.0
1.0,3109.0,983.0,958.0,700.0,1006.0,198.0,359.0,449.0,321.0,319.0,318.0,331.0,328.0,324.0,1089.0,1134.0,886.0,198.0,359.0,449.0,321.0,319.0,318.0
1.0,2826.0,958.0,959.0,723.0,1245.0,321.0,530.0,394.0,321.0,319.0,319.0,318.0,313.0,327.0,1086.0,917.0,823.0,321.0,530.0,394.0,321.0,319.0,319.0
1.0,2591.0,991.0,960.0,1006.0,1234.0,446.0,510.0,278.0,321.0,320.0,319.0,323.0,335.0,333.0,963.0,746.0,882.0,446.0,510.0,278.0,321.0,320.0,319.0
1.0,2606.0,957.0,961.0,1245.0,950.0,447.0,293.0,210.0,321.0,320.0,320.0,322.0,313.0,322.0,838.0,770.0,998.0,447.0,293.0,210.0,321.0,320.0,320.0
1.0,2894.0,1032.0,963.0,1234.0,756.0,352.0,135.0,269.0,322.0,321.0,320.0,347.0,348.0,337.0,837.0,987.0,1070.0,352.0,135.0,269.0,322.0,321.0,320.0
1.0,3096.0,1019.0,963.0,950.0,825.0,244.0,185.0,396.0,322.0,321.0,320.0,339.0,343.0,337.0,936.0,1149.0,1011.0,244.0,185.0,396.0,322.0,321.0,320.0
1.0,3027.0,996.0,965.0,756.0,1073.0,222.0,387.0,464.0,322.0,322.0,321.0,330.0,333.0,333.0,1044.0,1099.0,884.0,222.0,387.0,464.0,322.0,322.0,321.0
1.0,2787.0,986.0,965.0,825.0,1234.0,314.0,534.0,386.0,322.0,322.0,321.0,336.0,332.0,318.0,1066.0,901.0,820.0,314.0,534.0,386.0,322.0,322.0,321.0
1.0,2626.0,961.0,965.0,1073.0,1122.0,416.0,466.0,240.0,322.0,322.0,321.0,324.0,319.0,318.0,974.0,754.0,898.0,416.0,466.0,240.0,322.0,322.0,321.0
1.0,2738.0,989.0,967.0,1234.0,885.0,421.0,271.0,193.0,322.0,323.0,322.0,319.0,335.0,335.0,872.0,822.0,1044.0,421.0,271.0,193.0,322.0,323.0,322.0
1.0,2983.0,1016.0,968.0,1122.0,783.0,349.0,151.0,283.0,322.0,324.0,322.0,344.0,342.0,330.0,867.0,1021.0,1095.0,349.0,151.0,283.0,322.0,324.0,322.0
1.0,3089.0,991.0,969.0,885.0,893.0,275.0,201.0,417.0,323.0,324.0,322.0,343.0,321.0,327.0,939.0,1145.0,1005.0,275.0,201.0,417.0,323.0,324.0,322.0
1.0,2983.0,940.0,969.0,783.0,1050.0,242.0,361.0,447.0,323.0,324.0,322.0,316.0,311.0,313.0,1017.0,1095.0,871.0,242.0,361.0,447.0,323.0,324.0,322.0
1.0,2826.0,951.0,969.0,893.0,1108.0,286.0,480.0,342.0,323.0,324.0,322.0,319.0,320.0,312.0,1050.0,935.0,841.0,286.0,480.0,342.0,323.0,324.0,322.0
1.0,2768.0,964.0,970.0,1050.0,1026.0,369.0,433.0,224.0,323.0,324.0,323.0,325.0,314.0,325.0,1006.0,816.0,946.0,369.0,433.0,224.0,323.0,324.0,323.0
1.0,2854.0,945.0,971.0,1108.0,867.0,393.0,277.0,197.0,323.0,325.0,323.0,310.0,320.0,315.0,923.0,863.0,1068.0,393.0,277.0,197.0,323.0,325.0,323.0
1.0,3017.0,977.0,972.0,1026.0,822.0,352.0,164.0,306.0,323.0,325.0,324.0,328.0,320.0,329.0,899.0,1023.0,1095.0,352.0,164.0,306.0,323.0,325.0,324.0
1.0,3066.0,948.0,972.0,867.0,903.0,273.0,203.0,427.0,323.0,325.0,324.0,314.0,316.0,318.0,940.0,1136.0,990.0,273.0,203.0,427.0,323.0,325.0,324.0
1.0,2985.0,974.0,973.0,822.0,1059.0,249.0,360.0,450.0,324.0,325.0,324.0,324.0,321.0,329.0,1019.0,1097.0,869.0,249.0,360.0,450.0,324.0,325.0,324.0
1.0,2833.0,1025.0,975.0,903.0,1189.0,329.0,499.0,361.0,324.0,326.0,325.0,353.0,338.0,334.0,1047.0,940.0,846.0,329.0,499.0,361.0,324.0,326.0,325.0
1.0,2711.0,988.0,976.0,1059.0,1122.0,417.0,466.0,239.0,325.0,326.0,325.0,333.0,327.0,328.0,967.0,805.0,939.0,417.0,466.0,239.0,325.0,326.0,325.0
1.0,2782.0,969.0,976.0,1189.0,902.0,411.0,287.0,204.0,325.0,326.0,325.0,323.0,320.0,326.0,883.0,838.0,1061.0,411.0,287.0,204.0,325.0,326.0,325.0
1.0,3002.0,957.0,977.0,1122.0,741.0,317.0,135.0,289.0,325.0,326.0,326.0,323.0,314.0,320.0,889.0,1017.0,1096.0,317.0,135.0,289.0,325.0,326.0,326.0
1.0,3167.0,955.0,977.0,902.0,794.0,219.0,169.0,406.0,325.0,326.0,326.0,313.0,321.0,321.0,983.0,1169.0,1015.0,219.0,169.0,406.0,325.0,326.0,326.0
1.0,3114.0,1044.0,979.0,741.0,1105.0,249.0,396.0,460.0,326.0,327.0,326.0,343.0,358.0,343.0,1081.0,1135.0,898.0,249.0,396.0,460.0,326.0,327.0,326.0
1.0,2811.0,965.0,979.0,794.0,1276.0,363.0,545.0,368.0,326.0,327.0,326.0,333.0,318.0,314.0,1055.0,912.0,844.0,363.0,545.0,368.0,326.0,327.0,326.0
1.0,2640.0,1007.0,980.0,1105.0,1182.0,444.0,476.0,262.0,326.0,327.0,327.0,330.0,327.0,350.0,941.0,763.0,936.0,444.0,476.0,262.0,326.0,327.0,327.0
1.0,2738.0,1009.0,980.0,1276.0,915.0,415.0,272.0,228.0,326.0,327.0,327.0,334.0,341.0,334.0,860.0,832.0,1046.0,415.0,272.0,228.0,326.0,327.0,327.0
1.0,3005.0,976.0,981.0,1182.0,713.0,295.0,126.0,292.0,326.0,328.0,327.0,324.0,326.0,326.0,889.0,1036.0,1080.0,295.0,126.0,292.0,326.0,328.0,327.0
1.0,3211.0,971.0,980.0,915.0,765.0,205.0,175.0,385.0,326.0,327.0,327.0,325.0,325.0,321.0,1009.0,1186.0,1016.0,205.0,175.0,385.0,326.0,327.0,327.0
1.0,3155.0,986.0,981.0,713.0,1042.0,244.0,377.0,421.0,327.0,327.0,327.0,330.0,328.0,328.0,1099.0,1133.0,923.0,244.0,377.0,421.0,327.0,327.0,327.0
1.0,2882.0,969.0,980.0,765.0,1242.0,359.0,526.0,357.0,326.0,327.0,327.0,324.0,324.0,321.0,1064.0,931.0,887.0,359.0,526.0,357.0,326.0,327.0,327.0
1.0,2678.0,1002.0,982.0,1042.0,1210.0,448.0,490.0,272.0,327.0,328.0,327.0,329.0,337.0,336.0,945.0,782.0,951.0,448.0,490.0,272.0,327.0,328.0,327.0
1.0,2718.0,1044.0,982.0,1242.0,1012.0,437.0,313.0,262.0,327.0,328.0,327.0,348.0,349.0,347.0,860.0,822.0,1036.0,437.0,313.0,262.0,327.0,328.0,327.0
1.0,2916.0,989.0,982.0,1210.0,791.0,323.0,145.0,323.0,327.0,328.0,327.0,334.0,322.0,333.0,871.0,999.0,1046.0,323.0,145.0,323.0,327.0,328.0,327.0
1.0,3137.0,1024.0,984.0,1012.0,811.0,228.0,181.0,402.0,328.0,329.0,327.0,338.0,345.0,341.0,985.0,1167.0,985.0,228.0,181.0,402.0,328.0,329.0,327.0
1.0,3125.0,963.0,983.0,791.0,979.0,232.0,350.0,397.0,328.0,328.0,327.0,327.0,318.0,318.0,1084.0,1135.0,906.0,232.0,350.0,397.0,328.0,328.0,327.0
1.0,2953.0,1006.0,984.0,811.0,1178.0,347.0,512.0,319.0,328.0,329.0,327.0,343.0,339.0,324.0,1080.0,962.0,911.0,347.0,512.0,319.0,328.0,329.0,327.0
1.0,2758.0,972.0,985.0,979.0,1175.0,430.0,489.0,256.0,328.0,329.0,328.0,315.0,327.0,330.0,965.0,804.0,989.0,430.0,489.0,256.0,328.0,329.0,328.0
1.0,2765.0,987.0,986.0,1178.0,988.0,417.0,309.0,262.0,329.0,329.0,328.0,330.0,332.0,325.0,882.0,827.0,1056.0,417.0,309.0,262.0,329.0,329.0,328.0
1.0,2956.0,934.0,984.0,1175.0,739.0,292.0,137.0,310.0,328.0,329.0,327.0,309.0,317.0,308.0,899.0,1007.0,1050.0,292.0,137.0,310.0,328.0,329.0,327.0
1.0,3197.0,1003.0,986.0,988.0,762.0,213.0,162.0,387.0,329.0,329.0,328.0,334.0,334.0,335.0,1020.0,1179.0,998.0,213.0,162.0,387.0,329.0,329.0,328.0
1.0,3182.0,959.0,986.0,739.0,982.0,245.0,341.0,396.0,329.0,329.0,328.0,324.0,316.0,319.0,1103.0,1154.0,925.0,245.0,341.0,396.0,329.0,329.0,328.0
1.0,2962.0,998.0,984.0,762.0,1210.0,356.0,515.0,339.0,328.0,329.0,327.0,328.0,336.0,334.0,1071.0,975.0,916.0,356.0,515.0,339.0,328.0,329.0,327.0
1.0,2726.0,970.0,985.0,982.0,1202.0,425.0,502.0,275.0,328.0,329.0,328.0,314.0,328.0,328.0,956.0,801.0,969.0,425.0,502.0,275.0,328.0,329.0,328.0
1.0,2738.0,1009.0,985.0,1210.0,1001.0,401.0,324.0,276.0,328.0,329.0,328.0,332.0,337.0,340.0,887.0,814.0,1037.0,401.0,324.0,276.0,328.0,329.0,328.0
1.0,2939.0,998.0,985.0,1202.0,797.0,302.0,155.0,340.0,328.0,329.0,328.0,326.0,333.0,339.0,911.0,992.0,1036.0,302.0,155.0,340.0,328.0,329.0,328.0
1.0,3143.0,971.0,983.0,1001.0,759.0,233.0,157.0,369.0,328.0,328.0,327.0,332.0,330.0,309.0,1010.0,1161.0,972.0,233.0,157.0,369.0,328.0,328.0,327.0
1.0,3173.0,999.0,985.0,797.0,969.0,272.0,325.0,372.0,329.0,328.0,328.0,337.0,323.0,339.0,1079.0,1155.0,939.0,272.0,325.0,372.0,329.0,328.0,328.0
1.0,2971.0,976.0,984.0,759.0,1182.0,364.0,498.0,320.0,329.0,328.0,327.0,325.0,330.0,321.0,1044.0,987.0,940.0,364.0,498.0,320.0,329.0,328.0,327.0
1.0,2754.0,958.0,983.0,969.0,1167.0,411.0,492.0,264.0,328.0,328.0,327.0,323.0,319.0,316.0,952.0,814.0,988.0,411.0,492.0,264.0,328.0,328.0,327.0
1.0,2765.0,992.0,983.0,1182.0,977.0,369.0,328.0,280.0,328.0,328.0,327.0,322.0,334.0,336.0,901.0,820.0,1044.0,369.0,328.0,280.0,328.0,328.0,327.0
1.0,2955.0,1001.0,984.0,1167.0,815.0,295.0,167.0,353.0,328.0,328.0,328.0,337.0,331.0,333.0,943.0,984.0,1028.0,295.0,167.0,353.0,328.0,328.0,328.0
1.0,3121.0,1037.0,986.0,977.0,883.0,273.0,195.0,415.0,329.0,329.0,328.0,343.0,352.0,342.0,1017.0,1145.0,959.0,273.0,195.0,415.0,329.0,329.0,328.0
1.0,3061.0,1026.0,986.0,815.0,1094.0,319.0,371.0,404.0,329.0,329.0,328.0,341.0,343.0,342.0,1043.0,1121.0,897.0,319.0,371.0,404.0,329.0,329.0,328.0
1.0,2850.0,1011.0,988.0,883.0,1230.0,387.0,524.0,319.0,330.0,330.0,328.0,337.0,344.0,330.0,997.0,945.0,908.0,387.0,524.0,319.0,330.0,330.0,328.0
1.0,2722.0,961.0,986.0,1094.0,1089.0,389.0,464.0,236.0,329.0,329.0,328.0,325.0,315.0,321.0,933.0,796.0,993.0,389.0,464.0,236.0,329.0,329.0,328.0
1.0,2855.0,974.0,986.0,1230.0,833.0,322.0,269.0,242.0,329.0,329.0,328.0,320.0,329.0,325.0,927.0,852.0,1076.0,322.0,269.0,242.0,329.0,329.0,328.0
1.0,3111.0,1012.0,986.0,1089.0,756.0,268.0,141.0,347.0,329.0,329.0,328.0,335.0,336.0,341.0,994.0,1047.0,1070.0,268.0,141.0,347.0,329.0,329.0,328.0
1.0,3188.0,981.0,986.0,833.0,904.0,274.0,195.0,435.0,329.0,329.0,328.0,328.0,323.0,330.0,1048.0,1175.0,965.0,274.0,195.0,435.0,329.0,329.0,328.0
1.0,3040.0,1010.0,986.0,756.0,1158.0,346.0,396.0,416.0,329.0,329.0,328.0,340.0,342.0,328.0,1042.0,1121.0,877.0,346.0,396.0,416.0,329.0,329.0,328.0
1.0,2786.0,1019.0,987.0,904.0,1277.0,425.0,538.0,314.0,330.0,329.0,328.0,349.0,337.0,333.0,970.0,920.0,896.0,425.0,538.0,314.0,330.0,329.0,328.0
1.0,2671.0,994.0,986.0,1158.0,1109.0,412.0,466.0,231.0,329.0,329.0,328.0,337.0,324.0,333.0,895.0,778.0,998.0,412.0,466.0,231.0,329.0,329.0,328.0
1.0,2835.0,1047.0,988.0,1277.0,887.0,343.0,280.0,264.0,330.0,329.0,329.0,352.0,352.0,343.0,904.0,850.0,1081.0,343.0,280.0,264.0,330.0,329.0,329.0
1.0,3065.0,1034.0,989.0,1109.0,816.0,270.0,168.0,378.0,330.0,330.0,329.0,339.0,350.0,345.0,977.0,1036.0,1052.0,270.0,168.0,378.0,330.0,330.0,329.0
1.0,3140.0,989.0,989.0,887.0,918.0,262.0,218.0,438.0,330.0,330.0,329.0,335.0,330.0,324.0,1050.0,1152.0,938.0,262.0,218.0,438.0,330.0,330.0,329.0
1.0,3038.0,1004.0,992.0,816.0,1118.0,331.0,391.0,396.0,331.0,331.0,330.0,335.0,337.0,332.0,1058.0,1102.0,878.0,331.0,391.0,396.0,331.0,331.0,330.0
1.0,2850.0,1058.0,992.0,918.0,1258.0,423.0,530.0,305.0,331.0,331.0,330.0,354.0,357.0,347.0,993.0,933.0,924.0,423.0,530.0,305.0,331.0,331.0,330.0
1.0,2710.0,1004.0,993.0,1118.0,1148.0,420.0,484.0,244.0,331.0,332.0,330.0,328.0,341.0,335.0,901.0,794.0,1015.0,420.0,484.0,244.0,331.0,332.0,330.0
1.0,2824.0,1022.0,995.0,1258.0,920.0,347.0,293.0,280.0,332.0,332.0,331.0,346.0,339.0,337.0,904.0,844.0,1076.0,347.0,293.0,280.0,332.0,332.0,331.0
1.0,3060.0,1034.0,996.0,1148.0,810.0,273.0,156.0,381.0,332.0,333.0,331.0,346.0,343.0,345.0,981.0,1035.0,1044.0,273.0,156.0,381.0,332.0,333.0,331.0
1.0,3174.0,1021.0,996.0,920.0,911.0,272.0,200.0,439.0,332.0,333.0,331.0,346.0,337.0,338.0,1055.0,1176.0,943.0,272.0,200.0,439.0,332.0,333.0,331.0
1.0,3073.0,1017.0,996.0,810.0,1118.0,333.0,389.0,396.0,332.0,333.0,331.0,334.0,345.0,338.0,1056.0,1132.0,885.0,333.0,389.0,396.0,332.0,333.0,331.0
1.0,2866.0,1013.0,997.0,911.0,1224.0,387.0,529.0,308.0,332.0,333.0,332.0,326.0,340.0,347.0,995.0,943.0,928.0,387.0,529.0,308.0,332.0,333.0,332.0
1.0,2764.0,1015.0,999.0,1118.0,1129.0,396.0,484.0,249.0,333.0,334.0,332.0,338.0,340.0,337.0,941.0,803.0,1020.0,396.0,484.0,249.0,333.0,334.0,332.0
1.0,2867.0,1084.0,1002.0,1224.0,1001.0,374.0,320.0,307.0,334.0,335.0,333.0,361.0,361.0,362.0,936.0,852.0,1079.0,374.0,320.0,307.0,334.0,335.0,333.0
1.0,3007.0,987.0,1000.0,1129.0,851.0,296.0,158.0,397.0,333.0,334.0,333.0,322.0,326.0,339.0,962.0,1020.0,1025.0,296.0,158.0,397.0,333.0,334.0,333.0
1.0,3149.0,1066.0,1003.0,1001.0,928.0,277.0,195.0,456.0,334.0,335.0,334.0,351.0,353.0,362.0,1036.0,1178.0,935.0,277.0,195.0,456.0,334.0,335.0,334.0
1.0,3084.0,1074.0,1003.0,851.0,1151.0,338.0,395.0,418.0,334.0,335.0,334.0,357.0,358.0,359.0,1059.0,1145.0,880.0,338.0,395.0,418.0,334.0,335.0,334.0
1.0,2861.0,1047.0,1003.0,928.0,1270.0,408.0,549.0,313.0,334.0,335.0,334.0,347.0,349.0,351.0,998.0,945.0,918.0,408.0,549.0,313.0,334.0,335.0,334.0
1.0,2742.0,1060.0,1006.0,1151.0,1191.0,429.0,506.0,256.0,335.0,336.0,335.0,355.0,348.0,357.0,928.0,791.0,1023.0,429.0,506.0,256.0,335.0,336.0,335.0
1.0,2833.0,1064.0,1006.0,1270.0,985.0,377.0,311.0,297.0,335.0,336.0,335.0,356.0,354.0,354.0,911.0,838.0,1084.0,377.0,311.0,297.0,335.0,336.0,335.0
1.0,3039.0,1061.0,1009.0,1191.0,867.0,297.0,162.0,408.0,336.0,337.0,336.0,345.0,353.0,363.0,963.0,1033.0,1043.0,297.0,162.0,408.0,336.0,337.0,336.0
1.0,3169.0,1038.0,1009.0,985.0,920.0,264.0,200.0,456.0,336.0,337.0,336.0,344.0,349.0,345.0,1047.0,1186.0,936.0,264.0,200.0,456.0,336.0,337.0,336.0
1.0,3116.0,1031.0,1011.0,867.0,1092.0,308.0,386.0,398.0,336.0,338.0,337.0,341.0,344.0,346.0,1080.0,1148.0,888.0,308.0,386.0,398.0,336.0,338.0,337.0
1.0,2952.0,1050.0,1011.0,920.0,1222.0,385.0,537.0,300.0,336.0,338.0,337.0,341.0,351.0,358.0,1036.0,966.0,950.0,385.0,537.0,300.0,336.0,338.0,337.0
1.0,2822.0,1003.0,1011.0,1092.0,1133.0,413.0,479.0,241.0,336.0,338.0,337.0,336.0,328.0,339.0,959.0,815.0,1048.0,413.0,479.0,241.0,336.0,338.0,337.0
1.0,2911.0,1067.0,1012.0,1222.0,982.0,387.0,299.0,296.0,337.0,338.0,337.0,355.0,357.0,355.0,931.0,873.0,1107.0,387.0,299.0,296.0,337.0,338.0,337.0
1.0,3066.0,1024.0,1013.0,1133.0,877.0,315.0,159.0,403.0,337.0,338.0,338.0,341.0,339.0,344.0,961.0,1053.0,1052.0,315.0,159.0,403.0,337.0,338.0,338.0
1.0,3175.0,1029.0,1013.0,982.0,924.0,271.0,195.0,458.0,337.0,338.0,338.0,343.0,335.0,351.0,1033.0,1193.0,949.0,271.0,195.0,458.0,337.0,338.0,338.0
1.0,3128.0,1053.0,1015.0,877.0,1108.0,297.0,388.0,423.0,337.0,339.0,339.0,341.0,348.0,364.0,1077.0,1157.0,894.0,297.0,388.0,423.0,337.0,339.0,339.0
1.0,2952.0,1014.0,1015.0,924.0,1198.0,362.0,521.0,315.0,337.0,339.0,339.0,336.0,328.0,350.0,1051.0,968.0,933.0,362.0,521.0,315.0,337.0,339.0,339.0
1.0,2862.0,1044.0,1017.0,1108.0,1142.0,413.0,474.0,255.0,338.0,339.0,340.0,344.0,341.0,359.0,986.0,835.0,1041.0,413.0,474.0,255.0,338.0,339.0,340.0
1.0,2926.0,1029.0,1018.0,1198.0,977.0,388.0,300.0,289.0,338.0,339.0,341.0,337.0,347.0,345.0,939.0,882.0,1105.0,388.0,300.0,289.0,338.0,339.0,341.0
1.0,3095.0,1049.0,1020.0,1142.0,892.0,326.0,178.0,388.0,339.0,340.0,341.0,347.0,348.0,354.0,964.0,1056.0,1075.0,326.0,178.0,388.0,339.0,340.0,341.0
1.0,3188.0,1024.0,1020.0,977.0,939.0,285.0,220.0,434.0,339.0,340.0,341.0,347.0,342.0,335.0,1030.0,1182.0,976.0,285.0,220.0,434.0,339.0,340.0,341.0
1.0,3141.0,1024.0,1021.0,892.0,1075.0,293.0,380.0,402.0,339.0,340.0,342.0,334.0,338.0,352.0,1071.0,1140.0,930.0,293.0,380.0,402.0,339.0,340.0,342.0
1.0,3009.0,1028.0,1021.0,939.0,1164.0,344.0,502.0,318.0,339.0,340.0,342.0,336.0,342.0,350.0,1063.0,980.0,966.0,344.0,502.0,318.0,339.0,340.0,342.0
1.0,2920.0,1036.0,1022.0,1075.0,1129.0,402.0,464.0,263.0,340.0,340.0,342.0,347.0,342.0,347.0,1012.0,858.0,1050.0,402.0,464.0,263.0,340.0,340.0,342.0
1.0,2959.0,1035.0,1024.0,1164.0,1008.0,410.0,303.0,295.0,340.0,341.0,343.0,352.0,337.0,346.0,958.0,896.0,1105.0,410.0,303.0,295.0,340.0,341.0,343.0
1.0,3088.0,1027.0,1024.0,1129.0,906.0,346.0,179.0,381.0,340.0,341.0,343.0,338.0,340.0,349.0,950.0,1061.0,1077.0,346.0,179.0,381.0,340.0,341.0,343.0
1.0,3190.0,1002.0,1024.0,1008.0,900.0,267.0,201.0,432.0,340.0,341.0,343.0,331.0,325.0,346.0,1014.0,1185.0,991.0,267.0,201.0,432.0,340.0,341.0,343.0
1.0,3196.0,986.0,1026.0,906.0,988.0,262.0,350.0,376.0,341.0,341.0,344.0,337.0,328.0,321.0,1093.0,1163.0,940.0,262.0,350.0,376.0,341.0,341.0,344.0
1.0,3116.0,1060.0,1026.0,900.0,1148.0,348.0,499.0,301.0,341.0,341.0,344.0,353.0,350.0,357.0,1102.0,1014.0,1000.0,348.0,499.0,301.0,341.0,341.0,344.0
1.0,2956.0,1044.0,1027.0,988.0,1208.0,426.0,506.0,276.0,341.0,342.0,344.0,340.0,353.0,351.0,1016.0,865.0,1075.0,426.0,506.0,276.0,341.0,342.0,344.0
1.0,2900.0,989.0,1026.0,1148.0,1045.0,409.0,332.0,304.0,341.0,341.0,344.0,331.0,329.0,329.0,938.0,862.0,1100.0,409.0,332.0,304.0,341.0,341.0,344.0
1.0,3059.0,1027.0,1026.0,1208.0,864.0,329.0,165.0,370.0,341.0,341.0,344.0,346.0,339.0,342.0,955.0,1032.0,1072.0,329.0,165.0,370.0,341.0,341.0,344.0
1.0,3240.0,1042.0,1026.0,1045.0,861.0,266.0,176.0,419.0,341.0,341.0,344.0,346.0,343.0,353.0,1035.0,1199.0,1006.0,266.0,176.0,419.0,341.0,341.0,344.0
1.0,3243.0,1053.0,1029.0,864.0,1062.0,290.0,362.0,410.0,342.0,342.0,345.0,349.0,347.0,357.0,1098.0,1188.0,957.0,290.0,362.0,410.0,342.0,342.0,345.0
1.0,3054.0,1019.0,1029.0,861.0,1220.0,365.0,524.0,331.0,342.0,342.0,345.0,341.0,338.0,340.0,1078.0,1006.0,970.0,365.0,524.0,331.0,342.0,342.0,345.0
1.0,2896.0,1046.0,1031.0,1062.0,1212.0,431.0,510.0,271.0,343.0,342.0,346.0,352.0,348.0,346.0,1003.0,844.0,1049.0,431.0,510.0,271.0,343.0,342.0,346.0
1.0,2912.0,965.0,1029.0,1220.0,949.0,384.0,313.0,252.0,342.0,342.0,345.0,322.0,327.0,316.0,941.0,858.0,1113.0,384.0,313.0,252.0,342.0,342.0,345.0
1.0,3167.0,1028.0,1030.0,1212.0,769.0,292.0,153.0,324.0,342.0,342.0,346.0,339.0,350.0,339.0,984.0,1055.0,1128.0,292.0,153.0,324.0,342.0,342.0,346.0
1.0,3351.0,980.0,1029.0,949.0,796.0,241.0,166.0,389.0,342.0,342.0,345.0,333.0,326.0,321.0,1076.0,1215.0,1060.0,241.0,166.0,389.0,342.0,342.0,345.0
1.0,3320.0,1016.0,1029.0,769.0,1043.0,291.0,346.0,406.0,342.0,342.0,345.0,342.0,333.0,341.0,1127.0,1202.0,991.0,291.0,346.0,406.0,342.0,342.0,345.0
1.0,3073.0,1028.0,1029.0,796.0,1275.0,392.0,521.0,362.0,342.0,342.0,345.0,342.0,341.0,345.0,1077.0,1022.0,974.0,392.0,521.0,362.0,342.0,342.0,345.0
1.0,2841.0,1043.0,1029.0,1043.0,1275.0,452.0,523.0,300.0,342.0,342.0,345.0,351.0,348.0,344.0,976.0,847.0,1018.0,452.0,523.0,300.0,342.0,342.0,345.0
1.0,2841.0,998.0,1030.0,1275.0,1002.0,395.0,331.0,276.0,342.0,342.0,346.0,335.0,329.0,334.0,916.0,845.0,1080.0,395.0,331.0,276.0,342.0,342.0,346.0
1.0,3118.0,1026.0,1030.0,1275.0,753.0,289.0,146.0,318.0,342.0,342.0,346.0,346.0,338.0,342.0,973.0,1037.0,1108.0,289.0,146.0,318.0,342.0,342.0,346.0
1.0,3367.0,1048.0,1030.0,1002.0,799.0,243.0,170.0,386.0,342.0,342.0,346.0,349.0,355.0,344.0,1079.0,1222.0,1066.0,243.0,170.0,386.0,342.0,342.0,346.0
1.0,3321.0,1051.0,1031.0,753.0,1101.0,321.0,375.0,405.0,343.0,342.0,346.0,363.0,351.0,337.0,1125.0,1198.0,998.0,321.0,375.0,405.0,343.0,342.0,346.0
1.0,3023.0,1001.0,1031.0,799.0,1303.0,424.0,537.0,342.0,343.0,342.0,346.0,346.0,332.0,323.0,1051.0,993.0,979.0,424.0,537.0,342.0,343.0,342.0,346.0
1.0,2821.0,1010.0,1030.0,1101.0,1208.0,436.0,499.0,273.0,343.0,342.0,345.0,333.0,337.0,340.0,948.0,831.0,1042.0,436.0,499.0,273.0,343.0,342.0,345.0
1.0,2912.0,1059.0,1032.0,1303.0,972.0,364.0,333.0,275.0,343.0,343.0,346.0,352.0,367.0,340.0,936.0,869.0,1107.0,364.0,333.0,275.0,343.0,343.0,346.0
1.0,3156.0,1071.0,1032.0,1208.0,835.0,289.0,190.0,356.0,343.0,343.0,346.0,361.0,356.0,354.0,1008.0,1039.0,1109.0,289.0,190.0,356.0,343.0,343.0,346.0
1.0,3293.0,1034.0,1033.0,972.0,901.0,285.0,195.0,421.0,344.0,343.0,346.0,356.0,338.0,340.0,1083.0,1182.0,1028.0,285.0,195.0,421.0,344.0,343.0,346.0
1.0,3231.0,1091.0,1034.0,835.0,1161.0,366.0,373.0,422.0,345.0,343.0,346.0,366.0,368.0,357.0,1091.0,1177.0,963.0,366.0,373.0,422.0,345.0,343.0,346.0
1.0,2975.0,1012.0,1032.0,901.0,1264.0,417.0,523.0,324.0,344.0,343.0,345.0,340.0,345.0,327.0,1014.0,999.0,962.0,417.0,523.0,324.0,344.0,343.0,345.0
1.0,2864.0,1081.0,1035.0,1161.0,1196.0,416.0,515.0,265.0,345.0,344.0,346.0,361.0,361.0,359.0,959.0,849.0,1056.0,416.0,515.0,265.0,345.0,344.0,346.0
1.0,2944.0,1076.0,1035.0,1264.0,1008.0,357.0,356.0,295.0,345.0,344.0,346.0,358.0,364.0,354.0,964.0,861.0,1119.0,357.0,356.0,295.0,345.0,344.0,346.0
1.0,3132.0,1090.0,1035.0,1196.0,902.0,301.0,210.0,391.0,345.0,344.0,346.0,360.0,369.0,361.0,1023.0,1020.0,1089.0,301.0,210.0,391.0,345.0,344.0,346.0
1.0,3238.0,1039.0,1034.0,1008.0,929.0,288.0,213.0,428.0,345.0,344.0,345.0,344.0,359.0,336.0,1079.0,1166.0,993.0,288.0,213.0,428.0,345.0,344.0,345.0
1.0,3207.0,1042.0,1034.0,902.0,1069.0,337.0,359.0,373.0,345.0,344.0,345.0,350.0,356.0,336.0,1092.0,1163.0,952.0,337.0,359.0,373.0,345.0,344.0,345.0
1.0,3067.0,1078.0,1035.0,929.0,1222.0,411.0,512.0,299.0,345.0,345.0,345.0,362.0,362.0,354.0,1043.0,1017.0,1007.0,411.0,512.0,299.0,345.0,345.0,345.0
1.0,2918.0,1063.0,1035.0,1069.0,1216.0,426.0,510.0,280.0,345.0,345.0,345.0,352.0,357.0,354.0,969.0,868.0,1081.0,426.0,510.0,280.0,345.0,345.0,345.0
1.0,2924.0,1052.0,1035.0,1222.0,1046.0,364.0,359.0,323.0,345.0,345.0,345.0,349.0,361.0,342.0,954.0,870.0,1100.0,364.0,359.0,323.0,345.0,345.0,345.0
1.0,3094.0,1069.0,1036.0,1216.0,903.0,297.0,207.0,399.0,346.0,345.0,345.0,355.0,358.0,356.0,1016.0,1021.0,1057.0,297.0,207.0,399.0,346.0,345.0,345.0
1.0,3241.0,1063.0,1036.0,1046.0,920.0,284.0,197.0,439.0,346.0,345.0,345.0,351.0,349.0,363.0,1087.0,1173.0,981.0,284.0,197.0,439.0,346.0,345.0,345.0
1.0,3224.0,1026.0,1037.0,903.0,1047.0,322.0,344.0,381.0,346.0,346.0,345.0,335.0,350.0,341.0,1100.0,1183.0,941.0,322.0,344.0,381.0,346.0,346.0,345.0
1.0,3101.0,1044.0,1036.0,920.0,1167.0,387.0,492.0,288.0,346.0,345.0,345.0,349.0,349.0,346.0,1062.0,1040.0,999.0,387.0,492.0,288.0,346.0,345.0,345.0
1.0,2977.0,1117.0,1037.0,1047.0,1241.0,436.0,530.0,275.0,346.0,346.0,345.0,371.0,378.0,368.0,997.0,888.0,1092.0,436.0,530.0,275.0,346.0,346.0,345.0
1.0,2907.0,1058.0,1038.0,1167.0,1136.0,406.0,396.0,334.0,346.0,347.0,345.0,357.0,354.0,347.0,948.0,854.0,1105.0,406.0,396.0,334.0,346.0,347.0,345.0
1.0,3016.0,1022.0,1038.0,1241.0,917.0,322.0,206.0,389.0,347.0,346.0,345.0,348.0,344.0,330.0,978.0,992.0,1046.0,322.0,206.0,389.0,347.0,346.0,345.0
1.0,3235.0,1052.0,1039.0,1136.0,837.0,260.0,167.0,410.0,347.0,347.0,345.0,344.0,353.0,355.0,1066.0,1178.0,991.0,260.0,167.0,410.0,347.0,347.0,345.0
1.0,3319.0,1111.0,1040.0,917.0,1035.0,304.0,337.0,394.0,347.0,348.0,345.0,366.0,372.0,373.0,1128.0,1221.0,970.0,304.0,337.0,394.0,347.0,348.0,345.0
1.0,3125.0,1079.0,1040.0,837.0,1277.0,398.0,539.0,340.0,347.0,348.0,345.0,354.0,369.0,356.0,1084.0,1055.0,986.0,398.0,539.0,340.0,347.0,348.0,345.0
1.0,2883.0,1033.0,1040.0,1035.0,1275.0,430.0,553.0,292.0,347.0,348.0,345.0,336.0,351.0,346.0,990.0,853.0,1040.0,430.0,553.0,292.0,347.0,348.0,345.0
1.0,2885.0,1091.0,1042.0,1277.0,1097.0,389.0,385.0,323.0,347.0,349.0,346.0,357.0,367.0,367.0,958.0,839.0,1088.0,389.0,385.0,323.0,347.0,349.0,346.0
1.0,3071.0,1074.0,1043.0,1275.0,900.0,322.0,183.0,395.0,348.0,349.0,346.0,359.0,351.0,364.0,999.0,1011.0,1061.0,322.0,183.0,395.0,348.0,349.0,346.0
1.0,3272.0,1105.0,1043.0,1097.0,908.0,293.0,166.0,449.0,348.0,349.0,346.0,360.0,368.0,377.0,1070.0,1213.0,989.0,293.0,166.0,449.0,348.0,349.0,346.0
1.0,3264.0,1052.0,1044.0,900.0,1064.0,311.0,347.0,406.0,348.0,350.0,346.0,340.0,360.0,352.0,1099.0,1230.0,935.0,311.0,347.0,406.0,348.0,350.0,346.0
1.0,3112.0,1063.0,1045.0,908.0,1223.0,368.0,539.0,316.0,348.0,350.0,347.0,350.0,358.0,355.0,1081.0,1053.0,978.0,368.0,539.0,316.0,348.0,350.0,347.0
1.0,2957.0,1060.0,1046.0,1064.0,1223.0,418.0,530.0,275.0,349.0,350.0,347.0,357.0,338.0,365.0,1024.0,861.0,1072.0,418.0,530.0,275.0,349.0,350.0,347.0
1.0,2961.0,1078.0,1047.0,1223.0,1082.0,405.0,352.0,325.0,349.0,351.0,347.0,355.0,357.0,366.0,978.0,870.0,1113.0,405.0,352.0,325.0,349.0,351.0,347.0
1.0,3106.0,1053.0,1048.0,1223.0,916.0,340.0,170.0,406.0,349.0,351.0,348.0,353.0,348.0,352.0,991.0,1052.0,1063.0,340.0,170.0,406.0,349.0,351.0,348.0
1.0,3276.0,1012.0,1048.0,1082.0,846.0,262.0,167.0,417.0,349.0,351.0,348.0,327.0,349.0,336.0,1056.0,1234.0,986.0,262.0,167.0,417.0,349.0,351.0,348.0
1.0,3346.0,986.0,1046.0,916.0,908.0,253.0,314.0,341.0,349.0,350.0,347.0,331.0,321.0,334.0,1134.0,1237.0,975.0,253.0,314.0,341.0,349.0,350.0,347.0
1.0,3276.0,1073.0,1048.0,846.0,1143.0,359.0,504.0,280.0,349.0,351.0,348.0,368.0,353.0,352.0,1143.0,1086.0,1047.0,359.0,504.0,280.0,349.0,351.0,348.0
1.0,3049.0,1061.0,1048.0,908.0,1296.0,451.0,545.0,300.0,349.0,351.0,348.0,345.0,355.0,361.0,1037.0,900.0,1112.0,451.0,545.0,300.0,349.0,351.0,348.0
1.0,2896.0,1024.0,1048.0,1143.0,1177.0,424.0,375.0,378.0,349.0,351.0,348.0,332.0,334.0,358.0,945.0,859.0,1092.0,424.0,375.0,378.0,349.0,351.0,348.0
1.0,3015.0,1086.0,1048.0,1296.0,967.0,333.0,187.0,447.0,349.0,351.0,348.0,360.0,357.0,369.0,972.0,1029.0,1014.0,333.0,187.0,447.0,349.0,351.0,348.0
1.0,3225.0,1012.0,1048.0,1177.0,802.0,245.0,150.0,407.0,349.0,351.0,348.0,336.0,338.0,338.0,1063.0,1217.0,945.0,245.0,150.0,407.0,349.0,351.0,348.0
1.0,3390.0,1009.0,1048.0,967.0,844.0,251.0,295.0,298.0,349.0,351.0,348.0,339.0,332.0,338.0,1151.0,1254.0,985.0,251.0,295.0,298.0,349.0,351.0,348.0
1.0,3348.0,1042.0,1050.0,802.0,1092.0,360.0,491.0,241.0,350.0,351.0,349.0,350.0,346.0,346.0,1145.0,1109.0,1094.0,360.0,491.0,241.0,350.0,351.0,349.0
1.0,3108.0,1053.0,1050.0,844.0,1301.0,458.0,540.0,303.0,350.0,351.0,349.0,349.0,344.0,360.0,1040.0,913.0,1155.0,458.0,540.0,303.0,350.0,351.0,349.0
1.0,2899.0,1094.0,1052.0,1092.0,1311.0,458.0,419.0,434.0,350.0,352.0,350.0,360.0,366.0,368.0,942.0,864.0,1093.0,458.0,419.0,434.0,350.0,352.0,350.0
1.0,2897.0,1106.0,1055.0,1301.0,1128.0,366.0,256.0,506.0,351.0,353.0,351.0,362.0,373.0,371.0,942.0,989.0,966.0,366.0,256.0,506.0,351.0,353.0,351.0
1.0,3092.0,1121.0,1055.0,1311.0,938.0,283.0,207.0,448.0,351.0,353.0,351.0,375.0,370.0,376.0,1038.0,1156.0,898.0,283.0,207.0,448.0,351.0,353.0,351.0
1.0,3282.0,1015.0,1055.0,1128.0,825.0,256.0,286.0,283.0,351.0,353.0,351.0,339.0,335.0,341.0,1121.0,1205.0,956.0,256.0,286.0,283.0,351.0,353.0,351.0
1.0,3395.0,1032.0,1055.0,938.0,919.0,324.0,414.0,181.0,351.0,353.0,351.0,351.0,335.0,346.0,1148.0,1126.0,1121.0,324.0,414.0,181.0,351.0,353.0,351.0
1.0,3301.0,1039.0,1056.0,825.0,1137.0,412.0,466.0,259.0,351.0,353.0,352.0,344.0,338.0,357.0,1080.0,998.0,1223.0,412.0,466.0,259.0,351.0,353.0,352.0
1.0,3087.0,1108.0,1057.0,919.0,1330.0,462.0,417.0,451.0,352.0,353.0,352.0,370.0,365.0,373.0,992.0,946.0,1149.0,462.0,417.0,451.0,352.0,353.0,352.0
1.0,2898.0,1039.0,1057.0,1137.0,1232.0,389.0,291.0,552.0,351.0,353.0,353.0,343.0,340.0,356.0,946.0,995.0,957.0,389.0,291.0,552.0,351.0,353.0,353.0
1.0,2996.0,1117.0,1060.0,1330.0,1031.0,302.0,245.0,484.0,352.0,354.0,354.0,371.0,367.0,379.0,1015.0,1121.0,860.0,302.0,245.0,484.0,352.0,354.0,354.0
1.0,3209.0,1081.0,1060.0,1232.0,880.0,281.0,304.0,295.0,352.0,354.0,354.0,368.0,350.0,363.0,1106.0,1171.0,932.0,281.0,304.0,295.0,352.0,354.0,354.0
1.0,3360.0,1089.0,1062.0,1031.0,946.0,356.0,413.0,177.0,353.0,354.0,355.0,373.0,354.0,362.0,1127.0,1112.0,1121.0,356.0,413.0,177.0,353.0,354.0,355.0
1.0,3302.0,1078.0,1062.0,880.0,1144.0,440.0,467.0,237.0,353.0,354.0,355.0,365.0,358.0,355.0,1056.0,1003.0,1243.0,440.0,467.0,237.0,353.0,354.0,355.0
1.0,3104.0,1104.0,1062.0,946.0,1302.0,451.0,417.0,434.0,353.0,354.0,355.0,367.0,363.0,374.0,972.0,949.0,1183.0,451.0,417.0,434.0,353.0,354.0,355.0
1.0,2946.0,1074.0,1062.0,1144.0,1232.0,376.0,301.0,555.0,353.0,354.0,355.0,365.0,351.0,358.0,961.0,999.0,986.0,376.0,301.0,555.0,353.0,354.0,355.0
1.0,3016.0,1092.0,1064.0,1302.0,1030.0,297.0,246.0,487.0,354.0,354.0,356.0,368.0,362.0,362.0,1036.0,1115.0,865.0,297.0,246.0,487.0,354.0,354.0,356.0
1.0,3226.0,1106.0,1064.0,1232.0,904.0,293.0,314.0,297.0,354.0,354.0,356.0,372.0,369.0,365.0,1119.0,1170.0,937.0,293.0,314.0,297.0,354.0,354.0,356.0
1.0,3352.0,1101.0,1064.0,1030.0,975.0,366.0,433.0,176.0,354.0,354.0,356.0,370.0,365.0,366.0,1123.0,1102.0,1127.0,366.0,433.0,176.0,354.0,354.0,356.0
1.0,3281.0,1133.0,1066.0,904.0,1212.0,461.0,501.0,250.0,355.0,355.0,356.0,384.0,378.0,371.0,1050.0,983.0,1248.0,461.0,501.0,250.0,355.0,355.0,356.0
1.0,3052.0,1062.0,1067.0,975.0,1303.0,452.0,429.0,422.0,355.0,355.0,357.0,357.0,361.0,344.0,959.0,919.0,1174.0,452.0,429.0,422.0,355.0,355.0,357.0
1.0,2965.0,1047.0,1066.0,1212.0,1134.0,341.0,274.0,519.0,355.0,354.0,357.0,350.0,350.0,347.0,968.0,991.0,1006.0,341.0,274.0,519.0,355.0,354.0,357.0
1.0,3130.0,1123.0,1067.0,1303.0,958.0,269.0,228.0,461.0,355.0,355.0,357.0,380.0,379.0,364.0,1079.0,1142.0,909.0,269.0,228.0,461.0,355.0,355.0,357.0
1.0,3310.0,1103.0,1068.0,1134.0,931.0,301.0,315.0,315.0,356.0,355.0,357.0,369.0,361.0,373.0,1151.0,1192.0,967.0,301.0,315.0,315.0,356.0,355.0,357.0
1.0,3341.0,1096.0,1069.0,958.0,1073.0,402.0,457.0,214.0,356.0,355.0,358.0,370.0,370.0,356.0,1123.0,1105.0,1113.0,402.0,457.0,214.0,356.0,355.0,358.0
1.0,3203.0,1129.0,1070.0,931.0,1275.0,469.0,535.0,271.0,356.0,356.0,358.0,368.0,389.0,372.0,1022.0,963.0,1218.0,469.0,535.0,271.0,356.0,356.0,358.0
1.0,3005.0,1105.0,1071.0,1073.0,1311.0,444.0,445.0,422.0,357.0,356.0,358.0,373.0,367.0,365.0,955.0,889.0,1161.0,444.0,445.0,422.0,357.0,356.0,358.0
1.0,2973.0,1141.0,1074.0,1275.0,1189.0,363.0,297.0,529.0,358.0,357.0,359.0,384.0,383.0,374.0,984.0,979.0,1010.0,363.0,297.0,529.0,358.0,357.0,359.0
1.0,3107.0,1089.0,1074.0,1311.0,967.0,286.0,227.0,454.0,358.0,357.0,359.0,367.0,375.0,347.0,1069.0,1131.0,907.0,286.0,227.0,454.0,358.0,357.0,359.0
1.0,3329.0,1118.0,1074.0,1189.0,896.0,301.0,301.0,294.0,358.0,357.0,359.0,378.0,371.0,369.0,1146.0,1201.0,982.0,301.0,301.0,294.0,358.0,357.0,359.0
1.0,3400.0,1119.0,1074.0,967.0,1048.0,397.0,445.0,206.0,358.0,357.0,359.0,382.0,371.0,366.0,1131.0,1127.0,1142.0,397.0,445.0,206.0,358.0,357.0,359.0
1.0,3248.0,1089.0,1077.0,896.0,1253.0,467.0,514.0,272.0,359.0,358.0,360.0,367.0,366.0,356.0,1035.0,983.0,1230.0,467.0,514.0,272.0,359.0,358.0,360.0
1.0,3055.0,1106.0,1077.0,1048.0,1311.0,443.0,441.0,427.0,359.0,358.0,360.0,373.0,372.0,361.0,969.0,918.0,1168.0,443.0,441.0,427.0,359.0,358.0,360.0
1.0,2997.0,1072.0,1076.0,1253.0,1126.0,340.0,287.0,499.0,359.0,358.0,359.0,364.0,360.0,348.0,993.0,991.0,1013.0,340.0,287.0,499.0,359.0,358.0,359.0
1.0,3178.0,1082.0,1076.0,1311.0,897.0,253.0,209.0,435.0,359.0,358.0,359.0,356.0,363.0,363.0,1096.0,1145.0,937.0,253.0,209.0,435.0,359.0,358.0,359.0
1.0,3407.0,1050.0,1077.0,1126.0,825.0,265.0,277.0,283.0,360.0,358.0,359.0,348.0,355.0,347.0,1183.0,1223.0,1001.0,265.0,277.0,283.0,360.0,358.0,359.0
1.0,3483.0,1095.0,1077.0,897.0,1023.0,372.0,441.0,210.0,360.0,358.0,359.0,360.0,373.0,362.0,1175.0,1155.0,1153.0,372.0,441.0,210.0,360.0,358.0,359.0
1.0,3285.0,1120.0,1078.0,825.0,1322.0,480.0,553.0,289.0,360.0,359.0,359.0,373.0,385.0,362.0,1068.0,991.0,1226.0,480.0,553.0,289.0,360.0,359.0,359.0
1.0,2990.0,1066.0,1078.0,1023.0,1365.0,463.0,475.0,427.0,360.0,359.0,359.0,355.0,363.0,348.0,960.0,883.0,1147.0,463.0,475.0,427.0,360.0,359.0,359.0
1.0,2947.0,1129.0,1079.0,1322.0,1176.0,366.0,303.0,507.0,361.0,359.0,359.0,379.0,381.0,369.0,977.0,961.0,1009.0,366.0,303.0,507.0,361.0,359.0,359.0
1.0,3140.0,1101.0,1079.0,1365.0,912.0,263.0,209.0,440.0,361.0,359.0,359.0,360.0,381.0,360.0,1078.0,1133.0,929.0,263.0,209.0,440.0,361.0,359.0,359.0
1.0,3404.0,1077.0,1080.0,1176.0,817.0,254.0,274.0,289.0,361.0,360.0,359.0,357.0,364.0,356.0,1181.0,1227.0,996.0,254.0,274.0,289.0,361.0,360.0,359.0
1.0,3503.0,1096.0,1080.0,912.0,1001.0,343.0,446.0,212.0,361.0,360.0,359.0,352.0,381.0,363.0,1190.0,1166.0,1147.0,343.0,446.0,212.0,361.0,360.0,359.0
1.0,3319.0,1020.0,1078.0,817.0,1196.0,423.0,521.0,252.0,360.0,360.0,358.0,338.0,349.0,333.0,1101.0,994.0,1224.0,423.0,521.0,252.0,360.0,360.0,358.0
1.0,3116.0,1072.0,1081.0,1001.0,1279.0,438.0,439.0,402.0,361.0,361.0,359.0,354.0,360.0,358.0,1017.0,919.0,1180.0,438.0,439.0,402.0,361.0,361.0,359.0
1.0,3045.0,1072.0,1081.0,1196.0,1155.0,369.0,285.0,501.0,361.0,361.0,359.0,354.0,367.0,351.0,1006.0,1005.0,1034.0,369.0,285.0,501.0,361.0,361.0,359.0
1.0,3169.0,1101.0,1083.0,1279.0,985.0,293.0,219.0,473.0,361.0,362.0,360.0,362.0,369.0,370.0,1075.0,1159.0,935.0,293.0,219.0,473.0,361.0,362.0,360.0
1.0,3347.0,1103.0,1084.0,1155.0,937.0,295.0,311.0,331.0,362.0,362.0,360.0,367.0,377.0,359.0,1151.0,1229.0,967.0,295.0,311.0,331.0,362.0,362.0,360.0
1.0,3399.0,1076.0,1084.0,985.0,1028.0,359.0,459.0,210.0,362.0,363.0,359.0,357.0,363.0,356.0,1153.0,1137.0,1109.0,359.0,459.0,210.0,362.0,363.0,359.0
1.0,3308.0,1100.0,1084.0,937.0,1191.0,420.0,523.0,248.0,362.0,363.0,359.0,356.0,375.0,369.0,1089.0,993.0,1226.0,420.0,523.0,248.0,362.0,363.0,359.0
1.0,3145.0,1101.0,1087.0,1028.0,1276.0,427.0,439.0,410.0,363.0,364.0,360.0,362.0,371.0,368.0,1028.0,929.0,1188.0,427.0,439.0,410.0,363.0,364.0,360.0
1.0,3072.0,1061.0,1087.0,1191.0,1146.0,366.0,269.0,511.0,363.0,364.0,360.0,359.0,353.0,349.0,1025.0,1017.0,1030.0,366.0,269.0,511.0,363.0,364.0,360.0
1.0,3202.0,1134.0,1090.0,1276.0,1016.0,321.0,209.0,486.0,364.0,365.0,361.0,378.0,375.0,381.0,1086.0,1187.0,929.0,321.0,209.0,486.0,364.0,365.0,361.0
1.0,3344.0,1067.0,1089.0,1146.0,933.0,295.0,309.0,329.0,363.0,365.0,361.0,344.0,369.0,354.0,1135.0,1251.0,958.0,295.0,309.0,329.0,363.0,365.0,361.0
1.0,3423.0,1084.0,1090.0,1016.0,1005.0,343.0,459.0,203.0,364.0,365.0,361.0,365.0,359.0,360.0,1157.0,1151.0,1115.0,343.0,459.0,203.0,364.0,365.0,361.0
1.0,3355.0,1059.0,1088.0,933.0,1123.0,397.0,506.0,220.0,363.0,365.0,360.0,353.0,356.0,350.0,1113.0,1001.0,1241.0,397.0,506.0,220.0,363.0,365.0,360.0
1.0,3229.0,1115.0,1088.0,1005.0,1233.0,431.0,413.0,389.0,363.0,365.0,360.0,377.0,366.0,372.0,1055.0,954.0,1220.0,431.0,413.0,389.0,363.0,365.0,360.0
1.0,3119.0,1050.0,1089.0,1123.0,1164.0,388.0,264.0,512.0,364.0,365.0,360.0,350.0,357.0,343.0,1021.0,1047.0,1051.0,388.0,264.0,512.0,364.0,365.0,360.0
1.0,3192.0,1088.0,1090.0,1233.0,1023.0,323.0,209.0,491.0,364.0,365.0,361.0,366.0,358.0,364.0,1068.0,1196.0,928.0,323.0,209.0,491.0,364.0,365.0,361.0
1.0,3337.0,1078.0,1091.0,1164.0,941.0,297.0,297.0,347.0,364.0,366.0,361.0,362.0,348.0,368.0,1133.0,1251.0,953.0,297.0,297.0,347.0,364.0,366.0,361.0
1.0,3423.0,1133.0,1091.0,1023.0,1051.0,345.0,469.0,237.0,364.0,366.0,361.0,371.0,381.0,381.0,1159.0,1167.0,1097.0,345.0,469.0,237.0,364.0,366.0,361.0
1.0,3313.0,1082.0,1092.0,941.0,1196.0,413.0,530.0,253.0,365.0,366.0,361.0,361.0,358.0,363.0,1111.0,995.0,1207.0,413.0,530.0,253.0,365.0,366.0,361.0
1.0,3172.0,1161.0,1093.0,1051.0,1310.0,452.0,453.0,405.0,365.0,367.0,361.0,384.0,388.0,389.0,1047.0,934.0,1191.0,452.0,453.0,405.0,365.0,367.0,361.0
1.0,3062.0,1102.0,1093.0,1196.0,1216.0,408.0,289.0,519.0,365.0,367.0,361.0,369.0,366.0,367.0,1008.0,1015.0,1039.0,408.0,289.0,519.0,365.0,367.0,361.0
1.0,3156.0,1081.0,1093.0,1310.0,987.0,322.0,192.0,473.0,365.0,367.0,361.0,366.0,356.0,359.0,1052.0,1179.0,925.0,322.0,192.0,473.0,365.0,367.0,361.0
1.0,3385.0,1090.0,1094.0,1216.0,865.0,285.0,254.0,326.0,365.0,367.0,362.0,371.0,351.0,368.0,1138.0,1276.0,971.0,285.0,254.0,326.0,365.0,367.0,362.0
1.0,3511.0,1143.0,1094.0,987.0,1021.0,345.0,443.0,233.0,365.0,367.0,362.0,382.0,381.0,380.0,1175.0,1214.0,1122.0,345.0,443.0,233.0,365.0,367.0,362.0
1.0,3355.0,1126.0,1095.0,865.0,1286.0,453.0,547.0,286.0,366.0,367.0,362.0,389.0,358.0,379.0,1115.0,1025.0,1215.0,453.0,547.0,286.0,366.0,367.0,362.0
1.0,3094.0,1097.0,1095.0,1021.0,1362.0,476.0,462.0,424.0,366.0,367.0,362.0,368.0,358.0,371.0,1011.0,921.0,1162.0,476.0,462.0,424.0,366.0,367.0,362.0
1.0,3018.0,1123.0,1095.0,1286.0,1199.0,405.0,283.0,511.0,366.0,367.0,362.0,382.0,368.0,373.0,988.0,1006.0,1024.0,405.0,283.0,511.0,366.0,367.0,362.0
1.0,3181.0,1127.0,1097.0,1362.0,972.0,307.0,199.0,466.0,366.0,368.0,363.0,378.0,374.0,375.0,1059.0,1185.0,937.0,307.0,199.0,466.0,366.0,368.0,363.0
1.0,3416.0,1122.0,1096.0,1199.0,891.0,286.0,276.0,329.0,366.0,367.0,363.0,384.0,364.0,374.0,1157.0,1273.0,986.0,286.0,276.0,329.0,366.0,367.0,363.0
1.0,3493.0,1123.0,1096.0,972.0,1042.0,361.0,440.0,241.0,366.0,367.0,363.0,382.0,363.0,378.0,1178.0,1192.0,1123.0,361.0,440.0,241.0,366.0,367.0,363.0
1.0,3342.0,1135.0,1099.0,891.0,1298.0,459.0,544.0,295.0,367.0,368.0,364.0,380.0,376.0,379.0,1103.0,1028.0,1211.0,459.0,544.0,295.0,367.0,368.0,364.0
1.0,3098.0,1154.0,1099.0,1042.0,1410.0,495.0,471.0,444.0,367.0,368.0,364.0,397.0,367.0,390.0,1009.0,928.0,1161.0,495.0,471.0,444.0,367.0,368.0,364.0
1.0,2986.0,1079.0,1098.0,1298.0,1187.0,392.0,276.0,519.0,367.0,367.0,364.0,356.0,353.0,370.0,973.0,1001.0,1012.0,392.0,276.0,519.0,367.0,367.0,364.0
1.0,3205.0,1149.0,1101.0,1410.0,938.0,291.0,191.0,456.0,368.0,368.0,365.0,390.0,382.0,377.0,1076.0,1192.0,937.0,291.0,191.0,456.0,368.0,368.0,365.0
1.0,3466.0,1166.0,1101.0,1187.0,917.0,296.0,302.0,319.0,368.0,368.0,365.0,397.0,387.0,382.0,1181.0,1281.0,1004.0,296.0,302.0,319.0,368.0,368.0,365.0
1.0,3487.0,1117.0,1101.0,938.0,1096.0,380.0,477.0,239.0,368.0,368.0,365.0,375.0,366.0,376.0,1176.0,1170.0,1141.0,380.0,477.0,239.0,368.0,368.0,365.0
1.0,3308.0,1121.0,1100.0,917.0,1296.0,470.0,537.0,289.0,368.0,367.0,365.0,386.0,366.0,369.0,1092.0,995.0,1221.0,470.0,537.0,289.0,368.0,367.0,365.0
1.0,3104.0,1168.0,1102.0,1096.0,1376.0,499.0,437.0,440.0,369.0,367.0,366.0,405.0,377.0,386.0,1002.0,931.0,1171.0,499.0,437.0,440.0,369.0,367.0,366.0
1.0,3032.0,1131.0,1102.0,1296.0,1211.0,415.0,267.0,529.0,369.0,367.0,366.0,386.0,367.0,378.0,977.0,1031.0,1024.0,415.0,267.0,529.0,369.0,367.0,366.0
1.0,3197.0,1115.0,1102.0,1376.0,950.0,288.0,200.0,462.0,369.0,367.0,366.0,372.0,370.0,373.0,1061.0,1201.0,935.0,288.0,200.0,462.0,369.0,367.0,366.0
1.0,3458.0,1212.0,1105.0,1211.0,963.0,279.0,337.0,347.0,370.0,368.0,367.0,402.0,400.0,410.0,1188.0,1268.0,1002.0,279.0,337.0,347.0,370.0,368.0,367.0
1.0,3457.0,1195.0,1106.0,950.0,1212.0,401.0,517.0,294.0,370.0,368.0,368.0,410.0,380.0,405.0,1201.0,1135.0,1121.0,401.0,517.0,294.0,370.0,368.0,368.0
1.0,3212.0,1146.0,1108.0,963.0,1403.0,506.0,557.0,340.0,371.0,368.0,369.0,380.0,377.0,389.0,1079.0,955.0,1178.0,506.0,557.0,340.0,371.0,368.0,369.0
1.0,3029.0,1153.0,1109.0,1212.0,1348.0,492.0,419.0,437.0,371.0,369.0,369.0,387.0,375.0,391.0,978.0,915.0,1136.0,492.0,419.0,437.0,371.0,369.0,369.0
1.0,3088.0,1128.0,1111.0,1403.0,1081.0,368.0,231.0,482.0,372.0,369.0,370.0,378.0,369.0,381.0,992.0,1057.0,1039.0,368.0,231.0,482.0,372.0,369.0,370.0
1.0,3363.0,1146.0,1111.0,1348.0,879.0,264.0,189.0,426.0,372.0,369.0,370.0,388.0,377.0,381.0,1120.0,1245.0,998.0,264.0,189.0,426.0,372.0,369.0,370.0
1.0,3565.0,1127.0,1112.0,1081.0,929.0,268.0,338.0,323.0,372.0,369.0,371.0,372.0,380.0,375.0,1224.0,1287.0,1054.0,268.0,338.0,323.0,372.0,369.0,371.0
1.0,3519.0,1110.0,1112.0,879.0,1160.0,368.0,516.0,276.0,372.0,369.0,371.0,364.0,367.0,379.0,1220.0,1138.0,1161.0,368.0,516.0,276.0,372.0,369.0,371.0
1.0,3288.0,1111.0,1112.0,929.0,1342.0,460.0,553.0,329.0,372.0,369.0,371.0,360.0,375.0,376.0,1120.0,960.0,1208.0,460.0,553.0,329.0,372.0,369.0,371.0
1.0,3106.0,1111.0,1113.0,1160.0,1297.0,454.0,413.0,430.0,372.0,369.0,372.0,362.0,376.0,373.0,1028.0,923.0,1155.0,454.0,413.0,430.0,372.0,369.0,372.0
1.0,3155.0,1133.0,1114.0,1342.0,1092.0,381.0,241.0,470.0,373.0,369.0,372.0,383.0,381.0,369.0,1034.0,1063.0,1058.0,381.0,241.0,470.0,373.0,369.0,372.0
1.0,3364.0,1113.0,1114.0,1297.0,908.0,299.0,199.0,410.0,373.0,369.0,372.0,372.0,371.0,370.0,1111.0,1235.0,1018.0,299.0,199.0,410.0,373.0,369.0,372.0
1.0,3548.0,1087.0,1114.0,1092.0,903.0,274.0,329.0,300.0,373.0,369.0,372.0,356.0,371.0,360.0,1193.0,1277.0,1078.0,274.0,329.0,300.0,373.0,369.0,372.0
1.0,3553.0,1101.0,1115.0,908.0,1100.0,331.0,503.0,266.0,373.0,369.0,373.0,356.0,373.0,372.0,1218.0,1147.0,1188.0,331.0,503.0,266.0,373.0,369.0,373.0
1.0,3360.0,1100.0,1117.0,903.0,1305.0,433.0,549.0,323.0,374.0,370.0,373.0,372.0,371.0,357.0,1161.0,973.0,1226.0,433.0,549.0,323.0,374.0,370.0,373.0
1.0,3163.0,1129.0,1117.0,1100.0,1334.0,481.0,427.0,426.0,374.0,370.0,373.0,379.0,381.0,369.0,1063.0,931.0,1169.0,481.0,427.0,426.0,374.0,370.0,373.0
1.0,3134.0,1085.0,1117.0,1305.0,1114.0,405.0,247.0,462.0,374.0,370.0,373.0,357.0,369.0,359.0,1015.0,1053.0,1066.0,405.0,247.0,462.0,374.0,370.0,373.0
1.0,3354.0,1145.0,1117.0,1334.0,925.0,311.0,208.0,406.0,374.0,370.0,373.0,387.0,388.0,370.0,1091.0,1233.0,1030.0,311.0,208.0,406.0,374.0,370.0,373.0
1.0,3543.0,1089.0,1117.0,1114.0,900.0,262.0,330.0,308.0,374.0,370.0,373.0,356.0,369.0,364.0,1185.0,1272.0,1086.0,262.0,330.0,308.0,374.0,370.0,373.0
1.0,3568.0,1126.0,1118.0,925.0,1105.0,324.0,508.0,273.0,375.0,370.0,373.0,369.0,386.0,371.0,1234.0,1150.0,1184.0,324.0,508.0,273.0,375.0,370.0,373.0
1.0,3367.0,1107.0,1119.0,900.0,1316.0,431.0,553.0,332.0,375.0,371.0,373.0,369.0,371.0,367.0,1176.0,972.0,1219.0,431.0,553.0,332.0,375.0,371.0,373.0
1.0,3160.0,1111.0,1118.0,1105.0,1318.0,463.0,433.0,422.0,374.0,371.0,373.0,360.0,388.0,363.0,1069.0,931.0,1160.0,463.0,433.0,422.0,374.0,371.0,373.0
1.0,3154.0,1120.0,1119.0,1316.0,1126.0,404.0,258.0,464.0,375.0,371.0,373.0,368.0,378.0,374.0,1033.0,1051.0,1070.0,404.0,258.0,464.0,375.0,371.0,373.0
1.0,3350.0,1101.0,1119.0,1318.0,909.0,312.0,199.0,398.0,375.0,371.0,373.0,371.0,374.0,356.0,1096.0,1226.0,1028.0,312.0,199.0,398.0,375.0,371.0,373.0
1.0,3567.0,1161.0,1121.0,1126.0,952.0,287.0,341.0,324.0,375.0,372.0,374.0,379.0,396.0,386.0,1188.0,1285.0,1094.0,287.0,341.0,324.0,375.0,372.0,374.0
1.0,3532.0,1116.0,1121.0,909.0,1159.0,345.0,514.0,300.0,375.0,372.0,374.0,370.0,372.0,374.0,1213.0,1147.0,1172.0,345.0,514.0,300.0,375.0,372.0,374.0
1.0,3325.0,1085.0,1121.0,952.0,1292.0,414.0,539.0,339.0,375.0,372.0,374.0,356.0,366.0,363.0,1155.0,974.0,1196.0,414.0,539.0,339.0,375.0,372.0,374.0
1.0,3192.0,1086.0,1122.0,1159.0,1223.0,426.0,402.0,395.0,375.0,373.0,374.0,357.0,373.0,356.0,1086.0,949.0,1157.0,426.0,402.0,395.0,375.0,373.0,374.0
1.0,3265.0,1131.0,1123.0,1292.0,1066.0,396.0,250.0,420.0,376.0,373.0,374.0,380.0,387.0,364.0,1074.0,1090.0,1101.0,396.0,250.0,420.0,376.0,373.0,374.0
1.0,3426.0,1152.0,1124.0,1223.0,999.0,353.0,246.0,400.0,376.0,374.0,374.0,383.0,394.0,375.0,1108.0,1242.0,1076.0,353.0,246.0,400.0,376.0,374.0,374.0
1.0,3497.0,1158.0,1125.0,1066.0,1095.0,341.0,387.0,367.0,376.0,374.0,375.0,384.0,391.0,383.0,1151.0,1250.0,1096.0,341.0,387.0,367.0,376.0,374.0,375.0
1.0,3405.0,1123.0,1124.0,999.0,1215.0,355.0,519.0,341.0,376.0,374.0,374.0,367.0,378.0,378.0,1163.0,1109.0,1133.0,355.0,519.0,341.0,376.0,374.0,374.0
1.0,3281.0,1101.0,1124.0,1095.0,1221.0,371.0,505.0,345.0,376.0,374.0,374.0,357.0,373.0,371.0,1149.0,977.0,1155.0,371.0,505.0,345.0,376.0,374.0,374.0
1.0,3275.0,1082.0,1123.0,1215.0,1084.0,364.0,354.0,366.0,375.0,374.0,374.0,352.0,368.0,362.0,1133.0,991.0,1151.0,364.0,354.0,366.0,375.0,374.0,374.0
1.0,3408.0,1137.0,1126.0,1221.0,1012.0,377.0,234.0,401.0,376.0,375.0,375.0,380.0,381.0,376.0,1136.0,1142.0,1130.0,377.0,234.0,401.0,376.0,375.0,375.0
1.0,3492.0,1103.0,1124.0,1084.0,1023.0,375.0,260.0,388.0,375.0,375.0,374.0,366.0,380.0,357.0,1127.0,1266.0,1099.0,375.0,260.0,388.0,375.0,375.0,374.0
1.0,3473.0,1138.0,1125.0,1012.0,1153.0,378.0,415.0,360.0,375.0,376.0,374.0,380.0,385.0,373.0,1125.0,1240.0,1108.0,378.0,415.0,360.0,375.0,376.0,374.0
1.0,3347.0,1165.0,1126.0,1023.0,1299.0,401.0,547.0,351.0,376.0,376.0,374.0,394.0,392.0,379.0,1122.0,1089.0,1136.0,401.0,547.0,351.0,376.0,376.0,374.0
1.0,3205.0,1157.0,1127.0,1153.0,1307.0,411.0,522.0,374.0,376.0,377.0,374.0,388.0,386.0,383.0,1103.0,957.0,1145.0,411.0,522.0,374.0,376.0,377.0,374.0
1.0,3201.0,1171.0,1127.0,1299.0,1179.0,407.0,369.0,403.0,376.0,377.0,374.0,397.0,394.0,380.0,1093.0,986.0,1122.0,407.0,369.0,403.0,376.0,377.0,374.0
1.0,3329.0,1198.0,1129.0,1307.0,1078.0,396.0,256.0,426.0,376.0,378.0,375.0,400.0,405.0,393.0,1097.0,1139.0,1093.0,396.0,256.0,426.0,376.0,378.0,375.0
1.0,3438.0,1165.0,1130.0,1179.0,1068.0,388.0,272.0,408.0,377.0,378.0,375.0,395.0,385.0,385.0,1108.0,1256.0,1074.0,388.0,272.0,408.0,377.0,378.0,375.0
1.0,3452.0,1120.0,1130.0,1078.0,1110.0,366.0,390.0,354.0,377.0,378.0,375.0,374.0,374.0,372.0,1120.0,1240.0,1092.0,366.0,390.0,354.0,377.0,378.0,375.0
1.0,3410.0,1080.0,1128.0,1068.0,1114.0,333.0,479.0,302.0,376.0,378.0,374.0,359.0,361.0,360.0,1142.0,1122.0,1146.0,333.0,479.0,302.0,376.0,378.0,374.0
1.0,3398.0,1133.0,1128.0,1110.0,1137.0,349.0,465.0,323.0,376.0,378.0,374.0,382.0,376.0,375.0,1171.0,1033.0,1194.0,349.0,465.0,323.0,376.0,378.0,374.0
1.0,3375.0,1111.0,1128.0,1114.0,1134.0,398.0,345.0,391.0,376.0,378.0,374.0,382.0,359.0,370.0,1155.0,1047.0,1173.0,398.0,345.0,391.0,376.0,378.0,374.0
1.0,3378.0,1160.0,1128.0,1137.0,1157.0,440.0,261.0,456.0,376.0,378.0,374.0,391.0,381.0,388.0,1106.0,1167.0,1105.0,440.0,261.0,456.0,376.0,378.0,374.0
1.0,3355.0,1156.0,1129.0,1134.0,1183.0,438.0,288.0,457.0,376.0,378.0,375.0,396.0,372.0,388.0,1064.0,1251.0,1040.0,438.0,288.0,457.0,376.0,378.0,375.0
1.0,3333.0,1150.0,1129.0,1157.0,1176.0,383.0,412.0,381.0,376.0,378.0,375.0,385.0,385.0,380.0,1066.0,1224.0,1043.0,383.0,412.0,381.0,376.0,378.0,375.0
1.0,3340.0,1180.0,1130.0,1183.0,1177.0,343.0,516.0,318.0,376.0,379.0,375.0,398.0,388.0,394.0,1121.0,1100.0,1119.0,343.0,516.0,318.0,376.0,379.0,375.0
1.0,3343.0,1197.0,1131.0,1176.0,1202.0,365.0,500.0,337.0,377.0,379.0,375.0,401.0,396.0,400.0,1161.0,1000.0,1182.0,365.0,500.0,337.0,377.0,379.0,375.0
1.0,3322.0,1167.0,1132.0,1177.0,1196.0,413.0,372.0,411.0,377.0,379.0,376.0,391.0,388.0,388.0,1143.0,1016.0,1163.0,413.0,372.0,411.0,377.0,379.0,376.0
1.0,3332.0,1135.0,1131.0,1202.0,1125.0,427.0,249.0,449.0,377.0,379.0,375.0,379.0,377.0,379.0,1095.0,1144.0,1093.0,427.0,249.0,449.0,377.0,379.0,375.0
1.0,3399.0,1182.0,1130.0,1196.0,1107.0,406.0,269.0,432.0,376.0,379.0,375.0,396.0,392.0,394.0,1081.0,1267.0,1051.0,406.0,269.0,432.0,376.0,379.0,375.0
1.0,3413.0,1153.0,1131.0,1125.0,1139.0,379.0,397.0,363.0,377.0,379.0,375.0,396.0,377.0,380.0,1098.0,1247.0,1068.0,379.0,397.0,363.0,377.0,379.0,375.0
1.0,3385.0,1133.0,1129.0,1107.0,1157.0,351.0,498.0,308.0,376.0,379.0,374.0,382.0,370.0,381.0,1129.0,1119.0,1137.0,351.0,498.0,308.0,376.0,379.0,374.0
1.0,3359.0,1144.0,1131.0,1139.0,1170.0,359.0,474.0,337.0,377.0,379.0,375.0,383.0,373.0,388.0,1153.0,1018.0,1188.0,359.0,474.0,337.0,377.0,379.0,375.0
1.0,3354.0,1222.0,1132.0,1157.0,1239.0,422.0,379.0,438.0,377.0,380.0,375.0,414.0,399.0,409.0,1149.0,1042.0,1163.0,422.0,379.0,438.0,377.0,380.0,375.0
1.0,3289.0,1130.0,1131.0,1170.0,1195.0,450.0,264.0,481.0,377.0,379.0,375.0,387.0,363.0,380.0,1086.0,1141.0,1062.0,450.0,264.0,481.0,377.0,379.0,375.0
1.0,3329.0,1157.0,1133.0,1239.0,1121.0,420.0,271.0,430.0,378.0,380.0,375.0,388.0,382.0,387.0,1058.0,1252.0,1019.0,420.0,271.0,430.0,378.0,380.0,375.0
1.0,3411.0,1152.0,1134.0,1195.0,1082.0,344.0,397.0,341.0,378.0,380.0,376.0,374.0,390.0,388.0,1092.0,1249.0,1070.0,344.0,397.0,341.0,378.0,380.0,376.0
1.0,3454.0,1160.0,1135.0,1121.0,1125.0,313.0,510.0,302.0,379.0,380.0,376.0,385.0,384.0,391.0,1168.0,1123.0,1163.0,313.0,510.0,302.0,379.0,380.0,376.0
1.0,3415.0,1130.0,1134.0,1082.0,1169.0,327.0,494.0,348.0,378.0,380.0,376.0,362.0,381.0,387.0,1203.0,1010.0,1202.0,327.0,494.0,348.0,378.0,380.0,376.0
1.0,3367.0,1122.0,1135.0,1125.0,1170.0,381.0,356.0,433.0,378.0,380.0,377.0,367.0,372.0,383.0,1185.0,1026.0,1156.0,381.0,356.0,433.0,378.0,380.0,377.0
1.0,3370.0,1220.0,1138.0,1169.0,1233.0,454.0,273.0,506.0,379.0,381.0,378.0,396.0,407.0,417.0,1131.0,1164.0,1075.0,454.0,273.0,506.0,379.0,381.0,378.0
1.0,3319.0,1178.0,1139.0,1170.0,1245.0,476.0,301.0,468.0,380.0,381.0,378.0,399.0,384.0,395.0,1062.0,1251.0,1006.0,476.0,301.0,468.0,380.0,381.0,378.0
1.0,3311.0,1118.0,1140.0,1233.0,1134.0,391.0,387.0,356.0,380.0,381.0,379.0,369.0,359.0,390.0,1044.0,1223.0,1044.0,391.0,387.0,356.0,380.0,381.0,379.0
1.0,3426.0,1154.0,1140.0,1245.0,1043.0,300.0,464.0,279.0,380.0,381.0,379.0,385.0,378.0,391.0,1129.0,1137.0,1160.0,300.0,464.0,279.0,380.0,381.0,379.0
1.0,3517.0,1127.0,1141.0,1134.0,1040.0,288.0,436.0,316.0,380.0,381.0,380.0,379.0,359.0,389.0,1220.0,1060.0,1237.0,288.0,436.0,316.0,380.0,381.0,380.0
1.0,3524.0,1181.0,1141.0,1043.0,1178.0,380.0,363.0,435.0,380.0,381.0,380.0,392.0,391.0,398.0,1232.0,1088.0,1204.0,380.0,363.0,435.0,380.0,381.0,380.0
1.0,3386.0,1125.0,1143.0,1040.0,1271.0,471.0,301.0,499.0,381.0,381.0,381.0,375.0,374.0,376.0,1140.0,1161.0,1085.0,471.0,301.0,499.0,381.0,381.0,381.0
1.0,3301.0,1163.0,1143.0,1178.0,1256.0,478.0,326.0,452.0,381.0,381.0,381.0,387.0,388.0,388.0,1053.0,1223.0,1025.0,478.0,326.0,452.0,381.0,381.0,381.0
1.0,3316.0,1124.0,1143.0,1271.0,1109.0,383.0,400.0,326.0,381.0,381.0,381.0,376.0,375.0,373.0,1046.0,1198.0,1072.0,383.0,400.0,326.0,381.0,381.0,381.0
1.0,3463.0,1162.0,1144.0,1256.0,1019.0,279.0,468.0,272.0,381.0,381.0,382.0,374.0,394.0,394.0,1141.0,1124.0,1198.0,279.0,468.0,272.0,381.0,381.0,382.0
1.0,3557.0,1120.0,1144.0,1109.0,1030.0,260.0,444.0,326.0,381.0,381.0,382.0,364.0,376.0,380.0,1245.0,1056.0,1256.0,260.0,444.0,326.0,381.0,381.0,382.0
1.0,3546.0,1143.0,1144.0,1019.0,1154.0,356.0,353.0,445.0,381.0,381.0,382.0,375.0,377.0,391.0,1264.0,1080.0,1202.0,356.0,353.0,445.0,381.0,381.0,382.0
1.0,3422.0,1156.0,1144.0,1030.0,1280.0,477.0,301.0,502.0,381.0,381.0,382.0,381.0,392.0,383.0,1168.0,1171.0,1083.0,477.0,301.0,502.0,381.0,381.0,382.0
1.0,3296.0,1166.0,1145.0,1154.0,1296.0,519.0,337.0,440.0,382.0,381.0,382.0,394.0,389.0,383.0,1047.0,1223.0,1026.0,519.0,337.0,440.0,382.0,381.0,382.0
1.0,3284.0,1192.0,1147.0,1280.0,1216.0,430.0,437.0,349.0,382.0,382.0,383.0,388.0,397.0,407.0,1009.0,1187.0,1088.0,430.0,437.0,349.0,382.0,382.0,383.0
1.0,3372.0,1198.0,1149.0,1296.0,1126.0,309.0,500.0,317.0,383.0,382.0,384.0,394.0,400.0,404.0,1098.0,1091.0,1183.0,309.0,500.0,317.0,383.0,382.0,384.0
1.0,3470.0,1198.0,1151.0,1216.0,1116.0,272.0,474.0,370.0,383.0,383.0,385.0,393.0,407.0,398.0,1223.0,1028.0,1219.0,272.0,474.0,370.0,383.0,383.0,385.0
1.0,3488.0,1130.0,1150.0,1126.0,1116.0,326.0,351.0,439.0,383.0,382.0,385.0,363.0,381.0,386.0,1260.0,1058.0,1170.0,326.0,351.0,439.0,383.0,382.0,385.0
1.0,3484.0,1136.0,1150.0,1116.0,1136.0,435.0,250.0,451.0,383.0,382.0,385.0,381.0,373.0,382.0,1206.0,1177.0,1101.0,435.0,250.0,451.0,383.0,382.0,385.0
1.0,3464.0,1221.0,1153.0,1116.0,1253.0,522.0,310.0,421.0,384.0,383.0,386.0,409.0,407.0,405.0,1097.0,1278.0,1089.0,522.0,310.0,421.0,384.0,383.0,386.0
1.0,3359.0,1174.0,1153.0,1136.0,1291.0,466.0,462.0,363.0,384.0,383.0,386.0,379.0,402.0,393.0,1014.0,1222.0,1123.0,466.0,462.0,363.0,384.0,383.0,386.0
1.0,3321.0,1168.0,1155.0,1253.0,1214.0,330.0,555.0,329.0,385.0,384.0,386.0,382.0,399.0,387.0,1070.0,1070.0,1181.0,330.0,555.0,329.0,385.0,384.0,386.0
1.0,3406.0,1268.0,1157.0,1291.0,1199.0,275.0,527.0,397.0,385.0,385.0,387.0,411.0,430.0,427.0,1210.0,981.0,1215.0,275.0,527.0,397.0,385.0,385.0,387.0
1.0,3429.0,1208.0,1159.0,1214.0,1201.0,354.0,379.0,468.0,386.0,385.0,388.0,405.0,407.0,396.0,1265.0,1013.0,1151.0,354.0,379.0,468.0,386.0,385.0,388.0
1.0,3435.0,1137.0,1160.0,1199.0,1143.0,466.0,213.0,464.0,386.0,385.0,389.0,387.0,361.0,389.0,1190.0,1161.0,1084.0,466.0,213.0,464.0,386.0,385.0,389.0
1.0,3497.0,1210.0,1160.0,1201.0,1152.0,513.0,244.0,395.0,386.0,385.0,389.0,401.0,410.0,399.0,1078.0,1327.0,1092.0,513.0,244.0,395.0,386.0,385.0,389.0
1.0,3488.0,1205.0,1161.0,1143.0,1218.0,451.0,432.0,335.0,387.0,385.0,389.0,400.0,401.0,404.0,1031.0,1296.0,1161.0,451.0,432.0,335.0,387.0,385.0,389.0
1.0,3426.0,1161.0,1160.0,1152.0,1223.0,323.0,585.0,315.0,386.0,385.0,389.0,389.0,397.0,375.0,1097.0,1108.0,1221.0,323.0,585.0,315.0,386.0,385.0,389.0
1.0,3417.0,1187.0,1160.0,1218.0,1192.0,270.0,554.0,368.0,386.0,385.0,389.0,398.0,401.0,388.0,1221.0,955.0,1241.0,270.0,554.0,368.0,386.0,385.0,389.0
1.0,3448.0,1189.0,1161.0,1223.0,1162.0,345.0,373.0,444.0,386.0,386.0,389.0,398.0,400.0,391.0,1274.0,986.0,1188.0,345.0,373.0,444.0,386.0,386.0,389.0
1.0,3482.0,1151.0,1162.0,1192.0,1125.0,461.0,209.0,455.0,387.0,386.0,389.0,382.0,390.0,379.0,1199.0,1171.0,1112.0,461.0,209.0,455.0,387.0,386.0,389.0
1.0,3523.0,1198.0,1164.0,1162.0,1169.0,520.0,247.0,402.0,387.0,387.0,390.0,404.0,407.0,387.0,1087.0,1335.0,1101.0,520.0,247.0,402.0,387.0,387.0,390.0
1.0,3487.0,1176.0,1165.0,1125.0,1224.0,461.0,431.0,332.0,388.0,387.0,390.0,398.0,393.0,385.0,1028.0,1301.0,1158.0,461.0,431.0,332.0,388.0,387.0,390.0
1.0,3436.0,1164.0,1166.0,1169.0,1223.0,336.0,575.0,312.0,388.0,388.0,390.0,395.0,387.0,382.0,1091.0,1117.0,1228.0,336.0,575.0,312.0,388.0,388.0,390.0
1.0,3441.0,1192.0,1167.0,1224.0,1195.0,272.0,535.0,388.0,388.0,388.0,391.0,397.0,391.0,404.0,1216.0,977.0,1248.0,272.0,535.0,388.0,388.0,388.0,391.0
1.0,3473.0,1175.0,1167.0,1223.0,1147.0,334.0,354.0,459.0,388.0,388.0,391.0,398.0,394.0,383.0,1280.0,1017.0,1176.0,334.0,354.0,459.0,388.0,388.0,391.0
1.0,3521.0,1237.0,1169.0,1195.0,1197.0,482.0,240.0,475.0,389.0,389.0,391.0,416.0,417.0,404.0,1218.0,1198.0,1105.0,482.0,240.0,475.0,389.0,389.0,391.0
1.0,3479.0,1191.0,1169.0,1147.0,1241.0,549.0,287.0,405.0,389.0,389.0,391.0,401.0,401.0,389.0,1074.0,1316.0,1089.0,549.0,287.0,405.0,389.0,389.0,391.0
1.0,3435.0,1175.0,1169.0,1197.0,1219.0,462.0,442.0,315.0,389.0,389.0,391.0,395.0,395.0,385.0,1007.0,1269.0,1159.0,462.0,442.0,315.0,389.0,389.0,391.0
1.0,3457.0,1165.0,1168.0,1241.0,1139.0,308.0,543.0,288.0,389.0,389.0,390.0,395.0,388.0,382.0,1094.0,1114.0,1249.0,308.0,543.0,288.0,389.0,389.0,390.0
1.0,3533.0,1177.0,1170.0,1219.0,1105.0,244.0,504.0,357.0,389.0,390.0,391.0,398.0,399.0,380.0,1248.0,1013.0,1272.0,244.0,504.0,357.0,389.0,390.0,391.0
1.0,3575.0,1191.0,1169.0,1139.0,1153.0,337.0,364.0,452.0,389.0,390.0,390.0,401.0,403.0,387.0,1312.0,1056.0,1207.0,337.0,364.0,452.0,389.0,390.0,390.0
1.0,3523.0,1186.0,1170.0,1105.0,1238.0,500.0,249.0,489.0,389.0,390.0,391.0,407.0,389.0,390.0,1219.0,1196.0,1108.0,500.0,249.0,489.0,389.0,390.0,391.0
1.0,3442.0,1188.0,1171.0,1153.0,1277.0,576.0,275.0,426.0,390.0,390.0,391.0,409.0,390.0,389.0,1056.0,1311.0,1075.0,576.0,275.0,426.0,390.0,390.0,391.0
1.0,3407.0,1175.0,1172.0,1238.0,1218.0,470.0,420.0,328.0,390.0,391.0,391.0,394.0,390.0,391.0,984.0,1285.0,1138.0,470.0,420.0,328.0,390.0,391.0,391.0
1.0,3470.0,1235.0,1172.0,1277.0,1176.0,310.0,561.0,305.0,390.0,391.0,391.0,416.0,416.0,403.0,1090.0,1144.0,1236.0,310.0,561.0,305.0,390.0,391.0,391.0
1.0,3512.0,1170.0,1173.0,1218.0,1132.0,235.0,537.0,360.0,390.0,392.0,391.0,395.0,392.0,383.0,1250.0,1003.0,1259.0,235.0,537.0,360.0,390.0,392.0,391.0
1.0,3560.0,1163.0,1173.0,1176.0,1119.0,316.0,362.0,441.0,390.0,392.0,391.0,391.0,386.0,386.0,1325.0,1031.0,1204.0,316.0,362.0,441.0,390.0,392.0,391.0
1.0,3573.0,1206.0,1174.0,1132.0,1197.0,495.0,228.0,474.0,391.0,392.0,391.0,410.0,403.0,393.0,1244.0,1206.0,1123.0,495.0,228.0,474.0,391.0,392.0,391.0
1.0,3499.0,1182.0,1174.0,1119.0,1260.0,571.0,258.0,431.0,391.0,392.0,391.0,392.0,392.0,398.0,1069.0,1340.0,1090.0,571.0,258.0,431.0,391.0,392.0,391.0
1.0,3436.0,1230.0,1176.0,1197.0,1301.0,497.0,437.0,367.0,392.0,393.0,391.0,417.0,403.0,410.0,993.0,1310.0,1133.0,497.0,437.0,367.0,392.0,393.0,391.0
1.0,3403.0,1200.0,1178.0,1260.0,1249.0,335.0,571.0,343.0,393.0,393.0,392.0,405.0,392.0,403.0,1071.0,1135.0,1197.0,335.0,571.0,343.0,393.0,393.0,392.0
1.0,3463.0,1198.0,1177.0,1301.0,1142.0,246.0,529.0,367.0,393.0,393.0,391.0,408.0,395.0,395.0,1237.0,1001.0,1225.0,246.0,529.0,367.0,393.0,393.0,391.0
1.0,3566.0,1206.0,1177.0,1249.0,1099.0,307.0,367.0,425.0,393.0,393.0,391.0,396.0,409.0,401.0,1326.0,1043.0,1197.0,307.0,367.0,425.0,393.0,393.0,391.0
1.0,3609.0,1219.0,1180.0,1142.0,1188.0,481.0,242.0,465.0,394.0,394.0,392.0,416.0,400.0,403.0,1265.0,1205.0,1139.0,481.0,242.0,465.0,394.0,394.0,392.0
1.0,3532.0,1158.0,1180.0,1099.0,1247.0,560.0,258.0,429.0,394.0,394.0,392.0,386.0,383.0,389.0,1095.0,1334.0,1103.0,560.0,258.0,429.0,394.0,394.0,392.0
1.0,3473.0,1186.0,1181.0,1188.0,1249.0,471.0,423.0,355.0,394.0,395.0,392.0,392.0,403.0,391.0,1016.0,1318.0,1139.0,471.0,423.0,355.0,394.0,395.0,392.0
1.0,3475.0,1172.0,1180.0,1247.0,1170.0,306.0,561.0,303.0,394.0,395.0,391.0,395.0,396.0,381.0,1105.0,1157.0,1213.0,306.0,561.0,303.0,394.0,395.0,391.0
1.0,3550.0,1226.0,1183.0,1249.0,1159.0,255.0,540.0,364.0,395.0,396.0,392.0,416.0,398.0,412.0,1270.0,1019.0,1261.0,255.0,540.0,364.0,395.0,396.0,392.0
1.0,3573.0,1162.0,1182.0,1170.0,1147.0,336.0,361.0,450.0,395.0,395.0,392.0,387.0,386.0,389.0,1325.0,1044.0,1204.0,336.0,361.0,450.0,395.0,395.0,392.0
1.0,3581.0,1214.0,1185.0,1159.0,1214.0,496.0,219.0,499.0,396.0,396.0,393.0,411.0,394.0,409.0,1244.0,1219.0,1118.0,496.0,219.0,499.0,396.0,396.0,393.0
1.0,3526.0,1189.0,1185.0,1147.0,1256.0,554.0,251.0,451.0,396.0,396.0,393.0,394.0,393.0,402.0,1088.0,1365.0,1073.0,554.0,251.0,451.0,396.0,396.0,393.0
1.0,3484.0,1207.0,1186.0,1214.0,1253.0,467.0,430.0,356.0,397.0,396.0,393.0,405.0,398.0,404.0,1030.0,1333.0,1121.0,467.0,430.0,356.0,397.0,396.0,393.0
1.0,3491.0,1133.0,1186.0,1256.0,1130.0,287.0,549.0,294.0,397.0,396.0,393.0,374.0,370.0,389.0,1121.0,1154.0,1216.0,287.0,549.0,294.0,397.0,396.0,393.0
1.0,3614.0,1227.0,1189.0,1253.0,1116.0,229.0,537.0,350.0,398.0,397.0,394.0,405.0,414.0,408.0,1301.0,1035.0,1278.0,229.0,537.0,350.0,398.0,397.0,394.0
1.0,3640.0,1182.0,1189.0,1130.0,1168.0,339.0,382.0,447.0,398.0,397.0,394.0,397.0,394.0,391.0,1363.0,1051.0,1226.0,339.0,382.0,447.0,398.0,397.0,394.0
1.0,3588.0,1128.0,1186.0,1116.0,1168.0,481.0,214.0,473.0,397.0,396.0,393.0,375.0,373.0,380.0,1253.0,1206.0,1129.0,481.0,214.0,473.0,397.0,396.0,393.0
1.0,3576.0,1163.0,1186.0,1168.0,1163.0,531.0,216.0,416.0,397.0,396.0,393.0,389.0,384.0,390.0,1107.0,1370.0,1099.0,531.0,216.0,416.0,397.0,396.0,393.0
1.0,3581.0,1229.0,1187.0,1168.0,1228.0,451.0,412.0,365.0,397.0,396.0,394.0,401.0,410.0,418.0,1057.0,1368.0,1156.0,451.0,412.0,365.0,397.0,396.0,394.0
1.0,3520.0,1168.0,1188.0,1163.0,1237.0,301.0,579.0,357.0,398.0,396.0,394.0,377.0,383.0,408.0,1137.0,1172.0,1211.0,301.0,579.0,357.0,398.0,396.0,394.0
1.0,3515.0,1193.0,1188.0,1228.0,1202.0,244.0,562.0,396.0,398.0,396.0,394.0,394.0,395.0,404.0,1291.0,1005.0,1219.0,244.0,562.0,396.0,398.0,396.0,394.0
1.0,3550.0,1220.0,1189.0,1237.0,1189.0,346.0,389.0,454.0,398.0,396.0,395.0,403.0,406.0,411.0,1348.0,1022.0,1180.0,346.0,389.0,454.0,398.0,396.0,395.0
1.0,3567.0,1216.0,1189.0,1202.0,1203.0,500.0,231.0,472.0,398.0,396.0,395.0,398.0,404.0,414.0,1246.0,1195.0,1126.0,500.0,231.0,472.0,398.0,396.0,395.0
1.0,3553.0,1217.0,1190.0,1189.0,1235.0,564.0,242.0,429.0,399.0,396.0,395.0,406.0,400.0,411.0,1092.0,1353.0,1108.0,564.0,242.0,429.0,399.0,396.0,395.0
1.0,3525.0,1229.0,1190.0,1203.0,1261.0,470.0,422.0,369.0,399.0,396.0,395.0,406.0,411.0,412.0,1032.0,1342.0,1151.0,470.0,422.0,369.0,399.0,396.0,395.0
1.0,3499.0,1194.0,1190.0,1235.0,1220.0,294.0,567.0,359.0,398.0,396.0,396.0,392.0,387.0,415.0,1126.0,1162.0,1211.0,294.0,567.0,359.0,398.0,396.0,396.0
1.0,3540.0,1226.0,1192.0,1261.0,1193.0,234.0,555.0,404.0,399.0,397.0,396.0,406.0,406.0,414.0,1298.0,1017.0,1225.0,234.0,555.0,404.0,399.0,397.0,396.0
1.0,3575.0,1194.0,1191.0,1220.0,1163.0,334.0,385.0,444.0,399.0,396.0,396.0,394.0,401.0,399.0,1362.0,1033.0,1180.0,334.0,385.0,444.0,399.0,396.0,396.0
1.0,3601.0,1234.0,1192.0,1193.0,1208.0,504.0,245.0,459.0,399.0,397.0,396.0,404.0,411.0,419.0,1262.0,1199.0,1140.0,504.0,245.0,459.0,399.0,397.0,396.0
1.0,3560.0,1185.0,1192.0,1163.0,1230.0,560.0,245.0,425.0,399.0,396.0,397.0,390.0,389.0,406.0,1092.0,1343.0,1125.0,560.0,245.0,425.0,399.0,396.0,397.0
1.0,3538.0,1212.0,1192.0,1208.0,1234.0,456.0,398.0,380.0,399.0,396.0,397.0,400.0,398.0,414.0,1036.0,1339.0,1163.0,456.0,398.0,380.0,399.0,396.0,397.0
1.0,3534.0,1251.0,1194.0,1230.0,1263.0,306.0,573.0,384.0,399.0,397.0,398.0,410.0,416.0,425.0,1140.0,1186.0,1208.0,306.0,573.0,384.0,399.0,397.0,398.0
1.0,3513.0,1251.0,1195.0,1234.0,1284.0,261.0,602.0,421.0,399.0,397.0,399.0,411.0,427.0,413.0,1290.0,1015.0,1208.0,261.0,602.0,421.0,399.0,397.0,399.0
1.0,3496.0,1209.0,1195.0,1263.0,1230.0,353.0,426.0,451.0,399.0,397.0,399.0,398.0,397.0,414.0,1335.0,986.0,1175.0,353.0,426.0,451.0,399.0,397.0,399.0
1.0,3550.0,1188.0,1196.0,1284.0,1138.0,485.0,216.0,437.0,399.0,397.0,400.0,393.0,392.0,403.0,1243.0,1162.0,1145.0,485.0,216.0,437.0,399.0,397.0,400.0
1.0,3646.0,1256.0,1197.0,1230.0,1168.0,538.0,228.0,402.0,399.0,398.0,400.0,406.0,434.0,416.0,1111.0,1372.0,1163.0,538.0,228.0,402.0,399.0,398.0,400.0
1.0,3620.0,1258.0,1199.0,1138.0,1296.0,477.0,435.0,384.0,400.0,399.0,400.0,420.0,419.0,419.0,1058.0,1364.0,1198.0,477.0,435.0,384.0,400.0,399.0,400.0
1.0,3500.0,1239.0,1200.0,1168.0,1371.0,347.0,627.0,397.0,400.0,399.0,401.0,408.0,420.0,411.0,1123.0,1161.0,1216.0,347.0,627.0,397.0,400.0,399.0,401.0
1.0,3429.0,1193.0,1200.0,1296.0,1268.0,272.0,589.0,407.0,400.0,399.0,401.0,402.0,397.0,394.0,1253.0,969.0,1207.0,272.0,589.0,407.0,400.0,399.0,401.0
1.0,3532.0,1281.0,1201.0,1371.0,1182.0,349.0,393.0,440.0,400.0,399.0,402.0,424.0,431.0,426.0,1328.0,1007.0,1197.0,349.0,393.0,440.0,400.0,399.0,402.0
1.0,3622.0,1228.0,1202.0,1268.0,1146.0,482.0,221.0,443.0,400.0,400.0,402.0,405.0,413.0,410.0,1251.0,1203.0,1168.0,482.0,221.0,443.0,400.0,400.0,402.0
1.0,3662.0,1198.0,1202.0,1182.0,1162.0,528.0,231.0,403.0,400.0,400.0,402.0,395.0,403.0,400.0,1118.0,1379.0,1165.0,528.0,231.0,403.0,400.0,400.0,402.0
1.0,3646.0,1206.0,1203.0,1146.0,1226.0,441.0,422.0,363.0,400.0,400.0,403.0,395.0,412.0,399.0,1072.0,1369.0,1205.0,441.0,422.0,363.0,400.0,400.0,403.0
1.0,3586.0,1249.0,1204.0,1162.0,1317.0,329.0,606.0,382.0,401.0,400.0,403.0,412.0,415.0,422.0,1159.0,1178.0,1249.0,329.0,606.0,382.0,401.0,400.0,403.0
1.0,3499.0,1234.0,1206.0,1226.0,1333.0,306.0,597.0,430.0,401.0,401.0,404.0,418.0,409.0,407.0,1275.0,994.0,1230.0,306.0,597.0,430.0,401.0,401.0,404.0
1.0,3491.0,1225.0,1206.0,1317.0,1241.0,388.0,394.0,459.0,401.0,401.0,404.0,411.0,403.0,411.0,1298.0,1007.0,1186.0,388.0,394.0,459.0,401.0,401.0,404.0
1.0,3583.0,1274.0,1209.0,1333.0,1194.0,517.0,234.0,443.0,402.0,402.0,405.0,431.0,433.0,410.0,1216.0,1210.0,1157.0,517.0,234.0,443.0,402.0,402.0,405.0
1.0,3642.0,1205.0,1207.0,1241.0,1150.0,541.0,232.0,377.0,402.0,401.0,404.0,412.0,396.0,397.0,1091.0,1374.0,1177.0,541.0,232.0,377.0,402.0,401.0,404.0
1.0,3678.0,1258.0,1209.0,1194.0,1222.0,453.0,415.0,354.0,402.0,402.0,405.0,429.0,413.0,416.0,1067.0,1372.0,1239.0,453.0,415.0,354.0,402.0,402.0,405.0
1.0,3614.0,1199.0,1209.0,1150.0,1271.0,320.0,577.0,374.0,402.0,402.0,405.0,408.0,394.0,397.0,1155.0,1193.0,1266.0,320.0,577.0,374.0,402.0,402.0,405.0
1.0,3565.0,1233.0,1211.0,1222.0,1290.0,286.0,574.0,430.0,403.0,402.0,406.0,415.0,412.0,406.0,1288.0,1031.0,1246.0,286.0,574.0,430.0,403.0,402.0,406.0
1.0,3554.0,1257.0,1212.0,1271.0,1280.0,394.0,422.0,464.0,403.0,403.0,406.0,428.0,421.0,408.0,1326.0,1034.0,1194.0,394.0,422.0,464.0,403.0,403.0,406.0
1.0,3568.0,1257.0,1212.0,1290.0,1247.0,522.0,268.0,457.0,403.0,403.0,406.0,414.0,420.0,423.0,1218.0,1190.0,1160.0,522.0,268.0,457.0,403.0,403.0,406.0
1.0,3601.0,1228.0,1213.0,1280.0,1199.0,542.0,264.0,393.0,403.0,404.0,406.0,414.0,414.0,400.0,1090.0,1344.0,1167.0,542.0,264.0,393.0,403.0,404.0,406.0
1.0,3653.0,1225.0,1214.0,1247.0,1181.0,441.0,397.0,343.0,404.0,404.0,406.0,417.0,401.0,407.0,1070.0,1352.0,1231.0,441.0,397.0,343.0,404.0,404.0,406.0
1.0,3675.0,1207.0,1214.0,1199.0,1189.0,304.0,536.0,349.0,404.0,404.0,406.0,405.0,403.0,399.0,1175.0,1219.0,1281.0,304.0,536.0,349.0,404.0,404.0,406.0
1.0,3667.0,1212.0,1213.0,1181.0,1216.0,262.0,552.0,402.0,403.0,404.0,406.0,403.0,413.0,396.0,1312.0,1080.0,1275.0,262.0,552.0,402.0,403.0,404.0,406.0
1.0,3636.0,1267.0,1215.0,1189.0,1302.0,391.0,445.0,466.0,404.0,405.0,406.0,429.0,425.0,413.0,1350.0,1064.0,1222.0,391.0,445.0,466.0,404.0,405.0,406.0
1.0,3558.0,1227.0,1217.0,1216.0,1321.0,547.0,303.0,471.0,405.0,405.0,407.0,414.0,410.0,403.0,1225.0,1175.0,1158.0,547.0,303.0,471.0,405.0,405.0,407.0
1.0,3547.0,1252.0,1217.0,1302.0,1271.0,579.0,271.0,421.0,405.0,405.0,407.0,423.0,413.0,416.0,1073.0,1317.0,1157.0,579.0,271.0,421.0,405.0,405.0,407.0
1.0,3597.0,1195.0,1217.0,1321.0,1145.0,427.0,377.0,341.0,405.0,405.0,407.0,395.0,409.0,391.0,1041.0,1349.0,1207.0,427.0,377.0,341.0,405.0,405.0,407.0
1.0,3723.0,1223.0,1218.0,1271.0,1101.0,258.0,515.0,328.0,405.0,406.0,407.0,410.0,405.0,408.0,1193.0,1243.0,1287.0,258.0,515.0,328.0,405.0,406.0,407.0
1.0,3771.0,1213.0,1218.0,1145.0,1169.0,236.0,545.0,388.0,405.0,406.0,407.0,405.0,407.0,401.0,1362.0,1109.0,1300.0,236.0,545.0,388.0,405.0,406.0,407.0
1.0,3703.0,1216.0,1218.0,1101.0,1284.0,384.0,432.0,468.0,405.0,406.0,407.0,406.0,402.0,408.0,1384.0,1079.0,1240.0,384.0,432.0,468.0,405.0,406.0,407.0
1.0,3588.0,1164.0,1218.0,1169.0,1279.0,533.0,279.0,467.0,405.0,406.0,407.0,385.0,392.0,387.0,1236.0,1192.0,1160.0,533.0,279.0,467.0,405.0,406.0,407.0
1.0,3593.0,1200.0,1219.0,1284.0,1199.0,545.0,261.0,393.0,405.0,407.0,407.0,396.0,410.0,394.0,1087.0,1345.0,1161.0,545.0,261.0,393.0,405.0,407.0,407.0
1.0,3677.0,1162.0,1218.0,1279.0,1078.0,393.0,373.0,312.0,405.0,406.0,407.0,381.0,395.0,386.0,1075.0,1367.0,1235.0,393.0,373.0,312.0,405.0,406.0,407.0
1.0,3794.0,1231.0,1219.0,1199.0,1114.0,264.0,526.0,324.0,405.0,407.0,407.0,416.0,410.0,405.0,1227.0,1251.0,1316.0,264.0,526.0,324.0,405.0,407.0,407.0
1.0,3762.0,1201.0,1220.0,1078.0,1241.0,281.0,554.0,406.0,406.0,407.0,407.0,406.0,401.0,394.0,1356.0,1102.0,1304.0,281.0,554.0,406.0,406.0,407.0,407.0
1.0,3639.0,1191.0,1220.0,1114.0,1318.0,412.0,427.0,479.0,406.0,407.0,407.0,395.0,399.0,397.0,1343.0,1074.0,1222.0,412.0,427.0,479.0,406.0,407.0,407.0
1.0,3562.0,1239.0,1220.0,1241.0,1316.0,551.0,279.0,486.0,406.0,407.0,407.0,420.0,406.0,413.0,1212.0,1201.0,1149.0,551.0,279.0,486.0,406.0,407.0,407.0
1.0,3564.0,1236.0,1222.0,1318.0,1242.0,553.0,267.0,422.0,407.0,408.0,407.0,410.0,411.0,415.0,1073.0,1349.0,1142.0,553.0,267.0,422.0,407.0,408.0,407.0
1.0,3646.0,1224.0,1222.0,1316.0,1150.0,414.0,400.0,336.0,407.0,408.0,407.0,412.0,412.0,400.0,1075.0,1365.0,1206.0,414.0,400.0,336.0,407.0,408.0,407.0
1.0,3738.0,1226.0,1222.0,1242.0,1134.0,267.0,533.0,334.0,407.0,408.0,407.0,406.0,400.0,420.0,1214.0,1232.0,1292.0,267.0,533.0,334.0,407.0,408.0,407.0
1.0,3754.0,1194.0,1222.0,1150.0,1178.0,249.0,536.0,393.0,407.0,408.0,407.0,396.0,403.0,395.0,1361.0,1099.0,1294.0,249.0,536.0,393.0,407.0,408.0,407.0
1.0,3710.0,1229.0,1223.0,1134.0,1277.0,397.0,407.0,473.0,408.0,408.0,407.0,411.0,404.0,414.0,1379.0,1096.0,1235.0,397.0,407.0,473.0,408.0,408.0,407.0
1.0,3615.0,1234.0,1223.0,1178.0,1333.0,554.0,282.0,497.0,408.0,408.0,407.0,406.0,411.0,417.0,1235.0,1225.0,1155.0,554.0,282.0,497.0,408.0,408.0,407.0
1.0,3559.0,1239.0,1224.0,1277.0,1299.0,571.0,293.0,435.0,408.0,409.0,407.0,414.0,414.0,411.0,1078.0,1350.0,1131.0,571.0,293.0,435.0,408.0,409.0,407.0
1.0,3597.0,1167.0,1223.0,1333.0,1129.0,409.0,393.0,327.0,408.0,408.0,407.0,392.0,386.0,389.0,1061.0,1343.0,1193.0,409.0,393.0,327.0,408.0,408.0,407.0
1.0,3763.0,1253.0,1224.0,1299.0,1087.0,254.0,527.0,306.0,408.0,409.0,407.0,416.0,423.0,414.0,1223.0,1239.0,1301.0,254.0,527.0,306.0,408.0,409.0,407.0
1.0,3809.0,1182.0,1222.0,1129.0,1132.0,247.0,518.0,367.0,408.0,408.0,406.0,402.0,388.0,392.0,1378.0,1109.0,1322.0,247.0,518.0,367.0,408.0,408.0,406.0
1.0,3756.0,1236.0,1224.0,1087.0,1289.0,403.0,408.0,478.0,408.0,409.0,407.0,410.0,413.0,413.0,1385.0,1114.0,1257.0,403.0,408.0,478.0,408.0,409.0,407.0
1.0,3607.0,1203.0,1224.0,1132.0,1360.0,564.0,288.0,508.0,409.0,409.0,406.0,404.0,398.0,401.0,1229.0,1228.0,1150.0,564.0,288.0,508.0,409.0,409.0,406.0
1.0,3536.0,1243.0,1224.0,1289.0,1314.0,578.0,288.0,448.0,409.0,409.0,406.0,417.0,408.0,418.0,1072.0,1348.0,1116.0,578.0,288.0,448.0,409.0,409.0,406.0
1.0,3582.0,1227.0,1223.0,1360.0,1177.0,422.0,411.0,344.0,409.0,408.0,406.0,408.0,415.0,404.0,1058.0,1348.0,1176.0,422.0,411.0,344.0,409.0,408.0,406.0
1.0,3715.0,1254.0,1224.0,1314.0,1121.0,269.0,534.0,318.0,409.0,409.0,406.0,425.0,407.0,422.0,1214.0,1221.0,1280.0,269.0,534.0,318.0,409.0,409.0,406.0
1.0,3775.0,1213.0,1224.0,1177.0,1157.0,252.0,531.0,374.0,409.0,409.0,406.0,405.0,408.0,400.0,1367.0,1102.0,1306.0,252.0,531.0,374.0,409.0,409.0,406.0
1.0,3739.0,1241.0,1225.0,1121.0,1281.0,401.0,419.0,461.0,410.0,409.0,406.0,414.0,422.0,405.0,1384.0,1105.0,1250.0,401.0,419.0,461.0,410.0,409.0,406.0
1.0,3619.0,1220.0,1223.0,1157.0,1336.0,560.0,272.0,504.0,409.0,408.0,406.0,415.0,388.0,417.0,1239.0,1217.0,1163.0,560.0,272.0,504.0,409.0,408.0,406.0
1.0,3556.0,1248.0,1224.0,1281.0,1307.0,579.0,263.0,465.0,410.0,408.0,406.0,416.0,410.0,422.0,1076.0,1360.0,1120.0,579.0,263.0,465.0,410.0,408.0,406.0
1.0,3589.0,1292.0,1226.0,1336.0,1271.0,450.0,428.0,393.0,410.0,409.0,407.0,431.0,433.0,428.0,1061.0,1369.0,1159.0,450.0,428.0,393.0,410.0,409.0,407.0
1.0,3633.0,1266.0,1225.0,1307.0,1226.0,296.0,581.0,349.0,410.0,408.0,407.0,425.0,420.0,421.0,1190.0,1208.0,1235.0,296.0,581.0,349.0,410.0,408.0,407.0
1.0,3674.0,1226.0,1224.0,1271.0,1177.0,261.0,560.0,356.0,410.0,408.0,406.0,415.0,407.0,404.0,1344.0,1051.0,1279.0,261.0,560.0,356.0,410.0,408.0,406.0
1.0,3719.0,1261.0,1227.0,1226.0,1224.0,396.0,402.0,426.0,411.0,409.0,407.0,427.0,419.0,415.0,1379.0,1072.0,1268.0,396.0,402.0,426.0,411.0,409.0,407.0
1.0,3684.0,1291.0,1228.0,1177.0,1342.0,580.0,269.0,493.0,412.0,409.0,407.0,441.0,427.0,423.0,1248.0,1234.0,1202.0,580.0,269.0,493.0,412.0,409.0,407.0
1.0,3570.0,1241.0,1228.0,1224.0,1359.0,602.0,288.0,469.0,412.0,409.0,407.0,418.0,421.0,402.0,1068.0,1367.0,1135.0,602.0,288.0,469.0,412.0,409.0,407.0
1.0,3553.0,1296.0,1228.0,1342.0,1313.0,458.0,455.0,400.0,412.0,409.0,407.0,436.0,436.0,424.0,1046.0,1348.0,1159.0,458.0,455.0,400.0,412.0,409.0,407.0
1.0,3599.0,1299.0,1230.0,1359.0,1261.0,300.0,602.0,359.0,413.0,410.0,407.0,440.0,431.0,428.0,1190.0,1181.0,1228.0,300.0,602.0,359.0,413.0,410.0,407.0
1.0,3659.0,1245.0,1231.0,1313.0,1197.0,259.0,559.0,379.0,413.0,410.0,408.0,417.0,412.0,416.0,1352.0,1038.0,1269.0,259.0,559.0,379.0,413.0,410.0,408.0
1.0,3727.0,1308.0,1231.0,1261.0,1244.0,395.0,392.0,457.0,413.0,410.0,408.0,436.0,435.0,437.0,1393.0,1081.0,1253.0,395.0,392.0,457.0,413.0,410.0,408.0
1.0,3680.0,1278.0,1232.0,1197.0,1329.0,564.0,253.0,512.0,413.0,410.0,409.0,428.0,420.0,430.0,1257.0,1248.0,1175.0,564.0,253.0,512.0,413.0,410.0,409.0
1.0,3599.0,1204.0,1233.0,1244.0,1293.0,572.0,262.0,459.0,413.0,411.0,409.0,403.0,397.0,404.0,1088.0,1387.0,1124.0,572.0,262.0,459.0,413.0,411.0,409.0
1.0,3639.0,1218.0,1233.0,1329.0,1182.0,412.0,426.0,344.0,413.0,411.0,409.0,404.0,417.0,397.0,1080.0,1382.0,1177.0,412.0,426.0,344.0,413.0,411.0,409.0
1.0,3750.0,1252.0,1233.0,1293.0,1141.0,260.0,583.0,298.0,413.0,411.0,409.0,420.0,419.0,413.0,1240.0,1218.0,1292.0,260.0,583.0,298.0,413.0,411.0,409.0
1.0,3791.0,1242.0,1231.0,1182.0,1193.0,270.0,564.0,359.0,413.0,410.0,408.0,422.0,411.0,409.0,1392.0,1061.0,1338.0,270.0,564.0,359.0,413.0,410.0,408.0
1.0,3731.0,1214.0,1232.0,1141.0,1270.0,418.0,381.0,471.0,413.0,410.0,409.0,408.0,400.0,406.0,1382.0,1076.0,1273.0,418.0,381.0,471.0,413.0,410.0,409.0
1.0,3658.0,1261.0,1233.0,1193.0,1342.0,566.0,244.0,532.0,413.0,411.0,409.0,418.0,423.0,420.0,1234.0,1259.0,1165.0,566.0,244.0,532.0,413.0,411.0,409.0
1.0,3590.0,1275.0,1233.0,1270.0,1347.0,570.0,282.0,495.0,413.0,411.0,409.0,422.0,419.0,434.0,1086.0,1400.0,1104.0,570.0,282.0,495.0,413.0,411.0,409.0
1.0,3585.0,1278.0,1234.0,1342.0,1287.0,430.0,463.0,394.0,413.0,411.0,410.0,426.0,425.0,427.0,1082.0,1362.0,1141.0,430.0,463.0,394.0,413.0,411.0,410.0
1.0,3649.0,1258.0,1234.0,1347.0,1198.0,288.0,594.0,316.0,413.0,411.0,410.0,428.0,413.0,417.0,1222.0,1181.0,1246.0,288.0,594.0,316.0,413.0,411.0,410.0
1.0,3738.0,1245.0,1234.0,1287.0,1156.0,268.0,555.0,333.0,413.0,411.0,410.0,410.0,424.0,411.0,1364.0,1050.0,1324.0,268.0,555.0,333.0,413.0,411.0,410.0
1.0,3780.0,1230.0,1234.0,1198.0,1188.0,379.0,379.0,430.0,413.0,411.0,410.0,399.0,418.0,413.0,1384.0,1089.0,1307.0,379.0,379.0,430.0,413.0,411.0,410.0
1.0,3748.0,1223.0,1235.0,1156.0,1259.0,514.0,235.0,510.0,413.0,411.0,411.0,403.0,411.0,409.0,1273.0,1265.0,1210.0,514.0,235.0,510.0,413.0,411.0,411.0
1.0,3681.0,1252.0,1236.0,1188.0,1327.0,550.0,285.0,492.0,413.0,412.0,411.0,415.0,425.0,412.0,1138.0,1409.0,1134.0,550.0,285.0,492.0,413.0,412.0,411.0
1.0,3617.0,1263.0,1236.0,1259.0,1331.0,459.0,469.0,403.0,413.0,412.0,411.0,423.0,419.0,421.0,1102.0,1363.0,1152.0,459.0,469.0,403.0,413.0,412.0,411.0
1.0,3613.0,1256.0,1237.0,1327.0,1264.0,337.0,601.0,326.0,414.0,412.0,411.0,424.0,417.0,415.0,1193.0,1179.0,1241.0,337.0,601.0,326.0,414.0,412.0,411.0
1.0,3684.0,1306.0,1240.0,1331.0,1251.0,308.0,571.0,372.0,415.0,413.0,412.0,426.0,435.0,445.0,1319.0,1047.0,1318.0,308.0,571.0,372.0,415.0,413.0,412.0
1.0,3709.0,1247.0,1241.0,1264.0,1238.0,381.0,383.0,474.0,415.0,413.0,413.0,410.0,413.0,424.0,1352.0,1081.0,1276.0,381.0,383.0,474.0,415.0,413.0,413.0
1.0,3726.0,1243.0,1242.0,1251.0,1234.0,481.0,235.0,518.0,415.0,414.0,413.0,408.0,419.0,416.0,1279.0,1269.0,1178.0,481.0,235.0,518.0,415.0,414.0,413.0
1.0,3734.0,1241.0,1243.0,1238.0,1241.0,515.0,269.0,457.0,415.0,414.0,414.0,415.0,417.0,409.0,1179.0,1421.0,1134.0,515.0,269.0,457.0,415.0,414.0,414.0
1.0,3731.0,1220.0,1243.0,1234.0,1227.0,442.0,437.0,348.0,415.0,414.0,414.0,408.0,403.0,409.0,1145.0,1387.0,1199.0,442.0,437.0,348.0,415.0,414.0,414.0
1.0,3745.0,1288.0,1244.0,1241.0,1278.0,366.0,590.0,322.0,416.0,414.0,414.0,435.0,422.0,431.0,1218.0,1219.0,1308.0,366.0,590.0,322.0,416.0,414.0,414.0
1.0,3698.0,1228.0,1244.0,1227.0,1279.0,335.0,562.0,382.0,416.0,414.0,414.0,411.0,409.0,408.0,1298.0,1066.0,1334.0,335.0,562.0,382.0,416.0,414.0,414.0
1.0,3697.0,1256.0,1244.0,1278.0,1257.0,384.0,397.0,476.0,416.0,414.0,414.0,415.0,425.0,416.0,1329.0,1094.0,1274.0,384.0,397.0,476.0,416.0,414.0,414.0
1.0,3719.0,1234.0,1246.0,1279.0,1220.0,454.0,255.0,511.0,416.0,415.0,415.0,405.0,416.0,413.0,1280.0,1259.0,1180.0,454.0,255.0,511.0,416.0,415.0,415.0
1.0,3764.0,1303.0,1246.0,1257.0,1266.0,503.0,300.0,463.0,416.0,415.0,415.0,433.0,442.0,428.0,1210.0,1405.0,1149.0,503.0,300.0,463.0,416.0,415.0,415.0
1.0,3718.0,1269.0,1248.0,1220.0,1323.0,470.0,478.0,375.0,417.0,416.0,415.0,417.0,429.0,423.0,1161.0,1360.0,1197.0,470.0,478.0,375.0,417.0,416.0,415.0
1.0,3669.0,1219.0,1247.0,1266.0,1272.0,355.0,595.0,322.0,416.0,416.0,415.0,392.0,417.0,410.0,1198.0,1186.0,1285.0,355.0,595.0,322.0,416.0,416.0,415.0
1.0,3716.0,1220.0,1248.0,1323.0,1173.0,298.0,519.0,356.0,417.0,416.0,415.0,409.0,402.0,409.0,1309.0,1069.0,1338.0,298.0,519.0,356.0,417.0,416.0,415.0
1.0,3819.0,1254.0,1247.0,1272.0,1151.0,349.0,344.0,458.0,416.0,416.0,415.0,410.0,420.0,424.0,1370.0,1145.0,1304.0,349.0,344.0,458.0,416.0,416.0,415.0
1.0,3837.0,1278.0,1250.0,1173.0,1268.0,482.0,259.0,527.0,417.0,417.0,416.0,427.0,430.0,421.0,1315.0,1320.0,1202.0,482.0,259.0,527.0,417.0,417.0,416.0
1.0,3732.0,1277.0,1250.0,1151.0,1394.0,561.0,337.0,496.0,417.0,417.0,416.0,428.0,422.0,427.0,1186.0,1409.0,1137.0,561.0,337.0,496.0,417.0,417.0,416.0
1.0,3606.0,1277.0,1253.0,1268.0,1415.0,502.0,512.0,401.0,418.0,418.0,417.0,419.0,430.0,428.0,1107.0,1331.0,1168.0,502.0,512.0,401.0,418.0,418.0,417.0
1.0,3597.0,1235.0,1253.0,1394.0,1256.0,341.0,604.0,311.0,418.0,418.0,417.0,400.0,429.0,406.0,1170.0,1160.0,1267.0,341.0,604.0,311.0,418.0,418.0,417.0
1.0,3756.0,1285.0,1254.0,1415.0,1130.0,261.0,524.0,345.0,418.0,419.0,417.0,422.0,428.0,435.0,1331.0,1068.0,1357.0,261.0,524.0,345.0,418.0,419.0,417.0
1.0,3886.0,1211.0,1253.0,1256.0,1081.0,321.0,315.0,445.0,418.0,418.0,417.0,401.0,399.0,411.0,1411.0,1152.0,1323.0,321.0,315.0,445.0,418.0,418.0,417.0
1.0,3931.0,1234.0,1254.0,1130.0,1189.0,466.0,203.0,520.0,418.0,418.0,418.0,406.0,412.0,416.0,1351.0,1357.0,1223.0,466.0,203.0,520.0,418.0,418.0,418.0
1.0,3827.0,1248.0,1252.0,1081.0,1348.0,559.0,299.0,490.0,417.0,418.0,417.0,418.0,411.0,419.0,1206.0,1469.0,1152.0,559.0,299.0,490.0,417.0,418.0,417.0
1.0,3660.0,1302.0,1255.0,1189.0,1473.0,527.0,538.0,408.0,418.0,419.0,418.0,430.0,438.0,434.0,1109.0,1373.0,1178.0,527.0,538.0,408.0,418.0,419.0,418.0
1.0,3547.0,1325.0,1257.0,1348.0,1458.0,411.0,693.0,354.0,418.0,420.0,419.0,443.0,450.0,432.0,1145.0,1138.0,1264.0,411.0,693.0,354.0,418.0,420.0,419.0
1.0,3570.0,1194.0,1256.0,1473.0,1175.0,281.0,557.0,337.0,418.0,420.0,418.0,397.0,402.0,395.0,1261.0,987.0,1322.0,281.0,557.0,337.0,418.0,420.0,418.0
1.0,3849.0,1243.0,1256.0,1458.0,960.0,284.0,282.0,394.0,418.0,420.0,418.0,414.0,418.0,411.0,1391.0,1123.0,1335.0,284.0,282.0,394.0,418.0,420.0,418.0
1.0,4064.0,1292.0,1256.0,1175.0,1077.0,434.0,157.0,486.0,418.0,420.0,418.0,431.0,432.0,429.0,1388.0,1398.0,1278.0,434.0,157.0,486.0,418.0,420.0,418.0
1.0,3947.0,1268.0,1256.0,960.0,1385.0,574.0,294.0,517.0,418.0,420.0,418.0,424.0,419.0,425.0,1238.0,1523.0,1186.0,574.0,294.0,517.0,418.0,420.0,418.0
1.0,3639.0,1280.0,1257.0,1077.0,1592.0,561.0,567.0,464.0,418.0,420.0,419.0,421.0,430.0,429.0,1098.0,1386.0,1155.0,561.0,567.0,464.0,418.0,420.0,419.0
1.0,3436.0,1265.0,1257.0,1385.0,1472.0,411.0,694.0,367.0,418.0,420.0,419.0,424.0,421.0,420.0,1111.0,1113.0,1212.0,411.0,694.0,367.0,418.0,420.0,419.0
1.0,3556.0,1294.0,1257.0,1592.0,1174.0,287.0,555.0,332.0,418.0,420.0,419.0,437.0,428.0,429.0,1261.0,986.0,1309.0,287.0,555.0,332.0,418.0,420.0,419.0
1.0,3854.0,1284.0,1258.0,1472.0,990.0,305.0,294.0,391.0,418.0,421.0,419.0,429.0,429.0,426.0,1385.0,1125.0,1344.0,305.0,294.0,391.0,418.0,421.0,419.0
1.0,4042.0,1244.0,1257.0,1174.0,1056.0,435.0,146.0,475.0,418.0,420.0,419.0,417.0,411.0,416.0,1367.0,1390.0,1285.0,435.0,146.0,475.0,418.0,420.0,419.0
1.0,3972.0,1273.0,1257.0,990.0,1339.0,554.0,280.0,505.0,418.0,420.0,419.0,424.0,428.0,421.0,1237.0,1534.0,1201.0,554.0,280.0,505.0,418.0,420.0,419.0
1.0,3689.0,1256.0,1257.0,1056.0,1539.0,540.0,549.0,450.0,418.0,420.0,419.0,421.0,415.0,420.0,1118.0,1400.0,1171.0,540.0,549.0,450.0,418.0,420.0,419.0
1.0,3489.0,1259.0,1256.0,1339.0,1455.0,403.0,691.0,361.0,417.0,420.0,419.0,421.0,422.0,416.0,1132.0,1131.0,1226.0,403.0,691.0,361.0,417.0,420.0,419.0
1.0,3569.0,1275.0,1255.0,1539.0,1187.0,290.0,570.0,327.0,417.0,420.0,418.0,427.0,428.0,420.0,1265.0,989.0,1315.0,290.0,570.0,327.0,417.0,420.0,418.0
1.0,3833.0,1318.0,1258.0,1455.0,1062.0,336.0,322.0,404.0,418.0,421.0,419.0,445.0,439.0,434.0,1378.0,1110.0,1345.0,336.0,322.0,404.0,418.0,421.0,419.0
1.0,3970.0,1260.0,1259.0,1187.0,1139.0,481.0,173.0,485.0,419.0,421.0,419.0,431.0,421.0,408.0,1336.0,1362.0,1272.0,481.0,173.0,485.0,419.0,421.0,419.0
1.0,3897.0,1236.0,1259.0,1062.0,1313.0,568.0,258.0,487.0,419.0,421.0,419.0,423.0,407.0,406.0,1195.0,1511.0,1191.0,568.0,258.0,487.0,419.0,421.0,419.0
1.0,3723.0,1239.0,1259.0,1139.0,1413.0,505.0,494.0,414.0,419.0,421.0,419.0,418.0,409.0,412.0,1108.0,1426.0,1189.0,505.0,494.0,414.0,419.0,421.0,419.0
1.0,3623.0,1288.0,1260.0,1313.0,1392.0,375.0,660.0,357.0,419.0,421.0,420.0,438.0,424.0,426.0,1171.0,1190.0,1262.0,375.0,660.0,357.0,419.0,421.0,420.0
1.0,3648.0,1282.0,1260.0,1413.0,1261.0,303.0,592.0,366.0,419.0,421.0,420.0,433.0,426.0,423.0,1301.0,1024.0,1323.0,303.0,592.0,366.0,419.0,421.0,420.0
1.0,3779.0,1212.0,1259.0,1392.0,1077.0,340.0,324.0,413.0,419.0,421.0,419.0,412.0,392.0,408.0,1373.0,1092.0,1314.0,340.0,324.0,413.0,419.0,421.0,419.0
1.0,3959.0,1292.0,1259.0,1261.0,1108.0,466.0,172.0,470.0,419.0,421.0,419.0,429.0,440.0,423.0,1336.0,1360.0,1263.0,466.0,172.0,470.0,419.0,421.0,419.0
1.0,3928.0,1250.0,1259.0,1077.0,1281.0,549.0,259.0,473.0,419.0,421.0,419.0,423.0,411.0,416.0,1210.0,1512.0,1206.0,549.0,259.0,473.0,419.0,421.0,419.0
1.0,3755.0,1290.0,1260.0,1108.0,1467.0,525.0,517.0,425.0,420.0,421.0,419.0,438.0,430.0,422.0,1127.0,1425.0,1203.0,525.0,517.0,425.0,420.0,421.0,419.0
1.0,3573.0,1283.0,1260.0,1281.0,1469.0,409.0,689.0,371.0,420.0,421.0,419.0,433.0,431.0,419.0,1155.0,1167.0,1251.0,409.0,689.0,371.0,420.0,421.0,419.0
1.0,3571.0,1270.0,1262.0,1467.0,1280.0,314.0,597.0,369.0,421.0,421.0,420.0,426.0,425.0,419.0,1271.0,995.0,1305.0,314.0,597.0,369.0,421.0,421.0,420.0
1.0,3768.0,1269.0,1262.0,1469.0,1080.0,336.0,325.0,419.0,421.0,421.0,420.0,431.0,417.0,421.0,1370.0,1087.0,1311.0,336.0,325.0,419.0,421.0,421.0,420.0
1.0,3968.0,1294.0,1263.0,1280.0,1098.0,454.0,162.0,482.0,421.0,422.0,420.0,432.0,430.0,432.0,1348.0,1359.0,1261.0,454.0,162.0,482.0,421.0,422.0,420.0
1.0,3954.0,1295.0,1264.0,1080.0,1317.0,555.0,273.0,489.0,422.0,422.0,420.0,433.0,436.0,426.0,1230.0,1526.0,1198.0,555.0,273.0,489.0,422.0,422.0,420.0
1.0,3739.0,1302.0,1264.0,1098.0,1521.0,533.0,548.0,440.0,422.0,422.0,420.0,432.0,437.0,433.0,1133.0,1415.0,1191.0,533.0,548.0,440.0,422.0,422.0,420.0
1.0,3535.0,1266.0,1264.0,1317.0,1470.0,402.0,697.0,371.0,422.0,422.0,420.0,424.0,422.0,420.0,1155.0,1140.0,1240.0,402.0,697.0,371.0,422.0,422.0,420.0
1.0,3586.0,1280.0,1264.0,1521.0,1229.0,298.0,580.0,351.0,422.0,422.0,420.0,429.0,431.0,420.0,1286.0,991.0,1309.0,298.0,580.0,351.0,422.0,422.0,420.0
1.0,3827.0,1299.0,1266.0,1470.0,1066.0,331.0,324.0,411.0,423.0,423.0,420.0,431.0,437.0,431.0,1390.0,1108.0,1329.0,331.0,324.0,411.0,423.0,423.0,420.0
1.0,3998.0,1302.0,1267.0,1229.0,1143.0,473.0,175.0,495.0,423.0,423.0,421.0,440.0,431.0,431.0,1361.0,1368.0,1269.0,473.0,175.0,495.0,423.0,423.0,421.0
1.0,3925.0,1322.0,1268.0,1066.0,1403.0,585.0,292.0,526.0,423.0,424.0,421.0,443.0,437.0,442.0,1219.0,1517.0,1189.0,585.0,292.0,526.0,423.0,424.0,421.0
1.0,3669.0,1275.0,1269.0,1143.0,1539.0,541.0,541.0,457.0,424.0,424.0,421.0,425.0,424.0,426.0,1107.0,1404.0,1158.0,541.0,541.0,457.0,424.0,424.0,421.0
1.0,3537.0,1310.0,1270.0,1403.0,1450.0,387.0,687.0,376.0,424.0,424.0,422.0,431.0,438.0,441.0,1155.0,1155.0,1227.0,387.0,687.0,376.0,424.0,424.0,422.0
1.0,3630.0,1277.0,1270.0,1539.0,1188.0,269.0,570.0,349.0,424.0,424.0,422.0,423.0,424.0,430.0,1309.0,1009.0,1312.0,269.0,570.0,349.0,424.0,424.0,422.0
1.0,3892.0,1302.0,1270.0,1450.0,1040.0,311.0,322.0,407.0,424.0,424.0,422.0,429.0,439.0,434.0,1427.0,1126.0,1339.0,311.0,322.0,407.0,424.0,424.0,422.0
1.0,4040.0,1299.0,1271.0,1188.0,1155.0,483.0,191.0,481.0,425.0,424.0,422.0,437.0,439.0,423.0,1385.0,1374.0,1281.0,483.0,191.0,481.0,425.0,424.0,422.0
1.0,3929.0,1300.0,1273.0,1040.0,1423.0,599.0,307.0,517.0,425.0,425.0,423.0,427.0,434.0,439.0,1217.0,1505.0,1207.0,599.0,307.0,517.0,425.0,425.0,423.0
1.0,3669.0,1312.0,1275.0,1155.0,1588.0,549.0,564.0,475.0,426.0,426.0,423.0,429.0,444.0,439.0,1101.0,1393.0,1175.0,549.0,564.0,475.0,426.0,426.0,423.0
1.0,3512.0,1320.0,1276.0,1423.0,1489.0,392.0,700.0,397.0,426.0,426.0,424.0,442.0,443.0,435.0,1155.0,1140.0,1217.0,392.0,700.0,397.0,426.0,426.0,424.0
1.0,3615.0,1321.0,1276.0,1588.0,1222.0,277.0,578.0,367.0,426.0,426.0,424.0,434.0,442.0,445.0,1312.0,1004.0,1299.0,277.0,578.0,367.0,426.0,426.0,424.0
1.0,3882.0,1250.0,1276.0,1489.0,983.0,302.0,301.0,380.0,426.0,426.0,424.0,417.0,423.0,410.0,1427.0,1126.0,1329.0,302.0,301.0,380.0,426.0,426.0,424.0
1.0,4121.0,1336.0,1278.0,1222.0,1105.0,473.0,175.0,457.0,427.0,427.0,424.0,444.0,448.0,444.0,1402.0,1403.0,1316.0,473.0,175.0,457.0,427.0,427.0,424.0
1.0,4007.0,1309.0,1279.0,983.0,1435.0,607.0,314.0,514.0,427.0,427.0,425.0,436.0,440.0,433.0,1235.0,1533.0,1239.0,607.0,314.0,514.0,427.0,427.0,425.0
1.0,3681.0,1301.0,1279.0,1105.0,1631.0,559.0,574.0,498.0,427.0,427.0,425.0,425.0,435.0,441.0,1101.0,1394.0,1186.0,559.0,574.0,498.0,427.0,427.0,425.0
1.0,3485.0,1352.0,1282.0,1435.0,1560.0,393.0,719.0,448.0,428.0,428.0,426.0,437.0,455.0,460.0,1149.0,1134.0,1202.0,393.0,719.0,448.0,428.0,428.0,426.0
1.0,3568.0,1307.0,1283.0,1631.0,1240.0,256.0,597.0,387.0,428.0,429.0,426.0,422.0,448.0,437.0,1319.0,993.0,1256.0,256.0,597.0,387.0,428.0,429.0,426.0
1.0,3892.0,1372.0,1286.0,1560.0,1064.0,314.0,345.0,405.0,429.0,430.0,427.0,447.0,463.0,462.0,1456.0,1119.0,1317.0,314.0,345.0,405.0,429.0,430.0,427.0
1.0,4080.0,1323.0,1286.0,1240.0,1147.0,488.0,195.0,464.0,429.0,430.0,427.0,430.0,447.0,446.0,1402.0,1375.0,1303.0,488.0,195.0,464.0,429.0,430.0,427.0
1.0,3997.0,1336.0,1286.0,1064.0,1419.0,618.0,293.0,508.0,429.0,430.0,427.0,444.0,443.0,449.0,1228.0,1525.0,1244.0,618.0,293.0,508.0,429.0,430.0,427.0
1.0,3725.0,1359.0,1290.0,1147.0,1647.0,582.0,549.0,516.0,430.0,431.0,429.0,448.0,447.0,464.0,1098.0,1427.0,1200.0,582.0,549.0,516.0,430.0,431.0,429.0
1.0,3513.0,1344.0,1290.0,1419.0,1572.0,401.0,712.0,459.0,430.0,431.0,429.0,437.0,456.0,451.0,1138.0,1175.0,1200.0,401.0,712.0,459.0,430.0,431.0,429.0
1.0,3588.0,1337.0,1293.0,1647.0,1274.0,259.0,616.0,399.0,431.0,432.0,430.0,436.0,449.0,452.0,1319.0,1012.0,1257.0,259.0,616.0,399.0,431.0,432.0,430.0
1.0,3898.0,1337.0,1293.0,1572.0,1039.0,305.0,346.0,388.0,431.0,432.0,430.0,447.0,442.0,448.0,1465.0,1112.0,1321.0,305.0,346.0,388.0,431.0,432.0,430.0
1.0,4133.0,1260.0,1293.0,1274.0,1025.0,463.0,149.0,413.0,431.0,432.0,430.0,417.0,419.0,424.0,1419.0,1382.0,1332.0,463.0,149.0,413.0,431.0,432.0,430.0
1.0,4147.0,1326.0,1294.0,1039.0,1316.0,597.0,245.0,474.0,431.0,432.0,431.0,439.0,442.0,445.0,1261.0,1579.0,1307.0,597.0,245.0,474.0,431.0,432.0,431.0
1.0,3860.0,1273.0,1294.0,1025.0,1564.0,548.0,520.0,496.0,431.0,432.0,431.0,414.0,424.0,435.0,1127.0,1483.0,1250.0,548.0,520.0,496.0,431.0,432.0,431.0
1.0,3612.0,1330.0,1294.0,1316.0,1578.0,390.0,716.0,472.0,431.0,432.0,431.0,439.0,441.0,450.0,1176.0,1208.0,1228.0,390.0,716.0,472.0,431.0,432.0,431.0
1.0,3598.0,1330.0,1296.0,1564.0,1352.0,286.0,642.0,424.0,431.0,433.0,432.0,444.0,442.0,444.0,1334.0,1012.0,1252.0,286.0,642.0,424.0,431.0,433.0,432.0
1.0,3832.0,1340.0,1297.0,1578.0,1118.0,342.0,372.0,404.0,432.0,433.0,432.0,442.0,446.0,452.0,1438.0,1090.0,1304.0,342.0,372.0,404.0,432.0,433.0,432.0
1.0,4070.0,1339.0,1299.0,1352.0,1113.0,494.0,182.0,437.0,432.0,434.0,433.0,438.0,448.0,453.0,1386.0,1360.0,1324.0,494.0,182.0,437.0,432.0,434.0,433.0
1.0,4083.0,1295.0,1300.0,1118.0,1294.0,585.0,231.0,478.0,432.0,434.0,434.0,433.0,421.0,441.0,1234.0,1554.0,1295.0,585.0,231.0,478.0,432.0,434.0,434.0
1.0,3906.0,1331.0,1301.0,1113.0,1516.0,544.0,485.0,487.0,433.0,434.0,434.0,449.0,436.0,446.0,1143.0,1505.0,1258.0,544.0,485.0,487.0,433.0,434.0,434.0
1.0,3688.0,1267.0,1300.0,1294.0,1485.0,366.0,681.0,438.0,432.0,434.0,434.0,411.0,427.0,429.0,1188.0,1251.0,1249.0,366.0,681.0,438.0,432.0,434.0,434.0
1.0,3715.0,1289.0,1300.0,1516.0,1258.0,255.0,623.0,380.0,432.0,434.0,434.0,433.0,427.0,429.0,1362.0,1055.0,1298.0,255.0,623.0,380.0,432.0,434.0,434.0
1.0,3942.0,1260.0,1301.0,1485.0,1037.0,309.0,353.0,375.0,432.0,434.0,435.0,420.0,411.0,429.0,1473.0,1113.0,1356.0,309.0,353.0,375.0,432.0,434.0,435.0
1.0,4167.0,1317.0,1303.0,1258.0,1104.0,496.0,176.0,432.0,433.0,435.0,435.0,438.0,442.0,437.0,1419.0,1383.0,1365.0,496.0,176.0,432.0,433.0,435.0,435.0
1.0,4108.0,1310.0,1302.0,1037.0,1373.0,620.0,262.0,491.0,432.0,435.0,435.0,437.0,439.0,434.0,1236.0,1564.0,1308.0,620.0,262.0,491.0,432.0,435.0,435.0
1.0,3835.0,1336.0,1304.0,1104.0,1613.0,574.0,531.0,508.0,433.0,435.0,436.0,446.0,445.0,445.0,1108.0,1478.0,1249.0,574.0,531.0,508.0,433.0,435.0,436.0
1.0,3603.0,1314.0,1305.0,1373.0,1558.0,391.0,709.0,458.0,433.0,436.0,436.0,437.0,436.0,441.0,1158.0,1209.0,1236.0,391.0,709.0,458.0,433.0,436.0,436.0
1.0,3662.0,1290.0,1306.0,1613.0,1239.0,254.0,606.0,379.0,433.0,436.0,437.0,437.0,428.0,425.0,1341.0,1035.0,1286.0,254.0,606.0,379.0,433.0,436.0,437.0
1.0,3985.0,1326.0,1307.0,1558.0,1011.0,314.0,333.0,364.0,434.0,436.0,437.0,447.0,436.0,443.0,1478.0,1138.0,1369.0,314.0,333.0,364.0,434.0,436.0,437.0
1.0,4217.0,1284.0,1307.0,1239.0,1056.0,488.0,151.0,417.0,434.0,436.0,437.0,428.0,424.0,432.0,1422.0,1411.0,1384.0,488.0,151.0,417.0,434.0,436.0,437.0
1.0,4172.0,1311.0,1308.0,1011.0,1360.0,612.0,246.0,502.0,434.0,436.0,438.0,438.0,428.0,445.0,1248.0,1593.0,1331.0,612.0,246.0,502.0,434.0,436.0,438.0
1.0,3872.0,1346.0,1309.0,1056.0,1654.0,580.0,540.0,534.0,434.0,437.0,438.0,456.0,441.0,449.0,1124.0,1498.0,1250.0,580.0,540.0,534.0,434.0,437.0,438.0
1.0,3582.0,1291.0,1309.0,1360.0,1585.0,402.0,721.0,462.0,434.0,437.0,438.0,434.0,427.0,430.0,1156.0,1208.0,1218.0,402.0,721.0,462.0,434.0,437.0,438.0
1.0,3651.0,1267.0,1309.0,1654.0,1198.0,250.0,597.0,351.0,434.0,437.0,438.0,428.0,416.0,423.0,1334.0,1027.0,1290.0,250.0,597.0,351.0,434.0,437.0,438.0
1.0,4038.0,1271.0,1308.0,1585.0,880.0,274.0,293.0,313.0,434.0,436.0,438.0,426.0,421.0,424.0,1486.0,1151.0,1401.0,274.0,293.0,313.0,434.0,436.0,438.0
1.0,4352.0,1306.0,1308.0,1198.0,988.0,467.0,121.0,400.0,434.0,436.0,438.0,443.0,425.0,438.0,1462.0,1451.0,1439.0,467.0,121.0,400.0,434.0,436.0,438.0
1.0,4244.0,1277.0,1309.0,880.0,1389.0,638.0,253.0,498.0,435.0,436.0,438.0,441.0,425.0,411.0,1269.0,1623.0,1352.0,638.0,253.0,498.0,435.0,436.0,438.0
1.0,3847.0,1284.0,1309.0,988.0,1685.0,608.0,551.0,526.0,435.0,436.0,438.0,437.0,419.0,428.0,1102.0,1491.0,1254.0,608.0,551.0,526.0,435.0,436.0,438.0
1.0,3551.0,1308.0,1310.0,1389.0,1608.0,417.0,720.0,471.0,435.0,436.0,439.0,447.0,422.0,439.0,1132.0,1193.0,1226.0,417.0,720.0,471.0,435.0,436.0,439.0
1.0,3632.0,1323.0,1310.0,1685.0,1246.0,257.0,611.0,378.0,435.0,436.0,439.0,448.0,442.0,433.0,1323.0,1024.0,1285.0,257.0,611.0,378.0,435.0,436.0,439.0
1.0,3994.0,1289.0,1309.0,1608.0,923.0,275.0,316.0,332.0,435.0,436.0,438.0,435.0,425.0,429.0,1483.0,1133.0,1378.0,275.0,316.0,332.0,435.0,436.0,438.0
1.0,4313.0,1288.0,1309.0,1246.0,965.0,459.0,127.0,379.0,435.0,436.0,438.0,441.0,422.0,425.0,1465.0,1428.0,1420.0,459.0,127.0,379.0,435.0,436.0,438.0
1.0,4271.0,1269.0,1308.0,923.0,1307.0,612.0,228.0,467.0,435.0,435.0,438.0,428.0,421.0,420.0,1281.0,1617.0,1373.0,612.0,228.0,467.0,435.0,435.0,438.0
1.0,3925.0,1319.0,1309.0,965.0,1665.0,605.0,536.0,524.0,436.0,435.0,438.0,448.0,435.0,436.0,1128.0,1512.0,1285.0,605.0,536.0,524.0,436.0,435.0,438.0
1.0,3571.0,1297.0,1309.0,1307.0,1655.0,436.0,738.0,481.0,436.0,435.0,438.0,443.0,430.0,424.0,1139.0,1204.0,1228.0,436.0,738.0,481.0,436.0,435.0,438.0
1.0,3581.0,1314.0,1309.0,1665.0,1304.0,268.0,638.0,398.0,436.0,435.0,438.0,437.0,436.0,441.0,1308.0,1002.0,1271.0,268.0,638.0,398.0,436.0,435.0,438.0
1.0,3932.0,1310.0,1309.0,1655.0,959.0,273.0,337.0,349.0,436.0,435.0,438.0,441.0,437.0,432.0,1476.0,1102.0,1354.0,273.0,337.0,349.0,436.0,435.0,438.0
1.0,4277.0,1332.0,1310.0,1304.0,991.0,451.0,146.0,394.0,437.0,435.0,438.0,442.0,447.0,443.0,1471.0,1403.0,1403.0,451.0,146.0,394.0,437.0,435.0,438.0
1.0,4249.0,1351.0,1311.0,959.0,1387.0,624.0,269.0,494.0,437.0,436.0,438.0,446.0,456.0,449.0,1297.0,1594.0,1358.0,624.0,269.0,494.0,437.0,436.0,438.0
1.0,3857.0,1319.0,1310.0,991.0,1711.0,617.0,558.0,536.0,437.0,435.0,438.0,444.0,439.0,436.0,1124.0,1475.0,1258.0,617.0,558.0,536.0,437.0,435.0,438.0
1.0,3529.0,1335.0,1312.0,1387.0,1667.0,431.0,746.0,490.0,437.0,436.0,439.0,438.0,453.0,444.0,1131.0,1182.0,1216.0,431.0,746.0,490.0,437.0,436.0,439.0
1.0,3581.0,1342.0,1312.0,1711.0,1298.0,255.0,645.0,398.0,437.0,436.0,439.0,441.0,457.0,444.0,1317.0,998.0,1266.0,255.0,645.0,398.0,437.0,436.0,439.0
1.0,3950.0,1321.0,1312.0,1667.0,952.0,259.0,350.0,343.0,437.0,436.0,439.0,435.0,451.0,435.0,1493.0,1099.0,1358.0,259.0,350.0,343.0,437.0,436.0,439.0
1.0,4296.0,1328.0,1314.0,1298.0,990.0,452.0,153.0,385.0,438.0,437.0,439.0,444.0,444.0,440.0,1489.0,1394.0,1413.0,452.0,153.0,385.0,438.0,437.0,439.0
1.0,4266.0,1340.0,1313.0,952.0,1374.0,638.0,257.0,479.0,438.0,437.0,438.0,445.0,454.0,441.0,1300.0,1595.0,1371.0,638.0,257.0,479.0,438.0,437.0,438.0
1.0,3878.0,1363.0,1314.0,990.0,1751.0,634.0,567.0,550.0,438.0,437.0,439.0,448.0,463.0,452.0,1114.0,1491.0,1273.0,634.0,567.0,550.0,438.0,437.0,439.0
1.0,3505.0,1334.0,1313.0,1374.0,1707.0,436.0,763.0,508.0,438.0,437.0,438.0,440.0,453.0,441.0,1118.0,1181.0,1206.0,436.0,763.0,508.0,438.0,437.0,438.0
1.0,3545.0,1327.0,1313.0,1751.0,1283.0,240.0,641.0,402.0,438.0,437.0,438.0,438.0,445.0,444.0,1316.0,985.0,1244.0,240.0,641.0,402.0,438.0,437.0,438.0
1.0,3969.0,1328.0,1313.0,1707.0,904.0,249.0,318.0,337.0,438.0,437.0,438.0,445.0,440.0,443.0,1512.0,1107.0,1350.0,249.0,318.0,337.0,438.0,437.0,438.0
1.0,4348.0,1353.0,1313.0,1283.0,974.0,454.0,132.0,388.0,438.0,437.0,438.0,445.0,455.0,453.0,1503.0,1430.0,1415.0,454.0,132.0,388.0,438.0,437.0,438.0
1.0,4278.0,1301.0,1312.0,904.0,1367.0,636.0,243.0,488.0,438.0,436.0,438.0,431.0,433.0,437.0,1298.0,1616.0,1364.0,636.0,243.0,488.0,438.0,436.0,438.0
1.0,3881.0,1337.0,1312.0,974.0,1730.0,625.0,561.0,544.0,438.0,436.0,438.0,443.0,450.0,444.0,1116.0,1501.0,1264.0,625.0,561.0,544.0,438.0,436.0,438.0
1.0,3518.0,1351.0,1313.0,1367.0,1718.0,427.0,778.0,513.0,438.0,437.0,438.0,438.0,456.0,457.0,1127.0,1183.0,1208.0,427.0,778.0,513.0,438.0,437.0,438.0
1.0,3534.0,1388.0,1315.0,1730.0,1384.0,262.0,695.0,427.0,439.0,438.0,438.0,456.0,474.0,458.0,1325.0,970.0,1239.0,262.0,695.0,427.0,439.0,438.0,438.0
1.0,3876.0,1340.0,1316.0,1718.0,1010.0,275.0,367.0,368.0,439.0,438.0,439.0,440.0,450.0,450.0,1494.0,1057.0,1325.0,275.0,367.0,368.0,439.0,438.0,439.0
1.0,4254.0,1378.0,1317.0,1384.0,1008.0,473.0,127.0,408.0,440.0,438.0,439.0,456.0,455.0,467.0,1481.0,1385.0,1388.0,473.0,127.0,408.0,440.0,438.0,439.0
1.0,4260.0,1347.0,1318.0,1010.0,1349.0,635.0,223.0,491.0,440.0,439.0,439.0,437.0,459.0,451.0,1287.0,1625.0,1348.0,635.0,223.0,491.0,440.0,439.0,439.0
1.0,3923.0,1363.0,1319.0,1008.0,1708.0,612.0,547.0,549.0,440.0,439.0,440.0,450.0,451.0,462.0,1125.0,1533.0,1265.0,612.0,547.0,549.0,440.0,439.0,440.0
1.0,3568.0,1352.0,1319.0,1349.0,1711.0,417.0,778.0,516.0,440.0,439.0,440.0,440.0,454.0,458.0,1148.0,1209.0,1211.0,417.0,778.0,516.0,440.0,439.0,440.0
1.0,3565.0,1363.0,1319.0,1708.0,1366.0,262.0,679.0,425.0,440.0,439.0,440.0,457.0,448.0,458.0,1343.0,978.0,1244.0,262.0,679.0,425.0,440.0,439.0,440.0
1.0,3910.0,1344.0,1320.0,1711.0,1003.0,283.0,363.0,357.0,440.0,440.0,440.0,438.0,458.0,448.0,1498.0,1077.0,1335.0,283.0,363.0,357.0,440.0,440.0,440.0
1.0,4277.0,1332.0,1320.0,1366.0,969.0,464.0,138.0,367.0,440.0,440.0,440.0,443.0,454.0,435.0,1477.0,1397.0,1403.0,464.0,138.0,367.0,440.0,440.0,440.0
1.0,4311.0,1328.0,1321.0,1003.0,1298.0,621.0,219.0,458.0,441.0,440.0,440.0,436.0,444.0,448.0,1296.0,1622.0,1393.0,621.0,219.0,458.0,441.0,440.0,440.0
1.0,3986.0,1358.0,1323.0,969.0,1695.0,596.0,543.0,556.0,441.0,441.0,441.0,439.0,458.0,461.0,1143.0,1541.0,1302.0,596.0,543.0,556.0,441.0,441.0,441.0
1.0,3597.0,1351.0,1324.0,1298.0,1752.0,412.0,785.0,555.0,441.0,442.0,441.0,437.0,457.0,457.0,1168.0,1221.0,1208.0,412.0,785.0,555.0,441.0,442.0,441.0
1.0,3544.0,1356.0,1325.0,1695.0,1417.0,258.0,698.0,461.0,441.0,442.0,442.0,442.0,456.0,458.0,1352.0,983.0,1209.0,258.0,698.0,461.0,441.0,442.0,442.0
1.0,3883.0,1353.0,1325.0,1752.0,1018.0,289.0,363.0,366.0,441.0,442.0,442.0,443.0,450.0,460.0,1506.0,1070.0,1307.0,289.0,363.0,366.0,441.0,442.0,442.0
1.0,4282.0,1353.0,1326.0,1417.0,958.0,484.0,123.0,351.0,441.0,443.0,442.0,453.0,454.0,446.0,1475.0,1405.0,1402.0,484.0,123.0,351.0,441.0,443.0,442.0
1.0,4346.0,1371.0,1327.0,1018.0,1315.0,660.0,210.0,445.0,442.0,443.0,442.0,461.0,450.0,460.0,1280.0,1649.0,1417.0,660.0,210.0,445.0,442.0,443.0,442.0
1.0,3993.0,1381.0,1328.0,958.0,1742.0,639.0,542.0,561.0,442.0,443.0,443.0,463.0,455.0,463.0,1108.0,1562.0,1323.0,639.0,542.0,561.0,442.0,443.0,443.0
1.0,3570.0,1372.0,1330.0,1315.0,1807.0,428.0,794.0,585.0,442.0,444.0,444.0,449.0,458.0,465.0,1129.0,1230.0,1211.0,428.0,794.0,585.0,442.0,444.0,444.0
1.0,3513.0,1360.0,1331.0,1742.0,1429.0,246.0,701.0,482.0,443.0,444.0,444.0,453.0,449.0,458.0,1340.0,982.0,1191.0,246.0,701.0,482.0,443.0,444.0,444.0
1.0,3895.0,1401.0,1333.0,1807.0,1031.0,281.0,373.0,377.0,443.0,445.0,445.0,463.0,462.0,476.0,1526.0,1075.0,1294.0,281.0,373.0,377.0,443.0,445.0,445.0
1.0,4301.0,1333.0,1333.0,1429.0,935.0,482.0,113.0,340.0,443.0,445.0,445.0,447.0,441.0,445.0,1491.0,1407.0,1403.0,482.0,113.0,340.0,443.0,445.0,445.0
1.0,4397.0,1331.0,1333.0,1031.0,1235.0,644.0,175.0,416.0,443.0,445.0,445.0,443.0,435.0,453.0,1290.0,1667.0,1440.0,644.0,175.0,416.0,443.0,445.0,445.0
1.0,4097.0,1360.0,1336.0,935.0,1672.0,625.0,516.0,531.0,444.0,446.0,446.0,459.0,450.0,451.0,1128.0,1605.0,1364.0,625.0,516.0,531.0,444.0,446.0,446.0
1.0,3672.0,1331.0,1336.0,1235.0,1768.0,432.0,770.0,566.0,444.0,446.0,446.0,451.0,429.0,451.0,1151.0,1268.0,1253.0,432.0,770.0,566.0,444.0,446.0,446.0
1.0,3576.0,1355.0,1336.0,1672.0,1451.0,256.0,706.0,489.0,444.0,446.0,446.0,449.0,452.0,454.0,1344.0,1014.0,1218.0,256.0,706.0,489.0,444.0,446.0,446.0
1.0,3893.0,1354.0,1339.0,1768.0,1049.0,277.0,387.0,385.0,445.0,447.0,447.0,449.0,447.0,458.0,1520.0,1078.0,1295.0,277.0,387.0,385.0,445.0,447.0,447.0
1.0,4307.0,1353.0,1340.0,1451.0,955.0,478.0,127.0,350.0,445.0,447.0,448.0,457.0,446.0,450.0,1503.0,1401.0,1403.0,478.0,127.0,350.0,445.0,447.0,448.0
1.0,4405.0,1340.0,1341.0,1049.0,1250.0,640.0,194.0,416.0,445.0,448.0,448.0,439.0,450.0,451.0,1302.0,1661.0,1442.0,640.0,194.0,416.0,445.0,448.0,448.0
1.0,4114.0,1345.0,1341.0,955.0,1640.0,615.0,502.0,523.0,445.0,448.0,448.0,453.0,435.0,457.0,1140.0,1598.0,1376.0,615.0,502.0,523.0,445.0,448.0,448.0
1.0,3724.0,1363.0,1342.0,1250.0,1757.0,433.0,756.0,568.0,445.0,448.0,449.0,458.0,448.0,457.0,1165.0,1290.0,1269.0,433.0,756.0,568.0,445.0,448.0,449.0
1.0,3611.0,1307.0,1342.0,1640.0,1424.0,259.0,685.0,480.0,445.0,448.0,449.0,441.0,431.0,435.0,1347.0,1036.0,1228.0,259.0,685.0,480.0,445.0,448.0,449.0
1.0,3944.0,1406.0,1345.0,1757.0,1085.0,307.0,401.0,377.0,446.0,449.0,450.0,477.0,468.0,461.0,1521.0,1107.0,1316.0,307.0,401.0,377.0,446.0,449.0,450.0
1.0,4295.0,1363.0,1347.0,1424.0,1032.0,509.0,175.0,348.0,447.0,450.0,450.0,457.0,455.0,451.0,1477.0,1395.0,1423.0,509.0,175.0,348.0,447.0,450.0,450.0
1.0,4356.0,1366.0,1348.0,1085.0,1317.0,667.0,218.0,432.0,447.0,450.0,451.0,465.0,444.0,457.0,1279.0,1625.0,1452.0,667.0,218.0,432.0,447.0,450.0,451.0
1.0,4075.0,1342.0,1348.0,1032.0,1627.0,608.0,490.0,529.0,447.0,450.0,451.0,450.0,447.0,445.0,1121.0,1582.0,1372.0,608.0,490.0,529.0,447.0,450.0,451.0
1.0,3765.0,1396.0,1350.0,1317.0,1714.0,425.0,723.0,566.0,448.0,450.0,452.0,480.0,451.0,465.0,1180.0,1310.0,1275.0,425.0,723.0,566.0,448.0,450.0,452.0
1.0,3686.0,1379.0,1350.0,1627.0,1466.0,283.0,683.0,500.0,448.0,450.0,452.0,466.0,450.0,463.0,1367.0,1077.0,1242.0,283.0,683.0,500.0,448.0,450.0,452.0
1.0,3934.0,1365.0,1351.0,1714.0,1121.0,324.0,404.0,393.0,449.0,450.0,452.0,462.0,444.0,459.0,1509.0,1117.0,1308.0,324.0,404.0,393.0,449.0,450.0,452.0
1.0,4283.0,1362.0,1352.0,1466.0,1021.0,502.0,164.0,355.0,449.0,450.0,453.0,461.0,443.0,458.0,1472.0,1396.0,1415.0,502.0,164.0,355.0,449.0,450.0,453.0
1.0,4387.0,1327.0,1352.0,1121.0,1227.0,620.0,204.0,403.0,449.0,450.0,453.0,442.0,444.0,441.0,1294.0,1636.0,1457.0,620.0,204.0,403.0,449.0,450.0,453.0
1.0,4181.0,1325.0,1352.0,1021.0,1531.0,556.0,479.0,496.0,449.0,450.0,453.0,438.0,439.0,448.0,1176.0,1596.0,1409.0,556.0,479.0,496.0,449.0,450.0,453.0
1.0,3877.0,1391.0,1353.0,1227.0,1699.0,410.0,729.0,560.0,450.0,450.0,453.0,470.0,454.0,467.0,1240.0,1321.0,1316.0,410.0,729.0,560.0,450.0,450.0,453.0
1.0,3713.0,1383.0,1354.0,1531.0,1555.0,319.0,704.0,532.0,450.0,450.0,454.0,465.0,454.0,464.0,1390.0,1071.0,1252.0,319.0,704.0,532.0,450.0,450.0,454.0
1.0,3861.0,1382.0,1355.0,1699.0,1242.0,379.0,425.0,438.0,451.0,450.0,454.0,466.0,450.0,466.0,1481.0,1096.0,1284.0,379.0,425.0,438.0,451.0,450.0,454.0
1.0,4178.0,1347.0,1355.0,1555.0,1034.0,513.0,163.0,358.0,451.0,450.0,454.0,453.0,442.0,452.0,1425.0,1375.0,1378.0,513.0,163.0,358.0,451.0,450.0,454.0
1.0,4386.0,1357.0,1354.0,1242.0,1145.0,594.0,178.0,373.0,451.0,449.0,454.0,460.0,444.0,453.0,1291.0,1637.0,1458.0,594.0,178.0,373.0,451.0,449.0,454.0
1.0,4271.0,1372.0,1357.0,1034.0,1495.0,548.0,478.0,469.0,452.0,450.0,455.0,463.0,459.0,450.0,1210.0,1618.0,1443.0,548.0,478.0,469.0,452.0,450.0,455.0
1.0,3933.0,1389.0,1357.0,1145.0,1739.0,415.0,767.0,557.0,452.0,450.0,455.0,461.0,467.0,461.0,1260.0,1322.0,1351.0,415.0,767.0,557.0,452.0,450.0,455.0
1.0,3689.0,1353.0,1357.0,1495.0,1597.0,315.0,742.0,540.0,452.0,450.0,455.0,448.0,453.0,452.0,1393.0,1033.0,1263.0,315.0,742.0,540.0,452.0,450.0,455.0
1.0,3831.0,1391.0,1358.0,1739.0,1253.0,362.0,439.0,452.0,452.0,451.0,455.0,462.0,460.0,469.0,1493.0,1058.0,1280.0,362.0,439.0,452.0,452.0,451.0,455.0
1.0,4179.0,1366.0,1360.0,1597.0,1030.0,513.0,153.0,364.0,453.0,451.0,456.0,462.0,456.0,448.0,1446.0,1365.0,1368.0,513.0,153.0,364.0,453.0,451.0,456.0
1.0,4410.0,1394.0,1360.0,1253.0,1171.0,615.0,189.0,367.0,453.0,451.0,456.0,464.0,475.0,455.0,1299.0,1651.0,1460.0,615.0,189.0,367.0,453.0,451.0,456.0
1.0,4269.0,1406.0,1360.0,1030.0,1547.0,565.0,513.0,469.0,453.0,451.0,456.0,463.0,477.0,466.0,1197.0,1615.0,1457.0,565.0,513.0,469.0,453.0,451.0,456.0
1.0,3893.0,1363.0,1361.0,1171.0,1743.0,404.0,783.0,556.0,454.0,451.0,456.0,450.0,459.0,454.0,1247.0,1291.0,1355.0,404.0,783.0,556.0,454.0,451.0,456.0
1.0,3701.0,1382.0,1361.0,1547.0,1578.0,304.0,728.0,546.0,454.0,451.0,456.0,465.0,458.0,459.0,1412.0,1021.0,1268.0,304.0,728.0,546.0,454.0,451.0,456.0
1.0,3866.0,1357.0,1361.0,1743.0,1192.0,352.0,417.0,423.0,454.0,452.0,455.0,452.0,468.0,437.0,1512.0,1076.0,1278.0,352.0,417.0,423.0,454.0,452.0,455.0
1.0,4252.0,1355.0,1361.0,1578.0,969.0,494.0,148.0,327.0,454.0,452.0,455.0,446.0,459.0,450.0,1464.0,1391.0,1397.0,494.0,148.0,327.0,454.0,452.0,455.0
1.0,4475.0,1391.0,1361.0,1192.0,1168.0,595.0,210.0,363.0,454.0,452.0,455.0,453.0,479.0,459.0,1322.0,1660.0,1493.0,595.0,210.0,363.0,454.0,452.0,455.0
1.0,4276.0,1408.0,1362.0,969.0,1611.0,567.0,543.0,501.0,454.0,453.0,455.0,466.0,477.0,465.0,1221.0,1598.0,1457.0,567.0,543.0,501.0,454.0,453.0,455.0
1.0,3837.0,1401.0,1363.0,1168.0,1848.0,442.0,811.0,595.0,455.0,453.0,455.0,466.0,478.0,457.0,1249.0,1269.0,1319.0,442.0,811.0,595.0,455.0,453.0,455.0
1.0,3604.0,1388.0,1365.0,1611.0,1633.0,329.0,744.0,560.0,455.0,454.0,456.0,454.0,472.0,462.0,1378.0,1001.0,1225.0,329.0,744.0,560.0,455.0,454.0,456.0
1.0,3827.0,1370.0,1365.0,1848.0,1155.0,333.0,401.0,421.0,455.0,454.0,456.0,446.0,468.0,456.0,1491.0,1072.0,1264.0,333.0,401.0,421.0,455.0,454.0,456.0
1.0,4305.0,1374.0,1366.0,1633.0,900.0,460.0,127.0,313.0,456.0,454.0,456.0,452.0,470.0,452.0,1487.0,1415.0,1403.0,460.0,127.0,313.0,456.0,454.0,456.0
1.0,4564.0,1382.0,1367.0,1155.0,1131.0,580.0,205.0,346.0,456.0,455.0,456.0,453.0,475.0,454.0,1364.0,1689.0,1511.0,580.0,205.0,346.0,456.0,455.0,456.0
1.0,4337.0,1350.0,1366.0,900.0,1577.0,568.0,527.0,482.0,456.0,454.0,456.0,448.0,453.0,449.0,1244.0,1615.0,1478.0,568.0,527.0,482.0,456.0,454.0,456.0
1.0,3887.0,1391.0,1367.0,1131.0,1841.0,446.0,797.0,598.0,456.0,455.0,456.0,458.0,471.0,462.0,1256.0,1289.0,1342.0,446.0,797.0,598.0,456.0,455.0,456.0
1.0,3627.0,1352.0,1367.0,1577.0,1616.0,327.0,726.0,563.0,456.0,455.0,456.0,449.0,456.0,447.0,1378.0,1023.0,1226.0,327.0,726.0,563.0,456.0,455.0,456.0
1.0,3852.0,1362.0,1367.0,1841.0,1137.0,339.0,382.0,416.0,456.0,455.0,456.0,458.0,453.0,451.0,1497.0,1094.0,1261.0,339.0,382.0,416.0,456.0,455.0,456.0
1.0,4331.0,1375.0,1366.0,1616.0,892.0,471.0,115.0,306.0,456.0,455.0,455.0,459.0,459.0,457.0,1485.0,1438.0,1408.0,471.0,115.0,306.0,456.0,455.0,455.0
1.0,4572.0,1347.0,1366.0,1137.0,1102.0,581.0,188.0,333.0,456.0,455.0,455.0,449.0,455.0,443.0,1353.0,1705.0,1514.0,581.0,188.0,333.0,456.0,455.0,455.0
1.0,4362.0,1380.0,1366.0,892.0,1590.0,561.0,540.0,489.0,456.0,455.0,455.0,451.0,467.0,462.0,1243.0,1632.0,1487.0,561.0,540.0,489.0,456.0,455.0,455.0
1.0,3874.0,1323.0,1365.0,1102.0,1807.0,418.0,802.0,587.0,456.0,455.0,454.0,438.0,450.0,435.0,1263.0,1280.0,1331.0,418.0,802.0,587.0,456.0,455.0,454.0
1.0,3653.0,1383.0,1367.0,1590.0,1608.0,310.0,731.0,567.0,456.0,456.0,455.0,453.0,465.0,465.0,1406.0,1018.0,1229.0,310.0,731.0,567.0,456.0,456.0,455.0
1.0,3860.0,1390.0,1367.0,1807.0,1191.0,360.0,394.0,437.0,456.0,456.0,455.0,468.0,465.0,457.0,1514.0,1093.0,1253.0,360.0,394.0,437.0,456.0,456.0,455.0
1.0,4277.0,1362.0,1367.0,1608.0,945.0,504.0,117.0,324.0,456.0,456.0,455.0,454.0,454.0,454.0,1464.0,1430.0,1383.0,504.0,117.0,324.0,456.0,456.0,455.0
1.0,4523.0,1351.0,1368.0,1191.0,1109.0,593.0,176.0,340.0,456.0,457.0,455.0,449.0,449.0,453.0,1320.0,1707.0,1496.0,593.0,176.0,340.0,456.0,457.0,455.0
1.0,4363.0,1366.0,1368.0,945.0,1530.0,545.0,510.0,475.0,456.0,457.0,455.0,456.0,451.0,459.0,1231.0,1652.0,1480.0,545.0,510.0,475.0,456.0,457.0,455.0
1.0,3942.0,1353.0,1368.0,1109.0,1774.0,400.0,791.0,583.0,456.0,457.0,455.0,448.0,457.0,448.0,1279.0,1318.0,1345.0,400.0,791.0,583.0,456.0,457.0,455.0
1.0,3698.0,1422.0,1369.0,1530.0,1670.0,332.0,756.0,582.0,457.0,457.0,455.0,473.0,475.0,474.0,1424.0,1037.0,1237.0,332.0,756.0,582.0,457.0,457.0,455.0
1.0,3806.0,1375.0,1370.0,1774.0,1275.0,387.0,430.0,458.0,457.0,458.0,455.0,455.0,461.0,459.0,1496.0,1072.0,1238.0,387.0,430.0,458.0,457.0,458.0,455.0
1.0,4205.0,1397.0,1371.0,1670.0,1006.0,523.0,137.0,346.0,457.0,458.0,456.0,468.0,463.0,466.0,1441.0,1402.0,1362.0,523.0,137.0,346.0,457.0,458.0,456.0
1.0,4478.0,1397.0,1372.0,1275.0,1132.0,591.0,182.0,359.0,457.0,459.0,456.0,455.0,471.0,471.0,1305.0,1695.0,1478.0,591.0,182.0,359.0,457.0,459.0,456.0
1.0,4356.0,1397.0,1373.0,1006.0,1527.0,540.0,504.0,483.0,458.0,459.0,456.0,468.0,459.0,470.0,1237.0,1654.0,1465.0,540.0,504.0,483.0,458.0,459.0,456.0
1.0,3965.0,1377.0,1372.0,1132.0,1768.0,408.0,783.0,577.0,457.0,459.0,456.0,463.0,461.0,453.0,1292.0,1332.0,1341.0,408.0,783.0,577.0,457.0,459.0,456.0
1.0,3720.0,1369.0,1372.0,1527.0,1610.0,332.0,728.0,550.0,457.0,459.0,456.0,464.0,449.0,456.0,1420.0,1053.0,1247.0,332.0,728.0,550.0,457.0,459.0,456.0
1.0,3878.0,1376.0,1373.0,1768.0,1222.0,384.0,397.0,441.0,457.0,459.0,457.0,460.0,452.0,464.0,1496.0,1108.0,1274.0,384.0,397.0,441.0,457.0,459.0,457.0
1.0,4270.0,1367.0,1374.0,1610.0,983.0,516.0,125.0,342.0,458.0,459.0,457.0,460.0,456.0,451.0,1444.0,1439.0,1387.0,516.0,125.0,342.0,458.0,459.0,457.0
1.0,4513.0,1435.0,1375.0,1222.0,1200.0,615.0,203.0,382.0,458.0,460.0,457.0,483.0,471.0,481.0,1316.0,1711.0,1486.0,615.0,203.0,382.0,458.0,460.0,457.0
1.0,4300.0,1392.0,1375.0,983.0,1609.0,572.0,538.0,499.0,458.0,460.0,457.0,473.0,460.0,459.0,1217.0,1637.0,1446.0,572.0,538.0,499.0,458.0,460.0,457.0
1.0,3891.0,1399.0,1375.0,1200.0,1808.0,427.0,804.0,577.0,458.0,460.0,457.0,470.0,469.0,460.0,1260.0,1302.0,1329.0,427.0,804.0,577.0,458.0,460.0,457.0
1.0,3692.0,1419.0,1376.0,1609.0,1622.0,331.0,734.0,557.0,458.0,461.0,457.0,476.0,464.0,479.0,1405.0,1036.0,1251.0,331.0,734.0,557.0,458.0,461.0,457.0
1.0,3882.0,1387.0,1378.0,1808.0,1209.0,371.0,392.0,446.0,459.0,461.0,458.0,463.0,462.0,462.0,1501.0,1110.0,1271.0,371.0,392.0,446.0,459.0,461.0,458.0
1.0,4303.0,1417.0,1378.0,1622.0,1004.0,508.0,120.0,376.0,459.0,461.0,458.0,468.0,462.0,487.0,1465.0,1452.0,1386.0,508.0,120.0,376.0,459.0,461.0,458.0
1.0,4508.0,1362.0,1378.0,1209.0,1157.0,597.0,174.0,386.0,459.0,461.0,458.0,460.0,446.0,456.0,1328.0,1724.0,1456.0,597.0,174.0,386.0,459.0,461.0,458.0
1.0,4355.0,1458.0,1380.0,1004.0,1619.0,572.0,539.0,508.0,459.0,462.0,459.0,483.0,481.0,494.0,1239.0,1670.0,1446.0,572.0,539.0,508.0,459.0,462.0,459.0
1.0,3901.0,1410.0,1380.0,1157.0,1872.0,441.0,832.0,599.0,459.0,462.0,459.0,466.0,467.0,477.0,1264.0,1309.0,1328.0,441.0,832.0,599.0,459.0,462.0,459.0
1.0,3648.0,1388.0,1381.0,1619.0,1645.0,341.0,746.0,558.0,460.0,462.0,459.0,468.0,453.0,467.0,1395.0,1016.0,1237.0,341.0,746.0,558.0,460.0,462.0,459.0
1.0,3879.0,1429.0,1383.0,1872.0,1210.0,370.0,402.0,438.0,460.0,463.0,460.0,470.0,484.0,475.0,1499.0,1102.0,1278.0,370.0,402.0,438.0,460.0,463.0,460.0
1.0,4322.0,1406.0,1383.0,1645.0,971.0,497.0,121.0,353.0,460.0,463.0,460.0,468.0,465.0,473.0,1470.0,1450.0,1402.0,497.0,121.0,353.0,460.0,463.0,460.0
1.0,4561.0,1462.0,1385.0,1210.0,1231.0,618.0,205.0,408.0,460.0,464.0,461.0,491.0,482.0,489.0,1343.0,1731.0,1487.0,618.0,205.0,408.0,460.0,464.0,461.0
1.0,4309.0,1395.0,1386.0,971.0,1659.0,592.0,540.0,527.0,461.0,464.0,461.0,467.0,456.0,472.0,1222.0,1651.0,1436.0,592.0,540.0,527.0,461.0,464.0,461.0
1.0,3885.0,1388.0,1386.0,1231.0,1816.0,435.0,794.0,587.0,461.0,464.0,461.0,461.0,459.0,468.0,1252.0,1316.0,1317.0,435.0,794.0,587.0,461.0,464.0,461.0
1.0,3728.0,1450.0,1387.0,1659.0,1611.0,325.0,734.0,552.0,461.0,464.0,462.0,482.0,480.0,488.0,1409.0,1062.0,1257.0,325.0,734.0,552.0,461.0,464.0,462.0
1.0,3937.0,1423.0,1388.0,1816.0,1222.0,376.0,402.0,444.0,462.0,464.0,462.0,482.0,462.0,479.0,1519.0,1122.0,1296.0,376.0,402.0,444.0,462.0,464.0,462.0
1.0,4330.0,1405.0,1388.0,1611.0,1016.0,516.0,114.0,386.0,462.0,463.0,463.0,465.0,450.0,490.0,1472.0,1454.0,1404.0,516.0,114.0,386.0,462.0,463.0,463.0
1.0,4536.0,1360.0,1388.0,1222.0,1154.0,589.0,160.0,405.0,462.0,463.0,463.0,449.0,448.0,463.0,1332.0,1738.0,1466.0,589.0,160.0,405.0,462.0,463.0,463.0
1.0,4398.0,1433.0,1389.0,1016.0,1575.0,544.0,536.0,495.0,462.0,464.0,463.0,471.0,486.0,476.0,1259.0,1692.0,1447.0,544.0,536.0,495.0,462.0,464.0,463.0
1.0,3981.0,1429.0,1390.0,1154.0,1854.0,431.0,847.0,576.0,462.0,464.0,464.0,476.0,471.0,482.0,1304.0,1320.0,1357.0,431.0,847.0,576.0,462.0,464.0,464.0
1.0,3706.0,1418.0,1392.0,1575.0,1705.0,356.0,786.0,563.0,463.0,464.0,465.0,465.0,475.0,478.0,1417.0,1009.0,1280.0,356.0,786.0,563.0,463.0,464.0,465.0
1.0,3863.0,1385.0,1392.0,1854.0,1236.0,389.0,396.0,451.0,463.0,464.0,465.0,464.0,457.0,464.0,1496.0,1070.0,1297.0,389.0,396.0,451.0,463.0,464.0,465.0
1.0,4332.0,1422.0,1392.0,1705.0,953.0,502.0,92.0,359.0,463.0,464.0,465.0,469.0,482.0,471.0,1463.0,1460.0,1409.0,502.0,92.0,359.0,463.0,464.0,465.0
1.0,4615.0,1394.0,1391.0,1236.0,1107.0,581.0,146.0,380.0,463.0,463.0,465.0,468.0,454.0,472.0,1350.0,1764.0,1501.0,581.0,146.0,380.0,463.0,463.0,465.0
1.0,4457.0,1386.0,1391.0,953.0,1540.0,539.0,511.0,490.0,463.0,463.0,465.0,460.0,457.0,469.0,1271.0,1706.0,1480.0,539.0,511.0,490.0,463.0,463.0,465.0
1.0,4024.0,1379.0,1392.0,1107.0,1816.0,411.0,825.0,580.0,463.0,463.0,466.0,453.0,460.0,466.0,1313.0,1341.0,1370.0,411.0,825.0,580.0,463.0,463.0,466.0
1.0,3752.0,1432.0,1393.0,1540.0,1712.0,351.0,790.0,571.0,464.0,463.0,466.0,475.0,476.0,481.0,1441.0,1027.0,1284.0,351.0,790.0,571.0,464.0,463.0,466.0
1.0,3860.0,1437.0,1394.0,1816.0,1337.0,415.0,443.0,479.0,464.0,463.0,467.0,475.0,478.0,484.0,1505.0,1062.0,1293.0,415.0,443.0,479.0,464.0,463.0,467.0
1.0,4239.0,1406.0,1394.0,1712.0,1031.0,531.0,124.0,376.0,464.0,463.0,467.0,467.0,471.0,468.0,1441.0,1409.0,1389.0,531.0,124.0,376.0,464.0,463.0,467.0
1.0,4545.0,1390.0,1394.0,1337.0,1084.0,575.0,135.0,374.0,464.0,463.0,467.0,459.0,454.0,477.0,1325.0,1728.0,1492.0,575.0,135.0,374.0,464.0,463.0,467.0
1.0,4492.0,1399.0,1396.0,1031.0,1460.0,507.0,481.0,472.0,465.0,463.0,468.0,459.0,470.0,470.0,1281.0,1717.0,1494.0,507.0,481.0,472.0,465.0,463.0,468.0
1.0,4124.0,1460.0,1398.0,1084.0,1844.0,411.0,838.0,595.0,465.0,464.0,469.0,479.0,488.0,493.0,1353.0,1371.0,1400.0,411.0,838.0,595.0,465.0,464.0,469.0
1.0,3748.0,1422.0,1398.0,1460.0,1806.0,377.0,825.0,604.0,465.0,464.0,469.0,473.0,468.0,481.0,1449.0,1018.0,1281.0,377.0,825.0,604.0,465.0,464.0,469.0
1.0,3786.0,1403.0,1399.0,1844.0,1369.0,425.0,451.0,493.0,465.0,464.0,470.0,459.0,464.0,480.0,1483.0,1031.0,1272.0,425.0,451.0,493.0,465.0,464.0,470.0
1.0,4227.0,1411.0,1400.0,1806.0,978.0,518.0,106.0,354.0,466.0,464.0,470.0,466.0,480.0,465.0,1435.0,1405.0,1387.0,518.0,106.0,354.0,466.0,464.0,470.0
1.0,4622.0,1393.0,1401.0,1369.0,1006.0,556.0,124.0,326.0,466.0,465.0,470.0,463.0,465.0,465.0,1346.0,1750.0,1526.0,556.0,124.0,326.0,466.0,465.0,470.0
1.0,4598.0,1410.0,1402.0,978.0,1442.0,502.0,491.0,449.0,466.0,465.0,471.0,464.0,473.0,473.0,1308.0,1736.0,1554.0,502.0,491.0,449.0,466.0,465.0,471.0
1.0,4166.0,1376.0,1402.0,1006.0,1812.0,407.0,820.0,585.0,466.0,465.0,471.0,461.0,453.0,462.0,1362.0,1369.0,1435.0,407.0,820.0,585.0,466.0,465.0,471.0
1.0,3796.0,1398.0,1402.0,1442.0,1768.0,370.0,805.0,593.0,466.0,465.0,471.0,465.0,476.0,457.0,1457.0,1040.0,1299.0,370.0,805.0,593.0,466.0,465.0,471.0
1.0,3840.0,1430.0,1404.0,1812.0,1394.0,448.0,464.0,482.0,467.0,466.0,471.0,481.0,475.0,474.0,1494.0,1055.0,1291.0,448.0,464.0,482.0,467.0,466.0,471.0
1.0,4222.0,1376.0,1404.0,1768.0,1002.0,537.0,121.0,344.0,467.0,466.0,471.0,459.0,462.0,455.0,1420.0,1400.0,1402.0,537.0,121.0,344.0,467.0,466.0,471.0
1.0,4614.0,1379.0,1404.0,1394.0,987.0,551.0,122.0,314.0,467.0,466.0,471.0,462.0,465.0,452.0,1331.0,1743.0,1540.0,551.0,122.0,314.0,467.0,466.0,471.0
1.0,4629.0,1372.0,1404.0,1002.0,1357.0,473.0,461.0,423.0,467.0,466.0,471.0,459.0,460.0,453.0,1317.0,1742.0,1570.0,473.0,461.0,423.0,467.0,466.0,471.0
1.0,4259.0,1453.0,1405.0,987.0,1827.0,415.0,826.0,586.0,468.0,466.0,471.0,489.0,487.0,477.0,1395.0,1403.0,1461.0,415.0,826.0,586.0,468.0,466.0,471.0
1.0,3793.0,1417.0,1405.0,1357.0,1887.0,424.0,836.0,627.0,468.0,466.0,471.0,482.0,471.0,464.0,1457.0,1038.0,1298.0,424.0,836.0,627.0,468.0,466.0,471.0
1.0,3733.0,1399.0,1405.0,1827.0,1459.0,473.0,486.0,500.0,468.0,466.0,471.0,464.0,476.0,459.0,1448.0,1028.0,1257.0,473.0,486.0,500.0,468.0,466.0,471.0
1.0,4161.0,1456.0,1407.0,1887.0,1036.0,538.0,150.0,348.0,469.0,467.0,471.0,485.0,496.0,475.0,1399.0,1378.0,1384.0,538.0,150.0,348.0,469.0,467.0,471.0
1.0,4592.0,1421.0,1407.0,1459.0,998.0,545.0,140.0,313.0,469.0,467.0,471.0,480.0,476.0,465.0,1338.0,1718.0,1536.0,545.0,140.0,313.0,469.0,467.0,471.0
1.0,4630.0,1405.0,1408.0,1036.0,1371.0,483.0,469.0,419.0,469.0,468.0,471.0,476.0,475.0,454.0,1331.0,1728.0,1571.0,483.0,469.0,419.0,469.0,468.0,471.0
1.0,4261.0,1441.0,1409.0,998.0,1818.0,431.0,813.0,574.0,470.0,468.0,471.0,489.0,484.0,468.0,1393.0,1403.0,1465.0,431.0,813.0,574.0,470.0,468.0,471.0
1.0,3818.0,1417.0,1410.0,1371.0,1868.0,419.0,826.0,623.0,470.0,469.0,471.0,471.0,478.0,468.0,1449.0,1059.0,1310.0,419.0,826.0,623.0,470.0,469.0,471.0
1.0,3772.0,1441.0,1410.0,1818.0,1491.0,467.0,495.0,529.0,470.0,469.0,471.0,479.0,482.0,480.0,1461.0,1050.0,1261.0,467.0,495.0,529.0,470.0,469.0,471.0
1.0,4149.0,1454.0,1412.0,1868.0,1085.0,540.0,159.0,386.0,470.0,470.0,472.0,492.0,486.0,476.0,1413.0,1381.0,1355.0,540.0,159.0,386.0,470.0,470.0,472.0
1.0,4563.0,1405.0,1412.0,1491.0,999.0,554.0,136.0,309.0,470.0,470.0,472.0,481.0,472.0,452.0,1340.0,1721.0,1502.0,554.0,136.0,309.0,470.0,470.0,472.0
1.0,4649.0,1464.0,1413.0,1085.0,1382.0,507.0,474.0,401.0,471.0,470.0,472.0,489.0,497.0,478.0,1326.0,1744.0,1579.0,507.0,474.0,401.0,471.0,470.0,472.0
1.0,4270.0,1427.0,1414.0,999.0,1814.0,439.0,817.0,558.0,471.0,471.0,472.0,486.0,475.0,466.0,1377.0,1406.0,1487.0,439.0,817.0,558.0,471.0,471.0,472.0
1.0,3842.0,1401.0,1413.0,1382.0,1829.0,398.0,818.0,613.0,471.0,471.0,471.0,466.0,475.0,460.0,1445.0,1067.0,1330.0,398.0,818.0,613.0,471.0,471.0,471.0
1.0,3823.0,1442.0,1415.0,1814.0,1465.0,452.0,481.0,532.0,472.0,471.0,472.0,489.0,480.0,473.0,1486.0,1066.0,1271.0,452.0,481.0,532.0,472.0,471.0,472.0
1.0,4195.0,1393.0,1413.0,1829.0,1021.0,515.0,127.0,379.0,471.0,471.0,471.0,465.0,464.0,464.0,1436.0,1403.0,1356.0,515.0,127.0,379.0,471.0,471.0,471.0
1.0,4631.0,1444.0,1414.0,1465.0,1004.0,554.0,129.0,321.0,472.0,471.0,471.0,487.0,483.0,474.0,1369.0,1757.0,1505.0,554.0,129.0,321.0,472.0,471.0,471.0
1.0,4652.0,1408.0,1415.0,1021.0,1395.0,517.0,477.0,401.0,472.0,472.0,471.0,478.0,471.0,459.0,1334.0,1755.0,1563.0,517.0,477.0,401.0,472.0,472.0,471.0
1.0,4265.0,1417.0,1414.0,1004.0,1804.0,433.0,834.0,537.0,472.0,472.0,470.0,470.0,486.0,461.0,1371.0,1411.0,1483.0,433.0,834.0,537.0,472.0,472.0,470.0
1.0,3852.0,1489.0,1416.0,1395.0,1906.0,427.0,847.0,632.0,473.0,472.0,471.0,507.0,490.0,492.0,1455.0,1054.0,1343.0,427.0,847.0,632.0,473.0,472.0,471.0
1.0,3758.0,1488.0,1416.0,1804.0,1590.0,503.0,500.0,587.0,473.0,472.0,471.0,509.0,487.0,492.0,1465.0,1041.0,1252.0,503.0,500.0,587.0,473.0,472.0,471.0
1.0,4074.0,1431.0,1417.0,1906.0,1119.0,567.0,130.0,422.0,473.0,473.0,471.0,491.0,473.0,467.0,1389.0,1388.0,1297.0,567.0,130.0,422.0,473.0,473.0,471.0
1.0,4549.0,1435.0,1418.0,1590.0,968.0,547.0,110.0,311.0,474.0,473.0,471.0,479.0,480.0,476.0,1325.0,1762.0,1462.0,547.0,110.0,311.0,474.0,473.0,471.0
1.0,4704.0,1430.0,1418.0,1119.0,1279.0,460.0,455.0,364.0,474.0,473.0,471.0,480.0,475.0,475.0,1349.0,1782.0,1573.0,460.0,455.0,364.0,474.0,473.0,471.0
1.0,4393.0,1456.0,1418.0,968.0,1767.0,404.0,824.0,539.0,474.0,473.0,471.0,491.0,479.0,486.0,1436.0,1437.0,1520.0,404.0,824.0,539.0,474.0,473.0,471.0
1.0,3905.0,1424.0,1419.0,1279.0,1916.0,410.0,850.0,656.0,474.0,474.0,471.0,466.0,477.0,481.0,1492.0,1068.0,1345.0,410.0,850.0,656.0,474.0,474.0,471.0
1.0,3760.0,1416.0,1419.0,1767.0,1565.0,478.0,495.0,592.0,474.0,474.0,471.0,472.0,469.0,475.0,1486.0,1046.0,1228.0,478.0,495.0,592.0,474.0,474.0,471.0
1.0,4111.0,1439.0,1420.0,1916.0,1092.0,554.0,124.0,414.0,475.0,474.0,471.0,482.0,479.0,478.0,1418.0,1401.0,1292.0,554.0,124.0,414.0,475.0,474.0,471.0
1.0,4588.0,1447.0,1420.0,1565.0,974.0,561.0,96.0,317.0,475.0,474.0,471.0,485.0,467.0,495.0,1346.0,1772.0,1470.0,561.0,96.0,317.0,475.0,474.0,471.0
1.0,4706.0,1437.0,1420.0,1092.0,1319.0,486.0,456.0,377.0,475.0,474.0,471.0,479.0,484.0,474.0,1339.0,1800.0,1567.0,486.0,456.0,377.0,475.0,474.0,471.0
1.0,4361.0,1439.0,1421.0,974.0,1788.0,403.0,841.0,544.0,475.0,475.0,471.0,478.0,477.0,484.0,1414.0,1440.0,1507.0,403.0,841.0,544.0,475.0,475.0,471.0
1.0,3896.0,1433.0,1421.0,1319.0,1902.0,393.0,854.0,655.0,475.0,474.0,472.0,476.0,473.0,484.0,1497.0,1059.0,1340.0,393.0,854.0,655.0,475.0,474.0,472.0
1.0,3782.0,1406.0,1422.0,1788.0,1524.0,455.0,483.0,586.0,475.0,475.0,472.0,465.0,466.0,475.0,1507.0,1042.0,1233.0,455.0,483.0,586.0,475.0,475.0,472.0
1.0,4164.0,1460.0,1423.0,1902.0,1086.0,550.0,117.0,419.0,476.0,475.0,472.0,484.0,488.0,488.0,1445.0,1417.0,1302.0,550.0,117.0,419.0,476.0,475.0,472.0
1.0,4606.0,1447.0,1425.0,1524.0,1017.0,572.0,118.0,327.0,476.0,476.0,473.0,477.0,480.0,490.0,1354.0,1783.0,1469.0,572.0,118.0,327.0,476.0,476.0,473.0
1.0,4683.0,1438.0,1425.0,1086.0,1369.0,520.0,469.0,380.0,477.0,476.0,472.0,494.0,468.0,476.0,1332.0,1786.0,1565.0,520.0,469.0,380.0,477.0,476.0,472.0
1.0,4331.0,1423.0,1424.0,1017.0,1771.0,420.0,821.0,530.0,477.0,475.0,472.0,472.0,474.0,477.0,1388.0,1435.0,1508.0,420.0,821.0,530.0,477.0,475.0,472.0
1.0,3925.0,1440.0,1426.0,1369.0,1850.0,379.0,837.0,634.0,477.0,476.0,473.0,479.0,481.0,480.0,1488.0,1079.0,1358.0,379.0,837.0,634.0,477.0,476.0,473.0
1.0,3854.0,1430.0,1426.0,1771.0,1509.0,435.0,494.0,580.0,477.0,476.0,473.0,476.0,478.0,476.0,1529.0,1067.0,1258.0,435.0,494.0,580.0,477.0,476.0,473.0
1.0,4195.0,1431.0,1426.0,1850.0,1090.0,527.0,133.0,430.0,477.0,476.0,473.0,471.0,476.0,484.0,1473.0,1410.0,1312.0,527.0,133.0,430.0,477.0,476.0,473.0
1.0,4614.0,1441.0,1426.0,1509.0,1022.0,563.0,111.0,348.0,477.0,476.0,473.0,471.0,472.0,498.0,1381.0,1771.0,1462.0,563.0,111.0,348.0,477.0,476.0,473.0
1.0,4682.0,1428.0,1426.0,1090.0,1360.0,515.0,455.0,390.0,477.0,476.0,473.0,479.0,477.0,472.0,1345.0,1793.0,1544.0,515.0,455.0,390.0,477.0,476.0,473.0
1.0,4344.0,1479.0,1428.0,1022.0,1825.0,442.0,839.0,544.0,478.0,477.0,473.0,486.0,491.0,502.0,1393.0,1449.0,1502.0,442.0,839.0,544.0,478.0,477.0,473.0
1.0,3887.0,1389.0,1427.0,1360.0,1850.0,388.0,839.0,623.0,478.0,476.0,473.0,461.0,459.0,469.0,1470.0,1069.0,1348.0,388.0,839.0,623.0,478.0,476.0,473.0
1.0,3858.0,1455.0,1428.0,1825.0,1484.0,434.0,480.0,570.0,478.0,476.0,474.0,488.0,480.0,487.0,1524.0,1065.0,1269.0,434.0,480.0,570.0,478.0,476.0,474.0
1.0,4228.0,1400.0,1428.0,1850.0,1034.0,514.0,102.0,418.0,478.0,476.0,474.0,468.0,461.0,471.0,1478.0,1424.0,1326.0,514.0,102.0,418.0,478.0,476.0,474.0
1.0,4678.0,1383.0,1428.0,1484.0,933.0,538.0,78.0,317.0,478.0,476.0,474.0,458.0,456.0,469.0,1398.0,1802.0,1478.0,538.0,78.0,317.0,478.0,476.0,474.0
1.0,4779.0,1448.0,1429.0,1034.0,1351.0,510.0,456.0,385.0,479.0,476.0,474.0,482.0,480.0,486.0,1374.0,1826.0,1579.0,510.0,456.0,385.0,479.0,476.0,474.0
1.0,4365.0,1430.0,1429.0,933.0,1848.0,442.0,851.0,555.0,478.0,476.0,475.0,474.0,473.0,483.0,1406.0,1448.0,1511.0,442.0,851.0,555.0,478.0,476.0,475.0
1.0,3868.0,1441.0,1431.0,1351.0,1946.0,413.0,872.0,661.0,479.0,477.0,475.0,477.0,473.0,491.0,1470.0,1053.0,1345.0,413.0,872.0,661.0,479.0,477.0,475.0
1.0,3778.0,1459.0,1432.0,1848.0,1561.0,446.0,503.0,612.0,479.0,477.0,476.0,475.0,482.0,502.0,1503.0,1036.0,1239.0,446.0,503.0,612.0,479.0,477.0,476.0
1.0,4167.0,1455.0,1434.0,1946.0,1078.0,523.0,117.0,438.0,480.0,477.0,477.0,486.0,486.0,483.0,1470.0,1405.0,1292.0,523.0,117.0,438.0,480.0,477.0,477.0
1.0,4658.0,1484.0,1434.0,1561.0,1001.0,572.0,100.0,329.0,480.0,477.0,477.0,495.0,486.0,503.0,1397.0,1791.0,1470.0,572.0,100.0,329.0,480.0,477.0,477.0
1.0,4735.0,1456.0,1436.0,1078.0,1387.0,527.0,472.0,388.0,480.0,478.0,478.0,478.0,485.0,493.0,1348.0,1808.0,1579.0,527.0,472.0,388.0,480.0,478.0,478.0
1.0,4357.0,1393.0,1435.0,1001.0,1775.0,402.0,846.0,527.0,479.0,478.0,478.0,451.0,474.0,468.0,1393.0,1440.0,1524.0,402.0,846.0,527.0,479.0,478.0,478.0
1.0,3965.0,1439.0,1434.0,1387.0,1823.0,354.0,852.0,617.0,479.0,477.0,478.0,479.0,482.0,478.0,1514.0,1066.0,1385.0,354.0,852.0,617.0,479.0,477.0,478.0
1.0,3913.0,1469.0,1436.0,1775.0,1525.0,443.0,495.0,587.0,479.0,478.0,479.0,491.0,485.0,493.0,1562.0,1056.0,1295.0,443.0,495.0,587.0,479.0,478.0,479.0
1.0,4219.0,1414.0,1435.0,1823.0,1112.0,562.0,111.0,439.0,479.0,477.0,479.0,473.0,472.0,469.0,1473.0,1417.0,1329.0,562.0,111.0,439.0,479.0,477.0,479.0
1.0,4628.0,1467.0,1436.0,1525.0,1058.0,602.0,111.0,345.0,479.0,478.0,479.0,483.0,491.0,493.0,1354.0,1797.0,1477.0,602.0,111.0,345.0,479.0,478.0,479.0
1.0,4686.0,1466.0,1438.0,1112.0,1420.0,531.0,492.0,397.0,480.0,478.0,480.0,487.0,492.0,487.0,1314.0,1801.0,1571.0,531.0,492.0,397.0,480.0,478.0,480.0
1.0,4332.0,1394.0,1436.0,1058.0,1748.0,386.0,852.0,510.0,479.0,478.0,479.0,461.0,471.0,462.0,1389.0,1420.0,1523.0,386.0,852.0,510.0,479.0,478.0,479.0
1.0,3996.0,1477.0,1437.0,1420.0,1809.0,354.0,844.0,611.0,479.0,478.0,480.0,499.0,484.0,494.0,1530.0,1060.0,1406.0,354.0,844.0,611.0,479.0,478.0,480.0
1.0,3939.0,1478.0,1438.0,1748.0,1543.0,471.0,483.0,589.0,480.0,478.0,480.0,499.0,491.0,488.0,1562.0,1068.0,1309.0,471.0,483.0,589.0,480.0,478.0,480.0
1.0,4209.0,1420.0,1437.0,1809.0,1150.0,588.0,116.0,446.0,479.0,478.0,480.0,475.0,477.0,468.0,1449.0,1429.0,1331.0,588.0,116.0,446.0,479.0,478.0,480.0
1.0,4598.0,1427.0,1437.0,1543.0,1034.0,597.0,106.0,331.0,479.0,478.0,480.0,480.0,473.0,474.0,1328.0,1796.0,1474.0,597.0,106.0,331.0,479.0,478.0,480.0
1.0,4714.0,1470.0,1439.0,1150.0,1362.0,507.0,479.0,376.0,480.0,478.0,481.0,494.0,489.0,487.0,1319.0,1806.0,1589.0,507.0,479.0,376.0,480.0,478.0,481.0
1.0,4394.0,1471.0,1439.0,1034.0,1799.0,400.0,865.0,534.0,480.0,478.0,481.0,490.0,492.0,489.0,1413.0,1433.0,1548.0,400.0,865.0,534.0,480.0,478.0,481.0
1.0,3957.0,1508.0,1442.0,1362.0,1957.0,414.0,885.0,658.0,481.0,479.0,482.0,517.0,495.0,496.0,1520.0,1047.0,1390.0,414.0,885.0,658.0,481.0,479.0,482.0
1.0,3811.0,1491.0,1442.0,1799.0,1649.0,516.0,509.0,624.0,481.0,479.0,482.0,502.0,489.0,500.0,1510.0,1031.0,1270.0,516.0,509.0,624.0,481.0,479.0,482.0
1.0,4119.0,1432.0,1443.0,1957.0,1128.0,581.0,106.0,441.0,481.0,479.0,483.0,479.0,482.0,471.0,1408.0,1407.0,1304.0,581.0,106.0,441.0,481.0,479.0,483.0
1.0,4644.0,1530.0,1445.0,1649.0,1017.0,574.0,124.0,319.0,482.0,480.0,483.0,505.0,523.0,502.0,1343.0,1810.0,1491.0,574.0,124.0,319.0,482.0,480.0,483.0
1.0,4763.0,1488.0,1445.0,1128.0,1377.0,495.0,525.0,357.0,482.0,480.0,483.0,502.0,507.0,479.0,1354.0,1796.0,1613.0,495.0,525.0,357.0,482.0,480.0,483.0
1.0,4403.0,1440.0,1444.0,1017.0,1796.0,401.0,888.0,507.0,481.0,480.0,483.0,484.0,487.0,469.0,1433.0,1395.0,1575.0,401.0,888.0,507.0,481.0,480.0,483.0
1.0,3980.0,1451.0,1444.0,1377.0,1870.0,394.0,851.0,625.0,481.0,480.0,483.0,488.0,488.0,475.0,1523.0,1032.0,1425.0,394.0,851.0,625.0,481.0,480.0,483.0
1.0,3906.0,1498.0,1446.0,1796.0,1580.0,498.0,471.0,611.0,482.0,481.0,483.0,501.0,504.0,493.0,1530.0,1069.0,1307.0,498.0,471.0,611.0,482.0,481.0,483.0
1.0,4204.0,1446.0,1446.0,1870.0,1156.0,592.0,105.0,459.0,482.0,481.0,483.0,488.0,485.0,473.0,1430.0,1453.0,1321.0,592.0,105.0,459.0,482.0,481.0,483.0
1.0,4628.0,1500.0,1447.0,1580.0,1080.0,595.0,151.0,334.0,482.0,482.0,483.0,501.0,513.0,486.0,1336.0,1819.0,1473.0,595.0,151.0,334.0,482.0,482.0,483.0
1.0,4708.0,1512.0,1448.0,1156.0,1440.0,514.0,557.0,369.0,483.0,482.0,483.0,507.0,511.0,494.0,1333.0,1777.0,1598.0,514.0,557.0,369.0,483.0,482.0,483.0
1.0,4352.0,1478.0,1450.0,1080.0,1846.0,421.0,894.0,531.0,483.0,483.0,484.0,502.0,484.0,492.0,1418.0,1371.0,1563.0,421.0,894.0,531.0,483.0,483.0,484.0
1.0,3954.0,1497.0,1451.0,1440.0,1907.0,406.0,839.0,662.0,484.0,483.0,484.0,495.0,502.0,500.0,1511.0,1038.0,1405.0,406.0,839.0,662.0,484.0,483.0,484.0
1.0,3897.0,1472.0,1451.0,1846.0,1533.0,478.0,431.0,624.0,484.0,483.0,484.0,493.0,486.0,493.0,1530.0,1093.0,1274.0,478.0,431.0,624.0,484.0,483.0,484.0
1.0,4271.0,1446.0,1451.0,1907.0,1072.0,555.0,74.0,443.0,484.0,483.0,484.0,483.0,482.0,481.0,1458.0,1501.0,1312.0,555.0,74.0,443.0,484.0,483.0,484.0
1.0,4732.0,1453.0,1452.0,1533.0,996.0,555.0,145.0,296.0,484.0,484.0,484.0,478.0,498.0,477.0,1381.0,1858.0,1493.0,555.0,145.0,296.0,484.0,484.0,484.0
1.0,4812.0,1480.0,1452.0,1072.0,1404.0,494.0,572.0,338.0,484.0,484.0,484.0,494.0,501.0,485.0,1381.0,1791.0,1640.0,494.0,572.0,338.0,484.0,484.0,484.0
1.0,4404.0,1470.0,1454.0,996.0,1886.0,432.0,924.0,530.0,485.0,485.0,484.0,489.0,493.0,488.0,1442.0,1364.0,1598.0,432.0,924.0,530.0,485.0,485.0,484.0
1.0,3930.0,1479.0,1454.0,1404.0,1961.0,439.0,842.0,680.0,485.0,485.0,484.0,501.0,490.0,488.0,1508.0,1016.0,1406.0,439.0,842.0,680.0,485.0,485.0,484.0
1.0,3855.0,1474.0,1454.0,1886.0,1549.0,502.0,409.0,638.0,485.0,485.0,484.0,495.0,491.0,488.0,1501.0,1098.0,1256.0,502.0,409.0,638.0,485.0,485.0,484.0
1.0,4267.0,1500.0,1457.0,1961.0,1100.0,571.0,69.0,460.0,486.0,486.0,485.0,504.0,498.0,498.0,1438.0,1531.0,1298.0,571.0,69.0,460.0,486.0,486.0,485.0
1.0,4728.0,1479.0,1457.0,1549.0,1030.0,557.0,161.0,312.0,486.0,486.0,485.0,488.0,501.0,490.0,1373.0,1875.0,1480.0,557.0,161.0,312.0,486.0,486.0,485.0
1.0,4798.0,1421.0,1457.0,1100.0,1351.0,457.0,574.0,320.0,486.0,486.0,485.0,471.0,482.0,468.0,1387.0,1783.0,1628.0,457.0,574.0,320.0,486.0,486.0,485.0
1.0,4477.0,1455.0,1457.0,1030.0,1776.0,396.0,896.0,484.0,486.0,486.0,485.0,496.0,483.0,476.0,1487.0,1370.0,1620.0,396.0,896.0,484.0,486.0,486.0,485.0
1.0,4052.0,1507.0,1459.0,1351.0,1940.0,447.0,835.0,658.0,487.0,487.0,485.0,504.0,509.0,494.0,1548.0,1048.0,1456.0,447.0,835.0,658.0,487.0,487.0,485.0
1.0,3896.0,1457.0,1459.0,1776.0,1621.0,529.0,423.0,669.0,487.0,487.0,485.0,478.0,484.0,495.0,1501.0,1113.0,1282.0,529.0,423.0,669.0,487.0,487.0,485.0
1.0,4215.0,1504.0,1460.0,1940.0,1189.0,577.0,99.0,513.0,487.0,488.0,485.0,495.0,507.0,502.0,1419.0,1525.0,1271.0,577.0,99.0,513.0,487.0,488.0,485.0
1.0,4651.0,1505.0,1460.0,1621.0,1073.0,551.0,173.0,349.0,487.0,488.0,485.0,503.0,497.0,505.0,1371.0,1853.0,1427.0,551.0,173.0,349.0,487.0,488.0,485.0
1.0,4767.0,1465.0,1462.0,1189.0,1357.0,472.0,551.0,334.0,488.0,488.0,486.0,494.0,477.0,494.0,1397.0,1779.0,1591.0,472.0,551.0,334.0,488.0,488.0,486.0
1.0,4491.0,1475.0,1462.0,1073.0,1759.0,405.0,876.0,478.0,488.0,488.0,486.0,484.0,498.0,493.0,1480.0,1401.0,1610.0,405.0,876.0,478.0,488.0,488.0,486.0
1.0,4089.0,1417.0,1463.0,1357.0,1823.0,401.0,801.0,621.0,488.0,489.0,486.0,468.0,472.0,477.0,1547.0,1076.0,1466.0,401.0,801.0,621.0,488.0,489.0,486.0
1.0,4029.0,1444.0,1464.0,1759.0,1512.0,489.0,406.0,617.0,489.0,489.0,486.0,489.0,481.0,474.0,1551.0,1155.0,1323.0,489.0,406.0,617.0,489.0,489.0,486.0
1.0,4344.0,1455.0,1464.0,1823.0,1144.0,567.0,93.0,484.0,489.0,489.0,486.0,479.0,488.0,488.0,1467.0,1550.0,1327.0,567.0,93.0,484.0,489.0,489.0,486.0
1.0,4712.0,1475.0,1466.0,1512.0,1115.0,568.0,182.0,365.0,489.0,490.0,487.0,490.0,491.0,494.0,1389.0,1863.0,1460.0,568.0,182.0,365.0,489.0,490.0,487.0
1.0,4749.0,1429.0,1465.0,1144.0,1396.0,472.0,560.0,364.0,489.0,490.0,486.0,471.0,471.0,487.0,1388.0,1778.0,1583.0,472.0,560.0,364.0,489.0,490.0,486.0
1.0,4464.0,1438.0,1464.0,1115.0,1715.0,384.0,845.0,486.0,489.0,489.0,486.0,480.0,471.0,487.0,1484.0,1400.0,1580.0,384.0,845.0,486.0,489.0,489.0,486.0
1.0,4141.0,1488.0,1465.0,1396.0,1811.0,408.0,783.0,620.0,489.0,490.0,486.0,496.0,494.0,498.0,1572.0,1111.0,1458.0,408.0,783.0,620.0,489.0,490.0,486.0
1.0,4049.0,1483.0,1465.0,1715.0,1579.0,518.0,428.0,633.0,489.0,490.0,486.0,494.0,490.0,499.0,1548.0,1177.0,1324.0,518.0,428.0,633.0,489.0,490.0,486.0
1.0,4281.0,1451.0,1465.0,1811.0,1219.0,591.0,123.0,505.0,489.0,490.0,486.0,481.0,478.0,492.0,1438.0,1532.0,1311.0,591.0,123.0,505.0,489.0,490.0,486.0
1.0,4641.0,1434.0,1466.0,1579.0,1078.0,541.0,176.0,361.0,489.0,490.0,487.0,468.0,481.0,485.0,1365.0,1837.0,1439.0,541.0,176.0,361.0,489.0,490.0,487.0
1.0,4786.0,1443.0,1466.0,1219.0,1302.0,428.0,538.0,336.0,489.0,490.0,487.0,478.0,485.0,480.0,1415.0,1784.0,1587.0,428.0,538.0,336.0,489.0,490.0,487.0
1.0,4562.0,1443.0,1465.0,1078.0,1663.0,371.0,830.0,462.0,489.0,489.0,487.0,484.0,472.0,487.0,1528.0,1422.0,1612.0,371.0,830.0,462.0,489.0,489.0,487.0
1.0,4197.0,1475.0,1467.0,1302.0,1844.0,439.0,780.0,625.0,490.0,490.0,487.0,492.0,484.0,499.0,1585.0,1126.0,1486.0,439.0,780.0,625.0,490.0,490.0,487.0
1.0,4024.0,1484.0,1467.0,1663.0,1665.0,565.0,442.0,658.0,490.0,490.0,487.0,497.0,492.0,495.0,1521.0,1180.0,1323.0,565.0,442.0,658.0,490.0,490.0,487.0
1.0,4203.0,1471.0,1467.0,1844.0,1292.0,611.0,154.0,527.0,490.0,490.0,487.0,485.0,492.0,494.0,1395.0,1518.0,1290.0,611.0,154.0,527.0,490.0,490.0,487.0
1.0,4576.0,1542.0,1469.0,1665.0,1177.0,571.0,221.0,385.0,491.0,490.0,488.0,521.0,509.0,512.0,1349.0,1806.0,1421.0,571.0,221.0,385.0,491.0,490.0,488.0
1.0,4699.0,1485.0,1470.0,1292.0,1374.0,454.0,561.0,359.0,491.0,491.0,488.0,494.0,490.0,501.0,1393.0,1739.0,1567.0,454.0,561.0,359.0,491.0,491.0,488.0
1.0,4506.0,1520.0,1471.0,1177.0,1721.0,395.0,834.0,492.0,491.0,491.0,489.0,512.0,494.0,514.0,1510.0,1403.0,1593.0,395.0,834.0,492.0,491.0,491.0,489.0
1.0,4163.0,1479.0,1472.0,1374.0,1830.0,429.0,758.0,643.0,491.0,491.0,490.0,488.0,485.0,506.0,1569.0,1130.0,1464.0,429.0,758.0,643.0,491.0,491.0,490.0
1.0,4058.0,1505.0,1473.0,1721.0,1618.0,534.0,423.0,661.0,492.0,491.0,490.0,496.0,499.0,510.0,1535.0,1206.0,1317.0,534.0,423.0,661.0,492.0,491.0,490.0
1.0,4274.0,1519.0,1475.0,1830.0,1315.0,616.0,175.0,524.0,492.0,492.0,491.0,511.0,506.0,502.0,1434.0,1541.0,1299.0,616.0,175.0,524.0,492.0,492.0,491.0
1.0,4585.0,1502.0,1475.0,1618.0,1199.0,581.0,254.0,364.0,492.0,492.0,491.0,499.0,502.0,501.0,1352.0,1793.0,1440.0,581.0,254.0,364.0,492.0,492.0,491.0
1.0,4701.0,1528.0,1475.0,1315.0,1412.0,479.0,577.0,356.0,492.0,492.0,491.0,514.0,498.0,516.0,1387.0,1714.0,1600.0,479.0,577.0,356.0,492.0,492.0,491.0
1.0,4488.0,1522.0,1475.0,1199.0,1735.0,414.0,830.0,491.0,492.0,492.0,491.0,516.0,507.0,499.0,1489.0,1391.0,1608.0,414.0,830.0,491.0,492.0,492.0,491.0
1.0,4165.0,1506.0,1477.0,1412.0,1837.0,441.0,748.0,648.0,493.0,492.0,492.0,502.0,495.0,509.0,1554.0,1138.0,1473.0,441.0,748.0,648.0,493.0,492.0,492.0
1.0,4071.0,1559.0,1477.0,1735.0,1661.0,557.0,434.0,670.0,493.0,492.0,492.0,530.0,516.0,513.0,1531.0,1220.0,1320.0,557.0,434.0,670.0,493.0,492.0,492.0
1.0,4247.0,1494.0,1478.0,1837.0,1322.0,619.0,173.0,530.0,493.0,492.0,493.0,503.0,487.0,504.0,1415.0,1534.0,1298.0,619.0,173.0,530.0,493.0,492.0,493.0
1.0,4590.0,1533.0,1480.0,1661.0,1202.0,575.0,248.0,379.0,494.0,492.0,494.0,509.0,509.0,515.0,1353.0,1795.0,1442.0,575.0,248.0,379.0,494.0,492.0,494.0
1.0,4718.0,1489.0,1481.0,1322.0,1373.0,444.0,579.0,350.0,494.0,493.0,494.0,488.0,500.0,501.0,1401.0,1720.0,1597.0,444.0,579.0,350.0,494.0,493.0,494.0
1.0,4551.0,1479.0,1480.0,1202.0,1646.0,362.0,807.0,477.0,494.0,492.0,494.0,493.0,480.0,506.0,1532.0,1393.0,1626.0,362.0,807.0,477.0,494.0,492.0,494.0
1.0,4274.0,1545.0,1482.0,1373.0,1826.0,432.0,742.0,652.0,494.0,493.0,495.0,514.0,510.0,521.0,1614.0,1161.0,1499.0,432.0,742.0,652.0,494.0,493.0,495.0
1.0,4102.0,1526.0,1483.0,1646.0,1710.0,581.0,447.0,682.0,494.0,493.0,496.0,511.0,512.0,503.0,1544.0,1230.0,1328.0,581.0,447.0,682.0,494.0,493.0,496.0
1.0,4222.0,1491.0,1482.0,1826.0,1371.0,650.0,193.0,528.0,494.0,492.0,496.0,501.0,492.0,498.0,1395.0,1525.0,1302.0,650.0,193.0,528.0,494.0,492.0,496.0
1.0,4557.0,1541.0,1484.0,1710.0,1210.0,592.0,263.0,355.0,495.0,493.0,496.0,519.0,513.0,509.0,1326.0,1775.0,1456.0,592.0,263.0,355.0,495.0,493.0,496.0
1.0,4726.0,1497.0,1484.0,1371.0,1336.0,442.0,569.0,325.0,495.0,493.0,496.0,500.0,499.0,498.0,1388.0,1709.0,1629.0,442.0,569.0,325.0,495.0,493.0,496.0
1.0,4600.0,1508.0,1484.0,1210.0,1634.0,351.0,817.0,466.0,495.0,493.0,496.0,501.0,511.0,496.0,1538.0,1403.0,1659.0,351.0,817.0,466.0,495.0,493.0,496.0
1.0,4302.0,1536.0,1486.0,1336.0,1842.0,418.0,767.0,657.0,495.0,494.0,497.0,509.0,515.0,512.0,1629.0,1155.0,1518.0,418.0,767.0,657.0,495.0,494.0,497.0
1.0,4102.0,1561.0,1487.0,1634.0,1773.0,604.0,463.0,706.0,496.0,494.0,497.0,533.0,513.0,515.0,1562.0,1209.0,1331.0,604.0,463.0,706.0,496.0,494.0,497.0
1.0,4175.0,1514.0,1489.0,1842.0,1453.0,695.0,203.0,555.0,497.0,494.0,498.0,505.0,507.0,502.0,1380.0,1513.0,1282.0,695.0,203.0,555.0,497.0,494.0,498.0
1.0,4503.0,1543.0,1490.0,1773.0,1227.0,597.0,263.0,367.0,497.0,495.0,498.0,506.0,519.0,518.0,1293.0,1773.0,1437.0,597.0,263.0,367.0,497.0,495.0,498.0
1.0,4733.0,1504.0,1491.0,1453.0,1282.0,397.0,562.0,323.0,497.0,495.0,499.0,495.0,502.0,507.0,1391.0,1717.0,1625.0,397.0,562.0,323.0,497.0,495.0,499.0
1.0,4682.0,1513.0,1491.0,1227.0,1568.0,309.0,804.0,455.0,497.0,495.0,499.0,509.0,505.0,499.0,1591.0,1418.0,1673.0,309.0,804.0,455.0,497.0,495.0,499.0
1.0,4396.0,1507.0,1491.0,1282.0,1793.0,420.0,739.0,634.0,497.0,495.0,499.0,508.0,497.0,502.0,1679.0,1176.0,1541.0,420.0,739.0,634.0,497.0,495.0,499.0
1.0,4171.0,1522.0,1492.0,1568.0,1751.0,623.0,447.0,681.0,498.0,495.0,499.0,508.0,512.0,502.0,1568.0,1241.0,1362.0,623.0,447.0,681.0,498.0,495.0,499.0
1.0,4217.0,1524.0,1494.0,1793.0,1490.0,705.0,218.0,567.0,498.0,496.0,500.0,502.0,506.0,516.0,1369.0,1533.0,1315.0,705.0,218.0,567.0,498.0,496.0,500.0
1.0,4486.0,1503.0,1495.0,1751.0,1246.0,579.0,274.0,393.0,498.0,496.0,501.0,497.0,503.0,503.0,1287.0,1766.0,1433.0,579.0,274.0,393.0,498.0,496.0,501.0
1.0,4734.0,1504.0,1495.0,1490.0,1260.0,377.0,560.0,323.0,498.0,496.0,501.0,503.0,504.0,497.0,1413.0,1710.0,1611.0,377.0,560.0,323.0,498.0,496.0,501.0
1.0,4720.0,1494.0,1495.0,1246.0,1508.0,293.0,786.0,429.0,498.0,496.0,501.0,495.0,500.0,499.0,1615.0,1424.0,1681.0,293.0,786.0,429.0,498.0,496.0,501.0
1.0,4472.0,1524.0,1496.0,1260.0,1776.0,404.0,754.0,618.0,498.0,497.0,501.0,488.0,524.0,512.0,1699.0,1198.0,1575.0,404.0,754.0,618.0,498.0,497.0,501.0
1.0,4208.0,1506.0,1496.0,1508.0,1774.0,608.0,482.0,684.0,498.0,497.0,501.0,497.0,514.0,495.0,1588.0,1234.0,1386.0,608.0,482.0,684.0,498.0,497.0,501.0
1.0,4210.0,1472.0,1496.0,1776.0,1470.0,690.0,222.0,558.0,498.0,497.0,501.0,486.0,494.0,492.0,1384.0,1506.0,1320.0,690.0,222.0,558.0,498.0,497.0,501.0
1.0,4514.0,1490.0,1497.0,1774.0,1190.0,571.0,248.0,371.0,498.0,498.0,501.0,489.0,504.0,497.0,1302.0,1766.0,1446.0,571.0,248.0,371.0,498.0,498.0,501.0
1.0,4798.0,1473.0,1498.0,1470.0,1197.0,374.0,513.0,310.0,499.0,498.0,501.0,489.0,487.0,497.0,1421.0,1744.0,1633.0,374.0,513.0,310.0,499.0,498.0,501.0
1.0,4795.0,1487.0,1498.0,1190.0,1494.0,293.0,771.0,430.0,499.0,498.0,501.0,490.0,506.0,491.0,1622.0,1479.0,1694.0,293.0,771.0,430.0,499.0,498.0,501.0
1.0,4498.0,1474.0,1500.0,1197.0,1779.0,397.0,764.0,618.0,499.0,499.0,502.0,478.0,502.0,494.0,1703.0,1221.0,1574.0,397.0,764.0,618.0,499.0,499.0,502.0
1.0,4221.0,1525.0,1500.0,1494.0,1810.0,613.0,501.0,696.0,499.0,499.0,502.0,509.0,508.0,508.0,1599.0,1232.0,1390.0,613.0,501.0,696.0,499.0,499.0,502.0
1.0,4190.0,1526.0,1502.0,1779.0,1565.0,727.0,260.0,578.0,500.0,500.0,502.0,507.0,519.0,500.0,1383.0,1495.0,1312.0,727.0,260.0,578.0,500.0,500.0,502.0
1.0,4443.0,1497.0,1503.0,1810.0,1256.0,606.0,269.0,381.0,500.0,501.0,502.0,492.0,506.0,499.0,1273.0,1740.0,1430.0,606.0,269.0,381.0,500.0,501.0,502.0
1.0,4756.0,1485.0,1503.0,1565.0,1176.0,373.0,506.0,297.0,500.0,501.0,502.0,494.0,497.0,494.0,1394.0,1735.0,1627.0,373.0,506.0,297.0,500.0,501.0,502.0
1.0,4836.0,1516.0,1503.0,1256.0,1436.0,277.0,739.0,420.0,500.0,501.0,502.0,510.0,502.0,504.0,1627.0,1498.0,1711.0,277.0,739.0,420.0,500.0,501.0,502.0
1.0,4576.0,1509.0,1504.0,1176.0,1773.0,413.0,736.0,624.0,501.0,501.0,502.0,505.0,503.0,501.0,1723.0,1265.0,1588.0,413.0,736.0,624.0,501.0,501.0,502.0
1.0,4243.0,1460.0,1505.0,1436.0,1801.0,615.0,485.0,701.0,501.0,501.0,503.0,479.0,488.0,493.0,1591.0,1268.0,1384.0,615.0,485.0,701.0,501.0,501.0,503.0
1.0,4219.0,1519.0,1506.0,1773.0,1551.0,706.0,264.0,581.0,501.0,502.0,503.0,504.0,511.0,504.0,1389.0,1519.0,1311.0,706.0,264.0,581.0,501.0,502.0,503.0
1.0,4473.0,1477.0,1506.0,1801.0,1227.0,582.0,272.0,373.0,501.0,502.0,503.0,491.0,493.0,493.0,1298.0,1744.0,1431.0,582.0,272.0,373.0,501.0,502.0,503.0
1.0,4797.0,1505.0,1508.0,1551.0,1189.0,384.0,526.0,279.0,502.0,503.0,503.0,504.0,514.0,487.0,1422.0,1736.0,1639.0,384.0,526.0,279.0,502.0,503.0,503.0
1.0,4843.0,1465.0,1507.0,1227.0,1423.0,284.0,743.0,396.0,501.0,503.0,503.0,486.0,489.0,490.0,1624.0,1486.0,1733.0,284.0,743.0,396.0,501.0,503.0,503.0
1.0,4605.0,1510.0,1508.0,1189.0,1748.0,397.0,726.0,625.0,502.0,503.0,503.0,493.0,509.0,508.0,1720.0,1269.0,1616.0,397.0,726.0,625.0,502.0,503.0,503.0
1.0,4284.0,1492.0,1507.0,1423.0,1813.0,604.0,485.0,724.0,501.0,503.0,503.0,495.0,502.0,495.0,1611.0,1286.0,1387.0,604.0,485.0,724.0,501.0,503.0,503.0
1.0,4215.0,1479.0,1507.0,1748.0,1544.0,705.0,256.0,583.0,501.0,503.0,503.0,498.0,497.0,484.0,1400.0,1527.0,1288.0,705.0,256.0,583.0,501.0,503.0,503.0
1.0,4484.0,1543.0,1508.0,1813.0,1278.0,609.0,292.0,377.0,501.0,504.0,503.0,508.0,517.0,518.0,1299.0,1756.0,1429.0,609.0,292.0,377.0,501.0,504.0,503.0
1.0,4754.0,1548.0,1509.0,1544.0,1286.0,421.0,552.0,313.0,502.0,504.0,503.0,513.0,516.0,519.0,1395.0,1724.0,1635.0,421.0,552.0,313.0,502.0,504.0,503.0
1.0,4750.0,1525.0,1510.0,1278.0,1537.0,315.0,777.0,445.0,502.0,505.0,503.0,503.0,513.0,509.0,1587.0,1464.0,1699.0,315.0,777.0,445.0,502.0,505.0,503.0
1.0,4503.0,1528.0,1510.0,1286.0,1779.0,402.0,742.0,635.0,502.0,505.0,503.0,508.0,517.0,503.0,1693.0,1243.0,1567.0,402.0,742.0,635.0,502.0,505.0,503.0
1.0,4261.0,1508.0,1510.0,1537.0,1750.0,587.0,473.0,690.0,502.0,505.0,503.0,500.0,508.0,500.0,1606.0,1278.0,1377.0,587.0,473.0,690.0,502.0,505.0,503.0
1.0,4290.0,1519.0,1509.0,1779.0,1486.0,698.0,238.0,550.0,502.0,505.0,502.0,513.0,507.0,499.0,1421.0,1547.0,1322.0,698.0,238.0,550.0,502.0,505.0,502.0
1.0,4550.0,1550.0,1510.0,1750.0,1290.0,639.0,268.0,383.0,502.0,505.0,503.0,528.0,503.0,519.0,1310.0,1782.0,1458.0,639.0,268.0,383.0,502.0,505.0,503.0
1.0,4750.0,1539.0,1510.0,1486.0,1343.0,461.0,543.0,339.0,502.0,505.0,503.0,520.0,513.0,506.0,1369.0,1752.0,1629.0,461.0,543.0,339.0,502.0,505.0,503.0
1.0,4697.0,1519.0,1510.0,1290.0,1572.0,330.0,780.0,462.0,502.0,505.0,503.0,508.0,505.0,506.0,1547.0,1477.0,1673.0,330.0,780.0,462.0,502.0,505.0,503.0
1.0,4468.0,1567.0,1511.0,1343.0,1800.0,395.0,754.0,651.0,502.0,506.0,503.0,526.0,513.0,528.0,1678.0,1240.0,1550.0,395.0,754.0,651.0,502.0,506.0,503.0
1.0,4244.0,1484.0,1510.0,1572.0,1708.0,565.0,459.0,684.0,502.0,505.0,503.0,500.0,489.0,495.0,1613.0,1270.0,1361.0,565.0,459.0,684.0,502.0,505.0,503.0
1.0,4332.0,1523.0,1510.0,1800.0,1431.0,677.0,209.0,545.0,502.0,505.0,503.0,507.0,504.0,512.0,1443.0,1561.0,1328.0,677.0,209.0,545.0,502.0,505.0,503.0
1.0,4609.0,1572.0,1512.0,1708.0,1303.0,646.0,278.0,379.0,503.0,506.0,503.0,530.0,524.0,518.0,1331.0,1811.0,1467.0,646.0,278.0,379.0,503.0,506.0,503.0
1.0,4745.0,1525.0,1512.0,1431.0,1397.0,488.0,569.0,340.0,503.0,506.0,503.0,519.0,500.0,506.0,1366.0,1746.0,1633.0,488.0,569.0,340.0,503.0,506.0,503.0
1.0,4651.0,1552.0,1512.0,1303.0,1646.0,356.0,804.0,486.0,503.0,506.0,503.0,514.0,513.0,525.0,1524.0,1455.0,1672.0,356.0,804.0,486.0,503.0,506.0,503.0
1.0,4402.0,1560.0,1514.0,1397.0,1817.0,394.0,750.0,673.0,504.0,506.0,504.0,522.0,515.0,523.0,1656.0,1220.0,1526.0,394.0,750.0,673.0,504.0,506.0,504.0
1.0,4239.0,1527.0,1514.0,1646.0,1698.0,554.0,451.0,693.0,504.0,506.0,504.0,516.0,505.0,506.0,1622.0,1274.0,1343.0,554.0,451.0,693.0,504.0,506.0,504.0
1.0,4358.0,1552.0,1515.0,1817.0,1437.0,685.0,222.0,530.0,504.0,507.0,504.0,525.0,517.0,510.0,1462.0,1573.0,1323.0,685.0,222.0,530.0,504.0,507.0,504.0
1.0,4623.0,1506.0,1514.0,1698.0,1241.0,636.0,270.0,335.0,504.0,506.0,504.0,505.0,503.0,498.0,1331.0,1806.0,1486.0,636.0,270.0,335.0,504.0,506.0,504.0
1.0,4815.0,1534.0,1514.0,1437.0,1338.0,471.0,544.0,323.0,504.0,506.0,504.0,520.0,496.0,518.0,1380.0,1754.0,1681.0,471.0,544.0,323.0,504.0,506.0,504.0
1.0,4718.0,1554.0,1514.0,1241.0,1651.0,354.0,785.0,512.0,504.0,506.0,504.0,519.0,511.0,524.0,1545.0,1480.0,1693.0,354.0,785.0,512.0,504.0,506.0,504.0
1.0,4405.0,1554.0,1515.0,1338.0,1871.0,402.0,758.0,711.0,504.0,506.0,505.0,519.0,517.0,518.0,1662.0,1239.0,1504.0,402.0,758.0,711.0,504.0,506.0,505.0
1.0,4189.0,1547.0,1516.0,1651.0,1771.0,569.0,483.0,719.0,505.0,506.0,505.0,517.0,510.0,520.0,1614.0,1266.0,1309.0,569.0,483.0,719.0,505.0,506.0,505.0
1.0,4293.0,1558.0,1516.0,1871.0,1458.0,679.0,244.0,535.0,505.0,506.0,505.0,512.0,519.0,527.0,1451.0,1541.0,1301.0,679.0,244.0,535.0,505.0,506.0,505.0
1.0,4606.0,1523.0,1516.0,1771.0,1210.0,616.0,271.0,323.0,505.0,506.0,505.0,506.0,510.0,507.0,1341.0,1780.0,1485.0,616.0,271.0,323.0,505.0,506.0,505.0
1.0,4854.0,1479.0,1516.0,1458.0,1231.0,429.0,518.0,284.0,505.0,506.0,505.0,492.0,491.0,496.0,1404.0,1753.0,1697.0,429.0,518.0,284.0,505.0,506.0,505.0
1.0,4833.0,1533.0,1516.0,1210.0,1554.0,320.0,761.0,473.0,505.0,506.0,505.0,507.0,514.0,512.0,1591.0,1506.0,1736.0,320.0,761.0,473.0,505.0,506.0,505.0
1.0,4510.0,1505.0,1516.0,1231.0,1828.0,392.0,736.0,700.0,505.0,506.0,505.0,501.0,493.0,511.0,1700.0,1263.0,1547.0,392.0,736.0,700.0,505.0,506.0,505.0
1.0,4236.0,1501.0,1516.0,1554.0,1775.0,571.0,474.0,730.0,505.0,506.0,505.0,499.0,499.0,503.0,1628.0,1288.0,1320.0,571.0,474.0,730.0,505.0,506.0,505.0
1.0,4289.0,1549.0,1517.0,1828.0,1500.0,698.0,247.0,555.0,505.0,506.0,506.0,519.0,509.0,521.0,1449.0,1550.0,1290.0,698.0,247.0,555.0,505.0,506.0,506.0
1.0,4568.0,1550.0,1518.0,1775.0,1279.0,639.0,298.0,342.0,505.0,507.0,506.0,512.0,521.0,517.0,1322.0,1777.0,1469.0,639.0,298.0,342.0,505.0,507.0,506.0
1.0,4793.0,1512.0,1518.0,1500.0,1291.0,453.0,546.0,292.0,506.0,506.0,506.0,508.0,499.0,505.0,1381.0,1730.0,1682.0,453.0,546.0,292.0,506.0,506.0,506.0
1.0,4781.0,1530.0,1518.0,1279.0,1542.0,324.0,759.0,459.0,506.0,506.0,506.0,510.0,511.0,509.0,1571.0,1478.0,1732.0,324.0,759.0,459.0,506.0,506.0,506.0
1.0,4530.0,1520.0,1518.0,1291.0,1771.0,377.0,719.0,675.0,506.0,506.0,506.0,506.0,506.0,508.0,1700.0,1265.0,1565.0,377.0,719.0,675.0,506.0,506.0,506.0
1.0,4301.0,1512.0,1520.0,1542.0,1749.0,543.0,484.0,722.0,506.0,507.0,507.0,490.0,520.0,502.0,1647.0,1305.0,1349.0,543.0,484.0,722.0,506.0,507.0,507.0
1.0,4331.0,1491.0,1520.0,1771.0,1469.0,656.0,266.0,547.0,506.0,507.0,507.0,490.0,501.0,500.0,1481.0,1544.0,1306.0,656.0,266.0,547.0,506.0,507.0,507.0
1.0,4611.0,1524.0,1521.0,1749.0,1248.0,630.0,281.0,337.0,507.0,507.0,507.0,513.0,499.0,512.0,1368.0,1762.0,1481.0,630.0,281.0,337.0,507.0,507.0,507.0
1.0,4836.0,1529.0,1521.0,1469.0,1308.0,475.0,525.0,308.0,507.0,507.0,507.0,501.0,510.0,518.0,1398.0,1747.0,1691.0,475.0,525.0,308.0,507.0,507.0,507.0
1.0,4776.0,1593.0,1523.0,1248.0,1661.0,378.0,777.0,506.0,508.0,507.0,508.0,529.0,533.0,531.0,1553.0,1503.0,1720.0,378.0,777.0,506.0,508.0,507.0,508.0
1.0,4431.0,1532.0,1523.0,1308.0,1885.0,408.0,766.0,711.0,508.0,507.0,508.0,505.0,514.0,513.0,1654.0,1251.0,1526.0,408.0,766.0,711.0,508.0,507.0,508.0
1.0,4207.0,1556.0,1525.0,1661.0,1788.0,537.0,514.0,737.0,508.0,508.0,509.0,507.0,521.0,528.0,1624.0,1262.0,1321.0,537.0,514.0,737.0,508.0,508.0,509.0
1.0,4312.0,1514.0,1525.0,1885.0,1417.0,635.0,256.0,526.0,508.0,508.0,509.0,506.0,508.0,500.0,1495.0,1518.0,1299.0,635.0,256.0,526.0,508.0,508.0,509.0
1.0,4683.0,1511.0,1525.0,1788.0,1140.0,596.0,250.0,294.0,508.0,508.0,509.0,498.0,508.0,505.0,1397.0,1776.0,1510.0,596.0,250.0,294.0,508.0,508.0,509.0
1.0,4960.0,1549.0,1525.0,1417.0,1272.0,469.0,507.0,296.0,508.0,508.0,509.0,508.0,513.0,528.0,1436.0,1782.0,1742.0,469.0,507.0,296.0,508.0,508.0,509.0
1.0,4828.0,1530.0,1526.0,1140.0,1666.0,378.0,769.0,519.0,508.0,508.0,510.0,505.0,512.0,513.0,1563.0,1525.0,1740.0,378.0,769.0,519.0,508.0,508.0,510.0
1.0,4438.0,1516.0,1527.0,1272.0,1914.0,400.0,787.0,727.0,508.0,509.0,510.0,491.0,521.0,504.0,1654.0,1263.0,1521.0,400.0,787.0,727.0,508.0,509.0,510.0
1.0,4194.0,1531.0,1527.0,1666.0,1779.0,524.0,534.0,721.0,508.0,509.0,510.0,502.0,516.0,513.0,1632.0,1249.0,1313.0,524.0,534.0,721.0,508.0,509.0,510.0
1.0,4329.0,1545.0,1528.0,1914.0,1414.0,637.0,266.0,511.0,508.0,509.0,511.0,513.0,519.0,513.0,1508.0,1502.0,1319.0,637.0,266.0,511.0,508.0,509.0,511.0
1.0,4698.0,1527.0,1530.0,1779.0,1170.0,618.0,250.0,302.0,509.0,510.0,511.0,501.0,514.0,512.0,1395.0,1770.0,1533.0,618.0,250.0,302.0,509.0,510.0,511.0
1.0,4950.0,1526.0,1530.0,1414.0,1282.0,490.0,500.0,292.0,509.0,510.0,511.0,509.0,516.0,501.0,1418.0,1790.0,1742.0,490.0,500.0,292.0,509.0,510.0,511.0
1.0,4838.0,1523.0,1530.0,1170.0,1635.0,373.0,758.0,504.0,509.0,510.0,511.0,501.0,508.0,514.0,1546.0,1540.0,1752.0,373.0,758.0,504.0,509.0,510.0,511.0
1.0,4485.0,1545.0,1531.0,1282.0,1902.0,385.0,778.0,739.0,509.0,510.0,512.0,502.0,520.0,523.0,1663.0,1282.0,1540.0,385.0,778.0,739.0,509.0,510.0,512.0
1.0,4222.0,1512.0,1531.0,1635.0,1779.0,521.0,517.0,741.0,509.0,510.0,512.0,509.0,497.0,506.0,1651.0,1262.0,1309.0,521.0,517.0,741.0,509.0,510.0,512.0
1.0,4345.0,1572.0,1531.0,1902.0,1449.0,654.0,270.0,525.0,509.0,510.0,512.0,518.0,531.0,523.0,1515.0,1523.0,1307.0,654.0,270.0,525.0,509.0,510.0,512.0
1.0,4675.0,1510.0,1531.0,1779.0,1180.0,632.0,255.0,293.0,509.0,510.0,512.0,499.0,502.0,509.0,1382.0,1770.0,1523.0,632.0,255.0,293.0,509.0,510.0,512.0
1.0,4944.0,1567.0,1531.0,1449.0,1298.0,494.0,516.0,288.0,509.0,510.0,512.0,516.0,531.0,520.0,1404.0,1785.0,1755.0,494.0,516.0,288.0,509.0,510.0,512.0
1.0,4826.0,1521.0,1532.0,1180.0,1643.0,369.0,768.0,506.0,510.0,510.0,512.0,503.0,507.0,511.0,1542.0,1524.0,1760.0,369.0,768.0,506.0,510.0,510.0,512.0
1.0,4485.0,1556.0,1534.0,1298.0,1909.0,387.0,781.0,741.0,510.0,511.0,513.0,512.0,525.0,519.0,1671.0,1272.0,1542.0,387.0,781.0,741.0,510.0,511.0,513.0
1.0,4227.0,1539.0,1533.0,1643.0,1801.0,524.0,527.0,750.0,509.0,511.0,513.0,510.0,514.0,515.0,1653.0,1263.0,1311.0,524.0,527.0,750.0,509.0,511.0,513.0
1.0,4331.0,1560.0,1533.0,1909.0,1452.0,653.0,264.0,535.0,509.0,511.0,513.0,516.0,518.0,526.0,1512.0,1517.0,1302.0,653.0,264.0,535.0,509.0,511.0,513.0
1.0,4680.0,1541.0,1533.0,1801.0,1192.0,645.0,249.0,298.0,509.0,511.0,513.0,516.0,512.0,513.0,1383.0,1780.0,1517.0,645.0,249.0,298.0,509.0,511.0,513.0
1.0,4940.0,1565.0,1533.0,1452.0,1305.0,504.0,512.0,289.0,509.0,511.0,513.0,512.0,527.0,526.0,1391.0,1795.0,1754.0,504.0,512.0,289.0,509.0,511.0,513.0
1.0,4827.0,1580.0,1536.0,1192.0,1705.0,398.0,788.0,519.0,510.0,512.0,514.0,535.0,521.0,524.0,1532.0,1532.0,1763.0,398.0,788.0,519.0,510.0,512.0,514.0
1.0,4439.0,1573.0,1537.0,1305.0,1977.0,416.0,815.0,746.0,510.0,513.0,514.0,522.0,535.0,516.0,1642.0,1260.0,1537.0,416.0,815.0,746.0,510.0,513.0,514.0
1.0,4171.0,1551.0,1536.0,1705.0,1819.0,546.0,536.0,737.0,510.0,512.0,514.0,528.0,513.0,510.0,1624.0,1237.0,1310.0,546.0,536.0,737.0,510.0,512.0,514.0
1.0,4325.0,1543.0,1537.0,1977.0,1389.0,646.0,238.0,505.0,510.0,513.0,514.0,516.0,513.0,514.0,1494.0,1512.0,1319.0,646.0,238.0,505.0,510.0,513.0,514.0
1.0,4759.0,1598.0,1537.0,1819.0,1168.0,642.0,226.0,300.0,510.0,513.0,514.0,542.0,524.0,532.0,1394.0,1814.0,1551.0,642.0,226.0,300.0,510.0,513.0,514.0
1.0,4980.0,1562.0,1538.0,1389.0,1345.0,536.0,508.0,301.0,511.0,513.0,514.0,536.0,520.0,506.0,1398.0,1826.0,1756.0,536.0,508.0,301.0,511.0,513.0,514.0
1.0,4807.0,1528.0,1537.0,1168.0,1701.0,412.0,796.0,493.0,511.0,513.0,513.0,518.0,514.0,496.0,1508.0,1544.0,1755.0,412.0,796.0,493.0,511.0,513.0,513.0
1.0,4447.0,1557.0,1537.0,1345.0,1913.0,410.0,803.0,700.0,511.0,513.0,513.0,534.0,515.0,508.0,1632.0,1256.0,1559.0,410.0,803.0,700.0,511.0,513.0,513.0
1.0,4235.0,1576.0,1538.0,1701.0,1792.0,534.0,523.0,735.0,511.0,513.0,514.0,536.0,516.0,524.0,1634.0,1249.0,1352.0,534.0,523.0,735.0,511.0,513.0,514.0
1.0,4360.0,1520.0,1538.0,1913.0,1399.0,639.0,223.0,537.0,511.0,513.0,514.0,515.0,503.0,502.0,1510.0,1529.0,1321.0,639.0,223.0,537.0,511.0,513.0,514.0
1.0,4753.0,1538.0,1538.0,1792.0,1145.0,635.0,203.0,307.0,512.0,513.0,513.0,526.0,503.0,509.0,1405.0,1829.0,1519.0,635.0,203.0,307.0,512.0,513.0,513.0
1.0,5007.0,1547.0,1538.0,1399.0,1293.0,501.0,510.0,282.0,511.0,514.0,513.0,509.0,526.0,512.0,1413.0,1849.0,1745.0,501.0,510.0,282.0,511.0,514.0,513.0
1.0,4859.0,1603.0,1540.0,1145.0,1759.0,406.0,839.0,514.0,512.0,514.0,514.0,536.0,532.0,535.0,1543.0,1546.0,1770.0,406.0,839.0,514.0,512.0,514.0,514.0
1.0,4401.0,1564.0,1539.0,1293.0,2026.0,432.0,850.0,744.0,512.0,514.0,513.0,527.0,521.0,516.0,1642.0,1217.0,1542.0,432.0,850.0,744.0,512.0,514.0,513.0
1.0,4130.0,1582.0,1540.0,1759.0,1853.0,554.0,534.0,765.0,512.0,514.0,514.0,528.0,523.0,531.0,1616.0,1206.0,1308.0,554.0,534.0,765.0,512.0,514.0,514.0
1.0,4307.0,1579.0,1542.0,2026.0,1414.0,662.0,216.0,536.0,513.0,515.0,514.0,536.0,528.0,515.0,1494.0,1522.0,1291.0,662.0,216.0,536.0,513.0,515.0,514.0
1.0,4754.0,1553.0,1543.0,1853.0,1118.0,636.0,195.0,287.0,514.0,515.0,514.0,524.0,513.0,516.0,1390.0,1844.0,1520.0,636.0,195.0,287.0,514.0,515.0,514.0
1.0,5054.0,1520.0,1543.0,1414.0,1224.0,482.0,483.0,259.0,514.0,515.0,514.0,508.0,504.0,508.0,1420.0,1865.0,1769.0,482.0,483.0,259.0,514.0,515.0,514.0
1.0,4948.0,1553.0,1544.0,1118.0,1663.0,373.0,812.0,478.0,514.0,516.0,514.0,527.0,520.0,506.0,1574.0,1577.0,1797.0,373.0,812.0,478.0,514.0,516.0,514.0
1.0,4513.0,1517.0,1543.0,1224.0,1952.0,404.0,830.0,718.0,514.0,515.0,514.0,513.0,505.0,499.0,1683.0,1252.0,1578.0,404.0,830.0,718.0,514.0,515.0,514.0
1.0,4220.0,1562.0,1543.0,1663.0,1851.0,559.0,540.0,752.0,514.0,515.0,514.0,528.0,522.0,512.0,1652.0,1230.0,1338.0,559.0,540.0,752.0,514.0,515.0,514.0
1.0,4321.0,1508.0,1544.0,1952.0,1411.0,653.0,221.0,537.0,514.0,516.0,514.0,498.0,507.0,503.0,1497.0,1520.0,1304.0,653.0,221.0,537.0,514.0,516.0,514.0
1.0,4765.0,1523.0,1542.0,1851.0,1075.0,616.0,177.0,282.0,514.0,515.0,513.0,522.0,500.0,501.0,1403.0,1843.0,1519.0,616.0,177.0,282.0,514.0,515.0,513.0
1.0,5093.0,1545.0,1544.0,1411.0,1217.0,485.0,487.0,245.0,515.0,516.0,513.0,518.0,527.0,500.0,1440.0,1883.0,1770.0,485.0,487.0,245.0,515.0,516.0,513.0
1.0,4959.0,1508.0,1544.0,1075.0,1650.0,367.0,816.0,467.0,515.0,516.0,513.0,498.0,506.0,504.0,1575.0,1577.0,1807.0,367.0,816.0,467.0,515.0,516.0,513.0
1.0,4526.0,1603.0,1546.0,1217.0,2044.0,423.0,863.0,758.0,516.0,516.0,514.0,537.0,534.0,532.0,1693.0,1248.0,1585.0,423.0,863.0,758.0,516.0,516.0,514.0
1.0,4140.0,1548.0,1546.0,1650.0,1942.0,578.0,563.0,801.0,516.0,516.0,514.0,522.0,516.0,510.0,1641.0,1201.0,1298.0,578.0,563.0,801.0,516.0,516.0,514.0
1.0,4242.0,1537.0,1546.0,2044.0,1435.0,672.0,204.0,559.0,516.0,516.0,514.0,517.0,504.0,516.0,1486.0,1501.0,1255.0,672.0,204.0,559.0,516.0,516.0,514.0
1.0,4749.0,1546.0,1546.0,1942.0,1039.0,614.0,147.0,278.0,516.0,516.0,514.0,520.0,506.0,520.0,1392.0,1860.0,1497.0,614.0,147.0,278.0,516.0,516.0,514.0
1.0,5145.0,1528.0,1546.0,1435.0,1132.0,457.0,452.0,223.0,516.0,516.0,514.0,515.0,509.0,504.0,1450.0,1917.0,1778.0,457.0,452.0,223.0,516.0,516.0,514.0
1.0,5052.0,1552.0,1546.0,1039.0,1645.0,369.0,813.0,463.0,517.0,516.0,513.0,522.0,508.0,522.0,1607.0,1612.0,1833.0,369.0,813.0,463.0,517.0,516.0,513.0
1.0,4539.0,1610.0,1547.0,1132.0,2127.0,455.0,896.0,776.0,517.0,516.0,514.0,543.0,535.0,532.0,1699.0,1251.0,1589.0,455.0,896.0,776.0,517.0,516.0,514.0
1.0,4061.0,1597.0,1550.0,1645.0,2091.0,612.0,630.0,849.0,518.0,517.0,515.0,522.0,543.0,532.0,1613.0,1168.0,1280.0,612.0,630.0,849.0,518.0,517.0,515.0
1.0,4109.0,1512.0,1548.0,2127.0,1468.0,657.0,232.0,579.0,518.0,516.0,514.0,500.0,502.0,510.0,1460.0,1438.0,1211.0,657.0,232.0,579.0,518.0,516.0,514.0
1.0,4724.0,1563.0,1549.0,2091.0,944.0,566.0,124.0,254.0,518.0,517.0,514.0,521.0,518.0,524.0,1415.0,1832.0,1477.0,566.0,124.0,254.0,518.0,517.0,514.0
1.0,5252.0,1550.0,1550.0,1468.0,1030.0,424.0,409.0,197.0,518.0,517.0,515.0,515.0,517.0,518.0,1506.0,1944.0,1802.0,424.0,409.0,197.0,518.0,517.0,515.0
1.0,5170.0,1541.0,1551.0,944.0,1631.0,376.0,800.0,455.0,519.0,517.0,515.0,514.0,515.0,512.0,1648.0,1659.0,1863.0,376.0,800.0,455.0,519.0,517.0,515.0
1.0,4573.0,1581.0,1551.0,1030.0,2182.0,479.0,926.0,777.0,519.0,517.0,515.0,527.0,535.0,519.0,1700.0,1268.0,1605.0,479.0,926.0,777.0,519.0,517.0,515.0
1.0,4022.0,1605.0,1551.0,1631.0,2156.0,617.0,671.0,868.0,519.0,517.0,515.0,514.0,545.0,546.0,1597.0,1142.0,1283.0,617.0,671.0,868.0,519.0,517.0,515.0
1.0,4048.0,1554.0,1553.0,2182.0,1536.0,644.0,270.0,622.0,519.0,518.0,516.0,506.0,521.0,527.0,1459.0,1397.0,1192.0,644.0,270.0,622.0,519.0,518.0,516.0
1.0,4676.0,1580.0,1553.0,2156.0,960.0,543.0,135.0,282.0,519.0,518.0,516.0,516.0,536.0,528.0,1432.0,1802.0,1442.0,543.0,135.0,282.0,519.0,518.0,516.0
1.0,5252.0,1627.0,1556.0,1536.0,1063.0,435.0,415.0,213.0,520.0,519.0,517.0,532.0,546.0,549.0,1533.0,1937.0,1782.0,435.0,415.0,213.0,520.0,519.0,517.0
1.0,5161.0,1559.0,1556.0,960.0,1662.0,400.0,807.0,455.0,520.0,519.0,517.0,508.0,527.0,524.0,1645.0,1661.0,1855.0,400.0,807.0,455.0,520.0,519.0,517.0
1.0,4562.0,1598.0,1556.0,1063.0,2197.0,492.0,929.0,776.0,520.0,519.0,517.0,527.0,537.0,534.0,1680.0,1269.0,1613.0,492.0,929.0,776.0,520.0,519.0,517.0
1.0,4027.0,1580.0,1558.0,1662.0,2123.0,606.0,661.0,856.0,520.0,520.0,518.0,514.0,535.0,531.0,1588.0,1147.0,1292.0,606.0,661.0,856.0,520.0,520.0,518.0
1.0,4109.0,1592.0,1559.0,2197.0,1522.0,645.0,268.0,609.0,521.0,520.0,518.0,527.0,536.0,529.0,1474.0,1419.0,1216.0,645.0,268.0,609.0,521.0,520.0,518.0
1.0,4714.0,1534.0,1558.0,2123.0,929.0,536.0,129.0,264.0,520.0,520.0,518.0,501.0,522.0,511.0,1439.0,1812.0,1463.0,536.0,129.0,264.0,520.0,520.0,518.0
1.0,5303.0,1611.0,1560.0,1522.0,1026.0,422.0,407.0,197.0,521.0,521.0,518.0,527.0,542.0,542.0,1544.0,1951.0,1808.0,422.0,407.0,197.0,521.0,521.0,518.0
1.0,5214.0,1540.0,1560.0,929.0,1637.0,395.0,793.0,449.0,521.0,521.0,518.0,509.0,515.0,516.0,1662.0,1677.0,1875.0,395.0,793.0,449.0,521.0,521.0,518.0
1.0,4603.0,1600.0,1561.0,1026.0,2215.0,495.0,924.0,796.0,521.0,521.0,519.0,522.0,538.0,540.0,1689.0,1291.0,1623.0,495.0,924.0,796.0,521.0,521.0,519.0
1.0,4029.0,1568.0,1561.0,1637.0,2146.0,607.0,655.0,884.0,521.0,521.0,519.0,507.0,524.0,537.0,1589.0,1160.0,1280.0,607.0,655.0,884.0,521.0,521.0,519.0
1.0,4098.0,1597.0,1561.0,2215.0,1528.0,641.0,260.0,627.0,521.0,521.0,519.0,529.0,529.0,539.0,1477.0,1429.0,1192.0,641.0,260.0,627.0,521.0,521.0,519.0
1.0,4716.0,1584.0,1562.0,2146.0,970.0,552.0,144.0,274.0,521.0,522.0,519.0,518.0,535.0,531.0,1443.0,1824.0,1449.0,552.0,144.0,274.0,521.0,522.0,519.0
1.0,5278.0,1620.0,1563.0,1528.0,1066.0,457.0,429.0,180.0,521.0,522.0,520.0,546.0,545.0,529.0,1532.0,1944.0,1802.0,457.0,429.0,180.0,521.0,522.0,520.0
1.0,5186.0,1601.0,1563.0,970.0,1697.0,435.0,818.0,444.0,521.0,522.0,520.0,530.0,533.0,538.0,1627.0,1659.0,1900.0,435.0,818.0,444.0,521.0,522.0,520.0
1.0,4555.0,1563.0,1563.0,1066.0,2194.0,498.0,910.0,786.0,521.0,522.0,520.0,520.0,521.0,522.0,1649.0,1270.0,1636.0,498.0,910.0,786.0,521.0,522.0,520.0
1.0,4058.0,1605.0,1564.0,1697.0,2106.0,595.0,623.0,888.0,521.0,522.0,521.0,532.0,531.0,542.0,1586.0,1178.0,1294.0,595.0,623.0,888.0,521.0,522.0,521.0
1.0,4150.0,1627.0,1565.0,2194.0,1543.0,640.0,255.0,648.0,521.0,523.0,521.0,543.0,538.0,546.0,1489.0,1465.0,1196.0,640.0,255.0,648.0,521.0,523.0,521.0
1.0,4717.0,1572.0,1566.0,2106.0,1013.0,568.0,161.0,284.0,521.0,523.0,522.0,523.0,529.0,520.0,1444.0,1837.0,1436.0,568.0,161.0,284.0,521.0,523.0,522.0
1.0,5251.0,1614.0,1566.0,1543.0,1084.0,470.0,441.0,173.0,521.0,523.0,522.0,542.0,535.0,537.0,1516.0,1931.0,1804.0,470.0,441.0,173.0,521.0,523.0,522.0
1.0,5180.0,1607.0,1568.0,1013.0,1686.0,431.0,823.0,432.0,521.0,524.0,523.0,529.0,539.0,539.0,1614.0,1651.0,1915.0,431.0,823.0,432.0,521.0,524.0,523.0
1.0,4586.0,1635.0,1570.0,1084.0,2245.0,505.0,935.0,805.0,522.0,525.0,523.0,540.0,549.0,546.0,1653.0,1273.0,1660.0,505.0,935.0,805.0,522.0,525.0,523.0
1.0,4035.0,1578.0,1571.0,1686.0,2141.0,603.0,642.0,896.0,522.0,525.0,524.0,529.0,530.0,519.0,1583.0,1165.0,1287.0,603.0,642.0,896.0,522.0,525.0,524.0
1.0,4143.0,1591.0,1571.0,2245.0,1487.0,629.0,232.0,626.0,522.0,525.0,524.0,531.0,525.0,535.0,1485.0,1458.0,1200.0,629.0,232.0,626.0,522.0,525.0,524.0
1.0,4797.0,1649.0,1573.0,2141.0,1003.0,585.0,144.0,274.0,523.0,526.0,524.0,555.0,550.0,544.0,1459.0,1868.0,1470.0,585.0,144.0,274.0,523.0,526.0,524.0
1.0,5289.0,1606.0,1574.0,1487.0,1126.0,495.0,445.0,186.0,523.0,526.0,525.0,539.0,533.0,534.0,1507.0,1960.0,1822.0,495.0,445.0,186.0,523.0,526.0,525.0
1.0,5170.0,1581.0,1574.0,1003.0,1704.0,439.0,823.0,442.0,523.0,526.0,525.0,529.0,522.0,530.0,1597.0,1659.0,1914.0,439.0,823.0,442.0,523.0,526.0,525.0
1.0,4592.0,1598.0,1574.0,1126.0,2176.0,474.0,915.0,787.0,523.0,526.0,525.0,530.0,537.0,531.0,1653.0,1281.0,1658.0,474.0,915.0,787.0,523.0,526.0,525.0
1.0,4120.0,1576.0,1574.0,1704.0,2048.0,567.0,606.0,875.0,523.0,526.0,525.0,532.0,514.0,530.0,1618.0,1189.0,1313.0,567.0,606.0,875.0,523.0,526.0,525.0
1.0,4248.0,1589.0,1575.0,2176.0,1465.0,628.0,215.0,622.0,523.0,526.0,526.0,535.0,524.0,530.0,1525.0,1498.0,1225.0,628.0,215.0,622.0,523.0,526.0,526.0
1.0,4835.0,1589.0,1576.0,2048.0,1010.0,603.0,133.0,274.0,524.0,526.0,526.0,538.0,524.0,527.0,1464.0,1889.0,1482.0,603.0,133.0,274.0,524.0,526.0,526.0
1.0,5294.0,1586.0,1578.0,1465.0,1139.0,509.0,446.0,184.0,524.0,527.0,527.0,534.0,524.0,528.0,1493.0,1971.0,1830.0,509.0,446.0,184.0,524.0,527.0,527.0
1.0,5173.0,1653.0,1579.0,1010.0,1786.0,464.0,857.0,465.0,525.0,527.0,527.0,554.0,544.0,555.0,1587.0,1662.0,1924.0,464.0,857.0,465.0,525.0,527.0,527.0
1.0,4530.0,1586.0,1581.0,1139.0,2241.0,492.0,941.0,808.0,525.0,528.0,528.0,537.0,526.0,523.0,1636.0,1251.0,1643.0,492.0,941.0,808.0,525.0,528.0,528.0
1.0,4083.0,1621.0,1582.0,1786.0,2080.0,572.0,627.0,881.0,526.0,528.0,528.0,540.0,543.0,538.0,1608.0,1171.0,1304.0,572.0,627.0,881.0,526.0,528.0,528.0
1.0,4248.0,1553.0,1583.0,2241.0,1396.0,601.0,201.0,594.0,526.0,528.0,529.0,521.0,515.0,517.0,1532.0,1485.0,1231.0,601.0,201.0,594.0,526.0,528.0,529.0
1.0,4936.0,1597.0,1585.0,2080.0,921.0,575.0,104.0,242.0,527.0,529.0,529.0,542.0,526.0,529.0,1503.0,1911.0,1522.0,575.0,104.0,242.0,527.0,529.0,529.0
1.0,5419.0,1575.0,1583.0,1396.0,1092.0,498.0,417.0,177.0,526.0,528.0,529.0,528.0,518.0,529.0,1533.0,2012.0,1874.0,498.0,417.0,177.0,526.0,528.0,529.0
1.0,5240.0,1559.0,1583.0,921.0,1730.0,448.0,834.0,448.0,526.0,528.0,529.0,525.0,521.0,513.0,1606.0,1695.0,1939.0,448.0,834.0,448.0,526.0,528.0,529.0
1.0,4602.0,1605.0,1586.0,1092.0,2255.0,496.0,950.0,809.0,527.0,529.0,530.0,542.0,529.0,534.0,1656.0,1278.0,1668.0,496.0,950.0,809.0,527.0,529.0,530.0
1.0,4089.0,1568.0,1586.0,1730.0,2093.0,578.0,638.0,877.0,527.0,529.0,530.0,530.0,522.0,516.0,1612.0,1166.0,1311.0,578.0,638.0,877.0,527.0,529.0,530.0
1.0,4251.0,1623.0,1588.0,2255.0,1469.0,626.0,239.0,604.0,528.0,530.0,530.0,540.0,547.0,536.0,1530.0,1478.0,1243.0,626.0,239.0,604.0,528.0,530.0,530.0
1.0,4883.0,1566.0,1588.0,2093.0,942.0,583.0,116.0,243.0,528.0,530.0,530.0,535.0,515.0,516.0,1486.0,1881.0,1516.0,583.0,116.0,243.0,528.0,530.0,530.0
1.0,5410.0,1588.0,1588.0,1469.0,1061.0,483.0,408.0,170.0,528.0,530.0,530.0,526.0,531.0,531.0,1529.0,2004.0,1877.0,483.0,408.0,170.0,528.0,530.0,530.0
1.0,5291.0,1567.0,1587.0,942.0,1682.0,422.0,794.0,466.0,528.0,529.0,530.0,522.0,506.0,539.0,1629.0,1712.0,1950.0,422.0,794.0,466.0,528.0,529.0,530.0
1.0,4666.0,1622.0,1589.0,1061.0,2251.0,485.0,928.0,838.0,528.0,530.0,531.0,546.0,538.0,538.0,1690.0,1322.0,1654.0,485.0,928.0,838.0,528.0,530.0,531.0
1.0,4105.0,1586.0,1590.0,1682.0,2159.0,604.0,658.0,897.0,529.0,530.0,531.0,537.0,524.0,525.0,1627.0,1192.0,1286.0,604.0,658.0,897.0,529.0,530.0,531.0
1.0,4201.0,1592.0,1590.0,2251.0,1500.0,646.0,266.0,588.0,529.0,530.0,531.0,527.0,536.0,529.0,1512.0,1462.0,1227.0,646.0,266.0,588.0,529.0,530.0,531.0
1.0,4860.0,1574.0,1591.0,2159.0,919.0,570.0,139.0,210.0,529.0,531.0,531.0,528.0,527.0,519.0,1470.0,1854.0,1536.0,570.0,139.0,210.0,529.0,531.0,531.0
1.0,5445.0,1552.0,1590.0,1500.0,967.0,440.0,386.0,141.0,529.0,530.0,531.0,516.0,517.0,519.0,1546.0,1985.0,1914.0,440.0,386.0,141.0,529.0,530.0,531.0
1.0,5393.0,1521.0,1588.0,919.0,1561.0,384.0,742.0,435.0,529.0,529.0,530.0,514.0,499.0,508.0,1676.0,1734.0,1983.0,384.0,742.0,435.0,529.0,529.0,530.0
1.0,4791.0,1585.0,1589.0,967.0,2183.0,470.0,888.0,825.0,529.0,530.0,530.0,526.0,528.0,531.0,1732.0,1374.0,1685.0,470.0,888.0,825.0,529.0,530.0,530.0
1.0,4173.0,1584.0,1589.0,1561.0,2206.0,619.0,669.0,918.0,530.0,529.0,530.0,529.0,527.0,528.0,1646.0,1232.0,1295.0,619.0,669.0,918.0,530.0,529.0,530.0
1.0,4150.0,1624.0,1589.0,2183.0,1647.0,695.0,327.0,625.0,530.0,529.0,530.0,546.0,546.0,532.0,1501.0,1447.0,1202.0,695.0,327.0,625.0,530.0,529.0,530.0
1.0,4709.0,1629.0,1591.0,2206.0,1078.0,624.0,207.0,247.0,531.0,530.0,530.0,544.0,545.0,540.0,1425.0,1789.0,1495.0,624.0,207.0,247.0,531.0,530.0,530.0
1.0,5286.0,1602.0,1591.0,1647.0,1033.0,465.0,414.0,154.0,531.0,530.0,530.0,536.0,534.0,532.0,1500.0,1913.0,1873.0,465.0,414.0,154.0,531.0,530.0,530.0
1.0,5331.0,1597.0,1591.0,1078.0,1552.0,362.0,749.0,441.0,531.0,530.0,530.0,521.0,542.0,534.0,1659.0,1706.0,1966.0,362.0,749.0,441.0,531.0,530.0,530.0
1.0,4812.0,1606.0,1592.0,1033.0,2129.0,431.0,872.0,826.0,531.0,530.0,531.0,534.0,537.0,535.0,1762.0,1371.0,1679.0,431.0,872.0,826.0,531.0,530.0,531.0
1.0,4239.0,1587.0,1593.0,1552.0,2168.0,597.0,656.0,915.0,532.0,530.0,531.0,524.0,533.0,530.0,1693.0,1248.0,1298.0,597.0,656.0,915.0,532.0,530.0,531.0
1.0,4204.0,1567.0,1592.0,2129.0,1602.0,682.0,299.0,621.0,531.0,530.0,531.0,520.0,515.0,532.0,1531.0,1464.0,1209.0,682.0,299.0,621.0,531.0,530.0,531.0
1.0,4766.0,1570.0,1593.0,2168.0,1008.0,605.0,172.0,231.0,532.0,530.0,531.0,516.0,529.0,525.0,1442.0,1821.0,1503.0,605.0,172.0,231.0,532.0,530.0,531.0
1.0,5364.0,1599.0,1593.0,1602.0,1005.0,457.0,413.0,135.0,532.0,530.0,531.0,534.0,540.0,525.0,1523.0,1948.0,1893.0,457.0,413.0,135.0,532.0,530.0,531.0
1.0,5367.0,1625.0,1593.0,1008.0,1622.0,393.0,783.0,446.0,532.0,530.0,531.0,541.0,542.0,542.0,1671.0,1707.0,1989.0,393.0,783.0,446.0,532.0,530.0,531.0
1.0,4750.0,1646.0,1595.0,1005.0,2271.0,486.0,923.0,862.0,533.0,531.0,531.0,546.0,549.0,551.0,1735.0,1337.0,1678.0,486.0,923.0,862.0,533.0,531.0,531.0
1.0,4109.0,1647.0,1595.0,1622.0,2296.0,641.0,696.0,959.0,533.0,531.0,531.0,548.0,556.0,543.0,1646.0,1201.0,1262.0,641.0,696.0,959.0,533.0,531.0,531.0
1.0,4084.0,1642.0,1595.0,2271.0,1667.0,705.0,321.0,641.0,533.0,531.0,531.0,550.0,548.0,544.0,1491.0,1428.0,1165.0,705.0,321.0,641.0,533.0,531.0,531.0
1.0,4713.0,1583.0,1595.0,2296.0,954.0,587.0,153.0,214.0,533.0,531.0,531.0,523.0,528.0,532.0,1427.0,1803.0,1483.0,587.0,153.0,214.0,533.0,531.0,531.0
1.0,5426.0,1597.0,1596.0,1667.0,888.0,413.0,368.0,107.0,533.0,531.0,532.0,531.0,536.0,530.0,1545.0,1971.0,1910.0,413.0,368.0,107.0,533.0,531.0,532.0
1.0,5496.0,1601.0,1595.0,954.0,1531.0,355.0,759.0,417.0,533.0,531.0,531.0,529.0,544.0,528.0,1719.0,1756.0,2021.0,355.0,759.0,417.0,533.0,531.0,531.0
1.0,4849.0,1631.0,1596.0,888.0,2278.0,484.0,945.0,849.0,533.0,532.0,531.0,542.0,550.0,539.0,1777.0,1365.0,1707.0,484.0,945.0,849.0,533.0,532.0,531.0
1.0,4106.0,1625.0,1598.0,1531.0,2380.0,666.0,732.0,982.0,534.0,532.0,532.0,533.0,546.0,546.0,1648.0,1183.0,1275.0,666.0,732.0,982.0,534.0,532.0,532.0
1.0,4012.0,1636.0,1597.0,2278.0,1734.0,715.0,339.0,680.0,533.0,532.0,532.0,537.0,552.0,547.0,1470.0,1396.0,1146.0,715.0,339.0,680.0,533.0,532.0,532.0
1.0,4654.0,1601.0,1597.0,2380.0,955.0,568.0,146.0,241.0,533.0,532.0,532.0,519.0,539.0,543.0,1417.0,1789.0,1448.0,568.0,146.0,241.0,533.0,532.0,532.0
1.0,5433.0,1672.0,1599.0,1734.0,901.0,410.0,376.0,115.0,534.0,533.0,532.0,553.0,565.0,554.0,1564.0,1982.0,1887.0,410.0,376.0,115.0,534.0,533.0,532.0
1.0,5495.0,1644.0,1600.0,955.0,1594.0,381.0,785.0,428.0,534.0,533.0,533.0,539.0,555.0,550.0,1726.0,1756.0,2013.0,381.0,785.0,428.0,534.0,533.0,533.0
1.0,4806.0,1630.0,1601.0,901.0,2327.0,513.0,959.0,855.0,534.0,534.0,533.0,542.0,546.0,542.0,1755.0,1347.0,1704.0,513.0,959.0,855.0,534.0,534.0,533.0
1.0,4077.0,1652.0,1601.0,1594.0,2385.0,678.0,726.0,981.0,534.0,534.0,533.0,546.0,552.0,554.0,1623.0,1177.0,1277.0,678.0,726.0,981.0,534.0,534.0,533.0
1.0,4019.0,1601.0,1600.0,2327.0,1655.0,704.0,284.0,667.0,534.0,533.0,533.0,539.0,521.0,541.0,1458.0,1410.0,1151.0,704.0,284.0,667.0,534.0,533.0,533.0
1.0,4745.0,1641.0,1601.0,2385.0,915.0,574.0,109.0,232.0,534.0,534.0,533.0,548.0,547.0,546.0,1432.0,1848.0,1465.0,574.0,109.0,232.0,534.0,534.0,533.0
1.0,5489.0,1633.0,1602.0,1655.0,897.0,414.0,368.0,115.0,534.0,534.0,534.0,544.0,543.0,546.0,1562.0,2027.0,1900.0,414.0,368.0,115.0,534.0,534.0,534.0
1.0,5511.0,1612.0,1602.0,915.0,1594.0,377.0,798.0,419.0,534.0,534.0,534.0,537.0,539.0,536.0,1722.0,1768.0,2021.0,377.0,798.0,419.0,534.0,534.0,534.0
1.0,4814.0,1602.0,1602.0,897.0,2299.0,497.0,958.0,844.0,534.0,534.0,534.0,534.0,528.0,540.0,1759.0,1338.0,1717.0,497.0,958.0,844.0,534.0,534.0,534.0
1.0,4109.0,1638.0,1604.0,1594.0,2351.0,676.0,713.0,962.0,535.0,535.0,534.0,552.0,549.0,537.0,1639.0,1178.0,1292.0,676.0,713.0,962.0,535.0,535.0,534.0
1.0,4065.0,1632.0,1604.0,2299.0,1684.0,726.0,295.0,663.0,535.0,535.0,534.0,547.0,540.0,545.0,1464.0,1427.0,1174.0,726.0,295.0,663.0,535.0,535.0,534.0
1.0,4732.0,1661.0,1605.0,2351.0,998.0,603.0,142.0,253.0,535.0,536.0,534.0,553.0,556.0,552.0,1414.0,1845.0,1473.0,603.0,142.0,253.0,535.0,536.0,534.0
1.0,5422.0,1619.0,1606.0,1684.0,937.0,417.0,389.0,131.0,535.0,536.0,535.0,540.0,542.0,537.0,1537.0,2002.0,1883.0,417.0,389.0,131.0,535.0,536.0,535.0
1.0,5487.0,1632.0,1606.0,998.0,1571.0,353.0,792.0,426.0,535.0,536.0,535.0,539.0,545.0,548.0,1723.0,1755.0,2009.0,353.0,792.0,426.0,535.0,536.0,535.0
1.0,4853.0,1645.0,1607.0,937.0,2283.0,492.0,949.0,842.0,536.0,536.0,535.0,552.0,546.0,547.0,1787.0,1352.0,1714.0,492.0,949.0,842.0,536.0,536.0,535.0
1.0,4145.0,1642.0,1609.0,1571.0,2362.0,687.0,703.0,972.0,536.0,537.0,536.0,548.0,542.0,552.0,1652.0,1195.0,1298.0,687.0,703.0,972.0,536.0,537.0,536.0
1.0,4074.0,1655.0,1609.0,2283.0,1734.0,742.0,303.0,689.0,536.0,537.0,536.0,547.0,549.0,559.0,1457.0,1445.0,1172.0,742.0,303.0,689.0,536.0,537.0,536.0
1.0,4702.0,1664.0,1612.0,2362.0,1048.0,615.0,156.0,277.0,537.0,538.0,537.0,556.0,552.0,556.0,1402.0,1845.0,1455.0,615.0,156.0,277.0,537.0,538.0,537.0
1.0,5400.0,1687.0,1613.0,1734.0,1005.0,447.0,404.0,154.0,537.0,538.0,538.0,574.0,551.0,562.0,1533.0,1996.0,1871.0,447.0,404.0,154.0,537.0,538.0,538.0
1.0,5447.0,1642.0,1615.0,1048.0,1607.0,392.0,790.0,425.0,538.0,539.0,538.0,556.0,538.0,548.0,1701.0,1748.0,1998.0,392.0,790.0,425.0,538.0,539.0,538.0
1.0,4853.0,1641.0,1616.0,1005.0,2247.0,497.0,925.0,825.0,538.0,539.0,539.0,552.0,539.0,550.0,1760.0,1366.0,1727.0,497.0,925.0,825.0,538.0,539.0,539.0
1.0,4217.0,1676.0,1617.0,1607.0,2320.0,660.0,690.0,970.0,538.0,539.0,540.0,555.0,555.0,566.0,1655.0,1231.0,1331.0,660.0,690.0,970.0,538.0,539.0,540.0
1.0,4148.0,1650.0,1619.0,2247.0,1731.0,717.0,320.0,694.0,539.0,540.0,540.0,550.0,551.0,549.0,1492.0,1466.0,1190.0,717.0,320.0,694.0,539.0,540.0,540.0
1.0,4745.0,1650.0,1619.0,2320.0,1061.0,607.0,178.0,276.0,539.0,540.0,540.0,550.0,548.0,552.0,1439.0,1840.0,1466.0,607.0,178.0,276.0,539.0,540.0,540.0
1.0,5415.0,1631.0,1621.0,1731.0,969.0,444.0,388.0,137.0,540.0,540.0,541.0,550.0,530.0,551.0,1549.0,1982.0,1884.0,444.0,388.0,137.0,540.0,540.0,541.0
1.0,5515.0,1652.0,1622.0,1061.0,1564.0,397.0,759.0,408.0,540.0,541.0,541.0,560.0,545.0,547.0,1716.0,1772.0,2027.0,397.0,759.0,408.0,540.0,541.0,541.0
1.0,4924.0,1599.0,1621.0,969.0,2190.0,487.0,889.0,814.0,540.0,540.0,541.0,534.0,522.0,543.0,1763.0,1405.0,1756.0,487.0,889.0,814.0,540.0,540.0,541.0
1.0,4294.0,1628.0,1623.0,1564.0,2262.0,633.0,675.0,954.0,540.0,541.0,542.0,543.0,541.0,544.0,1673.0,1271.0,1350.0,633.0,675.0,954.0,540.0,541.0,542.0
1.0,4230.0,1632.0,1624.0,2190.0,1708.0,694.0,319.0,695.0,541.0,541.0,542.0,544.0,533.0,555.0,1527.0,1489.0,1214.0,694.0,319.0,695.0,541.0,541.0,542.0
1.0,4788.0,1616.0,1626.0,2262.0,1070.0,603.0,189.0,278.0,541.0,542.0,543.0,542.0,541.0,533.0,1470.0,1845.0,1473.0,603.0,189.0,278.0,541.0,542.0,543.0
1.0,5434.0,1633.0,1627.0,1708.0,999.0,449.0,422.0,128.0,542.0,542.0,543.0,536.0,552.0,545.0,1561.0,1979.0,1894.0,449.0,422.0,128.0,542.0,542.0,543.0
1.0,5509.0,1576.0,1627.0,1070.0,1505.0,370.0,756.0,379.0,542.0,542.0,543.0,524.0,523.0,529.0,1719.0,1746.0,2044.0,370.0,756.0,379.0,542.0,542.0,543.0
1.0,5003.0,1644.0,1627.0,999.0,2150.0,453.0,885.0,812.0,541.0,542.0,544.0,536.0,551.0,557.0,1798.0,1412.0,1793.0,453.0,885.0,812.0,541.0,542.0,544.0
1.0,4358.0,1628.0,1627.0,1505.0,2273.0,629.0,670.0,974.0,541.0,542.0,544.0,546.0,541.0,541.0,1711.0,1283.0,1364.0,629.0,670.0,974.0,541.0,542.0,544.0
1.0,4235.0,1607.0,1627.0,2150.0,1730.0,702.0,324.0,704.0,541.0,542.0,544.0,526.0,539.0,542.0,1535.0,1498.0,1202.0,702.0,324.0,704.0,541.0,542.0,544.0
1.0,4778.0,1622.0,1628.0,2273.0,1083.0,616.0,192.0,275.0,542.0,542.0,544.0,539.0,538.0,545.0,1462.0,1844.0,1472.0,616.0,192.0,275.0,542.0,542.0,544.0
1.0,5429.0,1635.0,1628.0,1730.0,988.0,447.0,415.0,126.0,542.0,542.0,544.0,533.0,547.0,555.0,1552.0,1976.0,1901.0,447.0,415.0,126.0,542.0,542.0,544.0
1.0,5524.0,1655.0,1630.0,1083.0,1568.0,390.0,770.0,408.0,542.0,543.0,545.0,559.0,543.0,553.0,1721.0,1753.0,2050.0,390.0,770.0,408.0,542.0,543.0,545.0
1.0,4952.0,1627.0,1631.0,988.0,2211.0,485.0,896.0,830.0,543.0,543.0,545.0,538.0,541.0,548.0,1778.0,1402.0,1772.0,485.0,896.0,830.0,543.0,543.0,545.0
1.0,4313.0,1622.0,1632.0,1568.0,2269.0,625.0,671.0,973.0,543.0,543.0,546.0,530.0,545.0,547.0,1687.0,1276.0,1350.0,625.0,671.0,973.0,543.0,543.0,546.0
1.0,4259.0,1620.0,1633.0,2211.0,1682.0,676.0,324.0,682.0,543.0,544.0,546.0,536.0,545.0,539.0,1547.0,1501.0,1211.0,676.0,324.0,682.0,543.0,544.0,546.0
1.0,4850.0,1649.0,1633.0,2269.0,1062.0,597.0,201.0,264.0,543.0,544.0,546.0,546.0,548.0,555.0,1496.0,1852.0,1502.0,597.0,201.0,264.0,543.0,544.0,546.0
1.0,5470.0,1637.0,1633.0,1682.0,1017.0,477.0,417.0,123.0,543.0,544.0,546.0,556.0,540.0,541.0,1575.0,1975.0,1920.0,477.0,417.0,123.0,543.0,544.0,546.0
1.0,5515.0,1608.0,1632.0,1062.0,1559.0,418.0,749.0,392.0,543.0,543.0,546.0,538.0,537.0,533.0,1695.0,1759.0,2061.0,418.0,749.0,392.0,543.0,543.0,546.0
1.0,4969.0,1652.0,1632.0,1017.0,2194.0,496.0,878.0,820.0,543.0,543.0,546.0,555.0,546.0,551.0,1754.0,1423.0,1792.0,496.0,878.0,820.0,543.0,543.0,546.0
1.0,4334.0,1643.0,1633.0,1559.0,2282.0,622.0,681.0,979.0,543.0,544.0,546.0,544.0,548.0,551.0,1676.0,1294.0,1364.0,622.0,681.0,979.0,543.0,544.0,546.0
1.0,4250.0,1657.0,1635.0,2194.0,1753.0,683.0,359.0,711.0,544.0,544.0,547.0,553.0,556.0,548.0,1550.0,1495.0,1205.0,683.0,359.0,711.0,544.0,544.0,547.0
1.0,4787.0,1670.0,1635.0,2282.0,1141.0,616.0,232.0,293.0,544.0,544.0,547.0,555.0,554.0,561.0,1493.0,1817.0,1477.0,616.0,232.0,293.0,544.0,544.0,547.0
1.0,5399.0,1611.0,1635.0,1753.0,999.0,473.0,410.0,116.0,544.0,544.0,547.0,540.0,537.0,534.0,1560.0,1944.0,1895.0,473.0,410.0,116.0,544.0,544.0,547.0
1.0,5541.0,1654.0,1636.0,1141.0,1516.0,410.0,728.0,378.0,545.0,544.0,547.0,549.0,550.0,555.0,1703.0,1766.0,2072.0,410.0,728.0,378.0,545.0,544.0,547.0
1.0,5028.0,1679.0,1637.0,999.0,2200.0,487.0,882.0,831.0,545.0,544.0,548.0,550.0,564.0,565.0,1770.0,1448.0,1810.0,487.0,882.0,831.0,545.0,544.0,548.0
1.0,4348.0,1639.0,1637.0,1516.0,2323.0,622.0,697.0,1004.0,545.0,544.0,548.0,545.0,543.0,551.0,1693.0,1294.0,1361.0,622.0,697.0,1004.0,545.0,544.0,548.0
1.0,4225.0,1675.0,1637.0,2200.0,1798.0,687.0,378.0,733.0,545.0,544.0,548.0,552.0,563.0,560.0,1558.0,1479.0,1188.0,687.0,378.0,733.0,545.0,544.0,548.0
1.0,4750.0,1622.0,1637.0,2323.0,1097.0,610.0,217.0,270.0,545.0,544.0,548.0,545.0,536.0,541.0,1493.0,1798.0,1459.0,610.0,217.0,270.0,545.0,544.0,548.0
1.0,5451.0,1621.0,1637.0,1798.0,920.0,465.0,383.0,72.0,545.0,544.0,548.0,542.0,544.0,535.0,1570.0,1959.0,1922.0,465.0,383.0,72.0,545.0,544.0,548.0
1.0,5628.0,1641.0,1637.0,1097.0,1464.0,410.0,718.0,336.0,546.0,544.0,547.0,551.0,552.0,538.0,1715.0,1793.0,2120.0,410.0,718.0,336.0,546.0,544.0,547.0
1.0,5084.0,1695.0,1639.0,920.0,2247.0,508.0,912.0,827.0,546.0,545.0,548.0,563.0,573.0,559.0,1774.0,1458.0,1852.0,508.0,912.0,827.0,546.0,545.0,548.0
1.0,4309.0,1656.0,1639.0,1464.0,2439.0,645.0,751.0,1043.0,546.0,545.0,548.0,547.0,557.0,552.0,1676.0,1268.0,1365.0,645.0,751.0,1043.0,546.0,545.0,548.0
1.0,4117.0,1658.0,1639.0,2247.0,1850.0,692.0,395.0,763.0,546.0,545.0,548.0,555.0,556.0,547.0,1539.0,1429.0,1149.0,692.0,395.0,763.0,546.0,545.0,548.0
1.0,4706.0,1671.0,1640.0,2439.0,1086.0,614.0,197.0,275.0,547.0,545.0,548.0,563.0,553.0,555.0,1492.0,1785.0,1429.0,614.0,197.0,275.0,547.0,545.0,548.0
1.0,5474.0,1640.0,1641.0,1850.0,880.0,466.0,360.0,54.0,547.0,546.0,548.0,544.0,554.0,542.0,1574.0,1983.0,1917.0,466.0,360.0,54.0,547.0,546.0,548.0
1.0,5684.0,1710.0,1642.0,1086.0,1508.0,425.0,733.0,350.0,547.0,546.0,549.0,573.0,570.0,567.0,1722.0,1824.0,2138.0,425.0,733.0,350.0,547.0,546.0,549.0
1.0,5060.0,1655.0,1644.0,880.0,2291.0,522.0,926.0,843.0,548.0,547.0,549.0,559.0,549.0,547.0,1763.0,1451.0,1846.0,522.0,926.0,843.0,548.0,547.0,549.0
1.0,4285.0,1676.0,1644.0,1508.0,2459.0,652.0,765.0,1042.0,548.0,547.0,549.0,555.0,572.0,549.0,1670.0,1262.0,1353.0,652.0,765.0,1042.0,548.0,547.0,549.0
1.0,4117.0,1625.0,1644.0,2291.0,1793.0,674.0,385.0,734.0,548.0,547.0,549.0,544.0,546.0,535.0,1540.0,1423.0,1154.0,674.0,385.0,734.0,548.0,547.0,549.0
1.0,4783.0,1626.0,1643.0,2459.0,956.0,568.0,166.0,222.0,548.0,547.0,548.0,546.0,546.0,534.0,1518.0,1803.0,1462.0,568.0,166.0,222.0,548.0,547.0,548.0
1.0,5616.0,1643.0,1644.0,1793.0,810.0,443.0,323.0,44.0,548.0,547.0,549.0,549.0,542.0,552.0,1624.0,2022.0,1970.0,443.0,323.0,44.0,548.0,547.0,549.0
1.0,5766.0,1690.0,1644.0,956.0,1544.0,438.0,722.0,384.0,548.0,547.0,549.0,563.0,565.0,562.0,1749.0,1865.0,2152.0,438.0,722.0,384.0,548.0,547.0,549.0
1.0,5032.0,1658.0,1644.0,810.0,2392.0,550.0,953.0,889.0,548.0,547.0,549.0,555.0,554.0,549.0,1754.0,1466.0,1812.0,550.0,953.0,889.0,548.0,547.0,549.0
1.0,4184.0,1661.0,1644.0,1544.0,2509.0,665.0,795.0,1049.0,548.0,548.0,548.0,553.0,560.0,548.0,1642.0,1235.0,1307.0,665.0,795.0,1049.0,548.0,548.0,548.0
1.0,4067.0,1698.0,1644.0,2392.0,1815.0,683.0,412.0,720.0,548.0,548.0,548.0,568.0,570.0,560.0,1527.0,1397.0,1143.0,683.0,412.0,720.0,548.0,548.0,548.0
1.0,4761.0,1703.0,1645.0,2509.0,1013.0,592.0,181.0,240.0,548.0,548.0,549.0,574.0,564.0,565.0,1509.0,1780.0,1472.0,592.0,181.0,240.0,548.0,548.0,549.0
1.0,5567.0,1668.0,1646.0,1815.0,870.0,464.0,325.0,81.0,548.0,549.0,549.0,555.0,552.0,561.0,1600.0,2011.0,1956.0,464.0,325.0,81.0,548.0,549.0,549.0
1.0,5714.0,1704.0,1647.0,1013.0,1565.0,441.0,713.0,411.0,549.0,549.0,549.0,565.0,569.0,570.0,1728.0,1871.0,2115.0,441.0,713.0,411.0,549.0,549.0,549.0
1.0,5023.0,1651.0,1647.0,870.0,2346.0,524.0,942.0,880.0,549.0,549.0,549.0,547.0,554.0,550.0,1755.0,1483.0,1785.0,524.0,942.0,880.0,549.0,549.0,549.0
1.0,4242.0,1650.0,1647.0,1565.0,2431.0,636.0,778.0,1017.0,549.0,549.0,549.0,553.0,549.0,548.0,1672.0,1254.0,1316.0,636.0,778.0,1017.0,549.0,549.0,549.0
1.0,4157.0,1701.0,1648.0,2346.0,1790.0,682.0,409.0,699.0,549.0,550.0,549.0,570.0,569.0,562.0,1560.0,1418.0,1179.0,682.0,409.0,699.0,549.0,550.0,549.0
1.0,4802.0,1665.0,1648.0,2431.0,1024.0,611.0,181.0,232.0,549.0,550.0,549.0,565.0,550.0,550.0,1514.0,1791.0,1497.0,611.0,181.0,232.0,549.0,550.0,549.0
1.0,5568.0,1698.0,1651.0,1790.0,944.0,503.0,344.0,97.0,550.0,551.0,550.0,570.0,568.0,560.0,1585.0,2019.0,1964.0,503.0,344.0,97.0,550.0,551.0,550.0
1.0,5660.0,1629.0,1651.0,1024.0,1549.0,434.0,704.0,411.0,550.0,551.0,550.0,542.0,541.0,546.0,1697.0,1860.0,2103.0,434.0,704.0,411.0,550.0,551.0,550.0
1.0,5055.0,1683.0,1651.0,944.0,2288.0,497.0,919.0,872.0,550.0,551.0,550.0,566.0,559.0,558.0,1766.0,1500.0,1789.0,497.0,919.0,872.0,550.0,551.0,550.0
1.0,4316.0,1689.0,1653.0,1549.0,2436.0,633.0,772.0,1031.0,551.0,552.0,550.0,566.0,553.0,570.0,1703.0,1285.0,1328.0,633.0,772.0,1031.0,551.0,552.0,550.0
1.0,4176.0,1703.0,1654.0,2288.0,1855.0,714.0,411.0,730.0,551.0,552.0,551.0,578.0,558.0,567.0,1571.0,1436.0,1169.0,714.0,411.0,730.0,551.0,552.0,551.0
1.0,4761.0,1710.0,1656.0,2436.0,1137.0,660.0,201.0,276.0,552.0,552.0,552.0,575.0,562.0,573.0,1490.0,1797.0,1474.0,660.0,201.0,276.0,552.0,552.0,552.0
1.0,5487.0,1685.0,1658.0,1855.0,975.0,517.0,355.0,103.0,553.0,553.0,552.0,567.0,561.0,557.0,1548.0,2007.0,1932.0,517.0,355.0,103.0,553.0,553.0,552.0
1.0,5657.0,1686.0,1659.0,1137.0,1528.0,431.0,711.0,386.0,554.0,553.0,552.0,570.0,557.0,559.0,1695.0,1857.0,2105.0,431.0,711.0,386.0,554.0,553.0,552.0
1.0,5108.0,1712.0,1661.0,975.0,2273.0,480.0,934.0,859.0,554.0,554.0,553.0,566.0,574.0,572.0,1785.0,1501.0,1822.0,480.0,934.0,859.0,554.0,554.0,553.0
1.0,4371.0,1702.0,1662.0,1528.0,2451.0,618.0,793.0,1040.0,555.0,554.0,553.0,565.0,570.0,567.0,1736.0,1282.0,1353.0,618.0,793.0,1040.0,555.0,554.0,553.0
1.0,4197.0,1654.0,1662.0,2273.0,1832.0,680.0,406.0,746.0,555.0,554.0,553.0,542.0,547.0,565.0,1602.0,1423.0,1172.0,680.0,406.0,746.0,555.0,554.0,553.0
1.0,4816.0,1660.0,1662.0,2451.0,1041.0,612.0,164.0,265.0,555.0,554.0,553.0,550.0,551.0,559.0,1540.0,1810.0,1466.0,612.0,164.0,265.0,555.0,554.0,553.0
1.0,5607.0,1683.0,1664.0,1832.0,900.0,486.0,317.0,97.0,555.0,555.0,554.0,554.0,555.0,574.0,1608.0,2052.0,1947.0,486.0,317.0,97.0,555.0,555.0,554.0
1.0,5756.0,1675.0,1665.0,1041.0,1538.0,433.0,705.0,400.0,556.0,555.0,554.0,555.0,552.0,568.0,1734.0,1903.0,2119.0,433.0,705.0,400.0,556.0,555.0,554.0
1.0,5122.0,1699.0,1666.0,900.0,2341.0,509.0,954.0,878.0,556.0,555.0,555.0,562.0,566.0,571.0,1791.0,1515.0,1816.0,509.0,954.0,878.0,556.0,555.0,555.0
1.0,4323.0,1706.0,1666.0,1538.0,2509.0,640.0,811.0,1058.0,556.0,555.0,555.0,564.0,562.0,580.0,1715.0,1266.0,1342.0,640.0,811.0,1058.0,556.0,555.0,555.0
1.0,4155.0,1707.0,1669.0,2341.0,1887.0,702.0,422.0,763.0,557.0,556.0,556.0,567.0,561.0,579.0,1584.0,1409.0,1162.0,702.0,422.0,763.0,557.0,556.0,556.0
1.0,4789.0,1678.0,1670.0,2509.0,1060.0,618.0,168.0,274.0,557.0,556.0,557.0,556.0,557.0,565.0,1526.0,1802.0,1461.0,618.0,168.0,274.0,557.0,556.0,557.0
1.0,5620.0,1684.0,1670.0,1887.0,857.0,471.0,302.0,84.0,557.0,556.0,557.0,555.0,556.0,573.0,1610.0,2056.0,1954.0,471.0,302.0,84.0,557.0,556.0,557.0
1.0,5823.0,1666.0,1670.0,1060.0,1463.0,406.0,682.0,375.0,557.0,556.0,557.0,553.0,548.0,565.0,1757.0,1922.0,2144.0,406.0,682.0,375.0,557.0,556.0,557.0
1.0,5217.0,1666.0,1671.0,857.0,2276.0,487.0,928.0,861.0,557.0,556.0,558.0,552.0,548.0,566.0,1822.0,1542.0,1853.0,487.0,928.0,861.0,557.0,556.0,558.0
1.0,4408.0,1702.0,1672.0,1463.0,2519.0,647.0,821.0,1051.0,557.0,557.0,558.0,566.0,571.0,565.0,1741.0,1296.0,1371.0,647.0,821.0,1051.0,557.0,557.0,558.0
1.0,4169.0,1708.0,1674.0,2276.0,1959.0,736.0,450.0,773.0,558.0,557.0,559.0,572.0,557.0,579.0,1581.0,1407.0,1181.0,736.0,450.0,773.0,558.0,557.0,559.0
1.0,4737.0,1682.0,1674.0,2519.0,1122.0,653.0,186.0,283.0,558.0,557.0,559.0,564.0,557.0,561.0,1496.0,1778.0,1463.0,653.0,186.0,283.0,558.0,557.0,559.0
1.0,5574.0,1633.0,1673.0,1959.0,792.0,454.0,283.0,55.0,558.0,557.0,558.0,537.0,547.0,549.0,1579.0,2042.0,1953.0,454.0,283.0,55.0,558.0,557.0,558.0
1.0,5900.0,1629.0,1673.0,1122.0,1299.0,337.0,647.0,315.0,558.0,557.0,558.0,536.0,550.0,543.0,1778.0,1945.0,2177.0,337.0,647.0,315.0,558.0,557.0,558.0
1.0,5393.0,1657.0,1673.0,792.0,2164.0,429.0,911.0,824.0,558.0,557.0,558.0,546.0,547.0,564.0,1895.0,1581.0,1917.0,429.0,911.0,824.0,558.0,557.0,558.0
1.0,4528.0,1694.0,1674.0,1299.0,2563.0,652.0,824.0,1087.0,558.0,557.0,559.0,560.0,560.0,574.0,1803.0,1317.0,1408.0,652.0,824.0,1087.0,558.0,557.0,559.0
1.0,4133.0,1704.0,1675.0,2164.0,2107.0,786.0,480.0,841.0,558.0,557.0,560.0,563.0,567.0,574.0,1580.0,1404.0,1149.0,786.0,480.0,841.0,558.0,557.0,560.0
1.0,4593.0,1678.0,1677.0,2563.0,1230.0,697.0,216.0,317.0,559.0,558.0,560.0,559.0,556.0,563.0,1446.0,1748.0,1399.0,697.0,216.0,317.0,559.0,558.0,560.0
1.0,5478.0,1635.0,1675.0,2107.0,750.0,452.0,275.0,23.0,558.0,557.0,560.0,545.0,543.0,547.0,1539.0,2016.0,1923.0,452.0,275.0,23.0,558.0,557.0,560.0
1.0,5950.0,1669.0,1675.0,1230.0,1189.0,307.0,614.0,268.0,558.0,557.0,560.0,552.0,555.0,562.0,1780.0,1953.0,2217.0,307.0,614.0,268.0,558.0,557.0,560.0
1.0,5511.0,1650.0,1675.0,750.0,2089.0,406.0,887.0,796.0,558.0,557.0,560.0,551.0,548.0,551.0,1925.0,1614.0,1972.0,406.0,887.0,796.0,558.0,557.0,560.0
1.0,4611.0,1677.0,1675.0,1189.0,2577.0,648.0,837.0,1092.0,558.0,557.0,560.0,549.0,564.0,564.0,1826.0,1341.0,1444.0,648.0,837.0,1092.0,558.0,557.0,560.0
1.0,4123.0,1677.0,1676.0,2089.0,2169.0,801.0,513.0,855.0,558.0,557.0,561.0,559.0,563.0,555.0,1584.0,1391.0,1148.0,801.0,513.0,855.0,558.0,557.0,561.0
1.0,4535.0,1660.0,1676.0,2577.0,1252.0,698.0,226.0,328.0,558.0,557.0,561.0,545.0,550.0,565.0,1431.0,1715.0,1389.0,698.0,226.0,328.0,558.0,557.0,561.0
1.0,5452.0,1695.0,1676.0,2169.0,778.0,457.0,281.0,40.0,558.0,557.0,561.0,560.0,568.0,567.0,1534.0,2002.0,1916.0,457.0,281.0,40.0,558.0,557.0,561.0
1.0,5926.0,1734.0,1677.0,1252.0,1264.0,326.0,639.0,299.0,558.0,557.0,562.0,567.0,584.0,583.0,1775.0,1947.0,2204.0,326.0,639.0,299.0,558.0,557.0,562.0
1.0,5444.0,1665.0,1677.0,778.0,2151.0,428.0,908.0,815.0,558.0,557.0,562.0,559.0,550.0,556.0,1906.0,1589.0,1949.0,428.0,908.0,815.0,558.0,557.0,562.0
1.0,4557.0,1689.0,1679.0,1264.0,2584.0,659.0,845.0,1080.0,558.0,558.0,563.0,557.0,572.0,560.0,1804.0,1320.0,1433.0,659.0,845.0,1080.0,558.0,558.0,563.0
1.0,4132.0,1706.0,1680.0,2151.0,2143.0,801.0,507.0,835.0,559.0,558.0,563.0,566.0,570.0,570.0,1573.0,1387.0,1172.0,801.0,507.0,835.0,559.0,558.0,563.0
1.0,4577.0,1681.0,1680.0,2584.0,1240.0,699.0,224.0,317.0,559.0,558.0,563.0,557.0,562.0,562.0,1435.0,1725.0,1417.0,699.0,224.0,317.0,559.0,558.0,563.0
1.0,5480.0,1658.0,1681.0,2143.0,759.0,450.0,282.0,27.0,559.0,559.0,563.0,552.0,561.0,545.0,1537.0,2008.0,1935.0,450.0,282.0,27.0,559.0,559.0,563.0
1.0,5965.0,1674.0,1681.0,1240.0,1193.0,307.0,619.0,267.0,559.0,559.0,563.0,556.0,561.0,557.0,1786.0,1954.0,2225.0,307.0,619.0,267.0,559.0,559.0,563.0
1.0,5531.0,1700.0,1681.0,759.0,2134.0,426.0,907.0,801.0,559.0,559.0,563.0,569.0,570.0,561.0,1929.0,1617.0,1985.0,426.0,907.0,801.0,559.0,559.0,563.0
1.0,4590.0,1707.0,1681.0,1193.0,2648.0,689.0,861.0,1098.0,559.0,559.0,563.0,570.0,573.0,564.0,1810.0,1329.0,1451.0,689.0,861.0,1098.0,559.0,559.0,563.0
1.0,4076.0,1688.0,1681.0,2134.0,2202.0,824.0,516.0,862.0,559.0,559.0,563.0,561.0,562.0,565.0,1547.0,1375.0,1154.0,824.0,516.0,862.0,559.0,559.0,563.0
1.0,4522.0,1675.0,1681.0,2648.0,1229.0,697.0,218.0,314.0,559.0,559.0,563.0,562.0,563.0,550.0,1412.0,1720.0,1390.0,697.0,218.0,314.0,559.0,559.0,563.0
1.0,5495.0,1691.0,1681.0,2202.0,718.0,447.0,263.0,8.0,559.0,559.0,563.0,574.0,561.0,556.0,1539.0,2018.0,1938.0,447.0,263.0,8.0,559.0,559.0,563.0
1.0,6006.0,1682.0,1681.0,1229.0,1171.0,318.0,609.0,244.0,559.0,559.0,563.0,568.0,564.0,550.0,1789.0,1973.0,2244.0,318.0,609.0,244.0,559.0,559.0,563.0
1.0,5553.0,1715.0,1682.0,718.0,2172.0,450.0,918.0,804.0,560.0,559.0,563.0,575.0,572.0,568.0,1918.0,1627.0,2008.0,450.0,918.0,804.0,560.0,559.0,563.0
1.0,4556.0,1671.0,1682.0,1171.0,2672.0,683.0,881.0,1108.0,559.0,560.0,563.0,555.0,568.0,548.0,1790.0,1318.0,1448.0,683.0,881.0,1108.0,559.0,560.0,563.0
1.0,4056.0,1714.0,1682.0,2172.0,2214.0,806.0,536.0,872.0,559.0,560.0,563.0,573.0,573.0,568.0,1553.0,1359.0,1144.0,806.0,536.0,872.0,559.0,560.0,563.0
1.0,4514.0,1677.0,1683.0,2672.0,1223.0,682.0,230.0,311.0,560.0,560.0,563.0,555.0,575.0,547.0,1430.0,1704.0,1380.0,682.0,230.0,311.0,560.0,560.0,563.0
1.0,5509.0,1701.0,1684.0,2214.0,714.0,434.0,272.0,8.0,560.0,561.0,563.0,558.0,574.0,569.0,1558.0,2010.0,1941.0,434.0,272.0,8.0,560.0,561.0,563.0
1.0,6022.0,1681.0,1683.0,1223.0,1168.0,308.0,608.0,252.0,559.0,561.0,563.0,560.0,566.0,555.0,1806.0,1972.0,2244.0,308.0,608.0,252.0,559.0,561.0,563.0
1.0,5564.0,1703.0,1683.0,714.0,2157.0,446.0,902.0,809.0,559.0,561.0,563.0,572.0,566.0,565.0,1928.0,1636.0,2000.0,446.0,902.0,809.0,559.0,561.0,563.0
1.0,4575.0,1712.0,1684.0,1168.0,2705.0,706.0,882.0,1117.0,559.0,562.0,563.0,568.0,584.0,560.0,1790.0,1342.0,1443.0,706.0,882.0,1117.0,559.0,562.0,563.0
1.0,4031.0,1708.0,1684.0,2157.0,2256.0,829.0,552.0,875.0,559.0,562.0,563.0,569.0,572.0,567.0,1530.0,1366.0,1135.0,829.0,552.0,875.0,559.0,562.0,563.0
1.0,4480.0,1742.0,1684.0,2705.0,1293.0,704.0,253.0,336.0,559.0,562.0,563.0,581.0,583.0,578.0,1407.0,1696.0,1377.0,704.0,253.0,336.0,559.0,562.0,563.0
1.0,5443.0,1689.0,1684.0,2256.0,726.0,437.0,273.0,16.0,559.0,562.0,563.0,562.0,572.0,555.0,1532.0,1995.0,1916.0,437.0,273.0,16.0,559.0,562.0,563.0
1.0,6010.0,1704.0,1684.0,1293.0,1137.0,306.0,594.0,237.0,559.0,562.0,563.0,573.0,574.0,557.0,1799.0,1975.0,2236.0,306.0,594.0,237.0,559.0,562.0,563.0
1.0,5599.0,1746.0,1686.0,726.0,2165.0,455.0,910.0,800.0,560.0,563.0,563.0,582.0,585.0,579.0,1930.0,1654.0,2015.0,455.0,910.0,800.0,560.0,563.0,563.0
1.0,4579.0,1691.0,1686.0,1137.0,2719.0,711.0,886.0,1122.0,560.0,563.0,563.0,562.0,570.0,559.0,1785.0,1342.0,1452.0,711.0,886.0,1122.0,560.0,563.0,563.0
1.0,4025.0,1704.0,1688.0,2165.0,2266.0,835.0,542.0,889.0,561.0,564.0,563.0,575.0,562.0,567.0,1529.0,1366.0,1130.0,835.0,542.0,889.0,561.0,564.0,563.0
1.0,4486.0,1711.0,1688.0,2719.0,1258.0,687.0,233.0,338.0,561.0,564.0,563.0,563.0,577.0,571.0,1409.0,1714.0,1363.0,687.0,233.0,338.0,561.0,564.0,563.0
1.0,5494.0,1749.0,1689.0,2266.0,745.0,444.0,273.0,28.0,562.0,564.0,563.0,588.0,582.0,579.0,1557.0,2023.0,1914.0,444.0,273.0,28.0,562.0,564.0,563.0
1.0,6011.0,1706.0,1690.0,1258.0,1197.0,326.0,618.0,253.0,562.0,565.0,563.0,569.0,574.0,563.0,1804.0,1983.0,2224.0,326.0,618.0,253.0,562.0,565.0,563.0
1.0,5563.0,1745.0,1690.0,745.0,2197.0,472.0,929.0,796.0,562.0,565.0,563.0,590.0,584.0,571.0,1922.0,1642.0,1999.0,472.0,929.0,796.0,562.0,565.0,563.0
1.0,4563.0,1742.0,1691.0,1197.0,2746.0,729.0,894.0,1123.0,563.0,565.0,563.0,579.0,583.0,580.0,1776.0,1331.0,1456.0,729.0,894.0,1123.0,563.0,565.0,563.0
1.0,4018.0,1694.0,1692.0,2197.0,2247.0,814.0,538.0,895.0,563.0,566.0,563.0,557.0,569.0,568.0,1523.0,1366.0,1129.0,814.0,538.0,895.0,563.0,566.0,563.0
1.0,4521.0,1677.0,1692.0,2746.0,1178.0,642.0,208.0,328.0,563.0,566.0,563.0,557.0,564.0,556.0,1438.0,1726.0,1357.0,642.0,208.0,328.0,563.0,566.0,563.0
1.0,5590.0,1745.0,1693.0,2247.0,680.0,409.0,263.0,8.0,563.0,567.0,563.0,581.0,589.0,575.0,1610.0,2056.0,1924.0,409.0,263.0,8.0,563.0,567.0,563.0
1.0,6092.0,1698.0,1693.0,1178.0,1200.0,327.0,628.0,245.0,563.0,567.0,563.0,560.0,573.0,565.0,1843.0,2005.0,2244.0,327.0,628.0,245.0,563.0,567.0,563.0
1.0,5572.0,1708.0,1693.0,680.0,2228.0,482.0,938.0,808.0,563.0,567.0,563.0,564.0,573.0,571.0,1925.0,1640.0,2007.0,482.0,938.0,808.0,563.0,567.0,563.0
1.0,4544.0,1710.0,1693.0,1200.0,2738.0,717.0,875.0,1146.0,563.0,567.0,563.0,562.0,565.0,583.0,1770.0,1330.0,1444.0,717.0,875.0,1146.0,563.0,567.0,563.0
1.0,4034.0,1688.0,1694.0,2228.0,2202.0,790.0,508.0,904.0,563.0,568.0,563.0,555.0,567.0,566.0,1535.0,1393.0,1106.0,790.0,508.0,904.0,563.0,568.0,563.0
1.0,4574.0,1714.0,1696.0,2738.0,1186.0,649.0,211.0,326.0,564.0,568.0,564.0,572.0,578.0,564.0,1462.0,1764.0,1348.0,649.0,211.0,326.0,564.0,568.0,564.0
1.0,5598.0,1731.0,1698.0,2202.0,723.0,440.0,283.0,0.0,565.0,569.0,564.0,577.0,576.0,578.0,1607.0,2061.0,1930.0,440.0,283.0,0.0,565.0,569.0,564.0
1.0,6069.0,1725.0,1698.0,1186.0,1262.0,367.0,644.0,251.0,565.0,569.0,564.0,576.0,572.0,577.0,1820.0,1993.0,2256.0,367.0,644.0,251.0,565.0,569.0,564.0
1.0,5530.0,1715.0,1698.0,723.0,2254.0,491.0,936.0,827.0,565.0,569.0,564.0,564.0,575.0,576.0,1893.0,1632.0,2005.0,491.0,936.0,827.0,565.0,569.0,564.0
1.0,4538.0,1750.0,1700.0,1262.0,2750.0,710.0,874.0,1166.0,565.0,570.0,565.0,586.0,578.0,586.0,1769.0,1340.0,1429.0,710.0,874.0,1166.0,565.0,570.0,565.0
1.0,4050.0,1723.0,1701.0,2254.0,2223.0,791.0,509.0,923.0,566.0,570.0,565.0,568.0,571.0,584.0,1550.0,1406.0,1094.0,791.0,509.0,923.0,566.0,570.0,565.0
1.0,4581.0,1722.0,1702.0,2750.0,1199.0,659.0,202.0,338.0,566.0,570.0,566.0,578.0,567.0,577.0,1473.0,1771.0,1337.0,659.0,202.0,338.0,566.0,570.0,566.0
1.0,5609.0,1753.0,1704.0,2223.0,741.0,457.0,284.0,0.0,567.0,571.0,566.0,585.0,587.0,581.0,1605.0,2078.0,1926.0,457.0,284.0,0.0,567.0,571.0,566.0
1.0,6079.0,1743.0,1706.0,1199.0,1289.0,387.0,653.0,249.0,568.0,571.0,567.0,585.0,571.0,587.0,1811.0,2000.0,2268.0,387.0,653.0,249.0,568.0,571.0,567.0
1.0,5535.0,1701.0,1706.0,741.0,2249.0,489.0,927.0,833.0,568.0,571.0,567.0,559.0,558.0,584.0,1885.0,1631.0,2019.0,489.0,927.0,833.0,568.0,571.0,567.0
1.0,4575.0,1682.0,1706.0,1289.0,2642.0,653.0,839.0,1150.0,568.0,571.0,567.0,551.0,565.0,566.0,1783.0,1357.0,1435.0,653.0,839.0,1150.0,568.0,571.0,567.0
1.0,4182.0,1710.0,1707.0,2249.0,2107.0,731.0,473.0,903.0,568.0,571.0,568.0,567.0,561.0,582.0,1619.0,1445.0,1118.0,731.0,473.0,903.0,568.0,571.0,568.0
1.0,4721.0,1728.0,1707.0,2642.0,1193.0,651.0,207.0,335.0,568.0,571.0,568.0,573.0,573.0,582.0,1541.0,1811.0,1369.0,651.0,207.0,335.0,568.0,571.0,568.0
1.0,5635.0,1748.0,1708.0,2107.0,838.0,498.0,312.0,28.0,568.0,572.0,568.0,578.0,574.0,596.0,1621.0,2077.0,1937.0,498.0,312.0,28.0,568.0,572.0,568.0
1.0,5994.0,1716.0,1709.0,1193.0,1365.0,421.0,665.0,279.0,569.0,571.0,569.0,570.0,564.0,582.0,1774.0,1976.0,2244.0,421.0,665.0,279.0,569.0,571.0,569.0
1.0,5471.0,1665.0,1708.0,838.0,2188.0,467.0,897.0,824.0,568.0,571.0,569.0,548.0,544.0,573.0,1855.0,1619.0,1997.0,467.0,897.0,824.0,568.0,571.0,569.0
1.0,4644.0,1725.0,1709.0,1365.0,2552.0,620.0,794.0,1138.0,569.0,571.0,569.0,570.0,562.0,593.0,1805.0,1387.0,1452.0,620.0,794.0,1138.0,569.0,571.0,569.0
1.0,4284.0,1633.0,1708.0,2188.0,1993.0,692.0,429.0,872.0,568.0,570.0,570.0,543.0,536.0,554.0,1656.0,1490.0,1138.0,692.0,429.0,872.0,568.0,570.0,570.0
1.0,4839.0,1749.0,1710.0,2552.0,1198.0,660.0,215.0,323.0,569.0,571.0,570.0,584.0,576.0,589.0,1580.0,1851.0,1408.0,660.0,215.0,323.0,569.0,571.0,570.0
1.0,5642.0,1703.0,1710.0,1993.0,908.0,541.0,346.0,21.0,569.0,571.0,570.0,573.0,560.0,570.0,1616.0,2069.0,1957.0,541.0,346.0,21.0,569.0,571.0,570.0
1.0,5932.0,1713.0,1710.0,1198.0,1423.0,448.0,692.0,283.0,569.0,570.0,571.0,567.0,565.0,581.0,1735.0,1938.0,2259.0,448.0,692.0,283.0,569.0,570.0,571.0
1.0,5417.0,1730.0,1711.0,908.0,2249.0,476.0,927.0,846.0,569.0,571.0,571.0,569.0,577.0,584.0,1828.0,1588.0,2001.0,476.0,927.0,846.0,569.0,571.0,571.0
1.0,4595.0,1707.0,1711.0,1423.0,2533.0,591.0,808.0,1134.0,569.0,571.0,571.0,563.0,573.0,571.0,1800.0,1357.0,1438.0,591.0,808.0,1134.0,569.0,571.0,571.0
1.0,4311.0,1677.0,1712.0,2249.0,1965.0,669.0,429.0,867.0,569.0,571.0,572.0,554.0,548.0,575.0,1685.0,1476.0,1150.0,669.0,429.0,867.0,569.0,571.0,572.0
1.0,4883.0,1712.0,1712.0,2533.0,1144.0,645.0,186.0,313.0,569.0,571.0,572.0,567.0,565.0,580.0,1607.0,1855.0,1421.0,645.0,186.0,313.0,569.0,571.0,572.0
1.0,5704.0,1730.0,1712.0,1965.0,909.0,558.0,331.0,20.0,569.0,571.0,572.0,582.0,574.0,574.0,1631.0,2098.0,1975.0,558.0,331.0,20.0,569.0,571.0,572.0
1.0,5939.0,1746.0,1714.0,1144.0,1519.0,507.0,722.0,290.0,570.0,571.0,573.0,590.0,577.0,579.0,1718.0,1953.0,2268.0,507.0,722.0,290.0,570.0,571.0,573.0
1.0,5337.0,1730.0,1714.0,909.0,2340.0,528.0,964.0,848.0,570.0,571.0,573.0,579.0,573.0,578.0,1773.0,1562.0,2002.0,528.0,964.0,848.0,570.0,571.0,573.0
1.0,4516.0,1675.0,1713.0,1519.0,2492.0,587.0,791.0,1114.0,570.0,570.0,573.0,566.0,553.0,556.0,1752.0,1320.0,1444.0,587.0,791.0,1114.0,570.0,570.0,573.0
1.0,4360.0,1761.0,1715.0,2340.0,1921.0,645.0,415.0,861.0,570.0,571.0,574.0,586.0,584.0,591.0,1693.0,1489.0,1178.0,645.0,415.0,861.0,570.0,571.0,574.0
1.0,4939.0,1778.0,1717.0,2492.0,1215.0,656.0,216.0,343.0,571.0,571.0,575.0,594.0,592.0,592.0,1635.0,1869.0,1435.0,656.0,216.0,343.0,571.0,571.0,575.0
1.0,5653.0,1727.0,1717.0,1921.0,1021.0,598.0,375.0,48.0,571.0,571.0,575.0,587.0,574.0,566.0,1628.0,2068.0,1957.0,598.0,375.0,48.0,571.0,571.0,575.0
1.0,5847.0,1768.0,1718.0,1215.0,1578.0,541.0,742.0,295.0,572.0,571.0,575.0,595.0,583.0,590.0,1686.0,1909.0,2252.0,541.0,742.0,295.0,572.0,571.0,575.0
1.0,5294.0,1761.0,1720.0,1021.0,2326.0,531.0,959.0,836.0,572.0,572.0,576.0,588.0,588.0,585.0,1747.0,1542.0,2005.0,531.0,959.0,836.0,572.0,572.0,576.0
1.0,4554.0,1688.0,1718.0,1578.0,2428.0,564.0,768.0,1096.0,572.0,571.0,575.0,574.0,555.0,559.0,1757.0,1329.0,1468.0,564.0,768.0,1096.0,572.0,571.0,575.0
1.0,4444.0,1763.0,1720.0,2326.0,1873.0,630.0,395.0,848.0,573.0,571.0,576.0,593.0,586.0,584.0,1724.0,1516.0,1204.0,630.0,395.0,848.0,573.0,571.0,576.0
1.0,5007.0,1711.0,1720.0,2428.0,1156.0,641.0,195.0,320.0,573.0,571.0,576.0,575.0,568.0,568.0,1662.0,1889.0,1456.0,641.0,195.0,320.0,573.0,571.0,576.0
1.0,5724.0,1732.0,1720.0,1873.0,1015.0,594.0,375.0,46.0,573.0,571.0,576.0,583.0,575.0,574.0,1651.0,2089.0,1984.0,594.0,375.0,46.0,573.0,571.0,576.0
1.0,5865.0,1732.0,1720.0,1156.0,1591.0,527.0,768.0,296.0,573.0,571.0,576.0,574.0,588.0,570.0,1698.0,1909.0,2258.0,527.0,768.0,296.0,573.0,571.0,576.0
1.0,5289.0,1751.0,1721.0,1015.0,2331.0,519.0,988.0,824.0,573.0,572.0,576.0,586.0,591.0,574.0,1765.0,1516.0,2008.0,519.0,988.0,824.0,573.0,572.0,576.0
1.0,4553.0,1720.0,1721.0,1591.0,2460.0,569.0,789.0,1102.0,573.0,572.0,576.0,577.0,569.0,574.0,1773.0,1300.0,1480.0,569.0,789.0,1102.0,573.0,572.0,576.0
1.0,4424.0,1747.0,1722.0,2331.0,1880.0,646.0,381.0,853.0,574.0,572.0,576.0,592.0,580.0,575.0,1723.0,1499.0,1202.0,646.0,381.0,853.0,574.0,572.0,576.0
1.0,5008.0,1752.0,1723.0,2460.0,1176.0,666.0,172.0,338.0,574.0,572.0,577.0,589.0,580.0,583.0,1650.0,1907.0,1451.0,666.0,172.0,338.0,574.0,572.0,577.0
1.0,5716.0,1739.0,1723.0,1880.0,1035.0,595.0,379.0,61.0,574.0,572.0,577.0,575.0,588.0,576.0,1630.0,2116.0,1970.0,595.0,379.0,61.0,574.0,572.0,577.0
1.0,5857.0,1745.0,1723.0,1176.0,1604.0,515.0,786.0,303.0,574.0,572.0,577.0,586.0,579.0,580.0,1701.0,1909.0,2247.0,515.0,786.0,303.0,574.0,572.0,577.0
1.0,5288.0,1744.0,1723.0,1035.0,2313.0,502.0,994.0,817.0,574.0,572.0,577.0,582.0,587.0,575.0,1781.0,1502.0,2005.0,502.0,994.0,817.0,574.0,572.0,577.0
1.0,4579.0,1710.0,1723.0,1604.0,2419.0,553.0,783.0,1083.0,574.0,572.0,577.0,566.0,575.0,569.0,1794.0,1294.0,1491.0,553.0,783.0,1083.0,574.0,572.0,577.0
1.0,4473.0,1741.0,1723.0,2313.0,1847.0,637.0,379.0,831.0,574.0,572.0,577.0,586.0,590.0,565.0,1743.0,1505.0,1225.0,637.0,379.0,831.0,574.0,572.0,577.0
1.0,5045.0,1744.0,1725.0,2419.0,1180.0,670.0,185.0,325.0,575.0,573.0,577.0,582.0,585.0,577.0,1659.0,1909.0,1477.0,670.0,185.0,325.0,575.0,573.0,577.0
1.0,5720.0,1765.0,1726.0,1847.0,1102.0,633.0,395.0,74.0,576.0,573.0,577.0,596.0,589.0,580.0,1630.0,2107.0,1983.0,633.0,395.0,74.0,576.0,573.0,577.0
1.0,5802.0,1779.0,1727.0,1180.0,1705.0,552.0,814.0,339.0,576.0,574.0,577.0,589.0,600.0,590.0,1671.0,1897.0,2234.0,552.0,814.0,339.0,576.0,574.0,577.0
1.0,5203.0,1743.0,1729.0,1102.0,2354.0,505.0,1005.0,844.0,577.0,574.0,578.0,582.0,586.0,575.0,1752.0,1482.0,1969.0,505.0,1005.0,844.0,577.0,574.0,578.0
1.0,4562.0,1753.0,1729.0,1705.0,2402.0,537.0,778.0,1087.0,577.0,574.0,578.0,584.0,587.0,582.0,1803.0,1291.0,1468.0,537.0,778.0,1087.0,577.0,574.0,578.0
1.0,4514.0,1791.0,1730.0,2354.0,1843.0,630.0,387.0,826.0,577.0,575.0,578.0,598.0,610.0,583.0,1771.0,1518.0,1225.0,630.0,387.0,826.0,577.0,575.0,578.0
1.0,5077.0,1729.0,1730.0,2402.0,1170.0,658.0,197.0,315.0,577.0,575.0,578.0,565.0,588.0,576.0,1678.0,1913.0,1486.0,658.0,197.0,315.0,577.0,575.0,578.0
1.0,5750.0,1770.0,1730.0,1843.0,1097.0,608.0,405.0,84.0,577.0,575.0,578.0,580.0,595.0,595.0,1650.0,2103.0,1997.0,608.0,405.0,84.0,577.0,575.0,578.0
1.0,5823.0,1763.0,1731.0,1170.0,1694.0,534.0,805.0,355.0,577.0,576.0,578.0,584.0,593.0,586.0,1700.0,1895.0,2228.0,534.0,805.0,355.0,577.0,576.0,578.0
1.0,5230.0,1757.0,1732.0,1097.0,2358.0,511.0,990.0,857.0,578.0,576.0,578.0,581.0,590.0,586.0,1774.0,1499.0,1957.0,511.0,990.0,857.0,578.0,576.0,578.0
1.0,4570.0,1749.0,1732.0,1694.0,2413.0,545.0,772.0,1096.0,577.0,576.0,579.0,572.0,587.0,590.0,1801.0,1314.0,1455.0,545.0,772.0,1096.0,577.0,576.0,579.0
1.0,4515.0,1764.0,1734.0,2358.0,1827.0,630.0,378.0,819.0,578.0,577.0,579.0,592.0,592.0,580.0,1763.0,1532.0,1220.0,630.0,378.0,819.0,578.0,577.0,579.0
1.0,5109.0,1741.0,1732.0,2413.0,1147.0,657.0,197.0,293.0,577.0,577.0,578.0,576.0,591.0,574.0,1682.0,1930.0,1497.0,657.0,197.0,293.0,577.0,577.0,578.0
1.0,5781.0,1753.0,1734.0,1827.0,1081.0,611.0,412.0,58.0,578.0,578.0,578.0,580.0,589.0,584.0,1651.0,2111.0,2019.0,611.0,412.0,58.0,578.0,578.0,578.0
1.0,5855.0,1737.0,1735.0,1147.0,1675.0,527.0,798.0,350.0,578.0,578.0,579.0,573.0,583.0,581.0,1701.0,1900.0,2254.0,527.0,798.0,350.0,578.0,578.0,579.0
1.0,5265.0,1737.0,1735.0,1081.0,2331.0,494.0,963.0,874.0,578.0,578.0,579.0,578.0,577.0,582.0,1785.0,1514.0,1966.0,494.0,963.0,874.0,578.0,578.0,579.0
1.0,4609.0,1728.0,1734.0,1675.0,2380.0,538.0,748.0,1094.0,578.0,578.0,578.0,571.0,583.0,574.0,1818.0,1349.0,1442.0,538.0,748.0,1094.0,578.0,578.0,578.0
1.0,4556.0,1727.0,1735.0,2331.0,1780.0,613.0,371.0,796.0,578.0,579.0,578.0,569.0,582.0,576.0,1774.0,1564.0,1218.0,613.0,371.0,796.0,578.0,579.0,578.0
1.0,5160.0,1743.0,1735.0,2380.0,1143.0,653.0,207.0,283.0,578.0,579.0,578.0,578.0,584.0,581.0,1699.0,1945.0,1516.0,653.0,207.0,283.0,578.0,579.0,578.0
1.0,5797.0,1743.0,1737.0,1780.0,1114.0,631.0,419.0,64.0,579.0,580.0,578.0,587.0,579.0,577.0,1659.0,2109.0,2029.0,631.0,419.0,64.0,579.0,580.0,578.0
1.0,5834.0,1723.0,1737.0,1143.0,1694.0,560.0,783.0,351.0,579.0,580.0,578.0,582.0,571.0,570.0,1685.0,1901.0,2248.0,560.0,783.0,351.0,579.0,580.0,578.0
1.0,5254.0,1804.0,1740.0,1114.0,2396.0,532.0,968.0,896.0,580.0,581.0,579.0,599.0,600.0,605.0,1756.0,1537.0,1961.0,532.0,968.0,896.0,580.0,581.0,579.0
1.0,4564.0,1723.0,1739.0,1694.0,2421.0,553.0,755.0,1113.0,580.0,581.0,578.0,581.0,570.0,572.0,1788.0,1356.0,1420.0,553.0,755.0,1113.0,580.0,581.0,578.0
1.0,4535.0,1723.0,1739.0,2396.0,1748.0,590.0,367.0,791.0,580.0,581.0,578.0,569.0,580.0,574.0,1767.0,1569.0,1199.0,590.0,367.0,791.0,580.0,581.0,578.0
1.0,5208.0,1753.0,1740.0,2421.0,1084.0,616.0,205.0,263.0,580.0,582.0,578.0,579.0,589.0,585.0,1730.0,1957.0,1521.0,616.0,205.0,263.0,580.0,582.0,578.0
1.0,5876.0,1737.0,1741.0,1748.0,1077.0,610.0,417.0,50.0,581.0,582.0,578.0,580.0,579.0,578.0,1704.0,2123.0,2049.0,610.0,417.0,50.0,581.0,582.0,578.0
1.0,5887.0,1798.0,1742.0,1084.0,1795.0,594.0,809.0,392.0,581.0,582.0,579.0,600.0,597.0,601.0,1714.0,1911.0,2262.0,594.0,809.0,392.0,581.0,582.0,579.0
1.0,5173.0,1756.0,1744.0,1077.0,2482.0,570.0,980.0,932.0,582.0,583.0,579.0,582.0,584.0,590.0,1730.0,1519.0,1924.0,570.0,980.0,932.0,582.0,583.0,579.0
1.0,4494.0,1722.0,1744.0,1795.0,2409.0,553.0,744.0,1112.0,582.0,583.0,579.0,577.0,573.0,572.0,1758.0,1352.0,1384.0,553.0,744.0,1112.0,582.0,583.0,579.0
1.0,4567.0,1752.0,1744.0,2482.0,1679.0,569.0,340.0,770.0,582.0,583.0,579.0,586.0,576.0,590.0,1775.0,1588.0,1204.0,569.0,340.0,770.0,582.0,583.0,579.0
1.0,5297.0,1780.0,1745.0,2409.0,1054.0,618.0,187.0,249.0,582.0,583.0,580.0,602.0,591.0,587.0,1759.0,1992.0,1546.0,618.0,187.0,249.0,582.0,583.0,580.0
1.0,5926.0,1796.0,1747.0,1679.0,1179.0,659.0,442.0,78.0,583.0,584.0,580.0,606.0,591.0,599.0,1710.0,2145.0,2071.0,659.0,442.0,78.0,583.0,584.0,580.0
1.0,5809.0,1764.0,1748.0,1054.0,1893.0,631.0,837.0,425.0,583.0,584.0,581.0,590.0,582.0,592.0,1673.0,1894.0,2242.0,631.0,837.0,425.0,583.0,584.0,581.0
1.0,5099.0,1732.0,1748.0,1179.0,2446.0,551.0,962.0,933.0,583.0,584.0,581.0,579.0,567.0,586.0,1701.0,1499.0,1899.0,551.0,962.0,933.0,583.0,584.0,581.0
1.0,4546.0,1752.0,1748.0,1893.0,2305.0,502.0,705.0,1098.0,583.0,584.0,581.0,582.0,580.0,590.0,1781.0,1374.0,1391.0,502.0,705.0,1098.0,583.0,584.0,581.0
1.0,4687.0,1773.0,1748.0,2446.0,1632.0,544.0,327.0,761.0,583.0,584.0,581.0,593.0,584.0,596.0,1830.0,1631.0,1226.0,544.0,327.0,761.0,583.0,584.0,581.0
1.0,5360.0,1791.0,1748.0,2305.0,1118.0,646.0,212.0,260.0,583.0,584.0,581.0,604.0,590.0,597.0,1788.0,2009.0,1563.0,646.0,212.0,260.0,583.0,584.0,581.0
1.0,5874.0,1766.0,1748.0,1632.0,1252.0,696.0,464.0,92.0,583.0,584.0,581.0,594.0,579.0,593.0,1686.0,2124.0,2064.0,696.0,464.0,92.0,583.0,584.0,581.0
1.0,5740.0,1753.0,1750.0,1118.0,1895.0,640.0,830.0,425.0,584.0,584.0,582.0,586.0,578.0,589.0,1636.0,1872.0,2232.0,640.0,830.0,425.0,584.0,584.0,582.0
1.0,5105.0,1764.0,1750.0,1252.0,2407.0,536.0,949.0,922.0,584.0,584.0,582.0,592.0,583.0,589.0,1696.0,1506.0,1903.0,536.0,949.0,922.0,584.0,584.0,582.0
1.0,4593.0,1783.0,1752.0,1895.0,2303.0,502.0,702.0,1099.0,584.0,585.0,583.0,606.0,579.0,598.0,1800.0,1387.0,1406.0,502.0,702.0,1099.0,584.0,585.0,583.0
1.0,4705.0,1797.0,1753.0,2407.0,1697.0,578.0,342.0,777.0,585.0,585.0,583.0,608.0,589.0,600.0,1834.0,1638.0,1233.0,578.0,342.0,777.0,585.0,585.0,583.0
1.0,5315.0,1808.0,1754.0,2303.0,1206.0,680.0,236.0,290.0,585.0,585.0,584.0,604.0,596.0,608.0,1762.0,1998.0,1555.0,680.0,236.0,290.0,585.0,585.0,584.0
1.0,5810.0,1767.0,1754.0,1697.0,1276.0,695.0,482.0,99.0,585.0,585.0,584.0,593.0,588.0,586.0,1660.0,2104.0,2046.0,695.0,482.0,99.0,585.0,585.0,584.0
1.0,5740.0,1777.0,1756.0,1206.0,1855.0,613.0,828.0,414.0,586.0,585.0,585.0,594.0,582.0,601.0,1645.0,1858.0,2237.0,613.0,828.0,414.0,586.0,585.0,585.0
1.0,5169.0,1765.0,1756.0,1276.0,2344.0,502.0,935.0,907.0,586.0,585.0,585.0,584.0,589.0,592.0,1731.0,1512.0,1926.0,502.0,935.0,907.0,586.0,585.0,585.0
1.0,4680.0,1781.0,1757.0,1855.0,2274.0,480.0,708.0,1086.0,586.0,586.0,585.0,591.0,597.0,593.0,1842.0,1405.0,1433.0,480.0,708.0,1086.0,586.0,586.0,585.0
1.0,4754.0,1793.0,1758.0,2344.0,1727.0,575.0,367.0,785.0,586.0,586.0,586.0,597.0,594.0,602.0,1864.0,1636.0,1254.0,575.0,367.0,785.0,586.0,586.0,586.0
1.0,5305.0,1797.0,1758.0,2274.0,1250.0,700.0,248.0,302.0,586.0,586.0,586.0,605.0,589.0,603.0,1769.0,1977.0,1559.0,700.0,248.0,302.0,586.0,586.0,586.0
1.0,5782.0,1792.0,1760.0,1727.0,1323.0,727.0,470.0,126.0,587.0,586.0,587.0,598.0,589.0,605.0,1644.0,2096.0,2042.0,727.0,470.0,126.0,587.0,586.0,587.0
1.0,5717.0,1829.0,1762.0,1250.0,1910.0,643.0,831.0,436.0,588.0,587.0,587.0,612.0,605.0,612.0,1621.0,1874.0,2222.0,643.0,831.0,436.0,588.0,587.0,587.0
1.0,5138.0,1783.0,1763.0,1323.0,2374.0,503.0,959.0,912.0,588.0,587.0,588.0,587.0,598.0,598.0,1709.0,1517.0,1912.0,503.0,959.0,912.0,588.0,587.0,588.0
1.0,4678.0,1816.0,1764.0,1910.0,2284.0,475.0,727.0,1082.0,588.0,587.0,589.0,615.0,599.0,602.0,1849.0,1389.0,1440.0,475.0,727.0,1082.0,588.0,587.0,589.0
1.0,4772.0,1777.0,1764.0,2374.0,1687.0,560.0,359.0,768.0,588.0,587.0,589.0,588.0,591.0,598.0,1877.0,1621.0,1274.0,560.0,359.0,768.0,588.0,587.0,589.0
1.0,5369.0,1770.0,1764.0,2284.0,1173.0,671.0,214.0,288.0,588.0,587.0,589.0,586.0,582.0,602.0,1792.0,1989.0,1588.0,671.0,214.0,288.0,588.0,587.0,589.0
1.0,5883.0,1736.0,1764.0,1687.0,1222.0,680.0,440.0,102.0,588.0,587.0,589.0,569.0,585.0,582.0,1681.0,2134.0,2068.0,680.0,440.0,102.0,588.0,587.0,589.0
1.0,5834.0,1804.0,1765.0,1173.0,1857.0,609.0,819.0,429.0,588.0,587.0,590.0,600.0,593.0,611.0,1672.0,1908.0,2254.0,609.0,819.0,429.0,588.0,587.0,590.0
1.0,5203.0,1787.0,1765.0,1222.0,2422.0,523.0,976.0,923.0,588.0,587.0,590.0,594.0,597.0,596.0,1743.0,1529.0,1931.0,523.0,976.0,923.0,588.0,587.0,590.0
1.0,4638.0,1809.0,1767.0,1857.0,2382.0,519.0,763.0,1100.0,589.0,587.0,591.0,601.0,606.0,602.0,1829.0,1372.0,1437.0,519.0,763.0,1100.0,589.0,587.0,591.0
1.0,4686.0,1781.0,1767.0,2422.0,1741.0,579.0,387.0,775.0,589.0,587.0,591.0,583.0,600.0,598.0,1837.0,1585.0,1264.0,579.0,387.0,775.0,589.0,587.0,591.0
1.0,5327.0,1786.0,1767.0,2382.0,1145.0,659.0,221.0,265.0,589.0,587.0,591.0,599.0,597.0,590.0,1777.0,1961.0,1589.0,659.0,221.0,265.0,589.0,587.0,591.0
1.0,5923.0,1777.0,1767.0,1741.0,1181.0,669.0,428.0,84.0,589.0,587.0,591.0,589.0,594.0,594.0,1697.0,2127.0,2099.0,669.0,428.0,84.0,589.0,587.0,591.0
1.0,5887.0,1770.0,1768.0,1145.0,1810.0,600.0,805.0,405.0,590.0,587.0,591.0,586.0,598.0,586.0,1687.0,1920.0,2280.0,600.0,805.0,405.0,590.0,587.0,591.0
1.0,5262.0,1828.0,1769.0,1181.0,2461.0,536.0,1003.0,922.0,590.0,588.0,591.0,605.0,622.0,601.0,1760.0,1543.0,1959.0,536.0,1003.0,922.0,590.0,588.0,591.0
1.0,4615.0,1710.0,1769.0,1810.0,2361.0,498.0,774.0,1089.0,590.0,588.0,591.0,562.0,576.0,572.0,1824.0,1349.0,1442.0,498.0,774.0,1089.0,590.0,588.0,591.0
1.0,4715.0,1794.0,1770.0,2461.0,1698.0,552.0,374.0,772.0,590.0,588.0,592.0,590.0,603.0,601.0,1862.0,1578.0,1275.0,552.0,374.0,772.0,590.0,588.0,592.0
1.0,5382.0,1790.0,1770.0,2361.0,1127.0,649.0,198.0,280.0,590.0,588.0,592.0,595.0,598.0,597.0,1808.0,1978.0,1596.0,649.0,198.0,280.0,590.0,588.0,592.0
1.0,5953.0,1768.0,1771.0,1698.0,1201.0,675.0,424.0,102.0,590.0,589.0,592.0,578.0,596.0,594.0,1711.0,2154.0,2088.0,675.0,424.0,102.0,590.0,589.0,592.0
1.0,5883.0,1827.0,1773.0,1127.0,1909.0,640.0,832.0,437.0,591.0,589.0,593.0,610.0,606.0,611.0,1685.0,1932.0,2266.0,640.0,832.0,437.0,591.0,589.0,593.0
1.0,5183.0,1777.0,1773.0,1201.0,2485.0,548.0,1004.0,933.0,591.0,589.0,593.0,583.0,596.0,598.0,1724.0,1524.0,1935.0,548.0,1004.0,933.0,591.0,589.0,593.0
1.0,4607.0,1781.0,1774.0,1909.0,2361.0,501.0,773.0,1087.0,591.0,590.0,593.0,593.0,597.0,591.0,1816.0,1352.0,1439.0,501.0,773.0,1087.0,591.0,590.0,593.0
1.0,4735.0,1806.0,1776.0,2485.0,1690.0,559.0,369.0,762.0,592.0,590.0,594.0,602.0,600.0,604.0,1863.0,1587.0,1285.0,559.0,369.0,762.0,592.0,590.0,594.0
1.0,5414.0,1781.0,1777.0,2361.0,1114.0,642.0,190.0,282.0,592.0,590.0,595.0,584.0,594.0,603.0,1809.0,1991.0,1614.0,642.0,190.0,282.0,592.0,590.0,595.0
1.0,5994.0,1737.0,1775.0,1690.0,1153.0,650.0,412.0,91.0,591.0,590.0,594.0,571.0,591.0,575.0,1726.0,2170.0,2098.0,650.0,412.0,91.0,591.0,590.0,594.0
1.0,5947.0,1704.0,1775.0,1114.0,1743.0,568.0,792.0,383.0,591.0,590.0,594.0,560.0,570.0,574.0,1714.0,1948.0,2285.0,568.0,792.0,383.0,591.0,590.0,594.0
1.0,5357.0,1773.0,1776.0,1153.0,2367.0,508.0,983.0,876.0,591.0,591.0,594.0,590.0,599.0,584.0,1796.0,1568.0,1993.0,508.0,983.0,876.0,591.0,591.0,594.0
1.0,4737.0,1769.0,1776.0,1743.0,2393.0,528.0,782.0,1083.0,591.0,591.0,594.0,588.0,591.0,590.0,1856.0,1381.0,1500.0,528.0,782.0,1083.0,591.0,591.0,594.0
1.0,4711.0,1793.0,1778.0,2367.0,1827.0,616.0,401.0,810.0,592.0,591.0,595.0,592.0,602.0,599.0,1836.0,1582.0,1293.0,616.0,401.0,810.0,592.0,591.0,595.0
1.0,5285.0,1739.0,1776.0,2393.0,1165.0,658.0,203.0,304.0,591.0,591.0,594.0,574.0,584.0,581.0,1752.0,1963.0,1570.0,658.0,203.0,304.0,591.0,591.0,594.0
1.0,5939.0,1755.0,1776.0,1827.0,1093.0,624.0,390.0,79.0,591.0,591.0,594.0,582.0,588.0,585.0,1706.0,2161.0,2072.0,624.0,390.0,79.0,591.0,591.0,594.0
1.0,6011.0,1759.0,1777.0,1165.0,1691.0,546.0,778.0,367.0,591.0,591.0,595.0,580.0,591.0,588.0,1740.0,1974.0,2297.0,546.0,778.0,367.0,591.0,591.0,595.0
1.0,5417.0,1821.0,1778.0,1093.0,2423.0,522.0,1009.0,892.0,591.0,592.0,595.0,600.0,617.0,604.0,1818.0,1586.0,2013.0,522.0,1009.0,892.0,591.0,592.0,595.0
1.0,4689.0,1811.0,1779.0,1691.0,2547.0,585.0,839.0,1123.0,592.0,592.0,595.0,605.0,608.0,598.0,1842.0,1359.0,1488.0,585.0,839.0,1123.0,592.0,592.0,595.0
1.0,4569.0,1769.0,1778.0,2423.0,1889.0,657.0,416.0,816.0,591.0,592.0,595.0,598.0,586.0,585.0,1783.0,1529.0,1257.0,657.0,416.0,816.0,591.0,592.0,595.0
1.0,5223.0,1791.0,1780.0,2547.0,1141.0,677.0,182.0,282.0,592.0,593.0,595.0,601.0,601.0,589.0,1707.0,1952.0,1564.0,677.0,182.0,282.0,592.0,593.0,595.0
1.0,5979.0,1788.0,1780.0,1889.0,1040.0,622.0,360.0,58.0,592.0,593.0,595.0,602.0,594.0,592.0,1691.0,2190.0,2098.0,622.0,360.0,58.0,592.0,593.0,595.0
1.0,6080.0,1787.0,1781.0,1141.0,1690.0,541.0,784.0,365.0,592.0,594.0,595.0,596.0,602.0,589.0,1746.0,2012.0,2322.0,541.0,784.0,365.0,592.0,594.0,595.0
1.0,5434.0,1803.0,1782.0,1040.0,2457.0,528.0,1019.0,910.0,593.0,594.0,595.0,605.0,595.0,603.0,1827.0,1592.0,2015.0,528.0,1019.0,910.0,593.0,594.0,595.0
1.0,4671.0,1761.0,1781.0,1690.0,2524.0,567.0,830.0,1127.0,592.0,594.0,595.0,584.0,595.0,582.0,1844.0,1357.0,1470.0,567.0,830.0,1127.0,592.0,594.0,595.0
1.0,4600.0,1793.0,1781.0,2457.0,1860.0,639.0,415.0,806.0,592.0,594.0,595.0,600.0,604.0,589.0,1801.0,1546.0,1253.0,639.0,415.0,806.0,592.0,594.0,595.0
1.0,5264.0,1757.0,1780.0,2524.0,1089.0,659.0,171.0,259.0,592.0,594.0,594.0,587.0,586.0,584.0,1729.0,1961.0,1574.0,659.0,171.0,259.0,592.0,594.0,594.0
1.0,6031.0,1802.0,1782.0,1860.0,1039.0,624.0,364.0,51.0,592.0,595.0,595.0,604.0,604.0,594.0,1709.0,2205.0,2117.0,624.0,364.0,51.0,592.0,595.0,595.0
1.0,6089.0,1768.0,1781.0,1089.0,1714.0,554.0,777.0,383.0,592.0,595.0,594.0,589.0,584.0,595.0,1744.0,2016.0,2329.0,554.0,777.0,383.0,592.0,595.0,594.0
1.0,5410.0,1794.0,1782.0,1039.0,2473.0,533.0,1002.0,938.0,592.0,595.0,595.0,603.0,589.0,602.0,1814.0,1603.0,1993.0,533.0,1002.0,938.0,592.0,595.0,595.0
1.0,4655.0,1827.0,1781.0,1714.0,2582.0,594.0,834.0,1154.0,592.0,595.0,594.0,615.0,609.0,603.0,1835.0,1378.0,1442.0,594.0,834.0,1154.0,592.0,595.0,594.0
1.0,4542.0,1785.0,1782.0,2473.0,1898.0,665.0,422.0,811.0,592.0,595.0,595.0,604.0,590.0,591.0,1774.0,1546.0,1222.0,665.0,422.0,811.0,592.0,595.0,595.0
1.0,5230.0,1806.0,1783.0,2582.0,1126.0,683.0,191.0,252.0,593.0,596.0,594.0,608.0,599.0,599.0,1703.0,1958.0,1569.0,683.0,191.0,252.0,593.0,596.0,594.0
1.0,6006.0,1791.0,1783.0,1898.0,1019.0,617.0,373.0,29.0,593.0,596.0,594.0,599.0,604.0,588.0,1689.0,2193.0,2124.0,617.0,373.0,29.0,593.0,596.0,594.0
1.0,6113.0,1843.0,1785.0,1126.0,1744.0,560.0,793.0,391.0,594.0,596.0,595.0,622.0,611.0,610.0,1755.0,2011.0,2347.0,560.0,793.0,391.0,594.0,596.0,595.0
1.0,5396.0,1836.0,1786.0,1019.0,2565.0,553.0,1038.0,974.0,594.0,597.0,595.0,610.0,614.0,612.0,1816.0,1591.0,1989.0,553.0,1038.0,974.0,594.0,597.0,595.0
1.0,4579.0,1794.0,1786.0,1744.0,2615.0,598.0,837.0,1180.0,594.0,597.0,595.0,605.0,592.0,597.0,1823.0,1350.0,1406.0,598.0,837.0,1180.0,594.0,597.0,595.0
1.0,4529.0,1801.0,1786.0,2565.0,1851.0,651.0,394.0,806.0,594.0,597.0,595.0,606.0,595.0,600.0,1778.0,1551.0,1200.0,651.0,394.0,806.0,594.0,597.0,595.0
1.0,5293.0,1774.0,1784.0,2615.0,1002.0,645.0,134.0,223.0,594.0,596.0,594.0,592.0,581.0,601.0,1725.0,1994.0,1574.0,645.0,134.0,223.0,594.0,596.0,594.0
1.0,6134.0,1820.0,1785.0,1851.0,975.0,600.0,346.0,29.0,594.0,596.0,595.0,606.0,606.0,608.0,1731.0,2250.0,2153.0,600.0,346.0,29.0,594.0,596.0,595.0
1.0,6165.0,1828.0,1785.0,1002.0,1801.0,571.0,812.0,418.0,594.0,596.0,595.0,616.0,600.0,612.0,1776.0,2038.0,2351.0,571.0,812.0,418.0,594.0,596.0,595.0
1.0,5339.0,1818.0,1787.0,975.0,2652.0,588.0,1070.0,994.0,595.0,597.0,595.0,613.0,600.0,605.0,1805.0,1572.0,1962.0,588.0,1070.0,994.0,595.0,597.0,595.0
1.0,4496.0,1792.0,1787.0,1801.0,2643.0,617.0,851.0,1175.0,595.0,597.0,595.0,600.0,593.0,599.0,1792.0,1318.0,1386.0,617.0,851.0,1175.0,595.0,597.0,595.0
1.0,4505.0,1775.0,1787.0,2652.0,1766.0,627.0,367.0,772.0,595.0,597.0,595.0,598.0,586.0,591.0,1763.0,1537.0,1205.0,627.0,367.0,772.0,595.0,597.0,595.0
1.0,5382.0,1782.0,1787.0,2643.0,905.0,612.0,103.0,190.0,595.0,597.0,595.0,602.0,587.0,593.0,1753.0,2021.0,1608.0,612.0,103.0,190.0,595.0,597.0,595.0
1.0,6243.0,1808.0,1787.0,1766.0,947.0,582.0,339.0,26.0,595.0,597.0,595.0,597.0,603.0,608.0,1768.0,2285.0,2190.0,582.0,339.0,26.0,595.0,597.0,595.0
1.0,6201.0,1822.0,1788.0,905.0,1868.0,587.0,844.0,437.0,596.0,597.0,595.0,613.0,608.0,601.0,1798.0,2049.0,2354.0,587.0,844.0,437.0,596.0,597.0,595.0
1.0,5284.0,1861.0,1788.0,947.0,2782.0,630.0,1120.0,1032.0,596.0,597.0,595.0,625.0,615.0,621.0,1797.0,1544.0,1943.0,630.0,1120.0,1032.0,596.0,597.0,595.0
1.0,4370.0,1843.0,1790.0,1868.0,2765.0,660.0,886.0,1219.0,597.0,597.0,596.0,613.0,610.0,620.0,1754.0,1268.0,1348.0,660.0,886.0,1219.0,597.0,597.0,596.0
1.0,4395.0,1789.0,1790.0,2782.0,1772.0,625.0,356.0,791.0,597.0,597.0,596.0,595.0,590.0,604.0,1728.0,1502.0,1165.0,625.0,356.0,791.0,597.0,597.0,596.0
1.0,5388.0,1842.0,1792.0,2765.0,857.0,568.0,91.0,198.0,597.0,598.0,597.0,603.0,617.0,622.0,1763.0,2032.0,1593.0,568.0,91.0,198.0,597.0,598.0,597.0
1.0,6311.0,1842.0,1791.0,1772.0,923.0,556.0,342.0,25.0,597.0,597.0,597.0,613.0,611.0,618.0,1820.0,2301.0,2190.0,556.0,342.0,25.0,597.0,597.0,597.0
1.0,6241.0,1821.0,1794.0,857.0,1899.0,603.0,850.0,446.0,598.0,598.0,598.0,611.0,595.0,615.0,1832.0,2046.0,2363.0,603.0,850.0,446.0,598.0,598.0,598.0
1.0,5277.0,1869.0,1796.0,923.0,2853.0,670.0,1128.0,1055.0,599.0,598.0,599.0,619.0,620.0,630.0,1789.0,1542.0,1946.0,670.0,1128.0,1055.0,599.0,598.0,599.0
1.0,4331.0,1824.0,1796.0,1899.0,2778.0,671.0,877.0,1230.0,599.0,598.0,599.0,604.0,599.0,621.0,1726.0,1264.0,1341.0,671.0,877.0,1230.0,599.0,598.0,599.0
1.0,4406.0,1826.0,1797.0,2853.0,1755.0,611.0,360.0,784.0,600.0,598.0,599.0,606.0,611.0,609.0,1725.0,1515.0,1166.0,611.0,360.0,784.0,600.0,598.0,599.0
1.0,5433.0,1812.0,1796.0,2778.0,785.0,533.0,90.0,162.0,599.0,598.0,599.0,597.0,607.0,608.0,1789.0,2032.0,1612.0,533.0,90.0,162.0,599.0,598.0,599.0
1.0,6399.0,1831.0,1799.0,1755.0,876.0,531.0,345.0,0.0,600.0,599.0,600.0,605.0,611.0,615.0,1863.0,2302.0,2234.0,531.0,345.0,0.0,600.0,599.0,600.0
1.0,6323.0,1820.0,1799.0,785.0,1908.0,603.0,866.0,439.0,600.0,599.0,600.0,605.0,611.0,604.0,1869.0,2051.0,2403.0,603.0,866.0,439.0,600.0,599.0,600.0
1.0,5288.0,1816.0,1799.0,876.0,2848.0,676.0,1122.0,1050.0,600.0,599.0,600.0,604.0,601.0,611.0,1797.0,1530.0,1961.0,676.0,1122.0,1050.0,600.0,599.0,600.0
1.0,4348.0,1859.0,1800.0,1908.0,2803.0,698.0,871.0,1234.0,601.0,599.0,600.0,621.0,615.0,623.0,1724.0,1274.0,1350.0,698.0,871.0,1234.0,601.0,599.0,600.0
1.0,4397.0,1801.0,1802.0,2848.0,1764.0,613.0,361.0,790.0,601.0,600.0,601.0,591.0,608.0,602.0,1706.0,1525.0,1166.0,613.0,361.0,790.0,601.0,600.0,601.0
1.0,5444.0,1784.0,1803.0,2803.0,749.0,504.0,90.0,155.0,602.0,600.0,601.0,585.0,600.0,599.0,1791.0,2039.0,1614.0,504.0,90.0,155.0,602.0,600.0,601.0
1.0,6463.0,1853.0,1805.0,1764.0,857.0,500.0,357.0,0.0,602.0,601.0,602.0,609.0,624.0,620.0,1904.0,2310.0,2249.0,500.0,357.0,0.0,602.0,601.0,602.0
1.0,6374.0,1809.0,1805.0,749.0,1906.0,595.0,872.0,439.0,602.0,601.0,602.0,599.0,605.0,605.0,1908.0,2047.0,2419.0,595.0,872.0,439.0,602.0,601.0,602.0
1.0,5314.0,1825.0,1806.0,857.0,2878.0,698.0,1129.0,1051.0,602.0,601.0,603.0,603.0,614.0,608.0,1813.0,1532.0,1969.0,698.0,1129.0,1051.0,602.0,601.0,603.0
1.0,4346.0,1823.0,1808.0,1906.0,2803.0,718.0,864.0,1221.0,603.0,602.0,603.0,611.0,603.0,609.0,1710.0,1275.0,1361.0,718.0,864.0,1221.0,603.0,602.0,603.0
1.0,4429.0,1820.0,1810.0,2878.0,1753.0,627.0,337.0,789.0,604.0,602.0,604.0,603.0,602.0,615.0,1694.0,1544.0,1191.0,627.0,337.0,789.0,604.0,602.0,604.0
1.0,5487.0,1820.0,1810.0,2803.0,770.0,514.0,80.0,176.0,604.0,602.0,604.0,605.0,607.0,608.0,1789.0,2071.0,1627.0,514.0,80.0,176.0,604.0,602.0,604.0
1.0,6470.0,1808.0,1810.0,1753.0,832.0,480.0,352.0,0.0,604.0,602.0,604.0,593.0,609.0,606.0,1902.0,2328.0,2240.0,480.0,352.0,0.0,604.0,602.0,604.0
1.0,6415.0,1827.0,1810.0,770.0,1882.0,564.0,884.0,434.0,604.0,602.0,604.0,598.0,612.0,617.0,1936.0,2056.0,2423.0,564.0,884.0,434.0,604.0,602.0,604.0
1.0,5358.0,1808.0,1811.0,832.0,2862.0,684.0,1133.0,1045.0,604.0,602.0,605.0,600.0,601.0,607.0,1852.0,1524.0,1982.0,684.0,1133.0,1045.0,604.0,602.0,605.0
1.0,4382.0,1833.0,1812.0,1882.0,2817.0,724.0,864.0,1229.0,604.0,603.0,605.0,604.0,611.0,618.0,1732.0,1275.0,1375.0,724.0,864.0,1229.0,604.0,603.0,605.0
1.0,4431.0,1835.0,1813.0,2862.0,1794.0,646.0,347.0,801.0,604.0,603.0,606.0,606.0,616.0,613.0,1692.0,1548.0,1191.0,646.0,347.0,801.0,604.0,603.0,606.0
1.0,5458.0,1834.0,1813.0,2817.0,811.0,533.0,91.0,187.0,604.0,603.0,606.0,611.0,608.0,615.0,1770.0,2065.0,1623.0,533.0,91.0,187.0,604.0,603.0,606.0
1.0,6441.0,1860.0,1816.0,1794.0,889.0,520.0,358.0,11.0,605.0,604.0,607.0,629.0,610.0,621.0,1883.0,2321.0,2237.0,520.0,358.0,11.0,605.0,604.0,607.0
1.0,6375.0,1834.0,1816.0,811.0,1912.0,590.0,883.0,439.0,605.0,604.0,607.0,603.0,616.0,615.0,1900.0,2058.0,2417.0,590.0,883.0,439.0,605.0,604.0,607.0
1.0,5352.0,1861.0,1817.0,889.0,2888.0,690.0,1143.0,1055.0,605.0,604.0,608.0,620.0,618.0,623.0,1830.0,1533.0,1989.0,690.0,1143.0,1055.0,605.0,604.0,608.0
1.0,4380.0,1817.0,1819.0,1912.0,2801.0,706.0,874.0,1221.0,606.0,605.0,608.0,602.0,610.0,605.0,1730.0,1273.0,1377.0,706.0,874.0,1221.0,606.0,605.0,608.0
1.0,4475.0,1827.0,1820.0,2888.0,1744.0,630.0,342.0,772.0,606.0,605.0,609.0,614.0,611.0,602.0,1718.0,1546.0,1211.0,630.0,342.0,772.0,606.0,605.0,609.0
1.0,5536.0,1836.0,1821.0,2801.0,783.0,531.0,95.0,157.0,606.0,606.0,609.0,607.0,623.0,606.0,1794.0,2078.0,1664.0,531.0,95.0,157.0,606.0,606.0,609.0
1.0,6501.0,1810.0,1821.0,1744.0,856.0,493.0,363.0,0.0,606.0,606.0,609.0,592.0,610.0,608.0,1893.0,2329.0,2279.0,493.0,363.0,0.0,606.0,606.0,609.0
1.0,6435.0,1806.0,1821.0,783.0,1872.0,556.0,880.0,436.0,606.0,606.0,609.0,594.0,612.0,600.0,1931.0,2061.0,2443.0,556.0,880.0,436.0,606.0,606.0,609.0
1.0,5412.0,1878.0,1822.0,856.0,2898.0,688.0,1148.0,1062.0,606.0,607.0,609.0,625.0,627.0,626.0,1868.0,1544.0,2000.0,688.0,1148.0,1062.0,606.0,607.0,609.0
1.0,4390.0,1847.0,1823.0,1872.0,2877.0,755.0,891.0,1231.0,606.0,607.0,610.0,623.0,623.0,601.0,1736.0,1280.0,1374.0,755.0,891.0,1231.0,606.0,607.0,610.0
1.0,4415.0,1830.0,1824.0,2898.0,1813.0,688.0,349.0,776.0,607.0,607.0,610.0,617.0,606.0,607.0,1669.0,1537.0,1209.0,688.0,349.0,776.0,607.0,607.0,610.0
1.0,5483.0,1841.0,1824.0,2877.0,777.0,550.0,71.0,156.0,607.0,607.0,610.0,617.0,613.0,611.0,1740.0,2079.0,1664.0,550.0,71.0,156.0,607.0,607.0,610.0
1.0,6519.0,1848.0,1824.0,1813.0,817.0,485.0,332.0,0.0,607.0,607.0,610.0,623.0,610.0,615.0,1878.0,2357.0,2284.0,485.0,332.0,0.0,607.0,607.0,610.0
1.0,6484.0,1803.0,1824.0,777.0,1838.0,538.0,863.0,437.0,607.0,607.0,610.0,603.0,602.0,598.0,1943.0,2096.0,2445.0,538.0,863.0,437.0,607.0,607.0,610.0
1.0,5458.0,1868.0,1825.0,817.0,2893.0,684.0,1147.0,1062.0,607.0,608.0,610.0,631.0,612.0,625.0,1890.0,1565.0,2003.0,684.0,1147.0,1062.0,607.0,608.0,610.0
1.0,4407.0,1872.0,1827.0,1838.0,2935.0,778.0,903.0,1254.0,608.0,608.0,611.0,628.0,619.0,625.0,1744.0,1285.0,1378.0,778.0,903.0,1254.0,608.0,608.0,611.0
1.0,4373.0,1876.0,1828.0,2893.0,1922.0,730.0,378.0,814.0,608.0,609.0,611.0,636.0,618.0,622.0,1654.0,1529.0,1190.0,730.0,378.0,814.0,608.0,609.0,611.0
1.0,5390.0,1840.0,1829.0,2935.0,831.0,574.0,91.0,166.0,609.0,609.0,611.0,618.0,616.0,606.0,1702.0,2058.0,1630.0,574.0,91.0,166.0,609.0,609.0,611.0
1.0,6485.0,1873.0,1829.0,1922.0,809.0,477.0,332.0,0.0,609.0,609.0,611.0,633.0,619.0,621.0,1862.0,2345.0,2278.0,477.0,332.0,0.0,609.0,609.0,611.0
1.0,6534.0,1846.0,1831.0,831.0,1805.0,520.0,863.0,422.0,609.0,610.0,612.0,617.0,618.0,611.0,1959.0,2104.0,2471.0,520.0,863.0,422.0,609.0,610.0,612.0
1.0,5519.0,1842.0,1832.0,809.0,2842.0,667.0,1149.0,1026.0,610.0,610.0,612.0,620.0,618.0,604.0,1916.0,1577.0,2026.0,667.0,1149.0,1026.0,610.0,610.0,612.0
1.0,4486.0,1837.0,1833.0,1805.0,2878.0,770.0,897.0,1211.0,610.0,611.0,612.0,623.0,607.0,607.0,1773.0,1291.0,1422.0,770.0,897.0,1211.0,610.0,611.0,612.0
1.0,4454.0,1852.0,1834.0,2842.0,1892.0,729.0,361.0,802.0,611.0,611.0,612.0,622.0,613.0,617.0,1670.0,1547.0,1237.0,729.0,361.0,802.0,611.0,611.0,612.0
1.0,5444.0,1844.0,1834.0,2878.0,858.0,584.0,77.0,197.0,611.0,611.0,612.0,625.0,613.0,606.0,1715.0,2083.0,1646.0,584.0,77.0,197.0,611.0,611.0,612.0
1.0,6478.0,1869.0,1834.0,1892.0,835.0,487.0,334.0,14.0,611.0,611.0,612.0,632.0,618.0,619.0,1860.0,2367.0,2251.0,487.0,334.0,14.0,611.0,611.0,612.0
1.0,6501.0,1827.0,1834.0,858.0,1804.0,518.0,862.0,424.0,611.0,611.0,612.0,615.0,605.0,607.0,1957.0,2110.0,2434.0,518.0,862.0,424.0,611.0,611.0,612.0
1.0,5532.0,1848.0,1835.0,835.0,2821.0,647.0,1148.0,1026.0,611.0,612.0,612.0,616.0,616.0,616.0,1926.0,1582.0,2024.0,647.0,1148.0,1026.0,611.0,612.0,612.0
1.0,4519.0,1816.0,1835.0,1804.0,2833.0,745.0,888.0,1200.0,612.0,611.0,612.0,612.0,606.0,598.0,1797.0,1300.0,1422.0,745.0,888.0,1200.0,612.0,611.0,612.0
1.0,4507.0,1890.0,1836.0,2821.0,1906.0,736.0,372.0,798.0,612.0,612.0,612.0,638.0,628.0,624.0,1703.0,1556.0,1248.0,736.0,372.0,798.0,612.0,612.0,612.0
1.0,5438.0,1843.0,1836.0,2833.0,916.0,607.0,92.0,217.0,612.0,612.0,612.0,616.0,608.0,619.0,1712.0,2076.0,1650.0,607.0,92.0,217.0,612.0,612.0,612.0
1.0,6428.0,1845.0,1836.0,1906.0,855.0,492.0,327.0,36.0,612.0,612.0,612.0,621.0,607.0,617.0,1841.0,2356.0,2231.0,492.0,327.0,36.0,612.0,612.0,612.0
1.0,6489.0,1817.0,1836.0,916.0,1756.0,495.0,837.0,424.0,612.0,612.0,612.0,610.0,602.0,605.0,1956.0,2121.0,2412.0,495.0,837.0,424.0,612.0,612.0,612.0
1.0,5588.0,1847.0,1836.0,855.0,2748.0,617.0,1119.0,1012.0,612.0,612.0,612.0,614.0,609.0,624.0,1953.0,1611.0,2024.0,617.0,1119.0,1012.0,612.0,612.0,612.0
1.0,4596.0,1842.0,1837.0,1756.0,2838.0,745.0,903.0,1190.0,613.0,612.0,612.0,619.0,621.0,602.0,1831.0,1329.0,1436.0,745.0,903.0,1190.0,613.0,612.0,612.0
1.0,4510.0,1845.0,1837.0,2748.0,1935.0,742.0,387.0,806.0,613.0,612.0,612.0,614.0,603.0,628.0,1707.0,1545.0,1258.0,742.0,387.0,806.0,613.0,612.0,612.0
1.0,5413.0,1827.0,1837.0,2838.0,924.0,612.0,91.0,221.0,613.0,612.0,612.0,615.0,607.0,605.0,1710.0,2061.0,1642.0,612.0,91.0,221.0,613.0,612.0,612.0
1.0,6424.0,1887.0,1838.0,1935.0,880.0,509.0,333.0,38.0,614.0,612.0,612.0,635.0,629.0,623.0,1840.0,2357.0,2227.0,509.0,333.0,38.0,614.0,612.0,612.0
1.0,6472.0,1824.0,1838.0,924.0,1780.0,514.0,843.0,423.0,614.0,612.0,612.0,617.0,601.0,606.0,1947.0,2115.0,2410.0,514.0,843.0,423.0,614.0,612.0,612.0
1.0,5572.0,1797.0,1838.0,880.0,2697.0,601.0,1116.0,980.0,614.0,612.0,612.0,596.0,606.0,595.0,1942.0,1605.0,2025.0,601.0,1116.0,980.0,614.0,612.0,612.0
1.0,4655.0,1898.0,1840.0,1780.0,2823.0,723.0,911.0,1189.0,615.0,613.0,612.0,632.0,634.0,632.0,1855.0,1332.0,1468.0,723.0,911.0,1189.0,615.0,613.0,612.0
1.0,4537.0,1849.0,1839.0,2697.0,1971.0,738.0,409.0,824.0,615.0,612.0,612.0,616.0,618.0,615.0,1737.0,1541.0,1259.0,738.0,409.0,824.0,615.0,612.0,612.0
1.0,5385.0,1795.0,1839.0,2823.0,943.0,609.0,103.0,231.0,615.0,612.0,612.0,594.0,605.0,596.0,1722.0,2039.0,1624.0,609.0,103.0,231.0,615.0,612.0,612.0
1.0,6413.0,1861.0,1840.0,1971.0,837.0,481.0,322.0,34.0,615.0,613.0,612.0,610.0,624.0,627.0,1851.0,2345.0,2217.0,481.0,322.0,34.0,615.0,613.0,612.0
1.0,6523.0,1830.0,1841.0,943.0,1728.0,484.0,823.0,421.0,615.0,613.0,613.0,612.0,604.0,614.0,1979.0,2130.0,2414.0,484.0,823.0,421.0,615.0,613.0,613.0
1.0,5636.0,1839.0,1841.0,837.0,2730.0,611.0,1113.0,1006.0,615.0,613.0,613.0,608.0,612.0,619.0,1976.0,1629.0,2031.0,611.0,1113.0,1006.0,615.0,613.0,613.0
1.0,4634.0,1849.0,1841.0,1728.0,2851.0,739.0,902.0,1210.0,615.0,613.0,613.0,612.0,612.0,625.0,1849.0,1339.0,1446.0,739.0,902.0,1210.0,615.0,613.0,613.0
1.0,4513.0,1828.0,1841.0,2730.0,1949.0,731.0,412.0,806.0,615.0,613.0,613.0,603.0,623.0,602.0,1721.0,1550.0,1242.0,731.0,412.0,806.0,615.0,613.0,613.0
1.0,5415.0,1854.0,1842.0,2851.0,956.0,608.0,125.0,223.0,616.0,613.0,613.0,612.0,615.0,627.0,1729.0,2040.0,1646.0,608.0,125.0,223.0,616.0,613.0,613.0
1.0,6412.0,1823.0,1842.0,1949.0,830.0,466.0,328.0,36.0,615.0,614.0,613.0,593.0,611.0,619.0,1856.0,2327.0,2229.0,466.0,328.0,36.0,615.0,614.0,613.0
1.0,6538.0,1851.0,1843.0,956.0,1729.0,479.0,820.0,430.0,616.0,614.0,613.0,617.0,617.0,617.0,1994.0,2128.0,2416.0,479.0,820.0,430.0,616.0,614.0,613.0
1.0,5643.0,1845.0,1844.0,830.0,2748.0,620.0,1106.0,1022.0,616.0,614.0,614.0,607.0,614.0,624.0,1985.0,1636.0,2022.0,620.0,1106.0,1022.0,616.0,614.0,614.0
1.0,4628.0,1883.0,1844.0,1729.0,2902.0,767.0,913.0,1222.0,616.0,614.0,614.0,626.0,627.0,630.0,1844.0,1350.0,1434.0,767.0,913.0,1222.0,616.0,614.0,614.0
1.0,4474.0,1870.0,1844.0,2748.0,2024.0,762.0,431.0,831.0,616.0,614.0,614.0,615.0,624.0,631.0,1697.0,1543.0,1234.0,762.0,431.0,831.0,616.0,614.0,614.0
1.0,5352.0,1836.0,1844.0,2902.0,958.0,608.0,131.0,219.0,616.0,614.0,614.0,613.0,613.0,610.0,1702.0,2025.0,1625.0,608.0,131.0,219.0,616.0,614.0,614.0
1.0,6418.0,1847.0,1844.0,2024.0,781.0,451.0,319.0,11.0,616.0,614.0,614.0,605.0,619.0,623.0,1856.0,2325.0,2237.0,451.0,319.0,11.0,616.0,614.0,614.0
1.0,6595.0,1872.0,1844.0,958.0,1695.0,469.0,812.0,414.0,616.0,614.0,614.0,626.0,624.0,622.0,2013.0,2137.0,2445.0,469.0,812.0,414.0,616.0,614.0,614.0
1.0,5681.0,1849.0,1846.0,781.0,2771.0,632.0,1113.0,1026.0,616.0,615.0,615.0,614.0,616.0,619.0,1995.0,1644.0,2042.0,632.0,1113.0,1026.0,616.0,615.0,615.0
1.0,4613.0,1839.0,1845.0,1695.0,2911.0,767.0,911.0,1233.0,616.0,614.0,615.0,604.0,614.0,621.0,1832.0,1347.0,1434.0,767.0,911.0,1233.0,616.0,614.0,615.0
1.0,4469.0,1879.0,1847.0,2771.0,2027.0,757.0,439.0,831.0,617.0,615.0,615.0,618.0,637.0,624.0,1697.0,1545.0,1227.0,757.0,439.0,831.0,617.0,615.0,615.0
1.0,5361.0,1904.0,1848.0,2911.0,1024.0,621.0,163.0,240.0,617.0,615.0,616.0,631.0,635.0,638.0,1711.0,2021.0,1629.0,621.0,163.0,240.0,617.0,615.0,616.0
1.0,6368.0,1875.0,1848.0,2027.0,872.0,491.0,349.0,32.0,617.0,615.0,616.0,627.0,625.0,623.0,1847.0,2297.0,2224.0,491.0,349.0,32.0,617.0,615.0,616.0
1.0,6520.0,1871.0,1848.0,1024.0,1719.0,496.0,817.0,406.0,617.0,615.0,616.0,626.0,631.0,614.0,1977.0,2111.0,2432.0,496.0,817.0,406.0,617.0,615.0,616.0
1.0,5673.0,1872.0,1851.0,872.0,2731.0,632.0,1089.0,1010.0,618.0,616.0,617.0,623.0,617.0,632.0,1972.0,1643.0,2058.0,632.0,1089.0,1010.0,618.0,616.0,617.0
1.0,4673.0,1896.0,1851.0,1719.0,2908.0,766.0,902.0,1240.0,618.0,616.0,617.0,630.0,630.0,636.0,1840.0,1375.0,1458.0,766.0,902.0,1240.0,618.0,616.0,617.0
1.0,4496.0,1865.0,1851.0,2731.0,2042.0,759.0,437.0,846.0,618.0,616.0,617.0,625.0,624.0,616.0,1706.0,1562.0,1228.0,759.0,437.0,846.0,618.0,616.0,617.0
1.0,5362.0,1864.0,1852.0,2908.0,1002.0,616.0,164.0,222.0,618.0,617.0,617.0,623.0,625.0,616.0,1713.0,2027.0,1622.0,616.0,164.0,222.0,618.0,617.0,617.0
1.0,6406.0,1891.0,1853.0,2042.0,855.0,483.0,356.0,16.0,618.0,617.0,618.0,626.0,629.0,636.0,1856.0,2304.0,2246.0,483.0,356.0,16.0,618.0,617.0,618.0
1.0,6557.0,1867.0,1853.0,1002.0,1720.0,492.0,813.0,415.0,618.0,617.0,618.0,625.0,621.0,621.0,1989.0,2112.0,2456.0,492.0,813.0,415.0,618.0,617.0,618.0
1.0,5692.0,1871.0,1852.0,855.0,2732.0,631.0,1086.0,1015.0,618.0,617.0,617.0,622.0,629.0,620.0,1980.0,1655.0,2057.0,631.0,1086.0,1015.0,618.0,617.0,617.0
1.0,4676.0,1908.0,1854.0,1720.0,2928.0,774.0,907.0,1247.0,618.0,618.0,618.0,635.0,630.0,643.0,1841.0,1382.0,1453.0,774.0,907.0,1247.0,618.0,618.0,618.0
1.0,4488.0,1895.0,1855.0,2732.0,2095.0,771.0,450.0,874.0,618.0,618.0,619.0,628.0,629.0,638.0,1698.0,1565.0,1225.0,771.0,450.0,874.0,618.0,618.0,619.0
1.0,5325.0,1925.0,1855.0,2928.0,1092.0,630.0,187.0,275.0,618.0,618.0,619.0,633.0,644.0,648.0,1701.0,2022.0,1602.0,630.0,187.0,275.0,618.0,618.0,619.0
1.0,6328.0,1925.0,1858.0,2095.0,934.0,506.0,379.0,49.0,619.0,619.0,620.0,643.0,638.0,644.0,1842.0,2285.0,2201.0,506.0,379.0,49.0,619.0,619.0,620.0
1.0,6498.0,1869.0,1858.0,1092.0,1711.0,497.0,815.0,399.0,619.0,619.0,620.0,621.0,623.0,625.0,1970.0,2097.0,2431.0,497.0,815.0,399.0,619.0,619.0,620.0
1.0,5721.0,1879.0,1859.0,934.0,2660.0,617.0,1061.0,982.0,619.0,619.0,621.0,626.0,625.0,628.0,1979.0,1661.0,2081.0,617.0,1061.0,982.0,619.0,619.0,621.0
1.0,4776.0,1834.0,1858.0,1711.0,2779.0,738.0,861.0,1180.0,619.0,619.0,620.0,618.0,615.0,601.0,1859.0,1415.0,1502.0,738.0,861.0,1180.0,619.0,619.0,620.0
1.0,4653.0,1889.0,1859.0,2660.0,2012.0,756.0,424.0,832.0,619.0,619.0,621.0,635.0,624.0,630.0,1738.0,1615.0,1300.0,756.0,424.0,832.0,619.0,619.0,621.0
1.0,5424.0,1932.0,1860.0,2779.0,1169.0,663.0,209.0,297.0,619.0,620.0,621.0,645.0,642.0,645.0,1720.0,2052.0,1652.0,663.0,209.0,297.0,619.0,620.0,621.0
1.0,6271.0,1918.0,1862.0,2012.0,1083.0,552.0,423.0,108.0,620.0,620.0,622.0,641.0,638.0,639.0,1813.0,2271.0,2187.0,552.0,423.0,108.0,620.0,620.0,622.0
1.0,6365.0,1893.0,1864.0,1169.0,1815.0,519.0,847.0,449.0,620.0,621.0,623.0,630.0,629.0,634.0,1928.0,2057.0,2380.0,519.0,847.0,449.0,620.0,621.0,623.0
1.0,5641.0,1873.0,1864.0,1083.0,2605.0,592.0,1044.0,969.0,620.0,621.0,623.0,625.0,620.0,628.0,1961.0,1637.0,2043.0,592.0,1044.0,969.0,620.0,621.0,623.0
1.0,4851.0,1917.0,1864.0,1815.0,2707.0,714.0,830.0,1163.0,620.0,621.0,623.0,641.0,633.0,643.0,1888.0,1440.0,1523.0,714.0,830.0,1163.0,620.0,621.0,623.0
1.0,4749.0,1882.0,1866.0,2605.0,1992.0,760.0,412.0,820.0,621.0,622.0,623.0,634.0,622.0,626.0,1766.0,1654.0,1329.0,760.0,412.0,820.0,621.0,622.0,623.0
1.0,5472.0,1873.0,1867.0,2707.0,1162.0,672.0,200.0,290.0,621.0,622.0,624.0,626.0,618.0,629.0,1724.0,2076.0,1672.0,672.0,200.0,290.0,621.0,622.0,624.0
1.0,6306.0,1874.0,1867.0,1992.0,1044.0,539.0,410.0,95.0,621.0,622.0,624.0,627.0,622.0,625.0,1812.0,2288.0,2206.0,539.0,410.0,95.0,621.0,622.0,624.0
1.0,6424.0,1866.0,1867.0,1162.0,1748.0,492.0,832.0,424.0,621.0,622.0,624.0,625.0,622.0,619.0,1945.0,2078.0,2401.0,492.0,832.0,424.0,621.0,622.0,624.0
1.0,5720.0,1881.0,1868.0,1044.0,2589.0,589.0,1046.0,954.0,622.0,622.0,624.0,632.0,624.0,625.0,1992.0,1656.0,2072.0,589.0,1046.0,954.0,622.0,622.0,624.0
1.0,4883.0,1821.0,1867.0,1748.0,2658.0,697.0,820.0,1141.0,621.0,622.0,624.0,604.0,606.0,611.0,1899.0,1442.0,1542.0,697.0,820.0,1141.0,621.0,622.0,624.0
1.0,4810.0,1895.0,1867.0,2589.0,1964.0,747.0,404.0,813.0,621.0,622.0,624.0,639.0,630.0,626.0,1787.0,1668.0,1355.0,747.0,404.0,813.0,621.0,622.0,624.0
1.0,5504.0,1850.0,1868.0,2658.0,1160.0,665.0,210.0,285.0,621.0,623.0,624.0,615.0,622.0,613.0,1737.0,2084.0,1683.0,665.0,210.0,285.0,621.0,623.0,624.0
1.0,6312.0,1894.0,1870.0,1964.0,1098.0,561.0,434.0,103.0,622.0,623.0,625.0,639.0,628.0,627.0,1819.0,2282.0,2211.0,561.0,434.0,103.0,622.0,623.0,625.0
1.0,6382.0,1912.0,1871.0,1160.0,1854.0,549.0,857.0,448.0,623.0,623.0,625.0,649.0,633.0,630.0,1927.0,2058.0,2397.0,549.0,857.0,448.0,623.0,623.0,625.0
1.0,5630.0,1837.0,1871.0,1098.0,2593.0,605.0,1038.0,950.0,623.0,623.0,625.0,617.0,615.0,605.0,1943.0,1635.0,2052.0,605.0,1038.0,950.0,623.0,623.0,625.0
1.0,4891.0,1851.0,1871.0,1854.0,2590.0,673.0,796.0,1121.0,623.0,623.0,625.0,617.0,615.0,619.0,1887.0,1454.0,1550.0,673.0,796.0,1121.0,623.0,623.0,625.0
1.0,4894.0,1812.0,1871.0,2593.0,1809.0,673.0,357.0,779.0,623.0,623.0,625.0,605.0,599.0,608.0,1819.0,1696.0,1379.0,673.0,357.0,779.0,623.0,623.0,625.0
1.0,5675.0,1864.0,1871.0,2590.0,1083.0,619.0,184.0,280.0,623.0,623.0,625.0,619.0,623.0,622.0,1819.0,2135.0,1721.0,619.0,184.0,280.0,623.0,623.0,625.0
1.0,6401.0,1831.0,1871.0,1809.0,1105.0,557.0,433.0,115.0,623.0,623.0,625.0,611.0,606.0,614.0,1873.0,2308.0,2220.0,557.0,433.0,115.0,623.0,623.0,625.0
1.0,6379.0,1851.0,1871.0,1083.0,1873.0,559.0,862.0,452.0,623.0,623.0,625.0,621.0,613.0,617.0,1935.0,2059.0,2385.0,559.0,862.0,452.0,623.0,623.0,625.0
1.0,5611.0,1875.0,1872.0,1105.0,2647.0,638.0,1055.0,954.0,624.0,623.0,625.0,632.0,626.0,617.0,1933.0,1630.0,2048.0,638.0,1055.0,954.0,624.0,623.0,625.0
1.0,4841.0,1855.0,1872.0,1873.0,2629.0,700.0,808.0,1121.0,624.0,623.0,625.0,621.0,615.0,619.0,1858.0,1437.0,1546.0,700.0,808.0,1121.0,624.0,623.0,625.0
1.0,4859.0,1873.0,1874.0,2647.0,1863.0,692.0,382.0,789.0,625.0,624.0,625.0,626.0,625.0,622.0,1796.0,1684.0,1379.0,692.0,382.0,789.0,625.0,624.0,625.0
1.0,5633.0,1870.0,1874.0,2629.0,1104.0,616.0,200.0,288.0,625.0,624.0,625.0,624.0,626.0,620.0,1808.0,2114.0,1711.0,616.0,200.0,288.0,625.0,624.0,625.0
1.0,6392.0,1903.0,1874.0,1863.0,1144.0,560.0,455.0,129.0,625.0,624.0,625.0,636.0,637.0,630.0,1884.0,2296.0,2212.0,560.0,455.0,129.0,625.0,624.0,625.0
1.0,6352.0,1856.0,1874.0,1104.0,1896.0,572.0,871.0,453.0,625.0,624.0,625.0,628.0,616.0,612.0,1940.0,2041.0,2371.0,572.0,871.0,453.0,625.0,624.0,625.0
1.0,5600.0,1871.0,1875.0,1144.0,2627.0,636.0,1043.0,948.0,626.0,624.0,625.0,620.0,627.0,624.0,1928.0,1625.0,2047.0,636.0,1043.0,948.0,626.0,624.0,625.0
1.0,4873.0,1817.0,1874.0,1896.0,2544.0,664.0,775.0,1105.0,625.0,624.0,625.0,604.0,603.0,610.0,1868.0,1453.0,1552.0,664.0,775.0,1105.0,625.0,624.0,625.0
1.0,4952.0,1846.0,1874.0,2627.0,1763.0,646.0,349.0,768.0,626.0,624.0,624.0,614.0,617.0,615.0,1836.0,1721.0,1395.0,646.0,349.0,768.0,626.0,624.0,624.0
1.0,5733.0,1836.0,1873.0,2544.0,1051.0,587.0,186.0,278.0,625.0,624.0,624.0,609.0,612.0,615.0,1858.0,2147.0,1728.0,587.0,186.0,278.0,625.0,624.0,624.0
1.0,6441.0,1870.0,1873.0,1763.0,1158.0,556.0,472.0,130.0,625.0,624.0,624.0,615.0,635.0,620.0,1913.0,2310.0,2218.0,556.0,472.0,130.0,625.0,624.0,624.0
1.0,6334.0,1882.0,1874.0,1051.0,1993.0,611.0,912.0,470.0,626.0,624.0,624.0,638.0,626.0,618.0,1944.0,2024.0,2366.0,611.0,912.0,470.0,626.0,624.0,624.0
1.0,5503.0,1856.0,1874.0,1158.0,2691.0,665.0,1060.0,966.0,626.0,624.0,624.0,610.0,620.0,626.0,1893.0,1584.0,2026.0,665.0,1060.0,966.0,626.0,624.0,624.0
1.0,4805.0,1879.0,1874.0,1993.0,2577.0,675.0,774.0,1128.0,626.0,624.0,624.0,621.0,626.0,632.0,1839.0,1436.0,1530.0,675.0,774.0,1128.0,626.0,624.0,624.0
1.0,4919.0,1876.0,1874.0,2691.0,1762.0,647.0,335.0,780.0,626.0,624.0,624.0,637.0,621.0,618.0,1829.0,1722.0,1368.0,647.0,335.0,780.0,626.0,624.0,624.0
1.0,5734.0,1862.0,1872.0,2577.0,1039.0,583.0,183.0,273.0,625.0,623.0,624.0,615.0,626.0,621.0,1857.0,2161.0,1716.0,583.0,183.0,273.0,625.0,623.0,624.0
1.0,6449.0,1878.0,1874.0,1762.0,1163.0,574.0,480.0,109.0,626.0,624.0,624.0,634.0,628.0,616.0,1917.0,2309.0,2223.0,574.0,480.0,109.0,626.0,624.0,624.0
1.0,6333.0,1875.0,1873.0,1039.0,1995.0,618.0,911.0,466.0,626.0,623.0,624.0,627.0,618.0,630.0,1930.0,2016.0,2387.0,618.0,911.0,466.0,626.0,623.0,624.0
1.0,5497.0,1901.0,1874.0,1163.0,2737.0,680.0,1072.0,985.0,626.0,624.0,624.0,636.0,637.0,628.0,1886.0,1581.0,2030.0,680.0,1072.0,985.0,626.0,624.0,624.0
1.0,4759.0,1887.0,1874.0,1995.0,2629.0,696.0,785.0,1148.0,626.0,624.0,624.0,634.0,624.0,629.0,1824.0,1424.0,1511.0,696.0,785.0,1148.0,626.0,624.0,624.0
1.0,4867.0,1907.0,1874.0,2737.0,1799.0,659.0,351.0,789.0,626.0,624.0,624.0,643.0,638.0,626.0,1808.0,1711.0,1348.0,659.0,351.0,789.0,626.0,624.0,624.0
1.0,5697.0,1920.0,1875.0,2629.0,1094.0,607.0,212.0,275.0,627.0,624.0,624.0,640.0,646.0,634.0,1845.0,2145.0,1707.0,607.0,212.0,275.0,627.0,624.0,624.0
1.0,6406.0,1902.0,1876.0,1799.0,1201.0,583.0,490.0,128.0,627.0,624.0,625.0,635.0,629.0,638.0,1901.0,2284.0,2221.0,583.0,490.0,128.0,627.0,624.0,625.0
1.0,6303.0,1932.0,1877.0,1094.0,2043.0,622.0,923.0,498.0,627.0,625.0,625.0,646.0,641.0,645.0,1925.0,2006.0,2372.0,622.0,923.0,498.0,627.0,625.0,625.0
1.0,5465.0,1921.0,1877.0,1201.0,2763.0,684.0,1068.0,1011.0,627.0,625.0,625.0,645.0,635.0,641.0,1886.0,1577.0,2002.0,684.0,1068.0,1011.0,627.0,625.0,625.0
1.0,4745.0,1935.0,1878.0,2043.0,2659.0,710.0,784.0,1165.0,628.0,625.0,625.0,644.0,639.0,652.0,1824.0,1432.0,1489.0,710.0,784.0,1165.0,628.0,625.0,625.0
1.0,4853.0,1898.0,1877.0,2763.0,1790.0,663.0,340.0,787.0,628.0,624.0,625.0,637.0,628.0,633.0,1802.0,1716.0,1335.0,663.0,340.0,787.0,628.0,624.0,625.0
1.0,5718.0,1911.0,1878.0,2659.0,1046.0,596.0,193.0,257.0,628.0,625.0,625.0,643.0,633.0,635.0,1849.0,2156.0,1713.0,596.0,193.0,257.0,628.0,625.0,625.0
1.0,6466.0,1923.0,1878.0,1790.0,1179.0,579.0,492.0,108.0,628.0,625.0,625.0,646.0,639.0,638.0,1916.0,2307.0,2243.0,579.0,492.0,108.0,628.0,625.0,625.0
1.0,6333.0,1973.0,1881.0,1046.0,2118.0,647.0,960.0,511.0,629.0,626.0,626.0,660.0,657.0,656.0,1933.0,2008.0,2392.0,647.0,960.0,511.0,629.0,626.0,626.0
1.0,5406.0,1905.0,1881.0,1179.0,2844.0,702.0,1106.0,1036.0,629.0,626.0,626.0,634.0,638.0,633.0,1869.0,1544.0,1993.0,702.0,1106.0,1036.0,629.0,626.0,626.0
1.0,4680.0,1928.0,1881.0,2118.0,2654.0,703.0,783.0,1168.0,629.0,626.0,626.0,648.0,637.0,643.0,1814.0,1398.0,1468.0,703.0,783.0,1168.0,629.0,626.0,626.0
1.0,4870.0,1899.0,1881.0,2844.0,1709.0,629.0,312.0,768.0,629.0,626.0,626.0,628.0,635.0,636.0,1813.0,1721.0,1336.0,629.0,312.0,768.0,629.0,626.0,626.0
1.0,5815.0,1895.0,1881.0,2654.0,950.0,554.0,167.0,229.0,629.0,626.0,626.0,628.0,638.0,629.0,1887.0,2192.0,1736.0,554.0,167.0,229.0,629.0,626.0,626.0
1.0,6574.0,1927.0,1881.0,1709.0,1168.0,568.0,493.0,107.0,629.0,626.0,626.0,643.0,638.0,646.0,1962.0,2337.0,2275.0,568.0,493.0,107.0,629.0,626.0,626.0
1.0,6356.0,1956.0,1883.0,950.0,2182.0,675.0,979.0,528.0,630.0,627.0,626.0,657.0,649.0,650.0,1948.0,2011.0,2397.0,675.0,979.0,528.0,630.0,627.0,626.0
1.0,5350.0,1913.0,1884.0,1168.0,2931.0,739.0,1130.0,1062.0,630.0,627.0,627.0,632.0,644.0,637.0,1845.0,1529.0,1976.0,739.0,1130.0,1062.0,630.0,627.0,627.0
1.0,4605.0,1894.0,1884.0,2182.0,2643.0,694.0,788.0,1161.0,630.0,627.0,627.0,630.0,637.0,627.0,1781.0,1378.0,1446.0,694.0,788.0,1161.0,630.0,627.0,627.0
1.0,4893.0,1921.0,1885.0,2931.0,1637.0,595.0,312.0,730.0,630.0,628.0,627.0,640.0,650.0,631.0,1826.0,1720.0,1347.0,595.0,312.0,730.0,630.0,628.0,627.0
1.0,5903.0,1937.0,1885.0,2643.0,931.0,546.0,165.0,220.0,630.0,628.0,627.0,645.0,641.0,651.0,1925.0,2200.0,1778.0,546.0,165.0,220.0,630.0,628.0,627.0
1.0,6609.0,1927.0,1887.0,1637.0,1229.0,592.0,505.0,132.0,630.0,629.0,628.0,641.0,648.0,638.0,1974.0,2347.0,2288.0,592.0,505.0,132.0,630.0,629.0,628.0
1.0,6319.0,1910.0,1888.0,931.0,2212.0,690.0,970.0,552.0,631.0,629.0,628.0,640.0,630.0,640.0,1928.0,2011.0,2380.0,690.0,970.0,552.0,631.0,629.0,628.0
1.0,5340.0,1911.0,1888.0,1229.0,2894.0,743.0,1097.0,1054.0,631.0,629.0,628.0,645.0,632.0,634.0,1834.0,1546.0,1960.0,743.0,1097.0,1054.0,631.0,629.0,628.0
1.0,4658.0,1942.0,1891.0,2212.0,2636.0,698.0,776.0,1162.0,632.0,630.0,629.0,641.0,645.0,656.0,1781.0,1419.0,1458.0,698.0,776.0,1162.0,632.0,630.0,629.0
1.0,4928.0,1926.0,1892.0,2894.0,1672.0,588.0,324.0,760.0,632.0,630.0,630.0,633.0,645.0,648.0,1830.0,1744.0,1354.0,588.0,324.0,760.0,632.0,630.0,630.0
1.0,5896.0,1925.0,1892.0,2636.0,961.0,534.0,184.0,243.0,632.0,630.0,630.0,644.0,636.0,645.0,1940.0,2196.0,1760.0,534.0,184.0,243.0,632.0,630.0,630.0
1.0,6607.0,1916.0,1893.0,1672.0,1209.0,581.0,503.0,125.0,632.0,631.0,630.0,635.0,639.0,642.0,1994.0,2336.0,2277.0,581.0,503.0,125.0,632.0,631.0,630.0
1.0,6363.0,1916.0,1894.0,961.0,2168.0,687.0,961.0,520.0,632.0,631.0,631.0,640.0,642.0,634.0,1947.0,2021.0,2395.0,687.0,961.0,520.0,632.0,631.0,631.0
1.0,5408.0,1878.0,1896.0,1209.0,2845.0,733.0,1091.0,1021.0,633.0,632.0,631.0,623.0,629.0,626.0,1841.0,1563.0,2004.0,733.0,1091.0,1021.0,633.0,632.0,631.0
1.0,4739.0,1942.0,1897.0,2168.0,2623.0,688.0,774.0,1161.0,633.0,632.0,632.0,642.0,644.0,656.0,1799.0,1437.0,1503.0,688.0,774.0,1161.0,633.0,632.0,632.0
1.0,4965.0,1932.0,1899.0,2845.0,1718.0,598.0,336.0,784.0,634.0,633.0,632.0,639.0,649.0,644.0,1844.0,1754.0,1367.0,598.0,336.0,784.0,634.0,633.0,632.0
1.0,5878.0,1888.0,1900.0,2623.0,987.0,528.0,199.0,260.0,634.0,633.0,633.0,618.0,637.0,633.0,1938.0,2196.0,1744.0,528.0,199.0,260.0,634.0,633.0,633.0
1.0,6613.0,1854.0,1899.0,1718.0,1119.0,545.0,477.0,97.0,633.0,633.0,633.0,619.0,614.0,621.0,2008.0,2333.0,2272.0,545.0,477.0,97.0,633.0,633.0,633.0
1.0,6477.0,1899.0,1900.0,987.0,2035.0,651.0,909.0,475.0,634.0,633.0,633.0,630.0,631.0,638.0,1987.0,2055.0,2435.0,651.0,909.0,475.0,634.0,633.0,633.0
1.0,5565.0,1898.0,1901.0,1119.0,2818.0,738.0,1055.0,1025.0,634.0,633.0,634.0,632.0,623.0,643.0,1885.0,1623.0,2057.0,738.0,1055.0,1025.0,634.0,633.0,634.0
1.0,4786.0,1919.0,1902.0,2035.0,2706.0,718.0,786.0,1202.0,634.0,634.0,634.0,631.0,636.0,652.0,1798.0,1477.0,1511.0,718.0,786.0,1202.0,634.0,634.0,634.0
1.0,4902.0,1906.0,1902.0,2818.0,1794.0,613.0,367.0,814.0,634.0,634.0,634.0,633.0,636.0,637.0,1818.0,1750.0,1334.0,613.0,367.0,814.0,634.0,634.0,634.0
1.0,5814.0,1910.0,1903.0,2706.0,1002.0,524.0,216.0,262.0,634.0,634.0,635.0,629.0,635.0,646.0,1923.0,2169.0,1722.0,524.0,216.0,262.0,634.0,634.0,635.0
1.0,6610.0,1919.0,1903.0,1794.0,1127.0,553.0,483.0,91.0,634.0,634.0,635.0,642.0,634.0,643.0,2012.0,2320.0,2278.0,553.0,483.0,91.0,634.0,634.0,635.0
1.0,6485.0,1937.0,1906.0,1002.0,2074.0,675.0,918.0,481.0,635.0,635.0,636.0,642.0,647.0,648.0,1983.0,2053.0,2449.0,675.0,918.0,481.0,635.0,635.0,636.0
1.0,5550.0,1861.0,1906.0,1127.0,2808.0,748.0,1053.0,1007.0,635.0,635.0,636.0,626.0,618.0,617.0,1865.0,1622.0,2063.0,748.0,1053.0,1007.0,635.0,635.0,636.0
1.0,4816.0,1882.0,1906.0,2074.0,2616.0,691.0,765.0,1160.0,635.0,635.0,636.0,618.0,630.0,634.0,1792.0,1487.0,1537.0,691.0,765.0,1160.0,635.0,635.0,636.0
1.0,5008.0,1918.0,1908.0,2808.0,1734.0,576.0,356.0,802.0,636.0,635.0,637.0,629.0,644.0,645.0,1849.0,1775.0,1384.0,576.0,356.0,802.0,636.0,635.0,637.0
1.0,5898.0,1914.0,1909.0,2616.0,1036.0,521.0,235.0,280.0,636.0,636.0,637.0,636.0,640.0,638.0,1968.0,2184.0,1746.0,521.0,235.0,280.0,636.0,636.0,637.0
1.0,6600.0,1941.0,1910.0,1734.0,1247.0,587.0,515.0,145.0,636.0,636.0,638.0,642.0,636.0,663.0,2023.0,2309.0,2268.0,587.0,515.0,145.0,636.0,636.0,638.0
1.0,6393.0,1864.0,1910.0,1036.0,2075.0,688.0,901.0,486.0,636.0,636.0,638.0,622.0,621.0,621.0,1957.0,2029.0,2407.0,688.0,901.0,486.0,636.0,636.0,638.0
1.0,5565.0,1886.0,1910.0,1247.0,2714.0,729.0,1002.0,983.0,636.0,636.0,638.0,628.0,616.0,642.0,1856.0,1643.0,2066.0,729.0,1002.0,983.0,636.0,636.0,638.0
1.0,4926.0,1913.0,1910.0,2075.0,2552.0,678.0,743.0,1131.0,636.0,636.0,638.0,637.0,642.0,634.0,1815.0,1542.0,1569.0,678.0,743.0,1131.0,636.0,636.0,638.0
1.0,5088.0,1883.0,1911.0,2714.0,1725.0,574.0,359.0,792.0,636.0,636.0,639.0,625.0,618.0,640.0,1866.0,1801.0,1421.0,574.0,359.0,792.0,636.0,636.0,639.0
1.0,5919.0,1918.0,1911.0,2552.0,1091.0,535.0,259.0,297.0,636.0,636.0,639.0,639.0,643.0,636.0,1970.0,2185.0,1764.0,535.0,259.0,297.0,636.0,636.0,639.0
1.0,6553.0,1903.0,1911.0,1725.0,1269.0,585.0,540.0,144.0,636.0,636.0,639.0,624.0,640.0,639.0,2009.0,2285.0,2259.0,585.0,540.0,144.0,636.0,636.0,639.0
1.0,6375.0,1947.0,1914.0,1091.0,2137.0,704.0,933.0,500.0,637.0,637.0,640.0,650.0,648.0,649.0,1959.0,2004.0,2412.0,704.0,933.0,500.0,637.0,637.0,640.0
1.0,5519.0,1910.0,1913.0,1269.0,2774.0,754.0,1032.0,988.0,636.0,637.0,640.0,639.0,639.0,632.0,1844.0,1615.0,2060.0,754.0,1032.0,988.0,636.0,637.0,640.0
1.0,4878.0,1941.0,1914.0,2137.0,2582.0,705.0,742.0,1135.0,637.0,637.0,640.0,651.0,643.0,647.0,1790.0,1516.0,1572.0,705.0,742.0,1135.0,637.0,637.0,640.0
1.0,5074.0,1903.0,1914.0,2774.0,1711.0,588.0,344.0,779.0,637.0,637.0,640.0,637.0,634.0,632.0,1843.0,1806.0,1425.0,588.0,344.0,779.0,637.0,637.0,640.0
1.0,5945.0,1946.0,1914.0,2582.0,1075.0,537.0,247.0,291.0,637.0,637.0,640.0,654.0,645.0,647.0,1960.0,2204.0,1781.0,537.0,247.0,291.0,637.0,637.0,640.0
1.0,6581.0,1897.0,1914.0,1711.0,1261.0,588.0,536.0,137.0,637.0,637.0,640.0,639.0,633.0,625.0,2011.0,2301.0,2269.0,588.0,536.0,137.0,637.0,637.0,640.0
1.0,6395.0,1923.0,1913.0,1075.0,2105.0,693.0,939.0,473.0,637.0,637.0,639.0,642.0,650.0,631.0,1960.0,2012.0,2423.0,693.0,939.0,473.0,637.0,637.0,639.0
1.0,5547.0,1943.0,1915.0,1261.0,2795.0,751.0,1051.0,993.0,637.0,638.0,640.0,646.0,644.0,653.0,1855.0,1609.0,2083.0,751.0,1051.0,993.0,637.0,638.0,640.0
1.0,4865.0,1944.0,1915.0,2105.0,2634.0,718.0,759.0,1157.0,637.0,638.0,640.0,660.0,647.0,637.0,1797.0,1501.0,1567.0,718.0,759.0,1157.0,637.0,638.0,640.0
1.0,5026.0,1882.0,1914.0,2795.0,1717.0,590.0,339.0,788.0,637.0,638.0,639.0,623.0,631.0,628.0,1830.0,1793.0,1403.0,590.0,339.0,788.0,637.0,638.0,639.0
1.0,5939.0,1974.0,1914.0,2634.0,1057.0,528.0,244.0,285.0,637.0,638.0,639.0,656.0,664.0,654.0,1958.0,2213.0,1768.0,528.0,244.0,285.0,637.0,638.0,639.0
1.0,6599.0,1899.0,1914.0,1717.0,1239.0,582.0,535.0,122.0,637.0,638.0,639.0,644.0,630.0,625.0,2020.0,2308.0,2271.0,582.0,535.0,122.0,637.0,638.0,639.0
1.0,6417.0,1893.0,1914.0,1057.0,2075.0,685.0,927.0,463.0,637.0,638.0,639.0,631.0,636.0,626.0,1966.0,2017.0,2434.0,685.0,927.0,463.0,637.0,638.0,639.0
1.0,5581.0,1905.0,1914.0,1239.0,2741.0,751.0,1024.0,966.0,637.0,638.0,639.0,648.0,632.0,625.0,1863.0,1625.0,2093.0,751.0,1024.0,966.0,637.0,638.0,639.0
1.0,4915.0,1954.0,1914.0,2075.0,2620.0,722.0,750.0,1148.0,637.0,638.0,639.0,656.0,653.0,645.0,1797.0,1528.0,1590.0,722.0,750.0,1148.0,637.0,638.0,639.0
1.0,5036.0,1930.0,1915.0,2741.0,1813.0,627.0,361.0,825.0,638.0,638.0,639.0,652.0,635.0,643.0,1826.0,1802.0,1408.0,627.0,361.0,825.0,638.0,638.0,639.0
1.0,5847.0,1909.0,1913.0,2620.0,1094.0,545.0,238.0,311.0,637.0,637.0,639.0,644.0,631.0,634.0,1925.0,2191.0,1731.0,545.0,238.0,311.0,637.0,637.0,639.0
1.0,6558.0,1979.0,1915.0,1813.0,1268.0,579.0,542.0,147.0,638.0,638.0,639.0,657.0,661.0,661.0,2003.0,2310.0,2245.0,579.0,542.0,147.0,638.0,638.0,639.0
1.0,6392.0,1944.0,1915.0,1094.0,2118.0,696.0,947.0,475.0,638.0,638.0,639.0,662.0,643.0,639.0,1973.0,2010.0,2409.0,696.0,947.0,475.0,638.0,638.0,639.0
1.0,5542.0,1945.0,1916.0,1268.0,2799.0,779.0,1057.0,963.0,639.0,638.0,639.0,658.0,652.0,635.0,1856.0,1605.0,2081.0,779.0,1057.0,963.0,639.0,638.0,639.0
1.0,4865.0,1899.0,1916.0,2118.0,2580.0,715.0,748.0,1117.0,639.0,638.0,639.0,632.0,638.0,629.0,1777.0,1495.0,1593.0,715.0,748.0,1117.0,639.0,638.0,639.0
1.0,5084.0,1960.0,1916.0,2799.0,1741.0,596.0,348.0,797.0,639.0,638.0,639.0,660.0,657.0,643.0,1841.0,1804.0,1439.0,596.0,348.0,797.0,639.0,638.0,639.0
1.0,5923.0,1961.0,1917.0,2580.0,1126.0,533.0,264.0,329.0,639.0,639.0,639.0,652.0,660.0,649.0,1960.0,2204.0,1759.0,533.0,264.0,329.0,639.0,639.0,639.0
1.0,6542.0,1941.0,1918.0,1741.0,1330.0,589.0,560.0,181.0,639.0,639.0,640.0,652.0,644.0,645.0,2023.0,2292.0,2227.0,589.0,560.0,181.0,639.0,639.0,640.0
1.0,6342.0,1923.0,1918.0,1126.0,2127.0,711.0,938.0,478.0,640.0,639.0,639.0,651.0,642.0,630.0,1967.0,1996.0,2379.0,711.0,938.0,478.0,640.0,639.0,639.0
1.0,5545.0,1929.0,1918.0,1330.0,2726.0,782.0,1012.0,932.0,640.0,639.0,639.0,660.0,634.0,635.0,1849.0,1618.0,2078.0,782.0,1012.0,932.0,640.0,639.0,639.0
1.0,4946.0,1972.0,1918.0,2127.0,2571.0,729.0,727.0,1115.0,640.0,639.0,639.0,658.0,653.0,661.0,1778.0,1544.0,1624.0,729.0,727.0,1115.0,640.0,639.0,639.0
1.0,5101.0,1933.0,1918.0,2726.0,1778.0,593.0,363.0,822.0,640.0,639.0,639.0,646.0,648.0,639.0,1831.0,1829.0,1441.0,593.0,363.0,822.0,640.0,639.0,639.0
1.0,5894.0,1911.0,1918.0,2571.0,1118.0,494.0,280.0,344.0,640.0,639.0,639.0,630.0,644.0,637.0,1967.0,2193.0,1734.0,494.0,280.0,344.0,640.0,639.0,639.0
1.0,6554.0,1931.0,1920.0,1778.0,1279.0,558.0,574.0,147.0,641.0,640.0,639.0,653.0,653.0,625.0,2066.0,2276.0,2212.0,558.0,574.0,147.0,641.0,640.0,639.0
1.0,6401.0,1972.0,1920.0,1118.0,2133.0,719.0,954.0,460.0,641.0,640.0,639.0,655.0,660.0,657.0,2006.0,1986.0,2409.0,719.0,954.0,460.0,641.0,640.0,639.0
1.0,5547.0,1936.0,1920.0,1279.0,2790.0,803.0,1034.0,953.0,641.0,640.0,639.0,642.0,654.0,640.0,1845.0,1606.0,2096.0,803.0,1034.0,953.0,641.0,640.0,639.0
1.0,4890.0,1957.0,1921.0,2133.0,2618.0,732.0,739.0,1147.0,642.0,640.0,639.0,644.0,659.0,654.0,1761.0,1526.0,1603.0,732.0,739.0,1147.0,642.0,640.0,639.0
1.0,5066.0,1930.0,1923.0,2790.0,1766.0,559.0,359.0,848.0,642.0,641.0,640.0,630.0,650.0,650.0,1836.0,1821.0,1409.0,559.0,359.0,848.0,642.0,641.0,640.0
1.0,5926.0,1942.0,1924.0,2618.0,1094.0,475.0,276.0,343.0,642.0,642.0,640.0,648.0,652.0,642.0,2009.0,2205.0,1712.0,475.0,276.0,343.0,642.0,642.0,640.0
1.0,6602.0,1943.0,1924.0,1766.0,1271.0,561.0,572.0,138.0,642.0,642.0,640.0,645.0,655.0,643.0,2093.0,2292.0,2217.0,561.0,572.0,138.0,642.0,642.0,640.0
1.0,6425.0,1973.0,1926.0,1094.0,2158.0,750.0,960.0,448.0,643.0,643.0,640.0,660.0,660.0,653.0,2007.0,1996.0,2422.0,750.0,960.0,448.0,643.0,643.0,640.0
1.0,5546.0,1998.0,1928.0,1271.0,2893.0,859.0,1050.0,984.0,644.0,643.0,641.0,666.0,662.0,670.0,1822.0,1612.0,2112.0,859.0,1050.0,984.0,644.0,643.0,641.0
1.0,4819.0,1961.0,1929.0,2158.0,2700.0,755.0,753.0,1192.0,644.0,644.0,641.0,646.0,659.0,656.0,1717.0,1522.0,1580.0,755.0,753.0,1192.0,644.0,644.0,641.0
1.0,5016.0,1955.0,1929.0,2893.0,1762.0,542.0,357.0,863.0,644.0,644.0,641.0,646.0,654.0,655.0,1821.0,1823.0,1372.0,542.0,357.0,863.0,644.0,644.0,641.0
1.0,5954.0,1958.0,1929.0,2700.0,1020.0,446.0,245.0,329.0,644.0,644.0,641.0,659.0,641.0,658.0,2034.0,2219.0,1701.0,446.0,245.0,329.0,644.0,644.0,641.0
1.0,6696.0,1939.0,1931.0,1762.0,1205.0,548.0,535.0,122.0,645.0,644.0,642.0,640.0,647.0,652.0,2130.0,2331.0,2235.0,548.0,535.0,122.0,645.0,644.0,642.0
1.0,6519.0,1919.0,1932.0,1020.0,2108.0,736.0,935.0,437.0,645.0,645.0,642.0,634.0,641.0,644.0,2032.0,2041.0,2446.0,736.0,935.0,437.0,645.0,645.0,642.0
1.0,5620.0,1963.0,1932.0,1205.0,2866.0,835.0,1062.0,969.0,645.0,645.0,642.0,647.0,662.0,654.0,1844.0,1645.0,2131.0,835.0,1062.0,969.0,645.0,645.0,642.0
1.0,4862.0,2022.0,1935.0,2108.0,2792.0,766.0,804.0,1222.0,646.0,646.0,643.0,663.0,673.0,686.0,1745.0,1518.0,1599.0,766.0,804.0,1222.0,646.0,646.0,643.0
1.0,4948.0,1968.0,1935.0,2866.0,1894.0,581.0,392.0,921.0,646.0,646.0,643.0,650.0,650.0,668.0,1818.0,1780.0,1350.0,581.0,392.0,921.0,646.0,646.0,643.0
1.0,5846.0,1976.0,1937.0,2792.0,1086.0,459.0,256.0,371.0,646.0,647.0,644.0,644.0,664.0,668.0,2003.0,2192.0,1651.0,459.0,256.0,371.0,646.0,647.0,644.0
1.0,6662.0,1947.0,1938.0,1894.0,1143.0,533.0,515.0,95.0,647.0,647.0,644.0,651.0,651.0,645.0,2125.0,2332.0,2205.0,533.0,515.0,95.0,647.0,647.0,644.0
1.0,6609.0,1968.0,1940.0,1086.0,2033.0,726.0,920.0,387.0,647.0,648.0,645.0,652.0,657.0,659.0,2055.0,2073.0,2481.0,726.0,920.0,387.0,647.0,648.0,645.0
1.0,5727.0,1945.0,1940.0,1143.0,2835.0,831.0,1052.0,952.0,647.0,648.0,645.0,638.0,647.0,660.0,1862.0,1672.0,2193.0,831.0,1052.0,952.0,647.0,648.0,645.0
1.0,4925.0,1965.0,1942.0,2033.0,2775.0,759.0,783.0,1233.0,648.0,648.0,646.0,650.0,651.0,664.0,1757.0,1540.0,1628.0,759.0,783.0,1233.0,648.0,648.0,646.0
1.0,4993.0,1996.0,1943.0,2835.0,1940.0,588.0,400.0,952.0,648.0,649.0,646.0,660.0,665.0,671.0,1833.0,1809.0,1351.0,588.0,400.0,952.0,648.0,649.0,646.0
1.0,5832.0,1933.0,1943.0,2775.0,1098.0,467.0,260.0,371.0,648.0,649.0,646.0,638.0,643.0,652.0,2004.0,2196.0,1632.0,467.0,260.0,371.0,648.0,649.0,646.0
1.0,6674.0,1944.0,1944.0,1940.0,1106.0,528.0,504.0,74.0,648.0,649.0,647.0,649.0,644.0,651.0,2125.0,2336.0,2213.0,528.0,504.0,74.0,648.0,649.0,647.0
1.0,6670.0,1964.0,1944.0,1098.0,1972.0,717.0,889.0,366.0,648.0,649.0,647.0,656.0,645.0,663.0,2064.0,2092.0,2514.0,717.0,889.0,366.0,648.0,649.0,647.0
1.0,5804.0,1975.0,1946.0,1106.0,2849.0,852.0,1046.0,951.0,649.0,649.0,648.0,659.0,661.0,655.0,1875.0,1707.0,2222.0,852.0,1046.0,951.0,649.0,649.0,648.0
1.0,4935.0,1969.0,1947.0,1972.0,2850.0,793.0,816.0,1241.0,649.0,650.0,648.0,658.0,655.0,656.0,1744.0,1550.0,1641.0,793.0,816.0,1241.0,649.0,650.0,648.0
1.0,4938.0,1982.0,1948.0,2849.0,1987.0,596.0,426.0,965.0,649.0,650.0,649.0,655.0,656.0,671.0,1803.0,1784.0,1351.0,596.0,426.0,965.0,649.0,650.0,649.0
1.0,5805.0,1927.0,1948.0,2850.0,1064.0,438.0,250.0,376.0,649.0,650.0,649.0,635.0,640.0,652.0,2000.0,2174.0,1631.0,438.0,250.0,376.0,649.0,650.0,649.0
1.0,6728.0,1953.0,1948.0,1987.0,1030.0,489.0,479.0,62.0,649.0,650.0,649.0,647.0,655.0,651.0,2158.0,2350.0,2220.0,489.0,479.0,62.0,649.0,650.0,649.0
1.0,6762.0,1980.0,1949.0,1064.0,1950.0,701.0,885.0,364.0,649.0,650.0,650.0,650.0,656.0,674.0,2107.0,2121.0,2534.0,701.0,885.0,364.0,649.0,650.0,650.0
1.0,5846.0,1944.0,1949.0,1030.0,2864.0,855.0,1052.0,957.0,649.0,650.0,650.0,643.0,646.0,655.0,1895.0,1715.0,2236.0,855.0,1052.0,957.0,649.0,650.0,650.0
1.0,4932.0,1958.0,1949.0,1950.0,2872.0,808.0,812.0,1252.0,649.0,650.0,650.0,654.0,645.0,659.0,1741.0,1548.0,1643.0,808.0,812.0,1252.0,649.0,650.0,650.0
1.0,4924.0,1980.0,1952.0,2864.0,2000.0,616.0,421.0,963.0,650.0,651.0,651.0,659.0,657.0,664.0,1788.0,1788.0,1348.0,616.0,421.0,963.0,650.0,651.0,651.0
1.0,5808.0,1951.0,1953.0,2872.0,1083.0,460.0,251.0,372.0,650.0,651.0,652.0,652.0,642.0,657.0,1984.0,2183.0,1641.0,460.0,251.0,372.0,650.0,651.0,652.0
1.0,6729.0,1978.0,1954.0,2000.0,1065.0,502.0,478.0,85.0,650.0,651.0,653.0,658.0,648.0,672.0,2140.0,2353.0,2236.0,502.0,478.0,85.0,650.0,651.0,653.0
1.0,6751.0,1993.0,1954.0,1083.0,1975.0,709.0,894.0,372.0,650.0,651.0,653.0,667.0,667.0,659.0,2098.0,2126.0,2527.0,709.0,894.0,372.0,650.0,651.0,653.0
1.0,5841.0,1941.0,1954.0,1065.0,2851.0,867.0,1047.0,937.0,650.0,651.0,653.0,660.0,631.0,650.0,1891.0,1710.0,2240.0,867.0,1047.0,937.0,650.0,651.0,653.0
1.0,4965.0,1924.0,1955.0,1975.0,2804.0,809.0,790.0,1205.0,651.0,651.0,653.0,647.0,637.0,640.0,1733.0,1557.0,1675.0,809.0,790.0,1205.0,651.0,651.0,653.0
1.0,5016.0,1974.0,1955.0,2851.0,1927.0,603.0,398.0,926.0,651.0,651.0,653.0,661.0,655.0,658.0,1795.0,1814.0,1407.0,603.0,398.0,926.0,651.0,651.0,653.0
1.0,5893.0,1942.0,1954.0,2804.0,1061.0,445.0,253.0,363.0,650.0,651.0,653.0,655.0,645.0,642.0,2001.0,2206.0,1686.0,445.0,253.0,363.0,650.0,651.0,653.0
1.0,6755.0,1990.0,1956.0,1927.0,1132.0,513.0,517.0,102.0,651.0,651.0,654.0,667.0,662.0,661.0,2155.0,2351.0,2249.0,513.0,517.0,102.0,651.0,651.0,654.0
1.0,6692.0,1982.0,1957.0,1061.0,2057.0,737.0,922.0,398.0,651.0,652.0,654.0,669.0,654.0,659.0,2091.0,2087.0,2514.0,737.0,922.0,398.0,651.0,652.0,654.0
1.0,5771.0,1947.0,1957.0,1132.0,2872.0,873.0,1054.0,945.0,651.0,652.0,654.0,649.0,649.0,649.0,1867.0,1686.0,2218.0,873.0,1054.0,945.0,651.0,652.0,654.0
1.0,4956.0,1958.0,1956.0,2057.0,2769.0,793.0,777.0,1199.0,651.0,651.0,654.0,657.0,649.0,652.0,1731.0,1554.0,1671.0,793.0,777.0,1199.0,651.0,651.0,654.0
1.0,5055.0,1984.0,1959.0,2872.0,1893.0,590.0,386.0,917.0,652.0,652.0,655.0,666.0,659.0,659.0,1811.0,1827.0,1417.0,590.0,386.0,917.0,652.0,652.0,655.0
1.0,5943.0,1966.0,1959.0,2769.0,1090.0,450.0,267.0,373.0,652.0,652.0,655.0,653.0,658.0,655.0,2018.0,2222.0,1703.0,450.0,267.0,373.0,652.0,652.0,655.0
1.0,6746.0,1977.0,1959.0,1893.0,1174.0,526.0,535.0,113.0,652.0,652.0,655.0,666.0,654.0,657.0,2158.0,2341.0,2247.0,526.0,535.0,113.0,652.0,652.0,655.0
1.0,6662.0,1948.0,1959.0,1090.0,2032.0,733.0,916.0,383.0,652.0,652.0,655.0,657.0,648.0,643.0,2082.0,2073.0,2507.0,733.0,916.0,383.0,652.0,652.0,655.0
1.0,5804.0,1959.0,1959.0,1174.0,2817.0,869.0,1031.0,917.0,652.0,652.0,655.0,662.0,650.0,647.0,1875.0,1692.0,2237.0,869.0,1031.0,917.0,652.0,652.0,655.0
1.0,5019.0,1909.0,1959.0,2032.0,2694.0,774.0,755.0,1165.0,652.0,652.0,655.0,638.0,640.0,631.0,1739.0,1577.0,1703.0,774.0,755.0,1165.0,652.0,652.0,655.0
1.0,5142.0,1968.0,1960.0,2817.0,1849.0,569.0,375.0,905.0,652.0,652.0,656.0,664.0,651.0,653.0,1834.0,1853.0,1455.0,569.0,375.0,905.0,652.0,652.0,656.0
1.0,5991.0,1965.0,1960.0,2694.0,1120.0,467.0,273.0,380.0,653.0,652.0,655.0,668.0,653.0,644.0,2039.0,2233.0,1719.0,467.0,273.0,380.0,653.0,652.0,655.0
1.0,6720.0,1967.0,1961.0,1849.0,1242.0,568.0,552.0,122.0,653.0,652.0,656.0,670.0,654.0,643.0,2145.0,2335.0,2240.0,568.0,552.0,122.0,653.0,652.0,656.0
1.0,6602.0,1958.0,1960.0,1120.0,2076.0,761.0,930.0,385.0,653.0,652.0,655.0,660.0,651.0,647.0,2044.0,2056.0,2502.0,761.0,930.0,385.0,653.0,652.0,655.0
1.0,5764.0,1986.0,1961.0,1242.0,2824.0,865.0,1040.0,919.0,654.0,652.0,655.0,668.0,662.0,656.0,1851.0,1678.0,2235.0,865.0,1040.0,919.0,654.0,652.0,655.0
1.0,5020.0,1999.0,1963.0,2076.0,2755.0,782.0,776.0,1197.0,655.0,652.0,656.0,674.0,666.0,659.0,1751.0,1568.0,1701.0,782.0,776.0,1197.0,655.0,652.0,656.0
1.0,5097.0,1974.0,1964.0,2824.0,1909.0,570.0,408.0,931.0,655.0,653.0,656.0,653.0,668.0,653.0,1838.0,1832.0,1427.0,570.0,408.0,931.0,655.0,653.0,656.0
1.0,5947.0,1954.0,1963.0,2755.0,1104.0,443.0,278.0,383.0,655.0,652.0,656.0,655.0,650.0,649.0,2050.0,2204.0,1693.0,443.0,278.0,383.0,655.0,652.0,656.0
1.0,6748.0,1983.0,1964.0,1909.0,1182.0,534.0,537.0,111.0,655.0,653.0,656.0,661.0,663.0,659.0,2177.0,2330.0,2241.0,534.0,537.0,111.0,655.0,653.0,656.0
1.0,6674.0,1943.0,1963.0,1104.0,2017.0,739.0,918.0,360.0,655.0,653.0,655.0,648.0,659.0,636.0,2086.0,2075.0,2513.0,739.0,918.0,360.0,655.0,653.0,655.0
1.0,5835.0,1979.0,1963.0,1182.0,2814.0,866.0,1045.0,903.0,655.0,653.0,655.0,661.0,664.0,654.0,1881.0,1694.0,2260.0,866.0,1045.0,903.0,655.0,653.0,655.0
1.0,5038.0,1961.0,1963.0,2017.0,2758.0,779.0,798.0,1181.0,655.0,653.0,655.0,652.0,671.0,638.0,1754.0,1567.0,1717.0,779.0,798.0,1181.0,655.0,653.0,655.0
1.0,5094.0,1967.0,1964.0,2814.0,1915.0,565.0,421.0,929.0,655.0,654.0,655.0,652.0,664.0,651.0,1841.0,1814.0,1439.0,565.0,421.0,929.0,655.0,654.0,655.0
1.0,5941.0,1981.0,1965.0,2758.0,1142.0,448.0,293.0,401.0,656.0,654.0,655.0,658.0,670.0,653.0,2055.0,2195.0,1691.0,448.0,293.0,401.0,656.0,654.0,655.0
1.0,6718.0,1969.0,1965.0,1915.0,1196.0,543.0,530.0,123.0,656.0,654.0,655.0,660.0,658.0,651.0,2176.0,2323.0,2219.0,543.0,530.0,123.0,656.0,654.0,655.0
1.0,6664.0,2008.0,1965.0,1142.0,2062.0,760.0,912.0,390.0,656.0,654.0,655.0,665.0,675.0,668.0,2081.0,2086.0,2497.0,760.0,912.0,390.0,656.0,654.0,655.0
1.0,5798.0,1987.0,1965.0,1196.0,2853.0,875.0,1050.0,928.0,656.0,654.0,655.0,658.0,668.0,661.0,1864.0,1704.0,2230.0,875.0,1050.0,928.0,656.0,654.0,655.0
1.0,5007.0,1958.0,1964.0,2062.0,2745.0,767.0,796.0,1182.0,656.0,654.0,654.0,652.0,658.0,648.0,1749.0,1566.0,1692.0,767.0,796.0,1182.0,656.0,654.0,654.0
1.0,5111.0,1954.0,1965.0,2853.0,1850.0,540.0,409.0,901.0,656.0,655.0,654.0,648.0,659.0,647.0,1857.0,1820.0,1434.0,540.0,409.0,901.0,656.0,655.0,654.0
1.0,6010.0,1987.0,1965.0,2745.0,1092.0,433.0,288.0,371.0,656.0,655.0,654.0,660.0,675.0,652.0,2084.0,2211.0,1715.0,433.0,288.0,371.0,656.0,655.0,654.0
1.0,6768.0,1998.0,1966.0,1850.0,1244.0,563.0,557.0,124.0,657.0,655.0,654.0,666.0,678.0,654.0,2191.0,2332.0,2245.0,563.0,557.0,124.0,657.0,655.0,654.0
1.0,6620.0,2004.0,1967.0,1092.0,2160.0,790.0,956.0,414.0,657.0,656.0,654.0,660.0,683.0,661.0,2065.0,2063.0,2492.0,790.0,956.0,414.0,657.0,656.0,654.0
1.0,5708.0,1999.0,1967.0,1244.0,2915.0,893.0,1068.0,954.0,657.0,656.0,654.0,666.0,669.0,664.0,1838.0,1668.0,2202.0,893.0,1068.0,954.0,657.0,656.0,654.0
1.0,4953.0,2004.0,1968.0,2160.0,2763.0,760.0,796.0,1207.0,657.0,657.0,654.0,657.0,680.0,667.0,1735.0,1556.0,1662.0,760.0,796.0,1207.0,657.0,657.0,654.0
1.0,5109.0,1949.0,1968.0,2915.0,1797.0,510.0,380.0,907.0,657.0,657.0,654.0,643.0,652.0,654.0,1868.0,1832.0,1409.0,510.0,380.0,907.0,657.0,657.0,654.0
1.0,6075.0,1981.0,1968.0,2763.0,1015.0,407.0,245.0,363.0,657.0,657.0,654.0,657.0,661.0,663.0,2118.0,2248.0,1709.0,407.0,245.0,363.0,657.0,657.0,654.0
1.0,6857.0,1992.0,1968.0,1797.0,1210.0,561.0,532.0,117.0,657.0,657.0,654.0,664.0,667.0,661.0,2221.0,2383.0,2253.0,561.0,532.0,117.0,657.0,657.0,654.0
1.0,6662.0,2011.0,1970.0,1015.0,2214.0,828.0,967.0,419.0,658.0,658.0,654.0,670.0,676.0,665.0,2067.0,2096.0,2499.0,828.0,967.0,419.0,658.0,658.0,654.0
1.0,5666.0,2025.0,1970.0,1210.0,3029.0,948.0,1108.0,973.0,658.0,658.0,654.0,681.0,673.0,671.0,1804.0,1665.0,2197.0,948.0,1108.0,973.0,658.0,658.0,654.0
1.0,4851.0,2051.0,1973.0,2214.0,2878.0,801.0,836.0,1241.0,659.0,659.0,655.0,677.0,691.0,683.0,1684.0,1524.0,1643.0,801.0,836.0,1241.0,659.0,659.0,655.0
1.0,5014.0,2005.0,1973.0,3029.0,1854.0,519.0,397.0,938.0,659.0,659.0,655.0,666.0,669.0,670.0,1835.0,1800.0,1379.0,519.0,397.0,938.0,659.0,659.0,655.0
1.0,6038.0,1959.0,1973.0,2878.0,935.0,361.0,218.0,356.0,659.0,659.0,655.0,643.0,657.0,659.0,2117.0,2239.0,1682.0,361.0,218.0,356.0,659.0,659.0,655.0
1.0,6957.0,2013.0,1975.0,1854.0,1102.0,508.0,501.0,93.0,660.0,660.0,655.0,662.0,676.0,675.0,2275.0,2418.0,2264.0,508.0,501.0,93.0,660.0,660.0,655.0
1.0,6798.0,1998.0,1976.0,935.0,2169.0,809.0,950.0,410.0,660.0,660.0,656.0,662.0,667.0,669.0,2132.0,2139.0,2527.0,809.0,950.0,410.0,660.0,660.0,656.0
1.0,5735.0,1952.0,1974.0,1102.0,3011.0,943.0,1102.0,966.0,659.0,660.0,655.0,646.0,653.0,653.0,1831.0,1690.0,2214.0,943.0,1102.0,966.0,659.0,660.0,655.0
1.0,4885.0,2064.0,1977.0,2169.0,2918.0,822.0,848.0,1248.0,660.0,661.0,656.0,684.0,692.0,688.0,1693.0,1538.0,1654.0,822.0,848.0,1248.0,660.0,661.0,656.0
1.0,4990.0,2066.0,1979.0,3011.0,1981.0,572.0,430.0,979.0,661.0,662.0,656.0,689.0,680.0,697.0,1818.0,1796.0,1376.0,572.0,430.0,979.0,661.0,662.0,656.0
1.0,5935.0,2002.0,1980.0,2918.0,1069.0,421.0,245.0,403.0,661.0,662.0,657.0,671.0,663.0,668.0,2072.0,2218.0,1645.0,421.0,245.0,403.0,661.0,662.0,657.0
1.0,6851.0,2029.0,1981.0,1981.0,1121.0,522.0,491.0,108.0,661.0,663.0,657.0,673.0,672.0,684.0,2223.0,2403.0,2225.0,522.0,491.0,108.0,661.0,663.0,657.0
1.0,6803.0,2017.0,1982.0,1069.0,2073.0,768.0,917.0,388.0,661.0,663.0,658.0,667.0,671.0,679.0,2122.0,2161.0,2520.0,768.0,917.0,388.0,661.0,663.0,658.0
1.0,5855.0,1992.0,1983.0,1121.0,2948.0,930.0,1075.0,943.0,662.0,663.0,658.0,680.0,649.0,663.0,1876.0,1735.0,2244.0,930.0,1075.0,943.0,662.0,663.0,658.0
1.0,4984.0,2051.0,1985.0,2073.0,2934.0,844.0,849.0,1241.0,662.0,664.0,659.0,682.0,687.0,682.0,1718.0,1577.0,1689.0,844.0,849.0,1241.0,662.0,664.0,659.0
1.0,5006.0,1999.0,1985.0,2948.0,1985.0,567.0,437.0,981.0,662.0,664.0,659.0,653.0,663.0,683.0,1804.0,1807.0,1395.0,567.0,437.0,981.0,662.0,664.0,659.0
1.0,5955.0,2014.0,1986.0,2934.0,1069.0,397.0,259.0,413.0,662.0,664.0,660.0,674.0,671.0,669.0,2081.0,2219.0,1655.0,397.0,259.0,413.0,662.0,664.0,660.0
1.0,6875.0,2015.0,1988.0,1985.0,1107.0,516.0,493.0,98.0,663.0,665.0,660.0,682.0,667.0,666.0,2251.0,2397.0,2227.0,516.0,493.0,98.0,663.0,665.0,660.0
1.0,6845.0,2011.0,1988.0,1069.0,2049.0,796.0,892.0,361.0,663.0,665.0,660.0,677.0,658.0,676.0,2136.0,2167.0,2542.0,796.0,892.0,361.0,663.0,665.0,660.0
1.0,5903.0,2025.0,1989.0,1107.0,2971.0,956.0,1062.0,953.0,663.0,665.0,661.0,676.0,663.0,686.0,1856.0,1768.0,2279.0,956.0,1062.0,953.0,663.0,665.0,661.0
1.0,4985.0,2061.0,1991.0,2049.0,2991.0,847.0,854.0,1290.0,664.0,665.0,662.0,683.0,684.0,694.0,1696.0,1598.0,1691.0,847.0,854.0,1290.0,664.0,665.0,662.0
1.0,4973.0,2031.0,1992.0,2971.0,2055.0,575.0,456.0,1024.0,664.0,666.0,662.0,684.0,660.0,687.0,1809.0,1806.0,1358.0,575.0,456.0,1024.0,664.0,666.0,662.0
1.0,5913.0,2018.0,1994.0,2991.0,1090.0,410.0,267.0,413.0,665.0,666.0,663.0,678.0,665.0,675.0,2081.0,2208.0,1624.0,410.0,267.0,413.0,665.0,666.0,663.0
1.0,6886.0,2055.0,1995.0,2055.0,1094.0,528.0,500.0,66.0,665.0,667.0,663.0,693.0,685.0,677.0,2250.0,2397.0,2239.0,528.0,500.0,66.0,665.0,667.0,663.0
1.0,6886.0,1998.0,1997.0,1090.0,2010.0,791.0,892.0,327.0,666.0,667.0,664.0,669.0,659.0,670.0,2132.0,2168.0,2586.0,791.0,892.0,327.0,666.0,667.0,664.0
1.0,5978.0,2003.0,1997.0,1094.0,2919.0,937.0,1051.0,931.0,666.0,667.0,664.0,674.0,659.0,670.0,1873.0,1776.0,2329.0,937.0,1051.0,931.0,666.0,667.0,664.0
1.0,5069.0,1969.0,1998.0,2010.0,2882.0,810.0,802.0,1270.0,666.0,667.0,665.0,664.0,643.0,662.0,1727.0,1617.0,1725.0,810.0,802.0,1270.0,666.0,667.0,665.0
1.0,5110.0,2010.0,1998.0,2919.0,1973.0,550.0,414.0,1009.0,666.0,667.0,665.0,677.0,663.0,670.0,1854.0,1866.0,1390.0,550.0,414.0,1009.0,666.0,667.0,665.0
1.0,6019.0,2048.0,2000.0,2882.0,1147.0,422.0,292.0,433.0,666.0,668.0,666.0,682.0,676.0,690.0,2114.0,2254.0,1651.0,422.0,292.0,433.0,666.0,668.0,666.0
1.0,6853.0,1990.0,2000.0,1973.0,1164.0,546.0,526.0,92.0,667.0,667.0,666.0,670.0,652.0,668.0,2242.0,2380.0,2231.0,546.0,526.0,92.0,667.0,667.0,666.0
1.0,6836.0,2009.0,2001.0,1147.0,2030.0,801.0,897.0,332.0,667.0,667.0,667.0,677.0,663.0,669.0,2122.0,2142.0,2572.0,801.0,897.0,332.0,667.0,667.0,667.0
1.0,5974.0,2003.0,2001.0,1164.0,2869.0,927.0,1032.0,910.0,667.0,667.0,667.0,672.0,661.0,670.0,1867.0,1771.0,2336.0,927.0,1032.0,910.0,667.0,667.0,667.0
1.0,5135.0,1980.0,2002.0,2030.0,2823.0,778.0,807.0,1238.0,667.0,668.0,667.0,652.0,668.0,660.0,1741.0,1636.0,1758.0,778.0,807.0,1238.0,667.0,668.0,667.0
1.0,5185.0,2022.0,2002.0,2869.0,1976.0,529.0,441.0,1006.0,667.0,668.0,667.0,678.0,666.0,678.0,1890.0,1865.0,1430.0,529.0,441.0,1006.0,667.0,668.0,667.0
1.0,6032.0,1979.0,2003.0,2823.0,1136.0,411.0,293.0,432.0,667.0,668.0,668.0,660.0,659.0,660.0,2139.0,2231.0,1662.0,411.0,293.0,432.0,667.0,668.0,668.0
1.0,6876.0,2003.0,2004.0,1976.0,1167.0,564.0,515.0,88.0,668.0,668.0,668.0,678.0,663.0,662.0,2257.0,2379.0,2240.0,564.0,515.0,88.0,668.0,668.0,668.0
1.0,6849.0,2013.0,2005.0,1136.0,2048.0,828.0,896.0,324.0,668.0,668.0,669.0,675.0,674.0,664.0,2108.0,2157.0,2584.0,828.0,896.0,324.0,668.0,668.0,669.0
1.0,5972.0,1949.0,2004.0,1167.0,2826.0,912.0,1024.0,890.0,668.0,667.0,669.0,648.0,647.0,654.0,1844.0,1776.0,2352.0,912.0,1024.0,890.0,668.0,667.0,669.0
1.0,5190.0,2060.0,2005.0,2048.0,2842.0,783.0,801.0,1258.0,669.0,667.0,669.0,695.0,673.0,692.0,1760.0,1644.0,1786.0,783.0,801.0,1258.0,669.0,667.0,669.0
1.0,5178.0,2018.0,2007.0,2826.0,2042.0,551.0,451.0,1040.0,669.0,668.0,670.0,680.0,670.0,668.0,1893.0,1867.0,1418.0,551.0,451.0,1040.0,669.0,668.0,670.0
1.0,5986.0,2021.0,2006.0,2842.0,1217.0,445.0,310.0,462.0,669.0,667.0,670.0,677.0,664.0,680.0,2125.0,2221.0,1640.0,445.0,310.0,462.0,669.0,667.0,670.0
1.0,6807.0,2038.0,2007.0,2042.0,1217.0,582.0,534.0,101.0,670.0,667.0,670.0,684.0,675.0,679.0,2231.0,2358.0,2218.0,582.0,534.0,101.0,670.0,667.0,670.0
1.0,6811.0,1996.0,2009.0,1217.0,2004.0,800.0,888.0,316.0,670.0,668.0,671.0,663.0,660.0,673.0,2098.0,2134.0,2579.0,800.0,888.0,316.0,670.0,668.0,671.0
1.0,6032.0,2031.0,2010.0,1217.0,2822.0,897.0,1030.0,895.0,671.0,668.0,671.0,675.0,676.0,680.0,1880.0,1784.0,2368.0,897.0,1030.0,895.0,671.0,668.0,671.0
1.0,5218.0,2038.0,2011.0,2004.0,2860.0,772.0,825.0,1263.0,671.0,668.0,672.0,675.0,683.0,680.0,1787.0,1642.0,1789.0,772.0,825.0,1263.0,671.0,668.0,672.0
1.0,5184.0,2020.0,2011.0,2822.0,2058.0,548.0,471.0,1039.0,671.0,668.0,672.0,673.0,676.0,671.0,1912.0,1847.0,1425.0,548.0,471.0,1039.0,671.0,668.0,672.0
1.0,5986.0,2005.0,2011.0,2860.0,1203.0,438.0,324.0,441.0,671.0,668.0,672.0,662.0,678.0,665.0,2136.0,2201.0,1649.0,438.0,324.0,441.0,671.0,668.0,672.0
1.0,6841.0,2007.0,2011.0,2058.0,1152.0,557.0,527.0,68.0,671.0,668.0,672.0,667.0,674.0,666.0,2246.0,2348.0,2247.0,557.0,527.0,68.0,671.0,668.0,672.0
1.0,6892.0,2074.0,2013.0,1203.0,2031.0,810.0,903.0,318.0,672.0,668.0,673.0,687.0,700.0,687.0,2127.0,2145.0,2620.0,810.0,903.0,318.0,672.0,668.0,673.0
1.0,6021.0,2040.0,2014.0,1152.0,2923.0,928.0,1066.0,929.0,672.0,669.0,673.0,675.0,686.0,679.0,1878.0,1769.0,2374.0,928.0,1066.0,929.0,672.0,669.0,673.0
1.0,5133.0,1989.0,2014.0,2031.0,2881.0,771.0,837.0,1273.0,672.0,669.0,673.0,653.0,674.0,662.0,1760.0,1610.0,1763.0,771.0,837.0,1273.0,672.0,669.0,673.0
1.0,5175.0,2008.0,2015.0,2923.0,1970.0,506.0,442.0,1022.0,672.0,669.0,674.0,663.0,671.0,674.0,1917.0,1839.0,1419.0,506.0,442.0,1022.0,672.0,669.0,674.0
1.0,6090.0,1995.0,2014.0,2881.0,1080.0,388.0,284.0,408.0,672.0,669.0,673.0,653.0,679.0,663.0,2182.0,2234.0,1674.0,388.0,284.0,408.0,672.0,669.0,673.0
1.0,6976.0,2030.0,2015.0,1970.0,1144.0,559.0,517.0,68.0,672.0,669.0,674.0,677.0,675.0,678.0,2300.0,2392.0,2284.0,559.0,517.0,68.0,672.0,669.0,674.0
1.0,6916.0,2041.0,2014.0,1080.0,2101.0,848.0,920.0,333.0,672.0,669.0,673.0,677.0,687.0,677.0,2129.0,2159.0,2628.0,848.0,920.0,333.0,672.0,669.0,673.0
1.0,5955.0,2036.0,2016.0,1144.0,3001.0,966.0,1090.0,945.0,672.0,670.0,674.0,677.0,683.0,676.0,1840.0,1756.0,2359.0,966.0,1090.0,945.0,672.0,670.0,674.0
1.0,5063.0,2066.0,2017.0,2101.0,2970.0,800.0,865.0,1305.0,673.0,670.0,674.0,678.0,695.0,693.0,1722.0,1590.0,1751.0,800.0,865.0,1305.0,673.0,670.0,674.0
1.0,5098.0,2020.0,2017.0,3001.0,1989.0,506.0,456.0,1027.0,673.0,670.0,674.0,672.0,681.0,667.0,1892.0,1815.0,1391.0,506.0,456.0,1027.0,673.0,670.0,674.0
1.0,6079.0,2033.0,2018.0,2970.0,1056.0,382.0,279.0,395.0,673.0,671.0,674.0,676.0,684.0,673.0,2186.0,2224.0,1669.0,382.0,279.0,395.0,673.0,671.0,674.0
1.0,7016.0,2025.0,2020.0,1989.0,1100.0,555.0,501.0,44.0,674.0,671.0,675.0,675.0,678.0,672.0,2310.0,2405.0,2301.0,555.0,501.0,44.0,674.0,671.0,675.0
1.0,6980.0,2062.0,2019.0,1056.0,2102.0,860.0,921.0,321.0,674.0,671.0,674.0,687.0,699.0,676.0,2141.0,2183.0,2656.0,860.0,921.0,321.0,674.0,671.0,674.0
1.0,5974.0,2044.0,2020.0,1100.0,3050.0,991.0,1112.0,947.0,674.0,672.0,674.0,686.0,688.0,670.0,1836.0,1763.0,2375.0,991.0,1112.0,947.0,674.0,672.0,674.0
1.0,5030.0,2026.0,2020.0,2102.0,2974.0,795.0,875.0,1304.0,674.0,672.0,674.0,664.0,684.0,678.0,1705.0,1576.0,1749.0,795.0,875.0,1304.0,674.0,672.0,674.0
1.0,5106.0,2025.0,2020.0,3050.0,1949.0,477.0,442.0,1030.0,674.0,672.0,674.0,673.0,679.0,673.0,1901.0,1813.0,1392.0,477.0,442.0,1030.0,674.0,672.0,674.0
1.0,6131.0,2042.0,2020.0,2974.0,1017.0,364.0,250.0,403.0,674.0,672.0,674.0,682.0,683.0,677.0,2219.0,2246.0,1666.0,364.0,250.0,403.0,674.0,672.0,674.0
1.0,7063.0,2023.0,2021.0,1949.0,1095.0,555.0,490.0,50.0,674.0,673.0,674.0,668.0,678.0,677.0,2332.0,2438.0,2293.0,555.0,490.0,50.0,674.0,673.0,674.0
1.0,6989.0,1992.0,2019.0,1017.0,2062.0,847.0,903.0,312.0,673.0,672.0,674.0,660.0,667.0,665.0,2141.0,2202.0,2646.0,847.0,903.0,312.0,673.0,672.0,674.0
1.0,6014.0,2056.0,2021.0,1095.0,3031.0,981.0,1108.0,942.0,674.0,673.0,674.0,685.0,691.0,680.0,1845.0,1785.0,2384.0,981.0,1108.0,942.0,674.0,673.0,674.0
1.0,5053.0,2044.0,2021.0,2062.0,3013.0,816.0,891.0,1306.0,674.0,673.0,674.0,682.0,686.0,676.0,1715.0,1584.0,1754.0,816.0,891.0,1306.0,674.0,673.0,674.0
1.0,5071.0,2052.0,2021.0,3031.0,2034.0,518.0,459.0,1057.0,674.0,673.0,674.0,683.0,676.0,693.0,1880.0,1801.0,1390.0,518.0,459.0,1057.0,674.0,673.0,674.0
1.0,6050.0,2022.0,2022.0,3013.0,1047.0,375.0,248.0,424.0,674.0,674.0,674.0,673.0,676.0,673.0,2178.0,2233.0,1639.0,375.0,248.0,424.0,674.0,674.0,674.0
1.0,7041.0,2033.0,2022.0,2034.0,1046.0,536.0,468.0,42.0,674.0,674.0,674.0,679.0,679.0,675.0,2321.0,2448.0,2272.0,536.0,468.0,42.0,674.0,674.0,674.0
1.0,7042.0,2027.0,2021.0,1047.0,2022.0,840.0,904.0,278.0,674.0,674.0,673.0,679.0,684.0,664.0,2160.0,2228.0,2654.0,840.0,904.0,278.0,674.0,674.0,673.0
1.0,6062.0,2036.0,2021.0,1046.0,3012.0,992.0,1115.0,905.0,674.0,674.0,673.0,688.0,679.0,669.0,1856.0,1792.0,2414.0,992.0,1115.0,905.0,674.0,674.0,673.0
1.0,5072.0,2039.0,2022.0,2022.0,3033.0,825.0,901.0,1307.0,674.0,675.0,673.0,673.0,686.0,680.0,1704.0,1581.0,1787.0,825.0,901.0,1307.0,674.0,675.0,673.0
1.0,5055.0,2038.0,2022.0,3012.0,2059.0,525.0,452.0,1082.0,674.0,675.0,673.0,692.0,666.0,680.0,1871.0,1799.0,1385.0,525.0,452.0,1082.0,674.0,675.0,673.0
1.0,6029.0,2087.0,2024.0,3033.0,1121.0,407.0,250.0,464.0,675.0,675.0,674.0,703.0,699.0,685.0,2171.0,2248.0,1610.0,407.0,250.0,464.0,675.0,675.0,674.0
1.0,6975.0,2036.0,2025.0,2059.0,1102.0,571.0,478.0,53.0,675.0,676.0,674.0,689.0,676.0,671.0,2293.0,2450.0,2232.0,571.0,478.0,53.0,675.0,676.0,674.0
1.0,6998.0,2011.0,2025.0,1121.0,1992.0,834.0,901.0,257.0,675.0,676.0,674.0,670.0,673.0,668.0,2129.0,2226.0,2643.0,834.0,901.0,257.0,675.0,676.0,674.0
1.0,6108.0,2021.0,2025.0,1102.0,2911.0,934.0,1098.0,879.0,675.0,676.0,674.0,671.0,675.0,675.0,1866.0,1803.0,2439.0,934.0,1098.0,879.0,675.0,676.0,674.0
1.0,5189.0,2018.0,2024.0,1992.0,2933.0,777.0,864.0,1292.0,675.0,676.0,673.0,677.0,667.0,674.0,1766.0,1606.0,1817.0,777.0,864.0,1292.0,675.0,676.0,673.0
1.0,5163.0,2027.0,2026.0,2911.0,2057.0,530.0,435.0,1092.0,675.0,677.0,674.0,687.0,665.0,675.0,1923.0,1840.0,1400.0,530.0,435.0,1092.0,675.0,677.0,674.0
1.0,6047.0,2020.0,2026.0,2933.0,1144.0,428.0,242.0,474.0,675.0,677.0,674.0,675.0,671.0,674.0,2170.0,2273.0,1604.0,428.0,242.0,474.0,675.0,677.0,674.0
1.0,6960.0,2027.0,2026.0,2057.0,1114.0,584.0,469.0,61.0,675.0,677.0,674.0,686.0,662.0,679.0,2272.0,2466.0,2222.0,584.0,469.0,61.0,675.0,677.0,674.0
1.0,6990.0,2031.0,2027.0,1144.0,2005.0,838.0,898.0,269.0,676.0,677.0,674.0,678.0,671.0,682.0,2116.0,2239.0,2635.0,838.0,898.0,269.0,676.0,677.0,674.0
1.0,6103.0,2010.0,2027.0,1114.0,2901.0,922.0,1096.0,883.0,676.0,677.0,674.0,668.0,667.0,675.0,1866.0,1810.0,2427.0,922.0,1096.0,883.0,676.0,677.0,674.0
1.0,5207.0,2005.0,2028.0,2005.0,2905.0,750.0,858.0,1297.0,676.0,677.0,675.0,666.0,660.0,679.0,1782.0,1612.0,1813.0,750.0,858.0,1297.0,676.0,677.0,675.0
1.0,5207.0,2054.0,2028.0,2901.0,2058.0,515.0,433.0,1110.0,676.0,677.0,675.0,687.0,671.0,696.0,1954.0,1850.0,1403.0,515.0,433.0,1110.0,676.0,677.0,675.0
1.0,6054.0,2031.0,2029.0,2905.0,1188.0,441.0,240.0,507.0,676.0,677.0,676.0,676.0,665.0,690.0,2189.0,2275.0,1590.0,441.0,240.0,507.0,676.0,677.0,676.0
1.0,6928.0,2014.0,2029.0,2058.0,1144.0,599.0,475.0,70.0,676.0,677.0,676.0,673.0,668.0,673.0,2263.0,2468.0,2197.0,599.0,475.0,70.0,676.0,677.0,676.0
1.0,6972.0,2067.0,2029.0,1188.0,2023.0,847.0,917.0,259.0,676.0,677.0,676.0,689.0,682.0,696.0,2105.0,2233.0,2634.0,847.0,917.0,259.0,676.0,677.0,676.0
1.0,6093.0,2029.0,2029.0,1144.0,2908.0,920.0,1118.0,870.0,676.0,677.0,676.0,672.0,676.0,681.0,1857.0,1791.0,2445.0,920.0,1118.0,870.0,676.0,677.0,676.0
1.0,5208.0,2050.0,2031.0,2023.0,2943.0,756.0,882.0,1305.0,676.0,678.0,677.0,683.0,677.0,690.0,1784.0,1590.0,1834.0,756.0,882.0,1305.0,676.0,678.0,677.0
1.0,5181.0,2074.0,2031.0,2908.0,2109.0,522.0,455.0,1132.0,676.0,678.0,677.0,686.0,691.0,697.0,1948.0,1830.0,1403.0,522.0,455.0,1132.0,676.0,678.0,677.0
1.0,6015.0,2046.0,2032.0,2943.0,1216.0,451.0,248.0,517.0,677.0,678.0,677.0,681.0,675.0,690.0,2182.0,2257.0,1576.0,451.0,248.0,517.0,677.0,678.0,677.0
1.0,6912.0,2074.0,2033.0,2109.0,1185.0,616.0,477.0,92.0,677.0,678.0,678.0,687.0,684.0,703.0,2257.0,2464.0,2191.0,616.0,477.0,92.0,677.0,678.0,678.0
1.0,6947.0,2047.0,2033.0,1216.0,2016.0,838.0,914.0,264.0,677.0,678.0,678.0,673.0,685.0,689.0,2092.0,2235.0,2620.0,838.0,914.0,264.0,677.0,678.0,678.0
1.0,6116.0,2030.0,2033.0,1185.0,2861.0,901.0,1104.0,856.0,677.0,678.0,678.0,679.0,667.0,684.0,1870.0,1798.0,2448.0,901.0,1104.0,856.0,677.0,678.0,678.0
1.0,5271.0,2049.0,2034.0,2016.0,2898.0,747.0,866.0,1285.0,677.0,678.0,679.0,684.0,676.0,689.0,1807.0,1608.0,1856.0,747.0,866.0,1285.0,677.0,678.0,679.0
1.0,5238.0,2058.0,2035.0,2861.0,2099.0,533.0,440.0,1126.0,678.0,678.0,679.0,683.0,678.0,697.0,1961.0,1846.0,1431.0,533.0,440.0,1126.0,678.0,678.0,679.0
1.0,6041.0,2074.0,2035.0,2898.0,1275.0,472.0,264.0,539.0,678.0,678.0,679.0,686.0,690.0,698.0,2179.0,2272.0,1590.0,472.0,264.0,539.0,678.0,678.0,679.0
1.0,6865.0,2057.0,2036.0,2099.0,1237.0,624.0,513.0,100.0,678.0,678.0,680.0,685.0,689.0,683.0,2240.0,2448.0,2177.0,624.0,513.0,100.0,678.0,678.0,680.0
1.0,6907.0,2060.0,2036.0,1275.0,2022.0,831.0,934.0,257.0,678.0,678.0,680.0,679.0,685.0,696.0,2088.0,2199.0,2620.0,831.0,934.0,257.0,678.0,678.0,680.0
1.0,6122.0,2087.0,2039.0,1237.0,2884.0,901.0,1115.0,868.0,679.0,679.0,681.0,690.0,690.0,707.0,1881.0,1778.0,2463.0,901.0,1115.0,868.0,679.0,679.0,681.0
1.0,5272.0,2054.0,2039.0,2022.0,2916.0,752.0,861.0,1303.0,679.0,679.0,681.0,682.0,680.0,692.0,1815.0,1601.0,1856.0,752.0,861.0,1303.0,679.0,679.0,681.0
1.0,5240.0,2060.0,2041.0,2884.0,2100.0,537.0,426.0,1137.0,680.0,679.0,682.0,682.0,680.0,698.0,1964.0,1855.0,1421.0,537.0,426.0,1137.0,680.0,679.0,682.0
1.0,6064.0,2056.0,2041.0,2916.0,1240.0,472.0,247.0,521.0,680.0,679.0,682.0,687.0,682.0,687.0,2183.0,2290.0,1591.0,472.0,247.0,521.0,680.0,679.0,682.0
1.0,6924.0,2040.0,2041.0,2100.0,1180.0,622.0,494.0,64.0,680.0,679.0,682.0,687.0,673.0,680.0,2248.0,2469.0,2207.0,622.0,494.0,64.0,680.0,679.0,682.0
1.0,6984.0,2054.0,2040.0,1240.0,1990.0,823.0,931.0,236.0,680.0,678.0,682.0,673.0,688.0,693.0,2098.0,2222.0,2664.0,823.0,931.0,236.0,680.0,678.0,682.0
1.0,6170.0,2087.0,2042.0,1180.0,2905.0,886.0,1147.0,872.0,680.0,679.0,683.0,685.0,706.0,696.0,1897.0,1781.0,2492.0,886.0,1147.0,872.0,680.0,679.0,683.0
1.0,5263.0,2061.0,2042.0,1990.0,2976.0,745.0,907.0,1324.0,680.0,679.0,683.0,682.0,691.0,688.0,1834.0,1569.0,1860.0,745.0,907.0,1324.0,680.0,679.0,683.0
1.0,5192.0,2068.0,2042.0,2905.0,2139.0,544.0,452.0,1143.0,680.0,679.0,683.0,685.0,692.0,691.0,1975.0,1809.0,1408.0,544.0,452.0,1143.0,680.0,679.0,683.0
1.0,6029.0,2081.0,2042.0,2976.0,1244.0,492.0,243.0,509.0,680.0,679.0,683.0,693.0,698.0,690.0,2176.0,2264.0,1589.0,492.0,243.0,509.0,680.0,679.0,683.0
1.0,6924.0,2069.0,2043.0,2139.0,1178.0,629.0,481.0,68.0,680.0,679.0,684.0,681.0,690.0,698.0,2228.0,2473.0,2223.0,629.0,481.0,68.0,680.0,679.0,684.0
1.0,6994.0,2048.0,2044.0,1244.0,1986.0,817.0,925.0,244.0,681.0,679.0,684.0,676.0,687.0,685.0,2091.0,2235.0,2668.0,817.0,925.0,244.0,681.0,679.0,684.0
1.0,6190.0,2110.0,2046.0,1178.0,2926.0,885.0,1155.0,886.0,681.0,680.0,685.0,697.0,707.0,706.0,1907.0,1791.0,2492.0,885.0,1155.0,886.0,681.0,680.0,685.0
1.0,5258.0,2092.0,2046.0,1986.0,3032.0,765.0,931.0,1336.0,681.0,680.0,685.0,697.0,701.0,694.0,1839.0,1565.0,1854.0,765.0,931.0,1336.0,681.0,680.0,685.0
1.0,5152.0,2109.0,2049.0,2926.0,2227.0,583.0,490.0,1154.0,682.0,681.0,686.0,699.0,710.0,700.0,1959.0,1789.0,1404.0,583.0,490.0,1154.0,682.0,681.0,686.0
1.0,5969.0,2059.0,2050.0,3032.0,1258.0,498.0,259.0,501.0,682.0,682.0,686.0,680.0,696.0,683.0,2145.0,2234.0,1590.0,498.0,259.0,501.0,682.0,682.0,686.0
1.0,6942.0,2067.0,2050.0,2227.0,1098.0,595.0,467.0,36.0,682.0,682.0,686.0,680.0,698.0,689.0,2230.0,2469.0,2243.0,595.0,467.0,36.0,682.0,682.0,686.0
1.0,7102.0,2073.0,2050.0,1258.0,1913.0,784.0,904.0,225.0,682.0,682.0,686.0,687.0,696.0,690.0,2133.0,2261.0,2708.0,784.0,904.0,225.0,682.0,682.0,686.0
1.0,6287.0,2061.0,2050.0,1098.0,2876.0,865.0,1133.0,878.0,682.0,682.0,686.0,676.0,696.0,689.0,1944.0,1824.0,2519.0,865.0,1133.0,878.0,682.0,682.0,686.0
1.0,5324.0,2084.0,2053.0,1913.0,3059.0,782.0,926.0,1351.0,683.0,683.0,687.0,697.0,693.0,694.0,1863.0,1595.0,1866.0,782.0,926.0,1351.0,683.0,683.0,687.0
1.0,5153.0,2082.0,2053.0,2876.0,2265.0,614.0,491.0,1160.0,683.0,683.0,687.0,697.0,698.0,687.0,1950.0,1806.0,1397.0,614.0,491.0,1160.0,683.0,683.0,687.0
1.0,5947.0,2058.0,2053.0,3059.0,1264.0,517.0,247.0,500.0,683.0,683.0,687.0,685.0,682.0,691.0,2118.0,2241.0,1588.0,517.0,247.0,500.0,683.0,683.0,687.0
1.0,6948.0,2029.0,2054.0,2265.0,1032.0,568.0,442.0,22.0,683.0,683.0,688.0,665.0,686.0,678.0,2215.0,2485.0,2248.0,568.0,442.0,22.0,683.0,683.0,688.0
1.0,7184.0,2107.0,2054.0,1264.0,1875.0,748.0,903.0,224.0,683.0,683.0,688.0,697.0,708.0,702.0,2164.0,2290.0,2730.0,748.0,903.0,224.0,683.0,683.0,688.0
1.0,6341.0,2017.0,2055.0,1032.0,2864.0,851.0,1139.0,874.0,683.0,684.0,688.0,671.0,674.0,672.0,1984.0,1829.0,2528.0,851.0,1139.0,874.0,683.0,684.0,688.0
1.0,5356.0,2029.0,2053.0,1875.0,3010.0,778.0,913.0,1319.0,682.0,683.0,688.0,679.0,681.0,669.0,1881.0,1597.0,1878.0,778.0,913.0,1319.0,682.0,683.0,688.0
1.0,5202.0,2050.0,2053.0,2864.0,2196.0,617.0,462.0,1117.0,682.0,683.0,688.0,690.0,688.0,672.0,1950.0,1819.0,1433.0,617.0,462.0,1117.0,682.0,683.0,688.0
1.0,6016.0,2072.0,2055.0,3010.0,1266.0,536.0,245.0,485.0,683.0,684.0,688.0,693.0,692.0,687.0,2111.0,2270.0,1635.0,536.0,245.0,485.0,683.0,684.0,688.0
1.0,6954.0,2074.0,2055.0,2196.0,1144.0,612.0,481.0,51.0,683.0,684.0,688.0,693.0,698.0,683.0,2196.0,2491.0,2267.0,612.0,481.0,51.0,683.0,684.0,688.0
1.0,7076.0,2088.0,2057.0,1266.0,1974.0,783.0,937.0,254.0,684.0,685.0,688.0,703.0,697.0,688.0,2120.0,2255.0,2701.0,783.0,937.0,254.0,684.0,685.0,688.0
1.0,6254.0,2040.0,2057.0,1144.0,2870.0,863.0,1126.0,881.0,684.0,685.0,688.0,692.0,670.0,678.0,1953.0,1803.0,2498.0,863.0,1126.0,881.0,684.0,685.0,688.0
1.0,5358.0,2065.0,2057.0,1974.0,2961.0,778.0,881.0,1302.0,684.0,685.0,688.0,698.0,692.0,675.0,1873.0,1614.0,1871.0,778.0,881.0,1302.0,684.0,685.0,688.0
1.0,5267.0,2056.0,2058.0,2870.0,2151.0,605.0,447.0,1099.0,684.0,686.0,688.0,690.0,688.0,678.0,1958.0,1859.0,1450.0,605.0,447.0,1099.0,684.0,686.0,688.0
1.0,6081.0,2062.0,2059.0,2961.0,1256.0,520.0,260.0,476.0,685.0,686.0,688.0,689.0,694.0,679.0,2131.0,2297.0,1653.0,520.0,260.0,476.0,685.0,686.0,688.0
1.0,6980.0,2072.0,2060.0,2151.0,1181.0,614.0,508.0,59.0,685.0,687.0,688.0,699.0,691.0,682.0,2220.0,2484.0,2276.0,614.0,508.0,59.0,685.0,687.0,688.0
1.0,7059.0,2043.0,2060.0,1256.0,1968.0,775.0,941.0,252.0,685.0,687.0,688.0,681.0,693.0,669.0,2126.0,2240.0,2693.0,775.0,941.0,252.0,685.0,687.0,688.0
1.0,6272.0,2106.0,2062.0,1181.0,2901.0,870.0,1138.0,893.0,686.0,688.0,688.0,705.0,701.0,700.0,1965.0,1807.0,2500.0,870.0,1138.0,893.0,686.0,688.0,688.0
1.0,5347.0,2053.0,2062.0,1968.0,2986.0,787.0,886.0,1313.0,686.0,688.0,688.0,692.0,689.0,672.0,1874.0,1614.0,1859.0,787.0,886.0,1313.0,686.0,688.0,688.0
1.0,5262.0,2074.0,2063.0,2901.0,2163.0,610.0,447.0,1106.0,686.0,689.0,688.0,693.0,695.0,686.0,1957.0,1866.0,1439.0,610.0,447.0,1106.0,686.0,689.0,688.0
1.0,6089.0,2077.0,2064.0,2986.0,1258.0,521.0,250.0,487.0,687.0,689.0,688.0,694.0,689.0,694.0,2134.0,2309.0,1646.0,521.0,250.0,487.0,687.0,689.0,688.0
1.0,6998.0,2087.0,2064.0,2163.0,1182.0,617.0,490.0,75.0,687.0,689.0,688.0,706.0,687.0,694.0,2227.0,2506.0,2265.0,617.0,490.0,75.0,687.0,689.0,688.0
1.0,7074.0,2077.0,2066.0,1258.0,2009.0,790.0,935.0,284.0,687.0,690.0,689.0,694.0,691.0,692.0,2131.0,2266.0,2677.0,790.0,935.0,284.0,687.0,690.0,689.0
1.0,6255.0,2084.0,2066.0,1182.0,2911.0,874.0,1139.0,898.0,688.0,690.0,688.0,697.0,694.0,693.0,1958.0,1825.0,2472.0,874.0,1139.0,898.0,688.0,690.0,688.0
1.0,5353.0,2050.0,2066.0,2009.0,2952.0,766.0,885.0,1301.0,688.0,690.0,688.0,682.0,681.0,687.0,1878.0,1621.0,1854.0,766.0,885.0,1301.0,688.0,690.0,688.0
1.0,5312.0,2101.0,2066.0,2911.0,2142.0,596.0,451.0,1095.0,688.0,690.0,688.0,704.0,705.0,692.0,1986.0,1875.0,1451.0,596.0,451.0,1095.0,688.0,690.0,688.0
1.0,6122.0,2099.0,2067.0,2952.0,1293.0,537.0,265.0,491.0,689.0,690.0,688.0,703.0,699.0,697.0,2156.0,2309.0,1657.0,537.0,265.0,491.0,689.0,690.0,688.0
1.0,6975.0,2069.0,2068.0,2142.0,1224.0,642.0,499.0,83.0,689.0,691.0,688.0,701.0,681.0,687.0,2219.0,2495.0,2261.0,642.0,499.0,83.0,689.0,691.0,688.0
1.0,7048.0,2059.0,2068.0,1293.0,1990.0,795.0,921.0,274.0,689.0,691.0,688.0,690.0,687.0,682.0,2114.0,2265.0,2669.0,795.0,921.0,274.0,689.0,691.0,688.0
1.0,6282.0,2021.0,2068.0,1224.0,2787.0,824.0,1094.0,869.0,689.0,691.0,688.0,671.0,672.0,678.0,1961.0,1843.0,2478.0,824.0,1094.0,869.0,689.0,691.0,688.0
1.0,5485.0,2130.0,2068.0,1990.0,2927.0,742.0,885.0,1300.0,689.0,691.0,688.0,713.0,712.0,705.0,1932.0,1670.0,1883.0,742.0,885.0,1300.0,689.0,691.0,688.0
1.0,5345.0,2083.0,2069.0,2787.0,2227.0,618.0,477.0,1132.0,690.0,691.0,688.0,696.0,686.0,701.0,2014.0,1879.0,1452.0,618.0,477.0,1132.0,690.0,691.0,688.0
1.0,6049.0,2100.0,2069.0,2927.0,1400.0,581.0,285.0,534.0,690.0,691.0,688.0,705.0,693.0,702.0,2142.0,2287.0,1620.0,581.0,285.0,534.0,690.0,691.0,688.0
1.0,6876.0,2063.0,2069.0,2227.0,1236.0,657.0,493.0,86.0,690.0,691.0,688.0,694.0,685.0,684.0,2179.0,2479.0,2218.0,657.0,493.0,86.0,690.0,691.0,688.0
1.0,7040.0,2097.0,2070.0,1400.0,1937.0,771.0,910.0,256.0,690.0,692.0,688.0,695.0,698.0,704.0,2103.0,2271.0,2666.0,771.0,910.0,256.0,690.0,692.0,688.0
1.0,6343.0,2090.0,2071.0,1236.0,2795.0,817.0,1114.0,864.0,691.0,692.0,688.0,699.0,697.0,694.0,1989.0,1858.0,2496.0,817.0,1114.0,864.0,691.0,692.0,688.0
1.0,5489.0,2061.0,2071.0,1937.0,2919.0,734.0,883.0,1302.0,691.0,692.0,688.0,688.0,679.0,694.0,1947.0,1654.0,1888.0,734.0,883.0,1302.0,691.0,692.0,688.0
1.0,5365.0,2081.0,2072.0,2795.0,2209.0,609.0,462.0,1138.0,691.0,692.0,689.0,692.0,693.0,696.0,2030.0,1885.0,1450.0,609.0,462.0,1138.0,691.0,692.0,689.0
1.0,6079.0,2086.0,2072.0,2919.0,1376.0,567.0,273.0,536.0,691.0,692.0,689.0,692.0,694.0,700.0,2155.0,2306.0,1618.0,567.0,273.0,536.0,691.0,692.0,689.0
1.0,6912.0,2085.0,2072.0,2209.0,1252.0,657.0,508.0,87.0,691.0,692.0,689.0,699.0,697.0,689.0,2197.0,2495.0,2220.0,657.0,508.0,87.0,691.0,692.0,689.0
1.0,7036.0,2090.0,2073.0,1376.0,1970.0,789.0,928.0,253.0,692.0,692.0,689.0,695.0,693.0,702.0,2107.0,2260.0,2669.0,789.0,928.0,253.0,692.0,692.0,689.0
1.0,6322.0,2063.0,2073.0,1252.0,2781.0,819.0,1102.0,860.0,692.0,692.0,689.0,687.0,682.0,694.0,1979.0,1840.0,2503.0,819.0,1102.0,860.0,692.0,692.0,689.0
1.0,5511.0,2098.0,2073.0,1970.0,2909.0,722.0,872.0,1315.0,692.0,692.0,689.0,692.0,698.0,708.0,1949.0,1666.0,1896.0,722.0,872.0,1315.0,692.0,692.0,689.0
1.0,5383.0,2103.0,2073.0,2781.0,2231.0,601.0,474.0,1156.0,692.0,692.0,689.0,698.0,704.0,701.0,2046.0,1896.0,1441.0,601.0,474.0,1156.0,692.0,692.0,689.0
1.0,6061.0,2106.0,2074.0,2909.0,1432.0,576.0,301.0,555.0,692.0,692.0,690.0,697.0,699.0,710.0,2167.0,2294.0,1600.0,576.0,301.0,555.0,692.0,692.0,690.0
1.0,6864.0,2130.0,2075.0,2231.0,1335.0,688.0,532.0,115.0,693.0,692.0,690.0,709.0,705.0,716.0,2192.0,2467.0,2205.0,688.0,532.0,115.0,693.0,692.0,690.0
1.0,6965.0,2039.0,2074.0,1432.0,1938.0,780.0,914.0,244.0,692.0,692.0,690.0,672.0,683.0,684.0,2084.0,2236.0,2645.0,780.0,914.0,244.0,692.0,692.0,690.0
1.0,6358.0,2090.0,2074.0,1335.0,2693.0,787.0,1074.0,832.0,692.0,692.0,690.0,695.0,692.0,703.0,1988.0,1854.0,2516.0,787.0,1074.0,832.0,692.0,692.0,690.0
1.0,5603.0,2098.0,2074.0,1938.0,2853.0,700.0,858.0,1295.0,692.0,692.0,690.0,693.0,698.0,707.0,1981.0,1694.0,1928.0,700.0,858.0,1295.0,692.0,692.0,690.0
1.0,5443.0,2072.0,2075.0,2693.0,2236.0,593.0,477.0,1166.0,692.0,692.0,691.0,680.0,693.0,699.0,2068.0,1910.0,1465.0,593.0,477.0,1166.0,692.0,692.0,691.0
1.0,6064.0,2060.0,2074.0,2853.0,1439.0,576.0,296.0,567.0,692.0,691.0,691.0,683.0,681.0,696.0,2175.0,2291.0,1598.0,576.0,296.0,567.0,692.0,691.0,691.0
1.0,6857.0,2080.0,2074.0,2236.0,1283.0,667.0,515.0,101.0,692.0,691.0,691.0,684.0,696.0,700.0,2192.0,2468.0,2197.0,667.0,515.0,101.0,692.0,691.0,691.0
1.0,7013.0,2081.0,2074.0,1439.0,1925.0,784.0,908.0,233.0,692.0,691.0,691.0,693.0,689.0,699.0,2101.0,2249.0,2663.0,784.0,908.0,233.0,692.0,691.0,691.0
1.0,6371.0,2109.0,2075.0,1283.0,2755.0,825.0,1095.0,835.0,693.0,691.0,691.0,704.0,702.0,703.0,1984.0,1856.0,2531.0,825.0,1095.0,835.0,693.0,691.0,691.0
1.0,5545.0,2046.0,2074.0,1925.0,2872.0,717.0,867.0,1288.0,692.0,691.0,691.0,680.0,680.0,686.0,1947.0,1669.0,1929.0,717.0,867.0,1288.0,692.0,691.0,691.0
1.0,5424.0,2079.0,2076.0,2755.0,2204.0,590.0,455.0,1159.0,693.0,691.0,692.0,694.0,683.0,702.0,2051.0,1897.0,1476.0,590.0,455.0,1159.0,693.0,691.0,692.0
1.0,6100.0,2097.0,2076.0,2872.0,1429.0,566.0,288.0,575.0,693.0,691.0,692.0,693.0,700.0,704.0,2182.0,2309.0,1609.0,566.0,288.0,575.0,693.0,691.0,692.0
1.0,6875.0,2073.0,2076.0,2204.0,1298.0,669.0,518.0,111.0,693.0,691.0,692.0,693.0,685.0,695.0,2206.0,2476.0,2193.0,669.0,518.0,111.0,693.0,691.0,692.0
1.0,7006.0,2092.0,2078.0,1429.0,1969.0,785.0,937.0,247.0,693.0,692.0,693.0,682.0,703.0,707.0,2103.0,2246.0,2657.0,785.0,937.0,247.0,693.0,692.0,693.0
1.0,6343.0,2110.0,2080.0,1298.0,2789.0,817.0,1120.0,852.0,694.0,692.0,694.0,697.0,701.0,712.0,1987.0,1831.0,2525.0,817.0,1120.0,852.0,694.0,692.0,694.0
1.0,5531.0,2095.0,2080.0,1969.0,2915.0,733.0,881.0,1301.0,694.0,692.0,694.0,701.0,698.0,696.0,1959.0,1648.0,1924.0,733.0,881.0,1301.0,694.0,692.0,694.0
1.0,5405.0,2108.0,2080.0,2789.0,2234.0,619.0,467.0,1148.0,694.0,692.0,694.0,703.0,706.0,699.0,2043.0,1887.0,1475.0,619.0,467.0,1148.0,694.0,692.0,694.0
1.0,6086.0,2077.0,2080.0,2915.0,1396.0,579.0,278.0,539.0,694.0,692.0,694.0,693.0,692.0,692.0,2157.0,2301.0,1628.0,579.0,278.0,539.0,694.0,692.0,694.0
1.0,6924.0,2106.0,2082.0,2234.0,1276.0,663.0,515.0,98.0,694.0,693.0,695.0,703.0,700.0,703.0,2197.0,2490.0,2237.0,663.0,515.0,98.0,694.0,693.0,695.0
1.0,7052.0,2150.0,2083.0,1396.0,2034.0,797.0,955.0,282.0,694.0,693.0,696.0,713.0,718.0,719.0,2113.0,2257.0,2682.0,797.0,955.0,282.0,694.0,693.0,696.0
1.0,6298.0,2135.0,2085.0,1276.0,2901.0,845.0,1161.0,895.0,695.0,694.0,696.0,707.0,717.0,711.0,1979.0,1817.0,2502.0,845.0,1161.0,895.0,695.0,694.0,696.0
1.0,5439.0,2083.0,2086.0,2034.0,2954.0,744.0,896.0,1314.0,695.0,694.0,697.0,696.0,690.0,697.0,1935.0,1615.0,1889.0,744.0,896.0,1314.0,695.0,694.0,697.0
1.0,5390.0,2092.0,2085.0,2901.0,2141.0,586.0,437.0,1118.0,694.0,694.0,697.0,691.0,702.0,699.0,2036.0,1880.0,1474.0,586.0,437.0,1118.0,694.0,694.0,697.0
1.0,6199.0,2100.0,2086.0,2954.0,1291.0,552.0,240.0,499.0,695.0,694.0,697.0,706.0,699.0,695.0,2190.0,2339.0,1670.0,552.0,240.0,499.0,695.0,694.0,697.0
1.0,7053.0,2108.0,2086.0,2141.0,1258.0,672.0,507.0,79.0,695.0,694.0,697.0,706.0,704.0,698.0,2228.0,2536.0,2289.0,672.0,507.0,79.0,695.0,694.0,697.0
1.0,7086.0,2106.0,2087.0,1291.0,2077.0,821.0,968.0,288.0,695.0,694.0,698.0,701.0,701.0,704.0,2108.0,2269.0,2709.0,821.0,968.0,288.0,695.0,694.0,698.0
1.0,6271.0,2101.0,2088.0,1258.0,2924.0,846.0,1176.0,902.0,695.0,695.0,698.0,697.0,711.0,693.0,1959.0,1808.0,2504.0,846.0,1176.0,902.0,695.0,695.0,698.0
1.0,5428.0,2093.0,2089.0,2077.0,2944.0,738.0,904.0,1302.0,696.0,695.0,698.0,709.0,696.0,688.0,1934.0,1604.0,1890.0,738.0,904.0,1302.0,696.0,695.0,698.0
1.0,5412.0,2126.0,2088.0,2924.0,2142.0,589.0,436.0,1117.0,695.0,695.0,698.0,701.0,708.0,717.0,2046.0,1876.0,1490.0,589.0,436.0,1117.0,695.0,695.0,698.0
1.0,6210.0,2126.0,2091.0,2944.0,1336.0,559.0,245.0,532.0,696.0,696.0,699.0,704.0,709.0,713.0,2191.0,2344.0,1675.0,559.0,245.0,532.0,696.0,696.0,699.0
1.0,7028.0,2133.0,2091.0,2142.0,1327.0,687.0,526.0,114.0,696.0,696.0,699.0,717.0,717.0,699.0,2225.0,2539.0,2264.0,687.0,526.0,114.0,696.0,696.0,699.0
1.0,7037.0,2151.0,2093.0,1336.0,2150.0,847.0,1004.0,299.0,697.0,697.0,699.0,715.0,719.0,717.0,2097.0,2258.0,2682.0,847.0,1004.0,299.0,697.0,697.0,699.0
1.0,6222.0,2134.0,2094.0,1327.0,2961.0,873.0,1187.0,901.0,697.0,697.0,700.0,713.0,709.0,712.0,1941.0,1784.0,2497.0,873.0,1187.0,901.0,697.0,697.0,700.0
1.0,5415.0,2133.0,2094.0,2150.0,2944.0,741.0,896.0,1307.0,697.0,697.0,700.0,715.0,713.0,705.0,1915.0,1601.0,1899.0,741.0,896.0,1307.0,697.0,697.0,700.0
1.0,5432.0,2107.0,2095.0,2961.0,2094.0,572.0,414.0,1108.0,697.0,698.0,700.0,704.0,701.0,702.0,2047.0,1892.0,1493.0,572.0,414.0,1108.0,697.0,698.0,700.0
1.0,6286.0,2148.0,2097.0,2944.0,1306.0,556.0,235.0,515.0,698.0,698.0,701.0,721.0,717.0,710.0,2216.0,2378.0,1692.0,556.0,235.0,515.0,698.0,698.0,701.0
1.0,7082.0,2158.0,2100.0,2094.0,1382.0,713.0,546.0,123.0,699.0,699.0,702.0,725.0,721.0,712.0,2236.0,2557.0,2289.0,713.0,546.0,123.0,699.0,699.0,702.0
1.0,7018.0,2120.0,2099.0,1306.0,2192.0,867.0,1025.0,300.0,699.0,699.0,701.0,710.0,714.0,696.0,2083.0,2250.0,2685.0,867.0,1025.0,300.0,699.0,699.0,701.0
1.0,6204.0,2125.0,2099.0,1382.0,2935.0,867.0,1187.0,881.0,699.0,699.0,701.0,713.0,708.0,704.0,1929.0,1771.0,2504.0,867.0,1187.0,881.0,699.0,699.0,701.0
1.0,5461.0,2124.0,2100.0,2192.0,2871.0,713.0,876.0,1282.0,699.0,700.0,701.0,713.0,710.0,701.0,1929.0,1609.0,1923.0,713.0,876.0,1282.0,699.0,700.0,701.0
1.0,5529.0,2121.0,2101.0,2935.0,2061.0,555.0,399.0,1107.0,699.0,700.0,702.0,709.0,710.0,702.0,2083.0,1924.0,1522.0,555.0,399.0,1107.0,699.0,700.0,702.0
1.0,6343.0,2154.0,2103.0,2871.0,1352.0,567.0,241.0,544.0,700.0,701.0,702.0,721.0,714.0,719.0,2241.0,2401.0,1701.0,567.0,241.0,544.0,700.0,701.0,702.0
1.0,7060.0,2109.0,2103.0,2061.0,1400.0,720.0,547.0,133.0,700.0,701.0,702.0,708.0,705.0,696.0,2233.0,2563.0,2264.0,720.0,547.0,133.0,700.0,701.0,702.0
1.0,7012.0,2142.0,2105.0,1352.0,2198.0,867.0,1037.0,294.0,701.0,702.0,702.0,710.0,727.0,705.0,2080.0,2257.0,2675.0,867.0,1037.0,294.0,701.0,702.0,702.0
1.0,6222.0,2096.0,2105.0,1400.0,2894.0,846.0,1190.0,858.0,701.0,702.0,702.0,699.0,700.0,697.0,1937.0,1771.0,2514.0,846.0,1190.0,858.0,701.0,702.0,702.0
1.0,5526.0,2143.0,2106.0,2198.0,2843.0,692.0,868.0,1283.0,701.0,702.0,703.0,713.0,715.0,715.0,1958.0,1618.0,1950.0,692.0,868.0,1283.0,701.0,702.0,703.0
1.0,5581.0,2149.0,2106.0,2894.0,2098.0,564.0,389.0,1145.0,701.0,702.0,703.0,718.0,711.0,720.0,2112.0,1940.0,1529.0,564.0,389.0,1145.0,701.0,702.0,703.0
1.0,6326.0,2098.0,2108.0,2843.0,1361.0,579.0,220.0,562.0,702.0,703.0,703.0,703.0,695.0,700.0,2240.0,2419.0,1667.0,579.0,220.0,562.0,702.0,703.0,703.0
1.0,7071.0,2134.0,2108.0,2098.0,1397.0,738.0,541.0,118.0,702.0,703.0,703.0,723.0,710.0,701.0,2229.0,2592.0,2250.0,738.0,541.0,118.0,702.0,703.0,703.0
1.0,7035.0,2125.0,2109.0,1361.0,2165.0,876.0,1027.0,262.0,703.0,703.0,703.0,713.0,706.0,706.0,2070.0,2271.0,2694.0,876.0,1027.0,262.0,703.0,703.0,703.0
1.0,6271.0,2116.0,2109.0,1397.0,2884.0,845.0,1184.0,855.0,703.0,703.0,703.0,707.0,698.0,711.0,1936.0,1785.0,2550.0,845.0,1184.0,855.0,703.0,703.0,703.0
1.0,5552.0,2110.0,2109.0,2165.0,2829.0,676.0,861.0,1292.0,703.0,703.0,703.0,707.0,704.0,699.0,1967.0,1628.0,1957.0,676.0,861.0,1292.0,703.0,703.0,703.0
1.0,5607.0,2092.0,2109.0,2884.0,2037.0,534.0,372.0,1131.0,703.0,703.0,703.0,703.0,695.0,694.0,2136.0,1951.0,1520.0,534.0,372.0,1131.0,703.0,703.0,703.0
1.0,6399.0,2087.0,2110.0,2829.0,1299.0,562.0,207.0,530.0,704.0,703.0,703.0,700.0,696.0,691.0,2278.0,2440.0,1681.0,562.0,207.0,530.0,704.0,703.0,703.0
1.0,7141.0,2099.0,2110.0,2037.0,1361.0,730.0,536.0,95.0,704.0,703.0,703.0,702.0,701.0,696.0,2254.0,2605.0,2282.0,730.0,536.0,95.0,704.0,703.0,703.0
1.0,7079.0,2081.0,2109.0,1299.0,2139.0,864.0,1025.0,250.0,704.0,703.0,702.0,696.0,696.0,689.0,2086.0,2276.0,2717.0,864.0,1025.0,250.0,704.0,703.0,702.0
1.0,6297.0,2122.0,2110.0,1361.0,2904.0,848.0,1187.0,869.0,704.0,703.0,703.0,714.0,698.0,710.0,1952.0,1787.0,2558.0,848.0,1187.0,869.0,704.0,703.0,703.0
1.0,5536.0,2101.0,2112.0,2139.0,2874.0,685.0,870.0,1319.0,705.0,704.0,703.0,697.0,704.0,700.0,1968.0,1625.0,1943.0,685.0,870.0,1319.0,705.0,704.0,703.0
1.0,5574.0,2130.0,2112.0,2904.0,2100.0,540.0,402.0,1158.0,705.0,704.0,703.0,703.0,719.0,708.0,2135.0,1946.0,1493.0,540.0,402.0,1158.0,705.0,704.0,703.0
1.0,6348.0,2123.0,2113.0,2874.0,1353.0,564.0,236.0,553.0,705.0,705.0,703.0,709.0,700.0,714.0,2280.0,2414.0,1654.0,564.0,236.0,553.0,705.0,705.0,703.0
1.0,7099.0,2142.0,2113.0,2100.0,1395.0,731.0,558.0,106.0,705.0,705.0,703.0,707.0,724.0,711.0,2256.0,2584.0,2259.0,731.0,558.0,106.0,705.0,705.0,703.0
1.0,7057.0,2123.0,2116.0,1353.0,2177.0,884.0,1037.0,256.0,706.0,706.0,704.0,713.0,711.0,699.0,2089.0,2262.0,2706.0,884.0,1037.0,256.0,706.0,706.0,704.0
1.0,6287.0,2111.0,2115.0,1395.0,2889.0,863.0,1187.0,839.0,706.0,706.0,703.0,710.0,708.0,693.0,1940.0,1787.0,2560.0,863.0,1187.0,839.0,706.0,706.0,703.0
1.0,5571.0,2120.0,2116.0,2177.0,2836.0,683.0,853.0,1300.0,706.0,706.0,704.0,704.0,703.0,713.0,1961.0,1637.0,1973.0,683.0,853.0,1300.0,706.0,706.0,704.0
1.0,5628.0,2083.0,2116.0,2889.0,2030.0,509.0,361.0,1160.0,706.0,706.0,704.0,689.0,695.0,699.0,2141.0,1971.0,1516.0,509.0,361.0,1160.0,706.0,706.0,704.0
1.0,6434.0,2148.0,2118.0,2836.0,1350.0,544.0,228.0,578.0,707.0,707.0,704.0,714.0,716.0,718.0,2315.0,2463.0,1656.0,544.0,228.0,578.0,707.0,707.0,704.0
1.0,7122.0,2128.0,2118.0,2030.0,1448.0,751.0,568.0,129.0,707.0,707.0,704.0,716.0,701.0,711.0,2284.0,2600.0,2238.0,751.0,568.0,129.0,707.0,707.0,704.0
1.0,7024.0,2078.0,2117.0,1350.0,2172.0,905.0,1019.0,248.0,707.0,706.0,704.0,698.0,683.0,697.0,2077.0,2260.0,2687.0,905.0,1019.0,248.0,707.0,706.0,704.0
1.0,6296.0,2075.0,2117.0,1448.0,2799.0,838.0,1147.0,814.0,707.0,706.0,704.0,684.0,696.0,695.0,1923.0,1805.0,2568.0,838.0,1147.0,814.0,707.0,706.0,704.0
1.0,5669.0,2128.0,2117.0,2172.0,2755.0,649.0,831.0,1275.0,707.0,706.0,704.0,716.0,703.0,709.0,1990.0,1677.0,2002.0,649.0,831.0,1275.0,707.0,706.0,704.0
1.0,5713.0,2156.0,2120.0,2799.0,2124.0,530.0,402.0,1192.0,708.0,707.0,705.0,715.0,714.0,727.0,2179.0,1993.0,1541.0,530.0,402.0,1192.0,708.0,707.0,705.0
1.0,6356.0,2129.0,2119.0,2755.0,1494.0,586.0,274.0,634.0,708.0,706.0,705.0,705.0,707.0,717.0,2302.0,2426.0,1628.0,586.0,274.0,634.0,708.0,706.0,705.0
1.0,6982.0,2147.0,2119.0,2124.0,1517.0,764.0,589.0,164.0,708.0,706.0,705.0,708.0,717.0,722.0,2246.0,2550.0,2186.0,764.0,589.0,164.0,708.0,706.0,705.0
1.0,6959.0,2136.0,2120.0,1494.0,2163.0,892.0,1028.0,243.0,708.0,707.0,705.0,714.0,709.0,713.0,2068.0,2235.0,2656.0,892.0,1028.0,243.0,708.0,707.0,705.0
1.0,6317.0,2124.0,2120.0,1517.0,2770.0,833.0,1144.0,793.0,708.0,707.0,705.0,705.0,705.0,714.0,1940.0,1800.0,2577.0,833.0,1144.0,793.0,708.0,707.0,705.0
1.0,5710.0,2131.0,2121.0,2163.0,2742.0,649.0,826.0,1267.0,708.0,707.0,706.0,708.0,710.0,713.0,1999.0,1684.0,2027.0,649.0,826.0,1267.0,708.0,707.0,706.0
1.0,5742.0,2144.0,2121.0,2770.0,2116.0,529.0,395.0,1192.0,708.0,707.0,706.0,713.0,713.0,718.0,2183.0,2002.0,1557.0,529.0,395.0,1192.0,708.0,707.0,706.0
1.0,6368.0,2167.0,2123.0,2742.0,1549.0,612.0,293.0,644.0,709.0,708.0,706.0,728.0,720.0,719.0,2303.0,2433.0,1632.0,612.0,293.0,644.0,709.0,708.0,706.0
1.0,6943.0,2169.0,2124.0,2116.0,1606.0,809.0,619.0,178.0,709.0,708.0,707.0,726.0,721.0,722.0,2224.0,2539.0,2180.0,809.0,619.0,178.0,709.0,708.0,707.0
1.0,6890.0,2107.0,2124.0,1549.0,2164.0,900.0,1022.0,242.0,709.0,708.0,707.0,703.0,696.0,708.0,2027.0,2213.0,2650.0,900.0,1022.0,242.0,709.0,708.0,707.0
1.0,6332.0,2116.0,2124.0,1606.0,2674.0,803.0,1099.0,772.0,709.0,708.0,707.0,712.0,696.0,708.0,1936.0,1810.0,2586.0,803.0,1099.0,772.0,709.0,708.0,707.0
1.0,5822.0,2191.0,2126.0,2164.0,2709.0,639.0,799.0,1271.0,710.0,708.0,708.0,732.0,722.0,737.0,2033.0,1733.0,2056.0,639.0,799.0,1271.0,710.0,708.0,708.0
1.0,5795.0,2168.0,2126.0,2674.0,2203.0,554.0,428.0,1221.0,710.0,708.0,708.0,718.0,728.0,722.0,2201.0,2033.0,1561.0,554.0,428.0,1221.0,710.0,708.0,708.0
1.0,6301.0,2179.0,2126.0,2709.0,1673.0,639.0,357.0,677.0,710.0,708.0,708.0,724.0,728.0,727.0,2286.0,2404.0,1611.0,639.0,357.0,677.0,710.0,708.0,708.0
1.0,6831.0,2161.0,2127.0,2203.0,1635.0,797.0,645.0,193.0,710.0,708.0,709.0,712.0,716.0,733.0,2201.0,2475.0,2155.0,797.0,645.0,193.0,710.0,708.0,709.0
1.0,6873.0,2179.0,2127.0,1673.0,2141.0,881.0,1013.0,247.0,710.0,708.0,709.0,723.0,725.0,731.0,2043.0,2187.0,2643.0,881.0,1013.0,247.0,710.0,708.0,709.0
1.0,6367.0,2206.0,2130.0,1635.0,2724.0,830.0,1110.0,784.0,711.0,709.0,710.0,742.0,738.0,726.0,1959.0,1819.0,2589.0,830.0,1110.0,784.0,711.0,709.0,710.0
1.0,5796.0,2180.0,2130.0,2141.0,2763.0,668.0,821.0,1274.0,711.0,709.0,710.0,719.0,724.0,737.0,2014.0,1726.0,2056.0,668.0,821.0,1274.0,711.0,709.0,710.0
1.0,5757.0,2215.0,2132.0,2724.0,2262.0,572.0,455.0,1235.0,711.0,710.0,711.0,734.0,740.0,741.0,2176.0,2015.0,1566.0,572.0,455.0,1235.0,711.0,710.0,711.0
1.0,6266.0,2151.0,2132.0,2763.0,1650.0,620.0,352.0,678.0,711.0,710.0,711.0,716.0,718.0,717.0,2272.0,2385.0,1609.0,620.0,352.0,678.0,711.0,710.0,711.0
1.0,6878.0,2196.0,2134.0,2262.0,1592.0,783.0,634.0,175.0,712.0,710.0,712.0,731.0,737.0,728.0,2224.0,2488.0,2166.0,783.0,634.0,175.0,712.0,710.0,712.0
1.0,6944.0,2216.0,2135.0,1650.0,2162.0,897.0,1022.0,243.0,712.0,711.0,712.0,734.0,736.0,746.0,2065.0,2206.0,2673.0,897.0,1022.0,243.0,712.0,711.0,712.0
1.0,6378.0,2143.0,2136.0,1592.0,2717.0,830.0,1104.0,783.0,712.0,711.0,713.0,716.0,716.0,711.0,1951.0,1822.0,2605.0,830.0,1104.0,783.0,712.0,711.0,713.0
1.0,5827.0,2105.0,2135.0,2162.0,2656.0,632.0,793.0,1231.0,712.0,711.0,712.0,699.0,711.0,695.0,2018.0,1740.0,2069.0,632.0,793.0,1231.0,712.0,711.0,712.0
1.0,5884.0,2182.0,2136.0,2717.0,2125.0,534.0,413.0,1178.0,712.0,711.0,713.0,732.0,724.0,726.0,2216.0,2051.0,1617.0,534.0,413.0,1178.0,712.0,711.0,713.0
1.0,6419.0,2186.0,2137.0,2656.0,1659.0,637.0,346.0,676.0,713.0,711.0,713.0,731.0,726.0,729.0,2314.0,2431.0,1674.0,637.0,346.0,676.0,713.0,711.0,713.0
1.0,6889.0,2203.0,2139.0,2125.0,1745.0,844.0,667.0,234.0,713.0,712.0,714.0,741.0,730.0,732.0,2215.0,2498.0,2176.0,844.0,667.0,234.0,713.0,712.0,714.0
1.0,6811.0,2178.0,2140.0,1659.0,2268.0,934.0,1056.0,278.0,714.0,712.0,714.0,723.0,735.0,720.0,2008.0,2181.0,2622.0,934.0,1056.0,278.0,714.0,712.0,714.0
1.0,6292.0,2196.0,2141.0,1745.0,2723.0,826.0,1123.0,774.0,714.0,713.0,714.0,736.0,730.0,730.0,1922.0,1792.0,2578.0,826.0,1123.0,774.0,714.0,713.0,714.0
1.0,5841.0,2161.0,2142.0,2268.0,2620.0,616.0,780.0,1224.0,714.0,713.0,715.0,724.0,713.0,724.0,2030.0,1729.0,2082.0,616.0,780.0,1224.0,714.0,713.0,715.0
1.0,5948.0,2203.0,2143.0,2723.0,2104.0,527.0,393.0,1184.0,715.0,713.0,715.0,733.0,736.0,734.0,2240.0,2072.0,1636.0,527.0,393.0,1184.0,715.0,713.0,715.0
1.0,6468.0,2175.0,2145.0,2620.0,1667.0,632.0,340.0,695.0,715.0,714.0,716.0,721.0,723.0,731.0,2333.0,2459.0,1676.0,632.0,340.0,695.0,715.0,714.0,716.0
1.0,6913.0,2155.0,2145.0,2104.0,1718.0,815.0,670.0,233.0,715.0,714.0,716.0,710.0,723.0,722.0,2228.0,2516.0,2169.0,815.0,670.0,233.0,715.0,714.0,716.0
1.0,6862.0,2138.0,2145.0,1667.0,2189.0,893.0,1042.0,254.0,715.0,714.0,716.0,710.0,712.0,716.0,2045.0,2186.0,2631.0,893.0,1042.0,254.0,715.0,714.0,716.0
1.0,6391.0,2119.0,2146.0,1718.0,2594.0,784.0,1084.0,726.0,715.0,715.0,716.0,706.0,708.0,705.0,1967.0,1814.0,2610.0,784.0,1084.0,726.0,715.0,715.0,716.0
1.0,5990.0,2125.0,2147.0,2189.0,2534.0,599.0,751.0,1184.0,715.0,715.0,717.0,708.0,709.0,708.0,2076.0,1776.0,2138.0,599.0,751.0,1184.0,715.0,715.0,717.0
1.0,6054.0,2156.0,2147.0,2594.0,2096.0,525.0,397.0,1174.0,715.0,715.0,717.0,710.0,730.0,716.0,2261.0,2109.0,1684.0,525.0,397.0,1174.0,715.0,715.0,717.0
1.0,6492.0,2163.0,2150.0,2534.0,1737.0,641.0,381.0,715.0,716.0,716.0,718.0,711.0,731.0,721.0,2335.0,2463.0,1694.0,641.0,381.0,715.0,716.0,716.0,718.0
1.0,6863.0,2156.0,2151.0,2096.0,1801.0,835.0,708.0,258.0,716.0,717.0,718.0,719.0,720.0,717.0,2223.0,2483.0,2157.0,835.0,708.0,258.0,716.0,717.0,718.0
1.0,6803.0,2199.0,2152.0,1737.0,2267.0,926.0,1061.0,280.0,716.0,717.0,719.0,732.0,734.0,733.0,2029.0,2160.0,2614.0,926.0,1061.0,280.0,716.0,717.0,719.0
1.0,6341.0,2141.0,2152.0,1801.0,2607.0,799.0,1065.0,743.0,716.0,717.0,719.0,708.0,712.0,721.0,1938.0,1807.0,2596.0,799.0,1065.0,743.0,716.0,717.0,719.0
1.0,6001.0,2172.0,2154.0,2267.0,2520.0,601.0,739.0,1180.0,717.0,718.0,719.0,724.0,731.0,717.0,2065.0,1803.0,2133.0,601.0,739.0,1180.0,717.0,718.0,719.0
1.0,6096.0,2155.0,2153.0,2607.0,2064.0,523.0,388.0,1153.0,717.0,717.0,719.0,721.0,718.0,716.0,2267.0,2133.0,1696.0,523.0,388.0,1153.0,717.0,717.0,719.0
1.0,6548.0,2149.0,2154.0,2520.0,1697.0,636.0,374.0,687.0,717.0,718.0,719.0,714.0,721.0,714.0,2345.0,2480.0,1723.0,636.0,374.0,687.0,717.0,718.0,719.0
1.0,6919.0,2142.0,2155.0,2064.0,1779.0,822.0,699.0,258.0,717.0,718.0,720.0,709.0,713.0,720.0,2232.0,2498.0,2189.0,822.0,699.0,258.0,717.0,718.0,720.0
1.0,6841.0,2088.0,2155.0,1697.0,2170.0,878.0,1017.0,275.0,717.0,718.0,720.0,692.0,692.0,704.0,2046.0,2173.0,2622.0,878.0,1017.0,275.0,717.0,718.0,720.0
1.0,6450.0,2130.0,2155.0,1779.0,2521.0,759.0,1033.0,729.0,717.0,718.0,720.0,703.0,715.0,712.0,1990.0,1855.0,2605.0,759.0,1033.0,729.0,717.0,718.0,720.0
1.0,6099.0,2157.0,2155.0,2170.0,2508.0,605.0,738.0,1165.0,717.0,718.0,720.0,724.0,722.0,711.0,2109.0,1839.0,2151.0,605.0,738.0,1165.0,717.0,718.0,720.0
1.0,6112.0,2126.0,2155.0,2521.0,2113.0,551.0,423.0,1139.0,717.0,718.0,720.0,705.0,718.0,703.0,2263.0,2134.0,1715.0,551.0,423.0,1139.0,717.0,718.0,720.0
1.0,6507.0,2115.0,2156.0,2508.0,1724.0,643.0,396.0,685.0,717.0,719.0,720.0,697.0,707.0,711.0,2317.0,2449.0,1741.0,643.0,396.0,685.0,717.0,719.0,720.0
1.0,6900.0,2125.0,2156.0,2113.0,1736.0,794.0,685.0,257.0,717.0,719.0,720.0,702.0,712.0,711.0,2225.0,2480.0,2195.0,794.0,685.0,257.0,717.0,719.0,720.0
1.0,6888.0,2112.0,2156.0,1724.0,2124.0,851.0,994.0,279.0,717.0,719.0,720.0,700.0,705.0,707.0,2074.0,2191.0,2623.0,851.0,994.0,279.0,717.0,719.0,720.0
1.0,6500.0,2130.0,2156.0,1736.0,2518.0,761.0,1019.0,738.0,717.0,719.0,720.0,704.0,710.0,716.0,2017.0,1882.0,2601.0,761.0,1019.0,738.0,717.0,719.0,720.0
1.0,6106.0,2105.0,2156.0,2124.0,2499.0,607.0,726.0,1166.0,717.0,719.0,720.0,697.0,701.0,707.0,2107.0,1857.0,2142.0,607.0,726.0,1166.0,717.0,719.0,720.0
1.0,6125.0,2152.0,2155.0,2518.0,2129.0,567.0,427.0,1135.0,717.0,719.0,719.0,721.0,720.0,711.0,2261.0,2150.0,1714.0,567.0,427.0,1135.0,717.0,719.0,719.0
1.0,6491.0,2150.0,2155.0,2499.0,1780.0,685.0,415.0,680.0,717.0,719.0,719.0,725.0,714.0,711.0,2301.0,2449.0,1741.0,685.0,415.0,680.0,717.0,719.0,719.0
1.0,6840.0,2114.0,2155.0,2129.0,1765.0,822.0,691.0,252.0,717.0,719.0,719.0,704.0,703.0,707.0,2183.0,2461.0,2196.0,822.0,691.0,252.0,717.0,719.0,719.0
1.0,6855.0,2158.0,2155.0,1780.0,2143.0,858.0,992.0,293.0,717.0,719.0,719.0,721.0,716.0,721.0,2046.0,2185.0,2624.0,858.0,992.0,293.0,717.0,719.0,719.0
1.0,6477.0,2118.0,2155.0,1765.0,2496.0,737.0,1013.0,746.0,717.0,719.0,719.0,701.0,712.0,705.0,2010.0,1884.0,2583.0,737.0,1013.0,746.0,717.0,719.0,719.0
1.0,6124.0,2177.0,2155.0,2143.0,2530.0,607.0,749.0,1174.0,717.0,719.0,719.0,728.0,728.0,721.0,2131.0,1863.0,2130.0,607.0,749.0,1174.0,717.0,719.0,719.0
1.0,6090.0,2165.0,2155.0,2496.0,2199.0,596.0,460.0,1143.0,717.0,719.0,719.0,726.0,724.0,715.0,2261.0,2127.0,1702.0,596.0,460.0,1143.0,717.0,719.0,719.0
1.0,6421.0,2165.0,2157.0,2530.0,1842.0,725.0,440.0,677.0,718.0,720.0,719.0,732.0,725.0,708.0,2272.0,2416.0,1733.0,725.0,440.0,677.0,718.0,720.0,719.0
1.0,6786.0,2139.0,2157.0,2199.0,1782.0,849.0,691.0,242.0,718.0,720.0,719.0,720.0,711.0,708.0,2147.0,2440.0,2199.0,849.0,691.0,242.0,718.0,720.0,719.0
1.0,6846.0,2190.0,2157.0,1842.0,2130.0,858.0,975.0,297.0,718.0,720.0,719.0,734.0,724.0,732.0,2023.0,2189.0,2634.0,858.0,975.0,297.0,718.0,720.0,719.0
1.0,6498.0,2200.0,2157.0,1782.0,2548.0,743.0,1007.0,798.0,718.0,720.0,719.0,734.0,723.0,743.0,2014.0,1905.0,2579.0,743.0,1007.0,798.0,718.0,720.0,719.0
1.0,6080.0,2166.0,2157.0,2130.0,2584.0,606.0,750.0,1228.0,718.0,720.0,719.0,721.0,718.0,727.0,2129.0,1873.0,2078.0,606.0,750.0,1228.0,718.0,720.0,719.0
1.0,6044.0,2155.0,2157.0,2548.0,2191.0,592.0,459.0,1140.0,718.0,720.0,719.0,729.0,716.0,710.0,2266.0,2130.0,1648.0,592.0,459.0,1140.0,718.0,720.0,719.0
1.0,6437.0,2167.0,2158.0,2584.0,1778.0,726.0,418.0,634.0,719.0,720.0,719.0,736.0,709.0,722.0,2280.0,2421.0,1736.0,726.0,418.0,634.0,719.0,720.0,719.0
1.0,6854.0,2176.0,2157.0,2191.0,1759.0,858.0,688.0,213.0,718.0,720.0,719.0,728.0,729.0,719.0,2150.0,2462.0,2242.0,858.0,688.0,213.0,718.0,720.0,719.0
1.0,6869.0,2174.0,2157.0,1778.0,2155.0,872.0,993.0,290.0,719.0,720.0,718.0,736.0,723.0,715.0,2014.0,2192.0,2663.0,872.0,993.0,290.0,719.0,720.0,718.0
1.0,6473.0,2163.0,2156.0,1759.0,2555.0,742.0,1023.0,790.0,719.0,719.0,718.0,728.0,722.0,713.0,2004.0,1887.0,2582.0,742.0,1023.0,790.0,719.0,719.0,718.0
1.0,6069.0,2217.0,2156.0,2155.0,2617.0,625.0,762.0,1230.0,719.0,719.0,718.0,755.0,732.0,730.0,2134.0,1853.0,2082.0,625.0,762.0,1230.0,719.0,719.0,718.0
1.0,6007.0,2163.0,2156.0,2555.0,2225.0,605.0,457.0,1163.0,719.0,719.0,718.0,722.0,718.0,723.0,2251.0,2114.0,1642.0,605.0,457.0,1163.0,719.0,719.0,718.0
1.0,6399.0,2131.0,2155.0,2617.0,1735.0,696.0,407.0,632.0,719.0,719.0,717.0,716.0,712.0,703.0,2271.0,2419.0,1709.0,696.0,407.0,632.0,719.0,719.0,717.0
1.0,6885.0,2208.0,2155.0,2225.0,1718.0,836.0,682.0,200.0,719.0,719.0,717.0,745.0,732.0,731.0,2180.0,2469.0,2236.0,836.0,682.0,200.0,719.0,719.0,717.0
1.0,6902.0,2192.0,2157.0,1735.0,2183.0,880.0,1004.0,299.0,720.0,719.0,718.0,736.0,729.0,727.0,2040.0,2194.0,2668.0,880.0,1004.0,299.0,720.0,719.0,718.0
1.0,6445.0,2232.0,2158.0,1718.0,2701.0,782.0,1077.0,842.0,720.0,720.0,718.0,738.0,751.0,743.0,2000.0,1872.0,2573.0,782.0,1077.0,842.0,720.0,720.0,718.0
1.0,5931.0,2211.0,2158.0,2183.0,2729.0,643.0,806.0,1280.0,720.0,720.0,718.0,741.0,733.0,737.0,2098.0,1803.0,2030.0,643.0,806.0,1280.0,720.0,720.0,718.0
1.0,5903.0,2203.0,2159.0,2701.0,2235.0,598.0,456.0,1181.0,720.0,720.0,719.0,737.0,727.0,739.0,2237.0,2074.0,1592.0,598.0,456.0,1181.0,720.0,720.0,719.0
1.0,6401.0,2169.0,2159.0,2729.0,1675.0,684.0,375.0,616.0,720.0,720.0,719.0,729.0,725.0,715.0,2282.0,2424.0,1695.0,684.0,375.0,616.0,720.0,720.0,719.0
1.0,6961.0,2208.0,2159.0,2235.0,1648.0,818.0,663.0,167.0,720.0,720.0,719.0,732.0,744.0,732.0,2196.0,2505.0,2260.0,818.0,663.0,167.0,720.0,720.0,719.0
1.0,6988.0,2195.0,2159.0,1675.0,2168.0,863.0,1021.0,284.0,720.0,720.0,719.0,729.0,733.0,733.0,2062.0,2217.0,2709.0,863.0,1021.0,284.0,720.0,720.0,719.0
1.0,6468.0,2176.0,2159.0,1648.0,2696.0,771.0,1082.0,843.0,720.0,720.0,719.0,726.0,724.0,726.0,2017.0,1859.0,2592.0,771.0,1082.0,843.0,720.0,720.0,719.0
1.0,5940.0,2166.0,2158.0,2168.0,2690.0,631.0,782.0,1277.0,720.0,720.0,718.0,723.0,721.0,722.0,2109.0,1798.0,2033.0,631.0,782.0,1277.0,720.0,720.0,718.0
1.0,5942.0,2183.0,2160.0,2696.0,2185.0,591.0,425.0,1169.0,721.0,720.0,719.0,727.0,725.0,731.0,2249.0,2098.0,1595.0,591.0,425.0,1169.0,721.0,720.0,719.0
1.0,6455.0,2219.0,2161.0,2690.0,1718.0,696.0,389.0,633.0,721.0,721.0,719.0,736.0,742.0,741.0,2293.0,2455.0,1707.0,696.0,389.0,633.0,721.0,721.0,719.0
1.0,6926.0,2178.0,2163.0,2185.0,1719.0,839.0,681.0,199.0,722.0,721.0,720.0,730.0,717.0,731.0,2188.0,2495.0,2243.0,839.0,681.0,199.0,722.0,721.0,720.0
1.0,6933.0,2193.0,2163.0,1718.0,2194.0,868.0,1025.0,301.0,722.0,721.0,720.0,725.0,733.0,735.0,2049.0,2203.0,2681.0,868.0,1025.0,301.0,722.0,721.0,720.0
1.0,6458.0,2180.0,2163.0,1719.0,2655.0,747.0,1080.0,828.0,722.0,721.0,720.0,718.0,736.0,726.0,2020.0,1859.0,2579.0,747.0,1080.0,828.0,722.0,721.0,720.0
1.0,5997.0,2180.0,2163.0,2194.0,2641.0,602.0,780.0,1259.0,722.0,721.0,720.0,723.0,725.0,732.0,2141.0,1804.0,2052.0,602.0,780.0,1259.0,722.0,721.0,720.0
1.0,6011.0,2184.0,2166.0,2655.0,2182.0,587.0,435.0,1160.0,723.0,722.0,721.0,728.0,731.0,725.0,2286.0,2104.0,1621.0,587.0,435.0,1160.0,723.0,722.0,721.0
1.0,6482.0,2210.0,2166.0,2641.0,1751.0,717.0,397.0,637.0,723.0,722.0,721.0,732.0,742.0,736.0,2305.0,2453.0,1724.0,717.0,397.0,637.0,723.0,722.0,721.0
1.0,6913.0,2186.0,2166.0,2182.0,1755.0,856.0,691.0,208.0,723.0,722.0,721.0,726.0,729.0,731.0,2175.0,2491.0,2247.0,856.0,691.0,208.0,723.0,722.0,721.0
1.0,6909.0,2218.0,2166.0,1751.0,2222.0,871.0,1036.0,315.0,723.0,722.0,721.0,732.0,742.0,744.0,2036.0,2197.0,2676.0,871.0,1036.0,315.0,723.0,722.0,721.0
1.0,6442.0,2173.0,2166.0,1755.0,2640.0,740.0,1073.0,827.0,723.0,722.0,721.0,725.0,728.0,720.0,2021.0,1852.0,2569.0,740.0,1073.0,827.0,723.0,722.0,721.0
1.0,6024.0,2163.0,2167.0,2222.0,2585.0,578.0,754.0,1253.0,723.0,722.0,722.0,709.0,717.0,737.0,2152.0,1815.0,2057.0,578.0,754.0,1253.0,723.0,722.0,722.0
1.0,6083.0,2183.0,2168.0,2640.0,2132.0,562.0,412.0,1158.0,723.0,723.0,722.0,724.0,727.0,732.0,2314.0,2134.0,1635.0,562.0,412.0,1158.0,723.0,723.0,722.0
1.0,6540.0,2199.0,2170.0,2585.0,1754.0,717.0,391.0,646.0,724.0,723.0,723.0,729.0,733.0,737.0,2330.0,2480.0,1730.0,717.0,391.0,646.0,724.0,723.0,723.0
1.0,6926.0,2225.0,2172.0,2132.0,1855.0,888.0,732.0,235.0,725.0,724.0,723.0,729.0,749.0,747.0,2179.0,2501.0,2246.0,888.0,732.0,235.0,725.0,724.0,723.0
1.0,6833.0,2249.0,2174.0,1754.0,2358.0,917.0,1099.0,342.0,725.0,725.0,724.0,746.0,754.0,749.0,2012.0,2164.0,2657.0,917.0,1099.0,342.0,725.0,725.0,724.0
1.0,6338.0,2161.0,2175.0,1855.0,2668.0,750.0,1082.0,836.0,725.0,725.0,725.0,721.0,715.0,725.0,1983.0,1801.0,2554.0,750.0,1082.0,836.0,725.0,725.0,725.0
1.0,6032.0,2237.0,2177.0,2358.0,2555.0,577.0,743.0,1235.0,726.0,726.0,725.0,740.0,756.0,741.0,2150.0,1818.0,2064.0,577.0,743.0,1235.0,726.0,726.0,725.0
1.0,6153.0,2205.0,2179.0,2668.0,2100.0,565.0,394.0,1141.0,727.0,726.0,726.0,734.0,733.0,738.0,2327.0,2161.0,1665.0,565.0,394.0,1141.0,727.0,726.0,726.0
1.0,6616.0,2178.0,2179.0,2555.0,1723.0,715.0,375.0,633.0,727.0,726.0,726.0,727.0,724.0,727.0,2343.0,2510.0,1763.0,715.0,375.0,633.0,727.0,726.0,726.0
1.0,6993.0,2197.0,2181.0,2100.0,1828.0,894.0,713.0,221.0,728.0,727.0,726.0,740.0,728.0,729.0,2193.0,2529.0,2271.0,894.0,713.0,221.0,728.0,727.0,726.0
1.0,6896.0,2172.0,2182.0,1723.0,2281.0,887.0,1071.0,323.0,728.0,727.0,727.0,708.0,733.0,731.0,2018.0,2195.0,2683.0,887.0,1071.0,323.0,728.0,727.0,727.0
1.0,6447.0,2201.0,2182.0,1828.0,2654.0,729.0,1085.0,840.0,728.0,727.0,727.0,736.0,727.0,738.0,2025.0,1837.0,2585.0,729.0,1085.0,840.0,728.0,727.0,727.0
1.0,6074.0,2195.0,2184.0,2281.0,2576.0,569.0,756.0,1251.0,728.0,728.0,728.0,727.0,738.0,730.0,2183.0,1823.0,2068.0,569.0,756.0,1251.0,728.0,728.0,728.0
1.0,6160.0,2182.0,2185.0,2654.0,2108.0,569.0,393.0,1146.0,729.0,728.0,728.0,725.0,722.0,735.0,2343.0,2156.0,1661.0,569.0,393.0,1146.0,729.0,728.0,728.0
1.0,6632.0,2199.0,2187.0,2576.0,1739.0,725.0,375.0,639.0,729.0,729.0,729.0,725.0,734.0,740.0,2347.0,2519.0,1766.0,725.0,375.0,639.0,729.0,729.0,729.0
1.0,7009.0,2197.0,2187.0,2108.0,1828.0,884.0,709.0,235.0,729.0,729.0,729.0,728.0,727.0,742.0,2191.0,2541.0,2277.0,884.0,709.0,235.0,729.0,729.0,729.0
1.0,6920.0,2181.0,2188.0,1739.0,2274.0,894.0,1058.0,322.0,730.0,729.0,729.0,731.0,724.0,726.0,2032.0,2207.0,2681.0,894.0,1058.0,322.0,730.0,729.0,729.0
1.0,6478.0,2258.0,2189.0,1828.0,2708.0,766.0,1100.0,842.0,730.0,729.0,730.0,756.0,751.0,751.0,2026.0,1858.0,2594.0,766.0,1100.0,842.0,730.0,729.0,730.0
1.0,6048.0,2169.0,2189.0,2274.0,2603.0,593.0,761.0,1249.0,730.0,729.0,730.0,721.0,719.0,729.0,2154.0,1816.0,2078.0,593.0,761.0,1249.0,730.0,729.0,730.0
1.0,6153.0,2212.0,2191.0,2708.0,2115.0,567.0,394.0,1154.0,730.0,730.0,731.0,740.0,729.0,743.0,2327.0,2155.0,1671.0,567.0,394.0,1154.0,730.0,730.0,731.0
1.0,6649.0,2171.0,2191.0,2603.0,1683.0,697.0,357.0,629.0,730.0,730.0,731.0,723.0,724.0,724.0,2353.0,2526.0,1770.0,697.0,357.0,629.0,730.0,730.0,731.0
1.0,7081.0,2207.0,2191.0,2115.0,1775.0,864.0,697.0,214.0,730.0,730.0,731.0,734.0,734.0,739.0,2223.0,2563.0,2295.0,864.0,697.0,214.0,730.0,730.0,731.0
1.0,6989.0,2189.0,2191.0,1683.0,2281.0,901.0,1069.0,311.0,730.0,730.0,731.0,734.0,729.0,726.0,2056.0,2223.0,2710.0,901.0,1069.0,311.0,730.0,730.0,731.0
1.0,6483.0,2204.0,2191.0,1775.0,2710.0,775.0,1099.0,836.0,730.0,730.0,731.0,738.0,727.0,739.0,2019.0,1851.0,2613.0,775.0,1099.0,836.0,730.0,730.0,731.0
1.0,6054.0,2197.0,2192.0,2281.0,2630.0,609.0,753.0,1268.0,730.0,730.0,732.0,735.0,723.0,739.0,2145.0,1821.0,2088.0,609.0,753.0,1268.0,730.0,730.0,732.0
1.0,6138.0,2192.0,2193.0,2710.0,2116.0,578.0,373.0,1165.0,731.0,730.0,732.0,740.0,719.0,733.0,2311.0,2167.0,1660.0,578.0,373.0,1165.0,731.0,730.0,732.0
1.0,6656.0,2208.0,2193.0,2630.0,1694.0,710.0,356.0,628.0,731.0,730.0,732.0,741.0,736.0,731.0,2346.0,2547.0,1763.0,710.0,356.0,628.0,731.0,730.0,732.0
1.0,7078.0,2219.0,2195.0,2116.0,1805.0,876.0,726.0,203.0,731.0,731.0,733.0,744.0,739.0,736.0,2214.0,2564.0,2300.0,876.0,726.0,203.0,731.0,731.0,733.0
1.0,6975.0,2242.0,2195.0,1694.0,2353.0,910.0,1112.0,331.0,731.0,731.0,733.0,744.0,742.0,756.0,2048.0,2198.0,2729.0,910.0,1112.0,331.0,731.0,731.0,733.0
1.0,6427.0,2219.0,2196.0,1805.0,2771.0,785.0,1115.0,871.0,731.0,731.0,734.0,751.0,729.0,739.0,2014.0,1812.0,2601.0,785.0,1115.0,871.0,731.0,731.0,734.0
1.0,6013.0,2246.0,2199.0,2353.0,2676.0,636.0,747.0,1293.0,732.0,732.0,735.0,757.0,740.0,749.0,2139.0,1809.0,2065.0,636.0,747.0,1293.0,732.0,732.0,735.0
1.0,6120.0,2216.0,2199.0,2771.0,2121.0,598.0,367.0,1156.0,732.0,732.0,735.0,747.0,735.0,734.0,2292.0,2181.0,1647.0,598.0,367.0,1156.0,732.0,732.0,735.0
1.0,6675.0,2200.0,2199.0,2676.0,1645.0,696.0,354.0,595.0,732.0,732.0,735.0,734.0,734.0,732.0,2330.0,2561.0,1784.0,696.0,354.0,595.0,732.0,732.0,735.0
1.0,7151.0,2255.0,2200.0,2121.0,1783.0,858.0,740.0,185.0,733.0,732.0,735.0,756.0,753.0,746.0,2232.0,2574.0,2345.0,858.0,740.0,185.0,733.0,732.0,735.0
1.0,7017.0,2208.0,2200.0,1645.0,2346.0,905.0,1123.0,318.0,733.0,732.0,735.0,743.0,737.0,728.0,2074.0,2188.0,2755.0,905.0,1123.0,318.0,733.0,732.0,735.0
1.0,6454.0,2228.0,2199.0,1783.0,2787.0,801.0,1125.0,861.0,733.0,732.0,734.0,754.0,742.0,732.0,2027.0,1805.0,2622.0,801.0,1125.0,861.0,733.0,732.0,734.0
1.0,6009.0,2194.0,2200.0,2346.0,2639.0,639.0,727.0,1273.0,733.0,732.0,735.0,743.0,725.0,726.0,2131.0,1803.0,2075.0,639.0,727.0,1273.0,733.0,732.0,735.0
1.0,6161.0,2170.0,2199.0,2787.0,2018.0,570.0,327.0,1121.0,733.0,732.0,734.0,732.0,725.0,713.0,2293.0,2201.0,1667.0,570.0,327.0,1121.0,733.0,732.0,734.0
1.0,6778.0,2208.0,2200.0,2639.0,1591.0,681.0,333.0,577.0,734.0,732.0,734.0,746.0,733.0,729.0,2362.0,2601.0,1815.0,681.0,333.0,577.0,734.0,732.0,734.0
1.0,7209.0,2219.0,2200.0,2018.0,1792.0,861.0,742.0,189.0,734.0,732.0,734.0,750.0,736.0,733.0,2255.0,2595.0,2359.0,861.0,742.0,189.0,734.0,732.0,734.0
1.0,7008.0,2210.0,2201.0,1591.0,2415.0,925.0,1136.0,354.0,734.0,732.0,735.0,745.0,727.0,738.0,2075.0,2186.0,2747.0,925.0,1136.0,354.0,734.0,732.0,735.0
1.0,6389.0,2219.0,2203.0,1792.0,2850.0,809.0,1137.0,904.0,735.0,733.0,735.0,741.0,739.0,739.0,2011.0,1792.0,2586.0,809.0,1137.0,904.0,735.0,733.0,735.0
1.0,5962.0,2276.0,2203.0,2415.0,2711.0,647.0,755.0,1309.0,735.0,733.0,735.0,763.0,754.0,759.0,2131.0,1795.0,2036.0,647.0,755.0,1309.0,735.0,733.0,735.0
1.0,6101.0,2203.0,2203.0,2850.0,2064.0,574.0,345.0,1145.0,735.0,733.0,735.0,736.0,727.0,740.0,2293.0,2177.0,1631.0,574.0,345.0,1145.0,735.0,733.0,735.0
1.0,6748.0,2216.0,2204.0,2711.0,1573.0,675.0,321.0,577.0,736.0,733.0,735.0,744.0,731.0,741.0,2366.0,2587.0,1795.0,675.0,321.0,577.0,736.0,733.0,735.0
1.0,7243.0,2179.0,2205.0,2064.0,1692.0,832.0,690.0,170.0,736.0,733.0,736.0,731.0,714.0,734.0,2269.0,2611.0,2363.0,832.0,690.0,170.0,736.0,733.0,736.0
1.0,7128.0,2268.0,2206.0,1573.0,2391.0,926.0,1127.0,338.0,737.0,733.0,736.0,765.0,758.0,745.0,2112.0,2242.0,2774.0,926.0,1127.0,338.0,737.0,733.0,736.0
1.0,6433.0,2233.0,2206.0,1692.0,2932.0,841.0,1184.0,907.0,737.0,733.0,736.0,747.0,747.0,739.0,2022.0,1805.0,2606.0,841.0,1184.0,907.0,737.0,733.0,736.0
1.0,5892.0,2208.0,2206.0,2391.0,2749.0,652.0,795.0,1302.0,737.0,733.0,736.0,737.0,738.0,733.0,2107.0,1748.0,2037.0,652.0,795.0,1302.0,737.0,733.0,736.0
1.0,6075.0,2272.0,2208.0,2932.0,2097.0,576.0,376.0,1145.0,738.0,734.0,736.0,761.0,761.0,750.0,2296.0,2137.0,1642.0,576.0,376.0,1145.0,738.0,734.0,736.0
1.0,6735.0,2229.0,2208.0,2749.0,1577.0,669.0,320.0,588.0,738.0,734.0,736.0,745.0,739.0,745.0,2376.0,2560.0,1799.0,669.0,320.0,588.0,738.0,734.0,736.0
1.0,7255.0,2189.0,2208.0,2097.0,1669.0,833.0,675.0,161.0,738.0,734.0,736.0,740.0,731.0,718.0,2283.0,2616.0,2356.0,833.0,675.0,161.0,738.0,734.0,736.0
1.0,7163.0,2222.0,2209.0,1577.0,2318.0,912.0,1092.0,314.0,739.0,734.0,736.0,744.0,737.0,741.0,2119.0,2261.0,2783.0,912.0,1092.0,314.0,739.0,734.0,736.0
1.0,6518.0,2215.0,2210.0,1669.0,2868.0,816.0,1168.0,884.0,739.0,735.0,736.0,737.0,747.0,731.0,2044.0,1844.0,2630.0,816.0,1168.0,884.0,739.0,735.0,736.0
1.0,5972.0,2188.0,2210.0,2318.0,2738.0,622.0,811.0,1305.0,739.0,735.0,736.0,718.0,735.0,735.0,2140.0,1772.0,2060.0,622.0,811.0,1305.0,739.0,735.0,736.0
1.0,6102.0,2177.0,2209.0,2868.0,2043.0,527.0,372.0,1144.0,739.0,734.0,736.0,721.0,733.0,723.0,2334.0,2129.0,1639.0,527.0,372.0,1144.0,739.0,734.0,736.0
1.0,6793.0,2206.0,2209.0,2738.0,1511.0,638.0,296.0,577.0,739.0,734.0,736.0,733.0,735.0,738.0,2429.0,2564.0,1800.0,638.0,296.0,577.0,739.0,734.0,736.0
1.0,7325.0,2234.0,2210.0,2043.0,1706.0,845.0,682.0,179.0,739.0,735.0,736.0,734.0,754.0,746.0,2318.0,2640.0,2367.0,845.0,682.0,179.0,739.0,735.0,736.0
1.0,7134.0,2193.0,2210.0,1511.0,2388.0,935.0,1128.0,325.0,739.0,735.0,736.0,728.0,742.0,723.0,2111.0,2258.0,2765.0,935.0,1128.0,325.0,739.0,735.0,736.0
1.0,6452.0,2210.0,2210.0,1706.0,2892.0,836.0,1180.0,876.0,739.0,735.0,736.0,746.0,734.0,730.0,2021.0,1812.0,2619.0,836.0,1180.0,876.0,739.0,735.0,736.0
1.0,5948.0,2240.0,2210.0,2388.0,2744.0,644.0,805.0,1295.0,739.0,735.0,736.0,743.0,753.0,744.0,2120.0,1760.0,2068.0,644.0,805.0,1295.0,739.0,735.0,736.0
1.0,6096.0,2206.0,2211.0,2892.0,2062.0,535.0,379.0,1148.0,739.0,736.0,736.0,727.0,750.0,729.0,2312.0,2135.0,1649.0,535.0,379.0,1148.0,739.0,736.0,736.0
1.0,6782.0,2192.0,2211.0,2744.0,1510.0,617.0,310.0,583.0,739.0,736.0,736.0,726.0,736.0,730.0,2421.0,2565.0,1796.0,617.0,310.0,583.0,739.0,736.0,736.0
1.0,7334.0,2221.0,2211.0,2062.0,1669.0,815.0,676.0,178.0,739.0,736.0,736.0,733.0,745.0,743.0,2339.0,2634.0,2361.0,815.0,676.0,178.0,739.0,736.0,736.0
1.0,7175.0,2232.0,2211.0,1510.0,2391.0,933.0,1118.0,340.0,739.0,736.0,736.0,735.0,752.0,745.0,2141.0,2268.0,2766.0,933.0,1118.0,340.0,739.0,736.0,736.0
1.0,6453.0,2204.0,2212.0,1669.0,2930.0,843.0,1186.0,901.0,739.0,737.0,736.0,725.0,740.0,739.0,2023.0,1826.0,2604.0,843.0,1186.0,901.0,739.0,737.0,736.0
1.0,5918.0,2214.0,2213.0,2391.0,2757.0,647.0,809.0,1301.0,740.0,737.0,736.0,733.0,741.0,740.0,2113.0,1762.0,2043.0,647.0,809.0,1301.0,740.0,737.0,736.0
1.0,6095.0,2241.0,2214.0,2930.0,2072.0,539.0,379.0,1154.0,740.0,737.0,737.0,735.0,756.0,750.0,2313.0,2139.0,1643.0,539.0,379.0,1154.0,740.0,737.0,737.0
1.0,6784.0,2220.0,2215.0,2757.0,1539.0,633.0,312.0,594.0,740.0,738.0,737.0,741.0,738.0,741.0,2421.0,2569.0,1794.0,633.0,312.0,594.0,740.0,738.0,737.0
1.0,7321.0,2241.0,2214.0,2072.0,1704.0,820.0,687.0,197.0,739.0,738.0,737.0,730.0,754.0,757.0,2327.0,2640.0,2354.0,820.0,687.0,197.0,739.0,738.0,737.0
1.0,7152.0,2253.0,2216.0,1539.0,2426.0,928.0,1133.0,365.0,740.0,738.0,738.0,737.0,758.0,758.0,2136.0,2265.0,2751.0,928.0,1133.0,365.0,740.0,738.0,738.0
1.0,6438.0,2264.0,2217.0,1704.0,2990.0,863.0,1206.0,921.0,740.0,739.0,738.0,755.0,756.0,753.0,2032.0,1819.0,2587.0,863.0,1206.0,921.0,740.0,739.0,738.0
1.0,5878.0,2248.0,2217.0,2426.0,2812.0,674.0,823.0,1315.0,740.0,739.0,738.0,739.0,750.0,759.0,2097.0,1750.0,2031.0,674.0,823.0,1315.0,740.0,739.0,738.0
1.0,6056.0,2259.0,2220.0,2990.0,2093.0,561.0,381.0,1151.0,741.0,740.0,739.0,746.0,760.0,753.0,2286.0,2133.0,1637.0,561.0,381.0,1151.0,741.0,740.0,739.0
1.0,6787.0,2222.0,2219.0,2812.0,1499.0,610.0,309.0,580.0,740.0,740.0,739.0,727.0,751.0,744.0,2403.0,2579.0,1805.0,610.0,309.0,580.0,740.0,740.0,739.0
1.0,7377.0,2266.0,2221.0,2093.0,1680.0,805.0,686.0,189.0,741.0,741.0,739.0,752.0,754.0,760.0,2350.0,2651.0,2376.0,805.0,686.0,189.0,741.0,741.0,739.0
1.0,7204.0,2238.0,2222.0,1499.0,2423.0,933.0,1127.0,363.0,741.0,741.0,740.0,738.0,750.0,750.0,2159.0,2278.0,2767.0,933.0,1127.0,363.0,741.0,741.0,740.0
1.0,6465.0,2297.0,2223.0,1680.0,3044.0,894.0,1214.0,936.0,741.0,742.0,740.0,766.0,769.0,762.0,2031.0,1837.0,2597.0,894.0,1214.0,936.0,741.0,742.0,740.0
1.0,5848.0,2264.0,2226.0,2423.0,2897.0,718.0,844.0,1335.0,742.0,743.0,741.0,753.0,753.0,758.0,2070.0,1754.0,2024.0,718.0,844.0,1335.0,742.0,743.0,741.0
1.0,6007.0,2263.0,2226.0,3044.0,2116.0,576.0,385.0,1155.0,742.0,743.0,741.0,752.0,755.0,756.0,2250.0,2128.0,1629.0,576.0,385.0,1155.0,742.0,743.0,741.0
1.0,6788.0,2274.0,2226.0,2897.0,1493.0,610.0,294.0,589.0,742.0,743.0,741.0,752.0,753.0,769.0,2392.0,2587.0,1809.0,610.0,294.0,589.0,742.0,743.0,741.0
1.0,7411.0,2225.0,2226.0,2116.0,1602.0,782.0,647.0,173.0,742.0,743.0,741.0,748.0,738.0,739.0,2358.0,2678.0,2375.0,782.0,647.0,173.0,742.0,743.0,741.0
1.0,7302.0,2256.0,2227.0,1493.0,2369.0,918.0,1111.0,340.0,742.0,744.0,741.0,746.0,754.0,756.0,2186.0,2325.0,2791.0,918.0,1111.0,340.0,742.0,744.0,741.0
1.0,6539.0,2303.0,2228.0,1602.0,3074.0,902.0,1235.0,937.0,742.0,744.0,742.0,766.0,771.0,766.0,2050.0,1865.0,2624.0,902.0,1235.0,937.0,742.0,744.0,742.0
1.0,5838.0,2241.0,2228.0,2369.0,2946.0,733.0,862.0,1351.0,742.0,744.0,742.0,749.0,738.0,754.0,2066.0,1741.0,2031.0,733.0,862.0,1351.0,742.0,744.0,742.0
1.0,5966.0,2270.0,2229.0,3074.0,2146.0,586.0,383.0,1177.0,742.0,744.0,743.0,755.0,756.0,759.0,2235.0,2114.0,1617.0,586.0,383.0,1177.0,742.0,744.0,743.0
1.0,6770.0,2266.0,2230.0,2946.0,1470.0,612.0,275.0,583.0,742.0,745.0,743.0,759.0,750.0,757.0,2382.0,2593.0,1795.0,612.0,275.0,583.0,742.0,745.0,743.0
1.0,7450.0,2337.0,2232.0,2146.0,1669.0,818.0,660.0,191.0,743.0,745.0,744.0,788.0,768.0,781.0,2356.0,2705.0,2389.0,818.0,660.0,191.0,743.0,745.0,744.0
1.0,7259.0,2264.0,2234.0,1470.0,2471.0,966.0,1139.0,366.0,743.0,746.0,745.0,760.0,750.0,754.0,2154.0,2320.0,2785.0,966.0,1139.0,366.0,743.0,746.0,745.0
1.0,6465.0,2278.0,2236.0,1669.0,3088.0,920.0,1232.0,936.0,744.0,746.0,746.0,768.0,753.0,757.0,2006.0,1845.0,2614.0,920.0,1232.0,936.0,744.0,746.0,746.0
1.0,5856.0,2267.0,2236.0,2471.0,2884.0,715.0,837.0,1332.0,744.0,746.0,746.0,761.0,744.0,762.0,2056.0,1752.0,2048.0,715.0,837.0,1332.0,744.0,746.0,746.0
1.0,6060.0,2251.0,2239.0,3088.0,2059.0,562.0,350.0,1147.0,745.0,747.0,747.0,763.0,741.0,747.0,2261.0,2147.0,1652.0,562.0,350.0,1147.0,745.0,747.0,747.0
1.0,6897.0,2286.0,2239.0,2884.0,1461.0,616.0,270.0,575.0,745.0,747.0,747.0,769.0,757.0,760.0,2418.0,2638.0,1841.0,616.0,270.0,575.0,745.0,747.0,747.0
1.0,7495.0,2288.0,2241.0,2059.0,1698.0,825.0,683.0,190.0,746.0,748.0,747.0,767.0,759.0,762.0,2364.0,2718.0,2413.0,825.0,683.0,190.0,746.0,748.0,747.0
1.0,7266.0,2253.0,2239.0,1461.0,2482.0,958.0,1157.0,367.0,745.0,747.0,747.0,753.0,748.0,752.0,2159.0,2309.0,2798.0,958.0,1157.0,367.0,745.0,747.0,747.0
1.0,6474.0,2275.0,2242.0,1698.0,3071.0,905.0,1233.0,933.0,746.0,748.0,748.0,768.0,755.0,752.0,2022.0,1831.0,2621.0,905.0,1233.0,933.0,746.0,748.0,748.0
1.0,5897.0,2285.0,2243.0,2482.0,2878.0,718.0,835.0,1325.0,747.0,748.0,748.0,767.0,759.0,759.0,2079.0,1759.0,2059.0,718.0,835.0,1325.0,747.0,748.0,748.0
1.0,6094.0,2235.0,2244.0,3071.0,2046.0,567.0,345.0,1134.0,747.0,749.0,748.0,754.0,739.0,742.0,2270.0,2157.0,1667.0,567.0,345.0,1134.0,747.0,749.0,748.0
1.0,6930.0,2268.0,2244.0,2878.0,1436.0,607.0,264.0,565.0,747.0,749.0,748.0,758.0,754.0,756.0,2421.0,2651.0,1858.0,607.0,264.0,565.0,747.0,749.0,748.0
1.0,7540.0,2264.0,2244.0,2046.0,1654.0,804.0,667.0,183.0,747.0,749.0,748.0,764.0,748.0,752.0,2381.0,2732.0,2427.0,804.0,667.0,183.0,747.0,749.0,748.0
1.0,7322.0,2258.0,2246.0,1436.0,2484.0,958.0,1154.0,372.0,748.0,749.0,749.0,757.0,751.0,750.0,2184.0,2329.0,2809.0,958.0,1154.0,372.0,748.0,749.0,749.0
1.0,6500.0,2260.0,2246.0,1654.0,3090.0,914.0,1230.0,946.0,748.0,749.0,749.0,760.0,743.0,757.0,2034.0,1842.0,2624.0,914.0,1230.0,946.0,748.0,749.0,749.0
1.0,5894.0,2257.0,2246.0,2484.0,2863.0,712.0,822.0,1329.0,748.0,749.0,749.0,756.0,746.0,755.0,2078.0,1766.0,2050.0,712.0,822.0,1329.0,748.0,749.0,749.0
1.0,6121.0,2239.0,2247.0,3090.0,2016.0,540.0,335.0,1141.0,748.0,749.0,750.0,742.0,743.0,754.0,2280.0,2174.0,1667.0,540.0,335.0,1141.0,748.0,749.0,750.0
1.0,6972.0,2243.0,2247.0,2863.0,1396.0,574.0,260.0,562.0,748.0,749.0,750.0,746.0,747.0,750.0,2452.0,2661.0,1859.0,574.0,260.0,562.0,748.0,749.0,750.0
1.0,7592.0,2207.0,2247.0,2016.0,1587.0,784.0,656.0,147.0,748.0,749.0,750.0,750.0,731.0,726.0,2418.0,2736.0,2438.0,784.0,656.0,147.0,748.0,749.0,750.0
1.0,7401.0,2314.0,2249.0,1396.0,2513.0,998.0,1164.0,351.0,749.0,750.0,750.0,784.0,764.0,766.0,2208.0,2340.0,2853.0,998.0,1164.0,351.0,749.0,750.0,750.0
1.0,6483.0,2254.0,2251.0,1587.0,3188.0,968.0,1256.0,964.0,750.0,750.0,751.0,750.0,748.0,756.0,1998.0,1836.0,2649.0,968.0,1256.0,964.0,750.0,750.0,751.0
1.0,5816.0,2281.0,2252.0,2513.0,2960.0,726.0,856.0,1378.0,750.0,750.0,752.0,756.0,764.0,761.0,2032.0,1744.0,2040.0,726.0,856.0,1378.0,750.0,750.0,752.0
1.0,6048.0,2257.0,2253.0,3188.0,2033.0,521.0,355.0,1157.0,751.0,750.0,752.0,759.0,755.0,743.0,2274.0,2144.0,1630.0,521.0,355.0,1157.0,751.0,750.0,752.0
1.0,6979.0,2219.0,2253.0,2960.0,1292.0,536.0,232.0,524.0,751.0,750.0,752.0,741.0,733.0,745.0,2483.0,2645.0,1851.0,536.0,232.0,524.0,751.0,750.0,752.0
1.0,7720.0,2218.0,2253.0,2033.0,1477.0,764.0,611.0,102.0,751.0,750.0,752.0,749.0,734.0,735.0,2468.0,2768.0,2484.0,764.0,611.0,102.0,751.0,750.0,752.0
1.0,7535.0,2267.0,2253.0,1292.0,2452.0,988.0,1135.0,329.0,751.0,750.0,752.0,760.0,756.0,751.0,2240.0,2389.0,2906.0,988.0,1135.0,329.0,751.0,750.0,752.0
1.0,6560.0,2240.0,2254.0,1477.0,3219.0,975.0,1273.0,971.0,752.0,750.0,752.0,747.0,749.0,744.0,2016.0,1865.0,2679.0,975.0,1273.0,971.0,752.0,750.0,752.0
1.0,5797.0,2233.0,2256.0,2452.0,3008.0,733.0,891.0,1384.0,752.0,751.0,753.0,746.0,749.0,738.0,2033.0,1727.0,2037.0,733.0,891.0,1384.0,752.0,751.0,753.0
1.0,6016.0,2232.0,2256.0,3219.0,2021.0,502.0,363.0,1156.0,752.0,751.0,753.0,744.0,745.0,743.0,2275.0,2113.0,1628.0,502.0,363.0,1156.0,752.0,751.0,753.0
1.0,7003.0,2243.0,2255.0,3008.0,1252.0,532.0,214.0,506.0,753.0,750.0,752.0,759.0,746.0,738.0,2506.0,2641.0,1856.0,532.0,214.0,506.0,753.0,750.0,752.0
1.0,7768.0,2250.0,2258.0,2021.0,1493.0,792.0,605.0,96.0,754.0,751.0,753.0,758.0,750.0,742.0,2480.0,2786.0,2502.0,792.0,605.0,96.0,754.0,751.0,753.0
1.0,7539.0,2256.0,2258.0,1252.0,2497.0,1006.0,1152.0,339.0,754.0,751.0,753.0,746.0,761.0,749.0,2224.0,2399.0,2916.0,1006.0,1152.0,339.0,754.0,751.0,753.0
1.0,6535.0,2251.0,2258.0,1493.0,3255.0,967.0,1302.0,986.0,754.0,751.0,753.0,753.0,755.0,743.0,2010.0,1852.0,2673.0,967.0,1302.0,986.0,754.0,751.0,753.0
1.0,5777.0,2295.0,2260.0,2497.0,3061.0,729.0,924.0,1408.0,755.0,752.0,753.0,764.0,770.0,761.0,2049.0,1702.0,2026.0,729.0,924.0,1408.0,755.0,752.0,753.0
1.0,5979.0,2239.0,2260.0,3255.0,2045.0,501.0,379.0,1165.0,755.0,752.0,753.0,739.0,757.0,743.0,2291.0,2084.0,1604.0,501.0,379.0,1165.0,755.0,752.0,753.0
1.0,6995.0,2251.0,2259.0,3061.0,1231.0,513.0,218.0,500.0,755.0,752.0,752.0,741.0,763.0,747.0,2519.0,2629.0,1847.0,513.0,218.0,500.0,755.0,752.0,752.0
1.0,7805.0,2247.0,2259.0,2045.0,1433.0,758.0,595.0,80.0,755.0,752.0,752.0,746.0,756.0,745.0,2507.0,2790.0,2508.0,758.0,595.0,80.0,755.0,752.0,752.0
1.0,7603.0,2217.0,2259.0,1231.0,2419.0,982.0,1115.0,322.0,755.0,752.0,752.0,737.0,738.0,742.0,2262.0,2413.0,2928.0,982.0,1115.0,322.0,755.0,752.0,752.0
1.0,6617.0,2279.0,2259.0,1433.0,3265.0,983.0,1282.0,1000.0,755.0,752.0,752.0,759.0,762.0,758.0,2038.0,1893.0,2686.0,983.0,1282.0,1000.0,755.0,752.0,752.0
1.0,5771.0,2257.0,2259.0,2419.0,3103.0,748.0,926.0,1429.0,755.0,752.0,752.0,747.0,759.0,751.0,2037.0,1726.0,2008.0,748.0,926.0,1429.0,755.0,752.0,752.0
1.0,5933.0,2237.0,2259.0,3265.0,2075.0,510.0,405.0,1160.0,755.0,752.0,752.0,745.0,761.0,731.0,2272.0,2082.0,1579.0,510.0,405.0,1160.0,755.0,752.0,752.0
1.0,6961.0,2260.0,2259.0,3103.0,1232.0,518.0,233.0,481.0,755.0,752.0,752.0,756.0,754.0,750.0,2510.0,2603.0,1848.0,518.0,233.0,481.0,755.0,752.0,752.0
1.0,7804.0,2328.0,2260.0,2075.0,1489.0,785.0,602.0,102.0,756.0,752.0,752.0,773.0,774.0,781.0,2502.0,2775.0,2527.0,785.0,602.0,102.0,756.0,752.0,752.0
1.0,7551.0,2257.0,2260.0,1232.0,2514.0,1020.0,1124.0,370.0,756.0,752.0,752.0,753.0,755.0,749.0,2239.0,2406.0,2906.0,1020.0,1124.0,370.0,756.0,752.0,752.0
1.0,6526.0,2288.0,2260.0,1489.0,3313.0,993.0,1290.0,1030.0,756.0,752.0,752.0,758.0,768.0,762.0,2004.0,1884.0,2638.0,993.0,1290.0,1030.0,756.0,752.0,752.0
1.0,5727.0,2290.0,2261.0,2514.0,3093.0,735.0,932.0,1426.0,756.0,753.0,752.0,762.0,762.0,766.0,2031.0,1718.0,1978.0,735.0,932.0,1426.0,756.0,753.0,752.0
1.0,5951.0,2299.0,2261.0,3313.0,2079.0,499.0,415.0,1165.0,756.0,753.0,752.0,757.0,773.0,769.0,2289.0,2080.0,1582.0,499.0,415.0,1165.0,756.0,753.0,752.0
1.0,6965.0,2284.0,2262.0,3093.0,1274.0,525.0,257.0,492.0,756.0,754.0,752.0,761.0,770.0,753.0,2525.0,2597.0,1843.0,525.0,257.0,492.0,756.0,754.0,752.0
1.0,7774.0,2273.0,2261.0,2079.0,1464.0,783.0,600.0,81.0,756.0,753.0,752.0,757.0,762.0,754.0,2499.0,2759.0,2516.0,783.0,600.0,81.0,756.0,753.0,752.0
1.0,7580.0,2267.0,2262.0,1274.0,2461.0,1022.0,1103.0,336.0,756.0,754.0,752.0,764.0,756.0,747.0,2241.0,2412.0,2927.0,1022.0,1103.0,336.0,756.0,754.0,752.0
1.0,6587.0,2278.0,2262.0,1464.0,3275.0,993.0,1263.0,1019.0,756.0,754.0,752.0,754.0,760.0,764.0,2002.0,1913.0,2672.0,993.0,1263.0,1019.0,756.0,754.0,752.0
1.0,5773.0,2281.0,2262.0,2461.0,3095.0,732.0,925.0,1438.0,756.0,754.0,752.0,761.0,765.0,755.0,2031.0,1753.0,1989.0,732.0,925.0,1438.0,756.0,754.0,752.0
1.0,5953.0,2284.0,2262.0,3275.0,2104.0,503.0,425.0,1176.0,756.0,754.0,752.0,764.0,763.0,757.0,2292.0,2091.0,1570.0,503.0,425.0,1176.0,756.0,754.0,752.0
1.0,6944.0,2277.0,2262.0,3095.0,1286.0,527.0,260.0,499.0,756.0,754.0,752.0,756.0,760.0,761.0,2521.0,2591.0,1832.0,527.0,260.0,499.0,756.0,754.0,752.0
1.0,7762.0,2303.0,2262.0,2104.0,1485.0,789.0,603.0,93.0,756.0,754.0,752.0,765.0,768.0,770.0,2497.0,2756.0,2509.0,789.0,603.0,93.0,756.0,754.0,752.0
1.0,7563.0,2268.0,2263.0,1286.0,2471.0,1017.0,1106.0,348.0,756.0,755.0,752.0,755.0,759.0,754.0,2235.0,2413.0,2915.0,1017.0,1106.0,348.0,756.0,755.0,752.0
1.0,6581.0,2295.0,2263.0,1485.0,3281.0,986.0,1275.0,1020.0,756.0,755.0,752.0,758.0,772.0,765.0,2007.0,1914.0,2660.0,986.0,1275.0,1020.0,756.0,755.0,752.0
1.0,5771.0,2329.0,2265.0,2471.0,3147.0,743.0,951.0,1453.0,756.0,756.0,753.0,774.0,778.0,777.0,2038.0,1745.0,1988.0,743.0,951.0,1453.0,756.0,756.0,753.0
1.0,5913.0,2332.0,2265.0,3281.0,2198.0,535.0,452.0,1211.0,756.0,756.0,753.0,778.0,776.0,778.0,2281.0,2073.0,1559.0,535.0,452.0,1211.0,756.0,756.0,753.0
1.0,6862.0,2279.0,2265.0,3147.0,1330.0,553.0,258.0,519.0,756.0,756.0,753.0,761.0,757.0,761.0,2489.0,2572.0,1801.0,553.0,258.0,519.0,756.0,756.0,753.0
1.0,7730.0,2332.0,2267.0,2198.0,1472.0,790.0,590.0,92.0,756.0,757.0,754.0,772.0,780.0,780.0,2471.0,2766.0,2493.0,790.0,590.0,92.0,756.0,757.0,754.0
1.0,7596.0,2279.0,2267.0,1330.0,2421.0,1001.0,1086.0,334.0,756.0,757.0,754.0,764.0,754.0,761.0,2234.0,2438.0,2924.0,1001.0,1086.0,334.0,756.0,757.0,754.0
1.0,6647.0,2335.0,2268.0,1472.0,3288.0,991.0,1272.0,1025.0,757.0,757.0,754.0,776.0,776.0,783.0,2023.0,1942.0,2682.0,991.0,1272.0,1025.0,757.0,757.0,754.0
1.0,5784.0,2316.0,2270.0,2421.0,3191.0,760.0,962.0,1469.0,757.0,758.0,755.0,770.0,772.0,774.0,2037.0,1756.0,1991.0,760.0,962.0,1469.0,757.0,758.0,755.0
1.0,5889.0,2291.0,2270.0,3288.0,2194.0,533.0,451.0,1210.0,757.0,758.0,755.0,764.0,761.0,766.0,2268.0,2070.0,1551.0,533.0,451.0,1210.0,757.0,758.0,755.0
1.0,6886.0,2333.0,2271.0,3191.0,1340.0,549.0,261.0,530.0,757.0,758.0,756.0,776.0,772.0,785.0,2495.0,2581.0,1810.0,549.0,261.0,530.0,757.0,758.0,756.0
1.0,7744.0,2289.0,2272.0,2194.0,1439.0,782.0,570.0,87.0,757.0,759.0,756.0,766.0,756.0,767.0,2479.0,2771.0,2494.0,782.0,570.0,87.0,757.0,759.0,756.0
1.0,7649.0,2308.0,2273.0,1340.0,2411.0,1019.0,1066.0,326.0,758.0,759.0,756.0,782.0,757.0,769.0,2246.0,2466.0,2937.0,1019.0,1066.0,326.0,758.0,759.0,756.0
1.0,6681.0,2318.0,2274.0,1439.0,3294.0,1008.0,1266.0,1020.0,758.0,759.0,757.0,771.0,770.0,777.0,2013.0,1970.0,2698.0,1008.0,1266.0,1020.0,758.0,759.0,757.0
1.0,5802.0,2307.0,2276.0,2411.0,3198.0,771.0,966.0,1461.0,759.0,760.0,757.0,778.0,762.0,767.0,2024.0,1770.0,2008.0,771.0,966.0,1461.0,759.0,760.0,757.0
1.0,5906.0,2231.0,2276.0,3294.0,2135.0,509.0,446.0,1180.0,759.0,760.0,757.0,746.0,746.0,739.0,2265.0,2074.0,1567.0,509.0,446.0,1180.0,759.0,760.0,757.0
1.0,6969.0,2282.0,2275.0,3198.0,1215.0,492.0,241.0,482.0,758.0,760.0,757.0,758.0,761.0,763.0,2527.0,2594.0,1848.0,492.0,241.0,482.0,758.0,760.0,757.0
1.0,7885.0,2273.0,2276.0,2135.0,1357.0,749.0,546.0,62.0,759.0,760.0,757.0,762.0,751.0,760.0,2540.0,2799.0,2546.0,749.0,546.0,62.0,759.0,760.0,757.0
1.0,7747.0,2311.0,2276.0,1215.0,2453.0,1029.0,1070.0,354.0,759.0,760.0,757.0,772.0,765.0,774.0,2287.0,2494.0,2966.0,1029.0,1070.0,354.0,759.0,760.0,757.0
1.0,6651.0,2275.0,2277.0,1357.0,3375.0,1032.0,1287.0,1056.0,759.0,760.0,758.0,752.0,763.0,760.0,2007.0,1970.0,2674.0,1032.0,1287.0,1056.0,759.0,760.0,758.0
1.0,5733.0,2229.0,2277.0,2453.0,3151.0,750.0,952.0,1449.0,759.0,760.0,758.0,747.0,735.0,747.0,2004.0,1753.0,1976.0,750.0,952.0,1449.0,759.0,760.0,758.0
1.0,5957.0,2272.0,2277.0,3375.0,2048.0,474.0,416.0,1158.0,759.0,760.0,758.0,756.0,751.0,765.0,2286.0,2088.0,1583.0,474.0,416.0,1158.0,759.0,760.0,758.0
1.0,7060.0,2264.0,2277.0,3151.0,1161.0,487.0,216.0,458.0,759.0,760.0,758.0,763.0,752.0,749.0,2562.0,2624.0,1874.0,487.0,216.0,458.0,759.0,760.0,758.0
1.0,7947.0,2265.0,2278.0,2048.0,1382.0,766.0,550.0,66.0,759.0,760.0,759.0,753.0,750.0,762.0,2549.0,2824.0,2574.0,766.0,550.0,66.0,759.0,760.0,759.0
1.0,7730.0,2252.0,2278.0,1161.0,2473.0,1030.0,1078.0,365.0,759.0,760.0,759.0,751.0,744.0,757.0,2270.0,2490.0,2970.0,1030.0,1078.0,365.0,759.0,760.0,759.0
1.0,6639.0,2245.0,2278.0,1382.0,3336.0,1006.0,1273.0,1057.0,759.0,760.0,759.0,742.0,745.0,758.0,2006.0,1962.0,2671.0,1006.0,1273.0,1057.0,759.0,760.0,759.0
1.0,5776.0,2331.0,2281.0,2473.0,3206.0,753.0,975.0,1478.0,760.0,761.0,760.0,773.0,776.0,782.0,2030.0,1767.0,1979.0,753.0,975.0,1478.0,760.0,761.0,760.0
1.0,5918.0,2298.0,2282.0,3336.0,2172.0,508.0,468.0,1196.0,760.0,761.0,761.0,761.0,766.0,771.0,2287.0,2069.0,1562.0,508.0,468.0,1196.0,760.0,761.0,761.0
1.0,6956.0,2293.0,2282.0,3206.0,1259.0,523.0,252.0,484.0,760.0,761.0,761.0,768.0,759.0,766.0,2532.0,2576.0,1848.0,523.0,252.0,484.0,760.0,761.0,761.0
1.0,7869.0,2300.0,2283.0,2172.0,1391.0,776.0,550.0,65.0,760.0,761.0,762.0,761.0,766.0,773.0,2517.0,2792.0,2560.0,776.0,550.0,65.0,760.0,761.0,762.0
1.0,7741.0,2282.0,2283.0,1259.0,2414.0,1016.0,1059.0,339.0,760.0,761.0,762.0,763.0,761.0,758.0,2264.0,2494.0,2983.0,1016.0,1059.0,339.0,760.0,761.0,762.0
1.0,6718.0,2323.0,2284.0,1391.0,3350.0,1018.0,1277.0,1055.0,761.0,761.0,762.0,774.0,768.0,781.0,2024.0,1985.0,2709.0,1018.0,1277.0,1055.0,761.0,761.0,762.0
1.0,5786.0,2302.0,2285.0,2414.0,3242.0,766.0,978.0,1498.0,761.0,761.0,763.0,764.0,760.0,778.0,2026.0,1767.0,1993.0,766.0,978.0,1498.0,761.0,761.0,763.0
1.0,5898.0,2270.0,2286.0,3350.0,2166.0,510.0,453.0,1203.0,762.0,761.0,763.0,758.0,752.0,760.0,2278.0,2066.0,1554.0,510.0,453.0,1203.0,762.0,761.0,763.0
1.0,6978.0,2308.0,2288.0,3242.0,1240.0,515.0,254.0,471.0,762.0,762.0,764.0,771.0,775.0,762.0,2538.0,2591.0,1849.0,515.0,254.0,471.0,762.0,762.0,764.0
1.0,7912.0,2261.0,2287.0,2166.0,1331.0,760.0,560.0,11.0,762.0,762.0,763.0,755.0,759.0,747.0,2533.0,2794.0,2585.0,760.0,560.0,11.0,762.0,762.0,763.0
1.0,7817.0,2261.0,2287.0,1240.0,2352.0,999.0,1058.0,295.0,762.0,762.0,763.0,754.0,752.0,755.0,2288.0,2488.0,3041.0,999.0,1058.0,295.0,762.0,762.0,763.0
1.0,6796.0,2325.0,2289.0,1331.0,3354.0,1010.0,1274.0,1070.0,763.0,762.0,764.0,767.0,776.0,782.0,2049.0,1990.0,2757.0,1010.0,1274.0,1070.0,763.0,762.0,764.0
1.0,5802.0,2322.0,2291.0,2352.0,3332.0,783.0,1000.0,1549.0,763.0,763.0,765.0,772.0,780.0,770.0,2042.0,1774.0,1986.0,783.0,1000.0,1549.0,763.0,763.0,765.0
1.0,5832.0,2318.0,2290.0,3354.0,2292.0,547.0,495.0,1250.0,763.0,762.0,765.0,774.0,773.0,771.0,2269.0,2052.0,1511.0,547.0,495.0,1250.0,763.0,762.0,765.0
1.0,6868.0,2306.0,2291.0,3332.0,1270.0,535.0,269.0,466.0,763.0,763.0,765.0,771.0,770.0,765.0,2505.0,2553.0,1810.0,535.0,269.0,466.0,763.0,763.0,765.0
1.0,7894.0,2280.0,2291.0,2292.0,1287.0,746.0,541.0,0.0,763.0,763.0,765.0,758.0,767.0,755.0,2517.0,2783.0,2594.0,746.0,541.0,0.0,763.0,763.0,765.0
1.0,7906.0,2300.0,2291.0,1270.0,2288.0,979.0,1040.0,269.0,763.0,763.0,765.0,768.0,768.0,764.0,2306.0,2511.0,3089.0,979.0,1040.0,269.0,763.0,763.0,765.0
1.0,6876.0,2301.0,2292.0,1287.0,3306.0,1004.0,1269.0,1033.0,764.0,763.0,765.0,767.0,770.0,764.0,2073.0,2012.0,2791.0,1004.0,1269.0,1033.0,764.0,763.0,765.0
1.0,5862.0,2277.0,2292.0,2288.0,3295.0,786.0,989.0,1520.0,764.0,763.0,765.0,761.0,760.0,756.0,2052.0,1783.0,2027.0,786.0,989.0,1520.0,764.0,763.0,765.0
1.0,5873.0,2329.0,2292.0,3306.0,2318.0,551.0,503.0,1264.0,764.0,763.0,765.0,769.0,783.0,777.0,2270.0,2063.0,1540.0,551.0,503.0,1264.0,764.0,763.0,765.0
1.0,6850.0,2282.0,2292.0,3295.0,1305.0,519.0,283.0,503.0,764.0,763.0,765.0,754.0,769.0,759.0,2505.0,2549.0,1796.0,519.0,283.0,503.0,764.0,763.0,765.0
1.0,7863.0,2307.0,2292.0,2318.0,1294.0,742.0,550.0,2.0,764.0,763.0,765.0,774.0,770.0,763.0,2537.0,2769.0,2557.0,742.0,550.0,2.0,764.0,763.0,765.0
1.0,7874.0,2277.0,2292.0,1305.0,2266.0,978.0,1031.0,257.0,764.0,763.0,765.0,755.0,764.0,758.0,2314.0,2502.0,3058.0,978.0,1031.0,257.0,764.0,763.0,765.0
1.0,6902.0,2341.0,2294.0,1294.0,3321.0,1015.0,1266.0,1040.0,764.0,764.0,766.0,779.0,781.0,781.0,2078.0,2021.0,2803.0,1015.0,1266.0,1040.0,764.0,764.0,766.0
1.0,5855.0,2324.0,2295.0,2266.0,3383.0,820.0,1016.0,1547.0,765.0,764.0,766.0,779.0,781.0,764.0,2041.0,1790.0,2024.0,820.0,1016.0,1547.0,765.0,764.0,766.0
1.0,5797.0,2306.0,2295.0,3321.0,2368.0,575.0,525.0,1268.0,765.0,764.0,766.0,770.0,775.0,761.0,2240.0,2040.0,1517.0,575.0,525.0,1268.0,765.0,764.0,766.0
1.0,6812.0,2307.0,2296.0,3383.0,1296.0,528.0,281.0,487.0,765.0,765.0,766.0,773.0,768.0,766.0,2485.0,2531.0,1796.0,528.0,281.0,487.0,765.0,765.0,766.0
1.0,7888.0,2297.0,2295.0,2368.0,1243.0,724.0,519.0,0.0,765.0,764.0,766.0,771.0,767.0,759.0,2532.0,2779.0,2577.0,724.0,519.0,0.0,765.0,764.0,766.0
1.0,7959.0,2328.0,2296.0,1296.0,2257.0,983.0,1016.0,258.0,766.0,764.0,766.0,783.0,778.0,767.0,2336.0,2537.0,3086.0,983.0,1016.0,258.0,766.0,764.0,766.0
1.0,6927.0,2284.0,2294.0,1243.0,3290.0,1017.0,1264.0,1009.0,765.0,764.0,765.0,762.0,767.0,755.0,2081.0,2040.0,2806.0,1017.0,1264.0,1009.0,765.0,764.0,765.0
1.0,5886.0,2318.0,2296.0,2257.0,3359.0,826.0,1025.0,1508.0,766.0,765.0,765.0,788.0,773.0,757.0,2043.0,1792.0,2051.0,826.0,1025.0,1508.0,766.0,765.0,765.0
1.0,5825.0,2329.0,2296.0,3290.0,2398.0,592.0,543.0,1263.0,766.0,765.0,765.0,783.0,782.0,764.0,2238.0,2035.0,1552.0,592.0,543.0,1263.0,766.0,765.0,765.0
1.0,6786.0,2321.0,2296.0,3359.0,1360.0,541.0,300.0,519.0,766.0,765.0,765.0,775.0,782.0,764.0,2472.0,2517.0,1797.0,541.0,300.0,519.0,766.0,765.0,765.0
1.0,7824.0,2350.0,2296.0,2398.0,1312.0,736.0,543.0,33.0,766.0,765.0,765.0,787.0,786.0,777.0,2523.0,2760.0,2541.0,736.0,543.0,33.0,766.0,765.0,765.0
1.0,7872.0,2334.0,2297.0,1360.0,2290.0,989.0,1039.0,262.0,767.0,766.0,764.0,790.0,792.0,752.0,2328.0,2517.0,3027.0,989.0,1039.0,262.0,767.0,766.0,764.0
1.0,6898.0,2316.0,2297.0,1312.0,3294.0,1024.0,1277.0,993.0,767.0,766.0,764.0,771.0,781.0,764.0,2079.0,2025.0,2794.0,1024.0,1277.0,993.0,767.0,766.0,764.0
1.0,5894.0,2280.0,2297.0,2290.0,3284.0,806.0,992.0,1486.0,767.0,766.0,764.0,771.0,754.0,755.0,2044.0,1787.0,2063.0,806.0,992.0,1486.0,767.0,766.0,764.0
1.0,5904.0,2313.0,2297.0,3294.0,2303.0,552.0,491.0,1260.0,767.0,766.0,764.0,770.0,776.0,767.0,2262.0,2072.0,1570.0,552.0,491.0,1260.0,767.0,766.0,764.0
1.0,6885.0,2318.0,2297.0,3284.0,1337.0,530.0,269.0,538.0,767.0,766.0,764.0,784.0,770.0,764.0,2516.0,2573.0,1796.0,530.0,269.0,538.0,767.0,766.0,764.0
1.0,7851.0,2283.0,2296.0,2303.0,1313.0,747.0,540.0,26.0,767.0,766.0,763.0,769.0,762.0,752.0,2538.0,2795.0,2518.0,747.0,540.0,26.0,767.0,766.0,763.0
1.0,7871.0,2309.0,2296.0,1337.0,2285.0,993.0,1042.0,250.0,767.0,766.0,763.0,776.0,771.0,762.0,2321.0,2524.0,3026.0,993.0,1042.0,250.0,767.0,766.0,763.0
1.0,6899.0,2334.0,2299.0,1313.0,3318.0,1040.0,1285.0,993.0,768.0,767.0,764.0,790.0,779.0,765.0,2075.0,2022.0,2802.0,1040.0,1285.0,993.0,768.0,767.0,764.0
1.0,5878.0,2339.0,2299.0,2285.0,3372.0,833.0,1026.0,1513.0,768.0,767.0,764.0,786.0,783.0,770.0,2032.0,1783.0,2063.0,833.0,1026.0,1513.0,768.0,767.0,764.0
1.0,5824.0,2320.0,2301.0,3318.0,2382.0,581.0,513.0,1288.0,769.0,768.0,764.0,784.0,768.0,768.0,2239.0,2042.0,1543.0,581.0,513.0,1288.0,769.0,768.0,764.0
1.0,6822.0,2305.0,2301.0,3372.0,1315.0,516.0,249.0,550.0,769.0,768.0,764.0,768.0,762.0,775.0,2495.0,2559.0,1768.0,516.0,249.0,550.0,769.0,768.0,764.0
1.0,7889.0,2287.0,2301.0,2382.0,1220.0,698.0,500.0,22.0,769.0,768.0,764.0,763.0,764.0,760.0,2560.0,2823.0,2506.0,698.0,500.0,22.0,769.0,768.0,764.0
1.0,7984.0,2314.0,2301.0,1315.0,2219.0,955.0,1018.0,246.0,769.0,768.0,764.0,773.0,767.0,774.0,2378.0,2572.0,3034.0,955.0,1018.0,246.0,769.0,768.0,764.0
1.0,6985.0,2314.0,2303.0,1220.0,3321.0,1040.0,1296.0,985.0,770.0,769.0,764.0,779.0,774.0,761.0,2121.0,2054.0,2810.0,1040.0,1296.0,985.0,770.0,769.0,764.0
1.0,5891.0,2307.0,2304.0,2219.0,3413.0,856.0,1044.0,1513.0,770.0,769.0,765.0,771.0,766.0,770.0,2040.0,1780.0,2071.0,856.0,1044.0,1513.0,770.0,769.0,765.0
1.0,5803.0,2338.0,2305.0,3321.0,2434.0,585.0,542.0,1307.0,770.0,770.0,765.0,769.0,790.0,779.0,2224.0,2032.0,1547.0,585.0,542.0,1307.0,770.0,770.0,765.0
1.0,6786.0,2257.0,2305.0,3413.0,1278.0,484.0,250.0,544.0,770.0,770.0,765.0,755.0,752.0,750.0,2495.0,2538.0,1753.0,484.0,250.0,544.0,770.0,770.0,765.0
1.0,7942.0,2293.0,2306.0,2434.0,1141.0,672.0,462.0,7.0,771.0,770.0,765.0,769.0,754.0,770.0,2596.0,2830.0,2516.0,672.0,462.0,7.0,771.0,770.0,765.0
1.0,8083.0,2301.0,2306.0,1278.0,2164.0,954.0,977.0,233.0,771.0,770.0,765.0,766.0,765.0,770.0,2412.0,2618.0,3053.0,954.0,977.0,233.0,771.0,770.0,765.0
1.0,7060.0,2331.0,2306.0,1141.0,3354.0,1061.0,1287.0,1006.0,771.0,770.0,765.0,779.0,772.0,780.0,2130.0,2103.0,2827.0,1061.0,1287.0,1006.0,771.0,770.0,765.0
1.0,5870.0,2331.0,2306.0,2164.0,3521.0,884.0,1087.0,1550.0,771.0,770.0,765.0,777.0,777.0,777.0,2023.0,1793.0,2054.0,884.0,1087.0,1550.0,771.0,770.0,765.0
1.0,5703.0,2353.0,2309.0,3354.0,2532.0,612.0,578.0,1342.0,772.0,771.0,766.0,785.0,774.0,794.0,2200.0,1993.0,1510.0,612.0,578.0,1342.0,772.0,771.0,766.0
1.0,6704.0,2361.0,2310.0,3521.0,1376.0,503.0,272.0,601.0,772.0,771.0,767.0,775.0,781.0,805.0,2476.0,2506.0,1722.0,503.0,272.0,601.0,772.0,771.0,767.0
1.0,7864.0,2305.0,2309.0,2532.0,1145.0,665.0,459.0,21.0,772.0,771.0,766.0,774.0,765.0,766.0,2585.0,2812.0,2467.0,665.0,459.0,21.0,772.0,771.0,766.0
1.0,8091.0,2351.0,2309.0,1376.0,2120.0,947.0,969.0,204.0,772.0,771.0,766.0,785.0,782.0,784.0,2423.0,2625.0,3043.0,947.0,969.0,204.0,772.0,771.0,766.0
1.0,7116.0,2317.0,2311.0,1145.0,3300.0,1052.0,1283.0,965.0,772.0,772.0,767.0,770.0,769.0,778.0,2141.0,2115.0,2860.0,1052.0,1283.0,965.0,772.0,772.0,767.0
1.0,5944.0,2289.0,2310.0,2120.0,3465.0,868.0,1068.0,1529.0,772.0,771.0,767.0,763.0,758.0,768.0,2036.0,1805.0,2103.0,868.0,1068.0,1529.0,772.0,771.0,767.0
1.0,5775.0,2296.0,2310.0,3300.0,2461.0,574.0,549.0,1338.0,772.0,771.0,767.0,758.0,764.0,774.0,2220.0,2016.0,1539.0,574.0,549.0,1338.0,772.0,771.0,767.0
1.0,6779.0,2300.0,2312.0,3465.0,1304.0,466.0,244.0,594.0,772.0,772.0,768.0,760.0,759.0,781.0,2514.0,2535.0,1730.0,466.0,244.0,594.0,772.0,772.0,768.0
1.0,7944.0,2304.0,2312.0,2461.0,1147.0,667.0,457.0,23.0,773.0,771.0,768.0,771.0,766.0,767.0,2622.0,2844.0,2478.0,667.0,457.0,23.0,773.0,771.0,768.0
1.0,8101.0,2350.0,2312.0,1304.0,2193.0,980.0,989.0,224.0,773.0,771.0,768.0,779.0,776.0,795.0,2425.0,2627.0,3049.0,980.0,989.0,224.0,773.0,771.0,768.0
1.0,7055.0,2329.0,2311.0,1147.0,3371.0,1070.0,1311.0,990.0,772.0,771.0,768.0,761.0,779.0,789.0,2112.0,2095.0,2848.0,1070.0,1311.0,990.0,772.0,771.0,768.0
1.0,5873.0,2354.0,2314.0,2193.0,3544.0,870.0,1111.0,1563.0,773.0,772.0,769.0,776.0,785.0,793.0,2018.0,1773.0,2082.0,870.0,1111.0,1563.0,773.0,772.0,769.0
1.0,5712.0,2330.0,2315.0,3371.0,2507.0,576.0,573.0,1358.0,773.0,772.0,770.0,776.0,773.0,781.0,2222.0,1977.0,1513.0,576.0,573.0,1358.0,773.0,772.0,770.0
1.0,6753.0,2356.0,2315.0,3544.0,1319.0,491.0,246.0,582.0,773.0,772.0,770.0,785.0,784.0,787.0,2516.0,2515.0,1722.0,491.0,246.0,582.0,773.0,772.0,770.0
1.0,7941.0,2363.0,2317.0,2507.0,1183.0,709.0,450.0,24.0,774.0,772.0,771.0,790.0,777.0,796.0,2601.0,2842.0,2498.0,709.0,450.0,24.0,774.0,772.0,771.0
1.0,8085.0,2324.0,2317.0,1319.0,2188.0,992.0,972.0,224.0,774.0,772.0,771.0,774.0,768.0,782.0,2387.0,2638.0,3060.0,992.0,972.0,224.0,774.0,772.0,771.0
1.0,7080.0,2337.0,2317.0,1183.0,3342.0,1054.0,1301.0,987.0,774.0,772.0,771.0,771.0,779.0,787.0,2104.0,2116.0,2860.0,1054.0,1301.0,987.0,774.0,772.0,771.0
1.0,5926.0,2314.0,2318.0,2188.0,3472.0,829.0,1102.0,1541.0,774.0,772.0,772.0,767.0,773.0,774.0,2042.0,1787.0,2097.0,829.0,1102.0,1541.0,774.0,772.0,772.0
1.0,5800.0,2313.0,2318.0,3342.0,2443.0,546.0,567.0,1330.0,774.0,772.0,772.0,771.0,766.0,776.0,2267.0,1986.0,1547.0,546.0,567.0,1330.0,774.0,772.0,772.0
1.0,6829.0,2370.0,2321.0,3472.0,1353.0,506.0,253.0,594.0,775.0,773.0,773.0,785.0,784.0,801.0,2550.0,2521.0,1758.0,506.0,253.0,594.0,775.0,773.0,773.0
1.0,7931.0,2356.0,2321.0,2443.0,1266.0,731.0,472.0,63.0,775.0,773.0,773.0,771.0,786.0,799.0,2594.0,2839.0,2498.0,731.0,472.0,63.0,775.0,773.0,773.0
1.0,8018.0,2347.0,2321.0,1353.0,2260.0,1006.0,997.0,257.0,775.0,773.0,773.0,781.0,778.0,788.0,2369.0,2620.0,3029.0,1006.0,997.0,257.0,775.0,773.0,773.0
1.0,7024.0,2339.0,2322.0,1266.0,3337.0,1060.0,1300.0,977.0,775.0,773.0,774.0,785.0,775.0,779.0,2094.0,2095.0,2835.0,1060.0,1300.0,977.0,775.0,773.0,774.0
1.0,5951.0,2352.0,2322.0,2260.0,3429.0,843.0,1078.0,1508.0,775.0,773.0,774.0,789.0,775.0,788.0,2040.0,1792.0,2119.0,843.0,1078.0,1508.0,775.0,773.0,774.0
1.0,5859.0,2315.0,2323.0,3337.0,2411.0,554.0,541.0,1316.0,775.0,773.0,775.0,771.0,763.0,781.0,2257.0,2014.0,1588.0,554.0,541.0,1316.0,775.0,773.0,775.0
1.0,6881.0,2355.0,2323.0,3429.0,1337.0,503.0,242.0,592.0,775.0,773.0,775.0,792.0,779.0,784.0,2546.0,2551.0,1784.0,503.0,242.0,592.0,775.0,773.0,775.0
1.0,7955.0,2314.0,2324.0,2411.0,1244.0,721.0,467.0,56.0,776.0,773.0,775.0,768.0,766.0,780.0,2597.0,2850.0,2508.0,721.0,467.0,56.0,776.0,773.0,775.0
1.0,8052.0,2341.0,2324.0,1337.0,2248.0,995.0,995.0,258.0,775.0,773.0,776.0,781.0,770.0,790.0,2383.0,2625.0,3044.0,995.0,995.0,258.0,775.0,773.0,776.0
1.0,7048.0,2362.0,2325.0,1244.0,3370.0,1063.0,1312.0,995.0,775.0,773.0,777.0,789.0,784.0,789.0,2105.0,2097.0,2846.0,1063.0,1312.0,995.0,775.0,773.0,777.0
1.0,5930.0,2390.0,2326.0,2248.0,3516.0,866.0,1113.0,1537.0,776.0,773.0,777.0,794.0,796.0,800.0,2037.0,1780.0,2113.0,866.0,1113.0,1537.0,776.0,773.0,777.0
1.0,5788.0,2355.0,2326.0,3370.0,2501.0,594.0,586.0,1321.0,776.0,773.0,777.0,791.0,785.0,779.0,2238.0,1979.0,1571.0,594.0,586.0,1321.0,776.0,773.0,777.0
1.0,6803.0,2329.0,2327.0,3516.0,1318.0,509.0,246.0,563.0,776.0,773.0,778.0,781.0,773.0,775.0,2510.0,2506.0,1787.0,509.0,246.0,563.0,776.0,773.0,778.0
1.0,7990.0,2358.0,2327.0,2501.0,1175.0,702.0,449.0,24.0,776.0,773.0,778.0,787.0,789.0,782.0,2595.0,2846.0,2549.0,702.0,449.0,24.0,776.0,773.0,778.0
1.0,8133.0,2342.0,2328.0,1318.0,2203.0,977.0,983.0,243.0,776.0,773.0,779.0,784.0,780.0,778.0,2402.0,2643.0,3088.0,977.0,983.0,243.0,776.0,773.0,779.0
1.0,7109.0,2324.0,2328.0,1175.0,3352.0,1051.0,1313.0,988.0,776.0,773.0,779.0,776.0,779.0,769.0,2127.0,2109.0,2873.0,1051.0,1313.0,988.0,776.0,773.0,779.0
1.0,5960.0,2347.0,2329.0,2203.0,3500.0,851.0,1115.0,1534.0,776.0,774.0,779.0,777.0,781.0,789.0,2053.0,1779.0,2128.0,851.0,1115.0,1534.0,776.0,774.0,779.0
1.0,5816.0,2380.0,2331.0,3352.0,2536.0,600.0,598.0,1338.0,777.0,774.0,780.0,796.0,796.0,788.0,2253.0,1981.0,1582.0,600.0,598.0,1338.0,777.0,774.0,780.0
1.0,6788.0,2362.0,2332.0,3500.0,1402.0,531.0,285.0,586.0,777.0,775.0,780.0,782.0,798.0,782.0,2508.0,2498.0,1782.0,531.0,285.0,586.0,777.0,775.0,780.0
1.0,7926.0,2333.0,2332.0,2536.0,1199.0,711.0,466.0,22.0,777.0,775.0,780.0,780.0,779.0,774.0,2577.0,2815.0,2534.0,711.0,466.0,22.0,777.0,775.0,780.0
1.0,8129.0,2391.0,2333.0,1402.0,2192.0,972.0,985.0,235.0,777.0,775.0,781.0,792.0,804.0,795.0,2397.0,2634.0,3098.0,972.0,985.0,235.0,777.0,775.0,781.0
1.0,7140.0,2365.0,2334.0,1199.0,3362.0,1048.0,1315.0,999.0,777.0,776.0,781.0,787.0,792.0,786.0,2136.0,2115.0,2889.0,1048.0,1315.0,999.0,777.0,776.0,781.0
1.0,5974.0,2339.0,2334.0,2192.0,3509.0,861.0,1119.0,1529.0,777.0,776.0,781.0,785.0,789.0,765.0,2060.0,1789.0,2125.0,861.0,1119.0,1529.0,777.0,776.0,781.0
1.0,5827.0,2351.0,2336.0,3362.0,2506.0,599.0,598.0,1309.0,778.0,777.0,781.0,782.0,790.0,779.0,2247.0,1985.0,1595.0,599.0,598.0,1309.0,778.0,777.0,781.0
1.0,6838.0,2356.0,2336.0,3509.0,1353.0,521.0,271.0,561.0,778.0,777.0,781.0,783.0,792.0,781.0,2513.0,2510.0,1815.0,521.0,271.0,561.0,778.0,777.0,781.0
1.0,7991.0,2346.0,2338.0,2506.0,1201.0,711.0,470.0,20.0,778.0,778.0,782.0,789.0,793.0,764.0,2591.0,2837.0,2563.0,711.0,470.0,20.0,778.0,778.0,782.0
1.0,8151.0,2329.0,2338.0,1353.0,2177.0,966.0,980.0,231.0,778.0,778.0,782.0,776.0,781.0,772.0,2401.0,2642.0,3108.0,966.0,980.0,231.0,778.0,778.0,782.0
1.0,7175.0,2377.0,2339.0,1201.0,3357.0,1064.0,1295.0,998.0,779.0,778.0,782.0,805.0,785.0,787.0,2146.0,2132.0,2897.0,1064.0,1295.0,998.0,779.0,778.0,782.0
1.0,5999.0,2353.0,2340.0,2177.0,3537.0,883.0,1114.0,1540.0,779.0,779.0,782.0,785.0,795.0,773.0,2052.0,1817.0,2130.0,883.0,1114.0,1540.0,779.0,779.0,782.0
1.0,5823.0,2332.0,2341.0,3357.0,2516.0,604.0,595.0,1317.0,780.0,779.0,782.0,781.0,776.0,775.0,2233.0,2002.0,1588.0,604.0,595.0,1317.0,780.0,779.0,782.0
1.0,6848.0,2344.0,2341.0,3537.0,1323.0,506.0,268.0,549.0,780.0,779.0,782.0,785.0,787.0,772.0,2516.0,2521.0,1811.0,506.0,268.0,549.0,780.0,779.0,782.0
1.0,8041.0,2331.0,2341.0,2516.0,1139.0,688.0,451.0,0.0,780.0,779.0,782.0,786.0,778.0,767.0,2614.0,2848.0,2579.0,688.0,451.0,0.0,780.0,779.0,782.0
1.0,8226.0,2303.0,2341.0,1323.0,2118.0,951.0,959.0,208.0,780.0,779.0,782.0,769.0,776.0,758.0,2432.0,2665.0,3129.0,951.0,959.0,208.0,780.0,779.0,782.0
1.0,7246.0,2327.0,2341.0,1139.0,3306.0,1033.0,1298.0,975.0,780.0,780.0,781.0,770.0,786.0,771.0,2169.0,2157.0,2920.0,1033.0,1298.0,975.0,780.0,780.0,781.0
1.0,6058.0,2338.0,2341.0,2118.0,3526.0,862.0,1119.0,1545.0,780.0,780.0,781.0,780.0,780.0,778.0,2087.0,1822.0,2149.0,862.0,1119.0,1545.0,780.0,780.0,781.0
1.0,5838.0,2327.0,2341.0,3306.0,2547.0,609.0,599.0,1339.0,780.0,780.0,781.0,780.0,778.0,769.0,2258.0,2001.0,1579.0,609.0,599.0,1339.0,780.0,780.0,781.0
1.0,6817.0,2335.0,2341.0,3526.0,1356.0,534.0,255.0,567.0,780.0,780.0,781.0,787.0,775.0,773.0,2511.0,2521.0,1785.0,534.0,255.0,567.0,780.0,780.0,781.0
1.0,8008.0,2353.0,2340.0,2547.0,1158.0,710.0,448.0,0.0,780.0,780.0,780.0,785.0,792.0,776.0,2586.0,2865.0,2557.0,710.0,448.0,0.0,780.0,780.0,780.0
1.0,8202.0,2323.0,2342.0,1356.0,2133.0,947.0,977.0,209.0,780.0,781.0,781.0,771.0,780.0,772.0,2410.0,2672.0,3120.0,947.0,977.0,209.0,780.0,781.0,781.0
1.0,7235.0,2333.0,2343.0,1158.0,3312.0,1023.0,1304.0,985.0,781.0,781.0,781.0,782.0,775.0,776.0,2173.0,2147.0,2915.0,1023.0,1304.0,985.0,781.0,781.0,781.0
1.0,6060.0,2395.0,2344.0,2133.0,3578.0,869.0,1130.0,1579.0,781.0,782.0,781.0,793.0,799.0,803.0,2101.0,1820.0,2139.0,869.0,1130.0,1579.0,781.0,782.0,781.0
1.0,5798.0,2375.0,2346.0,3312.0,2649.0,642.0,618.0,1389.0,782.0,782.0,782.0,792.0,792.0,791.0,2255.0,1998.0,1545.0,642.0,618.0,1389.0,782.0,782.0,782.0
1.0,6735.0,2331.0,2345.0,3578.0,1398.0,553.0,269.0,576.0,782.0,782.0,781.0,780.0,781.0,770.0,2486.0,2510.0,1739.0,553.0,269.0,576.0,782.0,782.0,781.0
1.0,7982.0,2385.0,2346.0,2649.0,1159.0,715.0,444.0,0.0,783.0,782.0,781.0,800.0,793.0,792.0,2575.0,2859.0,2548.0,715.0,444.0,0.0,783.0,782.0,781.0
1.0,8246.0,2387.0,2347.0,1398.0,2131.0,962.0,981.0,188.0,783.0,783.0,781.0,800.0,802.0,785.0,2417.0,2684.0,3145.0,962.0,981.0,188.0,783.0,783.0,781.0
1.0,7257.0,2353.0,2347.0,1159.0,3325.0,1037.0,1318.0,970.0,783.0,783.0,781.0,790.0,781.0,782.0,2170.0,2151.0,2936.0,1037.0,1318.0,970.0,783.0,783.0,781.0
1.0,6063.0,2338.0,2347.0,2131.0,3532.0,855.0,1118.0,1559.0,783.0,783.0,781.0,780.0,781.0,777.0,2095.0,1814.0,2154.0,855.0,1118.0,1559.0,783.0,783.0,781.0
1.0,5856.0,2362.0,2347.0,3325.0,2569.0,594.0,589.0,1386.0,783.0,783.0,781.0,776.0,789.0,797.0,2277.0,2014.0,1565.0,594.0,589.0,1386.0,783.0,783.0,781.0
1.0,6819.0,2400.0,2348.0,3532.0,1441.0,533.0,271.0,637.0,783.0,784.0,781.0,794.0,796.0,810.0,2538.0,2543.0,1738.0,533.0,271.0,637.0,783.0,784.0,781.0
1.0,7951.0,2370.0,2350.0,2569.0,1250.0,733.0,465.0,52.0,784.0,784.0,782.0,790.0,783.0,797.0,2599.0,2865.0,2487.0,733.0,465.0,52.0,784.0,784.0,782.0
1.0,8150.0,2345.0,2350.0,1441.0,2154.0,980.0,977.0,197.0,784.0,784.0,782.0,780.0,783.0,782.0,2403.0,2671.0,3076.0,980.0,977.0,197.0,784.0,784.0,782.0
1.0,7246.0,2382.0,2351.0,1250.0,3290.0,1039.0,1311.0,940.0,784.0,785.0,782.0,792.0,795.0,795.0,2156.0,2159.0,2931.0,1039.0,1311.0,940.0,784.0,785.0,782.0
1.0,6114.0,2314.0,2349.0,2154.0,3442.0,826.0,1105.0,1511.0,784.0,784.0,781.0,767.0,775.0,772.0,2097.0,1829.0,2188.0,826.0,1105.0,1511.0,784.0,784.0,781.0
1.0,5954.0,2368.0,2349.0,3290.0,2520.0,583.0,576.0,1361.0,784.0,784.0,781.0,796.0,782.0,790.0,2310.0,2031.0,1613.0,583.0,576.0,1361.0,784.0,784.0,781.0
1.0,6876.0,2371.0,2350.0,3442.0,1453.0,549.0,260.0,644.0,785.0,784.0,781.0,788.0,789.0,794.0,2553.0,2560.0,1763.0,549.0,260.0,644.0,785.0,784.0,781.0
1.0,7947.0,2346.0,2351.0,2520.0,1283.0,745.0,458.0,80.0,785.0,784.0,782.0,779.0,774.0,793.0,2591.0,2876.0,2480.0,745.0,458.0,80.0,785.0,784.0,782.0
1.0,8121.0,2316.0,2349.0,1453.0,2138.0,972.0,961.0,205.0,784.0,784.0,781.0,780.0,763.0,773.0,2395.0,2678.0,3048.0,972.0,961.0,205.0,784.0,784.0,781.0
1.0,7258.0,2351.0,2351.0,1283.0,3214.0,1014.0,1296.0,904.0,785.0,785.0,781.0,783.0,789.0,779.0,2164.0,2175.0,2919.0,1014.0,1296.0,904.0,785.0,785.0,781.0
1.0,6190.0,2349.0,2351.0,2138.0,3425.0,818.0,1107.0,1500.0,784.0,785.0,782.0,780.0,772.0,797.0,2126.0,1844.0,2220.0,818.0,1107.0,1500.0,784.0,785.0,782.0
1.0,5979.0,2375.0,2352.0,3214.0,2590.0,597.0,603.0,1390.0,785.0,785.0,782.0,789.0,792.0,794.0,2318.0,2033.0,1628.0,597.0,603.0,1390.0,785.0,785.0,782.0
1.0,6818.0,2341.0,2352.0,3425.0,1506.0,553.0,276.0,677.0,785.0,785.0,782.0,774.0,780.0,787.0,2543.0,2537.0,1738.0,553.0,276.0,677.0,785.0,785.0,782.0
1.0,7902.0,2376.0,2352.0,2590.0,1292.0,751.0,454.0,87.0,785.0,785.0,782.0,795.0,781.0,800.0,2587.0,2864.0,2451.0,751.0,454.0,87.0,785.0,785.0,782.0
1.0,8116.0,2365.0,2352.0,1506.0,2151.0,983.0,966.0,202.0,785.0,785.0,782.0,785.0,788.0,792.0,2389.0,2686.0,3041.0,983.0,966.0,202.0,785.0,785.0,782.0
1.0,7257.0,2357.0,2351.0,1292.0,3212.0,1013.0,1290.0,909.0,784.0,785.0,782.0,785.0,778.0,794.0,2157.0,2174.0,2926.0,1013.0,1290.0,909.0,784.0,785.0,782.0
1.0,6192.0,2326.0,2351.0,2151.0,3387.0,805.0,1101.0,1481.0,784.0,785.0,782.0,775.0,777.0,774.0,2123.0,1850.0,2219.0,805.0,1101.0,1481.0,784.0,785.0,782.0
1.0,6017.0,2399.0,2353.0,3212.0,2582.0,594.0,603.0,1385.0,785.0,785.0,783.0,798.0,792.0,809.0,2331.0,2039.0,1647.0,594.0,603.0,1385.0,785.0,785.0,783.0
1.0,6830.0,2369.0,2353.0,3387.0,1564.0,583.0,285.0,696.0,785.0,785.0,783.0,794.0,783.0,792.0,2546.0,2537.0,1747.0,583.0,285.0,696.0,785.0,785.0,783.0
1.0,7848.0,2347.0,2353.0,2582.0,1329.0,779.0,456.0,94.0,785.0,785.0,783.0,790.0,774.0,783.0,2557.0,2855.0,2436.0,779.0,456.0,94.0,785.0,785.0,783.0
1.0,8083.0,2319.0,2353.0,1564.0,2084.0,977.0,930.0,177.0,785.0,785.0,783.0,781.0,759.0,779.0,2361.0,2684.0,3038.0,977.0,930.0,177.0,785.0,785.0,783.0
1.0,7328.0,2357.0,2352.0,1329.0,3108.0,989.0,1255.0,864.0,785.0,784.0,783.0,791.0,785.0,781.0,2163.0,2210.0,2955.0,989.0,1255.0,864.0,785.0,784.0,783.0
1.0,6300.0,2300.0,2352.0,2084.0,3324.0,777.0,1092.0,1455.0,785.0,784.0,783.0,765.0,767.0,768.0,2151.0,1881.0,2268.0,777.0,1092.0,1455.0,785.0,784.0,783.0
1.0,6084.0,2393.0,2352.0,3108.0,2609.0,581.0,633.0,1395.0,785.0,784.0,783.0,793.0,796.0,804.0,2363.0,2044.0,1677.0,581.0,633.0,1395.0,785.0,784.0,783.0
1.0,6799.0,2377.0,2352.0,3324.0,1662.0,598.0,330.0,734.0,785.0,784.0,783.0,794.0,789.0,794.0,2559.0,2503.0,1737.0,598.0,330.0,734.0,785.0,784.0,783.0
1.0,7746.0,2369.0,2352.0,2609.0,1422.0,808.0,486.0,128.0,785.0,784.0,783.0,791.0,789.0,789.0,2542.0,2806.0,2398.0,808.0,486.0,128.0,785.0,784.0,783.0
1.0,7986.0,2321.0,2352.0,1662.0,2081.0,987.0,932.0,162.0,785.0,784.0,783.0,777.0,776.0,768.0,2332.0,2650.0,3004.0,987.0,932.0,162.0,785.0,784.0,783.0
1.0,7327.0,2351.0,2351.0,1422.0,3006.0,970.0,1217.0,819.0,785.0,783.0,783.0,791.0,775.0,785.0,2153.0,2204.0,2970.0,970.0,1217.0,819.0,785.0,783.0,783.0
1.0,6398.0,2392.0,2352.0,2081.0,3321.0,781.0,1075.0,1465.0,785.0,783.0,784.0,798.0,790.0,804.0,2170.0,1915.0,2313.0,781.0,1075.0,1465.0,785.0,783.0,784.0
1.0,6087.0,2399.0,2354.0,3006.0,2722.0,624.0,646.0,1452.0,786.0,783.0,785.0,809.0,788.0,802.0,2359.0,2057.0,1671.0,624.0,646.0,1452.0,786.0,783.0,785.0
1.0,6694.0,2387.0,2354.0,3321.0,1788.0,635.0,363.0,790.0,786.0,783.0,785.0,792.0,792.0,803.0,2520.0,2486.0,1688.0,635.0,363.0,790.0,786.0,783.0,785.0
1.0,7628.0,2386.0,2354.0,2722.0,1452.0,809.0,506.0,137.0,786.0,783.0,785.0,798.0,789.0,799.0,2509.0,2769.0,2350.0,809.0,506.0,137.0,786.0,783.0,785.0
1.0,7964.0,2363.0,2354.0,1788.0,2027.0,975.0,928.0,124.0,786.0,783.0,785.0,801.0,785.0,777.0,2335.0,2626.0,3003.0,975.0,928.0,124.0,786.0,783.0,785.0
1.0,7389.0,2426.0,2357.0,1452.0,3013.0,973.0,1247.0,793.0,787.0,784.0,786.0,803.0,821.0,802.0,2169.0,2204.0,3016.0,973.0,1247.0,793.0,787.0,784.0,786.0
1.0,6415.0,2395.0,2357.0,2027.0,3381.0,798.0,1116.0,1467.0,787.0,784.0,786.0,800.0,797.0,798.0,2175.0,1889.0,2351.0,798.0,1116.0,1467.0,787.0,784.0,786.0
1.0,6047.0,2381.0,2358.0,3013.0,2753.0,619.0,659.0,1475.0,787.0,784.0,787.0,794.0,790.0,797.0,2350.0,2020.0,1677.0,619.0,659.0,1475.0,787.0,784.0,787.0
1.0,6679.0,2355.0,2360.0,3381.0,1735.0,602.0,336.0,797.0,787.0,785.0,788.0,781.0,789.0,785.0,2529.0,2477.0,1673.0,602.0,336.0,797.0,787.0,785.0,788.0
1.0,7705.0,2406.0,2361.0,2753.0,1392.0,786.0,477.0,129.0,788.0,785.0,788.0,799.0,800.0,807.0,2546.0,2804.0,2355.0,786.0,477.0,129.0,788.0,785.0,788.0
1.0,8052.0,2385.0,2361.0,1735.0,2042.0,982.0,941.0,119.0,788.0,785.0,788.0,798.0,800.0,787.0,2366.0,2663.0,3023.0,982.0,941.0,119.0,788.0,785.0,788.0
1.0,7402.0,2373.0,2363.0,1392.0,3031.0,984.0,1262.0,785.0,788.0,786.0,789.0,788.0,794.0,791.0,2170.0,2199.0,3033.0,984.0,1262.0,785.0,788.0,786.0,789.0
1.0,6421.0,2407.0,2364.0,2042.0,3400.0,809.0,1125.0,1466.0,789.0,786.0,789.0,803.0,804.0,800.0,2168.0,1882.0,2371.0,809.0,1125.0,1466.0,789.0,786.0,789.0
1.0,6056.0,2416.0,2366.0,3031.0,2793.0,637.0,673.0,1483.0,789.0,787.0,790.0,812.0,806.0,798.0,2347.0,2019.0,1690.0,637.0,673.0,1483.0,789.0,787.0,790.0
1.0,6671.0,2410.0,2367.0,3400.0,1807.0,627.0,355.0,825.0,790.0,787.0,790.0,795.0,807.0,808.0,2519.0,2475.0,1677.0,627.0,355.0,825.0,790.0,787.0,790.0
1.0,7661.0,2367.0,2368.0,2793.0,1385.0,779.0,476.0,130.0,790.0,787.0,791.0,789.0,794.0,784.0,2533.0,2793.0,2335.0,779.0,476.0,130.0,790.0,787.0,791.0
1.0,8087.0,2353.0,2367.0,1807.0,1927.0,934.0,910.0,83.0,790.0,787.0,790.0,782.0,789.0,782.0,2381.0,2672.0,3034.0,934.0,910.0,83.0,790.0,787.0,790.0
1.0,7541.0,2401.0,2368.0,1385.0,2947.0,954.0,1247.0,746.0,790.0,788.0,790.0,799.0,809.0,793.0,2226.0,2238.0,3077.0,954.0,1247.0,746.0,790.0,788.0,790.0
1.0,6525.0,2418.0,2369.0,1927.0,3442.0,821.0,1146.0,1475.0,790.0,788.0,791.0,801.0,809.0,808.0,2206.0,1905.0,2414.0,821.0,1146.0,1475.0,790.0,788.0,791.0
1.0,6034.0,2369.0,2369.0,2947.0,2864.0,659.0,698.0,1507.0,790.0,788.0,791.0,792.0,799.0,778.0,2339.0,2006.0,1689.0,659.0,698.0,1507.0,790.0,788.0,791.0
1.0,6612.0,2382.0,2369.0,3442.0,1804.0,637.0,347.0,820.0,790.0,788.0,791.0,799.0,795.0,788.0,2501.0,2454.0,1657.0,637.0,347.0,820.0,790.0,788.0,791.0
1.0,7672.0,2357.0,2369.0,2864.0,1297.0,755.0,438.0,104.0,790.0,788.0,791.0,777.0,789.0,791.0,2523.0,2805.0,2344.0,755.0,438.0,104.0,790.0,788.0,791.0
1.0,8179.0,2420.0,2371.0,1804.0,1921.0,915.0,906.0,100.0,790.0,789.0,792.0,797.0,811.0,812.0,2405.0,2714.0,3060.0,915.0,906.0,100.0,790.0,789.0,792.0
1.0,7563.0,2378.0,2370.0,1297.0,2998.0,949.0,1269.0,780.0,790.0,789.0,791.0,789.0,801.0,788.0,2245.0,2250.0,3068.0,949.0,1269.0,780.0,790.0,789.0,791.0
1.0,6482.0,2435.0,2371.0,1921.0,3516.0,841.0,1187.0,1488.0,790.0,790.0,791.0,807.0,820.0,808.0,2211.0,1887.0,2384.0,841.0,1187.0,1488.0,790.0,790.0,791.0
1.0,5968.0,2409.0,2372.0,2998.0,2931.0,692.0,732.0,1507.0,791.0,790.0,791.0,796.0,814.0,799.0,2319.0,1973.0,1676.0,692.0,732.0,1507.0,791.0,790.0,791.0
1.0,6557.0,2420.0,2374.0,3516.0,1843.0,655.0,356.0,832.0,791.0,791.0,792.0,804.0,807.0,809.0,2472.0,2428.0,1657.0,655.0,356.0,832.0,791.0,791.0,792.0
1.0,7653.0,2432.0,2374.0,2931.0,1344.0,765.0,443.0,136.0,791.0,791.0,792.0,802.0,819.0,811.0,2509.0,2808.0,2336.0,765.0,443.0,136.0,791.0,791.0,792.0
1.0,8152.0,2448.0,2377.0,1843.0,1961.0,935.0,908.0,118.0,792.0,792.0,793.0,821.0,817.0,810.0,2399.0,2721.0,3032.0,935.0,908.0,118.0,792.0,792.0,793.0
1.0,7547.0,2412.0,2378.0,1344.0,3033.0,964.0,1292.0,777.0,792.0,793.0,793.0,794.0,823.0,795.0,2233.0,2260.0,3054.0,964.0,1292.0,777.0,792.0,793.0,793.0
1.0,6479.0,2430.0,2380.0,1961.0,3510.0,837.0,1197.0,1476.0,793.0,793.0,794.0,804.0,813.0,813.0,2204.0,1880.0,2395.0,837.0,1197.0,1476.0,793.0,793.0,794.0
1.0,6010.0,2377.0,2381.0,3033.0,2858.0,652.0,714.0,1492.0,793.0,794.0,794.0,779.0,805.0,793.0,2335.0,1975.0,1700.0,652.0,714.0,1492.0,793.0,794.0,794.0
1.0,6666.0,2405.0,2382.0,3510.0,1757.0,606.0,335.0,816.0,793.0,795.0,794.0,791.0,814.0,800.0,2520.0,2462.0,1684.0,606.0,335.0,816.0,793.0,795.0,794.0
1.0,7771.0,2436.0,2383.0,2858.0,1339.0,765.0,428.0,146.0,793.0,795.0,795.0,811.0,807.0,818.0,2566.0,2845.0,2360.0,765.0,428.0,146.0,793.0,795.0,795.0
1.0,8193.0,2440.0,2385.0,1757.0,2030.0,980.0,914.0,136.0,794.0,796.0,795.0,817.0,817.0,806.0,2407.0,2752.0,3034.0,980.0,914.0,136.0,794.0,796.0,795.0
1.0,7510.0,2382.0,2385.0,1339.0,3073.0,1010.0,1282.0,781.0,794.0,796.0,795.0,795.0,796.0,791.0,2196.0,2270.0,3044.0,1010.0,1282.0,781.0,794.0,796.0,795.0
1.0,6467.0,2450.0,2387.0,2030.0,3501.0,844.0,1200.0,1457.0,795.0,797.0,795.0,810.0,828.0,812.0,2166.0,1902.0,2399.0,844.0,1200.0,1457.0,795.0,797.0,795.0
1.0,6047.0,2409.0,2387.0,3073.0,2837.0,634.0,722.0,1481.0,795.0,797.0,795.0,800.0,804.0,805.0,2336.0,1988.0,1723.0,634.0,722.0,1481.0,795.0,797.0,795.0
1.0,6711.0,2396.0,2388.0,3501.0,1736.0,590.0,315.0,831.0,795.0,797.0,796.0,800.0,793.0,803.0,2546.0,2466.0,1699.0,590.0,315.0,831.0,795.0,797.0,796.0
1.0,7816.0,2382.0,2389.0,2837.0,1285.0,747.0,395.0,143.0,795.0,798.0,796.0,791.0,798.0,793.0,2590.0,2873.0,2353.0,747.0,395.0,143.0,795.0,798.0,796.0
1.0,8271.0,2404.0,2390.0,1736.0,1957.0,964.0,885.0,108.0,796.0,798.0,796.0,803.0,805.0,796.0,2433.0,2797.0,3041.0,964.0,885.0,108.0,796.0,798.0,796.0
1.0,7603.0,2357.0,2390.0,1285.0,3029.0,1005.0,1276.0,748.0,796.0,798.0,796.0,788.0,786.0,783.0,2220.0,2307.0,3076.0,1005.0,1276.0,748.0,796.0,798.0,796.0
1.0,6531.0,2371.0,2390.0,1957.0,3443.0,838.0,1177.0,1428.0,796.0,798.0,796.0,797.0,786.0,788.0,2179.0,1916.0,2436.0,838.0,1177.0,1428.0,796.0,798.0,796.0
1.0,6117.0,2386.0,2391.0,3029.0,2804.0,625.0,699.0,1480.0,796.0,799.0,796.0,792.0,794.0,800.0,2346.0,2015.0,1756.0,625.0,699.0,1480.0,796.0,799.0,796.0
1.0,6760.0,2399.0,2391.0,3443.0,1760.0,591.0,321.0,848.0,796.0,799.0,796.0,804.0,799.0,796.0,2559.0,2497.0,1704.0,591.0,321.0,848.0,796.0,799.0,796.0
1.0,7804.0,2419.0,2394.0,2804.0,1387.0,776.0,431.0,180.0,797.0,800.0,797.0,806.0,805.0,808.0,2593.0,2875.0,2336.0,776.0,431.0,180.0,797.0,800.0,797.0
1.0,8189.0,2358.0,2394.0,1760.0,1985.0,963.0,899.0,123.0,797.0,800.0,797.0,778.0,789.0,791.0,2412.0,2769.0,3008.0,963.0,899.0,123.0,797.0,800.0,797.0
1.0,7591.0,2465.0,2395.0,1387.0,3067.0,1008.0,1294.0,765.0,797.0,801.0,797.0,821.0,822.0,822.0,2225.0,2301.0,3065.0,1008.0,1294.0,765.0,797.0,801.0,797.0
1.0,6513.0,2406.0,2396.0,1985.0,3492.0,855.0,1200.0,1437.0,798.0,801.0,797.0,806.0,805.0,795.0,2180.0,1910.0,2423.0,855.0,1200.0,1437.0,798.0,801.0,797.0
1.0,6092.0,2421.0,2397.0,3067.0,2850.0,663.0,704.0,1483.0,798.0,801.0,798.0,816.0,798.0,807.0,2337.0,2004.0,1751.0,663.0,704.0,1483.0,798.0,801.0,798.0
1.0,6738.0,2392.0,2398.0,3492.0,1754.0,608.0,302.0,844.0,798.0,802.0,798.0,800.0,794.0,798.0,2529.0,2500.0,1709.0,608.0,302.0,844.0,798.0,802.0,798.0
1.0,7838.0,2377.0,2399.0,2850.0,1285.0,737.0,390.0,158.0,798.0,802.0,799.0,792.0,792.0,793.0,2584.0,2906.0,2348.0,737.0,390.0,158.0,798.0,802.0,799.0
1.0,8311.0,2387.0,2399.0,1754.0,1918.0,935.0,884.0,99.0,799.0,802.0,798.0,802.0,796.0,789.0,2455.0,2818.0,3038.0,935.0,884.0,99.0,799.0,802.0,798.0
1.0,7678.0,2401.0,2398.0,1285.0,3030.0,993.0,1291.0,746.0,798.0,802.0,798.0,799.0,797.0,805.0,2261.0,2324.0,3093.0,993.0,1291.0,746.0,798.0,802.0,798.0
1.0,6562.0,2441.0,2399.0,1918.0,3557.0,889.0,1216.0,1452.0,799.0,802.0,798.0,827.0,809.0,805.0,2199.0,1917.0,2446.0,889.0,1216.0,1452.0,799.0,802.0,798.0
1.0,6039.0,2360.0,2399.0,3030.0,2887.0,686.0,706.0,1495.0,799.0,802.0,798.0,790.0,781.0,789.0,2307.0,1992.0,1740.0,686.0,706.0,1495.0,799.0,802.0,798.0
1.0,6709.0,2398.0,2400.0,3557.0,1732.0,605.0,279.0,848.0,799.0,802.0,799.0,808.0,789.0,801.0,2510.0,2502.0,1697.0,605.0,279.0,848.0,799.0,802.0,799.0
1.0,7868.0,2366.0,2399.0,2887.0,1207.0,711.0,356.0,140.0,799.0,802.0,798.0,792.0,783.0,791.0,2591.0,2929.0,2348.0,711.0,356.0,140.0,799.0,802.0,798.0
1.0,8389.0,2457.0,2400.0,1732.0,1936.0,929.0,890.0,117.0,799.0,802.0,799.0,823.0,813.0,821.0,2485.0,2852.0,3052.0,929.0,890.0,117.0,799.0,802.0,799.0
1.0,7664.0,2403.0,2401.0,1207.0,3136.0,1036.0,1330.0,770.0,800.0,802.0,799.0,814.0,796.0,793.0,2267.0,2318.0,3079.0,1036.0,1330.0,770.0,800.0,802.0,799.0
1.0,6468.0,2492.0,2404.0,1936.0,3704.0,952.0,1264.0,1488.0,801.0,803.0,800.0,841.0,820.0,831.0,2164.0,1878.0,2426.0,952.0,1264.0,1488.0,801.0,803.0,800.0
1.0,5912.0,2386.0,2403.0,3136.0,2950.0,711.0,718.0,1521.0,801.0,802.0,800.0,795.0,788.0,803.0,2252.0,1948.0,1712.0,711.0,718.0,1521.0,801.0,802.0,800.0
1.0,6662.0,2422.0,2403.0,3704.0,1668.0,570.0,254.0,844.0,801.0,802.0,800.0,811.0,800.0,811.0,2493.0,2490.0,1679.0,570.0,254.0,844.0,801.0,802.0,800.0
1.0,7944.0,2470.0,2406.0,2950.0,1200.0,688.0,359.0,153.0,802.0,803.0,801.0,825.0,819.0,826.0,2634.0,2954.0,2356.0,688.0,359.0,153.0,802.0,803.0,801.0
1.0,8424.0,2427.0,2406.0,1668.0,1959.0,927.0,908.0,124.0,802.0,803.0,801.0,809.0,803.0,815.0,2520.0,2853.0,3051.0,927.0,908.0,124.0,802.0,803.0,801.0
1.0,7665.0,2409.0,2406.0,1200.0,3168.0,1049.0,1345.0,774.0,802.0,803.0,801.0,810.0,796.0,803.0,2281.0,2304.0,3080.0,1049.0,1345.0,774.0,802.0,803.0,801.0
1.0,6456.0,2418.0,2406.0,1959.0,3627.0,923.0,1239.0,1465.0,802.0,803.0,801.0,801.0,802.0,815.0,2159.0,1867.0,2430.0,923.0,1239.0,1465.0,802.0,803.0,801.0
1.0,5997.0,2438.0,2407.0,3168.0,2901.0,687.0,709.0,1505.0,802.0,803.0,802.0,813.0,815.0,810.0,2285.0,1973.0,1739.0,687.0,709.0,1505.0,802.0,803.0,802.0
1.0,6727.0,2471.0,2410.0,3627.0,1757.0,586.0,297.0,874.0,803.0,804.0,803.0,818.0,823.0,830.0,2521.0,2503.0,1703.0,586.0,297.0,874.0,803.0,804.0,803.0
1.0,7883.0,2427.0,2410.0,2901.0,1283.0,712.0,393.0,178.0,803.0,804.0,803.0,813.0,805.0,809.0,2626.0,2919.0,2338.0,712.0,393.0,178.0,803.0,804.0,803.0
1.0,8357.0,2418.0,2410.0,1757.0,1944.0,933.0,900.0,111.0,803.0,804.0,803.0,807.0,804.0,807.0,2500.0,2823.0,3034.0,933.0,900.0,111.0,803.0,804.0,803.0
1.0,7696.0,2419.0,2412.0,1283.0,3088.0,1031.0,1310.0,747.0,804.0,804.0,804.0,806.0,803.0,810.0,2279.0,2316.0,3101.0,1031.0,1310.0,747.0,804.0,804.0,804.0
1.0,6560.0,2442.0,2412.0,1944.0,3586.0,912.0,1224.0,1450.0,804.0,804.0,804.0,814.0,814.0,814.0,2185.0,1906.0,2469.0,912.0,1224.0,1450.0,804.0,804.0,804.0
1.0,6062.0,2426.0,2413.0,3088.0,2928.0,698.0,716.0,1514.0,805.0,804.0,804.0,813.0,802.0,811.0,2304.0,1992.0,1766.0,698.0,716.0,1514.0,805.0,804.0,804.0
1.0,6724.0,2445.0,2414.0,3586.0,1791.0,593.0,305.0,893.0,805.0,804.0,805.0,807.0,813.0,825.0,2522.0,2500.0,1702.0,593.0,305.0,893.0,805.0,804.0,805.0
1.0,7865.0,2417.0,2414.0,2928.0,1280.0,699.0,396.0,185.0,805.0,804.0,805.0,804.0,807.0,806.0,2627.0,2911.0,2327.0,699.0,396.0,185.0,805.0,804.0,805.0
1.0,8376.0,2422.0,2414.0,1791.0,1911.0,906.0,897.0,108.0,805.0,804.0,805.0,800.0,806.0,816.0,2521.0,2820.0,3035.0,906.0,897.0,108.0,805.0,804.0,805.0
1.0,7745.0,2482.0,2416.0,1280.0,3121.0,1024.0,1342.0,755.0,805.0,805.0,806.0,817.0,837.0,828.0,2314.0,2319.0,3112.0,1024.0,1342.0,755.0,805.0,805.0,806.0
1.0,6543.0,2477.0,2417.0,1911.0,3691.0,947.0,1273.0,1471.0,806.0,805.0,806.0,825.0,828.0,824.0,2196.0,1878.0,2469.0,947.0,1273.0,1471.0,806.0,805.0,806.0
1.0,5977.0,2434.0,2417.0,3121.0,3004.0,723.0,748.0,1533.0,806.0,805.0,806.0,800.0,817.0,817.0,2277.0,1947.0,1753.0,723.0,748.0,1533.0,806.0,805.0,806.0
1.0,6664.0,2412.0,2416.0,3691.0,1721.0,567.0,280.0,874.0,805.0,805.0,806.0,795.0,805.0,812.0,2501.0,2472.0,1691.0,567.0,280.0,874.0,805.0,805.0,806.0
1.0,7943.0,2452.0,2417.0,3004.0,1173.0,666.0,339.0,168.0,806.0,804.0,807.0,818.0,811.0,823.0,2653.0,2940.0,2350.0,666.0,339.0,168.0,806.0,804.0,807.0
1.0,8495.0,2495.0,2418.0,1721.0,1951.0,927.0,902.0,122.0,806.0,805.0,807.0,828.0,839.0,828.0,2558.0,2877.0,3060.0,927.0,902.0,122.0,806.0,805.0,807.0
1.0,7721.0,2440.0,2419.0,1173.0,3222.0,1069.0,1385.0,768.0,807.0,805.0,807.0,804.0,822.0,814.0,2297.0,2318.0,3106.0,1069.0,1385.0,768.0,807.0,805.0,807.0
1.0,6454.0,2417.0,2420.0,1951.0,3692.0,941.0,1284.0,1467.0,807.0,805.0,808.0,799.0,801.0,817.0,2159.0,1835.0,2460.0,941.0,1284.0,1467.0,807.0,805.0,808.0
1.0,5988.0,2448.0,2420.0,3222.0,2918.0,678.0,729.0,1511.0,807.0,805.0,808.0,806.0,830.0,812.0,2287.0,1936.0,1765.0,678.0,729.0,1511.0,807.0,805.0,808.0
1.0,6762.0,2491.0,2421.0,3692.0,1721.0,569.0,275.0,877.0,807.0,806.0,808.0,832.0,826.0,833.0,2550.0,2491.0,1721.0,569.0,275.0,877.0,807.0,806.0,808.0
1.0,7963.0,2447.0,2422.0,2918.0,1254.0,697.0,363.0,194.0,807.0,806.0,809.0,806.0,817.0,824.0,2659.0,2949.0,2355.0,697.0,363.0,194.0,807.0,806.0,809.0
1.0,8434.0,2408.0,2422.0,1721.0,1941.0,923.0,899.0,119.0,807.0,806.0,809.0,795.0,811.0,802.0,2531.0,2861.0,3042.0,923.0,899.0,119.0,807.0,806.0,809.0
1.0,7747.0,2427.0,2422.0,1254.0,3114.0,1028.0,1344.0,742.0,807.0,806.0,809.0,802.0,808.0,817.0,2305.0,2325.0,3117.0,1028.0,1344.0,742.0,807.0,806.0,809.0
1.0,6574.0,2495.0,2423.0,1941.0,3672.0,928.0,1288.0,1456.0,807.0,807.0,809.0,823.0,839.0,833.0,2200.0,1880.0,2494.0,928.0,1288.0,1456.0,807.0,807.0,809.0
1.0,6020.0,2425.0,2425.0,3114.0,2991.0,711.0,760.0,1520.0,808.0,807.0,810.0,807.0,816.0,802.0,2300.0,1940.0,1780.0,711.0,760.0,1520.0,808.0,807.0,810.0
1.0,6709.0,2450.0,2425.0,3672.0,1769.0,598.0,295.0,876.0,808.0,807.0,810.0,815.0,823.0,812.0,2521.0,2468.0,1720.0,598.0,295.0,876.0,808.0,807.0,810.0
1.0,7931.0,2465.0,2428.0,2991.0,1255.0,713.0,366.0,176.0,809.0,808.0,811.0,822.0,827.0,816.0,2634.0,2933.0,2364.0,713.0,366.0,176.0,809.0,808.0,811.0
1.0,8457.0,2443.0,2429.0,1769.0,1933.0,924.0,903.0,106.0,809.0,809.0,811.0,809.0,828.0,806.0,2523.0,2866.0,3068.0,924.0,903.0,106.0,809.0,809.0,811.0
1.0,7783.0,2429.0,2429.0,1255.0,3107.0,1015.0,1349.0,743.0,809.0,809.0,811.0,804.0,812.0,813.0,2312.0,2333.0,3138.0,1015.0,1349.0,743.0,809.0,809.0,811.0
1.0,6609.0,2481.0,2431.0,1933.0,3663.0,909.0,1276.0,1478.0,809.0,810.0,812.0,818.0,826.0,837.0,2221.0,1887.0,2501.0,909.0,1276.0,1478.0,809.0,810.0,812.0
1.0,6061.0,2429.0,2431.0,3107.0,2985.0,695.0,754.0,1536.0,809.0,810.0,812.0,801.0,827.0,801.0,2327.0,1964.0,1770.0,695.0,754.0,1536.0,809.0,810.0,812.0
1.0,6739.0,2405.0,2432.0,3663.0,1731.0,594.0,277.0,860.0,810.0,810.0,812.0,804.0,799.0,802.0,2541.0,2486.0,1712.0,594.0,277.0,860.0,810.0,810.0,812.0
1.0,7997.0,2479.0,2433.0,2985.0,1229.0,719.0,356.0,154.0,810.0,811.0,812.0,820.0,829.0,830.0,2646.0,2963.0,2388.0,719.0,356.0,154.0,810.0,811.0,812.0
1.0,8503.0,2412.0,2433.0,1731.0,1910.0,934.0,895.0,81.0,810.0,811.0,812.0,809.0,816.0,787.0,2521.0,2888.0,3094.0,934.0,895.0,81.0,810.0,811.0,812.0
1.0,7822.0,2402.0,2432.0,1229.0,3079.0,1007.0,1340.0,732.0,809.0,811.0,812.0,796.0,801.0,805.0,2306.0,2349.0,3167.0,1007.0,1340.0,732.0,809.0,811.0,812.0
1.0,6649.0,2419.0,2433.0,1910.0,3592.0,883.0,1243.0,1466.0,810.0,811.0,812.0,806.0,798.0,815.0,2229.0,1904.0,2516.0,883.0,1243.0,1466.0,810.0,811.0,812.0
1.0,6140.0,2407.0,2433.0,3079.0,2920.0,683.0,706.0,1531.0,810.0,811.0,812.0,807.0,803.0,797.0,2357.0,2001.0,1782.0,683.0,706.0,1531.0,810.0,811.0,812.0
1.0,6812.0,2394.0,2434.0,3592.0,1726.0,595.0,265.0,866.0,810.0,811.0,813.0,795.0,802.0,797.0,2557.0,2538.0,1717.0,595.0,265.0,866.0,810.0,811.0,813.0
1.0,8010.0,2442.0,2435.0,2920.0,1252.0,736.0,376.0,140.0,810.0,812.0,813.0,824.0,813.0,805.0,2645.0,2979.0,2386.0,736.0,376.0,140.0,810.0,812.0,813.0
1.0,8488.0,2435.0,2435.0,1726.0,1961.0,947.0,924.0,90.0,810.0,812.0,813.0,806.0,813.0,816.0,2504.0,2872.0,3112.0,947.0,924.0,90.0,810.0,812.0,813.0
1.0,7779.0,2430.0,2435.0,1252.0,3139.0,1024.0,1356.0,759.0,810.0,812.0,813.0,813.0,808.0,809.0,2293.0,2324.0,3162.0,1024.0,1356.0,759.0,810.0,812.0,813.0
1.0,6601.0,2424.0,2436.0,1961.0,3606.0,887.0,1248.0,1471.0,810.0,813.0,813.0,810.0,812.0,802.0,2216.0,1892.0,2493.0,887.0,1248.0,1471.0,810.0,813.0,813.0
1.0,6138.0,2419.0,2437.0,3139.0,2890.0,665.0,699.0,1526.0,810.0,813.0,814.0,802.0,807.0,810.0,2353.0,2004.0,1781.0,665.0,699.0,1526.0,810.0,813.0,814.0
1.0,6858.0,2436.0,2436.0,3606.0,1716.0,595.0,267.0,854.0,810.0,813.0,813.0,817.0,816.0,803.0,2575.0,2553.0,1730.0,595.0,267.0,854.0,810.0,813.0,813.0
1.0,8028.0,2437.0,2437.0,2890.0,1267.0,749.0,387.0,131.0,810.0,814.0,813.0,819.0,815.0,803.0,2645.0,2985.0,2398.0,749.0,387.0,131.0,810.0,814.0,813.0
1.0,8481.0,2446.0,2436.0,1716.0,1993.0,982.0,929.0,82.0,810.0,813.0,813.0,828.0,813.0,805.0,2491.0,2869.0,3121.0,982.0,929.0,82.0,810.0,813.0,813.0
1.0,7751.0,2454.0,2438.0,1267.0,3188.0,1057.0,1366.0,765.0,811.0,814.0,813.0,820.0,820.0,814.0,2258.0,2323.0,3170.0,1057.0,1366.0,765.0,811.0,814.0,813.0
1.0,6564.0,2463.0,2438.0,1993.0,3658.0,909.0,1261.0,1488.0,811.0,814.0,813.0,834.0,824.0,805.0,2187.0,1890.0,2487.0,909.0,1261.0,1488.0,811.0,814.0,813.0
1.0,6094.0,2435.0,2437.0,3188.0,2901.0,674.0,710.0,1517.0,811.0,814.0,812.0,822.0,815.0,798.0,2335.0,1995.0,1764.0,674.0,710.0,1517.0,811.0,814.0,812.0
1.0,6847.0,2433.0,2437.0,3658.0,1676.0,581.0,256.0,839.0,811.0,814.0,812.0,816.0,807.0,810.0,2570.0,2546.0,1731.0,581.0,256.0,839.0,811.0,814.0,812.0
1.0,8072.0,2439.0,2438.0,2901.0,1218.0,724.0,362.0,132.0,811.0,815.0,812.0,817.0,812.0,810.0,2663.0,3000.0,2409.0,724.0,362.0,132.0,811.0,815.0,812.0
1.0,8534.0,2399.0,2437.0,1676.0,1937.0,953.0,890.0,94.0,811.0,814.0,812.0,810.0,788.0,801.0,2520.0,2898.0,3116.0,953.0,890.0,94.0,811.0,814.0,812.0
1.0,7811.0,2417.0,2437.0,1218.0,3136.0,1035.0,1329.0,772.0,811.0,814.0,812.0,806.0,801.0,810.0,2291.0,2366.0,3154.0,1035.0,1329.0,772.0,811.0,814.0,812.0
1.0,6612.0,2460.0,2438.0,1937.0,3663.0,917.0,1254.0,1492.0,812.0,814.0,812.0,831.0,815.0,814.0,2209.0,1927.0,2476.0,917.0,1254.0,1492.0,812.0,814.0,812.0
1.0,6089.0,2458.0,2438.0,3136.0,2985.0,709.0,740.0,1536.0,812.0,814.0,812.0,827.0,815.0,816.0,2331.0,2002.0,1756.0,709.0,740.0,1536.0,812.0,814.0,812.0
1.0,6767.0,2474.0,2438.0,3663.0,1796.0,625.0,300.0,871.0,812.0,814.0,812.0,833.0,814.0,827.0,2539.0,2516.0,1712.0,625.0,300.0,871.0,812.0,814.0,812.0
1.0,7956.0,2430.0,2439.0,2985.0,1245.0,729.0,376.0,140.0,812.0,815.0,812.0,813.0,812.0,805.0,2623.0,2956.0,2377.0,729.0,376.0,140.0,812.0,815.0,812.0
1.0,8511.0,2477.0,2441.0,1796.0,1934.0,938.0,896.0,100.0,813.0,815.0,813.0,830.0,820.0,827.0,2519.0,2884.0,3108.0,938.0,896.0,100.0,813.0,815.0,813.0
1.0,7830.0,2466.0,2440.0,1245.0,3151.0,1045.0,1344.0,762.0,813.0,815.0,812.0,836.0,824.0,806.0,2314.0,2364.0,3152.0,1045.0,1344.0,762.0,813.0,815.0,812.0
1.0,6609.0,2457.0,2441.0,1934.0,3678.0,942.0,1256.0,1480.0,814.0,815.0,812.0,831.0,808.0,818.0,2207.0,1916.0,2486.0,942.0,1256.0,1480.0,814.0,815.0,812.0
1.0,6086.0,2481.0,2442.0,3151.0,3012.0,733.0,724.0,1555.0,814.0,815.0,813.0,836.0,812.0,833.0,2314.0,2004.0,1768.0,733.0,724.0,1555.0,814.0,815.0,813.0
1.0,6756.0,2500.0,2444.0,3678.0,1842.0,634.0,298.0,910.0,815.0,816.0,813.0,839.0,826.0,835.0,2523.0,2536.0,1697.0,634.0,298.0,910.0,815.0,816.0,813.0
1.0,7934.0,2487.0,2443.0,3012.0,1313.0,734.0,402.0,177.0,815.0,815.0,813.0,833.0,832.0,822.0,2626.0,2966.0,2342.0,734.0,402.0,177.0,815.0,815.0,813.0
1.0,8459.0,2433.0,2443.0,1842.0,1904.0,917.0,908.0,79.0,815.0,815.0,813.0,817.0,804.0,812.0,2526.0,2858.0,3075.0,917.0,908.0,79.0,815.0,815.0,813.0
1.0,7868.0,2440.0,2443.0,1313.0,3031.0,996.0,1323.0,712.0,815.0,815.0,813.0,813.0,817.0,810.0,2343.0,2352.0,3173.0,996.0,1323.0,712.0,815.0,815.0,813.0
1.0,6741.0,2462.0,2444.0,1904.0,3593.0,904.0,1232.0,1457.0,816.0,815.0,813.0,821.0,817.0,824.0,2264.0,1937.0,2540.0,904.0,1232.0,1457.0,816.0,815.0,813.0
1.0,6183.0,2455.0,2444.0,3031.0,3017.0,719.0,729.0,1569.0,816.0,815.0,813.0,811.0,820.0,824.0,2360.0,2028.0,1795.0,719.0,729.0,1569.0,816.0,815.0,813.0
1.0,6759.0,2485.0,2444.0,3593.0,1909.0,643.0,325.0,941.0,816.0,815.0,813.0,828.0,828.0,829.0,2545.0,2531.0,1683.0,643.0,325.0,941.0,816.0,815.0,813.0
1.0,7867.0,2486.0,2444.0,3017.0,1378.0,757.0,420.0,201.0,816.0,815.0,813.0,833.0,824.0,829.0,2621.0,2935.0,2311.0,757.0,420.0,201.0,816.0,815.0,813.0
1.0,8398.0,2436.0,2445.0,1909.0,1909.0,939.0,900.0,70.0,817.0,815.0,813.0,821.0,805.0,810.0,2507.0,2840.0,3051.0,939.0,900.0,70.0,817.0,815.0,813.0
1.0,7871.0,2470.0,2445.0,1378.0,3001.0,1006.0,1303.0,692.0,817.0,815.0,813.0,824.0,823.0,823.0,2329.0,2360.0,3182.0,1006.0,1303.0,692.0,817.0,815.0,813.0
1.0,6779.0,2465.0,2445.0,1909.0,3557.0,892.0,1219.0,1446.0,817.0,815.0,813.0,825.0,816.0,824.0,2262.0,1957.0,2560.0,892.0,1219.0,1446.0,817.0,815.0,813.0
1.0,6223.0,2452.0,2445.0,3001.0,3008.0,697.0,733.0,1578.0,817.0,815.0,813.0,811.0,817.0,824.0,2376.0,2041.0,1806.0,697.0,733.0,1578.0,817.0,815.0,813.0
1.0,6772.0,2461.0,2447.0,3557.0,1920.0,627.0,338.0,955.0,818.0,815.0,814.0,818.0,824.0,819.0,2571.0,2527.0,1674.0,627.0,338.0,955.0,818.0,815.0,814.0
1.0,7868.0,2468.0,2448.0,3008.0,1384.0,748.0,436.0,200.0,818.0,816.0,814.0,818.0,827.0,823.0,2645.0,2922.0,2301.0,748.0,436.0,200.0,818.0,816.0,814.0
1.0,8408.0,2484.0,2447.0,1920.0,1944.0,949.0,921.0,74.0,818.0,815.0,814.0,828.0,827.0,829.0,2524.0,2828.0,3056.0,949.0,921.0,74.0,818.0,815.0,814.0
1.0,7844.0,2496.0,2448.0,1384.0,3060.0,1028.0,1329.0,703.0,818.0,816.0,814.0,827.0,840.0,829.0,2323.0,2339.0,3182.0,1028.0,1329.0,703.0,818.0,816.0,814.0
1.0,6732.0,2486.0,2448.0,1944.0,3602.0,902.0,1247.0,1453.0,818.0,816.0,814.0,823.0,839.0,824.0,2244.0,1935.0,2553.0,902.0,1247.0,1453.0,818.0,816.0,814.0
1.0,6190.0,2434.0,2448.0,3060.0,2976.0,682.0,724.0,1570.0,818.0,816.0,814.0,808.0,806.0,820.0,2370.0,2017.0,1803.0,682.0,724.0,1570.0,818.0,816.0,814.0
1.0,6816.0,2473.0,2449.0,3602.0,1851.0,596.0,306.0,949.0,818.0,816.0,815.0,816.0,829.0,828.0,2590.0,2540.0,1686.0,596.0,306.0,949.0,818.0,816.0,815.0
1.0,7945.0,2479.0,2450.0,2976.0,1358.0,735.0,409.0,214.0,819.0,816.0,815.0,817.0,827.0,835.0,2676.0,2958.0,2311.0,735.0,409.0,214.0,819.0,816.0,815.0
1.0,8442.0,2497.0,2450.0,1851.0,2004.0,968.0,933.0,103.0,819.0,816.0,815.0,829.0,830.0,838.0,2541.0,2855.0,3046.0,968.0,933.0,103.0,819.0,816.0,815.0
1.0,7796.0,2440.0,2451.0,1358.0,3090.0,1041.0,1338.0,711.0,819.0,816.0,816.0,808.0,814.0,818.0,2308.0,2331.0,3157.0,1041.0,1338.0,711.0,819.0,816.0,816.0
1.0,6714.0,2513.0,2452.0,2004.0,3603.0,901.0,1254.0,1448.0,819.0,817.0,816.0,828.0,845.0,840.0,2235.0,1926.0,2553.0,901.0,1254.0,1448.0,819.0,817.0,816.0
1.0,6205.0,2512.0,2453.0,3090.0,3029.0,694.0,759.0,1576.0,820.0,817.0,816.0,830.0,843.0,839.0,2375.0,2014.0,1816.0,694.0,759.0,1576.0,820.0,817.0,816.0
1.0,6783.0,2519.0,2456.0,3603.0,1957.0,619.0,360.0,978.0,820.0,818.0,818.0,826.0,851.0,842.0,2586.0,2509.0,1688.0,619.0,360.0,978.0,820.0,818.0,818.0
1.0,7867.0,2463.0,2456.0,3029.0,1391.0,739.0,428.0,224.0,820.0,818.0,818.0,814.0,827.0,822.0,2661.0,2912.0,2294.0,739.0,428.0,224.0,820.0,818.0,818.0
1.0,8433.0,2466.0,2457.0,1957.0,1904.0,933.0,904.0,67.0,820.0,819.0,818.0,813.0,832.0,821.0,2541.0,2844.0,3048.0,933.0,904.0,67.0,820.0,819.0,818.0
1.0,7924.0,2490.0,2459.0,1391.0,3011.0,1018.0,1310.0,683.0,821.0,819.0,819.0,820.0,834.0,836.0,2347.0,2372.0,3205.0,1018.0,1310.0,683.0,821.0,819.0,819.0
1.0,6825.0,2424.0,2460.0,1904.0,3535.0,886.0,1229.0,1420.0,821.0,820.0,819.0,801.0,819.0,804.0,2266.0,1966.0,2593.0,886.0,1229.0,1420.0,821.0,820.0,819.0
1.0,6305.0,2442.0,2459.0,3011.0,2962.0,671.0,739.0,1552.0,820.0,820.0,819.0,807.0,820.0,815.0,2398.0,2051.0,1856.0,671.0,739.0,1552.0,820.0,820.0,819.0
1.0,6874.0,2496.0,2460.0,3535.0,1927.0,618.0,343.0,966.0,821.0,820.0,819.0,829.0,833.0,834.0,2609.0,2541.0,1724.0,618.0,343.0,966.0,821.0,820.0,819.0
1.0,7913.0,2417.0,2460.0,2962.0,1382.0,760.0,413.0,209.0,821.0,820.0,819.0,813.0,809.0,795.0,2666.0,2937.0,2310.0,760.0,413.0,209.0,821.0,820.0,819.0
1.0,8458.0,2448.0,2460.0,1927.0,1903.0,962.0,888.0,53.0,821.0,820.0,819.0,820.0,818.0,810.0,2524.0,2867.0,3067.0,962.0,888.0,53.0,821.0,820.0,819.0
1.0,7937.0,2472.0,2462.0,1382.0,3001.0,1020.0,1300.0,681.0,821.0,821.0,820.0,818.0,821.0,833.0,2322.0,2392.0,3223.0,1020.0,1300.0,681.0,821.0,821.0,820.0
1.0,6847.0,2506.0,2463.0,1903.0,3608.0,894.0,1254.0,1460.0,822.0,821.0,820.0,832.0,842.0,832.0,2264.0,1984.0,2599.0,894.0,1254.0,1460.0,822.0,821.0,820.0
1.0,6244.0,2498.0,2464.0,3001.0,3109.0,709.0,784.0,1616.0,822.0,821.0,821.0,835.0,830.0,833.0,2394.0,2030.0,1820.0,709.0,784.0,1616.0,822.0,821.0,821.0
1.0,6747.0,2498.0,2465.0,3608.0,2003.0,654.0,362.0,987.0,822.0,822.0,821.0,839.0,828.0,831.0,2579.0,2500.0,1668.0,654.0,362.0,987.0,822.0,822.0,821.0
1.0,7857.0,2515.0,2467.0,3109.0,1417.0,787.0,417.0,213.0,823.0,822.0,822.0,838.0,839.0,838.0,2634.0,2926.0,2297.0,787.0,417.0,213.0,823.0,822.0,822.0
1.0,8451.0,2497.0,2467.0,2003.0,1911.0,969.0,882.0,60.0,823.0,822.0,822.0,836.0,827.0,834.0,2505.0,2871.0,3075.0,969.0,882.0,60.0,823.0,822.0,822.0
1.0,7957.0,2460.0,2468.0,1417.0,2958.0,1001.0,1285.0,672.0,823.0,822.0,823.0,819.0,820.0,821.0,2323.0,2406.0,3228.0,1001.0,1285.0,672.0,823.0,822.0,823.0
1.0,6914.0,2477.0,2469.0,1911.0,3528.0,864.0,1227.0,1437.0,823.0,823.0,823.0,832.0,820.0,825.0,2291.0,2003.0,2620.0,864.0,1227.0,1437.0,823.0,823.0,823.0
1.0,6348.0,2497.0,2469.0,2958.0,3067.0,692.0,782.0,1593.0,823.0,823.0,823.0,829.0,840.0,828.0,2428.0,2065.0,1855.0,692.0,782.0,1593.0,823.0,823.0,823.0
1.0,6809.0,2464.0,2472.0,3528.0,2015.0,666.0,373.0,976.0,824.0,824.0,824.0,834.0,814.0,816.0,2600.0,2510.0,1699.0,666.0,373.0,976.0,824.0,824.0,824.0
1.0,7873.0,2473.0,2472.0,3067.0,1421.0,805.0,413.0,203.0,824.0,824.0,824.0,831.0,822.0,820.0,2630.0,2923.0,2320.0,805.0,413.0,203.0,824.0,824.0,824.0
1.0,8467.0,2525.0,2473.0,2015.0,1935.0,979.0,875.0,81.0,824.0,824.0,825.0,840.0,835.0,850.0,2491.0,2883.0,3093.0,979.0,875.0,81.0,824.0,824.0,825.0
1.0,7957.0,2503.0,2474.0,1421.0,3021.0,1014.0,1297.0,710.0,824.0,825.0,825.0,840.0,831.0,832.0,2317.0,2421.0,3219.0,1014.0,1297.0,710.0,824.0,825.0,825.0
1.0,6875.0,2522.0,2475.0,1935.0,3612.0,884.0,1261.0,1467.0,825.0,825.0,825.0,845.0,839.0,838.0,2282.0,2003.0,2590.0,884.0,1261.0,1467.0,825.0,825.0,825.0
1.0,6288.0,2492.0,2476.0,3021.0,3087.0,708.0,793.0,1586.0,825.0,825.0,826.0,838.0,829.0,825.0,2416.0,2039.0,1833.0,708.0,793.0,1586.0,825.0,825.0,826.0
1.0,6817.0,2513.0,2477.0,3612.0,1992.0,670.0,377.0,945.0,825.0,826.0,826.0,846.0,841.0,826.0,2592.0,2507.0,1718.0,670.0,377.0,945.0,825.0,826.0,826.0
1.0,7916.0,2450.0,2477.0,3087.0,1355.0,782.0,402.0,171.0,825.0,826.0,826.0,820.0,818.0,812.0,2630.0,2927.0,2359.0,782.0,402.0,171.0,825.0,826.0,826.0
1.0,8553.0,2505.0,2477.0,1992.0,1868.0,954.0,861.0,53.0,825.0,826.0,826.0,842.0,836.0,827.0,2518.0,2902.0,3133.0,954.0,861.0,53.0,825.0,826.0,826.0
1.0,8040.0,2517.0,2479.0,1355.0,3038.0,1030.0,1299.0,709.0,826.0,827.0,826.0,854.0,836.0,827.0,2346.0,2443.0,3251.0,1030.0,1299.0,709.0,826.0,827.0,826.0
1.0,6878.0,2487.0,2479.0,1868.0,3657.0,910.0,1264.0,1483.0,826.0,827.0,826.0,834.0,826.0,827.0,2274.0,2009.0,2595.0,910.0,1264.0,1483.0,826.0,827.0,826.0
1.0,6259.0,2545.0,2479.0,3038.0,3164.0,734.0,806.0,1624.0,826.0,827.0,826.0,854.0,841.0,850.0,2394.0,2044.0,1821.0,734.0,806.0,1624.0,826.0,827.0,826.0
1.0,6752.0,2529.0,2481.0,3657.0,2044.0,676.0,375.0,993.0,827.0,827.0,827.0,848.0,833.0,848.0,2570.0,2502.0,1680.0,676.0,375.0,993.0,827.0,827.0,827.0
1.0,7880.0,2519.0,2482.0,3164.0,1403.0,787.0,410.0,206.0,827.0,828.0,827.0,845.0,837.0,837.0,2632.0,2933.0,2315.0,787.0,410.0,206.0,827.0,828.0,827.0
1.0,8525.0,2510.0,2484.0,2044.0,1877.0,952.0,863.0,62.0,828.0,828.0,828.0,837.0,828.0,845.0,2521.0,2902.0,3102.0,952.0,863.0,62.0,828.0,828.0,828.0
1.0,8059.0,2509.0,2484.0,1403.0,2983.0,1008.0,1281.0,694.0,828.0,828.0,828.0,843.0,828.0,838.0,2360.0,2449.0,3250.0,1008.0,1281.0,694.0,828.0,828.0,828.0
1.0,6953.0,2517.0,2485.0,1877.0,3627.0,911.0,1252.0,1464.0,829.0,828.0,828.0,851.0,834.0,832.0,2304.0,2031.0,2618.0,911.0,1252.0,1464.0,829.0,828.0,828.0
1.0,6313.0,2467.0,2485.0,2983.0,3111.0,732.0,790.0,1589.0,829.0,828.0,828.0,829.0,819.0,819.0,2405.0,2060.0,1848.0,732.0,790.0,1589.0,829.0,828.0,828.0
1.0,6829.0,2489.0,2486.0,3627.0,1977.0,663.0,366.0,948.0,829.0,829.0,828.0,842.0,824.0,823.0,2584.0,2522.0,1723.0,663.0,366.0,948.0,829.0,829.0,828.0
1.0,7967.0,2492.0,2486.0,3111.0,1358.0,775.0,404.0,179.0,829.0,829.0,828.0,844.0,828.0,820.0,2653.0,2950.0,2364.0,775.0,404.0,179.0,829.0,829.0,828.0
1.0,8586.0,2547.0,2487.0,1977.0,1932.0,967.0,893.0,72.0,830.0,829.0,828.0,851.0,855.0,841.0,2541.0,2912.0,3133.0,967.0,893.0,72.0,830.0,829.0,828.0
1.0,8016.0,2511.0,2488.0,1358.0,3089.0,1032.0,1333.0,724.0,830.0,830.0,828.0,840.0,840.0,831.0,2353.0,2423.0,3240.0,1032.0,1333.0,724.0,830.0,830.0,828.0
1.0,6863.0,2491.0,2490.0,1932.0,3656.0,910.0,1256.0,1490.0,831.0,830.0,829.0,841.0,816.0,834.0,2288.0,1987.0,2588.0,910.0,1256.0,1490.0,831.0,830.0,829.0
1.0,6304.0,2523.0,2490.0,3089.0,3090.0,723.0,762.0,1605.0,831.0,830.0,829.0,845.0,839.0,839.0,2414.0,2064.0,1826.0,723.0,762.0,1605.0,831.0,830.0,829.0
1.0,6870.0,2522.0,2491.0,3656.0,1960.0,663.0,346.0,951.0,832.0,830.0,829.0,846.0,840.0,836.0,2601.0,2558.0,1711.0,663.0,346.0,951.0,832.0,830.0,829.0
1.0,8004.0,2538.0,2491.0,3090.0,1408.0,788.0,431.0,189.0,832.0,830.0,829.0,848.0,847.0,843.0,2665.0,2974.0,2365.0,788.0,431.0,189.0,832.0,830.0,829.0
1.0,8556.0,2434.0,2491.0,1960.0,1882.0,936.0,890.0,56.0,832.0,830.0,829.0,811.0,805.0,818.0,2540.0,2889.0,3127.0,936.0,890.0,56.0,832.0,830.0,829.0
1.0,8082.0,2429.0,2491.0,1408.0,2903.0,965.0,1265.0,673.0,832.0,830.0,829.0,817.0,806.0,806.0,2392.0,2430.0,3260.0,965.0,1265.0,673.0,832.0,830.0,829.0
1.0,7061.0,2479.0,2491.0,1882.0,3500.0,865.0,1197.0,1438.0,832.0,830.0,829.0,836.0,822.0,821.0,2363.0,2055.0,2643.0,865.0,1197.0,1438.0,832.0,830.0,829.0
1.0,6464.0,2433.0,2489.0,2903.0,3022.0,718.0,735.0,1569.0,832.0,829.0,828.0,818.0,807.0,808.0,2463.0,2123.0,1878.0,718.0,735.0,1569.0,832.0,829.0,828.0
1.0,6934.0,2518.0,2491.0,3500.0,2048.0,692.0,389.0,967.0,833.0,830.0,828.0,835.0,847.0,836.0,2610.0,2581.0,1743.0,692.0,389.0,967.0,833.0,830.0,828.0
1.0,7916.0,2454.0,2491.0,3022.0,1480.0,792.0,475.0,213.0,833.0,830.0,828.0,818.0,821.0,815.0,2640.0,2931.0,2345.0,792.0,475.0,213.0,833.0,830.0,828.0
1.0,8484.0,2492.0,2490.0,2048.0,1920.0,925.0,916.0,79.0,833.0,829.0,828.0,825.0,834.0,833.0,2540.0,2845.0,3099.0,925.0,916.0,79.0,833.0,829.0,828.0
1.0,8040.0,2508.0,2490.0,1480.0,2948.0,962.0,1280.0,706.0,833.0,829.0,828.0,829.0,839.0,840.0,2407.0,2400.0,3233.0,962.0,1280.0,706.0,833.0,829.0,828.0
1.0,7012.0,2499.0,2490.0,1920.0,3527.0,866.0,1203.0,1458.0,833.0,829.0,828.0,829.0,839.0,831.0,2370.0,2036.0,2606.0,866.0,1203.0,1458.0,833.0,829.0,828.0
1.0,6433.0,2480.0,2490.0,2948.0,3059.0,726.0,751.0,1582.0,833.0,829.0,828.0,822.0,828.0,830.0,2466.0,2113.0,1854.0,726.0,751.0,1582.0,833.0,829.0,828.0
1.0,6901.0,2473.0,2490.0,3527.0,2005.0,686.0,373.0,946.0,833.0,829.0,828.0,826.0,825.0,822.0,2606.0,2565.0,1730.0,686.0,373.0,946.0,833.0,829.0,828.0
1.0,7955.0,2443.0,2490.0,3059.0,1389.0,770.0,434.0,185.0,833.0,829.0,828.0,810.0,812.0,821.0,2646.0,2943.0,2366.0,770.0,434.0,185.0,833.0,829.0,828.0
1.0,8571.0,2511.0,2492.0,2005.0,1903.0,924.0,898.0,81.0,834.0,829.0,829.0,836.0,837.0,838.0,2562.0,2882.0,3127.0,924.0,898.0,81.0,834.0,829.0,829.0
1.0,8065.0,2486.0,2492.0,1389.0,3000.0,977.0,1292.0,731.0,834.0,829.0,829.0,823.0,828.0,835.0,2412.0,2418.0,3235.0,977.0,1292.0,731.0,834.0,829.0,829.0
1.0,6968.0,2468.0,2492.0,1903.0,3565.0,875.0,1209.0,1481.0,834.0,829.0,829.0,822.0,815.0,831.0,2359.0,2024.0,2585.0,875.0,1209.0,1481.0,834.0,829.0,829.0
1.0,6403.0,2517.0,2493.0,3000.0,3086.0,732.0,758.0,1596.0,834.0,829.0,830.0,834.0,841.0,842.0,2461.0,2107.0,1835.0,732.0,758.0,1596.0,834.0,829.0,830.0
1.0,6886.0,2523.0,2494.0,3565.0,2048.0,691.0,403.0,954.0,834.0,830.0,830.0,834.0,850.0,839.0,2604.0,2558.0,1724.0,691.0,403.0,954.0,834.0,830.0,830.0
1.0,7928.0,2479.0,2494.0,3086.0,1441.0,777.0,473.0,191.0,834.0,830.0,830.0,818.0,828.0,833.0,2645.0,2917.0,2366.0,777.0,473.0,191.0,834.0,830.0,830.0
1.0,8535.0,2519.0,2495.0,2048.0,1916.0,926.0,914.0,76.0,835.0,830.0,830.0,836.0,844.0,839.0,2559.0,2847.0,3129.0,926.0,914.0,76.0,835.0,830.0,830.0
1.0,8064.0,2538.0,2497.0,1441.0,3021.0,992.0,1298.0,731.0,835.0,831.0,831.0,843.0,853.0,842.0,2414.0,2406.0,3244.0,992.0,1298.0,731.0,835.0,831.0,831.0
1.0,6967.0,2483.0,2496.0,1916.0,3584.0,879.0,1218.0,1487.0,834.0,831.0,831.0,817.0,834.0,832.0,2348.0,2026.0,2593.0,879.0,1218.0,1487.0,834.0,831.0,831.0
1.0,6400.0,2520.0,2496.0,3021.0,3083.0,728.0,754.0,1601.0,834.0,831.0,831.0,841.0,834.0,845.0,2457.0,2106.0,1837.0,728.0,754.0,1601.0,834.0,831.0,831.0
1.0,6901.0,2507.0,2496.0,3584.0,2006.0,680.0,371.0,955.0,834.0,831.0,831.0,831.0,835.0,841.0,2608.0,2570.0,1723.0,680.0,371.0,955.0,834.0,831.0,831.0
1.0,7978.0,2542.0,2498.0,3083.0,1473.0,797.0,467.0,209.0,835.0,831.0,832.0,841.0,850.0,851.0,2656.0,2953.0,2369.0,797.0,467.0,209.0,835.0,831.0,832.0
1.0,8519.0,2539.0,2499.0,2006.0,2010.0,957.0,947.0,106.0,835.0,832.0,832.0,840.0,847.0,852.0,2543.0,2857.0,3119.0,957.0,947.0,106.0,835.0,832.0,832.0
1.0,7986.0,2536.0,2499.0,1473.0,3073.0,1002.0,1326.0,745.0,835.0,832.0,832.0,842.0,846.0,848.0,2383.0,2381.0,3222.0,1002.0,1326.0,745.0,835.0,832.0,832.0
1.0,6923.0,2518.0,2500.0,2010.0,3585.0,878.0,1218.0,1489.0,835.0,832.0,833.0,833.0,839.0,846.0,2338.0,2002.0,2583.0,878.0,1218.0,1489.0,835.0,832.0,833.0
1.0,6415.0,2512.0,2501.0,3073.0,3028.0,713.0,742.0,1573.0,835.0,833.0,833.0,837.0,846.0,829.0,2462.0,2110.0,1843.0,713.0,742.0,1573.0,835.0,833.0,833.0
1.0,6976.0,2585.0,2502.0,3585.0,2032.0,690.0,397.0,945.0,835.0,834.0,833.0,855.0,869.0,861.0,2627.0,2590.0,1759.0,690.0,397.0,945.0,835.0,834.0,833.0
1.0,7976.0,2516.0,2503.0,3028.0,1524.0,815.0,489.0,220.0,835.0,834.0,834.0,838.0,834.0,844.0,2650.0,2939.0,2387.0,815.0,489.0,220.0,835.0,834.0,834.0
1.0,8488.0,2546.0,2503.0,2032.0,2038.0,971.0,948.0,119.0,835.0,834.0,834.0,846.0,856.0,844.0,2525.0,2847.0,3116.0,971.0,948.0,119.0,835.0,834.0,834.0
1.0,7974.0,2532.0,2504.0,1524.0,3050.0,1010.0,1305.0,735.0,836.0,834.0,834.0,850.0,846.0,836.0,2369.0,2388.0,3217.0,1010.0,1305.0,735.0,836.0,834.0,834.0
1.0,6966.0,2543.0,2504.0,2038.0,3555.0,889.0,1206.0,1460.0,836.0,834.0,834.0,850.0,849.0,844.0,2334.0,2031.0,2601.0,889.0,1206.0,1460.0,836.0,834.0,834.0
1.0,6461.0,2561.0,2506.0,3050.0,3074.0,730.0,750.0,1594.0,836.0,835.0,835.0,851.0,845.0,865.0,2455.0,2130.0,1876.0,730.0,750.0,1594.0,836.0,835.0,835.0
1.0,6950.0,2542.0,2507.0,3555.0,2065.0,690.0,399.0,976.0,836.0,835.0,836.0,849.0,855.0,838.0,2614.0,2590.0,1746.0,690.0,399.0,976.0,836.0,835.0,836.0
1.0,7963.0,2571.0,2508.0,3074.0,1566.0,813.0,512.0,241.0,836.0,836.0,836.0,853.0,859.0,859.0,2654.0,2941.0,2368.0,813.0,512.0,241.0,836.0,836.0,836.0
1.0,8466.0,2556.0,2510.0,2065.0,2065.0,987.0,958.0,120.0,837.0,836.0,837.0,860.0,845.0,851.0,2531.0,2832.0,3103.0,987.0,958.0,120.0,837.0,836.0,837.0
1.0,7975.0,2544.0,2509.0,1566.0,3039.0,1016.0,1304.0,719.0,837.0,836.0,836.0,842.0,858.0,844.0,2361.0,2386.0,3228.0,1016.0,1304.0,719.0,837.0,836.0,836.0
1.0,6997.0,2518.0,2510.0,2065.0,3496.0,872.0,1188.0,1436.0,837.0,837.0,836.0,843.0,838.0,837.0,2332.0,2040.0,2625.0,872.0,1188.0,1436.0,837.0,837.0,836.0
1.0,6544.0,2522.0,2509.0,3039.0,2975.0,686.0,732.0,1557.0,836.0,837.0,836.0,834.0,848.0,840.0,2476.0,2160.0,1908.0,686.0,732.0,1557.0,836.0,837.0,836.0
1.0,7061.0,2529.0,2509.0,3496.0,2008.0,648.0,392.0,968.0,836.0,837.0,836.0,834.0,848.0,847.0,2658.0,2616.0,1787.0,648.0,392.0,968.0,836.0,837.0,836.0
1.0,8028.0,2561.0,2512.0,2975.0,1606.0,820.0,515.0,271.0,837.0,838.0,837.0,854.0,851.0,856.0,2696.0,2956.0,2376.0,820.0,515.0,271.0,837.0,838.0,837.0
1.0,8442.0,2534.0,2511.0,2008.0,2128.0,1012.0,959.0,157.0,836.0,838.0,837.0,844.0,836.0,854.0,2528.0,2837.0,3077.0,1012.0,959.0,157.0,836.0,838.0,837.0
1.0,7916.0,2514.0,2512.0,1606.0,3040.0,1034.0,1285.0,721.0,837.0,838.0,837.0,838.0,841.0,835.0,2332.0,2393.0,3191.0,1034.0,1285.0,721.0,837.0,838.0,837.0
1.0,7008.0,2521.0,2513.0,2128.0,3437.0,865.0,1159.0,1413.0,837.0,838.0,838.0,843.0,833.0,845.0,2314.0,2067.0,2627.0,865.0,1159.0,1413.0,837.0,838.0,838.0
1.0,6615.0,2548.0,2514.0,3040.0,2949.0,684.0,714.0,1551.0,837.0,838.0,839.0,853.0,840.0,855.0,2483.0,2193.0,1939.0,684.0,714.0,1551.0,837.0,838.0,839.0
1.0,7107.0,2506.0,2514.0,3437.0,2018.0,661.0,376.0,981.0,837.0,838.0,839.0,842.0,821.0,843.0,2664.0,2638.0,1805.0,661.0,376.0,981.0,837.0,838.0,839.0
1.0,8038.0,2545.0,2514.0,2949.0,1614.0,826.0,506.0,282.0,837.0,838.0,839.0,849.0,844.0,852.0,2687.0,2976.0,2375.0,826.0,506.0,282.0,837.0,838.0,839.0
1.0,8442.0,2482.0,2514.0,2018.0,2078.0,996.0,950.0,132.0,837.0,838.0,839.0,831.0,820.0,831.0,2522.0,2846.0,3074.0,996.0,950.0,132.0,837.0,838.0,839.0
1.0,7978.0,2494.0,2513.0,1614.0,2954.0,999.0,1277.0,678.0,836.0,838.0,839.0,833.0,833.0,828.0,2352.0,2402.0,3224.0,999.0,1277.0,678.0,836.0,838.0,839.0
1.0,7098.0,2556.0,2513.0,2078.0,3432.0,854.0,1180.0,1398.0,836.0,838.0,839.0,851.0,853.0,852.0,2345.0,2075.0,2678.0,854.0,1180.0,1398.0,836.0,838.0,839.0
1.0,6620.0,2531.0,2513.0,2954.0,3009.0,701.0,735.0,1573.0,836.0,838.0,839.0,846.0,832.0,853.0,2490.0,2172.0,1958.0,701.0,735.0,1573.0,836.0,838.0,839.0
1.0,7043.0,2497.0,2515.0,3432.0,2082.0,679.0,401.0,1002.0,837.0,839.0,839.0,828.0,842.0,827.0,2643.0,2617.0,1783.0,679.0,401.0,1002.0,837.0,839.0,839.0
1.0,7978.0,2532.0,2516.0,3009.0,1609.0,826.0,511.0,272.0,837.0,839.0,840.0,848.0,845.0,839.0,2669.0,2955.0,2354.0,826.0,511.0,272.0,837.0,839.0,840.0
1.0,8455.0,2519.0,2517.0,2082.0,2050.0,990.0,948.0,112.0,837.0,840.0,840.0,843.0,834.0,842.0,2522.0,2845.0,3088.0,990.0,948.0,112.0,837.0,840.0,840.0
1.0,8018.0,2490.0,2519.0,1609.0,2939.0,999.0,1267.0,673.0,838.0,840.0,841.0,831.0,830.0,829.0,2358.0,2412.0,3248.0,999.0,1267.0,673.0,838.0,840.0,841.0
1.0,7137.0,2540.0,2519.0,2050.0,3429.0,853.0,1168.0,1408.0,838.0,840.0,841.0,844.0,849.0,847.0,2353.0,2093.0,2691.0,853.0,1168.0,1408.0,838.0,840.0,841.0
1.0,6647.0,2537.0,2520.0,2939.0,3031.0,701.0,740.0,1590.0,838.0,840.0,842.0,847.0,839.0,851.0,2499.0,2192.0,1956.0,701.0,740.0,1590.0,838.0,840.0,842.0
1.0,7049.0,2509.0,2521.0,3429.0,2115.0,681.0,408.0,1026.0,839.0,840.0,842.0,829.0,836.0,844.0,2651.0,2620.0,1778.0,681.0,408.0,1026.0,839.0,840.0,842.0
1.0,7969.0,2536.0,2521.0,3031.0,1620.0,819.0,514.0,287.0,839.0,840.0,842.0,839.0,846.0,851.0,2675.0,2952.0,2342.0,819.0,514.0,287.0,839.0,840.0,842.0
1.0,8464.0,2476.0,2521.0,2115.0,1981.0,959.0,927.0,95.0,839.0,840.0,842.0,821.0,821.0,834.0,2537.0,2846.0,3081.0,959.0,927.0,95.0,839.0,840.0,842.0
1.0,8103.0,2540.0,2522.0,1620.0,2905.0,989.0,1256.0,660.0,839.0,840.0,843.0,849.0,843.0,848.0,2397.0,2433.0,3273.0,989.0,1256.0,660.0,839.0,840.0,843.0
1.0,7183.0,2499.0,2523.0,1981.0,3427.0,865.0,1168.0,1394.0,839.0,841.0,843.0,835.0,835.0,829.0,2367.0,2104.0,2712.0,865.0,1168.0,1394.0,839.0,841.0,843.0
1.0,6665.0,2513.0,2524.0,2905.0,3039.0,713.0,755.0,1571.0,840.0,841.0,843.0,833.0,843.0,837.0,2491.0,2196.0,1978.0,713.0,755.0,1571.0,840.0,841.0,843.0
1.0,7057.0,2548.0,2525.0,3427.0,2164.0,694.0,444.0,1026.0,840.0,842.0,843.0,846.0,853.0,849.0,2647.0,2609.0,1801.0,694.0,444.0,1026.0,840.0,842.0,843.0
1.0,7936.0,2456.0,2524.0,3039.0,1577.0,799.0,504.0,274.0,840.0,841.0,843.0,818.0,819.0,819.0,2666.0,2924.0,2346.0,799.0,504.0,274.0,840.0,841.0,843.0
1.0,8519.0,2519.0,2525.0,2164.0,1936.0,946.0,895.0,95.0,840.0,842.0,843.0,841.0,831.0,847.0,2561.0,2860.0,3098.0,946.0,895.0,95.0,840.0,842.0,843.0
1.0,8164.0,2541.0,2525.0,1577.0,2900.0,990.0,1240.0,670.0,840.0,842.0,843.0,843.0,849.0,849.0,2414.0,2473.0,3277.0,990.0,1240.0,670.0,840.0,842.0,843.0
1.0,7200.0,2489.0,2524.0,1936.0,3449.0,878.0,1170.0,1401.0,840.0,841.0,843.0,834.0,829.0,826.0,2370.0,2128.0,2702.0,878.0,1170.0,1401.0,840.0,841.0,843.0
1.0,6647.0,2449.0,2524.0,2900.0,2998.0,708.0,740.0,1550.0,840.0,841.0,843.0,820.0,810.0,819.0,2482.0,2194.0,1971.0,708.0,740.0,1550.0,840.0,841.0,843.0
1.0,7098.0,2527.0,2524.0,3449.0,2076.0,672.0,414.0,990.0,840.0,841.0,843.0,842.0,844.0,841.0,2652.0,2624.0,1822.0,672.0,414.0,990.0,840.0,841.0,843.0
1.0,8020.0,2553.0,2525.0,2998.0,1635.0,824.0,524.0,287.0,841.0,841.0,843.0,856.0,850.0,847.0,2688.0,2950.0,2382.0,824.0,524.0,287.0,841.0,841.0,843.0
1.0,8465.0,2537.0,2525.0,2076.0,2096.0,1007.0,950.0,139.0,841.0,841.0,843.0,855.0,840.0,842.0,2540.0,2840.0,3085.0,1007.0,950.0,139.0,841.0,841.0,843.0
1.0,8004.0,2456.0,2525.0,1635.0,2917.0,1005.0,1244.0,668.0,841.0,841.0,843.0,822.0,818.0,816.0,2357.0,2414.0,3233.0,1005.0,1244.0,668.0,841.0,841.0,843.0
1.0,7183.0,2492.0,2524.0,2096.0,3309.0,832.0,1132.0,1345.0,841.0,841.0,842.0,834.0,838.0,820.0,2359.0,2120.0,2704.0,832.0,1132.0,1345.0,841.0,841.0,842.0
1.0,6787.0,2469.0,2523.0,2917.0,2857.0,651.0,707.0,1499.0,841.0,840.0,842.0,824.0,823.0,822.0,2532.0,2232.0,2023.0,651.0,707.0,1499.0,841.0,840.0,842.0
1.0,7235.0,2544.0,2523.0,3309.0,2092.0,673.0,417.0,1002.0,841.0,840.0,842.0,854.0,842.0,848.0,2713.0,2653.0,1869.0,673.0,417.0,1002.0,841.0,840.0,842.0
1.0,8000.0,2525.0,2523.0,2857.0,1760.0,862.0,549.0,349.0,841.0,840.0,842.0,840.0,839.0,846.0,2691.0,2943.0,2366.0,862.0,549.0,349.0,841.0,840.0,842.0
1.0,8332.0,2496.0,2522.0,2092.0,2160.0,1021.0,975.0,164.0,841.0,840.0,841.0,832.0,843.0,821.0,2502.0,2811.0,3019.0,1021.0,975.0,164.0,841.0,840.0,841.0
1.0,7928.0,2557.0,2523.0,1760.0,2961.0,1002.0,1285.0,674.0,841.0,840.0,842.0,843.0,859.0,855.0,2343.0,2385.0,3200.0,1002.0,1285.0,674.0,841.0,840.0,842.0
1.0,7131.0,2563.0,2522.0,2160.0,3360.0,845.0,1165.0,1350.0,841.0,840.0,841.0,864.0,855.0,844.0,2362.0,2075.0,2694.0,845.0,1165.0,1350.0,841.0,840.0,841.0
1.0,6728.0,2547.0,2524.0,2961.0,2954.0,699.0,739.0,1516.0,842.0,841.0,841.0,852.0,855.0,840.0,2519.0,2195.0,2014.0,699.0,739.0,1516.0,842.0,841.0,841.0
1.0,7142.0,2560.0,2524.0,3360.0,2154.0,700.0,435.0,1019.0,842.0,841.0,841.0,846.0,861.0,853.0,2669.0,2625.0,1848.0,700.0,435.0,1019.0,842.0,841.0,841.0
1.0,7942.0,2564.0,2525.0,2954.0,1768.0,863.0,546.0,359.0,842.0,841.0,842.0,862.0,850.0,852.0,2668.0,2929.0,2345.0,863.0,546.0,359.0,842.0,841.0,842.0
1.0,8332.0,2524.0,2524.0,2154.0,2134.0,1004.0,957.0,173.0,842.0,841.0,841.0,841.0,846.0,837.0,2505.0,2818.0,3009.0,1004.0,957.0,173.0,842.0,841.0,841.0
1.0,7962.0,2560.0,2524.0,1768.0,2926.0,992.0,1275.0,659.0,842.0,841.0,841.0,851.0,864.0,845.0,2364.0,2407.0,3191.0,992.0,1275.0,659.0,842.0,841.0,841.0
1.0,7170.0,2572.0,2524.0,2134.0,3364.0,851.0,1172.0,1341.0,842.0,841.0,841.0,863.0,854.0,855.0,2376.0,2089.0,2705.0,851.0,1172.0,1341.0,842.0,841.0,841.0
1.0,6732.0,2605.0,2524.0,2926.0,3043.0,733.0,768.0,1542.0,842.0,841.0,841.0,874.0,871.0,860.0,2517.0,2192.0,2023.0,733.0,768.0,1542.0,842.0,841.0,841.0
1.0,7053.0,2534.0,2524.0,3364.0,2213.0,728.0,447.0,1038.0,842.0,841.0,841.0,846.0,851.0,837.0,2635.0,2596.0,1822.0,728.0,447.0,1038.0,842.0,841.0,841.0
1.0,7883.0,2557.0,2524.0,3043.0,1727.0,851.0,532.0,344.0,842.0,841.0,841.0,856.0,853.0,848.0,2640.0,2917.0,2326.0,851.0,532.0,344.0,842.0,841.0,841.0
1.0,8369.0,2542.0,2525.0,2213.0,2060.0,986.0,930.0,144.0,843.0,841.0,841.0,859.0,845.0,838.0,2517.0,2832.0,3020.0,986.0,930.0,144.0,843.0,841.0,841.0
1.0,8040.0,2539.0,2525.0,1727.0,2872.0,986.0,1241.0,645.0,843.0,841.0,841.0,851.0,843.0,845.0,2386.0,2434.0,3220.0,986.0,1241.0,645.0,843.0,841.0,841.0
1.0,7228.0,2539.0,2525.0,2060.0,3351.0,850.0,1165.0,1336.0,843.0,841.0,841.0,850.0,854.0,835.0,2386.0,2123.0,2719.0,850.0,1165.0,1336.0,843.0,841.0,841.0
1.0,6749.0,2530.0,2525.0,2872.0,3009.0,718.0,755.0,1536.0,843.0,841.0,841.0,854.0,831.0,845.0,2522.0,2199.0,2028.0,718.0,755.0,1536.0,843.0,841.0,841.0
1.0,7091.0,2592.0,2527.0,3351.0,2258.0,739.0,462.0,1057.0,844.0,842.0,841.0,867.0,868.0,857.0,2654.0,2609.0,1828.0,739.0,462.0,1057.0,844.0,842.0,841.0
1.0,7850.0,2590.0,2527.0,3009.0,1839.0,889.0,572.0,378.0,844.0,842.0,841.0,868.0,865.0,857.0,2637.0,2906.0,2307.0,889.0,572.0,378.0,844.0,842.0,841.0
1.0,8269.0,2562.0,2529.0,2258.0,2151.0,1013.0,961.0,177.0,845.0,842.0,842.0,859.0,851.0,852.0,2487.0,2796.0,2986.0,1013.0,961.0,177.0,845.0,842.0,842.0
1.0,7965.0,2597.0,2530.0,1839.0,2913.0,987.0,1265.0,661.0,845.0,843.0,842.0,863.0,872.0,862.0,2367.0,2407.0,3191.0,987.0,1265.0,661.0,845.0,843.0,842.0
1.0,7207.0,2559.0,2531.0,2151.0,3325.0,831.0,1160.0,1334.0,845.0,844.0,842.0,857.0,852.0,850.0,2393.0,2107.0,2707.0,831.0,1160.0,1334.0,845.0,844.0,842.0
1.0,6799.0,2581.0,2531.0,2913.0,2993.0,711.0,755.0,1527.0,845.0,844.0,842.0,867.0,860.0,854.0,2549.0,2216.0,2034.0,711.0,755.0,1527.0,845.0,844.0,842.0
1.0,7131.0,2599.0,2534.0,3325.0,2279.0,751.0,456.0,1072.0,846.0,845.0,843.0,867.0,857.0,875.0,2669.0,2621.0,1841.0,751.0,456.0,1072.0,846.0,845.0,843.0
1.0,7857.0,2549.0,2534.0,2993.0,1835.0,890.0,551.0,394.0,846.0,845.0,843.0,850.0,850.0,849.0,2633.0,2924.0,2300.0,890.0,551.0,394.0,846.0,845.0,843.0
1.0,8301.0,2611.0,2536.0,2279.0,2175.0,1015.0,954.0,206.0,847.0,845.0,844.0,872.0,859.0,880.0,2494.0,2829.0,2978.0,1015.0,954.0,206.0,847.0,845.0,844.0
1.0,7969.0,2533.0,2536.0,1835.0,2873.0,966.0,1246.0,661.0,847.0,845.0,844.0,841.0,843.0,849.0,2373.0,2426.0,3170.0,966.0,1246.0,661.0,847.0,845.0,844.0
1.0,7271.0,2560.0,2537.0,2175.0,3262.0,806.0,1146.0,1310.0,847.0,846.0,844.0,855.0,850.0,855.0,2422.0,2134.0,2715.0,806.0,1146.0,1310.0,847.0,846.0,844.0
1.0,6886.0,2580.0,2538.0,2873.0,2973.0,707.0,768.0,1498.0,848.0,846.0,844.0,863.0,868.0,849.0,2582.0,2238.0,2066.0,707.0,768.0,1498.0,848.0,846.0,844.0
1.0,7179.0,2609.0,2540.0,3262.0,2328.0,772.0,497.0,1059.0,848.0,847.0,845.0,871.0,871.0,867.0,2685.0,2616.0,1878.0,772.0,497.0,1059.0,848.0,847.0,845.0
1.0,7832.0,2544.0,2540.0,2973.0,1899.0,905.0,572.0,422.0,848.0,847.0,845.0,840.0,843.0,861.0,2620.0,2891.0,2321.0,905.0,572.0,422.0,848.0,847.0,845.0
1.0,8261.0,2597.0,2542.0,2328.0,2176.0,1002.0,946.0,228.0,849.0,847.0,846.0,865.0,871.0,861.0,2487.0,2816.0,2958.0,1002.0,946.0,228.0,849.0,847.0,846.0
1.0,7992.0,2582.0,2543.0,1899.0,2863.0,958.0,1232.0,673.0,849.0,848.0,846.0,861.0,854.0,867.0,2394.0,2442.0,3156.0,958.0,1232.0,673.0,849.0,848.0,846.0
1.0,7309.0,2552.0,2543.0,2176.0,3239.0,804.0,1136.0,1299.0,849.0,848.0,846.0,848.0,850.0,854.0,2438.0,2160.0,2711.0,804.0,1136.0,1299.0,849.0,848.0,846.0
1.0,6933.0,2586.0,2544.0,2863.0,2966.0,710.0,764.0,1492.0,850.0,848.0,846.0,860.0,860.0,866.0,2592.0,2256.0,2085.0,710.0,764.0,1492.0,850.0,848.0,846.0
1.0,7210.0,2526.0,2545.0,3239.0,2257.0,749.0,456.0,1052.0,850.0,848.0,847.0,843.0,828.0,855.0,2690.0,2628.0,1892.0,749.0,456.0,1052.0,850.0,848.0,847.0
1.0,7923.0,2511.0,2545.0,2966.0,1802.0,868.0,528.0,406.0,850.0,848.0,847.0,829.0,836.0,846.0,2651.0,2936.0,2336.0,868.0,528.0,406.0,850.0,848.0,847.0
1.0,8378.0,2588.0,2546.0,2257.0,2137.0,978.0,942.0,217.0,850.0,849.0,847.0,859.0,866.0,863.0,2532.0,2864.0,2982.0,978.0,942.0,217.0,850.0,849.0,847.0
1.0,8047.0,2567.0,2547.0,1802.0,2906.0,956.0,1271.0,679.0,850.0,849.0,848.0,846.0,857.0,864.0,2422.0,2454.0,3171.0,956.0,1271.0,679.0,850.0,849.0,848.0
1.0,7282.0,2569.0,2548.0,2137.0,3342.0,831.0,1179.0,1332.0,851.0,849.0,848.0,849.0,850.0,870.0,2444.0,2125.0,2713.0,831.0,1179.0,1332.0,851.0,849.0,848.0
1.0,6850.0,2579.0,2550.0,2906.0,3023.0,736.0,767.0,1520.0,851.0,850.0,849.0,861.0,855.0,863.0,2573.0,2217.0,2060.0,736.0,767.0,1520.0,851.0,850.0,849.0
1.0,7177.0,2485.0,2550.0,3342.0,2166.0,728.0,411.0,1027.0,851.0,850.0,849.0,823.0,823.0,839.0,2668.0,2633.0,1876.0,728.0,411.0,1027.0,851.0,850.0,849.0
1.0,8034.0,2565.0,2550.0,3023.0,1708.0,838.0,506.0,364.0,851.0,850.0,849.0,846.0,862.0,857.0,2676.0,2989.0,2369.0,838.0,506.0,364.0,851.0,850.0,849.0
1.0,8492.0,2583.0,2552.0,2166.0,2133.0,974.0,952.0,207.0,852.0,850.0,850.0,860.0,857.0,866.0,2566.0,2894.0,3032.0,974.0,952.0,207.0,852.0,850.0,850.0
1.0,8075.0,2585.0,2554.0,1708.0,3018.0,992.0,1306.0,720.0,852.0,851.0,851.0,856.0,856.0,873.0,2434.0,2448.0,3193.0,992.0,1306.0,720.0,852.0,851.0,851.0
1.0,7198.0,2556.0,2554.0,2133.0,3441.0,859.0,1211.0,1371.0,852.0,851.0,851.0,841.0,857.0,858.0,2416.0,2098.0,2684.0,859.0,1211.0,1371.0,852.0,851.0,851.0
1.0,6775.0,2517.0,2554.0,3018.0,2940.0,704.0,748.0,1488.0,852.0,851.0,851.0,837.0,843.0,837.0,2549.0,2193.0,2033.0,704.0,748.0,1488.0,852.0,851.0,851.0
1.0,7276.0,2574.0,2556.0,3441.0,2081.0,693.0,405.0,983.0,852.0,852.0,852.0,848.0,864.0,862.0,2704.0,2656.0,1916.0,693.0,405.0,983.0,852.0,852.0,852.0
1.0,8143.0,2536.0,2556.0,2940.0,1677.0,833.0,500.0,344.0,852.0,852.0,852.0,844.0,843.0,849.0,2715.0,3003.0,2425.0,833.0,500.0,344.0,852.0,852.0,852.0
1.0,8547.0,2549.0,2558.0,2081.0,2153.0,997.0,935.0,221.0,853.0,852.0,853.0,853.0,840.0,856.0,2575.0,2908.0,3064.0,997.0,935.0,221.0,853.0,852.0,853.0
1.0,8079.0,2534.0,2559.0,1677.0,3014.0,1004.0,1284.0,726.0,853.0,853.0,853.0,840.0,845.0,849.0,2415.0,2473.0,3191.0,1004.0,1284.0,726.0,853.0,853.0,853.0
1.0,7222.0,2560.0,2560.0,2153.0,3425.0,854.0,1208.0,1363.0,853.0,853.0,854.0,847.0,859.0,854.0,2408.0,2128.0,2686.0,854.0,1208.0,1363.0,853.0,853.0,854.0
1.0,6815.0,2559.0,2560.0,3014.0,2970.0,705.0,771.0,1494.0,853.0,853.0,854.0,855.0,847.0,857.0,2558.0,2204.0,2053.0,705.0,771.0,1494.0,853.0,853.0,854.0
1.0,7270.0,2624.0,2563.0,3425.0,2181.0,724.0,438.0,1019.0,854.0,854.0,855.0,869.0,871.0,884.0,2707.0,2641.0,1922.0,724.0,438.0,1019.0,854.0,854.0,855.0
1.0,8071.0,2578.0,2563.0,2970.0,1789.0,883.0,522.0,384.0,854.0,854.0,855.0,864.0,855.0,859.0,2692.0,2978.0,2401.0,883.0,522.0,384.0,854.0,854.0,855.0
1.0,8463.0,2560.0,2563.0,2181.0,2168.0,1002.0,938.0,228.0,854.0,854.0,855.0,843.0,854.0,863.0,2533.0,2894.0,3036.0,1002.0,938.0,228.0,854.0,854.0,855.0
1.0,8084.0,2640.0,2564.0,1789.0,3023.0,996.0,1290.0,737.0,854.0,854.0,856.0,877.0,874.0,889.0,2414.0,2478.0,3192.0,996.0,1290.0,737.0,854.0,854.0,856.0
1.0,7233.0,2572.0,2564.0,2168.0,3427.0,856.0,1208.0,1363.0,854.0,854.0,856.0,862.0,856.0,854.0,2420.0,2126.0,2687.0,856.0,1208.0,1363.0,854.0,854.0,856.0
1.0,6829.0,2549.0,2564.0,3023.0,2953.0,712.0,773.0,1468.0,854.0,854.0,856.0,852.0,855.0,842.0,2560.0,2208.0,2061.0,712.0,773.0,1468.0,854.0,854.0,856.0
1.0,7303.0,2583.0,2566.0,3427.0,2117.0,718.0,427.0,972.0,855.0,854.0,857.0,858.0,862.0,863.0,2704.0,2643.0,1956.0,718.0,427.0,972.0,855.0,854.0,857.0
1.0,8147.0,2575.0,2566.0,2953.0,1739.0,868.0,511.0,360.0,855.0,854.0,857.0,862.0,857.0,856.0,2702.0,2989.0,2456.0,868.0,511.0,360.0,855.0,854.0,857.0
1.0,8525.0,2574.0,2566.0,2117.0,2196.0,1015.0,936.0,245.0,855.0,854.0,857.0,865.0,852.0,857.0,2552.0,2905.0,3068.0,1015.0,936.0,245.0,855.0,854.0,857.0
1.0,8068.0,2586.0,2566.0,1739.0,3043.0,1011.0,1285.0,747.0,855.0,854.0,857.0,864.0,860.0,862.0,2405.0,2480.0,3183.0,1011.0,1285.0,747.0,855.0,854.0,857.0
1.0,7221.0,2595.0,2567.0,2196.0,3446.0,864.0,1209.0,1373.0,855.0,854.0,858.0,868.0,860.0,867.0,2409.0,2131.0,2681.0,864.0,1209.0,1373.0,855.0,854.0,858.0
1.0,6822.0,2626.0,2569.0,3043.0,3037.0,734.0,803.0,1500.0,856.0,855.0,858.0,877.0,875.0,874.0,2556.0,2207.0,2059.0,734.0,803.0,1500.0,856.0,855.0,858.0
1.0,7239.0,2562.0,2569.0,3446.0,2153.0,735.0,446.0,972.0,856.0,855.0,858.0,865.0,852.0,845.0,2690.0,2617.0,1932.0,735.0,446.0,972.0,856.0,855.0,858.0
1.0,8123.0,2589.0,2569.0,3037.0,1705.0,874.0,504.0,327.0,856.0,855.0,858.0,873.0,861.0,855.0,2689.0,2974.0,2460.0,874.0,504.0,327.0,856.0,855.0,858.0
1.0,8571.0,2614.0,2570.0,2153.0,2170.0,1004.0,934.0,232.0,856.0,855.0,859.0,865.0,876.0,873.0,2550.0,2916.0,3105.0,1004.0,934.0,232.0,856.0,855.0,859.0
1.0,8110.0,2683.0,2574.0,1705.0,3164.0,1034.0,1329.0,801.0,857.0,857.0,860.0,900.0,891.0,892.0,2420.0,2486.0,3204.0,1034.0,1329.0,801.0,857.0,857.0,860.0
1.0,7132.0,2627.0,2574.0,2170.0,3621.0,907.0,1274.0,1440.0,857.0,857.0,860.0,877.0,879.0,871.0,2394.0,2099.0,2639.0,907.0,1274.0,1440.0,857.0,857.0,860.0
1.0,6675.0,2560.0,2574.0,3164.0,3017.0,729.0,810.0,1478.0,857.0,857.0,860.0,856.0,865.0,839.0,2521.0,2154.0,2000.0,729.0,810.0,1478.0,857.0,857.0,860.0
1.0,7279.0,2596.0,2574.0,3621.0,1992.0,687.0,400.0,905.0,857.0,857.0,860.0,865.0,864.0,867.0,2699.0,2618.0,1962.0,687.0,400.0,905.0,857.0,857.0,860.0
1.0,8304.0,2617.0,2575.0,3017.0,1596.0,838.0,468.0,290.0,858.0,857.0,860.0,876.0,878.0,863.0,2741.0,3028.0,2535.0,838.0,468.0,290.0,858.0,857.0,860.0
1.0,8704.0,2614.0,2576.0,1992.0,2222.0,1028.0,949.0,245.0,858.0,858.0,860.0,877.0,877.0,860.0,2594.0,2960.0,3150.0,1028.0,949.0,245.0,858.0,858.0,860.0
1.0,8082.0,2581.0,2576.0,1596.0,3207.0,1064.0,1349.0,794.0,858.0,858.0,860.0,874.0,868.0,839.0,2404.0,2483.0,3195.0,1064.0,1349.0,794.0,858.0,858.0,860.0
1.0,7097.0,2626.0,2576.0,2222.0,3611.0,920.0,1278.0,1413.0,858.0,858.0,860.0,884.0,878.0,864.0,2368.0,2083.0,2646.0,920.0,1278.0,1413.0,858.0,858.0,860.0
1.0,6693.0,2604.0,2578.0,3207.0,3016.0,738.0,808.0,1470.0,859.0,859.0,860.0,878.0,875.0,851.0,2512.0,2154.0,2027.0,738.0,808.0,1470.0,859.0,859.0,860.0
1.0,7296.0,2629.0,2578.0,3611.0,2034.0,695.0,419.0,920.0,859.0,859.0,860.0,877.0,889.0,863.0,2698.0,2628.0,1970.0,695.0,419.0,920.0,859.0,859.0,860.0
1.0,8278.0,2617.0,2580.0,3016.0,1643.0,845.0,485.0,313.0,860.0,860.0,860.0,884.0,870.0,863.0,2741.0,3017.0,2520.0,845.0,485.0,313.0,860.0,860.0,860.0
1.0,8677.0,2598.0,2580.0,2034.0,2207.0,1016.0,936.0,255.0,860.0,860.0,860.0,866.0,870.0,862.0,2595.0,2955.0,3127.0,1016.0,936.0,255.0,860.0,860.0,860.0
1.0,8113.0,2605.0,2580.0,1643.0,3169.0,1048.0,1320.0,801.0,860.0,860.0,860.0,877.0,869.0,859.0,2424.0,2504.0,3185.0,1048.0,1320.0,801.0,860.0,860.0,860.0
1.0,7151.0,2567.0,2580.0,2207.0,3529.0,893.0,1245.0,1391.0,860.0,860.0,860.0,861.0,861.0,845.0,2392.0,2120.0,2639.0,893.0,1245.0,1391.0,860.0,860.0,860.0
1.0,6791.0,2566.0,2580.0,3169.0,2926.0,703.0,782.0,1441.0,860.0,860.0,860.0,858.0,857.0,851.0,2547.0,2195.0,2049.0,703.0,782.0,1441.0,860.0,860.0,860.0
1.0,7394.0,2519.0,2579.0,3529.0,1912.0,660.0,376.0,876.0,860.0,860.0,859.0,850.0,839.0,830.0,2737.0,2658.0,1999.0,660.0,376.0,876.0,860.0,860.0,859.0
1.0,8404.0,2601.0,2579.0,2926.0,1587.0,826.0,471.0,290.0,860.0,860.0,859.0,869.0,877.0,855.0,2780.0,3064.0,2560.0,826.0,471.0,290.0,860.0,860.0,859.0
1.0,8729.0,2600.0,2580.0,1912.0,2279.0,1035.0,966.0,278.0,861.0,860.0,859.0,865.0,871.0,864.0,2614.0,2969.0,3146.0,1035.0,966.0,278.0,861.0,860.0,859.0
1.0,8041.0,2594.0,2581.0,1587.0,3290.0,1073.0,1368.0,849.0,861.0,861.0,859.0,864.0,869.0,861.0,2409.0,2474.0,3158.0,1073.0,1368.0,849.0,861.0,861.0,859.0
1.0,7034.0,2608.0,2581.0,2279.0,3619.0,909.0,1268.0,1442.0,861.0,861.0,859.0,871.0,866.0,871.0,2371.0,2076.0,2587.0,909.0,1268.0,1442.0,861.0,861.0,859.0
1.0,6705.0,2550.0,2583.0,3290.0,2887.0,690.0,755.0,1442.0,862.0,862.0,859.0,850.0,851.0,849.0,2535.0,2176.0,1994.0,690.0,755.0,1442.0,862.0,862.0,859.0
1.0,7445.0,2531.0,2581.0,3619.0,1791.0,612.0,335.0,844.0,861.0,861.0,859.0,835.0,852.0,844.0,2758.0,2693.0,1994.0,612.0,335.0,844.0,861.0,861.0,859.0
1.0,8533.0,2567.0,2582.0,2887.0,1475.0,770.0,448.0,257.0,861.0,862.0,859.0,848.0,864.0,855.0,2832.0,3109.0,2592.0,770.0,448.0,257.0,861.0,862.0,859.0
1.0,8853.0,2610.0,2583.0,1791.0,2298.0,1046.0,973.0,279.0,862.0,862.0,859.0,884.0,860.0,866.0,2674.0,3000.0,3179.0,1046.0,973.0,279.0,862.0,862.0,859.0
1.0,8034.0,2590.0,2583.0,1475.0,3413.0,1132.0,1396.0,885.0,862.0,862.0,859.0,856.0,871.0,863.0,2402.0,2475.0,3157.0,1132.0,1396.0,885.0,862.0,862.0,859.0
1.0,6919.0,2614.0,2585.0,2298.0,3737.0,959.0,1298.0,1480.0,863.0,863.0,859.0,869.0,871.0,874.0,2316.0,2052.0,2551.0,959.0,1298.0,1480.0,863.0,863.0,859.0
1.0,6603.0,2578.0,2586.0,3413.0,2906.0,683.0,753.0,1470.0,863.0,863.0,860.0,856.0,851.0,871.0,2493.0,2154.0,1956.0,683.0,753.0,1470.0,863.0,863.0,860.0
1.0,7438.0,2614.0,2586.0,3737.0,1783.0,591.0,327.0,865.0,863.0,863.0,860.0,867.0,872.0,875.0,2769.0,2699.0,1970.0,591.0,327.0,865.0,863.0,863.0,860.0
1.0,8561.0,2570.0,2586.0,2906.0,1447.0,753.0,436.0,258.0,863.0,863.0,860.0,845.0,862.0,863.0,2861.0,3125.0,2575.0,753.0,436.0,258.0,863.0,863.0,860.0
1.0,8897.0,2571.0,2586.0,1783.0,2235.0,1010.0,967.0,258.0,863.0,863.0,860.0,848.0,858.0,865.0,2699.0,3016.0,3182.0,1010.0,967.0,258.0,863.0,863.0,860.0
1.0,8109.0,2583.0,2586.0,1447.0,3371.0,1115.0,1389.0,867.0,863.0,863.0,860.0,858.0,858.0,867.0,2442.0,2485.0,3182.0,1115.0,1389.0,867.0,863.0,863.0,860.0
1.0,6973.0,2588.0,2588.0,2235.0,3732.0,971.0,1298.0,1463.0,864.0,864.0,860.0,862.0,872.0,854.0,2337.0,2063.0,2573.0,971.0,1298.0,1463.0,864.0,864.0,860.0
1.0,6620.0,2580.0,2589.0,3371.0,2945.0,712.0,761.0,1472.0,864.0,864.0,861.0,856.0,852.0,872.0,2485.0,2158.0,1977.0,712.0,761.0,1472.0,864.0,864.0,861.0
1.0,7411.0,2562.0,2589.0,3732.0,1775.0,595.0,314.0,866.0,864.0,864.0,861.0,854.0,851.0,857.0,2744.0,2695.0,1972.0,595.0,314.0,866.0,864.0,864.0,861.0
1.0,8581.0,2626.0,2590.0,2945.0,1460.0,752.0,440.0,268.0,864.0,865.0,861.0,869.0,883.0,874.0,2861.0,3142.0,2578.0,752.0,440.0,268.0,864.0,865.0,861.0
1.0,8900.0,2611.0,2592.0,1775.0,2304.0,1029.0,987.0,288.0,865.0,865.0,862.0,868.0,861.0,882.0,2704.0,3020.0,3176.0,1029.0,987.0,288.0,865.0,865.0,862.0
1.0,8064.0,2604.0,2592.0,1460.0,3448.0,1141.0,1411.0,896.0,865.0,865.0,862.0,864.0,864.0,876.0,2431.0,2473.0,3160.0,1141.0,1411.0,896.0,865.0,865.0,862.0
1.0,6920.0,2599.0,2592.0,2304.0,3743.0,971.0,1290.0,1482.0,865.0,865.0,862.0,859.0,866.0,874.0,2319.0,2049.0,2552.0,971.0,1290.0,1482.0,865.0,865.0,862.0
1.0,6625.0,2632.0,2592.0,3448.0,2927.0,700.0,756.0,1471.0,865.0,865.0,862.0,870.0,877.0,885.0,2489.0,2170.0,1966.0,700.0,756.0,1471.0,865.0,865.0,862.0
1.0,7441.0,2608.0,2593.0,3743.0,1796.0,593.0,345.0,858.0,865.0,866.0,862.0,864.0,875.0,869.0,2760.0,2704.0,1977.0,593.0,345.0,858.0,865.0,866.0,862.0
1.0,8576.0,2593.0,2592.0,2927.0,1458.0,762.0,439.0,257.0,865.0,865.0,862.0,869.0,854.0,870.0,2867.0,3119.0,2590.0,762.0,439.0,257.0,865.0,865.0,862.0
1.0,8910.0,2621.0,2594.0,1796.0,2291.0,1040.0,966.0,285.0,865.0,866.0,863.0,871.0,868.0,882.0,2698.0,3021.0,3191.0,1040.0,966.0,285.0,865.0,866.0,863.0
1.0,8085.0,2585.0,2595.0,1458.0,3422.0,1141.0,1384.0,897.0,866.0,866.0,863.0,859.0,857.0,869.0,2420.0,2498.0,3167.0,1141.0,1384.0,897.0,866.0,866.0,863.0
1.0,6958.0,2595.0,2594.0,2291.0,3722.0,947.0,1291.0,1484.0,865.0,866.0,863.0,850.0,873.0,872.0,2323.0,2080.0,2555.0,947.0,1291.0,1484.0,865.0,866.0,863.0
1.0,6654.0,2560.0,2594.0,3422.0,2860.0,648.0,766.0,1446.0,865.0,866.0,863.0,842.0,859.0,859.0,2513.0,2173.0,1968.0,648.0,766.0,1446.0,865.0,866.0,863.0
1.0,7516.0,2652.0,2596.0,3722.0,1798.0,576.0,363.0,859.0,865.0,867.0,864.0,875.0,884.0,893.0,2812.0,2698.0,2006.0,576.0,363.0,859.0,865.0,867.0,864.0
1.0,8586.0,2597.0,2596.0,2860.0,1535.0,783.0,454.0,298.0,865.0,867.0,864.0,855.0,857.0,885.0,2884.0,3105.0,2597.0,783.0,454.0,298.0,865.0,867.0,864.0
1.0,8849.0,2653.0,2597.0,1798.0,2394.0,1097.0,965.0,332.0,865.0,867.0,865.0,890.0,874.0,889.0,2677.0,3014.0,3158.0,1097.0,965.0,332.0,865.0,867.0,865.0
1.0,7994.0,2637.0,2597.0,1535.0,3496.0,1191.0,1392.0,913.0,865.0,867.0,865.0,877.0,881.0,879.0,2363.0,2503.0,3128.0,1191.0,1392.0,913.0,865.0,867.0,865.0
1.0,6892.0,2658.0,2599.0,2394.0,3768.0,981.0,1302.0,1485.0,866.0,867.0,866.0,883.0,875.0,900.0,2269.0,2076.0,2547.0,981.0,1302.0,1485.0,866.0,867.0,866.0
1.0,6628.0,2622.0,2599.0,3496.0,2894.0,667.0,774.0,1453.0,866.0,867.0,866.0,877.0,864.0,881.0,2483.0,2166.0,1979.0,667.0,774.0,1453.0,866.0,867.0,866.0
1.0,7502.0,2576.0,2599.0,3768.0,1702.0,545.0,325.0,832.0,866.0,867.0,866.0,859.0,853.0,864.0,2797.0,2694.0,2011.0,545.0,325.0,832.0,866.0,867.0,866.0
1.0,8694.0,2619.0,2597.0,2894.0,1419.0,753.0,413.0,253.0,865.0,866.0,866.0,879.0,866.0,874.0,2919.0,3143.0,2632.0,753.0,413.0,253.0,865.0,866.0,866.0
1.0,8969.0,2612.0,2597.0,1702.0,2329.0,1084.0,946.0,299.0,865.0,866.0,866.0,876.0,858.0,878.0,2707.0,3051.0,3211.0,1084.0,946.0,299.0,865.0,866.0,866.0
1.0,8059.0,2645.0,2599.0,1419.0,3563.0,1220.0,1408.0,935.0,866.0,866.0,867.0,885.0,875.0,885.0,2376.0,2518.0,3165.0,1220.0,1408.0,935.0,866.0,866.0,867.0
1.0,6833.0,2617.0,2599.0,2329.0,3851.0,1011.0,1326.0,1514.0,866.0,866.0,867.0,875.0,864.0,878.0,2244.0,2056.0,2533.0,1011.0,1326.0,1514.0,866.0,866.0,867.0
1.0,6545.0,2584.0,2599.0,3563.0,2872.0,656.0,775.0,1441.0,866.0,866.0,867.0,865.0,857.0,862.0,2453.0,2138.0,1954.0,656.0,775.0,1441.0,866.0,866.0,867.0
1.0,7524.0,2611.0,2599.0,3851.0,1632.0,512.0,320.0,800.0,866.0,866.0,867.0,867.0,871.0,873.0,2808.0,2689.0,2027.0,512.0,320.0,800.0,866.0,866.0,867.0
1.0,8764.0,2638.0,2600.0,2872.0,1402.0,732.0,425.0,245.0,866.0,866.0,868.0,876.0,880.0,882.0,2952.0,3144.0,2668.0,732.0,425.0,245.0,866.0,866.0,868.0
1.0,8998.0,2652.0,2601.0,1632.0,2426.0,1098.0,991.0,337.0,866.0,866.0,869.0,878.0,886.0,888.0,2732.0,3039.0,3227.0,1098.0,991.0,337.0,866.0,866.0,869.0
1.0,7978.0,2658.0,2602.0,1402.0,3686.0,1249.0,1443.0,994.0,866.0,866.0,870.0,883.0,877.0,898.0,2366.0,2473.0,3139.0,1249.0,1443.0,994.0,866.0,866.0,870.0
1.0,6722.0,2600.0,2602.0,2426.0,3860.0,1022.0,1313.0,1525.0,866.0,866.0,870.0,871.0,861.0,868.0,2215.0,2021.0,2486.0,1022.0,1313.0,1525.0,866.0,866.0,870.0
1.0,6548.0,2599.0,2601.0,3686.0,2769.0,638.0,740.0,1391.0,865.0,866.0,870.0,869.0,870.0,860.0,2442.0,2151.0,1955.0,638.0,740.0,1391.0,865.0,866.0,870.0
1.0,7635.0,2635.0,2602.0,3860.0,1548.0,512.0,293.0,743.0,866.0,866.0,870.0,892.0,866.0,877.0,2822.0,2724.0,2089.0,512.0,293.0,743.0,866.0,866.0,870.0
1.0,8860.0,2601.0,2602.0,2769.0,1380.0,740.0,419.0,221.0,866.0,866.0,870.0,866.0,866.0,869.0,2952.0,3171.0,2737.0,740.0,419.0,221.0,866.0,866.0,870.0
1.0,9028.0,2561.0,2600.0,1548.0,2385.0,1079.0,976.0,330.0,865.0,865.0,870.0,855.0,854.0,852.0,2724.0,3045.0,3259.0,1079.0,976.0,330.0,865.0,865.0,870.0
1.0,8015.0,2625.0,2603.0,1380.0,3642.0,1230.0,1430.0,982.0,866.0,866.0,871.0,887.0,869.0,869.0,2381.0,2484.0,3150.0,1230.0,1430.0,982.0,866.0,866.0,871.0
1.0,6770.0,2625.0,2604.0,2385.0,3886.0,1039.0,1322.0,1525.0,867.0,866.0,871.0,884.0,868.0,873.0,2234.0,2034.0,2502.0,1039.0,1322.0,1525.0,867.0,866.0,871.0
1.0,6530.0,2602.0,2605.0,3642.0,2850.0,678.0,760.0,1412.0,867.0,866.0,872.0,869.0,868.0,865.0,2429.0,2142.0,1959.0,678.0,760.0,1412.0,867.0,866.0,872.0
1.0,7570.0,2585.0,2605.0,3886.0,1549.0,501.0,301.0,747.0,867.0,866.0,872.0,862.0,863.0,860.0,2790.0,2704.0,2076.0,501.0,301.0,747.0,867.0,866.0,872.0
1.0,8871.0,2614.0,2605.0,2850.0,1313.0,693.0,418.0,202.0,867.0,866.0,872.0,870.0,877.0,867.0,2967.0,3163.0,2741.0,693.0,418.0,202.0,867.0,866.0,872.0
1.0,9107.0,2646.0,2605.0,1549.0,2410.0,1080.0,998.0,332.0,867.0,866.0,872.0,888.0,881.0,877.0,2775.0,3046.0,3286.0,1080.0,998.0,332.0,867.0,866.0,872.0
1.0,8010.0,2595.0,2606.0,1313.0,3696.0,1253.0,1455.0,988.0,867.0,867.0,872.0,866.0,871.0,858.0,2388.0,2466.0,3156.0,1253.0,1455.0,988.0,867.0,867.0,872.0
1.0,6728.0,2654.0,2608.0,2410.0,3948.0,1060.0,1343.0,1545.0,868.0,867.0,873.0,883.0,886.0,885.0,2215.0,2013.0,2500.0,1060.0,1343.0,1545.0,868.0,867.0,873.0
1.0,6484.0,2593.0,2609.0,3696.0,2849.0,674.0,759.0,1416.0,869.0,867.0,873.0,863.0,871.0,859.0,2412.0,2125.0,1947.0,674.0,759.0,1416.0,869.0,867.0,873.0
1.0,7587.0,2599.0,2609.0,3948.0,1500.0,473.0,295.0,732.0,868.0,868.0,873.0,863.0,875.0,861.0,2802.0,2709.0,2076.0,473.0,295.0,732.0,868.0,868.0,873.0
1.0,8936.0,2617.0,2609.0,2849.0,1268.0,668.0,412.0,188.0,868.0,868.0,873.0,869.0,876.0,872.0,2999.0,3177.0,2760.0,668.0,412.0,188.0,868.0,868.0,873.0
1.0,9168.0,2589.0,2609.0,1500.0,2357.0,1058.0,982.0,317.0,868.0,868.0,873.0,863.0,865.0,861.0,2804.0,3060.0,3304.0,1058.0,982.0,317.0,868.0,868.0,873.0
1.0,8079.0,2594.0,2608.0,1268.0,3679.0,1251.0,1442.0,986.0,868.0,868.0,872.0,861.0,872.0,861.0,2414.0,2490.0,3175.0,1251.0,1442.0,986.0,868.0,868.0,872.0
1.0,6753.0,2621.0,2609.0,2357.0,3947.0,1074.0,1338.0,1535.0,869.0,868.0,872.0,877.0,878.0,866.0,2221.0,2030.0,2502.0,1074.0,1338.0,1535.0,869.0,868.0,872.0
1.0,6489.0,2630.0,2611.0,3679.0,2906.0,692.0,785.0,1429.0,869.0,869.0,873.0,869.0,885.0,876.0,2402.0,2134.0,1953.0,692.0,785.0,1429.0,869.0,869.0,873.0
1.0,7538.0,2591.0,2610.0,3947.0,1546.0,480.0,316.0,750.0,869.0,869.0,872.0,862.0,869.0,860.0,2784.0,2691.0,2063.0,480.0,316.0,750.0,869.0,869.0,872.0
1.0,8894.0,2614.0,2611.0,2906.0,1258.0,672.0,406.0,180.0,870.0,869.0,872.0,880.0,875.0,859.0,2996.0,3160.0,2738.0,672.0,406.0,180.0,870.0,869.0,872.0
1.0,9186.0,2659.0,2613.0,1546.0,2379.0,1074.0,987.0,318.0,870.0,870.0,873.0,882.0,893.0,884.0,2808.0,3070.0,3308.0,1074.0,987.0,318.0,870.0,870.0,873.0
1.0,8073.0,2654.0,2614.0,1258.0,3779.0,1292.0,1468.0,1019.0,871.0,870.0,873.0,886.0,887.0,881.0,2406.0,2493.0,3174.0,1292.0,1468.0,1019.0,871.0,870.0,873.0
1.0,6677.0,2636.0,2615.0,2379.0,4040.0,1095.0,1370.0,1575.0,871.0,871.0,873.0,877.0,885.0,874.0,2192.0,2012.0,2473.0,1095.0,1370.0,1575.0,871.0,871.0,873.0
1.0,6420.0,2625.0,2615.0,3779.0,2886.0,674.0,784.0,1428.0,871.0,871.0,873.0,871.0,882.0,872.0,2389.0,2114.0,1917.0,674.0,784.0,1428.0,871.0,871.0,873.0
1.0,7574.0,2634.0,2615.0,4040.0,1480.0,461.0,295.0,724.0,871.0,871.0,873.0,882.0,881.0,871.0,2810.0,2700.0,2064.0,461.0,295.0,724.0,871.0,871.0,873.0
1.0,8980.0,2649.0,2617.0,2886.0,1251.0,668.0,402.0,181.0,872.0,872.0,873.0,877.0,887.0,885.0,3023.0,3189.0,2768.0,668.0,402.0,181.0,872.0,872.0,873.0
1.0,9217.0,2630.0,2617.0,1480.0,2401.0,1081.0,989.0,331.0,872.0,872.0,873.0,874.0,882.0,874.0,2820.0,3086.0,3311.0,1081.0,989.0,331.0,872.0,872.0,873.0
1.0,8067.0,2640.0,2617.0,1251.0,3790.0,1278.0,1477.0,1035.0,872.0,872.0,873.0,865.0,890.0,885.0,2407.0,2499.0,3161.0,1278.0,1477.0,1035.0,872.0,872.0,873.0
1.0,6678.0,2605.0,2617.0,2401.0,3994.0,1067.0,1366.0,1561.0,872.0,872.0,873.0,870.0,878.0,857.0,2210.0,2011.0,2457.0,1067.0,1366.0,1561.0,872.0,872.0,873.0
1.0,6474.0,2681.0,2619.0,3790.0,2893.0,690.0,794.0,1409.0,873.0,873.0,873.0,897.0,901.0,883.0,2421.0,2122.0,1931.0,690.0,794.0,1409.0,873.0,873.0,873.0
1.0,7583.0,2629.0,2619.0,3994.0,1528.0,486.0,316.0,726.0,872.0,874.0,873.0,867.0,884.0,878.0,2802.0,2698.0,2083.0,486.0,316.0,726.0,872.0,874.0,873.0
1.0,8948.0,2621.0,2620.0,2893.0,1260.0,674.0,393.0,193.0,873.0,874.0,873.0,874.0,871.0,876.0,3002.0,3180.0,2766.0,674.0,393.0,193.0,873.0,874.0,873.0
1.0,9220.0,2629.0,2620.0,1528.0,2361.0,1059.0,958.0,344.0,873.0,874.0,873.0,871.0,881.0,877.0,2818.0,3103.0,3299.0,1059.0,958.0,344.0,873.0,874.0,873.0
1.0,8119.0,2664.0,2623.0,1260.0,3777.0,1277.0,1462.0,1038.0,874.0,875.0,874.0,888.0,893.0,883.0,2433.0,2538.0,3148.0,1277.0,1462.0,1038.0,874.0,875.0,874.0
1.0,6715.0,2641.0,2623.0,2361.0,4057.0,1088.0,1395.0,1574.0,874.0,875.0,874.0,870.0,891.0,880.0,2219.0,2038.0,2458.0,1088.0,1395.0,1574.0,874.0,875.0,874.0
1.0,6435.0,2661.0,2624.0,3777.0,2945.0,710.0,816.0,1419.0,875.0,875.0,874.0,895.0,883.0,883.0,2408.0,2105.0,1922.0,710.0,816.0,1419.0,875.0,875.0,874.0
1.0,7551.0,2671.0,2625.0,4057.0,1563.0,503.0,324.0,736.0,875.0,876.0,874.0,881.0,899.0,891.0,2790.0,2684.0,2077.0,503.0,324.0,736.0,875.0,876.0,874.0
1.0,8937.0,2672.0,2625.0,2945.0,1290.0,678.0,412.0,200.0,875.0,876.0,874.0,885.0,904.0,883.0,2997.0,3180.0,2760.0,678.0,412.0,200.0,875.0,876.0,874.0
1.0,9210.0,2641.0,2624.0,1563.0,2364.0,1053.0,968.0,343.0,875.0,876.0,873.0,878.0,880.0,883.0,2822.0,3092.0,3296.0,1053.0,968.0,343.0,875.0,876.0,873.0
1.0,8132.0,2672.0,2626.0,1290.0,3754.0,1260.0,1451.0,1043.0,875.0,877.0,874.0,885.0,891.0,896.0,2447.0,2536.0,3149.0,1260.0,1451.0,1043.0,875.0,877.0,874.0
1.0,6750.0,2662.0,2626.0,2364.0,4052.0,1099.0,1367.0,1586.0,875.0,877.0,874.0,892.0,884.0,886.0,2240.0,2057.0,2453.0,1099.0,1367.0,1586.0,875.0,877.0,874.0
1.0,6452.0,2640.0,2627.0,3754.0,2942.0,711.0,802.0,1429.0,875.0,878.0,874.0,872.0,882.0,886.0,2401.0,2141.0,1910.0,711.0,802.0,1429.0,875.0,878.0,874.0
1.0,7566.0,2663.0,2628.0,4052.0,1557.0,497.0,320.0,740.0,875.0,878.0,875.0,885.0,885.0,893.0,2789.0,2710.0,2067.0,497.0,320.0,740.0,875.0,878.0,875.0
1.0,8955.0,2670.0,2629.0,2942.0,1289.0,687.0,404.0,198.0,876.0,878.0,875.0,897.0,886.0,887.0,3003.0,3192.0,2760.0,687.0,404.0,198.0,876.0,878.0,875.0
1.0,9227.0,2621.0,2630.0,1557.0,2357.0,1058.0,966.0,333.0,876.0,879.0,875.0,868.0,878.0,875.0,2817.0,3108.0,3302.0,1058.0,966.0,333.0,876.0,879.0,875.0
1.0,8163.0,2696.0,2630.0,1289.0,3764.0,1272.0,1456.0,1036.0,876.0,879.0,875.0,901.0,894.0,901.0,2446.0,2550.0,3167.0,1272.0,1456.0,1036.0,876.0,879.0,875.0
1.0,6756.0,2630.0,2631.0,2357.0,4041.0,1090.0,1359.0,1592.0,876.0,879.0,876.0,876.0,869.0,885.0,2232.0,2060.0,2464.0,1090.0,1359.0,1592.0,876.0,879.0,876.0
1.0,6483.0,2665.0,2633.0,3764.0,2950.0,709.0,792.0,1449.0,877.0,880.0,876.0,887.0,885.0,893.0,2414.0,2157.0,1912.0,709.0,792.0,1449.0,877.0,880.0,876.0
1.0,7582.0,2659.0,2632.0,4041.0,1564.0,506.0,310.0,748.0,877.0,879.0,876.0,887.0,881.0,891.0,2799.0,2728.0,2055.0,506.0,310.0,748.0,877.0,879.0,876.0
1.0,8964.0,2679.0,2633.0,2950.0,1297.0,697.0,403.0,197.0,877.0,880.0,876.0,900.0,881.0,898.0,3002.0,3206.0,2756.0,697.0,403.0,197.0,877.0,880.0,876.0
1.0,9235.0,2677.0,2634.0,1564.0,2414.0,1089.0,979.0,346.0,878.0,880.0,876.0,894.0,886.0,897.0,2811.0,3117.0,3307.0,1089.0,979.0,346.0,878.0,880.0,876.0
1.0,8122.0,2601.0,2634.0,1297.0,3718.0,1254.0,1437.0,1027.0,877.0,880.0,877.0,866.0,861.0,874.0,2423.0,2541.0,3158.0,1254.0,1437.0,1027.0,877.0,880.0,877.0
1.0,6818.0,2662.0,2634.0,2414.0,3966.0,1047.0,1337.0,1582.0,877.0,880.0,877.0,882.0,879.0,901.0,2254.0,2083.0,2481.0,1047.0,1337.0,1582.0,877.0,880.0,877.0
1.0,6570.0,2677.0,2636.0,3718.0,2933.0,693.0,781.0,1459.0,878.0,880.0,878.0,896.0,881.0,900.0,2461.0,2183.0,1926.0,693.0,781.0,1459.0,878.0,880.0,878.0
1.0,7611.0,2667.0,2638.0,3966.0,1642.0,533.0,329.0,780.0,878.0,881.0,879.0,887.0,881.0,899.0,2819.0,2739.0,2053.0,533.0,329.0,780.0,878.0,881.0,879.0
1.0,8910.0,2661.0,2638.0,2933.0,1370.0,726.0,423.0,221.0,878.0,881.0,879.0,886.0,875.0,900.0,2979.0,3195.0,2736.0,726.0,423.0,221.0,878.0,881.0,879.0
1.0,9182.0,2665.0,2640.0,1642.0,2401.0,1088.0,971.0,342.0,879.0,881.0,880.0,891.0,877.0,897.0,2786.0,3101.0,3295.0,1088.0,971.0,342.0,879.0,881.0,880.0
1.0,8159.0,2679.0,2641.0,1370.0,3714.0,1254.0,1449.0,1011.0,879.0,882.0,880.0,892.0,897.0,890.0,2428.0,2553.0,3178.0,1254.0,1449.0,1011.0,879.0,882.0,880.0
1.0,6850.0,2661.0,2643.0,2401.0,3982.0,1062.0,1358.0,1562.0,880.0,882.0,881.0,892.0,880.0,889.0,2262.0,2079.0,2509.0,1062.0,1358.0,1562.0,880.0,882.0,881.0
1.0,6590.0,2662.0,2643.0,3714.0,2930.0,701.0,792.0,1437.0,880.0,882.0,881.0,893.0,883.0,886.0,2458.0,2170.0,1962.0,701.0,792.0,1437.0,880.0,882.0,881.0
1.0,7642.0,2664.0,2643.0,3982.0,1612.0,529.0,316.0,767.0,880.0,882.0,881.0,890.0,882.0,892.0,2819.0,2736.0,2087.0,529.0,316.0,767.0,880.0,882.0,881.0
1.0,8960.0,2648.0,2645.0,2930.0,1338.0,722.0,401.0,215.0,881.0,882.0,882.0,890.0,877.0,881.0,2991.0,3212.0,2757.0,722.0,401.0,215.0,881.0,882.0,882.0
1.0,9242.0,2632.0,2645.0,1612.0,2358.0,1075.0,956.0,327.0,881.0,882.0,882.0,882.0,871.0,879.0,2802.0,3127.0,3313.0,1075.0,956.0,327.0,881.0,882.0,882.0
1.0,8222.0,2633.0,2645.0,1338.0,3653.0,1237.0,1421.0,995.0,881.0,882.0,882.0,884.0,866.0,883.0,2449.0,2572.0,3201.0,1237.0,1421.0,995.0,881.0,882.0,882.0
1.0,6927.0,2670.0,2647.0,2358.0,3973.0,1058.0,1350.0,1565.0,882.0,882.0,883.0,892.0,885.0,893.0,2287.0,2107.0,2533.0,1058.0,1350.0,1565.0,882.0,882.0,883.0
1.0,6615.0,2658.0,2647.0,3653.0,2978.0,711.0,811.0,1456.0,882.0,882.0,883.0,890.0,882.0,886.0,2470.0,2178.0,1967.0,711.0,811.0,1456.0,882.0,882.0,883.0
1.0,7610.0,2605.0,2647.0,3973.0,1610.0,517.0,326.0,767.0,882.0,882.0,883.0,864.0,865.0,876.0,2817.0,2717.0,2076.0,517.0,326.0,767.0,882.0,882.0,883.0
1.0,8978.0,2658.0,2648.0,2978.0,1294.0,696.0,394.0,204.0,882.0,882.0,884.0,890.0,879.0,889.0,3011.0,3202.0,2765.0,696.0,394.0,204.0,882.0,882.0,884.0
1.0,9298.0,2682.0,2650.0,1610.0,2374.0,1081.0,964.0,329.0,883.0,883.0,884.0,898.0,892.0,892.0,2832.0,3134.0,3332.0,1081.0,964.0,329.0,883.0,883.0,884.0
1.0,8226.0,2681.0,2651.0,1294.0,3765.0,1276.0,1457.0,1032.0,883.0,883.0,885.0,891.0,887.0,903.0,2451.0,2568.0,3207.0,1276.0,1457.0,1032.0,883.0,883.0,885.0
1.0,6839.0,2670.0,2653.0,2374.0,4069.0,1085.0,1379.0,1605.0,884.0,883.0,886.0,886.0,886.0,898.0,2256.0,2075.0,2508.0,1085.0,1379.0,1605.0,884.0,883.0,886.0
1.0,6543.0,2682.0,2653.0,3765.0,2986.0,705.0,816.0,1465.0,884.0,883.0,886.0,896.0,894.0,892.0,2451.0,2153.0,1939.0,705.0,816.0,1465.0,884.0,883.0,886.0
1.0,7626.0,2645.0,2653.0,4069.0,1562.0,501.0,321.0,740.0,884.0,883.0,886.0,881.0,884.0,880.0,2831.0,2716.0,2079.0,501.0,321.0,740.0,884.0,883.0,886.0
1.0,9050.0,2673.0,2653.0,2986.0,1249.0,696.0,385.0,168.0,884.0,883.0,886.0,900.0,880.0,893.0,3035.0,3211.0,2804.0,696.0,385.0,168.0,884.0,883.0,886.0
1.0,9363.0,2659.0,2654.0,1562.0,2350.0,1069.0,955.0,326.0,884.0,883.0,887.0,874.0,891.0,894.0,2840.0,3147.0,3376.0,1069.0,955.0,326.0,884.0,883.0,887.0
1.0,8266.0,2626.0,2654.0,1249.0,3727.0,1243.0,1447.0,1037.0,884.0,883.0,887.0,870.0,877.0,879.0,2467.0,2577.0,3222.0,1243.0,1447.0,1037.0,884.0,883.0,887.0
1.0,6889.0,2690.0,2655.0,2350.0,4071.0,1064.0,1401.0,1606.0,884.0,884.0,887.0,890.0,905.0,895.0,2293.0,2085.0,2511.0,1064.0,1401.0,1606.0,884.0,884.0,887.0
1.0,6549.0,2675.0,2656.0,3727.0,3023.0,698.0,860.0,1465.0,884.0,884.0,888.0,877.0,906.0,892.0,2472.0,2135.0,1942.0,698.0,860.0,1465.0,884.0,884.0,888.0
1.0,7601.0,2684.0,2657.0,4071.0,1640.0,532.0,353.0,755.0,885.0,884.0,888.0,894.0,894.0,896.0,2838.0,2676.0,2087.0,532.0,353.0,755.0,885.0,884.0,888.0
1.0,8988.0,2637.0,2657.0,3023.0,1254.0,702.0,382.0,170.0,885.0,884.0,888.0,868.0,889.0,880.0,3008.0,3183.0,2797.0,702.0,382.0,170.0,885.0,884.0,888.0
1.0,9374.0,2681.0,2659.0,1640.0,2303.0,1056.0,937.0,310.0,885.0,885.0,889.0,886.0,904.0,891.0,2838.0,3154.0,3382.0,1056.0,937.0,310.0,885.0,885.0,889.0
1.0,8333.0,2673.0,2659.0,1254.0,3722.0,1245.0,1453.0,1024.0,885.0,885.0,889.0,891.0,898.0,884.0,2484.0,2603.0,3246.0,1245.0,1453.0,1024.0,885.0,885.0,889.0
1.0,6914.0,2641.0,2658.0,2303.0,4056.0,1066.0,1392.0,1598.0,885.0,884.0,889.0,877.0,880.0,884.0,2295.0,2087.0,2532.0,1066.0,1392.0,1598.0,885.0,884.0,889.0
1.0,6576.0,2670.0,2660.0,3722.0,3012.0,716.0,837.0,1459.0,886.0,885.0,889.0,891.0,894.0,885.0,2474.0,2144.0,1958.0,716.0,837.0,1459.0,886.0,885.0,889.0
1.0,7628.0,2711.0,2660.0,4056.0,1667.0,548.0,354.0,765.0,886.0,885.0,889.0,898.0,909.0,904.0,2828.0,2703.0,2097.0,548.0,354.0,765.0,886.0,885.0,889.0
1.0,8973.0,2691.0,2662.0,3012.0,1354.0,721.0,423.0,210.0,886.0,886.0,890.0,889.0,902.0,900.0,2996.0,3186.0,2791.0,721.0,423.0,210.0,886.0,886.0,890.0
1.0,9294.0,2722.0,2663.0,1667.0,2413.0,1091.0,977.0,345.0,887.0,886.0,890.0,914.0,908.0,900.0,2823.0,3121.0,3350.0,1091.0,977.0,345.0,887.0,886.0,890.0
1.0,8239.0,2674.0,2663.0,1354.0,3733.0,1247.0,1457.0,1029.0,887.0,886.0,890.0,877.0,903.0,894.0,2457.0,2567.0,3215.0,1247.0,1457.0,1029.0,887.0,886.0,890.0
1.0,6919.0,2670.0,2663.0,2413.0,3990.0,1038.0,1382.0,1570.0,887.0,886.0,890.0,882.0,902.0,886.0,2301.0,2087.0,2531.0,1038.0,1382.0,1570.0,887.0,886.0,890.0
1.0,6662.0,2693.0,2663.0,3733.0,2950.0,694.0,822.0,1434.0,887.0,886.0,890.0,903.0,897.0,893.0,2510.0,2162.0,1990.0,694.0,822.0,1434.0,887.0,886.0,890.0
1.0,7702.0,2685.0,2665.0,3990.0,1653.0,546.0,345.0,762.0,887.0,887.0,891.0,890.0,901.0,894.0,2854.0,2722.0,2126.0,546.0,345.0,762.0,887.0,887.0,891.0
1.0,9007.0,2681.0,2665.0,2950.0,1384.0,738.0,424.0,222.0,887.0,887.0,891.0,886.0,901.0,894.0,3002.0,3203.0,2802.0,738.0,424.0,222.0,887.0,887.0,891.0
1.0,9276.0,2683.0,2665.0,1653.0,2414.0,1084.0,980.0,350.0,887.0,887.0,891.0,892.0,901.0,890.0,2810.0,3124.0,3342.0,1084.0,980.0,350.0,887.0,887.0,891.0
1.0,8246.0,2704.0,2667.0,1384.0,3742.0,1255.0,1460.0,1027.0,888.0,888.0,891.0,905.0,900.0,899.0,2464.0,2568.0,3214.0,1255.0,1460.0,1027.0,888.0,888.0,891.0
1.0,6926.0,2725.0,2667.0,2414.0,4053.0,1077.0,1404.0,1572.0,888.0,888.0,891.0,906.0,924.0,895.0,2297.0,2092.0,2537.0,1077.0,1404.0,1572.0,888.0,888.0,891.0
1.0,6615.0,2697.0,2668.0,3742.0,3012.0,728.0,854.0,1430.0,888.0,889.0,891.0,906.0,906.0,885.0,2475.0,2148.0,1992.0,728.0,854.0,1430.0,888.0,889.0,891.0
1.0,7660.0,2735.0,2669.0,4053.0,1698.0,567.0,370.0,761.0,889.0,889.0,891.0,912.0,920.0,903.0,2824.0,2702.0,2134.0,567.0,370.0,761.0,889.0,889.0,891.0
1.0,8978.0,2647.0,2669.0,3012.0,1333.0,720.0,409.0,204.0,889.0,889.0,891.0,881.0,893.0,873.0,2989.0,3186.0,2803.0,720.0,409.0,204.0,889.0,889.0,891.0
1.0,9343.0,2689.0,2670.0,1698.0,2328.0,1050.0,945.0,333.0,889.0,890.0,891.0,897.0,902.0,890.0,2836.0,3147.0,3360.0,1050.0,945.0,333.0,889.0,890.0,891.0
1.0,8352.0,2678.0,2671.0,1333.0,3677.0,1236.0,1425.0,1016.0,890.0,890.0,891.0,902.0,889.0,887.0,2506.0,2615.0,3231.0,1236.0,1425.0,1016.0,890.0,890.0,891.0
1.0,7007.0,2670.0,2671.0,2328.0,4019.0,1080.0,1365.0,1574.0,890.0,890.0,891.0,894.0,885.0,891.0,2324.0,2135.0,2548.0,1080.0,1365.0,1574.0,890.0,890.0,891.0
1.0,6665.0,2726.0,2672.0,3677.0,3072.0,757.0,863.0,1452.0,890.0,891.0,891.0,913.0,919.0,894.0,2480.0,2195.0,1990.0,757.0,863.0,1452.0,890.0,891.0,891.0
1.0,7616.0,2662.0,2672.0,4019.0,1715.0,564.0,387.0,764.0,890.0,891.0,891.0,887.0,889.0,886.0,2803.0,2701.0,2112.0,564.0,387.0,764.0,890.0,891.0,891.0
1.0,8973.0,2634.0,2672.0,3072.0,1277.0,684.0,406.0,187.0,890.0,891.0,891.0,877.0,882.0,875.0,2996.0,3177.0,2800.0,684.0,406.0,187.0,890.0,891.0,891.0
1.0,9411.0,2656.0,2672.0,1715.0,2218.0,1006.0,908.0,304.0,890.0,892.0,890.0,886.0,885.0,885.0,2876.0,3158.0,3377.0,1006.0,908.0,304.0,890.0,892.0,890.0
1.0,8470.0,2672.0,2672.0,1277.0,3613.0,1218.0,1402.0,993.0,890.0,892.0,890.0,896.0,900.0,876.0,2554.0,2660.0,3256.0,1218.0,1402.0,993.0,890.0,892.0,890.0
1.0,7075.0,2665.0,2672.0,2218.0,4060.0,1098.0,1384.0,1578.0,890.0,892.0,890.0,886.0,890.0,889.0,2342.0,2166.0,2567.0,1098.0,1384.0,1578.0,890.0,892.0,890.0
1.0,6628.0,2654.0,2671.0,3613.0,3097.0,774.0,864.0,1459.0,890.0,892.0,889.0,894.0,882.0,878.0,2462.0,2184.0,1982.0,774.0,864.0,1459.0,890.0,892.0,889.0
1.0,7587.0,2654.0,2671.0,4060.0,1691.0,569.0,369.0,753.0,890.0,892.0,889.0,893.0,889.0,872.0,2786.0,2704.0,2097.0,569.0,369.0,753.0,890.0,892.0,889.0
1.0,8993.0,2694.0,2671.0,3097.0,1288.0,697.0,402.0,189.0,890.0,892.0,889.0,902.0,897.0,895.0,2991.0,3199.0,2803.0,697.0,402.0,189.0,890.0,892.0,889.0
1.0,9396.0,2669.0,2671.0,1691.0,2266.0,1020.0,916.0,330.0,890.0,892.0,889.0,892.0,883.0,894.0,2863.0,3166.0,3367.0,1020.0,916.0,330.0,890.0,892.0,889.0
1.0,8418.0,2677.0,2673.0,1288.0,3663.0,1228.0,1405.0,1030.0,891.0,893.0,889.0,901.0,887.0,889.0,2540.0,2652.0,3226.0,1228.0,1405.0,1030.0,891.0,893.0,889.0
1.0,7029.0,2674.0,2673.0,2266.0,4071.0,1096.0,1382.0,1593.0,891.0,893.0,889.0,888.0,893.0,893.0,2336.0,2167.0,2526.0,1096.0,1382.0,1593.0,891.0,893.0,889.0
1.0,6621.0,2690.0,2673.0,3663.0,3098.0,772.0,868.0,1458.0,891.0,893.0,889.0,904.0,891.0,895.0,2468.0,2190.0,1963.0,772.0,868.0,1458.0,891.0,893.0,889.0
1.0,7594.0,2698.0,2675.0,4071.0,1733.0,582.0,392.0,759.0,891.0,894.0,890.0,906.0,902.0,890.0,2792.0,2704.0,2098.0,582.0,392.0,759.0,891.0,894.0,890.0
1.0,8967.0,2652.0,2674.0,3098.0,1283.0,699.0,410.0,174.0,891.0,894.0,889.0,889.0,886.0,877.0,2982.0,3184.0,2801.0,699.0,410.0,174.0,891.0,894.0,889.0
1.0,9413.0,2705.0,2675.0,1733.0,2259.0,1034.0,914.0,311.0,892.0,894.0,889.0,913.0,896.0,896.0,2865.0,3166.0,3382.0,1034.0,914.0,311.0,892.0,894.0,889.0
1.0,8441.0,2644.0,2675.0,1283.0,3620.0,1224.0,1376.0,1020.0,892.0,894.0,889.0,889.0,872.0,883.0,2534.0,2662.0,3245.0,1224.0,1376.0,1020.0,892.0,894.0,889.0
1.0,7080.0,2688.0,2677.0,2259.0,4057.0,1090.0,1358.0,1609.0,892.0,895.0,890.0,900.0,892.0,896.0,2344.0,2200.0,2536.0,1090.0,1358.0,1609.0,892.0,895.0,890.0
1.0,6651.0,2682.0,2678.0,3620.0,3123.0,770.0,869.0,1484.0,893.0,895.0,890.0,900.0,887.0,895.0,2478.0,2222.0,1951.0,770.0,869.0,1484.0,893.0,895.0,890.0
1.0,7589.0,2697.0,2678.0,4057.0,1763.0,573.0,401.0,789.0,893.0,895.0,890.0,893.0,890.0,914.0,2802.0,2711.0,2076.0,573.0,401.0,789.0,893.0,895.0,890.0
1.0,8949.0,2709.0,2678.0,3123.0,1349.0,714.0,425.0,210.0,893.0,895.0,890.0,911.0,893.0,905.0,2999.0,3179.0,2771.0,714.0,425.0,210.0,893.0,895.0,890.0
1.0,9363.0,2771.0,2680.0,1763.0,2365.0,1068.0,942.0,355.0,894.0,895.0,891.0,923.0,918.0,930.0,2858.0,3155.0,3350.0,1068.0,942.0,355.0,894.0,895.0,891.0
1.0,8355.0,2653.0,2679.0,1349.0,3665.0,1228.0,1400.0,1037.0,893.0,895.0,891.0,878.0,883.0,892.0,2508.0,2638.0,3209.0,1228.0,1400.0,1037.0,893.0,895.0,891.0
1.0,7051.0,2667.0,2680.0,2365.0,3971.0,1059.0,1342.0,1570.0,894.0,895.0,891.0,895.0,884.0,888.0,2344.0,2180.0,2527.0,1059.0,1342.0,1570.0,894.0,895.0,891.0
1.0,6749.0,2696.0,2681.0,3665.0,3006.0,727.0,842.0,1437.0,894.0,896.0,891.0,896.0,896.0,904.0,2517.0,2238.0,1994.0,727.0,842.0,1437.0,894.0,896.0,891.0
1.0,7718.0,2687.0,2681.0,3971.0,1722.0,567.0,391.0,764.0,894.0,896.0,891.0,899.0,891.0,897.0,2849.0,2742.0,2127.0,567.0,391.0,764.0,894.0,896.0,891.0
1.0,9002.0,2687.0,2682.0,3006.0,1407.0,733.0,451.0,223.0,894.0,896.0,892.0,893.0,902.0,892.0,3009.0,3193.0,2800.0,733.0,451.0,223.0,894.0,896.0,892.0
1.0,9321.0,2682.0,2683.0,1722.0,2371.0,1063.0,950.0,358.0,895.0,896.0,892.0,893.0,890.0,899.0,2843.0,3133.0,3345.0,1063.0,950.0,358.0,895.0,896.0,892.0
1.0,8361.0,2701.0,2683.0,1407.0,3665.0,1235.0,1397.0,1033.0,895.0,896.0,892.0,905.0,898.0,898.0,2517.0,2634.0,3210.0,1235.0,1397.0,1033.0,895.0,896.0,892.0
1.0,7067.0,2701.0,2683.0,2371.0,3995.0,1070.0,1342.0,1583.0,895.0,896.0,892.0,898.0,895.0,908.0,2345.0,2187.0,2535.0,1070.0,1342.0,1583.0,895.0,896.0,892.0
1.0,6737.0,2719.0,2685.0,3665.0,3057.0,738.0,853.0,1466.0,896.0,896.0,893.0,899.0,908.0,912.0,2510.0,2242.0,1985.0,738.0,853.0,1466.0,896.0,896.0,893.0
1.0,7683.0,2742.0,2685.0,3995.0,1804.0,572.0,421.0,811.0,896.0,896.0,893.0,904.0,910.0,928.0,2846.0,2731.0,2106.0,572.0,421.0,811.0,896.0,896.0,893.0
1.0,8936.0,2704.0,2686.0,3057.0,1455.0,737.0,461.0,257.0,896.0,896.0,894.0,903.0,893.0,908.0,3012.0,3163.0,2761.0,737.0,461.0,257.0,896.0,896.0,894.0
1.0,9289.0,2693.0,2687.0,1804.0,2348.0,1063.0,934.0,351.0,897.0,896.0,894.0,894.0,894.0,905.0,2847.0,3123.0,3319.0,1063.0,934.0,351.0,897.0,896.0,894.0
1.0,8400.0,2658.0,2686.0,1455.0,3547.0,1198.0,1362.0,987.0,896.0,896.0,894.0,876.0,889.0,893.0,2525.0,2650.0,3225.0,1198.0,1362.0,987.0,896.0,896.0,894.0
1.0,7197.0,2715.0,2687.0,2348.0,3918.0,1051.0,1330.0,1537.0,897.0,896.0,894.0,912.0,902.0,901.0,2386.0,2222.0,2589.0,1051.0,1330.0,1537.0,897.0,896.0,894.0
1.0,6830.0,2684.0,2687.0,3547.0,3055.0,746.0,853.0,1456.0,897.0,896.0,894.0,893.0,885.0,906.0,2537.0,2254.0,2039.0,746.0,853.0,1456.0,897.0,896.0,894.0
1.0,7693.0,2748.0,2688.0,3918.0,1889.0,602.0,444.0,843.0,897.0,896.0,895.0,907.0,921.0,920.0,2842.0,2731.0,2120.0,602.0,444.0,843.0,897.0,896.0,895.0
1.0,8863.0,2680.0,2688.0,3055.0,1514.0,743.0,483.0,288.0,897.0,896.0,895.0,887.0,892.0,901.0,2986.0,3140.0,2737.0,743.0,483.0,288.0,897.0,896.0,895.0
1.0,9238.0,2715.0,2688.0,1889.0,2340.0,1045.0,942.0,353.0,897.0,896.0,895.0,904.0,903.0,908.0,2845.0,3101.0,3292.0,1045.0,942.0,353.0,897.0,896.0,895.0
1.0,8412.0,2736.0,2689.0,1514.0,3566.0,1210.0,1373.0,983.0,897.0,896.0,896.0,908.0,914.0,914.0,2543.0,2642.0,3227.0,1210.0,1373.0,983.0,897.0,896.0,896.0
1.0,7190.0,2707.0,2689.0,2340.0,3933.0,1062.0,1342.0,1529.0,897.0,896.0,896.0,897.0,911.0,899.0,2378.0,2211.0,2601.0,1062.0,1342.0,1529.0,897.0,896.0,896.0
1.0,6823.0,2746.0,2690.0,3566.0,3117.0,769.0,883.0,1465.0,898.0,896.0,896.0,913.0,914.0,919.0,2526.0,2242.0,2055.0,769.0,883.0,1465.0,898.0,896.0,896.0
1.0,7643.0,2723.0,2692.0,3933.0,1915.0,604.0,457.0,854.0,898.0,897.0,897.0,897.0,912.0,914.0,2823.0,2701.0,2119.0,604.0,457.0,854.0,898.0,897.0,897.0
1.0,8853.0,2723.0,2692.0,3117.0,1521.0,737.0,482.0,302.0,898.0,897.0,897.0,902.0,908.0,913.0,2988.0,3131.0,2734.0,737.0,482.0,302.0,898.0,897.0,897.0
1.0,9247.0,2733.0,2693.0,1915.0,2343.0,1037.0,937.0,369.0,898.0,897.0,898.0,904.0,912.0,917.0,2855.0,3106.0,3286.0,1037.0,937.0,369.0,898.0,897.0,898.0
1.0,8429.0,2715.0,2693.0,1521.0,3537.0,1204.0,1365.0,968.0,898.0,897.0,898.0,904.0,910.0,901.0,2555.0,2651.0,3223.0,1204.0,1365.0,968.0,898.0,897.0,898.0
1.0,7235.0,2773.0,2693.0,2343.0,3967.0,1082.0,1365.0,1520.0,898.0,897.0,898.0,915.0,937.0,921.0,2388.0,2223.0,2624.0,1082.0,1365.0,1520.0,898.0,897.0,898.0
1.0,6805.0,2697.0,2694.0,3537.0,3131.0,772.0,905.0,1454.0,898.0,897.0,899.0,894.0,905.0,898.0,2510.0,2223.0,2072.0,772.0,905.0,1454.0,898.0,897.0,899.0
1.0,7645.0,2726.0,2695.0,3967.0,1894.0,590.0,459.0,845.0,898.0,898.0,899.0,900.0,915.0,911.0,2820.0,2683.0,2142.0,590.0,459.0,845.0,898.0,898.0,899.0
1.0,8886.0,2728.0,2696.0,3131.0,1495.0,722.0,462.0,311.0,898.0,898.0,900.0,904.0,908.0,916.0,3002.0,3133.0,2751.0,722.0,462.0,311.0,898.0,898.0,900.0
1.0,9289.0,2724.0,2696.0,1894.0,2325.0,1030.0,914.0,381.0,898.0,898.0,900.0,898.0,911.0,915.0,2870.0,3130.0,3289.0,1030.0,914.0,381.0,898.0,898.0,900.0
1.0,8459.0,2743.0,2697.0,1495.0,3577.0,1216.0,1368.0,993.0,898.0,898.0,901.0,908.0,916.0,919.0,2562.0,2678.0,3219.0,1216.0,1368.0,993.0,898.0,898.0,901.0
1.0,7211.0,2731.0,2699.0,2325.0,3991.0,1094.0,1374.0,1523.0,899.0,899.0,901.0,904.0,916.0,911.0,2376.0,2224.0,2611.0,1094.0,1374.0,1523.0,899.0,899.0,901.0
1.0,6805.0,2733.0,2700.0,3577.0,3151.0,789.0,919.0,1443.0,899.0,899.0,902.0,911.0,913.0,909.0,2502.0,2222.0,2081.0,789.0,919.0,1443.0,899.0,899.0,902.0
1.0,7649.0,2748.0,2702.0,3991.0,1916.0,613.0,465.0,838.0,900.0,900.0,902.0,914.0,916.0,918.0,2807.0,2677.0,2165.0,613.0,465.0,838.0,900.0,900.0,902.0
1.0,8892.0,2727.0,2703.0,3151.0,1496.0,724.0,462.0,310.0,900.0,900.0,903.0,900.0,916.0,911.0,2987.0,3135.0,2770.0,724.0,462.0,310.0,900.0,900.0,903.0
1.0,9316.0,2729.0,2704.0,1916.0,2313.0,1017.0,917.0,379.0,900.0,901.0,903.0,906.0,916.0,907.0,2876.0,3138.0,3302.0,1017.0,917.0,379.0,900.0,901.0,903.0
1.0,8503.0,2714.0,2705.0,1496.0,3535.0,1200.0,1362.0,973.0,900.0,901.0,904.0,907.0,907.0,900.0,2583.0,2687.0,3233.0,1200.0,1362.0,973.0,900.0,901.0,904.0
1.0,7285.0,2729.0,2707.0,2313.0,3959.0,1101.0,1356.0,1502.0,901.0,902.0,904.0,914.0,907.0,908.0,2400.0,2242.0,2643.0,1101.0,1356.0,1502.0,901.0,902.0,904.0
1.0,6869.0,2728.0,2708.0,3535.0,3156.0,814.0,908.0,1434.0,901.0,902.0,905.0,913.0,914.0,901.0,2503.0,2252.0,2114.0,814.0,908.0,1434.0,901.0,902.0,905.0
1.0,7676.0,2703.0,2708.0,3959.0,1900.0,617.0,454.0,829.0,901.0,902.0,905.0,904.0,902.0,897.0,2790.0,2700.0,2186.0,617.0,454.0,829.0,901.0,902.0,905.0
1.0,8932.0,2726.0,2710.0,3156.0,1478.0,729.0,446.0,303.0,902.0,903.0,905.0,922.0,896.0,908.0,2987.0,3154.0,2791.0,729.0,446.0,303.0,902.0,903.0,905.0
1.0,9362.0,2756.0,2710.0,1900.0,2334.0,1031.0,921.0,382.0,902.0,903.0,905.0,919.0,929.0,908.0,2879.0,3166.0,3317.0,1031.0,921.0,382.0,902.0,903.0,905.0
1.0,8506.0,2705.0,2710.0,1478.0,3561.0,1210.0,1370.0,981.0,902.0,903.0,905.0,908.0,895.0,902.0,2577.0,2691.0,3238.0,1210.0,1370.0,981.0,902.0,903.0,905.0
1.0,7279.0,2742.0,2713.0,2334.0,3981.0,1095.0,1370.0,1516.0,903.0,904.0,906.0,912.0,917.0,913.0,2398.0,2242.0,2639.0,1095.0,1370.0,1516.0,903.0,904.0,906.0
1.0,6871.0,2763.0,2714.0,3561.0,3187.0,811.0,927.0,1449.0,903.0,904.0,907.0,926.0,927.0,910.0,2517.0,2246.0,2108.0,811.0,927.0,1449.0,903.0,904.0,907.0
1.0,7669.0,2754.0,2715.0,3981.0,1964.0,632.0,487.0,845.0,903.0,905.0,907.0,916.0,926.0,912.0,2801.0,2689.0,2179.0,632.0,487.0,845.0,903.0,905.0,907.0
1.0,8896.0,2711.0,2717.0,3187.0,1496.0,736.0,464.0,296.0,904.0,906.0,907.0,911.0,900.0,900.0,2980.0,3133.0,2783.0,736.0,464.0,296.0,904.0,906.0,907.0
1.0,9372.0,2727.0,2717.0,1964.0,2259.0,1018.0,887.0,354.0,904.0,906.0,907.0,914.0,910.0,903.0,2880.0,3160.0,3332.0,1018.0,887.0,354.0,904.0,906.0,907.0
1.0,8609.0,2702.0,2717.0,1496.0,3465.0,1188.0,1328.0,949.0,904.0,906.0,907.0,906.0,905.0,891.0,2598.0,2737.0,3274.0,1188.0,1328.0,949.0,904.0,906.0,907.0
1.0,7403.0,2714.0,2718.0,2259.0,3924.0,1082.0,1355.0,1487.0,904.0,907.0,907.0,912.0,910.0,892.0,2428.0,2296.0,2679.0,1082.0,1355.0,1487.0,904.0,907.0,907.0
1.0,6948.0,2723.0,2718.0,3465.0,3182.0,801.0,940.0,1441.0,904.0,907.0,907.0,907.0,913.0,903.0,2534.0,2273.0,2141.0,801.0,940.0,1441.0,904.0,907.0,907.0
1.0,7690.0,2707.0,2717.0,3924.0,1961.0,630.0,484.0,847.0,904.0,907.0,906.0,911.0,899.0,897.0,2815.0,2688.0,2187.0,630.0,484.0,847.0,904.0,907.0,906.0
1.0,8907.0,2710.0,2718.0,3182.0,1493.0,744.0,445.0,304.0,905.0,907.0,906.0,911.0,901.0,898.0,2986.0,3144.0,2777.0,744.0,445.0,304.0,905.0,907.0,906.0
1.0,9379.0,2758.0,2720.0,1961.0,2298.0,1033.0,878.0,387.0,905.0,908.0,907.0,919.0,913.0,926.0,2876.0,3183.0,3320.0,1033.0,878.0,387.0,905.0,908.0,907.0
1.0,8582.0,2726.0,2721.0,1493.0,3535.0,1208.0,1345.0,982.0,906.0,908.0,907.0,915.0,912.0,899.0,2587.0,2754.0,3241.0,1208.0,1345.0,982.0,906.0,908.0,907.0
1.0,7349.0,2709.0,2721.0,2298.0,3946.0,1091.0,1360.0,1495.0,906.0,908.0,907.0,916.0,893.0,900.0,2416.0,2287.0,2646.0,1091.0,1360.0,1495.0,906.0,908.0,907.0
1.0,6938.0,2730.0,2721.0,3535.0,3141.0,796.0,920.0,1425.0,906.0,908.0,907.0,913.0,905.0,912.0,2533.0,2272.0,2133.0,796.0,920.0,1425.0,906.0,908.0,907.0
1.0,7743.0,2707.0,2721.0,3946.0,1902.0,603.0,466.0,833.0,906.0,908.0,907.0,898.0,906.0,903.0,2828.0,2712.0,2203.0,603.0,466.0,833.0,906.0,908.0,907.0
1.0,8982.0,2781.0,2724.0,3141.0,1554.0,742.0,477.0,335.0,907.0,909.0,908.0,931.0,927.0,923.0,3021.0,3166.0,2795.0,742.0,477.0,335.0,907.0,909.0,908.0
1.0,9342.0,2742.0,2724.0,1902.0,2394.0,1063.0,922.0,409.0,907.0,909.0,908.0,924.0,911.0,907.0,2886.0,3159.0,3297.0,1063.0,922.0,409.0,907.0,909.0,908.0
1.0,8502.0,2708.0,2725.0,1554.0,3552.0,1233.0,1341.0,978.0,908.0,909.0,908.0,908.0,896.0,904.0,2565.0,2714.0,3223.0,1233.0,1341.0,978.0,908.0,909.0,908.0
1.0,7348.0,2750.0,2724.0,2394.0,3904.0,1093.0,1337.0,1474.0,908.0,909.0,907.0,923.0,918.0,909.0,2399.0,2295.0,2654.0,1093.0,1337.0,1474.0,908.0,909.0,907.0
1.0,6992.0,2723.0,2724.0,3552.0,3075.0,772.0,900.0,1403.0,908.0,909.0,907.0,912.0,904.0,907.0,2539.0,2299.0,2154.0,772.0,900.0,1403.0,908.0,909.0,907.0
1.0,7821.0,2674.0,2724.0,3904.0,1845.0,575.0,456.0,814.0,908.0,909.0,907.0,896.0,893.0,885.0,2860.0,2736.0,2225.0,575.0,456.0,814.0,908.0,909.0,907.0
1.0,9051.0,2712.0,2726.0,3075.0,1490.0,710.0,465.0,315.0,909.0,910.0,907.0,903.0,905.0,904.0,3057.0,3180.0,2814.0,710.0,465.0,315.0,909.0,910.0,907.0
1.0,9414.0,2768.0,2726.0,1845.0,2413.0,1052.0,946.0,415.0,909.0,910.0,907.0,917.0,937.0,914.0,2926.0,3175.0,3313.0,1052.0,946.0,415.0,909.0,910.0,907.0
1.0,8491.0,2715.0,2726.0,1490.0,3638.0,1249.0,1381.0,1008.0,909.0,910.0,907.0,907.0,900.0,908.0,2584.0,2694.0,3213.0,1249.0,1381.0,1008.0,909.0,910.0,907.0
1.0,7266.0,2795.0,2728.0,2413.0,4028.0,1140.0,1355.0,1533.0,910.0,910.0,908.0,939.0,920.0,936.0,2387.0,2259.0,2620.0,1140.0,1355.0,1533.0,910.0,910.0,908.0
1.0,6884.0,2717.0,2729.0,3638.0,3111.0,800.0,877.0,1434.0,910.0,911.0,908.0,909.0,899.0,909.0,2500.0,2285.0,2099.0,800.0,877.0,1434.0,910.0,911.0,908.0
1.0,7805.0,2742.0,2729.0,4028.0,1825.0,568.0,432.0,825.0,910.0,911.0,908.0,908.0,910.0,924.0,2840.0,2767.0,2198.0,568.0,432.0,825.0,910.0,911.0,908.0
1.0,9091.0,2756.0,2729.0,3111.0,1470.0,677.0,475.0,318.0,910.0,911.0,908.0,909.0,920.0,927.0,3072.0,3212.0,2807.0,677.0,475.0,318.0,910.0,911.0,908.0
1.0,9446.0,2757.0,2731.0,1825.0,2410.0,1030.0,962.0,418.0,911.0,911.0,909.0,917.0,919.0,921.0,2963.0,3169.0,3314.0,1030.0,962.0,418.0,911.0,911.0,909.0
1.0,8514.0,2731.0,2730.0,1470.0,3667.0,1257.0,1399.0,1011.0,910.0,911.0,909.0,908.0,912.0,911.0,2614.0,2682.0,3218.0,1257.0,1399.0,1011.0,910.0,911.0,909.0
1.0,7253.0,2787.0,2731.0,2410.0,4048.0,1156.0,1368.0,1524.0,911.0,911.0,909.0,925.0,931.0,931.0,2383.0,2245.0,2625.0,1156.0,1368.0,1524.0,911.0,911.0,909.0
1.0,6876.0,2751.0,2732.0,3667.0,3136.0,813.0,891.0,1432.0,911.0,912.0,909.0,914.0,918.0,919.0,2488.0,2276.0,2112.0,813.0,891.0,1432.0,911.0,912.0,909.0
1.0,7792.0,2716.0,2731.0,4048.0,1800.0,559.0,420.0,821.0,911.0,911.0,909.0,902.0,901.0,913.0,2831.0,2757.0,2204.0,559.0,420.0,821.0,911.0,911.0,909.0
1.0,9124.0,2769.0,2733.0,3136.0,1441.0,660.0,458.0,323.0,911.0,912.0,910.0,914.0,925.0,930.0,3085.0,3224.0,2815.0,660.0,458.0,323.0,911.0,912.0,910.0
1.0,9491.0,2754.0,2732.0,1800.0,2391.0,1013.0,948.0,430.0,911.0,911.0,910.0,912.0,914.0,928.0,2984.0,3190.0,3317.0,1013.0,948.0,430.0,911.0,911.0,910.0
1.0,8537.0,2760.0,2733.0,1441.0,3714.0,1265.0,1406.0,1043.0,912.0,911.0,910.0,908.0,916.0,936.0,2631.0,2696.0,3210.0,1265.0,1406.0,1043.0,912.0,911.0,910.0
1.0,7218.0,2788.0,2735.0,2391.0,4119.0,1180.0,1390.0,1549.0,912.0,912.0,911.0,928.0,928.0,932.0,2383.0,2238.0,2597.0,1180.0,1390.0,1549.0,912.0,912.0,911.0
1.0,6821.0,2770.0,2735.0,3714.0,3175.0,826.0,912.0,1437.0,912.0,912.0,911.0,911.0,928.0,931.0,2468.0,2258.0,2095.0,826.0,912.0,1437.0,912.0,912.0,911.0
1.0,7765.0,2772.0,2736.0,4119.0,1832.0,573.0,445.0,814.0,913.0,912.0,911.0,923.0,923.0,926.0,2822.0,2736.0,2207.0,573.0,445.0,814.0,913.0,912.0,911.0
1.0,9112.0,2755.0,2737.0,3175.0,1416.0,661.0,448.0,307.0,913.0,912.0,912.0,914.0,915.0,926.0,3079.0,3203.0,2830.0,661.0,448.0,307.0,913.0,912.0,912.0
1.0,9532.0,2752.0,2737.0,1832.0,2336.0,1004.0,920.0,412.0,913.0,912.0,912.0,916.0,917.0,919.0,2991.0,3200.0,3341.0,1004.0,920.0,412.0,913.0,912.0,912.0
1.0,8612.0,2749.0,2737.0,1416.0,3669.0,1252.0,1395.0,1022.0,913.0,912.0,912.0,909.0,923.0,917.0,2648.0,2728.0,3236.0,1252.0,1395.0,1022.0,913.0,912.0,912.0
1.0,7279.0,2756.0,2737.0,2336.0,4089.0,1164.0,1388.0,1537.0,913.0,912.0,912.0,916.0,913.0,927.0,2400.0,2253.0,2626.0,1164.0,1388.0,1537.0,913.0,912.0,912.0
1.0,6859.0,2800.0,2739.0,3669.0,3228.0,843.0,938.0,1447.0,914.0,913.0,912.0,927.0,941.0,932.0,2488.0,2260.0,2111.0,843.0,938.0,1447.0,914.0,913.0,912.0
1.0,7728.0,2752.0,2740.0,4089.0,1895.0,598.0,463.0,834.0,914.0,913.0,913.0,919.0,913.0,920.0,2813.0,2714.0,2201.0,598.0,463.0,834.0,914.0,913.0,913.0
1.0,9065.0,2754.0,2740.0,3228.0,1421.0,669.0,440.0,312.0,914.0,913.0,913.0,914.0,915.0,925.0,3058.0,3189.0,2818.0,669.0,440.0,312.0,914.0,913.0,913.0
1.0,9539.0,2783.0,2741.0,1895.0,2313.0,999.0,893.0,421.0,914.0,913.0,914.0,928.0,916.0,939.0,2987.0,3212.0,3340.0,999.0,893.0,421.0,914.0,913.0,914.0
1.0,8651.0,2770.0,2741.0,1421.0,3662.0,1239.0,1380.0,1043.0,914.0,913.0,914.0,909.0,927.0,934.0,2657.0,2759.0,3235.0,1239.0,1380.0,1043.0,914.0,913.0,914.0
1.0,7302.0,2778.0,2743.0,2313.0,4135.0,1157.0,1408.0,1570.0,914.0,914.0,915.0,917.0,917.0,944.0,2417.0,2272.0,2613.0,1157.0,1408.0,1570.0,914.0,914.0,915.0
1.0,6837.0,2770.0,2744.0,3662.0,3247.0,841.0,939.0,1467.0,914.0,914.0,916.0,923.0,911.0,936.0,2499.0,2248.0,2090.0,841.0,939.0,1467.0,914.0,914.0,916.0
1.0,7729.0,2778.0,2745.0,4135.0,1894.0,614.0,459.0,821.0,915.0,914.0,916.0,926.0,928.0,924.0,2815.0,2717.0,2197.0,614.0,459.0,821.0,915.0,914.0,916.0
1.0,9086.0,2734.0,2745.0,3247.0,1381.0,681.0,436.0,264.0,915.0,914.0,916.0,908.0,916.0,910.0,3046.0,3197.0,2843.0,681.0,436.0,264.0,915.0,914.0,916.0
1.0,9599.0,2742.0,2745.0,1894.0,2229.0,987.0,883.0,359.0,915.0,914.0,916.0,920.0,906.0,916.0,2979.0,3220.0,3400.0,987.0,883.0,359.0,915.0,914.0,916.0
1.0,8751.0,2759.0,2745.0,1381.0,3607.0,1226.0,1372.0,1009.0,915.0,914.0,916.0,920.0,925.0,914.0,2673.0,2773.0,3305.0,1226.0,1372.0,1009.0,915.0,914.0,916.0
1.0,7373.0,2790.0,2746.0,2229.0,4172.0,1155.0,1426.0,1591.0,915.0,914.0,917.0,916.0,937.0,937.0,2434.0,2284.0,2655.0,1155.0,1426.0,1591.0,915.0,914.0,917.0
1.0,6812.0,2716.0,2747.0,3607.0,3285.0,833.0,971.0,1481.0,915.0,915.0,917.0,904.0,913.0,899.0,2505.0,2230.0,2077.0,833.0,971.0,1481.0,915.0,915.0,917.0
1.0,7703.0,2804.0,2747.0,4172.0,1917.0,615.0,484.0,818.0,915.0,915.0,917.0,937.0,939.0,928.0,2827.0,2689.0,2187.0,615.0,484.0,818.0,915.0,915.0,917.0
1.0,9071.0,2748.0,2748.0,3285.0,1384.0,702.0,427.0,255.0,915.0,915.0,918.0,920.0,914.0,914.0,3045.0,3176.0,2850.0,702.0,427.0,255.0,915.0,915.0,918.0
1.0,9608.0,2758.0,2748.0,1917.0,2225.0,999.0,865.0,361.0,915.0,915.0,918.0,912.0,922.0,924.0,2958.0,3233.0,3417.0,999.0,865.0,361.0,915.0,915.0,918.0
1.0,8767.0,2805.0,2751.0,1384.0,3658.0,1227.0,1382.0,1049.0,916.0,916.0,919.0,926.0,940.0,939.0,2661.0,2795.0,3311.0,1227.0,1382.0,1049.0,916.0,916.0,919.0
1.0,7346.0,2767.0,2752.0,2225.0,4204.0,1151.0,1453.0,1600.0,916.0,917.0,919.0,923.0,932.0,912.0,2437.0,2282.0,2627.0,1151.0,1453.0,1600.0,916.0,917.0,919.0
1.0,6804.0,2758.0,2753.0,3658.0,3308.0,841.0,994.0,1473.0,916.0,917.0,920.0,917.0,923.0,918.0,2513.0,2215.0,2076.0,841.0,994.0,1473.0,916.0,917.0,920.0
1.0,7704.0,2765.0,2753.0,4204.0,1869.0,616.0,457.0,796.0,916.0,917.0,920.0,926.0,916.0,923.0,2823.0,2674.0,2207.0,616.0,457.0,796.0,916.0,917.0,920.0
1.0,9143.0,2753.0,2753.0,3308.0,1314.0,699.0,384.0,231.0,916.0,917.0,920.0,924.0,921.0,908.0,3048.0,3211.0,2884.0,699.0,384.0,231.0,916.0,917.0,920.0
1.0,9698.0,2737.0,2754.0,1869.0,2186.0,995.0,848.0,343.0,916.0,918.0,920.0,912.0,917.0,908.0,2965.0,3284.0,3449.0,995.0,848.0,343.0,916.0,918.0,920.0
1.0,8830.0,2769.0,2754.0,1314.0,3641.0,1225.0,1383.0,1033.0,916.0,918.0,920.0,929.0,919.0,921.0,2669.0,2824.0,3337.0,1225.0,1383.0,1033.0,916.0,918.0,920.0
1.0,7375.0,2799.0,2757.0,2186.0,4266.0,1163.0,1472.0,1631.0,917.0,919.0,921.0,929.0,933.0,937.0,2439.0,2289.0,2647.0,1163.0,1472.0,1631.0,917.0,919.0,921.0
1.0,6762.0,2797.0,2757.0,3641.0,3422.0,876.0,1028.0,1518.0,917.0,919.0,921.0,938.0,939.0,920.0,2505.0,2204.0,2053.0,876.0,1028.0,1518.0,917.0,919.0,921.0
1.0,7606.0,2786.0,2757.0,4266.0,1942.0,636.0,494.0,812.0,917.0,919.0,921.0,923.0,938.0,925.0,2792.0,2648.0,2166.0,636.0,494.0,812.0,917.0,919.0,921.0
1.0,9086.0,2763.0,2760.0,3422.0,1295.0,687.0,389.0,219.0,918.0,920.0,922.0,923.0,919.0,921.0,3032.0,3182.0,2872.0,687.0,389.0,219.0,918.0,920.0,922.0
1.0,9745.0,2743.0,2759.0,1942.0,2092.0,959.0,813.0,320.0,917.0,920.0,922.0,912.0,918.0,913.0,2985.0,3291.0,3469.0,959.0,813.0,320.0,917.0,920.0,922.0
1.0,8944.0,2746.0,2759.0,1295.0,3543.0,1190.0,1338.0,1015.0,917.0,920.0,922.0,918.0,914.0,914.0,2709.0,2867.0,3368.0,1190.0,1338.0,1015.0,917.0,920.0,922.0
1.0,7493.0,2764.0,2761.0,2092.0,4223.0,1154.0,1458.0,1611.0,918.0,921.0,922.0,919.0,929.0,916.0,2478.0,2342.0,2673.0,1154.0,1458.0,1611.0,918.0,921.0,922.0
1.0,6821.0,2774.0,2762.0,3543.0,3458.0,894.0,1049.0,1515.0,918.0,921.0,923.0,930.0,929.0,915.0,2518.0,2226.0,2077.0,894.0,1049.0,1515.0,918.0,921.0,923.0
1.0,7590.0,2776.0,2763.0,4223.0,2015.0,681.0,512.0,822.0,919.0,921.0,923.0,937.0,921.0,918.0,2778.0,2635.0,2177.0,681.0,512.0,822.0,919.0,921.0,923.0
1.0,9037.0,2801.0,2763.0,3458.0,1358.0,730.0,392.0,236.0,919.0,921.0,923.0,943.0,929.0,929.0,2995.0,3172.0,2870.0,730.0,392.0,236.0,919.0,921.0,923.0
1.0,9694.0,2779.0,2763.0,2015.0,2122.0,981.0,808.0,333.0,919.0,921.0,923.0,932.0,928.0,919.0,2946.0,3292.0,3456.0,981.0,808.0,333.0,919.0,921.0,923.0
1.0,8930.0,2781.0,2765.0,1358.0,3553.0,1190.0,1347.0,1016.0,920.0,922.0,923.0,935.0,927.0,919.0,2695.0,2876.0,3359.0,1190.0,1347.0,1016.0,920.0,922.0,923.0
1.0,7507.0,2788.0,2765.0,2122.0,4219.0,1142.0,1468.0,1609.0,920.0,922.0,923.0,933.0,929.0,926.0,2490.0,2341.0,2676.0,1142.0,1468.0,1609.0,920.0,922.0,923.0
1.0,6841.0,2761.0,2765.0,3553.0,3427.0,871.0,1047.0,1509.0,920.0,922.0,923.0,919.0,926.0,916.0,2538.0,2220.0,2083.0,871.0,1047.0,1509.0,920.0,922.0,923.0
1.0,7633.0,2781.0,2767.0,4219.0,1997.0,656.0,520.0,821.0,921.0,923.0,923.0,923.0,937.0,921.0,2809.0,2641.0,2183.0,656.0,520.0,821.0,921.0,923.0,923.0
1.0,9071.0,2778.0,2767.0,3427.0,1348.0,712.0,403.0,233.0,921.0,923.0,923.0,927.0,930.0,921.0,3028.0,3172.0,2871.0,712.0,403.0,233.0,921.0,923.0,923.0
1.0,9720.0,2764.0,2767.0,1997.0,2115.0,977.0,808.0,330.0,921.0,923.0,923.0,921.0,925.0,918.0,2972.0,3289.0,3459.0,977.0,808.0,330.0,921.0,923.0,923.0
1.0,8953.0,2758.0,2767.0,1348.0,3525.0,1180.0,1329.0,1016.0,921.0,923.0,923.0,915.0,924.0,919.0,2707.0,2884.0,3362.0,1180.0,1329.0,1016.0,921.0,923.0,923.0
1.0,7543.0,2819.0,2769.0,2115.0,4237.0,1151.0,1459.0,1627.0,922.0,924.0,923.0,944.0,934.0,941.0,2504.0,2363.0,2676.0,1151.0,1459.0,1627.0,922.0,924.0,923.0
1.0,6839.0,2773.0,2769.0,3525.0,3485.0,905.0,1051.0,1529.0,922.0,924.0,923.0,934.0,921.0,918.0,2537.0,2237.0,2065.0,905.0,1051.0,1529.0,922.0,924.0,923.0
1.0,7591.0,2782.0,2770.0,4237.0,2034.0,694.0,514.0,826.0,923.0,924.0,923.0,936.0,922.0,924.0,2783.0,2645.0,2163.0,694.0,514.0,826.0,923.0,924.0,923.0
1.0,9046.0,2759.0,2769.0,3485.0,1304.0,707.0,388.0,209.0,923.0,924.0,922.0,918.0,925.0,916.0,2998.0,3182.0,2866.0,707.0,388.0,209.0,923.0,924.0,922.0
1.0,9772.0,2799.0,2769.0,2034.0,2069.0,948.0,812.0,309.0,923.0,924.0,922.0,935.0,938.0,926.0,2985.0,3308.0,3479.0,948.0,812.0,309.0,923.0,924.0,922.0
1.0,9007.0,2796.0,2769.0,1304.0,3561.0,1180.0,1354.0,1027.0,923.0,924.0,922.0,939.0,930.0,927.0,2744.0,2884.0,3379.0,1180.0,1354.0,1027.0,923.0,924.0,922.0
1.0,7515.0,2766.0,2769.0,2069.0,4258.0,1153.0,1461.0,1644.0,923.0,924.0,922.0,921.0,919.0,926.0,2512.0,2342.0,2661.0,1153.0,1461.0,1644.0,923.0,924.0,922.0
1.0,6818.0,2772.0,2770.0,3561.0,3473.0,904.0,1022.0,1547.0,924.0,924.0,922.0,927.0,915.0,930.0,2539.0,2235.0,2044.0,904.0,1022.0,1547.0,924.0,924.0,922.0
1.0,7607.0,2816.0,2772.0,4258.0,2039.0,687.0,502.0,850.0,924.0,925.0,923.0,936.0,937.0,943.0,2792.0,2674.0,2141.0,687.0,502.0,850.0,924.0,925.0,923.0
1.0,9049.0,2781.0,2772.0,3473.0,1347.0,713.0,405.0,229.0,924.0,925.0,923.0,930.0,925.0,926.0,3009.0,3198.0,2842.0,713.0,405.0,229.0,924.0,925.0,923.0
1.0,9741.0,2742.0,2772.0,2039.0,2050.0,940.0,820.0,290.0,924.0,925.0,923.0,914.0,917.0,911.0,2983.0,3295.0,3463.0,940.0,820.0,290.0,924.0,925.0,923.0
1.0,9038.0,2800.0,2772.0,1347.0,3503.0,1159.0,1352.0,992.0,924.0,925.0,923.0,932.0,937.0,931.0,2756.0,2880.0,3402.0,1159.0,1352.0,992.0,924.0,925.0,923.0
1.0,7585.0,2781.0,2773.0,2050.0,4238.0,1147.0,1458.0,1633.0,925.0,925.0,923.0,924.0,926.0,931.0,2537.0,2348.0,2700.0,1147.0,1458.0,1633.0,925.0,925.0,923.0
1.0,6854.0,2771.0,2773.0,3503.0,3506.0,905.0,1041.0,1560.0,925.0,925.0,923.0,917.0,935.0,919.0,2553.0,2242.0,2059.0,905.0,1041.0,1560.0,925.0,925.0,923.0
1.0,7586.0,2781.0,2772.0,4238.0,2045.0,675.0,526.0,844.0,924.0,926.0,922.0,921.0,939.0,921.0,2795.0,2659.0,2132.0,675.0,526.0,844.0,924.0,926.0,922.0
1.0,9043.0,2819.0,2774.0,3506.0,1366.0,718.0,414.0,234.0,925.0,926.0,923.0,944.0,929.0,946.0,3021.0,3178.0,2844.0,718.0,414.0,234.0,925.0,926.0,923.0
1.0,9730.0,2821.0,2774.0,2045.0,2142.0,989.0,831.0,322.0,926.0,926.0,922.0,942.0,943.0,936.0,2982.0,3290.0,3458.0,989.0,831.0,322.0,926.0,926.0,922.0
1.0,8954.0,2765.0,2774.0,1366.0,3541.0,1188.0,1340.0,1013.0,926.0,926.0,922.0,917.0,923.0,925.0,2715.0,2873.0,3366.0,1188.0,1340.0,1013.0,926.0,926.0,922.0
1.0,7555.0,2792.0,2775.0,2142.0,4195.0,1127.0,1449.0,1619.0,926.0,927.0,922.0,928.0,936.0,928.0,2516.0,2364.0,2675.0,1127.0,1449.0,1619.0,926.0,927.0,922.0
1.0,6905.0,2740.0,2775.0,3541.0,3394.0,859.0,1019.0,1516.0,926.0,927.0,922.0,920.0,910.0,910.0,2577.0,2259.0,2069.0,859.0,1019.0,1516.0,926.0,927.0,922.0
1.0,7706.0,2723.0,2775.0,4195.0,1922.0,637.0,476.0,809.0,926.0,927.0,922.0,905.0,906.0,912.0,2845.0,2689.0,2172.0,637.0,476.0,809.0,926.0,927.0,922.0
1.0,9178.0,2729.0,2773.0,3394.0,1249.0,683.0,368.0,198.0,925.0,926.0,922.0,909.0,915.0,905.0,3067.0,3232.0,2879.0,683.0,368.0,198.0,925.0,926.0,922.0
1.0,9843.0,2808.0,2774.0,1922.0,2139.0,980.0,836.0,323.0,926.0,926.0,922.0,930.0,944.0,934.0,3017.0,3336.0,3490.0,980.0,836.0,323.0,926.0,926.0,922.0
1.0,8957.0,2825.0,2776.0,1249.0,3723.0,1245.0,1407.0,1071.0,926.0,927.0,923.0,948.0,935.0,942.0,2724.0,2868.0,3365.0,1245.0,1407.0,1071.0,926.0,927.0,923.0
1.0,7381.0,2764.0,2776.0,2139.0,4348.0,1182.0,1493.0,1673.0,926.0,927.0,923.0,917.0,922.0,925.0,2459.0,2301.0,2621.0,1182.0,1493.0,1673.0,926.0,927.0,923.0
1.0,6756.0,2751.0,2776.0,3723.0,3376.0,849.0,1008.0,1519.0,926.0,927.0,923.0,912.0,922.0,917.0,2522.0,2215.0,2019.0,849.0,1008.0,1519.0,926.0,927.0,923.0
1.0,7728.0,2800.0,2776.0,4348.0,1828.0,603.0,441.0,784.0,926.0,927.0,923.0,936.0,926.0,938.0,2855.0,2700.0,2173.0,603.0,441.0,784.0,926.0,927.0,923.0
1.0,9276.0,2811.0,2776.0,3376.0,1263.0,683.0,371.0,209.0,926.0,927.0,923.0,929.0,938.0,944.0,3101.0,3267.0,2908.0,683.0,371.0,209.0,926.0,927.0,923.0
1.0,9841.0,2807.0,2778.0,1828.0,2250.0,1018.0,866.0,366.0,927.0,927.0,924.0,934.0,936.0,937.0,3021.0,3337.0,3483.0,1018.0,866.0,366.0,927.0,927.0,924.0
1.0,8862.0,2760.0,2778.0,1263.0,3747.0,1259.0,1408.0,1080.0,927.0,927.0,924.0,924.0,913.0,923.0,2690.0,2842.0,3330.0,1259.0,1408.0,1080.0,927.0,927.0,924.0
1.0,7365.0,2790.0,2778.0,2250.0,4287.0,1172.0,1478.0,1637.0,927.0,927.0,924.0,931.0,936.0,923.0,2449.0,2300.0,2616.0,1172.0,1478.0,1637.0,927.0,927.0,924.0
1.0,6825.0,2776.0,2778.0,3747.0,3316.0,832.0,1004.0,1480.0,927.0,927.0,924.0,919.0,934.0,923.0,2536.0,2230.0,2059.0,832.0,1004.0,1480.0,927.0,927.0,924.0
1.0,7796.0,2781.0,2779.0,4287.0,1814.0,582.0,468.0,764.0,927.0,928.0,924.0,922.0,938.0,921.0,2876.0,2704.0,2216.0,582.0,468.0,764.0,927.0,928.0,924.0
1.0,9302.0,2765.0,2779.0,3316.0,1263.0,688.0,383.0,192.0,927.0,928.0,924.0,938.0,919.0,908.0,3126.0,3244.0,2932.0,688.0,383.0,192.0,927.0,928.0,924.0
1.0,9853.0,2766.0,2778.0,1814.0,2211.0,1030.0,829.0,352.0,927.0,927.0,924.0,924.0,918.0,924.0,3020.0,3329.0,3504.0,1030.0,829.0,352.0,927.0,927.0,924.0
1.0,8901.0,2854.0,2780.0,1263.0,3810.0,1298.0,1394.0,1118.0,927.0,928.0,925.0,956.0,944.0,954.0,2678.0,2879.0,3344.0,1298.0,1394.0,1118.0,927.0,928.0,925.0
1.0,7310.0,2846.0,2781.0,2211.0,4449.0,1225.0,1508.0,1716.0,928.0,928.0,925.0,953.0,943.0,950.0,2410.0,2318.0,2582.0,1225.0,1508.0,1716.0,928.0,928.0,925.0
1.0,6675.0,2789.0,2781.0,3810.0,3428.0,851.0,1047.0,1530.0,928.0,928.0,925.0,924.0,933.0,932.0,2487.0,2204.0,1984.0,851.0,1047.0,1530.0,928.0,928.0,925.0
1.0,7696.0,2805.0,2782.0,4449.0,1788.0,561.0,471.0,756.0,928.0,928.0,926.0,935.0,932.0,938.0,2861.0,2665.0,2170.0,561.0,471.0,756.0,928.0,928.0,926.0
1.0,9340.0,2839.0,2784.0,3428.0,1207.0,655.0,375.0,177.0,929.0,929.0,926.0,941.0,947.0,951.0,3151.0,3241.0,2948.0,655.0,375.0,177.0,929.0,929.0,926.0
1.0,9929.0,2807.0,2785.0,1788.0,2230.0,1021.0,844.0,365.0,929.0,929.0,927.0,927.0,940.0,940.0,3061.0,3341.0,3527.0,1021.0,844.0,365.0,929.0,929.0,927.0
1.0,8910.0,2823.0,2785.0,1207.0,3846.0,1305.0,1416.0,1125.0,929.0,929.0,927.0,939.0,947.0,937.0,2695.0,2872.0,3343.0,1305.0,1416.0,1125.0,929.0,929.0,927.0
1.0,7294.0,2831.0,2787.0,2230.0,4455.0,1226.0,1527.0,1702.0,929.0,930.0,928.0,942.0,951.0,938.0,2411.0,2300.0,2583.0,1226.0,1527.0,1702.0,929.0,930.0,928.0
1.0,6693.0,2842.0,2787.0,3846.0,3451.0,866.0,1057.0,1528.0,929.0,930.0,928.0,945.0,946.0,951.0,2490.0,2193.0,2010.0,866.0,1057.0,1528.0,929.0,930.0,928.0
1.0,7697.0,2797.0,2787.0,4455.0,1793.0,573.0,467.0,753.0,929.0,930.0,928.0,933.0,937.0,927.0,2850.0,2663.0,2184.0,573.0,467.0,753.0,929.0,930.0,928.0
1.0,9355.0,2822.0,2789.0,3451.0,1172.0,649.0,360.0,163.0,929.0,931.0,929.0,942.0,946.0,934.0,3143.0,3253.0,2959.0,649.0,360.0,163.0,929.0,931.0,929.0
1.0,9984.0,2853.0,2790.0,1793.0,2236.0,1029.0,836.0,371.0,930.0,931.0,929.0,949.0,943.0,961.0,3067.0,3364.0,3553.0,1029.0,836.0,371.0,930.0,931.0,929.0
1.0,8924.0,2835.0,2791.0,1172.0,3903.0,1327.0,1414.0,1162.0,930.0,931.0,930.0,947.0,938.0,950.0,2691.0,2888.0,3345.0,1327.0,1414.0,1162.0,930.0,931.0,930.0
1.0,7261.0,2830.0,2793.0,2236.0,4505.0,1245.0,1533.0,1727.0,931.0,932.0,930.0,943.0,951.0,936.0,2393.0,2310.0,2558.0,1245.0,1533.0,1727.0,931.0,932.0,930.0
1.0,6667.0,2838.0,2793.0,3903.0,3440.0,865.0,1071.0,1504.0,931.0,932.0,930.0,947.0,952.0,939.0,2479.0,2195.0,1993.0,865.0,1071.0,1504.0,931.0,932.0,930.0
1.0,7732.0,2782.0,2794.0,4505.0,1721.0,552.0,461.0,708.0,931.0,932.0,931.0,932.0,923.0,927.0,2859.0,2657.0,2216.0,552.0,461.0,708.0,931.0,932.0,931.0
1.0,9455.0,2828.0,2795.0,3440.0,1113.0,627.0,342.0,144.0,932.0,932.0,931.0,936.0,952.0,940.0,3172.0,3267.0,3016.0,627.0,342.0,144.0,932.0,932.0,931.0
1.0,10067.0,2833.0,2796.0,1721.0,2229.0,1018.0,830.0,381.0,932.0,933.0,931.0,943.0,945.0,945.0,3101.0,3386.0,3580.0,1018.0,830.0,381.0,932.0,933.0,931.0
1.0,8955.0,2786.0,2796.0,1113.0,3902.0,1319.0,1420.0,1163.0,932.0,933.0,931.0,928.0,932.0,926.0,2710.0,2902.0,3343.0,1319.0,1420.0,1163.0,932.0,933.0,931.0
1.0,7282.0,2821.0,2797.0,2229.0,4498.0,1236.0,1535.0,1727.0,932.0,933.0,932.0,935.0,945.0,941.0,2409.0,2312.0,2561.0,1236.0,1535.0,1727.0,932.0,933.0,932.0
1.0,6690.0,2793.0,2797.0,3902.0,3389.0,839.0,1048.0,1502.0,932.0,933.0,932.0,922.0,933.0,938.0,2492.0,2197.0,2001.0,839.0,1048.0,1502.0,932.0,933.0,932.0
1.0,7799.0,2803.0,2798.0,4498.0,1698.0,537.0,456.0,705.0,932.0,934.0,932.0,934.0,939.0,930.0,2889.0,2684.0,2226.0,537.0,456.0,705.0,932.0,934.0,932.0
1.0,9494.0,2781.0,2796.0,3389.0,1082.0,610.0,333.0,139.0,931.0,933.0,932.0,916.0,929.0,936.0,3191.0,3280.0,3023.0,610.0,333.0,139.0,931.0,933.0,932.0
1.0,10102.0,2843.0,2798.0,1698.0,2235.0,1011.0,831.0,393.0,931.0,934.0,933.0,938.0,950.0,955.0,3114.0,3399.0,3589.0,1011.0,831.0,393.0,931.0,934.0,933.0
1.0,8957.0,2804.0,2799.0,1082.0,3961.0,1338.0,1422.0,1201.0,932.0,934.0,933.0,933.0,924.0,947.0,2713.0,2905.0,3339.0,1338.0,1422.0,1201.0,932.0,934.0,933.0
1.0,7235.0,2833.0,2799.0,2235.0,4559.0,1266.0,1537.0,1756.0,932.0,934.0,933.0,939.0,946.0,948.0,2390.0,2314.0,2531.0,1266.0,1537.0,1756.0,932.0,934.0,933.0
1.0,6637.0,2856.0,2801.0,3961.0,3462.0,874.0,1074.0,1514.0,932.0,935.0,934.0,946.0,955.0,955.0,2462.0,2199.0,1976.0,874.0,1074.0,1514.0,932.0,935.0,934.0
1.0,7742.0,2776.0,2801.0,4559.0,1679.0,526.0,464.0,689.0,932.0,935.0,934.0,918.0,927.0,931.0,2854.0,2666.0,2222.0,526.0,464.0,689.0,932.0,935.0,934.0
1.0,9525.0,2767.0,2801.0,3462.0,984.0,573.0,313.0,98.0,932.0,935.0,934.0,921.0,923.0,923.0,3202.0,3276.0,3047.0,573.0,313.0,98.0,932.0,935.0,934.0
1.0,10220.0,2830.0,2801.0,1679.0,2135.0,992.0,796.0,347.0,932.0,935.0,934.0,945.0,947.0,938.0,3155.0,3427.0,3638.0,992.0,796.0,347.0,932.0,935.0,934.0
1.0,9069.0,2727.0,2801.0,984.0,3878.0,1331.0,1392.0,1155.0,932.0,935.0,934.0,912.0,909.0,906.0,2736.0,2944.0,3389.0,1331.0,1392.0,1155.0,932.0,935.0,934.0
1.0,7326.0,2798.0,2801.0,2135.0,4541.0,1268.0,1527.0,1746.0,932.0,935.0,934.0,929.0,931.0,938.0,2397.0,2348.0,2581.0,1268.0,1527.0,1746.0,932.0,935.0,934.0
1.0,6663.0,2788.0,2801.0,3878.0,3451.0,860.0,1064.0,1527.0,932.0,935.0,934.0,923.0,929.0,936.0,2460.0,2213.0,1990.0,860.0,1064.0,1527.0,932.0,935.0,934.0
1.0,7753.0,2790.0,2800.0,4541.0,1696.0,518.0,462.0,716.0,932.0,934.0,934.0,926.0,929.0,935.0,2868.0,2676.0,2209.0,518.0,462.0,716.0,932.0,934.0,934.0
1.0,9504.0,2750.0,2800.0,3451.0,995.0,578.0,312.0,105.0,932.0,934.0,934.0,920.0,914.0,916.0,3210.0,3274.0,3020.0,578.0,312.0,105.0,932.0,934.0,934.0
1.0,10205.0,2789.0,2800.0,1696.0,2088.0,993.0,781.0,314.0,932.0,934.0,934.0,933.0,931.0,925.0,3150.0,3424.0,3631.0,993.0,781.0,314.0,932.0,934.0,934.0
1.0,9112.0,2781.0,2801.0,995.0,3878.0,1343.0,1403.0,1132.0,932.0,935.0,934.0,928.0,930.0,923.0,2735.0,2955.0,3422.0,1343.0,1403.0,1132.0,932.0,935.0,934.0
1.0,7326.0,2804.0,2803.0,2088.0,4602.0,1294.0,1548.0,1760.0,933.0,935.0,935.0,940.0,926.0,938.0,2385.0,2337.0,2604.0,1294.0,1548.0,1760.0,933.0,935.0,935.0
1.0,6610.0,2825.0,2803.0,3878.0,3549.0,897.0,1085.0,1567.0,933.0,935.0,935.0,946.0,940.0,939.0,2438.0,2192.0,1980.0,897.0,1085.0,1567.0,933.0,935.0,935.0
1.0,7663.0,2772.0,2803.0,4602.0,1719.0,535.0,459.0,725.0,933.0,935.0,935.0,932.0,922.0,918.0,2835.0,2655.0,2173.0,535.0,459.0,725.0,933.0,935.0,935.0
1.0,9493.0,2762.0,2802.0,3549.0,928.0,555.0,304.0,69.0,933.0,935.0,934.0,917.0,930.0,915.0,3197.0,3281.0,3015.0,555.0,304.0,69.0,933.0,935.0,934.0
1.0,10280.0,2787.0,2802.0,1719.0,1996.0,952.0,773.0,271.0,933.0,935.0,934.0,932.0,928.0,927.0,3177.0,3436.0,3667.0,952.0,773.0,271.0,933.0,935.0,934.0
1.0,9212.0,2849.0,2804.0,928.0,3925.0,1348.0,1417.0,1160.0,934.0,935.0,935.0,947.0,948.0,954.0,2780.0,2967.0,3465.0,1348.0,1417.0,1160.0,934.0,935.0,935.0
1.0,7291.0,2834.0,2805.0,1996.0,4767.0,1349.0,1588.0,1830.0,934.0,936.0,935.0,953.0,940.0,941.0,2388.0,2323.0,2580.0,1349.0,1588.0,1830.0,934.0,936.0,935.0
1.0,6453.0,2778.0,2804.0,3925.0,3616.0,929.0,1089.0,1598.0,934.0,935.0,935.0,928.0,922.0,928.0,2387.0,2156.0,1910.0,929.0,1089.0,1598.0,934.0,935.0,935.0
1.0,7600.0,2820.0,2805.0,4767.0,1673.0,521.0,450.0,702.0,934.0,936.0,935.0,941.0,945.0,934.0,2807.0,2651.0,2142.0,521.0,450.0,702.0,934.0,936.0,935.0
1.0,9547.0,2778.0,2805.0,3616.0,835.0,524.0,280.0,31.0,934.0,936.0,935.0,932.0,919.0,927.0,3215.0,3294.0,3038.0,524.0,280.0,31.0,934.0,936.0,935.0
1.0,10385.0,2814.0,2806.0,1673.0,1980.0,952.0,770.0,258.0,935.0,936.0,935.0,945.0,940.0,929.0,3212.0,3464.0,3709.0,952.0,770.0,258.0,935.0,936.0,935.0
1.0,9244.0,2797.0,2806.0,835.0,3942.0,1365.0,1421.0,1156.0,935.0,936.0,935.0,937.0,931.0,929.0,2788.0,2974.0,3482.0,1365.0,1421.0,1156.0,935.0,936.0,935.0
1.0,7282.0,2781.0,2805.0,1980.0,4739.0,1344.0,1570.0,1825.0,935.0,935.0,935.0,931.0,923.0,927.0,2375.0,2323.0,2584.0,1344.0,1570.0,1825.0,935.0,935.0,935.0
1.0,6481.0,2768.0,2806.0,3942.0,3569.0,910.0,1082.0,1577.0,935.0,936.0,935.0,931.0,929.0,908.0,2396.0,2170.0,1915.0,910.0,1082.0,1577.0,935.0,936.0,935.0
1.0,7655.0,2837.0,2807.0,4739.0,1671.0,513.0,457.0,701.0,935.0,936.0,936.0,947.0,945.0,945.0,2830.0,2662.0,2163.0,513.0,457.0,701.0,935.0,936.0,936.0
1.0,9557.0,2790.0,2806.0,3569.0,888.0,549.0,300.0,39.0,935.0,936.0,935.0,946.0,925.0,919.0,3227.0,3287.0,3043.0,549.0,300.0,39.0,935.0,936.0,935.0
1.0,10336.0,2795.0,2805.0,1671.0,2008.0,967.0,786.0,255.0,935.0,936.0,934.0,931.0,943.0,921.0,3191.0,3444.0,3701.0,967.0,786.0,255.0,935.0,936.0,934.0
1.0,9212.0,2836.0,2806.0,888.0,3960.0,1363.0,1435.0,1162.0,935.0,936.0,935.0,945.0,949.0,942.0,2773.0,2958.0,3481.0,1363.0,1435.0,1162.0,935.0,936.0,935.0
1.0,7264.0,2839.0,2806.0,2008.0,4791.0,1344.0,1596.0,1851.0,935.0,936.0,935.0,948.0,947.0,944.0,2377.0,2309.0,2578.0,1344.0,1596.0,1851.0,935.0,936.0,935.0
1.0,6433.0,2859.0,2808.0,3960.0,3698.0,939.0,1120.0,1639.0,936.0,937.0,935.0,954.0,955.0,950.0,2396.0,2148.0,1889.0,939.0,1120.0,1639.0,936.0,937.0,935.0
1.0,7534.0,2879.0,2808.0,4791.0,1786.0,557.0,492.0,737.0,936.0,937.0,935.0,962.0,968.0,949.0,2805.0,2628.0,2101.0,557.0,492.0,737.0,936.0,937.0,935.0
1.0,9446.0,2846.0,2809.0,3698.0,938.0,580.0,314.0,44.0,937.0,937.0,935.0,958.0,942.0,946.0,3187.0,3256.0,3003.0,580.0,314.0,44.0,937.0,937.0,935.0
1.0,10298.0,2827.0,2809.0,1786.0,1979.0,972.0,776.0,231.0,937.0,937.0,935.0,949.0,954.0,924.0,3168.0,3434.0,3696.0,972.0,776.0,231.0,937.0,937.0,935.0
1.0,9257.0,2890.0,2809.0,938.0,3931.0,1357.0,1426.0,1148.0,937.0,937.0,935.0,965.0,964.0,961.0,2776.0,2972.0,3509.0,1357.0,1426.0,1148.0,937.0,937.0,935.0
1.0,7305.0,2843.0,2811.0,1979.0,4803.0,1342.0,1606.0,1855.0,938.0,938.0,935.0,953.0,952.0,938.0,2391.0,2322.0,2592.0,1342.0,1606.0,1855.0,938.0,938.0,935.0
1.0,6441.0,2841.0,2811.0,3931.0,3713.0,938.0,1122.0,1653.0,938.0,938.0,935.0,953.0,942.0,946.0,2410.0,2146.0,1885.0,938.0,1122.0,1653.0,938.0,938.0,935.0
1.0,7531.0,2845.0,2811.0,4803.0,1755.0,547.0,461.0,747.0,938.0,938.0,935.0,951.0,945.0,949.0,2814.0,2630.0,2087.0,547.0,461.0,747.0,938.0,938.0,935.0
1.0,9489.0,2846.0,2811.0,3713.0,888.0,564.0,287.0,37.0,938.0,938.0,935.0,955.0,948.0,943.0,3205.0,3291.0,2993.0,564.0,287.0,37.0,938.0,938.0,935.0
1.0,10356.0,2878.0,2812.0,1755.0,2015.0,983.0,780.0,252.0,938.0,938.0,936.0,966.0,954.0,958.0,3188.0,3465.0,3703.0,983.0,780.0,252.0,938.0,938.0,936.0
1.0,9233.0,2862.0,2813.0,888.0,3993.0,1382.0,1447.0,1164.0,939.0,938.0,936.0,959.0,954.0,949.0,2769.0,2972.0,3492.0,1382.0,1447.0,1164.0,939.0,938.0,936.0
1.0,7259.0,2864.0,2814.0,2015.0,4846.0,1343.0,1635.0,1868.0,939.0,939.0,936.0,944.0,964.0,956.0,2374.0,2305.0,2580.0,1343.0,1635.0,1868.0,939.0,939.0,936.0
1.0,6410.0,2849.0,2814.0,3993.0,3702.0,913.0,1135.0,1654.0,939.0,939.0,936.0,952.0,947.0,950.0,2413.0,2121.0,1876.0,913.0,1135.0,1654.0,939.0,939.0,936.0
1.0,7554.0,2867.0,2815.0,4846.0,1727.0,526.0,458.0,743.0,939.0,939.0,937.0,956.0,958.0,953.0,2843.0,2621.0,2090.0,526.0,458.0,743.0,939.0,939.0,937.0
1.0,9533.0,2892.0,2816.0,3702.0,921.0,579.0,285.0,57.0,940.0,939.0,937.0,962.0,962.0,968.0,3230.0,3298.0,3005.0,579.0,285.0,57.0,940.0,939.0,937.0
1.0,10343.0,2852.0,2818.0,1727.0,2054.0,1005.0,783.0,266.0,940.0,940.0,938.0,952.0,952.0,948.0,3181.0,3471.0,3691.0,1005.0,783.0,266.0,940.0,940.0,938.0
1.0,9218.0,2807.0,2818.0,921.0,3940.0,1365.0,1438.0,1137.0,941.0,940.0,937.0,935.0,940.0,932.0,2755.0,2977.0,3486.0,1365.0,1438.0,1137.0,941.0,940.0,937.0
1.0,7332.0,2865.0,2819.0,2054.0,4755.0,1307.0,1609.0,1839.0,941.0,940.0,938.0,947.0,954.0,964.0,2399.0,2322.0,2611.0,1307.0,1609.0,1839.0,941.0,940.0,938.0
1.0,6521.0,2904.0,2822.0,3940.0,3731.0,912.0,1147.0,1672.0,942.0,941.0,939.0,966.0,972.0,966.0,2457.0,2151.0,1913.0,912.0,1147.0,1672.0,942.0,941.0,939.0
1.0,7557.0,2849.0,2822.0,4755.0,1825.0,542.0,496.0,787.0,942.0,941.0,939.0,937.0,958.0,954.0,2856.0,2617.0,2084.0,542.0,496.0,787.0,942.0,941.0,939.0
1.0,9463.0,2829.0,2821.0,3731.0,919.0,575.0,294.0,50.0,942.0,941.0,938.0,945.0,945.0,939.0,3226.0,3268.0,2969.0,575.0,294.0,50.0,942.0,941.0,938.0
1.0,10365.0,2846.0,2821.0,1825.0,1940.0,989.0,746.0,205.0,942.0,941.0,938.0,956.0,948.0,942.0,3193.0,3470.0,3702.0,989.0,746.0,205.0,942.0,941.0,938.0
1.0,9344.0,2834.0,2821.0,919.0,3855.0,1348.0,1399.0,1108.0,942.0,941.0,938.0,934.0,947.0,953.0,2779.0,3018.0,3547.0,1348.0,1399.0,1108.0,942.0,941.0,938.0
1.0,7429.0,2821.0,2822.0,1940.0,4740.0,1292.0,1606.0,1842.0,942.0,942.0,938.0,933.0,949.0,939.0,2420.0,2365.0,2644.0,1292.0,1606.0,1842.0,942.0,942.0,938.0
1.0,6548.0,2851.0,2824.0,3855.0,3744.0,898.0,1154.0,1692.0,943.0,942.0,939.0,950.0,947.0,954.0,2476.0,2162.0,1910.0,898.0,1154.0,1692.0,943.0,942.0,939.0
1.0,7552.0,2823.0,2824.0,4740.0,1827.0,538.0,491.0,798.0,943.0,942.0,939.0,932.0,943.0,948.0,2874.0,2614.0,2064.0,538.0,491.0,798.0,943.0,942.0,939.0
1.0,9469.0,2868.0,2827.0,3744.0,963.0,596.0,302.0,65.0,944.0,943.0,940.0,952.0,961.0,955.0,3234.0,3277.0,2958.0,596.0,302.0,65.0,944.0,943.0,940.0
1.0,10345.0,2890.0,2829.0,1827.0,2034.0,1011.0,782.0,241.0,944.0,944.0,941.0,953.0,967.0,970.0,3180.0,3470.0,3695.0,1011.0,782.0,241.0,944.0,944.0,941.0
1.0,9282.0,2863.0,2829.0,963.0,3934.0,1360.0,1438.0,1136.0,944.0,944.0,941.0,945.0,958.0,960.0,2765.0,2994.0,3523.0,1360.0,1438.0,1136.0,944.0,944.0,941.0
1.0,7382.0,2846.0,2832.0,2034.0,4758.0,1295.0,1610.0,1853.0,945.0,945.0,942.0,942.0,950.0,954.0,2416.0,2338.0,2628.0,1295.0,1610.0,1853.0,945.0,945.0,942.0
1.0,6570.0,2822.0,2832.0,3934.0,3646.0,867.0,1114.0,1665.0,945.0,945.0,942.0,932.0,942.0,948.0,2485.0,2170.0,1915.0,867.0,1114.0,1665.0,945.0,945.0,942.0
1.0,7682.0,2841.0,2834.0,4758.0,1737.0,522.0,451.0,764.0,945.0,946.0,943.0,950.0,943.0,948.0,2913.0,2666.0,2103.0,522.0,451.0,764.0,945.0,946.0,943.0
1.0,9599.0,2841.0,2835.0,3646.0,936.0,602.0,277.0,57.0,946.0,946.0,943.0,943.0,940.0,958.0,3258.0,3333.0,3008.0,602.0,277.0,57.0,946.0,946.0,943.0
1.0,10404.0,2866.0,2836.0,1737.0,2069.0,1023.0,788.0,258.0,946.0,946.0,944.0,943.0,962.0,961.0,3182.0,3507.0,3715.0,1023.0,788.0,258.0,946.0,946.0,944.0
1.0,9275.0,2825.0,2835.0,936.0,3954.0,1348.0,1454.0,1152.0,945.0,946.0,944.0,931.0,943.0,951.0,2761.0,2996.0,3518.0,1348.0,1454.0,1152.0,945.0,946.0,944.0
1.0,7386.0,2846.0,2838.0,2069.0,4743.0,1268.0,1621.0,1854.0,946.0,947.0,945.0,939.0,951.0,956.0,2432.0,2330.0,2624.0,1268.0,1621.0,1854.0,946.0,947.0,945.0
1.0,6609.0,2786.0,2838.0,3954.0,3575.0,847.0,1093.0,1635.0,946.0,947.0,945.0,927.0,926.0,933.0,2516.0,2167.0,1926.0,847.0,1093.0,1635.0,946.0,947.0,945.0
1.0,7777.0,2827.0,2839.0,4743.0,1663.0,515.0,413.0,735.0,946.0,947.0,946.0,936.0,941.0,950.0,2937.0,2695.0,2145.0,515.0,413.0,735.0,946.0,947.0,946.0
1.0,9693.0,2850.0,2839.0,3575.0,938.0,612.0,266.0,60.0,946.0,947.0,946.0,944.0,946.0,960.0,3269.0,3375.0,3049.0,612.0,266.0,60.0,946.0,947.0,946.0
1.0,10418.0,2771.0,2837.0,1663.0,2038.0,1018.0,771.0,249.0,945.0,947.0,945.0,925.0,918.0,928.0,3172.0,3522.0,3724.0,1018.0,771.0,249.0,945.0,947.0,945.0
1.0,9310.0,2884.0,2839.0,938.0,3992.0,1373.0,1466.0,1153.0,946.0,947.0,946.0,963.0,961.0,960.0,2762.0,3017.0,3531.0,1373.0,1466.0,1153.0,946.0,947.0,946.0
1.0,7364.0,2830.0,2839.0,2038.0,4784.0,1299.0,1638.0,1847.0,946.0,947.0,946.0,944.0,943.0,943.0,2411.0,2322.0,2631.0,1299.0,1638.0,1847.0,946.0,947.0,946.0
1.0,6572.0,2817.0,2841.0,3992.0,3617.0,866.0,1111.0,1640.0,946.0,948.0,947.0,940.0,935.0,942.0,2485.0,2150.0,1937.0,866.0,1111.0,1640.0,946.0,948.0,947.0
1.0,7747.0,2828.0,2841.0,4784.0,1661.0,509.0,416.0,736.0,946.0,948.0,947.0,942.0,943.0,943.0,2918.0,2681.0,2148.0,509.0,416.0,736.0,946.0,948.0,947.0
1.0,9703.0,2901.0,2843.0,3617.0,953.0,604.0,281.0,68.0,946.0,949.0,948.0,961.0,972.0,968.0,3275.0,3376.0,3052.0,604.0,281.0,68.0,946.0,949.0,948.0
1.0,10419.0,2831.0,2844.0,1661.0,2127.0,1040.0,801.0,286.0,947.0,949.0,948.0,941.0,936.0,954.0,3180.0,3515.0,3724.0,1040.0,801.0,286.0,947.0,949.0,948.0
1.0,9249.0,2873.0,2845.0,953.0,4051.0,1392.0,1464.0,1195.0,947.0,949.0,949.0,956.0,944.0,973.0,2748.0,2995.0,3506.0,1392.0,1464.0,1195.0,947.0,949.0,949.0
1.0,7329.0,2853.0,2846.0,2127.0,4781.0,1315.0,1598.0,1868.0,947.0,949.0,950.0,963.0,935.0,955.0,2396.0,2332.0,2601.0,1315.0,1598.0,1868.0,947.0,949.0,950.0
1.0,6603.0,2881.0,2848.0,4051.0,3619.0,898.0,1099.0,1622.0,948.0,950.0,950.0,971.0,961.0,949.0,2473.0,2198.0,1932.0,898.0,1099.0,1622.0,948.0,950.0,950.0
1.0,7773.0,2824.0,2849.0,4781.0,1666.0,526.0,437.0,703.0,948.0,950.0,951.0,943.0,936.0,945.0,2894.0,2701.0,2178.0,526.0,437.0,703.0,948.0,950.0,951.0
1.0,9730.0,2847.0,2848.0,3619.0,890.0,585.0,278.0,27.0,948.0,949.0,951.0,957.0,944.0,946.0,3266.0,3363.0,3101.0,585.0,278.0,27.0,948.0,949.0,951.0
1.0,10502.0,2888.0,2850.0,1666.0,2120.0,1026.0,806.0,288.0,949.0,950.0,951.0,963.0,961.0,964.0,3207.0,3518.0,3777.0,1026.0,806.0,288.0,949.0,950.0,951.0
1.0,9280.0,2869.0,2850.0,890.0,4099.0,1407.0,1477.0,1215.0,949.0,950.0,951.0,966.0,949.0,954.0,2770.0,2994.0,3516.0,1407.0,1477.0,1215.0,949.0,950.0,951.0
1.0,7301.0,2885.0,2849.0,2120.0,4860.0,1347.0,1623.0,1890.0,949.0,949.0,951.0,966.0,956.0,963.0,2389.0,2323.0,2589.0,1347.0,1623.0,1890.0,949.0,949.0,951.0
1.0,6536.0,2852.0,2849.0,4099.0,3613.0,894.0,1095.0,1624.0,949.0,949.0,951.0,954.0,949.0,949.0,2449.0,2173.0,1914.0,894.0,1095.0,1624.0,949.0,949.0,951.0
1.0,7783.0,2886.0,2851.0,4860.0,1647.0,514.0,438.0,695.0,949.0,950.0,952.0,967.0,962.0,957.0,2902.0,2701.0,2180.0,514.0,438.0,695.0,949.0,950.0,952.0
1.0,9757.0,2877.0,2850.0,3613.0,907.0,592.0,291.0,24.0,949.0,949.0,952.0,972.0,952.0,953.0,3282.0,3362.0,3113.0,592.0,291.0,24.0,949.0,949.0,952.0
1.0,10493.0,2885.0,2851.0,1647.0,2149.0,1049.0,809.0,291.0,950.0,949.0,952.0,967.0,956.0,962.0,3204.0,3505.0,3784.0,1049.0,809.0,291.0,950.0,949.0,952.0
1.0,9255.0,2842.0,2851.0,907.0,4084.0,1413.0,1461.0,1210.0,950.0,949.0,952.0,956.0,943.0,943.0,2751.0,2987.0,3517.0,1413.0,1461.0,1210.0,950.0,949.0,952.0
1.0,7320.0,2869.0,2852.0,2149.0,4808.0,1331.0,1607.0,1870.0,950.0,950.0,952.0,967.0,951.0,951.0,2387.0,2335.0,2598.0,1331.0,1607.0,1870.0,950.0,950.0,952.0
1.0,6600.0,2831.0,2852.0,4084.0,3555.0,862.0,1090.0,1603.0,950.0,950.0,952.0,944.0,944.0,943.0,2469.0,2193.0,1938.0,862.0,1090.0,1603.0,950.0,950.0,952.0
1.0,7853.0,2901.0,2852.0,4808.0,1648.0,504.0,446.0,698.0,950.0,950.0,952.0,973.0,963.0,965.0,2938.0,2710.0,2205.0,504.0,446.0,698.0,950.0,950.0,952.0
1.0,9760.0,2867.0,2853.0,3555.0,964.0,605.0,307.0,52.0,950.0,950.0,953.0,963.0,951.0,953.0,3296.0,3354.0,3110.0,605.0,307.0,52.0,950.0,950.0,953.0
1.0,10448.0,2881.0,2852.0,1648.0,2193.0,1079.0,813.0,301.0,951.0,949.0,952.0,974.0,956.0,951.0,3195.0,3493.0,3760.0,1079.0,813.0,301.0,951.0,949.0,952.0
1.0,9215.0,2880.0,2854.0,964.0,4117.0,1438.0,1472.0,1207.0,951.0,950.0,953.0,964.0,962.0,954.0,2725.0,2983.0,3507.0,1438.0,1472.0,1207.0,951.0,950.0,953.0
1.0,7299.0,2882.0,2854.0,2193.0,4806.0,1334.0,1609.0,1863.0,951.0,950.0,953.0,975.0,950.0,957.0,2366.0,2328.0,2605.0,1334.0,1609.0,1863.0,951.0,950.0,953.0
1.0,6610.0,2875.0,2853.0,4117.0,3560.0,863.0,1096.0,1601.0,951.0,950.0,952.0,967.0,959.0,949.0,2470.0,2191.0,1949.0,863.0,1096.0,1601.0,951.0,950.0,952.0
1.0,7852.0,2862.0,2853.0,4806.0,1616.0,488.0,438.0,690.0,951.0,950.0,952.0,959.0,951.0,952.0,2941.0,2704.0,2207.0,488.0,438.0,690.0,951.0,950.0,952.0
1.0,9796.0,2887.0,2855.0,3560.0,951.0,596.0,301.0,54.0,952.0,950.0,953.0,967.0,959.0,961.0,3316.0,3362.0,3118.0,596.0,301.0,54.0,952.0,950.0,953.0
1.0,10469.0,2912.0,2856.0,1616.0,2251.0,1089.0,832.0,330.0,953.0,950.0,953.0,977.0,969.0,966.0,3212.0,3499.0,3758.0,1089.0,832.0,330.0,953.0,950.0,953.0
1.0,9173.0,2860.0,2855.0,951.0,4156.0,1447.0,1486.0,1223.0,952.0,950.0,953.0,958.0,955.0,947.0,2723.0,2968.0,3482.0,1447.0,1486.0,1223.0,952.0,950.0,953.0
1.0,7264.0,2843.0,2855.0,2251.0,4748.0,1307.0,1606.0,1835.0,953.0,950.0,952.0,945.0,952.0,946.0,2361.0,2314.0,2589.0,1307.0,1606.0,1835.0,953.0,950.0,952.0
1.0,6672.0,2863.0,2856.0,4156.0,3459.0,818.0,1077.0,1564.0,953.0,950.0,953.0,958.0,957.0,948.0,2505.0,2194.0,1973.0,818.0,1077.0,1564.0,953.0,950.0,953.0
1.0,7965.0,2903.0,2856.0,4748.0,1614.0,481.0,437.0,696.0,953.0,950.0,953.0,970.0,966.0,967.0,2994.0,2723.0,2248.0,481.0,437.0,696.0,953.0,950.0,953.0
1.0,9810.0,2886.0,2857.0,3459.0,1045.0,634.0,312.0,99.0,954.0,950.0,953.0,967.0,952.0,967.0,3331.0,3363.0,3116.0,634.0,312.0,99.0,954.0,950.0,953.0
1.0,10383.0,2868.0,2858.0,1614.0,2303.0,1114.0,841.0,348.0,954.0,951.0,953.0,961.0,962.0,945.0,3182.0,3488.0,3713.0,1114.0,841.0,348.0,954.0,951.0,953.0
1.0,9129.0,2842.0,2858.0,1045.0,4100.0,1429.0,1482.0,1189.0,954.0,951.0,953.0,949.0,953.0,940.0,2702.0,2963.0,3464.0,1429.0,1482.0,1189.0,954.0,951.0,953.0
1.0,7332.0,2869.0,2859.0,2303.0,4670.0,1281.0,1595.0,1794.0,955.0,951.0,953.0,962.0,954.0,953.0,2387.0,2322.0,2623.0,1281.0,1595.0,1794.0,955.0,951.0,953.0
1.0,6766.0,2921.0,2860.0,4100.0,3495.0,824.0,1089.0,1582.0,955.0,951.0,954.0,972.0,976.0,973.0,2539.0,2209.0,2018.0,824.0,1089.0,1582.0,955.0,951.0,954.0
1.0,7945.0,2884.0,2859.0,4670.0,1705.0,503.0,456.0,746.0,955.0,951.0,953.0,960.0,962.0,962.0,2996.0,2715.0,2234.0,503.0,456.0,746.0,955.0,951.0,953.0
1.0,9731.0,2846.0,2859.0,3495.0,1056.0,624.0,326.0,106.0,955.0,951.0,953.0,945.0,959.0,942.0,3317.0,3348.0,3066.0,624.0,326.0,106.0,955.0,951.0,953.0
1.0,10380.0,2869.0,2861.0,1705.0,2228.0,1075.0,845.0,308.0,956.0,952.0,953.0,950.0,971.0,948.0,3196.0,3478.0,3706.0,1075.0,845.0,308.0,956.0,952.0,953.0
1.0,9216.0,2863.0,2861.0,1056.0,4035.0,1396.0,1483.0,1156.0,956.0,952.0,953.0,945.0,964.0,954.0,2749.0,2963.0,3504.0,1396.0,1483.0,1156.0,956.0,952.0,953.0
1.0,7409.0,2848.0,2861.0,2228.0,4655.0,1273.0,1589.0,1793.0,956.0,952.0,953.0,952.0,951.0,945.0,2428.0,2325.0,2656.0,1273.0,1589.0,1793.0,956.0,952.0,953.0
1.0,6789.0,2845.0,2861.0,4035.0,3465.0,819.0,1059.0,1587.0,956.0,952.0,953.0,942.0,953.0,950.0,2551.0,2219.0,2019.0,819.0,1059.0,1587.0,956.0,952.0,953.0
1.0,7979.0,2889.0,2861.0,4655.0,1699.0,503.0,433.0,763.0,956.0,952.0,953.0,957.0,963.0,969.0,3005.0,2749.0,2225.0,503.0,433.0,763.0,956.0,952.0,953.0
1.0,9745.0,2822.0,2861.0,3465.0,1056.0,616.0,318.0,122.0,956.0,952.0,953.0,932.0,944.0,946.0,3321.0,3375.0,3049.0,616.0,318.0,122.0,956.0,952.0,953.0
1.0,10388.0,2854.0,2862.0,1699.0,2215.0,1056.0,851.0,308.0,956.0,953.0,953.0,943.0,962.0,949.0,3208.0,3490.0,3690.0,1056.0,851.0,308.0,956.0,953.0,953.0
1.0,9233.0,2879.0,2863.0,1056.0,4042.0,1400.0,1499.0,1143.0,957.0,953.0,953.0,956.0,966.0,957.0,2768.0,2961.0,3504.0,1400.0,1499.0,1143.0,957.0,953.0,953.0
1.0,7410.0,2875.0,2864.0,2215.0,4706.0,1296.0,1626.0,1784.0,957.0,954.0,953.0,952.0,974.0,949.0,2428.0,2313.0,2669.0,1296.0,1626.0,1784.0,957.0,954.0,953.0
1.0,6750.0,2882.0,2865.0,4042.0,3550.0,842.0,1100.0,1608.0,957.0,955.0,953.0,946.0,969.0,967.0,2532.0,2190.0,2028.0,842.0,1100.0,1608.0,957.0,955.0,953.0
1.0,7910.0,2886.0,2868.0,4706.0,1742.0,511.0,449.0,782.0,958.0,956.0,954.0,961.0,971.0,954.0,2986.0,2720.0,2204.0,511.0,449.0,782.0,958.0,956.0,954.0
1.0,9730.0,2859.0,2867.0,3550.0,1047.0,608.0,308.0,131.0,957.0,956.0,954.0,943.0,959.0,957.0,3321.0,3375.0,3034.0,608.0,308.0,131.0,957.0,956.0,954.0
1.0,10421.0,2903.0,2868.0,1742.0,2212.0,1059.0,833.0,320.0,958.0,956.0,954.0,958.0,974.0,971.0,3220.0,3516.0,3685.0,1059.0,833.0,320.0,958.0,956.0,954.0
1.0,9260.0,2852.0,2869.0,1047.0,4021.0,1397.0,1476.0,1148.0,958.0,956.0,955.0,946.0,951.0,955.0,2773.0,2991.0,3496.0,1397.0,1476.0,1148.0,958.0,956.0,955.0
1.0,7455.0,2893.0,2870.0,2212.0,4706.0,1296.0,1614.0,1796.0,958.0,957.0,955.0,958.0,967.0,968.0,2435.0,2348.0,2672.0,1296.0,1614.0,1796.0,958.0,957.0,955.0
1.0,6774.0,2858.0,2870.0,4021.0,3543.0,847.0,1091.0,1605.0,958.0,957.0,955.0,948.0,953.0,957.0,2536.0,2214.0,2024.0,847.0,1091.0,1605.0,958.0,957.0,955.0
1.0,7937.0,2873.0,2870.0,4706.0,1710.0,510.0,426.0,774.0,958.0,957.0,955.0,959.0,949.0,965.0,2985.0,2737.0,2215.0,510.0,426.0,774.0,958.0,957.0,955.0
1.0,9770.0,2887.0,2870.0,3543.0,1054.0,614.0,300.0,140.0,958.0,957.0,955.0,951.0,965.0,971.0,3322.0,3402.0,3046.0,614.0,300.0,140.0,958.0,957.0,955.0
1.0,10426.0,2904.0,2871.0,1710.0,2252.0,1071.0,848.0,333.0,958.0,958.0,955.0,967.0,970.0,967.0,3218.0,3528.0,3680.0,1071.0,848.0,333.0,958.0,958.0,955.0
1.0,9232.0,2917.0,2872.0,1054.0,4119.0,1432.0,1513.0,1174.0,958.0,958.0,956.0,975.0,965.0,977.0,2761.0,2984.0,3487.0,1432.0,1513.0,1174.0,958.0,958.0,956.0
1.0,7369.0,2908.0,2874.0,2252.0,4783.0,1327.0,1639.0,1817.0,959.0,959.0,956.0,962.0,970.0,976.0,2400.0,2319.0,2650.0,1327.0,1639.0,1817.0,959.0,959.0,956.0
1.0,6713.0,2876.0,2875.0,4119.0,3544.0,856.0,1086.0,1602.0,959.0,959.0,957.0,961.0,960.0,955.0,2509.0,2197.0,2007.0,856.0,1086.0,1602.0,959.0,959.0,957.0
1.0,7956.0,2889.0,2875.0,4783.0,1650.0,497.0,408.0,745.0,959.0,959.0,957.0,968.0,961.0,960.0,2980.0,2750.0,2226.0,497.0,408.0,745.0,959.0,959.0,957.0
1.0,9850.0,2894.0,2875.0,3544.0,1000.0,613.0,281.0,106.0,959.0,959.0,957.0,972.0,959.0,963.0,3339.0,3428.0,3083.0,613.0,281.0,106.0,959.0,959.0,957.0
1.0,10500.0,2958.0,2876.0,1650.0,2312.0,1094.0,866.0,352.0,959.0,960.0,957.0,978.0,989.0,991.0,3223.0,3555.0,3722.0,1094.0,866.0,352.0,959.0,960.0,957.0
1.0,9192.0,2935.0,2878.0,1000.0,4255.0,1464.0,1554.0,1237.0,960.0,960.0,958.0,979.0,969.0,987.0,2742.0,2974.0,3476.0,1464.0,1554.0,1237.0,960.0,960.0,958.0
1.0,7257.0,2882.0,2878.0,2312.0,4825.0,1333.0,1630.0,1862.0,960.0,960.0,958.0,963.0,942.0,977.0,2376.0,2286.0,2595.0,1333.0,1630.0,1862.0,960.0,960.0,958.0
1.0,6687.0,2929.0,2879.0,4255.0,3503.0,843.0,1041.0,1619.0,960.0,960.0,959.0,974.0,965.0,990.0,2507.0,2210.0,1970.0,843.0,1041.0,1619.0,960.0,960.0,959.0
1.0,8013.0,2876.0,2878.0,4825.0,1550.0,468.0,364.0,718.0,959.0,960.0,959.0,962.0,953.0,961.0,2997.0,2799.0,2217.0,468.0,364.0,718.0,959.0,960.0,959.0
1.0,9962.0,2917.0,2880.0,3503.0,972.0,601.0,290.0,81.0,960.0,960.0,960.0,972.0,967.0,978.0,3368.0,3476.0,3118.0,601.0,290.0,81.0,960.0,960.0,960.0
1.0,10548.0,2922.0,2881.0,1550.0,2348.0,1111.0,898.0,339.0,960.0,961.0,960.0,978.0,968.0,976.0,3239.0,3550.0,3759.0,1111.0,898.0,339.0,960.0,961.0,960.0
1.0,9176.0,2889.0,2882.0,972.0,4269.0,1471.0,1565.0,1233.0,960.0,961.0,961.0,961.0,957.0,971.0,2729.0,2946.0,3501.0,1471.0,1565.0,1233.0,960.0,961.0,961.0
1.0,7259.0,2888.0,2882.0,2348.0,4809.0,1324.0,1629.0,1856.0,960.0,961.0,961.0,964.0,962.0,962.0,2369.0,2279.0,2611.0,1324.0,1629.0,1856.0,960.0,961.0,961.0
1.0,6719.0,2898.0,2882.0,4269.0,3438.0,821.0,1026.0,1591.0,960.0,961.0,961.0,968.0,962.0,968.0,2516.0,2215.0,1988.0,821.0,1026.0,1591.0,960.0,961.0,961.0
1.0,8090.0,2944.0,2884.0,4809.0,1581.0,494.0,367.0,720.0,961.0,961.0,962.0,993.0,970.0,981.0,3019.0,2818.0,2253.0,494.0,367.0,720.0,961.0,961.0,962.0
1.0,9955.0,2965.0,2885.0,3438.0,1112.0,658.0,333.0,121.0,961.0,962.0,962.0,985.0,988.0,992.0,3350.0,3477.0,3128.0,658.0,333.0,121.0,961.0,962.0,962.0
1.0,10428.0,2918.0,2886.0,1581.0,2453.0,1134.0,935.0,384.0,961.0,962.0,963.0,970.0,969.0,979.0,3186.0,3515.0,3727.0,1134.0,935.0,384.0,961.0,962.0,963.0
1.0,9091.0,2932.0,2887.0,1112.0,4277.0,1455.0,1578.0,1244.0,961.0,963.0,963.0,979.0,972.0,981.0,2710.0,2913.0,3468.0,1455.0,1578.0,1244.0,961.0,963.0,963.0
1.0,7271.0,2889.0,2888.0,2453.0,4717.0,1286.0,1599.0,1832.0,961.0,963.0,964.0,965.0,956.0,968.0,2389.0,2274.0,2608.0,1286.0,1599.0,1832.0,961.0,963.0,964.0
1.0,6835.0,2941.0,2889.0,4277.0,3385.0,818.0,994.0,1573.0,962.0,963.0,964.0,983.0,973.0,985.0,2558.0,2253.0,2024.0,818.0,994.0,1573.0,962.0,963.0,964.0
1.0,8171.0,2904.0,2888.0,4717.0,1568.0,499.0,360.0,709.0,961.0,963.0,964.0,971.0,965.0,968.0,3030.0,2858.0,2283.0,499.0,360.0,709.0,961.0,963.0,964.0
1.0,9984.0,2861.0,2889.0,3385.0,1048.0,650.0,309.0,89.0,962.0,963.0,964.0,965.0,943.0,953.0,3345.0,3492.0,3147.0,650.0,309.0,89.0,962.0,963.0,964.0
1.0,10508.0,2837.0,2888.0,1568.0,2313.0,1106.0,879.0,328.0,962.0,962.0,964.0,955.0,934.0,948.0,3198.0,3543.0,3767.0,1106.0,879.0,328.0,962.0,962.0,964.0
1.0,9239.0,2917.0,2889.0,1048.0,4186.0,1435.0,1541.0,1210.0,962.0,962.0,965.0,979.0,971.0,967.0,2742.0,2969.0,3528.0,1435.0,1541.0,1210.0,962.0,962.0,965.0
1.0,7370.0,2928.0,2890.0,2313.0,4805.0,1309.0,1642.0,1854.0,962.0,963.0,965.0,980.0,976.0,972.0,2413.0,2307.0,2650.0,1309.0,1642.0,1854.0,962.0,963.0,965.0
1.0,6755.0,2897.0,2890.0,4186.0,3516.0,846.0,1059.0,1611.0,962.0,963.0,965.0,972.0,958.0,967.0,2539.0,2210.0,2006.0,846.0,1059.0,1611.0,962.0,963.0,965.0
1.0,8044.0,2895.0,2891.0,4805.0,1610.0,504.0,381.0,725.0,963.0,963.0,965.0,963.0,964.0,968.0,3002.0,2793.0,2249.0,504.0,381.0,725.0,963.0,963.0,965.0
1.0,9954.0,2925.0,2892.0,3516.0,1023.0,642.0,295.0,86.0,963.0,963.0,966.0,984.0,973.0,968.0,3348.0,3471.0,3135.0,642.0,295.0,86.0,963.0,963.0,966.0
1.0,10545.0,2909.0,2892.0,1610.0,2322.0,1114.0,877.0,331.0,963.0,963.0,966.0,976.0,963.0,970.0,3210.0,3557.0,3778.0,1114.0,877.0,331.0,963.0,963.0,966.0
1.0,9246.0,2929.0,2894.0,1023.0,4236.0,1451.0,1568.0,1217.0,964.0,964.0,966.0,975.0,982.0,972.0,2738.0,2975.0,3533.0,1451.0,1568.0,1217.0,964.0,964.0,966.0
1.0,7340.0,2941.0,2894.0,2322.0,4855.0,1330.0,1664.0,1861.0,964.0,964.0,966.0,993.0,973.0,975.0,2405.0,2288.0,2647.0,1330.0,1664.0,1861.0,964.0,964.0,966.0
1.0,6721.0,2920.0,2896.0,4236.0,3547.0,860.0,1059.0,1628.0,965.0,964.0,967.0,977.0,963.0,980.0,2526.0,2192.0,2003.0,860.0,1059.0,1628.0,965.0,964.0,967.0
1.0,8037.0,2894.0,2896.0,4855.0,1586.0,493.0,361.0,732.0,965.0,964.0,967.0,963.0,966.0,965.0,3000.0,2797.0,2240.0,493.0,361.0,732.0,965.0,964.0,967.0
1.0,9998.0,2886.0,2897.0,3547.0,929.0,594.0,262.0,73.0,965.0,964.0,968.0,961.0,960.0,965.0,3367.0,3495.0,3136.0,594.0,262.0,73.0,965.0,964.0,968.0
1.0,10659.0,2874.0,2897.0,1586.0,2217.0,1061.0,851.0,305.0,965.0,964.0,968.0,960.0,950.0,964.0,3266.0,3594.0,3799.0,1061.0,851.0,305.0,965.0,964.0,968.0
1.0,9371.0,2888.0,2898.0,929.0,4180.0,1435.0,1553.0,1192.0,966.0,964.0,968.0,964.0,964.0,960.0,2799.0,3005.0,3567.0,1435.0,1553.0,1192.0,966.0,964.0,968.0
1.0,7412.0,2901.0,2898.0,2217.0,4864.0,1346.0,1668.0,1850.0,966.0,964.0,968.0,972.0,966.0,963.0,2429.0,2303.0,2680.0,1346.0,1668.0,1850.0,966.0,964.0,968.0
1.0,6728.0,2899.0,2899.0,4180.0,3587.0,880.0,1082.0,1625.0,967.0,964.0,968.0,965.0,967.0,967.0,2518.0,2188.0,2022.0,880.0,1082.0,1625.0,967.0,964.0,968.0
1.0,8009.0,2905.0,2900.0,4864.0,1632.0,500.0,381.0,751.0,967.0,964.0,969.0,966.0,967.0,972.0,2988.0,2774.0,2247.0,500.0,381.0,751.0,967.0,964.0,969.0
1.0,9968.0,2914.0,2902.0,3587.0,967.0,595.0,281.0,91.0,968.0,965.0,969.0,971.0,978.0,965.0,3368.0,3475.0,3125.0,595.0,281.0,91.0,968.0,965.0,969.0
1.0,10641.0,2894.0,2902.0,1632.0,2229.0,1054.0,873.0,302.0,968.0,965.0,969.0,959.0,973.0,962.0,3277.0,3579.0,3785.0,1054.0,873.0,302.0,968.0,965.0,969.0
1.0,9379.0,2875.0,2902.0,967.0,4137.0,1409.0,1559.0,1169.0,968.0,965.0,969.0,950.0,967.0,958.0,2818.0,2987.0,3574.0,1409.0,1559.0,1169.0,968.0,965.0,969.0
1.0,7471.0,2927.0,2902.0,2229.0,4835.0,1334.0,1661.0,1840.0,968.0,965.0,969.0,979.0,975.0,973.0,2463.0,2301.0,2707.0,1334.0,1661.0,1840.0,968.0,965.0,969.0
1.0,6773.0,2942.0,2904.0,4137.0,3648.0,907.0,1087.0,1654.0,969.0,965.0,970.0,978.0,985.0,979.0,2538.0,2199.0,2036.0,907.0,1087.0,1654.0,969.0,965.0,970.0
1.0,7968.0,2916.0,2904.0,4835.0,1729.0,544.0,401.0,784.0,969.0,965.0,970.0,971.0,975.0,970.0,2969.0,2773.0,2226.0,544.0,401.0,784.0,969.0,965.0,970.0
1.0,9887.0,2898.0,2905.0,3648.0,983.0,597.0,292.0,94.0,969.0,966.0,970.0,960.0,974.0,964.0,3332.0,3459.0,3096.0,597.0,292.0,94.0,969.0,966.0,970.0
1.0,10637.0,2916.0,2906.0,1729.0,2174.0,1032.0,869.0,273.0,970.0,966.0,970.0,975.0,978.0,963.0,3279.0,3572.0,3786.0,1032.0,869.0,273.0,970.0,966.0,970.0
1.0,9450.0,2910.0,2906.0,983.0,4101.0,1401.0,1560.0,1140.0,970.0,966.0,970.0,966.0,983.0,961.0,2848.0,2995.0,3607.0,1401.0,1560.0,1140.0,970.0,966.0,970.0
1.0,7523.0,2917.0,2907.0,2174.0,4848.0,1327.0,1688.0,1833.0,970.0,967.0,970.0,958.0,993.0,966.0,2479.0,2304.0,2740.0,1327.0,1688.0,1833.0,970.0,967.0,970.0
1.0,6780.0,2894.0,2907.0,4101.0,3641.0,894.0,1095.0,1652.0,970.0,967.0,970.0,968.0,967.0,959.0,2553.0,2180.0,2047.0,894.0,1095.0,1652.0,970.0,967.0,970.0
1.0,7987.0,2906.0,2908.0,4848.0,1703.0,525.0,391.0,787.0,970.0,968.0,970.0,958.0,980.0,968.0,2986.0,2773.0,2228.0,525.0,391.0,787.0,970.0,968.0,970.0
1.0,9929.0,2966.0,2908.0,3641.0,1028.0,618.0,291.0,119.0,970.0,968.0,970.0,987.0,995.0,984.0,3355.0,3481.0,3093.0,618.0,291.0,119.0,970.0,968.0,970.0
1.0,10604.0,2899.0,2908.0,1703.0,2224.0,1049.0,874.0,301.0,970.0,968.0,970.0,956.0,974.0,969.0,3262.0,3581.0,3761.0,1049.0,874.0,301.0,970.0,968.0,970.0
1.0,9408.0,2913.0,2908.0,1028.0,4109.0,1404.0,1553.0,1152.0,970.0,968.0,970.0,973.0,970.0,970.0,2831.0,2998.0,3579.0,1404.0,1553.0,1152.0,970.0,968.0,970.0
1.0,7523.0,2936.0,2910.0,2224.0,4829.0,1337.0,1670.0,1822.0,971.0,969.0,970.0,978.0,987.0,971.0,2476.0,2319.0,2728.0,1337.0,1670.0,1822.0,971.0,969.0,970.0
1.0,6811.0,2965.0,2912.0,4109.0,3693.0,915.0,1117.0,1661.0,971.0,970.0,971.0,982.0,996.0,987.0,2547.0,2206.0,2058.0,915.0,1117.0,1661.0,971.0,970.0,971.0
1.0,7955.0,2919.0,2910.0,4829.0,1775.0,546.0,426.0,803.0,971.0,969.0,970.0,968.0,983.0,968.0,2969.0,2763.0,2223.0,546.0,426.0,803.0,971.0,969.0,970.0
1.0,9865.0,2913.0,2911.0,3693.0,999.0,603.0,296.0,100.0,971.0,970.0,970.0,972.0,983.0,958.0,3338.0,3450.0,3077.0,603.0,296.0,100.0,971.0,970.0,970.0
1.0,10645.0,2950.0,2912.0,1775.0,2178.0,1035.0,863.0,280.0,971.0,971.0,970.0,978.0,989.0,983.0,3281.0,3584.0,3780.0,1035.0,863.0,280.0,971.0,971.0,970.0
1.0,9470.0,2932.0,2912.0,999.0,4111.0,1414.0,1547.0,1150.0,971.0,971.0,970.0,982.0,980.0,970.0,2849.0,3021.0,3600.0,1414.0,1547.0,1150.0,971.0,971.0,970.0
1.0,7537.0,2935.0,2912.0,2178.0,4868.0,1357.0,1664.0,1847.0,971.0,971.0,970.0,978.0,980.0,977.0,2470.0,2337.0,2730.0,1357.0,1664.0,1847.0,971.0,971.0,970.0
1.0,6780.0,2900.0,2912.0,4111.0,3657.0,913.0,1084.0,1660.0,971.0,971.0,970.0,970.0,967.0,963.0,2527.0,2220.0,2033.0,913.0,1084.0,1660.0,971.0,971.0,970.0
1.0,7991.0,2926.0,2912.0,4868.0,1715.0,533.0,401.0,781.0,971.0,972.0,969.0,977.0,977.0,972.0,2971.0,2800.0,2220.0,533.0,401.0,781.0,971.0,972.0,969.0
1.0,9933.0,2898.0,2913.0,3657.0,960.0,601.0,278.0,81.0,972.0,972.0,969.0,977.0,961.0,960.0,3351.0,3487.0,3095.0,601.0,278.0,81.0,972.0,972.0,969.0
1.0,10692.0,2943.0,2914.0,1715.0,2192.0,1051.0,860.0,281.0,972.0,972.0,970.0,983.0,983.0,977.0,3287.0,3610.0,3795.0,1051.0,860.0,281.0,972.0,972.0,970.0
1.0,9464.0,2917.0,2914.0,960.0,4149.0,1423.0,1559.0,1167.0,972.0,972.0,970.0,973.0,977.0,967.0,2837.0,3028.0,3599.0,1423.0,1559.0,1167.0,972.0,972.0,970.0
1.0,7507.0,2986.0,2915.0,2192.0,4947.0,1365.0,1701.0,1881.0,972.0,973.0,970.0,993.0,998.0,995.0,2465.0,2329.0,2713.0,1365.0,1701.0,1881.0,972.0,973.0,970.0
1.0,6713.0,2945.0,2915.0,4149.0,3743.0,936.0,1114.0,1693.0,972.0,973.0,970.0,994.0,972.0,979.0,2523.0,2191.0,1999.0,936.0,1114.0,1693.0,972.0,973.0,970.0
1.0,7917.0,2996.0,2916.0,4947.0,1796.0,584.0,404.0,808.0,973.0,973.0,970.0,1009.0,991.0,996.0,2952.0,2778.0,2187.0,584.0,404.0,808.0,973.0,973.0,970.0
1.0,9868.0,2971.0,2916.0,3743.0,1024.0,646.0,271.0,107.0,973.0,973.0,970.0,998.0,981.0,992.0,3308.0,3488.0,3072.0,646.0,271.0,107.0,973.0,973.0,970.0
1.0,10640.0,2972.0,2918.0,1796.0,2208.0,1061.0,863.0,284.0,974.0,974.0,970.0,995.0,992.0,985.0,3246.0,3621.0,3773.0,1061.0,863.0,284.0,974.0,974.0,970.0
1.0,9464.0,2941.0,2918.0,1024.0,4125.0,1407.0,1568.0,1150.0,974.0,974.0,970.0,992.0,976.0,973.0,2835.0,3033.0,3596.0,1407.0,1568.0,1150.0,974.0,974.0,970.0
1.0,7547.0,2907.0,2918.0,2208.0,4824.0,1324.0,1665.0,1835.0,974.0,974.0,970.0,978.0,960.0,969.0,2489.0,2328.0,2730.0,1324.0,1665.0,1835.0,974.0,974.0,970.0
1.0,6848.0,2996.0,2921.0,4125.0,3707.0,921.0,1095.0,1691.0,975.0,975.0,971.0,1000.0,994.0,1002.0,2572.0,2231.0,2045.0,921.0,1095.0,1691.0,975.0,975.0,971.0
1.0,7977.0,2951.0,2923.0,4824.0,1842.0,579.0,416.0,847.0,975.0,976.0,972.0,982.0,982.0,987.0,2979.0,2805.0,2193.0,579.0,416.0,847.0,975.0,976.0,972.0
1.0,9850.0,2885.0,2923.0,3707.0,1020.0,623.0,282.0,115.0,975.0,976.0,972.0,965.0,961.0,959.0,3321.0,3488.0,3041.0,623.0,282.0,115.0,975.0,976.0,972.0
1.0,10672.0,2931.0,2923.0,1842.0,2109.0,1024.0,846.0,239.0,975.0,976.0,972.0,980.0,980.0,971.0,3277.0,3622.0,3773.0,1024.0,846.0,239.0,975.0,976.0,972.0
1.0,9583.0,2929.0,2923.0,1020.0,4018.0,1379.0,1533.0,1106.0,975.0,976.0,972.0,978.0,969.0,982.0,2876.0,3058.0,3649.0,1379.0,1533.0,1106.0,975.0,976.0,972.0
1.0,7674.0,2952.0,2924.0,2109.0,4865.0,1344.0,1668.0,1853.0,976.0,976.0,972.0,985.0,981.0,986.0,2521.0,2371.0,2782.0,1344.0,1668.0,1853.0,976.0,976.0,972.0
1.0,6831.0,2963.0,2925.0,4018.0,3814.0,948.0,1116.0,1750.0,976.0,976.0,973.0,983.0,981.0,999.0,2560.0,2236.0,2035.0,948.0,1116.0,1750.0,976.0,976.0,973.0
1.0,7886.0,2929.0,2925.0,4865.0,1878.0,588.0,419.0,871.0,976.0,976.0,973.0,984.0,971.0,974.0,2956.0,2788.0,2142.0,588.0,419.0,871.0,976.0,976.0,973.0
1.0,9822.0,2948.0,2925.0,3814.0,1012.0,624.0,281.0,107.0,976.0,976.0,973.0,984.0,978.0,986.0,3316.0,3485.0,3021.0,624.0,281.0,107.0,976.0,976.0,973.0
1.0,10688.0,2928.0,2925.0,1878.0,2062.0,1013.0,837.0,212.0,976.0,976.0,973.0,977.0,975.0,976.0,3280.0,3623.0,3785.0,1013.0,837.0,212.0,976.0,976.0,973.0
1.0,9638.0,2964.0,2926.0,1012.0,4018.0,1381.0,1545.0,1092.0,976.0,977.0,973.0,992.0,985.0,987.0,2891.0,3067.0,3680.0,1381.0,1545.0,1092.0,976.0,977.0,973.0
1.0,7686.0,2961.0,2927.0,2062.0,4921.0,1358.0,1686.0,1877.0,976.0,977.0,974.0,990.0,978.0,993.0,2523.0,2363.0,2800.0,1358.0,1686.0,1877.0,976.0,977.0,974.0
1.0,6787.0,2885.0,2927.0,4018.0,3788.0,938.0,1101.0,1749.0,976.0,977.0,974.0,961.0,960.0,964.0,2546.0,2222.0,2019.0,938.0,1101.0,1749.0,976.0,977.0,974.0
1.0,7920.0,2894.0,2927.0,4921.0,1761.0,542.0,367.0,852.0,976.0,977.0,974.0,962.0,952.0,980.0,2966.0,2807.0,2147.0,542.0,367.0,852.0,976.0,977.0,974.0
1.0,9947.0,2918.0,2929.0,3788.0,899.0,583.0,228.0,88.0,977.0,977.0,975.0,975.0,962.0,981.0,3362.0,3541.0,3044.0,583.0,228.0,88.0,977.0,977.0,975.0
1.0,10817.0,2955.0,2929.0,1761.0,2093.0,1025.0,845.0,223.0,977.0,977.0,975.0,984.0,984.0,987.0,3325.0,3680.0,3812.0,1025.0,845.0,223.0,977.0,977.0,975.0
1.0,9623.0,2937.0,2930.0,899.0,4135.0,1422.0,1594.0,1119.0,977.0,978.0,975.0,980.0,973.0,984.0,2883.0,3063.0,3677.0,1422.0,1594.0,1119.0,977.0,978.0,975.0
1.0,7585.0,2918.0,2931.0,2093.0,4964.0,1368.0,1718.0,1878.0,977.0,978.0,976.0,971.0,969.0,978.0,2486.0,2318.0,2781.0,1368.0,1718.0,1878.0,977.0,978.0,976.0
1.0,6760.0,2949.0,2932.0,4135.0,3782.0,936.0,1102.0,1744.0,978.0,978.0,976.0,986.0,978.0,985.0,2540.0,2194.0,2026.0,936.0,1102.0,1744.0,978.0,978.0,976.0
1.0,7946.0,2931.0,2932.0,4964.0,1749.0,547.0,354.0,848.0,978.0,978.0,976.0,979.0,970.0,982.0,2976.0,2810.0,2160.0,547.0,354.0,848.0,978.0,978.0,976.0
1.0,9979.0,2946.0,2934.0,3782.0,921.0,599.0,234.0,88.0,979.0,978.0,977.0,984.0,982.0,980.0,3365.0,3558.0,3056.0,599.0,234.0,88.0,979.0,978.0,977.0
1.0,10815.0,2919.0,2933.0,1749.0,2087.0,1017.0,854.0,216.0,978.0,978.0,977.0,969.0,974.0,976.0,3317.0,3678.0,3820.0,1017.0,854.0,216.0,978.0,978.0,977.0
1.0,9645.0,2921.0,2932.0,921.0,4083.0,1394.0,1581.0,1108.0,978.0,977.0,977.0,976.0,965.0,980.0,2895.0,3058.0,3692.0,1394.0,1581.0,1108.0,978.0,977.0,977.0
1.0,7645.0,2951.0,2934.0,2087.0,4955.0,1364.0,1719.0,1872.0,979.0,978.0,977.0,983.0,988.0,980.0,2518.0,2327.0,2800.0,1364.0,1719.0,1872.0,979.0,978.0,977.0
1.0,6781.0,2886.0,2934.0,4083.0,3758.0,927.0,1104.0,1727.0,979.0,978.0,977.0,957.0,966.0,963.0,2552.0,2193.0,2036.0,927.0,1104.0,1727.0,979.0,978.0,977.0
1.0,7978.0,2949.0,2934.0,4955.0,1752.0,549.0,367.0,836.0,979.0,978.0,977.0,986.0,982.0,981.0,2989.0,2808.0,2181.0,549.0,367.0,836.0,979.0,978.0,977.0
1.0,9984.0,2952.0,2935.0,3758.0,950.0,595.0,250.0,105.0,979.0,978.0,978.0,973.0,987.0,992.0,3367.0,3545.0,3072.0,595.0,250.0,105.0,979.0,978.0,978.0
1.0,10790.0,2892.0,2934.0,1752.0,2086.0,1008.0,841.0,237.0,979.0,977.0,978.0,962.0,962.0,968.0,3321.0,3662.0,3807.0,1008.0,841.0,237.0,979.0,977.0,978.0
1.0,9650.0,2945.0,2935.0,950.0,4085.0,1387.0,1567.0,1131.0,979.0,977.0,979.0,974.0,976.0,995.0,2908.0,3067.0,3675.0,1387.0,1567.0,1131.0,979.0,977.0,979.0
1.0,7655.0,2935.0,2935.0,2086.0,4934.0,1356.0,1709.0,1869.0,979.0,977.0,979.0,977.0,983.0,975.0,2529.0,2341.0,2785.0,1356.0,1709.0,1869.0,979.0,977.0,979.0
1.0,6806.0,2941.0,2935.0,4085.0,3790.0,947.0,1122.0,1721.0,979.0,977.0,979.0,978.0,980.0,983.0,2560.0,2199.0,2047.0,947.0,1122.0,1721.0,979.0,977.0,979.0
1.0,7950.0,2995.0,2937.0,4934.0,1859.0,585.0,422.0,852.0,980.0,978.0,979.0,990.0,1005.0,1000.0,2969.0,2786.0,2195.0,585.0,422.0,852.0,980.0,978.0,979.0
1.0,9889.0,2975.0,2938.0,3790.0,1048.0,622.0,297.0,129.0,980.0,978.0,980.0,984.0,997.0,994.0,3335.0,3490.0,3064.0,622.0,297.0,129.0,980.0,978.0,980.0
1.0,10704.0,2913.0,2938.0,1859.0,2102.0,1005.0,847.0,250.0,980.0,978.0,980.0,968.0,972.0,973.0,3298.0,3615.0,3791.0,1005.0,847.0,250.0,980.0,978.0,980.0
1.0,9650.0,2951.0,2938.0,1048.0,4005.0,1356.0,1543.0,1106.0,980.0,978.0,980.0,973.0,993.0,985.0,2915.0,3065.0,3670.0,1356.0,1543.0,1106.0,980.0,978.0,980.0
1.0,7747.0,2934.0,2938.0,2102.0,4837.0,1322.0,1675.0,1840.0,980.0,978.0,980.0,971.0,979.0,984.0,2564.0,2369.0,2814.0,1322.0,1675.0,1840.0,980.0,978.0,980.0
1.0,6915.0,2933.0,2938.0,4005.0,3765.0,940.0,1118.0,1707.0,980.0,978.0,980.0,974.0,986.0,973.0,2598.0,2237.0,2080.0,940.0,1118.0,1707.0,980.0,978.0,980.0
1.0,7987.0,2921.0,2937.0,4837.0,1845.0,589.0,410.0,846.0,980.0,977.0,980.0,971.0,971.0,979.0,2980.0,2794.0,2213.0,589.0,410.0,846.0,980.0,977.0,980.0
1.0,9903.0,2949.0,2939.0,3765.0,1037.0,627.0,286.0,124.0,980.0,978.0,981.0,978.0,990.0,981.0,3331.0,3498.0,3074.0,627.0,286.0,124.0,980.0,978.0,981.0
1.0,10719.0,2976.0,2939.0,1845.0,2168.0,1024.0,875.0,269.0,980.0,978.0,981.0,986.0,999.0,991.0,3293.0,3626.0,3800.0,1024.0,875.0,269.0,980.0,978.0,981.0
1.0,9588.0,2951.0,2939.0,1037.0,4082.0,1377.0,1581.0,1124.0,980.0,978.0,981.0,980.0,992.0,979.0,2896.0,3037.0,3655.0,1377.0,1581.0,1124.0,980.0,978.0,981.0
1.0,7674.0,2970.0,2941.0,2168.0,4892.0,1344.0,1699.0,1849.0,980.0,979.0,982.0,991.0,989.0,990.0,2543.0,2331.0,2800.0,1344.0,1699.0,1849.0,980.0,979.0,982.0
1.0,6872.0,2948.0,2941.0,4082.0,3758.0,945.0,1107.0,1706.0,980.0,979.0,982.0,978.0,989.0,981.0,2576.0,2217.0,2079.0,945.0,1107.0,1706.0,980.0,979.0,982.0
1.0,8006.0,3000.0,2943.0,4892.0,1874.0,604.0,420.0,850.0,981.0,980.0,982.0,999.0,1008.0,993.0,2975.0,2809.0,2222.0,604.0,420.0,850.0,981.0,980.0,982.0
1.0,9898.0,2966.0,2944.0,3758.0,1086.0,652.0,301.0,133.0,981.0,980.0,983.0,993.0,988.0,985.0,3320.0,3500.0,3078.0,652.0,301.0,133.0,981.0,980.0,983.0
1.0,10690.0,2932.0,2943.0,1874.0,2140.0,1021.0,867.0,252.0,981.0,980.0,982.0,973.0,986.0,973.0,3272.0,3619.0,3799.0,1021.0,867.0,252.0,981.0,980.0,982.0
1.0,9632.0,2945.0,2942.0,1086.0,3995.0,1346.0,1555.0,1094.0,980.0,980.0,982.0,981.0,989.0,975.0,2903.0,3053.0,3676.0,1346.0,1555.0,1094.0,980.0,980.0,982.0
1.0,7773.0,3019.0,2942.0,2140.0,4874.0,1341.0,1692.0,1841.0,980.0,980.0,982.0,1016.0,1004.0,999.0,2574.0,2365.0,2834.0,1341.0,1692.0,1841.0,980.0,980.0,982.0
1.0,6894.0,2978.0,2943.0,3995.0,3861.0,990.0,1137.0,1734.0,980.0,981.0,982.0,995.0,996.0,987.0,2579.0,2228.0,2087.0,990.0,1137.0,1734.0,980.0,981.0,982.0
1.0,7911.0,2987.0,2944.0,4874.0,1978.0,656.0,449.0,873.0,981.0,981.0,982.0,1003.0,1004.0,980.0,2930.0,2787.0,2194.0,656.0,449.0,873.0,981.0,981.0,982.0
1.0,9798.0,2981.0,2944.0,3861.0,1098.0,663.0,313.0,122.0,981.0,981.0,982.0,997.0,1001.0,983.0,3268.0,3475.0,3055.0,663.0,313.0,122.0,981.0,981.0,982.0
1.0,10678.0,2986.0,2945.0,1978.0,2110.0,997.0,876.0,237.0,981.0,982.0,982.0,990.0,1008.0,988.0,3261.0,3611.0,3806.0,997.0,876.0,237.0,981.0,982.0,982.0
1.0,9670.0,2996.0,2945.0,1098.0,4008.0,1331.0,1571.0,1106.0,981.0,982.0,982.0,997.0,1008.0,991.0,2927.0,3052.0,3691.0,1331.0,1571.0,1106.0,981.0,982.0,982.0
1.0,7772.0,3013.0,2947.0,2110.0,4919.0,1337.0,1707.0,1875.0,981.0,983.0,983.0,1003.0,1008.0,1002.0,2593.0,2357.0,2822.0,1337.0,1707.0,1875.0,981.0,983.0,983.0
1.0,6869.0,2982.0,2949.0,4008.0,3901.0,1016.0,1135.0,1750.0,982.0,984.0,983.0,1006.0,995.0,981.0,2587.0,2225.0,2057.0,1016.0,1135.0,1750.0,982.0,984.0,983.0
1.0,7895.0,2991.0,2949.0,4919.0,1973.0,670.0,438.0,865.0,982.0,984.0,983.0,991.0,1010.0,990.0,2912.0,2801.0,2182.0,670.0,438.0,865.0,982.0,984.0,983.0
1.0,9823.0,2999.0,2952.0,3901.0,1083.0,662.0,302.0,119.0,983.0,985.0,984.0,1004.0,995.0,1000.0,3258.0,3498.0,3067.0,662.0,302.0,119.0,983.0,985.0,984.0
1.0,10725.0,3033.0,2952.0,1973.0,2143.0,1010.0,878.0,255.0,983.0,985.0,984.0,1018.0,1014.0,1001.0,3270.0,3638.0,3817.0,1010.0,878.0,255.0,983.0,985.0,984.0
1.0,9665.0,2998.0,2954.0,1083.0,4066.0,1366.0,1570.0,1130.0,984.0,986.0,984.0,1014.0,990.0,994.0,2922.0,3062.0,3681.0,1366.0,1570.0,1130.0,984.0,986.0,984.0
1.0,7750.0,2957.0,2954.0,2143.0,4880.0,1337.0,1682.0,1861.0,984.0,986.0,984.0,981.0,990.0,986.0,2570.0,2374.0,2806.0,1337.0,1682.0,1861.0,984.0,986.0,984.0
1.0,6936.0,2980.0,2954.0,4066.0,3794.0,972.0,1105.0,1717.0,984.0,986.0,984.0,1001.0,993.0,986.0,2599.0,2262.0,2075.0,972.0,1105.0,1717.0,984.0,986.0,984.0
1.0,8022.0,2979.0,2955.0,4880.0,1897.0,645.0,408.0,844.0,985.0,986.0,984.0,1006.0,985.0,988.0,2964.0,2839.0,2219.0,645.0,408.0,844.0,985.0,986.0,984.0
1.0,9923.0,2963.0,2955.0,3794.0,1066.0,669.0,290.0,107.0,985.0,986.0,984.0,996.0,987.0,980.0,3295.0,3536.0,3092.0,669.0,290.0,107.0,985.0,986.0,984.0
1.0,10754.0,2987.0,2956.0,1897.0,2160.0,1013.0,887.0,260.0,985.0,987.0,984.0,989.0,1001.0,997.0,3271.0,3654.0,3829.0,1013.0,887.0,260.0,985.0,987.0,984.0
1.0,9664.0,2917.0,2956.0,1066.0,4011.0,1319.0,1566.0,1126.0,985.0,987.0,984.0,975.0,969.0,973.0,2927.0,3061.0,3676.0,1319.0,1566.0,1126.0,985.0,987.0,984.0
1.0,7813.0,2937.0,2957.0,2160.0,4792.0,1298.0,1650.0,1844.0,986.0,987.0,984.0,988.0,971.0,978.0,2621.0,2382.0,2810.0,1298.0,1650.0,1844.0,986.0,987.0,984.0
1.0,7036.0,2942.0,2958.0,4011.0,3727.0,958.0,1070.0,1699.0,986.0,988.0,984.0,979.0,982.0,981.0,2646.0,2298.0,2092.0,958.0,1070.0,1699.0,986.0,988.0,984.0
1.0,8105.0,2962.0,2958.0,4792.0,1897.0,653.0,411.0,833.0,986.0,988.0,984.0,993.0,991.0,978.0,2986.0,2882.0,2237.0,653.0,411.0,833.0,986.0,988.0,984.0
1.0,9935.0,2971.0,2958.0,3727.0,1141.0,691.0,333.0,117.0,986.0,988.0,984.0,996.0,992.0,983.0,3291.0,3541.0,3103.0,691.0,333.0,117.0,986.0,988.0,984.0
1.0,10691.0,2902.0,2958.0,1897.0,2146.0,1010.0,886.0,250.0,986.0,988.0,984.0,972.0,964.0,966.0,3253.0,3619.0,3819.0,1010.0,886.0,250.0,986.0,988.0,984.0
1.0,9686.0,2939.0,2958.0,1141.0,3944.0,1300.0,1532.0,1112.0,986.0,988.0,984.0,981.0,979.0,979.0,2934.0,3066.0,3686.0,1300.0,1532.0,1112.0,986.0,988.0,984.0
1.0,7888.0,2937.0,2958.0,2146.0,4735.0,1269.0,1626.0,1840.0,986.0,988.0,984.0,979.0,980.0,978.0,2644.0,2420.0,2824.0,1269.0,1626.0,1840.0,986.0,988.0,984.0
1.0,7097.0,2935.0,2958.0,3944.0,3726.0,945.0,1075.0,1706.0,986.0,988.0,984.0,976.0,981.0,978.0,2675.0,2326.0,2096.0,945.0,1075.0,1706.0,986.0,988.0,984.0
1.0,8106.0,2960.0,2959.0,4735.0,1955.0,654.0,442.0,859.0,986.0,989.0,984.0,978.0,989.0,993.0,2999.0,2877.0,2230.0,654.0,442.0,859.0,986.0,989.0,984.0
1.0,9881.0,2965.0,2959.0,3726.0,1194.0,697.0,353.0,144.0,986.0,989.0,984.0,988.0,986.0,991.0,3290.0,3514.0,3077.0,697.0,353.0,144.0,986.0,989.0,984.0
1.0,10642.0,2923.0,2959.0,1955.0,2162.0,1011.0,888.0,263.0,986.0,989.0,984.0,968.0,977.0,978.0,3247.0,3603.0,3792.0,1011.0,888.0,263.0,986.0,989.0,984.0
1.0,9674.0,2989.0,2961.0,1194.0,3965.0,1321.0,1523.0,1121.0,987.0,989.0,985.0,1003.0,988.0,998.0,2933.0,3068.0,3673.0,1321.0,1523.0,1121.0,987.0,989.0,985.0
1.0,7879.0,2968.0,2961.0,2162.0,4771.0,1298.0,1625.0,1848.0,987.0,989.0,985.0,988.0,990.0,990.0,2627.0,2433.0,2819.0,1298.0,1625.0,1848.0,987.0,989.0,985.0
1.0,7073.0,3009.0,2963.0,3965.0,3823.0,982.0,1104.0,1737.0,988.0,990.0,985.0,1001.0,998.0,1010.0,2650.0,2331.0,2092.0,982.0,1104.0,1737.0,988.0,990.0,985.0
1.0,8029.0,3001.0,2964.0,4771.0,2057.0,682.0,479.0,896.0,988.0,990.0,986.0,998.0,1000.0,1003.0,2970.0,2856.0,2203.0,682.0,479.0,896.0,988.0,990.0,986.0
1.0,9799.0,2996.0,2966.0,3823.0,1238.0,712.0,373.0,153.0,989.0,991.0,986.0,1008.0,994.0,994.0,3270.0,3481.0,3048.0,712.0,373.0,153.0,989.0,991.0,986.0
1.0,10626.0,2959.0,2966.0,2057.0,2140.0,1014.0,874.0,252.0,989.0,991.0,986.0,984.0,980.0,995.0,3244.0,3591.0,3791.0,1014.0,874.0,252.0,989.0,991.0,986.0
1.0,9724.0,2992.0,2967.0,1238.0,3898.0,1291.0,1498.0,1109.0,989.0,991.0,987.0,989.0,997.0,1006.0,2942.0,3090.0,3692.0,1291.0,1498.0,1109.0,989.0,991.0,987.0
1.0,7970.0,2975.0,2967.0,2140.0,4733.0,1263.0,1611.0,1859.0,989.0,991.0,987.0,986.0,987.0,1002.0,2665.0,2466.0,2839.0,1263.0,1611.0,1859.0,989.0,991.0,987.0
1.0,7135.0,2972.0,2966.0,3898.0,3803.0,954.0,1100.0,1749.0,989.0,990.0,987.0,982.0,991.0,999.0,2693.0,2353.0,2089.0,954.0,1100.0,1749.0,989.0,990.0,987.0
1.0,8061.0,2976.0,2969.0,4733.0,2058.0,683.0,486.0,889.0,990.0,991.0,988.0,988.0,993.0,995.0,3002.0,2860.0,2199.0,683.0,486.0,889.0,990.0,991.0,988.0
1.0,9818.0,2992.0,2969.0,3803.0,1247.0,721.0,379.0,147.0,990.0,991.0,988.0,992.0,993.0,1007.0,3277.0,3478.0,3063.0,721.0,379.0,147.0,990.0,991.0,988.0
1.0,10629.0,2996.0,2969.0,2058.0,2185.0,1029.0,894.0,262.0,990.0,991.0,988.0,991.0,1001.0,1004.0,3239.0,3585.0,3805.0,1029.0,894.0,262.0,990.0,991.0,988.0
1.0,9691.0,2959.0,2970.0,1247.0,3901.0,1292.0,1495.0,1114.0,990.0,991.0,989.0,984.0,980.0,995.0,2931.0,3070.0,3690.0,1292.0,1495.0,1114.0,990.0,991.0,989.0
1.0,7979.0,3016.0,2972.0,2185.0,4740.0,1271.0,1607.0,1862.0,991.0,992.0,989.0,1004.0,1002.0,1010.0,2668.0,2469.0,2842.0,1271.0,1607.0,1862.0,991.0,992.0,989.0
1.0,7148.0,3033.0,2974.0,3901.0,3880.0,992.0,1119.0,1769.0,992.0,992.0,990.0,1009.0,1007.0,1017.0,2693.0,2361.0,2094.0,992.0,1119.0,1769.0,992.0,992.0,990.0
1.0,8016.0,3026.0,2974.0,4740.0,2166.0,724.0,521.0,921.0,992.0,992.0,990.0,1003.0,1009.0,1014.0,2976.0,2849.0,2191.0,724.0,521.0,921.0,992.0,992.0,990.0
1.0,9730.0,2996.0,2975.0,3880.0,1286.0,734.0,393.0,159.0,992.0,992.0,991.0,1002.0,991.0,1003.0,3244.0,3447.0,3039.0,734.0,393.0,159.0,992.0,992.0,991.0
1.0,10614.0,2996.0,2976.0,2166.0,2120.0,1012.0,871.0,237.0,993.0,992.0,991.0,998.0,999.0,999.0,3234.0,3575.0,3805.0,1012.0,871.0,237.0,993.0,992.0,991.0
1.0,9784.0,3011.0,2978.0,1286.0,3853.0,1273.0,1494.0,1086.0,993.0,993.0,992.0,995.0,1012.0,1004.0,2960.0,3097.0,3727.0,1273.0,1494.0,1086.0,993.0,993.0,992.0
1.0,8059.0,2983.0,2978.0,2120.0,4716.0,1255.0,1609.0,1852.0,993.0,993.0,992.0,994.0,986.0,1003.0,2699.0,2478.0,2882.0,1255.0,1609.0,1852.0,993.0,993.0,992.0
1.0,7196.0,2981.0,2978.0,3853.0,3844.0,965.0,1111.0,1768.0,993.0,993.0,992.0,983.0,996.0,1002.0,2717.0,2363.0,2116.0,965.0,1111.0,1768.0,993.0,993.0,992.0
1.0,8068.0,2976.0,2978.0,4716.0,2104.0,706.0,488.0,910.0,993.0,993.0,992.0,996.0,986.0,994.0,3007.0,2861.0,2200.0,706.0,488.0,910.0,993.0,993.0,992.0
1.0,9808.0,3048.0,2980.0,3844.0,1316.0,752.0,400.0,164.0,994.0,993.0,993.0,1007.0,1023.0,1018.0,3266.0,3484.0,3058.0,752.0,400.0,164.0,994.0,993.0,993.0
1.0,10604.0,2983.0,2979.0,2104.0,2191.0,1037.0,903.0,251.0,993.0,993.0,993.0,995.0,991.0,997.0,3224.0,3572.0,3808.0,1037.0,903.0,251.0,993.0,993.0,993.0
1.0,9725.0,3008.0,2980.0,1316.0,3887.0,1280.0,1511.0,1096.0,993.0,993.0,994.0,995.0,1008.0,1005.0,2935.0,3069.0,3721.0,1280.0,1511.0,1096.0,993.0,993.0,994.0
1.0,8033.0,2979.0,2980.0,2191.0,4675.0,1235.0,1603.0,1837.0,993.0,993.0,994.0,992.0,995.0,992.0,2692.0,2461.0,2880.0,1235.0,1603.0,1837.0,993.0,993.0,994.0
1.0,7245.0,3039.0,2981.0,3887.0,3831.0,968.0,1094.0,1769.0,993.0,993.0,995.0,1013.0,1002.0,1024.0,2737.0,2369.0,2139.0,968.0,1094.0,1769.0,993.0,993.0,995.0
1.0,8093.0,2987.0,2981.0,4675.0,2143.0,726.0,490.0,927.0,993.0,993.0,995.0,993.0,999.0,995.0,3004.0,2878.0,2211.0,726.0,490.0,927.0,993.0,993.0,995.0
1.0,9781.0,2999.0,2981.0,3831.0,1311.0,761.0,396.0,154.0,993.0,993.0,995.0,1003.0,1000.0,996.0,3246.0,3482.0,3053.0,761.0,396.0,154.0,993.0,993.0,995.0
1.0,10613.0,3042.0,2982.0,2143.0,2214.0,1054.0,918.0,242.0,994.0,993.0,995.0,1015.0,1012.0,1015.0,3211.0,3576.0,3826.0,1054.0,918.0,242.0,994.0,993.0,995.0
1.0,9714.0,3035.0,2983.0,1311.0,3942.0,1301.0,1539.0,1102.0,994.0,993.0,996.0,1008.0,1017.0,1010.0,2922.0,3054.0,3738.0,1301.0,1539.0,1102.0,994.0,993.0,996.0
1.0,7990.0,3005.0,2983.0,2214.0,4733.0,1250.0,1623.0,1860.0,994.0,993.0,996.0,1003.0,1002.0,1000.0,2675.0,2433.0,2882.0,1250.0,1623.0,1860.0,994.0,993.0,996.0
1.0,7199.0,3009.0,2983.0,3942.0,3800.0,952.0,1092.0,1756.0,994.0,993.0,996.0,1003.0,1008.0,998.0,2726.0,2349.0,2124.0,952.0,1092.0,1756.0,994.0,993.0,996.0
1.0,8132.0,3032.0,2983.0,4733.0,2099.0,714.0,476.0,909.0,994.0,993.0,996.0,1012.0,1007.0,1013.0,3024.0,2880.0,2228.0,714.0,476.0,909.0,994.0,993.0,996.0
1.0,9833.0,3014.0,2984.0,3800.0,1317.0,765.0,392.0,160.0,994.0,994.0,996.0,1003.0,1004.0,1007.0,3262.0,3496.0,3075.0,765.0,392.0,160.0,994.0,994.0,996.0
1.0,10619.0,2985.0,2984.0,2099.0,2203.0,1046.0,914.0,243.0,994.0,994.0,996.0,995.0,998.0,992.0,3211.0,3584.0,3824.0,1046.0,914.0,243.0,994.0,994.0,996.0
1.0,9733.0,3067.0,2985.0,1317.0,3957.0,1304.0,1547.0,1106.0,994.0,994.0,997.0,1023.0,1025.0,1019.0,2930.0,3062.0,3741.0,1304.0,1547.0,1106.0,994.0,994.0,997.0
1.0,7983.0,2966.0,2985.0,2203.0,4720.0,1250.0,1618.0,1852.0,994.0,994.0,997.0,992.0,985.0,989.0,2672.0,2429.0,2882.0,1250.0,1618.0,1852.0,994.0,994.0,997.0
1.0,7220.0,2981.0,2985.0,3957.0,3744.0,940.0,1063.0,1741.0,994.0,994.0,997.0,994.0,992.0,995.0,2726.0,2358.0,2136.0,940.0,1063.0,1741.0,994.0,994.0,997.0
1.0,8196.0,3017.0,2986.0,4720.0,2045.0,698.0,458.0,889.0,994.0,995.0,997.0,1008.0,1009.0,1000.0,3036.0,2913.0,2247.0,698.0,458.0,889.0,994.0,995.0,997.0
1.0,9899.0,3000.0,2988.0,3744.0,1309.0,767.0,405.0,137.0,995.0,995.0,998.0,1005.0,1010.0,985.0,3278.0,3522.0,3099.0,767.0,405.0,137.0,995.0,995.0,998.0
1.0,10643.0,3049.0,2990.0,2045.0,2321.0,1095.0,966.0,260.0,996.0,996.0,998.0,1022.0,1015.0,1012.0,3213.0,3575.0,3855.0,1095.0,966.0,260.0,996.0,996.0,998.0
1.0,9639.0,3009.0,2992.0,1309.0,4029.0,1334.0,1569.0,1126.0,996.0,997.0,999.0,1006.0,1004.0,999.0,2889.0,3018.0,3732.0,1334.0,1569.0,1126.0,996.0,997.0,999.0
1.0,7939.0,3009.0,2992.0,2321.0,4717.0,1251.0,1614.0,1852.0,996.0,997.0,999.0,1012.0,1011.0,986.0,2650.0,2419.0,2870.0,1251.0,1614.0,1852.0,996.0,997.0,999.0
1.0,7251.0,3034.0,2993.0,4029.0,3726.0,939.0,1055.0,1732.0,997.0,997.0,999.0,1018.0,1010.0,1006.0,2733.0,2374.0,2144.0,939.0,1055.0,1732.0,997.0,997.0,999.0
1.0,8246.0,3000.0,2995.0,4717.0,2017.0,681.0,451.0,885.0,997.0,998.0,1000.0,993.0,1006.0,1001.0,3049.0,2933.0,2264.0,681.0,451.0,885.0,997.0,998.0,1000.0
1.0,9963.0,2985.0,2996.0,3726.0,1280.0,749.0,392.0,139.0,998.0,998.0,1000.0,1003.0,996.0,986.0,3307.0,3541.0,3115.0,749.0,392.0,139.0,998.0,998.0,1000.0
1.0,10704.0,3018.0,2998.0,2017.0,2289.0,1078.0,948.0,263.0,998.0,999.0,1001.0,1010.0,1003.0,1005.0,3243.0,3600.0,3861.0,1078.0,948.0,263.0,998.0,999.0,1001.0
1.0,9703.0,3006.0,2999.0,1280.0,4019.0,1337.0,1564.0,1118.0,999.0,999.0,1001.0,1004.0,1008.0,994.0,2914.0,3048.0,3741.0,1337.0,1564.0,1118.0,999.0,999.0,1001.0
1.0,7977.0,2977.0,3000.0,2289.0,4711.0,1256.0,1618.0,1837.0,999.0,1000.0,1001.0,997.0,998.0,982.0,2659.0,2432.0,2886.0,1256.0,1618.0,1837.0,999.0,1000.0,1001.0
1.0,7289.0,3050.0,3001.0,4019.0,3746.0,944.0,1069.0,1733.0,1000.0,1000.0,1001.0,1021.0,1015.0,1014.0,2740.0,2382.0,2167.0,944.0,1069.0,1733.0,1000.0,1000.0,1001.0
1.0,8258.0,2973.0,3001.0,4711.0,2008.0,682.0,440.0,886.0,1000.0,1000.0,1001.0,994.0,989.0,990.0,3056.0,2931.0,2271.0,682.0,440.0,886.0,1000.0,1000.0,1001.0
1.0,9996.0,3018.0,3002.0,3746.0,1284.0,738.0,390.0,156.0,1000.0,1001.0,1001.0,1000.0,1015.0,1003.0,3318.0,3560.0,3118.0,738.0,390.0,156.0,1000.0,1001.0,1001.0
1.0,10724.0,2993.0,3002.0,2008.0,2269.0,1051.0,955.0,263.0,1000.0,1001.0,1001.0,995.0,1005.0,993.0,3262.0,3614.0,3848.0,1051.0,955.0,263.0,1000.0,1001.0,1001.0
1.0,9739.0,3033.0,3005.0,1284.0,4030.0,1324.0,1582.0,1124.0,1001.0,1002.0,1002.0,1007.0,1013.0,1013.0,2949.0,3049.0,3741.0,1324.0,1582.0,1124.0,1001.0,1002.0,1002.0
1.0,7990.0,2965.0,3002.0,2269.0,4714.0,1251.0,1616.0,1847.0,1000.0,1001.0,1001.0,982.0,993.0,990.0,2680.0,2426.0,2884.0,1251.0,1616.0,1847.0,1000.0,1001.0,1001.0
1.0,7294.0,3003.0,3003.0,4030.0,3691.0,925.0,1042.0,1724.0,1000.0,1002.0,1001.0,998.0,1004.0,1001.0,2749.0,2388.0,2157.0,925.0,1042.0,1724.0,1000.0,1002.0,1001.0
1.0,8321.0,2937.0,3003.0,4714.0,1914.0,650.0,408.0,856.0,1000.0,1002.0,1001.0,976.0,982.0,979.0,3075.0,2966.0,2280.0,650.0,408.0,856.0,1000.0,1002.0,1001.0
1.0,10098.0,3007.0,3003.0,3691.0,1230.0,725.0,371.0,134.0,1000.0,1002.0,1001.0,1000.0,1005.0,1002.0,3350.0,3600.0,3148.0,725.0,371.0,134.0,1000.0,1002.0,1001.0
1.0,10782.0,2976.0,3003.0,1914.0,2292.0,1076.0,951.0,265.0,1000.0,1002.0,1001.0,1001.0,988.0,987.0,3275.0,3637.0,3870.0,1076.0,951.0,265.0,1000.0,1002.0,1001.0
1.0,9720.0,3011.0,3004.0,1230.0,4077.0,1361.0,1576.0,1140.0,1001.0,1002.0,1001.0,1006.0,996.0,1009.0,2924.0,3057.0,3739.0,1361.0,1576.0,1140.0,1001.0,1002.0,1001.0
1.0,7939.0,2989.0,3004.0,2292.0,4774.0,1273.0,1624.0,1877.0,1001.0,1002.0,1001.0,988.0,999.0,1002.0,2643.0,2432.0,2864.0,1273.0,1624.0,1877.0,1001.0,1002.0,1001.0
1.0,7242.0,3011.0,3004.0,4077.0,3708.0,903.0,1062.0,1743.0,1001.0,1002.0,1001.0,991.0,1014.0,1006.0,2731.0,2384.0,2127.0,903.0,1062.0,1743.0,1001.0,1002.0,1001.0
1.0,8308.0,2997.0,3004.0,4774.0,1931.0,622.0,442.0,867.0,1001.0,1002.0,1001.0,992.0,1004.0,1001.0,3101.0,2946.0,2261.0,622.0,442.0,867.0,1001.0,1002.0,1001.0
1.0,10085.0,2983.0,3005.0,3708.0,1210.0,714.0,375.0,121.0,1001.0,1003.0,1001.0,995.0,991.0,997.0,3382.0,3566.0,3137.0,714.0,375.0,121.0,1001.0,1003.0,1001.0
1.0,10810.0,3004.0,3005.0,1931.0,2283.0,1094.0,942.0,247.0,1001.0,1003.0,1001.0,1002.0,1009.0,993.0,3290.0,3637.0,3883.0,1094.0,942.0,247.0,1001.0,1003.0,1001.0
1.0,9737.0,3042.0,3005.0,1210.0,4115.0,1392.0,1587.0,1136.0,1001.0,1003.0,1001.0,1012.0,1020.0,1010.0,2910.0,3070.0,3757.0,1392.0,1587.0,1136.0,1001.0,1003.0,1001.0
1.0,7905.0,3011.0,3004.0,2283.0,4839.0,1297.0,1652.0,1890.0,1001.0,1003.0,1000.0,999.0,1007.0,1005.0,2612.0,2425.0,2868.0,1297.0,1652.0,1890.0,1001.0,1003.0,1000.0
1.0,7177.0,3020.0,3005.0,4115.0,3748.0,905.0,1066.0,1777.0,1001.0,1003.0,1001.0,1000.0,1001.0,1019.0,2707.0,2360.0,2110.0,905.0,1066.0,1777.0,1001.0,1003.0,1001.0
1.0,8272.0,2978.0,3005.0,4839.0,1887.0,601.0,402.0,884.0,1001.0,1003.0,1001.0,993.0,988.0,997.0,3099.0,2946.0,2227.0,601.0,402.0,884.0,1001.0,1003.0,1001.0
1.0,10133.0,3039.0,3005.0,3748.0,1178.0,717.0,340.0,121.0,1001.0,1003.0,1001.0,1021.0,1004.0,1014.0,3403.0,3610.0,3120.0,717.0,340.0,121.0,1001.0,1003.0,1001.0
1.0,10842.0,3052.0,3007.0,1887.0,2351.0,1133.0,962.0,256.0,1002.0,1004.0,1001.0,1013.0,1020.0,1019.0,3287.0,3672.0,3883.0,1133.0,962.0,256.0,1002.0,1004.0,1001.0
1.0,9677.0,3075.0,3009.0,1178.0,4256.0,1445.0,1640.0,1171.0,1003.0,1004.0,1002.0,1025.0,1018.0,1032.0,2875.0,3054.0,3748.0,1445.0,1640.0,1171.0,1003.0,1004.0,1002.0
1.0,7780.0,2999.0,3009.0,2351.0,4904.0,1308.0,1677.0,1919.0,1003.0,1004.0,1002.0,996.0,999.0,1004.0,2567.0,2376.0,2837.0,1308.0,1677.0,1919.0,1003.0,1004.0,1002.0
1.0,7132.0,3025.0,3008.0,4256.0,3669.0,863.0,1050.0,1756.0,1002.0,1004.0,1002.0,1004.0,1013.0,1008.0,2704.0,2339.0,2089.0,863.0,1050.0,1756.0,1002.0,1004.0,1002.0
1.0,8363.0,3029.0,3009.0,4904.0,1798.0,565.0,381.0,852.0,1003.0,1004.0,1002.0,1006.0,1008.0,1015.0,3145.0,2966.0,2252.0,565.0,381.0,852.0,1003.0,1004.0,1002.0
1.0,10238.0,3052.0,3009.0,3669.0,1181.0,726.0,347.0,108.0,1003.0,1004.0,1002.0,1024.0,1016.0,1012.0,3447.0,3635.0,3156.0,726.0,347.0,108.0,1003.0,1004.0,1002.0
1.0,10855.0,3052.0,3012.0,1798.0,2447.0,1183.0,989.0,275.0,1004.0,1005.0,1003.0,1018.0,1019.0,1015.0,3286.0,3669.0,3900.0,1183.0,989.0,275.0,1004.0,1005.0,1003.0
1.0,9601.0,3034.0,3012.0,1181.0,4300.0,1464.0,1653.0,1183.0,1004.0,1005.0,1003.0,1007.0,1011.0,1016.0,2833.0,3031.0,3737.0,1464.0,1653.0,1183.0,1004.0,1005.0,1003.0
1.0,7748.0,3027.0,3012.0,2447.0,4880.0,1289.0,1674.0,1917.0,1004.0,1005.0,1003.0,1008.0,1010.0,1009.0,2552.0,2367.0,2829.0,1289.0,1674.0,1917.0,1004.0,1005.0,1003.0
1.0,7168.0,3029.0,3012.0,4300.0,3609.0,834.0,1028.0,1747.0,1004.0,1005.0,1003.0,1009.0,1007.0,1013.0,2727.0,2346.0,2095.0,834.0,1028.0,1747.0,1004.0,1005.0,1003.0
1.0,8439.0,3044.0,3012.0,4880.0,1773.0,556.0,368.0,849.0,1004.0,1005.0,1003.0,1011.0,1014.0,1019.0,3182.0,2992.0,2265.0,556.0,368.0,849.0,1004.0,1005.0,1003.0
1.0,10275.0,3027.0,3012.0,3609.0,1191.0,733.0,341.0,117.0,1004.0,1005.0,1003.0,1011.0,1001.0,1015.0,3460.0,3652.0,3163.0,733.0,341.0,117.0,1004.0,1005.0,1003.0
1.0,10857.0,3000.0,3012.0,1773.0,2418.0,1170.0,979.0,269.0,1004.0,1005.0,1003.0,993.0,1006.0,1001.0,3283.0,3679.0,3895.0,1170.0,979.0,269.0,1004.0,1005.0,1003.0
1.0,9630.0,3004.0,3012.0,1191.0,4231.0,1435.0,1641.0,1155.0,1004.0,1005.0,1003.0,998.0,1003.0,1003.0,2846.0,3041.0,3743.0,1435.0,1641.0,1155.0,1004.0,1005.0,1003.0
1.0,7817.0,2991.0,3011.0,2418.0,4800.0,1258.0,1659.0,1883.0,1003.0,1005.0,1003.0,997.0,997.0,997.0,2581.0,2379.0,2857.0,1258.0,1659.0,1883.0,1003.0,1005.0,1003.0
1.0,7244.0,3046.0,3012.0,4231.0,3619.0,842.0,1032.0,1745.0,1004.0,1005.0,1003.0,1015.0,1014.0,1017.0,2754.0,2361.0,2129.0,842.0,1032.0,1745.0,1004.0,1005.0,1003.0
1.0,8429.0,3060.0,3013.0,4800.0,1883.0,601.0,387.0,895.0,1004.0,1005.0,1004.0,1017.0,1014.0,1029.0,3174.0,2988.0,2267.0,601.0,387.0,895.0,1004.0,1005.0,1004.0
1.0,10169.0,3021.0,3013.0,3619.0,1285.0,770.0,361.0,154.0,1004.0,1005.0,1004.0,1011.0,1006.0,1004.0,3415.0,3633.0,3121.0,770.0,361.0,154.0,1004.0,1005.0,1004.0
1.0,10767.0,3062.0,3014.0,1883.0,2468.0,1186.0,1000.0,282.0,1004.0,1006.0,1004.0,1017.0,1022.0,1023.0,3246.0,3659.0,3862.0,1186.0,1000.0,282.0,1004.0,1006.0,1004.0
1.0,9588.0,3058.0,3016.0,1285.0,4249.0,1436.0,1656.0,1157.0,1005.0,1006.0,1005.0,1016.0,1017.0,1025.0,2830.0,3024.0,3734.0,1436.0,1656.0,1157.0,1005.0,1006.0,1005.0
1.0,7815.0,3064.0,3017.0,2468.0,4849.0,1266.0,1683.0,1900.0,1005.0,1007.0,1005.0,1016.0,1023.0,1025.0,2584.0,2368.0,2863.0,1266.0,1683.0,1900.0,1005.0,1007.0,1005.0
1.0,7219.0,3019.0,3017.0,4249.0,3619.0,826.0,1027.0,1766.0,1005.0,1006.0,1006.0,996.0,1004.0,1019.0,2754.0,2345.0,2120.0,826.0,1027.0,1766.0,1005.0,1006.0,1006.0
1.0,8449.0,3054.0,3017.0,4849.0,1824.0,578.0,362.0,884.0,1005.0,1006.0,1006.0,1018.0,1018.0,1018.0,3194.0,2997.0,2258.0,578.0,362.0,884.0,1005.0,1006.0,1006.0
1.0,10244.0,3020.0,3018.0,3619.0,1229.0,755.0,346.0,128.0,1005.0,1007.0,1006.0,1003.0,1007.0,1010.0,3442.0,3662.0,3140.0,755.0,346.0,128.0,1005.0,1007.0,1006.0
1.0,10843.0,3033.0,3019.0,1824.0,2442.0,1185.0,997.0,260.0,1005.0,1007.0,1007.0,1008.0,1013.0,1012.0,3265.0,3682.0,3896.0,1185.0,997.0,260.0,1005.0,1007.0,1007.0
1.0,9634.0,3042.0,3018.0,1229.0,4251.0,1437.0,1668.0,1146.0,1004.0,1007.0,1007.0,1011.0,1017.0,1014.0,2835.0,3031.0,3768.0,1437.0,1668.0,1146.0,1004.0,1007.0,1007.0
1.0,7821.0,3036.0,3019.0,2442.0,4849.0,1267.0,1686.0,1896.0,1005.0,1007.0,1007.0,1011.0,1015.0,1010.0,2579.0,2360.0,2882.0,1267.0,1686.0,1896.0,1005.0,1007.0,1007.0
1.0,7227.0,3014.0,3020.0,4251.0,3616.0,834.0,1026.0,1756.0,1005.0,1007.0,1008.0,1004.0,1008.0,1002.0,2753.0,2342.0,2132.0,834.0,1026.0,1756.0,1005.0,1007.0,1008.0
1.0,8464.0,3040.0,3020.0,4849.0,1807.0,578.0,355.0,874.0,1005.0,1007.0,1008.0,1011.0,1015.0,1014.0,3186.0,3002.0,2276.0,578.0,355.0,874.0,1005.0,1007.0,1008.0
1.0,10273.0,3065.0,3021.0,3616.0,1260.0,760.0,362.0,138.0,1005.0,1008.0,1008.0,1016.0,1029.0,1020.0,3442.0,3673.0,3158.0,760.0,362.0,138.0,1005.0,1008.0,1008.0
1.0,10824.0,3073.0,3023.0,1807.0,2534.0,1212.0,1030.0,292.0,1006.0,1008.0,1009.0,1026.0,1023.0,1024.0,3260.0,3670.0,3894.0,1212.0,1030.0,292.0,1006.0,1008.0,1009.0
1.0,9558.0,3053.0,3024.0,1260.0,4331.0,1470.0,1703.0,1158.0,1006.0,1009.0,1009.0,1018.0,1031.0,1004.0,2812.0,3002.0,3744.0,1470.0,1703.0,1158.0,1006.0,1009.0,1009.0
1.0,7765.0,3052.0,3024.0,2534.0,4849.0,1280.0,1690.0,1879.0,1006.0,1009.0,1009.0,1022.0,1017.0,1013.0,2554.0,2333.0,2878.0,1280.0,1690.0,1879.0,1006.0,1009.0,1009.0
1.0,7247.0,3077.0,3025.0,4331.0,3599.0,834.0,1008.0,1757.0,1006.0,1009.0,1010.0,1024.0,1021.0,1032.0,2744.0,2346.0,2157.0,834.0,1008.0,1757.0,1006.0,1009.0,1010.0
1.0,8501.0,3018.0,3026.0,4849.0,1772.0,574.0,319.0,879.0,1007.0,1009.0,1010.0,1016.0,1001.0,1001.0,3190.0,3028.0,2283.0,574.0,319.0,879.0,1007.0,1009.0,1010.0
1.0,10332.0,3026.0,3026.0,3599.0,1199.0,760.0,316.0,123.0,1007.0,1009.0,1010.0,1020.0,1005.0,1001.0,3454.0,3717.0,3161.0,760.0,316.0,123.0,1007.0,1009.0,1010.0
1.0,10905.0,3040.0,3027.0,1772.0,2471.0,1203.0,1010.0,258.0,1008.0,1009.0,1010.0,1013.0,1013.0,1014.0,3268.0,3720.0,3917.0,1203.0,1010.0,258.0,1008.0,1009.0,1010.0
1.0,9637.0,3030.0,3028.0,1199.0,4306.0,1444.0,1715.0,1147.0,1008.0,1010.0,1010.0,1001.0,1017.0,1012.0,2829.0,3026.0,3782.0,1444.0,1715.0,1147.0,1008.0,1010.0,1010.0
1.0,7806.0,3029.0,3029.0,2471.0,4868.0,1249.0,1718.0,1901.0,1008.0,1010.0,1011.0,1008.0,1013.0,1008.0,2588.0,2325.0,2893.0,1249.0,1718.0,1901.0,1008.0,1010.0,1011.0
1.0,7248.0,3069.0,3031.0,4306.0,3639.0,828.0,1042.0,1769.0,1009.0,1011.0,1011.0,1019.0,1035.0,1015.0,2783.0,2322.0,2143.0,828.0,1042.0,1769.0,1009.0,1011.0,1011.0
1.0,8485.0,3015.0,3032.0,4868.0,1790.0,583.0,331.0,876.0,1009.0,1011.0,1012.0,1004.0,1007.0,1004.0,3208.0,3002.0,2275.0,583.0,331.0,876.0,1009.0,1011.0,1012.0
1.0,10338.0,3062.0,3033.0,3639.0,1217.0,767.0,328.0,122.0,1009.0,1012.0,1012.0,1012.0,1035.0,1015.0,3453.0,3713.0,3172.0,767.0,328.0,122.0,1009.0,1012.0,1012.0
1.0,10915.0,3051.0,3034.0,1790.0,2482.0,1208.0,1020.0,254.0,1010.0,1012.0,1012.0,1020.0,1023.0,1008.0,3269.0,3720.0,3926.0,1208.0,1020.0,254.0,1010.0,1012.0,1012.0
1.0,9654.0,3048.0,3035.0,1217.0,4317.0,1452.0,1720.0,1145.0,1010.0,1013.0,1012.0,1011.0,1024.0,1013.0,2832.0,3028.0,3794.0,1452.0,1720.0,1145.0,1010.0,1013.0,1012.0
1.0,7823.0,3012.0,3034.0,2482.0,4843.0,1247.0,1696.0,1900.0,1010.0,1012.0,1012.0,1003.0,1000.0,1009.0,2588.0,2332.0,2903.0,1247.0,1696.0,1900.0,1010.0,1012.0,1012.0
1.0,7293.0,3023.0,3035.0,4317.0,3553.0,799.0,987.0,1767.0,1010.0,1013.0,1012.0,1004.0,1007.0,1012.0,2793.0,2352.0,2148.0,799.0,987.0,1767.0,1010.0,1013.0,1012.0
1.0,8587.0,3038.0,3037.0,4843.0,1756.0,575.0,306.0,875.0,1011.0,1013.0,1013.0,1019.0,1015.0,1004.0,3241.0,3065.0,2281.0,575.0,306.0,875.0,1011.0,1013.0,1013.0
1.0,10392.0,3095.0,3037.0,3553.0,1298.0,807.0,353.0,138.0,1011.0,1013.0,1013.0,1031.0,1034.0,1030.0,3469.0,3746.0,3177.0,807.0,353.0,138.0,1011.0,1013.0,1013.0
1.0,10850.0,3081.0,3039.0,1756.0,2631.0,1259.0,1081.0,291.0,1012.0,1014.0,1013.0,1023.0,1030.0,1028.0,3237.0,3699.0,3914.0,1259.0,1081.0,291.0,1012.0,1014.0,1013.0
1.0,9525.0,3016.0,3038.0,1298.0,4345.0,1447.0,1741.0,1157.0,1011.0,1014.0,1013.0,999.0,1013.0,1004.0,2789.0,2975.0,3761.0,1447.0,1741.0,1157.0,1011.0,1014.0,1013.0
1.0,7807.0,3045.0,3040.0,2631.0,4767.0,1199.0,1693.0,1875.0,1012.0,1015.0,1013.0,1007.0,1029.0,1009.0,2597.0,2315.0,2895.0,1199.0,1693.0,1875.0,1012.0,1015.0,1013.0
1.0,7393.0,3046.0,3040.0,4345.0,3468.0,769.0,970.0,1729.0,1012.0,1015.0,1013.0,1017.0,1018.0,1011.0,2849.0,2367.0,2177.0,769.0,970.0,1729.0,1012.0,1015.0,1013.0
1.0,8692.0,3072.0,3040.0,4767.0,1773.0,600.0,301.0,872.0,1012.0,1015.0,1013.0,1030.0,1024.0,1018.0,3279.0,3090.0,2323.0,600.0,301.0,872.0,1012.0,1015.0,1013.0
1.0,10387.0,3061.0,3040.0,3468.0,1366.0,842.0,358.0,166.0,1012.0,1015.0,1013.0,1011.0,1027.0,1023.0,3448.0,3759.0,3180.0,842.0,358.0,166.0,1012.0,1015.0,1013.0
1.0,10794.0,3058.0,3041.0,1773.0,2655.0,1263.0,1080.0,312.0,1012.0,1016.0,1013.0,1021.0,1019.0,1018.0,3206.0,3702.0,3886.0,1263.0,1080.0,312.0,1012.0,1016.0,1013.0
1.0,9509.0,3023.0,3041.0,1366.0,4312.0,1429.0,1733.0,1150.0,1012.0,1016.0,1013.0,1008.0,1011.0,1004.0,2785.0,2984.0,3740.0,1429.0,1733.0,1150.0,1012.0,1016.0,1013.0
1.0,7852.0,3037.0,3041.0,2655.0,4694.0,1172.0,1662.0,1860.0,1012.0,1016.0,1013.0,1006.0,1009.0,1022.0,2619.0,2331.0,2902.0,1172.0,1662.0,1860.0,1012.0,1016.0,1013.0
1.0,7470.0,3031.0,3040.0,4312.0,3409.0,751.0,934.0,1724.0,1012.0,1015.0,1013.0,1008.0,1009.0,1014.0,2876.0,2402.0,2192.0,751.0,934.0,1724.0,1012.0,1015.0,1013.0
1.0,8751.0,3029.0,3040.0,4694.0,1744.0,587.0,281.0,876.0,1012.0,1015.0,1013.0,1008.0,1009.0,1012.0,3297.0,3126.0,2328.0,587.0,281.0,876.0,1012.0,1015.0,1013.0
1.0,10416.0,3029.0,3040.0,3409.0,1364.0,844.0,360.0,160.0,1012.0,1015.0,1013.0,1008.0,1013.0,1008.0,3461.0,3779.0,3176.0,844.0,360.0,160.0,1012.0,1015.0,1013.0
1.0,10796.0,3022.0,3040.0,1744.0,2642.0,1273.0,1080.0,289.0,1012.0,1015.0,1013.0,1016.0,1001.0,1005.0,3204.0,3700.0,3892.0,1273.0,1080.0,289.0,1012.0,1015.0,1013.0
1.0,9518.0,3052.0,3040.0,1364.0,4330.0,1448.0,1732.0,1150.0,1012.0,1015.0,1013.0,1019.0,1012.0,1021.0,2775.0,2980.0,3763.0,1448.0,1732.0,1150.0,1012.0,1015.0,1013.0
1.0,7830.0,3057.0,3040.0,2642.0,4745.0,1195.0,1667.0,1883.0,1012.0,1015.0,1013.0,1020.0,1015.0,1022.0,2600.0,2328.0,2902.0,1195.0,1667.0,1883.0,1012.0,1015.0,1013.0
1.0,7415.0,3070.0,3042.0,4330.0,3493.0,776.0,965.0,1752.0,1013.0,1016.0,1013.0,1025.0,1026.0,1019.0,2853.0,2393.0,2169.0,776.0,965.0,1752.0,1013.0,1016.0,1013.0
1.0,8675.0,3074.0,3043.0,4745.0,1826.0,605.0,322.0,899.0,1013.0,1016.0,1014.0,1024.0,1024.0,1026.0,3276.0,3099.0,2300.0,605.0,322.0,899.0,1013.0,1016.0,1014.0
1.0,10346.0,3093.0,3044.0,3493.0,1430.0,869.0,384.0,177.0,1014.0,1016.0,1014.0,1036.0,1027.0,1030.0,3447.0,3742.0,3157.0,869.0,384.0,177.0,1014.0,1016.0,1014.0
1.0,10746.0,3031.0,3046.0,1826.0,2643.0,1271.0,1080.0,292.0,1014.0,1017.0,1015.0,1007.0,1014.0,1010.0,3187.0,3680.0,3879.0,1271.0,1080.0,292.0,1014.0,1017.0,1015.0
1.0,9541.0,3039.0,3045.0,1430.0,4248.0,1428.0,1687.0,1133.0,1014.0,1016.0,1015.0,1026.0,995.0,1018.0,2785.0,2988.0,3768.0,1428.0,1687.0,1133.0,1014.0,1016.0,1015.0
1.0,7932.0,3030.0,3044.0,2643.0,4631.0,1171.0,1619.0,1841.0,1014.0,1016.0,1014.0,1014.0,1012.0,1004.0,2628.0,2377.0,2927.0,1171.0,1619.0,1841.0,1014.0,1016.0,1014.0
1.0,7545.0,3039.0,3044.0,4248.0,3422.0,757.0,943.0,1722.0,1014.0,1016.0,1014.0,1014.0,1011.0,1014.0,2885.0,2445.0,2215.0,757.0,943.0,1722.0,1014.0,1016.0,1014.0
1.0,8754.0,3024.0,3044.0,4631.0,1815.0,605.0,326.0,884.0,1014.0,1016.0,1014.0,1019.0,1002.0,1003.0,3299.0,3121.0,2334.0,605.0,326.0,884.0,1014.0,1016.0,1014.0
1.0,10361.0,3006.0,3044.0,3422.0,1399.0,853.0,386.0,160.0,1014.0,1016.0,1014.0,1005.0,1003.0,998.0,3451.0,3738.0,3172.0,853.0,386.0,160.0,1014.0,1016.0,1014.0
1.0,10777.0,3024.0,3042.0,1815.0,2600.0,1273.0,1061.0,266.0,1014.0,1015.0,1013.0,1025.0,1005.0,994.0,3203.0,3678.0,3896.0,1273.0,1061.0,266.0,1014.0,1015.0,1013.0
1.0,9568.0,3068.0,3044.0,1399.0,4277.0,1443.0,1712.0,1122.0,1015.0,1016.0,1013.0,1019.0,1033.0,1016.0,2783.0,2999.0,3786.0,1443.0,1712.0,1122.0,1015.0,1016.0,1013.0
1.0,7899.0,3013.0,3044.0,2600.0,4690.0,1182.0,1653.0,1855.0,1015.0,1016.0,1013.0,1012.0,1002.0,999.0,2617.0,2352.0,2930.0,1182.0,1653.0,1855.0,1015.0,1016.0,1013.0
1.0,7486.0,3084.0,3044.0,4277.0,3497.0,773.0,965.0,1759.0,1015.0,1016.0,1013.0,1034.0,1024.0,1026.0,2878.0,2411.0,2197.0,773.0,965.0,1759.0,1015.0,1016.0,1013.0
1.0,8679.0,3017.0,3044.0,4690.0,1824.0,593.0,312.0,919.0,1015.0,1016.0,1013.0,1002.0,1000.0,1015.0,3287.0,3099.0,2293.0,593.0,312.0,919.0,1015.0,1016.0,1013.0
1.0,10352.0,3088.0,3045.0,3497.0,1419.0,861.0,367.0,191.0,1016.0,1016.0,1013.0,1037.0,1020.0,1031.0,3467.0,3752.0,3133.0,861.0,367.0,191.0,1016.0,1016.0,1013.0
1.0,10761.0,3065.0,3045.0,1824.0,2660.0,1296.0,1073.0,291.0,1016.0,1016.0,1013.0,1028.0,1018.0,1019.0,3203.0,3697.0,3861.0,1296.0,1073.0,291.0,1016.0,1016.0,1013.0
1.0,9520.0,3036.0,3046.0,1419.0,4281.0,1452.0,1710.0,1119.0,1016.0,1016.0,1014.0,1017.0,1004.0,1015.0,2768.0,2991.0,3761.0,1452.0,1710.0,1119.0,1016.0,1016.0,1014.0
1.0,7903.0,3062.0,3046.0,2660.0,4683.0,1181.0,1646.0,1856.0,1016.0,1016.0,1014.0,1025.0,1009.0,1028.0,2612.0,2354.0,2937.0,1181.0,1646.0,1856.0,1016.0,1016.0,1014.0
1.0,7501.0,3064.0,3046.0,4281.0,3466.0,764.0,946.0,1756.0,1017.0,1015.0,1014.0,1031.0,1014.0,1019.0,2883.0,2418.0,2200.0,764.0,946.0,1756.0,1017.0,1015.0,1014.0
1.0,8718.0,3106.0,3047.0,4683.0,1893.0,627.0,338.0,928.0,1017.0,1016.0,1014.0,1044.0,1034.0,1028.0,3304.0,3114.0,2300.0,627.0,338.0,928.0,1017.0,1016.0,1014.0
1.0,10295.0,3066.0,3046.0,3466.0,1489.0,888.0,410.0,191.0,1017.0,1015.0,1014.0,1025.0,1022.0,1019.0,3441.0,3726.0,3128.0,888.0,410.0,191.0,1017.0,1015.0,1014.0
1.0,10695.0,3115.0,3049.0,1893.0,2723.0,1303.0,1112.0,308.0,1018.0,1016.0,1015.0,1038.0,1036.0,1041.0,3180.0,3650.0,3865.0,1303.0,1112.0,308.0,1018.0,1016.0,1015.0
1.0,9473.0,3095.0,3049.0,1489.0,4329.0,1446.0,1742.0,1141.0,1018.0,1016.0,1015.0,1031.0,1040.0,1024.0,2769.0,2952.0,3752.0,1446.0,1742.0,1141.0,1018.0,1016.0,1015.0
1.0,7867.0,3154.0,3051.0,2723.0,4768.0,1194.0,1685.0,1889.0,1018.0,1017.0,1016.0,1051.0,1051.0,1052.0,2626.0,2322.0,2919.0,1194.0,1685.0,1889.0,1018.0,1017.0,1016.0
1.0,7436.0,3109.0,3053.0,4329.0,3556.0,785.0,984.0,1787.0,1019.0,1018.0,1016.0,1033.0,1037.0,1039.0,2878.0,2383.0,2175.0,785.0,984.0,1787.0,1019.0,1018.0,1016.0
1.0,8656.0,3057.0,3053.0,4768.0,1845.0,612.0,320.0,913.0,1019.0,1018.0,1016.0,1021.0,1021.0,1015.0,3291.0,3088.0,2277.0,612.0,320.0,913.0,1019.0,1018.0,1016.0
1.0,10367.0,3049.0,3053.0,3556.0,1338.0,841.0,353.0,144.0,1019.0,1018.0,1016.0,1014.0,1017.0,1018.0,3464.0,3752.0,3151.0,841.0,353.0,144.0,1019.0,1018.0,1016.0
1.0,10874.0,3091.0,3055.0,1845.0,2592.0,1266.0,1063.0,263.0,1020.0,1018.0,1017.0,1033.0,1030.0,1028.0,3235.0,3719.0,3920.0,1266.0,1063.0,263.0,1020.0,1018.0,1017.0
1.0,9628.0,3051.0,3055.0,1338.0,4305.0,1447.0,1716.0,1142.0,1020.0,1018.0,1017.0,1022.0,1006.0,1023.0,2814.0,3009.0,3805.0,1447.0,1716.0,1142.0,1020.0,1018.0,1017.0
1.0,7915.0,3101.0,3056.0,2592.0,4818.0,1201.0,1693.0,1924.0,1020.0,1018.0,1018.0,1020.0,1040.0,1041.0,2633.0,2356.0,2926.0,1201.0,1693.0,1924.0,1020.0,1018.0,1018.0
1.0,7406.0,3078.0,3056.0,4305.0,3591.0,776.0,1012.0,1803.0,1020.0,1018.0,1018.0,1022.0,1035.0,1021.0,2879.0,2379.0,2148.0,776.0,1012.0,1803.0,1020.0,1018.0,1018.0
1.0,8633.0,3057.0,3056.0,4818.0,1830.0,585.0,339.0,906.0,1020.0,1018.0,1018.0,1010.0,1020.0,1027.0,3304.0,3060.0,2269.0,585.0,339.0,906.0,1020.0,1018.0,1018.0
1.0,10394.0,3098.0,3058.0,3591.0,1345.0,829.0,374.0,142.0,1020.0,1019.0,1019.0,1020.0,1043.0,1035.0,3495.0,3733.0,3166.0,829.0,374.0,142.0,1020.0,1019.0,1019.0
1.0,10887.0,3063.0,3058.0,1830.0,2578.0,1264.0,1059.0,255.0,1020.0,1019.0,1019.0,1020.0,1024.0,1019.0,3251.0,3702.0,3934.0,1264.0,1059.0,255.0,1020.0,1019.0,1019.0
1.0,9654.0,3069.0,3059.0,1345.0,4306.0,1456.0,1707.0,1143.0,1021.0,1019.0,1019.0,1017.0,1022.0,1030.0,2816.0,3017.0,3821.0,1456.0,1707.0,1143.0,1021.0,1019.0,1019.0
1.0,7930.0,3133.0,3061.0,2578.0,4869.0,1233.0,1700.0,1936.0,1021.0,1020.0,1020.0,1041.0,1048.0,1044.0,2628.0,2369.0,2933.0,1233.0,1700.0,1936.0,1021.0,1020.0,1020.0
1.0,7375.0,3076.0,3061.0,4306.0,3639.0,798.0,1023.0,1818.0,1021.0,1020.0,1020.0,1021.0,1030.0,1025.0,2851.0,2380.0,2144.0,798.0,1023.0,1818.0,1021.0,1020.0,1020.0
1.0,8605.0,3051.0,3061.0,4869.0,1821.0,576.0,338.0,907.0,1021.0,1020.0,1020.0,1011.0,1015.0,1025.0,3286.0,3057.0,2262.0,576.0,338.0,907.0,1021.0,1020.0,1020.0
1.0,10423.0,3127.0,3062.0,3639.0,1313.0,811.0,362.0,140.0,1021.0,1020.0,1021.0,1033.0,1047.0,1047.0,3508.0,3742.0,3173.0,811.0,362.0,140.0,1021.0,1020.0,1021.0
1.0,10935.0,3144.0,3065.0,1821.0,2648.0,1270.0,1086.0,292.0,1022.0,1021.0,1022.0,1031.0,1058.0,1055.0,3273.0,3718.0,3944.0,1270.0,1086.0,292.0,1022.0,1021.0,1022.0
1.0,9612.0,3122.0,3065.0,1313.0,4457.0,1500.0,1758.0,1199.0,1022.0,1021.0,1022.0,1041.0,1034.0,1047.0,2818.0,2998.0,3796.0,1500.0,1758.0,1199.0,1022.0,1021.0,1022.0
1.0,7803.0,3097.0,3066.0,2648.0,4910.0,1253.0,1709.0,1948.0,1022.0,1021.0,1023.0,1023.0,1037.0,1037.0,2588.0,2326.0,2889.0,1253.0,1709.0,1948.0,1022.0,1021.0,1023.0
1.0,7354.0,3113.0,3067.0,4457.0,3570.0,783.0,997.0,1790.0,1022.0,1022.0,1023.0,1030.0,1042.0,1041.0,2835.0,2375.0,2144.0,783.0,997.0,1790.0,1022.0,1022.0,1023.0
1.0,8698.0,3116.0,3068.0,4910.0,1780.0,566.0,329.0,885.0,1023.0,1022.0,1023.0,1032.0,1041.0,1043.0,3305.0,3091.0,2302.0,566.0,329.0,885.0,1023.0,1022.0,1023.0
1.0,10492.0,3101.0,3070.0,3570.0,1319.0,809.0,376.0,134.0,1023.0,1023.0,1024.0,1026.0,1040.0,1035.0,3526.0,3759.0,3207.0,809.0,376.0,134.0,1023.0,1023.0,1024.0
1.0,10961.0,3038.0,3070.0,1780.0,2577.0,1248.0,1066.0,263.0,1023.0,1023.0,1024.0,1005.0,1019.0,1014.0,3283.0,3716.0,3962.0,1248.0,1066.0,263.0,1023.0,1023.0,1024.0
1.0,9703.0,3103.0,3070.0,1319.0,4361.0,1473.0,1717.0,1171.0,1023.0,1023.0,1024.0,1034.0,1027.0,1042.0,2844.0,3026.0,3833.0,1473.0,1717.0,1171.0,1023.0,1023.0,1024.0
1.0,7919.0,3085.0,3073.0,2577.0,4881.0,1256.0,1678.0,1947.0,1024.0,1024.0,1025.0,1027.0,1023.0,1035.0,2619.0,2375.0,2925.0,1256.0,1678.0,1947.0,1024.0,1024.0,1025.0
1.0,7411.0,3088.0,3073.0,4361.0,3608.0,796.0,1008.0,1804.0,1024.0,1024.0,1025.0,1013.0,1047.0,1028.0,2840.0,2418.0,2153.0,796.0,1008.0,1804.0,1024.0,1024.0,1025.0
1.0,8684.0,3103.0,3075.0,4881.0,1838.0,563.0,372.0,903.0,1024.0,1025.0,1026.0,1023.0,1038.0,1042.0,3300.0,3088.0,2296.0,563.0,372.0,903.0,1024.0,1025.0,1026.0
1.0,10462.0,3049.0,3075.0,3608.0,1279.0,773.0,388.0,118.0,1024.0,1025.0,1026.0,1006.0,1024.0,1019.0,3533.0,3728.0,3201.0,773.0,388.0,118.0,1024.0,1025.0,1026.0
1.0,11021.0,3092.0,3075.0,1838.0,2533.0,1244.0,1042.0,247.0,1024.0,1025.0,1026.0,1034.0,1026.0,1032.0,3323.0,3712.0,3986.0,1244.0,1042.0,247.0,1024.0,1025.0,1026.0
1.0,9767.0,3104.0,3077.0,1279.0,4366.0,1490.0,1697.0,1179.0,1024.0,1026.0,1027.0,1019.0,1039.0,1046.0,2852.0,3058.0,3857.0,1490.0,1697.0,1179.0,1024.0,1026.0,1027.0
1.0,7942.0,3062.0,3077.0,2533.0,4895.0,1254.0,1678.0,1963.0,1024.0,1026.0,1027.0,1008.0,1023.0,1031.0,2606.0,2407.0,2929.0,1254.0,1678.0,1963.0,1024.0,1026.0,1027.0
1.0,7413.0,3088.0,3076.0,4366.0,3613.0,782.0,1010.0,1821.0,1023.0,1026.0,1027.0,1022.0,1029.0,1037.0,2842.0,2426.0,2145.0,782.0,1010.0,1821.0,1023.0,1026.0,1027.0
1.0,8691.0,3092.0,3078.0,4895.0,1818.0,549.0,361.0,908.0,1024.0,1026.0,1028.0,1017.0,1029.0,1046.0,3310.0,3094.0,2287.0,549.0,361.0,908.0,1024.0,1026.0,1028.0
1.0,10494.0,3067.0,3077.0,3613.0,1268.0,779.0,375.0,114.0,1023.0,1026.0,1028.0,1016.0,1024.0,1027.0,3547.0,3743.0,3204.0,779.0,375.0,114.0,1023.0,1026.0,1028.0
1.0,11040.0,3081.0,3079.0,1818.0,2539.0,1261.0,1048.0,230.0,1024.0,1027.0,1028.0,1027.0,1030.0,1024.0,3313.0,3729.0,3998.0,1261.0,1048.0,230.0,1024.0,1027.0,1028.0
1.0,9777.0,3073.0,3079.0,1268.0,4344.0,1506.0,1697.0,1141.0,1024.0,1027.0,1028.0,1024.0,1024.0,1025.0,2835.0,3060.0,3882.0,1506.0,1697.0,1141.0,1024.0,1027.0,1028.0
1.0,7972.0,3095.0,3081.0,2539.0,4908.0,1279.0,1683.0,1946.0,1024.0,1028.0,1029.0,1034.0,1030.0,1031.0,2590.0,2411.0,2971.0,1279.0,1683.0,1946.0,1024.0,1028.0,1029.0
1.0,7416.0,3093.0,3083.0,4344.0,3665.0,804.0,1015.0,1846.0,1025.0,1028.0,1030.0,1027.0,1029.0,1037.0,2817.0,2429.0,2170.0,804.0,1015.0,1846.0,1025.0,1028.0,1030.0
1.0,8667.0,3069.0,3082.0,4908.0,1822.0,539.0,359.0,924.0,1024.0,1028.0,1030.0,1018.0,1027.0,1024.0,3296.0,3097.0,2274.0,539.0,359.0,924.0,1024.0,1028.0,1030.0
1.0,10506.0,3073.0,3083.0,3665.0,1234.0,775.0,359.0,100.0,1025.0,1028.0,1030.0,1036.0,1015.0,1022.0,3557.0,3753.0,3196.0,775.0,359.0,100.0,1025.0,1028.0,1030.0
1.0,11098.0,3065.0,3084.0,1822.0,2481.0,1265.0,1018.0,198.0,1025.0,1028.0,1031.0,1029.0,1018.0,1018.0,3325.0,3753.0,4020.0,1265.0,1018.0,198.0,1025.0,1028.0,1031.0
1.0,9855.0,3051.0,3083.0,1234.0,4294.0,1507.0,1679.0,1108.0,1025.0,1028.0,1030.0,1017.0,1020.0,1014.0,2835.0,3094.0,3926.0,1507.0,1679.0,1108.0,1025.0,1028.0,1030.0
1.0,8038.0,3110.0,3085.0,2481.0,4931.0,1277.0,1699.0,1955.0,1025.0,1029.0,1031.0,1035.0,1034.0,1041.0,2593.0,2433.0,3012.0,1277.0,1699.0,1955.0,1025.0,1029.0,1031.0
1.0,7409.0,3113.0,3085.0,4294.0,3750.0,809.0,1055.0,1886.0,1025.0,1029.0,1031.0,1039.0,1035.0,1039.0,2823.0,2417.0,2169.0,809.0,1055.0,1886.0,1025.0,1029.0,1031.0
1.0,8590.0,3113.0,3087.0,4931.0,1940.0,579.0,406.0,955.0,1026.0,1030.0,1031.0,1043.0,1046.0,1024.0,3291.0,3061.0,2238.0,579.0,406.0,955.0,1026.0,1030.0,1031.0
1.0,10408.0,3029.0,3087.0,3750.0,1219.0,786.0,363.0,70.0,1026.0,1030.0,1031.0,1016.0,1012.0,1001.0,3525.0,3714.0,3169.0,786.0,363.0,70.0,1026.0,1030.0,1031.0
1.0,11129.0,3089.0,3087.0,1940.0,2368.0,1243.0,981.0,144.0,1026.0,1030.0,1031.0,1036.0,1024.0,1029.0,3318.0,3757.0,4054.0,1243.0,981.0,144.0,1026.0,1030.0,1031.0
1.0,9980.0,3033.0,3087.0,1219.0,4182.0,1478.0,1621.0,1083.0,1026.0,1030.0,1031.0,1021.0,1003.0,1009.0,2861.0,3139.0,3980.0,1478.0,1621.0,1083.0,1026.0,1030.0,1031.0
1.0,8166.0,3073.0,3086.0,2368.0,4883.0,1258.0,1659.0,1966.0,1025.0,1030.0,1031.0,1027.0,1019.0,1027.0,2626.0,2499.0,3041.0,1258.0,1659.0,1966.0,1025.0,1030.0,1031.0
1.0,7461.0,3119.0,3087.0,4182.0,3824.0,833.0,1076.0,1915.0,1026.0,1030.0,1031.0,1049.0,1038.0,1032.0,2842.0,2461.0,2158.0,833.0,1076.0,1915.0,1026.0,1030.0,1031.0
1.0,8524.0,3075.0,3087.0,4883.0,2016.0,614.0,430.0,972.0,1026.0,1030.0,1031.0,1039.0,1013.0,1023.0,3271.0,3044.0,2209.0,614.0,430.0,972.0,1026.0,1030.0,1031.0
1.0,10332.0,3101.0,3086.0,3824.0,1289.0,825.0,379.0,85.0,1026.0,1029.0,1031.0,1044.0,1029.0,1028.0,3490.0,3690.0,3152.0,825.0,379.0,85.0,1026.0,1029.0,1031.0
1.0,11055.0,3095.0,3085.0,2016.0,2364.0,1244.0,979.0,141.0,1026.0,1029.0,1030.0,1033.0,1030.0,1032.0,3279.0,3737.0,4039.0,1244.0,979.0,141.0,1026.0,1029.0,1030.0
1.0,9976.0,3123.0,3085.0,1289.0,4198.0,1472.0,1634.0,1092.0,1026.0,1029.0,1030.0,1053.0,1034.0,1036.0,2860.0,3137.0,3979.0,1472.0,1634.0,1092.0,1026.0,1029.0,1030.0
1.0,8142.0,3089.0,3086.0,2364.0,4927.0,1274.0,1679.0,1974.0,1027.0,1029.0,1030.0,1042.0,1024.0,1023.0,2632.0,2482.0,3028.0,1274.0,1679.0,1974.0,1027.0,1029.0,1030.0
1.0,7417.0,3118.0,3088.0,4198.0,3855.0,851.0,1091.0,1913.0,1027.0,1030.0,1031.0,1049.0,1042.0,1027.0,2834.0,2437.0,2146.0,851.0,1091.0,1913.0,1027.0,1030.0,1031.0
1.0,8497.0,3110.0,3087.0,4927.0,2034.0,618.0,435.0,981.0,1027.0,1029.0,1031.0,1041.0,1027.0,1042.0,3257.0,3029.0,2211.0,618.0,435.0,981.0,1027.0,1029.0,1031.0
1.0,10314.0,3060.0,3088.0,3855.0,1243.0,791.0,369.0,83.0,1027.0,1030.0,1031.0,1024.0,1021.0,1015.0,3490.0,3681.0,3143.0,791.0,369.0,83.0,1027.0,1030.0,1031.0
1.0,11109.0,3083.0,3088.0,2034.0,2292.0,1215.0,962.0,115.0,1028.0,1030.0,1030.0,1038.0,1028.0,1017.0,3317.0,3751.0,4041.0,1215.0,962.0,115.0,1028.0,1030.0,1030.0
1.0,10060.0,3074.0,3087.0,1243.0,4119.0,1455.0,1614.0,1050.0,1028.0,1029.0,1030.0,1031.0,1025.0,1018.0,2897.0,3158.0,4005.0,1455.0,1614.0,1050.0,1028.0,1029.0,1030.0
1.0,8229.0,3113.0,3089.0,2292.0,4948.0,1286.0,1690.0,1972.0,1029.0,1030.0,1030.0,1042.0,1034.0,1037.0,2657.0,2502.0,3070.0,1286.0,1690.0,1972.0,1029.0,1030.0,1030.0
1.0,7408.0,3138.0,3089.0,4119.0,3967.0,884.0,1119.0,1964.0,1029.0,1030.0,1030.0,1053.0,1043.0,1042.0,2830.0,2430.0,2148.0,884.0,1119.0,1964.0,1029.0,1030.0,1030.0
1.0,8389.0,3103.0,3090.0,4948.0,2126.0,627.0,466.0,1033.0,1029.0,1030.0,1031.0,1029.0,1037.0,1037.0,3232.0,3001.0,2156.0,627.0,466.0,1033.0,1029.0,1030.0,1031.0
1.0,10234.0,3140.0,3091.0,3967.0,1303.0,797.0,392.0,114.0,1030.0,1030.0,1031.0,1050.0,1045.0,1045.0,3489.0,3654.0,3091.0,797.0,392.0,114.0,1030.0,1030.0,1031.0
1.0,11061.0,3107.0,3091.0,2126.0,2284.0,1209.0,962.0,113.0,1030.0,1030.0,1031.0,1039.0,1036.0,1032.0,3323.0,3728.0,4010.0,1209.0,962.0,113.0,1030.0,1030.0,1031.0
1.0,10080.0,3123.0,3091.0,1303.0,4104.0,1452.0,1617.0,1035.0,1030.0,1030.0,1031.0,1040.0,1047.0,1036.0,2911.0,3158.0,4011.0,1452.0,1617.0,1035.0,1030.0,1030.0,1031.0
1.0,8260.0,3126.0,3093.0,2284.0,4954.0,1282.0,1710.0,1962.0,1031.0,1031.0,1031.0,1035.0,1051.0,1040.0,2668.0,2503.0,3089.0,1282.0,1710.0,1962.0,1031.0,1031.0,1031.0
1.0,7418.0,3090.0,3093.0,4104.0,3940.0,858.0,1125.0,1957.0,1031.0,1031.0,1031.0,1028.0,1032.0,1030.0,2842.0,2414.0,2162.0,858.0,1125.0,1957.0,1031.0,1031.0,1031.0
1.0,8432.0,3123.0,3092.0,4954.0,2105.0,619.0,449.0,1037.0,1031.0,1030.0,1031.0,1043.0,1038.0,1042.0,3266.0,2999.0,2167.0,619.0,449.0,1037.0,1031.0,1030.0,1031.0
1.0,10263.0,3133.0,3093.0,3940.0,1302.0,804.0,377.0,121.0,1031.0,1031.0,1031.0,1043.0,1049.0,1041.0,3505.0,3671.0,3087.0,804.0,377.0,121.0,1031.0,1031.0,1031.0
1.0,11070.0,3106.0,3093.0,2105.0,2303.0,1222.0,965.0,116.0,1031.0,1031.0,1031.0,1037.0,1037.0,1032.0,3320.0,3747.0,4003.0,1222.0,965.0,116.0,1031.0,1031.0,1031.0
1.0,10069.0,3105.0,3092.0,1302.0,4102.0,1461.0,1620.0,1021.0,1031.0,1031.0,1030.0,1043.0,1032.0,1030.0,2902.0,3159.0,4008.0,1461.0,1620.0,1021.0,1031.0,1031.0,1030.0
1.0,8266.0,3111.0,3092.0,2303.0,4910.0,1281.0,1688.0,1941.0,1032.0,1030.0,1030.0,1038.0,1037.0,1036.0,2663.0,2504.0,3099.0,1281.0,1688.0,1941.0,1032.0,1030.0,1030.0
1.0,7458.0,3138.0,3093.0,4102.0,3950.0,866.0,1124.0,1960.0,1032.0,1031.0,1030.0,1046.0,1052.0,1040.0,2847.0,2432.0,2179.0,866.0,1124.0,1960.0,1032.0,1031.0,1030.0
1.0,8422.0,3161.0,3095.0,4910.0,2209.0,635.0,490.0,1084.0,1033.0,1031.0,1031.0,1046.0,1054.0,1061.0,3262.0,3000.0,2160.0,635.0,490.0,1084.0,1033.0,1031.0,1031.0
1.0,10171.0,3114.0,3096.0,3950.0,1377.0,793.0,416.0,168.0,1033.0,1032.0,1031.0,1024.0,1046.0,1044.0,3497.0,3634.0,3040.0,793.0,416.0,168.0,1033.0,1032.0,1031.0
1.0,11007.0,3137.0,3096.0,2209.0,2305.0,1204.0,976.0,125.0,1033.0,1032.0,1031.0,1046.0,1050.0,1041.0,3339.0,3712.0,3956.0,1204.0,976.0,125.0,1033.0,1032.0,1031.0
1.0,10079.0,3176.0,3098.0,1377.0,4112.0,1475.0,1618.0,1019.0,1034.0,1032.0,1032.0,1060.0,1058.0,1058.0,2928.0,3152.0,3999.0,1475.0,1618.0,1019.0,1034.0,1032.0,1032.0
1.0,8280.0,3107.0,3099.0,2305.0,4918.0,1299.0,1689.0,1930.0,1034.0,1033.0,1032.0,1028.0,1043.0,1036.0,2661.0,2510.0,3109.0,1299.0,1689.0,1930.0,1034.0,1033.0,1032.0
1.0,7478.0,3112.0,3099.0,4112.0,3918.0,847.0,1109.0,1962.0,1034.0,1033.0,1032.0,1023.0,1038.0,1051.0,2837.0,2443.0,2198.0,847.0,1109.0,1962.0,1034.0,1033.0,1032.0
1.0,8478.0,3107.0,3100.0,4918.0,2111.0,581.0,454.0,1076.0,1034.0,1033.0,1033.0,1033.0,1034.0,1040.0,3289.0,3023.0,2166.0,581.0,454.0,1076.0,1034.0,1033.0,1033.0
1.0,10289.0,3106.0,3100.0,3918.0,1299.0,772.0,383.0,144.0,1035.0,1033.0,1032.0,1034.0,1038.0,1034.0,3555.0,3678.0,3056.0,772.0,383.0,144.0,1035.0,1033.0,1032.0
1.0,11101.0,3124.0,3101.0,2111.0,2316.0,1227.0,976.0,113.0,1035.0,1033.0,1033.0,1036.0,1047.0,1041.0,3368.0,3749.0,3984.0,1227.0,976.0,113.0,1035.0,1033.0,1033.0
1.0,10088.0,3151.0,3102.0,1299.0,4172.0,1491.0,1655.0,1026.0,1035.0,1034.0,1033.0,1036.0,1058.0,1057.0,2913.0,3156.0,4019.0,1491.0,1655.0,1026.0,1035.0,1034.0,1033.0
1.0,8236.0,3112.0,3103.0,2316.0,4972.0,1299.0,1722.0,1951.0,1036.0,1034.0,1033.0,1031.0,1043.0,1038.0,2649.0,2481.0,3106.0,1299.0,1722.0,1951.0,1036.0,1034.0,1033.0
1.0,7440.0,3164.0,3104.0,4172.0,3968.0,855.0,1128.0,1985.0,1036.0,1035.0,1033.0,1047.0,1057.0,1060.0,2845.0,2414.0,2181.0,855.0,1128.0,1985.0,1036.0,1035.0,1033.0
1.0,8448.0,3085.0,3104.0,4972.0,2081.0,591.0,431.0,1059.0,1036.0,1035.0,1033.0,1035.0,1025.0,1025.0,3289.0,3012.0,2147.0,591.0,431.0,1059.0,1036.0,1035.0,1033.0
1.0,10335.0,3135.0,3106.0,3968.0,1256.0,775.0,351.0,130.0,1037.0,1035.0,1034.0,1035.0,1048.0,1052.0,3553.0,3709.0,3073.0,775.0,351.0,130.0,1037.0,1035.0,1034.0
1.0,11168.0,3113.0,3106.0,2081.0,2288.0,1216.0,960.0,112.0,1037.0,1035.0,1034.0,1032.0,1040.0,1041.0,3373.0,3789.0,4006.0,1216.0,960.0,112.0,1037.0,1035.0,1034.0
1.0,10136.0,3126.0,3107.0,1256.0,4162.0,1481.0,1660.0,1021.0,1037.0,1036.0,1034.0,1040.0,1047.0,1039.0,2932.0,3180.0,4024.0,1481.0,1660.0,1021.0,1037.0,1036.0,1034.0
1.0,8266.0,3139.0,3108.0,2288.0,5017.0,1301.0,1752.0,1964.0,1037.0,1036.0,1035.0,1036.0,1052.0,1051.0,2667.0,2484.0,3115.0,1301.0,1752.0,1964.0,1037.0,1036.0,1035.0
1.0,7415.0,3102.0,3109.0,4162.0,3961.0,846.0,1134.0,1981.0,1037.0,1037.0,1035.0,1026.0,1038.0,1038.0,2847.0,2392.0,2176.0,846.0,1134.0,1981.0,1037.0,1037.0,1035.0
1.0,8475.0,3099.0,3109.0,5017.0,2043.0,581.0,416.0,1046.0,1037.0,1037.0,1035.0,1036.0,1034.0,1029.0,3302.0,3014.0,2159.0,581.0,416.0,1046.0,1037.0,1037.0,1035.0
1.0,10393.0,3083.0,3110.0,3961.0,1169.0,755.0,307.0,107.0,1037.0,1037.0,1036.0,1020.0,1025.0,1038.0,3567.0,3732.0,3094.0,755.0,307.0,107.0,1037.0,1037.0,1036.0
1.0,11271.0,3094.0,3110.0,2043.0,2220.0,1196.0,924.0,100.0,1037.0,1037.0,1036.0,1022.0,1033.0,1039.0,3393.0,3841.0,4037.0,1196.0,924.0,100.0,1037.0,1037.0,1036.0
1.0,10220.0,3136.0,3110.0,1169.0,4187.0,1481.0,1661.0,1045.0,1037.0,1037.0,1036.0,1040.0,1044.0,1052.0,2952.0,3224.0,4044.0,1481.0,1661.0,1045.0,1037.0,1037.0,1036.0
1.0,8253.0,3093.0,3110.0,2220.0,5060.0,1316.0,1768.0,1976.0,1037.0,1037.0,1036.0,1031.0,1031.0,1031.0,2667.0,2487.0,3099.0,1316.0,1768.0,1976.0,1037.0,1037.0,1036.0
1.0,7380.0,3133.0,3112.0,4187.0,4014.0,881.0,1160.0,1973.0,1037.0,1038.0,1037.0,1046.0,1049.0,1038.0,2832.0,2380.0,2168.0,881.0,1160.0,1973.0,1037.0,1038.0,1037.0
1.0,8434.0,3132.0,3112.0,5060.0,2086.0,597.0,441.0,1048.0,1037.0,1038.0,1037.0,1032.0,1049.0,1051.0,3267.0,2992.0,2175.0,597.0,441.0,1048.0,1037.0,1038.0,1037.0
1.0,10362.0,3168.0,3115.0,4014.0,1252.0,779.0,336.0,137.0,1038.0,1039.0,1038.0,1059.0,1051.0,1058.0,3551.0,3711.0,3100.0,779.0,336.0,137.0,1038.0,1039.0,1038.0
1.0,11208.0,3139.0,3117.0,2086.0,2313.0,1228.0,944.0,141.0,1038.0,1040.0,1039.0,1046.0,1045.0,1048.0,3373.0,3820.0,4015.0,1228.0,944.0,141.0,1038.0,1040.0,1039.0
1.0,10155.0,3101.0,3117.0,1252.0,4162.0,1471.0,1645.0,1046.0,1038.0,1040.0,1039.0,1022.0,1037.0,1042.0,2924.0,3216.0,4015.0,1471.0,1645.0,1046.0,1038.0,1040.0,1039.0
1.0,8306.0,3135.0,3117.0,2313.0,4984.0,1282.0,1751.0,1951.0,1038.0,1040.0,1039.0,1039.0,1050.0,1046.0,2681.0,2515.0,3110.0,1282.0,1751.0,1951.0,1038.0,1040.0,1039.0
1.0,7484.0,3162.0,3119.0,4162.0,3992.0,875.0,1160.0,1957.0,1038.0,1041.0,1040.0,1064.0,1050.0,1048.0,2870.0,2409.0,2205.0,875.0,1160.0,1957.0,1038.0,1041.0,1040.0
1.0,8484.0,3113.0,3119.0,4984.0,2121.0,641.0,435.0,1045.0,1038.0,1041.0,1040.0,1048.0,1026.0,1039.0,3277.0,3004.0,2203.0,641.0,435.0,1045.0,1038.0,1041.0,1040.0
1.0,10355.0,3092.0,3118.0,3992.0,1217.0,805.0,297.0,115.0,1038.0,1040.0,1040.0,1039.0,1026.0,1027.0,3511.0,3729.0,3115.0,805.0,297.0,115.0,1038.0,1040.0,1040.0
1.0,11255.0,3129.0,3119.0,2121.0,2229.0,1216.0,894.0,119.0,1038.0,1041.0,1040.0,1052.0,1028.0,1049.0,3347.0,3863.0,4045.0,1216.0,894.0,119.0,1038.0,1041.0,1040.0
1.0,10247.0,3149.0,3119.0,1217.0,4161.0,1466.0,1641.0,1054.0,1038.0,1041.0,1040.0,1055.0,1044.0,1050.0,2936.0,3270.0,4041.0,1466.0,1641.0,1054.0,1038.0,1041.0,1040.0
1.0,8315.0,3177.0,3121.0,2229.0,5117.0,1316.0,1794.0,2007.0,1039.0,1041.0,1041.0,1062.0,1047.0,1068.0,2686.0,2523.0,3106.0,1316.0,1794.0,2007.0,1039.0,1041.0,1041.0
1.0,7367.0,3128.0,3122.0,4161.0,4088.0,900.0,1185.0,2003.0,1039.0,1041.0,1042.0,1050.0,1032.0,1046.0,2840.0,2370.0,2157.0,900.0,1185.0,2003.0,1039.0,1041.0,1042.0
1.0,8400.0,3145.0,3124.0,5117.0,2124.0,634.0,447.0,1043.0,1040.0,1042.0,1042.0,1046.0,1052.0,1047.0,3256.0,2979.0,2165.0,634.0,447.0,1043.0,1040.0,1042.0,1042.0
1.0,10372.0,3123.0,3125.0,4088.0,1163.0,774.0,301.0,88.0,1040.0,1042.0,1043.0,1040.0,1039.0,1044.0,3526.0,3721.0,3125.0,774.0,301.0,88.0,1040.0,1042.0,1043.0
1.0,11337.0,3149.0,3125.0,2124.0,2188.0,1199.0,896.0,93.0,1040.0,1042.0,1043.0,1059.0,1042.0,1048.0,3386.0,3867.0,4084.0,1199.0,896.0,93.0,1040.0,1042.0,1043.0
1.0,10312.0,3168.0,3125.0,1163.0,4193.0,1491.0,1645.0,1057.0,1040.0,1042.0,1043.0,1066.0,1050.0,1052.0,2961.0,3272.0,4079.0,1491.0,1645.0,1057.0,1040.0,1042.0,1043.0
1.0,8307.0,3171.0,3127.0,2188.0,5184.0,1362.0,1809.0,2013.0,1041.0,1043.0,1043.0,1066.0,1056.0,1049.0,2669.0,2523.0,3115.0,1362.0,1809.0,2013.0,1041.0,1043.0,1043.0
1.0,7324.0,3192.0,3128.0,4193.0,4187.0,942.0,1226.0,2019.0,1041.0,1043.0,1044.0,1071.0,1062.0,1059.0,2802.0,2363.0,2159.0,942.0,1226.0,2019.0,1041.0,1043.0,1044.0
1.0,8325.0,3139.0,3129.0,5184.0,2146.0,631.0,467.0,1048.0,1042.0,1043.0,1044.0,1047.0,1050.0,1042.0,3222.0,2946.0,2157.0,631.0,467.0,1048.0,1042.0,1043.0,1044.0
1.0,10370.0,3145.0,3129.0,4187.0,1104.0,745.0,287.0,72.0,1042.0,1043.0,1044.0,1056.0,1046.0,1043.0,3537.0,3705.0,3128.0,745.0,287.0,72.0,1042.0,1043.0,1044.0
1.0,11412.0,3137.0,3129.0,2146.0,2095.0,1165.0,857.0,73.0,1042.0,1043.0,1044.0,1051.0,1037.0,1049.0,3423.0,3885.0,4104.0,1165.0,857.0,73.0,1042.0,1043.0,1044.0
1.0,10421.0,3146.0,3130.0,1104.0,4141.0,1484.0,1618.0,1039.0,1043.0,1043.0,1044.0,1060.0,1048.0,1038.0,3003.0,3315.0,4103.0,1484.0,1618.0,1039.0,1043.0,1043.0,1044.0
1.0,8379.0,3114.0,3130.0,2095.0,5160.0,1361.0,1794.0,2005.0,1043.0,1043.0,1044.0,1042.0,1033.0,1039.0,2688.0,2554.0,3137.0,1361.0,1794.0,2005.0,1043.0,1043.0,1044.0
1.0,7360.0,3180.0,3130.0,4141.0,4199.0,937.0,1240.0,2022.0,1043.0,1043.0,1044.0,1060.0,1064.0,1056.0,2811.0,2378.0,2171.0,937.0,1240.0,2022.0,1043.0,1043.0,1044.0
1.0,8321.0,3158.0,3133.0,5160.0,2209.0,641.0,497.0,1071.0,1044.0,1044.0,1045.0,1061.0,1047.0,1050.0,3235.0,2932.0,2154.0,641.0,497.0,1071.0,1044.0,1044.0,1045.0
1.0,10323.0,3124.0,3133.0,4199.0,1134.0,750.0,300.0,84.0,1044.0,1044.0,1045.0,1046.0,1043.0,1035.0,3535.0,3679.0,3109.0,750.0,300.0,84.0,1044.0,1044.0,1045.0
1.0,11398.0,3151.0,3133.0,2209.0,2076.0,1160.0,854.0,62.0,1044.0,1044.0,1045.0,1051.0,1051.0,1049.0,3426.0,3876.0,4096.0,1160.0,854.0,62.0,1044.0,1044.0,1045.0
1.0,10456.0,3127.0,3133.0,1134.0,4069.0,1456.0,1595.0,1018.0,1044.0,1044.0,1045.0,1046.0,1041.0,1040.0,3016.0,3322.0,4118.0,1456.0,1595.0,1018.0,1044.0,1044.0,1045.0
1.0,8463.0,3169.0,3133.0,2076.0,5162.0,1355.0,1801.0,2006.0,1044.0,1044.0,1045.0,1059.0,1060.0,1050.0,2720.0,2581.0,3162.0,1355.0,1801.0,2006.0,1044.0,1044.0,1045.0
1.0,7370.0,3153.0,3134.0,4069.0,4250.0,950.0,1268.0,2032.0,1045.0,1044.0,1045.0,1047.0,1062.0,1044.0,2821.0,2375.0,2174.0,950.0,1268.0,2032.0,1045.0,1044.0,1045.0
1.0,8286.0,3132.0,3134.0,5162.0,2220.0,644.0,511.0,1065.0,1045.0,1044.0,1045.0,1049.0,1044.0,1039.0,3230.0,2908.0,2148.0,644.0,511.0,1065.0,1045.0,1044.0,1045.0
1.0,10316.0,3155.0,3133.0,4250.0,1121.0,733.0,295.0,93.0,1044.0,1044.0,1045.0,1043.0,1052.0,1060.0,3536.0,3665.0,3115.0,733.0,295.0,93.0,1044.0,1044.0,1045.0
1.0,11411.0,3152.0,3134.0,2220.0,2057.0,1150.0,836.0,71.0,1045.0,1044.0,1045.0,1057.0,1052.0,1043.0,3443.0,3881.0,4087.0,1150.0,836.0,71.0,1045.0,1044.0,1045.0
1.0,10479.0,3150.0,3134.0,1121.0,4086.0,1469.0,1585.0,1032.0,1045.0,1044.0,1045.0,1052.0,1044.0,1054.0,3030.0,3340.0,4109.0,1469.0,1585.0,1032.0,1045.0,1044.0,1045.0
1.0,8450.0,3158.0,3136.0,2057.0,5195.0,1368.0,1810.0,2017.0,1046.0,1045.0,1045.0,1045.0,1057.0,1056.0,2711.0,2591.0,3148.0,1368.0,1810.0,2017.0,1046.0,1045.0,1045.0
1.0,7349.0,3145.0,3137.0,4086.0,4258.0,944.0,1277.0,2037.0,1046.0,1045.0,1046.0,1045.0,1052.0,1048.0,2816.0,2370.0,2163.0,944.0,1277.0,2037.0,1046.0,1045.0,1046.0
1.0,8290.0,3093.0,3136.0,5195.0,2152.0,605.0,503.0,1044.0,1046.0,1045.0,1045.0,1029.0,1036.0,1028.0,3240.0,2903.0,2147.0,605.0,503.0,1044.0,1046.0,1045.0,1045.0
1.0,10392.0,3155.0,3136.0,4258.0,1049.0,707.0,287.0,55.0,1046.0,1045.0,1045.0,1046.0,1061.0,1048.0,3579.0,3677.0,3136.0,707.0,287.0,55.0,1046.0,1045.0,1045.0
1.0,11495.0,3115.0,3136.0,2152.0,2012.0,1135.0,821.0,56.0,1046.0,1045.0,1045.0,1033.0,1037.0,1045.0,3477.0,3893.0,4125.0,1135.0,821.0,56.0,1046.0,1045.0,1045.0
1.0,10532.0,3178.0,3137.0,1049.0,4145.0,1479.0,1594.0,1072.0,1046.0,1045.0,1046.0,1051.0,1060.0,1067.0,3049.0,3359.0,4124.0,1479.0,1594.0,1072.0,1046.0,1045.0,1046.0
1.0,8403.0,3148.0,3137.0,2012.0,5281.0,1388.0,1829.0,2064.0,1046.0,1045.0,1046.0,1044.0,1056.0,1048.0,2705.0,2586.0,3112.0,1388.0,1829.0,2064.0,1046.0,1045.0,1046.0
1.0,7267.0,3156.0,3139.0,4145.0,4300.0,967.0,1296.0,2037.0,1047.0,1046.0,1046.0,1054.0,1057.0,1045.0,2796.0,2351.0,2120.0,967.0,1296.0,2037.0,1047.0,1046.0,1046.0
1.0,8256.0,3177.0,3139.0,5281.0,2196.0,632.0,532.0,1032.0,1047.0,1046.0,1046.0,1053.0,1065.0,1059.0,3221.0,2888.0,2147.0,632.0,532.0,1032.0,1047.0,1046.0,1046.0
1.0,10360.0,3150.0,3139.0,4300.0,1046.0,707.0,290.0,49.0,1047.0,1046.0,1046.0,1042.0,1054.0,1054.0,3556.0,3652.0,3152.0,707.0,290.0,49.0,1047.0,1046.0,1046.0
1.0,11510.0,3159.0,3139.0,2196.0,2009.0,1126.0,813.0,70.0,1047.0,1046.0,1046.0,1051.0,1055.0,1053.0,3481.0,3894.0,4135.0,1126.0,813.0,70.0,1047.0,1046.0,1046.0
1.0,10547.0,3144.0,3141.0,1046.0,4115.0,1469.0,1574.0,1072.0,1048.0,1046.0,1047.0,1046.0,1051.0,1047.0,3062.0,3371.0,4114.0,1469.0,1574.0,1072.0,1048.0,1046.0,1047.0
1.0,8449.0,3165.0,3142.0,2009.0,5275.0,1386.0,1832.0,2057.0,1048.0,1047.0,1047.0,1043.0,1067.0,1055.0,2723.0,2610.0,3116.0,1386.0,1832.0,2057.0,1048.0,1047.0,1047.0
1.0,7293.0,3131.0,3143.0,4115.0,4295.0,960.0,1322.0,2013.0,1048.0,1048.0,1047.0,1043.0,1060.0,1028.0,2806.0,2356.0,2131.0,960.0,1322.0,2013.0,1048.0,1048.0,1047.0
1.0,8277.0,3143.0,3144.0,5275.0,2167.0,617.0,548.0,1002.0,1049.0,1048.0,1047.0,1039.0,1058.0,1046.0,3232.0,2870.0,2175.0,617.0,548.0,1002.0,1049.0,1048.0,1047.0
1.0,10409.0,3152.0,3145.0,4295.0,1028.0,707.0,287.0,34.0,1049.0,1049.0,1047.0,1050.0,1057.0,1045.0,3579.0,3644.0,3186.0,707.0,287.0,34.0,1049.0,1049.0,1047.0
1.0,11552.0,3153.0,3145.0,2167.0,2014.0,1136.0,791.0,87.0,1049.0,1049.0,1047.0,1046.0,1052.0,1055.0,3489.0,3909.0,4154.0,1136.0,791.0,87.0,1049.0,1049.0,1047.0
1.0,10566.0,3128.0,3146.0,1028.0,4118.0,1458.0,1557.0,1103.0,1049.0,1049.0,1048.0,1029.0,1053.0,1046.0,3060.0,3405.0,4101.0,1458.0,1557.0,1103.0,1049.0,1049.0,1048.0
1.0,8466.0,3139.0,3145.0,2014.0,5239.0,1360.0,1822.0,2057.0,1049.0,1049.0,1047.0,1038.0,1056.0,1045.0,2738.0,2639.0,3089.0,1360.0,1822.0,2057.0,1049.0,1049.0,1047.0
1.0,7341.0,3162.0,3145.0,4118.0,4283.0,955.0,1323.0,2005.0,1049.0,1049.0,1047.0,1053.0,1058.0,1051.0,2836.0,2374.0,2131.0,955.0,1323.0,2005.0,1049.0,1049.0,1047.0
1.0,8297.0,3137.0,3144.0,5239.0,2177.0,623.0,553.0,1001.0,1048.0,1049.0,1047.0,1032.0,1052.0,1053.0,3241.0,2873.0,2183.0,623.0,553.0,1001.0,1048.0,1049.0,1047.0
1.0,10399.0,3143.0,3147.0,4283.0,1049.0,714.0,283.0,52.0,1049.0,1050.0,1048.0,1042.0,1049.0,1052.0,3569.0,3643.0,3187.0,714.0,283.0,52.0,1049.0,1050.0,1048.0
1.0,11539.0,3170.0,3147.0,2177.0,2042.0,1149.0,786.0,107.0,1049.0,1050.0,1048.0,1058.0,1056.0,1056.0,3482.0,3917.0,4140.0,1149.0,786.0,107.0,1049.0,1050.0,1048.0
1.0,10546.0,3171.0,3147.0,1049.0,4164.0,1489.0,1568.0,1107.0,1049.0,1050.0,1048.0,1054.0,1065.0,1052.0,3047.0,3414.0,4085.0,1489.0,1568.0,1107.0,1049.0,1050.0,1048.0
1.0,8424.0,3140.0,3147.0,2042.0,5262.0,1387.0,1828.0,2047.0,1049.0,1050.0,1048.0,1047.0,1046.0,1047.0,2707.0,2632.0,3085.0,1387.0,1828.0,2047.0,1049.0,1050.0,1048.0
1.0,7326.0,3192.0,3149.0,4164.0,4298.0,962.0,1319.0,2017.0,1049.0,1051.0,1049.0,1064.0,1055.0,1073.0,2809.0,2372.0,2145.0,962.0,1319.0,2017.0,1049.0,1051.0,1049.0
1.0,8298.0,3129.0,3149.0,5262.0,2165.0,622.0,537.0,1006.0,1049.0,1051.0,1049.0,1047.0,1046.0,1036.0,3234.0,2885.0,2179.0,622.0,537.0,1006.0,1049.0,1051.0,1049.0
1.0,10431.0,3200.0,3150.0,4298.0,1071.0,722.0,290.0,59.0,1049.0,1052.0,1049.0,1062.0,1068.0,1070.0,3574.0,3667.0,3190.0,722.0,290.0,59.0,1049.0,1052.0,1049.0
1.0,11529.0,3162.0,3150.0,2165.0,2068.0,1154.0,805.0,109.0,1049.0,1052.0,1049.0,1054.0,1052.0,1056.0,3474.0,3918.0,4137.0,1154.0,805.0,109.0,1049.0,1052.0,1049.0
1.0,10532.0,3224.0,3152.0,1071.0,4229.0,1509.0,1598.0,1122.0,1050.0,1053.0,1049.0,1073.0,1079.0,1072.0,3042.0,3403.0,4087.0,1509.0,1598.0,1122.0,1050.0,1053.0,1049.0
1.0,8379.0,3174.0,3153.0,2068.0,5339.0,1409.0,1855.0,2075.0,1050.0,1053.0,1050.0,1054.0,1062.0,1058.0,2691.0,2614.0,3074.0,1409.0,1855.0,2075.0,1050.0,1053.0,1050.0
1.0,7273.0,3158.0,3153.0,4229.0,4268.0,947.0,1315.0,2006.0,1050.0,1053.0,1050.0,1047.0,1058.0,1053.0,2791.0,2357.0,2125.0,947.0,1315.0,2006.0,1050.0,1053.0,1050.0
1.0,8344.0,3200.0,3154.0,5339.0,2133.0,612.0,520.0,1001.0,1050.0,1054.0,1050.0,1074.0,1056.0,1070.0,3253.0,2897.0,2194.0,612.0,520.0,1001.0,1050.0,1054.0,1050.0
1.0,10483.0,3189.0,3154.0,4268.0,1054.0,726.0,268.0,60.0,1050.0,1054.0,1050.0,1061.0,1063.0,1065.0,3588.0,3696.0,3199.0,726.0,268.0,60.0,1050.0,1054.0,1050.0
1.0,11562.0,3239.0,3156.0,2133.0,2168.0,1202.0,824.0,142.0,1051.0,1054.0,1051.0,1084.0,1076.0,1079.0,3474.0,3948.0,4140.0,1202.0,824.0,142.0,1051.0,1054.0,1051.0
1.0,10456.0,3173.0,3155.0,1054.0,4283.0,1534.0,1602.0,1147.0,1050.0,1054.0,1051.0,1062.0,1046.0,1065.0,3002.0,3392.0,4062.0,1534.0,1602.0,1147.0,1050.0,1054.0,1051.0
1.0,8337.0,3163.0,3156.0,2168.0,5282.0,1391.0,1825.0,2066.0,1051.0,1054.0,1051.0,1055.0,1047.0,1061.0,2666.0,2614.0,3057.0,1391.0,1825.0,2066.0,1051.0,1054.0,1051.0
1.0,7342.0,3220.0,3157.0,4283.0,4223.0,932.0,1296.0,1995.0,1051.0,1054.0,1052.0,1075.0,1073.0,1072.0,2813.0,2391.0,2138.0,932.0,1296.0,1995.0,1051.0,1054.0,1052.0
1.0,8405.0,3201.0,3158.0,5282.0,2146.0,608.0,542.0,996.0,1051.0,1055.0,1052.0,1067.0,1067.0,1067.0,3272.0,2920.0,2213.0,608.0,542.0,996.0,1051.0,1055.0,1052.0
1.0,10486.0,3201.0,3159.0,4223.0,1128.0,748.0,309.0,71.0,1051.0,1055.0,1053.0,1072.0,1063.0,1066.0,3596.0,3678.0,3212.0,748.0,309.0,71.0,1051.0,1055.0,1053.0
1.0,11508.0,3175.0,3161.0,2146.0,2165.0,1209.0,821.0,135.0,1052.0,1056.0,1053.0,1065.0,1050.0,1060.0,3456.0,3911.0,4141.0,1209.0,821.0,135.0,1052.0,1056.0,1053.0
1.0,10479.0,3182.0,3161.0,1128.0,4219.0,1532.0,1550.0,1137.0,1052.0,1055.0,1054.0,1071.0,1042.0,1069.0,2999.0,3403.0,4077.0,1532.0,1550.0,1137.0,1052.0,1055.0,1054.0
1.0,8425.0,3224.0,3162.0,2165.0,5282.0,1396.0,1804.0,2082.0,1052.0,1056.0,1054.0,1073.0,1071.0,1080.0,2676.0,2670.0,3079.0,1396.0,1804.0,2082.0,1052.0,1056.0,1054.0
1.0,7366.0,3184.0,3164.0,4219.0,4255.0,936.0,1309.0,2010.0,1053.0,1056.0,1055.0,1068.0,1055.0,1061.0,2812.0,2420.0,2134.0,936.0,1309.0,2010.0,1053.0,1056.0,1055.0
1.0,8401.0,3178.0,3164.0,5282.0,2151.0,596.0,555.0,1000.0,1053.0,1056.0,1055.0,1056.0,1050.0,1072.0,3276.0,2915.0,2210.0,596.0,555.0,1000.0,1053.0,1056.0,1055.0
1.0,10505.0,3180.0,3165.0,4255.0,1080.0,716.0,297.0,67.0,1053.0,1056.0,1056.0,1056.0,1051.0,1073.0,3616.0,3669.0,3220.0,716.0,297.0,67.0,1053.0,1056.0,1056.0
1.0,11580.0,3198.0,3165.0,2151.0,2127.0,1192.0,808.0,127.0,1053.0,1056.0,1056.0,1072.0,1066.0,1060.0,3496.0,3927.0,4157.0,1192.0,808.0,127.0,1053.0,1056.0,1056.0
1.0,10533.0,3204.0,3166.0,1080.0,4255.0,1547.0,1573.0,1135.0,1054.0,1056.0,1056.0,1067.0,1062.0,1075.0,3020.0,3416.0,4097.0,1547.0,1573.0,1135.0,1054.0,1056.0,1056.0
1.0,8409.0,3222.0,3168.0,2127.0,5358.0,1422.0,1838.0,2098.0,1054.0,1057.0,1057.0,1067.0,1069.0,1086.0,2669.0,2651.0,3089.0,1422.0,1838.0,2098.0,1054.0,1057.0,1057.0
1.0,7314.0,3187.0,3169.0,4255.0,4294.0,933.0,1321.0,2040.0,1054.0,1057.0,1058.0,1058.0,1056.0,1073.0,2794.0,2390.0,2130.0,933.0,1321.0,2040.0,1054.0,1057.0,1058.0
1.0,8382.0,3182.0,3169.0,5358.0,2118.0,575.0,537.0,1006.0,1054.0,1057.0,1058.0,1064.0,1054.0,1064.0,3283.0,2907.0,2192.0,575.0,537.0,1006.0,1054.0,1057.0,1058.0
1.0,10558.0,3172.0,3170.0,4294.0,1000.0,706.0,273.0,21.0,1055.0,1057.0,1058.0,1060.0,1057.0,1055.0,3641.0,3691.0,3226.0,706.0,273.0,21.0,1055.0,1057.0,1058.0
1.0,11680.0,3208.0,3170.0,2118.0,2090.0,1199.0,808.0,83.0,1055.0,1057.0,1058.0,1068.0,1072.0,1068.0,3514.0,3955.0,4211.0,1199.0,808.0,83.0,1055.0,1057.0,1058.0
1.0,10590.0,3188.0,3172.0,1000.0,4286.0,1564.0,1587.0,1135.0,1056.0,1057.0,1059.0,1067.0,1052.0,1069.0,3021.0,3420.0,4149.0,1564.0,1587.0,1135.0,1056.0,1057.0,1059.0
1.0,8402.0,3140.0,3172.0,2090.0,5336.0,1417.0,1821.0,2098.0,1056.0,1057.0,1059.0,1052.0,1042.0,1046.0,2660.0,2641.0,3101.0,1417.0,1821.0,2098.0,1056.0,1057.0,1059.0
1.0,7352.0,3185.0,3172.0,4286.0,4235.0,920.0,1291.0,2024.0,1056.0,1057.0,1059.0,1067.0,1057.0,1061.0,2807.0,2407.0,2138.0,920.0,1291.0,2024.0,1056.0,1057.0,1059.0
1.0,8453.0,3174.0,3175.0,5336.0,2085.0,564.0,528.0,993.0,1057.0,1058.0,1060.0,1057.0,1054.0,1063.0,3304.0,2937.0,2212.0,564.0,528.0,993.0,1057.0,1058.0,1060.0
1.0,10615.0,3179.0,3175.0,4235.0,1029.0,701.0,296.0,32.0,1057.0,1058.0,1060.0,1057.0,1059.0,1063.0,3664.0,3704.0,3247.0,701.0,296.0,32.0,1057.0,1058.0,1060.0
1.0,11671.0,3179.0,3175.0,2085.0,2123.0,1194.0,827.0,102.0,1057.0,1058.0,1060.0,1057.0,1059.0,1063.0,3527.0,3936.0,4208.0,1194.0,827.0,102.0,1057.0,1058.0,1060.0
1.0,10577.0,3208.0,3176.0,1029.0,4306.0,1570.0,1600.0,1136.0,1058.0,1058.0,1060.0,1073.0,1069.0,1066.0,3034.0,3405.0,4138.0,1570.0,1600.0,1136.0,1058.0,1058.0,1060.0
1.0,8398.0,3192.0,3176.0,2123.0,5375.0,1439.0,1838.0,2098.0,1058.0,1058.0,1060.0,1063.0,1065.0,1064.0,2662.0,2632.0,3104.0,1439.0,1838.0,2098.0,1058.0,1058.0,1060.0
1.0,7329.0,3167.0,3176.0,4306.0,4236.0,918.0,1297.0,2021.0,1058.0,1058.0,1060.0,1049.0,1059.0,1059.0,2793.0,2394.0,2142.0,918.0,1297.0,2021.0,1058.0,1058.0,1060.0
1.0,8468.0,3189.0,3177.0,5375.0,2054.0,543.0,518.0,993.0,1058.0,1058.0,1061.0,1064.0,1059.0,1066.0,3314.0,2935.0,2219.0,543.0,518.0,993.0,1058.0,1058.0,1061.0
1.0,10654.0,3192.0,3177.0,4236.0,1010.0,686.0,282.0,42.0,1058.0,1058.0,1061.0,1061.0,1061.0,1070.0,3689.0,3714.0,3251.0,686.0,282.0,42.0,1058.0,1058.0,1061.0
1.0,11698.0,3158.0,3178.0,2054.0,2118.0,1198.0,820.0,100.0,1059.0,1058.0,1061.0,1051.0,1056.0,1051.0,3546.0,3950.0,4202.0,1198.0,820.0,100.0,1059.0,1058.0,1061.0
1.0,10594.0,3189.0,3179.0,1010.0,4301.0,1566.0,1607.0,1128.0,1059.0,1058.0,1062.0,1054.0,1069.0,1066.0,3038.0,3412.0,4144.0,1566.0,1607.0,1128.0,1059.0,1058.0,1062.0
1.0,8415.0,3148.0,3179.0,2118.0,5331.0,1411.0,1843.0,2077.0,1059.0,1058.0,1062.0,1043.0,1056.0,1049.0,2670.0,2625.0,3120.0,1411.0,1843.0,2077.0,1059.0,1058.0,1062.0
1.0,7385.0,3158.0,3179.0,4301.0,4188.0,893.0,1289.0,2006.0,1059.0,1058.0,1062.0,1048.0,1053.0,1057.0,2825.0,2389.0,2171.0,893.0,1289.0,2006.0,1059.0,1058.0,1062.0
1.0,8528.0,3143.0,3179.0,5331.0,2000.0,525.0,504.0,971.0,1059.0,1058.0,1062.0,1043.0,1058.0,1042.0,3343.0,2943.0,2242.0,525.0,504.0,971.0,1059.0,1058.0,1062.0
1.0,10716.0,3158.0,3179.0,4188.0,970.0,685.0,275.0,10.0,1059.0,1058.0,1062.0,1053.0,1060.0,1045.0,3711.0,3728.0,3277.0,685.0,275.0,10.0,1059.0,1058.0,1062.0
1.0,11746.0,3180.0,3180.0,2000.0,2154.0,1224.0,830.0,100.0,1060.0,1058.0,1062.0,1060.0,1059.0,1061.0,3551.0,3957.0,4238.0,1224.0,830.0,100.0,1060.0,1058.0,1062.0
1.0,10566.0,3191.0,3181.0,970.0,4379.0,1597.0,1624.0,1158.0,1060.0,1059.0,1062.0,1058.0,1065.0,1068.0,3016.0,3402.0,4148.0,1597.0,1624.0,1158.0,1060.0,1059.0,1062.0
1.0,8345.0,3092.0,3180.0,2154.0,5313.0,1401.0,1830.0,2082.0,1060.0,1058.0,1062.0,1028.0,1040.0,1024.0,2643.0,2612.0,3090.0,1401.0,1830.0,2082.0,1060.0,1058.0,1062.0
1.0,7407.0,3206.0,3181.0,4379.0,4144.0,863.0,1280.0,2001.0,1060.0,1059.0,1062.0,1059.0,1070.0,1077.0,2839.0,2402.0,2166.0,863.0,1280.0,2001.0,1060.0,1059.0,1062.0
1.0,8580.0,3191.0,3181.0,5313.0,2022.0,526.0,516.0,980.0,1060.0,1059.0,1062.0,1064.0,1066.0,1061.0,3377.0,2956.0,2247.0,526.0,516.0,980.0,1060.0,1059.0,1062.0
1.0,10702.0,3156.0,3181.0,4144.0,1034.0,709.0,300.0,25.0,1060.0,1059.0,1062.0,1046.0,1064.0,1046.0,3714.0,3720.0,3268.0,709.0,300.0,25.0,1060.0,1059.0,1062.0
1.0,11690.0,3225.0,3184.0,2022.0,2249.0,1264.0,875.0,110.0,1061.0,1060.0,1063.0,1077.0,1087.0,1061.0,3531.0,3936.0,4223.0,1264.0,875.0,110.0,1061.0,1060.0,1063.0
1.0,10487.0,3184.0,3182.0,1034.0,4391.0,1608.0,1643.0,1140.0,1060.0,1060.0,1062.0,1057.0,1068.0,1059.0,2980.0,3365.0,4142.0,1608.0,1643.0,1140.0,1060.0,1060.0,1062.0
1.0,8337.0,3178.0,3184.0,2249.0,5328.0,1414.0,1827.0,2087.0,1061.0,1060.0,1063.0,1066.0,1059.0,1053.0,2632.0,2597.0,3108.0,1414.0,1827.0,2087.0,1061.0,1060.0,1063.0
1.0,7408.0,3158.0,3182.0,4391.0,4087.0,845.0,1247.0,1995.0,1060.0,1060.0,1062.0,1043.0,1063.0,1052.0,2830.0,2413.0,2165.0,845.0,1247.0,1995.0,1060.0,1060.0,1062.0
1.0,8641.0,3172.0,3183.0,5328.0,1935.0,499.0,479.0,957.0,1061.0,1060.0,1062.0,1064.0,1059.0,1049.0,3395.0,2993.0,2253.0,499.0,479.0,957.0,1061.0,1060.0,1062.0
1.0,10797.0,3149.0,3182.0,4087.0,993.0,707.0,278.0,8.0,1060.0,1060.0,1062.0,1057.0,1046.0,1046.0,3745.0,3761.0,3291.0,707.0,278.0,8.0,1060.0,1060.0,1062.0
1.0,11735.0,3214.0,3183.0,1935.0,2276.0,1285.0,879.0,112.0,1061.0,1060.0,1062.0,1073.0,1080.0,1061.0,3533.0,3962.0,4240.0,1285.0,879.0,112.0,1061.0,1060.0,1062.0
1.0,10456.0,3156.0,3183.0,993.0,4439.0,1638.0,1651.0,1150.0,1061.0,1060.0,1062.0,1060.0,1050.0,1046.0,2959.0,3361.0,4136.0,1638.0,1651.0,1150.0,1061.0,1060.0,1062.0
1.0,8293.0,3268.0,3183.0,2276.0,5431.0,1445.0,1861.0,2125.0,1061.0,1060.0,1062.0,1092.0,1089.0,1087.0,2606.0,2589.0,3098.0,1445.0,1861.0,2125.0,1061.0,1060.0,1062.0
1.0,7301.0,3236.0,3185.0,4439.0,4236.0,887.0,1300.0,2049.0,1062.0,1061.0,1062.0,1076.0,1086.0,1074.0,2799.0,2379.0,2123.0,887.0,1300.0,2049.0,1062.0,1061.0,1062.0
1.0,8504.0,3249.0,3185.0,5431.0,2054.0,535.0,523.0,996.0,1062.0,1061.0,1062.0,1093.0,1084.0,1072.0,3361.0,2944.0,2199.0,535.0,523.0,996.0,1062.0,1061.0,1062.0
1.0,10686.0,3210.0,3186.0,4236.0,1032.0,717.0,303.0,12.0,1062.0,1062.0,1062.0,1069.0,1076.0,1065.0,3713.0,3721.0,3252.0,717.0,303.0,12.0,1062.0,1062.0,1062.0
1.0,11712.0,3221.0,3186.0,2054.0,2199.0,1270.0,859.0,70.0,1062.0,1062.0,1062.0,1088.0,1079.0,1054.0,3531.0,3945.0,4236.0,1270.0,859.0,70.0,1062.0,1062.0,1062.0
1.0,10545.0,3201.0,3186.0,1032.0,4368.0,1620.0,1620.0,1128.0,1062.0,1062.0,1062.0,1067.0,1064.0,1070.0,2978.0,3389.0,4178.0,1620.0,1620.0,1128.0,1062.0,1062.0,1062.0
1.0,8376.0,3222.0,3187.0,2199.0,5395.0,1432.0,1839.0,2124.0,1063.0,1062.0,1062.0,1078.0,1078.0,1066.0,2628.0,2628.0,3120.0,1432.0,1839.0,2124.0,1063.0,1062.0,1062.0
1.0,7353.0,3235.0,3188.0,4368.0,4266.0,892.0,1304.0,2070.0,1063.0,1063.0,1062.0,1080.0,1081.0,1074.0,2820.0,2409.0,2124.0,892.0,1304.0,2070.0,1063.0,1063.0,1062.0
1.0,8486.0,3248.0,3188.0,5395.0,2119.0,541.0,551.0,1027.0,1063.0,1063.0,1062.0,1081.0,1086.0,1081.0,3360.0,2948.0,2178.0,541.0,551.0,1027.0,1063.0,1063.0,1062.0
1.0,10633.0,3225.0,3189.0,4266.0,1082.0,722.0,330.0,30.0,1063.0,1064.0,1062.0,1073.0,1079.0,1073.0,3711.0,3701.0,3221.0,722.0,330.0,30.0,1063.0,1064.0,1062.0
1.0,11674.0,3233.0,3189.0,2119.0,2196.0,1259.0,860.0,77.0,1063.0,1064.0,1062.0,1078.0,1081.0,1074.0,3530.0,3926.0,4218.0,1259.0,860.0,77.0,1063.0,1064.0,1062.0
1.0,10560.0,3235.0,3190.0,1082.0,4353.0,1621.0,1615.0,1117.0,1063.0,1065.0,1062.0,1084.0,1081.0,1070.0,2993.0,3396.0,4171.0,1621.0,1615.0,1117.0,1063.0,1065.0,1062.0
1.0,8407.0,3251.0,3192.0,2196.0,5416.0,1451.0,1845.0,2120.0,1064.0,1065.0,1063.0,1085.0,1090.0,1076.0,2631.0,2645.0,3131.0,1451.0,1845.0,2120.0,1064.0,1065.0,1063.0
1.0,7352.0,3243.0,3194.0,4353.0,4314.0,921.0,1317.0,2076.0,1065.0,1066.0,1063.0,1087.0,1083.0,1073.0,2805.0,2415.0,2132.0,921.0,1317.0,2076.0,1065.0,1066.0,1063.0
1.0,8462.0,3217.0,3194.0,5416.0,2115.0,548.0,542.0,1025.0,1065.0,1066.0,1063.0,1078.0,1070.0,1069.0,3339.0,2947.0,2176.0,548.0,542.0,1025.0,1065.0,1066.0,1063.0
1.0,10661.0,3252.0,3195.0,4314.0,1057.0,720.0,310.0,27.0,1065.0,1067.0,1063.0,1093.0,1081.0,1078.0,3712.0,3722.0,3227.0,720.0,310.0,27.0,1065.0,1067.0,1063.0
1.0,11723.0,3261.0,3196.0,2115.0,2207.0,1268.0,852.0,87.0,1066.0,1067.0,1063.0,1092.0,1084.0,1085.0,3540.0,3958.0,4225.0,1268.0,852.0,87.0,1066.0,1067.0,1063.0
1.0,10577.0,3240.0,3196.0,1057.0,4390.0,1625.0,1632.0,1133.0,1066.0,1067.0,1063.0,1077.0,1090.0,1073.0,2996.0,3416.0,4165.0,1625.0,1632.0,1133.0,1066.0,1067.0,1063.0
1.0,8394.0,3239.0,3198.0,2207.0,5430.0,1451.0,1863.0,2116.0,1067.0,1068.0,1063.0,1090.0,1079.0,1070.0,2639.0,2636.0,3119.0,1451.0,1863.0,2116.0,1067.0,1068.0,1063.0
1.0,7362.0,3222.0,3198.0,4390.0,4262.0,906.0,1296.0,2060.0,1067.0,1068.0,1063.0,1080.0,1065.0,1077.0,2817.0,2409.0,2136.0,906.0,1296.0,2060.0,1067.0,1068.0,1063.0
1.0,8530.0,3205.0,3198.0,5430.0,2037.0,530.0,493.0,1014.0,1067.0,1068.0,1063.0,1075.0,1060.0,1070.0,3362.0,2976.0,2192.0,530.0,493.0,1014.0,1067.0,1068.0,1063.0
1.0,10755.0,3213.0,3198.0,4262.0,988.0,691.0,268.0,29.0,1067.0,1068.0,1063.0,1067.0,1071.0,1075.0,3738.0,3779.0,3238.0,691.0,268.0,29.0,1067.0,1068.0,1063.0
1.0,11804.0,3224.0,3200.0,2037.0,2183.0,1234.0,858.0,91.0,1067.0,1069.0,1064.0,1073.0,1079.0,1072.0,3577.0,4004.0,4223.0,1234.0,858.0,91.0,1067.0,1069.0,1064.0
1.0,10617.0,3256.0,3202.0,988.0,4459.0,1630.0,1671.0,1158.0,1068.0,1069.0,1065.0,1083.0,1081.0,1092.0,3034.0,3418.0,4165.0,1630.0,1671.0,1158.0,1068.0,1069.0,1065.0
1.0,8349.0,3248.0,3203.0,2183.0,5528.0,1481.0,1900.0,2147.0,1068.0,1070.0,1065.0,1085.0,1083.0,1080.0,2642.0,2605.0,3102.0,1481.0,1900.0,2147.0,1068.0,1070.0,1065.0
1.0,7284.0,3227.0,3204.0,4459.0,4300.0,930.0,1301.0,2069.0,1069.0,1070.0,1065.0,1075.0,1072.0,1080.0,2791.0,2380.0,2113.0,930.0,1301.0,2069.0,1069.0,1070.0,1065.0
1.0,8516.0,3243.0,3206.0,5528.0,2023.0,522.0,488.0,1013.0,1069.0,1071.0,1066.0,1073.0,1083.0,1087.0,3346.0,2979.0,2191.0,522.0,488.0,1013.0,1069.0,1071.0,1066.0
1.0,10801.0,3216.0,3206.0,4300.0,939.0,665.0,253.0,21.0,1069.0,1071.0,1066.0,1073.0,1066.0,1077.0,3754.0,3796.0,3251.0,665.0,253.0,21.0,1069.0,1071.0,1066.0
1.0,11885.0,3231.0,3206.0,2023.0,2147.0,1219.0,840.0,88.0,1069.0,1071.0,1066.0,1076.0,1075.0,1080.0,3611.0,4031.0,4243.0,1219.0,840.0,88.0,1069.0,1071.0,1066.0
1.0,10677.0,3203.0,3207.0,939.0,4415.0,1627.0,1647.0,1141.0,1070.0,1071.0,1066.0,1069.0,1060.0,1074.0,3057.0,3444.0,4176.0,1627.0,1647.0,1141.0,1070.0,1071.0,1066.0
1.0,8413.0,3202.0,3208.0,2147.0,5474.0,1479.0,1862.0,2133.0,1070.0,1071.0,1067.0,1071.0,1055.0,1076.0,2653.0,2637.0,3123.0,1479.0,1862.0,2133.0,1070.0,1071.0,1067.0
1.0,7358.0,3260.0,3208.0,4415.0,4319.0,946.0,1292.0,2081.0,1070.0,1071.0,1067.0,1094.0,1077.0,1089.0,2801.0,2422.0,2135.0,946.0,1292.0,2081.0,1070.0,1071.0,1067.0
1.0,8513.0,3199.0,3210.0,5474.0,2052.0,535.0,487.0,1030.0,1071.0,1071.0,1068.0,1064.0,1057.0,1078.0,3334.0,2992.0,2187.0,535.0,487.0,1030.0,1071.0,1071.0,1068.0
1.0,10788.0,3226.0,3210.0,4319.0,959.0,665.0,273.0,21.0,1071.0,1071.0,1068.0,1076.0,1078.0,1072.0,3749.0,3797.0,3242.0,665.0,273.0,21.0,1071.0,1071.0,1068.0
1.0,11881.0,3162.0,3210.0,2052.0,2069.0,1177.0,837.0,55.0,1071.0,1071.0,1068.0,1047.0,1051.0,1064.0,3619.0,4011.0,4251.0,1177.0,837.0,55.0,1071.0,1071.0,1068.0
1.0,10771.0,3176.0,3210.0,959.0,4286.0,1561.0,1615.0,1110.0,1071.0,1071.0,1068.0,1049.0,1051.0,1076.0,3107.0,3447.0,4217.0,1561.0,1615.0,1110.0,1071.0,1071.0,1068.0
1.0,8554.0,3188.0,3211.0,2069.0,5409.0,1444.0,1838.0,2127.0,1071.0,1071.0,1069.0,1060.0,1060.0,1068.0,2723.0,2669.0,3162.0,1444.0,1838.0,2127.0,1071.0,1071.0,1069.0
1.0,7435.0,3247.0,3213.0,4286.0,4378.0,969.0,1299.0,2110.0,1072.0,1071.0,1070.0,1082.0,1076.0,1089.0,2840.0,2446.0,2149.0,969.0,1299.0,2110.0,1072.0,1071.0,1070.0
1.0,8474.0,3221.0,3214.0,5409.0,2194.0,590.0,540.0,1064.0,1072.0,1072.0,1070.0,1065.0,1075.0,1081.0,3319.0,2985.0,2170.0,590.0,540.0,1064.0,1072.0,1072.0,1070.0
1.0,10662.0,3177.0,3214.0,4378.0,993.0,672.0,292.0,29.0,1072.0,1072.0,1070.0,1051.0,1051.0,1075.0,3698.0,3748.0,3216.0,672.0,292.0,29.0,1072.0,1072.0,1070.0
1.0,11863.0,3238.0,3216.0,2194.0,2045.0,1161.0,835.0,49.0,1073.0,1072.0,1071.0,1075.0,1083.0,1080.0,3616.0,3996.0,4251.0,1161.0,835.0,49.0,1073.0,1072.0,1071.0
1.0,10819.0,3195.0,3216.0,993.0,4247.0,1556.0,1597.0,1094.0,1073.0,1072.0,1071.0,1067.0,1054.0,1074.0,3131.0,3453.0,4235.0,1556.0,1597.0,1094.0,1073.0,1072.0,1071.0
1.0,8617.0,3208.0,3217.0,2045.0,5414.0,1457.0,1826.0,2131.0,1073.0,1072.0,1072.0,1062.0,1064.0,1082.0,2736.0,2691.0,3190.0,1457.0,1826.0,2131.0,1073.0,1072.0,1072.0
1.0,7454.0,3222.0,3217.0,4247.0,4389.0,967.0,1307.0,2115.0,1073.0,1072.0,1072.0,1066.0,1078.0,1078.0,2835.0,2462.0,2157.0,967.0,1307.0,2115.0,1073.0,1072.0,1072.0
1.0,8479.0,3227.0,3218.0,5414.0,2206.0,584.0,558.0,1064.0,1073.0,1072.0,1073.0,1074.0,1077.0,1076.0,3325.0,2981.0,2173.0,584.0,558.0,1064.0,1073.0,1072.0,1073.0
1.0,10666.0,3192.0,3218.0,4389.0,1009.0,676.0,314.0,19.0,1073.0,1072.0,1073.0,1059.0,1063.0,1070.0,3708.0,3730.0,3228.0,676.0,314.0,19.0,1073.0,1072.0,1073.0
1.0,11863.0,3199.0,3218.0,2206.0,2002.0,1155.0,822.0,25.0,1073.0,1072.0,1073.0,1063.0,1066.0,1070.0,3616.0,3974.0,4273.0,1155.0,822.0,25.0,1073.0,1072.0,1073.0
1.0,10870.0,3204.0,3219.0,1009.0,4201.0,1552.0,1572.0,1077.0,1074.0,1072.0,1073.0,1069.0,1064.0,1071.0,3137.0,3466.0,4267.0,1552.0,1572.0,1077.0,1074.0,1072.0,1073.0
1.0,8675.0,3247.0,3221.0,2002.0,5454.0,1479.0,1840.0,2135.0,1074.0,1073.0,1074.0,1082.0,1086.0,1079.0,2744.0,2716.0,3215.0,1479.0,1840.0,2135.0,1074.0,1073.0,1074.0
1.0,7430.0,3230.0,3223.0,4201.0,4491.0,1009.0,1343.0,2139.0,1075.0,1073.0,1075.0,1078.0,1075.0,1077.0,2817.0,2452.0,2161.0,1009.0,1343.0,2139.0,1075.0,1073.0,1075.0
1.0,8401.0,3264.0,3223.0,5454.0,2301.0,614.0,589.0,1098.0,1075.0,1073.0,1075.0,1084.0,1086.0,1094.0,3291.0,2949.0,2161.0,614.0,589.0,1098.0,1075.0,1073.0,1075.0
1.0,10591.0,3271.0,3225.0,4491.0,1089.0,698.0,344.0,47.0,1075.0,1074.0,1076.0,1093.0,1094.0,1084.0,3686.0,3703.0,3202.0,698.0,344.0,47.0,1075.0,1074.0,1076.0
1.0,11811.0,3274.0,3225.0,2301.0,2062.0,1166.0,854.0,42.0,1075.0,1074.0,1076.0,1082.0,1099.0,1093.0,3602.0,3952.0,4257.0,1166.0,854.0,42.0,1075.0,1074.0,1076.0
1.0,10838.0,3234.0,3225.0,1089.0,4207.0,1545.0,1586.0,1076.0,1075.0,1074.0,1076.0,1077.0,1076.0,1081.0,3134.0,3442.0,4262.0,1545.0,1586.0,1076.0,1075.0,1074.0,1076.0
1.0,8693.0,3211.0,3225.0,2062.0,5356.0,1446.0,1807.0,2103.0,1075.0,1074.0,1076.0,1067.0,1075.0,1069.0,2755.0,2710.0,3228.0,1446.0,1807.0,2103.0,1075.0,1074.0,1076.0
1.0,7544.0,3273.0,3226.0,4207.0,4426.0,990.0,1318.0,2118.0,1075.0,1074.0,1077.0,1089.0,1097.0,1087.0,2854.0,2489.0,2201.0,990.0,1318.0,2118.0,1075.0,1074.0,1077.0
1.0,8478.0,3240.0,3226.0,5356.0,2310.0,623.0,594.0,1093.0,1075.0,1074.0,1077.0,1079.0,1083.0,1078.0,3310.0,2978.0,2190.0,623.0,594.0,1093.0,1075.0,1074.0,1077.0
1.0,10594.0,3218.0,3227.0,4426.0,1106.0,706.0,355.0,45.0,1075.0,1075.0,1077.0,1073.0,1075.0,1070.0,3677.0,3702.0,3215.0,706.0,355.0,45.0,1075.0,1075.0,1077.0
1.0,11802.0,3277.0,3228.0,2310.0,2077.0,1178.0,848.0,51.0,1075.0,1075.0,1078.0,1095.0,1087.0,1095.0,3594.0,3945.0,4263.0,1178.0,848.0,51.0,1075.0,1075.0,1078.0
1.0,10835.0,3240.0,3228.0,1106.0,4211.0,1553.0,1579.0,1079.0,1075.0,1075.0,1078.0,1081.0,1086.0,1073.0,3122.0,3452.0,4261.0,1553.0,1579.0,1079.0,1075.0,1075.0,1078.0
1.0,8701.0,3257.0,3229.0,2077.0,5395.0,1471.0,1808.0,2116.0,1076.0,1075.0,1078.0,1092.0,1077.0,1088.0,2747.0,2721.0,3233.0,1471.0,1808.0,2116.0,1076.0,1075.0,1078.0
1.0,7521.0,3265.0,3229.0,4211.0,4449.0,1013.0,1317.0,2119.0,1076.0,1075.0,1078.0,1095.0,1088.0,1082.0,2833.0,2492.0,2196.0,1013.0,1317.0,2119.0,1076.0,1075.0,1078.0
1.0,8467.0,3240.0,3229.0,5395.0,2294.0,627.0,594.0,1073.0,1076.0,1075.0,1078.0,1085.0,1085.0,1070.0,3291.0,2983.0,2193.0,627.0,594.0,1073.0,1076.0,1075.0,1078.0
1.0,10622.0,3285.0,3230.0,4449.0,1134.0,712.0,390.0,32.0,1076.0,1076.0,1078.0,1098.0,1109.0,1078.0,3677.0,3706.0,3239.0,712.0,390.0,32.0,1076.0,1076.0,1078.0
1.0,11786.0,3270.0,3231.0,2294.0,2114.0,1178.0,894.0,42.0,1077.0,1076.0,1078.0,1089.0,1098.0,1083.0,3592.0,3914.0,4280.0,1178.0,894.0,42.0,1077.0,1076.0,1078.0
1.0,10810.0,3272.0,3231.0,1134.0,4252.0,1566.0,1593.0,1093.0,1077.0,1076.0,1078.0,1100.0,1089.0,1083.0,3130.0,3410.0,4270.0,1566.0,1593.0,1093.0,1077.0,1076.0,1078.0
1.0,8672.0,3306.0,3233.0,2114.0,5452.0,1495.0,1814.0,2143.0,1077.0,1077.0,1079.0,1107.0,1111.0,1088.0,2742.0,2711.0,3219.0,1495.0,1814.0,2143.0,1077.0,1077.0,1079.0
1.0,7480.0,3237.0,3233.0,4252.0,4437.0,1012.0,1304.0,2121.0,1077.0,1077.0,1079.0,1083.0,1083.0,1071.0,2813.0,2494.0,2173.0,1012.0,1304.0,2121.0,1077.0,1077.0,1079.0
1.0,8495.0,3291.0,3233.0,5452.0,2276.0,620.0,587.0,1069.0,1077.0,1077.0,1079.0,1103.0,1097.0,1091.0,3296.0,3004.0,2195.0,620.0,587.0,1069.0,1077.0,1077.0,1079.0
1.0,10656.0,3279.0,3234.0,4437.0,1122.0,705.0,384.0,33.0,1078.0,1077.0,1079.0,1093.0,1101.0,1085.0,3688.0,3721.0,3247.0,705.0,384.0,33.0,1078.0,1077.0,1079.0
1.0,11814.0,3247.0,3234.0,2276.0,2093.0,1170.0,883.0,40.0,1078.0,1077.0,1079.0,1085.0,1086.0,1076.0,3607.0,3924.0,4283.0,1170.0,883.0,40.0,1078.0,1077.0,1079.0
1.0,10843.0,3236.0,3235.0,1122.0,4211.0,1543.0,1585.0,1083.0,1078.0,1078.0,1079.0,1078.0,1082.0,1076.0,3142.0,3425.0,4276.0,1543.0,1585.0,1083.0,1078.0,1078.0,1079.0
1.0,8729.0,3260.0,3235.0,2093.0,5378.0,1471.0,1791.0,2116.0,1078.0,1078.0,1079.0,1098.0,1089.0,1073.0,2769.0,2727.0,3233.0,1471.0,1791.0,2116.0,1078.0,1078.0,1079.0
1.0,7562.0,3218.0,3235.0,4211.0,4385.0,1002.0,1286.0,2097.0,1078.0,1078.0,1079.0,1074.0,1080.0,1064.0,2841.0,2521.0,2200.0,1002.0,1286.0,2097.0,1078.0,1078.0,1079.0
1.0,8555.0,3254.0,3235.0,5378.0,2261.0,617.0,583.0,1061.0,1078.0,1078.0,1079.0,1086.0,1088.0,1080.0,3310.0,3026.0,2219.0,617.0,583.0,1061.0,1078.0,1078.0,1079.0
1.0,10679.0,3283.0,3237.0,4385.0,1167.0,715.0,405.0,47.0,1079.0,1079.0,1079.0,1096.0,1104.0,1083.0,3695.0,3729.0,3255.0,715.0,405.0,47.0,1079.0,1079.0,1079.0
1.0,11781.0,3290.0,3237.0,2261.0,2196.0,1205.0,919.0,72.0,1079.0,1079.0,1079.0,1107.0,1097.0,1086.0,3601.0,3911.0,4269.0,1205.0,919.0,72.0,1079.0,1079.0,1079.0
1.0,10752.0,3214.0,3237.0,1167.0,4243.0,1565.0,1593.0,1085.0,1079.0,1079.0,1079.0,1075.0,1079.0,1060.0,3111.0,3397.0,4244.0,1565.0,1593.0,1085.0,1079.0,1079.0,1079.0
1.0,8705.0,3264.0,3237.0,2196.0,5311.0,1453.0,1771.0,2087.0,1079.0,1080.0,1078.0,1093.0,1093.0,1078.0,2751.0,2723.0,3231.0,1453.0,1771.0,2087.0,1079.0,1080.0,1078.0
1.0,7637.0,3256.0,3238.0,4243.0,4328.0,987.0,1269.0,2072.0,1080.0,1080.0,1078.0,1095.0,1091.0,1070.0,2863.0,2549.0,2225.0,987.0,1269.0,2072.0,1080.0,1080.0,1078.0
1.0,8624.0,3252.0,3238.0,5311.0,2269.0,621.0,583.0,1065.0,1080.0,1080.0,1078.0,1087.0,1085.0,1080.0,3333.0,3051.0,2240.0,621.0,583.0,1065.0,1080.0,1080.0,1078.0
1.0,10683.0,3211.0,3239.0,4328.0,1156.0,704.0,398.0,54.0,1080.0,1081.0,1078.0,1070.0,1080.0,1061.0,3699.0,3737.0,3247.0,704.0,398.0,54.0,1080.0,1081.0,1078.0
1.0,11800.0,3230.0,3239.0,2269.0,2117.0,1152.0,897.0,68.0,1080.0,1081.0,1078.0,1069.0,1082.0,1079.0,3616.0,3926.0,4258.0,1152.0,897.0,68.0,1080.0,1081.0,1078.0
1.0,10839.0,3284.0,3239.0,1156.0,4245.0,1534.0,1592.0,1119.0,1080.0,1081.0,1078.0,1086.0,1093.0,1105.0,3168.0,3427.0,4244.0,1534.0,1592.0,1119.0,1080.0,1081.0,1078.0
1.0,8711.0,3264.0,3241.0,2117.0,5400.0,1473.0,1785.0,2142.0,1080.0,1082.0,1079.0,1091.0,1086.0,1087.0,2786.0,2732.0,3193.0,1473.0,1785.0,2142.0,1080.0,1082.0,1079.0
1.0,7564.0,3310.0,3242.0,4245.0,4469.0,1055.0,1293.0,2121.0,1081.0,1082.0,1079.0,1112.0,1100.0,1098.0,2847.0,2543.0,2174.0,1055.0,1293.0,2121.0,1081.0,1082.0,1079.0
1.0,8499.0,3256.0,3244.0,5400.0,2333.0,675.0,600.0,1058.0,1082.0,1083.0,1079.0,1089.0,1088.0,1079.0,3269.0,3035.0,2195.0,675.0,600.0,1058.0,1082.0,1083.0,1079.0
1.0,10643.0,3235.0,3245.0,4469.0,1103.0,696.0,393.0,14.0,1082.0,1084.0,1079.0,1076.0,1082.0,1077.0,3653.0,3732.0,3258.0,696.0,393.0,14.0,1082.0,1084.0,1079.0
1.0,11877.0,3186.0,3245.0,2333.0,1956.0,1082.0,858.0,16.0,1082.0,1084.0,1079.0,1061.0,1065.0,1060.0,3632.0,3943.0,4302.0,1082.0,858.0,16.0,1082.0,1084.0,1079.0
1.0,11024.0,3274.0,3245.0,1103.0,4127.0,1468.0,1560.0,1099.0,1082.0,1084.0,1079.0,1082.0,1095.0,1097.0,3246.0,3478.0,4300.0,1468.0,1560.0,1099.0,1082.0,1084.0,1079.0
1.0,8853.0,3252.0,3247.0,1956.0,5431.0,1462.0,1792.0,2177.0,1083.0,1084.0,1080.0,1072.0,1090.0,1090.0,2860.0,2776.0,3217.0,1462.0,1792.0,2177.0,1083.0,1084.0,1080.0
1.0,7557.0,3258.0,3248.0,4127.0,4566.0,1084.0,1317.0,2165.0,1083.0,1085.0,1080.0,1090.0,1081.0,1087.0,2870.0,2544.0,2143.0,1084.0,1317.0,2165.0,1083.0,1085.0,1080.0
1.0,8426.0,3233.0,3248.0,5431.0,2368.0,705.0,593.0,1070.0,1083.0,1085.0,1080.0,1083.0,1068.0,1082.0,3248.0,3023.0,2155.0,705.0,593.0,1070.0,1083.0,1085.0,1080.0
1.0,10624.0,3252.0,3249.0,4566.0,1067.0,702.0,365.0,0.0,1084.0,1085.0,1080.0,1077.0,1089.0,1086.0,3627.0,3747.0,3250.0,702.0,365.0,0.0,1084.0,1085.0,1080.0
1.0,11938.0,3217.0,3250.0,2368.0,1918.0,1068.0,850.0,0.0,1084.0,1086.0,1080.0,1071.0,1074.0,1072.0,3634.0,3975.0,4329.0,1068.0,850.0,0.0,1084.0,1086.0,1080.0
1.0,11089.0,3252.0,3250.0,1067.0,4096.0,1455.0,1560.0,1081.0,1084.0,1086.0,1080.0,1089.0,1075.0,1088.0,3268.0,3494.0,4327.0,1455.0,1560.0,1081.0,1084.0,1086.0,1080.0
1.0,8904.0,3250.0,3250.0,1918.0,5428.0,1466.0,1793.0,2169.0,1084.0,1086.0,1080.0,1079.0,1083.0,1088.0,2881.0,2784.0,3239.0,1466.0,1793.0,2169.0,1084.0,1086.0,1080.0
1.0,7572.0,3272.0,3252.0,4096.0,4612.0,1109.0,1317.0,2186.0,1085.0,1086.0,1081.0,1094.0,1084.0,1094.0,2870.0,2551.0,2151.0,1109.0,1317.0,2186.0,1085.0,1086.0,1081.0
1.0,8396.0,3244.0,3252.0,5428.0,2428.0,728.0,603.0,1097.0,1085.0,1086.0,1081.0,1085.0,1079.0,1080.0,3231.0,3027.0,2138.0,728.0,603.0,1097.0,1085.0,1086.0,1081.0
1.0,10580.0,3242.0,3254.0,4612.0,1068.0,699.0,369.0,0.0,1086.0,1087.0,1081.0,1076.0,1079.0,1087.0,3612.0,3741.0,3227.0,699.0,369.0,0.0,1086.0,1087.0,1081.0
1.0,11950.0,3222.0,3252.0,2428.0,1868.0,1035.0,833.0,0.0,1085.0,1086.0,1081.0,1068.0,1071.0,1083.0,3645.0,3979.0,4326.0,1035.0,833.0,0.0,1085.0,1086.0,1081.0
1.0,11156.0,3260.0,3254.0,1068.0,4052.0,1410.0,1558.0,1084.0,1085.0,1087.0,1082.0,1074.0,1090.0,1096.0,3305.0,3511.0,4340.0,1410.0,1558.0,1084.0,1085.0,1087.0,1082.0
1.0,8964.0,3287.0,3254.0,1868.0,5471.0,1471.0,1817.0,2183.0,1085.0,1087.0,1082.0,1096.0,1092.0,1099.0,2930.0,2790.0,3244.0,1471.0,1817.0,2183.0,1085.0,1087.0,1082.0
1.0,7545.0,3269.0,3253.0,4052.0,4684.0,1145.0,1336.0,2203.0,1085.0,1086.0,1082.0,1084.0,1081.0,1104.0,2869.0,2531.0,2145.0,1145.0,1336.0,2203.0,1085.0,1086.0,1082.0
1.0,8328.0,3278.0,3253.0,5471.0,2491.0,762.0,609.0,1120.0,1085.0,1086.0,1082.0,1088.0,1090.0,1100.0,3195.0,3008.0,2125.0,762.0,609.0,1120.0,1085.0,1086.0,1082.0
1.0,10521.0,3249.0,3254.0,4684.0,1060.0,704.0,352.0,4.0,1086.0,1086.0,1082.0,1083.0,1079.0,1087.0,3578.0,3735.0,3208.0,704.0,352.0,4.0,1086.0,1086.0,1082.0
1.0,11956.0,3261.0,3256.0,2491.0,1862.0,1027.0,835.0,0.0,1086.0,1087.0,1083.0,1085.0,1088.0,1088.0,3640.0,3992.0,4324.0,1027.0,835.0,0.0,1086.0,1087.0,1083.0
1.0,11186.0,3223.0,3255.0,1060.0,3997.0,1395.0,1552.0,1050.0,1086.0,1086.0,1083.0,1072.0,1073.0,1078.0,3317.0,3513.0,4356.0,1395.0,1552.0,1050.0,1086.0,1086.0,1083.0
1.0,9023.0,3294.0,3255.0,1862.0,5429.0,1471.0,1805.0,2153.0,1086.0,1086.0,1083.0,1103.0,1088.0,1103.0,2949.0,2792.0,3282.0,1471.0,1805.0,2153.0,1086.0,1086.0,1083.0
1.0,7591.0,3260.0,3256.0,3997.0,4696.0,1168.0,1325.0,2203.0,1086.0,1086.0,1084.0,1092.0,1072.0,1096.0,2873.0,2539.0,2179.0,1168.0,1325.0,2203.0,1086.0,1086.0,1084.0
1.0,8328.0,3228.0,3255.0,5429.0,2491.0,764.0,598.0,1129.0,1086.0,1086.0,1083.0,1067.0,1078.0,1083.0,3176.0,3019.0,2133.0,764.0,598.0,1129.0,1086.0,1086.0,1083.0
1.0,10529.0,3311.0,3256.0,4696.0,1110.0,707.0,367.0,36.0,1086.0,1086.0,1084.0,1111.0,1094.0,1106.0,3580.0,3746.0,3203.0,707.0,367.0,36.0,1086.0,1086.0,1084.0
1.0,11914.0,3292.0,3256.0,2491.0,1911.0,1038.0,860.0,13.0,1086.0,1086.0,1084.0,1095.0,1091.0,1106.0,3637.0,3977.0,4300.0,1038.0,860.0,13.0,1086.0,1086.0,1084.0
1.0,11113.0,3274.0,3257.0,1110.0,4079.0,1423.0,1578.0,1078.0,1086.0,1086.0,1085.0,1092.0,1085.0,1097.0,3306.0,3484.0,4323.0,1423.0,1578.0,1078.0,1086.0,1086.0,1085.0
1.0,8949.0,3305.0,3259.0,1911.0,5481.0,1492.0,1821.0,2168.0,1087.0,1087.0,1085.0,1103.0,1099.0,1103.0,2921.0,2766.0,3262.0,1492.0,1821.0,2168.0,1087.0,1087.0,1085.0
1.0,7555.0,3307.0,3259.0,4079.0,4709.0,1172.0,1331.0,2206.0,1087.0,1086.0,1086.0,1103.0,1092.0,1112.0,2856.0,2527.0,2172.0,1172.0,1331.0,2206.0,1087.0,1086.0,1086.0
1.0,8327.0,3327.0,3259.0,5481.0,2555.0,793.0,613.0,1149.0,1087.0,1086.0,1086.0,1113.0,1103.0,1111.0,3176.0,3013.0,2138.0,793.0,613.0,1149.0,1087.0,1086.0,1086.0
1.0,10481.0,3311.0,3261.0,4709.0,1165.0,724.0,388.0,53.0,1087.0,1087.0,1087.0,1103.0,1102.0,1106.0,3555.0,3731.0,3195.0,724.0,388.0,53.0,1087.0,1087.0,1087.0
1.0,11879.0,3284.0,3260.0,2555.0,1890.0,1017.0,870.0,3.0,1087.0,1086.0,1087.0,1086.0,1099.0,1099.0,3624.0,3960.0,4295.0,1017.0,870.0,3.0,1087.0,1086.0,1087.0
1.0,11150.0,3330.0,3263.0,1165.0,4067.0,1410.0,1593.0,1064.0,1088.0,1087.0,1088.0,1113.0,1107.0,1110.0,3331.0,3474.0,4345.0,1410.0,1593.0,1064.0,1088.0,1087.0,1088.0
1.0,8985.0,3285.0,3263.0,1890.0,5462.0,1493.0,1810.0,2159.0,1088.0,1087.0,1088.0,1100.0,1087.0,1098.0,2942.0,2755.0,3288.0,1493.0,1810.0,2159.0,1088.0,1087.0,1088.0
1.0,7590.0,3269.0,3261.0,4067.0,4656.0,1167.0,1301.0,2188.0,1087.0,1086.0,1088.0,1088.0,1088.0,1093.0,2859.0,2538.0,2193.0,1167.0,1301.0,2188.0,1087.0,1086.0,1088.0
1.0,8388.0,3315.0,3263.0,5462.0,2517.0,785.0,606.0,1126.0,1088.0,1087.0,1088.0,1107.0,1111.0,1097.0,3181.0,3043.0,2164.0,785.0,606.0,1126.0,1088.0,1087.0,1088.0
1.0,10535.0,3265.0,3264.0,4656.0,1130.0,703.0,395.0,32.0,1088.0,1087.0,1089.0,1085.0,1090.0,1090.0,3567.0,3742.0,3226.0,703.0,395.0,32.0,1088.0,1087.0,1089.0
1.0,11926.0,3269.0,3264.0,2517.0,1889.0,1012.0,877.0,0.0,1088.0,1087.0,1089.0,1094.0,1088.0,1087.0,3649.0,3953.0,4324.0,1012.0,877.0,0.0,1088.0,1087.0,1089.0
1.0,11174.0,3280.0,3265.0,1130.0,4036.0,1408.0,1569.0,1059.0,1088.0,1087.0,1090.0,1099.0,1087.0,1094.0,3340.0,3471.0,4363.0,1408.0,1569.0,1059.0,1088.0,1087.0,1090.0
1.0,9024.0,3279.0,3266.0,1889.0,5430.0,1499.0,1782.0,2149.0,1089.0,1087.0,1090.0,1099.0,1090.0,1090.0,2944.0,2779.0,3301.0,1499.0,1782.0,2149.0,1089.0,1087.0,1090.0
1.0,7634.0,3321.0,3266.0,4036.0,4715.0,1202.0,1319.0,2194.0,1089.0,1087.0,1090.0,1111.0,1106.0,1104.0,2857.0,2566.0,2211.0,1202.0,1319.0,2194.0,1089.0,1087.0,1090.0
1.0,8349.0,3324.0,3267.0,5430.0,2613.0,814.0,640.0,1159.0,1089.0,1087.0,1091.0,1111.0,1103.0,1110.0,3154.0,3029.0,2166.0,814.0,640.0,1159.0,1089.0,1087.0,1091.0
1.0,10455.0,3284.0,3268.0,4715.0,1186.0,707.0,419.0,60.0,1089.0,1088.0,1091.0,1095.0,1094.0,1095.0,3542.0,3708.0,3205.0,707.0,419.0,60.0,1089.0,1088.0,1091.0
1.0,11886.0,3291.0,3269.0,2613.0,1868.0,988.0,878.0,2.0,1089.0,1088.0,1092.0,1095.0,1099.0,1097.0,3649.0,3933.0,4304.0,988.0,878.0,2.0,1089.0,1088.0,1092.0
1.0,11208.0,3295.0,3270.0,1186.0,3981.0,1389.0,1551.0,1041.0,1090.0,1088.0,1092.0,1104.0,1092.0,1099.0,3368.0,3474.0,4366.0,1389.0,1551.0,1041.0,1090.0,1088.0,1092.0
1.0,9099.0,3270.0,3270.0,1868.0,5383.0,1490.0,1763.0,2130.0,1090.0,1088.0,1092.0,1089.0,1090.0,1091.0,2971.0,2801.0,3327.0,1490.0,1763.0,2130.0,1090.0,1088.0,1092.0
1.0,7697.0,3282.0,3271.0,3981.0,4688.0,1188.0,1306.0,2194.0,1090.0,1088.0,1093.0,1087.0,1094.0,1101.0,2870.0,2589.0,2238.0,1188.0,1306.0,2194.0,1090.0,1088.0,1093.0
1.0,8396.0,3296.0,3273.0,5383.0,2609.0,801.0,653.0,1155.0,1091.0,1089.0,1093.0,1099.0,1106.0,1091.0,3172.0,3046.0,2178.0,801.0,653.0,1155.0,1091.0,1089.0,1093.0
1.0,10483.0,3297.0,3273.0,4688.0,1218.0,711.0,457.0,50.0,1091.0,1089.0,1093.0,1098.0,1110.0,1089.0,3563.0,3703.0,3217.0,711.0,457.0,50.0,1091.0,1089.0,1093.0
1.0,11874.0,3282.0,3273.0,2609.0,1907.0,1004.0,903.0,0.0,1091.0,1089.0,1093.0,1094.0,1099.0,1089.0,3653.0,3899.0,4322.0,1004.0,903.0,0.0,1091.0,1089.0,1093.0
1.0,11201.0,3258.0,3272.0,1218.0,3927.0,1375.0,1541.0,1011.0,1090.0,1089.0,1093.0,1086.0,1095.0,1077.0,3360.0,3453.0,4388.0,1375.0,1541.0,1011.0,1090.0,1089.0,1093.0
1.0,9161.0,3299.0,3272.0,1907.0,5319.0,1467.0,1744.0,2108.0,1090.0,1089.0,1093.0,1096.0,1106.0,1097.0,2985.0,2815.0,3361.0,1467.0,1744.0,2108.0,1090.0,1089.0,1093.0
1.0,7769.0,3290.0,3275.0,3927.0,4694.0,1193.0,1303.0,2198.0,1091.0,1090.0,1094.0,1097.0,1096.0,1097.0,2893.0,2612.0,2264.0,1193.0,1303.0,2198.0,1091.0,1090.0,1094.0
1.0,8406.0,3256.0,3275.0,5319.0,2631.0,813.0,655.0,1163.0,1091.0,1090.0,1094.0,1087.0,1096.0,1073.0,3171.0,3057.0,2178.0,813.0,655.0,1163.0,1091.0,1090.0,1094.0
1.0,10469.0,3278.0,3276.0,4694.0,1219.0,717.0,451.0,51.0,1092.0,1090.0,1094.0,1093.0,1099.0,1086.0,3551.0,3705.0,3213.0,717.0,451.0,51.0,1092.0,1090.0,1094.0
1.0,11885.0,3287.0,3277.0,2631.0,1902.0,1001.0,901.0,0.0,1092.0,1091.0,1094.0,1097.0,1101.0,1089.0,3651.0,3909.0,4325.0,1001.0,901.0,0.0,1092.0,1091.0,1094.0
1.0,11229.0,3191.0,3274.0,1219.0,3839.0,1337.0,1519.0,983.0,1091.0,1090.0,1093.0,1057.0,1073.0,1061.0,3367.0,3463.0,4399.0,1337.0,1519.0,983.0,1091.0,1090.0,1093.0
1.0,9257.0,3276.0,3275.0,1902.0,5217.0,1420.0,1725.0,2072.0,1091.0,1091.0,1093.0,1084.0,1103.0,1089.0,3027.0,2841.0,3389.0,1420.0,1725.0,2072.0,1091.0,1091.0,1093.0
1.0,7883.0,3250.0,3276.0,3839.0,4632.0,1172.0,1289.0,2171.0,1092.0,1091.0,1093.0,1085.0,1083.0,1082.0,2944.0,2639.0,2300.0,1172.0,1289.0,2171.0,1092.0,1091.0,1093.0
1.0,8472.0,3296.0,3277.0,5217.0,2715.0,848.0,677.0,1190.0,1092.0,1092.0,1093.0,1096.0,1109.0,1091.0,3196.0,3075.0,2201.0,848.0,677.0,1190.0,1092.0,1092.0,1093.0
1.0,10393.0,3256.0,3277.0,4632.0,1339.0,756.0,479.0,104.0,1092.0,1092.0,1093.0,1080.0,1091.0,1085.0,3520.0,3691.0,3182.0,756.0,479.0,104.0,1092.0,1092.0,1093.0
1.0,11769.0,3247.0,3277.0,2715.0,1885.0,992.0,893.0,0.0,1092.0,1092.0,1093.0,1084.0,1091.0,1072.0,3612.0,3889.0,4268.0,992.0,893.0,0.0,1092.0,1092.0,1093.0
1.0,11237.0,3279.0,3277.0,1339.0,3811.0,1336.0,1506.0,969.0,1092.0,1092.0,1093.0,1100.0,1092.0,1087.0,3376.0,3475.0,4386.0,1336.0,1506.0,969.0,1092.0,1092.0,1093.0
1.0,9297.0,3283.0,3278.0,1885.0,5213.0,1427.0,1717.0,2069.0,1092.0,1093.0,1093.0,1083.0,1100.0,1100.0,3032.0,2862.0,3403.0,1427.0,1717.0,2069.0,1092.0,1093.0,1093.0
1.0,7899.0,3287.0,3279.0,3811.0,4693.0,1180.0,1310.0,2203.0,1092.0,1093.0,1094.0,1089.0,1099.0,1099.0,2941.0,2655.0,2303.0,1180.0,1310.0,2203.0,1092.0,1093.0,1094.0
1.0,8423.0,3242.0,3279.0,5213.0,2722.0,831.0,688.0,1203.0,1092.0,1094.0,1093.0,1078.0,1091.0,1073.0,3188.0,3062.0,2173.0,831.0,688.0,1203.0,1092.0,1094.0,1093.0
1.0,10394.0,3288.0,3280.0,4693.0,1321.0,745.0,479.0,97.0,1093.0,1094.0,1093.0,1090.0,1101.0,1097.0,3537.0,3688.0,3169.0,745.0,479.0,97.0,1093.0,1094.0,1093.0
1.0,11799.0,3268.0,3280.0,2722.0,1888.0,1002.0,886.0,0.0,1093.0,1094.0,1093.0,1088.0,1095.0,1085.0,3627.0,3897.0,4275.0,1002.0,886.0,0.0,1093.0,1094.0,1093.0
1.0,11253.0,3249.0,3280.0,1321.0,3795.0,1335.0,1487.0,973.0,1093.0,1094.0,1093.0,1078.0,1080.0,1091.0,3370.0,3490.0,4393.0,1335.0,1487.0,973.0,1093.0,1094.0,1093.0
1.0,9325.0,3297.0,3280.0,1888.0,5204.0,1431.0,1701.0,2072.0,1093.0,1094.0,1093.0,1098.0,1100.0,1099.0,3037.0,2889.0,3399.0,1431.0,1701.0,2072.0,1093.0,1094.0,1093.0
1.0,7916.0,3260.0,3280.0,3795.0,4669.0,1183.0,1298.0,2188.0,1093.0,1094.0,1093.0,1087.0,1084.0,1089.0,2941.0,2675.0,2300.0,1183.0,1298.0,2188.0,1093.0,1094.0,1093.0
1.0,8451.0,3273.0,3280.0,5204.0,2738.0,842.0,684.0,1212.0,1093.0,1094.0,1093.0,1090.0,1087.0,1096.0,3189.0,3078.0,2184.0,842.0,684.0,1212.0,1093.0,1094.0,1093.0
1.0,10382.0,3283.0,3280.0,4669.0,1352.0,753.0,483.0,116.0,1093.0,1094.0,1093.0,1094.0,1097.0,1092.0,3530.0,3692.0,3160.0,753.0,483.0,116.0,1093.0,1094.0,1093.0
1.0,11768.0,3277.0,3281.0,2738.0,1901.0,1007.0,894.0,0.0,1093.0,1095.0,1093.0,1096.0,1091.0,1090.0,3619.0,3893.0,4256.0,1007.0,894.0,0.0,1093.0,1095.0,1093.0
1.0,11229.0,3321.0,3282.0,1352.0,3868.0,1369.0,1520.0,979.0,1094.0,1095.0,1093.0,1111.0,1109.0,1101.0,3365.0,3486.0,4378.0,1369.0,1520.0,979.0,1094.0,1095.0,1093.0
1.0,9260.0,3266.0,3282.0,1901.0,5233.0,1451.0,1711.0,2071.0,1094.0,1095.0,1093.0,1089.0,1085.0,1092.0,3007.0,2860.0,3393.0,1451.0,1711.0,2071.0,1094.0,1095.0,1093.0
1.0,7895.0,3379.0,3284.0,3868.0,4752.0,1196.0,1318.0,2238.0,1094.0,1096.0,1094.0,1114.0,1123.0,1142.0,2925.0,2669.0,2301.0,1196.0,1318.0,2238.0,1094.0,1096.0,1094.0
1.0,8384.0,3296.0,3284.0,5233.0,2815.0,850.0,690.0,1275.0,1094.0,1096.0,1094.0,1105.0,1083.0,1108.0,3180.0,3066.0,2138.0,850.0,690.0,1275.0,1094.0,1096.0,1094.0
1.0,10321.0,3302.0,3284.0,4752.0,1365.0,752.0,474.0,139.0,1094.0,1096.0,1094.0,1098.0,1102.0,1102.0,3526.0,3694.0,3101.0,752.0,474.0,139.0,1094.0,1096.0,1094.0
1.0,11771.0,3293.0,3284.0,2815.0,1880.0,994.0,886.0,0.0,1094.0,1096.0,1094.0,1092.0,1102.0,1099.0,3624.0,3910.0,4237.0,994.0,886.0,0.0,1094.0,1096.0,1094.0
1.0,11293.0,3288.0,3284.0,1365.0,3766.0,1345.0,1510.0,911.0,1094.0,1096.0,1094.0,1103.0,1098.0,1087.0,3382.0,3498.0,4413.0,1345.0,1510.0,911.0,1094.0,1096.0,1094.0
1.0,9370.0,3302.0,3283.0,1880.0,5184.0,1457.0,1719.0,2008.0,1094.0,1096.0,1093.0,1106.0,1095.0,1101.0,3031.0,2874.0,3465.0,1457.0,1719.0,2008.0,1094.0,1096.0,1093.0
1.0,7948.0,3334.0,3284.0,3766.0,4756.0,1224.0,1322.0,2210.0,1094.0,1096.0,1094.0,1112.0,1113.0,1109.0,2919.0,2665.0,2364.0,1224.0,1322.0,2210.0,1094.0,1096.0,1094.0
1.0,8380.0,3309.0,3285.0,5184.0,2885.0,882.0,702.0,1301.0,1095.0,1096.0,1094.0,1111.0,1099.0,1099.0,3152.0,3062.0,2166.0,882.0,702.0,1301.0,1095.0,1096.0,1094.0
1.0,10255.0,3314.0,3284.0,4756.0,1439.0,770.0,477.0,192.0,1095.0,1096.0,1093.0,1112.0,1097.0,1105.0,3498.0,3682.0,3075.0,770.0,477.0,192.0,1095.0,1096.0,1093.0
1.0,11697.0,3314.0,3285.0,2885.0,1872.0,992.0,879.0,1.0,1095.0,1096.0,1094.0,1104.0,1104.0,1106.0,3610.0,3907.0,4180.0,992.0,879.0,1.0,1095.0,1096.0,1094.0
1.0,11268.0,3306.0,3286.0,1439.0,3743.0,1337.0,1500.0,906.0,1095.0,1097.0,1094.0,1115.0,1094.0,1097.0,3388.0,3505.0,4375.0,1337.0,1500.0,906.0,1095.0,1097.0,1094.0
1.0,9401.0,3281.0,3284.0,1872.0,5144.0,1450.0,1704.0,1990.0,1095.0,1096.0,1093.0,1105.0,1087.0,1089.0,3043.0,2888.0,3470.0,1450.0,1704.0,1990.0,1095.0,1096.0,1093.0
1.0,7992.0,3334.0,3286.0,3743.0,4743.0,1222.0,1312.0,2209.0,1096.0,1096.0,1094.0,1105.0,1108.0,1121.0,2930.0,2680.0,2382.0,1222.0,1312.0,2209.0,1096.0,1096.0,1094.0
1.0,8401.0,3305.0,3288.0,5144.0,2912.0,875.0,704.0,1333.0,1096.0,1097.0,1095.0,1103.0,1092.0,1110.0,3162.0,3072.0,2167.0,875.0,704.0,1333.0,1096.0,1097.0,1095.0
1.0,10240.0,3327.0,3288.0,4743.0,1496.0,753.0,493.0,250.0,1096.0,1097.0,1095.0,1100.0,1101.0,1126.0,3509.0,3684.0,3047.0,753.0,493.0,250.0,1096.0,1097.0,1095.0
1.0,11656.0,3307.0,3288.0,2912.0,1891.0,985.0,883.0,23.0,1096.0,1097.0,1095.0,1107.0,1094.0,1106.0,3631.0,3895.0,4130.0,985.0,883.0,23.0,1096.0,1097.0,1095.0
1.0,11261.0,3354.0,3289.0,1496.0,3753.0,1349.0,1503.0,901.0,1096.0,1097.0,1096.0,1117.0,1113.0,1124.0,3399.0,3505.0,4357.0,1349.0,1503.0,901.0,1096.0,1097.0,1096.0
1.0,9403.0,3305.0,3289.0,1891.0,5167.0,1474.0,1711.0,1982.0,1096.0,1097.0,1096.0,1110.0,1091.0,1104.0,3035.0,2885.0,3483.0,1474.0,1711.0,1982.0,1096.0,1097.0,1096.0
1.0,7989.0,3324.0,3289.0,3753.0,4738.0,1231.0,1306.0,2201.0,1096.0,1097.0,1096.0,1106.0,1098.0,1120.0,2910.0,2677.0,2402.0,1231.0,1306.0,2201.0,1096.0,1097.0,1096.0
1.0,8418.0,3305.0,3289.0,5167.0,2876.0,861.0,686.0,1329.0,1096.0,1097.0,1096.0,1104.0,1091.0,1110.0,3153.0,3082.0,2183.0,861.0,686.0,1329.0,1096.0,1097.0,1096.0
1.0,10280.0,3323.0,3291.0,4738.0,1469.0,747.0,479.0,243.0,1097.0,1097.0,1097.0,1113.0,1099.0,1111.0,3523.0,3702.0,3055.0,747.0,479.0,243.0,1097.0,1097.0,1097.0
1.0,11695.0,3328.0,3291.0,2876.0,1921.0,1000.0,895.0,26.0,1097.0,1097.0,1097.0,1114.0,1102.0,1112.0,3641.0,3909.0,4145.0,1000.0,895.0,26.0,1097.0,1097.0,1097.0
1.0,11243.0,3292.0,3291.0,1469.0,3744.0,1354.0,1509.0,881.0,1097.0,1097.0,1097.0,1101.0,1093.0,1098.0,3388.0,3493.0,4362.0,1354.0,1509.0,881.0,1097.0,1097.0,1097.0
1.0,9420.0,3313.0,3291.0,1921.0,5136.0,1460.0,1710.0,1966.0,1097.0,1097.0,1097.0,1106.0,1096.0,1111.0,3034.0,2879.0,3507.0,1460.0,1710.0,1966.0,1097.0,1097.0,1097.0
1.0,8028.0,3342.0,3293.0,3744.0,4742.0,1221.0,1319.0,2202.0,1098.0,1097.0,1098.0,1111.0,1118.0,1113.0,2928.0,2678.0,2422.0,1221.0,1319.0,2202.0,1098.0,1097.0,1098.0
1.0,8430.0,3297.0,3293.0,5136.0,2903.0,860.0,704.0,1339.0,1098.0,1097.0,1098.0,1099.0,1095.0,1103.0,3171.0,3069.0,2190.0,860.0,704.0,1339.0,1098.0,1097.0,1098.0
1.0,10269.0,3384.0,3295.0,4742.0,1553.0,768.0,507.0,278.0,1099.0,1097.0,1099.0,1125.0,1122.0,1137.0,3532.0,3684.0,3053.0,768.0,507.0,278.0,1099.0,1097.0,1099.0
1.0,11627.0,3320.0,3296.0,2903.0,1974.0,1014.0,904.0,56.0,1099.0,1097.0,1100.0,1106.0,1101.0,1113.0,3628.0,3881.0,4118.0,1014.0,904.0,56.0,1099.0,1097.0,1100.0
1.0,11210.0,3292.0,3296.0,1553.0,3713.0,1346.0,1492.0,875.0,1099.0,1097.0,1100.0,1100.0,1095.0,1097.0,3382.0,3484.0,4344.0,1346.0,1492.0,875.0,1099.0,1097.0,1100.0
1.0,9471.0,3339.0,3297.0,1974.0,5082.0,1440.0,1713.0,1929.0,1099.0,1098.0,1100.0,1108.0,1121.0,1110.0,3050.0,2896.0,3525.0,1440.0,1713.0,1929.0,1099.0,1098.0,1100.0
1.0,8106.0,3346.0,3299.0,3713.0,4723.0,1214.0,1340.0,2169.0,1100.0,1098.0,1101.0,1116.0,1119.0,1111.0,2956.0,2679.0,2471.0,1214.0,1340.0,2169.0,1100.0,1098.0,1101.0
1.0,8473.0,3296.0,3299.0,5082.0,2937.0,863.0,726.0,1348.0,1100.0,1098.0,1101.0,1089.0,1099.0,1108.0,3186.0,3052.0,2235.0,863.0,726.0,1348.0,1100.0,1098.0,1101.0
1.0,10259.0,3295.0,3301.0,4723.0,1517.0,738.0,490.0,289.0,1100.0,1099.0,1102.0,1089.0,1100.0,1106.0,3537.0,3666.0,3056.0,738.0,490.0,289.0,1100.0,1099.0,1102.0
1.0,11687.0,3282.0,3301.0,2937.0,1862.0,964.0,860.0,38.0,1100.0,1099.0,1102.0,1089.0,1096.0,1097.0,3662.0,3906.0,4119.0,964.0,860.0,38.0,1100.0,1099.0,1102.0
1.0,11342.0,3305.0,3302.0,1517.0,3654.0,1313.0,1475.0,866.0,1100.0,1099.0,1103.0,1087.0,1105.0,1113.0,3436.0,3536.0,4370.0,1313.0,1475.0,866.0,1100.0,1099.0,1103.0
1.0,9554.0,3319.0,3302.0,1862.0,5111.0,1455.0,1729.0,1927.0,1100.0,1099.0,1103.0,1106.0,1114.0,1099.0,3087.0,2921.0,3546.0,1455.0,1729.0,1927.0,1100.0,1099.0,1103.0
1.0,8097.0,3301.0,3303.0,3654.0,4762.0,1242.0,1357.0,2163.0,1101.0,1099.0,1103.0,1096.0,1103.0,1102.0,2945.0,2667.0,2485.0,1242.0,1357.0,2163.0,1101.0,1099.0,1103.0
1.0,8450.0,3270.0,3304.0,5111.0,2925.0,873.0,722.0,1330.0,1101.0,1099.0,1104.0,1086.0,1094.0,1090.0,3162.0,3039.0,2249.0,873.0,722.0,1330.0,1101.0,1099.0,1104.0
1.0,10291.0,3293.0,3304.0,4762.0,1456.0,725.0,458.0,273.0,1101.0,1099.0,1104.0,1094.0,1093.0,1106.0,3531.0,3674.0,3086.0,725.0,458.0,273.0,1101.0,1099.0,1104.0
1.0,11760.0,3322.0,3305.0,2925.0,1857.0,956.0,858.0,43.0,1101.0,1100.0,1104.0,1104.0,1118.0,1100.0,3679.0,3938.0,4143.0,956.0,858.0,43.0,1101.0,1100.0,1104.0
1.0,11363.0,3318.0,3305.0,1456.0,3719.0,1335.0,1507.0,877.0,1101.0,1100.0,1104.0,1104.0,1107.0,1107.0,3448.0,3542.0,4373.0,1335.0,1507.0,877.0,1101.0,1100.0,1104.0
1.0,9501.0,3326.0,3307.0,1857.0,5196.0,1491.0,1752.0,1953.0,1102.0,1100.0,1105.0,1108.0,1103.0,1115.0,3069.0,2893.0,3539.0,1491.0,1752.0,1953.0,1102.0,1100.0,1105.0
1.0,8032.0,3314.0,3307.0,3719.0,4791.0,1255.0,1357.0,2179.0,1102.0,1100.0,1105.0,1099.0,1112.0,1103.0,2917.0,2648.0,2467.0,1255.0,1357.0,2179.0,1102.0,1100.0,1105.0
1.0,8437.0,3267.0,3307.0,5196.0,2862.0,848.0,698.0,1316.0,1102.0,1100.0,1105.0,1084.0,1093.0,1090.0,3153.0,3043.0,2241.0,848.0,698.0,1316.0,1102.0,1100.0,1105.0
1.0,10366.0,3274.0,3307.0,4791.0,1345.0,686.0,429.0,230.0,1102.0,1100.0,1105.0,1093.0,1088.0,1093.0,3560.0,3702.0,3104.0,686.0,429.0,230.0,1102.0,1100.0,1105.0
1.0,11883.0,3318.0,3308.0,2862.0,1805.0,936.0,844.0,25.0,1102.0,1101.0,1105.0,1098.0,1109.0,1111.0,3722.0,3971.0,4190.0,936.0,844.0,25.0,1102.0,1101.0,1105.0
1.0,11427.0,3300.0,3310.0,1345.0,3768.0,1351.0,1522.0,895.0,1103.0,1101.0,1106.0,1097.0,1107.0,1096.0,3472.0,3560.0,4395.0,1351.0,1522.0,895.0,1103.0,1101.0,1106.0
1.0,9472.0,3346.0,3311.0,1805.0,5313.0,1531.0,1802.0,1980.0,1103.0,1102.0,1106.0,1116.0,1120.0,1110.0,3061.0,2882.0,3529.0,1531.0,1802.0,1980.0,1103.0,1102.0,1106.0
1.0,7931.0,3348.0,3311.0,3768.0,4893.0,1293.0,1396.0,2204.0,1103.0,1102.0,1106.0,1113.0,1116.0,1119.0,2881.0,2606.0,2444.0,1293.0,1396.0,2204.0,1103.0,1102.0,1106.0
