demand,Demand_Retailer_0,Demand_Retailer_1,Demand_Retailer_2,Demand_Retailer_3,Demand_Retailer_4,Demand_Retailer_5
1011.0,235.0,258.0,238.0,95.0,96.0,89.0
1107.0,275.0,276.0,254.0,100.0,103.0,99.0
1135.0,272.0,263.0,269.0,91.0,115.0,125.0
969.0,238.0,196.0,206.0,103.0,111.0,115.0
944.0,224.0,226.0,211.0,100.0,83.0,100.0
883.0,214.0,210.0,189.0,91.0,88.0,91.0
977.0,217.0,253.0,202.0,107.0,104.0,94.0
988.0,254.0,204.0,248.0,95.0,96.0,91.0
1135.0,268.0,226.0,301.0,118.0,108.0,114.0
1175.0,243.0,280.0,303.0,122.0,120.0,107.0
1053.0,229.0,238.0,285.0,99.0,98.0,104.0
990.0,239.0,219.0,230.0,102.0,107.0,93.0
864.0,171.0,218.0,192.0,100.0,82.0,101.0
947.0,190.0,203.0,255.0,100.0,107.0,92.0
1001.0,216.0,234.0,217.0,111.0,101.0,122.0
1221.0,271.0,316.0,280.0,119.0,119.0,116.0
1169.0,257.0,289.0,258.0,107.0,121.0,137.0
1063.0,236.0,247.0,257.0,105.0,107.0,111.0
988.0,250.0,203.0,248.0,88.0,91.0,108.0
954.0,235.0,236.0,227.0,93.0,79.0,84.0
869.0,195.0,202.0,220.0,86.0,80.0,86.0
1058.0,268.0,270.0,192.0,122.0,98.0,108.0
1122.0,274.0,270.0,266.0,99.0,113.0,100.0
1169.0,274.0,263.0,271.0,121.0,125.0,115.0
1158.0,260.0,301.0,279.0,96.0,114.0,108.0
1025.0,243.0,250.0,243.0,92.0,93.0,104.0
884.0,201.0,216.0,203.0,79.0,90.0,95.0
898.0,188.0,191.0,225.0,93.0,101.0,100.0
1025.0,237.0,224.0,237.0,113.0,102.0,112.0
1195.0,296.0,294.0,277.0,124.0,102.0,102.0
1219.0,257.0,311.0,298.0,126.0,112.0,115.0
1110.0,245.0,270.0,265.0,116.0,115.0,99.0
998.0,243.0,220.0,242.0,98.0,109.0,86.0
942.0,234.0,229.0,188.0,92.0,109.0,90.0
956.0,207.0,227.0,219.0,96.0,107.0,100.0
1047.0,255.0,271.0,207.0,104.0,97.0,113.0
1152.0,285.0,250.0,272.0,118.0,107.0,120.0
1166.0,273.0,281.0,243.0,131.0,120.0,118.0
1124.0,267.0,254.0,257.0,118.0,108.0,120.0
1086.0,278.0,279.0,233.0,103.0,98.0,95.0
915.0,202.0,243.0,191.0,91.0,93.0,95.0
911.0,233.0,228.0,198.0,68.0,101.0,83.0
1085.0,275.0,200.0,278.0,115.0,109.0,108.0
1226.0,314.0,249.0,296.0,127.0,122.0,118.0
1264.0,283.0,298.0,288.0,139.0,135.0,121.0
1136.0,250.0,272.0,261.0,117.0,117.0,119.0
1065.0,283.0,227.0,240.0,117.0,87.0,111.0
946.0,265.0,197.0,196.0,80.0,90.0,118.0
957.0,244.0,210.0,213.0,93.0,93.0,104.0
1158.0,279.0,286.0,277.0,103.0,116.0,97.0
1245.0,307.0,303.0,300.0,113.0,118.0,104.0
1244.0,264.0,313.0,284.0,127.0,141.0,115.0
1152.0,261.0,239.0,277.0,135.0,126.0,114.0
1092.0,268.0,278.0,229.0,115.0,99.0,103.0
942.0,209.0,231.0,215.0,90.0,92.0,105.0
1004.0,219.0,244.0,252.0,92.0,94.0,103.0
1174.0,266.0,283.0,301.0,112.0,95.0,117.0
1312.0,318.0,290.0,314.0,128.0,127.0,135.0
1196.0,261.0,263.0,296.0,110.0,123.0,143.0
1169.0,251.0,309.0,255.0,117.0,121.0,116.0
1068.0,252.0,282.0,217.0,98.0,102.0,117.0
978.0,213.0,222.0,257.0,100.0,113.0,73.0
990.0,245.0,226.0,240.0,108.0,98.0,73.0
1107.0,255.0,249.0,274.0,105.0,106.0,118.0
1278.0,313.0,307.0,304.0,114.0,119.0,121.0
1260.0,285.0,295.0,298.0,127.0,121.0,134.0
1169.0,293.0,241.0,268.0,123.0,123.0,121.0
1087.0,286.0,219.0,257.0,109.0,97.0,119.0
1052.0,252.0,229.0,257.0,101.0,108.0,105.0
1012.0,184.0,243.0,258.0,100.0,113.0,114.0
1149.0,266.0,256.0,276.0,120.0,128.0,103.0
1260.0,325.0,268.0,306.0,106.0,125.0,130.0
1298.0,311.0,311.0,295.0,127.0,126.0,128.0
1215.0,257.0,315.0,285.0,133.0,106.0,119.0
1160.0,298.0,312.0,236.0,112.0,100.0,102.0
1002.0,217.0,222.0,251.0,102.0,101.0,109.0
1040.0,212.0,231.0,261.0,115.0,110.0,111.0
1147.0,288.0,261.0,238.0,109.0,127.0,124.0
1319.0,314.0,294.0,291.0,132.0,150.0,138.0
1312.0,335.0,309.0,293.0,114.0,136.0,125.0
1256.0,275.0,302.0,294.0,122.0,135.0,128.0
1101.0,257.0,255.0,261.0,114.0,108.0,106.0
1020.0,242.0,267.0,222.0,108.0,93.0,88.0
1000.0,209.0,237.0,230.0,112.0,111.0,101.0
1168.0,249.0,314.0,264.0,115.0,118.0,108.0
1270.0,331.0,291.0,263.0,125.0,137.0,123.0
1263.0,310.0,271.0,317.0,108.0,131.0,126.0
1236.0,296.0,294.0,291.0,110.0,122.0,123.0
1137.0,262.0,273.0,266.0,114.0,111.0,111.0
1118.0,276.0,282.0,246.0,105.0,97.0,112.0
1015.0,226.0,213.0,255.0,120.0,99.0,102.0
1232.0,305.0,279.0,260.0,141.0,114.0,133.0
1306.0,314.0,280.0,312.0,135.0,137.0,128.0
1291.0,290.0,311.0,295.0,130.0,140.0,125.0
1272.0,284.0,271.0,340.0,125.0,135.0,117.0
1171.0,296.0,268.0,276.0,115.0,117.0,99.0
1041.0,253.0,217.0,257.0,106.0,111.0,97.0
1087.0,224.0,270.0,250.0,102.0,117.0,124.0
1197.0,255.0,299.0,265.0,123.0,132.0,123.0
1317.0,299.0,302.0,342.0,140.0,113.0,121.0
1317.0,314.0,286.0,319.0,132.0,130.0,136.0
1251.0,298.0,256.0,318.0,124.0,121.0,134.0
1132.0,275.0,238.0,299.0,99.0,111.0,110.0
1031.0,238.0,274.0,208.0,103.0,102.0,106.0
1046.0,253.0,247.0,241.0,109.0,104.0,92.0
1198.0,259.0,260.0,313.0,130.0,130.0,106.0
1403.0,316.0,294.0,363.0,145.0,151.0,134.0
1373.0,323.0,315.0,310.0,152.0,131.0,142.0
1250.0,244.0,317.0,295.0,126.0,123.0,145.0
1178.0,292.0,293.0,260.0,107.0,102.0,124.0
1068.0,250.0,249.0,227.0,108.0,113.0,121.0
1014.0,243.0,222.0,235.0,102.0,99.0,113.0
1252.0,282.0,286.0,311.0,131.0,124.0,118.0
1420.0,338.0,308.0,361.0,150.0,124.0,139.0
1396.0,325.0,322.0,320.0,151.0,143.0,135.0
1296.0,276.0,298.0,308.0,138.0,149.0,127.0
1216.0,313.0,252.0,273.0,130.0,131.0,117.0
1104.0,274.0,265.0,264.0,97.0,98.0,106.0
1148.0,255.0,300.0,258.0,105.0,118.0,112.0
1297.0,310.0,319.0,294.0,135.0,114.0,125.0
1326.0,346.0,260.0,321.0,133.0,126.0,140.0
1412.0,333.0,300.0,352.0,141.0,140.0,146.0
1265.0,292.0,309.0,286.0,133.0,118.0,127.0
1174.0,262.0,309.0,245.0,121.0,124.0,113.0
1087.0,261.0,251.0,237.0,100.0,119.0,119.0
1148.0,235.0,281.0,293.0,101.0,125.0,113.0
1253.0,266.0,290.0,315.0,126.0,119.0,137.0
1332.0,342.0,313.0,305.0,124.0,128.0,120.0
1381.0,312.0,331.0,326.0,151.0,123.0,138.0
1271.0,277.0,296.0,281.0,146.0,126.0,145.0
1145.0,273.0,231.0,266.0,125.0,124.0,126.0
1133.0,274.0,246.0,270.0,109.0,125.0,109.0
1170.0,257.0,303.0,256.0,109.0,127.0,118.0
1325.0,318.0,319.0,289.0,130.0,140.0,129.0
1390.0,340.0,342.0,288.0,150.0,146.0,124.0
1359.0,339.0,299.0,313.0,131.0,142.0,135.0
1346.0,324.0,290.0,327.0,137.0,135.0,133.0
1264.0,316.0,287.0,319.0,118.0,106.0,118.0
1141.0,229.0,263.0,301.0,115.0,124.0,109.0
1230.0,276.0,303.0,306.0,113.0,106.0,126.0
1275.0,304.0,275.0,288.0,126.0,147.0,135.0
1444.0,352.0,338.0,327.0,136.0,155.0,136.0
1464.0,331.0,352.0,343.0,142.0,160.0,136.0
1339.0,309.0,321.0,285.0,147.0,143.0,134.0
1287.0,306.0,298.0,293.0,141.0,128.0,121.0
1151.0,268.0,259.0,282.0,119.0,107.0,116.0
1166.0,224.0,278.0,324.0,122.0,106.0,112.0
1282.0,304.0,320.0,298.0,113.0,117.0,130.0
1390.0,334.0,348.0,275.0,146.0,149.0,138.0
1441.0,348.0,338.0,321.0,135.0,154.0,145.0
1410.0,298.0,330.0,354.0,137.0,140.0,151.0
1280.0,299.0,276.0,313.0,131.0,128.0,133.0
1181.0,262.0,277.0,285.0,119.0,127.0,111.0
1146.0,245.0,262.0,271.0,123.0,113.0,132.0
1300.0,307.0,295.0,309.0,136.0,121.0,132.0
1368.0,324.0,322.0,305.0,136.0,136.0,145.0
1462.0,337.0,371.0,343.0,124.0,149.0,138.0
1335.0,303.0,317.0,314.0,135.0,136.0,130.0
1239.0,287.0,266.0,301.0,130.0,138.0,117.0
1080.0,239.0,253.0,225.0,133.0,120.0,110.0
1197.0,273.0,260.0,277.0,121.0,135.0,131.0
1323.0,308.0,303.0,308.0,131.0,141.0,132.0
1540.0,345.0,395.0,364.0,145.0,147.0,144.0
1492.0,333.0,301.0,414.0,150.0,141.0,153.0
1408.0,342.0,290.0,342.0,146.0,148.0,140.0
1206.0,307.0,269.0,276.0,132.0,107.0,115.0
1186.0,286.0,289.0,265.0,124.0,115.0,107.0
1203.0,242.0,318.0,293.0,125.0,113.0,112.0
1406.0,344.0,321.0,327.0,146.0,137.0,131.0
1522.0,374.0,335.0,359.0,148.0,161.0,145.0
1448.0,356.0,325.0,322.0,146.0,151.0,148.0
1387.0,313.0,303.0,344.0,131.0,143.0,153.0
1289.0,328.0,315.0,270.0,126.0,113.0,137.0
1153.0,293.0,262.0,234.0,113.0,120.0,131.0
1162.0,277.0,227.0,284.0,132.0,118.0,124.0
1362.0,311.0,286.0,345.0,141.0,140.0,139.0
1458.0,335.0,346.0,349.0,144.0,143.0,141.0
1549.0,361.0,367.0,346.0,159.0,163.0,153.0
1333.0,280.0,329.0,298.0,130.0,151.0,145.0
1284.0,314.0,289.0,298.0,131.0,132.0,120.0
1193.0,288.0,301.0,248.0,118.0,121.0,117.0
1223.0,252.0,304.0,274.0,123.0,132.0,138.0
1424.0,330.0,340.0,320.0,155.0,136.0,143.0
1545.0,362.0,372.0,366.0,149.0,138.0,158.0
1525.0,341.0,359.0,377.0,157.0,135.0,156.0
1370.0,332.0,313.0,308.0,126.0,146.0,145.0
1308.0,310.0,324.0,273.0,119.0,143.0,139.0
1246.0,320.0,288.0,283.0,116.0,123.0,116.0
1262.0,283.0,291.0,315.0,108.0,149.0,116.0
1428.0,311.0,328.0,349.0,146.0,161.0,133.0
1484.0,332.0,345.0,355.0,169.0,152.0,131.0
1465.0,326.0,365.0,318.0,163.0,139.0,154.0
1417.0,345.0,330.0,301.0,147.0,135.0,159.0
1328.0,323.0,310.0,291.0,146.0,115.0,143.0
1237.0,294.0,272.0,303.0,115.0,122.0,131.0
1348.0,310.0,308.0,323.0,133.0,131.0,143.0
1420.0,303.0,355.0,357.0,133.0,137.0,135.0
1516.0,359.0,379.0,336.0,169.0,141.0,132.0
1513.0,343.0,372.0,348.0,157.0,153.0,140.0
1454.0,338.0,322.0,352.0,162.0,140.0,140.0
1342.0,312.0,332.0,296.0,139.0,133.0,130.0
1230.0,291.0,280.0,301.0,115.0,115.0,128.0
1282.0,255.0,333.0,322.0,112.0,127.0,133.0
1371.0,342.0,300.0,323.0,134.0,127.0,145.0
1454.0,390.0,310.0,289.0,162.0,158.0,145.0
1513.0,346.0,359.0,324.0,154.0,168.0,162.0
1489.0,335.0,358.0,345.0,156.0,156.0,139.0
1372.0,305.0,339.0,328.0,133.0,139.0,128.0
1247.0,300.0,275.0,299.0,124.0,123.0,126.0
1280.0,313.0,268.0,323.0,125.0,129.0,122.0
1392.0,334.0,337.0,311.0,142.0,137.0,131.0
1578.0,418.0,385.0,368.0,138.0,138.0,131.0
1534.0,345.0,359.0,357.0,155.0,152.0,166.0
1474.0,342.0,334.0,334.0,156.0,150.0,158.0
1335.0,326.0,279.0,324.0,125.0,142.0,139.0
1342.0,317.0,306.0,310.0,139.0,133.0,137.0
1295.0,292.0,327.0,274.0,132.0,136.0,134.0
1382.0,324.0,294.0,368.0,120.0,141.0,135.0
1492.0,365.0,356.0,322.0,150.0,147.0,152.0
1588.0,415.0,351.0,383.0,144.0,152.0,143.0
1517.0,337.0,341.0,405.0,154.0,130.0,150.0
1431.0,299.0,372.0,337.0,155.0,127.0,141.0
1275.0,299.0,314.0,283.0,134.0,135.0,110.0
1245.0,303.0,284.0,253.0,134.0,132.0,139.0
1400.0,333.0,318.0,328.0,141.0,143.0,137.0
1643.0,406.0,377.0,394.0,141.0,162.0,163.0
1623.0,384.0,406.0,368.0,141.0,163.0,161.0
1520.0,340.0,360.0,381.0,138.0,148.0,153.0
1392.0,329.0,316.0,347.0,145.0,123.0,132.0
1254.0,296.0,279.0,305.0,137.0,108.0,129.0
1316.0,284.0,321.0,317.0,136.0,130.0,128.0
1481.0,316.0,378.0,343.0,139.0,155.0,150.0
1661.0,411.0,372.0,397.0,154.0,167.0,160.0
1624.0,398.0,370.0,376.0,148.0,170.0,162.0
1509.0,322.0,345.0,368.0,149.0,172.0,153.0
1426.0,323.0,365.0,313.0,137.0,136.0,152.0
1269.0,284.0,311.0,263.0,148.0,125.0,138.0
1298.0,282.0,299.0,314.0,140.0,128.0,135.0
1322.0,287.0,301.0,312.0,142.0,139.0,141.0
1562.0,368.0,369.0,383.0,156.0,145.0,141.0
1606.0,392.0,388.0,371.0,145.0,148.0,162.0
1550.0,340.0,390.0,348.0,146.0,173.0,153.0
1385.0,359.0,315.0,296.0,126.0,147.0,142.0
1296.0,313.0,268.0,320.0,137.0,130.0,128.0
1388.0,334.0,316.0,327.0,141.0,137.0,133.0
1519.0,353.0,348.0,367.0,149.0,154.0,148.0
1611.0,385.0,375.0,379.0,160.0,153.0,159.0
1698.0,421.0,394.0,389.0,172.0,155.0,167.0
1505.0,344.0,354.0,366.0,135.0,155.0,151.0
1371.0,325.0,323.0,319.0,128.0,125.0,151.0
1380.0,330.0,334.0,306.0,124.0,142.0,144.0
1364.0,303.0,311.0,330.0,149.0,136.0,135.0
1495.0,369.0,315.0,371.0,151.0,154.0,135.0
1589.0,382.0,374.0,352.0,163.0,156.0,162.0
1670.0,391.0,405.0,368.0,174.0,160.0,172.0
1557.0,369.0,392.0,350.0,146.0,141.0,159.0
1431.0,337.0,325.0,327.0,147.0,145.0,150.0
1402.0,329.0,304.0,356.0,128.0,125.0,160.0
1368.0,292.0,307.0,339.0,142.0,150.0,138.0
1584.0,398.0,357.0,353.0,165.0,162.0,149.0
1617.0,385.0,374.0,364.0,175.0,155.0,164.0
1641.0,374.0,405.0,368.0,174.0,166.0,154.0
1506.0,338.0,354.0,333.0,139.0,175.0,167.0
1471.0,349.0,306.0,386.0,141.0,145.0,144.0
1372.0,331.0,295.0,356.0,129.0,126.0,135.0
1426.0,328.0,328.0,342.0,145.0,137.0,146.0
1500.0,348.0,350.0,339.0,163.0,144.0,156.0
1612.0,402.0,376.0,349.0,157.0,154.0,174.0
1656.0,360.0,392.0,378.0,168.0,172.0,186.0
1575.0,345.0,353.0,363.0,165.0,186.0,163.0
1567.0,405.0,371.0,349.0,156.0,148.0,138.0
1460.0,353.0,343.0,361.0,125.0,138.0,140.0
1304.0,298.0,300.0,322.0,134.0,125.0,125.0
1449.0,337.0,335.0,345.0,141.0,144.0,147.0
1721.0,390.0,432.0,393.0,170.0,164.0,172.0
1693.0,389.0,410.0,386.0,177.0,163.0,168.0
1630.0,364.0,388.0,392.0,168.0,158.0,160.0
1509.0,349.0,325.0,359.0,147.0,160.0,169.0
1423.0,312.0,311.0,363.0,139.0,143.0,155.0
1391.0,342.0,318.0,292.0,129.0,159.0,151.0
1571.0,373.0,377.0,346.0,161.0,157.0,157.0
1664.0,404.0,370.0,384.0,177.0,163.0,166.0
1660.0,390.0,367.0,382.0,188.0,162.0,171.0
1625.0,358.0,381.0,404.0,173.0,153.0,156.0
1484.0,314.0,355.0,387.0,152.0,139.0,137.0
1488.0,345.0,389.0,346.0,131.0,128.0,149.0
1396.0,302.0,330.0,339.0,137.0,136.0,152.0
1547.0,350.0,364.0,357.0,138.0,181.0,157.0
1696.0,404.0,398.0,376.0,157.0,177.0,184.0
1778.0,409.0,391.0,428.0,192.0,182.0,176.0
1575.0,349.0,358.0,374.0,170.0,158.0,166.0
1446.0,341.0,316.0,348.0,154.0,142.0,145.0
1424.0,353.0,312.0,334.0,143.0,150.0,132.0
1411.0,335.0,354.0,312.0,135.0,142.0,133.0
1568.0,352.0,373.0,357.0,158.0,165.0,163.0
1724.0,424.0,412.0,387.0,165.0,174.0,162.0
1743.0,392.0,399.0,407.0,164.0,189.0,192.0
1696.0,380.0,418.0,370.0,174.0,183.0,171.0
1544.0,350.0,346.0,353.0,169.0,161.0,165.0
1476.0,361.0,345.0,336.0,157.0,132.0,145.0
1438.0,350.0,355.0,288.0,147.0,151.0,147.0
1593.0,382.0,362.0,388.0,156.0,145.0,160.0
1639.0,426.0,340.0,387.0,169.0,157.0,160.0
1679.0,331.0,406.0,435.0,173.0,175.0,159.0
1676.0,380.0,396.0,383.0,165.0,186.0,166.0
1544.0,372.0,365.0,351.0,164.0,153.0,139.0
1422.0,345.0,310.0,338.0,147.0,137.0,145.0
1510.0,320.0,347.0,361.0,160.0,161.0,161.0
1638.0,376.0,396.0,393.0,155.0,160.0,158.0
1811.0,430.0,432.0,433.0,172.0,163.0,181.0
1766.0,399.0,434.0,418.0,185.0,154.0,176.0
1622.0,372.0,364.0,387.0,160.0,159.0,180.0
1609.0,402.0,335.0,382.0,170.0,167.0,153.0
1439.0,334.0,340.0,326.0,140.0,162.0,137.0
1581.0,353.0,382.0,372.0,161.0,172.0,141.0
1650.0,381.0,400.0,380.0,165.0,167.0,157.0
1733.0,410.0,408.0,392.0,174.0,171.0,178.0
1759.0,402.0,404.0,401.0,176.0,187.0,189.0
1705.0,368.0,410.0,402.0,176.0,164.0,185.0
1596.0,393.0,399.0,342.0,154.0,142.0,166.0
1536.0,361.0,338.0,354.0,154.0,159.0,170.0
1471.0,325.0,330.0,350.0,165.0,148.0,153.0
1588.0,365.0,379.0,362.0,162.0,158.0,162.0
1811.0,433.0,447.0,402.0,178.0,192.0,159.0
1818.0,427.0,445.0,407.0,173.0,183.0,183.0
1690.0,382.0,398.0,423.0,154.0,181.0,152.0
1559.0,392.0,345.0,362.0,155.0,158.0,147.0
1484.0,349.0,340.0,355.0,136.0,145.0,159.0
1473.0,342.0,320.0,354.0,163.0,143.0,151.0
1727.0,382.0,416.0,401.0,175.0,169.0,184.0
1772.0,436.0,420.0,376.0,184.0,177.0,179.0
1728.0,390.0,392.0,399.0,177.0,184.0,186.0
1731.0,400.0,400.0,402.0,168.0,192.0,169.0
1681.0,387.0,391.0,399.0,157.0,182.0,165.0
1546.0,369.0,352.0,377.0,151.0,149.0,148.0
1497.0,337.0,380.0,355.0,147.0,145.0,133.0
1630.0,395.0,375.0,364.0,174.0,165.0,157.0
1785.0,419.0,396.0,419.0,200.0,170.0,181.0
1904.0,438.0,477.0,429.0,199.0,170.0,191.0
1704.0,363.0,420.0,407.0,171.0,163.0,180.0
1662.0,372.0,359.0,424.0,157.0,175.0,175.0
1568.0,366.0,350.0,386.0,144.0,169.0,153.0
1583.0,377.0,380.0,355.0,150.0,167.0,154.0
1665.0,399.0,415.0,360.0,163.0,173.0,155.0
1792.0,429.0,377.0,435.0,189.0,182.0,180.0
1832.0,395.0,419.0,463.0,207.0,180.0,168.0
1747.0,395.0,393.0,432.0,189.0,171.0,167.0
1591.0,390.0,372.0,374.0,157.0,142.0,156.0
1623.0,400.0,389.0,380.0,150.0,143.0,161.0
1554.0,363.0,384.0,335.0,148.0,156.0,168.0
1663.0,368.0,381.0,408.0,141.0,174.0,191.0
1855.0,478.0,381.0,421.0,180.0,199.0,196.0
1886.0,418.0,445.0,444.0,200.0,191.0,188.0
1789.0,383.0,425.0,430.0,194.0,178.0,179.0
1695.0,426.0,397.0,390.0,155.0,170.0,157.0
1512.0,371.0,373.0,302.0,158.0,151.0,157.0
1539.0,348.0,371.0,363.0,152.0,152.0,153.0
1684.0,404.0,405.0,394.0,166.0,159.0,156.0
1856.0,456.0,425.0,421.0,173.0,191.0,190.0
1865.0,447.0,429.0,446.0,177.0,183.0,183.0
1676.0,376.0,377.0,384.0,170.0,184.0,185.0
1677.0,435.0,360.0,368.0,169.0,169.0,176.0
1594.0,392.0,404.0,334.0,152.0,146.0,166.0
1621.0,351.0,391.0,390.0,161.0,158.0,170.0
1709.0,388.0,407.0,409.0,172.0,160.0,173.0
1859.0,430.0,416.0,466.0,176.0,181.0,190.0
1856.0,432.0,434.0,438.0,193.0,180.0,179.0
1779.0,394.0,448.0,391.0,188.0,184.0,174.0
1739.0,391.0,405.0,415.0,188.0,177.0,163.0
1608.0,394.0,389.0,349.0,158.0,163.0,155.0
1617.0,366.0,416.0,354.0,152.0,171.0,158.0
1673.0,399.0,349.0,394.0,177.0,170.0,184.0
1892.0,463.0,435.0,439.0,180.0,186.0,189.0
1914.0,457.0,456.0,450.0,177.0,186.0,188.0
1729.0,391.0,425.0,379.0,170.0,181.0,183.0
1683.0,397.0,380.0,406.0,173.0,171.0,156.0
1627.0,398.0,351.0,404.0,169.0,169.0,136.0
1772.0,377.0,448.0,467.0,167.0,165.0,148.0
1811.0,413.0,420.0,455.0,179.0,191.0,153.0
1897.0,474.0,438.0,452.0,171.0,189.0,173.0
1851.0,418.0,424.0,438.0,180.0,189.0,202.0
1814.0,384.0,426.0,445.0,184.0,184.0,191.0
1711.0,398.0,421.0,389.0,172.0,164.0,167.0
1672.0,389.0,400.0,395.0,165.0,160.0,163.0
1673.0,352.0,404.0,416.0,177.0,167.0,157.0
1715.0,407.0,395.0,382.0,171.0,179.0,181.0
1853.0,440.0,452.0,415.0,167.0,181.0,198.0
1841.0,427.0,434.0,427.0,189.0,188.0,176.0
1814.0,399.0,463.0,412.0,179.0,181.0,180.0
1767.0,421.0,403.0,421.0,170.0,177.0,175.0
1708.0,405.0,375.0,431.0,162.0,167.0,168.0
1690.0,366.0,390.0,416.0,171.0,174.0,173.0
1791.0,416.0,429.0,413.0,180.0,168.0,185.0
1889.0,452.0,416.0,438.0,199.0,179.0,205.0
1912.0,455.0,434.0,423.0,195.0,199.0,206.0
1829.0,420.0,410.0,443.0,191.0,195.0,170.0
1716.0,446.0,387.0,386.0,168.0,170.0,159.0
1698.0,372.0,407.0,416.0,167.0,173.0,163.0
1665.0,382.0,397.0,374.0,177.0,173.0,162.0
1782.0,427.0,418.0,414.0,179.0,169.0,175.0
1901.0,458.0,420.0,432.0,202.0,190.0,199.0
1964.0,459.0,464.0,478.0,180.0,188.0,195.0
1818.0,395.0,454.0,428.0,167.0,173.0,201.0
1812.0,460.0,414.0,420.0,162.0,173.0,183.0
1645.0,374.0,358.0,409.0,150.0,165.0,189.0
1698.0,390.0,398.0,392.0,164.0,189.0,165.0
1779.0,401.0,417.0,386.0,200.0,187.0,188.0
1945.0,489.0,446.0,455.0,187.0,178.0,190.0
2015.0,443.0,489.0,492.0,200.0,207.0,184.0
1824.0,428.0,410.0,445.0,195.0,176.0,170.0
1781.0,426.0,380.0,438.0,169.0,169.0,199.0
1658.0,416.0,396.0,357.0,163.0,162.0,164.0
1661.0,376.0,391.0,373.0,175.0,170.0,176.0
1821.0,371.0,418.0,452.0,191.0,200.0,189.0
1935.0,458.0,407.0,460.0,199.0,200.0,211.0
1949.0,459.0,416.0,460.0,211.0,199.0,204.0
1919.0,420.0,448.0,470.0,189.0,195.0,197.0
1798.0,440.0,426.0,418.0,166.0,176.0,172.0
1716.0,418.0,417.0,395.0,155.0,171.0,160.0
1667.0,382.0,418.0,380.0,171.0,163.0,153.0
1762.0,401.0,420.0,427.0,172.0,170.0,172.0
2010.0,497.0,471.0,453.0,207.0,193.0,189.0
2023.0,476.0,460.0,487.0,209.0,182.0,209.0
1941.0,431.0,442.0,452.0,200.0,219.0,197.0
1809.0,467.0,400.0,412.0,157.0,186.0,187.0
1685.0,396.0,402.0,358.0,167.0,170.0,192.0
1729.0,368.0,427.0,416.0,179.0,172.0,167.0
1893.0,431.0,447.0,450.0,187.0,186.0,192.0
1995.0,497.0,455.0,471.0,204.0,184.0,184.0
1944.0,439.0,432.0,483.0,202.0,200.0,188.0
1912.0,471.0,417.0,437.0,201.0,191.0,195.0
1788.0,415.0,413.0,413.0,167.0,189.0,191.0
1731.0,425.0,414.0,379.0,170.0,176.0,167.0
1775.0,400.0,408.0,409.0,180.0,200.0,178.0
1855.0,433.0,414.0,446.0,181.0,191.0,190.0
1997.0,500.0,461.0,462.0,196.0,191.0,187.0
2041.0,435.0,516.0,473.0,197.0,197.0,223.0
1962.0,463.0,471.0,449.0,199.0,181.0,199.0
1768.0,436.0,411.0,394.0,167.0,170.0,190.0
1736.0,401.0,383.0,449.0,166.0,172.0,165.0
1742.0,410.0,373.0,428.0,178.0,182.0,171.0
1882.0,459.0,465.0,424.0,171.0,185.0,178.0
2020.0,498.0,483.0,444.0,193.0,204.0,198.0
2039.0,501.0,469.0,437.0,218.0,216.0,198.0
1901.0,460.0,421.0,442.0,204.0,190.0,184.0
1853.0,463.0,409.0,409.0,207.0,178.0,187.0
1745.0,408.0,401.0,414.0,176.0,173.0,173.0
1767.0,395.0,423.0,439.0,166.0,174.0,170.0
1945.0,452.0,482.0,458.0,176.0,194.0,183.0
1972.0,484.0,457.0,443.0,190.0,207.0,191.0
2045.0,473.0,512.0,442.0,203.0,207.0,208.0
1968.0,454.0,463.0,473.0,199.0,197.0,182.0
1885.0,456.0,439.0,430.0,191.0,186.0,183.0
1771.0,416.0,416.0,395.0,183.0,188.0,173.0
1809.0,392.0,421.0,452.0,188.0,172.0,184.0
1874.0,433.0,419.0,439.0,193.0,186.0,204.0
2019.0,473.0,480.0,455.0,208.0,201.0,202.0
2079.0,496.0,507.0,455.0,202.0,203.0,216.0
2001.0,447.0,478.0,458.0,208.0,201.0,209.0
1869.0,461.0,405.0,452.0,178.0,191.0,182.0
1775.0,398.0,404.0,425.0,188.0,182.0,178.0
1774.0,370.0,414.0,444.0,189.0,181.0,176.0
1891.0,429.0,450.0,451.0,192.0,186.0,183.0
2003.0,517.0,450.0,432.0,195.0,202.0,207.0
2058.0,497.0,502.0,468.0,204.0,197.0,190.0
2006.0,458.0,497.0,477.0,197.0,178.0,199.0
1903.0,436.0,457.0,447.0,184.0,189.0,190.0
1856.0,423.0,445.0,441.0,196.0,174.0,177.0
1817.0,401.0,421.0,444.0,185.0,187.0,179.0
1885.0,447.0,442.0,417.0,197.0,191.0,191.0
2035.0,453.0,502.0,471.0,197.0,213.0,199.0
2085.0,465.0,519.0,475.0,204.0,219.0,203.0
1980.0,449.0,468.0,480.0,198.0,188.0,197.0
1895.0,479.0,409.0,463.0,190.0,172.0,182.0
1815.0,432.0,407.0,445.0,186.0,170.0,175.0
1881.0,435.0,442.0,423.0,194.0,188.0,199.0
1995.0,447.0,494.0,444.0,201.0,197.0,212.0
2074.0,496.0,470.0,481.0,206.0,204.0,217.0
2010.0,411.0,468.0,506.0,204.0,209.0,212.0
2033.0,465.0,484.0,485.0,190.0,207.0,202.0
1931.0,467.0,447.0,451.0,180.0,190.0,196.0
1889.0,461.0,454.0,428.0,179.0,176.0,191.0
1747.0,400.0,404.0,400.0,185.0,173.0,185.0
1889.0,460.0,434.0,425.0,193.0,187.0,190.0
2102.0,493.0,477.0,512.0,218.0,198.0,204.0
2167.0,465.0,534.0,526.0,215.0,211.0,216.0
2011.0,450.0,493.0,464.0,197.0,206.0,201.0
1875.0,452.0,416.0,426.0,189.0,196.0,196.0
1835.0,459.0,387.0,427.0,176.0,200.0,186.0
1873.0,418.0,466.0,422.0,182.0,191.0,194.0
2011.0,446.0,485.0,479.0,206.0,201.0,194.0
2158.0,507.0,492.0,524.0,228.0,200.0,207.0
2140.0,491.0,501.0,519.0,226.0,196.0,207.0
1964.0,456.0,452.0,464.0,216.0,182.0,194.0
1956.0,482.0,452.0,466.0,178.0,185.0,193.0
1804.0,403.0,434.0,418.0,179.0,186.0,184.0
1882.0,416.0,451.0,453.0,172.0,198.0,192.0
1958.0,475.0,431.0,472.0,187.0,207.0,186.0
2164.0,487.0,483.0,531.0,230.0,211.0,222.0
2209.0,500.0,520.0,531.0,216.0,211.0,231.0
2090.0,491.0,495.0,471.0,215.0,205.0,213.0
1994.0,476.0,473.0,476.0,187.0,191.0,191.0
1775.0,413.0,409.0,431.0,174.0,166.0,182.0
1814.0,410.0,420.0,453.0,176.0,166.0,189.0
2027.0,490.0,474.0,458.0,209.0,202.0,194.0
2201.0,517.0,526.0,522.0,205.0,226.0,205.0
2143.0,491.0,507.0,473.0,221.0,231.0,220.0
2045.0,473.0,457.0,500.0,204.0,209.0,202.0
1928.0,480.0,417.0,444.0,184.0,197.0,206.0
1924.0,435.0,442.0,480.0,201.0,169.0,197.0
1917.0,421.0,441.0,480.0,179.0,204.0,192.0
2022.0,474.0,491.0,459.0,197.0,195.0,206.0
2084.0,509.0,454.0,484.0,207.0,209.0,221.0
2123.0,494.0,494.0,498.0,212.0,221.0,204.0
2141.0,499.0,492.0,499.0,224.0,228.0,199.0
2005.0,454.0,470.0,484.0,196.0,205.0,196.0
1960.0,482.0,442.0,453.0,188.0,189.0,206.0
1919.0,460.0,439.0,435.0,192.0,198.0,195.0
1962.0,440.0,464.0,468.0,190.0,187.0,213.0
2147.0,518.0,488.0,471.0,211.0,222.0,237.0
2155.0,509.0,546.0,463.0,216.0,202.0,219.0
2074.0,468.0,478.0,484.0,221.0,221.0,202.0
1988.0,460.0,438.0,484.0,202.0,210.0,194.0
1916.0,446.0,442.0,451.0,195.0,202.0,180.0
1889.0,446.0,459.0,434.0,178.0,197.0,175.0
1990.0,469.0,478.0,459.0,194.0,208.0,182.0
2173.0,560.0,495.0,493.0,204.0,209.0,212.0
2189.0,511.0,487.0,535.0,215.0,216.0,225.0
2101.0,477.0,510.0,497.0,204.0,208.0,205.0
2054.0,502.0,451.0,498.0,209.0,188.0,206.0
1997.0,466.0,481.0,464.0,194.0,189.0,203.0
1903.0,442.0,426.0,432.0,218.0,196.0,189.0
1980.0,474.0,453.0,446.0,202.0,205.0,200.0
2209.0,561.0,513.0,503.0,211.0,200.0,221.0
2229.0,522.0,515.0,523.0,222.0,237.0,210.0
2128.0,480.0,510.0,512.0,215.0,214.0,197.0
1963.0,456.0,459.0,453.0,208.0,191.0,196.0
1865.0,460.0,411.0,424.0,197.0,184.0,189.0
1945.0,422.0,485.0,426.0,216.0,192.0,204.0
2050.0,457.0,499.0,475.0,202.0,207.0,210.0
2249.0,524.0,552.0,512.0,204.0,227.0,230.0
2198.0,518.0,474.0,530.0,216.0,239.0,221.0
2195.0,508.0,500.0,521.0,213.0,222.0,231.0
2021.0,489.0,467.0,471.0,197.0,203.0,194.0
1928.0,478.0,470.0,415.0,202.0,191.0,172.0
1925.0,421.0,491.0,447.0,200.0,179.0,187.0
2083.0,489.0,495.0,496.0,203.0,203.0,197.0
2263.0,536.0,521.0,550.0,221.0,213.0,222.0
2254.0,529.0,536.0,533.0,222.0,212.0,222.0
2171.0,493.0,517.0,510.0,211.0,223.0,217.0
2078.0,504.0,477.0,478.0,191.0,218.0,210.0
1931.0,455.0,435.0,423.0,199.0,210.0,209.0
1952.0,455.0,429.0,446.0,207.0,212.0,203.0
2131.0,498.0,511.0,483.0,215.0,219.0,205.0
2263.0,513.0,549.0,543.0,216.0,220.0,222.0
2269.0,520.0,538.0,549.0,228.0,224.0,210.0
2087.0,486.0,485.0,507.0,204.0,205.0,200.0
1973.0,460.0,451.0,463.0,205.0,202.0,192.0
1944.0,484.0,457.0,422.0,181.0,198.0,202.0
2023.0,443.0,480.0,494.0,210.0,197.0,199.0
2183.0,481.0,510.0,535.0,228.0,217.0,212.0
2276.0,534.0,520.0,532.0,228.0,223.0,239.0
2226.0,525.0,488.0,514.0,229.0,232.0,238.0
2174.0,525.0,520.0,491.0,206.0,214.0,218.0
2048.0,490.0,500.0,453.0,202.0,195.0,208.0
1994.0,479.0,471.0,467.0,195.0,187.0,195.0
2003.0,476.0,434.0,485.0,207.0,204.0,197.0
2162.0,507.0,489.0,517.0,230.0,218.0,201.0
2312.0,565.0,531.0,532.0,227.0,226.0,231.0
2278.0,516.0,558.0,502.0,239.0,233.0,230.0
2167.0,512.0,519.0,476.0,210.0,233.0,217.0
2072.0,497.0,479.0,477.0,186.0,220.0,213.0
2039.0,494.0,483.0,483.0,185.0,191.0,203.0
2003.0,438.0,493.0,481.0,189.0,189.0,213.0
2103.0,486.0,527.0,462.0,220.0,195.0,213.0
2330.0,570.0,545.0,516.0,249.0,230.0,220.0
2241.0,526.0,505.0,520.0,238.0,233.0,219.0
2197.0,496.0,499.0,528.0,232.0,219.0,223.0
2140.0,504.0,500.0,505.0,213.0,217.0,201.0
2032.0,464.0,479.0,495.0,197.0,197.0,200.0
2089.0,482.0,500.0,485.0,202.0,220.0,200.0
2138.0,482.0,487.0,499.0,228.0,219.0,223.0
2225.0,546.0,502.0,502.0,221.0,218.0,236.0
2302.0,535.0,521.0,537.0,238.0,230.0,241.0
2279.0,504.0,581.0,540.0,223.0,200.0,231.0
2153.0,493.0,487.0,564.0,205.0,210.0,194.0
2017.0,465.0,472.0,476.0,204.0,208.0,192.0
2077.0,470.0,487.0,536.0,190.0,202.0,192.0
2183.0,489.0,554.0,479.0,218.0,230.0,213.0
2319.0,563.0,545.0,520.0,229.0,235.0,227.0
2236.0,508.0,493.0,531.0,244.0,224.0,236.0
2212.0,500.0,484.0,549.0,243.0,220.0,216.0
2166.0,505.0,484.0,519.0,227.0,211.0,220.0
2016.0,459.0,480.0,470.0,206.0,193.0,208.0
2060.0,479.0,506.0,454.0,207.0,205.0,209.0
2128.0,508.0,490.0,479.0,218.0,211.0,222.0
2328.0,541.0,558.0,544.0,232.0,233.0,220.0
2220.0,510.0,534.0,504.0,227.0,225.0,220.0
2213.0,484.0,550.0,517.0,232.0,228.0,202.0
2183.0,513.0,480.0,510.0,236.0,221.0,223.0
2042.0,466.0,485.0,495.0,201.0,197.0,198.0
1974.0,442.0,440.0,475.0,204.0,200.0,213.0
2173.0,509.0,517.0,500.0,210.0,215.0,222.0
2396.0,602.0,558.0,558.0,219.0,229.0,230.0
2345.0,546.0,533.0,567.0,230.0,226.0,243.0
2268.0,530.0,501.0,548.0,227.0,240.0,222.0
2112.0,517.0,491.0,474.0,212.0,217.0,201.0
2042.0,503.0,474.0,446.0,215.0,212.0,192.0
2054.0,450.0,519.0,460.0,215.0,213.0,197.0
2207.0,510.0,514.0,523.0,228.0,228.0,204.0
2318.0,565.0,532.0,544.0,229.0,217.0,231.0
2318.0,544.0,527.0,572.0,225.0,221.0,229.0
2274.0,515.0,554.0,525.0,226.0,218.0,236.0
2112.0,503.0,511.0,473.0,201.0,207.0,217.0
2053.0,488.0,466.0,472.0,207.0,199.0,221.0
2097.0,463.0,483.0,474.0,213.0,230.0,234.0
2218.0,477.0,526.0,539.0,222.0,234.0,220.0
2340.0,544.0,544.0,568.0,215.0,235.0,234.0
2406.0,557.0,572.0,576.0,240.0,237.0,224.0
2324.0,553.0,533.0,537.0,237.0,232.0,232.0
2200.0,553.0,506.0,480.0,236.0,228.0,197.0
2085.0,499.0,467.0,494.0,221.0,201.0,203.0
2125.0,493.0,490.0,500.0,222.0,208.0,212.0
2343.0,540.0,528.0,570.0,236.0,232.0,237.0
2411.0,556.0,563.0,558.0,243.0,241.0,250.0
2316.0,521.0,538.0,548.0,222.0,239.0,248.0
2261.0,527.0,547.0,515.0,217.0,234.0,221.0
2158.0,492.0,518.0,521.0,207.0,208.0,212.0
2078.0,493.0,506.0,470.0,212.0,204.0,193.0
2130.0,495.0,481.0,520.0,231.0,206.0,197.0
2278.0,501.0,506.0,584.0,235.0,227.0,225.0
2399.0,572.0,520.0,587.0,254.0,242.0,224.0
2421.0,574.0,575.0,547.0,231.0,260.0,234.0
2315.0,538.0,541.0,532.0,218.0,248.0,238.0
2249.0,539.0,510.0,533.0,211.0,220.0,236.0
2170.0,519.0,479.0,519.0,210.0,216.0,227.0
2218.0,518.0,510.0,543.0,206.0,215.0,226.0
2298.0,534.0,545.0,534.0,235.0,223.0,227.0
2444.0,599.0,564.0,567.0,250.0,228.0,236.0
2421.0,555.0,595.0,534.0,252.0,229.0,256.0
2295.0,523.0,552.0,512.0,226.0,241.0,241.0
2238.0,535.0,520.0,526.0,214.0,214.0,229.0
2131.0,494.0,495.0,522.0,200.0,213.0,207.0
2194.0,482.0,529.0,515.0,214.0,226.0,228.0
2289.0,524.0,509.0,548.0,232.0,218.0,258.0
2388.0,538.0,561.0,566.0,237.0,236.0,250.0
2402.0,562.0,563.0,552.0,238.0,235.0,252.0
2347.0,513.0,565.0,554.0,244.0,231.0,240.0
2279.0,533.0,561.0,514.0,232.0,219.0,220.0
2179.0,535.0,512.0,505.0,209.0,221.0,197.0
2115.0,484.0,503.0,489.0,217.0,223.0,199.0
2277.0,528.0,536.0,519.0,221.0,237.0,236.0
2436.0,605.0,559.0,536.0,247.0,251.0,238.0
2459.0,571.0,593.0,559.0,265.0,240.0,231.0
2381.0,554.0,536.0,584.0,236.0,234.0,237.0
2219.0,530.0,506.0,535.0,214.0,204.0,230.0
2175.0,526.0,473.0,526.0,207.0,217.0,226.0
2169.0,484.0,511.0,529.0,206.0,218.0,221.0
2219.0,525.0,506.0,509.0,215.0,226.0,238.0
2471.0,596.0,554.0,572.0,258.0,257.0,234.0
2451.0,559.0,562.0,598.0,242.0,253.0,237.0
2371.0,555.0,530.0,561.0,242.0,250.0,233.0
2324.0,584.0,543.0,503.0,228.0,250.0,216.0
2156.0,485.0,494.0,531.0,213.0,219.0,214.0
2118.0,482.0,453.0,534.0,218.0,211.0,220.0
2310.0,565.0,542.0,525.0,220.0,240.0,218.0
2533.0,588.0,616.0,604.0,241.0,239.0,245.0
2513.0,594.0,586.0,556.0,267.0,249.0,261.0
2438.0,531.0,575.0,596.0,244.0,267.0,225.0
2281.0,550.0,512.0,532.0,246.0,222.0,219.0
2130.0,514.0,491.0,469.0,215.0,213.0,228.0
2197.0,502.0,566.0,482.0,199.0,231.0,217.0
2341.0,555.0,544.0,546.0,228.0,239.0,229.0
2477.0,571.0,585.0,607.0,244.0,226.0,244.0
2444.0,557.0,543.0,616.0,250.0,234.0,244.0
2423.0,575.0,536.0,568.0,252.0,246.0,246.0
2359.0,555.0,561.0,543.0,235.0,226.0,239.0
2212.0,524.0,512.0,492.0,224.0,231.0,229.0
2215.0,503.0,517.0,505.0,222.0,235.0,233.0
2362.0,560.0,526.0,569.0,237.0,238.0,232.0
2510.0,574.0,574.0,614.0,246.0,254.0,248.0
2485.0,558.0,585.0,589.0,245.0,260.0,248.0
2439.0,575.0,588.0,553.0,257.0,243.0,223.0
2262.0,551.0,511.0,511.0,226.0,230.0,233.0
2246.0,542.0,500.0,513.0,237.0,216.0,238.0
2198.0,497.0,514.0,501.0,235.0,220.0,231.0
2474.0,578.0,548.0,603.0,249.0,250.0,246.0
2523.0,605.0,570.0,600.0,240.0,256.0,252.0
2531.0,591.0,571.0,595.0,250.0,256.0,268.0
2406.0,567.0,511.0,587.0,239.0,252.0,250.0
2353.0,536.0,575.0,544.0,247.0,234.0,217.0
2260.0,496.0,554.0,554.0,220.0,224.0,212.0
2259.0,492.0,547.0,543.0,237.0,220.0,220.0
2435.0,584.0,575.0,570.0,238.0,231.0,237.0
2466.0,623.0,525.0,591.0,249.0,231.0,247.0
2510.0,577.0,603.0,550.0,254.0,261.0,265.0
2408.0,554.0,563.0,540.0,247.0,242.0,262.0
2393.0,576.0,558.0,534.0,240.0,243.0,242.0
2261.0,532.0,514.0,522.0,237.0,223.0,233.0
2218.0,489.0,485.0,564.0,229.0,226.0,225.0
2419.0,584.0,575.0,543.0,242.0,232.0,243.0
2539.0,612.0,623.0,584.0,239.0,245.0,236.0
2458.0,543.0,608.0,564.0,248.0,254.0,241.0
2396.0,553.0,562.0,556.0,240.0,243.0,242.0
2375.0,563.0,534.0,577.0,234.0,231.0,236.0
2261.0,543.0,507.0,539.0,227.0,228.0,217.0
2348.0,524.0,555.0,567.0,230.0,242.0,230.0
2411.0,551.0,580.0,548.0,245.0,248.0,239.0
2531.0,610.0,584.0,583.0,235.0,262.0,257.0
2544.0,594.0,610.0,569.0,250.0,252.0,269.0
2449.0,564.0,593.0,554.0,246.0,245.0,247.0
2356.0,557.0,550.0,550.0,239.0,224.0,236.0
2297.0,559.0,539.0,534.0,234.0,216.0,215.0
2269.0,505.0,535.0,540.0,239.0,241.0,209.0
2390.0,557.0,542.0,550.0,264.0,235.0,242.0
2539.0,575.0,613.0,590.0,253.0,266.0,242.0
2602.0,600.0,630.0,585.0,266.0,267.0,254.0
2515.0,582.0,571.0,594.0,254.0,257.0,257.0
2382.0,575.0,549.0,560.0,224.0,236.0,238.0
2346.0,560.0,543.0,557.0,222.0,221.0,243.0
2293.0,535.0,534.0,539.0,226.0,218.0,241.0
2452.0,575.0,585.0,568.0,244.0,240.0,240.0
2550.0,622.0,608.0,567.0,256.0,247.0,250.0
2583.0,594.0,591.0,632.0,252.0,266.0,248.0
2530.0,593.0,591.0,598.0,251.0,251.0,246.0
2397.0,564.0,560.0,577.0,217.0,253.0,226.0
2265.0,520.0,532.0,517.0,221.0,228.0,247.0
2334.0,542.0,542.0,534.0,231.0,229.0,256.0
2450.0,604.0,518.0,556.0,258.0,247.0,267.0
2548.0,599.0,597.0,590.0,264.0,245.0,253.0
2628.0,597.0,648.0,603.0,247.0,266.0,267.0
2593.0,568.0,615.0,635.0,267.0,251.0,257.0
2403.0,570.0,549.0,563.0,229.0,245.0,247.0
2271.0,548.0,510.0,531.0,218.0,238.0,226.0
2258.0,508.0,543.0,490.0,231.0,245.0,241.0
2511.0,576.0,633.0,568.0,244.0,249.0,241.0
2624.0,597.0,632.0,630.0,258.0,246.0,261.0
2600.0,593.0,601.0,616.0,274.0,249.0,267.0
2501.0,560.0,571.0,585.0,262.0,261.0,262.0
2375.0,556.0,562.0,549.0,244.0,228.0,236.0
2316.0,520.0,592.0,511.0,225.0,222.0,246.0
2342.0,554.0,543.0,532.0,228.0,248.0,237.0
2459.0,590.0,558.0,576.0,243.0,251.0,241.0
2581.0,591.0,581.0,630.0,246.0,268.0,265.0
2613.0,597.0,614.0,610.0,269.0,266.0,257.0
2566.0,569.0,617.0,605.0,257.0,252.0,266.0
2448.0,569.0,611.0,523.0,270.0,236.0,239.0
2304.0,528.0,547.0,544.0,230.0,222.0,233.0
2346.0,552.0,511.0,573.0,232.0,236.0,242.0
2483.0,577.0,561.0,571.0,252.0,253.0,269.0
2648.0,637.0,624.0,620.0,251.0,259.0,257.0
2639.0,621.0,627.0,600.0,267.0,260.0,264.0
2548.0,611.0,593.0,567.0,272.0,265.0,240.0
2414.0,551.0,542.0,577.0,254.0,249.0,241.0
2399.0,591.0,552.0,559.0,239.0,235.0,223.0
2366.0,562.0,554.0,559.0,238.0,224.0,229.0
2475.0,594.0,570.0,580.0,238.0,246.0,247.0
2683.0,679.0,602.0,628.0,257.0,262.0,255.0
2632.0,617.0,625.0,597.0,275.0,253.0,265.0
2548.0,603.0,586.0,593.0,249.0,259.0,258.0
2532.0,574.0,610.0,588.0,254.0,252.0,254.0
2421.0,581.0,551.0,568.0,241.0,241.0,239.0
2397.0,548.0,531.0,572.0,239.0,248.0,259.0
2509.0,583.0,592.0,575.0,253.0,258.0,248.0
2661.0,668.0,616.0,607.0,254.0,259.0,257.0
2649.0,611.0,645.0,621.0,257.0,253.0,262.0
2524.0,593.0,604.0,550.0,269.0,258.0,250.0
2444.0,584.0,553.0,581.0,252.0,235.0,239.0
2417.0,551.0,543.0,580.0,241.0,255.0,247.0
2412.0,558.0,586.0,530.0,247.0,252.0,239.0
2552.0,604.0,592.0,589.0,250.0,262.0,255.0
2700.0,648.0,645.0,583.0,259.0,270.0,295.0
2643.0,577.0,625.0,623.0,267.0,273.0,278.0
2623.0,612.0,612.0,640.0,252.0,251.0,256.0
2509.0,590.0,602.0,576.0,250.0,239.0,252.0
2384.0,547.0,580.0,557.0,258.0,219.0,223.0
2425.0,562.0,586.0,562.0,247.0,242.0,226.0
2568.0,609.0,596.0,573.0,280.0,257.0,253.0
2639.0,619.0,619.0,577.0,279.0,286.0,259.0
2768.0,669.0,653.0,632.0,266.0,269.0,279.0
2637.0,576.0,655.0,606.0,262.0,270.0,268.0
2532.0,565.0,605.0,603.0,239.0,258.0,262.0
2409.0,551.0,572.0,544.0,252.0,234.0,256.0
2451.0,577.0,562.0,576.0,254.0,235.0,247.0
2599.0,598.0,643.0,581.0,266.0,252.0,259.0
2670.0,636.0,634.0,591.0,271.0,278.0,260.0
2729.0,626.0,643.0,631.0,273.0,285.0,271.0
2618.0,590.0,608.0,643.0,255.0,266.0,256.0
2523.0,590.0,585.0,594.0,244.0,263.0,247.0
2475.0,564.0,596.0,582.0,249.0,240.0,244.0
2507.0,573.0,603.0,571.0,246.0,252.0,262.0
2549.0,619.0,586.0,578.0,248.0,251.0,267.0
2757.0,631.0,618.0,661.0,291.0,264.0,292.0
2699.0,636.0,623.0,640.0,263.0,270.0,267.0
2751.0,621.0,683.0,623.0,260.0,281.0,283.0
2478.0,582.0,583.0,596.0,233.0,242.0,242.0
2442.0,569.0,567.0,579.0,241.0,252.0,234.0
2397.0,541.0,563.0,554.0,247.0,257.0,235.0
2584.0,583.0,627.0,594.0,274.0,260.0,246.0
2784.0,653.0,643.0,660.0,288.0,277.0,263.0
2757.0,619.0,665.0,652.0,279.0,276.0,266.0
2650.0,618.0,632.0,625.0,261.0,254.0,260.0
2548.0,609.0,586.0,595.0,249.0,246.0,263.0
2417.0,589.0,573.0,539.0,235.0,231.0,250.0
2476.0,557.0,608.0,564.0,242.0,252.0,253.0
2559.0,593.0,589.0,616.0,253.0,249.0,259.0
2780.0,652.0,624.0,672.0,284.0,272.0,276.0
2784.0,639.0,656.0,653.0,289.0,284.0,263.0
2617.0,599.0,636.0,596.0,267.0,268.0,251.0
2484.0,617.0,573.0,575.0,250.0,238.0,231.0
2452.0,598.0,567.0,565.0,233.0,249.0,240.0
2420.0,565.0,563.0,560.0,238.0,245.0,249.0
2688.0,643.0,592.0,638.0,267.0,266.0,282.0
2703.0,647.0,616.0,613.0,273.0,273.0,281.0
2810.0,647.0,641.0,653.0,289.0,294.0,286.0
2687.0,611.0,647.0,602.0,272.0,271.0,284.0
2510.0,614.0,579.0,547.0,257.0,252.0,261.0
2448.0,578.0,527.0,603.0,247.0,246.0,247.0
2525.0,591.0,617.0,598.0,228.0,235.0,256.0
2617.0,618.0,627.0,612.0,250.0,252.0,258.0
2812.0,683.0,641.0,642.0,271.0,285.0,290.0
2720.0,623.0,612.0,627.0,298.0,279.0,281.0
2664.0,611.0,633.0,598.0,275.0,278.0,269.0
2599.0,601.0,602.0,614.0,252.0,259.0,271.0
2489.0,580.0,591.0,582.0,234.0,253.0,249.0
2515.0,561.0,566.0,616.0,254.0,265.0,253.0
2599.0,617.0,562.0,630.0,255.0,272.0,263.0
2792.0,662.0,662.0,630.0,277.0,285.0,276.0
2766.0,644.0,646.0,630.0,291.0,269.0,286.0
2658.0,609.0,633.0,599.0,285.0,273.0,259.0
2590.0,621.0,596.0,602.0,260.0,251.0,260.0
2543.0,613.0,584.0,600.0,254.0,240.0,252.0
2550.0,563.0,581.0,623.0,261.0,253.0,269.0
2703.0,624.0,648.0,631.0,263.0,268.0,269.0
2849.0,664.0,692.0,644.0,276.0,284.0,289.0
2802.0,658.0,656.0,635.0,273.0,281.0,299.0
2714.0,625.0,611.0,640.0,269.0,297.0,272.0
2648.0,623.0,627.0,627.0,265.0,256.0,250.0
2545.0,580.0,590.0,624.0,265.0,249.0,237.0
2540.0,582.0,603.0,591.0,262.0,256.0,246.0
2624.0,609.0,625.0,624.0,255.0,262.0,249.0
2836.0,678.0,642.0,673.0,271.0,301.0,271.0
2772.0,651.0,633.0,628.0,281.0,291.0,288.0
2830.0,628.0,695.0,666.0,275.0,288.0,278.0
2703.0,609.0,631.0,642.0,266.0,278.0,277.0
2572.0,616.0,605.0,583.0,263.0,255.0,250.0
2544.0,595.0,584.0,587.0,262.0,249.0,267.0
2690.0,646.0,659.0,597.0,265.0,266.0,257.0
2864.0,714.0,663.0,653.0,287.0,279.0,268.0
2837.0,653.0,668.0,670.0,285.0,276.0,285.0
2762.0,653.0,631.0,655.0,277.0,273.0,273.0
2653.0,627.0,613.0,628.0,265.0,273.0,247.0
2576.0,613.0,579.0,608.0,270.0,261.0,245.0
2609.0,592.0,636.0,592.0,267.0,262.0,260.0
2719.0,637.0,631.0,627.0,271.0,273.0,280.0
2868.0,684.0,630.0,678.0,289.0,284.0,303.0
2819.0,653.0,658.0,659.0,280.0,279.0,290.0
2746.0,637.0,622.0,669.0,270.0,285.0,263.0
2671.0,641.0,646.0,602.0,251.0,269.0,262.0
2576.0,638.0,587.0,578.0,257.0,268.0,248.0
2545.0,574.0,598.0,597.0,254.0,278.0,244.0
2682.0,603.0,632.0,658.0,271.0,259.0,259.0
2881.0,671.0,727.0,623.0,286.0,294.0,280.0
2869.0,666.0,642.0,699.0,277.0,290.0,295.0
2726.0,641.0,636.0,634.0,265.0,265.0,285.0
2680.0,637.0,639.0,611.0,250.0,268.0,275.0
2562.0,628.0,571.0,599.0,255.0,244.0,265.0
2577.0,607.0,614.0,576.0,263.0,261.0,256.0
2762.0,639.0,651.0,641.0,286.0,269.0,276.0
2867.0,671.0,649.0,687.0,302.0,285.0,273.0
2899.0,659.0,690.0,672.0,287.0,288.0,303.0
2748.0,636.0,648.0,623.0,274.0,282.0,285.0
2672.0,637.0,632.0,610.0,260.0,266.0,267.0
2573.0,586.0,646.0,577.0,259.0,248.0,257.0
2616.0,589.0,602.0,625.0,265.0,253.0,282.0
2737.0,634.0,622.0,663.0,267.0,265.0,286.0
2872.0,682.0,658.0,664.0,283.0,280.0,305.0
2945.0,663.0,721.0,677.0,295.0,290.0,299.0
2799.0,655.0,663.0,632.0,278.0,283.0,288.0
2679.0,635.0,600.0,628.0,272.0,273.0,271.0
2588.0,610.0,603.0,605.0,252.0,269.0,249.0
2607.0,611.0,597.0,628.0,255.0,266.0,250.0
2777.0,638.0,645.0,664.0,294.0,270.0,266.0
2969.0,694.0,690.0,702.0,298.0,287.0,298.0
2888.0,684.0,665.0,669.0,297.0,290.0,283.0
2807.0,656.0,623.0,674.0,288.0,271.0,295.0
2706.0,647.0,626.0,619.0,259.0,275.0,280.0
2670.0,619.0,611.0,642.0,262.0,269.0,267.0
2716.0,615.0,634.0,653.0,260.0,275.0,279.0
2760.0,650.0,616.0,658.0,278.0,272.0,286.0
2879.0,683.0,651.0,683.0,288.0,288.0,286.0
2937.0,673.0,715.0,670.0,316.0,285.0,278.0
2805.0,631.0,668.0,672.0,276.0,280.0,278.0
2719.0,629.0,642.0,644.0,269.0,268.0,267.0
2591.0,589.0,621.0,614.0,265.0,246.0,256.0
2649.0,596.0,628.0,636.0,268.0,254.0,267.0
2802.0,676.0,666.0,633.0,274.0,273.0,280.0
2914.0,689.0,698.0,630.0,287.0,305.0,305.0
3005.0,696.0,717.0,697.0,305.0,293.0,297.0
2840.0,653.0,646.0,664.0,291.0,299.0,287.0
2763.0,641.0,660.0,651.0,267.0,283.0,261.0
2693.0,651.0,628.0,625.0,265.0,268.0,256.0
2645.0,620.0,617.0,600.0,259.0,267.0,282.0
2774.0,625.0,705.0,630.0,272.0,276.0,266.0
2935.0,719.0,659.0,689.0,290.0,275.0,303.0
2896.0,662.0,683.0,672.0,293.0,289.0,297.0
2975.0,657.0,697.0,690.0,301.0,326.0,304.0
2859.0,669.0,679.0,649.0,289.0,281.0,292.0
2687.0,627.0,615.0,634.0,273.0,266.0,272.0
2683.0,637.0,609.0,631.0,274.0,260.0,272.0
2813.0,672.0,647.0,673.0,265.0,269.0,287.0
2973.0,674.0,747.0,674.0,301.0,278.0,299.0
3005.0,679.0,721.0,721.0,290.0,309.0,285.0
2887.0,666.0,675.0,669.0,293.0,297.0,287.0
2779.0,651.0,634.0,662.0,280.0,281.0,271.0
2729.0,629.0,631.0,631.0,278.0,283.0,277.0
2774.0,631.0,676.0,647.0,270.0,274.0,276.0
2845.0,667.0,676.0,640.0,280.0,283.0,299.0
2934.0,692.0,678.0,680.0,286.0,295.0,303.0
2907.0,689.0,666.0,689.0,284.0,284.0,295.0
2863.0,654.0,660.0,667.0,307.0,277.0,298.0
2773.0,640.0,676.0,634.0,276.0,273.0,274.0
2658.0,615.0,652.0,593.0,281.0,262.0,255.0
2716.0,625.0,646.0,615.0,289.0,277.0,264.0
2850.0,667.0,681.0,642.0,291.0,302.0,267.0
3016.0,711.0,683.0,731.0,289.0,292.0,310.0
3033.0,674.0,735.0,726.0,302.0,307.0,289.0
2946.0,665.0,704.0,705.0,298.0,283.0,291.0
2802.0,649.0,640.0,641.0,279.0,297.0,296.0
2676.0,625.0,607.0,619.0,279.0,269.0,277.0
2698.0,621.0,632.0,604.0,287.0,272.0,282.0
2869.0,643.0,685.0,669.0,304.0,292.0,276.0
3038.0,724.0,724.0,680.0,298.0,306.0,306.0
3050.0,743.0,716.0,690.0,294.0,303.0,304.0
2923.0,679.0,673.0,679.0,283.0,309.0,300.0
2800.0,651.0,672.0,633.0,279.0,287.0,278.0
2751.0,638.0,656.0,629.0,286.0,279.0,263.0
2751.0,601.0,664.0,659.0,286.0,266.0,275.0
2893.0,666.0,661.0,687.0,299.0,290.0,290.0
3117.0,726.0,718.0,767.0,296.0,298.0,312.0
3037.0,710.0,737.0,696.0,303.0,285.0,306.0
2895.0,654.0,695.0,688.0,270.0,296.0,292.0
2866.0,680.0,685.0,646.0,288.0,280.0,287.0
2741.0,666.0,630.0,638.0,273.0,275.0,259.0
2809.0,664.0,629.0,685.0,282.0,281.0,268.0
2946.0,663.0,691.0,711.0,303.0,298.0,280.0
3008.0,708.0,726.0,695.0,296.0,288.0,295.0
3005.0,702.0,719.0,691.0,295.0,301.0,297.0
2859.0,624.0,673.0,688.0,282.0,292.0,300.0
2815.0,666.0,645.0,662.0,268.0,282.0,292.0
2759.0,648.0,626.0,634.0,277.0,292.0,282.0
2791.0,624.0,656.0,663.0,283.0,283.0,282.0
2875.0,649.0,681.0,680.0,291.0,284.0,290.0
3032.0,716.0,704.0,683.0,319.0,312.0,298.0
3043.0,690.0,726.0,705.0,321.0,309.0,292.0
2933.0,692.0,705.0,663.0,291.0,297.0,285.0
2828.0,661.0,660.0,675.0,279.0,266.0,287.0
2809.0,649.0,636.0,701.0,268.0,274.0,281.0
2771.0,629.0,643.0,675.0,280.0,264.0,280.0
2867.0,692.0,660.0,655.0,293.0,280.0,287.0
3015.0,682.0,699.0,676.0,323.0,318.0,317.0
3101.0,707.0,733.0,706.0,326.0,313.0,316.0
2990.0,698.0,699.0,706.0,296.0,307.0,284.0
2897.0,677.0,660.0,696.0,285.0,295.0,284.0
2740.0,631.0,623.0,674.0,265.0,268.0,279.0
2825.0,648.0,668.0,663.0,277.0,278.0,291.0
2930.0,689.0,711.0,662.0,299.0,284.0,285.0
3044.0,724.0,722.0,669.0,323.0,305.0,301.0
3057.0,691.0,723.0,727.0,312.0,299.0,305.0
3033.0,676.0,704.0,736.0,308.0,298.0,311.0
2917.0,678.0,684.0,696.0,276.0,284.0,299.0
2899.0,647.0,708.0,695.0,279.0,293.0,277.0
2791.0,607.0,655.0,679.0,280.0,286.0,284.0
2924.0,672.0,697.0,684.0,294.0,287.0,290.0
3021.0,732.0,700.0,679.0,312.0,286.0,312.0
3127.0,707.0,758.0,730.0,319.0,304.0,309.0
3005.0,687.0,690.0,739.0,304.0,294.0,291.0
2910.0,690.0,681.0,676.0,287.0,289.0,287.0
2820.0,681.0,627.0,667.0,282.0,274.0,289.0
2822.0,684.0,652.0,652.0,273.0,279.0,282.0
3010.0,706.0,703.0,688.0,306.0,307.0,300.0
3080.0,710.0,720.0,717.0,304.0,307.0,322.0
3053.0,673.0,671.0,753.0,324.0,308.0,324.0
3082.0,691.0,723.0,754.0,311.0,301.0,302.0
2919.0,692.0,668.0,689.0,303.0,278.0,289.0
2774.0,646.0,651.0,654.0,280.0,269.0,274.0
2891.0,655.0,700.0,676.0,297.0,289.0,274.0
2964.0,679.0,712.0,686.0,297.0,293.0,297.0
3111.0,744.0,701.0,737.0,308.0,324.0,297.0
3166.0,718.0,728.0,757.0,325.0,312.0,326.0
3055.0,704.0,706.0,709.0,317.0,307.0,312.0
2923.0,660.0,693.0,676.0,302.0,292.0,300.0
2758.0,662.0,632.0,612.0,288.0,277.0,287.0
2834.0,651.0,689.0,638.0,289.0,276.0,291.0
2918.0,668.0,693.0,703.0,291.0,276.0,287.0
3178.0,775.0,751.0,737.0,302.0,314.0,299.0
3097.0,713.0,722.0,735.0,307.0,311.0,309.0
3066.0,724.0,689.0,714.0,318.0,313.0,308.0
2930.0,687.0,676.0,682.0,291.0,307.0,287.0
2864.0,670.0,652.0,670.0,297.0,295.0,280.0
2958.0,676.0,705.0,686.0,300.0,302.0,289.0
3037.0,707.0,692.0,725.0,300.0,302.0,311.0
3121.0,749.0,719.0,714.0,313.0,310.0,316.0
3096.0,733.0,706.0,718.0,302.0,309.0,328.0
3043.0,676.0,737.0,702.0,308.0,307.0,313.0
2947.0,694.0,679.0,687.0,300.0,295.0,292.0
2840.0,658.0,669.0,656.0,291.0,279.0,287.0
2862.0,662.0,658.0,696.0,291.0,278.0,277.0
2967.0,694.0,657.0,748.0,295.0,297.0,276.0
3188.0,749.0,727.0,771.0,314.0,321.0,306.0
3185.0,730.0,758.0,738.0,323.0,316.0,320.0
3010.0,705.0,701.0,686.0,307.0,303.0,308.0
2940.0,701.0,666.0,695.0,288.0,298.0,292.0
2818.0,665.0,610.0,664.0,295.0,288.0,296.0
2925.0,644.0,692.0,721.0,295.0,287.0,286.0
3054.0,695.0,706.0,713.0,312.0,323.0,305.0
3188.0,772.0,713.0,735.0,329.0,323.0,316.0
3125.0,740.0,709.0,725.0,314.0,323.0,314.0
3056.0,719.0,706.0,716.0,302.0,313.0,300.0
3024.0,732.0,695.0,729.0,288.0,291.0,289.0
2862.0,660.0,694.0,673.0,283.0,271.0,281.0
2914.0,673.0,693.0,694.0,284.0,280.0,290.0
3033.0,691.0,700.0,724.0,315.0,295.0,308.0
3198.0,753.0,731.0,748.0,328.0,311.0,327.0
3224.0,746.0,781.0,733.0,316.0,331.0,317.0
3121.0,743.0,725.0,715.0,299.0,319.0,320.0
3008.0,698.0,684.0,701.0,299.0,317.0,309.0
2844.0,682.0,605.0,696.0,283.0,298.0,280.0
2946.0,688.0,680.0,687.0,299.0,297.0,295.0
3018.0,686.0,719.0,695.0,320.0,300.0,298.0
3258.0,767.0,776.0,746.0,339.0,310.0,320.0
3201.0,735.0,732.0,745.0,329.0,327.0,333.0
3050.0,698.0,699.0,723.0,305.0,313.0,312.0
3070.0,717.0,739.0,702.0,298.0,312.0,302.0
2977.0,701.0,707.0,671.0,287.0,302.0,309.0
2882.0,657.0,688.0,668.0,285.0,292.0,292.0
3012.0,722.0,677.0,701.0,315.0,291.0,306.0
3156.0,765.0,703.0,724.0,333.0,324.0,307.0
3162.0,720.0,770.0,748.0,327.0,302.0,295.0
3171.0,747.0,750.0,749.0,324.0,296.0,305.0
3063.0,735.0,720.0,693.0,302.0,311.0,302.0
2958.0,678.0,680.0,724.0,287.0,292.0,297.0
2917.0,665.0,664.0,683.0,300.0,308.0,297.0
3117.0,735.0,713.0,737.0,284.0,330.0,318.0
3243.0,757.0,779.0,736.0,319.0,324.0,328.0
3224.0,715.0,758.0,779.0,330.0,324.0,318.0
3163.0,741.0,716.0,757.0,322.0,322.0,305.0
3005.0,717.0,682.0,720.0,292.0,284.0,310.0
2925.0,727.0,691.0,668.0,288.0,271.0,280.0
2937.0,684.0,737.0,647.0,286.0,288.0,295.0
3136.0,728.0,736.0,724.0,309.0,332.0,307.0
3270.0,816.0,748.0,756.0,323.0,330.0,297.0
3210.0,748.0,726.0,760.0,322.0,325.0,329.0
3128.0,707.0,728.0,714.0,324.0,331.0,324.0
3144.0,729.0,750.0,719.0,314.0,320.0,312.0
2992.0,716.0,699.0,678.0,301.0,288.0,310.0
2922.0,662.0,689.0,698.0,295.0,282.0,296.0
3078.0,709.0,709.0,726.0,309.0,308.0,317.0
3289.0,779.0,791.0,773.0,312.0,312.0,322.0
3242.0,697.0,785.0,801.0,317.0,322.0,320.0
3193.0,711.0,738.0,767.0,326.0,338.0,313.0
3052.0,739.0,687.0,692.0,310.0,316.0,308.0
2956.0,694.0,681.0,665.0,305.0,327.0,284.0
2961.0,654.0,727.0,690.0,298.0,288.0,304.0
3189.0,765.0,758.0,752.0,306.0,298.0,310.0
3248.0,749.0,764.0,779.0,311.0,312.0,333.0
3276.0,748.0,781.0,772.0,320.0,319.0,336.0
3170.0,724.0,745.0,754.0,303.0,317.0,327.0
3076.0,730.0,729.0,703.0,314.0,296.0,304.0
3061.0,700.0,727.0,714.0,334.0,300.0,286.0
3014.0,686.0,712.0,712.0,301.0,311.0,292.0
3126.0,734.0,685.0,761.0,312.0,320.0,314.0
3221.0,774.0,733.0,763.0,310.0,316.0,325.0
3301.0,761.0,795.0,777.0,318.0,321.0,329.0
3144.0,692.0,778.0,727.0,324.0,310.0,313.0
3084.0,740.0,708.0,693.0,328.0,307.0,308.0
3021.0,687.0,678.0,732.0,308.0,304.0,312.0
2932.0,652.0,681.0,681.0,310.0,307.0,301.0
3217.0,763.0,756.0,744.0,329.0,306.0,319.0
3290.0,758.0,782.0,770.0,325.0,326.0,329.0
3252.0,768.0,776.0,731.0,317.0,332.0,328.0
3152.0,724.0,727.0,732.0,325.0,327.0,317.0
3145.0,725.0,711.0,780.0,317.0,304.0,308.0
3057.0,721.0,739.0,716.0,295.0,295.0,291.0
3027.0,674.0,719.0,731.0,313.0,289.0,301.0
3150.0,744.0,729.0,742.0,318.0,310.0,307.0
3242.0,792.0,721.0,741.0,324.0,334.0,330.0
3312.0,786.0,765.0,761.0,325.0,330.0,345.0
3268.0,736.0,796.0,763.0,323.0,334.0,316.0
3220.0,762.0,762.0,772.0,304.0,307.0,313.0
3047.0,748.0,692.0,697.0,307.0,307.0,296.0
3094.0,728.0,709.0,725.0,315.0,303.0,314.0
3168.0,752.0,745.0,716.0,323.0,323.0,309.0
3381.0,797.0,826.0,775.0,326.0,339.0,318.0
3342.0,821.0,739.0,769.0,336.0,331.0,346.0
3249.0,785.0,743.0,761.0,306.0,322.0,332.0
3067.0,729.0,655.0,742.0,298.0,317.0,326.0
3093.0,735.0,729.0,711.0,299.0,308.0,311.0
3145.0,711.0,763.0,723.0,317.0,327.0,304.0
3192.0,747.0,749.0,725.0,323.0,320.0,328.0
3311.0,794.0,761.0,761.0,348.0,328.0,319.0
3318.0,780.0,774.0,773.0,333.0,323.0,335.0
3286.0,763.0,788.0,783.0,314.0,317.0,321.0
3137.0,751.0,712.0,734.0,314.0,303.0,323.0
3043.0,725.0,708.0,717.0,300.0,291.0,302.0
3077.0,729.0,711.0,697.0,313.0,320.0,307.0
3204.0,756.0,731.0,738.0,330.0,326.0,323.0
3367.0,802.0,771.0,779.0,344.0,336.0,335.0
3411.0,795.0,786.0,823.0,329.0,335.0,343.0
3250.0,780.0,760.0,733.0,315.0,332.0,330.0
3166.0,774.0,725.0,747.0,311.0,305.0,304.0
3076.0,730.0,726.0,716.0,310.0,298.0,296.0
3084.0,709.0,735.0,711.0,316.0,311.0,302.0
3171.0,731.0,753.0,742.0,322.0,317.0,306.0
3364.0,802.0,780.0,787.0,336.0,339.0,320.0
3382.0,765.0,792.0,802.0,340.0,340.0,343.0
3247.0,738.0,752.0,759.0,326.0,342.0,330.0
3186.0,761.0,746.0,715.0,313.0,328.0,323.0
3080.0,727.0,750.0,691.0,294.0,307.0,311.0
3098.0,721.0,715.0,725.0,312.0,307.0,318.0
3185.0,744.0,735.0,774.0,321.0,306.0,305.0
3388.0,823.0,778.0,783.0,347.0,330.0,327.0
3372.0,786.0,814.0,765.0,343.0,325.0,339.0
3325.0,780.0,752.0,781.0,335.0,345.0,332.0
3186.0,772.0,744.0,720.0,322.0,314.0,314.0
3126.0,739.0,703.0,728.0,318.0,331.0,307.0
3099.0,702.0,722.0,731.0,306.0,324.0,314.0
3297.0,759.0,791.0,758.0,321.0,331.0,337.0
3445.0,818.0,808.0,805.0,346.0,337.0,331.0
3439.0,799.0,826.0,779.0,353.0,336.0,346.0
3275.0,740.0,767.0,751.0,330.0,340.0,347.0
3128.0,776.0,706.0,694.0,328.0,321.0,303.0
3091.0,731.0,732.0,694.0,327.0,305.0,302.0
3182.0,729.0,750.0,769.0,309.0,320.0,305.0
3252.0,750.0,754.0,764.0,323.0,344.0,317.0
3413.0,820.0,797.0,781.0,338.0,337.0,340.0
3326.0,777.0,766.0,777.0,328.0,344.0,334.0
3342.0,767.0,803.0,767.0,340.0,323.0,342.0
3174.0,757.0,760.0,694.0,321.0,314.0,328.0
3186.0,735.0,724.0,801.0,308.0,299.0,319.0
3139.0,709.0,716.0,758.0,330.0,314.0,312.0
3318.0,763.0,764.0,803.0,327.0,333.0,328.0
3327.0,783.0,788.0,748.0,329.0,343.0,336.0
3466.0,809.0,840.0,779.0,348.0,350.0,340.0
3274.0,783.0,748.0,755.0,324.0,340.0,324.0
3240.0,757.0,753.0,768.0,319.0,337.0,306.0
3153.0,721.0,738.0,763.0,331.0,303.0,297.0
3171.0,713.0,757.0,740.0,315.0,304.0,342.0
3355.0,786.0,807.0,759.0,328.0,337.0,338.0
3396.0,825.0,778.0,771.0,332.0,341.0,349.0
3440.0,789.0,809.0,817.0,336.0,347.0,342.0
3432.0,792.0,795.0,807.0,344.0,351.0,343.0
3294.0,748.0,780.0,788.0,328.0,333.0,317.0
3177.0,735.0,734.0,747.0,319.0,328.0,314.0
3196.0,737.0,711.0,761.0,335.0,333.0,319.0
3282.0,771.0,748.0,779.0,338.0,318.0,328.0
3409.0,806.0,822.0,767.0,333.0,342.0,339.0
3424.0,755.0,833.0,822.0,343.0,332.0,339.0
3419.0,789.0,798.0,810.0,347.0,343.0,332.0
3328.0,782.0,742.0,814.0,316.0,332.0,342.0
3160.0,717.0,734.0,746.0,323.0,324.0,316.0
3204.0,745.0,778.0,737.0,313.0,323.0,308.0
3348.0,775.0,795.0,743.0,346.0,346.0,343.0
3477.0,826.0,805.0,815.0,349.0,341.0,341.0
3421.0,823.0,771.0,803.0,334.0,347.0,343.0
3334.0,765.0,772.0,806.0,317.0,336.0,338.0
3283.0,791.0,764.0,757.0,320.0,321.0,330.0
3151.0,762.0,742.0,697.0,311.0,312.0,327.0
3236.0,751.0,755.0,742.0,343.0,333.0,312.0
3405.0,807.0,791.0,774.0,349.0,328.0,356.0
3513.0,837.0,825.0,805.0,344.0,354.0,348.0
3542.0,798.0,840.0,853.0,347.0,352.0,352.0
3436.0,816.0,794.0,800.0,323.0,347.0,356.0
3289.0,758.0,769.0,793.0,323.0,318.0,328.0
3212.0,746.0,758.0,750.0,317.0,323.0,318.0
3160.0,719.0,730.0,729.0,332.0,322.0,328.0
3309.0,782.0,785.0,738.0,342.0,337.0,325.0
3477.0,846.0,775.0,819.0,354.0,336.0,347.0
3514.0,832.0,780.0,849.0,341.0,357.0,355.0
3469.0,793.0,815.0,822.0,333.0,347.0,359.0
3363.0,774.0,804.0,796.0,318.0,327.0,344.0
3267.0,749.0,781.0,744.0,326.0,337.0,330.0
3265.0,726.0,773.0,772.0,341.0,322.0,331.0
3343.0,800.0,763.0,791.0,341.0,311.0,337.0
3467.0,813.0,810.0,802.0,358.0,343.0,341.0
3513.0,826.0,816.0,821.0,347.0,353.0,350.0
3442.0,785.0,852.0,801.0,342.0,336.0,326.0
3320.0,789.0,798.0,750.0,322.0,336.0,325.0
3230.0,787.0,759.0,720.0,314.0,334.0,316.0
3208.0,733.0,746.0,771.0,303.0,331.0,324.0
3447.0,819.0,780.0,816.0,349.0,339.0,344.0
3589.0,813.0,860.0,829.0,366.0,353.0,368.0
3523.0,800.0,823.0,829.0,370.0,342.0,359.0
3332.0,762.0,767.0,782.0,338.0,340.0,343.0
3306.0,780.0,786.0,753.0,314.0,330.0,343.0
3273.0,775.0,776.0,778.0,313.0,320.0,311.0
3314.0,759.0,781.0,793.0,324.0,334.0,323.0
3436.0,798.0,807.0,803.0,333.0,346.0,349.0
3598.0,843.0,851.0,824.0,358.0,361.0,361.0
3507.0,797.0,770.0,843.0,370.0,365.0,362.0
3457.0,772.0,815.0,812.0,356.0,348.0,354.0
3348.0,798.0,804.0,739.0,341.0,323.0,343.0
3288.0,793.0,759.0,773.0,323.0,315.0,325.0
3229.0,742.0,735.0,774.0,314.0,323.0,341.0
3361.0,773.0,811.0,769.0,334.0,342.0,332.0
3514.0,814.0,874.0,781.0,349.0,354.0,342.0
3560.0,809.0,864.0,805.0,357.0,368.0,357.0
3482.0,825.0,835.0,780.0,359.0,346.0,337.0
3340.0,792.0,753.0,774.0,348.0,346.0,327.0
3264.0,753.0,749.0,793.0,328.0,322.0,319.0
3280.0,742.0,788.0,779.0,326.0,312.0,333.0
3414.0,790.0,830.0,787.0,322.0,329.0,356.0
3551.0,850.0,821.0,822.0,352.0,337.0,369.0
3552.0,816.0,842.0,811.0,361.0,350.0,372.0
3497.0,787.0,815.0,822.0,357.0,365.0,351.0
3477.0,800.0,818.0,825.0,349.0,348.0,337.0
3370.0,784.0,812.0,791.0,342.0,337.0,304.0
3295.0,770.0,782.0,761.0,321.0,332.0,329.0
3379.0,811.0,768.0,772.0,335.0,349.0,344.0
3468.0,837.0,800.0,800.0,347.0,342.0,342.0
3558.0,801.0,843.0,829.0,374.0,349.0,362.0
3565.0,794.0,835.0,867.0,355.0,349.0,365.0
3456.0,812.0,786.0,834.0,342.0,326.0,356.0
3280.0,751.0,742.0,782.0,349.0,334.0,322.0
3351.0,762.0,775.0,774.0,344.0,348.0,348.0
3465.0,795.0,823.0,811.0,329.0,361.0,346.0
3600.0,841.0,856.0,834.0,351.0,366.0,352.0
3594.0,852.0,824.0,826.0,366.0,367.0,359.0
3507.0,809.0,821.0,851.0,341.0,338.0,347.0
3383.0,830.0,748.0,785.0,342.0,333.0,345.0
3292.0,760.0,791.0,774.0,328.0,316.0,323.0
3350.0,782.0,791.0,775.0,338.0,330.0,334.0
3495.0,827.0,811.0,825.0,337.0,352.0,343.0
3563.0,800.0,851.0,836.0,340.0,374.0,362.0
3633.0,834.0,860.0,846.0,357.0,371.0,365.0
3597.0,839.0,846.0,844.0,349.0,354.0,365.0
3464.0,823.0,796.0,818.0,336.0,342.0,349.0
3275.0,776.0,776.0,727.0,337.0,330.0,329.0
3257.0,760.0,762.0,758.0,332.0,316.0,329.0
3439.0,787.0,805.0,822.0,347.0,333.0,345.0
3674.0,860.0,877.0,862.0,352.0,365.0,358.0
3606.0,806.0,858.0,867.0,363.0,361.0,351.0
3522.0,796.0,822.0,832.0,358.0,359.0,355.0
3440.0,835.0,786.0,794.0,323.0,344.0,358.0
3329.0,785.0,767.0,751.0,332.0,359.0,335.0
3333.0,762.0,767.0,790.0,340.0,331.0,343.0
3498.0,811.0,826.0,811.0,365.0,333.0,352.0
3689.0,910.0,840.0,863.0,362.0,357.0,357.0
3577.0,858.0,838.0,829.0,352.0,356.0,344.0
3454.0,802.0,817.0,802.0,339.0,344.0,350.0
3447.0,845.0,810.0,782.0,329.0,344.0,337.0
3358.0,790.0,785.0,768.0,328.0,346.0,341.0
3338.0,785.0,748.0,782.0,335.0,355.0,333.0
3515.0,806.0,802.0,837.0,359.0,362.0,349.0
3671.0,846.0,858.0,871.0,369.0,360.0,367.0
3649.0,857.0,867.0,834.0,360.0,357.0,374.0
3534.0,806.0,813.0,834.0,356.0,365.0,360.0
3381.0,804.0,781.0,797.0,330.0,329.0,340.0
3372.0,810.0,763.0,811.0,326.0,318.0,344.0
3357.0,756.0,783.0,814.0,330.0,343.0,331.0
3505.0,796.0,814.0,828.0,364.0,356.0,347.0
3683.0,877.0,847.0,860.0,372.0,372.0,355.0
3575.0,810.0,822.0,845.0,377.0,364.0,357.0
3540.0,810.0,865.0,801.0,366.0,354.0,344.0
3443.0,814.0,821.0,791.0,330.0,335.0,352.0
3404.0,771.0,808.0,813.0,332.0,331.0,349.0
3336.0,757.0,790.0,786.0,331.0,338.0,334.0
3498.0,837.0,796.0,803.0,353.0,355.0,354.0
3684.0,874.0,859.0,863.0,367.0,363.0,358.0
3669.0,837.0,885.0,824.0,388.0,366.0,369.0
3616.0,836.0,865.0,826.0,361.0,367.0,361.0
3503.0,851.0,811.0,812.0,334.0,361.0,334.0
3343.0,777.0,742.0,807.0,335.0,348.0,334.0
3411.0,787.0,809.0,787.0,350.0,321.0,357.0
3582.0,867.0,843.0,807.0,355.0,346.0,364.0
3714.0,884.0,869.0,853.0,382.0,357.0,369.0
3709.0,872.0,875.0,851.0,368.0,379.0,364.0
3567.0,828.0,823.0,831.0,375.0,350.0,360.0
3492.0,813.0,789.0,829.0,373.0,353.0,335.0
3491.0,823.0,819.0,808.0,337.0,360.0,344.0
3470.0,795.0,848.0,816.0,324.0,341.0,346.0
3509.0,829.0,797.0,819.0,353.0,359.0,352.0
3628.0,867.0,847.0,841.0,361.0,363.0,349.0
3637.0,827.0,859.0,852.0,377.0,360.0,362.0
3678.0,834.0,884.0,871.0,375.0,358.0,356.0
3536.0,819.0,827.0,835.0,353.0,341.0,361.0
3419.0,801.0,761.0,813.0,339.0,354.0,351.0
3399.0,804.0,757.0,788.0,334.0,366.0,350.0
3620.0,848.0,861.0,828.0,354.0,371.0,358.0
3760.0,892.0,879.0,880.0,364.0,381.0,364.0
3779.0,904.0,865.0,880.0,386.0,376.0,368.0
3615.0,860.0,836.0,849.0,358.0,353.0,359.0
3541.0,822.0,806.0,848.0,361.0,352.0,352.0
3427.0,798.0,795.0,798.0,342.0,339.0,355.0
3510.0,837.0,826.0,786.0,346.0,350.0,365.0
3608.0,827.0,857.0,827.0,364.0,359.0,374.0
3695.0,882.0,827.0,859.0,375.0,373.0,379.0
3754.0,898.0,880.0,841.0,374.0,387.0,374.0
3744.0,873.0,852.0,904.0,363.0,375.0,377.0
3618.0,838.0,847.0,857.0,366.0,356.0,354.0
3509.0,818.0,835.0,816.0,352.0,349.0,339.0
3399.0,768.0,780.0,814.0,349.0,350.0,338.0
3548.0,823.0,827.0,841.0,351.0,353.0,353.0
3781.0,880.0,886.0,900.0,371.0,376.0,368.0
3781.0,870.0,911.0,894.0,362.0,382.0,362.0
3649.0,837.0,842.0,868.0,359.0,372.0,371.0
3569.0,844.0,835.0,812.0,359.0,368.0,351.0
3434.0,856.0,764.0,764.0,346.0,342.0,362.0
3501.0,806.0,830.0,808.0,354.0,358.0,345.0
3587.0,852.0,844.0,801.0,348.0,379.0,363.0
3761.0,886.0,864.0,916.0,366.0,362.0,367.0
3740.0,868.0,875.0,904.0,365.0,365.0,363.0
3645.0,866.0,845.0,850.0,365.0,374.0,345.0
3552.0,827.0,862.0,789.0,366.0,352.0,356.0
3515.0,818.0,832.0,805.0,367.0,346.0,347.0
3500.0,782.0,827.0,815.0,365.0,358.0,353.0
3665.0,849.0,838.0,852.0,379.0,375.0,372.0
3703.0,897.0,833.0,849.0,378.0,373.0,373.0
3856.0,890.0,924.0,898.0,369.0,378.0,397.0
3648.0,868.0,847.0,841.0,359.0,361.0,372.0
3575.0,858.0,830.0,823.0,351.0,354.0,359.0
3510.0,852.0,803.0,815.0,355.0,350.0,335.0
3517.0,835.0,790.0,840.0,362.0,350.0,340.0
3724.0,859.0,864.0,884.0,386.0,370.0,361.0
3804.0,902.0,880.0,894.0,372.0,390.0,366.0
3707.0,845.0,863.0,842.0,382.0,389.0,386.0
3723.0,862.0,858.0,865.0,358.0,394.0,386.0
3574.0,853.0,841.0,843.0,341.0,348.0,348.0
3495.0,797.0,837.0,815.0,348.0,338.0,360.0
3525.0,801.0,841.0,833.0,355.0,346.0,349.0
3658.0,873.0,821.0,861.0,374.0,355.0,374.0
3782.0,878.0,872.0,884.0,394.0,384.0,370.0
3777.0,902.0,866.0,872.0,384.0,381.0,372.0
3764.0,864.0,879.0,901.0,361.0,386.0,373.0
3631.0,849.0,839.0,833.0,363.0,378.0,369.0
3518.0,829.0,787.0,848.0,358.0,351.0,345.0
3563.0,824.0,820.0,848.0,360.0,348.0,363.0
3677.0,831.0,887.0,863.0,357.0,372.0,367.0
3874.0,939.0,896.0,891.0,396.0,367.0,385.0
3785.0,872.0,914.0,854.0,388.0,375.0,382.0
3741.0,848.0,848.0,920.0,385.0,363.0,377.0
3619.0,879.0,838.0,834.0,354.0,369.0,345.0
3561.0,848.0,860.0,813.0,348.0,349.0,343.0
3575.0,837.0,861.0,832.0,350.0,344.0,351.0
3683.0,882.0,850.0,842.0,363.0,382.0,364.0
3815.0,912.0,874.0,904.0,381.0,375.0,369.0
3804.0,867.0,877.0,875.0,396.0,395.0,394.0
3763.0,853.0,878.0,907.0,379.0,371.0,375.0
3716.0,865.0,899.0,872.0,364.0,354.0,362.0
3547.0,835.0,820.0,842.0,351.0,338.0,361.0
3446.0,782.0,806.0,801.0,344.0,361.0,352.0
3704.0,880.0,861.0,834.0,387.0,366.0,376.0
3845.0,941.0,886.0,860.0,386.0,390.0,382.0
3804.0,914.0,893.0,876.0,385.0,379.0,357.0
3747.0,852.0,848.0,907.0,384.0,390.0,366.0
3613.0,871.0,809.0,872.0,366.0,349.0,346.0
3494.0,803.0,811.0,821.0,358.0,345.0,356.0
3527.0,852.0,838.0,794.0,341.0,351.0,351.0
3685.0,833.0,893.0,845.0,378.0,355.0,381.0
3890.0,921.0,897.0,921.0,370.0,383.0,398.0
3934.0,918.0,914.0,925.0,397.0,400.0,380.0
3814.0,894.0,886.0,908.0,383.0,385.0,358.0
3705.0,873.0,860.0,848.0,376.0,379.0,369.0
3561.0,817.0,852.0,840.0,363.0,354.0,335.0
3595.0,823.0,877.0,832.0,370.0,350.0,343.0
3681.0,866.0,856.0,859.0,374.0,362.0,364.0
3896.0,924.0,907.0,939.0,373.0,378.0,375.0
3962.0,914.0,944.0,934.0,387.0,387.0,396.0
3862.0,883.0,890.0,910.0,409.0,371.0,399.0
3729.0,907.0,864.0,828.0,373.0,374.0,383.0
3617.0,857.0,828.0,809.0,375.0,367.0,381.0
3611.0,825.0,839.0,844.0,364.0,366.0,373.0
3815.0,904.0,916.0,877.0,375.0,373.0,370.0
3860.0,915.0,900.0,909.0,372.0,388.0,376.0
3857.0,906.0,896.0,925.0,372.0,373.0,385.0
3763.0,882.0,869.0,886.0,371.0,377.0,378.0
3613.0,831.0,832.0,840.0,370.0,372.0,368.0
3627.0,853.0,876.0,816.0,376.0,360.0,346.0
3662.0,837.0,856.0,868.0,371.0,365.0,365.0
3781.0,871.0,842.0,906.0,376.0,399.0,387.0
3861.0,919.0,876.0,891.0,371.0,400.0,404.0
3854.0,881.0,898.0,898.0,397.0,395.0,385.0
3856.0,881.0,935.0,885.0,394.0,383.0,378.0
3765.0,906.0,885.0,870.0,374.0,365.0,365.0
3635.0,847.0,852.0,850.0,385.0,357.0,344.0
3673.0,826.0,840.0,921.0,367.0,358.0,361.0
3757.0,869.0,890.0,871.0,376.0,382.0,369.0
3951.0,962.0,909.0,904.0,394.0,391.0,391.0
3880.0,881.0,932.0,875.0,381.0,419.0,392.0
3819.0,903.0,882.0,874.0,378.0,388.0,394.0
3700.0,887.0,864.0,833.0,380.0,371.0,365.0
3693.0,892.0,852.0,850.0,363.0,363.0,373.0
3681.0,864.0,856.0,860.0,375.0,349.0,377.0
3822.0,881.0,915.0,909.0,374.0,362.0,381.0
3830.0,901.0,890.0,885.0,385.0,387.0,382.0
3922.0,936.0,943.0,913.0,383.0,384.0,363.0
3884.0,910.0,908.0,889.0,391.0,404.0,382.0
3742.0,865.0,891.0,873.0,368.0,376.0,369.0
3654.0,872.0,864.0,834.0,352.0,363.0,369.0
3639.0,825.0,853.0,848.0,361.0,371.0,381.0
3789.0,874.0,888.0,892.0,370.0,377.0,388.0
3939.0,905.0,926.0,930.0,394.0,383.0,401.0
3962.0,927.0,945.0,920.0,384.0,396.0,390.0
3854.0,893.0,889.0,942.0,372.0,377.0,381.0
3762.0,897.0,835.0,914.0,374.0,375.0,367.0
3730.0,890.0,877.0,862.0,367.0,369.0,365.0
3744.0,857.0,884.0,885.0,381.0,381.0,356.0
3897.0,900.0,907.0,910.0,395.0,404.0,381.0
3951.0,949.0,890.0,916.0,406.0,396.0,394.0
3910.0,896.0,928.0,906.0,388.0,395.0,397.0
3860.0,891.0,897.0,928.0,371.0,381.0,392.0
3779.0,868.0,865.0,922.0,369.0,370.0,385.0
3669.0,851.0,869.0,856.0,370.0,347.0,376.0
3690.0,846.0,875.0,865.0,366.0,361.0,377.0
3833.0,912.0,880.0,896.0,392.0,368.0,385.0
4037.0,976.0,937.0,932.0,397.0,408.0,387.0
3936.0,903.0,884.0,945.0,403.0,406.0,395.0
3913.0,896.0,941.0,932.0,377.0,390.0,377.0
3796.0,895.0,866.0,907.0,369.0,386.0,373.0
3666.0,879.0,851.0,861.0,349.0,364.0,362.0
3683.0,862.0,859.0,837.0,370.0,375.0,380.0
3865.0,903.0,922.0,902.0,391.0,370.0,377.0
3944.0,925.0,951.0,891.0,396.0,383.0,398.0
4016.0,930.0,942.0,935.0,403.0,397.0,409.0
3985.0,918.0,902.0,960.0,405.0,401.0,399.0
3802.0,889.0,896.0,865.0,390.0,381.0,381.0
3740.0,911.0,893.0,835.0,362.0,378.0,361.0
3663.0,851.0,872.0,854.0,343.0,383.0,360.0
3814.0,891.0,891.0,897.0,376.0,383.0,376.0
4052.0,952.0,933.0,974.0,383.0,406.0,404.0
3960.0,923.0,898.0,943.0,396.0,396.0,404.0
3963.0,879.0,961.0,917.0,392.0,402.0,412.0
3837.0,898.0,891.0,877.0,398.0,382.0,391.0
3744.0,900.0,869.0,880.0,355.0,355.0,385.0
3782.0,895.0,857.0,893.0,373.0,381.0,383.0
3865.0,894.0,881.0,933.0,388.0,374.0,395.0
4002.0,966.0,922.0,939.0,395.0,394.0,386.0
3999.0,934.0,935.0,934.0,411.0,399.0,386.0
3850.0,909.0,879.0,888.0,406.0,390.0,378.0
3856.0,928.0,890.0,887.0,399.0,381.0,371.0
3722.0,896.0,851.0,852.0,364.0,382.0,377.0
3718.0,861.0,861.0,880.0,361.0,377.0,378.0
3903.0,891.0,928.0,930.0,374.0,384.0,396.0
4035.0,930.0,913.0,979.0,398.0,417.0,398.0
4048.0,934.0,911.0,969.0,424.0,411.0,399.0
3934.0,915.0,917.0,910.0,395.0,394.0,403.0
3891.0,918.0,908.0,899.0,396.0,383.0,387.0
3718.0,893.0,872.0,841.0,376.0,374.0,362.0
3757.0,881.0,857.0,906.0,364.0,372.0,377.0
3777.0,867.0,851.0,908.0,393.0,373.0,385.0
4039.0,972.0,931.0,927.0,409.0,402.0,398.0
3986.0,917.0,935.0,907.0,396.0,422.0,409.0
3997.0,933.0,923.0,924.0,401.0,415.0,401.0
3930.0,920.0,889.0,926.0,389.0,402.0,404.0
3812.0,895.0,864.0,910.0,390.0,379.0,374.0
3762.0,860.0,892.0,880.0,393.0,343.0,394.0
3907.0,917.0,924.0,906.0,387.0,387.0,386.0
3974.0,927.0,906.0,937.0,401.0,394.0,409.0
4027.0,958.0,942.0,931.0,404.0,407.0,385.0
3962.0,911.0,934.0,924.0,405.0,402.0,386.0
3870.0,868.0,924.0,905.0,397.0,394.0,382.0
3828.0,907.0,899.0,883.0,381.0,385.0,373.0
3833.0,901.0,867.0,919.0,388.0,389.0,369.0
3890.0,902.0,893.0,896.0,404.0,395.0,400.0
4077.0,984.0,933.0,949.0,405.0,396.0,410.0
4028.0,929.0,949.0,944.0,394.0,385.0,427.0
3957.0,878.0,973.0,938.0,393.0,384.0,391.0
3904.0,910.0,903.0,937.0,389.0,384.0,381.0
3862.0,899.0,896.0,928.0,387.0,381.0,371.0
3848.0,879.0,907.0,907.0,390.0,390.0,375.0
3943.0,919.0,937.0,889.0,405.0,402.0,391.0
4090.0,971.0,955.0,932.0,410.0,424.0,398.0
4074.0,949.0,947.0,949.0,402.0,421.0,406.0
3941.0,918.0,909.0,940.0,393.0,382.0,399.0
3885.0,909.0,887.0,923.0,396.0,374.0,396.0
3828.0,891.0,887.0,889.0,385.0,376.0,400.0
3843.0,871.0,911.0,898.0,392.0,385.0,386.0
3893.0,919.0,891.0,889.0,402.0,398.0,394.0
4033.0,951.0,932.0,922.0,408.0,411.0,409.0
4066.0,940.0,932.0,972.0,408.0,418.0,396.0
4080.0,928.0,979.0,966.0,388.0,411.0,408.0
3956.0,929.0,916.0,940.0,389.0,389.0,393.0
3787.0,896.0,873.0,874.0,381.0,373.0,390.0
3841.0,878.0,887.0,903.0,400.0,381.0,392.0
4002.0,935.0,920.0,921.0,401.0,410.0,415.0
4156.0,987.0,948.0,967.0,430.0,403.0,421.0
4132.0,964.0,958.0,967.0,409.0,410.0,424.0
4021.0,898.0,956.0,940.0,395.0,426.0,406.0
3909.0,919.0,903.0,920.0,385.0,407.0,375.0
3835.0,913.0,917.0,860.0,385.0,379.0,381.0
3916.0,892.0,962.0,910.0,383.0,391.0,378.0
3965.0,939.0,937.0,905.0,408.0,384.0,392.0
4100.0,979.0,938.0,954.0,415.0,403.0,411.0
4128.0,940.0,972.0,981.0,421.0,402.0,412.0
4058.0,952.0,952.0,946.0,398.0,390.0,420.0
3932.0,908.0,918.0,915.0,387.0,405.0,399.0
3871.0,924.0,878.0,900.0,387.0,395.0,387.0
3855.0,885.0,874.0,936.0,382.0,390.0,388.0
3985.0,903.0,922.0,970.0,400.0,399.0,391.0
4110.0,966.0,958.0,961.0,405.0,414.0,406.0
4170.0,983.0,979.0,971.0,407.0,406.0,424.0
3988.0,924.0,928.0,930.0,408.0,399.0,399.0
3890.0,912.0,894.0,905.0,395.0,392.0,392.0
3808.0,903.0,891.0,870.0,374.0,380.0,390.0
3839.0,877.0,887.0,896.0,394.0,387.0,398.0
4027.0,915.0,938.0,956.0,402.0,410.0,406.0
4224.0,990.0,1001.0,974.0,415.0,407.0,437.0
4205.0,977.0,972.0,972.0,431.0,426.0,427.0
4048.0,926.0,964.0,943.0,407.0,411.0,397.0
3919.0,948.0,900.0,879.0,395.0,398.0,399.0
3855.0,905.0,917.0,908.0,374.0,369.0,382.0
3868.0,890.0,914.0,924.0,380.0,373.0,387.0
4026.0,943.0,922.0,971.0,393.0,395.0,402.0
4217.0,1013.0,977.0,971.0,417.0,432.0,407.0
4176.0,978.0,997.0,949.0,418.0,409.0,425.0
4091.0,925.0,981.0,930.0,420.0,413.0,422.0
4017.0,946.0,935.0,916.0,392.0,428.0,400.0
3871.0,910.0,857.0,918.0,395.0,396.0,395.0
3897.0,887.0,915.0,925.0,380.0,400.0,390.0
4000.0,926.0,935.0,941.0,404.0,397.0,397.0
4196.0,987.0,991.0,960.0,418.0,422.0,418.0
4159.0,968.0,992.0,957.0,415.0,415.0,412.0
4044.0,936.0,938.0,943.0,413.0,410.0,404.0
3983.0,918.0,898.0,977.0,395.0,408.0,387.0
3902.0,886.0,900.0,943.0,386.0,391.0,396.0
3967.0,905.0,930.0,930.0,404.0,401.0,397.0
4032.0,948.0,924.0,941.0,400.0,402.0,417.0
4232.0,1031.0,985.0,961.0,418.0,429.0,408.0
4130.0,969.0,975.0,953.0,421.0,398.0,414.0
4196.0,967.0,1012.0,956.0,435.0,404.0,422.0
4035.0,968.0,941.0,922.0,419.0,385.0,400.0
3882.0,920.0,882.0,912.0,401.0,385.0,382.0
3969.0,906.0,945.0,929.0,410.0,400.0,379.0
4014.0,940.0,944.0,901.0,398.0,416.0,415.0
4262.0,1024.0,1019.0,962.0,416.0,433.0,408.0
4214.0,950.0,1018.0,980.0,424.0,416.0,426.0
4087.0,952.0,950.0,964.0,404.0,406.0,411.0
4078.0,975.0,933.0,970.0,398.0,404.0,398.0
3954.0,922.0,938.0,924.0,401.0,383.0,386.0
3961.0,894.0,964.0,903.0,409.0,391.0,400.0
4099.0,956.0,952.0,952.0,419.0,403.0,417.0
4196.0,1008.0,946.0,985.0,410.0,435.0,412.0
4227.0,988.0,993.0,988.0,416.0,423.0,419.0
4163.0,960.0,986.0,957.0,415.0,431.0,414.0
4040.0,966.0,922.0,942.0,402.0,403.0,405.0
3957.0,942.0,939.0,889.0,394.0,399.0,394.0
3883.0,891.0,887.0,918.0,394.0,402.0,391.0
4064.0,950.0,938.0,966.0,396.0,404.0,410.0
4269.0,1018.0,984.0,1019.0,421.0,408.0,419.0
4238.0,990.0,1001.0,999.0,417.0,413.0,418.0
4185.0,966.0,975.0,1005.0,404.0,416.0,419.0
4014.0,967.0,907.0,929.0,409.0,399.0,403.0
3985.0,948.0,931.0,908.0,398.0,403.0,397.0
3978.0,899.0,952.0,937.0,407.0,406.0,377.0
4147.0,937.0,986.0,961.0,423.0,411.0,429.0
4287.0,987.0,1011.0,1015.0,425.0,430.0,419.0
4295.0,1017.0,996.0,1028.0,419.0,407.0,428.0
4131.0,943.0,971.0,974.0,403.0,409.0,431.0
4076.0,954.0,961.0,944.0,402.0,403.0,412.0
3976.0,929.0,930.0,953.0,389.0,382.0,393.0
4021.0,934.0,936.0,931.0,405.0,414.0,401.0
4089.0,932.0,940.0,974.0,428.0,410.0,405.0
4260.0,1004.0,950.0,1020.0,430.0,434.0,422.0
4308.0,1011.0,1019.0,1001.0,432.0,427.0,418.0
4207.0,986.0,976.0,985.0,423.0,416.0,421.0
4061.0,968.0,967.0,940.0,393.0,405.0,388.0
3960.0,932.0,944.0,912.0,400.0,374.0,398.0
4027.0,951.0,946.0,943.0,397.0,397.0,393.0
4144.0,935.0,961.0,999.0,419.0,424.0,406.0
4316.0,1027.0,1006.0,994.0,442.0,404.0,443.0
4261.0,1004.0,977.0,969.0,435.0,432.0,444.0
4139.0,977.0,949.0,930.0,423.0,438.0,422.0
4058.0,971.0,934.0,944.0,401.0,408.0,400.0
3984.0,942.0,944.0,917.0,399.0,397.0,385.0
4008.0,937.0,951.0,931.0,405.0,397.0,387.0
4084.0,945.0,954.0,953.0,430.0,405.0,397.0
4254.0,993.0,986.0,996.0,438.0,433.0,408.0
4279.0,999.0,986.0,988.0,445.0,438.0,423.0
4292.0,970.0,1020.0,976.0,449.0,441.0,436.0
4131.0,968.0,979.0,953.0,405.0,411.0,415.0
4049.0,970.0,911.0,979.0,385.0,402.0,402.0
4050.0,916.0,935.0,979.0,400.0,404.0,416.0
4172.0,985.0,962.0,978.0,415.0,412.0,420.0
4322.0,1024.0,1002.0,1008.0,431.0,442.0,415.0
4331.0,1040.0,1011.0,994.0,441.0,427.0,418.0
4146.0,947.0,989.0,954.0,437.0,412.0,407.0
4083.0,962.0,938.0,978.0,408.0,397.0,400.0
4064.0,937.0,947.0,977.0,393.0,409.0,401.0
4090.0,955.0,971.0,953.0,390.0,403.0,418.0
4185.0,960.0,956.0,976.0,422.0,435.0,436.0
4303.0,1054.0,941.0,988.0,447.0,433.0,440.0
4311.0,1030.0,970.0,1011.0,429.0,441.0,430.0
4242.0,995.0,989.0,1004.0,411.0,421.0,422.0
4182.0,982.0,964.0,1005.0,412.0,408.0,411.0
3996.0,923.0,929.0,934.0,406.0,410.0,394.0
4017.0,933.0,899.0,981.0,405.0,401.0,398.0
4125.0,950.0,967.0,962.0,420.0,419.0,407.0
4326.0,1016.0,1032.0,986.0,417.0,435.0,440.0
4369.0,1008.0,1054.0,999.0,429.0,435.0,444.0
4287.0,976.0,1006.0,1017.0,425.0,434.0,429.0
4183.0,999.0,937.0,999.0,424.0,414.0,410.0
4079.0,952.0,946.0,963.0,413.0,392.0,413.0
3988.0,905.0,928.0,936.0,417.0,389.0,413.0
4152.0,962.0,1013.0,932.0,419.0,410.0,416.0
4306.0,1002.0,1021.0,999.0,425.0,436.0,423.0
4340.0,1006.0,987.0,1022.0,438.0,450.0,437.0
4289.0,1006.0,994.0,1014.0,431.0,438.0,406.0
4212.0,993.0,988.0,960.0,425.0,433.0,413.0
4109.0,964.0,968.0,943.0,400.0,425.0,409.0
4041.0,916.0,985.0,918.0,415.0,398.0,409.0
4227.0,1024.0,966.0,966.0,414.0,420.0,437.0
4325.0,1028.0,983.0,1017.0,433.0,431.0,433.0
4418.0,1055.0,1012.0,1044.0,440.0,424.0,443.0
4305.0,971.0,1035.0,1027.0,420.0,425.0,427.0
4130.0,976.0,938.0,967.0,408.0,438.0,403.0
4078.0,1008.0,939.0,885.0,415.0,417.0,414.0
4034.0,926.0,930.0,943.0,415.0,410.0,410.0
4248.0,995.0,1013.0,973.0,419.0,428.0,420.0
4356.0,1028.0,1027.0,1021.0,428.0,423.0,429.0
4387.0,1001.0,1033.0,1048.0,427.0,440.0,438.0
4321.0,1029.0,960.0,1027.0,435.0,442.0,428.0
4145.0,969.0,944.0,991.0,414.0,411.0,416.0
4113.0,977.0,964.0,941.0,413.0,409.0,409.0
4130.0,966.0,965.0,963.0,415.0,411.0,410.0
4313.0,974.0,1004.0,1042.0,433.0,429.0,431.0
4340.0,1002.0,999.0,1025.0,426.0,451.0,437.0
4343.0,983.0,1024.0,1039.0,428.0,443.0,426.0
4290.0,977.0,1016.0,1022.0,426.0,429.0,420.0
4195.0,998.0,1012.0,956.0,407.0,414.0,408.0
4046.0,972.0,907.0,947.0,410.0,399.0,411.0
4099.0,945.0,946.0,958.0,418.0,415.0,417.0
4247.0,993.0,972.0,1000.0,429.0,418.0,435.0
4418.0,1055.0,1008.0,1057.0,427.0,436.0,435.0
4492.0,1037.0,1072.0,1051.0,434.0,454.0,444.0
4314.0,1003.0,1019.0,976.0,431.0,448.0,437.0
4205.0,984.0,983.0,972.0,423.0,434.0,409.0
4129.0,986.0,954.0,955.0,419.0,412.0,403.0
4174.0,957.0,998.0,959.0,426.0,417.0,417.0
4282.0,985.0,1012.0,1018.0,436.0,413.0,418.0
4350.0,1035.0,1013.0,1015.0,437.0,424.0,426.0
4481.0,1052.0,1036.0,1048.0,453.0,431.0,461.0
4382.0,1032.0,1040.0,1004.0,420.0,450.0,436.0
4253.0,990.0,1016.0,991.0,410.0,416.0,430.0
4174.0,937.0,992.0,1005.0,408.0,420.0,412.0
4152.0,964.0,974.0,979.0,409.0,421.0,405.0
4309.0,987.0,987.0,1033.0,434.0,438.0,430.0
4410.0,1059.0,1048.0,966.0,458.0,436.0,443.0
4402.0,1023.0,1034.0,1023.0,444.0,436.0,442.0
4351.0,1042.0,988.0,1027.0,433.0,435.0,426.0
4273.0,1003.0,989.0,1010.0,416.0,428.0,427.0
4229.0,994.0,944.0,1020.0,419.0,425.0,427.0
4165.0,937.0,993.0,965.0,419.0,431.0,420.0
4270.0,957.0,1011.0,987.0,431.0,444.0,440.0
4468.0,1054.0,1033.0,1031.0,457.0,444.0,449.0
4445.0,1032.0,1040.0,1022.0,455.0,442.0,454.0
4317.0,1020.0,1035.0,969.0,433.0,425.0,435.0
4250.0,995.0,1001.0,993.0,415.0,417.0,429.0
4173.0,958.0,998.0,1004.0,402.0,399.0,412.0
4084.0,934.0,972.0,950.0,406.0,413.0,409.0
4349.0,1020.0,1001.0,1040.0,440.0,436.0,412.0
4418.0,1063.0,1009.0,999.0,448.0,448.0,451.0
4529.0,1023.0,1077.0,1054.0,455.0,465.0,455.0
4416.0,1003.0,1048.0,1048.0,448.0,440.0,429.0
4256.0,992.0,972.0,1002.0,425.0,428.0,437.0
4125.0,948.0,978.0,968.0,413.0,413.0,405.0
4182.0,972.0,975.0,974.0,422.0,417.0,422.0
4304.0,1027.0,1004.0,965.0,443.0,433.0,432.0
4471.0,1051.0,1050.0,1038.0,444.0,439.0,449.0
4450.0,1010.0,1039.0,1046.0,449.0,453.0,453.0
4360.0,1012.0,1026.0,1020.0,431.0,449.0,422.0
4358.0,1035.0,991.0,1027.0,433.0,443.0,429.0
4257.0,1021.0,1011.0,972.0,410.0,428.0,415.0
4247.0,974.0,1005.0,989.0,427.0,424.0,428.0
4306.0,1002.0,993.0,997.0,433.0,427.0,454.0
4412.0,1023.0,1020.0,1011.0,443.0,456.0,459.0
4526.0,1013.0,1075.0,1085.0,448.0,446.0,459.0
4379.0,1014.0,1015.0,1036.0,454.0,424.0,436.0
4310.0,1019.0,1033.0,992.0,432.0,416.0,418.0
4158.0,993.0,956.0,950.0,426.0,422.0,411.0
4214.0,965.0,986.0,1004.0,411.0,427.0,421.0
4342.0,990.0,1012.0,1015.0,436.0,449.0,440.0
4488.0,1031.0,1075.0,1058.0,442.0,447.0,435.0
4619.0,1049.0,1074.0,1121.0,454.0,459.0,462.0
4337.0,1003.0,985.0,1035.0,432.0,436.0,446.0
4267.0,1041.0,957.0,990.0,435.0,405.0,439.0
4183.0,970.0,985.0,961.0,435.0,406.0,426.0
4200.0,1003.0,988.0,948.0,406.0,426.0,429.0
4350.0,1008.0,1006.0,1031.0,435.0,439.0,431.0
4549.0,1071.0,1048.0,1098.0,436.0,445.0,451.0
4479.0,1049.0,1029.0,1054.0,441.0,467.0,439.0
4453.0,1019.0,1034.0,1063.0,443.0,460.0,434.0
4304.0,987.0,1017.0,989.0,439.0,442.0,430.0
4221.0,986.0,970.0,979.0,429.0,427.0,430.0
4247.0,1006.0,970.0,991.0,435.0,422.0,423.0
4395.0,1003.0,998.0,1057.0,446.0,437.0,454.0
4557.0,1034.0,1088.0,1086.0,437.0,447.0,465.0
4554.0,1046.0,1098.0,1063.0,434.0,445.0,468.0
4428.0,1019.0,1042.0,1033.0,440.0,445.0,449.0
4322.0,1005.0,1019.0,1001.0,427.0,440.0,430.0
4260.0,988.0,995.0,1004.0,427.0,425.0,421.0
4237.0,971.0,1004.0,997.0,423.0,424.0,418.0
4458.0,1021.0,1044.0,1058.0,453.0,434.0,448.0
4528.0,1077.0,1052.0,1059.0,460.0,447.0,433.0
4528.0,1067.0,1074.0,1037.0,450.0,439.0,461.0
4448.0,1035.0,1051.0,997.0,455.0,439.0,471.0
4391.0,1035.0,1020.0,1018.0,434.0,444.0,440.0
4313.0,1032.0,991.0,1016.0,421.0,422.0,431.0
4334.0,1005.0,982.0,1021.0,450.0,436.0,440.0
4351.0,975.0,1012.0,1027.0,447.0,446.0,444.0
4523.0,1068.0,1059.0,1041.0,459.0,447.0,449.0
4520.0,1029.0,1085.0,1060.0,458.0,447.0,441.0
4409.0,1023.0,1048.0,1021.0,432.0,436.0,449.0
4356.0,1045.0,1015.0,1008.0,430.0,428.0,430.0
4304.0,1003.0,995.0,1031.0,419.0,425.0,431.0
4250.0,978.0,962.0,1009.0,427.0,436.0,438.0
4427.0,1054.0,1027.0,1024.0,446.0,435.0,441.0
4561.0,1049.0,1052.0,1067.0,453.0,471.0,469.0
4574.0,1061.0,1053.0,1076.0,449.0,472.0,463.0
4455.0,1046.0,1029.0,1044.0,434.0,457.0,445.0
4369.0,1035.0,1004.0,1031.0,433.0,431.0,435.0
4290.0,988.0,1017.0,1033.0,418.0,420.0,414.0
4257.0,990.0,969.0,1004.0,431.0,434.0,429.0
4399.0,1050.0,1027.0,1010.0,443.0,438.0,431.0
4568.0,1090.0,1033.0,1074.0,462.0,452.0,457.0
4603.0,1069.0,1100.0,1053.0,470.0,451.0,460.0
4546.0,1049.0,1045.0,1087.0,448.0,456.0,461.0
4364.0,1042.0,1010.0,1004.0,430.0,431.0,447.0
4245.0,990.0,976.0,1002.0,421.0,426.0,430.0
4318.0,990.0,1017.0,1003.0,424.0,434.0,450.0
4430.0,1048.0,1017.0,1032.0,447.0,446.0,440.0
4527.0,1029.0,1087.0,1029.0,468.0,452.0,462.0
4644.0,1082.0,1103.0,1068.0,476.0,447.0,468.0
4541.0,1048.0,1046.0,1085.0,451.0,461.0,450.0
4375.0,1025.0,990.0,1038.0,441.0,436.0,445.0
4298.0,1001.0,1010.0,979.0,423.0,442.0,443.0
4356.0,995.0,1031.0,997.0,448.0,436.0,449.0
4498.0,1055.0,1045.0,1059.0,436.0,455.0,448.0
4603.0,1080.0,1040.0,1082.0,474.0,470.0,457.0
4628.0,1092.0,1076.0,1073.0,466.0,451.0,470.0
4576.0,1055.0,1072.0,1101.0,443.0,446.0,459.0
4441.0,1029.0,1064.0,1037.0,429.0,440.0,442.0
4314.0,1010.0,1029.0,1004.0,415.0,430.0,426.0
4292.0,1006.0,989.0,1012.0,418.0,435.0,432.0
4485.0,1059.0,1023.0,1048.0,454.0,465.0,436.0
4708.0,1105.0,1115.0,1095.0,472.0,462.0,459.0
4654.0,1075.0,1063.0,1101.0,480.0,467.0,468.0
4562.0,1052.0,1087.0,1049.0,452.0,456.0,466.0
4446.0,1047.0,1045.0,1023.0,447.0,433.0,451.0
4302.0,1033.0,1001.0,967.0,428.0,424.0,449.0
4387.0,987.0,1043.0,1041.0,438.0,436.0,442.0
4604.0,1058.0,1118.0,1095.0,438.0,440.0,455.0
4587.0,1061.0,1060.0,1098.0,459.0,463.0,446.0
4686.0,1086.0,1088.0,1112.0,475.0,461.0,464.0
4580.0,1061.0,1073.0,1050.0,463.0,478.0,455.0
4463.0,1053.0,1042.0,1042.0,440.0,446.0,440.0
4391.0,988.0,1053.0,1012.0,453.0,446.0,439.0
4372.0,1038.0,1037.0,989.0,420.0,445.0,443.0
4472.0,1071.0,1027.0,1037.0,442.0,432.0,463.0
4665.0,1101.0,1099.0,1088.0,453.0,456.0,468.0
4667.0,1091.0,1097.0,1069.0,468.0,470.0,472.0
4614.0,1039.0,1084.0,1077.0,477.0,480.0,457.0
4479.0,1062.0,1039.0,1028.0,451.0,463.0,436.0
4458.0,1056.0,1034.0,1027.0,458.0,445.0,438.0
4380.0,991.0,1049.0,1008.0,444.0,457.0,431.0
4628.0,1104.0,1088.0,1087.0,463.0,442.0,444.0
4668.0,1096.0,1095.0,1073.0,468.0,463.0,473.0
4652.0,1098.0,1102.0,1069.0,462.0,451.0,470.0
4479.0,1044.0,1024.0,1035.0,462.0,445.0,469.0
4485.0,1065.0,1027.0,1037.0,448.0,455.0,453.0
4454.0,1012.0,1063.0,1053.0,434.0,441.0,451.0
4450.0,1002.0,1056.0,1019.0,462.0,451.0,460.0
4582.0,1057.0,1078.0,1076.0,456.0,457.0,458.0
4671.0,1092.0,1097.0,1068.0,471.0,467.0,476.0
4650.0,1083.0,1092.0,1083.0,464.0,462.0,466.0
4604.0,1080.0,1074.0,1068.0,470.0,452.0,460.0
4471.0,1036.0,1028.0,1073.0,456.0,443.0,435.0
4431.0,1014.0,1025.0,1057.0,448.0,444.0,443.0
4429.0,1017.0,1027.0,1046.0,447.0,442.0,450.0
4553.0,1052.0,1106.0,1021.0,455.0,450.0,469.0
4666.0,1091.0,1106.0,1075.0,469.0,465.0,460.0
4713.0,1092.0,1121.0,1077.0,466.0,489.0,468.0
4679.0,1057.0,1109.0,1112.0,455.0,478.0,468.0
4587.0,1071.0,1051.0,1105.0,448.0,457.0,455.0
4490.0,1037.0,1077.0,1054.0,455.0,429.0,438.0
4424.0,1016.0,1077.0,1023.0,449.0,445.0,414.0
4493.0,1064.0,1059.0,1020.0,455.0,448.0,447.0
4686.0,1131.0,1058.0,1079.0,466.0,483.0,469.0
4734.0,1118.0,1092.0,1080.0,478.0,485.0,481.0
4689.0,1066.0,1107.0,1092.0,469.0,485.0,470.0
4534.0,1047.0,1063.0,1068.0,436.0,460.0,460.0
4425.0,1016.0,1061.0,1033.0,424.0,446.0,445.0
4390.0,984.0,1032.0,1024.0,448.0,455.0,447.0
4556.0,1052.0,1059.0,1035.0,471.0,474.0,465.0
4689.0,1097.0,1102.0,1090.0,476.0,456.0,468.0
4737.0,1096.0,1118.0,1111.0,472.0,469.0,471.0
4635.0,1040.0,1086.0,1118.0,466.0,463.0,462.0
4571.0,1097.0,1038.0,1101.0,450.0,441.0,444.0
4472.0,1067.0,1039.0,1018.0,448.0,448.0,452.0
4422.0,1051.0,1033.0,978.0,453.0,457.0,450.0
4586.0,1064.0,1080.0,1056.0,452.0,464.0,470.0
4751.0,1126.0,1083.0,1107.0,479.0,479.0,477.0
4716.0,1084.0,1060.0,1139.0,471.0,471.0,491.0
4682.0,1104.0,1080.0,1106.0,472.0,456.0,464.0
4458.0,1050.0,1022.0,1052.0,444.0,438.0,452.0
4418.0,1042.0,1033.0,1020.0,438.0,437.0,448.0
4496.0,1056.0,1033.0,1068.0,446.0,442.0,451.0
4618.0,1121.0,1028.0,1070.0,463.0,477.0,459.0
4809.0,1122.0,1098.0,1137.0,485.0,487.0,480.0
4833.0,1094.0,1140.0,1153.0,478.0,486.0,482.0
4614.0,1031.0,1100.0,1087.0,466.0,460.0,470.0
4553.0,1108.0,1035.0,1050.0,433.0,458.0,469.0
4432.0,1058.0,1043.0,1013.0,434.0,428.0,456.0
4466.0,1002.0,1059.0,1068.0,444.0,446.0,447.0
4643.0,1095.0,1072.0,1107.0,463.0,448.0,458.0
4813.0,1136.0,1134.0,1131.0,472.0,466.0,474.0
4770.0,1099.0,1105.0,1125.0,488.0,489.0,464.0
4720.0,1073.0,1080.0,1122.0,488.0,483.0,474.0
4603.0,1093.0,1057.0,1073.0,469.0,465.0,446.0
4478.0,1059.0,1053.0,1017.0,447.0,463.0,439.0
4501.0,1044.0,1049.0,1062.0,443.0,444.0,459.0
4693.0,1108.0,1075.0,1120.0,457.0,466.0,467.0
4817.0,1152.0,1084.0,1135.0,472.0,469.0,505.0
4804.0,1124.0,1110.0,1128.0,489.0,470.0,483.0
4740.0,1094.0,1124.0,1091.0,474.0,475.0,482.0
4598.0,1061.0,1073.0,1073.0,459.0,470.0,462.0
4463.0,1037.0,1012.0,1071.0,451.0,451.0,441.0
4531.0,1055.0,1024.0,1096.0,438.0,479.0,439.0
4685.0,1097.0,1103.0,1094.0,457.0,474.0,460.0
4843.0,1138.0,1157.0,1134.0,473.0,474.0,467.0
4791.0,1129.0,1128.0,1102.0,482.0,468.0,482.0
4625.0,1076.0,1079.0,1068.0,470.0,461.0,471.0
4571.0,1096.0,1049.0,1033.0,467.0,459.0,467.0
4536.0,1043.0,1062.0,1070.0,465.0,440.0,456.0
4553.0,1044.0,1079.0,1058.0,449.0,442.0,481.0
4708.0,1106.0,1138.0,1087.0,448.0,465.0,464.0
4783.0,1120.0,1097.0,1115.0,471.0,509.0,471.0
4822.0,1151.0,1107.0,1121.0,482.0,485.0,476.0
4726.0,1115.0,1125.0,1069.0,470.0,480.0,467.0
4709.0,1115.0,1114.0,1101.0,474.0,453.0,452.0
4544.0,1062.0,1054.0,1071.0,457.0,459.0,441.0
4515.0,1024.0,1037.0,1093.0,465.0,436.0,460.0
4645.0,1077.0,1077.0,1105.0,459.0,456.0,471.0
4800.0,1147.0,1132.0,1093.0,463.0,480.0,485.0
4831.0,1116.0,1145.0,1127.0,475.0,484.0,484.0
4812.0,1110.0,1145.0,1112.0,477.0,484.0,484.0
4624.0,1095.0,1072.0,1076.0,466.0,464.0,451.0
4554.0,1055.0,1071.0,1068.0,460.0,438.0,462.0
4610.0,1067.0,1099.0,1083.0,457.0,453.0,451.0
4704.0,1115.0,1080.0,1090.0,472.0,468.0,479.0
4806.0,1129.0,1111.0,1123.0,484.0,468.0,491.0
4799.0,1128.0,1106.0,1120.0,469.0,474.0,502.0
4733.0,1099.0,1103.0,1094.0,471.0,489.0,477.0
4708.0,1101.0,1098.0,1112.0,464.0,463.0,470.0
4582.0,1070.0,1064.0,1064.0,456.0,460.0,468.0
4536.0,1029.0,1073.0,1057.0,467.0,445.0,465.0
4674.0,1124.0,1063.0,1082.0,472.0,474.0,459.0
4837.0,1127.0,1133.0,1126.0,493.0,474.0,484.0
4877.0,1109.0,1171.0,1142.0,487.0,483.0,485.0
4813.0,1117.0,1138.0,1142.0,475.0,473.0,468.0
4659.0,1106.0,1088.0,1095.0,459.0,455.0,456.0
4569.0,1058.0,1087.0,1038.0,469.0,460.0,457.0
4560.0,1044.0,1071.0,1048.0,479.0,458.0,460.0
4751.0,1099.0,1105.0,1110.0,475.0,485.0,477.0
4930.0,1144.0,1131.0,1176.0,488.0,501.0,490.0
4899.0,1142.0,1120.0,1176.0,489.0,483.0,489.0
4715.0,1084.0,1108.0,1109.0,474.0,473.0,467.0
4625.0,1110.0,1076.0,1071.0,463.0,453.0,452.0
4617.0,1105.0,1103.0,1043.0,453.0,455.0,458.0
4593.0,1063.0,1078.0,1057.0,465.0,462.0,468.0
4684.0,1091.0,1076.0,1087.0,488.0,475.0,467.0
4859.0,1139.0,1107.0,1161.0,499.0,488.0,465.0
4907.0,1133.0,1147.0,1147.0,487.0,506.0,487.0
4821.0,1097.0,1135.0,1119.0,492.0,489.0,489.0
4715.0,1128.0,1110.0,1095.0,446.0,469.0,467.0
4560.0,1048.0,1070.0,1052.0,464.0,457.0,469.0
4638.0,1092.0,1099.0,1049.0,462.0,457.0,479.0
4799.0,1078.0,1150.0,1142.0,485.0,470.0,474.0
4927.0,1154.0,1162.0,1164.0,496.0,480.0,471.0
4886.0,1117.0,1169.0,1141.0,484.0,505.0,470.0
4796.0,1127.0,1116.0,1106.0,491.0,481.0,475.0
4669.0,1098.0,1071.0,1084.0,480.0,469.0,467.0
4565.0,1062.0,1096.0,1030.0,467.0,461.0,449.0
4639.0,1060.0,1074.0,1116.0,456.0,467.0,466.0
4895.0,1105.0,1174.0,1164.0,486.0,478.0,488.0
4857.0,1122.0,1115.0,1137.0,504.0,478.0,501.0
4843.0,1146.0,1122.0,1110.0,480.0,484.0,501.0
4732.0,1071.0,1130.0,1082.0,484.0,477.0,488.0
4760.0,1135.0,1109.0,1103.0,471.0,476.0,466.0
4614.0,1082.0,1045.0,1095.0,462.0,455.0,475.0
4721.0,1087.0,1100.0,1129.0,464.0,488.0,453.0
4758.0,1106.0,1089.0,1125.0,476.0,487.0,475.0
4912.0,1147.0,1133.0,1159.0,493.0,490.0,490.0
4896.0,1157.0,1158.0,1124.0,488.0,482.0,487.0
4809.0,1107.0,1139.0,1097.0,493.0,486.0,487.0
4701.0,1089.0,1108.0,1081.0,471.0,468.0,484.0
4646.0,1090.0,1078.0,1074.0,487.0,454.0,463.0
4697.0,1049.0,1135.0,1113.0,460.0,473.0,467.0
4845.0,1118.0,1157.0,1130.0,477.0,492.0,471.0
5000.0,1190.0,1144.0,1166.0,502.0,513.0,485.0
4915.0,1163.0,1118.0,1144.0,497.0,505.0,488.0
4864.0,1121.0,1144.0,1133.0,488.0,484.0,494.0
4751.0,1115.0,1118.0,1098.0,488.0,478.0,454.0
4689.0,1087.0,1107.0,1111.0,460.0,459.0,465.0
4661.0,1066.0,1102.0,1078.0,471.0,467.0,477.0
4750.0,1127.0,1106.0,1095.0,478.0,469.0,475.0
4917.0,1169.0,1142.0,1107.0,502.0,495.0,502.0
4930.0,1141.0,1153.0,1166.0,489.0,488.0,493.0
4961.0,1130.0,1179.0,1141.0,509.0,506.0,496.0
4759.0,1089.0,1116.0,1132.0,479.0,475.0,468.0
4752.0,1132.0,1083.0,1119.0,476.0,469.0,473.0
4645.0,1088.0,1078.0,1100.0,451.0,458.0,470.0
4808.0,1101.0,1154.0,1105.0,488.0,487.0,473.0
4892.0,1171.0,1147.0,1104.0,493.0,479.0,498.0
4950.0,1136.0,1143.0,1159.0,497.0,503.0,512.0
4894.0,1118.0,1151.0,1161.0,473.0,500.0,491.0
4869.0,1109.0,1144.0,1150.0,491.0,491.0,484.0
4794.0,1123.0,1127.0,1114.0,480.0,472.0,478.0
4607.0,1045.0,1074.0,1065.0,475.0,479.0,469.0
4863.0,1124.0,1130.0,1124.0,484.0,501.0,500.0
4887.0,1144.0,1120.0,1160.0,482.0,495.0,486.0
4949.0,1155.0,1176.0,1152.0,484.0,497.0,485.0
4958.0,1127.0,1189.0,1162.0,506.0,479.0,495.0
4778.0,1105.0,1123.0,1117.0,492.0,471.0,470.0
4667.0,1128.0,1051.0,1080.0,475.0,470.0,463.0
4720.0,1114.0,1082.0,1099.0,480.0,469.0,476.0
4851.0,1121.0,1115.0,1138.0,491.0,491.0,495.0
4994.0,1186.0,1175.0,1150.0,482.0,498.0,503.0
5043.0,1157.0,1166.0,1175.0,522.0,505.0,518.0
4917.0,1140.0,1162.0,1144.0,490.0,476.0,505.0
4755.0,1162.0,1064.0,1090.0,482.0,479.0,478.0
4704.0,1103.0,1092.0,1094.0,470.0,480.0,465.0
4745.0,1120.0,1116.0,1089.0,487.0,480.0,453.0
4806.0,1129.0,1127.0,1097.0,491.0,489.0,473.0
4989.0,1179.0,1146.0,1189.0,492.0,497.0,486.0
5034.0,1194.0,1161.0,1160.0,497.0,515.0,507.0
4971.0,1141.0,1190.0,1172.0,484.0,494.0,490.0
4744.0,1097.0,1137.0,1087.0,466.0,488.0,469.0
4725.0,1113.0,1070.0,1092.0,483.0,484.0,483.0
4705.0,1068.0,1090.0,1098.0,497.0,459.0,493.0
4815.0,1108.0,1118.0,1131.0,484.0,478.0,496.0
5021.0,1167.0,1192.0,1179.0,500.0,479.0,504.0
5033.0,1171.0,1185.0,1189.0,495.0,494.0,499.0
4899.0,1121.0,1178.0,1141.0,472.0,507.0,480.0
4708.0,1111.0,1080.0,1084.0,472.0,491.0,470.0
4703.0,1107.0,1055.0,1100.0,475.0,485.0,481.0
4771.0,1101.0,1132.0,1116.0,483.0,466.0,473.0
4918.0,1127.0,1177.0,1144.0,497.0,480.0,493.0
5040.0,1164.0,1157.0,1190.0,518.0,494.0,517.0
4944.0,1126.0,1164.0,1158.0,493.0,498.0,505.0
4869.0,1131.0,1145.0,1130.0,482.0,492.0,489.0
4906.0,1157.0,1177.0,1123.0,494.0,479.0,476.0
4843.0,1139.0,1146.0,1133.0,475.0,487.0,463.0
4849.0,1117.0,1122.0,1158.0,475.0,486.0,491.0
4913.0,1140.0,1128.0,1165.0,490.0,504.0,486.0
5088.0,1192.0,1194.0,1167.0,520.0,505.0,510.0
5082.0,1195.0,1197.0,1162.0,522.0,491.0,515.0
4989.0,1133.0,1181.0,1159.0,496.0,509.0,511.0
4818.0,1150.0,1125.0,1109.0,470.0,472.0,492.0
4761.0,1086.0,1102.0,1138.0,486.0,474.0,475.0
4850.0,1116.0,1160.0,1135.0,471.0,482.0,486.0
4937.0,1138.0,1157.0,1165.0,493.0,493.0,491.0
5064.0,1170.0,1199.0,1176.0,505.0,505.0,509.0
5042.0,1190.0,1159.0,1166.0,517.0,505.0,505.0
4973.0,1132.0,1154.0,1171.0,510.0,510.0,496.0
4824.0,1133.0,1103.0,1142.0,483.0,483.0,480.0
4897.0,1154.0,1163.0,1130.0,479.0,479.0,492.0
4820.0,1085.0,1149.0,1164.0,459.0,478.0,485.0
4919.0,1139.0,1142.0,1177.0,484.0,490.0,487.0
5014.0,1187.0,1143.0,1151.0,517.0,498.0,518.0
5118.0,1191.0,1224.0,1170.0,515.0,503.0,515.0
5047.0,1121.0,1218.0,1199.0,508.0,506.0,495.0
4928.0,1175.0,1128.0,1162.0,480.0,501.0,482.0
4790.0,1122.0,1094.0,1127.0,489.0,488.0,470.0
4737.0,1103.0,1098.0,1109.0,471.0,481.0,475.0
4931.0,1141.0,1149.0,1148.0,504.0,488.0,501.0
5073.0,1197.0,1193.0,1175.0,498.0,495.0,515.0
5127.0,1207.0,1200.0,1196.0,505.0,504.0,515.0
5006.0,1163.0,1138.0,1184.0,517.0,506.0,498.0
4938.0,1141.0,1146.0,1164.0,493.0,500.0,494.0
4807.0,1122.0,1124.0,1122.0,479.0,473.0,487.0
4831.0,1122.0,1147.0,1104.0,488.0,497.0,473.0
4950.0,1159.0,1188.0,1138.0,479.0,491.0,495.0
5084.0,1195.0,1189.0,1175.0,518.0,513.0,494.0
5108.0,1195.0,1179.0,1211.0,517.0,497.0,509.0
5026.0,1167.0,1174.0,1172.0,509.0,501.0,503.0
4904.0,1137.0,1168.0,1124.0,488.0,495.0,492.0
4768.0,1100.0,1124.0,1112.0,479.0,461.0,492.0
4856.0,1123.0,1135.0,1111.0,489.0,492.0,506.0
4981.0,1193.0,1125.0,1146.0,498.0,516.0,503.0
5125.0,1189.0,1187.0,1227.0,501.0,508.0,513.0
5183.0,1184.0,1204.0,1233.0,521.0,524.0,517.0
5059.0,1186.0,1172.0,1175.0,510.0,508.0,508.0
4943.0,1193.0,1131.0,1139.0,497.0,501.0,482.0
4803.0,1140.0,1112.0,1106.0,486.0,480.0,479.0
4865.0,1138.0,1121.0,1159.0,505.0,469.0,473.0
4968.0,1175.0,1177.0,1152.0,489.0,490.0,485.0
5145.0,1200.0,1207.0,1216.0,492.0,516.0,514.0
5056.0,1157.0,1144.0,1219.0,498.0,515.0,523.0
5008.0,1147.0,1171.0,1158.0,513.0,512.0,507.0
4990.0,1168.0,1163.0,1148.0,512.0,493.0,506.0
4907.0,1146.0,1163.0,1124.0,496.0,490.0,488.0
4851.0,1112.0,1125.0,1142.0,488.0,479.0,505.0
4964.0,1150.0,1147.0,1184.0,494.0,487.0,502.0
5086.0,1187.0,1203.0,1182.0,510.0,501.0,503.0
5144.0,1167.0,1211.0,1230.0,510.0,510.0,516.0
5021.0,1167.0,1192.0,1157.0,478.0,521.0,506.0
4931.0,1139.0,1142.0,1166.0,492.0,509.0,483.0
4819.0,1142.0,1093.0,1116.0,489.0,490.0,489.0
4894.0,1113.0,1151.0,1147.0,489.0,499.0,495.0
5056.0,1162.0,1192.0,1185.0,507.0,492.0,518.0
5213.0,1257.0,1215.0,1201.0,507.0,517.0,516.0
5113.0,1198.0,1181.0,1179.0,500.0,522.0,533.0
5046.0,1168.0,1177.0,1178.0,510.0,497.0,516.0
4937.0,1168.0,1158.0,1122.0,498.0,503.0,488.0
4854.0,1119.0,1144.0,1155.0,477.0,483.0,476.0
4917.0,1155.0,1133.0,1147.0,502.0,494.0,486.0
5085.0,1191.0,1173.0,1203.0,520.0,501.0,497.0
5148.0,1210.0,1184.0,1205.0,522.0,516.0,511.0
5204.0,1203.0,1220.0,1217.0,509.0,522.0,533.0
5080.0,1164.0,1186.0,1196.0,504.0,513.0,517.0
4972.0,1184.0,1128.0,1182.0,487.0,486.0,505.0
4849.0,1125.0,1135.0,1129.0,490.0,493.0,477.0
4934.0,1136.0,1129.0,1183.0,496.0,487.0,503.0
5093.0,1206.0,1160.0,1193.0,503.0,514.0,517.0
5221.0,1229.0,1211.0,1228.0,518.0,525.0,510.0
5166.0,1193.0,1212.0,1194.0,528.0,534.0,505.0
5109.0,1198.0,1166.0,1196.0,503.0,529.0,517.0
5041.0,1213.0,1160.0,1166.0,489.0,509.0,504.0
4916.0,1166.0,1118.0,1162.0,477.0,499.0,494.0
4895.0,1137.0,1136.0,1169.0,480.0,492.0,481.0
5022.0,1167.0,1146.0,1189.0,504.0,507.0,509.0
5181.0,1238.0,1204.0,1174.0,531.0,517.0,517.0
5186.0,1243.0,1145.0,1222.0,538.0,506.0,532.0
5069.0,1145.0,1206.0,1174.0,516.0,521.0,507.0
5104.0,1200.0,1192.0,1208.0,492.0,512.0,500.0
4950.0,1160.0,1150.0,1170.0,483.0,493.0,494.0
4961.0,1167.0,1142.0,1182.0,489.0,494.0,487.0
4987.0,1177.0,1181.0,1116.0,501.0,506.0,506.0
5192.0,1190.0,1211.0,1225.0,531.0,523.0,512.0
5257.0,1250.0,1239.0,1218.0,531.0,504.0,515.0
5163.0,1164.0,1233.0,1221.0,506.0,509.0,530.0
5061.0,1198.0,1146.0,1185.0,503.0,507.0,522.0
4957.0,1156.0,1135.0,1166.0,494.0,503.0,503.0
4955.0,1142.0,1184.0,1141.0,492.0,507.0,489.0
5059.0,1189.0,1208.0,1151.0,498.0,516.0,497.0
5212.0,1220.0,1209.0,1212.0,532.0,513.0,526.0
5218.0,1221.0,1211.0,1221.0,525.0,518.0,522.0
5130.0,1196.0,1185.0,1207.0,519.0,515.0,508.0
5048.0,1202.0,1187.0,1166.0,500.0,492.0,501.0
5011.0,1163.0,1187.0,1172.0,482.0,498.0,509.0
4931.0,1152.0,1163.0,1134.0,484.0,501.0,497.0
5095.0,1214.0,1151.0,1208.0,497.0,509.0,516.0
5194.0,1220.0,1195.0,1217.0,509.0,529.0,524.0
5258.0,1220.0,1212.0,1228.0,530.0,525.0,543.0
5215.0,1202.0,1227.0,1212.0,525.0,525.0,524.0
5093.0,1211.0,1191.0,1158.0,520.0,502.0,511.0
4911.0,1166.0,1130.0,1125.0,496.0,502.0,492.0
4923.0,1151.0,1188.0,1145.0,489.0,473.0,477.0
5034.0,1185.0,1197.0,1145.0,506.0,503.0,498.0
5278.0,1262.0,1207.0,1263.0,518.0,514.0,514.0
5240.0,1214.0,1208.0,1235.0,514.0,548.0,521.0
5212.0,1208.0,1197.0,1232.0,522.0,528.0,525.0
5041.0,1193.0,1180.0,1140.0,522.0,495.0,511.0
5010.0,1173.0,1180.0,1140.0,500.0,503.0,514.0
4941.0,1130.0,1154.0,1139.0,507.0,505.0,506.0
5133.0,1199.0,1195.0,1211.0,507.0,509.0,512.0
5245.0,1241.0,1197.0,1243.0,513.0,519.0,532.0
5252.0,1198.0,1208.0,1268.0,539.0,524.0,515.0
5161.0,1186.0,1233.0,1210.0,518.0,510.0,504.0
5108.0,1192.0,1198.0,1188.0,514.0,500.0,516.0
5009.0,1146.0,1169.0,1159.0,517.0,511.0,507.0
5028.0,1135.0,1152.0,1219.0,495.0,526.0,501.0
5232.0,1229.0,1248.0,1204.0,508.0,522.0,521.0
5340.0,1226.0,1264.0,1273.0,524.0,526.0,527.0
5274.0,1211.0,1255.0,1229.0,520.0,525.0,534.0
5134.0,1177.0,1175.0,1213.0,532.0,523.0,514.0
5031.0,1224.0,1135.0,1174.0,505.0,488.0,505.0
5072.0,1194.0,1174.0,1193.0,502.0,502.0,507.0
5019.0,1161.0,1205.0,1179.0,510.0,479.0,485.0
5228.0,1208.0,1234.0,1224.0,519.0,531.0,512.0
5285.0,1240.0,1199.0,1266.0,521.0,528.0,531.0
5315.0,1227.0,1256.0,1239.0,519.0,545.0,529.0
5185.0,1194.0,1204.0,1210.0,518.0,524.0,535.0
5125.0,1217.0,1195.0,1189.0,501.0,509.0,514.0
5051.0,1193.0,1162.0,1165.0,512.0,500.0,519.0
5076.0,1177.0,1175.0,1212.0,505.0,491.0,516.0
5189.0,1243.0,1187.0,1230.0,517.0,502.0,510.0
5355.0,1264.0,1265.0,1242.0,514.0,537.0,533.0
5314.0,1245.0,1245.0,1225.0,538.0,534.0,527.0
5291.0,1229.0,1253.0,1233.0,514.0,550.0,512.0
5103.0,1182.0,1181.0,1205.0,519.0,515.0,501.0
5024.0,1182.0,1153.0,1183.0,500.0,503.0,503.0
5060.0,1136.0,1191.0,1203.0,521.0,496.0,513.0
5271.0,1241.0,1243.0,1209.0,544.0,519.0,515.0
5309.0,1249.0,1228.0,1227.0,540.0,536.0,529.0
5337.0,1270.0,1214.0,1260.0,540.0,525.0,528.0
5259.0,1231.0,1235.0,1235.0,519.0,513.0,526.0
5186.0,1202.0,1232.0,1236.0,502.0,511.0,503.0
5064.0,1154.0,1215.0,1210.0,502.0,494.0,489.0
5010.0,1148.0,1159.0,1165.0,497.0,537.0,504.0
5209.0,1231.0,1201.0,1211.0,520.0,526.0,520.0
5319.0,1252.0,1245.0,1225.0,536.0,535.0,526.0
5263.0,1215.0,1235.0,1256.0,512.0,514.0,531.0
5268.0,1212.0,1252.0,1231.0,525.0,526.0,522.0
5223.0,1244.0,1205.0,1227.0,509.0,511.0,527.0
5121.0,1217.0,1195.0,1208.0,487.0,500.0,514.0
5031.0,1161.0,1163.0,1166.0,514.0,523.0,504.0
5231.0,1224.0,1232.0,1210.0,524.0,528.0,513.0
5431.0,1272.0,1302.0,1249.0,542.0,546.0,520.0
5331.0,1218.0,1228.0,1254.0,534.0,557.0,540.0
5247.0,1210.0,1207.0,1263.0,537.0,517.0,513.0
5180.0,1210.0,1193.0,1224.0,515.0,536.0,502.0
5061.0,1199.0,1173.0,1172.0,492.0,510.0,515.0
5084.0,1167.0,1220.0,1168.0,507.0,508.0,514.0
5224.0,1194.0,1252.0,1222.0,523.0,517.0,516.0
5380.0,1271.0,1242.0,1240.0,547.0,530.0,550.0
5388.0,1235.0,1270.0,1256.0,548.0,531.0,548.0
5285.0,1201.0,1229.0,1264.0,536.0,533.0,522.0
5155.0,1201.0,1213.0,1196.0,519.0,507.0,519.0
5035.0,1191.0,1161.0,1168.0,513.0,505.0,497.0
5074.0,1202.0,1155.0,1186.0,499.0,524.0,508.0
5216.0,1222.0,1198.0,1236.0,522.0,513.0,525.0
5467.0,1289.0,1281.0,1291.0,546.0,524.0,536.0
5371.0,1213.0,1250.0,1283.0,550.0,535.0,540.0
5302.0,1210.0,1237.0,1237.0,547.0,537.0,534.0
5190.0,1201.0,1204.0,1184.0,537.0,542.0,522.0
5103.0,1194.0,1202.0,1150.0,491.0,532.0,534.0
5137.0,1195.0,1196.0,1213.0,495.0,515.0,523.0
5298.0,1217.0,1258.0,1238.0,519.0,537.0,529.0
5428.0,1250.0,1253.0,1286.0,545.0,544.0,550.0
5427.0,1271.0,1276.0,1276.0,537.0,535.0,532.0
5318.0,1218.0,1276.0,1235.0,542.0,526.0,521.0
5190.0,1231.0,1237.0,1157.0,521.0,525.0,519.0
5114.0,1191.0,1224.0,1173.0,513.0,513.0,500.0
5152.0,1194.0,1192.0,1213.0,506.0,532.0,515.0
5318.0,1225.0,1215.0,1272.0,521.0,543.0,542.0
5480.0,1292.0,1257.0,1289.0,544.0,547.0,551.0
5467.0,1267.0,1282.0,1274.0,541.0,547.0,556.0
5343.0,1271.0,1248.0,1231.0,524.0,522.0,547.0
5155.0,1228.0,1168.0,1196.0,533.0,506.0,524.0
5066.0,1186.0,1190.0,1184.0,503.0,504.0,499.0
5200.0,1171.0,1243.0,1236.0,534.0,521.0,495.0
5279.0,1223.0,1241.0,1257.0,517.0,522.0,519.0
5420.0,1283.0,1299.0,1254.0,526.0,534.0,524.0
5354.0,1246.0,1235.0,1262.0,533.0,536.0,542.0
5308.0,1262.0,1248.0,1200.0,537.0,526.0,535.0
5278.0,1238.0,1255.0,1224.0,524.0,522.0,515.0
5176.0,1191.0,1238.0,1195.0,529.0,506.0,517.0
5172.0,1180.0,1212.0,1233.0,510.0,514.0,523.0
5258.0,1224.0,1221.0,1226.0,522.0,533.0,532.0
5424.0,1285.0,1268.0,1244.0,543.0,552.0,532.0
5351.0,1241.0,1259.0,1235.0,535.0,540.0,541.0
5387.0,1259.0,1258.0,1243.0,547.0,552.0,528.0
5270.0,1230.0,1199.0,1249.0,535.0,536.0,521.0
5189.0,1207.0,1195.0,1218.0,525.0,522.0,522.0
5219.0,1210.0,1235.0,1227.0,510.0,523.0,514.0
5288.0,1224.0,1244.0,1246.0,528.0,509.0,537.0
5439.0,1287.0,1284.0,1234.0,542.0,537.0,555.0
5496.0,1300.0,1301.0,1286.0,536.0,530.0,543.0
5377.0,1251.0,1238.0,1282.0,532.0,534.0,540.0
5317.0,1248.0,1232.0,1243.0,529.0,529.0,536.0
5244.0,1208.0,1229.0,1225.0,535.0,534.0,513.0
5175.0,1179.0,1231.0,1195.0,520.0,538.0,512.0
5298.0,1276.0,1205.0,1221.0,532.0,539.0,525.0
5430.0,1285.0,1269.0,1242.0,548.0,545.0,541.0
5511.0,1304.0,1289.0,1301.0,531.0,535.0,551.0
5341.0,1234.0,1244.0,1270.0,526.0,534.0,533.0
5348.0,1266.0,1273.0,1234.0,525.0,516.0,534.0
5197.0,1214.0,1196.0,1215.0,527.0,522.0,523.0
5159.0,1209.0,1178.0,1191.0,521.0,536.0,524.0
5324.0,1268.0,1247.0,1188.0,554.0,537.0,530.0
5515.0,1302.0,1307.0,1259.0,539.0,560.0,548.0
5512.0,1287.0,1276.0,1322.0,534.0,532.0,561.0
5434.0,1221.0,1260.0,1314.0,545.0,552.0,542.0
5280.0,1241.0,1217.0,1243.0,531.0,524.0,524.0
5280.0,1258.0,1234.0,1223.0,515.0,526.0,524.0
5205.0,1198.0,1236.0,1203.0,528.0,519.0,521.0
5345.0,1256.0,1264.0,1216.0,536.0,529.0,544.0
5520.0,1291.0,1275.0,1291.0,563.0,539.0,561.0
5554.0,1268.0,1278.0,1337.0,549.0,557.0,565.0
5389.0,1222.0,1282.0,1277.0,530.0,539.0,539.0
5287.0,1231.0,1255.0,1207.0,531.0,543.0,520.0
5284.0,1257.0,1228.0,1226.0,524.0,530.0,519.0
5191.0,1203.0,1232.0,1192.0,529.0,519.0,516.0
5300.0,1230.0,1230.0,1228.0,533.0,542.0,537.0
5510.0,1282.0,1298.0,1285.0,558.0,540.0,547.0
5485.0,1293.0,1262.0,1283.0,550.0,544.0,553.0
5410.0,1237.0,1267.0,1284.0,538.0,525.0,559.0
5334.0,1243.0,1237.0,1248.0,522.0,540.0,544.0
5163.0,1207.0,1217.0,1175.0,516.0,531.0,517.0
5232.0,1190.0,1226.0,1219.0,530.0,531.0,536.0
5485.0,1288.0,1276.0,1287.0,547.0,540.0,547.0
5528.0,1300.0,1280.0,1300.0,560.0,550.0,538.0
5565.0,1279.0,1288.0,1332.0,574.0,545.0,547.0
5389.0,1245.0,1271.0,1269.0,541.0,525.0,538.0
5285.0,1265.0,1237.0,1219.0,526.0,520.0,518.0
5283.0,1234.0,1280.0,1219.0,511.0,527.0,512.0
5282.0,1221.0,1211.0,1256.0,527.0,538.0,529.0
5416.0,1261.0,1258.0,1278.0,527.0,543.0,549.0
5522.0,1299.0,1275.0,1280.0,547.0,560.0,561.0
5544.0,1279.0,1326.0,1282.0,539.0,552.0,566.0
5462.0,1231.0,1320.0,1252.0,555.0,555.0,549.0
5367.0,1250.0,1257.0,1261.0,529.0,534.0,536.0
5263.0,1274.0,1213.0,1219.0,521.0,518.0,518.0
5235.0,1194.0,1235.0,1226.0,523.0,526.0,531.0
5414.0,1262.0,1271.0,1280.0,542.0,517.0,542.0
5590.0,1316.0,1299.0,1294.0,563.0,562.0,556.0
5603.0,1312.0,1310.0,1280.0,569.0,566.0,566.0
5486.0,1312.0,1257.0,1267.0,552.0,552.0,546.0
5347.0,1255.0,1254.0,1239.0,533.0,523.0,543.0
5325.0,1221.0,1271.0,1239.0,537.0,532.0,525.0
5351.0,1239.0,1257.0,1269.0,528.0,521.0,537.0
5441.0,1272.0,1240.0,1301.0,539.0,544.0,545.0
5559.0,1348.0,1259.0,1288.0,554.0,558.0,552.0
5540.0,1307.0,1279.0,1283.0,553.0,561.0,557.0
5463.0,1256.0,1282.0,1273.0,560.0,553.0,539.0
5386.0,1265.0,1249.0,1252.0,544.0,540.0,536.0
5293.0,1249.0,1230.0,1246.0,515.0,527.0,526.0
5254.0,1231.0,1207.0,1225.0,526.0,534.0,531.0
5395.0,1248.0,1262.0,1265.0,546.0,529.0,545.0
5510.0,1279.0,1280.0,1277.0,561.0,547.0,566.0
5572.0,1271.0,1297.0,1317.0,566.0,551.0,570.0
5463.0,1282.0,1267.0,1253.0,549.0,548.0,564.0
5422.0,1267.0,1242.0,1301.0,541.0,541.0,530.0
5329.0,1210.0,1261.0,1259.0,536.0,538.0,525.0
5309.0,1218.0,1261.0,1251.0,534.0,521.0,524.0
5427.0,1239.0,1307.0,1254.0,550.0,549.0,528.0
5492.0,1313.0,1251.0,1270.0,546.0,551.0,561.0
5532.0,1282.0,1310.0,1276.0,549.0,560.0,555.0
5493.0,1263.0,1288.0,1306.0,543.0,532.0,561.0
5427.0,1271.0,1295.0,1249.0,544.0,537.0,531.0
5403.0,1249.0,1263.0,1282.0,529.0,542.0,538.0
5321.0,1231.0,1241.0,1246.0,535.0,531.0,537.0
5441.0,1299.0,1249.0,1238.0,534.0,562.0,559.0
5667.0,1365.0,1318.0,1303.0,560.0,570.0,551.0
5644.0,1315.0,1340.0,1305.0,543.0,580.0,561.0
5507.0,1276.0,1282.0,1293.0,548.0,560.0,548.0
5440.0,1289.0,1256.0,1271.0,528.0,549.0,547.0
5298.0,1239.0,1250.0,1211.0,550.0,519.0,529.0
5327.0,1218.0,1264.0,1241.0,537.0,527.0,540.0
5479.0,1264.0,1277.0,1290.0,539.0,549.0,560.0
5607.0,1326.0,1289.0,1320.0,550.0,561.0,561.0
5636.0,1330.0,1294.0,1320.0,554.0,564.0,574.0
5595.0,1321.0,1303.0,1301.0,565.0,555.0,550.0
5429.0,1300.0,1272.0,1263.0,531.0,540.0,523.0
5370.0,1267.0,1247.0,1240.0,548.0,537.0,531.0
5378.0,1226.0,1273.0,1256.0,545.0,541.0,537.0
5494.0,1283.0,1276.0,1297.0,558.0,546.0,534.0
5680.0,1339.0,1325.0,1325.0,568.0,554.0,569.0
5637.0,1306.0,1306.0,1331.0,570.0,558.0,566.0
5624.0,1322.0,1294.0,1324.0,554.0,555.0,575.0
5413.0,1269.0,1273.0,1242.0,524.0,546.0,559.0
5320.0,1243.0,1233.0,1225.0,533.0,534.0,552.0
5321.0,1246.0,1209.0,1235.0,535.0,548.0,548.0
5573.0,1320.0,1303.0,1275.0,568.0,549.0,558.0
5618.0,1301.0,1314.0,1333.0,564.0,558.0,548.0
5631.0,1298.0,1329.0,1326.0,569.0,561.0,548.0
5550.0,1311.0,1298.0,1274.0,554.0,561.0,552.0
5445.0,1274.0,1278.0,1273.0,531.0,541.0,548.0
5358.0,1298.0,1249.0,1235.0,526.0,524.0,526.0
5402.0,1227.0,1287.0,1256.0,549.0,533.0,550.0
5510.0,1307.0,1241.0,1296.0,551.0,559.0,556.0
5677.0,1335.0,1284.0,1316.0,583.0,575.0,584.0
5652.0,1324.0,1292.0,1310.0,582.0,568.0,576.0
5534.0,1271.0,1271.0,1301.0,554.0,577.0,560.0
5440.0,1261.0,1267.0,1284.0,541.0,544.0,543.0
5389.0,1277.0,1247.0,1278.0,531.0,529.0,527.0
5354.0,1236.0,1239.0,1292.0,530.0,516.0,541.0
5523.0,1274.0,1312.0,1312.0,543.0,538.0,544.0
5657.0,1318.0,1302.0,1326.0,576.0,567.0,568.0
5673.0,1302.0,1323.0,1328.0,572.0,579.0,569.0
5597.0,1318.0,1277.0,1296.0,566.0,573.0,567.0
5484.0,1272.0,1264.0,1282.0,554.0,550.0,562.0
5396.0,1257.0,1251.0,1271.0,526.0,533.0,558.0
5490.0,1283.0,1292.0,1281.0,532.0,543.0,559.0
5570.0,1289.0,1303.0,1315.0,548.0,553.0,562.0
5651.0,1342.0,1320.0,1302.0,571.0,554.0,562.0
5669.0,1328.0,1271.0,1349.0,584.0,572.0,565.0
5548.0,1290.0,1316.0,1264.0,577.0,552.0,549.0
5462.0,1281.0,1281.0,1250.0,555.0,556.0,539.0
5448.0,1296.0,1267.0,1268.0,531.0,543.0,543.0
5430.0,1261.0,1241.0,1292.0,542.0,549.0,545.0
5549.0,1287.0,1301.0,1273.0,559.0,552.0,577.0
5698.0,1318.0,1322.0,1328.0,589.0,561.0,580.0
5722.0,1305.0,1367.0,1327.0,585.0,557.0,581.0
5592.0,1281.0,1320.0,1313.0,574.0,552.0,552.0
5423.0,1258.0,1261.0,1273.0,562.0,534.0,535.0
5508.0,1296.0,1259.0,1312.0,545.0,555.0,541.0
5475.0,1262.0,1274.0,1293.0,545.0,562.0,539.0
5559.0,1311.0,1292.0,1282.0,542.0,565.0,567.0
5667.0,1322.0,1303.0,1337.0,562.0,576.0,567.0
5688.0,1320.0,1335.0,1321.0,564.0,568.0,580.0
5602.0,1299.0,1293.0,1322.0,565.0,553.0,570.0
5573.0,1303.0,1304.0,1293.0,561.0,552.0,560.0
5454.0,1270.0,1272.0,1297.0,539.0,525.0,551.0
5447.0,1237.0,1277.0,1291.0,548.0,537.0,557.0
5591.0,1327.0,1298.0,1284.0,556.0,564.0,562.0
5725.0,1364.0,1333.0,1337.0,555.0,567.0,569.0
5795.0,1333.0,1379.0,1362.0,573.0,577.0,571.0
5660.0,1327.0,1313.0,1331.0,566.0,564.0,559.0
5536.0,1327.0,1257.0,1304.0,558.0,561.0,529.0
5513.0,1304.0,1275.0,1281.0,565.0,537.0,551.0
5403.0,1265.0,1258.0,1250.0,554.0,538.0,538.0
5608.0,1304.0,1315.0,1306.0,554.0,563.0,566.0
5773.0,1346.0,1393.0,1323.0,559.0,580.0,572.0
5773.0,1352.0,1352.0,1355.0,561.0,568.0,585.0
5600.0,1300.0,1260.0,1352.0,557.0,563.0,568.0
5549.0,1294.0,1308.0,1278.0,555.0,563.0,551.0
5525.0,1295.0,1298.0,1275.0,560.0,556.0,541.0
5450.0,1275.0,1257.0,1272.0,556.0,553.0,537.0
5641.0,1323.0,1320.0,1306.0,562.0,568.0,562.0
5730.0,1338.0,1338.0,1343.0,573.0,570.0,568.0
5774.0,1344.0,1328.0,1373.0,561.0,583.0,585.0
5734.0,1330.0,1351.0,1349.0,566.0,572.0,566.0
5587.0,1301.0,1317.0,1292.0,547.0,552.0,578.0
5447.0,1285.0,1253.0,1255.0,545.0,555.0,554.0
5479.0,1261.0,1261.0,1282.0,544.0,569.0,562.0
5732.0,1339.0,1328.0,1362.0,572.0,566.0,565.0
5828.0,1376.0,1371.0,1344.0,567.0,597.0,573.0
5749.0,1318.0,1353.0,1357.0,565.0,581.0,575.0
5598.0,1286.0,1290.0,1346.0,550.0,563.0,563.0
5495.0,1324.0,1267.0,1269.0,542.0,554.0,539.0
5455.0,1285.0,1293.0,1229.0,547.0,548.0,553.0
5541.0,1283.0,1294.0,1295.0,559.0,555.0,555.0
5742.0,1324.0,1349.0,1344.0,573.0,577.0,575.0
5823.0,1381.0,1328.0,1362.0,573.0,582.0,597.0
5721.0,1318.0,1315.0,1340.0,575.0,591.0,582.0
5616.0,1309.0,1282.0,1314.0,571.0,570.0,570.0
5632.0,1324.0,1323.0,1307.0,560.0,564.0,554.0
5561.0,1301.0,1303.0,1290.0,557.0,552.0,558.0
5488.0,1259.0,1273.0,1309.0,549.0,556.0,542.0
5659.0,1315.0,1307.0,1333.0,574.0,561.0,569.0
5788.0,1354.0,1342.0,1353.0,575.0,594.0,570.0
5786.0,1349.0,1360.0,1350.0,558.0,581.0,588.0
5678.0,1334.0,1317.0,1314.0,558.0,578.0,577.0
5598.0,1317.0,1308.0,1289.0,552.0,559.0,573.0
5520.0,1294.0,1271.0,1299.0,536.0,568.0,552.0
5519.0,1240.0,1311.0,1294.0,552.0,555.0,567.0
5713.0,1308.0,1350.0,1341.0,574.0,564.0,576.0
5862.0,1403.0,1391.0,1350.0,578.0,573.0,567.0
5721.0,1321.0,1337.0,1335.0,589.0,574.0,565.0
5732.0,1354.0,1334.0,1337.0,570.0,568.0,569.0
5631.0,1317.0,1342.0,1307.0,548.0,563.0,554.0
5559.0,1266.0,1328.0,1287.0,561.0,552.0,565.0
5628.0,1310.0,1320.0,1317.0,544.0,569.0,568.0
5749.0,1348.0,1305.0,1360.0,583.0,573.0,580.0
5755.0,1367.0,1324.0,1321.0,584.0,579.0,580.0
5846.0,1367.0,1362.0,1348.0,606.0,581.0,582.0
5747.0,1325.0,1313.0,1366.0,584.0,573.0,586.0
5602.0,1328.0,1277.0,1331.0,549.0,554.0,563.0
5635.0,1306.0,1315.0,1354.0,552.0,557.0,551.0
5579.0,1281.0,1313.0,1314.0,557.0,569.0,545.0
5687.0,1339.0,1335.0,1307.0,563.0,581.0,562.0
5896.0,1383.0,1359.0,1392.0,586.0,594.0,582.0
5792.0,1347.0,1339.0,1356.0,580.0,576.0,594.0
5733.0,1339.0,1313.0,1353.0,572.0,578.0,578.0
5706.0,1321.0,1320.0,1355.0,576.0,572.0,562.0
5627.0,1309.0,1329.0,1316.0,560.0,550.0,563.0
5564.0,1279.0,1313.0,1303.0,559.0,549.0,561.0
5682.0,1337.0,1347.0,1304.0,557.0,569.0,568.0
5838.0,1408.0,1300.0,1376.0,594.0,581.0,579.0
5906.0,1352.0,1389.0,1379.0,597.0,597.0,592.0
5843.0,1306.0,1397.0,1382.0,602.0,583.0,573.0
5744.0,1364.0,1342.0,1322.0,581.0,583.0,552.0
5560.0,1313.0,1275.0,1286.0,571.0,555.0,560.0
5553.0,1282.0,1287.0,1308.0,548.0,550.0,578.0
5696.0,1334.0,1317.0,1331.0,557.0,578.0,579.0
5846.0,1365.0,1364.0,1371.0,578.0,569.0,599.0
5893.0,1381.0,1347.0,1391.0,591.0,587.0,596.0
5794.0,1353.0,1345.0,1358.0,579.0,571.0,588.0
5681.0,1349.0,1300.0,1322.0,573.0,568.0,569.0
5636.0,1319.0,1319.0,1316.0,554.0,559.0,569.0
5615.0,1257.0,1339.0,1323.0,558.0,563.0,575.0
5726.0,1323.0,1353.0,1355.0,560.0,568.0,567.0
5865.0,1390.0,1337.0,1381.0,583.0,586.0,588.0
5835.0,1321.0,1346.0,1394.0,598.0,585.0,591.0
5813.0,1341.0,1366.0,1347.0,583.0,578.0,598.0
5676.0,1321.0,1324.0,1326.0,561.0,568.0,576.0
5646.0,1327.0,1318.0,1306.0,557.0,573.0,565.0
5658.0,1297.0,1312.0,1332.0,561.0,567.0,589.0
5789.0,1364.0,1332.0,1365.0,563.0,582.0,583.0
5956.0,1400.0,1387.0,1405.0,585.0,601.0,578.0
5917.0,1375.0,1394.0,1386.0,592.0,594.0,576.0
5831.0,1327.0,1370.0,1379.0,587.0,588.0,580.0
5671.0,1357.0,1307.0,1308.0,579.0,561.0,559.0
5661.0,1361.0,1297.0,1330.0,560.0,552.0,561.0
5672.0,1275.0,1374.0,1304.0,575.0,570.0,574.0
5739.0,1332.0,1350.0,1357.0,575.0,566.0,559.0
5989.0,1424.0,1371.0,1400.0,594.0,595.0,605.0
5941.0,1380.0,1371.0,1394.0,586.0,609.0,601.0
5797.0,1345.0,1347.0,1359.0,586.0,580.0,580.0
5777.0,1363.0,1352.0,1320.0,584.0,583.0,575.0
5663.0,1332.0,1336.0,1313.0,570.0,557.0,555.0
5679.0,1297.0,1330.0,1332.0,587.0,566.0,567.0
5755.0,1339.0,1344.0,1362.0,570.0,579.0,561.0
5980.0,1414.0,1409.0,1386.0,593.0,596.0,582.0
5914.0,1383.0,1413.0,1361.0,583.0,579.0,595.0
5830.0,1370.0,1393.0,1337.0,580.0,573.0,577.0
5779.0,1367.0,1353.0,1329.0,575.0,571.0,584.0
5681.0,1320.0,1309.0,1347.0,558.0,576.0,571.0
5761.0,1336.0,1354.0,1345.0,583.0,565.0,578.0
5787.0,1339.0,1359.0,1337.0,590.0,582.0,580.0
5889.0,1391.0,1392.0,1338.0,589.0,586.0,593.0
5854.0,1367.0,1393.0,1342.0,595.0,588.0,569.0
5799.0,1330.0,1352.0,1376.0,582.0,578.0,581.0
5735.0,1364.0,1326.0,1329.0,582.0,567.0,567.0
5682.0,1309.0,1328.0,1330.0,567.0,575.0,573.0
5688.0,1300.0,1339.0,1331.0,576.0,573.0,569.0
5846.0,1373.0,1326.0,1384.0,591.0,582.0,590.0
5955.0,1417.0,1355.0,1366.0,611.0,612.0,594.0
5888.0,1371.0,1384.0,1349.0,582.0,598.0,604.0
5850.0,1337.0,1378.0,1362.0,579.0,586.0,608.0
5805.0,1357.0,1369.0,1352.0,573.0,572.0,582.0
5620.0,1305.0,1303.0,1331.0,559.0,556.0,566.0
5672.0,1296.0,1327.0,1350.0,560.0,563.0,576.0
5825.0,1354.0,1336.0,1366.0,605.0,589.0,575.0
5971.0,1402.0,1407.0,1363.0,602.0,609.0,588.0
6019.0,1379.0,1432.0,1387.0,606.0,609.0,606.0
5859.0,1359.0,1351.0,1369.0,585.0,594.0,601.0
5888.0,1387.0,1363.0,1387.0,579.0,575.0,597.0
5742.0,1346.0,1362.0,1347.0,553.0,563.0,571.0
5740.0,1345.0,1362.0,1325.0,562.0,568.0,578.0
5830.0,1380.0,1366.0,1322.0,590.0,582.0,590.0
5977.0,1412.0,1388.0,1376.0,618.0,591.0,592.0
5889.0,1371.0,1348.0,1360.0,622.0,598.0,590.0
5910.0,1340.0,1388.0,1398.0,595.0,597.0,592.0
5846.0,1363.0,1384.0,1369.0,583.0,578.0,569.0
5693.0,1330.0,1338.0,1338.0,549.0,577.0,561.0
5677.0,1304.0,1317.0,1323.0,564.0,587.0,582.0
5871.0,1373.0,1360.0,1373.0,587.0,586.0,592.0
6066.0,1432.0,1393.0,1424.0,608.0,596.0,613.0
5989.0,1390.0,1408.0,1386.0,601.0,594.0,610.0
5954.0,1371.0,1393.0,1412.0,599.0,590.0,589.0
5830.0,1357.0,1333.0,1382.0,587.0,582.0,589.0
5654.0,1332.0,1320.0,1285.0,577.0,583.0,557.0
5761.0,1359.0,1324.0,1353.0,576.0,581.0,568.0
5851.0,1345.0,1407.0,1343.0,580.0,593.0,583.0
6010.0,1415.0,1379.0,1403.0,602.0,601.0,610.0
5960.0,1389.0,1374.0,1404.0,595.0,596.0,602.0
5916.0,1372.0,1382.0,1359.0,604.0,592.0,607.0
5838.0,1391.0,1369.0,1334.0,589.0,572.0,583.0
5740.0,1364.0,1329.0,1332.0,572.0,563.0,580.0
5774.0,1325.0,1332.0,1364.0,576.0,586.0,591.0
5864.0,1394.0,1351.0,1367.0,577.0,593.0,582.0
6085.0,1408.0,1419.0,1462.0,605.0,596.0,595.0
6066.0,1407.0,1408.0,1429.0,616.0,609.0,597.0
5969.0,1409.0,1389.0,1392.0,596.0,595.0,588.0
5805.0,1366.0,1360.0,1332.0,591.0,587.0,569.0
5713.0,1355.0,1316.0,1320.0,577.0,564.0,581.0
5726.0,1359.0,1328.0,1335.0,558.0,572.0,574.0
5909.0,1357.0,1396.0,1382.0,579.0,600.0,595.0
6033.0,1419.0,1410.0,1394.0,592.0,606.0,612.0
6001.0,1397.0,1402.0,1367.0,612.0,607.0,616.0
5933.0,1358.0,1394.0,1385.0,597.0,596.0,603.0
5877.0,1385.0,1362.0,1350.0,599.0,594.0,587.0
5791.0,1338.0,1353.0,1343.0,581.0,596.0,580.0
5796.0,1365.0,1336.0,1369.0,593.0,571.0,562.0
5885.0,1380.0,1347.0,1397.0,584.0,587.0,590.0
5978.0,1421.0,1382.0,1394.0,588.0,584.0,609.0
6027.0,1406.0,1404.0,1424.0,584.0,605.0,604.0
5971.0,1387.0,1393.0,1393.0,598.0,587.0,613.0
5889.0,1376.0,1367.0,1364.0,594.0,594.0,594.0
5818.0,1358.0,1330.0,1359.0,593.0,592.0,586.0
5760.0,1328.0,1310.0,1352.0,581.0,597.0,592.0
5932.0,1377.0,1377.0,1397.0,603.0,595.0,583.0
6034.0,1440.0,1402.0,1421.0,590.0,591.0,590.0
6006.0,1372.0,1396.0,1429.0,603.0,609.0,597.0
5971.0,1372.0,1405.0,1391.0,604.0,611.0,588.0
5860.0,1381.0,1361.0,1393.0,575.0,574.0,576.0
5795.0,1365.0,1319.0,1356.0,586.0,583.0,586.0
5800.0,1334.0,1355.0,1363.0,590.0,577.0,581.0
5955.0,1390.0,1390.0,1375.0,590.0,603.0,607.0
6040.0,1426.0,1391.0,1412.0,606.0,594.0,611.0
6056.0,1380.0,1406.0,1428.0,601.0,613.0,628.0
6024.0,1407.0,1409.0,1403.0,603.0,598.0,604.0
5927.0,1390.0,1395.0,1387.0,592.0,572.0,591.0
5844.0,1345.0,1329.0,1410.0,586.0,575.0,599.0
5806.0,1369.0,1342.0,1350.0,587.0,585.0,573.0
5917.0,1402.0,1383.0,1351.0,596.0,587.0,598.0
6046.0,1423.0,1403.0,1401.0,611.0,612.0,596.0
6133.0,1438.0,1446.0,1420.0,607.0,609.0,613.0
6073.0,1401.0,1427.0,1427.0,593.0,609.0,616.0
5920.0,1407.0,1351.0,1403.0,574.0,587.0,598.0
5813.0,1352.0,1349.0,1356.0,581.0,580.0,595.0
5810.0,1336.0,1372.0,1358.0,577.0,575.0,592.0
6023.0,1377.0,1456.0,1385.0,601.0,602.0,602.0
6114.0,1430.0,1438.0,1408.0,622.0,609.0,607.0
6046.0,1383.0,1409.0,1421.0,624.0,603.0,606.0
6002.0,1413.0,1366.0,1407.0,606.0,614.0,596.0
5962.0,1374.0,1402.0,1421.0,587.0,592.0,586.0
5880.0,1378.0,1370.0,1389.0,572.0,595.0,576.0
5848.0,1326.0,1394.0,1358.0,588.0,583.0,599.0
6018.0,1395.0,1407.0,1412.0,595.0,607.0,602.0
6136.0,1422.0,1445.0,1420.0,619.0,616.0,614.0
6141.0,1423.0,1452.0,1439.0,609.0,601.0,617.0
6030.0,1371.0,1405.0,1439.0,603.0,606.0,606.0
5911.0,1384.0,1394.0,1370.0,577.0,585.0,601.0
5800.0,1382.0,1344.0,1333.0,575.0,578.0,588.0
5872.0,1358.0,1392.0,1343.0,591.0,605.0,583.0
6005.0,1401.0,1408.0,1391.0,606.0,606.0,593.0
6119.0,1427.0,1408.0,1432.0,621.0,620.0,611.0
6081.0,1387.0,1393.0,1467.0,610.0,623.0,601.0
5976.0,1384.0,1376.0,1384.0,614.0,606.0,612.0
5903.0,1388.0,1398.0,1347.0,577.0,592.0,601.0
5802.0,1404.0,1360.0,1299.0,575.0,574.0,590.0
5889.0,1368.0,1385.0,1364.0,585.0,589.0,598.0
5985.0,1408.0,1380.0,1404.0,588.0,594.0,611.0
6181.0,1437.0,1437.0,1453.0,612.0,628.0,614.0
6145.0,1414.0,1436.0,1440.0,625.0,618.0,612.0
6090.0,1417.0,1419.0,1422.0,619.0,614.0,599.0
5933.0,1395.0,1399.0,1366.0,591.0,593.0,589.0
5851.0,1373.0,1382.0,1346.0,586.0,581.0,583.0
5891.0,1396.0,1369.0,1381.0,584.0,576.0,585.0
6034.0,1387.0,1412.0,1433.0,586.0,602.0,614.0
6187.0,1445.0,1422.0,1462.0,622.0,622.0,614.0
6182.0,1429.0,1466.0,1398.0,635.0,626.0,628.0
6063.0,1397.0,1412.0,1389.0,621.0,622.0,622.0
5968.0,1381.0,1394.0,1389.0,601.0,602.0,601.0
5956.0,1406.0,1375.0,1389.0,581.0,609.0,596.0
5878.0,1339.0,1389.0,1399.0,582.0,589.0,580.0
6051.0,1395.0,1442.0,1423.0,603.0,586.0,602.0
6161.0,1460.0,1402.0,1450.0,615.0,612.0,622.0
6108.0,1414.0,1416.0,1424.0,621.0,601.0,632.0
6063.0,1407.0,1435.0,1397.0,613.0,605.0,606.0
5967.0,1405.0,1372.0,1397.0,596.0,598.0,599.0
5981.0,1384.0,1382.0,1418.0,597.0,600.0,600.0
5999.0,1367.0,1395.0,1433.0,601.0,610.0,593.0
6021.0,1388.0,1380.0,1445.0,602.0,602.0,604.0
6150.0,1447.0,1421.0,1435.0,622.0,612.0,613.0
6170.0,1462.0,1456.0,1392.0,618.0,628.0,614.0
6147.0,1438.0,1453.0,1424.0,614.0,612.0,606.0
5972.0,1400.0,1370.0,1415.0,602.0,595.0,590.0
5888.0,1406.0,1339.0,1371.0,601.0,585.0,586.0
5939.0,1353.0,1415.0,1379.0,599.0,600.0,593.0
6077.0,1391.0,1429.0,1433.0,615.0,600.0,609.0
6185.0,1425.0,1445.0,1420.0,626.0,626.0,643.0
6235.0,1423.0,1482.0,1450.0,625.0,627.0,628.0
6144.0,1426.0,1418.0,1454.0,609.0,620.0,617.0
6020.0,1408.0,1381.0,1413.0,605.0,602.0,611.0
6033.0,1421.0,1414.0,1422.0,605.0,580.0,591.0
5962.0,1389.0,1411.0,1382.0,600.0,584.0,596.0
6035.0,1415.0,1405.0,1397.0,609.0,606.0,603.0
6181.0,1462.0,1452.0,1412.0,621.0,612.0,622.0
6256.0,1445.0,1478.0,1453.0,637.0,614.0,629.0
6187.0,1438.0,1459.0,1445.0,600.0,622.0,623.0
6132.0,1413.0,1432.0,1421.0,621.0,616.0,629.0
5938.0,1396.0,1341.0,1399.0,599.0,600.0,603.0
5934.0,1364.0,1387.0,1376.0,615.0,595.0,597.0
6144.0,1444.0,1444.0,1420.0,612.0,617.0,607.0
6234.0,1464.0,1486.0,1438.0,603.0,618.0,625.0
6167.0,1439.0,1421.0,1440.0,610.0,634.0,623.0
6166.0,1400.0,1426.0,1478.0,615.0,625.0,622.0
6086.0,1438.0,1399.0,1431.0,611.0,620.0,587.0
5930.0,1387.0,1389.0,1358.0,604.0,596.0,596.0
5992.0,1375.0,1429.0,1354.0,613.0,611.0,610.0
6134.0,1421.0,1431.0,1443.0,619.0,602.0,618.0
6248.0,1468.0,1459.0,1460.0,616.0,618.0,627.0
6238.0,1419.0,1481.0,1466.0,626.0,606.0,640.0
6151.0,1415.0,1466.0,1432.0,608.0,603.0,627.0
6023.0,1407.0,1403.0,1410.0,606.0,592.0,605.0
5950.0,1439.0,1352.0,1371.0,595.0,603.0,590.0
6011.0,1408.0,1388.0,1399.0,613.0,604.0,599.0
6136.0,1441.0,1435.0,1430.0,609.0,621.0,600.0
6334.0,1521.0,1459.0,1468.0,631.0,641.0,614.0
6283.0,1480.0,1472.0,1455.0,630.0,623.0,623.0
6103.0,1409.0,1424.0,1418.0,610.0,613.0,629.0
6041.0,1409.0,1409.0,1412.0,603.0,601.0,607.0
6013.0,1409.0,1442.0,1374.0,596.0,587.0,605.0
6052.0,1388.0,1427.0,1429.0,604.0,595.0,609.0
6168.0,1435.0,1447.0,1442.0,612.0,615.0,617.0
6259.0,1464.0,1456.0,1451.0,637.0,635.0,616.0
6345.0,1494.0,1486.0,1457.0,643.0,642.0,623.0
6172.0,1429.0,1449.0,1451.0,610.0,617.0,616.0
6095.0,1454.0,1419.0,1384.0,611.0,612.0,615.0
5998.0,1434.0,1396.0,1389.0,590.0,593.0,596.0
5961.0,1380.0,1373.0,1410.0,591.0,590.0,617.0
6235.0,1445.0,1437.0,1471.0,632.0,631.0,619.0
6344.0,1507.0,1472.0,1463.0,634.0,611.0,657.0
6300.0,1487.0,1459.0,1461.0,640.0,625.0,628.0
6230.0,1452.0,1463.0,1409.0,643.0,637.0,626.0
6071.0,1445.0,1377.0,1409.0,621.0,612.0,607.0
5998.0,1408.0,1373.0,1412.0,593.0,622.0,590.0
6111.0,1419.0,1434.0,1427.0,607.0,621.0,603.0
6182.0,1449.0,1425.0,1450.0,621.0,625.0,612.0
6304.0,1486.0,1478.0,1461.0,629.0,631.0,619.0
6291.0,1462.0,1441.0,1474.0,634.0,635.0,645.0
6111.0,1416.0,1408.0,1427.0,631.0,604.0,625.0
6118.0,1436.0,1447.0,1399.0,608.0,606.0,622.0
6111.0,1450.0,1437.0,1384.0,606.0,608.0,626.0
6026.0,1390.0,1405.0,1417.0,592.0,627.0,595.0
6144.0,1428.0,1428.0,1418.0,614.0,625.0,631.0
6277.0,1485.0,1444.0,1473.0,610.0,633.0,632.0
6295.0,1468.0,1505.0,1438.0,640.0,627.0,617.0
6265.0,1434.0,1507.0,1442.0,632.0,621.0,629.0
6132.0,1456.0,1404.0,1443.0,622.0,601.0,606.0
6009.0,1425.0,1374.0,1416.0,595.0,593.0,606.0
6067.0,1420.0,1402.0,1432.0,608.0,602.0,603.0
6240.0,1456.0,1485.0,1442.0,603.0,623.0,631.0
6323.0,1491.0,1468.0,1452.0,639.0,638.0,635.0
6280.0,1433.0,1469.0,1457.0,639.0,640.0,642.0
6221.0,1452.0,1435.0,1444.0,625.0,630.0,635.0
6123.0,1436.0,1419.0,1406.0,620.0,631.0,611.0
6087.0,1441.0,1417.0,1411.0,612.0,602.0,604.0
6101.0,1406.0,1444.0,1428.0,619.0,604.0,600.0
6109.0,1434.0,1430.0,1398.0,623.0,623.0,601.0
6291.0,1483.0,1493.0,1450.0,622.0,611.0,632.0
6311.0,1454.0,1473.0,1477.0,633.0,634.0,640.0
6319.0,1441.0,1510.0,1479.0,636.0,632.0,621.0
6225.0,1453.0,1460.0,1449.0,625.0,625.0,613.0
6096.0,1446.0,1388.0,1429.0,607.0,607.0,619.0
6089.0,1418.0,1429.0,1391.0,621.0,613.0,617.0
6228.0,1463.0,1465.0,1456.0,612.0,620.0,612.0
6371.0,1511.0,1490.0,1492.0,623.0,617.0,638.0
6362.0,1472.0,1488.0,1514.0,625.0,625.0,638.0
6337.0,1479.0,1469.0,1489.0,624.0,637.0,639.0
6149.0,1426.0,1422.0,1452.0,621.0,614.0,614.0
6078.0,1430.0,1436.0,1379.0,610.0,613.0,610.0
6091.0,1400.0,1455.0,1394.0,612.0,615.0,615.0
6186.0,1419.0,1483.0,1411.0,627.0,632.0,614.0
6382.0,1529.0,1459.0,1487.0,633.0,630.0,644.0
6325.0,1444.0,1458.0,1490.0,637.0,641.0,655.0
6338.0,1471.0,1504.0,1478.0,626.0,624.0,635.0
6211.0,1485.0,1445.0,1454.0,608.0,604.0,615.0
6108.0,1429.0,1452.0,1405.0,613.0,600.0,609.0
6102.0,1412.0,1413.0,1428.0,623.0,611.0,615.0
6164.0,1424.0,1433.0,1451.0,628.0,617.0,611.0
6451.0,1499.0,1508.0,1527.0,635.0,640.0,642.0
6466.0,1513.0,1523.0,1503.0,635.0,647.0,645.0
6317.0,1454.0,1505.0,1470.0,623.0,633.0,632.0
6107.0,1439.0,1407.0,1414.0,616.0,610.0,621.0
6087.0,1394.0,1456.0,1421.0,601.0,598.0,617.0
6153.0,1435.0,1436.0,1434.0,629.0,607.0,612.0
6308.0,1468.0,1473.0,1497.0,625.0,626.0,619.0
6387.0,1502.0,1489.0,1484.0,649.0,635.0,628.0
6446.0,1509.0,1489.0,1505.0,660.0,651.0,632.0
6281.0,1455.0,1462.0,1458.0,635.0,650.0,621.0
6194.0,1454.0,1454.0,1444.0,608.0,621.0,613.0
6197.0,1476.0,1438.0,1431.0,616.0,615.0,621.0
6140.0,1401.0,1456.0,1427.0,617.0,618.0,621.0
6255.0,1471.0,1421.0,1488.0,630.0,611.0,634.0
6407.0,1513.0,1467.0,1496.0,653.0,629.0,649.0
6422.0,1496.0,1511.0,1470.0,658.0,644.0,643.0
6322.0,1467.0,1492.0,1468.0,631.0,629.0,635.0
6170.0,1443.0,1423.0,1417.0,625.0,636.0,626.0
6105.0,1436.0,1399.0,1454.0,602.0,618.0,596.0
6149.0,1416.0,1423.0,1470.0,616.0,624.0,600.0
6314.0,1456.0,1497.0,1485.0,643.0,624.0,609.0
6428.0,1498.0,1516.0,1496.0,642.0,641.0,635.0
6418.0,1478.0,1513.0,1507.0,643.0,630.0,647.0
6277.0,1456.0,1456.0,1477.0,628.0,624.0,636.0
6215.0,1476.0,1432.0,1434.0,615.0,620.0,638.0
6191.0,1443.0,1464.0,1441.0,596.0,629.0,618.0
6202.0,1454.0,1442.0,1463.0,624.0,614.0,605.0
6266.0,1480.0,1436.0,1467.0,615.0,633.0,635.0
6407.0,1505.0,1469.0,1492.0,644.0,649.0,648.0
6409.0,1490.0,1507.0,1485.0,663.0,638.0,626.0
6350.0,1473.0,1472.0,1492.0,635.0,643.0,635.0
6283.0,1466.0,1460.0,1486.0,636.0,624.0,611.0
6156.0,1447.0,1447.0,1446.0,605.0,593.0,618.0
6215.0,1466.0,1423.0,1471.0,617.0,618.0,620.0
6282.0,1469.0,1486.0,1449.0,628.0,616.0,634.0
6516.0,1522.0,1545.0,1498.0,658.0,651.0,642.0
6447.0,1480.0,1522.0,1481.0,655.0,661.0,648.0
6348.0,1448.0,1475.0,1499.0,643.0,636.0,647.0
6267.0,1471.0,1444.0,1463.0,632.0,627.0,630.0
6220.0,1443.0,1487.0,1439.0,621.0,611.0,619.0
6199.0,1439.0,1476.0,1459.0,605.0,600.0,620.0
6320.0,1503.0,1494.0,1459.0,627.0,613.0,624.0
6474.0,1512.0,1506.0,1507.0,660.0,640.0,649.0
6421.0,1496.0,1495.0,1486.0,657.0,641.0,646.0
6468.0,1498.0,1517.0,1498.0,655.0,648.0,652.0
6304.0,1471.0,1447.0,1470.0,634.0,642.0,640.0
6246.0,1454.0,1456.0,1456.0,627.0,621.0,632.0
6150.0,1434.0,1448.0,1403.0,607.0,627.0,631.0
6355.0,1514.0,1471.0,1457.0,627.0,647.0,639.0
6470.0,1498.0,1508.0,1529.0,645.0,638.0,652.0
6500.0,1495.0,1531.0,1525.0,662.0,642.0,645.0
6446.0,1497.0,1524.0,1515.0,638.0,640.0,632.0
6316.0,1504.0,1463.0,1481.0,629.0,627.0,612.0
6203.0,1436.0,1444.0,1436.0,631.0,642.0,614.0
6271.0,1460.0,1465.0,1448.0,628.0,630.0,640.0
6315.0,1473.0,1477.0,1447.0,629.0,652.0,637.0
6458.0,1516.0,1496.0,1506.0,643.0,641.0,656.0
6489.0,1498.0,1493.0,1538.0,662.0,645.0,653.0
6439.0,1492.0,1499.0,1508.0,644.0,638.0,658.0
6338.0,1493.0,1504.0,1442.0,631.0,630.0,638.0
6226.0,1446.0,1428.0,1471.0,642.0,614.0,625.0
6237.0,1450.0,1443.0,1464.0,629.0,628.0,623.0
6335.0,1482.0,1474.0,1485.0,635.0,642.0,617.0
6523.0,1510.0,1540.0,1541.0,638.0,656.0,638.0
6530.0,1543.0,1509.0,1527.0,640.0,653.0,658.0
6458.0,1474.0,1511.0,1532.0,640.0,657.0,644.0
6336.0,1486.0,1487.0,1444.0,630.0,647.0,642.0
6200.0,1443.0,1449.0,1425.0,638.0,615.0,630.0
6162.0,1434.0,1418.0,1423.0,634.0,619.0,634.0
6382.0,1495.0,1472.0,1518.0,638.0,616.0,643.0
6530.0,1539.0,1518.0,1544.0,635.0,641.0,653.0
6503.0,1501.0,1490.0,1546.0,654.0,664.0,648.0
6394.0,1492.0,1488.0,1489.0,633.0,649.0,643.0
6314.0,1495.0,1492.0,1433.0,638.0,632.0,624.0
6357.0,1494.0,1474.0,1483.0,638.0,640.0,628.0
6312.0,1463.0,1480.0,1472.0,647.0,628.0,622.0
6381.0,1514.0,1461.0,1503.0,628.0,633.0,642.0
6526.0,1548.0,1488.0,1543.0,638.0,650.0,659.0
6526.0,1508.0,1539.0,1521.0,649.0,652.0,657.0
6455.0,1491.0,1537.0,1487.0,638.0,633.0,669.0
6366.0,1509.0,1506.0,1443.0,637.0,640.0,631.0
6281.0,1458.0,1460.0,1492.0,626.0,614.0,631.0
6311.0,1431.0,1475.0,1502.0,639.0,647.0,617.0
6427.0,1497.0,1471.0,1532.0,644.0,636.0,647.0
6541.0,1509.0,1563.0,1510.0,655.0,662.0,642.0
6456.0,1510.0,1493.0,1518.0,629.0,653.0,653.0
6436.0,1479.0,1510.0,1501.0,644.0,646.0,656.0
6363.0,1490.0,1507.0,1457.0,633.0,636.0,640.0
6391.0,1501.0,1467.0,1504.0,640.0,632.0,647.0
6384.0,1496.0,1497.0,1511.0,628.0,626.0,626.0
6463.0,1515.0,1506.0,1512.0,650.0,642.0,638.0
6500.0,1526.0,1491.0,1521.0,662.0,661.0,639.0
6541.0,1542.0,1520.0,1498.0,657.0,681.0,643.0
6458.0,1513.0,1534.0,1480.0,634.0,646.0,651.0
6424.0,1494.0,1511.0,1517.0,642.0,636.0,624.0
6350.0,1493.0,1482.0,1504.0,610.0,628.0,633.0
6285.0,1452.0,1458.0,1483.0,623.0,634.0,635.0
6358.0,1496.0,1464.0,1489.0,647.0,626.0,636.0
6632.0,1549.0,1565.0,1525.0,660.0,666.0,667.0
6588.0,1542.0,1553.0,1516.0,669.0,655.0,653.0
6472.0,1500.0,1499.0,1509.0,649.0,662.0,653.0
6374.0,1513.0,1460.0,1485.0,638.0,634.0,644.0
6274.0,1448.0,1448.0,1503.0,625.0,623.0,627.0
6326.0,1469.0,1486.0,1471.0,624.0,636.0,640.0
6439.0,1503.0,1529.0,1487.0,658.0,630.0,632.0
6533.0,1540.0,1517.0,1511.0,670.0,652.0,643.0
6459.0,1491.0,1493.0,1503.0,656.0,656.0,660.0
6459.0,1485.0,1505.0,1492.0,663.0,659.0,655.0
6475.0,1477.0,1536.0,1520.0,634.0,655.0,653.0
6395.0,1495.0,1494.0,1485.0,633.0,638.0,650.0
6381.0,1450.0,1500.0,1494.0,647.0,649.0,641.0
6465.0,1519.0,1475.0,1531.0,664.0,634.0,642.0
6629.0,1566.0,1532.0,1545.0,665.0,651.0,670.0
6609.0,1524.0,1552.0,1540.0,674.0,661.0,658.0
6598.0,1497.0,1586.0,1552.0,653.0,654.0,656.0
6461.0,1531.0,1518.0,1516.0,648.0,638.0,610.0
6322.0,1493.0,1432.0,1500.0,627.0,633.0,637.0
6327.0,1449.0,1476.0,1484.0,628.0,651.0,639.0
6527.0,1523.0,1551.0,1508.0,631.0,657.0,657.0
6613.0,1547.0,1534.0,1545.0,642.0,669.0,676.0
6633.0,1551.0,1501.0,1570.0,675.0,670.0,666.0
6558.0,1530.0,1508.0,1555.0,661.0,656.0,648.0
6450.0,1501.0,1511.0,1499.0,660.0,640.0,639.0
6359.0,1499.0,1500.0,1476.0,637.0,616.0,631.0
6299.0,1418.0,1496.0,1481.0,631.0,638.0,635.0
6524.0,1526.0,1529.0,1530.0,642.0,650.0,647.0
6621.0,1526.0,1531.0,1570.0,676.0,651.0,667.0
6688.0,1588.0,1537.0,1562.0,664.0,668.0,669.0
6606.0,1525.0,1542.0,1525.0,672.0,671.0,671.0
6476.0,1506.0,1505.0,1495.0,655.0,662.0,653.0
6414.0,1512.0,1487.0,1485.0,637.0,636.0,657.0
6331.0,1458.0,1479.0,1485.0,635.0,622.0,652.0
6529.0,1524.0,1495.0,1561.0,636.0,652.0,661.0
6718.0,1562.0,1576.0,1581.0,675.0,668.0,656.0
6662.0,1547.0,1539.0,1592.0,664.0,665.0,655.0
6547.0,1514.0,1516.0,1547.0,654.0,659.0,657.0
6478.0,1528.0,1515.0,1480.0,657.0,651.0,647.0
6325.0,1481.0,1461.0,1450.0,647.0,648.0,638.0
6427.0,1477.0,1497.0,1512.0,644.0,648.0,649.0
6575.0,1534.0,1520.0,1567.0,654.0,647.0,653.0
6615.0,1559.0,1515.0,1545.0,667.0,652.0,677.0
6651.0,1567.0,1566.0,1522.0,667.0,667.0,662.0
6614.0,1539.0,1541.0,1544.0,670.0,661.0,659.0
6477.0,1520.0,1529.0,1469.0,653.0,649.0,657.0
6388.0,1489.0,1490.0,1513.0,630.0,636.0,630.0
6430.0,1479.0,1497.0,1519.0,645.0,661.0,629.0
6553.0,1520.0,1522.0,1538.0,645.0,665.0,663.0
6672.0,1562.0,1583.0,1539.0,652.0,672.0,664.0
6663.0,1551.0,1559.0,1557.0,660.0,664.0,672.0
6576.0,1526.0,1538.0,1521.0,657.0,663.0,671.0
6555.0,1531.0,1514.0,1557.0,651.0,639.0,663.0
6483.0,1527.0,1493.0,1531.0,643.0,627.0,662.0
6480.0,1500.0,1524.0,1506.0,654.0,655.0,641.0
6566.0,1545.0,1549.0,1513.0,668.0,638.0,653.0
6644.0,1581.0,1539.0,1530.0,665.0,672.0,657.0
6665.0,1546.0,1551.0,1565.0,661.0,680.0,662.0
6584.0,1513.0,1533.0,1552.0,661.0,674.0,651.0
6548.0,1525.0,1534.0,1528.0,651.0,661.0,649.0
6495.0,1527.0,1500.0,1529.0,654.0,640.0,645.0
6433.0,1508.0,1483.0,1509.0,643.0,642.0,648.0
6521.0,1505.0,1508.0,1526.0,664.0,652.0,666.0
6699.0,1546.0,1570.0,1566.0,671.0,668.0,678.0
6815.0,1592.0,1606.0,1584.0,662.0,686.0,685.0
6622.0,1560.0,1548.0,1522.0,658.0,667.0,667.0
6511.0,1525.0,1526.0,1513.0,645.0,658.0,644.0
6426.0,1509.0,1491.0,1496.0,646.0,648.0,636.0
6397.0,1493.0,1473.0,1505.0,642.0,650.0,634.0
6605.0,1557.0,1542.0,1523.0,674.0,652.0,657.0
6739.0,1573.0,1592.0,1575.0,685.0,658.0,656.0
6798.0,1578.0,1583.0,1602.0,694.0,670.0,671.0
6622.0,1541.0,1515.0,1576.0,664.0,657.0,669.0
6592.0,1546.0,1522.0,1559.0,650.0,654.0,661.0
6506.0,1532.0,1503.0,1527.0,646.0,648.0,650.0
6430.0,1496.0,1498.0,1477.0,639.0,667.0,653.0
6569.0,1520.0,1522.0,1534.0,668.0,661.0,664.0
6741.0,1601.0,1562.0,1562.0,676.0,670.0,670.0
6722.0,1557.0,1558.0,1612.0,671.0,673.0,651.0
6700.0,1557.0,1567.0,1600.0,664.0,657.0,655.0
6482.0,1542.0,1505.0,1512.0,639.0,656.0,628.0
6399.0,1498.0,1491.0,1504.0,628.0,640.0,638.0
6390.0,1503.0,1462.0,1488.0,640.0,652.0,645.0
6594.0,1531.0,1545.0,1532.0,667.0,656.0,663.0
6840.0,1595.0,1626.0,1579.0,677.0,679.0,684.0
6804.0,1565.0,1585.0,1600.0,684.0,683.0,687.0
6670.0,1562.0,1534.0,1554.0,678.0,671.0,671.0
6575.0,1536.0,1539.0,1546.0,651.0,652.0,651.0
6463.0,1511.0,1501.0,1511.0,649.0,654.0,637.0
6514.0,1488.0,1558.0,1537.0,650.0,650.0,631.0
6609.0,1534.0,1554.0,1549.0,654.0,669.0,649.0
6784.0,1589.0,1556.0,1600.0,689.0,675.0,675.0
6780.0,1576.0,1588.0,1566.0,679.0,691.0,680.0
6704.0,1559.0,1556.0,1581.0,667.0,666.0,675.0
6638.0,1549.0,1559.0,1535.0,663.0,660.0,672.0
6444.0,1513.0,1504.0,1464.0,654.0,653.0,656.0
6432.0,1477.0,1491.0,1527.0,646.0,646.0,645.0
6712.0,1567.0,1566.0,1581.0,678.0,656.0,664.0
6765.0,1583.0,1581.0,1587.0,672.0,673.0,669.0
6813.0,1585.0,1596.0,1583.0,693.0,677.0,679.0
6699.0,1533.0,1604.0,1550.0,670.0,673.0,669.0
6599.0,1575.0,1528.0,1516.0,656.0,668.0,656.0
6532.0,1539.0,1545.0,1479.0,653.0,662.0,654.0
6556.0,1490.0,1556.0,1558.0,641.0,659.0,652.0
6718.0,1560.0,1586.0,1598.0,648.0,666.0,660.0
6836.0,1622.0,1564.0,1607.0,680.0,668.0,695.0
6791.0,1580.0,1597.0,1573.0,688.0,670.0,683.0
6692.0,1525.0,1550.0,1585.0,680.0,667.0,685.0
6652.0,1561.0,1567.0,1533.0,665.0,661.0,665.0
6589.0,1562.0,1540.0,1536.0,676.0,636.0,639.0
6553.0,1480.0,1545.0,1570.0,649.0,669.0,640.0
6726.0,1575.0,1556.0,1579.0,648.0,683.0,685.0
6788.0,1596.0,1557.0,1597.0,675.0,694.0,669.0
6849.0,1584.0,1625.0,1584.0,693.0,690.0,673.0
6739.0,1562.0,1580.0,1571.0,682.0,663.0,681.0
6610.0,1559.0,1550.0,1519.0,663.0,644.0,675.0
6565.0,1545.0,1508.0,1522.0,658.0,659.0,673.0
6561.0,1493.0,1523.0,1573.0,664.0,639.0,669.0
6713.0,1555.0,1570.0,1599.0,663.0,663.0,663.0
6823.0,1591.0,1613.0,1569.0,684.0,700.0,666.0
6804.0,1579.0,1603.0,1590.0,672.0,687.0,673.0
6809.0,1613.0,1574.0,1584.0,682.0,686.0,670.0
6612.0,1547.0,1527.0,1544.0,673.0,660.0,661.0
6609.0,1545.0,1548.0,1535.0,670.0,658.0,653.0
6629.0,1522.0,1562.0,1550.0,663.0,659.0,673.0
6655.0,1528.0,1600.0,1533.0,669.0,651.0,674.0
6723.0,1587.0,1568.0,1540.0,677.0,671.0,680.0
6793.0,1557.0,1596.0,1585.0,679.0,684.0,692.0
6803.0,1563.0,1623.0,1602.0,651.0,693.0,671.0
6636.0,1538.0,1548.0,1548.0,668.0,668.0,666.0
6538.0,1522.0,1511.0,1541.0,655.0,665.0,644.0
6503.0,1490.0,1546.0,1478.0,680.0,665.0,644.0
6701.0,1579.0,1585.0,1531.0,676.0,678.0,652.0
6845.0,1622.0,1624.0,1573.0,672.0,674.0,680.0
6909.0,1621.0,1610.0,1617.0,695.0,668.0,698.0
6694.0,1565.0,1548.0,1563.0,677.0,668.0,673.0
6705.0,1579.0,1538.0,1581.0,669.0,654.0,684.0
6651.0,1564.0,1539.0,1552.0,670.0,658.0,668.0
6668.0,1564.0,1530.0,1551.0,674.0,666.0,683.0
6677.0,1549.0,1574.0,1527.0,676.0,675.0,676.0
6820.0,1603.0,1582.0,1591.0,678.0,688.0,678.0
6873.0,1579.0,1600.0,1633.0,689.0,690.0,682.0
6755.0,1548.0,1589.0,1608.0,663.0,680.0,667.0
6702.0,1580.0,1584.0,1564.0,659.0,658.0,657.0
6595.0,1557.0,1531.0,1531.0,659.0,660.0,657.0
6580.0,1502.0,1554.0,1529.0,666.0,661.0,668.0
6706.0,1553.0,1602.0,1552.0,660.0,670.0,669.0
6872.0,1626.0,1597.0,1577.0,687.0,684.0,701.0
6924.0,1590.0,1645.0,1605.0,680.0,707.0,697.0
6808.0,1578.0,1604.0,1605.0,673.0,667.0,681.0
6669.0,1572.0,1562.0,1545.0,659.0,666.0,665.0
6543.0,1568.0,1527.0,1485.0,657.0,651.0,655.0
6633.0,1550.0,1560.0,1548.0,654.0,655.0,666.0
6722.0,1542.0,1598.0,1560.0,686.0,670.0,666.0
6972.0,1648.0,1608.0,1650.0,699.0,683.0,684.0
6973.0,1599.0,1624.0,1649.0,707.0,694.0,700.0
6839.0,1559.0,1626.0,1590.0,688.0,696.0,680.0
6726.0,1588.0,1566.0,1531.0,681.0,685.0,675.0
6580.0,1536.0,1540.0,1509.0,644.0,671.0,680.0
6596.0,1507.0,1527.0,1563.0,662.0,664.0,673.0
6778.0,1571.0,1586.0,1596.0,682.0,667.0,676.0
6939.0,1648.0,1609.0,1618.0,690.0,680.0,694.0
6951.0,1575.0,1632.0,1665.0,699.0,686.0,694.0
6770.0,1563.0,1584.0,1570.0,690.0,685.0,678.0
6630.0,1550.0,1555.0,1516.0,670.0,674.0,665.0
6600.0,1535.0,1525.0,1556.0,653.0,653.0,678.0
6689.0,1535.0,1582.0,1559.0,660.0,676.0,677.0
6804.0,1555.0,1595.0,1618.0,673.0,680.0,683.0
6982.0,1632.0,1642.0,1619.0,697.0,703.0,689.0
6973.0,1613.0,1603.0,1656.0,714.0,692.0,695.0
6850.0,1601.0,1598.0,1580.0,684.0,691.0,696.0
6729.0,1619.0,1565.0,1561.0,678.0,639.0,667.0
6684.0,1540.0,1580.0,1568.0,671.0,672.0,653.0
6720.0,1534.0,1589.0,1594.0,673.0,672.0,658.0
6767.0,1575.0,1551.0,1611.0,668.0,691.0,671.0
6930.0,1624.0,1622.0,1596.0,685.0,709.0,694.0
7005.0,1620.0,1654.0,1619.0,705.0,703.0,704.0
6883.0,1598.0,1648.0,1568.0,702.0,678.0,689.0
6771.0,1577.0,1585.0,1581.0,674.0,673.0,681.0
6723.0,1590.0,1564.0,1557.0,678.0,652.0,682.0
6648.0,1539.0,1550.0,1577.0,653.0,656.0,673.0
6787.0,1589.0,1588.0,1580.0,664.0,680.0,686.0
6881.0,1616.0,1617.0,1583.0,678.0,689.0,698.0
6977.0,1625.0,1617.0,1627.0,702.0,699.0,707.0
6862.0,1604.0,1595.0,1580.0,692.0,692.0,699.0
6758.0,1587.0,1558.0,1586.0,678.0,683.0,666.0
6675.0,1529.0,1585.0,1550.0,668.0,670.0,673.0
6683.0,1541.0,1569.0,1578.0,654.0,671.0,670.0
6827.0,1605.0,1615.0,1602.0,660.0,664.0,681.0
6892.0,1631.0,1577.0,1597.0,681.0,698.0,708.0
6923.0,1615.0,1603.0,1605.0,694.0,695.0,711.0
6897.0,1603.0,1610.0,1626.0,681.0,682.0,695.0
6814.0,1562.0,1612.0,1597.0,672.0,694.0,677.0
6771.0,1580.0,1593.0,1585.0,678.0,670.0,665.0
6641.0,1517.0,1532.0,1553.0,683.0,684.0,672.0
6808.0,1599.0,1568.0,1600.0,675.0,682.0,684.0
6941.0,1651.0,1625.0,1601.0,680.0,694.0,690.0
6915.0,1611.0,1585.0,1626.0,697.0,705.0,691.0
6929.0,1606.0,1630.0,1627.0,682.0,684.0,700.0
6806.0,1605.0,1565.0,1594.0,680.0,669.0,693.0
6708.0,1563.0,1587.0,1565.0,668.0,656.0,669.0
6727.0,1545.0,1563.0,1569.0,683.0,676.0,691.0
6802.0,1610.0,1609.0,1549.0,683.0,680.0,671.0
6975.0,1652.0,1599.0,1631.0,708.0,697.0,688.0
6920.0,1638.0,1575.0,1623.0,682.0,706.0,696.0
6926.0,1610.0,1595.0,1642.0,685.0,709.0,685.0
6882.0,1593.0,1623.0,1618.0,687.0,684.0,677.0
6684.0,1555.0,1559.0,1567.0,676.0,662.0,665.0
6740.0,1538.0,1610.0,1550.0,693.0,676.0,673.0
6836.0,1581.0,1601.0,1588.0,685.0,682.0,699.0
6937.0,1611.0,1616.0,1626.0,688.0,697.0,699.0
7041.0,1618.0,1641.0,1650.0,700.0,716.0,716.0
6959.0,1589.0,1654.0,1621.0,696.0,705.0,694.0
6782.0,1600.0,1568.0,1569.0,680.0,690.0,675.0
6690.0,1573.0,1547.0,1564.0,671.0,676.0,659.0
6746.0,1568.0,1605.0,1553.0,676.0,676.0,668.0
6878.0,1622.0,1636.0,1567.0,693.0,680.0,680.0
7032.0,1633.0,1648.0,1678.0,685.0,693.0,695.0
7052.0,1628.0,1631.0,1672.0,711.0,698.0,712.0
6973.0,1598.0,1630.0,1646.0,699.0,701.0,699.0
6840.0,1588.0,1606.0,1585.0,679.0,679.0,703.0
6758.0,1560.0,1611.0,1547.0,661.0,689.0,690.0
6744.0,1565.0,1566.0,1569.0,675.0,682.0,687.0
6924.0,1611.0,1608.0,1610.0,703.0,691.0,701.0
7030.0,1648.0,1635.0,1656.0,707.0,693.0,691.0
7070.0,1646.0,1652.0,1659.0,717.0,702.0,694.0
6980.0,1620.0,1656.0,1628.0,694.0,688.0,694.0
6823.0,1627.0,1579.0,1589.0,673.0,682.0,673.0
6753.0,1587.0,1566.0,1550.0,685.0,684.0,681.0
6739.0,1567.0,1519.0,1595.0,695.0,671.0,692.0
6972.0,1633.0,1629.0,1628.0,702.0,695.0,685.0
7086.0,1650.0,1649.0,1665.0,710.0,705.0,707.0
7016.0,1647.0,1657.0,1597.0,703.0,707.0,705.0
7009.0,1631.0,1632.0,1630.0,711.0,699.0,706.0
6825.0,1627.0,1599.0,1570.0,669.0,688.0,672.0
6792.0,1601.0,1582.0,1588.0,670.0,671.0,680.0
6863.0,1586.0,1623.0,1585.0,694.0,696.0,679.0
6954.0,1612.0,1608.0,1649.0,693.0,702.0,690.0
7131.0,1677.0,1643.0,1676.0,710.0,710.0,715.0
7057.0,1633.0,1649.0,1640.0,720.0,702.0,713.0
6975.0,1613.0,1640.0,1631.0,690.0,697.0,704.0
6883.0,1611.0,1599.0,1580.0,689.0,696.0,708.0
6811.0,1599.0,1575.0,1602.0,664.0,674.0,697.0
6820.0,1605.0,1579.0,1627.0,665.0,674.0,670.0
6927.0,1640.0,1603.0,1626.0,685.0,684.0,689.0
7085.0,1686.0,1640.0,1632.0,723.0,699.0,705.0
7057.0,1657.0,1669.0,1619.0,710.0,709.0,693.0
6994.0,1623.0,1646.0,1628.0,695.0,704.0,698.0
6887.0,1605.0,1573.0,1624.0,694.0,708.0,683.0
6792.0,1581.0,1555.0,1619.0,673.0,677.0,687.0
6790.0,1577.0,1585.0,1579.0,680.0,680.0,689.0
6976.0,1653.0,1639.0,1607.0,693.0,690.0,694.0
7091.0,1680.0,1665.0,1639.0,695.0,698.0,714.0
7117.0,1657.0,1663.0,1650.0,722.0,712.0,713.0
7046.0,1634.0,1635.0,1678.0,706.0,688.0,705.0
6937.0,1601.0,1615.0,1641.0,695.0,697.0,688.0
6840.0,1586.0,1583.0,1624.0,678.0,691.0,678.0
6879.0,1587.0,1601.0,1638.0,687.0,701.0,665.0
6914.0,1643.0,1610.0,1596.0,683.0,697.0,685.0
7046.0,1660.0,1642.0,1636.0,702.0,703.0,703.0
7148.0,1661.0,1701.0,1652.0,707.0,710.0,717.0
7029.0,1594.0,1642.0,1678.0,710.0,704.0,701.0
6968.0,1638.0,1620.0,1625.0,697.0,685.0,703.0
6857.0,1625.0,1553.0,1622.0,690.0,676.0,691.0
6820.0,1579.0,1602.0,1580.0,678.0,694.0,687.0
6971.0,1616.0,1652.0,1602.0,697.0,703.0,701.0
7128.0,1722.0,1648.0,1641.0,696.0,716.0,705.0
7150.0,1658.0,1700.0,1686.0,692.0,715.0,699.0
7114.0,1655.0,1649.0,1687.0,713.0,705.0,705.0
6887.0,1615.0,1582.0,1614.0,693.0,695.0,688.0
6849.0,1581.0,1614.0,1605.0,695.0,672.0,682.0
6836.0,1558.0,1624.0,1590.0,698.0,681.0,685.0
7004.0,1648.0,1639.0,1626.0,697.0,691.0,703.0
7110.0,1647.0,1634.0,1687.0,713.0,702.0,727.0
7083.0,1626.0,1656.0,1658.0,704.0,720.0,719.0
7071.0,1624.0,1653.0,1665.0,714.0,707.0,708.0
6918.0,1625.0,1616.0,1582.0,684.0,710.0,701.0
6854.0,1603.0,1584.0,1601.0,691.0,686.0,689.0
6760.0,1565.0,1580.0,1563.0,699.0,682.0,671.0
6988.0,1621.0,1643.0,1630.0,707.0,699.0,688.0
7121.0,1682.0,1664.0,1656.0,710.0,703.0,706.0
7149.0,1627.0,1673.0,1702.0,716.0,711.0,720.0
7104.0,1639.0,1641.0,1673.0,709.0,718.0,724.0
6968.0,1646.0,1620.0,1575.0,701.0,715.0,711.0
6930.0,1636.0,1624.0,1598.0,693.0,684.0,695.0
6927.0,1601.0,1649.0,1583.0,692.0,703.0,699.0
7027.0,1656.0,1640.0,1624.0,712.0,700.0,695.0
7164.0,1688.0,1646.0,1697.0,716.0,711.0,706.0
7168.0,1691.0,1657.0,1680.0,711.0,710.0,719.0
7023.0,1640.0,1640.0,1648.0,692.0,710.0,693.0
7010.0,1675.0,1625.0,1642.0,704.0,684.0,680.0
6878.0,1624.0,1579.0,1592.0,684.0,690.0,709.0
6877.0,1587.0,1579.0,1635.0,686.0,689.0,701.0
7052.0,1645.0,1630.0,1629.0,722.0,721.0,705.0
7209.0,1655.0,1706.0,1669.0,717.0,728.0,734.0
7247.0,1691.0,1710.0,1682.0,714.0,718.0,732.0
7020.0,1637.0,1658.0,1606.0,703.0,707.0,709.0
6968.0,1666.0,1599.0,1620.0,691.0,689.0,703.0
6968.0,1660.0,1621.0,1613.0,698.0,687.0,689.0
6911.0,1599.0,1636.0,1621.0,696.0,682.0,677.0
7058.0,1644.0,1656.0,1640.0,715.0,712.0,691.0
7207.0,1687.0,1687.0,1682.0,723.0,716.0,712.0
7160.0,1680.0,1643.0,1675.0,721.0,725.0,716.0
7130.0,1684.0,1653.0,1665.0,700.0,716.0,712.0
7061.0,1670.0,1659.0,1613.0,698.0,701.0,720.0
6926.0,1626.0,1600.0,1661.0,677.0,679.0,683.0
6975.0,1624.0,1613.0,1659.0,685.0,703.0,691.0
6991.0,1613.0,1628.0,1651.0,704.0,692.0,703.0
7151.0,1695.0,1640.0,1654.0,726.0,714.0,722.0
7130.0,1624.0,1697.0,1636.0,730.0,715.0,728.0
7140.0,1673.0,1676.0,1672.0,710.0,704.0,705.0
7000.0,1612.0,1616.0,1666.0,711.0,707.0,688.0
6902.0,1633.0,1583.0,1619.0,687.0,693.0,687.0
6961.0,1590.0,1641.0,1633.0,695.0,691.0,711.0
7096.0,1696.0,1647.0,1623.0,714.0,706.0,710.0
7220.0,1672.0,1711.0,1664.0,735.0,712.0,726.0
7193.0,1674.0,1676.0,1673.0,734.0,714.0,722.0
7169.0,1682.0,1658.0,1667.0,727.0,716.0,719.0
7064.0,1658.0,1625.0,1676.0,705.0,705.0,695.0
6961.0,1630.0,1653.0,1603.0,697.0,686.0,692.0
6951.0,1608.0,1629.0,1635.0,685.0,708.0,686.0
7016.0,1653.0,1657.0,1602.0,691.0,722.0,691.0
7222.0,1685.0,1684.0,1657.0,737.0,726.0,733.0
7213.0,1681.0,1675.0,1662.0,728.0,743.0,724.0
7193.0,1657.0,1701.0,1689.0,728.0,714.0,704.0
7050.0,1668.0,1638.0,1636.0,713.0,702.0,693.0
6936.0,1630.0,1628.0,1606.0,685.0,682.0,705.0
7037.0,1628.0,1627.0,1661.0,695.0,709.0,717.0
7081.0,1629.0,1648.0,1657.0,709.0,721.0,717.0
7255.0,1728.0,1705.0,1654.0,732.0,720.0,716.0
7240.0,1695.0,1706.0,1673.0,733.0,717.0,716.0
7162.0,1690.0,1638.0,1684.0,714.0,728.0,708.0
7101.0,1671.0,1666.0,1643.0,722.0,701.0,698.0
6980.0,1630.0,1627.0,1648.0,688.0,687.0,700.0
6977.0,1619.0,1666.0,1608.0,686.0,690.0,708.0
7141.0,1642.0,1691.0,1676.0,696.0,711.0,725.0
7212.0,1702.0,1655.0,1686.0,721.0,719.0,729.0
7240.0,1691.0,1660.0,1708.0,721.0,725.0,735.0
7182.0,1665.0,1663.0,1694.0,718.0,724.0,718.0
7076.0,1632.0,1678.0,1624.0,715.0,718.0,709.0
6963.0,1644.0,1627.0,1606.0,705.0,700.0,681.0
6974.0,1601.0,1638.0,1625.0,707.0,708.0,695.0
7100.0,1660.0,1669.0,1647.0,707.0,704.0,713.0
7278.0,1726.0,1701.0,1695.0,726.0,707.0,723.0
7308.0,1677.0,1742.0,1716.0,726.0,711.0,736.0
7192.0,1662.0,1686.0,1682.0,715.0,725.0,722.0
7031.0,1658.0,1621.0,1633.0,704.0,707.0,708.0
7041.0,1650.0,1637.0,1617.0,700.0,708.0,729.0
6999.0,1602.0,1644.0,1619.0,703.0,714.0,717.0
7154.0,1641.0,1696.0,1660.0,723.0,729.0,705.0
7227.0,1677.0,1685.0,1690.0,710.0,728.0,737.0
7308.0,1735.0,1703.0,1688.0,721.0,732.0,729.0
7160.0,1683.0,1676.0,1658.0,717.0,714.0,712.0
7093.0,1696.0,1664.0,1620.0,711.0,706.0,696.0
7027.0,1637.0,1644.0,1624.0,708.0,699.0,715.0
7112.0,1648.0,1676.0,1655.0,716.0,710.0,707.0
7159.0,1665.0,1655.0,1683.0,712.0,731.0,713.0
7338.0,1694.0,1722.0,1732.0,729.0,729.0,732.0
7293.0,1715.0,1669.0,1707.0,729.0,734.0,739.0
7255.0,1671.0,1707.0,1690.0,735.0,723.0,729.0
7103.0,1673.0,1645.0,1662.0,708.0,716.0,699.0
7009.0,1651.0,1625.0,1634.0,716.0,690.0,693.0
7041.0,1633.0,1653.0,1648.0,720.0,685.0,702.0
7199.0,1671.0,1671.0,1690.0,730.0,720.0,717.0
7314.0,1678.0,1757.0,1684.0,729.0,728.0,738.0
7288.0,1680.0,1720.0,1709.0,711.0,736.0,732.0
7203.0,1686.0,1679.0,1668.0,714.0,725.0,731.0
7131.0,1710.0,1660.0,1636.0,704.0,711.0,710.0
7047.0,1649.0,1663.0,1633.0,703.0,696.0,703.0
7109.0,1657.0,1644.0,1671.0,708.0,719.0,710.0
7126.0,1634.0,1661.0,1679.0,715.0,720.0,717.0
7309.0,1750.0,1682.0,1711.0,732.0,716.0,718.0
7311.0,1683.0,1702.0,1707.0,744.0,738.0,737.0
7258.0,1659.0,1723.0,1710.0,716.0,721.0,729.0
7152.0,1675.0,1670.0,1671.0,711.0,726.0,699.0
7115.0,1659.0,1642.0,1680.0,715.0,714.0,705.0
7047.0,1613.0,1655.0,1651.0,709.0,714.0,705.0
7276.0,1700.0,1698.0,1685.0,729.0,724.0,740.0
7330.0,1702.0,1752.0,1679.0,732.0,719.0,746.0
7340.0,1709.0,1719.0,1720.0,725.0,728.0,739.0
7221.0,1666.0,1691.0,1696.0,730.0,721.0,717.0
7121.0,1685.0,1641.0,1691.0,695.0,712.0,697.0
7015.0,1621.0,1636.0,1653.0,690.0,707.0,708.0
7093.0,1617.0,1675.0,1673.0,703.0,718.0,707.0
7156.0,1657.0,1690.0,1660.0,715.0,722.0,712.0
7333.0,1745.0,1692.0,1695.0,729.0,737.0,735.0
7299.0,1671.0,1717.0,1698.0,732.0,737.0,744.0
7299.0,1715.0,1694.0,1697.0,732.0,733.0,728.0
7152.0,1674.0,1663.0,1663.0,721.0,711.0,720.0
7073.0,1662.0,1633.0,1667.0,696.0,698.0,717.0
7031.0,1596.0,1643.0,1633.0,717.0,713.0,729.0
7213.0,1674.0,1685.0,1662.0,722.0,739.0,731.0
7434.0,1746.0,1744.0,1721.0,745.0,748.0,730.0
7396.0,1741.0,1747.0,1714.0,737.0,742.0,715.0
7254.0,1670.0,1692.0,1706.0,740.0,742.0,704.0
7167.0,1710.0,1645.0,1681.0,712.0,716.0,703.0
7077.0,1665.0,1610.0,1673.0,705.0,707.0,717.0
7117.0,1656.0,1669.0,1646.0,706.0,703.0,737.0
7299.0,1689.0,1738.0,1690.0,718.0,719.0,745.0
7401.0,1762.0,1713.0,1716.0,747.0,729.0,734.0
7421.0,1688.0,1722.0,1761.0,765.0,730.0,755.0
7318.0,1705.0,1709.0,1704.0,733.0,741.0,726.0
7293.0,1718.0,1702.0,1676.0,740.0,738.0,719.0
7165.0,1682.0,1695.0,1654.0,710.0,725.0,699.0
7141.0,1644.0,1686.0,1649.0,731.0,723.0,708.0
7243.0,1701.0,1674.0,1707.0,714.0,723.0,724.0
7349.0,1743.0,1679.0,1739.0,733.0,732.0,723.0
7474.0,1717.0,1763.0,1760.0,757.0,734.0,743.0
7362.0,1714.0,1728.0,1704.0,746.0,730.0,740.0
7264.0,1718.0,1679.0,1683.0,717.0,734.0,733.0
7090.0,1643.0,1648.0,1648.0,714.0,713.0,724.0
7180.0,1688.0,1661.0,1685.0,707.0,712.0,727.0
7293.0,1698.0,1688.0,1722.0,725.0,740.0,720.0
7403.0,1734.0,1724.0,1728.0,728.0,757.0,732.0
7431.0,1741.0,1747.0,1723.0,738.0,744.0,738.0
7318.0,1687.0,1698.0,1721.0,746.0,732.0,734.0
7195.0,1707.0,1687.0,1660.0,724.0,706.0,711.0
7168.0,1669.0,1683.0,1678.0,717.0,703.0,718.0
7197.0,1654.0,1703.0,1680.0,715.0,719.0,726.0
7291.0,1704.0,1674.0,1728.0,728.0,716.0,741.0
7408.0,1743.0,1715.0,1727.0,726.0,746.0,751.0
7354.0,1722.0,1730.0,1685.0,725.0,753.0,739.0
7370.0,1722.0,1751.0,1697.0,732.0,730.0,738.0
7225.0,1712.0,1682.0,1659.0,735.0,724.0,713.0
7160.0,1686.0,1692.0,1650.0,718.0,711.0,703.0
7154.0,1673.0,1670.0,1671.0,723.0,707.0,710.0
7286.0,1665.0,1731.0,1715.0,724.0,724.0,727.0
7501.0,1765.0,1762.0,1769.0,741.0,737.0,727.0
7386.0,1772.0,1724.0,1669.0,727.0,734.0,760.0
7332.0,1689.0,1716.0,1700.0,742.0,740.0,745.0
7383.0,1751.0,1689.0,1728.0,741.0,735.0,739.0
7188.0,1647.0,1692.0,1667.0,720.0,732.0,730.0
7236.0,1647.0,1697.0,1711.0,734.0,726.0,721.0
7342.0,1718.0,1737.0,1679.0,747.0,723.0,738.0
7426.0,1742.0,1711.0,1723.0,752.0,759.0,739.0
7374.0,1715.0,1725.0,1712.0,748.0,735.0,739.0
7374.0,1713.0,1749.0,1721.0,740.0,727.0,724.0
7309.0,1716.0,1703.0,1713.0,746.0,719.0,712.0
7250.0,1698.0,1655.0,1731.0,712.0,733.0,721.0
7220.0,1657.0,1705.0,1691.0,734.0,713.0,720.0
7283.0,1673.0,1710.0,1691.0,735.0,744.0,730.0
7454.0,1764.0,1721.0,1725.0,746.0,739.0,759.0
7542.0,1762.0,1776.0,1734.0,746.0,755.0,769.0
7364.0,1702.0,1727.0,1738.0,728.0,722.0,747.0
7242.0,1726.0,1678.0,1696.0,724.0,707.0,711.0
7179.0,1661.0,1662.0,1689.0,735.0,719.0,713.0
7201.0,1653.0,1698.0,1686.0,728.0,717.0,719.0
7355.0,1696.0,1751.0,1689.0,749.0,734.0,736.0
7457.0,1760.0,1736.0,1722.0,746.0,754.0,739.0
7439.0,1719.0,1736.0,1759.0,733.0,748.0,744.0
7434.0,1745.0,1733.0,1720.0,743.0,749.0,744.0
7356.0,1723.0,1725.0,1722.0,724.0,720.0,742.0
7240.0,1688.0,1682.0,1711.0,718.0,705.0,736.0
7223.0,1683.0,1668.0,1711.0,733.0,701.0,727.0
7332.0,1738.0,1692.0,1694.0,744.0,735.0,729.0
7469.0,1769.0,1721.0,1736.0,753.0,751.0,739.0
7492.0,1731.0,1739.0,1749.0,747.0,761.0,765.0
7446.0,1717.0,1750.0,1765.0,742.0,738.0,734.0
7334.0,1707.0,1714.0,1728.0,725.0,731.0,729.0
7244.0,1703.0,1672.0,1689.0,725.0,731.0,724.0
7191.0,1670.0,1674.0,1684.0,713.0,724.0,726.0
7336.0,1719.0,1682.0,1711.0,742.0,739.0,743.0
7569.0,1782.0,1760.0,1795.0,749.0,740.0,743.0
7544.0,1734.0,1750.0,1798.0,762.0,751.0,749.0
7397.0,1720.0,1691.0,1757.0,747.0,738.0,744.0
7318.0,1716.0,1730.0,1706.0,718.0,735.0,713.0
7264.0,1682.0,1717.0,1696.0,721.0,733.0,715.0
7275.0,1722.0,1709.0,1674.0,725.0,730.0,715.0
7434.0,1744.0,1737.0,1742.0,741.0,731.0,739.0
7522.0,1758.0,1726.0,1785.0,751.0,750.0,752.0
7544.0,1741.0,1771.0,1762.0,761.0,746.0,763.0
7479.0,1730.0,1755.0,1738.0,750.0,736.0,770.0
7330.0,1746.0,1721.0,1664.0,730.0,719.0,750.0
7287.0,1698.0,1728.0,1695.0,715.0,706.0,745.0
7284.0,1693.0,1694.0,1688.0,735.0,743.0,731.0
7347.0,1695.0,1704.0,1739.0,731.0,745.0,733.0
7586.0,1780.0,1767.0,1778.0,753.0,760.0,748.0
7598.0,1775.0,1783.0,1771.0,764.0,762.0,743.0
7428.0,1733.0,1704.0,1736.0,760.0,743.0,752.0
7276.0,1714.0,1678.0,1714.0,740.0,720.0,710.0
7288.0,1722.0,1683.0,1714.0,728.0,711.0,730.0
7263.0,1666.0,1714.0,1700.0,722.0,733.0,728.0
7423.0,1721.0,1751.0,1746.0,716.0,736.0,753.0
7583.0,1785.0,1755.0,1781.0,747.0,759.0,756.0
7578.0,1744.0,1759.0,1782.0,765.0,759.0,769.0
7533.0,1779.0,1760.0,1727.0,748.0,764.0,755.0
7392.0,1728.0,1758.0,1694.0,742.0,747.0,723.0
7217.0,1668.0,1674.0,1705.0,744.0,715.0,711.0
7261.0,1709.0,1692.0,1699.0,723.0,723.0,715.0
7402.0,1738.0,1727.0,1737.0,729.0,746.0,725.0
7552.0,1777.0,1765.0,1759.0,752.0,749.0,750.0
7614.0,1773.0,1779.0,1775.0,762.0,760.0,765.0
7559.0,1749.0,1774.0,1762.0,756.0,760.0,758.0
7380.0,1731.0,1702.0,1724.0,737.0,741.0,745.0
7353.0,1719.0,1710.0,1730.0,731.0,731.0,732.0
7370.0,1699.0,1741.0,1708.0,729.0,749.0,744.0
7438.0,1753.0,1740.0,1729.0,745.0,732.0,739.0
7534.0,1776.0,1765.0,1747.0,733.0,753.0,760.0
7506.0,1757.0,1748.0,1756.0,741.0,751.0,753.0
7465.0,1747.0,1738.0,1735.0,764.0,743.0,738.0
7398.0,1746.0,1723.0,1710.0,742.0,734.0,743.0
7295.0,1717.0,1702.0,1658.0,742.0,745.0,731.0
7275.0,1693.0,1665.0,1718.0,720.0,747.0,732.0
7409.0,1756.0,1694.0,1719.0,741.0,748.0,751.0
7586.0,1772.0,1757.0,1775.0,747.0,768.0,767.0
7623.0,1746.0,1802.0,1776.0,766.0,770.0,763.0
7548.0,1752.0,1745.0,1779.0,760.0,752.0,760.0
7411.0,1751.0,1721.0,1702.0,753.0,741.0,743.0
7312.0,1701.0,1693.0,1728.0,734.0,720.0,736.0
7317.0,1694.0,1706.0,1717.0,751.0,730.0,719.0
7412.0,1727.0,1729.0,1725.0,738.0,754.0,739.0
7586.0,1779.0,1773.0,1761.0,751.0,773.0,749.0
7640.0,1791.0,1773.0,1779.0,760.0,765.0,772.0
7493.0,1744.0,1739.0,1759.0,740.0,758.0,753.0
7477.0,1728.0,1757.0,1742.0,751.0,746.0,753.0
7388.0,1727.0,1763.0,1688.0,749.0,721.0,740.0
7393.0,1711.0,1761.0,1710.0,747.0,728.0,736.0
7458.0,1749.0,1737.0,1724.0,761.0,742.0,745.0
7631.0,1789.0,1791.0,1766.0,766.0,753.0,766.0
7618.0,1780.0,1760.0,1796.0,769.0,762.0,751.0
7543.0,1761.0,1785.0,1742.0,750.0,763.0,742.0
7471.0,1746.0,1753.0,1740.0,740.0,755.0,737.0
7336.0,1712.0,1700.0,1698.0,738.0,749.0,739.0
7317.0,1700.0,1701.0,1680.0,755.0,746.0,735.0
7474.0,1766.0,1749.0,1723.0,749.0,743.0,744.0
7691.0,1806.0,1806.0,1804.0,765.0,750.0,760.0
7612.0,1766.0,1793.0,1773.0,753.0,759.0,768.0
7596.0,1804.0,1761.0,1755.0,759.0,756.0,761.0
7491.0,1797.0,1742.0,1726.0,737.0,750.0,739.0
7288.0,1705.0,1692.0,1687.0,735.0,734.0,735.0
7385.0,1722.0,1738.0,1695.0,745.0,747.0,738.0
7520.0,1736.0,1757.0,1758.0,750.0,761.0,758.0
7620.0,1796.0,1732.0,1803.0,760.0,767.0,762.0
7622.0,1805.0,1766.0,1777.0,773.0,753.0,748.0
7550.0,1767.0,1768.0,1730.0,771.0,750.0,764.0
7405.0,1732.0,1739.0,1707.0,730.0,736.0,761.0
7403.0,1739.0,1723.0,1723.0,726.0,742.0,750.0
7335.0,1665.0,1695.0,1729.0,753.0,751.0,742.0
7493.0,1726.0,1731.0,1793.0,749.0,741.0,753.0
7735.0,1803.0,1805.0,1822.0,784.0,764.0,757.0
7660.0,1770.0,1793.0,1788.0,778.0,774.0,757.0
7597.0,1786.0,1748.0,1778.0,763.0,766.0,756.0
7431.0,1759.0,1737.0,1699.0,746.0,750.0,740.0
7363.0,1753.0,1727.0,1718.0,720.0,718.0,727.0
7414.0,1715.0,1739.0,1718.0,763.0,735.0,744.0
7565.0,1760.0,1756.0,1789.0,767.0,742.0,751.0
7650.0,1808.0,1749.0,1793.0,763.0,768.0,769.0
7688.0,1821.0,1761.0,1764.0,789.0,779.0,774.0
7622.0,1790.0,1784.0,1736.0,772.0,773.0,767.0
7488.0,1739.0,1756.0,1742.0,740.0,764.0,747.0
7441.0,1730.0,1767.0,1735.0,724.0,752.0,733.0
7398.0,1743.0,1714.0,1745.0,731.0,736.0,729.0
7476.0,1735.0,1725.0,1791.0,746.0,731.0,748.0
7691.0,1838.0,1746.0,1812.0,776.0,754.0,765.0
7649.0,1798.0,1765.0,1770.0,776.0,766.0,774.0
7506.0,1748.0,1744.0,1732.0,768.0,768.0,746.0
7429.0,1720.0,1707.0,1759.0,753.0,740.0,750.0
7453.0,1738.0,1736.0,1732.0,742.0,742.0,763.0
7472.0,1750.0,1744.0,1735.0,744.0,749.0,750.0
7570.0,1769.0,1777.0,1769.0,745.0,755.0,755.0
7723.0,1818.0,1803.0,1799.0,772.0,759.0,772.0
7657.0,1801.0,1810.0,1750.0,764.0,764.0,768.0
7619.0,1761.0,1778.0,1795.0,776.0,761.0,748.0
7549.0,1773.0,1733.0,1779.0,764.0,751.0,749.0
7459.0,1731.0,1742.0,1756.0,758.0,738.0,734.0
7431.0,1712.0,1733.0,1747.0,735.0,746.0,758.0
7530.0,1751.0,1749.0,1747.0,754.0,768.0,761.0
7725.0,1808.0,1799.0,1791.0,773.0,778.0,776.0
7688.0,1789.0,1802.0,1768.0,771.0,775.0,783.0
7635.0,1773.0,1793.0,1751.0,774.0,767.0,777.0
7543.0,1762.0,1745.0,1781.0,758.0,749.0,748.0
7437.0,1718.0,1699.0,1774.0,746.0,753.0,747.0
7417.0,1705.0,1752.0,1724.0,744.0,748.0,744.0
7536.0,1767.0,1758.0,1749.0,751.0,757.0,754.0
7743.0,1829.0,1809.0,1796.0,765.0,774.0,770.0
7794.0,1794.0,1833.0,1822.0,768.0,794.0,783.0
7684.0,1781.0,1802.0,1793.0,770.0,768.0,770.0
7547.0,1744.0,1735.0,1779.0,758.0,762.0,769.0
7584.0,1772.0,1767.0,1768.0,756.0,759.0,762.0
7486.0,1722.0,1811.0,1703.0,749.0,746.0,755.0
7610.0,1760.0,1810.0,1769.0,751.0,752.0,768.0
7673.0,1822.0,1780.0,1786.0,760.0,759.0,766.0
7793.0,1813.0,1818.0,1822.0,792.0,774.0,774.0
7679.0,1771.0,1783.0,1818.0,764.0,778.0,765.0
7612.0,1789.0,1778.0,1764.0,771.0,764.0,746.0
7419.0,1719.0,1752.0,1711.0,748.0,760.0,729.0
7456.0,1731.0,1720.0,1727.0,754.0,768.0,756.0
7598.0,1794.0,1741.0,1783.0,760.0,757.0,763.0
7773.0,1831.0,1804.0,1813.0,770.0,772.0,783.0
7809.0,1800.0,1848.0,1824.0,763.0,789.0,785.0
7677.0,1787.0,1808.0,1791.0,765.0,758.0,768.0
7608.0,1806.0,1752.0,1765.0,760.0,760.0,765.0
7428.0,1731.0,1729.0,1724.0,763.0,754.0,727.0
7527.0,1744.0,1774.0,1752.0,754.0,758.0,745.0
7664.0,1786.0,1798.0,1777.0,770.0,771.0,762.0
7769.0,1838.0,1802.0,1833.0,754.0,773.0,769.0
7774.0,1789.0,1782.0,1855.0,773.0,789.0,786.0
7680.0,1811.0,1771.0,1783.0,760.0,775.0,780.0
7615.0,1800.0,1770.0,1774.0,761.0,748.0,762.0
7551.0,1799.0,1779.0,1715.0,749.0,748.0,761.0
7533.0,1738.0,1761.0,1760.0,768.0,756.0,750.0
7628.0,1775.0,1784.0,1769.0,773.0,760.0,767.0
7684.0,1799.0,1755.0,1816.0,771.0,768.0,775.0
7794.0,1808.0,1838.0,1802.0,784.0,786.0,776.0
7677.0,1765.0,1805.0,1800.0,770.0,786.0,751.0
7472.0,1749.0,1711.0,1748.0,757.0,766.0,741.0
7431.0,1747.0,1724.0,1711.0,754.0,745.0,750.0
7529.0,1739.0,1766.0,1770.0,749.0,743.0,762.0
7677.0,1784.0,1800.0,1793.0,773.0,763.0,764.0
7922.0,1880.0,1824.0,1850.0,797.0,781.0,790.0
7814.0,1843.0,1812.0,1808.0,787.0,782.0,782.0
7700.0,1797.0,1795.0,1778.0,771.0,787.0,772.0
7624.0,1802.0,1763.0,1763.0,764.0,771.0,761.0
7524.0,1758.0,1764.0,1744.0,752.0,760.0,746.0
7521.0,1737.0,1756.0,1794.0,753.0,744.0,737.0
7701.0,1801.0,1805.0,1773.0,775.0,774.0,773.0
7838.0,1834.0,1809.0,1862.0,780.0,776.0,777.0
7798.0,1849.0,1807.0,1794.0,797.0,771.0,780.0
7735.0,1808.0,1802.0,1790.0,773.0,775.0,787.0
7674.0,1774.0,1799.0,1800.0,759.0,762.0,780.0
7543.0,1737.0,1747.0,1776.0,758.0,767.0,758.0
7549.0,1750.0,1724.0,1817.0,748.0,759.0,751.0
7721.0,1815.0,1766.0,1815.0,780.0,770.0,775.0
7767.0,1822.0,1807.0,1787.0,796.0,779.0,776.0
7825.0,1804.0,1856.0,1815.0,800.0,777.0,773.0
7829.0,1840.0,1818.0,1832.0,786.0,777.0,776.0
7639.0,1794.0,1780.0,1812.0,771.0,743.0,739.0
7575.0,1763.0,1755.0,1821.0,748.0,747.0,741.0
7618.0,1798.0,1773.0,1789.0,745.0,760.0,753.0
7658.0,1791.0,1788.0,1755.0,770.0,775.0,779.0
7768.0,1825.0,1768.0,1803.0,801.0,805.0,766.0
7842.0,1827.0,1836.0,1816.0,783.0,794.0,786.0
7744.0,1777.0,1836.0,1800.0,791.0,763.0,777.0
7636.0,1770.0,1792.0,1815.0,750.0,754.0,755.0
7570.0,1789.0,1751.0,1770.0,765.0,745.0,750.0
7545.0,1745.0,1770.0,1773.0,758.0,750.0,749.0
7680.0,1810.0,1779.0,1799.0,767.0,764.0,761.0
7829.0,1823.0,1840.0,1815.0,796.0,784.0,771.0
7868.0,1827.0,1832.0,1825.0,800.0,798.0,786.0
7856.0,1784.0,1852.0,1843.0,804.0,785.0,788.0
7695.0,1786.0,1763.0,1820.0,770.0,766.0,790.0
7556.0,1808.0,1712.0,1760.0,752.0,760.0,764.0
7655.0,1775.0,1803.0,1776.0,761.0,760.0,780.0
7740.0,1818.0,1845.0,1781.0,769.0,768.0,759.0
7834.0,1852.0,1824.0,1809.0,783.0,779.0,787.0
7927.0,1825.0,1856.0,1858.0,784.0,811.0,793.0
7834.0,1804.0,1837.0,1846.0,790.0,785.0,772.0
7705.0,1797.0,1814.0,1800.0,774.0,756.0,764.0
7569.0,1789.0,1786.0,1737.0,750.0,758.0,749.0
7621.0,1763.0,1795.0,1767.0,763.0,766.0,767.0
7687.0,1812.0,1793.0,1754.0,768.0,782.0,778.0
7971.0,1900.0,1842.0,1860.0,784.0,779.0,806.0
7962.0,1837.0,1853.0,1896.0,775.0,783.0,818.0
7859.0,1791.0,1836.0,1882.0,796.0,777.0,777.0
7720.0,1837.0,1789.0,1791.0,779.0,765.0,759.0
7598.0,1765.0,1776.0,1758.0,772.0,766.0,761.0
7575.0,1748.0,1773.0,1761.0,769.0,768.0,756.0
7822.0,1846.0,1812.0,1831.0,768.0,790.0,775.0
7970.0,1866.0,1876.0,1863.0,777.0,792.0,796.0
7887.0,1822.0,1827.0,1868.0,792.0,797.0,781.0
7868.0,1818.0,1843.0,1855.0,781.0,777.0,794.0
7748.0,1838.0,1793.0,1797.0,761.0,774.0,785.0
7632.0,1769.0,1782.0,1767.0,770.0,767.0,777.0
7594.0,1773.0,1783.0,1744.0,773.0,758.0,763.0
7842.0,1858.0,1809.0,1853.0,779.0,776.0,767.0
7905.0,1858.0,1825.0,1865.0,790.0,782.0,785.0
7897.0,1814.0,1840.0,1864.0,792.0,798.0,789.0
7816.0,1810.0,1866.0,1800.0,771.0,794.0,775.0
7705.0,1813.0,1816.0,1780.0,765.0,776.0,755.0
7583.0,1779.0,1772.0,1759.0,768.0,752.0,753.0
7736.0,1805.0,1789.0,1796.0,786.0,770.0,790.0
7802.0,1821.0,1841.0,1811.0,765.0,772.0,792.0
7895.0,1861.0,1880.0,1824.0,777.0,768.0,785.0
7929.0,1856.0,1861.0,1844.0,794.0,785.0,789.0
7834.0,1821.0,1822.0,1837.0,788.0,779.0,787.0
7741.0,1785.0,1818.0,1820.0,771.0,769.0,778.0
7671.0,1807.0,1766.0,1784.0,785.0,771.0,758.0
7743.0,1784.0,1828.0,1830.0,770.0,764.0,767.0
7850.0,1829.0,1845.0,1826.0,793.0,770.0,787.0
7935.0,1881.0,1824.0,1842.0,804.0,788.0,796.0
7875.0,1866.0,1811.0,1835.0,784.0,783.0,796.0
7847.0,1849.0,1851.0,1806.0,784.0,776.0,781.0
7742.0,1796.0,1822.0,1803.0,773.0,767.0,781.0
7667.0,1783.0,1802.0,1788.0,760.0,768.0,766.0
7606.0,1761.0,1745.0,1784.0,774.0,771.0,771.0
7821.0,1816.0,1829.0,1815.0,789.0,793.0,779.0
7995.0,1875.0,1889.0,1840.0,791.0,795.0,805.0
7869.0,1816.0,1856.0,1822.0,795.0,794.0,786.0
7850.0,1839.0,1823.0,1835.0,775.0,796.0,782.0
7739.0,1796.0,1824.0,1846.0,756.0,755.0,762.0
7681.0,1785.0,1798.0,1799.0,755.0,770.0,774.0
7684.0,1759.0,1812.0,1803.0,764.0,768.0,778.0
7855.0,1823.0,1867.0,1800.0,792.0,794.0,779.0
7984.0,1879.0,1848.0,1849.0,796.0,806.0,806.0
7926.0,1816.0,1833.0,1864.0,795.0,810.0,808.0
7935.0,1856.0,1862.0,1825.0,799.0,810.0,783.0
7826.0,1812.0,1821.0,1864.0,767.0,781.0,781.0
7752.0,1843.0,1822.0,1800.0,773.0,749.0,765.0
7634.0,1758.0,1788.0,1775.0,770.0,779.0,764.0
7761.0,1849.0,1781.0,1786.0,788.0,772.0,785.0
7981.0,1889.0,1871.0,1833.0,804.0,795.0,789.0
8038.0,1855.0,1898.0,1858.0,821.0,804.0,802.0
7886.0,1809.0,1847.0,1846.0,792.0,802.0,790.0
7826.0,1821.0,1849.0,1832.0,757.0,787.0,780.0
7777.0,1829.0,1811.0,1836.0,756.0,767.0,778.0
7720.0,1803.0,1790.0,1799.0,773.0,776.0,779.0
7860.0,1851.0,1848.0,1823.0,789.0,768.0,781.0
8052.0,1906.0,1885.0,1857.0,807.0,802.0,795.0
7984.0,1869.0,1867.0,1860.0,801.0,794.0,793.0
7843.0,1834.0,1817.0,1847.0,795.0,772.0,778.0
7818.0,1849.0,1821.0,1814.0,772.0,778.0,784.0
7740.0,1822.0,1823.0,1772.0,770.0,777.0,776.0
7727.0,1814.0,1775.0,1816.0,770.0,783.0,769.0
7877.0,1843.0,1825.0,1832.0,792.0,791.0,794.0
8019.0,1895.0,1852.0,1877.0,803.0,803.0,789.0
8028.0,1883.0,1856.0,1892.0,812.0,786.0,799.0
7902.0,1838.0,1865.0,1826.0,801.0,784.0,788.0
7804.0,1819.0,1847.0,1813.0,769.0,771.0,785.0
7686.0,1814.0,1781.0,1765.0,773.0,769.0,784.0
7648.0,1796.0,1764.0,1771.0,773.0,768.0,776.0
7895.0,1858.0,1813.0,1864.0,783.0,797.0,780.0
8071.0,1896.0,1881.0,1879.0,801.0,815.0,799.0
8066.0,1858.0,1906.0,1888.0,801.0,814.0,799.0
7971.0,1847.0,1870.0,1854.0,814.0,790.0,796.0
7821.0,1837.0,1786.0,1836.0,791.0,781.0,790.0
7711.0,1807.0,1800.0,1770.0,780.0,762.0,792.0
7775.0,1814.0,1831.0,1810.0,787.0,759.0,774.0
7905.0,1826.0,1860.0,1862.0,784.0,796.0,777.0
8019.0,1908.0,1846.0,1887.0,788.0,786.0,804.0
8024.0,1863.0,1871.0,1889.0,798.0,812.0,791.0
7936.0,1853.0,1845.0,1847.0,794.0,808.0,789.0
7840.0,1834.0,1819.0,1824.0,798.0,782.0,783.0
7762.0,1810.0,1800.0,1823.0,778.0,781.0,770.0
7748.0,1789.0,1805.0,1832.0,775.0,767.0,780.0
7902.0,1861.0,1837.0,1867.0,777.0,782.0,778.0
8053.0,1863.0,1873.0,1907.0,797.0,794.0,819.0
8060.0,1880.0,1888.0,1871.0,809.0,801.0,811.0
7947.0,1837.0,1873.0,1848.0,805.0,791.0,793.0
7836.0,1838.0,1805.0,1870.0,788.0,764.0,771.0
7836.0,1854.0,1789.0,1837.0,797.0,795.0,764.0
7847.0,1795.0,1852.0,1869.0,778.0,789.0,764.0
7957.0,1836.0,1858.0,1870.0,792.0,806.0,795.0
8016.0,1867.0,1845.0,1892.0,803.0,807.0,802.0
7987.0,1843.0,1875.0,1855.0,801.0,808.0,805.0
7940.0,1847.0,1881.0,1841.0,790.0,794.0,787.0
7885.0,1840.0,1847.0,1830.0,797.0,777.0,794.0
7856.0,1836.0,1840.0,1826.0,785.0,775.0,794.0
7805.0,1810.0,1825.0,1817.0,797.0,772.0,784.0
7987.0,1838.0,1867.0,1890.0,790.0,800.0,802.0
8081.0,1925.0,1843.0,1878.0,811.0,813.0,811.0
8046.0,1900.0,1893.0,1842.0,816.0,810.0,785.0
8025.0,1856.0,1896.0,1872.0,789.0,822.0,790.0
7934.0,1868.0,1838.0,1864.0,790.0,786.0,788.0
7910.0,1864.0,1823.0,1868.0,788.0,775.0,792.0
7825.0,1816.0,1821.0,1834.0,783.0,783.0,788.0
8011.0,1846.0,1879.0,1862.0,805.0,799.0,820.0
8089.0,1906.0,1907.0,1858.0,806.0,811.0,801.0
8079.0,1886.0,1895.0,1876.0,795.0,814.0,813.0
8058.0,1867.0,1869.0,1895.0,800.0,816.0,811.0
7936.0,1877.0,1845.0,1861.0,787.0,788.0,778.0
7869.0,1838.0,1851.0,1841.0,770.0,783.0,786.0
7786.0,1782.0,1859.0,1808.0,786.0,779.0,772.0
7893.0,1843.0,1842.0,1856.0,791.0,780.0,781.0
8024.0,1886.0,1855.0,1860.0,814.0,809.0,800.0
8181.0,1894.0,1917.0,1914.0,813.0,816.0,827.0
8031.0,1856.0,1877.0,1886.0,802.0,813.0,797.0
8017.0,1870.0,1868.0,1877.0,799.0,801.0,802.0
7877.0,1826.0,1855.0,1839.0,767.0,788.0,802.0
7795.0,1803.0,1826.0,1804.0,774.0,788.0,800.0
7961.0,1882.0,1876.0,1815.0,798.0,797.0,793.0
8186.0,1915.0,1948.0,1904.0,812.0,805.0,802.0
8085.0,1884.0,1895.0,1872.0,813.0,814.0,807.0
8020.0,1836.0,1870.0,1918.0,802.0,791.0,803.0
7912.0,1843.0,1856.0,1836.0,783.0,798.0,796.0
7862.0,1818.0,1849.0,1857.0,784.0,779.0,775.0
7847.0,1819.0,1860.0,1814.0,768.0,808.0,778.0
7961.0,1854.0,1837.0,1846.0,800.0,807.0,817.0
8174.0,1933.0,1873.0,1918.0,803.0,825.0,822.0
8178.0,1908.0,1897.0,1909.0,813.0,828.0,823.0
8088.0,1867.0,1896.0,1882.0,819.0,797.0,827.0
7933.0,1852.0,1864.0,1846.0,799.0,787.0,785.0
7833.0,1835.0,1846.0,1820.0,780.0,776.0,776.0
7869.0,1830.0,1817.0,1847.0,783.0,806.0,786.0
8007.0,1871.0,1896.0,1859.0,791.0,797.0,793.0
8177.0,1913.0,1913.0,1913.0,817.0,807.0,814.0
8236.0,1915.0,1909.0,1935.0,825.0,831.0,821.0
8040.0,1862.0,1869.0,1889.0,810.0,810.0,800.0
7895.0,1867.0,1847.0,1779.0,802.0,798.0,802.0
7838.0,1853.0,1836.0,1790.0,790.0,777.0,792.0
7888.0,1834.0,1865.0,1820.0,780.0,785.0,804.0
8071.0,1891.0,1903.0,1876.0,803.0,798.0,800.0
8119.0,1909.0,1853.0,1908.0,816.0,816.0,817.0
8182.0,1888.0,1895.0,1933.0,814.0,831.0,821.0
8152.0,1890.0,1904.0,1901.0,821.0,827.0,809.0
8027.0,1880.0,1898.0,1849.0,805.0,813.0,782.0
7935.0,1862.0,1860.0,1818.0,805.0,795.0,795.0
7908.0,1842.0,1831.0,1871.0,782.0,790.0,792.0
8039.0,1887.0,1846.0,1901.0,790.0,804.0,811.0
8198.0,1903.0,1922.0,1943.0,810.0,811.0,809.0
8180.0,1903.0,1920.0,1893.0,816.0,816.0,832.0
8119.0,1871.0,1901.0,1882.0,839.0,816.0,810.0
7892.0,1870.0,1811.0,1822.0,800.0,795.0,794.0
7889.0,1856.0,1804.0,1842.0,804.0,794.0,789.0
7906.0,1862.0,1838.0,1851.0,782.0,793.0,780.0
8128.0,1917.0,1888.0,1914.0,798.0,811.0,800.0
8171.0,1910.0,1923.0,1890.0,824.0,821.0,803.0
8217.0,1908.0,1914.0,1906.0,837.0,821.0,831.0
8063.0,1867.0,1891.0,1882.0,805.0,798.0,820.0
8015.0,1866.0,1870.0,1875.0,806.0,789.0,809.0
7982.0,1850.0,1862.0,1855.0,806.0,799.0,810.0
7948.0,1811.0,1868.0,1854.0,800.0,802.0,813.0
8084.0,1892.0,1896.0,1894.0,802.0,802.0,798.0
8183.0,1906.0,1902.0,1915.0,805.0,829.0,826.0
8160.0,1906.0,1887.0,1905.0,815.0,837.0,810.0
8126.0,1875.0,1919.0,1874.0,811.0,827.0,820.0
8112.0,1893.0,1882.0,1921.0,816.0,802.0,798.0
7968.0,1872.0,1848.0,1872.0,801.0,786.0,789.0
7895.0,1850.0,1812.0,1836.0,804.0,789.0,804.0
8065.0,1883.0,1884.0,1896.0,801.0,797.0,804.0
8194.0,1905.0,1943.0,1875.0,825.0,815.0,831.0
8210.0,1895.0,1916.0,1916.0,811.0,830.0,842.0
8123.0,1894.0,1878.0,1888.0,816.0,828.0,819.0
8068.0,1876.0,1848.0,1930.0,798.0,806.0,810.0
8017.0,1854.0,1871.0,1893.0,796.0,812.0,791.0
7985.0,1853.0,1861.0,1872.0,813.0,798.0,788.0
8086.0,1926.0,1876.0,1872.0,802.0,805.0,805.0
8153.0,1921.0,1880.0,1897.0,815.0,813.0,827.0
8260.0,1922.0,1946.0,1940.0,822.0,803.0,827.0
8171.0,1883.0,1926.0,1910.0,813.0,823.0,816.0
8101.0,1871.0,1895.0,1917.0,795.0,814.0,809.0
8010.0,1862.0,1869.0,1876.0,797.0,791.0,815.0
8018.0,1843.0,1893.0,1870.0,800.0,817.0,795.0
8084.0,1883.0,1883.0,1863.0,832.0,807.0,816.0
8259.0,1946.0,1960.0,1884.0,822.0,817.0,830.0
8248.0,1915.0,1932.0,1942.0,820.0,823.0,816.0
8109.0,1856.0,1887.0,1941.0,807.0,800.0,818.0
8115.0,1904.0,1857.0,1943.0,799.0,807.0,805.0
7995.0,1878.0,1856.0,1850.0,809.0,808.0,794.0
7978.0,1827.0,1892.0,1842.0,811.0,808.0,798.0
8171.0,1887.0,1914.0,1898.0,832.0,824.0,816.0
8345.0,1934.0,1944.0,1962.0,834.0,847.0,824.0
8326.0,1938.0,1936.0,1939.0,833.0,835.0,845.0
8259.0,1893.0,1937.0,1942.0,818.0,822.0,847.0
8107.0,1913.0,1888.0,1896.0,793.0,821.0,796.0
7940.0,1860.0,1860.0,1833.0,803.0,786.0,798.0
7977.0,1869.0,1873.0,1834.0,799.0,798.0,804.0
8154.0,1904.0,1879.0,1932.0,828.0,825.0,786.0
8274.0,1936.0,1924.0,1937.0,825.0,824.0,828.0
8338.0,1941.0,1934.0,1992.0,823.0,813.0,835.0
8190.0,1917.0,1943.0,1871.0,820.0,822.0,817.0
8119.0,1910.0,1897.0,1885.0,795.0,815.0,817.0
8033.0,1875.0,1865.0,1864.0,813.0,807.0,809.0
8032.0,1878.0,1887.0,1859.0,789.0,801.0,818.0
8268.0,1930.0,1935.0,1951.0,821.0,810.0,821.0
8348.0,1945.0,1945.0,1973.0,834.0,830.0,821.0
8314.0,1935.0,1901.0,1997.0,822.0,829.0,830.0
8129.0,1876.0,1886.0,1904.0,824.0,833.0,806.0
8083.0,1890.0,1892.0,1895.0,801.0,815.0,790.0
8057.0,1894.0,1901.0,1875.0,797.0,804.0,786.0
7999.0,1843.0,1858.0,1887.0,790.0,814.0,807.0
8245.0,1913.0,1929.0,1928.0,829.0,832.0,814.0
8285.0,1951.0,1919.0,1930.0,835.0,829.0,821.0
8339.0,1962.0,1961.0,1931.0,831.0,818.0,836.0
8194.0,1913.0,1928.0,1889.0,823.0,818.0,823.0
8112.0,1876.0,1928.0,1875.0,817.0,800.0,816.0
7994.0,1874.0,1846.0,1881.0,786.0,803.0,804.0
8092.0,1869.0,1899.0,1914.0,803.0,812.0,795.0
8202.0,1922.0,1904.0,1934.0,811.0,823.0,808.0
8360.0,1960.0,1977.0,1935.0,830.0,825.0,833.0
8323.0,1961.0,1951.0,1921.0,828.0,836.0,826.0
8246.0,1915.0,1923.0,1918.0,833.0,820.0,837.0
8156.0,1874.0,1897.0,1927.0,834.0,818.0,806.0
8071.0,1874.0,1895.0,1874.0,818.0,793.0,817.0
8090.0,1872.0,1908.0,1880.0,812.0,793.0,825.0
8142.0,1899.0,1907.0,1897.0,809.0,812.0,818.0
8372.0,1964.0,1939.0,1959.0,834.0,851.0,825.0
8315.0,1947.0,1947.0,1918.0,840.0,835.0,828.0
8225.0,1942.0,1918.0,1903.0,823.0,832.0,807.0
8197.0,1900.0,1914.0,1940.0,820.0,811.0,812.0
7978.0,1866.0,1860.0,1872.0,787.0,794.0,799.0
8061.0,1848.0,1875.0,1906.0,810.0,806.0,816.0
8187.0,1908.0,1896.0,1928.0,821.0,808.0,826.0
8311.0,1968.0,1932.0,1925.0,837.0,817.0,832.0
8330.0,1942.0,1948.0,1922.0,839.0,839.0,840.0
8290.0,1907.0,1951.0,1942.0,838.0,824.0,828.0
8117.0,1896.0,1872.0,1908.0,814.0,815.0,812.0
8089.0,1887.0,1879.0,1878.0,823.0,821.0,801.0
8039.0,1881.0,1857.0,1867.0,816.0,817.0,801.0
8235.0,1942.0,1949.0,1891.0,826.0,814.0,813.0
8349.0,1988.0,1936.0,1922.0,834.0,840.0,829.0
8365.0,1962.0,1962.0,1955.0,828.0,835.0,823.0
8258.0,1925.0,1912.0,1950.0,828.0,808.0,835.0
8267.0,1908.0,1939.0,1949.0,823.0,822.0,826.0
8133.0,1902.0,1901.0,1879.0,816.0,812.0,823.0
8110.0,1903.0,1877.0,1877.0,823.0,811.0,819.0
8230.0,1926.0,1921.0,1897.0,830.0,829.0,827.0
8361.0,1982.0,1957.0,1931.0,825.0,839.0,827.0
8369.0,1948.0,1960.0,1941.0,839.0,845.0,836.0
8345.0,1930.0,1957.0,1964.0,824.0,841.0,829.0
8171.0,1905.0,1882.0,1941.0,820.0,814.0,809.0
8074.0,1875.0,1860.0,1903.0,815.0,816.0,805.0
8093.0,1860.0,1892.0,1883.0,818.0,817.0,823.0
8226.0,1889.0,1965.0,1907.0,819.0,832.0,814.0
8403.0,1989.0,1932.0,1956.0,833.0,849.0,844.0
8397.0,2001.0,1929.0,1945.0,835.0,843.0,844.0
8258.0,1924.0,1891.0,1950.0,840.0,836.0,817.0
8159.0,1912.0,1873.0,1929.0,825.0,815.0,805.0
8125.0,1906.0,1922.0,1871.0,811.0,799.0,816.0
8141.0,1914.0,1902.0,1878.0,824.0,818.0,805.0
8215.0,1929.0,1901.0,1903.0,841.0,819.0,822.0
8446.0,1997.0,1947.0,1975.0,855.0,836.0,836.0
8445.0,1952.0,1970.0,1958.0,851.0,860.0,854.0
8379.0,1935.0,1973.0,1963.0,831.0,835.0,842.0
8182.0,1901.0,1953.0,1874.0,806.0,823.0,825.0
8109.0,1911.0,1871.0,1875.0,819.0,811.0,822.0
8101.0,1868.0,1881.0,1895.0,813.0,827.0,817.0
8295.0,1914.0,1924.0,1971.0,849.0,815.0,822.0
8473.0,1950.0,1997.0,2022.0,847.0,829.0,828.0
8431.0,1970.0,1970.0,1963.0,839.0,836.0,853.0
8301.0,1974.0,1924.0,1934.0,823.0,827.0,819.0
8204.0,1920.0,1907.0,1904.0,818.0,833.0,822.0
8137.0,1902.0,1906.0,1889.0,810.0,822.0,808.0
8217.0,1883.0,1939.0,1915.0,827.0,839.0,814.0
8312.0,1944.0,1957.0,1929.0,825.0,831.0,826.0
8478.0,1999.0,1946.0,1988.0,852.0,848.0,845.0
8406.0,1963.0,1952.0,1959.0,859.0,837.0,836.0
8277.0,1930.0,1946.0,1919.0,826.0,823.0,833.0
8199.0,1907.0,1937.0,1898.0,816.0,814.0,827.0
8218.0,1919.0,1943.0,1923.0,806.0,806.0,821.0
8177.0,1893.0,1895.0,1922.0,819.0,831.0,817.0
8269.0,1906.0,1915.0,1933.0,831.0,838.0,846.0
8449.0,1962.0,1996.0,1970.0,844.0,837.0,840.0
8418.0,1947.0,1985.0,1933.0,863.0,848.0,842.0
8300.0,1932.0,1909.0,1948.0,839.0,833.0,839.0
8238.0,1924.0,1903.0,1920.0,838.0,820.0,833.0
8179.0,1928.0,1892.0,1935.0,815.0,803.0,806.0
8272.0,1878.0,1947.0,1972.0,818.0,833.0,824.0
8348.0,1931.0,1982.0,1939.0,830.0,838.0,828.0
8411.0,1969.0,1981.0,1931.0,856.0,829.0,845.0
8523.0,1984.0,1986.0,1972.0,867.0,864.0,850.0
8366.0,1938.0,1942.0,1957.0,852.0,847.0,830.0
8281.0,1940.0,1925.0,1929.0,832.0,834.0,821.0
8217.0,1931.0,1926.0,1910.0,813.0,809.0,828.0
8161.0,1898.0,1912.0,1918.0,816.0,803.0,814.0
8331.0,1943.0,1931.0,1947.0,847.0,824.0,839.0
8429.0,2004.0,1964.0,1925.0,855.0,832.0,849.0
8521.0,1978.0,1997.0,1972.0,856.0,861.0,857.0
8407.0,1947.0,1981.0,1946.0,850.0,845.0,838.0
8326.0,1939.0,1915.0,1968.0,833.0,839.0,832.0
8236.0,1925.0,1909.0,1930.0,817.0,832.0,823.0
8192.0,1888.0,1911.0,1933.0,817.0,831.0,812.0
8395.0,1977.0,1959.0,1961.0,828.0,835.0,835.0
8445.0,1997.0,1986.0,1953.0,844.0,831.0,834.0
8540.0,1986.0,2002.0,1991.0,856.0,840.0,865.0
8446.0,1939.0,1964.0,2003.0,856.0,833.0,851.0
8331.0,1945.0,1945.0,1942.0,834.0,821.0,844.0
8286.0,1934.0,1931.0,1955.0,826.0,806.0,834.0
8196.0,1873.0,1906.0,1939.0,820.0,827.0,831.0
8346.0,1946.0,1947.0,1956.0,822.0,847.0,828.0
8429.0,1983.0,1943.0,1958.0,838.0,852.0,855.0
8448.0,1956.0,1982.0,1971.0,848.0,850.0,841.0
8504.0,1967.0,1984.0,2022.0,852.0,846.0,833.0
8302.0,1937.0,1943.0,1934.0,831.0,827.0,830.0
8209.0,1908.0,1902.0,1921.0,840.0,808.0,830.0
8218.0,1928.0,1901.0,1906.0,828.0,819.0,836.0
8401.0,1923.0,1977.0,1959.0,838.0,848.0,856.0
8587.0,2020.0,2005.0,2001.0,840.0,856.0,865.0
8591.0,2003.0,2001.0,2014.0,848.0,862.0,863.0
8404.0,1918.0,1964.0,1996.0,834.0,842.0,850.0
8323.0,1950.0,1933.0,1946.0,837.0,841.0,816.0
8239.0,1935.0,1926.0,1898.0,829.0,831.0,820.0
8296.0,1933.0,1938.0,1946.0,836.0,815.0,828.0
8374.0,1944.0,1967.0,1952.0,839.0,844.0,828.0
8538.0,2000.0,1983.0,1998.0,860.0,856.0,841.0
8563.0,2003.0,1978.0,2010.0,854.0,863.0,855.0
8484.0,1948.0,2007.0,1988.0,836.0,841.0,864.0
8363.0,1969.0,1945.0,1945.0,832.0,849.0,823.0
8324.0,1954.0,1942.0,1922.0,829.0,839.0,838.0
8218.0,1898.0,1872.0,1928.0,853.0,830.0,837.0
8418.0,1966.0,1955.0,1977.0,834.0,852.0,834.0
8587.0,2006.0,2008.0,2032.0,852.0,846.0,843.0
8543.0,1970.0,1995.0,2035.0,836.0,861.0,846.0
8404.0,1970.0,1966.0,1952.0,822.0,852.0,842.0
8294.0,1956.0,1920.0,1904.0,834.0,843.0,837.0
8188.0,1920.0,1894.0,1900.0,820.0,822.0,832.0
8332.0,1913.0,1961.0,1964.0,829.0,842.0,823.0
8465.0,1947.0,2012.0,1968.0,847.0,841.0,850.0
8533.0,2016.0,1977.0,1977.0,854.0,845.0,864.0
8503.0,1997.0,1989.0,1973.0,850.0,831.0,863.0
8445.0,1978.0,1956.0,1975.0,839.0,842.0,855.0
8263.0,1967.0,1913.0,1929.0,818.0,812.0,824.0
8302.0,1945.0,1937.0,1954.0,824.0,829.0,813.0
8311.0,1913.0,1941.0,1950.0,837.0,844.0,826.0
8410.0,1978.0,1935.0,1956.0,854.0,839.0,848.0
8527.0,2000.0,1985.0,1979.0,849.0,876.0,838.0
8622.0,2006.0,2031.0,1993.0,865.0,873.0,854.0
8427.0,1962.0,1979.0,1948.0,843.0,843.0,852.0
8336.0,1955.0,1957.0,1956.0,816.0,825.0,827.0
8302.0,1953.0,1917.0,1949.0,819.0,829.0,835.0
8338.0,1954.0,1939.0,1950.0,834.0,819.0,842.0
8545.0,1987.0,2009.0,1995.0,847.0,848.0,859.0
8568.0,2007.0,2013.0,1971.0,857.0,861.0,859.0
8547.0,1975.0,1982.0,2005.0,859.0,862.0,864.0
8490.0,1947.0,1973.0,2008.0,856.0,859.0,847.0
8432.0,1975.0,1954.0,2008.0,830.0,843.0,822.0
8352.0,1947.0,1952.0,1975.0,815.0,838.0,825.0
8328.0,1896.0,1946.0,1957.0,837.0,846.0,846.0
8445.0,1971.0,1973.0,1981.0,841.0,832.0,847.0
8604.0,2038.0,2016.0,1963.0,870.0,840.0,877.0
8569.0,2003.0,1972.0,1992.0,868.0,861.0,873.0
8542.0,1975.0,2023.0,1983.0,862.0,849.0,850.0
8414.0,1952.0,1998.0,1958.0,838.0,830.0,838.0
8382.0,1962.0,1947.0,1973.0,828.0,842.0,830.0
8329.0,1919.0,1943.0,1969.0,836.0,837.0,825.0
8409.0,1962.0,1959.0,1951.0,859.0,840.0,838.0
8619.0,2045.0,2018.0,1993.0,865.0,848.0,850.0
8589.0,1987.0,2036.0,1989.0,871.0,858.0,848.0
8461.0,1974.0,1957.0,1981.0,857.0,837.0,855.0
8487.0,1977.0,1952.0,2019.0,855.0,828.0,856.0
8409.0,1959.0,1966.0,1965.0,832.0,830.0,857.0
8381.0,1966.0,1975.0,1919.0,832.0,855.0,834.0
8467.0,1977.0,1984.0,1968.0,827.0,857.0,854.0
8599.0,2033.0,1986.0,1993.0,874.0,865.0,848.0
8640.0,2009.0,1993.0,2029.0,878.0,876.0,855.0
8579.0,1954.0,2039.0,1999.0,860.0,867.0,860.0
8524.0,2002.0,2008.0,1989.0,857.0,827.0,841.0
8383.0,1968.0,1967.0,1951.0,833.0,830.0,834.0
8293.0,1959.0,1935.0,1900.0,825.0,840.0,834.0
8434.0,1965.0,1970.0,1973.0,841.0,833.0,852.0
8681.0,2032.0,2039.0,2002.0,868.0,871.0,869.0
8777.0,2045.0,2051.0,2080.0,864.0,874.0,863.0
8672.0,2029.0,1985.0,2048.0,874.0,870.0,866.0
8429.0,1984.0,1952.0,1968.0,860.0,836.0,829.0
8314.0,1966.0,1940.0,1906.0,843.0,827.0,832.0
8300.0,1924.0,1945.0,1950.0,832.0,835.0,814.0
8508.0,1985.0,2006.0,2003.0,850.0,819.0,845.0
8625.0,2018.0,2017.0,2012.0,859.0,862.0,857.0
8663.0,2031.0,1994.0,2032.0,872.0,868.0,866.0
8547.0,1983.0,1982.0,2002.0,864.0,855.0,861.0
8539.0,1987.0,2020.0,1958.0,853.0,865.0,856.0
8424.0,1981.0,1969.0,1934.0,850.0,845.0,845.0
8392.0,1944.0,1959.0,1971.0,845.0,840.0,833.0
8519.0,2008.0,1964.0,2013.0,842.0,834.0,858.0
8649.0,2031.0,1994.0,2040.0,859.0,863.0,862.0
8687.0,2028.0,2053.0,2032.0,860.0,844.0,870.0
8560.0,1974.0,2033.0,1996.0,852.0,850.0,855.0
8447.0,1993.0,1960.0,1953.0,855.0,843.0,843.0
8312.0,1937.0,1935.0,1906.0,854.0,857.0,823.0
8392.0,1930.0,1947.0,1989.0,846.0,847.0,833.0
8591.0,1984.0,2002.0,2002.0,854.0,866.0,883.0
8784.0,2072.0,2045.0,2053.0,864.0,883.0,867.0
8696.0,2006.0,2013.0,2048.0,872.0,871.0,886.0
8589.0,2033.0,1987.0,2002.0,852.0,855.0,860.0
8448.0,2003.0,1979.0,1946.0,844.0,836.0,840.0
8439.0,1979.0,1975.0,1968.0,852.0,819.0,846.0
8415.0,1939.0,1987.0,1981.0,838.0,836.0,834.0
8572.0,2012.0,2001.0,1992.0,859.0,866.0,842.0
8682.0,2074.0,2011.0,2000.0,855.0,877.0,865.0
8749.0,2042.0,2061.0,2033.0,858.0,874.0,881.0
8622.0,2005.0,2029.0,2001.0,860.0,864.0,863.0
8486.0,1998.0,1998.0,1968.0,833.0,837.0,852.0
8451.0,1987.0,1976.0,1964.0,835.0,848.0,841.0
8435.0,1959.0,1930.0,2004.0,856.0,837.0,849.0
8576.0,1996.0,1983.0,1994.0,872.0,857.0,874.0
8744.0,2063.0,2042.0,2028.0,864.0,879.0,868.0
8730.0,2022.0,2050.0,2038.0,874.0,887.0,859.0
8644.0,2020.0,2020.0,2011.0,850.0,885.0,858.0
8555.0,2040.0,1955.0,2001.0,849.0,863.0,847.0
8486.0,1992.0,1975.0,1991.0,848.0,838.0,842.0
8476.0,1948.0,1985.0,1996.0,847.0,851.0,849.0
8587.0,2000.0,1989.0,2013.0,860.0,865.0,860.0
8652.0,2067.0,2010.0,1976.0,875.0,852.0,872.0
8719.0,2016.0,2025.0,2049.0,871.0,868.0,890.0
8667.0,2039.0,2008.0,2032.0,867.0,858.0,863.0
8578.0,2001.0,2018.0,2010.0,832.0,857.0,860.0
8454.0,1984.0,1933.0,1981.0,844.0,854.0,858.0
8455.0,1969.0,1964.0,1993.0,849.0,850.0,830.0
8636.0,2065.0,2010.0,1969.0,871.0,876.0,845.0
8730.0,2050.0,2047.0,2004.0,877.0,878.0,874.0
8750.0,2026.0,2051.0,2054.0,880.0,868.0,871.0
8615.0,2001.0,1997.0,2031.0,869.0,848.0,869.0
8593.0,2023.0,1971.0,2037.0,849.0,847.0,866.0
8458.0,2013.0,1956.0,1966.0,835.0,832.0,856.0
8448.0,1946.0,1963.0,1981.0,846.0,852.0,860.0
8629.0,2005.0,2032.0,2014.0,870.0,859.0,849.0
8739.0,2052.0,2049.0,2019.0,885.0,874.0,860.0
8731.0,2032.0,2018.0,2047.0,870.0,887.0,877.0
8772.0,2038.0,2019.0,2081.0,884.0,875.0,875.0
8578.0,2021.0,2019.0,1980.0,849.0,856.0,853.0
8544.0,2011.0,2015.0,2001.0,835.0,850.0,832.0
8465.0,1960.0,1963.0,1996.0,839.0,840.0,867.0
8595.0,1990.0,2009.0,2018.0,856.0,860.0,862.0
8814.0,2059.0,2041.0,2058.0,887.0,886.0,883.0
8811.0,2029.0,2066.0,2061.0,899.0,891.0,865.0
8772.0,2018.0,2081.0,2058.0,879.0,873.0,863.0
8597.0,2034.0,1993.0,1996.0,865.0,868.0,841.0
8401.0,1951.0,1925.0,1962.0,848.0,872.0,843.0
8552.0,1985.0,1999.0,1997.0,866.0,853.0,852.0
8724.0,2056.0,2028.0,2061.0,856.0,860.0,863.0
8816.0,2040.0,2056.0,2095.0,886.0,867.0,872.0
8791.0,2049.0,2024.0,2094.0,884.0,871.0,869.0
8669.0,1996.0,2015.0,2035.0,878.0,867.0,878.0
8608.0,2003.0,2029.0,1986.0,874.0,856.0,860.0
8565.0,1996.0,2021.0,1984.0,850.0,866.0,848.0
8536.0,2006.0,2001.0,1967.0,843.0,859.0,860.0
8674.0,2049.0,2007.0,2032.0,855.0,867.0,864.0
8803.0,2068.0,2051.0,2077.0,870.0,861.0,876.0
8789.0,2064.0,2069.0,2043.0,878.0,865.0,870.0
8740.0,1976.0,2085.0,2054.0,874.0,877.0,874.0
8619.0,2015.0,2013.0,2004.0,863.0,864.0,860.0
8524.0,1990.0,1981.0,1995.0,877.0,834.0,847.0
8540.0,1988.0,1981.0,1997.0,847.0,867.0,860.0
8702.0,2008.0,2028.0,2040.0,866.0,876.0,884.0
8833.0,2052.0,2065.0,2071.0,872.0,872.0,901.0
8851.0,2035.0,2076.0,2060.0,887.0,893.0,900.0
8721.0,2035.0,2049.0,2019.0,864.0,874.0,880.0
8606.0,2031.0,1988.0,2004.0,862.0,854.0,867.0
8563.0,1993.0,2015.0,2003.0,861.0,840.0,851.0
8565.0,1997.0,2004.0,2016.0,860.0,859.0,829.0
8705.0,2026.0,2060.0,2049.0,857.0,849.0,864.0
8798.0,2062.0,2049.0,2066.0,874.0,876.0,871.0
8820.0,2042.0,2033.0,2068.0,883.0,909.0,885.0
8693.0,1991.0,2016.0,2032.0,883.0,877.0,894.0
8657.0,2032.0,2027.0,2003.0,866.0,860.0,869.0
8623.0,2015.0,2020.0,2022.0,855.0,851.0,860.0
8562.0,1992.0,1964.0,2039.0,856.0,851.0,860.0
8738.0,2079.0,2022.0,2041.0,867.0,871.0,858.0
8793.0,2069.0,2060.0,2040.0,886.0,864.0,874.0
8760.0,2032.0,2079.0,2022.0,874.0,877.0,876.0
8768.0,2062.0,2053.0,2050.0,866.0,873.0,864.0
8647.0,2061.0,1997.0,1994.0,849.0,887.0,859.0
8600.0,1989.0,1998.0,2053.0,844.0,869.0,847.0
8641.0,1987.0,2026.0,2023.0,861.0,874.0,870.0
8662.0,2024.0,2039.0,2002.0,855.0,856.0,886.0
8889.0,2089.0,2089.0,2058.0,891.0,872.0,890.0
8789.0,2055.0,2053.0,2038.0,875.0,886.0,882.0
8742.0,2049.0,2023.0,2054.0,865.0,862.0,889.0
8762.0,2053.0,2061.0,2047.0,870.0,861.0,870.0
8701.0,2045.0,2044.0,2039.0,860.0,860.0,853.0
8635.0,1987.0,2019.0,2028.0,879.0,870.0,852.0
8759.0,2052.0,2061.0,2021.0,884.0,871.0,870.0
8847.0,2102.0,2046.0,2039.0,890.0,888.0,882.0
8891.0,2068.0,2103.0,2074.0,879.0,879.0,888.0
8791.0,2069.0,2046.0,2034.0,877.0,879.0,886.0
8724.0,2046.0,2046.0,2030.0,855.0,869.0,878.0
8601.0,2015.0,1999.0,1998.0,853.0,864.0,872.0
8670.0,2034.0,2026.0,1996.0,861.0,875.0,878.0
8740.0,2025.0,2038.0,2035.0,876.0,873.0,893.0
8939.0,2106.0,2079.0,2070.0,899.0,895.0,890.0
8907.0,2052.0,2066.0,2108.0,892.0,910.0,879.0
8813.0,2055.0,2038.0,2107.0,881.0,866.0,866.0
8716.0,2057.0,2028.0,2038.0,854.0,871.0,868.0
8603.0,2031.0,2038.0,2002.0,838.0,846.0,848.0
8690.0,2026.0,2057.0,1991.0,884.0,859.0,873.0
8775.0,2032.0,2059.0,2033.0,895.0,866.0,890.0
8872.0,2062.0,2065.0,2080.0,889.0,882.0,894.0
8915.0,2073.0,2058.0,2107.0,889.0,891.0,897.0
8845.0,2051.0,2074.0,2064.0,876.0,895.0,885.0
8687.0,2042.0,2012.0,2015.0,870.0,877.0,871.0
8633.0,2063.0,2006.0,1985.0,853.0,873.0,853.0
8647.0,2006.0,2037.0,2011.0,858.0,867.0,868.0
8746.0,2024.0,2062.0,2056.0,869.0,871.0,864.0
8943.0,2077.0,2101.0,2106.0,888.0,886.0,885.0
8957.0,2081.0,2091.0,2091.0,899.0,889.0,906.0
8826.0,2048.0,2042.0,2078.0,886.0,877.0,895.0
8748.0,2067.0,2054.0,2005.0,864.0,876.0,882.0
8705.0,2037.0,2041.0,2011.0,868.0,874.0,874.0
8652.0,2020.0,2032.0,2000.0,849.0,876.0,875.0
8768.0,2062.0,2046.0,2037.0,870.0,878.0,875.0
8883.0,2108.0,2050.0,2078.0,900.0,879.0,868.0
8983.0,2075.0,2088.0,2119.0,905.0,898.0,898.0
8882.0,2083.0,2072.0,2067.0,900.0,876.0,884.0
8730.0,2069.0,2045.0,2016.0,873.0,862.0,865.0
8649.0,2012.0,2058.0,2005.0,855.0,857.0,862.0
8618.0,2016.0,2004.0,2016.0,864.0,858.0,860.0
8864.0,2071.0,2062.0,2070.0,875.0,887.0,899.0
8959.0,2120.0,2067.0,2089.0,890.0,895.0,898.0
9004.0,2090.0,2102.0,2077.0,896.0,917.0,922.0
8854.0,2067.0,2063.0,2068.0,897.0,888.0,871.0
8673.0,2018.0,2041.0,2008.0,883.0,868.0,855.0
8662.0,2027.0,2006.0,2045.0,857.0,863.0,864.0
8736.0,2009.0,2061.0,2072.0,871.0,855.0,868.0
8796.0,2039.0,2066.0,2075.0,868.0,875.0,873.0
8898.0,2098.0,2075.0,2073.0,886.0,889.0,877.0
8966.0,2082.0,2095.0,2087.0,890.0,913.0,899.0
8802.0,2036.0,2044.0,2038.0,909.0,887.0,888.0
8798.0,2067.0,2056.0,2029.0,873.0,890.0,883.0
8718.0,2017.0,2028.0,2050.0,869.0,889.0,865.0
8691.0,2010.0,2032.0,2032.0,870.0,868.0,879.0
8828.0,2077.0,2053.0,2066.0,869.0,876.0,887.0
8950.0,2096.0,2089.0,2101.0,895.0,884.0,885.0
9002.0,2112.0,2131.0,2083.0,885.0,896.0,895.0
8878.0,2068.0,2103.0,2034.0,892.0,892.0,889.0
8803.0,2042.0,2028.0,2107.0,890.0,876.0,860.0
8714.0,2011.0,2017.0,2081.0,862.0,882.0,861.0
8749.0,2021.0,2029.0,2052.0,882.0,884.0,881.0
8809.0,2047.0,2057.0,2047.0,877.0,884.0,897.0
8956.0,2085.0,2094.0,2087.0,885.0,898.0,907.0
8982.0,2067.0,2098.0,2129.0,890.0,892.0,906.0
8894.0,2057.0,2028.0,2104.0,909.0,888.0,908.0
8796.0,2056.0,2056.0,2060.0,879.0,870.0,875.0
8770.0,2042.0,2070.0,2048.0,872.0,870.0,868.0
8721.0,1997.0,2054.0,2046.0,868.0,877.0,879.0
8777.0,2055.0,2037.0,2008.0,893.0,893.0,891.0
8951.0,2102.0,2102.0,2073.0,879.0,898.0,897.0
8983.0,2078.0,2105.0,2102.0,886.0,898.0,914.0
8998.0,2089.0,2121.0,2107.0,888.0,887.0,906.0
8838.0,2069.0,2050.0,2061.0,880.0,894.0,884.0
8797.0,2078.0,2046.0,2029.0,888.0,872.0,884.0
8707.0,2037.0,2010.0,2038.0,882.0,870.0,870.0
8894.0,2077.0,2094.0,2046.0,894.0,891.0,892.0
8977.0,2135.0,2086.0,2083.0,895.0,897.0,881.0
9091.0,2121.0,2128.0,2133.0,901.0,912.0,896.0
8907.0,2042.0,2085.0,2116.0,888.0,889.0,887.0
8759.0,2057.0,2032.0,2048.0,872.0,879.0,871.0
8727.0,2038.0,2057.0,2019.0,876.0,871.0,866.0
8755.0,2032.0,2059.0,2040.0,872.0,868.0,884.0
8897.0,2078.0,2069.0,2062.0,904.0,882.0,902.0
9002.0,2089.0,2087.0,2117.0,909.0,897.0,903.0
9032.0,2107.0,2098.0,2122.0,893.0,894.0,918.0
9002.0,2082.0,2132.0,2088.0,888.0,900.0,912.0
8883.0,2057.0,2111.0,2059.0,883.0,894.0,879.0
8726.0,2029.0,2067.0,1995.0,877.0,889.0,869.0
8727.0,2042.0,2020.0,2022.0,898.0,870.0,875.0
8887.0,2067.0,2058.0,2081.0,888.0,897.0,896.0
9028.0,2133.0,2084.0,2125.0,898.0,890.0,898.0
9060.0,2117.0,2102.0,2131.0,901.0,905.0,904.0
8979.0,2085.0,2104.0,2119.0,872.0,901.0,898.0
8827.0,2053.0,2051.0,2065.0,883.0,878.0,897.0
8713.0,2035.0,1995.0,2051.0,861.0,886.0,885.0
8761.0,2001.0,2080.0,2038.0,872.0,891.0,879.0
8923.0,2067.0,2105.0,2073.0,900.0,898.0,880.0
9039.0,2106.0,2121.0,2102.0,910.0,897.0,903.0
9084.0,2133.0,2102.0,2131.0,919.0,904.0,895.0
8889.0,2091.0,2056.0,2067.0,893.0,890.0,892.0
8875.0,2076.0,2095.0,2076.0,871.0,873.0,884.0
8783.0,2034.0,2074.0,2034.0,893.0,871.0,877.0
8831.0,2070.0,2071.0,2046.0,865.0,886.0,893.0
8933.0,2066.0,2069.0,2109.0,890.0,902.0,897.0
9064.0,2093.0,2090.0,2143.0,925.0,902.0,911.0
9057.0,2096.0,2144.0,2082.0,911.0,911.0,913.0
8961.0,2058.0,2123.0,2081.0,894.0,902.0,903.0
8900.0,2096.0,2070.0,2082.0,884.0,886.0,882.0
8719.0,2043.0,2033.0,2051.0,871.0,855.0,866.0
8800.0,2048.0,2048.0,2074.0,877.0,889.0,864.0
8960.0,2116.0,2069.0,2115.0,902.0,887.0,871.0
9033.0,2114.0,2106.0,2113.0,907.0,902.0,891.0
9090.0,2109.0,2110.0,2123.0,920.0,922.0,906.0
8961.0,2120.0,2038.0,2083.0,908.0,909.0,903.0
8860.0,2080.0,2041.0,2064.0,899.0,884.0,892.0
8818.0,2055.0,2065.0,2061.0,876.0,871.0,890.0
8859.0,2036.0,2084.0,2071.0,887.0,901.0,880.0
8897.0,2079.0,2101.0,2054.0,882.0,887.0,894.0
9001.0,2119.0,2105.0,2083.0,897.0,898.0,899.0
9072.0,2134.0,2134.0,2083.0,913.0,901.0,907.0
9043.0,2109.0,2143.0,2089.0,912.0,910.0,880.0
8956.0,2072.0,2127.0,2073.0,891.0,898.0,895.0
8881.0,2097.0,2048.0,2085.0,888.0,887.0,876.0
8866.0,2080.0,2042.0,2078.0,886.0,903.0,877.0
8977.0,2086.0,2097.0,2089.0,891.0,908.0,906.0
9049.0,2107.0,2113.0,2097.0,901.0,905.0,926.0
9104.0,2099.0,2129.0,2144.0,915.0,903.0,914.0
9029.0,2090.0,2110.0,2112.0,900.0,905.0,912.0
9003.0,2091.0,2087.0,2112.0,914.0,896.0,903.0
8916.0,2100.0,2083.0,2078.0,892.0,893.0,870.0
8829.0,2028.0,2091.0,2077.0,877.0,891.0,865.0
9004.0,2089.0,2117.0,2098.0,903.0,908.0,889.0
9152.0,2137.0,2133.0,2154.0,906.0,913.0,909.0
9141.0,2140.0,2130.0,2117.0,912.0,925.0,917.0
9076.0,2095.0,2110.0,2129.0,915.0,911.0,916.0
8986.0,2094.0,2095.0,2089.0,892.0,891.0,925.0
8905.0,2071.0,2069.0,2087.0,902.0,878.0,898.0
8801.0,2046.0,2043.0,2050.0,883.0,881.0,898.0
9012.0,2110.0,2101.0,2113.0,881.0,900.0,907.0
9163.0,2157.0,2181.0,2113.0,904.0,909.0,899.0
9172.0,2110.0,2142.0,2188.0,900.0,923.0,909.0
9112.0,2115.0,2155.0,2143.0,901.0,908.0,890.0
8929.0,2103.0,2049.0,2093.0,892.0,914.0,878.0
8861.0,2074.0,2061.0,2061.0,891.0,889.0,885.0
8855.0,2072.0,2083.0,2027.0,901.0,889.0,883.0
9027.0,2126.0,2123.0,2064.0,903.0,896.0,915.0
9160.0,2132.0,2135.0,2132.0,908.0,922.0,931.0
9129.0,2123.0,2104.0,2168.0,895.0,907.0,932.0
9025.0,2102.0,2102.0,2124.0,900.0,893.0,904.0
9059.0,2134.0,2144.0,2098.0,893.0,896.0,894.0
8857.0,2083.0,2066.0,2056.0,879.0,895.0,878.0
8875.0,2062.0,2085.0,2041.0,916.0,898.0,873.0
9001.0,2141.0,2089.0,2076.0,906.0,889.0,900.0
9158.0,2145.0,2142.0,2136.0,907.0,919.0,909.0
9156.0,2149.0,2159.0,2121.0,905.0,904.0,918.0
9085.0,2097.0,2117.0,2154.0,909.0,897.0,911.0
8959.0,2109.0,2073.0,2079.0,900.0,894.0,904.0
8912.0,2099.0,2075.0,2070.0,890.0,895.0,883.0
8946.0,2053.0,2102.0,2089.0,908.0,895.0,899.0
9107.0,2099.0,2145.0,2144.0,903.0,911.0,905.0
9221.0,2152.0,2149.0,2179.0,916.0,916.0,909.0
9194.0,2160.0,2138.0,2170.0,907.0,911.0,908.0
9013.0,2079.0,2117.0,2125.0,903.0,902.0,887.0
8953.0,2099.0,2078.0,2088.0,891.0,908.0,889.0
8917.0,2101.0,2108.0,2059.0,886.0,881.0,882.0
8873.0,2028.0,2069.0,2082.0,898.0,894.0,902.0
9159.0,2145.0,2128.0,2143.0,918.0,901.0,924.0
9205.0,2157.0,2114.0,2166.0,917.0,918.0,933.0
9198.0,2175.0,2163.0,2107.0,911.0,917.0,925.0
9107.0,2097.0,2158.0,2113.0,903.0,921.0,915.0
8997.0,2127.0,2081.0,2096.0,897.0,900.0,896.0
8858.0,2073.0,2067.0,2075.0,881.0,878.0,884.0
8888.0,2072.0,2057.0,2080.0,889.0,895.0,895.0
9076.0,2101.0,2123.0,2160.0,903.0,896.0,893.0
9137.0,2148.0,2136.0,2123.0,922.0,903.0,905.0
9248.0,2112.0,2175.0,2188.0,934.0,913.0,926.0
9051.0,2066.0,2136.0,2098.0,918.0,920.0,913.0
8994.0,2115.0,2082.0,2093.0,895.0,903.0,906.0
9087.0,2134.0,2139.0,2120.0,904.0,883.0,907.0
8982.0,2069.0,2088.0,2125.0,892.0,914.0,894.0
9076.0,2109.0,2112.0,2130.0,915.0,895.0,915.0
9199.0,2169.0,2129.0,2142.0,921.0,917.0,921.0
9197.0,2133.0,2136.0,2171.0,930.0,920.0,907.0
9095.0,2109.0,2128.0,2123.0,910.0,918.0,907.0
9060.0,2098.0,2145.0,2115.0,905.0,896.0,901.0
8961.0,2077.0,2092.0,2128.0,882.0,894.0,888.0
9012.0,2096.0,2066.0,2144.0,893.0,914.0,899.0
9063.0,2106.0,2101.0,2115.0,910.0,925.0,906.0
9190.0,2169.0,2110.0,2132.0,916.0,934.0,929.0
9299.0,2145.0,2209.0,2140.0,942.0,927.0,936.0
9125.0,2109.0,2121.0,2136.0,927.0,912.0,920.0
9059.0,2129.0,2094.0,2107.0,905.0,898.0,926.0
8969.0,2112.0,2084.0,2092.0,895.0,900.0,886.0
8933.0,2059.0,2101.0,2084.0,903.0,890.0,896.0
9098.0,2131.0,2130.0,2129.0,895.0,906.0,907.0
9228.0,2182.0,2128.0,2150.0,907.0,937.0,924.0
9175.0,2143.0,2097.0,2157.0,924.0,933.0,921.0
9163.0,2125.0,2148.0,2131.0,927.0,919.0,913.0
9149.0,2126.0,2133.0,2140.0,918.0,908.0,924.0
8958.0,2102.0,2093.0,2079.0,896.0,895.0,893.0
8977.0,2063.0,2100.0,2096.0,904.0,900.0,914.0
9059.0,2119.0,2104.0,2123.0,903.0,908.0,902.0
9206.0,2182.0,2142.0,2131.0,911.0,923.0,917.0
9264.0,2141.0,2173.0,2171.0,918.0,952.0,909.0
9243.0,2127.0,2176.0,2175.0,927.0,923.0,915.0
9123.0,2128.0,2114.0,2153.0,922.0,901.0,905.0
8962.0,2093.0,2062.0,2087.0,911.0,904.0,905.0
8998.0,2090.0,2115.0,2074.0,895.0,904.0,920.0
9131.0,2156.0,2135.0,2108.0,892.0,913.0,927.0
9263.0,2163.0,2184.0,2148.0,917.0,920.0,931.0
9304.0,2148.0,2169.0,2199.0,927.0,928.0,933.0
9121.0,2134.0,2078.0,2147.0,920.0,921.0,921.0
9082.0,2112.0,2122.0,2110.0,917.0,915.0,906.0
8997.0,2095.0,2101.0,2091.0,908.0,902.0,900.0
8972.0,2064.0,2116.0,2075.0,900.0,916.0,901.0
9147.0,2099.0,2156.0,2132.0,914.0,923.0,923.0
9294.0,2186.0,2154.0,2176.0,910.0,926.0,942.0
9310.0,2175.0,2167.0,2189.0,927.0,924.0,928.0
9236.0,2169.0,2133.0,2154.0,916.0,927.0,937.0
9160.0,2132.0,2159.0,2119.0,926.0,905.0,919.0
9049.0,2128.0,2089.0,2107.0,913.0,896.0,916.0
9036.0,2088.0,2113.0,2121.0,912.0,901.0,901.0
9147.0,2126.0,2142.0,2145.0,906.0,923.0,905.0
9321.0,2192.0,2173.0,2183.0,922.0,924.0,927.0
9268.0,2160.0,2151.0,2185.0,917.0,942.0,913.0
9207.0,2152.0,2149.0,2158.0,923.0,914.0,911.0
9050.0,2144.0,2092.0,2092.0,912.0,901.0,909.0
9040.0,2095.0,2130.0,2096.0,920.0,883.0,916.0
9110.0,2078.0,2159.0,2133.0,906.0,908.0,926.0
9191.0,2125.0,2130.0,2199.0,908.0,892.0,937.0
9310.0,2176.0,2132.0,2194.0,937.0,915.0,956.0
9276.0,2184.0,2140.0,2156.0,928.0,937.0,931.0
9219.0,2141.0,2151.0,2159.0,914.0,934.0,920.0
9228.0,2169.0,2145.0,2149.0,930.0,915.0,920.0
9030.0,2128.0,2097.0,2086.0,912.0,915.0,892.0
9004.0,2097.0,2066.0,2126.0,897.0,911.0,907.0
9130.0,2128.0,2133.0,2131.0,922.0,917.0,899.0
9273.0,2154.0,2154.0,2178.0,939.0,929.0,919.0
9335.0,2189.0,2174.0,2175.0,937.0,926.0,934.0
9263.0,2172.0,2160.0,2158.0,908.0,927.0,938.0
9120.0,2139.0,2087.0,2133.0,899.0,929.0,933.0
9090.0,2152.0,2105.0,2114.0,900.0,922.0,897.0
9153.0,2101.0,2141.0,2168.0,909.0,920.0,914.0
9256.0,2146.0,2172.0,2153.0,937.0,919.0,929.0
9403.0,2214.0,2190.0,2185.0,951.0,940.0,923.0
9320.0,2174.0,2185.0,2193.0,924.0,927.0,917.0
9210.0,2142.0,2153.0,2162.0,925.0,911.0,917.0
9126.0,2140.0,2136.0,2118.0,900.0,912.0,920.0
9100.0,2094.0,2112.0,2153.0,915.0,924.0,902.0
9153.0,2106.0,2139.0,2144.0,908.0,936.0,920.0
9207.0,2150.0,2106.0,2160.0,929.0,929.0,933.0
9385.0,2217.0,2187.0,2159.0,934.0,945.0,943.0
9327.0,2191.0,2186.0,2151.0,932.0,931.0,936.0
9258.0,2138.0,2179.0,2161.0,919.0,936.0,925.0
9201.0,2165.0,2136.0,2163.0,914.0,918.0,905.0
9003.0,2129.0,2068.0,2123.0,906.0,888.0,889.0
9129.0,2137.0,2136.0,2123.0,921.0,906.0,906.0
9221.0,2172.0,2159.0,2119.0,932.0,927.0,912.0
9380.0,2194.0,2174.0,2190.0,952.0,943.0,927.0
9402.0,2200.0,2173.0,2200.0,947.0,945.0,937.0
9253.0,2150.0,2154.0,2167.0,920.0,938.0,924.0
9213.0,2137.0,2153.0,2157.0,908.0,937.0,921.0
9132.0,2134.0,2157.0,2136.0,893.0,907.0,905.0
9124.0,2121.0,2145.0,2128.0,903.0,913.0,914.0
9208.0,2178.0,2141.0,2127.0,915.0,923.0,924.0
9373.0,2204.0,2167.0,2186.0,949.0,928.0,939.0
9400.0,2184.0,2192.0,2209.0,958.0,933.0,924.0
9320.0,2173.0,2172.0,2174.0,950.0,930.0,921.0
9194.0,2159.0,2146.0,2146.0,911.0,928.0,904.0
9113.0,2158.0,2107.0,2106.0,911.0,928.0,903.0
8987.0,2089.0,2056.0,2105.0,914.0,914.0,909.0
9207.0,2136.0,2157.0,2143.0,916.0,920.0,935.0
9466.0,2205.0,2196.0,2209.0,955.0,934.0,967.0
9468.0,2209.0,2227.0,2204.0,943.0,932.0,953.0
9295.0,2162.0,2174.0,2157.0,945.0,924.0,933.0
9199.0,2135.0,2099.0,2179.0,934.0,930.0,922.0
9166.0,2152.0,2141.0,2118.0,918.0,927.0,910.0
9020.0,2097.0,2112.0,2084.0,902.0,916.0,909.0
9316.0,2184.0,2193.0,2169.0,910.0,948.0,912.0
9395.0,2226.0,2160.0,2198.0,926.0,959.0,926.0
9464.0,2219.0,2183.0,2220.0,955.0,932.0,955.0
9409.0,2191.0,2208.0,2181.0,950.0,939.0,940.0
9231.0,2182.0,2154.0,2119.0,925.0,917.0,934.0
9121.0,2151.0,2125.0,2106.0,913.0,911.0,915.0
9118.0,2117.0,2104.0,2142.0,926.0,911.0,918.0
9299.0,2166.0,2177.0,2194.0,912.0,922.0,928.0
9453.0,2214.0,2239.0,2204.0,926.0,947.0,923.0
9460.0,2199.0,2221.0,2212.0,933.0,961.0,934.0
9329.0,2161.0,2174.0,2185.0,948.0,932.0,929.0
9237.0,2153.0,2138.0,2164.0,929.0,927.0,926.0
9165.0,2170.0,2123.0,2137.0,912.0,913.0,910.0
9151.0,2106.0,2163.0,2139.0,920.0,897.0,926.0
9383.0,2190.0,2191.0,2198.0,921.0,930.0,953.0
9509.0,2255.0,2209.0,2242.0,926.0,932.0,945.0
9368.0,2180.0,2193.0,2182.0,935.0,930.0,948.0
9391.0,2197.0,2167.0,2198.0,941.0,954.0,934.0
9211.0,2172.0,2144.0,2138.0,911.0,935.0,911.0
9203.0,2175.0,2140.0,2129.0,918.0,937.0,904.0
9164.0,2117.0,2140.0,2160.0,943.0,913.0,891.0
9319.0,2195.0,2171.0,2172.0,932.0,921.0,928.0
9416.0,2207.0,2186.0,2203.0,946.0,928.0,946.0
9413.0,2178.0,2233.0,2183.0,942.0,929.0,948.0
9380.0,2207.0,2189.0,2183.0,921.0,936.0,944.0
9295.0,2160.0,2146.0,2196.0,929.0,925.0,939.0
9202.0,2128.0,2123.0,2154.0,925.0,932.0,940.0
9258.0,2133.0,2171.0,2179.0,915.0,931.0,929.0
9349.0,2173.0,2191.0,2172.0,936.0,948.0,929.0
9536.0,2244.0,2227.0,2225.0,945.0,959.0,936.0
9413.0,2189.0,2200.0,2175.0,946.0,950.0,953.0
9333.0,2172.0,2172.0,2194.0,933.0,938.0,924.0
9301.0,2189.0,2183.0,2189.0,918.0,919.0,903.0
9238.0,2138.0,2174.0,2149.0,928.0,911.0,938.0
9175.0,2148.0,2117.0,2128.0,935.0,915.0,932.0
9390.0,2201.0,2190.0,2183.0,941.0,948.0,927.0
9527.0,2261.0,2192.0,2211.0,955.0,963.0,945.0
9485.0,2242.0,2192.0,2190.0,956.0,951.0,954.0
9420.0,2170.0,2212.0,2216.0,928.0,956.0,938.0
9316.0,2167.0,2169.0,2195.0,927.0,930.0,928.0
9167.0,2140.0,2133.0,2186.0,908.0,905.0,895.0
9205.0,2137.0,2155.0,2144.0,927.0,925.0,917.0
9280.0,2178.0,2168.0,2149.0,929.0,927.0,929.0
9530.0,2225.0,2232.0,2200.0,966.0,963.0,944.0
9518.0,2192.0,2235.0,2227.0,942.0,960.0,962.0
9433.0,2210.0,2181.0,2205.0,929.0,954.0,954.0
9263.0,2158.0,2143.0,2159.0,926.0,924.0,953.0
9288.0,2149.0,2175.0,2173.0,920.0,934.0,937.0
9299.0,2157.0,2191.0,2145.0,931.0,936.0,939.0
9339.0,2195.0,2206.0,2156.0,927.0,924.0,931.0
9513.0,2231.0,2202.0,2224.0,962.0,947.0,947.0
9566.0,2232.0,2229.0,2256.0,962.0,953.0,934.0
9453.0,2182.0,2238.0,2223.0,944.0,941.0,925.0
9362.0,2221.0,2181.0,2181.0,919.0,932.0,928.0
9211.0,2180.0,2147.0,2132.0,903.0,926.0,923.0
9216.0,2131.0,2169.0,2122.0,921.0,936.0,937.0
9386.0,2204.0,2184.0,2165.0,948.0,941.0,944.0
9591.0,2232.0,2250.0,2232.0,967.0,956.0,954.0
9600.0,2222.0,2251.0,2251.0,965.0,955.0,956.0
9459.0,2214.0,2210.0,2217.0,950.0,922.0,946.0
9329.0,2179.0,2166.0,2197.0,934.0,927.0,926.0
9269.0,2190.0,2142.0,2177.0,927.0,923.0,910.0
9228.0,2145.0,2186.0,2142.0,908.0,940.0,907.0
9445.0,2212.0,2207.0,2213.0,937.0,946.0,930.0
9587.0,2250.0,2211.0,2230.0,960.0,969.0,967.0
9554.0,2210.0,2237.0,2229.0,971.0,954.0,953.0
9427.0,2171.0,2195.0,2217.0,950.0,939.0,955.0
9343.0,2171.0,2202.0,2180.0,928.0,931.0,931.0
9217.0,2173.0,2152.0,2128.0,921.0,908.0,935.0
9213.0,2129.0,2158.0,2158.0,922.0,924.0,922.0
9401.0,2185.0,2167.0,2237.0,934.0,938.0,940.0
9541.0,2237.0,2204.0,2250.0,949.0,950.0,951.0
9565.0,2216.0,2250.0,2257.0,956.0,962.0,924.0
9515.0,2190.0,2242.0,2206.0,959.0,964.0,954.0
9356.0,2207.0,2177.0,2176.0,950.0,929.0,917.0
9344.0,2196.0,2175.0,2167.0,928.0,951.0,927.0
9283.0,2162.0,2170.0,2189.0,910.0,923.0,929.0
9464.0,2211.0,2208.0,2229.0,929.0,935.0,952.0
9636.0,2254.0,2252.0,2250.0,951.0,958.0,971.0
9513.0,2217.0,2215.0,2208.0,954.0,965.0,954.0
9457.0,2208.0,2178.0,2197.0,967.0,948.0,959.0
9373.0,2169.0,2193.0,2191.0,947.0,958.0,915.0
9306.0,2176.0,2161.0,2159.0,936.0,942.0,932.0
9319.0,2152.0,2180.0,2199.0,931.0,940.0,917.0
9389.0,2226.0,2167.0,2188.0,938.0,932.0,938.0
9526.0,2211.0,2219.0,2246.0,948.0,943.0,959.0
9539.0,2211.0,2214.0,2238.0,964.0,951.0,961.0
9556.0,2247.0,2251.0,2187.0,966.0,940.0,965.0
9443.0,2218.0,2200.0,2200.0,950.0,932.0,943.0
9342.0,2205.0,2139.0,2205.0,917.0,938.0,938.0
9246.0,2146.0,2138.0,2169.0,931.0,927.0,935.0
9474.0,2181.0,2203.0,2246.0,944.0,954.0,946.0
9593.0,2258.0,2260.0,2189.0,956.0,963.0,967.0
9604.0,2237.0,2260.0,2245.0,956.0,957.0,949.0
9479.0,2217.0,2250.0,2188.0,946.0,944.0,934.0
9464.0,2233.0,2216.0,2215.0,933.0,924.0,943.0
9363.0,2197.0,2173.0,2186.0,945.0,930.0,932.0
9312.0,2137.0,2201.0,2183.0,922.0,933.0,936.0
9460.0,2202.0,2192.0,2227.0,952.0,944.0,943.0
9526.0,2212.0,2205.0,2229.0,967.0,960.0,953.0
9562.0,2247.0,2207.0,2218.0,947.0,968.0,975.0
9543.0,2203.0,2237.0,2250.0,942.0,964.0,947.0
9409.0,2187.0,2211.0,2195.0,947.0,932.0,937.0
9386.0,2189.0,2197.0,2188.0,941.0,934.0,937.0
9338.0,2148.0,2176.0,2202.0,951.0,936.0,925.0
9432.0,2230.0,2182.0,2186.0,946.0,943.0,945.0
9664.0,2271.0,2248.0,2264.0,957.0,963.0,961.0
9638.0,2279.0,2235.0,2238.0,956.0,965.0,965.0
9526.0,2199.0,2231.0,2248.0,937.0,955.0,956.0
9471.0,2229.0,2182.0,2227.0,949.0,942.0,942.0
9333.0,2180.0,2148.0,2192.0,937.0,929.0,947.0
9338.0,2147.0,2206.0,2170.0,932.0,944.0,939.0
9551.0,2251.0,2243.0,2197.0,952.0,951.0,957.0
9629.0,2242.0,2274.0,2251.0,953.0,954.0,955.0
9612.0,2274.0,2222.0,2254.0,960.0,951.0,951.0
9551.0,2211.0,2231.0,2264.0,944.0,951.0,950.0
9476.0,2231.0,2218.0,2212.0,932.0,941.0,942.0
9414.0,2184.0,2233.0,2196.0,937.0,934.0,930.0
9346.0,2157.0,2206.0,2164.0,945.0,945.0,929.0
9478.0,2204.0,2215.0,2191.0,960.0,959.0,949.0
9638.0,2256.0,2247.0,2254.0,965.0,955.0,961.0
9672.0,2248.0,2257.0,2252.0,972.0,971.0,972.0
9581.0,2250.0,2241.0,2229.0,944.0,962.0,955.0
9379.0,2203.0,2171.0,2197.0,929.0,930.0,949.0
9338.0,2196.0,2157.0,2187.0,929.0,921.0,948.0
9355.0,2170.0,2188.0,2182.0,954.0,926.0,935.0
9554.0,2222.0,2239.0,2223.0,972.0,967.0,931.0
9666.0,2247.0,2257.0,2264.0,968.0,968.0,962.0
9724.0,2225.0,2282.0,2295.0,980.0,976.0,966.0
9629.0,2220.0,2241.0,2278.0,955.0,967.0,968.0
9430.0,2223.0,2178.0,2206.0,942.0,935.0,946.0
9464.0,2241.0,2200.0,2202.0,934.0,935.0,952.0
9462.0,2207.0,2223.0,2206.0,937.0,940.0,949.0
9552.0,2220.0,2223.0,2244.0,957.0,957.0,951.0
9687.0,2247.0,2244.0,2279.0,987.0,968.0,962.0
9698.0,2224.0,2248.0,2270.0,990.0,986.0,980.0
9644.0,2246.0,2260.0,2234.0,973.0,973.0,958.0
9587.0,2251.0,2276.0,2207.0,954.0,955.0,944.0
9373.0,2237.0,2176.0,2158.0,921.0,942.0,939.0
9412.0,2179.0,2176.0,2224.0,939.0,942.0,952.0
9569.0,2236.0,2225.0,2236.0,957.0,948.0,967.0
9721.0,2268.0,2269.0,2292.0,976.0,951.0,965.0
9757.0,2282.0,2296.0,2265.0,974.0,967.0,973.0
9605.0,2249.0,2223.0,2229.0,983.0,951.0,970.0
9460.0,2213.0,2214.0,2176.0,957.0,956.0,944.0
9416.0,2206.0,2206.0,2188.0,935.0,943.0,938.0
9445.0,2170.0,2212.0,2227.0,941.0,949.0,946.0
9547.0,2234.0,2219.0,2243.0,951.0,952.0,948.0
9632.0,2250.0,2232.0,2242.0,972.0,969.0,967.0
9686.0,2266.0,2270.0,2251.0,965.0,962.0,972.0
9648.0,2258.0,2239.0,2251.0,974.0,957.0,969.0
9648.0,2256.0,2299.0,2220.0,961.0,943.0,969.0
9475.0,2185.0,2219.0,2239.0,947.0,923.0,962.0
9460.0,2188.0,2203.0,2231.0,945.0,952.0,941.0
9550.0,2214.0,2246.0,2215.0,953.0,967.0,955.0
9740.0,2295.0,2272.0,2263.0,975.0,967.0,968.0
9750.0,2269.0,2304.0,2256.0,976.0,974.0,971.0
9634.0,2215.0,2251.0,2266.0,976.0,960.0,966.0
9527.0,2222.0,2232.0,2231.0,955.0,949.0,938.0
9480.0,2221.0,2159.0,2265.0,946.0,951.0,938.0
9483.0,2163.0,2224.0,2253.0,939.0,948.0,956.0
9548.0,2242.0,2234.0,2204.0,958.0,950.0,960.0
9703.0,2288.0,2249.0,2259.0,958.0,969.0,980.0
9710.0,2252.0,2272.0,2262.0,967.0,970.0,987.0
9599.0,2233.0,2256.0,2242.0,950.0,956.0,962.0
9562.0,2243.0,2230.0,2221.0,957.0,963.0,948.0
9485.0,2225.0,2212.0,2216.0,954.0,944.0,934.0
9405.0,2172.0,2195.0,2210.0,947.0,955.0,926.0
9562.0,2232.0,2226.0,2228.0,949.0,962.0,965.0
9713.0,2301.0,2258.0,2254.0,971.0,972.0,957.0
9685.0,2223.0,2267.0,2263.0,968.0,980.0,984.0
9699.0,2262.0,2266.0,2242.0,968.0,981.0,980.0
9651.0,2266.0,2234.0,2282.0,955.0,954.0,960.0
9509.0,2251.0,2192.0,2188.0,958.0,959.0,961.0
9448.0,2156.0,2219.0,2211.0,955.0,952.0,955.0
9620.0,2236.0,2256.0,2251.0,967.0,945.0,965.0
9725.0,2276.0,2292.0,2259.0,956.0,968.0,974.0
9760.0,2301.0,2252.0,2299.0,972.0,972.0,964.0
9669.0,2260.0,2226.0,2275.0,979.0,960.0,969.0
9625.0,2264.0,2217.0,2271.0,954.0,961.0,958.0
9534.0,2234.0,2249.0,2194.0,962.0,957.0,938.0
9512.0,2176.0,2249.0,2205.0,972.0,962.0,948.0
9639.0,2255.0,2243.0,2248.0,974.0,962.0,957.0
9773.0,2252.0,2268.0,2314.0,964.0,990.0,985.0
9857.0,2285.0,2292.0,2326.0,979.0,979.0,996.0
9712.0,2254.0,2330.0,2254.0,956.0,939.0,979.0
9568.0,2245.0,2240.0,2233.0,946.0,939.0,965.0
9538.0,2228.0,2237.0,2223.0,959.0,946.0,945.0
9530.0,2220.0,2211.0,2227.0,962.0,957.0,953.0
9627.0,2236.0,2256.0,2237.0,974.0,968.0,956.0
9816.0,2301.0,2280.0,2308.0,969.0,982.0,976.0
9829.0,2305.0,2289.0,2288.0,974.0,997.0,976.0
9695.0,2261.0,2267.0,2252.0,961.0,980.0,974.0
9531.0,2254.0,2201.0,2194.0,964.0,955.0,963.0
9502.0,2227.0,2218.0,2189.0,944.0,960.0,964.0
9478.0,2186.0,2243.0,2168.0,955.0,957.0,969.0
9659.0,2278.0,2247.0,2236.0,969.0,962.0,967.0
9846.0,2291.0,2280.0,2335.0,984.0,976.0,980.0
9805.0,2282.0,2290.0,2291.0,980.0,983.0,979.0
9708.0,2249.0,2273.0,2277.0,964.0,983.0,962.0
9596.0,2250.0,2270.0,2196.0,963.0,963.0,954.0
9492.0,2221.0,2240.0,2211.0,942.0,938.0,940.0
9521.0,2200.0,2212.0,2242.0,958.0,960.0,949.0
9668.0,2276.0,2222.0,2277.0,968.0,964.0,961.0
9918.0,2326.0,2327.0,2302.0,996.0,973.0,994.0
9839.0,2292.0,2293.0,2294.0,984.0,981.0,995.0
9701.0,2242.0,2295.0,2252.0,978.0,969.0,965.0
9652.0,2260.0,2270.0,2219.0,969.0,965.0,969.0
9586.0,2276.0,2230.0,2234.0,940.0,966.0,940.0
9605.0,2223.0,2276.0,2235.0,969.0,957.0,945.0
9679.0,2259.0,2272.0,2246.0,972.0,959.0,971.0
9821.0,2292.0,2290.0,2304.0,981.0,978.0,976.0
9859.0,2301.0,2309.0,2289.0,991.0,977.0,992.0
9719.0,2261.0,2259.0,2263.0,984.0,958.0,994.0
9677.0,2287.0,2245.0,2267.0,960.0,951.0,967.0
9660.0,2256.0,2244.0,2278.0,963.0,952.0,967.0
9582.0,2227.0,2237.0,2252.0,949.0,952.0,965.0
9704.0,2267.0,2251.0,2268.0,969.0,969.0,980.0
9858.0,2322.0,2277.0,2290.0,994.0,997.0,978.0
9878.0,2298.0,2328.0,2264.0,998.0,1003.0,987.0
9807.0,2263.0,2294.0,2304.0,981.0,987.0,978.0
9659.0,2288.0,2219.0,2267.0,974.0,951.0,960.0
9589.0,2239.0,2208.0,2247.0,966.0,958.0,971.0
9557.0,2214.0,2242.0,2241.0,953.0,945.0,962.0
9684.0,2236.0,2291.0,2246.0,962.0,968.0,981.0
9888.0,2312.0,2334.0,2293.0,989.0,979.0,981.0
9816.0,2269.0,2281.0,2280.0,995.0,1002.0,989.0
9765.0,2282.0,2244.0,2276.0,975.0,1007.0,981.0
9682.0,2252.0,2257.0,2253.0,984.0,970.0,966.0
9581.0,2226.0,2226.0,2265.0,946.0,964.0,954.0
9550.0,2184.0,2250.0,2268.0,951.0,951.0,946.0
9671.0,2277.0,2257.0,2256.0,950.0,962.0,969.0
9808.0,2311.0,2300.0,2265.0,984.0,965.0,983.0
9863.0,2310.0,2314.0,2281.0,991.0,984.0,983.0
9827.0,2254.0,2316.0,2290.0,987.0,987.0,993.0
9722.0,2288.0,2250.0,2273.0,967.0,975.0,969.0
9550.0,2257.0,2194.0,2211.0,964.0,974.0,950.0
9619.0,2259.0,2237.0,2219.0,957.0,974.0,973.0
9752.0,2264.0,2282.0,2303.0,969.0,971.0,963.0
9918.0,2338.0,2353.0,2296.0,975.0,977.0,979.0
9861.0,2288.0,2314.0,2317.0,988.0,977.0,977.0
9752.0,2279.0,2251.0,2303.0,981.0,970.0,968.0
9708.0,2272.0,2242.0,2292.0,989.0,955.0,958.0
9665.0,2274.0,2265.0,2247.0,966.0,960.0,953.0
9647.0,2240.0,2262.0,2258.0,959.0,971.0,957.0
9795.0,2313.0,2269.0,2266.0,969.0,991.0,987.0
9891.0,2330.0,2285.0,2322.0,988.0,979.0,987.0
9911.0,2310.0,2315.0,2323.0,990.0,983.0,990.0
9825.0,2281.0,2281.0,2303.0,992.0,977.0,991.0
9726.0,2283.0,2260.0,2271.0,979.0,972.0,961.0
9614.0,2239.0,2258.0,2251.0,976.0,949.0,941.0
9596.0,2215.0,2270.0,2237.0,974.0,949.0,951.0
9772.0,2270.0,2263.0,2295.0,981.0,983.0,980.0
9938.0,2319.0,2339.0,2316.0,977.0,999.0,988.0
9917.0,2299.0,2316.0,2312.0,988.0,1011.0,991.0
9829.0,2322.0,2286.0,2269.0,975.0,1002.0,975.0
9672.0,2278.0,2222.0,2236.0,973.0,978.0,985.0
9677.0,2251.0,2247.0,2266.0,970.0,971.0,972.0
9714.0,2261.0,2254.0,2270.0,971.0,969.0,989.0
9894.0,2299.0,2310.0,2348.0,991.0,974.0,972.0
9900.0,2314.0,2324.0,2312.0,984.0,984.0,982.0
9932.0,2331.0,2303.0,2339.0,983.0,998.0,978.0
9886.0,2304.0,2308.0,2313.0,986.0,999.0,976.0
9704.0,2269.0,2261.0,2267.0,967.0,974.0,966.0
9716.0,2260.0,2300.0,2241.0,969.0,982.0,964.0
9674.0,2256.0,2241.0,2263.0,969.0,962.0,983.0
9833.0,2306.0,2266.0,2296.0,993.0,977.0,995.0
9968.0,2321.0,2301.0,2359.0,995.0,995.0,997.0
10016.0,2337.0,2339.0,2360.0,994.0,986.0,1000.0
9828.0,2303.0,2305.0,2269.0,979.0,982.0,990.0
9694.0,2271.0,2281.0,2250.0,967.0,964.0,961.0
9638.0,2259.0,2242.0,2273.0,959.0,955.0,950.0
9797.0,2281.0,2314.0,2289.0,980.0,980.0,953.0
9897.0,2299.0,2317.0,2326.0,988.0,994.0,973.0
9947.0,2305.0,2342.0,2306.0,1009.0,991.0,994.0
9924.0,2295.0,2339.0,2284.0,1005.0,1009.0,992.0
9821.0,2321.0,2278.0,2260.0,982.0,990.0,990.0
9780.0,2291.0,2263.0,2302.0,979.0,968.0,977.0
9699.0,2270.0,2269.0,2270.0,950.0,962.0,978.0
9648.0,2226.0,2231.0,2287.0,970.0,961.0,973.0
9911.0,2323.0,2292.0,2338.0,984.0,976.0,998.0
9969.0,2337.0,2286.0,2337.0,1012.0,1009.0,988.0
9997.0,2311.0,2356.0,2343.0,1002.0,998.0,987.0
9875.0,2297.0,2304.0,2287.0,990.0,1007.0,990.0
9850.0,2346.0,2287.0,2257.0,980.0,993.0,987.0
9646.0,2274.0,2203.0,2270.0,965.0,962.0,972.0
9664.0,2262.0,2211.0,2275.0,962.0,974.0,980.0
9846.0,2272.0,2314.0,2295.0,985.0,976.0,1004.0
9987.0,2333.0,2356.0,2300.0,1002.0,997.0,999.0
9954.0,2293.0,2326.0,2328.0,1005.0,989.0,1013.0
9945.0,2317.0,2312.0,2343.0,988.0,995.0,990.0
9765.0,2283.0,2273.0,2268.0,972.0,989.0,980.0
9768.0,2267.0,2308.0,2286.0,962.0,980.0,965.0
9743.0,2260.0,2280.0,2298.0,969.0,965.0,971.0
9834.0,2309.0,2304.0,2296.0,973.0,976.0,976.0
10011.0,2385.0,2326.0,2311.0,1002.0,995.0,992.0
10026.0,2328.0,2322.0,2353.0,1021.0,991.0,1011.0
9989.0,2324.0,2369.0,2340.0,983.0,983.0,990.0
9845.0,2289.0,2326.0,2301.0,972.0,978.0,979.0
9728.0,2256.0,2266.0,2273.0,981.0,971.0,981.0
9749.0,2247.0,2292.0,2264.0,973.0,987.0,986.0
9844.0,2305.0,2287.0,2297.0,986.0,996.0,973.0
10003.0,2354.0,2314.0,2341.0,1000.0,1005.0,989.0
10028.0,2349.0,2369.0,2336.0,987.0,1002.0,985.0
9996.0,2322.0,2330.0,2357.0,999.0,999.0,989.0
9786.0,2295.0,2272.0,2274.0,983.0,977.0,985.0
9720.0,2287.0,2274.0,2245.0,983.0,967.0,964.0
9784.0,2286.0,2267.0,2292.0,960.0,996.0,983.0
9901.0,2285.0,2314.0,2299.0,992.0,996.0,1015.0
10045.0,2338.0,2331.0,2350.0,1003.0,1015.0,1008.0
10026.0,2312.0,2337.0,2362.0,1015.0,993.0,1007.0
9964.0,2321.0,2323.0,2335.0,985.0,999.0,1001.0
9857.0,2308.0,2318.0,2265.0,999.0,984.0,983.0
9760.0,2272.0,2299.0,2278.0,988.0,956.0,967.0
9744.0,2278.0,2262.0,2281.0,982.0,973.0,968.0
9822.0,2306.0,2288.0,2289.0,963.0,990.0,986.0
10048.0,2374.0,2323.0,2341.0,997.0,1005.0,1008.0
10041.0,2335.0,2368.0,2350.0,998.0,993.0,997.0
10016.0,2321.0,2362.0,2330.0,992.0,1008.0,1003.0
9798.0,2285.0,2276.0,2272.0,991.0,996.0,978.0
9757.0,2296.0,2252.0,2253.0,990.0,988.0,978.0
9694.0,2260.0,2278.0,2230.0,978.0,971.0,977.0
9925.0,2283.0,2353.0,2333.0,983.0,986.0,987.0
10077.0,2329.0,2365.0,2387.0,995.0,1003.0,998.0
9982.0,2325.0,2330.0,2326.0,995.0,1010.0,996.0
9993.0,2329.0,2314.0,2358.0,986.0,1008.0,998.0
9812.0,2278.0,2279.0,2290.0,991.0,994.0,980.0
9850.0,2311.0,2321.0,2283.0,973.0,990.0,972.0
9821.0,2270.0,2323.0,2272.0,995.0,981.0,980.0
9948.0,2323.0,2324.0,2322.0,990.0,999.0,990.0
10037.0,2371.0,2313.0,2355.0,993.0,996.0,1009.0
10023.0,2330.0,2351.0,2324.0,1000.0,1007.0,1011.0
9988.0,2322.0,2339.0,2328.0,1014.0,994.0,991.0
9899.0,2311.0,2339.0,2288.0,991.0,980.0,990.0
9780.0,2283.0,2270.0,2293.0,978.0,981.0,975.0
9804.0,2289.0,2281.0,2290.0,985.0,983.0,976.0
10001.0,2326.0,2336.0,2352.0,992.0,1006.0,989.0
10122.0,2378.0,2354.0,2353.0,1010.0,1024.0,1003.0
10117.0,2363.0,2372.0,2354.0,1002.0,1012.0,1014.0
9990.0,2329.0,2333.0,2322.0,991.0,1008.0,1007.0
9911.0,2331.0,2280.0,2332.0,989.0,979.0,1000.0
9825.0,2278.0,2290.0,2325.0,983.0,968.0,981.0
9810.0,2256.0,2304.0,2285.0,997.0,978.0,990.0
10044.0,2349.0,2345.0,2325.0,1012.0,1008.0,1005.0
10049.0,2363.0,2354.0,2307.0,1021.0,1003.0,1001.0
10075.0,2362.0,2356.0,2343.0,1007.0,1015.0,992.0
10056.0,2344.0,2359.0,2340.0,994.0,1026.0,993.0
9961.0,2330.0,2340.0,2336.0,986.0,981.0,988.0
9886.0,2314.0,2303.0,2320.0,974.0,986.0,989.0
9821.0,2259.0,2279.0,2303.0,1007.0,979.0,994.0
9925.0,2305.0,2331.0,2295.0,996.0,997.0,1001.0
10108.0,2351.0,2374.0,2360.0,1016.0,994.0,1013.0
10166.0,2342.0,2388.0,2375.0,1013.0,1023.0,1025.0
10014.0,2284.0,2364.0,2368.0,996.0,1004.0,998.0
9893.0,2319.0,2286.0,2329.0,982.0,978.0,999.0
9783.0,2269.0,2253.0,2329.0,972.0,989.0,971.0
9872.0,2303.0,2315.0,2289.0,995.0,992.0,978.0
10003.0,2341.0,2361.0,2293.0,1011.0,998.0,999.0
10141.0,2386.0,2361.0,2340.0,1021.0,1017.0,1016.0
10088.0,2324.0,2364.0,2354.0,1022.0,1006.0,1018.0
10009.0,2325.0,2333.0,2349.0,999.0,999.0,1004.0
9979.0,2356.0,2339.0,2331.0,978.0,975.0,1000.0
9846.0,2291.0,2308.0,2288.0,973.0,985.0,1001.0
9878.0,2305.0,2301.0,2296.0,983.0,997.0,996.0
9943.0,2319.0,2309.0,2306.0,1000.0,1007.0,1002.0
10149.0,2379.0,2383.0,2335.0,1023.0,1011.0,1018.0
10230.0,2408.0,2412.0,2367.0,1019.0,1008.0,1016.0
10127.0,2349.0,2355.0,2407.0,1010.0,1005.0,1001.0
9930.0,2357.0,2269.0,2327.0,997.0,1000.0,980.0
9844.0,2309.0,2257.0,2314.0,989.0,981.0,994.0
9798.0,2262.0,2309.0,2252.0,987.0,988.0,1000.0
10028.0,2313.0,2366.0,2348.0,1003.0,1008.0,990.0
10238.0,2398.0,2371.0,2394.0,1027.0,1020.0,1028.0
10175.0,2367.0,2352.0,2400.0,1005.0,1024.0,1027.0
10096.0,2367.0,2342.0,2358.0,1018.0,1008.0,1003.0
9979.0,2329.0,2337.0,2323.0,999.0,990.0,1001.0
9851.0,2318.0,2316.0,2272.0,980.0,987.0,978.0
9810.0,2280.0,2311.0,2292.0,978.0,980.0,969.0
10008.0,2349.0,2334.0,2321.0,1004.0,996.0,1004.0
10104.0,2348.0,2361.0,2383.0,1006.0,998.0,1008.0
10186.0,2368.0,2381.0,2404.0,1002.0,1020.0,1011.0
10127.0,2330.0,2357.0,2376.0,1016.0,1029.0,1019.0
10069.0,2341.0,2358.0,2333.0,1003.0,1013.0,1021.0
9863.0,2333.0,2293.0,2292.0,967.0,987.0,991.0
9905.0,2304.0,2283.0,2334.0,983.0,998.0,1003.0
10071.0,2355.0,2349.0,2365.0,991.0,1003.0,1008.0
10194.0,2374.0,2374.0,2403.0,1011.0,1015.0,1017.0
10149.0,2324.0,2396.0,2382.0,1033.0,1006.0,1008.0
10083.0,2328.0,2365.0,2348.0,1025.0,1001.0,1016.0
9945.0,2347.0,2306.0,2295.0,994.0,1003.0,1000.0
9922.0,2298.0,2362.0,2300.0,972.0,1004.0,986.0
9926.0,2308.0,2333.0,2307.0,979.0,1004.0,995.0
10034.0,2315.0,2365.0,2359.0,991.0,999.0,1005.0
10217.0,2389.0,2349.0,2431.0,1011.0,1028.0,1009.0
10225.0,2393.0,2371.0,2397.0,1017.0,1027.0,1020.0
10093.0,2358.0,2355.0,2332.0,1015.0,1015.0,1018.0
9989.0,2334.0,2358.0,2308.0,997.0,984.0,1008.0
9953.0,2334.0,2346.0,2306.0,999.0,982.0,986.0
9903.0,2300.0,2281.0,2346.0,1008.0,985.0,983.0
10020.0,2340.0,2313.0,2354.0,999.0,1017.0,997.0
10270.0,2416.0,2373.0,2406.0,1021.0,1027.0,1027.0
10215.0,2381.0,2401.0,2372.0,1011.0,1028.0,1022.0
10088.0,2319.0,2383.0,2349.0,1006.0,1022.0,1009.0
10001.0,2339.0,2324.0,2319.0,1005.0,1001.0,1013.0
10011.0,2356.0,2327.0,2333.0,1014.0,990.0,991.0
9983.0,2306.0,2333.0,2337.0,1010.0,1000.0,997.0
10134.0,2392.0,2359.0,2357.0,1006.0,1009.0,1011.0
10208.0,2412.0,2383.0,2351.0,1018.0,1030.0,1014.0
10187.0,2399.0,2352.0,2378.0,1015.0,1028.0,1015.0
10093.0,2325.0,2353.0,2372.0,1007.0,1026.0,1010.0
10070.0,2344.0,2347.0,2355.0,1012.0,1007.0,1005.0
9963.0,2355.0,2313.0,2323.0,986.0,1002.0,984.0
10066.0,2338.0,2346.0,2371.0,1005.0,1004.0,1002.0
10080.0,2357.0,2346.0,2344.0,1014.0,1007.0,1012.0
10157.0,2390.0,2349.0,2345.0,1023.0,1019.0,1031.0
10208.0,2366.0,2418.0,2357.0,1013.0,1015.0,1039.0
10165.0,2356.0,2383.0,2375.0,1016.0,1021.0,1014.0
10094.0,2358.0,2332.0,2369.0,1003.0,1022.0,1010.0
9925.0,2312.0,2305.0,2347.0,983.0,993.0,985.0
9946.0,2296.0,2321.0,2325.0,998.0,1011.0,995.0
10165.0,2370.0,2399.0,2353.0,1006.0,1015.0,1022.0
10283.0,2426.0,2384.0,2388.0,1031.0,1029.0,1025.0
10239.0,2395.0,2364.0,2404.0,1019.0,1024.0,1033.0
10148.0,2364.0,2343.0,2400.0,1005.0,1013.0,1023.0
10074.0,2384.0,2346.0,2333.0,994.0,1005.0,1012.0
9890.0,2310.0,2300.0,2302.0,987.0,995.0,996.0
9935.0,2313.0,2324.0,2301.0,998.0,1004.0,995.0
10080.0,2353.0,2328.0,2335.0,1020.0,1026.0,1018.0
10196.0,2399.0,2333.0,2390.0,1020.0,1038.0,1016.0
10255.0,2375.0,2394.0,2406.0,1030.0,1028.0,1022.0
10228.0,2385.0,2390.0,2402.0,1017.0,1036.0,998.0
10131.0,2375.0,2365.0,2367.0,1013.0,1006.0,1005.0
9925.0,2334.0,2315.0,2306.0,987.0,979.0,1004.0
10006.0,2348.0,2302.0,2349.0,1017.0,988.0,1002.0
10161.0,2341.0,2353.0,2395.0,1043.0,1011.0,1018.0
10352.0,2405.0,2424.0,2416.0,1038.0,1029.0,1040.0
10317.0,2374.0,2388.0,2435.0,1028.0,1047.0,1045.0
10230.0,2400.0,2383.0,2378.0,1018.0,1028.0,1023.0
10080.0,2366.0,2343.0,2339.0,1002.0,1029.0,1001.0
10003.0,2347.0,2328.0,2334.0,996.0,1000.0,998.0
10011.0,2314.0,2357.0,2347.0,991.0,1012.0,990.0
10141.0,2388.0,2358.0,2381.0,1017.0,1005.0,992.0
10329.0,2421.0,2398.0,2436.0,1028.0,1025.0,1021.0
10248.0,2406.0,2361.0,2415.0,1028.0,1009.0,1029.0
10246.0,2373.0,2388.0,2416.0,1020.0,1017.0,1032.0
10103.0,2385.0,2358.0,2332.0,1014.0,1011.0,1003.0
10032.0,2355.0,2347.0,2303.0,1001.0,1012.0,1014.0
10039.0,2337.0,2318.0,2354.0,1000.0,1013.0,1017.0
10116.0,2347.0,2350.0,2385.0,1004.0,1018.0,1012.0
10324.0,2439.0,2416.0,2406.0,1019.0,1032.0,1012.0
10319.0,2420.0,2412.0,2399.0,1044.0,1024.0,1020.0
10266.0,2387.0,2412.0,2397.0,1043.0,1016.0,1011.0
10086.0,2367.0,2336.0,2332.0,1010.0,1022.0,1019.0
10034.0,2350.0,2330.0,2341.0,1005.0,1005.0,1003.0
10036.0,2310.0,2353.0,2353.0,1001.0,1014.0,1005.0
10167.0,2368.0,2358.0,2378.0,1005.0,1019.0,1039.0
10382.0,2458.0,2396.0,2423.0,1028.0,1032.0,1045.0
10250.0,2399.0,2359.0,2405.0,1029.0,1023.0,1035.0
10220.0,2370.0,2396.0,2369.0,1032.0,1025.0,1028.0
10091.0,2382.0,2330.0,2361.0,1024.0,991.0,1003.0
10005.0,2347.0,2338.0,2336.0,1000.0,985.0,999.0
10064.0,2314.0,2352.0,2381.0,1004.0,1004.0,1009.0
10255.0,2391.0,2393.0,2403.0,1019.0,1034.0,1015.0
10299.0,2416.0,2414.0,2388.0,1020.0,1035.0,1026.0
10370.0,2407.0,2423.0,2423.0,1041.0,1040.0,1036.0
10283.0,2404.0,2403.0,2381.0,1025.0,1038.0,1032.0
10213.0,2383.0,2368.0,2371.0,1046.0,1004.0,1041.0
10136.0,2378.0,2334.0,2390.0,1014.0,1010.0,1010.0
10064.0,2346.0,2321.0,2366.0,1007.0,1005.0,1019.0
10200.0,2371.0,2427.0,2371.0,1017.0,1004.0,1010.0
10285.0,2411.0,2435.0,2391.0,1012.0,1023.0,1013.0
10320.0,2411.0,2419.0,2388.0,1051.0,1039.0,1012.0
10232.0,2369.0,2384.0,2386.0,1023.0,1054.0,1016.0
10186.0,2391.0,2359.0,2401.0,1020.0,1017.0,998.0
10204.0,2387.0,2382.0,2389.0,1021.0,1016.0,1009.0
10115.0,2339.0,2366.0,2381.0,998.0,1006.0,1025.0
10164.0,2384.0,2377.0,2337.0,1023.0,1010.0,1033.0
10351.0,2467.0,2410.0,2388.0,1026.0,1023.0,1037.0
10419.0,2428.0,2432.0,2443.0,1036.0,1028.0,1052.0
10326.0,2398.0,2427.0,2412.0,1030.0,1016.0,1043.0
10292.0,2406.0,2391.0,2420.0,1036.0,1020.0,1019.0
10138.0,2366.0,2324.0,2396.0,1030.0,1022.0,1000.0
10074.0,2372.0,2306.0,2347.0,1020.0,1026.0,1003.0
10302.0,2405.0,2434.0,2382.0,1023.0,1033.0,1025.0
10395.0,2396.0,2436.0,2430.0,1037.0,1062.0,1034.0
10412.0,2431.0,2409.0,2442.0,1036.0,1045.0,1049.0
10362.0,2400.0,2404.0,2454.0,1025.0,1033.0,1046.0
10128.0,2361.0,2350.0,2368.0,1018.0,1013.0,1018.0
10131.0,2386.0,2372.0,2366.0,1002.0,997.0,1008.0
10156.0,2346.0,2387.0,2368.0,1025.0,1015.0,1015.0
10233.0,2382.0,2378.0,2411.0,1029.0,1009.0,1024.0
10318.0,2400.0,2388.0,2405.0,1023.0,1057.0,1045.0
10353.0,2421.0,2394.0,2433.0,1027.0,1056.0,1022.0
10296.0,2395.0,2429.0,2405.0,1010.0,1029.0,1028.0
10188.0,2402.0,2375.0,2366.0,1002.0,1028.0,1015.0
10114.0,2372.0,2363.0,2354.0,1016.0,1005.0,1004.0
10130.0,2349.0,2365.0,2377.0,1016.0,1001.0,1022.0
10216.0,2381.0,2381.0,2368.0,1034.0,1023.0,1029.0
10449.0,2436.0,2429.0,2472.0,1036.0,1038.0,1038.0
10462.0,2431.0,2456.0,2450.0,1034.0,1038.0,1053.0
10367.0,2368.0,2415.0,2456.0,1029.0,1052.0,1047.0
10190.0,2389.0,2336.0,2375.0,1009.0,1047.0,1034.0
10108.0,2372.0,2365.0,2338.0,1019.0,1002.0,1012.0
10101.0,2354.0,2363.0,2340.0,1017.0,1016.0,1011.0
10390.0,2412.0,2437.0,2433.0,1044.0,1032.0,1032.0
10461.0,2478.0,2437.0,2430.0,1047.0,1031.0,1038.0
10380.0,2422.0,2409.0,2442.0,1036.0,1036.0,1035.0
10347.0,2397.0,2423.0,2438.0,1023.0,1034.0,1032.0
10204.0,2394.0,2379.0,2355.0,1024.0,1014.0,1038.0
10151.0,2335.0,2409.0,2361.0,1013.0,1009.0,1024.0
10166.0,2379.0,2341.0,2401.0,997.0,1038.0,1010.0
10286.0,2406.0,2386.0,2421.0,1019.0,1026.0,1028.0
10491.0,2463.0,2428.0,2458.0,1048.0,1051.0,1043.0
10382.0,2429.0,2419.0,2426.0,1055.0,1023.0,1030.0
10417.0,2422.0,2465.0,2432.0,1021.0,1034.0,1043.0
10204.0,2401.0,2390.0,2365.0,1003.0,1017.0,1028.0
10142.0,2392.0,2327.0,2375.0,1006.0,1016.0,1026.0
10206.0,2347.0,2369.0,2417.0,1005.0,1024.0,1044.0
10411.0,2429.0,2430.0,2437.0,1030.0,1041.0,1044.0
10503.0,2433.0,2460.0,2458.0,1052.0,1054.0,1046.0
10487.0,2446.0,2446.0,2440.0,1054.0,1049.0,1052.0
10333.0,2415.0,2379.0,2424.0,1043.0,1034.0,1038.0
10236.0,2418.0,2383.0,2368.0,1017.0,1018.0,1032.0
10170.0,2378.0,2422.0,2349.0,998.0,1013.0,1010.0
10205.0,2350.0,2401.0,2411.0,1027.0,1005.0,1011.0
10309.0,2399.0,2395.0,2444.0,1031.0,1023.0,1017.0
10430.0,2448.0,2425.0,2447.0,1034.0,1046.0,1030.0
10460.0,2433.0,2430.0,2424.0,1052.0,1059.0,1062.0
10436.0,2395.0,2438.0,2429.0,1054.0,1059.0,1061.0
10281.0,2404.0,2405.0,2367.0,1033.0,1049.0,1023.0
10136.0,2352.0,2359.0,2385.0,1009.0,1019.0,1012.0
10218.0,2357.0,2385.0,2436.0,1008.0,1008.0,1024.0
10321.0,2410.0,2405.0,2440.0,1025.0,1013.0,1028.0
10541.0,2492.0,2476.0,2438.0,1043.0,1040.0,1052.0
10506.0,2466.0,2466.0,2430.0,1057.0,1050.0,1037.0
10432.0,2437.0,2436.0,2435.0,1057.0,1033.0,1034.0
10311.0,2428.0,2361.0,2438.0,1034.0,1032.0,1018.0
10219.0,2385.0,2383.0,2414.0,1002.0,1020.0,1015.0
10195.0,2338.0,2415.0,2356.0,1028.0,1028.0,1030.0
10375.0,2412.0,2440.0,2430.0,1030.0,1028.0,1035.0
10444.0,2454.0,2425.0,2422.0,1047.0,1050.0,1046.0
10440.0,2427.0,2406.0,2455.0,1049.0,1034.0,1069.0
10454.0,2433.0,2466.0,2444.0,1039.0,1035.0,1037.0
10332.0,2411.0,2422.0,2428.0,1036.0,1024.0,1011.0
10243.0,2376.0,2392.0,2393.0,1031.0,1033.0,1018.0
10178.0,2345.0,2394.0,2375.0,1018.0,1027.0,1019.0
10394.0,2446.0,2396.0,2415.0,1043.0,1053.0,1041.0
10565.0,2483.0,2488.0,2453.0,1029.0,1059.0,1053.0
10471.0,2442.0,2450.0,2433.0,1046.0,1048.0,1052.0
10461.0,2427.0,2453.0,2440.0,1050.0,1041.0,1050.0
10334.0,2418.0,2381.0,2450.0,1029.0,1026.0,1030.0
10238.0,2407.0,2372.0,2388.0,1017.0,1025.0,1029.0
10195.0,2383.0,2383.0,2364.0,1018.0,1019.0,1028.0
10367.0,2415.0,2433.0,2397.0,1039.0,1038.0,1045.0
10510.0,2457.0,2466.0,2449.0,1040.0,1058.0,1040.0
10482.0,2426.0,2422.0,2495.0,1046.0,1055.0,1038.0
10438.0,2417.0,2434.0,2432.0,1065.0,1051.0,1039.0
10419.0,2444.0,2423.0,2465.0,1039.0,1025.0,1023.0
10207.0,2366.0,2382.0,2379.0,1038.0,1025.0,1017.0
10225.0,2388.0,2376.0,2377.0,1028.0,1016.0,1040.0
10399.0,2437.0,2413.0,2404.0,1036.0,1047.0,1062.0
10504.0,2461.0,2430.0,2459.0,1054.0,1049.0,1051.0
10554.0,2427.0,2452.0,2486.0,1064.0,1059.0,1066.0
10493.0,2414.0,2481.0,2466.0,1036.0,1053.0,1043.0
10289.0,2417.0,2370.0,2403.0,1022.0,1033.0,1044.0
10245.0,2412.0,2373.0,2368.0,1041.0,1026.0,1025.0
10244.0,2392.0,2379.0,2391.0,1042.0,1026.0,1014.0
10406.0,2423.0,2442.0,2424.0,1048.0,1039.0,1030.0
10553.0,2485.0,2499.0,2430.0,1040.0,1047.0,1052.0
10518.0,2442.0,2457.0,2459.0,1052.0,1052.0,1056.0
10414.0,2427.0,2427.0,2442.0,1033.0,1036.0,1049.0
10386.0,2449.0,2426.0,2394.0,1052.0,1029.0,1036.0
10259.0,2400.0,2414.0,2350.0,1025.0,1032.0,1038.0
10382.0,2383.0,2438.0,2429.0,1046.0,1045.0,1041.0
10437.0,2408.0,2433.0,2461.0,1054.0,1050.0,1031.0
10586.0,2475.0,2455.0,2495.0,1051.0,1059.0,1051.0
10521.0,2468.0,2442.0,2464.0,1047.0,1053.0,1047.0
10482.0,2423.0,2478.0,2455.0,1053.0,1041.0,1032.0
10338.0,2459.0,2412.0,2398.0,1019.0,1017.0,1033.0
10276.0,2418.0,2375.0,2396.0,1023.0,1028.0,1036.0
10300.0,2395.0,2387.0,2415.0,1033.0,1030.0,1040.0
10538.0,2452.0,2458.0,2472.0,1057.0,1051.0,1048.0
10665.0,2502.0,2491.0,2487.0,1065.0,1070.0,1050.0
10625.0,2487.0,2492.0,2471.0,1040.0,1069.0,1066.0
10465.0,2421.0,2444.0,2440.0,1053.0,1052.0,1055.0
10361.0,2423.0,2428.0,2404.0,1031.0,1038.0,1037.0
10290.0,2415.0,2411.0,2403.0,1004.0,1028.0,1029.0
10327.0,2379.0,2441.0,2433.0,1020.0,1033.0,1021.0
10515.0,2478.0,2458.0,2449.0,1062.0,1040.0,1028.0
10546.0,2451.0,2461.0,2454.0,1076.0,1049.0,1055.0
10616.0,2470.0,2467.0,2471.0,1077.0,1070.0,1061.0
10476.0,2415.0,2471.0,2436.0,1053.0,1042.0,1059.0
10471.0,2422.0,2459.0,2427.0,1047.0,1057.0,1059.0
10316.0,2436.0,2406.0,2386.0,1018.0,1022.0,1048.0
10287.0,2393.0,2370.0,2429.0,1031.0,1023.0,1041.0
10463.0,2446.0,2426.0,2460.0,1037.0,1050.0,1044.0
10573.0,2495.0,2480.0,2422.0,1058.0,1057.0,1061.0
10622.0,2458.0,2498.0,2490.0,1072.0,1052.0,1052.0
10574.0,2457.0,2463.0,2475.0,1070.0,1060.0,1049.0
10431.0,2454.0,2423.0,2432.0,1042.0,1052.0,1028.0
10357.0,2415.0,2387.0,2458.0,1026.0,1044.0,1027.0
10360.0,2392.0,2423.0,2433.0,1021.0,1054.0,1037.0
10480.0,2449.0,2470.0,2421.0,1044.0,1050.0,1046.0
10616.0,2507.0,2480.0,2450.0,1060.0,1048.0,1071.0
10616.0,2468.0,2466.0,2476.0,1082.0,1064.0,1060.0
10523.0,2447.0,2463.0,2477.0,1050.0,1035.0,1051.0
10419.0,2422.0,2432.0,2434.0,1040.0,1050.0,1041.0
10344.0,2438.0,2414.0,2407.0,1032.0,1027.0,1026.0
10294.0,2392.0,2394.0,2404.0,1031.0,1048.0,1025.0
10533.0,2462.0,2463.0,2470.0,1037.0,1058.0,1043.0
10648.0,2500.0,2487.0,2482.0,1059.0,1065.0,1055.0
10650.0,2497.0,2486.0,2478.0,1065.0,1068.0,1056.0
10608.0,2459.0,2486.0,2477.0,1058.0,1070.0,1058.0
10429.0,2432.0,2438.0,2439.0,1047.0,1031.0,1042.0
10397.0,2469.0,2380.0,2440.0,1022.0,1028.0,1058.0
10334.0,2429.0,2423.0,2389.0,1035.0,1027.0,1031.0
10539.0,2451.0,2484.0,2453.0,1048.0,1041.0,1062.0
10619.0,2483.0,2471.0,2482.0,1049.0,1068.0,1066.0
10634.0,2458.0,2497.0,2489.0,1061.0,1070.0,1059.0
10581.0,2483.0,2453.0,2483.0,1057.0,1061.0,1044.0
10463.0,2446.0,2430.0,2450.0,1047.0,1054.0,1036.0
10330.0,2433.0,2405.0,2411.0,1026.0,1018.0,1037.0
10482.0,2426.0,2468.0,2448.0,1038.0,1037.0,1065.0
10490.0,2460.0,2431.0,2449.0,1043.0,1047.0,1060.0
10665.0,2510.0,2443.0,2549.0,1056.0,1049.0,1058.0
10633.0,2480.0,2476.0,2477.0,1060.0,1065.0,1075.0
10589.0,2469.0,2497.0,2453.0,1051.0,1055.0,1064.0
10456.0,2473.0,2405.0,2442.0,1052.0,1043.0,1041.0
10397.0,2432.0,2434.0,2406.0,1049.0,1042.0,1034.0
10342.0,2419.0,2368.0,2417.0,1038.0,1059.0,1041.0
10495.0,2449.0,2453.0,2452.0,1052.0,1064.0,1025.0
10666.0,2510.0,2494.0,2492.0,1049.0,1063.0,1058.0
10750.0,2508.0,2529.0,2514.0,1069.0,1064.0,1066.0
10662.0,2467.0,2477.0,2516.0,1066.0,1056.0,1080.0
10476.0,2452.0,2429.0,2462.0,1033.0,1046.0,1054.0
10434.0,2433.0,2441.0,2412.0,1045.0,1053.0,1050.0
10395.0,2392.0,2438.0,2413.0,1054.0,1051.0,1047.0
10592.0,2455.0,2486.0,2471.0,1044.0,1068.0,1068.0
10679.0,2530.0,2477.0,2461.0,1063.0,1074.0,1074.0
10711.0,2516.0,2492.0,2514.0,1066.0,1063.0,1060.0
10557.0,2433.0,2487.0,2465.0,1057.0,1066.0,1049.0
10487.0,2475.0,2480.0,2394.0,1054.0,1039.0,1045.0
10411.0,2439.0,2433.0,2432.0,1044.0,1016.0,1047.0
10375.0,2390.0,2424.0,2433.0,1055.0,1040.0,1033.0
10630.0,2473.0,2486.0,2474.0,1060.0,1065.0,1072.0
10724.0,2511.0,2495.0,2517.0,1061.0,1068.0,1072.0
10775.0,2502.0,2542.0,2500.0,1065.0,1090.0,1076.0
10583.0,2444.0,2471.0,2472.0,1052.0,1078.0,1066.0
10475.0,2454.0,2423.0,2453.0,1038.0,1060.0,1047.0
10406.0,2447.0,2429.0,2420.0,1050.0,1024.0,1036.0
10432.0,2394.0,2439.0,2438.0,1059.0,1053.0,1049.0
10646.0,2498.0,2483.0,2484.0,1073.0,1055.0,1053.0
10678.0,2518.0,2445.0,2520.0,1072.0,1053.0,1070.0
10686.0,2489.0,2477.0,2484.0,1073.0,1077.0,1086.0
10671.0,2496.0,2467.0,2486.0,1064.0,1085.0,1073.0
10605.0,2489.0,2504.0,2452.0,1040.0,1065.0,1055.0
10499.0,2438.0,2456.0,2448.0,1050.0,1056.0,1051.0
10443.0,2406.0,2434.0,2452.0,1057.0,1045.0,1049.0
10602.0,2489.0,2459.0,2462.0,1081.0,1041.0,1070.0
10762.0,2566.0,2475.0,2487.0,1081.0,1075.0,1078.0
10687.0,2502.0,2524.0,2469.0,1074.0,1061.0,1057.0
10625.0,2466.0,2509.0,2480.0,1049.0,1054.0,1067.0
10550.0,2451.0,2465.0,2495.0,1033.0,1048.0,1058.0
10490.0,2462.0,2409.0,2493.0,1042.0,1056.0,1028.0
10459.0,2405.0,2449.0,2460.0,1041.0,1052.0,1052.0
10636.0,2485.0,2481.0,2475.0,1053.0,1066.0,1076.0
10793.0,2529.0,2530.0,2506.0,1070.0,1071.0,1087.0
10751.0,2509.0,2509.0,2481.0,1089.0,1076.0,1087.0
10578.0,2473.0,2452.0,2484.0,1059.0,1057.0,1053.0
10602.0,2514.0,2474.0,2461.0,1047.0,1058.0,1048.0
10456.0,2452.0,2430.0,2447.0,1046.0,1035.0,1046.0
10471.0,2464.0,2459.0,2422.0,1048.0,1045.0,1033.0
10588.0,2488.0,2480.0,2443.0,1068.0,1062.0,1047.0
10736.0,2547.0,2487.0,2480.0,1076.0,1076.0,1070.0
10786.0,2497.0,2495.0,2526.0,1089.0,1092.0,1087.0
10676.0,2490.0,2503.0,2481.0,1065.0,1067.0,1070.0
10581.0,2479.0,2464.0,2461.0,1062.0,1056.0,1059.0
10478.0,2451.0,2450.0,2435.0,1042.0,1045.0,1055.0
10443.0,2412.0,2445.0,2441.0,1038.0,1048.0,1059.0
10632.0,2484.0,2462.0,2476.0,1074.0,1061.0,1075.0
10828.0,2564.0,2539.0,2506.0,1075.0,1068.0,1076.0
10881.0,2542.0,2539.0,2550.0,1090.0,1089.0,1071.0
10722.0,2480.0,2486.0,2532.0,1070.0,1085.0,1069.0
10531.0,2520.0,2419.0,2409.0,1056.0,1072.0,1055.0
10491.0,2459.0,2468.0,2429.0,1038.0,1045.0,1052.0
10481.0,2425.0,2481.0,2414.0,1044.0,1063.0,1054.0
10618.0,2484.0,2505.0,2457.0,1057.0,1057.0,1058.0
10745.0,2539.0,2456.0,2517.0,1080.0,1064.0,1089.0
10818.0,2523.0,2491.0,2551.0,1082.0,1073.0,1098.0
10710.0,2490.0,2509.0,2501.0,1073.0,1073.0,1064.0
10611.0,2485.0,2472.0,2456.0,1058.0,1063.0,1077.0
10601.0,2470.0,2498.0,2463.0,1058.0,1060.0,1052.0
10461.0,2444.0,2420.0,2464.0,1034.0,1063.0,1036.0
10606.0,2467.0,2483.0,2456.0,1067.0,1082.0,1051.0
10811.0,2530.0,2547.0,2526.0,1063.0,1073.0,1072.0
10863.0,2516.0,2572.0,2537.0,1092.0,1067.0,1079.0
10725.0,2483.0,2519.0,2508.0,1064.0,1069.0,1082.0
10618.0,2493.0,2464.0,2487.0,1071.0,1045.0,1058.0
10482.0,2468.0,2437.0,2433.0,1057.0,1033.0,1054.0
10541.0,2434.0,2468.0,2453.0,1058.0,1070.0,1058.0
10661.0,2513.0,2467.0,2503.0,1061.0,1058.0,1059.0
10807.0,2528.0,2497.0,2536.0,1078.0,1084.0,1084.0
10800.0,2521.0,2502.0,2541.0,1072.0,1089.0,1075.0
10688.0,2492.0,2497.0,2479.0,1090.0,1070.0,1060.0
10620.0,2481.0,2509.0,2467.0,1059.0,1053.0,1051.0
10579.0,2476.0,2483.0,2450.0,1080.0,1053.0,1037.0
10537.0,2451.0,2442.0,2484.0,1052.0,1040.0,1068.0
10698.0,2506.0,2494.0,2497.0,1064.0,1067.0,1070.0
10841.0,2571.0,2519.0,2524.0,1065.0,1079.0,1083.0
10815.0,2523.0,2509.0,2508.0,1077.0,1099.0,1099.0
10686.0,2493.0,2488.0,2482.0,1065.0,1082.0,1076.0
10601.0,2444.0,2468.0,2473.0,1072.0,1077.0,1067.0
10565.0,2479.0,2463.0,2465.0,1064.0,1054.0,1040.0
10593.0,2440.0,2469.0,2503.0,1067.0,1065.0,1049.0
10721.0,2485.0,2525.0,2499.0,1080.0,1071.0,1061.0
10788.0,2531.0,2521.0,2516.0,1077.0,1070.0,1073.0
10787.0,2533.0,2525.0,2495.0,1082.0,1077.0,1075.0
10667.0,2491.0,2478.0,2472.0,1073.0,1076.0,1077.0
10676.0,2493.0,2485.0,2488.0,1060.0,1087.0,1063.0
10624.0,2470.0,2493.0,2468.0,1076.0,1067.0,1050.0
10627.0,2459.0,2460.0,2495.0,1080.0,1061.0,1072.0
10659.0,2496.0,2459.0,2484.0,1084.0,1064.0,1072.0
10765.0,2531.0,2470.0,2541.0,1070.0,1077.0,1076.0
10786.0,2508.0,2536.0,2496.0,1080.0,1091.0,1075.0
10769.0,2517.0,2548.0,2500.0,1065.0,1068.0,1071.0
10690.0,2510.0,2499.0,2503.0,1063.0,1066.0,1049.0
10589.0,2475.0,2459.0,2486.0,1058.0,1058.0,1053.0
10615.0,2448.0,2462.0,2486.0,1066.0,1082.0,1071.0
10758.0,2533.0,2490.0,2500.0,1081.0,1076.0,1078.0
10904.0,2543.0,2567.0,2519.0,1091.0,1094.0,1090.0
10896.0,2544.0,2557.0,2526.0,1089.0,1085.0,1095.0
10787.0,2483.0,2528.0,2545.0,1081.0,1065.0,1085.0
10733.0,2526.0,2508.0,2487.0,1083.0,1061.0,1068.0
10636.0,2494.0,2482.0,2500.0,1058.0,1044.0,1058.0
10597.0,2444.0,2477.0,2475.0,1079.0,1075.0,1047.0
10692.0,2509.0,2513.0,2443.0,1078.0,1078.0,1071.0
10865.0,2534.0,2520.0,2545.0,1083.0,1087.0,1096.0
10860.0,2529.0,2513.0,2544.0,1090.0,1097.0,1087.0
10794.0,2486.0,2505.0,2549.0,1082.0,1085.0,1087.0
10745.0,2511.0,2520.0,2501.0,1056.0,1078.0,1079.0
10610.0,2499.0,2473.0,2467.0,1046.0,1047.0,1078.0
10613.0,2454.0,2468.0,2486.0,1069.0,1070.0,1066.0
10665.0,2502.0,2481.0,2472.0,1083.0,1052.0,1075.0
10893.0,2557.0,2532.0,2558.0,1084.0,1075.0,1087.0
10929.0,2507.0,2562.0,2556.0,1099.0,1112.0,1093.0
10814.0,2513.0,2513.0,2536.0,1085.0,1095.0,1072.0
10702.0,2504.0,2470.0,2506.0,1066.0,1083.0,1073.0
10593.0,2483.0,2421.0,2497.0,1056.0,1072.0,1064.0
10557.0,2419.0,2513.0,2433.0,1064.0,1061.0,1067.0
10747.0,2494.0,2530.0,2482.0,1082.0,1081.0,1078.0
10973.0,2556.0,2549.0,2581.0,1104.0,1084.0,1099.0
10986.0,2555.0,2533.0,2586.0,1105.0,1092.0,1115.0
10807.0,2491.0,2508.0,2538.0,1097.0,1090.0,1083.0
10737.0,2492.0,2537.0,2469.0,1065.0,1092.0,1082.0
10658.0,2483.0,2506.0,2489.0,1053.0,1065.0,1062.0
10610.0,2461.0,2493.0,2474.0,1050.0,1076.0,1056.0
10792.0,2520.0,2497.0,2544.0,1072.0,1089.0,1070.0
10916.0,2547.0,2540.0,2555.0,1091.0,1094.0,1089.0
10965.0,2546.0,2577.0,2574.0,1093.0,1085.0,1090.0
10834.0,2497.0,2541.0,2526.0,1095.0,1072.0,1103.0
10718.0,2517.0,2495.0,2493.0,1069.0,1068.0,1076.0
10639.0,2509.0,2439.0,2472.0,1074.0,1054.0,1091.0
10605.0,2463.0,2495.0,2450.0,1063.0,1063.0,1071.0
10828.0,2513.0,2544.0,2537.0,1074.0,1087.0,1073.0
10997.0,2590.0,2573.0,2547.0,1093.0,1117.0,1077.0
10916.0,2533.0,2518.0,2565.0,1097.0,1111.0,1092.0
10821.0,2501.0,2521.0,2527.0,1105.0,1085.0,1082.0
10740.0,2491.0,2503.0,2497.0,1091.0,1088.0,1070.0
10644.0,2482.0,2491.0,2457.0,1074.0,1067.0,1073.0
10719.0,2475.0,2498.0,2543.0,1068.0,1059.0,1076.0
10807.0,2514.0,2503.0,2549.0,1070.0,1083.0,1088.0
10950.0,2607.0,2525.0,2563.0,1078.0,1084.0,1093.0
10958.0,2533.0,2569.0,2548.0,1094.0,1103.0,1111.0
10882.0,2508.0,2560.0,2514.0,1112.0,1100.0,1088.0
10780.0,2522.0,2531.0,2498.0,1077.0,1084.0,1068.0
10703.0,2521.0,2492.0,2484.0,1070.0,1071.0,1065.0
10668.0,2472.0,2476.0,2508.0,1071.0,1080.0,1061.0
10807.0,2526.0,2520.0,2536.0,1085.0,1071.0,1069.0
10979.0,2574.0,2555.0,2575.0,1093.0,1096.0,1086.0
10951.0,2545.0,2576.0,2556.0,1095.0,1091.0,1088.0
10862.0,2529.0,2511.0,2538.0,1107.0,1095.0,1082.0
10781.0,2504.0,2510.0,2515.0,1087.0,1080.0,1085.0
10663.0,2454.0,2513.0,2485.0,1069.0,1080.0,1062.0
10674.0,2473.0,2519.0,2459.0,1062.0,1080.0,1081.0
10860.0,2543.0,2515.0,2544.0,1071.0,1084.0,1103.0
10924.0,2575.0,2551.0,2520.0,1095.0,1090.0,1093.0
10910.0,2536.0,2546.0,2542.0,1109.0,1089.0,1088.0
10914.0,2527.0,2570.0,2551.0,1100.0,1088.0,1078.0
10797.0,2552.0,2520.0,2502.0,1081.0,1074.0,1068.0
10735.0,2486.0,2507.0,2519.0,1081.0,1075.0,1067.0
10695.0,2489.0,2468.0,2535.0,1059.0,1072.0,1072.0
10874.0,2533.0,2531.0,2528.0,1077.0,1105.0,1100.0
11029.0,2595.0,2577.0,2546.0,1105.0,1101.0,1105.0
11036.0,2551.0,2601.0,2573.0,1106.0,1095.0,1110.0
10903.0,2554.0,2538.0,2540.0,1082.0,1098.0,1091.0
10802.0,2525.0,2514.0,2527.0,1084.0,1080.0,1072.0
10748.0,2517.0,2480.0,2523.0,1096.0,1061.0,1071.0
10767.0,2509.0,2506.0,2521.0,1085.0,1076.0,1070.0
10865.0,2571.0,2541.0,2510.0,1095.0,1076.0,1072.0
11001.0,2612.0,2552.0,2548.0,1104.0,1101.0,1084.0
10942.0,2545.0,2545.0,2559.0,1088.0,1107.0,1098.0
10963.0,2562.0,2570.0,2580.0,1070.0,1091.0,1090.0
10833.0,2508.0,2534.0,2543.0,1063.0,1094.0,1091.0
10789.0,2500.0,2519.0,2552.0,1076.0,1069.0,1073.0
10701.0,2498.0,2515.0,2467.0,1074.0,1061.0,1086.0
10809.0,2515.0,2532.0,2512.0,1087.0,1079.0,1084.0
11007.0,2586.0,2553.0,2558.0,1111.0,1100.0,1099.0
11023.0,2574.0,2584.0,2574.0,1097.0,1107.0,1087.0
10988.0,2558.0,2594.0,2569.0,1084.0,1101.0,1082.0
10832.0,2536.0,2511.0,2551.0,1081.0,1080.0,1073.0
10716.0,2540.0,2485.0,2454.0,1083.0,1072.0,1082.0
10712.0,2496.0,2485.0,2488.0,1070.0,1091.0,1082.0
10987.0,2558.0,2576.0,2560.0,1111.0,1086.0,1096.0
11075.0,2606.0,2591.0,2567.0,1103.0,1094.0,1114.0
11029.0,2605.0,2547.0,2555.0,1108.0,1098.0,1116.0
10919.0,2543.0,2521.0,2570.0,1093.0,1094.0,1098.0
10823.0,2552.0,2518.0,2511.0,1076.0,1074.0,1092.0
10772.0,2515.0,2555.0,2484.0,1073.0,1076.0,1069.0
10750.0,2496.0,2509.0,2519.0,1072.0,1085.0,1069.0
10946.0,2531.0,2579.0,2536.0,1089.0,1116.0,1095.0
11071.0,2609.0,2556.0,2594.0,1109.0,1106.0,1097.0
11021.0,2554.0,2562.0,2603.0,1107.0,1091.0,1104.0
10959.0,2526.0,2559.0,2581.0,1092.0,1094.0,1107.0
10867.0,2543.0,2556.0,2505.0,1083.0,1093.0,1087.0
10731.0,2513.0,2476.0,2497.0,1069.0,1081.0,1095.0
10812.0,2546.0,2501.0,2516.0,1083.0,1080.0,1086.0
10934.0,2551.0,2560.0,2542.0,1099.0,1086.0,1096.0
11107.0,2632.0,2568.0,2581.0,1118.0,1108.0,1100.0
11066.0,2554.0,2596.0,2582.0,1119.0,1114.0,1101.0
10898.0,2536.0,2528.0,2548.0,1100.0,1092.0,1094.0
10863.0,2576.0,2539.0,2514.0,1075.0,1079.0,1080.0
10834.0,2515.0,2508.0,2551.0,1078.0,1087.0,1095.0
10792.0,2494.0,2551.0,2523.0,1077.0,1059.0,1088.0
10958.0,2559.0,2579.0,2542.0,1088.0,1083.0,1107.0
11065.0,2582.0,2573.0,2592.0,1096.0,1096.0,1126.0
11048.0,2563.0,2567.0,2586.0,1112.0,1113.0,1107.0
11017.0,2570.0,2577.0,2546.0,1108.0,1118.0,1098.0
10893.0,2546.0,2539.0,2550.0,1085.0,1092.0,1081.0
10843.0,2532.0,2523.0,2543.0,1079.0,1095.0,1071.0
10797.0,2532.0,2530.0,2504.0,1070.0,1084.0,1077.0
10990.0,2578.0,2556.0,2597.0,1087.0,1080.0,1092.0
11048.0,2615.0,2573.0,2570.0,1103.0,1100.0,1087.0
11160.0,2619.0,2633.0,2564.0,1123.0,1108.0,1113.0
10978.0,2555.0,2560.0,2539.0,1117.0,1100.0,1107.0
10867.0,2542.0,2506.0,2545.0,1085.0,1093.0,1096.0
10875.0,2565.0,2514.0,2542.0,1072.0,1093.0,1089.0
10852.0,2519.0,2557.0,2529.0,1079.0,1080.0,1088.0
10992.0,2554.0,2581.0,2566.0,1089.0,1110.0,1092.0
11001.0,2565.0,2545.0,2572.0,1100.0,1111.0,1108.0
11059.0,2606.0,2587.0,2554.0,1114.0,1108.0,1090.0
10981.0,2573.0,2548.0,2560.0,1122.0,1087.0,1091.0
10946.0,2549.0,2561.0,2582.0,1082.0,1080.0,1092.0
10922.0,2543.0,2555.0,2574.0,1082.0,1078.0,1090.0
10892.0,2533.0,2556.0,2554.0,1080.0,1091.0,1078.0
10938.0,2537.0,2540.0,2555.0,1088.0,1107.0,1111.0
11073.0,2617.0,2577.0,2570.0,1094.0,1111.0,1104.0
11129.0,2595.0,2613.0,2575.0,1105.0,1111.0,1130.0
11064.0,2546.0,2604.0,2589.0,1110.0,1106.0,1109.0
10900.0,2556.0,2516.0,2564.0,1097.0,1078.0,1089.0
10843.0,2534.0,2502.0,2560.0,1092.0,1070.0,1085.0
10810.0,2507.0,2496.0,2547.0,1094.0,1086.0,1080.0
10952.0,2557.0,2602.0,2523.0,1096.0,1089.0,1085.0
11086.0,2578.0,2607.0,2571.0,1111.0,1118.0,1101.0
11097.0,2589.0,2584.0,2584.0,1108.0,1115.0,1117.0
11128.0,2603.0,2586.0,2603.0,1089.0,1114.0,1133.0
11009.0,2575.0,2543.0,2582.0,1109.0,1086.0,1114.0
10879.0,2529.0,2548.0,2550.0,1081.0,1086.0,1085.0
10908.0,2532.0,2567.0,2549.0,1080.0,1092.0,1088.0
10970.0,2579.0,2549.0,2547.0,1108.0,1101.0,1086.0
11110.0,2624.0,2599.0,2591.0,1103.0,1095.0,1098.0
11195.0,2615.0,2621.0,2618.0,1110.0,1123.0,1108.0
11070.0,2553.0,2598.0,2609.0,1110.0,1108.0,1092.0
11002.0,2586.0,2563.0,2561.0,1104.0,1099.0,1089.0
10836.0,2523.0,2533.0,2520.0,1083.0,1097.0,1080.0
10887.0,2532.0,2519.0,2548.0,1111.0,1094.0,1083.0
10920.0,2544.0,2551.0,2526.0,1110.0,1097.0,1092.0
11173.0,2621.0,2621.0,2580.0,1100.0,1117.0,1134.0
11136.0,2569.0,2604.0,2614.0,1109.0,1108.0,1132.0
11070.0,2578.0,2563.0,2608.0,1087.0,1101.0,1133.0
10972.0,2623.0,2535.0,2549.0,1090.0,1084.0,1091.0
10879.0,2513.0,2524.0,2554.0,1094.0,1098.0,1096.0
10891.0,2532.0,2556.0,2538.0,1101.0,1085.0,1079.0
11014.0,2579.0,2544.0,2575.0,1103.0,1104.0,1109.0
11169.0,2619.0,2605.0,2610.0,1111.0,1110.0,1114.0
11231.0,2615.0,2596.0,2655.0,1121.0,1120.0,1124.0
11059.0,2552.0,2585.0,2593.0,1106.0,1106.0,1117.0
10949.0,2602.0,2564.0,2519.0,1085.0,1084.0,1095.0
10916.0,2559.0,2555.0,2522.0,1093.0,1080.0,1107.0
10916.0,2544.0,2532.0,2550.0,1095.0,1100.0,1095.0
11068.0,2580.0,2571.0,2597.0,1111.0,1102.0,1107.0
11225.0,2637.0,2584.0,2626.0,1126.0,1123.0,1129.0
11170.0,2582.0,2611.0,2622.0,1118.0,1120.0,1117.0
11076.0,2593.0,2600.0,2552.0,1111.0,1118.0,1102.0
10983.0,2568.0,2549.0,2554.0,1094.0,1122.0,1096.0
10962.0,2561.0,2573.0,2541.0,1096.0,1102.0,1089.0
10946.0,2549.0,2554.0,2558.0,1086.0,1090.0,1109.0
11095.0,2593.0,2607.0,2579.0,1101.0,1096.0,1119.0
11255.0,2645.0,2585.0,2646.0,1128.0,1118.0,1133.0
11161.0,2615.0,2569.0,2604.0,1111.0,1121.0,1141.0
11077.0,2562.0,2581.0,2572.0,1123.0,1129.0,1110.0
11031.0,2600.0,2563.0,2567.0,1094.0,1108.0,1099.0
10910.0,2563.0,2550.0,2543.0,1080.0,1094.0,1080.0
10959.0,2542.0,2553.0,2572.0,1097.0,1092.0,1103.0
11011.0,2561.0,2566.0,2602.0,1100.0,1103.0,1079.0
11209.0,2628.0,2603.0,2619.0,1131.0,1110.0,1118.0
11304.0,2621.0,2656.0,2648.0,1139.0,1105.0,1135.0
11136.0,2592.0,2616.0,2577.0,1119.0,1113.0,1119.0
11039.0,2592.0,2543.0,2592.0,1101.0,1099.0,1112.0
10969.0,2581.0,2550.0,2563.0,1093.0,1082.0,1100.0
10939.0,2526.0,2569.0,2545.0,1088.0,1101.0,1110.0
11088.0,2567.0,2595.0,2606.0,1105.0,1115.0,1100.0
11203.0,2600.0,2643.0,2587.0,1134.0,1127.0,1112.0
11243.0,2618.0,2625.0,2611.0,1139.0,1122.0,1128.0
